0,1.0,0.579857,-0.122301,-0.40232,0.299726,0.109764,0.078619,0.227144,0.103811,0.479218,-0.183524,0.015762,0.300898,0.395704,0.344252,-0.182334,0.385505,0.364815,-0.053218,-0.236918,-0.157928,0.409642,0.287468,0.15975,-0.427171,-0.236113,0.118866,-0.184167,0.161464,0.577133,-0.403779,0.137657,0.353703,0.051603,-0.057699,0.215269,-0.395267,-0.180909,-0.047161,0.111384,-0.140917,-0.066426,-0.153845,0.403954,0.02009,-0.46188,0.073287,0.031298,-0.348333,-0.213858,0.012821,-0.3991,0.041098,-0.300743,0.078392,-0.38044,-0.080227,-0.158271,0.099891,0.300635,0.269849,0.005618,-0.431467,0.019277,0.270134,0.333606,0.074974,0.206862,0.288021,-0.164003,-0.375838,-0.10901,-0.271796,-0.372644,-0.284212,0.212553,-0.337415,-0.278491,-0.294227,-0.406948,-0.179351,-0.304184,-0.363632,-0.105398,-0.358973,-0.251842,-0.538856,-0.222087,-0.227576,-0.508443,-0.402537,-0.697119,-0.29735,0.018198,-0.23239,-0.432511,-0.004024,-0.321979,-0.242825,-0.424025,0.271586,-0.508276,-0.405629,-0.149635,-0.36457,-0.148455,-0.445952,-0.217439,-0.572512,-0.137548,-0.046738,0.150619,-0.404315,-0.256011,-0.645897,0.025612,-0.508276,-0.572512,-0.087343,-0.465105,-0.55179,-0.444327,-0.405204,-0.153914,-0.151471,-0.245769,-0.130908,-0.119471,-0.510347,-0.358973,-0.401211,-0.150515,-0.282632,0.156418,-0.422809,-0.272735,0.459656,-0.443196,-0.135579,-0.375622,-0.144286,-0.353553,-0.647077,-0.129788,-0.279155,-0.539213,-0.101092,0.303984,-0.518135,-0.597976,-0.341608,-0.417285,-0.297265,-0.388317,-0.533278,-0.466942,0.434088,0.605792,-0.506009,-0.214693,-0.291544,0.005369,-0.097281,-0.352446,-0.490724,0.625918,-0.466885,-0.311809,-0.069087,-0.271742,0.355467,0.132642,-0.434799,-0.532091,0.543804,-0.820085,-0.36457,0.335195,0.295196,-0.3978,0.221222,0.377039,0.013932,0.117993,0.395302,-0.195471,0.285873,-0.046142,0.000807,0.759119,-0.168142,0.497438,0.343468,0.341772,-0.163983,0.580238,0.101243,-0.609989,-0.221954,0.466371,#
1,0.579857,1.0,-0.007448,-0.183453,0.21397,-0.06271,0.292917,0.241826,0.244503,0.499278,-0.322386,-0.244815,0.456702,0.51538,0.525433,-0.321327,0.012364,0.382089,0.338805,-0.4509,0.186335,0.100345,0.302517,0.14516,-0.390428,-0.331726,0.336417,0.153105,0.491888,0.65301,-0.613409,-0.15675,0.175418,-0.075146,-0.017325,0.164333,-0.382477,-0.193592,0.189669,0.09201,-0.291762,0.053752,-0.119948,0.357642,0.088229,-0.40432,0.312158,-0.005082,-0.271424,0.301676,0.102585,-0.262889,-0.112495,0.031953,0.17317,-0.568995,-0.134746,0.193649,-0.147343,0.13494,0.160182,0.21644,-0.603505,0.171181,0.252648,0.399663,-0.240594,0.455362,0.295049,-0.299458,-0.361581,-0.16624,-0.355716,-0.512509,-0.523292,0.54464,-0.43698,-0.427594,-0.54837,-0.498744,-0.448329,-0.539994,-0.565495,0.189749,-0.4497,-0.072951,-0.450637,-0.439661,-0.392797,-0.330003,-0.493055,-0.494422,-0.588672,-0.173131,-0.320525,-0.289265,0.033458,-0.540856,-0.024793,-0.330491,0.048709,-0.665212,-0.671478,-0.361349,-0.566238,-0.319195,-0.589763,-0.040956,-0.823589,-0.182038,-0.046286,0.386675,-0.359798,-0.632655,-0.413899,-0.185085,-0.491512,-0.665581,-0.167663,-0.580905,-0.566238,-0.320508,-0.496814,-0.31668,-0.081849,-0.016206,-0.457956,-0.176765,-0.281145,-0.433091,-0.491182,-0.494852,-0.537788,0.107798,-0.526294,-0.449374,0.352858,-0.296139,0.064735,-0.443466,-0.492133,-0.044094,-0.703264,-0.117338,-0.07163,-0.41721,-0.284652,0.492795,-0.506476,-0.444298,-0.309212,-0.616487,-0.223174,-0.334476,-0.662322,-0.287633,0.443982,0.608973,-0.508691,-0.162934,-0.144459,-0.17465,0.10283,-0.106982,-0.512187,0.526067,-0.450356,-0.179177,-0.099369,-0.122807,0.332478,0.063353,-0.142675,-0.685746,0.562106,-0.445987,-0.410316,0.629099,0.639782,-0.398552,0.200061,0.422411,-0.126717,-0.013518,0.606513,-0.092585,0.357881,-0.198051,-0.167897,0.840184,0.003719,0.756765,0.456991,0.38373,-0.414291,0.19732,0.235634,-0.640693,-0.258168,0.345139,#
2,-0.122301,-0.007448,1.0,0.326017,0.292531,-0.259475,-0.132462,-0.117623,-0.285836,-0.204928,0.048095,0.268266,-0.363196,-0.173858,-0.116046,0.015715,-0.132732,-0.174421,-0.152567,-0.049279,-0.332105,-0.251671,0.132368,-0.23676,-0.206962,-0.079632,0.212214,0.04268,0.037595,-0.02988,0.079855,0.205157,-0.350681,-0.220508,0.054567,0.1161,0.206903,-0.080955,0.084886,-0.135039,-0.107874,0.170121,-0.150184,0.119707,-0.269294,-0.106326,-0.22142,0.323366,0.026633,0.146871,-0.136527,0.465096,0.197554,-0.122564,-0.121246,-0.03232,-0.31461,-0.027502,-0.489807,-0.144089,-0.070972,-0.28808,0.067035,0.070461,-0.021454,-0.060086,-0.041917,-0.064371,-0.00708,0.419609,0.239234,0.267474,-0.026732,0.008816,-0.125316,0.212382,-0.209087,-0.396565,0.009257,0.024311,0.087624,0.001353,0.018513,0.456995,-0.055496,0.306423,0.084187,0.085539,-0.204241,0.115093,0.023816,0.016579,0.093175,0.010625,0.043028,0.127634,0.107302,-0.355756,0.19107,-0.112307,-0.032863,-0.050226,-0.132353,-0.063082,0.0328,-0.19603,0.204999,0.350932,-0.151311,0.328898,0.145066,-0.268536,-0.157856,0.084513,0.457412,-0.195653,-0.056259,-0.14829,-0.063515,0.048413,0.017145,-0.138273,0.182467,0.192163,-0.133955,-0.277487,-0.223761,0.073159,0.093479,-0.199862,0.358386,-0.223679,-0.315253,-0.032871,-0.166635,0.047943,0.274384,0.293329,0.315489,0.305078,0.124016,0.400495,0.015412,-0.153082,-0.036773,0.398237,0.04489,-0.056847,0.019608,-0.04759,-0.02868,-0.097927,0.015208,-0.144945,-0.159318,-0.136096,-0.162177,0.199338,0.188616,-0.136313,-0.163571,0.044124,0.019116,-0.157938,-0.162981,-0.184238,-0.290157,-0.040755,0.219246,-0.015972,0.144758,-0.242826,0.107122,-0.003507,-0.044494,0.094712,0.023482,-0.07273,0.070987,0.028426,0.169305,-0.369594,-0.124197,0.319889,0.069555,-0.171215,-0.317766,-0.14119,-0.07486,-0.007642,0.197159,0.214244,-0.114704,0.142485,0.130897,-0.334111,0.219513,-0.081371,0.03031,0.011005,#
3,-0.40232,-0.183453,0.326017,1.0,-0.23315,-0.295233,-0.409119,-0.420502,-0.451915,-0.260898,-0.029859,-0.200896,-0.259699,-0.171497,-0.286951,-0.264827,-0.149727,-0.140472,-0.109209,0.216706,0.175635,-0.442367,-0.077521,-0.186792,0.202179,0.10301,-0.104791,0.279222,-0.112512,-0.197987,0.5645,-0.125555,-0.562845,-0.091672,-0.011607,-0.379239,0.35375,0.322709,0.202883,-0.090046,0.069925,0.163361,-0.058751,-0.233859,-0.187318,0.188624,-0.025178,-0.098287,0.455893,-0.157792,0.035295,0.675007,0.073384,-0.052931,0.117697,0.12437,0.061629,-0.076204,-0.150511,0.248456,-0.083523,-0.032942,0.191947,-0.016027,-0.095482,-0.164884,0.104366,0.108748,-0.020166,0.151258,0.285151,0.291561,0.262113,0.116648,0.294674,-0.410765,0.327004,0.058831,0.45168,0.187573,0.124671,0.599606,0.300029,0.300825,0.141383,-0.140227,0.146109,0.388844,0.195011,0.309868,0.375461,0.461944,0.616191,-0.0797,0.561954,0.222459,-0.022203,-0.132065,0.218388,0.25598,0.076609,0.11679,0.184764,-0.075328,0.343268,0.507985,0.205427,0.374041,0.376276,0.305631,-0.144791,-0.137349,0.380239,0.370265,0.229262,0.138857,0.486375,0.184801,0.051316,0.025519,0.329482,0.26263,0.360318,0.307571,-0.029162,0.026078,0.119014,0.046709,0.450718,0.145462,0.566441,0.098742,0.250987,0.232742,0.188022,0.440449,-0.110399,0.42179,0.41017,0.355556,0.485674,0.285032,0.284081,-0.131592,0.470779,0.563041,0.293909,-0.118956,0.315563,0.240778,0.32519,0.366689,0.284942,0.1612,0.103901,0.047191,-0.279996,-0.165924,0.471724,0.172291,-0.347423,0.177227,-0.103762,-0.029706,0.253651,-0.277803,-0.105783,-0.002618,0.075168,0.262366,-0.185822,-0.122232,0.442803,0.12394,-0.372962,0.142731,0.343268,-0.119721,-0.280699,0.125716,-0.216143,-0.216858,-0.202029,-0.147031,-0.189993,-0.048225,-0.091596,0.229827,0.214157,-0.208584,0.181546,-0.145806,-0.363825,0.009726,-0.029726,-0.148346,-0.347841,0.344836,0.16239,-0.175537,#
4,0.299726,0.21397,0.292531,-0.23315,1.0,-0.049527,0.237357,-0.055416,0.084846,0.001253,0.132481,0.375481,0.053621,-0.207484,0.445722,-0.045404,0.331156,0.343339,0.037797,-0.130104,-0.076546,-0.142909,-0.099629,-0.328507,-0.326318,-0.494229,-0.030008,-0.086557,0.347254,0.038026,-0.325533,-0.240387,0.104976,-0.184123,-0.050871,0.352693,-0.204582,-0.406018,-0.240902,0.285351,-0.219832,0.044436,-0.230805,0.194625,-0.227817,-0.292054,0.049527,0.196021,-0.033756,0.249202,0.16587,-0.048659,0.033742,-0.220102,-0.136528,-0.292366,-0.503831,-0.212114,-0.095468,-0.336942,-0.114956,0.118324,-0.040194,0.074922,0.083423,0.283315,0.219146,-0.130476,-0.048158,0.154664,-0.335468,-0.022895,-0.205619,-0.038128,-0.05323,0.471612,-0.140768,-0.626731,-0.230409,-0.695456,-0.132204,-0.380039,-0.369248,-0.132633,-0.135982,0.000426,-0.140595,-0.325513,-0.314852,-0.133098,-0.028927,-0.400853,-0.129543,-0.21739,-0.366227,0.049368,0.040217,-0.268816,-0.213761,-0.205573,0.030694,-0.29912,-0.375708,-0.148833,-0.221623,-0.299342,-0.445727,-0.081533,-0.388268,0.239081,0.065129,-0.282728,-0.550719,-0.297055,-0.105795,-0.316554,-0.472932,-0.204469,-0.304324,-0.178867,-0.543534,0.019187,-0.353373,-0.094101,-0.152052,-0.365225,-0.180529,-0.029154,-0.229075,-0.268484,-0.033871,-0.45395,-0.379081,-0.282505,-0.225654,-0.394908,0.312103,-0.122297,-0.28592,0.058126,-0.132718,-0.270028,-0.07441,-0.264949,-0.111948,-0.099104,-0.072045,0.191921,-0.209949,-0.295555,-0.198509,-0.326578,-0.371477,-0.256701,-0.377018,-0.229663,0.345036,0.561481,-0.2326,-0.25181,-0.108289,-0.088031,-0.165457,-0.016442,-0.608056,0.211535,-0.065196,0.099071,0.246244,0.018439,0.350012,0.157108,-0.145204,-0.055355,0.232119,-0.163297,-0.53728,-0.070677,0.469336,-0.09014,0.403986,0.054288,0.468294,0.277004,0.285274,-0.441355,0.216959,0.105817,-0.205691,0.213481,-0.050093,0.435886,-0.009539,0.206232,-0.064818,-0.095879,0.172592,-0.357061,-0.484216,0.48445,#
5,0.109764,-0.06271,-0.259475,-0.295233,-0.049527,1.0,0.079231,0.28029,0.323085,-0.002313,0.083823,0.166547,0.251325,0.210205,-0.032909,-0.086135,0.035692,0.327974,-0.406701,0.445774,-0.101183,0.497264,0.232071,-0.123973,0.191175,-0.169263,0.160082,-0.048706,-0.131105,-0.088166,-0.392062,0.250596,-0.15413,-0.024985,-0.105465,-0.093486,-0.405017,0.027368,-0.117257,-0.393116,0.108015,0.235292,0.31746,0.104151,0.318649,-0.303715,0.258965,0.120071,-0.249769,-0.157565,0.028916,-0.138336,0.204515,0.035213,-0.254129,-0.166776,0.142579,-0.314425,0.39914,-0.160448,-0.042636,-0.086711,-0.083804,0.060977,-0.028456,0.046476,-0.263881,-0.105647,-0.041285,0.092073,0.157182,0.228079,-0.326739,0.159924,-0.139883,0.184054,-0.032042,0.203384,-0.134163,-0.070642,0.330589,-0.296654,-0.011752,-0.374539,0.13362,0.206681,-0.180139,-0.090994,0.349158,-0.287584,0.084325,0.201409,0.025727,0.347963,0.09135,0.259592,0.169599,0.219565,-0.247201,-0.246317,-0.026693,0.061194,0.260626,0.075641,-0.008728,-0.112149,0.057573,-0.482177,-0.08914,-0.091496,0.070342,0.127552,-0.099344,-0.229577,-0.115389,-0.100777,-0.45439,0.247346,-0.217836,0.06532,-0.008349,-0.323139,0.255868,-0.22764,0.052242,0.269465,-0.024238,0.068726,0.220861,0.310379,-0.086219,0.227809,-0.137033,-0.213259,-0.076052,-0.05944,-0.220041,-0.232211,-0.158416,-0.061437,0.059809,-0.377204,-0.120506,-0.159313,-0.143059,0.061095,-0.231208,-0.157334,-0.034651,-0.232465,-0.171671,-0.101743,-0.117113,-0.107401,0.142879,0.127934,0.22793,0.046163,0.018683,-0.101167,-0.123291,-0.104339,0.220578,0.028539,0.022071,0.305758,0.296353,0.104554,-0.162003,-0.116713,-0.076531,0.207165,-0.402805,0.137794,0.030707,-0.26598,-0.001897,0.083914,0.138481,-0.069601,0.256195,0.194669,-0.089737,-0.229959,-0.245696,-0.12694,0.305122,0.090264,-0.257023,-0.071758,-0.017617,-0.133652,0.047483,-0.151203,0.03859,0.075056,0.059469,0.15576,0.181851,0.15155,#
6,0.078619,0.292917,-0.132462,-0.409119,0.237357,0.079231,1.0,0.257866,0.735741,0.182504,-0.097416,-0.07063,0.459969,0.017639,0.507941,-0.276535,-0.11338,0.116739,0.078146,-0.055592,0.096084,0.113513,-0.043748,-0.005706,-0.028712,-0.394084,0.046151,-0.109206,0.19336,0.136772,-0.568142,-0.277715,0.278884,-0.025655,-0.406135,0.116699,-0.135811,-0.264255,0.04694,0.049697,0.064813,0.292963,-0.132148,0.000447,-0.07068,-0.170346,0.366599,0.238099,-0.05986,0.265575,-0.102353,-0.45494,-0.147583,-0.199142,-0.301612,0.090578,0.16617,0.069886,-0.006859,0.185361,-0.076262,0.050455,-0.230623,0.128128,0.373177,0.438547,0.175484,-0.068726,0.126969,-0.257068,0.0002,-0.05566,-0.24023,-0.309685,-0.46417,0.552573,0.099847,-0.215916,-0.154757,-0.117997,-0.059679,-0.45495,-0.282163,-0.056246,-0.398323,0.466969,-0.073423,-0.098461,-0.202484,-0.374066,-0.472847,-0.356374,-0.568574,0.187149,-0.130209,-0.365962,0.096208,0.188818,0.00508,0.032421,0.054996,-0.189466,0.029472,0.123056,-0.135267,-0.360639,-0.040066,-0.161175,-0.294538,-0.509615,0.23636,0.322892,-0.312051,-0.5226,0.11911,-0.04875,-0.363408,-0.301254,-0.221745,-0.257538,-0.285114,-0.240646,-0.462895,-0.313524,-0.116639,0.203496,-0.023464,0.330614,-0.217963,-0.044596,-0.479227,-0.673672,-0.461487,0.012802,-0.298473,-0.292087,-0.049194,-0.058157,-0.042768,-0.330611,-0.371372,-0.172886,-0.284721,-0.237959,-0.067678,-0.297641,-0.311095,0.636927,0.009558,-0.355987,0.047635,-0.251716,-0.140899,-0.306121,-0.316501,0.21433,0.506726,0.393645,-0.187458,-0.469884,0.549081,0.038441,0.490825,0.024731,0.211918,0.469577,0.053134,-0.138131,-0.330235,-0.249658,0.130194,0.035704,-0.064739,-0.170346,-0.017335,0.087861,-0.122381,0.30083,0.698515,0.000257,0.192427,0.291247,0.073784,-0.138532,0.363122,0.116211,0.463211,-0.003667,-0.561173,0.15115,0.171748,0.382012,0.080101,-0.047069,-0.095341,-0.100433,0.031268,-0.100875,-0.001943,-0.228618,#
7,0.227144,0.241826,-0.117623,-0.420502,-0.055416,0.28029,0.257866,1.0,0.466686,-0.107758,-0.157763,-0.148688,0.108041,0.41541,0.16989,0.039057,0.140191,-0.012042,-0.303666,-0.073511,0.022551,0.425413,0.146574,0.365276,-0.04992,-0.15573,0.316299,0.079029,0.187787,-0.131465,-0.402943,0.161743,0.146082,-0.132422,-0.163363,0.043626,-0.169048,-0.477879,0.392945,-0.074231,-0.095779,0.086062,-0.119444,0.239753,0.031966,0.114593,0.003962,0.132729,-0.152503,0.275022,0.013924,-0.393914,0.108216,0.322092,-0.350796,0.002545,0.099646,0.134234,0.320883,0.072444,0.115911,0.03934,-0.365337,0.310277,0.081427,0.212375,-0.117872,0.220549,0.377341,-0.202246,-0.127535,0.280009,-0.271828,0.218748,-0.291757,0.461746,0.001282,0.096473,-0.478703,-0.021679,-0.166082,-0.123591,-0.011919,-0.229455,-0.160949,0.141713,0.018867,-0.205019,-0.059162,-0.508502,-0.411106,-0.270814,-0.284076,0.241164,-0.212474,-0.063806,0.190115,-0.049833,-0.038487,-0.234325,-0.023749,-0.14184,0.151737,0.034097,-0.014759,-0.508404,-0.056361,-0.196675,-0.38081,-0.470983,0.044182,0.178535,-0.395077,-0.066436,-0.059451,0.206156,-0.314308,-0.225245,-0.410239,0.291548,-0.007656,-0.281624,-0.033699,-0.465411,0.205599,-0.037627,-0.133911,-0.014096,-0.127301,-0.00135,-0.566641,-0.127467,-0.121696,-0.182223,0.131084,-0.094071,0.179579,-0.067828,-0.084751,-0.36543,-0.508633,0.138015,-0.269298,0.10506,-0.300412,-0.249014,-0.466809,0.07065,-0.164613,-0.227144,-0.122776,-0.023072,-0.295309,-0.201481,0.050672,0.082772,0.361664,-0.00839,-0.268107,-0.017183,0.201028,0.015584,0.1496,-0.179964,0.135338,0.318316,0.079239,-0.232654,-0.354852,-0.271774,-0.111923,0.053156,-0.597911,-0.340145,0.064234,-0.140723,-0.007656,-0.036539,0.345677,-0.083231,0.085113,0.236128,0.221422,0.167876,0.100081,0.154744,0.1423,-0.419366,-0.018539,0.087839,0.037195,0.200498,0.211306,-0.306521,-0.170787,0.338777,0.17466,-0.341996,-0.132807,0.200159,#
8,0.103811,0.244503,-0.285836,-0.451915,0.084846,0.323085,0.735741,0.466686,1.0,0.183662,-0.275277,-0.18807,0.570487,0.209661,0.27933,-0.274177,-0.152897,0.144682,0.035904,0.10286,0.117565,0.313388,0.052714,0.214844,0.191495,-0.3472,0.285537,-0.233204,0.226378,0.081008,-0.557307,-0.230852,0.245242,-0.211529,-0.48669,0.056504,-0.048983,-0.206718,0.061854,-0.029933,0.307012,0.189961,-0.182971,0.026511,0.127831,-0.240066,0.343743,0.228619,-0.126927,0.227448,0.028138,-0.326934,0.063638,0.127221,-0.44949,-0.14621,0.189986,-0.060625,0.231881,0.082902,0.175858,-0.094488,-0.298664,0.353891,0.41653,0.445598,0.0058,0.207051,0.335287,-0.344702,0.11938,-0.022669,-0.326826,-0.024077,-0.298212,0.376782,0.149136,0.037877,-0.143396,-0.210982,0.145218,-0.452908,-0.167466,-0.225648,-0.346739,0.363131,-0.028199,-0.119461,0.012297,-0.44622,-0.414628,-0.160835,-0.488944,0.320595,-0.0639,-0.067747,0.299934,0.228084,0.072988,0.10365,-0.027627,0.067739,0.103213,0.224808,-0.00873,-0.266309,-0.121231,-0.311375,-0.229564,-0.447562,0.382036,0.427892,-0.092006,-0.385015,0.044398,-0.114542,-0.268267,-0.073008,-0.227123,-0.101814,-0.16322,-0.253373,-0.239078,-0.422417,0.018884,0.292846,-0.024244,0.232691,-0.316956,0.154658,-0.587251,-0.43147,-0.296107,-0.119603,-0.072951,-0.226798,0.04402,-0.06959,-0.106321,-0.295111,-0.279182,-0.28954,-0.275973,-0.20826,-0.136396,-0.20469,-0.409137,0.334314,-0.031414,-0.369021,0.167122,-0.279188,0.028622,-0.287184,-0.193953,0.134661,0.487595,0.323226,0.012077,-0.283738,0.458783,0.059346,0.220637,0.118586,0.233096,0.482948,0.296432,0.015273,-0.513043,-0.32676,-0.257382,0.026748,-0.073284,-0.044401,0.024386,0.139773,-0.001898,0.075447,0.627206,-0.170021,0.137591,0.205452,0.11016,-0.225007,0.069423,0.261907,0.481393,-0.102682,-0.456197,0.094694,0.309341,0.033951,0.047496,-0.334969,0.010772,0.057103,0.047972,-0.233939,0.066792,-0.095555,#
9,0.479218,0.499278,-0.204928,-0.260898,0.001253,-0.002313,0.182504,-0.107758,0.183662,1.0,-0.137125,-0.279872,0.433201,0.343236,0.089706,-0.135882,-0.051037,0.125094,0.260479,-0.357678,-0.189307,0.131523,0.427102,0.028304,-0.384793,-0.154447,0.277456,-0.257226,0.118618,0.692145,-0.15913,-0.09161,0.148108,0.127937,-0.154447,0.091335,-0.236159,-0.095861,-0.16809,-0.029257,-0.100282,0.050909,0.212304,0.279013,0.110636,-0.727328,0.216405,-0.093864,-0.647526,-0.24825,-0.084207,-0.252627,0.122693,-0.351123,0.036229,-0.472006,-0.138762,0.045057,-0.151663,-0.041891,0.262264,-0.156825,-0.425043,0.037587,0.008462,0.28642,-0.141636,0.129132,0.125922,-0.230273,-0.334642,-0.342452,-0.244833,-0.815608,-0.204146,0.201797,-0.251928,-0.359219,-0.236818,-0.10944,-0.284925,-0.40101,-0.31565,0.211672,-0.089892,-0.209573,-0.270854,-0.51397,-0.192378,-0.254516,-0.300858,-0.327445,-0.557344,-0.239939,-0.102736,-0.341011,-0.086095,0.051894,-0.116062,-0.096041,-0.126376,-0.457853,-0.309325,-0.106188,-0.316559,-0.071968,-0.372383,-0.088267,-0.302304,-0.199138,0.02767,0.560326,-0.132736,-0.356966,-0.356224,-0.073799,-0.256784,-0.302304,0.172757,-0.732081,-0.49705,-0.358398,-0.30375,-0.265735,-0.298916,0.263852,-0.104067,-0.288611,-0.243088,-0.070666,-0.299411,-0.275258,-0.402175,0.023057,-0.685601,-0.233393,0.13062,-0.157875,0.126704,-0.440865,-0.272195,-0.243517,-0.416652,-0.314517,-0.146869,-0.366871,0.145534,0.444349,-0.411274,-0.147039,-0.409061,-0.694963,-0.04106,-0.349794,-0.209886,-0.420619,0.178226,0.491297,-0.135849,-0.349303,-0.159497,0.036232,-0.020329,-0.138606,-0.330906,0.192411,-0.420567,-0.079202,0.024323,0.024741,0.108268,0.053978,0.021661,-0.236905,0.473282,-0.421859,-0.316559,0.428328,0.237763,0.093242,0.134408,0.118381,-0.334347,-0.136425,0.328377,0.19324,0.375215,-0.33159,0.05958,0.666825,-0.027076,0.247404,0.077075,0.469373,0.051221,0.221976,0.059147,-0.447098,0.022592,-0.24391,#
10,-0.183524,-0.322386,0.048095,-0.029859,0.132481,0.083823,-0.097416,-0.157763,-0.275277,-0.137125,1.0,0.213897,-0.44577,-0.279013,-0.203274,0.388764,0.145176,0.017107,-0.050841,-0.234749,-0.185915,0.014238,-0.057749,-0.212395,0.096349,0.195243,-0.060697,-0.025495,-0.218095,-0.321085,0.068501,0.081033,-0.078874,0.074461,0.203205,0.26445,-0.041766,0.32945,-0.137953,-0.083478,-0.11607,-0.071973,0.051984,-0.075356,-0.185657,0.051464,-0.130377,-0.20922,0.05,0.043221,-0.091681,-0.094117,-0.033303,-0.349805,-0.193413,0.171771,-0.194005,0.228233,-0.087965,-0.097066,-0.300133,0.008833,0.165086,-0.339925,-0.240449,-0.536857,-0.171324,-0.392157,-0.333145,0.207847,-0.126681,-0.074843,-0.021311,0.23437,0.22882,0.097664,0.053443,0.088863,0.026746,-0.057445,-0.209647,0.053052,0.14546,-0.078815,0.218027,-0.094924,-0.007798,-0.014384,-0.043051,-0.011888,-0.081353,-0.088214,0.283135,-0.28804,0.137245,0.273431,-0.302441,0.32934,-0.043717,-0.075945,0.127276,-0.017567,0.130275,-0.190618,-0.03288,-0.199915,0.04616,-0.303351,0.3113,0.24208,-0.394971,-0.181824,0.133743,-0.083587,0.104307,-0.099475,0.008853,-0.083942,-0.126724,0.306168,0.141797,-0.00539,-0.060154,0.055582,-0.484347,-0.224489,-0.201911,0.095071,0.072779,-0.152817,0.319703,0.067757,0.049968,-0.002085,0.140539,0.259091,-0.18133,0.109714,-0.179165,0.085576,-0.008997,-0.213816,0.415152,-0.315563,-0.322799,-0.032582,0.038926,-0.208473,-0.190085,0.265101,0.060723,0.192758,-0.335908,-0.181946,0.02921,-0.281386,-0.285461,-0.185239,-0.08509,-0.038252,0.005917,0.1925,0.286099,-0.138323,-0.078863,-0.229369,-0.0875,0.247516,0.494025,-0.032327,0.048523,0.009914,-0.235873,0.004468,-0.325074,0.077878,-0.03288,-0.097233,-0.186512,0.186732,0.332104,-0.176649,0.010533,-0.007049,-0.278672,-0.256888,-0.22289,-0.010564,0.080925,-0.328315,-0.350529,-0.191409,-0.180498,-0.145816,-0.026831,-0.307482,0.212859,0.281699,0.059989,-0.035393,#
11,0.015762,-0.244815,0.268266,-0.200896,0.375481,0.166547,-0.07063,-0.148688,-0.18807,-0.279872,0.213897,1.0,-0.332892,-0.159893,-0.061238,0.20479,0.044871,0.050925,-0.396076,0.211028,-0.525332,0.136482,0.002876,-0.293352,0.089641,0.023714,-0.056824,-0.197318,-0.136993,-0.274365,-0.166432,0.090034,0.0331,0.282067,0.337852,0.213031,-0.362976,-0.099214,-0.330771,0.15345,0.015682,0.030919,0.044713,-0.267903,0.023368,-0.110046,-0.265174,0.128427,-0.004379,0.222281,-0.055912,-0.004155,-0.209484,-0.052683,0.136624,-0.039802,-0.279556,0.030363,0.16386,-0.066392,-0.046546,0.018606,0.054592,-0.423128,0.073607,-0.139383,-0.075292,-0.174487,-0.139244,0.491451,0.139364,-0.057186,0.142829,0.260461,-0.233657,0.075312,-0.159836,-0.335394,0.074588,-0.085843,0.340298,-0.078287,-0.046003,-0.299657,0.140355,0.087321,-0.01086,-0.033555,0.073538,0.033789,0.077842,-0.139882,0.152712,0.079776,-0.08382,0.038057,-0.128729,0.021119,-0.267233,-0.080223,0.030227,0.216262,-0.080849,0.063703,-0.210395,-0.114499,0.185335,-0.073514,0.066129,0.385483,-0.076216,-0.331823,-0.273785,0.015803,0.113801,-0.271484,-0.138484,0.07563,0.012919,0.298218,0.10876,-0.140776,0.082902,0.294022,0.008444,-0.083293,-0.069316,0.09006,0.180209,0.021506,0.073945,0.219677,-0.235888,-0.171399,0.080943,-0.189458,0.274665,-0.135017,-0.06439,-0.076484,0.21673,0.076677,0.106899,-0.077191,-0.337684,0.139395,-0.048142,-0.167157,-0.105463,0.015149,0.025939,-0.033209,-0.226531,0.164647,-0.110679,0.147831,-0.098743,-0.054664,0.033097,0.004668,0.029098,-0.360994,-0.074941,0.065204,-0.323688,-0.121369,0.154596,0.346988,0.097393,0.131214,0.217375,0.13361,-0.006746,0.218946,-0.144231,-0.084855,-0.350283,-0.166701,-0.056608,-0.04532,0.065848,-0.139965,0.001344,0.397487,-0.047121,-0.419965,-0.269927,0.081767,-0.154012,-0.26359,-0.432459,-0.041407,0.131902,0.023165,0.154767,-0.162357,0.436057,0.131784,-0.085168,0.202224,#
12,0.300898,0.456702,-0.363196,-0.259699,0.053621,0.251325,0.459969,0.108041,0.570487,0.433201,-0.44577,-0.332892,1.0,0.542554,0.254119,-0.269607,-0.236854,0.369587,0.171506,0.060995,0.272704,0.340448,0.321034,0.158844,-0.036442,-0.334776,0.276823,-0.140331,0.355749,0.458737,-0.442335,-0.074508,0.365365,-0.162602,-0.143158,-0.059849,0.038582,-0.084547,-0.109419,-0.294977,0.175859,0.241841,0.207269,0.1938,0.150824,-0.497446,0.582737,0.217799,-0.311732,-0.014891,0.268198,-0.199817,0.169544,-0.010585,-0.16936,-0.129369,0.29139,-0.262731,0.113052,0.051094,0.447272,0.080263,-0.08453,0.221995,0.413886,0.582984,-0.16299,0.417354,0.367246,-0.23709,-0.034605,-0.024476,-0.139215,-0.325756,-0.23376,0.228185,-0.012029,-0.05159,-0.252308,-0.260316,-0.008449,-0.562895,-0.361633,-0.095783,-0.184466,0.141725,-0.175693,-0.122718,0.136585,-0.412706,-0.267603,-0.026536,-0.564316,0.186418,-0.267477,-0.117503,0.487424,-0.055306,-0.122427,-0.085674,-0.144922,-0.073413,-0.107037,0.078417,-0.032465,-0.064046,-0.194607,-0.290403,-0.443107,-0.337483,0.35349,0.259047,-0.135764,-0.45088,-0.261273,-0.080907,-0.410716,-0.105232,0.028243,-0.511919,-0.349497,-0.309954,-0.098001,-0.338779,-0.01832,0.406497,0.021913,0.12508,-0.111485,0.175112,-0.447262,-0.233776,-0.407805,-0.126786,-0.444253,-0.154312,-0.125845,-0.288241,0.137499,-0.194398,-0.245561,-0.331789,-0.400857,-0.176543,0.135339,-0.200269,-0.147982,0.350518,0.012728,-0.428153,-0.114991,-0.476085,0.256288,-0.284726,-0.326008,0.030673,0.648576,0.5382,-0.037539,-0.275107,0.194292,-0.119116,0.153993,0.285909,-0.033057,0.591403,0.200787,0.08158,-0.355876,-0.127798,-0.043619,0.196301,0.037819,-0.173467,0.388008,-0.183951,-0.019129,0.429015,0.60498,-0.139592,0.187846,0.232636,-0.058524,-0.256255,0.309224,0.215019,0.587077,0.042082,-0.546289,0.481459,0.372432,0.195857,0.05584,0.021944,0.20681,0.198405,-0.013195,-0.180922,0.260616,-0.075673,#
13,0.395704,0.51538,-0.173858,-0.171497,-0.207484,0.210205,0.017639,0.41541,0.209661,0.343236,-0.279013,-0.159893,0.542554,1.0,0.001896,-0.018826,-0.154841,0.263755,-0.014475,-0.054626,0.130865,0.615493,0.74734,0.400149,-0.273284,-0.107709,0.503326,0.034731,0.165595,0.306443,-0.355662,0.14511,0.282741,0.093862,0.108066,0.108035,-0.108509,-0.142419,0.179475,-0.318679,-0.2445,0.154778,0.40133,0.302741,0.009421,-0.376687,0.223781,0.117469,-0.335135,0.074059,0.425685,-0.131981,0.116502,0.213564,-0.024426,-0.12584,0.178409,0.087306,0.199961,0.178013,0.635255,-0.05199,-0.276569,0.002212,0.380791,0.233177,-0.555249,0.678514,0.445408,-0.122236,-0.054978,-0.070089,-0.030647,-0.204909,-0.380976,0.254081,-0.153302,-0.060966,-0.434344,-0.042467,-0.181919,-0.34689,-0.257177,0.028079,0.012864,-0.071804,-0.112409,-0.186946,0.109267,-0.503308,-0.44602,-0.110995,-0.454706,0.186198,-0.283074,-0.230329,0.233578,-0.137382,-0.117123,-0.291812,-0.055459,-0.174868,-0.104998,-0.308518,-0.114652,-0.289844,-0.023122,-0.374661,-0.484707,-0.154678,0.095233,0.215776,-0.136057,-0.202934,-0.290788,-0.085427,-0.292072,-0.31556,-0.045315,-0.193119,-0.114223,-0.509019,0.086708,-0.385735,0.129164,0.262406,-0.333408,-0.127555,-0.059161,0.024519,-0.486816,0.091662,-0.349108,-0.113503,-0.302255,-0.203588,0.176867,-0.420294,0.183459,-0.326062,-0.366689,-0.031619,-0.568358,-0.06046,-0.198301,-0.161547,-0.177028,0.023766,-0.235984,-0.351592,-0.234474,-0.388838,-0.037693,-0.286198,-0.341234,0.0154,0.289879,0.290047,-0.12219,-0.273569,-0.043383,-0.265317,-0.059333,0.191951,-0.1148,0.364938,-0.027186,0.02144,-0.237662,-0.018923,-0.062356,0.096958,-0.088107,-0.445653,0.347834,-0.316602,-0.099634,0.35823,0.318462,-0.223675,0.100709,-0.024146,-0.22169,0.160828,0.2777,0.269627,0.175962,-0.328235,-0.154254,0.534337,0.018074,0.187434,0.220564,0.115688,0.132424,0.314438,0.342507,-0.311949,0.175374,0.054808,#
14,0.344252,0.525433,-0.116046,-0.286951,0.445722,-0.032909,0.507941,0.16989,0.27933,0.089706,-0.203274,-0.061238,0.254119,0.001896,1.0,-0.19999,0.210939,0.061938,0.230249,-0.206366,0.177628,-0.176674,-0.066422,0.047554,-0.501843,-0.299576,0.007068,0.408109,0.505404,0.164693,-0.568817,-0.170985,0.181477,-0.121231,-0.109851,0.327554,-0.340507,-0.149645,0.124933,0.280696,-0.422617,0.148484,-0.17438,0.437124,0.190458,-0.088183,0.229259,-0.150865,0.004342,0.350924,-0.008169,-0.181069,-0.12174,0.106941,-0.036388,-0.286107,-0.112101,-0.076993,0.059603,0.041171,-0.225431,0.324728,-0.370171,0.154112,0.206787,0.315244,0.083628,-0.034274,-0.112941,-0.456462,-0.411803,-0.34465,-0.092693,-0.220955,-0.478576,0.474956,-0.08057,-0.45141,-0.323684,-0.333656,-0.415247,-0.31543,-0.435974,0.118917,-0.425459,-0.000544,-0.272076,-0.364455,-0.311381,-0.354984,-0.180294,-0.471693,-0.287286,-0.231874,-0.326341,-0.36315,-0.256422,-0.117108,-0.36585,-0.343338,0.451041,-0.497336,-0.345506,-0.192248,-0.277862,-0.158675,-0.435333,-0.150635,-0.512568,-0.1831,-0.262214,0.277051,-0.352136,-0.371996,-0.451415,-0.014005,-0.336642,-0.519369,-0.563938,-0.329649,-0.604122,-0.073669,-0.670226,-0.101339,0.159575,-0.341811,-0.323137,-0.143737,-0.268149,-0.402202,-0.518036,-0.493941,-0.315882,0.002244,-0.361141,-0.413238,0.242997,-0.381322,-0.180055,-0.249007,-0.501477,-0.367774,-0.471215,0.112552,0.057698,-0.333029,-0.266996,0.267257,-0.413737,-0.37378,-0.187071,-0.364308,-0.484169,-0.052183,-0.405612,-0.091049,0.312759,0.466579,-0.483989,-0.041365,0.187862,-0.066723,0.011607,-0.127283,-0.279263,0.313406,-0.080187,-0.089696,0.022373,-0.326807,0.676728,0.255088,-0.218975,-0.426495,0.466298,-0.257414,-0.439314,0.436485,0.504677,-0.154118,0.054147,0.453245,0.509622,-0.00453,0.532758,-0.255996,0.145252,0.13904,-0.194007,0.36409,-0.066317,0.576722,0.280774,0.438537,-0.431638,0.004479,-0.074644,-0.235117,-0.362556,0.382528,#
15,-0.182334,-0.321327,0.015715,-0.264827,-0.045404,-0.086135,-0.276535,0.039057,-0.274177,-0.135882,0.388764,0.20479,-0.269607,-0.018826,-0.19999,1.0,-0.075769,-0.353087,0.139844,-0.225562,-0.381985,0.241826,-0.053186,0.164586,-0.098517,0.056316,0.115401,-0.022926,-0.017973,-0.320017,0.108254,0.31021,-0.077506,0.288658,0.064326,0.439885,0.201438,0.156346,0.07426,0.094411,-0.130101,-0.475143,0.287672,-0.063953,-0.184481,0.106324,-0.45806,-0.005486,-0.130162,0.025949,0.174377,0.030019,-0.031031,0.092685,-0.161772,0.284518,0.056003,-0.029182,0.125654,-0.386713,-0.041022,0.230752,0.30531,-0.381216,-0.220737,-0.534382,-0.342489,-0.13227,0.052885,0.276189,0.073054,-0.231334,0.209664,0.244865,0.050983,-0.076572,-0.114841,0.086662,-0.161446,0.135618,-0.018091,0.049829,0.337132,-0.083061,0.411136,-0.081413,0.182547,-0.221476,-0.029303,0.170979,0.112434,0.133851,0.089972,-0.083027,-0.052585,0.289349,-0.112379,0.341926,-0.047025,-0.266741,0.114329,0.174019,0.139089,0.00208,0.332432,-0.198111,0.054881,-0.032257,0.124782,0.050653,-0.202457,-0.181837,0.131598,0.290222,0.037428,-0.104639,0.189706,0.109068,0.054093,0.316483,0.138607,0.066311,0.132254,-0.138185,-0.108543,-0.030453,0.004515,-0.059589,0.163632,-0.146116,0.131673,0.248967,0.230684,-0.004728,0.13838,0.065947,-0.181343,0.099155,-0.166158,0.097778,-0.013577,0.061026,0.054054,0.238701,-0.308651,-0.087247,-0.149114,-0.554877,-0.182173,0.08991,-0.228758,-0.013557,-0.165681,0.210884,0.233466,0.103031,-0.278841,-0.335715,-0.075042,0.16267,0.229543,-0.009637,-0.116078,0.120352,-0.068756,-0.417982,0.288041,0.164574,0.134891,-0.030911,-0.131187,-0.247144,-0.241072,0.013558,-0.119343,0.090001,-0.037128,-0.080748,-0.374251,0.089039,-0.010148,-0.319528,0.025926,0.009367,-0.452916,-0.030233,-0.408758,-0.384408,0.079314,-0.314898,-0.335812,-0.369266,0.020393,-0.138012,0.202195,-0.069761,0.21208,0.295063,0.073074,-0.034001,#
16,0.385505,0.012364,-0.132732,-0.149727,0.331156,0.035692,-0.11338,0.140191,-0.152897,-0.051037,0.145176,0.044871,-0.236854,-0.154841,0.210939,-0.075769,1.0,0.168444,-0.083069,-0.279625,-0.057336,-0.13674,-0.247263,-0.111713,-0.342724,0.109547,-0.425641,0.004205,-0.166875,0.032229,-0.121978,-0.035507,0.022055,-0.280757,-0.047659,0.207176,-0.065997,-0.271222,-0.105076,0.273522,-0.214524,-0.396278,-0.297795,0.428568,-0.093386,0.108239,-0.175363,-0.303064,0.109703,-0.326456,-0.068031,-0.148533,-0.001803,-0.230395,0.262227,-0.188704,-0.47771,-0.019393,-0.025395,-0.084047,-0.23696,0.120851,-0.073983,0.087691,-0.000541,-0.056946,0.361639,-0.302477,-0.034545,-0.156169,-0.558406,-0.031328,0.043449,0.086217,0.074655,0.109721,0.025104,-0.043774,-0.124616,-0.214694,-0.361423,0.046283,-0.049142,-0.287719,-0.160997,-0.342508,-0.371408,-0.143992,-0.129964,-0.203585,-0.010236,-0.425577,0.132918,-0.300954,-0.210161,-0.281278,-0.165631,-0.192211,-0.409726,-0.214423,0.190421,-0.407795,-0.213187,-0.007097,-0.243119,-0.204734,-0.241969,-0.14744,-0.012556,0.069075,-0.066054,-0.147255,-0.203838,-0.109091,-0.454151,0.186769,-0.407795,-0.207035,-0.276997,0.146202,-0.442707,0.109009,-0.410027,-0.166974,0.022522,-0.406218,-0.047266,-0.262822,-0.403493,-0.16872,-0.007898,-0.003965,0.077347,-0.148152,-0.031001,0.031477,0.237358,-0.285805,-0.651634,-0.013401,-0.202435,-0.203823,-0.126227,-0.124414,-0.056275,-0.172177,0.0341,0.118159,-0.100291,-0.094063,-0.294401,0.271816,-0.320024,-0.089158,-0.097603,-0.374632,0.167716,0.177956,-0.432832,0.106341,-0.193129,0.128296,-0.12839,-0.427937,-0.20207,0.109,-0.168903,-0.317744,-0.042657,-0.218021,0.190411,-0.001159,-0.479654,-0.095463,0.250772,-0.267233,-0.243119,-0.256536,-0.004791,-0.005141,0.017084,0.418489,0.555906,-0.00988,0.079292,-0.11729,-0.074982,0.200801,0.484088,0.204929,-0.306688,0.156297,0.176631,0.229294,-0.085965,0.48221,0.043486,-0.259324,-0.554411,0.567947,#
17,0.364815,0.382089,-0.174421,-0.140472,0.343339,0.327974,0.116739,-0.012042,0.144682,0.125094,0.017107,0.050925,0.369587,0.263755,0.061938,-0.353087,0.168444,1.0,0.155118,0.088984,0.349542,0.187259,0.218278,-0.283107,0.118892,-0.151021,-0.017228,-0.060686,0.038827,0.239863,-0.411548,-0.091351,0.233877,-0.241893,0.164296,-0.134643,-0.418399,-0.074035,0.02098,-0.059633,0.173864,0.219441,-0.104545,-0.027392,-0.173414,-0.193893,0.228795,0.274199,-0.056992,-0.105068,0.469264,-0.113382,-0.131543,-0.147068,0.135836,-0.24483,-0.207343,-0.15143,-0.058651,0.006901,0.154175,0.335735,-0.208486,0.203305,0.183535,0.400123,-0.096759,0.278789,0.208837,0.346283,-0.035751,0.108475,-0.488672,-0.140018,-0.090801,0.22011,-0.321409,-0.018169,-0.188196,-0.689109,0.070855,-0.374225,-0.339347,-0.413158,-0.154157,0.118989,-0.26971,0.003915,-0.069175,-0.110365,-0.231912,-0.10495,-0.185938,0.105264,-0.362133,0.038163,0.365373,-0.320598,-0.062546,-0.38163,-0.236324,-0.240422,-0.359619,-0.074633,-0.342734,-0.246728,-0.251884,-0.307696,-0.402004,-0.022204,0.349126,-0.32999,-0.086163,-0.452945,-0.08194,-0.45273,-0.588577,-0.060023,0.245249,-0.345874,-0.320113,-0.249541,-0.179598,-0.353716,-0.103473,0.142149,-0.042183,0.110847,-0.087952,-0.08663,-0.060071,-0.10011,-0.260362,-0.177302,-0.120971,-0.329442,0.253364,-0.409618,-0.014717,-0.074868,-0.070137,-0.141255,-0.223602,-0.231714,-0.160215,0.039341,-0.154934,0.386845,-0.073895,-0.440875,-0.215071,-0.062965,0.156933,-0.375034,-0.426878,0.021004,0.458648,0.379511,-0.256751,-0.217972,-0.285657,0.020609,0.130685,0.189887,-0.490751,0.700924,-0.023496,0.032861,-0.049051,-0.030938,0.030656,0.100797,-0.098383,-0.082618,0.159238,-0.278699,0.001409,0.067013,0.435342,-0.280451,0.062675,0.34107,-0.076445,-0.093237,0.107111,-0.198146,0.382131,0.233622,-0.454108,0.390839,0.091827,0.282759,0.112452,0.003365,-0.163123,-0.009693,0.035901,-0.240032,-0.092507,0.31418,#
18,-0.053218,0.338805,-0.152567,-0.109209,0.037797,-0.406701,0.078146,-0.303666,0.035904,0.260479,-0.050841,-0.396076,0.171506,-0.014475,0.230249,0.139844,-0.083069,0.155118,1.0,-0.342484,0.371134,-0.290054,-0.079321,0.127224,-0.196628,-0.063521,0.153446,0.118162,0.117896,0.237417,-0.108283,-0.14773,0.295937,-0.122722,-0.099619,0.216461,0.106047,0.167314,0.090553,0.280347,-0.089033,-0.366686,-0.100271,-0.01353,-0.063667,0.106429,0.005321,-0.082957,0.096422,0.06605,0.284966,-0.025736,-0.101444,0.048575,0.319126,-0.103573,-0.112008,0.176611,-0.347187,-0.253358,-0.121541,0.244864,-0.051134,0.07916,-0.029789,0.04152,-0.18863,0.059605,-0.085043,-0.235953,-0.246948,-0.641979,0.014867,-0.264593,-0.061661,-0.008712,-0.355411,-0.010167,-0.08469,-0.327182,-0.317348,-0.237518,-0.245289,0.247221,-0.105723,0.002782,0.007359,-0.197055,-0.35384,0.225012,-0.048385,-0.027103,-0.308325,-0.447224,-0.372379,-0.138705,-0.18172,-0.041948,0.095636,-0.031072,-0.129462,-0.153656,-0.406106,-0.18437,-0.098265,-0.140033,-0.350653,0.031862,-0.190214,0.051632,0.119861,0.02009,0.268335,-0.294543,-0.101598,-0.361827,0.025834,-0.052678,0.224289,-0.279118,-0.227161,0.319586,-0.356179,-0.225181,-0.1687,-0.026803,-0.18672,-0.285733,-0.277004,-0.304811,-0.164507,-0.284055,0.055247,-0.012433,-0.093666,-0.248694,-0.004301,-0.1272,-0.101614,0.025822,-0.297423,-0.065189,-0.216104,0.141001,0.008268,-0.227042,-0.029563,0.116661,-0.082514,-0.077357,-0.143167,-0.17468,0.252633,0.092257,-0.21578,-0.103583,-0.112206,0.050189,-0.227607,0.10371,0.103224,0.05624,0.02409,0.201987,-0.273929,-0.004454,0.053883,-0.019322,0.148841,-0.164472,0.061698,-0.419622,0.208713,-0.04968,0.245545,0.235215,0.062856,0.158379,0.093038,-0.196502,-0.117579,0.033888,0.053608,-0.182852,0.131947,0.043843,-0.002037,-0.112708,-0.08195,0.227672,0.085074,0.110469,0.172651,0.267232,-0.034965,-0.311684,-0.160218,-0.13758,-0.139831,-0.012843,#
19,-0.236918,-0.4509,-0.049279,0.216706,-0.130104,0.445774,-0.055592,-0.073511,0.10286,-0.357678,-0.234749,0.211028,0.060995,-0.054626,-0.206366,-0.225562,-0.279625,0.088984,-0.342484,1.0,0.135009,0.18796,0.047698,-0.145645,0.364338,-0.224859,0.013989,-0.024544,-0.230999,-0.291532,0.200614,0.172619,-0.058944,0.015528,-0.169975,-0.285217,0.016794,0.062243,-0.055862,-0.088842,0.26059,0.458881,0.141435,-0.389927,0.116911,0.076267,0.242521,0.476204,0.192234,-0.192677,0.12313,0.248853,0.106618,0.091618,-0.109789,0.389005,0.435859,-0.45707,0.488149,0.104021,0.10102,-0.249775,0.304716,0.055434,-0.042901,0.267321,0.20072,0.072721,0.015203,0.230886,0.503815,0.210947,0.027557,0.348538,0.108043,-0.361426,0.359218,0.231182,0.436193,0.143658,0.696267,0.276844,0.267751,-0.276012,0.370977,0.214267,0.211572,0.429346,0.550258,0.010305,0.453487,0.531243,0.385526,0.501526,0.272466,0.190798,0.218705,0.187557,-0.047938,0.136664,-0.019534,0.532974,0.463018,0.209793,0.428988,0.348458,0.441827,-0.179972,0.28135,-0.061385,0.338268,-0.282917,0.121939,0.363024,0.249207,0.042151,0.176365,0.616531,0.046697,0.212506,0.435047,0.042514,0.621809,0.125938,0.26915,0.304102,0.20193,0.228644,0.414024,0.545242,0.105987,0.369994,0.271336,-0.068153,0.303743,0.113578,-0.282148,0.020042,0.220071,0.284274,0.508066,-0.095335,0.128665,0.091974,0.220241,0.33567,-0.051793,-0.192767,0.492559,-0.120806,0.280616,0.251941,0.28733,0.289835,0.318183,0.444108,-0.103458,-0.243506,0.537748,-0.045203,-0.015469,-0.074316,-0.113922,0.385468,0.360254,0.046138,0.459,0.189886,-0.190256,0.000174,-0.288994,0.052584,0.184013,0.492559,-0.265729,0.087449,0.435047,-0.270043,-0.165731,0.003981,-0.114903,-0.100094,-0.057551,0.148247,-0.335859,-0.098353,0.206064,0.300064,-0.318007,-0.449287,0.324438,-0.365396,-0.211336,-0.265153,0.179958,-0.265316,-0.356215,0.493387,0.332449,-0.163165,#
20,-0.157928,0.186335,-0.332105,0.175635,-0.076546,-0.101183,0.096084,0.022551,0.117565,-0.189307,-0.185915,-0.525332,0.272704,0.130865,0.177628,-0.381985,-0.057336,0.349542,0.371134,0.135009,1.0,-0.131561,-0.139497,0.181112,0.155686,-0.095855,-0.238666,0.164225,0.130967,0.020946,0.100768,-0.370094,0.172521,-0.135438,0.008279,-0.303641,0.154105,0.047627,0.235982,-0.065867,-0.074046,0.139878,-0.160541,-0.041972,-0.18505,0.364864,0.447904,-0.030273,0.439457,0.131555,0.242011,0.035298,-0.067131,0.312662,0.085833,0.209331,0.159306,0.030353,-0.080709,0.026539,0.068566,0.220432,-0.011519,0.16558,-0.016458,0.225846,0.136203,0.352122,-0.023428,-0.245514,-0.114031,0.082597,-0.009881,0.086766,0.23045,-0.157544,0.222748,0.320116,0.101071,-0.203093,-0.147951,0.100959,-0.001964,-0.083749,0.001652,-0.038088,0.179227,0.232539,0.166286,0.186989,0.13564,0.121252,-0.049405,0.070668,-0.20025,0.08564,0.171698,-0.23129,0.316464,0.138372,-0.053099,0.055668,-0.006783,-0.129216,0.013307,0.058936,-0.041959,-0.008551,-0.195763,-0.104511,0.21376,-0.182398,0.176118,-0.037452,0.090619,0.0608,0.055668,0.132172,0.091467,-0.032485,0.005962,0.405329,-0.056606,-0.063804,0.29645,0.123779,-0.132943,0.021644,-0.091665,0.186382,-0.066984,-0.130095,0.278279,0.02949,0.186763,-0.071887,-0.181902,-0.082225,-0.052222,0.308899,-0.134676,-0.076606,0.030371,0.239438,0.457226,-0.047147,0.069115,0.115402,0.418281,-0.091141,0.109054,0.236288,0.234339,0.035336,0.034413,0.282619,0.204777,-0.042709,-0.079789,0.042416,0.006076,0.026729,-0.023387,0.297744,0.178789,0.175447,0.114838,-0.047066,-0.026611,0.158826,-0.118851,0.092195,0.275856,0.037622,0.03012,0.299755,0.189585,-0.065295,0.157819,-0.199581,-0.000881,0.090903,0.249435,-0.040057,0.070599,0.253271,0.122253,0.372898,-0.128682,0.03455,0.225762,0.165408,-0.146111,-0.181136,-0.247266,-0.080497,-0.28088,-0.094344,0.002797,-0.007251,#
