0,1.0,0.372261,0.018783,-0.207981,0.318981,0.153955,0.136219,0.322333,0.27895,-0.003721,0.044081,0.156254,0.070142,0.519382,0.130176,-0.111418,0.16847,0.15958,0.221524,-0.33633,-0.156709,-0.006793,0.257001,0.135824,-0.256546,-0.254378,0.114154,0.051628,0.410897,0.369534,-0.259471,0.053501,0.159494,-0.298739,-0.002438,-0.009114,-0.241272,-0.062806,-0.147494,0.231419,-0.055042,0.02939,-0.015858,0.423788,-0.298709,-0.524913,0.101888,0.077728,-0.078155,-0.105025,0.048343,0.020891,0.224174,-0.154882,-0.138509,-0.115679,-0.049016,-0.131063,0.101042,0.261879,0.191407,0.062785,-0.143209,0.188619,0.350289,0.411669,0.033008,0.203903,-0.048578,-0.11148,-0.150901,-0.048456,-0.252868,0.025309,-0.191657,0.342995,-0.086159,-0.026982,-0.222161,-0.019182,-0.435764,-0.114405,-0.137247,0.187519,-0.238166,-0.056768,-0.024879,-0.118135,0.089771,-0.389067,-0.46701,-0.393393,-0.371083,0.116332,-0.092511,-0.241968,0.010699,-0.244178,-0.130368,-0.250287,0.041206,-0.353424,-0.031577,-0.166855,-0.256261,0.13344,-0.129326,-0.225906,-0.308927,0.068666,0.141054,0.301328,-0.287236,-0.117101,-0.569266,-0.237306,-0.154081,-0.203801,-0.090477,-0.309718,-0.210625,-0.340127,-0.382747,-0.108758,-0.19035,-0.172345,-0.248623,0.059039,-0.335291,-0.513381,-0.145698,-0.208926,-0.225083,0.060819,-0.261698,-0.166133,0.409376,-0.557734,-0.405717,-0.208565,0.012593,-0.585795,-0.512754,-0.216809,-0.150201,-0.199098,-0.254087,0.159442,-0.099709,-0.218586,-0.089342,-0.355728,-0.270205,-0.210522,-0.420111,-0.310841,0.260738,0.265656,-0.332538,0.17491,-0.434641,-0.059235,-0.301944,-0.213036,-0.185984,-0.045637,-0.043499,0.019595,-0.0855,-0.202823,0.143533,0.164656,-0.353424,-0.099929,0.54903,-0.046316,-0.262459,0.039022,0.459965,-0.584902,0.052055,0.012249,0.024394,0.102038,0.48993,-0.180147,0.152477,0.151961,-0.04719,0.526288,0.049584,-0.038342,0.448041,0.192145,-0.075778,0.343081,0.33129,-0.523247,-0.545775,0.128287,#
1,0.372261,1.0,0.183237,-0.014486,0.345153,-0.04122,0.298519,0.246177,0.218433,0.565084,-0.123817,-0.255716,0.365504,0.410143,0.360961,-0.137925,-0.235423,0.566423,0.437467,-0.027988,0.251596,0.331169,0.271736,0.253763,-0.482801,-0.07656,0.363295,0.224315,0.342584,0.421974,-0.663748,0.060169,0.225169,0.003506,-0.1368,-0.342569,-0.021677,-0.115712,0.116291,-0.19078,-0.205567,0.328276,0.03178,0.342757,-0.207081,-0.446501,0.336532,0.428397,0.259663,0.261686,0.412099,0.062109,0.173012,-0.059851,0.227965,-0.134262,-0.267688,0.000322,-0.133273,-0.161198,0.120518,0.323049,-0.451732,0.548606,-0.070819,0.420905,-0.030563,0.335073,0.232225,-0.124608,-0.01686,-0.080317,-0.096531,-0.174656,-0.073171,0.447509,-0.214603,-0.217198,-0.312767,-0.353493,-0.476706,-0.152851,-0.439505,-0.083593,-0.154631,0.103663,-0.314292,-0.06758,-0.072232,-0.152011,-0.219097,-0.330953,-0.514568,0.142191,-0.298473,0.200373,0.335328,-0.183573,0.150084,-0.47561,-0.114794,-0.566531,-0.542165,-0.142169,-0.546541,-0.297565,-0.456704,-0.443782,-0.643775,-0.07281,0.330933,0.251434,-0.095449,-0.548515,-0.384553,-0.008539,-0.422893,-0.430768,0.008115,-0.42523,-0.291272,-0.097532,-0.072345,-0.520988,-0.111815,0.125995,-0.415646,-0.057289,-0.156491,-0.199202,-0.224405,-0.437162,-0.305754,0.000469,-0.157924,-0.059518,0.307308,-0.219736,0.057334,-0.295134,-0.365076,0.050069,-0.567048,-0.203868,-0.142444,-0.064447,-0.10542,0.326447,-0.357938,-0.302165,-0.368318,-0.168923,-0.050116,0.028233,-0.445143,0.024404,0.490129,0.489507,-0.352271,0.221309,-0.257342,-0.063741,-0.022709,0.259259,-0.156567,0.413635,-0.254746,0.056455,-0.077124,0.205405,-0.304798,0.149057,-0.054963,-0.371992,0.558489,0.020857,-0.208914,-0.064378,0.150744,-0.331103,-0.018168,0.215029,-0.158024,0.016804,0.12366,-0.050321,0.209111,-0.089246,-0.253802,0.538712,0.129937,0.488932,0.056682,0.075583,-0.101679,-0.265154,0.254583,-0.336236,-0.309461,0.181039,#
2,0.018783,0.183237,1.0,0.380356,0.184139,-0.597605,-0.205698,-0.263603,-0.368959,0.193504,-0.203854,0.172115,-0.104336,-0.133021,-0.140785,-0.255503,-0.257379,-0.125643,0.179588,-0.043508,0.048395,-0.306621,0.137448,-0.103452,-0.313721,0.211926,0.214513,-0.401629,-0.243191,0.433846,0.001273,0.187629,-0.231961,0.239672,-0.056544,-0.181748,0.08923,0.004844,0.114667,-0.064042,-0.069451,0.054086,-0.102238,-0.205168,-0.216058,-0.151951,-0.019134,0.122501,-0.130996,-0.106678,-0.457306,0.155621,-0.014802,0.178351,0.044712,-0.244339,-0.514801,0.12689,-0.543243,-0.366773,-0.020596,-0.083957,-0.323489,-0.162902,-0.186723,-0.209907,-0.254849,-0.004456,-0.115208,0.226492,-0.058584,-0.030851,0.120188,0.069618,-0.029635,-0.106912,-0.208106,-0.219592,-0.130962,0.288153,0.024453,0.187914,0.042437,0.292567,0.050144,-0.170073,-0.116463,0.154012,-0.03655,0.054212,0.001487,-0.139113,-0.059101,-0.128953,-0.287985,0.059456,0.220103,0.009683,0.184509,0.022656,0.036528,-0.090659,-0.198193,-0.128098,-0.388478,0.04659,-0.001036,0.311929,-0.000348,0.265084,0.109059,-0.195807,-0.049503,0.093706,0.263606,0.033464,-0.079108,-0.263974,0.227065,-0.222649,-0.140099,-0.141144,0.134751,-0.011787,-0.217248,-0.006506,-0.419777,-0.349007,0.043818,0.11122,0.464451,-0.266333,-0.269164,-0.019677,-0.135176,0.147131,0.293826,0.269836,0.251085,0.151899,0.390231,0.276178,-0.075238,-0.503938,-0.083712,0.199077,0.278777,0.198072,-0.307503,0.059292,-0.604698,-0.123559,0.43347,0.01582,-0.009456,-0.139112,-0.021095,0.073982,0.230295,0.016354,-0.239948,-0.060999,0.195671,-0.164457,0.075271,-0.218102,-0.432158,-0.100515,0.112288,0.044671,0.022067,-0.128046,0.255202,-0.028695,0.180516,0.119947,-0.053583,-0.049813,-0.197942,0.053106,-0.058591,-0.324444,-0.177762,0.006743,0.111894,0.122123,-0.294822,-0.209244,0.017964,0.202867,-0.006646,0.176378,0.026116,0.260203,0.024772,-0.449208,0.263295,-0.122343,0.214514,0.001631,#
3,-0.207981,-0.014486,0.380356,1.0,0.083481,-0.515849,-0.354492,-0.317074,-0.318761,0.131146,0.321146,-0.143707,-0.088138,-0.431337,-0.111095,-0.015381,-0.091257,-0.018627,0.137517,0.036282,0.214893,-0.473182,-0.094859,-0.09986,-0.016999,0.194244,-0.036394,-0.116933,-0.116993,-0.151782,0.347727,0.055301,-0.50744,0.239323,-0.186946,-0.362945,0.091457,0.040856,0.258926,0.189172,-0.00566,-0.024522,0.162327,-0.342809,-0.026845,-0.025334,-0.059028,-0.236858,0.120161,-0.328557,-0.275695,0.377675,-0.032292,0.319131,-0.087534,0.094537,-0.096885,-0.057153,-0.107495,-0.243756,-0.291259,0.262876,-0.084033,-0.301659,-0.289724,-0.353525,0.008923,-0.052503,-0.210414,0.355043,-0.015333,0.480273,0.197105,0.476381,0.211337,-0.260549,-0.080055,-0.19144,0.333574,0.206246,0.046148,0.414361,0.337862,0.129,0.220344,-0.157044,-0.03192,0.232828,0.105455,0.536878,0.414149,0.31027,0.360536,-0.23884,0.215546,0.469607,0.004108,0.04347,0.059859,0.240123,0.303846,-0.198936,0.375161,-0.046215,0.077579,0.275145,-0.181537,0.425186,0.116802,0.311866,-0.230047,-0.36213,0.38621,0.287396,0.170826,0.080036,0.399313,0.154867,0.115969,0.055508,0.239551,0.153619,0.193899,-0.017432,0.055149,0.114468,-0.279929,-0.295065,0.566573,0.211408,0.704781,-0.113135,-0.043561,-0.007647,0.125012,0.43002,-0.145588,0.384417,0.191294,0.335126,0.308357,0.267484,0.212367,-0.273186,0.095905,0.436318,0.173713,-0.301787,-0.051312,0.265507,-0.350198,0.230369,0.130203,0.059343,0.530705,-0.039,-0.20153,-0.268047,0.272822,0.080813,-0.468737,-0.057307,0.153204,-0.3221,-0.150509,-0.000584,0.107992,-0.133318,-0.042951,0.118641,-0.12002,-0.126228,-0.16045,0.034502,-0.221514,-0.193512,0.085218,0.034634,-0.359232,0.3567,-0.360568,-0.070078,-0.154667,-0.15599,-0.144258,-0.221974,-0.116407,-0.085939,0.23786,-0.372627,-0.159227,0.042859,-0.333983,0.062433,-0.197012,-0.318203,-0.260585,0.235373,-0.11374,-0.282625,#
4,0.318981,0.345153,0.184139,0.083481,1.0,-0.318947,0.121071,0.012073,0.116423,0.266711,-0.042006,-0.006248,0.071389,-0.038392,0.353308,-0.446276,0.218148,0.226229,-0.045278,-0.269699,0.027815,-0.067853,0.014281,0.374067,-0.384266,0.04999,0.067074,-0.112344,0.063819,0.228271,-0.037918,-0.257058,0.07827,-0.162508,-0.310067,0.116802,-0.172707,-0.308367,-0.000599,0.26548,-0.204512,-0.024659,-0.271095,0.174676,-0.354915,-0.251585,0.174265,-0.005181,-0.109803,0.12896,0.04752,-0.296553,0.102772,-0.081303,0.186869,-0.532149,-0.596546,0.144206,-0.262815,-0.303376,-0.118841,0.210444,-0.14086,0.215901,0.053514,0.218409,0.237498,0.05917,0.143086,-0.225441,-0.313035,-0.028986,-0.052377,-0.078801,0.1004,0.003056,-0.08281,-0.368857,-0.096625,-0.376221,-0.318126,0.026179,-0.303686,0.124581,-0.292663,-0.378899,-0.083113,-0.16228,-0.274493,-0.097481,-0.159378,-0.10478,-0.212379,-0.113464,-0.104319,0.014152,0.027418,0.288613,0.200989,0.195027,0.043605,-0.285934,-0.056002,-0.000821,-0.251062,-0.182827,-0.588461,-0.170806,-0.017697,0.263283,-0.040858,-0.166112,-0.197188,-0.08676,-0.06778,-0.047452,-0.13352,-0.40889,-0.201859,-0.200236,-0.503456,-0.22048,-0.374824,-0.072651,0.075706,-0.324901,-0.156534,-0.342876,-0.39432,-0.092555,-0.030462,-0.506309,-0.280469,-0.271477,0.051221,-0.272847,0.375997,-0.059171,-0.11271,0.029539,-0.085875,-0.143434,0.049622,-0.402053,-0.244641,-0.150315,0.186134,0.073316,-0.402998,0.009318,-0.026749,-0.079405,-0.234309,-0.271578,-0.154469,-0.21644,0.46086,0.282212,-0.261212,-0.072557,-0.135979,0.039201,0.096969,-0.010946,-0.26325,0.271614,-0.150248,0.290118,0.217108,-0.070148,-0.013524,0.132896,-0.108589,-0.324404,0.225791,-0.254126,-0.400313,-0.462764,0.224001,-0.104046,-0.077292,-0.114265,0.507181,0.201889,0.133682,0.138489,0.010944,0.00177,0.298453,0.210962,0.015841,0.47639,-0.092874,0.116819,0.19974,-0.163297,-0.008749,-0.443351,-0.529458,0.270088,#
5,0.153955,-0.04122,-0.597605,-0.515849,-0.318947,1.0,0.27669,0.416398,0.232498,-0.133989,0.081088,-0.109006,0.02087,0.487848,0.042322,0.130767,0.018944,-0.065992,-0.085343,0.065103,-0.268603,0.298136,0.050159,0.00606,0.311488,-0.256995,0.109705,0.561067,0.180572,-0.269198,-0.064233,0.047898,-0.02325,-0.271734,0.088798,0.062241,-0.208377,0.036307,-0.095306,-0.290443,0.08971,0.135294,0.129619,0.280773,-0.022975,0.003635,0.113308,0.155769,0.117663,0.343251,0.310388,-0.072351,0.210688,-0.418189,-0.124196,0.151284,0.321156,0.070668,0.338496,0.265113,0.140989,0.14655,0.132656,0.337644,0.141982,0.39323,-0.081372,-0.015821,-0.007788,0.057732,0.081316,-0.167296,-0.230009,-0.20819,-0.281282,0.315925,0.177556,0.256617,-0.093788,-0.105643,-0.155497,0.009763,0.092834,-0.034502,0.025775,0.253942,0.115377,-0.341007,0.162412,-0.267799,-0.155955,0.095553,-0.114704,0.115114,0.198416,-0.160444,-0.238119,0.029547,-0.162683,-0.335043,-0.272805,0.114469,0.050228,-0.044554,0.173791,0.030237,0.23549,-0.310702,-0.043892,-0.365584,0.052992,0.359265,-0.149887,-0.362606,-0.125729,-0.14331,-0.108204,0.271989,-0.020098,-0.016788,0.197657,-0.062316,0.061253,-0.030253,-0.034339,0.145998,0.218312,0.348837,0.165028,-0.101792,-0.412385,0.223986,0.098062,0.104641,-0.078763,-0.116102,-0.183074,-0.28783,-0.111169,-0.468335,-0.349825,-0.318664,-0.271506,0.310887,0.18601,0.074277,-0.388128,0.172702,0.329773,-0.146981,0.372209,-0.002493,-0.197429,0.257453,-0.065349,0.331683,0.098508,-0.045215,-0.190391,0.278594,0.123282,0.01438,-0.043983,0.144313,0.205538,-0.108835,0.3891,0.257851,0.005754,-0.124016,0.050259,0.115719,-0.076803,0.223893,-0.026347,0.258173,0.331639,0.110799,0.425723,-0.270733,0.127911,0.314959,-0.126216,-0.145497,-0.093761,-0.219432,0.056411,0.149582,-0.194325,0.138797,0.05457,-0.31128,0.385218,-0.156979,0.137636,0.242764,0.097812,0.013181,-0.026917,0.01011,#
6,0.136219,0.298519,-0.205698,-0.354492,0.121071,0.27669,1.0,0.337532,0.513518,-0.006673,0.000648,-0.182714,0.431031,0.122464,0.430337,-0.215076,-0.301508,0.234421,0.064978,0.214854,0.312407,0.319434,0.168018,0.05288,-0.028823,0.045362,-0.048654,-0.082035,0.032211,0.034807,-0.491362,-0.018609,0.186091,-0.015765,0.005307,-0.017659,0.079231,-0.094798,0.065224,-0.120759,0.054281,0.454863,-0.194126,0.333748,-0.007315,0.04963,0.312195,0.417443,0.165978,0.109842,0.230972,-0.162976,0.048141,-0.299606,-0.112844,0.320406,0.175817,0.075651,-0.047239,0.377167,-0.003296,0.27161,-0.183668,0.175124,0.212345,0.099135,0.028871,-0.235428,0.138665,-0.240977,0.231533,-0.110148,-0.147473,-0.061377,-0.286787,0.297937,0.195905,0.019906,-0.079918,-0.11861,-0.039508,-0.217607,-0.05449,-0.338666,-0.516477,0.219641,0.099781,0.348522,-0.278964,-0.211734,-0.311421,-0.067365,-0.278282,0.441278,-0.223686,-0.034875,0.263068,0.10705,0.083152,-0.227164,-0.059372,0.054091,0.010771,0.292942,-0.127708,-0.210433,0.145885,-0.406503,-0.040207,-0.464105,0.417318,0.232398,-0.17129,-0.44994,0.087447,0.113584,-0.290031,-0.036128,0.125352,-0.447959,-0.024299,-0.178094,-0.094282,-0.410566,0.079916,0.032086,0.069836,0.428961,-0.237514,0.054122,-0.154727,-0.457718,-0.041019,0.014459,0.134025,0.060057,-0.053019,0.037667,-0.018708,-0.204417,-0.230209,-0.27846,-0.105056,0.226383,0.104435,-0.105494,-0.13897,0.580323,0.103441,-0.358566,0.152486,-0.05646,0.027035,-0.020802,-0.158181,0.497114,0.475662,0.370211,-0.072035,-0.009031,0.298799,0.398224,0.127813,0.16334,0.290965,0.351793,0.05281,-0.015867,-0.148481,0.188579,-0.202676,0.143718,0.045501,0.004831,0.158554,0.115557,0.038631,0.069045,0.540178,-0.392577,-0.063236,0.474694,-0.013001,-0.204601,0.196991,-0.143813,0.149192,0.364696,-0.556247,0.305403,0.358943,-0.039597,-0.0104,-0.270813,0.189773,-0.161384,0.130626,0.136173,0.161113,0.011051,#
7,0.322333,0.246177,-0.263603,-0.317074,0.012073,0.416398,0.337532,1.0,0.298853,-0.048471,-0.250105,0.194432,0.250236,0.314843,0.186432,-0.061739,0.019724,0.242231,-0.213321,0.060069,0.079292,0.537512,0.140161,0.205794,-0.203122,-0.039329,0.431667,0.234177,-0.047528,-0.088493,-0.365875,0.400628,0.098523,-0.120032,-0.03891,-0.155741,-0.272755,-0.581792,-0.013189,-0.099948,0.109608,0.234578,-0.061084,-0.064826,-0.128225,0.062955,0.156907,0.272345,-0.033346,0.231032,0.161712,-0.251039,0.159006,-0.303501,-0.217169,-0.103274,0.225932,-0.014733,0.398869,0.354317,0.068442,0.228158,-0.276488,0.261017,0.254944,0.428906,-0.257727,0.14938,0.269048,-0.334954,0.200698,-0.050248,-0.301028,-0.041599,-0.369695,0.186891,-0.061103,-0.204514,-0.421612,-0.021406,0.074195,-0.277706,-0.138127,-0.347609,-0.091765,0.476826,-0.059821,-0.129425,0.092639,-0.403378,-0.151295,-0.255645,-0.222147,0.118276,-0.285334,-0.1636,0.049764,-0.020325,-0.271156,-0.446634,-0.114659,-0.254383,-0.055124,-0.149608,-0.243706,-0.159504,0.009685,-0.399649,-0.291207,-0.415072,0.258251,0.278234,-0.503571,-0.249756,-0.201914,-0.179173,-0.453502,0.262343,-0.276917,-0.198372,-0.006617,-0.383673,0.144735,-0.396637,-0.09972,0.014374,0.022397,-0.120312,-0.05251,-0.095654,-0.491734,-0.318506,0.257413,-0.24684,0.255589,0.072881,0.093737,-0.34322,-0.059877,-0.504365,-0.257393,-0.316207,-0.276929,-0.07254,-0.041647,-0.174859,-0.50797,0.400276,-0.202526,-0.008053,-0.178661,-0.070158,-0.05228,0.104971,-0.109686,0.32249,0.287717,0.086078,-0.363993,0.29714,0.015586,-0.13996,-0.04874,0.157585,0.160292,0.288923,0.020762,-0.265316,-0.338389,-0.045456,0.001774,0.14616,-0.247658,-0.138819,0.236499,-0.170889,-0.071132,0.079489,0.213095,-0.44011,0.109634,0.310831,0.123801,-0.089492,-0.020224,-0.230166,0.177332,0.067016,-0.181794,0.38349,0.38817,0.006116,0.247301,-0.297031,0.036019,0.336119,0.013272,-0.200961,-0.262197,0.307673,#
8,0.27895,0.218433,-0.368959,-0.318761,0.116423,0.232498,0.513518,0.298853,1.0,0.136881,0.043425,-0.216519,0.500965,0.300459,0.33822,-0.284382,-0.451258,0.414497,0.240422,0.245062,0.235913,0.397814,0.362561,0.235695,0.003182,-0.22449,0.275393,0.027248,0.372901,0.163084,-0.247321,-0.022622,0.449231,-0.04951,-0.197656,-0.027823,0.041754,-0.244594,-0.112745,-0.088965,0.210758,0.265268,-0.103769,0.180259,0.230334,-0.298833,0.512643,0.522678,-0.022946,-0.179425,0.156848,-0.315338,0.003502,-0.030557,-0.12851,0.074818,0.1861,-0.346066,0.314305,0.124051,0.176109,0.107048,0.017075,0.102694,0.027014,0.372152,0.1082,-0.025537,0.290092,-0.06774,0.174492,-0.180295,-0.115077,0.142127,-0.148787,0.297552,-0.098043,-0.156954,-0.224596,-0.465039,0.140815,-0.383316,-0.174878,-0.369721,-0.206713,0.190859,0.268559,0.236614,-0.184894,-0.219632,-0.200927,-0.032,-0.580468,0.766323,-0.25898,-0.034286,0.298961,0.124005,0.114548,-0.20679,-0.006585,0.092334,0.077609,0.267841,-0.089586,-0.185641,-0.208996,-0.301091,-0.020681,-0.452117,0.403926,0.069792,-0.174036,-0.245276,-0.051578,-0.05688,-0.124403,-0.048229,0.198818,-0.290597,-0.170492,-0.256492,0.224853,-0.566194,0.171559,0.003937,0.029491,0.476727,-0.185761,-0.260593,-0.29655,-0.281462,0.085646,0.063841,0.152261,0.077575,-0.040759,-0.117982,0.112474,0.035168,-0.003782,-0.383114,-0.24041,0.18014,-0.100057,-0.108425,-0.142428,0.342223,0.12446,-0.165076,0.320872,-0.229795,-0.095598,-0.208003,0.054873,0.183842,0.624908,0.420835,0.129253,-0.063484,-0.01077,0.180613,-0.034698,0.225665,0.09057,0.3889,0.084904,0.085476,-0.303185,0.180546,-0.338447,0.265984,-0.26935,-0.172306,0.309306,0.077872,-0.259438,0.011362,0.384299,-0.580542,0.070135,0.277808,-0.172546,-0.085384,0.025003,0.014468,0.459522,0.160888,-0.537878,0.12804,0.191525,-0.026023,0.115719,-0.147687,0.184933,-0.027175,0.108842,-0.102527,0.045695,0.227639,#
9,-0.003721,0.565084,0.193504,0.131146,0.266711,-0.133989,-0.006673,-0.048471,0.136881,1.0,0.175622,-0.28362,0.34516,0.039754,0.116483,0.022743,-0.348497,0.37548,0.440806,0.007577,0.095015,0.317914,0.195763,0.233423,-0.382473,0.177668,0.393703,0.05267,0.050201,0.142715,-0.08854,-0.033581,0.250284,0.258032,-0.070834,-0.142893,0.07306,-0.267296,-0.279523,-0.419303,-0.014523,0.20939,0.22287,0.10312,0.00671,-0.478256,0.117055,0.357931,-0.03707,0.247597,0.210755,0.183048,0.0,0.014938,-0.004979,-0.272883,-0.366832,-0.011219,-0.193281,-0.429441,0.266926,-0.040143,-0.309152,0.295833,-0.117111,0.188154,-0.014504,0.173738,-0.051926,0.195799,0.002321,-0.069983,0.099678,-0.085626,0.160872,0.254514,-0.283009,-0.581484,0.022868,-0.370314,-0.097699,-0.072183,-0.148874,0.042458,0.111017,0.156607,-0.179692,-0.021709,-0.127092,0.217484,0.176138,-0.184602,-0.370113,-0.030856,-0.269787,0.340108,0.224438,0.064382,0.09303,-0.269199,-0.079935,-0.419216,-0.400739,-0.18654,-0.495469,-0.057466,-0.454932,-0.253521,-0.382668,0.064853,0.265399,-0.114228,0.143482,-0.494922,0.025387,-0.079105,-0.068529,-0.130808,0.365604,-0.357986,-0.059797,0.050942,0.334068,-0.223858,0.112654,0.102674,-0.348575,-0.0796,-0.050528,0.008067,0.079109,-0.159577,-0.174334,0.038038,-0.167853,0.17058,0.138135,-0.014285,0.239481,-0.173403,-0.31423,0.11173,-0.240962,-0.120158,-0.063971,0.238584,0.236782,0.079499,-0.41961,0.113518,-0.236942,-0.0883,0.086055,0.144361,0.081587,0.034271,0.129028,0.421595,0.111339,-0.091862,-0.306131,-0.154551,-0.215797,0.282719,-0.283154,0.32669,-0.147202,0.250364,0.2704,0.368216,-0.276664,0.24595,0.180048,-0.001851,0.223316,0.171764,-0.10344,-0.043902,-0.217742,0.024132,-0.011082,-0.003527,-0.311856,0.083949,-0.21481,-0.049125,-0.069185,-0.153555,-0.105807,0.218373,0.009379,0.270746,-0.263842,0.027869,0.111476,-0.456542,0.246777,-0.295582,-0.110509,-0.017073,#
10,0.044081,-0.123817,-0.203854,0.321146,-0.042006,0.081088,0.000648,-0.250105,0.043425,0.175622,1.0,-0.259322,-0.216754,-0.123389,0.154421,0.301706,0.081921,-0.271979,0.138959,-0.20338,-0.176395,-0.185483,0.033979,-0.114017,0.186012,0.142835,-0.203827,0.115117,-0.063608,-0.41626,0.252968,-0.077825,0.039221,0.008095,-0.008358,0.143751,0.071645,0.064474,-0.277545,-0.016554,-0.039668,-0.194665,0.076646,0.39424,0.288117,-0.15826,-0.089966,-0.399678,0.115353,-0.054583,-0.127387,0.27561,0.000244,-0.185149,-0.010652,0.354021,0.033846,-0.066704,-0.127407,0.09838,-0.082557,-0.045063,0.179219,-0.22271,-0.159374,-0.329443,0.155688,-0.594646,-0.46805,0.104244,-0.239136,0.293302,0.404533,0.338544,0.135402,0.092706,-0.096506,-0.242185,0.40637,-0.054162,-0.294131,0.098422,0.370228,0.051402,-0.246832,-0.07835,0.202526,0.154676,-0.288487,0.198419,0.144777,0.009803,0.148055,-0.139774,0.284768,0.059558,-0.354703,0.072904,-0.301256,0.104853,0.172339,-0.073915,0.335147,0.192714,0.042525,0.07511,-0.130631,0.032912,0.188585,0.23287,-0.337426,-0.11342,0.163545,-0.154262,-0.224276,-0.048167,0.337009,0.004392,0.156408,0.241912,0.276732,0.226705,0.113876,0.188745,-0.060298,-0.306029,0.020877,0.243557,0.122922,-0.219499,0.248629,0.074422,-0.198222,0.146955,-0.19204,0.51359,-0.163283,-0.056519,-0.15608,0.07593,-0.158531,-0.208689,0.133449,0.050752,0.121585,0.203647,0.236789,-0.355779,0.256263,0.249985,0.293855,0.334636,-0.36205,-0.093204,0.284204,-0.181487,-0.156048,0.03694,0.111748,0.077623,-0.450418,0.222851,-0.033728,-0.624895,-0.320655,0.001557,0.087544,0.085902,0.224426,0.129424,-0.054053,0.084151,-0.41625,0.163833,-0.140997,-0.127359,0.027241,-0.00986,0.032346,0.138994,0.114638,0.259373,-0.089804,0.158343,0.011314,-0.358573,-0.260109,-0.066082,0.229567,-0.336282,-0.465463,-0.062302,-0.226251,0.105908,0.132901,-0.051781,0.112186,0.118312,-0.251436,-0.241104,#
11,0.156254,-0.255716,0.172115,-0.143707,-0.006248,-0.109006,-0.182714,0.194432,-0.216519,-0.28362,-0.259322,1.0,-0.275495,-0.043742,-0.171431,-0.085595,0.190165,-0.105004,-0.530504,-0.094023,-0.465805,0.048438,0.106391,-0.007423,-0.191832,0.212265,0.106598,-0.252187,-0.262008,0.068105,-0.04159,0.235791,0.069834,-0.147511,0.247354,-0.041357,-0.36127,0.021681,-0.001402,0.055792,-0.079685,0.159991,-0.076286,-0.275244,0.095363,-0.107915,-0.198898,-0.086654,-0.360555,-0.056976,-0.399897,0.073212,-0.035222,-0.081614,0.193138,-0.181962,-0.213383,-0.098311,-0.00837,0.264558,-0.091098,-0.199688,-0.129383,-0.336373,0.199585,-0.118905,-0.139948,-0.017079,-0.095028,0.191972,0.173016,-0.216996,0.176416,-0.027195,-0.533248,-0.185234,-0.242305,-0.026907,-0.109468,0.451947,0.196863,-0.121817,-0.143279,0.144182,-0.117752,0.138364,0.091814,0.035336,0.095294,-0.432435,0.024344,-0.256137,0.086029,-0.052286,0.058147,-0.333223,-0.120132,0.145541,-0.289251,0.04539,-0.208263,-0.109354,0.12569,0.183763,-0.257632,-0.163256,0.328331,-0.004291,0.011481,0.230689,-0.024304,0.292033,-0.35437,0.24239,-0.039032,-0.173772,-0.119658,0.09078,-0.318117,0.151981,-0.011977,-0.300456,-0.18834,0.262895,-0.231562,0.019653,0.039071,-0.375309,-0.0725,0.21811,-0.178708,0.210721,-0.078586,-0.2275,-0.084299,-0.09274,0.364332,-0.220652,0.211424,-0.148958,0.116851,0.049051,0.234076,-0.388133,-0.396448,0.08928,0.006162,-0.079728,-0.185801,0.342702,-0.072364,-0.234818,0.083187,-0.093305,-0.12425,-0.209492,-0.105682,-0.246933,-0.056545,0.129647,0.245922,0.038477,-0.032647,-0.064648,-0.021766,-0.226164,0.034057,0.124551,0.010475,-0.456365,0.31003,-0.176203,-0.141703,0.188638,0.012439,-0.200466,-0.235209,-0.101282,-0.147531,-0.008951,-0.083746,-0.23848,0.097516,0.367621,0.277019,0.269731,-0.002748,-0.135471,0.101103,-0.13042,0.036194,-0.028768,0.044547,0.125443,0.118487,0.16934,-0.011083,-0.046791,0.0879,-0.148022,#
12,0.070142,0.365504,-0.104336,-0.088138,0.071389,0.02087,0.431031,0.250236,0.500965,0.34516,-0.216754,-0.275495,1.0,0.334399,0.382987,-0.467368,-0.346545,0.490559,0.15346,0.330535,0.330669,0.220758,0.320029,0.00447,-0.247848,-0.171426,0.178135,-0.171148,0.251167,0.13894,-0.364356,0.049805,0.382451,-0.253875,-0.017838,-0.404876,0.04617,-0.163602,0.026618,-0.343261,0.250801,0.640972,-0.002384,0.027713,-0.051132,-0.224323,0.426698,0.517989,-0.027931,-0.083463,0.239801,-0.054528,0.111021,0.078427,-0.300575,0.134083,0.209154,-0.082109,-0.012315,0.099313,0.02541,0.218586,-0.178276,0.199312,0.323243,0.33148,0.17807,0.386336,0.015831,-0.085432,0.39739,0.220027,-0.158342,-0.019119,-0.221161,0.316514,0.128231,-0.069941,-0.208018,-0.193923,0.033567,-0.307887,-0.277628,-0.254123,0.031956,0.449264,-0.002398,0.399731,-0.187423,0.000275,-0.259998,-0.004177,-0.526789,0.325548,-0.33583,0.389103,0.681268,-0.116991,0.329962,-0.310986,0.008479,-0.173783,-0.0641,-0.133174,-0.207489,0.055819,-0.150232,-0.241555,-0.434212,-0.212536,0.661583,-0.230022,-0.142366,-0.35901,0.152776,-0.118526,-0.361013,0.033651,0.165821,-0.580138,-0.097768,-0.297482,0.141943,-0.467935,0.294819,0.426008,-0.34118,0.212997,-0.113901,0.172254,-0.07135,-0.179101,-0.147687,0.104484,0.021334,-0.004636,-0.07656,-0.037018,0.114556,0.031727,-0.074184,-0.14478,-0.187797,-0.066632,-0.004695,-0.045995,-0.181787,0.31718,0.144166,0.072875,-0.231956,-0.38124,0.30008,-0.065042,0.074888,0.447851,0.496953,0.280222,0.15725,-0.254466,-0.090695,-0.177376,-0.092944,0.517708,0.176323,0.264038,0.17755,-0.156732,-0.006505,0.320444,-0.112149,-0.020115,0.163488,-0.094405,0.391535,0.40002,-0.030498,-0.004205,0.240449,-0.343188,0.022225,0.051261,-0.251913,-0.475344,0.097661,0.030879,0.553515,0.044365,-0.641858,0.374803,0.608412,0.048171,-0.113821,-0.398884,-0.252091,-0.250823,-0.049441,-0.195413,0.046009,-0.022899,#
13,0.519382,0.410143,-0.133021,-0.431337,-0.038392,0.487848,0.122464,0.314843,0.300459,0.039754,-0.123389,-0.043742,0.334399,1.0,0.281149,-0.086713,-0.07035,0.179021,0.224408,0.020619,-0.160982,0.229662,0.610113,0.070412,-0.209946,-0.570466,0.311291,0.329306,0.41801,0.202069,-0.42392,0.193604,0.318861,-0.371024,0.064427,-0.056537,-0.235116,0.011563,0.153279,-0.132077,-0.086055,0.193539,0.127215,0.51052,-0.127241,-0.407044,0.277155,0.32797,-0.017575,0.231135,0.340977,0.005669,0.157782,-0.11565,0.006131,0.002225,0.062146,-0.033321,0.055946,0.18566,0.341946,0.163526,-0.063959,0.335804,0.311584,0.566307,-0.101367,0.396843,0.198343,-0.005,-0.01187,-0.142518,0.009224,-0.323525,-0.402468,0.449955,-0.177564,0.100934,-0.445387,-0.228746,-0.507062,-0.357912,-0.295269,0.051294,-0.003271,0.108288,0.11624,-0.216397,-0.172272,-0.415013,-0.520938,-0.228929,-0.571156,0.27938,-0.180856,-0.262139,0.189904,-0.266594,-0.023609,-0.509655,-0.197487,-0.132146,-0.240784,-0.291734,-0.185911,-0.242025,-0.061431,-0.279497,-0.448868,-0.043207,0.435431,0.18983,-0.399135,-0.356126,-0.398857,-0.432711,-0.496484,-0.204712,0.002709,-0.297583,-0.260322,-0.355203,-0.060793,-0.396839,-0.005494,0.224724,-0.253535,-0.057022,-0.11462,-0.311037,-0.465473,0.086388,-0.384298,0.01162,-0.41253,-0.324676,0.216825,-0.563695,-0.168534,-0.266989,-0.179969,-0.246866,-0.657072,-0.178061,-0.265943,-0.170567,-0.471753,0.20934,0.242906,-0.22885,-0.223272,-0.31897,-0.032051,0.008606,-0.435755,0.141807,0.40169,0.287636,-0.310934,0.036501,-0.250458,-0.278995,-0.21294,0.193447,-0.09726,-0.062334,0.07938,0.080873,-0.095105,0.02044,0.095582,0.037978,0.026408,-0.170474,0.603751,0.206217,-0.026784,-0.110022,0.548076,-0.508678,0.263736,0.024666,-0.150207,-0.003683,0.274698,0.066587,0.282682,-0.244411,-0.314192,0.572802,0.016756,0.093583,0.536456,0.245729,-0.06531,0.145805,0.435437,-0.487045,-0.275792,0.109072,#
14,0.130176,0.360961,-0.140785,-0.111095,0.353308,0.042322,0.430337,0.186432,0.33822,0.116483,0.154421,-0.171431,0.382987,0.281149,1.0,-0.424991,0.025964,0.064826,-0.111612,0.042138,0.118601,0.173206,0.175604,0.208987,-0.215537,-0.112915,-0.084059,0.236851,0.289049,-0.121728,-0.366382,-0.071044,0.298886,-0.355757,-0.267849,0.020134,-0.112285,0.001294,0.392353,-0.075062,-0.037704,0.36607,-0.590755,0.383176,-0.141561,0.008237,0.321446,0.135382,0.290145,0.401892,0.115815,0.054464,-0.023303,-0.287622,-0.064093,0.034756,-0.187501,-0.025335,-0.192336,0.284169,0.009266,0.593378,-0.291633,0.221913,0.133152,0.235998,0.214333,0.068818,0.187845,-0.304876,0.030672,-0.065408,0.202276,-0.088152,-0.388065,0.15054,0.090128,-0.214232,-0.1211,-0.532107,-0.281116,-0.125137,-0.161284,-0.366869,-0.433835,0.102638,-0.100958,0.147964,-0.563339,-0.253404,-0.354555,-0.246308,-0.223898,0.240873,-0.124127,-0.024843,0.145175,0.132436,0.213013,-0.445445,0.372377,-0.26256,-0.219937,0.008266,-0.226267,-0.347418,-0.390778,-0.158668,-0.289389,-0.103817,0.191832,-0.166489,-0.194498,-0.408686,-0.247514,-0.191144,-0.285242,-0.414895,-0.199323,-0.213171,-0.349405,-0.247939,-0.21287,-0.250628,0.145996,-0.202134,-0.333788,0.105692,-0.379734,-0.123403,-0.358905,-0.3464,-0.246628,0.198729,-0.078916,0.034776,0.359992,-0.196948,-0.035196,0.029915,-0.271636,-0.339979,-0.279337,-0.222081,-0.064244,-0.231303,-0.173599,0.190844,-0.038917,-0.194579,-0.005701,0.084909,-0.106378,-0.092777,-0.33377,0.302126,0.639736,0.411937,-0.258977,0.110598,0.069554,0.207644,-0.047234,-0.01052,-0.05213,0.425658,0.015383,-0.040881,0.002684,-0.077411,0.135862,0.040161,0.046879,-0.365663,0.359878,-0.021552,-0.094501,-0.283561,0.356011,-0.301463,0.072682,0.427397,0.286831,-0.130743,-0.059448,-0.089175,-0.016993,0.036701,-0.227986,0.181345,0.007065,0.470003,-0.096275,-0.172873,-0.242931,-0.146886,-0.028662,-0.235304,-0.222378,0.323286,#
15,-0.111418,-0.137925,-0.255503,-0.015381,-0.446276,0.130767,-0.215076,-0.061739,-0.284382,0.022743,0.301706,-0.085595,-0.467368,-0.086713,-0.424991,1.0,0.118645,-0.144976,0.283267,-0.003636,-0.143072,0.199253,-0.139199,-0.105248,0.13647,-0.102247,0.035038,0.232894,-0.276138,-0.361747,0.03406,0.152379,-0.079583,0.362732,0.258049,0.243414,0.102584,0.176304,-0.159245,0.1094,0.049094,-0.455226,0.449678,0.102628,0.135791,0.079793,-0.482674,-0.300075,0.15984,0.095573,0.267541,0.220389,-0.161213,0.061087,-0.048235,0.238588,0.358718,-0.190318,0.245364,0.195077,0.107966,-0.360813,0.122461,-0.013376,0.066092,-0.202865,-0.184675,-0.117268,-0.026584,0.039838,-0.013111,-0.062027,0.24387,-0.099242,0.378518,-0.155733,-0.107276,0.03947,0.385989,0.198,-0.041975,-0.001412,0.271213,0.082677,0.183186,0.026549,0.170145,-0.222088,0.227473,0.185695,0.322878,-0.17661,0.380708,-0.285653,0.30964,-0.13236,-0.365139,-0.159528,-0.55746,-0.049463,-0.030753,0.092126,0.009636,0.062438,0.305805,0.065562,0.254805,-0.187007,0.064595,0.129028,-0.247013,0.325934,0.333428,0.143153,-0.263941,-0.042259,0.093253,0.192232,0.066601,0.237435,0.215257,0.425646,0.01311,0.176002,-0.164071,-0.025742,0.424978,-0.092723,0.165138,-0.197134,-0.082326,0.281615,0.212409,0.050087,-0.149675,0.104695,-0.217924,-0.13803,-0.200747,-0.21675,-0.095976,0.11509,-0.086484,0.40479,-0.069684,0.100019,-0.141604,-0.365966,-0.060875,-0.169115,0.092409,0.279828,-0.196216,0.203614,-0.006298,-0.137444,-0.625674,-0.056357,-0.116922,-0.063718,-0.081504,0.041063,-0.214982,-0.162841,-0.272743,-0.078397,-0.090009,-0.001625,-0.130989,0.186814,-0.07453,0.117689,-0.009336,0.164555,-0.337966,-0.228675,0.161036,0.179323,-0.313816,0.245318,0.115246,-0.045403,-0.013761,0.203074,-0.228963,-0.108387,-0.232562,-0.076339,0.132379,-0.161893,-0.392747,-0.255682,-0.117264,0.306519,0.087289,0.273751,0.040762,0.261989,-0.032572,-0.321789,#
16,0.16847,-0.235423,-0.257379,-0.091257,0.218148,0.018944,-0.301508,0.019724,-0.451258,-0.348497,0.081921,0.190165,-0.346545,-0.07035,0.025964,0.118645,1.0,-0.184057,-0.45922,-0.465451,-0.24853,-0.224235,-0.462005,0.02235,-0.046873,-0.034713,-0.478871,0.15979,-0.042455,-0.272016,0.081409,-0.35909,-0.017854,-0.271633,0.158759,0.431701,-0.286986,0.004787,-0.115084,0.289605,-0.254653,-0.422716,-0.056718,0.165885,-0.271606,0.261147,-0.424979,-0.718972,0.033935,0.061251,0.00439,-0.136127,-0.094954,0.027854,0.093117,-0.178777,-0.117849,0.306288,0.111809,0.198244,-0.230833,-0.111825,0.072101,-0.075886,0.337955,-0.073194,0.26009,0.091128,-0.183478,-0.443024,-0.514521,0.182097,0.024219,-0.036781,0.096769,0.113156,0.353097,0.093574,0.130432,0.066657,-0.350525,0.193442,-0.044223,0.175201,0.045308,-0.290498,-0.261907,-0.354206,0.197095,-0.255135,-0.137365,-0.259652,0.409313,-0.648641,0.23475,-0.327936,-0.425888,-0.150861,-0.352278,0.187151,0.268322,-0.263943,0.066657,-0.270985,0.193236,0.06757,0.03776,-0.074461,-0.059016,0.34093,-0.631816,-0.12712,-0.098677,0.153887,-0.353573,0.205043,-0.081363,-0.263692,-0.740111,0.507392,-0.134607,0.138145,-0.646394,0.563555,0.129705,-0.38109,0.027044,-0.191964,-0.286634,-0.1181,-0.217563,0.241817,-0.081912,-0.055725,-0.126524,-0.291985,0.149062,-0.310619,-0.601147,-0.064784,-0.349696,-0.041482,0.07687,-0.122535,0.000259,-0.328973,-0.011212,-0.34496,-0.112215,0.024547,0.152636,0.188179,-0.551391,-0.119669,-0.270802,-0.426749,-0.236921,-0.212666,-0.401408,-0.169737,0.092871,-0.195184,-0.053941,-0.308243,-0.209697,-0.113779,0.023119,-0.055043,0.212732,-0.348816,0.591568,0.030285,-0.263943,-0.126629,-0.238766,-0.28525,-0.158209,-0.076394,0.054281,0.281557,0.112456,-0.099173,0.685006,0.199587,0.241738,-0.020897,-0.132947,0.162737,0.612891,-0.057443,-0.343922,0.212623,0.036164,0.136418,-0.287144,0.577586,-0.116105,-0.197794,-0.49214,0.158246,#
17,0.15958,0.566423,-0.125643,-0.018627,0.226229,-0.065992,0.234421,0.242231,0.414497,0.37548,-0.271979,-0.105004,0.490559,0.179021,0.064826,-0.144976,-0.184057,1.0,0.320005,-0.080327,0.432496,0.144374,0.259418,0.102703,-0.23867,0.07636,0.206241,0.052505,0.333998,0.25051,-0.448298,-0.11165,0.238172,0.032084,0.046675,-0.399298,-0.082536,-0.290857,0.041679,-0.222777,-0.171145,0.297805,0.354721,0.012494,0.021184,-0.380965,0.176859,0.217243,-0.051825,-0.196449,0.405558,-0.004429,-0.048418,0.276238,0.143789,-0.223947,-0.039297,-0.208208,0.141107,-0.088388,0.132748,0.303457,-0.308278,0.261875,0.117734,0.36761,0.025591,0.318671,0.317231,0.087578,0.025793,0.172479,-0.345227,-0.102102,-0.033984,0.46335,-0.298043,-0.198408,-0.260266,-0.328548,-0.082679,-0.308735,-0.373037,-0.092394,-0.128484,0.234838,-0.214758,0.070665,0.100751,-0.215782,0.020038,-0.208296,-0.403494,0.201266,-0.371837,0.120352,0.403524,-0.104004,-0.109282,-0.330738,-0.167235,-0.360827,-0.154592,-0.028907,-0.318517,-0.106099,-0.278276,-0.402829,-0.58338,-0.297889,0.189147,0.112129,0.000688,-0.122264,-0.007879,0.05927,-0.339574,-0.199248,-0.099548,-0.344943,-0.255887,-0.175334,-0.077711,-0.496298,0.129224,0.355037,0.083109,0.03919,0.018829,-0.105506,-0.191868,-0.289492,-0.077843,-0.297398,-0.053713,-0.109579,0.159258,-0.296853,0.347498,-0.331052,-0.312089,0.199588,-0.179097,-0.126365,-0.137557,0.166805,-0.031965,0.355139,-0.286097,-0.099726,-0.272652,-0.191489,0.014345,-0.120115,-0.259423,0.031799,0.383802,0.378567,-0.25452,-0.130848,-0.079064,-0.065684,-0.002063,0.375822,-0.119165,0.586776,-0.043449,-0.008304,-0.078505,0.12474,-0.159878,0.286606,-0.15723,-0.137511,0.214005,-0.16509,-0.233047,0.087703,0.211693,-0.059386,-0.170657,0.012885,-0.023391,-0.158453,0.21671,0.182553,0.480688,0.074632,-0.321533,0.346341,0.223113,0.242323,-0.098604,0.046248,-0.134863,-0.024492,-0.023985,-0.328205,-0.047327,-0.067839,#
18,0.221524,0.437467,0.179588,0.137517,-0.045278,-0.085343,0.064978,-0.213321,0.240422,0.440806,0.138959,-0.530504,0.15346,0.224408,-0.111612,0.283267,-0.45922,0.320005,1.0,-0.088731,0.426552,0.05339,0.160131,0.177785,-0.075637,-0.266283,0.198037,0.010036,0.2011,0.330221,-0.042041,-0.102152,0.00591,0.345918,-0.324366,-0.08905,0.335886,0.13085,0.0397,-0.160139,-0.122218,-0.19374,0.351253,0.16891,-0.195696,-0.386874,0.131108,0.291336,0.161581,-0.106986,0.224042,0.307519,-0.083056,0.188548,-0.062373,0.148274,0.086954,-0.320821,-0.145365,-0.287754,0.305601,0.02747,-0.043669,0.08732,-0.111987,0.036415,-0.116628,0.059322,0.058359,0.089117,-0.051192,-0.070538,-0.006342,0.009095,0.269248,0.169222,-0.28227,-0.007312,0.035666,-0.197282,-0.168924,-0.035008,0.201124,0.269552,0.004479,-0.040294,0.059995,0.131002,0.004193,0.13687,0.186012,-0.110477,-0.281491,0.244753,-0.0937,0.145505,0.213785,-0.053878,0.144684,-0.202397,-0.043985,-0.128401,-0.099622,-0.142479,-0.075465,0.123382,-0.234702,-0.078312,-0.299105,-0.124929,0.250794,0.133973,0.307067,-0.152119,-0.052245,-0.065722,0.098692,-0.094351,0.415189,-0.368015,-0.041081,0.293735,0.191169,-0.376328,-0.14653,0.209487,-0.057127,0.159611,0.006643,-0.281872,0.285601,-0.244492,0.068683,0.288813,-0.285314,0.135658,-0.160901,-0.036984,0.002626,0.045621,0.15254,-0.115128,-0.463367,0.137171,0.170434,0.060271,0.06352,0.10967,0.048727,-0.332795,-0.230838,-0.037875,0.205867,0.119113,-0.105935,0.006501,0.091589,0.345707,0.030065,-0.066752,-0.363702,0.129614,-0.142067,0.076718,-0.022513,0.114738,-0.092966,0.010395,0.010659,0.191588,-0.411966,0.082119,0.087856,0.12188,0.14697,0.270716,0.122756,0.151003,0.080197,-0.259694,0.101409,-0.112207,-0.353521,-0.153491,-0.046741,0.112889,0.114021,-0.002127,-0.254332,0.278013,-0.063204,-0.023563,0.033942,0.23536,0.018541,-0.244033,0.207194,-0.207196,0.067809,-0.204334,#
19,-0.33633,-0.027988,-0.043508,0.036282,-0.269699,0.065103,0.214854,0.060069,0.245062,0.007577,-0.20338,-0.094023,0.330535,0.020619,0.042138,-0.003636,-0.465451,-0.080327,-0.088731,1.0,0.015914,0.328418,0.061541,-0.089658,0.22932,-0.226958,0.222053,-0.176888,-0.186094,-0.216508,-0.258212,0.331954,0.157302,0.14815,-0.025895,-0.289457,0.061559,0.176446,0.261673,0.126538,0.564027,0.427874,-0.11467,-0.325751,0.366948,0.194849,0.197122,0.568314,0.239799,0.135829,0.063129,-0.093684,-0.152368,0.291688,-0.228353,0.417174,0.357581,-0.0772,0.39039,0.250076,-0.01138,0.036464,-0.07651,0.182365,0.047921,0.130089,0.144942,0.256173,0.276469,0.128939,0.540528,0.036704,0.247368,0.31206,0.044278,-0.295486,0.323433,0.236747,0.219032,0.083441,0.330792,0.182298,0.121205,-0.57926,0.295334,0.060542,0.18474,0.365281,0.017956,0.184849,-0.016685,0.196965,0.070153,0.379561,0.153681,0.415772,0.467424,0.094197,0.144928,0.001144,0.057814,0.450123,0.060347,0.305894,0.134394,0.071849,0.13192,-0.175968,0.257842,-0.170881,0.520787,-0.152562,0.161202,0.001767,0.165708,0.086422,-0.042614,0.215626,0.329771,-0.059312,0.270538,-0.007595,0.378395,-0.329096,0.310042,0.46,-0.084563,0.077611,0.302583,0.502689,-0.062593,0.276311,0.037154,0.190511,0.407866,0.140001,-0.219634,0.36581,0.145926,-0.016307,0.351794,0.220422,-0.021704,0.25119,-0.284473,0.03816,-0.465637,0.025405,0.134363,-0.095765,0.084366,0.130455,0.369109,0.382723,0.400702,0.560486,0.066943,-0.162689,0.446784,-0.008188,0.148141,-0.084027,0.038003,0.412091,0.293005,0.055231,0.291445,0.152165,-0.465447,0.31914,-0.487631,-0.047988,0.287832,0.011044,-0.100013,0.2714,0.369109,-0.249697,-0.217802,-0.027615,-0.247105,0.216976,-0.239883,-0.168182,-0.438343,-0.068739,0.243939,-0.174101,-0.521278,-0.239876,0.170009,-0.282051,-0.043874,-0.385272,-0.128903,-0.467732,-0.053612,0.457685,0.289149,-0.116109,#
20,-0.156709,0.251596,0.048395,0.214893,0.027815,-0.268603,0.312407,0.079292,0.235913,0.095015,-0.176395,-0.465805,0.330669,-0.160982,0.118601,-0.143072,-0.24853,0.432496,0.426552,0.015914,1.0,-0.0174,-0.130378,0.098306,0.083426,-0.049278,-0.195967,-0.161587,0.175085,0.234627,-0.085809,-0.357186,-0.060238,0.360381,-0.284127,-0.09018,0.203242,-0.285547,0.294425,0.033705,-0.124903,-0.040786,-0.003419,-0.166144,-0.049935,0.233643,0.229351,0.198777,0.016005,-0.106071,0.080944,0.095456,-0.390662,0.391681,-0.194232,0.064853,0.061593,-0.075261,0.00832,-0.215031,0.232473,0.320256,-0.237164,-0.011211,-0.218,0.017374,-0.154332,0.095229,0.347464,-0.281512,-0.199724,0.196252,-0.271863,0.153322,0.241326,0.181174,0.066385,-0.061782,-0.195903,-0.272991,0.175537,-0.147184,0.163289,-0.316539,-0.065424,-0.086744,-0.115442,0.257347,-0.021911,0.065029,0.156859,0.046706,-0.021444,0.253035,-0.464949,0.103864,0.463518,-0.102047,0.153263,-0.00864,0.095935,-0.160685,-0.073928,-0.127582,-0.095613,-0.092452,-0.183,0.14968,-0.202458,-0.510885,0.183659,-0.150307,0.05719,-0.129279,0.162219,0.280997,-0.022594,0.065036,0.077642,-0.194406,-0.027181,0.28512,0.194304,-0.50337,0.22659,0.108985,-0.039582,0.116582,-0.003933,0.145372,0.252834,-0.458138,0.249142,-0.08629,0.120494,0.185413,-0.216387,0.236508,-0.02164,0.221763,-0.045004,0.035837,-0.034859,0.044017,0.46528,-0.175955,0.059015,0.451847,-0.000958,-0.322362,-0.346672,0.18828,0.329148,0.012799,0.026103,0.253324,0.300555,0.200108,0.089518,-0.195745,0.107413,0.14876,0.008271,0.108649,0.104389,0.495593,-0.064396,-0.348288,-0.307046,0.199864,-0.274443,0.269403,0.137993,0.008725,-0.05211,-0.002408,0.0593,0.29434,0.216508,0.0603,-0.055522,0.323582,0.044498,-0.159481,0.067494,0.052798,0.242826,0.278732,-0.20028,0.114246,0.175526,0.243282,-0.167307,-0.131489,-0.272064,-0.072549,-0.038833,-0.013802,0.185406,0.102176,#
