0,1.0,0.212353,-0.086759,-0.319521,0.556398,0.066929,0.255271,0.062357,0.500844,-0.077746,-0.133814,0.345225,0.497644,-0.102365,0.484331,0.237284,0.199008,-0.035784,0.198417,-0.115236,-0.237802,0.381091,0.063206,-0.197468,-0.084145,-0.162445,-0.117174,-0.120209,0.249187,0.097565,-0.467301,0.024327,-0.139909,0.034398,-0.396099,0.078132,0.282417,-0.060324,0.417501,-0.08118,0.163251,-0.483084,-0.078344,0.181995,-0.015601,0.204436,0.521058,0.119483,0.147454,0.147963,-0.090503,-0.218123,0.142658,-0.187244,0.132032,-0.027674,-0.523756,0.284659,-0.180784,-0.080852,0.123512,-0.069197,-0.110095,0.09035,0.189454,0.293921,-0.139909,-0.082118,0.332491,-0.155311,0.06047,-0.645117,-0.139909,-0.359544,-0.286201,0.002307,-0.210628,-0.22901,-0.513734,-0.271389,-0.085495,-0.553132,-0.148176,-0.394734,-0.01287,-0.1216,-0.541172,-0.286133,-0.074794,-0.273809,0.131219,-0.194323,0.069853,-0.182556,-0.23723,-0.01615,-0.559325,-0.434957,-0.113625,-0.377337,0.157075,-0.469929,-0.341561,-0.384982,-0.21512,-0.299033,-0.390179,-0.175768,0.107119,-0.219247,-0.193261,-0.202075,-0.045325,-0.333283,-0.339139,-0.244818,-0.342541,-0.377088,-0.007113,-0.597113,-0.384989,-0.263787,-0.300723,-0.234344,-0.286484,-0.065136,-0.086503,0.188681,-0.160257,-0.299027,0.077626,-0.427019,-0.100758,-0.101991,-0.367678,-0.469908,-0.202075,-0.559257,0.150637,-0.45002,-0.384962,-0.346879,-0.298994,-0.250783,-0.606206,-0.098538,-0.255379,0.197988,-0.483627,-0.468887,-0.243253,-0.363803,0.202581,-0.245605,-0.316615,-0.253003,0.450397,0.277059,-0.40317,-0.249271,-0.276051,-0.139909,-0.228371,-0.120421,0.010736,0.23548,0.032203,-0.193365,-0.384962,-0.342541,-0.077725,0.251138,-0.078014,-0.295206,0.401606,-0.002498,0.100753,0.296847,0.205664,-0.479864,0.172964,0.123138,0.150924,0.298504,0.317858,-0.212992,0.414727,0.098209,-0.118155,0.486452,-0.393339,0.326097,0.377538,0.226098,0.06725,0.119207,0.329957,-0.284511,-0.032454,0.085316,#
1,0.212353,1.0,-0.085306,0.274489,0.270223,0.08064,-0.2542,-0.280711,-0.074926,-0.065104,-0.302507,0.050282,-0.018558,-0.00626,0.326504,-0.042977,-0.230116,-0.089261,-0.163213,-0.279237,0.125166,0.186883,0.13782,-0.077919,0.035768,-0.225306,-0.032901,0.013379,0.358459,0.208749,-0.535568,-0.058241,-0.114671,0.188215,-0.155437,0.226,0.286761,-0.031821,0.524478,0.031768,0.51617,-0.536074,0.313231,0.260046,-0.277403,0.082301,0.236042,0.099791,0.026282,0.058746,-0.148811,-0.123106,0.201202,0.053923,0.033422,-0.144301,0.049314,0.245684,-0.240004,-0.122839,0.001414,-0.242161,-0.003707,0.026603,0.068611,-0.040103,-0.114671,0.226885,0.350379,0.144575,-0.067965,-0.270471,-0.114671,-0.05957,0.113764,-0.122768,0.093305,0.20869,-0.048429,-0.119584,-0.131755,-0.210431,-0.169881,-0.037298,0.012599,-0.198619,-0.229763,-0.19911,0.025213,0.068544,0.003919,0.131143,0.055267,0.110126,-0.350167,-0.239722,-0.282026,0.048916,-0.197653,0.181882,0.186892,0.19925,0.069837,-0.315534,-0.230218,-0.245089,-0.369453,0.255573,0.26166,-0.082981,-0.064241,0.159648,-0.275137,-0.231091,0.17394,0.068399,-0.280749,-0.030352,-0.047536,0.114667,-0.112793,-0.316597,0.106866,0.160725,0.138775,-0.076097,0.000819,0.079381,0.263352,0.248431,-0.042636,-0.151343,-0.086484,-0.06402,-0.102395,-0.197772,-0.165622,-0.279976,0.315963,-0.083948,-0.315518,0.066123,0.255941,-0.432134,-0.133516,-0.16662,0.043995,-0.057193,-0.162741,-0.193248,-0.26881,-0.102395,0.110044,0.055246,0.01255,0.059114,-0.012525,-0.020329,-0.034862,-0.144443,0.0415,-0.114671,-0.101062,-0.318492,-0.183028,0.149649,0.153364,-0.680812,-0.102668,-0.063459,-0.194415,-0.053315,-0.24484,0.149944,0.013605,0.255422,0.199388,-0.026559,0.021934,-0.253616,-0.18479,-0.038807,0.037439,-0.006695,0.233396,-0.237877,0.210831,-0.191443,-0.093153,0.164076,0.130329,0.230893,0.105629,0.235251,0.090517,-0.076694,0.057162,-0.254472,-0.123818,0.204194,#
2,-0.086759,-0.085306,1.0,0.254737,-0.252347,-0.343475,0.031943,0.058351,0.064306,0.015945,0.089604,-0.200235,-0.045,0.079531,0.05447,-0.216111,-0.172235,0.371266,0.273888,0.244157,-0.182747,0.166387,0.152422,0.207225,0.049356,-0.007047,0.198394,-0.150846,0.331306,-0.392377,0.069652,0.189335,0.194149,-0.005126,-0.326939,0.08357,-0.14905,0.224258,0.246174,-0.436199,-0.163045,0.375555,-0.07495,-0.2511,0.218736,-0.52347,0.335636,0.197746,-0.399999,0.162332,-0.295099,0.019983,-0.267387,0.233098,-0.245883,-0.220575,-0.052079,-0.071456,-0.380259,-0.146188,0.220752,0.170897,-0.038594,-0.235306,-0.032224,0.32476,0.194149,-0.003294,-0.193419,-0.017519,0.032215,-0.058772,0.147026,0.32807,0.039489,0.193445,0.12768,-0.189766,-0.016341,-0.184819,-0.022339,0.112289,-0.264461,0.262055,0.081979,0.079212,0.116182,-0.084655,-0.289875,-0.030156,0.165993,-0.461305,0.119766,0.291733,0.183604,0.49658,0.225187,0.292558,-0.092496,-0.002329,-0.313854,-0.256779,-0.215824,0.116967,-0.058942,0.180897,0.18561,0.275119,0.205294,0.225747,0.385203,-0.04299,0.102036,0.158897,0.340304,-0.170256,-0.146104,-0.028654,0.221564,0.03436,-0.078226,0.305908,0.024713,-0.044297,-0.107216,0.391523,0.15352,-0.251115,0.067497,-0.048733,0.444727,0.174669,0.014077,-0.050514,0.328324,0.066851,-0.019858,0.400055,0.166778,-0.152429,0.295051,0.246155,0.149236,-0.180115,-0.024573,0.057894,0.037684,-0.158159,-0.26884,0.299073,0.332687,0.503073,0.50499,0.209427,0.218069,0.332329,0.009275,0.074265,0.098821,0.05172,0.244475,-0.229963,0.225734,0.151708,-0.096199,-0.18859,-0.154458,-0.178791,-0.086935,0.248087,-0.081613,0.289535,-0.044796,0.096099,-0.141175,0.294423,-0.331589,0.07385,-0.017665,0.02103,0.151819,0.160711,-0.208096,0.00607,-0.521202,0.21045,-0.049092,0.369281,0.040335,-0.215551,0.25283,-0.178251,-0.341312,-0.078224,-0.345591,-0.067529,-0.259489,-0.10836,0.259481,-0.392318,#
3,-0.319521,0.274489,0.254737,1.0,-0.340874,-0.08586,-0.391009,0.004959,-0.498461,-0.277822,-0.011007,-0.298042,-0.327358,-0.067925,-0.001152,0.016585,-0.047638,-0.108112,-0.023785,-0.010395,-0.090163,0.091062,-0.330794,-0.168678,0.195644,0.253012,-0.156872,0.249476,0.032283,-0.215661,-0.076964,0.048578,0.175935,-0.10722,-0.280457,-0.153697,-0.235566,0.104211,0.254111,0.200112,-0.033151,-0.044803,0.200197,-0.02596,-0.021032,0.138342,-0.103872,-0.460887,-0.228172,-0.006165,-0.257469,0.265798,-0.072023,0.279134,0.011051,0.321617,0.194423,0.072668,-0.163816,-0.100825,-0.132226,-0.118485,0.209516,0.211645,-0.145619,-0.38703,-0.249714,0.139794,-0.420881,-0.070693,0.078664,0.118999,0.12864,0.428604,-0.048399,0.364371,0.26702,0.414159,0.243389,-0.097672,0.068115,0.038546,-0.000672,0.181526,-0.006839,0.042903,0.178404,0.040768,0.12819,-0.092597,0.250638,0.273377,0.047558,0.050329,-0.045097,0.089841,0.147526,0.388103,0.034169,0.005577,-0.011019,0.20638,0.192629,0.249697,-0.140279,-0.101862,0.247879,0.262666,0.342674,0.154257,-0.039483,-0.070469,-0.32007,-0.092501,0.123192,0.3119,0.415829,0.046107,-0.377021,0.614199,0.07242,-0.268621,0.111299,0.543085,0.441969,0.001182,-0.097058,-0.218847,0.063142,0.35942,-0.197805,-0.077306,0.102662,-0.154901,0.208605,0.191144,0.242946,0.150879,-0.142609,0.087428,-0.135171,0.230526,0.343254,-0.168586,0.061979,-0.009195,-0.030156,-0.329156,0.136167,0.219787,0.23908,0.373298,0.287689,0.14162,0.126373,0.309005,-0.066695,-0.546661,0.037334,0.00158,-0.056379,-0.249714,0.169993,-0.253996,-0.345678,-0.294718,0.026078,-0.240636,0.255221,-0.204353,-0.208056,-0.329868,0.156613,0.324046,-0.041591,0.036678,-0.03514,-0.216064,-0.444671,0.109844,-0.274898,-0.083938,0.065498,-0.108404,-0.079909,-0.143606,-0.141862,-0.186753,0.420165,-0.292885,0.184764,0.081589,-0.079733,-0.397995,-0.08387,0.023647,-0.375781,0.118331,-0.19735,-0.146598,#
4,0.556398,0.270223,-0.252347,-0.340874,1.0,0.077971,0.07398,-0.030655,0.161706,0.103224,-0.487488,0.253382,0.362018,-0.048881,0.167138,0.046962,-0.06329,0.124662,-0.049914,-0.169752,0.348779,-0.057697,0.424543,-0.326715,-0.137419,-0.246094,0.035515,-0.162411,0.02831,0.244252,-0.327328,-0.0039,-0.249662,0.135254,-0.214952,0.366161,0.266816,-0.363945,0.241945,-0.271848,0.264373,-0.354075,0.194049,0.167006,-0.155617,-0.031537,0.394919,0.370689,0.325945,-0.220643,-0.173958,-0.592467,0.109636,-0.309333,0.167413,-0.228362,-0.42133,-0.055316,0.062038,0.128291,0.232401,0.095968,-0.197188,-0.20894,0.006098,0.476966,-0.249662,0.076455,0.356698,0.016229,0.085501,-0.634082,-0.249662,-0.600798,-0.245706,-0.00962,-0.329717,-0.280878,-0.402626,-0.269117,-0.113005,-0.628067,-0.377265,-0.300937,-0.399886,-0.347243,-0.786165,0.019508,0.143594,0.034279,-0.477116,-0.307885,-0.288408,-0.133195,-0.224609,-0.444966,-0.667945,-0.435251,-0.154418,-0.118678,0.06967,-0.311491,-0.363616,-0.311703,-0.466501,-0.533611,-0.314599,-0.209459,0.108399,-0.509479,0.19269,0.230581,-0.210939,-0.588381,-0.381821,-0.031049,-0.40635,-0.477667,0.055993,-0.583485,-0.307543,-0.149011,-0.406386,-0.320693,-0.04002,0.126946,-0.318577,0.358172,-0.139883,-0.322374,-0.258697,-0.047013,-0.417429,0.207534,-0.53821,-0.487859,-0.360594,-0.50833,0.081767,-0.400531,-0.508252,-0.342451,-0.096108,-0.133448,-0.605711,-0.226597,-0.222853,0.601415,-0.535351,-0.353536,-0.593263,-0.373812,0.037837,-0.418787,-0.225692,-0.218806,0.363783,0.46968,-0.471742,-0.244127,-0.230579,0.183556,-0.373971,-0.128898,-0.052002,0.197111,-0.007188,-0.240442,-0.686948,-0.014856,-0.196886,0.288618,-0.326521,-0.597888,0.283467,-0.035916,0.241538,0.473184,0.366377,-0.515676,0.399952,-0.019595,0.047259,0.050479,0.558836,-0.339477,0.396314,-0.059139,-0.334444,0.522881,-0.478137,0.225427,0.484811,0.225021,-0.100381,0.305205,0.391128,-0.414816,-0.357371,-0.135887,#
5,0.066929,0.08064,-0.343475,-0.08586,0.077971,1.0,0.288684,0.362927,-0.242286,0.006351,-0.271775,0.189006,-0.100826,0.462264,-0.062435,0.022179,-0.01566,0.01949,-0.181349,-0.23327,0.197564,0.171251,0.031145,-0.383781,0.270086,-0.167016,0.051891,-0.231441,-0.147021,0.18711,-0.008275,0.051709,0.228771,-0.153115,-0.086276,0.10416,-0.01043,-0.103017,0.029008,-0.078047,0.334493,-0.067783,0.247941,0.203148,-0.096423,0.161158,0.001058,0.305674,0.287745,-0.150203,0.278255,0.030446,0.260714,-0.338396,0.001605,-0.008114,0.245769,0.189993,-0.05116,0.088722,0.125994,-0.192067,-0.211546,0.216412,-0.029953,-0.208238,-0.180874,0.286331,0.349129,-0.37379,-0.338943,-0.234077,-0.180874,-0.165859,-0.025054,-0.386424,0.06585,0.138574,-0.322193,0.020585,0.01746,-0.265121,0.42359,-0.436821,0.089664,0.232511,0.044547,0.095076,-0.180455,-0.135134,-0.020532,0.060392,0.150444,-0.49779,-0.007574,-0.333873,-0.21706,-0.126963,0.257176,-0.288769,0.305752,-0.083576,0.217638,-0.497702,0.043839,-0.386588,-0.181697,-0.637005,-0.218492,-0.561838,-0.267106,0.04039,-0.087841,-0.172586,-0.042283,-0.001798,-0.032543,-0.300261,-0.016533,-0.20971,-0.107519,-0.006618,-0.029085,-0.276005,0.019136,-0.080299,-0.175575,-0.110124,-0.009995,-0.17087,-0.282546,-0.190588,-0.02133,0.077624,-0.162128,-0.07983,0.04039,-0.220608,-0.210849,-0.029315,-0.497677,-0.242003,-0.161426,-0.300686,0.016815,0.04888,-0.005738,0.051632,-0.064186,-0.115148,-0.210069,0.002469,-0.300545,0.156445,-0.045277,-0.075497,0.514202,0.089877,-0.111581,0.153564,-0.05043,0.244527,0.074819,0.014932,-0.029838,0.55256,0.573375,0.21881,-0.121963,-0.024653,0.257784,0.07996,0.070148,0.059818,0.471784,-0.100832,0.017159,0.098944,0.205425,-0.099979,0.010667,-0.154752,-0.002191,0.17236,0.50341,-0.462456,0.161664,-7.2e-05,-0.053083,0.222586,-0.11164,0.159626,0.318484,-0.047411,0.339152,0.239155,0.249091,-0.185607,-0.052613,0.241582,#
6,0.255271,-0.2542,0.031943,-0.391009,0.07398,0.288684,1.0,0.218682,0.407503,0.024521,0.285509,0.336318,-0.042927,0.073426,0.054674,0.334165,-0.019209,-0.079954,0.383556,-0.134346,-0.020152,0.133142,0.002494,-0.097289,-0.071829,-0.011337,0.008966,-0.232636,0.357471,-0.138676,-0.243746,0.021744,-0.230068,-0.328257,-0.019097,0.243757,0.201855,0.114258,-0.039593,-0.238765,0.018881,0.052314,-0.266051,0.148074,-0.073125,-0.075448,0.162347,0.179763,0.079383,0.168543,0.064904,0.016119,-0.00903,-0.026974,-0.261735,-0.228025,-0.028378,-0.088075,-0.204917,0.331333,0.24932,0.12627,-0.192199,0.19739,-0.054762,-0.07601,0.198926,0.017226,0.383953,-0.278203,-0.097756,-0.184996,-0.230068,-0.3355,-0.309688,-0.119949,-0.057097,-0.333607,-0.506629,-0.201402,-0.037461,-0.211648,0.028333,-0.531752,-0.132458,0.074753,-0.197934,-0.264443,-0.283788,0.1145,-0.001882,-0.070184,0.128443,-0.246421,-0.360181,-0.018952,-0.409451,-0.525846,-0.264072,-0.015372,0.028515,-0.251196,-0.254125,-0.454402,0.116561,-0.035432,-0.363076,-0.333353,-0.200953,-0.25431,-0.232688,-0.028114,0.055548,0.163372,-0.114826,-0.364471,-0.356397,-0.191347,-0.015122,-0.473891,-0.247014,0.120291,-0.143482,-0.387551,-0.261872,0.019872,-0.261132,0.116649,-0.12302,-0.274189,-0.096329,-0.16593,-0.309687,0.156441,-0.201403,-0.247459,-0.028114,-0.428611,-0.11366,-0.140512,-0.058873,-0.293291,-0.491667,-0.045153,-0.020001,0.122364,-0.508885,0.262729,-0.115062,-0.268871,-0.132695,-0.038608,-0.283145,0.019559,-0.136687,-0.41604,0.182946,0.526255,-0.054201,-0.185344,-0.133036,-0.230068,-0.114679,-0.053355,-0.110485,0.507633,-0.158243,0.116419,-0.05929,-0.16057,-0.021756,0.31358,-0.0566,-0.257862,0.400886,-0.258352,-0.051427,0.427072,0.24532,-0.227568,0.514943,0.031408,0.161818,0.509925,0.3247,-0.052761,0.281584,0.308294,-0.044858,0.284126,-0.203157,0.338238,0.246732,0.173063,-0.123158,0.187538,0.543076,-0.154131,0.002905,0.292563,#
7,0.062357,-0.280711,0.058351,0.004959,-0.030655,0.362927,0.218682,1.0,-0.214057,-0.175307,-0.206781,-0.269289,-0.153928,0.330559,0.176137,-0.162943,0.034808,-0.142768,0.133043,0.015646,-0.317029,0.213991,-0.120547,-0.407731,0.117001,0.028668,0.145793,-0.102547,-0.376007,0.018207,0.145273,0.100688,0.420043,-0.37256,0.048941,0.069264,-0.135454,0.094248,-0.147322,-0.342505,-0.160584,0.273445,0.262795,0.116584,-0.050788,0.10431,0.146273,-0.107343,-0.21076,-0.024089,-0.211257,0.16005,0.096902,-0.364951,-0.010854,0.223353,0.021292,0.041389,-0.072817,0.018472,0.157741,0.329879,-0.29526,0.239819,0.274129,0.113865,-0.101999,0.160244,-0.041498,-0.430831,-0.08563,-0.165889,-0.101999,-0.154672,-0.142662,-0.032429,-0.032021,-0.226118,-0.37453,-0.026015,0.184291,-0.309523,0.317994,-0.308595,-0.078415,0.295916,0.087861,0.096482,-0.217858,-0.072652,-0.017602,-0.280506,-0.024684,-0.280715,0.142444,0.042101,-0.19553,-0.027499,0.099554,-0.325983,0.058872,-0.342595,0.188022,-0.280665,-0.105916,-0.218005,0.147869,-0.417343,-0.102884,-0.40753,-0.274633,0.237072,0.205699,0.044349,-0.268119,0.128764,0.011709,-0.139435,0.047039,0.022804,-0.28067,0.163202,-0.359384,-0.127783,0.153434,0.005831,-0.217783,-0.262237,0.187075,-0.218001,0.136307,-0.311312,-0.144227,0.081022,-0.113431,-0.129671,0.237072,0.009631,-0.314021,-0.147714,-0.280651,-0.403625,0.068899,0.045221,-0.06099,-0.238845,-0.076212,-0.194574,0.111101,0.079589,0.059665,0.092294,0.189113,0.153409,0.306722,0.136165,0.31811,0.035803,-0.307508,0.363309,-0.0924,-0.101999,0.198677,-0.040601,-0.06288,0.298477,0.020874,0.341813,-0.280651,0.011709,0.007552,0.207907,0.072992,0.13043,0.32978,0.003429,-0.147074,0.115476,0.072985,0.032471,-0.04845,-0.161388,-0.052814,0.059686,0.148462,-0.111231,0.038974,0.240347,0.135231,-0.128044,-0.307671,0.14687,0.027555,0.019729,0.051851,0.22848,-0.018642,-0.165,0.058195,-0.13016,#
8,0.500844,-0.074926,0.064306,-0.498461,0.161706,-0.242286,0.407503,-0.214057,1.0,-0.099807,0.336576,0.271074,0.305789,-0.149869,0.176592,0.136139,0.223699,0.256273,0.3216,0.025358,-0.177566,-0.093131,0.159393,0.166342,-0.197238,-0.110886,-0.01301,0.061122,0.175086,-0.192569,-0.136188,0.134646,-0.166565,0.059315,-0.049151,-0.216688,0.557018,-0.104713,0.36319,-0.207874,-0.085246,-0.130951,-0.203505,0.066754,0.175837,-0.094913,0.277689,0.27483,0.078241,0.214133,0.235231,-0.127641,-0.101436,0.250698,-0.399879,0.037953,-0.21257,-0.002034,-0.33071,0.258603,-0.25212,-0.137242,-0.180416,0.032925,0.081452,0.118907,0.267534,-0.102783,0.247573,0.244315,0.186388,-0.119274,-0.166565,-0.112563,-0.117635,-0.234885,0.106082,-0.233321,-0.275822,0.077313,-0.076774,-0.051017,0.020591,0.111903,0.024749,-0.037353,-0.194394,-0.224342,-0.145684,-0.229932,0.244948,-0.09705,-0.050072,0.305406,-0.162191,0.230279,-0.165125,-0.250863,-0.225275,0.086497,-0.015354,-0.217448,-0.506367,-0.09675,0.280328,0.31142,-0.256226,0.248993,-0.168037,0.165132,0.035423,-0.240575,0.333473,0.235948,0.025949,-0.508581,-0.217696,-0.17615,0.074155,-0.426674,-0.085627,0.110082,-0.12094,-0.547015,-0.405776,-0.006853,-0.122806,0.295582,-0.104098,-0.144343,0.387454,0.037948,0.036321,-0.038157,0.119383,-0.214995,0.044003,-0.175174,0.108802,0.047733,0.301746,0.098442,-0.355959,-0.13951,-0.2161,-0.082309,-0.141917,0.267882,-0.12146,-0.199923,0.081509,-0.220176,-0.089753,-0.139525,-0.127408,-0.301206,-0.098705,0.314389,0.10668,-0.154677,0.16688,-0.166565,-0.169884,0.245867,0.18381,-0.034143,-0.214518,-0.083981,-0.082072,-0.000304,-0.201535,0.162637,0.062766,-0.132439,-0.111346,-0.181988,0.043475,0.203352,0.001713,-0.283358,0.271558,0.073154,-0.093981,0.010629,-0.092009,0.218647,0.042108,0.198971,-0.283518,0.134967,0.116155,-0.073799,-0.132176,0.145143,0.022025,-0.017132,0.180785,-0.115156,0.020576,0.009713,#
9,-0.077746,-0.065104,0.015945,-0.277822,0.103224,0.006351,0.024521,-0.175307,-0.099807,1.0,-0.251527,0.324882,0.292973,0.427687,-0.594065,-0.226934,-0.67701,0.327509,-0.134563,0.034695,0.28354,-0.154347,-0.157944,0.066379,0.239872,0.30799,0.391436,-0.452483,-0.012671,0.251839,0.188492,-0.321581,-0.229843,0.325506,-0.090348,0.604006,0.016698,-0.249423,-0.331974,-0.090577,0.161079,0.232336,0.140636,0.265023,0.09206,-0.337821,-0.334702,0.292967,0.078623,-0.049603,-0.237038,-0.341436,-0.097772,-0.150052,-0.074368,-0.672614,-0.049392,-0.134728,0.487163,-0.042588,-0.199844,0.366759,-0.060504,-0.482855,-0.078937,-0.061783,0.20352,0.231864,-0.008445,0.025143,-0.20322,-0.234434,0.155369,-0.019974,0.500946,-0.255893,-0.07226,-0.35673,0.139554,0.280099,-0.051386,0.092141,-0.135115,-0.205094,0.356497,-0.276772,-0.061879,-0.08225,-0.075501,0.435225,-0.369652,0.078013,-0.211397,0.290359,0.004474,0.142218,0.053059,0.113003,0.076273,0.229258,-0.282723,-0.105191,0.218769,0.093308,-0.052076,-0.059295,-0.039528,-0.102574,-0.000571,0.049539,0.312819,0.259404,0.034539,-0.036127,0.046973,-0.00805,-0.171547,-0.069475,0.319227,-0.349455,0.112116,0.274199,0.184679,0.06802,-0.369175,0.232549,0.158895,0.029958,0.002665,0.36687,-0.116048,0.545235,-0.010114,0.595663,-0.209936,0.073238,-0.059237,0.219972,0.388625,-0.145486,0.290804,-0.029989,-0.083008,0.171088,0.283741,0.001355,0.384564,-0.021475,-0.147089,0.247816,-0.330933,-0.209936,0.103726,0.180275,0.340382,0.073405,0.019022,0.163094,0.10326,0.179604,0.276005,0.20352,-0.291009,0.463034,0.036053,-0.023886,-0.15036,-0.095059,0.086392,0.250891,-0.036518,-0.202289,-0.081494,-0.289144,-0.000306,0.257856,-0.048247,0.077069,0.57277,0.094328,-0.004667,-0.013,-0.359091,-0.064619,-0.176416,-0.071705,0.037794,-0.070085,-0.403459,0.28039,0.10657,-0.50205,-0.142252,0.007527,0.006664,-0.266145,-0.233432,0.006865,0.380708,-0.040627,#
10,-0.133814,-0.302507,0.089604,-0.011007,-0.487488,-0.271775,0.285509,-0.206781,0.336576,-0.251527,1.0,-0.107972,-0.291494,-0.232361,0.003289,0.397112,0.114537,-0.25134,0.446164,0.211417,-0.256066,0.095551,-0.305604,0.324895,-0.33398,0.266497,-0.352222,0.337708,0.051922,-0.442729,0.094819,0.045516,-0.249737,-0.248936,0.370833,-0.316158,0.103242,0.354323,-0.063503,0.381599,-0.209834,-0.015609,-0.401907,-0.259007,0.010918,0.094129,-0.273297,-0.46016,0.158132,-0.002818,0.335874,0.35436,-0.043192,0.434184,-0.354382,0.186473,0.191873,-0.227533,-0.119153,0.05141,-0.093607,-0.100642,0.266371,0.043335,0.154326,-0.227882,0.185851,-0.241647,-0.360055,0.081454,-0.05046,0.455218,0.153585,0.260064,-0.075702,-0.008291,0.078943,0.093753,0.259835,0.047681,0.231912,0.333487,-0.021715,0.177341,0.143517,0.211833,0.344968,0.02664,-0.085456,-0.092277,0.402894,0.071315,0.421094,0.071799,0.111433,0.262148,0.157428,0.037504,-0.144742,0.188772,-0.179816,0.027025,-0.322224,0.437126,0.506661,0.354488,-0.093597,0.349252,-0.222084,0.500374,-0.127689,-0.360703,0.018028,0.597155,0.125067,-0.227142,0.197384,0.221741,-0.214567,0.109939,0.071247,-0.076622,0.411327,0.19016,0.029639,-0.165729,0.137226,-0.114127,0.064339,0.12437,0.325556,-0.039638,0.085094,-0.259955,0.564054,0.197698,0.233707,0.14519,-0.339499,0.407519,0.445421,0.319674,-0.324378,-0.007116,0.244581,0.30493,-0.212871,-0.150081,0.303633,-0.122247,0.285073,0.22333,-0.313774,-0.025687,-0.195354,-0.203908,-0.418487,-0.032694,0.335161,-0.035269,0.111276,-0.249737,0.167,0.061475,0.130885,-0.292968,-0.200057,0.094933,0.444998,-0.202536,0.035417,-0.23511,0.120252,0.338343,-0.179868,-0.330446,-0.360102,0.001351,-0.477411,0.190908,-0.053989,0.084226,0.082731,0.227186,-0.238713,0.547673,-0.296626,0.015995,0.343708,-0.238689,0.184121,0.103593,-0.050863,-0.215173,-0.048628,-0.010115,0.040791,0.104625,0.09881,0.061672,#
11,0.345225,0.050282,-0.200235,-0.298042,0.253382,0.189006,0.336318,-0.269289,0.271074,0.324882,-0.107972,1.0,0.1313,0.014002,-0.053513,0.265561,-0.132307,0.037904,-0.146295,-0.446077,-0.059623,0.061429,-0.065552,0.096838,0.172051,-0.164021,0.078611,-0.445558,0.101503,-0.008541,-0.290944,-0.08571,-0.271822,0.196737,-0.382266,0.333182,0.001294,-0.322946,0.223805,-0.002512,0.40471,-0.111589,-0.163738,-0.091577,-0.211138,0.09787,-0.028,0.364933,0.294005,-0.159662,0.118096,-0.216748,-0.159311,-0.160521,0.024624,-0.298508,-0.386846,-0.017087,-0.130722,0.11118,-0.179429,0.264982,0.039743,0.016008,0.032233,-0.242779,-0.271822,0.098251,0.353102,0.035786,-0.136133,-0.270088,0.138537,-0.332236,-0.191388,-0.168001,-0.179337,0.115859,-0.135869,-0.207829,-0.362761,-0.0809,0.0406,-0.247478,0.006435,-0.047142,-0.393773,-0.373792,-0.146981,0.131133,-0.068839,0.206124,-0.0283,0.004965,-0.290008,-0.003418,-0.244362,-0.193165,-0.205985,-0.123335,0.085705,-0.017971,0.039753,-0.194234,0.093848,-0.139719,-0.078128,-0.238283,-0.311736,-0.09359,-0.198496,-0.078356,-0.274358,-0.159287,0.040964,-0.106531,-0.257693,-0.239382,-0.173046,-0.358817,0.039049,-0.2167,-0.021017,-0.258121,-0.045265,-0.115412,0.092626,0.071442,-0.03418,-0.140146,-0.203057,0.079239,-0.013444,0.152413,-0.310691,-0.018272,-0.102064,-0.426296,0.388957,-0.185685,0.001807,-0.074566,-0.367922,-0.174695,-0.015871,-0.111919,-0.278068,0.062226,-0.310907,-0.416683,-0.357133,-0.317698,-0.192695,-0.293994,0.018131,-0.491546,0.338644,0.192241,0.084443,-0.11959,0.179628,0.171366,-0.26412,0.12181,-0.123647,0.092315,0.17319,0.018106,0.210423,-0.249472,-0.154508,0.099775,0.084499,-0.370911,0.081377,-0.306751,-0.102358,0.012603,0.297248,-0.107532,0.29336,0.171478,0.097194,-0.071586,0.288172,-0.347676,-0.021923,-0.025467,-0.153078,0.437883,0.094103,0.117392,0.337778,-0.053884,0.153951,-0.103143,0.234589,-0.189851,0.084558,-0.02104,#
12,0.497644,-0.018558,-0.045,-0.327358,0.362018,-0.100826,-0.042927,-0.153928,0.305789,0.292973,-0.291494,0.1313,1.0,0.191037,0.120416,-0.079823,0.046994,0.287945,0.235716,-0.093499,-0.128446,0.072433,0.145799,-0.00539,-0.199974,0.036091,0.283876,-0.009541,0.124457,-0.098028,-0.182825,0.265901,-0.212162,0.389167,-0.170055,0.136216,0.298086,-0.107767,-0.00444,-0.022304,0.04934,-0.015344,0.058612,0.190749,0.304737,-0.106815,0.268908,0.190599,-0.128432,0.31327,-0.231222,-0.23997,0.178442,-0.081865,0.079839,-0.355533,-0.487651,0.430515,0.198378,-0.240227,-0.189517,-0.237811,-0.279532,-0.113265,0.172909,0.157729,0.214056,-0.369948,0.161455,-0.171177,0.027634,-0.398215,-0.212162,-0.119582,-0.05064,-0.04848,-0.025776,-0.404976,-0.11965,-0.113207,-0.286303,-0.282511,-0.201556,-0.269786,-0.032951,-0.538436,-0.124949,-0.20082,-0.246887,-0.111199,-0.079668,-0.228999,-0.126555,0.166052,-0.109067,-0.130085,-0.038107,-0.121598,-0.039589,-0.485412,0.274522,-0.041003,-0.316659,-0.218338,-0.263766,0.193295,-0.240734,-0.227543,0.034586,-0.038689,0.189362,-0.02702,0.283362,-0.11042,-0.344379,-0.294602,-0.332782,-0.11953,0.224204,-0.539829,-0.036324,-0.121316,-0.1965,-0.164093,-0.336748,-0.046142,-0.241974,0.327196,-0.452938,-0.037827,0.033837,0.251018,0.087463,0.115923,-0.24312,-0.206624,-0.02702,-0.028846,0.171032,-0.514104,-0.206916,-0.104964,-0.24858,0.236104,-0.263367,-0.046104,0.242546,0.31475,-0.513549,0.139296,0.089236,-0.249859,0.12926,-0.114749,-0.030098,-0.154752,0.272593,0.373316,-0.435282,-0.297199,-0.165405,0.214056,-0.364012,-0.099509,0.439836,0.109193,-0.11397,0.035014,-0.407957,0.094109,0.116576,0.248486,-0.042185,-0.313235,0.115259,0.180736,-0.027421,0.358265,0.405639,-0.399535,0.116749,0.29102,-0.076428,0.129017,-0.06409,-0.052018,0.405997,-0.075236,-0.337502,0.364662,-0.275099,-0.076188,0.008913,0.401701,0.09835,-0.034651,0.108963,-0.068644,0.071898,0.019381,#
13,-0.102365,-0.00626,0.079531,-0.067925,-0.048881,0.462264,0.073426,0.330559,-0.149869,0.427687,-0.232361,0.014002,0.191037,1.0,-0.158696,-0.086388,-0.384925,0.265056,0.12081,-0.267866,0.028247,0.150438,-0.027694,-0.138172,0.133152,0.135007,0.384149,-0.055434,-0.240583,-0.046998,0.350377,0.185862,0.144803,-0.023781,-0.237393,0.278278,0.089207,-0.125691,-0.115994,-0.269119,-0.025756,0.297571,0.689341,0.276053,0.005466,-0.171592,-0.004511,0.236664,-0.037249,-0.149442,-0.184376,0.046801,0.047312,-0.286672,-0.380763,-0.309889,0.293625,0.093347,0.161661,-0.281978,-0.163373,0.274647,-0.195805,0.049854,0.196628,-0.041318,0.161798,0.044358,-0.019364,-0.160749,-0.141391,-0.147843,0.127807,0.139297,0.264324,-0.533812,0.180673,-0.35766,-0.036315,0.256005,0.073839,-0.143646,-0.038292,-0.147526,0.323286,-0.108634,0.187584,-0.085296,-0.185583,0.078618,-0.180407,-0.041948,0.06706,0.17509,0.224539,-0.032741,0.02727,0.250728,0.090788,-0.029202,0.079064,-0.095822,0.105448,-0.041784,0.020984,0.061354,-0.018915,-0.324267,0.007516,-0.312457,-0.137821,0.19711,0.206456,0.318249,-0.030703,0.041021,-0.305099,-0.169956,0.349637,-0.299591,-0.228046,0.240608,0.08412,-0.168054,-0.067266,0.032402,-0.183608,-0.261193,-0.092834,0.045211,0.068693,0.428121,-0.100555,0.376163,-0.048553,-0.099568,0.19711,0.377726,0.14917,-0.099384,-0.033135,-0.072925,0.048981,-0.226809,0.077438,0.097325,0.250558,-0.137921,-0.216632,0.276577,-0.114106,0.121742,-0.226637,0.435037,0.482409,-0.019391,0.184126,0.238728,-0.144476,0.227984,0.228388,0.161798,-1.6e-05,0.271249,0.157848,0.124288,0.141154,0.305431,-0.242013,0.355467,-0.135558,0.104887,-0.164675,0.0608,0.123264,0.14596,-0.128529,0.236847,0.324971,-0.017331,-0.181333,0.041155,-0.202436,-0.130082,0.000341,-0.068849,0.077918,0.068601,-0.035923,0.030115,0.018197,-0.364681,-0.026872,0.129138,0.252338,-0.132075,-0.150581,-0.262841,0.379181,-0.036976,#
14,0.484331,0.326504,0.05447,-0.001152,0.167138,-0.062435,0.054674,0.176137,0.176592,-0.594065,0.003289,-0.053513,0.120416,-0.158696,1.0,0.327129,0.232805,-0.400164,0.180692,-0.405468,-0.377662,0.388018,0.16502,0.008911,-0.376416,-0.287476,-0.257406,0.07078,0.337529,0.022645,-0.446807,0.281906,-0.166508,-0.075195,-0.130871,-0.214229,0.085704,0.231629,0.365405,-0.016556,-0.127906,-0.121961,-0.005015,-0.015181,-0.15986,0.449017,0.616309,-0.172422,0.035958,0.206191,-0.03265,0.24579,0.073641,-0.233323,0.011421,0.237817,-0.191535,0.330506,-0.552618,-0.342197,0.179331,-0.154324,-0.003165,0.373789,0.210641,0.344195,-0.166508,-0.297783,0.136561,-0.232139,0.145996,-0.11613,-0.166508,-0.284453,-0.42074,0.135132,-0.280382,0.112836,-0.264993,-0.387579,-0.22201,-0.348438,-0.122285,-0.0357,-0.294766,-0.035322,-0.198613,-0.386314,-0.118467,-0.395613,0.110482,-0.256303,0.449179,-0.267702,-0.15086,-0.117455,-0.331125,-0.233553,-0.38483,-0.320288,0.197211,-0.026566,-0.163028,-0.266072,-0.19893,0.089991,-0.239938,-0.15266,0.206523,-0.158501,-0.482112,-0.240493,-0.149265,0.071607,-0.301515,-0.154674,-0.407663,0.149185,-0.272862,-0.080022,-0.262162,-0.379789,-0.103041,-0.033656,0.310434,-0.174739,0.093823,-0.052272,-0.047705,-0.355876,0.22405,-0.508201,-0.255556,-0.554527,-0.223596,-0.207007,0.068394,-0.336844,0.0776,-0.264002,-0.260278,-0.413924,-0.125311,-0.209919,-0.386631,-0.029628,-0.333745,-0.150253,-0.279448,-0.380419,0.078377,-0.058281,-0.091741,-0.326818,-0.304523,-0.301103,0.053328,0.152375,-0.356196,-0.143255,-0.39679,-0.166508,-0.000506,-0.564611,-0.129586,0.154952,-0.026041,-0.050317,-0.260278,-0.407663,-0.203794,0.393226,-0.355521,0.034025,0.239353,-0.007696,0.08014,0.025931,-0.31971,-0.201926,-0.06355,0.437316,0.432764,0.189031,0.276492,-0.195991,0.215565,0.217434,0.39812,-0.023513,-0.365836,0.596022,0.262721,0.463359,-0.10774,-0.179293,0.392687,-0.264098,-0.076263,0.135284,#
15,0.237284,-0.042977,-0.216111,0.016585,0.046962,0.022179,0.334165,-0.162943,0.136139,-0.226934,0.397112,0.265561,-0.079823,-0.086388,0.327129,1.0,0.108746,-0.536448,0.219912,-0.314901,-0.242572,0.279612,-0.162912,-0.233736,-0.327508,0.070024,-0.265868,0.108299,0.219063,-0.09509,-0.300102,-0.021749,-0.326785,-0.116757,-0.117905,0.044183,-0.013044,-0.019161,-0.147632,0.263928,-0.282348,-0.291622,-0.090613,-0.129129,-0.003911,0.215927,0.277223,-0.355614,0.481698,0.128213,0.153993,0.05784,0.028455,-0.00656,-0.067296,0.08019,0.134591,-0.01046,-0.07446,-0.209407,-0.034835,-0.034178,0.376446,0.336953,-0.078301,-0.204636,-0.326785,-0.06264,-0.112101,-0.269956,-0.002115,0.021896,0.113389,-0.300403,-0.22795,0.210261,-0.289193,0.080985,-0.100856,-0.203838,0.004106,-0.096215,-0.291819,-0.267433,-0.133763,-0.142913,-0.266473,-0.341812,0.279793,-0.177399,0.072172,0.344267,0.366699,-0.299528,-0.239102,-0.132841,-0.417209,-0.374411,-0.354349,-0.086446,0.124826,0.043637,-0.154012,0.118214,-0.092862,0.013378,-0.299359,-0.163331,-0.030968,-0.051187,-0.575254,-0.471985,-0.225313,0.252461,-0.48908,-0.027462,-0.137786,-0.048138,-0.28874,-0.17132,-0.277147,-0.360571,0.135375,0.277826,0.068235,-0.271431,0.024169,-0.134469,-0.23163,-0.225591,-0.248038,-0.240121,-0.219854,-0.047561,-0.223166,-0.156456,0.176735,-0.434747,-0.118156,-0.040137,-0.094954,-0.307357,-0.218344,-0.071805,-0.343859,0.513923,-0.61974,-0.068112,-0.108407,-0.539129,-0.216475,-0.230683,-0.511323,-0.224895,-0.499439,-0.590938,-0.045051,0.010684,-0.09578,-0.211955,-0.428896,-0.326785,-0.216732,-0.380767,-0.133426,0.022965,-0.145928,0.208267,0.12882,-0.591881,-0.264204,-0.019394,0.015452,-0.232714,0.114794,-0.363351,0.188886,-0.03109,-0.287883,-0.039076,-0.068821,0.353907,0.650482,0.195769,0.298414,0.002439,0.102229,-0.123519,0.582601,-0.027034,-0.446527,0.486588,0.498066,0.033618,0.001513,-0.059032,0.377296,-0.043241,-0.199961,0.230521,#
16,0.199008,-0.230116,-0.172235,-0.047638,-0.06329,-0.01566,-0.019209,0.034808,0.223699,-0.67701,0.114537,-0.132307,0.046994,-0.384925,0.232805,0.108746,1.0,-0.123079,-0.061711,0.08097,-0.264988,-0.011974,0.11266,0.07731,0.039711,-0.214154,-0.132142,0.290145,-0.084301,-0.160381,-0.006957,0.204155,0.279001,-0.384609,0.004538,-0.513554,-0.169199,-0.036498,0.085153,0.225342,-0.2068,-0.239189,-0.252524,-0.255641,0.210035,0.235677,0.214139,-0.103233,-0.206273,0.162959,0.225462,0.020867,0.156901,0.086235,0.409882,0.51528,-0.032548,0.074094,-0.116423,-0.02318,0.22402,-0.322355,-0.027961,0.401993,0.000586,0.019781,-0.152938,-0.332078,0.051049,0.071678,0.347791,0.099414,-0.152938,-0.01605,-0.511872,0.242425,-0.01702,0.075874,-0.0198,-0.174728,0.176314,-0.090637,0.272461,0.073882,-0.195102,0.214704,0.066474,0.202754,0.121563,-0.489985,0.403309,-0.043004,0.038249,-0.231972,0.100288,-0.199829,0.084508,-0.143192,0.184724,-0.253815,0.248793,0.035075,-0.230393,-0.006027,0.057733,0.14122,0.239041,-0.032207,-0.092383,0.087239,-0.161974,-0.220893,0.257127,-0.029528,-0.048229,-0.081806,0.262029,-0.088043,-0.010931,0.197351,-0.032127,0.00837,-0.487545,-0.24717,0.043993,-0.42685,-0.094869,0.233003,-0.334036,-0.326874,0.01436,-0.466785,0.330798,-0.29335,0.125056,-0.154438,-0.220893,-0.249578,-0.272976,0.00209,-0.224617,0.085517,-0.089475,0.166396,-0.321187,-0.051951,-0.27221,0.168445,0.125787,-0.125121,0.350601,0.125056,-0.02421,-0.09977,-0.37827,-0.011288,0.034016,-0.020468,-0.266078,-0.265306,-0.282435,-0.152938,0.266357,-0.326232,0.136785,-0.07722,0.064963,0.306817,-0.028423,-0.158129,0.393613,0.064915,0.14572,0.195839,-0.020654,-0.229557,0.061712,-0.003137,-0.219808,-0.171829,0.063201,-0.303715,0.401019,0.169497,0.051852,0.253588,-0.027762,-0.020268,0.149909,-0.092751,-0.106897,0.226851,0.048842,0.043496,0.161225,0.260765,0.173531,0.175528,-0.291797,0.011048,#
17,-0.035784,-0.089261,0.371266,-0.108112,0.124662,0.01949,-0.079954,-0.142768,0.256273,0.327509,-0.25134,0.037904,0.287945,0.265056,-0.400164,-0.536448,-0.123079,1.0,0.030498,0.24368,0.294013,-0.119969,0.39045,0.096508,0.257621,-0.210949,0.401582,-0.178912,-0.004538,0.008304,0.362105,0.009911,0.21001,0.175458,-0.204506,0.072675,0.177771,-0.285071,0.291847,-0.325781,0.191509,0.336443,0.114145,0.069482,0.33673,-0.421791,0.04504,0.622936,-0.114001,-0.059246,0.083111,-0.322531,-0.307138,0.172205,-0.246326,-0.165392,-0.099553,-0.108923,0.014616,0.017356,-0.155458,-0.040798,-0.266164,-0.378282,-0.200572,0.161836,0.21001,-0.052669,0.041833,0.391607,0.002294,-0.192634,-0.227511,0.268824,0.16846,-0.159314,0.260416,-0.34423,-0.072872,0.129694,-0.214076,0.114681,0.012758,0.281317,0.362009,-0.117065,-0.08334,0.058813,-0.266057,-0.034918,-0.042234,-0.291664,-0.371245,0.268829,0.207127,0.13875,0.182604,0.264107,0.060764,0.016529,-0.180597,-0.133422,-0.296476,0.07196,-0.055644,0.144957,0.126629,0.15348,0.143825,0.050179,0.564788,0.187219,0.356402,-0.177473,0.203602,-0.300469,-0.01421,-0.284332,0.529899,-0.21345,0.023456,0.261396,0.023862,-0.440299,-0.390536,0.418703,-0.296229,0.298753,-0.213473,0.044793,0.212781,0.340105,0.15055,0.290928,0.143454,-0.163898,-0.099144,0.358662,0.299013,-0.148123,0.072953,0.403729,-0.077571,-0.195414,-0.102583,-0.267128,0.325498,0.440145,-0.321975,0.535349,-0.028264,-0.001416,0.280743,0.024399,0.193399,0.254263,0.030181,0.194398,0.106908,0.146187,0.583557,0.21001,0.007129,0.621008,0.204864,-0.16294,0.09056,-0.210999,-0.32111,0.452855,-0.036291,0.088077,0.145035,-0.144759,-0.188286,0.29576,-0.031172,0.275749,0.327053,-0.320605,0.190609,-0.119177,-0.641173,-0.201299,-0.304945,-0.05462,0.110081,0.21181,-0.548048,0.156357,0.240961,-0.473148,-0.25773,-0.161214,-0.171615,0.068239,-0.171952,0.030126,0.189697,-0.360324,#
18,0.198417,-0.163213,0.273888,-0.023785,-0.049914,-0.181349,0.383556,0.133043,0.3216,-0.134563,0.446164,-0.146295,0.235716,0.12081,0.180692,0.219912,-0.061711,0.030498,1.0,-0.039151,-0.165143,0.263106,-0.120377,-0.157661,-0.650463,-0.075181,-0.075174,0.35947,0.257177,-0.474441,-0.137063,0.446384,-0.194428,-0.240112,0.171156,0.037686,0.333788,0.374657,0.017662,-0.027203,0.001917,0.042655,-0.153726,-0.070172,0.045514,-0.133603,0.218089,-0.249133,-0.232256,0.250671,-0.333082,0.196729,0.310406,0.221087,-0.482596,-0.10762,-0.117091,-0.125887,-0.056915,-0.167426,-0.118082,0.02789,0.111616,-0.13897,0.134167,-0.081149,0.210631,-0.299809,-0.065317,-0.294866,0.013208,-0.057452,-0.194428,0.265486,-0.130312,-0.190812,0.372256,-0.479603,-0.24669,-0.22728,-0.062478,-0.043061,-0.274814,-0.227155,-0.11364,-0.112518,0.11932,0.043228,-0.415278,0.156796,0.204618,-0.177367,-0.036915,0.174901,-0.050674,0.090494,0.016468,-0.070679,-0.116929,-0.250874,-0.078347,0.010421,-0.357784,-0.00643,0.073053,0.198024,-0.104359,-0.006318,0.128075,-0.138452,-0.077157,0.005965,0.206673,0.268669,-0.11151,-0.414424,-0.103679,0.096732,0.164484,-0.270552,-0.008833,-0.182082,0.216128,0.133274,-0.096608,0.053507,-0.415135,0.052108,-0.029292,-0.031618,0.29485,0.082419,-0.10335,-0.081576,0.253897,0.005053,0.258794,0.16654,-0.316134,-0.129563,-0.019106,0.168185,-0.205279,-0.097245,-0.05062,0.198119,-0.100904,0.164944,-0.278118,0.015458,0.189801,0.113114,0.034176,-0.050688,0.023763,-0.116645,0.047496,0.176913,-0.053637,-0.087463,-0.026604,-0.194428,0.069858,-0.057697,0.49555,0.081279,-0.054906,0.052487,-0.184268,0.109989,-0.291761,0.341338,0.223611,-0.003553,0.212354,0.001504,-0.28035,0.325276,-0.083326,-0.140752,0.243815,0.180996,-0.111368,0.251756,-0.110833,0.183211,0.343688,-0.094521,0.115422,-0.193612,-0.062061,0.08636,0.012972,0.094527,0.001677,0.20352,0.111617,-0.107683,0.094095,0.024954,#
19,-0.115236,-0.279237,0.244157,-0.010395,-0.169752,-0.23327,-0.134346,0.015646,0.025358,0.034695,0.211417,-0.446077,-0.093499,-0.267866,-0.405468,-0.314901,0.08097,0.24368,-0.039151,1.0,0.083094,0.074292,0.144967,-0.026165,0.03865,0.241928,0.146846,0.104929,-0.152059,-0.078255,0.310391,-0.078268,0.425366,0.07868,0.260745,-0.116338,-0.144551,0.063219,-0.146549,0.062812,-0.147785,0.057097,-0.188368,-0.046306,0.13476,-0.443793,-0.228157,0.013586,-0.239951,-0.007408,0.16737,-0.056872,-0.213981,0.294617,0.012388,0.010146,-0.00295,-0.05675,0.261325,0.254094,0.099904,-0.190192,-0.042533,-0.176413,0.046313,0.161635,0.425366,0.101333,-0.117067,0.166655,-0.102553,0.167474,-0.101463,0.24337,0.239434,0.201738,0.222448,-0.034655,0.017159,0.154969,0.159978,0.259899,-0.093977,0.282576,0.331532,0.069362,0.069112,0.282045,0.075017,-0.026795,-0.061951,-0.279034,-0.267278,-0.02586,0.105329,0.450699,0.189328,-0.057276,0.063624,0.106384,-0.098748,-0.340796,-0.214483,0.161692,0.074233,0.068606,-0.041585,0.430873,-0.122002,0.393134,0.542155,-0.146547,0.234241,-0.150778,0.115507,0.15998,0.479021,-0.133235,0.297128,0.038688,-0.08773,0.167334,0.019108,0.046764,-0.493036,0.410392,0.011593,0.087853,0.227208,0.011604,0.131122,-0.068486,0.014351,0.255876,0.311447,-0.163837,-0.146547,0.196104,-0.182946,0.242617,0.162598,0.371679,0.072675,0.021665,-0.055176,0.153711,0.349228,0.031688,0.324061,0.304338,0.040655,0.099765,0.396149,0.172705,-0.042032,0.391726,-0.239621,-0.102743,0.266635,0.126194,0.185612,-0.101463,-0.016016,0.370034,0.142099,-0.073412,0.024656,-0.05556,-0.085901,0.279248,0.292363,-0.329189,0.33764,0.146223,-0.31835,0.19937,-0.146302,-0.013648,0.124594,0.252549,0.02753,-0.139154,-0.400403,0.102424,-0.406914,0.418109,-0.110962,0.001999,-0.162753,0.141878,0.07685,-0.18231,-0.345309,-0.371467,-0.314978,0.265826,-0.163359,0.436329,0.075545,-0.083721,#
20,-0.237802,0.125166,-0.182747,-0.090163,0.348779,0.197564,-0.020152,-0.317029,-0.177566,0.28354,-0.256066,-0.059623,-0.128446,0.028247,-0.377662,-0.242572,-0.264988,0.294013,-0.165143,0.083094,1.0,-0.472917,0.279629,-0.169015,-0.047928,-0.081133,-0.08684,-0.007128,0.104152,0.438344,0.149204,-0.039279,-0.211016,0.0506,0.036039,0.095759,-0.032686,-0.258744,0.000832,-0.049482,0.183195,0.007157,0.090721,0.236847,-0.154564,-0.146856,-0.243957,0.374033,0.16589,-0.29596,0.043278,-0.304278,0.116595,-0.114257,-0.122651,-0.186667,0.300234,-0.352666,0.228154,0.212933,0.134552,-0.052364,-0.067344,-0.279101,-0.523834,0.155725,0.203717,0.249036,0.184367,0.08563,0.218797,-0.127439,-0.211016,0.0756,0.109484,-0.274126,0.175933,-0.064487,-0.088477,0.075606,-0.11236,-0.076383,-0.183211,0.073518,-0.072216,-0.024717,-0.246879,0.329375,0.213661,0.230353,-0.532999,-0.0045,-0.32548,-0.019575,-0.095303,-0.250327,-0.002788,-0.255363,0.164349,0.418628,-0.218559,-0.006924,0.008863,-0.009604,-0.084637,-0.226285,-0.043605,-0.114104,0.25957,-0.328558,0.36935,0.270274,-0.215525,-0.441937,0.152799,-0.086708,0.103219,0.009309,0.157077,-0.200284,0.191932,0.192023,0.1262,-0.127274,-0.115171,0.329334,-0.062464,0.294542,-0.004881,-0.000863,-0.362434,0.256369,-0.337775,0.207463,-0.198153,0.005253,-0.304777,-0.009094,-0.047311,0.156424,-0.004173,0.027275,-0.016409,-0.194554,0.07082,0.02716,0.219973,0.451483,-0.020679,0.139341,-0.359325,-0.031512,-0.192304,-0.113248,-0.195255,0.114246,-0.046946,0.09347,0.087898,0.009872,-0.086912,0.220306,-0.037699,0.233243,-0.065113,0.087659,0.249071,-0.132211,-0.18154,0.283683,-0.091678,-0.038829,-0.219547,-0.181564,0.240653,0.022416,0.293744,0.049596,0.113535,0.030582,0.311206,-0.218373,-0.23807,0.060551,0.272368,-0.365967,0.282295,-0.250321,-0.31748,0.177512,0.072245,-0.229449,0.017965,-0.144112,-0.225092,0.119194,0.113623,0.002745,-0.237646,0.131208,#
