0,1.0,0.18491,-0.26298,-0.27054,0.360082,0.107493,0.364068,-0.250608,0.131356,0.208631,0.244851,-0.101249,0.328562,0.194683,-0.037986,0.051143,-0.091273,-0.262349,0.389827,-0.019124,0.089724,-0.030407,0.341373,-0.047486,0.064549,-0.23366,-0.181581,0.117933,0.117785,0.176331,-0.320859,-0.125857,0.367472,-0.292325,0.326012,0.179224,0.243592,0.059756,0.037972,0.320835,-0.168885,-0.015129,-0.209032,-0.080358,0.185821,-0.072628,0.188238,0.104592,0.04822,0.064991,0.264262,-0.402441,0.186912,0.134401,0.227558,0.048746,0.009001,-0.082633,-0.214774,0.233369,0.139978,-0.059408,-0.233761,0.484586,-0.401877,0.007709,-0.066921,0.070494,-0.177038,-0.145897,0.101964,0.211004,0.195733,-0.236435,-0.309482,0.183441,-0.337025,-0.171457,-0.098141,0.10115,0.21606,-0.112955,-0.271145,-0.266525,-0.089578,-0.04833,-0.190331,0.022438,-0.094583,-0.399914,-0.276534,-0.12994,-0.093517,-0.423698,0.036584,-0.253887,-0.473959,-0.483178,-0.250372,-0.273629,-0.022524,0.073833,-0.091677,-0.276103,-0.022946,-0.277197,0.02326,0.168854,0.020289,-0.117765,0.036389,0.250117,-0.397303,-0.33382,0.027286,0.137348,-0.219477,-0.022158,-0.113252,-0.02142,-0.256297,-0.067318,-0.046987,-0.168732,-0.19618,0.086185,0.103818,0.223988,0.053073,-0.258766,-0.115157,-0.350529,-0.264136,0.193017,0.068961,-0.089951,0.049159,0.07921,0.080884,0.02412,-0.093959,0.351212,-0.164027,-0.258617,-0.18017,-0.092573,-0.229872,0.082666,-0.135623,-0.28028,-0.131401,0.021933,-0.490253,-0.172779,0.408638,-0.255017,0.317606,0.10068,-0.443521,0.023387,-0.172753,-0.14606,-0.067318,-0.189001,0.141134,-0.108833,0.248697,0.255782,-0.259653,-0.155698,-0.030414,0.028255,0.184671,0.034731,-0.003087,-0.172352,-0.170194,-0.170999,0.106743,-0.414956,-0.032666,0.23941,-0.059138,0.378642,0.113611,-0.157528,0.252998,0.015041,0.125821,0.241658,-0.175653,0.172038,0.431929,-0.014768,-0.190262,0.469423,0.298503,-0.283083,-0.125412,-0.005306,#
1,0.18491,1.0,-0.1999,-0.046915,0.021353,0.238087,0.459887,0.125941,-0.223786,0.240437,-0.033377,-0.077606,-0.202068,0.153716,0.187246,0.181611,0.257193,0.054234,0.408272,0.004461,0.470717,-0.0171,0.080424,-0.258521,-0.058602,-0.133426,-0.095041,-0.073685,0.147251,0.031092,-0.198602,0.112282,0.267836,-0.200532,-0.074804,-0.063548,-0.013205,-0.460447,0.1665,-0.002513,0.045787,0.311294,-0.25223,0.187878,0.185374,-0.012894,0.176132,-0.22111,0.188037,0.464848,-0.037135,0.0875,0.267593,0.172864,0.315134,-0.040369,0.196981,-0.148085,-0.38963,-0.137455,0.119005,-0.021404,0.065128,0.089872,0.188017,0.364832,-0.336255,-0.12742,-0.187702,-0.331999,-0.143051,0.054308,0.035387,-0.223328,-0.096743,0.047924,-0.264297,0.002973,0.222071,0.038359,0.061946,-0.114736,-0.029053,0.030036,-0.131157,-0.071257,-0.089761,-0.20844,0.135742,-0.155916,-0.229917,-0.015531,-0.145103,-0.119335,-0.000609,-0.048166,0.002973,0.05916,0.301829,-0.067578,0.145927,0.320772,0.083805,-0.215416,-0.39228,-0.091418,0.174727,-0.106235,-0.362629,-0.173503,0.13354,0.176735,-0.160233,0.064364,-0.202348,0.174046,-0.01916,0.129828,-0.013988,-0.30151,-0.225134,-0.469977,-0.411757,-0.119715,-0.117066,-0.251609,0.023964,-0.308958,-0.378449,-0.153426,0.054408,-0.298903,-0.132211,-0.081207,-0.220897,-0.311644,0.118234,0.23698,0.273553,-0.177175,-0.051015,-0.188243,-0.032688,-0.062768,-0.15939,-0.29232,-0.326785,0.116909,-0.201652,-0.231494,0.082934,-0.115551,0.007555,-0.153513,-0.148412,-0.087629,0.280633,-0.024992,-0.271748,0.109132,-0.208601,-0.019444,-0.469977,-0.214348,-0.108759,0.38983,0.31239,0.119631,-0.209308,-0.603323,0.158234,0.253778,0.024665,-0.184485,0.180977,-0.266812,0.074811,-0.274701,0.192852,-0.128651,0.073773,0.070902,0.063054,0.23609,0.384744,-0.291288,0.162871,-0.291404,0.039715,0.196108,0.006915,0.091974,0.037733,-0.057308,-0.364291,-0.027268,0.288769,-0.179072,-0.133638,0.063314,#
2,-0.26298,-0.1999,1.0,-0.271122,-0.148909,-0.05755,0.031316,0.05721,0.128264,0.024899,0.079763,0.050819,0.070245,-0.006859,-0.192923,0.024521,-0.111173,0.204236,-0.134501,0.165422,-0.036768,0.271632,-0.13629,0.090894,-0.093158,0.269229,0.291124,-0.216666,-0.068271,-0.492756,-0.000339,0.329094,0.012609,0.12798,-0.201067,-0.000523,0.175729,0.42563,-0.036332,-0.416839,0.029755,0.260893,0.056686,-0.137149,-0.163386,-0.288641,0.141969,0.037262,-0.187529,-0.176642,-0.038937,-0.1257,0.186378,-0.183424,-0.149391,-0.16674,-0.229239,-0.083816,0.167844,-0.140275,-0.033407,-0.261927,0.023388,-0.210145,0.270553,0.031112,0.122366,0.070336,0.225423,0.224018,0.12824,0.248117,-0.258064,0.198735,-0.000406,-0.014684,0.147597,0.175079,0.20056,0.06512,0.191102,0.194163,0.06843,0.23947,-0.099133,0.10873,-0.027944,0.036264,0.207859,0.266442,0.049512,0.029139,0.244886,0.392749,0.016261,0.044953,0.286135,-0.34967,0.248357,0.11881,-0.253945,-0.192644,0.050424,0.223726,0.362023,0.26998,-0.074342,0.044922,0.257606,-0.23978,-0.128427,-0.333221,0.099773,0.175091,0.354151,-0.212222,0.04082,0.107333,-0.240226,-0.118174,0.167345,-0.01126,-0.03807,-0.140606,-0.060319,0.253733,0.589973,-0.078908,0.247339,0.074948,0.357694,0.125482,0.031047,0.168955,0.271093,0.068034,0.03388,0.350272,0.103062,0.363326,0.111854,0.394168,0.056574,-0.078261,0.013174,0.117193,0.162188,-0.002125,0.039828,0.324939,0.183921,0.168217,0.13279,0.253289,0.330244,0.111854,0.061408,0.023482,0.271247,-0.173723,0.414003,0.148619,-0.023589,0.19285,0.222469,-0.3036,0.024118,-0.051389,0.170362,0.154687,-0.266385,-0.121372,-0.255741,0.024147,-0.169891,0.006512,0.250173,-0.326094,0.096505,-0.135648,0.144378,0.200588,-0.099678,-0.248051,-0.202144,0.167873,0.105279,0.339729,-0.323383,-0.145026,0.207754,-0.152358,-0.252176,0.32205,-0.158432,-0.03229,-0.000353,0.256627,0.156394,0.137679,#
3,-0.27054,-0.046915,-0.271122,1.0,-0.2748,-0.334189,-0.247795,-0.05615,-0.525053,-0.443598,-0.00374,-0.294805,-0.069984,-0.446117,-0.063039,0.021035,0.338778,0.253651,-0.165279,-0.252379,-0.039088,-0.142133,-0.433147,-0.26281,-0.017568,0.134264,-0.243723,0.077737,-0.155643,-0.148403,0.296178,-0.317187,-0.256947,0.100849,-0.032074,0.066663,-0.158043,-0.107852,0.087584,0.179237,-0.007373,-0.331188,0.176374,0.262958,-0.166289,0.327335,-0.243327,-0.068149,0.154523,-0.106618,0.022564,0.407129,-0.159634,0.121551,0.167338,-0.291515,0.296063,0.246491,-0.008746,-0.265344,-0.402328,0.295147,0.496376,0.011777,-0.096174,-0.40458,-0.096,0.110215,-0.231608,0.16472,0.225948,-0.237097,0.0755,-0.176267,0.053117,0.064302,0.395361,0.088718,0.030101,-0.211703,-0.12591,0.185829,0.307258,0.009958,0.29513,-0.22412,0.048578,0.363607,-0.170663,0.309387,-0.167736,0.035489,-0.040105,-0.036072,0.043688,-0.167039,0.420122,0.10411,0.012326,0.298759,0.387832,0.192013,0.17293,0.320518,-0.236461,-0.070001,0.374568,0.079031,-0.193739,0.149755,-0.137611,0.05089,0.318292,0.011636,-0.097163,-0.026136,0.210847,-0.046485,-0.057175,0.274824,0.090132,0.352537,0.093858,0.226292,0.249483,-0.144206,-0.657455,-0.096931,-0.123741,0.146352,-0.287118,0.23657,0.354653,0.074109,0.023029,0.123259,-0.003125,-0.301363,-0.211046,0.051167,0.087574,-0.293453,0.37631,0.294898,0.406602,0.276032,-0.166584,0.228375,0.372943,-0.112703,0.096088,-0.256155,0.080225,0.002638,-0.135256,0.112482,-0.726747,-0.125794,0.358452,0.190145,0.181282,-0.145429,0.029564,0.138775,-0.061863,-0.148839,-0.007384,0.13344,0.0755,0.035299,0.347366,0.188344,0.093952,0.214235,-0.080422,0.088884,-0.407849,0.224994,-0.686565,0.349236,-0.370475,-0.140711,0.476947,-0.136373,-0.166318,-0.236761,-0.398154,-0.249735,0.258967,0.050866,-0.065968,-0.108289,0.018502,-0.217259,0.478809,-0.185868,-0.05021,0.064394,-0.314678,-0.104654,#
4,0.360082,0.021353,-0.148909,-0.2748,1.0,0.128919,-0.120328,-0.239592,0.298925,0.034993,0.380665,0.21916,0.03454,-0.228064,-0.015479,0.018603,0.092375,-0.321331,0.075498,-0.065581,-0.027632,-0.310023,0.200742,-0.057568,-0.096273,-0.255897,-0.266781,0.148831,0.1048,0.181002,-0.381264,-0.072038,0.17372,-0.043661,0.14272,0.177848,0.128094,-0.129481,-0.030134,0.339917,-0.012948,-0.395719,-0.277457,-0.049154,-0.128271,0.229214,-0.266108,0.068471,0.266797,0.518428,-0.073177,-0.155002,0.120849,0.52442,0.300335,0.217637,-0.198332,0.070202,-0.049956,0.235836,-0.235594,-0.269622,-0.113236,0.189089,-0.224036,0.068288,0.48,-0.025652,-0.033742,-0.259082,-0.149026,-0.014936,0.168728,0.230457,0.004872,-0.050228,-0.028356,-0.023913,-0.114698,-0.092388,-0.114698,0.021832,0.053612,-0.082386,0.233043,-0.054817,0.147786,0.012806,0.059559,-0.24949,0.227187,0.336106,0.077641,-0.036545,0.17759,0.060473,-0.175961,0.015767,-0.414709,-0.074897,0.177241,0.241419,0.043527,0.052525,0.339587,-0.080952,-0.292979,0.325031,-0.169631,0.247193,0.031337,-0.028955,-0.243262,-0.357653,-0.123291,0.12858,0.008326,0.454664,-0.450739,-0.13673,-0.49178,0.238841,0.116028,-0.174563,-0.053788,0.089299,0.10771,0.156243,0.130017,-0.082383,0.209809,-0.344027,-0.111739,-0.095505,0.080928,0.249478,0.064468,0.329101,-0.220277,0.16923,0.108761,0.033616,-0.508303,0.227404,-0.037831,-0.406343,-0.230091,-0.198035,0.012806,-0.051203,0.193085,0.18504,-0.267766,0.033585,0.320031,-0.067832,0.158251,0.066691,-0.44159,0.235538,-0.326343,-0.349087,-0.071934,-0.050668,-0.084823,0.065038,0.231565,0.161758,-0.05997,0.193372,-0.049688,0.00829,0.14981,0.012806,-0.16903,0.170467,0.036698,0.169542,0.289182,0.049562,-0.191634,0.220871,0.101901,0.060765,0.130131,0.18357,0.299585,0.006161,0.290376,-0.251693,-0.007427,0.162001,0.181002,-0.095379,-0.116044,0.268614,-0.172708,-0.09949,-0.040594,-0.334161,#
5,0.107493,0.238087,-0.05755,-0.334189,0.128919,1.0,0.423707,0.432545,0.050308,-0.090177,0.002852,0.477779,-0.224558,0.111088,-0.059367,-0.205689,0.055152,-0.187663,0.139348,-0.289598,0.230044,-0.104765,0.090061,-0.144781,-0.002522,0.037833,0.185439,-0.081708,-0.004119,0.347642,-0.380953,-0.11007,-0.255239,-0.072528,0.056594,0.11623,0.011775,-0.180104,0.031141,0.083357,-0.219477,0.219788,-0.377608,-0.233937,0.156875,0.001336,0.193839,-0.258269,-0.230109,0.347232,-0.170749,-0.133676,-0.010283,0.181952,-0.104374,0.08459,-0.119049,0.306706,-0.350981,-0.056242,-0.002117,-0.30999,-0.053301,0.237604,-0.031957,0.460642,-0.045484,0.173203,-0.085091,-0.442389,0.15034,-0.008878,-0.089021,0.164099,0.085979,0.199974,-0.390791,0.05452,-0.348955,-0.305848,-0.348955,-0.515007,-0.161174,0.271732,-0.295249,-0.439181,-0.05998,-0.221432,-0.15698,-0.144721,-0.149889,-0.365384,-0.303498,-0.202233,-0.210476,-0.152345,-0.27448,-0.099789,-0.229127,-0.316286,0.025535,0.006873,-0.01309,-0.325194,-0.289758,-0.301841,0.096789,0.121041,-0.403116,0.049635,0.407794,0.229206,-0.490936,-0.228845,-0.213546,0.033703,-0.243386,0.202021,0.109333,-0.11654,-0.308331,-0.359281,0.044455,-0.09018,0.004606,-0.204473,0.005182,-0.014737,-0.345396,-0.134732,-0.020323,-0.088128,-0.041182,-0.101634,-0.364289,-0.114484,0.424344,0.301289,0.145828,-0.534022,-0.10494,0.105675,-0.078699,0.02269,-0.265568,-0.432599,0.166543,0.089989,-0.221432,0.111486,-0.098848,-0.103305,-0.095425,0.011957,-0.000322,-0.319688,0.118639,0.130404,-0.573188,-0.193687,-0.284874,-0.223323,-0.032662,-0.212977,-0.180623,-0.020372,-0.403116,0.014782,-0.089021,-0.024608,0.184307,-0.167563,-0.10801,-0.391374,0.084251,-0.420249,0.013901,0.146467,0.191487,-0.03726,0.199798,-0.180444,0.101161,0.322083,0.674862,-0.105263,0.055809,-0.090894,-0.073676,0.283774,0.036885,0.12759,0.212312,-0.077256,-0.353055,0.021746,0.206831,-0.097378,-0.386115,-0.076546,#
6,0.364068,0.459887,0.031316,-0.247795,-0.120328,0.423707,1.0,0.128424,0.130027,0.100099,0.11613,0.085366,0.072511,0.339847,0.020362,0.272182,0.176031,0.273839,0.262195,-0.010361,-0.031225,0.020795,0.307371,-0.134051,0.092343,0.173861,0.274072,-0.1253,0.390579,0.100739,-0.313948,-0.184097,-0.047221,-0.344205,0.107023,0.238343,0.057585,-0.21342,0.147143,0.058293,-0.035847,0.350665,-0.137392,-0.004037,0.464113,-0.23686,0.363949,-0.20464,-0.198297,0.366364,0.218274,-0.225231,-0.042338,0.092935,0.256398,0.017381,0.124502,-0.044559,-0.106831,-0.082043,0.23455,0.089401,0.000683,0.281253,0.159974,0.382209,-0.304103,0.162548,-0.202056,-0.371393,0.21139,0.150174,-0.123823,-0.410794,-0.322683,0.468525,-0.653276,-0.35727,-0.295849,-0.206442,-0.11175,-0.443092,-0.585059,0.185761,-0.725519,-0.228025,-0.300316,-0.333287,-0.412738,-0.39965,-0.582178,-0.496972,-0.556263,-0.402914,-0.325502,-0.580828,-0.363584,-0.421418,-0.021483,-0.172639,-0.152975,-0.241853,-0.273279,-0.410736,-0.277578,-0.370479,-0.006544,0.068998,-0.248899,-0.199154,-0.19431,0.213624,-0.466115,-0.292547,-0.003854,-0.213154,-0.314883,-0.211754,0.085485,-0.303297,-0.370427,-0.390893,-0.387336,-0.360668,-0.161315,-0.34504,0.064209,0.289613,-0.356236,-0.385505,-0.278603,-0.504011,-0.459599,-0.09876,-0.323121,-0.364402,0.192647,0.024208,0.186836,-0.484385,-0.354659,0.349974,-0.126859,-0.477383,-0.513756,-0.132894,-0.271796,0.626232,-0.501543,-0.173385,-0.216663,-0.231276,-0.15284,-0.061518,-0.109157,-0.370011,0.134876,0.365877,-0.373104,-0.235983,0.032123,-0.109996,-0.390893,-0.251131,0.050715,0.203057,-0.236998,-0.061506,-0.581125,-0.271656,0.044098,0.075492,-0.143223,-0.320603,0.151487,-0.556917,-0.256681,0.05223,0.236514,-0.626181,0.43102,-0.090058,0.034276,0.56668,0.573224,-0.396648,0.096567,-0.037074,-0.141384,0.199318,-0.290489,0.221352,0.238349,0.146221,-0.607627,0.111746,0.443829,-0.261399,-0.360939,0.366108,#
7,-0.250608,0.125941,0.05721,-0.05615,-0.239592,0.432545,0.128424,1.0,-0.211652,0.030505,-0.402427,0.057024,-0.092353,0.117795,0.248438,-0.164924,-0.059227,0.06936,0.290716,-0.098103,0.302224,0.334025,-0.240277,0.087785,0.161393,0.217118,0.083202,-0.512763,0.090951,0.138574,-0.201962,-0.168085,-0.243222,0.182938,-0.246774,-0.324184,-0.178005,-0.033956,0.251808,-0.263214,0.141478,0.286488,-0.192874,-0.398401,0.198156,-0.097535,0.252134,-0.257596,-0.199401,-0.137124,-0.189863,-0.115198,0.077683,-0.202575,-0.031124,0.120225,0.106041,-0.123189,-0.211517,-0.019433,0.205114,-0.305798,-0.15659,-0.102082,0.111189,0.377555,0.12067,-0.107834,-0.154441,-0.150795,-0.095897,0.364482,-0.248494,0.263947,-0.072527,-0.020657,-0.024058,0.232471,-0.062974,0.157688,-0.041063,-0.320676,-0.057927,-0.024921,-0.115254,-0.30722,-0.09981,0.027298,0.196652,0.216592,0.217145,-0.274141,0.158181,-0.152945,0.048163,0.208931,-0.017519,0.361563,0.03932,-0.14386,-0.145877,0.175571,0.072272,-0.317275,-0.178064,0.092496,-0.190499,0.193094,-0.282939,-0.128931,0.304571,0.083088,0.042948,0.148782,0.371595,0.238014,-0.106523,0.073202,0.330905,0.077943,0.13845,-0.410956,0.088114,0.231143,-0.140903,0.083867,0.031785,-0.172682,-0.175783,0.169461,-0.039282,0.228337,0.25887,-0.179847,-0.163567,-0.044127,0.205552,0.129709,0.315354,-0.252023,-0.477543,-0.203978,-0.141009,0.109761,-0.333772,-0.130508,0.071699,-0.016232,0.038443,0.138972,0.080265,0.048747,0.13727,-0.163731,-0.023523,-0.242456,0.145261,-0.056157,-0.23866,-0.243584,0.051714,0.194134,-0.388276,-0.07416,0.196248,-0.081819,-0.282939,0.079015,0.137846,0.206131,-0.154208,-0.018941,0.136714,-0.257222,0.294394,-0.187464,0.079824,-0.035052,0.35162,0.25924,0.01642,-0.013563,-0.032041,0.052112,0.105502,0.080311,-0.072703,-0.211105,-0.322342,0.313698,-0.170278,-0.107393,-0.097489,0.041088,-0.052567,-0.188752,0.047694,0.138063,-0.260106,0.204755,#
8,0.131356,-0.223786,0.128264,-0.525053,0.298925,0.050308,0.130027,-0.211652,1.0,0.29891,0.123762,0.14692,0.005139,0.180902,-0.078993,-0.114115,-0.211602,-0.043746,-0.124044,-0.121624,-0.394104,-0.008405,0.29357,0.002632,-0.018053,0.149324,0.09952,0.192652,0.047624,0.214859,-0.29373,-0.042083,-0.058594,-0.008388,0.174317,0.391301,-0.089858,0.011787,0.040744,0.123926,0.089654,0.112372,-0.132737,-0.064367,0.089307,-0.015869,0.155076,0.0687,-0.169913,0.036497,0.044071,-0.198459,-0.192827,-0.005942,0.221085,0.50797,-0.404342,0.022416,-0.096264,0.285938,0.135521,-0.028386,-0.183447,0.171479,0.031378,-0.149248,0.045774,0.299944,0.253103,-0.353152,-0.008478,0.006825,-0.016162,0.129313,-0.114258,0.369872,-0.139853,-0.263867,-0.19211,-0.036805,-0.201237,-0.232221,-0.53693,-0.013816,-0.391508,0.01353,-0.302761,-0.367324,-0.194392,-0.202336,-0.02948,-0.223459,-0.371644,-0.083825,-0.230277,0.134821,-0.269911,-0.050004,-0.304982,-0.233374,-0.254763,-0.114266,-0.05139,-0.051116,0.106387,-0.407048,-0.201066,-0.085243,0.084017,-0.026087,-0.17927,-0.00512,-0.323091,-0.16331,-0.041007,-0.337169,0.24727,-0.104626,-0.117987,-0.083219,-0.030378,-0.047933,0.039154,-0.286331,-0.123215,0.037071,0.357746,0.115488,-0.037987,-0.188523,-0.03241,-0.281385,-0.666003,-0.054628,-0.152806,-0.045854,-0.093274,0.109779,-0.090187,-0.066832,-0.032513,0.105371,-0.265537,-0.154967,-0.280605,-0.455736,-0.212284,0.139932,-0.215558,-0.064192,-0.029383,0.12565,-0.239696,-0.341817,0.140308,-0.189956,0.220729,0.293345,-0.152375,-0.344891,-0.32688,0.040903,-0.047933,-0.10648,-0.235942,-0.04616,-0.314688,-0.262666,-0.235022,-0.113832,-0.124595,-0.221639,-0.035075,-0.224843,0.374282,0.109511,0.076569,0.068501,0.367009,-0.337805,0.361175,0.283633,-0.184892,0.118023,0.206813,0.295791,0.022632,0.270654,-0.271382,-0.205301,-0.07327,0.033269,0.131757,0.043808,-0.252889,0.492981,0.048729,-0.160381,0.132707,0.047359,#
9,0.208631,0.240437,0.024899,-0.443598,0.034993,-0.090177,0.100099,0.030505,0.29891,1.0,-0.053016,-0.088037,0.031292,0.57828,0.1173,0.069334,-0.557748,0.16599,0.111526,0.327212,0.073843,0.220095,0.274637,0.072185,0.250219,-0.170378,-0.15493,0.035924,-0.007094,0.339369,0.118959,0.244222,0.301879,-0.347275,0.125238,-0.300276,0.430418,0.099185,0.332624,-0.489517,0.338433,0.446446,-0.18173,-0.012985,0.044902,-0.518475,0.408503,0.507614,-0.047432,0.101815,-0.180857,-0.179372,0.334804,-0.082901,0.209655,0.060001,-0.331724,-0.234351,-0.261849,0.212073,0.451659,0.019731,-0.428359,-0.061151,-0.075082,0.160666,0.225058,-0.256638,-0.179741,0.027707,-0.040036,0.392713,0.116285,0.293906,-0.109814,-0.029176,-0.290848,-0.319054,0.193136,0.34453,0.057031,-0.277811,-0.378945,0.22388,-0.182832,0.27045,-0.294157,-0.167331,0.283341,-0.368919,0.122639,-0.002553,-0.01782,0.061036,-0.132993,0.285442,-0.319054,-0.056212,0.376591,-0.138186,-0.4043,0.1839,-0.245446,-0.228726,0.086415,0.019881,-0.308096,-0.304864,-0.043686,-0.192383,0.39935,0.223366,-0.297134,0.155345,-0.005938,-0.019248,0.099415,-0.17389,0.464761,-0.288648,-0.130597,-0.389655,0.167672,-0.027821,-0.174957,0.398669,0.422761,-0.06615,-0.022955,-0.193529,0.060378,0.040354,-0.43097,0.085838,-0.293218,-0.175991,-0.454113,0.032998,0.465845,-0.13995,0.057946,0.044797,-0.270855,-0.539177,-0.477559,-0.037179,-0.270936,-0.030783,-0.135175,0.079042,-0.167853,0.516672,-0.117406,-0.474515,-0.018329,-0.150211,0.73828,0.359374,0.021916,-0.236226,-0.169438,0.285859,-0.389655,0.22842,0.294443,0.343701,0.173538,-0.192696,-0.115572,-0.079606,-0.229411,0.242351,0.105848,-0.305789,0.295877,-0.166348,0.165648,-0.337648,0.554217,-0.250595,0.581057,0.230358,-0.761674,-0.156577,0.202441,0.176553,0.317825,0.170323,-0.500654,-0.000211,-0.232612,-0.146305,-0.042571,0.307604,-0.235531,-0.010826,0.082617,-0.004135,0.454167,0.537228,#
10,0.244851,-0.033377,0.079763,-0.00374,0.380665,0.002852,0.11613,-0.402427,0.123762,-0.053016,1.0,0.030293,0.180937,-0.008811,-0.266065,0.04306,-0.020882,-0.109819,-0.034629,-0.075462,-0.217521,-0.168525,-0.078918,0.321879,0.166439,0.317734,-0.026733,0.139595,0.203932,-0.125711,0.09563,0.100385,-0.065801,-0.356083,-0.178938,0.3977,0.287381,0.191113,0.098251,0.183101,-0.235296,-0.401025,-0.30924,-0.035748,-0.149523,0.139613,-0.187577,0.141058,0.096491,0.3462,0.035587,-0.206888,0.082216,0.289662,0.184219,-0.212862,-0.027798,0.271178,-0.037145,-0.321519,-0.400273,-0.132165,-0.039424,0.32005,-0.071638,0.01922,0.313639,-0.012044,-0.105256,-0.223326,0.037991,-0.043191,0.096018,0.166765,0.068671,0.096155,-0.119546,-0.07607,-0.120281,-0.208521,-0.120281,0.172126,-0.032267,0.207691,0.115633,-0.052607,0.219163,0.214615,0.003237,-0.042549,-0.166784,0.053162,-0.220482,-0.022005,0.045913,-0.16592,-0.060274,-0.232966,0.043155,-0.085151,0.187303,0.011031,-0.131961,-0.007747,0.147368,-0.081778,-0.094509,0.409912,-0.003676,0.278325,-0.105117,0.070853,-0.191337,-0.240908,-0.239994,0.084577,-0.343527,0.142139,-0.447301,0.089838,-0.356113,0.345396,-0.031201,-0.607071,-0.164617,0.055325,0.01071,0.021624,-0.005515,-0.208395,-0.123419,-0.280929,-0.139415,-0.261163,0.023396,0.132508,0.20409,-0.046312,-0.139806,0.053162,-0.091843,0.235243,-0.135921,0.048142,0.243296,-0.191099,-0.166616,0.180853,0.061129,0.045743,0.29403,0.112089,-0.355345,-0.014205,0.031659,-0.070153,-0.186864,-0.053081,0.014635,-0.023915,-0.110833,-0.334264,0.026294,0.208202,0.088155,-0.134342,-0.003676,-0.151204,-0.138808,0.046577,0.004455,0.166382,0.106248,0.217935,-0.235095,0.089253,-0.003676,0.053558,-0.172903,0.027884,-0.196035,0.201225,-0.02747,0.024187,0.175629,0.099976,0.014471,0.263613,0.24948,0.09322,0.308064,0.229632,0.278618,-0.194425,-0.155524,0.106668,-0.028983,-0.115108,-0.055467,-0.265448,#
11,-0.101249,-0.077606,0.050819,-0.294805,0.21916,0.477779,0.085366,0.057024,0.14692,-0.088037,0.030293,1.0,-0.294559,0.139578,-0.328993,0.113979,-0.133974,-0.142654,-0.048511,-0.207707,-0.001709,-0.301864,-0.075951,-0.009655,0.036197,0.015558,0.212138,0.247635,-0.004781,0.245691,0.047313,-0.022209,-0.270935,0.032145,-0.014138,0.137138,-0.114807,0.202214,0.07366,-0.073427,-0.098066,0.091229,-0.210606,-0.215732,-0.210568,0.143975,-0.099245,-0.231545,0.001193,0.237619,-0.166894,-0.071747,-0.16014,0.115827,-0.156724,-0.161873,-0.448247,0.167419,-0.151119,-0.107691,-0.099075,-0.398801,-0.018605,0.137804,0.020775,0.464708,0.070409,0.317806,0.453006,-0.337657,0.016899,0.024214,0.016067,0.197432,0.270054,0.125281,-0.211869,0.090537,-0.277672,-0.314084,-0.277672,-0.432873,0.02814,0.350744,-0.133776,-0.500136,-0.046969,-0.27418,0.032883,0.013671,0.206932,-0.262581,-0.141459,0.076719,-0.113305,-0.12165,0.099727,0.054114,-0.032203,0.018455,0.109721,-0.076791,-0.280073,-0.116508,-0.094864,0.023991,0.038093,-0.055466,-0.072197,0.234066,0.050712,0.016617,-0.520899,-0.265193,-0.114044,0.104395,-0.237468,0.273809,0.04984,-0.082868,-0.198368,0.025135,0.132589,-0.229884,0.058156,-0.020846,-0.024533,-0.099316,0.053997,-0.146792,-0.118177,-0.054632,0.015245,-0.232771,-0.197258,0.042941,0.14034,-0.109131,-0.179404,-0.427443,0.047764,0.211095,0.117195,-0.030038,0.109554,-0.251148,0.211032,0.067396,-0.27418,0.029494,0.210855,0.222547,0.009548,0.29664,0.112959,0.015209,-0.052319,0.08226,-0.191401,-0.287232,-0.157635,-0.238992,0.037416,-0.271131,-0.190859,-0.081851,-0.276036,0.144883,0.225268,0.116245,0.204889,0.234168,0.214721,-0.27418,-0.004407,0.068384,-0.072197,0.486751,0.002706,0.183807,0.162165,-0.24239,-0.086698,-0.083525,0.495804,0.391627,-0.102321,-0.10471,0.130981,-0.087019,0.056802,0.140399,0.141499,0.251524,-0.342711,-0.034048,0.157591,-0.032933,-0.060178,-0.215116,#
12,0.328562,-0.202068,0.070245,-0.069984,0.03454,-0.224558,0.072511,-0.092353,0.005139,0.031292,0.180937,-0.294559,1.0,0.446895,0.000557,0.17796,-0.075631,0.146625,0.275812,0.274554,-0.012416,-0.005526,0.119287,0.077573,0.157141,-0.164983,0.099207,0.18947,0.166818,0.049303,0.120191,-0.110441,0.044756,0.188493,-0.246982,0.275345,0.279109,0.326045,-0.054633,0.154723,-0.318789,-0.148303,0.135632,0.027469,0.129191,-0.365552,0.422072,0.165263,-0.09889,-0.160901,0.179438,-0.134925,0.143694,-0.149207,-0.070946,-0.169515,0.164813,-0.210532,0.180758,-0.083121,0.208743,0.087327,-0.150768,-0.127727,-0.259894,-0.167186,0.177229,-0.214808,-0.214469,-0.00924,-0.097859,0.461893,0.15876,-0.101195,-0.342768,-0.129909,-0.078611,-0.279932,0.00269,0.225569,0.257423,0.293934,-0.33565,-0.286658,-0.113447,0.312155,-0.135806,0.271687,-0.116895,-0.098084,-0.026487,0.037985,-0.098142,-0.094914,-0.015508,-0.102775,-0.279932,-0.238898,-0.252605,-0.150022,-0.168818,-0.277846,-0.318478,-0.05958,0.093287,0.164413,-0.205726,-0.106518,0.168076,-0.099795,-0.196035,-0.041433,-0.227066,0.154923,0.315049,0.245362,-0.171697,0.015627,-0.015409,0.087379,0.143861,0.065075,-0.302396,0.24035,-0.198097,0.08483,0.030593,0.26931,-0.128481,-0.381856,0.026205,0.237601,0.054796,0.097945,0.503527,-0.17711,0.211903,-0.320432,-0.067738,0.060176,-0.182744,0.293595,-0.095568,-0.242968,-0.295744,0.356319,0.074253,0.06074,-0.227515,0.144358,-0.20163,0.048501,-0.217415,-0.180257,0.307562,-0.110828,0.17365,-0.067898,-0.191839,-0.201131,0.100781,0.201853,0.087829,-0.122208,0.61083,-0.101564,0.168076,0.296196,-0.259846,0.213888,-0.24695,-0.071159,0.045361,0.020441,-0.084833,0.066852,-0.223306,-0.081901,0.037695,-0.317579,-0.284335,0.052551,-0.081528,-0.055906,-0.262206,0.080112,0.192899,0.438311,0.011028,0.365263,-0.199063,-0.162358,-0.129106,0.05049,0.254984,0.01786,0.278128,-0.093398,0.070693,0.213946,#
13,0.194683,0.153716,-0.006859,-0.446117,-0.228064,0.111088,0.339847,0.117795,0.180902,0.57828,-0.008811,0.139578,0.446895,1.0,0.149251,-0.017042,-0.371759,0.075779,0.21752,0.346143,0.263325,0.005608,0.108063,0.129529,0.118325,-0.077856,0.244798,0.147885,0.183741,0.258641,0.215062,0.173209,0.024623,-0.018832,-0.21762,-0.046198,0.225055,0.295565,0.235624,-0.253695,0.015349,0.473266,-0.274949,-0.174305,0.235785,-0.63426,0.534981,0.182113,-0.044396,-0.061904,0.03333,-0.289948,0.179614,-0.396885,-0.184926,-0.09838,-0.049206,-0.278797,-0.218204,-0.141347,0.548015,0.025255,-0.41163,-0.157247,0.126455,0.352424,0.067597,-0.26247,0.021363,-0.286257,-0.21129,0.415474,0.068547,0.135063,-0.216388,-0.113967,-0.49035,-0.359967,0.001237,0.33073,0.014887,-0.345781,-0.454922,0.122966,-0.404918,0.263879,-0.331252,-0.04981,0.088067,-0.309385,0.098272,-0.232389,-0.225474,-0.129355,-0.266273,0.090945,-0.366879,-0.167281,0.309176,-0.315727,-0.350046,-0.191323,-0.465723,-0.430561,-0.206731,0.041516,-0.1045,-0.456181,0.079495,-0.174984,0.136853,0.202644,-0.565097,0.24961,0.169831,0.095176,-0.32398,-0.052393,0.471703,-0.142767,0.055781,-0.459008,-0.030275,-0.010196,-0.338686,0.123768,0.15009,-0.091716,-0.341939,-0.416718,-0.16889,0.063306,-0.342724,-0.179232,-0.044301,-0.360607,0.157986,-0.294988,0.242759,-0.408282,-0.100435,0.229165,0.036668,-0.52287,-0.495138,-0.026789,0.149132,0.126346,-0.403905,0.196774,-0.105912,0.408722,-0.022497,-0.335282,-0.016582,-0.141251,0.648871,0.113478,-0.072946,-0.464411,-0.192395,0.316303,-0.091651,-0.207349,0.352433,0.130923,-0.014211,-0.095523,-0.181765,-0.042705,-0.371126,0.20871,0.015753,-0.396962,0.220529,-0.102571,0.070976,-0.070204,0.338937,-0.337754,0.314716,0.036347,-0.56943,-0.098108,0.259617,0.230188,0.024388,0.23424,-0.301327,0.363173,-0.310628,-0.132404,-0.150145,0.189413,-0.24256,-0.168094,0.330053,-0.208227,0.234082,0.394433,#
14,-0.037986,0.187246,-0.192923,-0.063039,-0.015479,-0.059367,0.020362,0.248438,-0.078993,0.1173,-0.266065,-0.328993,0.000557,0.149251,1.0,-0.390274,0.102493,-0.031229,0.248313,0.154651,0.203058,-0.046506,-0.018881,0.051868,-0.275291,0.103449,0.277449,-0.144846,0.434061,-0.164773,-0.239729,0.250226,-0.033498,0.071387,-0.071533,-0.304321,-0.171431,-0.060642,-0.273297,-0.036021,0.173745,0.272742,0.091163,0.14955,0.363118,-0.246607,-0.031929,-0.05327,-0.010747,-0.05397,0.266419,-0.239695,0.202929,-0.041159,0.222557,0.356422,0.361015,-0.249032,0.166848,0.168444,0.421759,-0.188749,-0.251315,0.033052,0.272666,0.150316,0.199892,-0.176293,0.079162,-0.036393,-0.029807,-0.176839,0.063459,0.103091,0.000953,-0.138344,-0.317159,0.006293,-0.082252,0.23728,-0.070027,-0.068656,0.084876,-0.049656,-0.117203,0.51715,0.142929,-0.043117,-0.090185,-0.424565,0.078437,0.118981,0.225342,0.018909,-0.198612,0.076757,-0.29743,0.118185,0.050022,-0.122017,-0.170988,-0.036943,-0.025515,-0.554889,-0.192203,-0.161599,-0.180897,-0.041206,-0.089792,0.047807,0.119382,-0.260005,0.193188,0.151005,0.148902,-0.004251,-0.356843,0.073984,0.208821,-0.224198,-0.157505,-0.258899,0.065985,0.185306,-0.119845,-0.276154,-0.128699,0.02613,-0.203501,0.034576,-0.064391,0.01489,0.097745,-0.196702,0.102608,-0.259601,-0.003925,0.180147,0.09376,-0.038547,-0.304251,-0.485848,-0.179852,0.097892,-0.329385,-0.096997,-0.180018,-0.1431,-0.211373,0.041662,-0.200208,-0.186631,0.043275,-0.029926,-0.490296,0.009685,0.345894,-0.00482,-0.124859,0.351314,0.071621,0.173676,-0.258899,-0.186516,-0.134823,0.257148,0.330267,-0.247749,-0.160718,-0.012648,-0.200393,-0.203341,-0.150464,0.105752,-0.12689,-0.183133,-0.078124,0.028392,0.395494,-0.07564,0.055928,0.26319,0.098864,0.296112,-0.081301,-0.030385,0.251642,-0.188427,0.189365,-0.029026,-0.17734,-0.174416,0.095237,-0.089055,-0.222079,-0.070799,-0.098558,-0.095277,0.096126,-0.000631,#
15,0.051143,0.181611,0.024521,0.021035,0.018603,-0.205689,0.272182,-0.164924,-0.114115,0.069334,0.04306,0.113979,0.17796,-0.017042,-0.390274,1.0,-0.035353,0.50497,-0.019014,0.331411,-0.301009,0.03498,0.277505,-0.138757,0.215964,-0.248122,-0.095587,0.099338,0.213931,-0.00962,0.038514,-0.248447,0.277724,-0.271891,0.050449,0.101463,0.271005,-0.035742,0.168101,0.04639,-0.071898,-0.238096,0.435649,-0.011921,-0.213683,0.04932,0.143962,0.293724,0.204592,0.2538,0.029989,0.147191,0.019769,0.096889,0.107693,-0.204034,-0.014665,-0.078304,0.206909,0.111877,-0.125613,0.198035,0.155538,-0.068433,-0.205586,0.143446,-0.12799,0.179584,-0.281092,0.114307,0.171326,0.317456,0.224638,-0.328058,0.104728,0.245782,0.093934,-0.191633,0.282257,-0.052968,0.119756,0.129638,-0.319807,0.115855,-0.030892,-0.1216,-0.274878,-0.353374,0.025925,0.144242,-0.151337,0.19082,-0.235772,0.086257,0.02521,-0.337082,0.179095,0.089495,0.043181,0.303234,-0.148499,-0.081451,-0.238773,0.234464,0.185726,0.272555,0.034677,-0.080733,-0.078824,-0.012262,-0.178235,-0.183749,-0.038412,-0.089754,-0.007808,0.192331,0.001581,-0.097092,-0.038967,-0.088979,-0.043311,0.167456,-0.465924,-0.142005,0.119244,0.049709,-0.038915,0.314444,0.054154,-0.225104,0.116377,-0.096739,-0.051445,0.127773,0.069037,-0.030892,-0.087433,-0.230152,-0.077654,0.026778,-0.12641,0.205049,-0.171279,-0.325767,0.013513,0.304058,-0.127221,0.268864,-0.156866,-0.270443,-0.073201,-0.086805,-0.029599,0.120486,0.053249,-0.12641,-0.114974,0.343071,-0.1428,-0.310895,0.281621,0.002471,-0.182968,0.008398,0.294405,0.104637,-0.078824,0.256256,-0.033237,0.015454,0.225697,0.117149,0.19243,-0.139444,-0.026412,-0.067676,-0.1002,0.071452,-0.053975,-0.230737,0.23583,-0.218754,-0.218613,0.111999,0.157695,-0.261484,0.202368,0.117977,-0.002645,0.03236,0.010909,-0.103395,-0.039699,0.378599,0.004769,-0.104431,0.067029,-0.04866,0.305371,0.264464,#
16,-0.091273,0.257193,-0.111173,0.338778,0.092375,0.055152,0.176031,-0.059227,-0.211602,-0.557748,-0.020882,-0.133974,-0.075631,-0.371759,0.102493,-0.035353,1.0,-0.061712,0.173393,-0.104581,-0.01272,-0.164661,-0.017058,-0.382701,-0.55925,-0.095959,-0.18268,0.032062,0.124494,-0.298844,-0.211477,0.036645,-0.02339,0.144186,0.119611,0.209397,-0.292316,-0.467746,-0.282832,0.535071,-0.167641,-0.331654,0.098273,0.09897,-0.040236,0.293743,-0.324018,-0.439439,0.188592,0.318367,0.296991,0.143918,-0.102109,0.066855,0.154309,0.094279,0.421592,-0.195479,0.214354,-0.245772,-0.321493,0.171341,0.312065,-0.213572,-0.023268,-0.023481,-0.22234,0.028386,-0.125243,-0.090839,-0.179275,-0.543997,-0.051042,-0.394848,-0.155348,-0.028693,0.175311,-0.107972,-0.145166,-0.115834,0.027774,0.179546,0.278641,-0.333854,0.065113,-0.058847,0.170516,-0.119888,-0.226462,0.074184,-0.073044,0.066475,-0.110591,-0.146655,0.239909,-0.228362,0.236365,-0.049095,-0.294638,0.38766,0.153387,0.088871,0.340275,0.117658,-0.17001,0.002737,0.044201,0.033954,-0.342565,0.070993,-0.288517,-0.20209,0.188393,0.084217,-0.11793,-0.084507,0.137749,0.115418,-0.31375,-0.189784,-0.078472,0.080544,-0.239966,-0.135878,0.051979,-0.45095,-0.327847,-0.065488,-0.014156,0.082007,0.024541,-0.343483,0.191566,-0.173726,0.23927,0.065113,0.312354,0.006798,-0.326115,0.066475,-0.016495,-0.117206,-0.05633,0.457464,0.058309,-0.026381,-0.139919,0.138747,0.059801,-0.054051,0.115042,-0.40431,0.381809,0.086935,-0.006123,-0.009865,-0.46463,-0.099082,-0.13186,0.503468,-0.014905,-0.057417,0.080544,-0.298717,-0.37056,0.020606,0.077155,-0.032385,-0.29916,-0.041055,-0.022125,0.006212,-0.298156,0.069575,-0.2862,0.105969,-0.138701,0.188125,-0.166294,0.013946,-0.372411,-0.153918,0.804532,0.205972,-0.124651,-0.418527,-0.072311,-0.046712,0.434011,-0.242285,0.010884,0.375968,-0.254444,-0.251153,0.145738,-0.045215,-0.208894,-0.032054,-0.474107,-0.164403,#
17,-0.262349,0.054234,0.204236,0.253651,-0.321331,-0.187663,0.273839,0.06936,-0.043746,0.16599,-0.109819,-0.142654,0.146625,0.075779,-0.031229,0.50497,-0.061712,1.0,-0.086867,0.351849,-0.355668,-0.165945,-0.049011,-0.138652,0.128051,0.29589,0.207996,0.042616,0.129492,0.091999,0.061052,-0.102205,-0.142769,-0.096787,-0.075434,-0.010701,0.078879,0.142294,0.030398,-0.270536,0.017935,0.103514,0.364419,0.128063,-0.105598,-0.105665,0.274979,0.193034,-0.15874,0.06913,1.1e-05,0.093169,0.196406,0.035791,0.238819,-0.27339,0.059464,-0.105411,0.123392,-0.074869,0.086475,0.126189,-0.041169,-0.096217,0.120828,-0.143439,0.059426,-0.009462,-0.387404,0.048783,0.335001,0.201748,0.049882,-0.265077,-0.047026,0.215981,-0.103127,-0.18779,0.095579,0.032763,-0.070372,-0.101273,-0.437013,0.335913,-0.366576,-0.037621,-0.335776,-0.292332,-0.184541,-0.046247,-0.394364,-0.140043,-0.341723,0.029246,-0.319483,-0.220958,0.129789,-0.092065,0.202395,0.274724,-0.427443,-0.269955,-0.283043,0.152122,-0.030528,0.083713,0.016599,-0.129438,0.008915,0.147794,-0.060056,-0.071726,-0.115989,-0.074559,-0.077592,-0.174614,0.147657,-0.245372,0.171523,-0.261193,-0.103508,-0.035975,-0.209023,0.012722,-0.134431,0.073421,-0.048995,0.379783,-0.216086,-0.037681,0.071294,0.209654,-0.00145,-0.026844,0.069649,-0.17666,-0.094325,-0.216408,0.074536,-0.092178,-0.118415,0.077781,0.055885,-0.311214,-0.202265,0.315516,-0.268296,0.49103,-0.138682,-0.158948,-0.223296,-0.013663,0.08252,-0.066705,-0.13902,0.037539,-0.182063,0.470343,0.024708,-0.262698,0.221215,0.100679,-0.385859,0.149363,0.330874,0.186069,-0.222558,0.002031,-0.335235,0.078424,0.097973,0.066868,-0.117165,-0.171746,-0.169453,-0.19877,-0.222558,-0.006476,-0.084564,-0.183603,0.454667,-0.109665,-0.09013,0.031688,0.174197,-0.225426,0.23681,0.308925,-0.232625,-0.019555,-0.151844,-0.339332,-0.064154,0.170659,0.033003,-0.398088,-0.056546,0.100063,0.153096,0.426541,#
18,0.389827,0.408272,-0.134501,-0.165279,0.075498,0.139348,0.262195,0.290716,-0.124044,0.111526,-0.034629,-0.048511,0.275812,0.21752,0.248313,-0.019014,0.173393,-0.086867,1.0,-0.020919,0.269105,0.216519,0.074055,0.231853,0.060329,0.036402,0.033949,-0.001458,0.106629,0.098362,-0.306725,0.137676,0.255684,0.052149,-0.163929,0.106856,0.045086,-0.139764,-0.186826,0.148189,0.137098,0.083566,-0.018288,0.097552,0.322294,0.000404,0.29,-0.287634,-0.236859,0.003254,-0.049749,-0.205265,0.208938,-0.028813,0.209691,0.118521,0.1895,-0.437349,-0.117371,-0.138951,0.115234,-0.416591,-0.258221,0.150444,-0.20946,0.191114,-0.244706,-0.144583,-0.092359,-0.284462,-0.210797,0.27604,-0.029917,-0.148321,-0.277245,-0.111663,-0.230774,-0.10226,-0.155384,0.215037,0.340983,-0.042126,-0.02456,-0.476633,-0.014603,-0.081019,0.091248,-0.158163,0.030106,-0.204796,-0.15777,-0.329214,0.162952,-0.376957,0.355751,-0.144775,-0.246342,0.03642,-0.050898,-0.11197,0.052541,0.309169,-0.123339,-0.44995,-0.27941,0.021093,-0.306926,-0.104783,-0.093601,-0.162862,0.006342,0.047687,-0.085472,0.073849,0.080565,0.566098,-0.194819,0.077263,0.180442,0.00897,-0.218684,-0.277805,-0.311442,-0.019472,-0.385035,-0.198405,0.143052,-0.188711,-0.079405,0.018758,-0.158947,-0.073983,0.125863,0.0873,0.099447,0.071417,0.103093,-0.133357,0.113789,-0.152973,-0.329351,-0.070112,-0.273273,-0.139051,-0.279406,-0.033178,-0.193163,0.029405,-0.469258,-0.001406,-0.159461,-0.107536,-0.171882,-0.286285,0.119812,-0.174675,0.178975,-0.107935,-0.420059,0.11075,-0.034849,0.312328,-0.277805,-0.337069,0.109558,0.03338,0.257236,0.32887,-0.221459,-0.052393,-0.021311,0.057386,0.255543,0.167248,-0.013439,0.032612,-0.311509,-0.187194,0.354744,-0.013438,-0.305021,0.18246,0.168322,0.400661,-0.016733,0.197992,0.474547,0.035699,0.038545,0.204207,-0.205965,0.10574,0.09819,-0.015574,-0.258743,0.298183,0.282404,-0.098531,-0.152385,0.169204,#
19,-0.019124,0.004461,0.165422,-0.252379,-0.065581,-0.289598,-0.010361,-0.098103,-0.121624,0.327212,-0.075462,-0.207707,0.274554,0.346143,0.154651,0.331411,-0.104581,0.351849,-0.020919,1.0,0.053747,0.136069,0.128752,0.073162,-0.222247,-0.231602,0.180769,-0.125719,0.046191,-0.206182,0.084963,0.335857,0.516176,0.082593,-0.173985,-0.350187,0.215955,0.25755,-0.278019,-0.122976,0.19352,0.006946,0.230308,-0.157132,-0.191761,-0.37938,0.205564,0.401845,0.207506,-0.09481,0.227589,-0.237245,0.515151,-0.188077,-0.302251,-0.01345,0.008921,-0.485042,0.403655,0.10983,0.26673,0.045768,-0.517797,-0.495619,0.044135,0.04316,0.19464,-0.441834,-0.333911,0.28352,-0.219039,0.184399,0.203321,-0.074602,-0.021682,-0.46421,0.000816,-0.26984,0.59974,0.466336,0.443287,0.121333,-0.200455,-0.041997,0.078921,0.551402,-0.131801,-0.16105,0.287201,-0.100846,0.090086,0.438367,0.100582,0.073974,-0.015482,0.251954,0.02956,-0.037293,0.322061,0.10856,-0.57619,-0.075502,-0.039251,0.104275,0.540322,0.476899,0.009797,-0.198953,0.394352,-0.126777,0.119173,-0.259746,0.072432,0.204604,0.166337,0.070205,-0.165337,0.026427,0.141613,-0.329692,0.067419,-0.258642,-0.101913,-0.016691,-0.221373,0.417614,0.273282,0.275803,0.197923,0.25828,0.576099,0.003022,0.094858,-0.005015,0.450964,0.085552,0.13682,-0.071778,0.218139,0.313182,0.108068,0.033497,-0.149194,-0.184115,-0.124817,0.21622,0.25682,-0.134425,-0.016194,0.116201,0.00888,0.177549,0.321729,-0.03214,-0.012942,0.298643,0.3933,0.115185,-0.032718,-0.018551,0.211776,0.197326,0.083902,0.093671,0.41653,0.101453,0.168028,-0.117332,-0.151108,0.304327,-0.501824,-0.164575,-0.38322,-0.00996,-0.471503,0.157564,0.386703,-0.360165,0.239648,-0.075692,0.20972,0.121668,-0.309999,-0.054736,-0.130757,-0.161493,0.42077,0.51616,-0.184535,-0.032475,0.016339,-0.325471,-0.414711,-0.002685,0.09649,-0.448263,-0.425237,-0.078862,0.487608,0.198478,#
20,0.089724,0.470717,-0.036768,-0.039088,-0.027632,0.230044,-0.031225,0.302224,-0.394104,0.073843,-0.217521,-0.001709,-0.012416,0.263325,0.203058,-0.301009,-0.01272,-0.355668,0.269105,0.053747,1.0,0.075516,-0.235209,-0.075638,-0.08566,-0.179316,0.103081,-0.239728,-0.314337,-0.030086,-0.029321,0.18373,0.273782,0.234144,-0.427178,-0.414681,0.032835,-0.093021,0.188888,-0.093912,0.260152,0.301394,-0.502989,-0.043543,0.263308,-0.253944,0.096674,-0.237861,0.079411,0.019179,-0.147483,-0.059064,0.382566,-0.041671,-0.199503,-0.197859,0.093894,-0.147938,-0.451093,-0.183028,0.099364,-0.035501,-0.185431,-0.104786,0.257401,0.178669,-0.099251,-0.342931,0.126819,-0.25699,-0.319761,0.181491,-0.228726,0.158581,-0.255252,-0.335305,-0.082552,0.200641,0.26038,0.13847,0.108214,-0.2037,0.301021,-0.051987,0.138218,0.042854,0.060912,0.421457,0.449039,-0.019717,0.121377,0.116672,0.305509,-0.082008,0.123364,0.287579,-0.1018,-0.049512,0.354609,-0.19409,0.125809,0.298204,0.180191,-0.185617,-0.069227,0.130199,0.297522,-0.138944,-0.156446,-0.261271,0.121089,0.275139,-0.122214,0.127059,0.309644,0.212381,-0.108813,0.387122,0.049373,-0.052147,0.000793,-0.304009,0.077993,0.237873,-0.12198,0.002674,0.031453,-0.453203,-0.262662,-0.04315,0.103021,0.049171,0.094083,-0.043735,0.022521,0.006493,0.31246,0.373109,0.16418,-0.036939,0.184363,-0.029158,0.049283,0.142353,-0.130408,-0.358864,0.206244,-0.262628,-0.049491,0.036151,0.111884,0.091724,0.01446,-0.084232,0.158221,-0.04517,0.428309,-0.402005,-0.165812,0.07459,-0.257401,-0.086893,0.023605,-0.261903,0.026886,-0.078085,0.250221,0.222674,0.217736,-0.285534,-0.119092,-0.028353,0.01387,-0.198097,0.069249,-0.054076,0.26184,-0.271533,0.190242,0.104357,-0.301235,-0.045261,-0.020435,-0.023795,0.024215,-0.063651,-0.180028,-0.412718,-0.124057,0.260473,-0.058618,-0.136367,-0.136114,-0.12558,-0.143439,-0.217029,0.212394,-0.377018,-0.093081,-0.125146,#
