0,1.0,0.343462,0.043212,-0.383918,0.569654,0.003128,0.347579,-0.112975,0.664827,0.175024,-0.079813,0.493142,0.489583,0.08438,0.233058,0.193509,0.101086,-0.036855,0.19268,-0.321356,-0.313373,0.171391,0.122575,-0.107655,-0.132597,-0.223869,-0.161672,-0.231067,0.137463,-0.018781,-0.436436,0.077556,-0.152852,-0.084878,-0.434079,0.166172,0.391255,-0.080413,0.030584,-0.067956,0.271272,-0.395389,-0.053471,0.182078,-0.076824,-0.013748,0.463166,0.140564,0.152684,0.350324,-0.010962,-0.21979,0.107402,-0.063968,0.038128,-0.255611,-0.64352,0.427903,-0.006331,0.18783,0.064646,0.084524,-0.167205,-0.050841,0.287582,0.318324,-0.152852,-0.001959,0.383976,-0.094767,0.080302,-0.497946,-0.152852,-0.409841,-0.304541,0.158812,-0.356976,-0.327772,-0.514517,-0.184942,-0.003536,-0.562512,-0.253771,-0.082066,-0.148352,-0.285993,-0.40333,-0.287617,-0.289829,-0.335917,0.05685,-0.241372,-0.064787,-0.10994,-0.386348,-0.011476,-0.513402,-0.403334,-0.182446,-0.29687,0.169866,-0.461519,-0.418057,-0.301978,-0.171252,-0.374229,-0.40108,-0.20406,-0.159875,-0.09261,-0.084513,-0.220769,-0.072601,-0.232246,-0.291405,-0.295432,-0.408296,-0.580354,0.036684,-0.722992,-0.513402,-0.294619,-0.318844,-0.374672,-0.418133,-0.184062,-0.297992,0.115506,-0.06135,-0.301978,-0.104981,-0.242966,-0.095294,0.03772,-0.242137,-0.56126,-0.152852,-0.513378,0.185038,-0.379042,-0.248092,-0.105718,-0.300642,-0.250045,-0.568518,-0.065417,-0.350472,0.281604,-0.548367,-0.456287,-0.460077,-0.398191,-0.111907,-0.288408,-0.326012,-0.354346,0.358313,0.483226,-0.265282,-0.398953,-0.093072,-0.119855,-0.343589,-0.028687,0.150105,0.338256,-0.006188,-0.155542,-0.374292,-0.248092,0.004655,0.299234,-0.109663,-0.483691,0.204098,-0.066258,-0.23338,0.350671,0.402313,-0.359445,0.193782,0.191517,0.157763,0.034222,0.323688,-0.10216,0.240056,0.064373,-0.171761,0.547583,-0.291405,0.157792,0.390945,0.404823,0.063612,0.055436,0.339207,-0.345814,0.01394,0.113256,#
1,0.343462,1.0,0.148143,0.199554,0.432537,-0.104516,-0.307796,-0.350125,0.066709,0.078455,-0.386632,0.053778,0.035902,0.090882,0.190829,-0.181574,-0.172928,0.048751,-0.041832,-0.383705,0.122959,-0.125825,0.358352,-0.08242,-0.176924,-0.421089,-0.184985,0.057572,0.160207,0.13948,-0.389132,0.160536,-0.114671,0.137225,-0.314224,0.129004,0.321463,-0.088368,0.178465,-0.124044,0.520729,-0.3473,0.291272,0.221602,-0.277403,-0.213988,0.353356,0.230013,0.026669,0.194178,-0.10653,-0.182312,0.201202,-0.004471,-0.143706,-0.245931,-0.166114,0.340314,-0.201672,0.113565,-0.067775,-0.175854,-0.077285,-0.202413,0.071516,0.247838,-0.114671,0.189913,0.347635,0.138245,0.174074,-0.227905,-0.114671,-0.05957,-0.027893,0.084468,-0.011698,0.012008,-0.137506,-0.119584,-0.133661,-0.347441,-0.310743,0.338622,-0.222721,-0.281137,-0.184182,-0.094445,-0.13303,-0.11861,-0.099781,-0.027427,-0.181096,0.262013,-0.421093,-0.198864,-0.19911,0.002002,-0.135554,0.179093,0.196423,0.09882,-0.024659,-0.146844,-0.324645,-0.280749,-0.229849,0.10343,0.147516,-0.139407,0.140605,0.159648,-0.1734,-0.232296,0.083224,-0.074201,-0.232296,-0.123574,0.104247,-0.101525,-0.19911,-0.219702,-0.034125,-0.075155,0.065857,-0.120177,-0.151344,-0.019004,0.305946,0.048623,-0.096537,0.114249,-0.132636,-0.032349,-0.051392,-0.238398,-0.114671,-0.197772,0.272025,-0.083948,-0.102668,0.183469,0.268963,-0.448672,-0.17706,-0.177689,-0.004598,0.146375,-0.346155,-0.085773,-0.371659,-0.159227,-0.090196,-0.151343,-0.12969,-0.00016,0.04134,0.159602,0.011656,-0.230129,0.09699,0.010216,-0.146168,-0.127501,0.047548,0.183975,0.153364,-0.543651,-0.280796,0.101994,-0.235345,0.212781,-0.24484,-0.101728,-0.085521,0.17344,-0.085727,-0.096204,0.103476,-0.134062,-0.089963,0.072807,-0.078499,-0.390208,0.112317,-0.208837,0.227224,-0.269141,-0.23767,0.062037,0.083224,-0.026949,0.021757,0.313434,0.02466,-0.076694,-0.023973,-0.355311,-0.123818,0.070712,#
2,0.043212,0.148143,1.0,0.391191,-0.225059,-0.264224,0.048528,-0.097081,0.055165,0.197506,0.010287,0.072516,-0.032499,0.051787,-0.123107,-0.17813,-0.199384,0.33466,0.081581,-0.048453,-0.273189,0.024017,0.119692,0.106828,0.109801,-0.126526,0.200982,-0.342296,0.117699,-0.247267,-0.113296,0.108127,0.210308,-0.211061,-0.283787,0.164269,-0.139545,0.250197,-0.136076,-0.297892,0.075106,0.277991,-0.117695,-0.12462,0.436591,-0.512454,0.256619,0.284246,-0.292986,0.367371,-0.323065,0.030892,-0.230727,0.280694,-0.16952,-0.247754,-0.263368,0.087672,-0.153669,0.117637,-0.23897,0.015749,0.014058,-0.452531,0.208164,-0.007479,-0.212186,0.054633,-0.215266,-0.076549,-0.015407,-0.01265,-0.212186,0.211076,-0.117427,0.29357,-0.050198,-0.084047,0.032706,-0.282603,-0.09981,-0.045724,-0.135177,0.381888,-0.103787,-0.189732,0.272005,-0.045393,-0.486491,-0.291425,0.274562,-0.465814,0.096986,0.035764,-0.111325,0.474663,0.308656,0.275351,-0.122219,-0.101207,-0.281336,-0.056353,-0.13172,0.058619,-0.132734,0.065616,0.215707,0.113306,0.029714,0.266564,0.436891,-0.018417,0.131174,0.037282,0.264278,-0.202908,-0.123092,-0.288771,0.013923,0.005417,-0.205746,0.031429,-0.130946,-0.050441,-0.027548,0.032297,-0.128495,-0.233639,0.055155,0.041387,0.1174,0.137106,0.185016,0.096067,0.345326,0.035895,0.210308,0.319316,0.202352,-0.229886,0.14114,0.450278,0.054196,-0.211622,-0.048964,0.021963,-0.030548,-0.119884,-0.362355,0.302763,0.085183,0.37032,0.279759,0.066783,0.046796,0.136559,0.038375,0.165946,0.099508,-0.095099,0.396972,-0.035464,0.200807,0.052526,-0.102969,0.037987,-0.112615,-0.194032,0.051302,-0.022061,0.02733,0.077507,-0.008542,-0.064591,-0.093763,0.20897,-0.413069,0.116119,0.087234,-0.04847,0.114598,0.206244,-0.225594,-0.055485,-0.383004,0.162183,-0.347293,0.232477,0.084536,0.019793,0.264278,0.001392,-0.221201,0.049777,-0.333301,-4.9e-05,-0.154581,-0.050875,0.28466,-0.465415,#
3,-0.383918,0.199554,0.391191,1.0,-0.172455,-0.237708,-0.414229,-0.142242,-0.510873,-0.120245,0.000603,-0.398324,-0.242679,-0.049488,-0.15514,-0.31902,-0.012595,0.102807,0.027665,0.059016,0.070106,-0.046917,-0.05808,0.003244,0.081134,0.122002,-0.097825,0.251405,0.12276,-0.232997,0.155048,0.176934,0.156433,-0.012431,-0.267547,-0.231651,-0.169832,0.108296,0.112058,0.029685,0.020183,0.120765,0.271346,0.005223,-0.158596,-0.099166,-0.160225,-0.172691,-0.089989,-0.077308,-0.253031,0.297673,-0.141816,0.230491,-0.156806,0.071799,0.07186,-0.248467,-0.108335,-0.143972,-0.133872,-0.125715,0.169349,-0.109476,-0.258443,-0.294103,0.106079,-0.032036,-0.360488,-0.00336,-0.05136,0.219467,0.122864,0.329657,0.034607,0.165091,0.265283,0.215268,0.212221,0.068034,-0.074414,0.132944,-0.033772,0.363005,-0.133188,-0.136471,0.300999,0.193995,0.023163,0.079731,-0.030632,0.130276,-0.213818,0.190272,0.117412,0.107793,0.276334,0.461138,0.072082,0.004911,-0.252778,0.182347,0.09832,0.208795,-0.106373,-0.126943,0.459678,0.169375,0.347742,0.045322,0.3689,-0.119635,-0.372853,-0.061804,0.204518,0.345375,0.317742,-0.030283,-0.113247,0.325124,0.074817,-0.154805,0.202308,0.27487,0.412611,0.254487,-0.170004,-0.148313,0.164753,0.201234,-0.229869,0.141525,-0.040124,-0.070531,0.264453,0.302758,0.156433,0.274542,-0.16453,0.227758,-0.049438,0.43398,0.398475,-0.142331,0.125377,0.055586,0.090179,-0.142256,-0.022819,0.208631,0.168115,0.584143,0.202489,0.03475,0.24694,0.252466,-0.159654,-0.298661,0.308836,-0.020122,0.187044,0.244751,-0.064264,-0.078894,-0.240201,-0.259244,-0.047624,-0.27843,0.118445,0.163445,-0.280982,-0.260569,0.083144,0.149579,-0.118154,0.278998,-0.049763,-0.098876,-0.254891,0.309806,-0.232088,-0.085813,-0.070526,-0.315956,-0.068838,-0.188781,-0.150239,-0.050564,0.132021,-0.280295,0.377943,-0.090433,-0.140128,-0.21434,-0.069044,-0.097669,-0.263476,0.195555,-0.194143,-0.137374,#
4,0.569654,0.432537,-0.225059,-0.172455,1.0,-0.003465,0.158628,-0.122014,0.292891,0.319436,-0.335185,0.278045,0.390581,0.2126,-0.044331,0.069683,0.049778,-0.106149,0.052987,-0.356954,0.099173,-0.09246,0.314938,-0.418015,-0.188442,-0.151731,-0.141336,-0.084922,0.094173,0.069654,-0.402273,0.057049,-0.271703,0.079577,-0.430733,0.418167,0.266985,-0.285577,-0.043884,-0.221185,0.375445,-0.456579,0.242024,0.468043,-0.22014,-0.146356,0.207011,0.24594,0.31674,0.03269,-0.092026,-0.540744,0.080666,-0.046791,0.141697,-0.405501,-0.360266,0.300454,0.032055,0.027119,0.220752,0.191414,-0.337521,0.035112,0.18087,0.407394,0.123981,0.248282,0.253866,0.029338,-0.088582,-0.668388,0.140468,-0.673002,-0.248303,0.370605,-0.39803,-0.406164,-0.365222,-0.19744,-0.180739,-0.637378,-0.483704,-0.138873,-0.26561,-0.451231,-0.62852,-0.417258,-0.083608,-0.050615,-0.332638,-0.150057,-0.304221,-0.109351,-0.499696,-0.234175,-0.585448,-0.473894,-0.37688,-0.100787,0.336929,-0.417702,-0.39088,-0.28948,-0.532987,-0.665213,-0.39072,-0.202304,-0.096857,-0.123931,0.128826,0.215022,-0.316796,-0.483482,-0.445372,-0.088069,-0.323706,-0.470757,0.065868,-0.436075,-0.408716,-0.104484,-0.412475,-0.200455,-0.227594,-0.057843,-0.465366,0.241487,-0.10344,-0.117829,-0.329762,0.004464,-0.488211,0.377841,-0.379686,-0.502953,-0.271703,-0.74446,0.068989,-0.350801,-0.380364,-0.154228,-0.104467,-0.15057,-0.484903,-0.268076,-0.229218,0.593454,-0.458536,-0.283542,-0.606495,-0.481714,-0.115006,-0.476611,-0.218643,-0.404646,0.118657,0.587485,-0.308301,-0.51009,-0.180384,-0.140297,-0.548212,-0.216428,-0.037317,0.360321,-0.274521,-0.422221,-0.461199,-0.002333,0.002867,0.136811,-0.367897,-0.514484,0.010428,-0.203154,-0.178474,0.33529,0.343325,-0.454628,0.18799,0.000723,0.166851,0.076045,0.498052,-0.35763,0.41691,-0.171482,-0.336354,0.532476,-0.275024,0.197309,0.469062,0.343654,-0.152039,0.253275,0.371342,-0.430753,-0.319691,0.115956,#
5,0.003128,-0.104516,-0.264224,-0.237708,-0.003465,1.0,0.349927,0.523849,-0.026039,-0.109334,-0.107744,0.15978,-0.188475,0.582087,0.051144,0.132245,-0.06023,-0.067416,0.046894,-0.246869,0.352758,0.111548,-0.138055,-0.54778,0.095259,0.004173,0.119547,-0.115919,-0.137887,0.091986,0.047011,0.251688,0.231644,-0.095975,-0.184305,0.092212,-0.101733,-0.1853,0.162541,-0.176088,-0.018055,-0.070239,0.254503,0.121495,-0.092058,0.078907,-0.073798,0.090657,0.083536,-0.066969,0.317707,-0.088705,0.265219,-0.09218,-0.091408,0.178674,0.460552,0.14691,-0.079827,0.240758,0.188635,0.009704,-0.331195,0.435834,-0.194883,-0.053328,-0.180873,0.412502,0.13702,-0.423563,-0.106726,-0.201147,0.215778,0.0112,0.048439,-0.083297,0.262611,0.139138,-0.455688,0.02265,0.028252,-0.194906,0.219641,-0.335928,0.194931,0.25161,-0.045056,-0.051099,-0.018166,-0.134239,0.013024,0.008809,0.248383,-0.363432,0.008575,-0.092266,-0.253756,-0.198013,0.033362,-0.18586,0.294515,-0.223567,0.079317,-0.366431,0.029101,-0.236248,-0.268732,-0.539646,-0.289741,-0.550113,-0.448687,0.042507,-0.052663,0.003245,-0.059599,-0.217823,0.019469,-0.110883,-0.081331,-0.078545,-0.083678,0.186532,0.044108,-0.176841,-0.110204,0.012544,-0.016191,-0.31436,-0.044062,-0.187742,0.001933,-0.119299,-0.253586,0.02822,-0.077017,-0.159488,0.231644,-0.082978,-0.22809,-0.02609,-0.303095,-0.218536,-0.364926,-0.305388,-0.051043,-0.013486,0.089427,-0.025092,0.106433,-0.076779,-0.017804,-0.07235,-0.2148,0.171909,0.02736,-0.248662,0.363507,0.096351,-0.203997,0.173252,-0.150837,-0.386723,0.173593,0.018198,0.043442,0.266613,0.572292,0.376645,-0.042169,0.07858,0.119187,0.109546,0.07335,0.180143,0.352773,-0.252644,-0.122935,-0.026421,0.008634,-0.114035,0.13903,-0.126401,0.138954,0.206333,0.303078,-0.401751,0.227129,-0.086912,0.175079,0.051425,-0.066156,0.09346,0.163284,-0.252267,0.250194,0.24588,0.094438,-0.334472,-0.046498,0.350878,#
6,0.347579,-0.307796,0.048528,-0.414229,0.158628,0.349927,1.0,0.144954,0.531653,0.021583,0.254104,0.635214,0.120949,0.057308,0.042623,0.464122,-0.056725,-0.237878,0.21337,-0.425275,-0.094469,-0.033602,0.047936,-0.39091,-0.088344,-0.185411,-0.101872,-0.403094,0.220075,-0.102468,-0.423924,0.003975,-0.180813,-0.400981,-0.09013,0.242936,0.055059,0.027104,-0.247502,-0.174706,0.028547,-0.047384,-0.372441,-0.001964,0.123967,0.055417,0.1559,0.140511,0.130142,0.261864,0.055826,-0.106679,0.095684,0.04147,0.090867,-0.0541,-0.114979,0.12391,0.04737,0.320389,0.190678,0.286837,-0.234041,0.271738,0.077955,0.003549,-0.180813,0.13374,0.233597,-0.421276,-0.009254,-0.336711,-0.180813,-0.334662,-0.457348,0.238069,-0.267153,-0.183288,-0.616254,-0.472831,-0.142221,-0.370544,-0.11331,-0.334662,-0.316558,0.083202,-0.201858,-0.38901,-0.384777,-0.166383,0.000818,-0.33257,0.098288,-0.552232,-0.498558,0.054298,-0.252426,-0.692079,-0.302069,-0.276558,0.21198,-0.384413,-0.281178,-0.552083,0.02872,-0.235442,-0.281352,-0.461691,-0.471891,-0.18727,-0.386441,0.043562,-0.06879,-0.160864,-0.228279,-0.573585,-0.490818,-0.262924,-0.253777,-0.414979,-0.252426,-0.142678,-0.290161,-0.374813,-0.270051,-0.191458,-0.365416,-0.142344,-0.196303,-0.552083,-0.185023,-0.318824,-0.269643,0.004708,-0.26569,-0.150958,0.233019,-0.438512,-0.153801,-0.35179,-0.302309,-0.307454,-0.55213,-0.133528,-0.210716,0.016096,-0.606937,0.347775,-0.21696,-0.422093,-0.185233,-0.281507,-0.419528,-0.204518,-0.328663,-0.607305,0.34462,0.451801,-0.21388,-0.345503,-0.249361,-0.386594,0.008025,-0.172728,-0.132701,0.598378,-0.037299,0.327531,-0.032862,-0.497508,0.281115,0.430364,0.049332,-0.356453,0.511663,-0.634833,-0.320463,0.465991,0.162815,-0.321009,0.651912,0.34909,0.281652,0.441041,0.454205,-0.250604,0.087964,0.100105,0.07142,0.379158,-0.228279,0.424819,0.491864,0.132069,-0.261662,0.385399,0.598445,-0.366464,-0.069926,0.181977,#
7,-0.112975,-0.350125,-0.097081,-0.142242,-0.122014,0.523849,0.144954,1.0,-0.201149,-0.206519,-0.109361,-0.248798,-0.267208,0.504078,0.220511,-0.149108,-0.064323,-0.192547,0.231744,-0.022122,-0.098234,0.253617,-0.386521,-0.311174,-0.015803,0.271204,0.280677,-0.038679,-0.425729,-0.128103,0.246673,0.23221,0.337351,-0.161583,0.019308,0.049632,-0.078569,0.17729,0.151236,-0.388158,-0.275192,0.264184,0.315462,0.004918,-0.18996,0.176348,-0.125174,-0.284144,-0.294539,-0.16456,-0.100109,0.215804,0.009361,-0.231532,-0.072072,0.229411,0.094825,0.08009,-0.143934,0.18069,0.209406,0.4766,-0.224524,0.31256,0.216935,0.148596,-0.127221,0.25536,-0.117224,-0.284864,-0.217183,0.037819,0.319483,-0.075948,0.097949,-0.151338,0.171012,-0.049184,-0.181337,0.189281,0.193842,-0.046304,0.340011,-0.271413,0.086491,0.224216,0.122544,0.057139,0.025452,0.155394,0.028651,-0.081012,0.143089,-0.175723,0.29049,0.14919,-0.228111,0.136679,0.010582,-0.174154,0.075443,-0.136003,0.238099,-0.179164,0.007653,-0.078824,0.034394,-0.340322,-0.109179,-0.386935,-0.38699,0.158326,0.129416,0.284468,-0.124261,0.227872,0.108399,-0.038824,-0.13903,0.165341,-0.036571,0.259936,-0.095322,0.02128,0.18191,0.191074,0.022059,-0.307913,0.217074,0.022073,0.215493,-0.124445,-0.191433,-0.037965,0.076638,-0.094378,0.337351,0.163407,-0.227426,0.036868,-0.130918,-0.241653,-0.177449,0.118636,0.111952,-0.193236,0.171012,-0.346341,0.291987,0.045227,0.12826,0.162166,0.232017,0.237957,0.53034,-0.023177,0.103001,0.031968,-0.227221,0.290505,0.002364,-0.272011,0.168551,0.003681,0.013535,0.047169,0.169748,0.317963,-0.0903,0.29892,-0.114657,0.070497,-0.012872,0.207743,0.034713,0.068411,-0.126597,0.013669,-0.019786,0.08729,0.003078,-0.192438,0.017566,0.045829,0.010199,-0.068394,0.011058,0.288164,0.250997,-0.185136,-0.131646,0.041967,-0.093041,-0.108791,0.172345,0.058337,-0.146761,-0.077648,0.184095,0.005292,#
8,0.664827,0.066709,0.055165,-0.510873,0.292891,-0.026039,0.531653,-0.201149,1.0,-0.187184,0.273132,0.511645,0.312849,-0.221876,0.256012,0.266044,0.272973,0.000283,0.055534,-0.228409,-0.276505,-0.026418,0.213354,0.034633,-0.032387,-0.292114,-0.154214,-0.19969,0.226444,-0.132995,-0.455245,-0.066359,-0.127256,-0.134814,-0.147678,-0.138971,0.423475,0.009164,0.125259,-0.173459,0.106523,-0.415316,-0.346564,-0.056718,0.228618,0.091312,0.392034,0.257589,0.161942,0.247466,0.231537,-0.194879,0.00326,0.23652,0.137955,0.088883,-0.335774,0.377321,-0.161417,0.245409,0.093714,-0.169803,-0.183608,0.120483,0.245553,0.274879,-0.127256,0.000407,0.324136,0.169139,0.074112,-0.316435,-0.127256,-0.297032,-0.315675,0.161632,-0.251557,-0.084146,-0.367317,-0.209969,-0.023225,-0.253944,-0.044215,0.074789,-0.142745,0.03005,-0.240828,-0.329005,-0.204941,-0.383694,0.353403,-0.295957,0.120088,-0.192018,-0.285638,0.125519,-0.232553,-0.424642,-0.208186,-0.105713,0.217771,-0.322891,-0.52882,-0.388557,0.156063,-0.08396,-0.340799,0.09389,-0.317281,0.210389,-0.13211,-0.1838,0.103078,-0.094346,0.023793,-0.50869,-0.467278,-0.38697,-0.158081,-0.375977,-0.232553,-0.115321,-0.31711,-0.545435,-0.401535,-0.213921,-0.183694,0.192535,-0.154829,-0.388557,0.181402,-0.35007,0.12045,-0.257891,0.018744,-0.275942,-0.127256,-0.427411,0.12517,-0.177031,-0.135771,0.005175,-0.388591,-0.217102,-0.412039,-0.124885,-0.427163,0.352686,-0.238744,-0.50774,-0.081073,-0.285924,-0.162064,-0.203448,-0.373428,-0.427423,0.112643,0.371264,-0.084594,-0.46645,0.009066,-0.272086,-0.022383,-0.040427,-0.023213,0.247115,-0.101806,-0.111092,-0.086532,-0.350147,0.243481,0.291232,-0.046692,-0.212054,0.0524,-0.363182,-0.15581,0.385511,0.049186,-0.518424,0.397746,0.191203,0.176905,0.17373,0.190029,0.082936,-0.051566,0.245883,-0.180641,0.378035,0.023793,0.23337,0.281927,0.25854,-0.069016,0.195528,0.421187,-0.296637,-0.055552,0.024838,#
9,0.175024,0.078455,0.197506,-0.120245,0.319436,-0.109334,0.021583,-0.206519,-0.187184,1.0,-0.476554,0.2543,0.273966,0.227714,-0.599466,-0.131707,-0.381411,0.352228,-0.114908,0.047619,0.185202,-0.204661,0.022615,-0.076928,0.237415,-0.00592,0.132072,-0.440372,0.003727,0.45202,0.033605,-0.326211,-0.180741,0.096024,-0.172479,0.639611,-0.133927,-0.179771,-0.442419,-0.177661,0.325926,0.120072,0.014937,0.471627,0.295413,-0.418041,-0.050314,0.524307,0.135917,0.094497,-0.354996,-0.442038,0.006497,-0.246995,-0.098499,-0.670052,-0.157729,-0.188723,0.260508,-0.283633,-0.283288,0.315981,-0.08236,-0.604721,-0.012655,-0.085766,0.205182,0.223444,-0.00033,-0.125265,-0.077661,-0.513776,-0.180741,-0.167892,0.177395,0.225095,-0.276623,-0.537802,0.003605,0.000334,-0.141185,-0.234521,-0.134499,-0.321246,0.179067,-0.251564,-0.21923,-0.07603,-0.210489,0.132968,-0.200681,-0.023621,-0.226083,0.143733,-0.18055,0.064848,0.054071,-0.065553,0.159626,0.060567,-0.341516,-0.25063,0.208381,0.149596,-0.311316,-0.252373,0.039168,-0.22727,0.173296,-0.044066,0.475972,0.331416,0.077227,-0.339667,-0.08483,-0.100761,-0.012302,-0.13487,0.400227,-0.352566,-0.108725,0.323809,-0.134679,0.090886,-0.382574,-0.014082,-0.018613,0.100443,-0.126679,0.320635,-0.20327,0.420457,0.028737,0.744236,-0.284186,-0.014547,-0.180741,-0.098602,0.271034,-0.366125,0.237151,-0.145403,0.137957,0.093616,0.084391,-0.054287,0.231299,0.177721,-0.387393,0.394688,-0.386367,-0.299914,0.224858,-0.033864,-0.021175,0.235325,0.306476,0.163118,-0.064989,0.155357,0.042663,0.258199,-0.159982,0.333346,-0.004623,0.228271,-0.254172,-0.240877,-0.047499,0.039947,0.050246,-0.10068,-0.178913,-0.379914,0.231413,0.218837,0.03919,-0.056567,0.477509,-0.075946,-0.047019,-0.16019,-0.365592,0.189946,-0.061153,-0.178664,0.18136,-0.12278,-0.406012,0.321222,-0.08483,-0.273527,-0.034127,0.120493,-0.120448,-0.069634,-0.107948,-0.053426,0.215046,-0.171616,#
10,-0.079813,-0.386632,0.010287,0.000603,-0.335185,-0.107744,0.254104,-0.109361,0.273132,-0.476554,1.0,-0.056858,-0.179544,-0.44618,0.219519,0.2038,0.16698,-0.335838,0.216294,0.094143,-0.117523,0.182562,-0.184098,0.092146,-0.26974,0.171764,-0.216638,0.20842,0.161015,-0.291859,-0.033432,-0.051679,-0.210407,-0.255602,0.329533,-0.383917,-0.088417,0.312599,0.077706,0.441646,-0.241052,-0.161724,-0.482887,-0.344563,0.115179,0.299498,-0.279532,-0.422017,0.310538,-0.106026,0.270938,0.281073,0.039832,0.356334,0.119379,0.393813,0.105777,-0.259793,0.008749,0.170622,0.005616,-0.299753,0.299631,0.00392,0.102881,-0.087664,-0.210407,-0.337634,-0.425428,-0.045417,-0.134081,0.364268,0.192981,0.169994,-0.160496,0.041319,0.091741,0.29393,0.177712,-0.160254,0.076398,0.238894,0.024089,0.073818,0.010136,0.156655,0.410218,0.095457,0.018377,-0.150022,0.285441,-0.152689,0.442808,-0.349399,0.164208,0.270467,0.110068,-0.07965,-0.149726,-0.012697,-0.152515,0.093438,-0.320644,0.023067,0.335802,0.217491,0.036707,0.098787,-0.16169,0.292903,-0.209233,-0.303897,-0.064713,0.342621,-0.065931,-0.239448,0.020879,0.195139,-0.338614,0.02024,0.162342,-0.294561,0.324349,0.094224,0.109802,-0.104998,0.198199,-0.049531,0.007317,-0.162291,0.28621,-0.453045,0.009513,-0.52745,0.355072,0.356515,0.209116,0.089187,-0.326501,0.247226,-0.068583,0.280446,-0.351757,-0.041713,0.107158,0.229763,-0.242974,-0.11332,0.259993,-0.39186,0.279905,0.203274,-0.242565,-0.167769,-0.314524,-0.252869,-0.346585,0.012599,0.244085,-0.150418,0.156567,-0.087628,0.183037,-0.157276,-0.086371,-0.2525,-0.103983,0.144593,0.42816,-0.388664,0.124226,-0.284051,0.204334,0.294996,0.123894,-0.348593,-0.271035,0.196399,-0.431194,0.051417,0.062734,0.256995,0.177869,0.353639,-0.132384,0.306014,-0.285956,0.016837,0.33813,-0.095631,0.100786,0.397779,0.028165,-0.291525,-0.121613,0.146487,0.113287,0.094525,0.068285,0.082636,#
11,0.493142,0.053778,0.072516,-0.398324,0.278045,0.15978,0.635214,-0.248798,0.511645,0.2543,-0.056858,1.0,0.257053,-0.158658,0.006379,0.306859,-0.102292,-0.02641,-0.174136,-0.354876,0.074962,-0.042415,0.149718,-0.171077,0.168547,-0.28271,0.112556,-0.548386,0.325085,0.190743,-0.546295,-0.08454,-0.194168,0.000161,-0.308545,0.419624,-0.180575,-0.323916,-0.075002,-0.016127,0.293371,-0.268998,-0.321887,0.015542,0.024694,-0.030507,0.081986,0.473794,0.065599,0.203862,0.03383,-0.394948,-0.005477,0.076229,0.182807,-0.20326,-0.306517,0.065194,0.097303,0.193321,-0.121497,0.270535,-0.279824,0.137209,0.037719,-0.142637,-0.194168,0.12529,0.368868,-0.216954,0.150326,-0.464515,-0.194168,-0.273304,-0.420296,0.270261,-0.197958,0.000853,-0.568468,-0.586984,-0.522195,-0.327047,-0.24645,-0.21601,-0.113731,-0.13104,-0.47577,-0.499132,-0.307677,-0.11353,-0.159468,-0.270502,-0.020723,-0.294961,-0.606091,0.126363,-0.184677,-0.649669,-0.415416,-0.230896,0.175506,-0.330434,-0.260734,-0.476986,-0.082161,-0.137975,-0.25699,-0.254797,-0.431733,-0.04301,-0.148465,0.02626,-0.185419,-0.431128,-0.00952,-0.519632,-0.431128,-0.23424,-0.148127,-0.432042,-0.294968,-0.264285,-0.252479,-0.342146,-0.369991,-0.245343,-0.116055,0.101808,-0.136525,-0.476986,-0.171214,-0.22953,-0.240631,0.217228,-0.416456,-0.253976,-0.194168,-0.541069,0.315692,-0.479378,-0.216456,-0.092005,-0.476069,-0.276406,-0.324882,-0.190275,-0.372826,0.285205,-0.333223,-0.365397,-0.326171,-0.457318,-0.200447,-0.305356,-0.27684,-0.540286,0.39442,0.382914,-0.167898,-0.285304,-0.078617,-0.269572,-0.103121,-0.118203,-0.19293,0.352511,0.119069,0.146947,0.064495,-0.534254,0.196119,0.229124,0.023657,-0.344469,0.38241,-0.443943,-0.232419,0.229847,0.329701,-0.335402,0.574179,0.30056,0.216015,0.334437,0.387573,-0.3728,0.060712,-0.114831,-0.063591,0.741431,-0.00952,0.456235,0.413888,0.059586,-0.247217,0.182268,0.514182,-0.339664,-0.053325,0.152905,#
12,0.489583,0.035902,-0.032499,-0.242679,0.390581,-0.188475,0.120949,-0.267208,0.312849,0.273966,-0.179544,0.257053,1.0,0.109335,0.116183,0.169059,0.032686,0.129891,0.114609,-0.151713,-0.383691,0.222632,0.241141,0.019248,0.032548,-0.082047,0.147623,-0.185688,0.417894,-0.140601,-0.347507,0.004165,-0.195803,0.198717,-0.148193,0.402232,0.279786,-0.278633,-0.093413,0.121959,0.098948,-0.129532,0.032962,0.065666,0.226922,-0.081272,0.554603,0.097925,0.024876,0.33176,-0.247092,-0.389539,0.223392,-0.023496,0.333369,-0.460769,-0.330727,0.421212,0.297925,-0.236103,0.225667,0.024095,-0.259851,0.032101,0.088665,0.215512,0.189383,-0.326867,0.230578,-0.164957,-0.007492,-0.577547,-0.195803,-0.237244,-0.078955,0.029233,-0.334402,-0.478034,-0.236281,-0.239418,-0.058623,-0.319014,-0.38394,-0.383927,-0.057079,-0.31254,-0.300935,-0.312338,-0.263985,-0.084536,-0.132632,-0.253426,-0.12691,0.089457,-0.082956,-0.335402,-0.167149,-0.150532,-0.081344,-0.512467,0.16755,-0.315021,-0.416575,-0.253216,-0.223829,-0.09627,-0.23686,-0.060277,-0.079436,0.084554,0.061281,0.001273,0.023513,-0.231104,-0.312419,-0.331395,-0.566795,-0.214173,0.348049,-0.503823,-0.183207,-0.221538,-0.225567,-0.15679,-0.311546,-0.102924,-0.260276,0.179326,-0.460054,-0.263258,0.053948,0.001991,0.089818,0.153903,-0.390697,-0.253145,-0.195803,-0.163638,0.163608,-0.622901,-0.36716,-0.310993,-0.095263,0.171845,-0.467682,-0.035679,-0.166968,0.330112,-0.611524,-0.144997,0.010022,-0.257295,-0.0043,-0.087764,-0.074963,-0.176377,0.342299,0.294007,-0.473325,-0.23785,-0.283761,-0.006863,-0.365752,-0.228794,0.264394,0.132652,-0.291296,-0.016457,-0.479465,-0.188416,0.290619,0.365128,-0.00884,-0.310591,0.219281,0.094975,-0.010541,0.515313,0.479412,-0.451647,0.051791,0.274959,0.18581,0.118838,0.189474,-0.019077,0.36508,-0.053168,-0.264394,0.302148,-0.312419,-0.041119,0.367907,0.483254,0.087374,0.043932,0.298247,-0.333219,-0.091913,-0.031073,#
13,0.08438,0.090882,0.051787,-0.049488,0.2126,0.582087,0.057308,0.504078,-0.221876,0.227714,-0.44618,-0.158658,0.109335,1.0,0.026528,-0.020484,-0.044212,0.172563,0.33882,-0.303768,0.025855,0.259609,0.044854,-0.330726,-0.11596,-0.073513,0.16737,-0.018285,-0.163084,-0.08078,0.215534,0.436112,0.174066,-0.19296,-0.390526,0.268603,0.0382,0.004323,0.01058,-0.389825,0.080331,0.272572,0.551462,0.331387,-0.019397,-0.138919,0.276067,0.201298,-0.133249,-0.039853,-0.160577,-0.035421,0.119615,-0.395845,-0.293926,-0.304575,0.209847,0.398907,-0.205319,-0.144566,0.221158,0.21768,-0.189099,0.16969,0.155053,0.256346,0.141469,0.210921,0.063081,-0.235394,-0.168012,-0.355599,0.157767,-0.067903,0.034452,-0.019296,0.038383,-0.453187,-0.109931,0.059111,0.07449,-0.358935,-0.012753,-0.239719,0.198585,-0.018924,-0.038334,-0.159335,-0.213624,-0.124362,0.028924,-0.078955,0.12344,-0.039573,0.097161,-0.147463,-0.158839,0.128778,0.05584,-0.180177,0.254302,-0.17077,0.109416,-0.041215,-0.269284,-0.195054,-0.069307,-0.50336,0.167158,-0.429226,-0.200825,0.239869,0.137447,0.106602,-0.17988,-0.008118,-0.069906,-0.189293,0.337035,-0.146218,-0.158839,0.340521,-0.135366,-0.077941,-0.007802,0.044144,-0.21158,-0.242235,-0.192603,0.132144,0.033284,0.262135,-0.171235,0.279998,-0.039518,-0.259296,0.174066,0.042306,0.002258,-0.239147,-0.124113,-0.212998,-0.04554,-0.235485,-0.054075,0.024617,0.205264,0.004613,-0.361233,0.322206,-0.12192,0.08729,-0.008793,0.157772,0.217494,0.032105,0.271476,0.317476,-0.369099,0.103097,-0.069542,-0.098269,0.052055,0.066307,0.235099,0.295415,0.212873,0.079187,-0.409628,0.449474,-0.06295,0.283771,-0.297096,0.020479,0.105071,0.133405,-0.124439,0.07099,0.191966,-0.160548,-0.090459,-0.117841,-0.08483,0.113471,0.079788,-0.239072,0.413366,0.062749,0.020116,-0.08886,-0.186616,-0.230607,0.038987,0.20058,0.170167,0.013375,-0.060802,-0.286177,0.261697,-0.017806,#
14,0.233058,0.190829,-0.123107,-0.15514,-0.044331,0.051144,0.042623,0.220511,0.256012,-0.599466,0.219519,0.006379,0.116183,0.026528,1.0,0.244732,-0.033586,-0.430273,0.165453,-0.37017,-0.287309,0.438725,-0.041581,0.136314,-0.365284,0.032368,-0.014731,0.071787,0.302055,-0.188488,-0.29331,0.279298,-0.212172,0.133934,-0.057681,-0.212317,0.218024,0.157276,0.471298,0.066611,-0.29862,-0.022815,0.117531,-0.20393,-0.347604,0.532542,0.380401,-0.42146,-0.021286,0.039904,0.08139,0.334025,-0.028077,-0.11904,0.034942,0.229618,-0.083146,0.515749,-0.331362,0.159695,0.24701,-0.025951,0.030725,0.492075,0.147633,0.405263,-0.212172,-0.265091,0.106779,-0.084538,0.042995,0.159075,0.186049,-0.130033,-0.109896,-0.25182,-0.042113,0.299089,-0.112839,-0.112779,-0.110475,-0.034962,-0.118415,0.056877,-0.112713,-0.034655,-0.050603,-0.36566,0.073226,-0.110899,-0.039114,-0.106395,0.474852,-0.113677,0.039776,-0.037238,-0.364314,-0.044405,-0.440604,-0.139117,0.224321,0.133022,-0.134054,-0.281867,0.040141,0.275579,-0.318971,-0.025122,0.030522,-0.086941,-0.662824,-0.306447,-0.177431,0.381827,-0.19153,-0.042332,-0.439251,0.218936,-0.362776,-0.062492,-0.031919,-0.41185,0.199098,-0.033556,0.333116,0.046826,0.239421,-0.139117,0.070873,-0.281867,0.316417,-0.382615,-0.285111,-0.694106,-0.132101,-0.120421,0.201978,-0.036991,0.187812,-0.048582,-0.193095,-0.289415,-0.29575,-0.131456,-0.188371,0.019285,-0.192902,-0.359738,-0.030346,-0.505358,0.129896,0.008299,-0.197315,-0.113601,0.041805,-0.375462,-0.210222,0.116335,-0.201696,-0.109888,-0.164546,-0.2493,-0.105492,-0.437074,-0.098785,-0.120364,0.071728,0.094303,-0.117226,-0.200609,-0.283894,0.276314,-0.251915,0.119284,0.014726,0.030524,-0.011891,0.11953,-0.242837,-0.048174,-0.037585,0.546957,0.436952,-0.047178,0.137562,-0.073667,0.10236,0.270327,0.419936,-0.080141,-0.198113,0.37397,0.125042,0.3093,0.0285,-0.367087,0.209751,-0.217699,0.087882,0.253819,#
15,0.193509,-0.181574,-0.17813,-0.31902,0.069683,0.132245,0.464122,-0.149108,0.266044,-0.131707,0.2038,0.306859,0.169059,-0.020484,0.244732,1.0,-0.006246,-0.371736,0.251366,-0.096673,0.013893,0.137136,0.035161,-0.17937,-0.495489,-0.071751,-0.205818,-0.017605,0.2129,-0.034697,-0.309074,0.159988,-0.29397,0.018137,0.155937,0.002503,0.068798,0.148893,-0.284486,0.10798,-0.199713,-0.158988,-0.164002,-0.221199,0.033331,0.237165,0.252449,-0.074687,0.180388,0.13426,0.160093,0.066349,0.076642,-0.039223,-0.141546,-0.04789,0.087648,0.192525,0.055028,-0.120271,0.055361,-0.153955,0.180716,0.359337,0.057057,-0.06669,0.11622,0.058876,0.114909,-0.325127,-0.02575,-0.082493,-0.293969,-0.243456,-0.193667,0.130932,-0.30947,0.004227,-0.293723,-0.310167,-0.223963,-0.073946,-0.412811,-0.175541,-0.193011,-0.117274,-0.404664,-0.341983,0.008103,-0.121528,-0.085726,-0.066826,0.27811,-0.391062,-0.264391,-0.156482,-0.139322,-0.591449,-0.305127,-0.279239,0.291026,-0.161563,-0.314538,-0.010437,0.047718,0.076747,-0.505971,-0.117477,-0.205772,0.043788,-0.344397,-0.424589,-0.222617,-0.059819,-0.186717,-0.193495,-0.24849,-0.040578,-0.312099,-0.218842,-0.249656,-0.358631,0.156905,0.209804,-0.166411,-0.10605,-0.188686,-0.081389,-0.261957,-0.399261,-0.260171,-0.079928,-0.251519,-0.066169,-0.140338,-0.249991,0.150403,-0.31121,-0.212378,-0.123197,-0.077482,-0.339291,-0.395177,-0.075712,-0.394509,0.538448,-0.327631,0.18474,-0.207137,-0.362974,-0.199979,-0.233359,-0.389434,-0.195182,-0.480157,-0.506241,0.052899,0.071888,-0.24886,-0.242644,-0.680356,-0.253971,-0.107022,-0.307658,0.110361,0.323101,0.144795,0.375902,-0.1438,-0.416523,0.152573,0.295012,-0.160144,-0.250976,0.116113,-0.34411,0.126587,0.146752,-0.262851,-0.076427,0.336241,0.47979,0.479755,0.494902,0.500406,-0.114415,0.113302,-0.106454,0.447809,0.288489,-0.370373,0.464176,0.628138,0.255263,-0.205336,0.035155,0.704843,-0.025484,-0.247225,0.282051,#
16,0.101086,-0.172928,-0.199384,-0.012595,0.049778,-0.06023,-0.056725,-0.064323,0.272973,-0.381411,0.16698,-0.102292,0.032686,-0.044212,-0.033586,-0.006246,1.0,-0.15812,0.07634,-0.114851,-0.333996,-0.087974,0.072894,0.184093,-0.123642,-0.21392,-0.217232,0.295562,-0.107929,-0.347569,0.145538,0.363635,0.218593,-0.311364,-0.13861,-0.53876,-0.050091,0.049899,-0.065854,0.14269,-0.037387,-0.148555,-0.13938,-0.146344,0.006453,0.105611,-0.007742,-0.058413,-0.056756,0.136765,0.322034,0.107469,0.046959,0.155724,0.204579,0.212738,-0.095791,0.090533,-0.170095,-0.107644,0.21656,-0.276466,0.002735,0.31113,0.074492,-0.032499,0.203242,-0.147564,0.010239,0.208123,-0.010554,0.194487,0.233943,-0.195669,-0.349385,0.279768,-0.117008,-0.065878,0.133944,0.100585,0.106745,0.061435,0.28829,0.292319,-0.161372,0.037701,0.215443,0.031206,-0.057281,-0.348351,0.430061,0.101637,-0.08097,-0.080171,0.126624,-0.113033,0.208009,0.052907,0.093014,-0.233466,0.289903,0.048895,-0.18696,0.118053,0.112028,-0.064438,0.345052,-0.094129,-0.191946,0.29608,-0.009681,-0.282906,0.05278,0.125547,0.030227,0.04576,0.286085,-0.163027,0.063364,0.205154,0.030292,0.126841,-0.327817,-0.239113,0.019247,-0.338596,-0.224495,0.214306,-0.222897,-0.06482,-0.068232,-0.172853,0.282963,-0.162546,0.340247,-0.043556,-0.195874,-0.293288,-0.274163,0.210857,0.004908,0.333272,-0.067391,0.206781,-0.110513,-0.015089,-0.126647,0.194853,0.059176,-0.110303,0.248112,0.196274,-0.118226,-0.245659,-0.185752,-0.149721,-0.233865,0.152443,0.054065,-0.376685,-0.041533,0.007877,-0.021285,-0.206471,0.289519,-0.022268,-0.057574,0.097589,0.128547,0.214888,0.320941,-0.024028,0.034942,0.110151,-0.415678,-0.183447,-0.187011,-0.106164,-0.161048,0.053138,-0.0913,-0.348938,0.378498,-0.034633,0.052479,0.177984,-0.135275,0.015313,0.015895,-0.181053,0.207867,-0.005875,0.063595,0.217874,0.292588,0.054825,0.147249,0.237061,-0.209005,0.123143,#
17,-0.036855,0.048751,0.33466,0.102807,-0.106149,-0.067416,-0.237878,-0.192547,0.000283,0.352228,-0.335838,-0.02641,0.129891,0.172563,-0.430273,-0.371736,-0.15812,1.0,-0.093719,0.385713,0.020783,-0.015245,0.205965,0.343433,0.561008,-0.071319,0.203642,-0.027019,-0.179104,0.044807,0.394054,-0.288641,0.190155,0.22816,-0.202844,0.043143,0.200452,-0.195141,0.22776,-0.264382,0.28791,0.279243,0.169876,0.073302,0.296541,-0.345213,0.116989,0.519748,-0.080487,-0.226596,0.046092,-0.145083,-0.349952,-0.020861,-0.301238,-0.1269,-0.073191,0.001913,-0.084326,-0.220336,-0.220873,-0.066038,-0.125475,-0.335786,-0.079371,-0.057829,0.17393,-0.125756,0.080282,0.499626,0.0681,-0.178695,-0.247915,0.401639,0.174948,-0.274578,0.191236,-0.269461,0.185634,0.22585,0.038077,0.127207,0.15419,0.094827,0.532967,0.137126,-0.081763,0.126745,-0.019183,0.026677,0.192387,0.115395,-0.214472,0.503543,0.26773,0.017892,0.155186,0.435021,0.357935,0.178071,-0.124417,-0.02553,-0.083704,0.32235,0.057994,0.222703,0.090669,0.338517,0.319034,0.124604,0.470103,0.158395,0.444799,-0.050617,0.294405,0.030296,0.098701,-0.224653,0.509586,-0.083628,-0.025694,0.301975,0.030689,-0.26769,-0.275153,0.220792,-0.047138,0.21788,-0.199776,0.270374,0.183201,0.441707,0.476864,0.30212,0.111045,-0.134695,-0.247915,0.351405,0.371489,-0.076603,0.248979,0.193023,0.305093,-0.167198,0.062224,-0.185313,0.176347,0.229882,-0.223048,0.623547,0.028354,0.081393,0.307849,0.327821,0.218578,0.523028,0.316679,-0.150088,0.110594,0.271374,0.487086,0.371878,0.168292,0.733458,0.071374,-0.228142,0.041563,-0.283762,-0.241022,0.25153,-0.102587,0.064361,0.153471,-0.007287,-0.167272,0.311563,0.290314,0.065266,0.23552,-0.323083,-0.11357,-0.254909,-0.716306,-0.264865,-0.408479,0.155842,0.115999,0.309753,-0.534652,0.051238,0.113354,-0.558237,-0.270073,-0.277208,-0.00833,-0.011702,-0.377018,0.076897,0.237658,-0.555175,#
18,0.19268,-0.041832,0.081581,0.027665,0.052987,0.046894,0.21337,0.231744,0.055534,-0.114908,0.216294,-0.174136,0.114609,0.33882,0.165453,0.251366,0.07634,-0.093719,1.0,-0.139952,-0.256707,0.385167,-0.259805,-0.04484,-0.704813,-0.11055,-0.292787,0.367098,0.098145,-0.577766,-0.119366,0.502769,-0.210604,-0.181807,0.012514,-0.012466,0.368072,0.67728,0.072415,-0.130616,0.280319,0.018115,-0.134918,-0.133519,-0.155882,0.044966,0.178004,-0.297215,-0.188598,0.012139,-0.249901,0.365637,0.269612,-0.011602,-0.35998,-0.254385,-0.265241,0.242355,-0.301842,-0.170042,0.20162,-0.007408,0.29291,-0.083637,0.313935,-0.010915,0.222803,-0.083319,0.027762,-0.174972,-0.340555,-0.092457,0.126491,0.082982,-0.105399,-0.043083,0.142389,-0.394583,0.031911,-0.122209,0.021694,-0.015492,-0.1068,-0.294481,-0.085782,0.016744,0.103649,-0.014666,-0.292902,0.243162,0.455389,0.057884,0.113138,0.076235,0.064107,-0.04939,-0.004558,0.110867,0.076211,-0.331093,0.175852,0.118446,-0.12594,0.081698,0.049298,-0.089569,-0.133062,-0.136343,0.191919,-0.105156,-0.148759,-0.020057,-0.001323,0.208924,-0.00401,-0.04679,0.047393,0.031853,0.005043,-0.060586,0.146865,-0.116627,0.234837,0.309844,0.090705,0.065149,-0.295747,-0.045268,-0.004208,0.216282,0.117791,0.183021,0.081256,-0.260655,0.386343,0.048865,0.206751,-0.006085,-0.333696,-0.04715,-0.017499,0.102788,-0.126601,-0.037543,0.127888,0.243164,-0.029337,0.11958,-0.336395,-0.005438,0.119746,0.230926,0.136515,-0.090392,0.061224,-0.024312,0.185807,0.109482,-0.054737,-0.238567,-0.11922,-0.021279,0.088462,-0.085371,0.541402,0.222816,0.125758,-0.165742,-0.134121,0.320278,-0.12641,0.420604,0.014266,-0.015876,-0.029784,0.042272,-0.174162,0.128808,-0.16873,-0.120883,0.140593,0.049401,-0.065125,0.314716,-0.022093,0.061324,0.432665,0.013902,0.08823,-0.25627,-0.043815,0.030819,0.159032,0.173847,0.177629,0.13012,0.078077,-0.033629,0.149415,0.008916,#
19,-0.321356,-0.383705,-0.048453,0.059016,-0.356954,-0.246869,-0.425275,-0.022122,-0.228409,0.047619,0.094143,-0.354876,-0.151713,-0.303768,-0.37017,-0.096673,-0.114851,0.385713,-0.139952,1.0,-0.01492,0.169475,-0.130214,0.293214,0.237071,0.368068,0.152297,0.203511,-0.386131,-0.040149,0.491355,-0.285965,0.313031,0.357251,0.440059,-0.173379,-0.006491,9.3e-05,0.093828,0.11273,-0.132003,0.158286,-0.022767,-0.226468,0.083942,-0.122377,-0.25538,-0.014681,-0.037652,-0.468039,0.100345,0.108701,-0.294035,-0.012942,-0.206374,0.107908,0.062571,-0.351837,0.117234,-0.311815,-0.235771,-0.17825,0.289071,-0.262799,0.070063,-0.204414,0.296273,-0.047975,-0.154673,0.334792,-0.186259,0.251296,-0.139423,0.363405,0.478972,-0.387013,0.283081,0.174786,0.404697,0.408268,0.262896,0.504929,0.201686,0.013224,0.49443,0.307027,-0.002809,0.479993,0.354696,0.262497,0.033115,0.202666,-0.153038,0.347003,0.523691,0.240301,0.229485,0.353386,0.413586,0.174268,-0.282044,-0.035899,0.100659,0.507035,0.408268,0.297375,0.096637,0.627856,0.124267,0.288628,0.434599,-0.201372,0.223411,0.021591,0.302548,0.510602,0.54345,0.013592,0.169418,0.158026,0.229485,0.144624,0.288622,0.239078,-0.139695,0.43008,0.307201,0.105122,0.219683,0.307402,0.23205,0.235626,0.364625,0.203653,0.27827,0.155892,-0.139423,0.42984,-0.094413,0.420353,0.383975,0.122094,0.340553,0.099823,0.177838,0.23075,0.436049,-0.259475,0.360771,0.317209,0.146096,0.183609,0.474729,0.365522,0.283504,0.61529,-0.005544,-0.613234,0.337437,0.563267,0.215279,0.40057,0.077077,0.615384,0.1014,-0.41766,0.127435,0.013729,0.036664,0.237305,-0.076037,-0.413936,0.407539,0.242186,-0.319003,0.277369,0.427309,-0.212604,-0.07929,0.340986,-0.232981,-0.243382,-0.558445,-0.119064,-0.398382,0.447888,-0.292789,0.062958,-0.129617,-0.073289,0.115553,-0.39833,-0.331479,-0.558942,0.084512,0.02033,-0.396197,0.499348,0.125795,-0.425785,#
20,-0.313373,0.122959,-0.273189,0.070106,0.099173,0.352758,-0.094469,-0.098234,-0.276505,0.185202,-0.117523,0.074962,-0.383691,0.025855,-0.287309,0.013893,-0.333996,0.020783,-0.256707,-0.01492,1.0,-0.383839,-0.25724,-0.322254,0.132237,0.260148,-0.011498,0.077138,-0.065551,0.500886,0.029054,-0.216977,-0.211025,0.090802,-0.050086,0.116664,-0.265176,-0.179302,0.114369,0.042218,-0.005168,-0.312791,0.123502,0.294744,0.010156,0.086104,-0.574712,0.07261,0.130604,-0.337412,-0.006738,-0.267233,0.11484,0.123616,-0.01546,0.169695,0.508357,-0.435011,0.176338,0.186348,-0.197179,-0.047726,0.041712,-0.072266,-0.45766,-0.222128,-0.211025,0.392249,-0.185186,0.04575,0.230423,-0.072872,0.202426,0.244189,0.193028,-0.00381,0.336819,0.270762,0.072541,0.078854,-0.096426,0.006868,-0.108414,-0.094447,0.178667,-0.017342,-0.181133,0.155257,0.447965,0.233253,-0.201282,0.253843,0.094188,-0.096895,-0.083205,-0.000756,-0.018973,-0.166667,0.068288,0.519367,-0.183954,0.152217,0.177714,0.0949,-0.083277,-0.105771,-0.137041,-0.016135,0.235551,-0.261164,0.014014,0.268483,-0.210036,-0.258695,0.157495,-0.000851,0.257481,0.176524,-0.2702,0.178702,0.175248,0.201112,0.209131,0.28623,0.014262,0.082537,0.224305,0.206925,-0.077751,0.27412,-0.271685,0.178178,-0.266078,0.159004,-0.101527,0.076461,-0.211025,-0.006904,0.047253,0.158622,0.009188,0.065583,-0.108914,-0.184023,0.145462,-0.033377,0.292888,0.084652,0.301906,0.133915,-0.200153,-0.125853,0.0044,0.071423,-0.10976,-0.001854,-0.11222,-0.165267,0.001838,0.022473,-0.090324,-0.230192,0.209155,0.068289,-0.305801,-0.185017,0.246686,-0.093559,0.299113,-0.005981,-0.154387,-0.44433,-0.220281,0.084456,0.226206,-0.148825,0.189307,-0.195275,-0.219376,-0.12518,0.132871,-0.302545,-0.049435,0.279881,0.103146,-0.303134,0.123249,-0.38158,0.100588,0.171285,0.15066,0.030457,-0.066014,-0.485279,-0.137938,0.116194,-0.152871,-0.004373,-0.149581,0.210809,#
