0,1.0,0.20493,-0.174779,-0.287171,0.109235,0.051018,0.198569,0.005715,-0.169757,0.288808,0.135821,0.038999,0.208162,0.326928,0.031968,0.195739,-0.153408,-0.470945,0.281208,-0.364007,0.35024,-0.045457,0.115386,-0.257527,-0.037389,-0.516656,-0.190256,-0.206432,0.361272,0.336789,0.074312,0.002437,0.263595,-0.258145,0.00505,0.357667,0.227082,-0.102768,0.015835,0.069041,0.167106,0.203829,-0.356978,-0.106949,0.016008,-0.114413,-0.314686,-0.046066,0.072059,0.221722,0.225354,-0.39813,0.276518,0.081818,0.376596,-0.223096,-0.145049,-0.150083,-0.46347,0.184736,0.307578,0.25581,-0.033091,0.267132,-0.122889,0.117927,-0.15565,0.442561,-0.134508,-0.229196,0.071123,-0.058038,-0.199322,-0.246916,-0.181589,0.244779,-0.30252,-0.138923,-0.368042,-0.051643,-0.117625,-0.620573,-0.11148,0.033506,-0.118039,-0.295359,-0.357823,0.082745,-0.079978,-0.182057,-0.269338,-0.292848,-0.085445,-0.237573,-0.006845,-0.444431,-0.481773,-0.167628,0.00196,-0.122578,0.318858,0.022949,-0.370849,-0.293551,-0.225069,-0.299981,0.044276,0.205663,-0.335741,0.069721,0.082176,0.461,-0.39118,-0.265626,0.008983,0.131489,-0.418885,-0.227185,-0.230196,-0.081459,-0.378165,0.123432,-0.02641,-0.339525,-0.222348,-0.268379,-0.41495,0.054392,-0.32259,-0.248588,-0.200596,-0.520053,-0.144579,-0.110315,-0.410327,-0.216658,-0.143295,0.00634,0.212673,-0.389187,-0.212716,0.191051,-0.18161,0.032907,-0.02691,-0.239707,-0.305741,0.144966,-0.295178,-0.417046,-0.043795,-0.324056,-0.367357,-0.582474,0.120235,-0.207836,0.212306,0.055481,-0.305282,-0.026949,0.02315,-0.418031,0.015284,-0.305587,-0.06291,-0.215474,-0.286276,-0.069154,-0.218911,-0.457915,0.06198,0.270602,-0.185037,0.003378,0.021988,-0.182372,-0.226487,0.265632,0.168096,-0.201785,-0.018985,0.014615,-0.128778,0.39219,0.251611,0.067059,0.167058,-0.372733,0.06484,0.369032,-0.237714,0.147504,0.49991,0.185253,-0.290614,0.241059,0.117219,-0.371485,-0.08035,0.007789,#
1,0.20493,1.0,-0.056073,-0.077217,-0.100808,-0.051399,0.325667,0.019947,-0.29318,0.338833,-0.023286,-0.044229,0.015619,0.24724,0.397254,0.31757,-0.061596,-0.006629,0.717356,0.003625,0.320983,0.043296,0.183759,0.163513,-0.025133,-0.020074,-0.072378,-0.057969,0.106481,0.09438,-0.069201,0.303045,0.161087,-0.123517,-0.155938,-0.166147,0.032578,-0.181365,0.078521,0.075473,0.320016,0.354367,-0.12162,0.075577,0.455902,-0.07526,0.182542,-0.263256,0.163644,0.273588,0.026547,0.017701,0.277001,-0.185599,0.056483,-0.18061,0.202936,-0.463856,-0.268219,-0.139623,0.156203,0.031731,-0.246253,-0.055451,0.471095,0.130637,-0.172604,-0.267072,-0.269847,-0.309407,-0.173051,0.079339,-0.023066,-0.090383,-0.117034,0.005379,-0.243836,-0.080334,-0.026219,0.345446,0.107206,-0.077846,0.063815,0.003761,0.048272,-0.158463,-0.008266,-0.132802,0.238809,-0.030202,-0.160578,-0.169582,0.02332,-0.371428,0.223271,-0.108212,0.041933,0.084905,0.541331,0.152657,-0.034039,0.113486,-0.115486,-0.264832,-0.346389,0.102265,-0.234936,-0.03422,-0.185916,-0.031386,0.001882,0.281084,-0.032411,0.192119,0.028805,0.141908,-0.09752,0.085811,0.092396,-0.221934,-0.139985,0.108294,-0.300021,-0.206368,-0.332415,-0.073699,0.140908,0.064255,-0.234096,-0.136172,-0.056672,-0.041715,-0.188386,-0.318634,-0.206478,-0.315928,0.056385,0.23328,-0.120527,-0.118231,-0.093933,-0.101728,-0.115396,-0.048321,-0.072261,0.026981,-0.176319,0.140645,-0.182525,-0.230549,-0.034303,-0.072975,0.180467,0.103598,-0.125693,-0.041234,0.268826,-0.089681,-0.061401,-0.097705,-0.074497,0.013409,-0.20246,-0.19033,-0.009611,0.237664,0.158928,0.200475,0.005931,-0.493862,0.023622,0.346877,0.11549,0.001436,0.126559,-0.090384,0.05227,-0.018534,0.210213,-0.229434,0.064921,0.131511,-0.262254,0.222733,0.155874,-0.216604,0.367535,-0.342186,0.087025,0.160636,-0.001696,0.082519,-0.050023,0.217554,-0.232644,-0.11577,0.171737,-0.133122,0.222925,0.171348,#
2,-0.174779,-0.056073,1.0,0.170732,-0.180056,-0.114989,0.066196,-0.106698,-0.003871,-0.051806,-0.110632,-0.168106,-0.32122,-0.115863,-0.240178,0.230694,-0.297173,0.389337,-0.117732,-0.031351,-0.191367,0.299347,-0.03079,-0.142725,0.418685,0.138117,0.268418,-0.0945,-0.099425,-0.158581,0.174645,-0.11968,-0.296065,0.013792,-0.026853,0.059189,-0.110772,0.050572,0.273807,-0.251635,0.215329,0.097165,0.128675,0.11089,0.072271,0.028927,-0.019179,0.387209,-0.123103,-0.127775,-0.054403,0.123732,0.166258,-0.017201,-0.276988,-0.183052,-0.010993,-0.086239,0.127065,0.294853,0.042626,-0.066419,0.07633,-0.378193,0.033189,-0.208942,0.106586,0.093342,-0.276079,0.436624,0.029815,0.282186,-0.145211,0.198328,0.097349,-0.020368,0.150407,-0.260209,0.010172,0.016029,0.20542,0.062043,-0.141902,0.455506,-0.320539,-0.082796,0.03158,0.08865,-0.027262,0.167407,-0.067927,-0.078711,0.197426,0.253329,0.000846,0.036907,0.304634,-0.109585,0.120451,0.28918,0.012347,-0.0064,0.178437,0.268761,0.165883,0.310563,0.221019,0.25141,-0.246726,-0.062207,0.28167,-0.022261,0.309875,0.18204,0.427982,0.038673,0.015237,-0.176616,0.168738,0.142394,0.235505,0.259922,0.008976,0.162786,0.240986,0.229176,0.273868,0.069548,-0.09449,0.200752,0.36396,0.182509,0.263583,0.251617,-0.207895,-0.000453,-0.259513,0.343251,0.395124,0.185365,0.011343,0.189578,0.239437,-0.098766,-0.076235,0.179608,-0.098721,0.357788,0.213282,0.32176,0.027646,-0.093671,0.286859,0.0329,0.127835,0.325256,-0.128492,0.215549,0.264534,0.022734,0.609838,0.171945,-0.020583,0.174929,0.160921,-0.286396,-0.311129,0.005347,-0.128632,0.057775,-0.187638,-0.144177,-0.155906,0.002284,-0.090248,-0.014964,0.103966,0.073999,-0.024383,-0.124469,0.110592,-0.145213,-0.125161,0.054019,-0.037541,0.052328,0.064357,0.160561,-0.274907,-0.120432,-0.054056,-0.194872,-0.366213,0.350612,-0.235943,-0.11356,-0.021949,0.13267,0.059998,0.317543,#
3,-0.287171,-0.077217,0.170732,1.0,0.116631,-0.596975,-0.432886,-0.478,-0.031616,-0.337453,-0.056169,-0.466237,-0.475109,-0.560113,-0.101403,-0.303433,0.000215,0.152347,-0.023507,-0.075886,-0.291797,0.051956,-0.349672,-0.016463,0.099651,0.411809,0.089619,0.352188,-0.276574,-0.329917,-0.075264,0.002568,-0.045918,0.085475,0.266862,-0.000892,-0.328636,0.102292,0.09275,0.136633,0.034785,-0.354754,0.100879,0.531174,0.07985,0.528177,-0.10134,0.117478,0.07569,-0.285878,0.138467,0.359661,-0.09038,-0.168763,-0.156354,-0.207939,0.420528,0.209235,0.195417,0.181876,-0.358698,-0.081065,0.164774,-0.178972,-0.21293,-0.495717,0.079555,-0.076967,0.110153,0.225333,0.046265,-0.026995,0.235684,0.064276,0.082676,-0.039236,0.511075,0.173378,0.133113,-0.19662,0.087149,0.559896,0.150619,0.064116,0.33407,0.185753,0.267211,0.183842,0.146389,0.09442,0.044636,0.371402,0.334345,0.021915,0.26208,0.414752,0.59116,0.07835,-0.047461,0.348066,0.016271,0.23853,0.776886,0.156823,0.321841,0.191408,0.34997,-0.002013,-0.025907,-0.019881,-0.125696,-0.24282,0.484067,0.196193,0.185123,-0.001245,0.252785,0.121504,-0.079954,0.355216,0.256337,0.46671,0.434987,0.445386,0.23785,0.254602,0.01578,-0.250085,0.40559,0.260231,-0.020105,0.298285,0.378753,0.055194,0.332286,0.234497,-0.038438,0.271658,-0.081843,0.612318,0.245546,-0.193846,0.246065,0.18366,0.406072,0.17994,0.042791,-0.049631,0.43486,0.125999,0.106111,0.125825,0.100999,0.256554,0.187559,0.277718,-0.349396,-0.422328,0.442648,0.241728,-0.093165,0.347162,-0.033187,0.248464,-0.084387,-0.220079,0.339865,0.293377,0.038332,0.162231,0.083674,-0.206712,0.430183,0.442212,-0.082216,0.501231,0.115697,-0.037546,-0.423954,0.276638,-0.407211,0.080767,0.334434,-0.15412,-0.32317,-0.099295,-0.106803,-0.057743,0.294533,-0.261472,0.163407,-0.197961,-0.149097,0.00769,0.046508,0.03054,0.013757,0.136937,0.163694,-0.426958,#
4,0.109235,-0.100808,-0.180056,0.116631,1.0,-0.03684,-0.033379,-0.147978,0.036569,-0.15907,0.189024,0.005229,-0.153701,-0.219146,-0.202791,-0.441764,0.218282,-0.293846,-0.004192,-0.283044,-0.343518,-0.430301,0.198187,0.00757,0.031487,-0.11503,0.011447,0.22379,-0.060811,0.136177,-0.360212,-0.315552,-0.120055,-0.238381,0.172696,0.000344,-0.054868,-0.308589,0.056339,0.453057,0.065811,-0.408995,-0.336296,-0.063226,-0.102935,0.390706,-0.189874,0.007021,-0.00496,0.502637,0.051698,-0.184424,-0.046779,0.474467,0.162489,-0.045445,0.06804,0.093122,0.035774,-0.223481,-0.27761,-0.156817,-0.185777,0.019419,-0.165754,0.10822,0.697951,-0.157364,0.092756,-0.314868,-0.305033,-0.324732,-0.08152,0.272567,0.059386,0.048426,-0.381375,-0.535491,-0.440576,-0.252783,-0.38771,-0.106184,0.147569,-0.028067,-0.039811,-0.073444,0.177047,0.166754,-0.140285,-0.423846,0.113689,-0.072058,0.133881,-0.388898,-0.102675,-0.083752,-0.025797,-0.06928,-0.291859,-0.006391,0.160873,0.112585,-0.016679,-0.185384,0.042787,0.115394,-0.056411,0.030443,-0.163926,0.223386,-0.060636,0.049955,0.13942,-0.336949,-0.139222,0.018872,-0.078249,0.359476,-0.344425,0.160634,-0.457035,0.118958,0.48128,-0.110433,0.313497,0.161092,-0.145629,-0.057313,0.13924,-0.086459,-0.112682,-0.434671,-0.057861,-0.380833,-0.016899,0.094534,-0.140321,0.15525,-0.156747,0.148511,0.105619,-0.311767,-0.253088,0.164781,-0.247902,-0.412705,-0.332173,0.169041,0.053497,-0.067568,0.100163,0.133642,-0.241643,-0.068023,0.065582,-0.097202,-0.170501,0.101332,-0.069188,0.4846,-0.423928,-0.363597,-0.377819,-0.0833,0.008834,-0.099188,0.000743,-0.081413,-0.261814,0.178623,-0.079739,-0.16093,-0.075395,-0.127068,-0.063541,0.224684,0.055917,0.529382,0.091082,0.023572,-0.30117,0.099952,0.385958,0.156148,0.173922,0.050195,-0.225232,-0.141468,0.345394,-0.368108,-0.189096,0.257905,0.146798,-0.12228,-0.231874,0.167611,-0.330787,-0.112495,-0.431392,-0.060498,#
5,0.051018,-0.051399,-0.114989,-0.596975,-0.03684,1.0,0.671193,0.572315,0.269471,0.226356,0.143104,0.570982,0.319034,0.482224,0.216729,0.275949,-0.042644,0.089549,0.28684,-0.147802,0.098382,0.104563,0.266343,0.160675,-0.040603,0.055183,0.319529,0.034015,0.180925,0.282011,-0.263079,-0.165606,-0.193073,-0.116387,-0.15322,-0.053119,0.132872,0.178271,-0.027954,-0.153879,-0.079998,0.252441,0.122189,-0.141084,0.205665,-0.477663,0.050864,-0.163524,-0.063218,0.33873,-0.098913,-0.1145,-0.113653,0.179553,0.230486,0.421911,-0.382557,-0.170571,-0.164501,-0.094116,0.217724,-0.177623,-0.235564,0.436546,0.003522,0.611699,0.081366,0.245185,-0.018779,-0.201612,0.325682,0.165051,-0.291169,0.145603,-0.005118,0.305191,-0.428028,-0.224665,-0.201994,-0.206679,-0.184824,-0.501974,-0.382554,0.17009,-0.382554,-0.282667,-0.032422,-0.155532,-0.087749,-0.314823,-0.119961,-0.460896,-0.412562,0.022302,-0.225342,-0.353631,-0.35765,-0.50447,-0.10087,-0.580979,0.016933,-0.120138,-0.55938,-0.382697,-0.278513,-0.26471,-0.267982,-0.057445,0.016409,-0.035154,-0.134136,0.196762,-0.612451,-0.442904,0.063212,-0.079731,-0.477798,0.097175,0.384702,-0.329114,-0.315118,-0.523502,-0.055687,-0.507474,-0.138631,-0.21022,-0.107427,0.204055,-0.379875,-0.490294,-0.366369,-0.059871,-0.478112,0.013731,-0.421181,-0.103409,0.411776,-0.310888,-0.280968,-0.71989,-0.090774,0.10427,-0.304568,-0.242359,-0.347923,-0.376688,0.242051,0.255261,-0.378756,-0.022624,-0.196643,-0.058833,-0.142778,0.075164,-0.0088,-0.498076,0.1745,0.48141,-0.417154,-0.299987,-0.091353,-0.250823,-0.017961,-0.243366,0.12054,0.16793,-0.213099,-0.000112,-0.079266,0.321959,0.33618,-0.139907,-0.12546,-0.23248,0.337152,-0.450692,-0.005333,0.15292,0.502981,-0.371999,0.530982,0.168669,-0.179596,0.110336,0.756348,0.147354,0.026873,0.112098,-0.20971,0.183213,-0.144877,-0.033786,0.409116,-0.103188,-0.359359,-0.093915,0.399992,-0.283337,-0.303087,0.205829,#
6,0.198569,0.325667,0.066196,-0.432886,-0.033379,0.671193,1.0,0.563928,0.261141,0.390855,0.146484,0.246336,0.309991,0.474323,0.053289,0.456975,0.139509,0.118858,0.466427,-0.303168,-0.067056,0.342682,0.429651,0.016789,0.124754,0.057466,0.147057,-0.020628,0.341712,0.262125,-0.432317,-0.183439,-0.036907,-0.317804,-0.085299,0.121875,-0.070293,-0.137292,0.136488,-0.152686,0.072947,0.232752,0.105697,-0.001338,0.208727,-0.348399,0.059722,-0.378094,-0.088429,0.555122,0.116037,-0.081,0.056852,0.015937,0.41914,0.229811,-0.202789,-0.336474,-0.149483,-0.110521,0.185904,0.22222,-0.119594,0.386983,0.034176,0.49668,-0.096929,0.304616,-0.303481,-0.386858,0.10562,0.206252,-0.528555,-0.192836,-0.18207,0.490869,-0.279195,-0.408681,-0.21509,-0.219856,-0.197347,-0.515226,-0.556941,0.16433,-0.556941,-0.305191,-0.199472,-0.16143,0.062462,-0.329911,-0.300594,-0.645195,-0.585118,-0.180479,-0.064561,-0.53843,-0.208885,-0.527245,0.073819,-0.406775,0.023264,-0.118664,-0.412175,-0.399106,-0.30296,-0.116723,-0.43729,-0.055112,-0.18914,-0.208746,-0.479331,0.405311,-0.459362,-0.457978,0.050821,-0.253832,-0.294916,-0.078063,0.099491,-0.335959,-0.332086,-0.328438,-0.231117,-0.837144,-0.217503,-0.235401,0.04691,0.098068,-0.300365,-0.500697,-0.548967,-0.39534,-0.65491,-0.155437,-0.610555,-0.302637,0.209667,-0.310281,-0.247476,-0.572479,-0.288015,0.089937,-0.495482,-0.327544,-0.354623,-0.344311,-0.058571,0.566424,-0.391743,-0.212264,-0.209667,-0.248188,-0.15766,-0.11655,0.074369,-0.677676,-0.010896,0.471006,-0.23159,-0.298961,-0.188435,-0.265158,-0.245424,-0.28852,0.091497,0.131624,-0.211661,-0.007501,-0.301681,-0.049109,0.131116,-0.050304,-0.123999,-0.238629,0.644269,-0.47549,0.146192,0.124455,0.644589,-0.704002,0.495106,0.319103,-0.014651,0.090888,0.729045,-0.253405,-0.001981,-0.098929,-0.217817,0.187719,-0.171981,0.107791,0.376486,0.027103,-0.540281,-0.091798,0.383386,-0.307487,-0.327208,0.379451,#
7,0.005715,0.019947,-0.106698,-0.478,-0.147978,0.572315,0.563928,1.0,0.081406,0.544121,-0.246521,0.209166,0.707929,0.680248,0.219579,0.255883,0.043404,0.191896,0.265221,0.021237,0.161676,0.400813,0.13117,0.026422,-0.056193,-0.1218,0.12169,-0.209459,0.303755,0.255635,-0.195125,-0.045773,0.174229,0.014091,-0.349157,-0.079709,-0.027363,-0.05399,-0.090717,-0.520046,-0.037139,0.383366,0.275004,-0.126096,-0.233088,-0.579003,0.266465,-0.377503,-0.108844,0.123633,-0.164435,0.011203,0.17954,0.028776,0.499584,0.459422,-0.357762,-0.318118,-0.168269,-0.059753,0.581733,-0.030191,-0.135809,0.324777,-0.098533,0.628213,-0.09391,0.408548,-0.325866,-0.112765,-0.062181,0.413372,-0.343619,-0.126734,-0.07732,0.134991,-0.022335,-0.016687,0.168065,-0.061812,0.045952,-0.383331,-0.355134,-0.209155,-0.355134,-0.00146,-0.265899,-0.03916,0.217528,-0.155437,-0.008922,-0.452218,-0.403015,0.193918,-0.101093,-0.188414,-0.077565,-0.172869,-0.04661,-0.696213,0.077688,-0.005655,-0.365665,-0.180488,-0.281322,-0.105302,-0.455667,-0.137418,0.186387,-0.504326,-0.243011,0.225957,-0.353325,-0.385037,0.079968,-0.074588,-0.226998,0.077869,0.171439,-0.368783,-0.015154,-0.79283,-0.127094,-0.400415,-0.199448,0.017396,0.087978,-0.162795,-0.205526,-0.05618,-0.283728,-0.016288,-0.247338,0.054282,-0.319855,-0.237327,0.238378,-0.691256,0.015156,-0.410393,-0.222807,-0.209738,-0.248094,-0.226819,-0.376783,-0.141181,0.139309,0.132041,-0.311966,-0.21602,-0.016436,-0.05465,-0.171474,-0.252267,0.177796,-0.453535,0.143301,0.321718,-0.24696,-0.301438,0.054587,-0.139648,-0.336206,-0.152928,0.420236,0.299149,-0.009597,0.248884,-0.08146,0.276275,-0.034418,-0.045914,-0.262233,-0.095753,0.554637,-0.25029,0.083698,-0.197809,0.61356,-0.281879,0.366602,0.520433,0.060457,-0.334968,0.386358,0.139654,-0.029382,-0.01197,-0.395689,0.297664,-0.215622,-0.208506,0.318809,-0.196644,-0.106136,-0.10925,0.148861,-0.038648,-0.340121,0.312847,#
8,-0.169757,-0.29318,-0.003871,-0.031616,0.036569,0.269471,0.261141,0.081406,1.0,-0.000972,0.035611,-0.007534,0.034866,0.06307,0.158941,0.117356,0.025851,0.327261,-0.172116,-0.107267,-0.300254,0.285825,0.172175,0.068539,0.03745,0.465136,0.332822,0.274168,0.118905,0.165748,0.013226,-0.363345,-0.284638,-0.045025,0.216534,0.012744,-0.15479,-0.209976,0.370663,-0.140286,0.189308,-0.088008,-0.095449,0.215002,0.27494,-0.001385,0.051327,0.056083,-0.147108,0.055259,0.067212,-0.000368,-0.316376,0.204328,0.228694,0.539844,-0.071768,-0.075507,-0.022905,0.289674,-0.019882,0.043809,0.020907,0.387247,-0.021291,0.026685,-0.035266,0.263358,0.114659,0.061705,0.167613,0.168278,-0.015563,0.075138,-0.108625,0.292049,-0.036566,-0.15166,-0.129311,-0.44726,-0.063917,-0.105871,-0.355629,0.119162,-0.355629,0.098334,0.186485,-0.209307,-0.320424,-0.25603,0.122995,-0.077873,-0.344012,0.326685,-0.112841,0.080678,-0.110319,-0.223399,-0.510131,-0.188084,-0.029204,0.123392,-0.00049,0.183276,0.047019,-0.367403,-0.043381,0.145294,-0.153047,-0.104405,-0.29649,-0.154486,-0.199826,-0.374353,0.130218,-0.161167,0.105623,-0.131989,0.087445,-0.073143,0.105609,-0.103322,0.009751,-0.265381,0.196403,-0.050172,-0.003479,0.100168,-0.199433,-0.242221,-0.118464,0.033661,-0.374517,-0.117608,-0.175089,0.105623,0.062309,-0.04905,-0.247545,-0.333586,-0.080233,0.077093,-0.063157,-0.105721,-0.417301,-0.449309,-0.033141,0.216116,-0.108853,-0.104923,0.090048,-0.122558,0.081402,-0.075432,0.168639,-0.414667,0.138674,0.266831,-0.266575,-0.087896,-0.086911,-0.02611,0.037694,-0.12605,-0.377718,0.059721,-0.164172,-0.071158,-0.270457,0.188993,0.094719,-0.313151,0.116344,0.05762,0.256217,0.065199,-0.273834,0.049008,0.2613,-0.270145,0.364447,0.094447,0.031577,-0.013585,0.185524,0.04334,-0.201436,0.055579,-0.2816,-0.382983,-0.188701,-0.152264,0.15555,-0.062767,-0.242747,0.281485,0.180771,-0.133803,-0.360549,0.09601,#
9,0.288808,0.338833,-0.051806,-0.337453,-0.15907,0.226356,0.390855,0.544121,-0.000972,1.0,-0.105724,-0.022085,0.540105,0.783619,0.421323,0.428103,-0.287819,0.205036,0.292722,0.143203,0.138982,0.431874,0.287309,0.16161,0.062871,-0.163301,-0.051736,-0.136361,0.406514,0.42705,0.195793,0.501417,0.390184,-0.375846,-0.163455,-0.136591,0.281125,-0.118109,0.105952,-0.665137,0.198745,0.398681,0.150609,0.155825,-0.053236,-0.657646,0.19927,0.013787,-0.114599,0.345411,-0.106121,-0.046697,0.373556,-0.083243,0.483159,0.075125,-0.192193,-0.437843,-0.258853,0.235023,0.658804,0.167057,-0.411898,0.164686,-0.176141,0.392149,-0.082747,0.304848,-0.742004,0.097247,0.004792,0.442516,-0.086221,-0.113604,-0.23878,0.127868,-0.169182,-0.10292,-0.134313,0.020983,0.052381,-0.460156,-0.300615,0.107692,-0.300615,0.124211,-0.111524,-0.108159,0.324838,-0.397515,-0.042988,-0.22385,-0.309929,0.271963,0.193144,-0.124073,-0.298055,-0.120803,0.128886,-0.279001,-0.175405,0.0444,-0.326528,-0.27267,-0.045619,-0.202658,-0.65765,0.040537,-0.259585,-0.321793,0.115722,0.379585,-0.407232,-0.171209,-0.049275,-0.141741,-0.364543,-0.157223,0.388872,-0.631464,-0.182411,-0.379464,0.033214,-0.396906,-0.369375,0.020753,0.096806,0.051558,-0.157164,-0.180909,-0.139777,0.034219,-0.237788,-0.2366,-0.555025,-0.345573,-0.065778,-0.35168,0.217818,-0.513555,-0.144934,0.023548,-0.354117,-0.34203,-0.462555,0.120245,-0.082234,0.027475,-0.342581,-0.261937,-0.242655,-0.005884,-0.036783,-0.368629,-0.089577,-0.404125,0.430582,0.240852,-0.1895,-0.152344,0.080197,-0.142106,-0.289461,0.152636,0.40008,0.594136,-0.09001,0.090591,-0.35168,0.102235,-0.026311,0.19906,-0.151132,0.011674,0.222537,-0.215394,-0.097031,-0.122978,0.736507,-0.289773,0.622374,0.230334,-0.498287,-0.153889,0.296379,0.029386,0.42909,-0.048788,-0.327728,0.091948,-0.119138,0.037043,0.246955,0.301241,-0.246083,-0.129127,-0.051266,-0.062365,0.219721,0.354576,#
10,0.135821,-0.023286,-0.110632,-0.056169,0.189024,0.143104,0.146484,-0.246521,0.035611,-0.105724,1.0,-0.185116,-0.253144,-0.27533,-0.227065,0.035309,-0.054624,-0.30018,0.081436,-0.310535,-0.228406,-0.299683,0.226321,0.310038,0.205854,0.186167,-0.125467,0.046762,0.106083,-0.138416,0.100933,-0.053041,-0.287707,-0.538587,0.235782,0.086515,0.431285,0.119328,0.026874,0.30299,-0.158845,-0.296936,-0.182764,-0.074648,0.331199,0.094551,-0.421752,0.054383,-0.017541,0.406614,-0.027553,-0.057944,-0.07264,0.257515,0.116741,0.143419,-0.197674,0.119305,-0.017598,-0.30746,-0.314425,-0.075924,-0.020279,0.143491,0.147152,0.012026,0.180766,-0.087544,0.120066,-0.002887,0.103189,-0.296715,-0.244808,0.120673,-0.146166,0.24809,-0.232895,-0.247455,-0.129777,-0.129159,-0.048749,0.109363,-0.064811,0.262864,0.096136,-0.232699,0.18004,0.045917,-0.115182,-0.150998,-0.194524,0.084048,-0.074635,-0.162394,-0.053962,-0.05152,-0.313847,-0.36462,0.152759,-0.080494,0.055957,-0.169288,-0.129906,-0.446457,-0.045896,-0.209359,-0.23004,0.358779,0.125598,0.336011,-0.046015,-0.07032,-0.141267,-0.246176,-0.079941,-0.158111,-0.1718,-0.417522,-0.127822,0.178994,-0.539196,0.179465,0.034254,-0.313037,-0.267524,-0.119181,0.068854,0.015266,-0.065198,-0.361447,-0.305281,-0.292375,-0.228165,0.099642,-0.125119,0.001344,-0.276424,0.007506,-0.078491,-0.13505,0.014273,0.326599,-0.34909,-0.207108,0.264762,-0.054297,0.016597,0.353969,0.125859,0.009882,0.14225,0.185962,-0.146607,0.044343,-0.163728,0.00834,-0.194405,0.106936,0.056854,0.189257,-0.178925,-0.070548,-0.105498,0.197749,0.042153,0.032383,0.116284,-0.245337,-0.188668,-0.059196,0.289155,0.177966,0.21139,-0.073569,-0.020916,-0.236881,0.190274,0.199023,-0.020544,-0.136429,-0.098573,-0.022268,-0.054104,0.274255,0.22048,-0.015676,-0.042786,-0.050566,0.022527,0.156474,-0.045934,0.401396,0.27089,-0.321073,-0.240621,0.101018,0.205971,-0.037549,-0.115902,0.016947,#
11,0.038999,-0.044229,-0.168106,-0.466237,0.005229,0.570982,0.246336,0.209166,-0.007534,-0.022085,-0.185116,1.0,0.162426,0.251998,0.059959,-0.119529,-0.022252,-0.053752,0.089538,0.070123,0.374203,-0.129161,0.022155,-0.025415,0.115669,-0.072038,-0.052849,-0.136213,-0.240858,0.051903,-0.221145,-0.076766,-0.212394,0.253644,-0.292923,0.027297,-0.124572,0.289052,-0.075315,0.006101,-0.113984,0.350184,-0.271725,-0.381227,0.135516,-0.132729,0.191434,-0.128753,-0.044144,-0.018338,-0.022046,-0.276022,-0.190946,0.203481,-0.169054,0.109242,-0.416158,0.077041,-0.121871,-0.155049,0.029918,-0.228994,-0.147353,0.276278,-0.088691,0.261249,-0.00844,-0.126045,0.236866,-0.320508,0.156678,0.087567,0.083288,0.083046,-0.050494,-0.085084,-0.295094,-0.024246,-0.186245,-0.04048,-0.261856,-0.414972,-0.139853,-0.114232,-0.139853,-0.419787,-0.198689,0.025872,-0.194099,0.082227,-0.104613,-0.416927,-0.323455,-0.156208,-0.257928,-0.255652,-0.3215,-0.094614,-0.250902,-0.187041,0.068971,-0.114827,-0.345891,-0.179708,-0.055533,0.034463,-0.137394,0.135694,-0.029342,-0.035632,-0.028367,0.14832,-0.496083,-0.155574,-0.037799,-0.035714,-0.09591,0.299182,0.177045,-0.165688,0.058918,-0.293041,-0.182708,-0.106047,0.068764,-0.142639,0.012383,0.358949,0.044348,-0.111175,-0.195777,-0.045402,-0.265303,0.093723,-0.15173,0.093022,0.360897,-0.167681,-0.213683,-0.336794,-0.301806,0.186124,-0.12197,0.000993,-0.254765,-0.041636,0.03458,-0.058103,-0.252528,0.069021,-0.326079,0.19738,-0.250588,0.250589,0.096408,-0.096357,0.116618,0.224761,-0.366085,-0.496578,-0.169885,-0.321278,0.176052,-0.274695,-0.120915,0.111649,-0.179063,-0.025534,0.278457,0.163003,-0.026434,0.17529,-0.118424,-0.423948,0.094932,-0.255702,-0.075122,0.159618,0.12224,-0.047783,0.153617,-0.2376,-0.138231,0.044062,0.363744,0.146461,-0.09014,0.1201,0.165001,0.083538,-0.059771,0.252575,0.076154,0.076211,-0.098747,-0.163646,0.347292,-0.423617,-0.133249,-0.087928,#
12,0.208162,0.015619,-0.32122,-0.475109,-0.153701,0.319034,0.309991,0.707929,0.034866,0.540105,-0.253144,0.162426,1.0,0.66743,0.257506,0.258714,0.046113,-0.013779,0.055547,0.069952,0.146988,0.131832,0.391875,0.016773,-0.263819,-0.400924,-0.145447,-0.205847,0.141679,0.19625,-0.003137,0.143926,0.374274,0.016487,-0.345099,0.137396,0.211314,-0.241431,-0.34822,-0.265394,-0.084456,0.382113,0.284923,-0.147116,-0.283891,-0.460196,0.239944,-0.335747,-0.048593,0.119654,-0.099322,-0.108894,0.225555,0.074485,0.493781,0.436029,-0.305123,-0.365891,-0.099344,-0.085621,0.576558,0.24386,-0.130567,0.32039,-0.108766,0.328637,-0.28292,0.381359,-0.362456,-0.102631,-0.062859,0.069839,-0.342406,-0.383314,-0.281,0.074271,-0.043346,0.031055,0.006894,-0.016312,-0.171041,-0.361549,-0.121012,-0.412234,-0.121012,0.019989,-0.297862,-0.072156,0.001638,-0.152819,-0.168287,-0.431529,-0.569892,0.220085,-0.133585,-0.404233,-0.281652,-0.17935,-0.294061,-0.489434,0.073572,-0.301651,-0.43854,0.025482,-0.315946,-0.268319,-0.477296,-0.156385,0.239261,-0.491092,-0.196443,0.164608,-0.330653,-0.382567,-0.203886,-0.288547,-0.009451,-0.176125,-0.114146,-0.345504,-0.012807,-0.570604,-0.199229,-0.398237,-0.240318,-0.243388,0.082133,0.204984,-0.261967,-0.005877,-0.239003,-0.012267,-0.40841,0.034014,-0.297137,-0.326214,0.240914,-0.690645,-0.268389,-0.389247,-0.007355,-0.060521,-0.246162,-0.22936,-0.354832,0.152733,0.140803,0.087765,-0.288243,-0.446889,-0.247552,-0.276393,-0.168888,-0.250343,0.106589,-0.407503,0.156114,0.326882,-0.217793,-0.279283,0.059149,-0.349712,-0.088792,-0.217446,0.105865,0.29441,-0.18898,0.195479,-0.079761,0.051902,-0.085727,-0.056375,-0.555951,-0.127982,0.293582,-0.284752,-0.082847,0.009615,0.38244,-0.492657,0.367765,0.352933,0.059737,-0.171805,0.12104,-0.113715,0.016602,0.015405,-0.351466,0.345682,-0.254489,0.001704,0.317139,-0.195302,0.137276,0.040929,-0.111749,-0.223002,-0.081335,0.316295,#
13,0.326928,0.24724,-0.115863,-0.560113,-0.219146,0.482224,0.474323,0.680248,0.06307,0.783619,-0.27533,0.251998,0.66743,1.0,0.425289,0.386424,-0.265389,0.014719,0.217757,0.146748,0.329026,0.345253,0.317715,0.213266,-0.09431,-0.266192,0.127769,-0.271984,0.458192,0.385568,0.07123,0.389724,0.364843,-0.121919,-0.32297,-0.024556,0.167669,-0.189867,0.005883,-0.519697,0.06566,0.419424,0.060572,-0.159659,0.058692,-0.701654,0.226115,-0.114868,-0.015996,0.206605,-0.174462,-0.185291,0.217132,-0.241694,0.310798,0.208873,-0.099394,-0.446272,-0.281982,0.35016,0.773852,0.128582,-0.365365,0.154597,-0.003771,0.595312,-0.28281,0.452561,-0.482885,-0.051551,-0.146525,0.48601,-0.150171,-0.170475,-0.177044,0.088192,-0.184737,-0.025468,-0.192963,-0.025341,-0.02525,-0.577489,-0.341436,-0.021743,-0.341436,0.074932,-0.168425,-0.240023,0.280343,-0.320426,0.072076,-0.299415,-0.352525,0.169552,0.100794,-0.215905,-0.354318,-0.029953,-0.004155,-0.467608,-0.098866,-0.113214,-0.387784,-0.250039,-0.191589,-0.256402,-0.465067,-0.094066,-0.158074,-0.502085,0.06068,0.3424,-0.533088,-0.165255,0.067207,-0.021368,-0.555739,-0.026169,0.342162,-0.494217,-0.05447,-0.482715,-0.000882,-0.398281,-0.352952,-0.144505,0.009653,0.025641,-0.358007,-0.177804,-0.199222,0.022163,-0.31521,-0.275936,-0.505245,-0.312994,0.352533,-0.436591,0.050452,-0.62307,-0.09824,0.11369,-0.243304,-0.365001,-0.501851,-0.058359,0.206955,0.01341,-0.477644,-0.244899,-0.166468,-0.098086,-0.009644,-0.256984,-0.017092,-0.442333,0.529205,0.225847,-0.369942,-0.368946,0.074465,-0.136105,-0.123981,-0.232916,0.206826,0.428548,-0.299929,0.246889,-0.188961,0.151681,-0.143173,0.012079,-0.237276,-0.095223,0.289454,-0.164329,-0.054217,-0.052899,0.699178,-0.361929,0.570958,0.180955,-0.455503,-0.048904,0.358907,0.118394,0.224741,-0.195473,-0.336123,0.272157,-0.221832,-0.097522,0.214018,0.188998,-0.26558,-0.041381,-0.017614,-0.211005,0.158485,0.207759,#
14,0.031968,0.397254,-0.240178,-0.101403,-0.202791,0.216729,0.053289,0.219579,0.158941,0.421323,-0.227065,0.059959,0.257506,0.425289,1.0,0.179776,-0.106429,0.265875,0.448637,0.101517,0.36104,0.041848,0.106818,0.076974,-0.230131,0.007863,-0.04082,0.165269,0.369418,0.18489,0.000696,0.198587,-0.057896,0.174781,-0.114432,-0.092921,-0.030549,0.036986,-0.019,-0.280768,0.24404,0.36809,0.039539,0.279704,0.342158,-0.247749,0.062403,0.082438,0.316647,0.020246,0.032735,0.009788,0.037663,-0.080811,0.18276,0.327799,0.182158,-0.44991,-0.254814,0.22014,0.320217,-0.119278,-0.177907,0.262305,0.200571,0.157781,-0.079964,0.023642,-0.318341,0.066793,0.207203,0.271862,0.263374,0.030032,-0.014254,-0.149541,-0.091323,0.209931,-0.061332,0.242844,0.004422,-0.150281,0.042484,0.042349,0.042484,0.208961,0.105017,-0.10736,-0.081801,-0.200279,0.200475,0.031673,0.032259,0.276684,0.177118,0.003878,-0.151629,0.009376,-0.020621,-0.274218,0.118846,0.185785,-0.343736,-0.088431,-0.382489,-0.307951,-0.249444,-0.089438,-0.161651,0.074046,0.19035,0.075479,-0.237794,0.040467,-0.098748,0.094539,-0.191997,0.136385,0.382956,-0.276846,-0.015884,-0.213901,-0.178412,-0.030687,-0.376823,-0.304894,-0.267069,0.065084,-0.554476,-0.057085,-0.065786,0.286178,-0.146806,-0.091263,-0.212902,-0.191997,0.299667,-0.006849,-0.189152,-0.386883,0.002199,-0.374017,-0.008819,0.098501,-0.165598,-0.052314,-0.004628,-0.242453,-0.164874,-0.048618,-0.167113,-0.046935,0.155001,-0.021177,-0.202096,-0.07604,0.456863,0.119022,-0.113115,-0.041581,-0.016994,0.069016,0.074043,-0.167215,-0.22584,0.432063,0.223625,0.010908,-0.006849,0.071334,0.075023,0.12432,-0.003461,0.175415,0.054684,0.022042,-0.246221,-0.021459,0.372328,-0.066598,0.332581,0.361404,-0.296244,-0.112255,0.137929,0.313413,0.500768,-0.005831,0.122617,0.048631,-0.226632,-0.26957,0.122799,0.107558,-0.089259,-0.086985,0.146061,-0.008547,0.224932,-0.017541,#
15,0.195739,0.31757,0.230694,-0.303433,-0.441764,0.275949,0.456975,0.255883,0.117356,0.428103,0.035309,-0.119529,0.258714,0.386424,0.179776,1.0,-0.142687,0.438241,0.233846,0.228741,0.070544,0.208571,0.419235,-0.115988,-0.158858,-0.166465,0.102664,0.033938,0.271183,0.156539,0.35864,0.125339,0.210086,-0.315242,0.108632,-0.222209,0.399349,0.026286,0.100375,-0.280419,0.191647,0.235861,0.338561,-0.008292,0.122032,-0.486131,-0.061542,-0.028518,0.085746,0.25183,0.249022,0.062684,0.285193,-0.135329,0.233184,0.155246,-0.207856,-0.687515,-0.248466,0.147662,0.30064,0.204209,-0.380255,0.048821,0.250125,0.160777,-0.242531,0.23208,-0.386684,0.303197,0.19613,0.232548,-0.242778,-0.325199,-0.262974,0.268583,0.05816,-0.137032,0.18184,0.174332,0.424282,-0.307586,-0.218287,0.329819,-0.218287,-0.01422,-0.147677,-0.302049,0.097688,-0.014621,-0.021731,-0.044381,-0.221224,0.324217,0.163895,-0.144246,-0.050875,-0.507314,0.277782,0.057794,-0.408953,-0.090857,-0.259051,0.066533,-0.150862,-0.133316,-0.112874,-0.040102,-0.042652,0.017433,-0.012066,0.193936,-0.360014,-0.234113,0.338761,-0.17464,-0.105344,-0.437945,0.270032,-0.575958,-0.111506,-0.129591,-0.242676,-0.384521,-0.393923,0.011858,0.000607,0.273915,-0.350747,-0.315577,0.178386,0.001746,-0.236997,-0.013471,-0.168338,-0.314946,-0.045262,0.011866,-0.055055,-0.453942,0.142215,0.446179,-0.095063,-0.212097,-0.139431,0.042734,0.181722,0.345289,-0.02588,-0.382585,0.003994,-0.166879,0.396747,-0.092974,0.223305,-0.200474,0.161389,0.348997,-0.194551,-0.081896,0.252481,-0.03723,-0.059633,-0.099766,0.181164,0.11613,-0.135285,0.02593,-0.245222,-0.135285,0.168002,0.005718,-0.092974,-0.220177,0.072413,-0.128159,0.092983,0.012581,0.385971,-0.539462,0.547443,-0.115382,-0.348233,0.156753,0.228142,-0.411883,0.351,0.087453,-0.439893,0.101503,-0.024873,-0.100516,0.045178,0.178673,-0.185343,-0.229188,0.040908,-0.148746,0.132479,0.413572,#
16,-0.153408,-0.061596,-0.297173,0.000215,0.218282,-0.042644,0.139509,0.043404,0.025851,-0.287819,-0.054624,-0.022252,0.046113,-0.265389,-0.106429,-0.142687,1.0,-0.034148,-0.006792,-0.029159,-0.006765,-0.230196,-0.072479,-0.383638,-0.423824,-0.230469,-0.467069,-0.007568,-0.042145,-0.17951,-0.479924,-0.227358,0.101609,0.24092,0.009841,0.082592,-0.231072,-0.312464,-0.139225,0.373087,-0.164855,-0.369586,0.1328,-0.071973,-0.303309,0.095188,-0.305645,-0.185855,0.338236,0.280126,0.025899,0.025876,-0.105601,0.080486,0.18008,0.132604,0.214899,-0.049156,0.252652,-0.294027,-0.367564,0.352065,0.408151,-0.099982,-0.131406,0.022466,0.034146,-0.068833,0.081978,-0.309707,-0.146263,-0.440259,-0.269143,-0.215771,-0.146493,-0.043559,0.155509,-0.215344,0.122996,0.10565,-0.212681,0.130988,0.071465,-0.467096,0.071465,0.049942,-0.080538,-0.036111,0.004405,-0.04544,0.044825,0.052973,-0.100257,-0.214187,0.020489,-0.216968,0.034295,-0.073896,-0.076903,0.19359,0.095351,0.062247,-0.004674,0.188759,-0.10215,0.172886,-0.056506,-0.489031,-0.088999,0.082126,-0.49573,-0.115351,0.083214,0.075307,-0.193599,-0.063259,0.476275,0.157928,-0.268033,-0.084899,-0.143812,-0.156276,-0.186129,-0.23619,0.035284,-0.351348,-0.266878,-0.190238,0.031356,-0.14184,-0.240366,-0.418709,-0.289448,0.071346,0.251384,0.260822,0.119857,-0.271852,-0.402527,0.18154,0.045364,-0.197818,-0.350035,0.228478,-0.063872,-0.2513,-0.183681,0.083687,0.030357,0.127366,-0.00594,-0.066239,-0.043368,-0.142069,-0.002444,-0.236473,-0.269006,0.248012,0.050567,0.266873,-0.347075,0.086544,0.079519,-0.313066,-0.29146,-0.010228,0.20648,-0.229429,-0.03187,0.005867,-0.151083,0.063883,-0.145765,-0.178389,0.100121,-0.100992,0.048443,-0.094015,0.003643,-0.090032,-0.208593,0.098511,0.583138,-0.1182,-0.136832,-0.234777,-0.335939,0.107869,0.159864,-0.258948,-0.257496,0.155843,-0.191968,-0.381451,0.31852,-0.115596,-0.140894,-0.086229,-0.30528,0.139316,#
17,-0.470945,-0.006629,0.389337,0.152347,-0.293846,0.089549,0.118858,0.191896,0.327261,0.205036,-0.30018,-0.053752,-0.013779,0.014719,0.265875,0.438241,-0.034148,1.0,0.091286,0.374982,-0.168737,0.305553,0.021234,-0.049882,0.191793,0.381376,0.226709,0.08482,-0.068469,-0.165948,0.183906,0.000581,-0.078375,0.055998,-0.099717,-0.237261,-0.092711,0.042407,0.045756,-0.476334,0.08434,0.128413,0.366692,0.385845,0.032462,-0.155414,0.065738,0.196473,-0.119276,-0.043059,0.01209,0.211244,-0.02666,0.176811,0.135506,0.251611,-0.043646,-0.403691,-0.009969,0.221528,0.086899,-0.278573,-0.300535,0.131427,-0.046449,-0.016081,0.033443,0.06711,-0.21638,0.505654,0.264219,0.34709,0.021802,-0.077576,-0.016501,-0.013117,0.320323,-0.033584,0.247778,-0.091299,0.349582,0.128795,-0.191804,0.26488,-0.191804,0.268325,0.197929,-0.248725,-0.085809,0.039424,0.12872,-0.02393,-0.039371,0.612025,0.024581,0.137942,0.272777,-0.224957,-0.008566,0.15299,-0.323483,0.223793,0.077031,0.341843,0.016733,0.13611,0.002957,-0.09694,-0.058963,-0.088676,0.016147,-0.060413,0.054017,-0.0874,0.256584,0.028991,0.252775,-0.122146,0.40104,-0.469911,0.223793,-0.325206,-0.122017,0.005054,0.127267,0.109948,0.066951,0.098349,-0.044873,0.050202,0.22506,0.34288,-0.02631,0.160614,0.081359,0.042851,-0.079142,0.034712,-0.019908,-0.090611,0.05572,-0.074356,0.044695,-0.126168,-0.319831,0.007828,0.023454,0.190261,0.183424,0.017777,-0.158944,0.071779,0.242784,0.032155,0.183185,0.044375,-0.039394,0.354638,0.090297,0.048528,0.210935,0.259964,-0.242917,0.097287,0.045474,0.331711,0.131789,-0.05084,-0.190917,0.266801,0.093688,-0.251835,0.032155,-0.004726,0.127874,0.193453,0.032401,-0.288897,0.307278,-0.130754,0.372564,-0.044842,-0.065741,-0.070517,0.034776,-0.107788,0.268399,0.535809,-0.265328,-0.359839,0.187041,-0.311098,-0.142573,0.013348,-0.212011,-0.259209,0.069076,-0.036097,0.012413,0.220409,#
18,0.281208,0.717356,-0.117732,-0.023507,-0.004192,0.28684,0.466427,0.265221,-0.172116,0.292722,0.081436,0.089538,0.055547,0.217757,0.448637,0.233846,-0.006792,0.091286,1.0,-0.10976,0.39881,0.137899,-0.003988,0.067759,0.033358,0.067945,0.080116,0.063555,0.14607,0.142249,-0.305371,0.079421,0.056482,-0.088939,-0.16895,-0.115403,-0.074072,0.005273,-0.064357,-0.086353,0.359295,0.374701,-0.137206,0.286818,0.419619,-0.049572,-0.090765,-0.266946,0.143536,0.275343,-0.027798,0.021036,0.351406,0.074663,0.333594,0.053591,0.019386,-0.41949,-0.305749,-0.180251,0.137148,-0.1362,-0.136776,0.315856,0.187549,0.317646,-0.062239,0.032353,-0.247384,-0.317504,0.105426,0.070068,-0.226021,-0.01049,0.03619,-0.00455,-0.162457,-0.092312,0.064339,0.036846,0.0344,-0.194983,-0.106726,0.065538,0.091143,-0.146048,0.029474,-0.017368,0.151523,-0.152155,-0.29816,-0.286144,-0.019416,-0.21648,0.12309,-0.181314,0.012245,-0.246534,0.419408,-0.189046,0.310771,0.295406,-0.200091,-0.396615,-0.371215,0.163724,-0.223135,-0.035599,-0.111632,-1.8e-05,-0.135362,0.30755,-0.18572,-0.192452,0.02103,0.31548,-0.221361,0.129302,0.112033,-0.173936,-0.301527,-0.088126,-0.198834,-0.360076,-0.296486,-0.104446,-0.057311,-0.053082,-0.297712,-0.113409,-0.323118,-0.112823,-0.143681,-0.020805,-0.285283,-0.059688,0.114916,-0.038656,-0.167818,-0.240675,-0.227636,-0.228186,-0.326288,-0.003139,-0.017299,-0.225916,-0.107738,0.193339,-0.252231,-0.240621,-0.117723,-0.04211,-0.121937,-0.02796,0.170326,-0.182601,0.206221,0.07477,-0.185749,-0.107474,-0.191077,0.019398,-0.168269,-0.250138,-0.020363,0.148412,0.348724,0.191676,0.011677,-0.192183,0.164157,0.247718,0.105252,0.237459,0.21515,-0.162764,0.138052,-0.060244,0.358536,-0.222088,-0.01017,0.372054,0.01114,0.098862,0.480701,-0.01972,0.419277,-0.18524,0.110922,0.256385,-0.108426,-0.183996,0.336663,-0.092917,-0.484234,-0.291505,0.464129,-0.270313,-0.065756,0.074094,#
19,-0.364007,0.003625,-0.031351,-0.075886,-0.283044,-0.147802,-0.303168,0.021237,-0.107267,0.143203,-0.310535,0.070123,0.069952,0.146748,0.101517,0.228741,-0.029159,0.374982,-0.10976,1.0,0.253326,0.092104,-0.045795,0.154706,-0.134428,-0.075469,-0.029499,-0.155081,-0.168142,-0.217188,0.431173,0.395885,0.397806,0.252605,-0.107679,-0.511968,0.130759,0.046992,-0.201196,-0.341131,0.027749,0.047125,-0.0243,-0.130969,-0.192591,-0.194112,0.158274,0.137297,0.130929,-0.186152,-0.188716,-0.150285,0.306458,-0.148703,-0.285643,-0.075413,0.111107,-0.326652,0.315816,0.083581,0.12401,-0.124479,-0.259808,-0.294679,0.071353,0.032417,-0.125589,-0.284834,-0.131396,0.41221,-0.238021,0.155052,0.159715,-0.148126,-0.045886,-0.659259,0.294849,0.354994,0.576753,0.224783,0.420784,0.237116,0.218736,-0.027684,0.404658,0.4928,0.23064,-0.301833,0.296967,0.097139,0.477444,0.497419,0.209926,0.452225,0.150334,0.379921,0.134109,0.19826,0.22857,0.357416,-0.490453,0.018021,0.11733,0.362465,0.402617,0.453383,-0.056172,-0.251063,0.31188,-0.168242,0.307277,-0.34171,0.000159,0.227791,0.027623,0.265936,0.230171,-0.090069,0.219806,-0.321835,0.232689,-0.163896,-0.089974,0.229404,-0.129976,0.339052,0.369731,0.105601,0.338807,0.435623,0.536428,0.377396,0.314728,0.002026,0.520133,0.25013,0.099917,-0.061846,0.034585,0.110946,0.244009,0.245065,0.029667,-0.286305,-0.099101,0.364962,0.449823,-0.380083,0.131211,0.139426,0.098445,0.355086,0.478607,0.238346,0.133186,0.281488,0.409772,-0.103084,-0.046553,0.02181,0.097933,0.399545,0.154201,0.045078,0.028825,0.31036,0.342723,0.075441,0.183718,0.323293,-0.478453,0.053162,0.025646,-0.039876,-0.471256,0.192071,0.16884,-0.50132,0.116378,0.180298,0.120381,-0.293655,-0.256508,-0.316473,-0.375132,-0.226391,0.334294,0.398247,-0.284596,-0.109774,0.077995,-0.22051,-0.499421,-0.073462,0.172393,-0.509276,-0.339537,0.179633,0.397651,0.103885,#
20,0.35024,0.320983,-0.191367,-0.291797,-0.343518,0.098382,-0.067056,0.161676,-0.300254,0.138982,-0.228406,0.374203,0.146988,0.329026,0.36104,0.070544,-0.006765,-0.168737,0.39881,0.253326,1.0,0.058139,-0.345837,-0.047567,-0.070459,-0.23089,-0.201729,-0.34744,-0.09682,0.074806,0.181694,0.277902,0.25677,0.470004,-0.460361,-0.133008,-0.071349,0.048236,-0.043794,-0.202342,0.2723,0.27593,-0.279135,-0.13063,0.152615,-0.283915,-0.041741,-0.104521,0.221113,-0.263911,-0.267179,-0.200671,0.357046,-0.065556,-0.169594,-0.031327,-0.105891,-0.243077,-0.327071,0.204917,0.243966,-0.042619,2.3e-05,-0.000412,0.109459,0.017587,-0.481871,-0.004989,0.001834,-0.113513,-0.189447,0.289783,0.096262,-0.084835,-0.208202,-0.461858,0.050565,0.311975,0.2476,0.399113,0.359074,-0.268855,0.163449,-0.301889,0.163449,-0.118558,-0.049278,0.166444,0.271871,0.088517,0.032258,0.027865,0.153364,-0.019353,0.244858,0.044252,-0.301666,0.222488,0.264911,-0.001721,0.265635,0.277713,-0.149114,0.011232,-0.099979,0.004194,0.047241,0.087713,-0.082233,-0.12589,0.192949,0.156642,-0.346473,0.206176,0.153553,0.454978,-0.103014,0.164567,0.267063,-0.157658,0.092582,-0.125392,-0.322469,0.109578,-0.379951,-0.196503,-0.038364,-0.107164,-0.229385,0.230937,0.072705,0.119106,0.173895,0.255304,-0.016428,0.299613,0.192592,-0.160758,0.164659,-0.192504,-0.106763,0.168761,0.08173,0.103072,0.029776,-0.022675,0.042888,-0.281388,-0.278228,0.109303,0.058608,0.002778,0.084355,-0.107122,0.057561,0.214932,0.394407,-0.121051,-0.390464,-0.154817,0.153266,0.031018,0.3843,-0.36832,-0.189397,0.062328,0.138311,0.301114,0.287708,-0.185317,-0.21272,0.436318,0.087102,0.077943,-0.23067,-0.072156,-0.275771,-0.343013,0.077862,0.255265,-0.204626,-0.094701,-0.182393,0.029236,-0.15601,0.307079,0.186141,-0.299508,-0.045145,0.222715,-0.301457,-0.124306,-0.163948,-0.094496,0.128236,-0.11577,0.190079,-0.297172,0.111026,-0.096186,#
