0,1.0,0.21089,-0.245436,-0.042834,-0.026174,0.022275,0.367414,-0.278393,0.092652,0.175226,0.292345,0.621594,0.387572,0.04945,0.267826,0.140334,0.147956,-0.192215,-0.125576,-0.199759,-0.260879,-0.010587,0.123803,0.37351,0.117419,0.023788,-0.219346,0.06921,0.040814,-0.018541,-0.16891,-0.227235,-0.03902,-0.00941,0.207381,-0.022159,0.238418,-0.164462,0.349812,-0.108949,0.17435,-0.0516,0.028825,0.132858,0.280429,0.356536,0.086237,0.173887,-0.062523,-0.165228,-0.132642,-0.36725,-0.042603,-0.405499,-0.237834,-0.177983,-0.068587,0.220445,-0.0492,0.019009,0.201068,0.13836,-0.541828,0.031205,-0.144804,0.030896,0.293621,-0.230597,-0.311514,-0.453652,-0.120438,-0.068398,-0.012416,-0.157588,0.177032,0.010511,-0.52243,-0.045214,-0.519451,-0.138349,-0.354282,-0.350727,0.035146,-0.326463,-0.272082,-0.443364,0.106155,-0.297831,0.005067,0.141099,-0.448664,-0.380479,-0.039125,-0.458225,-0.278676,-0.392065,-0.07728,-0.229822,-0.272132,-0.215915,0.144737,-0.31068,-0.262056,0.004975,0.114864,-0.097867,-0.27327,-0.247815,-0.304962,-0.040641,0.118384,0.073685,0.104785,-0.128594,-0.154402,0.025232,-0.031702,-0.311564,0.118379,-0.15297,-0.351795,0.210362,-0.189795,0.46922,-0.228112,-0.021245,-0.444523,0.155764,-0.489901,-0.279598,-0.444166,-0.286642,-0.271208,0.436405,-0.359329,-0.258107,-0.129063,-0.647691,0.132195,-0.622486,-0.215915,-0.262611,-0.198064,0.072437,-0.192183,-0.082841,-0.004012,0.370995,-0.316101,-0.30628,0.009215,-0.171613,-0.518211,-0.001698,-0.156061,-0.222867,0.153188,0.285801,-0.043229,-0.044385,-0.151423,-0.194151,-0.069443,-0.242238,-0.395377,0.213256,-0.321909,0.118829,-0.382496,-0.306416,0.279585,-0.440789,0.185212,-0.017207,0.337291,-0.321446,-0.295583,0.296745,0.010363,-0.458873,0.176243,0.10129,-0.003825,0.100202,0.268096,-0.229439,0.254671,0.189602,-0.131571,0.267366,-0.736726,0.272721,0.343694,0.24542,-0.068449,-0.058217,0.151851,-0.286344,-0.042981,-0.118704,#
1,0.21089,1.0,-0.065256,-0.204081,-0.098801,0.342405,0.219683,-0.226545,0.348338,0.214582,0.101275,0.089613,0.102679,0.323404,0.048619,0.070111,0.255659,0.15297,0.138775,0.176613,-0.161944,0.287688,0.170631,-0.090222,-0.179333,-0.033268,-0.217518,0.117449,0.216352,-0.234047,0.031582,-0.202542,-0.116317,-0.025015,0.209605,0.185778,0.278922,-0.170326,-0.027355,-0.421487,0.166459,-0.256299,-0.080184,-0.350763,-0.236941,0.030757,-0.328864,0.180612,-0.027484,-0.003457,-0.366176,-0.381688,0.258336,-0.095903,-0.131356,-0.167557,-0.013102,-0.065903,0.132531,0.0361,0.352208,0.076145,-0.509002,-0.180193,0.020279,0.119817,-0.19675,-0.091792,-0.402567,-0.120932,-0.16814,-0.200086,-0.264508,-0.010612,-0.168336,0.53085,-0.114217,-0.215972,-0.214021,-0.155887,-0.209873,-0.385037,-0.266643,0.005786,-0.259996,-0.0675,-0.049668,0.144648,0.197168,-0.228866,0.029006,-0.20128,-0.289024,-0.273835,-0.267599,-0.135466,-0.211101,0.028737,-0.015006,-0.344549,-0.195172,-0.166056,-0.264323,0.29632,0.064624,-0.237536,0.134048,0.133279,-0.355836,-0.562825,0.475888,0.132764,-0.433035,-0.178442,-0.164965,-0.277348,-0.580639,-0.457403,0.326641,-0.311803,-0.301131,0.246118,-0.397263,0.037317,-0.185389,-0.291771,-0.237733,0.083106,-0.328127,-0.176734,-0.294001,-0.163703,-0.352727,-0.30327,-0.393472,0.050668,0.190924,-0.062139,-0.027739,-0.456997,-0.335804,-0.186198,-0.129315,0.120146,-0.169296,0.050773,-0.264094,0.107422,0.224764,0.166323,-0.101364,0.099176,0.28533,0.110211,0.077573,-0.361268,0.419814,0.408291,-0.221026,-0.118327,0.216273,-0.292868,-0.02447,-0.090204,0.137063,0.522173,0.030906,0.266338,-0.213633,0.166011,0.178507,-0.290577,0.086842,0.166116,0.235313,-0.202172,0.132511,0.185207,0.320175,-0.433876,0.595823,-0.288121,0.166494,0.074054,0.07878,0.139594,0.263165,0.032099,-0.322582,0.560885,-0.425187,0.312099,-0.170304,0.48303,-0.137041,0.354443,0.111861,-0.126834,0.017106,0.307374,#
2,-0.245436,-0.065256,1.0,0.022178,-0.090799,-0.07632,0.169418,-0.278751,-0.152035,0.15219,-0.425316,-0.430962,-0.343569,-0.122725,0.349898,0.053607,0.094662,0.6026,-0.189664,0.3375,0.011722,-0.049368,0.094766,-0.015239,0.238853,-0.068941,0.09717,0.270563,-0.19643,-0.215398,-0.267998,-0.118955,-0.346647,0.486567,-0.024137,-0.191068,0.089754,0.268403,0.062534,-0.021261,-0.043354,-0.37478,-0.222482,0.047033,0.14772,-0.064325,-0.439148,-0.43144,0.090979,-0.144262,-0.047058,0.136797,0.158035,0.174358,-0.250726,-0.231945,0.061117,0.10248,-0.284205,0.224208,-0.051569,0.241409,-0.010587,-0.284125,-0.087886,-0.112525,0.317718,-0.355441,-0.332197,0.285004,-0.316036,-0.319321,-0.34038,0.184373,-0.259439,-0.251156,-0.070269,-0.075327,0.050234,0.105734,0.50216,0.018699,-0.07159,0.354782,-0.023985,0.166241,0.463502,0.023056,-0.044498,0.308013,0.182043,-0.057375,-0.357,0.0215,0.038514,0.158263,-0.303395,-0.12544,-0.167249,0.015413,-0.333429,-0.057808,0.03561,0.229723,-0.137308,-0.035935,0.184515,0.232918,0.224808,-0.175639,0.250051,0.074643,-0.222987,0.197605,0.335147,0.155265,0.217299,0.044433,-0.171218,0.024084,0.078367,-0.11397,0.044272,-0.073935,-0.351529,0.157817,0.496407,0.411287,0.0198,0.377407,0.330348,0.440685,-0.081692,0.149907,0.209043,-0.231871,0.239956,0.277778,-0.502807,0.228786,-0.193587,0.043325,-0.372915,-0.329312,0.176096,0.183017,0.070197,-0.318437,0.036234,0.21898,-0.316087,0.139266,0.180177,0.015413,0.166635,0.431711,0.267154,-0.110362,-0.20876,-0.068614,0.288272,-0.210515,0.120008,-0.179268,0.275513,0.104135,-0.077069,-0.277759,0.490926,-0.068444,-0.288048,-0.036374,0.176261,0.055274,-0.402762,0.371187,0.106516,-0.066738,0.031011,0.044599,-0.247391,0.237278,0.31553,-0.356806,-0.147058,0.245403,0.046989,-0.025576,-0.23299,-0.436244,0.290772,-0.313793,-0.346583,-0.109714,-0.549082,0.120578,-0.086776,0.29637,0.080388,0.34429,#
3,-0.042834,-0.204081,0.022178,1.0,0.068915,-0.216193,-0.196477,0.090782,-0.434947,-0.149484,0.030613,-0.121561,0.109554,-0.327665,-0.130947,-0.153409,-0.292153,-0.060262,-0.085787,-0.17509,0.25661,-0.352807,-0.449538,-0.044092,0.220828,-0.005086,0.174761,0.29727,0.17206,-0.322146,0.326169,0.169596,0.246786,-0.175885,0.11644,0.021407,0.057947,-0.092477,0.311555,0.139126,0.194625,0.190192,0.011023,-0.157681,-0.06592,0.113982,0.09259,-0.385984,-0.293539,-0.353726,-0.040514,0.520824,-0.166929,0.143535,0.202781,-0.345546,0.056845,0.425207,0.124201,-0.144561,-0.419889,-0.179442,-0.005534,0.249827,-0.114392,-0.00371,0.109504,-0.027814,0.489999,-0.034544,0.042988,-0.277915,-0.188484,0.128957,0.287844,-0.324042,0.1953,0.533059,0.190361,-0.061698,0.166994,0.166084,0.280363,0.117574,0.104803,0.267285,0.22241,0.285858,0.175259,-0.169327,0.406886,0.372492,0.361575,0.049215,0.110676,0.336106,0.333757,0.176135,0.09161,0.007167,0.118936,-0.016916,0.423752,0.10596,0.231726,0.421487,-0.052329,0.226691,-0.240273,0.41144,-0.117395,-0.22671,0.220104,-0.066396,-0.041929,-0.039595,0.399607,0.626743,-0.029648,0.335867,0.165972,0.019968,0.022055,0.15224,-0.006197,0.120914,-0.063396,0.029747,0.229941,0.078546,0.243667,0.247025,0.423411,0.016325,0.503829,-0.234994,-0.126441,0.099819,0.062019,0.436045,0.19339,0.402604,0.408166,0.108618,0.248572,0.017058,-0.012946,-0.629883,0.13699,0.008024,-0.03447,-0.019901,-0.088799,0.185941,0.355791,0.009648,-0.306352,-0.520317,0.046285,-0.144929,0.027259,0.204322,0.473832,0.183448,-0.262518,-0.254125,0.0927,-0.461838,0.013517,0.005066,0.00754,0.263975,-0.195759,0.030022,-0.193869,0.29219,-0.065452,-0.163834,-0.382261,0.442609,-0.372721,0.181929,-0.478859,-0.297614,-0.150529,-0.090485,-0.140678,0.158553,0.439064,-0.297254,0.351878,-0.092982,-0.189521,-0.112895,-0.005302,-0.336851,-0.287956,-0.294048,-0.059728,-0.215196,#
4,-0.026174,-0.098801,-0.090799,0.068915,1.0,-0.11088,0.392438,-0.120706,-0.12529,-0.180155,0.037349,-0.138163,-0.411822,-0.30135,0.039237,-0.258535,0.020901,-0.315564,0.443292,-0.036504,-0.102504,-0.138912,0.272839,-0.062304,-0.063553,-0.086084,0.102285,-0.307471,0.21918,0.14736,-0.172724,0.101145,-0.01154,-0.204738,0.411889,-0.210589,0.233744,-0.283216,0.105047,0.608013,0.11236,-0.154952,-0.143778,-0.244528,-0.404112,0.172065,-0.107106,0.133521,0.00064,0.207296,-0.026114,0.284779,-0.225947,0.043369,0.135557,-0.231471,-0.601306,0.124309,0.073823,0.293116,-0.093164,0.121122,0.042286,-0.298272,0.122596,-0.172877,-0.175246,0.102099,0.077233,0.036125,-0.142125,0.270292,0.319278,-0.324265,-0.360185,0.216937,0.172749,-0.396229,-0.129057,-0.224711,-0.217477,-0.129057,0.076791,-0.155126,0.08147,-0.074734,-0.076995,0.012764,-0.214698,-0.227193,-0.099383,0.12648,-0.077238,-0.200278,0.15207,-0.427114,0.215901,-0.308125,-0.002593,0.106507,0.084234,0.275996,-0.172616,-0.328235,-0.221622,-0.072116,-0.237889,-0.203106,-0.277645,-0.067847,-0.014727,0.244301,-0.398316,-0.258281,-0.160402,-0.250849,0.11951,0.339319,0.283373,-0.016213,-0.341115,-0.35489,0.192977,0.220351,-0.029203,0.22694,0.076463,0.345676,-0.206164,-0.280855,0.098264,-0.189951,0.131747,0.158065,0.192977,-0.351059,0.190304,0.037244,0.106769,-0.005691,-0.082693,-0.062273,0.114075,0.116506,-0.047242,0.053908,-0.145667,0.145562,-0.129192,0.043567,0.17169,-0.144774,-0.027373,0.106507,0.051154,0.302898,-0.029741,-0.047637,-0.236029,0.000633,-0.21059,0.053366,0.108045,-0.217121,-0.317841,0.088514,-0.00062,0.024558,0.105708,0.051942,-0.045395,0.312481,-0.166497,-0.073269,-0.013214,-0.308079,0.018569,0.150263,0.022878,0.014317,0.143998,0.028808,-0.003957,0.221045,-0.202237,-0.192293,-0.221735,0.389155,0.481477,-0.101185,-0.07201,0.018633,0.223558,0.327815,-0.09991,-0.217123,0.250646,-0.033903,-0.197262,-0.096902,#
5,0.022275,0.342405,-0.07632,-0.216193,-0.11088,1.0,0.225486,-0.002738,0.153165,0.009444,-0.076348,0.092796,0.090283,0.126075,0.438508,-0.158633,0.054882,0.20576,0.181628,0.017002,-0.363781,0.101171,0.362786,-0.285766,-0.177652,0.166424,-0.430609,-0.324877,0.206365,-0.028012,0.105916,0.083932,-0.126981,-0.022547,-0.186715,0.382631,-0.161546,-0.1557,-0.390162,-0.438825,-0.452126,-0.168172,0.124452,0.0762,0.025168,-0.158145,-0.001135,0.154487,0.497989,-0.029774,-8.1e-05,-0.281072,0.071219,-0.174784,-0.133384,-0.039547,-0.286233,-0.243689,0.110418,-0.199321,0.359463,0.078366,-0.132852,-0.194996,-0.317859,-0.296288,-0.196124,0.041731,-0.055933,-0.113422,-0.152562,0.328466,-0.263454,-0.025151,0.21448,0.152469,-0.111455,-0.025561,-0.218498,0.226251,-0.006008,-0.186156,-0.464641,-0.000634,-0.076709,-0.064384,-0.263702,-0.064047,0.188481,-0.01376,0.039326,-0.215964,-0.30408,-0.290176,-0.100277,-0.132029,-0.176325,0.280224,-0.262874,-0.13677,0.366235,0.018453,-0.279183,-0.097082,-0.162803,-0.443083,-0.242933,-0.106802,0.020773,-0.124059,0.090996,0.135328,-0.241819,-0.187581,0.034131,-0.087005,-0.358284,-0.086951,0.020411,-0.308428,0.087821,-0.001623,-0.018097,0.024009,0.236227,-0.198506,-0.064138,-0.287932,-0.268678,0.219448,-0.301668,-0.171165,0.007728,-0.275495,-0.419882,0.036314,0.192677,-0.281483,0.262907,-0.289977,0.099846,-0.39682,-0.136283,0.108958,-0.273703,-0.234813,0.247695,0.27635,-0.382399,-0.19437,0.086779,-0.344083,0.035471,0.099846,0.059079,0.078583,0.120495,0.217922,-0.031291,0.264392,0.116859,-0.127717,-0.022923,-0.119403,0.470974,0.331347,0.046001,0.286806,-0.028389,0.16744,0.183034,-0.164668,0.087773,-0.197968,0.227045,-0.409069,0.114905,-0.028549,0.134103,-0.066007,0.403892,0.077498,-0.035403,0.070528,0.497548,0.001556,0.066473,0.006039,0.029928,0.199556,-0.235211,0.29873,0.031051,0.089264,-0.421394,0.56143,0.115843,0.279978,-0.408456,0.111955,#
6,0.367414,0.219683,0.169418,-0.196477,0.392438,0.225486,1.0,-0.260303,0.120912,-0.112242,0.407658,0.232188,-0.229933,-0.17098,0.415925,-0.247223,0.197579,4.6e-05,0.092901,0.078305,-0.194591,-0.057979,0.392988,0.247151,-0.273181,-0.118869,-0.149908,0.061603,-0.102057,-0.264688,-0.335723,0.162851,-0.217408,-0.084952,0.249076,-0.083519,0.261346,-0.217183,0.099724,0.12434,-0.109178,-0.184196,-0.199593,0.174768,-0.115579,0.201516,0.023239,0.099501,0.22575,-0.12745,0.018691,-0.226486,-0.058387,-0.367044,-0.169467,-0.30098,-0.353955,0.280064,0.02715,0.232736,0.029699,0.367466,-0.118249,-0.214302,-0.119167,-0.173065,0.117048,-0.140525,-0.247543,-0.246932,-0.144759,-0.174165,-0.159465,-0.504564,-0.494436,0.084286,-0.31189,-0.521832,-0.549603,0.18623,-0.062742,-0.194465,-0.288205,-0.316532,-0.267544,-0.090373,0.167119,-0.018369,-0.072028,0.273532,-0.200592,-0.319017,-0.432642,-0.359947,-0.392041,-0.455185,0.129802,-0.306764,-0.335045,-0.232319,0.042301,0.177308,-0.570243,-0.055863,-0.262901,-0.268259,-0.086188,-0.168436,-0.039101,-0.236646,0.216899,0.057436,-0.186361,-0.401799,0.0893,0.05536,-0.032489,-0.216639,0.184674,-0.258077,-0.310017,-0.154149,0.138103,0.353196,-0.062743,-0.060777,0.093569,0.499583,-0.408417,-0.022211,-0.259462,-0.148472,-0.151543,0.11839,-0.218741,-0.298174,-0.018059,-0.330492,-0.255994,-0.399299,-0.224325,-0.194679,-0.420603,0.034456,-0.302063,-0.069091,0.062564,0.375689,-0.102667,-0.12887,0.108672,-0.420252,-0.094698,0.183329,-0.021985,0.367824,0.232347,0.228723,-0.161756,0.20034,0.080586,-0.27,0.05049,-0.172524,0.022125,0.43559,-0.092581,0.073291,0.086541,-0.120101,0.1873,-0.346271,0.113585,-0.253342,0.01927,-0.312488,-0.18565,0.259905,0.144287,-0.378166,0.198254,0.191481,0.110683,-0.1014,0.140623,-0.213458,-0.084843,0.269388,0.033388,0.313612,-0.356214,0.113435,0.070393,0.311555,-0.300308,0.129846,0.102239,0.331466,-0.312173,0.072732,#
7,-0.278393,-0.226545,-0.278751,0.090782,-0.120706,-0.002738,-0.260303,1.0,-0.350456,-0.052652,0.117661,-0.191936,0.086538,-0.192348,-0.224553,0.208913,0.119379,-0.159397,-0.262494,-0.033624,-0.029287,0.264686,-0.057545,-0.200254,-0.122427,-0.20637,-0.155945,-0.016291,-0.313536,0.070845,0.248989,0.238792,0.043451,0.064747,-0.245644,0.147504,-0.031687,-0.302511,-0.442593,0.242217,-0.438235,0.354435,0.17605,-0.000947,0.180381,0.273191,0.553835,0.053906,0.373086,0.171122,0.158964,0.191016,-0.055003,-0.088752,0.019948,0.210592,0.262633,-0.229513,0.193116,0.09183,0.203306,-0.406927,0.420574,0.355593,-0.124853,-0.152273,-0.327787,0.344186,0.533778,-0.150222,0.523011,0.368633,0.22828,0.211704,0.292609,-0.11343,0.110235,0.121105,0.289943,-0.232797,0.174275,0.119683,-0.340035,0.00432,0.017212,-0.110097,0.014734,0.190122,0.200486,-0.115477,-0.050054,0.523031,0.302611,0.300207,0.169891,0.126552,0.188716,0.120546,0.106162,0.107325,0.218136,0.053121,0.178459,0.058729,-0.065127,0.074002,-0.060251,0.218444,0.308989,0.280469,-0.326407,0.088595,0.205733,0.312543,-0.222777,-0.239744,0.078385,0.191409,-0.056181,-0.023982,0.239846,-0.096582,-0.03341,0.004324,0.466943,0.00668,0.061765,-0.11597,0.505193,0.173637,-0.149856,0.22999,0.336631,-0.233106,0.288617,0.37994,-0.148786,0.128881,0.038259,0.395059,0.133445,0.177594,0.108776,0.394339,0.076073,-0.109477,0.024233,0.104013,0.175211,-0.100091,0.097504,-0.100406,0.07648,0.133445,0.090789,0.05174,-0.325563,-0.157734,0.341014,0.1132,-0.192532,0.246596,0.00393,0.470714,-0.126141,-0.413396,-0.240806,-0.038621,-0.013793,0.134052,-0.045734,0.178528,0.008944,-0.083923,0.228203,0.242794,0.083215,-0.171425,-0.195483,0.464116,-0.02689,0.197884,0.106325,0.10505,0.137144,0.296629,-0.15238,0.036543,0.111071,0.18145,0.207383,-0.076219,0.101768,-0.080336,0.100643,-0.216445,-0.12828,0.199663,0.009597,-0.197309,#
8,0.092652,0.348338,-0.152035,-0.434947,-0.12529,0.153165,0.120912,-0.350456,1.0,0.259726,0.156802,0.148258,0.345852,0.299151,0.026887,0.171046,0.008266,0.091261,-0.167772,0.208708,-0.197556,0.091248,0.194724,0.245426,-0.21976,0.36914,0.281862,-0.189532,0.107091,-0.003421,-0.10521,-0.237937,0.221052,-0.184182,-0.028162,0.229987,0.362898,0.049829,-0.145182,-0.279114,0.072188,-0.096497,-0.052045,0.058193,-0.130783,-0.399507,-0.320505,0.279097,-0.172812,0.307731,-0.217754,-0.594243,0.204106,-0.048977,0.185534,0.087325,-0.316478,-0.354222,-0.136749,-0.062329,0.181389,-0.022532,-0.050876,-0.006489,0.199528,-0.117812,-0.03372,0.136491,-0.5839,-0.027285,-0.020013,-0.012944,0.031874,-0.399259,-0.356684,0.298919,-0.263508,-0.246478,-0.403727,0.143865,-0.46493,-0.247798,-0.039846,0.125495,-0.357658,-0.020226,-0.148516,-0.144353,-0.117636,-0.135864,-0.19437,-0.738353,-0.402738,-0.128485,-0.33378,-0.23577,-0.258644,0.052351,-0.074369,-0.334707,-0.155903,0.155471,-0.334502,-0.05968,0.224448,0.147657,-0.012819,-0.177487,0.08169,0.025287,0.215494,-0.132942,0.030208,-0.087108,0.005086,0.108368,-0.533819,-0.680771,0.425345,-0.525154,-0.437734,0.228452,-0.263424,-0.178608,-0.166146,-0.343462,-0.007704,-0.103684,-0.28375,-0.531791,0.209571,-0.159454,-0.494406,-0.338911,-0.417152,0.008275,-0.107154,-0.205325,0.085823,-0.483875,-0.143334,0.140204,-0.342362,0.141696,-0.560005,0.139551,-0.414514,0.435299,-0.139063,0.036227,-0.230509,-0.174396,0.150491,-0.342362,-0.175099,-0.232699,0.367481,0.478181,-0.405865,-0.262631,0.138707,-0.087431,-0.413046,-0.225663,0.323693,0.161604,-0.063196,0.205554,0.045682,0.01562,-0.13295,-0.096622,0.06815,-0.058454,0.10529,-0.567168,0.247694,0.176509,0.62107,-0.483875,0.266787,-0.15422,0.041952,-0.077302,0.062563,-0.189364,0.036867,-0.168979,-0.325877,0.337879,-0.229621,0.276986,-0.041293,0.401674,0.100657,0.0529,0.357591,-0.129296,-0.190345,0.303763,#
9,0.175226,0.214582,0.15219,-0.149484,-0.180155,0.009444,-0.112242,-0.052652,0.259726,1.0,-0.273799,0.00026,0.272318,0.468467,0.223916,0.208319,0.046585,0.26332,-0.112894,0.316557,-0.3596,0.156889,0.179938,0.105378,0.133734,0.152561,-0.015681,0.047317,0.23216,-0.091101,0.050702,0.044752,0.012284,0.302722,-0.252881,-0.054893,0.317489,-0.222952,-0.113616,-0.084685,0.08596,-0.207324,0.281059,-0.009217,0.109345,-0.078083,-0.359548,0.089014,-0.033278,-0.151678,-0.110347,-0.370761,0.220067,0.087852,-0.204089,-0.200848,-0.027851,-0.206399,0.145617,0.376374,0.203591,-0.309284,-0.35927,0.062803,0.01753,-0.352238,0.141102,-0.002969,-0.576218,-0.24094,0.076908,-0.093087,-0.160742,-0.144934,0.005044,0.079915,-0.124625,0.084521,-0.339614,-0.007841,-0.047614,-0.339614,-0.319202,0.217205,-0.488724,0.109896,0.238181,-0.327873,-0.232503,-0.237213,-0.194518,-0.449304,-0.375495,-0.083488,-0.08004,-0.051338,-0.698054,0.173418,0.297676,-0.187537,-0.258241,-0.116129,-0.007075,-0.090342,0.094172,-0.054184,0.129311,-0.060672,0.177258,-0.012912,0.373066,0.256045,-0.134051,0.352485,0.263714,0.105595,-0.397835,-0.419281,0.179512,-0.29272,-0.291539,0.066723,-0.169398,-0.195345,-0.363202,0.259894,-0.117294,0.249484,-0.229517,-0.342944,-0.030552,0.235727,-0.633591,0.03066,-0.341696,-0.10638,0.255667,-0.128805,0.237839,-0.347189,-0.389896,-0.086193,-0.409233,-0.069561,-0.31726,-0.002065,-0.375906,0.016271,-0.047207,-0.086762,-0.548138,-0.016972,-0.035053,-0.389896,-0.019795,-0.214289,0.701757,0.273385,-0.28062,-0.269839,0.115024,-0.237418,-0.126427,-0.144457,0.046437,0.442035,-0.299839,-0.230848,0.128868,-0.108608,-0.473677,-0.123484,0.12403,0.410068,0.071154,-0.248895,0.053083,-0.151143,0.635069,-0.325789,0.337568,0.097621,0.099344,-0.29825,0.131698,-0.22497,-0.081223,-0.110008,-0.691274,0.18775,-0.298708,0.15369,0.057076,0.118512,-0.398134,-0.026763,0.25349,-0.048989,-0.115987,0.404593,#
10,0.292345,0.101275,-0.425316,0.030613,0.037349,-0.076348,0.407658,0.117661,0.156802,-0.273799,1.0,0.510755,0.086649,-0.106988,-0.272183,-0.289327,-0.164986,-0.404099,-0.076579,-0.424309,0.068586,0.135471,0.128826,0.260623,-0.27276,-0.018705,0.099393,-0.122118,-0.122657,-0.045887,-0.262946,0.365136,0.164188,-0.226644,0.406227,-0.019963,0.249125,-0.084776,0.004474,0.007969,-0.022751,0.361746,0.073027,0.020494,0.009758,0.291053,0.43504,0.363614,-0.020737,-0.13542,-0.031962,-0.114726,0.23441,-0.449001,0.253839,-0.007876,-0.063919,0.298064,0.037859,0.026429,0.096254,0.109561,-0.076609,0.279204,-0.335758,0.247292,-0.001263,0.193426,0.160594,-0.27478,0.235106,-0.157182,0.090707,-0.504546,-0.169314,-0.030146,0.006409,-0.22903,-0.287051,-0.040736,-0.213449,0.024977,-0.060646,-0.337326,-0.057933,0.096308,-0.265057,0.200107,-0.031681,-0.047176,0.070676,-0.044463,0.082503,-0.034478,-0.49101,-0.27305,0.342907,-0.295053,-0.191031,-0.273725,0.105943,-0.021403,-0.337556,0.153734,0.128369,-0.07099,0.087713,-0.114048,-0.131622,0.105277,-0.153325,0.052855,0.243383,-0.31409,-0.128698,-0.104253,-0.078611,-0.13686,0.380302,0.017235,0.000639,0.094961,0.019441,0.430043,0.018567,-0.357422,-0.226132,0.106923,-0.23883,-0.276953,-0.130373,-0.366693,-0.022981,-0.107766,-0.124846,-0.03375,-0.301119,-0.139328,-0.017614,-0.328783,-0.078493,0.13704,-0.067647,0.157168,-0.20462,-0.234763,-0.138938,0.193639,0.030132,-0.240399,0.324277,-0.496788,-0.226605,0.116739,-0.19239,0.091568,-0.140279,-0.047349,-0.073693,-0.17204,-0.054644,-0.087174,-0.126387,0.150023,-0.00848,-0.061403,-0.003762,-0.228085,-0.384431,0.061287,0.430601,-0.160514,0.219192,-0.364201,0.290772,-0.169331,-0.16556,0.133614,-0.010094,-0.143495,0.122227,0.149267,-0.35701,-0.091255,-0.048478,-0.114368,-0.244972,0.067425,0.145279,0.490299,-0.242559,0.407862,0.026202,-0.046277,0.217653,-0.238097,0.116023,-0.039664,-0.215359,-0.40569,#
11,0.621594,0.089613,-0.430962,-0.121561,-0.138163,0.092796,0.232188,-0.191936,0.148258,0.00026,0.510755,1.0,0.313539,0.175654,0.056582,-0.102226,-0.171981,-0.182594,0.095857,-0.24195,0.069993,-0.224681,0.116591,0.259098,-0.085142,-0.019547,-0.251152,-0.117626,0.211461,-0.047445,0.041858,-0.099195,0.153109,-0.222699,0.048325,-0.209165,-0.133039,-0.286799,0.186717,-0.197389,0.158359,0.375664,-0.102854,-0.024259,0.223567,0.131077,0.058678,0.304893,0.163004,-0.164224,-0.205384,-0.276184,0.234535,-0.460773,0.238525,0.075488,-0.036976,0.14037,-0.194116,-0.046213,-0.102229,0.093839,-0.410244,0.03634,-0.247736,0.054175,0.003453,0.074339,-0.242288,-0.238778,-0.114303,-0.074457,-0.138667,-0.170971,0.126883,-0.056319,-0.500295,-0.054723,-0.619,0.109265,-0.384232,-0.303384,0.088788,-0.361068,0.093811,-0.233819,-0.25539,-0.302038,-0.032463,-0.038007,-0.27948,-0.382499,0.090558,-0.233326,-0.175751,-0.272041,0.011435,-0.095799,0.003294,-0.081624,0.074375,-0.52046,-0.169711,-0.03426,0.109908,-0.06992,-0.23888,-0.109538,0.046102,-0.093006,0.003668,0.045206,0.255076,-0.137858,0.045593,0.075606,-0.266115,-0.149221,0.116062,-0.013559,-0.164336,0.052826,-0.13942,0.617194,-0.157836,0.050236,-0.409523,-0.147486,-0.399483,-0.269915,-0.494236,-0.531704,-0.351853,0.368096,-0.449967,-0.037163,-0.301054,-0.508262,0.25956,-0.49193,-0.081624,-0.203036,-0.070653,-0.225703,-0.294991,-0.439489,0.086941,0.261893,-0.493508,-0.240347,-0.00908,-0.31859,-0.406655,-0.074028,-0.217247,-0.095777,0.190492,0.229921,-0.065602,-0.172866,-0.231779,-0.256087,-0.123687,0.126015,-0.02918,0.104066,-0.007264,-0.014245,-0.38231,-0.240454,0.254582,-0.477879,0.223663,-0.074258,-0.043391,-0.337436,-0.16883,0.123014,0.142624,-0.478543,0.270117,-0.013766,-0.398769,-0.11118,0.305495,-0.330829,0.096797,-0.119512,-0.002963,0.321543,-0.585379,0.201435,0.192819,-0.068659,0.036889,-0.101544,-0.074104,-0.049409,-0.042763,-0.088157,#
12,0.387572,0.102679,-0.343569,0.109554,-0.411822,0.090283,-0.229933,0.086538,0.345852,0.272318,0.086649,0.313539,1.0,0.219814,-0.090913,0.186086,0.024042,-0.0524,-0.142432,-0.283676,0.024368,-0.073128,-0.249067,0.034236,0.163362,0.038002,0.238558,0.210685,0.018583,-0.035835,0.239867,-0.149154,0.343019,-0.032339,-0.184976,0.243321,0.01938,0.107702,-0.015767,-0.420064,0.065145,0.104886,0.093999,0.05968,0.162461,-0.102485,0.108533,0.071279,-0.031709,-0.015277,-0.1332,-0.186028,-0.096871,0.125657,-0.065309,-0.055128,-0.187113,-0.158061,-0.094367,-0.17206,0.10855,-0.399632,-0.274325,0.32761,0.062418,0.070013,0.173292,0.126161,-0.101752,-0.219916,0.02393,-0.013845,-0.167258,-0.014897,0.388389,-0.08615,-0.441435,0.247884,-0.13148,-0.107677,-0.264866,-0.112807,0.084154,-0.006396,-0.422121,-0.430364,-0.044852,-0.013223,0.014581,-0.021309,-0.243968,-0.238379,-0.044104,-0.18025,-0.054546,-0.089548,-0.106539,0.193336,-0.144551,-0.350537,0.248914,-0.355107,-0.052938,0.17239,0.317692,0.097084,-0.402847,0.08851,0.001938,0.217342,0.079898,-0.319115,0.216005,0.0022,0.03383,0.072624,-0.372388,-0.297456,0.015872,-0.282884,-0.191036,0.161486,-0.373575,0.203229,-0.189478,-0.181222,-0.153731,-0.10479,-0.203163,-0.23935,0.055937,0.1217,-0.098452,-0.177977,-0.382404,0.152552,-0.265802,-0.312058,0.327231,-0.302547,-0.052608,0.248613,-0.063431,0.178955,-0.292768,-0.187224,-0.157819,0.202842,-0.233607,-0.321125,-0.310126,-0.224242,-0.11024,-0.339078,0.238633,-0.686424,-0.045208,0.2513,-0.262402,-0.186833,0.087569,0.189493,-0.192903,-0.047877,-0.149022,-0.11043,-0.127172,-0.03741,-0.282892,-0.334425,-0.013402,-0.419891,0.038256,-0.119736,0.161815,-0.265892,-0.332849,0.234699,0.19959,-0.019793,0.145741,0.04757,-0.277338,-0.077737,0.592189,-0.273288,0.014508,0.046567,-0.085637,0.140172,-0.284312,0.214913,0.279117,0.045159,-0.048386,-0.166139,-0.061076,-0.22234,-0.269453,-0.175433,#
13,0.04945,0.323404,-0.122725,-0.327665,-0.30135,0.126075,-0.17098,-0.192348,0.299151,0.468467,-0.106988,0.175654,0.219814,1.0,0.070954,-0.174501,-0.059479,-0.057133,0.288542,0.147774,-0.058057,0.331316,0.100016,-0.109383,-0.290538,0.057969,-0.086009,0.095644,0.124309,-0.331393,0.223403,-0.053801,0.024725,0.234966,-0.259217,-0.142469,-0.104043,-0.052721,-0.262857,-0.407246,-0.095345,-0.19846,0.155663,-0.39308,-0.064269,-0.257751,-0.38341,0.100006,-0.131603,-0.245103,-0.255661,-0.172033,0.242448,0.209533,-0.182865,0.087497,-0.024282,-0.056806,-0.040392,-0.160536,0.138206,-0.299115,-0.186695,-0.103466,0.016664,-0.002661,0.214573,-0.152756,-0.452938,0.114742,-0.090827,-0.078084,-0.360278,-0.059442,0.20402,0.100104,-0.144878,0.103273,-0.156763,0.369713,-0.152016,-0.038669,0.079248,-0.063713,-0.115992,0.101112,-0.262785,-0.144427,-0.182306,0.020055,-0.050229,-0.202113,-0.045587,-0.21892,-0.178973,0.10626,-0.380864,0.316683,0.40787,-0.09037,-0.28966,-0.140212,0.002866,0.04503,-0.135242,-0.143556,0.281904,-0.193093,0.107115,-0.105158,0.350561,0.138363,-0.300684,0.064255,0.350805,0.252028,-0.492305,-0.286248,-0.133491,-0.008722,0.039883,0.33066,-0.327503,-0.202691,-0.349347,0.143801,-0.268177,-0.210476,-0.195298,-0.242091,-0.136518,-0.13319,-0.584921,-0.198122,-0.327128,0.322671,0.304476,-0.202539,0.190978,-0.32444,-0.129234,-0.247056,-0.284687,-0.257848,-0.087699,0.011293,-0.062768,0.120982,-0.018519,-0.036235,-0.298807,0.268378,-0.005642,-0.082597,0.009044,-0.479017,0.590322,0.513372,-0.123803,-0.16959,-0.030307,-0.191773,-0.051975,-0.128054,0.318198,0.611492,0.002546,0.196066,0.016059,0.255202,-0.062483,-0.351316,-0.247517,0.375949,-0.090822,-0.186463,-0.036345,-0.107468,0.48304,-0.262791,0.176747,-0.280411,0.14676,0.118183,0.031555,-0.208518,0.033479,-0.328026,-0.557252,0.291854,-0.264726,0.277237,-0.17723,0.042176,-0.032839,0.219564,-0.00366,-0.091653,-0.000168,0.193743,#
14,0.267826,0.048619,0.349898,-0.130947,0.039237,0.438508,0.415925,-0.224553,0.026887,0.223916,-0.272183,0.056582,-0.090913,0.070954,1.0,0.103482,0.381531,0.470612,0.096267,0.309985,-0.33338,0.067532,0.330872,0.118919,0.085638,0.425584,-0.311559,0.029428,0.071532,-0.253623,-0.082631,-0.187212,-0.021497,0.276622,-0.125802,0.093741,0.163392,-0.143029,0.156546,-0.169112,-0.279716,-0.303289,-0.151829,0.078608,0.447934,-0.06528,-0.156931,-0.310315,0.112218,-0.289864,-0.054519,-0.30766,0.049331,-0.254011,-0.292882,-0.100894,-0.222703,0.126089,-0.095218,0.091573,0.074356,0.303585,-0.168449,-0.272105,-0.35998,-0.356087,0.248425,-0.235273,-0.348691,-0.12056,-0.22272,0.103205,-0.271401,0.07443,-0.070202,-0.305789,-0.259859,-0.005329,-0.444528,0.299598,0.120835,-0.259431,-0.210516,0.086996,-0.0278,-0.178254,0.171887,-0.084828,0.111633,0.103939,-0.168877,-0.347407,-0.160369,-0.227242,-0.064944,-0.293681,-0.296637,0.045105,-0.241069,-0.069562,0.151331,0.108801,-0.22006,-0.243108,-0.19935,-0.021944,-0.170705,-0.196771,0.161219,-0.058487,0.059589,0.164246,-0.163935,0.158292,0.086268,0.143507,0.115309,-0.098106,-0.19242,-0.424964,-0.249222,-0.054848,-0.098417,0.189564,-0.205412,0.007685,0.150568,0.071729,-0.407982,0.012882,-0.272949,-0.03064,-0.369848,0.230462,-0.126944,-0.024,0.083865,-0.348661,0.120479,-0.231459,-0.061869,-0.264025,-0.450796,-0.140089,-0.121114,-0.039205,0.179841,0.229924,-0.419143,-0.0432,-0.253005,-0.309077,-0.138938,0.130457,-0.12969,0.31174,0.404809,0.363867,0.026548,0.241578,-0.028313,-0.305813,0.354224,-0.222163,0.229574,0.288927,-0.365793,0.177416,0.442283,-0.034725,-0.024853,-0.26484,0.165297,-0.010263,-0.084895,-0.262533,0.177427,0.056335,0.242974,-0.251799,0.087369,0.184381,0.237566,-0.300417,0.316885,-0.070864,-0.014747,-0.113828,-0.224359,0.029189,-0.327976,0.189812,0.042218,0.138367,-0.456897,0.252942,-0.107319,0.328312,-0.244334,0.156885,#
15,0.140334,0.070111,0.053607,-0.153409,-0.258535,-0.158633,-0.247223,0.208913,0.171046,0.208319,-0.289327,-0.102226,0.186086,-0.174501,0.103482,1.0,0.273243,0.183451,-0.492047,0.25031,-0.214338,0.062886,-0.179533,0.030891,0.311691,0.017763,-0.128214,0.095515,-0.017624,0.205035,-0.057577,-0.499867,0.145747,0.007721,-0.033987,-0.007887,0.175912,0.125654,0.180239,-0.035259,0.051225,0.049835,-0.124954,0.150981,0.19058,0.130068,-0.100055,-0.099813,-0.045177,0.377424,-0.046768,-0.382709,0.13841,-0.193734,0.12943,0.335165,0.333421,-0.328356,-0.064868,-0.030489,0.296241,0.102256,0.135859,0.069626,0.133159,0.08414,-0.277991,-0.0269,-0.232739,-0.364823,0.166232,0.12334,0.272234,0.391912,-0.011601,0.150156,-0.25413,0.048299,0.032128,-0.382668,-0.16883,-0.14126,-0.091614,0.209059,-0.303192,-0.497477,0.237064,-0.098993,0.029996,0.019609,-0.420868,-0.15564,0.134371,0.069079,-0.085248,0.145246,0.045857,0.029786,-0.134907,0.145689,-0.115897,-0.003862,-0.087583,-0.133534,-0.051846,0.293648,-0.295595,0.122945,0.168636,-0.075667,-0.045329,0.040936,0.225578,0.561747,-0.38334,-0.285422,0.128722,-0.303626,0.017723,-0.471252,-0.45818,-0.021246,-0.339199,-0.079978,-0.018208,-0.214791,-0.091664,-0.007541,0.050548,-0.029587,-0.0473,0.187778,-0.210844,0.018878,0.034861,-0.001345,-0.2073,-0.125867,-0.234068,0.099637,0.145689,0.190796,-0.084844,0.153534,-0.129478,-0.031243,-0.244932,0.281785,0.008257,0.200884,-0.133534,0.134335,0.230492,-0.315378,-0.069067,-0.11877,0.051233,0.095846,0.045455,0.121089,-0.179985,-0.2308,-0.028555,0.136795,-0.131746,-0.276451,-0.280602,0.1897,0.050405,-0.165572,-0.182095,0.009495,0.3408,0.189881,0.147123,0.186515,0.268205,0.007179,0.090098,-0.103527,-0.012668,-0.083409,0.39895,-0.070451,-0.07102,0.195169,0.337008,-0.196466,-0.216251,0.027167,0.056286,-0.045114,-0.031561,0.333054,0.132166,-0.058451,-0.108192,-0.071927,0.285441,0.100122,#
16,0.147956,0.255659,0.094662,-0.292153,0.020901,0.054882,0.197579,0.119379,0.008266,0.046585,-0.164986,-0.171981,0.024042,-0.059479,0.381531,0.273243,1.0,0.195892,0.12027,0.164813,-0.08966,0.367566,-0.072107,0.248732,0.07112,0.16225,-0.181065,0.399583,-0.137813,0.16788,-0.217882,-0.10939,-0.035018,0.319478,-0.10331,0.131778,0.222499,-0.110574,0.085082,0.010724,-0.367366,-0.308191,0.083622,0.070591,0.370871,0.27861,0.083102,-0.178409,0.130101,0.207136,-0.056896,-0.31771,-0.238429,0.070146,-0.268692,0.030627,0.013516,-0.077719,0.339938,0.067086,0.079434,-0.070349,-0.088201,-0.189745,-0.059272,-0.070346,0.198523,-0.192513,-0.114671,0.088292,0.208654,0.017328,0.102313,0.200219,-0.201936,-0.006897,-0.15266,-0.422373,-0.14096,-0.190154,-0.036363,-0.125949,-0.225908,0.044946,-0.043139,-0.390373,0.261131,0.0051,0.155993,0.127085,-0.085886,-0.062281,-0.266843,0.020369,0.032732,-0.276871,-0.10268,-0.300064,-0.381078,-0.261425,0.024042,0.124857,-0.15021,0.172585,-0.19695,-0.056508,-0.228022,-0.100207,0.053508,-0.271725,-0.163935,0.206478,-0.079768,0.217359,-0.49175,-0.229717,-0.097057,-0.330366,-0.279826,-0.345123,-0.337724,0.071705,-0.27153,0.016998,-0.013747,-0.139951,-0.05238,0.13887,-0.036433,-0.111936,-0.296168,0.128962,-0.183087,-0.082962,-0.131577,0.311337,0.218982,-0.136213,0.042192,-0.168726,-0.268708,-0.008957,-0.254141,-0.074276,-0.207152,0.093904,-0.133051,0.230788,0.046805,-0.240381,0.006083,0.083171,-0.008871,0.131878,0.049553,-0.078762,0.034616,0.564889,0.104823,0.166858,-0.176093,-0.084584,0.062781,-0.224666,-0.138474,-0.015237,-0.186492,0.306592,0.134622,0.0635,0.128092,-0.388444,0.238794,-0.069354,0.149272,0.017912,0.033153,0.519633,0.205581,-0.34203,0.336727,0.010248,0.482166,0.260389,0.347422,0.209519,0.158065,-0.295777,-0.353028,0.385139,-0.238657,0.024593,0.229109,0.347002,-0.067658,0.117118,0.061216,-0.044175,0.090357,-0.046679,#
17,-0.192215,0.15297,0.6026,-0.060262,-0.315564,0.20576,4.6e-05,-0.159397,0.091261,0.26332,-0.404099,-0.182594,-0.0524,-0.057133,0.470612,0.183451,0.195892,1.0,-0.115283,0.513735,0.13535,-0.035659,0.212946,-0.155374,0.171602,0.086883,-0.009356,0.18133,-0.106514,-0.265093,0.218278,-0.273026,-0.079122,0.340151,-0.231185,0.229803,0.087349,0.061353,0.062206,-0.274271,0.043756,-0.008524,-0.202927,0.054376,0.3923,-0.017307,-0.383501,-0.373468,0.185712,-0.273501,-0.031674,-0.033064,0.255671,0.073993,-0.21045,0.077407,0.096701,-0.164138,-0.309703,0.31087,0.017734,0.114408,-0.118195,-0.307295,-0.058327,-0.229828,0.082527,-0.115093,-0.334167,0.202516,-0.341217,-0.361793,-0.177863,0.321362,-0.13008,-0.271794,0.015562,0.163872,-0.044854,0.196984,0.347177,-0.044854,-0.259749,0.675631,-0.024668,0.076804,0.221753,-0.068702,0.153136,-0.108359,0.32188,-0.152807,-0.284061,0.303214,0.377971,0.081297,-0.440225,0.368993,-0.090139,0.020161,-0.279096,-0.171968,0.189239,0.292212,0.316446,0.109361,0.083319,0.26375,0.21932,-0.180492,0.058547,-0.114794,-0.205947,0.406945,0.102835,0.098959,-0.036087,-0.19354,-0.052597,-0.207431,-0.096308,0.040166,0.102314,-0.082469,-0.115183,-0.060417,0.481399,0.086799,0.072115,0.16967,0.129456,0.530879,-0.166903,-0.073233,-0.006229,0.218829,0.032541,0.25097,-0.131576,0.002351,-0.200326,0.152103,-0.412646,-0.279981,0.077254,0.171429,0.086327,-0.309394,0.025718,0.220921,-0.43957,-0.141673,0.348312,0.020161,0.008124,0.228822,0.334641,0.050676,-0.14408,0.157678,0.484611,-0.230227,0.053827,0.23361,0.351763,0.055238,0.0624,-0.000891,0.375114,-0.082305,-0.260221,-0.174326,0.144005,-0.191784,-0.375461,0.085031,0.289485,-0.146318,0.289958,-0.040829,0.026384,-0.16355,0.050908,-0.43481,0.123977,0.360876,-0.037397,-0.130774,-0.3368,-0.079906,0.179403,-0.369826,-0.323738,-0.062743,-0.38803,0.018196,-0.123257,0.327895,-0.061244,0.492029,#
18,-0.125576,0.138775,-0.189664,-0.085787,0.443292,0.181628,0.092901,-0.262494,-0.167772,-0.112894,-0.076579,0.095857,-0.142432,0.288542,0.096267,-0.492047,0.12027,-0.115283,1.0,-0.255762,0.310657,0.071313,0.189604,-0.181543,-0.135723,0.007602,-0.028709,-0.064128,0.280688,-0.010782,0.031093,0.109922,0.175962,0.114834,0.103373,-0.265615,-0.272491,-0.072129,0.089208,-0.050455,-0.007034,-0.268199,-0.036573,-0.440447,-0.259957,-0.065883,-0.221716,-0.058858,-0.026082,-0.197476,0.018824,0.145111,-0.193452,0.205304,0.111381,0.068516,-0.428885,0.300288,0.072845,0.031791,-0.178453,0.036316,-0.190992,-0.337989,-0.034891,0.148747,-0.005653,-0.066257,0.062063,0.187764,-0.219692,0.082894,-0.147046,-0.103863,-0.114253,0.037731,0.224762,-0.210448,-0.04727,0.005751,-0.131237,-0.04727,0.149423,-0.261901,0.158495,-0.019,-0.375903,0.180101,-0.30424,-0.222226,0.170518,0.165844,0.078569,-0.19274,0.221657,-0.1854,-0.039002,-0.058999,-0.01159,0.084272,0.066933,0.004832,-0.118243,-0.093623,-0.238657,-0.366803,-0.197036,-0.086422,-0.140819,-0.336246,-0.069744,0.230885,-0.550826,-0.154706,0.067592,-0.025779,-0.17683,0.224599,-0.1804,0.041584,-0.079023,-0.381289,-0.03356,0.147591,-0.193471,0.082684,-0.170697,0.052806,-0.359403,-0.144488,-0.14699,-0.258191,-0.101175,-0.054088,-0.08464,0.185087,0.483141,0.140748,0.364558,-0.114601,-0.121527,-0.181514,0.044695,-0.291838,0.057954,-0.173562,0.05368,-0.062547,-0.139661,-0.008806,0.249082,-0.081108,0.141881,0.03678,0.11579,-0.115182,0.130007,0.157393,-0.23202,0.100202,-0.031607,-0.044306,0.232879,-0.263304,0.051525,0.34934,0.397699,0.105174,0.051117,0.05971,0.178889,-0.307464,-0.178882,-0.07694,-0.252288,-0.2671,-0.196298,0.257466,0.252993,-0.086699,0.386631,-0.225555,-0.199509,0.208061,0.196696,-0.24935,-0.295697,0.071239,0.082629,-0.048806,-0.152611,0.15781,0.086542,-0.126074,-0.070404,0.05218,-0.23964,0.010602,-0.338641,-0.304634,#
19,-0.199759,0.176613,0.3375,-0.17509,-0.036504,0.017002,0.078305,-0.033624,0.208708,0.316557,-0.424309,-0.24195,-0.283676,0.147774,0.309985,0.25031,0.164813,0.513735,-0.255762,1.0,-0.01392,-0.085857,0.179445,-0.114026,-0.381401,0.054498,-0.202833,0.110141,0.083005,-0.266053,0.276595,-0.161941,0.019536,0.100424,-0.325519,0.100108,0.04042,-0.314446,-0.216476,0.093763,0.005747,-0.153846,-0.211351,0.004558,0.065231,-0.024013,-0.467216,0.047395,0.019652,-0.041947,-0.191422,-0.082366,0.120417,0.166029,-0.257392,-0.170396,0.170072,-0.306286,-0.012646,0.17493,-0.163277,-0.200398,0.080466,-0.078218,0.231415,-0.507054,0.002181,0.13807,-0.438929,0.265775,0.02978,-0.247134,-0.050257,0.16413,-0.336488,0.204185,-0.19782,0.145857,-0.132258,0.311438,0.100415,-0.001614,-0.121278,0.492082,-0.059967,0.062382,0.346824,-0.296592,0.286945,0.064876,-0.006349,-0.173186,-0.236029,0.359809,0.254037,0.079875,-0.192657,0.320431,0.359809,0.230837,-0.506232,0.000826,0.382984,-0.135305,0.044821,0.409613,0.24795,0.105719,0.241082,-0.178452,0.30769,-0.028039,-0.207323,0.263074,0.100488,0.266058,-0.188582,-0.299755,0.125388,-0.192192,-0.202896,0.355404,0.179116,-0.338964,0.042384,0.300977,0.285225,-0.127204,0.345035,0.038077,-0.035102,0.31913,-0.195707,-0.064331,0.047844,0.193243,0.034658,-0.038761,-0.112221,0.063414,0.014377,0.074924,-0.194066,-0.044515,-0.140991,0.248397,0.170025,-0.069694,0.10027,0.43094,-0.472893,0.208493,0.330805,0.230837,0.001946,0.242819,0.47929,0.267118,0.023748,0.162841,0.289535,-0.069184,-0.050199,0.19134,0.1502,0.252343,0.028274,0.28823,0.49412,0.133348,-0.201951,0.154768,-0.139316,0.249103,-0.332406,0.103906,0.564876,-0.454999,0.235011,-0.127347,-0.145535,-0.362122,0.426606,-0.199218,-0.274157,0.050052,0.25434,-0.240414,-0.371232,0.208609,0.145857,-0.323155,-0.397122,0.446364,-0.143533,0.058366,0.072756,0.100155,0.197704,0.7917,#
20,-0.260879,-0.161944,0.011722,0.25661,-0.102504,-0.363781,-0.194591,-0.029287,-0.197556,-0.3596,0.068586,0.069993,0.024368,-0.058057,-0.33338,-0.214338,-0.08966,0.13535,0.310657,-0.01392,1.0,-0.218597,-0.127932,-0.157802,-0.219916,-0.208226,0.230431,0.276837,-0.211543,-0.148622,0.236759,0.053255,0.459929,0.194404,-0.072618,-0.333585,-0.398983,0.167772,0.123641,-0.157765,0.173523,0.047852,-0.336259,-0.160106,0.077612,0.042492,-0.121626,-0.167134,-0.239389,-0.362115,0.038857,0.346331,-0.21719,0.292093,0.203511,0.1442,0.145445,0.333921,-0.270761,0.070146,-0.537185,-0.228551,0.122347,0.200342,0.065102,0.360109,0.259696,0.184069,0.2639,0.394696,-0.0015,-0.459064,-0.10298,0.162964,-0.1145,-0.345967,0.053251,0.202321,0.27354,0.043681,0.187272,0.423501,0.524665,0.149795,0.178376,-0.009127,0.053858,0.282991,0.019621,0.023858,0.461906,0.385886,0.328525,0.373552,0.446481,0.317008,0.274233,0.08826,-0.045515,0.356484,-0.242706,-0.283158,0.431979,0.287492,0.292473,0.336888,0.000412,0.434298,0.143031,-0.028579,-0.097666,-0.287133,-0.124952,0.137259,0.162599,0.382627,0.158128,0.102013,-0.134586,0.311983,0.228505,-0.102663,0.107977,0.103984,-0.147816,0.108009,0.182825,-0.020833,0.324143,0.126127,0.228893,0.212716,0.222132,-0.090111,0.282073,0.38309,-0.027207,0.461413,0.002937,0.273956,0.1526,0.526377,0.163927,-0.232823,0.175918,0.010096,0.347676,-0.518478,0.152081,0.397283,0.115599,0.033768,0.442715,0.160442,0.292112,-0.028623,-0.143292,-0.280288,-0.134366,0.061703,0.387442,0.34265,0.156244,0.166251,-0.025591,-0.198097,0.652461,-0.086142,0.209731,-0.221103,0.214107,-0.266195,-0.153052,-0.377207,-0.60566,0.334823,-0.092191,0.02091,-0.083057,0.267046,-0.281979,-0.306705,-0.338018,-0.172298,-0.097242,0.047149,-0.091772,0.002383,0.061306,-0.222878,0.378928,-0.379768,-0.376982,-0.269518,0.260323,-0.418791,-0.578248,-0.074556,-0.051099,-0.161548,#
