0,1.0,0.259692,-0.304846,-0.101524,0.598468,0.282072,-0.311615,-0.185814,-0.122497,0.439519,0.424977,0.003371,0.427162,0.33638,0.02779,0.3242,-0.023999,-0.190193,0.015619,-0.309949,0.146646,-0.187561,0.159448,-0.172591,-0.157742,-0.141789,0.034229,-0.084791,0.182551,0.512733,-0.519425,0.405391,0.068442,-0.278433,-0.011591,-0.215431,-0.311399,-0.17767,0.068754,-0.165001,0.051288,0.205787,-0.367728,0.039801,-0.065084,-0.106193,-0.151282,-0.099827,-0.031788,-0.206742,0.023688,-0.039854,-0.041809,-0.106958,0.426835,0.257948,-0.511744,0.359595,-0.186053,-0.115617,0.122716,-0.131948,-0.282423,-0.50416,0.313344,0.237725,0.06199,0.299847,0.246797,0.30637,-0.373965,0.226426,0.142101,-0.442391,-0.280966,0.143857,-0.446145,-0.120699,-0.178594,-0.419528,-0.269554,-0.354584,-0.102613,-0.033911,-0.455329,-0.170032,-0.354025,-0.13286,-0.297219,-0.308064,0.135605,-0.726394,-0.193968,0.007822,-0.291572,0.186944,0.184767,-0.026788,-0.407774,-0.169577,0.109469,-0.478792,-0.281212,-0.114164,-0.27898,-0.158241,-0.042433,-0.147057,-0.189975,0.183754,-0.114306,-0.184573,0.143618,-0.407774,-0.435456,-0.159321,0.187263,0.094201,-0.138502,-0.098169,-0.610596,-0.31161,-0.398238,0.150171,0.160868,-0.184835,-0.280194,0.006001,0.29205,-0.519953,-0.455477,-0.218108,-0.517892,-0.374706,-0.367123,-0.189382,-0.147389,-0.34275,-0.446141,-0.743722,-0.40791,-0.325676,-0.519914,-0.09792,0.064881,0.161216,-0.185108,0.350606,-0.241866,-0.407722,-0.611632,-0.250796,-0.342637,-0.159613,-0.187624,-0.262552,-0.11995,0.166048,-0.360263,-0.51897,-0.355402,-0.217157,0.080967,-0.068831,-0.295815,0.322901,-0.089839,0.265439,-0.442937,-0.263586,0.048116,0.160363,-0.264329,0.028403,0.483146,-0.231638,-0.218108,0.21585,0.279015,0.054652,0.470192,0.183557,0.13393,0.395194,0.298475,-0.322939,0.182625,-0.41686,0.201245,0.352583,-0.486194,0.205228,0.378909,0.152373,-0.285507,-0.309464,0.253541,-0.423207,-0.168456,-0.087117,#
1,0.259692,1.0,0.065984,-0.325316,0.213132,0.046341,0.133212,-0.404267,0.07395,0.442155,0.204438,0.325058,-0.003138,0.5217,0.298037,-0.249728,-0.249654,0.224698,-0.001361,-0.129546,-0.065954,0.007309,0.360069,-0.174342,0.036232,-0.143498,0.241427,-0.292436,0.197664,0.297145,-0.530661,-0.073159,-0.182827,-0.296713,-0.236103,0.078111,-0.101916,-0.186194,-0.342557,0.151394,-0.167958,0.076232,-0.372562,0.185333,-0.06885,-0.100213,0.127794,0.348989,-0.284131,0.333011,-0.194935,-0.614583,0.189728,-0.363597,0.038445,0.031272,-0.21457,0.310767,0.189388,0.086718,0.122129,0.594986,0.258939,-0.048723,0.005921,0.229528,-0.215392,0.048303,0.238198,0.221684,-0.099535,-0.018406,0.149816,-0.266263,-0.281863,0.106307,-0.265021,-0.115366,-0.422534,-0.012869,0.118928,-0.391715,-0.314386,-0.221467,0.147815,0.040477,-0.348898,-0.306011,0.313611,-0.129733,-0.128476,-0.120721,-0.228067,0.24078,0.10182,-0.219753,0.185207,0.0037,-0.006997,-0.199543,0.273012,-0.294883,-0.054377,-0.150663,-0.279882,-0.153026,-0.038201,-0.608034,0.175891,-0.22248,0.217091,-0.184499,-0.454426,-0.006997,-0.18597,0.025416,-0.397559,-0.221938,-0.136806,-0.295939,-0.032174,-0.311485,-0.190583,-0.231757,0.160804,-0.003917,0.137532,0.268619,0.208874,-0.305247,0.010962,-0.21802,0.117127,-0.374556,-0.135362,-0.37412,-0.14733,-0.113735,-0.24871,-0.47553,-0.191391,-0.037901,-0.306173,-0.092815,-0.332547,-0.44687,0.021049,0.323873,-0.014759,-0.009311,-0.430135,-0.252369,-0.152024,-0.154429,-0.183862,-0.040293,0.241537,0.333942,-0.077182,0.047578,-0.106666,-0.390833,0.079587,0.159086,0.317294,0.315157,-0.096149,-0.22695,-0.442759,-0.442214,-0.240754,0.163891,-0.262792,-0.173333,-0.152668,0.099073,-0.21802,0.204574,0.25265,-0.133479,0.453531,-0.029191,-0.081414,0.166085,0.290795,-0.376902,0.383628,-0.050146,-0.185249,0.339657,0.042318,0.180058,0.169898,0.131138,-0.099908,-0.30934,-0.155556,-0.288693,-0.479534,-0.310812,#
2,-0.304846,0.065984,1.0,0.334569,-0.019623,-0.323262,-0.132431,0.25014,-0.052816,-0.38224,0.160472,0.08813,-0.159402,-0.190195,-0.174427,-0.367677,0.072545,0.203161,-0.302952,0.179763,0.057341,0.08202,0.202179,0.152177,0.546461,0.360545,-0.09543,-0.155728,0.07396,-0.358155,0.175516,-0.054921,0.162184,0.096038,-0.182454,0.164099,0.200753,-0.072488,-0.219618,-0.032732,0.013662,-0.083448,-0.073892,-0.345357,0.427418,-0.131472,-0.417708,0.073404,-0.046824,0.020765,-0.166765,0.22149,0.144999,0.237778,-0.032422,-0.151089,-0.013757,-0.008537,0.28201,0.115872,0.001546,-0.054442,0.136489,0.143028,0.09035,0.255622,-0.037299,-0.008549,0.085784,-0.350961,0.049469,-0.423113,-0.138707,0.049259,0.342345,0.216462,0.101475,0.144134,0.051768,0.049229,0.439495,-0.040139,0.052809,0.111403,0.167678,-0.063888,0.286241,0.046668,0.067532,-0.095977,0.159441,0.016311,-0.077605,-0.102314,-0.017256,-0.093292,0.282619,0.283839,0.460092,0.112384,-0.224491,0.451048,0.274196,0.447926,-0.265557,0.040064,0.207658,0.15433,0.1271,-0.064963,0.265902,-0.115572,-0.091836,0.277274,0.437996,0.130945,-0.09084,0.05575,0.12156,0.151886,0.216403,-0.117638,0.582812,0.05396,0.102494,0.018979,-0.024404,-0.292298,-0.129985,0.208563,-0.156102,-0.218166,0.397383,-0.110007,0.323092,-0.092105,-0.011409,0.162624,0.121202,0.1446,-0.004011,0.519998,0.046692,0.09369,0.161887,0.177846,0.020005,-0.285044,0.313953,0.104501,0.161677,0.114849,0.137357,0.037867,0.412747,-0.117022,0.199881,0.215787,0.278923,0.369649,0.607657,0.218523,0.197773,0.052563,0.043108,-0.033251,0.259906,-0.33278,0.201116,0.071462,0.046299,-0.155948,-0.122515,0.254304,-0.461851,0.364242,-0.014915,-0.195548,-0.268679,0.039486,-0.284356,-0.260812,-0.096327,-0.253801,-0.103482,0.027647,0.095928,-0.309869,0.349698,-0.212509,0.30488,0.180346,0.221047,-0.03589,0.051135,0.270091,0.115117,-0.144975,-0.149827,-0.127934,#
3,-0.101524,-0.325316,0.334569,1.0,-0.053565,0.030443,-0.297322,0.410861,0.155664,-0.136438,0.136909,-0.0132,-0.168671,-0.375209,-0.035489,0.049128,0.070961,0.191541,-0.462703,0.181522,0.032714,-0.239768,-0.174142,0.004592,0.394641,0.361908,-0.522737,-0.126357,-0.140215,-0.022161,0.519818,0.265073,0.371588,0.116822,0.204652,0.162702,0.233132,-0.016176,0.116155,-0.128806,0.091799,0.025263,-0.125205,-0.294527,0.402963,-0.130824,-0.300675,-0.429701,0.328588,-0.2673,0.19933,0.425118,-0.020013,0.393527,0.113794,-0.013087,0.255213,-0.02836,-0.309893,-0.406708,0.001441,-0.056688,0.044325,-0.233847,-0.109327,-0.053328,0.419228,-0.293215,-0.184474,-0.502304,-0.129737,0.077574,0.094044,0.018363,0.515966,0.167985,0.085168,0.141947,0.014034,0.033488,0.100766,0.303737,0.037311,0.268672,-0.164535,-0.40858,0.116882,-0.118388,0.039864,0.036978,0.355168,0.002816,0.285076,-0.282657,-0.196974,-0.138414,-0.184418,-0.118691,0.306892,0.299235,-0.269018,0.441394,0.261224,0.487811,0.115051,0.196317,-0.036879,-0.056819,0.313684,0.275573,-0.317104,0.081921,0.372269,0.111526,0.187445,0.433999,0.361592,-0.016011,0.165715,-0.079467,0.049054,0.215892,0.373737,0.340951,0.177136,0.015884,-0.190558,-0.119312,-0.278756,0.183205,-0.003935,-0.219464,0.074927,-0.127992,-0.242069,0.041755,-0.034923,-0.036599,-0.076708,0.138384,-0.044102,-0.257573,0.168251,0.141835,0.071306,0.0974,0.170632,-0.025355,0.297267,0.108921,0.159291,0.098224,-0.013046,-0.131366,0.385827,0.184017,-0.115714,-0.142463,-0.227402,0.054789,0.09012,0.510067,-0.119199,0.043802,0.015361,-0.375098,0.109767,-0.169691,0.179595,0.194077,-0.193928,-0.464583,0.047561,-0.167416,-0.001764,0.292439,-0.452916,0.125293,-0.136221,-0.015839,-0.472772,0.185143,-0.31409,-0.262135,0.015409,0.215545,-0.427051,-0.14291,0.243549,-0.281343,-0.235804,0.138262,0.159765,0.273012,-0.315429,0.067973,-0.246787,0.435904,0.177386,0.04612,#
4,0.598468,0.213132,-0.019623,-0.053565,1.0,0.287904,-0.162469,-0.120158,0.127834,0.225565,0.307456,0.228992,0.193853,0.405087,-0.113532,0.390396,-0.195893,0.003833,0.20925,-0.356094,0.08582,-0.29625,0.449645,-0.040909,0.073971,-0.276035,0.182773,-0.31683,0.30036,0.106948,-0.321791,0.442318,0.128794,-0.119857,-0.219986,-0.122733,-0.154135,-0.027313,0.148358,-0.231426,0.391746,0.0174,-0.032728,0.033978,0.070998,-0.231436,-0.052176,0.241271,0.074452,-0.11809,0.282541,-0.098115,0.521783,-0.058558,-0.117977,0.180001,-0.376096,0.486105,-0.054898,0.013867,-0.090646,0.07354,-0.146766,-0.214322,0.306795,0.425202,0.117937,0.467095,0.278446,0.348648,-0.402907,0.069882,0.229246,-0.376446,-0.256302,0.147194,-0.238004,-0.423827,-0.147567,-0.171174,-0.129458,-0.427006,-0.222272,0.33878,-0.203623,-0.104819,-0.14361,-0.391321,-0.141163,-0.387674,-0.033986,-0.506075,-0.217422,0.036407,-0.29413,-0.026722,0.081673,-0.151641,-0.181797,0.019681,0.290433,-0.248606,-0.245587,0.274406,-0.260687,-0.317229,0.127558,-0.074907,-0.047027,0.298873,0.146496,-0.026524,0.240208,-0.16841,-0.134777,-0.296977,-0.033503,0.161512,0.293233,-0.439102,-0.174137,-0.505102,-0.348628,-0.118145,0.240402,-0.220102,-0.073608,0.05257,0.180741,-0.523113,-0.331567,-0.145383,-0.357936,-0.438917,-0.036878,0.06367,-0.238909,-0.214444,-0.271974,-0.506724,-0.496673,-0.041687,-0.686867,0.033867,0.116253,0.109962,-0.179874,0.54365,-0.463925,-0.34424,-0.335696,-0.261129,0.133698,-0.312372,0.015458,-0.25604,-0.053285,0.416865,-0.084737,-0.370844,-0.148371,-0.387735,0.261417,-0.081612,-0.137616,0.227974,-0.126695,-0.130542,-0.221717,-0.068805,0.017615,0.312224,-0.094845,-0.148226,0.380949,-0.137128,-0.128037,-0.062613,0.027703,0.221743,0.605499,0.058706,-0.316433,0.265541,-0.063925,-0.151318,0.139427,-0.331044,-0.063216,0.336325,-0.233871,-0.12635,0.396422,0.500897,-0.484019,0.020669,-0.051674,-0.230249,-0.093011,0.001574,#
5,0.282072,0.046341,-0.323262,0.030443,0.287904,1.0,0.231415,-0.250281,0.198068,0.258485,0.245557,-0.243728,0.391156,0.292457,-0.022743,0.189341,0.237561,-0.038139,0.139316,-0.281558,0.095662,0.08355,0.374061,-0.307307,-0.233375,-0.532759,-0.215972,-0.347428,-0.021418,0.032482,0.126028,0.380968,-0.273517,-0.054151,-0.118359,-0.322166,0.084917,-0.065109,0.211077,-0.503098,-0.041578,0.300751,0.076044,0.014195,-0.296536,-0.41734,0.162098,-0.216165,0.400515,0.02065,0.259765,-0.140779,0.1739,-0.235105,0.166845,0.543723,-0.166367,0.295966,-0.30873,-0.129639,0.224047,0.071469,-0.066484,-0.253815,0.177553,0.179459,-0.089348,0.285199,0.046113,0.065636,-0.204385,0.140327,0.009209,-0.498289,-0.28587,0.16439,-0.145786,-0.326183,-0.362873,-0.076001,-0.223831,-0.283381,-0.131089,0.375061,-0.310386,-0.029024,-0.193754,-0.268714,0.129383,-0.271133,-0.049159,-0.053984,-0.277218,0.456924,0.100695,-0.069715,0.060302,-0.231489,-0.104869,-0.047566,0.387105,-0.335162,0.018822,-0.348827,-0.05689,-0.560354,0.006653,-0.387256,-0.453401,0.046703,-0.029694,-0.029515,0.218632,-0.27532,-0.028729,-0.362677,-0.098892,-0.126903,-0.007145,-0.232189,-0.091188,0.257631,-0.394052,-0.37107,0.208173,-0.088866,0.171841,0.384903,0.276303,-0.435498,0.009072,0.119712,-0.386995,-0.071415,0.059051,-0.228644,0.072923,-0.335281,-0.037773,-0.269776,-0.1041,-0.120341,-0.131089,-0.003699,0.102798,0.08166,-0.423521,0.587665,-0.291162,0.042931,-0.108252,-0.084595,0.192895,-0.38985,-0.212375,-0.021013,-0.126129,0.129452,-0.147451,-0.280435,-0.162689,-0.098015,-0.120107,-0.014313,-0.027113,0.464141,0.093704,-0.165525,-0.189016,-0.178124,-0.127442,0.182604,0.301537,0.003941,0.315317,-0.159385,-0.326169,0.36971,-0.044549,0.039598,0.315536,0.160177,-0.024538,0.206784,-0.273765,-0.18504,0.035505,0.09991,-0.289509,0.127591,0.068175,-0.252325,-0.157806,0.282258,-0.098105,0.039033,0.004124,0.005146,-0.043827,-0.102797,#
6,-0.311615,0.133212,-0.132431,-0.297322,-0.162469,0.231415,1.0,-0.317142,0.129365,-0.230132,-0.13655,-0.112839,0.163263,0.099906,0.110163,-0.418258,0.147701,-0.014249,0.109114,0.063407,0.036629,0.609677,-0.146935,-0.227577,-0.088985,-0.409985,0.049969,-0.101515,0.150693,-0.427511,0.040476,-0.30242,-0.228046,0.111194,-0.363606,-0.268607,0.202679,0.254466,-0.237847,-0.19058,0.104383,0.298683,0.189728,0.231676,-0.176715,-0.046304,0.217002,0.036262,0.298782,0.360444,-0.119426,-0.21059,0.057767,-0.589926,-0.337939,0.257446,0.152532,0.187259,0.236351,0.34648,0.201581,0.152251,0.35613,0.284039,-0.118275,0.057022,-0.268666,-0.071439,-0.046261,0.298086,0.288454,-0.151422,-0.229987,-0.360877,-0.321456,-0.357365,0.088032,-0.024735,-0.26662,0.165446,0.118863,-0.171339,0.065956,0.034826,0.277217,0.379851,0.394156,0.090635,0.254195,-0.087214,-0.008872,0.446839,0.033742,0.468388,0.5071,-0.194872,0.057114,-0.184989,0.225044,0.022246,0.300471,-0.264297,-0.067413,-0.253968,0.11841,0.117697,-0.040579,-0.095216,0.050983,-0.145608,0.163522,-0.230132,-0.027578,0.044543,0.368433,-0.124585,-0.195205,-0.114668,0.317551,0.081215,0.530439,0.015151,-0.054539,-0.171869,-0.228269,0.326634,0.276339,0.35302,0.281725,0.093974,0.169236,0.44787,0.105022,0.291711,0.400935,0.11399,-0.18377,0.165898,0.169375,0.262326,0.240101,0.323811,0.276136,0.268327,0.22075,0.069223,0.169647,0.179971,0.112902,0.410766,0.139959,0.323394,0.319665,0.294558,0.153898,0.184204,0.213575,-0.047805,0.057172,0.260532,0.280749,-0.001137,0.062714,0.188138,0.05564,0.129649,0.298069,-0.277728,-0.003124,0.009951,-0.05993,0.045817,0.530111,0.174432,-0.101028,-0.109318,0.22334,-0.346605,-0.101099,0.145635,0.080346,-0.001645,0.074004,-0.089083,-0.269434,0.038764,0.10741,0.150389,-0.399684,-0.263934,0.203539,0.083798,-0.354781,-0.258687,0.084037,0.181518,-0.143531,0.178007,-0.160966,0.226628,#
7,-0.185814,-0.404267,0.25014,0.410861,-0.120158,-0.250281,-0.317142,1.0,-0.086636,-0.298677,-0.055746,-0.118271,-0.10547,-0.469851,0.270123,0.18026,0.242993,-0.077514,-0.201464,0.254706,-0.030705,-0.039591,-0.363584,0.25367,0.532493,0.195028,-0.206296,0.084635,-0.129019,-0.249964,0.35664,0.145464,0.237709,-0.005442,0.270532,0.231959,0.048127,-0.066372,0.346238,0.110886,-0.257957,-0.28161,-0.000923,-0.234141,0.531415,-0.161092,-0.192513,0.114162,-0.033996,-0.581331,0.306234,0.3391,-0.089032,0.175303,-0.064532,-0.265346,-0.122422,-0.130436,0.166899,-0.210474,-0.382066,-0.2806,-0.499482,-0.096123,-0.435603,-0.164188,0.26728,-0.291428,-0.127106,-0.285471,0.018219,0.072639,0.191547,0.232082,0.400743,0.17908,0.064747,0.134154,0.024867,-0.042848,-0.005719,0.302948,0.096651,0.21349,0.035741,-0.07845,0.069134,0.083147,0.009545,-0.013095,0.275148,0.065057,0.123852,-0.604921,-0.111215,-0.354364,-0.093944,-0.032542,0.108212,0.201249,-0.155311,0.432811,0.475001,0.276156,-0.013481,0.234695,0.108502,0.313701,0.123905,-0.022387,-0.202123,-0.044935,0.288464,0.175587,-0.159594,0.370481,0.475344,-0.10128,-0.009618,0.056465,0.014393,0.245701,0.223383,0.456693,0.143784,-0.160696,-0.45341,-0.045888,-0.518672,0.406401,-0.080809,-0.352943,-0.045829,0.068321,-0.023417,0.075636,-0.238505,0.132106,0.290684,0.275497,-0.176515,0.258703,0.30586,-0.147651,0.016972,0.161391,0.111453,-0.352533,0.159219,0.187283,0.305244,0.228063,-0.263047,-0.107614,0.238257,0.11548,0.032607,-0.272289,-0.116384,-0.085838,0.282358,0.299834,-0.066803,0.058814,0.010287,-0.597676,0.16467,0.099403,0.391964,0.050558,0.176396,-0.32733,-0.050643,-0.149054,-0.088865,-0.081541,-0.352943,-0.349881,-0.339816,-0.284378,-0.431089,-0.071301,-0.290016,-0.258644,-0.244715,-0.107481,-0.089388,-0.140965,0.27004,-0.374023,0.158078,0.10587,-0.067615,-0.368171,-0.198441,0.261704,0.203451,0.081451,0.330218,0.022079,#
8,-0.122497,0.07395,-0.052816,0.155664,0.127834,0.198068,0.129365,-0.086636,1.0,0.277975,-0.175962,-0.034981,-0.112336,0.183252,-0.129791,0.05117,-0.342606,0.333654,0.388201,0.116564,-0.094172,-0.083203,0.416066,0.125286,0.175889,-0.257047,-0.125123,-0.278164,0.079139,0.086734,0.252773,-0.058219,-0.250897,0.014514,0.057418,0.460847,0.304235,-0.19978,0.250012,-0.254807,0.202211,0.022243,-0.169632,0.016404,-0.089965,-0.132854,0.004997,0.192896,0.10362,-0.183011,0.36897,-0.217807,0.204437,0.036727,-0.255953,-0.237135,0.177828,0.046003,-0.151063,-0.156668,0.179746,0.389879,0.145558,-0.192799,-0.163731,0.246774,0.37468,-0.082598,0.137302,-0.196014,-0.344082,-0.263317,-0.253033,-0.106828,-0.148503,0.062061,0.127914,-0.295393,-0.235615,0.014616,0.17321,-0.169637,-0.206832,0.113434,0.172902,-0.108092,-0.106657,-0.206723,0.245121,-0.05391,-0.340925,-0.125914,-0.225697,0.167787,0.000391,0.0004,0.227586,0.174405,0.291003,0.076154,0.089881,0.107328,-0.402668,0.246378,0.282129,-0.173253,-0.405012,-0.180745,0.279662,-0.056466,0.251943,-0.253193,-0.067025,-0.400084,0.127675,-0.106165,0.014175,-0.184914,0.096297,-0.674475,0.163423,-0.235953,-0.249897,-0.126541,0.003539,-0.002222,0.190356,0.254943,-0.196936,-0.039625,0.124264,-0.079894,-0.145787,-0.336534,-0.182312,0.00363,-0.202185,-0.110779,0.055403,-0.076464,-0.219827,-0.169328,-0.213675,-0.304865,-0.485824,-0.458374,-0.090467,0.380475,-0.333903,-0.225697,0.014624,-0.34247,0.248524,-0.33766,0.131823,0.225397,0.073587,0.369364,0.227816,0.275542,-0.126743,0.007573,-0.218768,0.236951,0.249484,-0.184402,0.00775,-0.310655,-0.098726,0.237979,-0.029488,0.205211,0.048579,-0.238393,-0.218068,0.100365,-0.299195,0.162578,0.143603,0.376133,0.143603,0.040791,-0.294627,-0.07769,-0.074019,0.217905,0.099465,0.003635,-0.110063,0.106852,0.009445,-0.233732,-0.310584,0.318246,-0.404011,0.109153,-0.12626,0.210494,0.098645,-0.215133,#
9,0.439519,0.442155,-0.38224,-0.136438,0.225565,0.258485,-0.230132,-0.298677,0.277975,1.0,-0.204283,0.244696,0.208803,0.388954,-0.00054,0.177223,-0.184447,0.308233,0.31332,-0.383869,0.332382,-0.298607,0.269828,-0.101556,-0.276659,-0.092551,-0.091589,-0.038979,0.189029,0.530556,-0.28634,0.029737,-0.135074,-0.111548,-0.076817,0.200346,-0.229973,-0.369455,0.004599,0.038513,-0.035288,0.242223,-0.319776,0.262387,-0.228019,0.125334,-0.010759,-0.029296,-0.237427,-0.039521,0.253617,-0.526987,0.092242,-0.020119,0.320715,0.109472,0.15872,0.241349,-0.310807,-0.251633,0.107094,0.36333,0.123882,-0.570921,0.051258,0.142484,0.175303,-0.028363,0.123054,0.07407,-0.609636,0.360165,0.273126,-0.111195,-0.201216,0.050634,-0.491628,-0.253119,-0.3821,-0.211068,-0.354312,-0.091584,-0.383964,-0.07864,0.025273,-0.415793,-0.416135,-0.383761,-0.055119,-0.171351,-0.306886,-0.309828,-0.301109,0.193427,0.09308,-0.016339,0.062344,-0.01464,-0.301147,-0.191571,0.215583,-0.04395,-0.245855,-0.253109,-0.199728,-0.276726,-0.503069,-0.628509,-0.082523,-0.079929,-0.062199,-0.13631,-0.303528,-0.301147,-0.407478,0.03685,-0.233697,-0.417742,-0.252638,-0.565372,-0.234494,-0.230129,-0.655537,-0.126394,0.049018,-0.451511,0.045801,0.16192,0.066202,-0.383993,0.12488,-0.161076,-0.388035,-0.276726,-0.590548,-0.053555,-0.108849,-0.253126,-0.290758,-0.667269,-0.301247,-0.499118,-0.383964,-0.254195,-0.564731,-0.51451,-0.157337,0.538463,-0.444846,-0.301109,-0.4517,-0.735888,-0.253042,-0.276728,-0.406805,-0.110006,-0.154165,0.399069,-0.259215,-0.171258,-0.60531,-0.235426,-0.383625,0.132733,-0.053469,0.127688,-0.354122,0.128396,-0.327115,-0.111195,-0.182689,0.256832,-0.112253,-0.382599,0.229208,-0.026562,-0.161076,0.654593,0.245387,-0.243179,0.485673,0.402917,-0.028002,0.273251,0.346997,-0.262494,0.273251,0.011004,-0.039185,0.826194,-0.105025,-0.205415,0.16065,0.387323,-0.128984,-0.228544,0.074234,0.046062,-0.080807,-0.229631,#
10,0.424977,0.204438,0.160472,0.136909,0.307456,0.245557,-0.13655,-0.055746,-0.175962,-0.204283,1.0,-0.305516,0.298571,0.08824,0.180965,-0.169452,0.231764,-0.111341,-0.24706,0.177949,-0.177538,0.133833,0.086071,0.188388,0.154283,-0.107045,0.065845,-0.021035,-0.28327,-0.010816,-0.223224,0.413493,0.2207,0.010328,0.053066,-0.238436,0.099506,0.232041,-0.156818,-0.12499,0.107691,-0.069665,-0.090017,-0.141067,0.064733,-0.615676,-0.049513,-0.005817,0.103994,-0.13448,0.007846,0.265151,-0.080888,-0.10713,0.273305,0.082456,-0.638778,0.208502,0.192882,0.076449,0.109988,0.175408,-0.247691,0.093719,0.18357,0.214218,-0.238489,0.099074,0.16825,-0.151179,0.261273,-0.327606,-0.204154,-0.489633,0.019348,0.142044,0.04058,0.154663,-0.146196,-0.275918,0.070047,-0.318479,0.135449,-0.048862,-0.658072,0.11858,-0.119924,-0.015083,-0.154369,-0.210704,0.201219,-0.231197,0.09994,-0.002191,-0.318856,0.121751,0.250193,0.11621,0.094539,-0.1386,-0.017427,-0.170759,0.03455,-0.018974,0.022656,-0.111041,0.261948,0.056431,-0.108185,0.107404,0.225627,-0.204283,0.210409,0.094539,-0.110515,-0.323155,0.052577,0.165478,-0.022827,0.174109,-0.128772,-0.110829,0.060529,0.023604,0.216726,0.23233,0.157175,-0.046854,0.110436,-0.22263,-0.346532,0.037797,-0.173035,-0.267219,0.164992,-0.263056,-0.163128,-0.226958,-0.089731,-0.122277,-0.239622,0.055292,-0.224175,-0.089272,0.148772,0.061021,-0.174225,0.004023,0.010423,-0.054282,-0.345289,0.261695,0.042046,-0.112964,0.070009,-0.158133,0.387323,-0.107882,0.042191,-0.038561,0.21985,-0.159635,0.380536,-0.156306,-0.152163,0.286109,0.272121,-0.150661,-0.345398,-0.343425,0.03232,0.284243,0.052124,0.086622,-0.01942,-0.201364,-0.241399,-0.059759,-0.049798,0.386399,0.231476,-0.126994,0.174423,0.066672,-0.076761,-0.229714,-0.086695,-0.122331,0.246255,-0.227128,-0.251231,0.092378,0.009817,0.030344,-0.212171,-0.342511,-0.045414,-0.388745,-0.307604,-0.182656,#
11,0.003371,0.325058,0.08813,-0.0132,0.228992,-0.243728,-0.112839,-0.118271,-0.034981,0.244696,-0.305516,1.0,-0.351147,0.180621,0.071202,0.2507,-0.567033,0.076973,-0.082162,-0.325784,0.303586,-0.228361,0.065071,-0.301208,0.14429,0.084503,0.061597,-0.404174,0.528763,0.360157,0.048458,-0.004461,0.062493,-0.151667,-0.088264,0.192776,-0.613501,0.0843,-0.096352,0.273499,0.332929,-0.284992,-0.050968,0.05712,0.266313,0.199482,-0.203988,-0.018667,-0.35643,0.226204,-0.03467,-0.292115,0.119043,0.247879,-0.302841,-0.050456,0.165133,-0.177937,-0.217141,-0.179784,-0.114663,0.194432,0.203162,0.125139,0.040592,-0.141314,0.245986,0.027821,0.041246,0.156974,-0.288493,0.355341,0.232618,0.056999,-0.076814,-0.11109,-0.20163,-0.199996,-0.087534,-0.102552,-0.087566,-0.187894,0.009968,-0.022003,0.462934,-0.049404,-0.335771,-0.476373,0.172526,-0.324952,0.058565,0.035745,-0.074092,-0.185283,-0.324556,-0.204857,-0.271438,-0.117455,-0.404355,0.12348,0.031442,0.213384,0.021352,0.066859,-0.314014,-0.152356,-0.286175,-0.352785,0.003637,0.174152,-0.259678,0.219784,-0.276158,0.161789,0.016253,0.056831,-0.033418,-0.137925,0.11176,-0.41002,-0.195046,-0.207889,-0.12206,-0.110074,0.296996,-0.292246,-0.145632,-0.141973,0.057947,-0.313377,-0.046981,-0.304071,0.113437,-0.059324,-0.247227,-0.037458,0.185648,-0.071491,-0.038751,-0.25122,-0.323741,-0.207596,-0.351083,0.0447,0.034451,-0.151305,0.332735,0.263951,-0.06941,-0.24477,0.169344,-0.325238,-0.257861,-0.123115,-0.143254,-0.169116,-0.316152,0.523184,-0.163984,-0.239313,-0.154201,-0.100564,-0.098062,-0.14014,0.13701,-0.219752,-0.52616,0.154453,0.178223,-0.141506,-0.201808,-0.03928,-0.2004,-0.316112,0.101725,0.536372,0.012302,0.095411,-0.045389,-0.287445,0.023874,0.027464,-0.349269,0.211611,0.312304,0.030574,0.073134,-0.247379,-0.006761,0.278896,-0.014368,-0.008519,0.365849,0.312565,-0.287785,-0.171979,-0.078606,-0.015367,0.135025,0.280435,#
12,0.427162,-0.003138,-0.159402,-0.168671,0.193853,0.391156,0.163263,-0.10547,-0.112336,0.208803,0.298571,-0.351147,1.0,0.1913,-0.293347,-0.097566,0.382697,-0.092159,0.099211,0.035893,0.349299,0.111166,-0.046716,-0.003386,-0.063884,-0.237742,-0.254659,-0.065241,0.20583,-0.057185,-0.130067,0.335535,-0.11871,-0.02637,-0.450883,-0.377261,-0.017715,-0.194267,0.072543,-0.486024,5.8e-05,0.532344,-0.134585,-0.095964,-0.037395,-0.081594,-0.096852,-0.111819,0.059332,-0.176558,0.043468,-0.047443,0.053301,-0.211896,0.424068,0.078984,-0.346404,0.190603,0.003556,0.081366,0.247154,-0.239479,0.056704,-0.413236,0.095002,0.163235,-0.145536,0.05899,0.156199,0.105845,-0.111238,-0.053777,-0.039286,-0.466787,-0.404244,-0.246161,-0.009375,0.030093,-0.0721,-0.233817,-0.187248,-0.187922,0.035483,0.073619,-0.201235,-0.004091,0.088425,-0.09501,-0.059458,-0.429797,0.309831,-0.24915,-0.178262,0.208914,0.286871,-0.022216,0.147325,0.05396,-0.103712,-0.250104,0.245174,-0.221294,-0.038663,-0.463122,-0.163623,-0.041715,-0.12003,0.036535,-0.401361,-0.200102,0.289048,-0.323223,0.324318,-0.232654,0.086317,-0.242815,0.020728,-0.019508,-0.101053,0.065191,0.036885,-0.186638,-0.483649,0.119357,-0.129118,0.052661,-0.070256,0.337546,0.170581,-0.140472,-0.079009,0.527404,-0.414309,-0.019612,0.178635,-0.004201,-0.258107,-0.286326,0.040118,-0.434145,-0.057696,0.206271,0.002557,0.084405,0.085478,0.266386,-0.109971,0.323336,-0.182042,-0.206835,-0.323715,0.023568,-0.049188,-0.17459,-0.114611,-0.192344,0.363742,0.042189,-0.036868,-0.133313,0.166452,-0.159944,-0.054511,-0.021732,-0.215272,0.209699,0.30432,-0.089763,-0.039699,-0.016253,0.218096,0.405309,0.341204,0.291177,0.260348,-0.373386,0.08359,0.142738,0.20368,0.006775,0.427079,0.079582,0.260783,0.072812,-0.083902,-0.239634,0.207779,0.065343,0.164842,0.118436,0.190805,0.047104,-0.117554,-0.145869,0.056481,-0.055113,0.305895,-0.149821,-0.275641,0.002992,#
13,0.33638,0.5217,-0.190195,-0.375209,0.405087,0.292457,0.099906,-0.469851,0.183252,0.388954,0.08824,0.180621,0.1913,1.0,0.033455,0.278719,-0.079584,-0.01206,0.335643,-0.366633,0.095432,0.021981,0.518771,-0.209418,-0.231718,-0.193137,0.095318,-0.333508,0.312318,0.359894,-0.582736,0.04998,-0.351073,-0.132723,-0.222239,0.056696,-0.241297,-0.035024,0.021833,-0.052027,-0.053522,0.155797,-0.134646,0.386084,-0.274938,-0.209209,-0.059859,0.272859,-0.114549,0.226693,-0.174745,-0.460565,0.214749,-0.276704,0.034292,0.06388,-0.296351,0.322473,-0.212978,0.243405,0.255255,0.31381,-0.017288,-0.044829,0.194467,0.309426,-0.033174,0.04725,0.409413,0.193047,-0.139792,-0.048836,-0.086313,-0.059754,-0.161591,0.195154,-0.13655,-0.475829,-0.414264,-0.042163,-0.122106,-0.496571,-0.367401,0.167337,0.047292,0.032934,-0.43282,-0.348939,-0.06733,-0.203805,-0.191163,-0.408863,-0.311137,0.253422,-0.137268,0.100101,0.157838,-0.043092,-0.132135,-0.310341,0.517165,-0.495469,-0.463544,-0.156921,0.03347,-0.371104,-0.203422,-0.507233,0.018424,0.168166,0.139975,0.13812,-0.193412,-0.29525,-0.060341,-0.129088,-0.380011,-0.060533,-0.157148,-0.384085,-0.218039,-0.431173,-0.406122,-0.381054,-0.223749,-0.21402,-0.008411,0.244957,0.348779,-0.504895,-0.264425,0.000156,-0.295602,-0.393858,-0.128646,-0.225926,-0.007384,-0.298217,-0.059428,-0.431399,-0.291856,-0.193378,-0.513254,-0.357345,-0.178887,-0.239179,-0.262899,0.439828,-0.539373,-0.295034,-0.392362,-0.539831,0.180437,-0.37331,-0.231547,-0.061162,0.090119,0.394699,0.153952,-0.218856,-0.223973,-0.541973,0.277497,0.107554,-0.062756,0.521921,-0.132346,-0.064907,-0.223478,-0.059754,-0.232123,0.344938,-0.244359,-0.032267,0.114723,-0.395351,0.016752,0.391959,0.426203,0.227414,0.781609,-0.360951,-0.012139,0.547664,0.275223,-0.311698,0.561071,-0.0708,-0.259019,0.464954,0.096461,-0.158737,0.121879,0.349754,-0.175414,-0.249356,-0.098974,-0.270046,-0.334025,-0.404855,#
14,0.02779,0.298037,-0.174427,-0.035489,-0.113532,-0.022743,0.110163,0.270123,-0.129791,-0.00054,0.180965,0.071202,-0.293347,0.033455,1.0,0.045957,0.206372,-0.175442,-0.157452,-0.141215,-0.278925,0.147133,-0.265863,-0.090149,-0.028683,0.008409,0.173278,0.185821,-0.157823,0.010417,-0.234948,0.037614,-0.10918,-0.24947,0.196851,0.069647,-0.131312,0.276103,0.015091,0.541692,-0.221364,-0.108363,-0.06665,0.026465,-0.080945,-0.347485,0.158927,0.051188,0.013078,-0.085658,0.106391,-0.174608,-0.210698,-0.15693,-0.050623,0.190357,-0.197248,0.214772,0.234642,0.107779,-0.102233,0.429992,-0.399375,0.165658,-0.535786,-0.118258,-0.060756,-0.236819,0.239777,0.146576,0.320206,0.268519,-0.015081,-0.025811,0.34775,0.211148,-0.33708,0.147152,-0.617826,-0.191682,-0.065078,-0.165473,-0.022774,0.04675,-0.238675,-0.002026,-0.228268,0.024213,0.014092,0.181305,-0.00987,0.135493,0.163657,-0.178964,-0.078117,-0.294257,0.066275,-0.179232,-0.240171,-0.197933,0.090037,0.003934,0.221507,-0.055839,0.154735,0.083542,0.008065,-0.247595,0.239644,0.019411,-0.45328,-0.01142,-0.29962,0.229312,-0.512979,0.115015,-0.068166,-0.40099,-0.037402,0.031283,-0.044571,0.224282,-0.025123,0.108545,0.244419,-0.113527,-0.036413,0.073374,0.037073,-0.116374,-0.158174,-0.322081,-0.115013,-0.217144,-0.227003,-0.373824,-0.21765,-0.119032,0.046712,0.229512,-0.236434,-0.186992,0.036594,-0.261345,-0.220451,-0.349534,0.173614,-0.104187,-0.099114,0.38413,-0.106916,0.123846,-0.333862,-0.093894,-0.01327,0.057681,0.074794,-0.171393,-0.334037,-0.254627,-0.043661,-0.10986,0.190856,-0.113251,-0.022236,-0.150933,-0.092442,0.065524,-0.20259,-0.653282,-0.109522,-0.267111,-0.159753,-0.396174,-0.087028,-0.149619,-0.322081,-0.208502,-0.230788,-0.065274,0.018794,-0.018151,0.004345,0.187875,-0.093708,-0.22246,0.248358,-0.098655,0.031989,-0.081781,-0.229262,0.32395,-0.21091,-0.228331,-0.294287,-0.12373,-0.189865,-0.120891,-0.00353,0.029613,#
15,0.3242,-0.249728,-0.367677,0.049128,0.390396,0.189341,-0.418258,0.18026,0.05117,0.177223,-0.169452,0.2507,-0.097566,0.278719,0.045957,1.0,-0.120658,-0.165294,0.080577,-0.234891,0.137228,-0.447029,0.079234,-0.20474,-0.211742,-0.099148,0.098973,-0.209901,0.340281,0.368736,-0.058029,0.437373,-0.196736,-0.135264,0.2442,0.180098,-0.284179,-0.065954,0.535068,0.132021,0.122386,-0.081629,0.082237,0.040217,-0.080871,0.030641,-0.103934,-0.036045,-0.125387,-0.274369,0.324171,-0.059171,0.069211,0.195189,-0.151763,0.149908,-0.050695,0.02663,-0.333177,-0.242259,-0.016279,-0.295528,-0.375662,-0.219164,0.120512,-0.096986,0.47012,0.170556,0.234533,0.004277,-0.421619,0.357441,0.170975,0.100858,0.027564,0.206722,0.029062,-0.232436,0.094739,-0.001793,-0.14667,0.012596,0.052414,0.185868,-0.15629,-0.149879,-0.346882,-0.264295,-0.172628,0.059683,0.010844,-0.409872,-0.04373,-0.219622,-0.475848,0.077373,-0.068131,-0.162216,-0.443113,0.039945,0.162778,-0.132186,-0.139076,0.144147,0.232567,-0.141085,-0.035248,-0.005295,-0.146278,0.317934,-0.427503,0.410071,0.288326,-0.16086,-0.379815,-0.014538,0.111317,0.19781,-0.160218,-0.367446,-0.496593,0.059448,-0.28137,0.020098,0.167406,-0.277834,-0.326285,-0.08452,0.085022,-0.238133,-0.246407,-0.204153,-0.318048,-0.385035,-0.44029,-0.042861,0.009946,-0.313732,-0.21085,-0.196438,-0.455515,-0.295121,-0.24794,-0.16067,0.147255,0.197329,-0.30129,0.285314,-0.405561,-0.33807,-0.052191,-0.406041,-0.117318,-0.467369,-0.098066,-0.042011,-0.369442,0.147337,-0.24438,-0.659792,-0.430675,-0.116018,0.070901,-0.190339,-0.04738,-0.05813,-0.465637,0.3604,0.091035,-0.026161,-0.056447,0.057868,-0.370374,-0.083364,0.399348,-0.1009,-0.186737,0.232201,0.090002,-0.0313,0.167408,-0.061497,-0.351153,0.361126,0.114351,-0.096714,0.065683,-0.042672,-0.024473,0.270536,-0.209393,-0.203795,0.233968,0.365538,-0.209847,-0.090167,0.059689,0.090794,0.228946,-0.088287,#
16,-0.023999,-0.249654,0.072545,0.070961,-0.195893,0.237561,0.147701,0.242993,-0.342606,-0.184447,0.231764,-0.567033,0.382697,-0.079584,0.206372,-0.120658,1.0,-0.391345,-0.19223,0.101705,-0.062869,0.229291,-0.290533,0.105315,-0.14135,0.069316,-0.00479,0.168771,-0.262852,-0.342642,-0.052857,-0.017976,-0.182775,0.139873,-0.019269,-0.012694,0.388451,0.241097,0.06949,-0.174451,-0.371981,0.282176,0.070672,-0.145821,-0.065803,-0.211063,-0.105399,-0.327789,0.199001,-0.016781,-0.040795,0.253996,-0.280674,-0.127305,0.442842,0.268772,-0.226395,0.358412,0.18767,0.092632,0.138143,-0.131327,-0.246861,0.060938,-0.107963,-0.021002,-0.215331,-0.211626,0.07851,-0.148446,0.262682,0.053883,-0.18433,-0.025282,0.279118,0.143792,-0.019407,0.088821,-0.165051,-0.17983,-0.071091,0.137419,0.101925,0.212826,-0.371115,0.023189,0.270023,0.265626,-0.263521,0.102331,0.208459,0.171549,0.221332,0.069203,0.360225,0.203733,0.249829,-0.214371,0.022136,-0.340171,0.076787,-0.001626,0.17212,-0.126837,0.007627,0.046045,0.128624,0.219662,-0.189907,-0.018748,-0.095351,-0.184447,0.216925,0.010202,-0.139782,0.073712,-0.208226,-0.218761,0.072457,0.357102,0.043622,0.38432,0.086297,0.193249,-0.282698,0.016396,-0.028633,0.046452,0.336531,0.09694,-0.151053,0.338736,-0.10763,0.066069,0.100208,-0.152364,-0.147288,-0.119088,0.172758,0.208723,0.014776,0.258188,0.310373,-0.037691,0.174632,0.180023,-0.148653,-0.217705,0.04319,0.442788,-0.183925,0.257961,0.110827,0.043384,0.095095,-0.226516,0.304643,-0.225896,-0.048962,-0.096878,0.271192,0.029186,0.272538,-0.2253,-0.283083,0.140661,0.529259,0.090004,-0.021864,-0.227731,0.038484,-0.034198,0.205299,0.287294,0.063707,-0.517668,0.060389,-0.010283,-0.132951,0.137868,0.063751,0.000357,0.160213,0.209118,-0.285862,0.00635,0.209118,0.031181,0.267927,-0.181143,0.16064,-0.004194,-0.208992,-0.252405,0.113102,0.191302,0.075226,-0.017728,-0.198437,-0.07884,#
17,-0.190193,0.224698,0.203161,0.191541,0.003833,-0.038139,-0.014249,-0.077514,0.333654,0.308233,-0.111341,0.076973,-0.092159,-0.01206,-0.175442,-0.165294,-0.391345,1.0,0.134931,0.158607,0.338688,-0.017901,0.286932,0.259909,0.048582,-0.088271,-0.016372,0.172158,0.248999,-0.14317,0.09902,-0.147364,0.107302,0.308977,-0.15467,0.129897,0.092696,-0.285438,-0.36671,0.108273,0.101187,-0.009536,0.021431,0.250799,0.07975,-0.017764,0.047625,0.181451,-0.132295,0.06273,0.456261,-0.198439,0.278703,-0.21175,-0.389901,0.017949,0.408028,0.124556,0.098935,0.030399,0.03488,0.21885,0.274434,-0.18431,0.086181,0.284301,0.288418,-0.036012,-0.105235,-0.318334,-0.284432,-0.342072,0.318149,-0.119487,-0.055385,-0.273265,0.040641,0.074923,-0.098984,0.493394,0.439266,0.187109,-0.115222,-0.179872,0.126156,-0.408591,0.094321,-0.098985,0.291272,0.00204,-0.330776,-0.056912,0.010355,0.106371,0.155264,-0.208465,-0.197077,0.476373,0.473738,0.228679,0.2578,0.365492,0.073054,0.161726,0.171324,0.080643,-0.319827,-0.278294,0.278547,0.003752,0.320936,0.055437,-0.097313,0.37442,0.266654,0.056322,-0.044416,0.028387,-0.32452,-0.278315,0.477641,-0.209199,-0.119048,-0.331651,0.194189,-0.177615,0.476742,0.142743,-0.252022,0.352135,0.277489,-0.05405,-0.054912,-0.228084,-0.150322,0.408847,-0.359157,0.174127,-0.093074,-0.083431,0.189332,0.038135,0.026028,-0.044313,-0.266042,-0.2494,-0.329381,0.140928,-0.027187,0.010355,-0.001781,-0.421818,0.212793,-0.048128,0.062918,0.183772,0.008864,-0.001592,0.05512,0.496202,0.068713,0.151456,-0.271704,0.394623,0.298485,-0.01457,-0.024327,-0.39013,-0.081825,0.360157,-0.073808,0.101807,0.071763,-0.26941,-0.237377,0.294051,-0.075663,0.257328,-0.24682,-0.12677,-0.071376,0.357217,-0.177422,-0.613581,-0.000951,-0.215183,-0.262819,0.179548,-0.094606,0.338533,0.174936,-0.119523,0.041,0.261729,0.070072,-0.049321,-0.054569,0.347807,-0.042023,-0.227847,#
18,0.015619,-0.001361,-0.302952,-0.462703,0.20925,0.139316,0.109114,-0.201464,0.388201,0.31332,-0.24706,-0.082162,0.099211,0.335643,-0.157452,0.080577,-0.19223,0.134931,1.0,-0.163235,0.113016,0.154325,0.330397,0.230408,-0.108242,-0.478956,0.203178,0.093713,-0.084166,0.048997,-0.083814,-0.246117,-0.2128,0.254826,-0.301216,-0.035416,-0.044082,-0.341108,0.042227,-0.225593,0.074586,-0.014203,0.030119,0.364943,-0.465065,-0.223749,0.230857,0.381059,-0.179919,0.005788,0.303334,-0.162097,0.440584,-0.230097,-0.197671,-0.110573,0.057169,-0.127461,0.076251,0.383106,-0.199015,0.25265,-0.204457,-0.163138,0.014158,0.198306,-0.12893,0.14306,0.192078,0.196782,-0.146355,-0.162394,0.027861,0.247107,-0.215767,-0.110333,-0.120816,-0.350131,-0.09979,0.117108,-0.236593,-0.198566,-0.3197,0.140986,0.138549,-0.067996,-0.274955,0.162879,-0.122918,-0.292144,-0.364528,-0.250067,-0.048083,0.279239,0.066563,-0.006026,0.09286,-0.023415,-0.031292,0.033387,0.181557,0.020359,-0.318922,0.006601,-0.038417,-0.423445,-0.302019,0.005981,-0.033279,0.116075,0.383281,-0.178462,-0.133153,-0.219327,-0.122579,-0.422221,-0.232789,-0.003899,0.040827,-0.413404,-0.059756,-0.403895,-0.464549,-0.434225,-0.3437,-0.368221,0.222537,0.125869,-0.165306,-0.174471,0.060677,0.10658,-0.338423,0.077296,0.001014,0.065336,-0.024493,-0.133445,-0.022104,-0.100012,-0.032973,0.10786,-0.477663,-0.379781,-0.305521,-0.235836,-0.323532,0.361778,-0.461738,-0.19605,0.133818,-0.454414,0.369362,-0.09558,-0.306466,-0.106397,-0.182695,0.266719,0.262917,0.150787,-0.170211,-0.405128,0.016705,0.366903,-0.117256,0.159302,0.070236,-0.088944,0.024779,0.193336,0.196703,0.453528,0.170734,-0.270518,0.046788,-0.350859,0.360969,0.071181,0.109706,0.055585,0.471928,-0.160295,-0.033204,0.274837,-0.273943,0.028738,0.442472,0.142055,-0.349075,0.362141,0.142794,-0.493956,-0.445374,0.107798,0.018825,0.091055,0.252703,-0.078009,0.162119,-0.058177,#
19,-0.309949,-0.129546,0.179763,0.181522,-0.356094,-0.281558,0.063407,0.254706,0.116564,-0.383869,0.177949,-0.325784,0.035893,-0.366633,-0.141215,-0.234891,0.101705,0.158607,-0.163235,1.0,-0.141435,0.085618,-0.364946,0.621293,0.366265,0.024223,0.080267,0.076617,-0.114244,-0.195683,0.345996,-0.082183,-0.113593,0.44722,0.028299,0.169593,0.596086,0.065344,-0.031673,-0.077402,-0.085791,-0.228626,0.099704,-0.190651,0.22622,0.009409,-0.085074,0.110301,-0.250347,-0.163389,0.04385,0.436625,-0.225463,-0.158716,-0.205067,-0.374553,-0.057862,-0.260949,0.255206,-0.064793,-0.024368,-0.083484,0.179621,0.135378,-0.082978,-0.224439,0.17982,-0.236263,-0.135447,-0.465236,0.157964,-0.527566,-0.152878,0.045347,-0.075792,-0.239395,0.78618,0.315692,0.413648,0.358769,0.590605,0.309858,0.359378,-0.370461,0.157237,0.289183,0.122879,0.20239,0.205864,0.203681,0.167435,0.207195,0.458141,-0.100061,-0.009644,0.083453,0.043479,0.223078,0.443482,0.10169,-0.125538,0.288015,0.111025,0.116922,0.341929,0.379878,0.069314,0.413108,0.115094,-0.191367,0.231604,-0.149684,0.418127,0.294245,0.217387,-0.048928,0.201377,0.338014,-0.193231,0.132605,0.202576,0.233995,0.370923,0.382575,-0.164187,0.528664,0.18641,0.121077,-0.289276,0.674928,0.237542,0.237414,0.242451,0.060625,0.130006,0.242889,-0.306535,0.131739,0.204723,0.134123,0.1345,0.411749,0.516259,0.207796,0.148348,0.121948,0.039886,-0.258018,0.51005,0.281424,0.164366,0.321212,0.144793,0.055309,0.390669,0.359419,0.389355,-0.306503,0.282155,0.362992,0.316117,0.196216,0.052766,0.203259,0.383278,-0.202895,0.45412,-0.035367,0.041321,0.222736,0.030329,0.217951,0.229546,0.045789,-0.449152,0.027485,0.007071,-0.236246,-0.138557,0.15617,-0.291162,-0.123471,-0.144078,-0.408345,-0.139173,0.259167,-0.245625,0.383964,0.136007,-0.475124,0.280158,-0.056686,-0.286045,-0.385146,0.186749,-0.12013,0.089766,0.215082,-0.263834,-0.301727,#
20,0.146646,-0.065954,0.057341,0.032714,0.08582,0.095662,0.036629,-0.030705,-0.094172,0.332382,-0.177538,0.303586,0.349299,0.095432,-0.278925,0.137228,-0.062869,0.338688,0.113016,-0.141435,1.0,0.160583,-0.149541,-0.122249,0.062289,-0.115775,-0.348034,-0.115959,0.513758,0.096098,0.027298,0.148198,0.074681,0.268174,-0.265195,-0.076697,-0.384861,-0.208588,-0.239686,-0.030509,0.309113,0.089982,-0.159532,0.2435,0.140532,0.041518,-0.541199,-0.248538,-0.364359,-0.041839,0.31795,0.011433,0.099795,-0.06913,0.040613,0.268595,0.235551,-0.022326,-0.09679,-0.007742,0.21587,-0.162564,0.19396,-0.341566,0.144263,-0.001384,0.102664,-0.158464,-0.094042,-0.118019,-0.346972,0.039879,0.07728,-0.228522,-0.172446,-0.345119,-0.105807,-0.027858,-0.091624,-0.054635,-0.084676,0.196244,0.233802,0.057218,0.211631,-0.318198,0.057587,-0.322101,-0.147867,-0.455305,-0.087886,-0.28473,-0.175778,-0.119075,-0.022502,-0.076439,-0.014927,0.110025,-0.192652,0.372276,0.184628,0.271991,-0.040899,-0.084587,-0.169404,-0.077304,-0.494377,-0.216829,-0.372888,0.185853,-0.059134,0.069291,0.207066,0.069089,0.113259,-0.009242,0.118045,-0.209507,-0.232486,-0.104565,0.021074,-0.166788,-0.297989,-0.023576,0.068207,-0.375499,0.111034,-0.19003,0.015175,-0.143239,-0.263608,-0.009121,-0.247253,0.125038,-0.148793,0.287728,-0.182159,-0.234066,-0.100883,-0.302754,-0.306523,0.062628,-0.075657,0.028212,0.124412,0.154744,-0.245576,0.241602,-0.147992,-0.304099,0.150689,-0.521826,-0.087038,-0.079746,-0.113466,-0.209277,-0.243987,0.324062,-0.254775,-0.138498,-0.052679,0.111299,-0.330052,0.102848,-0.358423,-0.028226,-0.07372,0.307767,0.345349,0.307661,-0.027845,0.215927,0.18593,0.133973,0.126351,0.156809,0.23685,0.235422,-0.117057,-0.277945,0.126439,0.208093,0.101061,0.096568,0.038083,-0.23618,0.096568,0.007592,0.240761,0.493307,0.099204,-0.102581,0.204805,0.098219,0.124451,0.077128,0.563011,0.245047,0.230731,0.034144,#
