0,1.0,0.249082,-0.245138,-0.36949,0.124688,0.148253,0.227128,-0.012582,-0.013484,0.316818,0.109566,0.043792,0.185003,0.342368,0.027361,0.221656,-0.184382,-0.39476,0.335874,-0.31896,0.333587,-0.096103,0.215654,-0.294805,-0.02427,-0.534561,-0.225556,-0.094403,0.313231,0.351409,0.079134,-0.084147,0.28155,-0.299991,0.118232,0.369025,0.358465,-0.176571,0.072079,0.094323,0.141242,0.28026,-0.362745,-0.095875,0.059211,-0.073656,-0.203353,0.029794,0.101511,0.198921,0.154185,-0.38181,0.24608,0.196372,0.365077,0.016907,-0.17928,-0.186523,-0.557894,0.178017,0.357609,0.150012,-0.059991,0.285722,-0.185265,0.121755,-0.186937,0.399144,-0.090532,-0.238262,0.114012,-0.067989,-0.171545,-0.260598,-0.271189,0.234242,-0.387139,-0.150927,-0.308106,0.030478,-0.049265,-0.632908,-0.147482,-0.050385,-0.153743,-0.291921,-0.376558,-0.052684,-0.216226,-0.218134,-0.28732,-0.31131,-0.121845,-0.152238,-0.047239,-0.368613,-0.548961,-0.208434,-0.127703,-0.168219,0.290135,0.052647,-0.358432,-0.327708,-0.338518,-0.383433,0.090777,0.142861,-0.301218,0.076606,0.232292,0.399923,-0.453436,-0.289241,0.00424,0.179548,-0.277404,-0.354909,-0.109285,-0.076415,-0.339351,-0.017696,-0.103453,-0.208954,-0.265789,-0.325909,-0.303607,0.05357,-0.422575,-0.299141,-0.144468,-0.534455,-0.223081,0.052696,-0.422987,-0.260326,-0.201119,0.029677,0.270274,-0.457647,-0.177729,0.241707,-0.147249,-0.100995,-0.161342,-0.243513,-0.282928,0.199366,-0.305864,-0.434647,-0.055224,-0.251612,-0.322189,-0.598165,0.204061,-0.166249,0.326613,0.15479,-0.409121,0.003828,-0.010792,-0.272102,-0.025785,-0.317693,-0.086732,-0.130017,-0.246238,-0.070414,-0.2705,-0.481229,0.101559,0.28845,-0.141578,-0.127721,0.060211,-0.244598,-0.243231,0.269264,0.209528,-0.280915,0.063696,-0.036986,-0.164092,0.512742,0.283736,0.10081,0.192696,-0.23474,-0.068768,0.392764,-0.345946,0.225983,0.467279,0.136707,-0.363484,0.360435,0.220995,-0.393704,-0.118065,0.13846,#
1,0.249082,1.0,-0.127025,-0.174821,-0.125558,0.065064,0.365521,-0.012632,-0.131454,0.383317,-0.064744,-0.080182,-0.017163,0.30231,0.422737,0.243357,-0.051298,-0.00389,0.743517,0.062263,0.341214,0.060005,0.28914,0.055444,-0.063872,-0.093393,-0.077472,0.042974,0.035537,0.10448,-0.073422,0.245897,0.193528,-0.121092,-0.032637,-0.141548,0.086334,-0.238105,0.064201,0.114637,0.314048,0.453911,-0.152991,0.129582,0.502731,-0.087553,0.279728,-0.250092,0.175374,0.228936,0.080455,0.012459,0.265871,-0.141815,0.030637,0.065856,0.132737,-0.506241,-0.337382,-0.141279,0.256757,-0.064143,-0.290197,-0.057099,0.359082,0.107351,-0.226558,-0.307359,-0.265902,-0.319091,-0.16497,0.036602,0.015273,-0.116699,-0.222457,-0.02296,-0.339103,-0.153832,0.057582,0.41735,0.206895,-0.105556,-0.012017,-0.089543,-0.026438,-0.110961,-0.057961,-0.231043,0.093727,-0.106393,-0.195305,-0.20585,-0.048085,-0.344919,0.14609,0.002327,-0.048582,0.007682,0.381671,0.047031,-0.068999,0.156132,-0.06227,-0.331486,-0.418056,-0.010401,-0.147172,-0.118516,-0.133583,-0.069542,0.148271,0.235153,-0.105556,0.20712,0.014297,0.125278,0.00734,-0.046249,0.227633,-0.254098,-0.084632,-0.069738,-0.368707,-0.08917,-0.358792,-0.1238,0.248262,0.03881,-0.312267,-0.147491,0.028652,-0.089036,-0.270493,-0.153628,-0.225311,-0.386049,0.047166,0.259142,0.004921,-0.1982,-0.040995,-0.10773,-0.061253,-0.143108,-0.191763,-0.00842,-0.142105,0.159682,-0.1967,-0.204457,-0.057484,-0.045591,0.230311,-0.004292,-0.118607,0.019794,0.399302,-0.046247,-0.15686,-0.044559,-0.12965,0.126386,-0.209291,-0.212951,-0.050236,0.305549,0.204595,0.127423,-0.120475,-0.538779,0.025412,0.319262,0.053002,-0.112662,0.179257,-0.146336,0.069799,-0.059309,0.272758,-0.30678,0.144315,0.133393,-0.264961,0.32357,0.213206,-0.22293,0.394212,-0.164694,-0.040712,0.209924,-0.101739,0.161016,-0.08486,0.129857,-0.297848,0.005259,0.285353,-0.177196,0.14692,0.268654,#
2,-0.245138,-0.127025,1.0,0.167633,-0.298617,-0.115271,-0.002074,-0.117291,-0.110085,-0.11945,-0.049163,-0.111144,-0.332389,-0.163514,-0.132453,0.160974,-0.194668,0.345219,-0.210694,-0.029235,-0.084386,0.33025,-0.207895,-0.067391,0.30078,0.198733,0.235809,-0.252782,-0.109013,-0.25376,0.268685,-0.018931,-0.36686,0.134534,-0.185492,-0.013042,-0.181401,0.244268,0.224351,-0.25067,0.161129,0.036269,0.130478,0.065826,0.075055,-0.087866,-0.146507,0.408366,-0.02819,-0.138423,0.002153,0.070687,0.104728,-0.064379,-0.282415,-0.354697,-0.013261,-0.095798,0.251666,0.278504,-0.02555,-0.014958,0.098491,-0.384005,0.106602,-0.189436,0.170084,0.068666,-0.25299,0.564847,0.124619,0.239503,-0.144191,0.270569,0.096854,-0.032343,0.149946,-0.183346,0.013277,0.019148,0.209862,0.131795,-0.073631,0.455116,-0.248551,-0.144725,0.096785,0.19912,0.078559,0.228597,-0.003103,-0.013004,0.258285,0.236757,0.002441,0.040924,0.304822,-0.108386,0.232586,0.346319,0.002612,-0.004612,0.116321,0.326548,0.275998,0.309716,0.224415,0.31654,-0.245746,-0.013506,0.180509,0.030441,0.310869,0.302357,0.526648,0.010659,-0.088995,-0.07091,0.174103,0.045628,0.237906,0.256267,0.009756,0.066484,0.262233,0.232009,0.102565,0.110235,0.010079,0.135284,0.367961,0.247436,0.263596,0.129449,-0.143189,0.07082,-0.140761,0.345523,0.258914,0.185837,0.013171,0.142628,0.241848,0.079364,0.031344,0.143129,-0.098024,0.268632,0.295287,0.430371,0.103061,-0.142256,0.289784,0.100517,-0.027947,0.328281,-0.130964,0.148646,0.371771,0.024593,0.680862,0.065889,0.102903,0.182243,0.164886,-0.286845,-0.309916,-0.082312,-0.041753,0.123281,-0.127406,-0.068641,-0.17568,0.112631,-0.153677,-0.012577,0.040627,-0.036346,-0.091746,0.042234,0.110517,-0.100687,-0.214158,-0.054583,-0.101976,0.13933,-0.000842,0.166659,-0.169806,-0.183663,0.083138,-0.195222,-0.37001,0.342465,-0.070725,-0.215112,-0.020751,0.135021,0.061743,0.198565,#
3,-0.36949,-0.174821,0.167633,1.0,0.041951,-0.598296,-0.517786,-0.486376,-0.104836,-0.423577,0.029855,-0.381768,-0.4835,-0.63037,-0.031844,-0.263838,0.074561,0.170125,-0.135086,-0.075886,-0.224364,0.027686,-0.515738,0.082907,0.023898,0.49119,0.03813,0.203394,-0.282882,-0.442758,0.032252,0.044077,-0.138421,0.16796,0.122469,-0.098957,-0.344323,0.279577,0.108047,0.136633,-0.047938,-0.402642,0.108811,0.440257,0.07985,0.443419,-0.242984,0.176283,0.200214,-0.294277,0.095483,0.312467,-0.190614,-0.164522,-0.146062,-0.330065,0.420528,0.202924,0.267807,0.166513,-0.424907,-0.120819,0.193667,-0.157943,-0.130276,-0.455403,0.169744,-0.095215,0.22717,0.368357,0.162459,-0.052844,0.235684,0.159152,0.087266,-0.034355,0.513441,0.26214,0.133113,-0.19662,0.087149,0.66444,0.239262,0.068879,0.418441,0.099324,0.357349,0.255978,0.219238,0.184821,0.135493,0.464468,0.41824,0.051843,0.266597,0.414752,0.593738,0.083166,0.03749,0.431122,0.008579,0.23853,0.684986,0.247647,0.387664,0.195477,0.34997,0.102682,-0.025907,0.061002,-0.198846,-0.327153,0.487556,0.276073,0.300253,0.030136,0.174592,0.193305,-0.079954,0.303134,0.256337,0.467958,0.438267,0.375087,0.26851,0.260127,-0.145673,-0.20085,0.445924,0.170109,-0.020105,0.388047,0.382108,-0.027383,0.438233,0.323306,0.050423,0.271658,-0.211285,0.614858,0.245546,-0.165949,0.246065,0.301683,0.473787,0.156287,0.042791,-0.122742,0.551458,0.194252,0.211563,0.157953,0.100999,0.342445,0.105751,0.277718,-0.353443,-0.435935,0.49964,0.241728,0.010316,0.270988,0.046437,0.259399,-0.076583,-0.218541,0.339865,0.244165,0.14511,0.251936,0.187368,-0.113804,0.432319,0.50536,-0.166672,0.505571,0.027655,-0.105513,-0.500803,0.432507,-0.405383,0.062868,0.247481,-0.221865,-0.40215,0.010273,-0.191347,-0.057743,0.362386,-0.343064,0.241452,-0.196493,-0.146852,0.008764,0.2033,-0.039992,0.014955,0.142383,0.168791,-0.488896,#
4,0.124688,-0.125558,-0.298617,0.041951,1.0,0.030162,-0.03386,-0.121164,0.015953,-0.164234,0.175356,0.154062,-0.126587,-0.247732,-0.191715,-0.31736,0.281186,-0.242221,-0.021246,-0.341474,-0.325709,-0.499761,0.095738,0.028649,0.020909,-0.103692,-0.136635,0.171781,-0.001359,0.213653,-0.458303,-0.357002,-0.103042,-0.192188,0.110815,0.041181,-0.032313,-0.250267,0.12101,0.420414,-0.039908,-0.374958,-0.275862,-0.090412,-0.168627,0.395029,-0.234707,0.0207,0.121734,0.538742,-0.078232,-0.186323,-0.16348,0.550639,0.193892,-0.096615,0.124314,0.154944,-0.017042,-0.21891,-0.279413,-0.192588,-0.087425,0.071186,-0.2155,0.146698,0.696616,-0.169745,0.14225,-0.424969,-0.175529,-0.313123,-0.116976,0.247829,-0.007015,0.088627,-0.45746,-0.334797,-0.523179,-0.17048,-0.490288,-0.14332,0.151881,-0.112894,-0.033915,-0.222086,0.166119,0.140855,-0.135597,-0.405591,0.095657,-0.092471,0.137693,-0.422087,-0.04739,-0.18176,-0.11639,-0.006525,-0.310643,0.014249,0.19706,0.069812,-0.17021,-0.160314,0.011629,0.044032,-0.127197,0.04192,-0.206,0.359882,-0.081645,0.055369,0.033302,-0.30921,-0.204063,0.069496,-0.053753,0.363876,-0.289615,0.121602,-0.508459,0.072479,0.395167,-0.103513,0.183,0.002498,-0.253138,0.037293,0.072715,-0.22115,-0.190302,-0.453482,-0.143042,-0.385978,-0.05877,0.118789,-0.069779,0.123045,-0.19526,0.058672,0.062838,-0.240908,-0.301435,0.150685,-0.248243,-0.40363,-0.360571,0.111805,0.00638,-0.034206,0.060277,0.176025,-0.29951,-0.039893,-0.043158,-0.15294,-0.129705,0.153372,-0.104534,0.447557,-0.439739,-0.354844,-0.335626,-0.061791,0.041881,0.00246,-0.048605,-0.083398,-0.199569,0.192911,0.045334,0.000258,0.015252,-0.139233,-0.059265,0.084456,-0.076547,0.522249,0.079953,0.103277,-0.202102,0.035727,0.282078,0.168246,0.170043,0.195553,-0.210866,-0.095426,0.347389,-0.361946,-0.22507,0.36356,0.187387,-0.0503,-0.15545,0.175321,-0.272593,-0.070625,-0.381097,-0.041745,#
5,0.148253,0.065064,-0.115271,-0.598296,0.030162,1.0,0.762912,0.580669,0.33568,0.326481,0.044171,0.478031,0.328037,0.567172,0.154905,0.219976,-0.107988,0.052628,0.391956,-0.149585,0.037532,0.140095,0.432055,0.04153,0.025969,-0.049318,0.377431,0.171701,0.189352,0.407653,-0.409518,-0.186857,-0.08812,-0.18877,-0.013308,0.058272,0.103051,0.000841,-0.062642,-0.155069,0.009143,0.321999,0.112865,-0.030094,0.202622,-0.402861,0.206953,-0.250876,-0.193047,0.347655,-0.042349,-0.066285,-0.014589,0.152109,0.214795,0.539225,-0.379434,-0.16128,-0.22963,-0.077794,0.304468,-0.166465,-0.262824,0.404548,-0.073246,0.562751,-0.024662,0.262427,-0.146526,-0.362851,0.229659,0.187093,-0.291813,0.039858,-0.013234,0.292325,-0.433135,-0.317077,-0.204508,-0.203008,-0.188203,-0.618731,-0.477546,0.160055,-0.477546,-0.188966,-0.136428,-0.221411,-0.153476,-0.41035,-0.224341,-0.566716,-0.506316,-0.027797,-0.22797,-0.356599,-0.364392,-0.504641,-0.170812,-0.665472,0.026127,-0.121607,-0.461789,-0.475896,-0.338924,-0.271086,-0.270098,-0.173925,0.0148,-0.124186,-0.072508,0.301214,-0.618731,-0.51826,-0.058047,-0.130224,-0.398402,0.029763,0.385863,-0.285722,-0.316111,-0.525314,-0.06444,-0.442275,-0.179305,-0.222289,0.054468,0.152055,-0.41551,-0.403017,-0.368481,-0.163305,-0.483673,0.08596,-0.543639,-0.212341,0.365729,-0.311498,-0.116059,-0.72432,-0.092311,0.057786,-0.305586,-0.34905,-0.408447,-0.353031,0.240535,0.327803,-0.508396,-0.079911,-0.320431,-0.108406,-0.144576,-0.040292,0.081202,-0.499009,0.179459,0.475606,-0.467856,-0.301013,-0.208219,-0.183577,-0.088565,-0.254481,0.112582,0.168513,-0.214533,0.033573,-0.19608,0.199231,0.240241,-0.249469,-0.16601,-0.294745,0.427124,-0.460292,0.092396,0.210508,0.587082,-0.528174,0.53008,0.197041,-0.075435,0.169265,0.833839,0.029195,0.123329,0.113446,-0.271328,0.276755,-0.217021,-0.032423,0.404267,-0.101616,-0.520757,-0.029914,0.400161,-0.286762,-0.30554,0.265835,#
6,0.227128,0.365521,-0.002074,-0.517786,-0.03386,0.762912,1.0,0.526821,0.422214,0.413139,0.130877,0.231672,0.276389,0.488842,0.068955,0.436669,0.12428,0.171689,0.50737,-0.24548,-0.062582,0.285567,0.526432,-0.039615,0.112871,0.013628,0.122272,0.076099,0.277314,0.252487,-0.423236,-0.244447,-0.025314,-0.35438,0.028609,0.115089,0.035968,-0.196715,0.174623,-0.111616,0.050385,0.315906,0.073381,0.007394,0.268382,-0.319899,0.137635,-0.329059,-0.066005,0.518728,0.092589,-0.082298,0.021544,0.127809,0.401793,0.500072,-0.253824,-0.390528,-0.262344,-0.116637,0.253136,0.102308,-0.162683,0.39719,-0.026596,0.493315,-0.12647,0.256448,-0.265717,-0.376913,0.147363,0.176452,-0.486935,-0.192847,-0.277774,0.464426,-0.370043,-0.431686,-0.137404,-0.136023,-0.099569,-0.516726,-0.573356,0.078578,-0.573356,-0.289416,-0.21485,-0.276697,-0.080235,-0.358992,-0.309191,-0.650758,-0.600089,-0.089993,-0.120597,-0.43539,-0.282938,-0.581273,-0.052182,-0.437562,-0.010161,-0.073255,-0.385197,-0.429993,-0.404446,-0.209405,-0.362068,-0.100788,-0.147453,-0.206906,-0.319125,0.329022,-0.516726,-0.472105,0.070152,-0.210271,-0.1685,-0.213169,0.224118,-0.348015,-0.283412,-0.473028,-0.301766,-0.695985,-0.244184,-0.278049,0.149388,0.087825,-0.394515,-0.563196,-0.466177,-0.406853,-0.723875,0.009606,-0.610821,-0.34472,0.1806,-0.271662,-0.152179,-0.63782,-0.240111,0.131064,-0.444288,-0.415745,-0.478607,-0.35958,-0.034788,0.636847,-0.386189,-0.219637,-0.204931,-0.17793,-0.102133,-0.168775,0.1472,-0.614132,0.121521,0.562508,-0.332345,-0.250872,-0.208221,-0.128826,-0.290253,-0.309325,0.054904,0.205127,-0.160049,-0.031225,-0.353914,-0.09862,0.168918,-0.048649,-0.106912,-0.354463,0.656332,-0.519852,0.138046,0.112607,0.662431,-0.769661,0.56484,0.269741,-0.043887,0.220874,0.740498,-0.235336,0.019527,0.047195,-0.34346,0.213987,-0.274075,0.184061,0.338797,-0.037675,-0.608859,0.0384,0.491963,-0.346305,-0.37714,0.489094,#
7,-0.012582,-0.012632,-0.117291,-0.486376,-0.121164,0.580669,0.526821,1.0,0.121267,0.503124,-0.218208,0.245555,0.707929,0.622959,0.190549,0.306455,0.014203,0.261465,0.23317,0.021237,0.134221,0.309185,0.13117,0.058151,-0.024095,-0.088254,0.093756,-0.191416,0.303755,0.236098,-0.169879,-0.101678,0.146226,-0.017677,-0.327736,-0.112265,0.056394,-0.056922,-0.021284,-0.520046,-0.07432,0.319987,0.280242,-0.18005,-0.233088,-0.525804,0.220805,-0.341036,-0.084587,0.123633,-0.218886,0.012802,0.147822,0.111453,0.512214,0.542727,-0.357762,-0.318118,-0.205481,-0.059753,0.515012,-0.138032,-0.123688,0.354415,-0.097884,0.653913,-0.061673,0.410984,-0.296604,-0.080048,-0.026861,0.421113,-0.343619,-0.097857,-0.083434,0.150228,-0.028847,0.024523,0.168065,-0.053514,0.045952,-0.358841,-0.316118,-0.214765,-0.316118,-0.038469,-0.234742,-0.075346,0.17958,-0.119583,0.021286,-0.42295,-0.363674,0.301368,-0.098906,-0.188414,-0.083833,-0.170508,-0.083274,-0.633205,0.077688,-0.005655,-0.399396,-0.140323,-0.30582,-0.111326,-0.455667,-0.09737,0.186387,-0.450562,-0.207226,0.174452,-0.358841,-0.426365,0.119204,-0.008973,-0.182301,0.042084,0.180749,-0.350467,-0.015154,-0.792503,-0.133104,-0.360641,-0.194621,0.00926,0.087978,-0.145638,-0.230117,-0.105256,-0.283728,0.013969,-0.252765,0.097557,-0.295925,-0.190246,0.219543,-0.691256,-0.014959,-0.415272,-0.222807,-0.131415,-0.248094,-0.247979,-0.405595,-0.130998,0.139309,0.174398,-0.289781,-0.247546,0.017158,0.016599,-0.171474,-0.206694,0.257765,-0.453535,0.15386,0.400095,-0.27152,-0.301438,0.088531,-0.099808,-0.390196,-0.148496,0.421506,0.311684,-0.009597,0.280073,-0.037962,0.297233,0.011397,-0.012001,-0.177218,-0.129385,0.519886,-0.257159,0.046534,-0.164282,0.566968,-0.278933,0.379252,0.445401,0.023415,-0.287486,0.352093,0.195677,-0.053613,-0.002317,-0.423195,0.26788,-0.240734,-0.195016,0.322442,-0.190298,-0.109471,-0.070039,0.162401,-0.036579,-0.336965,0.343352,#
8,-0.013484,-0.131454,-0.110085,-0.104836,0.015953,0.33568,0.422214,0.121267,1.0,0.158358,-0.138721,-0.013633,0.074554,0.208154,0.171607,0.036871,0.076721,0.220642,-0.021578,-0.164807,-0.283128,0.36882,0.236749,-0.091784,0.029801,0.302964,0.295597,0.338094,0.189602,0.415527,-0.263195,-0.324577,-0.105636,0.012033,0.266672,0.229496,-0.348822,-0.323223,0.270404,-0.183083,0.244212,0.073802,-0.053256,0.408789,0.21186,-0.00515,0.210268,-0.140408,-0.214276,0.0942,0.123384,0.04555,-0.273153,0.045183,0.21457,0.520707,-0.015342,-0.007234,-0.06224,0.317505,0.123053,0.298835,0.071658,0.353708,-0.151728,-0.031831,-0.201738,0.270085,-0.082306,-0.243783,0.151931,0.185138,-0.051276,-0.128975,-0.181714,0.291782,-0.114797,-0.1344,-0.209737,-0.369979,-0.16508,-0.316346,-0.514327,0.029586,-0.514327,0.110055,0.008541,-0.232358,-0.321713,-0.40975,-0.061558,-0.266842,-0.502468,0.177864,-0.065227,-0.018704,-0.207808,-0.168762,-0.527602,-0.340327,0.013409,0.078785,0.002907,0.020343,0.007371,-0.44817,-0.116509,-0.036874,-0.196069,-0.137246,-0.32651,0.054091,-0.316346,-0.349482,-0.115776,-0.289122,0.124567,-0.134503,0.143613,-0.130052,0.060777,-0.155747,-0.087887,-0.26032,0.006034,-0.220805,0.054267,0.11471,-0.245874,-0.191315,-0.198749,-0.145313,-0.468143,-0.124374,-0.402188,-0.0557,0.150829,-0.085544,-0.074163,-0.434171,-0.127315,-0.037881,-0.110146,-0.16331,-0.422575,-0.437787,-0.057799,0.15115,-0.350026,-0.074643,-0.138933,-0.28675,0.02618,-0.226265,0.062825,-0.476232,0.177946,0.175865,-0.299841,-0.135094,-0.28808,-0.020636,0.109903,-0.125362,-0.360971,0.149571,-0.21748,-0.110154,-0.406239,0.027409,0.035397,-0.324591,0.020013,0.03486,0.407243,-0.085813,-0.250471,0.028092,0.403027,-0.35638,0.457585,0.180728,0.087035,-0.014889,0.330805,-0.024306,-0.038526,0.098775,-0.28683,-0.227101,-0.234061,-0.065774,0.184008,0.001492,-0.319695,0.285652,0.232878,-0.100911,-0.316852,0.109797,#
9,0.316818,0.383317,-0.11945,-0.423577,-0.164234,0.326481,0.413139,0.503124,0.158358,1.0,-0.12321,-0.036898,0.498809,0.788479,0.434224,0.396093,-0.304254,0.244353,0.349393,0.19427,0.147678,0.378319,0.386618,0.087852,0.045459,-0.203704,-0.071983,-0.034162,0.337172,0.418472,0.225755,0.40991,0.40037,-0.405833,-0.045479,-0.139142,0.402688,-0.177731,0.133681,-0.611018,0.181875,0.469621,0.114626,0.171754,0.012138,-0.619151,0.271724,0.086066,-0.097022,0.309351,-0.081204,-0.04859,0.352543,0.007553,0.457979,0.335797,-0.243299,-0.488751,-0.354856,0.221909,0.689776,0.047909,-0.447616,0.173958,-0.223912,0.383426,-0.119004,0.253004,-0.749734,0.129606,0.035608,0.401812,-0.050074,-0.118802,-0.334239,0.107765,-0.263621,-0.14913,-0.055368,0.102737,0.148046,-0.464691,-0.331827,0.02023,-0.331827,0.137939,-0.134225,-0.222654,0.175289,-0.428143,-0.060365,-0.239485,-0.339941,0.39391,0.129384,-0.024503,-0.37045,-0.183501,0.001732,-0.323147,-0.205355,0.087967,-0.293377,-0.316673,-0.160654,-0.294652,-0.573252,-0.018371,-0.214275,-0.32144,0.269647,0.309208,-0.464691,-0.17496,-0.039215,-0.109041,-0.235839,-0.286776,0.509249,-0.649244,-0.133884,-0.524002,-0.044704,-0.268739,-0.393005,-0.028087,0.200119,0.038733,-0.258784,-0.221428,-0.060716,0.008385,-0.315502,-0.071316,-0.557253,-0.390635,-0.105425,-0.309383,0.282835,-0.578669,-0.097324,0.054906,-0.301814,-0.423503,-0.577519,0.092095,-0.057053,0.06816,-0.340057,-0.262493,-0.243377,0.064544,0.018286,-0.410113,-0.047619,-0.340958,0.554725,0.319713,-0.288839,-0.104555,0.046633,-0.011831,-0.328221,0.121294,0.353984,0.656724,-0.038621,0.055748,-0.405983,0.036228,0.00036,0.19903,-0.142484,-0.113189,0.252928,-0.264662,-0.099613,-0.136278,0.751599,-0.363796,0.686768,0.193018,-0.53702,-0.019322,0.328827,0.050518,0.443457,0.100021,-0.445735,0.126423,-0.221737,0.115157,0.208769,0.225603,-0.313626,0.0001,0.06448,-0.106594,0.156405,0.459664,#
10,0.109566,-0.064744,-0.049163,0.029855,0.175356,0.044171,0.130877,-0.218208,-0.138721,-0.12321,1.0,-0.186045,-0.224461,-0.28194,-0.226684,-0.021556,-0.020032,-0.38574,0.01569,-0.364592,-0.218199,-0.218846,0.122432,0.332907,0.196343,0.205135,-0.098021,-0.05494,0.165965,-0.115701,0.055712,0.042988,-0.283514,-0.519763,0.1152,0.11519,0.32595,0.183077,-0.046009,0.264428,-0.129477,-0.357518,-0.153302,-0.056478,0.268357,0.058847,-0.460828,-0.057935,-0.054355,0.435463,0.014983,-0.056426,-0.026619,0.143621,0.115732,-0.130856,-0.143392,0.179239,0.127155,-0.300111,-0.358451,0.118032,0.0239,0.110632,0.194231,-0.00275,0.192606,-0.047007,0.038826,-0.062798,0.066217,-0.276107,-0.279064,0.103866,-0.052363,0.250302,-0.141791,-0.205233,-0.205061,-0.204408,-0.144438,0.092874,-0.043741,0.338266,0.113728,-0.232487,0.180865,0.180228,0.038308,-0.120842,-0.201849,0.079712,-0.054356,-0.328295,0.002816,-0.147259,-0.241404,-0.300247,0.278248,-0.041803,0.089418,-0.213562,-0.135593,-0.393601,0.090337,-0.11985,-0.29958,0.374078,0.086673,0.320234,-0.217191,0.117209,-0.081768,-0.225858,-0.122989,-0.230024,-0.291083,-0.264495,-0.248405,0.173465,-0.584105,0.323671,0.102854,-0.437189,-0.246049,-0.080528,-0.035145,0.020547,0.066861,-0.330702,-0.380863,-0.291401,-0.152069,-0.07687,-0.154416,0.044735,-0.233588,-0.026657,-0.132816,-0.064761,-0.02959,0.243723,-0.393693,-0.063134,0.407445,-0.036979,-0.006466,0.310468,0.096816,0.032893,0.118556,0.083037,-0.200448,0.082798,-0.283924,-0.045299,-0.322263,-0.011638,0.185368,0.145677,-0.174363,-0.209571,-0.057444,0.22148,0.075831,-0.039645,0.067677,-0.237905,-0.112761,-0.023409,0.253769,0.173801,0.160691,0.067335,-0.038907,-0.191299,0.214591,0.189578,-0.05288,-0.056708,-0.172921,0.04261,-0.016882,0.123448,0.190704,-0.059224,-0.048842,-0.189387,0.164984,0.136922,0.09074,0.327115,0.29753,-0.255851,-0.17501,-0.040064,0.097277,0.006153,-0.060182,-0.123041,#
11,0.043792,-0.080182,-0.111144,-0.381768,0.154062,0.478031,0.231672,0.245555,-0.013633,-0.036898,-0.186045,1.0,0.199506,0.199398,-0.097978,0.01886,-0.154714,0.035136,0.077331,0.015186,0.228569,-0.233094,0.082553,0.014777,0.277038,-0.043645,-0.038364,-0.060707,-0.172253,0.11363,-0.283917,-0.176199,-0.201482,0.132778,-0.227848,0.059385,-0.067464,0.167479,0.023214,-0.033734,-0.089105,0.216082,-0.230345,-0.424488,0.070111,0.019788,0.173642,-0.092737,-0.123529,0.018874,-0.171384,-0.220403,-0.15739,0.274093,-0.128022,0.089884,-0.357983,0.14373,-0.18305,-0.130654,-0.032355,-0.32307,-0.104639,0.307503,-0.100913,0.27414,0.008643,-0.056974,0.240811,-0.402205,0.105312,0.16493,0.048321,0.066351,0.039179,-0.035152,-0.205762,0.018572,-0.261542,-0.110603,-0.35761,-0.437046,-0.113859,-0.041378,-0.113859,-0.424086,-0.193939,-0.012056,-0.199583,0.107415,-0.108824,-0.418616,-0.293426,-0.11502,-0.197594,-0.35149,-0.251139,-0.028792,-0.282002,-0.13985,0.110247,-0.158913,-0.355297,-0.133744,-0.097708,0.118557,-0.206965,0.160582,-0.069021,-0.00879,-0.032538,0.136288,-0.437046,-0.300533,-0.077115,0.045627,-0.053837,0.283283,0.060155,-0.026702,0.013766,-0.146878,-0.116778,-0.083001,0.083184,-0.109404,0.068372,0.356225,0.012063,-0.07218,-0.271011,-0.042452,-0.191509,0.107165,-0.179058,0.133666,0.245281,-0.201455,-0.213377,-0.268008,-0.344647,0.285069,-0.166034,-0.095871,-0.263964,0.027728,0.010853,0.046539,-0.292609,-0.056433,-0.360789,0.275062,-0.303623,0.279936,0.286659,-0.150404,0.002978,0.309145,-0.395222,-0.538242,-0.16189,-0.290652,0.05534,-0.247374,-0.085312,0.055029,-0.227666,0.130584,0.31744,0.19152,-0.055883,0.154877,0.008696,-0.436901,0.083351,-0.214135,-0.063526,0.317204,0.093785,-0.119171,0.094584,-0.323291,-0.099781,0.07278,0.336978,0.119609,-0.086005,-0.014898,0.15024,0.073571,-0.12172,0.192684,0.117248,0.150279,-0.19115,-0.13656,0.252146,-0.37519,-0.075319,-0.050701,#
12,0.185003,-0.017163,-0.332389,-0.4835,-0.126587,0.328037,0.276389,0.707929,0.074554,0.498809,-0.224461,0.199506,1.0,0.609982,0.228046,0.309899,0.016603,0.056505,0.034865,0.069952,0.118971,0.052142,0.391875,0.049372,-0.23018,-0.359376,-0.17673,-0.187752,0.141679,0.175743,0.03461,0.080298,0.346721,-0.015596,-0.323611,0.110006,0.320433,-0.245467,-0.272671,-0.265394,-0.123519,0.318458,0.290166,-0.201808,-0.283891,-0.409555,0.195726,-0.293907,-0.01942,0.119654,-0.163921,-0.107262,0.195786,0.163619,0.506666,0.51875,-0.305123,-0.365891,-0.142544,-0.085621,0.509826,0.198352,-0.118388,0.350435,-0.107603,0.354442,-0.246914,0.38374,-0.336462,-0.06855,-0.027185,0.080256,-0.342406,-0.358836,-0.28599,0.090535,-0.049737,0.070824,0.006894,-0.007999,-0.171041,-0.336243,-0.087038,-0.416926,-0.087038,-0.017448,-0.266203,-0.107386,-0.034127,-0.116631,-0.138396,-0.401789,-0.526467,0.331638,-0.131256,-0.404233,-0.287045,-0.176942,-0.318165,-0.434975,0.073572,-0.301651,-0.472067,0.057357,-0.339052,-0.27348,-0.477296,-0.115163,0.239261,-0.437071,-0.159763,0.098304,-0.336243,-0.424238,-0.176971,-0.223378,0.028565,-0.209029,-0.10482,-0.326121,-0.012807,-0.572569,-0.204941,-0.358128,-0.235043,-0.250783,0.082133,0.223858,-0.283268,-0.052338,-0.239003,0.018381,-0.413117,0.077942,-0.272174,-0.273767,0.221777,-0.690645,-0.280784,-0.394205,-0.007355,0.015652,-0.246162,-0.250748,-0.384415,0.161343,0.140803,0.127896,-0.264744,-0.483364,-0.220601,-0.218283,-0.168888,-0.204428,0.176232,-0.407503,0.166683,0.4062,-0.244731,-0.279283,0.093519,-0.305869,-0.128379,-0.212748,0.108104,0.307022,-0.18898,0.228016,-0.035917,0.082352,-0.041729,-0.022465,-0.449876,-0.160961,0.263262,-0.291505,-0.123631,0.043047,0.343221,-0.488723,0.380484,0.281089,0.02223,-0.126306,0.092884,-0.070462,-0.008305,0.025076,-0.379988,0.314737,-0.276716,0.01494,0.320846,-0.188915,0.138057,0.077955,-0.099042,-0.220359,-0.079108,0.347124,#
13,0.342368,0.30231,-0.163514,-0.63037,-0.247732,0.567172,0.488842,0.622959,0.208154,0.788479,-0.28194,0.199398,0.609982,1.0,0.46409,0.31075,-0.260717,0.023661,0.27433,0.212543,0.359036,0.338065,0.409522,0.130574,-0.137495,-0.301828,0.132538,-0.17941,0.366929,0.348667,0.117638,0.341182,0.365563,-0.126364,-0.210489,-0.041133,0.247969,-0.226604,0.00142,-0.454997,0.064153,0.492904,0.010557,-0.12524,0.1397,-0.691762,0.295552,-0.073406,-0.003816,0.16266,-0.083261,-0.194564,0.206756,-0.188294,0.276761,0.456322,-0.167877,-0.513538,-0.335388,0.32731,0.796201,0.026852,-0.422574,0.144621,-0.042183,0.56961,-0.308686,0.388549,-0.474831,-0.002527,-0.143036,0.425735,-0.102123,-0.163462,-0.267377,0.053096,-0.270558,-0.114444,-0.090096,0.046284,0.099912,-0.567725,-0.36943,-0.094722,-0.36943,0.117052,-0.183781,-0.319089,0.148233,-0.355457,0.059551,-0.305333,-0.379027,0.253846,0.022824,-0.085617,-0.411051,-0.112946,-0.092301,-0.501854,-0.14133,-0.052932,-0.321628,-0.29855,-0.265924,-0.338265,-0.362671,-0.146556,-0.102907,-0.522272,0.201256,0.28993,-0.567725,-0.145911,0.097301,-0.020625,-0.439617,-0.142724,0.459793,-0.528457,0.00425,-0.624144,-0.0649,-0.287408,-0.349126,-0.158954,0.110426,-0.003185,-0.409791,-0.198756,-0.096192,0.001741,-0.378373,-0.129354,-0.491551,-0.365624,0.353247,-0.380486,0.131148,-0.669511,-0.038482,0.102058,-0.179539,-0.408024,-0.593808,-0.095435,0.231523,0.039472,-0.45883,-0.22428,-0.151439,-0.059017,0.060393,-0.311067,0.01379,-0.360714,0.64821,0.267941,-0.419078,-0.301971,0.045822,-0.026544,-0.138757,-0.259741,0.155233,0.47613,-0.228407,0.176217,-0.270208,0.078024,-0.140172,-0.016724,-0.260596,-0.19037,0.31218,-0.188619,-0.033558,-0.096708,0.713169,-0.422465,0.617109,0.179677,-0.472685,0.058309,0.384961,0.119482,0.236937,-0.040743,-0.43494,0.294366,-0.27524,-0.032353,0.163073,0.093976,-0.320136,0.063545,0.091715,-0.262849,0.080261,0.294243,#
14,0.027361,0.422737,-0.132453,-0.031844,-0.191715,0.154905,0.068955,0.190549,0.171607,0.434224,-0.226684,-0.097978,0.228046,0.46409,1.0,0.043002,-0.143764,0.182265,0.452482,0.154963,0.354536,0.151441,0.211053,0.033795,-0.234924,-0.019207,0.109634,0.206945,0.309213,0.12868,0.048661,0.26036,-0.06101,0.140419,-0.055538,-0.118386,-0.096725,-0.025496,-0.109907,-0.241308,0.368948,0.351996,-0.024876,0.331631,0.405202,-0.267275,0.1281,0.04618,0.207792,-0.007956,0.180916,0.007997,0.163085,-0.133092,0.143806,0.375906,0.127266,-0.509139,-0.170286,0.211987,0.331802,-0.110207,-0.276488,0.197097,0.240436,0.111199,-0.096343,0.02917,-0.416447,0.127487,0.058659,0.249478,0.296914,0.046652,0.045063,-0.193868,-0.026253,0.00439,0.01387,0.163462,0.100104,-0.137369,0.018606,0.118693,0.018606,0.364578,0.100391,-0.071816,-0.076681,-0.222971,0.204148,0.033333,0.009612,0.25569,0.119351,0.099607,-0.068545,-0.054516,0.020156,-0.300695,0.085306,0.229578,-0.178671,-0.122629,-0.322726,-0.24131,-0.179932,-0.117715,-0.122278,-0.077329,0.200914,0.13892,-0.137369,0.017226,-0.06739,0.017996,-0.21853,0.139882,0.329984,-0.256503,0.028157,-0.173387,-0.094008,-0.046461,-0.253767,-0.153478,-0.162533,-0.033051,-0.45099,0.078514,0.009417,0.281271,-0.069332,-0.099402,-0.195821,-0.22814,0.261646,0.027364,-0.114604,-0.301385,0.046121,-0.464326,0.035234,0.106986,-0.152173,-0.070021,0.018489,-0.205931,-0.14024,-0.069549,-0.147191,-0.111447,0.208446,-0.064107,-0.143865,-0.022247,0.418047,0.045389,-0.056289,0.002413,-0.024023,0.049697,0.027231,-0.190929,-0.25891,0.333397,0.272198,-0.006413,-0.070537,0.031555,-0.063811,-0.046239,-0.116466,0.193272,0.064212,0.155139,-0.107085,-0.025621,0.384235,-0.145778,0.234151,0.440293,-0.172007,-0.13454,0.151381,0.175134,0.495005,-0.046341,0.127175,0.0571,-0.14645,-0.365338,0.080957,0.032698,-0.172084,-0.103549,0.087192,-0.052403,0.168094,-0.045489,#
15,0.221656,0.243357,0.160974,-0.263838,-0.31736,0.219976,0.436669,0.306455,0.036871,0.396093,-0.021556,0.01886,0.309899,0.31075,0.043002,1.0,-0.187952,0.478361,0.198995,0.094026,-0.03114,0.057274,0.339918,-0.076548,-0.017747,-0.146293,-0.01334,0.041097,0.385394,0.317291,0.17713,0.013767,0.259874,-0.342799,0.080193,-0.095622,0.410473,-0.036301,0.185932,-0.342293,0.137177,0.122585,0.408546,-0.020483,-0.025416,-0.309874,-0.081599,-0.050887,0.10021,0.301491,-0.009833,0.11509,0.247481,-0.16727,0.26647,0.007408,-0.072466,-0.495053,-0.284856,0.169442,0.205921,0.303854,-0.209327,0.100283,0.144181,0.172957,-0.236364,0.276409,-0.451962,0.103656,0.248312,0.299177,-0.296347,-0.396774,-0.209414,0.318335,0.074893,0.076334,0.00425,0.167712,0.182372,-0.379183,-0.203024,0.294976,-0.203024,-0.135373,-0.18212,-0.286756,0.123308,-0.007514,-0.082348,-0.100898,-0.207406,0.320186,0.269925,-0.339891,-0.064168,-0.329003,0.203815,0.074255,-0.294872,-0.178821,-0.372147,0.080993,-0.168468,-0.101788,-0.253601,-0.031073,-0.124046,0.138126,-0.078425,0.279496,-0.379183,-0.293423,0.182165,-0.096232,-0.068941,-0.366088,0.178059,-0.472927,-0.197787,-0.008393,-0.244088,-0.355908,-0.488875,-0.117685,-0.049252,0.331702,-0.353991,-0.34276,0.001084,-0.045869,-0.224047,-0.047563,-0.267119,-0.234089,-0.06539,-0.063208,-0.076901,-0.435913,0.035453,0.501898,-0.182729,-0.249071,-0.10432,0.116148,0.116832,0.338605,-0.152561,-0.425379,-0.112904,-0.143134,0.24819,-0.046495,0.238934,-0.300466,0.061227,0.383484,-0.222923,-0.170419,0.182569,-0.041525,-0.08426,-0.045539,0.234951,0.142275,-0.230082,0.147965,-0.13484,-0.098689,0.21443,0.11731,0.062821,-0.202018,0.089214,-0.219769,0.002331,0.130261,0.338548,-0.489716,0.535513,-0.198695,-0.381573,0.139548,0.215027,-0.33952,0.369518,-0.022393,-0.371313,0.118272,-0.098102,-0.059761,0.121798,0.315463,-0.181958,-0.214398,-0.008794,-0.044718,0.238467,0.380365,#
16,-0.184382,-0.051298,-0.194668,0.074561,0.281186,-0.107988,0.12428,0.014203,0.076721,-0.304254,-0.020032,-0.154714,0.016603,-0.260717,-0.143764,-0.187952,1.0,-0.048285,0.000496,0.027126,-0.055034,-0.187425,0.036601,-0.380928,-0.404542,-0.223112,-0.353097,0.054142,-0.107661,-0.280781,-0.430195,-0.214401,0.066464,0.175401,0.084171,0.024581,-0.23653,-0.396147,-0.164775,0.428646,-0.085707,-0.36349,0.074705,-0.082842,-0.246486,0.11271,-0.254905,-0.175364,0.265171,0.260233,0.101335,0.026934,-0.023043,0.135275,0.16427,0.236302,0.164251,-0.114963,0.260121,-0.313249,-0.353292,0.377996,0.321276,-0.135721,-0.074202,0.001366,0.054077,-0.06133,0.098344,-0.234822,-0.302031,-0.460923,-0.242758,-0.171313,-0.085511,-0.075584,0.231513,-0.385241,0.207939,0.024857,-0.118035,0.19444,0.08661,-0.397942,0.08661,0.18272,-0.049513,-0.039151,-0.025255,-0.037576,0.087978,0.095401,-0.086756,-0.212182,-0.037472,-0.12243,0.125602,-0.142522,-0.070777,0.191754,0.063096,0.11166,0.132531,0.187593,-0.096022,0.24963,0.015514,-0.478038,-0.050321,-0.031368,-0.47235,-0.207468,0.19444,0.015315,-0.126698,-0.074845,0.478806,0.133871,-0.334071,-0.022828,-0.101956,-0.117051,-0.100704,-0.225415,0.178067,-0.199798,-0.165099,-0.287078,0.067031,-0.051838,-0.168753,-0.39896,-0.214565,0.106365,0.332352,0.24788,0.020147,-0.245201,-0.360677,0.278866,0.094054,-0.224409,-0.315719,0.199188,-0.08834,-0.266571,-0.165674,0.188948,0.107513,0.078943,0.063167,-0.056458,0.012465,-0.145566,0.158613,-0.187653,-0.3152,0.2592,0.06201,0.323706,-0.321829,0.105462,-0.009939,-0.344733,-0.334499,-0.109862,0.266351,-0.208458,-0.052899,0.006847,-0.268987,-0.086221,-0.187429,-0.188953,0.081542,0.040707,0.166979,-0.060885,-0.003365,-0.17601,-0.31521,0.124609,0.748393,-0.104437,-0.152255,-0.373177,-0.378614,0.068447,0.138117,-0.285547,-0.221399,0.063004,-0.235742,-0.465698,0.245958,-0.100726,-0.204974,-0.133658,-0.372584,0.14853,#
17,-0.39476,-0.00389,0.345219,0.170125,-0.242221,0.052628,0.171689,0.261465,0.220642,0.244353,-0.38574,0.035136,0.056505,0.023661,0.182265,0.478361,-0.048285,1.0,0.102161,0.262042,-0.228919,0.247081,-0.026139,-0.059984,0.276402,0.339678,0.149419,0.077325,0.064258,0.025476,-0.014966,-0.031924,0.017782,0.060457,-0.13179,-0.098577,-0.189204,-0.009672,0.065331,-0.559192,0.078205,0.077532,0.454833,0.433377,-0.101554,-0.073926,0.062562,0.113168,-0.142282,0.025176,-0.107044,0.264554,-0.016152,0.085635,0.168825,0.063998,0.071786,-0.271073,-0.029227,0.2543,0.061838,-0.16384,-0.174452,0.151095,-0.114523,-0.018073,-0.018526,0.124762,-0.365001,0.307465,0.30135,0.416399,-0.049706,-0.204265,0.014872,0.04179,0.341276,0.120906,0.089247,-0.087133,0.147679,0.006705,-0.228925,0.258687,-0.228925,0.18423,0.117698,-0.219589,-0.014323,0.008729,0.034737,-0.11689,-0.08114,0.581277,0.13938,-0.064169,0.255854,-0.094366,-0.004483,0.132591,-0.245113,0.130939,-0.02117,0.312996,0.020359,0.15626,-0.143198,-0.128219,-0.141728,-0.012189,-0.089146,0.095602,0.006705,-0.122531,0.088961,0.021281,0.229829,-0.054298,0.32948,-0.450537,0.130939,-0.213828,-0.141859,-0.038123,-0.009516,-0.01403,0.015133,0.159776,-0.055451,0.0628,0.066525,0.262018,-0.03209,0.079209,-0.058446,0.040634,-0.058618,-0.037509,-0.015764,-0.109192,-0.037018,-0.054813,-0.048296,-0.142896,-0.256417,0.071434,-0.025343,0.162533,0.02788,-0.013651,-0.315876,0.015174,0.129637,0.027386,0.149435,-0.069012,-0.129689,0.339261,0.072196,-0.04425,0.124606,0.208891,-0.241549,0.137251,0.109855,0.358051,0.028694,0.029157,-0.146423,0.240185,0.103855,-0.183748,0.096393,0.027396,0.176722,0.094598,-0.012448,-0.212555,0.322606,-0.125574,0.396568,-0.068993,-0.074688,-0.116123,0.072346,-0.103279,0.342439,0.43225,-0.200812,-0.300016,0.141114,-0.287409,-0.069197,0.157433,-0.218859,-0.301129,0.015891,0.050988,0.124529,0.18401,#
18,0.335874,0.743517,-0.210694,-0.135086,-0.021246,0.391956,0.50737,0.23317,-0.021578,0.349393,0.01569,0.077331,0.034865,0.27433,0.452482,0.198995,0.000496,0.102161,1.0,-0.067936,0.402409,0.121335,0.102304,-0.035965,0.009386,-0.020376,0.036074,0.160024,0.099494,0.194081,-0.354895,0.020241,0.114646,-0.085373,-0.044533,-0.06033,-0.025169,-0.071654,-0.05088,-0.055471,0.33578,0.470145,-0.145355,0.33464,0.438702,-0.042864,0.040374,-0.260994,0.165623,0.243125,-0.003284,0.026648,0.325881,0.127031,0.299762,0.28177,-0.018161,-0.434738,-0.39187,-0.172149,0.240118,-0.243434,-0.156405,0.303251,0.077157,0.287764,-0.135304,-0.014909,-0.253912,-0.376421,0.140521,0.041969,-0.1909,-0.066456,-0.086342,-0.017708,-0.271812,-0.119143,0.110894,0.139761,0.096333,-0.244794,-0.179711,-0.047366,0.00284,-0.12887,-0.040183,-0.137466,0.010859,-0.225528,-0.345834,-0.335895,-0.097923,-0.184029,0.073965,-0.107394,-0.09493,-0.278245,0.254504,-0.266967,0.272954,0.308403,-0.174086,-0.453968,-0.453723,0.036135,-0.164596,-0.128479,-0.079309,-0.011547,0.010692,0.278047,-0.274696,-0.17329,-0.031929,0.299513,-0.09382,-0.006899,0.247742,-0.201889,-0.255444,-0.249721,-0.290855,-0.226726,-0.365208,-0.195951,0.050817,-0.052268,-0.388179,-0.138419,-0.255089,-0.173687,-0.243446,0.127549,-0.331214,-0.157512,0.112611,-0.013692,-0.033904,-0.331522,-0.185713,-0.206398,-0.278818,-0.122222,-0.143212,-0.233206,-0.086347,0.204201,-0.298775,-0.219031,-0.171244,-0.012401,-0.079394,-0.12518,0.191548,-0.136653,0.33636,0.124409,-0.28551,-0.0722,-0.257707,0.136933,-0.170181,-0.260243,-0.047284,0.241775,0.361984,0.134557,-0.111549,-0.267713,0.181522,0.252317,0.068841,0.094499,0.273527,-0.25142,0.128835,-0.082582,0.414777,-0.298847,0.094554,0.33707,-0.007763,0.213326,0.521973,-0.007216,0.458605,-0.018509,-0.020447,0.311306,-0.217908,-0.069681,0.294457,-0.13149,-0.538829,-0.152161,0.566823,-0.288046,-0.103149,0.188015,#
19,-0.31896,0.062263,-0.029235,-0.075886,-0.341474,-0.149585,-0.24548,0.021237,-0.164807,0.19427,-0.364592,0.015186,0.069952,0.212543,0.154963,0.094026,0.027126,0.262042,-0.067936,1.0,0.310949,0.205606,-0.045795,0.08648,-0.191728,-0.129719,0.006955,-0.170114,-0.168142,-0.174353,0.388384,0.472567,0.452969,0.325291,-0.125901,-0.468277,0.003499,0.052148,-0.307072,-0.341131,0.080723,0.099234,-0.033906,-0.038118,-0.192591,-0.255083,0.198709,0.024742,0.096881,-0.186152,-0.035644,-0.153251,0.38175,-0.29602,-0.311223,-0.165201,0.111107,-0.326652,0.364532,0.083581,0.167742,0.010499,-0.271868,-0.343137,0.06523,-0.008755,-0.180287,-0.292382,-0.252199,0.367409,-0.309749,0.133812,0.159715,-0.209122,-0.048769,-0.67811,0.290081,0.281599,0.576753,0.224783,0.420784,0.182807,0.156372,-0.030698,0.337965,0.545637,0.173411,-0.235477,0.343921,0.036212,0.423259,0.441835,0.148573,0.367692,0.146397,0.379921,0.130376,0.19433,0.27239,0.280868,-0.490453,0.018021,0.169517,0.286541,0.437513,0.447849,-0.056172,-0.306696,0.31188,-0.232636,0.25504,-0.252408,-0.003098,0.291493,-0.037501,0.158666,0.168699,-0.039275,0.219806,-0.387013,0.232689,-0.165978,-0.092739,0.176769,-0.14917,0.334224,0.369731,0.082022,0.36824,0.528489,0.536428,0.320122,0.310209,-0.061317,0.473556,0.173047,0.178944,-0.061846,0.086666,0.107335,0.244009,0.119032,0.029667,-0.210354,-0.046573,0.345408,0.449823,-0.465951,0.073433,0.192923,0.037954,0.255443,0.478607,0.165051,0.056122,0.281488,0.404849,-0.220996,0.015078,0.02181,0.033345,0.338516,0.226428,0.037618,0.024045,0.302446,0.342723,0.009399,0.100028,0.250408,-0.569648,0.007192,-0.086383,0.013821,-0.415747,0.187807,0.228189,-0.560529,0.16216,0.17639,0.112709,-0.184462,-0.213073,-0.373989,-0.318631,-0.309608,0.378361,0.398247,-0.232779,-0.060907,0.133617,-0.227607,-0.505452,-0.080103,0.179322,-0.554521,-0.348068,0.175459,0.392642,0.043262,#
20,0.333587,0.341214,-0.084386,-0.224364,-0.325709,0.037532,-0.062582,0.134221,-0.283128,0.147678,-0.218199,0.228569,0.118971,0.359036,0.354536,-0.03114,-0.055034,-0.228919,0.402409,0.310949,1.0,0.141789,-0.243393,-0.071788,-0.063497,-0.241185,-0.061275,-0.291726,-0.158919,0.006536,0.260855,0.319687,0.245079,0.440646,-0.393638,-0.17525,-0.110374,-0.016009,-0.11031,-0.164799,0.391654,0.258904,-0.343522,-0.102392,0.219156,-0.290846,0.019869,-0.1325,0.115999,-0.295748,-0.106179,-0.204101,0.491835,-0.086956,-0.201263,0.019213,-0.16291,-0.306918,-0.256925,0.199271,0.252076,-0.054931,-0.099057,-0.05236,0.156914,-0.0198,-0.483508,0.002081,-0.037233,-0.048885,-0.36037,0.275352,0.131941,-0.057122,-0.148308,-0.501768,0.117418,0.11634,0.32715,0.323091,0.460909,-0.247188,0.151877,-0.22516,0.151877,0.026799,-0.040474,0.180219,0.263879,0.071047,0.049307,0.043546,0.142932,-0.043408,0.18957,0.142451,-0.219217,0.159853,0.281117,-0.026604,0.23467,0.325879,0.002809,-0.013481,-0.069063,0.070936,0.118406,0.068566,-0.043223,-0.261954,0.219466,0.201987,-0.247188,0.175736,0.214599,0.41039,-0.121626,0.158031,0.216618,-0.122218,0.138582,-0.085831,-0.239017,0.104525,-0.254485,-0.044076,0.067514,-0.203464,-0.161156,0.374179,0.150206,0.129735,0.254101,0.261805,0.020263,0.253517,0.130562,-0.127738,0.206506,-0.108076,-0.063194,0.095806,0.127625,0.09955,0.027936,-0.037083,0.066971,-0.234977,-0.24577,0.080238,0.10162,-0.030726,0.140069,-0.133214,0.181609,0.272238,0.361081,-0.174187,-0.332519,-0.111792,0.161944,0.025354,0.344906,-0.394619,-0.224632,-0.034656,0.18977,0.297579,0.217513,-0.203195,-0.353442,0.289898,-0.007193,0.088017,-0.229498,0.064004,-0.15127,-0.336034,0.089586,0.176617,-0.304367,-0.028383,-0.065453,0.0194,-0.147995,0.186541,0.174365,-0.344352,-0.049662,0.219788,-0.231956,-0.222269,-0.204616,-0.168172,0.047919,-0.120753,0.134325,-0.343669,0.055889,-0.109763,#
