0,1.0,0.214732,-0.076151,-0.365202,0.141997,0.104551,0.4038,-0.275591,0.08707,0.244906,0.223427,-0.380614,0.420007,0.205736,-0.05034,0.099685,-0.261744,-0.085804,0.485329,0.026344,-0.068741,0.04946,0.229455,-0.144023,-0.0827,-0.132076,-0.277973,-0.027916,0.406444,0.197339,-0.442969,-0.045519,0.172541,-0.355774,0.371581,0.324101,0.321256,0.010609,-0.142375,0.271534,-0.118682,0.134786,0.028152,-0.195224,0.109297,-0.176151,0.401969,0.23187,-0.077944,0.004281,0.345079,-0.309941,0.113983,-0.064472,0.177285,0.06732,0.066812,0.061126,-0.063824,0.17907,0.365197,-0.15366,-0.121313,0.401388,-0.169477,0.048334,-0.240026,0.085392,-0.103405,0.012371,0.21001,0.267748,0.145521,-0.379457,-0.244643,0.230499,-0.500282,-0.156438,-0.055548,0.034539,0.164089,-0.02086,-0.290696,-0.35709,-0.159075,-0.003043,-0.314894,-0.105276,-0.29174,-0.277046,-0.397172,-0.200518,-0.078779,-0.294274,-0.210801,-0.29174,-0.368745,-0.486984,-0.216201,-0.331658,0.217322,-0.186074,-0.165062,-0.340596,-0.217943,-0.293928,-0.071063,0.133792,-0.122376,-0.139064,0.152363,0.042028,-0.39551,-0.429073,-0.057437,0.000588,-0.093325,0.024896,0.02411,-0.082583,-0.253304,-0.240421,-0.108447,0.013302,-0.321576,0.132045,0.279287,0.13538,-0.124631,-0.172515,-0.165757,-0.307009,-0.158948,0.367211,0.005089,-0.331122,-0.060887,0.087285,0.415318,0.175287,-0.248822,0.12902,-0.041163,-0.451758,-0.24496,0.131381,-0.240314,0.067138,-0.312257,-0.30095,-0.286316,-0.109122,-0.354936,-0.160318,0.270493,-0.145329,0.252841,0.075055,-0.429454,-0.088316,0.029405,-0.094192,-0.240421,0.039844,0.339049,0.134231,0.306625,0.151136,-0.257214,-0.271573,0.131874,-0.021866,0.00398,0.007113,-0.013437,-0.15581,-0.219549,-0.259171,0.138571,-0.463208,0.202584,0.225408,-0.032919,0.353728,0.117699,-0.074384,0.386731,-0.058356,0.132767,0.375339,-0.280594,0.044636,0.522342,0.007261,-0.04486,0.402837,0.123332,0.132651,0.061283,0.050328,#
1,0.214732,1.0,-0.015544,0.120495,-0.053901,-0.146153,0.360415,-0.1113,-0.037949,0.270897,0.102378,-0.146153,-0.013347,0.028912,-0.095379,-0.040467,0.183183,0.067415,0.187455,-0.121553,0.303414,0.153874,0.136931,-0.559993,-0.074823,-0.336328,-0.337252,-0.101961,0.089801,-0.003648,-0.055849,-0.160912,0.130827,-0.047518,0.209633,0.297027,-0.147355,-0.383166,0.097037,0.107892,0.063726,0.182762,-0.083905,0.258397,0.024371,0.130388,-0.014651,-0.064228,0.267691,0.250657,-0.00173,0.021593,0.217972,0.231349,0.387025,-0.082509,0.122736,-0.112614,-0.150312,-0.134383,0.079666,-0.100258,0.16016,0.10214,0.100289,0.28602,-0.33035,0.294033,0.020161,0.028826,0.015195,-0.096365,-0.172939,-0.3504,-0.227287,0.003307,-0.068413,0.008001,0.246933,-0.116197,0.014482,-0.070653,-0.115044,-0.094321,-0.193571,-0.001974,-0.120132,-0.058614,-0.121765,-0.117163,-0.365851,-0.095934,-0.346774,0.03894,-0.075262,-0.121765,-0.0481,-0.062406,-0.016625,0.084531,0.096676,0.155055,0.132646,0.005204,-0.249294,-0.267145,0.166015,-0.086548,-0.239125,-0.064736,0.19261,-0.230932,-0.091992,-0.028418,-0.165765,-0.203988,0.121271,-0.181339,-0.14575,-0.196783,-0.180386,-0.216606,-0.434333,-0.126932,0.016613,-0.310461,0.123346,-0.206306,-0.194162,-0.192372,0.206883,-0.32022,-0.198391,0.001408,-0.234049,-0.392016,0.05889,0.230684,0.217052,-0.185025,0.048961,-0.275443,0.125728,-0.028922,-0.033247,-0.20797,-0.588816,0.264941,0.084904,-0.121589,0.090615,-0.214061,-0.076087,-0.365084,-0.084364,-0.138132,0.01735,0.140014,-0.016625,0.287752,-0.023151,-0.0394,-0.216606,-0.083313,-0.226204,0.29648,0.288135,-0.005545,-0.185278,-0.444146,0.249539,0.243763,-0.24906,-0.18851,0.323839,-0.40265,-0.092109,-0.051572,0.088458,-0.226552,0.051852,0.076117,0.283543,0.195863,0.222954,-0.369422,0.02228,-0.161108,-0.056598,0.213831,-0.038903,0.31181,-0.109649,-0.036913,-0.055883,-0.036545,0.225245,-0.221612,-0.392023,0.148121,#
2,-0.076151,-0.015544,1.0,-0.383577,0.113733,-0.173137,0.226277,-0.107552,0.182837,0.095828,0.215035,-0.0236,0.167646,0.110879,-0.357701,0.008828,0.138692,0.130899,0.08341,0.231624,-0.036193,0.021692,-0.1049,-0.003931,-0.352186,0.219336,0.103459,-0.252236,0.123729,-0.360673,-0.107383,0.413895,-0.010823,0.117433,-0.050168,0.14155,-0.035195,0.303038,-0.036269,-0.230748,0.344003,-0.094689,-0.027554,-0.282301,-0.037088,-0.376193,-0.213763,-0.134702,-0.174914,-0.030151,-0.018847,-0.253165,0.157698,-0.336567,-0.13911,-0.101428,-0.091748,-0.229007,0.155671,-0.146266,0.079618,-0.251121,-0.105593,-0.273342,0.415822,0.239818,0.09463,0.172945,0.204712,0.068388,-0.155029,0.143744,-0.43103,-0.046561,-0.108705,-0.201796,0.090149,-0.032604,0.001799,0.02626,0.080054,0.101892,0.202452,-0.004021,-0.120536,0.256453,0.199585,-0.149505,0.018906,0.216904,-0.052135,0.163232,0.124244,0.066709,0.150302,0.025167,0.146129,-0.320055,0.172579,0.177423,-0.265765,-0.102068,0.107407,0.243687,0.357368,-0.049509,0.067619,-0.220712,0.179037,-0.159226,-0.217881,-0.333346,-0.017703,0.132696,0.272921,-0.281256,0.091867,0.418641,-0.227213,-0.282096,-0.074192,0.266767,0.015749,-0.258994,-0.140539,0.154697,0.428338,-0.114004,0.245425,-0.122836,0.247402,-0.144209,-0.076891,-0.06752,0.348796,0.029231,0.319974,0.403202,-0.3056,0.256453,0.124244,0.293814,0.130298,0.008562,-0.114982,-0.256025,-0.042167,0.081321,-0.095032,0.014355,0.072115,0.26971,0.131114,0.01695,0.279099,-0.188492,0.058682,0.050815,0.164663,-0.083669,0.240433,-0.041444,0.255444,0.174513,-0.127227,-0.218833,0.103638,-0.053827,0.127165,0.126227,-0.115675,-0.071251,-0.130856,-0.074021,-0.237121,0.075927,0.095775,0.003084,0.115652,-0.291766,0.078265,0.045594,-0.075778,-0.063922,-0.318896,-0.00752,0.10322,0.157128,-0.170095,-0.429143,0.106889,-0.142767,-0.325655,0.228578,-0.016984,-0.187124,-0.141612,0.061016,0.155722,-0.029194,#
3,-0.365202,0.120495,-0.383577,1.0,-0.286413,-0.122195,-0.215893,0.223133,-0.45401,-0.330744,0.068385,0.049808,-0.305069,-0.341743,0.211014,-0.13448,0.236864,0.138979,-0.060761,-0.380336,0.211014,-0.154828,-0.384588,0.083802,0.350337,0.235445,-0.052604,0.101353,-0.332487,-0.123962,0.344042,-0.409992,-0.074049,-0.011453,-0.28342,-0.016474,-0.254448,-0.123992,0.173078,0.190049,-0.172526,-0.284925,-0.097961,0.278507,0.152991,0.339961,-0.238026,-0.186701,0.300649,0.113687,-0.13888,0.460386,-0.048506,0.374026,0.227016,-0.117452,0.349408,0.180027,-0.205885,-0.231887,-0.48773,0.183758,0.479837,-0.006022,-0.185362,-0.12916,-0.028529,0.040726,-0.2697,0.001343,0.094162,-0.051056,0.148637,0.201492,0.108658,-0.071627,0.356333,0.019604,-0.05373,-0.031263,0.043193,0.035452,0.267716,0.178889,0.120442,-0.295761,0.124643,0.429351,0.120302,0.116223,0.044769,-0.079062,0.044769,-0.213113,0.118825,-0.040394,0.232671,0.209469,0.108732,0.258502,0.183905,0.301956,0.188981,0.199275,-0.273632,0.067672,0.244109,0.157336,-0.107044,0.092736,-0.161909,0.274551,0.288531,0.217863,0.038538,0.309424,-0.025399,0.013017,-0.136198,0.281094,0.15736,0.28573,0.099564,0.12757,0.318547,-0.069033,-0.593142,-0.11103,-0.178318,0.130668,-0.28161,0.438947,0.186867,-0.175076,-0.079237,0.296616,-0.012807,-0.238908,-0.248383,-0.131916,0.048231,-0.130686,0.291494,0.255245,0.431309,0.024257,-0.024391,0.143745,0.363334,0.115029,0.365696,-0.202263,-0.027213,0.071339,0.005443,0.057235,-0.492467,-0.050436,0.311919,0.17845,0.050664,0.071661,-0.306746,-0.164139,-0.06601,-0.294654,-0.031064,0.19928,0.161051,0.061031,0.10514,0.385089,0.29277,0.359255,0.126958,0.029133,-0.198534,0.04872,-0.464225,0.48775,-0.524802,0.107274,0.335164,-0.190247,0.038063,-0.047792,-0.290606,-0.216472,0.200654,0.128124,0.008754,-0.115079,-0.089315,-0.240844,0.079449,-0.076736,0.197618,-0.215722,-0.563103,-0.109128,#
4,0.141997,-0.053901,0.113733,-0.286413,1.0,0.212124,-0.186777,-0.213613,0.071715,0.041188,0.414751,-0.115488,-0.065371,-0.379147,-0.13892,0.225048,0.222657,0.043109,-0.047484,0.097185,-0.292267,-0.295171,0.136893,-0.117225,0.051004,0.050053,-0.155001,0.016289,0.032665,-0.107202,-0.360308,-0.016494,0.125809,-0.017671,0.076304,0.171639,0.038149,0.045712,-0.115403,0.199719,-0.120152,-0.361861,-0.067152,0.195977,-0.198845,0.189719,-0.156365,-0.085486,0.021984,0.332686,0.036288,-0.123696,0.212901,0.441406,0.274164,0.186007,-0.374889,0.207636,0.107749,0.240723,-0.145433,-0.236041,-0.017225,0.01691,-0.456432,-0.265833,0.643418,-0.112975,-0.249283,-0.249546,0.072374,0.110792,0.167077,0.197492,0.126937,-0.054953,0.03273,0.032405,0.117806,-0.051118,-0.134457,0.351157,0.123072,0.227867,0.277171,0.044462,0.117795,-0.048915,-0.057253,-0.028392,0.193735,0.472329,0.193735,0.261687,0.113882,0.113661,0.09934,0.025584,-0.25844,-0.099847,0.022984,0.138064,0.048783,0.038008,0.331914,-0.134125,-0.017843,0.306989,0.045174,0.215442,0.036714,-0.020609,-0.05993,-0.119928,-0.273583,0.267715,-0.012295,0.373427,-0.367234,-0.020771,-0.409584,0.277071,-0.20066,-0.021316,-0.029726,0.118545,0.044557,0.205126,0.07786,-0.037705,0.36779,-0.206714,0.206906,0.112163,0.132529,-0.042531,0.169176,0.206731,-0.260911,0.358207,0.049427,-0.114064,-0.345436,0.232371,-0.044214,-0.123848,-0.028774,-0.239483,0.028494,-0.145048,0.033648,0.029294,-0.229977,0.050292,0.049437,0.061197,0.010875,-0.047827,-0.466543,0.17157,-0.226223,-0.281879,-0.009159,0.350397,0.114947,0.053589,0.157431,0.056769,-0.024728,0.225581,0.126083,-0.187774,0.261372,0.027481,-0.372466,0.201396,-0.039042,-0.115053,0.053067,-0.004033,-0.033272,0.285592,-0.008784,-0.028403,0.063655,0.112221,0.522947,0.291626,0.183645,-0.178138,0.228254,-0.106348,0.121697,-0.096907,-0.211502,0.185905,0.057788,0.268893,0.162472,-0.272286,#
5,0.104551,-0.146153,-0.173137,-0.122195,0.212124,1.0,0.144496,0.238677,0.020212,-0.397613,-0.00454,0.201998,-0.142977,-0.225006,-0.097878,-0.159455,0.17827,-0.137051,-0.086579,-0.241011,0.056181,-0.343623,-0.015202,-0.232925,-0.147087,0.163359,0.063941,0.124163,-0.060411,0.156318,-0.504349,-0.076676,-0.153479,-0.163378,0.088754,0.071897,0.058459,-0.252466,0.009532,0.233133,-0.358405,0.116708,-0.321981,-0.157005,-0.1177,0.159439,0.168344,-0.292674,-0.161614,0.25616,0.076237,0.191845,-0.101436,0.184541,-0.174635,0.229233,-0.157332,0.6162,-0.354626,-0.128902,-0.077434,0.041198,0.239557,0.16895,-0.221182,-0.114279,-0.051602,-0.095568,-0.06334,-0.518788,0.237537,-0.355468,0.064772,0.024842,-0.036961,0.247816,-0.279342,0.211473,-0.334026,-0.207777,-0.423048,-0.276515,0.102652,0.181112,-0.065359,-0.410087,-0.216936,-0.040605,-0.204678,-0.053911,-0.133523,-0.153098,-0.133523,-0.063093,-0.171759,-0.03933,-0.011441,-0.261131,-0.387441,-0.393639,0.268186,-0.094977,0.205231,-0.272479,-0.342844,-0.331663,0.276343,0.267775,-0.335873,0.166017,0.211887,0.313786,-0.346377,-0.335873,-0.284913,-0.082411,0.058851,0.229921,-0.058407,-0.005466,-0.12863,-0.261335,0.127268,0.095416,-0.132176,-0.162021,-0.098239,-0.055947,-0.458662,0.098122,-0.080509,-0.219871,0.055562,0.123237,-0.361469,-0.065359,0.266734,0.277148,0.261709,-0.088401,-0.14884,0.190494,0.041125,0.200475,-0.04769,-0.250823,0.325472,-0.118285,-0.098194,-0.07285,-0.097561,-0.290656,0.049108,0.167261,0.055373,-0.032439,-0.10847,-0.207534,-0.596511,-0.125229,-0.386721,-0.32748,0.037728,-0.157578,-0.133541,-0.095183,-0.304319,-0.137611,-0.118075,-0.151183,0.178491,-0.286486,-0.073249,-0.27249,-0.09004,-0.099635,0.086201,0.036073,-0.098773,0.085536,0.129245,-0.204262,0.312806,0.125946,0.519273,-0.183131,0.022348,-0.009568,0.045208,0.254613,0.107179,0.181957,0.37716,-0.168949,-0.216444,0.146761,0.028382,0.148899,-0.234039,-0.33724,#
6,0.4038,0.360415,0.226277,-0.215893,-0.186777,0.144496,1.0,-0.129451,0.172417,0.049517,0.030375,-0.173375,0.365482,0.303469,-0.189799,0.328919,0.17217,0.46209,0.268204,0.209167,-0.209096,-0.033222,0.345887,-0.315195,-0.149175,0.036806,0.141966,-0.074249,0.611794,0.037986,-0.303899,-0.04482,-0.195439,-0.267839,0.261735,0.319728,0.113488,-0.184366,0.127285,0.185395,0.215176,0.272474,0.025076,-0.124639,0.115197,-0.330663,0.268395,-0.076783,-0.336236,0.164089,0.265087,-0.212548,-0.002242,-0.147342,0.206478,-0.075225,0.208276,-0.093901,0.010009,-0.169845,0.419102,0.156244,-0.000352,0.303894,0.29485,0.133295,-0.386569,0.179532,0.048054,-0.161612,0.202886,-0.039047,-0.24705,-0.833338,-0.465718,0.346659,-0.527958,-0.233304,-0.337934,-0.278832,-0.225206,-0.359383,-0.446076,-0.071593,-0.582191,-0.07267,-0.272605,-0.483495,-0.599903,-0.29176,-0.846799,-0.374506,-0.673407,-0.420366,-0.378027,-0.599903,-0.275637,-0.525183,-0.2839,-0.191204,-0.090345,-0.242276,-0.20777,-0.235726,-0.247172,-0.520995,0.171635,-0.059629,-0.163742,-0.193094,-0.087237,-0.043868,-0.391508,-0.342766,-0.040971,-0.603951,0.055705,-0.223315,0.097574,-0.414804,-0.262793,-0.332476,-0.31213,-0.341613,-0.238099,-0.379236,0.121353,0.273674,-0.290391,-0.261133,-0.219592,-0.609123,-0.399862,0.068084,-0.23771,-0.422637,0.126587,0.174276,0.284023,-0.389382,-0.35415,0.270032,0.062714,-0.453949,-0.468175,-0.06669,-0.332328,0.69874,-0.444898,-0.416181,-0.444041,-0.405743,-0.07621,-0.184179,-0.209997,-0.353178,0.048659,0.338781,-0.2839,-0.25928,0.239789,-0.358877,-0.032324,-0.336663,-0.155334,0.270087,-0.050783,-0.085023,-0.633589,-0.339714,0.166884,-0.052949,-0.385101,-0.388658,0.071791,-0.570905,-0.254855,0.320404,0.112868,-0.703934,0.520537,-0.262165,0.179475,0.560961,0.297653,-0.678169,0.094919,0.012283,-0.185338,0.067516,-0.314745,0.201149,0.165127,0.23719,-0.134468,-0.044615,0.119084,-0.19051,-0.155126,0.310522,#
7,-0.275591,-0.1113,-0.107552,0.223133,-0.213613,0.238677,-0.129451,1.0,-0.215111,-0.183943,-0.384344,-0.171829,-0.131635,-0.181608,0.180576,-0.281392,0.195965,-0.122177,0.165273,-0.265166,0.179346,0.224508,-0.239321,0.029462,0.028775,0.155929,-0.143886,-0.290444,-0.157155,0.113353,-0.194217,-0.131015,-0.154052,0.132472,-0.0783,-0.303282,-0.092486,-0.168524,0.205432,0.061968,0.149505,-0.103335,-0.060598,-0.251515,0.117294,0.122537,-0.12011,-0.172155,-0.203787,-0.152048,-0.200068,-0.073086,0.021093,-0.212158,-0.048922,0.12002,0.501316,-0.076074,-0.175426,-0.037725,-0.15581,0.030784,-0.100566,-0.115664,-0.151033,-0.06093,0.097489,-0.082945,-0.157779,-0.133957,-0.010785,-0.098426,-0.327341,0.222356,-0.11858,-0.040177,0.254447,0.230857,-0.198607,0.154438,-0.189548,-0.231621,0.168803,-0.194042,0.124817,-0.186547,0.153468,0.15766,0.139883,0.229349,0.132076,-0.172325,0.147181,-0.122743,0.316299,0.155746,-0.136942,0.325215,-0.165059,0.153564,-0.174774,0.192187,0.269627,-0.12724,-0.13572,0.067745,-0.137545,0.091869,-0.327482,0.12772,0.244716,0.032135,0.282792,0.196365,0.207604,0.122483,0.158479,-0.080471,0.240298,0.211552,0.135456,0.060828,0.295456,0.233536,-0.067866,-0.159728,-0.221301,-0.120404,-0.14854,0.139035,-0.168141,0.229777,0.246659,-0.142894,-0.100211,0.200181,0.170573,0.132492,-0.035318,-0.187446,-0.193138,-0.162956,-0.263533,0.373116,-0.213091,-0.141539,0.06162,-0.080327,0.262745,0.112058,-0.166294,-0.10012,0.110664,-0.23977,-0.041913,-0.403383,-0.132691,-0.006068,-0.165059,0.063266,-0.125709,0.19523,0.08952,-0.112867,-0.137156,-0.284445,-0.417257,-0.099128,0.134144,0.211174,-0.093248,-0.214052,0.111869,-0.190347,0.128694,-0.191569,0.062415,0.178279,0.159913,0.223107,-0.192534,-0.24933,0.15419,0.214476,-0.213022,-0.172254,-0.267102,-0.171329,-0.211779,0.085696,-0.120999,0.066539,-0.184364,-0.152886,0.227245,-0.20504,-0.231551,-0.104355,-0.212549,0.146638,#
8,0.08707,-0.037949,0.182837,-0.45401,0.071715,0.020212,0.172417,-0.215111,1.0,0.394447,-0.087447,0.349315,-0.018675,0.199698,0.076202,-0.0369,-0.397223,0.22149,-0.023143,0.284677,-0.097077,-0.101796,0.350791,-0.067069,-0.179712,-0.076561,0.163393,0.206616,0.173907,0.056588,-0.34985,0.259361,0.29149,-0.112714,0.241138,-0.026138,0.195679,0.111533,0.059492,-0.153012,0.08231,0.210847,-0.079785,-0.271915,-0.040698,-0.136384,0.22954,0.387045,0.052414,-0.015786,-0.058904,-0.011679,0.177511,0.010914,0.156506,0.272284,-0.47881,-0.009161,-0.139561,0.146526,0.182702,-0.110227,-0.135063,0.113895,0.172446,0.168116,-0.117269,0.239849,0.345956,-0.131004,-0.054591,0.127024,0.156591,0.009154,-0.167896,0.157917,-0.124735,-0.057349,-0.132072,0.112966,-0.076838,-0.293565,-0.370454,-0.083714,-0.275087,0.270615,-0.545781,-0.508722,0.111001,-0.389826,0.000163,-0.074365,-0.1669,-0.110971,-0.099766,0.124227,-0.150768,-0.161716,-0.238095,-0.105912,-0.373093,0.021906,-0.105672,-0.070276,0.173096,-0.229932,-0.146071,-0.147939,-0.034865,0.139565,-0.030242,-0.221046,-0.281353,-0.055135,0.163892,-0.298438,0.228404,-0.04066,-0.138566,-0.307428,0.14855,-0.221046,0.179869,-0.238485,-0.307056,0.113898,0.39752,0.031697,0.024317,0.076897,0.271454,-0.217093,-0.575552,-0.181846,-0.037455,0.065275,-0.222385,0.363269,0.205288,0.0953,-0.157269,0.389118,-0.130545,-0.197695,-0.162281,-0.44686,-0.220948,-0.044591,-0.198097,-0.032613,-0.009707,0.342624,-0.102305,-0.120553,0.249563,-0.087825,0.273635,0.403033,-0.238095,-0.231591,-0.113188,0.108174,-0.221046,0.218628,-0.196229,-0.091148,-0.018674,-0.25003,-0.22369,-0.051848,-0.116105,-0.106482,-0.190308,-0.236509,0.212649,0.102931,0.207558,-0.013297,0.409473,-0.199273,0.481262,0.126808,-0.399309,0.073427,0.198446,0.051216,0.351341,0.229005,-0.281284,-0.257293,0.043654,0.073908,-0.059924,0.331468,-0.108178,0.101039,-0.308732,-0.338178,0.312756,-0.04834,#
9,0.244906,0.270897,0.095828,-0.330744,0.041188,-0.397613,0.049517,-0.183943,0.394447,1.0,-0.127487,-0.218303,0.285638,0.58064,0.022829,-0.066776,-0.40861,0.294419,0.137318,0.300138,0.014503,0.041704,0.393497,-0.093991,0.124729,-0.302108,-0.300337,0.115773,0.064883,0.365428,-0.001887,-0.044986,0.164777,-0.209035,0.142131,0.007961,0.060715,-0.014289,0.178417,-0.294968,0.37298,0.198906,-0.069341,-0.072155,-0.045824,-0.330208,0.101506,0.450372,0.013079,0.110758,-0.029454,-0.290153,0.320693,-0.160952,0.253393,0.209367,-0.297871,-0.458432,-0.179782,0.22493,0.431846,0.001076,-0.452592,-0.09473,0.035106,0.030906,0.065063,0.03703,-0.035533,0.114724,-0.125093,0.250209,-0.182634,-0.045343,-0.247935,-0.155802,-0.15158,-0.364204,0.165411,0.353616,-0.003152,-0.335192,-0.324516,0.014782,-0.331544,0.282211,-0.20701,-0.272417,0.00385,-0.202557,-0.058995,0.118226,-0.234041,-0.064984,-0.229005,0.357245,-0.456944,-0.005891,0.076421,-0.123842,-0.461731,-0.085376,-0.098004,-0.041998,0.055283,-0.196816,-0.097659,-0.640149,0.144264,-0.190189,0.369466,-0.112796,-0.272912,-0.036066,-0.095091,-0.3116,0.312562,-0.142404,0.307871,-0.251125,-0.198637,-0.112796,-0.028922,-0.077641,-0.171483,0.395052,0.412529,-0.074278,-0.082178,-0.284054,0.137552,0.003465,-0.554726,0.082538,-0.100183,-0.289611,-0.24928,0.092745,0.128396,-0.176235,0.080342,-0.280625,-0.046072,-0.424054,-0.383225,-0.234454,-0.425931,0.132666,-0.096798,-0.271733,-0.221498,0.450933,-0.150229,-0.726696,0.030513,-0.310706,0.635212,0.448816,0.076421,-0.206893,-0.285703,0.174603,-0.175461,0.116875,-0.030156,0.318615,0.211249,-0.208503,-0.0,-0.22224,-0.192415,0.030484,-0.075889,-0.344531,0.455459,-0.16402,0.126891,-0.076119,0.545988,-0.359632,0.448815,0.342465,-0.459112,-0.202228,0.070652,0.082838,0.273204,0.22144,-0.456298,0.027659,-0.349803,-0.339215,-0.04266,0.272802,-0.028988,0.020847,0.026767,-0.0249,0.439333,0.465794,#
10,0.223427,0.102378,0.215035,0.068385,0.414751,-0.00454,0.030375,-0.384344,-0.087447,-0.127487,1.0,-0.018321,0.087801,-0.136868,-0.324388,0.093026,0.109271,0.200475,-0.033691,0.097712,-0.146544,-0.402643,-0.163781,0.005902,0.067191,0.405828,-0.095039,-0.012362,0.233103,-0.311448,-0.105881,-0.113792,0.000781,-0.272065,-0.19724,0.493104,-0.117769,0.326112,-0.127092,0.332307,-0.383962,-0.545974,-0.194128,-0.132564,-0.139399,0.312332,-0.268855,-0.074435,0.308377,0.318767,0.339424,-0.220605,0.244856,0.312779,0.172048,-0.149654,-0.0162,0.247823,0.08882,-0.351039,-0.342768,-0.256057,0.061778,0.051024,-0.131467,0.144085,0.32257,0.133409,-0.175809,-0.206609,0.069714,0.087648,0.077051,-0.009865,0.02691,-0.096205,-0.108092,-0.054164,0.109039,-0.059775,-0.028816,0.243961,0.101005,0.251885,0.027387,-0.031588,-0.066866,0.184348,-0.071924,0.111366,-0.021272,0.195747,-0.021272,0.02831,-0.021137,-0.064865,0.144191,-0.270797,0.093917,0.024244,0.040152,-0.231821,-0.096222,-0.021592,0.100589,-0.105583,0.208525,0.32352,0.08826,0.427971,-0.237247,-0.183853,-0.203561,-0.276293,-0.189314,0.226298,-0.425392,0.331702,-0.628437,0.140964,-0.350199,0.467293,-0.336843,-0.397732,-0.295977,0.203236,-0.11083,-0.004784,-0.119252,-0.146025,0.148702,-0.238596,0.137582,-0.361431,0.308433,-0.142286,0.498477,-0.026455,-0.37862,0.335477,-0.182197,0.066454,0.162012,0.162925,0.366143,-0.133818,-0.183772,0.02379,0.053182,-0.230141,0.429907,0.024393,-0.271424,-0.010768,0.17536,0.01302,-0.351122,-0.128404,-0.138149,0.067389,-0.17636,-0.275065,-0.183853,0.089838,0.265884,-0.275594,0.05956,-0.190471,0.06326,0.094942,0.119076,0.123774,0.150001,0.151704,-0.423295,0.322665,-0.051454,-0.092113,-0.284761,0.074827,-0.223801,0.315455,0.098709,-0.125877,0.185964,0.086859,0.250954,0.286922,0.417889,0.24749,0.344427,0.015325,0.195761,-0.194161,-0.207971,-0.112783,0.010634,0.032274,-0.130942,-0.467394,#
11,-0.380614,-0.146153,-0.0236,0.049808,-0.115488,0.201998,-0.173375,-0.171829,0.349315,-0.218303,-0.018321,1.0,-0.158469,-0.0438,-0.097878,-0.159455,-0.322232,0.040469,-0.196952,-0.209152,0.068506,-0.315906,-0.015202,0.135033,0.008919,-0.024448,0.320806,0.455991,-0.073673,0.171079,0.059786,0.021908,-0.153479,0.059966,-0.073588,0.071897,-0.01312,0.03978,-0.015316,-0.180901,-0.217878,0.07458,0.011408,-0.035456,-0.315424,0.340681,-0.152415,0.073102,0.159778,0.050424,-0.414068,0.374726,-0.179636,0.20729,-0.176978,-0.052314,-0.403119,0.277894,-0.191795,-0.222517,-0.220987,-0.387177,0.193371,0.16895,0.24826,0.417965,-0.239108,0.326279,0.569618,-0.07836,0.059699,-0.24842,0.07188,0.192357,0.297273,0.064179,0.051937,0.383677,-0.324814,-0.198861,-0.244795,-0.267695,0.111601,0.198963,-0.056368,-0.241499,-0.047622,-0.190544,0.128491,-0.051428,0.04209,-0.150356,-0.124618,0.167226,0.015897,-0.030497,0.168654,0.131057,-0.156034,-0.022327,0.1053,-0.078778,-0.117368,0.082709,-0.133276,0.019546,-0.028394,-0.086443,0.017565,0.370823,0.077795,-0.261335,-0.158721,-0.147937,-0.124618,-0.07328,-0.065889,0.070424,-0.124249,0.014,0.082611,0.026226,0.15166,-0.196774,0.026497,-0.142316,0.061887,-0.186411,0.01264,0.113844,0.080423,0.128491,-0.105651,-0.203887,-0.151498,0.273811,-0.115608,0.055838,-0.078313,-0.247983,0.04209,0.214785,0.270554,0.136684,0.456136,-0.239674,0.046252,-0.031864,-0.079211,0.181429,0.261423,0.186607,0.049108,0.335007,0.081792,0.17425,-0.172487,0.057728,0.053036,-0.125229,-0.046256,0.012257,0.037728,0.086204,-0.360379,-0.074444,-0.110854,0.077094,0.247255,0.013305,0.188393,0.108192,-0.061942,0.068285,0.106671,0.079191,0.095685,0.381142,-0.095076,0.43291,0.007061,-0.194252,0.091216,-0.193743,0.381483,0.340153,-0.022247,-0.000297,0.055719,-0.06524,0.303438,0.192785,0.029685,0.281464,-0.091274,-0.001824,-0.114919,-0.05434,-0.017456,-0.327808,#
12,0.420007,-0.013347,0.167646,-0.305069,-0.065371,-0.142977,0.365482,-0.131635,-0.018675,0.285638,0.087801,-0.158469,1.0,0.712845,-0.091522,0.161522,-0.240446,0.345704,0.423355,0.478244,0.100097,0.106943,0.348808,0.074845,-0.038376,-0.342853,0.044922,0.13091,0.517779,0.24732,-0.011686,0.041705,-0.090888,-0.045908,-0.189084,0.062726,0.512311,-0.005183,0.133483,0.10889,0.075985,0.053734,0.134611,-0.266767,-0.191327,-0.561547,0.337609,0.422008,-0.190938,-0.01718,0.003033,-0.193494,0.220054,-0.330871,-0.089059,-0.117533,0.08629,-0.343045,0.03436,-0.154704,0.516257,-0.0884,-0.363786,0.035911,0.161073,0.176714,-0.112363,-0.041141,0.197711,0.145291,-0.168144,0.293376,-0.161468,-0.35553,-0.415271,0.000861,-0.277533,-0.183554,-0.177769,0.084018,0.007543,-0.074659,-0.305384,-0.283799,-0.198836,0.201464,-0.101499,-0.062394,-0.126191,-0.121615,-0.37109,0.130074,-0.363534,-0.214691,-0.090863,-0.118256,-0.360214,-0.280837,-0.265315,-0.355013,-0.133891,-0.281962,-0.253666,-0.208477,-0.008566,-0.0556,-0.224752,-0.294617,-0.033813,-0.272013,0.233477,-0.230218,-0.312696,-0.240327,0.233851,-0.209403,-0.113123,0.025248,0.309532,-0.238659,-0.178537,-0.230218,-0.217709,-0.160159,-0.299355,0.133835,0.323879,0.03295,-0.145717,-0.391216,0.003195,-0.118697,-0.178566,0.189514,0.26529,-0.199285,0.061189,-0.043334,0.229066,-0.200386,-0.363534,0.125678,-0.074609,-0.329966,-0.430814,0.175548,-0.205112,0.362941,-0.336578,-0.12038,-0.332018,0.050517,-0.025199,-0.3462,0.067644,-0.332806,0.439278,0.012852,-0.265315,-0.419799,0.201754,-0.048562,0.157306,0.071548,0.387627,0.301032,0.290864,0.233283,-0.192555,-0.035212,-0.167736,-0.179586,-0.257745,-0.180495,0.109451,-0.206737,-0.089613,0.149196,0.31911,-0.326171,0.068817,-0.114969,0.03439,0.000286,0.029451,-0.168722,0.216723,0.264884,-0.265137,0.395733,-0.255823,-0.139083,0.118826,0.39877,0.294982,-0.033708,0.016471,0.075643,0.300136,0.359416,#
13,0.205736,0.028912,0.110879,-0.341743,-0.379147,-0.225006,0.303469,-0.181608,0.199698,0.58064,-0.136868,-0.0438,0.712845,1.0,-0.020031,-0.007423,-0.413197,0.30714,0.172308,0.484001,0.149063,0.045749,0.252715,0.041232,-0.045846,-0.276239,0.180839,0.304504,0.308317,0.340944,0.238997,0.173807,-0.104618,0.006236,-0.165507,-0.004827,0.348885,0.199029,0.251877,-0.291072,0.20896,0.443249,-0.051157,-0.194383,-0.197134,-0.609007,0.421175,0.411389,-0.176977,-0.186392,0.011469,-0.274573,0.204953,-0.5424,-0.205245,-0.122394,-0.030222,-0.415518,-0.180728,-0.216735,0.603912,0.060982,-0.509132,-0.024942,0.312628,0.082183,-0.151767,-0.126877,0.247608,-0.017262,-0.161861,0.21331,-0.16526,-0.262739,-0.345314,-0.050294,-0.322069,-0.184745,-0.008601,0.257216,-0.062267,-0.359712,-0.415608,-0.077524,-0.371959,0.2963,-0.233533,-0.145745,-0.068936,-0.14282,-0.312372,-0.060989,-0.489268,-0.102083,-0.299548,0.11313,-0.388646,-0.233918,0.081754,-0.387477,-0.350274,-0.289615,-0.311702,-0.210227,-0.140786,-0.092764,-0.003948,-0.653423,0.188148,-0.247296,0.314554,-0.103856,-0.458327,-0.035394,0.071229,-0.419214,0.012706,-0.1895,0.499871,-0.229087,0.03159,-0.420492,-0.064381,-0.123795,-0.356322,0.140945,0.312745,-0.112595,-0.266591,-0.368544,-0.060722,-0.029255,-0.410404,0.066396,0.098711,-0.338692,0.032696,-0.134965,0.350036,-0.422437,-0.095861,0.066394,0.163992,-0.449879,-0.395376,0.032246,-0.081746,0.33259,-0.304501,-0.093809,-0.302141,0.38332,0.019982,-0.504717,-0.087269,-0.205318,0.613448,0.097076,0.081754,-0.524508,-0.06093,0.098697,0.23811,-0.097709,0.185955,0.28234,0.108971,-0.068766,-0.181825,-0.223381,-0.295762,-0.039828,-0.321008,-0.407223,0.289455,-0.245954,0.116286,0.166902,0.29813,-0.365056,0.346379,-0.073008,-0.307958,-0.141436,0.099155,-0.030218,-0.048085,0.345063,-0.450843,0.355454,-0.297541,-0.199818,-0.030276,0.354014,0.158572,-0.161725,0.088452,-0.098296,0.454586,0.456592,#
14,-0.05034,-0.095379,-0.357701,0.211014,-0.13892,-0.097878,-0.189799,0.180576,0.076202,0.022829,-0.324388,-0.097878,-0.091522,-0.020031,1.0,-0.466306,-0.109744,-0.129406,0.117281,0.101123,0.350079,0.04626,-0.072626,0.245846,0.008179,0.08608,0.430131,0.113822,0.019631,-0.113845,-0.021819,0.274435,0.272984,-0.008324,-0.243658,-0.582388,-0.014826,0.007284,-0.105891,-0.211548,0.026391,0.332712,-0.055019,0.257596,0.172701,-0.128068,0.012059,-0.012183,-0.008362,-0.103369,0.177237,-0.007598,0.3927,0.257309,0.234857,0.297164,0.115384,-0.125445,-0.064896,0.13149,0.195489,-0.047662,-0.229135,0.186988,0.019196,-0.259694,0.089683,-0.26476,0.185124,0.017946,-0.043672,-0.25692,0.174588,0.220494,-0.200529,-0.057689,-0.11017,0.191043,-0.086124,0.270038,0.185731,-0.145242,0.103272,-0.124082,-0.065276,0.351326,0.091602,0.26245,0.267431,-0.512007,0.023704,0.087147,0.183124,0.002926,-0.069971,0.267431,-0.329362,-0.006721,-0.107999,-0.112381,-0.168708,0.155611,0.21532,-0.446379,0.096333,0.024572,-0.203794,0.28644,0.014494,0.021209,0.035681,-0.014442,0.259644,0.068863,0.391958,-0.05173,-0.157868,-0.098357,0.057875,-0.260834,0.183451,-0.305608,0.30894,0.157418,-0.046788,-0.075035,0.031216,0.079101,0.089978,0.265862,0.024971,0.1458,0.02121,-0.14348,0.129246,0.135753,-0.38874,0.219948,0.43125,0.016122,-0.274218,-0.086531,-0.171383,0.206989,-0.069605,-0.124418,-0.022751,-0.198856,0.008503,0.118083,0.013583,-0.190731,-0.024144,0.082919,-0.168738,0.200926,0.297859,-0.193786,-0.107999,0.328048,0.073513,0.073836,-0.305608,-0.012044,-0.06174,0.027651,0.332881,-0.111594,-0.205079,-0.103336,-0.346669,-0.136824,-0.107762,0.337847,-0.028428,-0.146015,0.115644,-0.093715,0.35177,0.223571,-0.173467,0.254305,0.152709,0.150822,-0.113485,-0.064062,0.132071,-0.064062,0.020367,-0.058433,0.018324,0.049687,0.11183,-0.071154,-0.184926,0.101744,-0.110506,-0.434674,-0.02789,-0.111404,#
15,0.099685,-0.040467,0.008828,-0.13448,0.225048,-0.159455,0.328919,-0.281392,-0.0369,-0.066776,0.093026,-0.159455,0.161522,-0.007423,-0.466306,1.0,0.135876,0.203812,-0.061483,0.100091,-0.6217,0.092602,0.161247,-0.093854,0.156606,-0.117442,-0.130412,0.05848,0.328155,0.06035,0.085243,-0.205345,-0.107244,-0.092816,0.101585,0.375853,0.280483,-0.018292,0.243739,0.281291,0.136823,-0.153761,0.301456,0.038165,-0.24447,-0.033137,0.227934,0.11048,-0.08101,0.148472,0.085171,-0.03867,-0.322016,-0.138912,0.124293,-0.1684,0.020504,-0.04062,0.217181,0.182043,-0.017996,0.34045,0.113793,0.089169,-0.163536,-0.221031,0.052566,-0.066182,-0.288245,-0.130833,0.156129,0.331525,0.169086,-0.340465,0.16705,0.379079,0.044235,-0.237324,0.201323,-0.236277,-0.072151,0.220997,-0.390301,0.05231,0.071562,-0.248785,-0.051822,-0.361662,-0.237896,0.277332,-0.178245,0.078052,-0.337045,0.084572,-0.089743,-0.404666,0.204269,0.208405,-0.047647,0.092407,0.146594,0.02382,-0.289595,0.271532,0.148333,0.118716,-0.002708,0.035924,-0.036819,-0.196114,-0.242943,0.080597,-0.103832,-0.053408,-0.184597,0.053314,0.183285,-0.065864,0.027847,0.016645,-0.052451,0.080597,-0.348869,-0.104215,0.1874,-0.093309,-0.11626,0.35926,0.031151,-0.268793,-0.231349,-0.231596,-0.056083,0.279489,-0.036315,-0.105003,-0.027825,-0.327142,-0.107905,-0.072323,0.0097,0.048965,-0.31941,-0.338722,-0.165685,0.318283,0.071947,0.361892,-0.200249,-0.276687,-0.197134,-0.12738,-0.100344,0.070298,-0.149199,-0.087486,-0.092649,0.235283,-0.047647,-0.420714,0.241463,-0.225263,0.092662,-0.035389,0.200098,0.197142,-0.218094,0.289288,-0.22962,-0.03052,0.189824,0.0898,0.226404,-0.230181,-0.001126,-0.065854,-0.175699,0.272778,-0.140831,-0.383619,0.257048,-0.209976,-0.212743,0.214186,0.006343,-0.131408,-0.132071,0.051038,0.056065,-0.104824,-0.158018,-0.115157,0.08042,0.150442,0.085238,0.121748,0.155863,0.120078,0.362338,0.30285,#
16,-0.261744,0.183183,0.138692,0.236864,0.222657,0.17827,0.17217,0.195965,-0.397223,-0.40861,0.109271,-0.322232,-0.240446,-0.413197,-0.109744,0.135876,1.0,0.109922,0.027035,-0.061178,-0.276779,-0.01152,-0.167413,-0.280717,-0.242518,0.269464,-0.073424,-0.138373,-0.009162,-0.374468,-0.028667,0.046949,-0.095643,0.120312,0.085505,0.17845,-0.401582,-0.193032,-0.121471,0.293285,-0.118119,-0.239337,0.08378,0.316844,-0.026018,0.147822,-0.188323,-0.707968,-0.11342,0.173884,0.276538,0.115251,-0.120765,0.061936,0.155849,0.07152,0.25961,-0.009162,0.226058,-0.193416,-0.210092,0.130579,0.269826,-0.309413,-0.309215,-0.201965,0.197847,-0.145032,-0.381024,-0.16663,-0.017575,-0.315917,-0.028694,-0.180594,-0.010927,-0.047182,0.205496,-0.09609,0.034964,-0.072823,0.090332,0.375015,0.24924,0.035307,0.06293,-0.079326,0.264023,-0.029442,-0.250803,0.272156,-0.01797,0.081397,-0.0087,0.051834,0.264311,-0.078933,0.429567,0.015486,-0.079951,0.252229,-0.013461,0.192607,0.360688,0.093027,-0.052464,-0.06755,0.154307,0.206583,-0.041378,-0.034943,-0.269687,0.07829,0.264311,0.284049,-0.181983,0.074432,0.027818,0.082887,-0.155308,-0.103423,-0.055281,0.089804,-0.371969,-0.020076,0.139648,-0.286858,-0.298044,0.034117,0.104543,0.054751,0.094789,-0.235243,0.428657,-0.052435,0.142827,-0.112036,0.373362,-0.105648,-0.23644,0.086537,-0.002282,-0.141304,0.0174,0.434311,-0.023446,0.175131,0.069707,0.090501,0.138173,-0.036329,0.121629,-0.388955,0.327665,0.076872,-0.177701,0.055466,-0.448798,-0.248072,-0.079951,0.349611,0.054496,-0.05438,0.089804,-0.298672,-0.062901,0.031221,-0.044523,-0.070022,-0.223793,0.139765,0.053276,0.08181,0.046356,0.086667,-0.354413,0.081038,-0.178306,-0.047042,-0.302091,0.027285,-0.236091,-0.05194,0.565032,0.075619,-0.145141,-0.328893,0.004295,0.202681,0.225664,-0.261291,0.196859,0.264558,-0.259094,-0.24629,-0.057973,-0.049222,0.165648,0.301934,-0.485928,-0.044565,#
17,-0.085804,0.067415,0.130899,0.138979,0.043109,-0.137051,0.46209,-0.122177,0.22149,0.294419,0.200475,0.040469,0.345704,0.30714,-0.129406,0.203812,0.109922,1.0,-0.066236,0.360939,-0.293785,-0.324825,0.283037,-0.08562,0.162271,0.212178,0.108088,0.092128,0.28161,0.102008,-0.058639,-0.340204,-0.205781,-0.128447,-0.051484,0.129174,-0.079043,-0.143466,0.259898,0.079424,0.089523,-0.180478,0.113395,0.031673,-0.000325,-0.160631,-0.116891,0.192674,0.000361,0.246245,-0.090065,-0.031413,0.14228,0.107654,0.297487,0.050264,0.013936,-0.162477,0.018321,-0.071887,0.166633,0.115044,-0.074315,-0.090338,0.115014,0.033831,0.142541,0.220935,-0.049277,-0.12182,0.084306,-0.011841,-0.245609,-0.285011,-0.326313,0.084759,-0.147102,-0.388578,-0.325564,0.003097,-0.381713,-0.289697,-0.408364,0.323131,-0.4605,0.014518,-0.203656,-0.283694,-0.328923,-0.24477,-0.43499,-0.039632,-0.578152,-0.33244,-0.238965,-0.215643,-0.142033,-0.22232,-0.109893,0.028189,-0.474886,-0.239825,-0.194389,-0.011149,-0.095073,-0.358094,0.054921,-0.265456,0.004225,0.107959,-0.059173,-0.090151,-0.246443,-0.168153,-0.013039,-0.332805,-0.026291,-0.238013,0.168099,-0.248041,-0.387102,0.178766,-0.234176,-0.426216,-0.179479,-0.029765,-0.079056,0.319887,-0.32841,-0.322179,-0.049704,-0.215643,-0.456287,-0.202652,-0.130925,-0.132555,0.134876,-0.133426,-0.343415,-0.350833,-0.242257,0.096621,0.045017,-0.237378,-0.339454,-0.10403,-0.422909,0.756129,-0.107138,-0.262256,-0.15298,-0.013127,0.052008,-0.354782,-0.196118,-0.341061,-0.04852,0.574247,-0.109893,-0.26346,0.000396,-0.028495,-0.077346,-0.137003,-0.026317,0.196085,-0.171718,-0.133467,-0.253143,0.140721,-0.032063,-0.00227,-0.093008,-0.23587,0.123036,-0.240583,-0.242123,0.310819,0.053336,-0.335713,0.366663,-0.03928,0.066851,0.048043,0.362405,-0.361929,0.177905,0.370517,-0.390092,0.005935,-0.253087,-0.179345,-0.095081,0.260204,-0.084951,-0.219513,0.054351,-0.115471,-0.037786,0.401324,#
18,0.485329,0.187455,0.08341,-0.060761,-0.047484,-0.086579,0.268204,0.165273,-0.023143,0.137318,-0.033691,-0.196952,0.423355,0.172308,0.117281,-0.061483,0.027035,-0.066236,1.0,0.042757,0.06973,0.133581,0.08144,0.079194,-0.040602,-0.130805,-0.276348,0.09528,0.375012,0.067132,-0.280847,0.139891,0.159288,-0.117325,0.044748,0.311522,0.15786,-0.042141,-0.172916,0.199935,0.243546,0.037666,0.005731,-0.193786,-0.055385,-0.086585,0.206009,-0.075816,-0.178271,0.013348,0.111415,-0.16239,0.251262,-0.139769,0.180574,0.137677,0.263333,-0.348803,-0.054426,-0.258604,0.254357,-0.359517,-0.072204,0.160318,-0.220398,0.058408,-0.291395,-0.071068,0.017949,0.012467,-0.189256,0.193494,-0.113946,-0.398995,-0.445408,-0.188782,-0.200581,-0.046323,-0.278443,0.222407,0.308266,-0.10166,0.140717,-0.706611,-0.054864,-0.018531,0.030768,-0.175376,-0.147,-0.18029,-0.263652,-0.273279,0.061293,-0.363135,0.283883,-0.147,-0.283775,-0.105539,-0.439184,-0.111794,0.179149,0.131316,-0.048983,-0.307096,-0.211303,-0.107306,-0.297975,-0.111349,-0.096329,-0.139507,0.16243,-0.237685,-0.065739,-0.087911,0.110986,0.122793,0.211728,0.121564,0.08844,-0.10426,-0.071582,-0.237685,-0.05223,0.057707,-0.451706,-0.042161,0.327144,-0.18634,0.038832,0.174333,-0.204689,-0.107724,0.083385,0.230425,0.136843,0.027063,-0.116319,0.084234,0.405795,-0.053865,-0.370802,-0.01361,-0.045777,-0.256289,-0.168148,0.07511,-0.23758,0.052209,-0.34282,-0.03579,-0.200411,-0.077886,-0.106712,-0.33463,0.247273,-0.156759,0.130293,-0.062465,-0.211325,0.079878,0.199291,0.103724,-0.237685,-0.243158,0.026946,-0.008878,0.451043,0.193362,-0.285721,-0.094735,-0.08463,0.205861,-0.008517,0.134019,0.004775,-0.063347,-0.218573,0.109179,0.359172,-0.030271,-0.214649,0.192929,0.260086,0.211387,-0.229782,0.088356,0.495268,0.098865,0.04599,0.141284,-0.404289,0.185898,0.121689,0.113555,0.096948,0.211788,-0.082212,0.084426,-0.079047,0.143763,#
19,0.026344,-0.121553,0.231624,-0.380336,0.097185,-0.241011,0.209167,-0.265166,0.284677,0.300138,0.097712,-0.209152,0.478244,0.484001,0.101123,0.100091,-0.061178,0.360939,0.042757,1.0,-0.028159,0.124214,0.344939,0.131437,-0.188626,-0.20976,0.240538,-0.176965,0.29059,-0.314774,0.047804,0.307626,0.254935,0.266756,-0.243461,-0.190948,0.075815,0.088863,-0.139537,0.141713,0.291822,-0.050577,0.026459,-0.204922,-0.153474,-0.514737,0.092973,0.381858,0.115593,-0.162357,0.090977,-0.291879,0.466939,-0.170263,-0.261074,0.192271,-0.136383,-0.410441,0.376959,0.096175,0.512863,0.013497,-0.401935,-0.293683,0.186542,-0.05592,0.155283,-0.143888,0.097175,0.191086,-0.500551,0.066721,-0.029717,-0.216337,-0.292468,-0.361229,-0.037827,-0.309514,0.225484,0.234585,0.136407,0.123307,-0.253495,-0.192401,0.029574,0.631574,-0.082388,-0.258622,0.060493,-0.276345,-0.060617,0.395895,-0.19007,-0.207804,-0.095275,0.194936,-0.066165,-0.042822,-0.051124,-0.234212,-0.380885,0.01793,-0.035876,-0.019002,0.466141,-0.036413,0.07211,-0.178458,0.324169,-0.270215,0.1241,-0.281609,0.073751,0.144601,0.297978,-0.135246,-0.098561,-0.048713,0.139594,-0.291683,0.044545,-0.281609,-0.100459,-0.30459,-0.255198,0.228629,0.323296,0.21424,0.121519,0.205816,0.436081,-0.285931,-0.210253,-0.040215,0.283323,0.029212,0.203325,0.028791,0.132336,0.131493,-0.171064,0.011033,-0.091345,-0.179043,-0.269364,-0.094847,0.039947,0.188783,-0.009111,0.155076,-0.011374,0.031244,0.283353,-0.23731,-0.236272,0.154241,0.404302,0.05603,-0.051124,-0.16133,0.291846,-0.03438,0.343675,0.137825,0.048359,0.104855,0.220993,-0.17857,-0.338057,0.251474,-0.490291,-0.332258,-0.476126,-0.024461,-0.1559,0.108422,0.225857,-0.087291,0.276667,-0.187939,0.189923,0.187845,-0.213935,0.008428,-0.094683,-0.272464,0.348013,0.564566,-0.40756,0.000767,-0.023958,-0.244056,-0.323231,-0.015702,0.192884,-0.257717,-0.377578,-0.229835,0.406426,0.140235,#
20,-0.068741,0.303414,-0.036193,0.211014,-0.292267,0.056181,-0.209096,0.179346,-0.097077,0.014503,-0.146544,0.068506,0.100097,0.149063,0.350079,-0.6217,-0.276779,-0.293785,0.06973,-0.028159,1.0,0.170545,-0.079343,0.021902,0.013962,-0.279899,0.113769,-0.058487,-0.336871,-0.128493,0.0308,0.089298,0.300376,0.21782,-0.440597,-0.397433,0.200768,-0.204351,0.174887,-0.211548,0.026087,0.333502,-0.420167,0.036411,0.157324,-0.121261,0.066806,0.138744,0.259329,-0.103986,-0.319719,0.223789,0.3927,0.149815,-0.195758,-0.034944,0.096268,0.045434,-0.407326,-0.264682,0.017919,-0.047995,0.094666,0.000809,0.325534,0.081001,-0.275428,-0.076317,0.368237,0.059649,-0.248812,-0.015664,-0.200232,0.242277,-0.327931,-0.257249,0.078,0.379356,0.117583,0.132455,0.046246,-0.129882,0.28269,-0.123359,0.120821,0.196308,-0.036525,0.584248,0.456675,-0.178289,0.039213,0.118084,0.208011,0.033366,0.124838,0.289253,-0.146268,-0.149056,0.116358,-0.272106,0.180941,0.172013,0.255837,-0.10461,-0.066277,0.047576,0.130176,-0.044661,-0.127389,-0.168884,0.223159,-0.026088,0.134838,0.084876,0.407467,-0.035828,-0.001942,0.063141,-0.10327,0.088427,0.20145,-0.305608,0.161117,0.158563,-0.097403,-0.064261,0.215688,-0.490555,-0.290568,0.137396,0.200956,0.146158,-0.141288,0.041976,-0.071721,0.167436,-0.009048,0.444034,0.376601,0.041289,0.063739,0.061401,0.141001,0.166309,0.115869,-0.320844,0.005854,-0.218302,0.208783,0.375551,0.211323,0.018546,0.01589,-0.069741,0.170985,0.058812,0.307366,-0.369788,0.116358,0.150706,-0.066559,0.090324,-0.002795,0.126186,-0.074927,-0.157978,0.332881,0.053459,0.187027,-0.266926,-0.217995,-0.121648,-0.302386,0.046221,0.324658,-0.145648,0.318831,-0.283203,0.180427,0.240356,-0.373316,0.087682,0.138962,-0.187364,0.019056,-0.056928,-0.166967,-0.232667,-0.301061,0.414083,0.03715,0.030956,-0.110262,-0.035611,0.019978,-0.066016,0.04081,-0.429258,-0.180374,-0.111022,#
