0,1.0,0.56668,-0.116098,-0.185701,0.327503,-0.026296,0.15476,0.245036,0.240165,0.320484,0.111214,0.067554,0.029257,0.40748,0.163707,0.002981,0.191287,0.364729,0.465058,-0.38849,-0.028604,0.029671,0.209988,0.081938,-0.360575,-0.206996,0.170554,0.102666,0.341768,0.474457,-0.296477,0.075174,0.345417,-0.033604,0.096079,0.072855,-0.38026,-0.220143,-0.245244,0.401639,-0.082274,-0.088102,0.05206,0.31977,-0.220764,-0.477173,0.112571,0.019777,-0.091825,-0.176034,0.065389,-0.211099,0.01752,-0.15435,0.04603,-0.22327,-0.055422,-0.104047,0.146998,0.281087,0.149267,0.063677,-0.270595,0.09637,0.30518,0.44568,0.033475,0.175987,-0.069444,-0.141256,-0.350261,-0.226204,-0.276519,-0.111845,-0.155728,0.353349,-0.337364,-0.304346,-0.193338,-0.16619,-0.452012,-0.20274,-0.270699,0.138761,-0.246869,-0.085751,-0.141447,-0.236207,0.015802,-0.229932,-0.361174,-0.571017,-0.444568,-0.069419,-0.253419,-0.421099,-0.196757,-0.334189,-0.353343,-0.271407,0.060158,-0.511942,-0.241131,-0.193854,-0.439933,0.067994,-0.334008,-0.245992,-0.378974,-0.011778,0.024284,0.27725,-0.259636,-0.24673,-0.685645,-0.239214,-0.210957,-0.304062,0.084917,-0.409667,-0.325919,-0.24187,-0.460782,-0.161438,-0.174356,-0.255477,-0.236617,-0.054945,-0.29989,-0.663362,-0.238548,-0.313359,-0.194092,0.081545,-0.292114,-0.225153,0.375323,-0.627462,-0.331226,-0.356412,-0.158766,-0.463273,-0.610351,-0.015566,-0.199368,-0.314306,-0.242023,0.303526,-0.370635,-0.285206,-0.166862,-0.324097,-0.390974,-0.249161,-0.385086,-0.410607,0.196592,0.383974,-0.459171,0.049328,-0.509416,-0.11737,-0.199533,-0.287469,-0.500305,0.211742,-0.269514,-0.077038,-0.104718,-0.121605,0.237713,0.24896,-0.45706,-0.286494,0.545331,-0.438918,-0.384985,0.284878,0.398171,-0.508651,0.020402,0.234836,-0.02249,0.222009,0.557298,-0.316611,0.170795,0.140247,-0.052854,0.59553,-0.141989,0.193088,0.511853,0.430458,-0.129088,0.317845,0.294983,-0.481484,-0.65745,0.20286,#
1,0.56668,1.0,-0.037007,-0.127899,0.431721,-0.079105,0.385801,0.193418,0.152705,0.518743,-0.128515,-0.167274,0.245264,0.441077,0.414696,-0.229658,-0.072072,0.606596,0.511883,-0.274302,0.313682,0.116016,0.295424,0.206103,-0.441811,-0.095782,0.251522,0.204224,0.369309,0.569258,-0.567609,0.005079,0.285137,-0.063335,-0.042804,-0.186898,-0.309942,-0.187049,0.098205,0.155662,-0.32069,0.183984,-0.066478,0.340944,-0.240351,-0.374884,0.318178,0.21889,0.065998,0.116107,0.352358,-0.169687,0.1139,-0.22436,0.483294,-0.293877,-0.265728,0.147975,-0.216617,-0.000376,-0.043837,0.387499,-0.499056,0.34453,-0.107092,0.446509,-0.016868,0.201807,0.199878,-0.214272,-0.241125,-0.243738,-0.301052,-0.448523,-0.244698,0.373773,-0.458229,-0.267646,-0.305863,-0.44637,-0.54979,-0.29761,-0.539327,0.031397,-0.371822,-0.003487,-0.272171,-0.198113,-0.248783,-0.147876,-0.264333,-0.345684,-0.538911,-0.022697,-0.354533,-0.147876,0.018897,-0.247612,0.057673,-0.37063,-0.185766,-0.574,-0.530328,-0.09627,-0.545189,-0.356162,-0.515229,-0.343319,-0.635309,-0.092816,0.18343,0.286852,-0.217268,-0.48289,-0.43435,-0.135718,-0.450385,-0.413029,0.042299,-0.526124,-0.409436,-0.167638,-0.369952,-0.422377,-0.171899,-0.005547,-0.264016,-0.247508,-0.260619,-0.39202,-0.352021,-0.558924,-0.280934,-0.124143,-0.206276,-0.28638,0.357495,-0.369569,0.049723,-0.359583,-0.398997,-0.018218,-0.51621,-0.030227,-0.159432,-0.28843,-0.085815,0.478096,-0.352854,-0.334398,-0.326575,-0.274861,-0.153595,-0.090618,-0.515228,-0.125504,0.461783,0.438993,-0.620007,0.219797,-0.278415,0.018406,0.094898,0.085378,-0.455263,0.473257,-0.34869,-0.041534,0.025779,0.079487,-0.027647,0.053471,-0.184718,-0.424959,0.623211,-0.450945,-0.316912,0.027874,0.420857,-0.44063,-0.060302,0.304902,-0.078791,0.106659,0.437519,-0.154146,0.247283,-0.018668,-0.126869,0.677645,0.093286,0.642713,0.2444,0.322171,-0.071741,-0.087825,0.092073,-0.446936,-0.494154,0.176306,#
2,-0.116098,-0.037007,1.0,0.399945,0.214223,-0.4503,-0.222955,-0.195935,-0.1771,-0.028883,0.04675,0.185796,-0.208509,-0.120979,-0.125106,-0.167229,-0.222955,-0.162147,-0.045662,0.065223,-0.071168,-0.323992,0.384067,-0.157829,-0.265993,0.135979,0.282245,-0.320293,-0.201878,0.217056,-0.031088,0.334969,-0.263995,-0.148791,-0.070573,-0.072535,0.148482,0.016657,0.156494,-0.039001,-0.06443,0.147215,-0.075482,0.033611,-0.03435,-0.233434,-0.017044,0.101383,-0.244004,-0.187643,-0.412043,0.309563,0.11819,0.165684,-0.090004,-0.185377,-0.467582,-0.035595,-0.506507,-0.346337,-0.069627,-0.296031,-0.164508,-0.02637,-0.237137,-0.188458,-0.233701,-0.121846,-0.018051,0.256698,0.083338,0.190546,0.099288,0.115301,0.045062,-0.055001,-0.214075,-0.232336,-0.066719,0.269559,0.025944,-0.074468,0.032264,0.27918,0.036192,-0.018793,0.1035,0.200469,-0.104115,-0.047815,-0.027104,0.017794,0.015319,0.023135,-0.138897,0.132502,0.282444,0.038585,0.104386,0.038105,0.085813,0.024645,0.044275,0.029634,-0.134854,-0.191573,0.143669,0.160644,0.09688,0.35998,0.165033,-0.21206,0.005568,0.263321,0.35199,-0.121501,-0.133236,-0.201718,-0.064994,0.010561,-0.129907,-0.321061,0.202369,-0.063333,-0.13966,-0.11409,-0.394167,-0.386761,0.011876,0.043682,0.373442,-0.232699,-0.365364,-0.322302,-0.149505,0.240555,0.273007,0.191155,0.254124,0.393126,0.323688,0.226032,0.121215,-0.372475,-0.284453,0.315568,0.16653,-0.074377,-0.171579,0.143331,-0.419035,-0.068367,0.281345,-0.230875,0.023072,-0.285291,-0.150463,0.081951,0.273355,-0.12008,-0.256531,0.057036,0.177524,-0.241406,-0.06538,-0.196932,-0.357323,-0.051849,0.065497,-0.014651,-0.034177,-0.098363,0.10855,-0.058534,0.184129,0.013646,-0.054449,-0.284566,-0.131403,0.158215,0.061443,-0.465168,-0.031977,0.159545,0.040743,0.178851,-0.255751,-0.307364,0.047978,-0.030975,0.131613,0.131635,-0.214908,0.259868,0.11358,-0.442915,0.235718,-0.067652,0.143797,-0.158174,#
3,-0.185701,-0.127899,0.399945,1.0,-0.036798,-0.395445,-0.434941,-0.321424,-0.322795,-0.135726,0.232369,-0.153436,-0.1376,-0.383447,-0.246992,-0.272459,-0.024893,-0.079008,-0.011876,-0.02525,0.165455,-0.584883,-0.143109,0.011328,0.158413,0.227489,-0.144144,-0.06265,-0.076916,-0.18191,0.466247,-0.049798,-0.633497,-0.03562,-0.149979,-0.513529,0.153922,0.271448,0.357101,0.084182,0.124948,-0.014475,0.012301,-0.307735,-0.138361,0.102878,-0.132799,-0.262883,0.280219,-0.330493,-0.310537,0.511732,0.025856,0.213538,-0.06768,0.021742,-0.152771,0.110369,-0.207547,0.017928,-0.32658,0.210088,-0.029775,-0.162152,-0.141751,-0.388159,0.083923,-0.00118,-0.198808,0.287859,0.104096,0.54816,0.225924,0.496795,0.259552,-0.322961,0.048221,0.170474,0.408642,0.231733,0.005581,0.5525,0.323404,0.281094,0.121092,-0.181663,0.011555,0.444583,0.076835,0.470748,0.244274,0.404257,0.500398,-0.122954,0.460161,0.470357,0.086643,0.014937,0.37182,0.372081,0.218157,-0.123067,0.465061,-0.104785,0.155126,0.375871,-0.046725,0.518815,0.276967,0.45292,-0.167175,-0.296714,0.460161,0.279979,0.251349,0.130811,0.478562,0.187163,0.053269,0.090522,0.389157,0.171419,0.165458,0.105321,0.036584,0.085816,-0.226386,-0.270825,0.436394,0.236039,0.843568,0.048221,0.056395,0.113906,0.274412,0.500156,-0.081692,0.516028,0.121361,0.415361,0.467687,0.284799,0.372882,-0.260227,0.084583,0.455727,0.2071,-0.276378,0.161893,0.378441,-0.040225,0.337644,0.317116,0.127815,0.406823,-0.06751,-0.18234,-0.407109,0.314392,0.215655,-0.446243,0.051952,0.129192,-0.331035,0.055531,-0.144505,0.177527,-0.109403,0.016003,0.059321,-0.133308,-0.199745,0.026636,0.144183,-0.330094,0.104839,0.276967,-0.146524,-0.342814,0.185105,-0.412399,-0.177769,-0.237734,-0.343922,-0.126953,-0.132857,-0.066561,0.092687,0.345336,-0.357523,-0.022013,-0.099432,-0.284877,-0.060209,-0.222568,-0.198452,-0.291301,0.117423,-0.130572,-0.29534,#
4,0.327503,0.431721,0.214223,-0.036798,1.0,-0.17205,0.424093,-0.056386,0.283197,0.488653,0.188274,0.033413,0.315527,0.006874,0.510007,-0.32397,0.063733,0.32541,0.078569,0.008562,0.081228,-0.041334,0.249226,-0.013844,-0.333143,-0.197425,0.131631,-0.361214,0.156734,0.170456,-0.360222,-0.124941,0.254905,-0.089165,-0.38193,0.074485,-0.10114,-0.343093,-0.133564,0.276215,-0.217845,0.214959,-0.205407,0.222647,-0.261112,-0.509262,0.345427,0.134536,-0.053424,0.108383,0.108383,-0.167523,0.229218,-0.214987,-0.009161,-0.267758,-0.493503,-0.00883,-0.163381,-0.29955,0.01808,0.152522,-0.255356,0.139586,0.028619,0.313638,0.237752,-0.072838,0.111289,-0.170354,-0.344195,0.024014,-0.082839,-0.021935,0.009201,0.22677,-0.055094,-0.534051,-0.064101,-0.524598,-0.300499,-0.216264,-0.291489,-0.214583,-0.289,-0.227494,-0.201961,-0.129492,-0.310027,-0.21499,-0.184145,-0.270224,-0.296179,-0.123399,-0.287208,0.110021,0.107806,0.166591,-0.035208,0.030276,0.107005,-0.155474,-0.127213,0.003112,-0.297355,-0.252536,-0.635621,-0.330081,-0.233678,0.167856,0.171671,-0.180787,-0.302809,-0.225515,-0.168985,-0.188084,-0.338918,-0.342878,-0.15972,-0.281784,-0.471572,-0.247796,-0.278557,-0.299629,-0.147579,-0.106173,-0.313358,-0.240685,-0.284793,0.026864,-0.116719,-0.607203,-0.527274,-0.427883,-0.128902,-0.174796,0.337228,-0.127916,-0.102111,-0.105869,-0.107118,-0.347141,-0.088354,-0.42329,-0.260294,-0.247112,0.060589,0.22221,-0.297739,-0.232589,-0.27237,-0.203054,-0.220736,-0.315579,-0.273651,-0.168327,0.517437,0.562,-0.201538,-0.198724,-0.213288,-0.034726,0.047213,-0.068561,-0.397337,0.421105,-0.076595,0.179711,0.140467,0.049106,-0.089499,0.101702,-0.081864,-0.187038,0.37339,-0.397061,-0.38416,-0.389362,0.483635,-0.007286,0.201306,0.022987,0.439618,0.182967,0.190368,-0.17621,0.183303,-0.12941,-0.050726,0.270569,-0.017395,0.411867,-0.1754,0.072894,0.172272,-0.324895,0.148741,-0.382482,-0.432699,0.150813,#
5,-0.026296,-0.079105,-0.4503,-0.395445,-0.17205,1.0,0.358247,0.414794,0.428632,-0.092095,0.099632,-0.090409,0.047942,0.363577,0.01154,0.17542,-0.015284,0.044395,-0.116502,0.287423,-0.210397,0.360155,0.081025,-0.094432,0.281938,-0.285321,0.23874,0.526428,0.122933,-0.372414,-0.202945,0.120734,-0.089678,-0.276585,-0.075468,0.074243,-0.076363,-0.157682,-0.232396,-0.343026,0.145225,0.166592,0.231296,0.247933,0.093493,-0.106283,0.190828,0.237783,0.152177,0.339847,0.339847,-0.036471,0.308911,-0.302679,-0.25354,0.115132,0.31599,-0.089782,0.41826,0.01318,0.168855,-0.07735,0.163493,0.412509,0.121892,0.456012,-0.13941,-0.104842,0.040073,0.075924,0.141957,-0.071453,-0.276638,-0.091417,-0.157514,0.38739,0.171986,0.054706,-0.009491,-0.161559,0.062047,-0.171683,0.041592,-0.168604,0.109938,0.453982,0.059906,-0.385715,0.340457,-0.210149,-0.011242,0.15532,-0.113233,0.171573,0.098429,-0.07321,-0.176753,0.050679,-0.305344,-0.273242,-0.207224,0.197098,0.08739,0.021988,0.225413,-0.099541,0.282155,-0.407328,-0.037354,-0.326337,0.181722,0.306491,-0.074226,-0.373013,-0.001321,-0.207247,-0.222659,0.385843,-0.119366,0.11107,0.159122,-0.078058,0.208385,-0.138468,-0.014681,0.164194,0.185762,0.38866,0.232189,-0.001049,-0.422295,0.031962,0.005877,-0.208387,-0.053529,-0.066209,-0.220144,-0.278228,-0.123704,-0.350915,-0.341375,-0.321912,-0.266459,0.004064,0.168717,0.213482,-0.42066,0.117236,0.346442,-0.275997,0.287263,0.045947,-0.225426,0.158575,-0.017925,0.310979,0.074942,0.123379,-0.080416,0.094543,0.133434,-0.09623,0.032414,0.170391,0.186566,0.092068,0.392983,0.218778,-0.208061,-0.079752,-0.07502,0.201527,-0.0854,0.278733,-0.065861,0.248881,0.269335,0.128692,0.442571,-0.097721,0.220938,0.257342,-0.010583,-0.08467,-0.246868,-0.271456,0.039343,0.176004,-0.28704,-0.015283,0.107401,-0.311159,0.197666,-0.152722,0.31701,0.147825,0.128401,0.121623,-0.018174,0.030088,#
6,0.15476,0.385801,-0.222955,-0.434941,0.424093,0.358247,1.0,0.253265,0.680637,0.14806,0.035315,-0.040367,0.499089,0.14788,0.600722,-0.296953,-0.262614,0.354666,0.075576,0.316417,0.187616,0.429156,0.230099,0.008423,-0.168486,-0.192133,0.187427,0.03485,0.049447,0.150841,-0.660439,0.116065,0.37844,-0.179463,-0.23461,0.05795,-0.069446,-0.163624,-0.085855,-0.089271,0.055213,0.510988,-0.176134,0.253456,-0.023594,-0.213342,0.640836,0.531129,0.099526,0.223737,0.223737,-0.442178,0.150989,-0.414955,-0.044213,0.211569,0.100321,-0.139738,0.001571,0.106059,-0.085163,0.175512,-0.04424,0.258346,0.200506,0.428746,0.068476,-0.240801,0.126607,-0.208989,0.193755,-0.294362,-0.173194,-0.213909,-0.381482,0.327136,0.003877,-0.179302,-0.18159,-0.304237,-0.04968,-0.484342,-0.390615,-0.33977,-0.422952,0.368788,-0.011507,0.038382,-0.203468,-0.286229,-0.310262,-0.103382,-0.542597,0.412855,-0.256159,-0.142635,0.144576,0.242456,-0.026285,-0.225686,-0.069356,-0.021758,-0.093521,0.288606,-0.219357,-0.451608,-0.093859,-0.564891,-0.119552,-0.380009,0.466924,0.220881,-0.280361,-0.609296,-0.03805,-0.20604,-0.521214,-0.151441,-0.004348,-0.397671,-0.356564,-0.345135,-0.202149,-0.465986,-0.1127,0.051552,-0.055811,0.38446,-0.211386,-0.035008,-0.433019,-0.591388,-0.296113,-0.141207,-0.057808,-0.195004,-0.075093,-0.220074,0.000324,-0.169209,-0.275151,-0.454913,-0.258882,-0.090821,-0.099652,-0.180046,-0.281163,0.509875,0.034053,-0.431836,0.095284,-0.176987,-0.143198,-0.267269,-0.274405,0.336092,0.698404,0.531907,-0.224351,-0.150852,0.322016,0.175703,0.413074,0.28053,0.149384,0.5539,0.057165,0.14335,-0.226762,-0.049479,-0.112585,0.104681,-0.11638,-0.223051,0.304971,-0.02236,-0.136006,0.02101,0.630935,-0.337775,0.173723,0.439326,0.122525,-0.05345,0.113098,-0.084792,0.305992,0.223857,-0.694714,0.221095,0.321796,0.2513,0.058787,-0.096866,0.315947,-0.311603,0.05369,0.151056,0.02406,0.126093,#
7,0.245036,0.193418,-0.195935,-0.321424,-0.056386,0.414794,0.253265,1.0,0.505571,-0.129422,-0.107871,0.007079,0.107688,0.487759,0.273248,-0.048641,-0.080909,0.097975,-0.179016,0.043943,0.106856,0.493145,0.343455,0.223871,-0.268998,-0.057419,0.437239,0.394147,0.197478,-0.083821,-0.247601,0.359083,0.101377,-0.30116,-0.118158,0.021636,-0.087737,-0.63684,0.115136,-0.189451,-0.160906,0.294252,-0.057903,0.271775,0.062756,0.018494,0.252818,0.377965,-0.125022,0.159452,0.159452,-0.155204,0.172138,-0.055947,-0.22106,-0.006022,0.168147,-0.226642,0.392677,0.096073,0.199197,0.068474,-0.141578,0.295835,0.008435,0.319634,-0.197932,0.081242,0.282247,-0.220044,0.128403,-0.021735,-0.301218,0.127422,-0.394417,0.396405,-0.098671,-0.237694,-0.608979,-0.078018,-0.021405,-0.28026,-0.043704,-0.25421,-0.149756,0.364304,0.122347,-0.137357,-0.07163,-0.455303,-0.115649,-0.135249,-0.369897,0.398728,-0.337416,-0.137759,0.068449,-0.025395,-0.236761,-0.526933,-0.115861,-0.214917,-0.000426,-0.061151,-0.186279,-0.33826,-0.052541,-0.332212,-0.265162,-0.571328,0.229782,0.276663,-0.503967,-0.126008,-0.155373,-0.113789,-0.27093,0.09625,-0.309526,-0.019766,-0.070217,-0.356094,0.292955,-0.557613,0.112185,-0.142322,-0.070809,0.072794,-0.045432,-0.237087,-0.491995,-0.196991,0.230401,-0.207433,0.164851,0.065997,0.09251,-0.343086,0.045407,-0.294715,-0.376288,-0.25449,-0.310202,0.16839,0.014346,-0.004584,-0.458037,0.216273,-0.103184,0.006594,-0.071941,-0.09301,-0.291229,-0.099048,0.040704,0.230274,0.332514,0.167653,-0.194898,0.203312,-0.016235,0.048158,-0.201767,0.090498,0.210044,0.181726,-0.018547,-0.209933,-0.263296,-0.117485,-0.139537,0.172331,-0.486637,-0.230986,0.336721,-0.054018,-0.137549,0.069777,0.270666,-0.402275,0.136043,0.328363,0.142928,0.163385,-0.00545,-0.020603,0.113492,-0.145096,-0.136991,0.232877,0.336265,-0.001597,0.263706,-0.231566,0.028203,0.241877,0.150924,-0.188292,-0.188473,0.459667,#
8,0.240165,0.152705,-0.1771,-0.322795,0.283197,0.428632,0.680637,0.505571,1.0,0.018033,-0.20891,-0.064377,0.611843,0.253373,0.30545,-0.409912,-0.335596,0.385092,0.069638,0.465145,0.25404,0.389238,0.269725,0.128354,-0.027441,-0.313271,0.394011,-0.060999,0.188632,0.074757,-0.404258,0.12781,0.250006,-0.351414,-0.348826,-0.105844,0.001856,-0.398589,-0.166627,-0.128801,0.362887,0.436594,-0.150274,0.076735,0.032722,-0.279631,0.541788,0.631788,0.00752,-0.099534,0.139143,-0.297391,0.235408,-0.097955,-0.330204,-0.037139,0.22548,-0.352822,0.290833,0.053544,0.051984,-0.042218,-0.064928,0.319704,0.296189,0.552874,0.069909,0.042493,0.229718,-0.176654,0.38678,-0.063505,-0.351481,0.107763,-0.217347,0.263198,0.061371,-0.160978,-0.129701,-0.301419,0.323463,-0.437312,-0.181005,-0.339268,-0.159741,0.509178,0.192679,0.164102,0.073039,-0.265641,-0.148602,0.005632,-0.510778,0.645233,-0.255992,0.039599,0.379494,0.143453,0.061963,-0.188824,-0.024724,0.148147,0.1564,0.234232,-0.022949,-0.123195,-0.005095,-0.446845,-0.094777,-0.378753,0.672511,0.083734,-0.212968,-0.259357,0.159247,-0.233054,-0.385381,0.214808,-0.017796,-0.330942,-0.19194,-0.384022,0.16697,-0.514345,0.09856,0.127091,-0.025606,0.374318,-0.214826,-0.023982,-0.350376,-0.468931,0.025924,-0.204243,0.176109,-0.037239,-0.019777,-0.182394,-0.022837,0.002668,0.041324,-0.499445,-0.269514,-0.06781,-0.044265,0.046422,-0.365099,0.389779,0.189804,-0.265615,0.165052,-0.257009,0.055144,-0.16353,0.017946,0.320892,0.616097,0.421463,0.09738,-0.109856,0.048387,0.044059,0.056825,0.346935,0.274369,0.408248,0.214913,0.014861,-0.393864,0.033542,-0.273856,0.176547,-0.122859,0.025738,0.293855,0.241503,-0.111491,-0.093098,0.545094,-0.582481,0.132352,0.133692,0.060358,-0.22249,-0.061025,-0.028854,0.434433,0.281266,-0.657365,0.194843,0.578641,-0.120549,0.059801,-0.289736,0.269273,-0.07274,-0.013852,-0.12348,-0.029482,0.198627,#
9,0.320484,0.518743,-0.028883,-0.135726,0.488653,-0.092095,0.14806,-0.129422,0.018033,1.0,0.240606,-0.043681,0.325435,0.215986,0.254614,-0.097044,-0.244736,0.354089,0.434628,-0.325983,-0.035818,0.113848,0.362055,0.200244,-0.325983,0.069691,0.289615,-0.091303,0.175822,0.345168,-0.020032,-0.078171,0.363698,0.162501,-0.032356,0.060595,-0.30269,-0.24306,-0.244702,-0.07,-0.220057,0.149546,0.113523,0.113465,-0.128586,-0.562715,0.151487,0.189046,-0.380822,0.16409,0.16409,-0.023707,0.054463,-0.341988,0.245511,-0.365784,-0.370708,0.199594,-0.331887,-0.279261,0.16983,0.202554,-0.296456,0.013317,-0.185212,0.23954,-0.053069,0.011302,-0.057241,0.171983,-0.230398,-0.281103,-0.161061,-0.462153,-0.149419,0.197439,-0.491196,-0.580342,-0.080816,-0.491196,-0.261032,-0.277566,-0.245897,0.153742,-0.103502,-0.014241,-0.136828,-0.198204,-0.386013,0.028195,-0.043372,-0.160636,-0.453104,-0.199523,-0.317926,0.028195,-0.059553,0.145817,0.091784,-0.216789,-0.177155,-0.386172,-0.320406,-0.188782,-0.453387,-0.141479,-0.53001,-0.205248,-0.418566,0.053989,0.107463,-0.08903,-0.119157,-0.418023,-0.058407,-0.326433,-0.108301,-0.120252,0.328377,-0.53271,-0.175803,-0.204323,-0.014419,-0.114473,-0.162193,0.049605,-0.24484,-0.261062,-0.18889,-0.150808,-0.079246,-0.299021,-0.279517,-0.133209,-0.315871,-0.108301,0.222077,-0.217925,0.246744,-0.273187,-0.29901,-0.136675,-0.153631,-0.126191,-0.158941,-0.212944,0.261459,0.239689,-0.389856,0.094196,-0.28044,-0.360308,0.00994,0.00233,-0.162226,-0.109691,0.16811,0.327377,-0.224567,-0.028413,-0.268894,-0.052848,-0.103966,0.160004,-0.607136,0.276435,-0.142779,0.297623,0.538245,0.129047,0.056204,0.080986,0.080441,0.010972,0.39646,-0.297388,-0.210354,-0.046372,0.196445,-0.132891,0.039644,-0.030032,-0.251473,0.160378,0.165123,-0.182407,0.030747,-0.198078,-0.014805,0.425117,0.015574,0.368247,-0.061613,0.194357,0.196412,-0.326362,0.131096,-0.486128,-0.250836,-0.159995,#
10,0.111214,-0.128515,0.04675,0.232369,0.188274,0.099632,0.035315,-0.107871,-0.20891,0.240606,1.0,-0.103729,-0.246965,-0.116437,0.006311,0.232961,0.078049,-0.227914,-0.037802,-0.269431,-0.341768,0.025004,0.030774,0.051995,0.059841,0.147663,0.058165,0.152747,-0.143146,-0.279155,0.188417,0.108132,-0.021744,0.044105,-0.129054,0.255338,-0.082678,0.175831,-0.09944,-0.038047,-0.073712,-0.031926,0.125666,0.094039,-0.18186,-0.116769,-0.075844,-0.123179,-0.074164,0.187482,-0.082759,0.059134,0.033642,-0.432958,-0.272215,0.331397,-0.018065,0.24225,-0.071922,0.135018,-0.07185,0.009418,0.177275,-0.082544,-0.101073,-0.241445,-0.067256,-0.455352,-0.319434,0.119729,-0.195367,0.099182,0.051364,0.194203,0.154963,0.152052,0.062399,-0.091257,0.169638,0.004748,-0.340691,0.195721,0.224639,0.188283,-0.010777,-0.112027,-0.099132,0.037842,-0.174249,-0.101474,-0.213723,0.033145,0.240013,-0.291097,0.329251,0.094256,-0.306792,0.393859,-0.101013,0.033724,0.201177,-0.244337,0.31663,-0.237785,0.050292,-0.003374,-0.113311,-0.214395,0.280682,0.143554,-0.427728,-0.125916,0.144401,-0.262525,-0.131565,-0.054762,0.262111,-0.129803,-0.099287,0.141147,0.331858,-0.126071,0.033044,0.113,-0.378885,-0.341511,-0.203397,0.165606,0.109142,-0.186947,0.320853,-0.007108,-0.185566,0.121131,-0.045716,0.438676,-0.181272,0.045935,-0.129491,-0.069994,-0.096395,-0.323564,0.203988,-0.348471,-0.183201,-0.048321,0.010188,-0.191275,-0.254416,0.187995,0.174015,0.284364,-0.290286,-0.138632,0.029977,-0.279753,-0.219765,-0.128733,-0.018569,-0.037826,-0.175076,0.190423,0.272635,-0.38723,-0.15035,0.054738,0.052225,0.257959,0.421416,-0.268849,0.053636,0.075948,-0.320321,-0.045159,-0.279185,-0.145257,0.276897,0.012659,-0.017105,0.228992,0.121697,0.057129,-0.136809,0.099473,-0.096569,-0.444899,-0.178793,-0.110983,0.20295,-0.232453,-0.22263,-0.042736,-0.141015,-0.063325,0.083505,-0.273024,0.111922,0.17108,-0.192827,-0.226282,#
11,0.067554,-0.167274,0.185796,-0.153436,0.033413,-0.090409,-0.040367,0.007079,-0.064377,-0.043681,-0.103729,1.0,-0.084547,-0.108633,-0.12599,0.073541,-0.039674,-0.000643,-0.380582,0.070325,-0.424987,0.187722,0.165492,-0.154821,-0.102794,0.149011,0.129164,-0.463471,-0.201399,0.057591,-0.219275,0.196265,0.18471,0.325333,0.130122,-0.079973,-0.192634,-0.043653,-0.214862,-0.027671,-0.076959,0.161734,0.086858,-0.374201,0.287371,-0.321482,-0.074199,-0.011412,-0.221228,-0.088586,-0.323707,0.124306,-0.013152,-0.091012,0.109227,-0.029884,-0.218575,-0.219887,0.138575,0.049698,0.127615,-0.122087,-0.171911,-0.485332,0.05967,-0.116257,-0.235918,-0.133347,-0.040272,0.303864,0.087532,-0.244775,0.325648,0.115351,-0.454309,-0.065229,-0.226292,-0.225297,-0.082133,0.277882,0.334497,-0.233438,-0.137468,-0.218235,-0.009094,0.136677,-0.06585,0.018304,0.207618,-0.381146,0.110606,-0.33182,-0.000192,0.032049,-0.148264,-0.208636,-0.048276,0.166793,-0.422906,0.023089,-0.129846,0.030747,0.030563,0.210429,-0.308119,-0.197332,0.22953,-0.024496,-0.060418,0.168065,0.000686,0.239081,-0.33331,0.107451,-0.14476,-0.123317,-0.138503,0.111427,-0.14852,0.17137,0.026536,-0.179763,0.028256,0.096876,-0.289509,0.197012,-0.013541,-0.211925,0.099464,0.343556,-0.149498,0.112703,-0.209432,-0.31851,-0.139242,0.04776,0.288988,-0.154077,0.241218,-0.202775,0.136957,-0.028846,0.128208,-0.341861,-0.311916,-7.1e-05,0.13021,-0.007151,-0.193671,0.127368,-0.22619,-0.237426,0.101142,-0.044023,-0.153065,-0.116663,0.030405,-0.012615,0.078441,0.07377,0.252928,-0.12329,-0.033386,-0.058647,-0.069275,-0.052404,0.119951,0.11638,-0.157387,-0.249285,0.11552,-0.069778,-0.079917,0.272644,0.022982,-0.302881,-0.365217,0.061391,-0.159892,0.132573,0.069561,-0.135963,-0.027351,0.338014,0.189321,0.063828,0.044327,-0.152201,-0.116936,-0.197949,-0.224715,-0.052302,-0.057648,0.08575,0.25971,0.074106,0.21519,0.089078,0.287836,-0.148161,#
12,0.029257,0.245264,-0.208509,-0.1376,0.315527,0.047942,0.499089,0.107688,0.611843,0.325435,-0.246965,-0.084547,1.0,0.210052,0.323882,-0.483928,-0.355008,0.512628,0.08069,0.21182,0.421534,0.230627,0.281243,0.086035,-0.126879,-0.128488,0.153239,-0.271987,0.309124,0.211528,-0.304937,-0.085213,0.325637,0.000631,-0.160725,-0.233218,-0.024761,-0.37468,-0.178025,-0.20122,0.195782,0.396915,0.101689,-0.156222,-0.071119,-0.294695,0.495771,0.392072,-0.161926,-0.244326,0.245423,-0.312498,0.142297,-0.024388,-0.116325,-0.061298,0.154989,-0.059803,0.064248,-0.187323,0.015286,0.260486,-0.038979,-0.038374,0.188733,0.339222,0.008468,0.234253,0.140137,-0.046111,0.249543,0.070015,-0.248904,-0.099184,-0.20008,0.237699,-0.016978,-0.242625,-0.207637,-0.330419,0.280481,-0.523151,-0.399892,-0.342845,0.052005,0.404123,-0.035329,0.174109,-0.023403,0.050783,-0.15547,0.193588,-0.572522,0.377846,-0.475699,0.200441,0.491215,0.08224,0.287671,-0.062118,0.006013,-0.006129,0.050792,-0.020811,-0.076333,-0.089441,-0.180105,-0.147458,-0.282536,-0.191386,0.47897,-0.271818,-0.156858,-0.286306,0.211982,-0.167725,-0.328303,0.155663,0.145371,-0.447838,-0.190562,-0.352991,0.133379,-0.423726,0.156757,0.370173,-0.164683,0.213662,-0.067235,0.159435,-0.118657,-0.389249,-0.155988,-0.268206,0.077532,-0.141113,-0.124642,-0.057721,0.106062,0.144829,-0.031988,-0.215046,-0.083947,-0.12874,0.033397,-0.108632,0.014752,0.314155,0.142068,-0.057971,-0.192019,-0.401091,0.214015,-0.182547,0.030985,0.394148,0.637327,0.294791,0.081932,-0.273313,0.066409,-0.294063,0.143003,0.523919,0.046242,0.448152,0.255561,-0.116499,-0.163933,0.334476,-0.07425,0.060102,0.09145,-0.103703,0.312091,0.074273,-0.293207,0.099973,0.36618,-0.270388,0.030823,-0.023055,-0.151948,-0.392802,0.10898,-0.021146,0.501493,0.181466,-0.568267,0.236145,0.47379,0.150023,-0.124023,-0.27353,0.139274,-0.111169,-0.099193,-0.111817,0.039252,0.073522,#
13,0.40748,0.441077,-0.120979,-0.383447,0.006874,0.363577,0.14788,0.487759,0.253373,0.215986,-0.116437,-0.108633,0.210052,1.0,0.070939,0.246089,-0.140022,0.239598,0.239326,-0.098253,0.035681,0.497786,0.596835,0.301744,-0.310922,-0.3164,0.451119,0.434688,0.354367,0.187975,-0.384306,0.209641,0.216359,0.14853,0.157798,0.221118,-0.24973,-0.359749,0.070436,-0.074269,-0.182251,-0.034249,0.439591,0.422877,-0.199406,-0.266383,0.076957,0.342103,-0.226756,0.224728,0.515286,-0.188375,-0.028118,0.046739,-0.050884,-0.158361,0.057444,0.110613,0.244547,-0.011896,0.489576,0.1136,-0.148118,0.268276,0.204659,0.433232,-0.450575,0.445404,0.43315,0.019302,-0.123089,-0.23439,-0.151271,-0.343695,-0.189907,0.523307,-0.261252,-0.193288,-0.520378,-0.208382,-0.326741,-0.426707,-0.255046,-0.003123,0.168383,0.061593,0.081677,-0.397812,0.002375,-0.310417,-0.406941,-0.156202,-0.51502,0.272767,-0.437712,-0.35698,0.11712,-0.146373,-0.213672,-0.529915,-0.127114,-0.201802,-0.243379,-0.359356,-0.116258,-0.392605,0.019158,-0.381874,-0.347906,-0.236882,0.209748,0.155291,-0.268894,-0.295486,-0.287542,-0.236955,-0.447451,-0.175957,0.017956,-0.232411,-0.206005,-0.38719,0.100394,-0.525987,0.130987,0.046658,-0.153411,-0.147057,-0.042762,-0.411554,-0.443817,-0.066868,-0.183251,-0.264865,-0.229097,-0.285613,0.155347,-0.508257,-0.147809,-0.321192,-0.372283,-0.053334,-0.643474,0.050043,-0.277007,-0.105881,-0.429768,0.231285,-0.223528,-0.358921,-0.314153,-0.19706,-0.182321,0.034686,-0.292292,0.167365,0.248391,0.292878,-0.338705,-0.116727,-0.11616,-0.32987,-0.156745,0.277396,-0.244468,0.182382,-0.066327,0.056313,-0.230698,0.226838,0.038273,0.381613,-0.056152,-0.340582,0.422663,-0.148377,-0.148948,0.1485,0.424148,-0.328844,0.078926,0.020949,-0.131302,0.172972,0.172781,-0.016401,0.036193,-0.156346,-0.193766,0.557169,-0.078875,0.164368,0.467103,0.3435,0.155972,0.23192,0.588222,-0.338241,-0.280426,0.231875,#
14,0.163707,0.414696,-0.125106,-0.246992,0.510007,0.01154,0.600722,0.273248,0.30545,0.254614,0.006311,-0.12599,0.323882,0.070939,1.0,-0.325072,0.061714,0.144318,0.021385,-0.015157,0.322969,0.187891,0.098337,0.160145,-0.334228,-0.038036,-0.034226,0.157719,0.166714,-0.01185,-0.389959,-0.070426,0.252548,-0.08999,-0.316791,0.256635,-0.233257,-0.35334,0.234793,0.105321,-0.206502,0.26649,-0.507855,0.279109,-0.261042,0.044481,0.31423,0.131843,0.065224,0.355116,0.119603,-0.181147,-0.050533,-0.23449,-0.021488,-0.090799,-0.229458,0.00203,-0.13767,0.016695,-0.019226,0.524211,-0.42529,0.101568,0.019659,0.286001,0.062628,-0.052788,0.186506,-0.336085,-0.160002,-0.238351,-0.083689,-0.191939,-0.472304,0.203417,-0.026673,-0.526576,-0.217737,-0.516911,-0.124312,-0.209609,-0.138428,-0.382224,-0.434124,0.107246,-0.189012,-0.123613,-0.459717,-0.201288,-0.202955,-0.25691,-0.298328,0.075606,-0.441592,-0.214609,-0.060445,0.162668,-0.02259,-0.451735,0.375607,-0.282567,-0.280436,0.009707,-0.26809,-0.404928,-0.41945,-0.165833,-0.360065,-0.324293,0.105555,-0.180739,-0.296037,-0.375524,-0.15483,-0.179998,-0.339987,-0.33891,-0.146096,-0.284565,-0.472563,-0.266299,-0.27423,-0.300641,0.141209,-0.286342,-0.31393,0.008009,-0.342758,-0.148548,-0.446626,-0.607041,-0.189505,-0.033458,-0.09945,-0.176495,0.335005,-0.271526,-0.025389,-0.092574,-0.43765,-0.356589,-0.399518,0.058302,0.077782,-0.304817,-0.145102,0.35242,-0.282282,-0.408697,-0.23943,-0.042269,-0.238764,-0.131175,-0.260383,0.340483,0.591634,0.484507,-0.361145,-0.017981,0.158354,0.140826,0.055031,-0.053697,-0.166848,0.575142,-0.078881,-0.158319,-0.045438,-0.143217,0.245089,0.079426,-0.077381,-0.382836,0.375137,-0.377214,-0.229952,-0.028522,0.471903,-0.201594,0.032472,0.516502,0.436454,0.023766,0.028674,-0.199498,-0.149271,0.070386,-0.218178,0.272917,-0.00469,0.589713,-0.011739,-0.0361,-0.111285,-0.148547,-0.077753,-0.175836,-0.226805,0.448951,#
15,0.002981,-0.229658,-0.167229,-0.272459,-0.32397,0.17542,-0.296953,-0.048641,-0.409912,-0.097044,0.232961,0.073541,-0.483928,0.246089,-0.325072,1.0,0.006644,-0.459576,0.091473,-0.200176,-0.410933,0.310684,-0.076985,0.097973,0.069197,-0.16326,0.0271,0.216527,-0.038151,-0.189152,0.14903,0.096979,-0.094705,0.479668,0.093475,0.43382,0.095262,0.340086,0.007532,0.011479,-0.245269,-0.457221,0.455564,0.11854,-0.218664,-0.003151,-0.388592,-0.171117,-0.12786,0.246539,0.246539,0.158723,-0.092816,0.030641,-0.093712,0.409166,0.309147,-0.195692,0.23146,-0.108734,0.273358,-0.082505,0.325616,-0.169056,-0.131628,-0.28456,-0.307961,-0.021058,0.031295,0.188841,-0.071031,-0.236954,0.221837,-0.093724,0.169037,-0.125787,0.051581,0.222329,-0.028748,0.317015,-0.165559,0.164897,0.376001,0.172342,0.29881,-0.245377,0.201792,-0.404635,0.217363,-0.101,0.137584,-0.041286,0.214577,-0.149662,0.282722,-0.07037,-0.306029,0.186576,-0.331462,-0.160074,-0.053366,0.134264,0.083602,-0.019661,0.376001,0.04135,0.205342,-0.137612,0.082121,-0.032251,-0.426105,0.328143,0.102501,0.273329,-0.309836,0.007568,0.277473,0.005323,-0.026114,0.273981,0.145543,0.231942,0.016655,0.179119,-0.190278,0.000944,0.321226,0.061951,0.184648,-0.161798,-0.092165,0.403639,0.155836,0.216152,-0.26144,-0.072818,-0.217957,-0.148786,-0.152868,-0.178435,-0.041127,-0.05363,-0.128649,0.281211,-0.028525,-0.104112,-0.09454,-0.48715,-0.138849,-0.136982,-0.009039,0.042859,-0.279917,0.176591,-0.044809,-0.042259,-0.437488,-0.226119,-0.111436,0.058339,0.147986,0.079681,-0.231509,-0.022497,-0.032385,-0.429992,0.077795,0.293476,0.107137,-0.107032,-0.068227,0.041865,-0.094092,0.08225,-0.220304,-0.054225,0.10546,0.134636,-0.28685,0.202007,0.155798,-0.228133,0.000813,0.282662,-0.231777,0.136771,-0.292856,-0.326883,0.167256,-0.169307,-0.454472,-0.318542,0.056056,0.146203,0.131222,0.185833,0.191212,0.262026,0.153025,-0.272075,#
16,0.191287,-0.072072,-0.222955,-0.024893,0.063733,-0.015284,-0.262614,-0.080909,-0.335596,-0.244736,0.078049,-0.039674,-0.355008,-0.140022,0.061714,0.006644,1.0,-0.045841,-0.165848,-0.419381,-0.058572,-0.371375,-0.487429,-0.129093,-0.03406,-0.040682,-0.578378,0.14813,0.014866,-0.212764,0.077491,-0.517047,0.025377,-0.207167,0.157547,0.322756,-0.140718,-0.023114,-0.124432,0.237193,-0.324028,-0.437554,-0.112385,0.277716,-0.165428,0.272128,-0.386301,-0.696124,0.273831,-0.036619,-0.026106,-0.036275,-0.133318,0.124268,0.14161,-0.165719,-0.212932,0.279782,0.081522,0.201217,-0.144833,-0.158979,-0.054082,-0.058226,0.328967,-0.084195,0.401085,0.035267,-0.297884,-0.461395,-0.691134,0.168621,0.064291,0.106751,0.098311,0.298025,0.319205,0.062661,0.154199,-0.066691,-0.402366,0.311117,0.000815,0.147459,-0.082038,-0.35567,-0.351285,-0.23735,0.102442,-0.147747,-0.064346,-0.401847,0.346009,-0.623736,0.107107,-0.355864,-0.452905,-0.405624,-0.368004,0.161549,0.249822,-0.289603,-0.112827,-0.318244,0.007745,0.152471,-0.073648,0.074781,-0.158506,0.240175,-0.543664,-0.114538,-0.072674,0.007095,-0.394348,0.351566,-0.014356,-0.344259,-0.50169,0.439198,-0.105838,0.398308,-0.583247,0.454078,0.19179,-0.39547,-0.072646,-0.065407,-0.271827,-0.140438,-0.110616,0.241773,-0.059039,0.135577,-0.153351,-0.238025,0.185115,-0.226783,-0.588031,-0.129792,-0.38468,0.031081,-0.090609,0.03925,0.197628,-0.20789,0.106019,-0.145151,0.009719,-0.097026,0.147227,0.219941,-0.53857,-0.07029,-0.217715,-0.420402,-0.22402,-0.024029,-0.275416,-0.170278,-0.065918,-0.151607,-0.190899,-0.472243,-0.191194,-0.077955,-0.061889,-0.233096,0.179199,-0.244557,0.512765,0.008667,-0.246818,-0.041199,-0.196092,-0.14926,-0.126193,0.098354,0.113438,0.247139,0.09146,0.153513,0.546702,0.173411,0.367021,-0.110021,-0.102151,0.211656,0.579318,0.037659,-0.495177,0.216093,0.155617,0.210233,-0.433103,0.538113,0.008761,-0.266991,-0.451619,0.314055,#
17,0.364729,0.606596,-0.162147,-0.079008,0.32541,0.044395,0.354666,0.097975,0.385092,0.354089,-0.227914,-0.000643,0.512628,0.239598,0.144318,-0.459576,-0.045841,1.0,0.398785,-0.086941,0.403937,-0.088586,0.267603,-0.102679,-0.14969,-0.149535,0.182919,-0.017274,0.335518,0.393165,-0.487673,-0.084974,0.316568,-0.232945,-0.034531,-0.455949,-0.286234,-0.164404,0.011312,-0.038267,-0.105912,0.362684,0.139826,-0.076557,-0.056796,-0.407615,0.331817,0.198135,0.060755,-0.223779,0.275587,-0.13869,0.064429,-0.117231,0.241051,-0.327274,-0.062043,-0.059782,0.018542,0.151549,-0.006298,0.283693,-0.354379,0.238677,0.276017,0.540335,0.139321,0.275784,0.159547,-0.013229,-0.089058,0.007128,-0.489135,-0.299641,-0.223819,0.434614,-0.392014,-0.083607,-0.179846,-0.472266,-0.186443,-0.373941,-0.561851,-0.002198,-0.282044,0.249998,-0.360334,0.037117,-0.022194,-0.274056,-0.165364,-0.310496,-0.425524,0.019964,-0.302022,-0.104069,0.188938,-0.205294,-0.056691,-0.22339,-0.240393,-0.350671,-0.241781,-0.161628,-0.417212,-0.082482,-0.360831,-0.33529,-0.597267,-0.178825,0.288822,0.148943,-0.121581,-0.312941,-0.090564,-0.191876,-0.486394,-0.18188,-0.067716,-0.497445,-0.32173,-0.225758,-0.34131,-0.419913,-0.19047,0.395277,0.012826,-0.074172,-0.06453,-0.143594,-0.243499,-0.389432,-0.210858,-0.274186,-0.131037,-0.278479,0.212492,-0.374233,0.264771,-0.427947,-0.175343,-0.036488,-0.225512,-0.32563,-0.200084,-0.093782,-0.151649,0.607323,-0.125475,-0.196692,-0.223927,-0.264102,0.109603,-0.184671,-0.477733,-0.11423,0.449029,0.408057,-0.425709,-0.104925,-0.150404,-0.095077,0.189268,0.274941,-0.200522,0.620251,-0.053245,-0.097892,0.013364,-0.118483,0.077925,0.043202,-0.078574,-0.083801,0.290381,-0.26097,-0.116509,0.1076,0.521185,-0.212723,-0.029116,0.113914,-0.057533,-0.258807,0.433021,-0.036749,0.66703,0.158193,-0.393062,0.518042,0.278443,0.31489,0.153689,0.163887,-0.198411,-0.036527,-0.141977,-0.462178,-0.164408,-0.068391,#
18,0.465058,0.511883,-0.045662,-0.011876,0.078569,-0.116502,0.075576,-0.179016,0.069638,0.434628,-0.037802,-0.380582,0.08069,0.239326,0.021385,0.091473,-0.165848,0.398785,1.0,-0.268237,0.386938,-0.134551,0.062808,0.120079,-0.171589,-0.347869,0.160978,0.07273,0.052833,0.497661,-0.026724,-0.04825,0.133601,0.102756,-0.200046,-0.039226,-0.098817,0.10452,0.031934,0.165468,-0.107627,-0.276425,0.156089,0.086988,-0.355632,-0.278088,0.153904,0.104355,0.026224,-0.136044,0.111445,-0.007009,-0.125091,-0.047586,0.240071,-0.079388,0.107644,-0.182035,-0.271218,-0.038259,0.002327,0.116777,-0.106869,0.054606,0.048092,0.250563,0.007304,0.079612,-0.081133,-0.079387,-0.177381,-0.265028,-0.17957,-0.374228,0.006115,0.001425,-0.515291,-0.033592,0.037421,-0.204328,-0.309417,-0.120406,-0.017272,0.462653,-0.168678,-0.026271,0.042623,-0.064933,-0.140937,0.137024,0.095603,-0.241418,-0.351224,-0.088256,-0.066361,-0.214868,-0.105917,-0.154631,0.037558,-0.155373,-0.144129,-0.292987,-0.197682,-0.149732,-0.209949,0.141449,-0.337586,-0.048416,-0.386555,-0.054891,0.196113,0.17772,0.102927,-0.189775,-0.162626,-0.316631,-0.088159,-0.111153,0.391693,-0.558921,-0.282698,0.172361,-0.25582,-0.173403,-0.20001,0.140566,0.029177,-0.164603,-0.13903,-0.445761,0.032949,-0.339622,0.042944,0.305138,-0.384006,-0.223178,-0.073728,-0.305229,-0.03965,-0.116865,0.056653,-0.182146,-0.510413,0.151215,0.077419,-0.21357,-0.069993,0.269272,0.021985,-0.267087,-0.232792,-0.183701,0.143173,0.04343,-0.221464,-0.115491,0.059976,0.248877,-0.342559,-0.032302,-0.417153,0.091512,0.028974,-0.007651,-0.271339,0.12961,-0.229072,-0.06583,0.132103,-0.060809,0.005149,-0.113048,-0.010417,0.009166,0.278088,-0.036671,0.059837,0.171843,0.249859,-0.42504,0.064273,0.001871,-0.194948,-0.114497,0.225684,0.082932,0.203979,0.049159,-0.159623,0.498749,0.005776,0.210248,0.30066,0.473105,-0.096774,-0.108304,-0.100162,-0.376404,-0.222241,-0.238251,#
19,-0.38849,-0.274302,0.065223,-0.02525,0.008562,0.287423,0.316417,0.043943,0.465145,-0.325983,-0.269431,0.070325,0.21182,-0.098253,-0.015157,-0.200176,-0.419381,-0.086941,-0.268237,1.0,0.007877,0.210505,0.109713,-0.089658,0.334213,-0.287034,0.244245,-0.226957,-0.163312,-0.212153,-0.206187,0.270423,-0.077183,-0.012621,-0.318353,-0.122783,0.088474,0.020765,0.165894,0.190378,0.454604,0.353876,-0.122747,-0.327332,0.414591,0.105773,0.317989,0.581082,0.111344,0.021452,0.021452,-0.181061,0.110451,0.163363,-0.233158,0.270855,0.272967,-0.117165,0.394365,-0.091558,-0.042693,-0.09585,0.129564,0.178836,-0.057607,0.218606,0.034889,0.072053,0.349632,0.154488,0.506344,0.012807,-0.016,0.324687,-0.00525,-0.248051,0.308943,0.230999,0.165513,0.020804,0.558857,-0.005169,0.06268,-0.512887,0.254765,0.132247,0.20973,0.182742,0.186102,0.08251,0.011057,0.509532,0.057252,0.531105,0.102442,0.291635,0.354771,0.26799,0.196959,0.232254,0.015718,0.669696,0.294644,0.381126,0.36069,-0.112413,0.264136,-0.112193,0.424314,-0.156136,0.530779,-0.152562,0.102442,0.123439,0.403683,-0.039361,-0.042614,0.393149,0.091777,0.145013,0.1961,-0.165089,0.388138,-0.329096,0.195294,0.376462,-0.016205,0.104655,0.295249,0.53673,-0.076299,0.032622,-0.026715,-0.267542,0.449172,-0.035894,-0.219634,0.354326,0.095074,0.209445,0.375034,0.038008,0.089977,-0.048245,-0.20767,0.133655,-0.419684,-0.002903,0.332762,-0.254147,0.163877,0.070117,0.296681,0.173348,0.326406,0.484179,0.132376,-0.151345,0.45869,-0.076549,0.308575,-0.093759,0.234886,0.386566,0.384445,0.091285,0.439425,0.196483,-0.558221,0.081693,-0.480679,-0.100209,0.210582,0.13545,-0.139025,0.231,0.291739,-0.320562,0.045477,0.020607,-0.155054,0.044131,-0.023909,-0.084576,-0.43499,-0.040802,0.19915,-0.042889,-0.453772,-0.407438,0.292807,-0.337176,-0.036527,-0.353055,0.244998,-0.417416,-0.100781,0.479669,0.31167,-0.034493,#
20,-0.028604,0.313682,-0.071168,0.165455,0.081228,-0.210397,0.187616,0.106856,0.25404,-0.035818,-0.341768,-0.424987,0.421534,0.035681,0.322969,-0.410933,-0.058572,0.403937,0.386938,0.007877,1.0,-0.134785,-0.165842,0.126542,0.007877,-0.284882,-0.200934,0.002254,0.233854,0.327007,-0.104191,-0.323651,0.05859,-0.204556,-0.324509,-0.23075,0.010226,-0.145779,0.38473,0.069852,-0.017959,0.029905,-0.228891,-0.09947,-0.163342,0.198583,0.414861,0.164318,0.045499,-0.006952,-0.006952,0.046498,-0.332493,0.295798,-0.027013,-0.050955,0.065421,-0.212266,-0.150074,-0.086444,0.026715,0.335198,-0.176123,0.167297,-0.037265,0.268582,0.083962,0.323461,0.239674,-0.412722,-0.100924,0.213456,-0.204595,-0.039674,0.065262,0.031082,-0.021436,0.093759,-0.212668,-0.275582,-0.021063,-0.212428,-0.023527,-0.117088,-0.161308,0.019914,-0.001688,0.221835,-0.133137,0.019925,0.091965,-0.006027,-0.170469,0.218071,-0.262324,0.028029,0.485562,-0.166687,0.261902,-0.020352,0.003647,-0.288845,-0.110767,-0.078442,-0.17598,-0.088014,-0.319622,0.150513,-0.33103,-0.332274,0.345161,-0.113094,-0.063091,-0.174369,0.042863,-0.005958,-0.204557,-0.001689,-0.03129,-0.269638,-0.287817,0.206986,-0.07328,-0.378745,0.186201,0.17085,-0.075113,-0.048111,-0.149234,0.066671,0.04018,-0.379845,0.139072,0.071144,-0.054237,-0.043988,-0.162814,-0.018577,-0.084063,0.304004,0.004703,-0.053493,-0.112215,0.033456,0.371974,-0.160486,-0.12945,0.35533,0.234442,-0.140736,-0.250567,0.096724,0.372679,-0.072821,-0.051067,0.204204,0.506438,0.141601,-0.101536,-0.110637,0.004975,0.111886,0.057323,0.180999,0.081565,0.412033,-0.041382,-0.294987,-0.25059,-0.033041,-0.094884,0.093454,0.106894,-0.096426,0.146438,0.154798,0.062289,0.042799,0.325755,-0.157373,0.025849,0.278773,0.187929,-0.208196,0.132608,0.321066,0.430995,0.221694,-0.211738,0.185478,0.345522,0.457604,-0.042895,-0.054525,-0.468122,-0.042,-0.297112,-0.218405,-0.069798,0.106771,#
