0,1.0,0.13414,0.163633,0.039119,0.229909,-0.007794,-0.082728,-0.004047,0.142015,0.09078,-0.427787,0.167463,-0.04554,0.036196,0.039893,-0.154325,0.00012,-0.032427,0.069021,-0.087485,-0.189412,0.140767,-0.377764,-0.005678,0.24162,-0.261808,0.126248,-0.172996,0.358679,0.271763,-0.342606,-0.220574,-0.126933,-0.047757,-0.083314,0.200248,-0.186776,-0.008078,-0.139883,0.258857,-0.091043,-0.139827,-0.414496,0.035393,0.009599,0.06101,0.09305,0.139715,-0.045475,0.339598,-0.237558,-0.1595,0.356043,-0.078053,0.141109,-0.173416,0.007392,0.10314,-0.031475,0.091985,0.173521,0.330219,0.243165,-0.204074,-0.096743,-0.066909,-0.067766,-0.125234,0.147648,-0.114135,-0.107469,-0.251548,0.103892,-0.060283,-0.327204,0.118859,-0.094563,-0.401747,-0.006469,-0.243888,0.035228,-0.128115,-0.03237,-0.435451,0.079215,0.029963,-0.208589,-0.018226,-0.087673,-0.21637,-0.003304,-0.184208,0.086519,0.040584,0.040815,-0.154228,-0.07169,-0.024568,0.217083,-0.279797,-0.030302,0.00727,-0.021921,-0.021779,0.073014,0.01981,0.225726,-0.156412,0.012832,-0.513636,-0.187231,0.0,0.154142,-0.249097,-0.100593,-0.24507,-0.075805,-0.056318,0.185974,-0.339757,0.254751,-0.129356,-0.106715,0.03057,-0.007239,-0.133035,0.132431,-0.180947,0.062608,0.16218,0.109769,-0.364467,-0.031891,0.209992,-0.27163,-0.091878,0.002455,-0.060986,0.167309,-0.22034,-0.021779,-0.343942,0.15947,-0.335739,-0.122595,-0.043143,0.056836,-0.071155,-0.068739,0.003134,-0.213964,-0.063014,0.424976,-0.268891,0.113988,0.254594,-0.005391,0.070489,-0.086215,0.260909,0.053115,0.003058,0.387753,-0.042834,-0.097163,0.066703,0.171095,0.061404,-0.083577,-0.188263,-0.02342,0.061571,0.16218,-0.033143,0.176664,-0.025547,0.087959,-0.024554,0.144429,-0.187319,0.015916,-0.198134,-0.047036,0.132664,0.010586,-0.218713,0.462155,-0.403185,0.086824,0.175249,-0.312044,0.094706,-0.106076,0.153639,-0.275595,0.079684,-0.153602,-0.256343,0.250463,-0.198005,#
1,0.13414,1.0,-0.299565,-0.019266,0.384311,0.266435,0.04368,-0.229974,0.023312,0.241464,-0.011024,0.128452,0.062405,0.214005,0.135796,0.038933,0.023219,-0.125876,-0.361365,0.188241,0.091164,0.442842,0.103106,-0.137988,0.079488,-0.192739,-0.113608,0.104774,0.353917,0.804038,-0.622217,-0.288771,-0.078879,-0.264484,0.02908,0.291609,0.072238,-0.456423,-0.127228,0.371842,-0.027725,-0.249768,0.181777,0.173059,-0.230119,0.238228,0.213384,0.117158,-0.031179,0.354845,0.212108,-0.202045,0.197073,0.190392,0.076685,-0.058227,0.007694,0.2825,0.274332,-0.024334,0.106725,0.01242,0.192956,0.260394,-0.28474,0.114871,-0.031255,0.298328,0.545384,0.130636,-0.400689,-0.206867,0.161194,-0.17374,-0.213718,0.090067,-0.427336,0.0761,-0.30969,-0.163099,-0.085849,-0.394718,-0.14023,-0.02017,-0.199283,-0.298572,-0.304332,-0.346006,-0.017053,-0.141269,-0.308221,-0.108825,-0.000828,-0.467197,-0.598376,-0.282374,-0.476102,-0.471547,-0.300643,-0.207937,0.040253,0.080791,-0.07943,-0.324867,-0.205737,-0.14036,-0.42066,-0.263315,-0.08778,-0.098526,-0.183483,0.0,-0.508578,-0.374657,-0.011003,0.017303,-0.390497,-0.228061,0.244858,-0.085368,-0.248288,-0.256878,-0.159833,-0.213718,-0.055527,-0.066417,-0.164778,0.056741,0.22223,-0.192998,-0.170536,-0.306311,-0.124783,-0.013111,-0.360223,-0.23655,-0.230025,-0.540426,0.364348,-0.297676,-0.324867,-0.383031,0.234421,-0.424386,-0.236165,-0.006441,-0.050695,0.196273,-0.147411,-0.104549,-0.50819,-0.349526,-0.350258,-0.065167,-0.175576,-0.076297,-0.053866,0.214891,0.025352,-0.238786,-0.052404,-0.230072,-0.12105,0.034452,-0.185454,0.550644,0.050903,-0.562617,0.132349,-0.35007,-0.093344,0.012381,-0.388472,-0.097601,0.281652,-0.082539,-0.078768,-0.125987,0.242329,-0.564414,0.101784,-0.058423,-0.063484,0.269323,0.506873,-0.331025,0.084101,-0.284219,-0.006483,0.294651,-0.334539,0.415368,0.43067,0.471659,0.236284,-0.235389,0.323062,-0.157961,-0.059857,0.46848,#
2,0.163633,-0.299565,1.0,0.178793,-0.066965,0.001811,0.137371,0.13699,0.299178,0.023042,0.023585,0.229196,-0.173928,0.123957,-0.037751,-0.238357,-0.383373,0.185471,0.227603,0.206011,-0.489094,-0.217417,-0.19885,0.232739,0.139651,-0.126841,-0.043508,-0.135345,0.216761,-0.305617,0.273444,0.297137,-0.446607,0.014469,-0.344507,0.056924,-0.025039,0.093608,-0.21206,-0.441141,-0.466926,0.242371,-0.321765,0.057176,0.104976,-0.287598,0.126767,-0.000313,-0.311406,0.283685,-0.260022,0.267606,0.019179,0.034605,-0.119189,-0.096324,-0.111729,-0.2308,-0.393471,-0.196299,0.338901,0.394786,0.083247,-0.162596,-0.021507,0.039803,0.208689,-0.232675,-0.072894,-0.177566,0.328752,-0.064623,-0.043726,0.147795,-0.150008,0.214172,-0.187194,-0.422229,-0.005941,-0.052502,0.258636,0.00026,-0.135847,0.186731,-0.110439,0.164834,-0.072832,-0.052009,-0.066405,-0.047573,0.164307,-0.14621,0.086328,0.365228,0.080613,0.073881,0.121429,-0.079959,0.181648,0.040535,-0.395193,-0.442235,-0.004316,0.28143,0.048772,0.05716,0.109211,0.043002,0.034289,-0.118855,0.166677,0.0,0.120865,0.196075,0.099319,-0.139859,-0.141417,0.112267,0.229704,-0.087616,-0.192575,0.579126,-0.108497,-0.143802,-0.122417,0.285881,0.077311,-0.26769,-0.24854,-0.11992,0.362977,0.17119,-0.131776,0.009445,0.151207,0.151184,0.120953,0.412715,-0.125288,-0.203372,0.458627,-0.066669,-0.08831,0.188896,0.338345,0.346183,-0.011111,-0.052856,-0.156734,0.057804,0.300984,0.542825,0.335627,0.3041,0.307831,-0.039019,0.04279,0.148303,0.17461,0.142283,-0.126967,-0.154678,0.35487,0.026973,0.094062,-0.056459,-0.09929,0.195695,0.304998,-0.024064,-0.145283,0.375685,-0.11992,0.018322,0.113789,0.206861,0.039393,0.398149,0.183957,0.06458,0.267624,-0.099873,-0.089693,0.101053,-0.149909,0.217352,0.22659,0.366101,-0.214525,0.092651,0.129114,-0.371499,-0.183099,0.189207,-0.382026,-0.2197,0.013967,-0.153219,0.078389,0.012731,#
3,0.039119,-0.019266,0.178793,1.0,-0.061252,-0.15678,-0.065246,0.068398,-0.341493,-0.060807,0.035664,0.026931,-0.160074,-0.31265,0.079989,0.436216,0.053784,-0.363034,-0.398672,0.102918,-0.323816,-0.018984,-0.416771,0.070323,0.078475,0.043186,-0.25008,-0.225344,0.023306,-0.201017,-0.225485,-0.157558,-0.101629,0.145852,0.083588,-0.396876,-0.038055,0.062505,-0.2496,0.096569,-0.377579,0.045711,0.035282,0.007377,0.302904,0.481545,-0.366721,-0.677583,0.155777,0.177788,-0.170415,0.168457,0.294542,0.022266,-0.019789,0.207123,-0.055141,0.100935,-0.361319,-0.116335,0.101272,0.127131,0.343242,0.145979,-0.068716,-0.493161,-0.315034,-0.20923,-0.396095,-0.064195,0.011724,0.219418,0.219494,-0.046944,-0.176657,0.299928,-0.142898,0.391609,0.331743,-0.235757,0.281622,-0.019714,0.183155,0.03208,0.063207,0.064915,0.202102,-0.173639,0.084385,-0.175142,0.345213,0.017598,0.410801,0.078782,-0.222376,-0.253682,-0.042156,0.04452,-0.088065,0.281378,-0.079941,0.276748,0.100472,0.14016,0.215549,-0.077198,0.005438,0.191959,-0.249458,0.062308,-0.379445,0.0,-0.013797,0.048122,-0.263288,0.30857,0.209324,-0.101014,-0.41223,0.402979,0.207099,0.08997,-0.017586,0.331747,0.21987,-0.043562,-0.035507,-0.26376,-0.276478,0.152831,-0.231206,-0.332249,0.003631,0.267444,0.011962,0.195726,0.312835,-0.09074,-0.425555,0.082191,-0.023679,0.07889,0.097827,-0.03298,0.135434,0.370424,-0.149853,-0.375231,-0.054408,-0.26415,-0.133392,-0.051494,0.063592,0.19071,-0.044592,0.196832,-0.418372,-0.168163,0.10899,0.047077,0.10793,0.036845,0.245215,-0.328092,-0.426192,-0.225727,-0.404234,-0.188487,0.36534,-0.31182,-0.131871,-0.294529,-0.031443,0.084428,-0.050811,-0.266673,-0.007999,0.064656,-0.462102,-0.269008,-0.215152,-0.469841,0.393578,0.226558,-0.160707,-0.103076,-0.297104,-0.104781,0.401549,-0.210245,-0.285776,0.1743,-0.223466,-0.143579,-0.262521,0.024164,-0.154179,-0.051285,-0.267406,0.078837,#
4,0.229909,0.384311,-0.066965,-0.061252,1.0,0.149347,0.032987,0.040001,0.179772,0.091412,-0.324433,0.356502,0.262345,0.173072,-0.002193,0.012741,0.086194,0.103035,-0.211715,0.175462,0.397337,0.078255,0.373531,-0.197293,-0.268785,-0.338955,0.097605,-0.076969,0.392697,0.459013,-0.405051,0.135445,-0.085161,-0.209004,-0.182262,0.316234,0.026044,-0.505138,-0.229784,0.010339,-0.000577,0.272628,0.007195,-0.164266,0.07579,-0.078502,0.3141,0.394352,0.172022,-0.03152,-0.028922,-0.585361,0.263241,-0.247429,0.102228,-0.193133,-0.326334,-0.057182,0.387532,0.134168,0.00805,0.161198,0.03922,-0.372735,-0.328493,0.425929,0.144331,0.293543,0.469983,-0.010037,-0.075737,-0.473936,-0.015883,-0.457518,-0.393374,0.194084,-0.457253,-0.329529,-0.375216,-0.456287,-0.294179,-0.564707,-0.236662,0.14703,-0.384938,-0.2171,-0.532471,-0.10879,-0.017096,-0.257997,-0.570205,-0.540923,-0.189883,-0.526495,-0.303261,-0.367647,-0.519496,-0.52322,-0.195371,-0.381445,-0.241308,-0.170741,-0.338647,-0.114647,-0.205029,-0.386531,-0.044622,-0.481573,-0.033078,-0.499723,0.233247,0.0,-0.463503,-0.690895,-0.007854,0.041981,-0.227195,-0.521111,0.131964,-0.33665,0.065503,-0.158834,-0.47464,-0.562583,0.134387,0.328333,-0.294915,0.32888,-0.107343,-0.536373,-0.312182,-0.06906,-0.376143,0.081694,-0.424928,-0.250009,-0.190753,-0.328846,0.318407,-0.334359,-0.133718,-0.176464,-0.04159,-0.195791,-0.574234,-0.073469,0.082142,0.530028,-0.459023,-0.195697,-0.637993,0.048028,0.080188,-0.613936,-0.491518,-0.12888,0.155,0.317636,-0.279926,-0.103181,-0.080599,0.07807,-0.209827,0.092877,-0.157658,0.187723,-0.024154,-0.239328,-0.272619,0.100075,-0.335821,0.336883,-0.371136,-0.538432,0.021923,-0.161946,-0.163663,0.032149,0.257165,-0.436873,0.366722,-0.130724,-0.007436,0.145168,0.429903,-0.435901,0.218527,-0.343216,-0.151574,0.220237,-0.431368,0.39111,0.431158,0.32545,-0.09076,0.23645,0.415487,-0.279097,-0.436302,-0.066039,#
5,-0.007794,0.266435,0.001811,-0.15678,0.149347,1.0,0.252945,0.119243,0.11662,-0.065402,-6.2e-05,0.281632,0.026438,0.208704,-0.034526,-0.186917,0.105811,0.255899,-0.007936,-0.172866,0.004627,0.429375,0.175316,-0.281436,0.177332,-0.305096,0.115949,-0.15144,0.068103,0.106803,-0.0702,0.103312,0.041689,-0.118553,-0.21103,0.424735,0.023869,-0.074658,-0.210373,-0.082838,0.079325,-0.052899,-0.025349,-0.144985,-0.117734,0.054486,0.139309,0.334406,0.051648,0.10096,0.210087,-0.05875,0.195656,-0.217386,0.28683,-0.141387,-0.154587,0.330892,-0.054206,-0.144187,0.002632,-0.115671,0.058944,-0.009708,-0.079149,-0.073631,-0.01361,0.07591,0.185583,-0.074401,-0.340354,-0.359943,-0.303647,-0.404265,0.168554,0.222332,-0.372771,-0.083125,0.005526,-0.335637,-0.236972,-0.326792,0.001029,-0.154445,-0.114548,0.154372,-0.08868,-0.027047,-0.121047,-0.168259,0.146164,-0.168538,0.232668,-0.324987,-0.083037,-0.44679,-0.13163,-0.079082,-0.11154,-0.478886,0.165468,-0.245931,0.176344,-0.40809,-0.246546,-0.198811,-0.08669,-0.460805,-0.171962,-0.149424,-0.017029,0.0,-0.09798,-0.477625,0.13645,-0.140756,-0.18353,-0.103184,0.228659,0.030554,-0.010108,-0.093863,-0.115261,-0.16925,0.23536,0.11621,0.076887,0.110798,-0.045101,-0.103977,0.146723,0.055631,0.170052,-0.169189,-0.065146,0.169589,0.112608,-0.092064,0.00672,-0.396809,-0.2541,-0.096289,-0.112218,0.093907,0.166805,-0.054984,0.171847,0.032988,-0.202879,-0.272671,0.01791,0.04626,0.095327,-0.08123,-0.104771,-0.206262,0.297908,0.304285,-0.172867,0.163487,0.09026,0.141194,-0.175762,0.064048,0.083044,0.329497,0.008339,-0.075175,0.089844,-0.003595,0.252954,0.069091,-0.117876,-0.023024,0.093153,0.170226,-0.18687,0.345486,0.409403,-0.264555,0.158736,0.137303,-0.070553,0.41872,0.248501,-0.164185,0.06096,-0.012738,-0.277013,0.338294,0.024533,0.157157,0.256696,0.311657,0.376224,0.138015,0.233057,-0.18191,0.162851,0.178455,#
6,-0.082728,0.04368,0.137371,-0.065246,0.032987,0.252945,1.0,0.335557,0.099182,-0.00818,0.304826,-0.031373,0.058147,0.205728,0.011975,-0.018824,0.086554,0.206472,0.391255,0.041059,0.243301,0.532702,0.013133,-0.045834,-0.039289,0.109093,0.18368,-0.11303,0.492181,0.063426,-0.159397,0.211617,0.358125,-0.357588,-0.146103,0.349246,-0.08154,-0.026285,-0.227396,-0.209619,-0.160383,0.168726,0.319702,-0.135268,-0.142297,-0.253973,0.008579,0.119274,0.030051,0.189851,-0.220623,-0.155049,-0.048295,0.094079,-0.288934,-0.373849,0.158632,-0.105184,-0.033394,0.038296,0.037157,0.042883,-0.339199,0.056049,-0.281102,-0.165977,0.196857,0.043686,0.114236,-0.019195,-0.237737,-0.250685,-0.001931,0.006895,-0.066686,0.232236,-0.085077,-0.369486,-0.554059,-0.274952,-0.154295,-0.268986,-0.102227,-0.20078,-0.148867,-0.071506,-0.020772,-0.27772,-0.205556,-0.064544,-0.226793,-0.258256,0.009007,-0.185613,-0.189033,-0.0143,-0.37431,-0.044887,-0.532444,-0.221251,0.08611,-0.323295,-0.356205,-0.301678,0.016413,-0.070185,0.112093,-0.371425,-0.08611,-0.007117,0.138547,0.0,-0.124993,-0.05835,0.079388,-0.213764,-0.255364,-0.185945,0.062168,-0.029212,-0.079234,0.041295,-0.262055,-0.279818,-0.176387,0.22726,-0.319722,0.13334,-0.011549,-0.321046,-0.076805,-0.156318,-0.074552,0.111151,-0.003416,-0.061773,0.093511,-0.17602,-0.013719,-0.34424,0.043737,-0.158454,-0.013499,0.080616,-0.219226,-0.18415,-0.038924,0.101547,-0.123931,0.007914,0.116671,0.111739,0.056771,-0.088589,0.146254,-0.098697,-0.048527,0.360265,-0.256254,-0.051448,0.191104,-0.154488,-0.243758,0.010383,-0.161302,0.219947,-0.246552,0.00491,-0.112363,0.14941,-0.024721,0.117697,-0.335274,-0.125959,0.167273,0.041347,-0.251355,0.270445,0.299093,-0.224942,0.257765,-0.033151,0.166852,0.528296,0.117578,-0.070059,-0.032877,0.044881,0.156999,-0.051074,-0.075703,0.263697,0.107643,0.230817,0.241448,0.246058,0.151792,-0.294985,0.101261,-0.006052,#
7,-0.004047,-0.229974,0.13699,0.068398,0.040001,0.119243,0.335557,1.0,-0.065763,-0.294267,-0.052946,-0.005943,0.164971,0.21525,0.412548,0.215316,-0.136159,-0.379704,0.356323,-0.227932,-0.11305,0.397102,0.021699,-0.274257,-0.207011,-0.0833,0.17627,-0.189164,0.281952,-0.18437,-0.016537,0.323046,0.196165,-0.380442,-0.208756,0.197515,0.170196,0.284484,-0.075315,-0.32551,0.054801,0.447558,0.142063,-0.062503,-0.136224,0.057881,0.270316,-0.165318,-0.009202,-0.110647,-0.484779,-0.020261,-0.203947,-0.673593,-0.135734,0.044272,-0.261227,0.098106,-0.308548,0.079447,-0.309333,0.026344,-0.131065,0.148946,0.159687,0.211674,0.171744,0.174257,-0.084427,-0.413736,-0.115151,-0.312023,-0.108708,-0.300114,0.049069,0.113887,-0.005673,-0.219497,-0.383589,-0.415878,-0.094905,-0.451432,0.110325,-0.326684,-0.089687,-0.029017,0.019856,-0.300897,-0.177677,-0.063931,0.110384,-0.150715,0.092014,-0.276566,-0.120608,0.205972,-0.378226,0.019867,-0.276407,-0.442782,0.059938,-0.276394,0.193626,-0.301085,-0.326684,-0.276,0.219115,-0.481649,0.209044,-0.276551,-0.132805,0.0,-0.062569,-0.071314,-0.177871,0.032003,-0.089687,0.045598,-0.276064,0.120062,-0.000297,-0.353898,-0.121455,0.049069,0.135542,0.119393,-0.300842,-0.205432,0.130048,-0.229963,-0.008893,-0.147469,-0.148581,-0.301095,-0.106511,0.016848,0.27847,0.079636,-0.090742,-0.379591,-0.061195,-0.189161,-0.275242,0.158327,-0.192076,-0.208174,-0.252812,-0.191835,-0.287037,-0.276277,0.093253,0.244491,0.353042,0.020748,-0.123311,-0.252681,0.348905,-0.02854,-0.536619,0.024782,-0.165197,-0.136195,-0.276394,-0.146433,-0.415479,0.080044,-0.275675,0.106605,-0.252882,0.06481,-0.13543,0.163761,0.029853,-0.077975,0.139482,0.191021,-0.184393,0.065911,-0.142101,0.191866,0.140896,0.283957,0.269402,0.272377,0.050484,-0.272472,0.072336,0.191021,0.071296,-0.10876,-0.274645,0.445764,0.254661,0.091354,0.00471,-0.005421,0.047862,-0.036863,0.141734,0.083011,#
8,0.142015,0.023312,0.299178,-0.341493,0.179772,0.11662,0.099182,-0.065763,1.0,0.031012,0.134304,0.254671,0.014585,0.325833,-0.451253,-0.425769,-0.06145,0.580617,0.522037,0.19255,-0.097091,-0.171118,0.093046,-0.07789,-0.074747,-0.215895,0.257362,0.371343,0.144158,0.011304,0.259632,0.132302,-0.117574,-0.241133,-0.200374,0.220334,0.379554,-0.243486,-0.166512,-0.078004,-0.139855,0.284053,-0.378082,0.07672,0.18622,-0.456485,0.179189,0.477083,-0.295239,0.213526,0.154269,-0.113157,0.152715,0.300219,-0.211454,0.132575,0.0295,-0.12194,0.277671,0.045043,-0.365506,0.215878,-0.039611,-0.278809,-0.16727,0.117662,0.537129,0.060696,0.24487,0.315858,0.217268,-0.101888,-0.24034,0.021643,-0.001021,0.111824,0.128491,-0.750472,-0.062735,0.063359,-0.144041,-0.012438,-0.065679,0.267773,0.092591,0.205307,-0.084483,-0.028805,0.018595,-0.15542,0.096586,-0.054376,-0.280595,0.242116,-0.002874,0.075888,0.146624,-0.098755,0.034312,-0.061593,-0.401668,-0.28555,-0.151928,0.151793,0.099079,0.222845,0.12113,0.118345,0.049767,-0.079264,0.276713,0.0,0.317611,-0.060151,0.386416,-0.508462,0.059768,0.083862,0.598822,-0.185069,0.111645,0.195549,-0.019561,-0.511156,-0.189247,0.199784,-0.024275,0.301395,0.05237,0.017941,0.551556,0.454364,-0.047299,0.043968,0.226989,-0.04468,0.182967,0.377054,0.354527,0.052338,0.497163,0.215498,-0.116156,0.187676,0.15887,-0.302239,0.319977,0.368912,0.196121,0.257255,0.10566,0.204712,0.28566,-0.198661,0.196779,-0.064413,0.020905,0.173359,0.202076,0.304043,0.229195,-0.068381,0.046965,0.622486,0.387455,-0.110918,-0.119541,0.030494,0.130492,0.298431,-0.357849,0.17507,0.188653,0.07266,-0.321201,0.058815,-0.01577,0.070629,0.272935,-0.077756,0.179225,-0.087151,-0.610873,-0.097677,-0.193339,0.321036,0.276131,-0.121393,-0.607713,0.023031,0.399099,-0.357101,-0.170941,0.124886,0.000332,0.11016,-0.031195,0.021676,0.214395,-0.024519,#
9,0.09078,0.241464,0.023042,-0.060807,0.091412,-0.065402,-0.00818,-0.294267,0.031012,1.0,0.107807,0.421702,0.276366,0.371029,-0.369445,-0.02541,-0.013543,0.196958,-0.18309,0.020245,0.024923,0.075785,0.070869,0.340202,0.181014,0.072188,-0.107552,-0.420258,0.158921,0.135896,-0.257448,-0.169737,-0.159148,0.198008,0.194525,0.16494,-0.049764,-0.324498,0.133595,0.120441,0.032905,0.239428,0.066508,0.005721,0.231802,0.065313,-0.083938,0.082435,-0.276452,0.35238,0.066782,-0.080613,0.164582,0.267695,-0.17264,-0.339741,-0.208704,0.102758,0.28112,0.256048,0.089401,0.032671,0.097366,-0.049035,-0.146563,0.008079,0.060079,-0.088112,0.239356,-0.141614,-0.161301,-0.174887,0.193822,0.027409,-0.190041,-0.225507,0.105463,0.010705,0.023189,0.247689,-0.224954,-0.03343,-0.150739,-0.083557,0.266235,-0.398478,0.026332,-0.119678,-0.286545,0.211955,-0.161046,-0.165559,0.075645,0.154626,-0.189894,0.141667,0.006218,-0.161209,-0.028124,-0.076504,-0.127364,0.330914,-0.202463,0.013717,0.441131,-0.027841,-0.250169,-0.119331,-0.398891,0.156355,-0.145448,0.0,-0.123303,0.072424,0.262942,-0.155991,-0.264741,-0.306066,0.34203,-0.349715,0.11512,0.316672,-0.122387,-0.397541,-0.22631,0.158071,-0.153637,-0.053162,-0.129733,0.225654,0.081485,0.369022,0.038965,0.486989,-0.15236,0.113332,-0.287602,-0.262565,0.204143,-0.185581,0.028038,0.099782,0.141984,-0.168204,0.148605,0.263259,0.308334,-0.036813,-0.293309,0.14741,-0.286354,-0.106765,-0.437931,0.108,0.284219,0.096633,-0.01155,0.43687,0.262614,-0.086577,0.236328,0.263319,-0.222044,0.367683,0.094548,0.100975,0.158372,-0.054294,0.083171,0.208787,0.060111,-0.051479,0.042535,-0.18414,0.150875,-0.166452,-0.528987,0.113143,0.207957,-0.173258,0.148448,-0.176423,-0.16412,0.028828,-0.031873,-0.137309,-0.03772,0.011844,-0.036298,0.316978,0.053082,-0.140246,-0.115025,0.075477,0.10703,-0.266527,0.140793,-0.102006,0.226316,0.022836,#
10,-0.427787,-0.011024,0.023585,0.035664,-0.324433,-6.2e-05,0.304826,-0.052946,0.134304,0.107807,1.0,-0.057192,-0.36077,0.07653,-0.179102,-0.10055,0.43799,0.09344,0.20119,0.196106,0.030912,0.213969,0.055612,0.158882,0.097654,0.330746,-0.132683,0.072764,-0.050066,-0.02747,0.207065,0.011432,-0.119194,-0.141051,0.367075,0.019148,0.002166,-0.199208,-0.179206,-0.092236,-0.352983,-0.100871,0.32119,-0.4157,-0.080033,0.089571,-0.325484,-0.418947,0.030607,0.014562,0.192424,0.02245,-0.271308,0.209743,-0.349,0.131992,0.334333,-0.212507,-0.044236,0.081405,-0.009477,-0.162046,0.226561,0.221268,0.184647,-0.130012,0.072622,-0.004994,-0.308245,0.251206,-0.16311,0.138328,0.025582,0.074807,0.210979,0.193512,-0.069867,-0.010739,0.016388,0.15349,0.096189,0.030395,-0.313652,0.331262,0.057396,-0.202519,-0.021287,-0.213301,-0.068947,0.118827,0.014185,0.000796,-0.199179,0.307678,-0.256025,0.023127,-0.115515,-0.044956,-0.493604,0.171964,0.11301,-0.152457,-0.286527,0.221403,0.21662,-0.04166,0.168059,0.12778,-0.374389,0.656923,-0.10432,0.0,-0.094283,0.316283,0.017387,0.121627,-0.169265,0.041839,0.222227,0.378797,-0.252289,0.098555,-0.173432,0.039377,-0.15667,-0.163732,-0.269613,-0.156526,0.280511,-0.006259,0.251691,0.080151,0.008914,0.104009,0.285441,0.261103,0.190681,-0.05252,-0.323863,-0.078621,0.231642,0.214563,0.011462,0.219161,0.215471,0.102115,0.116165,-0.125575,0.244652,-0.128788,0.090478,-0.023889,-0.365346,0.230364,0.228375,-0.421696,-0.353291,0.307927,0.072192,0.104105,0.197235,-0.072097,-0.376606,0.243845,-0.044008,-0.133174,-0.221425,0.03644,0.215162,0.092201,0.255938,-0.302473,-0.187798,0.134775,-0.221188,-0.263904,-0.305281,0.229182,-0.072313,0.192748,0.170434,-0.059467,-0.013266,0.179705,-0.03998,0.211527,-0.472912,-0.079638,0.1343,0.028313,0.103493,-0.016981,-0.026191,-0.066286,0.262856,-0.05307,0.123231,-0.091418,0.010444,0.114744,#
11,0.167463,0.128452,0.229196,0.026931,0.356502,0.281632,-0.031373,-0.005943,0.254671,0.421702,-0.057192,1.0,0.157136,0.343426,-0.202535,-0.05591,-0.241945,0.107339,-0.1461,-0.187914,-0.23843,0.088877,-0.163448,0.232107,0.257427,-0.041917,0.022491,-0.283981,0.241283,-0.008734,-0.175268,0.25657,-0.32885,0.05364,-0.209839,0.422804,-0.053456,-0.246274,-0.269261,0.035112,0.116606,0.216779,0.031278,0.003006,0.285942,0.066493,0.003431,0.132339,0.216428,-0.005362,-0.139786,-0.172618,0.054284,-0.175027,0.190136,-0.215593,-0.302261,-0.108672,0.013881,-0.130977,-0.231449,0.081021,0.172681,-0.36553,-0.015241,-0.1506,0.095413,-0.035624,0.130145,-0.013151,-0.023652,-0.47682,-0.092722,-0.104384,-0.135112,0.213082,-0.216177,-0.239378,0.078765,-0.140346,-0.148069,-0.145057,0.078604,0.122316,0.15742,-0.036264,-0.084239,-0.224874,-0.072342,-0.223224,0.054841,-0.107566,0.129012,-0.014703,0.001984,0.030145,-0.135658,-0.074195,0.047606,-0.199103,-0.289971,-0.105159,0.118512,0.21853,0.185113,-0.032541,0.052472,-0.28572,-0.204316,-0.177144,-0.100157,0.0,-0.13904,-0.056735,0.021058,0.061674,-0.080504,-0.257387,0.041635,-0.054611,0.170454,0.158499,-0.205261,-0.317322,0.287866,0.214743,-0.132883,-0.035118,-0.219735,-0.084544,0.143068,0.121431,0.091647,0.180951,-0.143077,0.179363,0.007825,0.127515,0.294766,-0.273178,0.379609,0.137233,-0.123766,0.08766,0.033621,-0.070096,0.172611,-0.086891,-0.220237,-0.300749,-0.186561,0.218547,0.144555,-0.07019,0.001838,-0.21137,0.192179,0.011788,-0.010533,-0.019138,0.366506,0.03423,-0.012819,0.131652,-0.03541,-0.122975,0.177034,-0.118942,0.473113,0.032325,-0.177591,0.078389,-0.099082,-0.273611,0.011349,-0.080816,-0.324113,0.039982,0.306883,-0.151382,-0.106315,-0.069064,-0.091393,0.089633,-0.071249,-0.07399,0.097197,-0.080364,-0.099135,0.233061,0.122331,-0.060446,0.049451,0.011538,0.175704,-0.040137,0.087993,-0.205293,0.146029,-0.14286,#
12,-0.04554,0.062405,-0.173928,-0.160074,0.262345,0.026438,0.058147,0.164971,0.014585,0.276366,-0.36077,0.157136,1.0,0.513852,0.095692,0.098337,-0.299691,0.109457,-0.211221,0.049398,0.323327,0.020553,0.105287,-0.097324,-0.278263,0.077508,0.363373,-0.060138,0.038195,0.007613,-0.257834,0.441755,0.21764,-0.008212,-0.266891,0.074198,0.194364,-0.248555,-0.165772,0.073419,0.17816,0.59397,0.15359,0.358873,0.21139,-0.115559,0.020281,0.307164,-0.065056,-0.119314,-0.145073,-0.264416,0.057164,-0.256977,-0.280971,-0.423964,-0.461999,0.298642,0.256303,0.000283,-0.409031,0.020844,-0.576818,0.065971,0.068435,0.19383,0.095129,0.29052,0.439611,-0.266787,-0.063412,-0.208343,0.082935,-0.035146,-0.138793,0.05824,0.103584,0.053452,-0.352125,-0.264191,-0.331885,-0.329943,0.09653,-0.041689,-0.059028,-0.148843,0.081878,-0.189918,-0.472591,-0.142183,-0.379391,-0.402469,-0.131252,-0.254665,-0.313725,0.192122,-0.012065,-0.263787,-0.124393,-0.407956,0.055715,-0.096208,-0.163719,-0.500548,-0.035658,0.04905,-0.254548,-0.404212,-0.154573,-0.256906,0.255066,0.0,-0.162332,-0.242576,-0.084534,-0.133688,-0.118584,-0.206376,-0.09696,-0.515941,0.140371,-0.290952,-0.019094,-0.37256,-0.413464,0.181729,-0.202425,0.233312,-0.289901,-0.330536,-0.314615,0.139595,-0.195821,0.026521,-0.188571,-0.195916,-0.050947,0.054974,0.274415,-0.136587,-0.159453,-0.092559,-0.462264,-0.368603,-0.30947,-0.161644,0.172825,0.222418,-0.514369,0.213667,-0.117812,0.013025,-0.092728,-0.200636,-0.225659,-0.084103,0.274189,0.140633,-0.295608,-0.207314,-0.016037,-0.025982,-0.14262,0.144026,0.059965,0.360285,-0.115832,0.091105,-0.222759,0.140965,-0.046705,0.12341,-0.161937,-0.152307,0.142779,-0.140969,-0.238585,-0.129627,0.262848,-0.20963,0.199873,0.235823,-0.252847,0.081003,0.127331,-0.400114,-0.015437,-0.147948,-0.195811,0.207032,-0.127748,0.154707,0.167486,0.150644,-0.019886,-0.078687,0.00299,0.000461,0.059997,0.167366,#
13,0.036196,0.214005,0.123957,-0.31265,0.173072,0.208704,0.205728,0.21525,0.325833,0.371029,0.07653,0.343426,0.513852,1.0,-0.052279,-0.213348,-0.330047,0.259106,0.063617,-0.024565,0.04324,0.163472,0.07742,0.110256,0.148189,-0.005097,0.373561,-0.192784,0.253481,0.104961,-0.243211,0.126882,-0.06745,-0.423396,-0.276704,0.47357,0.434039,-0.306977,-0.325095,-0.178537,0.156574,0.562831,-0.200298,0.112604,0.225483,-0.348068,0.289833,0.336797,-0.06205,0.014621,0.004073,-0.242123,-0.112818,-0.089657,-0.376795,-0.3679,-0.222924,0.169428,0.302945,0.209101,-0.220523,0.186057,-0.257544,-0.065337,0.273329,0.423812,0.265601,0.396714,0.614881,-0.086477,-0.387531,-0.216347,0.193092,-0.249841,-0.119268,0.215713,-0.198008,-0.316411,-0.424746,-0.046689,0.02266,-0.351694,-0.100509,-0.138828,-0.167973,-0.153588,-0.124041,-0.433465,-0.629644,-0.027518,-0.269785,-0.307171,-0.215541,-0.095859,-0.340584,0.044028,-0.218058,-0.13941,-0.133875,-0.581056,-0.155363,-0.278052,-0.199794,-0.413357,0.031936,-0.315909,-0.046307,-0.456335,-0.159619,-0.256763,0.275865,0.0,-0.410571,-0.016455,0.170302,-0.193616,-0.588726,-0.205918,0.283344,-0.559265,-0.153986,-0.299006,-0.122194,-0.550632,-0.250762,-0.121698,-0.269519,-0.042854,-0.126236,-0.2276,-0.056334,0.287697,-0.24052,-0.204105,-0.048451,-0.130791,-0.02384,0.137034,0.490738,-0.392803,-0.041899,-0.295643,-0.494875,-0.245036,-0.129189,-0.191116,0.075502,0.329014,-0.475598,0.248346,-0.186661,0.307932,-0.094713,-0.131241,0.094369,-0.398254,0.479012,0.485637,-0.229872,0.043569,-0.05506,-0.039411,-0.143291,0.470919,-0.032119,0.505323,-0.128348,-0.067796,-0.147611,0.148236,0.097659,0.263264,-0.242901,-0.179784,0.011471,-0.178771,-0.192261,0.001432,0.448151,-0.17738,0.427984,0.2216,-0.489678,-0.106141,0.366337,-0.314746,-0.114149,0.015525,-0.371853,0.27838,-0.021522,0.137414,0.484927,0.355917,0.116185,-0.20105,0.043138,-0.283053,0.229729,0.194987,#
14,0.039893,0.135796,-0.037751,0.079989,-0.002193,-0.034526,0.011975,0.412548,-0.451253,-0.369445,-0.179102,-0.202535,0.095692,-0.052279,1.0,0.183069,-0.204138,-0.406125,0.012676,-0.187603,-0.023321,0.285048,0.068847,-0.272492,-0.310365,-0.004892,0.035377,-0.159629,0.168087,0.248669,-0.308694,0.244011,-0.042564,-0.000313,0.010882,0.01102,-0.105148,0.184546,-0.112918,-0.131542,0.012223,-0.078205,0.204036,0.150688,-0.204236,0.243999,0.388026,-0.315026,0.2009,0.059069,-0.429199,0.142724,-0.109204,-0.515993,0.016854,-0.002489,-0.06423,0.066368,-0.305552,-0.286168,0.160924,-0.134636,-0.009913,0.164336,0.227076,0.169237,-0.241373,0.088779,0.05715,-0.432525,-0.042014,-0.103003,-0.162983,-0.146776,0.084245,0.149925,-0.20635,0.215596,-0.442605,-0.248753,-0.023886,-0.161547,-0.072643,-0.14132,-0.290926,-0.102575,-0.216498,-0.284454,-0.107254,-0.0479,-0.238497,-0.069783,-0.072257,-0.277476,-0.236586,-0.054734,-0.265602,-0.216624,-0.243636,-0.138396,0.087339,-0.193808,0.300451,-0.31675,-0.489787,-0.102394,-0.120896,-0.25186,0.304555,-0.278334,-0.257245,0.0,-0.317499,0.009804,-0.62299,0.24802,-0.191035,0.254128,-0.218251,-0.010132,-0.37907,-0.398307,0.036958,0.442498,0.013578,-0.127353,0.058123,-0.14888,0.160885,-0.344777,-0.232396,-0.574793,-0.443144,-0.320855,-0.455565,-0.165439,0.124436,-0.119438,-0.051376,-0.384676,-0.31675,-0.516151,-0.187258,-0.22379,-0.33686,0.019817,-0.168676,-0.259847,-0.262665,-0.24242,-0.103036,-0.209265,0.068464,-0.020504,-0.247155,-0.20236,0.14241,-0.160592,-0.434617,0.05597,-0.489922,-0.204194,-0.100502,-0.57488,-0.126035,0.3636,0.091826,-0.058229,-0.236319,-0.310695,-0.002172,0.252645,-0.344777,-0.162652,0.380616,0.296514,0.357371,-0.23099,-0.002452,0.172081,-0.118513,0.43955,0.259654,0.046377,0.322895,-0.469015,0.101418,0.066377,0.416466,-0.106166,-0.472347,0.387453,0.247628,0.232368,-0.069878,-0.204049,0.163279,-0.064388,-0.09728,0.387664,#
15,-0.154325,0.038933,-0.238357,0.436216,0.012741,-0.186917,-0.018824,0.215316,-0.425769,-0.02541,-0.10055,-0.05591,0.098337,-0.213348,0.183069,1.0,-0.010532,-0.479123,-0.405421,-0.375437,0.02806,-0.017931,-0.089207,-0.292093,-0.053716,0.002078,-0.145395,-0.192844,0.061392,-0.111345,-0.231571,0.020645,0.215543,-0.041933,-0.082652,-0.071591,-0.123669,-0.124716,0.142453,0.379368,-0.052464,-0.012601,0.475082,-0.079969,-0.031283,0.286148,-0.02121,-0.354839,0.221197,0.013931,0.002752,-0.222306,0.121656,-0.066261,-0.105426,0.064556,0.066362,-0.099617,-0.003242,0.207884,-0.129659,0.162411,-0.057107,0.21102,-0.289844,-0.177796,-0.459929,0.360039,-0.335957,-0.368524,0.091465,0.048912,0.193152,-0.087407,0.045888,-0.108607,0.005022,0.46283,-0.050269,-0.215868,0.054171,-0.171161,0.076855,-0.174595,0.19414,-0.142917,0.044147,0.113191,-0.025205,-0.032046,0.117571,-0.08403,0.360694,-0.273289,-0.155717,0.036517,-0.31301,0.054799,-0.130955,0.177851,0.086052,0.117905,0.026582,-0.028196,0.002381,-0.116983,-0.240618,0.135328,-0.30564,-0.071329,-0.504691,0.0,-0.221861,-0.006653,-0.212174,0.0065,0.161291,-0.173524,-0.468066,0.288359,0.02711,-0.122716,0.101798,0.397079,0.201991,0.023129,-0.062468,-0.238268,-0.165097,0.013163,-0.239858,-0.2587,-0.071649,0.300346,-0.164835,0.029687,0.2259,-0.253077,-0.120269,0.035162,-0.243909,-0.014365,0.114606,-0.248386,-0.327756,0.115887,-0.346669,-0.389407,-0.25514,-0.305379,-0.086179,-0.103765,-0.301062,0.057739,-0.365883,0.199819,-0.135658,-0.252998,-0.234739,0.054687,-0.094904,-0.311903,-0.13255,-0.444653,-0.413031,-0.204967,-0.470819,-0.075887,0.032197,-0.290059,-0.05861,-0.336173,-0.002143,0.043593,0.04148,-0.184054,-0.37707,-0.054144,-0.282034,-0.151252,-0.285993,-0.300447,0.671535,0.109562,0.029592,-0.110183,-0.26814,-0.183578,0.605484,-0.277274,-0.3201,0.365969,0.127959,-0.085777,0.12514,0.009746,0.070743,-0.265814,-0.326545,0.144642,#
16,0.00012,0.023219,-0.383373,0.053784,0.086194,0.105811,0.086554,-0.136159,-0.06145,-0.013543,0.43799,-0.241945,-0.299691,-0.330047,-0.204138,-0.010532,1.0,0.141253,0.039821,0.083402,0.433722,0.200115,0.286263,-0.2743,0.071853,0.167816,-0.159484,0.066888,-0.215834,0.114846,-0.010455,-0.266474,0.246079,-0.110652,0.320528,-0.035114,-0.351586,-0.219485,-0.075327,0.180071,-0.228313,-0.324343,0.141075,-0.522795,-0.136245,0.241014,-0.178829,-0.171423,0.080742,-0.12724,0.12209,-0.287752,0.131379,0.115338,0.231138,0.293215,0.128414,-0.042278,0.163623,0.145316,0.155071,-0.210675,0.224905,0.187985,-0.160461,-0.048721,-0.161019,-0.128973,-0.276115,0.23495,-0.08269,-0.127123,-0.108725,-0.30016,-0.183571,0.183358,0.022714,0.050122,0.128078,-0.156133,-0.102216,-0.186703,-0.3835,-0.077175,-0.062495,-0.000613,-0.217658,0.215815,0.304349,-0.03672,-0.119313,-0.123992,-0.143509,-0.004152,-0.093809,-0.276596,-0.111649,-0.217784,-0.27645,0.082209,0.174541,-0.005884,-0.348064,-0.048526,-0.062495,-0.062912,0.235416,0.053331,-0.276594,0.249781,-0.150125,0.0,-0.035201,-0.326882,-0.150616,0.045855,0.187065,-0.196362,0.244371,0.140252,0.028693,-0.091209,-0.406798,0.069322,0.159108,-0.089704,-0.030514,0.092422,0.151548,0.059684,-0.006592,-0.12041,-0.121631,0.27319,-0.081694,0.024683,-0.136189,-0.415821,-0.397716,-0.058335,-0.301132,0.100351,0.215119,0.215607,-0.184582,-0.200015,0.026665,0.138591,0.249644,-0.27632,-0.245787,-0.270045,-0.207374,-0.252876,-0.12066,0.028676,-0.191822,0.325268,-0.256196,0.032848,0.116969,0.258705,-0.276437,0.112495,-0.151693,-0.159273,-0.062838,0.152647,-0.252921,0.096049,0.374443,-0.38256,0.059684,-0.054657,-0.101096,-0.348949,-0.184421,0.195829,-0.13184,-0.096449,0.160569,-0.224614,0.069172,0.30588,0.07013,0.023507,-0.175857,-0.348949,0.228858,0.159869,-0.245553,0.216167,0.011182,-0.314694,0.025913,0.564727,0.067225,0.005044,-0.210277,-0.206698,#
17,-0.032427,-0.125876,0.185471,-0.363034,0.103035,0.255899,0.206472,-0.379704,0.580617,0.196958,0.09344,0.107339,0.109457,0.259106,-0.406125,-0.479123,0.141253,1.0,0.33498,0.008689,0.22524,-0.307705,0.28196,-0.081528,-0.016854,-0.102216,0.129945,0.054812,-0.112332,-0.075582,0.25033,0.129593,0.037071,-0.000504,-0.166729,0.094109,0.085201,-0.195972,-0.210063,-0.192128,-0.101492,0.180417,-0.312942,-0.123617,0.266566,-0.455531,0.11709,0.55774,-0.184016,0.107418,0.184139,0.051351,0.189025,0.453727,-0.075881,-0.062734,-0.082089,-0.069724,0.371609,0.120001,0.064118,0.054025,-0.132073,-0.408031,-0.207502,0.033983,0.18855,-0.099013,0.265809,0.272513,0.111502,0.017404,-0.3032,-0.009057,-0.099982,0.174173,0.112991,-0.400713,-0.02397,0.28045,-0.236403,0.186325,-0.183202,0.199298,-0.142609,0.187072,-0.080377,0.302552,-0.06574,0.021103,-0.199222,-0.144391,-0.415544,0.189715,0.132534,-0.100832,0.360958,-0.063187,0.174735,-0.038918,-0.240067,-0.145001,-0.19713,-0.07831,0.200778,0.179026,0.13917,0.100866,-0.119685,-0.089737,0.371709,0.0,0.091959,-0.147068,0.292634,-0.442653,-0.02494,-0.054412,0.573582,-0.406572,0.113762,0.270166,-0.103123,-0.454706,-0.085252,0.310227,0.099895,0.416872,-0.258839,0.004008,0.17434,0.493557,-0.098317,0.066194,0.162119,0.158884,0.050013,0.231907,0.203411,-0.007252,0.103719,0.074216,-0.070029,0.31024,0.164486,-0.181596,0.488322,0.484621,0.030792,0.365261,0.097532,0.207967,-0.057711,-0.38108,0.32476,0.105023,0.110381,0.405093,0.173527,0.278366,0.140349,0.34571,0.004323,0.516553,0.585144,0.144312,0.072873,0.215339,-0.074889,0.373435,0.095841,0.16741,0.004008,-0.187071,-0.197109,0.049743,0.048112,0.336275,0.549547,-0.115695,0.312813,-0.029794,-0.69213,-0.19549,0.054492,0.145423,0.060683,0.045889,-0.431236,0.154248,0.396446,-0.505003,-0.11838,0.117256,0.030684,0.32403,0.054538,0.006573,0.097497,-0.187483,#
18,0.069021,-0.361365,0.227603,-0.398672,-0.211715,-0.007936,0.391255,0.356323,0.522037,-0.18309,0.20119,-0.1461,-0.211221,0.063617,0.012676,-0.405421,0.039821,0.33498,1.0,-0.024477,-0.173757,0.160284,0.094799,-0.219649,-0.270294,0.042817,0.285404,0.185943,0.051271,-0.1413,0.360415,0.125186,0.137759,-0.22131,-0.054206,0.1572,0.025634,0.211339,0.197129,-0.329635,0.014046,0.135246,-0.218753,-0.052672,0.021331,-0.387666,0.322206,0.226834,-0.323191,0.169517,-0.310498,0.156622,-0.086676,0.037073,-0.154269,0.174938,0.15436,-0.15225,-0.031386,-0.040591,-0.174046,-0.024513,-0.076969,-0.133919,0.063632,0.068297,0.42174,-0.168609,-0.117075,-0.047708,0.199852,-0.151227,-0.355417,0.125756,0.12231,-0.17293,0.350143,-0.64013,-0.194469,0.091773,-0.194053,0.079085,-0.010948,-0.14116,0.045314,0.211887,0.013919,-0.03859,0.077586,0.02376,0.154595,0.161172,-0.216235,0.219713,0.237933,0.287115,0.16227,0.175123,-0.08009,-0.094636,-0.181833,-0.254737,0.084372,0.135112,-0.143495,0.201773,0.372127,-0.023659,0.461011,0.077739,0.12493,0.0,0.435805,0.204163,0.146769,-0.415388,0.149646,0.319921,0.349573,-0.047134,-0.02104,0.131581,-0.047105,-0.073755,-0.023221,-0.004516,0.120202,0.229569,0.225206,0.12433,0.508002,0.240819,-0.011579,-0.086824,0.136321,-0.014564,0.235547,0.21247,0.086188,-0.139349,0.30219,0.047276,-0.053896,0.353078,0.140123,-0.337525,0.176598,-0.01174,0.276853,0.303003,0.382485,0.023108,0.440977,-0.121429,0.402206,0.005505,0.170378,0.039914,-0.062552,0.348752,-0.023521,0.031814,-0.116293,0.244054,0.379986,-0.165634,0.119663,0.355478,-0.197381,0.277412,-0.290592,0.247773,0.312969,0.101625,0.00962,0.318629,0.157746,-0.024317,0.058433,0.369233,0.052822,0.268374,-0.283045,-0.082453,-0.268618,0.25989,0.281946,0.165451,-0.162936,-0.269543,0.320889,-0.272298,-0.299368,-0.097702,0.106203,0.181627,-0.10112,0.13008,0.416716,-0.257539,#
19,-0.087485,0.188241,0.206011,0.102918,0.175462,-0.172866,0.041059,-0.227932,0.19255,0.020245,0.196106,-0.187914,0.049398,-0.024565,-0.187603,-0.375437,0.083402,0.008689,-0.024477,1.0,-0.010534,0.071529,0.095292,0.221391,-0.346593,0.027314,0.052675,0.320432,-0.028387,0.151739,0.157775,0.114966,-0.072824,-0.131593,0.071713,-0.266227,0.026384,-0.295499,-0.126098,0.007052,-0.221612,0.075524,-0.074241,0.170487,-0.013719,-0.164306,-0.216341,0.031154,-0.307999,0.011835,0.06426,-0.064366,0.18103,0.142137,-0.155612,0.040763,-0.007844,-0.023101,-0.018356,-0.325195,0.154384,-0.014,-0.019034,0.130595,0.082147,0.109785,0.439054,-0.233028,0.143118,0.283492,0.095259,0.074079,0.169527,0.239551,-0.368815,0.076404,-0.069088,-0.097944,0.010649,-0.165784,0.241628,-0.233258,-0.011104,0.368477,-0.207269,0.017177,0.037441,-0.167928,0.161894,-0.304077,-0.182289,-0.12978,-0.046833,0.07463,-0.27606,-0.056099,0.032368,-0.312472,-0.176298,0.132802,-0.220346,-0.144428,-0.33039,0.22187,-0.03619,0.079731,-0.004557,-0.004711,0.071202,0.333258,0.544327,0.0,0.020692,-0.02824,0.155473,0.032277,0.108569,-0.034675,0.249013,-0.050655,-0.092026,0.262117,-0.198307,-0.372982,-0.41983,-0.05492,-0.033243,0.198298,0.08878,-0.231734,0.020225,0.032749,-0.094183,0.06412,0.318459,-0.213489,-0.227983,-0.034247,-0.220651,0.095488,0.226033,0.163057,-0.095092,-0.201569,0.112076,0.182025,0.147473,0.305931,0.068584,0.274128,-0.093981,0.035175,0.033062,0.130589,0.046405,0.055181,-0.258866,0.230004,0.19558,-0.272254,-0.038095,-0.019054,0.200054,0.206866,0.162614,0.00317,0.08135,0.066128,0.134656,0.042957,-0.248258,0.029524,-0.231734,0.336143,0.107001,-0.101372,0.0877,0.00414,-0.12685,-0.085772,0.309078,-0.246022,-0.23752,0.299961,-0.028498,0.24808,-0.071606,-0.101372,-0.379498,0.130776,0.035672,-0.117648,-0.135952,0.016528,-0.189565,-0.058401,-0.024463,0.214303,-0.051775,0.086241,#
20,-0.189412,0.091164,-0.489094,-0.323816,0.397337,0.004627,0.243301,-0.11305,-0.097091,0.024923,0.030912,-0.23843,0.323327,0.04324,-0.023321,0.02806,0.433722,0.22524,-0.173757,-0.010534,1.0,0.033987,0.559999,-0.060384,-0.153641,-0.026347,0.013013,-0.034233,0.139345,0.283766,-0.207931,0.032015,0.427726,0.012624,0.214967,0.097412,0.051144,-0.241624,-0.19425,-0.09525,0.05201,0.126903,0.254149,-0.209391,-0.089591,-0.192272,0.00146,0.226656,0.358418,-0.251609,0.278127,-0.561239,-0.053898,-0.013014,-0.130054,-0.248871,0.07794,-0.110229,0.355276,0.273922,-0.039725,-0.239959,-0.439823,-0.040599,-0.309501,0.295825,0.027673,0.157467,0.323983,0.196511,-0.145795,-0.088747,0.011723,-0.330289,-0.013043,0.197627,0.027135,0.019421,-0.46572,-0.083588,-0.304536,-0.156296,-0.369321,0.007648,-0.219102,-0.214555,-0.258359,0.051082,-0.102803,0.090827,-0.650904,-0.349366,-0.32331,-0.185162,-0.109403,-0.234308,-0.29493,-0.275304,-0.383294,-0.131042,0.189307,-0.019127,-0.593515,-0.450841,-0.007417,-0.228671,-0.090664,-0.212043,-0.231255,-0.181787,0.3143,0.0,-0.261037,-0.374704,-0.076187,-0.019677,-0.200946,-0.237665,0.114136,-0.293144,0.052589,-0.249803,-0.13496,-0.384525,-0.2518,0.245276,-0.334812,0.278597,-0.047453,-0.394922,-0.366808,0.01172,-0.33357,0.050881,-0.246679,-0.272463,-0.351198,-0.260715,-0.008915,0.017741,-0.281537,-0.065726,-0.051103,-0.09205,-0.623375,-0.265569,0.031987,0.58857,-0.161085,-0.080651,-0.32801,-0.178894,-0.348437,-0.466876,-0.477361,-0.159709,-0.035062,0.367975,-0.31293,-0.166007,0.09157,0.189109,-0.417399,0.174594,-0.129663,0.189129,-0.112576,-0.084641,-0.652222,0.441898,0.28011,0.02568,-0.222141,-0.439999,-0.167038,-0.213202,-0.089881,-0.019997,0.099333,-0.199969,0.255083,0.044898,0.053792,0.065913,0.278853,-0.315771,-0.079976,-0.163134,0.009642,0.070949,-0.303117,0.356715,0.308494,0.017956,-0.020807,0.396395,0.155059,-0.150393,-0.451356,0.007844,#
