0,1.0,0.13414,0.163633,0.093904,0.288269,-0.064994,-0.082728,-0.004047,0.142015,0.09078,-0.42731,0.110483,-0.04554,0.036196,0.039893,-0.15231,0.003244,-0.032427,0.00962,-0.021199,-0.189412,0.080597,-0.376564,-0.063084,0.163894,-0.261808,0.169874,-0.172996,0.358679,0.18436,-0.344225,-0.16788,-0.126933,-0.047757,-0.024634,0.138154,-0.186776,-0.066878,-0.202079,0.262086,-0.147188,-0.139827,-0.414496,-0.026731,0.009599,0.050312,0.09305,0.139715,-0.017398,0.339598,-0.233269,-0.232033,0.356043,-0.115533,0.141109,-0.177116,0.080527,0.064236,-0.031475,0.097364,0.177736,0.328521,0.243165,-0.20164,-0.098838,-0.064529,-0.067766,-0.12261,0.087492,-0.116575,-0.107469,-0.251548,0.103892,-0.060283,-0.327204,0.124399,-0.094563,-0.33799,0.047548,-0.30387,0.03184,-0.189165,-0.0901,-0.43631,0.079215,0.029963,-0.27505,0.03703,-0.090486,-0.269592,-0.060986,-0.184208,0.086519,0.040584,0.040815,-0.154228,-0.129796,-0.086267,0.154058,-0.221685,-0.027104,-0.050381,-0.021921,0.03379,0.015378,0.01981,0.275005,-0.098013,-0.04498,-0.51364,-0.137159,0.0,0.154142,-0.249097,-0.159813,-0.194017,-0.021767,-0.056318,0.134411,-0.285268,0.254751,-0.129356,-0.193754,0.084376,-0.007239,-0.133035,0.072296,-0.180947,0.057467,0.16218,0.050042,-0.364467,-0.089188,0.26357,-0.274679,-0.091878,0.002455,-0.060986,0.103597,-0.149553,-0.021779,-0.345692,0.15947,-0.335739,-0.122595,-0.04629,0.056836,-0.017834,-0.071865,0.003134,-0.274625,-0.06619,0.424976,-0.268891,0.113988,0.254594,-0.005391,0.118239,-0.15257,0.191834,-0.009573,0.003058,0.387753,-0.042834,-0.15615,0.014077,0.171095,0.136506,-0.083577,-0.240848,0.031606,-0.010827,0.16218,-0.036752,0.123235,-0.025547,0.087959,0.032557,0.144429,-0.190861,0.07423,-0.198134,-0.006926,0.136891,0.014221,-0.156412,0.462155,-0.403185,0.060592,0.23516,-0.386089,0.098935,-0.102725,0.099449,-0.343828,0.079684,-0.150753,-0.258831,0.250463,-0.198005,#
1,0.13414,1.0,-0.299565,0.031268,0.437201,0.21514,0.04368,-0.229974,0.023312,0.241464,-0.009056,0.076035,0.062405,0.214005,0.135796,0.041238,0.02635,-0.125876,-0.421558,0.268156,0.091164,0.382494,0.105437,-0.187016,0.016767,-0.192739,-0.058254,0.104774,0.353917,0.683673,-0.622988,-0.23842,-0.078879,-0.264484,0.08065,0.232588,0.072238,-0.522964,-0.183798,0.375321,-0.081019,-0.249768,0.181777,0.121092,-0.230119,0.226588,0.213384,0.117158,-0.005659,0.354845,0.217585,-0.270758,0.197073,0.156246,0.076685,-0.062446,0.074104,0.249972,0.274332,-0.019874,0.110434,0.010291,0.192956,0.263766,-0.28586,0.117526,-0.031255,0.301921,0.498902,0.127907,-0.400689,-0.206867,0.161194,-0.17374,-0.213718,0.095051,-0.427336,0.125383,-0.260227,-0.216978,-0.088327,-0.455408,-0.193043,-0.022952,-0.199283,-0.298572,-0.367772,-0.301687,-0.019877,-0.190546,-0.361525,-0.108825,-0.000828,-0.467197,-0.598376,-0.282374,-0.529279,-0.539398,-0.346006,-0.155629,0.043348,0.026625,-0.07943,-0.280019,-0.255435,-0.14036,-0.352016,-0.207937,-0.13804,-0.10086,-0.13786,0.0,-0.508578,-0.374657,-0.064063,0.075366,-0.345092,-0.228061,0.197236,-0.035556,-0.248288,-0.256878,-0.244495,-0.161373,-0.055527,-0.066417,-0.214362,0.056741,0.217244,-0.192998,-0.234537,-0.306311,-0.17723,0.040186,-0.362619,-0.23655,-0.230025,-0.540426,0.323387,-0.228494,-0.324867,-0.384302,0.234421,-0.424386,-0.236165,-0.00936,-0.050695,0.242802,-0.149966,-0.104549,-0.565686,-0.351369,-0.350258,-0.065167,-0.175576,-0.076297,-0.053866,0.254836,-0.03124,-0.285093,-0.109891,-0.230072,-0.12105,0.034452,-0.240104,0.507293,0.050903,-0.408833,0.132349,-0.388475,-0.043848,-0.056739,-0.388472,-0.100663,0.232673,-0.082539,-0.078768,-0.073907,0.242329,-0.566193,0.156222,-0.058423,-0.0272,0.27381,0.512474,-0.270877,0.084101,-0.284219,-0.027379,0.351298,-0.403582,0.421423,0.43595,0.425114,0.18946,-0.235389,0.327715,-0.160479,-0.059857,0.46848,#
2,0.163633,-0.299565,1.0,0.260311,0.021958,-0.084868,0.137371,0.13699,0.299178,0.023042,0.027035,0.142204,-0.173928,0.123957,-0.037751,-0.235313,-0.383432,0.185471,0.139339,0.331315,-0.489094,-0.300942,-0.195993,0.139926,0.034701,-0.126841,0.038747,-0.135345,0.216761,-0.385451,0.2692,0.359656,-0.446607,0.014469,-0.251801,-0.031479,-0.025039,0.007547,-0.306349,-0.439562,-0.538736,0.242371,-0.321765,-0.03689,0.104976,-0.299843,0.126767,-0.000313,-0.268438,0.283685,-0.253152,0.182155,0.019179,-0.022247,-0.119189,-0.103361,0.012977,-0.295641,-0.393471,-0.189489,0.345477,0.391996,0.083247,-0.158525,-0.025183,0.043806,0.208689,-0.228823,-0.170031,-0.181256,0.328752,-0.064623,-0.043726,0.147795,-0.150008,0.222675,-0.187194,-0.329258,0.075943,-0.139775,0.252451,-0.088681,-0.223604,0.180922,-0.110439,0.164834,-0.167238,0.031319,-0.070952,-0.13265,0.077327,-0.14621,0.086328,0.365228,0.080613,0.073881,0.033524,-0.17461,0.089643,0.123175,-0.391305,-0.519057,-0.004316,0.371542,-0.037985,0.05716,0.192784,0.126303,-0.0537,-0.123032,0.239821,0.0,0.120865,0.196075,0.012053,-0.051248,-0.059805,0.112267,0.152034,-0.004529,-0.192575,0.579126,-0.235782,-0.059551,-0.122417,0.285881,-0.011641,-0.26769,-0.255687,-0.11992,0.279467,0.17119,-0.218929,0.097578,0.144704,0.151184,0.120953,0.412715,-0.252214,-0.102506,0.458627,-0.071406,-0.08831,0.188896,0.338345,0.340702,-0.011111,0.027562,-0.161294,0.057804,0.213653,0.535724,0.335627,0.3041,0.307831,-0.039019,0.04279,0.219734,0.08508,0.046354,-0.22297,-0.154678,0.35487,0.026973,0.007122,-0.137692,-0.09929,0.295369,0.304998,-0.117552,-0.062707,0.287104,-0.11992,0.012627,0.033283,0.206861,0.039393,0.484162,0.183957,0.057936,0.35993,-0.099873,-0.029062,0.107031,-0.145165,0.297325,0.22659,0.366101,-0.242293,0.180717,0.036993,-0.368546,-0.178114,0.106696,-0.484348,-0.2197,0.019386,-0.157789,0.078389,0.012731,#
3,0.093904,0.031268,0.260311,1.0,-0.045843,-0.165795,0.025468,0.097287,-0.271292,0.057283,-0.065737,0.035825,-0.092497,-0.180142,0.123591,0.372145,-0.168298,-0.275343,-0.399817,0.068058,-0.410074,-0.04869,-0.480335,0.031704,0.010571,-0.050152,-0.14779,-0.292195,0.121621,-0.257393,-0.274739,-0.108335,-0.06564,0.227165,0.110763,-0.418045,0.039299,0.077827,-0.332156,-0.003983,-0.408092,0.116033,-0.010717,0.021508,0.328799,0.410919,-0.271544,-0.57328,0.16328,0.3343,-0.207163,0.201312,0.335352,0.013001,-0.065009,0.11052,0.048153,0.112644,-0.398815,-0.158384,0.065385,0.172602,0.295508,0.096654,-0.156958,-0.547734,-0.275783,-0.260661,-0.395692,-0.108484,-0.03197,0.192678,0.240444,0.019282,-0.075713,0.265279,-0.085748,0.411182,0.340715,-0.237396,0.187858,-0.015719,0.170626,-0.061603,0.133828,0.124538,0.214565,-0.179754,0.008711,-0.198437,0.331036,0.101273,0.496165,0.138243,-0.142065,-0.189951,-0.054293,0.054956,-0.120884,0.298933,-0.12472,0.231361,0.242345,0.135261,0.187831,-0.015856,0.054196,0.217206,-0.275975,-0.046796,-0.354062,0.0,0.05221,0.118969,-0.266422,0.29031,0.209932,0.0041,-0.425097,0.409782,0.259723,0.166197,0.028223,0.349664,0.192401,0.034183,-0.064763,-0.299161,-0.294268,0.201151,-0.219461,-0.24415,-0.006244,0.292545,-0.03572,0.248523,0.338589,0.001335,-0.411822,0.135367,0.042461,0.000798,0.156755,-0.055029,0.232358,0.334706,-0.092648,-0.347554,-0.110066,-0.200345,-0.139341,-0.109511,0.108112,0.243545,0.116815,0.249554,-0.32493,-0.125183,0.129144,-0.000408,0.096623,0.066152,0.3025,-0.240033,-0.428575,-0.227563,-0.33876,-0.055951,0.41594,-0.351407,-0.126145,-0.27448,0.019245,0.033642,-0.065527,-0.120102,0.032423,0.078184,-0.377741,-0.313327,-0.217763,-0.363071,0.388558,0.160047,-0.229888,-0.060564,-0.202949,0.03971,0.296177,-0.213211,-0.276685,0.070421,-0.282386,-0.147443,-0.251547,-0.099611,-0.221947,-0.10696,-0.055482,0.123014,#
4,0.288269,0.437201,0.021958,-0.045843,1.0,0.151272,0.128226,0.071514,0.249343,0.215668,-0.433054,0.387875,0.331516,0.309094,0.04512,-0.050966,-0.148923,0.190936,-0.201469,0.128218,0.301056,0.057719,0.301803,-0.217547,-0.304995,-0.436943,0.166046,-0.150822,0.496809,0.36219,-0.458973,0.166525,-0.048302,-0.120593,-0.160445,0.284052,0.107499,-0.49082,-0.306374,-0.095807,-0.040486,0.347502,-0.041093,-0.140223,0.107284,-0.138362,0.409658,0.495262,0.175561,0.136849,-0.070785,-0.569537,0.310229,-0.248135,0.053912,-0.287822,-0.203784,-0.036638,0.342442,0.087753,-0.029719,0.21155,-0.006748,-0.424665,-0.42103,0.362943,0.181492,0.236676,0.49649,-0.057365,-0.121813,-0.498779,0.009333,-0.387458,-0.288346,0.15969,-0.39812,-0.301154,-0.37221,-0.450214,-0.385682,-0.556937,-0.235323,0.048114,-0.308797,-0.152776,-0.521514,-0.128782,-0.094979,-0.270819,-0.569421,-0.451396,-0.093589,-0.461818,-0.220826,-0.303145,-0.519614,-0.512033,-0.215592,-0.363066,-0.290779,-0.191153,-0.186517,-0.135351,-0.214067,-0.322136,-0.003997,-0.45149,-0.05686,-0.609687,0.239796,0.0,-0.393216,-0.614389,0.001091,-0.001061,-0.241074,-0.410493,0.118458,-0.33686,0.124038,-0.07663,-0.44813,-0.537915,0.108119,0.409799,-0.308405,0.287404,-0.129057,-0.482487,-0.290638,0.01988,-0.37453,0.103103,-0.472496,-0.191104,-0.158983,-0.23212,0.405392,-0.269345,-0.063783,-0.256043,0.022255,-0.219399,-0.469021,-0.104682,0.140653,0.53478,-0.516144,-0.131445,-0.63574,-0.013822,0.128162,-0.554665,-0.32049,-0.070171,0.248188,0.337987,-0.256728,-0.133895,-0.077688,0.109555,-0.145534,0.181655,-0.149727,0.198451,0.039772,-0.114275,-0.213707,0.04544,-0.345194,0.419538,-0.317429,-0.587645,0.017334,-0.010027,-0.120745,0.034464,0.34002,-0.485521,0.356964,-0.023798,-0.020553,0.076366,0.355859,-0.395924,0.314054,-0.191101,-0.232569,0.208076,-0.415167,0.283527,0.367141,0.335525,-0.063355,0.105314,0.342867,-0.336989,-0.214817,-0.018063,#
5,-0.064994,0.21514,-0.084868,-0.165795,0.151272,1.0,0.160669,0.088775,0.048867,-0.1869,0.105115,0.263047,-0.041254,0.076373,-0.080775,-0.12558,0.337968,0.170715,-0.024763,-0.122876,0.098153,0.437686,0.247013,-0.254576,0.21405,-0.209953,0.03827,-0.079711,-0.033704,0.155998,-0.016457,0.069669,0.005931,-0.204904,-0.222287,0.436149,-0.055563,-0.108587,-0.021766,0.02034,0.111398,-0.126377,0.021687,-0.182597,-0.148855,0.112691,0.04612,0.236433,0.049602,-0.063001,0.25253,-0.108213,0.150058,-0.21935,0.334628,-0.046688,-0.216189,0.313349,-0.010769,-0.09916,0.03975,-0.165345,0.103908,0.040548,0.012703,-0.01171,-0.050054,0.132537,0.168525,-0.028405,-0.296231,-0.336166,-0.329043,-0.473214,0.066953,0.257879,-0.430975,-0.099084,0.006903,-0.354695,-0.145547,-0.354752,-0.004394,-0.058654,-0.188731,0.092259,-0.11886,-0.006293,-0.044989,-0.153016,0.141526,-0.255762,0.139545,-0.3884,-0.163364,-0.510525,-0.135591,-0.109005,-0.088396,-0.484135,0.214453,-0.220585,0.028752,-0.394953,-0.237387,-0.261758,-0.117793,-0.469881,-0.148134,-0.038197,-0.021827,0.0,-0.166325,-0.552813,0.125608,-0.099955,-0.171397,-0.21083,0.235662,0.034419,-0.067312,-0.174145,-0.196599,-0.179531,0.261476,0.036694,0.090588,0.151212,-0.023968,-0.15626,0.116674,-0.030919,0.16494,-0.184822,-0.017119,0.112838,0.082116,-0.186331,-0.058081,-0.421354,-0.322868,-0.017707,-0.174762,0.1174,0.06521,-0.024591,0.115134,0.027158,-0.145217,-0.335879,0.008131,0.106122,0.048692,-0.138625,-0.27139,-0.263956,0.207624,0.273904,-0.215933,0.187907,0.08372,0.110772,-0.238737,-0.022493,0.071209,0.320989,-0.053981,-0.149051,0.032897,0.040589,0.266145,0.0131,-0.170196,0.027048,0.094063,0.022638,-0.229069,0.347329,0.32939,-0.215083,0.180336,0.033489,-0.056047,0.489471,0.324267,-0.183955,-0.032306,-0.160816,-0.185329,0.363362,-0.00811,0.265973,0.322498,0.303922,0.355758,0.266074,0.307166,-0.124298,-0.052337,0.132196,#
6,-0.082728,0.04368,0.137371,0.025468,0.128226,0.160669,1.0,0.335557,0.099182,-0.00818,0.30966,-0.131526,0.058147,0.205728,0.011975,-0.014937,0.092713,0.206472,0.298748,0.162246,0.243301,0.429462,0.016825,-0.138276,-0.141083,0.109093,0.25608,-0.11303,0.492181,-0.050887,-0.162926,0.281599,0.358125,-0.357588,-0.050529,0.247754,-0.08154,-0.122254,-0.328502,-0.206878,-0.251152,0.168726,0.319702,-0.242468,-0.142297,-0.267672,0.008579,0.119274,0.075519,0.189851,-0.213042,-0.267945,-0.048295,0.033103,-0.288934,-0.379076,0.261023,-0.172559,-0.033394,0.046595,0.043411,0.03912,-0.339199,0.061013,-0.284014,-0.162267,0.196857,0.048674,0.013927,-0.023524,-0.237737,-0.250685,-0.001931,0.006895,-0.066686,0.241363,-0.085077,-0.271434,-0.465653,-0.371059,-0.158719,-0.369357,-0.196211,-0.204875,-0.148867,-0.071506,-0.120509,-0.192367,-0.209862,-0.155562,-0.321171,-0.258256,0.009007,-0.185613,-0.189033,-0.0143,-0.468973,-0.145316,-0.61364,-0.129527,0.091679,-0.409193,-0.356205,-0.216312,-0.076258,-0.070185,0.201901,-0.274301,-0.177592,-0.012357,0.217227,0.0,-0.124993,-0.05835,-0.014459,-0.121833,-0.169059,-0.185945,-0.019361,0.059957,-0.079234,0.041295,-0.411305,-0.187703,-0.176387,0.22726,-0.407891,0.13334,-0.019692,-0.321046,-0.183034,-0.156318,-0.167775,0.203398,-0.009836,-0.061773,0.093511,-0.17602,-0.140165,-0.229855,0.043737,-0.163134,-0.013499,0.080616,-0.219226,-0.189069,-0.038924,0.186588,-0.128972,0.007914,0.021498,0.105809,0.056771,-0.088589,0.146254,-0.098697,-0.048527,0.43221,-0.368329,-0.147236,0.089688,-0.154488,-0.243758,0.010383,-0.257227,0.135424,-0.246552,0.140115,-0.112363,0.039929,0.064833,0.001325,-0.335274,-0.131589,0.080801,0.041347,-0.251355,0.362882,0.299093,-0.23099,0.356278,-0.033151,0.234368,0.536518,0.12395,0.023691,-0.032877,0.044881,0.113806,0.040964,-0.181645,0.271307,0.114277,0.142569,0.1521,0.246058,0.158213,-0.299442,0.101261,-0.006052,#
7,-0.004047,-0.229974,0.13699,0.097287,0.071514,0.088775,0.335557,1.0,-0.065763,-0.294267,-0.051969,-0.039004,0.164971,0.21525,0.412548,0.217187,-0.13618,-0.379704,0.328981,-0.205493,-0.11305,0.358968,0.02297,-0.298663,-0.229699,-0.0833,0.192329,-0.189164,0.281952,-0.207158,-0.017788,0.339269,0.196165,-0.380442,-0.174346,0.161997,0.170196,0.261225,-0.108803,-0.325621,0.020372,0.447558,0.142063,-0.098579,-0.136224,0.051859,0.270316,-0.165318,0.00589,-0.110647,-0.483784,-0.056157,-0.203947,-0.693638,-0.135734,0.0411,-0.192006,0.077803,-0.308548,0.082463,-0.308048,0.025122,-0.131065,0.150929,0.157713,0.213647,0.171744,0.176377,-0.120098,-0.414285,-0.115151,-0.312023,-0.108708,-0.300114,0.049069,0.117024,-0.005673,-0.185106,-0.354088,-0.451455,-0.096147,-0.491401,0.079592,-0.326656,-0.089687,-0.029017,-0.012481,-0.276394,-0.178638,-0.09341,0.079636,-0.150715,0.092014,-0.276566,-0.120608,0.205972,-0.409782,-0.012488,-0.300897,-0.408064,0.061868,-0.300893,0.193626,-0.276566,-0.354053,-0.276,0.241934,-0.442782,0.173195,-0.276553,-0.105649,0.0,-0.062569,-0.071314,-0.21099,0.067429,-0.061161,0.045598,-0.300235,0.149742,-0.000297,-0.353898,-0.173924,0.077579,0.135542,0.119393,-0.32655,-0.205432,0.127099,-0.229963,-0.043485,-0.147469,-0.179887,-0.262983,-0.108286,0.016848,0.27847,0.079636,-0.139523,-0.328604,-0.061195,-0.190085,-0.275242,0.158327,-0.192076,-0.209549,-0.252812,-0.161968,-0.287872,-0.276277,0.062136,0.241784,0.353042,0.020748,-0.123311,-0.252681,0.348905,-0.001293,-0.590109,-0.008395,-0.199855,-0.136195,-0.276394,-0.146433,-0.450976,0.052115,-0.275675,0.136878,-0.252882,0.027741,-0.106745,0.134575,0.029853,-0.079721,0.110575,0.191021,-0.184393,0.096558,-0.142101,0.188888,0.174414,0.283957,0.2938,0.275521,0.052648,-0.234848,0.072336,0.191021,0.056321,-0.07974,-0.318078,0.45069,0.257785,0.062249,-0.027237,-0.005421,0.049978,-0.038545,0.141734,0.083011,#
8,0.142015,0.023312,0.299178,-0.271292,0.249343,0.048867,0.099182,-0.065763,1.0,0.031012,0.137483,0.188216,0.014585,0.325833,-0.451253,-0.424007,-0.058501,0.580617,0.457722,0.293196,-0.097091,-0.236696,0.095981,-0.144519,-0.146673,-0.215895,0.301947,0.371343,0.144158,-0.069824,0.256199,0.18417,-0.117574,-0.241133,-0.128785,0.146838,0.379554,-0.320282,-0.240549,-0.075696,-0.205414,0.284053,-0.378082,0.003883,0.18622,-0.463689,0.179189,0.477083,-0.261415,0.213526,0.160983,-0.195808,0.152715,0.25552,-0.211454,0.125264,0.114229,-0.171956,0.277671,0.051188,-0.361887,0.213497,-0.039611,-0.276005,-0.169556,0.121046,0.537129,0.064433,0.174647,0.311972,0.217268,-0.101888,-0.24034,0.021643,-0.001021,0.118328,0.128491,-0.669209,0.001625,-0.003963,-0.147122,-0.08251,-0.134475,0.262567,0.092591,0.205307,-0.159324,0.036843,0.014725,-0.220374,0.028199,-0.054376,-0.280595,0.242116,-0.002874,0.075888,0.077641,-0.174016,-0.03533,0.004394,-0.398867,-0.347312,-0.151928,0.221259,0.030348,0.222845,0.185406,0.182173,-0.019857,-0.082633,0.333252,0.0,0.317611,-0.060151,0.32097,-0.458184,0.125839,0.083862,0.533839,-0.119959,0.111645,0.195549,-0.11376,-0.439386,-0.189247,0.199784,-0.092598,0.301395,0.046293,0.017941,0.495523,0.454364,-0.115536,0.112354,0.221522,-0.04468,0.182967,0.377054,0.291125,0.12108,0.497163,0.210553,-0.116156,0.187676,0.15887,-0.305552,0.319977,0.428962,0.191457,0.257255,0.036119,0.199929,0.28566,-0.198661,0.196779,-0.064413,0.020905,0.228132,0.13413,0.222045,0.15535,-0.068381,0.046965,0.622486,0.322416,-0.175316,-0.119541,0.125782,0.130492,0.208303,-0.29488,0.096522,0.188653,0.067998,-0.383111,0.058815,-0.01577,0.138483,0.272935,-0.082503,0.25121,-0.087151,-0.568403,-0.093747,-0.189963,0.379867,0.276131,-0.121393,-0.614288,0.091389,0.336718,-0.355221,-0.167142,0.059901,-0.070616,0.11016,-0.027128,0.017606,0.214395,-0.024519,#
9,0.09078,0.241464,0.023042,0.057283,0.215668,-0.1869,-0.00818,-0.294267,0.031012,1.0,0.112939,0.302449,0.276366,0.371029,-0.369445,-0.020339,-0.007086,0.196958,-0.313917,0.175977,0.024923,-0.047904,0.075836,0.209953,0.034945,0.072188,0.010775,-0.420258,0.158921,-0.017207,-0.261943,-0.066133,-0.159148,0.198008,0.312654,0.03923,-0.049764,-0.458198,-0.117886,0.125586,-0.095368,0.239428,0.066508,-0.128328,0.231802,0.043285,-0.083938,0.082435,-0.216579,0.35238,0.077983,-0.222109,0.164582,0.188077,-0.17264,-0.347834,-0.028276,0.018452,0.28112,0.267704,0.097663,0.027712,0.097366,-0.042873,-0.151244,0.013548,0.060079,-0.082027,0.110238,-0.14701,-0.161301,-0.174887,0.193822,0.027409,-0.190041,-0.21522,0.105463,0.128963,0.13776,0.129244,-0.230609,-0.15854,-0.273457,-0.089852,0.266235,-0.398478,-0.102452,-0.003895,-0.292087,0.088517,-0.28386,-0.165559,0.075645,0.154626,-0.189894,0.141667,-0.116944,-0.294971,-0.150115,0.040724,-0.120753,0.201229,-0.202463,0.132743,0.315972,-0.027841,-0.117861,0.000611,-0.511603,0.148468,-0.040751,0.0,-0.123303,0.072424,0.142041,-0.030045,-0.151295,-0.306066,0.233126,-0.233682,0.11512,0.316672,-0.297956,-0.276855,-0.22631,0.158071,-0.273442,-0.053162,-0.140147,0.225654,-0.050662,0.369022,-0.082237,0.599743,-0.160245,0.113332,-0.287602,-0.262565,0.056881,-0.049294,0.028038,0.092269,0.141984,-0.168204,0.148605,0.25597,0.308334,0.075461,-0.299441,0.14741,-0.413823,-0.113601,-0.437931,0.108,0.284219,0.096633,-0.01155,0.531546,0.137968,-0.210927,0.103896,0.263319,-0.222044,0.367683,-0.027516,-0.01106,0.158372,0.130568,0.083171,0.065165,0.177708,-0.21875,0.042535,-0.191423,0.038223,-0.166452,-0.528987,0.234105,0.207957,-0.181592,0.274016,-0.176423,-0.079628,0.036708,-0.024413,-0.013736,-0.03772,0.011844,-0.084312,0.443222,-0.080118,-0.133564,-0.10745,-0.041572,-0.016101,-0.266527,0.148917,-0.108783,0.226316,0.022836,#
10,-0.42731,-0.009056,0.027035,-0.065737,-0.433054,0.105115,0.30966,-0.051969,0.137483,0.112939,1.0,0.054394,-0.359612,0.081984,-0.178043,-0.108081,0.430612,0.097142,0.316478,0.075431,0.027419,0.316271,0.049127,0.26053,0.20816,0.328374,-0.217363,0.070268,-0.046322,0.096082,0.209747,-0.073235,-0.11829,-0.138294,0.257692,0.123447,0.005251,-0.0971,0.050464,-0.10103,-0.231605,-0.098442,0.32067,-0.313432,-0.079166,0.105194,-0.323185,-0.416821,-0.020641,0.020977,0.182847,0.144492,-0.270625,0.279441,-0.352236,0.137281,0.16517,-0.141404,-0.046102,0.071085,-0.017934,-0.156785,0.225747,0.215354,0.185661,-0.138028,0.074326,-0.012693,-0.19901,0.254832,-0.165514,0.137932,0.026637,0.077737,0.215785,0.184068,-0.067936,-0.112397,-0.082766,0.261393,0.098457,0.139607,-0.209762,0.332977,0.060487,-0.200921,0.091157,-0.320894,-0.066021,0.220862,0.120367,0.004157,-0.19636,0.311347,-0.253964,0.025641,-0.009375,0.06684,-0.378379,0.070357,0.105897,-0.044764,-0.28196,0.122845,0.319505,-0.039414,0.057405,0.024694,-0.26233,0.657104,-0.193725,0.0,-0.092031,0.320427,0.124991,0.010672,-0.273324,0.046164,0.312067,0.279885,-0.2511,0.102052,-0.044011,-0.060115,-0.158291,-0.161308,-0.160393,-0.158714,0.289521,-0.004272,0.379997,0.083831,0.114202,-0.004151,0.291048,0.264376,0.192647,-0.049095,-0.207131,-0.183372,0.235217,0.217518,0.013917,0.219151,0.220294,0.107088,0.118849,-0.221814,0.248752,-0.126893,0.200356,-0.019973,-0.365014,0.233511,0.235739,-0.421196,-0.3512,0.212315,0.192596,0.20994,0.314776,-0.071197,-0.375716,0.24819,0.06231,-0.036726,-0.219911,-0.118666,0.218248,0.200739,0.157193,-0.182717,-0.186547,0.139765,-0.124365,-0.259246,-0.304906,0.124975,-0.069468,0.198677,0.066562,-0.055677,-0.088494,0.171879,-0.049772,0.103917,-0.471216,-0.074232,0.169597,-0.076701,0.225465,-0.027913,-0.035862,0.035138,0.3829,-0.058227,0.114992,-0.087539,0.01883,0.117018,#
11,0.110483,0.076035,0.142204,0.035825,0.387875,0.263047,-0.131526,-0.039004,0.188216,0.302449,0.054394,1.0,0.088586,0.209868,-0.256902,0.010063,-0.003439,0.018199,-0.191516,-0.112961,-0.144366,0.084547,-0.091525,0.233702,0.275298,0.059634,-0.034532,-0.213902,0.138228,0.028082,-0.122581,0.239293,-0.375351,-0.03701,-0.206027,0.424079,-0.139771,-0.314562,-0.096115,0.147817,0.130598,0.143749,0.082412,-0.054416,0.260095,0.126485,-0.09651,0.02992,0.229273,-0.181074,-0.097972,-0.258472,0.006322,-0.194372,0.24513,-0.120565,-0.332299,-0.15271,0.060818,-0.083786,-0.196731,0.02982,0.224864,-0.320712,0.081636,-0.087208,0.058855,0.024549,0.090541,0.034797,0.023907,-0.462191,-0.121303,-0.17953,-0.247565,0.257537,-0.282696,-0.238929,0.101562,-0.181357,-0.054999,-0.195018,0.054191,0.225508,0.08234,-0.10401,-0.140109,-0.191778,0.00614,-0.23163,0.029757,-0.203002,0.031986,-0.081933,-0.083607,-0.03597,-0.163803,-0.12958,0.048965,-0.192148,-0.245384,-0.104324,-0.036845,0.271682,0.17514,-0.100076,0.036046,-0.284948,-0.203562,-0.063233,-0.089567,0.0,-0.215275,-0.13716,-0.01263,0.140271,-0.047876,-0.378557,0.033486,-0.03224,0.113551,0.076866,-0.332587,-0.314118,0.322249,0.134723,-0.138653,0.006902,-0.203937,-0.142238,0.090742,0.031751,0.067045,0.18201,-0.096261,0.122652,-0.024902,0.030158,0.228587,-0.290631,0.316226,0.222607,-0.193379,0.114683,-0.074638,-0.040322,0.115767,-0.075406,-0.164653,-0.375,-0.224545,0.285979,0.098009,-0.133058,-0.175949,-0.277701,0.099569,0.003791,-0.072812,-0.008848,0.346958,0.002151,-0.07996,0.042211,-0.071371,-0.159669,0.114773,-0.164816,0.423702,0.055894,-0.152192,-0.007018,-0.157137,-0.227299,-0.00644,-0.241093,-0.376728,0.06296,0.227779,-0.103482,-0.069855,-0.182156,-0.0635,0.166074,0.007002,-0.078753,-0.000278,-0.24063,-0.017924,0.283289,0.070776,0.05369,0.120712,-0.019991,0.128631,0.095381,0.1693,-0.149427,-0.080875,-0.196367,#
12,-0.04554,0.062405,-0.173928,-0.092497,0.331516,-0.041254,0.058147,0.164971,0.014585,0.276366,-0.359612,0.088586,1.0,0.513852,0.095692,0.101465,-0.299738,0.109457,-0.285875,0.139169,0.323327,-0.048142,0.108244,-0.163182,-0.338282,0.077508,0.400407,-0.060138,0.038195,-0.072888,-0.260087,0.484867,0.21764,-0.008212,-0.194463,0.004402,0.194364,-0.325188,-0.23948,0.076317,0.100052,0.59397,0.15359,0.295459,0.21139,-0.126273,0.020281,0.307164,-0.031765,-0.119314,-0.139488,-0.354001,0.057164,-0.301359,-0.280971,-0.426476,-0.322354,0.255208,0.256303,0.006222,-0.405538,0.01808,-0.576818,0.069655,0.065221,0.197412,0.095129,0.294914,0.373622,-0.269393,-0.063412,-0.208343,0.082935,-0.035146,-0.138793,0.064552,0.103584,0.118567,-0.287733,-0.334988,-0.333988,-0.405598,0.028485,-0.045232,-0.059028,-0.148843,0.0117,-0.127469,-0.47436,-0.207044,-0.448782,-0.402469,-0.131252,-0.254665,-0.313725,0.192122,-0.080867,-0.343035,-0.189918,-0.338192,0.059756,-0.162083,-0.163719,-0.443554,-0.102739,0.04905,-0.17628,-0.330916,-0.219119,-0.259135,0.31148,0.0,-0.162332,-0.242576,-0.154368,-0.065598,-0.054881,-0.206376,-0.155037,-0.451496,0.140371,-0.290952,-0.112841,-0.303031,-0.413464,0.181729,-0.267249,0.233312,-0.295308,-0.330536,-0.401313,0.139595,-0.264273,0.094989,-0.19263,-0.195916,-0.050947,0.054974,0.205007,-0.058842,-0.159453,-0.096076,-0.462264,-0.368603,-0.30947,-0.165183,0.172825,0.283293,-0.516604,0.213667,-0.188695,0.008947,-0.092728,-0.200636,-0.225659,-0.084103,0.274189,0.195901,-0.381254,-0.271252,-0.090696,-0.025982,-0.14262,0.144026,-0.008137,0.300509,-0.115832,0.177574,-0.222759,0.059465,0.01836,0.041395,-0.161937,-0.156213,0.079674,-0.140969,-0.238585,-0.061815,0.262848,-0.213872,0.271881,0.235823,-0.207188,0.085684,0.132168,-0.322566,-0.015437,-0.147948,-0.216543,0.278021,-0.207406,0.160002,0.172698,0.086165,-0.091151,-0.078687,0.00719,-0.003519,0.059997,0.167366,#
13,0.036196,0.214005,0.123957,-0.180142,0.309094,0.076373,0.205728,0.21525,0.325833,0.371029,0.081984,0.209868,0.513852,1.0,-0.052279,-0.208281,-0.326917,0.259106,-0.075842,0.142587,0.04324,0.026556,0.08286,-0.026119,-0.008957,-0.005097,0.469452,-0.192784,0.253481,-0.059516,-0.248222,0.231762,-0.06745,-0.423396,-0.138902,0.32907,0.434039,-0.452013,-0.469643,-0.174136,0.011197,0.562831,-0.200298,-0.030798,0.225483,-0.36781,0.289833,0.336797,0.003128,0.014621,0.016088,-0.404509,-0.112818,-0.176783,-0.376795,-0.3768,-0.025935,0.077947,0.302945,0.221584,-0.212252,0.18093,-0.257544,-0.058618,0.266469,0.43096,0.265601,0.404824,0.480518,-0.092538,-0.387531,-0.216347,0.193092,-0.249841,-0.119268,0.228404,-0.198008,-0.180408,-0.298758,-0.180093,0.01509,-0.494579,-0.234748,-0.145471,-0.167973,-0.153588,-0.269091,-0.312096,-0.634374,-0.158655,-0.404563,-0.307171,-0.215541,-0.095859,-0.340584,0.044028,-0.353141,-0.284952,-0.26502,-0.446814,-0.148166,-0.405154,-0.199794,-0.29098,-0.100636,-0.315909,0.089948,-0.318877,-0.289553,-0.262695,0.387873,0.0,-0.410571,-0.016455,0.036702,-0.056766,-0.467943,-0.205918,0.164929,-0.43237,-0.153986,-0.299006,-0.313461,-0.416817,-0.250762,-0.121698,-0.39893,-0.042854,-0.137672,-0.2276,-0.20629,0.287697,-0.374261,-0.064104,-0.057484,-0.130791,-0.02384,0.137034,0.350826,-0.234174,-0.041899,-0.302017,-0.494875,-0.245036,-0.129189,-0.198272,0.075502,0.449206,-0.481791,0.248346,-0.325341,0.298924,-0.094713,-0.131241,0.094369,-0.398254,0.479012,0.589173,-0.385154,-0.097437,-0.201584,-0.039411,-0.143291,0.470919,-0.167215,0.386244,-0.128348,0.135839,-0.147611,-0.004839,0.226712,0.104019,-0.242901,-0.187834,-0.11143,-0.178771,-0.192261,0.134086,0.448151,-0.186554,0.569775,0.2216,-0.400077,-0.098104,0.376361,-0.175058,-0.114149,0.015525,-0.412931,0.415562,-0.170083,0.146685,0.495811,0.229968,-0.018717,-0.20105,0.051542,-0.289895,0.229729,0.194987,#
14,0.039893,0.135796,-0.037751,0.123591,0.04512,-0.080775,0.011975,0.412548,-0.451253,-0.369445,-0.178043,-0.256902,0.095692,-0.052279,1.0,0.185505,-0.20417,-0.406125,-0.0359,-0.142667,-0.023321,0.233416,0.070853,-0.312408,-0.34438,-0.004892,0.075159,-0.159629,0.168087,0.175965,-0.309929,0.274942,-0.042564,-0.000313,0.056908,-0.035604,-0.105148,0.142637,-0.163125,-0.13029,-0.036566,-0.078205,0.204036,0.104472,-0.204236,0.233327,0.388026,-0.315026,0.223167,0.059069,-0.426611,0.097234,-0.109204,-0.546151,0.016854,-0.006655,0.002707,0.034708,-0.305552,-0.283268,0.164378,-0.136821,-0.009913,0.167156,0.224165,0.171781,-0.241373,0.091453,0.007348,-0.433755,-0.042014,-0.103003,-0.162983,-0.146776,0.084245,0.154563,-0.20635,0.256416,-0.398521,-0.297771,-0.026353,-0.211907,-0.119373,-0.143132,-0.290926,-0.102575,-0.271404,-0.244711,-0.10937,-0.092848,-0.285709,-0.069783,-0.072257,-0.277476,-0.236586,-0.054734,-0.312672,-0.27157,-0.284454,-0.092513,0.090227,-0.235687,0.300451,-0.277476,-0.53082,-0.102394,-0.069581,-0.202372,0.251014,-0.279199,-0.216174,0.0,-0.317499,0.009804,-0.676198,0.310817,-0.148926,0.254128,-0.256357,0.034152,-0.37907,-0.398307,-0.022524,0.48004,0.013578,-0.127353,0.010454,-0.14888,0.156528,-0.344777,-0.292099,-0.574793,-0.490847,-0.266635,-0.457238,-0.165439,0.124436,-0.119438,-0.117733,-0.317332,-0.31675,-0.516472,-0.187258,-0.22379,-0.33686,0.017182,-0.168676,-0.215278,-0.264486,-0.24242,-0.151488,-0.211262,0.068464,-0.020504,-0.247155,-0.20236,0.14241,-0.11702,-0.501408,0.005576,-0.543016,-0.204194,-0.100502,-0.57488,-0.174141,0.323972,0.091826,0.017294,-0.236319,-0.34478,0.042376,0.209422,-0.344777,-0.16512,0.336731,0.296514,0.357371,-0.184613,-0.002452,0.16804,-0.073545,0.43955,0.294861,0.049527,0.327281,-0.411011,0.101418,0.066377,0.383282,-0.061751,-0.539489,0.392953,0.251744,0.189519,-0.120183,-0.204049,0.166859,-0.06688,-0.09728,0.387664,#
15,-0.15231,0.041238,-0.235313,0.372145,-0.050966,-0.12558,-0.014937,0.217187,-0.424007,-0.020339,-0.108081,0.010063,0.101465,-0.208281,0.185505,1.0,-0.023848,-0.476747,-0.346085,-0.485641,0.024173,0.044336,-0.095128,-0.224225,0.016744,-0.00198,-0.189602,-0.196407,0.065873,-0.032583,-0.231337,-0.029199,0.21763,-0.0384,-0.143019,-0.008579,-0.120628,-0.063737,0.207376,0.375098,0.01302,-0.009528,0.474337,-0.012671,-0.03006,0.292345,-0.017304,-0.351585,0.191086,0.020923,-0.00458,-0.161202,0.12393,-0.025635,-0.107696,0.065829,-0.017957,-0.056448,-0.005097,0.201874,-0.136008,0.167822,-0.059155,0.206775,-0.290636,-0.18419,-0.459597,0.356416,-0.274138,-0.36772,0.089799,0.047993,0.194702,-0.084762,0.050331,-0.116299,0.007458,0.394991,-0.109065,-0.156235,0.053672,-0.110183,0.140104,-0.174713,0.19778,-0.140645,0.112862,0.05426,-0.024918,0.029307,0.181075,-0.080577,0.365614,-0.271359,-0.152734,0.039262,-0.250888,0.123864,-0.066235,0.117084,0.080915,0.17703,0.032922,-0.090521,0.063859,-0.114648,-0.293476,0.073592,-0.237679,-0.072221,-0.555845,0.0,-0.219561,-0.00354,-0.151092,-0.063536,0.103323,-0.169434,-0.411106,0.229688,0.029603,-0.11965,0.198393,0.334119,0.201443,0.026571,0.000596,-0.240594,-0.160663,0.0154,-0.178447,-0.255709,-0.009716,0.231911,-0.162453,0.032188,0.227798,-0.249761,-0.043725,-0.029735,-0.241667,-0.014045,0.117544,-0.250023,-0.324297,0.118201,-0.34516,-0.444576,-0.253731,-0.303536,-0.02246,-0.102508,-0.299868,0.060312,-0.359801,0.202765,-0.132158,-0.300411,-0.17367,0.116863,-0.026938,-0.311419,-0.130252,-0.442151,-0.354851,-0.149047,-0.469417,-0.152797,0.034704,-0.209476,-0.119623,-0.276088,5.4e-05,0.045482,0.098835,-0.178268,-0.376296,-0.116267,-0.279341,-0.148589,-0.355188,-0.296826,0.635003,0.103482,0.02278,-0.167959,-0.264889,-0.177792,0.607747,-0.345265,-0.26116,0.360946,0.122,-0.026006,0.195548,0.004364,0.064339,-0.264399,-0.318273,0.147002,#
16,0.003244,0.02635,-0.383432,-0.168298,-0.148923,0.337968,0.092713,-0.13618,-0.058501,-0.007086,0.430612,-0.003439,-0.299738,-0.326917,-0.20417,-0.023848,1.0,0.147708,0.285057,-0.205556,0.434039,0.430364,0.277728,-0.040495,0.323774,0.164674,-0.357137,0.063785,-0.212963,0.376287,-0.003865,-0.448459,0.251114,-0.107337,0.089211,0.195477,-0.351641,0.008863,0.344649,0.168527,0.017185,-0.324393,0.140267,-0.289848,-0.136266,0.278785,-0.175956,-0.168167,-0.031024,-0.119862,0.101036,-0.04165,0.135541,0.267828,0.23146,0.310098,-0.178172,0.120779,0.163289,0.125034,0.140102,-0.201523,0.22527,0.176146,-0.156835,-0.063209,-0.161044,-0.146076,-0.029859,0.245684,-0.086183,-0.130063,-0.108742,-0.300207,-0.180293,0.163512,0.026122,-0.174141,-0.088027,0.071084,-0.095009,0.044864,-0.15695,-0.070142,-0.059242,0.002794,0.021098,-0.002544,0.315531,0.190657,0.111401,-0.120803,-0.140184,-0.000788,-0.090608,-0.276639,0.120811,0.021111,-0.041516,-0.137993,0.161373,0.224545,-0.344331,-0.276652,0.166108,-0.06029,-0.001879,-0.169512,-0.043021,0.258352,-0.347811,0.0,-0.031923,-0.326933,0.081096,-0.207306,-0.030352,-0.192954,0.445085,-0.079003,0.032174,-0.087979,-0.131218,-0.148539,0.159705,-0.086466,0.201444,0.091387,0.172224,0.06327,0.251369,-0.117181,0.107039,0.036788,-0.069129,0.028115,-0.13621,-0.415886,-0.12086,-0.295073,-0.301179,0.110251,0.221208,0.217034,-0.181318,-0.190856,0.030121,-0.072979,0.262294,-0.276363,-0.012265,-0.262014,-0.207407,-0.252915,-0.113085,0.032155,-0.189247,0.124198,-0.012193,0.272185,0.372812,0.263621,-0.27648,0.118637,0.079042,0.052323,-0.060219,-0.198813,-0.252961,0.341419,0.159151,-0.10291,0.06327,-0.042926,0.110799,-0.345228,-0.18445,-0.031904,-0.12906,-0.082965,-0.069634,-0.221733,-0.093453,0.292619,0.052857,-0.203187,-0.172954,-0.345228,0.312677,-0.066581,0.001058,0.20001,-0.007428,-0.097327,0.268916,0.564816,0.050184,0.01547,-0.201131,-0.20673,#
17,-0.032427,-0.125876,0.185471,-0.275343,0.190936,0.170715,0.206472,-0.379704,0.580617,0.196958,0.097142,0.018199,0.109457,0.259106,-0.406125,-0.476747,0.147708,1.0,0.24914,0.118496,0.22524,-0.388794,0.286118,-0.165985,-0.111994,-0.102216,0.199552,0.054812,-0.112332,-0.171336,0.246173,0.196053,0.037071,-0.000504,-0.077894,0.005663,0.085201,-0.28962,-0.303464,-0.189589,-0.18723,0.180417,-0.312942,-0.222603,0.266566,-0.465876,0.11709,0.55774,-0.14166,0.107418,0.192571,-0.043578,0.189025,0.39732,-0.075881,-0.069985,0.038226,-0.131548,0.371609,0.128006,0.069968,0.050579,-0.132073,-0.404639,-0.2104,0.037933,0.18855,-0.094812,0.176355,0.267883,0.111502,0.017404,-0.3032,-0.009057,-0.099982,0.18248,0.112991,-0.308963,0.057164,0.197833,-0.240009,0.101675,-0.270267,0.193467,-0.142609,0.187072,-0.174108,0.391478,-0.070244,-0.064242,-0.286379,-0.144391,-0.415544,0.189715,0.132534,-0.100832,0.274074,-0.156528,0.083721,0.043872,-0.2358,-0.227938,-0.19713,0.004289,0.113312,0.179026,0.220777,0.182293,-0.203256,-0.094052,0.442897,0.0,0.091959,-0.147068,0.208128,-0.3696,0.057244,-0.054412,0.493339,-0.324629,0.113762,0.270166,-0.228828,-0.366845,-0.085252,0.310227,0.011363,0.416872,-0.265895,0.004008,0.084987,0.493557,-0.184537,0.152225,0.155637,0.158884,0.050013,0.231907,0.103903,0.083084,0.103719,0.068883,-0.070029,0.31024,0.164486,-0.18612,0.488322,0.560232,0.025643,0.365261,0.009538,0.202114,-0.057711,-0.38108,0.32476,0.105023,0.110381,0.469884,0.08486,0.178571,0.046494,0.34571,0.004323,0.516553,0.504085,0.06569,0.072873,0.311104,-0.074889,0.259895,0.179481,0.06431,0.004008,-0.192041,-0.275872,0.049743,0.048112,0.421553,0.549547,-0.121619,0.405014,-0.029794,-0.637805,-0.190844,0.060128,0.226485,0.060683,0.045889,-0.451159,0.242481,0.31417,-0.502997,-0.113175,0.034942,-0.057873,0.32403,0.060087,0.001509,0.097497,-0.187483,#
18,0.00962,-0.421558,0.139339,-0.399817,-0.201469,-0.024763,0.298748,0.328981,0.457722,-0.313917,0.316478,-0.191516,-0.285875,-0.075842,-0.0359,-0.346085,0.285057,0.24914,1.0,0.054088,-0.077496,0.164275,0.171608,-0.206579,-0.222018,0.14481,0.205814,0.264848,-0.055724,-0.085877,0.421172,0.099687,0.101869,-0.315413,-0.058139,0.166009,-0.057973,0.176017,0.262925,-0.225753,0.039187,0.05974,-0.172173,-0.101743,-0.010903,-0.329194,0.228053,0.125689,-0.324155,-0.001511,-0.271751,0.104937,-0.136658,0.028859,-0.106828,0.274113,0.070188,-0.189383,0.014197,0.008205,-0.137078,-0.077277,-0.030755,-0.082503,0.160742,0.135817,0.38941,-0.111613,-0.155813,-0.000186,0.25033,-0.127291,-0.386554,0.055888,0.016282,-0.138784,0.294799,-0.644217,-0.185212,0.068067,-0.10052,0.048216,-0.027994,-0.042303,-0.032071,0.148915,-0.026464,-0.006616,0.157911,0.026591,0.140409,0.071849,-0.318411,0.156837,0.15677,0.225221,0.149859,0.141331,-0.068531,-0.094453,-0.133552,-0.242109,-0.070815,0.173533,-0.147346,0.138771,0.338228,-0.030255,0.467094,0.194665,0.130277,0.0,0.370218,0.129052,0.125875,-0.378973,0.179785,0.211147,0.350727,-0.033326,-0.081748,0.048949,-0.141874,-0.076219,0.003366,-0.08891,0.124336,0.275287,0.249444,0.0712,0.483832,0.152732,-0.029329,-0.094917,0.187768,-0.075206,0.206441,0.116236,0.01052,-0.168383,0.234654,0.12992,-0.120434,0.382764,0.034364,-0.3103,0.11877,-0.007625,0.340034,0.241406,0.368999,0.085986,0.397854,-0.183596,0.232334,-0.054779,0.076638,0.023582,-0.116332,0.361308,-0.043728,-0.00026,-0.184013,0.155999,0.364647,-0.192996,0.055545,0.238095,-0.260663,0.301042,-0.275265,0.190534,0.262581,0.154929,0.000541,0.166869,0.115989,-0.012177,-0.026399,0.424398,0.085326,0.162219,-0.265831,-0.011663,-0.194967,0.242616,0.187347,0.011463,-0.076589,-0.246984,0.288742,-0.164026,-0.236635,-0.122421,0.064466,0.319158,-0.025836,0.191598,0.19499,-0.310655,#
19,-0.021199,0.268156,0.331315,0.068058,0.128218,-0.122876,0.162246,-0.205493,0.293196,0.175977,0.075431,-0.112961,0.139169,0.142587,-0.142667,-0.485641,-0.205556,0.118496,0.054088,1.0,-0.130197,0.113333,0.010405,0.262114,-0.346718,-0.092685,0.090141,0.252202,0.0992,0.1452,0.102946,0.113553,-0.032556,-0.031853,0.037449,-0.248144,0.129387,-0.228555,-0.164232,-0.126448,-0.213874,0.174297,-0.139569,0.292586,0.024442,-0.239132,-0.113242,0.159135,-0.35494,0.221503,0.011875,0.050588,0.252933,0.191286,-0.226809,-0.070848,0.019613,0.044521,-0.075109,-0.413829,0.115192,0.04974,-0.077394,0.073649,-0.026385,0.036391,0.517515,-0.325235,0.245926,0.24773,0.044985,0.048055,0.213205,0.343391,-0.266094,0.033589,-0.001419,-0.135969,-0.043543,-0.105497,0.145672,-0.170478,0.05175,0.275239,-0.128531,0.09793,0.13648,-0.265354,0.079704,-0.282053,-0.132449,-0.028969,0.068922,0.159616,-0.194445,0.019303,0.096422,-0.248823,-0.154095,0.099048,-0.301511,-0.120497,-0.166354,0.159616,0.008285,0.164928,-0.018274,-0.038683,0.105548,0.217905,0.538598,0.0,0.108768,0.063659,0.241878,-0.086717,0.044992,0.099291,0.30286,-0.113265,-0.026075,0.383074,-0.064766,-0.432575,-0.482996,0.042546,0.002963,0.161824,0.073141,-0.182598,0.130605,0.145377,-0.037255,0.033981,0.283547,-0.156404,-0.205538,0.082779,-0.096705,0.093201,0.329162,0.077808,-0.022924,-0.245888,0.250022,0.159495,0.230966,0.281067,0.003547,0.373649,-0.030738,-0.035191,0.095098,0.212852,0.261285,0.131874,-0.162037,0.223188,0.326006,-0.260643,0.030098,0.018708,0.294181,0.332269,0.249884,0.071704,0.166572,0.085713,0.217231,0.04932,-0.33633,0.187978,-0.182598,0.299615,0.165353,0.079419,0.147142,-0.053548,-0.033028,-0.150118,0.256152,-0.131597,-0.31685,0.233505,-0.12828,0.233627,0.041931,0.079419,-0.475568,0.062466,0.144879,-0.267124,-0.231678,0.086711,-0.108778,-0.225022,-0.121957,0.159456,0.218571,0.15198,#
20,-0.189412,0.091164,-0.489094,-0.410074,0.301056,0.098153,0.243301,-0.11305,-0.097091,0.024923,0.027419,-0.144366,0.323327,0.04324,-0.023321,0.024173,0.434039,0.22524,-0.077496,-0.130197,1.0,0.127674,0.557875,0.03517,-0.040252,-0.026347,-0.073395,-0.034233,0.139345,0.373261,-0.203549,-0.045123,0.427726,0.012624,0.117648,0.189088,0.051144,-0.152872,0.024933,-0.099225,0.14775,0.126903,0.254149,-0.112671,-0.089591,-0.173809,0.00146,0.226656,0.312026,-0.251609,0.270707,-0.482168,-0.053898,0.048313,-0.130054,-0.238254,-0.051798,-0.045719,0.355276,0.266823,-0.046023,-0.236572,-0.439823,-0.045552,-0.304206,0.292452,0.027673,0.153038,0.433686,0.20048,-0.145795,-0.088747,0.011723,-0.330289,-0.013043,0.189772,0.027135,-0.072275,-0.553538,0.008944,-0.297732,-0.063244,-0.276067,0.012803,-0.219102,-0.214555,-0.165306,-0.038903,-0.097157,0.181988,-0.558374,-0.349366,-0.32331,-0.185162,-0.109403,-0.234308,-0.200231,-0.18264,-0.279542,-0.219168,0.184461,0.075326,-0.593515,-0.550801,0.085723,-0.228671,-0.181855,-0.298812,-0.131795,-0.175322,0.232362,0.0,-0.261037,-0.374704,0.018263,-0.123527,-0.293104,-0.237665,0.194471,-0.383215,0.052589,-0.249803,-0.019715,-0.467804,-0.2518,0.245276,-0.234347,0.278597,-0.03915,-0.394922,-0.275832,0.01172,-0.241205,-0.045563,-0.239386,-0.272463,-0.351198,-0.260715,0.116475,-0.081124,-0.281537,-0.059986,-0.051103,-0.09205,-0.623375,-0.259843,0.031987,0.497806,-0.155045,-0.080651,-0.233823,-0.17269,-0.348437,-0.466876,-0.477361,-0.159709,-0.035062,0.278714,-0.220859,-0.062085,0.194925,0.189109,-0.417399,0.174594,-0.036163,0.277943,-0.112576,-0.209647,-0.652222,0.520835,0.191974,0.153558,-0.222141,-0.432481,-0.080047,-0.213202,-0.089881,-0.11332,0.099333,-0.192325,0.164218,0.044898,-0.012024,0.06022,0.274276,-0.399901,-0.079976,-0.163134,0.047285,-0.021332,-0.209216,0.353234,0.303586,0.108804,0.076029,0.396395,0.149972,-0.144393,-0.451356,0.007844,#
