0,1.0,0.526488,-0.178366,-0.127692,0.329763,0.329763,-0.06182,0.011684,0.212618,0.346591,0.130846,-0.116026,0.233697,0.363089,0.521709,0.15552,0.047682,-0.028965,-0.054416,-0.342519,0.127731,-0.004372,0.176177,-0.154465,0.163178,-0.448653,0.260958,-0.20841,0.170386,0.15061,-0.31451,0.267034,-0.055521,-0.37449,0.259093,0.434929,0.198507,-0.39946,0.113993,0.05366,0.293705,0.23073,-0.360139,-0.284792,0.388699,-0.511077,0.094336,0.039794,-0.045853,-0.648762,-0.150216,-0.243325,-0.218017,-0.088132,0.135692,-0.034065,-0.726317,0.307784,-0.26805,0.381028,0.195056,0.326711,-0.197481,-0.228228,-0.065349,0.283189,0.0,0.339974,0.26585,-0.083064,-0.074252,0.300333,0.250249,0.050733,-0.011292,0.154681,-0.442433,-0.27417,-0.368916,-0.057251,-0.31122,-0.47966,-0.235107,-0.134598,-0.342732,-0.17193,-0.109821,-0.343338,-0.27502,-0.374486,-0.342896,-0.665048,-0.342333,-0.109682,-0.315402,0.021137,-0.143408,-0.05226,-0.272964,-0.195497,0.206036,-0.479433,-0.175415,0.069195,-0.052334,-0.342554,-0.274982,-0.358334,-0.080084,-0.221084,0.290804,-0.101987,-0.382396,-0.19839,-0.354399,-0.311403,0.029843,-0.290229,-0.070183,-0.320048,-0.479481,-0.122335,-0.570354,-0.122335,0.107859,-0.151624,-0.173597,0.207679,-0.292878,-0.374486,-0.287428,-0.217979,-0.631783,-0.142804,0.036548,-0.342585,-0.101987,-0.342548,0.244312,-0.516739,-0.342554,-0.212815,-0.407677,-0.764272,-0.238007,-0.321685,-0.452409,0.370883,-0.274744,-0.341875,-0.270659,-0.1826,-0.133206,-0.342538,-0.238819,-0.280473,0.171085,0.363474,-0.022232,-0.442334,-0.233157,-0.3114,-0.011292,-0.027312,-0.236857,0.342332,-0.18845,0.244445,-0.227577,-0.342548,0.345841,0.137177,-0.314743,-0.001869,0.271893,-0.449021,-0.249694,0.004525,0.357173,-0.35401,0.472704,0.19807,-0.080285,0.305433,0.26318,-0.199717,0.119871,0.108778,0.252827,0.306671,-0.370232,0.149953,0.234845,0.233747,-0.105058,0.08652,0.111009,-0.26962,0.076656,0.097517,#
1,0.526488,1.0,0.035838,-0.120722,0.172757,0.352315,0.202727,-0.342335,0.475994,0.178942,0.026844,0.057006,-0.195132,0.42198,0.440467,-0.094619,-0.298447,0.332792,-0.070102,-0.123822,0.186828,0.137226,0.324266,-0.188594,0.145034,-0.317779,0.265552,-0.294204,0.342737,0.346569,-0.378742,-0.106638,0.063543,-0.352307,-0.099748,0.280514,0.291781,-0.544674,-0.053181,0.046829,0.356271,0.351097,-0.224291,-0.150785,0.187179,-0.236817,0.23,0.153855,0.029381,-0.23094,-0.409283,-0.318173,-0.075876,-0.310939,-0.010033,0.214625,-0.276408,0.349617,-0.181474,0.500695,0.27626,0.390892,0.195095,-0.363407,0.133935,0.361702,0.0,0.207479,0.338068,0.017138,-0.273718,0.319698,0.134336,0.034731,-0.145356,0.214883,-0.287082,-0.108008,-0.440545,0.131152,-0.056733,-0.658211,-0.424992,-0.042795,0.045286,-0.045476,0.097174,-0.531694,0.008283,-0.153919,-0.171932,-0.209666,-0.311083,0.311791,-0.17466,-0.326249,0.048933,-0.219379,0.035245,-0.220026,0.177735,-0.160471,-0.097801,0.145673,-0.014697,-0.10343,-0.327279,-0.685927,0.389778,-0.12175,0.126307,-0.139951,-0.451674,-0.047906,-0.25568,-0.227086,-0.1623,-0.144603,0.14212,-0.601751,-0.158083,-0.276537,-0.144873,-0.276537,0.136382,-0.092109,0.17719,0.276866,-0.352558,-0.325236,-0.108237,-0.299121,-0.416895,-0.420614,-0.170633,-0.47011,-0.139951,-0.275153,0.188212,-0.726266,-0.277922,-0.373895,-0.374127,-0.308726,-0.030747,-0.443266,-0.053988,0.467729,0.09881,0.058489,-0.121309,-0.172728,-0.129445,-0.276537,-0.001051,0.007197,0.166342,0.534404,-0.087733,-0.27354,-0.333168,-0.225443,-0.145356,0.263702,0.079559,0.245025,-0.356745,-0.054396,-0.40095,-0.47006,-0.107193,-0.019868,-0.395752,-0.229144,0.129116,-0.377076,-0.342642,0.124356,0.415888,-0.206268,0.469849,0.135561,-0.304767,0.220294,0.467135,-0.150077,0.278405,0.058454,-0.250727,0.438937,-0.338866,0.411816,0.428163,0.302007,-0.115304,-0.113411,-0.285245,-0.152397,-0.056457,-0.098908,#
2,-0.178366,0.035838,1.0,0.367791,-0.031937,-0.038203,-0.00154,-0.022692,-0.008437,0.133931,0.273165,0.4104,-0.340843,-0.112237,-0.339409,-0.065942,-0.129423,0.413901,-0.193208,-0.33026,0.138763,-0.034466,0.102962,-0.008423,0.300929,0.157716,-0.377242,0.135848,0.108234,-0.035202,0.013628,0.11662,0.017547,-0.071877,0.058893,0.054474,-0.015296,-0.182478,-0.038598,0.151683,-0.057158,-0.040356,0.22123,-0.175098,-0.084546,-0.011458,-0.324271,-0.2966,0.053702,0.316328,0.295771,-0.044528,0.109331,0.387579,0.100558,-0.189175,-0.022435,0.144053,-0.309219,-0.097778,0.19805,-0.122717,-0.029948,0.063786,0.217583,0.008392,0.0,0.048603,0.027,0.165035,0.088187,-0.13958,0.263891,-0.052103,0.329354,0.102066,-0.2826,0.084499,-0.209941,-0.29143,0.133781,0.12902,-0.074171,0.192198,0.017838,-0.267475,0.017431,0.054162,-0.054662,-0.034984,0.080085,0.072568,0.016692,-0.144137,-0.105356,-0.208264,0.034804,0.04483,0.281509,-0.017446,-0.107919,0.274157,0.074349,0.331163,-0.104321,0.038562,0.192575,0.20709,-0.123497,0.102042,-0.31755,0.190637,-0.227459,0.316993,0.069069,0.329717,-0.401645,-0.216902,-0.071309,0.355609,-0.038406,0.024896,0.395573,0.007726,-0.009317,-0.076642,0.121877,-0.446784,-0.377242,-0.051342,0.00248,-0.293247,0.172375,0.087667,-0.115314,-0.141603,0.158105,0.194589,-0.020262,-0.007396,0.045536,0.313498,-0.166558,-0.151638,-0.222491,-0.360548,0.103384,0.050546,-0.007736,0.030839,-0.014442,-0.315521,0.030878,0.034652,0.030759,-0.134563,0.000553,0.024152,0.221591,0.042299,0.321547,-0.003322,0.164153,0.038916,0.061568,-0.085994,-0.101782,-0.374407,-0.137774,0.044446,0.054213,-0.411269,-0.009143,-0.235404,-0.138084,0.058762,-0.012508,0.33639,-0.270104,-0.334244,-0.313155,0.022548,0.216512,-0.163754,0.061768,-0.075309,-0.211907,-0.410439,0.121997,0.213943,-0.310283,0.241855,0.298113,0.106973,-0.016838,0.079138,-0.037364,-0.26747,-0.046189,-0.146135,#
3,-0.127692,-0.120722,0.367791,1.0,0.188934,-0.156594,0.021919,0.26573,-0.225707,0.12793,0.161515,-0.00445,0.101214,-0.279912,0.063582,-0.09118,0.096755,0.329167,-0.308592,0.088096,0.033754,-0.21261,-0.039515,0.054311,0.505822,0.206053,-0.527753,-0.067296,-0.219848,-0.058407,0.315198,0.176461,0.305482,0.207293,-0.067845,-0.011773,0.00304,0.233695,-0.045447,-0.007301,0.027255,-0.296958,-0.250736,-0.129108,0.449918,-0.348602,-0.349023,-0.089403,0.122203,0.160295,0.321898,0.097415,0.165734,0.134353,-0.03446,-0.077378,0.112183,0.003211,0.125008,-0.402115,-0.31424,0.377931,0.128172,0.165224,-0.024196,0.046886,0.0,-0.390076,-0.109781,-0.11169,0.012875,-0.32316,0.102424,0.003572,0.37051,-0.153463,0.072551,0.095862,0.08689,0.140681,0.131291,0.202832,-0.067115,0.140622,0.015132,-0.193492,0.100478,-0.021815,0.177685,-0.160417,0.27149,0.146063,0.271735,-0.038937,-0.044402,-0.322677,-0.169466,-0.03149,0.360808,0.137961,-0.156661,0.024347,0.417134,0.39249,-0.04634,0.067825,0.106257,-0.018852,0.009976,0.087244,0.207373,-0.139896,0.269129,0.308854,0.069825,0.318575,0.196326,0.18767,0.153218,-0.098879,0.184209,0.089498,0.033779,0.071663,0.201363,0.089682,0.041825,0.111702,-0.017471,0.1889,0.126619,-0.051818,0.39444,0.208837,0.05566,0.243205,-0.139896,0.057598,-0.145812,0.118295,0.067825,0.21659,0.130915,0.023418,-0.012354,0.022458,0.154337,0.097345,0.324709,0.090752,0.101867,0.048257,0.090867,0.053828,0.225395,0.002328,-0.143574,-0.024865,0.114399,0.248045,0.243037,0.15216,0.039767,0.058551,0.232894,-0.277081,0.187373,-0.415336,0.322408,0.256013,-0.11497,-0.143739,0.293604,-0.012001,-0.239639,0.329547,-0.150722,0.120194,-0.300158,-0.28664,-0.235808,-0.230563,-0.181139,-0.177674,-0.248585,-0.020748,-0.287025,-0.078864,0.001202,-0.326596,0.232828,-0.11497,0.061108,0.218638,0.043186,0.057325,-0.116774,0.287295,0.128567,0.070607,#
4,0.329763,0.172757,-0.031937,0.188934,1.0,0.175903,0.011222,-0.058206,0.156283,0.202919,0.236135,0.250927,-0.118237,0.097241,0.190916,0.27347,0.20633,-0.13047,0.323255,-0.335303,0.277339,-0.405006,0.358219,-0.051754,0.108247,-0.173824,0.162086,-0.230504,0.21226,0.109268,-0.207447,0.219678,-0.055528,-0.236039,-0.024685,0.142811,-0.109257,-0.289435,0.111784,0.146248,0.232776,-0.186438,-0.229177,-0.199317,0.232583,-0.197532,-0.326248,0.128544,0.187387,-0.046146,0.205059,-0.326049,0.430595,-0.195942,-0.095918,0.123026,-0.334276,0.195774,-0.014765,0.039591,-0.121626,0.454423,0.06947,0.219022,-0.20062,0.07619,0.0,-0.155235,0.06138,-0.085726,0.155836,0.240029,0.308638,-0.07449,-0.040668,0.286928,-0.23833,-0.206474,-0.14679,-0.168592,-0.26324,-0.26328,-0.37167,0.586183,-0.334587,-0.239156,-0.056181,-0.520138,0.010063,-0.393627,-0.282631,-0.303093,0.021169,-0.249652,-0.374955,-0.392858,-0.517013,-0.313589,-0.459559,0.034999,0.270265,-0.136274,-0.152069,0.439679,-0.303102,-0.130479,0.038107,-0.256185,0.164443,0.346408,0.073145,0.221537,0.02067,-0.157537,-0.47603,-0.048459,0.102254,-0.09058,0.290319,-0.380607,-0.160937,-0.290386,-0.481271,-0.290386,0.353043,-0.469046,0.092701,0.076084,0.026894,-0.559579,-0.372615,-0.221429,-0.017189,-0.099921,-0.166121,-0.153022,-0.195851,-0.492955,-0.275984,-0.344817,-0.495301,-0.429328,-0.626148,-0.31255,-0.268495,-0.051551,-0.076729,0.17664,-0.365547,-0.336413,0.030127,-0.153511,0.164735,-0.494118,0.087381,-0.374017,-0.210693,0.473158,-0.151736,-0.399604,0.075927,-0.427246,0.110174,-0.397271,-0.247744,-0.055184,-0.062307,0.117391,0.035445,-0.139958,0.283878,0.085664,-0.398149,-0.049113,0.42924,-0.312726,-0.282092,0.194926,0.251061,-0.118965,0.41687,-0.13953,-0.241846,0.227945,-0.072074,0.119963,0.128617,0.097703,0.030151,0.018075,-0.155808,0.271051,0.185787,0.282091,-0.579762,0.360023,0.156376,-0.027261,0.325242,0.360385,#
5,0.329763,0.352315,-0.038203,-0.156594,0.175903,1.0,0.192221,-0.248214,0.842365,0.286169,0.403881,-0.094969,0.069797,0.26536,0.024171,0.299236,0.026257,0.025914,0.159473,5.2e-05,-0.123828,0.003098,0.545739,-0.254658,-0.06497,-0.640617,0.215362,-0.133419,0.052618,0.304871,-0.39423,0.154107,-0.257204,-0.242561,0.090046,0.142811,0.371273,-0.425116,0.285861,-0.181196,0.061849,0.264477,0.095535,-0.322846,-0.151398,-0.142781,0.420518,-0.134813,0.432782,-0.046146,0.205059,-0.131514,-0.002704,-0.199131,0.083682,0.446654,-0.572432,0.504185,-0.354101,0.238825,0.354113,0.193951,-0.182153,0.024206,0.026962,0.302157,0.0,0.405288,0.286007,-0.180319,0.081424,0.189008,0.030586,-0.383866,-0.547542,0.308593,-0.07878,-0.229171,-0.300124,-0.159052,-0.087936,-0.445351,-0.047674,0.274656,-0.334587,-0.083646,-0.241386,-0.192441,-0.003063,-0.048584,-0.261987,-0.3166,-0.336399,0.242273,-0.198871,-0.050189,0.222791,-0.151401,-0.137492,-0.482572,0.270265,-0.133734,-0.136567,-0.004302,-0.146338,-0.495301,0.04953,-0.074637,-0.021035,0.030952,0.002982,-0.195851,-0.149116,-0.148213,-0.311957,-0.598006,-0.061491,-0.39717,0.10785,-0.30863,-0.15802,-0.150585,-0.300915,-0.487571,0.042398,0.015686,0.257208,0.283763,-0.405988,-0.390624,-0.381228,-0.003963,-0.393735,-0.438164,-0.353598,-0.491813,-0.195851,-0.321499,0.291879,-0.544913,-0.323215,-0.273268,-0.297179,-0.387003,-0.265088,-0.51062,-0.250069,0.37414,-0.37414,-0.004036,-0.163286,-0.357653,0.167905,-0.494118,-0.085874,-0.191852,0.236464,0.172972,-0.368113,-0.229366,-0.304496,-0.246448,-0.053608,-0.063769,0.08869,0.096652,-0.075985,-0.255493,-0.628206,-0.492955,0.112316,0.122088,0.10483,-0.26324,0.430454,-0.480163,-0.479503,0.340658,0.240131,0.137824,0.412417,0.179129,-0.087172,0.218043,-0.03503,-0.056506,0.119166,0.083521,-0.134042,0.354967,-0.513777,0.255819,0.02607,0.283357,-0.440256,0.18066,-0.033741,-0.382993,-0.252255,-0.130161,#
6,-0.06182,0.202727,-0.00154,0.021919,0.011222,0.192221,1.0,-0.479204,0.357881,0.24198,0.071143,0.270993,0.207466,0.087155,0.01223,0.121841,-0.144766,0.049829,0.28078,0.008688,0.172481,-0.006679,0.215521,-0.295953,-0.063233,-0.506212,0.068592,-0.135476,0.230294,0.112146,-0.223863,-0.236565,-0.475816,-0.07114,-0.132763,-0.095148,0.352279,-0.097193,0.114418,0.176502,-0.093273,0.288903,-0.059867,0.110084,-0.142312,0.059183,0.052078,0.039122,0.179686,0.336797,0.181018,-0.353498,-0.001336,-0.387821,-0.258683,0.171063,-0.120357,0.228835,-0.38966,0.21722,0.102832,0.222203,0.076177,0.095832,-0.022432,0.09856,0.0,0.036533,0.083665,0.142619,0.293155,-0.103102,0.031625,-0.053173,-0.358636,-0.030195,-0.06702,-0.339617,-0.131578,-0.116742,0.103867,-0.271338,-0.035581,0.129586,0.061569,0.29719,-0.009799,-0.004814,0.01569,-0.030189,-0.003157,0.048333,0.019159,0.255856,0.285089,-0.041267,-0.108691,-0.2768,0.044047,-0.140153,0.236894,-0.446864,-0.283886,-0.00294,0.041579,0.046606,-0.130171,-0.052148,0.03234,-0.079361,-0.067314,-0.195904,-0.123496,-0.136434,-0.135341,-0.043864,-0.052384,-0.296576,0.088655,-0.102126,0.024838,-0.312832,-0.269181,-0.303169,-0.318143,0.363281,0.276883,0.249111,-0.176043,-0.043753,0.07588,0.215642,0.116773,0.053239,-0.113001,0.028204,-0.195904,-0.135177,-0.03381,-0.115826,0.030103,0.344816,0.037811,-0.167136,-0.194617,-0.284281,0.189103,0.533501,-0.110917,0.183951,-0.111456,-0.291287,0.170666,0.035017,-0.030919,0.204115,0.089561,0.182675,0.070251,0.102229,-0.002962,-0.056658,-0.026937,0.113868,0.263927,-0.045658,-0.067028,-0.316494,-0.119656,0.040004,0.122918,-0.099157,0.111416,-0.200171,0.111533,-0.129086,-0.076234,0.193099,0.09529,-0.138838,0.09321,0.040277,0.224762,0.051552,0.104172,0.259097,0.139042,-0.056696,-0.364181,0.02175,-0.123304,0.28624,0.05654,0.139285,-0.064357,0.346254,-0.193218,-0.099138,-0.039665,0.038599,#
7,0.011684,-0.342335,-0.022692,0.26573,-0.058206,-0.248214,-0.479204,1.0,-0.407256,-0.215918,-0.107016,-0.214279,-0.02117,-0.21004,0.111697,-0.020537,-0.12148,-0.064569,-0.088203,0.078376,-0.26925,-0.004964,-0.227097,0.342699,0.548969,0.204474,-0.332699,0.271541,-0.468719,-0.087147,0.252764,0.202218,0.495923,0.235158,0.103915,0.109074,-0.399642,0.334462,0.151629,-0.024879,-0.086385,-0.367669,0.217837,0.240676,0.183602,-0.132927,-0.117545,0.28616,-0.089739,-0.442516,0.223149,0.254735,0.037697,0.204478,-0.056854,-0.233942,-0.037539,-0.215108,0.124251,-0.426542,-0.460804,-0.255939,-0.396699,-0.006082,-0.38876,-0.049183,0.0,-0.108845,-0.234928,0.144069,-0.063432,-0.149316,0.194566,0.026086,0.374521,-0.216105,0.143176,0.139924,0.213517,-0.057658,-0.099583,0.283161,-0.055414,-0.124826,0.052401,0.074433,-0.118632,0.252173,0.100005,0.026086,0.170254,0.127349,0.068285,-0.519001,-0.146225,-0.167851,0.067535,0.191706,0.086591,0.181723,-0.161482,0.097211,0.420769,0.049607,0.144611,0.057095,0.222083,0.194275,-0.05193,0.032075,0.077596,-0.101921,0.420769,0.185171,0.008737,0.313162,0.450818,0.099464,-0.086523,0.159499,0.092071,0.068326,0.046972,0.269458,0.196596,-0.17533,-0.373875,0.033278,0.039495,0.418249,-0.036091,-0.21784,0.028255,0.202737,0.288658,0.269859,-0.101921,0.265426,0.24649,0.208071,0.057095,0.121514,0.178424,-0.098017,0.25028,0.228783,0.012029,-0.338133,-0.038882,0.080248,-0.033344,0.281733,-0.13518,0.261077,0.185226,0.17673,-0.162776,-0.471312,0.211399,-0.061294,0.202619,0.32702,-0.011642,0.140076,0.140076,-0.235234,0.23304,0.035632,0.38893,0.265426,-0.232758,0.027471,0.251343,-0.206043,-0.125523,0.133083,-0.016282,-0.418034,-0.458904,-0.263169,-0.317301,-0.2313,-0.154498,-0.135562,-0.350573,-0.467228,-0.299615,-0.305293,-0.023629,-0.35439,0.278777,-0.454412,-0.192988,-0.297447,-0.08693,-0.142,0.119572,0.116201,0.187616,-0.150107,#
8,0.212618,0.475994,-0.008437,-0.225707,0.156283,0.842365,0.357881,-0.407256,1.0,0.365763,0.22932,0.168698,-0.150576,0.234581,-0.059669,0.269967,-0.211586,0.076495,0.211853,-0.063469,0.031284,0.023966,0.425513,-0.392408,0.037939,-0.632849,0.13199,-0.246022,0.277157,0.41695,-0.3951,0.002835,-0.180473,-0.296445,0.083599,0.208248,0.327473,-0.564287,0.212165,-0.060972,0.222576,0.207221,0.023405,-0.192706,-0.061612,0.037993,0.316265,-0.037261,0.303955,0.065199,0.101792,-0.232837,0.07038,-0.188942,-0.026263,0.308775,-0.451052,0.402431,-0.458596,0.277157,0.326941,0.274217,0.022722,0.025673,-0.045219,0.21057,0.0,0.297651,0.199861,-0.214633,-0.013734,0.342002,0.080736,-0.267739,-0.690404,0.254403,-0.102214,-0.255417,-0.288247,-0.116101,-0.172402,-0.462059,-0.067686,0.29343,-0.074597,-0.073782,-0.182414,-0.348464,-0.010402,-0.097286,-0.330345,-0.274345,-0.407384,0.255728,-0.194172,-0.262886,0.130856,-0.357192,-0.146558,-0.357824,0.191971,-0.143507,-0.284753,0.068727,-0.268365,-0.392654,-0.02817,-0.178859,0.072401,0.055696,-0.10728,-0.166491,-0.297614,-0.187145,-0.298982,-0.508359,-0.107934,-0.446773,0.214857,-0.440241,-0.169205,-0.216997,-0.224952,-0.384737,-0.04851,0.037478,0.213909,0.182168,-0.519137,-0.447812,-0.266373,-0.153785,-0.307682,-0.261283,-0.463181,-0.389069,-0.166491,-0.214541,0.266106,-0.632608,-0.392654,-0.327033,-0.337842,-0.229175,-0.359765,-0.613704,0.040771,0.49695,-0.258422,-0.071904,0.166368,-0.464987,0.104217,-0.391446,-0.056972,-0.102505,0.104996,0.335504,-0.452548,-0.254752,-0.455928,-0.333364,-0.184214,0.083078,0.070308,-0.102918,-0.295751,-0.246753,-0.507152,-0.390251,0.073499,0.009389,0.113386,-0.356746,0.425018,-0.44321,-0.407621,0.307656,0.383289,0.026158,0.408247,0.141017,-0.208448,0.281318,0.131466,0.052395,0.163611,0.147446,-0.270743,0.465072,-0.623988,0.398023,0.203376,0.264914,-0.404565,0.299743,0.007688,-0.334006,-0.165431,-0.018889,#
9,0.346591,0.178942,0.133931,0.12793,0.202919,0.286169,0.24198,-0.215918,0.365763,1.0,0.244574,0.293672,0.149774,0.062248,0.1812,0.494521,0.112926,-0.167629,-0.141946,-0.296452,0.159336,-0.153006,0.153269,-0.525194,-0.012043,-0.382412,-0.084733,-0.342118,0.328662,-0.018856,-0.274059,0.180653,-0.214392,-0.324123,0.10307,0.182259,0.236134,-0.530155,0.166921,0.372571,0.041209,0.118732,-0.40786,-0.513436,0.308531,-0.183338,0.09008,-0.167332,0.058952,-0.002782,0.008387,-0.303303,-0.188695,-0.112162,0.087198,0.160664,-0.631,0.262714,-0.383056,0.147982,0.171793,0.436071,-0.304507,0.20536,0.0922,0.024482,0.0,0.097721,0.228743,-0.188677,0.028005,0.170355,-0.127407,-0.095631,-0.122501,0.098923,-0.382928,-0.006605,-0.487268,-0.137785,-0.269363,-0.238238,0.047131,0.208176,-0.249011,-0.072996,0.005104,-0.022523,-0.193108,-0.062837,-0.104589,-0.391858,-0.107802,-0.229363,-0.201177,-0.064455,-0.164049,-0.151057,-0.238113,-0.171115,0.173021,-0.414952,-0.262462,0.122983,-0.345458,-0.109209,-0.265708,0.047255,-0.008024,0.140336,-0.235494,-0.08827,-0.306329,-0.125756,-0.487166,-0.074365,-0.089661,-0.360577,-0.007845,-0.133462,-0.414993,-0.107867,-0.216795,-0.107867,-0.344367,0.164315,-0.137745,-0.125981,-0.091701,-0.324119,-0.394516,-0.188662,0.010065,-0.126619,-0.271788,-0.296509,-0.08827,-0.296477,0.179206,-0.326283,-0.296482,-0.226802,-0.352847,-0.294023,-0.328523,-0.119041,0.224166,0.282293,-0.120877,-0.295894,0.200082,-0.274565,-0.29627,-0.296468,-0.141409,-0.24275,0.149588,0.163966,-0.364047,-0.382842,-0.355725,-0.269518,0.134783,-0.159846,-0.159846,-0.166462,-0.323798,-0.000465,-0.167812,-0.106513,0.458282,-0.170446,0.026572,-0.071494,0.219651,-0.390578,-0.216112,0.277294,0.051844,-0.193377,-0.019383,0.104871,0.065932,0.244849,0.205368,-0.011659,0.269103,-0.176909,0.208749,0.182218,-0.493606,0.458282,0.355989,0.287283,-0.000177,0.205438,0.265878,-0.37977,-0.258772,0.197287,#
10,0.130846,0.026844,0.273165,0.161515,0.236135,0.403881,0.071143,-0.107016,0.22932,0.244574,1.0,0.239779,0.01248,-0.025044,0.03073,0.333364,0.566208,-0.144898,-0.123931,-0.202262,0.14593,-0.183491,0.088866,-0.138749,-0.114592,-0.214999,-0.201231,-0.161381,0.117645,0.123043,-0.229649,0.533361,-0.326779,-0.275695,0.551241,0.146734,0.350087,-0.317128,0.139239,0.252941,-0.302979,0.103063,-0.319233,-0.15416,-0.010752,-0.163166,-0.241498,-0.213807,0.2403,-0.151566,0.376182,-0.136541,-0.207189,-0.079368,0.549839,0.042322,-0.381099,0.174036,-0.311204,0.092025,0.096009,0.210517,-0.267577,-0.098775,0.206516,-0.145214,0.0,-0.084215,0.143488,-0.427395,0.262747,0.109559,0.033466,-0.377923,-0.227981,0.311727,-0.422476,0.085114,-0.484724,-0.47228,-0.254886,-0.13505,-0.060903,0.329798,-0.688243,-0.095729,-0.392739,-0.167649,-0.431732,-0.36173,-0.030665,-0.304198,0.03737,-0.203558,-0.161681,-0.202195,-0.320048,-0.188853,-0.002434,-0.165793,0.243362,0.008501,-0.17037,-0.218476,-0.31074,-0.170025,-0.14502,-0.117511,-0.201828,0.396791,-0.432568,-0.194507,-0.318083,-0.185452,-0.494954,-0.09027,-0.264805,-0.36533,-0.427665,0.034843,-0.497558,0.059797,-0.121853,0.004172,-0.042083,-0.14987,0.119502,-0.132837,-0.214373,-0.429515,0.023824,-0.197607,-0.377574,-0.099395,-0.363669,-0.366867,-0.194507,-0.362274,-0.279859,-0.141693,-0.480709,-0.106648,-0.177156,-0.226815,-0.455881,-0.286217,-0.05209,0.16533,-0.170429,-0.166243,-0.144021,-0.342801,-0.156122,-0.535079,-0.257414,-0.238274,0.294041,0.05182,-0.349458,-0.109791,-0.045218,-0.289243,0.00267,-0.255546,-0.365086,-0.042101,-0.04588,-0.1101,-0.323215,-0.352158,0.483776,0.004721,-0.233544,-0.246405,0.330597,-0.330254,-0.476212,0.552164,0.138161,0.206619,0.137122,0.212222,0.282478,0.10319,0.126165,-0.176311,0.008514,-0.086616,0.465384,0.045128,-0.524115,0.466889,0.181389,0.163818,-0.28089,-0.131221,0.147603,-0.554712,-0.23623,-0.158818,#
11,-0.116026,0.057006,0.4104,-0.00445,0.250927,-0.094969,0.270993,-0.214279,0.168698,0.293672,0.239779,1.0,-0.274615,0.015243,0.017582,0.385393,-0.113544,-0.11625,0.163296,-0.404914,0.242317,-0.341592,0.120469,-0.44093,0.126272,-0.177474,0.002241,-0.162015,0.341004,0.194244,-0.105843,0.071484,-0.398753,-0.153299,-0.029932,-0.02993,-0.233519,-0.243176,0.201796,0.457827,0.037248,-0.082456,-0.064983,-0.195675,0.124952,0.195001,-0.17447,-0.207401,-0.195683,0.146393,0.260929,-0.341639,0.257457,0.13719,-0.248882,0.019147,-0.141011,-0.273227,-0.299309,0.132733,-0.178815,0.27145,0.085084,0.164839,-0.164532,-0.330416,0.0,0.218953,-0.040792,-0.20524,0.4646,0.295185,0.193856,0.096049,-0.169708,0.150547,-0.416901,-0.010073,-0.24662,-0.298329,-0.198721,-0.138737,-0.021784,0.342733,-0.029996,0.0737,-0.260367,-0.193365,-0.114301,-0.431819,-0.037165,-0.123449,0.04107,-0.238308,-0.205801,-0.418856,-0.409633,-0.241249,-0.326855,0.102875,-0.091634,0.213731,-0.053091,0.267665,-0.317756,-0.156393,-0.101557,0.016154,-0.083002,0.221032,-0.487162,0.142926,-0.42877,0.269945,-0.240901,-0.029383,-0.138382,-0.220062,-0.011794,-0.077887,-0.347159,-0.310837,-0.185392,-0.179024,0.084826,-0.063663,-0.071475,-0.318003,-0.293824,-0.325574,0.087815,-0.228554,0.019093,0.150295,-0.245394,-0.192972,0.142926,-0.172924,-0.20148,-0.097949,-0.313369,0.089376,-0.263983,-0.032944,-0.394956,-0.318881,0.463259,0.244332,-0.123356,-0.167487,0.336072,-0.428754,-0.167699,-0.176009,-0.21072,-0.140046,0.010995,0.263468,-0.111307,-0.031656,-0.011088,-0.064657,0.062689,-0.041647,0.003443,-0.342955,-0.446698,-0.159929,0.111849,-0.180734,0.39931,-0.309962,-0.125318,-0.358355,0.302411,0.040973,-0.113658,0.173914,0.01342,-0.304011,-0.081336,-0.023876,0.209002,0.001148,0.105023,0.107907,0.143606,-0.116595,0.06245,0.062416,-0.433611,0.406483,0.317578,0.206553,-0.145049,0.261453,0.115345,-0.326256,0.001241,0.432065,#
12,0.233697,-0.195132,-0.340843,0.101214,-0.118237,0.069797,0.207466,-0.02117,-0.150576,0.149774,0.01248,-0.274615,1.0,0.120464,0.183367,0.131144,0.1572,-0.257323,0.040743,0.115131,0.152315,0.097303,-0.030079,-0.192869,-0.187515,-0.18756,0.154847,0.018453,-0.051876,-0.146678,-0.058585,0.136726,-0.086235,0.044772,-0.11751,-0.299088,0.019301,0.156916,0.039078,-0.143677,-0.015331,0.247284,-0.111108,0.003621,0.250589,-0.383006,0.202759,-0.171977,-0.095379,-0.103105,0.046986,0.21681,-0.136651,0.009032,0.07533,0.079822,-0.223062,0.051936,-0.10419,0.155307,0.029101,0.090423,-0.257412,-0.11665,0.064139,0.188766,0.0,0.03717,0.058172,0.003005,0.093583,-0.032399,-0.238676,0.08488,-0.01457,-0.104316,0.075557,-0.256179,0.041373,-0.015564,-0.124721,-0.154012,0.25383,-0.010409,-0.242071,-0.059985,0.017127,0.009476,-0.118661,-0.06465,0.355543,-0.270901,-0.013323,0.148249,0.325633,0.456761,0.148575,-0.020104,-0.147155,-0.187563,0.06705,-0.32116,0.044946,-0.12651,0.256869,-0.074587,-0.003258,0.104986,-0.249285,-0.216074,0.327217,-0.16536,0.048025,-0.026581,0.049858,-0.190803,0.211432,-0.068283,0.036561,-0.067108,0.007162,-0.186788,-0.393753,-0.063922,-0.330012,0.390773,-0.250096,0.065277,0.177306,0.041038,-0.213427,0.532309,0.008268,-0.161727,-0.033585,0.109003,-0.16536,-0.249658,-0.029551,0.210329,-0.017176,0.301644,0.139143,-0.210241,-0.118453,0.157633,-0.128737,0.368043,-0.209596,-0.183032,-0.204362,-0.041722,-0.014738,-0.07115,-0.355529,-0.116919,0.491051,-0.161575,-0.013913,0.0737,-0.083783,0.000268,0.212075,-0.087192,-0.055097,-0.014334,0.099262,-0.164721,0.117702,-0.067668,0.145884,0.328196,0.28993,0.253965,0.174029,-0.090537,0.01423,0.027399,0.121581,0.148984,0.170471,0.049036,0.135625,0.022601,0.111412,0.137266,0.087944,0.212269,0.139714,-0.001132,0.133394,-0.201817,-0.102041,0.283307,0.009653,0.142505,-0.134605,0.22849,-0.066216,0.167786,#
13,0.363089,0.42198,-0.112237,-0.279912,0.097241,0.26536,0.087155,-0.21004,0.234581,0.062248,-0.025044,0.015243,0.120464,1.0,0.441063,0.357587,0.080571,-0.006197,-0.064864,-0.276379,-0.233757,0.171721,0.155301,-0.352883,-0.204074,-0.241422,0.194855,-0.322218,0.157654,-0.009857,-0.457839,0.092892,-0.280852,-0.171716,-0.179625,-0.086873,0.085366,0.043065,0.336624,-0.137308,0.089136,0.326054,-0.157473,-0.030898,0.039387,-0.293173,0.375282,0.09511,-0.024567,-0.08824,-0.232827,-0.147315,0.258274,-0.217953,-0.184458,0.222037,-0.162868,0.473127,0.242077,0.505314,0.297181,0.256398,0.009806,-0.311258,-0.214785,0.264478,0.0,0.358559,0.444544,-0.11849,0.124538,0.078098,-0.260875,0.186673,0.058349,0.236598,-0.160311,-0.310229,-0.517193,0.147763,-0.024907,-0.365613,-0.142385,0.185463,0.186783,0.179277,0.077897,-0.271639,-0.232151,-0.150365,-0.070657,-0.357107,-0.283993,0.356987,-0.108717,0.008396,0.367488,-0.074628,0.123113,-0.239866,0.260736,-0.216496,-0.199245,0.257694,0.319954,-0.254175,-0.179406,-0.141538,0.239445,-0.055065,0.01534,0.238834,-0.212231,0.087954,0.124762,-0.184115,-0.331762,0.218477,0.136036,-0.34523,-0.060988,-0.25474,-0.159061,-0.080526,-0.06762,0.113952,-0.168806,0.195363,-0.188709,-0.317185,-0.182726,0.030508,-0.440278,-0.540975,-0.009259,-0.256739,-0.180739,-0.07674,0.187185,-0.178169,-0.254175,0.012368,-0.218286,-0.165283,0.099586,-0.291905,-0.108307,0.260548,-0.179684,0.067142,-0.201654,-0.198289,0.064041,-0.251643,-0.124564,0.063941,0.49462,0.191005,0.031762,-0.144819,-0.250553,-0.362844,0.374249,0.359931,0.00921,0.353802,-0.179499,-0.142632,-0.251689,-0.259232,-0.133294,-0.083578,-0.146694,0.100961,0.033829,-0.186323,-0.042024,-0.234634,0.326843,0.238103,0.682335,-0.231434,-0.115939,0.368504,0.068808,-0.288638,0.603873,0.05782,-0.192998,0.260433,-0.175327,0.017407,0.141061,0.310303,0.050697,-0.079761,-0.421308,-0.145018,-0.273312,-0.076846,#
14,0.521709,0.440467,-0.339409,0.063582,0.190916,0.024171,0.01223,0.111697,-0.059669,0.1812,0.03073,0.017582,0.183367,0.441063,1.0,0.242996,0.067516,-0.20227,-0.094058,-0.129277,-0.154049,0.037454,0.157402,-0.338016,0.125375,-0.156442,0.306037,-0.251941,-0.023633,0.124736,-0.215957,0.171256,-0.1701,-0.182532,-0.048945,0.004499,-0.043007,0.041952,0.135551,0.198102,-0.007577,0.016225,-0.430672,-0.119121,0.401162,-0.58756,0.237635,0.207097,-0.131524,-0.436709,-0.224037,-0.101408,-0.074731,-0.29513,-0.212808,0.302637,-0.320824,3.6e-05,0.182648,0.335823,-0.276321,0.610573,-0.143655,-0.140645,-0.216437,0.161755,0.0,0.199773,0.330711,-0.232385,0.051843,0.117791,-0.201895,0.185208,0.193044,0.179556,-0.292102,-0.112196,-0.441842,0.304137,-0.054871,-0.498922,-0.264236,-0.053687,-0.160072,0.104627,-0.270582,-0.204323,0.004891,-0.15894,0.032227,-0.402315,-0.140789,0.134149,-0.188466,-0.151445,0.031458,-0.043091,-0.143564,-0.05511,0.149455,-0.347682,0.239931,0.147796,0.141285,-0.276824,-0.113051,-0.52181,0.193388,-0.132886,0.104753,-0.139877,-0.284669,0.118741,-0.252988,-0.225976,0.188528,0.132907,-0.05191,-0.478568,-0.322628,-0.105987,-0.349704,-0.105987,0.200678,0.071059,-0.355782,0.321678,0.076318,-0.15894,-0.1269,-0.298963,-0.22563,-0.306952,0.020375,-0.290773,-0.139877,-0.274043,-0.11081,-0.106554,-0.276824,-0.098601,-0.041727,-0.266979,-0.049218,0.029696,-0.075705,0.278738,0.076732,0.068749,-0.144538,0.013191,-0.305424,-0.275433,-0.17278,0.197717,0.178101,0.119581,-0.102843,-0.104676,-0.323525,-0.047555,0.193044,0.244159,0.059202,0.245869,-0.178793,-0.029618,-0.061238,-0.469812,0.06496,0.027736,-0.233381,-0.026225,-0.040181,-0.03471,-0.342461,-0.232482,0.058617,-0.083547,0.301958,-0.223313,-0.12582,0.208511,0.112632,-0.274732,0.44785,0.060242,-0.07068,-0.119402,0.031458,0.058044,0.073978,0.217555,0.030676,-0.118591,-0.118817,0.025115,-0.159624,0.070526,#
15,0.15552,-0.094619,-0.065942,-0.09118,0.27347,0.299236,0.121841,-0.020537,0.269967,0.494521,0.333364,0.385393,0.131144,0.357587,0.242996,1.0,0.244622,-0.337133,0.099521,-0.445662,0.069093,-0.385916,0.176793,-0.544577,-0.205263,-0.270819,-0.047317,-0.211284,0.326286,0.325422,-0.453629,0.453832,-0.438878,-0.336953,0.129952,-0.087706,-0.132195,-0.164124,0.695439,0.367972,-0.195438,-0.045448,-0.348096,-0.264916,0.086762,-0.055115,0.023922,-0.031078,-0.128741,-0.049199,0.353139,-0.169,0.04764,0.09124,0.005,0.305043,-0.369533,0.189774,-0.137068,0.192507,-0.151116,0.25434,-0.38469,0.008272,-0.15152,-0.114925,0.0,0.226396,0.452928,-0.377284,0.215437,0.300287,-0.260812,0.151643,-0.276714,0.269388,-0.319685,-0.162261,-0.377746,-0.215055,-0.372205,-0.213137,0.180183,0.546671,-0.180127,0.01923,-0.283167,-0.113767,-0.396407,-0.161179,-0.069207,-0.520008,-0.268884,-0.134834,-0.281476,-0.155305,0.006222,-0.252457,-0.351146,-0.232614,0.294007,-0.209977,-0.209059,0.05842,-0.20067,-0.4277,-0.177223,0.222531,-0.332254,0.311399,-0.52233,0.237284,-0.199449,-0.080777,-0.525529,-0.364963,-0.011467,-0.105254,-0.192771,-0.248505,-0.53917,-0.098578,-0.327253,-0.098578,-0.088372,-0.038383,-0.138564,-0.035856,-0.260349,-0.510095,-0.401197,-0.188758,-0.237445,-0.234814,-0.379126,-0.267707,-0.180696,-0.435214,0.063438,-0.176081,-0.606923,0.013229,-0.25142,-0.255828,-0.287677,-0.268186,0.092869,0.280981,-0.397698,-0.289514,0.218954,-0.565187,-0.269251,-0.606895,-0.288615,-0.321803,0.03514,0.202742,-0.379895,-0.467209,-0.50415,-0.38757,0.217921,-0.144086,-0.156565,-0.292051,-0.498482,-0.102636,0.090702,-0.253415,0.354383,-0.110014,-0.12748,-0.114754,0.356306,-0.197001,-0.244707,0.255771,0.15398,0.125358,0.351936,-0.23774,0.221596,0.533564,-0.107175,-0.074321,0.581739,-0.132008,0.121432,0.252441,-0.369673,0.337524,0.293523,0.308042,-0.022952,0.268803,0.253437,-0.436574,-0.085657,0.076892,#
16,0.047682,-0.298447,-0.129423,0.096755,0.20633,0.026257,-0.144766,-0.12148,-0.211586,0.112926,0.566208,-0.113544,0.1572,0.080571,0.067516,0.244622,1.0,-0.36092,-0.230114,-0.081485,-0.132659,-0.156698,-0.215132,-0.098184,-0.427261,0.251109,-0.092711,0.000701,-0.013554,-0.050931,-0.17271,0.248794,-0.33975,-0.136063,0.311216,-0.006485,0.184064,0.062493,0.133955,0.018658,-0.487854,0.084852,-0.402844,-0.152185,0.022135,-0.003251,-0.141499,-0.292657,0.302301,0.017158,0.034962,-0.05112,-0.299027,-0.206113,0.487353,-0.034422,-0.06725,0.084552,0.2856,-0.035178,-0.042078,0.167334,0.019145,0.126421,0.146993,-0.297116,0.0,-0.32197,0.121534,-0.511037,0.294907,0.030648,-0.201903,-0.153919,0.057102,0.191032,-0.237063,0.260185,-0.235385,-0.025435,-0.223722,0.238338,-0.077717,0.147902,-0.50823,-0.057844,-0.068323,0.142436,-0.284984,-0.136863,0.083427,-0.159116,0.302957,-0.012861,-0.005443,0.014813,-0.331505,-0.070474,0.050338,-0.186838,0.272382,-0.114816,-0.090922,-0.298963,-0.180128,0.105793,-0.055626,0.0953,0.003857,0.235364,-0.213527,-0.139883,-0.070726,-0.195095,-0.233354,0.172751,-0.178728,0.190713,-0.246964,0.189907,-0.29176,0.292403,-0.102271,0.292403,-0.08997,-0.060113,-0.138931,0.128276,0.145748,-0.136863,0.144237,0.185979,-0.145696,0.111672,-0.161795,-0.0955,-0.139883,-0.091374,-0.426717,0.147509,-0.086084,-0.180908,0.153992,0.063925,-0.239594,0.098091,-0.015054,-0.297285,0.139976,-0.071833,-0.307916,0.042905,-0.071924,-0.276578,-0.131121,-0.169626,0.231901,-0.184493,-0.269303,0.098213,-0.002982,-0.225517,0.2323,-0.249192,-0.422862,0.082742,0.222714,0.123893,-0.204304,-0.08777,0.441582,-0.031848,-0.17318,0.37357,0.166137,-0.188426,-0.118376,0.353546,0.285462,0.368268,0.152528,-0.012507,0.323992,0.060916,0.034171,-0.076715,0.114283,0.123811,0.411677,-0.259011,-0.143169,0.276046,-0.073783,-0.104238,0.089742,-0.294292,0.117255,-0.201666,-0.353588,0.051681,#
17,-0.028965,0.332792,0.413901,0.329167,-0.13047,0.025914,0.049829,-0.064569,0.076495,-0.167629,-0.144898,-0.11625,-0.257323,-0.006197,-0.20227,-0.337133,-0.36092,1.0,-0.394752,0.147779,0.22493,0.121575,-0.065153,0.250611,0.26415,0.075635,-0.339446,0.079053,0.143551,0.091692,0.11526,-0.142094,0.372661,0.205005,-0.168848,0.021394,0.085034,0.085636,-0.095971,-0.134103,0.236683,-0.131939,0.052655,0.22069,0.005779,-0.025882,-0.102964,-0.154213,-0.135302,0.148271,0.12222,0.020151,0.08558,0.028114,-0.199245,0.074476,0.278892,0.360263,0.045867,-0.051024,0.233399,-0.167216,0.336548,-0.150366,0.10038,-0.00054,0.0,0.067767,-0.156215,0.182362,-0.251549,-0.224585,0.217819,-0.137695,0.071082,-0.235472,0.15114,0.198475,-0.002429,0.318028,0.469125,0.219024,0.178163,-0.067406,0.448433,-0.198509,0.402536,-0.036639,0.211617,0.037257,-0.084546,0.129273,-0.015908,0.103063,-0.039032,-0.119645,0.076244,0.132756,0.552473,0.269071,0.116471,0.210314,0.179543,0.305412,0.136437,0.165209,-0.205949,-0.131431,0.035933,0.026557,0.135787,0.15091,0.179543,0.443974,0.338331,0.097466,0.040527,0.120509,-0.085713,0.041487,0.381145,0.166272,0.259399,-0.016697,0.355136,0.178138,0.56166,0.187273,-0.330766,0.222098,0.063644,-0.105308,-0.084407,-0.006831,0.119413,0.147108,-0.271898,0.139464,0.384109,-0.154121,0.158624,0.16609,0.111972,-0.000426,0.200863,-0.326347,-0.225153,-0.010071,0.262477,0.142325,0.035184,-0.06573,0.135281,0.149107,0.246241,0.01339,-0.109904,0.058039,0.250772,0.153424,0.136252,0.295947,-0.094452,0.311548,0.327883,0.002442,0.034406,-0.203823,0.115584,0.330436,-0.331937,-0.355494,0.090484,0.002513,-0.227437,0.319145,-0.045858,0.097595,-0.181855,-0.279203,-0.066643,0.11117,-0.122719,-0.274478,-0.197167,-0.047694,-0.31556,0.01724,-0.133026,0.325949,0.108614,-0.004661,0.349126,0.01921,0.226357,-0.032639,-0.148291,0.162051,0.181076,-0.372853,#
18,-0.054416,-0.070102,-0.193208,-0.308592,0.323255,0.159473,0.28078,-0.088203,0.211853,-0.141946,-0.123931,0.163296,0.040743,-0.064864,-0.094058,0.099521,-0.230114,-0.394752,1.0,0.063958,0.190783,-0.00343,0.386551,0.2021,0.029446,-0.319961,0.563692,0.256137,-0.153069,0.252768,-0.185383,-0.280689,-0.292102,0.099687,-0.210779,-0.241906,-0.098611,-0.217025,0.056149,-0.152212,8.8e-05,-0.175226,0.41706,0.009239,-0.221912,0.039646,0.099273,0.108851,-0.052505,0.181956,0.228754,0.266413,0.270398,-0.151327,-0.245231,0.129887,-0.150867,-0.205077,-0.249081,0.209238,-0.182106,0.063371,-0.118393,0.080849,-0.064999,0.149747,0.0,0.104426,-0.074572,0.337345,0.248347,0.142092,0.184753,0.33496,-0.205265,0.228802,0.062904,-0.600236,0.232501,-0.217984,-0.194504,-0.225006,-0.292275,0.358379,-0.086017,0.033797,-0.303815,-0.183627,0.078555,-0.018372,-0.105612,-0.002,0.05298,0.028643,-0.015768,0.143115,-0.023645,-0.313562,-0.564674,-0.019044,0.009696,0.131262,-0.148234,0.260115,0.010288,-0.264923,0.310936,0.196141,-0.030915,0.070178,0.006846,0.159664,0.02912,-0.209508,-0.301948,-0.330695,0.267769,-0.219032,0.41022,-0.162246,-0.0844,-0.437103,-0.222555,-0.412455,-0.143631,-0.314989,0.128506,-0.104086,-0.060141,-0.254321,-0.347362,0.031475,0.154698,0.076169,-0.259185,0.052984,0.176506,-0.263017,-0.257759,-0.169858,-0.121693,0.015761,-0.34532,-0.239768,-0.205118,-0.123025,0.005099,0.283382,-0.365819,0.06197,0.061649,-0.255902,0.270709,-0.115478,-0.217174,-0.023186,-0.213293,0.202087,0.067951,-0.135509,-0.076826,-0.218531,-0.054768,-0.111811,0.01661,-0.034821,0.112961,0.081679,-0.181345,-0.127496,0.093074,0.393652,-0.039244,-0.367532,0.346584,-0.398136,0.133657,0.049466,0.12797,0.024166,0.236421,0.004095,0.116312,0.185423,0.031936,0.508962,0.10611,0.080681,-0.386606,0.116522,-0.101728,-0.061265,-0.276512,0.089787,-0.51011,0.445243,0.087564,0.079057,0.334417,0.260856,#
19,-0.342519,-0.123822,-0.33026,0.088096,-0.335303,5.2e-05,0.008688,0.078376,-0.063469,-0.296452,-0.202262,-0.404914,0.115131,-0.276379,-0.129277,-0.445662,-0.081485,0.147779,0.063958,1.0,-0.082962,0.170902,-0.228657,0.532196,0.128863,0.117584,0.025428,0.232287,-0.559992,-0.040585,0.299463,-0.258483,0.115742,0.738718,-0.400016,-0.253104,0.229532,0.31724,-0.231181,-0.211278,0.069305,-0.085345,0.33474,0.103164,-0.178584,0.142833,0.204831,-0.011307,-0.07016,-0.041568,-0.094626,0.345199,-0.073242,-0.300095,-0.203123,0.129606,0.322508,-0.318363,0.26264,-0.220417,-0.045415,-0.099292,0.350735,0.141697,-0.103263,-0.160101,0.0,-0.214883,-0.331323,0.163206,0.115693,-0.414225,-0.20198,-0.150534,0.031765,-0.151008,0.779542,0.270868,0.457882,0.348699,0.331571,0.384119,0.255691,-0.390664,0.216491,0.311602,0.121523,0.160436,0.361347,0.379146,0.06796,0.499425,0.453342,0.131868,-0.011709,0.218548,0.220595,0.159911,0.185136,0.289442,-0.220094,0.362843,0.266168,-0.085496,0.335295,0.270043,0.121736,0.00387,0.220082,-0.25605,0.278386,-0.139936,0.616775,0.318135,0.263658,-0.041669,0.384829,0.206953,0.131597,0.100319,0.546111,0.073327,0.2081,0.080153,0.018908,0.42674,0.373644,0.229885,0.252294,0.569408,0.133667,0.435584,0.311028,0.090772,0.251627,0.279231,-0.139936,0.077238,0.112274,0.125316,0.280809,-0.063064,0.504662,0.410908,0.388709,0.258148,-0.019527,-0.31385,0.337879,0.45468,-0.113335,0.429685,0.272665,0.26849,0.389267,0.596161,0.048654,-0.344675,0.129535,0.428844,0.079794,0.528302,-0.138624,0.231802,0.248616,0.078969,0.391074,0.208963,-0.020131,0.273811,-0.42809,0.402964,0.492621,0.011039,-0.362304,0.143957,0.110054,-0.202678,-0.256732,0.119419,-0.200813,-0.02469,0.035425,-0.342379,-0.207064,0.188164,-0.270581,0.486617,-0.313228,-0.286383,0.425568,-0.434777,-0.426685,-0.293184,0.161467,-0.299503,-0.087705,0.500328,-0.161375,-0.280769,#
20,0.127731,0.186828,0.138763,0.033754,0.277339,-0.123828,0.172481,-0.26925,0.031284,0.159336,0.14593,0.242317,0.152315,-0.233757,-0.154049,0.069093,-0.132659,0.22493,0.190783,-0.082962,1.0,-0.008005,-0.087657,0.06082,-0.014028,-0.022017,-0.044409,0.144099,0.543268,0.319364,-0.194371,0.079008,0.118516,-0.166138,0.116309,-0.073511,-0.146236,-0.488083,-0.119375,0.259821,0.283327,-0.197906,-0.153263,0.122281,0.202059,-0.036756,-0.502782,-0.194796,-0.480936,0.00393,0.16727,0.081708,-0.171947,0.002516,0.186456,-0.027834,-0.058257,-0.078921,-0.341013,0.212772,0.136367,0.06282,0.108213,-0.221227,0.319957,-0.146442,0.0,-0.287844,-0.154005,0.081142,-0.161618,0.24719,0.055397,0.077761,-0.188809,0.00069,-0.132043,0.013128,-0.032332,-0.216744,-0.195665,-0.076195,0.076991,0.286264,-0.115681,-0.361793,0.160905,-0.535961,-0.19931,-0.212305,-0.041674,-0.252648,-0.11741,-0.217728,-0.079998,-0.078299,-0.32066,-0.236579,-0.346708,0.214899,0.132404,0.098098,-0.198384,0.060489,-0.08934,0.238537,-0.229156,-0.163971,-0.315351,0.240336,-0.145144,0.251601,-0.218402,-0.071613,-0.414504,-0.058806,0.195091,-0.2294,-0.183316,-0.111043,-0.209399,-0.171191,-0.161812,0.002728,0.026349,-0.156318,0.295537,-0.379392,-0.194056,-0.350689,-0.317998,-0.170972,-0.015767,0.109493,-0.446463,0.084374,-0.19261,-0.471754,-0.240856,-0.315203,-0.45647,-0.117975,-0.25315,-0.220371,-0.391124,-0.201801,0.000226,0.331683,-0.097441,-0.527409,0.290157,-0.42339,-0.284702,-0.281169,-0.311493,-0.336133,-0.023216,0.360669,-0.110047,-0.324576,-0.193288,-0.206553,-0.223183,-0.241599,-0.355989,-0.330956,-0.328084,0.198944,0.192069,0.050767,0.309432,0.196967,-0.338619,0.04772,0.337673,-0.270115,-0.039014,0.510655,0.312491,-0.168512,0.15707,0.170696,0.244428,0.04478,0.428373,0.282224,-0.058256,0.249162,0.242698,0.513266,-0.256191,0.436321,0.510286,0.127209,-0.061998,0.235747,0.411207,0.093643,0.48216,0.089605,#
