0,1.0,0.212353,0.022781,-0.147607,0.517223,0.01831,0.156787,0.068822,0.390707,-0.0758,-0.133814,0.254882,0.501095,-0.098212,0.484331,0.133892,0.26502,0.051886,0.080465,-0.063031,-0.180866,0.324734,0.007538,-0.142995,0.029183,-0.160899,-0.111693,-0.193025,0.25199,0.080846,-0.526335,0.019262,-0.139909,-0.023579,-0.259518,0.022632,0.276442,-0.019548,0.260969,-0.083052,0.09619,-0.437997,-0.172492,0.203328,0.146664,0.225384,0.497479,0.012173,0.128425,0.200536,-0.253153,-0.227129,0.244972,-0.128919,0.126216,-0.063303,-0.517847,0.255619,-0.175466,-0.064612,0.184542,-0.057175,-0.043364,-0.049268,0.240872,0.277374,-0.253057,-0.050702,0.333362,-0.122453,0.033215,-0.581559,-0.139909,-0.311769,-0.22779,0.129624,-0.210628,-0.166214,-0.469908,-0.271389,0.091136,-0.498007,-0.145726,-0.339139,-0.009672,-0.060157,-0.486044,-0.184696,-0.247062,-0.275519,0.187677,-0.345667,0.014458,-0.126812,-0.235662,-0.071071,-0.469984,-0.384189,0.004131,-0.322545,0.088001,-0.469984,-0.341561,-0.427191,-0.103393,-0.342599,-0.324987,-0.055298,0.041234,-0.272757,-0.158028,-0.139909,-0.045325,-0.383021,-0.339139,-0.192182,-0.342537,-0.418295,0.052527,-0.583121,-0.342541,-0.211654,-0.360119,-0.17978,-0.315523,-0.062242,-0.086503,0.153597,-0.190255,-0.252999,0.077626,-0.513467,-0.100758,-0.064876,-0.342609,-0.427195,-0.202075,-0.469921,0.096352,-0.448704,-0.427191,-0.303204,-0.299033,-0.303605,-0.606161,-0.035277,-0.149413,0.151641,-0.538028,-0.426158,-0.243253,-0.29005,0.402697,-0.194323,-0.31821,-0.139909,0.361157,0.272933,-0.40317,-0.137632,-0.192736,-0.139909,-0.063193,-0.117837,0.007539,0.280659,-0.037218,-0.341346,-0.384962,-0.298994,0.104213,0.216244,-0.139387,-0.295206,0.364205,-0.002498,0.100753,0.288383,0.257506,-0.545331,0.166609,-0.055296,0.035182,0.288315,0.264454,-0.234258,0.295636,0.033272,-0.05865,0.429659,-0.393339,0.276698,0.28528,0.218486,0.005687,0.20998,0.227559,-0.343286,-0.032454,0.085316,#
1,0.212353,1.0,0.011455,0.228644,0.233495,0.215092,-0.171368,-0.28066,0.015452,-0.063513,-0.124625,0.153369,-0.191384,-0.002529,0.326504,-0.157339,-0.188247,0.032911,-0.243907,-0.00186,-0.002966,0.326827,0.09692,-0.031192,0.13679,-0.224469,-0.234306,-0.034996,0.361027,0.417286,-0.392709,-0.053867,-0.114671,0.137013,-0.246148,0.177021,0.108736,-0.177055,0.365128,0.029778,0.268519,-0.497568,0.293142,0.234251,-0.350233,0.098462,0.209332,0.082295,0.011985,0.105867,0.128487,0.066748,0.019766,0.149053,0.037647,0.001007,0.064353,0.222357,-0.226526,-0.108926,0.09082,-0.240428,0.062772,0.170063,-0.028913,-0.053411,0.073176,0.161954,0.412323,0.207301,-0.069883,-0.220037,-0.114671,-0.003349,-0.018233,0.093117,-0.113186,0.253872,-0.190277,0.067214,-0.184539,-0.164702,-0.168115,0.195019,0.015344,-0.153643,-0.358271,-0.315539,0.075525,-0.11343,-0.130002,0.167119,0.009878,-0.049519,-0.350132,-0.088445,-0.385202,-0.083027,-0.315292,0.044527,0.151074,0.010399,0.080527,-0.143164,-0.139309,-0.280796,-0.304491,0.159806,0.211266,0.059322,-0.025021,-0.114671,-0.457264,-0.27284,0.184273,0.126921,-0.280746,-0.047016,0.0116,0.149077,-0.280749,-0.264424,0.063135,0.026432,0.135586,0.121018,0.000819,0.076406,0.300945,0.075102,-0.031369,-0.226295,-0.076055,-0.179096,-0.068427,-0.144848,-0.165622,-0.385151,0.334212,-0.081699,-0.143164,-0.094884,0.262748,-0.444562,-0.124987,-0.02795,0.175228,-0.090446,-0.02078,-0.139377,-0.25836,-0.037659,0.014022,-0.098485,0.020347,-0.114671,-0.068578,-0.011153,0.151366,-0.043675,-0.008591,-0.114671,-0.155236,-0.12406,-0.174394,0.213089,0.307585,-0.655851,0.114033,-0.245057,-0.199643,-0.166684,-0.280553,0.161137,0.042283,0.266081,0.199388,-0.004344,0.089797,-0.105793,-0.16071,0.022642,-0.050188,0.013274,0.39986,-0.243365,0.136294,-0.012632,-0.044517,0.315675,0.140681,0.201581,0.266208,0.2534,0.063898,-0.233501,0.221153,-0.113251,-0.111466,0.204194,#
2,0.022781,0.011455,1.0,0.184005,-0.125609,-0.275468,0.234045,-0.06717,0.205551,0.04146,0.289384,0.029498,-0.030233,0.144963,0.183683,-0.141355,-0.149815,0.399914,0.276385,0.250148,-0.260325,0.201289,0.159392,0.254747,-0.017322,-0.057763,0.0787,-0.20342,0.422938,-0.271837,-0.004864,0.251165,-0.195849,0.030719,-0.376468,0.118648,-0.12785,0.038445,0.122052,-0.488618,-0.287605,0.288354,-0.053599,-0.364705,0.118346,-0.421924,0.331014,0.135347,-0.28305,0.166868,-0.247151,0.075136,-0.348158,0.208974,-0.331603,-0.270268,-0.119919,-0.057199,-0.447025,-0.13624,0.277186,0.232647,0.025516,-0.13328,0.029287,0.296967,0.150131,-0.093957,-0.068174,0.027264,-0.013496,-0.096708,0.178385,0.195753,-0.200655,0.235379,-0.166653,-0.244796,-0.15502,-0.207645,-0.153706,0.023176,-0.445375,0.341576,-0.10797,-0.088084,-0.125529,-0.360001,-0.246081,-0.052469,-0.055184,-0.390813,0.011997,0.302278,-0.080854,0.353616,0.017145,0.016978,-0.3719,-0.095322,-0.277086,-0.312629,-0.350468,0.113049,-0.06974,0.130492,0.140525,0.112875,0.04311,0.274074,0.292412,-0.195849,-0.106818,0.189839,0.171132,-0.181215,-0.479492,-0.059407,0.259622,-0.077217,-0.284277,0.196443,-0.040331,-0.127786,-0.136628,0.353641,-0.004169,-0.262382,0.034775,-0.354155,0.324147,0.102215,-0.129224,-0.112798,0.265405,0.099914,0.027132,0.201641,0.132151,-0.304239,0.288663,0.037561,0.001052,-0.167897,-0.038893,0.168663,-0.052929,-0.008571,-0.353972,0.145179,0.186026,0.468721,0.236009,0.024697,0.205373,-0.195849,-0.047756,0.35295,0.098829,-0.059961,0.107234,-0.195849,0.100058,0.126438,-0.102717,-0.018587,-0.162707,-0.131018,0.010297,0.023231,-0.066373,0.399855,-0.287526,-0.019572,-0.109837,0.157198,-0.282399,0.317129,0.076903,-0.042526,0.37424,0.286912,-0.169816,0.105423,-0.212252,0.085707,-0.018362,0.414007,0.026948,0.045701,0.096421,-0.048124,-0.046323,0.156584,-0.406117,-0.223876,0.083947,-0.171402,0.150761,-0.280784,#
3,-0.147607,0.228644,0.184005,1.0,-0.27217,-0.102137,-0.267379,-0.077087,-0.435169,-0.320321,0.124427,-0.129738,-0.219597,-0.048862,0.197078,0.269638,0.04426,-0.14404,-0.112593,-0.197524,-0.084116,0.020499,-0.384432,-0.06122,0.195442,0.256931,-0.147807,0.090939,0.077799,-0.273251,-0.244867,0.053267,-0.19592,-0.006072,-0.202537,-0.221729,-0.11595,0.035884,0.147117,0.190352,-0.100997,-0.049158,0.180812,-0.162045,-0.065937,0.38187,-0.175869,-0.58133,0.043074,-0.023012,-0.212908,0.239187,-0.086326,0.176652,-0.12085,0.237994,0.078024,0.07224,-0.279287,-0.073471,0.014176,-0.012714,0.20125,0.371141,-0.016655,-0.432784,-0.354365,0.105265,-0.344895,-0.08442,-0.020189,0.175266,0.17608,0.173328,-0.196175,0.279411,0.018622,0.4466,0.16711,-0.221236,0.018741,0.032822,-0.105557,0.172648,-0.120022,-0.070701,0.018989,-0.165712,-0.075617,-0.038346,0.131619,0.112734,0.008618,0.097957,-0.261154,-0.161983,0.003344,0.182052,-0.175829,-0.005997,0.121644,0.200248,-0.023977,0.084537,-0.065903,-0.091672,0.129019,0.201444,0.031533,0.092836,-0.245229,-0.19592,-0.452336,0.008497,-0.138665,0.378294,0.11791,-0.075151,-0.473262,0.420439,-0.079485,-0.48342,0.136251,0.532801,0.355141,-0.150554,-0.222628,-0.271639,-0.019223,0.131369,-0.379234,-0.257382,-0.122978,-0.127293,0.083432,0.092454,0.310505,0.007506,-0.2297,0.024835,-0.268475,0.123006,-0.001605,-0.196915,-0.056339,0.078218,-0.286635,-0.225765,-0.046623,-0.075068,0.009562,0.283545,0.026759,0.009966,0.023029,-0.19592,-0.173721,-0.282342,-0.050138,-0.062636,-0.090774,-0.19592,0.10906,-0.383291,-0.434062,-0.170411,-0.158532,-0.240676,0.190009,-0.418691,-0.040787,-0.263978,-0.07013,0.137498,-0.11476,-0.175535,0.036969,-0.028536,-0.42266,-0.039302,-0.109843,-0.057446,0.232483,-0.07031,0.164624,-0.342853,-0.197765,-0.244606,0.50774,-0.115662,-0.059595,0.328058,0.192716,-0.225084,-0.227629,-0.051617,-0.108771,-0.026327,-0.363233,0.022046,#
4,0.517223,0.233495,-0.125609,-0.27217,1.0,0.216217,0.090362,0.124927,0.199779,0.022959,-0.435052,0.277395,0.283294,0.000754,0.108208,-0.163275,-0.010479,0.25199,-0.179619,0.107176,0.385827,0.101506,0.380319,-0.292535,0.024044,-0.307165,-0.094124,-0.209387,0.069666,0.38148,-0.205937,0.059896,0.123001,-0.031941,-0.293045,0.362622,0.182982,-0.384588,0.020969,-0.334446,0.09293,-0.192781,0.119798,0.229391,-0.088473,-0.131724,0.351847,0.327563,0.363912,-0.235315,-0.100495,-0.546576,0.005385,-0.276371,0.215324,-0.115066,-0.397802,-0.129681,0.096415,0.100941,0.098473,0.067674,-0.200261,-0.302045,-0.097668,0.472568,0.000757,0.067523,0.431617,0.15925,0.099501,-0.623172,-0.271655,-0.570418,-0.232385,0.273879,-0.388712,-0.269297,-0.539595,-0.177121,-0.015318,-0.616244,-0.303957,-0.113425,-0.323481,-0.127094,-0.785027,0.029403,0.083805,-0.199444,-0.474482,-0.323071,-0.313078,-0.259256,-0.107342,-0.283858,-0.723488,-0.41683,-0.16475,-0.25693,-0.140952,-0.541433,-0.301378,-0.280447,-0.34328,-0.665206,-0.138454,-0.248283,0.114432,-0.518407,0.371433,0.155889,-0.285651,-0.757225,-0.305376,0.044778,-0.26388,-0.480704,0.126167,-0.482177,-0.25609,-0.106573,-0.462078,-0.463107,-0.036649,0.406561,-0.360203,0.361521,-0.106134,-0.491236,-0.202779,-0.151694,-0.353255,0.068376,-0.445848,-0.44738,-0.392359,-0.388321,0.096464,-0.34176,-0.301436,-0.377725,-0.12619,-0.163336,-0.682347,-0.247953,-0.032015,0.579274,-0.410286,-0.303198,-0.53295,-0.198013,0.297503,-0.56443,-0.300747,-0.271655,0.340924,0.3541,-0.397172,-0.052796,-0.089415,0.172333,-0.303198,0.135032,-0.123715,0.199254,0.024287,-0.296857,-0.553551,0.081629,-0.130954,0.126898,-0.279153,-0.551586,0.200614,0.033894,0.22478,0.373712,0.40718,-0.402532,0.308896,-0.112945,-0.119223,0.105949,0.544637,-0.309064,0.265504,0.060861,-0.338485,0.516005,-0.409979,0.190989,0.569826,0.129218,-0.130972,0.386552,0.225442,-0.30206,-0.308514,-0.192156,#
5,0.01831,0.215092,-0.275468,-0.102137,0.216217,1.0,0.366497,0.310321,-0.154669,0.081595,-0.206743,0.260549,-0.034334,0.503816,-0.12071,-0.116435,-0.163096,0.056789,-0.094503,-0.209681,0.352538,0.177989,-0.024102,-0.370847,0.209383,-0.218696,-0.086034,-0.20087,0.062052,0.323214,-0.023877,0.10591,0.183295,-0.281984,-0.174417,0.283232,0.05825,-0.104459,-0.112893,-0.129649,0.347953,-0.039891,0.208338,0.289755,-0.062414,0.065171,-0.053383,0.297717,0.331573,-0.201199,0.190574,-0.084907,0.378064,-0.373478,0.037696,-0.070225,0.268895,0.132893,-0.032408,0.008339,-0.035062,-0.224289,-0.192634,0.062359,-0.113482,-0.169465,0.118478,0.248779,0.351119,-0.227312,-0.261679,-0.410022,-0.195936,-0.152298,-0.045933,0.09749,0.001003,-0.046997,-0.306296,-0.048828,0.024818,-0.427265,0.341221,-0.440543,0.00428,0.265548,0.028036,0.036753,-0.090221,-0.201903,-0.0533,0.092785,0.159367,-0.479781,-0.071076,-0.315088,-0.301582,-0.134077,0.214335,-0.284996,0.229863,-0.136362,0.27473,-0.4203,-0.038178,-0.479791,-0.046648,-0.729326,-0.008144,-0.529749,-0.04754,0.214897,-0.168173,-0.301735,0.027863,-0.151175,-0.090178,-0.114352,0.004693,-0.116076,0.119048,0.00059,-0.038567,-0.274329,0.095017,0.010576,-0.207123,-0.031472,-0.018927,-0.111437,-0.235622,-0.06483,0.038308,-0.085158,-0.083116,0.125835,0.019511,-0.147992,-0.176805,-0.127089,-0.25895,-0.299161,-0.204728,-0.214003,0.110969,-0.095178,0.128491,0.1662,-0.069139,-0.093051,-0.150526,0.127288,-0.213111,0.009619,-0.124082,-0.195936,0.509232,0.12206,-0.192297,0.116508,-0.047965,0.230699,0.094656,0.100607,-0.10855,0.486022,0.398982,0.064374,0.024016,0.012542,0.164228,-0.018251,-0.08559,0.10671,0.512177,-0.045166,-0.003753,0.154103,0.189319,-0.119909,0.07128,-0.172852,-0.114935,0.392624,0.498388,-0.424055,0.234727,-0.066462,-0.242333,0.223616,-0.047138,0.141041,0.427917,0.017175,0.318522,0.251768,0.124764,-0.205314,-0.010196,0.193577,#
6,0.156787,-0.171368,0.234045,-0.267379,0.090362,0.366497,1.0,0.347617,0.391004,0.010196,0.262854,0.259548,-0.061386,0.178918,-0.072592,0.027919,-0.027035,0.084271,0.35168,0.101812,0.079552,0.238298,-0.030675,-0.121135,0.035476,-0.126924,-0.059098,-0.203754,0.458043,-0.037271,-0.200057,0.141507,0.124968,-0.560341,-0.070322,0.355335,0.184242,0.135061,-0.238893,-0.359915,-0.046736,0.143974,-0.354897,0.275158,0.099466,-0.320497,0.164861,0.189692,-0.039106,0.171848,-0.1366,-0.03379,0.075641,0.018117,-0.193043,-0.227244,0.042412,-0.144122,-0.141643,0.295252,0.109092,0.071255,-0.163163,0.017473,-0.104673,-0.068589,0.265251,0.02812,0.469074,-0.112286,-0.056454,-0.26641,-0.271757,-0.190872,-0.232936,0.226859,0.029824,-0.43369,-0.551862,-0.182023,0.162535,-0.276547,0.036676,-0.442783,-0.127536,0.272398,-0.112322,-0.171492,-0.298174,-0.027334,0.061581,-0.148025,0.042626,-0.236668,-0.303297,0.086098,-0.356821,-0.430536,-0.169769,-0.069728,-0.176712,-0.374027,-0.128116,-0.467772,0.177907,-0.23157,-0.134731,-0.313956,-0.068608,-0.329585,0.040695,0.158029,0.085869,-0.061923,0.047232,-0.376024,-0.25784,-0.105945,0.164955,-0.303777,-0.047241,0.265886,-0.283235,-0.461977,-0.241716,0.231647,-0.340854,0.133174,-0.100845,-0.23734,0.017189,-0.147636,-0.178957,0.068511,-0.053091,-0.079657,-0.076044,-0.209366,-0.09785,-0.167633,0.095699,-0.2659,-0.356909,-0.063322,0.002235,0.023283,-0.229739,0.263073,-0.057089,-0.096841,0.006212,0.178525,0.068823,0.040905,-0.12952,-0.271757,0.205955,0.436623,-0.053769,-0.044908,0.015263,-0.271757,0.091973,0.141467,-0.104774,0.545301,-0.158236,-0.025926,0.044097,0.084883,0.046549,0.198404,-0.057297,-0.153226,0.376106,-0.133664,-0.10022,0.377123,0.353236,-0.202457,0.481674,-0.159913,-0.112222,0.618494,0.187525,0.053585,0.217249,0.30254,-0.174625,0.18515,-0.056777,0.198832,0.114805,0.131202,-0.092855,0.386485,0.223251,-0.1247,0.109955,0.195825,#
7,0.068822,-0.28066,-0.06717,-0.077087,0.124927,0.310321,0.347617,1.0,-0.105551,-0.167974,-0.200272,-0.168191,0.031611,0.31881,0.185444,-0.045367,-0.140499,-0.285202,0.253684,-0.218011,-0.084922,0.150148,-0.194708,-0.374492,-0.03422,0.036958,0.114796,-0.100015,-0.169566,0.012004,0.080467,0.100626,0.387526,-0.4056,-0.029934,0.223265,0.068411,0.18237,-0.184457,-0.342498,0.011005,0.361405,0.228727,0.179596,-0.092742,0.134672,0.059714,-0.113825,0.059489,-0.207546,-0.43025,-0.065042,0.176183,-0.5585,-0.009654,0.130915,-0.013207,-0.024027,-0.114274,-0.080717,-0.158566,0.323776,-0.400864,0.154682,0.212777,0.15143,0.114505,0.153931,-0.113789,-0.350086,-0.020416,-0.339725,-0.101981,-0.342312,-0.121571,0.104614,-0.060396,-0.396751,-0.342518,-0.234968,0.106781,-0.479374,0.306768,-0.479378,-0.098578,0.340991,0.111385,-0.042358,-0.101333,-0.068706,0.007127,-0.178497,0.134219,-0.249716,0.123035,-0.020838,-0.342573,-0.00707,-0.040057,-0.283198,-0.050212,-0.342573,0.172278,-0.311381,-0.23389,-0.249721,0.172375,-0.548179,0.062478,-0.442308,-0.173078,0.428318,0.186921,0.00792,-0.292214,-0.06044,-0.015497,0.033159,-0.141171,0.023292,-0.018158,-0.007134,-0.208212,-0.081751,0.230205,-0.013939,-0.217744,-0.177152,0.15082,-0.184412,0.120054,-0.178497,-0.165288,-0.065768,-0.113693,-0.087593,0.243178,0.076391,-0.296364,-0.166998,-0.103113,-0.392872,-0.217966,0.169917,-0.056906,-0.475384,-0.249471,-0.060129,0.054171,-0.10872,0.041754,0.117641,0.312947,-0.039754,0.097661,-0.101981,0.341187,0.047071,-0.519028,0.25673,-0.060403,-0.101981,0.124251,-0.060634,-0.272804,0.103111,-0.279833,0.231437,-0.280601,0.036115,-0.094674,0.179371,-0.012765,0.114287,0.300694,-0.015143,-0.147048,0.110569,-0.110551,-0.02799,-0.053869,-0.096006,0.068112,0.279327,0.107366,-0.149068,0.156449,0.191696,-0.024672,-0.175938,-0.331802,0.319036,0.189615,0.013996,-0.013211,0.240047,-0.14325,-0.228802,0.040032,-0.126752,#
8,0.390707,0.015452,0.205551,-0.435169,0.199779,-0.154669,0.391004,-0.105551,1.0,-0.114803,0.300009,0.230444,0.286275,-0.052682,0.050108,-0.13558,0.193938,0.364224,0.327603,0.237997,-0.107065,0.030835,0.161864,0.124056,-0.154766,-0.221963,-0.082428,0.125118,0.254601,-0.079485,-0.053909,0.249233,0.185733,-0.133979,-0.1427,-0.081371,0.526229,-0.097342,0.141079,-0.31197,-0.115897,-0.059967,-0.230144,0.172585,0.281869,-0.335569,0.295573,0.315948,-0.031693,0.176554,0.159992,-0.168256,-0.069564,0.256334,-0.31625,0.077464,-0.145323,-0.030494,-0.261143,0.201798,-0.303294,-0.197073,-0.171973,-0.111114,0.019001,0.135146,0.373665,-0.105435,0.311469,0.364469,0.23839,-0.217355,-0.19591,0.019902,-0.057978,0.130711,0.190755,-0.343427,-0.317323,0.102932,0.029248,-0.130703,0.025758,0.192102,0.033668,0.112334,-0.128496,-0.177884,-0.086913,-0.364936,0.271811,-0.083394,-0.110136,0.325305,-0.091724,0.35075,-0.139351,-0.158506,-0.178055,0.007964,-0.170706,-0.322174,-0.369736,-0.080806,0.280165,0.123607,-0.048959,0.211604,-0.003928,0.120562,0.289185,-0.19591,0.356834,0.035596,0.186022,-0.539075,-0.106879,-0.069018,0.221904,-0.251105,0.095933,0.218147,-0.222306,-0.623023,-0.357212,0.194464,-0.18801,0.320897,-0.062337,-0.119246,0.496158,0.101785,0.173713,-0.140059,0.258153,-0.068039,-0.001495,0.012111,0.144802,0.025867,0.461242,0.107885,-0.203311,-0.132913,-0.189053,-0.172264,0.129291,0.279689,-0.034832,-0.047387,0.219397,-0.029704,0.223475,-0.155802,-0.11237,-0.19591,-0.039851,0.206342,0.108033,-0.076003,0.268162,-0.19591,-0.058285,0.432832,0.191643,-0.018871,-0.170707,-0.191061,0.020585,0.221666,-0.189758,0.050162,0.085718,-0.020316,-0.119093,-0.050013,-0.001942,0.141825,0.073369,-0.221344,0.222105,-0.024215,-0.320742,0.102456,-0.216471,0.326956,0.023966,0.203772,-0.420742,0.053835,0.26359,-0.205896,-0.257261,0.098855,0.08471,0.114109,-0.142204,-0.05345,0.123218,-0.094817,#
9,-0.0758,-0.063513,0.04146,-0.320321,0.022959,0.081595,0.010196,-0.167974,-0.114803,1.0,-0.2546,0.334226,0.148498,0.442827,-0.593145,-0.269856,-0.599308,0.374341,-0.148927,0.173453,0.055993,-0.073844,-0.074648,-0.009194,0.301609,0.302929,0.422483,-0.395084,-0.180567,0.255117,0.271588,-0.316754,-0.229839,0.391716,-0.087995,0.50634,-0.138384,-0.34189,-0.170087,-0.091951,0.063674,0.126979,0.259102,0.205073,0.016615,-0.368031,-0.243997,0.348247,-0.122121,0.061396,-0.139549,-0.153314,-0.212729,-0.014526,-0.077281,-0.610418,-0.031219,-0.057961,0.513493,0.027884,0.019012,0.368611,0.002075,-0.371498,-0.04351,-0.0803,0.085233,0.21418,0.050333,-0.038716,-0.239713,-0.137501,0.156445,0.07826,0.436077,-0.236355,-0.060052,-0.257549,0.068654,0.440732,-0.106554,0.182011,-0.134494,-0.116391,0.361038,-0.371412,-0.125596,-0.063793,-0.001575,0.440779,-0.430041,0.124696,-0.304682,0.228642,0.005018,0.212959,0.080049,0.04893,0.109835,0.157996,-0.18623,-0.098524,0.225849,0.160661,-0.032704,0.032363,-0.104534,-0.074981,-0.096509,0.115318,0.197282,0.188635,0.046586,0.037867,0.052664,0.103004,-0.17409,-0.193454,0.441056,-0.383452,-0.162388,0.375,0.094013,-0.002359,-0.410409,0.235806,0.151747,-0.018615,0.049587,0.302491,-0.109028,0.492743,-0.004034,0.679633,-0.239434,-0.001774,-0.058472,0.088705,0.398272,-0.144277,0.175162,-0.060715,0.142506,0.109557,0.283136,0.191129,0.461451,-0.094096,-0.076178,0.362132,-0.325747,-0.270826,-0.068162,0.306903,0.511695,0.17254,0.052635,0.173191,0.263407,0.232377,0.185999,0.20473,-0.374062,0.468387,0.205682,0.094901,0.13728,0.100739,0.080811,0.195272,-0.062379,-0.130146,0.021026,-0.282623,0.033727,0.265041,-0.047453,0.096048,0.680898,0.173351,0.014606,0.051712,-0.393875,-0.230655,-0.091295,-0.029613,0.03269,0.024703,-0.30078,0.364554,0.112683,-0.604885,-0.17771,0.027355,0.0965,-0.339474,-0.052762,0.080463,0.390249,-0.038583,#
10,-0.133814,-0.124625,0.289384,0.124427,-0.435052,-0.206743,0.262854,-0.200272,0.300009,-0.2546,1.0,-0.152497,-0.288475,-0.05995,0.003289,0.209259,0.22488,-0.052816,0.403584,0.371678,-0.321432,0.164133,-0.250371,0.267779,-0.297145,0.099116,-0.337635,0.355885,0.056234,-0.412549,0.012327,0.221235,-0.249737,-0.34528,0.343391,-0.243804,0.094833,0.239571,-0.205138,0.213793,-0.313273,-0.109967,-0.360722,-0.283406,0.123063,-0.070079,-0.196063,-0.43315,-0.045943,0.10824,0.234228,0.369546,0.101355,0.509608,-0.370086,0.135598,0.206414,-0.177999,-0.101117,0.078318,0.089346,-0.087652,0.356963,0.002915,0.319053,-0.256738,0.050417,-0.262656,-0.169662,0.155948,-0.097963,0.425134,0.153585,0.368546,-0.1389,0.213501,0.078943,0.027319,0.194214,0.047681,0.397098,0.272356,-0.181574,0.278916,-0.019391,0.158972,0.283988,0.067477,-0.219334,-0.097495,0.331714,-0.077759,0.152564,0.197392,-0.061691,0.158618,0.199921,-0.025738,-0.119302,0.118426,-0.091588,0.02093,-0.322224,0.300982,0.552195,0.200312,0.012636,0.377713,-0.32171,0.389905,-0.06649,-0.249737,0.018028,0.480526,0.125067,-0.12119,0.002379,0.168864,0.068281,0.158728,-0.000557,0.021414,0.150154,0.121051,-0.024099,-0.160868,-0.087424,-0.178044,0.057131,0.034806,0.325556,-0.07738,0.085094,-0.191861,0.619723,0.30996,0.233707,0.195415,-0.368922,0.250639,0.319152,0.273541,-0.108825,-0.093143,0.237618,0.398462,0.00646,-0.097138,0.208619,-0.019083,0.285073,0.324462,-0.319665,0.086391,-0.034533,-0.249737,-0.404858,0.121216,0.335161,0.010894,0.132941,-0.249737,0.335545,0.067674,0.287836,-0.008328,-0.111935,0.070185,0.444998,-0.08501,0.175818,-0.192151,-0.010226,0.338343,-0.180006,-0.330446,-0.360102,0.169477,-0.208766,0.091959,0.110681,-0.063718,-0.136108,0.222806,-0.177652,0.564329,-0.348935,-0.114256,0.270566,-0.176344,0.184121,-0.000837,-0.112447,-0.041307,0.008528,0.13613,-0.008277,0.008779,0.09881,0.061672,#
11,0.254882,0.153369,0.029498,-0.129738,0.277395,0.260549,0.259548,-0.168191,0.230444,0.334226,-0.152497,1.0,0.124303,0.125367,-0.195656,-0.101362,-0.137769,0.238329,-0.23523,-0.221977,0.058232,0.159909,-0.125472,0.103634,0.354465,-0.299256,0.014503,-0.452046,0.201097,0.096416,-0.27221,0.034099,0.096658,-0.050343,-0.40433,0.450584,-0.025998,-0.300926,-0.041315,-0.123486,0.33443,-0.011967,-0.273193,0.03127,-0.00592,-0.145962,-0.053996,0.357373,0.178487,-0.135881,-0.10375,-0.287314,-0.079015,-0.103562,0.108401,-0.322706,-0.338258,-0.081803,-0.062476,0.07337,-0.20148,0.222574,0.08191,-0.271961,-0.001062,-0.253798,-0.062993,0.123925,0.453592,0.208166,-0.10476,-0.353002,0.114296,-0.17288,-0.095606,0.264481,-0.097502,0.039747,-0.146748,-0.193969,-0.153202,-0.131947,0.052206,-0.132374,0.019554,0.167592,-0.308914,-0.267457,-0.241063,-0.016281,0.01042,0.060118,-0.140735,0.062415,-0.233797,0.094425,-0.149311,-0.061529,-0.069097,-0.175552,-0.139346,-0.142218,0.188122,-0.235923,0.190922,-0.366533,0.185353,-0.192573,-0.196293,-0.187975,0.096932,0.131934,-0.264854,-0.425448,0.221887,-0.077039,-0.153991,-0.167415,0.017243,-0.17395,0.306821,-0.07277,-0.178078,-0.325855,-0.02458,0.101058,0.025718,0.079883,-0.01683,-0.058908,-0.09292,0.060533,0.13839,0.072546,-0.160476,0.194425,-0.159606,-0.172733,0.411914,-0.221764,0.150778,-0.036779,-0.233584,-0.22036,0.006674,-0.178904,0.090144,0.035254,-0.28168,-0.242391,-0.229827,-0.081593,0.243715,-0.294131,0.031321,-0.326661,0.356578,0.087852,0.093535,0.080683,0.364886,0.149573,-0.024803,0.343021,-0.122788,0.153183,0.149163,-0.183549,0.338984,0.01217,-0.028477,-0.073527,0.062362,-0.275807,0.052438,-0.185445,-0.159839,-0.051902,0.437663,-0.091622,0.260521,-0.061914,-0.232816,0.019365,0.13233,-0.257905,-0.141583,-0.0994,-0.282362,0.337788,0.266065,-0.061508,0.185726,-0.106862,0.187191,0.092368,-0.223063,-0.180757,0.204964,-0.138437,#
12,0.501095,-0.191384,-0.030233,-0.219597,0.283294,-0.034334,-0.061386,0.031611,0.286275,0.148498,-0.288475,0.124303,1.0,0.191129,0.123266,-0.112719,0.141664,0.295417,0.060578,-0.009189,-0.044053,0.142163,0.056146,0.087055,-0.032093,0.042186,0.277833,-0.115734,0.120461,-0.113468,-0.127347,0.268958,0.167775,0.29679,-0.157423,0.041704,0.299977,-0.035151,-0.132407,-0.023552,-0.037318,0.203788,-0.056272,0.21978,0.411941,-0.074863,0.17406,0.084549,0.060912,0.218121,-0.151457,-0.25111,0.092971,-0.138466,0.084809,-0.287789,-0.501388,0.373246,0.183313,-0.25612,-0.251741,-0.233791,-0.343337,-0.16205,0.124451,0.123481,0.099344,-0.332815,0.169397,-0.087633,0.00182,-0.302918,-0.212093,-0.195437,0.034181,0.212711,-0.031218,-0.30588,-0.195554,-0.110763,-0.194419,-0.195214,-0.048117,-0.182124,0.125502,-0.298494,-0.043183,-0.199031,-0.318301,-0.267167,0.008186,-0.313304,-0.057451,0.090403,0.057287,-0.059463,-0.020893,-0.039208,-0.022796,-0.55851,0.168849,-0.202866,-0.319976,-0.30098,-0.091076,0.073335,-0.150645,-0.203057,-0.064338,-0.122345,0.235505,-0.212093,0.280366,-0.193059,-0.348371,-0.209221,-0.148234,-0.174831,0.155684,-0.515399,0.061562,-0.193186,-0.13007,-0.232738,-0.364843,0.11317,-0.241266,0.295816,-0.451008,-0.149603,0.031831,0.04863,0.08508,0.044257,-0.20477,-0.289655,-0.026178,0.150077,0.138794,-0.363221,-0.125098,-0.0541,-0.453314,0.196943,-0.417336,-0.138739,0.295155,0.244381,-0.448664,0.067897,0.086838,-0.150978,0.391899,-0.202088,-0.185281,-0.212093,0.220396,0.226393,-0.433218,-0.114155,0.031891,0.215259,-0.284445,0.058539,0.285851,0.036218,-0.206278,0.019461,-0.407301,0.21358,0.208839,0.115984,0.043497,-0.31612,-0.049002,0.178764,-0.026582,0.191687,0.334665,-0.33503,-0.042723,0.198064,-0.096918,0.12576,-0.152793,-0.093055,0.231274,0.012962,-0.237746,0.283022,-0.27867,-0.001967,-0.00733,0.231826,0.012713,0.050829,-0.113154,-0.000871,0.070217,0.021554,#
13,-0.098212,-0.002529,0.144963,-0.048862,0.000754,0.503816,0.178918,0.31881,-0.052682,0.442827,-0.05995,0.125367,0.191129,1.0,-0.153909,-0.180924,-0.456166,0.313654,0.056872,-0.16489,0.152565,0.18841,-0.173632,-0.010585,0.189603,0.14614,0.180771,-0.154725,-0.06016,0.140111,0.367816,0.184766,0.112644,-0.13984,-0.30053,0.321244,0.09368,-0.152771,-0.276291,-0.269212,-0.144607,0.428183,0.589101,0.317162,0.045334,-0.123349,-0.150017,0.128162,0.16386,-0.200952,-0.154187,0.02422,-0.02111,-0.3181,-0.379694,-0.301997,0.286335,-0.01974,0.146232,-0.339967,-0.195897,0.27501,-0.177863,-0.052894,0.081491,-0.036068,0.244234,0.002162,-0.022671,-0.018688,-0.108173,-0.201814,0.129712,0.088389,0.205103,0.175837,-0.033663,-0.406819,-0.085166,0.256068,0.098458,-0.196748,-0.048773,-0.028253,0.31585,0.00804,0.130337,-0.214174,-0.174928,-0.088625,-0.237678,-0.059585,0.116964,0.128584,0.213451,0.009987,-0.080266,0.194355,-0.022346,-0.074467,-0.191621,-0.269625,0.100158,0.022297,0.089759,-0.088094,0.100612,-0.426501,0.060912,-0.250131,0.01078,0.146779,0.019741,0.194923,-0.037849,-0.021946,-0.326984,-0.064849,0.304048,-0.257833,-0.100761,0.192075,0.137722,-0.212264,-0.02973,0.202073,-0.181468,-0.217483,-0.110491,-0.022435,0.064044,0.323866,-0.107007,0.164334,0.00666,0.037199,0.199913,0.465363,0.144616,-0.109092,0.211952,-0.189512,-0.185167,-0.169188,0.086178,-0.002964,0.367218,-0.091251,-0.175326,0.229173,-0.120659,0.243373,-0.190442,0.190846,0.30922,-0.296972,0.086532,0.254082,-0.145055,0.349837,0.257328,0.163846,0.018628,0.442664,-0.012507,0.070388,-0.016005,0.21987,-0.038016,0.305859,-0.102626,-0.07697,-0.322111,0.056216,0.112448,0.140889,-0.127102,0.247409,0.272768,0.029092,-0.166875,0.027531,-0.289861,0.066078,0.065608,-0.129067,0.011064,0.139445,-0.082672,0.08998,0.011767,-0.320729,0.116554,0.140356,0.127358,-0.227844,-0.263337,-0.223331,0.376284,-0.032557,#
14,0.484331,0.326504,0.183683,0.197078,0.108208,-0.12071,-0.072592,0.185444,0.050108,-0.593145,0.003289,-0.195656,0.123266,-0.153909,1.0,0.20966,0.311241,-0.285352,0.040615,-0.355956,-0.310426,0.321743,0.103703,0.079789,-0.263009,-0.286075,-0.252682,-0.021522,0.340936,0.006041,-0.518709,0.274487,-0.166508,-0.14152,0.002522,-0.273659,0.080003,0.268146,0.201511,-0.019155,-0.197262,-0.073319,-0.110266,0.006369,0.024374,0.476381,0.5881,-0.281637,0.015229,0.266816,-0.19775,0.230095,0.183113,-0.16342,0.005071,0.210019,-0.182972,0.295628,-0.546927,-0.320253,0.243222,-0.139497,0.068375,0.269078,0.271278,0.324508,-0.301167,-0.258967,0.136919,-0.18963,0.113023,-0.044674,-0.166508,-0.223904,-0.351035,0.186207,-0.280382,0.181459,-0.20391,-0.387579,-0.020926,-0.282135,-0.1191,0.031615,-0.292454,0.043754,-0.132176,-0.269701,-0.317681,-0.397268,0.178442,-0.433444,0.380756,-0.20467,-0.147938,-0.180962,-0.208949,-0.168283,-0.267697,-0.254676,0.118679,-0.030321,-0.163028,-0.326694,-0.065259,-0.000213,-0.166125,-0.010407,0.124674,-0.223901,-0.438221,-0.166508,-0.149265,0.001474,-0.301515,-0.084217,-0.407658,0.113961,-0.210176,-0.050598,-0.197583,-0.318577,-0.170159,0.03119,0.273583,-0.171896,0.093823,-0.094819,-0.084613,-0.301098,0.22405,-0.611085,-0.255556,-0.500112,-0.191845,-0.143933,0.068394,-0.211497,0.015729,-0.26132,-0.319426,-0.361913,-0.128575,-0.271123,-0.388355,0.032046,-0.211337,-0.217271,-0.343661,-0.322883,0.078377,0.016391,0.081607,-0.267504,-0.306785,-0.166508,-0.046266,0.14773,-0.356196,0.01336,-0.29533,-0.166508,0.223446,-0.563953,-0.132703,0.214393,-0.104003,-0.204221,-0.260278,-0.355837,0.027409,0.362519,-0.407379,0.034025,0.204385,-0.007696,0.08014,0.02101,-0.251631,-0.273528,-0.066971,0.240132,0.311618,0.178076,0.210685,-0.222525,0.070073,0.149201,0.449252,-0.091104,-0.365836,0.544295,0.122049,0.451058,-0.181181,-0.094005,0.270821,-0.332944,-0.076263,0.135284,#
15,0.133892,-0.157339,-0.141355,0.269638,-0.163275,-0.116435,0.027919,-0.045367,-0.13558,-0.269856,0.209259,-0.101362,-0.112719,-0.180924,0.20966,1.0,0.150301,-0.543538,0.120325,-0.304127,-0.123846,0.200252,-0.256589,-0.258889,-0.190956,0.151729,-0.155549,0.108884,0.135244,-0.235074,-0.314768,-0.117534,0.068123,-0.225602,0.089654,-0.055302,-0.050941,0.22909,-0.119457,0.371672,-0.214375,-0.196854,-0.236642,0.006145,0.303209,0.146045,0.296941,-0.422261,0.372553,0.191175,-0.090633,-0.007199,0.186552,0.069902,0.026921,0.104989,0.24486,-0.074764,0.007867,-0.223095,-0.055317,-0.10412,0.396901,0.105149,-0.12314,-0.213731,-0.44616,0.071041,-0.285749,-0.318241,0.026722,0.134457,0.087927,-0.107496,0.092015,-0.054017,0.024483,0.226461,0.122858,-0.19169,0.353012,0.060906,-0.112082,-0.338969,0.076496,0.095501,0.047603,0.046596,0.078031,-0.166019,0.400926,0.145654,0.480265,-0.278071,0.047744,-0.047049,-0.100965,-0.032893,0.035367,0.084932,-0.122176,0.126244,-0.006414,0.071211,0.022952,-0.010265,-0.225883,0.135782,0.09471,-0.168165,-0.503722,-0.407155,-0.006816,0.179579,-0.346095,0.033408,0.244805,-0.048771,-0.310262,-0.034836,-0.022193,-0.206777,0.174832,0.481785,0.084492,-0.265847,0.229407,-0.171309,-0.253549,0.183102,-0.135215,-0.298334,-0.071961,0.064839,-0.148642,-0.147912,0.141577,-0.135345,-0.145849,0.136774,-0.177097,-0.063377,-0.058875,-0.146634,-0.354405,0.405165,-0.518807,-0.322583,-0.073795,-0.355988,-0.066901,-0.176439,-0.091926,0.039825,-0.542004,0.10773,-0.073943,-0.325554,-0.100592,0.022493,-0.248686,-0.407155,0.105459,-0.404502,-0.135349,-0.110021,-0.190285,0.046202,0.035911,-0.366497,-0.084823,-0.185964,0.234839,-0.120865,0.087023,-0.243272,0.155338,-0.328874,-0.376154,-0.028263,-0.347438,0.082553,0.582916,0.088686,-0.100096,0.120263,-0.047389,-0.24819,0.705489,-0.400672,-0.313037,0.327824,0.060255,-0.242522,0.012212,0.186257,-0.126905,-0.031873,-0.093923,0.126578,#
16,0.26502,-0.188247,-0.149815,0.04426,-0.010479,-0.163096,-0.027035,-0.140499,0.193938,-0.599308,0.22488,-0.137769,0.141664,-0.456166,0.311241,0.150301,1.0,-0.123749,-0.09746,-0.045396,-0.125782,-0.185607,0.006938,0.21403,0.013567,-0.153808,-0.20696,0.171902,0.055268,-0.130882,-0.174339,0.137559,-0.139882,-0.381045,0.108448,-0.513392,-0.080138,-0.006102,0.008802,0.288576,-0.205149,-0.248302,-0.417756,-0.273846,0.331033,0.416757,0.115884,-0.254267,-0.059338,0.176584,0.156283,-0.067964,0.308899,0.058261,0.371157,0.418512,-0.073378,-4.7e-05,-0.165781,-0.039602,0.254772,-0.287288,0.044165,0.292179,0.02483,0.027735,-0.253007,-0.343981,-0.018218,0.069713,0.351966,0.076911,-0.139882,-0.085111,-0.554592,0.193952,-0.18052,0.061648,0.103207,-0.283989,0.263854,-0.125835,0.186872,0.04366,-0.302139,0.159166,0.037034,0.212017,-0.055779,-0.428926,0.394887,-0.170314,0.060773,-0.134928,-0.036461,-0.379396,0.09203,-0.198608,0.191614,-0.117268,0.183847,0.09203,-0.317567,-0.022524,0.084399,0.098613,0.228371,0.003547,-0.100353,0.101255,-0.169787,-0.139882,0.14922,-0.023361,-0.146295,-0.17716,0.095737,-0.032687,-0.08629,0.146917,0.087087,-0.044652,-0.465315,-0.109716,0.051721,-0.55711,-0.059783,0.261774,-0.425125,-0.252949,-0.055101,-0.513365,0.257379,-0.3245,0.096163,-0.043831,-0.202035,-0.268938,-0.335408,-0.077275,-0.233898,0.035183,-0.298974,0.219951,-0.255815,-0.034346,-0.342187,0.242326,-0.020227,-0.215046,0.277222,0.125877,-0.066384,-0.201469,-0.490783,-0.139882,-0.107786,0.122189,-0.364224,-0.34213,-0.324234,-0.139882,0.365278,-0.44513,0.0403,-0.081812,-0.17817,0.140377,0.019711,-0.298934,0.475042,0.033978,-0.122613,0.133357,0.035656,-0.316058,0.08932,0.114713,-0.263272,-0.324952,0.171983,-0.41478,0.432982,0.305976,0.108688,0.13851,-0.056492,-0.156222,0.158659,-0.065638,-0.200138,0.295937,0.078854,0.155177,0.013848,0.221467,0.244587,0.044926,-0.365539,0.071081,#
17,0.051886,0.032911,0.399914,-0.14404,0.25199,0.056789,0.084271,-0.285202,0.364224,0.374341,-0.052816,0.238329,0.295417,0.313654,-0.285352,-0.543538,-0.123749,1.0,0.041952,0.257722,0.241116,-0.100677,0.384934,0.144279,0.201136,-0.248801,0.263037,-0.222173,0.108551,0.127936,0.26711,0.062749,-0.19505,0.178732,-0.243959,0.122875,0.188654,-0.420822,0.14688,-0.364387,0.061416,0.241492,0.123351,-0.015086,0.275787,-0.330333,0.022923,0.516232,-0.030904,-0.025141,0.189111,-0.271626,-0.346737,0.163201,-0.310328,-0.22342,-0.14906,-0.108596,-0.038943,0.016946,0.009257,0.013149,-0.163631,-0.376437,-0.153759,0.142852,0.155999,-0.134052,0.140588,0.402524,-0.026331,-0.240675,-0.19505,0.173484,-0.04861,0.148707,-0.019796,-0.400806,-0.166795,0.103468,-0.315576,0.017605,-0.171129,0.350742,0.162186,-0.281744,-0.293259,-0.157781,-0.231038,-0.049599,-0.234441,-0.250304,-0.460973,0.295864,-0.05045,0.009934,0.007145,0.018101,-0.158171,-0.042349,-0.153135,-0.173701,-0.396322,0.087869,-0.070866,0.082402,0.104813,0.016911,0.034723,0.108085,0.501386,0.182466,0.145844,-0.155934,0.064884,-0.334444,-0.327033,-0.278231,0.576753,-0.293349,-0.116059,0.183992,-0.047151,-0.478805,-0.393736,0.376774,-0.416461,0.290868,-0.239616,-0.166727,0.113034,0.267031,0.032064,0.206789,0.097805,-0.08325,-0.05898,0.189437,0.256533,-0.304403,0.094955,0.193658,-0.186756,-0.168552,-0.075072,-0.110203,0.318095,0.583982,-0.400213,0.426419,-0.142331,0.005108,0.030206,-0.150858,0.180977,-0.19505,-0.036789,0.448228,0.101169,0.058741,0.423913,0.229655,-0.097422,0.583976,0.193913,-0.005022,0.046431,-0.218804,-0.196206,0.2622,-0.017792,0.147305,-0.131742,-0.232153,-0.125466,0.179481,0.006938,0.499188,0.406889,-0.38673,0.401651,-0.039575,-0.658684,-0.075897,-0.029129,-0.152317,0.139774,0.210488,-0.544852,0.378644,0.110792,-0.384834,-0.008371,0.072795,-0.231086,-0.068497,0.118385,-0.038394,0.098964,-0.263338,#
18,0.080465,-0.243907,0.276385,-0.112593,-0.179619,-0.094503,0.35168,0.253684,0.327603,-0.148927,0.403584,-0.23523,0.060578,0.056872,0.040615,0.120325,-0.09746,0.041952,1.0,0.194862,-0.241213,0.384721,-0.127734,-0.206458,-0.627209,-0.027257,-0.14851,0.422988,0.170121,-0.344075,0.108672,0.386655,0.190796,-0.279539,0.066574,0.008616,0.15121,0.372794,0.089336,0.028111,-0.030532,0.117724,-0.16932,0.007796,0.001526,-0.25128,0.241471,-0.118093,-0.353553,0.223961,-0.244086,0.314551,0.160437,0.281253,-0.376255,0.086279,-0.035025,-0.149195,0.02674,-0.174099,-0.187606,-0.049423,0.067017,-0.104016,-0.050184,-0.052102,0.345476,-0.285563,-0.135893,-0.260184,0.081323,-0.026238,-0.228182,0.437209,-0.047479,-0.215922,0.481165,-0.418196,-0.273091,-0.029747,-0.09979,0.040183,-0.099504,-0.135711,0.069923,0.05238,0.206984,0.144757,-0.128976,0.01579,0.254846,0.004944,0.063076,-0.001266,0.211744,0.3953,0.07673,0.05039,-0.027344,-0.317178,-0.265916,-0.094815,-0.199903,0.185311,0.080665,0.206504,-0.040564,-0.015014,0.300847,-0.016306,0.038335,-0.228182,0.249009,0.214592,0.077402,-0.439426,0.228591,0.149914,0.159688,-0.140941,0.009828,-0.046732,0.273571,0.060235,-0.040836,0.271895,-0.253835,0.091474,0.062462,0.040169,0.429445,0.152415,0.060401,-0.149274,0.337404,0.004928,0.207118,0.23315,-0.213704,0.014565,0.167565,0.193133,-0.024915,-0.07843,-0.011902,0.113399,0.019973,0.026169,-0.02182,0.209753,0.353088,0.141356,0.197021,-0.042372,0.049985,0.190796,0.113134,-0.09401,0.115706,0.022052,0.001653,-0.228182,0.056774,0.146133,0.514231,-0.057798,0.170656,0.164657,-0.073815,0.160283,-0.409322,0.24224,0.442963,0.130057,0.230478,0.156175,-0.329021,0.098942,-0.147288,0.099676,0.038696,0.253657,-0.177666,0.18065,-0.247365,0.314836,0.339659,0.105749,0.111415,-0.278533,0.113589,-0.052955,-0.10724,-0.113572,0.08885,0.175225,-0.017846,0.123561,0.219493,-0.091802,#
19,-0.063031,-0.00186,0.250148,-0.197524,0.107176,-0.209681,0.101812,-0.218011,0.237997,0.173453,0.371678,-0.221977,-0.009189,-0.16489,-0.355956,-0.304127,-0.045396,0.257722,0.194862,1.0,0.033331,0.097107,0.254818,-0.10203,-0.244839,0.135529,0.037729,0.205091,0.028639,0.054131,0.219741,0.047502,-0.089074,0.105315,0.088445,0.123951,-0.059149,-0.135664,-0.161112,-0.050964,-0.128429,-0.168912,-0.066905,-0.11711,-0.035433,-0.522649,-0.168739,0.104808,-0.279812,-0.011029,0.120575,-0.100266,-0.158345,0.259962,-0.041466,-0.127727,-0.043875,0.008343,0.237123,0.229345,0.116981,-0.171687,0.025515,-0.136747,0.119821,0.195748,0.499702,-0.018322,0.009924,0.212917,-0.080858,-0.062954,-0.089074,0.17712,-0.02338,0.121734,0.017587,-0.303065,-0.065872,0.062244,-0.059008,0.001098,-0.418153,0.246637,0.019862,-0.27138,-0.197618,0.00734,0.223837,0.043988,-0.327677,-0.093318,-0.417511,0.064591,-0.271975,0.310271,-0.064336,-0.356087,-0.244912,0.051656,0.137623,-0.299217,-0.301637,0.219901,-0.160867,0.055063,-0.075399,0.201575,-0.057456,0.485829,0.571941,-0.089074,0.082152,-0.129262,0.027919,0.012194,0.055583,-0.022889,0.42376,-0.025654,-0.21808,0.107879,-0.098059,-0.005989,-0.474917,0.321208,-0.190186,0.151689,0.218023,-0.161073,0.069947,0.140265,-0.065612,0.180678,0.287061,-0.0255,-0.128652,-0.059259,-0.159351,-0.047058,0.225014,0.163123,0.108511,0.119794,0.064526,0.189608,0.34046,0.319007,0.212736,0.232733,-0.038626,0.082267,0.091158,0.020139,0.034396,-0.089074,-0.191359,0.251288,0.192605,-0.217861,-0.049439,-0.089074,-0.271315,0.285691,0.2263,0.085452,0.020094,-0.046439,0.015097,0.112766,0.103899,-0.204281,0.033152,0.087041,-0.176414,0.1323,-0.128437,0.339964,0.250722,0.148206,0.366544,0.067844,-0.413058,0.305759,-0.125433,0.402911,0.134856,-0.102178,-0.3904,0.419899,-0.00615,-0.125529,-0.04643,-0.031942,-0.279065,0.145319,0.206801,0.347772,0.016808,-0.030162,#
20,-0.180866,-0.002966,-0.260325,-0.084116,0.385827,0.352538,0.079552,-0.084922,-0.107065,0.055993,-0.321432,0.058232,-0.044053,0.152565,-0.310426,-0.123846,-0.125782,0.241116,-0.241213,0.033331,1.0,-0.324602,0.350831,-0.204462,0.01497,-0.200495,0.037069,-0.021496,0.054537,0.274669,0.155395,0.101544,0.205513,0.031982,-0.045594,0.069853,0.06893,-0.247617,-0.097456,-0.168907,0.166581,0.128971,0.17297,0.187259,-0.222984,-0.188602,-0.237627,0.356659,0.338348,-0.403537,0.22995,-0.353062,0.050003,-0.248795,-0.166634,-0.158278,0.245342,-0.321723,0.172386,0.206408,-0.059637,-0.022352,-0.212709,-0.136068,-0.459447,0.096999,0.137003,0.258553,0.338323,0.131439,0.146396,-0.085784,-0.194837,-0.127664,0.10671,0.131258,0.22461,-0.053972,-0.297021,-0.02508,-0.146439,-0.084686,-0.121676,0.065987,-0.010002,0.104242,-0.255997,0.222113,0.11347,0.144677,-0.515959,-0.044769,-0.350134,-0.069573,-0.063208,-0.284669,-0.11466,-0.283952,0.040013,0.243285,-0.105279,-0.11466,-0.068998,-0.247137,-0.014728,-0.270568,-0.032142,-0.190892,0.025209,-0.513599,0.295028,0.205513,-0.147539,-0.451898,0.059609,0.056617,0.125263,-0.126733,0.140465,-0.253649,0.138376,0.00806,0.125612,-0.298547,-0.185331,0.383714,-0.267345,0.226873,0.002528,-0.352326,-0.432519,0.122409,-0.421165,0.210119,-0.222201,-0.214768,-0.281409,0.044532,-0.076507,0.235841,-0.066364,0.074361,-0.19046,-0.27748,-0.190284,-0.069725,0.089043,0.507614,-0.0363,-0.081127,-0.443396,-0.003606,-0.19931,-0.15724,-0.273882,-0.194837,0.030609,0.08312,0.000872,0.04888,0.081266,0.238876,-0.074353,0.292547,-0.141415,0.126763,0.178186,-0.000592,-0.339388,0.466693,-0.037238,0.010137,-0.069514,-0.249349,0.002391,-0.05474,0.320387,-0.00047,0.121519,0.030185,0.252959,-0.215209,-0.135398,0.009639,0.307238,-0.405288,0.219505,-0.224109,-0.274972,0.183913,-0.014914,-0.038179,0.197233,-0.200772,-0.210746,0.283234,0.097378,0.000964,-0.301933,0.19006,#
