0,1.0,0.389212,-0.031843,-0.235793,0.30212,0.175326,0.126348,-0.152936,0.39653,0.127176,-0.374945,-0.026487,-0.039416,0.408503,0.332764,-0.153361,-0.125863,0.101347,-0.169102,-0.043186,-0.264599,-0.285457,-0.23403,-0.281216,0.476813,-0.404696,0.289837,-0.098563,0.18553,0.124423,-0.408902,0.05602,-0.043066,-0.237013,-0.184931,0.268085,0.160567,-0.248037,-0.228741,0.14255,0.052612,-0.024933,-0.282682,-0.238603,0.267761,-0.315087,0.266487,0.216081,-0.162619,0.032969,-0.218434,-0.230401,0.06944,0.162131,-0.243977,0.00219,-0.019181,0.011937,-0.032558,0.310797,0.127172,0.631027,0.339992,-0.265884,-0.430216,0.051685,0.0,0.268464,0.095938,0.009326,-0.017474,-0.061889,0.122733,-0.027305,0.170283,-0.192771,-0.276672,-0.437961,0.020295,0.032231,-0.006329,-0.353944,-0.067036,-0.391144,-0.106181,-0.025855,-0.184307,-0.172821,-0.081953,-0.33763,-0.136643,-0.336326,-0.063693,0.033544,-0.244868,-0.164106,-0.011942,-0.044093,-0.163318,-0.220383,-0.14292,-0.311017,-0.21923,0.12914,-0.080797,-0.123689,0.135498,-0.222931,0.018034,-0.588733,0.335853,0.0,-0.101516,-0.280795,0.046655,-0.467103,-0.167697,-0.277141,0.273299,-0.358107,0.201803,-0.159489,-0.235146,-0.056573,0.249348,-0.062831,-0.231367,0.234115,-0.165462,-0.101108,-0.012376,-0.101108,-0.310018,-0.000914,0.222321,-0.173507,0.271886,-0.157943,0.308346,-0.162027,0.08592,-0.440372,0.150055,-0.41086,-0.201921,-0.215383,-0.084431,0.384142,-0.168839,0.118899,-0.363899,0.143377,0.367912,-0.27656,0.27364,0.018887,0.084896,0.280729,0.012427,-0.160479,-0.280912,-0.220838,0.03199,0.153125,-0.106642,0.284069,-0.251676,0.37775,0.021757,-0.467103,-0.102186,0.165892,0.047673,-0.139968,-0.126897,-0.180284,-0.015751,0.011501,0.370013,-0.64387,0.224251,0.158834,-0.318109,0.104445,0.222656,-0.151093,0.361413,-0.153504,-0.191062,0.220014,-0.223063,-0.08009,0.303328,0.391627,0.012216,-0.022399,-0.132949,-0.152158,0.124045,-0.029555,#
1,0.389212,1.0,-0.282803,-0.122871,0.220153,0.08968,0.040587,-0.166592,0.147416,0.240919,-0.114113,-0.127557,0.256549,0.33623,0.072855,-0.055907,-0.356513,0.166944,-0.066362,-0.051477,0.326888,0.289755,0.348043,0.140446,0.199017,-0.478458,0.493189,-0.103132,0.265716,0.226799,-0.337634,-0.122617,0.170719,-0.458374,0.040754,0.018731,0.410205,-0.674339,0.112291,0.08871,0.330717,0.611663,0.126181,-0.194371,0.218409,0.082603,0.01194,0.435656,-0.043032,-0.214172,-0.130349,-0.657159,0.04838,-0.346449,-0.211115,-0.100249,-0.102128,0.406566,0.016625,0.390313,0.171704,0.031938,0.125587,-0.11505,-0.109142,0.489222,0.0,0.531894,0.343019,0.074929,-0.396664,-0.208326,0.322986,-0.086663,-0.228932,-0.093124,-0.301376,-0.326574,-0.213181,-0.216665,-0.397032,-0.751046,-0.277803,-0.462198,0.00086,-0.413082,0.251497,-0.553948,-0.322385,-0.204717,-0.40141,-0.380897,-0.280522,-0.028662,-0.315752,0.003784,-0.426739,-0.258209,-0.219214,-0.438423,0.29676,-0.154325,-0.29238,0.090464,0.357651,-0.35523,-0.297533,-0.474819,-0.233014,-0.315359,0.25737,0.0,-0.321126,-0.338357,0.005678,-0.324219,-0.229641,0.06207,-0.146849,-0.416441,-0.063088,-0.379585,-0.487106,-0.448363,-0.023789,-0.296133,-0.128708,0.230726,-0.283786,-0.356062,-0.134832,-0.356062,-0.407684,-0.11758,-0.197737,-0.407867,-0.166592,-0.19795,0.317101,-0.753992,-0.240663,-0.165379,-0.257241,-0.396667,0.064511,-0.295571,-0.320188,0.4629,-0.339324,0.065128,-0.49172,-0.41468,-0.141834,-0.301254,-0.139619,-0.021532,-0.158028,0.540895,-0.085702,-0.559524,-0.019124,0.065134,-0.374289,0.251076,-0.338526,0.389856,-0.098139,-0.078999,-0.224005,-0.143177,-0.020914,0.231173,-0.214797,-0.24622,0.144744,-0.580735,-0.301249,-0.254079,0.43091,-0.447667,0.650993,-0.093162,-0.308669,0.387754,0.301881,-0.52754,-0.096248,-0.093956,-0.0308,0.500133,-0.448346,0.364458,0.368006,0.297401,0.068894,-0.264302,-0.058113,-0.406276,0.012153,0.1046,#
2,-0.031843,-0.282803,1.0,0.046462,0.072076,0.338841,0.154873,0.233042,0.533489,-0.238051,-0.041855,0.297558,-0.375908,0.047023,-0.286528,-0.261585,-0.13191,0.118892,0.140794,0.138013,-0.317941,-0.224672,-0.139019,-0.03791,0.118579,0.00107,0.065214,0.115682,0.188879,-0.040774,-0.02309,0.355182,-0.470406,0.212386,-0.077617,-0.043518,0.044687,-0.068626,0.195577,-0.402323,-0.115425,-0.035891,-0.02069,-0.0129,-0.257395,-0.033924,0.208812,-0.098225,-0.055389,0.355637,0.09285,0.308367,-0.178364,-0.037641,-0.129155,-0.105798,-0.067649,0.04623,-0.479012,-0.193521,0.203844,-0.087148,-0.16146,-0.11536,0.090915,-0.210188,0.0,0.091832,-0.160369,0.356274,0.312128,0.3202,0.044493,0.141753,0.085748,0.202959,-0.095346,0.045292,0.007454,-0.204138,-0.150845,0.182056,0.09676,0.676029,0.191955,0.311798,-0.280869,0.109344,0.037137,-0.142763,0.363847,0.365611,0.204283,0.162076,-0.038019,-0.062232,0.351444,-0.209784,0.288317,0.10305,0.10369,-0.08127,0.000757,0.208944,-0.116188,0.110864,0.341572,0.402114,-0.097737,0.207298,-0.024011,0.0,0.288324,0.268226,-0.145682,0.294016,-0.216862,-0.10036,-0.038741,0.409087,-0.104781,0.159538,0.312739,-0.001138,-0.211869,0.20152,0.205317,-0.217581,-0.39689,0.017338,0.170504,0.249589,0.070007,0.189887,-0.183788,-0.06897,0.217167,0.168597,0.061013,0.21236,0.290793,0.231837,-0.321652,-0.40359,0.071657,-0.176044,0.377553,-0.03319,-0.020396,0.008657,0.382859,-0.033829,0.446415,0.393795,0.075867,-0.273633,0.146935,-0.078174,0.397048,0.007312,-0.020258,-0.282412,0.588407,0.119611,0.356838,-0.405368,0.018742,-0.256903,0.139099,-0.220318,0.123095,0.120014,0.284642,0.049541,-0.06085,0.033239,0.106192,0.501632,-0.137632,-0.119077,-0.204066,0.214641,0.441829,-0.337097,-0.278462,0.577396,0.132352,0.026998,-0.472779,0.171059,0.042674,-0.211551,-0.202725,-0.074156,-0.452958,-0.036642,0.070298,-0.180158,0.143381,0.058494,#
3,-0.235793,-0.122871,0.046462,1.0,0.213159,-0.170516,0.267221,0.225164,-0.301151,0.261254,-0.232898,-0.059305,0.126596,-0.277745,-0.105136,0.058138,-0.12508,-0.022523,-0.109326,0.370134,0.135517,0.095969,-0.012303,0.130728,-0.284251,0.021943,-0.183055,-0.025385,-0.011737,-0.072382,0.294069,-0.227241,0.154137,0.577171,-0.021293,-0.219496,-0.096069,0.295619,0.026753,-0.087996,0.048897,-0.00604,0.072218,-0.391353,0.133262,0.003124,-0.437974,-0.06228,0.21353,0.176487,0.081895,-0.01968,0.202819,-0.048289,-0.402237,-0.258981,-0.030935,0.092367,0.111377,-0.214449,-0.302733,0.125264,0.067835,0.211448,-0.120868,-0.110078,0.0,-0.263739,-0.155822,0.130448,-0.132992,-0.151107,0.245738,0.40919,0.095683,-0.42138,0.134651,0.374554,0.369274,-0.022307,0.018888,0.218818,-0.080157,0.18242,0.194366,0.126994,0.201474,-0.03022,0.195476,0.041003,-0.141336,0.017145,0.369289,-0.007852,0.121494,-0.074152,-0.137469,0.107188,-0.027081,0.267872,0.053891,-0.074613,0.51194,0.431974,0.178505,0.118699,0.015007,-0.080336,-0.295627,-0.123489,-0.070218,0.0,0.281457,0.288811,0.024188,0.483107,0.418132,0.097658,-0.039214,0.12679,0.368689,0.18611,-0.03548,0.032617,-0.196429,0.375115,0.0326,0.005298,0.241301,0.248896,-0.188146,0.248896,0.588147,0.446238,0.141845,0.520902,0.209571,0.018523,-0.238395,0.212513,0.280226,0.324886,0.201404,0.004952,0.390099,0.373753,0.041724,-0.200448,0.218337,-0.208036,-0.064907,-0.17998,0.004218,0.380039,0.231077,0.298279,-0.422294,0.064543,0.378724,0.204848,0.468332,0.301975,0.104193,0.118869,0.172277,-0.254001,0.030364,-0.198303,0.328036,0.488822,-0.019309,-0.196081,-0.095537,0.232209,-0.373289,0.378793,-0.132917,-0.148663,-0.453968,-0.099921,-0.023537,-0.463507,0.510049,0.080164,-0.499118,0.216212,-0.229571,0.059694,-0.0856,-0.460166,0.185876,-0.183347,-0.551042,0.026307,0.365439,0.131781,0.098715,0.160162,0.121306,0.234853,#
4,0.30212,0.220153,0.072076,0.213159,1.0,-0.313722,0.293441,0.171547,0.047655,0.134439,-0.072674,0.093137,0.007081,-0.08011,0.049304,-0.001364,0.223658,-0.059807,-0.027007,0.100662,0.072246,-0.276486,0.107231,0.122575,0.04074,-0.120889,0.129431,0.072834,0.419521,-0.023096,-0.189574,-0.066545,-0.155234,-0.07585,0.303976,0.02109,0.237284,-0.434089,-0.261699,0.177357,0.073176,0.20098,-0.17289,-0.474643,0.399891,0.223,-0.136504,0.240088,0.346509,0.02961,-0.001849,-0.462958,0.131138,-0.395364,-0.373527,-0.295883,0.114776,-0.098377,0.156307,0.042353,-0.239814,0.363521,-0.041194,0.132746,-0.199744,-0.03629,0.0,-0.013566,0.002225,-0.090532,-0.004859,-0.155906,0.1757,-0.059536,-0.030249,-0.412191,-0.173961,-0.107849,-0.28062,-0.065915,-0.257359,-0.124265,-0.359024,0.045284,-0.101451,-0.044859,-0.180374,-0.200878,0.191313,-0.236156,-0.174891,-0.225494,0.122612,-0.442652,-0.407912,-0.364368,-0.479062,-0.221049,-0.347114,-0.176681,0.083763,-0.342438,-0.295266,0.155689,0.035599,0.001732,-4.4e-05,-0.197672,-0.388829,-0.124626,0.121033,0.0,0.027369,-0.159638,-0.276486,0.222922,-0.040818,-0.308403,0.010473,-0.033146,0.053306,-0.251433,-0.258366,-0.438942,-0.100738,0.033556,-0.286627,0.01446,0.095324,-0.274027,0.242642,-0.039031,0.165574,0.373343,-0.274182,0.010207,0.155484,-0.243931,-0.05065,-0.166688,-0.053834,-0.090727,0.037347,-0.224357,-0.139296,0.085592,0.188368,-0.148704,-0.196041,-0.274577,-0.285609,-0.049814,-0.069396,0.097026,0.331903,-0.176932,-0.171583,0.390159,-0.165196,-0.264269,0.271322,-0.332138,-0.040225,-0.028823,-0.274096,0.177304,0.138124,0.068818,0.045861,-0.144428,0.093343,0.362573,-0.371032,0.157737,-0.073713,-0.141593,-0.415936,0.205402,0.14923,-0.471883,0.076886,-0.135143,0.27576,-0.083475,-0.047968,-0.185603,-0.13245,-0.164464,0.093169,-0.281314,-0.117902,0.248089,0.067956,0.077109,-0.135235,-0.068993,0.506901,-0.173145,0.071239,0.323357,#
5,0.175326,0.08968,0.338841,-0.170516,-0.313722,1.0,0.081142,0.180312,0.575937,0.03381,0.25424,0.240967,-0.477612,0.090197,-0.222638,-0.113466,-0.082039,-0.070924,0.043454,-0.247116,-0.102408,0.10955,0.330686,-0.346839,0.457777,-0.251831,0.180159,0.06875,-0.080723,0.208555,-0.301754,0.0234,-0.307508,0.048715,-0.263342,0.197878,-0.041001,-0.015599,0.341975,-0.077605,0.149583,0.055777,0.288513,-0.230654,-0.310504,0.16042,0.226027,-0.045391,-0.060852,0.143715,-0.073105,0.064844,-0.017871,0.103809,0.189883,0.488184,-0.500516,0.315228,-0.315608,0.356719,0.27879,0.002445,0.217213,0.025389,-0.189578,0.096109,0.0,0.408972,-0.076156,0.188783,0.154675,-0.011704,0.190885,-0.227723,-0.256054,0.454612,0.079973,-0.161671,0.213945,-0.044099,-0.299142,-0.18846,-0.037688,0.178548,-0.102523,0.073592,-0.210679,-0.017259,-0.019317,-0.064192,0.147236,-0.135353,-0.131635,0.22044,-0.092873,0.068556,0.321457,0.079141,0.150435,-0.238663,0.128857,0.044943,0.158173,0.080318,0.066384,-0.253874,0.31843,0.049972,0.173884,0.177825,-0.167272,0.0,-0.058822,-0.045037,0.252366,-0.401464,-0.239683,-0.186409,0.212149,0.082351,0.084498,-0.147596,-0.112159,-0.167747,0.02215,-0.108173,0.329543,0.307893,-0.409354,0.164138,0.003952,0.164138,-0.218436,-0.166826,0.052355,0.036134,0.16398,0.032583,0.226065,-0.364698,0.154309,-0.012412,-0.074635,-0.156441,-0.035355,-0.353927,0.055428,0.214882,-0.012634,-0.056122,-0.017134,-0.204289,0.313994,-0.00049,-0.042139,0.042907,-0.034136,-0.113645,0.138552,0.09349,-0.109181,0.283279,-0.089365,0.149299,0.343521,-0.116384,-0.339708,-0.294128,-0.226053,-0.146858,0.124825,0.070993,0.465814,-0.260273,0.062537,-0.355669,-0.00677,0.222683,0.019325,-0.188636,-0.048952,-0.018386,-0.095754,0.12764,-0.15106,-0.037296,0.114129,-0.052176,-0.090466,0.418943,-0.170138,-0.061702,-0.070822,0.256148,0.015041,0.300813,0.001302,-0.308416,-0.324749,-0.056837,#
6,0.126348,0.040587,0.154873,0.267221,0.293441,0.081142,1.0,0.172323,0.036285,0.321897,-0.043646,-0.057098,0.105217,-0.184252,0.051082,0.259457,-0.148456,0.009309,0.072294,-0.017225,0.232662,-0.15626,0.176938,-0.181562,0.026102,-0.228051,0.115095,0.022617,-0.02345,0.133537,-0.371507,0.113283,0.22125,0.014945,0.131334,-0.383492,-0.01896,-0.191104,-0.094221,0.103421,-0.115397,-0.051158,0.174954,-0.317242,0.053967,0.081499,-0.027838,0.118788,0.251634,0.218878,0.139591,-0.114235,0.122725,-0.033908,-0.056622,0.166021,0.125083,-0.145125,-0.317655,0.109501,-0.209509,0.154267,-0.021162,-0.077941,-0.384372,-0.154243,0.0,-0.13077,-0.095118,0.30066,0.175122,-0.300921,0.169028,0.149683,-0.141697,0.079006,0.261202,-0.237829,-0.011766,-0.122139,-0.225106,-0.119116,0.045436,0.116982,-0.146311,0.192584,-0.138802,0.07174,0.216002,-0.276073,0.061374,-0.021905,0.22165,0.004423,0.130518,-0.006494,0.052632,-0.161918,-0.26311,0.026858,-0.266271,-0.198182,0.074886,0.298208,-0.007813,0.050191,0.384705,0.12498,-0.290151,-0.015222,-0.095582,0.0,-0.081378,-0.119245,-0.32226,-0.067581,-0.01676,-0.272023,-0.025269,0.039284,0.310743,-0.183893,0.114587,-0.259489,-0.346828,0.170842,0.081724,0.230347,-0.179704,-0.07323,-0.073005,-0.07323,0.030537,0.239287,-0.044971,0.204104,0.15556,-0.400632,-0.087939,0.021628,0.13997,0.060259,0.206278,-0.286902,-0.228354,-0.269702,0.186668,0.274562,-0.166958,0.105323,-0.327725,-0.27054,0.067782,-0.023541,0.401017,0.193732,-0.21781,0.191481,-0.12408,-0.312792,-0.025528,-0.045091,-0.01483,0.104417,0.098716,-0.235279,-0.017206,-0.021493,0.172441,-0.185951,0.005023,0.093397,0.037908,-0.187881,-0.04931,0.04586,-0.067877,0.330705,-0.120428,-0.4437,-0.315759,-0.117471,0.416706,0.21271,-0.371805,0.116797,0.104485,-0.497384,-0.066924,-0.152691,-0.100655,0.022697,0.167972,0.175458,0.231514,0.36631,-0.097842,-0.08628,0.077815,-0.292934,#
7,-0.152936,-0.166592,0.233042,0.225164,0.171547,0.180312,0.172323,1.0,-0.166489,-0.152181,0.133387,-0.293969,-0.152397,-0.165946,-0.125707,-0.270805,-0.166502,-0.24972,-0.292605,-0.075364,0.177823,0.16043,0.159292,0.223464,-0.102004,0.258684,0.125258,0.143823,0.09986,-0.15294,0.179703,-0.201699,-0.100217,0.372056,0.177101,-0.127228,0.252048,0.20834,-0.114647,-0.229155,0.290901,0.303712,0.138246,-0.238307,-0.125661,0.007876,0.201683,0.051225,0.048245,-0.269075,-0.534709,0.161041,-0.087821,0.061541,0.058034,-0.194834,-0.296471,0.047729,0.113707,0.079941,0.012245,-0.120177,-0.394678,0.078588,0.132366,0.125824,0.0,0.118584,-0.017487,0.137599,-0.319706,0.137931,0.473033,0.246648,-0.180807,-0.103609,0.552771,0.227527,-0.139902,0.210074,-0.139863,0.189103,-0.152909,0.221973,-0.166574,0.244791,-0.271243,0.238603,0.225613,-0.139993,0.163506,-0.139967,-0.114569,-0.139948,0.175966,0.413851,0.190795,0.246915,0.238603,0.277363,0.012193,-0.127142,0.225969,-0.089054,0.221859,-0.126981,0.199359,0.18562,-0.101798,0.225258,0.065563,0.0,-0.127224,0.338229,0.264048,0.330876,-0.180805,-0.290488,-0.126668,0.244399,-0.075279,-0.13995,0.15,-0.195962,-0.520191,0.220018,0.22384,0.151689,0.118734,0.475381,0.131496,0.475381,0.139988,-0.223186,0.1854,0.419643,-0.041667,-0.139948,0.136572,0.164963,-0.060193,0.124198,-0.139386,0.141776,0.192202,0.137554,-0.195664,-0.17793,0.106761,-0.088845,0.135637,0.24257,-0.089052,0.564394,0.200849,-0.101756,0.162225,-0.222193,0.166434,-0.139944,0.179012,-0.060166,0.208429,0.242828,0.259302,0.200955,-0.114402,-0.242841,-0.101846,-0.12726,-0.238598,0.194701,-0.102012,0.142697,-0.241136,0.190795,-0.075346,0.198107,-0.265295,0.122204,-0.241073,0.13041,0.160746,-0.399622,-0.332219,0.170559,-0.227679,0.16942,0.277504,-0.1556,0.220018,-0.285914,-0.289529,0.204296,0.168904,0.304307,0.147646,0.200155,-0.29683,-0.114008,#
8,0.39653,0.147416,0.533489,-0.301151,0.047655,0.575937,0.036285,-0.166489,1.0,0.082245,-0.105752,0.409166,-0.254234,0.51874,-0.126127,-0.060148,-0.004357,0.305206,0.23369,-0.029765,-0.421713,-0.321256,0.199606,-0.523566,0.392092,-0.30166,0.16717,0.044726,0.265375,0.252845,-0.510445,0.197347,-0.400441,-0.08417,-0.141822,0.396282,0.044761,-0.353142,0.101671,-0.099512,-0.019256,0.069965,-0.129523,-0.190326,0.022249,0.019946,0.535269,0.184692,0.048444,0.295518,0.103486,0.03462,-0.129822,0.032645,-0.195452,0.333565,-0.147647,0.358334,-0.317395,0.374349,0.171959,0.174089,0.003271,-0.098645,-0.161434,0.198689,0.0,0.518717,0.182945,0.047054,0.252471,0.053623,-0.127797,-0.058709,-0.262586,0.145794,-0.30119,-0.303374,-0.061317,-0.059006,-0.201169,-0.279266,-0.10325,0.200905,0.152956,0.076032,-0.448008,-0.082034,-0.16298,-0.025716,-0.084354,-0.028877,-0.282402,0.132256,-0.338282,-0.190279,0.226619,-0.273332,0.088173,-0.459191,0.241418,-0.140979,-0.161042,0.063677,-0.31138,-0.186747,0.208124,0.012156,-0.0329,-0.143758,0.002542,0.0,0.024007,0.037729,-0.189179,-0.315427,-0.237774,-0.235408,0.24422,-0.094203,-0.065799,-0.229996,-0.134413,-0.318755,0.022129,0.027459,-0.157729,-0.134308,-0.511522,-0.14783,0.028135,0.090037,-0.402847,0.081602,-0.383547,-0.22306,0.223719,0.132649,0.386174,-0.234837,0.041339,-0.172711,-0.055993,-0.421003,-0.126876,-0.493154,0.352414,0.307749,-0.145728,0.073097,0.075446,-0.278118,0.291951,-0.031465,0.028886,-0.213732,0.305089,0.253124,-0.086957,0.127703,-0.352187,-0.240408,0.126745,0.25889,0.151315,-0.115547,-0.087547,-0.21599,-0.213921,-0.315427,0.311413,0.174708,0.405891,-0.261793,0.138902,-0.276646,-0.060769,0.230295,0.225329,-0.34376,0.308343,0.234948,-0.022683,-0.055497,0.156033,0.099957,0.414049,-0.102213,-0.526964,0.470327,-0.307295,1.8e-05,0.18321,0.147768,-0.400257,0.050317,0.108798,-0.491327,0.008593,0.147658,#
9,0.127176,0.240919,-0.238051,0.261254,0.134439,0.03381,0.321897,-0.152181,0.082245,1.0,-0.022251,-0.029205,0.361803,0.0814,-0.066168,0.411265,0.028996,0.090918,0.01862,-0.012382,0.282999,0.240243,0.137379,-0.281015,0.044818,-0.24941,-0.091395,-0.354474,0.010131,0.125075,-0.238216,-0.150765,0.315342,-0.014002,0.207094,0.082749,-0.060558,-0.425175,-0.082133,0.165489,-0.073033,0.011013,0.130681,-0.345344,0.149636,0.079735,-0.040375,-0.071768,0.062582,0.0512,0.067052,-0.341607,0.109597,-0.114452,-0.243996,0.184845,-0.201515,0.336457,-0.001474,-0.0601,0.109608,0.107225,0.14458,0.346353,-0.396597,0.094116,0.0,-0.042746,0.112557,0.058645,-0.113545,-0.4185,-0.087027,-0.179194,-0.016909,-0.209481,-0.009013,0.07179,-0.128842,-0.110465,-0.155631,-0.184211,-0.064601,-0.241373,0.038009,-0.202789,0.176018,0.002948,-0.052142,0.23573,-0.314223,-0.185756,0.132093,-0.144644,-0.190289,-0.145538,-0.314585,0.002555,-0.53047,-0.067681,0.230922,0.097721,-0.023559,0.144551,-0.04297,0.035437,0.023578,-0.047879,-0.188733,-0.08635,-0.188146,0.0,-0.123148,-0.095743,-0.26325,0.0581,-0.144839,-0.021577,0.124027,0.013324,0.256944,-0.001359,-0.202076,-0.236444,-0.25595,0.278658,-0.407402,-0.21233,0.162065,0.144102,-0.39254,-0.085978,0.098318,0.287439,-0.102608,0.061203,-0.152181,-0.51114,0.081636,-0.137177,-0.219846,-0.205479,0.198785,-0.124638,-0.035237,0.066122,0.089084,0.100455,-0.169082,-0.096224,-0.248338,-0.21206,-0.325248,-0.275195,0.133958,0.064865,-0.009805,0.316331,-0.158238,-0.137071,0.085965,0.108192,-0.139032,0.1848,-0.263846,-0.174786,-0.039836,0.096713,-0.20295,0.252319,0.241829,-0.157178,0.286529,-0.131824,0.112852,-0.181532,-0.275191,-0.169566,-0.32055,-0.364413,0.097373,-0.180775,0.131625,0.349571,-0.108337,-0.14721,0.130227,-0.304952,0.060937,-0.099554,-0.410563,0.303829,0.126473,-0.010902,0.24374,0.207623,0.052135,-0.127774,-0.051571,-0.029123,#
10,-0.374945,-0.114113,-0.041855,-0.232898,-0.072674,0.25424,-0.043646,0.133387,-0.105752,-0.022251,1.0,0.459035,-0.330203,-0.465411,-0.202446,0.092491,0.394549,-0.339904,-0.050768,-0.358956,0.24294,0.159769,0.196612,0.21799,-0.068632,0.169642,-0.235104,-0.009863,0.285375,0.187409,-0.227359,0.008871,-0.455236,-0.07126,0.478531,0.052797,0.002947,-0.015322,0.228538,0.331885,-0.235043,0.020684,0.151594,0.071344,-0.298807,0.637061,-0.187118,-0.254262,0.225288,0.019839,0.07794,-0.129245,-0.116114,-0.127269,0.536835,0.118035,-0.338048,-0.054851,-0.143293,-0.206698,-0.064954,-0.333401,0.125424,0.246165,0.168222,-0.112906,0.0,-0.339403,-0.01256,-0.370127,-0.084141,0.043194,0.081419,-0.454753,-0.102121,0.43308,-0.0165,0.11939,0.063119,-0.328016,-0.305927,-0.115614,-0.21881,0.134481,-0.108303,-0.139724,-0.159524,0.122486,-0.250432,-0.048054,0.195282,-0.113839,-0.043314,-0.130908,-0.05234,-0.063895,-0.289118,-0.116929,-0.222556,-0.055348,0.096084,0.282715,-0.235435,-0.475566,-0.14485,0.002067,-0.108129,0.141683,-0.162205,0.634953,-0.441968,0.0,-0.187041,-0.198078,-0.100439,0.004596,-0.123059,-0.064413,-0.170392,0.420511,-0.2588,0.07243,-0.289795,-0.047873,0.113865,-0.173542,0.124022,-0.065275,-0.078601,0.075571,0.17045,-0.165351,-0.032345,-0.030074,-0.067215,0.132931,-0.294135,-0.302807,-0.151916,-0.170057,-0.214928,0.263157,0.12792,0.200748,-0.122751,-0.02222,0.172732,-0.225143,-0.102866,-0.411707,-0.017598,-0.062666,-0.244057,-0.100707,-0.325805,-0.293234,-0.079133,-0.245434,-0.150518,-0.06359,0.133106,0.216597,-0.492316,-0.412321,-0.350419,-0.222341,-0.288399,-0.043084,-0.130773,0.068108,0.030689,-0.221366,-0.056978,-0.454249,0.330157,-0.312533,-0.360022,0.334419,-0.099809,0.186597,-0.159366,0.040537,0.200924,0.315317,0.051069,-0.174335,0.011529,-0.01463,0.453041,0.085207,-0.238421,0.53877,-0.045371,-0.237154,0.015981,0.134426,0.410259,-0.252984,-0.299706,-0.04508,#
11,-0.026487,-0.127557,0.297558,-0.059305,0.093137,0.240967,-0.057098,-0.293969,0.409166,-0.029205,0.459035,1.0,-0.344062,-0.097955,-0.004619,0.064944,0.401774,-0.190084,0.106542,-0.073488,-0.179818,-0.213225,0.043328,-0.022046,0.145365,0.122767,-0.257974,0.134269,0.476066,0.365978,-0.41555,0.255941,-0.707059,-0.077431,-0.007364,0.264128,-0.241698,-0.076684,0.414435,0.305146,-0.109549,-0.226062,-0.096257,-0.123598,0.059277,0.361281,0.003236,-0.258445,0.327628,0.377235,0.327372,0.038469,-0.387192,-0.020195,-0.001766,0.1953,-0.330689,-0.050469,-0.249877,-0.205157,-0.130212,0.026232,0.31602,0.018386,0.113084,-0.0973,0.0,-0.156004,0.107239,-0.223835,0.241713,0.01084,-0.149197,-0.116348,-0.134727,0.181109,-0.531811,-0.04034,0.04549,-0.3236,-0.105165,-0.117842,-0.055691,0.465466,0.046555,-0.141971,-0.193331,-0.244605,-0.089395,-0.221503,-0.017144,-0.099219,-0.062268,-0.141159,-0.243237,-0.275468,-0.128212,-0.490828,-0.052683,-0.248336,0.101031,0.091754,-0.261072,-0.034305,-0.348481,0.177696,-0.134284,-0.068368,-0.162114,0.110111,-0.451385,0.0,-0.197118,-0.002376,-0.477113,0.019627,0.031906,-0.178981,0.036191,0.048693,-0.284085,0.055289,-0.292077,-0.063923,0.275298,-0.014561,-0.243315,-0.348063,-0.331886,-0.387523,-0.042701,-0.378262,-0.053169,0.258767,-0.262053,-0.101093,0.11622,-0.126705,0.053219,-0.17235,0.081479,0.239679,0.109793,-0.218082,-0.304975,-0.240358,0.507951,-0.011609,0.115633,-0.411476,0.038946,-0.078829,-0.021481,-0.079658,-0.327976,-0.313939,0.081971,-0.215046,0.016848,0.118497,-0.052103,-0.100834,-0.158876,-0.407843,-0.187572,-0.408112,-0.068946,-0.212477,0.072213,0.083104,0.18709,-0.149534,-0.068971,-0.474929,0.289873,-0.314659,-0.35982,0.110763,0.033553,-0.154166,-0.008299,0.065945,0.314458,0.257606,0.220514,0.00025,0.341413,-0.1982,-0.159045,0.045814,-0.418027,0.496912,-0.087593,-0.02514,-0.071293,0.073042,0.564275,-0.33261,-0.134591,0.413038,#
12,-0.039416,0.256549,-0.375908,0.126596,0.007081,-0.477612,0.105217,-0.152397,-0.254234,0.361803,-0.330203,-0.344062,1.0,0.026078,0.262799,0.381975,-0.445095,0.093307,0.15843,-0.015878,0.404456,0.252891,0.071402,-0.063131,-0.162971,-0.085781,0.243113,0.040568,0.069663,0.122962,-0.059178,0.001542,0.379891,-0.215427,0.010593,-0.272872,-0.024343,-0.275467,-0.236647,0.148024,0.023774,0.156534,0.083844,0.312984,0.297759,-0.353894,-0.063208,0.16217,-0.137504,-0.270089,0.024055,-0.032424,0.094167,-0.163404,-0.252258,-0.041547,-0.008741,0.130779,-0.000466,0.085179,-0.262865,0.086894,-0.282679,0.056074,0.106122,0.409522,0.0,0.085626,0.310435,-0.157399,-0.293497,0.010514,-0.090304,0.299892,0.028891,-0.395003,-0.073276,-0.244139,-0.144365,0.03548,-0.007344,-0.355257,0.119436,-0.216941,0.084096,-0.523207,0.211345,0.007689,-0.243119,0.233276,-0.108918,-0.368996,-0.234439,0.022663,0.105895,0.233607,-0.186364,-0.00505,-0.350479,-0.060408,0.147741,-0.096949,0.093773,0.138538,0.123065,-0.114422,-0.029309,-0.045278,-0.198659,-0.195298,0.329342,0.0,-0.270335,0.05673,-0.087833,-0.081609,0.152731,0.189722,-0.276352,-0.118699,-0.027993,-0.137648,-0.206842,-0.22959,-0.296148,0.145242,-0.405293,-0.182862,0.115997,-0.089267,-0.515289,-0.325723,0.123554,-0.021911,-0.245297,0.043875,-0.152397,-0.176061,0.043545,0.031505,-0.220157,0.043745,0.020837,-0.174373,-0.133165,0.104583,-0.209407,0.317002,-0.363124,0.095824,0.061651,-0.169425,-0.325709,-0.275585,-0.360293,0.00648,0.030617,0.119377,-0.29652,-0.152282,-0.21439,-0.22006,0.03533,0.012754,-0.309949,-0.022193,-0.051541,-0.097942,0.025533,-0.081609,-0.102941,0.104392,0.057169,0.078861,0.267,-0.016833,-0.065463,-0.19138,0.018612,-0.026702,0.300459,-0.198169,-0.04483,0.207793,0.26521,0.029215,0.060648,0.03899,0.066386,0.09029,-0.07595,0.185758,0.331327,0.124412,-0.024161,0.154475,-0.066796,0.16961,0.138277,-0.03429,#
13,0.408503,0.33623,0.047023,-0.277745,-0.08011,0.090197,-0.184252,-0.165946,0.51874,0.0814,-0.465411,-0.097955,0.026078,1.0,0.21093,-0.100553,0.00878,0.31654,-0.141619,0.231537,-0.303556,-0.069797,-0.037613,-0.438822,0.191501,-0.024308,0.166073,-0.205706,0.113968,0.249208,-0.342491,0.015915,0.092171,-0.248086,-0.189023,0.223411,-0.002395,-0.237419,0.112454,-0.315374,0.081917,0.018889,-0.317846,0.016227,0.178393,-0.384956,0.67756,0.167556,-0.242926,0.155175,-0.199499,0.044428,-0.184195,0.177694,-0.469157,0.225955,0.218506,0.2511,0.205889,0.338372,0.121625,0.202687,-0.079347,-0.18503,-0.19091,0.252126,0.0,0.488623,0.34241,0.09588,-0.093879,0.136448,-0.122851,0.249646,-0.230302,-0.194498,-0.100867,-0.003476,-0.385027,0.264865,0.116327,-0.283383,0.04239,-0.109584,0.191108,0.07362,-0.111516,-0.266484,-0.167987,-0.203771,-0.227678,0.122509,-0.274503,0.332468,-0.348849,-0.029814,0.224147,-0.12492,0.259267,-0.295323,0.118697,0.037347,-0.166021,-0.137086,-0.125729,-0.199753,0.027758,-0.170888,0.145659,-0.31084,0.354176,0.0,-0.132906,0.196159,0.001533,-0.310565,-0.245306,0.0286,0.258322,-0.552363,-0.056234,-0.199086,0.024841,-0.153027,0.128504,-0.112757,-0.316476,-0.042814,-0.306468,-0.143218,-0.097456,0.098597,-0.580239,-0.130467,-0.209267,-0.406287,-0.165946,0.126782,0.356048,-0.082452,-0.239731,-0.531684,-0.064156,-0.226461,-0.088443,-0.442804,0.040182,0.44461,0.100512,0.495733,0.076351,-0.111769,-0.130588,-0.026009,0.029365,-0.032369,0.502224,0.353974,-0.04369,-0.020857,-0.492348,-0.239624,0.275448,0.607571,0.149021,0.19625,0.077166,-0.040262,-0.218048,-0.310565,0.12551,0.051731,0.194666,0.105146,0.114234,-0.107161,0.151121,-0.251833,0.223806,-0.252314,0.50933,0.221716,-0.404407,-0.221555,0.333059,-0.069784,0.315416,0.077664,-0.527656,0.329403,-0.142827,-0.159035,0.349494,0.105924,-0.031588,-0.277974,-0.404893,-0.16992,0.199359,0.159153,#
14,0.332764,0.072855,-0.286528,-0.105136,0.049304,-0.222638,0.051082,-0.125707,-0.126127,-0.066168,-0.202446,-0.004619,0.262799,0.21093,1.0,0.08248,0.055229,-0.213083,-0.237886,-0.03226,-0.229842,-0.274517,-0.063172,-0.244136,-0.06638,0.052591,0.174702,-0.210535,-0.006435,-0.065765,-0.262047,0.365565,0.077382,-0.198411,-0.050187,-0.179428,-0.110906,0.090892,-0.136037,-0.009909,0.206224,-0.167644,-0.493584,0.031958,0.681333,-0.443651,0.312897,-0.040309,-0.060821,-0.143218,-0.466015,0.176826,-0.264953,-0.170929,-0.092585,0.281618,0.023231,-0.512437,-0.035606,0.040545,-0.324968,0.444091,0.090399,-0.189401,0.147589,0.007781,0.0,-0.216911,0.075092,-0.30397,0.209012,0.180681,-0.268728,0.319652,0.151132,-0.26833,0.005116,-0.144507,-0.084696,0.435902,0.07809,-0.231231,0.042074,-0.101733,-0.113675,0.089077,0.04405,-0.206963,0.059051,-0.422354,0.089483,-0.126267,-0.198333,0.326452,0.107567,0.131408,0.157131,-0.094391,-0.188418,0.032661,-0.541534,-0.383584,0.059145,0.157735,-0.207346,-0.067945,-0.031921,-0.13553,0.26035,-0.129179,0.499754,0.0,-0.24551,0.130202,-0.295042,-0.247794,0.292891,0.216671,0.009439,-0.417566,-0.227115,-0.07455,-0.187303,0.074614,0.212765,-0.02748,-0.310816,0.261108,-0.06155,-0.268678,-0.085996,-0.268678,-0.235018,-0.249283,0.104931,-0.079796,-0.125707,-0.119862,-0.156725,0.063491,0.055148,-0.109762,-0.008322,-0.152856,-0.201909,-0.089437,0.127904,0.204667,0.223881,-0.043802,0.109571,0.163649,-0.090925,-0.037207,-0.051249,-0.105202,0.219287,-0.032192,-0.286922,-0.225627,-0.62532,-0.18152,0.026797,-0.15628,-0.032195,0.00864,-0.014802,0.226914,0.312113,-0.383939,-0.062832,0.0595,-0.077175,0.145188,0.079191,0.157131,0.20782,-0.17453,0.298814,0.027096,-0.005717,0.159486,-0.212283,0.093045,0.199005,0.0603,0.379207,0.242871,-0.014672,-0.137056,0.068339,-0.116195,0.264471,0.208681,0.239313,-0.044204,-0.181708,0.365955,0.017206,0.294198,#
15,-0.153361,-0.055907,-0.261585,0.058138,-0.001364,-0.113466,0.259457,-0.270805,-0.060148,0.411265,0.092491,0.064944,0.381975,-0.100553,0.08248,1.0,0.10232,0.050039,-0.010463,-0.230451,0.048276,-0.037379,0.046221,-0.252641,-0.234995,-0.272537,-0.337549,-0.157686,-0.017077,0.233863,-0.269615,0.018306,0.16314,-0.171802,-0.016574,-0.264887,-0.163536,-0.090067,0.241556,0.322664,-0.224858,-0.168286,0.039975,0.039055,0.170696,0.159685,-0.128268,-0.199389,0.075544,-0.000934,0.263087,-0.030457,0.318688,-0.271257,-0.047841,0.3469,0.012016,0.110782,0.17075,0.095307,-0.165418,0.261841,0.027627,-0.001967,-0.107867,-0.131066,0.0,-0.111458,0.168023,-0.437715,0.241522,-0.007906,-0.343794,-0.058145,-0.002592,-0.275917,-0.035166,-0.144552,-0.190123,0.070095,-0.044207,-0.012933,0.200114,0.067326,0.278829,-0.050389,0.286746,0.314863,-0.140603,0.19573,0.152547,-0.217527,0.027186,-0.014675,-0.117282,-0.273062,-0.01631,0.130854,-0.195314,-0.166019,0.003236,0.301121,0.025854,0.096527,0.060197,-0.10609,-0.185126,0.281313,-0.082172,0.243427,-0.252049,0.0,-0.08057,-0.121754,-0.061501,-0.252225,0.123574,0.153713,-0.113991,0.039257,0.267048,-0.01699,0.010851,-0.139837,-0.046601,0.228313,-0.113882,0.107373,-0.122564,-0.115703,-0.206165,-0.351792,0.118691,0.044817,-0.128656,0.153351,0.13138,-0.230097,0.079912,-0.069,-0.100708,0.152242,0.350989,0.047137,-0.145628,-0.000319,0.382389,-0.190143,-0.135234,0.053836,0.11783,-0.04943,-0.360676,-0.489706,-0.195561,0.13474,-0.168671,-0.055127,-0.367036,0.160247,-0.237402,-0.079922,-0.249346,-0.164178,-0.100923,-0.368863,-0.377218,-0.025624,-0.027522,0.123656,-0.13659,-0.258376,0.187255,0.048141,0.222568,-0.023081,-0.279908,0.145252,-0.092649,0.045478,-0.098618,-0.536733,0.270519,0.482528,-0.113207,-0.234011,0.261878,-0.418803,0.134116,-0.228614,-0.140881,0.406704,0.367522,0.04816,0.284148,0.119049,0.098109,-0.142397,-0.17236,-0.186308,#
16,-0.125863,-0.356513,-0.13191,-0.12508,0.223658,-0.082039,-0.148456,-0.166502,-0.004357,0.028996,0.394549,0.401774,-0.445095,0.00878,0.055229,0.10232,1.0,-0.145263,-0.101321,-0.03997,-0.154746,-0.195753,0.00053,-0.16946,0.000151,0.344498,-0.541519,-0.274138,0.062341,0.069877,-0.125414,-0.022886,-0.141975,-0.05599,0.301941,0.209926,-0.289443,0.140139,0.123146,0.045327,-0.194655,-0.40435,-0.368824,-0.186041,0.193969,0.334307,0.018848,-0.327753,0.102595,0.3072,0.12023,0.042012,-0.092749,0.066883,0.052971,0.246455,0.198391,-0.20762,0.305262,-0.085866,-0.245387,0.022428,0.253963,0.215657,-0.151606,-0.381632,0.0,-0.390726,-0.091554,-0.233606,0.328863,-0.090476,-0.355936,-0.389629,-0.047682,0.082852,-0.036991,0.205819,-0.196242,0.278028,-0.024548,0.252219,-0.094182,0.209273,0.011918,0.086171,-0.230599,-0.066915,0.206819,-0.016736,0.114516,0.167001,0.15285,-0.027967,-0.325803,-0.407716,-0.084456,-0.234187,-0.057814,-0.081324,0.028117,0.25012,-0.288322,-0.355863,-0.261837,0.029386,-0.076392,-0.124635,-0.019521,0.347259,-0.373212,0.0,0.05799,-0.141293,-0.14457,0.048942,-0.059728,-0.118311,0.396475,-0.034462,-0.021421,0.162067,0.062543,0.049976,0.317415,0.035872,-0.271958,-0.103374,0.148844,-0.118448,0.451384,0.110496,-0.007633,0.284608,-0.170493,0.004214,-0.166502,-0.201906,-0.321287,0.118735,-0.240534,-0.035973,0.323494,0.273244,-0.272473,0.075331,0.518242,-0.365561,0.340703,-0.355027,0.024386,0.081963,-0.355855,-0.041604,0.058694,-0.177324,0.027739,0.081478,-0.190286,0.333146,0.036591,0.084963,-0.174911,-0.053687,-0.140975,-0.117579,0.112967,0.054018,0.007395,0.234768,0.347895,-0.203688,0.016435,0.154002,-3.3e-05,0.064477,-0.301087,0.122829,-0.074976,0.099622,-0.178799,-0.081464,0.106371,-0.009582,-0.005898,-0.134778,0.086087,-0.065203,0.127498,-0.334396,0.045246,0.20776,0.023243,-0.266086,0.071105,-0.079913,0.317076,0.037422,-0.114282,0.290276,#
17,0.101347,0.166944,0.118892,-0.022523,-0.059807,-0.070924,0.009309,-0.24972,0.305206,0.090918,-0.339904,-0.190084,0.093307,0.31654,-0.213083,0.050039,-0.145263,1.0,0.305727,-0.18788,0.022407,-0.085248,-0.009856,-0.198475,0.181267,-0.074754,-0.131324,-0.11864,-0.077722,0.107802,0.20122,-0.009505,0.25398,0.081997,-0.047178,0.150948,-0.07832,-0.053198,0.057691,-0.249525,-0.044138,-0.094238,-0.02985,0.008929,-0.068222,-0.198902,0.124915,0.195278,-0.151283,-0.097355,0.200846,-0.02197,0.190776,0.083132,-0.038843,-0.101911,0.34635,0.398709,0.149405,0.053264,0.256269,-0.254087,-0.018786,-0.215736,-0.18664,0.065029,0.0,0.180896,0.066002,0.123257,0.00128,-0.194684,-0.312087,0.087082,0.232972,0.171111,0.053373,-0.154209,0.028432,0.047385,-0.126411,0.101554,-0.064134,-0.212013,0.670903,0.081095,0.108346,0.225844,-0.043038,0.221173,-0.11406,0.215137,-0.102879,0.204627,-0.158329,-0.196642,0.079539,-0.081412,0.219481,0.112103,0.202584,-0.024075,0.121211,0.120335,-0.025282,0.142589,-0.094726,0.200413,-0.204428,-0.331215,0.014455,0.0,0.333731,0.142657,0.00029,-0.011972,0.081586,0.313195,0.185647,0.056268,0.058902,0.219574,-0.024945,0.136631,0.153987,0.301008,0.120993,0.031734,-0.272434,0.130936,0.140077,0.130936,-0.309164,0.324103,-0.145927,0.002902,0.145407,0.204627,0.330688,-0.086131,-0.075347,0.06983,0.056689,-0.220941,0.30194,-0.378746,-0.024407,0.093622,0.118212,0.12265,0.095099,-0.091869,0.104564,-0.189497,0.125163,0.023802,0.110764,0.498575,0.06675,0.203994,0.027595,-0.043689,0.019996,0.403213,0.14438,-0.040257,0.084203,0.134473,-0.005151,0.175712,0.176486,-0.148337,0.179421,0.061477,-0.15599,0.279982,0.039243,0.117702,0.227261,-0.164417,0.354673,-0.048007,-0.11828,0.034333,-0.109062,0.241611,0.195156,0.085216,-0.382651,0.336427,0.139704,-0.186676,0.160005,-0.357616,-0.061232,0.045438,-0.122336,-0.08787,0.504086,-0.259659,#
18,-0.169102,-0.066362,0.140794,-0.109326,-0.027007,0.043454,0.072294,-0.292605,0.23369,0.01862,-0.050768,0.106542,0.15843,-0.141619,-0.237886,-0.010463,-0.101321,0.305727,1.0,-0.054976,0.250843,0.013098,0.345668,-0.084095,0.39602,0.010808,0.083728,0.421505,-0.293028,0.238787,0.100661,-0.091312,-0.068156,0.084016,-0.06267,0.298939,-0.351849,-0.273626,-0.192609,-0.08578,-0.114257,-0.191625,0.327859,0.225083,-0.106125,0.072105,-0.178938,-0.026689,-0.089384,-0.027677,0.501369,0.216036,0.059385,-0.102427,0.04539,0.299822,0.044447,-0.046508,-0.265079,-0.067975,-0.087847,-0.173156,-0.006666,0.050164,0.062132,0.267942,0.0,-0.021282,-0.216292,0.195477,0.286438,-0.200734,-0.363598,0.041361,0.042155,0.446159,-0.090314,-0.388424,0.21728,-0.155238,0.076472,0.019238,-0.27316,0.126086,0.017712,-0.16793,0.012733,-0.135606,0.244615,0.480246,-0.006553,0.231296,-0.088691,0.055575,0.080952,-0.321606,-0.004856,0.029948,-0.282177,-0.116504,0.124943,0.097945,0.046451,0.219221,-0.00258,0.171371,0.199974,0.079102,0.087791,0.003531,-0.016059,0.0,0.147494,-0.006558,-0.334377,0.050826,0.175921,0.042617,0.258452,0.052573,-0.08774,-0.144558,-0.148827,-0.276333,0.108292,-0.230587,0.079233,-0.263442,-0.062432,0.037843,0.048597,0.02845,0.133648,0.241627,-0.445932,0.060554,0.054084,0.030443,-0.242102,-0.229463,0.078131,0.058991,-0.099862,-0.138806,-0.11491,-0.163857,-0.020757,0.147407,-0.086759,0.052598,0.169795,-0.257359,0.233368,-0.061889,-0.145312,-0.162237,0.006087,0.217883,0.009103,0.24569,0.153083,-0.152187,-0.202105,-0.058719,0.283125,-0.206411,0.361296,-0.130271,-0.15784,0.051673,0.163023,0.436301,0.102167,-0.085123,0.378971,-0.186953,0.159889,0.127622,0.06613,-0.018551,0.065764,0.126456,0.043083,-0.125934,0.213098,0.228431,-0.134249,0.020876,-0.313166,0.103095,0.042859,0.025045,-0.03744,-0.1995,-0.50514,0.367292,0.03102,0.195223,0.423668,0.038332,#
19,-0.043186,-0.051477,0.138013,0.370134,0.100662,-0.247116,-0.017225,-0.075364,-0.029765,-0.012382,-0.358956,-0.073488,-0.015878,0.231537,-0.03226,-0.230451,-0.03997,-0.18788,-0.054976,1.0,-0.314401,0.025288,-0.177481,0.197726,-0.184498,0.092152,-0.087736,-0.001417,-0.060715,-0.046142,0.060436,-0.098459,0.057926,0.372498,0.087965,0.064813,-0.016339,-0.000928,-0.207367,-0.164008,-0.102954,0.073072,-0.024267,0.025875,-0.008811,0.087506,-0.088958,-0.120351,0.250497,0.219182,0.05508,0.009326,0.08006,0.128136,-0.619396,-0.223275,0.244516,-0.107943,-0.239788,-0.138902,-0.024285,0.038128,-0.198199,0.186572,-0.085588,-0.112056,0.0,-0.017184,-0.119214,0.226979,-0.091155,0.111485,0.173503,0.375533,-0.090021,-0.429178,-0.136339,0.369561,0.005307,-0.122476,0.521087,0.078636,0.201738,0.138877,-0.039495,0.175517,-0.013155,-0.32705,0.143369,0.019119,-0.246962,0.270405,0.333789,0.001591,-0.212401,-0.184545,0.080643,0.140026,-0.067774,-0.034817,-0.201282,0.016164,-0.117234,0.165448,-0.133237,0.035824,0.052655,-0.314882,0.118866,-0.116865,0.316776,0.0,0.319299,0.319299,-0.073291,0.310597,0.173174,-0.270237,0.074653,-0.087261,0.215309,-0.002023,0.226961,-0.118362,-0.034796,-0.097319,-0.1183,-0.24553,0.189335,-0.161078,-0.072005,0.187843,0.206907,0.163269,0.023612,-0.184514,-0.075364,0.281668,-0.27713,0.255052,0.339023,-0.103565,-0.033761,-0.083044,0.082537,0.226906,-0.092224,-0.105037,-0.166274,0.159834,-0.063962,-0.326509,0.175191,0.618859,0.320583,0.104395,-0.167896,0.108476,0.257582,0.024946,0.281274,-0.108825,0.335265,0.159075,0.201419,0.067528,0.377378,0.001839,0.122531,0.053029,-0.19988,0.1141,-0.184512,0.211599,0.032628,0.080643,0.230299,-0.452686,-0.51275,-0.131559,0.038291,0.094542,0.232401,-0.151724,-0.068457,0.021431,-0.36124,0.029529,-0.240788,-0.31316,0.13656,-0.299369,-0.302283,-0.15603,-0.128442,-0.324802,-0.316597,-0.023478,0.234556,0.134807,#
20,-0.264599,0.326888,-0.317941,0.135517,0.072246,-0.102408,0.232662,0.177823,-0.421713,0.282999,0.24294,-0.179818,0.404456,-0.303556,-0.229842,0.048276,-0.154746,0.022407,0.250843,-0.314401,1.0,0.508,0.425671,0.262062,0.167104,0.103476,0.126706,0.088133,0.047692,0.305203,0.075438,-0.246266,0.280505,-0.189229,0.097731,-0.130243,-0.068471,-0.282799,0.098206,0.177343,0.210628,0.186948,0.499164,0.06036,-0.177949,0.045282,-0.377408,0.076661,-0.127349,-0.252553,0.142553,-0.235841,0.060866,-0.025421,0.057932,-0.035022,-0.248391,0.235849,0.113935,-0.01808,-0.105524,-0.360727,-0.052462,0.19063,-0.063288,0.368511,0.0,-0.01445,0.102259,0.261522,-0.392696,-0.175194,0.329055,-0.045699,-0.140381,0.237799,0.252661,-0.059602,-0.062735,-0.186242,-0.318162,-0.2909,-0.201031,-0.146929,-0.08031,-0.529686,0.273911,-0.159588,-0.018056,0.092687,-0.120096,-0.191628,-0.053835,-0.1782,0.020569,0.218633,-0.418541,-0.067491,-0.231716,0.084614,0.426744,0.216957,-0.02109,-0.173115,0.452922,-0.012629,0.033248,-0.099053,-0.333323,0.084693,-0.092168,0.0,-0.374951,-0.173181,0.022202,0.034964,-0.100715,0.025477,-0.120946,0.050175,-0.009922,-0.144478,-0.299912,-0.29219,-0.16478,-0.127909,0.078668,-0.039066,0.042056,0.11586,-0.26514,-0.142603,0.098196,0.133999,-0.109853,0.173135,-0.31825,-0.499543,-0.042462,-0.314775,-0.459753,0.116806,-0.086594,-0.141961,-0.165549,-0.072029,-0.321103,0.305285,-0.19548,-0.063416,-0.197189,-0.15437,-0.436726,-0.270839,-0.308849,0.094234,-0.17518,0.169827,0.099513,-0.255963,0.345694,0.243393,-0.317725,0.021308,-0.198336,0.059219,-0.042675,-0.199074,-0.211597,0.233096,0.081299,0.099324,-0.134854,-0.131087,0.246225,-0.35687,-0.336634,0.025203,-0.066917,-0.188638,0.088549,-0.245249,-0.000814,0.14763,0.165404,-0.056605,-0.380036,-0.004197,0.287608,0.120405,-0.112669,0.381576,0.075963,-0.023557,0.1199,0.433028,0.127316,0.108369,0.117885,-0.032132,#
