0,1.0,0.465086,-0.12462,-0.257433,0.221651,-0.010584,0.10976,0.212945,0.202018,0.336526,-0.072742,-2e-05,0.09723,0.414475,0.126098,-0.004179,0.298585,0.312025,0.343964,-0.273022,-0.100869,0.079912,0.221044,-0.035475,-0.41723,-0.29752,0.133407,0.069685,0.234864,0.569857,-0.291989,0.148674,0.336904,-0.114958,0.084342,0.132667,-0.3168,-0.226802,-0.247559,0.390025,0.05861,-0.112668,-0.007795,0.389378,-0.220829,-0.472135,0.077028,0.067948,-0.211695,-0.299753,0.073572,-0.285553,0.071265,-0.263688,0.00023,-0.252067,-0.052967,-0.22727,0.16205,0.288458,0.162194,-0.049683,-0.242814,0.147003,0.257611,0.493199,0.017152,0.145174,0.054651,-0.16411,-0.372053,-0.318864,-0.276601,-0.289232,-0.109001,0.257892,-0.232453,-0.27628,-0.239485,-0.126637,-0.345497,-0.248797,-0.313104,0.037542,-0.142349,-0.120792,-0.149399,-0.295113,0.059565,-0.322599,-0.406689,-0.548374,-0.40432,-0.052358,-0.302959,-0.569792,-0.093808,-0.37609,-0.441358,-0.339897,0.068671,-0.513312,-0.290436,-0.085132,-0.272483,0.023231,-0.226313,-0.190193,-0.270256,-0.080411,0.102284,0.271817,-0.309204,-0.201608,-0.752375,-0.12264,-0.366453,-0.28426,0.101693,-0.486788,-0.475505,-0.290687,-0.437618,-0.223826,-0.203571,-0.314636,-0.10312,-0.08926,-0.360401,-0.608569,-0.287911,-0.249796,-0.174294,0.058635,-0.382454,-0.202734,0.367799,-0.569176,-0.367326,-0.250997,-0.101488,-0.468605,-0.662836,-0.069691,-0.18106,-0.326954,-0.166991,0.381943,-0.350231,-0.435556,-0.267873,-0.378829,-0.283689,-0.374393,-0.364761,-0.513598,0.248536,0.473001,-0.360384,-0.061527,-0.432981,0.004631,-0.203599,-0.336999,-0.478616,0.222814,-0.367659,-0.2537,-0.264596,-0.121335,0.295667,0.219268,-0.458365,-0.353435,0.609623,-0.518826,-0.363427,0.359951,0.312365,-0.465656,0.023235,0.302552,-0.023609,0.152695,0.540969,-0.29483,0.270695,0.154922,-0.077077,0.663374,-0.055918,0.186953,0.460123,0.541974,-0.051218,0.494019,0.137704,-0.381808,-0.573091,0.393234,#
1,0.465086,1.0,0.049742,-0.258223,0.410103,-0.187383,0.441747,0.231038,0.194442,0.336907,-0.276025,-0.141527,0.24848,0.418178,0.470498,-0.172174,-0.090679,0.500418,0.5038,-0.281726,0.277699,0.079724,0.239343,0.145435,-0.441917,-0.257194,0.319945,0.244657,0.436278,0.565109,-0.665239,-0.005793,0.328111,-0.112173,0.07851,-0.058974,-0.264146,-0.201449,0.147641,0.216841,-0.232983,0.154521,-0.197583,0.333798,-0.220764,-0.258056,0.293125,0.249398,0.063261,0.164592,0.338049,-0.306222,0.098238,-0.165208,0.401753,-0.356423,-0.29945,0.184609,-0.238577,-0.017877,-0.078468,0.350006,-0.514938,0.33875,-0.070205,0.460923,-0.130444,0.258183,0.242166,-0.280988,-0.28053,-0.406997,-0.276519,-0.502149,-0.293265,0.437277,-0.43712,-0.305191,-0.446013,-0.497289,-0.536047,-0.437346,-0.684285,0.024339,-0.341976,0.039399,-0.163053,-0.329491,-0.297419,-0.169562,-0.400722,-0.398266,-0.594131,-0.070278,-0.493838,-0.230497,0.05523,-0.389079,0.066741,-0.353118,-0.218223,-0.511213,-0.674451,-0.083776,-0.468186,-0.511213,-0.475349,-0.202436,-0.627462,-0.08057,0.190454,0.310335,-0.351163,-0.535507,-0.377078,-0.135418,-0.561357,-0.47273,-0.017408,-0.505594,-0.502773,-0.123642,-0.445736,-0.425847,-0.1952,-0.124698,-0.278027,-0.260094,-0.298756,-0.442848,-0.489732,-0.611003,-0.351207,-0.166016,-0.206664,-0.394776,0.390089,-0.22816,0.033225,-0.303287,-0.455451,0.079119,-0.513075,-0.018699,-0.208374,-0.350328,-0.165302,0.539205,-0.382305,-0.433147,-0.289677,-0.409714,-0.135474,-0.174103,-0.571051,-0.171181,0.484265,0.492811,-0.591376,0.166859,-0.076897,0.00395,0.154603,0.097478,-0.494116,0.392011,-0.395796,-0.091562,-0.08065,0.124538,0.110406,0.027707,-0.117166,-0.570263,0.625773,-0.299199,-0.400971,0.160483,0.484582,-0.473633,0.026891,0.300968,-0.024214,0.142845,0.539242,-0.183496,0.276407,-0.066763,-0.266659,0.679485,0.116342,0.721434,0.300377,0.376943,-0.088134,-0.034429,0.13576,-0.40544,-0.44344,0.411795,#
2,-0.12462,0.049742,1.0,0.338296,0.304715,-0.444474,-0.049273,-0.026477,-0.000666,-0.024645,0.054954,0.108148,-0.111432,-0.105636,0.051168,-0.167229,-0.303592,-0.257597,0.043784,-0.037945,-0.163147,-0.341386,0.401957,-0.065274,-0.346061,0.076873,0.435829,-0.15234,0.027562,0.123288,-0.04715,0.424683,-0.263995,-0.245898,-0.066977,0.018004,0.267877,-0.155155,0.156494,-0.039001,-0.037966,0.178333,-0.153766,0.129294,-0.03435,-0.207413,0.03267,0.225758,-0.136368,-0.039571,-0.395356,0.249214,0.246434,0.060696,-0.198486,-0.231075,-0.449628,0.086562,-0.500945,-0.325435,-0.084785,-0.201233,-0.119275,0.055522,-0.111511,-0.07845,-0.216995,-0.132499,0.035834,0.21878,0.110974,0.091759,0.099288,0.109563,-0.119762,0.118775,-0.297045,-0.432468,-0.157046,0.10822,-0.051805,-0.164761,-0.054348,0.35358,-0.043237,0.149265,0.108916,0.109792,-0.268221,0.035073,-0.11604,0.017805,-0.153021,0.02315,-0.232474,0.127065,0.202346,-0.049772,0.187406,-0.044888,0.10671,0.029646,-0.045133,-0.054041,-0.13065,-0.275857,0.057042,0.251333,0.019932,0.273532,0.248063,-0.21206,-0.085532,0.098883,0.427196,-0.204132,-0.137454,-0.201835,-0.065035,-0.074912,-0.134119,-0.378842,0.202476,-0.148366,-0.107935,-0.215467,-0.467173,-0.351958,0.017727,-0.120518,0.289516,-0.388473,-0.365567,-0.321708,-0.06349,0.234074,0.273007,0.279554,0.296943,0.324216,0.138681,0.226032,0.036062,-0.316547,-0.284629,0.285975,-0.025567,0.039913,-0.171751,0.137704,-0.307672,-0.163853,0.199204,-0.147136,0.023086,-0.205507,-0.063919,0.198454,0.198253,-0.031471,-0.153608,-0.034816,0.177524,-0.187528,-0.065436,-0.190568,-0.282176,-0.068804,0.059977,-0.00821,0.05482,-0.141915,0.114161,-0.162889,0.270864,0.137445,-0.059006,-0.199756,0.053157,0.015332,0.078517,-0.378348,-0.025755,0.081161,0.045828,-0.019816,-0.328772,-0.30756,-0.045944,0.05536,0.215298,0.13693,-0.047166,0.207827,0.207276,-0.447234,0.312066,-0.162583,0.044117,-0.015915,#
3,-0.257433,-0.258223,0.338296,1.0,-0.165438,-0.315399,-0.461669,-0.336835,-0.340916,-0.199453,0.177484,-0.204352,-0.119842,-0.360144,-0.256928,-0.342182,-0.021937,-0.160765,-0.162963,0.106104,0.169719,-0.501079,-0.081856,-0.104881,0.147446,0.186649,-0.157007,-0.038563,-0.12782,-0.198962,0.530059,-0.019236,-0.696278,-0.002494,-0.066672,-0.474549,0.154372,0.273465,0.33031,0.035227,0.228993,0.039462,-0.064856,-0.285109,-0.167461,0.199834,-0.089505,-0.25997,0.269094,-0.33226,-0.291104,0.442463,0.087977,0.145618,-0.167574,-0.024449,-0.125161,0.095586,-0.170255,0.050967,-0.311357,0.118231,-0.001924,-0.188134,-0.176095,-0.385672,0.009249,0.006244,-0.187629,0.272993,0.15904,0.494644,0.20787,0.383488,0.282254,-0.36069,0.181415,0.170397,0.373899,0.244155,0.140421,0.525829,0.28834,0.154407,0.255301,-0.183782,0.08981,0.398318,0.092038,0.545885,0.2002,0.484999,0.534299,-0.0645,0.424379,0.405481,0.044699,-0.034848,0.408264,0.351631,0.26834,-0.02313,0.429608,-0.136085,0.255801,0.354016,0.071281,0.60523,0.431069,0.443358,-0.142252,-0.326119,0.424379,0.301337,0.249929,0.118861,0.429055,0.262288,0.132396,0.042178,0.326469,0.127431,0.254238,0.098008,0.079851,0.009718,-0.22228,-0.251424,0.427353,0.257566,0.832564,0.078141,0.137343,0.142199,0.316835,0.451507,-0.108107,0.59632,0.090701,0.586553,0.497894,0.208538,0.36356,-0.241223,0.150958,0.463232,0.24521,-0.240525,0.215705,0.320482,-0.028764,0.288632,0.297927,0.032255,0.487082,-0.000487,-0.186026,-0.368735,0.466143,0.124241,-0.425067,0.049626,0.082441,-0.318483,0.108701,-0.223887,0.072204,-0.236326,-0.051867,0.268262,-0.072558,-0.177591,0.1429,0.063001,-0.309068,0.064066,0.204204,-0.062846,-0.370285,0.170281,-0.342418,-0.150313,-0.285713,-0.394471,-0.206863,-0.184772,-0.094106,0.161852,0.312924,-0.334469,-0.008166,-0.152288,-0.304039,-0.053104,-0.192166,-0.083558,-0.29446,0.25166,-0.016742,-0.146828,#
4,0.221651,0.410103,0.304715,-0.165438,1.0,-0.281462,0.489942,-0.025046,0.342962,0.3042,0.051771,0.059799,0.323923,-0.027945,0.58122,-0.266912,0.035225,0.197899,0.06984,-0.010417,0.046465,-0.080659,0.191346,-0.085024,-0.337174,-0.364531,0.211064,-0.36543,0.261172,0.160717,-0.454311,-0.130809,0.295479,-0.142544,-0.267293,0.220785,-0.048847,-0.385376,-0.088639,0.338056,-0.12267,0.18744,-0.347219,0.217352,-0.240526,-0.393953,0.323191,0.171871,-0.048953,0.165417,0.08758,-0.308149,0.230047,-0.161933,-0.131581,-0.330457,-0.529659,0.043988,-0.182321,-0.322488,-0.016548,0.105701,-0.258942,0.144476,0.073444,0.335893,0.137722,-0.021072,0.16164,-0.23725,-0.382834,-0.117587,-0.053189,-0.067477,-0.04612,0.31401,-0.022952,-0.605296,-0.201731,-0.588324,-0.281955,-0.357568,-0.433469,-0.217694,-0.259137,-0.181252,-0.090069,-0.262118,-0.368841,-0.23151,-0.322199,-0.319233,-0.350558,-0.172254,-0.427661,0.031282,0.140749,0.028764,-0.020371,0.053324,0.08436,-0.080333,-0.259825,0.011294,-0.212104,-0.410835,-0.60949,-0.181467,-0.218682,0.177057,0.183443,-0.166534,-0.443781,-0.2804,-0.114709,-0.19252,-0.445898,-0.398658,-0.222694,-0.254997,-0.562995,-0.209561,-0.350248,-0.308154,-0.166918,-0.236548,-0.3304,-0.249123,-0.321116,-0.027658,-0.249833,-0.665698,-0.599546,-0.473037,-0.122019,-0.280187,0.367203,0.025823,-0.11903,-0.031971,-0.182034,-0.25541,-0.086767,-0.412237,-0.309691,-0.308367,-0.040362,0.286246,-0.324008,-0.328101,-0.228983,-0.338958,-0.208533,-0.407787,-0.322143,-0.208917,0.541376,0.624561,-0.145374,-0.272752,-0.005921,-0.054106,0.105288,-0.055032,-0.432311,0.33725,-0.107965,0.130054,0.03517,0.092957,0.05187,0.072454,-0.010969,-0.320397,0.374085,-0.242857,-0.466988,-0.278576,0.551652,-0.005549,0.297603,0.018837,0.501335,0.214363,0.286702,-0.222259,0.204995,-0.178966,-0.194631,0.26515,0.013416,0.48398,-0.111772,0.121782,0.167378,-0.271968,0.194235,-0.340155,-0.379151,0.388737,#
5,-0.010584,-0.187383,-0.444474,-0.315399,-0.281462,1.0,0.142032,0.209837,0.214763,-0.103795,0.086228,0.013692,-0.073609,0.345072,-0.223872,0.188148,0.105528,0.163428,-0.220123,0.398954,-0.083243,0.376831,0.054667,-0.227955,0.390404,-0.220907,0.030224,0.324658,-0.14188,-0.249675,-0.193378,0.002288,-0.085523,-0.110669,-0.086526,-0.041377,-0.23124,0.053412,-0.229064,-0.339974,0.114791,0.124657,0.340658,0.128014,0.098962,-0.154194,0.124783,0.07888,0.01651,0.144326,0.317471,0.082197,0.170405,-0.167384,-0.132517,0.176258,0.290242,-0.24026,0.411462,-0.021331,0.186349,-0.216705,0.105101,0.300204,-0.030106,0.316247,-0.172903,-0.090081,-0.023243,0.12676,0.103091,0.074061,-0.276577,-0.079195,0.050801,0.143288,0.271104,0.300337,0.104028,0.05144,0.154581,-0.062611,0.151756,-0.257705,0.210262,0.253278,0.05141,-0.278782,0.554922,-0.33285,0.101073,0.149112,0.09996,0.165279,0.218647,-0.068178,-0.062644,0.162775,-0.42072,-0.168911,-0.244145,0.186859,0.206223,0.137778,0.224339,0.00757,0.425176,-0.529708,0.050828,-0.220154,0.070901,0.314446,0.040003,-0.168724,-0.127826,-0.090692,-0.22217,0.382927,-0.132975,0.231762,0.166066,-0.008312,0.199735,-0.026669,-0.064286,0.29993,0.301315,0.344591,0.227278,0.208513,-0.321094,0.239707,-0.005874,-0.217208,-0.169949,-0.057263,-0.220096,-0.393548,-0.178329,-0.261983,-0.117432,-0.312293,-0.159384,-0.070597,0.162657,0.252347,-0.170127,-0.027626,0.346863,-0.275244,0.155609,0.169106,-0.114253,0.050012,-0.027133,0.19782,-0.026847,-0.023475,0.02471,-0.015684,0.018938,0.025487,0.041918,0.100046,0.183138,0.090526,0.309996,0.247727,-0.207497,-0.11265,-0.192221,0.254283,-0.103516,0.431221,-0.180976,0.051732,0.28522,0.007635,0.195332,0.101584,0.200946,0.147902,-0.01131,0.018476,-0.243196,-0.01984,0.143461,0.169689,-0.172424,-0.130394,-0.006312,-0.313692,-0.012057,-0.084387,0.200327,0.158376,-0.005323,0.242482,0.125142,-0.220718,#
6,0.10976,0.441747,-0.049273,-0.461669,0.489942,0.142032,1.0,0.214342,0.670447,-0.005163,-0.048654,0.061266,0.440229,0.060477,0.583966,-0.173019,-0.245055,0.327573,0.181744,0.192035,0.176207,0.285314,0.088073,0.012238,-0.12189,-0.286611,0.213874,-0.039702,0.15199,0.187784,-0.79365,0.040505,0.451516,-0.209758,-0.199293,0.095496,-0.062174,-0.076151,0.007957,0.025351,0.059225,0.414531,-0.21231,0.166262,0.025712,-0.17805,0.544689,0.501562,0.078902,0.241667,0.155867,-0.433377,0.033276,-0.22695,-0.039083,0.221236,0.030431,-0.110661,-0.066647,0.048122,-0.144165,0.19306,-0.090471,0.25076,0.226854,0.399035,0.025561,-0.186371,0.153098,-0.232259,0.103844,-0.297289,-0.111501,-0.122825,-0.384513,0.401664,-0.059736,-0.123814,-0.233484,-0.277987,-0.126498,-0.539104,-0.450149,-0.231417,-0.484002,0.355784,0.030912,0.029727,-0.207274,-0.385146,-0.360744,-0.213571,-0.532333,0.298446,-0.29695,-0.13969,0.259972,0.180219,-0.071669,-0.129155,-0.143692,-0.048149,-0.128714,0.35672,-0.219304,-0.544651,-0.102119,-0.498348,-0.209226,-0.307947,0.407305,0.255128,-0.321577,-0.606064,-0.027574,-0.157904,-0.5571,-0.272212,-0.146194,-0.27675,-0.365103,-0.225111,-0.355896,-0.421938,-0.185558,0.044298,-0.048422,0.33411,-0.219203,-0.038781,-0.475301,-0.609735,-0.443451,-0.206257,-0.116959,-0.232716,-0.02597,-0.145143,0.004963,-0.176475,-0.309522,-0.26114,-0.198243,-0.125685,-0.210998,-0.216478,-0.336006,0.479569,-0.035303,-0.452476,0.079708,-0.204641,-0.058749,-0.28468,-0.383559,0.201877,0.679998,0.477392,-0.245962,-0.147972,0.463235,0.186431,0.527642,0.246776,0.068195,0.529599,0.112239,0.21999,-0.267331,-0.215962,-0.067986,0.062746,-0.158245,-0.225405,0.227662,0.060056,-0.131583,0.028044,0.660212,-0.260275,0.168961,0.363531,0.217781,0.042173,0.286485,-9.8e-05,0.380669,0.107962,-0.758978,0.132964,0.292525,0.368885,0.069389,-0.033253,0.228772,-0.368411,0.085681,0.146519,0.053612,0.029956,#
7,0.212945,0.231038,-0.026477,-0.336835,-0.025046,0.209837,0.214342,1.0,0.461172,-0.298951,-0.204425,0.136514,0.02945,0.420932,0.201526,0.077103,-0.04861,0.094807,-0.103045,-0.042199,0.133409,0.375259,0.211799,0.222703,-0.207057,-0.138239,0.431385,0.311538,0.232753,-0.017885,-0.398111,0.271061,0.182045,-0.299043,-0.088421,0.033175,-0.120777,-0.575042,0.218181,-0.080782,-0.178805,0.198221,-0.072042,0.167655,0.117023,0.052338,0.141029,0.331625,-0.178475,0.154571,0.091092,-0.100793,0.025043,0.193164,-0.205265,0.013646,0.098719,-0.236826,0.342156,0.034081,0.151526,0.053138,-0.211447,0.277312,0.004562,0.279776,-0.267334,0.142857,0.295389,-0.24409,0.03347,0.031918,-0.253067,0.228924,-0.369249,0.435509,-0.148201,-0.142761,-0.67202,0.003948,-0.078537,-0.322919,-0.080304,-0.179053,-0.189684,0.319999,0.171644,-0.131155,-0.031252,-0.606971,-0.145517,-0.256209,-0.325033,0.301042,-0.371693,-0.140418,0.214998,-0.065673,-0.316851,-0.432109,-0.205115,-0.255952,-0.008422,0.033084,-0.197124,-0.427964,-0.032582,-0.305058,-0.349669,-0.500185,0.158627,0.326406,-0.549941,-0.076292,-0.173639,-0.046654,-0.32198,-0.023377,-0.472542,0.137919,-0.082544,-0.235841,0.149645,-0.512287,0.034891,-0.135775,-0.038968,0.012445,-0.057842,-0.20405,-0.535682,-0.194199,0.090529,-0.285317,0.084677,0.030383,0.148164,-0.309846,0.040452,-0.298531,-0.375953,-0.067204,-0.238129,0.12388,-0.099911,-0.034057,-0.469819,0.165182,-0.18044,-0.01515,-0.111502,-0.096511,-0.194844,-0.141017,-0.069702,0.074506,0.320431,0.080292,-0.199174,0.206435,0.112671,0.093191,-0.094035,0.045722,0.137045,0.165841,0.012779,-0.132531,-0.317099,-0.298786,-0.127752,0.149914,-0.559091,-0.216,0.248644,-0.003376,-0.138656,0.054028,0.296577,-0.302988,0.132821,0.241393,0.246936,0.294687,0.172554,0.137864,0.219133,-0.272848,-0.185628,0.128355,0.296486,0.119054,0.237165,-0.161526,-0.089073,0.190121,0.154582,-0.195321,-0.158783,0.434753,#
8,0.202018,0.194442,-0.000666,-0.340916,0.342962,0.214763,0.670447,0.461172,1.0,-0.144677,-0.309007,0.055178,0.551625,0.168049,0.249504,-0.293836,-0.30802,0.388023,0.166572,0.364208,0.265549,0.255709,0.1276,0.124588,0.033852,-0.41331,0.398021,-0.186988,0.244676,0.135062,-0.558146,0.035194,0.335331,-0.35312,-0.3249,-0.09264,-0.01663,-0.309703,-0.07382,-0.012807,0.381886,0.343532,-0.177975,-0.031868,0.085685,-0.259728,0.446759,0.597275,-0.031639,-0.074653,0.068022,-0.266884,0.101705,0.139614,-0.330208,-0.02323,0.156765,-0.341565,0.229126,-0.010494,-0.005996,-0.056483,-0.124877,0.304359,0.30899,0.516059,0.022779,0.101343,0.246994,-0.199617,0.302585,-0.026091,-0.29883,0.207403,-0.197246,0.326673,0.012892,-0.071429,-0.170961,-0.25118,0.273555,-0.492189,-0.232176,-0.251977,-0.206801,0.483524,0.243815,0.184041,0.101822,-0.394474,-0.187938,-0.109837,-0.484391,0.547466,-0.290116,0.04421,0.533311,0.099651,-0.001613,-0.077637,-0.107126,0.125617,0.146883,0.330243,-0.023566,-0.214298,0.01075,-0.408342,-0.17725,-0.300057,0.613212,0.122534,-0.244829,-0.230199,0.145236,-0.17368,-0.43622,0.095688,-0.167475,-0.197229,-0.207365,-0.262187,0.011538,-0.467916,0.020917,0.14527,-0.002669,0.327274,-0.231556,0.002603,-0.387831,-0.478336,-0.127664,-0.279538,0.101101,-0.078117,0.031187,-0.126501,-0.026855,0.026618,0.023402,-0.313029,-0.198974,-0.117257,-0.162726,0.015092,-0.394283,0.350736,0.123689,-0.29637,0.133491,-0.279039,0.161801,-0.199677,-0.095807,0.173489,0.605986,0.354743,0.114071,-0.126537,0.189918,0.079303,0.178994,0.313014,0.19866,0.396317,0.267098,0.100668,-0.448073,-0.140174,-0.257017,0.145876,-0.172058,0.056468,0.206115,0.268254,-0.109869,-0.113825,0.570317,-0.511458,0.128106,0.042048,0.161536,-0.115115,0.11891,0.107674,0.541578,0.169223,-0.729807,0.092149,0.54137,-0.000961,0.041326,-0.220895,0.168866,-0.136646,0.006813,-0.130825,0.016426,0.090119,#
9,0.336526,0.336907,-0.024645,-0.199453,0.3042,-0.103795,-0.005163,-0.298951,-0.144677,1.0,-0.018826,-0.073369,0.351897,0.213642,0.105494,-0.094795,-0.03304,0.325293,0.23533,-0.134372,-0.072172,0.183495,0.362718,-0.018082,-0.354989,-0.035334,0.157511,-0.269464,-0.023583,0.537933,-0.031048,-0.043995,0.369297,0.098411,-0.024994,0.105465,-0.307248,-0.1439,-0.244742,-0.067722,-0.046275,0.096512,0.06449,0.142082,-0.128608,-0.562663,0.070713,0.176362,-0.597236,-0.102283,0.160329,-0.066156,0.043733,-0.407355,0.243117,-0.393334,-0.394019,-0.046313,-0.324352,-0.291712,0.193489,-0.012544,-0.297899,0.034217,-0.299279,0.262488,-0.113046,-0.005449,0.072918,0.156304,-0.28676,-0.358948,-0.161088,-0.696925,0.000508,0.026002,-0.31288,-0.456343,-0.110393,-0.356241,-0.077329,-0.31094,-0.276711,-0.020318,0.088561,-0.156001,-0.130809,-0.236687,-0.237342,-0.145914,-0.071871,-0.151144,-0.311908,-0.190398,-0.354746,-0.180893,0.129126,0.119663,-0.086117,-0.25087,-0.187378,-0.386289,-0.357207,-0.001546,-0.238398,-0.169129,-0.335178,-0.16691,-0.237471,0.022774,0.153124,-0.089045,-0.150514,-0.272672,-0.254074,-0.131984,-0.327022,-0.111003,0.342509,-0.579966,-0.386446,-0.227693,-0.00552,-0.145883,-0.227298,0.022701,-0.031141,-0.332701,-0.282396,-0.001519,-0.109311,-0.138593,-0.272975,-0.16945,-0.491051,-0.102854,0.225617,-0.179769,0.171484,-0.057844,-0.13349,-0.133006,-0.184755,-0.227286,-0.14942,-0.228854,0.402961,0.286228,-0.378043,-0.116602,-0.462844,-0.40179,0.195774,-0.21804,-0.152769,-0.299111,0.196036,0.381588,-0.018349,-0.244794,-0.216181,0.148933,-0.10204,0.060704,-0.599413,0.275516,-0.326982,0.073561,0.318391,0.137049,0.099449,0.076386,0.08741,-0.018349,0.433232,-0.510411,-0.204878,-0.004546,0.032189,0.053276,0.051455,0.002273,-0.247984,0.134027,0.172856,-0.002025,0.212087,-0.188917,-0.01446,0.464427,0.063958,0.37628,-0.205492,0.389397,0.23397,-0.073173,-0.092453,-0.294494,0.003043,-0.128554,#
10,-0.072742,-0.276025,0.054954,0.177484,0.051771,0.086228,-0.048654,-0.204425,-0.309007,-0.018826,1.0,0.023082,-0.382566,-0.130656,-0.0835,0.241258,0.025284,-0.29709,-0.181068,-0.137811,-0.176367,0.067956,0.018564,-0.112898,0.195763,0.097708,-0.012475,0.074321,-0.218241,-0.322626,0.171701,-0.030977,-0.018808,0.216618,0.085277,0.326879,-0.208933,0.316957,-0.096535,-0.033477,-0.052581,-0.01145,0.065086,-0.042982,-0.181918,0.057475,-0.070889,-0.253813,-0.067658,0.225218,-0.097177,-0.048468,-0.094545,-0.275486,-0.346014,0.311885,-0.027718,0.277293,-0.062105,0.123707,-0.075284,-0.151974,0.139765,-0.238195,-0.175048,-0.378834,-0.264675,-0.361173,-0.412855,0.09566,-0.180198,0.035924,0.054705,0.200677,0.239393,0.056208,0.204005,-0.002412,0.124842,0.093317,-0.211627,0.151539,0.181038,0.064768,0.131379,-0.190509,0.093262,-0.011198,-0.092242,-0.050336,-0.266332,0.040614,0.334382,-0.287858,0.290377,0.095698,-0.356309,0.351178,-0.043717,0.169206,0.192352,-0.063707,0.278295,-0.282164,0.061675,-0.052952,0.050915,-0.158032,0.421487,0.278717,-0.55088,-0.125956,0.100058,-0.182924,-0.05868,-0.099475,0.262644,-0.12523,-0.09476,0.285916,0.334455,-0.045366,0.037725,0.248624,-0.360706,-0.408578,-0.246657,0.197957,0.110517,-0.10544,0.282338,0.075234,-0.183127,0.132329,0.009671,0.259091,-0.18133,0.106383,-0.186901,0.098883,-0.008992,-0.319002,0.337348,-0.304825,-0.178529,-0.069203,0.096314,-0.287361,-0.245682,0.188912,0.23172,0.245877,-0.335908,-0.308423,0.037416,-0.236954,-0.328876,-0.230746,0.142317,-0.195848,-0.103913,0.136493,0.280992,-0.347048,-0.141956,-0.125151,-0.07647,0.281813,0.422679,-0.028824,0.115167,0.145434,-0.138486,-0.099895,-0.410019,-0.033044,0.106909,0.077411,-0.093271,0.291366,0.289935,-0.069363,-0.129909,0.240353,-0.086201,-0.385585,-0.217428,-0.105437,0.142596,-0.364478,-0.344651,-0.034169,-0.218391,-0.084332,-0.05256,-0.273308,0.172824,0.346455,-0.007174,-0.181842,#
11,-2e-05,-0.141527,0.108148,-0.204352,0.059799,0.013692,0.061266,0.136514,0.055178,-0.073369,0.023082,1.0,-0.082606,-0.064318,-0.006642,0.017517,-0.177684,-0.035632,-0.376739,0.059746,-0.372694,0.236788,0.239978,-0.105694,-0.092414,0.183562,0.203568,-0.35774,-0.107534,-0.094926,-0.163767,0.203528,0.153199,0.352097,0.204203,-0.046893,-0.182325,-0.170686,-0.259933,-0.080399,-0.123975,0.256515,0.061585,-0.36241,0.267671,-0.26892,0.033914,0.007602,-0.079917,0.074801,-0.29062,0.039922,0.051945,-0.157046,0.045881,-0.058415,-0.177431,-0.05363,0.176086,0.085794,0.139084,-0.068261,-0.150943,-0.504862,0.111705,-0.1313,-0.273393,-0.117308,-0.124425,0.296178,0.171586,-0.343372,0.300631,0.157695,-0.550798,-0.011543,-0.251381,-0.382079,-0.111892,0.173586,0.329466,-0.266077,-0.162378,-0.21933,-0.035062,0.248372,-0.006168,-0.031982,0.114501,-0.218016,0.083914,-0.285154,-0.108744,0.084749,-0.187667,-0.13657,-0.227739,0.147193,-0.269997,0.006508,-0.091459,0.12075,-0.00466,0.053362,-0.387296,-0.199686,0.18999,-0.006725,-0.067555,0.164852,-0.004508,0.22584,-0.377759,0.008377,0.003297,-0.270297,-0.044181,0.167603,-0.085389,0.146246,0.105624,-0.227035,0.098627,0.110062,-0.212508,0.154791,-0.153286,-0.136655,0.140374,0.251378,-0.189513,0.031818,-0.144541,-0.273714,0.015087,-0.014496,0.269377,-0.141324,0.267476,-0.280172,0.054179,-0.11787,0.129593,-0.246222,-0.264509,0.000125,0.052107,0.000764,-0.164274,0.213109,-0.073588,-0.288798,-0.060493,0.01236,-0.105064,0.076613,0.003975,0.011696,0.033209,0.13018,0.230958,-0.262712,-0.08604,0.03483,-0.033005,-0.114142,0.146032,0.163092,-0.060428,-0.073676,0.148491,-0.040897,0.016535,0.22703,0.034524,-0.103071,-0.445548,0.118562,-0.085074,-0.031594,0.147128,-0.126756,-0.067787,0.329668,0.113667,-0.099371,-0.106531,-0.100868,-0.155239,-0.184351,-0.240452,-0.103506,0.033952,-0.046232,0.277413,0.005026,0.333119,0.045604,0.241213,-0.025499,#
12,0.09723,0.24848,-0.111432,-0.119842,0.323923,-0.073609,0.440229,0.02945,0.551625,0.351897,-0.382566,-0.082606,1.0,0.159914,0.255563,-0.410364,-0.215216,0.528683,0.111939,0.169055,0.327613,0.158103,0.20133,0.063022,-0.157231,-0.182916,0.118305,-0.391383,0.262129,0.338516,-0.368732,-0.065621,0.361113,-0.104603,-0.236281,-0.24674,0.009874,-0.324036,-0.124768,-0.13636,0.250737,0.303276,0.11136,-0.149131,-0.043418,-0.356171,0.394169,0.400823,-0.271509,-0.337794,0.205118,-0.255109,0.11001,0.012833,-0.076089,-0.043608,0.109164,-0.177049,0.024009,-0.219813,-0.00503,0.243243,-0.052604,0.032397,0.167277,0.372632,0.047037,0.210536,0.237593,-0.045532,0.164582,0.123548,-0.212177,-0.134959,-0.149706,0.218277,-0.029561,-0.163899,-0.205723,-0.266276,0.260589,-0.520096,-0.400327,-0.299688,0.047858,0.344907,-0.098519,0.203515,0.023887,-0.108597,-0.152616,0.131244,-0.514387,0.310679,-0.46854,0.120819,0.660448,0.075214,0.144846,-0.064697,-0.035292,-0.10423,0.061432,0.124184,0.001913,-0.113736,-0.16384,-0.136534,-0.307204,-0.206509,0.494525,-0.249811,-0.148354,-0.230469,0.078367,-0.029551,-0.423673,0.088052,0.06635,-0.439034,-0.270245,-0.32103,0.048145,-0.448271,0.074819,0.404354,-0.035224,0.137027,-0.106303,0.203911,-0.109245,-0.341721,-0.234168,-0.318118,-0.064598,-0.073163,-0.096348,-0.043857,0.095699,0.182887,-0.004908,-0.106912,-0.107132,-0.215044,-0.02764,-0.1177,0.024186,0.332411,0.102449,-0.14725,-0.305994,-0.388976,0.362572,-0.2188,-0.02873,0.209665,0.659162,0.301049,0.105644,-0.303571,0.115827,-0.155243,0.203336,0.429515,0.001249,0.509033,0.262635,-0.161485,-0.265316,0.130374,-0.077877,0.011173,-0.016912,-0.070547,0.319311,-0.056835,-0.203645,0.075318,0.323621,-0.145336,-0.047968,-0.010758,-0.099555,-0.39532,0.199854,0.093636,0.633911,0.115975,-0.549135,0.239067,0.500682,0.210057,-0.164734,-0.139728,0.147273,-0.04558,-0.199246,-0.097922,0.090127,-0.039024,#
13,0.414475,0.418178,-0.105636,-0.360144,-0.027945,0.345072,0.060477,0.420932,0.168049,0.213642,-0.130656,-0.064318,0.159914,1.0,-0.022104,0.2598,-0.083556,0.294941,0.208161,-0.057646,0.078174,0.493297,0.58803,0.274986,-0.262981,-0.297936,0.36117,0.367947,0.215771,0.237784,-0.387046,0.160463,0.225011,0.180352,0.152199,0.181418,-0.303418,-0.299951,0.079847,-0.064099,-0.203108,-0.061317,0.496772,0.376147,-0.19642,-0.294849,0.04176,0.277599,-0.280786,0.136473,0.506984,-0.151208,-0.10077,0.123566,0.0043,-0.136942,0.040282,0.039484,0.236592,-0.029641,0.49352,0.06961,-0.177975,0.221574,0.144075,0.369487,-0.475701,0.452966,0.382367,0.038849,-0.149271,-0.190698,-0.146715,-0.334843,-0.107205,0.392326,-0.237823,-0.108274,-0.485094,-0.127069,-0.304604,-0.389816,-0.216098,-0.029279,0.206305,-0.024778,0.076102,-0.362705,0.085738,-0.370885,-0.370363,-0.168401,-0.441967,0.263942,-0.402348,-0.356137,0.177102,-0.105358,-0.26335,-0.490256,-0.14644,-0.217279,-0.203535,-0.306826,-0.120022,-0.35044,0.064662,-0.430786,-0.325531,-0.191866,0.162983,0.15979,-0.229211,-0.214656,-0.325898,-0.182444,-0.450047,-0.189303,0.004316,-0.187512,-0.205695,-0.363614,0.086418,-0.472076,0.107666,0.101188,-0.095885,-0.174342,-0.047172,-0.330157,-0.409051,0.015698,-0.199132,-0.273325,-0.281183,-0.279769,0.161259,-0.555956,-0.169176,-0.301891,-0.27559,-0.03553,-0.596369,0.016104,-0.290393,-0.093937,-0.313522,0.172727,-0.232711,-0.360156,-0.355862,-0.154589,-0.130191,-0.008254,-0.305585,0.110666,0.203957,0.236981,-0.319767,-0.166094,-0.151053,-0.268303,-0.147286,0.245311,-0.254889,0.185501,-0.099817,0.071309,-0.233015,0.202578,-0.005795,0.3945,-0.071241,-0.303754,0.37855,-0.188794,-0.139502,0.10303,0.309282,-0.267396,0.064755,-0.026505,-0.126364,0.219796,0.186748,0.101779,0.084691,-0.169126,-0.14886,0.516548,-0.11959,0.173044,0.382381,0.374367,0.105801,0.230955,0.491774,-0.318955,-0.258904,0.186718,#
14,0.126098,0.470498,0.051168,-0.256928,0.58122,-0.223872,0.583966,0.201526,0.249504,0.105494,-0.0835,-0.006642,0.255563,-0.022104,1.0,-0.2096,0.089519,0.138601,0.111938,-0.108376,0.340812,0.052516,-0.050879,0.155534,-0.275348,-0.121452,-0.040813,0.049686,0.215165,0.052067,-0.5455,-0.17391,0.339922,-0.108481,-0.294915,0.290353,-0.260732,-0.253317,0.343297,0.229895,-0.224742,0.166669,-0.56018,0.176881,-0.220945,0.08202,0.205882,0.080821,0.02208,0.343955,0.048013,-0.132871,-0.218192,-0.00776,0.009584,-0.078002,-0.321281,-0.007429,-0.217645,-0.049754,-0.078334,0.555633,-0.507296,0.086486,0.022437,0.248662,0.0146,0.003336,0.2045,-0.366072,-0.271531,-0.218661,-0.022757,-0.103754,-0.455348,0.264122,-0.075617,-0.47163,-0.259908,-0.478109,-0.191928,-0.251304,-0.184321,-0.304021,-0.497498,0.051681,-0.154885,-0.120203,-0.44227,-0.333251,-0.241696,-0.383527,-0.253981,-0.041161,-0.484566,-0.219385,0.075135,0.12607,-0.091928,-0.351761,0.313427,-0.325268,-0.310985,0.103672,-0.281141,-0.499286,-0.445618,-0.121884,-0.452132,-0.242928,0.032978,-0.152977,-0.329999,-0.345929,-0.16695,-0.117208,-0.392163,-0.480197,-0.300991,-0.146946,-0.500354,-0.138067,-0.447065,-0.251323,0.065295,-0.295319,-0.284787,-0.054835,-0.367099,-0.118401,-0.48838,-0.611505,-0.351761,-0.103115,-0.185771,-0.222508,0.401169,-0.226651,-0.031981,-0.074739,-0.443176,-0.169376,-0.331193,0.010444,-0.035101,-0.34894,-0.17719,0.309702,-0.367602,-0.44701,-0.273486,-0.046419,-0.140792,-0.170716,-0.385881,0.193549,0.582479,0.419597,-0.385329,-0.032244,0.295564,0.181518,0.177094,-0.102472,-0.259469,0.573331,-0.046194,-0.077478,-0.089717,-0.326743,0.288217,0.050657,-0.125488,-0.385329,0.289462,-0.278623,-0.23378,-0.049232,0.49567,-0.079541,0.02268,0.438512,0.552711,0.144363,0.210407,-0.079494,-0.057851,-0.047953,-0.274382,0.171808,-0.044764,0.735799,-0.040834,0.03984,-0.231716,-0.214293,-0.059633,-0.184754,-0.207158,0.423287,#
15,-0.004179,-0.172174,-0.167229,-0.342182,-0.266912,0.188148,-0.173019,0.077103,-0.293836,-0.094795,0.241258,0.017517,-0.410364,0.2598,-0.2096,1.0,-0.058577,-0.536861,0.154451,-0.264543,-0.456596,0.293753,-0.068157,0.176369,0.00639,-0.208842,0.142026,0.373283,0.111146,-0.247509,0.135529,0.161862,-0.094705,0.342117,0.096541,0.512121,0.180852,0.248013,0.007532,0.011479,-0.231093,-0.44213,0.415574,0.187484,-0.218664,0.019219,-0.363016,-0.079355,-0.051955,0.313627,0.262754,0.109922,-0.011831,-0.049842,-0.172546,0.383129,0.327816,-0.096116,0.238066,-0.092712,0.260698,-0.008951,0.361837,-0.103073,-0.042729,-0.199694,-0.299981,-0.029141,0.06619,0.161788,-0.052639,-0.338949,0.221837,-0.097315,0.050705,0.008216,-0.003944,0.106296,-0.093061,0.206263,-0.223234,0.102442,0.315584,0.22575,0.249011,-0.129876,0.206143,-0.488817,0.098798,-0.042263,0.075693,-0.041311,0.098533,-0.149757,0.222461,-0.073509,-0.370191,0.123838,-0.26435,-0.220594,-0.039419,0.138467,0.020706,-0.07912,0.381165,-0.02192,0.150349,-0.074832,0.02726,-0.091857,-0.357685,0.328143,0.03915,0.156539,-0.222781,-0.053384,0.272206,0.005326,-0.026131,0.218553,0.141378,0.200893,0.016664,0.111953,-0.168329,-0.068497,0.240537,0.088064,0.188493,-0.278247,-0.158445,0.268271,0.155922,0.215753,-0.198193,-0.075964,-0.217957,-0.086911,-0.123725,-0.2603,-0.160211,-0.05363,-0.18664,0.318496,-0.028542,-0.124772,-0.213686,-0.401581,-0.138988,-0.139738,0.057591,-0.022963,-0.338915,0.255405,-0.044836,0.01921,-0.363447,-0.147087,-0.182008,0.128331,0.210363,0.012608,-0.231509,0.015157,-0.032413,-0.424199,0.135843,0.27778,0.102814,-0.103888,-0.005578,0.008576,-0.091122,0.013807,-0.158533,0.044488,0.101575,0.212018,-0.13785,0.107219,0.169655,-0.166194,0.00518,0.227154,-0.226802,-0.004051,-0.344547,-0.327091,0.0995,-0.108624,-0.374554,-0.313208,0.17348,0.109602,0.198267,0.174798,0.243766,0.211222,0.087558,-0.218573,#
16,0.298585,-0.090679,-0.303592,-0.021937,0.035225,0.105528,-0.245055,-0.04861,-0.30802,-0.03304,0.025284,-0.177684,-0.215216,-0.083556,0.089519,-0.058577,1.0,-0.026578,-0.208474,-0.330388,-0.156069,-0.275598,-0.390536,-0.127038,-0.147239,-0.017578,-0.543865,0.199114,-0.039048,-0.128719,0.146523,-0.355353,-0.013937,-0.271745,0.028868,0.298648,-0.055405,-0.112741,-0.167794,0.166257,-0.252457,-0.39878,-0.095001,0.40575,-0.183598,0.1689,-0.351435,-0.565738,0.188968,-0.161316,0.017143,-0.036023,0.006811,-0.111134,0.144172,-0.164078,-0.167318,0.136808,0.113723,0.231043,-0.098531,-0.158449,0.00042,0.04367,0.29972,0.028168,0.492714,-0.049805,-0.164204,-0.430192,-0.645438,0.161755,0.029005,-0.041079,0.090908,0.197995,0.339215,0.022892,0.173603,-0.090411,-0.3525,0.324627,0.02998,0.088115,-0.05817,-0.330405,-0.450163,-0.230351,0.094829,-0.176507,-0.038384,-0.326153,0.320489,-0.535446,0.12181,-0.424414,-0.411294,-0.355905,-0.407472,0.013646,0.284693,-0.352735,-0.093126,-0.25265,0.091552,0.194544,-0.078909,0.0355,-0.109556,0.10033,-0.38997,-0.127118,-0.052615,-0.002219,-0.45671,0.39254,-0.081811,-0.265658,-0.40484,0.267217,-0.180494,0.266591,-0.476483,0.310487,0.18823,-0.387053,0.025341,-0.072741,-0.290902,-0.13623,-0.090464,0.23852,0.02039,0.143426,-0.199659,-0.113965,0.150854,-0.256161,-0.563894,-0.140186,-0.329631,-0.071845,-0.205809,0.0,0.246621,-0.179148,0.128368,-0.041282,0.045332,-0.165986,0.044999,0.226103,-0.474091,-0.064758,-0.151045,-0.427006,-0.127665,0.093052,-0.277162,-0.170582,-0.139313,-0.056395,-0.241934,-0.485147,-0.140186,0.026353,-0.084269,-0.364239,0.101834,-0.271511,0.475344,-0.014368,-0.3057,-0.046955,-0.058526,-0.289876,-0.034649,0.096326,0.058891,0.23779,0.017453,0.273997,0.469875,0.024771,0.257338,-0.172421,-0.055439,0.262576,0.601216,0.170954,-0.350122,0.143446,0.145695,0.247965,-0.273372,0.636815,-0.117064,-0.266604,-0.499581,0.462137,#
17,0.312025,0.500418,-0.257597,-0.160765,0.197899,0.163428,0.327573,0.094807,0.388023,0.325293,-0.29709,-0.035632,0.528683,0.294941,0.138601,-0.536861,-0.026578,1.0,0.237435,0.067331,0.414594,0.02632,0.354044,-0.242483,-0.152832,-0.189522,0.140624,-0.015916,0.196803,0.392853,-0.434054,-0.065433,0.28675,-0.157772,0.047932,-0.42579,-0.307903,-0.197954,-0.037606,-0.099418,-0.025033,0.432977,0.088859,-0.05119,-0.08417,-0.350839,0.40105,0.191975,0.027224,-0.253182,0.322255,-0.280243,0.116143,-0.213422,0.187081,-0.378581,-0.0277,-0.090515,0.069258,0.188268,0.028379,0.177586,-0.343147,0.192246,0.224015,0.517452,0.068845,0.285936,0.141677,-0.032945,-0.042448,-0.095776,-0.534534,-0.442542,-0.18778,0.297112,-0.265737,-0.084451,-0.221685,-0.4817,-0.044523,-0.42273,-0.608403,-0.155461,-0.158204,0.243197,-0.30109,-0.022481,0.018209,-0.241654,-0.207682,-0.250528,-0.417654,0.091571,-0.359006,-0.186674,0.156788,-0.239007,-0.042501,-0.262931,-0.209705,-0.258573,-0.297114,-0.181994,-0.342113,-0.090602,-0.25955,-0.312479,-0.461635,-0.199101,0.309206,0.134995,-0.170592,-0.288854,-0.102486,-0.196059,-0.558037,-0.113188,0.015658,-0.569278,-0.402509,-0.292093,-0.260139,-0.414569,-0.157273,0.358153,0.031445,-0.04691,-0.093648,-0.106484,-0.298584,-0.321538,-0.129326,-0.253268,-0.110953,-0.345887,0.192361,-0.355445,0.229925,-0.337636,-0.106979,-0.13919,-0.239077,-0.310796,-0.136471,-0.100321,-0.059854,0.64403,-0.078903,-0.268531,-0.224055,-0.3304,0.087443,-0.321498,-0.422991,-0.05494,0.426761,0.470678,-0.33025,-0.237562,-0.153207,-0.082052,0.134315,0.299033,-0.150804,0.56438,-0.185213,-0.220957,-0.047812,0.086059,0.128958,0.080927,0.031648,-0.164511,0.3243,-0.280042,-0.199463,0.192243,0.40794,-0.254836,0.059043,0.142035,-0.104096,-0.292799,0.355278,-0.040309,0.665052,0.234278,-0.423949,0.567688,0.274671,0.264587,0.117057,0.177906,-0.173754,0.086085,-0.168349,-0.366072,-0.039778,0.13146,#
18,0.343964,0.5038,0.043784,-0.162963,0.06984,-0.220123,0.181744,-0.103045,0.166572,0.23533,-0.181068,-0.376739,0.111939,0.208161,0.111938,0.154451,-0.208474,0.237435,1.0,-0.302397,0.305062,-0.177767,0.000518,0.081587,-0.195839,-0.531245,0.281534,0.16268,0.225739,0.449921,-0.125488,-0.02791,0.170039,-0.004347,-0.073435,0.130965,-0.01006,0.062731,0.079837,0.223096,0.004345,-0.304603,0.00445,0.101847,-0.327815,-0.135624,0.132416,0.173588,0.057215,-0.018906,0.092924,-0.156471,-0.116362,-0.009166,0.097087,-0.147804,0.089442,-0.082199,-0.284383,-0.048128,-0.03747,0.09252,-0.091776,0.083003,0.124962,0.29696,-0.099456,0.128996,-0.000971,-0.154528,-0.201075,-0.463368,-0.146616,-0.418253,-0.094579,0.158591,-0.507197,-0.110624,-0.125602,-0.293,-0.304143,-0.283565,-0.179695,0.472932,-0.150316,0.073911,0.162373,-0.221677,-0.239885,0.147188,-0.064076,-0.285449,-0.445398,-0.135594,-0.225291,-0.295504,-0.098592,-0.321556,0.074303,-0.154646,-0.164787,-0.210908,-0.355125,-0.161575,-0.114668,-0.047815,-0.302121,0.135493,-0.386169,-0.068494,0.226602,0.193969,-0.054323,-0.284977,-0.078396,-0.336124,-0.194448,-0.161742,0.327415,-0.551344,-0.368907,0.210236,-0.322826,-0.203223,-0.207585,-0.009169,-0.024667,-0.158174,-0.169327,-0.540675,-0.12302,-0.443879,-0.022443,0.26232,-0.346737,-0.327697,-0.047995,-0.12106,-0.043608,-0.064982,-0.071905,-0.081372,-0.520624,0.179893,0.030757,-0.278566,-0.210099,0.359259,0.000105,-0.360327,-0.159893,-0.342436,0.136523,0.000345,-0.265037,-0.128382,0.11502,0.327876,-0.310689,-0.071312,-0.16694,0.042798,0.087425,0.021037,-0.298642,0.038876,-0.238948,-0.121015,0.019882,-0.016205,0.177128,-0.151681,0.065296,-0.141457,0.293847,0.100658,-0.022403,0.34536,0.378688,-0.495274,0.161234,0.020358,-0.133843,-0.106363,0.320844,0.009395,0.201956,0.000317,-0.329341,0.509756,0.060284,0.278242,0.405228,0.500132,-0.079811,-0.054788,-0.007942,-0.347265,-0.163878,-0.063638,#
19,-0.273022,-0.281726,-0.037945,0.106104,-0.010417,0.398954,0.192035,-0.042199,0.364208,-0.134372,-0.137811,0.059746,0.169055,-0.057646,-0.108376,-0.264543,-0.330388,0.067331,-0.302397,1.0,0.068764,0.265154,0.179249,-0.075289,0.34429,-0.11225,0.095979,-0.321546,-0.330369,-0.166457,-0.090704,0.241204,-0.116527,0.091641,-0.411964,-0.27633,-0.005819,0.072478,0.105259,0.116761,0.354623,0.379274,0.01707,-0.328986,0.370403,-0.022191,0.34496,0.479692,0.065951,-0.090587,0.044487,-0.068841,0.102922,0.116275,-0.100256,0.322676,0.288414,-0.194937,0.403087,-0.074554,0.003488,-0.094952,0.114236,0.124113,-0.141372,0.140509,0.121246,0.022154,0.236907,0.218337,0.522349,0.166894,-0.051196,0.33277,0.102335,-0.382642,0.317632,0.315296,0.311603,0.107828,0.566617,0.145657,0.211816,-0.535329,0.258106,0.026378,0.101337,0.320692,0.285597,0.07524,0.158454,0.546063,0.150943,0.569508,0.245114,0.343999,0.33381,0.414971,0.150288,0.22106,0.041057,0.588951,0.430522,0.376782,0.274475,0.071004,0.245532,-0.279573,0.44068,-0.136129,0.469593,-0.166608,0.245114,0.220815,0.290318,-0.008429,0.050215,0.440328,0.162086,0.121938,0.259684,-0.204249,0.454944,-0.270249,0.202617,0.512598,0.040671,0.099752,0.308422,0.62097,0.068142,0.160375,0.051535,-0.214062,0.400189,0.056643,-0.239853,0.171635,0.086879,0.186155,0.478932,-0.075842,0.105336,-0.07274,-0.143918,0.191854,-0.211174,-0.090756,0.350085,-0.163719,0.089472,0.209815,0.289033,0.19455,0.369045,0.498108,0.062631,-0.216065,0.446024,-0.066278,0.062416,-0.039849,0.159758,0.344659,0.407615,0.159503,0.411099,0.219287,-0.439927,0.074227,-0.629034,-0.04711,0.152091,0.269502,-0.148375,0.048594,0.342636,-0.470658,-0.124002,0.059545,-0.2274,0.026921,-0.087193,-0.091289,-0.524913,0.040747,0.189756,0.017484,-0.273004,-0.402082,0.216869,-0.400272,-0.150716,-0.366521,0.223562,-0.421475,-0.176424,0.468953,0.286103,-0.240531,#
20,-0.100869,0.277699,-0.163147,0.169719,0.046465,-0.083243,0.176207,0.133409,0.265549,-0.072172,-0.176367,-0.372694,0.327613,0.078174,0.340812,-0.456596,-0.156069,0.414594,0.305062,0.068764,1.0,-0.053018,-0.082463,0.125921,0.079683,-0.191498,-0.206917,0.043213,0.128467,0.181302,-0.019048,-0.361603,0.015091,-0.014344,-0.223007,-0.246618,-0.072313,-0.174405,0.311552,0.002677,-0.09096,0.117627,-0.203494,-0.141038,-0.181493,0.245809,0.500021,0.086427,0.136411,0.089144,0.026064,-0.005835,-0.339719,0.307905,-0.036198,-0.051285,0.101174,-0.087577,-0.105101,-0.056714,0.049398,0.326807,-0.171964,0.045168,-0.057096,0.14728,0.030558,0.331308,0.065528,-0.377541,-0.016153,0.209837,-0.22733,0.016619,0.065357,-0.037276,0.013363,0.058746,-0.172585,-0.288606,0.020778,-0.172387,0.011958,-0.166304,-0.129721,0.028711,0.067922,0.22516,-0.12112,0.163953,0.116202,0.054853,-0.174708,0.269274,-0.229483,0.118139,0.309746,-0.120647,0.361439,0.019679,0.038283,-0.169724,-0.085563,-0.204217,-0.260538,-0.023706,-0.322354,0.101304,-0.266502,-0.256014,0.252916,-0.125661,-0.038091,-0.168757,0.139275,-0.123647,-0.07397,0.064775,0.04851,-0.235512,-0.17177,0.186,0.015315,-0.267181,0.252899,0.174798,-0.171291,0.022824,-0.096476,0.066286,0.060084,-0.318276,0.212383,0.124236,0.075061,-0.113049,-0.180906,-0.062162,-0.082029,0.303421,0.031859,-0.157603,-0.042696,0.110258,0.412719,-0.130286,-0.067107,0.260871,0.259679,-0.025982,-0.117822,0.108967,0.214744,-0.070105,0.011618,0.374127,0.371797,0.082972,-0.097524,-0.113735,-0.082091,-0.006837,-0.009,0.245562,0.121772,0.309375,-0.068588,-0.20654,-0.113843,0.183044,-0.119999,0.153065,0.215963,-0.097524,0.090063,0.217682,-0.0325,0.036204,0.231461,-0.262181,0.104731,0.213931,0.123982,-0.156061,0.028433,0.286982,0.275991,0.273404,-0.177536,0.134807,0.224684,0.365017,-0.047805,-0.175011,-0.492896,-0.113757,-0.163565,-0.211809,-0.089914,0.199793,#
