0,1.0,0.003214,-0.177581,-0.282883,0.109235,0.140964,0.198569,-0.105981,-0.085105,0.19193,0.135821,0.208067,0.0798,0.32382,-0.058257,0.181926,-0.128447,-0.480556,0.184823,-0.373485,0.348,-0.143395,0.210472,-0.257527,-0.037389,-0.400239,0.002004,-0.188117,0.439237,0.330807,0.030774,0.006664,0.176433,-0.340291,0.09647,0.264466,0.253098,-0.180227,-0.084426,-0.032273,0.167106,0.198233,-0.238513,-0.104484,-0.070768,-0.008937,-0.320858,-0.134927,-0.148744,0.381937,0.221075,-0.45097,0.276518,0.258402,0.382238,-0.123056,-0.241825,-0.153986,-0.38955,0.283137,0.298634,0.265225,-0.029031,0.240899,-0.106646,0.113504,-0.066117,0.40947,-0.276586,-0.348126,-0.122361,-0.116738,-0.301431,-0.158461,-0.279376,0.240051,-0.482779,-0.251754,-0.545636,-0.051643,-0.298585,-0.620573,-0.11148,0.033506,-0.118039,-0.305191,-0.357823,-0.013881,-0.172325,-0.290352,-0.277997,-0.292848,-0.184767,-0.328533,-0.006845,-0.531299,-0.573018,-0.170756,-0.205562,-0.018687,0.315163,-0.08827,-0.548578,-0.293551,-0.125452,-0.299981,0.044276,0.303002,-0.209526,0.254122,-0.011667,0.333494,-0.493195,-0.451358,0.008983,0.131489,-0.418885,-0.2324,-0.323796,-0.081459,-0.518158,0.220517,0.059064,-0.387369,-0.197003,-0.268379,-0.41495,0.085447,-0.316116,-0.248588,-0.116109,-0.617067,-0.144579,-0.110315,-0.404631,-0.216658,-0.143295,0.00634,0.163185,-0.479562,-0.212716,0.152107,-0.18161,0.062247,-0.209007,-0.291006,-0.119341,0.172478,-0.38255,-0.417046,-0.043795,-0.230764,-0.367357,-0.454194,0.173373,-0.107117,0.212306,0.136627,-0.305282,-0.026949,-0.055899,-0.52885,0.015284,-0.395471,-0.179497,-0.215474,-0.408505,-0.069154,-0.218911,-0.383557,0.153195,0.260107,-0.309546,-0.092659,-0.162204,-0.078166,-0.226487,0.265632,0.168096,-0.118229,0.074105,-0.081691,-0.019492,0.377517,0.355018,0.163644,0.199812,-0.165211,0.148551,0.273239,-0.237714,0.238803,0.363523,0.090002,-0.330734,0.141671,0.028847,-0.455254,-0.178102,0.090695,#
1,0.003214,1.0,-0.057692,-0.261692,0.090291,0.001632,0.325667,0.197211,-0.148189,0.47907,-0.023286,-0.038879,0.193575,0.254026,0.54328,0.194066,-0.168996,0.157705,0.615652,0.174571,0.133444,-0.009952,0.245303,0.163513,-0.025133,-0.176304,-0.072378,0.062526,0.063631,0.316979,-0.071529,0.289798,0.022701,-0.062353,-0.210346,-0.114753,0.014892,-0.033463,0.028049,0.124919,0.320016,0.266369,-0.178554,0.003936,0.496395,-0.238267,0.191213,-0.096495,0.162015,0.389148,0.034103,0.015217,0.277001,-0.185599,0.053936,-0.219652,0.055972,-0.459388,-0.232528,-0.178465,0.14235,0.02727,-0.462101,-0.082967,0.486865,0.138674,-0.016255,-0.298659,0.043136,-0.150884,0.201464,0.076743,0.168566,-0.137319,0.031007,-0.011633,-0.243836,-0.139985,-0.026219,0.149198,0.107206,-0.276278,-0.138252,0.199331,-0.153796,-0.059954,-0.008266,-0.311465,0.189545,-0.084322,-0.06316,-0.169582,-0.026696,-0.199427,0.011922,0.040362,-0.006555,0.182669,0.541331,-0.012491,-0.26487,0.062357,-0.115486,-0.264832,-0.30877,0.102265,-0.431978,-0.201855,-0.341618,-0.031386,0.152964,0.31757,-0.190197,0.192119,-0.190041,-0.061438,-0.09752,0.184504,0.250929,-0.432615,-0.209297,-0.066067,-0.346513,-0.136609,-0.354857,-0.073699,0.140908,0.394593,-0.254078,-0.136172,0.090774,0.105876,-0.188386,-0.516827,-0.100726,-0.315928,0.056385,0.23328,-0.123448,-0.165988,-0.093933,-0.139926,-0.336007,-0.070297,-0.072261,0.024565,-0.365769,0.049693,-0.227697,-0.230549,-0.246657,-0.12113,0.180467,-0.060999,-0.26715,-0.191484,0.268826,-0.049058,-0.304509,-0.097705,-0.22751,-0.037266,-0.20246,0.116328,0.189153,0.441265,0.111942,0.021233,-0.251073,-0.350364,-0.028741,0.1544,0.064923,-0.048989,0.126559,-0.139786,0.05227,0.178151,0.42818,-0.278975,0.227333,0.080347,-0.412401,0.11254,0.210643,-0.264049,0.529209,-0.342186,0.039562,0.110423,-0.001696,-0.070789,0.128489,0.372929,-0.168683,-0.180827,0.019814,0.035781,0.377259,0.034796,#
2,-0.177581,-0.057692,1.0,0.162184,-0.175721,-0.219856,0.069826,0.034713,0.106849,0.05671,-0.107113,-0.161031,-0.161333,-0.113252,-0.134355,-0.012704,-0.502972,0.364446,-0.260442,-0.050119,-0.190811,0.406766,-0.137249,-0.140172,0.420024,0.017312,0.271312,0.106388,0.012018,-0.159896,0.176907,-0.13481,-0.402499,-0.109294,0.077919,-0.049472,-0.093515,0.18705,0.39766,-0.357372,0.216202,0.073966,0.2281,-0.056042,-0.037458,-0.092514,-0.016155,0.538364,-0.121018,-0.293729,-0.05013,0.127051,0.167139,-0.012105,-0.272102,-0.061163,-0.140335,-0.084569,-0.024091,0.419415,0.030392,-0.074702,0.068009,-0.397381,0.015275,-0.205254,0.233191,0.064709,0.064507,0.516719,0.310068,0.286142,0.226751,0.302313,0.207653,-0.027664,0.145892,-0.152085,0.006572,0.012375,0.201727,0.058965,-0.145772,0.45694,-0.323673,0.136639,0.034508,-0.03866,0.08109,0.289711,0.148622,-0.081724,0.314442,0.360519,-0.001686,0.143771,0.410474,0.10945,0.117876,0.158893,0.015798,0.122608,0.174671,0.269638,0.044678,0.31211,0.216253,0.117166,-0.353644,-0.058913,0.390469,-0.144334,0.196804,0.176754,0.423814,0.034673,0.016963,0.040734,0.281209,0.138875,0.380798,0.119633,0.115184,0.398888,0.26205,0.226417,0.276982,0.118575,-0.145779,0.201716,0.479643,0.290557,0.259213,0.247135,0.01821,0.001337,-0.25685,0.343229,0.397646,0.291169,0.013084,-0.000198,0.232773,-0.076823,-0.078815,0.1829,-0.24466,0.167003,0.318762,0.322606,0.024832,0.018389,0.28786,-0.086324,0.196123,0.202648,-0.129704,0.125354,0.26156,0.024429,0.448628,0.289191,-0.018914,0.327077,0.290299,-0.282734,-0.204873,0.002298,-0.135412,0.190624,-0.06652,-0.192108,-0.038058,0.115141,-0.093016,0.10643,0.106137,0.076558,-0.019706,-0.01936,0.236067,-0.031406,-0.239049,-0.166017,-0.152344,0.17453,0.032806,0.165552,-0.167634,-0.008866,-0.055525,-0.300956,-0.215643,0.462608,-0.026696,0.010157,-0.141297,0.245615,0.175973,0.21302,#
3,-0.282883,-0.261692,0.162184,1.0,0.112825,-0.524497,-0.435216,-0.546494,0.036767,-0.417912,-0.058911,-0.313042,-0.544091,-0.561282,-0.187617,-0.265076,0.022984,0.13295,-0.114897,-0.090601,-0.29179,-0.045423,-0.272861,-0.018286,0.096406,0.490165,0.263259,0.367513,-0.201497,-0.331561,-0.113638,0.009317,-0.118006,-0.004002,0.346637,-0.076205,-0.306491,0.022699,-5e-05,0.043302,0.032992,-0.353725,0.182703,0.524032,0.001866,0.611998,-0.103508,0.028183,-0.126076,-0.198964,0.135041,0.313737,-0.091583,-0.009759,-0.150443,-0.119698,0.357209,0.208183,0.331278,0.259015,-0.360827,-0.074506,0.170432,-0.196929,-0.200533,-0.498066,0.160107,-0.099954,-0.106012,0.084059,-0.139632,-0.07912,0.31782,0.139237,-0.00458,-0.040815,0.346494,0.083164,-0.028108,-0.192561,-0.077716,0.560785,0.154386,0.060749,0.337245,0.173527,0.263431,0.108367,0.056832,0.003192,0.030931,0.37339,0.252368,-0.074849,0.263649,0.320847,0.499826,0.062449,-0.237182,0.427648,0.013601,0.149017,0.612961,0.154424,0.448706,0.188094,0.352521,0.09976,0.077749,0.147765,-0.215303,-0.311341,0.419577,0.028178,0.186821,0.002424,0.250263,0.106682,-0.174276,0.35687,0.168039,0.539357,0.507599,0.44827,0.264799,0.255514,0.01168,-0.234723,0.402467,0.257683,0.050674,0.212466,0.380666,0.058304,0.307183,0.232034,-0.039835,0.269453,-0.125842,0.52033,0.243048,-0.222575,0.250691,0.212161,0.239174,0.134723,0.169421,-0.043234,0.330444,0.12352,0.108346,0.201343,0.09859,0.339443,0.226042,0.359449,-0.346607,-0.351957,0.44302,0.239242,-0.152973,0.265209,-0.034593,0.028889,-0.195899,-0.221738,0.257683,0.29532,0.045186,0.254018,0.163139,-0.210854,0.354027,0.337041,-0.249244,0.560338,0.112843,-0.040159,-0.426955,0.354152,-0.34081,-0.012143,0.414776,-0.130573,-0.234926,-0.008355,-0.082094,0.128905,0.366637,-0.350704,0.164495,-0.102375,-0.246805,-0.084063,0.011513,-0.073672,-0.060771,0.031787,0.061237,-0.337958,#
4,0.109235,0.090291,-0.175721,0.112825,1.0,-0.128261,-0.033379,-0.022452,-0.036416,-0.062857,0.189024,-0.154549,-0.02751,-0.215711,-0.11109,-0.421436,0.174783,-0.275555,0.089,-0.262523,-0.341183,-0.317486,0.110925,0.00757,0.031487,-0.210413,-0.170694,0.219263,-0.130477,0.138528,-0.319422,-0.317873,-0.043512,-0.14062,0.091887,0.074732,-0.076962,-0.221772,0.16088,0.508746,0.065811,-0.404207,-0.405827,-0.071631,-0.025922,0.276097,-0.185557,0.101047,0.204736,0.432782,0.056552,-0.135686,-0.046779,0.307177,0.158697,-0.1192,0.149687,0.096951,-0.087444,-0.291533,-0.269791,-0.166032,-0.189148,0.041397,-0.186262,0.113392,0.638119,-0.129514,0.253654,-0.162798,-0.009756,-0.270044,-0.080654,0.194992,0.156314,0.052046,-0.210604,-0.457035,-0.272329,-0.252783,-0.216274,-0.106184,0.147569,-0.028067,-0.039811,-0.055553,0.177047,0.262257,-0.045461,-0.338988,0.133633,-0.072058,0.236681,-0.274552,-0.102675,0.010664,0.068297,-0.04967,-0.095259,-0.106672,0.165543,0.235811,0.151696,-0.185384,-0.070876,0.115394,-0.056411,-0.077853,-0.259705,0.048691,0.035134,0.131721,0.222818,-0.160993,-0.139222,0.018872,-0.078249,0.377496,-0.232247,0.160634,-0.374671,0.005361,0.405035,-0.083177,0.291608,0.161092,-0.145629,-0.08442,0.132567,-0.086459,-0.188922,-0.344961,-0.057861,-0.380833,0.002364,0.094534,-0.140321,0.15525,-0.109354,0.241575,0.105619,-0.286906,-0.253088,0.139827,-0.07539,-0.365454,-0.415971,0.172845,0.149036,-0.067568,0.100163,0.054842,-0.241643,-0.165746,0.003243,-0.190299,-0.170501,0.021189,-0.069188,0.4846,-0.348906,-0.276043,-0.377819,0.102336,0.133409,-0.099188,0.109243,-0.081413,-0.261814,0.101732,-0.158475,-0.153553,0.033227,-0.025988,0.110957,0.131002,0.055917,0.529382,0.091082,-0.050352,-0.391873,0.197661,0.26057,0.12955,0.076899,-0.037789,-0.259653,-0.338068,0.270467,-0.2704,-0.189096,0.156484,0.250376,-0.024818,-0.196507,0.290962,-0.258477,-0.004034,-0.315911,-0.144163,#
5,0.140964,0.001632,-0.219856,-0.524497,-0.128261,1.0,0.588103,0.504228,0.12265,0.232023,0.069168,0.505905,0.266547,0.548531,0.247551,0.339918,0.039257,0.026533,0.414515,-0.189514,0.193496,0.105872,0.226684,0.114805,-0.118748,0.061612,0.218749,-0.023867,0.186121,0.244539,-0.210637,-0.105807,-0.05238,-0.083935,-0.13662,-0.049479,0.192677,0.170162,0.024425,-0.11405,-0.126202,0.325635,0.098128,-0.093388,0.206051,-0.480814,0.123113,-0.171326,0.016161,0.264664,-0.067138,-0.059572,-0.155695,0.050357,0.276928,0.373869,-0.280979,-0.109163,-0.291139,-0.169671,0.277807,-0.223958,-0.162102,0.510597,-0.068474,0.682433,-0.049887,0.324871,-0.088896,-0.188855,0.08417,0.229371,-0.387146,0.153577,0.040549,0.363982,-0.332826,-0.16804,-0.110241,-0.120937,-0.110488,-0.44227,-0.278971,0.090505,-0.278971,-0.329622,-0.110241,-0.032371,-0.068121,-0.271561,-0.161111,-0.387266,-0.380831,0.017653,-0.166737,-0.344401,-0.343046,-0.557932,-0.042974,-0.555656,0.056844,-0.043969,-0.489038,-0.441431,-0.38449,-0.341965,-0.176916,-0.052765,0.042254,-0.119453,-0.111858,0.222181,-0.508028,-0.331677,0.125251,0.015257,-0.533748,0.056101,0.38297,-0.262683,-0.257693,-0.481676,-0.043814,-0.550518,-0.094817,-0.169259,-0.216792,-0.052679,-0.340109,-0.546618,-0.519391,-0.028655,-0.406236,0.100876,-0.474883,-0.150836,0.380986,-0.35306,-0.214628,-0.713289,-0.137908,0.138312,-0.168403,-0.204449,-0.276047,-0.333648,0.27042,0.279411,-0.37657,-0.077893,-0.133054,-0.056532,-0.201059,0.091042,-0.011851,-0.488955,0.222375,0.461121,-0.379158,-0.351901,0.060122,-0.209652,-0.058305,-0.262017,0.07297,0.109196,-0.154763,0.076171,0.103181,0.221607,0.33358,-0.034126,-0.050961,-0.229839,0.430872,-0.459884,-0.070972,0.084219,0.399091,-0.358597,0.424384,0.192259,-0.154093,0.173849,0.745337,0.134548,-0.035063,-0.035613,-0.20188,0.208848,-0.105538,-0.039417,0.381318,-0.07715,-0.383092,-0.028942,0.556629,-0.29011,-0.301253,0.203846,#
6,0.198569,0.325667,0.069826,-0.435216,-0.033379,0.588103,1.0,0.64127,0.35835,0.484414,0.146484,0.250951,0.408264,0.4797,0.153434,0.212001,-0.085601,0.097996,0.357952,-0.316936,-0.063416,0.443283,0.341507,0.016789,0.124754,-0.052758,0.147057,0.16714,0.442439,0.255967,-0.428912,-0.195244,-0.13253,-0.413969,0.014391,0.018347,-0.052078,-0.006763,0.252352,-0.25742,0.072947,0.213354,0.20004,-0.15384,0.103066,-0.453119,0.06544,-0.229646,-0.084135,0.480457,0.121412,-0.07589,0.056852,0.015937,0.42574,0.320551,-0.326666,-0.333439,-0.323624,0.106712,0.176051,0.213684,-0.123543,0.365509,0.014801,0.503388,0.011486,0.279167,0.026977,-0.260815,0.334348,0.213029,-0.355635,-0.089565,-0.082372,0.484911,-0.279195,-0.314127,-0.21509,-0.219856,-0.197347,-0.515226,-0.556941,0.16433,-0.556941,-0.103391,-0.199472,-0.28787,0.164847,-0.23228,-0.100974,-0.645195,-0.496439,-0.064561,-0.064561,-0.431077,-0.106353,-0.31702,0.073819,-0.498304,0.028054,-0.002131,-0.412175,-0.399106,-0.44889,-0.116723,-0.43729,-0.169417,-0.292426,-0.208746,-0.375829,0.263831,-0.579664,-0.457978,0.050821,-0.253832,-0.294916,0.124233,0.207673,-0.335959,-0.230862,-0.424614,-0.129442,-0.687217,-0.198102,-0.235401,0.04691,0.135036,-0.34409,-0.500697,-0.452287,-0.297184,-0.65491,-0.155437,-0.389012,-0.302637,0.209667,-0.310281,-0.243195,-0.468882,-0.288015,-0.087216,-0.495482,-0.307151,-0.354623,-0.339974,-0.199471,0.421174,-0.276373,-0.212264,-0.209667,-0.140239,-0.15766,-0.220535,0.143457,-0.760901,-0.010896,0.390021,-0.23159,-0.298961,-0.315761,-0.165892,-0.245424,-0.039838,0.218451,0.131624,-0.105654,-0.007501,-0.301681,0.065939,0.237386,-0.091807,-0.008977,-0.126339,0.644269,-0.340539,0.146192,0.124455,0.644589,-0.609251,0.620796,0.424207,-0.127147,-0.115736,0.634317,-0.12726,-0.03491,-0.098929,-0.117502,0.292199,-0.171981,0.001144,0.477209,0.13362,-0.354343,0.02762,0.283998,-0.181033,-0.206136,0.280805,#
7,-0.105981,0.197211,0.034713,-0.546494,-0.022452,0.504228,0.64127,1.0,0.144079,0.577608,-0.129749,0.085699,0.753506,0.562408,0.262962,0.149039,-0.040459,0.276971,0.269464,0.095291,0.03675,0.457768,0.098056,0.086319,0.045123,-0.217072,0.011934,-0.181168,0.154901,0.291221,-0.201091,-0.122443,0.102348,0.11545,-0.473279,0.046301,-0.127964,0.036883,-0.050007,-0.350429,0.021487,0.274764,0.125031,-0.145244,-0.085639,-0.617628,0.161999,-0.254836,0.067782,0.151089,-0.189369,5.1e-05,0.214359,-0.02263,0.402175,0.315309,-0.361196,-0.371724,-0.161838,-0.130046,0.473186,0.015611,-0.226058,0.246512,-0.019761,0.514725,-0.054387,0.317764,0.071124,0.041471,0.266183,0.376407,-0.576763,-0.24587,-0.03394,0.064198,0.068547,-0.000965,0.250956,-0.170093,0.165212,-0.441247,-0.466911,-0.087577,-0.466911,0.014634,-0.147691,-0.061845,0.267533,-0.125598,0.008861,-0.520802,-0.350763,0.279255,-0.172714,-0.093872,-0.00408,-0.123624,0.135669,-0.728912,0.026419,0.000418,-0.222538,-0.103129,-0.290372,-0.007494,-0.540314,-0.234099,0.019652,-0.584281,-0.158997,0.291664,-0.371007,-0.278442,-0.00246,-0.189794,-0.152054,0.096363,0.254802,-0.431381,-0.008934,-0.819731,-0.254756,-0.413672,-0.28137,-0.04133,0.214768,0.135247,-0.231705,0.004974,-0.210214,0.03782,-0.330889,-0.05892,-0.245011,-0.161543,0.269294,-0.591032,-0.017902,-0.30713,-0.148213,-0.152706,-0.407178,-0.305986,-0.2233,-0.134921,-0.11256,0.196848,-0.18264,-0.129843,-0.100372,-0.179129,-0.088575,-0.344477,0.060024,-0.506046,0.076636,0.267605,-0.286359,-0.220421,-0.021333,-0.10161,-0.258813,0.150369,0.520387,0.353176,0.005493,0.133057,-0.305662,0.282705,-0.160818,-0.158313,-0.251191,0.010289,0.62705,-0.331292,0.158968,-0.09128,0.708125,-0.414496,0.382401,0.548838,-0.076999,-0.346487,0.315258,-0.005017,0.021026,-0.07664,-0.496391,0.342445,-0.251489,-0.277493,0.407341,-0.118931,-0.093775,-0.08097,0.094807,0.087403,-0.198985,0.200834,#
8,-0.085105,-0.148189,0.106849,0.036767,-0.036416,0.12265,0.35835,0.144079,1.0,0.023687,0.112874,-0.095001,0.101396,0.009722,0.162155,-0.027747,-0.112006,0.247519,-0.154232,-0.205784,-0.224852,0.488081,0.027119,0.117847,0.11473,0.406643,0.250913,0.333813,0.138157,0.01541,0.001494,-0.424309,-0.287104,-0.096614,0.217185,-0.014231,-0.207061,-0.159874,0.542701,-0.190158,0.232755,-0.088708,-0.047419,0.121478,0.2461,-0.029883,-0.018306,0.101784,-0.00658,-0.104438,0.034133,-0.002172,-0.274952,0.163845,0.188369,0.564407,-0.052184,-0.140092,-0.198519,0.354314,-0.062929,0.075005,0.121362,0.351239,0.012395,-0.02705,-0.058519,0.226438,0.292364,0.130414,0.29431,0.17144,0.038718,0.090529,-0.126061,0.252658,0.03499,-0.006743,-0.051208,-0.367354,0.03498,-0.006682,-0.293191,0.034719,-0.293191,0.189353,0.262763,-0.184124,-0.139941,-0.112854,0.213671,-0.161843,-0.199372,0.35029,0.004874,0.095695,0.066799,-0.116488,-0.364208,-0.223668,0.136228,0.286351,0.090327,0.232418,-0.114234,-0.293796,0.028128,0.101127,-0.202809,-0.200727,-0.290203,-0.203933,-0.185689,-0.311904,0.256095,-0.083214,0.150248,-0.035126,0.11615,0.033545,0.267402,-0.152558,0.019592,-0.202809,0.152935,-0.09579,0.103841,0.07604,-0.250118,-0.195496,-0.122302,0.030396,-0.455405,-0.034314,-0.0598,0.150248,0.102254,-0.013546,-0.26632,-0.153632,-0.03454,0.000884,-0.017442,-0.146358,-0.316506,-0.445511,-0.135631,0.206926,0.098218,-0.049367,0.203105,-0.098984,0.136159,-0.121523,0.27325,-0.434563,0.093814,0.136731,-0.104469,-0.042142,-0.112838,0.127297,0.077553,0.029827,-0.259489,-0.052232,-0.019093,0.00622,-0.233674,0.15731,0.119098,-0.272374,0.277341,0.260374,0.3489,0.107781,-0.206501,-0.047299,0.188847,-0.273031,0.3521,0.279925,-0.023177,-0.132419,0.019807,0.078737,-0.323912,0.002674,-0.267476,-0.197818,-0.2304,-0.173365,0.19629,-0.060408,-0.143376,0.463681,0.195589,-0.080014,-0.314129,0.069801,#
9,0.19193,0.47907,0.05671,-0.417912,-0.062857,0.232023,0.484414,0.577608,0.023687,1.0,-0.02431,-0.110864,0.573889,0.716338,0.43091,0.399281,-0.252578,0.289232,0.353443,0.206666,0.043337,0.45746,0.302445,0.209398,0.141045,-0.208271,-0.132678,-0.1862,0.260863,0.465007,0.173458,0.425818,0.367304,-0.225176,-0.318688,-0.000958,0.187521,-0.086471,0.099745,-0.493576,0.240524,0.333248,0.01316,0.173055,0.084789,-0.672436,0.125643,0.038826,0.023684,0.449222,-0.137182,-0.056123,0.406882,-0.121895,0.425581,-0.032977,-0.173803,-0.496369,-0.221011,0.033945,0.598,0.203183,-0.484547,0.125783,-0.109446,0.331373,-0.092129,0.259435,-0.352181,0.169561,0.160252,0.429638,-0.355916,-0.250847,-0.241951,0.077927,-0.092813,-0.132438,-0.052461,-0.072413,0.152305,-0.524369,-0.410238,0.19141,-0.410238,0.068606,-0.030114,-0.091787,0.339827,-0.423977,-0.095595,-0.305998,-0.323308,0.309328,0.123874,-0.090411,-0.270415,-0.156632,0.272863,-0.321793,-0.210885,0.010293,-0.227164,-0.215955,-0.01844,-0.125497,-0.744804,-0.015713,-0.315039,-0.414854,0.132194,0.46626,-0.40529,-0.106129,-0.110624,-0.238519,-0.311137,-0.20022,0.417277,-0.695228,-0.228077,-0.422346,-0.114467,-0.503277,-0.451224,-0.026682,0.204856,0.274058,-0.173327,-0.130969,-0.128608,0.043654,-0.318265,-0.321288,-0.563417,-0.292535,-0.023211,-0.308782,0.186518,-0.479145,-0.09579,0.114959,-0.494376,-0.424132,-0.3528,0.112484,-0.197661,0.153653,-0.282789,-0.200566,-0.307932,-0.146476,0.020509,-0.409174,-0.176729,-0.433514,0.3771,0.242498,-0.234655,-0.103038,0.062559,-0.154159,-0.242794,0.265916,0.449921,0.646939,-0.119913,0.010405,-0.534297,0.079092,-0.167923,0.113949,-0.194033,0.054885,0.314693,-0.330683,-0.02779,-0.046383,0.840817,-0.445596,0.621513,0.249532,-0.530846,-0.121307,0.294089,-0.116355,0.479162,-0.101714,-0.463061,0.112503,-0.160665,-0.003649,0.296033,0.312803,-0.310353,-0.154095,-0.052593,0.004208,0.257438,0.305092,#
10,0.135821,-0.023286,-0.107113,-0.058911,0.189024,0.069168,0.146484,-0.129749,0.112874,-0.02431,1.0,-0.182766,-0.135677,-0.272607,-0.149029,-0.13057,-0.218297,-0.310997,-0.01477,-0.319852,-0.226184,-0.205356,0.153729,0.310038,0.205854,0.09453,-0.125467,0.195122,0.18665,-0.140963,0.104751,-0.063048,-0.363252,-0.597614,0.31276,0.005467,0.449573,0.218986,0.115308,0.194077,-0.158845,-0.310574,-0.094498,-0.19255,0.245388,0.002971,-0.419081,0.168565,-0.013997,0.344293,-0.023541,-0.053917,-0.07264,0.257515,0.121437,0.216671,-0.296185,0.12267,-0.14368,-0.078688,-0.320338,-0.083561,-0.023637,0.127588,0.133574,0.016202,0.27408,-0.10505,0.268318,0.077558,0.274638,-0.292992,-0.031733,0.198702,-0.068002,0.243672,-0.232895,-0.169288,-0.129777,-0.129159,-0.048749,0.109363,-0.064811,0.262864,0.096136,-0.07424,0.18004,-0.04502,-0.034386,-0.069846,-0.0374,0.084048,0.00704,-0.070718,-0.053962,0.028727,-0.233094,-0.200362,0.152759,-0.162693,0.059786,-0.083302,-0.129906,-0.446457,-0.148062,-0.209359,-0.23004,0.254042,0.026695,0.336011,0.035606,-0.156253,-0.229854,-0.246176,-0.079941,-0.158111,-0.1718,-0.258229,-0.036996,0.178994,-0.479746,0.07802,0.113149,-0.169903,-0.253,-0.119181,0.068854,0.043679,-0.102228,-0.361447,-0.228206,-0.215175,-0.228165,0.099642,0.038966,0.001344,-0.276424,0.007506,-0.074697,-0.054838,0.014273,0.188291,-0.34909,-0.190759,0.264762,-0.050322,-0.104306,0.226722,0.205203,0.009882,0.14225,0.264662,-0.146607,-0.044057,-0.08847,-0.073844,-0.194405,0.038984,0.056854,0.189257,-0.278166,0.011791,-0.105498,0.292051,0.144795,0.032383,0.215179,-0.245337,-0.188668,0.029939,0.368224,0.145757,0.323163,0.0117,-0.020916,-0.137262,0.190274,0.199023,-0.020544,-0.058652,-0.014866,0.061511,-0.14006,0.101641,0.139221,0.0766,-0.069383,-0.050566,0.10023,0.238439,-0.045934,0.311287,0.351263,-0.238938,-0.088925,0.203917,0.126089,0.052152,-0.025213,-0.05555,#
11,0.208067,-0.038879,-0.161031,-0.313042,-0.154549,0.505905,0.250951,0.085699,-0.095001,-0.110864,-0.182766,1.0,0.04242,0.247578,-0.028671,-0.097842,0.001846,-0.196711,0.162514,-0.081508,0.535884,-0.042015,-0.059332,-0.023594,0.119031,0.02517,-0.056096,-0.179651,-0.172832,-0.138691,-0.219782,-0.074094,-0.128553,0.158974,-0.217362,-0.043985,-0.107585,0.207464,0.0055,-0.075623,-0.112658,0.415854,-0.174092,-0.365322,0.062206,-0.029667,0.185267,-0.218075,-0.035889,-0.137288,-0.028026,-0.274145,-0.190068,0.202657,-0.167622,0.177268,-0.339773,0.071539,-0.242383,0.00996,0.036362,-0.22849,0.033262,0.291443,-0.102607,0.256122,-0.108929,-0.106177,0.055127,-0.382789,-0.067327,0.092492,0.082734,0.152958,-0.144863,-0.074187,-0.293348,0.060855,-0.183903,0.123584,-0.258955,-0.249556,0.028009,-0.278506,0.028009,-0.444219,-0.196389,0.134225,-0.116499,0.168902,-0.122953,-0.421566,-0.254838,-0.247743,-0.080662,-0.343569,-0.24459,-0.109812,-0.246259,-0.083968,0.266703,-0.031089,-0.343569,-0.178385,-0.152998,0.037321,0.026765,0.233249,0.073124,-0.03947,-0.121011,0.057188,-0.413974,-0.153784,0.146733,0.134187,-0.094497,0.283256,0.074831,0.010924,0.155745,-0.175664,-0.112553,-0.117083,0.09061,-0.144879,0.016542,0.102679,0.046514,-0.109809,-0.289259,-0.136931,-0.269381,0.260039,-0.164243,0.09507,0.363656,-0.166893,-0.212343,-0.25972,-0.301085,0.161946,0.06061,0.024069,-0.251846,-0.038166,0.158933,-0.045599,-0.166256,0.071361,-0.148351,0.267635,-0.24931,0.334731,0.241216,-0.002026,0.115319,0.16275,-0.16142,-0.49651,-0.080451,-0.25231,0.178181,-0.365676,-0.227362,-0.059533,-0.102356,0.124596,0.491894,0.066167,0.050706,0.323788,-0.035718,-0.333369,0.098864,-0.164832,-0.072852,-0.005122,-0.059149,0.02108,0.059602,-0.156399,-0.032244,0.057472,0.290286,0.223775,-0.233925,0.118486,0.233661,0.163154,-0.061613,0.340372,-0.033683,-0.017893,-0.095451,-0.080504,0.451179,-0.503175,-0.227212,-0.005651,#
12,0.0798,0.193575,-0.161333,-0.544091,-0.02751,0.266547,0.408264,0.753506,0.101396,0.573889,-0.135677,0.04242,1.0,0.550541,0.297699,0.151985,-0.03763,0.090956,0.069793,0.139341,0.022999,0.217215,0.345248,0.077575,-0.14545,-0.464045,-0.233668,-0.178388,0.006865,0.237175,-0.024325,0.050298,0.286703,0.118086,-0.47021,0.242021,0.092857,-0.13347,-0.29422,-0.130765,-0.021882,0.27357,0.133149,-0.16368,-0.13097,-0.511152,0.137391,-0.217059,0.123614,0.147485,-0.12955,-0.110649,0.256745,0.019273,0.396756,0.294565,-0.310914,-0.415921,-0.091298,-0.148307,0.468427,0.26844,-0.221453,0.242505,-0.0291,0.238632,-0.233901,0.292984,0.047684,0.050136,0.265514,0.059712,-0.576729,-0.479567,-0.225549,0.008435,0.04941,0.044927,0.103085,-0.128513,-0.033907,-0.421444,-0.252123,-0.273974,-0.252123,0.033994,-0.1769,-0.093288,0.069559,-0.123418,-0.139834,-0.502042,-0.509219,0.302349,-0.202727,-0.290208,-0.191421,-0.13009,-0.091335,-0.547139,0.022537,-0.291413,-0.289313,0.0862,-0.32389,-0.157103,-0.560464,-0.250731,0.065183,-0.572405,-0.116396,0.239516,-0.349392,-0.27607,-0.263379,-0.386601,0.047894,-0.137218,-0.000157,-0.410208,-0.007011,-0.627662,-0.321349,-0.412276,-0.319462,-0.281025,0.209661,0.47681,-0.282687,0.051291,-0.168983,0.041324,-0.479092,-0.077742,-0.22532,-0.243123,0.271744,-0.590459,-0.279454,-0.288005,0.049812,-0.014618,-0.405769,-0.308616,-0.20294,0.135777,-0.11134,0.151061,-0.161591,-0.34184,-0.312867,-0.380213,-0.086086,-0.34271,0.000411,-0.464986,0.088319,0.272682,-0.259702,-0.199991,-0.016944,-0.30113,-0.031449,0.105092,0.260867,0.349001,-0.168824,0.083838,-0.304548,0.064788,-0.20746,-0.168033,-0.540248,-0.018743,0.387494,-0.36209,0.006124,0.099436,0.496127,-0.610375,0.383258,0.395539,-0.077505,-0.203813,0.067005,-0.22986,0.06424,-0.051616,-0.456587,0.386267,-0.287322,-0.088143,0.405783,-0.117932,0.13626,0.063966,-0.149113,-0.074173,0.031283,0.204116,#
13,0.32382,0.254026,-0.113252,-0.561282,-0.215711,0.548531,0.4797,0.562408,0.009722,0.716338,-0.272607,0.247578,0.550541,1.0,0.372969,0.470293,-0.127176,0.028924,0.298587,0.157963,0.324891,0.27832,0.38443,0.215914,-0.091167,-0.200036,0.124596,-0.382332,0.392236,0.38839,0.068289,0.392116,0.418153,-0.047387,-0.383621,0.036801,0.155297,-0.257506,-0.055489,-0.420237,0.067743,0.426839,-0.002778,-0.071456,0.119574,-0.624824,0.22152,-0.193396,-0.01283,0.316609,-0.179403,-0.189641,0.219351,-0.243958,0.307041,0.136651,-0.037863,-0.453381,-0.223223,0.14934,0.775654,0.136144,-0.365998,0.163093,0.009832,0.593214,-0.354108,0.461309,-0.457286,-0.101237,-0.230485,0.485257,-0.455822,-0.230431,-0.238525,0.088993,-0.18207,-0.092038,-0.190055,-0.029336,-0.021036,-0.581921,-0.347113,-0.018161,-0.347113,-0.039261,-0.165459,-0.186177,0.224882,-0.39661,-0.0406,-0.303768,-0.423614,0.106103,0.098253,-0.268531,-0.40959,-0.142419,0.002035,-0.390945,-0.103515,-0.191775,-0.384743,-0.24844,-0.133786,-0.253895,-0.470371,-0.029186,-0.087942,-0.507449,0.004566,0.389284,-0.488986,-0.163023,0.064724,-0.025631,-0.555062,-0.139094,0.274124,-0.498578,-0.128671,-0.394669,-0.062367,-0.54869,-0.371492,-0.14683,0.014328,0.015623,-0.327415,-0.17625,-0.257132,-0.033106,-0.319541,-0.280353,-0.606206,-0.311756,0.355096,-0.436073,0.046719,-0.677155,-0.096506,0.215508,-0.250095,-0.384458,-0.498745,-0.061772,0.250286,0.145845,-0.522256,-0.243082,-0.169815,-0.159807,-0.007271,-0.187205,-0.061402,-0.374318,0.528518,0.27903,-0.372864,-0.367837,0.144528,-0.200431,-0.12253,-0.270342,0.115583,0.432261,-0.383107,0.244139,-0.197416,0.094724,-0.2062,0.031403,-0.323759,-0.149536,0.294207,-0.224604,-0.051491,-0.04988,0.705814,-0.427655,0.528853,0.123048,-0.372389,0.065247,0.42658,0.044092,0.249587,-0.198206,-0.395612,0.215368,-0.2242,-0.040104,0.13927,0.132534,-0.388571,-0.112762,0.040662,-0.260449,0.095105,0.253536,#
14,-0.058257,0.54328,-0.134355,-0.187617,-0.11109,0.247551,0.153434,0.262962,0.162155,0.43091,-0.149029,-0.028671,0.297699,0.372969,1.0,0.222275,-0.046369,0.356676,0.548054,0.172166,0.269851,0.062835,0.143338,0.127499,-0.152074,-0.023269,-0.121957,0.079295,0.212481,0.233442,-0.019079,0.138946,-0.054119,0.310082,-0.292217,0.058602,-0.124216,0.037404,-0.050177,-0.12357,0.289677,0.315705,-0.108574,0.328965,0.492803,-0.261783,-0.008125,0.076784,0.452359,0.119567,-0.000798,-0.001362,0.077864,-0.120805,0.133618,0.18729,0.233846,-0.517997,-0.190354,-0.011013,0.276516,-0.079692,-0.257895,0.230905,0.272735,0.103767,-0.114218,-0.008511,-0.12111,0.120703,0.224698,0.266357,0.067582,-0.130454,-0.038716,-0.195232,-0.019214,0.171683,0.01693,0.151363,0.104274,-0.222926,-0.071623,0.127308,-0.071623,0.115099,0.183621,-0.068868,-0.081188,-0.249935,0.108508,-0.053809,0.001315,0.296107,0.112667,0.012316,-0.15185,-0.072388,0.12422,-0.299532,0.080179,0.137504,-0.252418,-0.037741,-0.352765,-0.236146,-0.34877,-0.115426,-0.203583,-0.02402,0.18767,0.211557,-0.217493,0.101642,-0.160578,-0.003711,-0.146553,0.048576,0.395978,-0.35259,-0.079076,-0.249069,-0.344318,-0.161473,-0.470145,-0.352042,-0.158886,0.278935,-0.558089,-0.011272,-0.078118,0.277956,-0.231269,-0.179755,-0.283882,-0.146553,0.341126,0.028827,-0.218913,-0.385032,0.048036,-0.248077,-0.154361,0.009188,-0.066241,-0.059335,-0.101435,-0.109578,-0.138874,0.006964,-0.236676,-0.207223,0.211284,-0.062357,-0.295336,-0.101136,0.413155,0.142105,-0.161645,0.004184,-0.003492,0.038737,0.114807,-0.015049,-0.135252,0.496569,0.185571,-0.066649,-0.194239,0.024479,-0.090507,0.052717,-0.064581,0.192477,0.150217,-0.130272,-0.180099,0.051903,0.490388,-0.245597,0.313038,0.362685,-0.325189,-0.043047,0.161407,0.135656,0.567971,-0.059129,-0.040253,0.049068,-0.270458,-0.281707,0.157415,0.102047,-0.195298,-0.1382,0.170254,0.030319,0.243412,-0.034239,#
15,0.181926,0.194066,-0.012704,-0.265076,-0.421436,0.339918,0.212001,0.149039,-0.027747,0.399281,-0.13057,-0.097842,0.151985,0.470293,0.222275,1.0,0.03306,0.402772,0.267676,0.264666,0.08195,-0.000725,0.466046,-0.211107,-0.30896,-0.135424,0.068247,-0.025598,0.262991,0.256903,0.40556,0.244757,0.314696,-0.224886,0.150819,-0.202218,0.48958,0.008393,0.014865,-0.182434,0.082301,0.281774,0.262532,0.082401,0.098349,-0.448664,0.093117,-0.030695,0.01413,0.258376,0.301491,0.121444,0.178624,-0.220093,0.301086,0.073951,-0.133136,-0.494138,-0.22993,-0.090228,0.376234,0.108391,-0.376777,0.140823,0.115012,0.26441,-0.307928,0.318057,-0.47087,0.223445,-0.126523,0.274691,-0.199395,-0.271745,-0.146819,0.338605,0.085514,-0.178821,0.183766,0.170794,0.365292,-0.314616,-0.149028,0.306378,-0.149028,-0.076492,-0.298395,-0.229142,-0.043622,-0.072716,-0.084847,0.136863,-0.280817,0.281789,0.090931,-0.099638,-0.177602,-0.550201,0.164068,0.074255,-0.511106,-0.121539,-0.24935,-0.044521,-0.099423,-0.272851,-0.079531,-0.031073,0.015872,0.033551,0.045985,0.226535,-0.256655,-0.154125,0.23803,-0.142817,-0.19193,-0.479253,0.246107,-0.56646,-0.141865,-0.069235,-0.184452,-0.385305,-0.260563,0.107485,-0.225208,0.020117,-0.231084,-0.385209,0.058256,0.074828,-0.042922,-0.011112,-0.254986,-0.384439,-0.126376,-0.063208,0.048132,-0.548931,0.035453,0.463582,0.012161,-0.098126,-0.150998,0.093091,0.26925,0.306377,-0.204391,-0.467002,-0.047708,-0.134569,0.24819,-0.046495,0.07785,-0.172028,0.240931,0.396973,-0.30176,-0.170419,0.368596,-0.106221,-0.139094,-0.216884,0.073944,0.161626,-0.176843,0.020218,-0.07229,-0.176843,0.157076,0.061627,-0.124046,-0.377748,0.054567,-0.1434,-0.052943,0.039842,0.311209,-0.436515,0.439233,-0.247339,-0.26459,0.26421,0.311484,-0.374972,0.380339,-0.018807,-0.367558,-0.043099,0.067185,-0.105446,0.012505,0.228999,-0.222789,-0.285211,0.132434,-0.156048,0.119756,0.364032,#
16,-0.128447,-0.168996,-0.502972,0.022984,0.174783,0.039257,-0.085601,-0.040459,-0.112006,-0.252578,-0.218297,0.001846,-0.03763,-0.127176,-0.046369,0.03306,1.0,-0.035627,0.032232,0.02318,0.021153,-0.395342,-0.00144,-0.461073,-0.558351,-0.184983,-0.445837,-0.059683,-0.008393,-0.05886,-0.367632,-0.073086,0.215191,0.243448,0.076353,0.058181,-0.087586,-0.304462,-0.211025,0.367011,-0.248403,-0.268205,0.098238,0.0222,-0.300465,0.079051,-0.128473,-0.179718,0.233248,0.282821,0.098142,0.087025,-0.183112,-0.014396,0.256056,0.066762,0.266318,0.097542,0.274537,-0.371051,-0.233157,0.243269,0.356262,0.00653,-0.244754,0.140277,-0.044165,0.045492,-0.18886,-0.315532,-0.332837,-0.347491,-0.217644,-0.158455,-0.041694,0.055522,0.165855,-0.252628,0.120256,0.118623,-0.231468,0.097966,0.129478,-0.436873,0.129478,-0.011512,-0.241916,0.024579,-0.129631,-0.100321,-0.017961,0.231851,-0.165005,-0.203889,-0.031437,-0.172093,-0.099973,-0.153986,-0.176682,0.202065,-0.038785,0.032613,-0.026365,0.064962,-0.05491,0.004193,-0.016793,-0.421172,-0.014752,0.10438,-0.405228,-0.053218,0.160292,0.121362,-0.242117,-0.029438,0.340506,0.072101,-0.24178,-0.10572,-0.170758,-0.083569,-0.118396,-0.232548,0.143665,-0.223999,-0.478451,-0.431307,0.11532,-0.22891,-0.330437,-0.320683,-0.086448,0.077427,0.124243,0.142096,0.022972,-0.326725,-0.272618,0.032531,-0.056305,-0.139605,-0.208219,0.317093,-0.093,-0.179128,0.002792,0.021605,-0.155964,-0.00187,-0.04725,-0.029168,-0.159701,-0.081222,-0.096675,-0.197412,-0.152182,0.302431,-0.067491,0.147643,-0.171012,0.012855,-0.01368,-0.383396,-0.328112,0.036521,0.157663,-0.205558,0.141793,-0.037357,-0.114541,0.123998,-0.173072,-0.342661,0.069234,-0.105482,-0.097973,-0.06777,-0.052724,-0.005016,-0.275605,-0.052293,0.554268,0.02145,-0.031391,-0.203324,-0.269847,0.00918,0.195256,-0.374457,-0.144338,0.132167,-0.202904,-0.293747,0.260859,-0.173349,-0.038983,-0.109835,-0.278095,0.122784,#
17,-0.480556,0.157705,0.364446,0.13295,-0.275555,0.026533,0.097996,0.276971,0.247519,0.289232,-0.310997,-0.196711,0.090956,0.028924,0.356676,0.402772,-0.035627,1.0,0.180027,0.396179,-0.177803,0.356043,-0.045448,-0.058836,0.174025,0.267443,0.055968,0.06982,-0.139315,-0.130524,0.226094,0.008187,-0.001617,0.144819,-0.176807,-0.151123,-0.103415,0.118552,0.12062,-0.346077,0.074494,0.129525,0.248082,0.374893,0.109248,-0.251383,0.08377,0.281119,0.065672,-0.153814,0.023215,0.258891,-0.033978,0.013797,0.137516,0.148744,0.028564,-0.382722,-0.108276,0.009375,0.100296,-0.290623,-0.318949,0.156717,-0.07178,-0.000474,-0.041863,0.098458,0.007034,0.589373,0.300759,0.398927,0.066481,-0.151628,0.084727,-0.002065,0.47359,0.046038,0.398364,-0.105036,0.497822,0.10782,-0.20083,0.277417,-0.20083,0.27421,0.180102,-0.1782,-0.021767,0.116503,0.133991,-0.007186,0.03157,0.67965,0.001485,0.227542,0.330888,-0.215375,0.161387,0.049544,-0.347135,0.32481,0.227542,0.327261,-0.070324,0.120297,-0.010932,-0.194851,-0.15208,-0.244187,0.113566,0.038942,0.128894,0.078985,0.228353,0.013614,0.240416,-0.115846,0.483014,-0.483928,0.32481,-0.40028,-0.194182,0.029889,0.111051,0.117318,0.045154,0.076748,-0.038373,0.040685,0.151327,0.438514,-0.009799,0.142292,0.080037,0.033455,-0.085857,0.027378,0.032388,-0.027141,0.046144,-0.036715,0.035251,-0.143106,-0.161029,0.055981,-0.10231,0.196717,0.236284,0.006847,-0.178771,-0.009262,0.228624,-0.064138,0.085112,-0.049669,-0.030276,0.297152,0.05782,0.03905,0.272184,0.336758,-0.247276,0.219327,0.154207,0.348717,0.218944,-0.065079,-0.195066,0.200908,0.006307,-0.249575,0.121193,0.056408,0.28317,0.091688,0.019166,-0.266158,0.316726,-0.201862,0.303204,0.02076,-0.158319,-0.065693,-0.03566,-0.19367,0.26162,0.340846,-0.333688,-0.289668,0.192715,-0.394573,-0.027948,0.113562,-0.188843,-0.184219,0.144055,0.063136,0.110556,0.131006,#
18,0.184823,0.615652,-0.260442,-0.114897,0.089,0.414515,0.357952,0.269464,-0.154232,0.353443,-0.01477,0.162514,0.069793,0.298587,0.548054,0.267676,0.032232,0.180027,1.0,0.010519,0.323283,-0.037722,0.100257,0.006638,-0.064755,0.025171,0.134194,0.104203,0.1655,0.335309,-0.288552,0.157187,0.028056,-0.061728,-0.141758,-0.122351,-0.00592,0.046485,-0.181874,-0.052137,0.316147,0.37977,-0.154387,0.30865,0.417694,-0.111112,-0.000757,-0.221164,0.032025,0.411004,0.017595,0.041408,0.314295,0.080551,0.400261,0.019148,-0.054269,-0.350432,-0.259563,-0.244161,0.193853,-0.190209,-0.274465,0.361414,0.137035,0.404325,0.005215,0.069965,-0.256511,-0.304303,0.028722,0.08794,-0.162485,0.007132,0.147605,0.040993,-0.21188,-0.19618,0.015319,-0.060907,-0.042041,-0.329029,-0.188342,0.17553,0.017231,-0.141115,-0.06861,-0.108567,0.017001,-0.264504,-0.302167,-0.188991,-0.125677,-0.16993,-0.022286,-0.120138,-0.125747,-0.257478,0.308076,-0.224154,0.115475,0.237602,-0.276633,-0.476456,-0.308662,0.078399,-0.323233,-0.086847,-0.129984,0.074781,-0.057778,0.331416,-0.263471,-0.227386,-0.140592,0.228959,-0.288007,0.137142,0.167689,-0.317026,-0.427061,-0.113676,-0.179358,-0.368533,-0.248462,-0.049622,-0.197187,-0.010252,-0.264067,-0.175968,-0.294984,-0.02647,-0.042736,-0.127593,-0.301041,-0.120039,0.067686,-0.085341,-0.133552,-0.388848,-0.294518,-0.238942,-0.397166,0.054833,-0.095262,-0.221548,-0.084007,0.138584,-0.426167,-0.320479,-0.268003,-0.029527,-0.19753,-0.057369,0.033933,-0.228285,0.270769,0.173303,-0.398954,-0.169701,-0.217723,-0.084304,-0.226231,-0.204298,-0.001922,0.29736,0.287024,0.100405,-0.033049,-0.11239,0.174252,0.184566,0.026077,0.069418,0.152213,-0.176359,0.059081,0.060589,0.4635,-0.190721,0.059407,0.237027,-0.01851,0.124966,0.631473,-0.022118,0.569247,-0.180745,0.139002,0.122427,-0.05776,-0.244831,0.370639,-0.008504,-0.521041,-0.428983,0.434475,-0.231518,-0.01367,0.027415,#
19,-0.373485,0.174571,-0.050119,-0.090601,-0.262523,-0.189514,-0.316936,0.095291,-0.205784,0.206666,-0.319852,-0.081508,0.139341,0.157963,0.172166,0.264666,0.02318,0.396179,0.010519,1.0,0.236753,0.125461,-0.090317,0.141481,-0.147357,-0.142573,-0.203351,-0.217816,-0.264952,-0.176892,0.468436,0.395918,0.493587,0.358919,-0.212396,-0.384154,0.112639,0.093229,-0.154338,-0.18629,0.018168,0.054214,-0.145849,-0.082698,-0.078493,-0.262752,0.173724,0.188936,0.318751,-0.27902,-0.174743,-0.096931,0.292171,-0.312802,-0.278095,-0.185138,0.218245,-0.30481,0.280884,-0.145038,0.138884,-0.135582,-0.277162,-0.253006,0.049453,0.046569,-0.234272,-0.236875,0.011833,0.479518,-0.059962,0.208709,0.159429,-0.248269,0.033258,-0.631978,0.453115,0.421235,0.725388,0.204534,0.571667,0.212313,0.202039,-0.010169,0.384154,0.443428,0.210264,-0.197703,0.329261,0.150007,0.427377,0.504316,0.259494,0.500865,0.123568,0.439226,0.170266,0.143302,0.400733,0.263941,-0.511273,0.079199,0.272784,0.344885,0.360321,0.429634,-0.069441,-0.31431,0.213145,-0.328031,0.376608,-0.185283,0.10487,0.395095,0.001433,0.244905,0.216304,-0.134798,0.284049,-0.336748,0.304554,-0.224446,-0.19077,0.213145,-0.149514,0.341399,0.340448,0.07328,0.344262,0.417531,0.428943,0.448602,0.32509,-0.014733,0.445627,0.235855,0.089715,-0.067706,0.08692,0.146961,0.22986,0.324028,0.019883,-0.306722,0.063583,0.407339,0.279401,-0.388044,0.161111,0.125452,0.073446,0.23377,0.457632,0.15149,0.017176,0.19774,0.410298,-0.140868,-0.078091,0.012208,0.198779,0.451819,0.142934,0.140234,0.10944,0.326589,0.40967,0.058321,0.172829,0.224488,-0.572873,0.061744,0.086393,-0.001577,-0.29802,0.056831,0.152078,-0.471624,0.128351,0.077695,0.01503,-0.245886,-0.309859,-0.242533,-0.420552,-0.338332,0.333631,0.194958,-0.37897,-0.067106,0.085056,-0.283088,-0.384087,0.005238,0.150576,-0.468452,-0.234377,0.240362,0.452164,0.03742,#
20,0.348,0.133444,-0.190811,-0.29179,-0.341183,0.193496,-0.063416,0.03675,-0.224852,0.043337,-0.226184,0.535884,0.022999,0.324891,0.269851,0.08195,0.021153,-0.177803,0.323283,0.236753,1.0,-0.044603,-0.262165,-0.045784,-0.067666,-0.12387,-0.02038,-0.348358,-0.030195,0.073157,0.13965,0.279261,0.179707,0.364191,-0.384973,-0.201075,-0.053695,-0.03583,-0.150364,-0.27124,0.275034,0.270389,-0.181188,-0.116609,0.079449,-0.172713,-0.04991,-0.199202,0.014621,-0.159321,-0.274728,-0.252519,0.359892,0.102782,-0.168265,0.043707,-0.189498,-0.250768,-0.231282,0.274965,0.235316,-0.032653,0.000975,-0.024171,0.132475,0.010664,-0.416068,-0.033463,-0.186342,-0.239046,-0.286655,0.234843,0.092166,-0.013992,-0.311185,-0.468228,-0.120107,0.219545,0.080443,0.396984,0.189907,-0.272632,0.159607,-0.299685,0.159607,-0.142449,-0.046414,0.087079,0.176703,-0.012759,0.011324,0.024646,0.057891,-0.119787,0.243227,-0.050226,-0.3972,0.199167,0.071563,0.098531,0.261152,0.179953,-0.317304,0.013247,0.012972,0.00702,0.043577,0.191879,0.028389,0.047495,0.096909,0.065393,-0.437594,0.030357,0.151715,0.4528,-0.101607,0.14383,0.157887,-0.161144,-0.019174,-0.01257,-0.252635,0.07837,-0.362875,-0.199017,-0.034284,-0.073103,-0.222745,0.233553,0.150259,0.025374,0.171257,0.252799,-0.036888,0.302472,0.194872,-0.159953,0.116,-0.287031,-0.10537,0.147572,0.076378,0.127325,-0.141679,-0.072209,0.172249,-0.297269,-0.369093,0.111858,0.056133,0.075109,0.086831,-0.001583,0.10548,0.305043,0.394098,-0.040022,-0.393746,-0.153596,0.083307,-0.069459,0.387262,-0.444946,-0.294894,0.065021,0.034965,0.29919,0.281476,-0.109308,-0.132284,0.427801,-0.023916,-0.021831,-0.405249,0.010457,-0.274181,-0.341403,0.082694,0.327346,-0.129328,-0.19371,-0.069376,0.047946,-0.057368,0.378713,0.223055,-0.102731,0.023563,0.125222,-0.304227,-0.025692,-0.266726,-0.194482,0.086574,-0.239802,0.114508,-0.387069,0.005664,-0.009896,#
