0,1.0,0.228915,-0.177159,0.117569,0.44898,0.147151,-0.200374,-0.277273,0.137293,0.455563,0.306021,0.066978,0.262881,0.269412,-0.220764,0.108354,0.012926,-0.05176,0.030404,-0.320009,0.42468,0.00981,0.197483,-0.269035,-0.092272,-0.172591,-0.25063,-0.224589,0.291808,0.452241,-0.533537,0.260819,-0.003456,-0.195366,-0.261993,0.039507,-0.242972,-0.336969,-0.112476,0.010794,0.263644,0.110555,-0.205244,-0.041343,-0.117441,0.117829,-0.285962,-0.14179,-0.078542,0.103762,-0.003503,-0.08295,-0.082912,-0.10684,0.282774,0.208923,-0.520355,0.247591,-0.330295,-0.015946,0.164878,-0.163727,0.199484,-0.702751,0.268941,0.155016,-0.020735,0.273443,0.382504,0.182735,-0.424407,0.189721,0.061828,-0.164735,-0.285021,0.111488,-0.270323,-0.038165,-0.055133,-0.156833,-0.111647,-0.351162,0.100944,-0.208899,-0.326893,-0.162031,-0.166534,-0.03824,-0.062427,-0.212223,0.157913,-0.596831,-0.156408,0.194588,-0.225264,-0.110201,-0.016338,0.107622,-0.19851,-0.351795,-0.072843,-0.16002,-0.15937,0.053211,-0.486709,0.033379,-0.091487,-0.236895,-0.054447,0.110928,-0.03525,-0.183853,0.093177,-0.192079,-0.536206,0.045754,0.183542,0.163709,0.076554,-0.08403,-0.464625,-0.325997,-0.118922,0.054993,-0.084807,0.002932,-0.34944,-0.132374,0.040133,-0.522015,-0.243461,-0.094224,-0.389301,-0.282459,-0.326332,-0.211393,-0.127266,-0.350193,-0.406772,-0.576876,-0.2027,-0.310872,-0.469864,-0.04707,0.139171,-0.274935,0.03191,0.370644,-0.041128,-0.1715,-0.339055,-0.199824,-0.200343,-0.038782,-0.141501,0.050293,-0.318906,0.361017,-0.406115,-0.29451,-0.199819,-0.173846,0.024431,0.093295,-0.27061,0.281919,-0.461673,0.324128,-0.380733,-0.162753,-0.192251,0.120469,-0.191206,0.187711,0.43751,0.115004,-0.033457,0.089881,0.239017,0.038444,0.22608,0.0298,0.021356,0.294932,0.556309,-0.350658,0.02885,-0.347365,-0.115977,0.469692,-0.356292,0.281725,0.417035,0.141012,0.079729,-0.386018,0.12671,-0.356292,-0.22233,-0.048888,#
1,0.228915,1.0,0.024659,-0.359762,0.384399,0.073048,-0.044272,-0.324348,0.052872,0.428639,0.367538,0.295733,0.12572,0.441789,0.258461,-0.164873,-0.24339,0.154448,0.178276,-0.016719,-0.004083,-0.136279,0.317214,0.103475,0.126754,-0.192139,0.232496,-0.319266,0.052233,0.360452,-0.417607,0.038228,-0.159596,-0.183009,-0.099077,0.040183,-0.075831,-0.053124,-0.326838,0.055611,-0.107979,-0.041551,-0.498358,0.076995,0.035013,-0.31881,0.13142,0.408778,-0.386014,0.304831,-0.040685,-0.510014,0.335954,-0.182122,0.240041,-0.105917,-0.194345,0.283471,0.234184,-0.031404,0.10661,0.679861,0.26385,0.021287,-0.023905,0.235358,-0.188024,0.05571,0.219455,0.233473,-0.105139,-0.106853,0.206631,-0.298513,-0.318555,0.118962,-0.28223,-0.299071,-0.263336,-0.198499,-0.031382,-0.369178,-0.346717,-0.186735,0.100813,-0.066287,-0.491706,-0.533739,0.196255,-0.338632,-0.305253,-0.269012,-0.297292,0.067692,-0.124402,-0.032099,0.227925,0.00669,-0.189071,-0.093458,0.246131,-0.216043,-0.199951,-0.15609,-0.318555,-0.355944,-0.061905,-0.334665,-0.029212,-0.222303,0.315985,-0.128637,-0.504365,-0.191085,-0.181253,-0.203153,-0.444311,-0.302491,-0.108762,-0.365409,-0.178329,-0.355944,-0.345819,-0.225139,0.169777,-0.231594,0.214839,0.154787,0.256329,-0.491706,-0.173439,-0.218009,0.069602,-0.326967,-0.186127,-0.271477,-0.089045,-0.24502,-0.290139,-0.584103,-0.386394,0.059981,-0.453656,-0.160216,-0.427098,-0.22268,-0.156746,0.328311,-0.208733,-0.296515,-0.426248,-0.425592,-0.190079,-0.299079,-0.179733,-0.25542,0.275166,0.496867,-0.006279,-0.067521,-0.097041,-0.491086,-0.068036,-0.002081,0.202419,0.3453,-0.035111,-0.046737,-0.386446,-0.355564,-0.162985,0.358298,-0.29449,-0.213693,-0.223705,-0.013951,-0.190293,0.28202,0.312791,-0.107488,0.70714,-0.041882,-0.061077,0.323338,0.165019,-0.26571,0.390339,0.010419,0.006434,0.414474,-0.013951,-0.006253,0.089519,0.25071,-0.223912,-0.270086,0.018852,-0.584676,-0.311034,-0.298519,#
2,-0.177159,0.024659,1.0,0.311602,0.191725,0.017055,-0.044084,0.491597,0.026854,-0.168101,0.221223,0.048481,-0.078109,-0.103762,-0.093621,-0.051446,0.241345,0.035553,-0.212254,0.344625,-0.033145,0.065927,0.235618,0.133308,0.518586,0.167772,-0.102136,-0.090246,-0.020545,-0.146257,0.079384,0.094567,-0.047347,-0.001435,-0.199811,0.259502,0.229564,-0.197236,0.158646,-0.358505,-0.008501,-0.069574,-0.19318,-0.288061,0.458118,-0.261398,-0.353414,-0.052409,-0.009926,-0.082037,0.121957,0.297961,0.132715,0.020062,0.132621,-0.089965,-0.21647,0.06011,0.012305,-0.047676,-0.029399,-0.015308,0.020603,0.126654,-0.05746,0.33873,0.036147,0.037395,0.048703,-0.417356,-0.103186,-0.244428,-0.077776,-0.02105,0.317281,0.215802,0.114557,-0.097161,-0.224251,-0.07655,0.52401,-0.130623,0.014701,0.164017,-0.159704,-0.05222,0.142393,0.069467,0.164651,-0.080095,0.280523,-0.182691,-0.059959,-0.230663,-0.080887,-0.085463,0.39816,0.184365,0.355944,0.133415,0.077057,0.26687,0.249365,0.221573,-0.264782,0.082916,-0.011972,0.139242,0.27525,-0.084646,0.264089,-0.260136,0.210049,-0.006382,0.293428,0.10327,0.066188,-0.015933,-0.000215,-0.075788,0.175421,-0.062695,0.439899,0.059731,0.188862,0.000425,-0.131255,-0.037106,-0.126778,0.142393,-0.269756,-0.221122,0.040941,-0.154342,0.104229,-0.180923,-0.180071,0.078122,0.090399,0.066688,0.049454,0.295462,0.046995,0.079927,0.091736,0.05555,-0.057328,-0.078721,0.328253,0.110698,0.056617,0.15829,0.187964,-0.284367,0.268681,-0.291586,0.251583,0.188156,0.029422,0.374768,0.353735,0.156405,0.287879,-0.046757,0.142182,0.004188,0.514093,-0.453269,0.347759,-0.044129,0.140998,-0.15839,-0.019857,0.043715,-0.287119,0.240997,-0.384822,-0.106571,-0.048372,0.090427,-0.215042,-0.004527,-0.156972,-0.036584,-0.170465,-0.024482,0.280387,-0.269068,0.379028,-0.380905,0.240997,0.074303,0.096708,0.120364,-0.111018,0.360564,0.117523,-0.208998,-0.123976,-0.09789,#
3,0.117569,-0.359762,0.311602,1.0,0.03458,-0.037022,-0.279783,0.350952,0.167294,-0.130502,0.170319,-0.08356,-0.260107,-0.252147,0.030477,-0.009724,0.1937,0.227402,-0.308657,-0.093504,0.083967,-0.106976,0.048131,-0.076846,0.215141,0.220428,-0.43745,-0.112951,-0.143994,-0.131916,0.349999,0.179345,0.29086,-0.020704,0.184739,0.19483,0.142635,-0.005139,-0.004765,-0.040482,0.051776,-0.050033,0.047253,-0.350727,0.199915,-0.347039,-0.251563,-0.359053,0.277571,-0.121259,0.030308,0.441529,-0.040785,0.35219,0.045935,0.148302,-0.06394,0.138591,-0.156222,-0.122149,0.063484,-0.106736,-0.324001,-0.330598,-0.03146,-0.040661,0.323484,-0.058434,0.133942,-0.312341,-0.149901,-0.009682,0.002999,0.158402,0.540091,0.228643,-0.063614,0.164079,-0.032971,0.214667,0.085724,0.052233,-0.043136,0.287717,-0.317253,-0.376541,0.169927,0.073214,-0.001574,0.063022,0.357436,-0.111621,0.167212,-0.056428,-0.259287,-0.067873,-0.278394,0.06626,0.344833,0.015548,-0.40558,0.564998,0.361148,0.618258,-0.05101,0.072965,0.000337,-0.070538,0.237562,0.362061,-0.247124,0.192171,0.227103,0.146718,-0.006228,0.379149,0.267947,0.060289,0.235036,0.022252,-0.029644,0.07979,0.436679,0.085494,0.06504,-0.109193,-0.141979,-0.262984,-0.172108,-0.005221,-0.111359,-0.238184,-0.120147,-0.311268,-0.157057,-0.108822,0.124772,-0.175001,-0.063384,0.236182,-0.009504,-0.194211,-0.081077,-0.068103,0.142958,-0.093166,0.094729,-0.048912,0.216539,0.160554,0.165474,0.100868,0.001833,-0.039546,0.182904,0.274199,-0.250049,-0.014515,-0.121969,-0.02564,0.193882,0.325555,-0.002439,0.059242,-0.040382,-0.147988,-0.082347,0.003949,-0.046595,0.08265,-0.046099,-0.378332,-0.165114,0.088224,0.083648,0.273662,-0.134431,-0.000423,-0.247112,0.125676,-0.479646,-0.00371,-0.317278,-0.239704,-0.003549,0.097964,-0.36357,-0.355384,0.126545,-0.145805,-0.18332,0.216357,0.23666,0.21976,-0.241486,-0.074383,-0.148913,0.273662,0.101615,-0.034028,#
4,0.44898,0.384399,0.191725,0.03458,1.0,0.222629,0.078138,-0.01718,0.190796,0.384399,0.220029,0.43276,0.128297,0.265491,-0.144963,0.273796,-0.265072,0.092864,0.18303,-0.126757,0.131697,-0.258489,0.374595,-0.100927,0.155525,-0.263659,0.00481,-0.275569,0.169603,0.282786,-0.185422,0.312864,0.171179,-0.148363,-0.235435,-0.000144,-0.156113,-0.050787,0.129618,-0.290095,0.439555,0.163067,-0.079726,0.020211,0.213313,-0.115027,0.020284,0.221074,0.038505,0.048033,0.132411,-0.300416,0.490238,-0.061541,0.091012,0.117178,-0.248297,0.407458,-0.07035,-0.271109,-0.107129,0.113966,0.169298,-0.174677,0.253993,0.443131,0.166398,0.514756,0.268877,0.209932,-0.578257,0.06485,0.276321,-0.498993,-0.215485,0.100372,-0.357832,-0.37339,-0.182857,-0.199994,-0.111151,-0.694623,-0.334779,-0.003132,-0.217563,-0.005915,-0.046944,-0.441766,0.053365,-0.440934,0.147719,-0.462589,-0.384345,0.229495,-0.397729,-0.14257,0.244489,-0.042846,0.003347,-0.050753,0.166092,-0.208247,-0.20298,0.029102,-0.417294,-0.144812,-0.041756,-0.132359,0.079235,-0.103298,0.292961,-0.219734,0.055174,-0.33311,-0.026387,-0.225707,-0.123328,0.154518,0.29551,-0.610615,-0.135965,-0.608015,-0.288041,-0.158178,0.273903,-0.133868,-0.233004,0.012399,0.110432,-0.505126,-0.131488,-0.171633,-0.368564,-0.383826,-0.197455,0.083647,-0.152104,-0.028732,-0.390802,-0.550845,-0.327057,0.017329,-0.612969,0.2601,0.114593,-0.01391,0.051899,0.693521,-0.27824,-0.348612,-0.3828,-0.175807,-0.000162,-0.190779,0.11744,-0.129696,0.049901,0.537525,-0.07846,-0.118101,-0.126824,-0.216218,0.128198,0.115511,0.061943,0.313988,-0.272818,-0.225439,-0.158768,-0.105521,-0.054641,0.287207,-0.025997,-0.119646,0.17869,0.081216,-0.325054,-0.021222,0.199968,0.100548,0.470069,0.124891,-0.377311,0.181368,0.129197,-0.332197,0.172848,-0.378767,-0.17177,0.13278,-0.245262,-0.088334,0.550529,0.595949,-0.428321,-0.12373,-0.039913,-0.372225,-0.247582,-0.001977,#
5,0.147151,0.073048,0.017055,-0.037022,0.222629,1.0,0.324284,-0.330669,0.157248,0.301323,0.146968,0.074135,0.118371,0.262103,-0.199628,0.21159,0.037287,-0.05914,0.152963,-0.288699,0.341409,0.249148,0.428328,-0.344763,-0.335014,-0.331045,-0.248653,-0.235121,0.087039,0.027192,-0.07452,0.284342,-0.322247,-0.116617,-0.308962,-0.163845,-0.07549,-0.187665,0.203017,-0.355799,0.187229,0.27919,0.18546,0.028204,-0.317595,-0.318846,-0.105417,-0.310199,0.34373,0.110848,0.226622,-0.218388,0.189203,-0.220681,0.13021,0.483273,-0.140237,0.054987,-0.336826,-0.032282,0.29525,0.054528,0.477704,-0.188234,0.250803,0.21856,-0.149084,0.170828,0.011933,-0.078072,-0.272465,0.230838,-0.042782,-0.350387,-0.241795,0.188425,-0.071422,-0.279136,-0.454007,-0.09559,-0.086065,-0.354593,-0.022414,0.18489,-0.198282,-0.013435,-0.189278,-0.256193,0.096411,-0.216838,-0.084083,0.005334,-0.354147,0.44606,0.068496,-0.264989,0.21508,-0.188665,-0.122578,-0.024159,0.322416,-0.292376,0.075987,-0.42858,-0.220229,-0.374757,-0.016605,-0.41171,-0.34863,-0.070303,-0.076828,0.036541,0.124299,-0.138431,0.093391,-0.268164,-0.197414,-0.043369,-0.05344,-0.20192,0.015649,0.251487,-0.181948,-0.317202,0.011595,0.004621,0.091288,0.288186,0.058482,-0.338414,0.181219,-0.032219,-0.272205,0.142527,0.065914,-0.197861,0.230382,-0.090926,-0.05599,-0.181971,0.185853,-0.081717,0.031821,0.108243,0.189858,-0.143386,-0.321089,0.589881,-0.189097,0.120511,0.06226,-0.083146,0.217608,-0.42837,-0.268164,0.010912,-0.239198,0.189011,-0.332454,0.051074,-0.198627,-0.191968,-0.166773,-0.042555,-0.225239,0.553976,-0.104943,-0.280386,0.027795,-0.232996,-0.313185,0.017212,0.302709,-0.020288,0.20628,0.15513,-0.384229,0.296135,-0.04252,-0.002957,0.190138,0.167204,0.122954,0.31899,-0.015555,-0.367971,0.162344,0.137545,-0.329512,0.251081,0.15513,-0.168297,-0.036451,0.31895,0.220632,0.146156,-0.024656,0.15513,0.016429,0.064744,#
6,-0.200374,-0.044272,-0.044084,-0.279783,0.078138,0.324284,1.0,-0.081437,0.162599,-0.044272,-0.075713,-0.116224,0.214374,0.053052,0.017632,-0.238906,0.261156,-0.054943,0.351695,0.220484,0.242488,0.633116,-0.197393,-0.052428,-0.082956,-0.553814,-0.101822,-0.014247,-0.078516,-0.293949,0.055892,-0.177177,-0.228086,0.172956,-0.276306,-0.129772,0.151998,0.129585,-0.111092,-0.345073,0.275488,0.162747,0.18917,0.200352,-0.124868,-0.211891,0.12479,0.04046,0.109511,0.373759,0.05368,-0.072959,0.130277,-0.516956,-0.065187,0.24639,-0.076903,0.161547,0.119605,0.241903,0.214269,0.159599,0.436654,0.175916,-0.19852,0.145572,-0.268714,0.03711,0.005457,0.146695,0.073256,-0.202971,-0.230027,-0.335687,-0.263317,-0.358322,0.131656,-0.22773,-0.256895,0.052071,0.05294,-0.310273,0.095804,-0.01624,-0.003974,0.367294,0.386348,-0.026626,0.146652,-0.209049,-0.128816,0.206689,-0.162932,0.403893,0.174975,-0.085668,0.198224,-0.048588,0.159473,0.027597,0.284774,-0.132207,-0.143097,-0.342602,-0.052262,0.047117,-0.210766,0.051983,-0.068779,-0.244191,0.334417,-0.183841,0.147877,-0.199817,0.251624,-0.314103,-0.186832,-0.143186,0.259477,-0.071301,0.479203,-0.136879,-0.137652,-0.268908,-0.086346,0.175903,0.283665,0.247569,0.184185,-0.145786,0.043823,0.361545,-0.221986,0.295732,0.240203,0.23992,-0.127258,0.078048,0.11637,0.241286,0.172249,0.274655,0.088523,0.25116,0.189538,-0.072717,0.045946,0.324766,-0.030448,0.190704,0.233119,0.267594,0.328898,0.164782,0.052006,0.065637,0.198615,0.146897,0.008822,0.245824,0.193135,-0.13865,-0.006311,0.122844,-0.070051,0.27976,0.251776,-0.08371,0.172717,0.067516,0.083759,0.28044,0.562366,0.20658,-0.122906,-0.304467,0.236268,-0.350558,0.027853,0.231216,0.202092,0.023772,0.033601,0.093547,-0.336211,-0.024512,0.194992,0.244524,-0.290648,-0.269521,0.169748,-0.133864,-0.329633,-0.079696,0.069512,0.19872,0.132005,0.169748,-0.007565,0.171767,#
7,-0.277273,-0.324348,0.491597,0.350952,-0.01718,-0.330669,-0.081437,1.0,-0.023007,-0.099106,-0.367429,0.14062,-0.317864,-0.480187,0.292622,0.243695,0.178165,0.014367,-0.056085,0.340898,0.036534,-0.152561,-0.322213,0.175209,0.448369,0.205661,-0.177665,0.132613,-0.098625,-0.07918,0.326294,0.006338,0.002748,-0.023373,0.103282,0.32394,0.041171,-0.075085,0.323922,0.204303,-0.197287,-0.164544,-0.02427,-0.29656,0.509817,0.113415,-0.132074,0.107069,-0.157218,-0.221593,0.237647,0.21323,0.031224,0.2141,-0.0163,-0.160508,-0.02081,-0.107165,0.107073,-0.310519,-0.378969,-0.22817,-0.439671,-0.014836,-0.510266,-0.024504,0.313801,-0.027711,0.06893,-0.202013,-0.180698,0.09275,0.230263,0.306928,0.427416,0.165744,0.002367,0.027561,-0.005554,0.125118,0.191171,0.149314,0.018667,0.041324,0.025062,-0.146959,0.183016,0.05727,0.214475,0.134843,0.207444,-0.04217,-0.044094,-0.428375,-0.212265,-0.306391,0.098745,0.088552,0.134065,0.137786,-0.124453,0.524312,0.379498,0.20305,-0.177667,0.250866,-0.064142,0.304304,0.249693,-0.254357,-0.102292,0.097954,0.137317,0.02342,-0.050479,0.325669,0.255897,-0.115071,-0.016164,-0.112017,0.072506,0.096304,0.351059,0.25479,0.210394,-0.251913,-0.416727,-0.153659,-0.362659,0.2884,-0.064769,-0.371585,-0.051128,-0.033525,-0.183718,0.103439,-0.151772,0.167057,0.124912,0.263865,0.002827,0.262301,0.241959,0.084705,0.013297,0.010551,0.166864,-0.156424,0.252434,0.193962,0.321387,0.142022,-0.206019,-0.14897,0.325669,0.084196,-0.063961,-0.017011,-0.107295,0.011329,0.198355,0.312192,-0.040818,0.089662,0.220358,-0.394229,0.017558,0.057553,0.483656,0.025252,0.170986,-0.338387,-0.147498,-0.113305,-0.275932,0.163369,-0.324345,-0.307609,-0.159948,-0.261712,-0.485118,-0.000944,-0.335917,-0.165331,-0.214969,0.004207,0.130361,-0.160948,0.17006,-0.344285,0.163369,0.157446,0.078419,-0.113181,-0.109149,0.339356,0.245705,0.163369,0.226771,0.011876,#
8,0.137293,0.052872,0.026854,0.167294,0.190796,0.157248,0.162599,-0.023007,1.0,0.280766,-0.08751,-0.1218,-0.071322,0.243712,-0.139469,0.003001,-0.157851,0.366321,0.47434,0.015335,0.104079,0.202705,0.531292,0.087599,0.167795,-0.403629,-0.294273,-0.27268,0.092813,0.01824,0.089666,-0.08984,-0.322933,0.029976,-0.016097,0.466465,0.243152,-0.243995,0.160177,-0.12937,0.338191,-0.07356,-0.00772,0.003612,-0.155293,-0.328945,0.007238,0.277746,0.103813,-0.039296,0.402597,-0.263956,0.162078,-0.094343,-0.202338,-0.203061,-0.121696,0.066018,-0.185034,0.093974,0.229648,0.317441,0.150309,-0.354265,-0.142961,0.322356,0.260042,0.099172,0.376887,-0.13583,-0.360842,-0.405169,-0.325682,-0.055463,-0.092936,0.097523,0.076625,-0.298155,-0.28179,0.063548,0.200784,-0.398869,-0.204789,0.014249,0.01531,-0.033985,-0.0326,-0.126629,0.268178,-0.105297,-0.417021,-0.214415,-0.383674,0.26384,-0.135102,-0.131336,0.167567,0.435941,0.353512,-0.186494,0.057918,0.214345,-0.295063,0.233784,0.101749,-0.073864,-0.367341,-0.180347,0.266615,-0.083551,0.389582,-0.260289,-0.33288,-0.333192,-0.1042,-0.117703,-0.02483,-0.108555,0.16905,-0.568183,0.140964,-0.419586,-0.206627,-0.331747,-0.056557,-0.037182,0.054474,0.143512,-0.198401,-0.216383,0.106047,-0.045704,-0.337208,-0.357461,-0.129959,-0.021262,-0.180177,-0.119738,0.07118,0.009703,-0.171414,-0.087599,-0.311756,-0.432661,-0.402696,-0.46436,-0.136566,0.354674,-0.466799,-0.222409,0.058956,-0.333455,0.187654,-0.254726,0.077244,0.336199,0.059704,0.508704,0.180344,0.319117,0.067408,-0.026818,-0.196725,0.290126,0.122311,-0.020223,-0.286239,-0.1827,-0.139289,0.268837,0.06571,0.276317,-0.04287,-0.019603,-0.1808,0.062174,-0.163666,0.03373,0.066852,0.355069,0.133098,-0.204612,-0.230057,-0.069198,0.083242,-0.011211,0.112032,-0.091976,-0.25576,0.184263,0.062174,-0.193955,-0.262465,0.254724,-0.166022,-0.027082,-0.066621,0.062174,0.085103,-0.273704,#
9,0.455563,0.428639,-0.168101,-0.130502,0.384399,0.301323,-0.044272,-0.099106,0.280766,1.0,-0.21557,0.295733,0.12572,0.441789,0.005705,0.277119,-0.053735,0.333749,0.403723,-0.28797,0.475645,-0.136279,0.317214,-0.144204,-0.326835,-0.22179,-0.223212,0.099414,0.052233,0.569208,-0.408544,0.063952,-0.159596,-0.166064,-0.099077,0.300246,-0.298864,-0.347047,0.102308,0.055611,0.101778,0.183842,-0.2094,0.318615,-0.242526,0.112569,-0.085479,-0.039444,-0.33386,0.039484,0.265675,-0.597328,0.070027,-0.143699,0.440076,0.209842,-0.11807,0.283471,-0.299567,-0.269415,0.136292,0.306311,0.156303,-0.490039,-0.0085,0.235358,0.112292,0.122088,0.219455,-0.08153,-0.697135,0.290879,0.206631,-0.088886,-0.080087,0.056968,-0.533756,-0.299071,-0.529033,-0.185411,-0.247003,-0.369178,-0.368582,-0.191403,-0.257893,-0.283506,-0.285311,-0.325152,-0.057862,-0.127052,-0.352428,-0.485574,-0.491442,0.2787,-0.124402,-0.070311,0.198937,0.178045,-0.17674,-0.290645,0.246131,0.003298,-0.186911,-0.355885,-0.323934,-0.147287,-0.588732,-0.572203,-0.016912,-0.226891,0.09349,-0.128637,-0.568994,-0.386236,-0.43034,0.019063,-0.257025,-0.349812,-0.326287,-0.609376,-0.165629,-0.355944,-0.613671,-0.275619,0.122265,-0.469901,-0.01755,0.107209,-0.050544,-0.491706,0.104481,-0.218009,-0.684271,-0.326967,-0.634768,-0.057603,-0.089045,-0.24502,-0.306121,-0.565486,-0.181122,-0.394786,-0.453656,-0.200271,-0.486612,-0.481706,-0.191962,0.619278,-0.538067,-0.284329,-0.4132,-0.717074,-0.177816,-0.299079,-0.429725,-0.049951,-0.142139,0.496249,-0.26829,-0.055337,-0.551718,-0.299256,-0.284329,0.205542,-0.053458,0.344726,-0.453431,0.152374,-0.178985,-0.159481,-0.163927,0.330422,-0.090494,-0.237188,0.190888,-0.078633,-0.190293,0.524493,0.317276,-0.155156,0.467062,0.370414,-0.061613,0.322767,0.374298,-0.668221,0.389777,0.023579,-0.100807,0.691778,-0.078633,-0.241374,0.306518,0.46237,-0.018257,-0.270086,0.231219,-0.078633,-0.128805,-0.298519,#
10,0.306021,0.367538,0.221223,0.170319,0.220029,0.146968,-0.075713,-0.367429,-0.08751,-0.21557,1.0,-0.078806,0.069382,-0.073582,0.098828,-0.346907,-0.003532,-0.1381,-0.160817,0.167267,-0.107335,-0.040654,0.117479,0.237612,0.092669,0.127514,0.236122,-0.197302,-0.109246,0.026489,-0.247769,0.144783,0.019101,0.00332,-0.188072,-0.107804,0.135645,0.290669,-0.370249,0.058752,0.027341,0.053942,-0.155936,-0.41854,0.008506,-0.507065,-0.065747,-0.095001,0.11342,0.22997,-0.144873,0.226189,0.024371,0.155422,0.127197,0.004616,-0.457506,0.135041,0.277343,0.089942,0.109025,0.25146,0.266699,0.07762,0.229392,0.067584,-0.212997,0.097388,0.327514,0.095763,0.262489,-0.207196,-0.182333,-0.377095,-0.16842,0.113816,0.102245,0.269465,0.066091,-0.064581,0.149513,-0.264936,0.173862,-0.233898,-0.386467,-0.122832,-0.157421,-0.022352,0.11411,-0.194274,0.185218,-0.112787,0.217275,0.047538,-0.186236,0.123921,0.144648,-0.000693,-0.000378,-0.185079,-0.155413,-0.057629,-0.066808,0.154393,-0.16842,-0.234116,0.292502,0.195425,-0.103433,0.072745,0.080913,-0.145722,0.156128,0.1724,-0.006912,-0.34798,-0.149465,0.189998,0.173227,0.176147,-0.2066,0.010146,0.265505,0.062563,-0.070807,0.322403,0.238131,-0.08362,0.227333,-0.148129,-0.287643,0.037469,0.213764,-0.189823,0.173593,-0.307536,-0.100872,-0.277564,-0.190761,-0.141167,-0.031054,0.200673,-0.110076,-0.040333,0.186071,-0.117798,-0.066214,0.000953,0.207344,0.052605,-0.316538,0.23312,-0.002691,-0.160937,0.175624,-0.131807,0.256498,-0.003562,-0.040896,0.096307,0.279684,-0.152234,0.276454,-0.270011,-0.089302,0.325471,0.143617,-0.181434,-0.437774,-0.402791,-0.152875,0.073983,-0.120844,0.103175,-0.16228,0.173495,-0.215568,0.006696,-0.003776,0.458212,0.192524,-0.149991,0.225952,0.153939,0.007383,0.243142,-0.106697,-0.251361,0.114546,0.039167,-0.245876,0.365471,-0.003816,0.152918,-0.102805,-0.305959,-0.244597,-0.408964,-0.397137,0.01409,#
11,0.066978,0.295733,0.048481,-0.08356,0.43276,0.074135,-0.116224,0.14062,-0.1218,0.295733,-0.078806,1.0,-0.30915,0.214215,0.24065,0.51628,-0.500706,-0.128338,0.041277,-0.256188,0.319864,-0.210606,0.04433,-0.1554,0.025486,0.025831,0.163133,-0.24177,0.354745,0.428504,-0.12611,0.102723,0.077286,-0.328068,0.059823,0.246259,-0.739619,0.129778,0.196093,0.181351,0.207412,-0.341245,-0.09413,0.12382,0.314492,-0.070283,-0.267804,-0.1275,-0.349514,-0.066556,0.128071,-0.255833,0.072922,0.155756,-0.135915,-0.065544,-0.188681,-0.186437,-0.097939,-0.308539,-0.137944,0.200701,-0.200331,0.167802,-0.002561,-0.139051,0.26633,-0.069089,-0.054568,0.065779,-0.306341,0.486253,0.250406,-0.080722,-0.110292,-0.100182,-0.289426,-0.241991,-0.34307,-0.313603,-0.221933,-0.326437,-0.051321,-0.001845,0.146876,-0.037217,-0.53428,-0.483416,0.052781,-0.474937,0.145611,-0.143295,-0.131211,-0.411871,-0.454742,-0.146881,-0.082146,-0.226651,-0.553149,0.170763,0.163182,0.024835,0.04685,-0.131324,-0.31206,-0.228641,-0.354761,-0.238237,-0.075027,0.194753,-0.286509,0.16854,-0.182082,-0.018858,-0.059601,-0.004855,0.130057,-0.172934,-0.093116,-0.48744,-0.332225,-0.10539,-0.346913,-0.008439,0.228307,-0.387997,-0.205764,-0.008057,-0.030729,-0.276419,-0.209914,-0.457122,-0.255227,-0.023333,-0.323287,-0.075205,0.116667,-0.122277,0.008442,-0.286768,-0.311233,-0.145599,-0.308209,-0.175697,-0.002321,-0.162458,0.241247,0.318148,-0.251821,-0.323312,0.051559,-0.312316,-0.330473,-0.401403,-0.368425,-0.308984,-0.192238,0.331905,-0.293485,-0.216036,-0.266197,-0.27142,-0.090724,-0.286406,0.002619,-0.177731,-0.292861,0.137495,0.266583,-0.328744,-0.070277,-0.046096,-0.212597,-0.409931,0.237082,0.340006,-0.351236,0.12212,0.033345,-0.160112,0.166481,0.167708,-0.239324,0.41976,0.198535,-0.269678,0.20707,-0.327384,0.124385,0.22413,-0.052981,-0.050569,0.336596,0.341563,-0.467204,-0.16332,0.046177,-0.205809,0.27313,0.301311,#
12,0.262881,0.12572,-0.078109,-0.260107,0.128297,0.118371,0.214374,-0.317864,-0.071322,0.12572,0.069382,-0.30915,1.0,0.198675,-0.349518,-0.234038,0.332104,0.053985,0.063488,-0.000688,0.250274,0.04178,0.001307,-0.030483,0.031552,-0.194674,-0.249932,-0.161375,0.396023,-0.075497,0.017193,0.225155,-0.296835,0.148129,-0.603082,-0.450105,0.130035,-0.137613,-0.136169,-0.449085,0.07763,0.678212,-0.154542,-0.183028,-0.062275,0.165433,0.130094,0.101984,0.107671,0.176484,-0.05698,-0.179591,0.180392,-0.152334,0.340682,0.134663,0.070771,0.254345,0.017486,0.214936,0.25274,-0.199554,0.525188,-0.245939,0.112306,0.284942,-0.116974,0.298479,0.329079,0.323957,-0.061219,-0.246123,-0.014496,-0.436554,-0.324126,-0.250735,-0.088219,-0.050079,0.102129,-0.118162,-0.020554,-0.20071,-0.047364,0.049604,0.051236,-0.051608,0.216088,-0.16149,0.087649,-0.329221,0.238711,-0.177182,-0.218558,0.373441,0.329305,0.017294,0.137607,0.209042,-0.062432,-0.299816,0.339127,-0.154986,-0.152092,-0.360312,-0.101805,-0.008878,-0.05052,0.057025,-0.301999,-0.283704,0.373994,-0.239254,0.166756,-0.196527,0.202202,-0.338341,-0.250617,-0.025456,0.061723,0.095962,0.103998,-0.333867,-0.412034,-0.078005,-0.000393,-0.016994,-0.032642,0.303132,0.446254,-0.258663,-0.065099,0.642294,-0.115724,-0.095742,0.209276,0.058607,-0.165616,-0.250316,-0.060118,-0.44773,-0.066361,0.248898,-0.049638,0.310819,0.08555,0.347043,-0.100282,0.243577,-0.183329,-0.244033,-0.345159,-0.085053,-0.032233,-0.003919,0.196437,-0.215102,0.329705,0.296536,0.178277,-0.184047,0.297942,0.038454,-0.055165,0.023954,-0.07876,0.299155,0.128818,-0.128107,-0.104425,0.158441,0.229252,0.392768,0.250408,0.327221,0.02255,-0.247094,0.343922,0.180271,0.181585,-0.136611,0.458994,-0.056485,0.223627,-0.034266,-0.036163,0.054503,0.232672,0.062723,0.085103,0.147328,0.195198,0.083933,-0.11899,-0.080524,0.167698,-0.004513,0.202563,-0.247094,-0.417312,-0.026026,#
13,0.269412,0.441789,-0.103762,-0.252147,0.265491,0.262103,0.053052,-0.480187,0.243712,0.441789,-0.073582,0.214215,0.198675,1.0,-0.241247,0.214817,-0.049365,0.009396,0.172513,-0.288911,0.050348,0.149574,0.510555,-0.39356,-0.107065,-0.260601,-0.17131,-0.319499,0.209425,0.405465,-0.36582,0.175666,-0.182402,-0.108653,-0.189525,0.044786,-0.185603,-0.350971,0.06842,-0.349501,0.217169,0.03265,-0.109772,0.455187,-0.230567,-0.106677,-0.155208,0.135132,-0.147588,0.148901,-0.225613,-0.411417,0.098168,-0.328802,0.132553,-0.047443,-0.093065,0.10979,-0.477141,0.136902,0.300869,0.293076,0.228508,-0.122686,0.212276,0.319001,-0.053908,-0.079393,0.182489,-0.165624,-0.25419,-0.023155,-0.105789,0.094053,-0.026325,0.204687,-0.006165,-0.58632,-0.379969,-0.186628,-0.103028,-0.508955,-0.24858,0.164569,0.095341,0.25273,-0.407738,-0.313328,-0.177354,-0.158896,-0.048431,-0.28841,-0.232681,0.415924,-0.159961,-0.006528,0.124138,-0.041656,0.008355,-0.246505,0.372035,-0.388574,-0.356983,-0.242538,-0.026325,-0.171999,-0.258089,-0.670134,0.137023,0.076415,0.202861,-0.015439,-0.270611,-0.31206,-0.006871,0.001128,-0.275655,-0.039785,-0.096949,-0.424909,-0.09501,-0.390278,-0.306304,-0.30571,-0.107926,-0.099315,-0.096075,0.251269,0.076368,-0.53979,-0.040148,0.079294,-0.255406,-0.260443,-0.173431,-0.290553,0.189694,-0.175204,-0.051403,-0.419477,-0.26149,-0.437412,-0.578378,-0.128193,-0.160676,-0.140494,-0.041831,0.489739,-0.384591,-0.235323,-0.187143,-0.458826,0.339219,-0.232397,-0.311002,-0.00958,-0.044398,0.546371,0.064571,-0.117565,-0.350023,-0.537437,0.253315,0.253073,-0.029322,0.38723,-0.14058,-0.078798,-0.108552,-0.025809,-0.391506,0.433045,0.07302,-0.103931,0.167673,-0.306107,0.151,0.359251,0.456812,0.068821,0.612348,-0.224486,-0.187504,0.459901,0.454324,-0.431462,0.461441,0.16249,-0.219642,0.206653,0.122001,-0.398195,0.091119,0.28806,-0.096506,-0.302851,-0.077545,-0.306107,-0.325164,-0.335325,#
14,-0.220764,0.258461,-0.093621,0.030477,-0.144963,-0.199628,0.017632,0.292622,-0.139469,0.005705,0.098828,0.24065,-0.349518,-0.241247,1.0,0.015371,0.038092,-0.149914,-0.091612,0.07562,-0.182571,-0.116447,-0.52532,0.14992,0.130095,0.161516,0.120479,0.138408,-0.24976,0.105198,0.050971,0.038834,-0.044564,-0.024445,0.272804,0.039113,-0.064501,0.328481,-0.110695,0.707053,-0.101913,-0.141617,-0.209305,-0.139621,0.100808,-0.280907,0.117802,0.105574,-0.134659,0.03974,0.184559,-0.071554,-0.06245,0.194665,0.074824,0.021038,0.147533,0.047352,0.290569,-0.160674,-0.151817,0.544675,-0.294267,0.270857,-0.638084,-0.138954,0.023702,-0.292297,0.160598,0.120871,0.290428,0.217106,0.061752,0.008208,0.324834,0.191453,-0.282304,0.080885,-0.314981,-0.292203,-0.135336,0.044658,0.047788,-0.041778,-0.033793,-0.185271,-0.231512,-0.271772,-0.01644,0.11057,-0.193167,0.182546,0.151957,-0.314218,-0.255661,-0.174184,0.149565,-0.218031,-0.363275,0.014835,-0.118585,0.243105,0.040074,-0.023765,0.116452,-0.020699,-0.02298,-0.009504,0.114641,-0.121148,-0.386171,0.174419,-0.386247,0.152909,-0.308861,-0.003476,-0.196716,-0.512047,0.045834,-0.052367,-0.06437,0.197235,0.042615,0.203064,0.24544,-0.260285,0.078641,-0.30818,0.060274,-0.178318,-0.2022,-0.307664,0.164719,-0.086354,-0.315277,-0.168488,-0.125664,-0.124127,-0.053773,0.180762,-0.355958,-0.034805,0.043209,-0.064531,-0.302974,-0.139311,0.234971,-0.083529,-0.095981,0.180754,0.040099,-0.02315,-0.364168,-0.117928,0.206013,-0.069538,0.032205,0.012716,-0.216191,-0.28366,-0.044936,-0.032935,-0.035611,-0.210285,-0.059082,-0.274586,-0.153656,0.200404,-0.04118,-0.501789,-0.252875,-0.188584,-0.140909,-0.473903,-0.367561,0.073606,-0.268551,-0.125126,-0.158631,-0.127354,0.047717,0.007726,-0.001226,0.247615,-0.158501,0.204352,0.195979,0.048212,0.185154,-0.01335,-0.305421,0.226469,-0.227227,-0.058737,-0.331245,-4.6e-05,-0.110738,0.073606,0.179858,0.107042,#
15,0.108354,-0.164873,-0.051446,-0.009724,0.273796,0.21159,-0.238906,0.243695,0.003001,0.277119,-0.346907,0.51628,-0.234038,0.214817,0.015371,1.0,-0.242064,-0.186912,-0.038561,-0.085897,0.124881,-0.279312,0.029596,-0.330424,-0.204525,-0.016564,-0.011803,-0.074082,0.301415,0.457176,-0.037891,0.360863,-0.195404,-0.226095,0.205301,0.195535,-0.350024,-0.212659,0.618776,0.124101,0.27521,0.007472,0.098017,0.115938,0.009552,0.241997,-0.120505,-0.096143,-0.069153,-0.261113,0.222736,-0.214981,-0.045436,0.070312,-0.007314,0.060854,0.103186,-0.252522,-0.395272,-0.369557,0.017132,-0.279839,-0.235123,-0.064737,0.139112,0.060004,0.480151,0.118567,0.095145,-0.200047,-0.526583,0.396307,0.176772,0.050732,0.134301,0.212257,-0.025907,-0.228297,-0.088025,-0.164455,-0.04376,-0.152587,0.000822,-0.057236,-0.115324,0.034775,-0.349975,-0.241896,-0.162783,0.093198,0.218391,-0.294989,-0.160093,-0.115088,-0.526664,-0.104951,0.215257,-0.10259,-0.346624,0.057457,0.090404,-0.219484,-0.029036,-0.191602,0.134301,0.138166,-0.122595,-0.153553,0.05869,-0.005995,-0.32371,0.317439,0.111874,-0.221179,-0.160397,0.119303,0.064217,0.227138,-0.233373,-0.438453,-0.401066,0.009985,-0.166854,0.053592,0.187242,-0.166988,-0.531469,-0.215611,-0.039937,-0.127308,-0.002931,-0.27842,-0.271228,-0.196873,-0.50594,-0.064662,0.219737,0.052416,-0.266139,-0.176851,-0.181399,-0.267181,-0.062798,0.083866,0.18419,0.120749,-0.070061,0.376267,-0.184915,-0.290288,-0.025269,-0.297661,-0.16418,-0.395045,-0.095152,-0.023025,-0.319548,0.164928,-0.312287,-0.313208,-0.462949,-0.023981,0.003896,-0.091473,-0.019181,-0.025292,-0.527016,0.129126,0.266849,-0.119245,-0.131183,-0.076527,-0.249406,-0.182134,0.241547,0.145047,-0.413651,0.237484,0.183168,-0.225185,-0.045383,0.055458,-0.282229,0.348605,0.381291,-0.363419,0.207333,-0.014999,-0.044085,0.036112,-0.172833,-0.201098,0.314869,0.364667,-0.047603,-0.100709,0.021001,0.145047,0.19525,0.026557,#
16,0.012926,-0.24339,0.241345,0.1937,-0.265072,0.037287,0.261156,0.178165,-0.157851,-0.053735,-0.003532,-0.500706,0.332104,-0.049365,0.038092,-0.242064,1.0,-0.160321,-0.272356,0.147649,0.062256,0.321019,-0.285626,-0.085853,-0.009408,-0.018532,-0.301106,0.097411,-0.169707,-0.273821,0.034298,-0.020438,-0.204125,0.289746,-0.195916,0.042583,0.461495,-0.073732,-0.0676,-0.127632,-0.084784,0.278273,0.136438,-0.102145,-0.061959,0.054922,-0.118255,-0.227943,0.110606,0.26609,-0.07792,0.191222,-0.278902,-0.187942,0.403086,0.335676,-0.036065,0.367877,-0.111843,0.101555,0.174591,-0.144967,0.179071,-0.11953,-0.148382,0.097441,-0.240485,-0.057662,0.164599,-0.260142,0.095235,-0.065572,-0.205863,0.101457,0.352587,0.123627,0.086071,0.036637,-0.080657,-0.025164,0.138791,0.126293,0.214179,0.104357,-0.278989,0.095471,0.505479,0.249769,-0.119318,0.263964,0.204968,0.213848,0.150799,0.308384,0.330417,0.026862,0.184124,0.000222,0.24703,-0.412937,0.034619,0.200852,0.187401,-0.073184,-0.066356,0.271054,0.03152,0.018255,-0.002401,-0.160407,0.072093,-0.164528,0.170587,0.084247,-0.145452,0.190636,-0.299227,-0.178047,0.170762,0.283238,0.243107,0.160196,0.296946,0.028995,-0.122737,0.127338,-0.068437,-0.128155,0.22878,-0.027679,0.001759,0.439755,-0.017957,0.007184,0.03744,-0.117017,-0.113889,-0.075646,0.094897,0.239349,0.05402,0.081246,0.222695,0.241733,0.204845,0.020527,0.001468,-0.097696,0.230631,0.509935,-0.031933,0.260133,0.243062,0.229523,0.256678,-0.044565,0.186479,0.045758,-0.010809,-0.026007,0.265114,0.168073,0.297406,0.005549,-0.136447,0.162922,0.226136,0.089586,0.055998,-0.059148,-0.176833,0.051107,0.323817,0.361498,-0.035469,-0.321732,0.270819,-0.061556,-0.084918,0.016333,-0.10706,-0.060895,-0.007404,0.056251,-0.080162,0.022956,0.147464,0.189346,0.073249,-0.218831,0.190191,-0.054261,-0.08583,-0.175489,0.344995,0.150002,0.034373,0.190191,-0.340426,-0.164873,#
17,-0.05176,0.154448,0.035553,0.227402,0.092864,-0.05914,-0.054943,0.014367,0.366321,0.333749,-0.1381,-0.128338,0.053985,0.009396,-0.149914,-0.186912,-0.160321,1.0,0.232772,0.14374,0.118287,-0.021291,0.380359,0.199734,0.059866,-0.354149,-0.040186,0.152091,0.005409,-0.091973,0.316548,-0.095607,0.118785,0.260975,0.042372,0.071005,0.174244,-0.244891,-0.321807,-0.237611,0.043539,-0.078368,0.005635,0.192885,0.017641,-0.227656,0.290185,0.214412,-0.159583,0.072141,0.42114,-0.135939,0.227853,-0.230985,-0.206736,0.078299,0.26925,0.246186,0.055354,-0.017566,0.026438,0.227528,-0.132361,-0.191118,0.061911,0.296309,0.304897,0.173494,-0.002069,-0.267564,-0.354006,-0.434619,0.333553,-0.102336,0.036058,-0.266251,-0.121075,-0.099564,-0.062027,0.468556,0.315393,-0.00211,-0.275344,-0.103021,-0.095115,-0.280739,0.070011,0.000717,0.263519,-0.058611,-0.310934,-0.153325,-0.035681,0.323026,0.034148,0.015879,-0.230138,0.575386,0.515747,0.085892,0.205116,0.446804,0.116122,0.135007,0.093599,-0.059191,-0.370571,-0.232165,0.211632,-0.024201,0.466349,-0.058082,-0.263908,0.102862,0.127318,-0.110042,-0.031565,-0.007257,-0.22892,-0.341707,0.364486,-0.312243,-0.275604,-0.512395,0.308089,-0.369918,0.500022,0.266133,-0.102118,0.102102,0.263289,0.038846,-0.3117,-0.387793,-0.212942,0.305411,-0.24788,0.035307,-0.120398,-0.117961,0.061715,-0.067636,-0.298242,-0.101238,-0.313248,-0.067103,-0.45416,0.183246,-0.101893,-0.085502,-0.049357,-0.405909,0.215504,0.058661,-0.070614,0.120908,-0.028705,0.167392,0.211051,0.309491,0.058688,0.094757,-0.246547,0.439647,0.476858,0.07577,0.05955,-0.212265,-0.272018,0.314769,0.229918,0.339449,0.091653,-0.179122,-0.145713,0.133197,0.156526,0.26523,-0.200309,-0.105695,-0.03846,0.382155,-0.368536,-0.642201,-0.138115,-0.246578,-0.263966,0.142875,-0.032911,0.112709,0.133197,-0.317703,-0.064611,0.243149,-0.13457,-0.225278,0.116565,0.133197,-0.083545,-0.311628,#
18,0.030404,0.178276,-0.212254,-0.308657,0.18303,0.152963,0.351695,-0.056085,0.47434,0.403723,-0.160817,0.041277,0.063488,0.172513,-0.091612,-0.038561,-0.272356,0.232772,1.0,0.080417,0.352786,0.180641,0.166759,0.28944,-0.03337,-0.369536,0.048438,0.056923,-0.11626,0.180808,-0.13705,-0.435815,-0.178023,0.270753,-0.378655,0.17147,-0.076999,-0.093385,-0.007649,-0.002162,-0.031617,0.159558,-0.029734,0.349259,-0.322203,-0.208853,0.173001,0.339119,-0.18895,0.120864,0.301331,-0.396185,0.425313,-0.202449,-0.110758,-0.194419,-0.089828,-0.17872,0.164241,0.146543,-0.248068,0.273466,0.105088,-0.231644,-0.100015,0.086141,-0.087884,0.068834,0.214454,0.142819,-0.222761,-0.101057,0.063081,0.035705,-0.342818,-0.196817,-0.120685,-0.095704,-0.135751,0.234601,-0.246459,-0.272962,-0.341393,-0.225131,0.122566,-0.150529,-0.175613,0.073681,0.204454,-0.391625,-0.317906,-0.222062,-0.155982,0.2359,0.067379,-0.231655,0.150125,0.003241,0.120778,-0.036944,0.173105,0.034243,-0.30781,-0.109065,-0.148481,-0.276983,-0.397186,0.028278,0.022986,-0.157834,0.381693,-0.331057,-0.264642,-0.223344,-0.142842,-0.264026,-0.242004,-0.021837,-0.003007,-0.527956,-0.047792,-0.411583,-0.449475,-0.353261,-0.342217,-0.202468,0.07363,0.267471,-0.27874,0.009899,0.229676,0.028645,-0.346932,0.1358,-0.120559,0.154979,-0.229164,-0.078788,-0.070737,-0.125752,0.105624,0.275022,-0.205162,-0.37573,-0.317744,-0.395247,-0.217016,0.456368,-0.375713,-0.140308,0.045964,-0.427351,0.121189,-0.117526,-0.112342,0.139887,0.027226,0.143581,0.119607,0.400565,-0.051814,-0.191248,-0.150302,0.526144,0.005412,0.165599,-0.095487,-0.169734,0.090899,0.19808,0.021292,0.309432,0.139108,-0.195943,-0.09473,-0.314455,-0.061638,0.117107,0.241203,0.054024,0.394598,-0.191774,0.015046,0.197799,-0.112134,-0.16454,0.366904,0.059295,-0.538556,0.39325,0.134924,-0.249083,-0.296501,0.181743,0.096381,-0.041586,0.174022,0.134924,0.050922,-0.101746,#
19,-0.320009,-0.016719,0.344625,-0.093504,-0.126757,-0.288699,0.220484,0.340898,0.015335,-0.28797,0.167267,-0.256188,-0.000688,-0.288911,0.07562,-0.085897,0.147649,0.14374,0.080417,1.0,-0.17118,0.098974,-0.255646,0.65683,0.221092,-0.055336,0.239464,0.212682,-0.162081,-0.139089,0.211079,-0.186877,-0.378868,0.398767,0.031265,0.128502,0.512069,0.174474,0.013267,-0.005277,-0.127874,-0.132514,0.11698,-0.227802,0.159828,-0.118614,0.139171,0.284018,-0.264624,0.050838,-0.014976,0.354331,-0.128267,-0.196322,-0.054124,-0.246291,-0.121278,-0.145521,0.341833,0.079091,-0.009314,-0.037525,0.006212,0.293572,-0.088191,0.033165,0.190438,0.150163,0.161285,-0.190782,0.060351,-0.657568,-0.148101,-0.066092,0.015637,-0.203972,0.578988,0.163703,0.265628,0.363399,0.659315,-0.031936,0.098211,-0.444796,-0.037978,0.277258,0.114168,0.18383,0.21059,0.1898,0.036621,-0.02312,0.135864,-0.033119,-0.24653,0.269937,0.304741,0.46216,0.346328,-0.043958,0.026502,0.197084,0.008542,-0.048525,0.260392,0.272241,-0.001305,0.523183,0.088962,-0.351487,0.383873,-0.017068,0.231869,0.060285,0.241274,-0.338993,-0.084061,0.328372,-0.26796,0.067874,0.109012,-0.030722,0.289939,0.065978,0.031386,0.292526,0.199551,0.0194,0.058777,0.459561,0.042742,0.130094,0.019527,-0.093844,0.066436,0.281598,-0.211385,0.169408,0.094485,0.121992,0.191574,0.546177,0.377503,0.183467,0.134778,0.151232,-0.187772,-0.179554,0.376362,0.088093,-0.021867,0.228502,0.021856,-0.000525,0.402789,0.174396,0.508817,-0.151522,0.371241,0.350442,0.373121,0.145064,0.110306,0.105153,0.413861,0.199928,0.384468,-0.029515,0.016192,0.164331,0.348649,0.273454,-0.041288,0.125224,-0.615525,-0.17388,0.022031,-0.214111,-0.068184,0.198127,-0.102451,-0.219316,-0.022271,-0.24917,-0.23551,0.229735,0.086938,0.208687,0.163332,-0.455747,0.268187,-0.033959,-0.221297,-0.230966,0.176532,-0.100477,0.248927,-0.17388,-0.35068,-0.371904,#
20,0.42468,-0.004083,-0.033145,0.083967,0.131697,0.341409,0.242488,0.036534,0.104079,0.475645,-0.107335,0.319864,0.250274,0.050348,-0.182571,0.124881,0.062256,0.118287,0.352786,-0.17118,1.0,0.341547,-0.034391,-0.155624,-0.125681,-0.270209,-0.277815,-0.203172,0.422792,0.228124,-0.168245,-0.108173,-0.225993,-0.053225,-0.366072,0.23853,-0.423201,-0.200227,-0.102474,-0.148152,0.101935,0.145192,-0.149563,0.053592,-0.008501,-0.075594,-0.402728,-0.409283,-0.249798,0.129856,0.269649,-0.095738,-0.071052,-0.177928,0.14323,0.264971,-0.318868,-0.050887,-0.099462,0.008582,0.214905,-0.144582,0.18041,-0.495236,0.085161,-0.068442,0.100403,-0.046522,0.178566,0.04707,-0.499842,0.239443,0.075412,-0.182283,-0.319445,-0.35819,-0.279099,-0.011,-0.291767,0.043711,-0.13657,-0.125324,0.099452,-0.192575,-0.056605,-0.313146,-0.121038,-0.047648,0.166686,-0.565742,0.160356,-0.333667,-0.179984,0.027776,0.020909,-0.166682,-0.05395,0.074721,-0.23228,-0.005905,0.172551,0.239757,0.115549,-0.173965,-0.537434,-0.119994,-0.609445,-0.158373,-0.278139,0.0792,-0.053339,-0.182154,0.097662,-0.154394,-0.183122,0.043657,0.175209,-0.19223,-0.097424,-0.234777,-0.219527,-0.109022,-0.361319,-0.111077,-0.184738,-0.352477,-0.112495,0.13371,0.024786,-0.180081,-0.167137,-0.069523,-0.554816,0.136394,-0.275611,0.004699,-0.12609,-0.346956,-0.124604,-0.286787,0.024957,0.073938,-0.063545,-0.263996,0.142809,-0.315081,-0.147794,0.390587,-0.029193,-0.118607,0.063829,-0.368414,-0.233901,-0.215769,-0.39104,-0.10253,-0.306836,0.334758,-0.455106,0.061955,-0.01441,-0.021951,-0.384842,0.059126,-0.289286,0.125525,-0.130257,0.329557,0.157096,-0.017052,0.137448,0.058564,0.037734,0.194338,0.30004,0.119292,-0.006999,0.237468,0.031751,-0.140856,0.038959,0.246003,0.061429,0.28955,0.18223,-0.38442,0.193946,-0.297605,-0.013897,0.494038,0.119292,0.118171,0.075853,0.100246,0.12949,-0.143219,0.478903,0.119292,0.160283,0.177732,#
