0,1.0,-0.144589,-0.131209,-0.045597,0.123818,0.118499,0.496593,-0.293821,-0.017275,-0.388142,0.707708,0.278559,0.169659,0.066671,0.204165,-0.070295,0.034388,-0.375629,0.351345,0.045689,0.075,0.019502,-0.024402,-0.079825,-0.051711,0.115505,-0.098807,0.087488,0.218632,-0.09576,-0.112583,0.015808,-0.086837,-0.136415,0.225364,-0.10012,-0.095296,0.039279,0.135488,0.232556,-0.014629,0.332962,-0.031404,-0.117824,0.026503,0.139074,0.195911,0.168169,-0.412582,-0.029744,0.120371,0.02367,0.139996,-0.346669,0.008473,0.050818,-0.215306,0.318651,-0.023677,-0.272736,0.230127,0.268638,-0.183872,-0.130439,-0.23209,-0.049563,-0.081534,0.01038,-0.047507,-0.228904,-0.070244,-0.161865,0.138175,-0.130706,-0.156467,0.118116,-0.60001,-0.112325,-0.28275,-0.210794,-0.364319,-0.232807,-0.062917,-0.395087,-0.02665,-0.182263,-0.037853,-0.103664,-0.091029,-0.203287,-0.553829,-0.102073,0.059825,-0.21034,-0.198021,-0.281967,0.154794,-0.561173,-0.385338,0.208483,0.48585,-0.23504,-0.079949,-0.324127,-0.149651,-0.11947,-0.351357,0.060109,-0.395085,0.014864,-0.305483,0.02252,-0.481665,-0.212678,0.055095,-0.069554,0.094045,0.106126,0.241308,-0.329376,-0.194158,0.031295,-0.019245,0.392045,-0.134393,-0.128934,-0.228773,0.282282,-0.397226,-0.211136,-0.488308,-0.39129,0.141373,0.196687,0.074791,-0.178773,-0.193535,-0.246282,0.284116,-0.191518,-0.212674,0.139979,0.144607,-0.146152,-0.293298,-0.095251,0.015472,0.157701,-0.436008,-0.18644,0.147363,-0.32742,-0.18644,0.049314,-0.070762,0.031648,-0.197413,0.049472,-0.389996,0.031781,-0.054204,-0.200777,0.180217,-0.358098,-0.015778,-0.059312,0.031295,-0.039554,-0.35835,-0.189731,0.266721,-0.395168,-0.010752,-0.040069,-0.001529,-0.024512,-0.076762,0.336008,0.094167,-0.252489,-0.063189,-0.097326,0.054851,0.273908,0.094375,-0.067408,0.028741,0.16803,0.467123,0.185978,-0.5172,0.212384,0.433323,-0.03223,0.191665,-0.213787,-0.473711,-0.161602,0.015635,-0.344051,#
1,-0.144589,1.0,0.306278,-0.301382,0.071059,-0.281368,-0.066239,0.079666,0.045097,0.273617,-0.170186,0.08749,0.375963,0.312825,-0.281334,0.02883,-0.006633,0.151358,0.135824,-0.001851,-0.114064,0.255644,-0.02311,-0.080921,0.034438,-0.284078,-0.221797,-0.150223,0.261769,0.145427,-0.122148,-0.11425,-0.230789,-0.007079,0.233465,0.158732,-0.161218,-0.190972,0.036328,0.08378,0.006986,-0.092206,0.266682,-0.266694,-0.398686,-0.032863,-0.23934,0.214837,0.183625,0.350052,0.120302,-0.241058,-0.158748,0.146251,-0.099051,-0.261607,0.117862,-0.270704,0.275252,-0.055156,0.016523,-0.379765,-0.089323,-0.030373,0.559138,0.269178,-0.392061,0.270554,0.119824,0.110538,-0.045536,0.091812,-0.422828,-0.034647,-0.063996,0.231567,-0.046192,-0.192379,0.17334,-0.305252,-0.215693,-0.466594,-0.21793,-0.229245,-0.298056,0.1726,-0.23432,-0.001335,-0.090513,-0.089537,-0.218629,-0.122372,-0.056723,-0.181396,-0.22217,-0.122775,-0.084017,0.135378,0.428057,-0.061779,-0.247447,-0.186948,-0.048523,0.044819,-0.100731,-0.183405,0.10345,-0.184692,-0.402374,-0.065738,0.385643,-0.360744,0.039155,-0.140074,0.028731,-0.393868,-0.301386,-0.048165,-0.011132,-0.063543,-0.195329,0.179786,-0.253324,-0.370512,-0.224071,-0.115384,-0.084293,-0.069055,-0.127082,-0.169269,0.073015,-0.17037,-0.265224,-0.023036,-0.185356,-0.12478,0.166328,-0.029434,-0.077126,-0.225077,-0.308778,-0.283605,0.236044,-0.14949,-0.024613,-0.204263,-0.793739,0.101718,0.220388,0.153406,-0.223769,0.415196,0.166602,-0.344506,-0.059673,-0.275001,0.081625,0.3959,0.102787,0.005825,-0.075378,0.048914,-0.028497,0.345581,-0.127018,0.16134,0.154506,0.053725,-0.068858,0.179129,0.173886,0.094634,-0.217448,0.102722,-0.002514,-0.047606,-0.064763,0.320922,0.142848,-0.084858,0.231665,-0.121465,0.237638,0.151567,0.210502,0.021329,-0.050873,-0.158305,-0.049802,0.253165,-0.146847,0.200408,-0.07527,0.235278,0.127165,0.000241,0.066791,0.034422,0.247388,0.251038,#
2,-0.131209,0.306278,1.0,-0.629008,-0.06963,0.019151,0.171743,-0.129176,0.169307,0.31231,-0.246082,-0.375344,0.236631,0.079357,-0.293676,0.116567,-0.126612,0.594224,-0.110801,0.054312,-0.331878,-0.118675,-0.004081,-0.199793,0.23113,-0.1549,-0.237157,-0.330791,0.082905,0.095168,-0.245951,-0.028869,-0.491509,0.024504,0.063899,0.332447,-0.015841,0.417018,0.068375,-0.325989,0.093147,-0.246891,-0.037789,-0.111582,-0.074721,-0.419432,-0.347218,-0.109802,0.225629,0.294818,0.284574,-0.416999,0.166725,-0.096043,-0.203734,0.199361,0.070949,-0.367069,0.140956,-0.174113,0.56792,-0.004252,0.105106,-0.243515,0.186319,0.424504,0.098224,-0.005119,0.163188,0.056457,-0.19339,-0.049459,-0.577136,-0.122969,-0.031777,-0.236517,-0.179953,-0.223103,0.011509,-0.071144,-0.085681,-0.100323,0.091815,0.143099,-0.259526,0.121113,-0.049852,-0.127445,-0.301002,0.106785,0.070873,-0.107402,-0.244344,0.062089,-0.263467,0.062747,-0.259187,0.320995,-0.146531,-0.089916,-0.277209,-0.234838,-0.033148,-0.006886,0.019012,-0.260032,0.215668,-0.25646,0.011415,0.112399,0.259778,-0.303686,-0.005049,-0.009997,0.036523,-0.15245,-0.012349,0.20511,-0.07458,-0.198945,-0.126176,0.034811,0.023668,-0.54672,-0.20236,-0.115157,0.292362,-0.100416,0.006036,-0.012601,0.1859,0.000838,-0.1537,-0.041214,-0.204324,-0.375148,0.285041,0.203798,-0.327391,-0.062938,-0.23393,-0.19991,-0.017382,-0.346699,-0.126943,-0.10916,-0.18039,0.240712,0.087214,-0.008129,-0.238839,0.123826,0.001348,-0.32456,-0.212208,-0.188027,0.066645,0.168407,0.050695,0.014065,0.102318,-0.297182,-0.246126,0.434158,-0.077017,0.0827,-0.002029,-0.023477,0.128887,0.041506,-0.063888,-0.116303,0.033128,-0.374705,-0.130415,0.016443,0.010025,0.171302,0.101684,-0.26535,0.222732,0.021609,-0.08565,-0.072778,0.193159,0.060318,0.195239,-0.169133,-0.298778,-0.251173,0.121071,-0.221496,-0.152419,0.061377,-0.093762,-0.042202,0.108204,0.39585,0.227122,0.240661,#
3,-0.045597,-0.301382,-0.629008,1.0,-0.089337,0.01083,-0.210821,0.24801,-0.341912,-0.230374,0.14441,0.237157,-0.169058,-0.376629,0.109554,-0.280646,0.161184,-0.188283,-0.038899,-0.19727,0.266838,-0.162878,-0.136037,0.255978,0.010259,0.053907,0.066506,0.233962,-0.209819,-0.115542,0.305148,-0.218611,0.455577,-0.039721,-0.02201,0.086603,-0.164458,-0.275024,-0.118144,0.198128,-0.122674,-0.215718,0.038056,0.111016,0.15831,0.516571,0.069332,-0.306336,0.063754,-0.325928,-0.2816,0.576248,-0.02289,0.259253,0.320304,-0.126157,0.192426,0.358375,-0.134954,-0.044745,-0.446328,-0.128207,-0.003556,-0.002167,-0.241696,-0.19693,0.059604,-0.077943,-0.024437,-0.047799,0.120617,-0.213821,0.277697,0.289451,0.292978,-0.342386,0.281847,0.269073,0.130546,0.036789,0.189469,0.191624,0.058768,-0.163657,0.026049,0.033004,0.195429,0.278505,0.274621,-0.127316,0.20733,0.300751,0.272912,-0.177067,0.360703,0.420943,0.154843,-0.067813,-0.130197,0.173533,0.194188,0.213418,0.266539,0.314425,-0.102871,-0.033119,-0.102117,0.271318,0.037935,-0.014476,-0.332053,0.167761,0.135596,0.207903,-0.069275,0.273102,0.239683,0.190147,-0.117188,0.25057,0.36706,0.006357,-0.148755,0.42063,0.36173,0.118544,-0.298677,0.008225,0.147701,0.344579,-0.072874,0.524262,0.341172,-0.128694,0.285464,0.349753,-0.022771,0.0309,-0.07156,0.172754,0.033356,0.0182,0.258503,0.409832,0.456158,0.005612,0.252039,-0.461434,0.123342,-0.222351,0.367031,-0.053324,-0.037153,0.155344,0.331916,-0.020985,-0.30873,-0.396628,0.037012,0.142026,-0.010944,0.397125,0.140979,-0.249104,0.067261,-0.447017,0.194175,-0.205277,-0.030463,0.002024,0.197259,0.294163,0.020829,0.441542,0.328677,0.190147,-0.096141,-0.197796,-0.288836,0.580974,-0.462207,0.374587,-0.006921,-0.129952,-0.15433,0.061654,0.025606,0.39543,0.370857,-0.018018,0.094673,-0.006772,-0.109265,-0.321051,-0.065195,-0.010318,-0.145604,-0.403383,-0.404917,-0.355617,#
4,0.123818,0.071059,-0.06963,-0.089337,1.0,-0.053059,0.019272,0.114394,-0.083355,-0.052581,0.271454,0.028069,-0.132353,-0.083386,-0.146368,-0.222092,0.203073,-0.232895,-0.046393,-0.137092,-0.049012,-0.329262,-0.044618,-0.098186,-0.005189,0.082067,-0.111942,-0.204715,-0.106242,-0.374362,-0.212547,-0.178455,0.066397,-0.32475,0.092843,-0.159842,-0.156999,-0.290222,0.333857,0.271956,0.167613,-0.082208,-0.372001,-0.314463,-0.224746,0.051989,-0.155612,-0.205193,-0.091896,0.029294,-0.109875,0.027874,-0.1182,-0.021064,-0.062691,-0.028031,-0.158071,0.301342,-0.169177,0.225927,-0.249544,-0.097568,-0.103016,-0.337699,-0.050325,-0.142537,0.461739,-0.112058,-0.230917,-0.303412,-0.098188,-0.049972,-0.176169,0.036369,0.329331,0.026859,-0.170893,-0.059953,0.0014,-0.130423,-0.554777,-0.038126,0.295612,-0.021708,0.2185,-0.095662,-0.186272,0.064833,0.109482,0.055838,-0.038148,0.210318,0.182854,0.06207,0.150956,-0.053173,0.347012,-0.030032,0.430164,-0.220478,-6.4e-05,-0.044749,0.169648,-0.091657,0.0324,-0.106298,0.180248,-0.103407,-0.158296,0.152121,0.125261,-0.004055,-0.264949,0.015264,-0.291998,0.244321,-0.095562,0.284368,-0.28207,0.097016,-0.22037,-0.093405,-0.230318,0.183579,-0.109375,-0.025804,-0.284679,-0.115422,-0.387243,-0.333959,-0.272,-0.333959,-0.051444,0.012833,-0.071015,0.001382,0.358703,-0.084174,-0.010807,-0.186384,-0.111358,-0.224307,0.097948,0.188035,-0.146088,-0.246967,0.074136,-0.012936,0.224436,-0.096706,-0.002187,0.158155,-0.326959,0.161975,-0.359517,-0.343402,0.097815,0.21707,-0.153847,-0.149407,-0.48927,-0.20845,-0.01337,0.257552,-0.161786,-0.109089,-0.326916,-0.187156,-0.027543,0.354331,0.084369,-0.13064,0.145015,-0.149481,-0.130784,-0.054755,0.089553,-0.100553,-0.095876,-0.210682,0.097776,0.216598,-0.186482,-0.116302,0.114648,-0.216726,-0.304634,0.249742,0.201117,0.189312,-0.233129,-0.057303,0.291671,0.083132,-0.231729,-0.134674,0.108356,0.1152,0.028478,-0.168446,#
5,0.118499,-0.281368,0.019151,0.01083,-0.053059,1.0,0.106967,0.132517,0.164446,0.178946,0.025919,-0.069871,0.12331,-0.090714,0.219155,0.097983,0.008785,0.163647,0.003392,0.024259,-0.185981,-0.126014,0.186711,-0.077845,-0.103653,0.330147,-0.167573,-0.037974,0.252881,-0.02364,-0.304581,0.144727,0.087309,0.193645,-0.079274,-0.034507,0.223313,0.095949,-0.134378,-0.249442,-0.208416,0.231693,-0.216325,-0.10775,0.063987,0.008179,0.263754,-0.002683,0.354712,-0.086438,0.023098,-0.101815,0.597236,0.040464,0.057333,0.188103,-0.113184,0.177677,-0.223923,0.08885,0.198662,0.097716,0.058207,0.094677,-0.261258,-0.297998,-0.008446,-0.141397,0.002701,-0.427744,-0.098177,-0.253963,-0.003471,0.201374,-0.099781,0.171942,-0.08238,0.0253,-0.072908,0.192601,-0.221572,-0.090225,-0.077235,0.465757,0.018001,-0.141117,-0.257396,0.059519,-0.032164,-0.133845,0.094742,-0.007253,-0.062173,-0.301448,-0.249653,0.280193,-0.091799,-0.221239,-0.06438,-0.291424,0.306989,0.086047,-0.065818,-0.191808,-0.355956,-0.338734,-0.085251,0.167295,-0.13444,-0.135241,-0.012214,0.447918,-0.17112,-0.129371,0.250107,-0.218986,0.159139,0.151353,0.206702,-0.149154,0.095136,-0.064552,0.005233,0.029395,-0.462342,0.216272,0.192499,-0.115316,-0.426,0.219439,0.027536,-0.130706,-0.195936,0.193816,-0.531149,-0.101637,-0.090434,0.309537,-0.004951,0.304043,-0.131687,-0.029296,-0.397383,-0.094761,0.038928,-0.220808,0.237889,0.04134,-0.467651,-0.31315,-0.070962,-0.437747,0.361001,-0.317383,0.323576,0.03649,0.20744,-0.25902,-0.465178,-0.139948,-0.229657,-0.067602,0.270292,-0.289084,0.329214,-0.111724,-0.081408,-0.308565,0.077059,-0.53333,-0.14392,-0.348144,-0.132326,-0.115519,0.185105,0.142034,-0.052364,-0.180226,0.023119,-0.021377,0.337118,0.196927,-0.122243,-0.135535,0.31375,-0.078836,0.32344,-0.097004,-0.093318,0.068573,-0.023573,-0.108649,-0.022888,-0.030712,-0.322846,0.453601,0.008326,0.01659,0.134138,-0.145254,#
6,0.496593,-0.066239,0.171743,-0.210821,0.019272,0.106967,1.0,-0.207691,0.373953,0.104078,0.218978,0.128719,0.289098,0.175401,-0.016833,0.154758,0.068434,0.141509,0.212128,0.284975,-0.272636,-0.16612,-0.043687,-0.006484,-0.032994,0.025948,-0.177853,0.035478,0.525006,-0.176677,-0.007616,0.098998,-0.139637,-0.055609,0.025773,-0.173296,0.449974,0.063488,0.321362,0.186269,0.183666,0.215716,-0.263775,-0.192629,-0.077615,-0.196292,-0.049827,0.059066,-0.084815,-0.140379,-0.229532,-0.469923,0.499701,-0.228477,0.329681,-0.184043,-0.104791,-0.233873,0.089785,-0.260952,0.51097,0.14627,-0.240581,0.067303,0.130235,0.284049,0.046903,0.052688,0.304262,-0.211972,-0.104598,0.074689,-0.174112,-0.357936,-0.313446,-0.118279,-0.474082,-0.381285,-0.312038,-0.050582,-0.448399,-0.02039,0.152409,-0.284031,-0.215027,-0.215537,-0.116527,-0.152404,-0.26318,-0.377554,-0.504441,-0.238092,-0.467877,-0.13984,-0.46479,-0.276783,-0.023029,-0.243989,-0.466392,-0.090494,0.061396,-0.021142,-0.294384,-0.217538,-0.374488,-0.257095,-0.18007,-0.09467,-0.040953,-0.27944,0.236913,-0.057215,-0.219197,-0.203224,0.009349,-0.365824,-0.006178,0.095514,0.312194,-0.421151,-0.331419,-0.067517,-0.242775,0.077293,-0.297935,-0.03155,0.114391,0.263451,-0.274246,-0.203662,-0.210826,-0.191365,-0.087982,0.09479,-0.031179,-0.339848,-0.046521,-0.166467,0.121024,-0.281149,-0.230905,-0.09639,-0.172072,-0.351897,-0.356603,-0.208074,-0.03144,0.597318,-0.33085,-0.491149,-0.133088,-0.464314,-0.265701,-0.250683,-0.007018,-0.107587,0.262737,0.320453,-0.319104,-0.269417,-0.057008,-0.33789,0.30211,0.018826,-0.228647,0.126743,-0.06312,0.131691,-0.25788,-0.268928,0.095516,-0.467296,-0.105114,-0.151009,0.077138,-0.261141,-0.009574,0.537203,0.278178,-0.431196,0.269109,-0.054571,-0.265436,0.268835,-0.075318,-0.427608,0.191197,0.064989,-0.083863,0.314505,-0.463229,0.156871,0.071564,0.291555,0.169979,-0.320185,-0.261312,-0.03911,0.162632,0.099392,#
7,-0.293821,0.079666,-0.129176,0.24801,0.114394,0.132517,-0.207691,1.0,-0.348074,0.259869,-0.126456,-0.195304,0.368694,-0.137084,0.136796,0.215096,0.188258,0.143852,-0.190162,-0.240557,0.234093,-0.062142,0.161436,0.114388,-0.321892,0.114345,-0.187875,-0.180253,-0.153953,0.089661,-0.079648,0.118487,0.353151,0.217183,-0.153437,0.109628,-0.179972,-0.202022,-0.350914,0.073276,-0.04087,-0.126301,-0.035343,-0.071978,0.050745,-0.064206,0.531363,-0.076568,0.28835,-0.08097,-0.059911,-0.197043,0.039054,-0.132791,-0.064025,-0.191167,0.521377,-0.025074,-0.024153,0.626416,-0.211312,-0.575262,-0.044759,0.259488,0.052034,-0.094621,0.161726,0.028762,-0.103669,-0.135338,0.293261,-0.129386,-0.409345,0.197559,0.207513,-0.126614,-0.08253,0.007295,-0.016515,0.106436,-0.013235,-0.224103,-0.277543,0.176586,0.121006,-0.081008,0.318323,0.044238,0.317188,0.303238,0.225095,0.09716,0.000822,0.020264,-0.180153,0.275219,-0.005873,-0.021539,0.422647,-0.205461,-0.176792,0.159136,0.013158,0.289827,-0.084664,0.234666,-0.059311,-0.104609,0.153,0.18378,0.187805,0.05764,0.063826,0.280453,-0.147739,0.162074,0.192636,-0.150532,-0.210716,-0.14135,0.255353,-0.29865,-0.042048,0.094715,-0.02744,-0.068864,0.09034,-0.107388,0.071288,-0.103506,-0.140775,0.232681,-0.057409,-0.187342,0.020124,0.290297,0.13744,0.087971,-0.099435,-0.027352,-0.095737,-0.083632,-0.174137,0.069965,-0.138725,-0.171353,0.079393,0.161011,0.001695,0.118014,-0.025572,-0.053033,0.137866,0.168978,-0.046818,-0.17869,0.136882,0.213991,0.133662,0.21732,-0.092844,0.253853,0.140238,0.076752,0.367723,-0.237347,-0.33668,-0.131985,0.167745,0.156671,0.001907,0.275196,-0.419293,-0.147991,0.121008,-0.001682,-0.242835,-0.260094,-0.27186,-0.028608,0.160691,0.275493,0.188491,-0.259801,0.195296,-0.12973,0.126413,-0.114828,-0.151915,0.215532,0.060341,-0.311972,-0.265666,0.157472,-0.109191,0.037216,0.08538,-0.101209,-0.166194,0.043672,#
8,-0.017275,0.045097,0.169307,-0.341912,-0.083355,0.164446,0.373953,-0.348074,1.0,0.21632,-0.069537,0.2027,-0.304159,0.100854,0.09141,-0.124639,-0.263604,0.048736,0.067684,0.359281,0.060943,-0.11445,-0.017674,-0.193739,0.110186,0.204766,0.002389,0.066574,0.250218,-0.273366,-0.312543,0.132867,0.079618,-0.059264,-0.281227,-0.403101,0.307184,0.135408,0.237692,-0.164656,0.084192,0.094937,-0.358633,-0.099133,0.038723,-0.239857,-0.328916,0.243198,0.165606,0.082957,-0.225236,-0.251275,0.432618,0.346551,0.228379,0.171102,-0.288328,-0.155757,-0.173677,-0.070168,0.138841,0.14949,0.14921,-0.004563,0.292914,0.267709,-0.183929,0.225726,0.295083,0.048546,-0.219236,0.154762,0.200709,-0.091542,-0.428649,0.017381,0.088561,-0.185236,-0.062859,0.169585,-0.107546,0.070832,0.26649,0.015382,-0.017483,0.150322,-0.529239,-0.202399,0.080372,-0.489026,-0.067155,-0.355978,-0.415906,0.055313,-0.134844,-0.073329,-0.14244,-0.149197,-0.252971,-0.083214,-0.018531,0.268337,-0.052724,-0.242444,0.008924,-0.314751,0.143399,0.02341,-0.106694,-0.087472,0.253107,-0.146017,-0.053522,-0.106466,0.30669,-0.20119,-0.102423,-0.133358,-0.187354,-0.147921,-0.070575,0.092843,0.210257,-0.157663,-0.265679,0.060614,0.35195,-0.239492,-0.183926,0.137613,0.374682,-0.195028,-0.328697,-0.284388,-0.185491,-0.028046,-0.113943,0.255666,0.211596,0.081813,-0.021914,0.127764,-0.140349,-0.248271,-0.038955,-0.316187,-0.237867,0.10961,-0.020061,-0.133426,0.185282,-0.153309,-0.115218,-0.26285,0.219413,0.087462,0.309112,0.264815,-0.249647,-0.192834,-0.006614,-0.258902,-0.047599,-0.070948,-0.317461,0.021768,0.097459,-0.002047,-0.048662,-0.136509,-0.241754,-0.232463,-0.008016,0.02963,0.108373,-0.025761,0.366606,0.149652,0.454238,-0.210907,0.178435,-0.091913,-0.259425,0.177699,-0.185089,-0.161219,0.154406,-0.279221,-0.358693,0.080561,0.06613,0.228423,-0.032217,0.163863,0.071147,-0.056612,-0.223889,-0.25257,0.09864,-0.010382,#
9,-0.388142,0.273617,0.31231,-0.230374,-0.052581,0.178946,0.104078,0.259869,0.21632,1.0,-0.252752,-0.259553,0.184505,0.329323,-0.207161,-0.043172,-0.272939,0.427828,0.027198,0.120947,-0.19134,0.03347,0.24918,-0.111544,-0.096432,0.108318,-0.293701,-0.327524,0.391301,0.367631,-0.288569,0.050915,0.073808,-0.086606,-0.20247,0.172047,0.242032,-0.145725,-0.163679,-0.288516,0.221808,-0.204483,0.104781,-0.31981,0.000467,-0.356764,-0.208857,0.1696,0.373594,0.016724,-0.113219,-0.449482,0.44696,-0.063083,0.10393,-0.081208,-0.073228,-0.455425,0.100791,0.346683,0.298039,-0.263817,-0.406167,0.077959,0.198527,0.339079,-0.081227,0.225718,0.092854,-0.025347,0.018897,0.153336,-0.49347,-0.206672,-0.103183,-0.034074,0.129347,-0.198549,-0.031958,0.168978,-0.052085,-0.190595,-0.204633,0.384089,-0.419625,0.06141,-0.111185,-0.212159,-0.292516,-0.144766,-0.013071,-0.059277,-0.567742,0.036884,-0.321044,0.059914,-0.656839,0.079315,0.186471,-0.383636,-0.438381,-0.176714,-0.169877,-0.118236,-0.061182,-0.309886,0.09118,-0.43734,0.237369,-0.194482,0.624443,0.233607,-0.214272,-0.251599,0.010977,-0.486657,-0.288318,0.013357,0.143333,-0.328491,-0.330034,-0.129551,-0.163077,-0.332553,-0.390922,0.337675,0.527608,-0.208787,-0.215378,-0.357953,0.288481,-0.011296,-0.53113,-0.214527,-0.4093,-0.362003,0.28471,0.48209,-0.038238,-0.231278,-0.102032,-0.379135,-0.300609,-0.249755,-0.314918,-0.414575,-0.416798,0.298713,-0.141347,-0.217258,-0.377702,-0.17901,0.092854,-0.653129,0.16743,-0.474534,0.703589,0.406478,-0.340681,-0.457369,-0.137821,-0.154005,0.01367,0.114302,0.110919,0.33535,-0.138123,-0.450114,0.237853,-0.194743,-0.254526,0.019319,-0.169181,-0.206529,0.371507,-0.488152,0.101973,-0.172926,0.539487,-0.241931,0.642172,0.197417,-0.255847,-0.202894,0.13547,-0.381098,0.110666,-0.224724,-0.663831,0.258544,-0.076913,-0.108622,-0.051807,0.314696,-0.289471,0.036784,0.319014,0.114904,-0.003495,0.369404,#
10,0.707708,-0.170186,-0.246082,0.14441,0.271454,0.025919,0.218978,-0.126456,-0.069537,-0.252752,1.0,0.270778,-0.069824,-0.051306,0.108156,-0.27485,0.155479,-0.341155,0.177575,0.134786,0.210133,-0.124861,0.020631,-0.157809,-0.078455,0.384825,-0.044104,0.059311,0.102381,-0.220661,-0.183277,0.138029,0.297576,-0.037017,0.133715,-0.195571,-0.400508,-0.046028,-0.060248,0.2528,-0.254527,-0.088732,0.02006,0.078297,0.294556,0.326087,-0.052275,0.189454,-0.271601,-0.118733,0.125202,0.119134,0.13059,-0.113748,0.019435,0.161122,-0.128548,0.531839,0.024991,-0.026933,-0.026509,0.011106,-0.016681,-0.101943,-0.560222,-0.099188,0.206694,0.357212,-0.168544,-0.196138,0.256003,-0.138447,0.195559,-0.057815,-0.225699,-0.159456,-0.278331,-0.030013,-0.25377,-0.024805,-0.148594,0.040994,0.066785,-0.150757,-0.021153,0.12424,0.023778,0.122071,0.047656,-0.179094,-0.265626,0.225025,0.255235,0.042632,0.028988,-0.11267,0.255464,-0.592016,-0.245549,0.304359,0.222043,-0.27882,0.242207,-0.393477,0.027669,-0.160505,-0.058637,0.17161,-0.1014,0.295701,-0.43133,0.121386,-0.238656,0.08357,0.116054,0.210748,-0.127112,0.023862,0.123741,-0.111019,-0.084554,0.314816,-0.007964,0.441343,-0.062468,0.023808,-0.369089,0.261497,-0.304098,-0.235184,-0.228674,-0.390409,0.169705,-0.092589,0.147933,-0.05325,0.101147,-0.157683,0.183667,0.033111,-0.053637,0.29855,0.404311,0.220087,-0.228836,-0.207149,0.06242,-0.080385,-0.235113,-0.128479,0.363687,-0.384303,-0.119743,0.12438,-0.059601,0.120975,-0.302405,-0.131631,-0.296978,0.157034,-0.067273,0.08308,0.132719,-0.349883,-0.031789,-0.193678,0.084463,-0.349691,-0.08055,0.092383,0.307407,-0.265277,0.27592,0.081178,-0.033489,0.159304,0.000387,-0.012346,-0.041489,-0.128049,-0.167973,0.09085,-0.035306,-0.031015,-0.003745,-0.157404,0.051142,0.29995,0.342661,0.297913,-0.212424,0.302827,0.156411,-0.188362,0.018618,-0.363567,-0.30769,-0.220999,-0.288294,-0.558557,#
11,0.278559,0.08749,-0.375344,0.237157,0.028069,-0.069871,0.128719,-0.195304,0.2027,-0.259553,0.270778,1.0,-0.044664,-0.134924,0.164294,-0.330561,-0.076243,-0.271407,0.094699,-0.086236,0.302649,0.05767,0.246933,0.155173,0.001256,-0.210597,-0.003953,-0.050462,-0.002662,-0.057755,-0.133272,-0.082134,0.361177,0.092864,0.350782,-0.44219,0.073503,-0.520652,0.302643,0.234235,-0.0013,0.215307,-0.264767,-0.196532,0.055786,0.565319,-0.124104,0.353036,0.057874,-0.091706,-0.456504,0.341546,0.011533,0.229155,0.303211,-0.033289,-0.266091,0.107911,-0.428304,-0.076297,-0.333773,-0.052854,0.010781,0.121301,-0.052941,0.011126,-0.250689,0.405418,0.2199,0.06942,-0.19907,-0.007889,0.162214,0.156753,-0.020847,-0.161775,-0.009129,0.050908,-0.177431,-0.112225,-0.241587,-0.168139,0.333365,-0.269775,0.066776,-0.267611,-0.250657,-0.163359,0.295598,-0.264932,-0.1457,-0.119369,0.164494,-0.272145,0.266357,-0.026504,0.248809,-0.15307,-0.223071,0.257315,0.283127,0.037595,0.145154,0.201216,0.064805,-0.05955,-0.127271,0.106059,-0.151415,-0.112591,-0.031144,-0.104057,0.189097,0.013688,0.010863,-0.038249,0.204912,0.074523,0.114449,0.251451,0.032377,0.049492,-0.078566,0.36817,-0.054776,0.06922,-0.115143,-0.3258,-0.279363,0.204312,0.014141,-0.124572,-0.246783,0.330635,-0.145195,0.370257,-0.3861,-0.177606,0.435034,-0.23467,0.050261,0.053022,0.167518,-0.019641,0.335536,-0.357014,0.038725,-0.136927,-0.170661,-0.161257,0.265465,-0.158705,-0.152611,0.079193,0.28238,0.249166,-0.002312,-0.028075,-0.051092,-0.076065,-0.130174,0.189461,-0.090657,-0.051988,-0.444312,-0.284832,0.277468,0.077835,0.061053,-0.164437,0.37855,-0.10442,-0.001605,0.131312,0.251612,0.062071,0.31805,0.252932,0.18867,0.370525,-0.267879,0.170595,-0.106705,-0.118789,0.05638,0.110754,-0.030655,-0.046058,0.263284,0.249558,-0.343854,0.493796,0.04424,0.032444,-0.076267,0.047359,-0.226345,-0.190669,-0.023677,-0.276428,#
12,0.169659,0.375963,0.236631,-0.169058,-0.132353,0.12331,0.289098,0.368694,-0.304159,0.184505,-0.069824,-0.044664,1.0,0.430709,0.153068,0.228911,-0.020985,0.488383,0.225311,0.002003,-0.011882,-0.042097,0.320167,0.110532,-0.071222,-0.254576,0.090415,-0.036302,0.397527,0.248808,0.125107,0.08646,-0.205034,0.17554,-0.050763,0.015313,0.023768,-0.055586,-0.076614,0.120223,0.005059,0.242144,0.018037,-0.215944,-0.353405,-0.3124,0.374961,0.286882,0.178784,0.114444,0.020435,-0.28765,0.309178,-0.254571,-0.156498,-0.12745,0.317275,-0.424844,0.01612,0.171812,0.470906,-0.316737,-0.35652,0.205359,0.286328,0.092309,-0.179962,-0.012442,0.156721,0.009889,-0.158198,-0.192351,-0.643605,-0.077231,-0.144261,0.071373,-0.481187,-0.120879,-0.314187,0.043653,-0.165276,-0.542147,-0.35272,0.004997,-0.147312,-0.138213,0.211686,-0.021591,-0.006048,0.01524,-0.379563,-0.009322,-0.302307,-0.317414,-0.377117,-0.032555,-0.27484,-0.057382,0.138327,-0.330406,-0.167989,-0.33878,-0.101163,0.027843,-0.210291,0.074787,-0.237086,-0.099164,-0.07298,-0.137185,0.364541,-0.119784,-0.160588,-0.070303,0.200707,-0.416944,-0.069933,-0.082921,0.389815,-0.322304,0.047019,-0.238685,-0.239208,-0.261128,-0.367823,-0.006745,0.211945,0.267718,-0.160186,-0.26242,-0.136684,-0.092181,-0.249753,0.178331,-0.116855,-0.054259,-0.015568,-0.067488,0.10587,-0.381522,-0.515691,-0.064885,-0.048193,-0.276055,-0.245035,-0.030768,-0.17475,0.617926,-0.241966,-0.023971,-0.380399,-0.068439,0.247462,-0.119891,-0.16556,-0.217457,0.248113,0.163348,-0.093153,-0.024449,0.06363,0.032702,0.132719,0.148211,0.239942,0.222439,0.007137,0.254446,-0.13297,-0.258634,-0.159882,-0.151627,-0.569576,-0.090164,-0.028445,-0.281792,-0.283726,0.275845,0.020172,-0.252763,0.309074,-0.090469,0.314873,0.024894,0.485439,-0.198184,0.249572,0.157534,-0.108336,0.32681,-0.270342,-0.245595,-0.101824,0.319968,-0.020598,0.044494,0.068056,0.047878,0.177931,0.380576,#
13,0.066671,0.312825,0.079357,-0.376629,-0.083386,-0.090714,0.175401,-0.137084,0.100854,0.329323,-0.051306,-0.134924,0.430709,1.0,0.116455,0.071236,-0.380903,0.099128,0.592553,0.461909,0.047065,0.28382,0.444019,-0.254101,-0.123066,-0.074398,0.269217,0.170799,0.486028,-0.020643,0.262301,0.207488,-0.225603,-0.001975,-0.325596,-0.235027,-0.059696,0.075706,-0.140856,-0.269463,-0.004521,0.213795,0.233237,-0.213125,-0.392438,-0.458346,-0.102826,0.382028,-0.227373,-0.001618,0.166845,-0.18738,0.12758,-0.165906,-0.206635,0.02704,-0.187713,-0.257227,0.001244,0.065826,0.467149,-0.133701,-0.218215,0.127676,0.328007,-0.0342,-0.221414,-0.014525,-0.058017,0.23689,-0.157733,0.291883,-0.072371,-0.569158,-0.296026,0.247261,0.001589,0.120157,-0.122596,0.250055,0.167148,-0.206003,-0.303226,-0.001937,-0.221556,0.286228,-0.16611,-0.200984,-0.26584,-0.046407,-0.471861,0.086755,-0.294068,-0.265557,-0.169593,-0.272399,-0.347305,0.060687,0.195823,-0.153287,-0.344756,-0.168692,-0.118345,-0.414067,0.005631,-0.087011,0.032589,-0.253259,-0.046759,-0.159736,0.404467,0.029139,-0.450947,-0.147861,0.465481,-0.44099,-0.247831,-0.239627,0.28572,-0.31759,-0.083406,0.118064,0.080035,-0.377109,-0.301559,0.227666,0.240557,0.227617,-0.058439,-0.354119,0.230715,-0.354878,-0.268807,-0.177785,0.105039,-0.176031,0.110872,0.07316,0.242848,-0.383055,-0.102473,0.047892,-0.065763,-0.148515,-0.36483,0.078556,-0.389274,0.403279,-0.226732,0.103247,-0.321772,0.041132,0.294409,-0.348308,-0.231961,-0.172711,0.486448,0.169259,-0.207221,-0.209153,0.306182,-0.273674,0.272736,-0.163573,0.111746,0.757708,0.340652,0.24186,-0.197162,-0.109193,-0.337625,-0.083727,-0.352364,-0.046196,-0.191391,-0.609418,-0.068438,0.156957,0.424926,-0.24517,0.232111,-0.460491,0.216906,0.300475,-0.087195,-0.402951,-0.178731,0.201668,-0.274345,0.043086,0.019227,-0.084746,-0.099581,0.265231,0.26179,-0.229498,-0.021336,-0.071922,0.003836,0.323046,#
14,0.204165,-0.281334,-0.293676,0.109554,-0.146368,0.219155,-0.016833,0.136796,0.09141,-0.207161,0.108156,0.164294,0.153068,0.116455,1.0,0.026699,-0.033851,0.045761,-0.096548,0.171957,0.258537,-0.098259,0.222476,0.260166,-0.021361,0.08924,0.319348,0.080401,-0.21393,-0.040217,-0.057114,-0.048724,0.309001,-0.028209,-0.261958,-0.271559,-0.068248,0.124758,-0.021413,-0.271408,-0.361201,0.172808,-0.185074,0.134302,0.225147,-0.09516,0.381209,0.12404,0.156088,-0.027855,-0.054959,0.175267,0.163381,-0.256774,-0.204395,0.344163,-0.014594,0.076941,-0.361725,0.042188,0.102395,0.260604,0.117018,-0.018237,-0.200027,-0.27912,-0.040079,-0.259391,-0.123483,-0.304337,-0.173568,-0.020464,0.177709,0.135247,-0.189205,-0.020566,-0.304315,0.283336,-0.472196,0.469733,0.072366,-0.12347,-0.308842,0.023945,-0.043038,-0.17574,0.203612,-0.033903,0.263797,0.123812,-0.299112,-0.167316,0.000937,-0.408665,-0.133526,0.080193,-0.013603,-0.168682,-0.21048,-0.130861,0.022085,0.22527,-0.286663,-0.284741,-0.24612,0.2902,-0.317666,-0.024613,0.318335,0.240704,-0.116906,0.187777,-0.085395,0.183817,0.338529,0.180081,0.125986,-0.289965,-0.190874,-0.444511,0.089056,-0.330202,0.113108,0.129209,-0.218626,-0.156699,0.131019,0.212304,-0.338081,0.026621,-0.057416,0.012922,-0.424512,-0.167495,-0.064599,0.199205,-0.341638,-0.076068,0.055368,-0.134418,-0.032474,0.438254,-0.23919,0.129982,-0.196947,-0.133968,0.228148,0.281103,-0.193949,0.337799,0.03869,-0.128471,0.131515,0.23622,0.073651,0.173953,0.210279,0.103677,-0.186937,0.357789,-0.099664,-0.103855,-0.013058,-0.237992,0.404713,-0.06189,-0.089644,0.255794,0.03688,-0.112315,-0.40356,-0.014751,-0.164415,0.152249,0.110076,-0.254411,0.096163,-0.242092,0.09756,0.057055,-0.289345,0.112167,0.422811,-0.210283,0.211122,-0.208976,0.181395,-0.037071,-0.016074,0.194746,0.086478,0.060237,0.030223,0.179678,-0.079865,0.267299,-0.080647,-0.132527,-0.225484,-0.197236,#
15,-0.070295,0.02883,0.116567,-0.280646,-0.222092,0.097983,0.154758,0.215096,-0.124639,-0.043172,-0.27485,-0.330561,0.228911,0.071236,0.026699,1.0,0.536534,0.115314,-0.164801,0.056438,-0.3778,0.27776,-0.055742,0.045484,-0.004468,0.273225,-0.22454,0.148594,0.073992,0.026372,0.065958,0.137972,-0.147133,0.229037,-0.015596,0.029963,-0.00098,0.320928,-0.000783,-0.152886,-0.047374,0.048071,0.180484,0.40085,-0.243914,-0.184493,0.33277,-0.297181,-0.206399,0.226682,0.384536,-0.565618,-0.129283,-0.231813,0.186925,-0.134482,0.256893,-0.416671,0.165258,-0.011179,0.054908,0.24465,0.071408,0.213799,0.023259,-0.373943,0.042546,-0.25727,-0.397758,-0.224458,0.116451,0.276065,0.04534,0.01496,-0.182725,0.248179,-0.155721,-0.283709,0.162545,0.068784,-0.007283,-0.029008,-0.215491,0.165099,0.072553,-0.254083,0.313081,-0.318416,-0.213085,0.37535,-0.049366,-0.254672,-0.193669,0.015319,-0.53946,-0.057118,0.09141,-0.053872,0.04336,-0.016548,-0.036766,0.30933,-0.333176,0.261495,-0.243817,0.053143,0.18211,-0.087683,0.155689,-0.41977,0.122753,-0.059319,0.258481,0.160249,-0.280352,-0.177816,0.255369,-0.429572,0.108095,-0.089837,-0.028916,0.152708,-0.062632,-0.000241,0.031722,-0.23151,-0.103754,0.231106,0.103891,0.007737,-0.24164,-0.008789,0.113346,0.296617,0.093018,-0.153492,-0.100438,-0.466507,-0.106327,-0.02089,0.071036,-0.093032,-0.267971,-0.371983,-0.306373,0.200609,0.079223,0.242287,-0.153962,-0.114158,-0.224452,-0.049588,0.150477,-0.050515,-0.119057,0.374127,0.083058,0.073803,0.22007,0.193894,0.01431,-0.198732,0.39344,-0.143485,0.254314,0.063571,-0.080159,0.346688,-0.22073,-0.095933,0.034159,0.152303,0.082393,0.012372,-0.188364,0.087272,-0.13026,0.408701,-0.12002,-0.166546,0.097266,-0.179901,0.349074,0.224718,-0.261158,0.19629,0.132149,-0.159749,-0.063694,-0.033012,-0.037575,-0.11772,-0.097559,0.126712,0.136346,0.205034,0.203399,0.253983,0.421005,0.401184,#
16,0.034388,-0.006633,-0.126612,0.161184,0.203073,0.008785,0.068434,0.188258,-0.263604,-0.272939,0.155479,-0.076243,-0.020985,-0.380903,-0.033851,0.536534,1.0,-0.007999,-0.317118,0.107384,-0.288345,-0.137111,-0.307389,0.313963,0.026569,0.316032,-0.123937,0.217272,-0.004093,-0.136561,-0.055465,-0.187302,0.162611,0.096091,0.164391,0.072886,-0.246321,0.100366,0.267846,0.319831,-0.116169,-0.294484,-0.079064,0.326054,0.00895,0.262222,0.057338,-0.479339,-0.19117,0.180631,0.131807,-0.246996,-0.254484,0.028973,0.212418,0.022547,0.4035,0.039788,0.103169,-0.047675,-0.372657,0.132997,0.146096,-0.128645,-0.262308,-0.427139,0.307867,-0.092024,-0.447066,-0.349106,0.192267,-0.015607,0.08809,0.337356,-0.083222,-0.009894,-0.06265,-0.337834,0.09458,-0.009436,-0.245899,0.213552,0.039738,0.11815,0.007057,-0.171081,0.477765,-0.026351,0.037435,0.314121,-0.155024,-0.061872,0.097691,-0.004151,-0.042705,0.192969,0.46364,-0.306333,0.018948,0.041045,0.090629,0.373283,-0.058936,0.24935,-0.235929,-0.031891,0.101014,0.160135,0.249913,-0.173417,-0.306945,-0.006247,0.427889,0.417445,-0.537559,0.081418,0.145376,-0.1382,0.031998,0.089718,-0.150387,0.19729,-0.481516,0.310769,0.242354,-0.258374,-0.538171,0.196393,-0.018834,0.075386,-0.299562,0.068707,0.239028,0.152081,0.070389,0.093766,0.174779,-0.426839,-0.372601,0.121415,0.162603,0.028513,0.176901,0.120411,-0.006171,0.088583,0.106259,-0.009168,0.155137,-0.298981,0.100794,0.148295,0.181429,0.022115,-0.104552,0.078369,-0.251704,-0.034726,0.200793,0.266612,-0.286635,0.052829,0.23167,-0.127815,-0.001834,-0.371953,-0.046315,0.12993,0.017889,0.174819,0.32544,0.046137,0.386208,0.191552,-0.121322,0.384875,-0.074507,0.311336,-0.369431,-0.142617,-0.145254,0.088991,0.226054,-0.029523,-0.145147,0.076242,0.215914,0.015307,0.194285,0.222718,-0.078372,-0.066377,-0.146989,0.000888,0.003897,0.276929,0.117183,0.026701,0.275166,-0.088571,#
17,-0.375629,0.151358,0.594224,-0.188283,-0.232895,0.163647,0.141509,0.143852,0.048736,0.427828,-0.341155,-0.271407,0.488383,0.099128,0.045761,0.115314,-0.007999,1.0,-0.312445,0.062091,-0.18089,-0.274444,0.173579,0.064338,0.18214,-0.017463,0.091365,-0.246606,0.119432,0.155177,-0.094353,-0.199375,-0.111656,0.236346,-0.172445,0.109046,0.143255,0.257142,0.066314,-0.247062,-0.059412,-0.284103,-0.077294,0.058102,0.03724,-0.338264,-0.166128,-0.081485,0.602973,0.065926,-0.00721,-0.339127,0.444236,0.066698,0.068037,0.192369,0.275048,-0.556957,-0.064087,0.089367,0.43141,-0.048757,-0.185121,-0.138764,0.15187,0.285198,0.215166,-0.046707,0.181463,-0.000839,-0.308583,-0.095549,-0.605073,0.196307,-0.117559,-0.321699,-0.073325,-0.156208,-0.087661,0.357963,-0.033688,-0.036445,-0.057259,0.504498,-0.242815,0.054656,0.096906,0.014032,-0.179323,-0.028673,0.116392,-0.026561,-0.456693,-0.034733,-0.226469,0.26166,-0.495137,0.174686,-0.08094,-0.321087,-0.559257,-0.223492,-0.061377,0.199296,-0.031436,-0.188362,0.10757,-0.125068,0.383867,0.021507,0.343398,-0.143266,0.174072,0.078333,0.121557,-0.224045,-0.223031,-0.034025,0.080496,-0.045362,-0.027564,-0.101418,-0.292662,-0.443808,-0.352769,0.01433,0.389334,0.10906,-0.12025,-0.090397,0.424747,0.194828,-0.330426,-0.062707,-0.143452,-0.255618,0.362925,0.163835,-0.358138,-0.048965,-0.314814,-0.144415,-0.224953,-0.241542,0.005384,-0.058171,-0.043408,0.414903,0.053459,-0.115983,-0.243389,-0.041263,0.119199,-0.29309,0.010873,-0.116438,0.3056,0.072348,-0.114058,-0.006681,-0.061605,0.04773,-0.105126,0.323792,0.23897,0.038299,-0.064214,0.02317,0.197686,-0.099938,-0.323158,-0.097148,-0.133891,-0.104096,-0.016957,-0.188441,-0.038245,0.007989,0.049286,-0.131725,0.216508,0.164535,-0.011451,-0.112607,0.312811,-0.085279,0.416258,0.121785,-0.502836,0.060303,0.191521,-0.32251,-0.37004,0.109218,-0.37317,0.120766,0.436671,0.172466,0.084514,0.425826,#
18,0.351345,0.135824,-0.110801,-0.038899,-0.046393,0.003392,0.212128,-0.190162,0.067684,0.027198,0.177575,0.094699,0.225311,0.592553,-0.096548,-0.164801,-0.317118,-0.312445,1.0,0.138654,0.057311,0.141711,0.350825,-0.086538,0.025284,-0.02998,0.023918,0.324669,0.54364,-0.088377,0.403575,0.224155,-0.254651,0.016254,-0.115636,-0.090193,-0.180267,-0.00143,-0.213393,0.152771,0.12038,0.208877,0.163473,-0.405064,-0.183882,-0.188697,-0.033257,0.214623,-0.336791,-0.017182,0.141863,0.190202,0.125595,-0.08433,-0.278201,-0.013991,-0.201397,0.096541,0.130446,0.001019,0.285118,-0.093121,-0.052075,-0.031097,0.061052,0.017228,-0.47595,0.019487,-0.017021,0.337116,-0.222806,0.265225,0.09271,-0.61991,-0.254201,0.114706,0.020782,-0.119491,-0.2788,-0.038261,0.15291,-0.253823,0.081854,-0.371786,-0.027303,0.273887,-0.190588,-0.142645,-0.263957,-0.344695,-0.363332,0.062307,0.01152,-0.406622,0.098858,-0.413265,-0.206898,-0.110733,-0.018444,-0.001213,0.156077,-0.207406,0.048261,-0.26163,0.085924,-0.144862,-0.205453,-0.16919,-0.375301,-0.15672,-0.092745,0.213016,-0.506686,-0.149835,0.38906,-0.252482,-0.04334,0.086769,0.321727,-0.218493,0.177367,0.214928,0.134207,0.07978,-0.236448,0.238647,-0.037028,0.154998,0.044717,-0.20848,-0.146707,-0.338518,0.129306,-0.067353,0.071147,-0.025464,-0.190406,0.104738,0.359915,-0.252419,-0.247876,0.112902,0.27026,-0.298835,0.013123,0.144905,-0.280888,0.153137,-0.459971,0.014454,-0.023064,-0.158209,0.216527,-0.160654,-0.058095,-0.146736,0.088709,0.057157,-0.226985,-0.284426,0.326721,-0.078219,0.245528,-0.321075,-0.147836,0.464042,0.442576,0.128705,-0.374375,-0.177106,-0.054463,-0.068084,-0.232473,0.176328,-0.113859,-0.1952,-0.259165,0.366889,0.139849,-0.241915,0.14743,-0.504893,-0.099633,0.300083,-0.203306,-0.222376,0.010015,0.170783,0.161572,-0.175249,-0.319841,-0.005324,-0.044261,0.192798,0.50049,-0.318935,-0.254049,-0.296507,-0.085153,-0.129462,#
19,0.045689,-0.001851,0.054312,-0.19727,-0.137092,0.024259,0.284975,-0.240557,0.359281,0.120947,0.134786,-0.086236,0.002003,0.461909,0.171957,0.056438,0.107384,0.062091,0.138654,1.0,0.042046,-0.034165,0.026813,-0.058122,-0.23939,0.149511,0.454736,0.196613,0.509365,-0.152311,-0.013407,0.33691,0.004264,0.041613,-0.187247,-0.164603,0.024438,0.328617,0.148543,-0.139564,0.029138,0.089525,-0.110635,0.007127,-0.015374,-0.359248,-0.185437,0.264753,-0.333593,-0.019761,-0.047451,-0.238697,0.095701,0.032366,-0.020776,0.104768,0.001279,0.001512,-0.094071,-0.128543,0.255881,-0.040853,0.109867,0.228986,0.095611,-0.251695,0.119854,0.202531,0.016503,0.045698,0.167336,0.187939,0.299402,-0.345557,-0.576351,0.01907,0.249154,0.234318,-0.055084,0.31858,0.087435,0.214298,-0.147521,0.120342,-0.185737,0.481457,0.112867,-0.20969,0.054239,-0.022848,-0.512495,0.12647,-0.282427,-0.185705,0.091233,0.060965,0.027127,-0.282318,-0.196792,0.01401,-0.26022,0.403869,-0.065008,-0.48147,0.002227,-0.22435,0.290874,0.160186,0.261735,-0.031236,0.078333,-0.022626,0.061517,0.132231,0.334472,-0.341695,-0.020635,-0.143214,0.190165,-0.296965,-0.139772,0.16545,0.195457,-0.264685,0.018762,0.126164,0.146469,0.170927,0.066273,0.104874,0.441086,-0.238404,-0.131758,-0.291081,0.074732,-0.070238,0.19314,0.318291,0.016332,0.087435,0.300021,0.390092,0.147926,0.32091,-0.211849,-0.060237,-0.201618,0.180506,0.019167,-0.100769,-0.070537,0.155087,0.378935,-0.384012,-0.10802,-0.096352,0.161769,-0.076368,-0.004686,-0.089169,0.362926,-0.180553,0.265811,-0.378651,-0.218061,0.152668,0.413466,0.13818,-0.006376,-0.047878,-0.184911,-0.076653,-0.059116,-0.198966,-0.077317,-0.300995,0.165033,0.158029,0.188695,-0.224231,0.049505,-0.23842,0.038216,0.169219,-0.304157,-0.636888,0.135226,0.020024,-0.303666,0.053757,0.353244,-0.04782,-0.297295,0.035499,0.364074,-0.028126,-0.245452,-0.327588,0.211676,-0.065672,#
20,0.075,-0.114064,-0.331878,0.266838,-0.049012,-0.185981,-0.272636,0.234093,0.060943,-0.19134,0.210133,0.302649,-0.011882,0.047065,0.258537,-0.3778,-0.288345,-0.18089,0.057311,0.042046,1.0,0.055848,0.287362,-0.049467,-0.357121,-0.060915,0.4209,0.165399,-0.273084,-0.273978,-0.09401,0.138714,0.550769,0.041563,-0.324009,-0.479909,-0.260844,-0.344424,-0.071984,0.215,0.055704,0.062435,-0.202345,-0.105647,0.022597,0.144317,0.180419,0.402908,-0.067339,-0.175425,-0.185589,0.395405,-0.102606,0.151934,0.050916,0.321856,-0.036061,0.310074,-0.398934,0.282697,-0.278017,-0.265033,-0.062935,0.244724,0.201417,0.041627,-0.083993,0.212566,0.239373,0.333625,0.003701,-0.363346,0.118903,0.248615,-0.094142,-0.079484,0.051635,0.424907,-0.090854,0.126242,0.144516,-0.074159,-0.032877,-0.024352,0.298611,0.125623,-0.017274,-0.101827,0.545633,-0.029053,0.109257,0.285078,0.212769,0.169875,0.333003,0.21446,0.030555,-0.307847,0.000988,0.038941,-0.005864,0.121467,0.394099,0.098933,0.391047,0.199853,-0.027796,0.211966,-0.059344,0.199666,-0.108637,-0.181471,-0.083801,0.139128,0.223413,0.126143,0.150981,-0.180488,-0.254896,0.159788,0.299561,-0.184366,0.310829,0.002597,0.271354,0.08994,0.124809,-0.380934,0.223076,0.134413,0.246283,-0.039231,-0.024407,-0.352048,0.431157,0.613277,0.011993,0.283183,0.349389,0.144516,-0.033612,0.476192,0.137195,0.316256,0.08624,-0.094057,0.013703,-0.207011,0.23016,0.228717,0.516915,0.114239,0.014563,0.401427,0.025024,0.047346,-0.082544,-0.118294,0.007992,0.203584,0.206139,0.131587,-0.145402,-0.262607,-0.182831,-0.203286,0.246626,-0.075291,0.020819,0.02028,-0.022623,0.017363,-0.417083,-0.001502,0.035189,-0.004137,0.142026,-0.274053,0.119444,0.258204,-0.204953,-0.056909,0.224761,0.131377,0.119819,-0.005128,-0.05723,0.177369,-0.130779,0.03019,0.285078,-0.187212,-0.033625,-0.059223,0.025892,-0.282392,-0.495502,-0.634332,-0.350062,-0.314657,#
