0,1.0,0.01398,-0.346779,0.13069,-0.023805,-0.069614,0.276114,-0.342968,-0.003474,-0.073201,0.452764,0.787596,0.232769,0.060346,0.187872,-0.04547,0.158053,-0.466219,0.098546,-0.21868,-0.078853,-0.08478,-0.133747,0.387577,0.196399,0.010815,-0.059108,0.174289,0.129375,-0.020654,-0.186702,-0.136543,0.060736,-0.014208,0.379772,-0.22244,-0.05956,-0.006316,0.532095,-0.107782,0.111808,0.051109,0.019637,0.105273,0.280541,0.350062,-0.020101,0.082852,-0.32418,-0.183302,-0.058214,-0.172788,-0.218914,-0.216186,-0.07182,-0.072903,-0.068512,0.466844,-0.167673,-0.199099,-0.101927,0.124261,-0.291182,0.019102,-0.307058,-0.101874,0.374039,-0.134627,-0.243116,-0.448495,-0.018437,-0.100872,0.085024,-0.149114,0.181369,-0.183105,-0.345822,0.03626,-0.357549,-0.131449,-0.341521,-0.198314,0.204389,-0.50631,-0.266861,-0.271005,0.110478,-0.220752,-0.089543,0.149864,-0.522924,-0.303128,0.128014,-0.538746,-0.1153,-0.13234,0.180214,-0.324555,-0.348731,0.071415,0.320013,-0.13724,-0.181753,-0.076331,0.018064,-0.186267,-0.274573,-0.05042,-0.221091,0.061946,-0.1361,-0.018042,0.201388,-0.042721,-0.064274,0.121005,0.168974,-0.058133,0.04529,-0.022827,-0.268834,0.094002,-0.189339,0.541946,-0.178333,-0.023088,-0.618091,0.284088,-0.527124,-0.108304,-0.382363,-0.293179,-0.189533,0.511486,-0.279244,-0.181304,-0.128351,-0.58375,0.213432,-0.471909,0.071415,-0.091975,0.088538,0.024195,-0.056184,-0.273879,-0.007529,0.065495,-0.325273,-0.383625,0.197163,-0.075405,-0.37659,-0.196903,-0.026993,-0.189393,-0.059248,0.047793,-0.045878,-0.037463,-0.169907,-0.104594,0.056706,-0.34087,-0.401916,0.02911,-0.007041,-0.006817,-0.304388,-0.306472,0.356509,-0.459522,0.279992,-0.018252,0.168867,-0.144015,-0.309123,0.431482,0.00263,-0.291917,-0.073461,0.187015,-0.152823,0.008458,0.160807,-0.355598,0.070884,0.119716,0.152047,0.102531,-0.598526,0.344245,0.326205,-0.118784,0.093962,0.021248,-0.202354,-0.291079,-0.002273,-0.46258,#
1,0.01398,1.0,-0.118098,-0.215648,-0.295044,0.236176,-0.035185,-0.150425,0.234569,0.126279,0.007766,0.146021,0.143998,0.560521,0.002039,0.068167,0.288756,0.071495,0.438681,0.050469,0.103915,0.336962,-0.034438,-0.1534,-0.024527,0.079944,-0.257653,0.296286,0.225752,-0.281107,0.146622,-0.119947,-0.035156,0.070885,0.024317,-0.011742,-0.145996,-0.005505,0.028908,-0.599489,0.065779,-0.17555,0.046699,-0.293428,-0.310845,-0.198634,-0.206078,-0.024552,-0.120478,-0.003885,-0.182918,-0.312701,0.068528,0.078606,-0.059825,-0.026472,0.017167,-0.021622,0.132273,-0.133678,0.047664,0.022943,-0.345386,-0.133713,-0.022129,0.077095,-0.164911,-0.099239,-0.309055,0.025583,-0.107167,-0.15284,-0.326114,0.062797,-0.134192,0.493426,-0.012194,-0.13284,-0.02001,0.043162,-0.084115,-0.320971,-0.065322,-0.067007,-0.033504,0.025899,-0.124823,0.151868,0.055444,-0.173071,0.130874,-0.042063,-0.149529,-0.255857,-0.206639,0.011265,-0.193803,0.056265,0.059965,-0.215634,-0.221416,-0.19241,-0.159355,0.350493,0.00411,-0.300009,0.245322,0.093584,-0.169906,-0.601786,0.405766,-0.017675,-0.303209,-0.171491,-0.00084,-0.190037,-0.523138,-0.399825,-0.135726,-0.138427,-0.09938,0.232594,-0.384188,0.001087,-0.311907,-0.218865,-0.256208,-0.010727,-0.264849,-0.143102,-0.289253,-0.284323,-0.37983,-0.218134,-0.351916,0.170697,0.139789,-0.010776,0.124706,-0.294644,-0.205933,-0.157955,0.023109,-0.223226,-0.105743,-0.133492,-0.28038,-0.059252,0.140595,0.153347,-0.078628,0.176769,0.262584,-0.008647,0.264876,-0.319282,0.348708,0.41885,-0.094939,-0.089259,0.130984,-0.164571,0.254315,-0.134947,0.202751,0.47061,0.233918,0.258974,-0.213291,0.127331,0.10636,-0.374839,0.079882,0.261541,-0.024539,-0.082784,0.004796,0.356826,0.305416,-0.341945,0.512926,-0.333643,0.060907,0.10554,0.09359,0.097638,0.225038,-0.198726,-0.313245,0.385301,-0.273539,0.261699,-0.142342,0.227184,0.070392,0.395891,-0.133066,-0.026964,0.153337,0.166852,#
2,-0.346779,-0.118098,1.0,-0.231037,-0.159255,-0.082935,0.124307,-0.280845,0.002932,0.145118,-0.569025,-0.353259,-0.367047,-0.095679,0.18488,0.119316,-0.091134,0.620687,-0.187572,0.298163,-0.070845,-0.133473,0.037394,-0.030034,0.257812,-0.103494,-0.0856,0.105311,-0.084184,-0.021797,-0.219733,-0.264448,-0.368253,0.277328,-0.201157,-0.211828,0.148115,0.221765,-0.000485,-0.062121,-0.064389,-0.298114,-0.185598,0.094496,0.1875,-0.155195,-0.495049,-0.396913,0.289896,0.021841,-0.096406,-0.014832,0.267192,0.066533,-0.326837,-0.13967,-0.01485,-0.096585,-0.084983,-0.03263,0.061937,0.289781,-0.028865,-0.282371,0.051928,0.161242,0.183915,-0.370831,-0.03691,0.378885,-0.249305,-0.182098,-0.286169,0.118015,-0.239658,-0.179379,-0.198427,-0.082836,-0.028802,0.01567,0.359959,-0.004979,0.034318,0.239393,0.076169,0.035509,0.168617,-0.016757,-0.171573,0.246806,0.176806,-0.128904,-0.3029,0.198714,-0.00436,0.015483,-0.339027,0.062413,-0.184523,0.027427,-0.40934,-0.319982,0.056056,0.005523,-0.237532,-0.001562,0.038707,0.10171,0.293073,-0.314034,0.23926,0.16122,-0.110128,0.08657,0.28432,0.100891,-0.030427,0.062984,-0.377138,-0.036647,-0.040742,-0.095162,0.066528,-0.257671,-0.294577,0.208152,0.433335,0.214173,0.105556,0.320915,0.24183,0.256336,-0.116044,0.167308,0.121485,-0.32608,0.217906,0.181221,-0.473276,0.252591,-0.178787,-0.123516,-0.355724,-0.446701,0.016242,0.076579,0.164946,-0.13471,-0.104499,0.237973,-0.32373,0.109597,-0.006817,-0.048643,0.021229,0.385626,0.261581,-0.0039,-0.157648,-0.153826,0.153887,-0.360216,-0.072468,0.097219,0.234391,0.141941,-0.053491,-0.191545,0.404456,-0.094325,-0.285553,-0.099455,0.210871,0.081924,-0.449601,0.263355,0.251003,-0.166163,0.090685,-0.075965,-0.113424,0.12129,0.230786,-0.243703,-0.091845,0.17638,0.112243,-0.196126,-0.316801,-0.483638,0.31866,-0.28075,-0.239408,-0.059248,-0.459948,-0.001045,-0.015058,0.359077,0.114782,0.457267,#
3,0.13069,-0.215648,-0.231037,1.0,0.068915,0.059306,-0.28772,0.223607,-0.512537,-0.216778,0.048377,0.049792,0.203012,-0.333665,-0.043169,-0.12772,-0.13537,-0.15196,-0.130385,0.005332,0.261288,-0.414741,-0.366624,-0.054805,-0.065027,-0.011811,0.012945,0.161231,0.274797,-0.167894,0.332273,0.082992,0.323115,-0.182435,0.076184,0.204139,-0.305764,-0.189726,0.129085,0.139126,0.134406,0.213065,0.004104,-0.127366,-0.007363,0.278996,0.237909,-0.234493,-0.200874,-0.369347,-0.109619,0.527833,-0.164284,0.151797,0.256279,-0.410648,0.220516,0.356435,0.004937,-0.164618,-0.533717,-0.328615,-0.082998,0.260144,-0.090249,-0.260155,0.085616,0.070056,0.169852,-0.049207,0.064888,-0.260157,-0.070439,0.295246,0.46772,-0.184697,0.046448,0.620842,0.205007,-0.048106,0.014392,0.170397,0.124734,0.132774,0.119295,0.118326,0.2322,0.047831,0.455309,0.01705,0.15971,0.319979,0.376871,-0.036297,0.27719,0.417329,0.428311,0.074346,0.195202,0.109443,0.299355,-0.011894,0.514317,0.039428,0.172278,0.347739,-0.193496,0.223855,-0.334139,0.332287,-0.188873,-0.149731,0.161366,0.022562,-0.112911,0.042495,0.401481,0.540015,0.073102,0.288371,0.263492,0.123205,0.045196,0.25093,0.190047,0.14459,-0.220976,-0.359638,0.218969,0.26047,0.01515,0.244359,0.527067,0.035741,0.289925,0.004119,-0.126441,0.006276,0.104652,0.308884,0.287521,0.256864,0.492904,0.229793,0.223482,-0.119979,0.281418,-0.531469,-0.027611,-0.108965,-0.016687,0.08512,0.022593,0.192829,0.31379,-0.132969,-0.361609,-0.439481,0.065538,0.02913,0.03872,0.292276,0.328209,0.004528,-0.136733,-0.390497,0.196498,-0.337545,-0.080415,0.005066,0.277331,0.302464,-0.281371,0.063707,-0.025846,0.307944,-0.061061,-0.294242,-0.530473,0.458333,-0.437232,0.110437,-0.286657,-0.201325,-0.044904,-0.173706,0.053868,0.113476,0.549331,-0.136021,0.220691,-0.15771,-0.167081,-0.096516,0.010895,-0.09152,-0.273004,-0.464864,0.000163,-0.208535,#
4,-0.023805,-0.295044,-0.159255,0.068915,1.0,-0.042409,0.336813,0.046298,-0.192448,-0.09257,-0.092016,-0.14015,-0.286815,-0.317135,0.101409,-0.37953,0.153652,-0.237149,0.371933,-0.028713,-0.1069,-0.198897,0.203003,0.070319,-0.134851,-0.090859,-0.038215,-0.376506,0.146794,0.323231,-0.162192,0.006989,0.05142,-0.204684,0.260044,-0.076683,0.238524,-0.378687,0.101774,0.608013,0.06136,-0.13675,-0.148946,-0.291344,-0.240317,0.178454,0.048305,0.087066,0.074638,0.066488,-0.095808,0.296019,-0.22398,0.055701,-0.09366,-0.247387,-0.399549,0.057018,0.146803,0.254474,-0.170189,-0.028817,-0.022965,-0.305445,0.18225,-0.038373,-0.033849,0.048053,0.206007,0.030022,-0.123571,0.222403,0.216013,-0.172251,-0.097213,0.157876,0.038079,-0.317699,-0.12593,-0.221954,-0.339274,0.005313,0.081027,-0.151633,0.085707,-0.206598,-0.076995,-0.053599,-0.14934,-0.224812,-0.162967,0.066836,-0.073788,-0.101109,0.284906,-0.360069,0.151305,-0.190705,0.080934,0.031585,0.227403,0.270977,-0.099811,-0.402143,-0.30471,-0.004809,-0.365304,-0.328161,-0.214191,0.008938,-0.076079,0.330866,-0.476532,-0.196644,-0.235106,-0.046425,0.113935,0.404213,0.193275,-0.073801,-0.278757,-0.40763,0.070313,0.115746,-0.01728,0.2379,0.0807,0.174512,-0.186068,-0.278757,-0.113702,-0.059577,0.072859,0.163498,-0.001889,-0.158601,0.190304,0.113935,0.153915,-0.142401,-0.14934,-0.19913,0.038822,0.050017,-0.07419,-0.046033,0.051942,0.171518,-0.12562,-0.061707,0.042919,-0.058797,-0.105289,0.111877,-0.049119,-0.006011,0.025826,0.13444,-0.229924,0.004439,-0.369936,0.120689,0.006003,-0.020958,-0.210119,-0.036617,-0.075471,0.040115,0.181584,0.051942,0.034339,0.204867,-0.239311,-0.05985,0.122845,-0.305119,0.022923,0.010936,0.027327,0.018196,0.081204,0.102401,-0.013674,0.171815,0.02336,-0.280198,-0.214047,0.213251,0.372579,0.030925,-0.219057,-0.052546,0.363791,0.333381,-0.094905,-0.136896,0.256165,-0.025687,-0.157221,-0.090306,#
5,-0.069614,0.236176,-0.082935,0.059306,-0.042409,1.0,0.213309,0.26637,0.112025,0.115681,-0.066386,0.000803,0.233423,0.078583,0.459145,-0.143218,0.213446,0.255151,0.312377,-0.114577,-0.264599,0.074211,0.350356,-0.123651,-0.042003,0.425902,-0.401939,-0.154625,0.222666,-0.083179,0.067611,0.117881,-0.025779,0.236133,-0.278372,0.336813,-0.101896,-0.094407,-0.315289,-0.376043,-0.47236,-0.096469,0.079373,-0.020784,0.168635,-0.243822,0.229539,-0.205923,0.347479,-0.154564,-0.014168,-0.334305,0.165834,-0.029461,-0.222247,-0.056367,0.006488,-0.093484,-0.002019,0.062452,0.129197,-0.166999,0.026581,-0.183621,-0.372297,-0.254142,-0.039517,-0.006824,-0.099819,-0.145015,-0.070235,0.214959,-0.345629,-0.005463,0.272229,-0.181483,0.077296,-0.14056,-0.115506,0.312511,-0.017151,-0.208445,-0.361896,0.130262,0.020772,0.127433,-0.139827,0.094242,0.195937,-0.139821,0.15212,-0.219645,-0.360282,-0.367754,-0.088323,0.100564,-0.205757,0.135377,-0.124198,-0.204391,0.354483,0.283364,-0.19804,0.070056,-0.159508,-0.403939,-0.221282,-0.118269,0.028542,0.080188,0.022981,0.131555,-0.238622,0.026737,0.028606,0.010841,-0.073421,-0.036531,-0.068463,-0.293792,0.29939,-0.095287,-0.177939,0.132875,0.006684,-0.232713,0.010905,-0.233951,-0.308447,0.09261,-0.214738,-0.011794,-0.020081,-0.262849,-0.335331,0.15398,0.210037,-0.081851,0.245544,-0.246225,0.009175,-0.366176,-0.203952,-0.063146,-0.115814,-0.217951,0.180545,0.197779,-0.44244,-0.328652,0.127469,-0.418301,0.139072,-0.070139,0.116179,-0.034026,0.173201,0.201222,-0.0878,0.146372,0.019128,0.108713,0.336787,-0.210015,0.587157,0.136928,-0.053281,0.108208,0.167353,0.180545,0.055215,-0.170176,-0.193405,-0.21435,0.200901,-0.256575,-0.035376,0.148879,0.05044,-0.136939,0.357413,0.276747,-0.128822,-0.119618,0.402247,0.002186,0.021825,-0.096694,0.027032,0.1714,-0.18755,0.158535,-0.142893,0.032427,-0.278831,0.570205,0.038224,0.199403,-0.376996,0.003592,#
6,0.276114,-0.035185,0.124307,-0.28772,0.336813,0.213309,1.0,-0.246088,0.272998,-0.056116,0.249383,0.323577,-0.24888,-0.143944,0.265484,-0.351233,0.211402,0.032471,0.23474,0.016056,-0.275557,-0.149109,0.165442,0.449506,-0.053208,0.032616,-0.385479,0.078738,-0.000787,-0.056099,-0.286925,0.042409,-0.227151,-0.13297,-0.061642,-0.076501,0.440441,-0.261204,0.223196,0.085687,-0.271139,0.016795,-0.159915,0.140185,0.171412,0.108705,-0.135251,-0.096093,0.269923,-0.175441,-0.034486,-0.396759,0.043239,-0.304879,-0.164345,-0.209214,-0.202303,0.239008,0.218839,-0.024456,-0.076817,0.210068,0.021096,-0.211515,-0.054721,0.139496,0.222951,-0.206351,0.151395,-0.165888,0.042978,-0.130816,-0.13225,-0.543973,-0.282077,-0.169143,-0.297344,-0.530639,-0.490976,0.107264,-0.212382,-0.047639,-0.017554,-0.453181,-0.163319,-0.07872,-0.138715,0.103923,-0.200928,0.030361,-0.208398,-0.417936,-0.37852,-0.157198,-0.265724,-0.441987,0.090622,-0.093679,-0.332118,-0.235351,0.122966,0.086018,-0.393406,-0.302893,-0.385602,-0.227406,-0.256856,-0.31122,0.033439,-0.155139,0.029247,0.152318,-0.072026,-0.361167,0.012274,0.210058,-0.090519,-0.028838,-0.094399,-0.312432,-0.267821,-0.152751,-0.023174,0.128225,-0.136545,-0.014791,0.024059,0.303137,-0.335945,-0.106488,-0.443488,-0.176438,-0.208656,0.179309,-0.353153,-0.205477,-0.050924,-0.270204,-0.135066,-0.445336,-0.227407,-0.391807,-0.422474,-0.220371,-0.310462,-0.245497,0.183376,0.375633,-0.252133,-0.327493,0.111777,-0.436279,-0.288213,-0.066527,-0.230616,0.122761,0.240664,0.36892,-0.104351,-0.044669,-0.198821,-0.248499,0.081751,0.126309,0.027242,0.298603,-0.086286,0.052104,0.172408,-0.150502,0.202444,-0.572314,0.14412,-0.236943,0.002364,-0.273746,-0.058089,0.301928,0.214438,-0.51851,0.182044,0.265593,-0.146141,-0.149124,0.219277,-0.337432,-0.205769,-0.092303,-0.076063,0.322843,-0.412911,0.119231,0.202593,0.200717,-0.029859,0.010499,0.010541,0.403082,-0.202402,0.009777,#
7,-0.342968,-0.150425,-0.280845,0.223607,0.046298,0.26637,-0.246088,1.0,-0.337009,0.155127,-0.04013,-0.285549,0.422075,-0.208752,0.017089,0.310646,0.160971,0.097066,-0.220542,-0.265324,0.123212,0.067975,0.241713,-0.047962,-0.298003,0.037053,-0.165394,-0.216647,-0.229266,0.092292,0.100111,0.122261,0.254579,0.182674,-0.229419,0.128501,-0.140241,-0.270561,-0.538408,0.221351,-0.145529,0.130922,0.029177,-0.072471,0.102425,-0.007698,0.797275,-0.045348,0.41161,0.110557,0.005415,-0.00332,0.158461,-0.172174,0.275065,0.111422,0.391,-0.267171,-0.003283,0.501397,0.035792,-0.451333,0.15816,0.205862,0.001535,-0.140507,-0.2346,0.153959,0.044573,-0.170565,0.256381,0.182456,-0.167809,0.284739,0.216432,-0.107874,-0.034271,-0.084635,0.031753,0.049614,-0.042919,-0.185,-0.385407,0.258588,0.194401,-0.157584,0.219203,0.016129,0.216741,0.04388,0.132381,0.253882,0.049998,0.044342,-0.089907,0.24202,-0.020362,-0.05508,0.34906,-0.15844,-0.00949,0.213663,-0.031068,0.290111,-0.102433,0.14962,-0.141383,-0.056077,0.278458,0.236719,-0.040512,0.121426,0.064526,0.309871,-0.214234,-0.128866,0.163525,-0.065611,-0.055314,-0.119939,0.28551,-0.316363,-0.115473,0.139654,0.143397,-0.072141,0.179763,-0.090076,0.231817,-0.113007,-0.123771,0.226442,0.099018,-0.223829,0.12884,0.322927,-0.036504,0.147278,-0.089407,0.208677,-0.143195,0.008002,-0.157593,0.148196,-0.051343,-0.097489,-0.022671,0.319793,-0.043702,0.026196,0.014703,-0.192173,0.177472,0.147691,0.059231,-0.071892,-0.022856,0.076541,0.104994,0.202611,-0.251876,0.326728,0.168582,0.09334,0.385802,-0.375471,-0.3889,-0.077546,0.065685,0.125185,-0.179833,0.295605,-0.594386,-0.089589,0.235733,0.054247,-0.223842,-0.213261,-0.263513,0.144511,0.200911,0.228879,0.195521,-0.020395,0.207256,0.122773,0.191432,0.015268,-0.0179,0.196357,0.101343,-0.316006,-0.134611,0.205287,-0.049165,-0.006256,0.127359,0.002043,-0.103122,0.019232,#
8,-0.003474,0.234569,0.002932,-0.512537,-0.192448,0.112025,0.272998,-0.337009,1.0,0.2711,0.066778,0.063794,0.236913,0.379699,-0.146747,-0.046817,-0.066398,0.076144,-0.004547,0.143431,-0.263278,0.053541,0.016867,0.181225,0.029026,0.329416,0.163558,0.029993,0.073914,-0.06075,-0.060753,-0.098277,-0.004138,-0.051034,-0.253095,0.197511,0.387617,0.223951,-0.034538,-0.319308,-0.048516,-0.040139,0.003512,0.105488,-0.122371,-0.486699,-0.336968,0.181639,-0.162841,0.200395,-0.061475,-0.551095,0.120566,0.20944,-0.156225,-0.008678,-0.228467,-0.362331,0.021993,-0.21528,0.133022,-0.075269,0.113956,0.019893,0.212793,0.131392,0.127952,0.122331,-0.170628,0.015242,0.02311,-0.030373,-0.111779,-0.490684,-0.284266,0.222707,-0.170576,-0.274708,-0.161037,0.232018,-0.333651,-0.008285,0.215319,0.012755,-0.423649,0.061526,-0.25834,-0.001827,-0.269651,-0.188429,-0.160587,-0.615636,-0.507221,0.01357,-0.272537,-0.245446,-0.266507,0.18352,-0.116624,-0.28665,-0.122315,0.063403,-0.18733,-0.071963,0.186951,-0.006703,0.072366,-0.226523,0.111672,0.079761,0.240904,-0.281662,0.00046,-0.244138,0.153548,0.324118,-0.577838,-0.533236,0.216618,-0.388536,-0.249323,0.285126,-0.182297,-0.307383,-0.297584,-0.302368,0.094935,-0.136957,-0.218075,-0.43282,0.19917,-0.080683,-0.340801,-0.288246,-0.43123,0.00598,-0.137312,-0.174069,0.126888,-0.445703,-0.104519,0.039278,-0.293935,-0.11302,-0.361125,0.065222,-0.303368,0.393486,-0.09487,-0.114393,-0.177975,-0.223756,-0.000278,-0.385547,-0.029982,-0.249401,0.333362,0.506064,-0.34886,-0.326233,0.152243,0.073883,-0.286606,-0.001598,0.133314,0.259834,-0.016617,0.2052,0.078849,-0.00895,-0.15343,-0.342346,0.175924,-0.038964,0.030686,-0.341035,0.184424,0.277198,0.513314,-0.42786,0.119973,-0.137851,-0.174992,-0.073053,0.034039,-0.249998,-0.061486,-0.240154,-0.36669,0.276156,-0.188152,0.303803,0.015519,0.298338,0.189088,0.07502,0.280915,0.105915,-0.096562,0.244253,#
9,-0.073201,0.126279,0.145118,-0.216778,-0.09257,0.115681,-0.056116,0.155127,0.2711,1.0,-0.3863,-0.085105,0.338326,0.382423,0.039652,0.155581,-0.183498,0.286009,-0.064171,0.016207,-0.32898,-0.069658,0.166282,0.071987,0.082886,0.062098,-0.153224,-0.168457,0.293873,0.030096,0.021776,0.08661,0.047364,0.206282,-0.361447,-0.137006,0.298874,-0.196271,-0.221052,-0.031486,0.166424,-0.209528,0.213086,-0.043972,-0.100118,-0.312291,-0.108277,0.149199,0.189363,-0.08168,-0.144024,-0.437588,0.34411,0.064946,-0.264499,-0.200821,0.03058,-0.378347,0.23868,0.328528,0.217227,-0.319057,-0.324174,0.029395,0.143139,0.057862,0.049989,-0.014453,-0.200247,-0.275344,0.086026,-0.064855,-0.439671,-0.178539,0.022456,0.193479,-0.233141,-0.072906,-0.395352,0.056668,-0.237194,-0.369633,-0.203742,0.132914,-0.426929,-0.000541,0.135477,-0.292278,-0.432921,-0.224249,-0.082028,-0.467959,-0.466064,-0.002427,-0.252283,0.004502,-0.689615,0.247488,0.342779,-0.232456,-0.351954,-0.176046,-0.107494,-0.119497,-0.102253,-0.073006,-0.035805,-0.221124,0.326804,-0.029808,0.465961,0.259053,-0.142652,0.183145,0.263216,0.183289,-0.527361,-0.3382,0.061052,-0.32309,-0.26868,-0.22639,-0.152548,-0.263971,-0.42963,0.195766,-0.067665,0.235718,-0.248778,-0.4431,-0.101934,0.207792,-0.620762,-0.020323,-0.425031,-0.195142,0.289048,-0.136923,0.170114,-0.303804,-0.42237,-0.243308,-0.440518,-0.279358,-0.391545,-0.237596,-0.383136,0.288046,-0.129698,-0.021993,-0.462589,-0.157893,-0.111409,-0.392937,0.043554,-0.255737,0.716088,0.377132,-0.357051,-0.238433,-0.041071,-0.174905,-0.19672,0.073285,0.207723,0.447717,-0.347435,-0.26348,0.135592,-0.076136,-0.560545,-0.154833,-0.116347,0.367132,0.047823,-0.266215,-0.068858,-0.25679,0.542135,-0.417223,0.474559,0.1215,-0.058172,-0.315264,0.204365,-0.452097,0.051219,-0.191366,-0.690421,0.158783,-0.247905,0.074777,0.024409,0.238832,-0.414786,0.023299,0.339729,0.076164,-0.196944,0.44626,#
10,0.452764,0.007766,-0.569025,0.048377,-0.092016,-0.066386,0.249383,-0.04013,0.066778,-0.3863,1.0,0.688667,0.028292,0.007436,-0.187102,-0.319759,0.038669,-0.525273,0.003407,-0.186179,0.127059,0.220457,0.012926,0.278419,-0.261258,0.046293,0.060095,0.039493,-0.103798,0.018997,-0.192323,0.364436,0.1739,-0.161182,0.335701,0.04093,-0.078134,-0.070196,0.053006,-0.071053,-0.188687,0.453916,0.161295,0.087159,0.288076,0.442346,0.245686,0.45688,-0.151308,-0.21011,0.04175,-0.011495,0.056933,-0.312631,0.514643,0.036308,0.011521,0.389336,-0.041629,-0.138896,-0.09461,0.012182,-0.007907,0.321256,-0.400408,-0.089672,0.107948,0.254734,0.005879,-0.184113,0.30312,-0.133254,0.315106,-0.354916,-0.015567,-0.118981,0.043492,-0.017838,-0.113561,-0.026065,-0.130227,0.179705,-0.048032,-0.372177,-0.018024,0.120479,-0.289172,0.077029,0.1328,0.037228,-0.124859,0.001213,0.226688,-0.055356,-0.188703,-0.195548,0.432672,-0.308353,-0.172707,-0.074161,0.319946,-0.014994,-0.117418,0.059893,0.158786,-0.132365,0.115496,-0.016631,-0.170238,0.111647,-0.349728,0.039372,0.297336,-0.171248,-0.091725,0.003657,0.033589,-0.096804,0.398153,0.098839,0.133937,0.314686,0.040429,0.432101,0.143967,-0.251719,-0.359384,-0.11878,-0.171465,-0.053874,-0.242815,-0.373207,0.060568,-0.001205,-0.189437,0.206563,-0.354137,-0.158586,0.132082,-0.363891,0.109282,0.143348,0.119473,0.184726,-0.103646,-0.327763,0.013686,-0.05165,-0.040863,-0.354058,0.313666,-0.285416,-0.168891,0.031447,-0.28002,0.015352,-0.265783,-0.088803,0.055887,-0.119742,-0.027691,-0.010104,-0.046746,-0.019541,-0.101477,-0.198542,0.2078,-0.177094,-0.419514,0.013686,0.627173,-0.192738,0.263266,-0.289775,0.286285,-0.051511,-0.095731,0.182492,-0.04889,-0.006672,-0.115615,0.101726,-0.270883,-0.025215,-0.03066,-0.08703,-0.301692,-0.073354,0.250005,0.502063,-0.293725,0.393239,0.125527,-0.284567,0.364745,-0.148127,-0.073492,-0.120007,-0.054511,-0.535162,#
11,0.787596,0.146021,-0.353259,0.049792,-0.14015,0.000803,0.323577,-0.285549,0.063794,-0.085105,0.688667,1.0,0.168512,0.199324,0.141105,-0.212593,-0.028287,-0.289981,0.149872,-0.076059,0.088267,-0.104757,0.065882,0.234387,0.011098,-0.020684,-0.066184,0.155061,0.148337,-0.283935,0.016961,0.033591,0.0659,-0.049989,0.234653,-0.25972,-0.169308,-0.190312,0.352793,-0.198117,0.104374,0.3492,-0.098306,-0.022487,0.344786,0.29353,-0.040769,0.263497,-0.118116,-0.324954,-0.107023,-0.09584,0.061059,-0.285037,0.274819,-0.016422,-0.055968,0.39282,-0.312048,0.0078,-0.200844,0.107291,-0.323919,0.04104,-0.416708,-0.186723,0.172544,0.116808,-0.315077,-0.271235,-0.140362,-0.180304,-0.008541,-0.183676,0.06396,-0.23119,-0.295912,0.012761,-0.456884,0.123007,-0.162579,-0.191001,0.074283,-0.347232,-0.05808,-0.036714,-0.072732,-0.222357,0.052855,-0.021958,-0.340857,-0.289607,0.088514,-0.347922,-0.043496,-0.195619,0.107924,-0.225758,-0.096143,0.028749,0.229087,-0.345051,-0.102299,0.080163,0.230413,-0.171526,-0.040314,0.106453,-0.059307,-0.019444,-0.060342,-0.061881,0.190998,-0.060695,0.15769,0.118514,-0.060427,-0.098098,0.292356,0.101178,-0.085665,0.193396,-0.105168,0.697818,-0.16678,0.05081,-0.408962,0.169009,-0.442698,-0.098703,-0.387632,-0.404817,-0.255247,0.400574,-0.326733,0.00674,-0.300917,-0.457795,0.269042,-0.483132,0.028749,-0.005777,0.039195,-0.123513,-0.076802,-0.367843,0.063593,-0.038711,-0.334551,-0.30085,0.0236,-0.231649,-0.247163,-0.071842,-0.081956,-0.014328,0.102543,0.030165,-0.064514,-0.158587,-0.02817,-0.176958,0.035701,-0.111676,-0.203749,0.116914,0.106998,-0.105276,-0.325405,-0.240345,0.313801,-0.461627,0.319151,-0.075281,-0.075903,-0.164099,-0.184436,0.293759,0.126765,-0.313353,0.040252,0.046229,-0.362857,-0.186579,0.147501,-0.225855,-0.075994,0.025588,0.134346,0.296872,-0.590849,0.281504,0.139761,-0.245682,0.023065,-0.039061,-0.244914,-0.063439,-0.008112,-0.251086,#
12,0.232769,0.143998,-0.367047,0.203012,-0.286815,0.233423,-0.24888,0.422075,0.236913,0.338326,0.028292,0.168512,1.0,0.13503,0.006087,0.298198,0.052044,0.063655,-0.151265,-0.410071,0.111473,-0.1182,-0.034775,0.05621,0.005758,0.13643,0.209117,0.055919,0.011184,-0.035865,0.17709,-0.151153,0.422934,0.062173,-0.18459,0.22558,-0.060788,0.067804,-0.184058,-0.323483,0.142852,0.034729,0.034237,0.015317,0.108508,-0.202939,0.39871,0.041089,0.078385,0.012405,-0.162836,-0.24321,0.035546,0.035569,0.023713,-0.070736,-0.012316,-0.207257,-0.157825,0.139082,0.053719,-0.438772,-0.297535,0.28222,0.090564,-0.025419,0.146189,0.085431,-0.205749,-0.242451,-0.022152,-0.030693,-0.309518,0.064378,0.327371,-0.086836,-0.420515,0.102301,-0.209538,0.025816,-0.290406,-0.291534,-0.03808,0.155675,-0.258123,-0.409094,0.093594,-0.064654,0.056372,0.053092,-0.096283,-0.253846,-0.125462,-0.247442,-0.193508,0.014972,-0.167987,0.062382,0.047371,-0.422509,0.074635,-0.195855,-0.147461,0.327781,0.269898,0.140135,-0.396739,-0.015886,0.041368,0.223779,0.180743,-0.267262,0.167131,0.061673,-0.002463,0.047914,-0.25048,-0.386537,0.054115,-0.312293,-0.099708,-0.022931,-0.370972,0.265728,-0.261868,-0.210698,-0.047026,-0.065798,-0.235476,-0.352048,0.077253,0.137915,-0.145837,-0.209447,-0.339918,0.155587,-0.199763,-0.260768,0.216729,-0.28461,-0.171539,0.181904,-0.180655,0.112888,-0.311838,-0.186112,-0.267136,0.322287,-0.302829,-0.17137,-0.292678,-0.288021,0.009399,-0.260853,0.267472,-0.538104,0.059409,0.289923,-0.300506,-0.08191,0.025242,0.265974,-0.029481,-0.130368,0.161532,-0.152542,-0.25048,-0.071451,-0.224529,-0.267136,-0.122479,-0.203572,-0.332894,-0.132711,0.179649,-0.295567,-0.470581,0.143269,0.084762,-0.106744,0.277749,0.096672,-0.154589,-0.11497,0.528639,-0.285514,0.19171,0.084874,-0.108664,0.154591,-0.264369,0.019056,0.089371,0.200202,-0.112964,-0.084044,0.075593,-0.275122,-0.317203,-0.068347,#
13,0.060346,0.560521,-0.095679,-0.333665,-0.317135,0.078583,-0.143944,-0.208752,0.379699,0.382423,0.007436,0.199324,0.13503,1.0,0.025851,0.043633,-0.160633,-0.108083,0.345248,0.165726,-0.05639,0.410184,0.200672,-0.224372,-0.203589,0.116051,0.025569,0.178752,0.22918,-0.48674,0.224295,0.000515,-0.021711,0.233637,-0.120884,-0.283671,-0.119053,-0.009103,-0.280707,-0.413136,-0.062076,-0.192408,0.173856,-0.312422,-0.358738,-0.248655,-0.382375,0.221552,-0.185555,-0.080734,-0.196454,-0.224432,0.262895,0.172778,-0.005918,0.110571,-0.130131,-0.006606,-0.121393,-0.110937,0.213294,-0.154806,-0.132031,-0.081258,-0.036767,-0.10548,0.05988,-0.098896,-0.492006,0.139566,-0.089807,-0.005486,-0.205656,-0.17699,-0.053447,0.28572,-0.014277,0.037322,-0.170291,0.354011,-0.019537,-0.209911,0.058217,-0.040737,-0.074658,0.223264,-0.285474,-0.106408,-0.225523,0.00545,0.008464,-0.165472,-0.030639,-0.289996,-0.294077,0.02701,-0.329692,0.192495,0.318048,-0.02338,-0.392114,-0.146769,-0.04433,0.09763,-0.053217,-0.191975,0.389911,-0.046533,0.018854,-0.203975,0.386756,0.097935,-0.214319,0.036245,0.400594,0.019354,-0.473641,-0.381668,0.031508,0.027732,-0.029445,0.424991,-0.217692,-0.094556,-0.35052,0.149219,-0.285541,-0.043413,-0.201596,-0.26229,0.055453,-0.292094,-0.537892,-0.192451,-0.142023,0.150903,0.289835,-0.297562,0.170107,-0.216784,-0.059912,-0.133776,-0.20604,-0.19275,-0.07869,0.136878,-0.35905,0.077722,-0.073365,0.058341,-0.188338,0.177075,0.075591,-0.108407,0.058023,-0.141863,0.518881,0.330034,-0.109609,-0.185626,0.099085,-0.262393,0.065823,-0.243372,0.23299,0.701472,0.070605,0.224967,-0.071021,0.243304,-0.131199,-0.220275,-0.047915,0.369014,-0.215345,-0.211395,-0.01864,0.031412,0.475412,-0.294109,0.260934,-0.368568,0.179383,0.196595,-0.178736,-0.123127,0.047987,-0.171705,-0.452564,0.172726,-0.157208,0.307655,-0.318673,0.047142,-0.003032,0.116557,0.008861,-0.140535,-0.022162,0.208751,#
14,0.187872,0.002039,0.18488,-0.043169,0.101409,0.459145,0.265484,0.017089,-0.146747,0.039652,-0.187102,0.141105,0.006087,0.025851,1.0,0.138005,0.309873,0.29188,0.121568,0.191167,-0.087211,-0.06368,0.356823,0.033493,-0.157357,0.297788,-0.213769,-0.172051,0.116073,-0.211859,-0.122655,-0.14432,0.204259,0.157517,0.053373,-0.02922,-0.285554,-0.106677,0.032799,-0.129151,-0.164508,-0.349463,-0.200193,0.072913,0.28336,-0.147426,0.10448,-0.232305,0.121146,-0.178708,-0.049531,-0.161051,-0.035008,-0.312601,-0.265475,-0.001903,-0.223284,0.132751,-0.234718,0.074767,-0.088275,0.3079,-0.153093,-0.289456,-0.376003,-0.362978,0.123637,-0.140202,-0.405633,-0.156058,-0.256391,0.12369,-0.310451,0.190762,-0.153335,-0.241148,-0.335368,0.025939,-0.51296,0.389645,0.00379,-0.347245,-0.295504,0.032798,0.058814,-0.253721,0.279203,-0.238016,0.089859,0.338877,-0.191029,-0.32461,-0.054611,-0.351776,-0.113891,-0.099539,-0.121834,-0.099938,-0.160296,0.082573,0.118998,0.204235,-0.348329,-0.228369,-0.356382,-0.03352,-0.257364,-0.124474,0.317322,-0.111543,0.026328,0.132693,-0.130547,0.153429,0.126598,0.143067,0.176447,-0.074379,-0.260243,-0.401228,-0.255757,-0.29596,-0.018977,0.322962,-0.082029,-0.029612,0.047905,0.067943,-0.472458,0.082677,-0.271106,-0.11166,-0.360526,0.221873,-0.124323,-0.004788,0.11137,-0.399919,0.089778,-0.125336,0.089859,-0.173702,-0.278481,-0.11543,-0.210375,-0.254138,0.294441,0.215843,-0.483269,0.098662,-0.147518,-0.238696,0.017388,0.161085,-0.035148,0.310214,0.282048,0.253127,-0.026024,0.473374,-0.04862,-0.279216,0.257058,-0.335863,0.362383,0.17198,-0.190253,0.186736,0.424512,-0.011778,0.006498,-0.063938,-0.050653,-0.026439,-0.166788,-0.304183,0.045645,-0.055725,0.176105,-0.144544,0.080334,0.169099,0.307239,-0.299613,0.329119,-0.235866,0.1076,-0.103252,-0.002918,-0.056479,-0.220682,0.118223,-0.013006,0.071052,-0.51401,0.422798,-0.192328,0.268036,-0.332325,0.050899,#
15,-0.04547,0.068167,0.119316,-0.12772,-0.37953,-0.143218,-0.351233,0.310646,-0.046817,0.155581,-0.319759,-0.212593,0.298198,0.043633,0.138005,1.0,0.234462,0.164334,-0.265214,0.110376,0.039207,0.149618,-0.069075,-0.195661,0.321431,0.111871,-0.097989,0.2979,-0.112101,-0.003517,0.030977,-0.241038,0.104197,0.264288,-0.156703,-0.206942,-0.331307,0.327983,0.025249,-0.121892,0.010475,0.002955,0.017109,0.305269,0.081718,-0.060157,0.166886,-0.227302,-0.029455,0.396539,0.262131,-0.242172,-0.068753,-0.029094,0.014398,0.295123,0.293132,-0.316404,-0.154873,0.136043,0.085835,0.052954,0.235617,0.157715,0.092027,-0.11563,-0.252291,0.000885,-0.396526,-0.217556,0.080444,0.178369,0.094711,0.382915,-0.154489,0.117654,-0.115431,0.04836,0.220732,0.000465,0.169502,-0.192278,-0.060559,0.308797,-0.07319,-0.345969,0.339853,-0.188062,-0.023114,0.277346,-0.210664,0.114093,0.098099,-0.011632,-0.165682,0.1671,0.003741,-0.06801,0.030563,0.175003,-0.311852,-0.005783,-0.046232,0.147734,0.0039,0.15347,-0.002703,0.082475,0.254462,-0.112246,0.109511,-0.20789,0.288586,0.452607,-0.095329,-0.262394,0.229747,-0.431106,-0.369593,-0.190503,-0.131721,0.111143,-0.056972,0.016888,-0.159351,-0.095522,0.105762,0.225751,0.121343,0.036769,0.128825,0.091573,-0.066498,0.090433,0.224721,-0.011324,-0.252921,-0.173619,-0.195012,0.31016,0.175003,0.236166,-0.023114,-0.102373,0.007066,-0.028681,-0.20201,0.202207,-0.078156,0.276704,-0.081952,0.074248,0.262509,-0.194836,0.21957,0.140218,0.009209,0.041582,0.173869,0.319405,-0.044472,0.010682,0.316456,-0.124216,-0.000952,-0.154941,-0.165497,0.199072,-0.020791,-0.20201,-0.322135,0.094911,0.064677,0.226031,-0.102045,0.297525,-0.060296,0.151968,-0.135213,0.04496,-0.063078,-0.165781,0.441736,0.05141,-0.150315,0.248436,0.426584,-0.051717,-0.182444,-0.195401,0.263026,-0.180899,-0.159146,0.226759,0.132813,-0.002018,-0.118966,0.033829,0.322269,0.105762,#
16,0.158053,0.288756,-0.091134,-0.13537,0.153652,0.213446,0.211402,0.160971,-0.066398,-0.183498,0.038669,-0.028287,0.052044,-0.160633,0.309873,0.234462,1.0,-0.066943,0.254668,0.10206,0.05086,0.208512,-0.077253,0.180829,-0.096308,0.094553,-0.091023,0.27163,0.050887,0.239692,-0.31326,-0.032051,0.115199,0.274601,0.17889,0.004313,-0.148298,-0.027587,0.024969,0.092001,-0.31272,-0.305504,-0.016796,0.031894,0.089715,0.289924,0.186525,-0.071799,0.057726,0.379601,-0.09228,-0.233858,-0.250535,0.139504,-0.050463,0.067676,0.065536,0.032579,0.10772,0.031733,-0.100883,-0.101133,0.047982,-0.23778,-0.156018,-0.241246,0.046032,-0.041638,-0.271518,-0.001523,0.257007,0.00281,0.096114,0.207488,-0.347395,0.201878,-0.113558,-0.491642,-0.135777,-0.175685,-0.193429,-0.197591,-0.25286,-0.063611,-0.054542,-0.348113,0.33121,-0.016875,0.166063,0.26235,-0.188784,-0.055617,-0.247313,-0.198811,0.016543,-0.028438,0.180094,-0.505848,-0.379346,-0.02922,0.122757,0.31583,-0.224969,0.173702,-0.386184,-0.199653,-0.349692,0.073764,0.069963,-0.34168,-0.264468,0.196885,-0.084501,0.247183,-0.511401,-0.292877,0.013036,-0.249523,-0.193665,-0.344334,-0.320319,-0.11282,-0.220477,0.249927,0.103888,-0.230428,-0.245568,0.290442,-0.160977,0.022168,-0.281571,0.081989,-0.05978,-0.099959,-0.124918,0.342459,0.287129,-0.168977,-0.008141,-0.066478,-0.036453,0.066312,-0.021987,-0.008892,-0.180747,-0.098378,-0.202034,0.200288,-0.066478,-0.252895,0.297405,0.060344,0.216667,0.035121,0.218022,-0.027027,-0.129933,0.370148,-0.005668,0.323511,-0.147841,0.002684,0.075075,-0.421527,-0.008426,-0.15274,0.04687,0.315395,0.138636,0.113644,0.242721,-0.267193,0.072168,-0.114703,0.100502,0.099429,-0.058555,0.51171,0.079901,-0.305582,0.298432,0.035586,0.474695,0.24762,0.236266,0.042998,0.247741,-0.26988,-0.010629,0.342445,-0.128734,0.041432,0.062145,0.252429,-0.048711,0.349114,-0.08657,-0.152242,0.019123,-0.252256,#
17,-0.466219,0.071495,0.620687,-0.15196,-0.237149,0.255151,0.032471,0.097066,0.076144,0.286009,-0.525273,-0.289981,0.063655,-0.108083,0.29188,0.164334,-0.066943,1.0,-0.086559,0.182039,0.186962,-0.250275,0.216258,-0.225829,0.099632,-0.035544,-0.117728,-0.067387,-0.088962,-0.1839,0.193093,-0.234053,-0.028005,0.22239,-0.319883,0.140991,0.039895,0.107025,-0.069792,-0.224287,0.154709,-0.045521,-0.247365,0.0353,0.241316,-0.283938,-0.106644,-0.41495,0.417831,-0.192031,-0.038688,-0.076214,0.344972,0.017875,-0.27169,0.107252,0.089395,-0.358997,-0.155668,0.27595,0.03823,0.108,-0.110135,-0.325244,0.082091,0.14732,-0.035472,-0.131435,-0.046656,0.168979,-0.35677,-0.313905,-0.47991,0.268662,-0.153149,-0.259021,-0.120347,0.014081,-0.127257,0.286547,0.165036,-0.094172,-0.164797,0.59053,0.048761,-0.056384,0.143557,-0.060426,-0.066303,-0.050859,0.44801,-0.141278,-0.361625,0.361796,0.149252,0.108955,-0.450964,0.429278,-0.007914,-0.047669,-0.426943,-0.253802,0.042591,0.288612,0.134072,0.107552,-0.052155,0.059644,0.406146,-0.22174,0.198587,-0.147158,-0.203829,0.201341,0.123441,0.155131,-0.193136,-0.143673,-0.29739,-0.217877,-0.091596,-0.272998,0.152518,-0.171441,-0.183723,-0.113105,0.552492,0.033217,0.058862,0.049477,0.093783,0.474158,-0.17444,-0.123946,-0.061481,0.093079,0.063857,0.234771,-0.211802,0.083401,-0.253491,0.020438,-0.45169,-0.501269,-0.037933,-0.031422,0.241033,0.005493,-0.033758,0.307051,-0.370911,-0.266473,0.226886,0.064555,0.105488,0.162637,0.368638,0.164142,-0.210683,0.222117,0.345265,-0.190936,-0.056111,0.346562,0.468938,0.102676,-0.022515,-0.008008,0.365988,-0.054713,-0.387446,-0.165083,-0.10862,-0.223514,-0.425624,0.030754,0.137198,-0.273002,0.211238,-0.110455,0.187743,-0.159016,-0.078875,-0.432899,0.206467,0.164925,0.109559,-0.180057,-0.372822,-0.139546,0.279486,-0.419411,-0.327857,0.075238,-0.443707,0.052108,-0.0124,0.471955,-0.160285,0.554841,#
18,0.098546,0.438681,-0.187572,-0.130385,0.371933,0.312377,0.23474,-0.220542,-0.004547,-0.064171,0.003407,0.149872,-0.151265,0.345248,0.121568,-0.265214,0.254668,-0.086559,1.0,0.011222,0.103697,0.241978,0.375633,-0.23959,-0.052288,0.192259,-0.128659,0.170952,0.41633,-0.105399,0.064848,0.080966,-0.02318,0.279997,0.094372,-0.170375,-0.181582,-0.115714,0.029382,-0.09104,-0.121514,-0.217548,0.020995,-0.337647,-0.279881,0.147878,-0.288076,0.042376,-0.052844,-0.162458,0.036303,-0.026852,-0.095835,0.259956,-0.247109,-0.068958,-0.301885,0.313712,-0.004531,0.140567,-0.055542,-0.031263,-0.1976,-0.280647,-0.067974,-0.131485,-0.05171,-0.018026,-0.175659,0.220895,-0.181582,0.127881,0.104876,-0.197249,-0.211397,0.224685,0.342726,-0.242328,0.037732,-0.044028,0.02327,-0.155853,0.069711,-0.144165,0.120855,0.101718,-0.437995,0.183199,-0.098637,-0.28848,0.075243,0.15254,-0.024158,-0.244467,0.26095,-0.341503,-0.076014,-0.130649,-0.031301,0.080415,0.052825,-0.042855,0.027847,-0.049744,-0.065172,-0.493491,-0.071033,0.031024,-0.459988,-0.473747,-0.029128,0.273109,-0.57968,-0.095712,0.046765,-0.198885,-0.175411,0.014339,0.066506,0.024733,-0.033306,0.114838,0.032338,0.211586,-0.186767,0.133408,-0.192832,0.167254,-0.334691,-0.080601,-0.132474,-0.319024,0.03237,-0.033043,-0.047445,0.189386,0.44808,0.028741,0.392966,-0.213317,-0.11446,-0.248666,0.042939,-0.172571,0.170562,0.033762,-0.025686,-0.072101,-0.25414,-0.1424,0.304707,-0.138694,0.200489,-0.004747,0.038022,0.038123,0.133397,0.109953,-0.166017,0.022989,0.162023,-0.025912,0.355608,-0.339468,-0.060678,0.451444,0.379351,0.251019,-0.066977,0.034894,0.273902,-0.286438,-0.014279,-0.043072,-0.174927,-0.209238,-0.098889,0.390493,0.161444,-0.196528,0.414012,-0.342527,-0.068263,0.349881,-0.014626,-0.061534,-0.232725,0.256907,0.074752,0.033945,-0.26666,0.184862,-0.049683,-0.043139,0.017596,0.020738,-0.136039,-0.123419,-0.239442,-0.192832,#
19,-0.21868,0.050469,0.298163,0.005332,-0.028713,-0.114577,0.016056,-0.265324,0.143431,0.016207,-0.186179,-0.076059,-0.410071,0.165726,0.191167,0.110376,0.10206,0.182039,0.011222,1.0,0.176906,-0.146049,-0.055398,-0.187662,-0.235502,0.034112,0.041367,0.263366,0.213918,-0.383261,0.256423,-0.000392,0.086956,0.094825,-0.12518,-0.178493,-0.263557,-0.11752,-0.019533,0.100328,-0.029554,-0.061684,-0.224594,0.00187,-0.201169,-0.044294,-0.483743,-0.049898,-0.292623,0.025042,-0.080464,0.124277,-0.063958,0.373241,0.202232,-0.066089,0.074793,-0.01493,-0.176115,-0.037905,-0.475096,-0.115283,0.390854,-0.089987,0.026116,-0.47516,-0.047573,0.266815,-0.400382,0.27441,0.125936,-0.265586,0.080173,0.087066,-0.510256,0.144933,0.044693,0.188784,0.037636,0.324421,0.15875,0.106462,0.058351,0.306945,-0.063238,0.307554,0.358393,-0.176377,0.15526,0.06917,-0.053543,-0.051042,-0.072543,0.194378,0.348577,0.321016,0.10828,0.140732,0.201575,0.549248,-0.286908,0.185524,0.427372,-0.190923,-0.030573,0.295669,0.313252,0.355215,0.322094,-0.119179,0.079167,-0.171823,-0.092848,0.324486,0.245694,0.284653,0.019821,-0.062782,0.151746,-0.028608,-0.150668,0.254448,0.251263,-0.157662,0.087326,0.296617,0.116366,0.043685,0.308083,0.217953,0.17778,0.26302,-0.079971,0.006093,0.243263,0.179432,0.038974,0.028118,-0.063642,0.334161,0.339063,0.329673,0.136663,-0.071885,0.015587,0.162254,0.113256,-0.369081,0.102431,0.288987,-0.236426,0.251965,0.458431,0.032414,0.236883,0.350182,0.229078,-0.069483,0.012267,0.170716,0.367165,-0.009028,0.118983,-0.088267,0.033431,0.130028,0.372445,0.165893,0.588098,0.138424,-0.16941,0.128916,0.142975,0.243376,-0.59521,0.295538,0.561514,-0.206584,0.230076,0.048813,-0.380311,-0.314384,0.263233,-0.28624,-0.457192,-0.030879,0.054815,-0.268133,-0.025392,-0.033477,0.436647,-0.180826,-0.474789,0.069709,0.017076,0.103918,-0.301763,0.106953,0.220085,0.446669,#
20,-0.078853,0.103915,-0.070845,0.261288,-0.1069,-0.264599,-0.275557,0.123212,-0.263278,-0.32898,0.127059,0.088267,0.111473,-0.05639,-0.087211,0.039207,0.05086,0.186962,0.103697,0.176906,1.0,-0.078334,0.158816,-0.211803,-0.464909,-0.199822,0.303565,0.175016,-0.269639,-0.220666,0.229683,-0.024946,0.51179,0.194756,0.059949,-0.225305,-0.523896,0.033318,-0.063672,-0.159606,0.246614,-0.073544,-0.325484,-0.108045,0.103702,0.211683,0.061034,0.046413,-0.193483,-0.327744,-0.005465,0.342713,-0.220784,0.102291,0.370066,0.111169,0.09059,0.288013,-0.390787,0.303876,-0.443744,-0.164703,-0.109909,0.215304,0.060665,-0.076569,0.209719,0.207004,-0.152548,0.373898,-0.122329,-0.436834,0.043425,0.286115,-0.215137,-0.184106,-0.051198,0.269944,0.123953,0.053772,0.239923,0.216331,0.186644,0.339046,0.189079,-0.113429,0.235603,0.050747,0.284623,0.210976,0.384466,0.342119,0.336546,0.220383,0.406507,0.217464,0.219882,-0.057873,0.037697,0.284623,-0.228835,-0.266599,0.336546,0.412364,0.444694,0.396219,0.059883,0.459308,0.026459,-0.162531,0.005141,-0.23382,-0.181966,0.2224,0.111092,0.241354,0.174341,-0.176917,0.168006,0.241389,0.138709,0.051763,0.161907,0.242707,-0.018194,0.120625,0.179875,0.025758,0.29786,0.138709,0.239625,0.166739,0.174001,-0.119604,0.281802,0.417183,-0.029369,0.356954,-0.040503,0.166633,0.091406,0.58467,0.102141,0.035052,0.064843,0.198899,0.391623,-0.456888,0.145393,0.485586,0.000162,0.109287,0.545996,0.34604,0.2493,0.079609,-0.096162,-0.271786,-0.121634,0.234768,0.55173,0.247247,0.082962,-0.085919,0.039689,-0.154987,0.551888,0.037494,0.097582,-0.221039,0.278817,0.003156,-0.219922,-0.360394,-0.489947,0.170804,-0.092359,-0.090338,-0.086202,0.274927,-0.186738,-0.416507,0.015253,-0.07159,-0.080602,0.199025,0.083077,0.200334,0.062769,-0.108572,0.277779,-0.422097,-0.415218,-0.102462,0.090758,-0.372544,-0.413373,-0.266979,-0.09229,0.001603,#
