0,1.0,0.277305,-0.254555,-0.185319,0.514862,0.198266,-0.271995,-0.147224,-0.29925,0.285243,0.525527,0.020052,0.375305,0.327327,0.111697,0.308444,0.028794,-0.336955,-0.076403,-0.26093,-0.014898,-0.183929,0.12912,-0.298302,-0.123589,-0.209229,0.220351,-0.200065,0.036506,0.451676,-0.581147,0.381842,-0.00449,-0.386515,0.085458,-0.21575,-0.271807,-0.121235,-0.008273,-0.106253,-0.115888,0.124724,-0.471032,0.013506,-0.003121,-0.126577,0.007109,-0.016695,-0.123156,-0.082216,-0.045885,-0.080619,0.016179,-0.152307,0.366137,0.201009,-0.602371,0.308574,0.207885,-0.0863,0.08929,-0.114638,-0.307333,-0.378394,0.241276,0.166087,-0.158589,0.309898,0.160529,0.338318,-0.060984,0.196506,0.195985,-0.355674,-0.271943,0.163564,-0.388109,-0.123611,-0.042508,-0.366789,-0.223602,-0.211577,0.002378,-0.118129,-0.503513,-0.026962,-0.343713,-0.065385,-0.209907,-0.258734,0.14328,-0.697276,-0.122209,-0.113894,-0.247881,0.202747,0.153389,-0.096058,-0.386408,-0.02614,0.061454,-0.580272,-0.20267,-0.049289,-0.270474,-0.156651,0.17003,-0.014407,-0.151498,0.085159,-0.036722,-0.128649,0.150382,-0.355928,-0.444099,-0.050209,0.169894,0.112339,-0.111833,0.061359,-0.634163,-0.271991,-0.298918,0.073227,0.175339,-0.031995,-0.271471,-0.033926,0.337741,-0.491901,-0.467853,-0.190377,-0.362531,-0.327065,-0.225148,-0.327123,-0.089072,-0.327083,-0.536508,-0.517135,-0.356046,-0.177831,-0.45381,-0.127564,0.094701,0.170334,-0.236054,0.201647,-0.095581,-0.355882,-0.581172,-0.106234,-0.299073,-0.124937,-0.297313,-0.326992,-0.017129,0.064839,-0.333429,-0.452986,-0.261813,-0.225716,0.202965,-0.144506,-0.16332,0.325642,-0.026962,0.277931,-0.38662,-0.356128,0.110814,0.068901,-0.386355,0.199195,0.434959,-0.151871,-0.218076,0.097627,0.387662,0.001026,0.374095,0.126387,0.151365,0.357853,0.264323,-0.294967,0.127252,-0.32115,0.164186,0.147624,-0.500582,0.235442,0.337346,0.135226,-0.197535,-0.270118,0.157239,-0.474315,-0.141919,-0.026726,#
1,0.277305,1.0,-0.077341,-0.356527,0.31756,0.221769,0.066972,-0.493398,0.208941,0.533791,0.140285,0.214092,-0.037776,0.494627,0.210872,-0.23663,-0.280604,0.246203,0.077641,-0.077232,0.100174,0.030487,0.435999,-0.162618,-0.080643,-0.068085,0.248616,-0.259944,0.24508,0.48831,-0.568983,-0.142879,-0.020127,-0.32471,-0.302072,-0.029981,-0.15351,-0.336138,-0.315391,0.079411,-0.069144,0.04841,-0.278405,0.187612,-0.122006,-0.022962,0.181111,0.33211,-0.179481,0.335538,-0.36194,-0.538375,0.125698,-0.420928,0.126929,0.158737,-0.15536,0.31073,0.27733,0.164774,0.159577,0.541614,0.319889,-0.079234,0.122306,0.229082,-0.204132,-0.008231,0.247226,0.229239,-0.239536,0.123065,0.106198,-0.290615,-0.373108,0.185054,-0.233969,-0.068883,-0.426361,0.017185,-0.021994,-0.516011,-0.391568,-0.050007,0.164148,-0.021982,-0.350239,-0.431002,0.321194,-0.079213,-0.09651,-0.103084,-0.289742,0.339981,-0.03806,-0.227498,0.163939,-0.114587,-0.126161,-0.245084,0.292186,-0.210595,-0.030039,-0.205056,-0.371295,-0.112407,-0.060213,-0.827157,0.22981,-0.097165,0.185952,-0.165595,-0.399963,-0.082413,-0.277846,-0.080813,-0.252458,-0.192202,-0.029349,-0.419959,-0.049061,-0.350101,-0.194534,-0.30346,0.189312,-0.071446,0.231058,0.305556,0.250295,-0.430438,-0.102245,-0.245049,0.079291,-0.42099,-0.275698,-0.421065,-0.114652,-0.211901,-0.182277,-0.695797,-0.255379,-0.335656,-0.383866,-0.044273,-0.302287,-0.403428,0.063966,0.365847,-0.028948,-0.084574,-0.382389,-0.27213,-0.206316,-0.255379,-0.191884,-0.035367,0.130291,0.416511,-0.210313,-0.051913,-0.321073,-0.383866,-0.021982,0.107605,0.162455,0.302491,-0.223861,-0.093428,-0.497649,-0.4584,-0.266218,0.186409,-0.330903,-0.177231,0.032968,-0.121974,-0.280702,0.434022,0.365778,-0.050627,0.546373,-0.062816,-0.105916,0.229005,0.406252,-0.238794,0.431475,0.029446,-0.293207,0.519077,0.045123,0.270696,0.312926,0.128723,-0.185295,-0.347689,-0.105608,-0.238952,-0.415338,-0.349344,#
2,-0.254555,-0.077341,1.0,0.493504,-0.081279,-0.299787,-0.18106,0.250394,-0.105366,-0.330722,0.120155,0.151025,-0.13552,-0.091582,-0.232202,-0.266889,0.035402,0.176474,-0.398378,0.012851,-0.001578,-0.007112,0.181512,0.084008,0.548367,0.396768,-0.387163,-0.221118,0.070272,-0.332421,0.313092,0.09063,0.059694,0.114698,-0.093613,0.202297,0.155572,0.08319,-0.087417,-0.084102,0.00924,-0.052319,-0.041525,-0.321642,0.384963,-0.145537,-0.544657,-0.093203,0.00577,-0.043921,-0.119055,0.250943,0.103878,0.392651,0.031872,-0.166824,-0.012913,-0.064275,-0.149993,-0.030262,0.024335,-0.094663,0.110435,0.047081,0.126206,0.197127,0.060249,0.066448,0.03205,-0.348117,-0.010441,-0.423605,-0.168111,0.073859,0.449596,0.048771,0.067187,0.06194,-0.011878,0.020032,0.432712,0.005493,-0.025519,0.134204,0.180573,-0.06039,0.182956,0.029079,0.024913,-0.115241,0.170635,-0.029332,-0.140252,-0.169061,-0.028905,-0.015301,0.205156,0.335485,0.459772,0.117605,-0.203916,0.341857,0.247048,0.400527,-0.12263,-0.043305,0.138744,0.104272,-0.024435,0.017812,0.132874,-0.010138,-0.081489,0.218258,0.543235,0.198706,-0.102017,0.057833,-0.030693,0.203493,0.102892,-8.1e-05,0.561031,0.12156,0.095914,0.015895,-0.164348,-0.27009,-0.19031,0.194149,-0.021131,-0.253489,0.353233,-0.014105,0.37087,-0.003057,0.174154,0.172632,0.159346,0.17202,0.084347,0.491604,0.116618,0.104095,0.157531,0.187036,0.049064,-0.22419,0.263891,0.043721,0.13601,0.044396,0.086787,0.043094,0.363657,-0.014915,0.123442,0.144191,0.385472,0.294711,0.591416,0.289656,0.121,0.066701,0.095409,0.059144,0.251088,-0.35746,0.28708,0.237873,-0.002528,-0.21771,-0.049329,0.206514,-0.448979,0.445586,0.030238,-0.156739,-0.335343,-0.043582,-0.354664,-0.256768,-0.030108,-0.210616,-0.105856,-0.034651,-0.018771,-0.405688,0.39171,-0.260066,0.297628,0.024892,0.232199,0.061221,0.115734,0.225915,0.080344,-0.130171,-0.156576,-0.176414,#
3,-0.185319,-0.356527,0.493504,1.0,-0.156675,-0.159581,-0.247024,0.54455,0.033683,-0.282526,0.182171,-0.051064,-0.191901,-0.460058,0.024567,-0.038161,0.111747,0.205094,-0.532509,0.190771,-0.102217,-0.173301,-0.298409,0.044132,0.52207,0.308159,-0.502247,-0.107936,-0.158153,-0.233807,0.533505,0.278574,0.297863,0.109687,0.274158,0.27636,0.284206,0.083406,-0.00047,-0.07421,0.056049,-0.000234,-0.181556,-0.281839,0.453866,-0.198694,-0.338609,-0.347473,0.242253,-0.226726,0.34032,0.395027,0.025702,0.408912,0.037141,-0.153756,0.21855,0.004188,-0.291528,-0.421745,-0.034997,-0.038481,-0.036087,-0.16285,-0.219965,0.002592,0.380908,-0.316155,-0.160839,-0.510564,-0.026168,-0.073963,0.124231,0.016592,0.545023,-0.034077,0.118232,0.186597,0.075251,0.056761,0.2519,0.434339,0.122047,0.101711,-0.178647,-0.38778,0.213535,0.038359,0.079579,0.046052,0.342468,0.041637,0.351918,-0.376402,-0.046476,-0.185657,-0.119736,-0.021833,0.44262,0.315286,-0.295531,0.388792,0.299364,0.544377,0.170114,0.247325,0.046498,0.176806,0.298493,0.182991,-0.215915,0.000344,0.358233,0.178111,0.231368,0.526293,0.22738,-0.01986,0.129093,0.045098,0.152944,0.266975,0.460396,0.410716,0.152808,0.041262,-0.223854,-0.161532,-0.34904,0.343151,0.048614,-0.184276,0.265893,-0.067159,-0.1122,0.099133,-0.195611,0.093881,-0.117326,0.357323,0.022267,0.021982,0.253188,0.110846,0.075376,0.088439,0.137697,-0.120973,0.399573,0.175494,0.185424,0.182039,0.04274,0.00365,0.467353,0.107447,-0.031622,-0.23074,-0.133058,0.139399,0.326273,0.446656,-0.034777,0.038762,0.133703,-0.458695,0.260844,-0.286795,0.252012,0.19047,-0.156166,-0.459693,0.116165,-0.118634,-0.187717,0.357323,-0.297507,-0.110343,-0.233545,-0.069568,-0.571992,0.1761,-0.345331,-0.319567,-0.13299,0.08809,-0.483473,-0.197289,0.337304,-0.44949,-0.227755,0.088965,-0.003792,0.194569,-0.234805,0.11848,-0.244256,0.416353,0.176907,0.096833,#
4,0.514862,0.31756,-0.081279,-0.156675,1.0,0.362881,-0.162469,-0.182929,0.127834,0.08555,0.307456,0.16122,0.088992,0.371718,-0.113532,0.359056,-0.195893,-0.060462,0.20925,-0.256183,0.098269,-0.25258,0.501247,-0.106153,0.006654,-0.257203,0.339315,-0.383105,0.232492,0.192564,-0.413634,0.324728,0.15679,-0.222522,-0.218132,-0.196819,-0.154135,-0.160707,0.12314,-0.231426,0.327367,-0.085689,-0.02399,0.027794,0.070998,-0.175933,0.132685,0.322804,0.09096,-0.000444,0.068516,-0.092698,0.521783,-0.169221,-0.109577,0.234662,-0.367956,0.437895,0.115872,0.119208,-0.08341,0.080911,-0.075499,-0.070859,0.33459,0.373503,-0.024284,0.388864,0.211905,0.370785,-0.272214,0.156213,0.229246,-0.315365,-0.34263,0.241911,-0.137802,-0.369587,-0.033227,-0.070278,-0.193536,-0.427006,-0.222272,0.422611,-0.185014,-0.040147,-0.111889,-0.458321,-0.034704,-0.28952,-0.015941,-0.414693,-0.217422,0.048212,-0.358476,-0.050107,0.011403,-0.306323,-0.244158,0.084292,0.279174,-0.234764,-0.145285,0.274406,-0.347075,-0.272296,0.294456,-0.158787,0.055321,0.307819,0.207551,0.08555,0.257696,-0.16841,-0.224921,-0.296977,0.043416,0.182914,0.39442,-0.439102,-0.144365,-0.505102,-0.248421,-0.26267,0.274777,-0.153076,0.043476,0.070774,0.263048,-0.59132,-0.412767,-0.145383,-0.237412,-0.438917,-0.036878,-0.095492,-0.165412,-0.275094,-0.263986,-0.506724,-0.496673,-0.142769,-0.686867,0.056174,0.143492,0.119368,-0.165375,0.457615,-0.371029,-0.34424,-0.238209,-0.149731,0.133698,-0.371246,-0.048592,-0.287267,-0.053285,0.421261,-0.187892,-0.370844,-0.236079,-0.400698,0.261417,-0.172949,-0.137616,0.206882,-0.190736,-0.026487,-0.221717,-0.15905,0.026107,0.264403,-0.246615,-0.034418,0.46767,-0.249966,-0.196567,0.031294,0.208095,0.241058,0.61048,-0.030914,-0.324894,0.276757,0.014062,-0.043932,0.151606,-0.161337,-0.211949,0.343319,-0.204925,-0.002144,0.474275,0.48294,-0.480163,0.020669,-0.105223,-0.211558,-0.029872,0.001574,#
5,0.198266,0.221769,-0.299787,-0.159581,0.362881,1.0,0.289346,-0.241292,0.260336,0.137496,0.298024,-0.341198,0.35581,0.157587,0.03816,0.038373,0.285345,0.010422,0.244335,-0.083624,0.163322,0.214462,0.377433,-0.228128,-0.229086,-0.579379,0.102524,-0.286588,-0.004067,-0.023912,-0.049899,0.202959,-0.097932,-0.095044,-0.222947,-0.338056,0.139008,-0.245331,0.026639,-0.46011,-0.020967,0.257982,0.043373,0.001311,-0.252793,-0.412224,0.310173,-0.010897,0.354114,0.121422,0.203283,-0.173393,0.225214,-0.431914,0.100966,0.553406,-0.169859,0.394181,0.46454,0.050107,0.20568,0.118362,-0.042296,-0.132538,0.142771,0.324664,-0.248491,0.152269,0.133039,0.065457,-0.145068,0.132117,0.040183,-0.557301,-0.433746,0.221205,-0.090389,-0.201867,-0.298365,-0.02492,-0.203817,-0.341314,-0.047866,0.354712,-0.326762,-0.046737,-0.043499,-0.244512,0.210795,-0.240617,-0.057618,0.01574,-0.216483,0.539296,0.129156,-0.18419,0.219958,-0.296139,-0.093633,-0.067066,0.373535,-0.217344,0.083217,-0.300781,-0.215526,-0.434627,0.143456,-0.337782,-0.272716,-0.041043,0.188852,-0.201579,0.215231,-0.214527,-0.184065,-0.445048,-0.096992,-0.127485,0.179052,-0.293192,0.076665,0.133877,-0.332409,-0.45354,0.225404,-0.099697,0.344998,0.369315,0.323531,-0.417097,-0.151789,0.159163,-0.28278,-0.179844,0.011746,-0.334212,-0.139566,-0.335314,-0.078116,-0.305271,-0.203897,-0.013696,-0.210772,-0.011602,0.117769,0.077353,-0.46167,0.538351,-0.208598,0.11198,-0.058675,0.022668,0.254995,-0.385948,-0.124745,-0.170792,-0.043197,0.213041,-0.300885,-0.201248,-0.099423,-0.210772,-0.036675,-0.047703,-0.084778,0.348441,0.122308,-0.130136,-0.28608,-0.383037,-0.075163,0.271091,0.221496,0.103727,0.290613,-0.315164,-0.3417,0.327472,0.03556,0.135712,0.400278,0.137878,-0.123572,0.165048,-0.285266,-0.120864,0.165048,0.211353,-0.345452,0.187167,0.088253,-0.059503,-0.182738,0.153354,-0.169992,0.091609,0.060853,-0.008507,-0.026418,-0.053658,#
6,-0.271995,0.066972,-0.18106,-0.247024,-0.162469,0.289346,1.0,-0.362704,0.129365,-0.18377,-0.13655,0.011225,0.219822,0.199831,0.110163,-0.324821,0.147701,-0.069176,0.109114,0.01349,0.029036,0.494686,-0.092674,-0.308432,-0.137883,-0.412832,-0.013233,-0.164995,0.0991,-0.388506,0.089268,-0.245955,-0.309032,0.162106,-0.362969,-0.308189,0.202679,0.288454,-0.142447,-0.19058,0.045163,0.356973,0.184599,0.198041,-0.176715,-0.031798,0.214247,-0.085762,0.321276,0.316463,-0.119426,-0.212859,0.057767,-0.515302,-0.339805,0.291162,0.148605,0.140942,0.309652,0.284374,0.197626,0.148864,0.368831,0.237058,-0.106903,-0.013287,-0.226537,0.042226,-0.113173,0.286268,0.325692,-0.105809,-0.229987,-0.314834,-0.24899,-0.173265,0.037807,-0.123069,-0.346079,0.11745,0.069813,-0.171339,0.065956,0.081273,0.267598,0.426216,0.307267,0.042234,0.208924,-0.137536,-0.017704,0.409574,0.033742,0.456957,0.458145,-0.097123,-0.020432,-0.189707,0.172693,0.071899,0.291509,-0.268759,-0.122341,-0.253968,0.161635,0.016049,-0.120148,-0.161985,0.000203,-0.150032,0.056746,-0.18377,-0.036415,0.044543,0.396671,-0.124585,-0.147545,-0.125181,0.25109,0.081215,0.451576,0.015151,-0.119357,-0.178331,-0.237029,0.371072,0.206678,0.346677,0.306266,0.045339,0.208924,0.44787,0.02272,0.291711,0.400935,0.106641,-0.127235,0.110695,0.165339,0.262326,0.240101,0.287605,0.276136,0.261402,0.207587,0.064486,0.162152,0.279529,0.056591,0.410766,0.0914,0.286286,0.319665,0.240101,0.095195,0.28551,0.213575,-0.05091,0.106661,0.260532,0.233803,0.090683,0.062714,0.233641,0.05564,0.225041,0.249242,-0.215072,-0.003124,0.054342,-0.064275,-0.013899,0.519421,0.125284,-0.055616,-0.024836,0.146234,-0.306029,-0.103637,0.133169,0.072771,0.04273,0.163496,-0.094927,-0.222614,0.089531,0.100064,0.150389,-0.399684,-0.264516,0.189495,0.021498,-0.309989,-0.163992,0.08136,0.181518,-0.201755,0.168585,-0.191876,0.226628,#
7,-0.147224,-0.493398,0.250394,0.54455,-0.182929,-0.241292,-0.362704,1.0,-0.13994,-0.258983,-0.098925,-0.084415,-0.101521,-0.409336,0.20834,0.253094,0.200453,-0.085621,-0.295507,0.099366,-0.08758,-0.082653,-0.389553,0.214836,0.547072,0.229771,-0.483371,0.053385,-0.10675,-0.236818,0.465619,0.268581,0.174228,-0.011261,0.362928,0.293045,-0.001825,0.061943,0.481754,0.056207,-0.22473,-0.273462,0.035334,-0.191987,0.476029,-0.178956,-0.317894,0.001296,0.014064,-0.646915,0.354173,0.364468,-0.132482,0.308872,0.005755,-0.293317,-0.117969,-0.166737,-0.416253,-0.32778,-0.351065,-0.317245,-0.520897,-0.193213,-0.402869,-0.238745,0.369967,-0.239588,-0.165463,-0.270152,-0.073467,0.0502,0.159983,0.232836,0.477971,-0.027166,0.050675,0.092778,-0.015661,-0.05108,0.005227,0.347399,0.013054,0.212753,0.051551,-0.096263,-0.003528,0.086686,-0.012236,-0.007978,0.285749,0.044077,0.057712,-0.65776,-0.098665,-0.304272,-0.184845,0.023746,0.129599,0.179071,-0.126176,0.311781,0.468171,0.218475,0.096928,0.185226,0.054856,0.293515,-0.013541,0.067412,-0.334402,0.039308,0.30003,0.108812,-0.04179,0.435407,0.426838,-0.093331,-0.139012,0.108089,-0.067719,0.366843,0.19352,0.520252,0.138443,-0.182774,-0.546496,-0.017657,-0.563498,0.408853,0.035454,-0.383246,-0.190423,0.168899,0.023337,0.169623,-0.17931,0.164295,0.326948,0.299267,-0.081992,0.220962,0.374734,-0.132347,0.01664,0.169366,0.143056,-0.32376,0.117125,0.120374,0.300033,0.191341,-0.314181,-0.075448,0.199195,0.18176,-0.049815,-0.341566,0.00294,-0.167075,0.265625,0.323066,-0.148347,0.051173,0.06436,-0.544435,0.17373,0.029996,0.474901,0.202107,0.12509,-0.362008,0.029778,-0.199485,-0.086981,0.045133,-0.24771,-0.334082,-0.400578,-0.35935,-0.491539,-0.082646,-0.251277,-0.204679,-0.261973,-0.185441,-0.204679,-0.236076,0.306929,-0.408786,0.151769,-0.028038,-0.077862,-0.312756,-0.128869,0.209472,0.190954,0.100878,0.334965,-0.027484,#
8,-0.29925,0.208941,-0.105366,0.033683,0.127834,0.260336,0.129365,-0.13994,1.0,0.113855,-0.175962,-0.109347,-0.243214,0.118011,-0.129791,-0.019582,-0.342606,0.286054,0.388201,0.238451,-0.075778,-0.015284,0.458685,0.084576,0.116682,-0.236084,0.035738,-0.329963,0.023037,0.161968,0.124749,-0.185036,-0.096993,-0.106262,0.059976,0.341725,0.304235,-0.333875,0.200574,-0.254807,0.156099,-0.100009,-0.158646,0.01806,-0.089965,-0.079025,0.200223,0.305883,0.11683,-0.044909,0.143487,-0.211223,0.204437,-0.097999,-0.245323,-0.179833,0.185894,-0.012869,-0.117846,-0.026701,0.187615,0.399012,0.211132,-0.010813,-0.1408,0.190234,0.237109,-0.15111,0.07505,-0.168569,-0.23315,-0.181213,-0.253033,-0.052341,-0.261312,0.164101,0.258908,-0.217879,-0.104107,0.138885,0.119292,-0.169637,-0.206832,0.18686,0.193918,-0.053219,-0.044221,-0.262427,0.387433,0.065402,-0.318851,0.001104,-0.225697,0.180352,-0.05388,-0.049919,0.193671,0.010858,0.232884,0.130452,0.080961,0.121297,-0.286944,0.246378,0.140111,-0.10403,-0.2732,-0.258747,0.396708,-0.04146,0.36021,-0.202185,-0.045415,-0.400084,0.005348,-0.106165,0.082434,-0.159199,0.225378,-0.674475,0.240949,-0.235953,-0.119846,-0.27644,0.043149,0.051859,0.315388,0.274695,-0.088409,-0.094238,0.00051,-0.079894,0.086849,-0.336534,-0.182312,-0.161694,-0.139985,-0.163933,0.063798,-0.076464,-0.219827,-0.270522,-0.213675,-0.27864,-0.454085,-0.446719,-0.073802,0.244649,-0.203958,-0.225697,0.138967,-0.213306,0.248524,-0.386227,0.090145,0.177763,0.073587,0.375325,0.077222,0.275542,-0.201031,-0.042603,-0.218768,0.129753,0.249484,-0.237007,-0.046321,-0.205123,-0.098726,0.131787,-0.019573,0.167731,-0.111118,-0.107653,-0.145955,-0.076464,-0.342726,0.255923,0.33371,0.397735,0.157285,-0.065761,-0.330466,-0.061384,-0.003486,0.283982,0.114417,0.182427,-0.266758,0.123662,0.044485,-0.082056,-0.239277,0.269905,-0.39858,0.109153,-0.1678,0.231063,0.173351,-0.215133,#
9,0.285243,0.533791,-0.330722,-0.282526,0.08555,0.137496,-0.18377,-0.258983,0.113855,1.0,-0.163128,0.233933,0.097484,0.365687,0.106049,0.097255,-0.147288,0.232333,0.250199,-0.332247,0.1653,-0.280683,0.236832,-0.227188,-0.240518,-0.179598,0.149766,-0.158004,0.033758,0.461876,-0.392644,-0.056428,-0.146167,-0.261144,0.036094,0.239227,-0.183642,-0.348141,-0.165548,0.143083,-0.239041,0.133835,-0.469919,0.280428,-0.182082,0.126821,0.214042,0.154768,-0.410391,0.185797,0.207621,-0.673681,0.19096,-0.099274,0.252835,0.012083,0.131763,0.189748,0.146987,-0.219767,0.070239,0.473598,0.132681,-0.403531,-0.079735,0.061306,-0.107148,-0.070702,0.0191,0.09829,-0.279274,0.340996,0.378338,0.01954,-0.226898,0.070132,-0.429176,-0.240563,-0.240539,-0.100368,-0.306505,0.122002,-0.306611,-0.220923,0.02475,-0.30634,-0.392673,-0.332138,0.123883,-0.077687,-0.366512,-0.190846,-0.240447,0.069676,0.226103,-0.054886,0.024719,-0.102529,-0.261071,-0.041319,0.183239,-0.128066,-0.128293,-0.202118,-0.226051,-0.261153,-0.345363,-0.560778,-0.004429,-0.240444,0.10676,-0.08692,-0.364518,-0.240478,-0.471834,0.206488,-0.332208,-0.479548,-0.220519,-0.451472,-0.157805,-0.183767,-0.588124,-0.261153,0.062462,-0.332138,0.102314,0.141072,0.111671,-0.332347,0.123883,-0.128625,-0.052495,-0.220977,-0.471576,-0.221016,-0.06018,-0.220989,-0.409271,-0.405813,-0.240558,-0.341977,-0.306611,-0.326188,-0.635575,-0.617208,-0.22877,0.385943,-0.294822,-0.240447,-0.392661,-0.672753,-0.202064,-0.240558,-0.588226,-0.220928,-0.033882,0.321891,-0.271348,-0.053767,-0.537587,-0.306611,-0.30634,0.047978,0.14638,0.070518,-0.30634,0.126948,-0.261215,-0.240613,-0.140069,0.195369,-0.261035,-0.241302,0.125178,0.022573,-0.14734,0.59182,0.402672,-0.357359,0.398566,0.364029,-0.057467,0.232606,0.312441,-0.273266,0.232606,0.189638,-0.119858,0.660901,-0.076532,-0.176207,0.071194,0.379371,-0.000489,-0.182501,-0.045568,0.041239,-0.027042,-0.18337,#
10,0.525527,0.140285,0.120155,0.182171,0.307456,0.298024,-0.13655,-0.098925,-0.175962,-0.163128,1.0,-0.174987,0.351689,0.176934,0.180965,-0.081149,0.231764,-0.161715,-0.24706,0.134399,-0.180391,0.041158,0.127836,0.139374,0.106269,-0.110765,0.011231,-0.075138,-0.325887,0.035446,-0.172122,0.449788,0.051923,0.054949,0.055156,-0.273572,0.099506,0.261273,-0.066937,-0.12499,0.054649,-0.026102,-0.093342,-0.163739,0.064733,-0.598503,-0.0514,-0.118407,0.121094,-0.200749,0.007846,0.262439,-0.080888,-0.054425,0.26836,0.115981,-0.640291,0.169479,0.185236,0.028,0.106648,0.172452,-0.227754,0.025713,0.195493,0.17031,-0.201092,0.187788,0.121495,-0.160862,0.293777,-0.285356,-0.204154,-0.450997,0.063299,0.179657,-0.005114,0.059886,-0.210561,-0.327418,0.026467,-0.318479,0.135449,-0.008442,-0.664298,0.161342,-0.214511,-0.058812,-0.209314,-0.256318,0.192914,-0.288911,0.09994,-0.007512,-0.362879,0.200469,0.205793,0.110192,0.049332,-0.09351,-0.024272,-0.175109,-0.011444,-0.018974,0.066539,-0.195116,0.226758,0.005587,-0.151264,0.100947,0.139465,-0.163128,0.201988,0.094539,-0.062026,-0.323155,0.09032,0.155914,-0.070865,0.174109,-0.229274,-0.110829,0.010432,0.015602,0.207554,0.272604,0.099738,-0.051095,0.144967,-0.268164,-0.284977,0.037797,-0.331717,-0.267219,0.164992,-0.265363,-0.112944,-0.266288,-0.092627,-0.122277,-0.239622,-0.003949,-0.224175,-0.094371,0.137045,0.056816,-0.179464,0.072513,-0.047756,-0.054282,-0.398285,0.22644,0.042046,-0.154884,0.013664,-0.075623,0.387323,-0.110248,0.086857,-0.038561,0.176651,-0.073635,0.380536,-0.117028,-0.152163,0.372841,0.228786,-0.099988,-0.345398,-0.304971,0.028733,0.238206,0.046487,0.038342,0.021654,-0.109327,-0.276521,-0.013942,-0.052339,0.372355,0.222585,-0.088645,0.248651,0.06037,-0.037219,-0.161913,-0.091824,-0.122331,0.246255,-0.227853,-0.264753,0.036146,0.049044,0.118042,-0.21599,-0.342511,-0.096496,-0.395295,-0.334889,-0.182656,#
11,0.020052,0.214092,0.151025,-0.051064,0.16122,-0.341198,0.011225,-0.084415,-0.109347,0.233933,-0.174987,1.0,-0.224768,0.230568,0.197789,0.290198,-0.420252,-0.030128,-0.04444,-0.23199,0.164419,-0.310937,0.066195,-0.336143,0.13336,-0.037899,0.265292,-0.446721,0.318059,0.190401,0.053122,-0.007907,-0.239534,-0.022635,-0.103439,0.059956,-0.439778,0.212858,-0.09166,0.368166,0.104216,-0.186201,-0.160517,-0.045124,0.351675,0.153686,-0.095893,-0.0177,-0.447713,0.170278,0.079383,-0.336448,0.208935,0.218944,-0.44387,-0.074179,0.095796,-0.216826,-0.201868,-0.168025,-0.18089,0.232196,0.167026,0.128974,-0.095228,-0.175285,0.246206,0.18898,-0.025937,0.092538,0.11926,0.265522,0.276311,0.161038,0.004532,0.11322,-0.259102,-0.302826,-0.112398,-0.180431,-0.02833,-0.07543,0.197269,-0.111953,0.360549,0.10666,-0.356599,-0.365968,0.100257,-0.406775,0.001522,-0.025451,0.080928,-0.213572,-0.242596,-0.068091,-0.272283,-0.065165,-0.338396,0.260747,-0.049582,0.246054,-0.053418,0.184339,-0.195578,-0.247924,-0.290854,-0.163244,0.023137,-0.060889,-0.260537,0.220583,-0.302119,0.293395,0.066791,0.077473,-0.041341,-0.160727,0.078459,-0.286358,-0.217617,-0.268531,-0.144498,-0.111693,0.219934,-0.092742,-0.168293,-0.218358,0.158127,-0.218434,0.008922,-0.194875,0.198649,-0.097654,-0.126907,-0.082026,0.17121,-0.069471,-0.134745,-0.008451,-0.319575,0.052,-0.301345,-0.023967,0.004357,-0.168612,0.208341,0.26536,-0.078369,-0.072794,0.06956,-0.329803,-0.108155,-0.09949,-0.167956,-0.100541,-0.097365,0.442596,-0.043344,-0.02759,0.011866,0.024263,0.099804,-0.019676,0.196989,-0.136036,-0.423813,0.165148,0.144253,-0.199097,-0.092558,-0.117439,-0.196204,-0.331157,-0.018727,0.561551,-0.067652,-0.093535,-0.091373,-0.250875,-0.033058,0.129495,-0.16461,0.052195,0.230533,0.118409,0.114079,-0.182892,0.061027,0.08093,-0.031462,-0.048632,0.252478,0.351836,-0.250192,-0.042819,-0.179913,-0.078894,0.038021,0.365184,#
12,0.375305,-0.037776,-0.13552,-0.191901,0.088992,0.35581,0.219822,-0.101521,-0.243214,0.097484,0.351689,-0.224768,1.0,0.235821,-0.235584,-0.066941,0.4328,-0.234206,0.028299,0.061459,0.21003,0.047885,-0.040012,-0.131036,-0.066329,-0.287464,-0.186935,-0.19494,0.044592,-0.119349,-0.114785,0.33187,-0.241368,-0.051908,-0.383257,-0.398648,0.035377,-0.079567,0.098843,-0.437513,-0.17432,0.511509,-0.194894,-0.139998,0.014871,-0.080764,0.033875,-0.139582,0.006029,-0.117242,-0.011604,-0.079113,0.1025,-0.197906,0.350622,0.050824,-0.389262,0.08126,0.314827,0.069902,0.213951,-0.223815,0.067894,-0.355652,0.025939,0.031772,-0.293029,0.141863,0.023011,0.102383,0.18653,-0.059167,-0.008382,-0.339287,-0.334795,-0.079148,0.039426,-0.042878,0.00496,-0.202759,-0.172216,-0.054391,0.12536,0.047445,-0.216663,0.155333,0.062382,-0.07126,-0.004821,-0.415615,0.304769,-0.205193,-0.111685,0.110635,0.310969,0.050238,0.048127,-0.001957,-0.099505,-0.092868,0.198047,-0.275421,0.008401,-0.413094,-0.106314,-0.105973,-0.019965,0.115194,-0.399506,-0.29463,0.312189,-0.237709,0.318133,-0.167099,0.124162,-0.150889,0.029517,-0.020444,-0.113879,0.197776,0.01268,-0.13671,-0.4428,0.044394,-0.1382,0.219826,-0.094605,0.307381,0.232637,-0.118188,-0.036959,0.57482,-0.344448,0.044307,0.319219,-0.104127,-0.164581,-0.292784,-0.000977,-0.211957,0.011198,0.350459,0.091809,0.064944,0.095638,0.263221,-0.14355,0.249293,-0.102016,-0.140799,-0.296272,0.126603,0.008668,-0.175567,-0.23711,-0.153845,0.459406,-0.049823,0.027051,-0.046797,0.246759,-0.08581,0.033581,-0.042384,-0.09471,0.261864,0.329207,-0.048456,0.035546,-0.035734,0.265022,0.292373,0.262209,0.400531,0.225919,-0.221736,0.035462,0.076823,0.269668,-0.04643,0.320892,0.055846,0.331938,0.013558,-0.096991,-0.161114,0.150032,0.171361,0.124503,-0.06547,0.209104,0.019801,-0.14583,-0.103362,0.145967,-0.003061,0.176221,-0.169046,-0.271093,0.056397,#
13,0.327327,0.494627,-0.091582,-0.460058,0.371718,0.157587,0.199831,-0.409336,0.118011,0.365687,0.176934,0.230568,0.235821,1.0,0.150563,0.249337,-0.001827,-0.052112,0.366334,-0.274874,0.010419,0.014542,0.475027,-0.208225,-0.180708,-0.290035,0.341739,-0.358297,0.223973,0.204684,-0.608026,0.001962,-0.404377,-0.079457,-0.248866,0.026136,-0.146422,0.035486,-0.07663,0.053518,-0.165854,0.184065,-0.232437,0.325629,-0.18139,-0.24462,0.017652,0.419699,-0.238953,0.261603,-0.08079,-0.528641,0.306634,-0.317805,-0.112724,0.001952,-0.342654,0.349796,0.411616,0.27621,0.193426,0.371558,-0.044716,0.027603,0.072711,0.387608,-0.110626,0.093778,0.439854,0.16299,0.120384,-0.133016,-0.029287,-0.010975,-0.137521,0.230137,-0.159129,-0.488645,-0.419678,-0.073561,-0.036613,-0.421981,-0.20848,0.050763,0.00742,0.12155,-0.403653,-0.255638,-0.075848,-0.262291,-0.230333,-0.434326,-0.186845,0.217024,-0.052436,0.114697,0.255956,-0.003386,-0.070116,-0.225549,0.461642,-0.446279,-0.501406,-0.050915,0.046342,-0.379358,-0.167362,-0.34033,0.079881,-0.014461,0.265115,0.07449,-0.235043,-0.17071,-0.053926,-0.108035,-0.426545,-0.083976,-0.121523,-0.317336,-0.168217,-0.508398,-0.410084,-0.386086,-0.258607,-0.111782,0.002906,0.172573,0.373974,-0.415243,-0.254102,0.069077,-0.238795,-0.438193,-0.046974,-0.263743,-0.166491,-0.25587,-0.144202,-0.247655,-0.320543,0.073516,-0.507781,-0.411993,-0.19321,-0.266666,-0.338189,0.433522,-0.547462,-0.170508,-0.436377,-0.547968,0.291339,-0.320543,-0.216458,-0.100586,0.254924,0.37854,0.174905,-0.058064,-0.047121,-0.517053,0.445688,0.1634,0.000535,0.50947,-0.047062,-0.075974,-0.240932,-0.162011,-0.154271,0.342936,-0.255694,-0.004884,-0.020377,-0.256843,0.000659,0.206129,0.387877,0.241916,0.740647,-0.317063,0.024156,0.437671,0.196324,-0.255242,0.613151,-0.03701,-0.204241,0.323103,0.094762,-0.137843,0.017851,0.331302,-0.167151,-0.15521,-0.145641,-0.322113,-0.384109,-0.312514,#
14,0.111697,0.210872,-0.232202,0.024567,-0.113532,0.03816,0.110163,0.20834,-0.129791,0.106049,0.180965,0.197789,-0.235584,0.150563,1.0,0.170999,0.206372,-0.243094,-0.157452,-0.201686,-0.281953,0.024208,-0.198884,-0.175453,-0.088112,0.002745,0.106333,0.120594,-0.216363,0.072926,-0.168657,0.096463,-0.241942,-0.191636,0.200152,-0.015977,-0.131312,0.320206,0.156473,0.541692,-0.28061,-0.050617,-0.07134,-0.008234,-0.080945,-0.328116,0.15589,-0.092407,0.03366,-0.168457,0.106391,-0.177411,-0.210698,-0.086155,-0.054839,0.233109,-0.200935,0.15957,0.126876,0.04297,-0.106069,0.426301,-0.371716,0.081666,-0.524825,-0.222541,0.023288,-0.090787,0.178319,0.13298,0.366576,0.318463,-0.015081,0.034021,0.384862,0.255408,-0.409611,0.023208,-0.732528,-0.256683,-0.123397,-0.165473,-0.022774,0.101816,-0.248618,0.056205,-0.357006,-0.033777,-0.05067,0.123721,-0.020332,0.075909,0.163657,-0.18403,-0.136597,-0.176752,-0.025736,-0.185079,-0.296087,-0.137689,0.080462,-0.003282,0.165279,-0.055839,0.204959,-0.035251,-0.079498,-0.334732,0.17717,0.012121,-0.649039,0.093101,-0.309433,0.229312,-0.428717,0.115015,-0.015013,-0.41321,-0.101245,0.031283,-0.172192,0.224282,-0.099196,0.096878,0.232331,-0.053714,-0.100762,0.067191,0.09321,-0.175732,-0.092165,-0.322081,-0.289473,-0.217144,-0.227003,-0.376637,-0.150693,-0.176258,0.042372,0.229512,-0.236434,-0.296476,0.036594,-0.267693,-0.236483,-0.354781,0.164856,-0.026794,-0.187049,0.38413,-0.170172,0.056252,-0.333862,-0.150799,-0.095232,0.173963,0.074794,-0.174386,-0.240887,-0.254627,-0.118809,0.001962,0.190856,-0.060517,-0.022236,-0.041613,-0.15076,0.119388,-0.20259,-0.602501,-0.114789,-0.347036,-0.165163,-0.495487,-0.032889,-0.04627,-0.368942,-0.152461,-0.232996,-0.077285,0.010855,0.03427,0.114329,0.178711,-0.041059,-0.139232,0.238732,-0.098655,0.031989,-0.089197,-0.247044,0.238547,-0.158204,-0.115085,-0.299439,-0.12373,-0.258969,-0.130949,-0.040314,0.029613,#
15,0.308444,-0.23663,-0.266889,-0.038161,0.359056,0.038373,-0.324821,0.253094,-0.019582,0.097255,-0.081149,0.290198,-0.066941,0.249337,0.170999,1.0,-0.040071,-0.209184,0.110101,-0.132088,0.049109,-0.44603,0.036035,-0.198085,-0.155243,-0.201692,0.368277,-0.225998,0.255564,0.202678,-0.099412,0.384244,-0.280302,-0.08518,0.22764,0.14575,-0.187253,0.005076,0.483018,0.248395,0.006938,-0.067388,-0.017993,-0.018275,0.020567,-0.00622,-0.023149,0.089951,-0.26082,-0.27313,0.435246,-0.126299,0.165279,0.139342,-0.310939,0.081094,-0.096941,0.041012,-0.066233,-0.197715,-0.085247,-0.2474,-0.410651,-0.167417,-0.010318,-0.06272,0.461954,0.203737,0.260979,-0.029006,-0.131254,0.27012,0.237401,0.153449,0.037786,0.237266,0.01843,-0.246632,0.141042,-0.028517,-0.053061,0.099825,0.228237,0.059989,-0.202087,-0.06375,-0.304288,-0.16115,-0.183828,0.009232,-0.0271,-0.435267,0.091898,-0.261678,-0.391663,0.085014,0.010751,-0.12233,-0.378323,0.128521,0.102426,-0.077614,-0.160105,0.262959,0.233285,-0.14541,0.034404,0.21801,-0.07803,0.128906,-0.359033,0.394066,0.254423,-0.028326,-0.369505,0.009429,0.055854,0.179927,-0.118946,-0.30038,-0.457024,-0.014283,-0.270563,0.016509,0.137876,-0.177416,-0.301015,-0.165571,0.129983,-0.134254,-0.244391,-0.136401,-0.252715,-0.436229,-0.363274,-0.082361,-0.164195,-0.267427,-0.304749,0.000122,-0.493548,-0.020321,-0.240759,-0.217525,0.140369,0.177167,-0.384375,0.248709,-0.394949,-0.210259,-0.08136,-0.395487,-0.00548,-0.411755,-0.06483,-0.093106,-0.20567,0.129944,-0.200563,-0.503203,-0.255224,-0.106479,0.24706,-0.143274,0.019534,-0.097732,-0.380911,0.331763,0.078386,-0.138784,0.029327,0.049028,-0.386808,-0.053437,0.263243,-0.009634,-0.187198,0.022354,0.048052,-0.015983,0.125954,-0.012623,-0.314299,0.247764,0.027281,-0.060214,0.118776,-0.006832,0.037053,0.127225,-0.217596,-0.176857,0.123292,0.340494,-0.203755,0.011262,0.020145,0.041708,0.189544,0.013686,#
16,0.028794,-0.280604,0.035402,0.111747,-0.195893,0.285345,0.147701,0.200453,-0.342606,-0.147288,0.231764,-0.420252,0.4328,-0.001827,0.206372,-0.040071,1.0,-0.441592,-0.19223,0.062015,-0.067248,0.143112,-0.241936,0.057285,-0.179158,0.065187,-0.058554,0.126031,-0.301277,-0.31138,-0.011187,0.022729,-0.247684,0.181005,-0.017654,-0.06466,0.388451,0.262682,0.170837,-0.174451,-0.40506,0.329941,0.066948,-0.165909,-0.065803,-0.198136,-0.106963,-0.46569,0.216309,-0.070345,-0.040795,0.251525,-0.280674,-0.078724,0.437253,0.294257,-0.228654,0.331596,0.238852,0.048205,0.135031,-0.134369,-0.228503,-0.004396,-0.098932,-0.084897,-0.181565,-0.108951,0.031862,-0.157165,0.289197,0.088846,-0.18433,0.015105,0.301304,0.173495,-0.06232,0.005402,-0.225419,-0.224872,-0.110586,0.137419,0.101925,0.251931,-0.377308,0.062414,0.198679,0.228379,-0.317953,0.063219,0.200901,0.134361,0.221332,0.063577,0.320954,0.272245,0.212672,-0.217721,-0.017922,-0.298083,0.070244,-0.006483,0.13472,-0.126837,0.048106,-0.034045,0.084019,0.18384,-0.227603,-0.023341,-0.205181,-0.147288,0.209255,0.010202,-0.09386,0.073712,-0.168981,-0.227076,0.025737,0.357102,-0.038989,0.38432,0.043226,0.183814,-0.289386,0.055535,-0.07198,0.04228,0.346094,0.058126,-0.10405,0.338736,-0.235274,0.066069,0.100208,-0.155432,-0.101977,-0.156818,0.169417,0.208723,0.014776,0.229014,0.310373,-0.042433,0.16408,0.176121,-0.15342,-0.184128,-0.006257,0.442788,-0.229082,0.228107,0.110827,0.003042,0.046248,-0.153948,0.304643,-0.227266,-0.00115,-0.096878,0.235965,0.101925,0.272538,-0.190126,-0.283083,0.217557,0.490443,0.124099,-0.021864,-0.192788,0.035274,-0.08409,0.198753,0.257961,0.101674,-0.379697,0.00758,0.032812,-0.134613,0.127632,0.057689,0.035937,0.227102,0.20229,-0.247467,0.049167,0.20229,0.031181,0.267927,-0.182495,0.149378,-0.050437,-0.173216,-0.17714,0.111187,0.191302,0.029958,-0.024748,-0.223146,-0.07884,#
17,-0.336955,0.246203,0.176474,0.205094,-0.060462,0.010422,-0.069176,-0.085621,0.286054,0.232333,-0.161715,-0.030128,-0.234206,-0.052112,-0.243094,-0.209184,-0.441592,1.0,0.037041,0.133892,0.30029,0.040232,0.27271,0.210606,0.047864,-0.026089,-0.114513,0.132447,0.244395,-0.07916,0.093393,-0.153604,0.2274,0.174496,-0.058537,0.168602,0.039559,-0.311196,-0.411816,0.051,0.113097,-0.134409,0.074006,0.301252,0.026866,0.005149,0.096128,0.210525,-0.079019,0.193553,0.303108,-0.161193,0.233973,-0.208537,-0.306984,0.012848,0.427508,0.066465,0.172238,0.037652,0.073265,0.189367,0.2953,-0.068167,0.141473,0.213685,0.201208,-0.122928,-0.185546,-0.280147,-0.319254,-0.306826,0.290986,-0.093645,-0.077064,-0.290004,0.16791,0.140708,0.011089,0.641879,0.424705,0.236281,-0.208363,-0.13203,0.169961,-0.405769,0.124963,-0.131364,0.431573,0.141461,-0.295528,0.062232,-0.061036,0.055497,0.136018,-0.254747,-0.333087,0.38795,0.467645,0.238726,0.286093,0.266988,0.202546,0.104221,0.138349,0.139744,-0.23461,-0.381,0.272111,0.118722,0.36769,0.220122,-0.057249,0.308984,0.239279,0.127588,-0.030815,0.064735,-0.306412,-0.232088,0.531077,-0.082332,-0.011579,-0.393037,0.235625,-0.1792,0.484129,0.197143,-0.27202,0.33098,0.251885,-0.093217,0.094087,-0.12615,-0.108442,0.359307,-0.270652,0.178043,-0.039812,-0.064629,0.288272,-0.079668,0.10045,-0.003447,-0.234833,-0.229536,-0.278121,0.031769,0.088784,-0.061036,0.128079,-0.348906,0.156141,-0.050381,-0.003947,0.169884,-0.081801,-0.067978,0.016338,0.413245,-0.000227,0.10045,-0.367328,0.273849,0.356432,-0.045286,-0.046988,-0.377169,0.007434,0.409388,-0.118569,0.061986,0.008405,-0.17491,-0.186554,0.185459,-0.030526,0.364437,-0.137306,-0.183136,-0.125993,0.234153,-0.236215,-0.546766,0.025092,-0.235576,-0.369874,0.248009,-0.203057,0.310064,0.212087,-0.092463,0.081874,0.238456,0.149313,-0.104445,-0.079914,0.398998,0.050951,-0.286154,#
18,-0.076403,0.077641,-0.398378,-0.532509,0.20925,0.244335,0.109114,-0.295507,0.388201,0.250199,-0.24706,-0.04444,0.028299,0.366334,-0.157452,0.110101,-0.19223,0.037041,1.0,-0.095754,0.120339,0.120916,0.418116,0.136733,-0.205035,-0.462394,0.316527,0.001398,-0.182038,0.166998,-0.14938,-0.316069,-0.194639,0.188136,-0.298312,-0.161594,-0.044082,-0.37815,0.084906,-0.225593,-0.016392,-0.083975,0.035732,0.332925,-0.465065,-0.159224,0.412715,0.394945,-0.156682,0.087057,0.090309,-0.158314,0.440584,-0.298115,-0.191357,-0.022639,0.061839,-0.242311,0.187676,0.442949,-0.193818,0.257855,-0.120651,-0.074055,0.047966,0.070828,-0.251909,0.160703,0.078456,0.211699,0.001437,-0.045202,0.027861,0.349592,-0.270733,0.111108,-0.052464,-0.36468,-0.023161,0.189657,-0.332901,-0.198566,-0.3197,0.252808,0.150326,0.0285,-0.315202,0.06824,-0.052615,-0.226541,-0.351666,-0.185273,-0.048083,0.284213,-0.029725,0.031046,-0.031379,-0.182109,-0.127877,0.130423,0.165638,0.028503,-0.256168,0.006601,-0.105477,-0.440419,-0.236183,-0.112944,0.035386,0.122977,0.387576,-0.036436,-0.120702,-0.219327,-0.181314,-0.422221,-0.12339,0.010552,0.114296,-0.413404,-0.094098,-0.403895,-0.413102,-0.579718,-0.313819,-0.266993,0.28749,0.140422,-0.018757,-0.272217,-0.008783,0.10658,-0.289222,0.077296,0.001014,-0.097077,0.205668,-0.229433,-0.017205,-0.100012,-0.032973,-0.024086,-0.477663,-0.360253,-0.287605,-0.229267,-0.312924,0.303713,-0.413172,-0.19605,0.206763,-0.40518,0.369362,-0.190431,-0.435822,-0.070093,-0.182695,0.269744,0.166245,0.150787,-0.299232,-0.356996,0.016705,0.307098,-0.117256,0.199334,-0.025684,0.044361,0.024779,0.133456,0.202981,0.369799,0.013404,-0.205858,0.160148,-0.384241,0.216083,0.205695,0.286513,0.069617,0.474378,-0.222058,0.006183,0.281619,-0.165058,0.155839,0.447972,0.310968,-0.497112,0.362851,0.16294,-0.389496,-0.33737,0.149246,0.02314,0.091055,0.163963,-0.065726,0.204256,-0.058177,#
19,-0.26093,-0.077232,0.012851,0.190771,-0.256183,-0.083624,0.01349,0.099366,0.238451,-0.332247,0.134399,-0.23199,0.061459,-0.274874,-0.201686,-0.132088,0.062015,0.133892,-0.095754,1.0,-0.007129,0.001287,-0.211178,0.601338,0.210397,0.076567,0.023613,0.038053,-0.112785,0.02505,0.314129,-0.095058,-0.127485,0.465671,-0.038451,0.00221,0.549531,-0.032919,0.118074,-0.132203,-0.068571,-0.204923,0.155714,-0.202347,0.177782,0.084962,-0.034312,-0.033651,-0.159135,-0.237623,-0.111347,0.468252,-0.27222,-0.176622,-0.130011,-0.213573,-0.022325,-0.32837,-0.182281,-0.042278,0.011335,-0.10266,0.266711,0.039746,0.029719,-0.339265,0.306135,-0.15233,-0.20133,-0.4599,0.076178,-0.358984,-0.183615,0.065717,-0.128622,0.011318,0.779327,0.232395,0.379095,0.341414,0.428483,0.182784,0.277678,-0.190561,0.171127,0.287484,0.014665,0.031894,0.172204,0.193022,0.179614,0.173114,0.395172,-0.004349,-0.176299,0.153032,-0.064557,0.114476,0.286082,0.101422,-0.101587,0.337618,0.080161,0.062316,0.263851,0.293959,-0.016095,0.184488,0.121045,-0.101798,0.096261,-0.05183,0.432436,0.230244,0.158354,-0.140069,0.341356,0.34263,-0.162014,0.009828,0.090576,0.185144,0.332955,0.293959,-0.140578,0.515853,0.215088,0.163642,-0.150229,0.510544,0.17907,0.203681,0.146161,0.000504,0.001708,0.170946,-0.230035,-0.016826,0.245443,-0.08187,0.069479,0.12988,0.435539,0.23909,0.144285,0.131112,0.07149,-0.193998,0.479713,0.217351,0.141668,0.272359,0.090375,-0.094087,0.340495,0.472424,0.308248,-0.21876,0.190197,0.281466,0.084155,0.261963,-0.030775,0.214691,0.26838,-0.107444,0.291084,0.109958,-0.029937,0.23332,-0.008114,0.187551,0.147636,-0.016507,-0.254903,-0.08187,-0.134769,0.012165,-0.028475,0.207726,-0.185639,-0.110302,-0.071424,-0.349845,0.02513,0.366982,-0.187361,0.452744,0.033161,-0.290536,0.272313,-0.017595,-0.108473,-0.288645,0.106588,-0.170846,0.068242,0.233477,-0.267594,-0.353815,#
20,-0.014898,0.100174,-0.001578,-0.102217,0.098269,0.163322,0.029036,-0.08758,-0.075778,0.1653,-0.180391,0.164419,0.21003,0.010419,-0.281953,0.049109,-0.067248,0.30029,0.120339,-0.007129,1.0,0.239805,-0.085431,-0.159815,0.001595,-0.085139,-0.187231,-0.145083,0.463143,0.181948,-0.110715,-0.000356,0.18851,0.132708,-0.268989,-0.13786,-0.384648,-0.369513,-0.346748,-0.037409,0.275567,-0.04139,-0.136875,0.243435,0.13108,0.097564,-0.332372,-0.162867,-0.345182,0.114177,0.071466,0.022193,0.091716,-0.216674,0.060116,0.315223,0.244958,-0.071505,0.256795,0.134531,0.225483,-0.152745,0.259621,-0.168378,0.177458,-0.07056,-0.079509,-0.242686,-0.153274,-0.084607,-0.263311,0.124751,0.071757,-0.186866,-0.301862,-0.132841,0.029237,0.059685,0.058486,0.078894,-0.14258,0.174882,0.217939,0.137467,0.232794,-0.273721,0.140823,-0.378963,-0.009506,-0.31923,-0.060862,-0.150165,-0.181572,-0.086369,-0.081609,-0.142351,-0.06446,-0.063597,-0.24494,0.399972,0.178054,0.28835,0.095219,-0.090626,-0.299503,0.010341,-0.356407,-0.306059,-0.226545,0.208616,0.033245,0.1653,0.228252,0.058762,-0.029475,-0.021555,0.185475,-0.176744,-0.069587,-0.119617,0.106702,-0.170616,-0.158443,-0.179155,0.111673,-0.327963,0.257707,-0.158192,0.100826,-0.2022,-0.381373,-0.013792,-0.035158,0.11441,-0.163783,0.110702,-0.126051,-0.281646,-0.083752,-0.326951,-0.309902,-0.032024,-0.085794,0.058351,0.157187,0.165408,-0.217616,0.076611,0.008228,-0.307518,0.284742,-0.39216,-0.09303,-0.134047,-0.155358,-0.279215,-0.250952,0.337285,-0.383284,-0.14745,-0.134486,0.037146,-0.33547,-0.017119,-0.36791,-0.09413,-0.131783,0.377443,0.329129,0.185561,-0.021647,0.190604,0.016714,0.294341,0.210296,-0.063472,0.150756,0.342566,0.087955,-0.23367,0.153944,0.089529,0.024543,0.119429,0.11282,-0.129411,0.119429,0.19041,0.069703,0.516009,0.135,0.064245,0.279624,0.028559,0.119729,0.068834,0.53276,0.265726,0.308822,0.026613,#
