0,1.0,0.277305,-0.220896,-0.188637,0.471408,0.198266,-0.299214,-0.112069,-0.29925,0.285243,0.452339,0.007078,0.331593,0.327327,0.096125,0.288852,0.030647,-0.336955,-0.113481,-0.224307,-0.051613,-0.183929,0.095329,-0.238378,-0.123589,-0.217918,0.224695,-0.197868,0.001192,0.398776,-0.533842,0.365695,-0.00449,-0.356025,0.089173,-0.190409,-0.244925,-0.117488,0.036391,-0.115025,-0.115888,0.124724,-0.415979,4.8e-05,-0.041812,-0.104426,0.007109,-0.065975,-0.159565,-0.095853,-0.059844,-0.078925,0.016179,-0.136848,0.368479,0.203198,-0.611176,0.329832,0.205425,-0.120207,0.129511,-0.151934,-0.329475,-0.400951,0.208129,0.131437,-0.158589,0.324097,0.125108,0.207272,-0.057438,0.205577,0.195985,-0.355674,-0.220222,0.166264,-0.341045,-0.090428,-0.042508,-0.414639,-0.188965,-0.166575,0.036449,-0.118129,-0.399866,0.00744,-0.301538,-0.030747,-0.209907,-0.222364,0.14328,-0.634037,-0.088864,-0.146901,-0.247881,0.236861,0.183205,-0.096058,-0.386408,-0.02614,0.019549,-0.533072,-0.20267,-0.012358,-0.218725,-0.123611,0.17003,0.026751,-0.151498,0.085159,-0.078792,-0.128649,0.180418,-0.326932,-0.444099,-0.015178,0.137109,0.112339,-0.111833,0.096352,-0.634163,-0.245095,-0.239772,0.108831,0.182879,0.002377,-0.271471,-0.082535,0.34577,-0.453844,-0.467853,-0.190377,-0.362531,-0.356053,-0.225148,-0.356128,-0.089072,-0.327083,-0.404927,-0.517135,-0.356046,-0.177831,-0.45381,-0.123787,0.132887,0.173756,-0.236054,0.131276,-0.095581,-0.326894,-0.581172,-0.054619,-0.299073,-0.091926,-0.238175,-0.326992,0.022966,0.031535,-0.271943,-0.490968,-0.20793,-0.191236,0.237116,-0.144506,-0.122492,0.325642,0.00744,0.308874,-0.38662,-0.356128,0.05983,0.032411,-0.386355,0.199195,0.434959,-0.151871,-0.218076,0.051073,0.345083,-0.029213,0.332189,0.126387,0.119304,0.357853,0.230277,-0.294967,0.127252,-0.32115,0.186433,0.147624,-0.500582,0.190952,0.337346,0.097489,-0.191428,-0.269911,0.157239,-0.474315,-0.141919,-0.061052,#
1,0.277305,1.0,-0.037727,-0.359468,0.266836,0.221769,0.016034,-0.454547,0.208941,0.533791,0.078517,0.195409,-0.084355,0.494627,0.188756,-0.245515,-0.28058,0.246203,0.033724,-0.031697,0.048441,0.030487,0.400097,-0.098062,-0.080643,-0.08045,0.25409,-0.257127,0.199417,0.423523,-0.511674,-0.183258,-0.020127,-0.283178,-0.300819,0.011083,-0.107862,-0.332076,-0.28063,0.060111,-0.069144,0.04841,-0.219026,0.167718,-0.16669,0.005754,0.181111,0.298563,-0.227213,0.315747,-0.377707,-0.536866,0.125698,-0.401144,0.128997,0.161202,-0.167809,0.338888,0.275448,0.11538,0.204111,0.378549,0.298093,-0.105937,0.08083,0.187079,-0.204132,0.024706,0.204956,0.181904,-0.23567,0.132897,0.106198,-0.290615,-0.305409,0.188485,-0.181015,-0.024542,-0.426361,-0.030058,0.022298,-0.448925,-0.347005,-0.050007,0.206281,0.022286,-0.297937,-0.383663,0.321194,-0.034183,-0.09651,-0.051678,-0.24929,0.288302,-0.03806,-0.183053,0.206074,-0.114587,-0.126161,-0.245084,0.258679,-0.160747,-0.030039,-0.163024,-0.30356,-0.068883,-0.060213,-0.72857,0.22981,-0.097165,0.151865,-0.165595,-0.294305,-0.037848,-0.277846,-0.035612,-0.301274,-0.192202,-0.029349,-0.358614,-0.049061,-0.315481,-0.130565,-0.262067,0.198842,-0.026962,0.231058,0.274147,0.260098,-0.383004,-0.102245,-0.245049,0.079291,-0.458304,-0.275698,-0.4584,-0.114652,-0.211901,-0.085013,-0.695797,-0.255379,-0.335656,-0.383866,-0.038954,-0.152475,-0.399549,0.063966,0.263231,-0.028948,-0.040298,-0.382389,-0.194373,-0.206316,-0.214538,-0.127941,-0.035367,0.184031,0.372818,-0.144985,-0.097044,-0.252502,-0.339316,0.022286,0.107605,0.204572,0.302491,-0.179371,-0.039255,-0.497649,-0.4584,-0.303645,0.144138,-0.330903,-0.177231,0.032968,-0.121974,-0.280702,0.356301,0.313251,-0.089643,0.491363,-0.062816,-0.154086,0.229005,0.36264,-0.238794,0.431475,0.029446,-0.283126,0.519077,0.045123,0.214462,0.312926,0.080622,-0.176495,-0.347424,-0.105608,-0.238952,-0.415338,-0.384211,#
2,-0.220896,-0.037727,1.0,0.416131,-0.108976,-0.248517,-0.219814,0.254084,-0.056836,-0.305629,0.048478,0.116398,-0.1641,-0.034364,-0.302593,-0.327205,-0.100135,0.264668,-0.399948,0.035095,-0.049338,0.058197,0.188223,0.137608,0.596113,0.366071,-0.408921,-0.262097,0.050907,-0.362281,0.336432,0.111839,0.092764,0.120842,-0.177709,0.190493,0.141661,0.054642,-0.12132,-0.17156,0.064633,-0.005016,0.006174,-0.352416,0.311031,-0.134541,-0.428344,-0.06815,0.030807,-0.060721,-0.138616,0.223092,0.140816,0.3937,-0.029476,-0.235328,-0.022998,-0.039535,-0.041333,-0.064029,0.128407,-0.1865,0.114948,0.045013,0.102028,0.283862,0.084247,0.117262,0.062692,0.074791,-0.042546,-0.488182,-0.14035,-0.010971,0.477221,0.028068,0.105518,0.064189,-0.043388,0.026027,0.443713,0.053202,-0.006749,0.040041,0.248422,-0.041558,0.211784,0.052146,0.133961,-0.089666,0.145736,0.020355,-0.139,-0.196622,-0.092878,0.002795,0.269877,0.414162,0.513605,0.186989,-0.180857,0.364362,0.197525,0.398567,-0.059228,-0.035649,0.110119,0.157394,0.036499,-0.066235,0.191936,0.010204,0.01963,0.220598,0.644791,0.217291,-0.107214,0.039485,0.020989,0.238101,0.2009,-0.017351,0.583287,0.128584,0.076698,0.03926,-0.119305,-0.251157,-0.196738,0.213335,-0.062873,-0.219852,0.332243,-0.045868,0.474921,-0.036205,0.185553,0.221409,0.233021,0.146046,0.138979,0.458009,0.052173,0.07828,0.251272,0.178316,0.011962,-0.286412,0.233287,0.045626,0.083725,0.117141,0.132441,0.045574,0.401149,0.036628,0.132741,0.123158,0.420871,0.281379,0.609187,0.303197,0.136949,0.121568,0.131971,0.116348,0.264968,-0.29788,0.207055,0.290242,-0.06957,-0.207425,0.012041,0.172286,-0.538322,0.415558,0.064017,-0.206586,-0.356519,-0.056119,-0.374912,-0.19374,-0.028314,-0.25696,-0.119056,-0.066238,-0.067959,-0.455999,0.339024,-0.222119,0.281234,-0.01985,0.14861,0.033251,0.073298,0.12322,0.025761,-0.155897,-0.196488,-0.210747,#
3,-0.188637,-0.359468,0.416131,1.0,-0.076367,-0.166252,-0.151665,0.473497,0.02481,-0.282996,0.26265,-0.019075,-0.107389,-0.464979,0.062212,-0.000826,0.132523,0.186362,-0.467847,0.113969,-0.014712,-0.183141,-0.229928,-0.054831,0.506086,0.326638,-0.500666,-0.105619,-0.082955,-0.141468,0.440015,0.335773,0.288368,0.038138,0.282792,0.220549,0.216844,0.079369,-0.085088,-0.028857,0.045375,-0.008646,-0.257937,-0.24088,0.515646,-0.24267,-0.35437,-0.283357,0.307029,-0.191971,0.366396,0.392008,0.018454,0.372498,0.0452,-0.142765,0.237172,-0.047871,-0.289793,-0.331201,-0.157044,0.099892,0.001253,-0.121199,-0.149515,0.117405,0.372117,-0.361417,-0.080909,-0.381717,-0.027717,-0.074881,0.118262,0.031548,0.426237,-0.034918,0.03486,0.117224,0.080134,0.130291,0.177359,0.331159,0.049568,0.117234,-0.266481,-0.454386,0.131221,-0.034321,0.058895,-0.027474,0.342657,-0.042295,0.283485,-0.289405,-0.034306,-0.254682,-0.214698,-0.036715,0.426668,0.298873,-0.232546,0.300174,0.304287,0.48419,0.073397,0.17693,0.050779,0.074015,0.284177,0.196082,-0.163692,-0.003311,0.204566,0.108137,0.208941,0.443941,0.298678,-0.016474,0.118375,-0.038223,0.133221,0.200424,0.3348,0.340284,0.141836,-0.031473,-0.229039,-0.090566,-0.358521,0.264435,0.055673,-0.187604,0.265748,0.009583,-0.130747,0.171973,-0.195936,0.08354,-0.227337,0.357535,0.011911,0.026492,0.261678,0.106022,-0.087478,0.08212,0.142725,0.004578,0.399901,0.105796,0.192427,0.066266,0.033769,-0.066541,0.341064,0.096956,-0.113392,-0.158499,-0.215216,0.209759,0.215456,0.369944,-0.105741,0.028224,0.049258,-0.464033,0.186231,-0.361225,0.262876,0.178217,-0.045651,-0.400578,0.10389,-0.111662,-0.168243,0.357535,-0.300347,-0.010616,-0.149933,-0.006571,-0.479702,0.163407,-0.279179,-0.307022,-0.060115,0.092904,-0.469082,-0.184881,0.324672,-0.450593,-0.223023,0.166358,0.010745,0.267178,-0.245126,0.124493,-0.23185,0.416665,0.182552,0.170158,#
4,0.471408,0.266836,-0.108976,-0.076367,1.0,0.301492,-0.102633,-0.180169,0.069825,0.060149,0.352448,0.191771,0.119336,0.299409,-0.013814,0.427398,-0.032582,-0.167976,0.203383,-0.271751,0.14402,-0.326621,0.496074,-0.162491,-0.060159,-0.226608,0.367221,-0.326942,0.244609,0.232149,-0.434024,0.301378,0.113882,-0.223664,-0.115055,-0.176338,-0.129113,-0.125207,0.172291,-0.112042,0.256123,-0.13995,-0.070831,0.072886,0.122192,-0.180581,0.001443,0.299232,0.058319,0.018304,0.091071,-0.061864,0.467965,-0.172108,-0.035206,0.316238,-0.351114,0.403663,-0.026193,0.150559,-0.188979,0.186826,-0.084418,-0.07166,0.347842,0.35213,-0.053637,0.308801,0.183565,-0.096112,-0.230163,0.234625,0.195614,-0.210625,-0.381265,0.26303,-0.175017,-0.367096,0.005107,-0.0843,-0.20598,-0.455832,-0.234706,0.526289,-0.261915,-0.055063,-0.144277,-0.470414,-0.164824,-0.304886,0.011009,-0.444317,-0.214238,0.080337,-0.27617,-0.064845,-0.090099,-0.401577,-0.312885,-0.001906,0.246373,-0.26167,-0.088333,0.300863,-0.38526,-0.274276,0.321735,-0.212984,-0.017837,0.40321,0.156045,0.060149,0.124581,-0.164749,-0.352398,-0.311979,0.04378,0.201037,0.327302,-0.464872,-0.261028,-0.494217,-0.300999,-0.264689,0.294846,-0.172165,-0.008054,0.022096,0.271408,-0.600268,-0.356322,-0.178866,-0.215018,-0.392003,-0.167122,-0.058482,-0.179608,-0.332237,-0.331178,-0.471107,-0.5559,-0.109202,-0.601617,0.085701,-0.040709,0.125505,-0.119447,0.49981,-0.333558,-0.34147,-0.174593,-0.219973,0.075634,-0.36895,-0.116562,-0.34421,-0.057696,0.430451,-0.24429,-0.360516,-0.280202,-0.410124,0.241624,-0.23703,-0.174138,0.134412,-0.203217,-0.070021,-0.1279,-0.223388,0.096958,0.245507,-0.315296,0.003316,0.575233,-0.218225,-0.234468,0.095103,0.233377,0.248416,0.622681,-0.10116,-0.335723,0.331642,0.025271,-0.00494,0.208381,-0.091651,-0.140784,0.29743,-0.187524,0.043791,0.562814,0.49614,-0.427406,0.14796,-0.039884,-0.175344,0.021006,0.045859,#
5,0.198266,0.221769,-0.248517,-0.166252,0.301492,1.0,0.219415,-0.186431,0.260336,0.137496,0.215134,-0.357602,0.291637,0.157587,0.017985,0.019143,0.290034,0.010422,0.194118,-0.028258,0.098796,0.214462,0.329415,-0.14783,-0.229086,-0.591517,0.108513,-0.283018,-0.059337,-0.08083,0.007008,0.165446,-0.097932,-0.040516,-0.220182,-0.29835,0.212907,-0.239693,0.099576,-0.462975,-0.020967,0.257982,0.102267,-0.019476,-0.302664,-0.377826,0.310173,-0.086823,0.319699,0.098786,0.179409,-0.17081,0.225214,-0.407791,0.103336,0.557673,-0.185048,0.428312,0.478983,-0.006884,0.25804,0.010174,-0.072873,-0.165251,0.092321,0.281314,-0.248491,0.186519,0.06784,0.13351,-0.139726,0.143836,0.040183,-0.557301,-0.352333,0.225374,-0.031511,-0.150019,-0.298365,-0.083772,-0.149707,-0.270433,0.005612,0.354712,-0.216298,0.007173,0.011926,-0.189111,0.210795,-0.184787,-0.057618,0.072985,-0.164702,0.474018,0.129156,-0.130188,0.268963,-0.296139,-0.093633,-0.067066,0.334458,-0.157457,0.083217,-0.251604,-0.144564,-0.384967,0.143456,-0.255513,-0.272716,-0.041043,0.144131,-0.201579,0.264597,-0.162479,-0.184065,-0.387697,-0.153463,-0.127485,0.179052,-0.22564,0.076665,0.203134,-0.248427,-0.404091,0.236981,-0.045446,0.344998,0.330844,0.33552,-0.360174,-0.151789,0.159163,-0.28278,-0.231163,0.011746,-0.383037,-0.139566,-0.335314,0.01989,-0.305271,-0.203897,-0.013696,-0.210772,-0.004967,0.184867,0.082556,-0.46167,0.402906,-0.208598,0.169886,-0.058675,0.087732,0.254995,-0.337541,-0.053854,-0.170792,0.0194,0.160581,-0.218529,-0.257163,-0.030348,-0.157002,0.017224,-0.047703,-0.025596,0.348441,0.176033,-0.06367,-0.28608,-0.383037,-0.137889,0.221758,0.221496,0.103727,0.290613,-0.315164,-0.3417,0.244456,-0.021371,0.088573,0.33768,0.137878,-0.182086,0.165048,-0.340845,-0.120864,0.165048,0.211353,-0.332759,0.187167,0.088253,-0.115539,-0.182738,0.094836,-0.158522,0.10583,0.060853,-0.008507,-0.026418,-0.107095,#
6,-0.299214,0.016034,-0.219814,-0.151665,-0.102633,0.219415,1.0,-0.373373,0.065357,-0.20216,-0.028934,0.054246,0.26291,0.12195,0.208996,-0.210644,0.312653,-0.180757,0.119253,-0.028576,0.101065,0.393814,-0.083079,-0.370863,-0.202903,-0.362705,0.018844,-0.106245,0.131435,-0.288197,0.027785,-0.258282,-0.339958,0.136621,-0.246715,-0.29921,0.215512,0.311823,-0.12806,-0.056311,-0.026404,0.284841,0.099434,0.243318,-0.082891,-0.050404,0.069935,-0.11101,0.302277,0.330362,-0.08077,-0.17491,0.007168,-0.510136,-0.251571,0.369036,0.159353,0.096081,0.189954,0.325067,0.002479,0.277352,0.35888,0.239046,-0.063224,-0.062605,-0.249207,-0.038494,-0.135408,-0.183851,0.353722,-0.023908,-0.253002,-0.197509,-0.312559,-0.142619,-0.030033,-0.136421,-0.29303,0.123039,0.031662,-0.2329,0.027445,0.194111,0.096932,0.374119,0.231572,-0.002361,0.063334,-0.173362,0.011108,0.304636,0.017474,0.486219,0.521682,-0.128677,-0.148855,-0.287687,0.089827,-0.020305,0.275813,-0.309851,-0.059992,-0.254088,0.063334,-0.006884,-0.082149,-0.238231,-0.075991,-0.038929,0.011303,-0.20216,-0.163009,0.028398,0.243683,-0.160802,-0.12403,-0.098409,0.177083,0.006101,0.309167,0.021941,-0.205412,-0.195938,-0.208652,0.311426,0.145206,0.331703,0.303739,0.000796,0.253856,0.393211,0.04167,0.329213,0.24786,0.155683,-0.139968,0.041905,-0.00802,0.281787,0.160658,0.30973,0.344493,0.281814,-0.037671,0.068526,0.201722,0.370189,0.088007,0.386884,0.151143,0.139365,0.248436,0.21876,-0.01207,0.210072,0.181286,-0.013067,-0.000939,0.2793,0.128812,0.051187,0.024859,0.154478,-0.012681,0.143408,0.20408,-0.269438,0.092299,-0.018034,0.043315,-0.0209,0.423345,0.15971,0.06725,0.005573,0.097608,-0.185163,-0.044475,0.156171,0.121598,-0.033389,0.171674,-0.029089,-0.18354,0.126494,0.158468,0.2155,-0.327859,-0.297312,0.197342,0.08874,-0.19736,-0.109194,0.129191,0.309007,-0.126905,0.196942,-0.13144,0.277674,#
7,-0.112069,-0.454547,0.254084,0.473497,-0.180169,-0.186431,-0.373373,1.0,-0.082764,-0.238591,-0.126091,-0.109595,-0.100483,-0.34645,0.116993,0.174627,0.031092,0.02882,-0.264924,0.088116,-0.10309,-0.000928,-0.358956,0.232135,0.630118,0.216169,-0.533043,-0.0043,-0.090392,-0.248892,0.467296,0.341201,0.221363,-0.045764,0.26179,0.250654,-0.077899,0.023048,0.438031,-0.047138,-0.15838,-0.219662,0.047505,-0.228967,0.444762,-0.197911,-0.186032,0.098468,0.083966,-0.663138,0.347573,0.339181,-0.086017,0.305646,-0.073731,-0.392423,-0.121689,-0.167567,-0.284429,-0.329938,-0.226591,-0.342174,-0.507432,-0.176308,-0.398785,-0.138053,0.409622,-0.196588,-0.088634,0.082211,-0.1211,-0.038589,0.195701,0.130551,0.490135,-0.056338,0.060412,0.057067,-0.056552,-0.002361,-0.012584,0.358861,-0.00364,0.099241,0.106751,-0.116089,0.000553,0.077698,0.12757,-0.019553,0.263132,0.061159,0.019998,-0.659726,-0.183183,-0.328227,-0.107605,0.131325,0.209963,0.273892,-0.034166,0.313934,0.419325,0.171109,0.119674,0.159548,0.022,0.31232,0.063711,-0.038419,-0.260946,0.065983,0.332287,0.07253,0.097638,0.42967,0.476896,-0.117686,-0.076365,0.119406,0.058266,0.323065,0.221832,0.505446,0.110734,-0.195253,-0.503465,0.083949,-0.596545,0.4037,-0.017635,-0.353069,-0.214601,0.169431,0.164061,0.169117,-0.165192,0.23347,0.346496,0.275586,-0.012184,0.191939,0.302344,-0.17228,0.111117,0.161376,0.099505,-0.352659,0.085423,0.085173,0.242004,0.226977,-0.260711,-0.117092,0.226921,0.251286,-0.087364,-0.332311,0.038142,-0.144643,0.280047,0.312333,-0.169211,0.123751,0.072841,-0.481554,0.15929,0.03761,0.387911,0.277915,0.084252,-0.317943,0.108029,-0.243585,-0.211699,0.016098,-0.209113,-0.351072,-0.400072,-0.348476,-0.491236,-0.008576,-0.217699,-0.272311,-0.245428,-0.23044,-0.272311,-0.313149,0.227509,-0.373754,0.139626,-0.039643,-0.182099,-0.306744,-0.197932,0.075897,0.126628,0.067602,0.287958,-0.039444,#
8,-0.29925,0.208941,-0.056836,0.02481,0.069825,0.260336,0.065357,-0.082764,1.0,0.113855,-0.23037,-0.128253,-0.29642,0.118011,-0.144838,-0.037372,-0.342578,0.286054,0.340932,0.291982,-0.131516,-0.015284,0.412777,0.147307,0.116682,-0.250283,0.041519,-0.326582,-0.032427,0.098279,0.178329,-0.234664,-0.096993,-0.051714,0.065178,0.404763,0.387628,-0.328593,0.286698,-0.265339,0.156099,-0.100009,-0.092495,-0.003042,-0.147082,-0.044037,0.200223,0.256505,0.072451,-0.066768,0.119981,-0.208691,0.204437,-0.073633,-0.243899,-0.178138,0.170018,0.025115,-0.180315,-0.08226,0.243161,0.243704,0.182839,-0.042926,-0.189606,0.123754,0.237109,-0.105816,0.004875,0.037498,-0.228173,-0.173914,-0.253033,-0.052341,-0.188121,0.168183,0.307926,-0.166154,-0.104107,0.084662,0.17321,-0.105036,-0.152909,0.18686,0.246091,0.000859,0.011383,-0.206723,0.387433,0.119243,-0.318851,0.059074,-0.17392,0.121689,-0.05388,0.004097,0.245844,0.010858,0.232884,0.130452,0.013606,0.174464,-0.286944,0.317008,0.193971,-0.05052,-0.2732,-0.180745,0.396708,-0.04146,0.330049,-0.202185,0.033593,-0.351443,0.005348,-0.050926,0.028317,-0.159199,0.225378,-0.594291,0.240949,-0.184413,-0.049266,-0.224852,0.053881,0.105067,0.315388,0.227567,-0.077574,-0.039625,0.00051,-0.079894,0.086849,-0.385238,-0.182312,-0.213951,-0.139985,-0.163933,0.141934,-0.076464,-0.219827,-0.270522,-0.213675,-0.273002,-0.250999,-0.441944,-0.073802,0.142236,-0.203958,-0.17392,0.138967,-0.128313,0.248524,-0.33766,0.14751,0.177763,0.138006,0.322307,0.135901,0.222836,-0.126743,0.011025,-0.164508,0.129753,0.299475,-0.237007,0.00775,-0.136085,-0.098726,0.131787,-0.086338,0.113242,-0.111118,-0.107653,-0.145955,-0.076464,-0.342726,0.176844,0.271508,0.350925,0.098525,-0.065761,-0.393895,-0.061384,-0.058329,0.283982,0.114417,0.182427,-0.251094,0.123662,0.044485,-0.137545,-0.239277,0.209998,-0.390185,0.123883,-0.1678,0.231063,0.173351,-0.263958,#
9,0.285243,0.533791,-0.305629,-0.282996,0.060149,0.137496,-0.20216,-0.238591,0.113855,1.0,-0.181226,0.222846,0.070853,0.365687,0.094584,0.086883,-0.147276,0.232333,0.23168,-0.306535,0.13392,-0.280683,0.218212,-0.185244,-0.240518,-0.185244,0.152704,-0.156626,0.009889,0.420572,-0.360683,-0.07705,-0.146167,-0.240544,0.038419,0.269475,-0.16548,-0.346736,-0.147302,0.129195,-0.239041,0.133835,-0.427412,0.267237,-0.200417,0.142096,0.214042,0.135506,-0.448527,0.17536,0.196455,-0.673493,0.19096,-0.088828,0.254433,0.013126,0.124845,0.204284,0.146187,-0.239312,0.095807,0.356401,0.12091,-0.419617,-0.100596,0.029247,-0.107148,-0.051024,-0.012146,0.08641,-0.27791,0.350081,0.378338,0.01954,-0.18985,0.071886,-0.392585,-0.220977,-0.240539,-0.128373,-0.282932,0.142446,-0.283038,-0.220923,0.053767,-0.282781,-0.360725,-0.306449,0.123883,-0.053796,-0.366512,-0.1587,-0.220862,0.044605,0.226103,-0.031627,0.053713,-0.102529,-0.261071,-0.041319,0.168516,-0.101544,-0.128293,-0.183728,-0.188983,-0.240563,-0.345363,-0.501889,-0.004429,-0.240444,0.089656,-0.08692,-0.291611,-0.220887,-0.471834,0.228542,-0.360635,-0.479548,-0.220519,-0.411723,-0.157805,-0.165595,-0.523473,-0.240563,0.067287,-0.306449,0.102314,0.122862,0.11676,-0.306634,0.123883,-0.128625,-0.052495,-0.240563,-0.471576,-0.240613,-0.06018,-0.220989,-0.313734,-0.405813,-0.240558,-0.341977,-0.306611,-0.32455,-0.443768,-0.615514,-0.22877,0.310124,-0.294822,-0.220862,-0.392661,-0.587636,-0.202064,-0.220978,-0.523546,-0.220928,-0.007104,0.298701,-0.226898,-0.077644,-0.483364,-0.283038,-0.282781,0.047978,0.166775,0.070518,-0.282781,0.149788,-0.261215,-0.240613,-0.159691,0.177869,-0.261035,-0.241302,0.125178,0.022573,-0.14734,0.530014,0.371496,-0.378433,0.367849,0.364029,-0.082794,0.232606,0.289865,-0.273266,0.232606,0.189638,-0.113315,0.660901,-0.076532,-0.195564,0.071194,0.350865,0.005449,-0.182362,-0.045568,0.041239,-0.027042,-0.201671,#
10,0.452339,0.078517,0.048478,0.26265,0.352448,0.215134,-0.028934,-0.126091,-0.23037,-0.181226,1.0,-0.110591,0.397093,0.088858,0.285731,0.032696,0.405516,-0.277709,-0.212494,0.068555,-0.069441,-0.051643,0.144961,0.009414,0.022451,-0.064963,0.044243,-0.013345,-0.254624,0.123521,-0.232019,0.428765,0.001751,0.017325,0.167375,-0.268226,0.095741,0.281686,-0.06103,0.023386,-0.02557,-0.088967,-0.176214,-0.085904,0.158451,-0.592072,-0.19821,-0.12897,0.107039,-0.152834,0.04855,0.279558,-0.129289,-0.071827,0.336273,0.205766,-0.578931,0.107899,0.044537,0.100273,-0.106307,0.327192,-0.208918,0.041564,0.235574,0.154934,-0.223401,0.076411,0.119687,-0.411358,0.319019,-0.186581,-0.226803,-0.307732,-0.049113,0.195088,-0.088191,0.028368,-0.153935,-0.297258,-0.025226,-0.381688,0.07655,0.119737,-0.713964,0.101377,-0.271832,-0.112772,-0.348201,-0.296484,0.212227,-0.355042,0.067018,0.06494,-0.251723,0.13815,0.011832,-0.012334,-0.037654,-0.186368,-0.044265,-0.234882,0.05277,-0.031356,-0.046087,-0.221317,0.24984,-0.108468,-0.226009,0.210885,0.101988,-0.181226,0.007935,0.062176,-0.210088,-0.358726,0.119256,0.170707,-0.137531,0.069833,-0.353263,-0.114718,-0.111563,-0.021139,0.216287,0.196121,0.034689,-0.07232,0.143461,-0.307822,-0.209485,-0.005876,-0.289826,-0.176388,0.003279,-0.172643,-0.125474,-0.321282,-0.251645,-0.082435,-0.302526,0.032729,-0.123744,-0.057974,-0.130499,0.059467,-0.118224,0.220803,-0.007895,-0.080575,-0.304563,0.056788,-0.025512,-0.17723,-0.108591,-0.142132,0.326247,-0.053256,-0.043438,0.004358,0.051025,-0.119531,0.307084,-0.187312,-0.221866,0.269839,0.164671,-0.17989,-0.219554,-0.363938,0.150161,0.239773,-0.040315,0.079193,0.153308,-0.070269,-0.307199,0.102361,0.022153,0.390853,0.275264,-0.165309,0.262297,0.125233,0.010581,-0.107655,-0.017754,-0.036917,0.312531,-0.261288,-0.232138,0.120447,0.157088,0.173071,-0.153606,-0.190066,-0.016704,-0.333074,-0.256132,-0.082403,#
11,0.007078,0.195409,0.116398,-0.019075,0.191771,-0.357602,0.054246,-0.109595,-0.128253,0.222846,-0.110591,1.0,-0.181702,0.204284,0.231616,0.317193,-0.362149,-0.068591,-0.02372,-0.259117,0.199788,-0.335506,0.088337,-0.365384,0.108094,-0.021603,0.272375,-0.427538,0.343722,0.224049,0.015132,0.00055,-0.251512,-0.047153,-0.06888,0.048037,-0.476748,0.220718,-0.112831,0.397746,0.079404,-0.204109,-0.196312,-0.018655,0.378705,0.13478,-0.141107,-0.003176,-0.452823,0.183761,0.096178,-0.32406,0.190302,0.204408,-0.415183,-0.044496,0.105055,-0.237197,-0.261598,-0.126101,-0.22964,0.272335,0.176391,0.141501,-0.065122,-0.1887,0.232982,0.141637,-0.010285,-0.096083,0.129945,0.290347,0.262609,0.195101,-0.043094,0.119312,-0.28856,-0.327559,-0.097682,-0.163546,-0.056646,-0.114957,0.166191,-0.07141,0.249256,0.076792,-0.381615,-0.390209,0.052473,-0.430617,0.011059,-0.067349,0.059061,-0.171669,-0.212537,-0.095899,-0.306541,-0.100201,-0.360731,0.227625,-0.041349,0.202187,-0.03327,0.170609,-0.231487,-0.272496,-0.276443,-0.20288,-0.002974,-0.024467,-0.277456,0.209636,-0.332708,0.273386,0.019279,0.045193,-0.017732,-0.151564,0.055755,-0.315549,-0.257831,-0.295665,-0.186437,-0.136197,0.222368,-0.12201,-0.184716,-0.224006,0.156318,-0.245472,0.026789,-0.205582,0.203284,-0.059903,-0.172353,-0.043924,0.163436,-0.090663,-0.190283,0.001641,-0.340073,0.062688,-0.271387,-0.015876,-0.090523,-0.166373,0.221681,0.300546,-0.066144,-0.095877,0.090295,-0.358059,-0.127062,-0.122672,-0.208191,-0.121399,-0.126351,0.465015,-0.092676,-0.001543,-0.037478,-0.004685,0.070015,-0.043322,0.149967,-0.159407,-0.447518,0.115513,0.175091,-0.220869,-0.030072,-0.104891,-0.220033,-0.314357,0.022466,0.565639,-0.081556,-0.036126,-0.053325,-0.224609,0.003013,0.102839,-0.145773,0.07277,0.256311,0.130871,0.134002,-0.156912,0.078785,0.065518,-0.026013,-0.005382,0.284046,0.377969,-0.238251,-0.003099,-0.155216,-0.066252,0.055657,0.390074,#
12,0.331593,-0.084355,-0.1641,-0.107389,0.119336,0.291637,0.26291,-0.100483,-0.29642,0.070853,0.397093,-0.181702,1.0,0.162775,-0.12589,0.02212,0.594343,-0.341466,0.023454,0.035893,0.253344,-0.033147,-0.049614,-0.190036,-0.13377,-0.253806,-0.151486,-0.138745,0.062499,-0.059741,-0.148679,0.308538,-0.278614,-0.055738,-0.274945,-0.382015,0.065898,-0.043977,0.144293,-0.301979,-0.239331,0.444809,-0.236691,-0.087123,0.073582,-0.088187,-0.099795,-0.19215,-0.027667,-0.094212,0.014476,-0.047443,0.053301,-0.200917,0.420116,0.136736,-0.369699,0.052988,0.191847,0.106297,0.048458,-0.05508,0.058958,-0.351131,0.048476,-0.039679,-0.318173,0.070271,-0.015663,-0.217045,0.223847,0.02157,-0.039286,-0.230057,-0.377251,-0.052899,-0.009375,-0.041715,0.043814,-0.215684,-0.187248,-0.10653,0.103783,0.159856,-0.295125,0.133867,0.019968,-0.09501,-0.139217,-0.429797,0.326596,-0.24915,-0.110115,0.143711,0.384343,0.030859,-0.064343,-0.104735,-0.172197,-0.178564,0.159751,-0.303446,0.064614,-0.403185,-0.163749,-0.110767,0.013063,0.036535,-0.466526,-0.186171,0.267546,-0.258107,0.170176,-0.1652,-0.012867,-0.171577,0.032248,0.001433,-0.174725,0.137291,-0.109893,-0.115295,-0.483649,0.038449,-0.11316,0.188394,-0.145215,0.276333,0.240403,-0.140472,0.01542,0.527404,-0.318678,0.078714,0.178635,-0.063029,-0.178704,-0.350437,-0.115911,-0.179224,-0.057696,0.376278,0.167188,0.094735,-0.085491,0.266386,-0.096171,0.323336,-0.06731,-0.139221,-0.228976,0.023568,-0.049188,-0.17459,-0.294505,-0.214064,0.449749,-0.029411,-0.050937,-0.036307,0.166452,-0.103087,0.01451,-0.110249,-0.136506,0.185607,0.30432,-0.094885,0.128015,-0.103771,0.32033,0.275262,0.1828,0.431392,0.33971,-0.188821,-0.007267,0.141887,0.29549,-0.032669,0.344463,-0.017984,0.327071,0.074105,-0.081357,-0.118661,0.208041,0.237403,0.203422,-0.106156,0.219943,0.068564,-0.044607,-0.07165,0.198076,0.127183,0.23857,-0.131911,-0.214141,0.101809,#
13,0.327327,0.494627,-0.034364,-0.464979,0.299409,0.157587,0.12195,-0.34645,0.118011,0.365687,0.088858,0.204284,0.162775,1.0,0.123253,0.221151,0.001223,-0.052112,0.30805,-0.20774,-0.059642,0.014542,0.418443,-0.116068,-0.180708,-0.306869,0.349623,-0.354116,0.157801,0.128508,-0.529171,-0.050205,-0.404377,-0.013961,-0.245421,0.088142,-0.075832,0.043601,0.002292,0.02778,-0.165854,0.184065,-0.152228,0.295936,-0.246095,-0.203227,0.017652,0.365695,-0.307371,0.234007,-0.106919,-0.526058,0.306634,-0.288928,-0.110538,0.004727,-0.360521,0.391618,0.410056,0.203714,0.264307,0.20404,-0.081138,-0.010359,0.013145,0.335948,-0.110626,0.1378,0.38509,0.194216,0.128029,-0.123163,-0.029287,-0.010975,-0.058914,0.235052,-0.087419,-0.431267,-0.419678,-0.145052,0.02771,-0.336869,-0.144414,0.050763,0.094556,0.185666,-0.329963,-0.189835,-0.075848,-0.195864,-0.230333,-0.348932,-0.123743,0.147206,-0.052436,0.178752,0.315136,-0.003386,-0.070116,-0.225549,0.416566,-0.371036,-0.501406,0.019719,0.116247,-0.318567,-0.167362,-0.245721,0.079881,-0.014461,0.215193,0.07449,-0.120641,-0.106978,-0.053926,-0.04246,-0.498275,-0.083976,-0.121523,-0.237811,-0.168217,-0.458125,-0.309034,-0.32537,-0.247336,-0.047121,0.002906,0.10277,0.388241,-0.347969,-0.254102,0.069077,-0.238795,-0.495448,-0.046974,-0.324541,-0.166491,-0.25587,-0.020052,-0.247655,-0.320543,0.073516,-0.507781,-0.405595,-0.03398,-0.260764,-0.338189,0.295576,-0.547462,-0.107101,-0.436377,-0.42228,0.291339,-0.260358,-0.127572,-0.100586,0.33388,0.315652,0.239453,-0.123479,0.031749,-0.452433,0.509449,0.1634,0.068286,0.50947,0.017239,0.000795,-0.240932,-0.162011,-0.224643,0.285025,-0.255694,-0.004884,-0.020377,-0.256843,0.000659,0.117748,0.314051,0.185827,0.661634,-0.317063,-0.041709,0.437671,0.131735,-0.255242,0.613151,-0.03701,-0.181455,0.323103,0.094762,-0.202554,0.017851,0.259944,-0.152984,-0.145386,-0.145641,-0.322113,-0.384109,-0.368909,#
14,0.096125,0.188756,-0.302593,0.062212,-0.013814,0.017985,0.208996,0.116993,-0.144838,0.094584,0.285731,0.231616,-0.12589,0.123253,1.0,0.217132,0.252583,-0.272429,-0.074569,-0.284147,-0.15759,-0.002992,-0.113585,-0.283691,-0.108058,0.034664,0.105719,0.127724,-0.120662,0.172062,-0.256366,0.152815,-0.248247,-0.272902,0.223109,-0.085128,-0.223521,0.313024,0.070144,0.572073,-0.294474,-0.06793,-0.174201,0.039083,0.03555,-0.373657,0.107166,0.000579,0.096129,-0.122832,0.144335,-0.166452,-0.219803,-0.122091,-0.031641,0.251849,-0.167386,0.088213,0.156995,0.137296,-0.25628,0.518527,-0.321253,0.127319,-0.423711,-0.130245,0.012472,-0.165299,0.287434,-0.191495,0.361076,0.324861,-0.024867,0.066941,0.243374,0.250508,-0.485175,-0.059657,-0.697058,-0.17278,-0.206066,-0.25929,-0.1081,0.136067,-0.359183,-0.032153,-0.433146,-0.120824,-0.093495,0.029975,-0.010629,-0.033925,0.078654,-0.080379,-0.106253,-0.257578,-0.167315,-0.2133,-0.31155,-0.162294,0.179801,-0.098761,0.178782,-0.141246,0.077301,-0.11785,-0.066265,-0.423725,0.147127,0.045736,-0.613525,0.082035,-0.41136,0.143199,-0.459948,0.021393,0.06855,-0.393357,-0.118902,-0.073965,-0.207255,0.142442,-0.209102,0.011629,0.218195,-0.139992,-0.114936,0.160417,0.077842,-0.25767,-0.072259,-0.324259,-0.274145,-0.113371,-0.264437,-0.263391,-0.151712,-0.191642,-0.13265,0.231929,-0.251805,-0.27665,0.060907,-0.260248,-0.368678,-0.349207,0.174523,0.123402,-0.170445,0.296304,-0.144525,-0.079908,-0.342597,-0.230858,-0.205745,0.147772,-0.023398,-0.084584,-0.338428,-0.163797,-0.226384,-0.08417,0.098198,-0.081309,-0.121075,-0.06389,-0.232509,0.002756,-0.165597,-0.606575,0.023716,-0.267696,-0.184664,-0.467546,0.007071,-0.035339,-0.371438,-0.020029,-0.126097,6e-05,0.105495,0.009186,0.194512,0.193261,0.046444,-0.12191,0.251429,-0.072759,0.019517,-0.100274,-0.234557,0.326802,-0.120805,-0.015829,-0.297301,-0.097706,-0.229313,-0.115687,-0.021936,0.125953,#
15,0.288852,-0.245515,-0.327205,-0.000826,0.427398,0.019143,-0.210644,0.174627,-0.037372,0.086883,0.032696,0.317193,0.02212,0.221151,0.217132,1.0,0.010095,-0.239165,0.179819,-0.206447,0.139004,-0.459932,0.109014,-0.290894,-0.173006,-0.166794,0.36302,-0.210615,0.326162,0.282031,-0.179358,0.433905,-0.286303,-0.157543,0.250713,0.087719,-0.268897,0.007245,0.426591,0.294114,-0.014871,-0.083775,-0.111573,0.0246,0.116751,-0.054128,-0.064715,0.17824,-0.211867,-0.229836,0.458083,-0.117312,0.146031,0.102244,-0.282673,0.10375,-0.070544,-0.017493,-0.062534,-0.103842,-0.220836,-0.045875,-0.367409,-0.122734,0.061444,0.031783,0.440351,0.119682,0.360774,-0.231361,-0.123475,0.279662,0.221439,0.182111,-0.063448,0.234541,-0.070241,-0.316029,0.149749,0.043138,-0.127174,0.001033,0.146867,0.094347,-0.303852,-0.137536,-0.373198,-0.233018,-0.22171,-0.068946,-0.017688,-0.500398,0.019489,-0.167077,-0.356482,0.007316,-0.119668,-0.15176,-0.392195,0.097502,0.18935,-0.158065,-0.138114,0.193109,0.117554,-0.21552,0.043867,0.096415,-0.099613,0.158219,-0.321676,0.376043,0.090766,-0.100179,-0.402676,-0.068952,0.127369,0.182102,-0.135834,-0.374054,-0.484014,-0.087744,-0.352233,-0.056015,0.128726,-0.248739,-0.309853,-0.099873,0.116318,-0.207327,-0.22171,-0.144524,-0.240065,-0.33554,-0.396582,0.004415,-0.165409,-0.28053,-0.403685,0.009243,-0.502594,-0.009549,-0.210123,-0.211619,-0.068415,0.168587,-0.360299,0.344923,-0.374372,-0.280369,-0.059683,-0.468303,-0.023623,-0.479233,-0.164817,-0.110698,-0.287265,0.19959,-0.289043,-0.420068,-0.33956,-0.178636,0.164931,-0.161339,-0.069608,-0.117837,-0.446183,0.216838,0.10588,-0.15698,0.139213,0.122654,-0.400458,-0.039919,0.293851,-0.000261,-0.195706,0.1259,0.13007,0.049802,0.204122,-0.035366,-0.243162,0.260646,0.101853,-0.046158,0.134983,0.015284,0.028896,0.110666,-0.20732,-0.076097,0.151334,0.410973,-0.202284,0.037357,0.040423,0.051405,0.201109,0.099352,#
16,0.030647,-0.28058,-0.100135,0.132523,-0.032582,0.290034,0.312653,0.031092,-0.342578,-0.147276,0.405516,-0.362149,0.594343,0.001223,0.252583,0.010095,1.0,-0.439895,-0.03554,-0.097003,0.102892,0.147752,-0.078936,-0.139137,-0.177426,0.109474,-0.077125,0.110831,-0.142624,-0.136244,-0.172602,0.152672,-0.247663,0.022041,-0.036248,-0.217978,0.219082,0.244722,-0.024035,-0.11606,-0.405026,0.334946,-0.109013,-0.106123,0.111581,-0.301708,-0.101822,-0.287825,0.371726,-0.007107,0.023452,0.24411,-0.280651,-0.150141,0.432255,0.286844,-0.185211,0.221905,0.416041,0.209184,-0.1306,0.139754,-0.143853,0.088867,0.044619,0.19098,-0.18155,-0.218988,0.258716,-0.364844,0.27339,0.058446,-0.184315,0.010625,0.115618,0.16291,-0.223245,-0.156556,-0.228833,-0.062973,-0.267828,-0.03382,-0.052569,0.248749,-0.547999,-0.093649,0.038507,0.073279,-0.314316,-0.09375,0.201168,-0.036183,0.064066,0.222059,0.319809,0.117679,-0.020163,-0.214752,-0.014729,-0.296398,0.298638,-0.166651,0.133207,-0.311305,-0.127654,-0.193604,0.083186,-0.006721,-0.225974,-0.028109,-0.043539,-0.147276,-0.023326,-0.153683,-0.088547,-0.083898,-0.011824,-0.229724,0.028737,0.180961,-0.03382,0.221471,-0.138993,0.028322,-0.324613,-0.099467,-0.070179,0.257299,0.316872,-0.097661,-0.10713,0.342893,-0.237887,0.222948,0.106961,0.005774,-0.101968,-0.155168,-0.102242,0.20899,0.01795,0.229274,0.309241,-0.063789,-0.144471,0.162229,-0.156556,0.048284,-0.007768,0.291328,-0.233542,0.019084,0.114225,-0.157936,-0.136731,-0.152278,0.126966,-0.077597,-0.182741,0.060396,0.041447,-0.052569,0.117805,-0.188476,-0.441032,0.22236,0.33709,-0.058791,-0.026182,-0.191156,0.227912,0.094469,0.203556,0.258169,0.097165,-0.383805,0.009513,0.215216,0.029606,0.266603,0.21914,0.039452,0.396912,0.201081,-0.091088,0.047772,0.201081,0.028324,0.202256,-0.181982,0.149832,0.117774,-0.178899,-0.011666,0.070922,0.157808,0.027253,-0.026448,-0.227122,0.08146,#
17,-0.336955,0.246203,0.264668,0.186362,-0.167976,0.010422,-0.180757,0.02882,0.286054,0.232333,-0.277709,-0.068591,-0.341466,-0.052112,-0.272429,-0.239165,-0.439895,1.0,-0.069797,0.239421,0.175774,0.040232,0.166666,0.329218,0.047864,-0.05607,-0.103954,0.142595,0.13695,-0.188373,0.199944,-0.243252,0.2274,0.284985,-0.049972,0.273702,0.169929,-0.299566,-0.304944,0.010494,0.113097,-0.134409,0.18857,0.256429,-0.092277,0.073025,0.096128,0.082865,-0.177438,0.149868,0.257474,-0.155915,0.233973,-0.161437,-0.303771,0.017394,0.396691,0.139067,0.104202,-0.071628,0.227585,-0.01373,0.23954,-0.130526,0.044494,0.05897,0.201208,-0.041448,-0.34829,0.091341,-0.309059,-0.292095,0.290986,-0.093645,0.043581,-0.283154,0.272235,0.250857,0.011089,0.547991,0.52874,0.339969,-0.10445,-0.13203,0.293868,-0.30088,0.227941,-0.02665,0.431573,0.245454,-0.295528,0.172045,0.046069,-0.052385,0.136018,-0.150136,-0.152873,0.38795,0.467645,0.238726,0.168288,0.369121,0.202546,0.226314,0.248925,0.247005,-0.23461,-0.236916,0.272111,0.118722,0.281092,0.220122,0.092059,0.423894,0.239279,0.232154,-0.138117,0.064735,-0.306412,-0.112082,0.531077,0.035419,0.110809,-0.291718,0.257106,-0.074106,0.484129,0.076226,-0.251362,0.43264,0.251885,-0.093217,0.094087,-0.229616,-0.108442,0.24555,-0.270652,0.178043,0.134404,-0.064629,0.288272,-0.079668,0.10045,0.009492,0.005209,-0.219768,-0.278121,-0.116279,0.088784,0.046069,0.128079,-0.189887,0.156141,0.055669,0.118341,0.169884,0.039617,-0.16852,0.138184,0.310496,0.124214,0.203809,-0.262481,0.273849,0.456614,-0.045286,0.057508,-0.244306,0.007434,0.409388,-0.242086,-0.055974,0.008405,-0.17491,-0.186554,0.185459,-0.030526,0.219068,-0.244181,-0.275353,-0.232511,0.234153,-0.34961,-0.546766,-0.080843,-0.235576,-0.369874,0.248009,-0.161273,0.310064,0.212087,-0.201861,0.081874,0.12559,0.178082,-0.084483,-0.079914,0.398998,0.050951,-0.384393,#
18,-0.113481,0.033724,-0.399948,-0.467847,0.203383,0.194118,0.119253,-0.264924,0.340932,0.23168,-0.212494,-0.02372,0.023454,0.30805,-0.074569,0.179819,-0.03554,-0.069797,1.0,-0.081861,0.130273,0.046246,0.389059,0.112789,-0.275701,-0.454845,0.359864,0.056449,-0.206522,0.175288,-0.147182,-0.38991,-0.2391,0.229988,-0.203406,-0.112955,0.027062,-0.350063,0.181711,-0.128417,-0.082568,-0.140944,0.027427,0.366876,-0.439787,-0.146803,0.293348,0.342841,-0.233807,0.092556,0.100714,-0.130749,0.404512,-0.29397,-0.122171,0.062015,0.063396,-0.243846,0.03189,0.441512,-0.228611,0.280646,-0.153635,-0.098647,0.036223,-0.058025,-0.286865,0.124535,-0.005435,-0.085268,0.044238,0.037676,-0.00149,0.456414,-0.283136,0.140395,-0.057784,-0.339209,0.013897,0.148117,-0.319621,-0.207628,-0.306851,0.367538,0.085559,0.049187,-0.315305,0.082022,-0.18345,-0.215661,-0.332763,-0.194886,-0.009325,0.282017,0.045969,0.051764,-0.079175,-0.285203,-0.202532,0.048937,0.081454,0.030248,-0.207352,0.067136,-0.122193,-0.422064,-0.209803,-0.132087,-0.035646,0.22495,0.324303,-0.061158,-0.160615,-0.187019,-0.31516,-0.413868,-0.163796,0.031512,0.056049,-0.416473,-0.214115,-0.364026,-0.425097,-0.565965,-0.292482,-0.257746,0.243209,0.055673,-0.000421,-0.262681,0.040878,0.073469,-0.276808,0.073976,-0.128815,-0.100167,0.193549,-0.295249,-0.064973,-0.074412,-0.099926,0.006577,-0.413662,-0.335098,-0.308779,-0.223253,-0.276581,0.325388,-0.390476,-0.163313,0.270824,-0.419355,0.321718,-0.158496,-0.44653,-0.132443,-0.151986,0.257072,0.130552,0.126429,-0.306992,-0.344887,0.03715,0.247538,-0.121026,0.134805,-0.006109,0.04059,0.115128,0.070091,0.220729,0.32757,-0.058183,-0.173369,0.277403,-0.364792,0.18019,0.221274,0.282222,0.050465,0.470788,-0.297063,-0.038624,0.346349,-0.193964,0.197263,0.516303,0.384462,-0.434689,0.330294,0.180671,-0.377968,-0.249671,0.138584,0.084641,0.229423,0.2308,-0.034368,0.258738,-0.049969,#
19,-0.224307,-0.031697,0.035095,0.113969,-0.271751,-0.028258,-0.028576,0.088116,0.291982,-0.306535,0.068555,-0.259117,0.035893,-0.20774,-0.284147,-0.206447,-0.097003,0.239421,-0.081861,1.0,-0.047953,0.077648,-0.195695,0.616213,0.274533,0.053231,-0.008595,-0.013899,-0.119241,-0.01561,0.331668,-0.063031,-0.086924,0.462106,-0.13893,-0.029074,0.536291,-0.066957,0.074288,-0.228926,-0.003106,-0.149155,0.187382,-0.239988,0.123895,0.086225,0.092678,0.019684,-0.123022,-0.250029,-0.130113,0.436625,-0.225463,-0.174011,-0.201496,-0.29604,-0.030256,-0.305785,-0.045608,-0.067668,0.11444,-0.189872,0.28125,0.045962,0.016783,-0.302925,0.333389,-0.092642,-0.163624,0.037622,0.036777,-0.440384,-0.152878,-0.032766,-0.071533,-0.013199,0.78618,0.223382,0.33963,0.370766,0.432552,0.216222,0.283325,-0.297338,0.238157,0.292578,0.041842,0.045592,0.29929,0.203681,0.152298,0.207195,0.387848,-0.029085,-0.250636,0.159099,0.030153,0.21174,0.355339,0.184099,-0.045497,0.354862,0.025948,0.035497,0.29929,0.290257,-0.047114,0.227688,0.191239,-0.199297,0.177742,-0.027859,0.468856,0.220565,0.285749,-0.125379,0.351856,0.320019,-0.101009,0.046394,0.206592,0.156662,0.370923,0.290257,-0.164429,0.522726,0.263657,0.240654,-0.162748,0.517338,0.128701,0.237414,0.126802,-0.023337,0.130006,0.141796,-0.212233,0.043406,0.30228,-0.108797,0.1345,0.09826,0.359378,0.207919,0.240775,0.121948,0.028442,-0.258018,0.445471,0.207836,0.081912,0.321212,0.144793,-0.106418,0.377736,0.529603,0.305533,-0.225333,0.237146,0.282696,0.127922,0.267735,-0.023359,0.278779,0.292312,-0.038751,0.296152,0.140362,-0.118497,0.297338,-0.068948,0.231601,0.217743,-0.05291,-0.365758,-0.108797,-0.093844,-0.043794,-0.050687,0.203548,-0.203776,-0.040253,-0.056027,-0.405611,0.022094,0.327106,-0.244135,0.383964,-0.043843,-0.248801,0.256588,-0.0532,-0.201673,-0.300293,0.054338,-0.300763,0.005282,0.199637,-0.315399,-0.376474,#
20,-0.051613,0.048441,-0.049338,-0.014712,0.14402,0.098796,0.101065,-0.10309,-0.131516,0.13392,-0.069441,0.199788,0.253344,-0.059642,-0.15759,0.139004,0.102892,0.175774,0.130273,-0.047953,1.0,0.149493,-0.076032,-0.235379,-0.06815,-0.049678,-0.149471,-0.087545,0.481234,0.240546,-0.160332,-0.01462,0.139094,0.108224,-0.156606,-0.129953,-0.381557,-0.324255,-0.339643,0.08453,0.19598,-0.097868,-0.198446,0.28601,0.199749,0.074429,-0.45491,-0.191359,-0.365347,0.136621,0.101279,0.05129,0.040288,-0.222773,0.133556,0.391723,0.251884,-0.10612,0.133847,0.183555,0.026354,0.034284,0.253016,-0.153345,0.208361,-0.126683,-0.107573,-0.302179,-0.177079,-0.328236,-0.215781,0.200422,0.03755,-0.075425,-0.36042,-0.10396,-0.037484,0.042699,0.095813,0.084873,-0.172214,0.088322,0.173801,0.247275,0.068441,-0.298281,0.075481,-0.404174,-0.145615,-0.34676,-0.03068,-0.212913,-0.193491,-0.027024,0.001773,-0.171937,-0.185401,-0.165541,-0.311397,0.296268,0.156625,0.215764,0.148849,-0.090937,-0.358149,-0.012251,-0.309909,-0.368427,-0.293598,0.30529,-0.012808,0.13392,0.064056,0.042493,-0.165074,-0.062039,0.200755,-0.148304,-0.130869,-0.180263,-0.021436,-0.165577,-0.239887,-0.196676,0.128267,-0.355475,0.194906,-0.197077,0.105555,-0.235263,-0.314623,-0.050542,-0.014191,0.161326,-0.294272,0.159133,-0.138761,-0.335115,-0.212475,-0.285479,-0.367981,0.001989,-0.004357,0.085549,-0.07299,0.165733,-0.164091,0.196059,0.041211,-0.316976,0.336763,-0.457949,-0.148087,-0.147363,-0.236971,-0.332757,-0.271723,0.359327,-0.441882,-0.116213,-0.207316,9.8e-05,-0.35765,-0.08614,-0.408369,-0.163039,-0.161814,0.28317,0.411292,0.108892,0.080643,0.18546,-0.059542,0.32218,0.322141,-0.031878,0.102416,0.402137,0.136275,-0.19769,0.198054,0.01231,0.034888,0.176646,0.139956,-0.084523,0.176646,0.25352,0.139681,0.454144,0.144885,0.128018,0.369103,0.073716,0.166255,0.196645,0.57938,0.290256,0.349918,0.090448,#
