0,1.0,0.23537,-0.187446,-0.265972,0.364048,0.105621,0.257975,-0.293818,0.077029,0.201182,0.243288,-0.016716,0.05625,0.067332,-0.114677,0.074407,-0.149205,-0.374474,0.453109,-0.16513,0.102859,-0.027236,0.409639,-0.094353,0.06761,-0.385032,-0.305783,0.073088,0.069141,0.142274,-0.350316,-0.107963,0.283526,-0.331982,0.409855,0.248656,0.290693,0.055232,-0.023849,0.352739,-0.089444,0.036185,-0.271764,-0.108322,0.268525,0.041911,0.009541,0.146796,0.080933,0.097466,0.223486,-0.317905,0.055625,0.1135,0.243087,0.043847,-0.123199,-0.11608,-0.287131,0.247089,0.067971,-0.100858,-0.177476,0.375273,-0.337472,0.047144,-0.109162,0.186187,-0.13092,-0.053614,0.150336,0.107664,0.161869,-0.21055,-0.199457,0.21956,-0.236245,-0.224999,-0.152162,0.037632,0.202229,-0.123228,-0.243472,-0.186744,0.036339,-0.206414,-0.254631,-0.079072,-0.139809,-0.209979,-0.250767,-0.123228,0.029975,-0.450646,0.110168,-0.228166,-0.380996,-0.420667,-0.199061,-0.222168,0.109032,0.171602,-0.072038,-0.249915,-0.042548,-0.231152,0.03373,0.144465,-0.020915,-0.086002,0.088288,0.295715,-0.327356,-0.266935,-0.003279,0.138088,-0.164713,-0.079056,-0.141193,0.058798,-0.295529,0.035489,-0.032666,-0.150233,-0.141867,0.071289,0.03418,0.149903,0.082759,-0.219519,-0.09729,-0.41686,-0.275809,0.281659,-0.050611,-0.041183,-0.081998,0.23957,0.090702,0.032019,-0.023518,0.304232,-0.21743,-0.18578,-0.01874,-0.139761,-0.249536,0.043861,-0.066175,-0.319602,-0.135889,0.081667,-0.532191,-0.216158,0.451989,-0.134984,0.261734,0.092448,-0.329237,-0.017703,-0.206152,-0.115473,-0.092466,-0.173666,0.048634,-0.120666,0.210211,0.173054,-0.186771,-0.209244,0.100269,0.100065,0.150797,0.012888,0.093256,-0.041663,-0.01676,-0.089711,0.106377,-0.329,-0.066454,0.198788,-0.112938,0.37276,0.18173,-0.027768,0.317689,-0.030412,0.190971,0.225241,-0.129245,0.205762,0.465252,0.08549,-0.260769,0.485822,0.3579,-0.23356,-0.062861,-0.067551,#
1,0.23537,1.0,-0.207247,-0.001376,-0.040251,0.191823,0.470895,0.045015,-0.324199,0.191628,0.008657,-0.071255,-0.179779,0.165144,0.192716,0.236037,0.262939,0.063549,0.509397,-0.043764,0.426791,-0.061576,0.089959,-0.255656,0.001139,-0.195198,-0.112644,-0.070108,0.204316,0.034233,-0.103663,0.108864,0.163074,-0.198288,-0.077893,0.031497,-0.011527,-0.410756,0.077529,0.048542,-0.023052,0.311713,-0.195932,0.259803,0.271538,-0.018537,0.073978,-0.242648,0.181029,0.460804,0.011301,0.159405,0.227344,0.151861,0.310683,-0.079611,0.192822,-0.208256,-0.353669,-0.147583,0.197942,-0.020336,0.064477,0.024878,0.1806,0.358666,-0.34667,-0.101843,-0.201253,-0.289296,-0.130293,0.013537,0.038547,-0.292849,-0.106617,0.045275,-0.269661,-0.103014,0.125964,0.037359,0.11698,-0.068901,-0.08144,0.016572,-0.142272,-0.118844,-0.084928,-0.209131,0.03511,-0.114114,-0.286464,-0.075634,-0.156074,-0.170883,0.001136,-0.113616,-0.005251,0.053687,0.293111,-0.014333,0.223902,0.28409,0.022969,-0.272,-0.441734,-0.039176,0.113246,-0.086597,-0.360574,-0.114827,0.104971,0.230032,-0.167093,0.110196,-0.164739,0.219324,-0.084256,0.031505,0.044437,-0.309401,-0.222985,-0.318807,-0.475748,-0.069328,-0.116906,-0.306067,-0.075356,-0.264773,-0.382344,-0.216231,-0.005978,-0.294871,-0.086373,-0.058254,-0.22709,-0.381995,0.063107,0.166483,0.269472,-0.237232,-0.119796,-0.170909,-0.028518,-0.064716,-0.119855,-0.21377,-0.326639,0.197183,-0.216807,-0.229386,0.021365,-0.12864,0.0106,-0.150657,-0.162768,0.017831,0.198632,-0.038332,-0.235963,0.113011,-0.157276,0.027881,-0.469767,-0.233161,-0.054842,0.449497,0.317064,0.127259,-0.313789,-0.601345,0.218276,0.357942,0.027773,-0.139041,0.187605,-0.230976,0.051414,-0.172592,0.147617,-0.136742,-0.004247,-0.023718,0.067734,0.280199,0.38066,-0.256644,0.215519,-0.256284,0.136908,0.245289,-0.004566,0.162075,0.035526,-0.047504,-0.360004,-0.071832,0.390881,-0.184185,-0.147639,0.068754,#
2,-0.187446,-0.207247,1.0,-0.188683,-0.231221,-0.13318,0.031316,-0.069307,-0.024117,-0.054703,0.151173,0.050819,0.070245,-0.006859,-0.196627,0.106421,-0.111173,0.204236,0.017765,0.088665,-0.118048,0.192924,-0.13629,0.090894,-0.013798,0.193301,0.276682,-0.216666,0.007691,-0.492756,0.176816,0.326666,-0.142686,0.12798,-0.193584,0.147344,0.184172,0.504028,-0.18194,-0.281327,-0.080587,0.268738,0.141963,-0.058821,0.003725,-0.279131,-0.010192,0.0184,-0.191538,-0.185241,0.038097,-0.033412,0.080168,-0.217877,-0.156858,-0.234994,-0.229239,-0.172572,0.2667,-0.155171,0.068201,-0.265363,0.030659,-0.29196,0.267671,0.020628,0.125213,0.114642,0.214595,0.347649,0.151737,0.135783,-0.258064,0.123086,-0.000406,-0.014684,0.14028,0.018446,0.046308,0.056559,0.261808,0.271747,-0.013185,0.232892,-0.099133,0.030037,-0.027944,0.027701,0.052332,0.333823,-0.03077,-0.049078,0.244886,0.268082,0.007503,-0.034526,0.286135,-0.34967,0.240531,0.202226,-0.181218,-0.315691,-0.028105,0.147322,0.265612,0.342605,-0.154251,0.082925,0.257606,-0.137652,-0.167344,-0.158136,0.099773,0.255735,0.431745,-0.127804,-0.055725,-0.04809,-0.169048,-0.118174,0.167345,0.114013,-0.116828,-0.052577,-0.052064,0.166274,0.42455,0.052523,0.247339,-0.009623,0.282675,0.125482,0.109102,0.183579,0.271093,-0.016736,-0.064652,0.27971,0.103062,0.283721,0.020418,0.444771,0.056574,-0.07071,0.083687,0.404554,0.162188,0.110844,0.031293,0.324939,0.100721,0.160259,0.13279,0.253289,0.31908,0.263672,-0.043886,-0.014107,0.361311,-0.173723,0.5391,0.226516,-0.023589,0.173128,0.353533,-0.227695,0.024118,-0.051389,0.075437,0.154687,-0.193096,0.049141,-0.255741,0.104267,-0.169891,0.081883,0.241762,-0.16555,0.019747,-0.135648,0.020792,0.054854,-0.099678,-0.174067,-0.202144,0.248222,0.198028,0.426313,-0.167327,-0.069194,0.199255,-0.048525,-0.252176,0.354597,-0.158432,-0.107512,0.150071,0.256627,0.148297,0.137679,#
3,-0.265972,-0.001376,-0.188683,1.0,-0.132718,-0.353007,-0.353785,-0.167625,-0.46376,-0.462249,0.018848,-0.36944,-0.34363,-0.568173,-0.132481,-0.106881,0.276991,0.141307,-0.238464,-0.252122,-0.048884,-0.162131,-0.53625,-0.30479,-0.156119,0.161014,-0.187701,0.030534,-0.187076,-0.182065,0.187599,-0.287475,-0.206846,0.063303,0.05245,0.019905,-0.106081,-0.08159,0.149118,0.251666,0.052815,-0.269538,-0.022307,0.188454,-0.17424,0.435468,-0.241893,0.024045,0.227536,-0.076764,-0.004435,0.354886,-0.096981,0.084708,0.19032,-0.348168,0.350088,0.350455,-0.036115,-0.256226,-0.481137,0.247927,0.545987,-0.08733,-0.017899,-0.364949,0.076926,0.104947,-0.184794,0.088744,0.276213,-0.346246,0.038332,0.002505,0.165389,0.097058,0.340145,0.168025,0.097926,-0.25989,-0.269343,0.200451,0.319587,0.111046,0.416856,-0.23351,-0.013874,0.275571,-0.092379,0.352834,-0.161868,0.18508,0.084449,-0.092303,-0.041868,0.013178,0.511685,0.17039,0.085105,0.345183,0.357118,0.259712,0.337675,0.330948,-0.092007,-0.000858,0.524414,0.082677,-0.23196,0.189126,-0.02161,-0.08906,0.387633,0.088716,-0.084617,0.004007,0.260377,0.013376,-0.217651,0.350605,0.05275,0.414449,0.251239,0.260401,0.302177,-0.004401,-0.590683,-0.170385,-0.092926,0.173544,-0.122543,0.171081,0.36623,-0.051483,0.086209,0.149756,0.046635,0.042791,-0.146548,0.200451,0.136669,-0.330164,0.319308,0.364567,0.433811,0.126213,-0.180841,0.151509,0.458002,-0.146749,0.233552,-0.178285,0.043074,-0.038503,-0.074163,0.094121,-0.529521,-0.199679,0.361829,0.146054,0.099886,-0.081896,0.004892,0.192817,-0.114094,-0.295124,-0.048491,0.046064,0.152295,-0.016662,0.333869,0.141919,0.056619,0.21842,-0.14974,0.090848,-0.224048,0.180291,-0.694849,0.434229,-0.33947,-0.07871,0.416749,-0.11834,-0.097335,-0.241187,-0.374394,-0.253026,0.203836,0.055886,0.001724,-0.20404,0.046246,-0.165288,0.403518,-0.198129,-0.110463,0.116002,-0.230558,-0.164879,#
4,0.364048,-0.040251,-0.231221,-0.132718,1.0,-0.009034,-0.173628,-0.328499,0.233848,-0.102322,0.344359,0.141557,0.025839,-0.277147,-0.10169,-0.021014,0.151868,-0.383195,0.121709,-0.070644,-0.180447,-0.28626,0.146404,-0.009018,-0.110364,-0.295334,-0.192121,0.197182,0.127686,0.218757,-0.312044,-0.134194,0.120694,-0.005727,0.224208,0.213648,0.086527,-0.142846,-0.101819,0.420194,-0.083882,-0.439678,-0.247263,0.042546,-0.084368,0.2888,-0.192155,0.03648,0.224515,0.472123,-0.057435,-0.126952,0.041749,0.473006,0.273997,0.053065,-0.073888,0.106416,0.172472,0.19844,-0.199494,-0.233251,0.029173,0.043562,-0.297965,0.087388,0.510761,-0.056453,-0.015275,-0.226915,-0.178486,-0.115592,0.206532,0.212278,0.056803,-0.085748,-0.128021,-0.113708,-0.196046,-0.204452,-0.10756,0.172527,0.04163,-0.171289,0.278593,-0.045915,0.212678,-0.048281,-0.034571,-0.278859,0.221053,0.338595,0.123578,-0.152641,0.117044,0.038182,-0.11183,0.117983,-0.474262,0.054069,0.244681,0.20336,0.033603,0.0419,0.361454,0.04526,-0.290421,0.270739,-0.126091,0.208769,-0.015499,-0.132348,-0.150168,-0.209671,-0.116756,0.272725,-0.035873,0.389028,-0.441557,-0.036496,-0.453532,0.32094,0.112843,-0.033872,0.104557,0.113662,0.049472,0.261907,0.254067,-0.114378,0.202404,-0.278663,0.03948,-0.177668,0.193217,0.231964,0.012641,0.265366,-0.233345,0.172527,0.066453,0.01083,-0.454046,0.153249,-0.051332,-0.335333,-0.212195,-0.190459,-0.061311,-0.013465,0.207534,0.125408,-0.229755,0.076856,0.28577,-0.026651,0.178333,-0.061858,-0.429043,0.278716,-0.248269,-0.209153,-0.046377,-0.066849,-0.013886,0.064261,0.274827,0.251509,-0.145147,0.247397,-0.024577,0.083508,0.187499,0.180931,-0.257368,0.198928,-0.128355,0.205466,0.149393,0.1201,-0.29149,0.152224,0.157459,0.047488,0.060089,0.213266,0.290337,0.029012,0.346532,-0.255957,-0.057861,0.159905,0.15135,-0.04229,-0.044466,0.280835,-0.10474,0.039748,-0.107512,-0.268781,#
5,0.105621,0.191823,-0.13318,-0.353007,-0.009034,1.0,0.525396,0.474321,-0.008806,-0.056354,-0.017589,0.548863,0.046578,0.235542,0.009658,-0.069281,0.109628,-0.079374,0.214804,-0.292479,0.236489,-0.08145,0.19609,-0.097933,0.135045,0.014614,0.130894,-0.035735,0.024211,0.37821,-0.281403,-0.133987,-0.284747,-0.036453,-0.026204,0.157852,-0.035714,-0.197695,-0.031392,-0.012993,-0.303372,0.162602,-0.187766,-0.158907,0.168871,-0.112161,0.197064,-0.346284,-0.301052,0.315734,-0.146997,-0.069704,-0.104686,0.209222,-0.127996,0.155991,-0.174713,0.171553,-0.335478,-0.061202,0.048372,-0.264351,-0.11074,0.301938,-0.107002,0.422158,-0.211009,0.177382,-0.128776,-0.385417,0.090078,0.136173,-0.052715,-0.011827,-0.025552,0.164413,-0.338037,-0.022801,-0.422377,-0.259028,-0.203897,-0.522781,-0.173948,0.171764,-0.414692,-0.424882,0.001038,-0.137251,-0.250399,-0.191227,-0.160303,-0.507552,-0.420525,-0.133495,-0.126394,-0.332548,-0.366638,-0.164767,-0.298979,-0.358466,0.088628,-0.046512,-0.176634,-0.338097,-0.40702,-0.342675,-0.05909,0.119584,-0.357611,0.001218,0.29608,0.317747,-0.557035,-0.283288,-0.225577,0.005909,-0.296598,0.139832,0.267755,-0.193156,-0.269175,-0.414671,-0.112509,-0.12778,-0.051893,-0.328738,-0.044027,0.045511,-0.369099,-0.163327,-0.180531,-0.026622,-0.056383,0.022225,-0.421562,-0.142411,0.404176,-0.035618,0.08415,-0.673298,-0.156544,0.139031,-0.027714,-0.051985,-0.29335,-0.330069,0.180807,0.174034,-0.306305,0.144972,-0.234875,-0.176624,-0.059123,0.051925,-0.058936,-0.278648,-0.055875,0.201432,-0.582001,-0.150991,-0.209621,-0.263069,-0.008596,-0.265809,-0.152447,0.126759,-0.357611,0.097871,-0.168502,0.025906,0.212604,-0.11937,-0.071574,-0.39374,0.152038,-0.427177,-0.172443,0.17524,0.211215,-0.125029,0.166016,-0.246102,0.151396,0.303733,0.601224,-0.105358,0.054332,-0.09184,-0.020899,0.279284,-0.029057,0.223098,0.182177,-0.1291,-0.282184,0.034653,0.269422,-0.147464,-0.46374,-0.01517,#
6,0.257975,0.470895,0.031316,-0.353785,-0.173628,0.525396,1.0,0.272626,0.176785,0.209359,0.014127,0.252517,0.072511,0.339847,0.018011,0.328019,0.176031,0.273839,0.237975,-0.074497,0.075767,0.128,0.483865,-0.134051,0.15374,0.110796,0.120037,-0.1253,0.296413,0.100739,-0.383406,-0.187218,0.000587,-0.344205,0.097665,0.194313,0.044011,-0.32656,0.17659,-0.082337,0.119724,0.335054,-0.076093,-0.030174,0.384671,-0.243884,0.331734,-0.238168,-0.239183,0.378801,0.117073,-0.158149,-0.166291,0.143339,0.251291,0.182657,-0.068793,-0.102481,-0.239095,-0.061565,0.108743,0.094809,-0.009709,0.397602,0.157457,0.399092,-0.52149,0.237708,-0.185989,-0.317013,0.171576,0.282326,-0.123823,-0.484229,-0.322683,0.468525,-0.486769,-0.323052,-0.255546,-0.217032,-0.056481,-0.551552,-0.483561,0.180395,-0.725519,-0.29251,-0.300316,-0.343061,-0.385941,-0.333865,-0.481731,-0.557819,-0.556263,-0.258854,-0.158539,-0.658765,-0.363584,-0.421418,-0.029232,-0.289375,-0.071811,-0.117341,-0.339549,-0.305856,-0.335012,-0.472887,-0.07102,-0.002079,-0.248899,-0.30677,-0.227533,0.272445,-0.466115,-0.402281,-0.123314,-0.324491,-0.197581,-0.167159,0.146435,-0.303297,-0.370427,-0.489776,-0.451867,-0.467302,-0.171497,-0.400732,0.110023,0.13214,-0.356236,-0.279213,-0.343694,-0.504011,-0.568071,0.100605,-0.50938,-0.257296,0.127645,-0.083663,0.133562,-0.545284,-0.241745,0.291011,-0.126859,-0.484025,-0.456593,-0.220095,-0.271796,0.569646,-0.512652,-0.173385,-0.277154,-0.240131,-0.15284,-0.061518,-0.120268,-0.39814,0.012129,0.46235,-0.32545,-0.235983,0.005378,-0.223537,-0.390893,-0.268627,-0.118744,0.263822,-0.236998,-0.061506,-0.491698,-0.271656,0.113632,0.011568,-0.143223,-0.436104,0.320616,-0.514649,-0.278631,0.005822,0.339981,-0.626181,0.50712,-0.047074,0.034276,0.462561,0.573224,-0.349599,0.063242,-0.165076,-0.186082,0.092826,-0.30005,0.245321,0.238349,0.170068,-0.607627,0.217312,0.405665,-0.261399,-0.371094,0.366108,#
7,-0.293818,0.045015,-0.069307,-0.167625,-0.328499,0.474321,0.272626,1.0,-0.117127,0.151422,-0.438293,0.166708,0.334539,0.292406,0.317623,-0.022359,0.035063,0.220892,0.211554,-0.00803,0.348377,0.386701,-0.037104,0.142819,0.267356,0.24023,0.005225,-0.361716,0.045015,0.170345,-0.151886,-0.176822,-0.106604,0.207643,-0.33759,-0.34097,-0.230685,-0.142413,0.263442,-0.430394,0.150232,0.148324,0.056271,-0.308846,0.036694,-0.262094,0.362996,-0.336741,-0.277154,-0.150605,-0.200359,-0.093933,0.078558,-0.082592,-0.057156,0.294483,0.001154,-0.187967,-0.232761,-0.010384,0.161659,-0.189446,-0.227931,0.170625,-0.018309,0.275883,-0.159192,-0.126743,-0.186113,-0.107994,-0.190314,0.553318,-0.154732,0.033558,-0.230572,-0.067982,0.069233,0.245024,-0.002774,0.216196,0.115511,-0.37057,0.016606,-0.164389,-0.286268,-0.164939,0.008715,0.159476,0.207292,0.028162,0.254105,-0.379822,-0.053037,0.065576,0.177156,-0.015323,-0.161829,0.201866,-0.067033,-0.304097,-0.135961,0.182707,-0.11159,-0.205941,-0.262875,-0.106704,-0.31746,0.125118,-0.175831,-0.263329,0.120913,0.140354,-0.075337,-0.091323,0.230489,0.07491,-0.057564,0.122921,0.451234,-0.054591,0.170279,-0.597629,-0.088138,0.041323,-0.212221,-0.054709,0.106306,-0.213719,-0.191005,0.198388,-0.202149,0.284542,0.114906,0.018917,-0.232705,0.010961,0.210069,-0.332586,0.173049,-0.361319,-0.401924,-0.166094,-0.041684,-0.029457,-0.398522,-0.038252,0.085483,-0.000412,-0.09085,0.170425,-0.068086,-0.063448,0.169171,-0.07588,-0.096997,-0.330163,-0.039215,0.11637,-0.275496,-0.142889,0.089767,-0.007464,-0.289826,-0.126364,0.15316,0.081826,-0.175831,0.194342,0.140001,0.250273,-0.182494,-0.116022,0.168658,-0.302894,0.353139,-0.235457,-0.200892,-0.121307,0.4046,0.082149,0.085252,0.038174,0.052304,-0.050621,-0.010992,-0.001524,-0.152562,-0.256868,-0.342177,0.183957,-0.235129,-0.040152,-0.123937,-0.069152,0.05766,-0.063464,-0.013258,0.037059,-0.333568,0.264767,#
8,0.077029,-0.324199,-0.024117,-0.46376,0.233848,-0.008806,0.176785,-0.117127,1.0,0.242837,0.021139,0.142,0.244899,0.24947,-0.100605,-0.09102,-0.102317,-0.0082,-0.11429,-0.074749,-0.487626,0.08583,0.340643,0.09287,0.039159,0.167663,0.14223,0.284119,0.03961,0.286816,-0.21183,-0.125519,-0.033816,0.062048,0.177039,0.363393,-0.181188,-0.079903,0.014134,0.077143,0.053415,0.009901,0.029227,0.044864,0.032144,-0.0635,0.290542,-0.032591,-0.280118,-0.031063,0.036466,-0.179559,-0.321323,0.004746,0.17835,0.454511,-0.335685,0.01677,0.086361,0.255833,0.179411,0.047867,-0.101102,0.188493,-0.108869,-0.156985,-0.076025,0.247663,0.243418,-0.324747,-0.110239,0.087674,0.054251,0.00182,-0.165311,0.306338,-0.187061,-0.323795,-0.229655,-0.098254,-0.112696,-0.151668,-0.519878,-0.187808,-0.462672,0.087501,-0.184004,-0.350999,-0.267456,-0.332241,0.007117,-0.302696,-0.440251,-0.074828,-0.212586,0.006007,-0.296377,-0.009369,-0.425821,-0.220303,-0.240492,-0.162981,-0.158696,-0.0158,0.074585,-0.383321,-0.287199,-0.176706,0.165364,-0.157528,-0.312576,-0.075173,-0.299453,-0.165235,-0.093278,-0.270526,0.255002,-0.124022,-0.010952,-0.055889,0.03991,-0.115652,-0.053747,-0.241259,-0.022937,-0.002862,0.362397,0.173322,0.059937,-0.187733,-0.135723,-0.162236,-0.587292,-0.039672,-0.09882,-0.037705,-0.135668,-0.261169,-0.159423,-0.145627,-0.057433,0.089013,-0.167144,-0.301247,-0.374503,-0.366387,-0.180786,0.157319,-0.366584,0.005478,-0.083774,0.004387,-0.171026,-0.263692,0.061035,-0.24277,0.156144,0.25222,-0.177228,-0.2667,-0.235155,0.05725,-0.000829,-0.160067,-0.214471,0.035854,-0.236134,-0.097376,-0.327054,-0.013903,-0.14079,-0.222825,0.034968,-0.119705,0.352125,0.085334,-0.247965,0.037412,0.304506,-0.351241,0.332426,0.26367,-0.082727,0.041119,0.078164,0.280939,-0.040899,0.251977,-0.272251,-0.268136,-0.178696,0.051868,0.077765,0.034574,-0.121687,0.573738,0.072529,-0.069702,0.000455,0.168856,#
9,0.201182,0.191628,-0.054703,-0.462249,-0.102322,-0.056354,0.209359,0.151422,0.242837,1.0,-0.076657,-0.006301,0.308626,0.698111,0.18666,0.190955,-0.490305,0.272608,0.181255,0.328503,0.085738,0.240295,0.380674,0.117442,0.380158,-0.195142,-0.209841,0.081795,0.017951,0.36951,0.265309,0.214554,0.253266,-0.304494,0.037149,-0.247061,0.370626,0.070004,0.276278,-0.531182,0.3122,0.380074,0.017116,0.070759,0.057439,-0.621866,0.38376,0.409369,-0.122382,0.071648,-0.159615,-0.119296,0.306112,-0.045355,0.181052,0.140434,-0.384916,-0.336861,-0.245467,0.203483,0.529933,0.061975,-0.479093,0.048595,-0.151828,0.123049,0.046317,-0.250719,-0.222853,0.113841,-0.097735,0.478955,0.150563,0.115405,-0.222199,-0.062783,-0.234209,-0.398987,0.130924,0.392374,0.20043,-0.292625,-0.388417,0.119788,-0.307231,0.281114,-0.226337,-0.079052,0.212942,-0.412192,0.118514,-0.152074,-0.14286,0.119264,-0.04511,0.105601,-0.412397,-0.123858,0.298644,-0.200056,-0.375893,0.147306,-0.408481,-0.235206,-0.049621,-0.049348,-0.457516,-0.309934,-0.001185,-0.232001,0.283219,0.310287,-0.366805,0.059225,-0.021114,-0.050898,0.069058,-0.227902,0.622293,-0.364308,-0.091795,-0.448562,0.007169,-0.073995,-0.229642,0.248051,0.366301,-0.018001,-0.051765,-0.21898,-0.102133,0.102152,-0.442581,0.206086,-0.352102,-0.200954,-0.531886,-0.359605,0.395346,-0.286386,0.020241,0.0757,-0.214112,-0.602997,-0.504844,0.17768,-0.248925,0.047547,-0.222407,0.113795,-0.301588,0.434385,-0.078924,-0.424219,-0.078127,-0.132763,0.539838,0.415779,0.025944,-0.190264,-0.088886,0.210207,-0.358,0.169456,0.366739,0.485165,0.212048,-0.102859,-0.19356,-0.026134,-0.21472,0.271476,0.140195,-0.311181,0.361819,-0.171479,-0.024477,-0.290596,0.567149,-0.337439,0.553507,0.172037,-0.694256,-0.171763,0.131546,0.177076,0.294825,0.169405,-0.442606,-0.008014,-0.297217,-0.046023,-0.070144,0.253768,-0.162543,0.007127,0.138601,-0.057274,0.366937,0.589917,#
10,0.243288,0.008657,0.151173,0.018848,0.344359,-0.017589,0.014127,-0.438293,0.021139,-0.076657,1.0,0.121179,-0.07337,-0.127468,-0.335884,0.097878,-0.07277,-0.208776,0.070652,-0.242059,-0.226945,-0.181678,-0.0062,0.277001,0.197845,0.166473,-0.154723,0.096172,0.179883,-0.157846,0.177939,0.116572,-0.184511,-0.38646,-0.09969,0.499379,0.32762,0.203899,-0.007195,0.241973,-0.195711,-0.345977,-0.332324,-0.029335,-0.003129,0.243813,-0.342373,0.168583,0.121108,0.371449,0.005577,-0.072549,-0.118134,0.255766,0.191535,-0.213055,-0.163315,0.186982,-0.07034,-0.313464,-0.486142,-0.169271,0.015798,0.200776,-0.008288,0.052536,0.254875,0.113656,-0.062923,-0.099134,0.0882,-0.117469,0.062137,0.167144,0.172254,0.126485,-0.010305,-0.17318,-0.220905,-0.274379,-0.10771,0.181114,-0.018401,0.282653,0.231007,-0.229087,0.160672,0.117642,-0.087151,0.159774,-0.15677,0.027352,-0.10469,-0.08941,0.1223,-0.169963,0.030473,-0.168667,0.090424,-0.022438,0.367035,0.068433,-0.145025,0.005236,0.088088,-0.024002,-0.117271,0.395358,-0.041595,0.311588,-0.075003,0.185684,-0.121487,-0.156341,-0.255271,0.103755,-0.322542,0.039309,-0.441916,0.162826,-0.386493,0.391231,-0.049766,-0.549459,-0.109638,0.007696,-0.104506,-0.041655,0.02113,-0.188201,-0.137169,-0.335675,-0.127201,-0.149094,-0.101078,0.165017,0.053636,0.018659,-0.134641,0.027352,-0.050584,0.190768,-0.18198,0.11707,0.420021,-0.179619,-0.18083,0.180563,0.123546,0.012442,0.24869,0.162535,-0.38566,-0.051931,0.059316,0.081599,-0.276805,-0.055402,0.174371,-0.061607,-0.103366,-0.273017,0.0038,0.215749,0.019603,-0.111694,-0.041595,-0.22857,-0.083731,-0.001113,0.16045,0.283621,0.072399,0.217475,-0.132267,0.249279,0.136901,0.170986,-0.188568,0.110892,-0.268655,0.110075,-0.075873,0.033016,0.235406,0.258748,0.1125,0.244896,0.355277,0.092571,0.348851,0.294285,0.302272,-0.094067,-0.216807,0.097368,0.067235,-0.065792,0.000232,-0.320333,#
11,-0.016716,-0.071255,0.050819,-0.36944,0.141557,0.548863,0.252517,0.166708,0.142,-0.006301,0.121179,1.0,0.000122,0.322564,-0.168987,0.19974,-0.133974,0.031629,-0.022627,-0.13065,0.074037,-0.382769,-0.075951,-0.009655,0.120611,0.105153,0.2338,0.247635,0.09477,0.245691,0.079622,0.015548,-0.268477,0.032145,-0.175907,0.145446,-0.11379,0.283151,0.08581,-0.163971,-0.233269,0.091013,-0.128665,-0.225337,-0.194498,-0.032362,-0.073309,-0.261824,0.004634,0.246505,-0.074425,-0.136539,-0.046932,0.15157,-0.149908,-0.059825,-0.448247,0.073109,-0.250242,-0.092999,0.006052,-0.393927,-0.212682,0.228805,0.01671,0.399541,0.065881,0.275765,0.376896,-0.429333,0.017603,0.14425,0.016067,0.114561,0.100936,0.125281,-0.224483,0.087928,-0.29072,-0.149345,-0.203695,-0.510788,-0.062057,0.344417,-0.310492,-0.421827,-0.046969,-0.118549,0.028243,-0.078865,0.123085,-0.346611,-0.315989,0.1551,-0.123904,-0.212123,-0.065684,-0.117652,-0.042709,-0.074492,0.022331,-0.198368,-0.368878,-0.208628,-0.18255,-0.065604,-0.049238,0.061714,-0.072197,0.291933,0.012228,0.142668,-0.690111,-0.340301,-0.038686,0.020487,-0.362646,0.270618,0.131454,-0.265219,-0.198368,-0.10428,0.047279,-0.307698,-0.149753,-0.10818,-0.030231,0.030332,-0.098824,-0.249099,-0.20412,-0.054632,-0.063894,-0.207644,-0.197258,-0.050833,0.255262,-0.283151,-0.179404,-0.510788,-0.057687,0.335242,0.117195,-0.029563,0.019558,-0.292199,0.211032,0.193044,-0.286002,0.029494,0.119987,0.214135,0.009548,0.29664,0.099397,0.010248,-0.118758,0.179729,-0.29974,-0.287232,-0.164666,-0.314084,0.037416,-0.294532,-0.099789,0.000669,-0.276036,0.144883,0.126879,0.116245,0.12807,0.226055,0.214721,-0.357927,-0.004407,-0.025204,-0.092785,0.475221,0.079253,0.019894,0.187718,-0.253089,-0.086698,-0.003114,0.495804,0.309305,-0.094082,-0.025874,0.135844,-0.00368,0.046533,0.196976,0.141499,0.122187,-0.342711,-0.116035,0.165854,-0.2253,-0.070724,-0.215116,#
12,0.05625,-0.179779,0.070245,-0.34363,0.025839,0.046578,0.072511,0.334539,0.244899,0.308626,-0.07337,0.000122,1.0,0.446895,-0.000595,0.2026,-0.075631,0.146625,0.074862,0.248505,0.260491,0.26311,0.430439,0.077573,0.184658,-0.205957,-0.158522,0.18947,-0.103001,0.049303,-0.105953,-0.111986,0.285616,0.188493,-0.26703,0.048303,0.244389,0.036112,0.140704,-0.197894,0.044134,-0.180773,0.172936,-0.106272,-0.130225,-0.385358,0.533829,0.12922,-0.16663,-0.133123,-0.08925,-0.104612,0.117369,-0.01839,-0.073844,0.220232,-0.175959,-0.210946,-0.127468,-0.031709,-0.139847,0.101142,-0.175916,0.254053,-0.262225,-0.130666,-0.216082,-0.131328,-0.172077,0.030378,-0.186517,0.741389,0.15876,-0.13409,-0.342768,-0.129909,0.237782,-0.035217,0.25176,0.225147,0.285709,0.018927,-0.051613,-0.292739,-0.113447,0.282915,-0.135806,0.270449,0.138056,-0.068492,0.258936,0.007878,-0.098142,0.231878,0.292548,-0.135961,-0.279932,-0.238898,-0.257875,-0.45931,-0.116293,0.064404,-0.351834,0.22653,0.057932,-0.15076,-0.236021,-0.274995,0.168076,-0.395517,-0.213986,0.010983,-0.227066,-0.185383,0.036703,-0.044057,0.165309,0.260636,0.012881,0.087379,0.143861,-0.379645,-0.333478,-0.061066,-0.224743,0.051625,0.274792,-0.193377,-0.128481,-0.09015,-0.003478,0.237601,-0.219723,0.424403,0.175158,0.123285,0.191402,-0.437455,-0.161659,0.029976,0.154734,0.140231,-0.095568,-0.265992,-0.268495,0.128114,0.074253,-0.193919,-0.232715,0.144358,-0.228664,0.045342,-0.217415,-0.180257,0.304302,-0.371998,0.066413,0.186038,-0.169749,-0.201131,-0.043663,-0.10244,0.087829,-0.130548,0.266078,-0.072466,0.168076,0.296196,0.116838,0.213888,-0.224717,-0.356633,0.045361,-0.259779,0.213334,0.097869,-0.237104,-0.311935,0.302889,-0.317579,-0.042969,0.287857,-0.081528,-0.314576,-0.262206,0.111449,0.032255,0.150881,-0.228925,0.097591,-0.203975,-0.221389,-0.129106,0.061443,0.254984,0.282037,0.047143,-0.093398,0.067668,0.213946,#
13,0.067332,0.165144,-0.006859,-0.568173,-0.277147,0.235542,0.339847,0.292406,0.24947,0.698111,-0.127468,0.322564,0.446895,1.0,0.147471,0.047483,-0.371759,0.075779,0.173904,0.290532,0.391194,0.131647,0.301276,0.129529,0.176575,-0.148944,0.077467,0.147885,0.061539,0.258641,0.185595,0.171131,0.091865,-0.018832,-0.226366,-0.102735,0.208225,0.158315,0.285622,-0.388505,0.204605,0.454541,-0.222138,-0.22279,0.148397,-0.638999,0.493935,0.150067,-0.088211,-0.048823,-0.094958,-0.230175,0.105001,-0.331421,-0.190846,0.100243,-0.260813,-0.321699,-0.378201,-0.117371,0.424728,0.031774,-0.421542,0.032592,0.123959,0.371758,-0.174208,-0.188261,0.042187,-0.22862,-0.250025,0.529776,0.068547,0.076402,-0.216388,-0.113967,-0.304248,-0.302923,0.071173,0.328137,0.068506,-0.473601,-0.329534,0.117321,-0.404918,0.203892,-0.331252,-0.057022,0.166443,-0.247847,0.234903,-0.291577,-0.225474,0.02265,-0.081777,0.030999,-0.366879,-0.167281,0.303918,-0.445877,-0.28902,-0.036392,-0.531048,-0.306135,-0.263732,-0.104507,-0.165956,-0.549182,0.079495,-0.30496,0.11174,0.259162,-0.565097,0.076731,0.034328,-0.040405,-0.183,0.015793,0.535031,-0.142767,0.055781,-0.575121,-0.09094,-0.147956,-0.349789,0.058329,0.216492,-0.341877,-0.341939,-0.290311,-0.230326,0.063306,-0.470618,0.038538,-0.248206,-0.231862,0.093555,-0.461065,0.184438,-0.466739,0.056843,0.155042,0.036668,-0.530923,-0.440478,-0.112983,0.149132,0.031567,-0.413927,0.196774,-0.165564,0.404453,-0.022497,-0.335282,-0.026711,-0.211769,0.516745,0.241829,-0.015437,-0.464411,-0.248048,0.164042,-0.091651,-0.223948,0.190737,0.189078,-0.014211,-0.095523,-0.012599,-0.042705,-0.32141,0.118339,0.015753,-0.532806,0.405679,-0.048048,0.060467,-0.133105,0.459728,-0.337754,0.408523,0.102843,-0.56943,-0.219448,0.259617,0.295428,-0.019413,0.094675,-0.366161,0.239375,-0.319965,-0.114253,-0.150145,0.213254,-0.24256,-0.044007,0.269084,-0.208227,0.228692,0.394433,#
14,-0.114677,0.192716,-0.196627,-0.132481,-0.10169,0.009658,0.018011,0.317623,-0.100605,0.18666,-0.335884,-0.168987,-0.000595,0.147471,1.0,-0.277865,0.105037,-0.034104,0.290027,0.06174,0.270825,0.028471,0.15226,0.053826,-0.179093,0.001412,0.122595,-0.143599,0.378411,-0.163984,-0.223431,0.245458,-0.052822,0.073028,-0.073797,-0.271741,-0.181665,-0.140034,-0.316807,-0.121197,0.301836,0.261083,0.196321,0.172915,0.358292,-0.248725,-0.058417,-0.094435,-0.053285,-0.048326,0.203245,-0.133181,0.067522,-0.007111,0.214344,0.455692,0.177181,-0.334157,0.097228,0.182054,0.362125,-0.183898,-0.252231,0.125707,0.26734,0.162766,-0.014028,-0.088503,0.093045,0.089325,-0.055386,-0.032546,0.065073,0.008844,0.003333,-0.140141,-0.158278,-0.016261,-0.106496,0.225583,0.012986,-0.1383,0.167694,-0.064124,-0.115454,0.425746,0.145817,-0.056951,-0.119154,-0.331993,0.158992,0.025306,0.22833,0.090373,-0.04043,-0.018724,-0.295696,0.122832,0.037104,-0.19761,-0.051977,0.058714,-0.121087,-0.491769,-0.285091,-0.232824,-0.277237,-0.100608,-0.088531,-0.03269,0.077009,-0.078428,0.197758,0.054701,0.064501,-0.077174,-0.288914,0.053755,0.302011,-0.220832,-0.156689,-0.324395,-0.028113,0.10474,-0.120859,-0.36554,-0.147965,-0.105459,-0.199268,0.120229,-0.159076,0.017322,0.028223,0.004878,-0.075691,-0.188179,-0.12881,0.043967,0.041339,-0.132133,-0.234147,-0.561239,-0.178532,0.088164,-0.245702,-0.061876,-0.18002,-0.179655,-0.227153,0.043189,-0.292607,-0.201669,0.044812,-0.028453,-0.511791,0.019231,0.180681,0.093825,-0.034507,0.354163,0.092025,0.090488,-0.258902,-0.213108,-0.277906,0.348649,0.333044,-0.245361,-0.07185,-0.010716,-0.106822,-0.190832,-0.149627,0.036608,0.035383,-0.098251,-0.107116,0.046826,0.460103,-0.072871,0.066223,0.248893,0.101251,0.225059,-0.084149,0.059625,0.253323,-0.287928,0.208951,-0.104203,-0.192558,-0.105864,0.094502,-0.0578,-0.220269,0.002214,-0.079876,-0.089992,0.083638,0.001745,#
15,0.074407,0.236037,0.106421,-0.106881,-0.021014,-0.069281,0.328019,-0.022359,-0.09102,0.190955,0.097878,0.19974,0.2026,0.047483,-0.277865,1.0,-0.09383,0.56077,-0.013772,0.302385,-0.150091,-0.011823,0.33401,-0.18197,0.257124,-0.24775,-0.188088,0.046618,0.221195,-0.04733,-0.014827,-0.175046,0.257414,-0.299092,-0.046139,0.101253,0.30182,0.005687,0.190852,-0.058443,-0.042721,-0.17783,0.433283,-0.08014,-0.179524,-0.027647,0.042237,0.305223,0.236376,0.29098,0.036858,0.146729,0.081491,0.131174,0.128395,-0.039552,-0.153482,-0.153457,-0.004092,0.143176,-0.155951,0.153268,-0.007552,0.051349,-0.12606,0.111764,-0.172559,0.22104,-0.299736,0.101546,0.199875,0.357927,0.177481,-0.336831,0.035059,0.271669,0.200358,-0.153621,0.306738,0.069389,0.141069,-0.01588,-0.327882,0.196714,-0.089452,-0.151021,-0.329203,-0.271474,0.071839,0.191468,-0.162809,0.140921,-0.286214,0.178291,0.095506,-0.345576,0.094586,-0.030349,0.094664,0.161699,-0.17559,-0.057494,-0.258787,0.216838,0.097634,0.13799,-0.006839,-0.00174,-0.119328,0.042493,-0.144214,0.019209,-0.143563,-0.187694,0.004422,0.047292,0.015482,-0.072757,-0.017158,-0.200384,-0.079694,0.020507,-0.482695,-0.255724,-0.059535,-0.019096,-0.028992,0.30882,-0.084825,-0.22464,0.084386,-0.158349,-0.189306,0.227105,-0.060589,-0.029961,-0.065327,-0.202174,-0.065206,-0.01588,-0.111212,0.2439,-0.218612,-0.236075,0.047256,0.267121,-0.139949,0.294086,-0.081361,-0.297499,-0.125346,-0.027132,-0.066451,0.072107,0.081219,-0.09814,-0.180462,0.437697,-0.150775,-0.341998,0.218419,-0.11075,-0.201272,0.014407,0.265495,0.137195,-0.119328,0.155591,0.005378,-0.039634,0.224549,0.08649,0.146694,-0.292308,0.0762,-0.068188,0.059845,0.070541,0.074548,-0.305271,0.292073,-0.187809,-0.265779,0.143712,0.221712,-0.261278,0.21226,0.116274,-0.013531,0.057596,0.056564,-0.057257,-0.00841,0.315275,-0.067327,-0.136378,0.041591,-0.201719,0.357888,0.188325,#
16,-0.149205,0.262939,-0.111173,0.276991,0.151868,0.109628,0.176031,0.035063,-0.102317,-0.490305,-0.07277,-0.133974,-0.075631,-0.371759,0.105037,-0.09383,1.0,-0.061712,0.063453,-0.048872,0.045793,-0.108042,-0.017058,-0.382701,-0.607124,-0.036732,-0.171859,0.032062,0.072779,-0.298844,-0.36464,0.039112,0.08928,0.144186,0.114372,0.096982,-0.297482,-0.523111,-0.184218,0.41513,-0.104633,-0.336405,0.042272,0.042358,-0.151063,0.286031,-0.180984,-0.428375,0.191663,0.325171,0.252721,0.080334,-0.018858,0.092567,0.159816,0.145544,0.421592,-0.120002,0.159868,-0.235547,-0.425912,0.173862,0.304983,-0.114559,-0.020605,-0.01591,-0.223263,-0.00306,-0.117133,-0.174361,-0.194744,-0.406685,-0.051042,-0.34568,-0.155348,-0.028693,0.184108,0.005987,-0.033702,-0.110628,-0.022268,0.122636,0.34639,-0.330612,0.065113,-0.001911,0.170516,-0.114444,-0.11836,0.020495,-0.015919,0.122636,-0.110591,-0.064131,0.248262,-0.175344,0.236365,-0.049095,-0.289734,0.298348,0.098017,0.173053,0.400637,0.179728,-0.103595,-0.060444,0.101967,0.007871,-0.342565,0.001998,-0.268257,-0.253075,0.188393,0.010298,-0.17146,-0.142176,0.219352,0.229768,-0.371497,-0.189784,-0.078472,-0.023688,-0.183868,-0.192284,0.045965,-0.38056,-0.209804,-0.178979,-0.014156,0.14916,0.08108,-0.343483,0.134594,-0.183157,0.23927,0.131426,0.412832,0.109209,-0.326115,0.122636,0.054608,-0.147789,-0.05633,0.449306,0.007306,-0.215749,-0.139919,0.06207,0.066672,-0.054051,0.170727,-0.400444,0.381809,0.086935,0.003257,-0.125426,-0.380677,-0.066565,-0.194245,0.503468,-0.085853,-0.115834,0.080544,-0.285095,-0.490342,-0.034078,0.077155,-0.032385,-0.253124,-0.041055,-0.083795,-0.116024,-0.298156,0.012597,-0.2862,0.055133,-0.13123,0.073798,-0.109713,0.013946,-0.289368,-0.048784,0.804532,0.152476,-0.124651,-0.486468,-0.1395,-0.10278,0.319572,-0.300444,0.017981,0.298556,-0.254444,-0.275059,0.145738,0.009173,-0.320817,-0.032054,-0.470949,-0.164403,#
17,-0.374474,0.063549,0.204236,0.141307,-0.383195,-0.079374,0.273839,0.220892,-0.0082,0.272608,-0.208776,0.031629,0.146625,0.075779,-0.034104,0.56077,-0.061712,1.0,-0.100683,0.284604,-0.252268,-0.058598,0.135013,-0.138652,0.197664,0.228353,0.044868,0.042616,0.025708,0.091999,0.048567,-0.105481,-0.102075,-0.096787,-0.08349,-0.038188,0.065355,0.02777,0.047178,-0.37847,0.177607,0.089661,0.455314,0.11551,-0.139202,-0.113861,0.246789,0.159115,-0.201478,0.080502,-0.10902,0.190092,0.10397,0.08624,0.232872,-0.085763,-0.142078,-0.170403,0.004389,-0.054646,-0.050719,0.131447,-0.051195,0.059442,0.117754,-0.129421,-0.17012,0.071027,-0.372967,0.149412,0.293495,0.326806,0.049882,-0.344309,-0.047026,0.215981,0.076966,-0.157237,0.135183,0.024519,-0.007034,-0.209223,-0.333066,0.330966,-0.366576,-0.110329,-0.335776,-0.302776,-0.15581,0.021048,-0.290903,-0.211145,-0.341723,0.14663,-0.14593,-0.299822,0.129789,-0.092065,0.195045,0.132199,-0.360332,-0.149985,-0.358282,0.269339,-0.106127,-0.041679,-0.056917,-0.204843,0.008915,0.025963,-0.094584,0.049048,-0.115989,-0.19878,-0.197963,-0.285018,0.295889,-0.21134,0.241932,-0.261193,-0.103508,-0.199803,-0.281844,-0.103731,-0.144624,-0.002572,-0.011658,0.238526,-0.216086,0.082442,0.000322,0.209654,-0.10972,0.180779,-0.124557,-0.062838,-0.195666,-0.387589,0.018989,-0.163479,0.011143,0.008901,0.055885,-0.318849,-0.137395,0.3866,-0.268296,0.434991,-0.147906,-0.158948,-0.292644,-0.022087,0.08252,-0.066705,-0.151762,-0.014133,-0.31213,0.562328,0.097938,-0.262698,0.213719,-0.020295,-0.385859,0.13115,0.195551,0.255347,-0.222558,0.002031,-0.216408,0.078424,0.17914,0.01354,-0.117165,-0.284229,0.006891,-0.136307,-0.245254,-0.041085,0.021233,-0.183603,0.524237,-0.076843,-0.09013,-0.070454,0.174197,-0.164288,0.203718,0.192714,-0.266564,-0.126768,-0.161676,-0.301254,-0.064154,0.197917,0.033003,-0.293668,-0.092602,0.100063,0.145735,0.426541,#
18,0.453109,0.509397,0.017765,-0.238464,0.121709,0.214804,0.237975,0.211554,-0.11429,0.181255,0.070652,-0.022627,0.074862,0.173904,0.290027,-0.013772,0.063453,-0.100683,1.0,-0.072359,0.377164,0.119715,0.050527,0.142419,0.025007,0.025634,-0.023447,-0.091079,0.124984,0.028422,-0.453305,0.225052,0.221545,-0.017892,-0.186793,0.128859,0.134544,-0.046763,-0.166467,0.146639,0.197548,0.184039,-0.162713,-0.007597,0.356765,0.025012,0.087414,-0.19663,-0.134639,0.072787,-0.038801,-0.242217,0.335854,-0.030133,0.254882,0.15604,0.09548,-0.436641,-0.332645,-0.103385,0.097376,-0.491229,-0.364566,0.125258,-0.071713,0.190953,-0.148528,-0.084004,-0.088418,-0.360272,-0.108956,0.182778,-0.100091,-0.04408,-0.248911,-0.046042,-0.170514,-0.063245,-0.131515,0.298604,0.27269,-0.142221,-0.062063,-0.311428,0.03117,-0.156476,-0.028849,-0.162772,0.088698,-0.070518,-0.200749,-0.272389,0.206816,-0.341843,0.356643,-0.039128,-0.243038,-0.025923,0.062063,-0.127645,0.02186,0.373374,-0.041384,-0.500013,-0.265097,-0.005678,-0.24491,-0.010369,-0.17403,-0.024271,0.123741,0.143884,-0.132645,0.058537,0.132226,0.475107,-0.199387,0.092357,0.095428,-0.04174,-0.289067,-0.179436,-0.242461,-0.077443,-0.510245,-0.177376,0.130189,-0.255193,-0.196396,0.007308,-0.080471,-0.194528,0.02548,0.098532,0.0225,0.062378,0.143463,0.19153,0.175772,-0.096662,-0.335603,-0.04392,-0.373313,0.006371,-0.1888,-0.266571,-0.226207,0.031141,-0.32912,-0.07114,-0.125212,0.011328,-0.242056,-0.366716,0.197523,-0.092734,0.20918,-0.051737,-0.422006,0.030725,-0.151153,0.261179,-0.325327,-0.292548,0.070298,-0.026843,0.177243,0.163071,-0.192867,-0.152629,-0.01027,0.059627,0.18596,0.04125,0.031452,0.061213,-0.001179,-0.148692,0.430021,-0.023087,-0.26891,0.210794,0.065641,0.479374,0.112626,0.230591,0.518805,0.065316,0.042711,0.267123,-0.106323,0.102067,0.152924,-0.018633,-0.391304,0.219772,0.267674,-0.214173,-0.022921,0.048919,#
19,-0.16513,-0.043764,0.088665,-0.252122,-0.070644,-0.292479,-0.074497,-0.00803,-0.074749,0.328503,-0.242059,-0.13065,0.248505,0.290532,0.06174,0.302385,-0.048872,0.284604,-0.072359,1.0,0.039202,0.298765,0.242278,0.121078,-0.22181,-0.304454,0.122356,-0.081048,-0.080011,-0.172991,0.092405,0.278611,0.577738,0.12044,-0.094873,-0.411754,0.162208,0.094866,-0.266073,-0.167574,0.362458,-0.054898,0.2998,-0.142585,-0.267933,-0.320591,0.29105,0.360767,0.134125,-0.12883,0.112676,-0.186836,0.477127,-0.169552,-0.336262,0.029618,-0.050425,-0.439121,0.494753,0.100355,0.156927,0.087464,-0.385162,-0.391705,-0.026425,0.086056,0.024457,-0.430102,-0.29571,0.397443,-0.2952,0.22849,0.243122,-0.11572,0.040691,-0.505917,0.072093,-0.248996,0.667345,0.35844,0.4747,0.136181,-0.067764,-0.129815,0.137481,0.542598,-0.07129,-0.238213,0.338944,-0.106165,0.233314,0.431858,0.159596,0.111853,0.086677,0.222877,0.104112,0.073488,0.272415,0.069979,-0.539969,0.051603,-0.066043,0.248482,0.545647,0.428212,-0.004409,-0.358299,0.442519,-0.30431,0.070579,-0.299588,0.175818,0.150922,0.030956,0.073342,-0.039231,0.076234,0.174813,-0.224821,0.105026,-0.298474,-0.122967,-0.027724,-0.069811,0.42259,0.335544,0.137646,0.332173,0.409156,0.565867,0.065821,0.109358,0.086606,0.393711,0.225688,0.059463,-0.239282,0.159492,0.305192,0.254668,-0.079832,-0.099648,-0.268062,-0.113146,0.318011,0.278031,-0.262717,-0.089865,0.154394,0.010218,0.121257,0.363339,0.00906,-0.050374,0.183716,0.356408,0.110413,0.024764,0.022913,0.254305,0.169894,0.109826,0.076009,0.331958,0.117512,0.212564,-0.032627,-0.032105,0.361396,-0.474343,-0.22924,-0.352954,0.016613,-0.407448,0.215895,0.242388,-0.423381,0.2373,0.003382,0.24465,0.167433,-0.261372,-0.204428,-0.200257,-0.118424,0.340217,0.404585,-0.243589,-0.178011,-0.033811,-0.356158,-0.449817,0.067603,0.16693,-0.304134,-0.482866,0.068392,0.433056,0.264437,#
20,0.102859,0.426791,-0.118048,-0.048884,-0.180447,0.236489,0.075767,0.348377,-0.487626,0.085738,-0.226945,0.074037,0.260491,0.391194,0.270825,-0.150091,0.045793,-0.252268,0.377164,0.039202,1.0,0.084706,-0.129424,-0.02835,0.067858,-0.229125,0.049335,-0.193427,-0.286427,0.007005,0.143369,0.156715,0.197153,0.272761,-0.50577,-0.33225,-0.015338,-0.101294,0.102735,-0.154028,0.206458,0.247003,-0.306836,0.059436,0.300359,-0.364942,0.096853,-0.336716,0.003263,-0.012442,-0.111338,0.026732,0.338891,-0.016874,-0.228586,-0.123529,0.040996,-0.276294,-0.423487,-0.19403,0.180452,0.006825,-0.238178,-0.021701,0.179425,0.144088,-0.266608,-0.335854,0.082114,-0.171088,-0.369646,0.284161,-0.192725,-0.032185,-0.367179,-0.372185,-0.036047,0.098569,0.167518,0.18332,0.267003,-0.20132,0.285343,-0.158557,0.015149,0.040476,0.125191,0.507924,0.356458,-0.060592,0.101738,-0.047478,0.185755,-0.04386,0.20572,0.098972,-0.197435,-0.113327,0.282383,-0.229689,0.218914,0.253024,0.002461,-0.215032,-0.213659,0.081359,0.127766,-0.141153,-0.114622,-0.282402,-0.00059,0.377875,-0.193153,0.063298,0.318373,0.202711,-0.17591,0.301343,0.224924,-0.128142,0.038086,-0.35164,-0.094276,0.209183,-0.171922,-0.144863,-0.047552,-0.433715,-0.288034,-0.086238,-0.072458,0.113512,0.097366,0.0794,-0.036154,-0.034046,0.270115,0.02147,0.103681,-0.20132,0.135208,0.006477,0.102588,0.0649,-0.151681,-0.188698,0.224863,-0.170385,-0.142248,0.073444,-0.04403,0.013543,0.05175,-0.042123,0.096672,-0.00196,0.231931,-0.306243,-0.151594,0.117648,-0.163761,-0.117539,0.04883,-0.324356,0.099155,0.083966,0.294358,0.312337,0.153521,-0.233882,-0.085562,0.048254,0.051125,-0.184673,0.136373,-0.041322,0.072526,-0.199988,0.195836,0.017781,-0.371737,-0.140306,0.03417,-0.025967,-0.044457,-0.050529,-0.154836,-0.414156,-0.043266,0.273923,-0.129854,-0.018415,-0.165933,-0.174645,-0.073923,-0.216966,0.308457,-0.426037,-0.179837,-0.061773,#
