0,1.0,0.435312,-0.188756,-0.179208,0.339748,0.070103,0.209264,-0.207238,0.21546,0.214049,-0.15921,-0.011687,0.173643,0.394869,0.563398,0.096973,-0.052855,-0.106733,-0.229427,-0.010159,-0.089792,-0.321916,-0.163092,-0.119755,0.215538,-0.474982,0.214375,-0.265049,0.260971,0.156687,-0.437251,0.199543,-0.040289,-0.280622,0.001386,0.120079,0.33424,-0.32982,-0.098031,0.159492,0.159185,0.16526,-0.364087,-0.199371,0.408945,-0.438168,0.199772,-0.049239,-0.123584,-0.179911,-0.116913,-0.247707,-0.00657,0.08103,-0.282651,-0.065072,-0.218322,-0.007392,-0.251651,0.263713,0.103585,0.629666,0.185768,-0.230156,-0.303388,-0.011205,0.0,0.20958,0.215016,-0.108876,0.051238,0.211009,0.263657,0.128235,0.022387,0.050572,-0.280522,-0.311995,-0.231501,0.099538,0.03217,-0.357702,0.044188,-0.307481,-0.249719,-0.112946,-0.066281,-0.315478,-0.124762,-0.458124,-0.272767,-0.458061,-0.028183,-0.022591,-0.211259,-0.04261,-0.11237,-0.178149,-0.303761,-0.138626,-0.109965,-0.295749,-0.393367,0.184513,-0.088808,-0.349853,-0.094955,-0.243316,-0.026995,-0.436565,0.367188,0.0,-0.349853,-0.139281,-0.186151,-0.420812,-0.075487,-0.297118,0.057219,-0.425626,-0.125627,-0.136897,-0.306873,-0.073872,0.138462,-0.023337,-0.235056,0.235892,-0.303414,-0.315288,-0.164918,-0.207282,-0.458455,-0.080135,0.211243,-0.315266,-0.114579,-0.384833,0.174861,-0.192221,-0.207198,-0.341777,-0.075441,-0.600296,-0.38521,-0.329008,-0.193816,0.447022,-0.298738,0.05454,-0.348924,-0.050688,0.384395,-0.315288,0.105476,-0.073501,0.116547,0.252096,-0.046211,-0.420757,-0.396999,-0.244862,0.09221,0.04751,-0.184229,0.306607,-0.244894,0.348618,-0.070339,-0.420757,-0.055629,0.052028,-0.090849,-0.177435,0.116169,-0.256743,-0.165451,-0.041954,0.329633,-0.517082,0.261459,0.304528,-0.127661,0.231823,0.260015,-0.077089,0.151276,0.054718,0.008024,0.14638,-0.392221,0.08938,0.349119,0.425991,0.044175,-0.003307,-0.227903,-0.073148,0.005698,0.072461,#
1,0.435312,1.0,-0.259642,-0.199006,0.19058,0.180912,0.123066,-0.327112,0.226135,0.0912,-0.312335,-0.239567,0.199365,0.414031,0.252328,-0.033123,-0.511678,0.222433,-0.00981,0.043174,0.181351,0.141197,0.325045,0.008729,-0.039247,-0.504977,0.647489,-0.026125,0.236949,0.168168,-0.360775,-0.125104,0.117408,-0.442945,-0.381505,-0.129956,0.392524,-0.577,0.065188,0.078482,0.228014,0.624056,0.11889,-0.021872,0.08009,-0.000998,0.095175,0.46767,0.035584,-0.174617,-0.219428,-0.602276,0.132967,-0.535686,-0.278336,0.134539,-0.038212,0.421393,-0.048074,0.444899,0.195761,0.15918,0.14533,-0.206915,-0.036858,0.427185,0.0,0.495891,0.316698,0.114681,-0.220114,-0.014255,0.283147,-0.017613,-0.204628,0.16155,-0.252379,-0.219733,-0.173721,-0.047491,-0.199859,-0.685364,-0.199859,-0.315471,-0.02987,-0.24579,0.412338,-0.453266,-0.148804,-0.069048,-0.346373,-0.233629,-0.184128,0.169872,-0.099391,-0.036812,-0.269316,-0.159808,-0.121382,-0.370327,0.307181,-0.246784,-0.119242,0.325393,0.301966,-0.199298,-0.21743,-0.488671,0.247284,-0.306381,0.330571,0.0,-0.199298,-0.199298,-0.037988,-0.322173,-0.073018,0.181394,-0.188789,-0.455471,0.059051,-0.368791,-0.349696,-0.385832,0.054436,-0.276447,0.16312,0.442439,-0.225589,-0.304245,-0.266551,-0.327182,-0.380393,-0.381931,-0.125034,-0.497629,-0.180857,-0.074631,0.278085,-0.679869,-0.072832,-0.357009,-0.345174,-0.311514,0.150144,-0.267928,-0.371939,0.445612,-0.296931,0.42026,-0.449027,-0.300642,0.233076,-0.304245,0.012599,0.154947,-0.158022,0.406773,-0.100963,-0.49206,-0.183579,0.06406,-0.080361,0.186223,-0.094953,0.374173,-0.162258,-0.00674,-0.261394,-0.32329,-0.127145,0.148723,-0.318633,-0.103167,0.189885,-0.49899,-0.261155,-0.131395,0.519995,-0.27941,0.611585,-0.049218,-0.351479,0.229696,0.291,-0.306128,0.046843,0.034475,-0.279151,0.513108,-0.276447,0.360493,0.425834,0.301716,-0.088223,-0.294948,-0.382047,-0.28827,-0.03103,-0.020993,#
2,-0.188756,-0.259642,1.0,-0.033983,-0.095157,0.051339,0.164862,0.351266,0.329381,-0.219291,-0.061365,0.363927,-0.312445,0.149368,-0.203188,-0.362622,-0.118959,0.189625,-0.013697,-0.000644,-0.279819,-0.090734,-0.011789,-0.100502,0.26833,0.233988,-0.030074,0.137361,0.136709,-0.108889,-0.031748,0.373962,-0.280468,0.097778,0.046847,-0.01291,-0.124996,-0.012126,0.147785,-0.275349,0.017383,-0.012537,0.12157,0.017191,-0.208434,-0.045364,0.298951,0.027642,0.043811,0.276615,-0.006461,0.193792,-0.376535,0.089961,-0.196651,-0.114045,-0.002908,-0.08582,-0.400642,-0.248543,0.198594,-0.347761,-0.284583,-0.016956,0.049405,-0.039665,0.0,0.126648,-0.078132,0.415917,0.272615,0.216812,0.007809,0.089967,0.101085,-0.129199,0.075718,0.134705,-0.129153,-0.205947,-0.100747,0.101786,0.060179,0.374989,0.265149,0.352221,-0.304546,0.19774,0.043638,-0.190763,0.278639,0.465681,-0.009643,0.044382,-0.110672,0.091951,0.355499,-0.103006,0.378879,0.066052,-0.06679,-0.05197,0.016392,-0.028698,-0.046603,0.237741,0.42423,0.381088,-0.210704,0.045687,0.044433,0.0,0.068206,0.419049,-0.053434,0.392635,-0.35541,-0.079466,-0.10177,0.489939,-0.018657,0.021568,0.302312,-0.067165,-0.195799,0.205935,-0.083426,-0.352455,-0.401035,0.164812,0.221574,0.131557,-0.059143,0.274783,-0.102394,-0.029413,0.183383,0.298478,0.196598,0.282344,0.341866,0.323587,-0.122261,-0.393786,-0.012973,-0.353282,0.457386,0.016457,0.02895,0.136359,0.245525,0.0525,0.215001,0.548936,0.085687,-0.09082,0.357259,-0.128702,0.387672,0.04542,0.12562,-0.004826,0.467102,0.218766,0.326933,-0.244356,0.178272,-0.319877,0.096788,-0.112674,0.184073,0.051575,0.30969,0.02346,-0.14406,0.114938,0.253715,0.183613,-0.309138,-0.332904,-0.372233,0.151519,0.432297,-0.512381,-0.143237,0.302327,0.043001,-0.137502,-0.338952,0.031223,0.056737,-0.244438,-0.132607,-0.302074,-0.195453,-0.018946,0.103446,-0.219044,0.113887,0.088398,#
3,-0.179208,-0.199006,-0.033983,1.0,0.134142,-0.215292,0.187313,0.370161,-0.315201,0.351048,-0.136364,-0.21502,0.251849,-0.144221,-0.179046,0.038375,-0.049462,0.124741,-0.160674,0.241973,0.29722,0.015643,-0.111418,0.074269,0.087434,0.044295,-0.339211,-0.004322,-0.119601,-0.077772,0.361154,-0.138307,0.280567,0.52866,0.114601,0.023309,-0.013439,0.316775,0.026753,-0.049215,0.14112,-0.091072,-0.042518,-0.288695,0.218354,-0.288433,-0.439562,0.034098,0.011367,0.033456,0.30935,-0.022485,0.096974,0.205377,-0.25611,-0.308272,-0.030935,0.137398,0.25106,-0.316254,-0.323098,0.114702,-0.036744,0.311,-0.225201,0.008491,0.0,-0.266416,-0.124048,0.123017,-0.190064,-0.325503,0.245738,0.26689,0.01186,-0.267326,0.304216,0.383289,0.273316,0.046316,0.102835,0.369234,-0.073445,-0.03894,0.028126,0.05405,0.127533,-0.046227,0.106162,0.028133,-0.325126,0.017215,0.224856,-0.241884,0.113376,-0.074152,-0.219097,0.10218,0.11523,0.297179,0.107186,-0.143815,0.431464,0.303261,0.1687,0.107269,0.010479,-0.009487,-0.417455,-0.19853,-0.031191,0.0,0.281457,0.301972,0.008168,0.454709,0.359858,0.054494,-0.029433,-0.032487,0.175826,0.104663,-0.123995,0.189839,-0.173737,0.296464,-0.037478,-0.035531,0.169442,0.380759,-0.197241,0.388531,0.461585,0.452659,0.136759,0.570099,-0.195849,0.013692,-0.112139,0.207218,-0.137093,0.155413,0.250109,0.032414,0.238433,0.215408,-0.128854,0.042783,0.211781,-0.114438,-0.064907,-0.189774,-0.195849,0.198605,0.305344,0.298279,-0.163014,0.069592,0.298628,0.111266,0.389017,0.224598,0.031305,0.268733,0.173917,-0.183262,0.229181,-0.210083,0.328036,0.614368,0.128652,-0.127714,0.172765,0.151118,-0.373168,0.372905,-0.020329,-0.207175,-0.373545,-0.167761,0.046498,-0.316907,0.237595,-0.131592,-0.437477,0.053216,-0.385204,0.152321,0.004614,-0.395228,0.107504,-0.288954,-0.389032,0.040125,0.355215,0.218209,0.097227,0.285578,0.19551,0.141892,#
4,0.339748,0.19058,-0.095157,0.134142,1.0,-0.147368,0.264311,-0.137901,0.132631,0.116621,-0.042359,-0.126445,0.070016,-0.0285,0.135023,0.096153,0.213762,-0.124291,0.141356,0.210989,0.171176,-0.493277,0.091456,0.150571,-0.116997,-0.196806,0.242267,0.060608,0.302007,0.038537,-0.163779,-0.05912,-0.118135,-0.112171,0.173866,-0.011509,0.407158,-0.481895,-0.21691,0.044854,0.066317,0.166065,-0.328064,-0.324636,0.33084,0.047377,-0.066326,0.110157,0.322696,-0.055345,0.065904,-0.344815,0.076223,-0.42092,-0.22862,-0.158568,0.062103,-0.057021,0.014238,0.087118,-0.219162,0.476993,-0.154522,0.233765,0.010569,-0.111678,0.0,-0.062266,0.050604,-0.106858,0.056726,0.066034,0.206418,0.024541,-0.197533,0.14831,-0.128475,-0.045995,-0.30282,0.083823,-0.120385,-0.017387,-0.29644,0.203721,-0.365161,-0.048555,-0.161782,-0.280867,0.203721,-0.189553,-0.260762,-0.179343,0.210716,-0.30867,-0.288231,-0.323094,-0.474798,-0.303593,-0.4222,-0.103273,0.119103,-0.366737,-0.29946,0.278873,-0.204461,-0.104244,-0.068864,-0.169668,-0.054031,0.018797,0.217488,0.0,0.080356,-0.111344,-0.523408,0.080387,0.120229,-0.259519,0.068995,-0.283235,-0.227008,-0.274945,-0.240161,-0.348063,-0.1068,-0.123488,0.042856,0.197966,0.075584,-0.398526,0.013075,0.114215,0.111743,0.097894,-0.333853,-0.219768,-0.212285,-0.349329,-0.194637,-0.220568,-0.383882,-0.408256,-0.315608,-0.221469,-0.226215,0.023281,-0.074118,-0.022482,-0.227235,-0.139534,-0.144897,-0.143748,0.200844,-0.198059,0.343963,-0.326255,-0.138336,0.429912,-0.316903,-0.445233,-0.035439,-0.453664,0.136936,-0.119075,-0.201522,0.187743,0.23507,0.201498,-0.105993,-0.257707,0.196496,0.353438,-0.405459,0.195735,0.191948,-0.205302,-0.306537,0.349816,0.339942,-0.183252,0.256848,0.137604,0.12664,-0.111668,-0.014865,0.099356,-0.132314,0.181933,-0.000835,-0.12706,-0.123488,0.277868,0.177118,0.162047,-0.411239,-0.055697,0.312522,0.02265,0.106733,0.256144,#
5,0.070103,0.180912,0.051339,-0.215292,-0.147368,1.0,0.114514,-0.079683,0.593085,0.100863,0.367064,0.129931,-0.308678,0.067071,-0.136114,0.136447,0.00298,-0.12448,0.114149,-0.175139,0.207156,0.04675,0.48847,-0.256736,0.168644,-0.285781,0.187456,-0.013069,0.040348,0.362333,-0.377482,0.030114,-0.153445,-0.048715,-0.310214,0.06306,0.094758,-0.178705,0.450438,-0.071052,0.280233,0.150136,0.248968,-0.20656,-0.247268,0.161295,0.263309,-0.162504,0.026654,-0.000372,-0.022195,0.089444,-0.049998,-0.01943,0.200526,0.515472,-0.616437,0.400114,-0.381761,0.437744,0.256921,-0.054812,0.051268,0.073508,-0.039789,0.102718,0.0,0.332757,0.086376,0.097804,0.103213,0.257305,0.276805,-0.158454,-0.54034,0.26862,0.152889,-0.050349,-0.00174,0.102998,-0.364732,-0.209015,0.005976,0.345811,-0.209262,-0.086686,-0.107778,-0.134867,0.007831,-0.066716,0.010103,-0.23832,-0.166794,0.156432,-0.102825,0.170292,0.22684,-0.151763,0.032483,-0.200979,0.283611,0.099177,0.029165,0.018978,-0.02319,-0.383543,0.12909,0.005619,0.249442,0.351988,-0.207007,0.0,-0.205125,-0.029879,-0.038683,-0.499039,-0.077303,-0.203292,0.170024,-0.134946,-0.124078,-0.201257,-0.157785,-0.229836,-0.04991,-0.124055,0.499867,0.362267,-0.475245,-0.124352,-0.287748,0.154486,-0.360259,-0.328946,-0.115718,-0.12079,-0.1808,-0.26201,0.217517,-0.501461,-0.326947,-0.12179,-0.321015,-0.212207,-0.205081,-0.515658,-0.028426,0.297265,-0.093498,-0.096787,0.051858,-0.304802,0.234465,-0.310929,-0.148661,-0.044522,-0.007581,-0.056955,-0.090628,-0.162261,-0.347446,0.056855,-0.068641,0.018032,0.246936,-0.113222,-0.386429,-0.257513,-0.441929,-0.15599,0.209053,0.025708,0.264418,-0.298118,0.358663,-0.519207,-0.261073,0.350368,0.19958,0.055214,0.131765,0.084257,-0.120513,0.236055,-0.051846,0.126325,0.045636,0.188171,-0.035166,0.51239,-0.28682,0.187056,0.073295,0.305458,-0.12431,0.407781,0.027334,-0.220985,-0.363491,-0.01912,#
6,0.209264,0.123066,0.164862,0.187313,0.264311,0.114514,1.0,-0.108148,0.040205,0.373325,0.06472,-0.010082,0.144073,0.026532,0.195424,0.365613,-0.068326,-0.031967,0.020204,-0.200046,0.190727,-0.271365,0.212348,-0.313734,-0.076623,-0.419249,0.144364,-0.062713,0.072087,0.099791,-0.425384,-0.039825,-0.06853,-0.08749,0.060658,-0.348419,0.270688,-0.164449,0.015637,0.154067,-0.30934,0.205717,-0.04832,-0.231735,0.074396,-0.008133,0.03611,-0.000205,0.086454,0.208712,0.179187,-0.248863,0.105728,-0.128232,-0.234179,0.189372,-0.006191,0.119458,-0.381122,0.264444,-0.23762,0.30737,-0.034328,0.010307,-0.282911,-0.128513,0.0,0.05838,0.110542,0.209058,0.31332,-0.173836,0.242047,0.078403,-0.132663,0.184619,-0.076935,-0.264257,-0.23305,0.042318,-0.077211,-0.123839,-0.052938,0.118124,-0.27176,0.207889,-0.184992,0.12202,0.105312,-0.1147,0.062823,-0.117373,0.228837,0.107017,0.284222,-0.070247,-0.029072,-0.205275,-0.19078,-0.066862,0.084695,-0.298551,-0.039506,0.303114,0.040789,-0.228812,0.20112,0.082055,-0.184398,-0.013343,-0.201047,0.0,-0.235921,-0.068072,-0.286034,-0.0428,-0.153025,-0.276283,-0.076084,-0.039382,0.027628,-0.238868,0.076161,-0.295443,-0.408408,0.284222,0.112869,0.298134,-0.202556,0.025639,-0.021725,0.125103,0.069387,0.026789,-0.035945,0.013091,-0.196005,-0.479689,-0.169083,0.04655,-0.100401,0.149967,0.094046,-0.340734,-0.254438,-0.248762,0.070841,0.377183,-0.229611,0.392431,-0.425729,-0.351386,0.217642,-0.160211,0.295048,0.138355,-0.077485,0.20865,-0.041973,-0.226298,-0.120264,0.027005,0.196712,0.274301,0.192531,-0.041571,-0.194789,-0.187623,-0.065683,-0.210498,0.113897,-0.156746,0.033557,-0.211864,-0.05226,0.039467,-0.283029,0.419891,-0.063668,-0.295342,-0.142729,0.0248,0.561805,0.061442,-0.266012,0.120631,0.136733,-0.37658,-0.17818,-0.068962,-0.201817,0.231799,0.313343,0.376225,0.108848,0.33588,-0.341643,-0.056906,-0.137237,-0.248607,#
7,-0.207238,-0.327112,0.351266,0.370161,-0.137901,-0.079683,-0.108148,1.0,-0.253097,-0.251669,-0.052898,-0.351363,-0.094073,-0.253166,-0.207423,-0.416261,-0.276627,0.034598,-0.414367,0.166779,-0.001558,0.204814,-0.236882,0.294528,0.408523,0.376803,-0.249492,0.219026,-0.138949,-0.276549,0.325582,0.202479,0.332157,0.428184,0.267172,0.067536,-0.078861,0.349569,-0.207361,-0.20983,0.394446,-0.054256,0.197467,0.087845,0.018034,-0.082274,-0.108924,0.213383,-0.103087,-0.247626,-0.176208,0.265673,-0.133953,0.200795,0.135426,-0.291246,-0.036528,-0.161637,0.09974,-0.431356,0.019276,-0.217228,-0.223643,-0.003132,-0.03209,0.098374,0.0,-0.238798,-0.317046,0.158042,-0.256409,-0.038528,0.187072,-0.003342,0.112782,-0.576655,0.734976,0.328731,0.222094,0.086918,0.033411,0.370456,0.033411,-0.067246,0.054677,0.204229,-0.029978,0.165777,0.1683,-0.064791,0.217394,0.174388,-0.160896,-0.276724,0.106577,0.135003,0.290139,0.414427,0.403846,0.310891,-0.246368,-0.060687,0.349376,-0.108822,0.317113,0.292689,0.329086,0.220051,-0.160635,0.114884,0.285553,0.0,0.292689,0.319598,0.377126,0.473225,-0.059339,-0.064918,-0.228917,0.348281,0.355048,0.029186,0.217255,0.179802,-0.201219,0.106577,-0.00681,-0.034644,0.04307,0.640825,0.200065,0.252748,0.173195,0.073634,0.30366,0.648858,-0.075362,0.252124,0.216921,0.266815,0.223,0.138565,0.22803,0.201653,0.266516,0.1753,0.002564,-0.250558,0.152591,-0.135885,0.212802,0.348827,-0.075362,0.640825,0.361688,0.122096,0.132414,-0.403317,0.244225,-0.033547,0.266665,0.160422,-0.037449,0.170767,0.27069,-0.137647,0.155914,-0.177715,0.428614,0.209649,-0.398483,0.314282,0.34984,0.202648,-0.402662,0.31433,0.325613,-0.141541,-0.402575,-0.107723,-0.433446,-0.092974,-0.102676,-0.448187,-0.41157,-0.165261,-0.402325,0.060632,0.214177,-0.289942,0.339859,-0.609102,-0.291713,-0.135243,0.249053,0.063568,0.186256,0.3283,0.000796,-0.228929,#
8,0.21546,0.226135,0.329381,-0.315201,0.132631,0.593085,0.040205,-0.253097,1.0,0.093954,0.005477,0.314701,-0.139356,0.443506,-0.00262,0.090808,0.017783,0.190117,0.268625,0.175344,-0.194184,-0.330954,0.337851,-0.350787,0.085814,-0.256214,0.178067,-0.019257,0.345306,0.389772,-0.586586,0.261644,-0.214329,-0.117539,-0.136352,0.224002,0.10571,-0.503157,0.196826,-0.1804,0.136265,0.148154,-0.118874,-0.096705,0.057179,0.09585,0.547008,0.011603,0.219719,0.16833,0.028591,0.105712,-0.248728,-0.163433,-0.151782,0.387818,-0.258356,0.339551,-0.553399,0.348712,0.178439,0.048833,-0.14024,-0.012048,0.085314,0.178276,0.0,0.342462,0.295395,-0.007787,0.21872,0.371119,-0.062028,0.034618,-0.498832,0.174492,-0.140471,-0.106122,-0.177049,0.054048,-0.221559,-0.310227,-0.034729,0.425556,0.075885,-0.046248,-0.307892,-0.25826,-0.102193,-0.02917,-0.158416,-0.033041,-0.298757,0.177435,-0.355837,-0.116675,0.209545,-0.462263,-0.07951,-0.427393,0.25267,-0.043983,-0.222863,0.094269,-0.433704,-0.248969,0.07329,-0.060501,0.12553,0.113831,0.062054,0.0,-0.045075,0.14036,-0.490574,-0.325397,-0.040658,-0.195912,0.176559,-0.222165,-0.193057,-0.243356,-0.132818,-0.388732,-0.036123,-0.024486,0.000298,-0.027141,-0.588191,-0.385057,-0.248251,0.022013,-0.510085,-0.085326,-0.528015,-0.385031,-0.139934,-0.093739,0.299585,-0.357953,-0.253048,-0.236419,-0.333564,-0.488351,-0.224354,-0.617783,0.318832,0.298833,-0.214771,-0.009776,0.180893,-0.408837,0.299473,-0.171839,-0.05564,-0.34174,0.264642,0.260501,-0.271675,-0.151648,-0.558446,-0.299047,0.146444,0.084676,0.081255,-0.203955,-0.051832,-0.190123,-0.342041,-0.32417,0.301788,0.152996,0.219945,-0.2604,0.464331,-0.422107,-0.202064,0.284852,0.279842,-0.100532,0.413471,0.327427,0.017411,0.088864,0.204874,0.267844,0.300938,0.165684,-0.474698,0.528724,-0.371937,0.200243,0.257771,0.091438,-0.53809,0.04608,0.101868,-0.37035,-0.035577,0.174342,#
9,0.214049,0.0912,-0.219291,0.351048,0.116621,0.100863,0.373325,-0.251669,0.093954,1.0,-0.02335,-0.094488,0.443181,0.078944,0.012687,0.60598,-0.01695,0.015017,0.074805,-0.056872,0.20497,0.004062,0.004838,-0.377708,-0.123496,-0.463139,-0.039209,-0.406668,-0.104585,0.012496,-0.090041,-0.010928,0.162421,0.099158,0.102682,0.012786,0.090627,-0.323056,-0.036433,0.149238,-0.160826,0.023274,0.005673,-0.311217,0.137654,-0.155898,-0.127883,-0.210722,-0.027276,-0.033451,0.198621,-0.232724,0.263518,-0.080936,-0.184496,0.141717,-0.273396,0.308856,-0.143863,-0.04187,0.102017,0.316582,0.054731,0.282074,-0.428615,-0.083666,0.0,0.005387,0.016838,-0.002275,0.094674,-0.300491,-0.0522,-0.001132,-0.000977,0.078476,-0.110446,0.049628,-0.130722,-0.078637,-0.045959,0.0157,0.119305,-0.113881,-0.109865,-0.082916,0.247011,0.075399,-0.071651,0.178705,-0.347089,-0.236465,0.356571,-0.148151,0.015955,-0.106983,-0.286736,0.074759,-0.470103,0.113186,0.219295,-0.023545,0.001601,0.443099,-0.071045,-0.081181,-0.052328,0.10642,-0.091111,-0.060087,-0.208844,0.0,-0.07337,-0.045164,-0.308175,-0.005457,-0.016883,0.012448,-0.006726,-0.023826,0.029927,0.117504,-0.148428,-0.053105,-0.301125,0.312985,-0.181767,-0.06833,0.128146,0.033689,-0.452228,0.022347,0.127019,0.192104,-0.004293,0.037654,-0.139145,-0.467339,-0.029189,-0.030327,-0.25162,-0.222575,0.02682,-0.160554,-0.054201,0.093262,-0.047872,0.141903,-0.209148,0.016699,-0.105988,-0.250662,-0.139145,-0.382884,0.117108,0.109449,-0.012898,0.222838,-0.11328,-0.14035,-0.037608,-0.047603,0.106362,0.09456,-0.098138,-0.202228,-0.051128,0.165685,-0.166149,0.186665,0.283195,-0.184504,0.254912,-0.064512,0.148377,-0.09306,-0.200923,-0.059246,-0.215607,-0.180334,0.080986,-0.046355,0.230756,0.313716,-0.248563,0.080397,0.080445,-0.138735,0.097248,-0.157089,-0.395317,0.194891,0.06013,0.168598,0.162219,0.291923,-0.140121,-0.066925,-0.048934,-0.041635,#
10,-0.15921,-0.312335,-0.061365,-0.136364,-0.042359,0.367064,0.06472,-0.052898,0.005477,-0.02335,1.0,0.377398,-0.167931,-0.373306,-0.178525,0.366677,0.397222,-0.29362,0.042746,-0.418444,0.269742,-0.275634,-0.011842,-0.004845,-0.088071,-0.122867,-0.179584,-0.024264,0.109006,0.06444,-0.023933,0.211739,-0.47343,0.104399,0.335702,0.04005,0.202912,0.119554,0.265891,0.432775,-0.344208,-0.031306,-0.05022,0.074811,-0.219196,0.332624,-0.268571,-0.298562,0.026922,-0.165797,0.366532,-0.018381,0.084971,0.060173,0.566402,0.070478,-0.379757,-0.023922,-0.196139,-0.131261,-0.098529,-0.052742,-0.004038,0.003798,0.104072,-0.337872,0.0,-0.174068,-0.246807,-0.451839,0.197756,0.212643,0.113186,-0.281531,-0.137065,0.316131,-0.096714,-0.009866,0.002675,-0.343474,-0.257722,0.191702,0.078412,0.201572,-0.349593,0.037884,-0.156155,0.181244,-0.323874,-0.205504,0.079725,-0.261327,0.135383,-0.301492,0.140514,-0.023018,-0.298869,-0.044005,-0.033281,0.242731,0.121653,0.093295,-0.255948,-0.389566,-0.164,-0.111147,-0.177635,0.335776,-0.136077,0.481865,-0.535677,0.0,-0.125993,-0.136715,-0.136618,-0.160308,0.066879,-0.117785,-0.292746,0.260736,-0.40661,0.122829,-0.287224,0.251198,0.101927,-0.088401,0.417141,0.031778,-0.136534,-0.020458,0.110868,0.012823,-0.157797,-0.0986,0.030232,0.171431,-0.269785,-0.238564,-0.166735,-0.060696,-0.487861,0.175805,0.012434,0.193856,-0.250861,-0.164794,-0.071511,-0.030459,-0.136483,-0.248042,0.126804,-0.08952,0.162137,-0.416343,-0.276988,-0.098121,0.110692,-0.34078,-0.159059,-0.008886,-0.047947,0.03966,-0.198449,-0.38015,-0.184736,-0.19273,-0.333578,0.116719,-0.079838,0.014134,0.165479,-0.184518,-0.00218,-0.451856,0.32916,-0.214403,-0.389566,0.480901,0.153276,0.363636,-0.124223,0.273883,0.218722,0.108442,-0.006791,0.044806,-0.041306,0.206738,0.504155,0.080224,-0.257694,0.345269,0.004362,0.077735,-0.068517,0.362357,0.263293,-0.214312,-0.223502,-0.113974,#
11,-0.011687,-0.239567,0.363927,-0.21502,-0.126445,0.129931,-0.010082,-0.351363,0.314701,-0.094488,0.377398,1.0,-0.254964,0.113926,0.165176,0.093621,0.343695,-0.239987,0.145123,-0.216315,-0.286669,-0.436195,0.073043,-0.258157,0.074441,0.044846,-0.108777,0.109948,0.159561,0.172038,-0.286453,0.209562,-0.748427,-0.132577,-0.186426,0.208333,-0.130567,0.098339,0.404213,0.346091,-0.192241,-0.16772,-0.219975,-0.033683,0.053238,0.068021,0.173854,-0.286782,0.203136,0.263244,0.226702,0.039598,-0.523883,0.072604,-0.073765,0.195966,-0.316871,-0.202572,-0.278297,-0.069115,-0.128092,0.115877,0.19603,0.069512,0.3286,-0.071421,0.0,0.072253,0.168565,-0.205243,0.545407,0.172357,-0.154014,0.012681,-0.06265,0.31794,-0.575398,-0.093991,-0.059823,-0.27136,0.083687,-0.049466,0.022115,0.298568,-0.109667,0.164935,-0.305095,-0.060535,-0.231605,-0.272326,-0.070639,0.029634,-0.135255,-0.018498,-0.115772,-0.061679,-0.054369,-0.293595,0.074877,-0.183358,-0.090298,0.026356,-0.182795,-0.127903,-0.453477,0.025591,-0.108026,0.05733,0.069461,-0.126044,-0.350142,0.0,-0.368898,0.193755,-0.393183,-0.037257,-0.010391,-0.081719,0.02803,0.005804,-0.459692,-0.120682,-0.223439,0.006205,0.246518,-0.007071,-0.18293,-0.354669,-0.318388,-0.263632,-0.027746,-0.256771,-0.120683,0.097566,-0.068676,-0.277531,0.146689,0.080891,0.0256,0.019637,0.009222,0.210867,-0.049596,-0.251601,-0.35899,-0.350534,0.358788,0.136991,0.137317,0.004598,0.049759,-0.003318,0.146689,-0.049433,-0.358839,-0.137834,0.34915,-0.235674,0.086337,0.302226,-0.151669,0.009226,0.079255,-0.288236,-0.060294,-0.121098,-0.13317,-0.120376,-0.128074,-0.041266,0.405763,-0.306188,-0.065782,-0.4136,0.214191,-0.125989,-0.097784,0.032727,0.034658,-0.04228,-0.070551,0.245676,0.409873,-0.112333,0.432787,0.125591,0.366956,-0.081654,-0.19488,-0.01211,-0.339945,0.374447,0.033967,0.02273,-0.084694,0.088256,0.276778,-0.307816,-0.169519,0.447036,#
12,0.173643,0.199365,-0.312445,0.251849,0.070016,-0.308678,0.144073,-0.094073,-0.139356,0.443181,-0.167931,-0.254964,1.0,0.03122,0.170506,0.373612,-0.389719,0.083595,0.181991,0.068369,0.412715,0.211461,-0.102908,-0.116444,-0.016779,-0.210561,0.207877,0.053824,0.009575,0.122813,-0.01133,0.053989,0.175062,-0.011103,0.124838,-0.215398,0.046972,-0.274702,-0.234217,0.193333,-0.159201,0.09391,-0.002976,0.254058,0.356302,-0.445064,-0.192895,0.109848,-0.316174,-0.284792,0.19252,-0.044366,0.211726,-0.079747,-0.16173,-0.096519,-0.018786,0.108964,-0.122266,0.012475,-0.292267,0.246004,-0.175542,-0.052106,-0.038542,0.299856,0.0,0.083136,0.074817,-0.198835,-0.214766,-0.156373,-0.087909,0.295307,0.084989,0.057411,-0.226518,-0.379647,-0.078322,-0.153525,-0.090321,-0.249349,0.243951,-0.154766,-0.0332,-0.488342,0.144004,-0.125068,-0.321988,0.109167,-0.114846,-0.49053,-0.110142,-0.040786,0.091592,0.071037,-0.264757,-0.023337,-0.366908,0.048242,0.119894,-0.148318,0.018558,0.402408,0.127583,-0.139496,-0.046161,-0.05432,-0.323723,-0.248389,0.216965,0.0,-0.139496,0.038539,-0.087633,-0.076695,0.203916,0.084993,-0.270233,-0.118928,-0.092365,-0.074802,-0.295905,-0.128355,-0.284514,0.20599,-0.373925,-0.188337,0.12292,-0.078852,-0.376255,-0.274751,0.142329,0.066027,-0.262147,0.11232,-0.151875,-0.196751,-0.019579,0.015665,-0.27464,0.058573,0.075105,-0.157832,-0.137302,0.121979,-0.340037,0.418946,-0.381404,-0.015524,0.049617,-0.30289,-0.151875,-0.283866,-0.314245,-0.016681,0.054883,0.131752,-0.241641,-0.090419,-0.157731,-0.166919,0.080827,0.131207,-0.340517,-0.095673,-0.086866,-0.037887,0.17923,-0.07366,-0.114483,0.185427,0.125461,-0.001327,0.245817,-0.0332,-0.219305,-0.110053,0.063098,-0.092763,0.351043,-0.094074,0.035375,0.206662,0.194229,0.015765,0.048407,0.08925,0.11665,0.144334,-0.15066,0.118214,0.316099,0.264888,-0.040441,0.213216,-0.0791,0.129942,0.183296,-0.093505,#
13,0.394869,0.414031,0.149368,-0.144221,-0.0285,0.067071,0.026532,-0.253166,0.443506,0.078944,-0.373306,0.113926,0.03122,1.0,0.411238,0.077086,0.017788,0.210084,-0.256991,0.18434,-0.415563,-0.047876,-0.023673,-0.473508,-0.132678,-0.122702,0.178929,-0.277332,0.344761,0.187942,-0.409688,0.070577,-0.131784,-0.117571,-0.216005,0.021188,0.038431,-0.181135,0.19688,-0.194227,-0.097308,0.272847,-0.304065,-0.00148,0.199969,-0.25775,0.546644,-0.002469,-0.121908,0.167844,-0.190399,-0.064132,-0.053485,-0.075633,-0.652053,0.238387,0.124789,0.337713,0.090836,0.348167,0.082129,0.268952,-0.04279,-0.322494,-0.232489,0.093881,0.0,0.507797,0.294688,0.015697,0.070676,0.33989,-0.062045,0.364563,-0.14791,0.061389,-0.342692,0.070537,-0.513758,0.250049,0.152144,-0.310312,0.13354,0.081181,0.269035,0.134157,0.068725,-0.265103,-0.08596,-0.197397,-0.148,-0.016632,-0.084351,0.378242,-0.187405,-0.125079,0.219198,-0.123592,0.274414,-0.234201,0.250595,-0.047469,-0.20661,0.094294,0.078931,-0.230992,-0.097403,-0.246759,0.14835,-0.232221,0.189701,0.0,-0.223439,0.336794,0.020888,-0.143885,-0.205723,0.019423,-0.014828,-0.366705,0.014064,-0.048591,0.051526,-0.208127,0.07205,0.144037,-0.329921,0.056563,-0.327202,-0.179785,-0.018541,0.022019,-0.52293,-0.156162,-0.162921,-0.385137,-0.139973,0.096036,0.216809,-0.018313,0.016819,-0.217115,0.002896,-0.284717,-0.02417,-0.358802,0.14345,0.292005,0.047948,0.540129,-0.015657,-0.215377,-0.139973,0.033492,-0.039086,0.092634,0.42579,0.195167,0.106511,0.031031,-0.375102,-0.057596,0.478811,0.598305,0.268435,0.134802,-0.051846,-0.203731,-0.150289,-0.324259,-0.04686,-0.127519,0.00263,0.150393,0.106075,-0.068468,-0.202119,-0.228863,0.10908,-0.201186,0.40929,0.148326,0.008978,-0.133119,0.205449,-0.071243,0.301454,0.020099,-0.482072,0.176155,-0.180664,0.003714,0.258306,0.189961,0.082958,-0.306384,-0.547454,-0.250201,-0.018607,0.17439,#
14,0.563398,0.252328,-0.203188,-0.179046,0.135023,-0.136114,0.195424,-0.207423,-0.00262,0.012687,-0.178525,0.165176,0.170506,0.411238,1.0,0.090062,0.134376,-0.109609,-0.273431,-0.24516,-0.305833,-0.307835,0.011908,-0.493458,-0.046415,-0.074422,0.233772,-0.206958,0.252817,-0.037105,-0.433818,0.143013,-0.178946,-0.280873,-0.176786,-0.106284,-0.015472,0.070863,-0.110251,0.159734,-0.052683,0.037028,-0.572478,-0.051678,0.612462,-0.429955,0.387088,0.035365,-0.108749,0.01007,-0.359926,-0.067906,-0.203842,-0.254751,-0.302723,0.359293,0.006914,-0.163185,0.100448,0.255543,-0.348353,0.639417,0.253397,-0.247027,0.025029,0.069436,0.0,0.021521,0.204861,-0.315196,0.239077,0.126176,-0.245159,0.163501,0.208005,0.046176,-0.280773,-0.269886,-0.2311,0.474397,0.071349,-0.361556,-0.12915,-0.139034,-0.059358,0.087749,-0.028873,-0.122835,0.058429,-0.260247,0.132403,-0.259091,-0.244843,0.361803,0.161967,-0.037947,0.077465,-0.136105,-0.102748,-0.134576,-0.133438,-0.458166,-0.026314,0.165132,-0.056992,-0.131031,-0.065941,-0.257883,0.253977,-0.253936,0.273985,0.0,-0.350166,0.067969,-0.143889,-0.21856,0.094066,0.118461,0.041152,-0.384938,-0.079692,-0.132812,-0.264208,-0.073674,0.213448,0.161967,-0.420867,0.294031,-0.021443,-0.086413,0.070229,-0.207467,-0.205335,-0.289112,0.07022,-0.105479,-0.114682,-0.173402,-0.096453,0.033933,0.093806,-0.059317,0.175013,-0.140405,-0.173793,-0.049221,0.18905,0.25611,0.203485,0.118051,-0.143145,0.150403,-0.114682,-0.086413,-0.037765,-0.023427,0.297183,0.015522,-0.203289,-0.032115,-0.542688,0.024416,0.124566,0.079501,0.013226,0.153599,-0.245113,0.049505,0.167009,-0.421133,-0.061385,-0.114623,-0.103465,0.073448,-0.059399,0.119864,-0.165599,-0.054783,0.32424,-0.092447,0.090646,0.11238,-0.103836,0.014182,0.289792,-0.083633,0.538485,0.051526,-0.174848,-0.05454,-0.015628,0.112177,0.375869,0.362804,0.248571,-0.024467,-0.239967,0.219264,-0.166689,0.248483,#
15,0.096973,-0.033123,-0.362622,0.038375,0.096153,0.136447,0.365613,-0.416261,0.090808,0.60598,0.366677,0.093621,0.373612,0.077086,0.090062,1.0,0.305306,-0.061987,0.158517,-0.272028,0.126013,-0.162381,-0.003585,-0.373601,-0.158386,-0.432956,-0.197291,-0.198283,-0.048307,0.316411,-0.275322,-0.049206,-0.168806,-0.161422,0.158934,-0.072352,0.092692,-0.190702,0.307777,0.306341,-0.49078,-0.14053,-0.179,-0.029081,0.137405,0.111186,-0.120075,-0.402419,-0.057772,-0.007203,0.469475,-0.130441,0.318671,-0.128431,0.040528,0.318713,-0.088551,0.205487,-0.018051,0.145297,-0.185239,0.418094,0.046226,0.083289,-0.169961,-0.239385,0.0,0.011184,0.17163,-0.463486,0.248812,-0.172843,-0.267755,-0.036142,-0.123683,0.189129,-0.361068,-0.315093,-0.336454,-0.007687,0.008075,0.048296,0.209142,0.138857,-0.131421,-0.121733,0.081294,0.141929,-0.199348,0.087884,-0.015742,-0.419749,0.158911,-0.024217,-0.043197,-0.349852,-0.231375,-0.038191,-0.338777,-0.161672,0.150457,0.070054,-0.211921,0.256499,-0.136037,-0.331364,-0.306326,0.238539,-0.068233,0.27677,-0.411455,0.0,-0.152827,-0.173062,-0.279044,-0.330175,0.057058,-0.025743,-0.011328,-0.174069,-0.263376,0.016688,-0.187283,-0.097472,-0.084655,0.113303,0.017373,0.193107,-0.122893,-0.252421,-0.135272,-0.175407,-0.038883,-0.020526,-0.243337,-0.07078,-0.230146,-0.424066,-0.090371,-0.172987,-0.416181,0.001831,0.141807,0.014903,-0.326543,-0.178028,-0.01468,0.109846,-0.195832,0.059047,0.030881,-0.381345,-0.230146,-0.633292,-0.221924,-0.159656,-0.076589,0.103529,-0.431051,-0.01351,-0.311528,-0.272265,-0.107899,-0.039579,-0.088396,-0.232333,-0.266734,0.018601,-0.14724,0.01196,0.092926,-0.225822,0.129143,-0.151438,0.424775,-0.146786,-0.332328,0.256045,0.081565,0.114681,0.159133,-0.120805,0.219,0.538033,-0.139413,-0.132591,0.24487,-0.249747,0.195121,-0.021043,-0.365757,0.497197,0.405874,0.278856,0.147609,0.245619,-0.072905,-0.165917,-0.160385,-0.193392,#
16,-0.052855,-0.511678,-0.118959,-0.049462,0.213762,0.00298,-0.068326,-0.276627,0.017783,-0.01695,0.397222,0.343695,-0.389719,0.017788,0.134376,0.305306,1.0,-0.221896,-0.020705,-0.090496,-0.237726,-0.50719,-0.140648,-0.275045,-0.1607,0.146712,-0.444746,-0.315054,-0.052794,-0.039236,0.024388,0.124306,-0.241926,0.05783,0.203449,0.16065,-0.141236,0.262605,0.170963,0.035427,-0.301186,-0.401301,-0.527146,-0.15169,0.170665,0.164328,-0.063145,-0.48248,0.024955,0.223081,0.257349,0.15187,0.031316,0.098033,0.096385,0.206328,0.139423,-0.18936,0.222544,-0.05907,-0.258931,0.229127,0.174776,0.115474,-0.132325,-0.633135,0.0,-0.308855,-0.227965,-0.29671,0.538034,0.1144,-0.326953,-0.212874,-0.041427,0.152001,-0.148488,0.171522,-0.204477,0.311284,0.096748,0.464389,0.096349,0.350175,-0.161778,0.216171,-0.193247,0.000355,0.199428,-0.083311,0.103221,0.094565,0.390672,-0.041394,-0.111532,-0.374516,-0.056937,-0.169254,0.013043,0.107439,0.040021,0.099292,-0.276826,-0.220849,-0.310098,-0.082578,-0.150425,0.029831,0.103973,0.37356,-0.411182,0.0,0.10963,-0.093256,-0.2022,-0.028524,0.074518,-0.104235,0.282126,-0.087043,-0.206221,0.292135,0.120493,0.253641,0.294176,0.053295,-0.021759,0.039628,0.116635,-0.212413,0.407611,0.251707,-0.016675,0.185834,-0.077742,-0.025884,-0.152944,-0.152501,-0.49501,0.224569,-0.276574,-0.038333,0.144178,0.252817,-0.319303,0.078477,0.377471,-0.35046,0.311523,-0.275774,0.166627,0.034201,-0.152944,-0.219857,0.048732,-0.140067,0.036675,-0.015724,-0.157218,0.312978,-0.092231,-0.081712,0.08224,-0.144566,0.042513,-0.134061,0.147907,0.13512,0.048028,0.153656,0.400548,-0.219189,-0.014922,0.228232,0.048447,0.153087,-0.220849,0.234135,0.044678,0.329789,-0.188169,0.084979,0.186179,-0.052836,-0.14171,0.099053,0.043987,0.104351,0.166378,-0.387822,0.062825,0.08607,-0.044458,-0.068582,-0.014979,0.003542,0.154369,0.099937,-0.102118,0.261339,#
17,-0.106733,0.222433,0.189625,0.124741,-0.124291,-0.12448,-0.031967,0.034598,0.190117,0.015017,-0.29362,-0.239987,0.083595,0.210084,-0.109609,-0.061987,-0.221896,1.0,0.081393,0.132477,0.016741,0.106089,-0.104748,0.025996,0.178724,0.075844,-0.254748,-0.086447,-0.005344,0.10041,0.139728,0.099624,0.368462,0.211368,0.033978,0.08256,-0.145555,-0.018665,0.053962,-0.307868,0.006595,-0.021155,0.036683,0.256764,0.000307,-0.01453,-0.035181,0.120534,-0.121034,-0.121306,0.078616,-0.016799,0.122201,-0.172869,-0.138465,-0.07269,0.342147,0.386207,-0.006236,-0.202512,0.245552,-0.444158,0.080077,-0.160528,-0.092003,0.017961,0.0,-0.102704,-0.041542,0.122235,-0.031956,-0.150999,-0.313341,-0.046604,0.299637,-0.148238,0.190567,0.12719,0.094105,0.114989,-0.014701,0.135933,-0.032014,-0.116738,0.752922,0.026908,0.348121,0.076122,0.060628,0.343973,0.022208,0.329481,-0.066984,0.265427,-0.108882,-0.401395,0.147412,-0.073146,0.231309,0.154145,0.206866,-0.004669,0.187929,0.230549,0.106068,0.324447,-0.093946,0.056947,-0.074879,-0.119102,0.116253,0.0,0.51425,0.317807,-0.022819,0.27922,0.177055,0.422347,0.012023,0.181356,0.278226,0.332757,0.045929,0.176442,0.18988,0.368958,0.100475,0.095067,-0.289763,0.269023,0.139753,0.060337,-0.184314,0.26304,-0.139055,0.077753,-0.24983,0.21166,0.236713,-0.080423,0.046356,0.267456,0.1334,-0.179901,0.444816,-0.248752,0.070171,-0.119343,0.112484,0.056665,0.087195,-0.118015,0.159211,0.070539,0.226184,0.036628,0.03473,0.316998,0.141697,0.110123,0.087472,0.145242,0.005757,0.403795,0.200242,-0.258477,0.135695,-0.008593,0.201923,0.28671,-0.11927,-0.153605,0.243706,0.139714,-0.127165,0.283366,-0.073864,0.026441,0.022418,-0.111802,0.272609,-0.149452,-0.036037,0.026566,-0.231218,0.098755,0.037087,0.175889,-0.445218,0.265796,0.205496,-0.133292,0.158894,-0.500367,-0.06713,-0.148547,-0.190251,0.109605,0.411771,-0.355793,#
18,-0.229427,-0.00981,-0.013697,-0.160674,0.141356,0.114149,0.020204,-0.414367,0.268625,0.074805,0.042746,0.145123,0.181991,-0.256991,-0.273431,0.158517,-0.020705,0.081393,1.0,-0.055766,0.364395,0.021224,0.496111,0.067896,0.05864,-0.114801,0.155624,0.259888,-0.206766,0.350238,0.048287,-0.221172,-0.133794,-0.000485,-0.02612,0.141287,-0.190032,-0.432848,-0.072859,-0.168654,-0.040631,-0.115872,0.270996,0.019275,-0.084191,0.159054,-0.103671,-0.172418,-0.056844,-0.012501,0.280049,0.253527,0.09636,-0.132557,0.10831,0.208405,-0.08129,-0.045622,-0.309973,0.147951,-0.074579,-0.15198,-0.067571,0.086806,0.269026,0.26849,0.0,0.036311,-0.041104,0.103555,0.207997,-0.041558,-0.251353,0.182427,-0.109654,0.32663,-0.196805,-0.456951,0.154832,-0.169091,-0.152106,-0.119806,-0.336792,0.294043,0.018541,-0.260144,-0.065585,-0.191527,0.112278,0.363432,-0.013604,0.069121,-0.064677,0.134148,-0.056137,-0.146852,-0.082497,-0.167881,-0.498666,-0.179268,0.123231,0.255384,-0.06588,0.250488,-0.126342,-0.145689,0.022357,0.082522,-0.038261,0.126753,-0.073817,0.0,-0.011735,-0.173498,-0.428476,-0.156894,0.198463,0.010512,0.357235,-0.040257,-0.284597,-0.175038,-0.176711,-0.429234,-0.025849,-0.244894,0.151664,-0.2596,-0.076074,-0.283896,-0.083987,0.023216,0.163154,0.196376,-0.544367,-0.104855,0.212689,-0.224389,-0.312795,-0.329953,-0.142962,0.123845,-0.358882,-0.249826,-0.145612,-0.131312,0.010144,0.107737,-0.149193,-0.177944,0.250797,-0.321756,0.212689,-0.23966,-0.37832,-0.386096,-0.165366,0.406807,-0.073914,0.140048,0.034356,-0.307515,-0.260218,-0.211094,0.054181,-0.162776,0.185753,-0.056521,-0.364858,-0.027943,0.276374,0.359174,-0.107321,-0.105951,0.492945,-0.315162,-0.002734,0.279276,0.161285,0.144255,0.222345,0.113216,0.181466,0.162493,0.287003,0.428598,-0.043984,0.096684,-0.198253,0.186628,-0.065226,0.206719,-0.071124,-0.063706,-0.572772,0.365363,0.200235,0.084099,0.355636,0.220495,#
19,-0.010159,0.043174,-0.000644,0.241973,0.210989,-0.175139,-0.200046,0.166779,0.175344,-0.056872,-0.418444,-0.216315,0.068369,0.18434,-0.24516,-0.272028,-0.090496,0.132477,-0.055766,1.0,0.050056,-0.006043,-0.119145,0.204564,0.045845,0.15677,-0.153009,0.089103,-0.046691,0.113383,-0.045818,-0.158225,0.426471,0.326453,-0.14381,0.029367,-0.095798,-0.122549,-0.245087,-0.077556,0.182325,-0.066683,0.016084,0.060433,0.129054,0.024547,0.026211,0.221606,0.124573,0.10567,-0.061807,0.079703,0.086701,0.063461,-0.412441,-0.097988,0.318497,-0.021814,0.115696,-0.045105,-0.018288,0.043479,-0.126912,0.076514,-0.191624,0.067606,0.0,-0.113865,-0.140744,0.202521,-0.195436,0.146584,0.107135,0.096912,-0.210985,0.007843,0.309506,0.371656,0.117013,-0.044555,0.206655,0.017692,0.183316,0.053702,0.157699,0.093341,0.028957,-0.386579,0.053702,0.085939,-0.234818,0.300144,0.078913,-0.10922,-0.453862,-0.218114,0.125775,0.026829,0.053702,-0.04301,-0.103322,0.273549,-0.033033,-0.12862,-0.083358,0.193423,0.137104,-0.370085,0.103971,-0.241726,0.356906,0.0,0.449285,0.216588,-0.011393,0.124623,0.311427,-0.229919,0.253838,-0.242653,0.491162,-0.271999,0.238445,-0.141935,0.060238,-0.017854,-0.109159,-0.301644,0.159081,-0.001762,-0.25855,0.184158,0.184068,0.105238,-0.112495,0.000556,-0.089073,0.172986,0.092198,0.080616,-0.161073,-0.474403,0.082921,0.018931,0.093308,0.203335,0.100575,-0.085768,-0.110576,0.164041,0.000445,-0.032981,-0.089073,0.265802,0.410592,0.311495,0.006035,0.172361,0.046846,0.127447,0.080571,0.095824,0.078376,0.254207,-0.055387,-0.023626,0.119896,0.123605,0.055047,0.127447,-0.231696,0.225243,0.002918,0.220078,-0.030623,-0.051871,-0.12862,-0.242413,-0.243791,-0.200878,0.163758,-0.120116,-0.031473,-0.348045,0.241756,-0.056269,-0.240303,0.138223,-0.370624,-0.104659,0.189814,-0.230813,0.055221,-0.178638,-0.264027,-0.297057,-0.046036,0.055962,0.304273,0.019327,#
20,-0.089792,0.181351,-0.279819,0.29722,0.171176,0.207156,0.190727,-0.001558,-0.194184,0.20497,0.269742,-0.286669,0.412715,-0.415563,-0.305833,0.126013,-0.237726,0.016741,0.364395,0.050056,1.0,0.288869,0.126905,0.299146,0.13333,-0.109263,0.17884,0.13608,-0.14054,0.294679,0.194444,-0.097177,0.20419,0.154557,-0.068871,-0.222004,0.050429,-0.240798,0.089155,0.100389,0.076236,0.030714,0.364683,0.13302,-0.119146,-0.096214,-0.542463,-0.01762,-0.364136,-0.321089,0.256017,-0.031041,0.270768,-0.100092,0.208993,-0.018219,-0.242484,0.176209,-0.100326,-0.087765,-0.109436,-0.108295,0.06875,-0.024092,-0.089309,0.088059,0.0,-0.136837,-0.318626,0.199333,-0.200516,-0.059306,0.320192,0.034196,-0.1135,0.343644,0.171061,-0.109675,0.175288,-0.289696,-0.372592,-0.035334,0.07652,0.147889,-0.23015,-0.404737,0.352582,-0.329586,-0.055488,0.015521,-0.033882,-0.233879,0.259507,-0.126215,0.091395,0.022013,-0.356857,-0.066321,-0.222851,0.372565,0.326875,0.178589,0.044348,0.209902,0.361357,0.009724,0.029672,-0.05357,-0.150286,0.136279,-0.090108,0.0,0.018188,-0.15861,-0.074367,-0.054957,0.230124,0.028923,-0.114446,-0.047752,-0.024538,-0.025263,-0.243733,-0.034612,-0.112134,-0.097018,0.487593,0.082266,0.047717,0.004406,-0.32127,0.016905,0.210986,0.040509,-0.113048,0.215321,-0.318975,-0.488313,-0.185717,-0.317387,-0.576813,-0.021294,-0.235921,-0.08256,-0.07949,0.025014,-0.491531,0.319275,-0.20932,-0.130452,0.021959,-0.207419,0.154562,-0.446984,-0.176718,0.112583,-0.244087,0.103985,0.120755,-0.215915,0.174394,0.070665,-0.120325,-0.013672,-0.122453,-0.182731,-0.168574,0.025551,0.007408,0.137994,-0.037104,0.256408,-0.071846,-0.068553,0.314037,-0.356345,-0.460596,0.290137,0.138396,0.007615,0.183593,-0.109204,0.028287,0.108181,0.022023,0.215749,-0.345066,0.323478,0.180735,0.226382,-0.047502,0.21152,0.072814,0.187507,-0.144235,0.464108,0.016565,0.24443,0.240538,-0.173001,#
