0,1.0,0.33274,-0.224072,-0.341453,0.464096,0.25585,-0.025434,0.136396,-0.145177,0.26331,-0.144053,-0.002833,0.626527,0.325313,0.037198,0.003556,0.024944,0.229513,-0.350361,-0.031777,-0.198695,0.516299,0.408937,-0.091548,-0.175118,-0.222585,-0.021246,-0.477764,0.24363,0.237702,0.038054,0.05827,-0.041125,-0.27837,-0.345855,0.165288,-0.116396,-0.030333,0.173663,-0.317255,-0.06081,-0.07313,-0.169976,0.121756,-0.057997,-0.24665,0.265332,0.405126,-0.489884,-0.128156,0.160822,-0.349867,-0.068616,-0.325425,-0.145159,0.149824,-0.032879,0.055737,0.339317,0.28457,0.51502,0.061716,-0.350344,-0.218966,0.042173,0.49959,-0.119701,0.246999,0.290859,0.046765,-0.038931,0.152993,-0.437256,-0.180615,-0.58472,0.362119,-0.085995,-0.252466,-0.445157,-0.099844,-0.177828,-0.255974,0.020537,0.160888,-0.029048,-0.200249,-0.032547,-0.098375,-0.113154,-0.348369,-0.12141,-0.346069,-0.294079,0.266787,0.092973,-0.024946,0.174433,-0.35534,-0.089888,-0.126565,0.277534,-0.318376,-0.203074,0.185819,-0.186481,-0.331269,-0.128628,-0.119093,-0.417185,-0.353406,0.262441,0.048945,-0.141057,-0.295171,-0.130831,0.185673,-0.381345,-0.298933,0.345607,-0.434991,-0.293208,-0.282243,0.109704,-0.28696,-0.30001,0.323373,0.049609,-0.111761,0.297827,0.083713,-0.42359,0.034099,-0.239681,-0.105298,-0.672882,-0.126741,-0.068007,-0.412619,0.356662,-0.248958,-0.055775,-0.227837,-0.327539,-0.040124,-0.156965,-0.138307,-0.141748,0.282837,-0.252146,-0.623703,-0.084452,-0.356041,-0.059197,-0.287928,-0.00391,-0.144348,0.445785,0.425313,-0.14819,-0.551372,-0.183487,-0.163106,0.136864,-0.483345,0.050261,0.698613,-0.304771,-0.285052,-0.273713,-0.497043,-0.037256,-0.044609,-0.441459,-0.056577,0.198967,-0.695056,-0.032461,0.085056,0.526152,-0.038752,0.239747,-0.112318,-0.265112,0.024873,0.237518,-0.409442,0.543198,-0.335995,-0.39431,0.28855,0.127123,0.256942,0.22982,0.141096,0.059149,0.016878,0.03552,-0.278093,0.355154,0.254707,#
1,0.33274,1.0,0.292213,-0.325338,0.105066,0.09313,0.485225,0.109669,0.385284,0.106553,-0.177984,-0.159124,0.474869,0.179197,0.372097,-0.219571,0.173663,0.248732,0.137611,-0.204627,-0.384901,0.054228,0.415433,-0.27186,-0.205559,-0.409202,0.338758,-0.157228,0.053339,0.263873,-0.49735,0.087927,0.161749,-0.069839,-0.176869,0.519161,0.193525,-0.138959,-0.033988,-0.118942,-0.225015,0.205808,0.067861,0.267775,0.473966,-0.448761,0.341341,0.138332,-0.134315,0.386969,-0.058027,-0.445028,-0.028085,-0.199678,-0.201728,-0.368646,0.001306,-0.309555,-0.119999,0.277346,0.315931,0.060551,-0.050574,-0.048225,0.068533,0.286765,-0.323395,0.265099,0.419721,-0.055973,0.057381,-0.085441,-0.246931,-0.514145,-0.584727,0.541319,-0.256317,-0.576716,-0.445088,-0.428533,-0.175428,-0.599068,-0.33596,0.166628,-0.542391,-0.188524,-0.371375,-0.243799,-0.462529,-0.518916,-0.298588,-0.153395,-0.616131,-0.057622,-0.24241,-0.216364,0.153306,-0.342775,-0.24745,-0.127905,0.270306,-0.321673,-0.339149,-0.16885,-0.52042,-0.337295,-0.463453,-0.032423,-0.590974,-0.335871,0.157631,0.512377,-0.359318,-0.46529,0.014786,-0.147144,-0.240311,-0.864345,-0.18876,-0.621723,-0.300869,-0.46594,-0.446688,-0.311412,-0.207432,-0.186474,-0.174535,0.18841,-0.099226,-0.070156,-0.424762,-0.454434,-0.595892,0.236372,-0.353313,-0.317307,0.14815,-0.239432,0.314301,-0.584773,-0.382833,-0.083467,-0.514549,-0.220161,-0.174753,-0.279603,-0.497626,0.487581,-0.284198,-0.451141,-0.245404,-0.683833,-0.061458,-0.466872,-0.505714,-0.504011,0.279041,0.655536,-0.337395,-0.39551,0.182149,-0.156426,0.51973,-0.102943,-0.138593,0.551285,-0.310107,0.193564,-0.249961,-0.299096,0.027233,-0.034781,-0.31049,-0.44902,0.368136,-0.171134,-0.242988,0.749521,0.683977,-0.479147,0.432913,0.230832,-0.129538,0.186627,0.236903,-0.146517,0.389008,-0.363571,-0.604227,0.458292,0.11388,0.597603,0.558689,0.305127,-0.171557,0.148278,0.376551,-0.261242,0.101994,0.12174,#
2,-0.224072,0.292213,1.0,0.229891,-0.139363,-0.035036,0.221873,0.01395,0.451438,-0.316946,-0.074822,-0.136513,-0.180935,-0.240588,-0.034791,-0.267353,0.111737,0.282765,0.040215,0.175337,0.015594,-0.202981,-0.009471,-0.176814,0.110503,-0.269319,0.380575,0.452459,-0.126027,0.055901,0.013555,0.168277,-0.06899,0.01934,0.255883,0.132202,0.319427,-0.297639,-0.088199,0.010881,-0.066622,0.217441,-0.111332,0.123162,0.227324,-0.0768,0.049254,0.426611,0.372181,0.116288,-0.21959,0.179218,-0.01692,0.236334,-0.174069,-0.137587,0.022001,-0.306216,-0.351658,0.179544,-0.42142,-0.421084,0.414331,0.23567,-0.116019,-0.045722,0.173327,0.008548,0.008369,0.311865,0.555793,0.341456,-0.062764,-0.13054,0.107085,0.061001,-0.047955,-0.348654,-0.047939,-0.52398,0.388128,-0.065556,-0.072416,0.178709,-0.145175,0.463304,-0.145335,0.119589,-0.06273,0.015813,0.09999,0.044484,-0.221901,0.141912,-0.026406,-0.000886,0.372559,-0.282398,-0.030596,-0.350385,-0.21509,-0.053142,0.056292,0.09008,0.030881,-0.125081,-0.21486,0.220044,-0.367915,0.315206,0.404585,0.023394,-0.144519,-0.060343,0.575417,-0.069696,-0.003218,-0.314011,-0.133554,-0.115376,0.091535,0.120371,-0.058275,0.075546,0.34882,-0.280747,0.005141,0.362367,-0.138546,-0.295982,0.286775,-0.372843,-0.042171,0.019875,0.366455,0.012507,0.133836,0.370904,0.190035,-0.049024,0.007853,0.402543,-0.081,-0.234586,0.049854,0.264461,-0.244214,0.068783,0.270956,-0.05764,0.136608,-0.101876,0.177662,-0.064669,-0.113835,0.091153,-0.01189,0.191265,0.079474,0.100178,0.159414,0.240117,0.146396,-0.03049,-0.109406,-0.03602,-0.176805,0.016801,0.197597,0.190254,-0.070132,-0.036773,-0.21808,-0.050498,-0.345053,0.225928,-0.090643,0.433601,0.171296,-0.504615,0.08018,-0.020505,-0.1965,0.276878,-0.015998,0.013394,-0.020265,0.251234,-0.205062,0.042978,0.524165,0.36194,0.160143,0.055703,-0.297403,0.254665,-0.106756,-0.010059,-0.026998,0.058321,#
3,-0.341453,-0.325338,0.229891,1.0,-0.268384,-0.12746,-0.327343,-0.416308,-0.146679,-0.220354,0.036203,-0.011959,-0.350262,-0.232265,-0.329511,-0.097179,-0.142323,-0.056357,-0.283936,0.541943,0.261017,-0.04314,-0.126657,0.003552,0.260667,0.237876,-0.182811,0.225836,-0.100066,-0.252008,0.452824,-0.089093,-0.24493,-0.054906,0.142393,-0.444504,0.005484,0.069608,-0.477438,0.044616,0.110235,0.071585,-0.239986,-0.006272,0.043292,0.421178,-0.179096,-0.007853,0.233515,-0.051281,0.357127,0.577277,0.104932,0.204384,-0.095693,0.000949,0.395838,0.077337,-0.03499,0.174967,-0.265904,-0.400644,0.359718,-0.109864,0.351195,-0.177503,0.262976,0.170062,-0.155244,-0.102983,0.250933,0.177247,0.368898,0.330444,0.243721,-0.478285,0.227401,0.051486,0.287035,0.27761,0.449311,0.59565,0.366025,0.200383,0.347652,0.102907,0.401759,0.223585,0.304797,0.034454,0.418791,0.306553,0.489673,-0.179246,0.362872,0.053714,0.101484,-0.102685,-0.128802,0.318123,-0.201545,0.370572,0.323621,0.372688,0.210361,0.469638,0.314795,-0.109543,0.430896,0.360034,-0.200021,-0.114972,0.261901,0.462485,0.092394,0.191539,0.473396,0.279875,-0.062375,0.323756,0.30971,0.334393,0.559951,0.312491,0.220495,0.139854,0.297914,0.123477,-0.126115,0.270918,0.199077,0.151402,0.362872,0.103709,0.457725,0.406743,0.020691,0.094739,0.160216,0.391664,0.241878,0.087311,0.230987,0.288927,0.626624,0.383401,0.374293,-0.514264,0.553099,0.502566,0.387721,0.215095,0.080805,0.341395,0.119081,0.357163,-0.390868,-0.202411,0.229615,0.282485,-0.330218,0.077423,-0.25472,0.040113,0.031165,-0.54612,0.03356,0.087625,0.313902,0.178443,-0.457413,0.071478,0.48978,0.176976,-0.51278,0.449473,0.167151,-0.067599,-0.5296,0.183121,-0.381506,-0.252169,-0.146757,0.01208,-0.227867,0.23589,-0.2315,0.213269,0.49668,-0.433974,0.181732,-0.377548,-0.239449,-0.328214,0.211961,0.033575,-0.484722,0.362424,0.116781,-0.18897,#
4,0.464096,0.105066,-0.139363,-0.268384,1.0,0.13441,-0.100791,0.032922,-0.546265,-0.140278,0.100111,0.226259,0.007227,-0.10518,0.257337,0.292188,0.10917,-0.035715,0.053275,0.045542,-0.105896,-0.021129,-0.022488,-0.342049,-0.065317,-0.254122,-0.251751,-0.081315,0.253533,-0.127121,-0.110663,-0.058289,-0.076912,-0.328381,-0.160669,0.123623,-0.354238,-0.201392,-0.03638,-0.001178,-0.25915,-0.167944,-0.127619,-0.150555,-0.018441,0.150263,0.005462,0.458417,-0.264144,0.105189,0.361912,-0.211798,-0.219737,-0.172688,0.344667,0.214272,-0.278134,0.059826,0.130809,-0.182463,0.019916,0.23215,-0.09511,0.043206,-0.050909,0.216199,-0.093247,-0.021406,0.01251,0.145622,-0.138112,0.025665,-0.138815,0.058734,-0.525078,0.570096,-0.203862,-0.362081,-0.381973,-0.19598,-0.139689,-0.36498,-0.208279,0.241467,-0.128526,-0.083544,0.025979,-0.356032,-0.351732,-0.125986,-0.051371,-0.44538,-0.049512,-0.175907,-0.010265,-0.083886,0.055488,-0.481567,-0.036133,0.096337,0.198077,-0.388985,-0.464574,-0.208279,-0.285593,-0.135572,-0.066749,-0.047239,-0.211859,-0.324646,-0.012748,-0.418585,-0.302167,-0.225988,-0.100971,-0.209974,-0.453672,0.035643,0.050102,-0.104741,-0.210896,-0.030526,0.136315,-0.046146,-0.194201,-0.274903,0.001717,-0.045558,0.019659,-0.298708,-0.058048,-0.030982,-0.218723,-0.016565,-0.318251,-0.356797,0.126846,-0.318413,0.011513,-0.029781,-0.114135,-0.030398,-0.067592,0.061621,-0.128639,0.06357,-0.218005,0.034948,-0.377629,-0.393056,-0.190926,-0.184224,-0.453285,0.101692,-0.280037,-0.046416,0.054227,0.189166,-0.122564,-0.264803,-0.155183,-0.418694,0.085344,0.031551,-0.327049,0.295071,-0.167157,0.091696,-0.155393,-0.364091,0.253841,-0.099412,-0.070967,-0.044921,-0.022234,-0.333125,-0.277611,0.008258,0.122275,-0.032192,0.190846,-0.186191,0.21732,0.095937,0.131414,-0.547584,0.143872,-0.13201,-0.381451,-0.093491,-0.033047,0.186745,0.291375,-0.09795,0.115265,-0.412029,0.075414,-0.046849,-0.299394,0.362595,#
5,0.25585,0.09313,-0.035036,-0.12746,0.13441,1.0,-0.053157,0.185723,-0.201193,-0.284154,0.413849,-0.050906,-0.146551,-0.255232,-0.232871,-0.050859,0.420697,0.0001,-0.395436,-0.062028,-0.186328,0.265068,0.191282,-0.079086,-0.249856,-0.369817,-0.204325,-0.398248,-0.271109,-0.319927,-0.133726,0.138612,-0.186425,-0.143382,-0.120537,-0.04815,-0.195417,0.126338,0.197205,-0.126389,-0.031254,0.166147,-0.204305,0.446469,0.276263,0.136573,-0.155953,0.245815,0.015044,-0.261353,0.094847,0.06231,0.100933,-0.058052,-0.094471,-0.232469,0.065985,-0.132359,-0.064423,-0.100705,0.106854,-0.064623,-0.320916,-0.015523,0.035867,-0.033703,-0.250765,-0.096713,0.30175,0.326701,-0.071078,0.464597,-0.059865,0.075005,-0.321226,0.055976,-0.533953,0.143604,-0.449794,-0.148857,0.386697,-0.162228,0.074086,-0.201373,-0.082122,-0.055185,-0.062786,-0.176864,-0.288172,-0.224024,0.013067,-0.12455,-0.127105,-0.022788,-0.04717,-0.021112,0.054386,-0.330019,0.153551,-0.01737,0.283268,-0.253218,0.085772,-0.0778,-0.206284,-0.320173,0.034754,-0.034648,-0.331595,-0.165909,0.156266,-0.053813,-0.020194,-0.128451,-0.094505,-0.253308,-0.511273,0.019895,0.048654,-0.250948,-0.292313,-0.316418,0.277763,-0.307979,0.050416,0.067445,-0.098194,0.000596,-0.105179,0.31482,-0.042037,0.045044,0.103389,-0.107966,-0.153359,0.053106,0.036748,-0.190184,-0.147146,-0.195617,-0.175129,-0.192463,-0.423953,0.38311,0.180591,0.050745,-0.260312,-0.042178,-0.035414,-0.133494,-0.043897,0.229911,-0.341106,-0.127105,0.059037,-0.250279,-0.142277,-0.001288,-0.235427,-0.068555,-0.104922,0.131623,-0.037342,0.102178,-0.226092,0.384171,-0.124436,-0.164708,0.003959,-0.324172,0.134053,-0.332459,-0.308479,0.107668,0.094184,-0.202388,-0.011834,0.119346,0.048862,0.046654,-0.00128,0.226929,0.079089,0.056995,-0.124262,0.061151,-0.083695,-0.038858,-0.06393,0.023033,-0.099875,0.021296,0.19184,-0.18973,0.067849,0.082642,0.246557,-0.288974,-0.161269,0.035402,#
6,-0.025434,0.485225,0.221873,-0.327343,-0.100791,-0.053157,1.0,0.331841,0.339036,0.342365,-0.010671,-0.175276,0.10684,-0.111986,0.338572,0.189243,-0.062887,-0.177703,0.132569,-0.391774,-0.441237,-0.099401,0.2262,-0.068856,-0.260014,-0.291267,0.318919,-0.146753,0.170053,0.270563,-0.611058,-0.266541,-0.014612,0.285362,-0.249207,0.46756,-0.136853,-0.270219,0.40392,0.280522,-0.431654,0.252283,-0.312282,-0.189744,0.139876,-0.229688,0.166818,0.100563,-0.143554,0.103017,-0.331655,-0.275657,-0.194664,-0.116942,-0.148429,-0.314622,0.157394,0.011064,-0.386652,0.223448,0.106017,-0.152418,-0.106796,0.217002,-0.028482,0.267767,-0.049351,-0.02235,0.355452,-0.150059,0.0047,-0.187275,-0.228706,-0.63676,-0.23387,0.37427,-0.276792,-0.536352,-0.256435,-0.056189,-0.339095,-0.454101,-0.48283,-0.019758,-0.200206,0.017033,-0.382294,-0.243692,-0.509546,-0.335391,-0.289806,-0.141867,-0.44877,0.08025,-0.248153,-0.208303,-0.038463,0.107288,-0.011216,-0.246499,0.216534,-0.331499,-0.165225,-0.346867,-0.337754,-0.29655,-0.611511,0.453173,-0.569773,-0.33534,-0.036779,0.517879,-0.307238,-0.447157,-0.02901,-0.049065,0.085482,-0.481543,-0.21827,-0.409513,-0.273041,-0.338643,-0.429375,-0.331824,-0.273743,-0.140489,-0.16489,0.354704,-0.188278,-0.237436,-0.294615,-0.77109,-0.590702,0.1572,-0.164147,-0.298703,-0.085397,0.134199,0.026954,-0.638223,-0.025104,0.114272,-0.397388,-0.175921,-0.133715,-0.410931,-0.321762,0.747821,-0.273383,-0.136125,-0.215746,-0.292499,-0.130633,-0.44877,-0.308184,-0.30468,0.011509,0.279439,-0.326775,-0.194584,0.435697,0.08392,0.460069,0.004022,-0.149261,0.199667,-0.298703,-0.164968,-0.102617,0.093714,0.41234,-0.308996,-0.283391,-0.417513,0.093199,-0.133715,-0.232281,0.394444,0.335336,-0.01632,0.428948,0.126156,-0.105192,0.132576,0.54674,0.047279,0.355606,-0.200489,-0.276731,0.465107,0.097091,0.560254,0.209793,0.446796,-0.339098,0.094187,0.186187,-0.465502,-0.106974,-0.394346,#
7,0.136396,0.109669,0.01395,-0.416308,0.032922,0.185723,0.331841,1.0,0.09019,0.180306,-0.117152,-0.236761,0.086844,-0.058178,-0.049153,0.21022,-0.106692,-0.210959,-0.027856,-0.010165,0.008369,-0.032112,-0.14234,0.318227,0.012928,-0.156044,0.087539,-0.355431,0.162025,0.018725,-0.265279,-0.167062,0.207266,0.135123,-0.231034,-0.095748,0.045138,0.058673,0.620169,-0.273156,-0.186672,0.245296,-0.339092,0.099845,-0.244721,-0.143641,0.423185,0.161087,0.120925,-0.149916,-0.502131,-0.118835,0.023959,0.103934,-0.156049,-0.10798,0.251328,-0.178499,-0.412093,0.237771,0.11457,-0.118357,-0.260366,0.146604,-0.052487,0.076076,-0.039399,0.173596,0.137021,-0.089652,0.186177,-0.003969,-0.209111,-0.092324,-0.024839,0.205329,-0.006954,0.174439,-0.048535,0.137966,-0.088249,-0.196589,0.065685,0.241198,-0.253339,0.209364,0.026291,0.168389,-0.070563,0.195539,-0.375394,-0.061803,-0.231622,0.404976,-0.125644,0.190503,0.276522,0.172908,0.362626,-0.054802,0.231289,-0.091138,-0.099108,0.065685,0.190752,0.081129,-0.239511,0.306401,-0.356067,-0.447898,0.247977,0.119033,0.125673,-0.238788,0.292708,0.108427,-0.02136,0.085439,-0.042544,-0.200307,-0.058141,-0.206838,0.01811,-0.030014,0.175462,0.114495,-0.355921,-0.19379,-0.202332,-0.171299,-0.188372,-0.228643,-0.138336,-0.14756,-0.072816,-0.274963,0.428685,0.314141,0.07154,-0.333138,0.174682,0.248472,-0.265241,0.096038,-0.218463,-0.121288,0.061304,0.194449,-0.015138,-0.405852,0.034638,0.084177,-0.005639,-0.067071,-0.051702,-0.091192,0.364437,0.072357,0.013705,0.00245,0.04611,0.302745,0.045967,-0.206994,0.029034,0.166251,0.098717,-0.509657,-0.338458,-0.073253,0.232227,-0.304581,-0.240423,0.026822,0.133785,-0.044553,0.18577,-0.071339,0.209306,0.006954,0.224989,0.007151,0.098323,-0.224674,0.192062,0.269059,0.013401,0.003786,-0.113672,0.056114,0.252778,0.179947,0.018582,-0.220988,-0.1889,0.064994,-0.003671,-0.482602,-0.01954,0.150051,#
8,-0.145177,0.385284,0.451438,-0.146679,-0.546265,-0.201193,0.339036,0.09019,1.0,0.217921,-0.210049,-0.183268,0.189399,0.078124,0.052463,-0.466673,0.13796,0.070745,0.265298,-0.4016,0.03326,-0.141664,0.135767,-0.013301,0.081703,-0.125585,0.518921,0.262139,-0.068995,0.417825,-0.13665,0.146558,0.032702,0.046522,0.051991,0.319978,0.440206,-0.214141,0.051266,-0.025798,0.04084,-0.017295,0.194925,0.241575,0.354471,-0.459094,0.090612,-0.140199,0.002351,0.316067,-0.53258,-0.147863,0.070345,0.178058,-0.47682,-0.193755,-0.061666,-0.050159,0.043471,0.216151,-0.112641,-0.289539,-0.011923,0.097924,0.080317,-0.040183,-0.019036,0.019246,-0.001133,-0.171234,0.19327,-0.007604,-0.162909,-0.371648,0.036712,0.145165,-0.072973,-0.077401,-0.00136,-0.278158,-0.137432,-0.139817,-0.232784,-0.055835,-0.356358,0.08549,-0.39458,-0.072973,-0.024071,-0.070285,-0.301169,0.046577,-0.507448,0.160132,-0.032783,-0.090291,0.041038,0.099675,-0.057438,-0.270412,-0.158258,0.115089,-0.006117,-0.065089,-0.073419,-0.304346,-0.34176,0.224922,-0.132829,0.118313,0.340224,0.611083,-0.099104,-0.350097,0.241128,-0.01181,0.049418,-0.504516,-0.126866,-0.166931,-0.171773,-0.173045,-0.569304,-0.148938,0.135252,0.037761,-0.32681,-0.032349,0.008632,-0.271445,-0.073172,-0.345186,-0.214999,0.095213,0.034345,-0.232815,-0.033866,0.231734,0.124809,-0.264368,-0.27619,0.266099,-0.075629,-0.463864,-0.27032,-0.129672,-0.40144,0.34376,-0.086295,0.002245,-0.035555,-0.261028,0.222537,-0.345186,0.026472,-0.074942,0.17313,0.306624,-0.043009,-0.113127,0.291865,0.122178,0.324198,-0.36626,0.380283,0.092352,-0.240329,-0.069893,-0.108919,-0.033469,-0.177286,0.24068,-0.166415,-0.217951,0.032421,0.097291,-0.182111,0.520633,0.438958,-0.245781,0.108063,0.235952,-0.231604,0.029957,0.128119,0.198524,0.235207,-0.051044,-0.001407,0.41839,0.223235,0.272346,0.299502,0.33457,-0.470561,0.467874,0.289213,-0.166247,0.113338,-0.141355,#
9,0.26331,0.106553,-0.316946,-0.220354,-0.140278,-0.284154,0.342365,0.180306,0.217921,1.0,-0.340417,0.084969,0.474102,0.368359,0.114084,0.158407,-0.341218,-0.024263,0.077185,-0.150337,-0.217897,0.105824,0.213828,-0.143724,-0.234582,-0.105152,0.287996,-0.186182,0.06938,0.6713,-0.386105,-0.128174,-0.137932,-0.09368,-0.415105,0.196118,-0.207854,-0.043495,0.325871,0.020239,0.030272,-0.038367,-0.070673,-0.181655,-0.250116,-0.509088,0.360604,-0.027104,-0.539064,0.036503,-0.414489,-0.111762,0.075368,-0.171669,0.001878,-0.115917,0.214395,-0.093459,0.02933,0.194188,0.22389,-0.059892,-0.231137,0.035995,0.285489,0.225539,-0.046276,0.060471,0.145243,-0.383207,-0.179582,-0.434899,-0.338575,-0.247371,-0.032668,0.260378,0.043787,-0.1404,0.078806,0.170281,-0.570792,-0.205762,-0.152191,-0.118085,-0.091408,-0.223169,-0.474435,-0.140696,-0.099919,-0.134403,-0.205762,-0.181304,-0.256998,0.119385,0.123264,0.020734,-0.008385,0.422145,0.059769,-0.17418,-0.189269,-0.161236,-0.265539,0.01297,-0.153574,-0.005073,-0.438512,0.047873,-0.026563,-0.484088,0.002248,0.431929,0.068385,-0.278823,-0.347734,-0.075784,-0.032901,-0.192137,0.154601,-0.405579,-0.085904,-0.40943,-0.4271,-0.367928,-0.469494,0.337369,-0.07221,-0.051957,0.012566,-0.217569,-0.315089,-0.097187,-0.45425,0.150288,-0.369066,-0.192145,-0.252935,-0.032493,0.038937,-0.3213,0.158234,-0.326509,-0.322501,-0.459673,-0.133102,-0.372588,-0.154494,0.343379,-0.323241,-0.423467,-0.248761,-0.395182,-0.045873,-0.423467,-0.016463,0.026862,0.405938,0.506389,-0.062438,-0.426937,0.15746,-0.075468,0.140229,-0.132924,0.157801,0.160001,-0.38487,-0.205117,-0.416768,0.012371,0.015569,0.079462,-0.0803,-0.261436,0.253627,-0.316077,-0.137061,0.014401,0.295259,0.224286,0.283652,0.304913,-0.19914,-0.42186,0.215709,0.264383,0.472465,-0.284907,-0.07908,0.515279,0.004747,-0.014801,0.040398,0.41495,-0.185917,-0.124436,0.039702,-0.23928,0.266525,0.080896,#
10,-0.144053,-0.177984,-0.074822,0.036203,0.100111,0.413849,-0.010671,-0.117152,-0.210049,-0.340417,1.0,0.152811,-0.542261,-0.473762,-0.009408,0.259825,0.294941,0.008084,0.128973,-0.263433,0.050492,0.001842,-0.084502,-0.028274,0.067329,-0.090066,-0.389896,-0.152365,-0.092733,-0.449069,0.02773,-0.117139,-0.169814,-0.009916,0.493537,-0.045826,-0.189886,-0.175889,0.041613,0.358699,-0.159883,-0.023111,-0.262572,-0.007053,0.081309,0.554973,-0.313997,0.098871,0.189665,-0.278626,0.406888,0.057304,-0.0846,-0.0234,-0.016855,-0.096895,-0.059736,0.277265,-0.239748,-0.313646,-0.193334,0.123353,-0.185624,-0.235599,-0.102951,-0.246045,-0.273837,-0.101372,0.094307,0.328536,-0.221035,0.03343,0.197643,-0.030115,-0.131668,-0.094896,-0.423707,0.081464,-0.350082,-0.300416,0.193088,0.039798,-0.051906,-0.338604,0.136942,0.085051,0.099914,-0.24917,-0.172964,0.099067,-0.132269,-0.147385,-0.013341,-0.386481,-0.397942,-0.053258,-0.329751,-0.311397,-0.091464,0.017832,0.091381,-0.058375,-0.016628,-0.210461,-0.228178,-0.172117,-0.009915,-0.055527,-0.135532,0.140458,-0.103422,-0.095271,0.062104,-0.177557,0.043551,-0.319683,-0.104782,0.177278,0.18472,0.195674,-0.175524,-0.04242,0.125373,-0.114348,-0.158397,0.021251,-0.327145,0.080068,-0.115223,0.065871,0.244062,-0.007063,0.13836,-0.090573,0.179239,-0.034978,-0.037398,0.059751,-0.160674,-0.087986,-0.284427,0.149739,-0.048497,0.292462,-0.12809,-0.103656,-0.226384,-0.048985,-0.090796,0.326848,-0.21555,0.278016,-0.269126,-0.00667,-0.141611,-0.226384,-0.680665,-0.36811,-0.493381,0.256462,0.019181,-0.103215,0.25588,0.081571,-0.481948,-0.119701,-0.034978,0.136333,0.388706,-0.0427,0.113152,-0.284632,-0.029412,-0.04956,-0.165994,0.055204,-0.168938,0.088303,-0.302937,0.338866,-0.051738,0.053267,0.355566,0.324817,-0.064478,-0.232171,-0.442652,-0.086204,0.295534,-0.301663,-0.384692,0.060843,0.273834,-0.332368,0.077833,-0.08174,0.276899,-0.208804,-0.323962,-0.179397,#
11,-0.002833,-0.159124,-0.136513,-0.011959,0.226259,-0.050906,-0.175276,-0.236761,-0.183268,0.084969,0.152811,1.0,-0.075527,-0.196465,-0.187932,0.200848,-0.010485,0.136727,-0.212081,-0.100985,0.055711,-0.030652,-0.394488,-0.455137,0.001137,-0.237762,-0.269407,-0.017909,-0.015581,-0.08648,-0.000598,-0.265101,-0.154558,-0.099076,0.128309,0.18405,-0.332227,-0.013477,-0.10422,0.099483,0.269747,-0.182743,-0.086386,-0.35831,-0.273919,0.069721,-0.474555,0.211904,-0.058721,0.397622,0.0655,0.087223,-0.125595,-0.06906,0.145438,0.052664,-0.007778,-0.051131,0.104347,-0.195914,-0.080328,0.4213,0.292826,-0.567917,0.245996,-0.143694,-0.150513,-0.264441,-0.187852,0.300721,0.081559,-0.06029,-0.004391,0.34545,0.088867,0.165678,-0.239394,-0.082844,0.106019,-0.054558,-0.004879,0.252011,-0.00912,-0.481518,0.169992,-0.158444,0.035847,0.101376,-0.041016,0.36064,0.108882,0.169458,0.120801,0.107732,0.079752,0.539176,0.036474,0.140225,0.262156,-0.045226,-0.173915,0.133183,-0.330825,-0.002517,-0.129984,0.005536,-0.051401,0.148356,0.239255,0.156452,-0.141005,-0.047502,-0.000446,-0.0629,-0.018464,-0.173895,0.041619,0.163691,0.346598,0.092203,0.279771,-0.064853,0.099326,0.269622,-0.015974,0.006842,-0.073808,0.05642,0.413054,-0.105342,0.091282,0.296306,0.05573,0.13716,0.151569,-0.270346,-0.15716,-0.09384,-0.026722,0.242627,0.24241,0.004375,0.148967,-0.009034,0.154044,0.169421,-0.021066,-0.27885,-0.083485,0.098253,0.078793,0.114291,-0.098655,0.120801,-0.003441,0.310351,0.035695,0.099038,-0.044056,-0.176408,-0.16934,-0.491407,0.028252,0.228283,-0.045493,-0.01675,-0.078037,0.160181,0.210637,0.280909,-0.013744,0.411085,0.267596,0.077017,-0.163679,0.139999,-0.358073,-0.139006,-0.052409,0.131656,0.042599,0.12688,-0.102424,-0.030516,-0.043392,-0.231811,0.139656,0.364513,-0.156901,-0.086415,-0.27244,-0.088727,-0.044322,0.040708,-0.338161,-0.352644,0.356691,0.022322,0.094897,0.277617,#
12,0.626527,0.474869,-0.180935,-0.350262,0.007227,-0.146551,0.10684,0.086844,0.189399,0.474102,-0.542261,-0.075527,1.0,0.55522,0.140378,-0.149952,-0.186315,0.075718,-0.034242,-0.178159,-0.313464,0.281779,0.51777,0.00861,-0.336172,-0.175349,0.301423,-0.311206,0.186223,0.394632,-0.149365,0.001344,0.125134,-0.244137,-0.311858,0.358037,0.266986,0.007584,0.177441,-0.41168,0.089866,0.041452,0.111065,0.113035,0.037299,-0.480746,0.394609,0.124634,-0.326196,0.077884,-0.157901,-0.154941,0.018314,-0.079332,0.019817,0.079695,0.113959,-0.198466,0.312388,0.3966,0.671308,0.072529,-0.179678,-0.064465,0.117551,0.535153,-0.327214,0.389903,0.376306,-0.236858,0.001808,-0.168218,-0.275709,-0.260717,-0.322347,0.372575,0.12237,-0.209228,-0.087716,-0.124499,-0.339294,-0.326511,-0.212272,0.085519,-0.280986,-0.336041,-0.201581,0.135785,-0.101707,-0.379324,-0.154203,-0.137637,-0.421925,0.281005,-0.086954,-0.031661,0.21566,-0.045322,-0.022203,-0.134471,0.0067,-0.026306,-0.099982,0.132115,-0.044929,-0.146027,-0.271538,-0.087617,-0.321675,-0.332725,0.181642,0.328408,-0.04883,-0.280202,-0.176794,0.087756,-0.143983,-0.516944,0.183711,-0.567183,-0.097852,-0.405832,-0.271778,-0.328638,-0.161849,0.186161,0.037044,0.069271,0.291918,0.030428,-0.56192,0.074393,-0.299535,-0.008079,-0.506334,-0.041955,-0.267172,-0.324551,0.42423,-0.386993,-0.128761,-0.243859,-0.390261,-0.299934,-0.030301,-0.102677,-0.207836,0.369032,-0.220399,-0.595204,0.082822,-0.455447,0.188912,-0.428589,0.014747,-0.214275,0.541416,0.592797,0.097376,-0.532579,0.229656,-0.164748,0.067121,-0.181669,0.314427,0.593829,-0.227133,-0.107851,-0.498324,-0.234395,0.001367,0.157852,-0.251641,-0.110967,0.474529,-0.411222,-0.090093,0.149374,0.716502,-0.233104,0.135926,0.057039,-0.192764,-0.054172,0.355507,-0.111683,0.575921,-0.313376,-0.491515,0.458841,0.240751,0.25751,0.183033,0.448436,0.114376,0.001687,0.175167,-0.193829,0.36434,0.311665,#
13,0.325313,0.179197,-0.240588,-0.232265,-0.10518,-0.255232,-0.111986,-0.058178,0.078124,0.368359,-0.473762,-0.196465,0.55522,1.0,0.247312,-0.271293,-0.510825,0.295381,0.076632,0.040677,-0.125494,0.531254,0.458459,0.259778,-0.088207,0.080469,0.428797,-0.009089,0.11062,0.65789,-0.069099,0.092972,0.101033,0.001965,0.006793,0.087638,0.15803,0.087761,0.236517,-0.339696,0.079744,0.167601,0.449466,0.010065,-0.198068,-0.601233,0.56501,-0.305239,-0.240327,-0.005968,-0.240765,-0.21179,0.029851,0.026725,-0.043115,0.017284,0.031911,-0.045166,0.262591,0.306252,0.382293,0.017413,-0.339301,0.111699,0.118038,0.01324,-0.0099,0.366706,0.106855,-0.029532,-0.089326,-0.007598,-0.213087,-0.032168,-0.231963,-0.077444,0.3604,-0.152749,-0.018461,0.091541,-0.260553,-0.27916,-0.026924,0.148911,-0.171089,-0.073477,-0.165407,0.017609,0.095954,-0.170448,0.125274,-0.244084,-0.168364,0.1754,0.186404,0.003105,-0.060142,0.04823,-0.134381,-0.083642,-0.07948,-0.151999,0.008239,-0.026924,-0.176125,0.109819,0.112792,-0.444224,-0.103906,-0.060105,0.142058,0.149427,0.055987,0.102835,-0.292329,-0.048677,-0.07355,-0.257659,0.086261,-0.309202,-0.064265,-0.216991,-0.180336,-0.108561,-0.238757,0.260808,0.090053,0.031159,0.214859,0.061672,-0.075431,0.105762,-0.401389,-0.0767,-0.558119,0.027009,-0.044884,-0.051155,0.239749,-0.144003,0.114067,-0.494225,-0.148215,-0.386014,-0.307288,-0.167916,-0.023152,0.094677,-0.336721,-0.330117,-0.019269,-0.464969,0.227141,-0.386498,-0.041298,0.024749,0.506082,0.217144,0.225805,-0.268409,0.072786,-0.13255,-0.058062,-0.042342,0.228728,0.294025,-0.026559,0.172777,-0.238397,0.019807,-0.069537,0.195042,-0.217625,-0.213369,0.328561,-0.503457,0.110329,-0.041587,0.478097,-0.286509,0.408301,-0.068491,-0.154792,-0.151028,-0.033629,0.089302,0.109452,-0.394013,-0.276997,0.35265,-0.032253,-0.018815,-0.212967,0.212698,0.164149,-0.063392,0.078936,-0.08358,0.472459,0.166155,#
14,0.037198,0.372097,-0.034791,-0.329511,0.257337,-0.232871,0.338572,-0.049153,0.052463,0.114084,-0.009408,-0.187932,0.140378,0.247312,1.0,-0.041343,-0.16887,-0.114306,0.450373,-0.21017,-0.394239,-0.085365,0.261973,0.107221,-0.201779,-0.069153,0.183166,0.247768,0.383781,0.274226,-0.509421,-0.097667,-0.056366,-0.091329,0.16994,0.347997,-0.081002,-0.265164,0.189287,0.237949,-0.438699,0.069018,0.288032,0.115319,0.366008,-0.055818,0.276237,-0.17936,-0.2779,0.103514,0.110743,-0.281759,-0.022575,0.007396,0.061133,-0.374289,-0.253433,0.032833,-0.077614,-0.155142,-0.03541,0.031497,-0.260225,0.304171,-0.111773,0.027366,-0.066619,-0.130791,-0.073446,-0.34616,-0.349134,-0.444705,-0.027564,-0.505813,-0.285362,0.370233,-0.096041,-0.427773,-0.298716,-0.271034,-0.533411,-0.604917,-0.663438,0.332339,-0.383567,-0.020671,-0.37903,-0.26377,-0.455946,-0.218711,-0.138963,-0.168442,-0.139925,-0.251611,-0.411874,-0.37882,-0.509753,-0.179911,-0.429844,0.022751,0.224881,-0.492301,-0.354734,-0.663438,-0.383637,-0.010108,-0.307804,-0.145423,-0.279594,-0.086497,-0.26473,0.3035,-0.355218,-0.465022,-0.341476,-0.150012,-0.079577,-0.378129,-0.521872,-0.201852,-0.298878,-0.135989,-0.451351,-0.148167,-0.100094,-0.519562,-0.180758,0.004176,-0.204179,-0.390134,0.056199,-0.136968,-0.618952,0.198897,-0.364188,-0.304547,-0.101252,0.081249,-0.07426,-0.263852,-0.228081,-0.107045,-0.020281,-0.149949,-0.534752,-0.362558,-0.337801,0.411383,-0.618741,-0.136599,-0.430192,-0.532651,-0.215935,-0.309546,-0.359615,-0.508523,-0.182197,0.090304,-0.349789,-0.034226,0.287949,-0.386021,0.340303,0.009018,-0.350475,0.074038,-0.122719,0.395011,0.074876,-0.122291,0.526364,0.190319,-0.151666,-0.470479,0.536073,-0.358467,-0.237104,0.270082,0.200287,-0.08836,0.444149,0.074829,0.450402,0.344425,0.397437,-0.500374,0.066061,-0.379962,-0.085966,0.307326,-0.082407,0.598259,0.40595,0.469945,0.016371,-0.169532,0.20245,-0.269529,-0.252181,0.088088,#
15,0.003556,-0.219571,-0.267353,-0.097179,0.292188,-0.050859,0.189243,0.21022,-0.466673,0.158407,0.259825,0.200848,-0.149952,-0.271293,-0.041343,1.0,-0.105377,-0.177016,-0.034896,-0.096643,-0.128953,-0.02335,-0.228381,0.044678,0.190909,0.246042,-0.193184,-0.306769,0.364504,-0.140438,-0.302754,-0.278549,-0.092514,0.111145,0.051597,0.084509,-0.384084,0.233538,0.132713,0.275073,-0.082625,-0.383667,-0.604696,-0.369438,-0.23197,0.256763,-0.058798,0.034213,-0.208233,-0.065233,0.115502,0.009246,-0.186348,0.042819,0.237152,-0.07423,-0.10576,0.190823,-0.300016,-0.357767,-0.075238,0.433895,0.143421,-0.173543,0.095778,-0.200656,-0.227672,-0.023346,0.08265,-0.013817,-0.116662,-0.299651,0.138067,0.214889,0.062143,-0.010741,-0.213166,-0.025185,-0.188356,0.086299,-0.295552,-0.105521,0.096665,-0.14264,0.375821,-0.190225,-0.053192,-0.213166,-0.009182,0.121325,0.054637,-0.09119,0.171968,-0.11931,-0.116623,0.320653,0.101638,0.186924,-0.009777,-0.112675,0.0766,-0.089942,-0.349569,0.096665,-0.058489,-0.098068,-0.378999,0.232228,-0.107933,-0.051612,-0.275745,-0.27182,0.191323,-0.200767,-0.15152,-0.000423,0.044124,0.293621,0.107903,0.208733,-0.012038,0.201248,0.058269,-0.090179,-0.233545,0.107903,-0.038856,-0.013861,-0.21389,-0.14817,-0.055537,-0.006292,-0.135837,-0.040048,0.083041,0.054386,0.025763,0.020856,-0.375095,-0.028088,0.23433,-0.002561,0.100197,0.217772,-0.00461,-0.193274,0.093009,-0.054094,-0.048317,-0.024327,-0.124716,0.129844,-0.156727,0.171968,-0.064443,0.111525,0.029305,-0.147727,-0.329757,0.377186,0.174032,-0.032649,-0.027891,0.105362,-0.546736,-0.284496,0.26076,-0.011495,0.010355,0.054386,0.15049,-0.295845,-0.023475,0.051642,-0.19311,-0.024434,-0.091588,-0.275233,-0.305376,0.301687,0.134745,-0.111057,0.070854,-0.210696,-0.021312,-0.023727,-0.104847,0.091631,0.036188,-0.128226,-0.262872,-0.155447,-0.03659,-0.150838,0.010133,-0.11207,-0.002534,-0.081386,-0.00932,-0.082187,#
16,0.024944,0.173663,0.111737,-0.142323,0.10917,0.420697,-0.062887,-0.106692,0.13796,-0.341218,0.294941,-0.010485,-0.186315,-0.510825,-0.16887,-0.105377,1.0,0.043453,0.125199,-0.219878,0.068059,-0.335701,-0.062651,-0.420495,0.086934,-0.113631,-0.321235,-0.095761,-0.272034,-0.256039,0.049655,0.278308,0.057827,-0.314821,0.011159,0.138532,0.288331,-0.164003,-0.371491,-0.040324,0.208944,-0.229898,-0.039188,0.340687,0.423276,0.060564,-0.46991,0.200348,0.021113,0.022991,0.221844,-0.13405,0.257161,-0.368785,0.033407,0.066746,-0.4192,-0.275141,-0.047822,-0.264212,-0.12485,0.146664,0.281005,-0.031781,-0.054442,0.010236,-0.070364,-0.267157,0.187395,0.242683,0.008335,0.231788,0.195588,-0.198875,-0.117978,0.108836,-0.409232,0.097897,-0.164279,-0.295937,0.208904,0.029966,-0.053822,-0.324256,-0.186225,-0.289701,-0.231733,-0.23188,-0.003215,-0.230823,-0.128831,0.028842,-0.17555,-0.185212,-0.216959,-0.221855,0.204345,-0.275352,-0.242735,-0.132891,0.139133,-0.043564,-0.167499,-0.047221,-0.052546,-0.330502,-0.008887,0.129715,0.02633,-0.032022,0.338188,-0.105149,-0.122084,-0.17298,0.066728,-0.006601,-0.44295,0.010225,0.030761,0.005766,-0.341752,-0.162491,-0.053646,-0.131097,0.131577,-0.311676,-0.100947,-0.086484,-0.287005,0.063002,0.085543,-0.006087,0.147708,0.089811,0.019915,-0.044023,0.23016,-0.283681,-0.168839,0.083724,-0.445506,0.245414,-0.064862,0.034789,0.067898,0.201428,-0.221035,0.159258,0.090062,-0.015857,-0.380028,0.294119,0.063655,-0.015857,-0.131193,-0.398094,-0.172819,0.138382,-0.260555,0.068666,-0.125173,0.140899,0.294045,-0.094574,-0.051991,0.214624,-0.036628,0.030377,-0.104442,-0.421178,-0.159763,-0.107057,-0.025612,0.143415,0.013955,0.067898,0.035045,0.264568,-0.123561,0.025753,-0.174221,0.224443,0.173497,0.167635,-0.227483,-0.110529,0.060195,0.345881,-0.013406,0.04697,0.016536,0.074546,0.278828,-0.001221,0.024463,0.44243,0.289139,0.028989,-0.305225,-0.176954,#
17,0.229513,0.248732,0.282765,-0.056357,-0.035715,0.0001,-0.177703,-0.210959,0.070745,-0.024263,0.008084,0.136727,0.075718,0.295381,-0.114306,-0.177016,0.043453,1.0,-0.001308,0.286559,0.11856,0.230531,0.062287,-0.253716,-0.093418,0.080619,0.117619,0.167393,-0.08568,0.335506,0.120645,0.310759,0.09231,-0.05597,0.274448,0.222505,0.05012,-0.008121,-0.133815,-0.089412,0.074172,0.191274,0.112048,0.0175,-0.20927,-0.352784,0.209267,0.111569,0.113256,-0.068901,0.017177,-0.211097,-0.103606,-0.185631,-0.150305,-0.183835,-0.296944,-0.286182,-0.106663,-0.111734,0.019259,0.154711,0.284559,-0.101161,-0.210493,0.049435,0.088606,0.182417,0.073711,0.493504,0.192031,0.096449,-0.510646,0.072781,-0.006875,-0.069358,0.197219,-0.172269,-0.092653,-0.298618,0.14016,0.035057,0.203596,-0.082102,0.05871,0.064031,-0.040066,0.209838,0.188689,0.08981,0.197142,0.080026,0.000147,0.223814,0.032215,0.403089,0.30277,-0.119739,-0.287118,-0.577865,-0.196485,-0.098755,-0.038103,0.378532,-0.216716,-0.034947,-0.091395,-0.448512,-0.14366,0.293498,0.289804,0.001546,0.087229,0.200476,0.170985,0.028594,-0.056776,-0.26176,0.294523,-0.144754,0.037592,-0.055057,-0.129971,0.011949,-0.081451,0.107854,-0.006833,0.16854,0.230327,0.139163,0.193954,0.031493,-0.007857,-0.250967,-0.07864,-0.050635,0.126223,-0.182377,0.018977,0.160449,0.127162,-0.297829,-0.155355,-0.351383,-0.240692,0.053025,0.029909,-0.136822,0.028172,-0.162852,-0.148771,-0.23937,0.46116,-0.169121,-0.231127,-0.105249,0.252358,0.261175,-0.0657,-0.177007,-0.330739,0.163428,0.111598,-0.122847,-0.222207,0.230987,0.094525,0.089441,0.244842,0.156858,-0.258117,-0.031191,-0.425922,-0.152732,0.033795,-0.091931,0.249222,0.025062,0.271333,-0.37274,0.169132,0.165581,-0.281157,-0.104988,-0.280274,-0.198181,0.064609,0.102594,-0.268215,-0.004927,0.041041,-0.014519,-0.123389,0.10346,-0.266068,-0.070561,-0.058199,0.155626,0.413245,0.335502,#
18,-0.350361,0.137611,0.040215,-0.283936,0.053275,-0.395436,0.132569,-0.027856,0.265298,0.077185,0.128973,-0.212081,-0.034242,0.076632,0.450373,-0.034896,0.125199,-0.001308,1.0,-0.299109,0.013381,-0.391915,0.098219,-0.059179,-0.077552,0.016985,0.209886,0.352527,0.03484,0.251871,-0.305902,0.133798,0.258387,-0.154866,0.347396,0.314592,0.288197,-0.387505,-0.0394,0.075199,-0.250261,0.067144,0.311454,0.001088,0.182584,-0.139127,0.200196,-0.20502,0.121742,0.123228,-0.185582,-0.079674,-0.022374,0.095387,0.170778,0.038523,-0.296492,-0.120037,-0.113779,-0.24702,-0.170634,0.055404,0.011278,0.46726,-0.11869,-0.03599,-0.126686,0.122396,0.040203,-0.111121,-0.323091,-0.440002,0.082316,-0.297428,-0.053834,0.294545,-0.041782,-0.097121,0.0911,-0.375541,-0.343806,-0.382842,-0.57343,-0.034856,-0.459661,-0.089153,-0.343981,-0.24437,-0.226199,-0.130214,-0.222553,-0.283752,-0.232679,-0.396175,-0.527504,-0.284879,-0.119067,-0.104485,-0.366253,-0.223979,-0.237996,0.05971,-0.183673,-0.400583,-0.198354,0.033932,-0.26666,-0.189912,-0.044686,-0.09754,0.06055,0.049229,-0.130411,-0.229475,-0.115075,-0.404648,-0.14684,-0.169576,-0.255632,-0.041788,-0.339883,-0.2128,-0.613317,-0.223027,-0.16057,-0.467267,-0.415036,0.045965,-0.332679,-0.458736,0.133403,-0.230787,-0.26871,-0.036177,0.035444,-0.360757,0.099715,0.024193,-0.129562,-0.205803,-0.449817,0.119787,-0.089024,-0.440122,-0.481851,-0.159737,-0.420391,0.275576,-0.409074,-0.055593,-0.43573,-0.157802,0.039833,-0.232679,-0.348493,-0.402522,-0.160467,0.158532,-0.155476,0.078251,0.304331,-0.041622,0.360241,0.101213,-0.150313,-0.037823,-0.010741,0.315298,-0.156526,-0.11982,0.248671,0.011703,-0.0393,-0.278902,0.265469,0.060073,-0.123816,0.253358,0.140825,-0.110405,0.126059,0.163206,0.573382,0.074356,0.109795,-0.081082,-0.185702,-0.132692,-0.008188,0.073023,-0.064815,0.192351,0.306024,0.2242,0.106583,-0.105215,0.253347,-0.033044,-0.462674,0.039778,#
19,-0.031777,-0.204627,0.175337,0.541943,0.045542,-0.062028,-0.391774,-0.010165,-0.4016,-0.150337,-0.263433,-0.100985,-0.178159,0.040677,-0.21017,-0.096643,-0.219878,0.286559,-0.299109,1.0,0.355787,-0.033365,-0.037629,-0.018289,0.111667,0.190665,-0.138805,0.106981,0.035591,-0.11873,0.37305,0.13013,0.135497,-0.013337,-0.065849,-0.535024,-0.043,0.209641,-0.332501,-0.209396,0.109462,0.369916,-0.108078,0.099851,-0.274454,0.113115,0.308463,0.148366,0.25252,-0.130905,0.15114,0.175109,0.331606,-0.069144,0.066647,0.124762,0.227393,-0.328179,-0.108665,0.123426,-0.245141,-0.242784,0.345997,0.010414,0.064561,-0.010631,0.38023,0.12964,-0.312919,-0.048962,0.296412,0.177592,-0.040692,0.3782,0.26711,-0.301458,0.450979,0.14567,0.295731,0.278213,0.375963,0.445632,0.434311,0.499229,0.209074,0.083587,0.36645,0.457265,0.438712,0.182811,0.458053,0.210535,0.445399,0.134732,0.313026,0.200518,0.200507,0.061087,-0.046796,0.158783,-0.268252,0.141956,0.210417,0.434311,0.35401,0.552087,0.31077,-0.404904,0.309271,0.162088,-0.0067,-0.417673,0.229557,0.599834,0.228318,0.288535,0.193287,0.383806,-0.112068,0.08919,0.425694,0.253288,0.493135,0.304917,0.277795,0.05706,0.237218,-0.052301,-0.222704,0.207334,0.113941,0.320489,0.323593,-0.141099,0.204296,0.196568,0.385672,0.0058,0.082955,0.470176,0.334932,-0.258583,0.146587,0.210189,0.40804,0.278609,0.603683,-0.495048,0.605868,-0.057547,0.312593,0.191445,0.18458,0.276771,0.084964,0.285737,0.047685,-0.071482,0.281458,0.091346,-0.509641,0.194109,-0.423291,0.057154,-0.082022,-0.346482,0.196568,-0.171833,0.207091,0.170623,-0.308667,0.003788,0.292406,0.334381,-0.186843,0.222692,0.504409,-0.40889,-0.314025,0.034827,-0.133596,-0.226502,-0.157934,-0.040641,-0.359126,0.096097,-0.03814,0.268875,0.138989,-0.448222,0.334133,-0.294502,-0.509619,-0.265035,0.067662,-0.201814,-0.634675,0.370638,0.180226,0.230327,#
20,-0.198695,-0.384901,0.015594,0.261017,-0.105896,-0.186328,-0.441237,0.008369,0.03326,-0.217897,0.050492,0.055711,-0.313464,-0.125494,-0.394239,-0.128953,0.068059,0.11856,0.013381,0.355787,1.0,-0.411036,-0.362713,0.094037,0.403053,0.396385,0.025154,0.30917,-0.031076,-0.16224,0.597276,0.335239,0.213171,-0.056559,0.241976,-0.440398,0.054546,0.164268,-0.226715,-0.082531,0.229365,-0.119531,-0.002829,-0.214514,-0.16783,0.119902,0.095569,-0.016433,0.195175,0.028165,0.085681,-0.118958,0.278139,0.097372,0.038632,0.331014,-0.115312,0.132265,0.011795,0.121826,-0.124501,-0.129934,0.264455,-0.178394,0.007839,-0.015989,-0.030071,0.138219,-0.408035,-0.09906,0.101737,0.074538,0.172991,0.555351,0.284398,-0.377193,0.342319,0.508354,0.254484,0.304248,0.09165,0.622838,0.41569,0.220806,0.078566,0.031215,0.380071,0.177242,0.759092,0.361468,-0.199615,0.105215,0.271525,0.042046,0.378517,0.209606,0.10505,0.150972,0.160079,0.15775,-0.257109,0.402012,0.060548,0.25295,0.371873,0.282266,0.265436,0.025627,0.453771,0.387346,-0.009207,-0.355888,0.151174,0.425168,0.306993,0.285398,0.184599,0.450925,0.275294,0.634681,0.426509,0.396673,0.225837,0.648759,0.273498,0.114501,-0.356114,-0.382382,0.15738,0.179559,0.150188,0.274612,0.388796,-0.146303,0.263844,0.114887,0.21988,0.001072,0.210991,0.669351,0.001128,0.090148,0.404921,-0.081598,0.140569,0.201012,0.425624,-0.576313,0.340967,0.248368,0.209873,0.279486,0.335032,0.442115,-0.064488,0.227116,-0.053438,-0.194603,0.395442,0.224274,-0.452515,0.084307,-0.135292,-0.146125,0.198819,-0.354726,0.319979,-0.022725,0.175775,0.096121,-0.291517,-0.075199,0.428755,0.045324,-0.373576,0.320862,0.421593,-0.271752,-0.324464,0.154373,-0.208894,-0.030588,-0.078319,-0.081119,-0.156219,0.165667,-0.194901,0.401442,0.18826,-0.358621,0.086297,-0.501882,-0.33686,-0.430607,-0.178697,-0.112912,-0.232481,0.462773,0.266012,-0.02767,#
