0,1.0,0.482486,-0.027499,-0.405033,0.310629,-0.024738,0.143751,0.281239,0.263012,0.40724,-0.177801,-0.023795,0.253366,0.384649,0.207738,-0.176394,0.323236,0.367585,0.165267,-0.259628,-0.106232,0.175939,0.287735,0.090832,-0.470074,-0.325177,0.13775,-0.232479,0.194295,0.600854,-0.344956,0.199798,0.292879,0.06542,-0.065961,0.076732,-0.36377,-0.332268,-0.101002,0.271623,0.008531,-0.13244,-0.078422,0.344919,-0.113952,-0.483625,0.080144,0.071231,-0.284067,-0.356116,-0.133556,-0.472224,0.042253,-0.254196,-0.020535,-0.355449,-0.103524,-0.13238,0.11763,0.271732,0.115194,0.008124,-0.421304,0.037999,0.228745,0.430091,0.155544,0.125995,0.252789,-0.136014,-0.415736,-0.116494,-0.299094,-0.366439,-0.152579,0.26623,-0.324683,-0.285658,-0.272094,-0.280353,-0.251605,-0.281715,-0.298711,-0.062526,-0.161046,-0.162829,-0.33762,-0.227943,-0.087257,-0.398833,-0.411723,-0.727551,-0.442075,0.07957,-0.33364,-0.502099,0.02051,-0.311536,-0.239821,-0.418085,0.276207,-0.450307,-0.277945,-0.108602,-0.323334,-0.087257,-0.322208,-0.151311,-0.43663,-0.190978,0.105988,0.117315,-0.399334,-0.101467,-0.526218,0.058746,-0.559325,-0.474032,0.00657,-0.51544,-0.607209,-0.461468,-0.414623,-0.319436,-0.157444,-0.180697,-0.119609,-0.178499,-0.460245,-0.506146,-0.310542,-0.329424,-0.183028,0.072081,-0.352081,-0.193828,0.412672,-0.406148,-0.311946,-0.314441,-0.026883,-0.315647,-0.657294,-0.169295,-0.364596,-0.48742,-0.164242,0.500823,-0.416123,-0.479188,-0.456564,-0.394217,-0.253724,-0.3426,-0.351562,-0.469984,0.420978,0.582035,-0.532271,-0.210381,-0.387391,-0.051128,-0.037384,-0.369041,-0.420072,0.409716,-0.513776,-0.42768,-0.20394,-0.084464,0.340262,0.198859,-0.450307,-0.446615,0.603349,-0.665504,-0.42832,0.202466,0.306081,-0.460768,0.149218,0.208752,0.015688,-0.043595,0.412893,-0.181054,0.312265,0.030669,-0.0476,0.771107,-0.165103,0.359206,0.434941,0.463936,-0.151683,0.537632,0.147274,-0.652559,-0.470901,0.43932,#
1,0.482486,1.0,-0.023279,-0.28373,0.33403,-0.116752,0.454512,0.169567,0.268149,0.506762,-0.260314,-0.357905,0.334027,0.457562,0.539543,-0.258991,0.015631,0.292244,0.437246,-0.405161,0.1357,-0.007055,0.230221,0.150645,-0.389145,-0.327335,0.2633,0.245337,0.477112,0.577545,-0.677751,-0.172154,0.179965,0.002837,-0.086308,0.128176,-0.435175,-0.210827,0.19509,0.333147,-0.238914,-0.021507,-0.120234,0.416928,0.04458,-0.309529,0.233965,0.000376,-0.137434,0.205571,0.163307,-0.40811,-0.07161,-0.020418,0.2456,-0.560072,-0.250678,0.417839,-0.169177,0.01818,-0.03374,0.29705,-0.605817,0.341723,0.069722,0.434373,-0.113408,0.329979,0.279418,-0.349714,-0.450029,-0.274176,-0.355743,-0.623158,-0.305626,0.548603,-0.352021,-0.342132,-0.462946,-0.500408,-0.617515,-0.454511,-0.626454,0.111019,-0.367076,-0.13777,-0.368868,-0.556384,-0.415381,-0.173055,-0.589129,-0.41267,-0.606698,-0.188698,-0.334953,-0.304722,-0.046746,-0.350074,0.074436,-0.241916,0.022867,-0.573297,-0.683057,-0.267862,-0.47765,-0.399404,-0.602264,-0.106404,-0.596785,-0.157914,-0.021524,0.391583,-0.272446,-0.616852,-0.414204,-0.090541,-0.490197,-0.664265,-0.116243,-0.524398,-0.565068,-0.25048,-0.59175,-0.421537,-0.07124,-0.06065,-0.407489,-0.265259,-0.325937,-0.501155,-0.509273,-0.611087,-0.536708,-0.031091,-0.368102,-0.506282,0.357495,-0.205435,-0.174261,-0.461196,-0.512998,0.05518,-0.637107,-0.099133,-0.243031,-0.455688,-0.282135,0.550001,-0.525678,-0.443316,-0.323132,-0.436357,-0.287543,-0.211598,-0.591701,-0.224067,0.390954,0.525509,-0.642281,-0.09173,-0.100871,-0.172069,0.199581,-0.082244,-0.562279,0.427049,-0.449139,-0.16697,-0.140539,0.085911,0.233027,0.105908,-0.07354,-0.683505,0.560638,-0.363284,-0.40792,0.307438,0.584492,-0.28243,0.026052,0.38562,-0.065695,-0.050945,0.54224,-0.177856,0.287853,-0.214262,-0.077965,0.758542,-0.082124,0.749097,0.45308,0.446079,-0.349979,0.048235,0.233934,-0.539938,-0.632927,0.378668,#
2,-0.027499,-0.023279,1.0,0.24171,0.296489,-0.288918,-0.12581,-0.023251,-0.110628,-0.206087,0.152642,0.188118,-0.403158,-0.09701,-0.194024,0.119265,-0.133917,-0.111841,0.111097,-0.133065,-0.25785,-0.348794,0.212285,-0.238215,-0.208512,-0.082903,0.297325,-0.024001,0.038568,0.052943,0.012019,0.353138,-0.351195,-0.325656,0.107388,0.111418,0.287407,-0.102784,0.08265,-0.039911,0.040765,0.024797,-0.14331,0.193522,-0.314283,-0.170313,-0.146268,0.297804,-0.007327,-0.030567,-0.242576,0.323294,0.176016,-0.03187,-0.205423,-0.091669,-0.457468,-0.022034,-0.504542,-0.322283,-0.06021,-0.200634,0.026053,0.10576,-0.039741,-0.01058,-0.138429,-0.105704,0.063943,0.417026,0.122758,0.183751,-0.028041,0.093282,-0.041851,0.217226,-0.300717,-0.331877,-0.078948,0.029309,-0.070581,-0.08681,0.105697,0.374491,0.034436,0.223352,0.174916,-0.007666,-0.113199,0.114459,-0.048439,-0.082376,-0.075321,0.013168,-0.134657,0.113759,0.18604,-0.317226,0.10301,-0.205919,-0.032779,0.022717,-0.134794,0.010837,-0.053337,-0.274133,0.221141,0.271128,-0.066341,0.269349,0.311532,-0.26865,-0.087107,0.08925,0.489134,-0.281343,-0.218451,-0.133297,0.061957,0.003179,-0.143654,-0.218658,0.107365,-0.063026,-0.182232,-0.216109,-0.330643,-0.067086,0.069345,-0.292209,0.360011,-0.318077,-0.298438,-0.184008,-0.168936,0.136036,0.272604,0.206296,0.206631,0.305888,0.127848,0.307738,-0.061214,-0.223102,-0.198926,0.37603,-0.12245,0.072801,0.02498,-0.032935,-0.216391,-0.083667,0.102828,-0.149073,-0.067613,-0.219658,-0.100439,0.243374,0.097719,-0.044011,-0.220198,0.042002,0.097305,-0.209788,-0.185555,-0.2734,-0.291655,-0.000733,0.05606,-0.015288,0.064882,-0.130026,0.030932,0.01072,0.123805,0.221115,0.020586,-0.173634,0.152914,-0.071338,0.166091,-0.367155,-0.031941,0.153444,-0.014942,-0.086418,-0.401048,-0.137666,-0.11945,0.073677,0.11286,0.051552,0.056966,0.233089,0.195869,-0.298148,0.408467,-0.180432,-0.035435,-0.020862,#
3,-0.405033,-0.28373,0.24171,1.0,-0.258813,-0.320044,-0.524737,-0.42362,-0.423431,-0.327139,0.076876,-0.174603,-0.32494,-0.313995,-0.374128,-0.183139,0.034445,-0.043389,0.054554,0.081388,0.169844,-0.63145,-0.166157,-0.261081,0.147123,0.200992,-0.179445,0.312896,-0.069458,-0.229034,0.557675,-0.07787,-0.638244,-0.217898,0.114969,-0.415835,0.436462,0.387756,0.154142,-0.017939,0.094914,0.029468,0.008552,-0.214849,-0.188733,0.213107,-0.112617,-0.254325,0.48709,-0.289924,-0.013159,0.605957,0.116575,0.033662,0.104327,0.055681,-0.06754,-0.03581,-0.122173,0.09788,-0.264233,0.066346,0.224475,-0.053149,-0.12094,-0.286004,0.108392,0.054693,-0.142523,0.178187,0.202609,0.210794,0.233719,0.247598,0.349496,-0.365346,0.286308,0.184936,0.425148,0.194779,0.027006,0.582097,0.286332,0.272884,0.290323,-0.144731,0.103143,0.325746,0.283313,0.439945,0.416386,0.445198,0.590006,-0.221195,0.465092,0.320956,-0.082822,-0.181546,0.163355,0.203532,0.108184,0.089989,0.192022,-0.109699,0.320956,0.498449,0.212496,0.36542,0.413842,0.376147,-0.135681,-0.172154,0.533696,0.403787,0.238831,0.11391,0.433087,0.277962,0.042252,0.072574,0.261761,0.328518,0.21312,0.203312,-0.015539,0.071828,0.016766,-0.088942,0.461958,0.095151,0.670632,0.163871,0.362566,0.135189,0.272815,0.440407,-0.143787,0.398722,0.286156,0.419379,0.432496,0.254107,0.340337,-0.14675,0.369725,0.585347,0.23738,-0.163685,0.331364,0.355556,0.195771,0.315258,0.259334,0.23854,0.239314,-0.073116,-0.386689,-0.277519,0.408274,0.295357,-0.340283,0.126876,-0.120821,-0.021339,0.253966,-0.445542,0.011668,-0.024511,0.084889,0.233415,-0.130138,-0.167071,0.327794,0.203515,-0.303437,0.28698,0.276233,-0.107222,-0.371046,0.117407,-0.307117,-0.244143,-0.123232,-0.369187,-0.252611,-0.092109,-0.140968,0.319722,0.281494,-0.244922,0.107808,-0.358692,-0.269644,0.046897,-0.083895,-0.076753,-0.311991,0.314744,0.085105,-0.18423,#
4,0.310629,0.33403,0.296489,-0.258813,1.0,-0.155493,0.422119,-0.025046,0.230673,0.093556,0.133978,0.133052,0.123984,-0.027945,0.349829,-0.058991,0.217528,0.306399,0.118577,-0.078016,-0.030471,-0.080659,0.026803,-0.223035,-0.22061,-0.491329,0.084212,-0.298513,0.261172,0.095506,-0.393473,-0.197912,0.189385,-0.211056,-0.115557,0.296116,-0.033811,-0.350462,-0.144221,0.33362,-0.052103,0.07212,-0.347219,0.258185,-0.407211,-0.342883,0.188923,0.24087,0.058821,0.165417,0.17727,-0.206489,0.16821,-0.258139,-0.130073,-0.178447,-0.536527,-0.050365,-0.187688,-0.322488,-0.001292,0.113818,-0.120198,0.1791,0.127325,0.397916,0.225263,0.001583,0.188741,0.117754,-0.367781,-0.018907,-0.138316,-0.067477,0.022413,0.377598,-0.022952,-0.510857,-0.130152,-0.676429,-0.281955,-0.284737,-0.297231,-0.217694,-0.18499,-0.120645,-0.026284,-0.355011,-0.240862,-0.165394,-0.255751,-0.406324,-0.277942,-0.172254,-0.350244,0.031282,0.140749,-0.182054,-0.085206,-0.076295,-0.031153,-0.080333,-0.333389,0.07312,-0.144508,-0.410835,-0.403376,-0.172347,-0.287945,0.177057,0.243304,-0.240402,-0.443781,-0.2804,-0.03328,-0.253301,-0.504137,-0.3275,-0.103836,-0.180704,-0.562995,-0.074625,-0.419427,-0.244835,-0.232909,-0.236548,-0.208654,-0.014548,-0.281763,-0.156344,-0.17571,-0.611533,-0.53218,-0.35285,-0.193658,-0.342525,0.367203,-0.031748,-0.290562,-0.031971,-0.182034,-0.182171,-0.154465,-0.330504,-0.23688,-0.149303,-0.110419,0.314921,-0.127361,-0.454119,-0.154402,-0.258872,-0.277768,-0.407787,-0.403216,-0.208917,0.501763,0.666248,-0.239625,-0.27629,-0.054071,0.012547,0.041606,-0.064923,-0.563106,0.26781,-0.107965,0.176115,0.03517,0.092957,0.05187,0.077301,-0.079577,-0.155444,0.245026,-0.132586,-0.403245,-0.274748,0.616808,-0.082305,0.367788,0.027654,0.491289,0.275517,0.229916,-0.296417,0.147007,-0.037062,-0.262885,0.270951,-0.070345,0.402481,-0.041524,0.126612,0.161648,-0.15066,0.266689,-0.347006,-0.498098,0.388737,#
5,-0.024738,-0.116752,-0.288918,-0.320044,-0.155493,1.0,0.271437,0.346704,0.367604,0.099579,0.062113,0.052588,0.218893,0.273114,-0.039675,-0.132082,-0.09096,0.152965,-0.498926,0.511321,-0.037219,0.587073,0.243102,-0.008667,0.330177,-0.163241,0.140171,-0.127818,-0.252284,-0.176463,-0.298436,0.14852,-0.074772,0.140935,-0.352584,-0.241271,-0.391432,-0.101319,-0.013277,-0.426799,0.157923,0.326571,0.224751,-0.030295,0.178233,-0.210337,0.265838,0.166767,-0.181873,0.067461,0.016034,-0.153903,0.211718,-0.131508,-0.273567,0.044721,0.218794,-0.166623,0.337735,-0.08754,0.090494,-0.134959,-0.179467,0.132525,-0.168439,0.172606,-0.229484,-0.182697,0.072398,0.012799,0.191,0.28282,-0.271713,-0.004478,-0.08252,0.090892,0.126144,0.238339,-0.001847,0.048991,0.366404,-0.178426,0.094992,-0.464267,0.126001,0.280863,-0.038419,-0.074679,0.322607,-0.336847,-0.006127,0.174043,-0.004784,0.436194,0.132328,0.098317,0.151024,0.431177,-0.093295,-0.092169,-0.109608,0.166081,0.422633,0.180773,0.105244,-0.210073,0.208252,-0.408208,0.004122,-0.251213,0.145849,0.19066,-0.111215,-0.17241,0.011736,-0.008028,-0.339814,0.308605,-0.139799,0.147436,0.152177,-0.294919,0.348931,-0.243731,-0.028036,0.392836,0.142667,0.121592,0.17916,0.495356,-0.238075,0.079959,-0.13447,-0.277725,-0.034691,0.017837,-0.182984,-0.122401,-0.077213,-0.153961,0.019982,-0.27594,-0.064883,-0.238474,-0.108472,0.008661,-0.112125,-0.005858,0.133287,-0.247558,-0.124611,0.091677,0.011073,-0.095213,0.188109,0.333916,0.270809,-0.040819,0.073073,-0.142849,0.027549,0.001246,0.302063,-0.022619,0.269243,0.368589,0.276199,0.000206,-0.289816,-0.042705,-0.26179,0.171871,-0.210073,0.223662,-0.135751,-0.217869,0.159109,-0.113366,0.131387,0.123788,0.229469,0.140171,-0.133291,-0.113121,-0.316583,0.043769,0.264665,-0.052839,-0.197796,-0.173609,-0.006404,-0.073031,-0.164097,-0.276012,0.164629,0.052327,-0.037929,0.13693,0.288918,-0.1835,#
6,0.143751,0.454512,-0.12581,-0.524737,0.422119,0.271437,1.0,0.157778,0.695511,0.180224,-0.003854,-0.135498,0.481827,0.108351,0.59804,-0.192352,-0.114635,0.173437,0.146264,0.036434,0.024225,0.200256,0.032091,-0.007847,-0.030792,-0.39645,0.122521,-0.032762,0.2015,0.197462,-0.801145,-0.142596,0.276527,-0.112121,-0.311469,0.303611,-0.231965,-0.075606,0.044856,0.145538,0.073565,0.241219,-0.139274,0.259401,0.129084,-0.228643,0.461837,0.273769,-0.090191,0.285357,0.034597,-0.507651,-0.149022,-0.115333,-0.189397,-0.059218,0.067356,0.074594,-0.005072,0.083444,-0.097443,0.150865,-0.19769,0.268127,0.381712,0.395223,0.070417,-0.104896,0.200429,-0.252651,-0.062446,-0.155568,-0.240929,-0.253404,-0.383286,0.542374,0.015585,-0.151753,-0.241337,-0.306316,-0.218529,-0.543705,-0.367957,-0.144356,-0.492996,0.202107,-0.164188,-0.208688,-0.293227,-0.375709,-0.538971,-0.250934,-0.537174,0.178755,-0.132216,-0.218002,0.159358,0.183421,-0.083845,-0.055186,0.066642,-0.120567,-0.152374,0.189622,-0.218002,-0.443383,-0.23391,-0.407503,-0.209928,-0.385821,0.214465,0.321056,-0.250224,-0.69697,-0.065389,-0.133267,-0.516495,-0.459147,-0.208512,-0.289409,-0.436896,-0.315417,-0.52844,-0.404998,-0.078506,0.105148,-0.110843,0.284053,-0.23975,-0.132698,-0.484462,-0.602033,-0.615939,-0.04542,-0.300613,-0.374613,-0.049981,-0.142777,-0.246948,-0.339352,-0.375709,-0.262285,-0.354714,-0.182727,-0.231402,-0.314921,-0.468909,0.505802,-0.190467,-0.50792,0.045223,-0.223879,-0.23165,-0.325024,-0.427078,0.145309,0.583555,0.525543,-0.31122,-0.397153,0.453624,0.03637,0.550267,0.066006,0.011477,0.551195,0.050624,0.142521,-0.327959,-0.25122,0.056255,0.142294,-0.135693,-0.338579,0.142336,-0.026963,-0.124827,0.177308,0.786238,-0.090481,0.189224,0.456466,0.171747,-0.129637,0.282346,0.001589,0.380843,-0.01054,-0.600685,0.223799,0.07878,0.402961,0.242523,0.042746,-0.037061,-0.266091,0.211118,-0.001718,-0.093488,0.005761,#
7,0.281239,0.169567,-0.023251,-0.42362,-0.025046,0.346704,0.157778,1.0,0.437333,-0.151475,-0.149642,-0.006263,0.066303,0.420932,0.222142,0.051451,0.09273,0.008005,-0.243565,-0.098439,0.064242,0.375259,0.159342,0.294,-0.106307,-0.243693,0.334097,0.20488,0.232753,-0.078254,-0.346733,0.2129,0.098436,-0.119545,-0.161413,0.092217,-0.314744,-0.604434,0.326186,-0.082695,-0.120812,0.044069,-0.056863,0.201434,0.114146,0.077006,0.021538,0.182838,-0.28165,0.154571,-0.111409,-0.252471,-0.073856,0.358868,-0.411975,-0.116348,0.08933,-0.063799,0.352737,0.034081,0.15733,0.060169,-0.343565,0.218956,0.049259,0.241258,-0.214386,0.16266,0.320807,-0.168656,-0.15454,0.284637,-0.299041,0.228924,-0.313113,0.49798,-0.148201,-0.075822,-0.607579,-0.057188,-0.078537,-0.261548,0.034135,-0.179053,-0.127871,0.200726,0.046745,-0.204957,-0.093498,-0.55923,-0.262148,-0.328934,-0.263764,0.301042,-0.30646,-0.140418,0.214998,-0.064982,-0.198276,-0.391072,0.014331,-0.255952,0.118771,-0.087996,-0.140418,-0.427964,-0.09818,-0.133342,-0.408307,-0.500185,0.033831,0.147089,-0.549941,-0.076292,-0.10192,0.076059,-0.372201,-0.143214,-0.473239,0.194504,-0.082544,-0.302,0.093237,-0.468662,0.2093,-0.135775,-0.120628,-0.055566,-0.088224,-0.153548,-0.467923,-0.139711,-0.029748,-0.189278,0.026053,-0.028554,0.148164,-0.199167,-0.148092,-0.298531,-0.375953,-0.005551,-0.293096,0.087435,-0.220154,-0.206575,-0.513542,0.126532,-0.227195,-0.127553,-0.236665,-0.033832,-0.253055,-0.141017,0.059364,0.074506,0.360098,0.039218,-0.283324,-0.008337,0.066683,-0.037854,0.028745,-0.19286,0.070832,0.288312,0.012779,-0.265395,-0.317099,-0.298786,0.057141,0.229803,-0.606855,-0.263504,0.140624,-0.164628,-0.082544,0.063553,0.353778,-0.169815,0.18959,0.251392,0.240336,0.172916,0.124428,0.103723,0.170475,-0.323922,-0.059168,0.132684,0.045861,0.244674,0.304018,-0.158742,-0.283351,0.327867,0.215853,-0.401017,-0.235979,0.434753,#
8,0.263012,0.268149,-0.110628,-0.423431,0.230673,0.367604,0.695511,0.437333,1.0,0.087528,-0.300512,-0.119653,0.570281,0.234759,0.283312,-0.299203,-0.228201,0.211774,0.146361,0.17321,0.090745,0.200851,0.104718,0.097839,0.075066,-0.513084,0.354869,-0.142437,0.309676,0.193234,-0.591894,-0.104921,0.15701,-0.22721,-0.417738,0.075481,-0.164655,-0.284865,-0.039718,0.085168,0.335137,0.195909,-0.07192,0.095755,0.206153,-0.343083,0.406252,0.354587,-0.183742,-0.000593,-0.043182,-0.343722,-0.025846,0.216873,-0.448195,-0.268821,0.208418,-0.211395,0.294787,0.050308,0.05463,-0.111371,-0.230927,0.332991,0.441716,0.510396,0.026402,0.153349,0.277527,-0.273117,0.141371,0.007346,-0.386276,0.010787,-0.235247,0.460446,0.045085,-0.095699,-0.226577,-0.231193,0.128478,-0.529016,-0.204097,-0.124177,-0.26974,0.334165,0.040456,-0.099556,0.016103,-0.41048,-0.349282,-0.176171,-0.52181,0.420276,-0.103978,-0.069882,0.364131,0.092082,-0.043405,-0.013579,0.032555,0.016103,0.08904,0.167849,-0.069882,-0.134079,-0.148776,-0.331766,-0.192526,-0.396759,0.401462,0.366598,-0.207989,-0.34983,0.020728,-0.156787,-0.390624,-0.096887,-0.243381,-0.260612,-0.300227,-0.335784,-0.184289,-0.470328,0.075583,0.21571,-0.033707,0.240439,-0.238213,-0.103241,-0.438913,-0.486435,-0.283685,-0.110819,-0.1121,-0.232743,-0.004629,-0.140497,-0.239276,-0.207062,-0.072887,-0.353175,-0.363324,-0.170832,-0.171052,-0.133174,-0.516192,0.395624,-0.0803,-0.344339,0.096083,-0.345962,-0.041919,-0.247926,-0.162733,0.084869,0.506448,0.429111,0.016019,-0.310641,0.185578,-0.042712,0.188629,0.131481,0.172988,0.388413,0.166338,0.033227,-0.512688,-0.183965,-0.143008,0.218165,-0.15585,-0.097148,0.17263,0.135019,-0.144165,0.099215,0.680084,-0.37437,0.170374,0.166114,0.093665,-0.262134,0.15317,0.141874,0.562576,0.033385,-0.56229,0.218049,0.34304,0.038025,0.235943,-0.101117,-0.062313,0.006377,0.136346,-0.254355,-0.113461,0.051252,#
9,0.40724,0.506762,-0.206087,-0.327139,0.093556,0.099579,0.180224,-0.151475,0.087528,1.0,-0.090532,-0.233356,0.368531,0.313814,0.221581,-0.088986,-0.051037,0.069849,0.211816,-0.314988,-0.224043,0.1805,0.395886,0.028304,-0.384793,-0.154447,0.234709,-0.134385,0.118698,0.632964,-0.205506,-0.102835,0.148108,0.19085,-0.191225,0.195492,-0.396553,-0.091991,-0.16809,0.015537,-0.179349,0.016816,0.210027,0.33254,0.238508,-0.667041,0.175164,-0.077497,-0.661497,0.042581,-0.012328,-0.197495,0.01784,-0.383461,0.086788,-0.598692,-0.212879,0.042581,-0.148015,-0.129512,0.2519,-0.110604,-0.407906,0.112083,-0.110464,0.258073,-0.185067,0.010345,0.090542,-0.254345,-0.384055,-0.421053,-0.244833,-0.896391,-0.157649,0.199625,-0.299072,-0.416027,-0.281989,-0.209757,-0.286313,-0.447837,-0.359178,0.167287,-0.136407,-0.251308,-0.319592,-0.592186,-0.315476,-0.253238,-0.253605,-0.260057,-0.448734,-0.239787,-0.100415,-0.339918,-0.132586,0.143089,-0.163082,-0.142237,-0.126581,-0.496848,-0.420095,-0.147891,-0.358167,-0.115754,-0.495084,-0.135795,-0.251928,-0.169595,-0.06366,0.560326,-0.17976,-0.449142,-0.478462,-0.116095,-0.256784,-0.30375,0.106659,-0.685431,-0.49705,-0.313677,-0.256675,-0.227516,-0.277342,0.138825,-0.055458,-0.346217,-0.26151,-0.116994,-0.299241,-0.234565,-0.402906,-0.007569,-0.685403,-0.275258,0.13062,-0.20094,0.05981,-0.440491,-0.272038,-0.289013,-0.371879,-0.279618,-0.149021,-0.381626,0.145534,0.372073,-0.553111,-0.148902,-0.407581,-0.557011,-0.088394,-0.280445,-0.267268,-0.38472,0.144429,0.502615,-0.200105,-0.314712,-0.132414,0.036232,-0.065141,-0.110395,-0.505995,0.238299,-0.420567,-0.004911,0.118939,0.028686,0.158905,0.153517,0.066472,-0.238843,0.473282,-0.520067,-0.316559,0.345343,0.195455,0.143093,0.134408,0.210014,-0.297649,-0.046365,0.284542,0.098155,0.329775,-0.331398,0.116948,0.610392,-0.077318,0.350583,0.077075,0.512793,0.014263,0.108808,0.059147,-0.36473,-0.092319,-0.165347,#
10,-0.177801,-0.260314,0.152642,0.076876,0.133978,0.062113,-0.003854,-0.149642,-0.300512,-0.090532,1.0,0.183876,-0.462859,-0.185546,-0.152304,0.315618,-0.042465,-0.082525,-0.212587,-0.111543,-0.1715,0.172032,0.025506,-0.158134,0.168494,0.1115,0.008673,-0.036668,-0.280988,-0.302654,0.117888,0.033209,-0.034918,0.19601,0.091803,0.271305,-0.059273,0.29231,-0.08572,-0.175799,-0.129475,0.079329,-0.016015,-0.127633,-0.277247,0.033025,-0.050554,-0.079546,0.02866,0.196179,-0.057051,-0.052762,-0.068024,-0.465665,-0.19377,0.310986,-0.075378,0.196179,-0.131755,0.102642,-0.131565,-0.101071,0.150342,-0.296244,-0.241448,-0.435309,-0.170951,-0.417605,-0.246665,0.199317,-0.025079,0.039013,0.019836,0.139963,0.197893,0.037327,0.126577,-0.022039,0.088384,-0.032763,-0.114367,0.116426,0.190973,-0.034176,0.103359,-0.081018,0.057987,0.095605,-0.112873,-0.128375,-0.118625,-0.085423,0.308645,-0.163227,0.267597,0.194413,-0.258146,0.364456,0.030446,-0.004195,0.106023,0.018618,0.175511,-0.163522,0.009809,-0.174751,0.088521,-0.28088,0.297161,0.180463,-0.416785,-0.163676,0.021993,-0.084171,0.154584,-0.068341,0.088606,-0.166903,-0.112075,0.263529,0.235987,-0.063229,0.095243,0.176195,-0.541491,-0.276954,-0.114528,0.254035,0.088724,-0.097913,0.260251,0.000784,-0.041911,0.129926,0.072446,0.291066,-0.163231,0.168102,0.041254,0.043447,0.069735,-0.174937,0.390845,-0.338052,-0.213948,-0.028924,0.113937,-0.157634,-0.168011,0.180593,0.206176,0.226597,-0.301719,-0.277639,-0.082788,-0.184008,-0.222613,-0.116352,0.033443,-0.155706,0.000373,0.264098,0.314918,-0.163512,-0.016124,-0.1027,-0.218053,0.267303,0.519559,0.011855,-0.023349,0.049751,-0.112873,-0.062209,-0.43387,-0.019583,0.051254,-0.100468,-0.12478,0.184886,0.433283,-0.187093,-0.095025,0.198552,-0.238683,-0.271482,-0.185197,-0.091121,0.021911,-0.307485,-0.287061,-0.023349,-0.305727,-0.195797,0.028897,-0.345,0.170752,0.290847,0.225636,-0.163692,#
11,-0.023795,-0.357905,0.188118,-0.174603,0.133052,0.052588,-0.135498,-0.006263,-0.119653,-0.233356,0.183876,1.0,-0.259261,-0.134626,-0.200026,0.173932,0.084566,0.062664,-0.389938,0.044526,-0.39858,0.127839,0.014764,-0.236875,0.143951,0.111768,-0.05351,-0.423459,-0.178771,-0.284497,0.004975,0.040138,0.072838,0.260128,0.310633,0.108774,-0.225756,-0.174722,-0.279271,-0.022679,0.052578,0.040678,-0.001594,-0.451882,-0.129087,-0.105721,-0.262997,0.024568,-0.020701,0.007534,-0.194643,0.098967,-0.151502,-0.075778,-0.0,0.047803,-0.245201,0.007534,0.127557,0.021844,0.120592,-0.016286,-0.027862,-0.555278,0.175055,-0.147247,-0.122843,-0.034793,-0.091955,0.481732,0.139829,-0.019181,0.176878,0.301269,-0.373875,0.032697,-0.142666,-0.318026,0.086331,0.030169,0.431433,-0.067239,0.111644,-0.293851,0.171386,0.233838,0.019624,0.014017,0.206803,-0.052201,0.100941,-0.257617,0.088922,0.035001,-0.14999,-0.051041,-0.119011,-0.007611,-0.247152,-0.056275,0.00456,0.200434,0.035456,0.04884,-0.209381,-0.12101,0.324776,0.09396,-0.062062,0.251228,0.009572,-0.306304,-0.259713,0.109187,0.249941,-0.276013,-0.066005,0.19004,0.061683,0.350668,0.185293,-0.132903,0.106379,0.279538,-0.078182,0.111936,-0.112466,0.101487,0.167653,0.190494,0.019414,0.197483,-0.133104,-0.162869,0.026919,-0.036963,0.296542,-0.129885,0.114682,-0.102533,0.127431,0.079208,0.11932,-0.178238,-0.223335,0.125111,0.018676,-0.082308,0.03135,0.108567,-0.033148,-0.064129,-0.054958,0.057162,-0.059834,0.138261,-0.075144,-0.092825,0.096567,-0.033305,0.130372,-0.309034,-0.103329,-0.011556,-0.187492,-0.128558,0.21362,0.174494,0.006288,-0.034862,0.208397,-0.036498,0.000375,0.351526,-0.224186,0.000505,-0.27738,-0.028225,-0.050308,0.023884,0.126272,-0.215371,-0.032625,0.330321,-0.047157,-0.226447,-0.274262,0.025411,-0.140468,-0.285126,-0.406185,-0.132459,0.029839,-0.130139,0.16365,0.056102,0.381183,-0.00349,0.165022,0.000813,#
12,0.253366,0.334027,-0.403158,-0.32494,0.123984,0.218893,0.481827,0.066303,0.570281,0.368531,-0.462859,-0.259261,1.0,0.346039,0.242151,-0.262233,-0.119271,0.395186,0.262602,0.006445,0.228953,0.106659,0.159344,0.052783,-0.157036,-0.366436,0.13041,-0.045682,0.461975,0.390037,-0.408505,-0.137625,0.30632,-0.132147,-0.142387,-0.150726,-0.026093,-0.202917,-0.223996,-0.140908,0.150383,0.208887,0.347429,0.134367,0.136927,-0.438407,0.441381,0.183883,-0.236583,-0.20391,0.228292,-0.242576,0.164861,-0.016479,-0.144173,-0.147801,0.267548,-0.20391,0.191372,-0.102228,0.139104,0.120756,-0.023009,0.213346,0.327402,0.568202,0.012519,0.255963,0.157243,-0.240248,-0.074103,-0.07944,-0.224463,-0.383329,-0.132291,0.360851,0.012238,-0.058015,-0.231934,-0.22181,-0.030731,-0.568837,-0.478002,-0.053738,0.013058,0.27257,-0.156569,-0.175769,0.176179,-0.231518,-0.192093,-0.004804,-0.563797,0.130487,-0.337608,-0.135472,0.375146,-0.060908,-0.119271,-0.080723,-0.118831,-0.173187,-0.047675,-0.010749,0.030884,0.008894,-0.153856,-0.212793,-0.380156,-0.301633,0.321581,0.227399,-0.136697,-0.375211,-0.231011,-0.001426,-0.405315,0.039056,-0.059143,-0.503369,-0.35364,-0.192947,-0.18785,-0.369429,0.044193,0.412383,0.080231,0.079313,-0.094904,0.042265,-0.341894,-0.282177,-0.255862,-0.241033,-0.333708,-0.229454,-0.185611,-0.255498,-0.081349,-0.124801,-0.231518,-0.293329,-0.307032,-0.152083,0.092574,-0.185583,-0.106273,0.393422,0.062942,-0.27086,-0.199432,-0.469442,0.153877,-0.145636,-0.178548,0.036562,0.52689,0.423473,-0.103307,-0.272452,0.16698,-0.235011,0.094533,0.353169,-0.02246,0.405627,0.265789,-0.077006,-0.299868,0.020068,0.119986,0.20152,0.002318,-0.053739,0.394143,-0.044138,-0.172852,0.391333,0.487136,-0.092809,0.048927,0.122145,-0.037306,-0.41057,0.372158,0.093709,0.680738,0.187136,-0.484469,0.407782,0.39251,0.12756,0.078844,0.131407,0.095944,0.222525,-0.124683,-0.17181,-0.001957,-0.123876,#
13,0.384649,0.457562,-0.09701,-0.313995,-0.027945,0.273114,0.108351,0.420932,0.234759,0.313814,-0.185546,-0.134626,0.346039,1.0,0.13372,0.109774,-0.212644,0.176908,0.151785,-0.016193,0.119075,0.493297,0.725204,0.362965,-0.356781,-0.219228,0.462897,0.311199,0.215771,0.280481,-0.418912,0.200829,0.254992,0.242683,0.027639,0.145095,-0.343653,-0.340166,0.133288,-0.0535,-0.24998,0.015227,0.498078,0.367055,0.065146,-0.30653,0.143389,0.202425,-0.36623,0.136473,0.360846,-0.213666,-0.07067,0.211844,-0.024859,-0.202499,0.046647,0.136473,0.241491,-0.029641,0.487284,0.063265,-0.26486,0.194462,0.113714,0.333683,-0.558841,0.44154,0.371182,-0.168927,-0.181071,-0.214974,-0.073946,-0.334843,-0.157048,0.336098,-0.237823,-0.157721,-0.531107,-0.077978,-0.304604,-0.436598,-0.305763,-0.029279,0.152698,-0.08566,0.015149,-0.331831,-0.021914,-0.42004,-0.430466,-0.120175,-0.487956,0.263942,-0.437915,-0.356137,0.177102,0.047983,-0.20788,-0.399347,-0.047067,-0.225573,-0.147813,-0.366679,-0.169647,-0.35044,-0.061905,-0.422965,-0.277099,-0.191866,0.10066,0.202761,-0.229211,-0.222991,-0.366868,-0.129485,-0.389151,-0.24363,-0.076416,-0.234758,-0.205695,-0.478598,0.127307,-0.543731,0.171503,0.101188,-0.241453,-0.295506,-0.080393,-0.240494,-0.443949,-0.034608,-0.263628,-0.322481,-0.241289,-0.231435,0.161259,-0.505139,-0.14443,-0.301891,-0.27559,-0.088343,-0.548446,-0.048982,-0.341584,-0.182056,-0.25992,0.156027,-0.325616,-0.262732,-0.405835,-0.202409,-0.089497,-0.018542,-0.253954,0.110666,0.222082,0.223031,-0.279469,-0.183527,-0.134121,-0.342355,-0.085344,0.220166,-0.221493,0.243736,-0.099817,0.012876,-0.241715,0.202578,0.010125,0.399731,-0.028826,-0.392628,0.459277,-0.24631,-0.190105,0.107729,0.26034,-0.208752,0.019529,-0.024695,-0.130785,0.159982,0.229994,0.143419,0.126604,-0.272347,-0.0877,0.516458,-0.087943,0.230873,0.347342,0.373127,0.083096,0.155349,0.418856,-0.327805,-0.263139,0.186718,#
14,0.207738,0.539543,-0.194024,-0.374128,0.349829,-0.039675,0.59804,0.222142,0.283312,0.221581,-0.152304,-0.200026,0.242151,0.13372,1.0,-0.149643,0.128433,-0.073629,0.203929,-0.217018,0.254476,-0.007528,-0.009187,0.209716,-0.328398,-0.193892,0.035473,0.367744,0.363873,0.110418,-0.554848,-0.188593,0.296818,-0.07398,-0.259677,0.353724,-0.290825,-0.131729,0.270055,0.223933,-0.370759,0.114484,-0.329056,0.423718,0.158382,-0.008526,0.286597,-0.181538,-0.001612,0.470621,0.010134,-0.1505,-0.127995,0.009912,-0.047013,-0.213516,-0.162736,0.051095,-0.05442,0.073699,0.045179,0.393781,-0.47697,0.223744,0.120234,0.350013,-0.068259,0.014444,0.090552,-0.532593,-0.496823,-0.425067,0.013123,-0.310634,-0.446829,0.318294,-0.03232,-0.374171,-0.295163,-0.358053,-0.461332,-0.287011,-0.293971,-0.047277,-0.538432,-0.080762,-0.226049,-0.436069,-0.362907,-0.463005,-0.287328,-0.469332,-0.290423,-0.222525,-0.349723,-0.445999,-0.231298,0.117931,-0.302033,-0.277791,0.35866,-0.362907,-0.371349,-0.066747,-0.281685,-0.356297,-0.458606,-0.180584,-0.433047,-0.300705,-0.188545,0.3417,-0.292193,-0.441097,-0.474606,-0.047359,-0.286306,-0.528297,-0.453962,-0.210338,-0.530044,-0.07093,-0.601505,-0.171645,0.054169,-0.302478,-0.285876,-0.196357,-0.356703,-0.205212,-0.697903,-0.54956,-0.370352,-0.072527,-0.372366,-0.302201,0.308138,-0.369237,-0.150486,-0.359063,-0.622882,-0.362021,-0.443285,0.034776,0.039982,-0.415887,-0.238703,0.311336,-0.415757,-0.439732,-0.181727,-0.137308,-0.308098,-0.080911,-0.473743,0.013971,0.403777,0.476543,-0.541506,0.019045,0.35503,0.083082,0.092362,-0.187288,-0.235607,0.451135,-0.060038,-0.020589,-0.096865,-0.418213,0.456055,0.214936,-0.059248,-0.399928,0.391907,-0.272629,-0.219457,0.221776,0.548706,0.02954,0.075579,0.535823,0.583798,0.115076,0.373056,-0.064947,-0.026121,-0.059982,-0.121672,0.29371,-0.14202,0.631968,0.151578,0.28854,-0.271343,-0.047737,-0.029186,-0.228732,-0.288374,0.328933,#
15,-0.176394,-0.258991,0.119265,-0.183139,-0.058991,-0.132082,-0.192352,0.051451,-0.299203,-0.088986,0.315618,0.173932,-0.262233,0.109774,-0.149643,1.0,-0.277622,-0.475293,-0.012727,-0.101354,-0.376409,0.414057,0.031375,0.241216,-0.037227,-0.03604,0.199468,-0.034767,-0.069586,-0.301359,0.160513,0.272129,-0.033214,0.437717,-0.060163,0.467041,0.222144,0.1079,0.139227,0.015838,-0.143721,-0.386661,0.232595,-0.116258,-0.277282,0.090766,-0.408808,0.142173,-0.155056,0.18584,0.194482,0.067129,-0.065389,0.009966,-0.162994,0.447239,0.213749,-0.075948,0.094829,-0.259011,0.141824,0.144571,0.300643,-0.336083,-0.218623,-0.432282,-0.342692,-0.067503,0.18814,0.271305,0.19876,-0.135753,0.264657,0.151288,0.008514,-0.147166,-0.053868,-0.024876,-0.112183,0.182934,0.088089,0.113767,0.392542,-0.038102,0.310143,-0.066848,0.263059,-0.13358,-0.098762,0.065446,0.082208,0.138184,0.110691,0.054366,0.06691,0.210955,-0.053837,0.376672,0.027675,-0.210303,0.092236,0.220637,0.186359,0.039289,0.396882,-0.17254,0.099349,0.001463,0.101574,-0.019663,-0.212659,-0.163697,0.019251,0.314762,0.080322,-0.07332,0.280659,0.035995,0.085071,0.273931,0.233391,0.012372,0.295964,-0.032006,-0.139192,-0.052302,0.118532,0.07902,0.184916,-0.090113,0.061106,0.195461,0.147921,0.128065,0.069748,0.092433,-0.163252,0.157669,0.061462,0.056117,0.065446,0.11718,0.00851,0.252548,-0.198478,-0.086481,-0.08458,-0.518418,-0.158009,-0.004382,-0.100257,0.022021,-0.120671,0.186177,0.141425,0.234312,-0.2148,-0.285694,0.046003,0.066983,0.223397,0.050748,-0.09955,0.109863,-0.002355,-0.303976,0.178543,0.178468,0.125773,0.013645,-0.218297,-0.195761,-0.118008,-0.053074,-0.217081,-0.005858,0.047335,-0.083927,-0.327195,0.087939,0.071905,-0.339153,-0.079082,0.216491,-0.42399,0.020132,-0.381723,-0.487278,0.019441,-0.293281,-0.270254,-0.218297,-0.094072,-0.188392,0.274806,-0.115554,0.169785,0.304137,0.245023,-0.163713,#
16,0.323236,0.015631,-0.133917,0.034445,0.217528,-0.09096,-0.114635,0.09273,-0.228201,-0.051037,-0.042465,0.084566,-0.119271,-0.212644,0.128433,-0.277622,1.0,0.159423,-0.336326,-0.241364,-0.089599,-0.093401,-0.295624,-0.111713,-0.342724,0.109547,-0.476564,-0.106511,-0.166987,-0.010401,0.032454,-0.20719,0.022055,-0.249811,-0.077683,0.09353,0.031283,-0.268869,-0.105076,0.107754,-0.282903,-0.189046,-0.298876,0.263789,-0.249431,0.109975,-0.225006,-0.293925,0.195863,-0.291096,-0.004748,-0.056638,0.129346,-0.316854,0.283535,-0.0534,-0.296688,-0.021501,-0.012316,0.18749,-0.242817,-0.067771,-0.054625,-0.077344,0.166506,-0.077745,0.535355,-0.16891,-0.075139,-0.124675,-0.392177,0.163187,0.043449,0.045299,-0.083314,0.107908,0.191171,-0.085444,0.039651,-0.097543,-0.161175,0.212147,-0.090351,-0.127964,-0.203492,-0.167498,-0.416606,0.036692,-0.041401,-0.202319,0.027194,-0.359254,0.208949,-0.300764,-0.003159,-0.280204,-0.208213,-0.305355,-0.24788,-0.049472,0.19073,-0.442528,-0.095404,-0.044902,-0.080755,-0.041401,-0.122975,0.019262,-0.170514,0.091781,-0.147452,-0.147255,-0.247813,0.011747,-0.3488,0.35162,-0.20588,-0.208569,-0.347536,0.16316,-0.243119,0.151283,-0.365524,0.086773,0.04561,-0.352857,-0.000991,-0.061435,-0.347584,-0.007884,-0.007893,0.036781,0.074655,0.058831,-0.028711,-0.011731,0.237358,-0.122651,-0.467078,-0.01339,-0.202319,-0.030157,-0.086439,-0.092156,0.148023,-0.125809,0.242398,0.05781,0.031031,-0.095898,-0.076439,0.128102,-0.362962,-0.249784,-0.145239,-0.342658,0.13791,0.170743,-0.263693,-0.078612,-0.125828,0.128296,-0.165571,-0.402799,-0.071563,0.149237,-0.168903,-0.482819,0.039356,-0.217879,0.237419,-0.239947,-0.442528,-0.097603,0.041979,-0.344943,-0.243119,-0.043026,-0.047168,0.044946,0.017084,0.287624,0.393663,0.068429,0.245432,-0.11062,0.089536,0.200685,0.468256,0.160165,-0.141646,0.24578,-0.035123,0.059786,-0.120395,0.559039,-0.193919,-0.194433,-0.463178,0.59577,#
17,0.367585,0.292244,-0.111841,-0.043389,0.306399,0.152965,0.173437,0.008005,0.211774,0.069849,-0.082525,0.062664,0.395186,0.176908,-0.073629,-0.475293,0.159423,1.0,0.179829,0.078856,0.346759,-0.003697,0.158394,-0.351095,0.051321,-0.226996,-0.068462,-0.130468,0.082058,0.229003,-0.271179,-0.158443,0.184866,-0.197492,0.137794,-0.344374,-0.376102,-0.222234,-0.040187,0.002431,0.226129,0.322588,-0.030914,-0.182032,-0.399364,-0.195563,0.16798,0.311425,0.047968,-0.335166,0.339704,-0.160744,-0.044965,-0.179616,0.088571,-0.129573,-0.124668,-0.113468,-0.02294,0.091703,-0.027887,0.246247,-0.18967,0.111777,0.218152,0.463073,0.128849,0.31043,0.114413,0.374027,0.042769,0.215148,-0.532409,-0.183703,-0.063219,0.288356,-0.214939,-0.051916,-0.068501,-0.53366,0.123116,-0.256849,-0.345133,-0.283165,0.005965,0.294267,-0.14542,0.103102,0.07445,0.005199,-0.214222,-0.137114,-0.251816,0.139252,-0.333398,-0.035593,0.327112,-0.382123,0.046171,-0.282989,-0.219997,-0.255411,-0.185477,-0.089687,-0.209257,-0.096824,-0.071372,-0.141568,-0.386938,-0.047489,0.401979,-0.359525,-0.112776,-0.249557,0.109269,-0.302401,-0.510284,0.028036,0.266117,-0.375839,-0.250204,-0.216637,-0.195013,-0.334056,-0.087988,0.249816,0.016423,0.195531,-0.033505,-0.138319,0.019245,-0.22766,-0.155358,-0.153271,-0.044921,-0.31494,0.224678,-0.28295,0.033717,-0.026663,0.018579,-0.002184,-0.197675,-0.240329,-0.123062,0.089416,-0.064439,0.518563,0.111752,-0.331389,-0.197387,-0.136329,0.132892,-0.40526,-0.294766,0.04861,0.403867,0.319015,-0.181962,-0.329649,-0.329583,-0.040906,0.130511,0.18979,-0.369044,0.535624,-0.065024,-0.198572,-0.083627,0.145142,0.083644,0.017502,-0.097197,-0.005839,0.085965,-0.153221,-0.086075,0.087244,0.391487,-0.291299,-0.020695,0.120848,-0.183958,-0.184722,0.235793,-0.224792,0.517027,0.315489,-0.473201,0.374345,0.195833,0.228466,0.061951,0.029585,-0.204673,0.088599,-0.096487,-0.272421,-0.213481,0.167301,#
18,0.165267,0.437246,0.111097,0.054554,0.118577,-0.498926,0.146264,-0.243565,0.146361,0.211816,-0.212587,-0.389938,0.262602,0.151785,0.203929,-0.012727,-0.336326,0.179829,1.0,-0.179912,0.389303,-0.293264,0.080398,0.068932,-0.253166,-0.330865,0.329007,0.138659,0.168751,0.412557,-0.090226,-0.059978,0.252257,-0.079614,-0.122933,0.158124,0.080127,0.022616,0.037936,0.297219,0.004064,-0.238671,-0.049859,-0.019494,-0.12678,-0.070075,0.183358,0.163319,0.026405,-0.069342,0.161509,-0.06616,-0.149931,0.085672,0.21306,-0.095877,0.057768,-0.026064,-0.309493,-0.09721,-0.070722,0.107379,-0.026297,0.063787,0.089407,0.25436,-0.12453,0.167373,-0.020792,-0.17065,-0.117529,-0.500351,-0.021907,-0.304192,-0.078552,0.036847,-0.380428,-0.225924,-0.097912,-0.268082,-0.228843,-0.251434,-0.218643,0.417381,-0.114894,0.04744,0.166938,-0.050611,-0.296238,0.144594,-0.055072,-0.090255,-0.408341,-0.206257,-0.314774,-0.230648,-0.021543,-0.178517,0.070381,-0.059204,-0.091548,-0.145483,-0.349715,-0.174795,-0.098057,0.048454,-0.296713,0.060186,-0.218299,-0.00132,0.215499,-0.0048,0.071141,-0.203306,-0.033879,-0.348711,-0.042923,-0.142753,0.279314,-0.50165,-0.300347,0.144756,-0.191087,-0.213095,-0.148131,-0.041247,-0.146562,-0.159323,-0.180394,-0.486315,-0.095461,-0.445291,-0.020567,0.138659,-0.207968,-0.204609,-0.028984,-0.132999,0.076562,0.067269,-0.020335,-0.06879,-0.387479,0.146409,0.081226,-0.142089,-0.092399,0.292612,-0.023649,-0.14532,-0.094429,-0.2921,0.261375,0.039507,-0.254994,-0.083696,0.009101,0.248135,-0.088011,-0.047914,-0.163808,0.003522,0.047518,0.182902,-0.258318,0.001857,-0.181143,-0.05118,0.07254,0.010906,0.083948,-0.206219,0.209436,-0.158613,0.322137,0.18851,-0.011987,0.216483,0.256008,-0.45119,-0.003501,-0.062436,-0.090419,-0.109953,0.302952,0.024146,0.173791,-0.041994,-0.301412,0.418774,0.240065,0.216561,0.271093,0.426358,-0.03861,-0.303954,-0.112236,-0.203322,-0.167746,-0.044264,#
19,-0.259628,-0.405161,-0.133065,0.081388,-0.078016,0.511321,0.036434,-0.098439,0.17321,-0.314988,-0.111543,0.044526,0.006445,-0.016193,-0.217018,-0.101354,-0.241364,0.078856,-0.179912,1.0,0.124732,0.175173,0.067605,-0.091772,0.421426,-0.138012,0.025505,-0.069106,-0.282081,-0.298272,0.053077,0.247714,-0.019359,-0.036813,-0.157413,-0.268227,0.083342,0.184408,-0.00664,0.054649,0.353447,0.35969,0.089368,-0.245795,0.149787,0.106787,0.269153,0.426365,0.256898,-0.053188,0.173635,0.070872,0.169935,0.116216,-0.049852,0.444083,0.321709,-0.267286,0.441483,-0.049235,0.057258,-0.135892,0.278754,0.212117,-0.140449,0.250633,0.153321,0.030857,0.108978,0.184208,0.405496,0.077899,0.06263,0.389183,0.264006,-0.41159,0.388751,0.439763,0.456805,0.101808,0.463807,0.294785,0.262705,-0.438817,0.394526,0.026172,0.232795,0.308627,0.511962,0.077013,0.293479,0.54161,0.298898,0.439485,0.204929,0.258688,0.226881,0.289809,-0.022521,0.168234,-0.056127,0.680969,0.438815,0.358614,0.432848,0.171428,0.423377,-0.345775,0.448312,-0.036152,0.424953,-0.26108,0.312836,0.299757,0.217954,0.035594,0.088534,0.55735,0.170498,0.263844,0.356165,0.037784,0.461554,-0.068173,0.244739,0.371572,0.161943,0.114472,0.341255,0.575782,0.033084,0.348446,0.197972,-0.249063,0.405747,0.094701,-0.26037,0.027093,0.039688,0.235421,0.403375,-0.091301,0.130024,0.075365,-0.005387,0.270748,-0.151227,-0.186542,0.500686,-0.198023,0.220218,0.344357,0.298717,0.367121,0.372219,0.433067,-0.080252,-0.2978,0.434022,0.088194,0.051438,-0.024924,0.031463,0.382593,0.391779,0.024249,0.521767,0.33989,-0.311125,0.036807,-0.494671,0.050569,0.180797,0.443046,-0.182123,0.170204,0.508571,-0.501303,-0.149899,0.05418,-0.223496,-0.037426,0.065864,0.060425,-0.491642,-0.055151,0.051271,0.226239,-0.269808,-0.459308,0.196655,-0.501311,-0.145526,-0.264412,0.32415,-0.354807,-0.221891,0.506443,0.310468,-0.261106,#
20,-0.106232,0.1357,-0.25785,0.169844,-0.030471,-0.037219,0.024225,0.064242,0.090745,-0.224043,-0.1715,-0.39858,0.228953,0.119075,0.254476,-0.376409,-0.089599,0.346759,0.389303,0.124732,1.0,-0.14491,-0.143605,0.13382,0.108622,-0.167426,-0.23458,0.315351,0.169604,0.044083,0.117864,-0.317569,0.137545,-0.115571,0.000785,-0.254328,0.023338,-0.061142,0.192324,-0.062202,-0.116146,0.10493,-0.113704,-0.052863,-0.115038,0.351631,0.459132,0.014371,0.300207,0.12446,0.134203,0.113469,-0.220159,0.3409,0.019044,0.124073,0.143421,-0.120617,-0.046082,-0.027409,0.101125,0.258592,0.004724,0.128874,-0.074374,0.244367,0.031731,0.31842,-0.086585,-0.228101,-0.146245,0.070284,-0.03853,0.083957,0.216844,-0.114166,0.096798,0.181345,-0.019945,-0.262821,-0.083412,-0.019923,0.021321,-0.061496,0.012706,0.004426,0.189881,0.229923,0.089403,0.13493,0.241065,0.065313,-0.023051,0.123185,-0.276294,0.024573,0.18295,-0.200898,0.184158,0.004564,-0.023602,-0.049592,-0.058756,-0.231418,-0.095732,0.089403,-0.10114,0.020185,-0.214223,-0.135929,0.180898,-0.199653,0.042778,-0.069671,0.037779,-0.045526,0.001209,0.186154,0.022389,-0.085377,-0.05251,0.392357,0.053039,-0.06243,0.310042,0.020108,-0.112498,-0.017873,-0.068756,0.056688,-0.005579,-0.130401,0.340604,0.024016,0.107623,-0.035069,-0.19911,-0.196287,-0.126471,0.346462,-0.044391,-0.195415,0.015419,0.23667,0.502462,-0.025245,0.018891,0.141519,0.38272,-0.020092,0.01722,0.232477,0.245132,0.126973,0.029296,0.293347,0.198738,-0.013374,-0.104228,0.064883,-0.079814,-0.014673,-0.121186,0.28641,0.111409,0.169672,0.064057,-0.057886,0.025741,0.134319,0.022628,0.251866,0.264433,0.085417,0.090916,0.294208,0.128927,0.000557,0.157424,-0.243672,0.082693,0.132044,0.284672,-0.00545,0.079543,0.208179,0.13486,0.430461,-0.144615,0.059737,0.22571,0.228156,-0.066411,-0.061036,-0.34762,-0.073298,-0.240633,-0.144359,-0.086091,0.163199,#
