0,1.0,0.428973,-0.230751,-0.139634,0.359379,0.264554,-0.007383,-0.03579,0.122811,0.284167,0.21795,-0.105843,0.193217,0.25722,0.559785,0.201924,0.1808,-0.101636,-0.186272,-0.350006,0.031324,-0.127109,0.084509,-0.080361,0.094488,-0.480967,0.068187,-0.144449,0.184796,0.08272,-0.346605,0.159624,-0.098409,-0.385036,0.293405,0.372829,0.31899,-0.312618,0.048447,0.126274,0.186224,0.208754,-0.446673,-0.456146,0.456877,-0.476582,0.143868,-0.14386,0.030383,-0.558814,-0.089183,-0.222334,-0.245052,0.016969,0.193454,-0.098897,-0.629477,0.166056,-0.218218,0.388083,0.208323,0.421332,-0.140331,-0.258737,0.06904,0.127345,0.0,0.211472,0.291553,-0.24028,-0.027033,0.169656,0.206824,-0.022634,0.06492,0.166028,-0.458156,-0.297687,-0.402649,0.017746,-0.143351,-0.35556,-0.260718,-0.223343,-0.470821,-0.118325,-0.18425,-0.235209,-0.161206,-0.385026,-0.28338,-0.686743,-0.349787,-0.154003,-0.210472,-0.002467,-0.076818,-0.079097,-0.301956,-0.259452,-0.013649,-0.497229,-0.221764,0.02398,-0.122822,-0.385032,-0.362121,-0.276111,-0.127472,-0.312204,0.162627,-0.114633,-0.415177,-0.219822,-0.389183,-0.350018,0.103767,-0.419861,0.011669,-0.372109,-0.497297,-0.134842,-0.479973,-0.029938,0.139499,-0.061468,-0.190277,0.246855,-0.271302,-0.385026,-0.223522,-0.207296,-0.538409,-0.238587,0.094224,-0.385067,-0.114633,-0.385026,0.195736,-0.440182,-0.350018,-0.168288,-0.270633,-0.674127,-0.318664,-0.304169,-0.455209,0.284011,-0.212237,-0.349376,-0.439834,-0.113092,-0.144598,-0.385015,-0.145414,-0.315253,0.228215,0.252106,-0.139987,-0.458011,-0.284057,-0.315431,-0.076669,-0.108454,-0.262171,0.426922,-0.204676,0.304535,-0.289455,-0.385026,0.237969,-0.006896,-0.346548,-0.107792,0.15373,-0.352626,-0.280658,0.118549,0.391999,-0.264003,0.339773,0.302185,-0.018874,0.308855,0.291364,-0.290596,0.133061,0.016151,0.302972,0.220305,-0.429056,0.198944,0.260469,0.330109,-0.025721,0.017057,0.123923,-0.185271,-0.085673,0.027413,#
1,0.428973,1.0,0.094047,-0.06214,0.118984,0.40826,0.148763,-0.342335,0.475994,0.178942,0.026844,-0.00347,-0.141926,0.42198,0.371977,-0.14792,-0.297643,0.384777,-0.070102,-0.065878,0.186828,0.137226,0.372252,-0.18456,0.145034,-0.255917,0.311518,-0.290055,0.295776,0.346569,-0.323175,-0.040525,0.063543,-0.30308,-0.159515,0.280514,0.299774,-0.542543,-0.053181,-0.01014,0.356271,0.434299,-0.137905,-0.150785,0.115266,-0.236817,0.23,0.153855,0.03549,-0.23094,-0.409283,-0.301964,-0.075876,-0.308426,-0.010033,0.28041,-0.278535,0.388129,-0.174791,0.458526,0.27626,0.288564,0.204393,-0.329281,0.133935,0.40262,0.0,0.257833,0.338068,0.075213,-0.268325,0.324763,0.134336,0.034731,-0.142695,0.214883,-0.233449,-0.051452,-0.381794,0.135001,-0.053656,-0.65825,-0.374127,-0.042795,0.045286,-0.100409,0.153925,-0.530909,0.011519,-0.098153,-0.168127,-0.148083,-0.261506,0.369679,-0.172291,-0.276371,0.052637,-0.164899,0.092787,-0.220026,0.226684,-0.104584,-0.039787,0.145673,0.043803,-0.10343,-0.240168,-0.684811,0.389778,-0.12175,0.187703,-0.139951,-0.392821,0.010896,-0.197778,-0.227086,-0.214973,-0.033806,0.087763,-0.529429,-0.101939,-0.225443,-0.141837,-0.325236,0.145205,-0.089313,0.245081,0.283853,-0.334934,-0.275153,-0.104609,-0.253078,-0.414596,-0.420614,-0.167666,-0.47011,-0.139951,-0.275153,0.191747,-0.724507,-0.227086,-0.369453,-0.373085,-0.303605,0.034437,-0.425721,-0.124888,0.467729,0.103067,0.126355,-0.121309,-0.169774,-0.070505,-0.276537,0.002242,0.007197,0.170761,0.534404,-0.015684,-0.220026,-0.268936,-0.17168,-0.086451,0.263702,0.139489,0.249927,-0.307507,-0.12352,-0.40095,-0.47006,-0.103241,0.055534,-0.339795,-0.155001,0.131942,-0.375178,-0.342642,0.128691,0.35996,-0.202309,0.470852,0.140003,-0.301974,0.1689,0.416948,-0.075056,0.229866,0.117344,-0.248036,0.441047,-0.265821,0.356494,0.379447,0.30768,-0.111981,-0.113411,-0.353054,-0.149534,-0.056457,-0.098908,#
2,-0.230751,0.094047,1.0,0.347934,-0.038079,-0.035723,-0.00819,0.020109,0.06124,0.169709,0.183898,0.465988,-0.359397,-0.035732,-0.363141,-0.077846,-0.254511,0.429262,-0.068222,-0.374332,0.218123,0.077982,0.130173,-0.071469,0.351609,0.16889,-0.251016,0.084118,0.133797,0.018297,0.019266,0.143654,0.059709,-0.097569,0.057092,0.085524,-0.138478,-0.243554,0.014907,0.117817,0.02436,-0.07452,0.275762,-0.000949,-0.136076,-0.013303,-0.372156,-0.128958,-0.017802,0.26912,0.246313,-0.064501,0.145651,0.292443,0.039213,-0.174205,-0.065406,0.193977,-0.344691,-0.076682,0.173028,-0.189644,-0.077548,0.082668,0.096998,0.072384,0.0,0.091077,-0.012012,0.257612,0.043834,-0.045661,0.286819,0.012298,0.256651,0.081932,-0.295254,0.075833,-0.196598,-0.357801,-0.006154,0.038807,-0.083299,0.279271,0.154264,-0.267311,0.050297,-0.02842,-0.145867,-0.059553,0.041206,0.096923,-0.014684,-0.138377,-0.185831,-0.236285,-0.020796,0.027976,0.280117,0.0523,0.018922,0.272483,0.084205,0.365613,-0.076003,0.096747,0.239857,0.148148,-0.07463,0.19703,-0.260496,0.206456,-0.21436,0.305367,0.079949,0.380138,-0.419122,-0.069942,-0.101104,0.37272,-0.04102,-0.006217,0.339919,-0.026557,-0.049704,-0.152614,0.100187,-0.496148,-0.396532,-0.076312,-0.042854,-0.414176,0.118304,0.182508,-0.171931,-0.081899,0.174197,0.251464,0.006947,-0.051528,0.015776,0.278854,-0.271933,-0.19786,-0.1604,-0.373034,0.160907,0.107913,-0.05242,-0.00275,0.155554,-0.369883,-0.002753,0.092868,-0.044007,-0.085528,-0.063536,0.104503,0.267584,0.033675,0.332978,-0.045577,0.179647,0.114148,0.052686,-0.183491,-0.129342,-0.387204,-0.067058,0.102581,0.128068,-0.318889,-0.00486,-0.172259,-0.047945,-0.007319,0.030245,0.228947,-0.282279,-0.400668,-0.219673,-0.085337,0.161026,-0.133722,0.060637,-0.016147,-0.190454,-0.365097,0.059301,0.268798,-0.255605,0.221395,0.302545,0.004013,-0.086264,0.136812,-0.011039,-0.330975,0.097777,-0.08662,#
3,-0.139634,-0.06214,0.347934,1.0,0.238509,-0.209852,0.063504,0.324503,-0.159755,0.174175,0.073617,0.093322,0.041931,-0.209905,0.07558,-0.06138,-0.037844,0.315485,-0.187539,0.004623,0.123485,-0.099456,-0.055798,-0.016462,0.587138,0.175599,-0.466739,-0.131815,-0.160729,-0.002798,0.286714,0.157631,0.365735,0.143888,-0.021071,0.022198,-0.136042,0.173679,0.010727,0.009726,0.117252,-0.419742,-0.222085,0.054133,0.438862,-0.366609,-0.420349,0.087402,0.045246,0.118803,0.285115,0.064312,0.214067,0.033007,-0.102291,-0.125516,0.072105,0.017719,0.084592,-0.357079,-0.354138,0.337291,0.075641,0.165665,-0.155365,0.060722,0.0,-0.395193,-0.157261,-0.033473,-0.040769,-0.24225,0.134628,0.07379,0.308049,-0.181566,0.014368,0.040011,0.051812,0.070567,-0.017972,0.112009,-0.131814,0.244159,0.165403,-0.155709,0.08666,-0.115906,0.08379,-0.253042,0.238781,0.127643,0.205715,-0.085679,-0.138,-0.426932,-0.241612,-0.10648,0.328453,0.220473,-0.084047,-0.027423,0.395717,0.451144,-0.070988,0.134996,0.111032,-0.08634,0.062816,0.19619,0.196545,-0.12719,0.241336,0.259488,0.035185,0.391341,0.218924,0.208656,0.167021,-0.125853,0.140781,0.006897,-0.026371,0.084945,0.160365,0.007784,-0.036518,0.056636,-0.057812,0.124301,0.079659,-0.230003,0.352253,0.323029,-0.007381,0.318371,-0.12719,0.124301,-0.126026,0.072188,-0.015612,0.186019,0.018941,-0.032522,-0.013775,-0.008882,0.288058,0.165074,0.288058,0.003833,0.29256,-0.013775,0.003838,0.120359,0.152001,0.054902,-0.224223,0.062227,0.120426,0.202522,0.216142,0.063191,0.010712,0.143973,0.185749,-0.401488,0.120977,-0.38966,0.413277,0.331755,-0.041104,-0.138163,0.262015,-0.012934,-0.155672,0.270854,-0.110877,0.00642,-0.283094,-0.379734,-0.150646,-0.363899,-0.253183,-0.100332,-0.215725,-0.020036,-0.229616,-0.098718,-0.070051,-0.280624,0.226156,-0.091355,0.11576,0.114277,-0.034152,0.12383,-0.04524,0.227591,0.291675,0.137662,#
4,0.359379,0.118984,-0.038079,0.238509,1.0,0.183223,0.009008,-0.097595,0.092251,0.169119,0.316678,0.218478,-0.099049,0.02764,0.210151,0.275984,0.323778,-0.143477,0.209828,-0.310742,0.203382,-0.508997,0.331636,0.006877,0.059287,-0.176086,0.077903,-0.183772,0.188667,0.060312,-0.204716,0.196155,-0.094636,-0.212732,-0.032462,0.113916,0.003866,-0.233698,0.062853,0.161911,0.15829,-0.155005,-0.268717,-0.358896,0.263351,-0.195985,-0.279956,-0.023683,0.255811,-0.005095,0.248656,-0.307437,0.396769,-0.109299,-0.040213,0.12132,-0.294587,0.141426,0.020068,0.01054,-0.100223,0.478002,0.115227,0.203898,-0.091291,0.021774,0.0,-0.181946,0.097243,-0.170597,0.198569,0.154566,0.285821,-0.133602,0.025345,0.305071,-0.224727,-0.192617,-0.147817,-0.106476,-0.136134,-0.181585,-0.361428,0.505078,-0.461022,-0.249409,-0.076506,-0.446614,0.09495,-0.375884,-0.247664,-0.313297,0.061347,-0.246513,-0.301912,-0.375353,-0.467714,-0.296734,-0.454117,-0.029177,0.14247,-0.126961,-0.152781,0.405871,-0.312842,-0.184628,-0.009458,-0.203411,0.120514,0.2584,0.041561,0.205738,0.019761,-0.136711,-0.476933,-0.097597,0.118307,-0.164792,0.305872,-0.389136,-0.151557,-0.264051,-0.433425,-0.260663,0.394029,-0.400688,0.128577,0.124412,0.048325,-0.547552,-0.331803,-0.159917,0.032401,-0.188234,-0.113594,-0.207204,-0.212167,-0.547552,-0.300161,-0.304916,-0.478247,-0.399913,-0.532466,-0.270561,-0.292907,-0.036333,-0.139907,0.123535,-0.325237,-0.31078,-0.126581,-0.102058,0.215097,-0.548715,0.157237,-0.418683,-0.15211,0.399417,-0.188837,-0.389625,0.069341,-0.40307,0.10098,-0.467481,-0.234656,0.035133,-0.032046,0.124342,-0.028693,-0.194117,0.214729,0.034618,-0.395207,-0.083598,0.346613,-0.253053,-0.321794,0.295493,0.256536,-0.056988,0.333402,-0.040562,-0.192181,0.195877,-0.079892,0.073778,0.09939,0.075274,0.08822,-0.034372,-0.179271,0.276359,0.176142,0.379665,-0.518436,0.30664,0.127836,0.032864,0.193165,0.307049,#
5,0.264554,0.40826,-0.035723,-0.209852,0.183223,1.0,0.199367,-0.209987,0.91103,0.321774,0.325344,-0.050297,0.045711,0.336666,0.003287,0.299568,-0.090275,0.036807,0.274522,-0.044225,-0.049866,0.10699,0.552501,-0.316892,-0.016015,-0.642019,0.258815,-0.183489,0.088868,0.355666,-0.40446,0.165404,-0.219302,-0.287778,0.102803,0.172703,0.261844,-0.487754,0.33654,-0.193037,0.137212,0.233082,0.141123,-0.164528,-0.182694,-0.145291,0.375743,0.017471,0.370608,-0.087637,0.162576,-0.155815,0.031771,-0.290988,0.028066,0.444063,-0.613575,0.523278,-0.393171,0.28168,0.334245,0.121545,-0.23021,0.035605,-0.082892,0.330399,0.0,0.420693,0.251511,-0.070101,0.03991,0.268749,0.054025,-0.326539,-0.619146,0.292277,-0.103018,-0.256236,-0.30352,-0.223912,-0.219532,-0.533585,-0.069606,0.358163,-0.209764,-0.072584,-0.218691,-0.271254,-0.088455,-0.086077,-0.300607,-0.301138,-0.396412,0.236059,-0.276364,-0.087033,0.172531,-0.186143,-0.153942,-0.420518,0.321757,-0.15064,-0.140031,0.030158,-0.133841,-0.443581,0.087595,-0.129713,0.023158,0.119874,0.027302,-0.180694,-0.152613,-0.18222,-0.314398,-0.551726,-0.07474,-0.252435,0.08796,-0.293119,-0.175824,-0.201646,-0.353824,-0.496713,0.003617,-0.05555,0.230613,0.238166,-0.433865,-0.441224,-0.427182,-0.102166,-0.447162,-0.351829,-0.41037,-0.440071,-0.180694,-0.268913,0.316963,-0.591078,-0.381514,-0.30739,-0.399129,-0.435841,-0.222116,-0.533048,-0.20563,0.429529,-0.419466,-0.051088,-0.006769,-0.413271,0.129942,-0.442394,-0.156533,-0.14844,0.178428,0.24844,-0.305765,-0.255828,-0.301603,-0.315791,-0.049061,0.005893,0.068816,0.006412,-0.115939,-0.256974,-0.566916,-0.441224,0.18064,0.154952,0.096778,-0.219959,0.51127,-0.54605,-0.442394,0.244885,0.235708,0.075909,0.494083,0.080525,-0.139242,0.276598,-0.024424,-0.018299,0.161833,0.09796,-0.193623,0.407802,-0.473827,0.251419,0.041994,0.190628,-0.509712,0.235591,0.003206,-0.447106,-0.120536,-0.076826,#
6,-0.007383,0.148763,-0.00819,0.063504,0.009008,0.199367,1.0,-0.51913,0.293799,0.208058,0.15173,0.239652,0.233878,0.017288,0.036423,0.125108,-0.02903,0.033489,0.166855,0.048665,0.098106,-0.110519,0.191428,-0.23873,-0.112553,-0.507462,-0.007068,-0.087986,0.207377,0.063004,-0.221384,-0.250058,-0.51546,-0.042261,-0.141129,-0.124411,0.471064,-0.039991,0.0653,0.191851,-0.168389,0.343031,-0.112912,-0.049666,-0.092007,0.06104,0.098981,-0.113731,0.248195,0.378378,0.224685,-0.335045,-0.035811,-0.302648,-0.202932,0.168889,-0.080649,0.172453,-0.356939,0.193894,0.124559,0.265616,0.122082,0.081364,0.087488,0.042302,0.0,0.002629,0.119654,0.031598,0.336815,-0.184031,0.00838,-0.112442,-0.293984,-0.012379,-0.050266,-0.328401,-0.132865,-0.054138,0.234944,-0.189364,-0.019576,0.047612,-0.064807,0.291548,-0.031599,0.071887,0.100875,-9.3e-05,0.033059,0.031922,0.059082,0.26086,0.361984,-0.012141,-0.057323,-0.259038,0.054725,-0.204726,0.112883,-0.441201,-0.28465,-0.037409,0.025937,-0.007514,-0.168216,0.001773,-0.011907,-0.168171,-0.094112,-0.212226,-0.12448,-0.115191,-0.13724,-0.093149,-0.033069,-0.338692,0.108647,-0.11592,0.036186,-0.287578,-0.220171,-0.272738,-0.28165,0.436272,0.319184,0.298583,-0.156426,-0.014122,0.118746,0.335929,0.167107,-0.03519,-0.060034,-0.025939,-0.212226,-0.189478,-0.058201,-0.074803,0.069785,0.37772,0.13651,-0.124003,-0.222692,-0.270624,0.144382,0.480532,-0.069365,0.234971,-0.268833,-0.240248,0.221117,-0.019112,0.038513,0.159969,0.149913,0.108283,0.019442,0.121164,-0.009276,-0.01094,-0.035188,0.044032,0.286419,0.045024,-0.037097,-0.30404,-0.18417,-0.014122,0.054009,-0.138525,0.116703,-0.228255,0.029878,-0.068279,-0.115793,0.293918,0.1021,-0.076788,0.010759,0.140955,0.276817,0.011222,0.097817,0.205204,0.110308,-0.07588,-0.307889,-0.030901,-0.148207,0.291639,0.045586,0.236017,0.000196,0.292592,-0.234108,-0.03917,-0.172625,-0.015323,#
7,-0.03579,-0.342335,0.020109,0.324503,-0.097595,-0.209987,-0.51913,1.0,-0.407256,-0.215918,-0.107016,-0.271185,0.020198,-0.21004,0.067475,-0.059581,-0.120434,-0.021222,-0.088203,0.12799,-0.26925,-0.004964,-0.182314,0.348286,0.548969,0.247443,-0.247446,0.276983,-0.52471,-0.087147,0.294423,0.243692,0.495923,0.287467,0.061586,0.109074,-0.400203,0.339946,0.151629,-0.065143,-0.086385,-0.336352,0.25102,0.240676,0.128768,-0.132927,-0.117545,0.28616,-0.086096,-0.442516,0.223149,0.270011,0.037697,0.20989,-0.056854,-0.184616,-0.039407,-0.164111,0.130363,-0.481253,-0.460804,-0.284776,-0.393511,0.016632,-0.38876,1.5e-05,0.0,-0.062632,-0.234928,0.171507,-0.058792,-0.139784,0.194566,0.026086,0.378359,-0.216105,0.188671,0.184963,0.254838,-0.055449,-0.097838,0.286844,-0.014181,-0.124826,0.052401,0.035187,-0.072448,0.255593,0.102832,0.071282,0.173871,0.167174,0.117118,-0.479126,-0.144582,-0.129278,0.07034,0.240787,0.129084,0.181723,-0.086516,0.140076,0.461852,0.049607,0.184514,0.057095,0.25776,0.197528,-0.05193,0.032075,0.122855,-0.101921,0.461852,0.233734,0.050229,0.313162,0.400975,0.147401,-0.121967,0.200802,0.135158,0.117194,0.049677,0.222168,0.203576,-0.173744,-0.342002,0.037533,0.054637,0.476452,-0.033316,-0.184308,0.031062,0.202737,0.292268,0.269859,-0.101921,0.265426,0.248873,0.211574,0.10504,0.126036,0.181824,-0.093583,0.285275,0.244643,-0.036121,-0.338133,-0.036121,0.131475,-0.033344,0.285275,-0.094221,0.261077,0.18841,0.17673,-0.160726,-0.471312,0.247141,-0.01997,0.245612,0.394255,0.030297,0.140076,0.185171,-0.234071,0.286116,-0.015682,0.38893,0.265426,-0.229197,0.079579,0.294199,-0.150247,-0.122307,0.13599,-0.016282,-0.41816,-0.493355,-0.260966,-0.313052,-0.23023,-0.152216,-0.186685,-0.391233,-0.393632,-0.352228,-0.253927,-0.021046,-0.350434,0.313704,-0.488603,-0.233699,-0.296688,-0.084523,-0.142,0.081522,0.119158,0.187616,-0.150107,#
8,0.122811,0.475994,0.06124,-0.159755,0.092251,0.91103,0.293799,-0.407256,1.0,0.365763,0.22932,0.101827,-0.085512,0.234581,-0.125356,0.204768,-0.20994,0.14405,0.211853,0.009152,0.031284,0.023966,0.481755,-0.388536,0.037939,-0.558038,0.204773,-0.240568,0.217329,0.41695,-0.328871,0.078394,-0.180473,-0.233776,0.013869,0.208248,0.336777,-0.561303,0.212165,-0.126322,0.222576,0.296316,0.103539,-0.192706,-0.132364,0.037993,0.316265,-0.037261,0.313175,0.065199,0.101792,-0.212515,0.07038,-0.184449,-0.026263,0.386842,-0.453344,0.448905,-0.451824,0.217329,0.326941,0.168608,0.032391,0.062481,-0.045219,0.272883,0.0,0.35569,0.199861,-0.119011,-0.005683,0.348613,0.080736,-0.267739,-0.689286,0.254403,-0.034037,-0.190371,-0.219001,-0.112579,-0.169634,-0.460543,4.5e-05,0.29343,-0.074597,-0.139272,-0.107262,-0.346264,-0.006654,-0.028098,-0.326179,-0.200636,-0.350017,0.324241,-0.191294,-0.199511,0.135507,-0.294955,-0.079916,-0.357824,0.252834,-0.076543,-0.215338,0.068727,-0.194407,-0.392654,0.053682,-0.175289,0.072401,0.055696,-0.024452,-0.166491,-0.228168,-0.120587,-0.230118,-0.508359,-0.172314,-0.271019,0.149194,-0.359446,-0.102214,-0.151373,-0.22151,-0.441271,-0.039214,0.041416,0.294784,0.18975,-0.498948,-0.390251,-0.262484,-0.072052,-0.304305,-0.261283,-0.460565,-0.389069,-0.166491,-0.214541,0.270237,-0.629817,-0.334789,-0.321364,-0.335974,-0.222316,-0.267433,-0.593315,-0.036451,0.49695,-0.254507,0.002057,0.166368,-0.462359,0.186733,-0.391446,-0.05329,-0.102505,0.109871,0.335504,-0.345678,-0.189885,-0.379009,-0.273131,-0.114023,0.083078,0.141173,-0.099381,-0.232681,-0.326632,-0.507152,-0.390251,0.077313,0.096882,0.182233,-0.264673,0.426948,-0.440933,-0.407621,0.313844,0.317675,0.032503,0.410245,0.146168,-0.20456,0.221068,0.069238,0.12941,0.100109,0.215605,-0.267434,0.467787,-0.529412,0.332951,0.142249,0.271048,-0.401842,0.299743,-0.060964,-0.331186,-0.165431,-0.018889,#
9,0.284167,0.178942,0.169709,0.174175,0.169119,0.321774,0.208058,-0.215918,0.365763,1.0,0.244574,0.26849,0.189243,0.062248,0.140616,0.458309,0.11488,-0.128091,-0.141946,-0.269511,0.159336,-0.153006,0.184624,-0.524891,-0.012043,-0.342525,-0.030918,-0.340281,0.302455,-0.018856,-0.239091,0.216441,-0.214392,-0.296485,0.0665,0.182259,0.241719,-0.529814,0.166921,0.329518,0.041209,0.166385,-0.332598,-0.513436,0.253258,-0.183338,0.09008,-0.167332,0.063098,-0.002782,0.008387,-0.293812,-0.188695,-0.109879,0.087198,0.202065,-0.63145,0.284941,-0.380146,0.116294,0.171793,0.355514,-0.301486,0.223289,0.0922,0.062928,0.0,0.130698,0.228743,-0.129526,0.032458,0.174028,-0.127407,-0.095631,-0.120945,0.098923,-0.352788,0.03015,-0.449638,-0.136214,-0.269409,-0.237402,0.084409,0.208176,-0.249011,-0.107956,0.042338,-0.020635,-0.192059,-0.026528,-0.102178,-0.348358,-0.072717,-0.194155,-0.200077,-0.028439,-0.162371,-0.117035,-0.204325,-0.171115,0.195661,-0.382875,-0.225395,0.122983,-0.302714,-0.109209,-0.207191,0.049647,-0.008024,0.140336,-0.184791,-0.08827,-0.269158,-0.09116,-0.449517,-0.074365,-0.123139,-0.24761,-0.040003,-0.092527,-0.382928,-0.072764,-0.215286,-0.140254,-0.341255,0.167004,-0.103641,-0.123063,-0.079568,-0.296477,-0.39324,-0.159622,0.012446,-0.126619,-0.270493,-0.296509,-0.08827,-0.296477,0.181329,-0.324776,-0.269521,-0.223972,-0.352873,-0.291344,-0.273267,-0.107078,0.196967,0.282293,-0.118752,-0.269026,0.200082,-0.273267,-0.2694,-0.296468,-0.139926,-0.24275,0.152559,0.163966,-0.299845,-0.352677,-0.313975,-0.242888,0.169629,-0.159846,-0.125756,-0.165238,-0.296194,-0.0445,-0.167812,-0.106513,0.458454,-0.112326,0.062942,-0.02809,0.220704,-0.389953,-0.216112,0.281312,0.018304,-0.191261,-0.017066,0.1078,0.068641,0.217334,0.173183,0.031262,0.241702,-0.134555,0.211887,0.183888,-0.437805,0.421784,0.326153,0.291492,0.002254,0.205438,0.238544,-0.379053,-0.258772,0.197287,#
10,0.21795,0.026844,0.183898,0.073617,0.316678,0.325344,0.15173,-0.107016,0.22932,0.244574,1.0,0.345994,-0.072623,-0.025044,0.113993,0.411692,0.565601,-0.228427,-0.123931,-0.305389,0.14593,-0.183491,0.005414,-0.147058,-0.114592,-0.303671,-0.288601,-0.170531,0.206474,0.123043,-0.314034,0.426147,-0.326779,-0.375625,0.642818,0.146734,0.346378,-0.326356,0.139239,0.330927,-0.302979,0.008738,-0.396743,-0.15416,0.08222,-0.163166,-0.241498,-0.213807,0.233281,-0.151566,0.376182,-0.164984,-0.207189,-0.087605,0.549839,-0.056778,-0.37639,0.082894,-0.323959,0.180078,0.096009,0.295732,-0.281249,-0.144215,0.206516,-0.230391,0.0,-0.167294,0.143488,-0.468346,0.253975,0.093086,0.033466,-0.377923,-0.233693,0.311727,-0.517715,-0.000284,-0.56893,-0.479078,-0.262346,-0.140411,-0.147933,0.329798,-0.688243,-0.015227,-0.470734,-0.173083,-0.43864,-0.464211,-0.037141,-0.38469,-0.054673,-0.28881,-0.167031,-0.298495,-0.326388,-0.283617,-0.087488,-0.165793,0.102004,-0.076899,-0.255857,-0.218476,-0.391915,-0.170025,-0.236428,-0.123171,-0.201828,0.396791,-0.514525,-0.194507,-0.40322,-0.279553,-0.577992,-0.09027,-0.176296,-0.437214,-0.342149,-0.056313,-0.588788,-0.031336,-0.127458,0.08678,-0.054284,-0.155218,0.03196,-0.141843,-0.246321,-0.534245,0.018006,-0.351734,-0.384395,-0.099395,-0.370245,-0.366867,-0.194507,-0.362274,-0.285113,-0.147991,-0.593901,-0.115415,-0.183,-0.238233,-0.529825,-0.317579,0.044321,0.16533,-0.176829,-0.27092,-0.144021,-0.349238,-0.26047,-0.535079,-0.263403,-0.238274,0.289699,0.05182,-0.427396,-0.198145,-0.136101,-0.404853,-0.082717,-0.255546,-0.458527,-0.047513,-0.139199,-0.004882,-0.323215,-0.352158,0.476469,-0.105702,-0.319928,-0.329613,0.323639,-0.336405,-0.476212,0.550477,0.215061,0.200132,0.131172,0.208332,0.2777,0.199509,0.205648,-0.26667,0.095179,-0.174161,0.46175,0.039487,-0.596966,0.540402,0.262282,0.159379,-0.287912,-0.131221,0.238827,-0.561965,-0.23623,-0.158818,#
11,-0.105843,-0.00347,0.465988,0.093322,0.218478,-0.050297,0.239652,-0.271185,0.101827,0.26849,0.345994,1.0,-0.223781,-0.065793,0.001805,0.364641,0.018271,-0.092133,0.037956,-0.347467,0.167327,-0.480194,0.144249,-0.392465,0.07502,-0.141398,-0.021405,-0.110078,0.288325,0.146415,-0.062962,0.101551,-0.46461,-0.081408,-0.087044,-0.065544,-0.1097,-0.185151,0.154372,0.448533,-0.048611,0.009266,-0.075768,-0.392457,0.125465,0.20691,-0.128457,-0.396623,-0.123964,0.201986,0.324905,-0.321795,0.23009,0.253154,-0.195901,0.070764,-0.103626,-0.282011,-0.268962,0.062946,-0.162519,0.278592,0.149296,0.18025,-0.04424,-0.334035,0.0,0.229335,-0.000855,-0.254823,0.544848,0.216815,0.176385,0.031633,-0.0987,0.178987,-0.378111,0.05607,-0.214493,-0.238027,-0.055544,-0.046192,0.042042,0.263958,-0.179362,0.02528,-0.245288,-0.11177,-0.018613,-0.383948,0.006624,-0.099749,0.140615,-0.20131,-0.126471,-0.370584,-0.368257,-0.18258,-0.289332,0.0327,-0.133236,0.284749,-0.011195,0.24082,-0.299275,-0.227601,-0.100374,0.083155,-0.138957,0.128386,-0.474016,0.131255,-0.404832,0.367663,-0.209575,-0.088442,-0.165327,-0.229129,-0.027194,-0.050296,-0.309739,-0.244901,-0.133921,-0.200366,0.141143,0.018537,0.009016,-0.275082,-0.270114,-0.268658,0.145421,-0.097237,0.081328,0.054382,-0.193278,-0.266025,0.131255,-0.244962,-0.236734,-0.05154,-0.248548,0.135421,-0.161204,0.022342,-0.388334,-0.302763,0.398757,0.194055,-0.077705,-0.083643,0.169066,-0.387856,-0.083759,-0.2482,-0.138256,-0.198951,0.084594,0.189511,-0.111439,0.032265,0.029693,0.03834,0.100732,-0.125541,0.070591,-0.253136,-0.398844,-0.210983,0.04217,-0.253164,0.340205,-0.298769,-0.08103,-0.352055,0.223794,0.117638,-0.165545,0.302851,-0.018846,-0.243399,-0.178134,0.09495,0.283062,-0.097549,0.060714,0.113215,0.070614,-0.095669,0.136689,0.006734,-0.425038,0.390965,0.281328,0.333183,-0.074082,0.211445,0.039677,-0.270559,-0.154133,0.390691,#
12,0.193217,-0.141926,-0.359397,0.041931,-0.099049,0.045711,0.233878,0.020198,-0.085512,0.189243,-0.072623,-0.223781,1.0,0.197245,0.17674,0.148855,0.03696,-0.262716,0.162719,0.0579,0.234658,0.209506,-0.029006,-0.26269,-0.139348,-0.209173,0.189686,-0.034299,-0.001906,-0.09763,-0.083795,0.13341,-0.046572,-0.008019,-0.091727,-0.274638,-0.103544,0.098037,0.092127,-0.143468,0.063885,0.197692,-0.068441,0.173202,0.219547,-0.393207,0.157473,-0.013589,-0.171352,-0.14907,0.001894,0.193786,-0.103058,-0.086681,0.017574,0.059008,-0.268465,0.078521,-0.146814,0.216185,0.006802,0.043909,-0.315686,-0.114845,-0.051045,0.211235,0.0,0.050181,0.02136,0.081798,0.04929,0.051179,-0.219165,0.149505,-0.086552,-0.125498,0.038175,-0.306083,0.022951,-0.084155,-0.267729,-0.247865,0.225043,0.076421,-0.11325,-0.033441,0.018996,-0.072771,-0.213215,-0.123261,0.324317,-0.276182,-0.078418,0.127128,0.253081,0.42752,0.096056,-0.069903,-0.183302,-0.123306,0.130614,-0.363507,0.026137,-0.092705,0.252665,-0.01877,0.021038,0.048937,-0.207734,-0.126671,0.328715,-0.151842,0.029275,-0.076029,0.032509,-0.142726,0.212472,0.00438,0.031922,-0.072696,-0.025245,-0.263344,-0.458027,-0.06805,-0.382946,0.324344,-0.321046,0.014107,0.152749,-0.011701,-0.265281,0.488533,-0.045693,-0.07141,-0.092425,0.168803,-0.151842,-0.197633,-0.005646,0.170114,-0.081601,0.27381,0.037442,-0.265354,-0.099534,0.138238,-0.054896,0.432743,-0.260756,-0.264036,-0.042037,-0.099534,-0.083959,-0.01526,-0.439747,-0.072427,0.438896,-0.086003,0.011937,0.037422,-0.100357,-0.075789,0.202705,-0.014912,-0.097073,-0.112468,0.048348,-0.150058,0.188531,-0.011701,0.219747,0.334766,0.271542,0.263867,0.261665,-0.159164,0.056403,-0.078477,0.134224,0.084418,0.258958,-0.057285,0.083577,0.09178,0.141165,0.151403,0.149637,0.211515,0.08038,0.053282,0.140212,-0.193594,-0.073812,0.188535,-0.060314,0.202857,-0.085278,0.168994,0.073287,0.228636,#
13,0.25722,0.42198,-0.035732,-0.209905,0.02764,0.336666,0.017288,-0.21004,0.234581,0.062248,-0.025044,-0.065793,0.197245,1.0,0.356068,0.286505,0.083848,0.068734,-0.064864,-0.206671,-0.233757,0.171721,0.222868,-0.348276,-0.204074,-0.162338,0.268792,-0.316573,0.088361,-0.009857,-0.386007,0.172776,-0.280852,-0.09866,-0.257157,-0.086873,0.09265,0.049832,0.336624,-0.206774,0.089136,0.427522,-0.056219,-0.030898,-0.042952,-0.293173,0.375282,0.09511,-0.017131,-0.08824,-0.232827,-0.124501,0.258274,-0.213182,-0.184458,0.307196,-0.165994,0.521806,0.253022,0.446567,0.297181,0.145239,0.020204,-0.268494,-0.214785,0.329897,0.0,0.420264,0.444544,-0.027613,0.13401,0.089758,-0.260875,0.186673,0.062758,0.236598,-0.087202,-0.240197,-0.44146,0.15265,-0.020522,-0.363305,-0.069994,0.185463,0.186783,0.110015,0.152408,-0.268776,-0.229187,-0.07674,-0.06531,-0.276026,-0.214884,0.431606,-0.10515,0.086668,0.373298,0.001315,0.198173,-0.239866,0.319735,-0.144415,-0.124149,0.257694,0.38961,-0.254175,-0.081575,-0.137478,0.239445,-0.055065,0.100247,0.238834,-0.137105,0.167801,0.197963,-0.184115,-0.397321,0.296753,0.066873,-0.260044,0.013038,-0.18433,-0.155049,-0.150365,-0.057615,0.118531,-0.095019,0.203583,-0.163873,-0.249094,-0.178174,0.145579,-0.436974,-0.540975,-0.004687,-0.256739,-0.180739,-0.07674,0.191847,-0.173606,-0.184115,0.019723,-0.215388,-0.157374,0.177394,-0.267679,-0.202489,0.260548,-0.175125,0.154385,-0.201654,-0.19439,0.151261,-0.251643,-0.120832,0.063941,0.501479,0.191005,0.115994,-0.072154,-0.169129,-0.297511,0.444598,0.359931,0.084954,0.36035,-0.106086,-0.230966,-0.251689,-0.259232,-0.128212,0.017674,-0.073007,0.178456,0.038181,-0.182749,-0.042024,-0.231587,0.256349,0.246254,0.683227,-0.228363,-0.111313,0.306019,0.000814,-0.186729,0.549584,0.134304,-0.18901,0.264258,-0.090111,-0.049881,0.073876,0.31711,0.055908,-0.079761,-0.510712,-0.141122,-0.273312,-0.076846,#
14,0.559785,0.371977,-0.363141,0.07558,0.210151,0.003287,0.036423,0.067475,-0.125356,0.140616,0.113993,0.001805,0.17674,0.356068,1.0,0.265586,0.186661,-0.237914,-0.210793,-0.121095,-0.227741,-0.072006,0.102344,-0.271396,0.070537,-0.18442,0.161012,-0.198655,-0.027005,0.069918,-0.234942,0.11169,-0.206407,-0.180774,-0.026585,-0.026087,0.075145,0.098943,0.080463,0.235915,-0.085728,0.025816,-0.480389,-0.282861,0.445459,-0.569786,0.280138,0.04181,-0.061786,-0.381817,-0.172557,-0.086164,-0.108715,-0.199303,-0.148553,0.258895,-0.268872,-0.074702,0.211414,0.333335,-0.246259,0.64262,-0.097291,-0.16537,-0.095755,0.064033,0.0,0.124722,0.359265,-0.329307,0.091039,0.021899,-0.220743,0.118351,0.256357,0.193337,-0.299454,-0.121465,-0.458549,0.361399,0.080281,-0.40206,-0.272377,-0.137985,-0.287796,0.120935,-0.308624,-0.121092,0.092085,-0.157148,0.067173,-0.429083,-0.133018,0.107104,-0.106978,-0.149902,0.08312,-0.046097,-0.158449,-0.120914,-0.006367,-0.358829,0.203308,0.1078,0.090847,-0.325908,-0.184249,-0.454648,0.141909,-0.221963,0.034948,-0.152935,-0.305888,0.115105,-0.275621,-0.27129,0.22632,-0.027691,-0.001428,-0.502989,-0.334071,-0.097696,-0.290685,-0.049067,0.232751,0.142138,-0.354767,0.361888,0.086934,-0.157148,-0.081352,-0.276559,-0.17007,-0.391061,0.073996,-0.339484,-0.152935,-0.323201,-0.135022,-0.062592,-0.27129,-0.0662,0.06039,-0.218361,-0.11544,0.035443,-0.105957,0.215318,0.11681,0.08203,-0.30488,0.065788,-0.299475,-0.324552,-0.09775,0.146048,0.234716,0.038458,-0.175417,-0.114302,-0.348862,-0.030446,0.148834,0.164495,0.048224,0.333937,-0.17655,0.014903,-0.126837,-0.513673,-0.010317,-0.059139,-0.251235,-0.094321,-0.125394,0.028627,-0.374433,-0.125593,0.090175,-0.018504,0.204806,-0.115608,-0.071516,0.197827,0.128851,-0.328281,0.444087,0.006146,-0.010173,-0.172496,-0.030903,0.089306,0.086711,0.311165,0.095888,-0.171789,-0.12667,0.08597,-0.294131,0.012259,#
15,0.201924,-0.14792,-0.077846,-0.06138,0.275984,0.299568,0.125108,-0.059581,0.204768,0.458309,0.411692,0.364641,0.148855,0.286505,0.265586,1.0,0.360078,-0.351027,-0.01426,-0.430481,-0.005197,-0.487133,0.146883,-0.486861,-0.253175,-0.277752,-0.118478,-0.164008,0.310739,0.275028,-0.455276,0.415492,-0.475686,-0.32193,0.129163,-0.116236,-0.019607,-0.107395,0.643335,0.383231,-0.268961,-0.014433,-0.383901,-0.422289,0.131094,-0.053074,0.070295,-0.182632,-0.063186,-0.008046,0.394634,-0.150189,0.013212,0.179126,0.060549,0.293802,-0.32752,0.128744,-0.103154,0.173548,-0.128952,0.30055,-0.341308,-0.00877,-0.041726,-0.163796,0.0,0.178624,0.486434,-0.433739,0.256337,0.211503,-0.282686,0.09218,-0.210937,0.285834,-0.312289,-0.153088,-0.382505,-0.152549,-0.244915,-0.130589,0.192707,0.462649,-0.304736,0.017042,-0.302719,-0.037942,-0.312434,-0.141263,-0.033587,-0.529839,-0.247035,-0.136667,-0.206918,-0.135654,0.057281,-0.239094,-0.348752,-0.295455,0.153926,-0.206607,-0.21481,0.023949,-0.217226,-0.479441,-0.21826,0.275632,-0.374633,0.221902,-0.53615,0.220172,-0.205268,-0.064066,-0.529471,-0.412111,0.012869,-0.185834,-0.160628,-0.264556,-0.537449,-0.070193,-0.277384,-0.066867,-0.050982,0.031864,-0.117134,0.011159,-0.242292,-0.500066,-0.358754,-0.131419,-0.188102,-0.321508,-0.325991,-0.320203,-0.195851,-0.48692,0.038398,-0.135036,-0.598005,0.0438,-0.154377,-0.21288,-0.316445,-0.255119,0.048475,0.226581,-0.355788,-0.26711,0.06189,-0.512917,-0.245962,-0.657796,-0.219774,-0.364301,0.094152,0.127801,-0.4084,-0.462118,-0.510269,-0.366184,0.200218,-0.212816,-0.147312,-0.202457,-0.487882,-0.084883,0.026384,-0.305972,0.282847,-0.155517,-0.128722,-0.152464,0.271855,-0.136219,-0.282737,0.354449,0.164961,0.187511,0.266644,-0.138962,0.271564,0.519679,-0.108762,-0.117207,0.571631,-0.154882,0.178587,0.197785,-0.39044,0.346068,0.289261,0.403147,0.041052,0.213959,0.233342,-0.376584,-0.21714,0.022991,#
16,0.1808,-0.297643,-0.254511,-0.037844,0.323778,-0.090275,-0.02903,-0.120434,-0.20994,0.11488,0.565601,0.018271,0.03696,0.083848,0.186661,0.360078,1.0,-0.480128,-0.226501,-0.223447,-0.130217,-0.153162,-0.32877,-0.112557,-0.427278,0.121462,-0.236203,-0.013362,0.11057,-0.049141,-0.295404,0.108089,-0.339763,-0.273818,0.442219,-0.005311,0.171489,0.04986,0.136632,0.138009,-0.487097,-0.055874,-0.518993,-0.146312,0.153011,-0.003341,-0.144113,-0.287747,0.290509,0.015537,0.033334,-0.092356,-0.299039,-0.223455,0.487379,-0.177549,-0.063341,-0.03688,0.270652,0.088183,-0.043174,0.300399,0.000286,0.059618,0.143157,-0.414215,0.0,-0.434969,0.120635,-0.580655,0.281464,0.012319,-0.201911,-0.152212,0.0479,0.191213,-0.369925,0.13959,-0.35956,-0.035448,-0.239738,0.23039,-0.204529,0.152004,-0.505447,0.059251,-0.19339,0.133807,-0.29817,-0.27428,0.073329,-0.280722,0.180436,-0.135571,-0.015331,-0.115792,-0.343973,-0.203552,-0.07238,-0.185074,0.083575,-0.240656,-0.215364,-0.298974,-0.302492,0.108539,-0.195535,0.086266,0.005704,0.24016,-0.347554,-0.139888,-0.195119,-0.331325,-0.356192,0.175615,-0.056393,-0.023878,-0.133404,0.056907,-0.421083,0.1693,-0.112705,0.405145,-0.109817,-0.070427,-0.278508,0.11547,0.102908,-0.27428,0.135096,0.023183,-0.156958,0.115863,-0.173019,-0.093721,-0.139888,-0.089576,-0.435318,0.138456,-0.226215,-0.19585,0.144617,0.048063,-0.365371,0.055411,0.130837,-0.296502,0.130837,-0.217302,-0.302899,0.033476,-0.217605,-0.275669,-0.142273,-0.168609,0.223467,-0.182298,-0.395714,-0.025461,-0.134758,-0.384923,0.107889,-0.247499,-0.558986,0.072389,0.097568,0.272695,-0.202625,-0.085954,0.437091,-0.18727,-0.29855,0.222844,0.161864,-0.199689,-0.117313,0.345835,0.397067,0.358477,0.148282,-0.024437,0.316223,0.198256,0.148744,-0.215578,0.245134,-0.007496,0.404975,-0.265075,-0.269417,0.386643,0.03989,-0.11734,0.079618,-0.293475,0.247894,-0.213323,-0.349795,0.054158,#
17,-0.101636,0.384777,0.429262,0.315485,-0.143477,0.036807,0.033489,-0.021222,0.14405,-0.128091,-0.228427,-0.092133,-0.262716,0.068734,-0.237914,-0.351027,-0.480128,1.0,-0.265542,0.129819,0.300643,0.23046,-0.023665,0.185871,0.312112,0.09696,-0.203323,0.028191,0.158824,0.142735,0.128392,-0.09531,0.407893,0.19443,-0.178351,0.05221,-0.036746,0.024359,-0.041596,-0.167354,0.312694,-0.157006,0.131781,0.387728,-0.060884,-0.027341,-0.151234,0.012075,-0.203617,0.101506,0.073521,0.003133,0.120923,-0.065465,-0.255589,0.096392,0.230154,0.403213,0.01029,-0.03807,0.206096,-0.239209,0.286858,-0.121596,-0.019007,0.073861,0.0,0.117852,-0.191827,0.280077,-0.290863,-0.12582,0.238821,-0.071897,8.9e-05,-0.25035,0.151016,0.198627,0.017978,0.247072,0.326676,0.127804,0.17892,0.021615,0.575652,-0.205517,0.428069,-0.117183,0.118902,0.024329,-0.120622,0.160184,-0.037581,0.115824,-0.118098,-0.134253,0.020835,0.126296,0.555519,0.333177,0.221299,0.215993,0.195961,0.336816,0.16663,0.220191,-0.119178,-0.186312,0.082651,0.120987,0.18117,0.16546,0.195961,0.440283,0.352082,0.14839,0.001202,0.223483,-0.12239,0.076514,0.385297,0.149061,0.203086,-0.058824,0.312081,0.100652,0.556384,0.135335,-0.343387,0.211886,0.018475,-0.186866,-0.135254,0.087931,0.061653,0.202419,-0.249788,0.194905,0.403956,-0.194911,0.14165,0.13188,0.006377,-0.045501,0.248363,-0.332397,-0.196249,0.047334,0.214935,0.122713,0.202763,-0.119588,0.115449,0.204374,0.169498,0.060587,-0.171228,0.136764,0.302891,0.153915,0.159445,0.276544,-0.064033,0.380796,0.327974,-0.09378,0.020467,-0.229602,0.182394,0.382463,-0.250176,-0.252569,0.102862,0.062743,-0.134225,0.249995,-0.002808,-0.008675,-0.202246,-0.341582,0.023795,0.003698,-0.174247,-0.256348,-0.204465,0.0207,-0.303487,0.058093,-0.192095,0.376427,0.154002,-0.029414,0.341537,-0.082146,0.155158,0.025711,-0.133176,0.096233,0.320008,-0.308471,#
18,-0.186272,-0.070102,-0.068222,-0.187539,0.209828,0.274522,0.166855,-0.088203,0.211853,-0.141946,-0.123931,0.037956,0.162719,-0.064864,-0.210793,-0.01426,-0.226501,-0.265542,1.0,0.200428,0.190783,-0.00343,0.494035,0.213915,0.029446,-0.191202,0.660232,0.269251,-0.278648,0.252768,-0.066842,-0.139961,-0.292102,0.231677,-0.336797,-0.241906,-0.089201,-0.207522,0.056149,-0.267116,8.8e-05,-0.042797,0.52979,0.009239,-0.341439,0.039646,0.099273,0.108851,-0.040456,0.181956,0.228754,0.307277,0.270398,-0.141838,-0.245231,0.269763,-0.156195,-0.077842,-0.234342,0.09465,-0.182106,-0.088088,-0.102311,0.145793,-0.064999,0.274053,0.0,0.222819,-0.074572,0.425786,0.264046,0.160907,0.184753,0.33496,-0.199255,0.228802,0.188193,-0.487554,0.353188,-0.211789,-0.188654,-0.219429,-0.175074,0.358379,-0.086017,-0.081109,-0.171121,-0.177796,0.085683,0.109361,-0.096854,0.119949,0.18811,0.148771,-0.009243,0.275075,-0.016265,-0.194708,-0.449499,-0.019044,0.162239,0.253843,-0.026053,0.260115,0.132914,-0.264923,0.434245,0.204273,-0.030915,0.070178,0.146157,0.159664,0.150881,-0.08836,-0.180687,-0.330695,0.144403,0.000844,0.293204,-0.030803,0.036617,-0.323067,-0.215885,-0.519418,-0.127485,-0.309598,0.263087,-0.092762,-0.017663,-0.134414,-0.340082,0.216895,0.163074,0.076169,-0.252577,0.052984,0.176506,-0.263017,-0.249162,-0.162042,0.005034,0.027755,-0.340524,-0.226689,-0.061265,-0.081498,-0.136319,0.283382,-0.358598,0.202123,0.061649,-0.249305,0.421082,-0.115478,-0.211139,-0.023186,-0.206296,0.202087,0.20449,-0.015154,0.053283,-0.090495,0.066865,-0.111811,0.140298,-0.027694,0.246999,-0.066602,-0.181345,-0.127496,0.099999,0.523501,0.081839,-0.216526,0.352152,-0.392652,0.133657,0.057233,0.016225,0.035278,0.24256,0.011613,0.124986,0.064153,-0.07955,0.623414,-0.012755,0.205883,-0.380376,0.123874,0.030983,-0.170394,-0.39145,0.098182,-0.504332,0.445243,-0.03155,0.086629,0.334417,0.260856,#
19,-0.350006,-0.065878,-0.374332,0.004623,-0.310742,-0.044225,0.048665,0.12799,0.009152,-0.269511,-0.305389,-0.347467,0.0579,-0.206671,-0.121095,-0.430481,-0.223447,0.129819,0.200428,1.0,0.000632,0.299937,-0.248293,0.485957,0.192179,0.084379,0.055071,0.183326,-0.527647,0.015272,0.27079,-0.28501,0.166673,0.718398,-0.371233,-0.230103,0.104423,0.261828,-0.183733,-0.199537,0.160153,-0.186274,0.342313,0.294788,-0.184342,0.147013,0.159012,0.167126,-0.156273,-0.091665,-0.149682,0.325285,-0.036119,-0.423314,-0.277608,0.091058,0.291536,-0.301204,0.229359,-0.162379,-0.072721,-0.119793,0.310056,0.141422,-0.236472,-0.141556,0.0,-0.217817,-0.38792,0.221115,0.067768,-0.336244,-0.183625,-0.087856,-0.046675,-0.178537,0.767096,0.227033,0.43892,0.289223,0.19441,0.302993,0.212085,-0.311764,0.373987,0.374573,0.108675,0.076276,0.277352,0.330667,0.0258,0.490525,0.404659,0.094298,-0.102636,0.158292,0.167971,0.100125,0.143856,0.377582,-0.141001,0.330645,0.238835,-0.048921,0.321412,0.345314,0.126663,-0.061753,0.281584,-0.163472,0.268344,-0.127219,0.603997,0.270309,0.237709,0.014125,0.410697,0.225725,0.144084,0.079176,0.52348,-0.009254,0.156854,0.092793,-0.030884,0.361955,0.323429,0.181164,0.226668,0.535887,0.087453,0.349495,0.264957,0.198317,0.198582,0.354912,-0.127219,0.144026,0.142926,0.079953,0.21758,-0.106732,0.41252,0.374906,0.386446,0.239067,0.092056,-0.265044,0.301946,0.403495,0.065729,0.386446,0.204279,0.34369,0.324395,0.67429,-0.021659,-0.272563,0.13568,0.39534,0.047789,0.479875,-0.172791,0.323863,0.203335,-0.025957,0.342262,0.253202,0.054346,0.349246,-0.367189,0.395343,0.471209,0.010677,-0.283658,0.076698,0.161103,-0.331692,-0.238494,0.048086,-0.114924,-0.145856,-0.025261,-0.281576,-0.172751,0.187208,-0.212846,0.478169,-0.398801,-0.23889,0.420736,-0.423174,-0.399949,-0.422604,0.090728,-0.249473,-0.015104,0.45123,-0.012917,-0.229969,#
20,0.031324,0.186828,0.218123,0.123485,0.203382,-0.049866,0.098106,-0.26925,0.031284,0.159336,0.14593,0.167327,0.234658,-0.233757,-0.227741,-0.005197,-0.130217,0.300643,0.190783,0.000632,1.0,-0.008005,-0.010277,0.068139,-0.014028,0.061138,0.059192,0.152544,0.480807,0.319364,-0.117159,0.164614,0.118516,-0.08772,0.035773,-0.073511,-0.140947,-0.483743,-0.119375,0.17736,0.283327,-0.115386,-0.046493,0.122281,0.105979,-0.036756,-0.502782,-0.194796,-0.476312,0.00393,0.16727,0.107723,-0.171947,0.009552,0.186456,0.063878,-0.061813,0.001447,-0.332258,0.140286,0.136367,-0.037858,0.119944,-0.176569,0.319957,-0.050148,0.0,-0.197496,-0.154005,0.154572,-0.153068,0.25711,0.055397,0.077761,-0.185103,0.00069,-0.053423,0.093815,0.046952,-0.212989,-0.192431,-0.07221,0.157908,0.286264,-0.115681,-0.43951,0.238314,-0.534008,-0.19591,-0.135572,-0.035879,-0.168537,-0.035766,-0.140039,-0.076041,0.0023,-0.316873,-0.159852,-0.271317,0.214899,0.214935,0.178238,-0.118389,0.060489,-0.007625,0.238537,-0.122611,-0.15969,-0.315351,0.240336,-0.048522,0.251601,-0.13836,0.009166,-0.334598,-0.058806,0.114154,-0.072052,-0.249866,-0.025146,-0.132043,-0.091821,-0.157511,-0.073921,0.037573,-0.152594,0.390778,-0.373542,-0.167534,-0.278546,-0.313529,-0.07549,-0.010698,0.109493,-0.443123,0.084374,-0.19261,-0.471754,-0.235118,-0.310718,-0.389621,-0.110566,-0.250181,-0.212188,-0.285454,-0.175373,-0.092295,0.331683,-0.092295,-0.463118,0.290157,-0.419958,-0.208701,-0.281169,-0.308271,-0.336133,-0.018172,0.360669,-0.011539,-0.250042,-0.107143,-0.126632,-0.141878,-0.241599,-0.281729,-0.328097,-0.254629,0.100272,0.192069,0.050767,0.312855,0.285738,-0.260803,0.133059,0.340719,-0.266573,-0.039014,0.518813,0.237662,-0.162369,0.161063,0.176705,0.250709,-0.037907,0.358025,0.359581,-0.140226,0.326098,0.24871,0.516496,-0.162967,0.361237,0.44242,0.133136,-0.056978,0.235747,0.345714,0.098746,0.48216,0.089605,#
