0,1.0,0.092891,0.077754,-0.080759,0.249865,0.07833,0.176207,0.104906,0.239304,0.022905,-0.045384,0.23965,0.35438,0.247229,-0.216487,-0.131439,-0.037061,-0.007939,0.141164,-0.339575,-0.22611,-0.203552,0.272108,-0.344556,-0.113096,-0.314326,-0.203782,-0.057663,0.221085,0.32394,-0.244192,-0.047937,-0.201951,-0.323691,-0.265452,-0.015402,-0.13395,0.098105,0.032046,-0.079386,0.114501,0.061679,-0.051008,-0.029658,-0.115749,-0.330255,0.341971,0.277686,-0.271121,0.259543,-0.063599,0.146933,0.129766,0.080913,-0.051308,0.230426,0.240151,-0.207548,-0.118449,0.017998,0.260848,0.23273,0.174145,-0.232901,-0.005582,0.342476,-0.066447,0.114868,0.068869,-0.170028,0.194678,-0.042788,-0.092484,-0.13259,-0.291762,0.375223,-0.12881,-0.203287,-0.089517,0.107664,-0.362857,-0.145577,-0.091486,0.313114,-0.19671,-0.042015,-0.127364,-0.163192,0.154449,-0.325351,-0.293229,-0.144053,-0.193113,0.134782,0.03214,-0.258967,-0.020507,-0.110662,0.004009,-0.360573,0.023845,-0.426975,0.09464,-0.207766,-0.296381,0.07643,0.061827,0.083807,-0.467921,-0.010021,0.239166,0.018962,-0.139997,-0.330351,-0.340886,-0.513423,-0.212822,0.07709,0.185785,-0.413403,-0.044916,-0.364372,-0.171708,-0.302389,-0.321639,0.011718,-0.348451,-0.12734,0.096606,-0.297871,-0.135517,-0.080162,-0.055446,0.182948,-0.340587,-0.223486,0.117772,-0.264387,-0.141555,-0.231778,-0.08661,-0.209249,-0.384745,-0.17846,-0.034219,-0.094805,-0.469683,0.2961,-0.02331,-0.036409,-0.328071,-0.343738,-0.09499,-0.113265,-0.335118,-0.133322,0.246782,0.288725,-0.24817,-0.080669,-0.184355,-0.041685,-0.34238,-0.232049,0.065227,-0.277517,0.148397,0.026319,-0.023257,-0.344484,0.007638,0.066128,-0.158724,0.023616,0.231847,-0.092424,0.076594,0.214148,0.31073,-0.436104,0.126787,0.175539,-0.241975,-0.052212,0.417972,0.056146,0.123161,0.215863,-0.177296,0.421934,0.12075,-0.18025,0.371147,0.376673,-0.168602,0.269082,0.322896,-0.330179,-0.291603,0.096734,#
1,0.092891,1.0,0.040719,-0.094132,0.057229,-0.053913,0.245901,0.265506,0.162987,0.370026,-0.020994,0.20622,0.067075,-0.055839,0.152175,0.090462,-0.20668,0.219623,0.169476,0.057349,-0.028752,0.377631,-0.038404,-0.009737,-0.14135,0.186481,0.306115,0.097034,0.140571,0.341622,-0.497241,0.330657,0.124157,0.188587,-0.191227,-0.092163,0.134834,-0.077232,-0.174869,-0.247299,-0.195628,0.313955,0.142146,-0.061639,-0.137301,-0.421247,0.288953,0.342733,0.102037,0.403069,0.16816,-0.238516,-0.034534,0.104203,0.157303,0.214056,-0.333851,-0.30633,-0.087764,0.029371,-0.046396,0.322772,-0.170032,0.300049,-0.024701,-0.122762,0.13836,0.104674,-0.14404,-0.235389,-0.093893,-0.214821,0.174219,-0.016404,-0.180545,0.15439,-0.307216,-0.214282,-0.278429,-0.431882,-0.224347,-0.173022,-0.259166,0.096847,-0.464617,-0.026628,-0.165168,0.010774,-0.049652,-0.013224,0.244558,-0.195571,-0.205558,0.093883,-0.16179,0.33576,0.139405,-0.134857,-0.190643,-0.239148,-0.071482,-0.425823,-0.646251,-0.043132,-0.669272,-0.256487,-0.394683,-0.365478,-0.356582,-0.224873,0.085066,0.28244,-0.013224,-0.342999,-0.17807,-0.178873,-0.076094,-0.259565,0.220097,-0.148252,-0.202892,0.11799,-0.198092,-0.401744,-0.016319,-0.15278,-0.160273,-0.142751,-0.154079,-0.094018,-0.173022,-0.286502,-0.056756,0.219234,-0.173022,0.128946,-0.201406,-0.115215,-0.032164,-0.32372,-0.125911,0.112571,-0.383707,0.05369,-0.254204,-0.384506,-0.144714,0.188361,-0.249955,-0.227537,-0.158224,-0.198092,-0.094018,0.085561,-0.200938,-0.094982,0.097772,0.242883,-0.125073,0.141365,-0.086512,-0.034977,0.037186,0.030749,0.063715,0.406884,0.115693,0.229696,-0.194605,0.012067,-0.353938,-0.058685,-0.14739,-0.142769,0.272901,0.073157,-0.08968,0.025727,-0.008667,-0.286638,0.219875,0.111994,-0.039525,0.078895,-0.096582,-0.17261,-0.037814,-0.065028,-0.183686,0.278905,-0.190944,0.387284,0.195196,-0.020418,-0.128849,-0.058482,0.317131,-0.184305,-0.019452,0.0288,#
2,0.077754,0.040719,1.0,0.362389,0.249771,-0.260698,0.056475,0.059224,0.061603,0.198434,-0.177765,-0.023954,0.037135,-0.236045,-0.362623,-0.302289,0.11505,0.022188,0.010094,-0.31774,0.148805,-0.01366,-0.165203,0.003088,-0.161393,-0.144047,0.181476,-0.491129,-0.275746,0.333438,-0.071825,0.03175,-0.201972,0.193365,-0.256001,-0.27129,0.048323,-0.274528,0.190697,-0.055706,-0.058923,-0.139164,0.11089,-0.174431,0.096097,-0.003714,-0.11418,0.266968,-0.167623,-0.024257,-0.19508,0.136526,-0.039096,0.392439,-0.018698,-0.286445,-0.070508,-0.151545,0.097188,-0.033947,0.020082,-0.131717,-0.537705,-0.100091,-0.089502,0.067546,-0.245844,-0.15424,-0.11847,0.127906,-0.001995,0.113006,0.177542,0.221929,-0.156978,0.213662,-0.158807,-0.211692,-0.27145,0.308497,0.132494,0.029209,-0.062375,0.126137,0.190981,-0.184323,-0.127898,0.05825,0.136187,-0.147619,-0.2507,-0.344838,0.130052,-0.020883,-0.50699,-0.034797,0.154204,0.069762,0.014774,-0.042248,-0.089885,-0.225861,0.109715,-0.028222,-0.337595,-0.23553,0.093529,-0.027782,-0.158807,0.162584,0.120742,0.255641,-0.154271,-0.162048,0.046094,0.032202,-0.039239,-0.251701,0.078143,-0.090922,-0.370065,-0.023084,0.445439,-0.211496,-0.112982,0.273274,-0.350879,0.030515,0.07283,0.270288,0.20768,-0.09113,-0.216098,-0.023487,0.029209,-0.013573,0.429667,0.059143,-0.174153,-0.281016,0.077717,0.344783,-0.168664,-0.417141,-0.009449,0.208266,-0.128937,0.313161,-0.200568,-0.013047,-0.519562,0.2385,0.263384,-0.097789,-0.122298,-0.270734,-0.054458,0.171519,0.120609,-0.249423,0.137892,-0.058405,0.275878,-0.006355,0.117483,-0.073524,-0.249076,-0.48839,0.03188,0.018446,-0.003199,0.019803,0.00834,0.061609,-0.063526,-0.06579,-0.100453,0.053228,-0.344654,0.089391,0.046635,0.075511,0.153108,-0.065104,-0.208076,0.104403,0.027639,-0.277347,-0.158752,0.106683,0.364926,0.031889,0.220472,0.073255,-0.036226,-0.260573,0.003942,0.2385,0.104247,0.073909,#
3,-0.080759,-0.094132,0.362389,1.0,0.23574,-0.368081,-0.086685,-0.391622,0.006602,0.16369,0.423758,-0.075933,0.072993,-0.364895,-0.197005,-0.145354,0.166294,-0.028912,0.064132,-0.007199,0.044972,-0.197183,-0.031952,0.096996,-0.038402,0.061733,0.040989,-0.442191,-0.100479,-0.102853,0.281337,-0.184304,0.158301,-0.071753,-0.093852,-0.412477,-0.302631,-0.070362,-0.220482,0.238225,0.185949,-0.274818,-0.031254,-0.127859,0.248767,-0.027063,-0.289747,-0.122758,0.148284,-0.132022,-0.243096,0.285522,-0.140827,0.387678,0.161245,-0.04135,-0.167934,0.017008,0.218405,-0.220815,-0.17381,0.059642,-0.286237,-0.297222,-0.135956,-0.316215,0.067186,-0.199856,-0.384561,0.473138,-0.130839,0.308183,0.255931,0.393721,0.138734,-0.005463,-0.15742,-0.229299,0.243048,0.289121,0.08707,0.156487,0.139164,-0.019517,0.124923,0.00734,0.060686,0.288282,-0.102462,0.152384,0.080789,-0.064032,-0.022314,-0.17796,-0.064521,0.317119,0.414798,0.183192,-0.037518,0.286418,0.042115,-0.376758,0.48143,-0.035574,-0.063997,0.038468,0.068836,0.093247,0.013262,0.390633,0.066917,-0.134104,0.160243,-0.079111,-0.021091,-0.060375,0.300433,0.06295,0.132232,0.114698,0.184323,0.030092,0.336861,-0.110566,0.041061,0.131429,-0.289347,0.10707,0.202991,0.111443,0.387534,0.009687,-0.310946,-0.175957,0.164755,0.398712,0.144243,0.015482,-0.168812,0.244991,0.104661,0.26342,0.248001,-0.299997,-0.072874,0.269914,0.092679,-0.202397,-0.046762,0.289765,-0.058388,0.30165,0.111923,0.018357,0.312413,-0.116521,-0.258933,-0.239571,0.505932,-0.180584,-0.209173,0.055001,-0.034644,-0.150626,-0.342496,0.229084,0.075059,-0.183345,0.044298,-0.06124,-0.097648,-0.141834,-0.074257,0.131935,-0.154198,-0.025185,-0.00281,0.025232,-0.258309,0.527641,-0.557855,0.24856,0.050651,-0.042681,0.062169,-0.161648,-0.087582,-0.208822,0.077825,-0.327355,0.257759,0.01673,-0.19719,-0.048459,-0.19754,-0.360963,-0.133936,0.092394,-0.353415,-0.013474,#
4,0.249865,0.057229,0.249771,0.23574,1.0,-0.107737,0.314777,-0.114916,0.028598,0.329451,0.155364,0.029772,0.100702,-0.122717,-0.009348,-0.231634,0.242609,-0.095575,-0.315066,-0.153161,-0.36726,0.2338,0.092099,0.146777,-0.290939,0.109673,-0.026419,-0.114584,-0.04307,0.351296,0.013914,0.036546,-0.260253,-0.000764,-0.434358,-0.06333,-0.185311,-0.195156,0.259283,0.240301,-0.065073,-0.012309,-0.213634,-0.196196,-0.030238,0.208591,0.003453,0.372642,-0.170494,0.194579,0.257064,-0.356233,-0.005234,0.037176,0.320161,-0.307953,-0.290573,0.277039,-0.441826,-0.326909,0.092185,0.197296,0.017823,0.050874,0.03474,0.170978,-0.013534,0.092868,0.102344,-0.232059,0.028871,-0.470761,0.307937,-0.451629,-0.316203,0.339741,-0.540399,-0.542884,-0.284952,-0.08172,-0.48487,-0.139077,-0.358276,-0.111732,-0.307591,-0.363573,-0.518884,-0.357246,-0.325152,-0.310062,-0.295069,-0.15807,-0.242578,-0.029515,-0.281357,-0.371836,-0.071951,0.310769,0.202504,-0.139108,0.045208,-0.361448,0.084112,-0.084735,-0.277588,-0.468685,-0.053632,-0.08003,-0.242553,0.27389,0.033188,-0.039085,-0.310062,-0.505328,-0.146261,-0.19225,0.019368,-0.454562,-0.048989,-0.049606,-0.247419,-0.365402,-0.00664,-0.144527,0.046372,-0.146583,-0.503107,-0.302126,-0.487192,-0.090247,-0.297102,-0.13258,-0.326627,-0.172087,0.015537,-0.402235,0.331695,-0.339049,-0.163138,-0.305274,-0.117164,0.321319,0.060677,-0.131615,-0.492067,-0.352074,-0.300246,0.279814,-0.414658,0.038465,-0.192849,-0.013695,-0.282221,-0.145885,-0.383802,-0.107193,0.131148,0.001178,-0.277905,-0.200825,0.050529,-0.198186,0.137591,-0.164976,-0.125466,0.342723,-0.028347,0.104626,0.076977,-0.337855,0.197379,-0.308083,-0.340478,-0.352477,0.053098,-0.395168,-0.161926,-0.095823,-0.087983,0.000468,-0.052258,0.108988,0.161253,0.287252,0.063756,0.184454,0.078355,-0.2589,0.129966,0.216339,0.163735,0.416008,0.391234,0.395528,0.203036,-0.138641,0.163439,-0.186332,-0.569238,0.312691,#
5,0.07833,-0.053913,-0.260698,-0.368081,-0.107737,1.0,0.161084,0.075539,0.005886,0.012914,0.109448,-0.117525,-0.366823,0.397389,0.445068,0.13285,-0.076629,-0.257686,-0.057393,-0.005414,-0.088913,-0.018347,0.042129,-0.158011,0.148977,-0.207414,-0.020635,0.241084,0.040085,0.006556,0.227917,0.302313,0.01858,-0.318742,-0.208702,0.010891,-0.151045,0.297171,0.090247,0.035138,-0.207359,0.163237,-0.135201,0.442167,-0.061978,-0.058595,-0.04573,-0.118607,0.096496,0.436777,0.103065,0.027271,0.344755,-0.354315,-0.082031,0.195496,-0.019737,0.197437,-0.116256,0.394678,0.296485,0.249088,0.066244,0.291825,0.203169,0.151243,-0.190187,0.249156,-0.121264,0.190295,0.024075,-0.104504,0.087548,-0.131599,-0.112628,-0.049227,0.262531,0.256981,-0.103908,-0.096776,-0.132896,0.035438,-0.049758,0.086198,-0.260179,-0.013485,-0.044118,-0.376876,-0.11862,-0.255461,-0.087397,0.050747,-0.078678,0.010148,0.223991,-0.029818,-0.09077,-0.158018,0.069304,-0.130122,-0.367609,0.166555,-0.109069,-0.060765,0.229872,0.167387,-0.055234,-0.145538,-0.048652,-0.370677,0.195264,0.225769,-0.112125,-0.160631,-0.26191,-0.31973,0.02277,-0.089806,-0.081327,-0.178396,-0.08025,0.145039,-0.172349,0.036151,-0.393251,0.008822,0.172252,0.259834,-0.234357,-0.265928,0.03836,-0.127098,-0.078034,0.230851,-0.122325,-0.251548,0.007403,-0.142758,-0.070046,-0.091059,0.218092,-0.340582,-0.496921,-0.002268,0.096023,-0.03261,-0.100182,0.071154,0.496894,-0.140365,0.051982,0.000416,0.051815,0.32242,-0.349296,0.083054,0.144112,0.135716,-0.431228,0.166208,-0.255048,-0.019115,-0.017907,0.070929,0.078367,-0.129481,0.152522,0.258435,0.055079,-0.147184,0.224239,-0.049573,0.158801,0.15598,0.219442,0.229691,0.166279,-0.082312,0.374925,-0.179756,0.26099,0.267523,-0.013215,0.130935,-0.101522,-0.066762,-0.073794,0.061509,0.071249,0.370463,-0.018995,-0.290767,0.083817,-0.202799,0.103135,0.053577,0.015442,-0.149554,0.096992,0.148388,#
6,0.176207,0.245901,0.056475,-0.086685,0.314777,0.161084,1.0,0.338045,0.398434,0.006669,0.202172,-0.006974,0.055052,-0.001582,0.21951,-0.099467,-0.302841,-0.179939,-0.086284,0.091814,0.069587,0.445337,0.282212,-0.384544,-0.046735,0.044295,0.201747,-0.247194,0.065695,0.296304,-0.349678,0.104087,-0.00687,-0.050487,-0.184542,-0.042391,0.084306,-0.30195,0.011489,0.286533,0.041957,0.071802,-0.304089,0.021993,-0.080487,0.044032,-0.07391,0.370254,0.211357,0.337387,0.426496,-0.134382,0.134955,-0.197301,0.139522,0.18364,0.087002,0.155589,0.049624,0.21983,0.293245,0.227296,-0.300211,0.153599,0.145259,0.143652,-0.255131,-0.051215,0.048177,-0.273621,0.245661,-0.380984,0.241153,-0.359854,-0.526071,0.34587,-0.281716,-0.299509,-0.392078,-0.199961,-0.348477,-0.372564,-0.139151,-0.46749,-0.579961,-0.272595,-0.110259,0.029359,-0.51762,-0.195966,-0.210572,-0.376053,-0.285584,0.051773,-0.542226,-0.057903,-0.130799,-0.225695,-0.049023,-0.217467,-0.301816,-0.058907,-0.225759,-0.113908,-0.360718,-0.229024,0.192743,-0.189093,-0.27926,-0.11286,0.299816,0.191422,-0.372362,-0.554899,-0.043712,-0.210308,-0.06644,-0.045148,0.159063,-0.43969,-0.142532,-0.271332,0.069494,-0.532138,-0.145709,-0.114033,-0.230282,-0.096765,-0.348312,-0.138188,-0.360663,-0.225484,-0.225472,-0.214171,-0.034997,-0.131089,0.015647,-0.044968,0.099834,-0.547403,-0.343415,0.059195,-0.160137,-0.050811,-0.217565,-0.350726,-0.325691,0.654646,-0.0243,-0.373879,-0.137991,-0.290299,-0.314483,-0.064352,-0.290318,0.030233,0.052019,0.329528,-0.027691,-0.249217,0.319045,-0.085678,-0.268172,-0.238295,-0.037084,0.277611,-0.101098,0.033576,0.006377,0.119911,-0.174488,-0.321865,-0.050406,-0.13597,0.302648,-0.315425,-0.225779,0.448422,0.444084,-0.325642,0.216985,0.553281,-0.061262,-0.094399,0.301047,-0.04574,-0.169373,-0.178772,-0.165812,0.463225,0.227637,0.029486,0.297455,0.025939,0.030334,0.123291,0.39285,-0.253569,-0.201266,0.111576,#
7,0.104906,0.265506,0.059224,-0.391622,-0.114916,0.075539,0.338045,1.0,0.100141,-0.112539,-0.376859,0.140306,0.023411,0.084981,0.124602,-0.159827,-0.273074,0.114412,0.017765,0.020223,0.28165,0.411623,0.066928,0.137654,-0.191627,0.14896,0.4902,0.080446,-0.420894,0.015997,-0.240125,0.58767,0.026384,-0.012351,-0.088818,0.012986,0.250625,-0.369984,0.075376,-0.137441,0.100228,0.2048,0.204117,-0.071109,-0.228212,-0.153672,0.259004,0.323699,-0.300238,0.018976,0.01366,-0.154262,0.210108,-0.393421,-0.294303,0.053874,0.281534,-0.223154,0.002425,0.342151,-0.090117,0.290884,-0.070569,0.257817,0.262924,0.332305,-0.243242,0.096005,0.067088,-0.353625,0.451996,0.050653,-0.382018,0.056373,-0.296124,-0.215129,-0.061605,0.064771,-0.29296,0.079061,0.187556,-0.122166,0.111664,0.047931,-0.063671,0.335036,0.257233,0.267504,0.02368,0.04503,0.072366,0.018819,0.05918,0.155634,-0.140499,0.13212,-0.084084,0.142444,-0.126955,-0.161839,-0.139918,0.017092,-0.12384,0.221374,-0.302522,0.050834,-0.065347,-0.228281,0.079657,-0.265686,0.24765,0.110651,-0.137097,-0.042479,0.373768,-0.125299,-0.155495,0.248906,0.0,-0.382486,-0.205853,-0.180667,0.028512,-0.059754,-0.175002,0.022225,0.119835,-0.394398,0.038267,0.064299,-0.122166,-0.166692,0.293864,-0.09615,0.210729,0.073153,0.049632,0.011,0.252629,-0.27603,0.054657,-0.372101,-0.119448,0.010712,0.12567,-0.047925,-0.138132,0.319017,-0.067316,0.179525,-0.181254,-0.194134,0.229598,-0.006532,0.189702,0.125862,0.18569,-0.005805,-0.248878,0.128574,0.130006,-0.054154,0.095637,0.149719,0.4409,0.043652,-0.057854,0.059914,-0.112322,0.163857,-0.082028,0.003095,-0.018459,0.003926,0.069682,0.063957,-0.010583,-0.062257,0.079842,-0.699134,0.15398,-0.172092,-0.056588,-0.173063,-0.140412,0.018295,-0.105875,0.059887,-0.154331,0.238444,0.324502,0.086497,0.052883,-0.235891,0.173243,0.060165,-0.121722,-0.156211,0.089067,-0.209869,#
8,0.239304,0.162987,0.061603,0.006602,0.028598,0.005886,0.398434,0.100141,1.0,0.2088,0.13265,0.093035,0.143797,0.191956,0.325333,-0.293276,-0.630434,0.082222,0.297336,-0.159992,0.086679,0.028723,0.524787,-0.233964,0.170516,-0.253349,0.177948,0.155931,0.44348,0.344602,-0.177458,0.163831,0.288919,-0.04016,-0.38847,0.034592,0.077783,-0.228755,-0.195816,0.04224,0.089253,-0.153076,-0.263959,0.094723,0.050065,-0.387356,0.337619,0.272778,0.1903,0.321107,-0.247845,-0.022031,-0.004573,0.05383,0.162604,-0.093912,0.158247,-0.214726,0.340643,-0.028444,0.159568,0.215262,-0.13974,-0.061465,-0.159811,0.12594,-0.015402,-0.128109,0.141945,-0.076889,0.154949,-0.204209,0.223899,-0.110319,-0.288052,0.079376,-0.297605,-0.364108,-0.288314,-0.313993,-0.064888,-0.456092,-0.15769,-0.198728,-0.336507,-0.039323,0.153177,0.02961,-0.464844,-0.09192,-0.008516,-0.088524,-0.621652,0.483412,-0.318041,0.150512,0.041775,-0.242495,0.264832,-0.259938,-0.292766,-0.136604,-0.072822,-0.171746,-0.213947,-0.166817,-0.18255,0.022263,-0.154186,-0.100616,0.327642,0.21946,-0.2807,-0.198083,-0.081461,-0.515364,-0.098053,0.041647,0.35304,-0.364307,-0.246587,-0.445252,0.353911,-0.583173,-0.114553,-0.066626,-0.099402,-0.095152,-0.043936,-0.305294,-0.082088,-0.230007,0.001992,0.123223,-0.094825,0.214473,-0.325793,-0.05698,0.349194,-0.101676,-0.102346,-0.021881,-0.422039,-0.418177,-0.19927,-0.004818,0.025682,0.304851,0.04329,-0.064112,-0.133563,-0.228953,-0.116622,-0.226813,-0.032519,-0.05307,0.391491,0.644596,0.065547,-0.090775,0.130425,-0.090974,-0.019344,-0.105922,0.005763,0.174899,-0.200533,-0.105764,-0.06395,0.145771,-0.292981,0.235153,-0.029894,-0.442115,0.492248,-0.332489,-0.386137,0.264436,0.303743,-0.376588,0.286201,0.294426,-0.199268,-0.141692,0.155812,0.067032,-0.196449,-0.159239,-0.306726,0.163416,0.153074,-0.065669,0.223584,-0.024428,-0.137711,-0.011279,0.362238,-0.264035,0.130403,0.064239,#
9,0.022905,0.370026,0.198434,0.16369,0.329451,0.012914,0.006669,-0.112539,0.2088,1.0,0.108156,-0.201703,0.299101,0.029916,0.278309,-0.050111,-0.299969,0.27713,0.06374,-0.015823,-0.066829,0.141854,0.274829,0.088573,-0.016001,0.098989,-0.113133,0.107352,0.040977,0.09131,-0.230016,0.395509,0.102604,0.311661,-0.55131,-0.134437,0.133781,-0.200743,0.191399,-0.121046,-0.082744,0.33909,0.169823,0.151733,0.226953,-0.126424,0.19481,0.509864,0.192702,0.311832,-0.033833,0.013091,0.073336,0.148284,-0.01313,-0.09973,-0.001703,0.083572,-0.235552,-0.124195,0.220338,0.271232,-0.38995,0.238296,0.078732,0.028737,0.086334,0.227613,0.079365,-0.217526,0.103,-0.159232,0.179809,0.051854,0.048755,0.21936,-0.222771,-0.449943,-0.047273,-0.189788,-0.145919,0.055227,-0.18594,-0.143639,-0.226813,0.02305,-0.408761,-0.219022,-0.298692,-0.104489,-0.064773,0.035246,-0.266831,0.17053,-0.105693,0.282137,0.222964,-0.042991,0.231252,-0.484346,0.00563,-0.295922,-0.218499,-0.122009,-0.252737,-0.159458,-0.349045,-0.318275,-0.271698,-0.123689,0.354256,0.019454,-0.104489,-0.398634,-0.267877,-0.069456,-0.167068,-0.381506,0.368929,-0.244604,0.059976,-0.011574,0.237252,-0.219399,-0.034126,0.093121,-0.396398,-0.201291,-0.238751,0.018506,0.240824,-0.351873,-0.021584,0.581523,0.055227,0.226001,0.066328,-0.182136,0.232992,-0.274909,-0.002261,0.190271,-0.237309,-0.229928,-0.218707,0.013576,-0.030572,0.148807,-0.380901,0.012478,-0.534578,0.237252,0.184669,0.003652,-0.143575,0.192899,0.32322,0.430164,-0.245676,0.07205,-0.339321,-0.103127,0.026663,0.10334,0.106612,0.504497,-0.283273,-0.136917,-0.048205,-0.046721,0.036077,0.170999,-0.042943,-0.291083,0.190676,-0.109056,0.000154,-0.238748,-0.258728,-0.015476,-0.096304,0.167694,-0.293264,0.309073,-0.298889,-0.184885,0.080707,-0.304676,-0.271006,0.198154,0.050155,0.133475,-0.078442,-0.084275,0.046046,-0.485041,0.206147,0.059625,0.147709,0.002766,#
10,-0.045384,-0.020994,-0.177765,0.423758,0.155364,0.109448,0.202172,-0.376859,0.13265,0.108156,1.0,-0.2602,-0.139344,0.106568,0.343339,0.017608,-0.148954,-0.282611,-0.113564,0.071436,-0.237848,-0.087688,0.168351,0.056959,0.242185,0.188043,0.079693,-0.003841,0.300136,-0.131498,0.220921,-0.198868,0.069591,-0.113662,0.07389,-0.152636,-0.224461,-0.116188,0.105534,0.438659,-0.165996,-0.114429,-0.211764,0.287376,0.39608,-0.111326,-0.21686,-0.052881,0.254618,0.01406,0.018571,0.186703,0.030429,0.10978,0.252883,0.333743,-0.05237,0.043796,0.153445,0.088883,0.27501,0.224277,-0.077575,0.045522,-0.021594,-0.092225,0.021642,-0.270168,-0.341533,0.224137,-0.063908,0.025157,0.354615,0.139617,-0.032782,0.090872,-0.154358,-0.003905,-0.004153,-0.135206,-0.373621,-0.020053,0.201728,-0.337425,-0.33837,-0.277326,0.180972,0.168423,-0.371341,-0.192673,-0.172184,-0.179678,-0.162328,-0.079328,-0.030574,0.01192,-0.024956,-0.074252,-0.172966,0.127269,0.073015,0.196746,0.20612,-0.157814,-0.00814,0.065288,-0.080222,-0.09802,0.025323,0.190156,-0.077351,-0.017581,-0.032414,-0.118927,-0.34353,-0.105859,0.128255,-0.165847,0.083441,0.048972,0.303939,-0.077472,0.122471,-0.077695,0.262739,-0.054074,-0.112527,0.257603,-0.189412,-0.209737,-0.007689,-0.077953,-0.522531,-0.083759,-0.179294,0.136267,0.069591,-0.244145,0.066431,0.00207,-0.232917,0.104183,0.117363,-0.113659,-0.138262,-0.080265,-0.214323,-0.228232,0.437883,-0.055139,0.173241,0.132729,-0.392894,0.070663,0.107218,0.107308,-0.112873,0.022231,0.182247,0.022185,-0.245246,-0.167189,-0.188186,-0.392863,-0.500851,0.10304,0.195758,0.336024,0.108178,-0.288612,-0.016022,-0.256224,-0.125307,-0.049411,0.274711,-0.039136,-0.087704,0.008739,0.303716,0.171853,-0.169543,0.57644,0.02551,0.234774,-0.034388,-0.067641,-0.009045,-0.481922,0.154135,-0.049431,-0.23386,0.105263,0.004791,0.00358,0.001058,-0.227897,0.107237,-0.037962,-0.418629,-0.022867,#
11,0.23965,0.20622,-0.023954,-0.075933,0.029772,-0.117525,-0.006974,0.140306,0.093035,-0.201703,-0.2602,1.0,-0.027961,-0.280428,-0.084948,0.146131,0.181942,-0.199996,-0.171088,-0.364707,-0.254599,-0.010017,-0.277099,-0.107797,-0.07002,0.112475,-0.148215,-0.203382,0.232832,0.508947,-0.287208,0.157488,-0.218758,-0.252537,0.147306,-0.08746,-0.501107,0.13185,-0.207172,0.185664,-0.130769,0.02064,-0.258911,-0.377864,-0.165417,-0.147055,-0.142246,-0.235425,-0.287946,0.071851,-0.404956,-0.249791,0.104346,0.20077,0.218638,0.005408,-0.072954,-0.265656,-0.079994,0.239235,-0.383281,-0.159545,0.123616,-0.08482,0.337347,-0.347158,-0.148452,-0.113663,-0.278854,-0.246963,0.113989,-0.073181,0.123381,-0.270538,-0.462615,-0.102555,-0.275168,0.019995,-0.255422,0.118777,0.003122,-0.458078,-0.379884,0.206988,-0.213504,0.019455,0.081127,-0.251591,0.015442,-0.291936,0.138047,-0.126883,-0.170794,-0.321856,-0.104693,0.044469,0.045832,-0.382804,-0.114005,0.160679,-0.032379,-0.283994,-0.067175,-0.166682,-0.299572,-0.146434,0.279977,0.086525,-0.281693,0.026053,-0.292215,0.186263,-0.460705,0.24766,-0.284883,-0.387685,0.006546,0.118704,-0.513088,0.110659,-0.27032,-0.166808,-0.491268,0.039472,-0.06457,-0.107039,0.078194,-0.401529,-0.250767,0.135875,-0.273414,-0.21091,-0.00722,-0.034074,-0.297089,-0.131172,-0.218758,-0.380573,-0.168495,-0.056566,0.153259,0.165151,-0.04085,-0.216108,-0.390472,-0.375724,-0.035888,-0.035493,-0.180638,0.020623,-0.085065,-0.517194,-0.021563,-0.204486,-0.317721,-0.332117,-0.284293,-0.044566,-0.052997,0.050362,0.046383,-0.131477,-0.032382,-0.3625,-0.050741,-0.150829,0.024741,0.007257,0.164108,-0.267228,0.253148,-0.204244,-0.269513,0.068898,0.389957,-0.265991,-0.544433,0.137792,-0.079492,-0.243139,0.317555,-0.29513,0.417898,0.028047,0.357116,0.195215,0.415602,0.231703,0.142653,0.042198,0.184645,0.169646,0.086951,0.093658,-0.347663,0.542456,-0.08944,-0.139967,-0.060847,-0.176649,#
12,0.35438,0.067075,0.037135,0.072993,0.100702,-0.366823,0.055052,0.023411,0.143797,0.299101,-0.139344,-0.027961,1.0,0.110683,0.042873,-0.279853,-0.182093,0.194348,-0.045327,0.261158,-0.172818,0.077031,0.462558,-0.231909,-0.375155,-0.119564,-0.070466,-0.173226,0.192207,-0.064365,-0.319939,0.052795,0.024453,-0.049989,-0.075341,-0.201532,0.258256,-0.156815,0.013194,-0.380792,0.349332,0.535398,-0.113739,-0.182602,-0.093515,-0.126254,0.45489,0.435066,0.125283,-0.052248,0.027259,0.102164,0.121821,-0.064348,-0.26849,0.142059,0.314455,-0.047248,-0.095827,-0.085982,0.047616,0.177594,-0.036855,-0.273208,0.07623,0.178,0.273266,0.16378,0.26246,-0.198469,0.424595,0.022556,0.002372,-0.054558,-0.231832,0.289314,0.031855,-0.473557,0.094554,-0.047493,-0.02757,-0.068243,-0.132787,-0.138414,0.139165,0.384882,-0.278405,0.184628,-0.045407,0.115313,-0.204811,-0.062996,-0.301899,0.200033,-0.082737,0.121131,0.192637,-0.084677,0.266302,-0.540446,0.417874,-0.244574,-0.074833,-0.318078,-0.226458,0.108532,-0.030438,0.070407,-0.450659,-0.013934,0.45516,-0.353669,-0.066288,-0.230623,-0.025861,-0.074822,-0.386373,0.145358,0.301699,-0.480867,0.169541,-0.470504,0.223709,-0.385731,0.073156,0.210147,-0.563616,-0.083047,0.167716,0.018693,-0.052278,-0.085666,0.157784,0.284694,-0.039282,0.189136,-0.01009,0.112237,0.129482,-0.056531,-0.148519,-0.136191,-0.011805,-0.152619,-0.035533,-0.002397,-0.3323,0.228538,-0.235472,0.090079,-0.361148,-0.336987,0.028776,-0.059973,0.052678,0.369107,0.332016,0.286956,0.135126,-0.086177,-0.11976,-0.08071,-0.479455,0.191898,0.147043,-0.063714,-0.071963,-0.383571,0.004028,0.115401,-0.076054,-0.062902,0.117039,-0.141616,0.267053,0.061747,0.08537,0.11776,-0.048674,-0.287496,0.013287,0.006606,-0.444727,-0.455311,0.06748,-0.162056,0.225744,0.089257,-0.473479,0.274207,0.230779,-0.186773,-0.045445,-0.061475,-0.145325,-0.039289,0.206439,-0.135722,-0.016309,0.137397,#
13,0.247229,-0.055839,-0.236045,-0.364895,-0.122717,0.397389,-0.001582,0.084981,0.191956,0.029916,0.106568,-0.280428,0.110683,1.0,0.13775,0.117652,-0.238467,0.125484,0.315631,0.135166,-0.138435,-0.067013,0.371019,-0.159793,-0.175957,-0.513765,0.205173,0.431343,0.389306,-0.002171,0.038865,0.189851,0.040332,-0.167249,0.081532,0.008939,0.175702,0.128666,-0.081958,-0.438596,0.224687,0.26617,0.052366,0.352971,-0.253347,-0.501359,0.359771,0.333928,0.194791,0.107047,0.092758,0.24697,0.006546,-0.260534,-0.469001,-0.117542,0.277476,-0.288575,0.093346,-0.033642,0.28691,0.246981,-0.026795,0.126674,0.187532,0.558289,0.316597,0.438784,0.220409,0.219934,-0.018788,-0.238192,0.085912,-0.280852,-0.128795,0.27695,-0.036226,-0.055245,-0.121514,-0.084477,-0.415857,-0.123139,0.107424,0.105447,-0.084353,0.14557,-0.044057,-0.070947,0.051278,-0.121743,0.062472,-0.264899,-0.226725,0.330315,0.206502,-0.220249,-0.096305,-0.160221,-0.091849,-0.593213,-0.123611,-0.000589,-0.096729,-0.076193,0.071169,0.17946,-0.255983,-0.309641,-0.207937,0.059982,0.506248,0.223878,-0.122109,-0.146582,0.05154,-0.171792,-0.296739,0.078578,0.1716,-0.215555,0.065753,-0.195595,-0.004113,0.027307,-0.016532,0.177543,-0.147311,0.223042,0.023464,-0.273616,-0.104576,0.158461,-0.065208,0.42416,-0.280375,-0.099574,-0.260869,-0.290854,0.163481,-0.098691,-0.084313,-0.516246,-0.327154,-0.312072,0.108106,0.230413,-0.271232,0.136319,0.315141,0.013735,0.014728,-0.18786,-0.095696,-0.141821,-0.018987,0.236818,0.458874,0.357979,-0.281691,0.156814,-0.258186,-0.196837,-0.019388,0.329256,0.090125,-0.128357,0.164317,0.030475,-0.125366,-0.010196,0.032148,0.239358,-0.152537,-0.17612,0.21173,0.218766,0.162993,-0.076007,0.380165,-0.3996,0.419105,-0.074942,-0.365917,-0.031445,0.060542,-0.005822,-0.081195,-0.166016,-0.228927,0.372735,-0.006934,-0.291742,0.392053,0.123754,0.129047,0.050668,0.486174,-0.167931,-0.044638,-0.024411,#
14,-0.216487,0.152175,-0.362623,-0.197005,-0.009348,0.445068,0.21951,0.124602,0.325333,0.278309,0.343339,-0.084948,0.042873,0.13775,1.0,-0.129699,-0.496103,-0.075196,-0.231298,0.38899,-0.043511,0.396885,0.350201,0.058798,0.242237,0.187443,0.234678,0.333386,0.143796,0.052696,0.027517,0.440842,0.35154,0.070746,-0.292338,-0.111757,-0.010898,-0.108983,0.342134,0.267526,-0.155937,0.411959,-0.221421,0.063864,-0.021249,0.01993,0.194574,-0.030997,0.133896,0.218511,0.055917,-0.178488,0.041089,-0.384419,0.02352,0.231728,-0.048951,0.183654,-0.205165,0.352787,0.228502,0.237681,0.008114,0.413069,0.191999,0.100077,-0.155586,0.103833,0.009903,-0.148506,0.325114,-0.122578,0.349017,-0.052482,-0.207572,-0.309308,0.016905,-0.024593,-0.189758,-0.325864,-0.046852,-0.201161,-0.140205,-0.50872,-0.338727,0.076963,-5.9e-05,-0.009944,-0.529073,-0.026004,-0.172848,0.142852,-0.494565,0.261466,-0.03764,0.185851,-0.029887,-0.085534,0.331593,-0.059302,-0.131334,0.198755,-0.163221,-0.171234,-0.002074,0.059553,-0.333628,-0.02824,0.016905,-0.331129,0.099536,-0.019761,-0.207789,-0.122313,-0.335188,-0.28409,-0.052835,-0.159213,0.06783,-0.290215,-0.027932,-0.265927,0.119157,-0.255996,0.033686,-0.070661,0.045729,-0.091463,-0.484793,-0.212366,-0.024248,-0.248655,-0.142768,0.045692,-0.172171,0.114201,-0.240396,-0.069995,0.26033,0.007399,0.118493,-0.260422,-0.28456,-0.104603,-0.33126,-0.30127,-0.043674,-0.109241,0.238895,-0.061234,-0.038066,-0.078651,-0.047377,0.230829,-0.078529,0.302231,0.386395,0.103974,-0.17942,0.205489,-0.185738,-0.15582,0.024263,-0.011852,-0.152491,0.247268,0.021379,0.326172,-0.096978,0.062015,-0.019505,-0.125773,0.048346,-0.258245,0.589718,-0.042673,-0.092206,-0.016689,0.277206,-0.262749,0.307315,0.24788,-0.15449,0.039983,-0.218048,0.093001,0.15112,-0.241072,-0.160468,0.107188,-0.233476,0.10186,-0.162696,-0.458403,0.023846,-0.212275,-0.068266,-0.22314,0.119845,0.002693,#
15,-0.131439,0.090462,-0.302289,-0.145354,-0.231634,0.13285,-0.099467,-0.159827,-0.293276,-0.050111,0.017608,0.146131,-0.279853,0.117652,-0.129699,1.0,0.178443,-0.238791,0.365864,0.150647,0.09908,0.097505,-0.401692,-0.073626,-0.084182,0.041627,-0.279008,0.010192,0.01579,-0.054075,-0.357742,0.008567,0.022447,-0.054087,0.56985,0.101866,-0.433166,0.378665,-0.327206,0.080729,0.204704,-0.053257,-0.10252,0.10539,0.1039,5.7e-05,-0.403453,-0.32769,0.050642,0.123797,0.074796,0.095498,-0.237744,0.136091,-0.206044,0.1063,-0.042252,-0.064363,-0.06996,0.167203,0.124634,-0.176057,0.025433,0.331335,0.29099,-0.129196,-0.068601,0.018122,0.117044,0.13357,-0.238936,0.125951,0.22079,-0.184542,0.290246,-0.016644,-0.096685,0.04954,0.313781,-0.031051,-0.193444,-0.175366,0.057214,-0.12135,-0.042152,-0.117236,0.015011,-0.267258,-0.012628,0.122122,0.325412,-0.203232,0.205915,-0.445732,0.12991,-0.056402,0.02374,-0.376985,-0.526543,0.110105,0.142936,0.113172,-0.218812,0.170713,-0.042561,-0.017549,-0.017411,-0.264818,0.015239,-0.015878,-0.204953,-0.074893,-0.013346,0.10851,-0.189201,0.125873,0.115001,0.143433,-0.36577,0.497669,0.207115,0.399386,-0.299872,0.301664,0.164525,-0.102399,0.288252,0.0802,0.02825,0.194557,-0.182004,0.105294,-0.187947,0.040318,-0.197493,0.02672,-0.28274,-0.34099,-0.296829,-0.05629,0.008225,0.053851,-0.00469,0.310054,-0.184099,0.066956,0.02187,-0.167231,-0.196156,-0.225656,0.264579,0.235643,0.030847,-0.01168,-0.129519,0.035817,-0.431454,0.001621,-0.047286,0.123677,-0.355735,-0.081122,-0.081737,-0.244609,-0.343262,0.122594,-0.058072,0.146164,0.022627,0.272834,-0.053299,0.352942,-0.201386,0.26145,-0.016273,-0.10284,-0.019361,-0.16504,-0.167405,0.266219,0.188276,-0.006094,0.291748,0.356613,0.10453,-0.120091,0.115986,0.131349,0.361558,-0.17069,-0.290123,0.027052,-0.173338,0.252934,-0.06551,0.276092,0.238367,0.227566,-0.169046,-0.297583,#
16,-0.037061,-0.20668,0.11505,0.166294,0.242609,-0.076629,-0.302841,-0.273074,-0.630434,-0.299969,-0.148954,0.181942,-0.182093,-0.238467,-0.496103,0.178443,1.0,-0.381194,-0.297706,-0.262289,-0.450621,-0.231252,-0.541671,0.069473,-0.097357,-0.138,-0.415199,-0.254652,-0.164176,-0.157953,0.152937,-0.236009,-0.240382,-0.276989,0.298894,0.059342,-0.368981,0.39683,-0.115285,0.102504,0.023163,-0.252805,-0.003115,0.055627,0.006891,0.280011,-0.468037,-0.358805,-0.233427,-0.094602,0.133762,-0.056663,0.030993,0.193159,0.109788,-0.135233,-0.123238,0.156867,-0.203702,-0.039239,-0.393613,-0.206783,0.258046,-0.05481,0.185561,-0.242548,0.233258,-0.068682,-0.338742,0.064228,-0.383514,0.141874,0.061173,-0.152287,0.01358,0.106832,0.035727,0.203474,0.210505,0.20128,-0.220861,0.185259,-0.067998,0.351903,0.272791,-0.252955,-0.097333,-0.282354,0.137556,-0.004992,-0.127044,-0.004998,0.501648,-0.587125,0.191761,-0.141559,-0.011201,0.101122,-0.194258,0.299609,0.232579,-0.121392,0.20128,0.157668,0.164625,-0.208738,0.364295,0.079291,0.04765,0.510499,-0.406265,-0.066053,0.017502,0.068242,0.008055,0.074084,0.29858,-0.150932,-0.433536,0.584456,-0.165425,0.295953,-0.412605,0.57213,0.117091,-0.030893,-0.086129,0.064139,-0.03119,0.296529,-0.178135,0.450724,-0.311841,-0.153052,-0.012661,-0.334585,0.356733,-0.252753,-0.724066,0.027156,0.107048,0.283127,0.303576,0.233566,-0.096225,-0.132319,-0.049631,-0.254332,-0.076605,0.132997,0.242293,0.166555,-0.059691,-0.061351,-0.197039,-0.39116,-0.617709,-0.547295,0.040058,-0.144795,0.010255,0.035708,-0.000213,-0.185573,-0.130215,-0.2308,0.221277,-0.09322,0.322443,-0.121413,0.44833,-0.279181,-0.102006,0.330812,-0.407743,0.033546,0.108435,-0.328722,-0.342649,0.39915,-0.121714,-0.340203,0.578908,0.077221,0.07082,-0.130165,0.087999,0.044562,0.398446,-0.231643,0.085181,0.113218,0.176062,0.297178,-0.158352,0.253283,-0.226862,0.142078,-0.428098,-0.030436,#
17,-0.007939,0.219623,0.022188,-0.028912,-0.095575,-0.257686,-0.179939,0.114412,0.082222,0.27713,-0.282611,-0.199996,0.194348,0.125484,-0.075196,-0.238791,-0.381194,1.0,0.256905,0.098478,0.360995,-0.075851,0.408664,0.046267,0.015017,-0.001476,0.216382,0.162835,-0.10811,-0.027062,-0.006277,0.147549,0.180948,0.476234,-0.366633,-0.150258,0.654678,-0.134338,0.160801,-0.462414,-0.152502,0.278796,0.664918,-0.171691,-0.188587,-0.3155,0.457817,0.204749,0.024834,-0.191546,0.097207,0.245878,-0.286974,-0.070728,0.057307,-0.144461,0.136898,-0.180517,-0.040382,-0.240827,-0.14339,0.133414,-0.277195,-0.226966,-0.40084,0.110536,0.324594,0.322831,0.436284,-0.026741,0.046471,0.021542,-0.22999,0.162007,0.273693,-0.081176,-0.032941,-0.13797,0.172652,0.015407,0.220951,0.118381,0.080404,0.206474,-0.126322,0.358362,-0.246278,0.390149,0.361196,0.115041,0.400696,0.099962,0.016395,0.599316,0.24417,0.16774,0.11403,0.298767,0.151427,-0.3597,-0.26732,-0.291408,0.006333,0.238754,0.054244,0.128493,-0.31001,-0.238068,-0.22089,-0.174205,0.333398,0.21465,0.456204,0.184019,0.275973,0.226062,-0.320766,0.014944,0.419329,-0.359783,0.101854,-0.033993,0.130111,-0.252122,-0.250374,0.288995,0.17288,-0.206353,0.143932,-0.179708,0.366374,-0.09144,0.534106,0.101733,0.105442,0.31441,-0.189163,0.338653,0.49032,0.011023,0.046404,-0.082499,0.046307,-0.208371,0.128495,0.232497,0.220256,0.048032,-0.117252,0.196621,-0.349024,0.038956,0.238343,0.127554,0.072581,0.01649,0.496666,0.115896,-0.344396,0.170195,0.062747,0.358693,0.271207,0.646008,0.226577,0.307205,-0.039023,-0.154029,-0.381709,0.065967,-0.414862,0.28225,0.014183,-0.129685,-0.241089,-0.036573,0.306778,-0.042118,0.006818,-0.035091,-0.116021,-0.367684,-0.562748,-0.141107,-0.051041,0.125168,-0.123689,0.046936,-0.416141,0.108977,-0.049569,-0.143576,-0.257017,-0.164253,0.164615,-0.316255,-0.026138,-0.155162,0.465863,-0.168455,#
18,0.141164,0.169476,0.010094,0.064132,-0.315066,-0.057393,-0.086284,0.017765,0.297336,0.06374,-0.113564,-0.171088,-0.045327,0.315631,-0.231298,0.365864,-0.297706,0.256905,1.0,0.11816,0.483463,-0.162124,-0.029838,0.048402,-0.065977,-0.23659,0.03071,0.167957,0.082515,-0.037296,-0.112608,-0.052588,0.244198,0.088382,0.090475,-0.147886,0.10384,0.278484,-0.502923,-0.38386,0.276494,-0.259334,0.089928,0.067501,-0.076328,-0.390082,0.182054,0.037944,0.267899,0.017074,-0.228153,0.466463,-0.307327,0.03997,-0.287756,-0.02308,0.045996,-0.276872,0.257311,-0.321367,0.256136,0.196526,-0.049863,0.052509,-0.170827,0.090044,0.251131,-0.021162,0.203114,0.393582,-0.242651,0.218287,-0.116585,0.23366,0.375007,-0.019238,-0.013316,0.011714,0.335063,0.019338,-0.028968,0.201827,0.465011,0.061216,0.140603,0.142493,-0.013871,0.24736,0.104087,0.263737,0.567613,-0.114678,-0.107907,0.190092,0.168902,0.253802,0.270845,0.020681,-0.080664,-0.08117,-0.064608,-0.130323,0.011109,0.125746,-0.160211,0.306374,-0.373393,-0.03872,0.023209,-0.114932,0.214586,-0.016212,0.225161,0.000791,0.265833,0.081336,0.261023,0.368429,0.176759,0.119079,0.269038,0.263842,0.319107,-0.0538,-0.022714,0.271122,0.156143,0.321387,0.543481,0.148301,0.260497,0.284149,0.181182,0.09692,0.082139,0.445724,-0.390716,0.025353,0.03502,0.014022,0.171387,-0.238043,-0.33774,-0.0,0.326974,0.442895,0.337058,0.069528,-0.105309,0.109763,0.18507,0.252716,0.346854,0.125349,0.276613,0.173155,0.098116,0.197043,0.189032,0.256695,-0.28436,0.078709,-0.019256,0.094938,0.204558,0.069106,0.075984,0.009895,-0.024828,0.412698,-0.606031,0.622218,-0.020297,0.238987,-0.159628,0.215224,0.303767,-0.054567,-0.06927,0.038184,-0.041456,-0.019543,-0.165482,-0.15441,0.145897,-0.120218,-0.23038,0.230057,-0.02588,-0.159862,-0.03903,-0.318796,0.071084,0.012575,-0.160459,-0.200608,0.341297,-0.105369,0.046623,-0.217949,#
19,-0.339575,0.057349,-0.31774,-0.007199,-0.153161,-0.005414,0.091814,0.020223,-0.159992,-0.015823,0.071436,-0.364707,0.261158,0.135166,0.38899,0.150647,-0.262289,0.098478,0.11816,1.0,0.238796,0.406825,0.201475,-0.018284,-0.200071,-0.02041,0.350224,0.135786,-0.169751,-0.265898,-0.024386,0.177693,0.399602,0.161636,0.246099,-0.300552,0.196178,0.181673,0.00819,-0.154419,0.403135,0.38745,-0.234998,-0.1825,-0.175306,0.268171,0.249911,0.057727,0.272402,-0.061663,0.261669,0.029337,-0.305712,-0.367708,-0.363539,0.233058,-0.134653,0.104111,-0.233195,-0.189822,0.22205,-0.165195,-0.009094,0.146882,-0.069728,0.093152,0.082186,0.278659,0.189176,0.158925,0.133243,-0.123182,0.141284,-0.052793,0.279234,-0.222123,0.270375,-0.087122,0.17131,0.006299,0.054244,0.125963,0.174902,-0.609275,0.201234,0.386435,-0.094589,0.288748,-0.08967,0.265698,0.182464,-0.071059,-0.245297,0.19867,0.108918,0.101926,0.41613,0.190451,0.100407,-0.093457,0.07942,0.065142,-0.188938,0.085359,0.080915,0.193484,-0.138117,0.115212,0.096153,-0.143353,0.324597,-0.27551,0.113886,-0.201797,0.093726,0.151953,-0.090366,0.158053,0.192495,-0.176708,0.260193,0.064108,0.265913,-0.182257,0.071127,0.116289,-0.024314,0.178558,-0.009489,0.051712,-0.036341,0.16602,0.039059,-0.238645,0.101522,0.244605,-0.220305,0.335359,0.020833,0.308411,0.211047,-0.300376,-0.033613,0.201419,0.026621,-0.083234,0.038125,-0.024085,0.004289,0.054329,0.143013,-0.069908,0.22802,0.376495,0.261156,0.55573,0.280206,-0.195585,0.303601,0.119413,-0.176267,0.11035,-0.145067,0.309649,-0.015736,0.179782,0.096223,0.193045,-0.419475,0.465337,-0.329969,-0.026205,0.284268,-0.048514,-0.018872,0.366183,0.364573,0.070426,0.028505,0.153507,0.004648,0.12264,-0.288816,-0.18387,-0.014101,-0.037526,0.054719,0.03875,-0.367095,-0.015148,-0.140944,-0.0356,-0.257781,-0.240049,-0.035888,-0.343487,0.016912,-0.096673,-0.006137,0.207436,#
20,-0.22611,-0.028752,0.148805,0.044972,-0.36726,-0.088913,0.069587,0.28165,0.086679,-0.066829,-0.237848,-0.254599,-0.172818,-0.138435,-0.043511,0.09908,-0.450621,0.360995,0.483463,0.238796,1.0,0.028766,-0.008835,-0.036138,0.018677,0.255933,0.179025,-0.227579,-0.409259,-0.017177,0.090141,0.027425,0.196201,0.386968,-0.081067,0.03037,0.297057,-0.19994,-0.042841,-0.079218,0.072073,-0.068291,0.284008,-0.280614,-0.001352,0.060011,-0.026112,-0.079372,-0.143337,-0.288097,-0.096785,0.140829,-0.344444,0.048274,-0.316051,0.057767,-0.098548,0.023117,0.05618,0.010372,0.233688,-0.052508,-0.26002,-0.145881,-0.214053,-0.052422,-0.344456,0.102902,0.26945,0.157375,-0.051015,0.275564,-0.240784,0.48203,0.329775,-0.15326,0.082626,-0.032278,0.104766,0.018724,0.55002,0.098086,0.365472,-0.15203,0.080242,0.075145,0.041449,0.465924,0.136395,0.333554,0.421561,0.12111,0.196063,0.244818,-0.248228,0.118704,0.12096,0.071986,-0.104339,0.199417,-0.078378,0.132195,0.0365,0.217886,-0.031156,0.278771,-0.205389,0.167449,0.238783,-0.449369,0.07789,-0.203772,0.333554,0.192231,0.46938,0.392104,0.202788,0.258539,0.162155,-0.034633,0.207181,0.29117,0.380881,-0.17902,-0.070388,-0.02065,0.248504,0.054009,0.265024,0.071171,0.478301,-0.07343,0.34965,-0.209364,0.326215,0.352384,-0.162941,0.494668,0.292107,0.190788,0.230622,-0.133579,-0.049519,0.094979,0.337593,0.277084,0.453259,0.207247,-0.059172,-0.005493,-0.125233,0.214333,0.438399,0.136067,0.376736,0.074394,0.096052,-0.012417,0.178487,-0.098704,-0.093903,0.098749,0.170914,0.08705,0.17297,0.296531,-0.098567,-0.102934,-0.31025,0.464177,-0.405333,0.358305,0.003649,0.216685,-0.324863,0.038005,0.132757,0.251609,0.006225,0.059932,-0.113455,-0.016086,-0.32297,-0.048843,0.072821,-0.003218,-0.222021,0.252956,0.027476,-0.124368,-0.156668,-0.108678,-0.351837,-0.172127,0.098935,-0.122667,0.020328,-0.004133,0.427077,-0.095082,#
