0,1.0,0.304071,-0.239026,-0.269609,0.301856,0.251318,0.120976,0.020003,0.211712,0.130733,0.03092,-0.067818,0.182384,0.343328,0.684397,0.102616,0.127214,-0.109049,-0.101394,-0.207342,-0.221553,-0.246252,-0.022237,-0.124391,0.212458,-0.527834,0.191884,-0.295202,0.035414,0.033412,-0.390763,0.295627,-0.099908,-0.280734,0.113381,0.117344,0.227853,-0.186537,0.048447,-0.021459,0.107015,0.063861,-0.374384,-0.223617,0.404076,-0.53911,0.335452,-0.051977,-0.025213,-0.312012,-0.109505,-0.10331,-0.165603,-0.086994,-0.053346,0.045687,-0.351039,0.007594,-0.243981,0.26731,0.119095,0.501873,0.052063,-0.286115,-0.396106,0.003167,0.0,0.174173,0.181978,-0.098085,0.210077,0.149827,0.095592,-0.027646,0.14527,0.104521,-0.280699,-0.382781,-0.231646,0.097906,-0.14845,-0.358154,-0.136593,-0.229732,-0.25073,0.058232,-0.188262,-0.149575,-0.082298,-0.458278,-0.089884,-0.420956,-0.165603,0.023535,-0.168284,0.049035,0.01204,-0.171922,-0.305145,-0.138327,-0.092352,-0.420927,-0.226608,0.085938,-0.083507,-0.350018,-0.089512,-0.120694,-0.028401,-0.316173,0.348351,-0.114633,-0.206072,-0.182723,-0.304132,-0.421011,0.09719,-0.170091,0.117384,-0.305748,-0.280699,-0.09225,-0.420212,-0.029938,0.206822,0.018798,-0.235179,0.326298,-0.29044,-0.280658,-0.110942,-0.165603,-0.566393,-0.139555,0.215885,-0.315431,-0.114633,-0.385015,0.20299,-0.187049,-0.207296,-0.18886,-0.145129,-0.659102,-0.266745,-0.316147,-0.146474,0.326032,-0.222712,-0.164864,-0.36986,0.070267,0.181725,-0.315437,-0.015255,-0.206723,0.24538,0.148495,-0.041543,-0.385032,-0.376301,-0.207293,0.050646,-0.027646,-0.142399,0.277063,-0.073804,0.366434,-0.120073,-0.420927,0.13469,0.051317,-0.040611,-0.172576,0.13469,-0.25774,-0.207293,0.008573,0.334151,-0.385035,0.233389,0.309902,-0.101815,0.251863,0.10542,-0.07855,0.252804,0.052856,0.018444,0.101665,-0.273446,-0.043006,0.164827,0.24677,-0.097725,-0.011757,-0.133234,-0.074627,0.010457,0.069798,#
1,0.304071,1.0,-0.246879,-0.161392,0.043817,0.249393,0.169946,-0.35568,0.285672,0.122752,-0.212214,-0.201971,0.083463,0.218662,0.207816,-0.112759,-0.455228,0.329548,-0.000908,-0.061086,0.202534,0.152543,0.374111,-0.101947,0.00132,-0.494445,0.539734,-0.138577,0.198022,0.141301,-0.205348,-0.199023,0.187773,-0.407978,-0.297673,-0.085572,0.400266,-0.564068,0.03809,-0.003297,0.246372,0.629238,0.067361,-0.114793,0.136953,0.073577,0.106583,0.371443,0.052999,-0.169989,-0.276445,-0.582814,0.062498,-0.514452,-0.084966,0.123512,-0.029846,0.360769,-0.094509,0.400555,0.225814,0.087878,0.216072,-0.223936,0.070544,0.3756,0.0,0.38042,0.212614,0.069042,-0.184477,-0.030686,0.210965,-0.104345,-0.185993,0.167023,-0.212586,-0.152907,-0.111318,0.048385,-0.321126,-0.615122,-0.321126,-0.37103,0.06641,-0.176554,0.431404,-0.382982,-0.011117,0.00086,-0.212439,-0.104345,-0.240663,0.313377,0.051273,-0.134059,-0.235914,-0.239077,-0.050221,-0.32267,0.254767,-0.2767,-0.028133,0.200047,0.252935,-0.150817,-0.278316,-0.470698,0.286519,-0.286036,0.220827,-0.166592,-0.208582,-0.213694,-0.046733,-0.26501,0.000735,0.267749,-0.06481,-0.439446,0.002519,-0.262293,-0.306681,-0.261727,0.058699,-0.128518,0.232343,0.486168,-0.269271,-0.197682,-0.044037,-0.240663,-0.308707,-0.304407,-0.178283,-0.458402,-0.166592,-0.019286,0.218127,-0.734443,-0.043489,-0.274536,-0.31805,-0.158999,0.211203,-0.307799,-0.194029,0.422196,-0.020609,0.364028,-0.336638,-0.282497,0.053285,-0.262293,0.009594,0.20785,-0.13991,0.430862,-0.139792,-0.379585,-0.204257,0.219133,-0.228811,0.244616,0.032327,0.237897,-0.195103,-0.061295,-0.286488,-0.263945,-0.040947,0.038696,-0.212586,-0.131012,0.115662,-0.411158,-0.301249,0.021544,0.619792,-0.199386,0.484149,0.019199,-0.39636,0.196228,0.31841,-0.210175,0.0,0.139784,-0.302229,0.504029,-0.254316,0.378874,0.376497,0.222277,-0.053276,-0.24795,-0.47816,-0.191474,-0.075296,0.029713,#
2,-0.239026,-0.246879,1.0,0.061596,-0.107726,-0.029639,0.26849,0.144536,0.272819,-0.085066,-0.17881,0.340125,-0.377669,0.166624,-0.342078,-0.292862,-0.173785,0.259718,-0.047482,0.094769,-0.112992,-0.13004,-0.050433,-0.177359,0.227166,0.227062,-0.078507,0.026375,0.180173,-0.088983,-0.033476,0.272053,-0.162572,0.2657,-0.024822,-0.060063,-0.139803,-0.024776,0.0011,-0.191614,0.013975,-0.023103,0.183711,-0.034673,-0.265887,0.096954,0.124447,-0.043527,-0.134662,0.421916,0.035414,0.162026,-0.022445,0.279848,-0.376874,-0.089447,0.145733,-0.067469,-0.372456,-0.213616,0.220103,-0.296797,-0.127713,0.051619,-0.379154,-0.164844,0.0,0.095078,-0.219844,0.465287,0.256229,0.229669,0.107642,0.179301,0.107061,-0.129687,0.24815,0.216607,-0.014709,-0.131176,0.022811,0.188966,0.182992,0.295904,0.340537,0.298634,-0.153944,0.135512,0.062843,-0.091655,0.15735,0.502986,0.252395,0.080177,-0.106847,0.038241,0.350941,-0.007299,0.305659,0.198916,-0.061817,0.137123,-0.061002,0.072246,0.027284,0.18614,0.50425,0.384082,-0.247804,0.045723,0.003223,0.198493,0.109053,0.436562,0.116691,0.330874,-0.418994,-0.125024,-0.047078,0.498056,0.24815,0.074954,0.42824,-0.042404,-0.184418,0.211134,0.028031,-0.398545,-0.360842,0.24161,0.173142,0.28675,0.07919,0.346897,-0.031907,0.121261,0.166785,0.241824,0.046961,0.346924,0.311882,0.278363,-0.010035,-0.19701,-0.036998,-0.317441,0.436153,0.048439,-0.033463,0.28547,0.253652,-0.118147,0.286607,0.503392,0.253672,0.116649,0.185637,0.018429,0.447749,0.080564,0.158351,0.096505,0.471833,0.329426,0.383199,-0.258138,0.029529,-0.24435,0.143427,-0.00252,0.095891,-0.018294,0.401178,0.071966,-0.238165,0.189293,0.310972,0.188198,-0.402411,-0.456179,-0.395539,0.082675,0.475678,-0.473024,-0.187856,0.380988,-0.060512,-0.067216,-0.318625,0.048034,0.055497,-0.274491,-0.077305,-0.216219,-0.030493,0.106962,-0.103318,-0.143761,0.178617,0.036638,#
3,-0.269609,-0.161392,0.061596,1.0,0.06904,-0.23348,0.160089,0.278043,-0.21145,0.284975,-0.091929,-0.062641,0.196314,-0.275073,-0.16413,-0.103143,-0.094656,0.161743,-0.194251,0.207924,0.253478,-0.010689,-0.135469,0.090054,0.167779,0.150581,-0.371578,0.072255,-0.008033,-0.051626,0.449886,-0.144817,0.211513,0.426511,0.112193,0.112479,0.072408,0.272504,0.041666,-0.051121,0.236139,-0.016481,-0.14169,-0.291508,0.328769,-0.185249,-0.361241,0.043136,0.106285,-0.013965,0.219442,-0.03718,-0.240479,0.140227,-0.110727,-0.394292,-0.067149,0.059297,0.187109,-0.400144,-0.336382,0.081103,-0.010281,0.277866,0.131104,0.07872,0.0,-0.305908,-0.071935,0.027049,-0.233323,-0.31875,0.210736,0.238393,-0.050062,-0.30643,0.19431,0.380408,0.232707,0.067473,0.033797,0.373973,-0.143752,-0.022376,0.05153,0.029202,0.094911,-0.058444,0.157947,0.001415,-0.246046,0.05457,0.068121,-0.229971,0.188442,-0.133943,-0.254478,-0.063764,0.257017,0.232061,0.048777,-0.269982,0.453767,0.200276,0.045838,0.207418,-0.120383,-0.053847,-0.354821,-0.257697,-0.067472,-0.166464,0.142517,0.323507,-0.083735,0.579986,0.342091,0.072185,-0.044658,-0.08556,-0.024654,0.108805,-0.136201,0.232914,-0.230546,0.37451,-0.081608,-0.033357,0.085915,0.394559,-0.026528,0.37672,0.450405,0.45586,0.019377,0.489803,-0.166464,0.122312,-0.010007,0.107016,-0.080747,0.291242,0.201694,0.092362,0.237763,0.141085,-0.016827,0.058833,0.413295,-0.239406,0.069686,-0.089114,-0.240359,0.290366,0.226052,0.183197,-0.066158,0.010506,0.210099,0.140478,0.322459,0.194773,-0.052399,0.238393,0.195042,-0.246114,0.206784,-0.350155,0.308017,0.585019,0.135764,-0.12652,0.166827,0.078818,-0.371552,0.402806,-0.076509,-0.139297,-0.215041,-0.135969,-0.003038,-0.196082,0.141425,-0.215846,-0.244423,0.078899,-0.367302,0.187803,-0.039898,-0.34567,0.061521,-0.137723,-0.332696,0.039645,0.318299,0.156548,0.307829,0.315862,0.092906,0.242049,#
4,0.301856,0.043817,-0.107726,0.06904,1.0,-0.05103,0.202458,-0.030613,0.075195,0.088075,0.023882,-0.176761,0.017354,0.00126,0.175074,0.171533,0.330313,-0.061811,0.276951,0.086899,0.15015,-0.499689,0.236791,0.145336,-0.159441,-0.214179,0.228355,0.021742,0.13455,-0.093997,-0.165519,0.039675,-0.128758,0.046783,0.167051,-0.058885,0.264072,-0.324153,-0.170234,-0.042081,0.056691,0.032758,-0.282945,-0.363553,0.274577,-0.014795,-0.064937,0.105795,0.171471,-0.075394,0.115497,-0.211025,0.266052,-0.429609,-0.194119,0.011601,0.034449,-0.014467,0.051947,0.129966,-0.186429,0.378096,-0.159193,0.233235,-0.084947,-0.14875,0.0,-0.092349,-0.055396,-0.05116,0.22553,0.002117,0.080129,-0.025005,-0.04713,0.210452,0.034093,-0.112766,-0.195873,0.154813,-0.167336,0.063267,-0.342535,0.272001,-0.299756,0.050646,-0.175463,-0.194728,0.22563,-0.096031,-0.215923,-0.158569,0.27756,-0.28535,-0.285343,-0.174398,-0.351414,-0.209369,-0.497976,0.021751,0.14985,-0.343781,-0.225003,0.323611,-0.131631,-0.157054,0.007644,-0.026451,-0.090847,0.16948,0.18345,0.184166,0.282247,-0.083549,-0.511117,0.017407,0.222931,-0.141537,0.136251,-0.139253,-0.170031,-0.23848,-0.258347,-0.3309,-0.013483,-0.119923,0.149671,0.192409,0.126126,-0.363773,-0.026661,0.266052,0.060213,0.039762,-0.264915,-0.077879,-0.230049,-0.408036,-0.32989,-0.159243,-0.416005,-0.327081,-0.360735,-0.230011,-0.099662,0.069108,-0.087788,-0.154069,-0.27008,-0.330852,-0.143388,-0.161812,0.265919,-0.245924,0.355923,-0.414856,-0.150594,0.438232,-0.261252,-0.426959,-0.003041,-0.415999,0.143948,-0.171815,-0.16853,0.192541,0.275816,0.296359,-0.053503,-0.154585,0.292294,0.356456,-0.370527,0.245019,0.12244,-0.138835,-0.171124,0.36666,0.262177,-0.041671,0.256367,0.079191,0.199007,-0.047212,-0.23486,0.170531,-0.055843,0.248425,0.031899,-0.102838,0.020886,0.072291,0.066231,0.085282,-0.412968,0.06415,0.430383,0.093658,0.171315,0.20455,#
5,0.251318,0.249393,-0.029639,-0.23348,-0.05103,1.0,0.098974,0.072457,0.584617,0.089406,0.374856,0.045033,-0.126156,0.165106,-0.016663,0.147395,0.00054,-0.290879,0.064883,-0.090989,0.084497,0.137867,0.432858,-0.181598,0.164341,-0.369252,0.286218,0.085983,0.027655,0.429177,-0.466572,0.056721,-0.225023,-0.245635,-0.229154,0.059122,0.140061,-0.256461,0.528269,-0.076967,0.196926,0.194907,0.247021,-0.134241,-0.249726,-0.027134,0.355755,-0.083406,0.195517,-0.091527,-0.010046,0.018482,-0.261169,-0.13975,0.188812,0.425934,-0.687915,0.421977,-0.366549,0.444871,0.21169,0.027107,-0.109921,0.041382,-0.0686,0.19769,0.0,0.438228,0.266342,0.101237,0.023348,0.287337,0.418405,-0.171995,-0.615702,0.249666,-0.047592,-0.078838,-0.172233,-0.062795,-0.367768,-0.369535,-0.002441,0.35865,-0.371769,-0.090387,-0.20755,-0.139055,-0.085868,-0.228807,0.001973,-0.336811,-0.261169,0.062394,-0.194851,0.173012,0.153968,-0.159398,0.026747,-0.37632,0.310362,0.000663,0.024407,-0.092538,-0.032507,-0.384695,0.119297,-0.070667,0.244968,0.280088,-0.088778,-0.180786,-0.276294,-0.106145,-0.135919,-0.500158,-0.08098,-0.303148,0.065877,-0.210836,-0.250782,-0.315508,-0.256787,-0.329652,-0.086616,-0.215962,0.332207,0.397539,-0.468161,-0.244076,-0.379586,0.0252,-0.452337,-0.360112,-0.125397,-0.308646,-0.180786,-0.264412,0.414323,-0.510407,-0.326921,-0.282059,-0.375156,-0.371979,-0.291777,-0.508626,-0.125202,0.369649,-0.20681,0.009538,-0.101963,-0.223023,0.027617,-0.312214,-0.246614,-0.094374,0.08097,-0.157136,-0.101865,-0.263456,-0.330683,-0.073788,0.012402,-0.010109,0.155199,-0.028883,-0.249618,-0.272145,-0.496773,-0.322187,0.210745,0.108437,0.168241,-0.310711,0.510435,-0.680746,-0.326916,0.253832,0.188392,-0.064644,0.215373,0.074543,-0.126232,0.225501,0.01397,-0.044565,0.062587,0.01868,-0.037996,0.415565,-0.363649,0.237389,0.053528,0.284224,-0.23924,0.225824,0.05302,-0.391807,-0.372976,-0.022838,#
6,0.120976,0.169946,0.26849,0.160089,0.202458,0.098974,1.0,-0.139426,0.151969,0.305174,0.11255,0.158645,0.086666,-0.108976,0.196493,0.225134,-0.115535,0.002974,-0.009771,-0.301301,0.147176,-0.290904,0.202993,-0.313775,0.002912,-0.320171,0.132459,0.01142,0.189486,0.131359,-0.345808,-0.044787,-0.185868,-0.206547,0.059643,-0.263913,0.358862,-0.224604,0.032915,0.155717,-0.218553,0.283391,-0.150208,-0.231216,0.185541,0.058258,0.123314,0.010083,0.174274,0.158056,0.086487,-0.27527,-0.240647,-0.192331,-0.08585,0.097447,-0.045219,0.0403,-0.452798,0.186003,-0.250341,0.292098,-0.008988,-0.028476,0.039364,-0.067517,0.0,0.033656,0.214931,0.112793,0.29692,-0.165209,0.203428,0.049955,-0.199034,0.152396,-0.200277,-0.275199,-0.286668,0.063958,-0.149415,-0.129338,-0.124877,0.141195,-0.254567,0.187018,-0.216058,0.113962,0.157051,-0.145505,0.151954,-0.086272,0.063673,0.134818,0.363345,-0.128946,-0.055341,-0.382331,-0.050863,-0.142351,0.025566,-0.435429,-0.02824,0.201984,-0.087457,-0.132118,0.071418,0.041571,-0.117354,-0.06677,-0.244764,-0.166581,-0.374736,-0.037398,-0.388395,0.077813,-0.185657,-0.282196,-0.097957,-0.092746,-0.191972,-0.261513,0.05741,-0.273234,-0.470751,0.363345,0.071224,0.2881,-0.294411,0.006023,0.145391,0.051969,0.076632,0.026373,-0.159693,-0.083226,-0.166581,-0.377552,-0.072447,-0.059022,-0.042484,0.290204,0.030311,-0.236423,-0.2808,-0.332745,0.183582,0.407628,0.004203,0.366352,-0.292876,-0.252448,0.054424,-0.072218,0.21319,-0.026884,0.024929,0.14913,-0.139207,-0.214806,-0.204307,-0.037507,0.113962,0.241195,0.214005,-0.103319,-0.194263,-0.331327,-0.064048,-0.259185,0.121345,-0.154683,0.01242,-0.293368,-0.048963,0.063696,-0.301229,0.505341,0.105028,-0.280658,-0.194986,0.155473,0.467989,-0.022634,-0.07847,0.148564,0.174186,-0.351788,-0.226753,-0.019198,-0.258282,0.373043,0.377636,0.378617,0.078504,0.273961,-0.235928,-0.032921,-0.249151,-0.152797,#
7,0.020003,-0.35568,0.144536,0.278043,-0.030613,0.072457,-0.139426,1.0,-0.298766,-0.243158,0.054342,-0.529302,0.092154,-0.072249,0.004932,-0.243965,-0.094033,-0.113146,-0.287505,0.156832,-0.14148,0.291333,-0.147481,0.305355,0.293211,0.157953,-0.158369,0.219194,-0.354611,-0.298856,0.183336,0.258651,0.315667,0.314096,0.331564,-0.007896,-0.158531,0.386043,-0.021148,-0.302339,0.182586,-0.129542,0.2315,0.109874,-0.064216,-0.328954,0.003372,0.237135,0.030221,-0.327578,-0.073588,0.293458,-0.128514,0.020742,0.154001,-0.162477,-0.16248,-0.052748,0.141223,-0.301491,0.000816,-0.226882,-0.380832,-0.035519,-0.337074,0.110971,0.0,-0.149722,-0.311268,0.214334,-0.161232,-0.060071,0.178666,-0.095538,0.169621,-0.448974,0.583844,0.217914,0.106033,-0.055737,-0.046376,0.2092,-0.046376,-0.012971,-0.083867,0.306643,-0.155764,0.258884,0.07779,-0.150696,0.242426,0.092456,-0.128514,-0.298786,0.004934,0.219161,0.302526,0.475469,0.243769,0.198264,-0.13689,-0.115777,0.401688,-0.160867,0.359695,0.178877,0.373708,0.252135,-0.18962,0.165528,0.344202,-0.08896,0.37655,0.158997,0.247019,0.319574,0.078536,-0.039897,-0.243657,0.369093,0.298887,-0.009237,0.034902,0.097788,-0.116546,0.004934,-0.092534,0.079265,0.107393,0.565541,0.005542,0.273093,-0.040568,-0.002022,0.343265,0.500166,-0.08896,0.136588,0.241796,0.299373,0.148729,0.108301,0.186338,-0.119207,0.274791,0.214948,-0.114667,-0.268911,-0.080806,-0.127941,-0.036068,0.366126,-0.12845,0.486119,0.224015,0.166842,0.189066,-0.440121,0.272057,-0.082647,0.316766,0.15468,0.054975,0.114029,0.198264,-0.035127,0.307669,-0.054915,0.24929,0.095102,-0.222506,0.327045,0.298887,0.221089,-0.222506,0.140777,0.15468,-0.208016,-0.470095,-0.106752,-0.298202,-0.172479,-0.008815,-0.316245,-0.502659,-0.280673,-0.297965,-0.089732,0.22012,-0.363189,0.359695,-0.646908,-0.42203,-0.238808,0.046834,-0.029653,0.173324,0.145786,0.07091,-0.270237,#
8,0.211712,0.285672,0.272819,-0.21145,0.075195,0.584617,0.151969,-0.298766,1.0,0.239405,0.001008,0.264871,-0.140951,0.369592,-0.066916,0.086027,0.02451,0.192719,0.19832,0.280485,-0.128645,-0.25642,0.282507,-0.449583,0.085814,-0.317267,0.110973,-0.133681,0.345306,0.449134,-0.527841,0.128702,-0.111788,-0.115837,-0.078838,0.224002,0.145679,-0.5701,0.130188,-0.1804,0.078205,0.187803,-0.116637,-0.156095,0.057179,0.125213,0.487598,-0.077778,0.216206,0.218484,0.023516,0.048822,-0.202153,-0.086721,-0.144149,0.31664,-0.19754,0.319753,-0.560781,0.342048,0.179189,0.129402,-0.077915,0.006899,-0.103916,0.086042,0.0,0.290685,0.245156,-0.007787,0.163529,0.398302,0.01526,0.024387,-0.55143,0.158941,-0.138143,0.002198,-0.174895,0.057464,-0.223377,-0.308556,-0.037943,0.323164,0.07933,-0.040307,-0.243487,-0.254469,-0.046553,-0.02617,-0.152339,0.024387,-0.202153,0.243591,-0.300478,-0.221559,0.166644,-0.461539,-0.07951,-0.427314,0.232588,0.01051,-0.218414,-0.003268,-0.432309,-0.248969,0.076807,-0.110314,0.12553,0.067724,0.027865,-0.139934,-0.095233,0.078575,-0.439274,-0.325397,-0.034614,-0.26266,0.260916,-0.273468,-0.138143,-0.191142,-0.071127,-0.33912,-0.060207,0.031362,0.003571,0.019789,-0.588191,-0.342602,-0.173888,0.127445,-0.415521,0.017518,-0.526882,-0.38505,-0.139934,-0.093739,0.242239,-0.355962,-0.253048,-0.363811,-0.23879,-0.360433,-0.28311,-0.617783,0.371185,0.36175,-0.126929,0.085998,0.15828,-0.464483,0.105567,-0.171839,-0.001417,-0.252349,0.212947,0.314945,-0.269229,-0.096412,-0.539592,-0.253044,0.091512,0.196909,0.146616,-0.264578,-0.111368,-0.192933,-0.384519,-0.322947,0.29991,0.06717,0.30841,-0.257521,0.452768,-0.420655,-0.253044,0.340502,0.277847,-0.191622,0.349418,0.325207,0.008038,0.079538,0.250183,0.272291,0.185177,0.169592,-0.477997,0.456959,-0.425457,0.24523,0.248249,0.083085,-0.45493,0.037857,-0.053764,-0.368677,-0.032426,0.174342,#
9,0.130733,0.122752,-0.085066,0.284975,0.088075,0.089406,0.305174,-0.243158,0.239405,1.0,0.030412,0.136916,0.421936,-0.038276,0.065245,0.493627,-0.082362,0.054701,0.087129,-0.205996,0.131942,-0.06687,0.019398,-0.352799,-0.038175,-0.345049,-0.017097,-0.322799,0.030421,0.018401,-0.034799,0.061235,-0.015257,-0.038175,0.075692,0.125026,0.181438,-0.397576,0.020021,0.167838,-0.023421,0.094674,-0.118066,-0.301292,0.286299,-0.096367,0.000975,-0.166707,0.078837,-0.131101,0.106393,-0.248139,-0.164528,-0.212934,-0.02883,0.078075,-0.374006,0.251393,-0.232926,-0.142928,0.103164,0.279112,0.049718,0.253068,-0.016962,0.06123,0.0,0.015647,0.195202,-0.124738,0.10331,-0.333495,-0.205994,-0.026804,-0.051164,0.051963,-0.278876,-0.024505,-0.210323,-0.068382,-0.131378,0.008341,0.05037,-0.035523,-0.099769,-0.134082,0.189683,0.062311,-0.062416,0.158907,-0.288833,-0.265234,0.101291,-0.185031,0.067657,-0.112079,-0.330253,-0.128994,-0.346057,0.029993,0.179459,-0.215633,0.008768,0.395539,-0.238915,0.033061,-0.224401,0.093875,-0.015081,-0.105722,-0.252892,-0.113889,-0.221189,0.02407,-0.494206,0.141915,-0.06136,0.064117,-0.077078,-0.063831,-0.278876,0.084833,-0.215535,-0.059415,-0.387322,0.39726,-0.263115,-0.102981,0.034415,-0.036342,-0.319172,-0.164528,0.104518,0.143792,-0.157124,-0.082773,-0.113889,-0.382514,0.194357,-0.166178,-0.20595,-0.112657,-0.127812,-0.117819,-0.049111,0.006402,0.044226,0.14635,0.004266,-0.163793,0.063756,-0.115,-0.164445,-0.313388,-0.0116,-0.205381,0.147141,0.133744,-0.245929,-0.174905,-0.157165,-0.205946,0.05143,-0.018752,-0.145061,-0.254086,-0.023723,0.012966,-0.13273,0.148977,0.319249,-0.138236,0.223529,-0.168301,0.175382,-0.081074,-0.205946,-0.014746,-0.030745,-0.109906,0.073465,0.109049,0.137159,0.247145,-0.076059,0.113877,0.206694,-0.119934,0.054362,-0.071767,-0.479313,0.355752,0.148898,0.192584,0.101086,0.242757,0.159674,-0.049946,-0.189645,0.076249,#
10,0.03092,-0.212214,-0.17881,-0.091929,0.023882,0.374856,0.11255,0.054342,0.001008,0.030412,1.0,0.26115,0.018834,-0.288657,-0.089448,0.373484,0.401403,-0.465642,-0.048409,-0.310775,0.174543,-0.129235,-0.115245,0.027914,-0.090859,-0.244793,-0.124253,0.012565,0.09552,0.161456,-0.088483,0.160526,-0.506703,-0.099076,0.405609,0.036207,0.272459,0.008002,0.32354,0.423873,-0.461347,0.042141,-0.049327,0.12316,-0.222466,0.137084,-0.200096,-0.271315,0.217949,-0.22497,0.372617,-0.131213,-0.079269,-0.026235,0.559537,-0.042362,-0.434848,-0.002091,-0.189904,-0.120687,-0.144792,0.077164,-0.137281,-0.01811,0.047871,-0.334475,0.0,-0.109869,-0.179249,-0.445228,0.080947,0.259355,0.288981,-0.299215,-0.24159,0.287722,-0.304712,0.022179,-0.17307,-0.513778,-0.265188,0.025597,0.066728,0.155845,-0.517416,0.038351,-0.226601,0.181705,-0.391643,-0.372786,0.075353,-0.330897,0.243058,-0.376596,0.075963,-0.067809,-0.415754,-0.050402,-0.038848,0.06281,0.142504,0.022831,-0.25811,-0.487751,-0.171775,-0.114616,-0.185443,0.233152,-0.138199,0.381061,-0.439976,-0.269728,-0.232451,-0.245354,-0.206891,-0.164345,0.067563,-0.249523,-0.389831,0.15802,-0.516474,0.057526,-0.352505,0.190086,0.048713,-0.152117,0.245222,0.114725,-0.131968,-0.097556,0.029866,-0.091207,-0.233376,-0.076864,0.021618,-0.021112,-0.269728,-0.241786,-0.089294,-0.069899,-0.487759,0.013801,0.038072,0.005039,-0.372151,-0.160435,-0.137788,0.070054,-0.210491,-0.107006,-0.046794,-0.03289,-0.08863,-0.417854,-0.347231,-0.06259,0.17204,-0.411315,-0.168893,-0.075639,-0.013347,-0.048072,-0.143273,-0.354563,-0.259543,-0.140245,-0.233214,0.096326,-0.202038,-0.157312,0.165604,-0.154621,-0.079773,-0.46317,0.484619,-0.382379,-0.487751,0.412261,0.13994,0.233408,-0.072593,0.26167,0.20285,0.094317,0.091816,-0.131056,-0.093979,0.032361,0.495265,-0.042614,-0.365365,0.422182,-0.019629,0.055763,-0.158475,0.170563,0.240117,-0.390894,-0.232467,-0.117408,#
11,-0.067818,-0.201971,0.340125,-0.062641,-0.176761,0.045033,0.158645,-0.529302,0.264871,0.136916,0.26115,1.0,-0.334814,0.104286,-0.03532,0.16768,0.307928,-0.174463,0.074967,-0.103443,-0.085028,-0.444043,0.001025,-0.403926,0.032356,0.00377,-0.206271,-0.071642,0.211541,0.234678,-0.266181,0.042671,-0.628728,0.041434,-0.227867,0.165669,-0.127652,0.057828,0.218187,0.449317,-0.235791,-0.160755,-0.161372,-0.123729,-0.005592,0.229852,-0.038815,-0.432519,0.012331,0.458299,0.276096,-0.034024,-0.137355,0.31904,-0.263211,0.187091,-0.129679,-0.197668,-0.264422,-0.037299,-0.111897,0.262462,0.361949,0.156044,-0.010378,-0.270246,0.0,0.005048,0.012346,-0.161327,0.521417,0.205915,-0.027215,0.104266,-0.087208,0.320818,-0.418311,0.051995,0.063127,-0.199293,0.215834,0.042623,0.152456,0.16557,-0.033752,0.113996,-0.123565,-0.129068,-0.192117,-0.174504,-0.202007,0.091253,0.206033,0.050689,-0.084302,-0.17166,-0.102717,-0.201056,-0.001812,-0.04839,-0.097759,0.262214,-0.270592,-0.054984,-0.391063,-0.029372,-0.028377,0.02705,0.033005,-0.160554,-0.437625,0.133816,-0.358593,0.19473,-0.197227,-0.105891,-0.069867,-0.164249,0.137946,-0.021936,-0.183688,-0.039491,-0.044796,0.068029,0.254716,0.028596,-0.069061,-0.390988,-0.28598,-0.184777,-0.033607,-0.124637,0.061666,0.236935,0.006447,-0.126993,0.133816,0.022388,-0.22659,0.089392,-0.02355,0.098673,0.136681,-0.036365,-0.439504,-0.324117,0.382581,0.210334,0.106,0.192452,0.047992,-0.21528,0.193218,-0.101654,-0.162265,0.164476,0.147159,-0.055604,0.153389,0.39284,-0.111818,0.169117,0.060063,-0.134439,0.014482,-0.175463,-0.311308,-0.045328,-0.104142,0.077666,0.32518,-0.452172,0.038402,-0.376466,0.114325,-0.050747,-0.028656,0.066229,-0.062804,-0.175793,-0.132888,0.179044,0.465242,-0.080318,0.399689,0.214443,0.207097,-0.007022,-0.181802,-0.027503,-0.387493,0.36126,0.089195,0.108434,0.115458,0.22021,0.006724,-0.236566,-0.106169,0.407984,#
12,0.182384,0.083463,-0.377669,0.196314,0.017354,-0.126156,0.086666,0.092154,-0.140951,0.421936,0.018834,-0.334814,1.0,-0.022499,0.297036,0.375007,-0.212637,0.08167,0.286478,-0.094655,0.279533,0.273471,0.019928,-0.14556,-0.018345,-0.279037,0.166055,0.024637,-0.21178,0.015063,0.04598,0.119792,0.171578,-0.009995,0.24112,-0.216225,-0.041346,-0.148751,-0.099274,0.014422,-0.224989,0.006113,-0.014057,0.224237,0.35238,-0.531295,-0.070901,0.085696,-0.185611,-0.39786,0.195397,0.088126,0.096079,-0.220502,0.067324,-0.002819,-0.143065,0.117338,-0.119605,0.016895,-0.276523,0.109541,-0.264006,-0.103454,0.027293,0.308389,0.0,0.028748,-0.01083,-0.188026,-0.082444,-0.209507,-0.27461,0.135233,0.193991,0.106484,-0.225442,-0.419486,-0.077334,-0.1537,-0.268462,-0.249115,0.061737,-0.107024,-0.033491,-0.319824,0.031697,0.041244,-0.266271,0.109976,0.067879,-0.43884,-0.219332,0.021113,0.148497,0.118927,-0.159041,-0.01669,-0.368082,0.050062,0.12886,-0.255391,0.186262,0.247004,0.133242,-0.140885,-0.040232,0.056282,-0.323619,-0.140967,0.185759,-0.151826,-0.016963,-0.026834,-0.189833,-0.078799,0.378134,0.215262,-0.212196,-0.010569,-0.225442,-0.009696,-0.392951,-0.069635,-0.221228,0.26252,-0.373448,-0.063213,0.133237,-0.010055,-0.294433,-0.219332,0.011659,0.032755,-0.256232,0.115019,-0.151826,-0.198074,-0.053381,0.021043,-0.274552,0.257582,0.044571,-0.259822,-0.026581,0.132053,-0.27385,0.314329,-0.279275,-0.218354,0.019646,-0.19907,-0.219223,-0.284367,-0.416505,-0.088438,0.167478,0.045599,-0.236015,-0.030262,-0.128653,-0.09583,0.025015,0.089074,-0.287847,-0.136977,0.053608,-0.018339,0.095023,-0.072723,0.072643,0.162735,0.210197,0.003887,0.26019,-0.033491,-0.274548,-0.045707,0.067057,0.070421,0.305322,-0.089065,0.056137,0.224446,0.061241,0.015412,0.115123,0.088668,0.125125,0.083916,-0.043809,0.00076,0.132646,0.088579,-0.160371,0.198404,-0.000995,0.129544,0.188555,-0.095102,#
13,0.343328,0.218662,0.166624,-0.275073,0.00126,0.165106,-0.108976,-0.072249,0.369592,-0.038276,-0.288657,0.104286,-0.022499,1.0,0.46166,0.154307,0.129804,0.26719,-0.067617,-0.003908,-0.439517,-0.108732,0.160823,-0.429311,-0.171543,-0.10015,0.198595,-0.276681,0.16075,0.017012,-0.429812,0.240066,-0.212738,0.048199,-0.222402,-0.028093,-0.130286,0.02811,0.256118,-0.277152,-0.069746,0.101441,-0.24824,0.002266,0.134752,-0.295619,0.561905,0.043015,-0.229522,0.10502,-0.129392,0.123523,0.085964,-0.134168,-0.601606,0.431161,0.059175,0.375249,0.132597,0.382582,0.114882,0.091515,-0.085373,-0.32394,-0.375163,0.133155,0.0,0.511178,0.280589,0.072621,0.278891,0.24892,-0.276761,0.302334,0.040441,0.13196,-0.168945,-0.064913,-0.389483,0.313189,0.099312,-0.220444,0.081456,0.209127,0.328946,0.229818,0.01319,-0.170633,-0.099642,-0.096267,-0.099839,-0.02501,-0.221049,0.376736,-0.210482,0.081807,0.38956,-0.022878,0.188751,-0.100904,0.282811,-0.048205,-0.125432,0.216187,0.150905,-0.277287,-0.0175,-0.063709,0.105827,-0.045444,0.168138,0.272026,0.02717,0.373598,0.004969,-0.203985,-0.101375,0.190002,0.005802,-0.178809,0.048892,-0.034867,-0.013216,-0.213927,0.179944,0.110508,-0.213805,0.028878,-0.264758,-0.16177,-0.094521,0.097772,-0.556026,-0.268217,-0.087092,-0.229864,-0.153015,0.033571,0.206117,0.04462,-0.015662,-0.037089,-0.091819,-0.313839,0.144786,-0.300013,0.086695,0.123138,-0.061517,0.391224,-0.00065,-0.197017,0.09522,-0.016194,-0.058549,0.0,0.435745,0.16401,0.160406,0.02969,-0.34937,-0.010642,0.498337,0.479032,0.276318,0.172141,0.047658,-0.097491,-0.050418,-0.209292,0.053197,-0.080281,0.028877,0.193125,0.03585,0.001262,-0.025423,-0.242164,0.025517,-0.003597,0.432546,0.085318,0.088984,-0.056983,-0.072684,0.001181,0.447382,0.084578,-0.429542,0.224831,0.001031,-0.228458,0.139562,0.108679,0.021363,-0.164785,-0.505588,-0.172275,0.045577,0.115009,#
14,0.684397,0.207816,-0.342078,-0.16413,0.175074,-0.016663,0.196493,0.004932,-0.066916,0.065245,-0.089448,-0.03532,0.297036,0.46166,1.0,0.172706,0.248519,-0.216942,-0.230065,-0.230112,-0.366742,-0.153744,0.035188,-0.47887,-0.090719,-0.229252,0.245883,-0.252471,0.050506,-0.059526,-0.460991,0.151949,-0.13632,-0.311563,-0.044779,-0.152926,-0.070866,0.108137,-0.003047,0.053382,-0.198828,-0.015469,-0.490629,-0.047127,0.513229,-0.543284,0.417634,0.036884,0.007113,-0.064126,-0.27759,-0.046284,-0.183789,-0.321687,-0.253964,0.370369,-0.078142,-0.090427,0.134154,0.292577,-0.342206,0.668276,0.079065,-0.251185,-0.289387,0.043318,0.0,0.045535,0.195985,-0.234486,0.261405,0.108284,-0.230109,0.073686,0.23623,0.075498,-0.311524,-0.259257,-0.287027,0.345427,0.005434,-0.430029,-0.182028,-0.13684,-0.159679,0.188994,-0.108534,-0.022712,0.023342,-0.320785,0.171397,-0.27513,-0.183789,0.334027,0.105683,0.011768,0.091514,-0.034585,-0.180067,-0.183711,-0.072941,-0.467152,0.0559,0.032551,0.015529,-0.182028,0.009942,-0.220615,0.198347,-0.210362,0.323697,-0.127222,-0.240361,-0.046634,-0.17813,-0.276366,0.196279,0.111264,0.044429,-0.336377,-0.074754,-0.134208,-0.3325,-0.096046,0.236675,0.105683,-0.466882,0.367382,0.035949,-0.080124,-0.038625,-0.183789,-0.300239,-0.279814,0.132067,-0.150269,-0.127222,-0.2278,-0.131777,0.088224,0.053665,-0.126271,0.202521,-0.304853,-0.160752,0.004676,0.104863,0.232111,0.043285,0.179438,-0.317967,0.172494,-0.183697,-0.134208,-0.083802,0.070494,0.319741,-0.037891,-0.142143,-0.049336,-0.440454,0.059121,0.164157,0.091332,0.002258,0.184645,-0.095386,0.123481,0.044397,-0.467152,0.038517,-0.107277,-0.096509,0.107571,0.038517,0.009827,-0.230057,-0.098715,0.208843,-0.131056,0.119808,0.031353,-0.037677,0.063836,0.146407,-0.187779,0.508869,-0.063566,-0.137447,-0.169342,0.015529,0.008959,0.2106,0.236434,0.120089,-0.092396,-0.372556,0.09824,-0.100176,0.175781,#
15,0.102616,-0.112759,-0.292862,-0.103143,0.171533,0.147395,0.225134,-0.243965,0.086027,0.493627,0.373484,0.16768,0.375007,0.154307,0.172706,1.0,0.307238,-0.065712,0.253247,-0.416233,0.041736,-0.225888,0.084136,-0.269087,-0.160609,-0.362399,-0.109205,-0.076437,-0.060468,0.246786,-0.346565,0.117826,-0.344348,-0.160316,0.088758,-0.075444,0.030615,-0.110268,0.372811,0.298186,-0.418617,-0.19789,-0.178156,0.042293,0.132411,0.030436,-0.04344,-0.295499,-0.083907,-0.07951,0.475025,-0.049945,0.264485,-0.220088,0.032102,0.394415,-0.156337,0.225838,-0.000807,0.154038,-0.184061,0.349663,-0.029063,0.057767,0.007159,-0.121989,0.0,0.089421,0.330652,-0.456744,0.343631,-0.208321,-0.416229,-0.027279,-0.056669,0.211397,-0.363488,-0.451671,-0.33904,-0.012369,0.008664,0.044536,0.207106,0.274161,-0.135943,-0.123501,0.00374,0.14084,-0.275225,0.085086,-0.021437,-0.501503,-0.033979,-0.101875,-0.116274,-0.161603,-0.167864,-0.03557,-0.34239,-0.163407,0.173602,5.9e-05,-0.215102,0.321673,-0.134818,-0.333383,-0.30477,0.311104,-0.07056,0.348077,-0.37302,0.183082,-0.072775,-0.095393,-0.348261,-0.332989,0.056284,0.049088,-0.102057,-0.107726,-0.363488,-0.064722,-0.255828,-0.17483,-0.048405,0.039576,0.015097,0.127235,-0.118482,-0.356483,-0.213732,-0.332443,-0.121473,-0.153675,-0.242288,-0.07187,-0.230123,-0.425952,0.029885,-0.172623,-0.416141,0.114107,0.003176,-0.0744,-0.266305,-0.173645,-0.091744,0.036101,-0.276067,-0.060839,0.053062,-0.318079,-0.024922,-0.633231,-0.291502,-0.414991,-0.006804,0.030598,-0.430582,-0.09036,-0.344034,-0.416134,-0.035585,-0.183273,-0.17006,-0.147768,-0.160764,0.028661,-0.05512,0.009662,0.104154,-0.114969,0.048744,-0.152722,0.427776,-0.151282,-0.171856,0.188254,0.079912,0.234557,0.241569,-0.120594,0.232746,0.547265,-0.215941,-0.137399,0.403976,-0.254585,0.200994,0.054195,-0.302356,0.396854,0.40174,0.277641,0.061933,0.252161,0.140428,-0.170715,-0.160003,-0.196167,#
16,0.127214,-0.455228,-0.173785,-0.094656,0.330313,0.00054,-0.115535,-0.094033,0.02451,-0.082362,0.401403,0.307928,-0.212637,0.129804,0.248519,0.307238,1.0,-0.395989,-0.065391,-0.007358,-0.360212,-0.415973,-0.208663,-0.175226,-0.157989,0.095095,-0.33956,-0.207545,-0.03453,0.024149,-0.084626,0.177259,-0.371317,-0.157989,0.232009,0.168006,-0.086445,0.189641,0.275371,0.04567,-0.358993,-0.349066,-0.544938,-0.058777,0.179249,-0.019406,0.047874,-0.388641,0.196018,0.118137,0.263548,0.085452,-0.220942,-0.041637,0.077596,0.127171,0.030937,-0.163404,0.230532,-0.054109,-0.311749,0.33231,-0.001745,0.080039,-0.129422,-0.565577,0.0,-0.199195,-0.056702,-0.306756,0.477813,0.147734,-0.276626,-0.215854,-0.122305,0.132278,-0.374498,0.116611,-0.391472,0.145495,0.099304,0.303766,0.098904,0.395561,-0.332823,0.197502,-0.3058,-0.021984,0.091429,-0.257239,0.086242,-0.018377,0.408323,-0.164954,-0.22255,-0.305273,-0.140238,-0.198633,0.021609,-0.080858,0.070848,-0.018312,-0.303799,-0.276563,-0.338909,-0.07771,-0.17716,-0.05036,0.109413,0.303618,-0.29049,-0.15294,0.017959,-0.147925,-0.320884,-0.021775,0.052263,-0.200427,0.158761,-0.169872,-0.374498,0.17846,0.000384,0.145131,0.254502,-0.055394,-0.201508,0.073412,0.112445,-0.374444,0.275479,0.093691,-0.142229,0.122702,-0.102757,-0.232171,-0.15294,-0.147925,-0.37505,0.205367,-0.276567,-0.17523,0.079766,0.025228,-0.4177,0.074319,0.264096,-0.297948,0.159384,-0.219956,0.030654,0.135852,-0.220832,-0.217308,-0.066868,-0.275803,0.143461,-0.133419,-0.182475,0.206112,-0.092535,-0.276563,0.176686,-0.20952,-0.080858,-0.034144,0.256406,0.104339,-0.02084,-0.021686,0.393896,-0.114827,-0.163657,0.208577,0.213333,-0.012703,-0.276563,0.124983,0.0512,0.257167,-0.086215,0.089643,0.170193,-0.06872,-0.056994,-0.075143,0.091317,-0.067276,0.160779,-0.443672,-0.014754,0.155623,-0.039517,-0.06717,-0.147576,-0.178968,0.271425,-0.075153,-0.126871,0.270522,#
17,-0.109049,0.329548,0.259718,0.161743,-0.061811,-0.290879,0.002974,-0.113146,0.192719,0.054701,-0.465642,-0.174463,0.08167,0.26719,-0.216942,-0.065712,-0.395989,1.0,-0.007545,0.299594,0.111843,0.025495,-0.216182,0.070191,0.180722,0.148024,-0.202215,-0.03958,0.202476,0.198488,0.072323,0.056238,0.403129,0.204246,-0.091263,0.084505,-0.067073,-0.133458,-0.050709,-0.141494,0.076361,0.055045,0.046672,0.310775,0.002402,0.117278,-0.134451,0.167903,-0.18519,-0.01841,0.075329,-0.135602,0.242889,-0.050673,-0.356732,-0.148407,0.436468,0.376861,-0.005158,-0.205212,0.230842,-0.347388,0.155638,-0.116879,-0.220389,0.055206,0.0,-0.038387,0.068549,0.11328,-0.155612,-0.10533,-0.201427,0.09997,0.207087,-0.192979,0.182219,0.148587,0.086717,0.10914,0.154139,0.129996,0.136911,-0.143176,0.751381,-0.135396,0.426265,-0.081208,-0.007466,0.339251,-0.150964,0.26717,-0.053317,0.201073,-0.176395,-0.396249,0.052214,-0.0811,0.234633,0.146758,0.19947,0.080377,0.031057,0.290323,0.10026,0.327196,-0.101259,-0.041002,-0.073724,-0.219454,0.163815,0.160246,0.399061,0.375129,0.059888,0.282246,0.01558,0.336054,-0.075437,0.087032,0.400472,0.271442,0.133509,0.109602,0.134883,0.303365,0.093318,-0.023353,-0.300735,0.202766,0.059832,-0.053317,-0.074621,0.271324,-0.146472,0.068705,-0.249833,0.214316,0.332195,-0.087128,0.047615,0.149858,0.151795,-0.057472,0.359939,-0.259388,0.000218,-0.022832,0.021529,0.242837,0.113093,-0.20712,0.231381,0.072454,0.310892,0.077364,-0.057656,0.383682,0.136388,0.040788,0.056228,0.057218,0.069426,0.438012,0.133164,-0.203215,0.01593,-0.027031,0.264828,0.281246,-0.295592,-0.114038,0.174585,0.134311,-0.135802,0.27875,0.033085,-0.047207,0.019378,-0.283168,0.329027,-0.154711,-0.054595,0.008832,-0.112135,0.092687,-0.002867,0.170531,-0.453831,0.321496,0.112694,-0.029616,0.327799,-0.333571,0.035945,-0.142161,-0.294342,0.103582,0.408031,-0.35478,#
18,-0.101394,-0.000908,-0.047482,-0.194251,0.276951,0.064883,-0.009771,-0.287505,0.19832,0.087129,-0.048409,0.074967,0.286478,-0.067617,-0.230065,0.253247,-0.065391,-0.007545,1.0,0.03593,0.338637,0.010956,0.485923,0.157251,0.007621,-0.154042,0.269424,0.358701,-0.200567,0.371701,-0.098551,-0.147221,-0.172326,-0.008039,-0.07879,0.083825,-0.215388,-0.448164,-0.051162,-0.103508,-0.071896,-0.136108,0.336077,0.091711,-0.153072,0.060292,-0.128528,-0.084694,-0.090265,-0.005765,0.34359,0.2288,0.253918,-0.126742,-0.082468,0.233851,-0.078007,0.022341,-0.255176,0.20455,-0.093689,-0.089224,-0.132666,0.105832,0.274743,0.350313,0.0,0.152417,0.068016,0.163529,0.189497,-0.03332,-0.181901,0.254057,-0.112235,0.332554,-0.206838,-0.50873,0.115127,-0.249846,-0.040395,-0.184393,-0.223371,0.333977,-0.062447,-0.315318,-0.078451,-0.253808,-0.011032,0.315644,-0.144085,-0.048219,-0.041865,0.024333,-0.194662,-0.03446,-0.11167,-0.069138,-0.587986,-0.206791,0.178412,0.303171,-0.142588,0.28936,-0.054209,-0.208905,0.097913,0.069469,-0.082505,0.1203,0.030039,0.175767,0.031831,-0.157031,-0.403731,-0.232965,0.147649,-0.046685,0.272468,-0.049512,-0.206838,-0.289076,-0.195109,-0.558012,-0.014492,-0.383356,0.111224,-0.295154,-0.023808,-0.405722,-0.288355,-0.075993,0.106067,0.127735,-0.477318,-0.123079,0.191517,-0.29381,-0.302978,-0.272601,-0.1803,0.005054,-0.406862,-0.322651,-0.18689,-0.084412,-0.156753,0.137219,-0.390959,-0.080802,0.126938,-0.368248,0.264818,-0.296435,-0.357494,-0.449889,-0.204773,0.402068,-0.022847,0.0306,0.064291,-0.451129,-0.119316,-0.250826,-0.052423,-0.03579,0.210761,0.019099,-0.306733,-0.069442,0.207391,0.460393,-0.218497,-0.068012,0.545216,-0.396881,0.076305,0.140167,0.052561,0.058014,0.342555,0.029348,0.236793,0.208992,0.195162,0.344519,-0.008588,0.007406,-0.171516,0.177659,-0.076205,0.1401,-0.043679,0.000166,-0.565708,0.337674,0.20994,-0.001292,0.41557,0.156944,#
19,-0.207342,-0.061086,0.094769,0.207924,0.086899,-0.090989,-0.301301,0.156832,0.280485,-0.205996,-0.310775,-0.103443,-0.094655,-0.003908,-0.230112,-0.416233,-0.007358,0.299594,0.03593,1.0,0.019061,-0.053467,-0.005616,0.180669,0.112299,0.280673,-0.283935,0.086547,-0.114903,0.018111,0.114873,-0.1323,0.460393,0.432436,-0.114769,0.101277,-0.145705,-0.023176,-0.230079,-0.209656,0.298328,-0.121046,-0.063829,0.00313,0.22749,0.080778,0.114713,0.19495,0.122352,0.055029,-0.144289,0.242985,-0.108873,0.000363,-0.182914,-0.046712,0.293851,-0.095784,0.074686,-0.116121,0.018482,-0.169641,-0.076578,0.041808,0.124906,0.075354,0.0,-0.257689,-0.30709,0.157955,-0.082494,0.110521,-0.136313,-0.009055,-0.147292,0.032556,0.415747,0.383757,0.22591,0.088721,0.057617,0.138877,0.031568,0.112711,0.31726,0.209683,0.001314,-0.32686,0.201419,0.198596,-0.06612,0.477865,-0.108873,-0.000229,-0.35448,-0.229962,0.272222,-0.086103,0.168028,0.02946,-0.1728,0.213236,0.093384,-0.136282,-0.178465,0.29325,0.06685,-0.313774,0.16979,-0.174,0.273677,-0.075364,0.541833,0.277839,-0.090021,0.23124,0.457932,-0.097925,0.42503,-0.174977,0.415747,-0.207379,0.239308,-0.030188,0.102331,0.13656,-0.03017,-0.28916,0.11901,0.108766,-0.038176,0.35625,0.195492,0.107989,-0.206316,0.071531,-0.075364,0.277839,0.088371,0.023994,-0.136284,-0.301805,0.035896,0.111532,0.249179,0.175279,0.301045,-0.227813,0.17808,-0.108388,0.20018,0.062798,-0.108819,0.367161,0.390795,0.244289,0.104281,0.154802,-0.006018,0.274086,0.036615,0.230299,-0.066392,0.234405,0.055302,-0.155337,0.141549,0.062139,0.079706,0.237624,-0.126655,0.197918,0.115603,0.205226,-0.136295,0.080643,-0.136282,-0.109112,-0.138971,0.018704,0.061485,-0.028766,-0.086806,-0.430515,0.24627,0.082507,-0.198776,0.306771,-0.440261,-0.048889,0.320076,-0.273172,-0.006034,-0.308437,-0.305467,-0.251214,0.157913,0.210029,0.274823,0.097081,#
20,-0.221553,0.202534,-0.112992,0.253478,0.15015,0.084497,0.147176,-0.14148,-0.128645,0.131942,0.174543,-0.085028,0.279533,-0.439517,-0.366742,0.041736,-0.360212,0.111843,0.338637,0.019061,1.0,0.132706,0.111299,0.332937,0.171889,0.060501,0.18958,0.223697,0.054026,0.306564,0.209097,-0.073846,0.130305,0.181664,-0.188817,-0.166192,0.095731,-0.268773,0.007622,0.200567,0.231279,0.071179,0.307678,0.154604,-0.056793,0.091944,-0.558877,0.015586,-0.400973,-0.247998,0.193188,-0.044164,0.241174,-0.029824,0.150579,-0.045561,-0.160584,0.117679,-0.129083,-0.130933,-0.097956,-0.13309,0.175221,-0.009573,0.221913,0.157509,0.0,-0.129083,-0.284457,0.134822,-0.221338,-0.049924,0.313137,0.119256,-0.142798,0.302918,0.196662,-0.131438,0.22363,-0.195166,-0.285482,0.03767,0.145304,0.17913,-0.137024,-0.508685,0.392091,-0.424043,-0.052752,0.07452,-0.093026,-0.236296,0.16184,-0.1393,0.104149,0.013112,-0.366884,-0.152786,-0.139107,0.40476,0.271931,0.187167,-0.047232,0.291067,0.285091,0.063055,-0.039426,-0.074761,-0.107782,0.106955,-0.123065,0.166945,-0.055414,-0.028194,-0.047265,0.011429,0.110419,0.039349,-0.156408,-0.073227,-0.047263,-0.055731,-0.155387,-0.040312,-0.139973,-0.078205,0.52751,-0.04202,-0.006053,-0.036383,-0.233684,-0.07616,0.284336,0.016061,-0.171829,0.245786,-0.29069,-0.412892,-0.141242,-0.361257,-0.525665,0.036007,-0.302807,0.086686,-0.084697,-0.023312,-0.430949,0.325836,-0.098803,-0.202666,0.191933,-0.217854,0.241054,-0.383617,-0.140281,-0.007262,-0.259825,0.132748,0.069215,-0.228094,0.089387,0.004609,-0.133214,-0.060423,-0.143858,-0.185021,-0.247864,-0.047175,0.124068,0.187593,-0.139021,0.286468,-0.117626,-0.103697,0.222637,-0.259469,-0.255113,0.298577,0.224865,0.042798,0.174489,-0.036978,-0.02636,0.058509,0.116418,0.299996,-0.298483,0.407894,0.150058,0.343905,-0.071582,0.276071,0.215587,0.28848,-0.052768,0.500347,0.156613,0.328317,0.178683,-0.113809,#
