0,1.0,0.279104,-0.293704,-0.047167,0.483426,0.193385,-0.31567,-0.208936,-0.021583,0.376324,0.397709,-0.112977,0.491579,0.388414,0.009183,0.214002,0.092521,-0.101342,-0.100125,-0.34293,0.136823,-0.010083,0.191427,-0.261469,-0.028668,-0.231404,-0.151147,-0.162354,0.282527,0.414964,-0.493954,0.42121,0.029539,-0.168457,-0.093251,-0.242127,-0.192195,-0.330057,-0.000296,-0.135712,0.171835,0.177266,-0.28306,0.083088,-0.072525,-0.087637,-0.075099,0.014458,0.06699,-0.130779,0.066823,-0.074044,-0.092059,-0.25709,0.332923,0.27491,-0.440695,0.367331,-0.342571,0.032488,0.137821,-0.157585,-0.197271,-0.578115,0.29087,0.297443,0.017361,0.347551,0.29899,0.302427,-0.318776,0.078178,0.098144,-0.395509,-0.213443,0.147488,-0.406795,-0.133522,-0.180814,-0.368862,-0.155049,-0.340641,-0.05406,-0.00614,-0.388719,-0.075708,-0.250794,-0.080333,-0.212252,-0.244132,0.163543,-0.616522,-0.156882,0.087429,-0.219725,0.014718,0.072454,0.099116,-0.267286,-0.264711,0.155621,-0.435621,-0.191963,-0.062642,-0.210868,0.021545,0.006649,-0.257401,-0.060213,0.192516,-0.010296,-0.207445,0.118987,-0.267286,-0.495736,-0.06412,0.209859,0.118987,-0.02862,-0.026828,-0.495253,-0.385264,-0.321668,0.057223,0.16735,-0.097487,-0.349555,-0.005474,0.285846,-0.539505,-0.370917,-0.053319,-0.451675,-0.385212,-0.286216,-0.206772,-0.165653,-0.315593,-0.384625,-0.661483,-0.421139,-0.339314,-0.497708,-0.063189,0.089276,0.161897,-0.119186,0.286882,-0.180663,-0.309876,-0.553631,-0.189041,-0.267286,-0.02743,-0.066591,-0.136558,-0.115892,0.209131,-0.293575,-0.49682,-0.203112,-0.079917,0.123344,0.046718,-0.268377,0.258792,-0.218934,0.233833,-0.458562,-0.140406,-0.003243,0.173992,-0.186002,0.078642,0.468137,-0.186018,-0.101314,0.146143,0.188144,-0.062864,0.366285,0.041364,0.081309,0.241726,0.41706,-0.460336,0.090311,-0.365614,0.064102,0.285807,-0.431356,0.203827,0.320756,0.048441,-0.134267,-0.347812,0.130111,-0.388719,-0.233735,-0.140109,#
1,0.279104,1.0,0.02318,-0.276948,0.326333,0.135764,-0.006624,-0.324043,0.117285,0.528201,0.328833,0.303911,0.083759,0.433078,0.196866,-0.167273,-0.244852,0.144114,0.136572,0.010433,0.038996,-0.110976,0.295133,0.043373,0.126754,-0.182878,0.191551,-0.355895,0.078926,0.404619,-0.473131,0.035215,-0.159596,-0.21679,-0.160521,0.134789,-0.075831,-0.156072,-0.299031,0.040063,-0.100287,-0.041551,-0.498885,0.098758,0.035013,-0.181439,0.054303,0.332635,-0.384084,0.284699,-0.008479,-0.521993,0.272403,-0.229141,0.201545,-0.119508,-0.293659,0.228601,0.177692,-0.080003,0.10661,0.67415,0.249048,-0.06565,-0.048937,0.195547,-0.188024,-0.03312,0.174851,0.17053,-0.156164,-0.006129,0.206631,-0.260999,-0.381638,0.101373,-0.18159,-0.271884,-0.324176,-0.155301,0.005081,-0.302832,-0.264064,-0.218551,0.104282,-0.064491,-0.491706,-0.491484,0.257177,-0.298513,-0.19774,-0.220582,-0.224486,0.065166,-0.049476,-0.141584,0.201807,-0.06362,-0.15609,-0.09181,0.217888,-0.216043,-0.155209,-0.154953,-0.380377,-0.299079,-0.108987,-0.432345,0.043644,-0.219456,0.274897,-0.161056,-0.296444,-0.15609,-0.226714,-0.083042,-0.341044,-0.296444,-0.108762,-0.414283,-0.137911,-0.299111,-0.28223,-0.154733,0.143967,-0.104029,0.165017,0.211926,0.15895,-0.418861,-0.065552,-0.218009,0.073476,-0.299071,-0.228494,-0.298681,-0.12861,-0.24502,-0.280668,-0.580725,-0.326964,-0.013065,-0.38641,-0.145044,-0.419884,-0.531865,-0.05182,0.405654,-0.081922,-0.190079,-0.377433,-0.344071,-0.15609,-0.326964,-0.225237,-0.185722,0.235031,0.432532,-0.149756,0.00359,-0.164191,-0.491086,-0.064491,0.033564,0.231504,0.258705,-0.031365,-0.100594,-0.356018,-0.386025,-0.217511,0.315504,-0.222303,-0.263143,-0.158557,0.056848,-0.245007,0.28032,0.354232,-0.101436,0.574337,0.025653,-0.096759,0.323338,0.237259,-0.296223,0.35586,0.048696,-0.060108,0.412635,-0.003823,0.033748,0.086677,0.247013,-0.190884,-0.270034,-0.05157,-0.248552,-0.33078,-0.271319,#
2,-0.293704,0.02318,1.0,0.275941,0.116346,-0.202162,-0.155576,0.300737,-0.014938,-0.325604,0.175053,0.121427,-0.156864,-0.26107,-0.178167,-0.213693,0.071371,0.060566,-0.102585,0.262536,0.058356,-0.057645,0.215612,0.323674,0.514196,0.331542,0.012907,-0.190379,0.045086,-0.247935,0.179464,-0.077189,-0.048324,0.096865,-0.20511,0.238888,0.226499,0.002579,-0.107488,-0.135553,-0.030761,-0.071459,-0.18165,-0.504817,0.454576,-0.151482,-0.357491,0.043208,-0.048203,0.104856,-0.023651,0.331171,0.241523,0.329571,0.065319,-0.200811,-0.08544,-0.030064,0.30212,0.043734,-0.028069,0.003686,0.117468,0.206717,0.031501,0.269428,0.03464,0.070233,0.166499,-0.224737,-0.007463,-0.355853,-0.078645,0.056486,0.25723,0.212195,0.086968,-0.022138,0.085585,0.005121,0.434661,-0.033315,-0.001898,0.10137,0.099921,-0.216182,0.144518,-0.020323,0.124545,-0.169887,0.09561,-0.101364,-0.081567,-0.232088,-0.101871,0.039813,0.342449,0.21499,0.260503,0.137449,-0.14373,0.447924,0.149299,0.398435,-0.362711,-0.112535,0.126793,0.366342,0.085933,-0.072735,0.26554,-0.055141,-2.7e-05,0.073964,0.409686,-0.020465,-0.128164,-2.7e-05,0.151894,0.036728,0.079583,-0.08849,0.498785,0.038542,0.072533,-0.117628,-0.013029,-0.285215,0.012271,0.119988,-0.261325,-0.221849,0.340838,-0.083423,0.223383,-0.067606,0.037998,0.076037,0.059499,0.080427,0.028079,0.549683,0.025776,0.042983,0.111529,0.142638,-0.078349,-0.215832,0.235368,-0.005083,0.134201,0.032812,0.099694,-0.181679,0.384405,-0.317621,0.17165,0.298539,0.202758,0.354153,0.554471,0.152226,0.132583,-0.14648,0.024276,0.02626,0.355792,-0.318106,0.262051,0.05538,0.130937,-0.174468,-0.209718,0.164607,-0.474108,0.312487,-0.109705,-0.100915,-0.144643,0.109285,-0.160482,-0.18452,-0.061036,-0.033269,-0.198477,0.3435,0.211074,-0.356666,0.417192,-0.139842,0.262373,0.172996,0.106044,0.129042,-0.037704,0.378013,0.137499,-0.156668,-0.046224,-0.02518,#
3,-0.047167,-0.276948,0.275941,1.0,-0.120057,-0.030493,-0.2596,0.278509,0.175208,-0.167307,0.026443,-0.048708,-0.214822,-0.241799,0.009259,-0.028002,0.109874,0.264937,-0.564549,0.023879,-0.106077,-0.211904,-0.059867,-0.210845,0.333874,0.315692,-0.475492,-0.143687,-0.043073,-0.07832,0.498928,0.240285,0.343596,0.036254,0.134251,0.128322,0.252733,-0.100023,0.060735,-0.148825,0.031425,0.064538,-0.06783,-0.243096,0.286884,-0.061294,-0.242798,-0.442744,0.354938,-0.212217,0.068907,0.379648,-0.066024,0.284412,-0.047632,0.128926,0.294841,0.101456,-0.335826,-0.286307,0.02142,-0.079458,0.032183,-0.269959,-0.075626,-0.06947,0.386155,-0.235615,-0.124973,-0.481863,-0.100083,0.100502,0.064375,0.093201,0.567663,0.180053,0.053884,0.193862,-0.049711,0.183025,0.190032,0.268764,0.024507,0.347792,-0.127872,-0.336605,0.191797,0.033127,0.101344,0.194164,0.394127,0.062738,0.360905,-0.092416,-0.037131,-0.167858,-0.294694,-0.121053,0.414328,0.208786,-0.2191,0.423331,0.329207,0.563329,0.163988,0.240484,0.007137,-0.229464,0.423145,0.354023,-0.369109,0.052171,0.31806,0.216775,0.146325,0.515366,0.345086,0.015824,0.187706,-0.020219,0.120388,0.237693,0.425413,0.270523,0.197656,0.085013,-0.143232,0.009464,-0.246539,0.193445,0.04865,-0.148217,0.110763,-0.271188,-0.19025,-0.098308,-0.059193,-0.076502,-0.060682,0.175603,-0.01697,-0.357151,0.10636,0.170674,0.103396,0.117032,0.222859,-0.061094,0.343511,0.283657,0.137234,0.142834,0.08295,-0.023347,0.336966,0.28483,-0.198426,-0.144455,-0.186644,-0.008189,0.066161,0.503892,0.034368,0.144003,0.162015,-0.36619,0.104356,-0.235481,0.035403,0.12276,-0.231808,-0.523691,0.048637,-0.120282,0.090892,0.327582,-0.260412,0.081554,-0.195335,-0.011119,-0.532318,0.188487,-0.39219,-0.367085,0.023836,0.235859,-0.432507,-0.171843,0.144098,-0.314991,-0.208605,0.214379,0.184864,0.195383,-0.310383,0.017738,-0.335167,0.421217,0.023843,-0.004468,#
4,0.483426,0.326333,0.116346,-0.120057,1.0,0.287904,-0.092183,-0.05621,0.05522,0.225565,0.377269,0.298415,0.171072,0.36832,-0.039822,0.390396,-0.257002,0.009066,0.20925,-0.291163,0.167774,-0.234439,0.422156,0.03134,0.076871,-0.18985,0.184626,-0.240139,0.304194,0.106948,-0.404631,0.386386,0.128794,-0.117727,-0.219986,-0.122733,-0.215578,0.075431,0.148358,-0.1055,0.391746,0.09083,-0.027337,0.060831,0.150859,-0.261745,-0.049369,0.304277,0.104199,-0.115303,0.257103,-0.206119,0.521783,-0.075551,-0.055249,0.147201,-0.372451,0.451329,0.050993,0.016744,-0.090646,0.082576,-0.097671,-0.098619,0.314222,0.45431,0.117937,0.47152,0.282403,0.38347,-0.399686,0.023003,0.229246,-0.503578,-0.252414,0.147194,-0.313717,-0.36763,-0.237296,-0.238687,-0.126329,-0.524066,-0.287955,0.19976,-0.198469,-0.10147,-0.14045,-0.456481,-0.137616,-0.453215,-0.028307,-0.503868,-0.341551,-0.026583,-0.356368,-0.094259,0.226257,-0.081167,-0.179029,0.019681,0.30304,-0.325141,-0.242592,0.129049,-0.256812,-0.255806,0.133116,-0.033534,-0.043412,0.161749,0.181358,-0.026524,0.168969,-0.165561,-0.053172,-0.294464,-0.101302,0.168969,0.211131,-0.436563,-0.170987,-0.555638,-0.345353,-0.118145,0.247046,-0.217147,-0.142563,-0.024216,0.205472,-0.457273,-0.328266,-0.212599,-0.352457,-0.382762,-0.032821,0.134864,-0.238909,-0.081629,-0.284836,-0.502509,-0.438917,0.118144,-0.560704,0.037886,0.125438,0.12254,-0.176054,0.54365,-0.460666,-0.402873,-0.40973,-0.257247,-0.003945,-0.310491,0.090444,-0.253636,0.08771,0.353756,-0.079841,-0.241284,-0.065622,-0.315613,0.20364,-0.078192,-0.211412,0.299043,-0.190736,-0.223667,-0.15905,-0.068805,0.02293,0.252477,-0.158686,-0.144314,0.240444,-0.130663,-0.258832,-0.057577,0.031856,0.171022,0.607446,-0.002593,-0.168518,0.26798,0.005579,-0.36901,0.208277,-0.405346,-0.067168,0.34091,-0.22536,-0.050298,0.474283,0.502605,-0.416723,0.020669,-0.047314,-0.273683,-0.106251,0.001574,#
5,0.193385,0.135764,-0.202162,-0.030493,0.287904,1.0,0.319009,-0.193977,0.128641,0.258485,0.308832,-0.15514,0.365667,0.256961,0.049132,0.189341,0.15896,-0.033544,0.139316,-0.221642,0.172171,0.148895,0.346685,-0.22792,-0.231943,-0.441147,-0.218163,-0.275214,-0.019054,0.032482,0.0668,0.328583,-0.273517,-0.052012,-0.118359,-0.322166,0.021089,0.035716,0.211077,-0.413508,-0.041578,0.378526,0.081533,0.038585,-0.241807,-0.447258,0.165248,-0.143157,0.418156,0.023567,0.236303,-0.246905,0.1739,-0.248673,0.22203,0.531015,-0.162535,0.257963,-0.169636,-0.127733,0.224047,0.079793,-0.021962,-0.141561,0.18454,0.223149,-0.089348,0.288872,0.049156,0.083539,-0.201112,0.095626,0.009209,-0.61461,-0.282449,0.16439,-0.213456,-0.271535,-0.461114,-0.136238,-0.221468,-0.367255,-0.191093,0.245409,-0.306036,-0.025641,-0.191093,-0.327698,0.133626,-0.330605,-0.043975,-0.050447,-0.390466,0.392882,0.045297,-0.132956,0.195747,-0.165689,-0.101936,-0.047566,0.399704,-0.408791,0.022539,-0.454184,-0.052688,-0.512565,0.011405,-0.333681,-0.452612,-0.074929,0.009488,-0.029515,0.152332,-0.273415,0.042177,-0.360752,-0.162853,-0.120929,-0.072904,-0.229195,-0.087995,0.185345,-0.391262,-0.37107,0.214278,-0.085688,0.096257,0.344694,0.304932,-0.374592,0.013226,0.038461,-0.38214,-0.011016,0.063108,-0.171263,0.072923,-0.225799,-0.050407,-0.265272,-0.042345,0.037707,-0.010762,-5e-05,0.111253,0.0932,-0.420863,0.587665,-0.287736,-0.013377,-0.17231,-0.080535,0.062685,-0.388761,-0.132852,-0.017558,0.002207,0.071975,-0.143162,-0.160267,-0.085498,-0.033957,-0.177659,-0.010802,-0.09096,0.532075,0.034852,-0.25415,-0.131012,-0.178124,-0.122096,0.123668,0.24032,0.007998,0.186861,-0.15353,-0.419896,0.37297,-0.040449,-0.006146,0.318261,0.102784,0.099568,0.209294,-0.210296,-0.399329,0.100696,0.039572,-0.292486,0.132332,0.077188,-0.192055,-0.094906,0.284722,-0.035292,0.039033,0.007862,-0.03242,-0.052537,-0.102797,#
6,-0.31567,-0.006624,-0.155576,-0.2596,-0.092183,0.319009,1.0,-0.215225,0.150897,-0.207424,-0.05071,-0.124615,0.240984,-0.034268,0.012608,-0.349751,0.145304,-0.104867,0.235772,0.214929,0.158814,0.572837,-0.279411,-0.017224,-0.01862,-0.426635,-0.013247,-0.12658,0.039655,-0.385326,0.145801,-0.242489,-0.205543,0.21498,-0.299003,-0.242102,0.221604,0.26649,-0.184382,-0.310744,0.184099,0.232335,0.127471,0.161444,-0.080123,-0.116903,0.155837,0.019889,0.244125,0.311825,0.046957,-0.063495,0.116664,-0.477259,-0.201819,0.140911,0.113456,0.084011,0.234543,0.216658,0.189488,0.181925,0.355479,0.277629,-0.171658,0.037606,-0.242155,-0.150396,-0.124944,0.261321,0.266648,-0.155681,-0.207293,-0.382992,-0.402127,-0.392223,0.183738,-0.131988,-0.169808,0.042968,0.017457,-0.077142,0.129615,0.023583,0.244838,0.310084,0.327709,-0.047558,0.19379,-0.241381,-0.056852,0.400147,0.025765,0.30481,0.385601,-0.134355,0.109828,-0.23767,0.111688,0.134669,0.249463,-0.201376,-0.153638,-0.283529,0.064772,0.036099,-0.100147,0.090039,-0.076178,-0.162974,0.215419,-0.207424,0.19985,-0.080737,0.362046,-0.228441,-0.134594,-0.165195,0.339894,0.011139,0.476181,0.027368,-0.119592,-0.09495,-0.26982,0.261592,0.280411,0.293707,0.245568,0.043827,0.113396,0.424177,0.064633,0.439732,0.358393,0.248388,-0.165636,0.132912,0.168675,0.23136,0.179214,0.353692,0.283563,0.248462,0.19102,0.042635,0.116061,0.233718,0.06394,0.262392,0.228304,0.287675,0.296416,0.179214,0.144607,0.074361,0.231523,-0.00673,0.005746,0.266042,0.261093,-0.042645,-0.079637,0.077454,-0.068942,0.074833,0.366666,-0.188421,0.130479,0.097884,-0.021657,0.146344,0.600487,0.123858,-0.128991,-0.160346,0.141325,-0.316243,-0.038407,0.180928,0.153129,0.034634,0.09489,0.030682,-0.343419,0.22413,0.076896,0.238736,-0.298746,-0.242773,0.174697,-0.041092,-0.45634,-0.181773,0.034313,0.253444,-0.047149,0.244838,0.023412,0.301536,#
7,-0.208936,-0.324043,0.300737,0.278509,-0.05621,-0.193977,-0.215225,1.0,-0.09425,-0.274254,-0.109362,-0.032111,-0.173601,-0.449121,0.424051,0.261185,0.207655,-0.145405,-0.105803,0.2403,-0.103838,-0.077058,-0.310257,0.269125,0.438732,0.213826,-0.045258,0.096139,-0.05702,-0.198704,0.25524,0.027952,0.000227,-0.088593,0.181615,0.271681,0.036086,0.017449,0.408987,0.1665,-0.370413,-0.167511,-0.039821,-0.301068,0.500875,-0.136726,-0.064462,0.129687,0.032464,-0.448553,0.294101,0.263584,-0.044807,0.138408,-0.072822,-0.216622,-0.152132,-0.077216,0.225557,-0.157067,-0.398078,-0.241005,-0.486866,0.022655,-0.459562,-0.080942,0.307692,-0.154192,0.015209,-0.088696,-0.002871,0.115903,0.225422,0.188203,0.373466,0.186901,-0.05616,0.091896,-0.09183,-0.000233,0.076477,0.203553,-0.034757,0.157415,0.011906,-0.147447,0.005548,0.116505,0.132748,0.016422,0.258615,0.015945,0.072652,-0.604949,-0.090776,-0.328288,0.029544,-0.035409,0.015801,0.13281,-0.008532,0.326623,0.429495,0.200202,-0.050786,0.205012,0.078429,0.376124,0.197698,-0.076994,-0.214745,-0.01561,0.208083,0.084892,-0.127524,0.310888,0.365752,-0.119595,-0.021098,0.007442,-0.047285,0.227988,0.189943,0.374458,0.141852,-0.224661,-0.462131,0.049931,-0.341152,0.401849,-0.125014,-0.371235,-0.066549,0.025947,-0.068227,0.030913,-0.219003,0.161541,0.235514,0.258945,-0.052072,0.339103,0.359308,-0.169512,0.00601,0.158989,0.073381,-0.323706,0.129754,0.200329,0.189531,0.200144,-0.322744,-0.211086,0.25915,0.028444,0.060299,-0.261645,-0.149797,-0.043816,0.293854,0.301365,-0.038701,-0.030511,0.072512,-0.470258,0.187983,0.003417,0.372743,-0.04057,0.229149,-0.469693,-0.200967,-0.190873,-0.142122,-0.100109,-0.41721,-0.300332,-0.276251,-0.264271,-0.368932,-0.052559,-0.209502,-0.146578,-0.26327,-0.059559,0.086056,-0.277181,0.229352,-0.334421,0.154226,0.247083,-0.096511,-0.286055,-0.214693,0.317383,0.139634,0.011906,0.300572,0.073369,#
8,-0.021583,0.117285,-0.014938,0.175208,0.05522,0.128641,0.150897,-0.09425,1.0,0.238215,-0.16789,-0.111804,-0.021885,0.228579,-0.124202,-0.030701,-0.233706,0.396676,0.273157,0.085002,-0.080065,0.090634,0.439798,0.040048,0.279557,-0.310126,-0.287672,-0.318609,0.177812,0.025927,0.244546,-0.050845,-0.274303,0.098374,-0.018485,0.410295,0.346666,-0.304783,0.184275,-0.195893,0.307528,0.024461,-0.107289,0.064639,-0.076469,-0.127133,0.065845,0.296329,0.193378,-0.120186,0.388297,-0.295914,0.150575,-0.112497,-0.283395,-0.232848,0.209568,0.046299,-0.270516,-0.024794,0.195012,0.348479,0.211391,-0.277612,-0.157865,0.322641,0.326737,-0.019719,0.195181,-0.196024,-0.304551,-0.380748,-0.276638,-0.127866,-0.097821,0.071807,0.127575,-0.290513,-0.270165,0.025512,0.258429,-0.188319,-0.182987,0.09031,0.204692,-0.028501,-0.02916,-0.18017,0.299901,-0.028674,-0.297178,-0.062452,-0.234305,0.213771,0.031147,-0.167155,0.168367,0.300052,0.389815,-0.021629,0.138093,0.108626,-0.325876,0.222778,0.321803,0.00512,-0.350671,-0.269236,0.380744,-0.071119,0.329124,-0.276813,-0.150276,-0.284317,0.044492,-0.025239,0.021764,-0.150276,0.155091,-0.596379,0.230682,-0.334992,-0.194935,-0.197608,0.020258,0.067463,0.062996,0.234693,-0.198167,-0.064474,0.173221,0.02653,-0.108811,-0.337504,-0.123603,0.002459,-0.221046,-0.039558,0.077421,-0.039914,-0.224675,-0.163083,-0.175998,-0.269198,-0.444833,-0.432687,-0.037595,0.331954,-0.281701,-0.17356,0.021784,-0.290033,0.224721,-0.217792,0.235588,0.320359,0.114768,0.387281,0.263247,0.304398,0.011157,0.137014,-0.190907,0.332582,0.249747,-0.201146,-0.133042,-0.371441,-0.112474,0.326271,-0.070182,0.201476,0.081209,-0.18378,-0.215418,0.127967,-0.22829,0.108993,0.075336,0.245244,0.075336,-0.09515,-0.266673,-0.186402,0.072314,0.159801,0.046513,0.012219,-0.218878,0.066217,0.034801,-0.219378,-0.320606,0.224276,-0.251973,0.053334,-0.215686,0.204692,0.045285,-0.261347,#
9,0.376324,0.528201,-0.325604,-0.167307,0.225565,0.258485,-0.207424,-0.274254,0.238215,1.0,-0.182723,0.268754,0.195886,0.376165,0.03546,0.177223,-0.207231,0.312323,0.31332,-0.354341,0.385728,-0.27426,0.260513,-0.064723,-0.276617,-0.054729,-0.092518,-0.006829,0.19098,0.530556,-0.329765,-0.000713,-0.135074,-0.110754,-0.076817,0.200346,-0.252944,-0.268652,0.004599,0.109102,-0.035288,0.283933,-0.318803,0.280159,-0.205262,0.11374,-0.009446,0.004131,-0.215856,-0.038213,0.241042,-0.638414,0.092242,-0.027937,0.345644,0.095805,0.161239,0.226276,-0.216715,-0.251678,0.107094,0.366364,0.144112,-0.471719,0.054755,0.1598,0.175303,-0.027023,0.124846,0.085226,-0.608936,0.332527,0.273126,-0.169504,-0.199728,0.050634,-0.537452,-0.230109,-0.444448,-0.245157,-0.354365,-0.130523,-0.416156,-0.136781,0.028011,-0.41586,-0.416156,-0.415967,-0.053469,-0.201151,-0.305203,-0.309111,-0.354312,0.162252,0.065957,-0.047195,0.124785,0.017004,-0.301203,-0.191571,0.222003,-0.076842,-0.245011,-0.301278,-0.19824,-0.253126,-0.502442,-0.580878,-0.081255,-0.137804,-0.040825,-0.13631,-0.415958,-0.301203,-0.354442,0.03876,-0.269121,-0.415958,-0.276153,-0.565592,-0.233697,-0.253153,-0.65563,-0.126394,0.051938,-0.451556,0.010424,0.139498,0.076613,-0.354503,0.127355,-0.184512,-0.386331,-0.253119,-0.590637,-0.023503,-0.108849,-0.207373,-0.296016,-0.666706,-0.276726,-0.364199,-0.327038,-0.252808,-0.563042,-0.510637,-0.15585,0.538463,-0.444077,-0.326936,-0.491724,-0.736012,-0.301203,-0.276726,-0.353755,-0.108873,-0.092866,0.369705,-0.257712,-0.112253,-0.549938,-0.202005,-0.41586,0.135282,-0.086699,0.16029,-0.383625,0.097257,-0.301316,-0.111195,-0.179681,0.233755,-0.140928,-0.38182,0.163388,-0.023496,-0.207362,0.654673,0.24639,-0.264096,0.485759,0.372009,0.034021,0.273327,0.379808,-0.418977,0.300856,-0.01957,-0.040956,0.826404,-0.101141,-0.18154,0.195783,0.387316,-0.098132,-0.228544,0.075684,0.028011,-0.090048,-0.229631,#
10,0.397709,0.328833,0.175053,0.026443,0.377269,0.308832,-0.05071,-0.109362,-0.16789,-0.182723,1.0,-0.241304,0.242676,0.138605,0.301317,-0.103604,0.217715,-0.176857,-0.16328,0.15069,-0.275287,0.092599,0.176374,0.189613,0.061641,-0.100699,0.221506,-0.02556,-0.224789,0.040206,-0.335946,0.339735,0.005671,-0.065908,-0.031534,-0.213272,0.103923,0.248825,-0.110168,-0.13469,0.012515,0.027789,-0.130001,-0.206706,-0.010552,-0.607071,0.069307,-0.00624,0.15713,-0.006288,-0.000953,0.214098,-0.041237,-0.139966,0.257595,0.15906,-0.685288,0.291037,0.220312,0.132141,0.10536,0.218265,-0.24788,0.167032,0.172255,0.255801,-0.213319,0.233139,0.305903,0.032119,0.248972,-0.280884,-0.182608,-0.514269,-0.014408,0.150263,-0.054903,0.102664,-0.251462,-0.236027,0.146999,-0.438463,0.032468,-0.069832,-0.703784,0.060313,-0.184563,0.026178,-0.047909,-0.178127,0.185732,-0.286195,0.083237,0.01481,-0.295038,0.180243,0.289617,0.100539,0.009941,-0.208933,0.117854,-0.281381,-0.016966,-0.050508,-0.011546,-0.173155,0.239697,0.112443,-0.048348,0.088073,0.197053,-0.182723,0.154716,0.009941,-0.10046,-0.397763,-0.047344,0.154716,-0.01698,0.132935,-0.190803,-0.106877,0.026299,-0.059047,0.2176,0.184199,0.149278,0.058412,0.313651,-0.25818,-0.397892,0.018376,-0.198357,-0.339305,0.128989,-0.338863,-0.145912,-0.277983,-0.143573,-0.148454,-0.147582,0.114546,-0.221406,-0.110159,0.141429,0.054704,-0.218197,0.036765,-0.020547,-0.031976,-0.465084,0.238996,0.009941,-0.210126,0.076572,-0.246996,0.399481,-0.082815,0.014238,-0.029772,0.215355,-0.17967,0.438004,-0.245915,-0.091446,0.414032,0.31338,-0.240186,-0.403914,-0.437958,0.07763,0.206031,-0.068929,0.05328,-0.039951,-0.224933,-0.277969,-0.011955,0.010929,0.428371,0.299467,-0.097953,0.207197,0.172738,-0.107166,-0.191633,0.056718,-0.232621,0.212501,-0.192604,-0.268851,0.202782,-0.030136,0.110122,-0.245522,-0.306363,-0.108416,-0.461584,-0.400657,-0.141531,#
11,-0.112977,0.303911,0.121427,-0.048708,0.298415,-0.15514,-0.124615,-0.032111,-0.111804,0.268754,-0.241304,1.0,-0.382296,0.066956,0.0713,0.332737,-0.612983,-0.011031,0.045114,-0.204587,0.367159,-0.355444,-0.011526,-0.105385,0.073146,0.170995,0.173881,-0.297113,0.382633,0.409942,0.051584,-0.018925,0.096041,-0.181574,0.00473,0.225864,-0.642884,0.246907,-0.021981,0.270519,0.24628,-0.272647,-0.116762,0.000922,0.329263,0.152194,-0.265696,-0.080371,-0.409308,0.146262,-0.01793,-0.255422,0.169316,0.388386,-0.172323,-0.12344,0.113544,-0.241416,0.007644,-0.322822,-0.13314,0.218174,0.150222,0.248201,0.027267,-0.180119,0.276213,-0.045313,-0.033847,0.138401,-0.308246,0.41372,0.257304,0.005183,-0.127835,-0.118937,-0.204752,-0.198022,-0.067225,-0.1847,-0.189445,-0.17786,-0.021208,-0.079095,0.396717,-0.1378,-0.40738,-0.552153,0.09135,-0.409481,0.015349,-0.037042,-0.123203,-0.307646,-0.414547,-0.070921,-0.103618,-0.196541,-0.510436,0.230408,-0.028515,0.197149,-0.057848,-0.01388,-0.353794,-0.287519,-0.322622,-0.154851,-0.124428,0.103301,-0.27651,0.245186,-0.239933,0.028405,0.111614,-0.038512,-0.049778,-0.165286,0.015644,-0.460315,-0.269964,-0.127721,-0.17258,-0.015007,0.26223,-0.359944,-0.075773,-0.196523,0.041629,-0.258294,-0.106287,-0.392298,0.069215,0.018721,-0.298134,0.039939,0.205385,-0.076698,-0.066672,-0.278691,-0.297337,-0.056069,-0.296296,0.010855,0.000334,-0.157835,0.256408,0.293689,-0.116508,-0.351764,0.146606,-0.35928,-0.305825,-0.249624,-0.186662,-0.280074,-0.265641,0.449943,-0.204535,-0.19118,-0.215686,-0.178231,-0.191536,-0.253625,0.060419,-0.176701,-0.400206,0.191951,0.259907,-0.18508,-0.140083,-0.04171,-0.237345,-0.356708,0.026789,0.47392,-0.107541,0.147839,0.033149,-0.190925,0.098426,0.115984,-0.243659,0.332124,0.196132,0.094434,0.134125,-0.257404,0.122964,0.30794,-0.042943,-0.026376,0.377861,0.39325,-0.370055,-0.100236,0.038307,-0.017664,0.249102,0.328073,#
12,0.491579,0.083759,-0.156864,-0.214822,0.171072,0.365667,0.240984,-0.173601,-0.021885,0.195886,0.242676,-0.382296,1.0,0.286694,-0.232692,-0.117361,0.447963,-0.071729,0.069032,-0.037251,0.288053,0.220845,0.048812,-0.093792,-0.035916,-0.310578,-0.290981,-0.140452,0.353353,-0.071806,-0.198674,0.287433,-0.321989,-0.005464,-0.581743,-0.379259,0.065816,-0.29061,0.055198,-0.486789,0.03038,0.600828,-0.106906,-0.102909,-0.110201,-0.043301,0.058764,-0.014896,0.182202,-0.013059,0.074413,-0.154608,0.039215,-0.367786,0.339512,0.156327,-0.32615,0.263615,-0.126813,0.245527,0.255826,-0.233629,0.114022,-0.435432,0.078123,0.269649,-0.152416,0.21955,0.317067,0.264943,-0.097725,-0.125088,-0.046972,-0.450339,-0.380405,-0.22651,-0.066783,-0.033662,-0.148975,-0.161412,-0.039194,-0.260298,-0.013088,0.076406,-0.18286,0.020034,0.110378,-0.020932,0.088455,-0.351166,0.318435,-0.225068,-0.166479,0.285549,0.358065,-0.12367,0.109975,0.146111,-0.070091,-0.39007,0.395473,-0.280322,-0.016725,-0.422304,-0.143876,0.066448,-0.101827,-0.031441,-0.24115,-0.185914,0.331114,-0.324935,0.26094,-0.197079,-0.00687,-0.214296,-0.033172,-0.005326,-0.006386,0.083899,0.058955,-0.26444,-0.458215,-0.022006,-0.116856,0.07389,-0.156512,0.438747,0.327861,-0.205558,-0.059658,0.581789,-0.392399,-0.08765,0.193579,-0.073632,-0.259473,-0.294058,0.025637,-0.412118,-0.001479,0.161881,0.00425,0.093385,0.09894,0.264242,-0.090609,0.306472,-0.163136,-0.121822,-0.377456,0.03876,-0.036673,-0.138387,-0.013017,-0.158785,0.355878,0.111042,-0.020569,-0.129778,0.257936,-0.062697,0.020034,0.009463,-0.144868,0.259095,0.206679,-0.178488,-0.108686,0.010077,0.205987,0.350573,0.287643,0.302697,0.257798,-0.352719,0.089746,0.130216,0.184942,-0.066419,0.4028,-0.01003,0.237989,0.043978,0.015026,-0.272388,0.246174,0.011209,0.020876,0.110135,0.202415,0.127078,-0.184102,-0.161123,0.150644,-0.068236,0.156268,-0.18286,-0.392967,-0.011422,#
13,0.388414,0.433078,-0.26107,-0.241799,0.36832,0.256961,-0.034268,-0.449121,0.228579,0.376165,0.138605,0.066956,0.286694,1.0,-0.111471,0.231979,-0.015391,0.028629,0.275119,-0.348195,0.165239,0.050968,0.487699,-0.205117,-0.113262,-0.249499,-0.082683,-0.380806,0.260617,0.329106,-0.485811,0.186679,-0.184111,-0.029335,-0.156598,0.034067,-0.190381,-0.140861,-0.01549,-0.136653,0.071153,0.025718,-0.115943,0.424675,-0.233635,-0.244521,-0.159696,0.261478,-0.160951,0.123737,-0.104455,-0.377102,0.187977,-0.248831,0.051708,-0.002762,-0.287952,0.282055,-0.3034,0.200986,0.265565,0.282618,-0.028876,-0.176216,0.195107,0.242123,-0.057551,-0.058437,0.310722,0.029647,-0.131085,-0.100437,-0.108304,0.004203,-0.144127,0.195384,-0.011271,-0.517406,-0.314793,-0.089834,-0.189613,-0.397589,-0.242154,0.237714,0.060851,0.076237,-0.401792,-0.39582,-0.161497,-0.245549,-0.184261,-0.387085,-0.244517,0.237079,-0.171458,0.070685,0.021468,-0.038452,-0.07416,-0.261148,0.415359,-0.384869,-0.43907,-0.072765,0.055782,-0.358926,-0.189775,-0.533102,-0.038045,0.238077,0.175236,0.120469,-0.056012,-0.241442,-0.123466,-0.088806,-0.26131,-0.056012,-0.103236,-0.362079,-0.184153,-0.42121,-0.392502,-0.320664,-0.229535,-0.181193,0.000564,0.185486,0.198884,-0.548524,-0.245138,0.073635,-0.293909,-0.368153,-0.104722,-0.19094,-0.023762,-0.383562,-0.009922,-0.429903,-0.442767,-0.286911,-0.593047,-0.355039,-0.181594,-0.248549,-0.244679,0.42436,-0.532577,-0.321216,-0.274836,-0.533044,0.254222,-0.317899,-0.239972,-0.004881,0.043802,0.428513,0.174522,-0.291311,-0.227419,-0.542936,0.250677,0.168674,-0.125123,0.390946,-0.154473,0.048044,-0.196619,0.053218,-0.273284,0.497961,-0.101386,-0.010199,0.180803,-0.398002,0.122668,0.357717,0.383471,0.204105,0.744384,-0.38713,-0.096547,0.473875,0.293457,-0.404418,0.393129,0.062001,-0.227505,0.437933,0.097143,-0.322197,0.100651,0.292992,-0.16793,-0.288277,-0.051849,-0.201136,-0.282502,-0.446953,#
14,0.009183,0.196866,-0.178167,0.009259,-0.039822,0.049132,0.012608,0.424051,-0.124202,0.03546,0.301317,0.0713,-0.232692,-0.111471,1.0,0.140529,0.191175,-0.272642,-0.046103,0.00776,-0.180046,0.08058,-0.414241,0.130599,0.045422,0.008451,0.117325,0.177952,-0.284817,0.077832,-0.16637,0.116593,-0.078637,-0.166004,0.291464,0.114984,-0.129582,0.297222,0.082691,0.551937,-0.159163,-0.200923,-0.143023,-0.05634,0.037689,-0.43815,0.093436,0.045299,-0.044386,-0.159816,0.277648,-0.034266,-0.165827,-0.026057,0.107685,0.059578,-0.254459,0.104959,0.244684,-0.036816,-0.130907,0.471074,-0.423986,0.176605,-0.605167,-0.12258,-0.021568,-0.321873,0.177372,0.093035,0.297399,0.270757,0.020209,-0.049055,0.30644,0.207737,-0.286911,0.06835,-0.572437,-0.350308,-0.175821,-0.080872,0.024981,0.016027,-0.299231,-0.094672,-0.330149,-0.126412,-0.06029,0.036776,-0.056394,0.068786,0.140323,-0.376526,-0.244154,-0.248906,0.139925,-0.218666,-0.379225,-0.097445,0.025864,0.079643,0.15246,-0.102233,0.102864,0.009348,-0.047119,-0.057201,0.124043,-0.01131,-0.399428,0.024066,-0.159918,0.115397,-0.511776,0.026802,-0.007129,-0.463073,-0.033042,-0.040886,-0.133511,0.228147,-0.086658,0.199855,0.230144,-0.203717,-0.044816,-0.041392,-0.024895,-0.167729,-0.231377,-0.337601,-0.166381,-0.101999,-0.305033,-0.269807,-0.199161,-0.172689,0.036647,0.195014,-0.323575,-0.093289,0.046906,-0.309481,-0.27385,-0.396043,0.119498,-0.066585,-0.158847,0.22252,-0.048251,0.075358,-0.379225,-0.231752,-0.012951,-0.059244,0.101254,-0.144853,-0.404609,-0.262384,-0.059007,-0.14479,0.047996,-0.240388,-0.163267,-0.212425,-0.056491,0.182261,-0.072743,-0.597785,-0.072364,-0.205425,-0.134226,-0.476425,-0.132293,-0.199799,-0.37941,-0.167639,-0.172594,-0.047956,0.087776,0.008077,0.04396,0.319063,-0.144496,-0.158604,0.231509,-0.040144,0.154945,-0.048868,-0.281058,0.241797,-0.287238,-0.147353,-0.353004,-0.069171,-0.094207,-0.080676,0.20104,0.091701,#
15,0.214002,-0.167273,-0.213693,-0.028002,0.390396,0.189341,-0.349751,0.261185,-0.030701,0.177223,-0.103604,0.332737,-0.117361,0.231979,0.140529,1.0,-0.197821,-0.160125,0.080577,-0.158969,0.235014,-0.377149,0.025061,-0.112899,-0.209583,-0.008155,0.099977,-0.124528,0.344718,0.368736,-0.141902,0.369713,-0.196736,-0.132761,0.2442,0.180098,-0.352708,0.059258,0.535068,0.316125,0.122386,0.000587,0.089122,0.071609,0.003877,-0.001887,-0.100769,0.048367,-0.084349,-0.271475,0.294491,-0.178225,0.069211,0.172262,-0.078324,0.10877,-0.045425,-0.035021,-0.166278,-0.240255,-0.016279,-0.283718,-0.316002,-0.08703,0.129495,-0.015993,0.47012,0.174674,0.238895,0.022573,-0.417766,0.297385,0.170975,-0.051172,0.033207,0.206722,-0.050334,-0.155404,0.008099,-0.075728,-0.142991,-0.074581,-0.021839,0.028097,-0.149998,-0.146083,-0.343935,-0.338074,-0.168511,-0.011012,0.017637,-0.406633,-0.192272,-0.289558,-0.549296,0.000697,0.123165,-0.079988,-0.44127,0.039945,0.176074,-0.217105,-0.135001,-0.017286,0.238932,-0.061691,-0.029378,0.03907,-0.14262,0.15836,-0.361273,0.410071,0.206554,-0.157313,-0.274267,-0.010124,0.035212,0.206554,-0.238075,-0.36393,-0.494117,-0.022648,-0.27714,0.020098,0.174969,-0.274463,-0.394872,-0.187542,0.107228,-0.159895,-0.242052,-0.280103,-0.311292,-0.316119,-0.436889,0.036948,0.009946,-0.164522,-0.226265,-0.190281,-0.385035,-0.076475,-0.096169,-0.156305,0.158034,0.212255,-0.297132,0.285314,-0.401333,-0.406982,-0.131541,-0.401815,-0.265487,-0.465821,-0.005139,-0.037723,-0.211629,0.074581,-0.239137,-0.510733,-0.32552,-0.034956,0.000626,-0.186896,-0.128804,0.021894,-0.540823,0.282398,0.168529,-0.026161,-0.049999,-0.023056,-0.443429,-0.078507,0.236641,-0.093146,-0.334776,0.237095,0.094635,-0.088722,0.171746,-0.1321,-0.179163,0.363631,0.196147,-0.327388,0.147885,-0.122528,-0.029234,0.276237,-0.199185,-0.119013,0.321042,0.368619,-0.130463,-0.090167,0.064126,0.044182,0.241664,-0.088287,#
16,0.092521,-0.244852,0.071371,0.109874,-0.257002,0.15896,0.145304,0.207655,-0.233706,-0.207231,0.217715,-0.612983,0.447963,-0.015391,0.191175,-0.197821,1.0,-0.299771,-0.289452,0.049579,-0.066762,0.383823,-0.258158,-0.002744,-0.022391,-0.031899,-0.176398,0.078809,-0.145718,-0.384968,-0.044183,0.008578,-0.205352,0.219851,-0.095411,-0.05005,0.437576,0.021067,0.005301,-0.14325,-0.236238,0.259151,0.126084,-0.097879,-0.070185,-0.191142,-0.037401,-0.198749,0.273995,0.043308,0.002658,0.237469,-0.315345,-0.268047,0.35943,0.285522,-0.17799,0.36699,-0.030553,0.220513,0.152372,-0.155907,-0.169191,-0.086986,-0.103493,0.071182,-0.24193,-0.138735,0.13787,-0.147762,0.278988,-0.073256,-0.2071,-0.014756,0.312439,0.148255,-0.000493,0.076232,-0.172612,-0.146026,0.024606,0.141069,0.134487,0.214608,-0.316163,0.100898,0.333443,0.294551,-0.187724,0.139687,0.232243,0.224448,0.22073,0.137009,0.391331,0.040647,0.13912,-0.082174,0.13029,-0.421439,0.122802,0.018827,0.231297,-0.08354,0.055189,0.21154,0.165945,0.081101,-0.069719,-0.000302,0.001558,-0.207231,0.201332,0.118921,-0.223282,0.150397,-0.175085,-0.178881,0.153184,0.400773,0.114905,0.250526,0.130882,0.105033,-0.252328,0.087002,-0.123061,0.033589,0.334503,0.046865,-0.090308,0.419665,-0.069708,0.043045,0.150021,-0.168377,-0.165482,-0.083621,0.191593,0.232539,-0.011174,0.150186,0.29479,-0.008838,0.192939,0.181477,-0.089962,-0.244598,0.084551,0.478811,-0.152135,0.288535,0.13029,0.156515,0.183701,-0.11213,0.300076,-0.165142,-0.004599,-0.092846,0.362595,0.143895,0.302197,-0.11002,-0.263576,0.094289,0.372685,0.059136,-0.054824,-0.116235,-0.008491,-0.019252,0.24641,0.32177,0.081705,-0.462124,0.114808,-0.061096,-0.192498,0.021143,-0.006958,-0.123072,0.114725,0.079404,-0.140169,-0.064166,0.125028,0.057352,0.137045,-0.211135,0.176813,-0.002556,-0.235371,-0.325076,0.235148,0.126508,-0.028005,-0.007792,-0.262817,-0.129543,#
17,-0.101342,0.144114,0.060566,0.264937,0.009066,-0.033544,-0.104867,-0.145405,0.396676,0.312323,-0.176857,-0.011031,-0.071729,0.028629,-0.272642,-0.160125,-0.299771,1.0,0.14351,0.096305,0.280268,-0.100891,0.351211,0.184076,0.044668,-0.161371,-0.012544,0.097359,0.240798,-0.139556,0.181446,-0.076869,0.110252,0.308961,-0.149909,0.133391,0.158863,-0.341874,-0.364343,-0.043278,0.099919,-0.090499,0.01113,0.22537,0.006697,0.00951,0.040141,0.095672,-0.168744,0.055444,0.484207,-0.11564,0.283867,-0.181488,-0.447287,0.057633,0.403479,0.18314,-0.013266,0.017935,0.033502,0.211248,0.219143,-0.263387,0.076699,0.192122,0.292795,-0.044348,-0.114285,-0.356837,-0.293139,-0.284003,0.322293,0.019139,-0.064663,-0.275668,0.117924,-0.00432,-0.016363,0.57088,0.432955,0.281963,-0.04768,-0.03688,0.118077,-0.422664,0.085428,-0.042182,0.284837,0.061257,-0.342648,-0.066461,0.146407,0.16383,0.215217,-0.133934,-0.333906,0.394983,0.466948,0.23719,0.246216,0.454576,0.064375,0.294703,0.164016,-0.002474,-0.331647,-0.296462,0.269343,0.142935,0.263306,0.058119,0.018744,0.366475,0.17814,0.046729,0.027924,0.018744,-0.240507,-0.290105,0.472578,-0.125439,-0.128588,-0.327818,0.187471,-0.188816,0.536985,0.2409,-0.285315,0.282577,0.271115,0.028722,-0.065361,-0.302855,-0.160364,0.353377,-0.359261,0.024033,-0.079781,-0.093166,0.11853,-0.128191,-0.115025,-0.051047,-0.28036,-0.266107,-0.341039,0.144515,-0.035857,0.067699,0.071563,-0.433902,0.343082,-0.061444,-0.024726,0.173953,-0.143591,0.064461,0.046739,0.360632,-0.021731,0.071863,-0.217444,0.387137,0.380947,-0.089353,0.050396,-0.31924,-0.1478,0.361386,-0.07676,0.184883,0.140248,-0.280261,-0.095181,0.286734,0.087368,0.256235,-0.247145,-0.068922,-0.071397,0.427291,-0.311387,-0.609029,-0.08236,-0.086805,-0.334678,0.258197,-0.082173,0.336179,0.164231,-0.224903,-0.035494,0.263545,-0.009103,-0.045615,-0.051952,0.398938,-0.030972,-0.225116,#
18,-0.100125,0.136572,-0.102585,-0.564549,0.20925,0.139316,0.235772,-0.105803,0.273157,0.31332,-0.16328,0.045114,0.069032,0.275119,-0.046103,0.080577,-0.289452,0.14351,1.0,-0.0656,0.235262,0.261154,0.27205,0.325156,-0.104791,-0.346689,0.205238,0.19383,-0.08051,0.048997,-0.19201,-0.356466,-0.2128,0.259374,-0.301216,-0.035416,-0.142279,-0.14138,0.042227,-0.025216,0.074586,0.094685,0.038603,0.412324,-0.37502,-0.26809,0.235896,0.475078,-0.126611,0.010463,0.266074,-0.326241,0.440584,-0.25397,-0.103239,-0.177553,0.064262,-0.21299,0.209863,0.389331,-0.199015,0.265756,-0.130884,-0.004926,0.025887,0.276875,-0.12893,0.148141,0.19737,0.230925,-0.14069,-0.227703,0.027861,0.050916,-0.209357,-0.110333,-0.227557,-0.253323,-0.226274,0.025049,-0.232105,-0.321653,-0.418257,-0.059647,0.147759,-0.062577,-0.270454,0.074195,-0.117256,-0.387265,-0.35697,-0.244897,-0.239172,0.181468,-0.024171,-0.106777,0.314134,0.08071,-0.025673,0.033387,0.198425,-0.083377,-0.314229,-0.19239,-0.031388,-0.329411,-0.295345,0.062394,-0.027616,-0.082831,0.428702,-0.178462,-0.335837,-0.214843,-0.003649,-0.418339,-0.338427,0.006493,-0.068135,-0.408663,-0.054193,-0.492397,-0.45944,-0.434225,-0.334964,-0.363931,0.102321,0.014788,-0.151328,-0.073437,0.067604,-0.019025,-0.32949,0.18063,0.007299,0.171411,-0.024493,0.083993,-0.042818,-0.091623,0.070847,0.325915,-0.2838,-0.374454,-0.293663,-0.21826,-0.317972,0.361778,-0.45612,-0.286103,0.036044,-0.448773,0.154779,-0.090376,-0.178774,-0.101186,0.026789,0.172964,0.271559,0.352739,-0.047632,-0.298477,-0.074511,0.374897,-0.22432,0.264356,-0.025684,-0.222401,0.123276,0.193336,0.204163,0.363213,0.072962,-0.264794,-0.147243,-0.341632,0.092829,0.078211,0.115685,-0.018843,0.476524,-0.250412,0.168567,0.279344,-0.170073,-0.222484,0.541719,0.043388,-0.354277,0.369429,0.157599,-0.401874,-0.346168,0.113546,0.121478,0.091055,0.257442,-0.140172,0.167431,-0.058177,#
19,-0.34293,0.010433,0.262536,0.023879,-0.291163,-0.221642,0.214929,0.2403,0.085002,-0.354341,0.15069,-0.204587,-0.037251,-0.348195,0.00776,-0.158969,0.049579,0.096305,-0.0656,1.0,-0.196665,0.072133,-0.32006,0.63447,0.264324,0.067545,0.245103,0.105994,-0.040373,-0.140701,0.219525,-0.226422,-0.351128,0.367969,-0.064061,0.204211,0.547381,0.157037,0.02332,-0.000306,-0.191257,-0.088781,0.063654,-0.243514,0.191965,0.030003,0.045314,0.143814,-0.16906,-0.02014,0.021606,0.341634,-0.180441,-0.199424,-0.19311,-0.338622,-0.08322,-0.226679,0.32315,-0.006856,-0.032842,-0.037341,0.207423,0.258001,-0.096472,-0.117057,0.214448,-0.095109,0.007434,-0.272466,0.138342,-0.488121,-0.123312,-0.037813,-0.110417,-0.235175,0.668282,0.300853,0.302593,0.393511,0.675564,0.185612,0.212602,-0.45405,0.135275,0.225723,0.060508,0.217852,0.328506,0.218025,0.147355,0.159498,0.363728,-0.113525,-0.004214,0.105743,0.192042,0.23847,0.354,0.030752,0.024545,0.151778,0.057111,0.00711,0.308242,0.371722,0.039097,0.474449,0.186233,-0.278234,0.216351,-0.120098,0.325465,0.203825,0.256152,-0.115201,0.060083,0.325465,-0.218146,0.084952,0.143715,0.192924,0.335692,0.293331,-0.167621,0.472904,0.133854,0.207947,-0.088861,0.683141,0.198156,0.159168,0.225987,0.036798,0.088227,0.222233,-0.282955,0.201768,0.1415,0.113905,0.287259,0.510037,0.602161,0.190912,0.140322,0.119914,0.001449,-0.223117,0.48066,0.272853,0.023041,0.291196,0.034879,-0.042018,0.42136,0.274433,0.464602,-0.308511,0.254438,0.448596,0.343204,0.212571,0.065682,0.116509,0.44069,-0.043275,0.456091,-0.163837,0.029403,0.132425,0.08073,0.084014,0.06305,0.009466,-0.524664,0.01316,-0.137918,-0.18005,-0.069339,0.164469,-0.221399,-0.120685,-0.02838,-0.291364,-0.132589,0.367579,-0.048719,0.244459,0.090211,-0.427441,0.276649,0.09229,-0.296651,-0.296421,0.194882,-0.070492,0.025103,0.135275,-0.350411,-0.251897,#
20,0.136823,0.038996,0.058356,-0.106077,0.167774,0.172171,0.158814,-0.103838,-0.080065,0.385728,-0.275287,0.367159,0.288053,0.165239,-0.180046,0.235014,-0.066762,0.280268,0.235262,-0.196665,1.0,0.10532,-0.054764,-0.123177,-0.058963,-0.117538,-0.17585,-0.130996,0.630371,0.166742,-0.086868,0.041792,-0.203499,0.18592,-0.389439,-0.039792,-0.381079,-0.137119,-0.187403,-0.041163,0.200673,0.221563,-0.216508,0.186051,0.0462,0.088823,-0.419132,-0.260306,-0.308046,0.124326,0.323361,-0.097608,0.158814,-0.109837,0.009903,0.389609,0.21578,0.067064,-0.02637,0.059048,0.217589,-0.123028,0.203418,-0.231586,0.130165,0.059987,0.149366,-0.001222,0.06857,0.117434,-0.393119,0.109129,0.116681,-0.244531,-0.226718,-0.358869,-0.233327,-0.118333,-0.211387,0.017051,0.004813,0.105123,0.116658,0.044739,0.192955,-0.416751,-0.016494,-0.28495,-0.014683,-0.427426,-0.121672,-0.361919,-0.193497,-0.096398,0.026386,-0.009563,0.057704,0.085644,-0.316835,0.308262,0.368509,0.173336,-0.110765,-0.113475,-0.224222,-0.16089,-0.563036,-0.148255,-0.314841,0.178097,-0.095816,0.108278,0.139073,-0.039142,0.11742,-0.091041,0.002516,-0.242996,-0.222572,-0.170977,-0.051475,-0.159309,-0.361804,-0.131035,0.063884,-0.469233,0.112171,-0.06973,0.262439,-0.193601,-0.330068,-0.024143,-0.287179,0.056423,-0.21067,0.229227,-0.163989,-0.312422,-0.170342,-0.349011,-0.203523,0.126128,-0.078126,0.006411,0.115154,0.151987,-0.308892,0.296342,-0.196862,-0.283134,0.038431,-0.592309,-0.115437,-0.203523,-0.11123,-0.328325,-0.286831,0.38202,-0.307428,-0.146596,-0.065438,0.088522,-0.293683,0.00172,-0.29623,0.112244,-0.030133,0.255425,0.306722,0.21706,0.026853,0.11857,0.045045,0.095221,0.114414,0.143786,0.152484,0.309926,-0.044374,-0.244693,0.21143,0.263765,0.13516,0.233927,-0.001608,-0.160572,0.277397,-0.118238,0.202152,0.570026,0.092605,0.004426,0.161681,0.203349,0.091409,0.140364,0.511259,0.192955,0.190959,0.095315,#
