0,1.0,0.114421,-0.174779,-0.287171,0.109235,0.051018,0.198569,0.005715,-0.085105,0.288808,0.135821,0.123762,0.208162,0.326928,0.031968,0.09315,-0.238139,-0.480556,0.184823,-0.373485,0.35024,-0.045457,0.115386,-0.257527,-0.037389,-0.516656,-0.096402,-0.117291,0.441493,0.330807,0.054746,-0.001349,0.179351,-0.340291,0.093093,0.264466,0.249728,-0.085223,0.015835,-0.032273,0.167106,0.193377,-0.247213,-0.172488,-0.070768,-0.114413,-0.314686,-0.025688,-0.034306,0.221722,0.225354,-0.417652,0.276518,0.1608,0.382238,-0.123056,-0.246089,-0.150083,-0.470038,0.288936,0.298634,0.25581,-0.033091,0.244641,-0.122889,0.117927,-0.066117,0.413363,-0.112712,-0.248043,0.134537,-0.082986,-0.091122,-0.158461,-0.181589,0.240051,-0.385736,-0.138923,-0.452666,-0.051643,-0.208943,-0.620573,-0.11148,0.033506,-0.118039,-0.209954,-0.357823,-0.013881,-0.079978,-0.182057,-0.184672,-0.292848,-0.085445,-0.237573,-0.006845,-0.444431,-0.481773,-0.079654,-0.104923,-0.122578,0.318858,0.022949,-0.461899,-0.293551,-0.225069,-0.299981,0.044276,0.205663,-0.335741,0.161368,0.082176,0.333494,-0.493195,-0.346838,0.008983,0.131489,-0.418885,-0.140785,-0.230196,-0.081459,-0.378165,0.123432,0.059064,-0.268856,-0.202462,-0.268379,-0.41495,0.085447,-0.340644,-0.248588,-0.116109,-0.520053,-0.144579,-0.110315,-0.315461,-0.216658,-0.143295,0.00634,0.188504,-0.389187,-0.212716,0.093019,-0.18161,0.057353,-0.11709,-0.260322,-0.305741,0.064348,-0.295178,-0.417046,-0.043795,-0.230764,-0.367357,-0.582474,0.173373,-0.207836,0.212306,0.055481,-0.305282,-0.026949,-0.073965,-0.418031,0.015284,-0.305587,-0.06291,-0.215474,-0.286276,-0.069154,-0.218911,-0.383557,0.153195,0.25096,-0.185037,0.003378,-0.068005,-0.078166,-0.226487,0.265632,0.168096,-0.118229,0.074105,0.014615,-0.128778,0.292813,0.251611,0.163644,0.167058,-0.259661,0.148551,0.369032,-0.237714,0.147504,0.49991,0.185253,-0.218792,0.241059,0.028847,-0.371485,-0.08035,0.007789,#
1,0.114421,1.0,-0.19412,-0.171446,-0.016903,0.027676,0.224498,0.068773,-0.262636,0.439423,-0.121345,0.024158,0.064664,0.334343,0.524819,0.314725,-0.077627,0.072095,0.685389,0.11731,0.253794,-0.105142,0.272371,0.112546,-0.12335,-0.089874,-0.023927,0.019217,0.153559,0.281937,-0.044618,0.392891,0.117207,-0.129109,-0.108229,-0.20441,0.11003,-0.124317,0.001797,0.076882,0.285956,0.365657,-0.116175,0.059546,0.441243,-0.167273,0.286831,-0.196744,0.060697,0.338673,0.074589,0.037796,0.246222,-0.184307,0.113219,-0.187796,0.121056,-0.410242,-0.237107,-0.164292,0.214072,-0.014855,-0.3932,-0.029668,0.440305,0.211602,-0.091394,-0.252609,-0.31842,-0.298323,-0.141488,0.098657,0.189057,-0.051856,0.001658,0.048816,-0.302212,-0.148373,-0.08111,0.272254,0.036076,-0.205852,-0.007131,0.108344,-0.023715,-0.108097,-0.10518,-0.266207,0.141646,-0.101105,-0.112356,-0.075774,-0.050472,-0.323139,0.092396,-0.027345,-0.066913,0.133809,0.478816,0.100332,-0.236851,0.064619,-0.195438,-0.345096,-0.303421,0.020065,-0.339428,-0.115434,-0.248609,0.043255,0.105946,0.282346,-0.126921,0.170534,-0.127006,0.055464,-0.160396,0.142834,0.178972,-0.369164,-0.205821,0.059392,-0.267171,-0.145593,-0.292687,-0.021445,0.01668,0.122637,-0.220074,-0.201748,0.007949,0.066602,-0.097541,-0.442875,-0.179017,-0.393425,0.009952,0.205023,-0.087174,-0.239274,-0.156561,-0.150658,-0.179612,0.010602,-0.158281,0.042199,-0.217766,0.025765,-0.340749,-0.314432,-0.17808,-0.036625,0.123752,0.054059,-0.224346,-0.112872,0.341705,-0.025289,-0.265524,-0.160608,-0.135988,-0.061041,-0.265936,-0.157769,0.042375,0.392602,0.106913,0.11802,-0.037545,-0.430279,0.060293,0.293241,0.066747,-0.144331,0.063042,-0.07742,-0.026135,0.099841,0.312658,-0.180144,0.168193,0.02036,-0.337051,0.207892,0.258613,-0.194766,0.504686,-0.333656,0.141634,0.05566,0.051492,0.006993,0.016341,0.3415,-0.202762,-0.19842,0.103587,-0.078696,0.316293,0.114072,#
2,-0.174779,-0.19412,1.0,0.170732,-0.180056,-0.114989,0.066196,-0.106698,0.10396,-0.051806,-0.110632,-0.061703,-0.32122,-0.115863,-0.240178,0.09958,-0.402283,0.362889,-0.260611,-0.052524,-0.191367,0.299347,-0.03079,-0.142725,0.418685,0.138117,0.385404,0.023465,0.010777,-0.162351,0.14884,-0.124233,-0.403969,-0.111741,0.086596,-0.052289,-0.086329,0.075092,0.273807,-0.360648,0.215329,0.083605,0.241249,0.022422,-0.04043,0.028927,-0.019179,0.420125,-0.271223,-0.127775,-0.054403,0.093908,0.166258,0.089354,-0.271454,-0.059932,-0.13489,-0.086239,0.115388,0.414032,0.0325,-0.066419,0.07633,-0.40118,0.033189,-0.208942,0.231796,0.06084,-0.247043,0.406062,0.111477,0.247291,0.011501,0.306581,0.097349,-0.025827,0.037531,-0.260209,-0.100338,0.016029,0.094162,0.062043,-0.141902,0.455506,-0.320539,0.028278,0.03158,-0.036713,-0.027262,0.167407,0.041791,-0.078711,0.197426,0.253329,0.000846,0.036907,0.304634,0.002618,-0.009625,0.28918,0.012347,-0.0064,0.068272,0.268761,0.165883,0.310563,0.221019,0.25141,-0.246726,0.053636,0.28167,-0.146731,0.200041,0.064521,0.427982,0.038673,0.015237,-0.065776,0.168738,0.142394,0.235505,0.259922,0.118929,0.266037,0.272338,0.229176,0.273868,0.109557,-0.120405,0.200752,0.478794,0.182509,0.263583,0.251617,-0.091315,-0.000453,-0.259513,0.343251,0.362602,0.185365,0.011343,0.064245,0.239437,-0.068785,-0.19315,0.150122,-0.098721,0.26448,0.213282,0.32176,0.027646,0.021417,0.286859,0.0329,0.198868,0.325256,-0.128492,0.215549,0.264534,0.022734,0.480749,0.171945,-0.020583,0.174929,0.160921,-0.286396,-0.311129,0.005347,-0.128632,0.189613,-0.063897,-0.176909,-0.155906,0.002284,-0.207596,0.109156,0.103966,0.073999,-0.024383,-0.015696,0.234674,-0.145213,-0.125161,-0.060359,-0.037541,0.178024,0.064357,0.276658,-0.165159,-0.120432,-0.054056,-0.194872,-0.366213,0.350612,-0.143621,-0.11356,-0.139255,0.13267,0.059998,0.317543,#
3,-0.287171,-0.171446,0.170732,1.0,0.116631,-0.596975,-0.432886,-0.478,0.040062,-0.337453,-0.056169,-0.40024,-0.475109,-0.560113,-0.101403,-0.36771,-0.077546,0.136302,-0.116136,-0.088799,-0.291797,0.051956,-0.349672,-0.016463,0.099651,0.411809,0.167879,0.437942,-0.200941,-0.330923,-0.090934,-0.000668,-0.117628,-0.002113,0.342016,-0.07396,-0.315422,0.119272,0.09275,0.045156,0.034785,-0.363986,0.174772,0.465101,0.004558,0.528177,-0.10134,0.13723,-0.014473,-0.285878,0.138467,0.337846,-0.09038,-0.091953,-0.152621,-0.1215,0.353663,0.209235,0.187179,0.264538,-0.363884,-0.081065,0.164774,-0.194812,-0.21293,-0.495717,0.162875,-0.097031,0.126689,0.205616,0.100441,-0.048486,0.391071,0.13681,0.082676,-0.042808,0.431914,0.173378,0.059441,-0.19662,0.012485,0.559896,0.150619,0.064116,0.33407,0.260249,0.267211,0.106708,0.146389,0.09442,0.1176,0.371402,0.334345,0.021915,0.26208,0.414752,0.59116,0.151128,-0.141973,0.348066,0.016271,0.23853,0.711003,0.156823,0.321841,0.191408,0.34997,-0.002013,-0.025907,0.057258,-0.125696,-0.310631,0.418623,0.116404,0.185123,-0.001245,0.252785,0.194017,-0.079954,0.355216,0.256337,0.46671,0.506124,0.520714,0.259489,0.254602,0.01578,-0.226415,0.384536,0.260231,0.053539,0.298285,0.378753,0.055194,0.401315,0.234497,-0.038438,0.271658,-0.099487,0.612318,0.245546,-0.271432,0.246065,0.20622,0.336446,0.160021,0.042791,-0.129235,0.43486,0.125999,0.106111,0.199179,0.100999,0.256554,0.224928,0.277718,-0.349396,-0.422328,0.442648,0.241728,-0.175377,0.347162,-0.033187,0.248464,-0.084387,-0.220079,0.339865,0.293377,0.038332,0.256555,0.160902,-0.230092,0.430183,0.442212,-0.160302,0.55997,0.115697,-0.037546,-0.423954,0.351727,-0.339652,0.080767,0.334434,-0.22422,-0.32317,-0.011024,-0.106803,0.026832,0.364801,-0.261472,0.163407,-0.197961,-0.149097,0.00769,0.107413,0.03054,-0.063473,0.136937,0.163694,-0.426958,#
4,0.109235,-0.016903,-0.180056,0.116631,1.0,-0.03684,-0.033379,-0.147978,-0.036416,-0.15907,0.189024,-0.067991,-0.153701,-0.219146,-0.202791,-0.339048,0.288514,-0.275555,0.089,-0.262523,-0.343518,-0.430301,0.198187,0.00757,0.031487,-0.11503,-0.069002,0.147061,-0.133654,0.138528,-0.340962,-0.311429,-0.046892,-0.14062,0.096069,0.074732,-0.07289,-0.328011,0.056339,0.508746,0.065811,-0.400038,-0.40006,-0.003695,-0.025922,0.390706,-0.189874,-0.011196,0.090512,0.502637,0.051698,-0.16355,-0.046779,0.384463,0.158697,-0.1192,0.153844,0.093122,0.043118,-0.297446,-0.269791,-0.156817,-0.185777,0.036892,-0.165754,0.10822,0.638119,-0.134411,0.074024,-0.294065,-0.360372,-0.300143,-0.215137,0.194992,0.059386,0.052046,-0.30225,-0.535491,-0.364658,-0.252783,-0.317074,-0.106184,0.147569,-0.028067,-0.039811,-0.148872,0.177047,0.262257,-0.140285,-0.423846,0.039778,-0.072058,0.133881,-0.388898,-0.102675,-0.083752,-0.025797,-0.143473,-0.21769,-0.006391,0.160873,0.112585,0.058817,-0.185384,0.042787,0.115394,-0.056411,0.030443,-0.163926,0.147862,-0.060636,0.131721,0.222818,-0.25236,-0.139222,0.018872,-0.078249,0.283656,-0.344425,0.160634,-0.457035,0.118958,0.405035,-0.180142,0.297504,0.161092,-0.145629,-0.08442,0.156111,-0.086459,-0.188922,-0.434671,-0.057861,-0.380833,-0.092825,0.094534,-0.140321,0.15525,-0.136048,0.148511,0.105619,-0.223981,-0.253088,0.145596,-0.174166,-0.391055,-0.332173,0.257392,0.053497,-0.067568,0.100163,0.054842,-0.241643,-0.068023,0.003243,-0.097202,-0.170501,0.101332,-0.069188,0.4846,-0.336704,-0.363597,-0.377819,-0.0833,0.008834,-0.099188,0.000743,-0.081413,-0.261814,0.101732,-0.158475,-0.142725,-0.075395,-0.127068,0.014209,0.131002,0.055917,0.529382,0.091082,-0.050352,-0.391873,0.099952,0.385958,0.227524,0.173922,-0.037789,-0.225232,-0.21831,0.270467,-0.368108,-0.189096,0.257905,0.146798,-0.12228,-0.293577,0.167611,-0.258477,-0.112495,-0.431392,-0.060498,#
5,0.051018,0.027676,-0.114989,-0.596975,-0.03684,1.0,0.671193,0.572315,0.201673,0.226356,0.143104,0.511624,0.319034,0.482224,0.216729,0.335761,0.031136,0.101158,0.382982,-0.131371,0.098382,0.104563,0.266343,0.160675,-0.040603,0.055183,0.243928,-0.038903,0.111761,0.2831,-0.246047,-0.162175,-0.126394,-0.033121,-0.222879,0.015737,0.118614,0.165394,-0.027954,-0.0674,-0.079998,0.260951,0.043153,-0.085546,0.270592,-0.477663,0.050864,-0.182639,0.020674,0.33873,-0.098913,-0.095892,-0.113653,0.107482,0.227222,0.329133,-0.320353,-0.170571,-0.156942,-0.190445,0.222982,-0.177623,-0.235564,0.448976,0.003522,0.611699,0.009141,0.261908,-0.034873,-0.183405,0.275762,0.183883,-0.446423,0.076127,-0.005118,0.307995,-0.355159,-0.224665,-0.133497,-0.206679,-0.117513,-0.501974,-0.382554,0.17009,-0.382554,-0.352073,-0.032422,-0.083356,-0.087749,-0.314823,-0.18774,-0.460896,-0.412562,0.022302,-0.225342,-0.353631,-0.35765,-0.567236,-0.022685,-0.580979,0.016933,-0.120138,-0.49659,-0.382697,-0.278513,-0.26471,-0.267982,-0.057445,0.016409,-0.107415,-0.134136,0.261413,-0.556169,-0.362561,0.063212,-0.079731,-0.477798,0.029118,0.384702,-0.329114,-0.315118,-0.523502,-0.123038,-0.579193,-0.157792,-0.21022,-0.107427,0.181857,-0.360334,-0.490294,-0.438299,-0.059871,-0.478112,0.013731,-0.483141,-0.103409,0.411776,-0.310888,-0.26055,-0.71989,-0.090774,0.177459,-0.304568,-0.264036,-0.282923,-0.356975,0.242051,0.341946,-0.378756,-0.022624,-0.196643,-0.127709,-0.142778,0.075164,-0.059054,-0.498076,0.1745,0.48141,-0.417154,-0.299987,-0.01397,-0.250823,-0.017961,-0.243366,0.12054,0.16793,-0.213099,-0.000112,-0.079266,0.260834,0.255016,-0.123238,-0.12546,-0.23248,0.412571,-0.505747,-0.005333,0.15292,0.502981,-0.442522,0.473097,0.168669,-0.179596,0.176268,0.756348,0.06354,0.026873,0.031032,-0.275149,0.183213,-0.144877,-0.033786,0.409116,-0.103188,-0.415289,-0.093915,0.479758,-0.283337,-0.303087,0.205829,#
6,0.198569,0.224498,0.066196,-0.432886,-0.033379,0.671193,1.0,0.563928,0.35835,0.390855,0.146484,0.348919,0.309991,0.474323,0.053289,0.324709,0.026456,0.097996,0.357952,-0.316936,-0.067056,0.342682,0.429651,0.016789,0.124754,0.057466,0.254937,0.088584,0.437383,0.255967,-0.451473,-0.187412,-0.135949,-0.413969,0.018601,0.018347,-0.047546,-0.11676,0.136488,-0.25742,0.072947,0.220418,0.209372,-0.080682,0.103066,-0.348399,0.059722,-0.35888,-0.222814,0.555122,0.116037,-0.106884,0.056852,0.112269,0.42574,0.320551,-0.323131,-0.336474,-0.158996,0.099579,0.176051,0.22222,-0.119594,0.359852,0.034176,0.49668,0.011486,0.272502,-0.276423,-0.408094,0.180455,0.174701,-0.446376,-0.089565,-0.18207,0.484911,-0.378189,-0.408681,-0.315599,-0.219856,-0.306137,-0.515226,-0.556941,0.16433,-0.556941,-0.204279,-0.199472,-0.28787,0.062462,-0.329911,-0.200665,-0.645195,-0.585118,-0.180479,-0.064561,-0.53843,-0.208885,-0.419892,-0.047652,-0.406775,0.023264,-0.118664,-0.519322,-0.399106,-0.30296,-0.116723,-0.43729,-0.055112,-0.18914,-0.104909,-0.479331,0.263831,-0.579664,-0.550241,0.050821,-0.253832,-0.294916,0.023083,0.099491,-0.335959,-0.332086,-0.328438,-0.129442,-0.762635,-0.193554,-0.235401,0.04691,0.135036,-0.322328,-0.500697,-0.452287,-0.39534,-0.65491,-0.155437,-0.496401,-0.302637,0.209667,-0.310281,-0.270304,-0.572479,-0.288015,-0.023379,-0.495482,-0.302638,-0.466612,-0.368264,-0.058571,0.495737,-0.391743,-0.212264,-0.209667,-0.140239,-0.15766,-0.11655,0.143457,-0.677676,-0.010896,0.471006,-0.23159,-0.298961,-0.301542,-0.265158,-0.245424,-0.28852,0.091497,0.131624,-0.211661,-0.007501,-0.301681,0.065939,0.237386,-0.079044,-0.123999,-0.238629,0.545371,-0.340539,0.146192,0.124455,0.644589,-0.609251,0.620796,0.319103,-0.014651,-0.0151,0.729045,-0.12726,-0.001981,0.018736,-0.117502,0.187719,-0.171981,0.107791,0.376486,0.027103,-0.455231,-0.091798,0.283998,-0.307487,-0.327208,0.379451,#
7,0.005715,0.068773,-0.106698,-0.478,-0.147978,0.572315,0.563928,1.0,0.042811,0.544121,-0.246521,0.173466,0.707929,0.680248,0.219579,0.285485,0.083092,0.196596,0.324453,0.028516,0.161676,0.400813,0.13117,0.026422,-0.056193,-0.1218,0.078657,-0.255579,0.261532,0.255642,-0.184992,-0.043929,0.212317,0.057405,-0.389172,-0.039027,-0.036789,-0.063039,-0.090717,-0.443003,-0.037139,0.388399,0.219483,-0.093405,-0.189647,-0.579003,0.266465,-0.392731,-0.064277,0.123633,-0.164435,0.021347,0.17954,-0.009791,0.498541,0.394037,-0.326882,-0.318118,-0.163592,-0.113712,0.582956,-0.030191,-0.135809,0.331322,-0.098533,0.628213,-0.139991,0.415303,-0.332206,-0.102315,-0.091098,0.421756,-0.460261,-0.164389,-0.07732,0.136681,0.017259,-0.016687,0.206622,-0.061812,0.087424,-0.383331,-0.355134,-0.209155,-0.355134,-0.040846,-0.265899,0.004797,0.217528,-0.155437,-0.047796,-0.452218,-0.403015,0.193918,-0.101093,-0.188414,-0.077565,-0.210262,-0.000871,-0.696213,0.077688,-0.005655,-0.330004,-0.180488,-0.281322,-0.105302,-0.455667,-0.137418,0.186387,-0.553052,-0.243011,0.255883,-0.320955,-0.3356,0.079968,-0.074588,-0.226998,0.038608,0.171439,-0.368783,-0.015154,-0.79283,-0.165462,-0.443893,-0.211775,0.017396,0.087978,-0.178279,-0.194387,-0.05618,-0.325826,-0.016288,-0.247338,0.054282,-0.35415,-0.237327,0.238378,-0.691256,0.024889,-0.410393,-0.222807,-0.162947,-0.248094,-0.240232,-0.342431,-0.130288,0.139309,0.181012,-0.311966,-0.21602,-0.016436,-0.093962,-0.171474,-0.252267,0.131549,-0.453535,0.143301,0.321718,-0.24696,-0.301438,0.098392,-0.139648,-0.336206,-0.152928,0.420236,0.299149,-0.009597,0.248884,-0.08146,0.246156,-0.075836,-0.035799,-0.262233,-0.095753,0.602287,-0.282395,0.083698,-0.197809,0.61356,-0.323025,0.335157,0.520433,0.060457,-0.284956,0.386358,0.089406,-0.029382,-0.055095,-0.431902,0.297664,-0.215622,-0.208506,0.318809,-0.196644,-0.138484,-0.10925,0.19315,-0.038648,-0.340121,0.312847,#
8,-0.085105,-0.262636,0.10396,0.040062,-0.036416,0.201673,0.35835,0.042811,1.0,-0.063508,0.112874,-0.01465,-0.003869,0.006069,0.076965,0.06084,-0.018387,0.247519,-0.154232,-0.205784,-0.227332,0.405663,0.109921,0.117847,0.11473,0.517403,0.341646,0.267439,0.134514,0.01541,-0.021391,-0.41909,-0.289495,-0.096614,0.221557,-0.014231,-0.203779,-0.256911,0.434334,-0.190158,0.232755,-0.083753,-0.040528,0.185708,0.2461,0.068445,-0.02288,-0.00164,-0.121358,0.017394,0.029683,-0.029159,-0.274952,0.239859,0.188369,0.564407,-0.048728,-0.143038,-0.066232,0.347808,-0.062929,0.082659,0.125517,0.346333,0.028866,-0.031445,-0.058519,0.220808,0.151939,0.025047,0.170146,0.138968,-0.108764,0.090529,-0.20957,0.252658,-0.052007,-0.100481,-0.137042,-0.367354,-0.053857,-0.006682,-0.293191,0.034719,-0.293191,0.100692,0.262763,-0.184124,-0.227738,-0.199254,0.126219,-0.161843,-0.281533,0.266073,0.004874,0.009478,-0.02005,-0.203345,-0.495117,-0.136788,0.131949,0.168008,0.004052,0.232418,-0.006362,-0.293796,0.028128,0.207812,-0.111826,-0.112808,-0.378216,-0.203933,-0.185689,-0.39223,0.256095,-0.083214,0.150248,-0.120732,0.022404,0.033545,0.150327,-0.057647,0.019592,-0.286004,0.157959,-0.09579,0.103841,0.07604,-0.231289,-0.195496,-0.122302,-0.055729,-0.455405,-0.034314,-0.148302,0.150248,0.102254,-0.013546,-0.288463,-0.240842,-0.03454,0.053643,-0.017442,-0.142085,-0.411959,-0.46821,-0.009153,0.281468,0.008986,-0.049367,0.203105,-0.098984,0.136159,-0.029659,0.27325,-0.356977,0.093814,0.208778,-0.104469,-0.042142,-0.098364,0.034528,0.077553,-0.161689,-0.417784,-0.052232,-0.112926,0.00622,-0.233674,0.15731,0.119098,-0.264128,0.161008,0.174383,0.262497,0.107781,-0.206501,-0.047299,0.188847,-0.273031,0.3521,0.190199,0.077346,-0.047641,0.110352,0.078737,-0.290622,0.098685,-0.267476,-0.287865,-0.2304,-0.086319,0.098688,-0.150213,-0.234198,0.339986,0.195589,-0.183875,-0.421439,0.150643,#
9,0.288808,0.439423,-0.051806,-0.337453,-0.15907,0.226356,0.390855,0.544121,-0.063508,1.0,-0.105724,-0.085352,0.540105,0.783619,0.421323,0.476251,-0.208053,0.214295,0.384348,0.152926,0.138982,0.431874,0.287309,0.16161,0.062871,-0.163301,-0.120401,-0.208262,0.338359,0.427011,0.208519,0.502915,0.452561,-0.282112,-0.229218,-0.069728,0.269491,-0.133262,0.105952,-0.550631,0.198745,0.406808,0.07426,0.203586,0.01234,-0.657646,0.19927,-0.001753,-0.038208,0.345411,-0.106121,-0.029578,0.373556,-0.141417,0.480683,0.00542,-0.127418,-0.437843,-0.251257,0.05813,0.661977,0.167057,-0.411898,0.178475,-0.176141,0.392149,-0.156055,0.31985,-0.750482,0.111969,-0.042566,0.458087,-0.203556,-0.17642,-0.23878,0.130817,-0.102842,-0.10292,-0.069812,0.020983,0.120001,-0.460156,-0.300615,0.107692,-0.300615,0.060038,-0.111524,-0.038157,0.324838,-0.397515,-0.106824,-0.22385,-0.309929,0.271963,0.193144,-0.124073,-0.298055,-0.183903,0.217222,-0.279001,-0.175405,0.0444,-0.265048,-0.27267,-0.045619,-0.202658,-0.65765,0.040537,-0.259585,-0.394274,0.115722,0.428103,-0.349553,-0.101421,-0.049275,-0.141741,-0.364543,-0.220444,0.388872,-0.631464,-0.182411,-0.379464,-0.030732,-0.462949,-0.390056,0.020753,0.096806,0.029236,-0.140379,-0.180909,-0.20571,0.034219,-0.237788,-0.2366,-0.610752,-0.345573,-0.065778,-0.35168,0.231584,-0.513555,-0.144934,0.093946,-0.354117,-0.363712,-0.403508,0.136007,-0.082234,0.096126,-0.342581,-0.261937,-0.242655,-0.071698,-0.036783,-0.368629,-0.129324,-0.404125,0.430582,0.240852,-0.1895,-0.152344,0.152123,-0.142106,-0.289461,0.152636,0.40008,0.594136,-0.09001,0.090591,-0.35168,0.033303,-0.094957,0.219787,-0.151132,0.011674,0.292617,-0.277065,-0.097031,-0.122978,0.736507,-0.355852,0.571432,0.230334,-0.498287,-0.083825,0.296379,-0.045724,0.42909,-0.118188,-0.388828,0.091948,-0.119138,0.037043,0.246955,0.301241,-0.299037,-0.129127,0.015514,-0.062365,0.219721,0.354576,#
10,0.135821,-0.121345,-0.110632,-0.056169,0.189024,0.143104,0.146484,-0.246521,0.112874,-0.105724,1.0,-0.109485,-0.253144,-0.27533,-0.227065,-0.052427,-0.136642,-0.310997,-0.01477,-0.319852,-0.228406,-0.299683,0.226321,0.310038,0.205854,0.186167,-0.038959,0.133608,0.183124,-0.140963,0.082576,-0.0564,-0.365169,-0.597614,0.31723,0.005467,0.454846,0.137815,0.026874,0.194077,-0.158845,-0.30689,-0.088379,-0.135722,0.245388,0.094551,-0.421752,0.074697,-0.120341,0.406614,-0.027553,-0.078298,-0.07264,0.323544,0.121437,0.216671,-0.293491,0.119305,-0.025506,-0.084012,-0.320338,-0.075924,-0.020279,0.123529,0.147152,0.012026,0.27408,-0.10924,0.137977,-0.022132,0.161931,-0.31794,-0.153971,0.198702,-0.146166,0.243672,-0.310437,-0.247455,-0.20877,-0.129159,-0.132218,0.109363,-0.064811,0.262864,0.096136,-0.153484,0.18004,-0.04502,-0.115182,-0.150998,-0.116012,0.084048,-0.074635,-0.162394,-0.053962,-0.05152,-0.313847,-0.280905,0.063577,-0.080494,0.055957,-0.169288,-0.211881,-0.446457,-0.045896,-0.209359,-0.23004,0.358779,0.125598,0.424867,-0.046015,-0.156253,-0.229854,-0.321361,-0.079941,-0.158111,-0.1718,-0.336666,-0.127822,0.178994,-0.539196,0.179465,0.113149,-0.247579,-0.249781,-0.119181,0.068854,0.043679,-0.083842,-0.361447,-0.228206,-0.292375,-0.228165,0.099642,-0.041774,0.001344,-0.276424,0.007506,-0.097725,-0.13505,0.014273,0.233242,-0.34909,-0.187026,0.186284,-0.074387,0.016597,0.292904,0.125859,0.009882,0.14225,0.264662,-0.146607,0.044343,-0.08847,0.00834,-0.194405,0.106936,0.056854,0.189257,-0.267474,-0.070548,-0.105498,0.197749,0.042153,0.032383,0.116284,-0.245337,-0.188668,0.029939,0.368224,0.158687,0.21139,-0.073569,-0.104723,-0.137262,0.190274,0.199023,-0.020544,-0.058652,-0.014866,-0.022268,-0.054104,0.184936,0.22048,0.0766,-0.042786,0.040522,0.10023,0.156474,-0.045934,0.401396,0.27089,-0.321073,-0.174168,0.101018,0.126089,-0.037549,-0.115902,0.016947,#
11,0.123762,0.024158,-0.061703,-0.40024,-0.067991,0.511624,0.348919,0.173466,-0.01465,-0.085352,-0.109485,1.0,0.125712,0.198206,-0.020897,-0.14473,-0.044661,-0.123822,0.141883,-0.028686,0.450708,-0.008479,-0.039251,0.02431,0.195199,-0.017624,-0.060351,-0.171349,-0.242025,-0.096272,-0.252744,-0.135921,-0.203012,0.209128,-0.309869,0.01932,-0.18053,0.245393,-0.010008,-0.032499,-0.070597,0.361075,-0.232247,-0.389646,0.131498,-0.064125,0.119467,-0.195695,0.010175,-0.056385,-0.059731,-0.301516,-0.15353,0.224678,-0.212487,0.142756,-0.389852,0.009587,-0.164835,-0.012365,-0.011638,-0.192563,-0.043781,0.246303,-0.039446,0.206228,-0.052399,-0.159331,0.27238,-0.353233,0.148077,0.066436,-0.025126,0.080829,-0.153431,-0.122484,-0.292639,0.026098,-0.177872,0.036864,-0.239175,-0.321043,-0.080845,-0.200047,-0.080845,-0.443341,-0.123347,0.084109,-0.105123,0.138971,-0.121537,-0.507308,-0.266701,-0.217357,-0.143361,-0.330174,-0.235375,-0.097539,-0.201484,-0.138886,0.231976,-0.070657,-0.330174,-0.131466,-0.109731,0.106894,-0.067402,0.201244,0.010901,-0.064367,-0.112758,0.101636,-0.476982,-0.163521,0.089236,0.04139,-0.051592,0.292728,0.114334,-0.060807,0.105324,-0.251418,-0.193327,-0.143814,0.025723,-0.190706,0.120598,0.335587,0.014279,-0.066962,-0.222894,-0.13581,-0.352356,0.178125,-0.147658,0.139772,0.406131,-0.134371,-0.254588,-0.249673,-0.260144,0.184558,-0.077871,-0.040456,-0.232312,-0.061343,0.05899,0.011198,-0.137743,0.125246,-0.2159,0.198181,-0.198197,0.29947,0.196327,-0.041915,0.07375,0.170744,-0.209101,-0.457405,-0.161901,-0.2645,0.218677,-0.314855,-0.165017,0.000692,-0.130716,0.051646,0.31751,0.110683,-0.019518,0.23778,-0.074293,-0.311486,0.122216,-0.222148,-0.009876,0.064973,0.052371,-0.070062,0.117969,-0.143683,-0.093736,0.028011,0.293805,0.1583,-0.182286,0.140945,0.158591,0.178172,-0.10363,0.321349,0.020776,-0.011235,-0.108968,-0.105202,0.391368,-0.480273,-0.198381,-0.033483,#
12,0.208162,0.064664,-0.32122,-0.475109,-0.153701,0.319034,0.309991,0.707929,-0.003869,0.540105,-0.253144,0.125712,1.0,0.66743,0.257506,0.288629,0.086136,-0.006096,0.10714,0.076317,0.146988,0.131832,0.391875,0.016773,-0.263819,-0.400924,-0.186881,-0.252355,0.101004,0.19667,0.005638,0.145286,0.41257,0.060138,-0.385546,0.173843,0.204593,-0.25253,-0.34822,-0.203972,-0.084456,0.387197,0.228465,-0.113756,-0.239149,-0.460196,0.239944,-0.350455,-0.000398,0.119654,-0.099322,-0.097759,0.225555,0.033731,0.492702,0.37151,-0.271892,-0.365891,-0.094931,-0.133464,0.577838,0.24386,-0.130567,0.327071,-0.108766,0.328637,-0.335524,0.388524,-0.368557,-0.092166,-0.092086,0.080995,-0.45954,-0.418546,-0.281,0.076097,-0.00311,0.031055,0.04636,-0.016312,-0.133026,-0.361549,-0.121012,-0.412234,-0.121012,-0.019745,-0.297862,-0.029291,0.001638,-0.152819,-0.207936,-0.431529,-0.569892,0.220085,-0.133585,-0.404233,-0.281652,-0.217094,-0.263827,-0.489434,0.073572,-0.301651,-0.403248,0.025482,-0.315946,-0.268319,-0.477296,-0.156385,0.239261,-0.540066,-0.196443,0.198976,-0.297233,-0.332762,-0.203886,-0.288547,-0.009451,-0.214746,-0.114146,-0.345504,-0.012807,-0.570604,-0.237715,-0.44205,-0.253199,-0.243388,0.082133,0.192905,-0.250261,-0.005877,-0.281094,-0.012267,-0.40841,0.034014,-0.332261,-0.326214,0.240914,-0.690645,-0.255315,-0.389247,-0.007355,-0.01585,-0.246162,-0.242919,-0.319662,0.161974,0.140803,0.134438,-0.288243,-0.446889,-0.247552,-0.312633,-0.168888,-0.250343,0.066773,-0.407503,0.156114,0.326882,-0.217793,-0.279283,0.103397,-0.349712,-0.088792,-0.217446,0.105865,0.29441,-0.18898,0.195479,-0.079761,0.008815,-0.126406,-0.0463,-0.555951,-0.127982,0.338601,-0.315737,-0.082847,0.009615,0.38244,-0.535952,0.335898,0.352933,0.059737,-0.126306,0.12104,-0.155158,0.016602,-0.029452,-0.388322,0.345682,-0.254489,0.001704,0.317139,-0.195302,0.104194,0.040929,-0.072199,-0.223002,-0.081335,0.316295,#
13,0.326928,0.334343,-0.115863,-0.560113,-0.219146,0.482224,0.474323,0.680248,0.006069,0.783619,-0.27533,0.198206,0.66743,1.0,0.425289,0.430088,-0.19296,0.025517,0.298889,0.155204,0.329026,0.345253,0.317715,0.213266,-0.09431,-0.266192,0.064247,-0.339789,0.395382,0.38554,0.083556,0.39125,0.421319,-0.049452,-0.382473,0.033868,0.156113,-0.204456,0.005883,-0.421226,0.06566,0.426817,-0.004852,-0.111541,0.116229,-0.701654,0.226115,-0.13084,0.057683,0.206605,-0.174462,-0.16874,0.217132,-0.287881,0.308267,0.137954,-0.038066,-0.446272,-0.274892,0.153528,0.776024,0.128582,-0.365365,0.167039,-0.003771,0.595312,-0.355863,0.464252,-0.492317,-0.037021,-0.189526,0.499453,-0.267603,-0.226612,-0.177044,0.090915,-0.124331,-0.025468,-0.134336,-0.025341,0.034682,-0.577489,-0.341436,-0.021743,-0.341436,0.016688,-0.168425,-0.183451,0.280343,-0.320426,0.014518,-0.299415,-0.352525,0.169552,0.100794,-0.215905,-0.354318,-0.087953,0.06801,-0.467608,-0.098866,-0.113214,-0.333113,-0.250039,-0.191589,-0.256402,-0.465067,-0.094066,-0.158074,-0.570828,0.06068,0.386424,-0.485218,-0.101805,0.067207,-0.021368,-0.555739,-0.083904,0.342162,-0.494217,-0.05447,-0.482715,-0.058662,-0.458878,-0.37188,-0.144505,0.009653,0.005223,-0.341025,-0.177804,-0.259627,0.022163,-0.31521,-0.275936,-0.555664,-0.312994,0.352533,-0.436591,0.064593,-0.62307,-0.09824,0.175842,-0.243304,-0.385229,-0.449815,-0.043084,0.206955,0.07487,-0.477644,-0.244899,-0.166468,-0.156221,-0.009644,-0.256984,-0.059152,-0.442333,0.529205,0.225847,-0.369942,-0.368946,0.139587,-0.136105,-0.123981,-0.232916,0.206826,0.428548,-0.299929,0.246889,-0.188961,0.092544,-0.202565,0.028315,-0.237276,-0.095223,0.353952,-0.221595,-0.054217,-0.052899,0.699178,-0.422587,0.525051,0.180955,-0.455503,0.011805,0.358907,0.047011,0.224741,-0.251332,-0.391246,0.272157,-0.221832,-0.097522,0.214018,0.188998,-0.313466,-0.041381,0.043432,-0.211005,0.158485,0.207759,#
14,0.031968,0.524819,-0.240178,-0.101403,-0.202791,0.216729,0.053289,0.219579,0.076965,0.421323,-0.227065,-0.020897,0.257506,0.425289,1.0,0.260809,-0.013933,0.277874,0.570085,0.11584,0.36104,0.041848,0.106818,0.076974,-0.230131,0.007863,-0.130014,0.078284,0.282993,0.187288,0.0191,0.201723,0.023516,0.258641,-0.199692,-0.008067,-0.050264,0.019335,-0.019,-0.169102,0.24404,0.378538,-0.051782,0.340345,0.420041,-0.247749,0.062403,0.063261,0.439502,0.020246,0.032735,0.031458,0.037663,-0.157265,0.17854,0.224704,0.281531,-0.44991,-0.245327,0.013291,0.326438,-0.119278,-0.177907,0.279771,0.200571,0.157781,-0.1741,0.047072,-0.335295,0.086382,0.145975,0.294368,0.169448,-0.053343,-0.014254,-0.145126,-0.006683,0.209931,0.02192,0.242844,0.090922,-0.150281,0.042484,0.042349,0.042484,0.125957,0.105017,-0.015058,-0.081801,-0.200279,0.118319,0.031673,0.032259,0.276684,0.177118,0.003878,-0.151629,-0.074197,0.081709,-0.274218,0.118846,0.185785,-0.26319,-0.088431,-0.382489,-0.307951,-0.249444,-0.089438,-0.161651,-0.01265,0.19035,0.165269,-0.155341,0.124469,-0.098748,0.094539,-0.191997,0.053034,0.382956,-0.276846,-0.015884,-0.213901,-0.260369,-0.106454,-0.40252,-0.304894,-0.267069,0.036138,-0.529824,-0.057085,-0.150131,0.286178,-0.146806,-0.091263,-0.29405,-0.191997,0.299667,-0.006849,-0.165932,-0.386883,0.002199,-0.275777,-0.008819,0.076219,-0.081555,-0.03064,-0.004628,-0.170657,-0.164874,-0.048618,-0.167113,-0.131612,0.155001,-0.021177,-0.245462,-0.07604,0.456863,0.119022,-0.113115,-0.041581,0.07705,0.069016,0.074043,-0.167215,-0.22584,0.432063,0.223625,0.010908,-0.006849,-0.021407,-0.016479,0.149169,-0.003461,0.175415,0.14276,-0.071777,-0.246221,-0.021459,0.372328,-0.149699,0.252029,0.361404,-0.296244,-0.024089,0.137929,0.205973,0.500768,-0.098426,0.040544,0.048631,-0.226632,-0.26957,0.122799,0.107558,-0.158251,-0.086985,0.236836,-0.008547,0.224932,-0.017541,#
15,0.09315,0.314725,0.09958,-0.36771,-0.339048,0.335761,0.324709,0.285485,0.06084,0.476251,-0.052427,-0.14473,0.288629,0.430088,0.260809,1.0,-0.04178,0.499138,0.25253,0.332919,-0.01197,0.063371,0.4664,-0.16539,-0.236978,-0.219189,0.040932,0.002679,0.197251,0.31402,0.384937,0.185743,0.244371,-0.179075,0.056974,-0.139005,0.42843,0.067966,0.022344,-0.140446,0.132692,0.224764,0.20971,0.049493,0.177482,-0.539475,0.023548,0.027744,0.098707,0.280991,0.277872,0.101086,0.227079,-0.209722,0.263839,0.036628,-0.189862,-0.577925,-0.182887,-0.116327,0.336009,0.150665,-0.477605,0.09442,0.182167,0.217137,-0.255173,0.271487,-0.4165,0.334636,0.154569,0.260619,-0.22753,-0.362268,-0.137177,0.297901,0.110947,-0.186054,0.220301,0.079854,0.438133,-0.401715,-0.274462,0.406393,-0.274462,-0.054913,-0.226197,-0.293731,-0.00798,-0.075268,-0.062725,0.05152,-0.277373,0.373289,0.025827,-0.058574,-0.147829,-0.533431,0.27887,-0.000804,-0.567311,-0.136653,-0.215169,0.007509,-0.084422,-0.206032,-0.186355,-0.10843,-0.085303,-0.015238,0.081142,0.282787,-0.33068,-0.145563,0.181388,-0.251449,-0.150316,-0.463546,0.328245,-0.665289,-0.156276,-0.173184,-0.2787,-0.388736,-0.344586,0.062222,-0.118514,0.276436,-0.282891,-0.350206,0.136443,0.100656,-0.133045,-0.104495,-0.221378,-0.349506,-0.087748,-0.027814,0.008076,-0.532188,0.084952,0.48291,-0.140674,-0.174668,-0.106085,0.077015,0.146283,0.329103,-0.154684,-0.424567,-0.122261,-0.218583,0.315742,-0.138674,0.028559,-0.251884,0.202272,0.394382,-0.363095,-0.128046,0.295393,-0.102515,-0.101151,-0.054447,0.219056,0.234233,-0.184389,-0.060783,-0.272131,-0.134609,0.084602,-0.04153,-0.138674,-0.339202,0.104523,-0.209824,0.015388,0.118532,0.445536,-0.552334,0.518181,-0.216529,-0.381935,0.221752,0.299051,-0.462484,0.433842,-0.014439,-0.465492,-0.006653,0.023853,-0.167737,0.105047,0.267255,-0.215139,-0.284537,0.066396,-0.084925,0.195791,0.331774,#
16,-0.238139,-0.077627,-0.402283,-0.077546,0.288514,0.031136,0.026456,0.083092,-0.018387,-0.208053,-0.136642,-0.044661,0.086136,-0.19296,-0.013933,-0.04178,1.0,0.053307,0.006756,0.088966,-0.083907,-0.352919,-0.002899,-0.422028,-0.490799,-0.280824,-0.492701,-0.030288,-0.09006,-0.00841,-0.412469,-0.152172,0.135365,0.312406,-0.029558,0.137671,-0.179241,-0.259645,-0.205113,0.435293,-0.206564,-0.354975,0.033423,-0.016644,-0.229858,0.01537,-0.212787,-0.125281,0.345957,0.309521,0.065232,0.064137,-0.14435,-0.004332,0.214357,0.025762,0.221067,0.026766,0.291779,-0.411208,-0.301322,0.295166,0.277591,-0.049123,-0.180454,0.084599,0.023622,-0.014836,0.027997,-0.248019,-0.167172,-0.380355,-0.250043,-0.254035,-0.030051,0.000264,0.196533,-0.261257,0.158527,0.017249,-0.186908,0.018436,0.00288,-0.356942,0.00288,0.013741,-0.161375,-0.036554,-0.094559,-0.10372,0.00802,0.142618,-0.161949,-0.141578,-0.107654,-0.131186,-0.064582,-0.119329,-0.088373,0.131083,-0.083614,0.01041,0.022253,0.126457,-0.040222,0.088088,-0.131694,-0.537969,-0.129233,0.055022,-0.38475,-0.002325,0.095493,0.134187,-0.323407,-0.144439,0.407637,0.108872,-0.186906,-0.196998,-0.187236,-0.198919,-0.219723,-0.241167,0.06896,-0.287077,-0.372673,-0.168709,0.075061,-0.185341,-0.260587,-0.304613,-0.18731,-0.021412,0.180222,0.200981,0.071131,-0.299057,-0.324651,0.075363,-0.005675,-0.128343,-0.385063,0.251702,-0.040615,-0.205268,-0.202062,0.059898,-0.09835,0.062408,-0.129214,-0.117455,-0.101658,-0.185573,-0.157752,-0.286951,-0.210108,0.299345,-0.126115,0.206771,-0.281636,0.01723,0.032688,-0.260735,-0.233615,0.111565,0.143351,-0.303765,-0.068871,0.014174,-0.20482,0.0144,-0.189118,-0.298449,0.124894,-0.177301,-0.02504,0.014252,0.080646,-0.115703,-0.21715,-0.010236,0.509358,-0.040469,-0.050661,-0.293534,-0.223967,0.013732,0.109896,-0.349412,-0.200451,0.078722,-0.123269,-0.270384,0.271655,-0.176267,-0.118119,-0.027413,-0.224332,0.07361,#
17,-0.480556,0.072095,0.362889,0.136302,-0.275555,0.101158,0.097996,0.196596,0.247519,0.214295,-0.310997,-0.123822,-0.006096,0.025517,0.277874,0.499138,0.053307,1.0,0.180027,0.396179,-0.180189,0.27763,0.032839,-0.058836,0.174025,0.365312,0.140787,0.008261,-0.141933,-0.130524,0.202763,0.015207,-0.004592,0.144819,-0.174242,-0.151123,-0.10009,0.035374,0.03232,-0.346077,0.074494,0.134904,0.255819,0.436119,0.109248,-0.166788,0.079173,0.190024,-0.0365,-0.035155,0.019136,0.231379,-0.033978,0.089081,0.137516,0.148744,0.031897,-0.384783,0.006001,0.003922,0.100296,-0.282239,-0.316645,0.152601,-0.055516,-0.004588,-0.041863,0.093631,-0.236366,0.518855,0.206246,0.366363,-0.075573,-0.151628,0.003471,-0.002065,0.388931,-0.042885,0.318038,-0.105036,0.424441,0.10782,-0.20083,0.277417,-0.20083,0.191592,0.180102,-0.1782,-0.102249,0.028122,0.0541,-0.007186,-0.05057,0.614796,0.001485,0.149741,0.251508,-0.2957,0.073106,0.141073,-0.3502,0.211824,0.149741,0.327261,0.026817,0.120297,-0.010932,-0.107884,-0.065969,-0.164176,0.032133,0.038942,0.128894,-0.003908,0.228353,0.013614,0.240416,-0.194385,0.407919,-0.483928,0.211824,-0.329375,-0.194182,-0.05749,0.115566,0.117318,0.045154,0.076748,-0.019555,0.040685,0.151327,0.355372,-0.009799,0.142292,0.0,0.033455,-0.085857,0.027378,0.007827,-0.106981,0.046144,0.012577,0.035251,-0.139206,-0.246595,0.031085,0.018498,0.264829,0.158057,0.006847,-0.178771,-0.009262,0.228624,0.02289,0.085112,0.033003,-0.030276,0.360613,0.05782,0.03905,0.291272,0.244539,-0.247276,0.102981,0.053043,0.348717,0.120154,-0.065079,-0.195066,0.200908,0.006307,-0.241974,0.02289,-0.027415,0.203231,0.091688,0.019166,-0.266158,0.316726,-0.201862,0.303204,-0.062922,-0.073742,0.013566,0.048685,-0.19367,0.282168,0.413552,-0.333688,-0.372813,0.192715,-0.31935,-0.129685,0.030223,-0.270574,-0.267234,0.144055,-0.025707,0.024475,0.206573,#
18,0.184823,0.685389,-0.260611,-0.116136,0.089,0.382982,0.357952,0.324453,-0.154232,0.384348,-0.01477,0.141883,0.10714,0.298889,0.570085,0.25253,0.006756,0.180027,1.0,0.010519,0.323018,-0.012579,0.07444,0.006638,-0.064755,9.5e-05,0.10788,0.12272,0.165935,0.335309,-0.279389,0.155994,0.028857,-0.061728,-0.143271,-0.122351,-0.007034,0.073029,-0.151287,-0.052137,0.316147,0.379801,-0.157069,0.293894,0.417694,-0.141069,0.000514,-0.197128,0.064788,0.334227,0.018762,0.048352,0.314295,0.054917,0.400261,0.019148,-0.055349,-0.348634,-0.264315,-0.242139,0.193853,-0.191664,-0.276451,0.36166,0.130667,0.404384,0.005215,0.071078,-0.295248,-0.290679,0.134307,0.095298,-0.090901,0.007132,0.167896,0.040993,-0.186023,-0.160434,0.038737,-0.060907,-0.018383,-0.329029,-0.188342,0.17553,0.017231,-0.115985,-0.06861,-0.108567,0.0409,-0.229013,-0.276094,-0.188991,-0.097771,-0.149576,-0.022286,-0.097637,-0.102258,-0.234885,0.357315,-0.260814,0.116361,0.248761,-0.255836,-0.476456,-0.31754,0.078399,-0.323233,-0.11826,-0.167723,0.051085,-0.033597,0.331416,-0.263471,-0.19779,-0.140592,0.228959,-0.288007,0.160164,0.199182,-0.317026,-0.371414,-0.149382,-0.179358,-0.324613,-0.250578,-0.049622,-0.197187,-0.010252,-0.271795,-0.175968,-0.294984,-0.002796,-0.042736,-0.127593,-0.280149,-0.120039,0.067686,-0.085341,-0.124396,-0.366545,-0.294518,-0.248555,-0.397166,0.053724,-0.072361,-0.212399,-0.142459,0.103833,-0.412408,-0.320479,-0.268003,-0.029527,-0.19753,-0.087206,0.033933,-0.260641,0.270769,0.150174,-0.398954,-0.169701,-0.225487,-0.05744,-0.226231,-0.213226,0.033041,0.29736,0.297779,0.100405,-0.033049,-0.11239,0.174252,0.183792,0.051192,0.096494,0.178702,-0.176359,0.059081,0.060589,0.4635,-0.190721,0.059407,0.26301,-0.047373,0.103827,0.594471,-0.022118,0.551502,-0.19863,0.139002,0.147189,-0.05776,-0.274625,0.42156,0.016106,-0.478278,-0.379986,0.434475,-0.215613,0.012466,0.006183,#
19,-0.373485,0.11731,-0.052524,-0.088799,-0.262523,-0.131371,-0.316936,0.028516,-0.205784,0.152926,-0.319852,-0.028686,0.076317,0.155204,0.11584,0.332919,0.088966,0.396179,0.010519,1.0,0.233734,0.065634,-0.032461,0.141481,-0.147357,-0.085044,-0.140671,-0.262508,-0.266375,-0.176892,0.448606,0.403122,0.489993,0.358919,-0.210888,-0.384154,0.115676,0.033784,-0.210393,-0.18629,0.018168,0.05792,-0.141853,-0.041651,-0.078493,-0.204266,0.169989,0.123353,0.258476,-0.174743,-0.177336,-0.113749,0.292171,-0.246225,-0.278095,-0.185138,0.22103,-0.306209,0.326995,-0.148692,0.138884,-0.129842,-0.275681,-0.255084,0.059768,0.043484,-0.234272,-0.23935,-0.159713,0.432167,-0.308968,0.186224,0.034527,-0.248269,-0.024393,-0.631978,0.39123,0.337546,0.66646,0.204534,0.522909,0.212313,0.202039,-0.010169,0.384154,0.381608,0.210264,-0.197703,0.272506,0.08396,0.367098,0.504316,0.193387,0.454848,0.123568,0.386455,0.113225,0.086853,0.355903,0.339937,-0.512986,0.00848,0.218199,0.344885,0.40512,0.429634,-0.069441,-0.258743,0.297331,-0.272923,0.317869,-0.185283,0.10487,0.327349,0.001433,0.244905,0.216304,-0.19097,0.228364,-0.336748,0.218752,-0.169661,-0.19077,0.140902,-0.147102,0.341399,0.340448,0.07328,0.360651,0.417531,0.428943,0.387717,0.32509,-0.014733,0.392231,0.235855,0.089715,-0.067706,0.068349,0.090297,0.22986,0.352347,0.019883,-0.304705,0.005338,0.386327,0.435797,-0.300121,0.104807,0.125452,0.073446,0.23377,0.457632,0.224291,0.017176,0.264536,0.410298,-0.089538,-0.078091,0.012208,0.212519,0.379124,0.142934,0.051514,0.036784,0.326589,0.325527,0.058321,0.172829,0.224488,-0.572873,0.070415,0.015947,-0.062754,-0.361229,0.056831,0.152078,-0.471624,0.128351,0.077695,0.01503,-0.307128,-0.260554,-0.190096,-0.352456,-0.338332,0.345732,0.249366,-0.37897,-0.126326,0.085056,-0.229161,-0.47787,-0.054189,0.0828,-0.511015,-0.234377,0.186243,0.402251,0.09059,#
20,0.35024,0.253794,-0.191367,-0.291797,-0.343518,0.098382,-0.067056,0.161676,-0.227332,0.138982,-0.228406,0.450708,0.146988,0.329026,0.36104,-0.01197,-0.083907,-0.180189,0.323018,0.233734,1.0,0.058139,-0.345837,-0.047567,-0.070459,-0.23089,-0.121571,-0.274715,-0.023674,0.071124,0.164153,0.273951,0.185063,0.360913,-0.38532,-0.202931,-0.055188,0.064582,-0.043794,-0.272039,0.2723,0.267097,-0.186953,-0.185749,0.076384,-0.283915,-0.041741,-0.088158,0.138811,-0.263911,-0.267179,-0.218293,0.357046,0.006921,-0.165909,0.045014,-0.19123,-0.243077,-0.332958,0.280902,0.236426,-0.042619,2.3e-05,-0.017658,0.109459,0.017587,-0.416901,-0.025736,0.0193,-0.130247,-0.13568,0.265943,0.229526,-0.010964,-0.208202,-0.464618,-0.023459,0.311975,0.173895,0.399113,0.289615,-0.268855,0.163449,-0.301889,0.163449,-0.045435,-0.049278,0.088845,0.271871,0.088517,0.104881,0.027865,0.153364,-0.019353,0.244858,0.044252,-0.301666,0.293393,0.191026,-0.001721,0.265635,0.277713,-0.224767,0.011232,-0.099979,0.004194,0.047241,0.087713,-0.082233,-0.050647,0.192949,0.063381,-0.43363,0.126463,0.153553,0.454978,-0.103014,0.236587,0.267063,-0.157658,0.092582,-0.125392,-0.248502,0.177799,-0.365103,-0.196503,-0.038364,-0.082225,-0.245118,0.230937,0.146923,0.119106,0.173895,0.255304,0.058423,0.299613,0.192592,-0.160758,0.144283,-0.192504,-0.106763,0.085247,0.08173,0.124677,-0.046037,-0.041299,0.042888,-0.374981,-0.278228,0.109303,0.058608,0.077751,0.084355,-0.107122,0.107009,0.214932,0.394407,-0.121051,-0.390464,-0.154817,0.069728,0.031018,0.3843,-0.36832,-0.189397,0.062328,0.138311,0.301114,0.287708,-0.110691,-0.128948,0.422711,0.087102,0.077943,-0.310171,0.012675,-0.275771,-0.343013,0.077862,0.329865,-0.131201,-0.094701,-0.182393,-0.046095,-0.15601,0.380086,0.186141,-0.204119,0.026606,0.222715,-0.301457,-0.124306,-0.163948,-0.094496,0.188749,-0.11577,0.11669,-0.297172,0.111026,-0.096186,#
