0,1.0,0.170624,-0.229441,0.038937,0.38623,0.254358,-0.064437,0.074257,-0.365984,0.036661,-0.007607,0.055534,0.659666,0.247193,0.049403,-0.063345,-0.016825,-0.033577,-0.147942,-0.029819,0.06632,0.483796,0.169108,-0.035254,0.038512,-0.045562,0.06255,-0.247468,0.325705,-0.001993,0.30885,-0.074656,0.020332,-0.254203,-0.143409,0.095335,0.06177,0.119683,0.047345,-0.418477,0.034185,0.082694,-0.114832,0.05445,-0.16065,-0.094639,0.215078,0.254173,-0.27774,-0.13217,0.056721,-0.097462,-0.131799,-0.113462,0.147225,0.109592,-0.06452,0.16733,0.350746,0.328885,0.581962,0.021041,-0.347421,-0.158861,0.078196,0.153731,-0.184391,0.389041,0.221305,-0.154963,0.1967,0.110067,-0.411475,0.042791,-0.658583,0.379319,0.22413,-0.092813,-0.430046,-0.100816,-0.057076,-0.18807,0.204361,0.145911,-0.115545,-0.123779,0.21227,0.040028,-0.029694,-0.435715,-0.07447,-0.296383,-0.037565,0.043293,0.160663,0.209765,0.055879,-0.268209,-0.114159,0.130462,-0.002249,-0.063051,-0.041231,-0.052794,-0.0203,-0.190655,-0.128081,-0.203607,-0.375202,-0.107759,0.1768,0.003524,-0.11037,-0.048487,-0.030397,0.017207,-0.234348,-0.327502,0.124804,-0.000932,-0.189669,-0.105285,0.242751,-0.227184,0.034068,0.226631,-0.00772,0.023831,0.412991,0.371786,-0.37921,0.015664,-0.294267,-0.009522,-0.519474,0.103597,-0.102536,-0.392377,0.480269,-0.202336,-0.147782,-0.145358,-0.05023,0.181637,0.058146,0.53871,-0.141765,0.0498,-0.283017,-0.394844,0.148907,-0.317494,0.044183,-0.114033,0.044446,-0.126628,0.204013,0.204539,-0.134079,-0.538517,-0.105984,-0.479281,-0.078843,-0.168691,0.086531,0.293443,-0.056537,0.012042,-0.151456,-0.224502,-0.015035,0.125938,-0.211477,0.086437,0.13365,-0.400736,0.116887,0.086867,0.342428,0.047344,0.083338,-0.2867,-0.003063,0.283341,0.291298,-0.273044,0.289237,-0.130343,-0.275603,0.125422,0.336311,0.121948,0.295464,-0.113276,-0.026379,0.063485,0.071089,-0.135077,0.224972,0.186291,#
1,0.170624,1.0,0.502235,-0.101815,-0.126551,0.242864,0.239579,0.032428,0.30852,0.044711,-0.389024,-0.076701,0.327482,0.280345,0.200241,-0.302243,0.117719,0.508672,-0.191149,0.140293,-0.292508,0.237551,0.516737,-0.104768,0.010135,-0.234241,0.261597,-0.235311,-0.102903,0.030902,-0.255844,0.12065,0.404296,-0.262305,-0.062429,0.471351,0.475462,-0.222869,-0.180039,-0.41882,-0.196342,0.234094,0.082842,0.052984,0.386507,-0.457454,0.204524,0.130661,0.153588,0.384751,0.058047,-0.363477,-0.004928,-0.179608,-0.183364,-0.149387,-0.025873,-0.683917,-0.15003,0.009479,0.342775,0.001406,-0.143036,-0.152792,0.068927,0.210716,-0.033775,0.413428,0.33144,0.27632,0.199085,0.167496,0.00182,-0.441473,-0.335024,0.308431,-0.134468,-0.60147,-0.109881,-0.281255,0.146552,-0.356921,-0.16562,-0.018258,-0.287824,-0.121842,-0.277694,-0.092232,-0.221516,-0.432065,-0.068889,0.068401,-0.545803,0.089019,-0.220882,-0.141749,0.459129,-0.114321,-0.11575,-0.067641,0.008814,0.115862,-0.197517,-0.040334,-0.347512,-0.183482,-0.281614,-0.117647,-0.552227,-0.254089,0.435951,0.312344,-0.132705,-0.234184,0.139795,-0.159101,-0.259438,-0.715102,0.141949,-0.546256,-0.189521,-0.484555,-0.305926,-0.234557,-0.150147,-0.286358,-0.007707,0.2404,-0.017221,0.179785,-0.026093,-0.119001,-0.283026,0.128864,-0.14115,-0.099906,0.120631,-0.236701,0.281138,-0.346934,-0.122886,-0.159396,-0.418134,-0.263114,-0.125873,0.329757,-0.186957,0.38913,0.033822,-0.22451,-0.201348,-0.442025,0.208348,-0.283784,-0.284437,-0.294043,0.303085,0.561448,-0.09887,-0.167033,0.255838,-0.058954,0.322127,0.111504,-0.106516,0.457163,-0.062571,0.200469,-0.307999,-0.060697,-0.157546,-0.082002,-0.249728,-0.152908,0.124929,-0.056807,-0.092997,0.409307,0.505334,-0.711066,0.400388,-0.113121,-0.250314,0.107979,-0.033077,-0.047911,0.135484,0.10317,-0.6349,0.272894,0.339366,0.277706,0.128299,0.361514,-0.078684,0.147584,0.050564,-0.119092,0.426295,0.091155,#
2,-0.229441,0.502235,1.0,0.368107,-0.436384,-0.039193,0.263522,-0.105059,0.453383,-0.065963,-0.291156,-0.25218,-0.103239,0.15001,0.043129,-0.315648,-0.077514,0.418737,-0.1222,0.356429,0.001602,0.12643,0.33644,0.120467,0.202702,-0.136393,0.539162,0.195928,-0.150092,0.188214,-0.04342,0.219858,0.199229,0.32641,0.201809,0.189204,0.509297,-0.232482,-0.198993,0.051426,0.05106,0.306007,0.063097,0.113031,0.264473,-0.40478,0.137667,0.145634,0.307967,0.022456,-0.156372,-0.06369,0.170992,-0.109993,-0.306246,-0.132801,0.114718,-0.414102,-0.248281,0.085684,-0.236532,-0.45166,0.046013,0.07247,-0.07181,0.00814,0.1569,0.193912,0.006027,0.387957,0.403565,0.305808,0.110072,-0.203151,0.188278,-0.28623,-0.010101,-0.443706,0.132021,-0.148337,0.293632,-0.001532,0.06927,0.067581,0.059206,0.240465,-0.284105,0.027413,0.141116,-0.209341,0.150684,0.196711,-0.208106,0.035439,0.000453,-0.074166,0.287093,0.181128,-0.053964,-0.076889,-0.281959,0.169193,0.140609,-0.087028,0.022071,0.034021,-0.12943,0.035824,-0.382646,0.100779,0.42434,0.183145,-0.059156,0.134655,0.431808,-0.115256,0.003092,-0.475641,-0.022645,-0.220027,0.010118,-0.069609,-0.238953,-0.114674,-4.4e-05,-0.183228,0.057303,0.343061,-0.087771,0.081655,0.458864,-0.237285,-0.053101,0.126153,0.280048,0.205147,-0.009313,0.321523,0.291864,-0.213459,0.008764,0.040465,-0.067224,-0.281555,-0.064313,0.134242,-0.044629,0.106295,0.349982,0.139937,0.001334,-0.196276,0.294359,-0.044147,-0.100698,0.03366,0.086414,0.151678,0.082768,0.193792,0.457236,0.140161,0.128993,0.151029,-0.114872,-0.134708,0.02871,0.075806,0.27007,0.305006,-0.213066,-0.049447,-0.22665,-0.143051,-0.266492,0.185674,0.013088,0.302437,0.165721,-0.546743,0.158824,-0.075497,-0.436321,0.179424,-0.141417,0.246621,0.069668,0.262936,-0.19769,0.123218,0.525588,0.150434,-0.030668,0.306048,-0.349425,0.387537,-0.173822,0.091544,0.344303,-0.299518,#
3,0.038937,-0.101815,0.368107,1.0,-0.177323,0.085244,-0.092908,-0.1719,-0.195504,-0.043727,0.155555,0.172783,-0.166221,-0.159259,-0.255856,-0.035224,-0.007435,-0.037195,-0.224836,0.449271,0.260506,0.201659,-0.13587,0.13761,0.216146,-0.098942,0.078526,0.190312,0.025111,-0.187399,0.469365,0.127625,0.030398,0.137499,0.137695,-0.286942,-0.081262,-0.055092,-0.387134,0.100754,0.065347,0.238195,-0.235204,0.009091,-0.0946,0.240407,-0.086372,0.186086,0.175628,-0.030558,-0.041766,0.420471,0.192726,0.130285,-0.330049,-0.062059,0.39453,0.059927,-0.006038,0.354935,-0.256311,-0.402524,0.000159,-0.282554,0.273631,-0.218631,0.208903,0.246952,-0.017918,-0.193148,0.150322,0.220455,0.13958,0.208715,-0.065919,-0.311036,-0.072777,-0.012428,0.036862,0.10646,0.555204,0.447026,0.341304,0.156081,0.168101,0.155606,0.358079,0.114031,0.033102,-0.280473,0.210277,-0.043671,0.388447,-0.202108,0.331556,0.068613,0.011154,-0.067604,-0.126717,0.159432,-0.096616,0.384941,0.380008,0.166147,0.278566,0.282941,0.10351,-0.06538,0.033522,0.192326,-0.133365,-0.072486,-0.115579,0.371815,0.204747,0.007619,0.126182,0.007242,-0.105232,0.245086,0.097013,0.079076,0.455585,0.023807,-0.03021,0.132952,0.073095,0.091365,-0.041567,0.323671,0.18245,0.004935,0.095324,0.251761,0.416579,0.253646,0.019462,0.20862,0.351357,0.245861,0.115795,0.17202,0.055908,0.322606,0.444773,0.249589,0.070163,-0.389707,0.301279,0.229088,0.1665,0.050105,0.042908,0.401242,0.007634,0.294398,-0.284643,-0.034126,-0.171038,0.23831,-0.156009,-0.039817,-0.047776,0.044569,-0.201279,-0.377593,0.102929,-0.068895,0.341518,0.1782,-0.343448,0.051135,0.207737,0.015195,-0.553702,0.122049,0.067834,0.181093,-0.450959,0.155104,-0.304794,-0.155997,-0.145925,0.094741,-0.056305,0.243834,-0.023448,0.198021,0.433941,-0.348115,0.212968,-0.119733,0.052136,-0.298871,-0.13123,0.093871,-0.423121,0.222157,0.112407,-0.292848,#
4,0.38623,-0.126551,-0.436384,-0.177323,1.0,-0.014675,-0.26256,0.038122,-0.507417,-0.252149,-0.025531,0.020161,0.120566,0.135087,0.2092,0.233596,-0.02945,-0.210889,0.113601,-0.03002,-0.064333,-0.129572,0.026944,-0.128751,0.113922,0.205096,-0.476205,-0.120951,0.178943,-0.062434,-0.022637,-0.234522,-0.259448,-0.147668,-0.284573,-0.00501,-0.325406,-0.044317,-0.027325,-0.075134,-0.032137,-0.281824,-0.019687,0.091307,0.019933,0.181222,-0.159947,0.064838,-0.425986,-0.103025,0.497455,-0.17857,-0.041014,-0.242653,0.416998,0.146833,-0.25468,0.27028,0.181222,0.054429,0.127032,0.242717,-0.081188,0.147555,-0.084451,0.270613,-0.075561,-0.185832,-0.086071,0.038905,-0.267037,-0.02888,-0.071311,0.228388,-0.358838,0.407734,0.0175,-0.117668,-0.271532,0.072186,-0.304715,-0.19114,-0.05543,0.344335,0.030238,-0.303725,0.03355,-0.153728,-0.145194,-0.118365,0.145699,-0.155255,0.16871,-0.322313,0.091054,-0.06406,-0.031858,-0.324401,-0.017851,0.441655,0.250054,-0.355288,-0.244507,-0.33665,-0.356851,0.104537,0.223672,-0.040114,0.155312,-0.30179,-0.229814,-0.332203,-0.017456,-0.006066,-0.273668,0.090492,-0.148143,0.077793,-0.076973,0.080569,-0.195243,0.066072,0.339111,0.143051,-0.06872,-0.291244,0.366819,-0.120933,-0.106423,0.094182,-0.115526,0.097668,-0.193046,0.100505,-0.473464,0.030844,0.06528,-0.372488,-0.107312,-0.057849,-0.081368,-0.229845,0.174676,0.211873,-0.006872,0.042926,-0.050213,-0.163562,-0.326269,-0.362953,-0.274399,-0.057316,-0.579113,0.043596,-0.301298,-0.10382,0.072852,0.004763,-0.020084,-0.282219,-0.221705,-0.353915,0.010813,-0.103824,-0.046965,-0.023775,-0.149242,0.198286,-0.072399,-0.173908,0.163491,0.131412,0.152466,-0.049223,0.161452,-0.143693,0.037843,-0.06858,0.028345,0.136111,0.137025,-0.10182,0.19365,0.119212,0.114736,-0.31113,0.15937,-0.33912,-0.172266,0.047285,-0.330111,-0.004558,0.25946,-0.107464,0.178966,-0.253807,0.353485,-0.034133,-0.27232,0.191517,#
5,0.254358,0.242864,-0.039193,0.085244,-0.014675,1.0,0.094033,-0.010791,-0.323666,-0.125227,0.351674,0.012582,-0.003783,-0.153441,-0.035849,0.059609,0.372953,-0.07566,-0.238631,-0.056035,-0.217832,0.438278,0.255443,0.085092,-0.302562,-0.428148,0.097186,-0.366955,-0.048148,-0.48551,-0.160809,0.209607,0.153233,-0.127407,-0.00377,0.114231,0.031964,0.188459,0.010906,0.017363,0.036452,0.275432,-0.109239,0.304097,0.300186,0.040685,-0.083822,0.252697,0.119533,-0.219472,0.067342,0.043103,0.132919,-0.190471,-0.001323,-0.208637,0.143435,-0.143843,0.038116,-0.147406,0.267817,0.193346,-0.332655,-0.136368,0.185306,-0.056104,-0.332417,0.19926,0.443,0.242727,-0.31686,0.30299,0.239133,0.059777,-0.411879,0.029346,-0.492683,-0.035796,-0.464016,-0.019616,0.321045,-0.248261,0.03087,-0.312785,-0.019421,-0.028451,-0.021513,-0.26495,-0.269954,-0.497152,-0.095238,-0.091147,-0.088054,-0.255076,-0.144703,-0.090736,-0.106414,-0.097498,-0.012237,0.163882,-0.030864,-0.098091,0.032208,-0.164449,-0.052894,-0.245044,-0.033073,-0.242913,-0.486347,-0.251934,0.116406,-0.139969,-0.019865,-0.098622,-0.250479,-0.52515,-0.603418,-0.059161,0.016593,-0.215022,-0.240538,-0.303912,0.192439,-0.532215,-0.350074,0.090959,-0.239711,0.048483,0.06595,0.41797,-0.068355,0.052536,-0.004426,-0.091867,-0.136275,0.164035,-0.061157,-0.318217,0.179385,-0.342167,-0.396833,-0.285876,-0.462307,0.367608,0.19797,0.161958,-0.299221,-0.024187,-0.107726,0.072465,0.086051,0.055842,-0.097616,0.050918,-0.026017,-0.389157,-0.270106,-0.012869,-0.308569,0.123997,0.268949,-0.121618,-0.168035,0.538805,-0.308569,0.311568,0.200742,0.057265,0.056471,-0.279262,0.187415,-0.373856,-0.32346,0.116441,0.201832,-0.200804,-0.020906,0.132949,0.037772,-0.016643,-0.14974,0.054545,0.101363,0.098604,-0.057688,0.054593,-0.123808,0.028218,-0.139376,-0.110488,0.038136,-0.084852,0.211732,-0.091522,0.15945,0.123598,0.09036,-0.098527,-0.043236,-0.111476,#
6,-0.064437,0.239579,0.263522,-0.092908,-0.26256,0.094033,1.0,0.33584,0.214004,0.276968,0.078884,-0.203457,0.140819,-0.248586,0.115288,0.007216,0.041049,-0.168289,0.043441,-0.103333,-0.358271,0.139434,0.07035,0.000358,-0.184361,-0.082833,0.263178,-0.300257,0.178812,-0.145671,-0.20058,-0.089641,0.115588,0.226147,0.063305,0.221709,0.010984,-0.109134,0.152807,-0.092242,-0.281565,0.24431,-0.169792,-0.461043,-0.186942,-0.172922,-0.043531,0.028057,0.318176,-0.063147,-0.354536,-0.069832,-0.104869,-0.220758,-0.000556,-0.022292,0.187193,-0.200809,-0.315537,0.055937,0.3118,-0.36059,-0.05432,0.261271,0.148372,0.189217,0.277743,0.003804,0.531414,-0.029707,0.300239,0.050205,-0.080772,-0.629051,0.115809,0.213853,0.069826,-0.318963,0.212451,0.064844,-0.189781,-0.102582,-0.288272,-0.458502,0.137154,0.348909,-0.024268,0.129241,-0.266038,-0.312494,-0.260899,0.123057,-0.201014,0.054865,-0.046366,-0.189522,0.209067,0.152862,0.156466,-0.230955,-0.168013,-0.063197,0.222809,-0.073788,-0.063765,-0.233422,-0.260535,0.132923,-0.552673,-0.133338,0.098681,0.199385,-0.076688,-0.208711,-0.066729,-0.055879,0.119285,-0.112025,-0.188837,-0.025664,0.112086,-0.060107,-0.090169,-0.302333,-0.074284,-0.035961,0.144003,0.635736,-0.042859,0.032788,-0.029226,-0.625305,-0.258985,0.283117,0.277135,0.182614,-0.209118,-0.055798,-0.081135,-0.344995,0.214986,0.272969,-0.105888,-0.067173,0.095721,0.046319,-0.125732,0.699967,0.102352,-0.08421,0.008669,-0.035525,0.270778,-0.310575,-0.211744,-0.137113,0.051219,0.01774,-0.136999,-0.092805,0.337078,0.255825,0.102201,0.172009,0.031838,0.020769,0.012973,0.042224,-0.146196,0.496819,0.47118,-0.155231,-0.232321,0.075024,0.141384,-0.035885,0.182614,-0.025755,-0.10107,-0.130613,0.400034,-0.141868,0.150954,0.31746,0.166987,0.009092,0.041423,0.197113,-0.138118,0.278372,0.197113,0.212464,-0.197656,0.267409,0.007695,0.271336,-0.118022,-0.168604,-0.092812,-0.308176,#
7,0.074257,0.032428,-0.105059,-0.1719,0.038122,-0.010791,0.33584,1.0,-0.015881,0.112515,-0.030942,-0.270202,0.285857,0.128876,-0.280095,0.229247,-0.170353,-0.203797,0.062141,0.103384,0.082883,0.020477,-0.133771,0.433165,0.095251,0.178694,0.005871,-0.548594,0.164917,-0.057887,-0.031668,-0.179226,0.496159,0.244641,-0.115012,0.003109,0.204447,0.143514,0.387003,-0.276156,-0.034701,0.186097,-0.194941,-0.044797,-0.571981,-0.263307,0.200748,-0.172333,0.216012,-0.316802,-0.340732,0.04043,0.113735,-0.057632,-0.022899,0.143501,0.31146,-0.208055,-0.307001,0.357914,0.302951,-0.047811,-0.247489,0.040015,-0.005046,0.14579,0.280099,0.120163,0.261982,0.045818,0.27429,-0.169614,-0.247653,-0.092033,0.152445,-0.004534,0.178051,0.205142,0.243136,0.261499,-0.108428,0.141796,0.263564,-0.001225,0.051446,0.196293,0.211778,0.368841,0.005299,0.05309,-0.355097,0.205805,-0.157501,0.03458,-0.090578,0.208298,0.385599,0.362804,0.382603,-0.029939,0.05966,0.169945,0.113252,-0.008027,0.293512,0.294145,0.097244,-0.002686,-0.157882,-0.41615,0.2282,-0.032308,0.358966,-0.004167,0.264995,0.10622,0.189245,0.108564,-0.042373,0.00473,-0.004105,-0.235987,0.182248,-0.001063,0.098236,0.19845,-0.055796,-0.018407,-0.13537,0.089399,-0.096271,-0.062955,0.019831,0.101416,-0.021329,0.190603,0.306656,0.133412,-0.035044,-0.214006,0.404345,0.243704,0.016762,0.271275,0.018386,-0.172715,0.140213,0.18488,0.186331,-0.359145,0.103301,0.331432,0.060383,0.06593,-0.293865,0.070876,0.424638,-0.172436,0.211389,0.108224,0.108598,0.446571,-0.166373,-0.056057,0.018764,-0.172244,0.380296,-0.319915,-0.249469,0.34063,0.105163,-0.243615,-0.010333,0.17601,0.155183,0.072139,0.54568,-0.328526,-0.076048,0.05383,0.192838,0.057785,0.160989,-0.04302,-0.030729,0.390191,0.010195,-0.052872,0.017567,0.186263,0.180122,-0.163221,-0.224743,-0.26053,-0.170656,-0.078816,0.025902,-0.208363,0.058243,-0.110934,#
8,-0.365984,0.30852,0.453383,-0.195504,-0.507417,-0.323666,0.214004,-0.015881,1.0,0.257546,-0.291584,-0.028984,0.094977,0.199252,-0.053718,-0.442478,0.036293,0.408755,0.168242,-0.269382,-0.103647,-0.020202,0.271283,0.128567,0.249797,0.165311,0.337326,0.093838,-0.159774,0.254331,0.008337,0.233457,0.258292,-0.028073,0.24977,0.360327,0.458138,-0.269888,-0.144333,-0.169359,0.030291,-0.188501,0.252055,-0.095213,0.153658,-0.416647,-0.146434,-0.151902,0.21091,0.34273,-0.159967,-0.276026,0.036256,-0.067727,-0.41975,0.204135,-0.019125,-0.264725,0.072934,-0.03343,-0.037772,-0.240281,0.097073,-0.101979,0.133272,0.156743,0.217903,-0.021481,-0.020727,0.227024,0.220846,0.129993,0.049594,-0.394363,0.368662,-0.147126,-0.012486,-0.18904,0.294244,-0.225987,-0.071177,0.047901,-0.27858,-0.360085,0.128701,0.152402,-0.327472,0.169294,0.145848,0.111419,-0.17819,0.338279,-0.50712,0.175472,-0.074834,-0.238757,0.26371,0.152963,0.037413,-0.30332,-0.025764,0.343942,0.080707,0.190406,-0.114363,-0.267365,-0.050724,0.037078,-0.008418,0.147913,0.404578,0.342872,0.19316,-0.346601,0.108714,0.071134,0.152611,-0.24952,0.239055,-0.118321,0.056826,-0.080381,-0.337074,0.0135,-0.055424,-0.004575,0.052367,0.048901,0.068133,-0.267538,0.101026,-0.087048,0.034803,0.054401,0.261916,-0.01837,-0.091088,0.004596,-0.067723,-0.090489,-0.046432,0.168914,-0.011064,-0.481902,-0.3164,-0.060142,-0.155254,0.372993,0.173838,0.007728,-0.054933,-0.110244,0.286497,-0.363244,-0.034668,0.077838,0.285159,0.247883,0.067723,0.074818,0.229948,0.376189,0.191002,-0.302466,0.45187,0.072059,-0.186007,0.023222,-0.104454,0.185636,-0.247374,0.262491,-0.158152,0.047216,0.044383,0.123861,-0.025378,0.233347,0.310921,-0.479292,0.223162,-0.032739,-0.331397,0.064724,-0.101367,-0.021997,0.033498,0.091761,-0.150737,0.351315,0.091761,0.023649,-0.083,0.43711,-0.156105,0.399971,0.159967,0.047256,0.285852,-0.028173,#
9,0.036661,0.044711,-0.065963,-0.043727,-0.252149,-0.125227,0.276968,0.112515,0.257546,1.0,-0.435199,0.439905,0.276564,0.274505,0.143303,0.105689,-0.244721,0.173955,0.012009,-0.008774,-0.220348,0.240002,0.173213,0.059963,0.01902,-0.043244,0.361076,-0.001133,0.133316,0.228382,-0.120843,-0.098208,0.027802,-0.341055,-0.112282,0.210794,-0.107176,-0.192721,0.202508,-0.299092,-0.078034,0.008813,-0.084439,-0.550251,-0.358078,-0.279572,0.248669,0.277456,-0.049871,0.274673,-0.372034,-0.059198,-0.016913,0.008232,-0.003769,0.104649,0.191068,-0.304046,0.003559,-0.102225,0.215724,-0.176846,-0.096955,-0.104035,0.427096,0.112163,-0.049576,0.300783,0.051729,-0.360629,0.029085,-0.224221,-0.10077,-0.134443,0.157237,0.255681,0.151719,-0.25944,0.218302,0.175515,-0.266235,-0.18176,-0.274072,-0.317042,0.10881,0.102862,-0.228723,0.157892,0.019001,0.0377,-0.155038,-0.002973,-0.150413,0.363628,0.197146,0.02404,0.158864,0.353342,0.262038,-0.079864,-0.132069,0.207534,-0.149004,0.261513,-0.016205,0.003755,-0.365168,-0.012705,-0.157328,-0.311597,0.152647,0.118316,0.262214,-0.345491,-0.232334,-0.27236,-0.051495,0.129826,0.415397,-0.191812,0.32457,-0.158092,-0.117702,-0.257301,-0.359903,0.178796,-0.084464,0.041103,0.212561,-0.29869,-0.063272,0.099777,-0.313214,0.02101,0.142435,-0.251879,-0.25306,-0.150213,0.15704,-0.124674,0.181467,-0.199223,-0.321538,-0.47704,-0.120596,0.400506,0.005616,0.214633,-0.182437,-0.330406,0.007078,-0.36715,0.210233,-0.284422,0.098979,0.174639,0.286702,0.539365,-0.039116,-0.161244,0.193112,-0.111841,-0.109724,0.174939,0.360271,0.166161,-0.216119,-0.100079,-0.470073,0.19827,0.012624,0.187705,-0.152543,0.142435,0.086745,-0.215418,-0.251879,-0.116437,0.184266,-0.22693,0.198914,-0.316978,-0.178003,-0.365896,0.146642,0.043182,0.092223,0.288226,-0.218428,0.055926,0.288226,-0.147483,-0.141381,0.374825,-0.022883,-0.067024,-0.200758,-0.085455,0.314658,0.367581,#
10,-0.007607,-0.389024,-0.291156,0.155555,-0.025531,0.351674,0.078884,-0.030942,-0.291584,-0.435199,1.0,-0.194741,-0.227622,-0.607874,-0.076636,0.130091,0.344986,-0.488707,0.209925,-0.303719,0.097674,-0.072769,-0.363516,-0.01518,-0.143832,-0.024956,-0.370049,-0.135661,0.046063,-0.496961,0.178591,-0.032171,-0.317175,-0.04909,0.539617,-0.334333,-0.096916,0.13018,0.027809,0.267053,0.057928,-0.077678,-0.149171,0.172215,0.069084,0.591718,-0.346117,-0.218235,0.218537,-0.448097,0.141153,0.37315,0.081119,0.103603,0.099029,-0.233886,-0.024243,0.415155,-0.155837,-0.034681,-0.044607,0.039812,-0.102696,0.05109,0.013198,-0.339583,-0.085331,-0.232873,0.328818,-0.057085,-0.197355,-0.046603,0.282432,-0.053866,-0.113536,-0.127921,-0.162105,0.450857,-0.209872,-0.233589,0.052609,0.202092,0.079753,-0.29722,-0.014505,0.143505,0.298858,-0.157145,-0.152982,-0.054603,-0.17921,-0.163948,0.174384,-0.521147,-0.256442,-0.039687,-0.384029,-0.354625,-0.180256,0.009197,-0.078853,-0.182478,0.236071,-0.129413,0.035525,-0.138914,0.105499,-0.090723,-0.002617,0.316707,-0.243114,0.041973,0.004174,0.003353,-0.111121,-0.074924,0.00091,0.241763,-0.286649,0.435606,-0.103781,0.153003,0.185141,-0.122933,0.242641,0.162256,-0.148857,0.12009,-0.184134,0.263723,0.058735,-0.106179,0.179607,0.068997,0.214875,0.360526,-0.099736,0.14077,-0.241492,0.044503,-0.243052,0.365476,0.189639,0.450222,0.168264,-0.166846,-0.307707,-0.069944,-0.019134,0.32419,-0.067984,0.377586,-0.041339,0.098079,-0.047265,-0.26108,-0.654075,-0.570138,-0.381399,0.224891,-0.052761,-0.041585,0.134076,-0.043337,-0.354378,-0.268534,0.160934,0.234994,0.264665,0.016426,0.247742,-0.137754,0.145945,0.026525,0.042617,0.097912,0.18465,0.000669,-0.551598,0.628074,-0.193655,0.276928,0.702192,0.376064,-0.104786,-0.073655,-0.432679,-0.216299,0.617615,-0.185174,-0.447766,0.012911,0.239378,-0.509436,0.321652,0.110833,0.174569,-0.165648,-0.499691,-0.244297,#
11,0.055534,-0.076701,-0.25218,0.172783,0.020161,0.012582,-0.203457,-0.270202,-0.028984,0.439905,-0.194741,1.0,0.107812,0.136093,0.064265,0.053878,0.131826,0.140462,-0.149537,-0.182955,-0.116025,-0.049133,-0.115287,-0.182734,-0.069587,-0.170722,-0.114159,0.279056,-0.028133,0.12469,0.012734,-0.183203,-0.05029,-0.374146,-0.150178,0.349075,-0.32179,-0.179958,-0.018444,0.141585,0.149907,-0.047157,-0.043768,-0.120396,-0.093811,0.068046,-0.342422,0.275743,-0.309312,0.42813,0.001225,0.12692,0.102057,0.062179,-0.092613,-0.157116,0.025963,-0.082825,0.163381,0.054429,-0.068786,0.321041,0.177351,-0.5422,0.288267,-0.030614,-0.119951,-0.129093,-0.248018,-0.19631,-0.17837,-0.204925,-0.061432,0.199797,-0.058617,0.161021,-0.334875,-0.152878,-0.123534,0.072186,0.086622,0.104721,-0.246703,-0.213886,0.020716,-0.294089,-0.123969,0.178517,-0.181341,0.034485,0.161501,0.172541,0.151867,0.204427,0.065284,0.214686,-0.214984,0.169035,-0.021106,-0.034739,0.301259,0.158997,-0.250916,-0.012031,-0.041926,0.132516,-0.107927,0.150813,0.295036,0.003894,-0.199451,0.270959,0.002899,-0.201146,-0.24379,-0.07427,0.001613,0.080545,0.278369,-0.102333,0.112471,-0.26995,0.181797,0.126637,-0.055512,-0.135914,-0.083609,-0.213118,0.29368,-0.094487,-0.092009,0.453058,-0.206936,0.106144,-0.05747,-0.361916,-0.160798,-0.176939,0.157348,0.261991,0.097827,-0.203319,-0.178877,0.004522,0.172251,0.370943,-0.050213,-0.177624,-0.327031,-0.02434,-0.100188,-0.054429,-0.096006,0.043596,0.023556,0.086177,-0.117905,0.40616,-0.225111,-0.05398,-0.18922,-0.345873,0.050099,0.205975,0.150772,0.143494,-0.149242,-0.061392,0.077644,-0.01885,-0.131802,0.42737,0.145101,-0.038227,-0.012913,-0.152306,-0.354917,0.106989,0.022597,0.121345,-0.203663,0.057092,-0.191527,-0.193299,0.280765,-0.121783,0.313904,0.426027,-0.024402,0.008025,-0.038466,0.008701,0.106465,0.367802,-0.342348,-0.288475,0.178645,-0.061645,0.179538,0.205088,#
12,0.659666,0.327482,-0.103239,-0.166221,0.120566,-0.003783,0.140819,0.285857,0.094977,0.276564,-0.227622,0.107812,1.0,0.427423,-0.113762,-0.283964,-0.042693,0.080647,0.025836,-0.106703,-0.134725,0.310091,0.313418,-0.091511,-0.210169,-0.132251,0.229753,-0.320936,0.131987,0.183785,0.168785,0.002901,0.187212,-0.256939,-0.109431,0.356288,0.200704,-0.001369,0.105582,-0.635243,0.066572,0.118557,0.113624,-0.046531,-0.295354,-0.37845,0.254419,0.173989,-0.104938,0.04746,-0.305308,0.077894,-0.019927,0.101287,0.055027,0.215371,0.079618,-0.173026,0.309936,0.496879,0.685899,-0.061764,-0.161132,-0.160323,0.10605,0.359443,-0.05553,0.319345,0.415173,-0.143402,0.377972,-0.011409,-0.624613,-0.180981,-0.28163,0.57874,0.185529,-0.081211,-0.003356,-0.270931,-0.103328,-0.1252,-0.078706,-0.107111,-0.237295,-0.083939,0.104671,0.396943,-0.192826,-0.368282,-0.198884,-0.114566,-0.34429,0.220014,0.033417,0.144829,0.332844,-0.144995,0.155956,-0.249411,0.005912,0.153477,0.139916,0.091402,0.035155,-0.106135,-0.113036,-0.205206,-0.372061,-0.154767,0.243547,0.204888,-0.026281,-0.209679,0.094822,-0.076456,-0.141192,-0.428891,0.141942,-0.27189,0.043925,-0.343195,-0.000517,-0.256939,0.136516,0.204547,0.051018,0.308117,0.388269,0.100073,-0.455206,0.110817,-0.219827,0.200311,-0.317056,0.036621,-0.269232,-0.39627,0.272534,-0.193868,0.059934,0.002164,-0.194482,-0.056825,0.181314,0.45162,-0.393649,0.29966,-0.1389,-0.745559,0.234708,-0.232381,0.150458,-0.348811,-0.105041,0.021007,0.505743,0.434277,0.119569,-0.596158,0.055099,-0.059564,-0.062156,-0.128745,0.323163,0.414318,-0.127972,-0.03985,-0.424084,0.155039,-0.02544,0.274942,-0.199363,0.096244,0.300476,-0.374625,0.043979,0.078651,0.470613,-0.212138,0.142745,-0.006107,0.007165,0.225999,0.232224,-0.063205,0.472456,-0.200442,-0.369035,0.394647,0.297407,0.194298,0.171126,0.167048,-0.080566,-0.116288,0.230599,-0.108571,0.176394,0.315387,#
13,0.247193,0.280345,0.15001,-0.159259,0.135087,-0.153441,-0.248586,0.128876,0.199252,0.274505,-0.607874,0.136093,0.427423,1.0,0.147533,-0.225107,-0.318309,0.55812,0.055888,0.043692,-0.117217,0.35437,0.464922,0.375574,0.085801,-0.000576,0.393094,0.210224,0.046069,0.65705,0.017418,0.040653,0.219535,-0.232348,-0.014654,0.393611,0.265717,-0.326113,0.331113,-0.383711,-0.013742,0.171904,0.250827,0.025773,-0.215392,-0.533477,0.385977,0.142278,-0.139561,0.089892,-0.177324,-0.132307,0.000315,0.183801,-0.177274,0.087545,-0.06938,-0.238781,0.115436,0.280568,0.139512,-0.037082,-0.218732,0.053867,-0.005458,0.14146,0.025682,0.376503,-0.009922,0.338075,0.072542,0.222455,-0.377291,0.083805,-0.260025,0.070945,0.111823,-0.40449,-0.184669,-0.082156,0.072782,-0.308464,-0.140374,0.28577,-0.170458,-0.00339,-0.21505,0.127954,-0.047943,-0.09051,0.1966,-0.193248,-0.315083,0.324698,0.106491,0.079641,0.238523,-0.028905,-0.009095,-0.193252,0.203368,0.014082,-0.093852,-0.014909,-0.153487,0.19677,0.067468,-0.214393,-0.21589,-0.162433,0.463613,0.047147,0.166711,-0.042563,0.06991,-0.150923,-0.206524,-0.276445,0.38284,-0.441849,-0.144571,-0.371736,0.00333,-0.033358,-0.19512,-0.035204,0.039466,-0.026229,0.21333,-0.140211,0.140544,0.227158,-0.382733,-0.214679,-0.535378,-0.202482,0.104097,0.022211,0.296193,-0.110755,0.146871,-0.352414,-0.339327,-0.386585,-0.350383,0.298836,-0.165159,0.017555,-0.377191,-0.490529,-0.088513,-0.331433,0.100194,-0.229356,-0.183516,0.131009,0.506315,0.446931,0.240286,-0.092859,0.137688,-0.025878,-0.006654,0.002802,0.21297,0.367397,-0.042749,-0.074739,-0.24931,0.022013,-0.228683,0.095981,-0.377319,-0.199254,0.006166,-0.495351,-0.074466,0.089203,0.621209,-0.514181,0.241037,-0.229361,-0.331792,-0.250298,0.082328,0.070393,0.175338,-0.156761,-0.436593,0.2363,0.324391,0.034946,-0.064188,0.299336,-0.164369,-0.21309,0.136959,-0.191502,0.458767,0.294723,#
14,0.049403,0.200241,0.043129,-0.255856,0.2092,-0.035849,0.115288,-0.280095,-0.053718,0.143303,-0.076636,0.064265,-0.113762,0.147533,1.0,-0.026703,-0.066539,0.138954,0.327669,-0.1991,-0.497044,0.08435,0.183893,0.032787,0.107451,0.039294,-0.018551,0.339297,0.190736,0.128735,-0.383856,-0.199952,-0.275815,-0.216366,0.276196,0.241862,-0.088105,-0.318641,0.124286,0.067387,-0.355896,0.037869,0.22978,-0.079705,0.237427,0.083991,0.143213,0.102667,-0.15647,0.043344,0.263594,-0.305923,-0.274597,-0.111267,0.294011,-0.386419,-0.353927,-0.17309,-0.173494,-0.360574,-0.075271,0.031211,-0.122077,0.319162,-0.080074,-0.172083,-0.107693,0.013271,-0.111357,-0.077722,-0.084946,-0.140834,0.075979,-0.453485,-0.209685,0.284663,0.090962,-0.435033,-0.296283,-0.344767,-0.166019,-0.695564,-0.558999,0.114728,-0.295362,0.052062,-0.441437,-0.085658,-0.269554,0.021534,0.045206,-0.08585,0.0635,0.100983,-0.31519,-0.303162,-0.419426,-0.259134,-0.420865,0.056569,0.121644,-0.454101,-0.358261,-0.392956,-0.375841,-0.048419,-0.350846,-0.098403,-0.287071,-0.005852,-0.131729,0.066022,-0.25522,-0.450335,-0.33973,-0.237191,-0.173876,-0.180294,-0.16921,-0.120351,-0.200612,-0.011889,-0.259167,-0.102194,0.112146,-0.582377,0.058651,0.191963,-0.123538,-0.395309,0.371342,-0.038963,-0.602316,0.120587,-0.241866,-0.340541,-0.071331,0.053875,0.016177,-0.166251,-0.164823,-0.131424,-0.132012,-0.249532,-0.603625,0.166127,-0.111029,0.345791,-0.607916,-0.105276,-0.507083,-0.598074,-0.114452,-0.470806,-0.114887,-0.508079,-0.286489,0.215092,-0.404654,-0.101862,0.061346,-0.407607,0.207833,0.131374,-0.227288,0.141181,-0.331697,0.439776,-0.042189,-0.117816,0.418875,0.213306,-0.298781,-0.266081,0.432091,-0.340444,-0.340541,0.235793,0.177939,-0.320918,0.385065,-0.279605,0.222537,0.279965,0.285099,-0.632288,-0.218191,0.019915,-0.23686,0.092965,0.014764,0.561804,0.32794,0.360604,0.204527,0.124535,0.094666,-0.219235,-0.197136,0.372912,#
15,-0.063345,-0.302243,-0.315648,-0.035224,0.233596,0.059609,0.007216,0.229247,-0.442478,0.105689,0.130091,0.053878,-0.283964,-0.225107,-0.026703,1.0,-0.05944,-0.199051,-0.116963,0.036222,0.009923,-0.261626,-0.084642,0.002204,0.171947,0.349381,-0.274695,-0.143765,0.230688,-0.034767,-0.383183,-0.432241,-0.280665,-0.043086,-0.165393,0.038637,-0.439913,0.192865,0.300048,0.328223,-0.218058,-0.257251,-0.747709,-0.068956,0.011995,0.364805,0.108375,0.017994,-0.394665,-0.130763,0.146209,0.155316,-0.054517,0.249281,0.186866,-0.296319,-0.157397,0.212755,-0.396561,-0.233046,-0.197508,0.196198,0.170837,0.012733,-0.036858,-0.17281,-0.277858,-0.062017,-0.19396,-0.276727,-0.199525,-0.442627,0.084419,0.345447,0.079002,-0.120985,-0.233375,0.052991,-0.265309,0.228609,-0.31895,-0.1067,0.100456,0.184194,0.261422,-0.364152,-0.145538,-0.238072,0.053613,0.129242,0.245729,-0.037206,0.261421,-0.014368,-0.149946,0.353106,0.00937,0.188798,-0.100682,-0.035911,0.198889,-0.147063,-0.408701,-0.029864,-0.1067,0.073365,-0.407455,0.337861,0.056372,-0.065806,-0.286645,-0.147361,0.314337,-0.166722,-0.093964,0.103609,0.152054,0.348505,0.033499,0.127893,-0.11226,0.140818,0.102089,-0.011681,0.012703,-0.011996,-0.217873,-0.23859,-0.400924,-0.126936,-0.106741,0.100456,-0.120644,-0.198081,-0.012518,-0.09068,0.100441,0.023593,-0.298562,0.01315,0.224937,-0.174302,0.059096,0.210849,0.096275,-0.326242,0.215951,-0.183623,-0.052301,0.04379,-0.154493,0.233863,-0.283302,0.132166,0.073118,0.03763,-0.176694,-0.102887,-0.214052,0.392965,0.024803,-0.010428,-0.023201,0.010798,-0.458102,-0.300692,0.126222,-0.188331,0.079177,-0.170616,0.06169,-0.346085,0.041973,0.012311,-0.23467,0.037471,-0.09068,-0.265575,-0.28725,0.379105,0.03259,-0.0684,0.05171,-0.31979,0.097867,0.153915,-0.027368,0.195113,0.173731,-0.142899,-0.106469,-0.167108,0.003267,-0.063339,-0.13439,-0.226486,-0.028063,-0.234447,0.00991,-0.116193,#
16,-0.016825,0.117719,-0.077514,-0.007435,-0.02945,0.372953,0.041049,-0.170353,0.036293,-0.244721,0.344986,0.131826,-0.042693,-0.318309,-0.066539,-0.05944,1.0,-0.127082,0.251332,-0.256656,0.101507,-0.225654,-0.022612,-0.276153,0.052957,-0.189731,-0.135414,-0.074696,-0.129643,-0.301833,0.065081,0.228668,0.085238,0.003988,0.115749,0.176295,0.218426,-0.030233,-0.384462,0.039659,0.265219,-0.10236,0.048272,0.331269,0.408939,0.123335,-0.252428,0.133629,-0.002609,0.076333,-0.037394,-0.022774,0.426299,-0.138477,-0.144446,-0.000359,-0.334359,0.075944,0.065364,6.9e-05,-0.02272,0.373377,0.346562,-0.332721,-0.023869,-0.097518,-0.332178,-0.095631,0.182235,-0.107306,-0.160258,0.066955,0.280952,-0.062552,-0.107102,0.109076,-0.483194,0.142686,-0.187875,-0.061703,0.095834,0.038991,-0.086916,-0.282527,-0.186211,-0.321647,-0.009115,-0.1417,0.007187,-0.387535,-0.180895,-0.003046,0.014491,-0.15824,-0.24338,-0.196918,-0.156341,-0.160341,-0.333298,0.019632,0.157986,0.015937,-0.061179,-0.131922,0.075736,-0.116708,0.099672,0.087724,-0.027196,-0.016529,0.057844,0.029511,-0.177377,-0.154496,0.098929,-0.114308,-0.375836,0.078849,-0.115866,0.083838,-0.106994,-0.038543,0.008386,-0.161034,0.13672,-0.160332,-0.386073,-0.098285,-0.168132,0.092609,-0.078422,0.073899,0.017936,0.242955,0.043463,-0.182873,0.154962,-0.347067,0.067658,0.056474,-0.549456,0.306966,-0.004093,0.183553,0.189837,0.047199,-0.308173,0.063155,-0.004036,-0.014558,-0.229759,0.220544,0.142328,0.113762,-0.186023,-0.390397,-0.308581,0.051875,-0.351229,0.24109,0.004399,-0.024042,0.338887,0.084995,0.051846,0.208232,0.185941,0.11341,0.080777,-0.300472,-0.198927,0.05541,-0.028523,0.054942,0.049093,-0.087698,-0.176128,0.333117,-0.223962,0.108034,-0.348744,0.11052,0.211179,0.219918,-0.10211,0.052087,0.199051,0.326811,0.150135,-0.16448,-0.138729,0.188869,0.404947,-0.035276,-0.029948,0.437722,0.330505,0.062501,-0.317431,-0.388593,#
17,-0.033577,0.508672,0.418737,-0.037195,-0.210889,-0.07566,-0.168289,-0.203797,0.408755,0.173955,-0.488707,0.140462,0.080647,0.55812,0.138954,-0.199051,-0.127082,1.0,-0.100098,0.207613,-0.05341,0.198268,0.316044,0.239347,0.000368,0.18088,0.292789,0.298404,0.108801,0.379667,-0.036538,0.250384,0.189526,-0.169848,0.161569,0.397381,0.252912,-0.20543,-0.052169,-0.098274,-0.0037,0.109039,0.133214,0.067405,0.14529,-0.409986,0.19607,0.040884,0.148064,0.201105,0.100913,-0.401526,-0.020603,-0.067081,-0.416462,-0.343987,-0.25595,-0.340965,-0.090987,-0.210907,-0.004952,0.210447,0.098467,-0.13286,-0.03522,0.186386,-0.058616,0.333996,-0.033887,0.373877,-0.004041,0.07419,-0.262785,0.071457,-0.003746,-0.125272,0.112747,-0.419553,-0.164023,-0.044698,0.062846,-0.117999,-0.051087,0.176005,0.065357,-0.034318,-0.197161,0.125924,0.194268,0.081273,0.213399,0.248056,-0.167417,0.302144,0.02854,0.236508,0.350421,0.074766,-0.23328,-0.260301,0.026262,0.083718,-0.124204,0.362481,-0.284895,0.063794,-0.168175,-0.2915,-0.1416,0.129971,0.303244,0.316592,0.267627,0.043281,0.056599,0.113664,0.035679,-0.351635,0.381693,-0.332439,0.037614,-0.125429,-0.228217,0.011857,-0.165735,-0.048709,-0.021171,-0.091202,0.197834,0.136387,0.202449,0.138617,-0.091534,-0.409176,-0.098183,-0.147224,0.124662,-0.105388,0.107621,0.007664,-0.026973,-0.488037,-0.325743,-0.477654,-0.405437,0.080659,0.122756,-0.168484,-0.048709,0.015789,-0.15181,-0.410595,0.461897,-0.074936,-0.219706,-0.16406,0.299708,0.435324,-0.051767,0.117916,0.036136,0.05312,0.127486,-0.050219,-0.025106,0.241208,0.193711,0.015557,0.094958,0.05081,-0.349947,-0.03184,-0.433808,-0.280391,0.035935,-0.009294,0.033254,0.104031,0.513995,-0.572476,0.091788,-0.072344,-0.499778,-0.42011,-0.119399,-0.120264,0.069708,0.13109,-0.344973,-0.083781,0.188047,-0.090407,-0.126957,0.430544,-0.273332,-0.014357,-0.060903,0.082732,0.607171,0.323206,#
18,-0.147942,-0.191149,-0.1222,-0.224836,0.113601,-0.238631,0.043441,0.062141,0.168242,0.012009,0.209925,-0.149537,0.025836,0.055888,0.327669,-0.116963,0.251332,-0.100098,1.0,-0.426383,-0.014969,-0.250552,-0.099255,0.0624,0.160376,0.218848,-0.020298,0.305078,-0.101795,0.195917,-0.065828,0.127094,-0.074958,0.070971,0.433941,0.063037,0.169215,-0.259967,0.006266,-0.219503,0.019026,-0.013537,0.364817,0.0748,-0.037705,-0.018531,-0.017281,-0.288949,0.188017,-0.117986,-0.238136,-0.0333,0.032102,-0.001648,0.241026,-0.030919,-0.340352,0.027221,-0.114421,-0.012816,-0.091017,0.023946,0.018519,0.537499,-0.117997,-0.186642,-0.078061,-0.024788,0.125007,-0.087043,-0.193401,-0.207032,-0.004564,-0.187538,0.026563,0.239055,0.122964,0.236162,0.107308,-0.363717,-0.190942,-0.293041,-0.367429,-0.20251,-0.383815,-0.050145,-0.240514,0.082005,-0.102058,-0.069495,-0.127069,-0.22952,0.071252,-0.242042,-0.340099,-0.177964,-0.086155,-0.200544,-0.253553,-0.126985,-0.025948,0.01745,0.151291,-0.300395,-0.151437,0.033961,-0.085111,-0.110849,0.022487,0.001297,-0.011351,0.027425,-0.085697,-0.09908,-0.156829,-0.250752,-0.156375,-0.008189,-0.279845,0.23776,-0.233477,-0.03101,-0.289697,-0.14622,0.185665,-0.41631,-0.040671,0.169063,-0.34315,-0.165036,0.225817,-0.216219,-0.299633,0.174434,0.133869,-0.104036,0.069936,0.039841,-0.163781,-0.134456,-0.373942,0.210723,0.03469,-0.230177,-0.418429,-0.208468,-0.416117,0.14394,-0.422906,-0.288104,-0.592967,-0.091188,0.016795,-0.349425,-0.24745,-0.410614,-0.084714,0.084621,-0.314793,-0.048851,0.029552,-0.007704,0.32575,-0.0635,0.09149,-0.127983,-0.106474,0.339903,-0.190267,0.091327,0.251655,0.281032,-0.124695,-0.1388,0.350019,0.025822,0.04575,0.256905,-0.037456,-0.024417,0.09423,0.120595,0.565519,0.165546,0.035288,-0.048744,-0.266439,-0.049254,0.143319,0.070436,-0.348768,0.206907,0.380275,-0.015371,0.201056,0.313739,0.430544,-0.081908,-0.575594,0.115007,#
19,-0.029819,0.140293,0.356429,0.449271,-0.03002,-0.056035,-0.103333,0.103384,-0.269382,-0.008774,-0.303719,-0.182955,-0.106703,0.043692,-0.1991,0.036222,-0.256656,0.207613,-0.426383,1.0,0.292327,0.128529,-0.006557,0.021087,-0.033475,-0.149157,0.100021,-0.169047,0.309457,-0.026916,0.116641,0.11817,0.18335,0.24148,-0.165367,-0.414901,0.090187,0.177689,-0.301678,-0.067631,0.223232,0.32823,-0.095418,0.104051,-0.179853,-0.217669,0.41077,0.168567,0.195001,-0.087659,-0.077601,0.027398,0.36394,-0.157958,-0.167962,0.027832,0.270339,-0.319168,-0.07849,-0.007859,-0.213499,-0.055687,0.110984,-0.134599,0.134287,0.013071,0.186227,0.250407,-0.090615,-0.02383,0.295512,0.145365,-0.021741,0.284261,0.183271,-0.121821,0.270445,-0.051221,0.296443,0.452634,0.193507,0.35627,0.474881,0.490107,0.113812,0.110811,0.281986,0.119638,0.378566,0.096162,0.215242,0.114277,0.218943,0.103229,0.40902,0.286961,0.315254,0.268979,0.111515,0.24132,-0.442342,0.079745,0.033184,0.355681,0.35627,0.523546,0.162303,-0.328494,0.061033,-0.103755,0.090869,-0.305859,0.111991,0.543975,0.356247,0.123917,0.041478,0.194852,-0.126464,-0.150695,0.346769,0.104879,0.123502,0.040487,0.017325,0.281404,-0.020647,-0.038533,-0.133719,0.140043,0.204808,0.181256,0.295552,-0.061849,0.107098,0.045163,0.353005,0.178973,0.128861,0.191696,0.265026,-0.183191,0.073243,0.053823,0.279118,0.144104,0.505096,-0.417392,0.591363,0.024914,0.395368,0.060225,0.275217,0.445195,-0.042467,0.316145,0.286218,-0.056336,0.319757,0.137742,-0.055951,0.048199,-0.333348,0.151847,-0.234184,-0.26165,0.413465,-0.233972,0.131624,0.202976,-0.340657,-0.155423,0.215074,0.145529,-0.267157,0.184165,0.224742,-0.416451,-0.164531,-0.033143,-0.093937,-0.086069,-0.281753,-0.287151,-0.465137,0.277963,0.197479,0.13426,0.092355,-0.462889,0.379845,-0.282955,-0.449357,-0.202111,-0.142517,-0.156611,-0.550668,0.333894,0.241726,0.009628,#
20,0.06632,-0.292508,0.001602,0.260506,-0.064333,-0.217832,-0.358271,0.082883,-0.103647,-0.220348,0.097674,-0.116025,-0.134725,-0.117217,-0.497044,0.009923,0.101507,-0.05341,-0.014969,0.292327,1.0,-0.342248,-0.465034,0.003597,0.301797,0.220445,0.053861,0.112111,0.006629,0.105743,0.501585,0.322399,0.11028,0.202575,0.077528,-0.44295,0.176424,0.235279,-0.169694,0.080993,0.536104,-0.144328,-0.012881,0.018422,-0.207262,-0.140343,0.104821,-0.088169,-0.072254,-0.234049,-0.066334,-0.084247,0.34072,-0.089943,0.063767,0.202234,-0.134696,0.173037,0.004375,0.222369,-0.101281,0.067107,0.104369,-0.155305,-0.097917,-0.06058,-0.053593,0.095659,-0.180489,-0.050597,0.113972,-0.004792,0.073859,0.522388,0.12302,-0.40139,0.286794,0.553891,0.182962,0.344158,0.010339,0.608712,0.677293,0.240108,-0.085656,-0.101073,0.242802,-0.049967,0.75324,0.188336,-0.281166,-0.05373,0.256605,-0.073808,0.446649,0.379385,0.198024,0.265255,0.134863,0.135838,-0.322202,0.221246,-0.010237,0.09538,0.457869,0.309088,0.168738,0.143623,0.393239,0.200784,0.062233,-0.240532,-0.022076,0.579981,0.385668,0.311299,0.050139,0.213805,0.152818,0.504959,0.133653,0.211076,-0.017092,0.435213,0.193164,0.270207,-0.355627,-0.367374,0.126815,0.331975,0.198452,0.139682,0.318243,-0.001222,-0.012893,0.219989,0.213604,0.218376,0.228197,0.471845,-0.013623,0.156523,0.403541,-0.040985,0.134953,-0.023502,0.340709,-0.558829,0.270207,0.215297,0.072838,0.267209,0.352346,0.525539,-0.11448,0.153322,0.141063,-0.226251,0.384051,0.10239,-0.257172,-0.017022,-0.010449,-0.188039,-0.002587,-0.364936,0.406845,-0.108233,0.147061,0.061218,-0.353358,-0.187461,0.396232,-0.193383,-0.385125,0.264035,0.414365,-0.223797,-0.281784,0.340498,-0.264824,0.330077,-0.110367,-0.21456,-0.20891,0.398492,0.082163,0.287782,0.257501,-0.164908,0.056129,-0.451341,-0.182417,-0.485453,-0.35009,0.043454,-0.093449,0.396018,0.209639,-0.28538,#
