0,1.0,0.262827,0.080095,-0.253532,0.609646,-0.226507,0.341929,-0.256574,0.486314,0.072,-0.147336,0.413353,0.555684,-0.127307,-0.091568,0.034248,0.02578,0.115445,0.146077,-0.263544,-0.288497,-0.018977,0.401419,-0.290398,-0.245862,-0.37478,-0.446629,-0.176528,0.146298,-0.012378,-0.552779,-0.109563,-0.220652,-0.073237,-0.351756,0.258859,0.4077,-0.055658,0.142775,-0.139732,0.453315,-0.199888,-0.195652,-0.181299,-0.248791,-0.041935,0.436973,0.276864,0.007272,0.316477,0.294358,-0.233489,-0.083132,0.24734,-0.017418,-0.021487,-0.43327,0.344276,-0.232547,0.02164,0.178118,-0.402423,-0.05837,-0.221089,0.012077,0.316705,-0.02415,0.086282,0.513581,-0.14563,0.189513,-0.295482,-0.120477,-0.462529,-0.344567,0.347381,-0.233395,-0.360615,-0.328142,-0.328142,-0.168661,-0.485467,-0.431592,0.091236,-0.233752,-0.235703,-0.633233,-0.350041,-0.09056,-0.28559,-0.214308,-0.17367,-0.17631,0.047261,-0.44252,-0.303004,-0.44106,-0.323924,-0.150698,-0.435546,0.352552,-0.463007,-0.484718,-0.287823,-0.245748,-0.336536,-0.38538,0.112109,-0.550972,-0.001101,0.128469,-0.27591,-0.135996,-0.409767,-0.303488,-0.358016,-0.474202,-0.410318,0.037328,-0.566453,-0.390046,-0.592969,-0.230863,-0.502137,-0.22911,-0.162671,-0.560962,-0.206105,0.057295,-0.356427,-0.378727,-0.127321,-0.11457,0.047846,-0.217666,-0.610729,0.095408,-0.324497,-0.009609,-0.341589,-0.338143,0.175317,-0.303358,-0.181334,-0.423278,-0.215988,-0.610682,0.602782,-0.573603,-0.358179,-0.558706,-0.51184,-0.282983,-0.320991,-0.447425,-0.292474,0.380569,0.601092,-0.258305,-0.513122,0.045171,-0.105929,-0.464571,-0.044428,0.086447,0.105954,-0.048202,-0.261665,-0.292033,-0.243415,-0.033906,0.328944,0.024645,-0.581369,0.032509,-0.38622,-0.147947,0.395114,0.216621,-0.377296,0.335988,0.224821,-0.109523,-0.132016,0.464384,-0.039734,0.158339,0.212075,-0.30892,0.610267,-0.223436,0.167994,0.385515,0.426505,-0.148946,0.33676,0.446002,-0.413439,-0.259912,0.294598,#
1,0.262827,1.0,0.125054,0.108472,0.338996,-0.087378,-0.008365,-0.040674,0.078174,0.041177,-0.324763,0.340725,-0.004816,0.036905,0.078445,-0.170871,0.061853,0.172377,-0.012908,-0.315519,0.000488,-0.183816,0.1082,-0.119876,0.053056,-0.091471,-0.092449,0.071245,0.153986,0.101656,-0.312679,0.370966,-0.183815,0.050869,-0.326781,0.309992,0.288338,-0.136828,0.104445,-0.184367,0.277405,-0.039081,0.257283,-0.050185,-0.332242,-0.211926,0.250146,0.152733,-0.282862,0.148978,-0.147799,-0.54186,-0.040713,0.072479,-0.133477,-0.150087,-0.356061,0.100962,-0.400503,0.170439,-0.195494,-0.042897,-0.204663,-0.074913,0.143142,-0.177296,0.039833,0.18957,0.063213,-0.192661,-0.108974,-0.445409,-0.024023,-0.141624,-0.358395,0.054009,-0.087633,-0.18732,-0.292482,-0.469453,-0.030685,-0.653711,-0.231467,0.25025,-0.545353,-0.260706,-0.135834,-0.033413,-0.199039,-0.157485,0.111671,-0.028802,-0.216167,0.227767,-0.479052,-0.163101,-0.131292,-0.111019,-0.111458,0.142615,0.215381,-0.158672,-0.424207,-0.156664,-0.417374,-0.427457,-0.00787,0.014824,-0.013868,-0.196008,-0.04557,0.281744,-0.128929,-0.10889,0.035206,-0.240013,-0.126796,-0.416494,0.047581,-0.038791,-0.291615,-0.058942,-0.544206,-0.26517,0.250094,-0.477306,-0.291615,-0.248562,-0.085665,-0.033413,-0.303805,0.022023,-0.03354,0.011263,-0.09913,-0.161584,-0.183815,-0.210918,-0.246055,-0.109526,-0.039365,0.33152,-0.001874,-0.262938,-0.236367,-0.631833,-0.163567,0.285443,-0.410893,-0.183806,-0.299304,-0.170345,-0.128929,-0.027929,-0.131292,-0.15464,0.085123,0.152691,-0.162822,-0.245933,0.057879,0.004629,0.005357,-0.178705,-0.058668,0.28461,0.24209,-0.223814,-0.388592,0.070234,-0.055842,0.140122,-0.241913,-0.102252,0.156341,-0.087013,-0.243355,0.219336,0.193595,-0.327713,0.38608,-0.311823,0.016647,-0.108066,0.246091,-0.358835,0.147508,-0.081283,-0.300335,0.211157,-0.172748,0.147537,0.224046,0.193948,-0.133625,0.328282,0.097338,-0.53691,-0.144347,-0.097759,#
2,0.080095,0.125054,1.0,0.229352,0.021705,-0.217357,-0.073824,-0.239221,-0.044661,0.181424,-0.060965,4.1e-05,-0.093651,0.04061,-0.437908,-0.120551,0.182181,0.191976,-0.189074,-0.341747,-0.047436,-0.261986,0.099723,0.015593,-0.027546,-0.413165,0.08504,-0.420948,-0.147163,0.04421,-0.217998,-0.135373,-0.040758,-0.174782,-0.080638,0.059275,-0.129106,-0.039492,-0.093674,-0.23325,0.109405,-0.064599,0.114913,0.125741,0.503808,-0.473691,0.024066,0.333501,-0.168505,0.203205,0.018913,-0.017727,0.141332,0.35196,-0.002843,-0.275884,0.029913,-0.271126,0.164804,0.265945,-0.266634,0.187848,-0.307143,-0.296653,0.084949,0.152417,-0.215523,0.008802,-0.036096,0.074828,0.162743,0.057212,-0.072796,0.193944,-0.247211,0.3964,-0.224626,-0.081922,-0.124239,-0.104166,-0.102014,-0.100148,-0.176382,0.599427,-0.03533,-0.204346,0.199519,0.064169,-0.258411,-0.196114,-0.090642,-0.458153,0.205966,-0.156046,-0.299555,0.148778,0.029489,0.060917,-0.104315,0.025155,-0.104784,-0.000734,0.029818,0.156052,-0.180793,-0.315939,0.103768,-0.185972,-0.073277,0.429052,0.270342,0.2961,0.18369,-0.091233,0.180845,-0.135299,-0.1332,-0.345159,0.055608,0.136557,-0.40482,-0.013188,-0.039962,0.035595,-0.124078,-0.093762,-0.264195,0.177141,0.24314,0.048098,0.098302,-0.015487,0.031126,0.159204,0.291211,-0.189079,0.243802,0.05796,-0.062316,-0.296542,-0.117403,0.549891,0.15664,-0.255846,-0.187628,0.209958,-0.180414,0.08489,-0.170105,0.102162,-0.263152,0.396452,0.006404,-0.282184,-0.304724,-0.163074,-0.085683,0.175911,-0.036823,-0.150448,0.353083,-0.067639,0.488187,0.087142,-0.14301,0.001636,-0.112551,-0.464826,0.137703,-0.076111,0.199273,0.058886,-0.142815,0.100278,-0.126649,-0.077845,-0.349017,-0.108741,-0.209757,-0.117877,0.118692,-0.076216,-0.012475,0.01035,-0.388315,0.073596,-0.147233,-0.316782,0.065094,-0.008099,0.300328,0.067688,0.047768,0.081929,-0.025371,0.066427,-0.019125,0.316078,0.05598,-0.398366,#
3,-0.253532,0.108472,0.229352,1.0,0.010434,0.189108,-0.330883,-0.160959,-0.330529,-0.022453,-0.055859,-0.410763,-0.201477,0.219635,-0.273773,-0.407436,0.119441,0.097875,-0.065974,-0.027977,0.087404,-0.180086,-0.168302,-0.123753,0.182905,-0.076037,0.082884,-0.001707,-0.11653,0.048138,0.465063,-0.066214,0.168407,-0.269026,-0.200833,-0.433881,-0.212183,-0.049382,-0.053211,0.045745,0.176888,-0.14983,0.277426,0.364205,-0.013807,0.036183,-0.3635,-0.074429,0.222754,-0.079632,-0.20398,0.233816,0.20665,0.023434,0.017806,0.053446,0.225978,-0.274718,0.189506,-0.205149,-0.158311,-0.10277,-0.24972,-0.126141,-0.269484,-0.219774,0.144476,-0.094005,-0.402152,0.412656,-0.0299,-0.021527,0.239201,0.296064,0.119939,0.014837,0.236161,-0.059957,0.181174,0.414962,0.022533,-0.001296,0.161035,0.182134,0.269763,0.043825,0.290835,0.222964,0.024099,-0.052846,-0.041549,-0.025864,-0.182813,0.086625,0.267046,-0.00284,0.296669,0.423808,0.224857,0.158535,-0.280782,-0.042362,0.304519,0.167977,-0.039319,-0.128912,0.59159,-0.121926,0.315806,0.052848,0.2905,0.182366,-0.109188,-0.103916,0.109852,0.088038,0.297291,-0.05777,0.126137,0.175661,-0.079921,0.168738,0.267651,0.011607,0.060772,0.241358,-0.09561,0.250949,0.190065,0.199206,-0.068304,0.164554,-0.108309,-0.017285,0.174758,0.142792,0.139911,0.215343,-0.237656,0.203008,-0.010826,0.367323,0.283508,-0.223803,0.135555,-0.001672,0.167977,-0.075601,0.176441,0.333659,0.157674,0.46275,0.100755,0.204624,0.272989,0.174706,-0.187284,-0.203246,0.284505,0.078949,0.224577,0.24799,0.002084,0.146982,-0.201514,-0.304464,0.04956,-0.228921,0.071115,0.142299,-0.203608,-0.32054,0.114206,0.385278,0.015462,0.40252,0.057481,-0.075067,-0.146193,0.356996,-0.518445,-0.103184,-0.02252,-0.322311,-0.024331,-0.310458,-0.070361,-0.190707,-0.049317,-0.215691,0.502314,-0.362807,-0.087161,-0.125942,0.043326,-0.246,-0.306846,0.050537,-0.281959,0.011962,#
4,0.609646,0.338996,0.021705,0.010434,1.0,-0.056725,0.4273,-0.187965,0.208503,0.172522,0.011632,0.161052,0.385151,0.162973,-0.078061,-0.062845,0.17443,-0.153721,0.09362,-0.330411,-0.230537,0.171082,0.257218,-0.459616,-0.468344,-0.233927,-0.235092,-0.191714,0.285084,0.118713,-0.419856,0.091356,-0.360384,-0.009941,-0.358502,0.301124,0.384604,-0.216092,0.264476,-0.044043,0.429028,-0.210782,-0.046973,0.055839,-0.329075,-0.070359,0.071371,0.37523,0.068081,0.102003,0.211756,-0.421601,0.12044,0.178862,0.00746,-0.319596,-0.408219,0.320128,-0.340496,-0.008982,0.328339,-0.308812,-0.195418,-0.089766,0.269094,0.311984,0.023919,0.23356,0.25578,-0.109182,-0.2091,-0.654678,0.368837,-0.641019,-0.437702,0.602363,-0.387731,-0.554635,-0.489632,-0.291535,-0.441145,-0.648472,-0.515135,-0.264685,-0.431956,-0.563319,-0.622114,-0.434893,-0.237319,-0.192905,-0.306223,-0.288387,-0.276615,0.014422,-0.653597,-0.514199,-0.497899,-0.309248,-0.306577,-0.380355,0.284833,-0.33678,-0.357634,-0.354951,-0.519791,-0.671673,-0.174231,-0.275212,-0.413074,0.040551,0.15586,0.077957,-0.491291,-0.578187,-0.323076,-0.150816,-0.308791,-0.52746,0.004705,-0.319417,-0.268972,-0.363318,-0.239177,-0.256152,-0.058847,-0.131754,-0.745678,-0.138397,-0.222804,-0.119049,-0.489319,-0.021016,-0.565812,0.118723,-0.322584,-0.517125,0.225114,-0.619688,-0.182257,-0.48222,-0.465868,0.28603,-0.04923,-0.180611,-0.365337,-0.354546,-0.519846,0.749476,-0.502483,-0.429381,-0.486314,-0.443171,-0.331776,-0.450464,-0.310774,-0.360999,0.221376,0.531694,-0.239177,-0.678329,-0.000361,-0.23901,-0.506912,-0.258022,-0.034291,0.315313,-0.142888,-0.389843,-0.221698,-0.096263,0.155216,-0.020259,-0.338261,-0.506594,0.106077,-0.311647,-0.345211,0.380618,0.273985,-0.329711,0.402111,0.144179,0.001078,0.190816,0.480511,-0.181541,0.415325,-0.37242,-0.317765,0.537397,-0.066714,0.239776,0.531254,0.582822,0.135509,0.360975,0.471795,-0.411105,-0.475502,0.394121,#
5,-0.226507,-0.087378,-0.217357,0.189108,-0.056725,1.0,0.029708,0.298865,-0.024643,-0.100646,0.034331,-0.12955,-0.513882,0.276678,0.400262,0.034014,-0.12005,-0.051383,-0.016779,0.095101,0.275891,0.248152,-0.116568,-0.444329,0.082984,0.12893,0.039924,0.080376,-0.222208,0.002031,0.349465,0.490079,0.388831,-0.112977,-0.388674,-0.276539,-0.15991,0.113279,0.332252,0.02654,-0.223438,0.064791,0.173862,0.167331,-0.15619,0.120851,-0.276343,-0.218755,-0.046655,-0.063363,0.017152,0.194262,0.106282,0.005116,-0.05187,0.282402,0.165688,0.354661,-0.206164,0.318904,0.20235,-0.162781,-0.13167,0.307691,0.00455,-0.143492,-0.276534,0.344656,-0.070903,0.22471,-0.122809,0.026376,0.388496,0.198865,0.158108,-0.238878,0.436823,0.152835,-0.149481,0.218492,0.165695,0.02922,-0.066745,-0.058173,0.141927,0.262061,-0.122358,-0.15182,0.08684,-0.091673,0.031907,0.167605,-0.011991,-0.101129,0.207312,0.228493,0.033349,-0.13582,0.05447,0.041578,-0.188805,-0.103559,0.098661,-0.11661,0.269832,0.01345,-0.12835,-0.119272,-0.019655,-0.479149,-0.097984,0.024244,-0.113153,-0.041672,-0.113102,0.036679,0.219994,-0.24202,-0.101073,-0.035991,-0.041672,0.256262,0.149399,-0.134398,-0.29955,0.390325,0.122801,-0.053203,-0.066159,-0.158587,0.226374,-0.267813,-0.277527,0.08127,0.012841,-0.114142,0.060338,0.001564,-0.005351,0.372171,0.144531,0.030161,-0.271443,-0.400019,-0.08637,0.081486,0.238815,-0.169719,0.437146,-0.019297,-0.162,0.158416,0.216043,0.338071,0.058829,-0.090818,0.040413,-0.076561,-0.029111,0.030643,-0.192069,-0.113234,0.083675,0.17296,-0.069684,0.132706,0.363806,0.121223,-0.107421,0.143942,-0.028443,-0.125557,0.191792,0.202132,0.057677,0.024261,0.014251,-0.095734,-0.002181,0.245943,-0.002225,0.148363,-0.09013,0.14101,0.004726,-0.167398,0.113107,0.010724,0.179791,0.097554,0.145236,-0.138376,-0.254108,-0.440661,0.042612,0.038439,-0.192231,-0.012315,0.206724,0.226758,#
6,0.341929,-0.008365,-0.073824,-0.330883,0.4273,0.029708,1.0,0.005797,0.64761,-0.191187,0.366115,0.423963,0.040109,-0.208012,0.242455,0.232724,-0.115849,-0.319854,-0.006812,-0.066515,-0.197317,0.421905,0.19839,-0.436232,-0.213722,-0.163071,-0.050381,-0.302095,0.267146,0.287296,-0.432557,-0.131423,0.018598,-0.209313,-0.058424,0.174862,0.125748,-0.180169,-0.009803,0.380183,0.146994,-0.218623,-0.42819,-0.300981,-0.21441,0.114584,-0.056964,0.217103,0.18907,0.246033,0.393414,-0.183867,-0.162371,0.133845,0.225775,-0.060223,-0.118872,0.248072,0.032778,0.147706,0.237452,-0.287319,-0.025739,0.238318,0.386575,0.261098,-0.095223,0.088481,0.211813,-0.184559,0.005027,-0.347983,0.288624,-0.452403,-0.53965,0.252788,-0.39336,-0.195199,-0.530762,-0.353578,-0.465442,-0.362616,-0.4354,-0.334793,-0.29856,-0.227555,-0.438281,-0.311265,-0.382506,-0.254911,-0.289847,-0.47763,-0.137587,-0.286479,-0.618184,-0.089036,-0.291267,-0.690669,-0.364061,-0.084585,-0.065456,-0.38474,-0.350554,-0.398415,-0.103688,-0.103913,-0.291307,-0.051224,-0.525978,0.196899,-0.190531,-0.03963,-0.297675,-0.490795,-0.133039,-0.429716,-0.294031,-0.281386,-0.134828,-0.403375,-0.333735,-0.429231,-0.111643,-0.455759,-0.200459,-0.035588,-0.333735,-0.328402,-0.290534,-0.463839,-0.454122,-0.082525,-0.555146,-0.216461,-0.475038,-0.396572,0.041419,-0.479276,0.059692,-0.36648,-0.31609,0.001415,-0.365359,-0.28313,-0.432935,-0.133945,-0.5683,0.542057,-0.102274,-0.524927,-0.276391,-0.571364,-0.618501,-0.315765,-0.449424,-0.567451,-0.003497,0.253221,0.055737,-0.607139,0.195221,-0.379838,-0.228768,-0.210236,-0.121935,0.446402,0.032457,0.245815,-0.01809,-0.347632,0.101548,-0.021374,-0.113098,-0.467791,0.249592,-0.660625,-0.277945,0.552722,0.337772,-0.116932,0.538171,0.66957,0.105527,0.096204,0.562516,0.296703,-0.06419,-0.232736,0.009546,0.473071,-0.095716,0.359011,0.546078,0.284493,-0.455624,0.37869,0.617459,-0.428335,-0.338898,0.154564,#
7,-0.256574,-0.040674,-0.239221,-0.160959,-0.187965,0.298865,0.005797,1.0,-0.133568,-0.307143,-0.316593,-0.253315,-0.351294,0.064914,0.086907,-0.345531,0.06024,0.010125,-0.033057,0.082265,0.227181,0.389964,-0.240689,-0.133412,0.216376,0.328089,0.28749,0.191022,-0.47306,-0.110572,0.199693,0.328181,0.496436,0.177741,-0.176783,0.064574,0.107623,-0.188475,0.305277,0.013621,-0.278109,-0.048255,0.407733,-0.002388,-0.163786,0.063113,-0.091897,-0.085445,-0.357728,-0.262346,0.169604,0.057264,-0.00816,-0.17262,0.089788,0.28201,0.300956,-0.157366,-0.065751,0.185905,0.019835,0.104396,0.102194,0.376935,-0.077906,0.069176,-0.03652,0.074703,-0.095082,-0.377058,-0.08785,0.2449,-0.03033,0.241261,0.19042,-0.273441,0.290359,0.378779,-0.113925,0.292019,0.147349,0.287824,0.330954,-0.134282,0.252473,0.097894,0.226147,0.339457,0.176253,0.19895,-0.066907,0.323808,0.150425,0.036663,0.229994,0.194721,-0.148836,0.287989,0.084103,0.079365,-0.041434,0.079478,0.200878,0.194486,-0.049056,-0.025695,0.022723,-0.056013,0.186737,-0.222326,-0.287418,-0.046259,0.049327,0.057318,0.241261,0.395911,0.424229,-0.062141,0.036642,0.172879,-0.067118,0.330954,0.046157,0.130777,-0.053545,0.299851,0.240313,-0.410099,0.049073,0.15416,-0.066907,0.202643,-0.022212,-0.120237,0.158327,-0.008219,0.170574,0.143704,0.044525,0.092305,-0.044107,-0.076962,0.050345,0.09501,0.136506,-0.094685,0.38481,-0.195724,0.330954,0.190721,0.150916,0.104705,0.237694,0.151042,0.428998,-0.105215,-0.041238,-0.384971,0.046157,0.121998,0.283435,-0.047245,0.014727,0.006479,0.333042,-0.020547,0.267342,0.292489,0.035044,0.447644,-0.145528,-0.202526,0.11446,0.15461,-0.336094,0.158443,0.110578,-0.261067,0.011414,0.017766,-0.143711,-0.279461,0.026177,-0.128695,-0.086155,0.054741,-0.03768,-0.040384,0.088813,-0.289948,0.042956,0.032569,-0.12765,-0.296955,0.146836,0.008345,-0.382478,0.055699,0.117247,-0.094166,#
8,0.486314,0.078174,-0.044661,-0.330529,0.208503,-0.024643,0.64761,-0.133568,1.0,-0.087709,0.132232,0.620185,0.169586,-0.250839,0.345091,0.176516,-0.237401,-0.088918,0.16219,-0.281192,-0.230825,0.02464,0.312977,-0.243659,0.176349,-0.388956,-0.135028,-0.096816,0.443878,0.061148,-0.55788,0.007558,0.005003,0.028557,-0.210402,0.160893,0.179172,-0.166101,-0.005901,0.159537,0.289362,-0.435831,-0.340894,-0.306157,-0.276661,0.093815,0.139969,0.116651,0.264411,0.421284,0.080184,-0.126038,-0.212334,0.251067,0.225872,-0.132462,-0.106297,0.377027,0.109119,0.095221,0.027711,-0.171935,-0.371177,0.271182,0.220339,0.161561,0.05281,0.015696,0.308828,-0.084999,0.096449,-0.288546,0.048049,-0.427225,-0.346566,-0.042757,-0.190312,-0.006854,-0.339894,-0.336856,-0.260165,-0.346404,-0.253746,-0.099825,-0.28372,-0.022435,-0.41354,-0.425063,-0.302184,-0.189822,-0.081041,-0.269915,-0.247482,-0.069822,-0.426634,0.131417,-0.253332,-0.668191,-0.166959,-0.224237,-0.109349,-0.453245,-0.340676,-0.511392,0.097226,0.020426,-0.291296,0.072512,-0.505768,0.257093,-0.071369,0.100728,-0.247011,-0.27343,-0.08902,-0.651839,-0.426634,-0.085998,-0.079442,-0.38292,-0.222158,-0.574704,-0.092726,-0.464868,-0.19313,-0.011847,-0.113205,-0.333216,-0.036431,-0.431289,-0.059182,-0.189928,-0.17639,-0.084735,-0.28202,-0.183605,-0.280312,-0.425063,0.185177,-0.33981,-0.250292,0.016615,-0.592635,-0.2892,-0.41453,-0.103853,-0.360303,0.328208,-0.241159,-0.505028,-0.268781,-0.371898,-0.262771,-0.269709,-0.262823,-0.465576,0.108301,0.492399,-0.095873,-0.380374,0.158222,-0.297443,-0.165055,-0.160274,-0.096289,0.23831,-0.037704,-0.042779,-0.071995,-0.280495,0.020749,0.437707,0.129596,-0.463751,0.195495,-0.66017,-0.201797,0.490198,0.179071,-0.192417,0.523645,0.446931,0.154846,-0.104978,0.510378,-0.019581,-0.266235,0.028161,-0.219779,0.419258,0.096609,0.144977,0.436453,0.044845,-0.538649,0.183146,0.561103,-0.416712,-0.119021,-0.060411,#
9,0.072,0.041177,0.181424,-0.022453,0.172522,-0.100646,-0.191187,-0.307143,-0.087709,1.0,-0.112285,-0.087818,0.080675,0.01534,-0.334362,-0.128123,-0.389213,0.288309,-0.092796,-0.02511,0.029003,-0.363726,0.113106,-0.052262,0.155428,0.059418,-0.348936,0.025549,0.001362,0.316223,0.02606,-0.036558,-0.240275,0.191504,-0.123276,0.459496,0.07641,-0.006998,-0.093379,-0.039051,0.072389,0.192446,0.044451,0.352053,0.336819,-0.351807,-0.08924,0.330057,0.066744,0.185121,-0.340874,-0.201487,0.278685,0.077021,-0.213453,-0.475749,0.002518,-0.069288,0.022236,-0.027839,-0.091809,0.081606,-0.029088,-0.538842,0.131432,-0.129524,-0.060767,0.27257,-0.057399,-0.345359,-0.011836,-0.264853,-0.089039,-0.05633,0.191065,0.2154,-0.159573,-0.434315,0.06545,0.085123,0.082505,-0.111954,-0.188304,-0.102834,-0.176761,-0.152889,-0.050831,-0.06717,-0.163782,-0.024248,-0.143812,0.225577,-0.240306,0.284933,-0.066132,-0.011603,0.094923,-0.095493,0.425841,-0.147277,-0.26334,-0.029172,0.119435,0.14413,-0.010755,-0.229177,0.100278,-0.119579,0.043798,-0.077233,0.565859,0.233737,-0.059507,-0.12259,-0.207533,-0.057901,-0.053582,-0.191623,0.281379,-0.245107,0.04361,0.124934,0.016897,0.254091,-0.221835,-0.081519,-0.112633,-0.251505,-0.116256,0.236391,0.048622,-0.018087,0.281023,0.823768,0.029301,0.142386,0.03795,-0.079819,0.111586,-0.094864,0.244956,0.166179,0.194475,0.109513,0.129259,0.049901,0.137735,0.178331,-0.175519,0.191668,-0.526353,-0.025602,0.253962,-0.095603,-0.229892,0.309622,0.288439,0.211513,-0.159747,0.117413,-0.116677,0.199233,0.009835,0.232453,0.119028,0.204235,-0.456774,-0.404532,0.02086,-0.119466,0.312863,-0.035757,-0.060556,-0.346601,0.218169,0.029323,-0.060601,-0.18661,0.089759,-0.004208,-0.069309,-0.233297,-0.501404,0.370794,-0.250174,0.052353,0.146398,-0.251739,-0.387605,0.160332,0.016385,-0.21511,-0.184367,0.030108,0.098217,-0.019882,-0.117234,0.179555,0.323326,-0.199874,#
10,-0.147336,-0.324763,-0.060965,-0.055859,0.011632,0.034331,0.366115,-0.316593,0.132232,-0.112285,1.0,0.151957,-0.163509,-0.068065,0.319613,0.287688,-0.151649,-0.40196,-0.138021,0.00334,-0.032435,0.180418,-0.094832,0.077129,-0.164075,0.266153,0.108244,-0.097834,0.44293,0.071381,-0.001634,-0.344505,-0.329169,-0.154134,0.236784,-0.155189,-0.315968,-0.03292,0.004919,0.340808,-0.330669,-0.091854,-0.470657,0.024781,0.225896,0.229016,-0.305904,-0.072209,0.510361,-0.093435,0.107109,0.063031,-0.045841,0.295,0.24583,0.167938,-0.043425,-0.05943,0.213341,0.071581,0.165631,0.052313,0.098394,0.067717,0.093574,0.027257,-0.174834,-0.17208,-0.357774,0.099299,-0.051925,-0.079966,0.212862,-0.089757,-0.190302,0.192147,-0.173826,0.15755,-0.197582,-0.187667,-0.33874,0.133561,-0.102182,-0.15707,0.034862,-0.112332,0.083133,-0.232523,-0.046845,-0.313125,0.036945,-0.395259,0.272993,-0.558641,-0.097822,0.185001,-0.080274,-0.363666,-0.527258,0.037686,-0.05588,0.188929,-0.210413,-0.294852,0.075328,0.205293,-0.16463,-0.252153,-0.012685,0.194707,-0.273787,-0.117772,-0.2506,0.112222,-0.238863,-0.131717,-0.240134,0.067248,-0.343084,-0.101291,0.163707,-0.253849,0.228606,0.130504,0.157696,0.030316,0.112222,0.263599,-0.297479,-0.22333,0.051578,-0.46647,-0.411733,-0.252682,-0.154972,0.026616,-0.01929,-0.239143,0.358617,-0.036752,-0.233241,0.075636,-0.213099,-0.166066,-0.097327,0.125276,-0.310841,-0.071331,0.239069,-0.336354,0.044656,-0.253589,-0.413637,-0.24353,-0.251453,-0.157782,-0.327065,0.154771,0.222284,-0.14398,0.037876,-0.399558,0.036823,-0.17498,-0.368058,-0.047625,-0.084082,0.233785,0.328747,-0.665434,0.177566,-0.365343,-0.08949,-0.149492,0.316243,-0.162384,-0.313575,0.194431,0.007484,-0.07148,0.033861,0.558964,0.267898,0.430674,-0.092575,0.094315,-0.003155,-0.109418,0.425545,0.250747,-0.1018,0.459838,0.181802,-0.116415,-0.2191,-0.080429,0.272861,0.063913,0.003305,0.241666,#
11,0.413353,0.340725,4.1e-05,-0.410763,0.161052,-0.12955,0.423963,-0.253315,0.620185,-0.087818,0.151957,1.0,0.110384,-0.534436,0.292427,0.539123,0.042051,-0.356095,-0.049901,-0.233775,-0.226609,0.026114,-0.068703,-0.020173,0.042562,-0.02527,-0.259094,-0.266689,0.431178,0.259301,-0.6535,-0.040547,-0.256699,0.052846,0.084612,0.207038,-0.138484,0.014552,-0.113494,0.081681,0.048455,-0.305863,-0.438399,-0.301694,-0.07353,0.079549,0.017552,0.037233,0.057444,0.230713,-0.050115,-0.406749,-0.16212,0.40917,0.079874,0.112171,-0.402923,0.179675,-0.164261,0.25694,-0.161115,-0.047675,-0.071218,0.206365,0.457906,-0.301534,-0.148592,-0.117522,0.092077,-0.193885,-0.09742,-0.200559,0.060665,-0.370624,-0.440213,0.093118,-0.296693,0.072855,-0.416478,-0.599948,-0.325454,-0.42239,-0.334209,-0.019998,-0.351802,-0.231598,-0.356071,-0.552721,-0.299974,-0.158411,0.067983,-0.226159,-0.048702,-0.354686,-0.529225,0.180077,-0.184657,-0.761272,-0.428899,0.028718,0.317082,-0.261138,-0.600974,-0.489474,-0.15826,-0.121648,-0.344812,0.29111,-0.442392,0.01649,-0.375288,-0.157225,-0.352009,-0.080083,-0.187948,-0.481553,-0.203965,-0.161834,-0.475303,-0.026474,-0.305044,-0.334209,-0.348728,-0.26435,0.089631,-0.381115,-0.080083,-0.152326,-0.124112,-0.231345,-0.127595,-0.322603,-0.234348,-0.047715,-0.33434,-0.144835,-0.256699,-0.552721,-0.14531,-0.243308,-0.056335,0.156459,-0.421344,-0.178019,-0.501003,-0.371783,-0.326994,0.166588,-0.334209,-0.602126,-0.125267,-0.44243,-0.201038,-0.219188,-0.361024,-0.435936,-0.125449,0.27024,0.020894,-0.193627,-0.136303,-0.296034,-0.151432,-0.439068,-0.28694,0.188312,0.007383,0.058589,0.121189,-0.372951,0.15266,0.18771,-0.132526,-0.13979,0.398948,-0.529675,-0.36124,0.285957,-0.051346,-0.344054,0.635239,0.257287,0.428065,0.181433,0.385209,-0.18296,0.011593,0.268269,0.15677,0.438069,-0.151962,0.525617,0.391068,0.112323,-0.451425,0.441106,0.510799,-0.337231,-0.188653,-0.025079,#
12,0.555684,-0.004816,-0.093651,-0.201477,0.385151,-0.513882,0.040109,-0.351294,0.169586,0.080675,-0.163509,0.110384,1.0,-0.098107,-0.106541,0.052973,0.028877,0.170691,0.173845,-0.071459,-0.382979,0.091397,0.475098,-0.116348,-0.209948,-0.329797,-0.157474,-0.031713,0.395845,-0.10247,-0.432578,-0.238733,-0.26101,0.118238,0.065009,0.430564,0.349599,-0.152878,0.005213,0.026692,0.343758,-0.02958,-0.096075,-0.341599,-0.051318,0.041706,0.517173,0.100084,-0.126562,0.22718,0.01484,-0.337777,0.040612,0.12988,0.242299,-0.142221,-0.192135,0.295357,0.069802,-0.282479,0.292664,0.081674,0.00935,-0.13232,-0.024916,0.308719,0.151517,-0.141462,0.385941,-0.138374,0.084855,-0.327506,-0.182886,-0.296058,-0.06735,0.268933,-0.229507,-0.512472,-0.046168,-0.382364,-0.150955,-0.216256,-0.45281,-0.164408,-0.121554,-0.238766,-0.451036,-0.318045,-0.041029,0.071407,-0.259406,-0.166772,-0.298552,0.181778,-0.148942,-0.564177,-0.139244,-0.043732,-0.046964,-0.584677,0.369884,-0.244389,-0.392884,-0.248017,-0.284366,-0.101333,-0.102852,0.319957,-0.368409,0.159221,0.131158,-0.090348,0.018572,-0.336276,-0.292736,-0.28767,-0.614431,0.044824,0.341056,-0.250826,-0.02806,-0.61837,-0.11758,-0.135033,-0.12281,-0.215377,-0.507931,-0.122525,-0.137011,-0.318045,-0.08984,-0.084455,0.154858,0.060622,-0.285405,-0.254716,0.01613,-0.000104,-0.033865,-0.543113,-0.47642,-0.101168,-0.041029,0.235183,-0.303385,-0.180209,-0.410259,0.542913,-0.61837,-0.213647,-0.09223,-0.399714,-0.142002,-0.160361,-0.142199,-0.094539,0.313036,0.351094,-0.45914,-0.285382,-0.1612,-0.039577,-0.394305,-0.219629,0.212676,-0.038542,-0.307751,-0.139269,-0.379712,-0.180628,0.209305,0.398137,0.060465,-0.292934,0.036486,-0.109117,0.052413,0.536552,0.22968,-0.439852,0.187549,0.178322,-0.068988,-0.040872,0.328401,0.080125,0.265968,0.045572,-0.366766,0.286327,-0.283171,0.030301,0.370494,0.551313,0.017856,0.264687,0.442223,-0.297014,-0.237618,0.182971,#
13,-0.127307,0.036905,0.04061,0.219635,0.162973,0.276678,-0.208012,0.064914,-0.250839,0.01534,-0.068065,-0.534436,-0.098107,1.0,-0.010969,-0.062105,-0.033735,0.325971,0.407309,0.002782,0.214377,0.095783,0.278361,-0.191064,-0.307272,-0.258748,0.123919,0.534478,-0.022979,-0.249711,0.23478,0.362114,0.070781,-0.01783,-0.217189,-0.06242,0.07443,0.161814,0.113827,-0.369544,0.222858,0.157398,0.358429,0.143068,-0.204725,-0.266905,0.218613,0.185767,-0.007213,-0.174648,0.040819,0.254392,-0.143065,-0.151841,-0.412002,-0.310258,0.198029,0.370074,-0.124739,-0.257471,0.194395,-0.054072,-0.087829,0.017045,0.024211,0.342883,0.175698,0.338007,0.220999,0.187224,-0.050996,-0.22333,0.119305,-0.028328,0.065587,0.162314,0.201302,-0.253373,0.088654,0.115075,-0.052945,-0.067763,-0.004345,0.068281,0.033476,0.024115,-0.032643,0.100509,0.042645,-1.5e-05,0.260842,-0.058944,-0.066854,0.142793,0.129997,-0.161263,-0.047116,0.262968,0.118536,-0.217777,0.083609,0.164477,0.150054,-0.005138,0.007204,-0.031563,-0.081858,-0.421645,0.215366,-0.085679,0.160392,0.229687,0.142008,0.076914,0.112576,0.312899,-0.02867,-0.013641,0.311292,0.025603,0.216053,-0.004345,0.040832,0.124117,0.218114,0.113681,-0.262189,0.065965,-0.056302,0.087584,0.091852,0.153676,-0.032229,0.139819,0.25559,-0.183492,-0.240404,0.103464,0.204633,0.096324,-0.227509,0.094929,0.206728,-0.3537,-0.016639,0.284413,0.163275,0.025539,-0.143959,0.220767,-0.12227,0.21117,-0.02763,-0.055756,0.125152,0.324706,0.256636,0.20723,-0.151189,-0.03117,0.096457,-0.1538,0.343822,0.246105,0.172127,0.216731,0.328217,-0.178269,-0.326646,0.406939,-0.17395,0.209695,-0.20056,-0.122032,-0.221521,0.07643,-0.040612,-0.022748,0.097041,-0.058908,-0.086899,-0.28142,-0.330643,-0.003893,-0.056022,-0.023739,0.161516,-0.1897,0.017058,-0.133088,0.026772,-0.215764,-0.022923,-0.02292,0.322802,-0.001113,0.043908,0.055462,0.175419,-0.004505,#
14,-0.091568,0.078445,-0.437908,-0.273773,-0.078061,0.400262,0.242455,0.086907,0.345091,-0.334362,0.319613,0.292427,-0.106541,-0.010969,1.0,0.255604,-0.105628,-0.199324,-0.076113,-0.190551,0.06287,0.343452,0.14186,0.032412,0.1386,0.205428,0.039231,0.192531,0.353943,0.023165,-0.138923,0.414763,-0.026184,0.122927,-0.317145,-0.132316,-0.061531,-0.246661,0.425439,0.374174,-0.28388,0.131895,0.034713,-0.281052,-0.351056,0.46673,0.00987,-0.306463,0.067767,0.005907,0.159356,-0.083421,-0.246281,-0.101764,0.125966,0.294708,-0.083102,0.520401,-0.291988,0.391795,0.338328,0.054352,-0.203527,0.683325,0.252293,0.117613,-0.383704,0.034836,0.051595,0.004081,0.131709,-0.056319,0.231169,-0.151572,-0.381996,-0.222856,-0.060855,0.253425,-0.230413,-0.39526,-0.130545,-0.23441,-0.149579,-0.117098,-0.340446,-0.058898,-0.147742,-0.45264,-0.118022,-0.199962,0.026605,0.0266,0.049423,-0.11916,-0.143618,-0.044406,-0.288606,-0.402129,-0.397205,-0.022879,-0.014902,0.117165,-0.422304,-0.35956,0.032286,0.298926,-0.219683,-0.17369,-0.072506,-0.245283,-0.483819,-0.095748,-0.281709,0.209277,-0.285227,-0.208894,-0.29209,0.025186,-0.286935,-0.094776,0.042655,-0.297923,-0.152557,-0.243638,0.160499,-0.231581,0.20002,-0.201959,-0.460298,-0.437532,0.212668,-0.51956,-0.256473,-0.325743,-0.357163,-0.052022,-0.306406,-0.290777,0.376951,-0.07348,-0.125263,-0.274761,-0.484794,-0.16214,-0.306607,-0.258092,-0.204985,-0.022883,0.023488,-0.535401,0.006264,-0.093188,-0.284949,-0.132564,-0.142331,-0.372129,-0.039881,0.229898,-0.339582,-0.214841,-0.213709,-0.309546,-0.019484,-0.36911,-0.295504,0.146634,-0.034173,0.335616,-0.119946,-0.278529,0.067227,0.135041,-0.220661,-0.006111,0.287654,-0.371702,-0.207637,0.36868,0.085516,-0.248268,0.364032,0.317599,0.297633,0.245151,0.267427,-0.062958,0.125718,0.12034,0.22462,0.17473,-0.31754,0.370854,0.056016,-0.119746,-0.113778,-0.04268,0.295847,-0.309117,0.166995,0.054553,#
15,0.034248,-0.170871,-0.120551,-0.407436,-0.062845,0.034014,0.232724,-0.345531,0.176516,-0.128123,0.287688,0.539123,0.052973,-0.062105,0.255604,1.0,0.067057,-0.338409,0.360963,0.089899,-0.044119,0.248375,-0.132899,0.183601,-0.440658,-0.032539,-0.273625,-0.041618,0.27055,0.035774,-0.25425,-0.02408,-0.258832,-0.089835,0.429539,-0.063544,-0.277203,0.469312,-0.293785,0.050605,0.019618,0.022401,-0.484172,-0.240257,0.086249,0.158911,-0.002102,-0.138098,0.153768,-0.088416,-0.005073,0.048237,-0.168294,0.036648,-0.303343,0.002771,-0.212714,0.260856,-0.124465,-0.025743,0.074106,-0.053037,0.331036,0.239988,0.502701,-0.172245,-0.083463,-0.174694,0.103605,0.227457,-0.116957,0.017768,0.05142,-0.151916,-0.235206,0.02116,-0.244052,-0.047917,-0.035505,-0.390405,-0.270941,-0.043023,-0.298539,-0.142662,0.03889,-0.028118,-0.311906,-0.495417,-0.233713,0.053192,0.292429,-0.175349,0.16806,-0.4724,-0.158313,0.051731,0.009291,-0.547246,-0.381832,0.074191,0.353298,0.070847,-0.381317,-0.107478,0.044079,0.230837,-0.530756,0.227447,-0.069859,0.020104,-0.401524,-0.323652,-0.132492,0.147984,-0.151545,-0.143229,-0.00404,0.209158,-0.430913,0.176777,0.020941,-0.131956,0.043404,0.165369,0.127112,-0.173134,-0.024733,0.301411,-0.19808,-0.026368,0.099559,-0.109956,-0.187456,-0.086267,-0.105153,-0.113447,-0.258832,-0.327633,-0.107454,-0.037976,0.149458,-0.210896,-0.258562,-0.122072,-0.295576,0.208757,-0.116904,0.054402,-0.285725,-0.228812,0.099726,-0.198998,-0.164209,-0.165785,-0.322205,-0.113447,-0.173977,0.07854,0.040199,0.028599,-0.492604,-0.253831,0.071939,-0.232266,-0.06902,0.163172,0.076325,0.187574,0.107484,-0.155492,0.098047,0.287112,-0.261041,0.086048,0.203894,-0.297619,-0.133228,0.101677,-0.289831,-0.205105,0.385611,0.333828,0.295367,0.408466,0.1986,0.01971,0.279918,0.315392,0.525145,0.091384,-0.306935,0.345095,0.25405,0.089365,-0.256348,0.247897,0.485914,0.050602,-0.023825,-0.034356,#
16,0.02578,0.061853,0.182181,0.119441,0.17443,-0.12005,-0.115849,0.06024,-0.237401,-0.389213,-0.151649,0.042051,0.028877,-0.033735,-0.105628,0.067057,1.0,-0.393607,-0.09184,-0.340178,-0.462669,0.088948,-0.067787,0.199645,-0.340807,-0.262042,-0.061832,-0.268665,-0.092442,-0.204762,0.030078,0.295077,-0.001667,-0.215084,-0.015629,-0.383712,-0.199883,0.100354,-0.126506,-0.09872,-0.126629,0.11061,8.1e-05,0.030004,-0.043639,0.035311,0.058216,-0.076409,-0.227118,0.072278,0.290648,0.086253,-0.010472,0.059091,0.1651,0.086318,-0.277756,-0.024563,-0.287705,-0.011848,0.042966,-0.040104,-0.04237,0.257452,0.026223,-0.047101,0.112711,-0.261542,-0.056233,0.224534,-0.284163,0.275407,0.183071,-0.255344,-0.35793,0.318757,-0.34185,-0.014316,-0.059466,-0.052967,-0.125555,-0.019963,0.047439,0.384757,-0.11412,-0.203621,0.077516,-0.262046,-0.110882,-0.192259,0.056783,-0.116718,0.230505,-0.299968,-0.106377,-0.164959,0.044779,0.129691,-0.40632,-0.157602,0.388297,0.0,-0.062858,0.129533,-0.296121,-0.352524,0.260624,-0.246838,-0.172805,0.204909,-0.254839,-0.143572,-0.110189,0.073177,-0.108591,0.161951,0.204972,-0.119239,-0.106208,0.417883,-0.272059,0.203036,-0.291181,-0.110475,0.165017,-0.20387,-0.265965,0.265751,-0.044718,0.046165,-0.137223,-0.038653,-0.23664,-0.241323,0.055447,-0.184656,0.280935,-0.267966,-0.475538,-0.048845,0.01381,0.169047,0.077119,0.220822,-0.125247,-0.102294,-0.182115,0.036277,-0.108157,-0.035223,0.236429,0.135236,-0.119251,-0.276963,-0.096152,-0.362822,-0.409392,0.058444,0.055267,-0.198812,-0.15027,0.047632,-0.172865,-0.373009,0.058637,-0.022898,-0.019935,-0.05066,0.075601,0.216116,0.189027,-0.007957,-0.193902,0.22883,-0.412226,0.051828,-0.214299,-0.282645,-0.235575,0.116892,-0.081309,-0.077933,0.629053,-0.082735,0.019882,-0.240378,0.070911,0.159494,0.260092,-0.191749,0.037258,0.215516,0.204568,0.4789,0.206005,-0.023461,0.111671,0.21343,-0.284864,0.266295,#
17,0.115445,0.172377,0.191976,0.097875,-0.153721,-0.051383,-0.319854,0.010125,-0.088918,0.288309,-0.40196,-0.356095,0.170691,0.325971,-0.199324,-0.338409,-0.393607,1.0,0.060108,0.332848,0.138403,-0.132111,0.457459,-0.040074,0.344068,-0.269941,0.16378,0.311987,-0.244793,-0.09726,0.215754,0.006488,0.207883,0.40947,-0.286058,0.192605,0.460111,-0.127925,0.148637,-0.359652,0.276811,0.227943,0.56892,-0.063996,-0.093407,-0.256627,0.487599,0.278642,-0.095154,-0.042043,0.126568,0.030673,-0.267445,-0.180369,-0.357411,-0.189986,0.080562,0.022215,0.037032,-0.264346,-0.2334,0.144469,-0.249895,-0.314435,-0.31464,0.131409,0.233682,0.360392,0.257192,-0.024583,0.086445,-0.223015,-0.425553,0.254223,0.306322,-0.119234,0.227294,-0.187913,0.036728,0.086653,0.159181,0.085308,0.038142,0.270825,0.148835,0.23404,-0.11325,0.328318,0.1963,0.135571,0.045212,0.214936,-0.186748,0.646484,0.290098,-0.049175,0.06359,0.420698,0.428693,-0.323541,-0.259061,-0.239215,-0.041887,0.313365,0.217868,0.065275,-0.084811,0.152917,0.119584,-0.009526,0.550234,0.182345,0.465542,-0.066302,0.250625,0.071857,-0.234645,-0.189989,0.645719,-0.379581,-0.152629,-0.189394,0.138318,-0.05726,-0.278332,0.087507,-0.103477,-0.211326,0.164525,-0.214572,0.25277,0.124423,0.579624,0.298202,0.235404,-0.101323,-0.155728,0.509281,0.211822,0.083739,0.019266,-0.080437,0.165993,-0.183244,-0.027525,0.072452,0.106851,0.117145,-0.154919,0.303611,-0.37581,0.099485,0.26557,0.186555,0.109982,0.288413,0.660832,-0.137917,-0.246617,0.241522,0.234897,0.404502,0.286024,0.71533,0.217133,0.068365,0.192353,-0.221458,-0.630557,0.089728,-0.187502,0.291283,0.260388,-0.173903,-0.254864,0.247756,0.446393,0.097585,0.207487,-0.125415,-0.164865,-0.341699,-0.748809,-0.264878,-0.06551,-0.024561,-0.170501,0.074958,-0.540762,0.156874,-0.103354,-0.305633,-0.033587,-0.240202,0.104173,-0.131161,-0.087652,-0.038068,0.29165,-0.328007,#
18,0.146077,-0.012908,-0.189074,-0.065974,0.09362,-0.016779,-0.006812,-0.033057,0.16219,-0.092796,-0.138021,-0.049901,0.173845,0.407309,-0.076113,0.360963,-0.09184,0.060108,1.0,-0.013338,0.208517,0.127757,0.041602,-0.081927,-0.450291,-0.364484,-0.135996,0.435587,0.111629,-0.42299,-0.083311,0.124351,-0.02349,-0.088671,0.085851,0.116211,0.222803,0.575024,-0.301366,-0.21187,0.558042,-0.349003,-0.102495,0.003695,-0.232924,-0.115749,0.213884,-0.248627,0.276852,-0.068291,-0.208242,0.181953,-0.087532,-0.190321,-0.299448,-0.388594,-0.047511,0.260721,0.121187,-0.302636,0.033141,-0.17142,0.318046,-0.052389,0.034023,0.151545,0.319963,-0.13336,0.155715,0.323361,-0.187456,-0.036275,-0.08162,-0.05135,0.179776,-0.255095,0.175038,-0.211404,0.326011,-0.018251,0.072856,0.002285,-0.109541,-0.199494,0.266978,0.038631,-0.110989,-0.035825,-0.005944,0.425338,0.401681,0.111902,-0.071311,-0.011587,0.102022,0.014781,-0.058178,0.006594,0.016573,0.032306,0.155868,0.039629,-0.042636,0.082674,-0.093289,0.109209,-0.415537,0.007936,0.326745,-0.011823,-0.037677,0.041655,0.139857,0.1104,-0.029073,-0.082764,0.079458,0.389156,0.153743,-0.043593,0.146685,-0.109541,0.280446,0.269594,-0.063198,0.179556,-0.052297,0.26906,0.155264,0.25564,0.047267,0.413826,0.007838,-0.095665,0.243991,0.017131,-0.330577,-0.00664,-0.082646,-0.029851,-0.033598,-0.173502,-0.162134,-0.0906,0.05877,0.392571,0.19803,0.201795,-0.428679,0.180462,0.022616,-0.051416,0.105719,-0.038726,0.091422,0.065317,0.02668,0.217733,0.044284,-0.100002,-0.063469,0.006989,-0.083609,0.062378,0.416815,0.063199,0.135274,-0.231138,-0.211433,0.486803,-0.400628,0.51931,0.067184,-0.125207,-0.21511,0.060105,0.11838,0.155003,-0.068875,-0.206309,0.019788,0.004254,-0.017299,-0.133862,0.154152,-0.105497,0.262652,0.138107,-0.043286,-0.238899,-0.122586,-0.195604,0.148249,-0.042754,-0.184866,0.084071,0.099212,-0.098523,0.081266,-0.022642,#
19,-0.263544,-0.315519,-0.341747,-0.027977,-0.330411,0.095101,-0.066515,0.082265,-0.281192,-0.02511,0.00334,-0.233775,-0.071459,0.002782,-0.190551,0.089899,-0.340178,0.332848,-0.013338,1.0,0.200231,0.175073,-0.07534,-0.03998,0.142475,0.228729,0.314892,0.022101,-0.235739,0.084032,0.409814,-0.411774,0.376247,0.204737,0.394913,-0.035014,-0.028579,0.176529,-0.245663,-0.101242,0.074843,0.191589,-0.094109,-0.205091,-0.039662,-0.065085,-0.010119,-0.053169,0.162455,-0.211783,0.178076,0.027609,-0.354947,-0.246665,-0.219478,0.142583,-0.051705,-0.083431,0.169107,-0.346386,-0.040746,0.188959,0.230963,-0.21426,-0.168464,-0.158909,0.191259,0.301529,0.045257,0.114589,-0.226575,-0.054881,-0.120327,0.12892,0.548368,-0.203401,0.219292,0.061483,0.075189,0.259408,0.100409,0.417464,0.313906,-0.282357,0.372243,0.352568,-0.055122,0.413052,0.221824,0.346468,0.264129,0.116548,-0.245495,0.147777,0.439156,0.151295,0.27401,0.254556,0.274081,0.022223,-0.181126,-0.160243,0.130752,0.14576,0.329048,0.312022,-0.109368,0.437472,0.049382,-0.123134,0.302573,-0.299896,0.308526,-0.09417,0.283696,0.329347,0.29116,0.13867,0.143987,-0.050762,0.208015,0.163139,0.186767,0.099333,-0.210568,0.26512,0.214412,0.101669,0.171927,-0.081566,0.075025,0.172785,0.320878,0.029048,0.063133,0.134091,-0.239834,0.413052,-0.010332,0.438686,0.242912,-0.425081,0.228727,0.144194,0.13867,0.094286,0.32541,-0.184497,0.320188,0.216914,0.253104,-0.205747,0.291332,0.45508,0.307168,0.489173,0.306066,-0.667092,0.36703,0.482706,-0.037114,0.223032,-0.00136,0.560527,0.022787,0.06509,0.332303,0.37295,-0.179487,0.093204,-0.1706,-0.234614,0.327212,0.077306,-0.109513,0.447697,0.499226,-0.006499,0.275008,0.290469,-0.243976,-0.106005,-0.485543,-0.178962,0.056605,0.186096,-0.215698,0.305967,-0.060801,0.004843,-0.160056,-0.194923,-0.16827,-0.343238,0.057362,0.011649,-0.101292,0.024729,-0.052559,0.007326,#
20,-0.288497,0.000488,-0.047436,0.087404,-0.230537,0.275891,-0.197317,0.227181,-0.230825,0.029003,-0.032435,-0.226609,-0.382979,0.214377,0.06287,-0.044119,-0.462669,0.138403,0.208517,0.200231,1.0,-0.049147,-0.284795,-0.08911,0.011406,0.297206,0.100747,0.243899,-0.198333,0.041404,0.016986,0.01193,0.134311,0.018055,-0.09988,0.023148,-0.07934,0.342856,0.128174,-0.199357,0.072724,-0.194391,0.246432,0.326622,0.045999,0.07121,-0.23125,-0.142559,0.100136,-0.409776,-0.179444,0.077628,-0.046188,-0.095843,-0.372471,0.145234,0.29072,-0.211752,-0.022812,0.131723,-0.150914,0.089986,0.248965,-0.174649,-0.115918,0.080644,-0.230113,0.350697,-0.16754,-0.018131,0.134127,0.067847,-0.038807,0.413633,0.385971,-0.155026,0.46494,0.3802,0.289064,0.116347,0.173952,0.112868,0.160173,-0.093208,0.252413,0.127109,0.229417,0.343651,0.220542,0.405433,0.355891,0.181223,0.352187,0.066847,0.257614,0.403158,0.054122,0.285015,0.108724,0.458016,-0.354462,0.210155,0.196579,0.228739,0.15667,0.144976,-0.214994,0.068409,0.551925,-0.355788,0.140271,0.019872,0.057234,0.097269,0.413633,0.151662,0.257614,0.332769,-0.303024,0.091802,0.286813,0.328551,0.256425,0.387361,0.025054,0.119287,0.472576,0.148533,0.189148,0.353858,0.355891,0.212299,0.002863,-0.143601,0.351372,0.394963,-0.183756,0.343651,0.239366,0.296382,0.188479,-0.183656,-0.010739,-0.216913,0.332769,0.168695,0.582943,-0.316498,0.160173,0.193379,0.145789,0.309769,0.432311,0.160074,0.237243,0.225959,0.104066,-0.262641,0.051159,0.163648,0.080077,0.003451,0.39324,0.211588,-0.217197,-0.078666,0.08252,-0.128121,0.210623,0.273474,-0.396719,-0.297331,-0.238693,0.347147,0.106305,0.153356,0.153376,-0.125083,-0.240137,-0.167005,-0.052314,-0.372087,-0.321127,0.203715,-0.114925,-0.118096,-0.096047,-0.010791,0.212384,-0.161104,0.22633,0.005161,-0.458359,-0.539661,0.098501,-0.048269,-0.406351,-0.120544,0.350664,-0.102453,#
