0,1.0,-0.086347,-0.002512,-0.105377,0.314677,-0.104545,-0.013711,0.110084,0.22811,0.095189,-0.224477,0.218251,0.301619,-0.024122,0.375526,0.157257,0.349934,-0.206027,0.013251,-0.179516,-0.278245,0.159415,-0.12582,0.116705,0.082487,-0.201696,-0.220239,-0.322014,0.328456,0.122431,-0.337267,-0.060493,-0.18294,-0.035869,0.042557,-0.056573,0.084104,0.121093,-0.127202,0.066088,-0.14213,-0.195906,-0.321092,0.329609,0.349466,0.226685,0.333142,-0.177406,0.073149,0.361093,-0.231315,-0.05811,0.330113,-0.222298,0.259584,0.034471,-0.194034,0.170428,-0.078828,0.099484,0.204261,-0.09267,0.138296,-0.071885,0.107747,0.099472,-0.032578,-0.420604,0.171836,-0.19525,0.219134,-0.35027,-0.127202,-0.269905,-0.320296,0.109109,-0.038856,-0.272314,-0.129506,0.007994,0.260224,-0.283735,-0.02726,-0.508229,0.162581,-0.090799,-0.20633,-0.084849,-0.06169,-0.335406,0.208199,-0.115688,0.265461,0.023038,0.044546,-0.095104,-0.253197,-0.229602,0.215397,-0.187861,-0.045758,-0.038856,-0.086271,-0.083309,0.177463,-0.174576,-0.089692,-0.124985,0.063471,-0.427241,-0.357671,-0.127202,0.227911,-0.053438,-0.375358,-0.199985,-0.131679,-0.064488,0.123631,-0.438554,0.077256,0.078365,-0.340867,-0.126454,-0.158299,-0.13384,-0.008811,-0.079227,-0.410673,0.147397,0.109144,-0.37337,-0.063684,0.078905,-0.368511,-0.176429,-0.183722,-0.227723,0.002302,-0.32369,-0.083309,-0.384417,-0.076551,-0.062372,-0.328186,0.171546,0.04136,-0.071096,-0.26129,-0.236333,-0.142703,-0.138619,0.206982,-0.08914,-0.265436,0.147275,0.117562,0.19411,-0.33323,0.061102,-0.239597,0.136708,0.109972,-0.199928,-0.003318,0.087432,0.068226,0.063313,-0.219307,-0.092892,0.147412,0.010581,0.077256,-0.204237,0.331003,0.020361,0.117639,0.161598,0.070977,-0.246642,-0.10032,-0.206202,0.22841,0.236745,0.035924,-0.046179,0.399457,0.038938,0.111654,0.230461,-0.459112,0.101018,-0.076269,0.207272,-0.131424,0.09628,-0.018822,-0.155634,0.108627,0.083858,#
1,-0.086347,1.0,-0.051295,0.090484,0.207593,0.297833,-0.192274,-0.249669,-0.017318,0.16945,-0.077179,0.113422,-0.063975,0.108105,0.141293,0.079675,-0.249636,-0.062137,-0.34288,0.155864,-0.10959,0.344127,0.134271,-0.163916,-0.032688,-0.237752,-0.118834,0.027601,0.223368,0.501194,-0.32648,-0.151956,-0.146707,-0.009872,-0.125534,0.321196,0.065449,-0.250353,-0.102008,0.222851,0.001963,-0.254107,0.177209,0.221381,-0.249811,0.066752,0.221776,0.069294,-0.18146,0.307236,0.157956,0.093673,0.186201,0.150789,0.203272,-0.079754,-0.018162,0.262532,0.223392,-0.115562,0.08993,-0.003547,0.24449,0.146908,-0.177786,0.02458,0.05124,0.215139,0.426338,0.101755,-0.196941,-0.049869,-0.102008,-0.169135,0.086349,0.090692,-0.342627,0.146994,-0.020906,0.042661,-0.137632,-0.117717,-0.222698,0.194187,-0.039482,-0.184462,-0.229041,-0.190687,0.112135,0.007899,-0.180176,0.086342,0.066008,-0.311493,-0.407756,-0.167823,-0.252409,-0.282203,-0.225852,0.014195,-0.055679,0.085916,0.271697,-0.16518,-0.245165,-0.113485,-0.452934,0.046957,0.052573,0.083482,-0.118605,-0.102008,-0.407003,-0.283131,0.137564,0.142506,-0.224942,-0.015561,0.287871,0.115507,-0.280677,-0.132001,0.107777,0.080987,0.056067,0.200605,0.110469,0.108246,0.242663,-0.00385,-0.059726,-0.056798,-0.082897,-0.031204,-0.140747,-0.090632,-0.147334,-0.299984,0.345186,-0.10348,-0.16518,-0.151708,0.249529,-0.375217,0.021899,0.211471,0.18051,-0.09238,-0.034499,-0.124247,-0.359164,-0.107816,-0.218103,0.022306,-0.059453,-0.027193,-0.142646,0.068786,0.223998,-0.04328,-0.114253,-0.147299,-0.185649,-0.050531,0.012619,0.382786,0.020715,-0.618829,0.27889,-0.249745,-0.168855,-0.134494,-0.280677,0.064844,-0.002641,0.326795,0.013633,0.002944,0.291328,-0.11751,-0.125901,0.036725,-0.052052,0.130495,0.351157,-0.045137,0.079093,-0.059722,-0.073765,0.291953,-0.006219,0.150315,0.294552,0.481204,0.128563,-0.374462,0.316645,0.113532,0.003221,0.446229,#
2,-0.002512,-0.051295,1.0,0.338683,-0.124387,-0.154668,0.068406,-0.023266,0.098761,0.318518,0.081583,0.116556,-0.189974,0.20213,-0.117749,-0.258612,-0.441994,0.18718,0.177506,0.408027,-0.338991,0.062703,-0.075248,0.317969,0.04762,0.012947,0.042007,-0.217213,0.241475,-0.231186,0.250226,0.211064,-0.259753,0.166019,-0.240676,0.087714,-0.130412,-0.025979,-0.180611,-0.396139,-0.494016,0.355522,0.040235,-0.093062,-0.044847,-0.34756,0.069673,-0.018472,-0.320913,0.267377,-0.308048,0.188625,-0.045713,0.143862,-0.300217,-0.202711,-0.059591,-0.197136,-0.431058,-0.254142,0.272033,0.342331,0.151152,-0.139629,-0.177522,0.007979,0.278633,-0.314187,-0.176656,-0.043531,0.081519,0.020957,0.199623,0.168829,-0.122689,0.203559,-0.079406,-0.217768,0.061173,-0.021412,0.180683,0.019754,-0.277153,0.240687,-0.116367,-0.03917,0.035129,-0.174132,0.09106,-0.064765,-0.05464,-0.129724,0.166607,0.510014,0.062968,0.192861,0.110228,0.092,-0.0962,0.085467,-0.465432,-0.262824,-0.073566,0.326914,0.020839,0.154222,0.169246,0.071697,-0.000149,0.077867,0.313091,-0.180611,-0.053379,0.260759,0.168944,-0.041741,-0.092645,0.03899,0.295152,-0.075355,-0.118738,0.52376,0.062354,-0.123712,-0.03668,0.4331,0.115517,-0.40715,0.065223,-0.036024,0.335448,0.330158,-0.211875,0.170438,0.209341,0.17179,0.054111,0.415317,-0.132564,-0.121861,0.50816,0.026479,0.159279,0.044524,0.29368,0.310653,0.08855,-0.191278,-0.174545,0.097356,0.121878,0.428259,0.257442,0.336458,0.49672,0.142196,-0.126185,0.192775,0.272123,0.086845,0.121636,0.016995,0.140019,0.19429,-0.044307,-0.180933,0.005623,0.178057,0.236948,0.161038,-0.276469,0.21209,-0.118738,0.014199,0.056993,0.273711,-0.066436,0.224154,0.031945,0.197284,0.190475,0.018126,-0.118242,0.076706,-0.26984,0.178682,-0.017632,0.378091,-0.061481,0.020616,0.162981,-0.379184,-0.294698,0.040578,-0.330279,-0.34602,-0.181023,-0.081497,0.205222,-0.126445,#
3,-0.105377,0.090484,0.338683,1.0,-0.299759,-0.140652,-0.30101,-0.113032,-0.372174,-0.088978,0.093115,0.056334,-0.364613,-0.246441,-0.045213,0.24277,-0.10439,-0.350217,-0.210394,0.113731,-0.31349,-0.050463,-0.46767,0.036301,0.157699,0.177948,-0.106675,-0.088401,0.048782,-0.311044,-0.229992,-0.104055,-0.305091,0.151685,0.058214,-0.194202,-0.12447,0.094877,-0.212136,0.156104,-0.252728,0.042551,-0.132861,-0.134562,0.076587,0.296246,-0.280466,-0.603906,0.00303,0.17811,-0.218474,0.263867,0.101579,0.157117,0.009381,0.164119,0.015902,0.019034,-0.393763,-0.175358,0.040945,0.04776,0.442333,0.179188,-0.079695,-0.506174,-0.240357,-0.077071,-0.355191,-0.114316,-0.116576,0.296248,0.163326,0.026723,-0.12925,0.301938,-0.020854,0.436075,0.425486,-0.211155,0.182894,0.183639,0.041164,0.092538,-0.10389,0.031977,0.167636,-0.113546,0.099818,-0.023415,0.270346,0.194731,0.171395,0.215263,-0.224767,-0.132516,0.137041,0.100298,-0.043598,0.154903,-0.151319,0.331317,0.220017,0.188782,0.042245,0.03822,0.1114,0.226074,-0.124162,0.103639,-0.203692,-0.212136,-0.19739,0.095038,-0.134624,0.396479,0.280416,-0.006397,-0.369935,0.423329,0.177183,-0.151371,0.191598,0.519441,0.304651,-0.045463,0.024209,-0.347058,0.087392,0.285844,-0.239112,-0.157495,-0.051034,0.123027,0.123396,0.238109,0.292607,0.090278,-0.365737,0.173769,0.026014,0.191266,0.074534,0.015707,0.264036,0.320112,-0.217662,-0.382299,0.106052,-0.213438,-0.081319,0.177949,0.181962,0.204157,0.086317,0.072264,-0.31951,-0.293493,0.256309,0.000243,0.053332,-0.021041,0.207638,-0.296616,-0.39102,-0.19952,-0.112107,-0.197829,0.469516,-0.324779,-0.115896,-0.299907,0.177183,0.10217,-0.135951,-0.142621,0.075589,-0.123003,-0.450452,0.11805,-0.126547,-0.165531,0.19909,0.031895,-0.12275,-0.131154,-0.217273,-0.222555,0.381967,-0.13706,-0.036393,0.140327,-0.163214,-0.284,-0.362216,-0.111069,-0.219373,0.192231,-0.246615,0.05633,#
4,0.314677,0.207593,-0.124387,-0.299759,1.0,0.233797,0.026177,0.169482,0.300245,0.072159,-0.324434,0.253497,0.322857,0.211418,0.108112,-0.042699,0.22836,0.231196,-0.22744,0.04376,0.323271,0.0473,0.525741,-0.229897,-0.12042,-0.421945,-0.017976,-0.208604,0.143275,0.422877,-0.230901,-0.023729,-0.052996,-0.258355,-0.198502,0.366546,0.196744,-0.433636,-0.249442,-0.277246,-0.088701,0.208235,-0.091475,0.082136,0.196119,-0.084471,0.462922,0.347157,0.110383,-0.059579,0.005863,-0.553793,0.177862,-0.335701,0.263094,-0.075396,-0.371048,0.015385,0.407539,0.173128,0.082001,0.179452,-0.053849,-0.282303,-0.096338,0.618521,0.104578,0.108181,0.50895,0.088534,0.172534,-0.5206,-0.249442,-0.747221,-0.293001,0.23847,-0.522158,-0.440749,-0.335377,-0.241507,-0.146363,-0.622372,-0.373921,0.011522,-0.30367,-0.114414,-0.692188,-0.078035,-0.062861,-0.179933,-0.427675,-0.483498,-0.1668,-0.420308,-0.189551,-0.438132,-0.578236,-0.539041,-0.191046,-0.324306,-0.19369,-0.310936,-0.314635,-0.250066,-0.264672,-0.598667,-0.138447,-0.3668,0.061831,-0.481113,0.175897,0.172791,-0.210132,-0.704302,-0.131562,-0.015393,-0.368411,-0.428232,0.357049,-0.436716,-0.132264,-0.014774,-0.585952,-0.620811,0.044306,0.295977,-0.244745,0.438921,-0.300868,-0.424246,-0.143797,0.033514,-0.365341,0.039595,-0.491856,-0.384303,-0.360277,-0.38821,0.290014,-0.407727,-0.269562,-0.340378,-0.200638,-0.042597,-0.582219,-0.064824,0.076667,0.590607,-0.47072,-0.174924,-0.585905,-0.081011,0.091666,-0.599476,-0.483391,-0.241246,0.229088,0.545066,-0.408023,0.060591,-0.210968,0.238788,-0.277249,0.198942,-0.082015,0.232207,-0.251206,-0.257677,-0.501593,0.178542,-0.136665,0.257227,-0.339086,-0.554731,-0.02679,-0.078738,-0.01338,0.321005,0.357081,-0.476348,0.359969,-0.130006,-0.051775,0.113568,0.482177,-0.259768,0.22565,0.027345,-0.327209,0.384536,-0.496134,0.285956,0.488095,0.40637,-0.203164,0.260683,0.386816,-0.246376,-0.292727,-0.057114,#
5,-0.104545,0.297833,-0.154668,-0.140652,0.233797,1.0,0.347274,0.291537,-0.04384,0.023758,-0.089421,0.301557,0.170674,0.383913,-0.051397,-0.097864,0.076478,0.10152,-0.201127,-0.088778,0.160173,0.276814,0.086647,-0.306982,0.18538,-0.312531,0.098562,-0.239582,0.076131,0.304683,-0.148939,0.091439,0.001181,-0.283748,-0.161744,0.349687,0.078326,-0.230197,-0.210354,-0.15323,0.236572,0.074378,0.097878,-0.007862,0.099826,0.163824,0.04384,0.305199,0.1362,0.011565,0.229505,-0.249886,0.283567,-0.37533,0.178413,-0.167083,-0.00395,0.232893,-0.063273,-0.116377,-0.0167,-0.120009,-0.166372,0.109375,-0.089465,-0.027624,-0.018959,0.315712,0.338173,-0.224934,-0.401379,-0.482786,-0.210354,-0.322775,0.002607,0.156838,-0.369917,-0.09661,-0.234561,-0.345492,-0.168683,-0.464319,0.315199,-0.235054,-0.126765,0.158404,-0.006828,-0.09604,-0.269613,-0.174878,0.068764,-0.172299,0.138899,-0.524687,-0.239136,-0.450746,-0.283531,-0.235397,-0.018124,-0.49544,0.180376,-0.170095,0.165739,-0.49183,-0.239778,-0.363877,-0.085879,-0.768265,-0.178837,-0.246179,-0.027913,0.209064,-0.1042,-0.400167,0.05984,-0.146898,-0.257407,-0.237783,0.139055,0.022341,-0.003044,-0.026279,-0.182475,-0.31436,-0.01179,-0.045782,-0.17815,0.115827,-0.052993,-0.314356,-0.115,-0.112707,0.248037,-0.14732,-0.057954,0.096941,0.005007,-0.247043,-0.105797,-0.356169,-0.336904,-0.173392,-0.315372,-0.053781,0.082765,-0.06219,0.00505,0.21596,-0.275209,-0.209336,-0.104458,0.050134,-0.096229,-0.007364,-0.26243,-0.333148,0.396318,0.257864,-0.235978,-0.012077,-0.006577,0.0197,-0.004284,0.046793,-0.070937,0.488326,0.019103,-0.095661,0.097901,-0.109168,0.25071,0.156212,-0.208487,0.057846,0.327954,-0.021847,-0.191113,0.226246,0.249098,-0.374537,0.236245,-0.121234,0.003376,0.508801,0.413786,-0.409873,0.120076,-0.052628,-0.348084,0.252762,-0.134068,0.30396,0.44702,0.296036,0.367121,0.054588,0.333576,-0.190036,-0.086064,0.238666,#
6,-0.013711,-0.192274,0.068406,-0.30101,0.026177,0.347274,1.0,0.417163,0.221093,-0.207419,0.308244,0.04018,0.129336,0.238572,0.130299,-0.062269,0.232361,0.149188,0.400706,-0.109415,0.160953,0.336243,-0.009583,-0.08388,0.110842,0.021907,0.041215,-0.081887,0.404399,0.029349,-0.182671,0.258904,0.176846,-0.596399,-0.160112,0.392697,0.099675,0.041081,-0.246535,-0.333656,-0.053618,0.101301,-0.094134,0.126351,0.031286,-0.208947,0.15915,0.063862,-0.04129,0.150804,-0.163945,-0.115414,-0.143183,-0.029664,-0.175424,-0.243854,0.068846,-0.135613,-0.015997,0.096624,0.092054,0.018158,-0.396534,0.21837,-0.034598,0.001089,0.153392,0.08583,0.33369,-0.125261,-0.01213,-0.321432,-0.246535,-0.115493,-0.14923,0.244833,-0.144757,-0.477814,-0.702247,-0.22401,-0.000993,-0.336639,-0.053722,-0.350242,-0.236944,0.040147,-0.19798,-0.245843,-0.431296,0.022519,-0.068173,-0.192093,-0.149597,-0.248362,-0.250363,-0.087646,-0.433622,-0.268345,-0.336852,-0.340196,0.144435,-0.466967,-0.327624,-0.448888,-0.042015,-0.279391,0.000317,-0.439111,0.0087,-0.157061,0.066941,0.186567,-0.03568,-0.074671,-0.055907,-0.274005,-0.398331,-0.0855,0.090199,-0.123893,-0.295957,0.019613,-0.416289,-0.347238,-0.208048,0.003958,-0.474981,0.240933,-0.255881,-0.396391,-0.095901,-0.233946,-0.063766,-0.120903,-0.12373,-0.190382,-0.037174,-0.247279,-0.032056,-0.42233,-0.098341,-0.326046,-0.397452,0.289678,-0.228482,-0.173105,-0.265657,0.332837,-0.144959,0.030317,0.225221,0.163012,0.051643,-0.081038,-0.149105,-0.434471,0.216686,0.410486,-0.396056,-0.096307,-0.143503,-0.355994,-0.127717,-0.068973,-0.07918,0.448048,-0.294262,-0.009968,-0.159415,0.014719,0.200921,0.256169,-0.295957,-0.163714,0.305611,-0.085186,-0.098475,0.394369,0.396655,-0.295187,0.4264,-0.040204,0.131525,0.512638,0.343529,-0.084034,0.155683,0.264507,-0.037853,0.114476,-0.161876,0.33482,0.342463,0.309059,0.127458,0.277831,0.293351,-0.257063,-0.072779,0.176536,#
7,0.110084,-0.249669,-0.023266,-0.113032,0.169482,0.291537,0.417163,1.0,-0.020611,-0.254688,-0.064419,-0.148295,0.082552,0.303493,0.322669,0.017612,-0.013235,-0.236253,0.283445,-0.27786,-0.07654,0.250255,-0.080672,-0.374444,-0.03422,-0.043946,0.095577,-0.138151,-0.029261,0.012004,-0.069516,0.090644,0.237334,-0.43884,-0.041675,0.274208,0.10763,0.18237,-0.101981,-0.405914,0.051991,0.367308,0.199256,0.016241,-0.003933,0.162786,0.144441,-0.079496,0.047001,-0.188094,-0.342976,-0.150112,0.041154,-0.557412,-0.069302,0.078329,-0.065921,0.064785,-0.19355,0.117876,-0.169014,0.255132,-0.399843,0.174856,0.273874,0.242699,0.048728,0.245675,-0.064618,-0.348317,-0.081592,-0.472309,-0.101981,-0.374492,-0.123396,0.109508,-0.144301,-0.446963,-0.407509,-0.356061,-0.101988,-0.519563,0.192211,-0.407457,-0.062698,0.236009,-0.002341,-0.161072,-0.290295,-0.031525,0.046895,-0.331802,0.096977,-0.311408,-0.00792,0.012324,-0.436048,-0.08763,-0.196582,-0.410554,0.126995,-0.342533,0.012519,-0.374484,-0.235093,-0.311178,0.134783,-0.552677,0.017274,-0.342528,-0.237212,0.428318,0.187027,-0.070223,-0.253343,-0.101401,-0.215269,-0.048828,-0.139734,0.0661,-0.062534,-0.124293,-0.30646,-0.126949,0.204276,-0.018528,-0.311129,-0.083896,0.16803,-0.249677,0.158089,-0.251261,-0.085783,-0.164325,-0.115942,-0.087593,0.243178,-0.085699,-0.164356,-0.305511,-0.1786,-0.348615,-0.249721,0.252298,-0.173974,-0.449014,-0.28041,-0.001543,-0.067861,-0.147187,0.041754,0.117641,0.305261,-0.159382,-0.065203,-0.249471,0.31471,0.152582,-0.56281,0.190869,-0.034995,-0.147259,0.033974,-0.062698,-0.354187,0.152827,-0.373825,0.080254,-0.342353,-0.015497,-0.009758,0.238643,-0.062534,0.074874,0.191291,-0.102617,-0.249505,0.191159,-0.125254,-0.172033,0.075267,-0.003196,0.102897,0.322774,0.114093,-0.236141,0.180119,0.188133,-0.006157,-0.121816,-0.407926,0.494585,0.263198,0.111487,-0.081165,0.240047,0.072687,-0.324604,-0.009875,-0.165451,#
8,0.22811,-0.017318,0.098761,-0.372174,0.300245,-0.04384,0.221093,-0.020611,1.0,0.091677,0.232205,0.142538,0.385863,0.310918,-0.167141,-0.11442,0.211668,0.395749,0.384566,0.271021,-0.10555,-0.03022,0.2067,0.076329,-0.259067,-0.223824,-0.016345,0.251212,0.166693,0.006408,0.156167,0.153564,0.070275,-0.273191,-0.108397,-0.06211,0.618243,-0.216209,-0.166448,-0.152448,-0.271907,0.244759,-0.23308,0.29728,0.393511,-0.321117,0.291651,0.234173,-0.202886,0.294973,0.184767,-0.128122,0.227527,0.234666,-0.319648,0.189055,-0.11275,0.004247,0.271704,0.078154,-0.337829,0.002378,-0.086044,-0.149666,-0.117228,0.223144,0.522807,-0.162403,0.307279,0.282978,0.34625,-0.102567,-0.166448,-0.094236,-0.036333,0.086639,0.117571,-0.576627,-0.193975,0.215105,0.117465,-0.207048,-0.035914,0.165328,0.099847,0.046354,-0.024282,-0.123761,-0.004794,-0.318632,0.203148,-0.06675,-0.034821,0.215622,-0.030055,0.064996,-0.054686,-0.163258,-0.032792,-0.058331,-0.365762,-0.232698,-0.343238,0.050052,0.263908,0.031412,-0.094176,0.089486,0.039963,-0.018155,0.225657,-0.166448,0.330988,0.02921,0.240553,-0.508266,-0.041693,-0.029988,0.521323,-0.342367,0.076891,0.302006,-0.168718,-0.689429,-0.330987,0.167987,-0.1671,0.3417,-0.306036,-0.021958,0.450402,0.411015,0.012548,-0.018698,0.151837,-0.150971,0.050716,0.170775,0.209565,0.002567,0.396172,0.103136,-0.203946,0.216727,-0.101522,-0.062832,0.31158,0.373989,-0.071818,0.153921,0.085658,0.020615,0.066112,-0.100501,-0.073611,-0.033501,-0.009856,0.307831,0.046397,0.116977,0.091922,0.036507,-0.117603,0.588204,0.389723,-0.074879,-0.280654,0.02222,-0.048637,0.391829,-0.320727,0.090423,0.076891,-0.041673,-0.181473,0.011129,-0.021674,0.148069,0.12602,-0.256362,0.121106,-0.177929,-0.335628,0.015803,-0.16128,0.386604,0.07633,0.131754,-0.501369,-0.027355,0.16952,-0.304629,-0.143997,0.241077,0.185847,0.058201,-0.056378,0.003019,0.143832,0.124898,#
9,0.095189,0.16945,0.318518,-0.088978,0.072159,0.023758,-0.207419,-0.254688,0.091677,1.0,-0.274183,0.491134,0.108292,0.499653,-0.52296,-0.226905,-0.454924,0.495135,-0.316791,-0.00329,-0.070281,-0.172293,0.073189,0.223692,0.424955,-0.02409,0.304085,-0.525035,0.071916,0.18475,0.173096,-0.287758,-0.390491,0.318212,-0.173789,0.348433,-0.073516,-0.399892,0.146458,-0.05789,0.02937,0.31716,0.198601,0.09848,0.157816,-0.149138,-0.096327,0.421027,-0.340921,0.187629,0.014166,-0.130844,-0.088654,0.020753,-0.14719,-0.452565,-0.074206,0.075017,0.240015,0.191294,0.049984,0.354449,0.107879,-0.268047,-0.111305,0.058982,0.094083,0.095956,0.113595,0.03984,-0.092241,-0.164116,0.129739,0.033918,0.120036,-0.232167,-0.027815,-0.240775,0.256249,0.320566,-0.251295,0.097612,-0.125533,0.097875,0.494614,-0.351961,-0.114988,-0.130837,-0.137265,0.257831,-0.197814,-0.08937,-0.07816,0.269173,-0.075232,0.198969,0.123486,0.037837,0.080663,0.1839,-0.175506,0.141449,0.120912,0.190306,0.149603,0.096478,-0.072633,0.030141,-0.157896,0.149332,-0.01075,0.163177,0.097119,0.031543,0.317449,-0.100436,-0.260836,-0.261092,0.524484,-0.280116,0.02839,0.433669,0.008687,-0.247858,-0.308598,0.276485,0.070913,-0.068595,-0.036896,0.351043,0.116222,0.486195,0.043936,0.622523,-0.143277,0.092337,-0.108068,0.048347,0.479572,-0.178379,0.204474,0.116269,0.152095,-0.276205,0.330776,0.229148,0.433651,-0.120353,-0.243551,0.320287,-0.340776,0.002204,-0.151566,0.219886,0.45371,0.147199,-0.084321,0.330306,0.321973,0.211353,0.308048,0.22459,-0.169864,0.489163,-0.000501,-0.029548,0.045797,-0.100104,0.129286,0.184489,-0.076959,-0.094844,0.012618,-0.124088,-0.105595,0.201426,-0.272368,0.240926,0.457697,-0.016282,0.105796,-0.132899,-0.358342,-0.16193,-0.159543,-0.092436,0.087144,0.098119,-0.331488,0.445786,0.194028,-0.45489,-0.246552,0.161556,-0.155346,-0.498223,0.08567,0.005733,0.405745,-0.083824,#
10,-0.224477,-0.077179,0.081583,0.093115,-0.324434,-0.089421,0.308244,-0.064419,0.232205,-0.274183,1.0,-0.152269,-0.234222,-0.068915,0.002037,0.056503,0.357812,-0.181145,0.329444,0.238298,-0.221938,0.157135,-0.293205,0.240838,-0.14455,0.24662,-0.29747,0.356597,0.028328,-0.276535,-0.035232,0.259498,-0.279259,-0.245546,0.337219,-0.138178,0.153871,0.03744,-0.194174,0.095237,-0.359176,-0.195311,-0.105454,-0.382669,-0.086789,0.056809,-0.320985,-0.542651,-0.041224,0.150723,0.216534,0.233515,-0.030849,0.376032,-0.449314,0.062303,0.191193,-0.179203,-0.022153,0.113825,0.013676,-0.057719,0.186565,0.183036,0.296067,-0.211151,0.032757,0.018955,-0.183127,0.043007,-0.117719,0.334524,0.209012,0.234151,0.091709,0.165818,-0.122414,0.051635,-0.01157,0.055654,0.26565,0.077437,-0.21701,0.326308,-0.173304,-0.081183,0.105337,-0.037579,-0.318236,0.060674,0.189258,-0.080685,-0.048537,0.241415,-0.190819,-0.043597,-0.045857,-0.020539,-0.278296,-0.08972,0.151587,-0.139318,-0.418333,0.225787,0.462291,-0.108457,0.032218,0.17056,-0.432236,0.507559,-0.042774,-0.194174,-0.153845,0.314883,0.145154,0.064371,-0.164599,0.08389,-0.093417,0.305099,-0.156876,-0.050379,-0.053842,0.08797,0.003313,-0.262149,-0.297184,-0.102885,0.14161,-0.08191,0.216958,-0.023885,0.15693,-0.204863,0.443634,0.291887,0.313756,-0.000103,-0.383786,0.118517,0.236037,0.190117,-0.087219,0.155413,0.193754,0.337107,0.046409,-0.133825,0.206653,-0.11381,0.359621,0.19825,-0.268614,0.08831,0.027879,-0.475001,-0.351524,0.148949,0.172259,0.044802,-0.002858,-0.280386,-0.085258,-0.010681,0.192667,-0.04767,-0.257285,0.05111,0.328562,-0.061941,0.192169,-0.159729,-0.156876,0.251366,-0.200072,-0.389523,-0.342471,0.189333,-0.146298,0.144353,0.186933,-0.083712,0.13166,0.166791,0.040794,0.33404,-0.455895,-0.232823,0.248198,-0.117012,0.136955,0.089983,0.045851,0.116716,0.3179,-0.001012,0.135869,-0.207515,-0.168263,0.158424,#
11,0.218251,0.113422,0.116556,0.056334,0.253497,0.301557,0.04018,-0.148295,0.142538,0.491134,-0.152269,1.0,0.135022,0.266125,-0.350805,-0.070704,-0.098155,0.194235,-0.253717,-0.183783,-0.061493,0.226034,-0.167198,0.250937,0.377995,-0.397582,-0.032417,-0.426177,0.238728,0.12096,-0.123823,-0.01689,-0.12671,-0.05375,-0.27185,0.446656,-0.051684,-0.322393,-0.323048,0.03178,0.117809,0.195691,-0.283321,0.029247,0.100707,0.016776,-0.139864,0.148042,0.034407,0.040006,-0.062711,-0.234687,0.063734,-0.133854,0.174072,-0.25761,-0.32012,-0.083031,0.084951,-0.041742,-0.19266,0.28733,0.281802,-0.243472,-0.141585,-0.258408,0.014292,-0.176664,0.261093,0.179176,-0.046,-0.28475,0.12563,-0.147147,-0.10899,0.271009,-0.162032,-0.121245,0.095482,-0.195262,-0.116089,-0.114696,-0.018375,-0.088701,0.187241,0.014619,-0.204735,-0.256368,-0.195551,-0.028982,0.111413,0.045695,0.056195,0.110512,-0.106175,-0.115952,-0.067146,0.005682,-0.032536,-0.252456,-0.197737,0.060281,0.214088,0.027038,0.215788,-0.28369,0.220134,-0.259784,-0.181131,-0.204258,-0.056425,0.143577,-0.122276,-0.362672,0.193173,-0.057974,-0.110254,-0.094524,0.235893,-0.062348,0.355078,0.037557,-0.101776,-0.288812,0.064669,0.130848,-0.086502,-0.009872,-0.255917,0.080303,0.020117,0.181567,0.200616,0.197288,-0.187718,0.218305,-0.148922,-0.004076,0.297498,-0.303404,0.199401,0.067129,-0.13678,-0.26511,0.121072,0.042613,0.156111,-0.001358,-0.357016,-0.165515,-0.252287,-0.046104,0.163083,-0.149651,0.020399,-0.155428,0.15997,0.139767,0.112036,0.148514,0.398476,0.195476,0.02477,0.369885,-0.053777,-0.043125,0.054474,-0.097836,0.377649,0.081313,-0.08225,-0.100106,0.126511,-0.261262,0.000461,-0.113415,-0.222099,0.06037,0.32697,-0.16045,0.132002,-0.184234,-0.096291,0.108496,-0.002869,-0.196694,-0.02832,-0.115547,-0.239871,0.310166,0.134866,-0.098358,0.102872,-0.002803,0.128556,-0.081975,-0.144646,-0.112691,0.265292,-0.053538,#
12,0.301619,-0.063975,-0.189974,-0.364613,0.322857,0.170674,0.129336,0.082552,0.385863,0.108292,-0.234222,0.135022,1.0,0.408957,0.203206,0.117899,0.128332,0.279591,-0.025714,-0.162396,0.176616,0.049631,0.160151,-0.17485,-0.170174,0.090755,0.207489,0.030317,0.009265,-0.064915,-0.222079,0.402093,0.232863,-0.019724,-0.337032,0.025716,0.316313,-0.109207,-0.195034,0.007444,-0.091765,0.292159,0.013843,0.3734,0.329773,-0.043425,0.265252,0.300213,-0.0134,0.056884,-0.110911,-0.176032,0.107668,-0.178693,-0.077131,-0.272405,-0.471133,0.430288,0.30355,0.040172,-0.312344,-0.091468,-0.379219,0.038522,0.0835,0.256679,0.021165,0.121122,0.40348,-0.160277,0.068938,-0.291697,-0.195035,-0.243834,-0.018281,0.131566,-0.011469,-0.15275,-0.289227,-0.125563,-0.223548,-0.361867,-0.063595,-0.111404,-0.032723,-0.091121,-0.054784,-0.08184,-0.337831,-0.266084,-0.129791,-0.409758,-0.05273,-0.225598,-0.153275,0.064339,-0.027328,-0.306375,0.001152,-0.426334,0.114811,-0.305868,-0.25938,-0.555202,-0.007652,0.07742,-0.312854,-0.263148,-0.113087,-0.300839,0.07585,-0.195034,0.042233,-0.29407,-0.195466,-0.232502,-0.18722,-0.261255,0.043755,-0.665133,0.019566,-0.188919,-0.220839,-0.401367,-0.346662,0.179724,-0.103255,0.334315,-0.446264,-0.285039,-0.095468,0.12194,-0.12598,-0.052313,-0.277109,-0.231596,0.003135,0.020526,0.282307,-0.221865,-0.216563,-0.203474,-0.477584,-0.077845,-0.413592,-0.120456,0.241879,0.227945,-0.467673,0.010455,0.00694,-0.058216,-0.004129,-0.216409,-0.292654,-0.133226,0.329858,0.262443,-0.422305,-0.153218,-0.116524,0.041029,-0.251382,0.137412,0.201945,0.359152,-0.244907,0.123972,-0.331785,0.147428,0.126264,0.139308,-0.185374,-0.319436,0.086253,-0.060687,-0.12192,0.140737,0.435821,-0.348015,0.139784,0.277351,-0.20166,0.133928,0.11354,-0.180677,0.091609,-0.036958,-0.176531,0.315142,-0.188283,0.034584,0.12921,0.310005,0.108077,0.086705,0.077623,-0.07244,0.111849,0.174835,#
13,-0.024122,0.108105,0.20213,-0.246441,0.211418,0.383913,0.238572,0.303493,0.310918,0.499653,-0.068915,0.266125,0.408957,1.0,-0.146405,-0.195478,-0.362807,0.539964,-0.02465,-0.095423,0.052886,0.054103,0.133093,-0.068187,0.163791,-0.0082,0.426349,-0.397843,0.050893,0.115639,0.108302,0.022424,0.104798,-0.165639,-0.395424,0.439247,0.314377,-0.295183,-0.325069,-0.435036,0.065073,0.564091,0.286325,0.042536,0.3116,-0.33284,0.157038,0.434445,0.030919,-0.071711,-0.037455,-0.257043,0.076594,-0.24919,-0.340894,-0.380084,-0.032021,0.180537,0.285742,0.166166,-0.203413,0.316966,-0.317258,-0.281975,0.195066,0.307535,0.263459,0.384158,0.317848,-0.009821,-0.292288,-0.349795,0.123426,-0.304565,0.141809,0.222257,-0.199966,-0.505183,-0.221161,0.134809,-0.104783,-0.270331,-0.012456,-0.015645,0.19288,0.0295,0.001104,-0.309166,-0.359928,-0.030113,-0.219765,-0.307656,-0.082086,-0.010648,-0.085643,0.041292,-0.143442,0.021111,-0.085581,-0.219538,-0.178871,-0.339282,0.001436,-0.29295,0.027554,-0.242133,0.033314,-0.36109,-0.158993,-0.126007,0.170647,0.141365,-0.048355,0.030649,0.19109,-0.195364,-0.469739,-0.27064,0.449816,-0.393091,-0.082551,0.107872,-0.081857,-0.464103,-0.241406,0.137263,-0.06038,0.023047,0.001976,-0.152181,0.083105,0.372172,-0.115027,0.101385,0.03644,-0.000339,0.191477,0.209495,0.415059,-0.280176,0.084576,-0.165683,-0.364111,-0.119102,-0.005301,-0.207899,0.380642,0.113887,-0.333483,0.198607,-0.234654,0.295082,-0.004603,-0.07671,0.239596,-0.206029,0.29383,0.472932,-0.192445,0.362725,0.17331,0.192288,-0.152607,0.56345,-0.033051,0.252528,-0.308214,-0.03606,-0.156479,0.321364,0.02602,0.131852,-0.311025,-0.036825,-0.201166,0.110683,-0.19104,0.224153,0.461996,-0.139764,0.117484,-0.017882,-0.451318,-0.053619,0.107463,-0.168584,-0.110929,0.160367,-0.423774,0.159378,0.054695,-0.125308,0.22262,0.351205,0.114087,-0.15017,0.019652,-0.284385,0.290752,-0.023378,#
14,0.375526,0.141293,-0.117749,-0.045213,0.108112,-0.051397,0.130299,0.322669,-0.167141,-0.52296,0.002037,-0.350805,0.203206,-0.146405,1.0,0.231766,0.113358,-0.444594,0.181378,-0.230795,-0.193661,0.438762,-0.036163,-0.187737,-0.379369,0.012632,-0.178065,0.067025,0.122431,0.122922,-0.485744,0.234613,0.036466,-0.078646,0.106541,-0.075494,0.045777,0.31333,-0.138017,-0.026111,-0.208361,-0.241836,-0.012581,0.159925,-0.12141,0.289871,0.464647,-0.388644,0.219591,0.203191,-0.331656,0.21541,0.095873,-0.2244,0.052313,0.042844,-0.178256,0.195269,-0.209845,-0.193306,0.220397,-0.113602,-0.021406,0.180713,0.299655,0.191952,-0.295024,-0.095168,0.096566,-0.340159,-0.065106,-0.054393,-0.138017,-0.237457,-0.033495,0.174158,-0.309458,0.143301,-0.430848,-0.24434,0.121618,-0.254609,-0.180965,-0.237253,-0.417031,-0.032738,-0.19118,-0.1684,-0.192857,-0.187655,-0.08396,-0.250513,0.16259,-0.29038,-0.100569,-0.186036,-0.319103,-0.205802,-0.217054,-0.335198,0.154472,-0.263225,-0.046519,-0.384559,-0.229705,-0.12943,-0.258582,-0.148635,0.138214,-0.338067,-0.311555,-0.138017,-0.240801,-0.02593,-0.598602,0.106904,-0.282077,0.168544,-0.277592,-0.18947,-0.379754,-0.39602,-0.116248,0.272925,0.152494,-0.183045,0.076979,-0.068299,-0.025131,-0.337903,-0.01056,-0.598408,-0.350076,-0.416881,-0.363857,-0.224234,0.144702,-0.203573,-0.098579,-0.305658,-0.384559,-0.615466,-0.106563,-0.183278,-0.460224,0.042636,-0.17424,-0.210877,-0.239185,-0.304283,0.057817,-0.260404,0.098748,-0.1934,-0.260864,-0.155715,0.107237,0.001323,-0.45399,0.05673,-0.478456,-0.199295,-0.035802,-0.597824,0.050486,0.385022,-0.063676,-0.035769,-0.336986,-0.337903,0.065345,0.302863,-0.379754,-0.182043,0.369599,0.064977,0.233396,-0.081492,0.004212,-0.109117,-0.143391,0.402172,0.314333,0.122951,0.338115,-0.217,0.05371,0.061855,0.513384,-0.129328,-0.542714,0.441767,0.247348,0.376868,0.069581,0.037225,0.139636,-0.321421,-0.085702,0.242086,#
15,0.157257,0.079675,-0.258612,0.24277,-0.042699,-0.097864,-0.062269,0.017612,-0.11442,-0.226905,0.056503,-0.070704,0.117899,-0.195478,0.231766,1.0,0.320418,-0.48727,-0.156978,-0.543372,-0.050643,0.002229,-0.170639,-0.348549,0.1047,0.094723,-0.194025,0.050287,0.154241,-0.161857,-0.417999,-0.003449,0.079281,-0.236744,-0.134661,-0.014787,0.031363,-0.052612,0.126673,0.470722,-0.204038,-0.276555,0.061822,-0.11032,0.057279,0.286571,0.299625,-0.349451,0.191596,0.233874,0.029519,-0.176478,0.048094,0.111475,0.020251,0.157179,0.026981,-0.010377,0.042148,0.24742,-0.095224,0.012865,0.132806,0.350545,-0.312866,-0.070416,-0.525625,0.403074,-0.192716,-0.372951,0.050579,0.016108,0.107935,-0.200446,0.025874,-0.058297,-0.059743,0.358627,-0.104604,-0.162423,0.196307,-0.190819,-0.094042,-0.314416,-0.049154,-0.194258,-0.121996,0.191542,-0.054736,-0.097058,0.273755,-0.007701,0.2288,-0.285175,-0.163076,-0.041772,-0.324043,-0.066492,0.038375,-0.103625,0.133365,0.003643,-0.120516,-0.154135,-0.06356,-0.114487,-0.260916,0.121013,-0.20871,-0.206185,-0.542268,-0.360531,-0.294268,-0.056572,-0.271834,-0.059604,0.04738,-0.250912,-0.424924,0.048233,-0.132189,-0.345611,-0.019782,0.389342,0.139529,-0.160206,-0.098273,-0.227005,-0.245583,0.058596,-0.20938,-0.287741,-0.029148,0.024736,-0.215029,-0.072808,0.169691,-0.275649,-0.082698,-0.021227,-0.383062,-0.16779,0.050856,-0.11153,-0.478582,0.147542,-0.566751,-0.239788,-0.230822,-0.443212,0.026819,-0.047029,-0.29007,0.035732,-0.464145,0.002171,0.061289,-0.2175,-0.306667,-0.094058,-0.349597,-0.520603,-0.182803,-0.471136,-0.335324,-0.028275,-0.380494,-0.073026,-0.020568,-0.443418,0.135517,-0.270025,0.097619,-0.149989,0.103136,-0.236069,-0.218909,-0.04802,-0.180342,-0.184777,-0.132749,-0.087281,0.654263,0.057657,0.220005,-0.091128,-0.116574,-0.28386,0.621015,-0.13091,-0.348415,0.399885,0.33232,0.016213,0.212621,0.028649,0.127868,-0.22799,-0.345264,0.241445,#
16,0.349934,-0.249636,-0.441994,-0.10439,0.22836,0.076478,0.232361,-0.013235,0.211668,-0.454924,0.357812,-0.098155,0.128332,-0.362807,0.113358,0.320418,1.0,-0.223046,0.028265,-0.000961,0.154371,-0.118767,-0.041197,-0.160721,-0.047265,-0.034262,-0.385048,0.264566,0.016106,-0.001877,-0.270722,0.049032,-0.146647,-0.438782,0.167192,-0.342293,0.089716,-0.0337,-0.101967,0.248118,-0.162907,-0.442461,-0.408522,-0.138844,0.234769,0.35191,0.01204,-0.296175,0.127151,0.06324,0.195522,-0.158422,0.279155,0.015936,0.226108,0.332788,-0.04402,-0.008588,0.178638,0.225235,0.187381,-0.247359,0.08877,0.246596,0.014848,0.050281,-0.217965,0.012117,0.089496,-0.094617,0.234984,-0.105116,-0.101967,-0.165705,-0.335715,0.113998,-0.127191,-0.015287,-0.193893,-0.186011,0.278556,-0.317538,-0.010317,-0.195103,-0.254585,0.050966,-0.20394,0.251085,-0.088097,-0.19845,0.233466,-0.134577,-0.110778,-0.311367,-0.209089,-0.374416,-0.225965,-0.479596,0.184041,-0.190908,0.254149,-0.127191,-0.428785,-0.158051,0.158541,-0.311137,-0.03981,-0.134412,-0.185219,-0.120358,-0.242133,-0.101967,-0.016618,-0.284007,-0.237017,-0.079382,0.01363,-0.225634,-0.137677,-0.08609,-0.043724,-0.133621,-0.507479,-0.106651,-0.153046,-0.406147,-0.311088,0.232159,-0.426058,-0.249644,-0.245226,-0.442105,0.100109,-0.193965,-0.105583,-0.086983,-0.147274,-0.479389,-0.377452,-0.07854,-0.374434,-0.113966,-0.249688,0.247422,-0.355278,0.163969,-0.280373,0.379558,-0.033412,-0.341729,0.043594,-0.074096,-0.218015,-0.182711,-0.664012,-0.249438,0.089684,0.146076,-0.358314,-0.280319,-0.451746,-0.147239,0.048197,-0.254585,0.04119,0.172248,-0.162756,0.139502,-0.122446,-0.249644,0.424242,-0.037415,-0.043724,-0.116129,0.210598,-0.530893,-0.020921,0.226322,-0.097664,-0.369557,0.324914,-0.376331,0.357172,0.364997,0.364581,-0.016216,0.059963,-0.344191,0.126311,0.125472,-0.391128,0.345408,0.309403,0.059959,0.157772,0.486136,0.330478,-0.092158,-0.485811,0.238421,#
17,-0.206027,-0.062137,0.18718,-0.350217,0.231196,0.10152,0.149188,-0.236253,0.395749,0.495135,-0.181145,0.194235,0.279591,0.539964,-0.444594,-0.48727,-0.223046,1.0,-0.046574,0.206404,0.355965,-0.408897,0.433109,0.019708,0.07502,-0.130003,0.380202,-0.205923,-0.064493,0.197313,0.400672,0.052943,0.023221,-0.026881,-0.274538,0.115862,0.158099,-0.493472,-0.178925,-0.312551,0.014861,0.459568,0.049546,0.132437,0.318703,-0.498719,0.077577,0.698343,-0.11411,-0.072555,0.164302,-0.221729,-0.098848,0.125842,-0.296504,-0.181004,-0.029848,-0.112631,0.322073,0.087762,-0.018243,0.136965,-0.246354,-0.405672,-0.188077,0.22602,0.26681,0.064964,0.348489,0.336295,0.059261,-0.053489,-0.178925,0.021516,-0.08717,0.096597,0.041506,-0.376089,-0.139001,0.306443,-0.147081,0.033372,-0.009172,0.267104,-0.022387,-0.061103,-0.141407,0.007392,-0.068148,-0.038581,-0.437799,-0.142753,-0.510687,0.123449,-0.060701,0.025809,0.176993,-0.066706,0.066605,0.139029,-0.300037,-0.14251,-0.121134,-0.032264,0.004745,0.126954,0.150604,-0.047617,0.013575,-0.077679,0.531348,0.217219,0.040192,-0.07041,0.189491,-0.343922,-0.149174,-0.167987,0.607766,-0.449726,0.012025,0.342512,-0.115589,-0.609322,-0.365266,0.286958,-0.061766,0.331991,-0.258465,-0.1222,-0.066653,0.485908,-0.193625,0.247434,0.032444,-0.008736,-0.0247,0.245221,0.369545,-0.123478,0.156565,-0.007753,-0.217424,0.055584,0.08363,-0.197113,0.441044,0.572421,-0.206337,0.569698,-0.179946,0.10922,-0.206101,-0.163337,0.298229,0.09325,0.097259,0.416624,0.101188,0.187393,0.165562,0.304128,-0.06495,0.650294,0.280969,0.180657,0.030106,0.129706,-0.13408,0.37667,-0.058106,0.142864,-0.198189,-0.222966,-0.106371,0.120307,0.144517,0.248452,0.558806,-0.161005,0.387413,-0.088436,-0.751366,-0.258409,0.103395,-0.069833,-0.028111,0.178614,-0.623798,0.23237,0.247103,-0.534846,-0.048946,0.134836,-0.105531,-0.023145,0.034715,0.070237,0.168433,-0.113854,#
18,0.013251,-0.34288,0.177506,-0.210394,-0.22744,-0.201127,0.400706,0.283445,0.384566,-0.316791,0.329444,-0.253717,-0.025714,-0.02465,0.181378,-0.156978,0.028265,-0.046574,1.0,0.125392,-0.26012,0.220779,-0.104757,-0.05471,-0.624563,0.093034,0.015601,0.328124,0.136962,-0.33447,0.070932,0.402635,0.241668,-0.244911,0.090816,-0.060857,0.116357,0.349099,0.205897,-0.16356,0.05241,0.160795,-0.278526,-0.043225,0.021753,-0.345453,0.260094,-0.04686,-0.336781,0.235701,-0.301902,0.296915,0.139893,0.191033,-0.341914,0.107426,0.062953,-0.160141,-0.057151,-0.045507,-0.197505,-0.133008,-0.122354,-0.110216,0.112176,-0.012258,0.440474,-0.185376,-0.024337,-0.25972,0.213278,0.033752,-0.227219,0.299799,-0.051236,-0.232194,0.429665,-0.364289,-0.292611,0.043227,-0.073776,0.081549,0.116488,-0.122619,-0.15325,0.187203,0.266108,0.027038,-0.101145,-0.034095,0.18936,0.112362,-0.017448,0.145692,0.21917,0.329411,0.152613,0.165698,-0.050216,-0.276032,-0.19384,-0.074301,-0.07424,0.146325,0.12504,0.129959,0.192305,-0.065109,0.341013,0.075691,0.199962,-0.227219,0.240036,0.338218,0.224603,-0.365088,0.20632,0.299291,0.001065,-0.053054,0.121268,0.024732,0.081888,-0.065227,0.096815,-0.033929,0.002067,0.207493,0.191991,0.029683,0.365215,0.181537,0.067155,-0.283994,0.336187,0.031544,0.226618,0.164777,-0.129847,0.080858,0.312585,0.122394,-0.119148,0.29577,0.063526,-0.110149,0.131882,-0.071106,0.198312,0.283346,0.507414,0.182007,0.3868,-0.15897,0.182246,0.047458,0.154721,-0.094444,0.041008,0.138146,-0.140232,-0.024329,0.005328,0.018606,0.494792,-0.128436,0.178337,0.356494,-0.093334,0.268294,-0.395059,0.316153,0.325563,0.222359,0.114372,0.128949,-0.00618,-0.199244,-0.210704,0.37427,-0.000407,0.223428,-0.067837,-0.048911,-0.229252,0.296958,0.159138,0.109622,0.070479,-0.495633,0.313374,-0.083224,-0.256332,-0.07777,0.23446,0.163922,-0.118221,0.100656,0.11998,-0.158931,#
19,-0.179516,0.155864,0.408027,0.113731,0.04376,-0.088778,-0.109415,-0.27786,0.271021,-0.00329,0.238298,-0.183783,-0.162396,-0.095423,-0.230795,-0.543372,-0.000961,0.206404,0.125392,1.0,-0.102423,0.04259,0.180057,0.144861,-0.312053,0.114881,0.118615,0.33319,-0.120193,-0.024172,0.358026,0.171551,-0.163272,0.05342,0.000566,-0.168481,-0.080034,-0.187176,-0.113526,-0.069501,-0.255543,0.015719,-0.028414,0.049496,-0.094367,-0.281784,-0.170702,0.085711,-0.409808,0.000726,0.009096,0.093582,0.110997,0.178539,-0.015721,0.081046,0.013128,-0.031672,-0.051427,-0.402939,0.154502,-0.076016,0.102565,0.01755,0.101476,0.063376,0.506601,-0.3111,-0.024402,0.312732,0.213868,0.093271,-0.113526,0.205164,-0.174418,0.119486,-0.006516,-0.166932,0.251746,-0.063588,0.118352,-0.038682,-0.183372,0.525664,-0.12534,0.09406,0.021179,-0.057374,0.365923,-0.239523,-0.136817,-0.033888,-0.082722,0.262868,-0.113558,0.013422,0.224577,-0.197136,-0.157817,0.271515,-0.292791,-0.227039,-0.169272,0.365086,-0.137036,0.255776,0.050241,0.210589,0.151571,0.488606,0.580941,-0.113526,0.110595,0.009584,0.220439,0.094622,0.247637,0.071466,0.416281,0.054448,-0.142658,0.338528,-0.068431,-0.182365,-0.195228,0.128155,0.199616,0.210802,0.192381,-0.095693,0.210294,0.227908,-0.136082,0.102369,0.360064,-0.116832,-0.163969,0.160191,-0.18101,0.14488,0.369569,0.330552,-0.02329,0.036052,0.284719,0.158619,0.348579,0.145092,0.255789,0.230875,-0.01227,0.171612,0.225625,0.157089,0.203428,0.084345,-0.313885,0.183242,0.273904,-0.132257,0.024351,0.103262,0.090726,0.239289,0.277473,-0.165661,0.147777,0.089534,0.204588,0.16482,-0.251911,-0.040855,-0.142658,0.349317,-0.115607,0.159133,0.146008,0.098213,-0.027528,0.178706,0.186909,-0.083229,-0.364474,0.218061,-0.197356,0.435978,-0.017866,-0.032781,-0.387766,0.192423,0.258772,-0.318399,-0.321234,-0.060508,-0.260985,-0.043107,-0.041419,0.3716,0.057138,-0.006181,#
20,-0.278245,-0.10959,-0.338991,-0.31349,0.323271,0.160173,0.160953,-0.07654,-0.10555,-0.070281,-0.221938,-0.061493,0.176616,0.052886,-0.193661,-0.050643,0.154371,0.355965,-0.26012,-0.102423,1.0,-0.342787,0.478628,-0.190989,0.026465,-0.199832,0.191769,-0.104553,0.144189,0.289838,0.041493,0.076315,0.262564,-0.012355,-0.040571,0.172475,0.002677,-0.259703,-0.194432,-0.185037,0.232088,0.156381,0.077458,-0.162566,-0.050103,-0.274179,-0.080835,0.405955,0.303122,-0.338318,0.271991,-0.556327,-0.145334,-0.225829,-0.05709,-0.27071,0.171551,-0.227229,0.341919,0.267171,-0.05317,-0.085335,-0.376467,-0.159443,-0.319688,0.259779,0.029249,0.395303,0.362977,0.127133,0.056216,-0.10411,-0.194432,-0.219407,0.124507,0.185266,0.022251,-0.137408,-0.424339,-0.102142,-0.369056,-0.008477,-0.195396,0.087092,-0.087803,-0.070164,-0.331529,0.119802,-0.125417,0.237948,-0.581307,-0.198151,-0.575273,-0.225711,-0.13898,-0.232851,-0.14888,-0.282676,-0.121905,0.006391,0.184455,-0.099208,-0.2422,-0.38072,-0.161513,-0.248963,0.058354,-0.22986,-0.066629,-0.293703,0.325345,0.213467,-0.134132,-0.44861,-0.000401,-0.017688,-0.131933,-0.122031,0.162979,-0.15478,0.055583,-0.199421,-0.033511,-0.231189,-0.353634,0.228727,-0.310833,0.326235,-0.05607,-0.476024,-0.490096,-0.010979,-0.254186,0.059962,-0.223369,-0.206363,-0.280824,-0.105798,0.100597,0.013408,-0.207491,0.009479,-0.265681,-0.112997,-0.399946,-0.224745,0.007298,0.635607,-0.110435,0.001131,-0.29013,0.002323,-0.197682,-0.369182,-0.442709,-0.303592,0.060681,0.170446,-0.217331,-0.036133,-0.037048,0.047401,-0.239327,0.144925,-0.137315,0.213244,-0.098443,-0.080445,-0.466666,0.353316,0.281263,0.102147,-0.152852,-0.341629,-0.233117,-0.049538,0.109351,0.020599,0.25366,-0.043684,0.346831,-0.053681,-0.017584,-0.018668,0.311276,-0.414703,0.156998,-0.218003,-0.255442,0.144582,-0.138951,0.203539,0.358165,0.029835,-0.197473,0.273067,0.270007,0.014858,-0.416064,0.119368,#
