0,1.0,0.309915,-0.282025,-0.268904,0.306952,0.256504,0.12548,-0.037754,0.163624,0.201093,0.034717,-0.116749,0.23807,0.296237,0.559785,0.151522,0.1808,-0.106096,-0.099891,-0.28069,-0.116454,-0.185118,0.028973,-0.124391,0.151077,-0.527834,0.156032,-0.202624,0.035414,0.033412,-0.389577,0.208596,-0.044838,-0.350039,0.162887,0.182007,0.227853,-0.24151,0.048447,-0.01804,0.154554,0.116083,-0.367521,-0.250839,0.48497,-0.425602,0.25928,-0.113695,0.007004,-0.363216,-0.102141,-0.159215,-0.20738,-0.086994,0.058945,0.041855,-0.400133,0.085961,-0.233676,0.308328,0.169482,0.412845,0.066799,-0.275833,-0.173027,0.063997,0.0,0.197218,0.195708,-0.094446,0.210077,0.093534,0.095592,-0.071449,0.062024,0.104521,-0.349971,-0.427396,-0.272667,0.10706,-0.145033,-0.313918,-0.134842,-0.226487,-0.34949,-0.028637,-0.089327,-0.192611,-0.075741,-0.420927,-0.140408,-0.497168,-0.24476,-0.020071,-0.123511,0.049035,-0.029188,-0.12709,-0.302962,-0.21972,-0.063804,-0.458011,-0.269733,0.097663,-0.076669,-0.350018,-0.182975,-0.169018,-0.021865,-0.313468,0.305657,-0.114633,-0.286245,-0.26327,-0.301956,-0.385077,0.051292,-0.231327,0.113004,-0.338101,-0.315346,-0.136593,-0.415894,-0.074177,0.158981,-0.019566,-0.232688,0.326298,-0.274203,-0.315415,-0.103313,-0.165603,-0.562063,-0.143572,0.181048,-0.315431,-0.114633,-0.385015,0.208495,-0.295727,-0.207296,-0.176426,-0.187418,-0.659102,-0.322281,-0.298968,-0.246464,0.278702,-0.21482,-0.24443,-0.445485,0.031965,0.085581,-0.315437,-0.054966,-0.280134,0.211626,0.180807,-0.08662,-0.384792,-0.319776,-0.245005,-0.034437,-0.066966,-0.181163,0.322733,-0.068915,0.323682,-0.164439,-0.350015,0.183919,0.051317,-0.133643,-0.058945,0.183919,-0.303027,-0.207293,0.016953,0.380324,-0.338034,0.238546,0.314562,-0.066559,0.260335,0.154218,-0.175014,0.178698,-0.036761,0.12573,0.108922,-0.319172,0.055012,0.249977,0.298722,-0.035605,0.035209,-0.045403,-0.067384,-0.037991,0.069798,#
1,0.309915,1.0,-0.173948,-0.174809,0.031713,0.407267,0.157471,-0.407428,0.371466,0.00358,-0.051699,-0.102481,-0.019233,0.305319,0.224441,-0.202914,-0.3966,0.321299,-0.009316,-0.024873,0.16739,0.210368,0.424966,-0.107315,0.108528,-0.490479,0.473728,-0.250865,0.212219,0.146724,-0.22122,-0.190613,0.065826,-0.346578,-0.398255,-0.00616,0.395104,-0.473275,0.042345,0.008433,0.310775,0.542289,0.051629,-0.003106,0.023339,-0.068941,0.138716,0.304711,0.099281,-0.082719,-0.286382,-0.508613,0.189076,-0.508502,-0.098438,0.257306,-0.123887,0.391966,-0.091939,0.445311,0.285655,0.193523,0.236066,-0.233535,0.048515,0.420258,0.0,0.356794,0.209816,0.057692,-0.191064,0.228896,0.214889,-0.162981,-0.168316,0.16769,-0.170878,-0.212158,-0.171442,0.036629,-0.158742,-0.722634,-0.317993,-0.221468,0.094661,-0.153512,0.393938,-0.442074,-0.026111,-0.097103,-0.117016,-0.081215,-0.162325,0.398111,-0.044949,-0.131088,-0.146834,-0.169839,0.103197,-0.287262,0.248084,-0.185737,-0.110903,0.174679,0.245387,-0.147968,-0.266031,-0.542442,0.512879,-0.131892,0.325742,-0.166531,-0.180081,-0.185737,0.107523,-0.379364,-0.059113,0.192291,0.110605,-0.482328,0.101984,-0.319545,-0.323287,-0.319348,0.248533,-0.211397,0.397505,0.485105,-0.26625,-0.258767,-0.056288,-0.240576,-0.324939,-0.44862,-0.087416,-0.458236,-0.166531,-0.01506,0.207931,-0.767374,-0.041461,-0.292852,-0.374135,-0.164022,0.135102,-0.351597,-0.179866,0.500602,-0.03255,0.297463,-0.246814,-0.196707,0.178984,-0.260667,-0.072982,0.194918,-0.060594,0.39593,-0.043621,-0.224391,-0.150019,0.111045,-0.208476,0.161028,0.126318,0.292473,-0.22756,-0.120635,-0.343969,-0.321656,-0.136912,0.034056,-0.170878,-0.150198,0.176164,-0.504917,-0.30114,0.020241,0.51757,-0.166115,0.480104,0.016614,-0.53777,0.193961,0.369221,-0.195242,0.029957,0.175026,-0.279354,0.498868,-0.168316,0.324121,0.320979,0.282462,-0.156584,-0.184686,-0.537431,-0.208432,-0.06529,0.033886,#
2,-0.282025,-0.173948,1.0,0.147456,-0.053084,0.042864,0.357786,-0.012698,0.263666,-0.00447,-0.134159,0.304231,-0.342852,0.153111,-0.431857,-0.268601,-0.127892,0.32205,0.00236,-0.018819,0.007406,0.024066,0.093698,-0.133184,0.234363,0.152203,-0.161646,0.005761,0.051098,-0.136807,0.030578,0.13371,-0.078161,0.145925,-0.017488,0.016844,-0.057753,-0.07421,-0.040469,-0.258845,0.184908,0.026061,0.227823,-0.051635,-0.21255,0.087509,0.001042,-0.120535,-0.035231,0.393612,0.081659,0.103144,0.019953,0.183872,-0.235063,-0.055495,0.106747,0.106807,-0.33175,-0.06214,0.345907,-0.25089,-0.054885,0.093716,-0.127944,-0.006654,0.0,0.139276,-0.192514,0.519268,0.316732,-0.055772,0.085482,0.035248,-0.022114,-0.126635,0.128132,0.062343,-0.162527,-0.069023,0.131423,0.237749,0.153023,0.369851,0.220151,0.185483,-0.036343,-0.015321,0.153076,-0.042807,0.102695,0.392237,0.098837,0.070242,-0.074771,-0.00245,0.321902,0.036099,0.390405,0.089385,-0.018861,0.129476,-0.094276,0.266312,0.093382,0.148834,0.392469,0.219336,-0.099102,0.108458,-0.037156,0.189448,-0.001031,0.322395,0.1959,0.403103,-0.574261,-0.215508,0.062306,0.394117,0.248626,-0.067387,0.492813,-0.188801,-0.353337,0.192239,0.119152,-0.358687,-0.30538,0.090704,0.226973,0.273682,0.124904,0.277804,-0.076299,0.086568,0.157008,0.201643,0.027706,0.217142,0.294439,0.32015,-0.152856,-0.161356,-0.097693,-0.30496,0.318044,0.041065,0.006069,0.113125,0.199999,-0.160342,0.285102,0.477514,0.237086,-0.00361,0.149031,0.1107,0.420963,0.180775,0.316865,-0.064852,0.362595,0.324869,0.385239,-0.112596,0.167886,-0.417109,-0.005349,0.167232,0.124803,0.032895,0.269198,0.175461,-0.211651,0.160639,0.293508,0.130106,-0.377018,-0.345707,-0.348859,0.034569,0.369485,-0.451197,-0.179666,0.257698,-0.209148,-0.225708,-0.180236,-0.000698,0.020844,-0.161633,0.028053,-0.052777,-0.023537,0.168744,-0.118088,-0.081392,0.063395,-0.003905,#
3,-0.268904,-0.174809,0.147456,1.0,0.059264,-0.076158,0.150276,0.175661,-0.11178,0.173868,0.074723,0.050418,0.092343,-0.178587,-0.123277,-0.198963,-0.023821,0.152966,-0.201635,0.207222,0.208892,0.052115,-0.074305,0.088152,0.275379,0.154899,-0.488098,-0.071093,-0.001851,-0.049691,0.443688,-0.129578,0.086195,0.417744,-0.010142,0.20472,0.068711,0.393089,0.043767,-0.043237,0.302897,-0.130072,-0.16001,-0.188223,0.221398,-0.317775,-0.339775,-0.042155,0.148863,0.082963,0.217218,0.074545,-0.052109,0.145546,-0.129563,-0.283297,-0.162275,0.125106,0.19443,-0.311105,-0.125963,0.196331,0.008082,0.275254,0.087379,0.144527,0.0,-0.34436,-0.078219,0.016483,-0.236772,-0.314638,0.2127,0.173365,-0.022608,-0.307897,0.205752,0.321435,0.165184,0.057997,0.21149,0.280686,-0.139367,0.137626,0.083565,0.056846,0.057432,-0.119043,0.149664,-0.10183,-0.147848,0.081035,0.087927,-0.131497,0.088079,-0.132522,-0.16096,0.007162,0.420117,0.24901,0.037902,-0.172072,0.383047,0.182108,0.036152,0.21016,-0.095406,-0.118059,-0.141477,-0.097516,0.037129,-0.166473,0.165462,0.340432,0.075503,0.490704,0.276838,-0.018501,0.139324,-0.119604,0.084413,0.035868,-0.148134,0.166947,-0.083775,0.302178,0.083683,-0.035774,0.095619,0.300373,-0.03726,0.379095,0.445385,0.304251,0.121898,0.493446,-0.166473,0.124919,-0.022921,0.147814,-0.07991,0.279965,0.128278,0.090845,0.163661,0.100379,0.013258,0.147706,0.407233,-0.141477,0.196528,0.007422,-0.057165,0.293238,0.149091,0.183877,0.01954,-0.047927,0.328583,0.312744,0.376794,0.087523,-0.024854,0.157372,0.29318,-0.188556,0.191562,-0.415344,0.222264,0.591737,0.031228,-0.129416,0.180893,0.036096,-0.310128,0.334242,-0.075656,-0.142911,-0.31582,-0.101335,-0.007434,-0.200248,-0.044311,-0.221671,-0.165539,0.114064,-0.354212,0.230056,-0.043229,-0.348208,0.161404,-0.169486,-0.352303,0.100541,0.190264,0.233233,0.130012,0.310329,0.117023,0.244915,#
4,0.306952,0.031713,-0.053084,0.059264,1.0,0.102371,0.192313,-0.138226,0.137109,0.002072,0.186808,-0.102872,-0.057885,0.063282,0.141195,0.112528,0.446864,-0.072574,0.271766,0.033843,0.172524,-0.396851,0.317687,0.141554,-0.074731,-0.207762,0.119201,-0.067764,0.147778,-0.090182,-0.178319,0.000913,-0.247281,0.010035,0.083971,0.053965,0.257428,-0.256318,-0.167209,-0.028915,0.146102,-0.042975,-0.297671,-0.277854,0.204212,-0.10938,-0.088736,-0.010684,0.223342,-0.011298,0.115928,-0.144695,0.317907,-0.422214,-0.131868,0.133712,-0.074282,0.105674,0.06363,0.220503,0.029209,0.431885,-0.137395,0.237393,0.006588,-0.032873,0.0,-0.113647,-0.054142,-0.061279,0.22157,0.177635,0.082863,-0.108885,-0.07509,0.210979,-0.003221,-0.195881,-0.279807,0.149595,-0.000226,-4.4e-05,-0.337438,0.43182,-0.340023,0.022556,-0.145506,-0.276949,0.220697,-0.166689,-0.147957,-0.183808,0.172035,-0.21895,-0.358167,-0.171397,-0.292177,-0.112511,-0.350571,-0.009179,0.158418,-0.276382,-0.333369,0.30869,-0.141685,-0.15396,-0.018908,-0.111647,0.122225,0.33098,0.25829,0.186406,0.242943,-0.109949,-0.363197,-0.056493,0.136724,-0.276625,0.306348,-0.184847,-0.092306,-0.322914,-0.268627,-0.411917,0.113682,-0.22334,0.313508,0.188798,0.146297,-0.443908,-0.033408,0.269288,0.055054,-0.105603,-0.201644,-0.074759,-0.229965,-0.405857,-0.337368,-0.199093,-0.415854,-0.337264,-0.44114,-0.234989,-0.215832,0.041182,-0.119997,-0.092952,-0.279543,-0.291675,-0.066991,-0.096449,0.318151,-0.243679,0.256985,-0.380916,-0.094945,0.417999,-0.197461,-0.271113,0.080978,-0.491502,0.11816,-0.277113,-0.097085,0.273332,0.261399,0.216139,-0.148793,-0.142651,0.223961,0.353459,-0.369697,0.255894,0.211215,-0.245527,-0.169698,0.366659,0.1937,0.018897,0.25413,0.081217,0.038726,-0.048135,-0.119536,0.151779,-0.080273,0.236207,0.093961,-0.099198,0.090875,0.090672,0.085128,0.172645,-0.466214,0.165988,0.29003,0.087276,0.173605,0.209507,#
5,0.256504,0.407267,0.042864,-0.076158,0.102371,1.0,0.25531,-0.01906,0.657737,0.195371,0.367708,-0.041143,-0.04813,0.243914,-0.003779,0.067953,-0.095758,-0.135316,0.057482,-0.066632,0.067854,0.202922,0.488986,-0.18733,0.059079,-0.540507,0.386199,-0.035877,0.040328,0.261214,-0.478567,0.05803,-0.143776,-0.214029,-0.126293,-0.048257,0.313404,-0.349822,0.348727,-0.232781,0.266838,0.286492,0.221096,-0.23107,-0.171968,-0.149059,0.383249,0.026449,0.320986,-0.009871,-0.014672,-0.070921,-0.095881,-0.336477,0.147499,0.376671,-0.636201,0.456209,-0.366105,0.494317,0.274311,0.127849,-0.093642,0.037801,-0.042137,0.262584,0.0,0.419182,0.266045,0.098344,0.018386,0.198831,0.423499,-0.235431,-0.625814,0.235413,-0.036074,-0.142929,-0.237197,-0.075299,-0.396855,-0.462337,-0.181005,0.348486,-0.378444,-0.081053,-0.216862,-0.202681,-0.101153,-0.325577,-0.094011,-0.323259,-0.196154,0.141992,-0.118942,0.17806,0.071155,-0.25549,0.010659,-0.35197,0.308593,-0.088249,0.110186,0.140292,-0.044193,-0.383355,0.136053,-0.137339,0.22532,0.268783,0.000628,-0.180711,-0.259064,-0.094885,-0.154833,-0.437104,-0.146012,-0.218889,0.061322,-0.248733,-0.148812,-0.376618,-0.270893,-0.391932,-0.235536,-0.137023,0.320153,0.395585,-0.456828,-0.30898,-0.395622,0.027213,-0.468911,-0.361762,-0.218542,-0.307185,-0.180711,-0.261882,0.348283,-0.539106,-0.326787,-0.297919,-0.435276,-0.378221,-0.211765,-0.542475,-0.120891,0.440734,-0.219815,0.013863,-0.212125,-0.316156,0.144519,-0.310777,-0.165921,-0.070766,0.159203,0.000929,-0.199451,-0.288163,-0.269038,-0.159264,0.021815,0.073059,0.059184,0.031909,-0.067142,-0.33969,-0.551148,-0.368387,0.27689,0.104321,0.159694,-0.301041,0.419036,-0.615046,-0.326782,0.251742,0.254986,-0.024135,0.368563,0.072932,-0.149571,0.224592,-0.07838,-0.035102,0.082626,0.03196,-0.082784,0.411935,-0.460372,0.205681,0.032482,0.351447,-0.324296,0.142342,-0.064901,-0.411093,-0.396082,-0.01911,#
6,0.12548,0.157471,0.357786,0.150276,0.192313,0.25531,1.0,-0.207704,0.240161,0.201289,0.277615,0.28226,-0.016589,-0.019876,0.214251,0.13674,-0.043328,-0.00939,-0.018309,-0.223252,0.112984,-0.22388,0.256612,-0.320764,0.110749,-0.314902,0.042859,-0.115903,0.203684,0.136735,-0.363635,-0.031449,-0.3525,-0.163052,-0.053105,-0.198239,0.353388,-0.122951,0.03715,0.169614,-0.157388,0.184456,-0.169662,-0.127091,0.074398,-0.083972,0.156666,-0.079848,0.2099,0.256612,0.081892,-0.181875,-0.064978,-0.183959,-0.099904,0.230323,-0.140229,0.109251,-0.45583,0.242016,-0.063798,0.383413,0.007091,-0.035185,0.02239,0.008201,0.0,0.002293,0.212085,0.101892,0.293921,-0.025497,0.207321,-0.010086,-0.18123,0.152963,-0.15908,-0.335536,-0.344648,0.052423,0.017623,-0.227073,-0.118659,0.299521,-0.241468,0.208907,-0.240616,0.056644,0.146071,-0.249509,0.272181,-0.062842,0.074871,0.222309,0.271419,-0.125931,0.042415,-0.31671,0.103113,-0.114257,0.01606,-0.344101,-0.111111,0.176541,-0.10175,-0.129124,0.100652,-0.016252,0.094309,0.091388,-0.149127,-0.166528,-0.340257,-0.014177,-0.239568,-0.0241,-0.24463,-0.402693,0.078231,-0.123584,-0.082955,-0.318798,0.046863,-0.330736,-0.372426,0.28954,0.233761,0.285566,-0.291915,-0.065458,0.13622,0.054247,0.066405,-0.118658,-0.067554,-0.080259,-0.166528,-0.376007,-0.083699,-0.03539,-0.040441,0.280183,-0.035607,-0.242056,-0.383534,-0.377139,0.22224,0.486806,-0.007452,0.300016,-0.198761,-0.165193,0.180864,-0.069168,0.134031,0.002596,0.109552,0.097805,-0.042366,-0.055512,-0.150178,-0.119246,0.138168,0.157517,0.306422,-0.048789,-0.226851,-0.394201,-0.131066,-0.31724,0.02339,-0.160795,0.034011,-0.301441,0.012832,-0.015814,-0.301134,0.50009,0.006692,-0.248037,-0.202257,0.151968,0.271771,-0.027664,-0.004063,0.183503,0.215634,-0.346579,-0.209765,-0.021324,-0.17183,0.317991,0.321401,0.44028,-0.030842,0.358314,-0.328594,-0.046719,-0.253842,-0.149979,#
7,-0.037754,-0.407428,-0.012698,0.175661,-0.138226,-0.01906,-0.207704,1.0,-0.374157,-0.247762,-0.079293,-0.501983,0.054676,-0.177159,0.063954,-0.106025,-0.12223,-0.223977,-0.184148,0.239624,-0.175761,0.1549,-0.228894,0.352153,0.393522,0.241448,-0.117298,0.284034,-0.524448,-0.127427,0.265882,0.278493,0.324612,0.348158,0.175385,-0.017412,-0.239262,0.409149,0.147953,-0.190176,0.098881,-0.165664,0.29265,0.087773,-0.083398,-0.139369,0.010812,0.258064,-0.176482,-0.471632,-0.019624,0.304292,-0.184416,0.117967,0.018636,-0.152885,-0.124608,-0.230742,0.152774,-0.396693,-0.276284,-0.289777,-0.333982,-0.001669,-0.40214,-0.059743,0.0,-0.068594,-0.266546,0.258513,-0.066113,-0.159201,0.126911,-0.002315,0.175137,-0.383694,0.573268,0.260902,0.183936,0.041386,-0.101293,0.336831,0.113787,-0.112073,-0.073384,0.318089,-0.18456,0.303482,0.19682,0.020374,0.253982,0.129411,0.050471,-0.374119,-0.051079,0.1387,0.322643,0.396258,0.140924,0.237327,-0.127274,-0.015068,0.432666,-0.184332,0.424321,0.101729,0.365148,0.277008,-0.217363,0.044579,0.15994,-0.10194,0.38957,0.19682,0.143982,0.268162,0.14975,-0.027142,-0.279372,0.317988,0.168256,0.110333,0.100799,0.173769,-0.130456,0.067686,-0.156815,0.146067,0.102734,0.622952,0.069725,0.220898,0.019285,0.09468,0.368346,0.402413,-0.10194,0.056737,0.274256,0.284761,0.099475,0.137725,0.273446,-0.049126,0.291205,0.258735,-0.110932,-0.338414,-0.022403,0.062574,-0.025199,0.393585,-0.184329,0.389535,0.274894,0.250914,0.028257,-0.506843,0.288065,-0.141304,0.20579,0.308182,0.081267,0.193334,0.289501,-0.107871,0.243404,0.006094,0.343049,0.105113,-0.26673,0.37704,0.337894,0.112516,-0.26673,0.180636,0.104931,-0.284141,-0.490738,-0.158632,-0.39807,-0.236823,0.05201,-0.25587,-0.548154,-0.262678,-0.296409,-0.085743,0.11116,-0.409641,0.386429,-0.614634,-0.422102,-0.289319,0.142018,-0.056143,0.206195,0.229374,-0.001031,-0.309666,#
8,0.163624,0.371466,0.263666,-0.11178,0.137109,0.657737,0.240161,-0.374157,1.0,0.28623,0.054494,0.253829,-0.136192,0.39046,-0.072654,0.0618,0.030588,0.24968,0.252131,0.242474,-0.098752,-0.129896,0.377615,-0.384005,0.156007,-0.404121,0.07814,-0.214046,0.182797,0.386476,-0.448155,0.064467,-0.076193,-0.101947,-0.130527,0.263238,0.242116,-0.566462,0.078991,-0.253848,0.218692,0.186739,-0.082918,-0.162511,0.079434,0.027763,0.442195,-0.095982,0.260359,0.214273,0.066109,0.027462,-0.037128,-0.204385,-0.134153,0.37931,-0.218878,0.374374,-0.507125,0.414125,0.241171,0.207473,-0.004177,0.039101,-0.040997,0.178593,0.0,0.311488,0.265449,0.035624,0.223816,0.381637,-0.013794,-0.092942,-0.607362,0.162707,-0.123377,-0.131347,-0.28589,0.125471,-0.103535,-0.316489,-0.082548,0.388262,0.020131,-0.071791,-0.2074,-0.375073,0.046435,-0.024202,-0.182732,-0.004142,-0.129864,0.273559,-0.310462,-0.265464,0.160219,-0.466128,0.002213,-0.412672,0.24622,0.046053,-0.206102,0.207703,-0.361853,-0.29234,0.018203,-0.266666,0.307014,0.132051,0.037127,-0.152932,-0.110202,0.052934,-0.352851,-0.323442,-0.155896,-0.309207,0.385189,-0.396971,-0.059582,-0.285355,-0.021164,-0.443261,-0.126041,0.046602,0.102156,0.076585,-0.525613,-0.420794,-0.125959,0.101857,-0.370707,-0.06331,-0.531587,-0.420815,-0.152932,-0.145168,0.205216,-0.453277,-0.276552,-0.336643,-0.335645,-0.306105,-0.306174,-0.605355,0.315066,0.387324,-0.089552,0.087779,0.132373,-0.460255,0.212085,-0.21201,0.016741,-0.186599,0.207111,0.399737,-0.292371,0.011047,-0.405778,-0.32686,0.050229,0.226966,0.191309,-0.139788,0.040281,-0.329779,-0.466425,-0.265638,0.260795,0.12597,0.270669,-0.225772,0.408169,-0.417753,-0.276548,0.248809,0.238815,-0.102534,0.39808,0.246497,-0.123553,0.110545,0.161774,0.214788,0.12837,0.106903,-0.421192,0.373946,-0.422111,0.228241,0.230688,0.217182,-0.485863,0.046762,-0.15952,-0.29673,-0.131305,0.122473,#
9,0.201093,0.00358,-0.00447,0.173868,0.002072,0.195371,0.201289,-0.247762,0.28623,1.0,0.177747,0.295388,0.36107,0.000415,0.051195,0.480689,0.034321,-0.029914,0.012113,-0.247967,0.1391,-0.09801,-0.006581,-0.458204,-0.032702,-0.244818,-0.13073,-0.308939,0.245652,0.092981,-0.143028,0.101407,-0.214364,-0.07485,0.045939,0.258364,0.059804,-0.341615,0.08806,0.296259,-0.090941,0.004258,-0.184067,-0.200694,0.184088,-0.117107,0.039307,-0.32832,0.076663,-0.049862,0.059778,-0.148009,-0.183204,-0.066427,0.030905,0.178764,-0.543035,0.261496,-0.298509,-0.145833,0.150193,0.272437,-0.007011,0.235507,0.024514,0.067794,0.0,-0.038232,0.18341,-0.202828,0.02441,0.00561,-0.183169,0.011006,-0.019949,0.046479,-0.309172,0.036899,-0.184679,-0.17219,-0.071575,-0.064918,0.12438,0.077624,-0.065218,-0.133456,0.197421,0.122521,-0.199245,0.083287,-0.189676,-0.277568,0.005206,-0.162458,-0.001385,-0.054676,-0.259601,-0.00363,-0.277568,0.015709,0.180384,-0.187164,-0.137876,0.138475,-0.355948,0.102157,-0.206609,0.193155,0.037557,0.010229,-0.193264,-0.10127,-0.23736,0.018208,-0.439225,0.051834,-0.019095,-0.04324,-0.026295,0.030856,-0.278583,0.102157,-0.306061,-0.024111,-0.24219,0.283639,-0.202133,-0.18959,-0.010007,-0.031911,-0.414734,-0.146297,0.055504,0.066092,-0.076961,-0.02954,-0.10127,-0.34013,0.238738,-0.124082,-0.18313,-0.159381,-0.110988,-0.191479,-0.177966,-0.034681,0.10667,0.18333,-0.048717,-0.215934,0.234228,-0.039626,-0.183117,-0.278664,-0.169769,-0.247476,0.249678,-0.003654,-0.153897,-0.112557,-0.210961,-0.216443,0.074995,-0.200411,-0.125189,-0.317147,-0.247631,0.084069,-0.123908,0.105528,0.287433,-0.23176,0.179847,-0.142293,0.337393,-0.226318,-0.183127,0.089335,-0.084472,-0.14891,0.003264,0.204742,0.109274,0.22653,0.136823,0.178589,0.291866,-0.081058,0.118732,0.01223,-0.441586,0.379099,0.170295,0.147731,0.086306,0.387534,0.182322,-0.152915,-0.111508,0.148472,#
10,0.034717,-0.051699,-0.134159,0.074723,0.186808,0.367708,0.277615,-0.079293,0.054494,0.177747,1.0,0.152581,0.141325,-0.233494,-0.135974,0.326346,0.351343,-0.302292,-0.05581,-0.326242,0.223484,-0.016775,-0.010781,0.023337,-0.223269,-0.421483,-0.07634,-0.062211,0.108948,-0.015462,-0.093408,0.097975,-0.405735,-0.149663,0.52914,-0.03717,0.453033,-0.117316,0.134639,0.269817,-0.357814,0.168267,-0.073707,0.03062,-0.098043,0.045071,-0.25255,-0.210054,0.367996,-0.174641,0.378258,-0.268827,0.012816,-0.229999,0.541233,-0.124495,-0.389785,0.142518,-0.177547,0.002771,0.076846,0.143537,-0.110307,-0.013769,0.156354,-0.18448,0.0,-0.12655,-0.175684,-0.450413,0.075997,-0.004956,0.292715,-0.394925,-0.300323,0.272496,-0.337603,-0.075079,-0.272826,-0.528679,-0.288107,-0.027423,-0.116053,0.145356,-0.592562,-0.014159,-0.168881,0.08496,-0.408201,-0.441403,-0.052125,-0.377332,0.111717,-0.318127,0.191809,-0.064068,-0.555912,-0.113324,-0.052912,0.004781,0.159055,-0.097982,-0.202938,-0.257,-0.180569,-0.111088,-0.245936,0.138628,-0.167812,0.373609,-0.387041,-0.269642,-0.278877,-0.291245,-0.223518,-0.050307,-0.032912,-0.190733,-0.394648,0.113882,-0.432782,-0.055033,-0.361939,0.08706,-0.140733,-0.095898,0.234117,0.110471,-0.100727,-0.209367,0.026037,-0.089708,-0.240133,-0.0826,-0.099142,-0.017554,-0.269642,-0.238438,-0.154611,-0.129301,-0.487603,0.011457,-0.070775,0.001143,-0.322593,-0.177727,-0.19896,0.118876,-0.216609,-0.159765,-0.190887,-0.152345,0.002598,-0.416123,-0.292266,-0.12364,0.22774,-0.242101,-0.304132,-0.093167,0.088355,-0.182864,-0.19527,-0.295743,-0.383061,-0.042622,-0.037448,-0.001389,-0.307833,-0.116469,0.27112,-0.160365,-0.133992,-0.370766,0.425569,-0.331804,-0.487595,0.414002,0.246213,0.309803,0.089879,0.264499,0.177141,0.096724,0.0307,-0.191591,-0.145343,-0.019016,0.48755,-0.036991,-0.493043,0.445812,0.031672,0.160061,-0.209366,0.114578,0.141344,-0.40396,-0.277798,-0.113914,#
11,-0.116749,-0.102481,0.304231,0.050418,-0.102872,-0.041143,0.28226,-0.501983,0.253829,0.295388,0.152581,1.0,-0.271889,0.082092,-0.014614,0.211597,0.219953,-0.103174,0.141143,-0.029938,-0.097772,-0.440714,0.01627,-0.368952,0.015161,-0.108115,-0.123829,-0.077764,0.06345,0.177342,-0.203575,0.029965,-0.574584,0.077676,-0.194834,0.077314,-0.016244,-0.022213,0.163867,0.376714,-0.204513,-0.087177,-0.132789,-0.264682,0.114471,0.231873,-0.062278,-0.353936,0.017009,0.429187,0.335329,-0.150693,-0.087992,0.195687,-0.293755,0.122246,-0.032094,-0.208841,-0.249154,-0.04236,-0.147491,0.263589,0.431005,0.195071,-0.053129,-0.274907,0.0,0.045,0.033374,-0.12018,0.616797,-0.140241,-0.058392,0.083159,-0.113503,0.345015,-0.360184,0.011782,0.041378,-0.140787,0.159649,0.096429,0.093088,0.073259,-0.063564,0.120528,-0.135142,-0.173228,-0.10894,-0.124677,-0.344798,0.101002,0.239406,0.031666,-0.023032,-0.231432,-0.20763,-0.340659,-0.092812,-0.028261,-0.095956,0.230638,-0.160131,0.193181,-0.347802,-0.081058,-0.056097,-0.033752,-0.027347,-0.281414,-0.527133,0.125073,-0.349063,0.212155,-0.301544,-0.024551,-0.10335,-0.073975,0.086681,-0.097899,-0.183999,-0.045944,0.004842,0.045871,0.110655,0.162592,-0.154784,-0.354331,-0.270487,-0.182605,0.013535,-0.15541,0.108721,0.327705,-0.078272,-0.179308,0.125073,-0.031345,-0.266634,0.059333,-0.054511,0.131356,0.127469,0.009884,-0.372588,-0.314075,0.393758,0.200742,0.152135,0.227004,-0.080075,-0.309802,0.20418,-0.152524,-0.035493,0.203172,0.09707,0.072496,0.063824,0.344774,-0.090609,0.179111,0.057724,0.013795,-0.018392,-0.15528,-0.151419,-0.096314,-0.108738,0.128955,0.38628,-0.415931,0.074814,-0.395237,-0.013684,0.067464,-0.059908,-0.010984,-0.017604,-0.167463,-0.069418,0.1191,0.487751,-0.054625,0.212909,0.209013,0.197291,-0.040266,-0.242919,-0.096345,-0.496278,0.332068,0.06296,0.155407,0.123777,0.132333,-0.026552,-0.180195,-0.198379,0.38151,#
12,0.23807,-0.019233,-0.342852,0.092343,-0.057885,-0.04813,-0.016589,0.054676,-0.136192,0.36107,0.141325,-0.271889,1.0,-0.009138,0.235387,0.367277,-0.098475,0.012408,0.229293,-0.186936,0.326197,0.277422,0.021918,-0.214307,-0.036574,-0.182193,0.066052,0.056542,-0.042336,0.076184,-0.037842,0.109876,0.065472,-0.08696,0.238098,-0.117229,-0.155658,-0.100585,-0.047471,0.11112,-0.263984,-0.052717,-0.05569,0.359571,0.293852,-0.487933,-0.084711,-0.049122,-0.159633,-0.363023,0.160827,0.182835,0.020926,-0.092139,0.157706,0.069008,-0.270915,0.163786,-0.155928,0.043125,-0.111304,0.076858,-0.319404,-0.1349,0.124851,0.328837,0.0,-0.005951,-0.028897,-0.249116,-0.157479,0.069542,-0.251066,0.148965,0.194604,0.102004,-0.287563,-0.402496,-0.068536,-0.237745,-0.218794,-0.298815,0.123328,-0.01256,-0.039337,-0.359627,0.075188,0.067579,-0.384294,0.063712,0.169081,-0.482083,-0.296378,0.028574,0.114498,0.177927,-0.098817,0.119923,-0.298656,-0.005678,0.135669,-0.244441,0.054255,0.015688,0.064471,-0.090452,-0.048698,0.111734,-0.295977,-0.040335,0.241235,-0.138809,-0.06566,-0.074134,-0.112685,-0.148588,0.403041,0.117952,-0.172068,0.061579,-0.238656,-0.020675,-0.464735,-0.059792,-0.102062,0.131166,-0.317011,-0.130274,0.108573,-0.030009,-0.358217,-0.200527,-0.031913,-0.041853,-0.210916,0.168482,-0.138809,-0.144026,-0.027318,0.035179,-0.251013,0.244188,0.040123,-0.321668,-0.150966,0.111514,-0.295869,0.322281,-0.330469,-0.295977,0.131597,-0.156823,-0.250995,-0.24413,-0.58367,-0.182888,0.230498,-0.067332,-0.172872,0.036454,-0.141565,-0.132213,0.001172,-0.07689,-0.287861,-0.154705,-0.12379,0.017553,0.079378,-0.087719,0.055239,0.099769,0.117963,0.072237,0.414295,-0.167668,-0.251009,0.044669,0.049874,0.069741,0.254411,-0.013047,0.04373,0.20185,0.262819,0.013626,0.130166,0.098426,0.224852,0.16324,0.007592,0.062874,0.190646,0.065904,-0.145036,0.331115,0.060431,0.058024,0.277232,-0.043435,#
13,0.296237,0.305319,0.153111,-0.178587,0.063282,0.243914,-0.019876,-0.177159,0.39046,0.000415,-0.233494,0.082092,-0.009138,1.0,0.408119,0.137821,0.14543,0.324038,-0.010612,-0.003829,-0.381219,0.015222,0.267468,-0.368841,-0.093191,-0.189902,0.163819,-0.329848,0.00719,-0.035245,-0.356182,0.165102,-0.178724,0.028415,-0.257631,0.006957,-0.031642,0.024862,0.205491,-0.348831,0.077009,0.108576,-0.214127,0.000101,0.169143,-0.338911,0.509656,0.020773,-0.133497,0.094734,-0.085577,0.098337,0.185249,-0.248867,-0.50681,0.498012,0.039392,0.433975,0.178986,0.460359,0.205656,0.164329,-0.01188,-0.288824,-0.235856,0.228857,0.0,0.536972,0.303822,0.114782,0.337317,0.088348,-0.301167,0.173217,-0.023855,0.137112,-0.166434,-0.201,-0.498803,0.380935,0.216182,-0.222962,0.037538,0.276294,0.265376,0.178995,0.050604,-0.298025,-0.008332,-0.087952,-0.135385,-0.06394,-0.163801,0.396686,-0.215856,0.033478,0.383553,-0.021719,0.267716,-0.123038,0.301718,-0.018393,-0.120861,0.428875,0.216838,-0.320965,-0.09006,-0.223678,0.284546,0.019132,0.170233,0.252989,-0.007809,0.321071,0.085322,-0.195208,-0.224973,0.161745,0.134002,-0.303756,0.105026,-0.143933,0.035997,-0.32829,0.138795,0.119566,-0.116692,0.084267,-0.206479,-0.260278,-0.048087,0.074121,-0.513349,-0.341624,-0.09551,-0.269487,-0.166508,-0.018889,0.173293,-0.043681,-0.043468,-0.013053,-0.20193,-0.264046,0.127187,-0.292163,0.0095,0.151958,-0.024875,0.292364,-0.041261,-0.200255,0.190719,-0.058605,-0.046672,-0.002166,0.42756,0.247862,0.143,0.134626,-0.218506,-0.121984,0.44135,0.498388,0.310351,0.290324,0.197173,-0.239826,-0.16087,-0.133676,0.031847,-0.020561,0.009487,0.196799,0.014993,-0.001303,-0.053101,-0.311516,0.004452,0.08627,0.482005,0.018491,-0.041576,-0.023952,-0.123732,-0.075469,0.390968,0.007448,-0.364151,0.15433,-0.001189,-0.192451,0.146912,0.247532,-0.031055,-0.152483,-0.529734,-0.103702,-0.053598,0.066457,#
14,0.559785,0.224441,-0.431857,-0.123277,0.141195,-0.003779,0.214251,0.063954,-0.072654,0.051195,-0.135974,-0.014614,0.235387,0.408119,1.0,0.19837,0.186661,-0.243086,-0.097915,0.013832,-0.422985,-0.147953,0.028181,-0.339369,0.143291,-0.23572,0.269054,-0.276805,-0.268355,0.005474,-0.292166,0.178507,-0.142363,-0.124866,-0.229961,-0.174633,-0.040469,0.18378,0.080463,0.041125,-0.132649,-0.08859,-0.381517,-0.053039,0.477571,-0.497979,0.425942,0.086536,-0.105548,-0.165703,-0.189035,-0.015813,-0.032908,-0.34802,-0.377733,0.430161,-0.045514,-0.180167,0.184151,0.211643,-0.400796,0.632206,0.154191,-0.19151,-0.406963,-0.025844,0.0,0.107954,0.218144,-0.133565,0.377369,-0.073838,-0.276618,0.048936,0.251824,0.100861,-0.124673,-0.301603,-0.283313,0.469293,0.075746,-0.346543,-0.097696,-0.143643,-0.149719,0.23843,-0.17977,-0.065525,0.209729,-0.218672,0.194562,-0.183901,0.086248,0.298578,0.009223,-0.087522,0.138979,-0.112022,-0.161073,-0.065181,-0.073666,-0.302963,0.140497,0.216241,0.148834,-0.27129,0.021665,-0.306191,0.341576,-0.224506,0.228452,-0.152935,-0.129317,0.044407,-0.158449,-0.327268,0.154208,0.124747,0.132407,-0.457397,-0.033687,-0.100699,-0.219809,-0.107926,0.258657,0.195274,-0.407942,0.464678,0.08003,-0.034162,0.054688,-0.220935,-0.208211,-0.264482,0.193163,-0.231429,-0.152935,-0.324552,-0.118189,0.070811,-0.007609,-0.078074,0.193907,-0.193563,-0.122354,0.041623,0.102102,0.209482,0.112145,0.359533,-0.314989,0.24098,-0.037865,-0.216205,0.020664,0.251106,0.21399,-0.044691,-0.104812,0.006052,-0.397829,0.130158,0.202139,0.221627,0.172004,0.198199,0.021417,0.053099,0.065979,-0.466964,-0.082595,0.020809,0.058975,-0.031196,-0.082595,0.08046,-0.276554,-0.255684,0.074835,-0.119871,0.067358,-0.110139,-0.139752,0.116478,-0.072838,-0.178731,0.502085,-0.064773,-0.247869,-0.297823,0.086967,-0.105538,0.071541,0.269741,0.08423,-0.138587,-0.414918,0.233137,-0.22168,0.068391,#
15,0.151522,-0.202914,-0.268601,-0.198963,0.112528,0.067953,0.13674,-0.106025,0.0618,0.480689,0.326346,0.211597,0.367277,0.137821,0.19837,1.0,0.297753,-0.122026,0.188454,-0.332963,-0.010203,-0.348338,-0.039302,-0.332003,-0.224675,-0.271144,-0.065367,0.00574,0.113541,0.293048,-0.430092,0.213423,-0.449247,-0.120278,0.13443,-0.127359,-0.066948,-0.104437,0.412658,0.372361,-0.576446,-0.213803,-0.221351,0.050472,0.102975,0.086215,0.032401,-0.279461,-0.144017,-0.052596,0.428176,-0.014489,0.114187,-0.101955,0.014949,0.358362,-0.137119,0.080489,-0.054223,0.032601,-0.260179,0.247912,-0.110663,0.018808,-0.072134,-0.22667,0.0,0.056165,0.302135,-0.508525,0.272194,0.038992,-0.383871,0.1027,0.022829,0.202238,-0.301522,-0.303495,-0.201075,-0.091992,-0.112802,0.031551,0.24494,0.209146,-0.051401,-0.063738,-0.047747,0.281411,-0.386429,0.059483,0.015982,-0.438183,-0.022534,-0.121146,-0.113655,-0.107244,-0.153932,-0.041604,-0.425983,-0.115675,0.14713,-0.030554,-0.221485,0.114327,-0.213697,-0.278916,-0.226945,0.491418,-0.260081,0.288104,-0.363185,0.200796,-0.024699,-0.04633,-0.432788,-0.361187,0.19178,0.101313,-0.233801,0.025459,-0.394466,0.056282,-0.316035,-0.041473,0.028899,0.031815,-0.084515,0.063125,-0.183598,-0.219298,-0.270026,-0.306599,-0.169947,-0.073242,-0.238267,-0.022881,-0.212233,-0.366013,0.056745,-0.073832,-0.383789,0.085109,0.125409,-0.126863,-0.250052,-0.186677,0.002902,0.012395,-0.321609,-0.042987,0.106685,-0.320616,-0.124654,-0.584002,-0.305041,-0.327813,0.020472,-0.049625,-0.421524,-0.200268,-0.475511,-0.252842,0.029922,-0.212152,-0.213311,-0.278687,-0.321543,0.184456,0.068371,-0.100158,0.120224,-0.182316,0.069756,-0.173354,0.438684,-0.149118,-0.13961,0.271304,0.096851,0.135317,0.187724,-0.046296,0.340156,0.511685,-0.141779,-0.048653,0.518849,-0.16887,0.145091,0.126178,-0.303875,0.34099,0.344647,0.125587,0.098776,0.238584,0.213755,-0.253034,-0.051888,-0.142035,#
16,0.1808,-0.3966,-0.127892,-0.023821,0.446864,-0.095758,-0.043328,-0.12223,0.030588,0.034321,0.351343,0.219953,-0.098475,0.14543,0.186661,0.297753,1.0,-0.298141,-0.134769,-0.113862,-0.309357,-0.413711,-0.207793,-0.244595,-0.385029,0.012903,-0.280894,-0.158142,0.140232,-0.104346,-0.166429,0.169119,-0.29611,-0.225682,0.441186,0.085461,-0.00637,0.056507,0.136632,-0.03756,-0.401296,-0.2291,-0.624362,-0.171285,0.328766,-0.003297,0.040367,-0.336107,0.293115,0.182443,0.231777,-0.027115,-0.253067,-0.130273,0.160096,-0.003385,0.11454,-0.089052,0.208722,-0.02513,-0.148848,0.287628,-0.045467,0.056333,-0.003666,-0.50327,0.0,-0.244188,-0.076272,-0.363853,0.421161,0.111397,-0.253019,-0.208184,-0.141906,0.111941,-0.427072,0.151362,-0.387051,0.075447,-0.037127,0.280852,-0.040762,0.327371,-0.362218,0.167121,-0.262288,0.001864,-0.008154,-0.325566,-0.025,-0.058232,0.202214,-0.160395,-0.090001,-0.260241,-0.275488,-0.258706,-0.07516,-0.134997,0.075818,-0.188536,-0.27377,-0.252952,-0.428518,-0.0253,-0.196702,-0.001336,-0.096521,0.235883,-0.258094,-0.139888,-0.032054,-0.195459,-0.433144,0.104478,0.069722,-0.113964,0.016562,-0.107862,-0.384819,0.164453,-0.054277,0.157395,0.146699,-0.019351,-0.328698,0.011027,0.096434,-0.384904,0.23602,0.122695,-0.191828,0.202426,-0.241413,-0.19017,-0.139888,-0.092289,-0.42007,0.238352,-0.252965,-0.205842,0.074506,-0.027024,-0.369944,0.061024,0.28915,-0.298081,0.126497,-0.298279,-0.084577,0.008414,-0.252947,-0.174827,-0.032723,-0.341849,0.204332,-0.020599,-0.318802,0.088234,-0.103729,-0.298981,0.156988,-0.197534,-0.274114,-0.048543,0.323858,0.144192,-0.034951,-0.029509,0.550145,-0.186661,-0.230968,0.267815,0.198901,0.039983,-0.252961,0.217994,0.203045,0.262832,0.022183,0.16883,0.291854,-0.102237,-0.033513,-0.085416,0.102955,-0.072643,0.18879,-0.374356,-0.148809,0.213307,0.025837,-0.094529,-0.131594,-0.256808,0.302831,-0.155774,-0.074941,0.333884,#
17,-0.106096,0.321299,0.32205,0.152966,-0.072574,-0.135316,-0.00939,-0.223977,0.24968,-0.029914,-0.302292,-0.103174,0.012408,0.324038,-0.243086,-0.122026,-0.298141,1.0,-0.0147,0.196196,0.147182,0.125194,-0.118349,0.066043,0.245436,0.156205,-0.34375,-0.118786,0.215869,0.203722,0.062412,0.006054,0.350116,0.140764,-0.161716,0.217767,-0.075338,-0.063907,-0.047087,-0.128847,0.174138,-0.01644,0.037577,0.443141,-0.081521,0.016752,-0.17104,0.045092,-0.095634,0.044328,0.076258,-0.06847,0.293613,-0.041389,-0.259428,-0.031946,0.340572,0.462408,0.007608,-0.086777,0.34901,-0.241415,0.184632,-0.115704,-0.084181,0.166453,0.0,-0.056773,0.072678,0.104997,-0.161457,-0.044554,-0.200123,0.006926,0.176451,-0.194489,0.118962,0.059486,-0.009246,0.103965,0.333785,0.071671,0.148865,0.016134,0.749028,-0.172759,0.453563,-0.170862,-0.016648,0.287282,-0.081734,0.224151,-0.098798,0.257447,-0.244436,-0.394324,0.125819,0.026938,0.39815,0.09917,0.211959,0.14478,-0.079224,0.274564,0.095051,0.332674,-0.143721,-0.134577,0.147391,-0.057872,0.234871,0.162301,0.344705,0.323045,0.221647,0.221248,-0.076995,0.22966,0.100433,0.044497,0.447328,0.158767,0.129821,0.015206,0.281694,0.199627,0.261522,-0.028033,-0.283865,0.083566,0.055257,-0.051747,-0.080608,0.120296,-0.081781,0.072531,-0.249791,0.219627,0.325775,-0.132856,0.050142,0.147117,0.0475,-0.061495,0.259321,-0.289217,-0.037992,0.033501,0.016987,0.120764,0.206707,-0.145487,0.284116,0.076299,0.203872,0.009296,-0.002288,0.362192,0.217929,0.211035,0.148794,-0.078277,0.032566,0.324893,0.197639,-0.113443,-0.005289,-0.118561,0.146379,0.341649,-0.353816,-0.1194,0.11205,0.165564,-0.036078,0.176312,0.03554,-0.042091,-0.0425,-0.21625,0.327619,-0.149751,-0.199788,0.009379,0.004561,0.058423,-0.034838,0.142165,-0.342676,0.322438,0.182656,0.006381,0.341849,-0.240587,-0.031991,-0.039979,-0.330785,0.098267,0.423862,-0.352669,#
18,-0.099891,-0.009316,0.00236,-0.201635,0.271766,0.057482,-0.018309,-0.184148,0.252131,0.012113,-0.05581,0.141143,0.229293,-0.010612,-0.097915,0.188454,-0.134769,-0.0147,1.0,0.177807,0.195017,-0.067111,0.402719,0.155378,0.071665,-0.150686,0.346321,0.242228,-0.194856,0.374682,-0.106825,-0.022191,-0.282434,0.123863,-0.146555,0.012224,-0.219839,-0.390737,-0.049352,-0.106128,-0.142007,-0.208191,0.324777,0.115781,-0.240313,-0.032671,-0.014577,-0.009586,-0.124925,0.052995,0.334176,0.310493,0.300813,-0.122288,-0.212147,0.251634,-0.035506,-0.091592,-0.276152,0.11182,-0.184725,-0.020187,-0.1564,0.088713,0.023119,0.23748,0.0,0.126178,0.050391,0.157399,0.187406,0.207919,-0.18118,0.314874,0.004363,0.333044,-0.055565,-0.445786,0.179389,-0.266991,-0.053667,-0.253526,-0.227807,0.327822,0.056746,-0.194445,-0.203932,-0.189399,-0.025666,0.25703,-0.090636,0.069321,0.124956,0.080664,-0.258556,-0.032613,-0.059375,-0.134956,-0.605344,-0.076603,0.139758,0.354228,-0.092191,0.282027,-0.068228,-0.20746,0.225958,0.13934,-0.102409,0.111836,0.09433,0.176805,0.150893,-0.032593,-0.418977,-0.30682,0.211535,0.016902,0.269568,-0.013564,-0.132237,-0.20746,-0.2105,-0.484224,0.096481,-0.336973,0.101619,-0.29811,-0.0519,-0.309842,-0.305187,-0.075257,0.093408,0.137152,-0.436613,-0.121626,0.192591,-0.292369,-0.309766,-0.16256,-0.179575,-0.014472,-0.324851,-0.32526,-0.136874,-0.11041,-0.038882,0.188488,-0.409543,0.104143,0.203271,-0.323552,0.31038,-0.295383,-0.309027,-0.21817,-0.156704,0.385933,0.035022,0.019366,-0.013027,-0.316956,-0.003128,-0.197976,0.002592,-0.10479,0.201181,0.085364,-0.219676,-0.217534,0.136401,0.459066,-0.066095,-0.198006,0.469748,-0.353573,0.077624,0.129972,-0.01673,-0.008149,0.332286,0.019647,0.187964,0.199415,0.109822,0.489295,0.112203,0.135558,-0.30611,0.166766,-0.024722,0.002384,-0.171042,-0.0747,-0.615438,0.285167,0.091987,-0.015158,0.519622,0.159226,#
19,-0.28069,-0.024873,-0.018819,0.207222,0.033843,-0.066632,-0.223252,0.239624,0.242474,-0.247967,-0.326242,-0.029938,-0.186936,-0.003829,0.013832,-0.332963,-0.113862,0.196196,0.177807,1.0,-0.167613,-0.0958,-0.052234,0.290423,0.403446,0.212285,-0.179661,-0.054753,-0.485917,0.09565,0.274918,-0.00039,0.37089,0.569543,-0.365922,0.021671,-0.091077,0.116939,-0.081697,-0.184652,0.273934,-0.231651,0.048699,0.005452,0.10816,-0.018129,0.185518,0.275554,-0.074895,-0.052234,-0.031685,0.286539,0.111215,-0.048173,-0.420546,0.039944,0.317855,-0.264328,0.121383,-0.198191,-0.262312,-0.034612,0.021508,0.085102,-0.260432,-0.07265,0.0,-0.150093,-0.22492,0.23852,0.09251,-0.010304,-0.184534,0.005704,-0.030726,0.063402,0.557314,0.284789,0.200303,0.238602,0.127068,0.164777,0.122563,0.070126,0.349064,0.312275,-0.168973,-0.285464,0.394401,0.250055,0.005167,0.537857,0.293365,0.014217,-0.442745,-0.311312,0.324851,-0.205865,0.146076,0.214447,-0.169988,0.374463,0.215628,0.099338,0.01145,0.119035,0.140558,-0.339327,0.316173,-0.180995,0.158081,-0.102024,0.606252,0.394401,-0.067364,0.088001,0.373424,-0.0349,0.456546,-0.288237,0.398764,-0.096241,0.314363,-0.009375,0.157069,0.259491,0.016716,-0.093781,0.13987,0.17378,0.075388,0.235253,0.253015,0.094033,-0.063412,-0.051288,-0.102024,0.094139,0.077173,0.069933,-0.184494,-0.207642,0.079469,0.209846,0.29346,0.178056,0.328079,-0.163749,0.228191,0.316173,0.224641,0.174785,0.105129,0.191914,0.479784,0.492402,-0.00431,0.102785,0.072677,0.286747,0.005671,0.319183,0.067513,0.389765,0.286747,-0.136488,0.250605,0.009383,0.137122,0.144169,-0.28811,0.314436,0.334831,-0.075415,-0.295918,0.185901,-0.184491,-0.297043,-0.299928,-0.017364,-0.014508,-0.202467,-0.214919,-0.292503,-0.103591,0.151189,-0.113668,0.335235,-0.575073,-0.218559,0.388593,-0.42263,-0.219569,-0.241472,-0.308761,-0.30904,-0.07359,0.340804,0.133926,-0.04172,#
20,-0.116454,0.16739,0.007406,0.208892,0.172524,0.067854,0.112984,-0.175761,-0.098752,0.1391,0.223484,-0.097772,0.326197,-0.381219,-0.422985,-0.010203,-0.309357,0.147182,0.195017,-0.167613,1.0,0.117337,0.096545,0.195879,-0.075617,0.078394,0.176857,0.245076,0.39711,0.227924,0.041061,-0.0832,0.121387,0.028423,0.01776,-0.164238,0.063125,-0.338014,-0.083599,0.204204,0.14981,0.137634,0.200856,0.167746,-0.031376,0.093121,-0.552556,-0.023222,-0.235568,-0.121027,0.102507,-0.064999,0.088941,0.018267,0.284343,-0.112366,-0.187707,0.193706,-0.189598,-0.079617,0.089558,-0.159844,0.081228,-0.065358,0.3381,0.194023,0.0,-0.201455,-0.313119,0.031642,-0.354705,0.250118,0.365618,0.145905,-0.142939,0.259984,0.041315,-0.055046,0.241026,-0.342796,-0.357943,-0.048629,0.057242,0.186778,-0.123507,-0.529324,0.430353,-0.347836,-0.258016,-0.041838,-0.107985,-0.27855,-0.090472,-0.107614,0.189541,0.120304,-0.409481,-0.076256,-0.149031,0.283656,0.260365,0.039833,-0.130696,0.088687,0.129917,0.168509,-0.029424,0.039751,-0.270215,0.128187,-0.01796,0.196184,-0.126305,-0.098702,-0.060526,0.061368,0.148892,0.040617,-0.247414,0.075432,-0.066975,-0.061857,-0.260558,-0.006534,-0.133037,-0.168892,0.469557,-0.167534,-0.060525,-0.060749,-0.329487,-0.022428,0.188073,0.018231,-0.230118,0.333978,-0.244878,-0.27943,-0.143974,-0.329189,-0.442821,-0.014954,-0.278898,-0.020561,-0.114762,-0.067917,-0.411763,0.325041,-0.175704,-0.368252,0.201523,-0.284995,0.094324,-0.272632,-0.236447,-0.191694,-0.141526,0.135471,0.041372,-0.282607,0.054024,-0.068157,-0.157285,-0.195704,-0.310726,-0.215903,-0.370399,0.03623,0.098112,0.157473,-0.015692,0.142433,-0.231615,0.018909,0.327454,-0.323021,-0.182068,0.459595,0.330887,0.024722,0.216293,0.114725,0.085371,-0.005934,0.311288,0.318055,-0.273709,0.439537,0.24493,0.476987,-0.138876,0.348066,0.294362,0.216277,-0.036731,0.53839,0.233612,0.166998,0.328454,-0.002501,#
