0,1.0,0.155574,0.184728,-0.207409,0.520319,-0.23924,0.27123,-0.211387,0.335224,0.125546,-0.228665,0.281457,0.609735,-0.116405,-0.178411,-0.132165,0.074202,0.180789,0.059844,-0.186293,-0.385164,-0.168897,0.376228,-0.310603,-0.118921,-0.358687,-0.383506,-0.315387,0.090242,0.019546,-0.395961,-0.181619,-0.229845,0.011713,-0.335449,0.176403,0.305336,-0.013732,0.167856,-0.139249,0.388107,-0.040406,-0.200403,-0.326803,-0.117764,-0.044177,0.360723,0.267724,-0.073297,0.37701,0.249696,-0.197648,-0.01178,0.123402,0.046036,-0.030538,-0.317523,0.28944,-0.284532,0.003378,0.205435,-0.29356,-0.109886,-0.360098,-0.043209,0.246491,-0.028924,0.089696,0.369115,-0.210085,0.168236,-0.266804,-0.11001,-0.461761,-0.334156,0.343338,-0.188267,-0.422941,-0.163414,-0.171215,-0.256847,-0.281487,-0.244902,0.070129,-0.213393,-0.283758,-0.542825,-0.261657,-0.08991,-0.30335,-0.306134,-0.12816,-0.278345,0.143912,-0.33541,-0.335707,-0.282178,-0.163935,0.023275,-0.47279,0.298799,-0.305213,-0.304372,-0.198794,-0.338887,-0.191169,-0.004488,0.132604,-0.544297,0.114284,0.260915,-0.229504,-0.053034,-0.304195,-0.347168,-0.305213,-0.374441,-0.352581,0.185618,-0.509864,-0.284161,-0.54034,-0.149959,-0.381451,-0.306325,-0.09683,-0.507969,-0.104041,0.079864,-0.224236,-0.340427,-0.03617,0.114322,0.068563,-0.099054,-0.550769,0.153849,-0.188267,-0.118446,-0.417364,-0.204911,0.299702,-0.258885,0.122592,-0.292044,-0.316156,-0.551448,0.604399,-0.452521,-0.229585,-0.584784,-0.481909,-0.118704,-0.186372,-0.457066,-0.168275,0.266984,0.495926,-0.243904,-0.426817,0.117246,-0.003081,-0.507969,-0.105877,0.170857,-0.117644,-0.086241,-0.318249,-0.201804,-0.17108,0.037187,0.235756,0.147232,-0.340552,-0.125482,-0.157304,-0.036964,0.34864,0.2639,-0.355484,0.216021,0.152299,-0.112824,-0.261364,0.391742,-0.002942,0.230856,0.227626,-0.433562,0.562992,-0.149374,-0.017237,0.340125,0.416802,-0.218446,0.182388,0.34517,-0.308504,-0.252264,0.169233,#
1,0.155574,1.0,0.054974,0.077059,0.203295,-0.276358,-0.142617,-0.138288,0.142921,0.182231,-0.285925,0.154736,0.175541,0.033032,0.114074,-0.173498,0.044221,0.182456,0.108254,-0.239509,-0.118574,-0.115935,0.123071,-0.048452,-0.006026,-0.105896,0.039426,0.123158,0.238166,0.163053,-0.3082,0.279492,0.023216,0.084882,-0.255839,0.264392,0.335424,-0.127303,-0.080319,-0.188419,0.152547,0.067617,0.229692,-0.073042,-0.210327,-0.336693,0.357975,0.136597,-0.199259,0.339231,-0.137857,-0.479607,-0.071172,0.186721,0.051059,-0.088866,-0.488271,-0.218065,-0.204266,0.02279,-0.048922,0.061462,-0.179678,-0.037586,0.003695,-0.151991,0.169479,0.10968,-0.000818,-0.11661,-0.171267,-0.334211,0.103634,-0.077624,-0.313226,0.150825,-0.268747,-0.31942,-0.279556,-0.630612,-0.006029,-0.590767,-0.314806,0.168298,-0.575751,-0.387454,-0.101563,0.010199,-0.190979,-0.069007,0.14386,-0.057735,-0.341116,0.354728,-0.444734,-0.226815,-0.040953,-0.114919,-0.116893,-0.029781,0.230619,-0.160524,-0.621659,-0.093487,-0.602562,-0.426296,-0.167169,-0.06088,-0.117558,-0.145314,-0.002256,0.250426,-0.004565,-0.158276,-0.120236,-0.188139,-0.113528,-0.434158,0.230549,0.073099,-0.340021,0.052872,-0.494442,-0.321406,0.273705,-0.57288,-0.388515,-0.07303,-0.189615,-0.096117,-0.298627,0.071861,-0.049264,0.203293,-0.251511,-0.108691,-0.201635,-0.127155,-0.167782,-0.188559,-0.101886,0.319062,-0.102503,0.100811,-0.236463,-0.578352,-0.129649,0.26097,-0.394307,-0.155438,-0.140287,-0.226488,-0.200937,-0.090744,-0.067714,-0.210217,0.151711,0.315907,-0.185537,-0.290579,-0.117636,-0.040013,-0.076573,-0.238309,0.057517,0.297836,0.06568,-0.051379,-0.426264,0.124514,-0.080451,0.188161,-0.286627,-0.267779,0.14941,0.08586,-0.288061,0.220227,0.188145,-0.316119,0.375379,-0.21231,0.017709,-0.059623,0.122956,-0.181712,0.115836,-0.199874,-0.337814,0.086648,-0.451552,0.222257,0.224233,0.394256,-0.104644,0.164432,0.224593,-0.465782,-0.089884,0.050168,#
2,0.184728,0.054974,1.0,0.077703,0.121961,-0.233625,0.026357,-0.271256,0.0234,0.211436,-0.112086,0.010758,-0.092106,-0.137535,-0.493967,-0.288638,0.189911,0.060782,-0.191807,-0.355464,-0.023934,-0.355985,0.060478,0.091335,0.043921,-0.357873,0.010038,-0.480834,-0.108913,0.167402,-0.184894,-0.256008,-0.152535,-0.030561,-0.106487,0.038385,-0.008224,-0.042624,-0.106214,-0.225782,-0.082537,-0.15114,-0.019913,0.154528,0.404369,-0.393435,0.054874,0.358538,-0.118911,0.238275,-0.018709,-0.039552,0.178546,0.324837,0.063324,-0.263628,-0.206696,0.010139,0.174806,0.137989,-0.072059,0.305191,-0.326525,-0.361469,0.006098,0.102238,-0.280163,-0.083611,0.010042,0.076073,0.034465,0.010295,-0.144525,0.122675,-0.267336,0.457172,-0.206737,0.038252,-0.275665,-0.081183,0.041788,-0.000301,-0.067967,0.481939,-0.184722,-0.354839,0.043682,0.063185,-0.214073,-0.225618,-0.125427,-0.39888,0.137187,-0.079063,-0.462554,0.070617,-0.040181,0.070261,0.083969,0.03716,-0.14928,-0.012245,0.075347,-0.010072,-0.138716,-0.356275,0.070593,0.078946,-0.147823,0.251374,0.271779,0.326289,0.092184,-0.202304,0.180937,-0.005152,0.023869,-0.315754,0.050589,0.062018,-0.336302,0.085667,-0.087413,-0.064397,-0.151287,-0.128861,-0.28296,0.286827,0.236943,0.12534,0.236495,-0.02398,0.055971,0.15825,0.242939,-0.195486,0.267896,0.118865,-0.096309,-0.379421,-0.039082,0.430631,0.107553,-0.247218,-0.013086,0.160361,-0.041127,0.199795,-0.144841,-0.050498,-0.232611,0.280426,0.097415,-0.202582,-0.328644,-0.090446,0.045062,0.191986,0.004789,-0.089333,0.32163,-0.01254,0.381534,0.013844,0.038485,-0.003285,-0.15141,-0.464055,0.191316,-0.090334,0.227345,0.002717,-0.081758,0.074107,-0.11819,-0.035431,-0.286476,-0.001786,-0.028114,-0.12164,0.133835,-0.064281,-0.014792,-0.038639,-0.310384,0.122279,-0.22888,-0.185037,0.005998,0.090827,0.257726,-0.020442,0.151972,0.087263,0.14005,0.063667,-0.007796,0.270688,0.162786,-0.152386,#
3,-0.207409,0.077059,0.077703,1.0,0.091264,0.090949,-0.314106,-0.203753,-0.245571,-0.035225,-0.017153,-0.372385,-0.107371,0.120068,-0.254439,-0.367532,0.201108,-0.042342,-0.042625,-0.066407,0.008108,-0.116884,-0.151997,-0.041145,0.12476,-0.097953,0.035443,0.06798,-0.081881,0.036805,0.402123,-0.036585,0.190225,-0.333007,-0.12234,-0.376636,-0.142554,-0.064779,-0.182037,0.146403,0.134037,-0.260363,0.183066,0.490202,-0.096857,0.026572,-0.329707,-0.174019,0.25708,0.033191,-0.182113,0.213168,0.186043,0.130432,0.133789,0.08984,0.0282,-0.235269,0.348953,-0.177919,-0.140584,-0.118413,-0.244707,-0.071359,-0.250653,-0.187242,0.1614,-0.235322,-0.342698,0.471274,-0.019623,0.058857,0.251216,0.20895,0.118985,0.035475,0.126007,-0.034329,0.092926,0.363468,0.172513,-0.1371,0.062511,0.095873,0.16796,-0.030649,0.24091,0.19604,0.022879,-0.047379,-0.000579,-0.059407,-0.171497,0.063336,0.21433,-0.08996,0.224563,0.363468,0.157787,0.069795,-0.261297,-0.166775,0.218868,0.12102,0.003379,-0.259029,0.411402,-0.123715,0.208419,-0.009831,0.266501,0.165711,-0.1786,-0.204813,0.030681,0.0621,0.260442,-0.014407,0.065667,0.130464,-0.157661,0.142271,0.13653,-0.088643,0.103576,0.130454,-0.150469,0.190309,0.095244,0.135921,-0.085691,0.138149,-0.270625,-0.009328,-0.012311,0.114182,0.126014,0.14381,-0.209225,0.150762,-0.094456,0.244267,0.266538,-0.298741,0.065815,0.037718,0.136413,-0.071648,0.116275,0.282257,0.286794,0.352952,0.013528,0.141847,0.300465,0.115549,-0.106794,-0.099276,0.205387,0.022642,0.074528,0.213927,-0.107196,0.100853,-0.160352,-0.200082,-0.052771,-0.135403,0.019864,0.119752,-0.164219,-0.287835,0.061336,0.146266,0.116084,0.325421,-0.000935,-0.051136,-0.06218,0.410836,-0.486907,-0.062954,0.070572,-0.290217,0.044541,-0.248545,-0.183536,-0.208445,-0.012004,-0.183333,0.390261,-0.294454,-0.065252,0.001603,0.194135,-0.174677,-0.263208,-0.037186,-0.291371,0.216952,#
4,0.520319,0.203295,0.121961,0.091264,1.0,-0.116295,0.318381,-0.109146,0.014152,0.126174,-0.118457,0.086143,0.333719,0.112087,-0.210105,-0.150982,0.288774,-0.105747,0.0294,-0.409813,-0.279886,0.146009,0.129154,-0.323062,-0.456036,-0.117128,-0.126491,-0.200405,0.185769,0.173167,-0.198308,0.006759,-0.450181,0.051073,-0.368383,0.381122,0.218829,-0.302138,0.221467,0.047406,0.343546,-0.180099,0.006999,-0.194906,-0.305844,0.039914,-0.023292,0.305248,-0.085266,0.15409,0.172054,-0.50597,0.133979,0.135346,0.118028,-0.442036,-0.387652,0.366672,-0.311634,-0.129625,0.221436,-0.083432,-0.183164,-0.133023,0.200587,0.280101,-0.095527,0.204654,0.155461,-0.145197,-0.243619,-0.670578,0.231434,-0.642055,-0.436186,0.527466,-0.436264,-0.667866,-0.402966,-0.20966,-0.405655,-0.483862,-0.493097,-0.114798,-0.369086,-0.645444,-0.544286,-0.50672,-0.113175,-0.163641,-0.302604,-0.173774,-0.248803,-0.006346,-0.576573,-0.659562,-0.469096,-0.080304,-0.245283,-0.331172,0.250661,-0.224878,-0.273508,-0.280707,-0.574147,-0.583003,0.097826,-0.240408,-0.260399,0.140389,0.095877,0.088952,-0.373666,-0.408903,-0.274337,-0.093632,-0.252208,-0.417462,0.088806,-0.185296,-0.254602,-0.408558,-0.218944,-0.075792,-0.049169,-0.257341,-0.669591,-0.192264,-0.345915,-0.098353,-0.416291,-0.086842,-0.333096,0.039557,-0.130121,-0.590562,0.236946,-0.471325,-0.219543,-0.552194,-0.451677,0.433648,0.028107,0.016634,-0.308784,-0.365968,-0.465095,0.760549,-0.581695,-0.342793,-0.439026,-0.375403,-0.311072,-0.435952,-0.294002,-0.346627,0.056364,0.400941,-0.340554,-0.673258,0.14471,-0.227338,-0.363218,-0.301208,0.061319,0.208332,-0.221451,-0.356629,-0.209712,-0.165181,0.272132,-0.020814,-0.32684,-0.391341,-0.120909,-0.223368,-0.333913,0.40524,0.234628,-0.336778,0.19284,0.062062,0.110139,0.186056,0.381007,-0.100432,0.342381,-0.199939,-0.182543,0.443016,-0.039455,0.223914,0.557713,0.663183,0.194541,0.30285,0.404946,-0.289325,-0.472165,0.365281,#
5,-0.23924,-0.276358,-0.233625,0.090949,-0.116295,1.0,0.046857,0.291818,-0.110205,-0.134953,0.066229,-0.183269,-0.402438,0.234803,0.441775,-0.008826,0.024301,-0.168887,-0.062618,0.110992,0.165216,0.194451,-0.070194,-0.366537,0.156225,0.083327,0.02064,0.027994,-0.209833,-0.01906,0.455588,0.460713,0.268224,-0.102639,-0.286,-0.341294,-0.224452,0.19963,0.291689,0.168166,-0.391364,0.157542,0.052803,0.146622,-0.084703,0.169706,-0.289055,-0.37499,-0.09718,0.028359,0.006193,0.256421,0.147444,-0.047417,0.066137,0.341308,0.129947,0.348796,-0.162184,0.319263,0.27013,-0.031291,-0.148428,0.275656,0.024798,-0.18024,-0.298772,0.205872,-0.192898,0.204604,-0.08738,0.15464,0.332067,0.142182,0.11139,-0.184428,0.423017,0.196304,-0.087755,0.293452,0.192442,0.149598,0.037519,-0.16185,0.051329,0.142182,-0.081236,-0.127613,0.022223,-0.181856,0.005925,0.139171,0.012048,-0.120154,0.264903,0.145549,0.135891,-0.079363,0.11863,-0.079804,-0.218281,0.022175,0.190493,-0.086076,0.266805,0.14021,0.070761,-0.022235,-0.084213,-0.465935,-0.068482,0.057016,-0.128905,0.02561,-0.244757,0.039325,0.265605,-0.084213,-0.060049,-0.031705,0.022175,0.283257,0.11474,-0.059825,-0.330466,0.353964,0.13367,0.055395,-0.311102,-0.086478,0.297716,-0.253174,-0.214984,0.019474,-0.020625,-0.094983,0.087799,0.082188,-0.057061,0.238722,0.225821,-0.071995,-0.275457,-0.351033,-0.038325,0.031722,0.25951,-0.113978,0.522807,0.034402,-0.069092,0.084342,0.31298,0.425395,-0.004381,-0.022698,-0.023084,-0.082254,-0.136819,0.091149,-0.280869,-0.062517,-0.005798,0.005965,0.092229,-0.006248,0.308308,0.172413,-0.056556,0.162751,0.131369,-0.179938,0.257224,0.275028,0.017294,0.137004,0.074273,-0.07294,0.142464,0.240398,-0.040876,0.150274,0.036962,0.085831,0.009423,-0.075473,0.128387,0.071015,0.170751,0.113608,0.099804,-0.239285,-0.235457,-0.414702,0.079706,-0.013238,-0.233213,0.009903,0.263823,0.261787,#
6,0.27123,-0.142617,0.026357,-0.314106,0.318381,0.046857,1.0,0.044689,0.501226,-0.171053,0.33577,0.301146,0.068639,-0.193938,0.201071,0.098104,-0.05647,-0.320553,-0.08924,0.008031,-0.279646,0.301684,0.186322,-0.446921,-0.083282,-0.159334,0.026234,-0.435781,0.226593,0.295692,-0.267472,-0.188594,-0.035713,-0.140428,-0.018984,0.070577,0.005237,-0.101807,0.005505,0.437303,0.047301,-0.05868,-0.467078,-0.426976,-0.077931,0.128605,-0.13851,0.179876,0.111985,0.287213,0.353343,-0.119897,-0.094275,0.003368,0.316276,-0.040978,0.010281,0.254636,0.001111,0.131727,0.272924,-0.16184,-0.070376,0.138306,0.343775,0.186892,-0.10991,0.054709,0.020737,-0.240339,-0.001612,-0.30543,0.26685,-0.443892,-0.579046,0.257207,-0.345179,-0.219134,-0.389374,-0.207503,-0.560997,-0.146692,-0.243677,-0.380878,-0.296874,-0.284738,-0.332368,-0.22524,-0.396479,-0.297793,-0.374143,-0.462541,-0.204649,-0.239336,-0.523004,-0.109027,-0.116272,-0.566296,-0.219293,-0.109469,-0.14188,-0.202373,-0.164692,-0.318775,-0.172818,0.078808,0.091858,0.010068,-0.51026,0.307821,-0.090977,0.021675,-0.247574,-0.380878,-0.178551,-0.382008,-0.188247,-0.191918,-0.012406,-0.339692,-0.218878,-0.370077,-0.027324,-0.323037,-0.265905,0.031724,-0.274735,-0.174736,-0.401962,-0.330782,-0.377722,6.1e-05,-0.386122,-0.21832,-0.372156,-0.325068,0.093272,-0.345179,-0.039823,-0.465928,-0.177509,0.071928,-0.326841,-0.179707,-0.307611,-0.224067,-0.505286,0.549768,0.051012,-0.411843,-0.257535,-0.560023,-0.465202,-0.17695,-0.482346,-0.450293,-0.135247,0.143298,0.082792,-0.513744,0.253006,-0.288225,-0.255506,-0.311804,-0.029364,0.228111,0.010755,0.223395,0.087445,-0.284953,0.193806,-0.134217,-0.000616,-0.206906,0.123537,-0.473577,-0.171792,0.526716,0.403286,-0.073677,0.438453,0.628784,0.137768,-0.016647,0.518307,0.370445,0.016434,-0.172492,-0.077314,0.425333,-0.021137,0.182806,0.520993,0.250856,-0.534126,0.237011,0.527671,-0.343315,-0.302308,0.02975,#
7,-0.211387,-0.138288,-0.271256,-0.203753,-0.109146,0.291818,0.044689,1.0,-0.199171,-0.462667,-0.286852,-0.092592,-0.362702,0.04946,0.107475,-0.189421,0.198773,-0.029229,-0.083586,-0.043648,0.193729,0.460298,-0.22177,-0.048075,0.140863,0.304521,0.225442,0.25546,-0.502312,-0.20956,0.172486,0.405214,0.292392,0.044461,-0.11886,0.106805,-0.00443,-0.184478,0.297327,0.159777,-0.204749,-0.120448,0.401515,-0.041601,-0.221865,0.190494,-0.14045,-0.222811,-0.433574,-0.270897,0.205272,0.024793,-0.044346,-0.152639,0.080461,0.217943,0.3255,0.061605,-0.057154,0.238822,-0.127362,0.095728,0.13849,0.431697,0.060666,0.11959,-0.129809,0.011074,-0.046572,-0.390276,0.035107,0.277342,-0.128429,0.15353,0.107359,-0.337195,0.250873,0.370158,-0.099983,0.294442,0.179071,0.170467,0.217217,-0.02167,0.259153,0.129199,0.255447,0.207149,0.170963,0.133201,-0.012825,0.295463,0.35132,-0.157956,0.259738,0.123655,-0.223921,0.294442,-0.088782,0.089115,0.005548,0.067086,0.192695,0.22551,0.069108,-0.022784,0.059635,-0.11464,0.251612,-0.166859,-0.408079,-0.075469,0.028787,0.166583,0.254674,0.261612,0.271636,0.061808,-0.098043,0.146377,-0.127439,0.122072,-0.0707,0.22719,-0.008644,0.181995,0.278777,-0.476081,-0.089741,0.07478,-0.080184,0.078858,-0.029017,-0.29725,0.196846,-0.123899,0.140021,0.068198,0.058213,0.044063,-0.116524,-0.093428,0.115763,0.004495,-0.025371,-0.053878,0.246387,-0.185516,0.174178,0.215862,0.14764,0.088119,0.142561,0.071753,0.354566,-0.169773,-0.156863,-0.415542,-0.136625,0.060465,0.303933,-0.09773,0.112605,-0.027079,0.274893,0.01454,0.287083,0.303336,-0.018265,0.317902,-0.017192,-0.128582,0.053193,0.114736,-0.349413,-0.050501,0.049424,-0.234012,-0.014589,-0.113241,-0.161917,-0.303462,0.184787,-0.067015,-0.037441,0.056167,-0.072726,0.064068,0.280462,-0.249192,0.092628,0.124511,-0.106182,-0.268581,0.17031,0.175758,-0.399471,0.003882,0.046618,-0.1377,#
8,0.335224,0.142921,0.0234,-0.245571,0.014152,-0.110205,0.501226,-0.199171,1.0,0.070873,0.126767,0.382309,0.259379,-0.167129,0.345634,0.09613,-0.319512,0.030525,0.249112,-0.174656,-0.291879,0.011598,0.304789,-0.264182,0.195335,-0.386893,0.041189,-0.114893,0.492142,0.140225,-0.472771,-0.085044,0.151341,0.106355,-0.223542,0.116082,0.163717,-0.14314,-0.089299,0.08075,0.220255,-0.261739,-0.288675,-0.403812,-0.097321,-0.051372,0.198344,0.181853,0.299657,0.536372,0.051409,-0.101877,-0.207857,0.272176,0.355324,-0.105675,-0.062715,-0.005214,0.197315,-0.044526,0.133249,-0.071918,-0.387858,0.251891,0.05807,0.137808,0.173017,0.023338,0.161963,-0.038824,0.010893,-0.254781,0.167393,-0.285629,-0.287072,0.041086,-0.26065,-0.164001,-0.242703,-0.40684,-0.359529,-0.185785,-0.234842,-0.110072,-0.20845,-0.08482,-0.324507,-0.337606,-0.294885,-0.111665,-0.094345,-0.273042,-0.42256,0.091196,-0.337682,0.144888,-0.080776,-0.610021,-0.085644,-0.314802,-0.141663,-0.37502,-0.419733,-0.413993,-0.13661,0.123561,-0.247365,0.002075,-0.515792,0.367094,0.02818,0.109717,-0.09212,-0.261189,-0.172153,-0.574319,-0.359454,-0.155719,0.162271,-0.240904,-0.211818,-0.447118,0.076203,-0.454791,-0.206848,0.008118,-0.174718,-0.126999,0.005167,-0.422204,-0.070483,-0.096149,-0.08306,0.112254,-0.278884,-0.09024,-0.27983,-0.279777,0.2118,-0.368037,-0.237865,0.137407,-0.650808,-0.23384,-0.346799,-0.105936,-0.28903,0.300037,-0.145647,-0.419049,-0.200407,-0.294639,-0.247585,-0.257617,-0.194168,-0.458476,0.102185,0.555003,-0.013106,-0.374208,0.12079,-0.290933,-0.174718,-0.16977,-0.031926,0.146939,-0.136388,0.024665,-0.061301,-0.187365,-0.052473,0.433255,0.145239,-0.406532,0.116734,-0.413904,-0.192308,0.466877,0.108505,-0.111214,0.45904,0.503612,0.07788,-0.122292,0.35857,0.078748,-0.191323,-0.090315,-0.3203,0.263945,-0.044302,0.12403,0.412536,0.125343,-0.637516,-0.066687,0.629644,-0.270201,-0.07427,-0.086098,#
9,0.125546,0.182231,0.211436,-0.035225,0.126174,-0.134953,-0.171053,-0.462667,0.070873,1.0,0.050145,-0.130897,0.20221,0.1432,-0.166883,0.00084,-0.462483,0.338052,0.122166,-0.054705,0.071054,-0.227793,0.242293,-0.072055,0.032408,-0.070926,-0.419172,0.134233,0.17599,0.284021,-0.109808,-0.018032,-0.095668,0.126919,-0.185864,0.307998,0.183684,0.079569,-0.127976,-0.088794,0.042584,0.216014,0.050126,0.442882,0.3855,-0.381328,0.12022,0.390617,0.208679,0.205293,-0.283201,-0.079336,0.210897,0.204476,-0.259982,-0.305472,-0.07881,-0.20152,0.076482,-0.070322,0.069217,0.047815,0.014636,-0.438787,0.092737,-0.048547,0.010762,0.220904,-0.045211,-0.220214,-0.007077,-0.269417,-0.028647,0.072574,0.085003,0.345239,-0.230309,-0.445887,-0.051481,-0.198667,0.005795,-0.169978,-0.369335,-0.077602,-0.176624,-0.223155,-0.127539,-0.12214,-0.259888,-0.085478,-0.075433,0.071148,-0.226682,0.269166,-0.142612,0.018227,0.096357,-0.238813,0.289998,-0.276716,-0.194294,-0.072187,-0.215085,0.118871,-0.118704,-0.255373,-0.236654,-0.096006,0.007152,-0.126297,0.502017,0.176479,-0.0789,-0.230333,-0.310634,-0.097984,-0.153975,-0.28861,0.345986,-0.304105,-0.068773,0.080144,0.105317,0.126731,-0.166138,-0.125299,-0.295867,-0.024927,-0.225088,0.101849,0.103927,-0.060724,0.112884,0.825301,-0.082656,0.097408,-0.00645,-0.075807,0.24862,-0.170391,0.110497,0.154422,0.015193,-0.104652,0.002262,0.125894,0.070523,0.253538,-0.286416,0.105697,-0.580232,-0.070005,0.096275,-0.227076,-0.341812,0.184821,0.397453,0.430091,-0.162604,0.013891,-0.238131,0.104208,0.020883,0.200178,0.150749,0.280675,-0.477147,-0.353392,-0.072448,-0.149144,0.205815,0.066362,-0.16241,-0.396057,0.346968,0.013569,-0.162492,-0.047535,0.03081,-0.190051,0.046159,-0.036308,-0.55499,0.466919,-0.210996,0.051024,0.216269,-0.295604,-0.334522,0.210568,-0.205358,-0.048593,-0.048043,0.08984,0.003897,-0.04349,0.115882,0.117941,0.416193,-0.102894,#
10,-0.228665,-0.285925,-0.112086,-0.017153,-0.118457,0.066229,0.33577,-0.286852,0.126767,0.050145,1.0,0.022988,-0.112076,-0.015937,0.313961,0.177445,-0.241605,-0.408463,-0.200509,0.225339,-0.095192,0.04926,-0.061758,-0.081696,-0.029851,0.226994,0.192578,-0.234686,0.419933,0.060745,-0.006165,-0.326075,-0.094268,-0.099722,0.308663,-0.2551,-0.283176,0.055227,0.036606,0.238653,-0.286325,0.061045,-0.49828,0.116595,0.35982,0.040178,-0.350718,-0.008637,0.534913,-0.088428,0.071236,0.147128,0.026119,0.197069,0.267475,0.243267,0.092096,-0.246021,0.177258,0.151062,0.185929,-0.05747,0.023966,-0.027773,0.059492,-0.041775,0.012119,-0.071841,-0.476193,0.056687,-0.055197,-0.016076,0.372102,-0.084555,-0.083448,0.177503,-0.09832,0.164895,-0.067347,-0.047117,-0.435386,0.187447,0.099597,-0.363389,0.017278,-0.034339,0.175129,-0.009224,-0.103906,-0.250802,-0.06271,-0.399232,0.08612,-0.394996,-0.009668,0.315648,0.083469,-0.40089,-0.397447,-0.004254,-0.110225,0.242595,-0.030826,-0.235584,0.019941,0.236857,-0.007026,-0.247248,-0.146603,0.256863,-0.037594,-0.056952,-0.245781,0.070469,-0.300064,-0.095373,-0.144148,0.01034,-0.261356,-0.074618,0.287254,-0.052704,0.29167,0.109435,0.075591,0.245028,0.155765,0.283047,-0.191355,-0.077207,-0.046074,-0.252097,-0.433993,-0.065364,-0.233913,0.239132,0.02933,-0.255409,0.265784,0.022973,-0.087296,0.094353,-0.186705,-0.069265,0.028972,0.039807,-0.249269,-0.185526,0.533231,-0.240125,0.047749,-0.245912,-0.242099,-0.097368,-0.160112,-0.023184,-0.297856,0.116257,0.391631,-0.03089,-0.035981,-0.296621,-0.150561,-0.152356,-0.423765,-0.149448,-0.095349,0.180318,0.43143,-0.457874,0.112693,-0.499411,0.023577,-0.048127,0.361735,0.035087,-0.200406,0.014814,0.060532,0.108009,0.078949,0.506922,0.144024,0.30598,-0.175114,0.083904,0.092399,-0.266532,0.128177,0.197746,-0.030234,0.265283,0.005673,-0.192723,-0.312678,-0.23486,0.16948,0.148711,-0.037682,0.106436,#
11,0.281457,0.154736,0.010758,-0.372385,0.086143,-0.183269,0.301146,-0.092592,0.382309,-0.130897,0.022988,1.0,0.072184,-0.601082,0.167408,0.50388,0.19297,-0.346236,-0.224231,-0.224846,-0.365346,-0.05209,-0.184684,0.063533,0.123578,0.078919,-0.124156,-0.340081,0.265552,0.224149,-0.473954,-0.039618,-0.296285,0.06416,0.190586,0.263877,-0.38255,-0.057447,-0.16477,0.20559,0.049931,-0.217923,-0.421647,-0.530772,0.011453,0.140046,-0.177129,-0.103961,-0.148559,0.312875,-0.099552,-0.462902,-0.124964,0.302982,0.19959,-0.00765,-0.249489,0.218955,-0.149568,0.243,-0.296963,0.089017,-0.088782,0.142898,0.465323,-0.376522,-0.188915,-0.140653,-0.053033,-0.299201,-0.056642,-0.120198,0.015631,-0.439722,-0.394566,-0.047658,-0.316706,-0.033218,-0.196437,-0.402014,-0.331831,-0.303856,-0.225926,0.049366,-0.297523,-0.209252,-0.163512,-0.542645,-0.199609,-0.106436,0.039089,-0.113115,-0.020059,-0.396206,-0.345504,0.104016,-0.079067,-0.572359,-0.390699,0.076131,0.277258,-0.125817,-0.376994,-0.340654,-0.16682,0.013062,0.089265,0.143788,-0.350588,0.214366,-0.355386,-0.12652,-0.225235,0.159535,-0.163194,-0.48519,-0.17336,6.3e-05,-0.450874,0.147005,-0.24212,-0.366512,-0.387383,-0.020461,0.06891,-0.430896,0.087962,-0.30027,-0.190561,-0.152591,-0.19277,-0.310043,0.027173,-0.118722,-0.175963,-0.126448,-0.236594,-0.483744,-0.255619,-0.270748,0.02826,0.298388,-0.258323,0.18721,-0.472659,-0.430277,-0.31874,0.075464,-0.290211,-0.415123,-0.042415,-0.36785,-0.106212,-0.14,-0.309189,-0.370958,-0.372925,0.061002,-0.077933,-0.133167,-0.021444,-0.245116,-0.08004,-0.489494,-0.289785,0.031195,-0.064394,0.081253,0.186252,-0.367131,0.318756,0.138406,-0.069994,-0.011816,0.195756,-0.467756,-0.306456,0.160532,-0.081101,-0.277596,0.452671,0.094127,0.582168,0.120623,0.244404,-0.109419,-0.01743,0.316995,0.209615,0.309195,-0.022078,0.434222,0.271171,0.144115,-0.447682,0.400659,0.327885,-0.175786,-0.298534,-0.197862,#
12,0.609735,0.175541,-0.092106,-0.107371,0.333719,-0.402438,0.068639,-0.362702,0.259379,0.20221,-0.112076,0.072184,1.0,0.048149,-0.06032,0.025,-0.163707,0.269743,0.178553,0.100983,-0.326232,0.026777,0.537567,-0.370353,-0.14473,-0.393378,-0.171493,-0.114821,0.420997,-0.13245,-0.578742,-0.183396,-0.037821,0.116835,0.023033,0.249551,0.449926,-0.049741,0.140347,-0.175537,0.502204,0.044715,-0.031109,-0.179832,0.010544,-0.123402,0.520957,0.277293,-0.000371,0.125294,0.008871,-0.198242,0.078167,0.071709,0.098917,-0.032763,-0.012796,-0.040187,-0.06481,-0.137702,0.274513,-0.162177,-0.049277,-0.177934,-0.016228,0.291822,0.301066,0.060196,0.420067,-0.142852,0.096272,-0.385132,-0.006024,-0.230059,-0.01287,0.25805,-0.091526,-0.467415,-0.013253,-0.353234,-0.315559,-0.279616,-0.357062,-0.27962,-0.089519,-0.075657,-0.454095,-0.158917,-0.123863,0.100979,-0.335545,-0.224146,-0.454172,0.307017,-0.141242,-0.352473,-0.065731,-0.175361,-0.002699,-0.571902,0.363061,-0.288313,-0.352875,-0.25246,-0.29547,-0.159819,-0.137556,0.233364,-0.449889,0.160803,0.308843,-0.060721,-0.03434,-0.452178,-0.27879,-0.294907,-0.605551,-0.128183,0.364657,-0.320291,0.034802,-0.528363,-0.01287,-0.235336,-0.185044,0.050873,-0.510165,-0.025487,0.109907,-0.248561,-0.175456,0.075175,0.037733,0.198727,-0.338329,-0.098082,0.041314,-0.091526,-0.071278,-0.447089,-0.409701,-0.044825,-0.058344,0.070475,-0.276261,-0.2237,-0.408707,0.434018,-0.44631,-0.202558,-0.249754,-0.368788,-0.05655,-0.088199,-0.099786,-0.02718,0.398165,0.350285,-0.261543,-0.232264,-0.176099,0.01245,-0.503688,-0.109616,0.037703,-0.04392,-0.204221,-0.280191,-0.333454,-0.026655,0.029417,0.32464,0.119415,-0.178776,0.167578,-0.052844,0.111249,0.417432,0.192202,-0.430069,0.323806,0.183621,-0.292636,-0.111113,0.368042,-0.082964,0.399567,-0.137308,-0.62625,0.32187,-0.16852,-0.074064,0.25114,0.402825,-0.157549,0.219569,0.41954,-0.361399,-0.261645,0.009888,#
13,-0.116405,0.033032,-0.137535,0.120068,0.112087,0.234803,-0.193938,0.04946,-0.167129,0.1432,-0.015937,-0.601082,0.048149,1.0,0.037044,-0.089866,-0.057805,0.235989,0.368172,0.177689,0.100733,0.040908,0.342423,-0.275747,-0.246832,-0.315474,0.137597,0.474276,0.008377,-0.268119,0.129449,0.383083,0.248958,-0.016174,-0.075263,-0.166269,0.17885,0.234785,0.065054,-0.406623,0.215094,0.233106,0.257041,0.317383,-0.151117,-0.414374,0.227093,0.17652,0.064958,-0.089905,0.046728,0.323777,-0.110267,-0.156953,-0.387148,-0.153757,0.164516,0.008207,-0.073537,-0.111432,0.222252,-0.172575,-0.13569,-0.015243,0.035059,0.336899,0.328652,0.396104,0.254913,0.168919,-0.031223,-0.101875,0.280125,-0.116862,0.144003,0.17379,0.181569,-0.205447,0.129288,0.168804,-0.041241,-0.132643,0.094759,-0.206994,-0.09966,0.037182,-0.019626,0.269591,-0.034971,0.041416,0.209175,-0.107575,-0.208394,0.272771,0.148824,-0.105029,0.02455,0.148328,0.171631,-0.35615,0.079194,0.12938,0.228547,-0.000541,0.003368,-0.093972,-0.123998,-0.393241,-0.016267,-0.0888,0.340136,0.263699,0.101694,-0.031721,-0.019297,0.303914,-0.003504,-0.022686,0.335068,-0.016705,0.280695,0.13822,-0.025436,0.026934,0.174447,0.217605,-0.262201,0.123232,-0.051379,0.160963,-0.004961,0.318434,-0.16254,0.283587,0.024261,-0.02446,-0.220826,0.01149,0.163205,0.08215,-0.159882,-0.04338,0.188449,-0.395855,0.022811,0.238673,0.170737,-0.069007,0.04951,0.251058,-0.067867,0.098001,0.056148,0.015064,0.197662,0.396691,0.356633,0.270463,-0.110597,0.023846,-0.108921,-0.106013,0.087142,0.223465,0.163407,0.223361,0.273757,-0.15395,-0.281994,0.568231,-0.185109,0.143111,-0.148592,-0.202767,-0.10337,0.149138,0.014251,-0.156713,0.233279,0.040414,0.037258,-0.290586,-0.385604,-0.071167,-0.055604,0.037035,0.174598,-0.342166,-0.225131,-0.133899,-0.025921,-0.320502,-0.154415,0.004829,0.34012,-0.048831,0.011065,0.039563,0.139333,0.025741,#
14,-0.178411,0.114074,-0.493967,-0.254439,-0.210105,0.441775,0.201071,0.107475,0.345634,-0.166883,0.313961,0.167408,-0.06032,0.037044,1.0,0.143451,-0.19959,-0.192803,-0.14293,0.033837,0.003699,0.218009,0.159779,-0.124286,0.272129,0.178681,0.130764,0.060251,0.330669,0.021075,-0.146543,0.389313,0.161006,0.177091,-0.244528,-0.225167,-0.029395,-0.149843,0.468106,0.272765,-0.23907,0.285645,0.030646,-0.197663,-0.229634,0.261083,-0.044693,-0.246939,0.113092,0.020566,0.123651,0.004421,-0.17736,-0.187737,0.142567,0.350625,0.04933,0.099908,-0.337951,0.422087,0.326014,-0.053483,-0.280334,0.602266,0.206195,0.049985,-0.175831,0.16885,-0.034662,-0.038633,0.113921,0.005533,0.393633,-0.14875,-0.280996,-0.219053,0.009189,0.253412,-0.10166,-0.261881,-0.223915,-0.184785,0.048204,-0.321635,-0.373593,0.021725,-0.059216,-0.23329,-0.162117,-0.129029,-0.072104,0.028929,-0.149351,0.060866,-0.05532,0.082795,-0.132862,-0.439676,-0.264571,-0.060696,-0.070047,0.164937,-0.255233,-0.302616,-0.025297,0.332078,-0.066598,-0.190566,-0.205261,-0.185797,-0.25236,-0.036579,-0.272673,0.170257,-0.343818,-0.168476,-0.196171,-0.034769,-0.204318,-0.061035,0.164937,-0.096521,-0.094397,-0.268865,0.080384,-0.022647,0.247303,-0.082029,-0.382241,-0.297094,0.095273,-0.308594,-0.26791,-0.129172,-0.438217,0.161139,-0.261006,-0.309872,0.287701,-0.008855,0.017607,-0.283942,-0.448488,-0.044353,-0.184892,-0.342122,-0.142947,-0.145381,0.311888,-0.44672,0.010834,-0.066465,-0.118213,0.010456,-0.03557,-0.242495,-0.013844,0.188431,-0.194215,-0.105108,-0.282387,-0.210689,-0.204526,-0.348808,-0.35814,0.050816,-0.047812,0.291058,-0.019561,-0.075552,0.000534,0.006282,-0.110984,0.0728,0.329495,-0.191943,-0.097811,0.185553,0.134759,-0.088933,0.412521,0.262234,0.174544,0.12444,0.201387,-0.08161,0.208842,-0.06509,-0.071557,0.110806,-0.248711,0.182193,-0.125216,-0.191479,-0.203169,-0.198718,0.192146,-0.257405,0.111437,-0.073173,#
15,-0.132165,-0.173498,-0.288638,-0.367532,-0.150982,-0.008826,0.098104,-0.189421,0.09613,0.00084,0.177445,0.50388,0.025,-0.089866,0.143451,1.0,0.039499,-0.324665,0.195854,0.273311,-0.167755,0.183606,-0.232877,0.097761,-0.377159,0.063614,-0.100134,-0.124336,0.116925,0.004235,-0.24264,0.024062,-0.031105,-0.084861,0.577172,0.019009,-0.356135,0.346479,-0.354047,0.003391,0.181287,0.10567,-0.453979,-0.266532,0.159274,-0.010543,-0.181075,-0.152615,0.070907,-0.02924,-0.037639,-0.033793,-0.132437,-0.0231,-0.277929,-0.060066,-0.052124,-0.097559,-0.099106,0.064403,-0.134507,-0.173516,0.291069,0.188241,0.490036,-0.227021,0.091809,0.006233,0.091742,0.135372,-0.095862,0.108709,0.219666,-0.235803,-0.015721,-0.14813,-0.261678,-0.153942,0.177022,-0.187307,-0.278558,-0.095435,-0.193379,-0.258883,0.090198,0.146695,-0.147174,-0.33489,-0.14131,0.25254,0.23819,-0.068669,0.033124,-0.368718,0.013937,0.122724,0.095166,-0.534777,-0.345568,0.116289,0.326022,0.043894,-0.148524,0.030708,0.036293,0.197362,-0.351522,-0.034644,-0.143635,0.185823,-0.229487,-0.298183,-0.02373,0.209866,-0.13032,-0.147208,0.028943,0.199689,-0.430696,0.321404,0.090783,0.007616,-0.008688,0.239104,0.077807,-0.061353,0.136548,0.026598,-0.02161,0.054813,-0.162929,0.05757,-0.136634,0.068555,-0.148532,0.053444,-0.238464,-0.425227,-0.210428,0.115231,0.235215,-0.155806,-0.101456,0.1911,-0.260594,0.167984,-0.107865,-0.193576,-0.088602,-0.051256,0.16816,-0.133904,-0.072475,-0.088293,-0.119091,-0.041033,-0.252069,-0.060967,0.10476,0.092736,-0.505478,-0.202937,-0.027944,-0.115676,-0.243238,0.156691,0.012106,0.205548,0.167957,0.005978,0.085669,0.21658,-0.204612,0.01385,0.159278,-0.246862,-0.073377,-0.1987,-0.339436,0.080589,0.35353,0.168726,0.259405,0.343805,0.03045,0.075082,0.239693,0.115709,0.350128,-0.075226,-0.187307,0.240177,-0.037799,0.108277,-0.262187,0.193149,0.296993,0.225373,-0.235388,-0.205257,#
16,0.074202,0.044221,0.189911,0.201108,0.288774,0.024301,-0.05647,0.198773,-0.319512,-0.462483,-0.241605,0.19297,-0.163707,-0.057805,-0.19959,0.039499,1.0,-0.400691,-0.247586,-0.346861,-0.400359,0.010618,-0.139674,0.117706,-0.273615,-0.184605,-0.111994,-0.337975,-0.227268,-0.241386,0.037379,0.334456,-0.100353,-0.225525,-0.044084,-0.278437,-0.258668,0.038721,0.016412,-0.127805,0.030607,0.021281,0.058772,0.032722,-0.150881,0.106368,-0.105116,-0.049052,-0.29784,-0.067049,0.271964,0.025158,0.026346,-0.05559,0.031611,-0.009295,-0.127398,0.147251,-0.45832,0.097864,-0.135822,-0.162788,-0.075768,0.210672,0.122547,-0.086088,0.03092,-0.123173,0.011018,0.132205,-0.224253,0.191319,0.105415,-0.338208,-0.345539,0.152917,-0.190919,0.066145,-0.029224,0.151816,-0.126686,-0.085358,0.151033,0.433762,-0.083679,-0.034279,0.090365,-0.256067,-0.045461,-0.181454,0.011112,-0.03281,0.289599,-0.367548,-0.0983,-0.09274,-0.02995,0.158168,-0.385952,0.027352,0.363499,-0.028466,0.174832,0.1068,-0.119209,-0.416243,0.440815,-0.212918,-0.09426,0.202534,-0.246637,-0.113081,-0.182407,0.126024,0.059151,0.1372,0.220466,-0.112884,-0.265766,0.391104,-0.209977,0.172928,-0.351589,-0.04919,0.128483,-0.087952,-0.114363,0.023978,0.121619,0.121218,-0.187726,-0.038069,-0.210613,-0.338994,0.1874,-0.184018,0.307131,-0.36819,-0.573057,0.083352,0.088622,0.247153,0.216513,0.045299,-0.101369,-0.145732,-0.188404,-0.035386,-0.074775,-0.018667,0.118975,0.221178,-0.031959,-0.203372,-0.069324,-0.295538,-0.478292,-0.14074,0.10618,-0.141795,0.019698,0.100539,-0.12073,-0.275514,-0.100308,-0.02178,0.118972,-0.196959,0.128607,0.209543,0.192528,-0.071857,-0.136867,0.320801,-0.443074,-0.082258,-0.157336,-0.380348,-0.257142,0.209425,-0.098499,-0.224601,0.61765,-0.140792,0.075217,-0.418429,0.053521,0.206636,0.245993,-0.147172,0.326678,0.122261,0.109492,0.321202,0.2045,0.106218,-0.064091,0.191669,-0.38133,0.102064,#
17,0.180789,0.182456,0.060782,-0.042342,-0.105747,-0.168887,-0.320553,-0.029229,0.030525,0.338052,-0.408463,-0.346236,0.269743,0.235989,-0.192803,-0.324665,-0.400691,1.0,0.101838,0.334833,0.089905,-0.077356,0.469168,0.02803,0.300431,-0.269554,0.161989,0.386122,-0.21009,-0.066993,0.137902,0.00032,0.240404,0.422689,-0.23955,0.217039,0.591386,-0.159707,0.049225,-0.349525,0.234059,0.163289,0.525784,0.003787,-0.168956,-0.296579,0.568204,0.264304,-0.052019,0.06376,0.160979,-0.008207,-0.315431,-0.084288,-0.307648,-0.169482,-0.123762,-0.080277,0.164255,-0.268489,-0.18622,0.15321,-0.242697,-0.285356,-0.3332,0.179813,0.260706,0.357878,0.403816,0.003261,0.054653,-0.189,-0.378706,0.191376,0.367193,-0.088727,0.119947,-0.189754,-0.068929,-0.00488,0.299429,-0.007629,-0.053543,0.191026,0.055576,0.176929,-0.205876,0.322602,0.21399,0.186521,0.082117,0.22035,-0.225298,0.72145,0.227648,-0.117834,-0.021516,0.363819,0.420757,-0.423613,-0.242762,-0.375591,-0.168894,0.268489,0.231852,-0.040509,-0.328134,0.127072,0.003654,-0.081254,0.555601,0.164016,0.479548,-0.17586,0.201171,0.080397,-0.273616,-0.198621,0.661401,-0.467151,-0.218369,-0.204396,0.036125,-0.175519,-0.267148,-0.012749,-0.157772,-0.167407,0.130878,-0.294125,0.222684,0.1125,0.527331,0.357423,0.070332,-0.125185,-0.186792,0.475961,0.274215,0.051078,-0.047481,-0.241772,0.128911,-0.167749,-0.067293,0.110986,0.105685,0.120265,-0.219425,0.236677,-0.333803,-0.042765,0.200352,0.12881,0.14802,0.241572,0.80428,-0.029459,-0.327399,0.202124,0.105301,0.378722,0.202862,0.755098,0.278742,0.199269,0.110794,-0.128734,-0.712624,0.081209,-0.18759,0.36082,0.22202,-0.396229,-0.196864,0.194231,0.418126,0.123497,0.29343,-0.148345,-0.10438,-0.315531,-0.768819,-0.226188,-0.036873,0.080805,-0.276749,0.02662,-0.56712,0.205363,-0.262879,-0.236241,-0.015108,-0.127172,0.242633,-0.090403,-0.018378,-0.104762,0.294069,-0.138326,#
18,0.059844,0.108254,-0.191807,-0.042625,0.0294,-0.062618,-0.08924,-0.083586,0.249112,0.122166,-0.200509,-0.224231,0.178553,0.368172,-0.14293,0.195854,-0.247586,0.101838,1.0,0.117046,0.22886,0.063234,-0.015844,-0.137716,-0.392621,-0.290586,-0.01816,0.375026,0.140521,-0.239973,-0.052713,-0.013444,0.124257,0.061726,0.044431,0.115595,0.344606,0.454759,-0.347414,-0.370815,0.486391,-0.299363,-0.086701,0.021884,-0.193491,-0.27697,0.246798,-0.097956,0.356465,-0.025412,-0.249437,0.115509,-0.060353,-0.155248,-0.255255,-0.366555,-0.133976,-0.074237,0.165817,-0.382897,0.131944,-0.154148,0.277681,-0.105754,-0.137729,0.100704,0.407634,-0.043736,0.148873,0.342106,-0.326098,-0.074487,0.054305,0.012627,0.348928,-0.16738,0.148711,-0.25881,0.306423,-0.026856,0.089878,0.086989,-0.036632,-0.308039,0.271437,0.006314,-0.146357,0.088326,0.041265,0.543311,0.351918,0.171831,-0.315094,0.22312,0.06508,0.056586,-0.011567,0.006714,0.19709,0.034622,0.107404,-0.001523,-0.042203,0.045642,-0.223973,0.056274,-0.504769,0.030853,0.232145,-0.059184,0.09299,0.061806,0.200599,-0.022605,-0.032918,0.05672,0.232648,0.232145,0.296122,0.020759,0.186148,0.139253,0.362518,0.141031,-0.097196,0.247231,-0.090489,0.323058,0.372525,0.300276,0.014259,0.522982,0.017862,0.158275,0.164047,0.136586,-0.30561,0.052421,-0.085409,0.059418,0.018011,-0.172551,-0.205623,0.180507,0.228143,0.359588,0.331709,0.156457,-0.28277,0.148252,0.076197,-0.036775,0.162834,0.013083,0.245054,0.110577,0.168381,0.266154,0.232129,-0.058208,-0.10455,0.042621,-0.187335,0.138427,0.435633,0.082512,0.076257,-0.199869,-0.170508,0.587841,-0.528416,0.458071,0.104908,-0.192449,-0.212982,0.273044,0.154873,0.100991,-0.05708,-0.020621,0.023737,0.01745,-0.184914,-0.168847,0.063709,-0.060281,0.219436,-0.009611,-0.240081,-0.334329,-0.205366,-0.253854,0.095371,-0.006549,-0.150026,-0.089273,0.123344,-0.016042,0.097586,0.080047,#
19,-0.186293,-0.239509,-0.355464,-0.066407,-0.409813,0.110992,0.008031,-0.043648,-0.174656,-0.054705,0.225339,-0.224846,0.100983,0.177689,0.033837,0.273311,-0.346861,0.334833,0.117046,1.0,0.178794,0.268779,0.134252,-0.121105,0.074729,0.019883,0.214592,0.076976,-0.078006,-0.050528,0.234199,-0.265286,0.429935,0.059244,0.418228,-0.217143,0.025214,0.346481,-0.235795,-0.095928,0.097545,0.275882,-0.137835,-0.033747,0.060068,-0.10905,0.139062,-0.073909,0.265468,-0.224713,0.247564,0.227479,-0.385375,-0.18188,-0.305537,0.343694,-0.000788,-0.184168,0.173216,-0.168465,0.073257,0.05937,0.245948,-0.133522,-0.071958,-0.083809,0.26081,0.24215,0.026962,0.180476,-0.091766,0.026994,-0.026307,0.192912,0.417232,-0.08998,0.20467,0.103216,0.054876,0.078233,-0.042383,0.309489,0.210681,-0.339266,0.34944,0.346816,-0.057286,0.416443,0.01286,0.211756,0.292666,-0.097584,-0.180313,0.07324,0.440036,0.23234,0.342755,0.078233,0.09229,-0.154319,-0.108838,-0.153488,-0.081645,0.177421,0.287516,0.345416,-0.287904,0.327849,-0.042417,-0.10889,0.305751,-0.325605,0.241495,-0.150237,0.122806,0.190962,0.135068,0.111504,0.145076,-0.146844,0.144565,0.075805,0.227829,0.031855,-0.184284,0.305709,0.07779,0.212217,0.069483,-0.152076,0.085554,0.184946,0.120214,0.019406,-0.081274,0.146468,-0.260394,0.341697,0.066937,0.354758,0.168054,-0.51519,0.094383,-0.036868,-0.033543,0.126237,0.182537,-0.145165,0.305176,0.211278,0.218007,-0.291259,0.203286,0.377217,0.166979,0.416503,0.341479,-0.468709,0.338547,0.42067,-0.205714,0.169558,-0.067319,0.484796,-0.000748,0.069429,0.381534,0.374929,-0.22743,0.112427,-0.198393,-0.182123,0.267305,0.086648,0.06263,0.425103,0.436947,0.04675,0.268004,0.11307,-0.080004,0.049633,-0.490785,-0.132439,0.151352,0.151978,-0.049404,0.169861,-0.07449,0.089115,-0.279123,-0.112357,-0.113466,-0.352771,-0.106998,0.030854,0.046285,-0.086815,0.023109,-0.043172,#
20,-0.385164,-0.118574,-0.023934,0.008108,-0.279886,0.165216,-0.279646,0.193729,-0.291879,0.071054,-0.095192,-0.365346,-0.326232,0.100733,0.003699,-0.167755,-0.400359,0.089905,0.22886,0.178794,1.0,-0.084834,-0.343024,0.070587,0.03569,0.35357,0.179721,0.244863,-0.183589,0.155479,0.173837,-0.119398,0.04585,0.128533,-0.072162,0.057288,-0.095749,0.282328,0.008657,-0.129843,-0.144908,-0.170026,0.18393,0.216802,0.078752,0.097522,-0.209186,-0.21993,0.064782,-0.318046,-0.222896,0.016623,-0.03524,-0.076559,-0.228692,0.093873,0.125377,-0.05976,0.102417,-0.033328,-0.017614,0.338602,0.269728,-0.219342,-0.229133,0.050492,-0.269833,0.24249,-0.269784,-0.003245,0.0314,0.120499,-0.087491,0.423095,0.453992,-0.074542,0.38047,0.34158,0.309562,0.112674,0.286851,0.294472,0.202356,-0.123379,0.218431,-0.062442,0.233749,0.341389,0.266122,0.429917,0.375972,0.245797,0.322555,0.1423,0.26342,0.26679,0.096484,0.436334,0.244006,0.415952,-0.406225,0.301345,0.207583,0.233738,0.063983,0.235752,-0.153164,0.155322,0.560231,-0.387889,0.129711,0.031456,0.135166,0.126844,0.363964,0.256778,0.381795,0.429774,-0.19718,0.185653,0.320133,0.440144,0.266816,0.433722,0.031111,-0.018314,0.454837,0.220531,0.078943,0.393826,0.440687,0.200041,0.151513,-0.105442,0.363069,0.389833,-0.182405,0.51873,0.247868,0.21462,0.221861,-0.269656,-0.04542,0.306999,0.474205,0.161208,0.704103,-0.232614,0.16327,0.198748,0.33105,0.294683,0.479893,0.192368,0.279833,0.258814,0.108785,-0.234867,-0.003837,0.190213,0.045027,0.021851,0.385738,0.11336,-0.003728,-0.150913,-0.057242,-0.020975,0.237225,0.259527,-0.316619,-0.31745,-0.228076,0.29353,-0.002465,0.340092,0.179541,-0.050149,-0.16147,-0.167439,-0.166402,-0.374885,-0.257119,0.200836,-0.197996,0.04698,-0.176881,0.062936,0.255133,-0.242312,0.085475,-0.018879,-0.396382,-0.433911,0.230153,-0.169244,-0.395353,-0.043176,0.427237,0.075216,#
