0,1.0,-0.086517,-0.226433,0.039695,0.216877,0.185757,-0.139222,0.060811,-0.618513,-0.072477,-0.010774,0.121762,0.34036,0.085333,0.028118,0.036224,0.050144,-0.502289,-0.136372,-0.090658,0.294504,0.248731,-0.063041,-0.208503,0.00867,-0.197434,-0.080823,-0.472109,0.356571,-0.135978,0.213028,-0.010148,0.15449,-0.09058,-0.252565,0.060048,0.037123,-0.086255,-0.136727,-0.353212,0.205939,0.174986,-0.013811,0.155864,-0.472208,0.022299,0.123235,0.062009,-0.424809,-0.263454,-0.138004,-0.11434,0.210628,-0.117363,0.310001,0.019876,-0.076193,0.22178,0.252445,0.212379,0.461098,0.330752,0.005919,-0.236076,0.065178,-0.195296,-0.335585,0.168552,-0.190665,-0.413007,-0.074626,0.02757,-0.282215,-0.077058,-0.524309,0.321468,-0.040802,0.123998,-0.511106,0.053137,-0.116367,-0.331453,0.223276,-0.115059,-0.098197,-0.136428,-0.009102,0.052203,-0.145179,-0.289526,-0.269549,-0.258183,-0.027173,-0.262887,0.068331,-0.169644,-0.331096,0.261327,-0.068501,0.485079,0.154002,-0.143389,-0.213625,-0.20686,0.224562,-0.278397,-0.024923,0.072916,-0.199991,-0.154461,0.127319,0.064848,-0.206607,-0.063111,-0.008187,0.0475,-0.338697,-0.126172,-0.214658,0.058101,-0.183711,0.1414,0.161586,-0.222879,0.073365,-0.006655,-0.205065,-0.155099,0.262358,0.367724,-0.11422,-0.14234,-0.020327,0.063889,-0.433316,0.025665,-0.107626,-0.171538,0.44681,-0.208674,-0.219218,7.3e-05,0.232599,0.2978,0.034648,0.225352,-0.028954,-0.023427,-0.347462,-0.287631,0.045268,-0.208649,-0.195464,-0.095634,0.13449,0.057645,0.107531,-0.096448,-0.160924,-0.417529,0.176608,-0.42116,-0.167205,-0.103909,-0.175747,-0.121479,-0.216076,-0.039512,-0.050275,-0.370519,-0.018951,0.179754,-0.140779,0.321895,-0.061662,-0.111507,-0.145817,-0.193022,-0.103318,0.454943,-0.016872,-0.330573,0.146431,0.467076,0.127489,-0.014436,0.282697,-0.106192,0.012614,0.150047,0.244467,0.117378,0.107968,-0.172095,-0.074194,0.144534,-0.00817,-0.161604,-0.04187,0.124246,#
1,-0.086517,1.0,0.200131,-0.217407,-0.043932,0.215338,0.277345,0.323089,0.147423,0.364575,-0.268164,0.050616,0.396187,0.349738,0.442676,-0.20265,-0.048816,0.388281,0.002717,0.14537,-0.281972,0.222992,0.368891,0.047591,-0.026654,-0.280837,-0.017214,-0.051182,-0.349278,0.045258,-0.268919,0.221157,0.460665,-0.120859,-0.317911,0.419604,0.297515,-0.071909,-0.198995,0.13061,-0.052341,0.273218,0.207904,0.078862,0.330998,-0.479811,0.167972,-0.188373,0.310004,0.257528,0.119103,-0.268214,0.131761,-0.429654,-0.069409,-0.227453,-0.316597,-0.539303,-0.057128,-0.423011,0.192267,0.341806,-0.368165,-0.153464,0.144644,0.157704,0.108793,-0.083447,0.192178,-0.060374,0.20389,-0.039075,-0.010041,-0.515019,-0.096127,0.216637,-0.152007,-0.45221,0.055142,-0.187584,-0.029149,-0.286465,-0.206064,-0.145148,-0.194919,-0.043416,-0.291116,-0.074113,-0.049568,-0.177719,-0.311754,-0.042274,-0.648006,-0.030454,-0.310766,-0.145589,0.118048,0.175833,0.245297,-0.120677,-0.147035,-0.207469,-0.142212,-0.270203,-0.067255,-0.17722,-0.431884,-0.220682,-0.263677,-0.38567,0.198569,0.478439,-0.156519,-0.121751,-0.127823,-0.375672,-0.214083,-0.406723,0.208667,-0.417053,-0.113349,-0.474501,-0.489515,-0.307613,-0.377538,-0.189741,0.343835,0.29498,0.272197,0.128629,-0.033018,0.160545,-0.309224,-0.224432,-0.208608,-0.243036,0.270995,-0.210517,-0.215647,-0.121906,-0.110634,-0.222135,-0.418301,-0.333687,-0.05327,0.324413,-0.131412,0.358223,0.035164,-0.143606,-0.520765,-0.440154,0.054961,-0.031587,-0.132942,-0.369157,0.203384,0.128885,-0.099282,-0.215967,0.074173,-0.096342,0.102325,0.503842,0.157142,0.277491,0.068887,0.114864,-0.306211,0.033665,-0.16922,-0.031351,-0.205564,-0.003975,0.350781,-0.08969,0.106084,0.274448,0.324151,-0.70852,0.395795,0.114332,-0.306823,-0.128888,0.013774,-0.2354,0.183121,-0.087039,-0.434804,0.420352,0.300136,0.045214,0.194693,0.440561,-0.121017,-0.16474,0.019027,0.124439,0.571758,-0.080936,#
2,-0.226433,0.200131,1.0,0.431555,-0.212105,-0.18052,0.283731,0.099182,0.480452,0.071911,-0.1609,-0.263433,-0.180225,0.074215,-0.036945,-0.405554,-0.344172,0.521178,-0.038509,0.250299,0.007106,0.337997,0.033009,0.238996,0.387627,0.055891,0.589059,0.302926,0.026201,0.077075,-0.140634,0.19104,-0.013396,0.061653,0.217036,0.092626,0.120346,-0.243084,0.153289,-0.152662,0.176424,0.087402,0.188532,-0.003771,-0.079284,-0.302448,-0.032401,0.190651,0.308685,-0.177201,-0.369321,-0.093507,0.312317,0.029024,-0.33174,-0.112025,0.000529,-0.406944,-0.312825,0.024932,-0.295502,-0.165011,-0.036204,0.109171,-0.175398,-0.148829,0.299171,0.299215,0.053341,0.271621,0.203352,0.18758,-0.007355,-0.046226,0.349473,-0.310774,0.178732,-0.303466,0.158573,-0.199266,0.10633,0.01788,-0.06473,-0.069437,-0.053705,0.437685,0.013995,0.112821,0.284078,-0.037978,0.074839,0.103067,0.057702,0.108387,0.118679,0.156246,0.490757,0.49801,-0.018067,-0.125662,-0.155017,0.328125,0.3638,0.059575,0.093635,0.301162,-0.098874,-0.065567,-0.448947,-0.043547,0.337841,0.069991,0.215958,0.033215,0.33221,-0.058234,-0.055123,-0.040302,0.030875,0.077955,0.20803,0.026742,-0.125967,-0.135504,0.208826,-0.021729,-0.01484,0.092529,-0.012122,0.294176,0.597182,-0.178453,0.176791,-0.0759,0.263132,0.324288,-0.10926,0.345535,0.153319,0.187919,0.030464,-0.153002,-0.058575,-0.308381,-0.27761,-0.132947,-0.144028,-0.001537,0.323268,0.262128,-0.127432,-0.116011,0.353104,-0.051232,0.009026,-0.02757,0.038711,0.045517,0.106168,0.431653,0.296974,0.223359,-0.112876,0.258902,-0.101864,-0.370049,0.199522,0.098681,0.056143,0.515901,-0.186296,-0.256452,-0.216985,0.198768,-0.154266,0.437249,0.265345,-0.006972,0.053358,-0.303282,0.112659,0.059875,-0.186412,-0.182015,-0.341514,0.34334,-0.198322,0.108267,0.130398,-0.10107,0.262461,-0.311474,-0.164422,0.287863,-0.490941,0.286364,-0.369197,0.087985,0.314801,-0.226154,#
3,0.039695,-0.217407,0.431555,1.0,-0.189376,-0.047624,-0.035118,-0.165153,0.098695,-0.047842,0.139684,-0.061206,-0.245966,-0.085003,-0.256761,0.050793,-0.035721,0.088007,0.068595,0.212217,0.311062,0.214915,-0.088117,0.284552,0.433532,0.410408,0.45648,0.32577,0.162677,-0.292361,0.372395,0.381184,0.12197,-0.054622,0.239369,-0.270207,-0.107662,-0.123595,-0.179491,-0.241845,0.049009,-0.061156,0.090173,0.074591,-0.051117,0.219469,-0.121454,0.010581,-0.110134,-0.08919,-0.206303,0.25459,0.161854,0.17372,-0.206996,0.177035,0.112759,-0.065151,0.097801,0.362854,-0.139453,-0.240104,-0.054122,-0.101417,-0.004027,-0.213231,0.144257,0.47501,-0.167508,-0.12573,-0.141722,0.198106,-0.081997,0.214602,-0.062059,-0.205499,0.008259,0.120786,0.049268,-0.097957,0.329384,0.427344,0.166093,0.102543,0.057772,0.177219,0.428157,0.008735,0.238439,-0.406263,0.161456,0.014941,0.46675,-0.033751,0.465634,0.136548,0.222237,0.039636,-0.358221,0.031074,-0.042012,0.523537,0.534593,0.048301,0.47746,0.186207,0.05381,0.140109,0.048179,0.109188,-0.260202,-0.265255,-0.232142,0.022432,0.425769,0.153834,-0.142227,-0.09027,-0.161184,0.492331,-0.006892,0.237358,0.398264,-0.065596,0.075335,0.130129,0.026715,-0.155632,0.064138,0.304234,0.189266,0.015874,0.195814,0.222763,0.289599,0.202374,-0.014253,0.028554,0.079771,0.402248,0.067635,0.177257,0.230639,0.025873,0.065767,-0.142763,0.155094,-0.170802,0.240138,0.132216,0.09301,0.19458,0.161747,0.420971,0.24494,0.189593,-0.161054,-0.054439,-0.008699,0.346335,-0.120637,0.282178,-0.230669,-0.088752,-0.31373,-0.437961,0.231878,0.16957,0.15483,0.319026,-0.165219,-0.149865,0.168815,0.15639,-0.465847,0.439222,0.2162,-0.019495,-0.39988,0.08049,-0.238401,-0.006948,-0.004879,-0.018112,0.011282,0.325589,-0.028847,0.250239,0.467032,-0.275166,0.06725,-0.26565,0.040999,-0.269747,-0.482276,0.155784,-0.378484,0.214709,-0.007841,-0.377761,#
4,0.216877,-0.043932,-0.212105,-0.189376,1.0,0.072778,-0.155478,0.382385,-0.281735,-0.211008,0.151452,-0.046147,0.283468,-0.087167,-0.109638,-0.057353,0.066236,-0.216802,0.172307,-0.251287,-0.162608,-0.10526,0.108938,-0.148833,0.292459,-0.024362,-0.520426,-0.160819,-0.288758,-0.165403,-0.073852,-0.367534,-0.261554,-0.113773,-0.402519,0.008612,-0.210416,0.011816,0.124941,0.101514,0.15848,-0.372452,-0.175427,0.165819,-0.003713,0.222855,-0.328853,0.226919,-0.25692,-0.167116,0.341097,-1.5e-05,0.139462,-0.149335,0.323316,0.24466,-0.270285,0.371116,0.285766,-0.16262,0.070076,0.081501,-0.138617,-0.02716,-0.071538,0.453714,0.09403,-0.324777,0.151058,0.020734,-0.039428,-0.009053,-0.045458,0.211256,-0.020753,0.336691,-0.082634,-0.194759,-0.049685,-0.098769,-0.162291,-0.060318,-0.050169,0.108818,-0.098883,-0.306111,0.092792,0.16053,-0.111724,-0.082598,-0.164027,-0.13983,0.016734,-0.170983,-0.25121,-0.017049,0.160205,-0.216871,0.278876,0.316862,0.253689,-0.103412,0.067437,-0.329534,-0.190767,0.182029,0.147663,0.062056,-0.003477,-0.400274,-0.038816,0.0483,0.257667,-0.159888,-0.237493,0.089201,-0.029422,0.17566,0.048783,0.175266,-0.176416,-0.13822,0.230745,0.028471,0.242958,0.080657,0.300463,-0.129752,0.223881,0.267411,-0.292542,0.079168,0.088712,0.052593,-0.323924,0.129361,-0.169739,-0.452825,-0.017051,0.102476,-0.326257,-0.130516,-0.04095,0.278093,0.190469,-0.0385,-0.330398,0.06942,-0.04497,-0.3507,-0.276755,0.052475,-0.661481,-0.109435,-0.060445,-0.255718,-0.101603,0.091065,-0.074084,-0.282624,-0.164594,-0.171652,-0.175684,0.008844,0.404377,-0.106948,-0.156985,-0.136252,-0.133637,-0.198424,-0.096756,0.002903,0.085341,0.068428,0.266529,-0.030749,0.214317,0.228235,0.079535,0.062385,-0.130108,0.022586,0.160827,0.170805,0.241113,-0.240829,0.132351,-0.44753,-0.034694,0.094244,-0.250717,-0.152504,0.424411,-0.092416,0.021033,-0.145468,0.428356,-0.024403,-0.222593,-0.041204,#
5,0.185757,0.215338,-0.18052,-0.047624,0.072778,1.0,0.164832,-0.035131,-0.295237,-0.157568,0.313607,0.027656,-0.060783,-0.081465,0.260826,0.088066,0.469879,0.005807,-0.1137,-0.008738,-0.072443,0.295133,0.229513,0.136398,-0.360247,-0.184003,-0.038199,-0.251098,-0.086714,-0.486831,0.037823,0.160367,0.072281,0.038438,-0.150704,-0.065491,0.098022,0.134765,0.065423,0.216748,-0.201761,0.32755,0.021511,0.085484,0.272934,-0.029837,-0.10543,0.232624,0.218918,-0.24476,0.137074,-0.162523,-0.066618,-0.208295,0.168678,0.125487,-0.197157,-0.028111,0.138231,-0.257356,0.262093,-0.083568,-0.322581,0.141456,0.021069,0.287791,-0.047731,0.083513,0.487708,0.102518,-0.199447,0.320537,0.159102,-0.025762,-0.514432,0.188167,-0.405915,-0.186308,-0.256122,0.175962,0.249542,-0.08224,-0.013361,-0.250038,-0.006675,-0.129693,0.099375,-0.287662,-0.215266,-0.502231,-0.177775,-0.125377,-0.07979,-0.030173,-0.076088,-0.150055,-0.290107,-0.271364,-0.000983,0.214047,-0.10991,-0.244056,0.004826,-0.355418,0.063936,-0.306865,0.03212,-0.05709,-0.35751,-0.143243,0.03728,-0.192281,-0.31047,0.023712,-0.086184,-0.239618,-0.545558,-0.13856,0.190168,-0.165674,-0.254574,-0.372481,0.000865,-0.498557,-0.211297,0.029126,-0.125119,0.149568,0.45686,0.173692,-0.031613,-0.006197,-0.194256,-0.019523,-0.235702,0.070393,0.040162,-0.370823,-0.024894,-0.282598,-0.363246,-0.137685,-0.348503,0.173861,0.074629,-0.02335,-0.084684,0.219643,-0.067759,0.105125,0.002845,0.083086,-0.053079,0.167325,-0.078541,-0.397189,-0.162973,0.043083,-0.223021,-0.007834,0.196467,-0.065113,-0.131213,0.494064,-0.200513,0.359527,0.247161,-0.093915,0.064851,-0.085201,0.393457,-0.319662,-0.247371,-0.103575,0.124652,-0.394375,-0.030607,-0.072713,-0.025589,0.008039,0.010472,-0.135165,-0.043878,0.215536,0.212067,-0.008814,-0.015059,0.168757,-0.196668,-0.117961,0.177301,0.138749,0.124846,-0.100689,0.135755,0.037199,0.216868,-0.048207,-0.128799,-0.260935,#
6,-0.139222,0.277345,0.283731,-0.035118,-0.155478,0.164832,1.0,0.247275,0.287856,0.285222,0.168307,-0.03528,0.184255,-0.235378,0.085363,-0.166793,-0.057854,-0.073631,-0.077459,-0.279791,-0.513161,0.382662,-0.043868,0.073084,0.014191,0.020372,0.466537,0.200836,0.174615,-0.107136,-0.509993,-0.043932,-0.07019,-0.070936,0.250672,0.28234,-0.30076,0.29479,0.203092,0.024964,-0.15203,-0.089299,0.092569,-0.352757,-0.00179,-0.098754,-0.20479,-0.146351,0.15575,0.146334,-0.056379,0.014253,-0.19871,-0.146529,0.017065,-0.19911,0.0859,-0.20052,-0.216716,0.134768,0.09483,0.00205,-0.059314,0.152429,0.119498,-0.015275,0.318867,-0.292991,0.561079,0.075156,0.32619,-0.113312,-0.083685,-0.268225,0.132914,0.031257,0.016924,-0.208798,-0.068982,-0.086863,-0.332936,-0.08573,-0.198422,-0.373645,0.23585,0.524595,-0.084586,-0.156941,0.044263,-0.216245,-0.035308,0.007636,-0.085555,-0.204207,0.242387,-0.07392,0.274441,0.068704,0.156636,-0.469351,-0.028996,-0.212369,0.030794,-0.121684,-0.290071,-0.12746,-0.270917,-0.216893,-0.450698,0.079209,-0.200507,-0.048141,-0.013263,-0.312453,-0.264708,-0.389021,0.029589,0.124316,-0.157295,0.150588,0.174869,0.032434,0.037855,-0.28324,-0.278394,-0.075941,0.422448,0.494214,0.189184,-0.025016,-0.093898,-0.364542,-0.501718,0.219814,0.324937,0.407558,-0.049747,-0.168262,-0.318165,-0.094607,0.218964,-0.243784,-0.164016,0.013477,0.110246,-0.082469,-0.29827,0.374203,0.081834,0.069805,0.015584,-0.075715,0.179658,-0.096711,-0.100917,-0.209033,-0.173958,-0.180346,0.020777,0.099973,-0.0736,0.10567,0.01544,0.425439,0.03048,0.060712,0.231861,0.388821,-0.025988,0.492721,0.547809,-0.08812,-0.202442,0.171739,0.401148,-0.106669,0.38365,0.113286,0.063047,-0.338319,0.394682,0.340859,0.158014,-0.137283,0.007307,-0.114632,-0.198572,0.254425,-0.129632,0.433559,0.088387,0.094131,0.06421,0.273184,0.114809,0.15474,-0.158134,0.052351,0.056758,-0.166867,#
7,0.060811,0.323089,0.099182,-0.165153,0.382385,-0.035131,0.247275,1.0,-0.00328,-0.064381,0.052872,-0.25252,0.459438,0.208909,-0.015202,0.05309,-0.20706,0.10152,-0.105252,0.08552,-0.154015,0.171979,-0.053692,0.293398,0.255041,0.130318,-0.190373,-0.150134,-0.039406,0.072773,-0.104006,-0.313514,0.200168,0.241063,-0.258266,0.315533,0.031791,0.279104,0.264614,0.192272,-0.059717,-0.143883,-0.213233,0.193904,-0.198788,-0.239669,-0.044597,-0.105113,0.107072,-0.200677,0.038852,0.141409,0.046715,-0.090214,-0.153249,-0.104138,-0.146,0.058274,-0.145503,0.064769,0.054519,0.158113,-0.209285,-0.150827,-0.257138,0.181407,0.327269,-0.298224,0.15675,0.149593,0.543812,-0.166131,-0.588751,-0.108494,0.15049,-0.132415,0.083864,-0.072009,0.046638,-0.090045,-0.043511,0.017098,0.125426,0.280544,0.09896,0.161258,0.216887,0.253857,0.071128,0.01244,-0.005379,0.165545,-0.124447,0.050543,-0.250509,0.309484,0.281029,0.207128,0.372099,-0.242423,0.191519,-0.089516,0.09232,-0.23511,0.122102,0.189744,-0.023926,-0.090372,-0.223146,-0.237063,0.134389,0.249832,0.20115,-0.041166,0.196421,0.107849,0.282203,-0.055609,0.095905,-0.057828,-0.131593,-0.218022,0.094295,0.093064,-0.076994,0.077025,0.283179,0.055064,0.109825,0.134166,-0.110542,0.144976,-0.112647,-0.105106,-0.135928,0.26538,0.230417,0.026537,-0.166291,0.013586,0.373726,0.079617,0.041261,0.235645,0.178173,-0.06234,-0.115185,0.090405,0.218213,-0.17306,-0.133476,0.085638,-0.144968,0.097179,-0.210905,-0.092102,0.197295,-0.356793,0.151901,0.206017,-0.091011,0.306843,-0.127781,0.066512,0.18135,-0.098274,0.382376,-0.271024,0.00312,0.238509,-0.134987,-0.144267,-0.075774,0.188099,0.211087,-0.096989,0.468549,-0.055093,0.130376,-0.189949,0.20723,0.170449,-0.153946,-0.03097,0.085782,0.001245,0.226665,-0.236685,-0.061787,0.413203,0.221757,-0.12838,0.220754,0.001939,-0.338447,-0.214906,0.104644,0.031283,0.372226,-0.35024,#
8,-0.618513,0.147423,0.480452,0.098695,-0.281735,-0.295237,0.287856,-0.00328,1.0,0.300768,-0.227459,-0.038167,-0.117792,0.178165,0.170037,-0.260254,-0.321411,0.637158,0.112495,0.047165,-0.42268,0.193232,0.104571,0.382222,0.285915,0.396497,0.44045,0.384553,0.068837,0.044377,-0.137654,0.085566,0.007431,-0.204625,0.292502,0.052816,0.098805,-0.084592,0.128225,-0.301016,-0.125782,-0.273739,0.366351,-0.110493,0.250131,-0.279474,-0.313489,0.007025,0.395467,0.347156,-0.068503,-0.205633,-0.085249,-0.003227,-0.347115,0.219375,0.256598,-0.593068,-0.05832,0.120292,-0.285196,-0.325685,-0.125458,0.113552,0.106215,0.07504,0.456116,-0.026922,0.011509,0.473913,0.200769,0.140846,0.067229,-0.165648,0.288725,-0.054163,0.20796,-0.189152,0.346307,-0.290213,0.071349,0.168463,-0.397394,-0.058491,0.192844,0.424222,0.026293,-0.012653,0.176087,0.165123,0.380471,0.397092,-0.160959,0.276112,0.202222,0.096534,0.413793,-0.00353,-0.05704,-0.277441,-0.117544,0.30766,0.217935,0.241864,-0.219398,0.064313,0.082292,-0.227269,0.060089,-0.003107,0.12949,-0.197439,0.249103,-0.290253,0.172979,-0.044046,0.095901,-0.03629,0.22195,-0.147954,0.276381,-0.126438,0.041071,0.028408,-0.099451,-0.084653,0.305156,0.025623,-0.267873,-0.394667,0.20838,0.148299,-0.131792,0.021349,0.452103,0.11335,0.197743,0.115038,-0.340007,0.003392,0.263655,-0.090019,-0.081872,-0.418588,-0.376497,-0.223419,0.012971,0.221063,0.335451,0.051132,0.075699,0.07319,0.280417,-0.120772,-0.017224,0.120288,0.264656,0.198284,0.077978,0.31366,0.003579,0.416458,-0.012083,-0.037645,0.30532,0.049133,0.077887,0.270281,-0.221603,0.604798,0.048076,0.151405,0.151342,0.269883,0.178391,0.320931,0.187303,-0.003818,0.32478,-0.466938,0.383824,0.075902,-0.245723,-0.270477,-0.318351,-0.008584,-0.257588,0.196886,-0.155602,0.015289,-0.07032,-0.143499,-0.164446,0.327114,-0.125846,0.168431,0.01886,0.004631,0.167538,0.128824,#
9,-0.072477,0.364575,0.071911,-0.047842,-0.211008,-0.157568,0.285222,-0.064381,0.300768,1.0,-0.598276,0.34673,0.380171,0.391453,0.447783,0.185913,-0.19899,0.22436,-0.019354,-0.014248,-0.455847,0.242594,0.344284,0.053819,0.16843,-0.106497,0.318685,0.111996,0.027955,0.413282,-0.264862,0.070388,0.148596,-0.117269,-0.320952,0.610908,-0.215455,-0.109813,0.001457,-0.134082,-0.067041,-0.039294,-0.221572,-0.165328,0.338542,-0.256172,0.214373,0.177663,-0.110579,0.462977,-0.052314,-0.023983,-0.077972,-0.26043,-0.039696,-0.259281,0.345292,-0.380881,0.072695,0.018993,0.256097,0.115479,-0.234849,-0.242906,0.229417,-0.028866,-0.253609,0.290868,-0.122631,-0.051667,0.140208,-0.025345,-0.007367,-0.36074,0.05165,0.248869,0.038703,-0.278774,-0.098169,-0.177383,-0.186138,-0.443436,-0.532438,-0.046685,-0.027878,-0.024097,-0.427394,-0.087126,0.116163,-0.190786,0.08304,-0.022759,-0.285924,0.313813,0.124308,0.045299,-0.054271,0.211036,0.059522,-0.274559,-0.154144,-0.014339,-0.133371,0.056675,-0.046011,-0.187205,-0.595386,-0.022552,-0.278356,-0.40137,0.061688,0.282812,0.033326,-0.281705,-0.267837,-0.532761,-0.218369,-0.056486,0.402949,-0.407633,0.203342,-0.133437,-0.124245,-0.293797,-0.446219,-0.17053,0.147353,0.246339,0.056785,-0.376423,-0.184383,0.335408,-0.456937,-0.214893,-0.041876,-0.411716,0.076723,-0.203644,0.039846,-0.28574,0.093813,-0.193483,-0.388357,-0.378286,-0.039157,0.322701,-0.116159,0.212851,-0.281368,-0.309407,-0.256139,-0.505627,0.060467,-0.332469,0.040488,0.002012,0.170632,0.351793,-0.310426,-0.213786,0.096919,-0.267646,0.106668,0.299075,0.404283,0.458163,-0.421379,0.13439,-0.519716,0.045162,-0.130502,0.206958,-0.187689,0.218649,0.203814,-0.240337,-0.366811,0.293136,0.509304,-0.516771,0.272327,-0.203,-0.447062,-0.273423,0.203593,-0.202227,0.35059,0.129637,-0.432102,0.149493,0.333597,0.060847,0.20587,0.796493,-0.106663,0.024875,-0.142044,-0.06786,0.538627,0.054324,#
10,-0.010774,-0.268164,-0.1609,0.139684,0.151452,0.313607,0.168307,0.052872,-0.227459,-0.598276,1.0,-0.426741,-0.032376,-0.565238,-0.053376,-0.127568,0.113793,-0.31115,0.220609,-0.061445,0.027367,0.031701,-0.240337,0.009199,-0.322117,-0.004863,-0.215618,0.088686,-0.063803,-0.550366,0.244401,-0.109473,-0.399472,-0.048339,0.446568,-0.552158,-0.018337,0.225332,0.035502,0.172639,-0.135097,-0.077401,0.185389,-0.073254,-0.084064,0.311139,-0.217102,-0.068029,0.256662,-0.490169,-0.006487,0.347504,-0.07512,0.231868,0.303898,0.22256,-0.341857,0.342041,-0.044082,-0.055528,-0.064582,-0.314276,-0.01649,0.389319,0.029251,0.008244,0.129205,-0.306763,0.612338,-0.011603,0.119558,-0.035324,0.026213,-0.050678,-0.106727,0.026083,0.08265,0.358714,0.222748,-0.206644,0.268825,0.22155,0.083777,-0.049124,-0.02268,0.29392,0.538552,-0.152975,-0.198035,-0.062594,-0.042695,-0.183281,0.329853,-0.198133,-0.177855,-0.119524,0.036375,-0.435213,0.149001,-0.003346,-0.066923,-0.122083,0.421184,-0.163788,-0.007082,-0.03635,0.163558,-0.108842,0.014316,0.272538,-0.286652,-0.238556,-0.437138,-0.010338,0.044073,0.069598,0.088654,0.010623,-0.287739,0.320582,-0.129545,0.027072,0.07796,-0.019519,0.104823,0.157844,0.101232,0.336755,0.166334,0.2515,0.096842,-0.267153,0.056249,0.293859,0.324851,0.448363,-0.233691,0.040581,-0.23869,0.210901,-0.012525,0.356257,0.067187,0.112711,0.358811,-0.170149,-0.186725,0.096867,0.237076,0.150987,0.209869,0.282838,0.022747,0.108623,0.054729,-0.298374,-0.487019,-0.399677,0.054764,0.032618,-0.178497,0.335443,-0.086639,0.104132,-0.156674,-0.206367,0.343683,0.120085,0.175944,0.186522,0.424521,-0.237968,0.235732,-0.066342,0.079472,0.001517,0.296967,-0.115836,-0.47942,0.337512,-0.081572,0.299509,0.530557,0.34361,0.090846,-0.144994,-0.297234,-0.174313,0.307,0.113358,-0.343049,-0.003924,0.244089,-0.718134,0.351453,-0.005005,0.098838,0.241222,-0.585827,-0.155849,#
11,0.121762,0.050616,-0.263433,-0.061206,-0.046147,0.027656,-0.03528,-0.25252,-0.038167,0.34673,-0.426741,1.0,0.211485,0.155536,-0.048651,-0.021152,0.297228,-0.104454,-0.031882,-0.341329,0.021488,-0.261675,0.012937,-0.13975,-0.021621,-0.113261,-0.030222,0.165167,-0.171639,0.064862,-0.133223,-0.120824,-0.032325,-0.336902,-0.249876,0.247327,-0.117301,-0.181104,0.001457,-0.114476,0.008974,0.168912,0.036907,-0.347332,-0.176001,0.111169,-0.035546,0.16516,-0.234903,0.455237,-0.064729,-0.069428,-0.011283,0.216488,0.004173,0.127451,-0.034379,-0.215989,0.016679,0.21831,0.07427,0.144336,0.236615,-0.388295,0.151334,0.06751,-0.057855,-0.076706,-0.132031,-0.253464,-0.181309,-0.351601,-0.018874,0.279589,-0.256678,0.303915,-0.490248,-0.135891,-0.277975,0.301414,-0.214646,0.037354,-0.002108,-0.403359,-0.018642,-0.512868,-0.282168,0.130972,-0.213341,-0.011907,-0.126816,-0.197176,-0.11687,-0.031,0.104839,-0.134208,-0.065073,0.047505,-0.182138,0.051992,0.415805,0.144067,-0.509329,0.063037,-0.234914,0.136007,-0.108068,0.310628,0.209584,-0.043235,-0.108469,-0.126223,0.044228,-0.138709,-0.111576,-0.189217,-0.011877,0.129219,0.194539,-0.068542,0.209414,-0.26178,0.030299,0.052773,0.018797,-0.378414,-0.03129,-0.064632,0.06117,-0.21668,-0.199823,0.145255,-0.480144,0.282081,-0.044499,-0.411616,0.068652,-0.203595,0.033229,0.049674,-0.079402,-0.266579,-0.200514,0.10047,-0.052351,0.25179,-0.091689,-0.113746,-0.274691,-0.327215,-0.151363,0.006045,-0.103591,0.13908,-0.107097,0.177401,0.078149,0.65265,-0.074935,-0.213733,-0.072657,-0.454198,0.345428,0.066066,0.141691,0.282953,-0.248855,-0.022447,-0.104684,-0.124983,0.025402,0.388196,-0.041693,-0.160681,-0.123819,-0.264513,-0.360179,0.288646,-0.000869,-0.015364,-0.074576,-0.038996,-0.115029,-0.273356,0.192409,0.216708,0.073091,0.528427,-0.077372,-0.016828,0.052812,0.425597,0.030068,0.288283,0.064284,-0.14858,0.184229,-0.282567,0.000703,0.365652,#
12,0.34036,0.396187,-0.180225,-0.245966,0.283468,-0.060783,0.184255,0.459438,-0.117792,0.380171,-0.032376,0.211485,1.0,0.290915,0.253824,-0.105779,-0.098112,-0.142616,0.140396,0.012122,-0.25743,0.102732,0.207133,-0.06774,-0.126001,-0.355105,-0.198164,-0.177894,-0.081718,0.123625,0.07926,-0.092602,0.080777,-0.155687,-0.289288,0.351424,0.138398,0.016832,-0.090128,-0.054319,0.237158,0.11359,0.015051,0.015913,-0.14125,-0.266697,0.150135,0.047083,0.044906,0.019859,-0.210567,0.218137,0.316686,-0.094284,0.195208,0.039814,-0.205137,-0.17567,0.190902,0.027456,0.329736,0.236675,-0.236106,-0.255679,0.24116,0.001478,-0.035652,-0.325549,0.253111,-0.174079,0.493679,-0.198135,-0.523845,-0.376435,-0.122911,0.536549,0.018519,0.026632,-0.033054,-0.350379,-0.121471,-0.242113,-0.19973,-0.132902,-0.170308,-0.100807,-0.044937,0.196208,-0.210402,-0.103071,-0.189478,-0.273573,-0.451187,-0.017075,-0.276672,0.018223,-0.009818,0.114814,0.302402,-0.159025,-0.055113,-0.224584,0.025118,-0.152043,0.060494,-0.087172,-0.326054,-0.215773,-0.148235,-0.333121,0.212447,0.278826,-0.073037,-0.166477,-0.075884,-0.405967,-0.103822,-0.105677,0.022122,-0.311934,0.134414,-0.315327,-0.154156,-0.262052,-0.087296,0.03744,0.315556,0.474604,0.163858,-0.009139,-0.205479,0.37945,-0.364291,-0.004648,-0.192038,-0.124033,0.036375,-0.146608,-0.155895,-0.059594,0.052696,0.089091,-0.116131,-0.042782,0.311264,0.531751,-0.452778,0.237381,-0.054201,-0.734679,-0.187059,-0.182833,-0.055469,-0.176882,-0.086629,-0.031923,0.232519,0.034052,-0.16983,-0.497071,0.085323,-0.245865,-0.086278,0.263362,0.412918,0.190613,-0.1285,0.006606,-0.388502,0.11686,-0.168401,0.346507,-0.016587,0.336332,0.331971,-0.351867,-0.012147,0.156388,0.160635,-0.159419,0.217955,0.07969,-0.040392,0.241813,0.038032,-0.270648,0.482832,-0.263092,-0.178269,0.477898,0.185925,0.155404,0.341238,0.267956,-0.037612,-0.176185,0.239185,-0.01318,0.190217,0.114526,#
13,0.085333,0.349738,0.074215,-0.085003,-0.087167,-0.081465,-0.235378,0.208909,0.178165,0.391453,-0.565238,0.155536,0.290915,1.0,0.356574,0.099271,-0.201983,0.369363,0.23013,-0.037147,-0.154162,0.252575,0.542919,0.34767,0.088656,-0.052156,0.145262,-0.021673,-0.102392,0.52154,-0.027767,0.148534,0.482762,0.020091,-0.293124,0.545495,0.318331,-0.483724,0.127525,-0.190015,0.040961,0.393053,0.110234,0.475616,0.057197,-0.378306,0.257474,-0.065567,-0.05299,0.063998,-0.129784,0.016996,0.198575,-0.142343,-0.243445,-0.11246,0.061923,-0.245907,0.098008,0.069285,0.119988,0.255146,-0.288247,-0.049851,-0.0856,-0.002548,-0.176824,0.233579,-0.346404,0.048334,-0.078397,0.319415,-0.358274,-0.240868,-0.269761,0.056007,-0.237587,-0.336774,-0.28766,-0.216353,0.09768,-0.357884,-0.362194,0.108237,-0.175028,-0.191204,-0.344671,0.166207,-0.080294,-0.220469,0.213698,-0.079413,-0.578689,0.238344,-0.220245,0.001534,-0.210252,0.149166,-0.125798,-0.118494,0.106634,-0.127626,0.00745,-0.279951,0.207856,-0.093861,-0.09686,0.053776,-0.117281,-0.35335,0.351078,0.434794,0.086336,-0.106442,0.151986,-0.186299,-0.322733,-0.359101,0.317082,-0.584373,-0.296159,-0.391596,-0.048383,-0.278421,-0.291635,-0.136994,0.074481,0.000817,-0.114053,-0.175708,-0.003099,0.352988,-0.220693,-0.523459,-0.582307,-0.503965,0.354476,0.088878,0.040062,-0.357934,-0.023486,-0.110831,-0.304073,-0.292984,-0.322782,0.219297,-0.059345,0.202907,-0.361122,-0.414043,-0.35835,-0.181638,-0.111654,-0.211687,0.024376,0.071204,0.400041,0.128264,-0.049301,-0.064745,0.288912,-0.005728,0.059361,0.071988,0.189767,0.287681,-0.256514,-0.137758,-0.205767,-0.076226,-0.344341,0.142783,-0.354802,0.091412,-0.013849,-0.172796,-0.237838,0.090279,0.542247,-0.341102,0.217293,-0.253008,-0.41472,-0.039256,0.197237,0.099423,0.412307,-0.214449,-0.247562,0.212298,0.359637,0.159669,0.053527,0.522051,-0.392316,-0.204777,0.303656,-0.422824,0.465548,-0.111072,#
14,0.028118,0.442676,-0.036945,-0.256761,-0.109638,0.260826,0.085363,-0.015202,0.170037,0.447783,-0.053376,-0.048651,0.253824,0.356574,1.0,-0.066952,-0.178162,0.311136,0.373426,-0.116293,-0.395019,0.358695,0.27406,0.251864,-0.079687,-0.100088,-0.038307,0.049022,-0.30481,0.039338,-0.094609,0.119514,-0.007512,0.000726,-0.216619,0.202723,0.115152,-0.097829,0.136611,-0.04728,-0.351539,0.270171,0.170807,0.158875,0.463419,-0.169407,0.211082,0.157278,0.39476,-0.092984,0.093975,-0.151765,-0.249057,-0.280757,0.246571,-0.244136,-0.04909,-0.232697,-0.054829,-0.318133,0.377217,-0.062145,-0.456247,0.274013,-0.062601,0.044344,-0.245158,0.155419,0.116649,0.03295,0.156945,0.085885,0.063689,-0.627596,-0.34981,0.244996,0.040422,-0.197367,-0.146903,-0.467176,0.075312,-0.664367,-0.559304,-0.12945,-0.310216,0.062871,-0.169518,-0.032422,-0.135529,-0.169364,-0.194473,-0.099527,-0.326336,0.276074,-0.429667,-0.200138,-0.413332,-0.178815,-0.096112,0.043545,-0.12655,-0.397942,0.031762,-0.274582,-0.041305,-0.433574,-0.451642,-0.05506,-0.434165,-0.361297,0.127062,0.408313,-0.330151,-0.264303,-0.166213,-0.386533,-0.28902,-0.42485,0.376484,-0.482193,-0.072077,-0.299379,-0.339209,-0.344557,-0.356627,-0.317991,0.09594,0.39852,0.138537,-0.21744,0.030442,0.136245,-0.487787,-0.338074,-0.236168,-0.283294,0.198707,-0.068086,-0.039535,-0.503582,-0.259104,0.05786,-0.458136,-0.388652,-0.391717,0.224867,-0.162167,0.386035,-0.334571,-0.164567,-0.46822,-0.64795,-0.049287,-0.455915,-0.006487,-0.558413,0.045157,0.137236,-0.461212,-0.35612,0.155807,-0.13961,0.197103,0.299766,0.275243,0.52007,-0.433049,0.227693,-0.407943,-0.07108,0.202691,0.094999,-0.373317,0.046975,0.499238,-0.218401,-0.30494,0.297506,0.449045,-0.393269,0.479485,-0.256798,-0.246036,0.23675,0.383914,-0.358832,-0.070288,-0.218494,-0.395681,0.175962,0.211544,0.384943,0.512255,0.336715,0.218574,0.152769,0.208674,-0.206629,0.24147,0.122197,#
15,0.036224,-0.20265,-0.405554,0.050793,-0.057353,0.088066,-0.166793,0.05309,-0.260254,0.185913,-0.127568,-0.021152,-0.105779,0.099271,-0.066952,1.0,-0.068929,-0.049519,-0.260735,0.183624,0.060037,-0.281928,0.179593,0.07861,-0.093592,0.365029,0.022261,-0.224504,0.092514,0.090494,0.1336,-0.114611,0.116305,0.169346,-0.215352,0.074455,-0.100269,0.181885,0.094284,0.354097,-0.241956,-0.137896,-0.739373,0.003499,0.229807,0.131163,0.278036,-0.000291,-0.456871,0.005781,0.222995,0.16469,-0.311465,-0.020874,0.212163,-0.106637,0.244544,0.218245,-0.106526,-0.011614,0.249656,-0.196072,-0.113584,-0.012906,-0.031926,0.248814,-0.38188,0.188781,-0.343648,-0.026611,-0.174763,-0.091318,-0.165674,0.222887,-0.018088,-0.118441,0.013751,-0.002783,-0.087024,0.219229,-0.042862,0.089782,0.218842,0.364579,0.406158,-0.250442,-0.096332,-0.168318,0.036333,-0.074247,0.209606,0.322826,0.072827,0.258911,0.084493,0.392019,-0.155972,-0.098658,0.038498,-0.008222,-0.13421,-0.168248,-0.194481,-0.029782,0.173866,-0.252125,-0.222416,0.445757,0.182285,-0.072891,-0.185929,-0.041934,0.120718,-0.022095,0.092789,0.218975,0.128315,-0.25821,0.226281,-0.045481,-0.121903,0.174503,0.21454,0.07988,-0.170985,0.288555,-0.084977,-0.187147,0.178795,-0.186757,-0.355641,0.246267,0.005577,-0.142686,-0.149045,-0.10201,-0.036245,-0.099941,-0.033611,-0.29947,0.370034,0.141599,0.132214,0.030218,0.175361,0.035169,0.513108,0.009269,-0.103216,-0.137937,0.232469,0.141103,-0.1179,0.222768,0.114407,0.246877,0.150527,-0.003409,-0.039906,-2.3e-05,0.120784,0.065921,-0.206251,-0.201497,-0.302718,0.072988,-0.029765,-0.150533,0.17244,-0.117836,0.036608,-0.222432,0.041988,-0.299835,-0.256084,-0.043629,-0.159679,-0.16389,0.013648,0.077162,-0.054056,-0.216077,-0.267145,0.007146,0.43991,0.000632,0.352797,0.080987,-0.290859,-0.023919,0.232672,-0.105928,-0.064386,-0.029929,-0.31747,-0.279028,0.04136,-0.153204,0.246894,-0.146051,#
16,0.050144,-0.048816,-0.344172,-0.035721,0.066236,0.469879,-0.057854,-0.20706,-0.321411,-0.19899,0.113793,0.297228,-0.098112,-0.201983,-0.178162,-0.068929,1.0,-0.186208,0.142158,-0.099252,0.103678,-0.203561,-0.16574,-0.35917,-0.276277,-0.260161,-0.183083,-0.09608,-0.087317,-0.178861,0.082802,0.144341,0.163566,0.211798,0.005493,0.020228,0.022931,0.124577,-0.268084,0.194282,0.138477,0.117599,0.132924,0.161694,-0.04596,0.107046,-0.170004,0.049606,0.045656,0.131293,0.072645,0.064671,0.140756,-0.159009,-0.06554,-0.076921,-0.067401,0.269243,0.241756,-0.061028,-0.023346,0.20102,0.301337,-0.218285,-0.050193,0.173206,-0.046911,-0.058683,0.233228,-0.191571,-0.25426,-0.000816,0.056609,0.203495,-0.017145,0.229125,-0.285152,-0.038556,0.007351,0.353363,0.087069,0.18515,0.167023,-0.14107,-0.097059,-0.223956,0.022954,0.233252,-0.143137,-0.338632,-0.210428,0.095601,0.231323,-0.223224,0.018883,-0.176555,-0.397486,-0.326878,-0.101917,0.10169,0.070259,-0.029926,-0.100417,-0.088194,0.180479,0.074038,0.43505,-0.198529,0.059227,0.15504,-0.160787,-0.031823,-0.073075,0.231733,-0.126654,-0.028361,-0.266891,0.138136,-0.164515,0.118015,-0.039939,-0.051105,0.072062,-0.156454,0.009519,-0.027792,-0.269069,-0.179665,0.201998,-0.018873,-0.266766,-0.025291,0.073292,0.416115,-0.048307,-0.054096,-0.030872,-0.457114,0.208,0.003079,-0.431658,0.035957,-0.039969,0.422747,0.314569,-0.205278,-0.123572,-0.106718,-0.149716,-0.008141,0.032721,0.091115,-0.032753,0.219091,-0.308905,-0.174417,-0.220879,0.178264,-0.19872,0.098924,-0.113434,-0.14056,0.137965,0.170664,0.042418,0.185477,0.253843,-0.127668,0.233975,-0.204345,0.028674,0.218044,-0.054661,-0.290009,0.15722,-0.377606,-0.118638,0.127176,-0.238157,0.143055,-0.54781,0.031188,0.307726,0.113404,0.026975,0.092664,0.136248,0.215234,0.112396,-0.347659,-0.008803,0.219479,0.156573,-0.172608,0.196323,0.050983,0.198352,0.204482,-0.468782,-0.075548,#
17,-0.502289,0.388281,0.521178,0.088007,-0.216802,0.005807,-0.073631,0.10152,0.637158,0.22436,-0.31115,-0.104454,-0.142616,0.369363,0.311136,-0.049519,-0.186208,1.0,0.003201,0.431165,-0.139759,0.078406,0.194338,0.383101,0.16129,0.181195,0.260396,0.282203,-0.186321,0.113646,0.049192,0.202772,0.160648,0.052241,-0.098533,0.092827,0.321967,-0.11362,0.122658,0.059714,0.027183,0.083002,0.072792,0.167135,0.337719,-0.47449,0.023943,0.32953,0.514136,0.047263,-0.084076,-0.334695,0.204307,-0.145186,-0.280937,-0.048433,-0.014462,-0.58821,-0.28337,-0.222367,-0.245823,-0.160087,-0.16041,-0.017622,-0.079269,0.186921,0.106293,0.261002,-0.02589,0.479993,0.258338,0.276713,-0.007349,-0.085356,0.181544,-0.226577,0.193338,-0.293769,0.227752,-0.219859,0.455542,0.008714,-0.234375,0.247735,-0.070667,0.118803,0.023613,0.099728,0.247744,0.112587,0.276555,0.418486,-0.151389,0.612118,-0.106938,0.327623,0.30469,0.191332,0.025563,-0.108324,-0.182132,0.163113,0.198399,0.199491,0.107634,0.107321,-0.101435,-0.069039,-0.110457,-0.219331,0.397449,0.10133,0.182304,0.043105,0.354758,0.098543,-0.071189,-0.268563,0.546616,-0.442658,0.187758,-0.335647,-0.170699,0.030484,-0.031677,-0.004628,-0.032062,-0.076179,-0.034058,-0.050929,0.297645,0.337664,0.021933,-0.375252,0.107956,-0.068824,0.28512,0.165214,-0.01993,0.013992,0.049643,-0.117354,-0.398237,-0.520685,-0.24986,-0.117787,0.198325,0.035937,0.332557,0.062676,-0.123843,-0.125667,0.375349,-0.054068,-0.129375,-0.176888,0.317884,0.353723,-0.112818,0.389481,0.181641,0.395878,-0.09135,0.285627,0.177774,0.135747,0.202742,-0.137239,-0.165051,0.353381,-0.344256,-0.248894,-0.018628,0.037158,0.04213,0.27048,0.083809,0.003616,0.403863,-0.458963,0.161303,-0.064015,-0.632532,-0.280983,-0.166505,0.106343,0.030189,0.10594,-0.384386,-0.187275,0.298517,-0.298835,-0.117784,0.297617,-0.47712,0.064983,0.02851,0.111827,0.510838,-0.045454,#
18,-0.136372,0.002717,-0.038509,0.068595,0.172307,-0.1137,-0.077459,-0.105252,0.112495,-0.019354,0.220609,-0.031882,0.140396,0.23013,0.373426,-0.260735,0.142158,0.003201,1.0,-0.385682,-0.18242,-0.037128,0.124437,0.010916,0.082435,0.021656,-0.072435,0.486795,-0.465509,0.175032,-0.005774,0.111842,-0.090804,0.102469,0.237814,-0.00011,0.150614,-0.235964,-0.068907,0.02588,0.041955,0.186671,0.450315,0.378974,0.123891,0.094801,-0.085442,-0.224609,0.228883,-0.06339,0.013739,0.305732,-0.002417,-0.102966,0.20798,-0.091706,-0.24714,0.207443,0.124916,-0.116061,-0.176573,-0.075717,-0.078712,0.515637,-0.093414,-0.018039,0.012762,-0.220066,0.069451,-0.136292,-0.045567,-0.020221,-0.119942,-0.132701,-0.054388,0.213097,-0.028655,-0.090293,0.099761,-0.494295,0.007323,-0.163367,-0.322664,-0.116639,-0.298615,-0.033221,-0.164959,0.312024,-0.159676,-0.224918,0.040621,-0.200637,-0.022784,-0.252114,-0.384673,-0.204243,-0.252446,-0.479932,-0.229403,-0.087401,-0.014059,-0.180836,0.342754,-0.472889,-0.03526,-0.020408,-0.013272,-0.125941,0.071534,0.065413,-0.178596,0.333496,-0.177331,-0.069736,-0.148623,-0.232669,-0.081395,-0.270478,-0.220075,0.118386,-0.278801,-0.110457,-0.130585,-0.235644,-0.054512,-0.280012,0.355148,0.303302,-0.132769,-0.084399,-0.062646,-0.124803,-0.292468,0.068128,-0.04064,-0.083965,0.040147,-0.066707,-0.163528,-0.152745,-0.451444,0.108986,-0.116717,-0.165021,-0.149846,-0.024257,-0.41275,0.161786,-0.304008,-0.296253,-0.500773,-0.227657,-0.257877,-0.261773,0.004447,-0.406972,-0.213099,0.07146,-0.294792,-0.290247,-0.120451,-0.063942,0.243625,0.062631,0.325989,-0.078895,-0.258016,0.323092,0.081921,0.050933,0.113317,0.456322,-0.161312,-0.207521,0.386468,0.015675,0.053849,0.545182,0.101852,-0.196038,-0.004979,0.156694,0.33293,0.294074,0.342338,-0.184852,-0.108962,-0.27871,0.141554,0.184876,-0.149687,0.363715,0.635556,-0.006162,0.147192,0.137625,0.518044,-0.060255,-0.412363,0.021231,#
19,-0.090658,0.14537,0.250299,0.212217,-0.251287,-0.008738,-0.279791,0.08552,0.047165,-0.014248,-0.061445,-0.341329,0.012122,-0.037147,-0.116293,0.183624,-0.099252,0.431165,-0.385682,1.0,0.432322,-0.036503,-0.0023,0.064853,-0.160769,-0.081575,0.038546,-0.304181,0.167237,-0.041803,0.522615,0.339152,0.220532,0.315405,-0.11277,-0.222067,0.451551,0.186899,-0.408608,0.086864,0.303917,0.093686,-0.224393,0.125327,0.173575,-0.511248,0.317258,0.200865,0.308391,-0.203006,-0.29274,-0.1007,0.459289,-0.138247,-0.284747,0.128913,-0.040096,-0.290702,-0.001043,-0.231616,-0.060392,-0.11195,-0.017298,-0.276806,0.197445,0.000189,-0.144156,0.262187,-0.132974,0.207551,0.305582,0.151597,0.014624,0.023636,0.273176,-0.231495,0.317095,0.281771,0.484055,0.192016,0.380524,0.289008,0.341078,0.3223,0.190652,0.047468,0.305997,-0.108719,0.355288,0.166106,0.123152,0.367258,0.108538,0.384788,0.088478,0.444656,0.280411,0.453137,0.215841,0.15301,-0.592485,0.230136,0.16414,0.428478,0.434022,0.052229,-0.022385,-0.16108,0.118856,-0.161061,0.472687,-0.072803,-0.019079,0.440811,0.456314,0.165475,-0.002564,-0.106606,0.156595,-0.271733,0.268062,0.080285,-0.181639,0.102344,0.016472,0.417664,-0.341838,-0.082648,0.009548,0.192868,0.36746,0.403338,0.49457,-0.238115,0.222384,-0.000733,0.128706,0.175983,0.106971,0.117413,0.251332,0.307265,0.212973,-0.284578,0.245743,0.244749,0.432773,-0.358397,0.611357,0.104813,0.348445,0.102357,0.589511,0.355182,-0.025291,0.216939,0.446898,-0.115434,0.106538,0.211729,0.256591,0.271985,-0.351592,0.035811,-0.060785,-0.097074,0.434928,-0.291299,0.086831,0.110649,-0.549089,-0.203191,0.210237,0.212774,-0.325803,0.234875,0.023397,-0.450263,-0.151297,-0.000289,-0.093077,-0.145694,-0.510358,-0.043922,-0.544412,0.134803,0.435241,0.082674,-0.092497,-0.299216,0.296419,-0.590513,-0.329191,-0.120922,-0.412068,0.161788,-0.342071,0.496852,0.442604,-0.178589,#
20,0.294504,-0.281972,0.007106,0.311062,-0.162608,-0.072443,-0.513161,-0.154015,-0.42268,-0.455847,0.027367,0.021488,-0.25743,-0.154162,-0.395019,0.060037,0.103678,-0.139759,-0.18242,0.432322,1.0,-0.307798,-0.447745,-0.199721,-0.11859,4.3e-05,-0.211773,-0.243715,0.100475,-0.040036,0.418785,0.282731,0.08071,0.348424,-0.12748,-0.38126,0.144666,0.063335,-0.340304,-0.09218,0.333709,0.23429,-0.048153,0.186356,-0.298314,-0.059987,0.090059,-0.046608,-0.007586,-0.320663,-0.186609,-0.022985,0.339717,0.074123,-0.020609,0.03017,-0.106213,0.156032,-0.084809,0.139862,-0.056102,0.174285,0.391354,-0.163994,-0.128293,-0.135194,-0.248279,0.139505,-0.355348,-0.189113,-0.081958,-0.031075,0.031359,0.43302,-0.120353,-0.2933,-0.080895,0.520475,0.043198,0.433052,0.112009,0.373974,0.604317,0.056476,-0.036365,-0.350815,0.233926,0.050124,0.283044,0.088789,-0.062874,-0.013939,0.356319,-0.183578,0.225196,0.208851,0.020985,0.391747,-0.07187,0.387282,-0.084702,0.239328,-0.09961,0.162841,0.373262,0.135155,0.181417,0.265918,0.318407,0.218481,0.042257,-0.04264,-0.246945,0.66192,0.395365,0.430884,0.072782,0.007945,-0.098282,0.163216,0.031589,0.206131,-0.068463,0.352771,0.120206,-0.057821,-0.497101,-0.254378,-0.309542,0.446218,0.270109,-0.091245,0.42964,-0.022958,-0.026063,0.075386,0.155499,0.23414,0.279406,0.204607,-0.017037,0.158253,0.44847,0.136736,0.168455,0.014073,0.365294,-0.78169,0.221881,0.315067,0.119164,0.200201,0.17219,0.429862,-0.107658,0.24652,0.230027,-0.188583,0.297905,0.040123,0.000165,-0.028186,0.130084,-0.260592,-0.418484,-0.389844,0.166558,-0.236224,0.362326,-0.148367,-0.282937,-0.050825,0.233734,-0.06139,-0.597897,0.368606,-0.044703,-0.431055,-0.452351,0.623932,-0.232483,0.093369,-0.138661,-0.004676,-0.271617,0.571038,0.198305,0.219383,0.360933,-0.268922,-0.03997,-0.214592,-0.272893,-0.439769,-0.228681,0.020475,-0.105798,0.221519,0.024761,-0.13903,#
