0,1.0,0.190177,-0.052407,0.063156,0.378468,0.373663,0.069163,0.129011,0.046969,0.349492,0.096886,-0.128101,0.40513,0.373759,0.453279,0.347958,0.145258,-0.107,0.191104,-0.260959,0.107157,0.271277,0.226271,-0.178545,0.13842,-0.425848,0.1444,0.126704,-0.028493,0.158741,-0.332088,0.083539,-0.128499,-0.220848,0.002516,-0.108783,-0.199333,-0.183613,0.407885,-0.200462,0.068666,-0.181003,0.005667,-0.202331,0.197436,-0.734783,0.178385,-0.211353,-0.006018,-0.210771,0.169881,0.108655,-0.147287,-0.262808,-0.063779,0.20907,-0.786653,0.230407,-0.053993,0.278731,0.089411,0.291035,-0.380385,0.01344,0.004607,0.178456,-0.086887,0.235009,0.184809,0.104564,0.126782,0.008543,-0.086887,0.045304,0.18152,0.107462,-0.332066,-0.24042,-0.392519,-0.104773,-0.240335,-0.360078,-0.240438,0.263471,-0.208186,-0.020059,-0.080926,-0.045658,-0.075102,-0.306038,0.068887,-0.47074,-0.201888,0.017227,-0.331585,0.028328,0.121693,-0.040918,-0.282764,-0.24038,0.178302,-0.391734,0.17972,0.196126,0.141318,-0.24042,0.073498,0.126803,-0.220523,-0.018787,0.175898,-0.086869,-0.11595,0.043725,-0.392291,-0.240107,0.289839,0.042539,0.138083,-0.127904,-0.39182,-0.183658,-0.523162,-0.220885,0.098487,-0.029256,-0.201614,0.144975,-0.309704,-0.282887,-0.586525,-0.128549,-0.309958,-0.032019,-0.117911,-0.24047,-0.060145,-0.240438,0.164268,-0.387759,-0.240415,0.075532,-0.306451,-0.764115,-0.202704,-0.266598,-0.260959,0.302389,-0.212902,-0.220456,-0.170165,-0.178956,-0.183568,-0.202005,-0.360486,-0.220796,0.205423,0.058503,0.119595,-0.331519,-0.106674,-0.220858,0.258294,0.043725,-0.049671,0.104691,0.02836,-0.016022,-0.220927,-0.220885,0.371706,0.069123,-0.00455,0.154646,0.326303,-0.471052,-0.147252,0.085747,0.060666,-0.373844,0.326389,-0.234298,0.170384,0.238248,-0.018421,-0.228954,0.216217,-0.102391,-0.06096,0.145154,-0.255759,0.060064,0.037197,0.039758,-0.102361,0.105985,0.230761,-0.195095,0.165826,0.165778,#
1,0.190177,1.0,0.070893,-0.089532,0.091433,0.288929,0.310309,-0.384874,0.438853,0.349784,-0.032876,0.157822,-0.257763,0.490861,0.412253,-0.111914,-0.315375,0.393072,0.141952,-0.136227,0.150281,0.237983,0.394143,-0.162636,0.013086,-0.196452,0.184256,-0.093286,0.135064,0.490721,-0.460286,-0.410847,0.024035,-0.243035,-0.234289,0.082603,-0.020683,-0.337653,0.01562,0.039972,0.12102,0.04678,-0.155538,0.078258,-0.09493,-0.217989,0.296653,0.035329,-0.095925,0.273721,-0.247705,-0.394536,-0.054013,-0.378238,-0.054849,0.315691,-0.058516,0.322539,-0.002634,0.311532,0.211166,0.52037,0.184907,-0.127339,-0.008181,0.23195,-0.165629,-0.042731,0.253055,0.177238,-0.116334,0.183652,-0.165629,0.057975,-0.046397,0.182669,-0.279735,-0.068883,-0.557487,-0.028595,-0.082413,-0.520583,-0.458339,0.157232,0.259577,0.030042,0.047618,-0.383663,0.193908,-0.034183,-0.082533,0.118664,-0.208828,0.391976,-0.067493,-0.292276,0.259357,-0.216541,0.030058,-0.287863,0.183016,-0.001336,-0.025873,0.102909,0.07959,-0.068883,-0.385351,-0.613007,0.336052,0.014187,0.010773,-0.165595,-0.380912,0.059011,-0.365616,-0.084128,-0.167279,-0.175394,0.215176,-0.566758,0.001395,-0.350101,-0.121532,-0.421065,0.11764,-0.079956,0.388597,0.22814,-0.316889,-0.338375,-0.205969,-0.245049,-0.103376,-0.385736,-0.364069,-0.4584,-0.114652,-0.253057,0.144209,-0.695797,-0.255379,-0.41462,-0.383004,-0.372988,-0.091782,-0.567322,0.213967,0.369235,0.042977,0.144558,-0.137932,-0.285728,-0.164536,-0.171954,-0.121864,-0.035367,0.186959,0.462577,0.02604,-0.097044,-0.352881,-0.211901,-0.032766,0.262918,0.254611,0.012524,-0.288637,-0.213342,-0.421146,-0.421065,-0.268318,-0.022734,-0.234771,-0.268223,0.058926,-0.303766,-0.280702,0.342807,0.293638,-0.113121,0.427552,-0.079051,-0.068826,0.256194,0.33702,-0.124843,0.415999,-0.06647,-0.503465,0.469569,-0.221292,0.298359,0.253831,0.2481,-0.161659,-0.196633,-0.313061,-0.080608,-0.012757,-0.160542,#
2,-0.052407,0.070893,1.0,0.324044,-0.020069,-0.014099,-0.154459,0.024519,0.051342,0.060145,0.232239,0.222073,-0.184276,-0.007155,-0.331963,-0.069537,-0.115316,0.315086,-0.319346,-0.267991,0.078513,0.080159,0.160051,-0.13883,0.359756,0.123928,-0.358985,-0.128322,0.128916,-0.221261,0.085913,0.212695,0.119267,-0.067486,-0.034099,0.039666,0.177622,-0.30813,0.027763,-0.109055,0.11324,0.144198,0.112437,-0.255504,0.083179,-0.145503,-0.20055,-0.281095,0.073497,0.021103,0.051683,0.180575,0.188395,0.354144,0.114397,-0.062968,-0.05893,0.083919,-0.245427,0.083873,0.197627,-0.127747,-0.01293,-0.247174,0.323969,0.120797,-0.051995,0.314775,0.031883,0.027883,-0.148612,-0.180031,-0.051995,-0.057932,0.33805,0.072768,-0.238231,0.166196,-0.241467,-0.048506,0.168981,0.01433,-0.145016,0.190103,0.004947,-0.187317,0.278156,0.050795,-0.097833,-0.074136,0.204531,-0.124741,-0.164667,-0.037566,-0.016183,-0.117398,0.243712,0.090187,0.451304,0.151342,-0.181593,0.250131,0.130969,0.450595,-0.041943,0.002706,0.207687,0.196605,-0.064088,0.108533,-0.106532,-0.033914,-0.27071,0.223127,0.22764,0.188981,-0.34247,0.073456,0.012063,0.183481,-0.080656,-0.050452,0.50572,0.077913,-0.034298,0.089403,-0.121053,-0.463442,-0.327827,-0.005031,0.006585,-0.292141,0.053073,-0.075233,0.082613,-0.160254,0.160326,0.163087,-0.067872,-0.026498,0.020179,0.393036,-0.119664,0.087003,-0.07738,-0.130374,0.08235,0.090147,0.188898,-0.066864,0.091679,-0.143105,-0.042026,0.039248,0.013964,-0.07519,0.24564,0.012381,0.242839,0.101072,0.185524,0.142023,0.193397,0.216744,0.023636,0.036628,-0.025983,-0.443698,-0.057675,0.108148,0.12012,-0.286798,-0.002529,0.056015,-0.11284,0.049082,-0.009376,0.092407,-0.177931,-0.158359,-0.289142,0.016695,0.058304,-0.201391,0.057665,-0.192852,-0.110402,-0.399729,0.174617,0.145455,-0.36971,0.161855,0.417141,0.246625,0.183765,0.090167,-0.015258,-0.230762,-0.193111,-0.142599,#
3,0.063156,-0.089532,0.324044,1.0,0.149545,-0.175064,-0.177655,0.463504,-0.08431,-0.063347,0.027272,-0.099772,0.118664,-0.34713,0.120451,-0.090643,-0.066788,0.351695,-0.435826,0.265427,-0.084593,-0.33554,-0.004528,0.104373,0.658056,0.216363,-0.426479,-0.156093,-0.138587,-0.153061,0.384358,0.34598,0.288394,0.079788,0.009715,0.183442,0.202029,0.088621,-0.046512,-0.07936,0.162842,-0.104579,-0.275996,-0.391904,0.685866,-0.311918,-0.258248,0.042074,0.21538,-0.24328,0.242662,0.266691,0.204349,0.233717,-0.113415,-0.200979,0.028926,-0.035076,0.073238,-0.309765,-0.241631,0.278947,0.177539,-0.096165,-0.127463,0.265235,0.356199,-0.211903,-0.052544,-0.183665,-0.127148,-0.279973,0.356199,0.09089,0.376419,-0.107491,0.221299,-0.00399,0.264977,0.366474,0.320229,0.167953,-0.159265,-0.042793,-0.034091,-0.304478,0.087135,-0.199038,0.26271,-0.033062,0.260822,-0.051455,0.133046,-0.135192,-0.102193,-0.315678,-0.210007,0.134682,0.34956,0.161346,-0.262717,0.107164,0.54707,0.498254,0.062734,0.137808,0.274005,-0.077729,0.236205,-0.15141,0.319454,0.04621,0.269602,0.25772,0.254868,0.318876,0.359706,0.201836,0.156914,-0.171327,0.269282,0.030712,0.051775,0.217104,0.276169,0.061055,-0.198088,0.204115,-0.068331,0.347561,0.187688,-0.118935,0.316674,-0.008673,0.096402,0.313631,-0.166539,0.142464,-0.158476,0.039269,0.149496,0.161152,0.283952,0.109916,0.006757,0.07912,0.086617,0.128743,0.372061,0.076132,0.034676,0.129504,0.045489,-0.057209,0.325315,0.225486,-0.076726,-0.037434,-0.010606,0.239909,0.248047,0.247993,-0.196488,0.083323,0.323554,-0.23428,0.160183,-0.376908,0.229097,0.22363,-0.078687,-0.169045,0.116501,-0.044963,-0.273576,0.326103,-0.223844,-0.136048,-0.209247,-0.386036,-0.273968,-0.031664,-0.413776,-0.379283,-0.09193,-0.013194,-0.439312,0.038509,0.141444,-0.377615,0.203632,-0.044288,0.05795,0.243604,-0.056757,0.135014,-0.211555,0.434247,0.101104,0.116084,#
4,0.378468,0.091433,-0.020069,0.149545,1.0,0.148171,-0.036169,-0.018708,0.053634,-0.058586,0.104487,0.144188,0.03692,0.161455,0.149349,0.258644,0.132888,-0.185094,0.338701,-0.251037,0.306444,-0.11746,0.375101,-0.057391,0.127031,-0.114977,0.344716,-0.336526,0.21903,0.034852,-0.110719,0.16663,0.094356,-0.114226,-0.12635,-0.068566,-0.200417,-0.11096,0.130026,-0.187538,0.341698,-0.317929,0.048044,-0.026917,0.294174,-0.404193,-0.218279,0.066741,0.125067,-0.013861,0.187775,0.058214,0.397772,-0.188224,-0.237141,0.231717,-0.227003,0.162723,0.135001,0.079292,-0.192289,0.318071,0.031578,0.147232,0.175031,0.173408,0.045792,0.003236,0.015712,5.5e-05,-0.116776,0.19021,0.057717,-0.067763,0.031926,0.238684,-0.133763,-0.319697,-0.097235,-0.003774,-0.191682,-0.319038,-0.340995,0.611284,-0.249803,-0.170351,0.083992,-0.528617,0.082401,-0.366474,-0.007109,-0.245425,-0.042308,-0.011059,-0.264229,-0.17298,-0.246297,-0.361533,-0.326051,0.162572,0.283422,-0.075317,-0.003753,0.479508,-0.128302,-0.164954,0.259392,-0.176881,0.043742,0.354983,0.195206,0.075705,0.067905,-0.086823,-0.278988,-0.155974,0.184137,0.184507,0.487991,-0.497041,-0.102367,-0.305676,-0.325759,-0.261458,0.310832,-0.306641,-0.048782,-0.004631,0.120839,-0.471741,-0.435965,-0.152912,0.056065,-0.143683,-0.106852,-0.012956,-0.166414,-0.34748,-0.373666,-0.224847,-0.504935,-0.143584,-0.536491,-0.134189,-0.12803,0.104698,-0.129085,0.285869,-0.237664,-0.290007,0.054403,-0.065445,0.188703,-0.390599,-0.037948,-0.299226,-0.07395,0.439243,-0.022254,-0.294687,-0.012588,-0.287373,0.279157,-0.254314,-0.204739,-0.029007,-0.002591,-0.002567,0.058154,-0.112422,0.175362,0.264878,-0.231199,0.131584,0.423327,-0.253783,-0.204414,0.070074,0.152833,0.144381,0.416096,-0.170704,-0.360539,0.163867,-0.055851,0.177124,0.096983,0.029108,-0.13736,0.032917,-0.041681,0.001926,0.246247,0.403143,-0.539287,0.291466,0.023311,0.217976,0.324191,0.327942,#
5,0.373663,0.288929,-0.014099,-0.175064,0.148171,1.0,0.323858,-0.356257,0.59783,0.219865,0.457424,-0.194721,0.228124,0.329186,-0.028045,0.303081,0.120093,0.034314,0.151211,-0.086194,0.022931,0.286162,0.404826,-0.314197,-0.215472,-0.640727,0.153793,-0.230424,0.076437,0.231229,-0.291799,0.112624,-0.123459,-0.124814,-0.048257,-0.301045,0.262495,-0.296513,0.318118,-0.350629,-0.002345,0.165726,0.166942,-0.055054,-0.267696,-0.39828,0.451401,-0.24834,0.337953,0.187287,0.206752,0.049165,-0.016204,-0.25021,0.098493,0.551271,-0.511291,0.524006,-0.315703,0.270846,0.309548,0.056818,-0.295019,-0.028771,0.246564,0.211299,-0.240449,0.395119,0.268709,-0.101548,-0.012302,0.159708,-0.240449,-0.384128,-0.504715,0.271135,-0.130547,-0.169675,-0.424621,-0.16633,-0.185929,-0.493871,0.171608,0.456362,-0.232624,0.005162,-0.08593,-0.022575,-0.100344,-0.179307,0.03368,-0.243867,-0.22876,0.486403,-0.086184,0.01728,0.406407,-0.356033,0.024512,-0.355463,0.340667,-0.23943,-0.159946,-0.096938,-0.135627,-0.505383,0.0209,0.046948,-0.290578,0.203326,-0.071638,-0.240399,-0.097724,-0.082439,-0.269129,-0.664468,-0.138127,-0.11215,0.130458,-0.240974,-0.26649,0.036233,-0.113757,-0.439707,-0.080827,0.209719,0.311017,0.158123,-0.366995,-0.458716,-0.426349,0.067385,-0.42754,-0.324508,-0.269929,-0.503629,-0.166443,-0.337174,0.300944,-0.459386,-0.337899,0.031548,-0.359483,-0.267101,-0.108532,-0.356424,-0.318993,0.497485,-0.229671,0.037096,0.061325,-0.259101,0.186584,-0.391994,-0.198335,-0.295095,0.236793,0.124713,-0.22943,-0.277444,-0.318074,-0.273777,0.279644,0.084139,-0.015687,0.139802,-0.021499,-0.349159,-0.451962,-0.446305,0.041785,0.087218,0.277187,-0.063096,0.425987,-0.422162,-0.407504,0.401413,0.145684,0.321012,0.413041,0.001762,-0.023144,0.330234,-0.171366,-0.004113,0.265328,0.005069,-0.296577,0.397918,-0.440661,0.162769,0.099504,0.244539,-0.218596,0.106747,0.014227,-0.410971,-0.202858,-0.179562,#
6,0.069163,0.310309,-0.154459,-0.177655,-0.036169,0.323858,1.0,-0.558926,0.269611,0.224076,0.090371,0.172987,0.376955,0.310169,0.134734,0.110429,-0.081729,-0.125053,0.287242,-0.074888,0.19295,0.28227,0.230323,-0.505293,-0.212817,-0.636397,0.257916,-0.225135,0.244818,0.035407,-0.28692,-0.296449,-0.355729,0.05322,-0.236721,-0.301149,0.276368,-0.095692,-0.036865,0.018182,0.002886,0.37693,-0.001702,0.247586,-0.074289,-0.122693,0.233048,-0.031113,0.110458,0.401102,-0.050598,-0.22166,-0.013102,-0.540023,-0.249021,0.472668,-0.205789,0.218256,-0.350738,0.414614,0.059266,0.300437,0.028307,0.031494,0.21814,0.208749,-0.240532,0.204899,0.048041,-0.013612,0.254882,0.008539,-0.240532,-0.048378,-0.484898,-0.08788,-0.114833,-0.317208,-0.243754,0.033742,-0.002594,-0.486973,0.009603,0.13573,0.014439,0.362372,0.113113,0.000342,-0.075617,-0.157862,0.076637,-0.029943,-0.046718,0.506351,0.423683,0.029591,0.031378,-0.338636,0.040682,-0.179397,0.278911,-0.57323,-0.316133,-0.094105,0.089109,-0.146446,-0.195754,-0.137031,-0.091706,0.051445,0.030489,-0.240482,-0.250532,-0.067532,-0.076931,-0.310692,-0.126199,-0.061012,0.114826,-0.216097,-0.065763,-0.331265,-0.277454,-0.435365,-0.392017,0.398078,0.14499,0.164392,-0.112878,-0.113414,0.004907,0.294527,-0.004903,0.012698,-0.07323,0.006236,-0.166501,-0.152998,-0.051679,-0.175378,0.010942,0.355789,-0.018703,0.006706,-0.071413,-0.134029,0.166048,0.677575,0.003415,0.227445,0.076847,-0.225418,0.192163,0.151297,-0.175493,0.068782,0.245505,0.119757,0.00965,0.069348,-0.191672,-0.089226,0.136288,0.271038,0.172811,0.138381,-0.009496,-0.389402,-0.10611,-0.092912,0.026641,0.083662,0.289218,-0.034933,0.250927,-0.225261,0.005956,0.064617,0.145364,0.089538,0.236238,0.006909,0.148962,0.151714,0.116889,0.119055,0.262316,0.017766,-0.482198,0.034298,-0.201843,0.169249,0.105929,0.252285,0.122585,0.274451,-0.163443,-0.066059,-0.184214,0.154538,#
7,0.129011,-0.384874,0.024519,0.463504,-0.018708,-0.356257,-0.558926,1.0,-0.279069,-0.252842,-0.177522,-0.217505,-0.082537,-0.356349,0.10226,0.090111,-0.179803,0.048553,-0.341428,0.239773,-0.331188,-0.27631,-0.287293,0.397936,0.606082,0.268828,-0.421333,0.030356,-0.277672,-0.233504,0.405618,0.420046,0.366474,0.010155,0.213486,0.265,-0.087652,0.195053,0.275227,0.026443,-0.040489,-0.233123,0.008725,-0.193537,0.403914,-0.040131,-0.121008,0.383309,0.046633,-0.752819,0.198828,0.246804,0.062531,0.287596,-0.104544,-0.466593,-0.036676,-0.180554,0.11912,-0.441639,-0.312924,-0.336955,-0.308418,-0.219411,-0.354072,-0.008367,0.435759,-0.094464,-0.10769,0.166028,-0.216041,-0.193038,0.423002,0.072081,0.451694,-0.124405,0.243033,0.109917,0.301121,0.080381,0.12463,0.358563,-0.045772,-0.206692,0.099943,0.020269,-0.060004,0.115827,0.141956,0.130902,0.202025,0.01953,0.067009,-0.657524,-0.280697,-0.206947,-0.102013,0.302577,0.167486,0.297061,-0.237178,0.138082,0.447453,0.212257,0.168377,0.282348,0.212995,0.23341,0.196883,-0.154518,0.031613,0.110572,0.496549,0.068555,0.12357,0.464942,0.535657,0.149089,-0.092474,0.135303,0.134791,0.133563,0.140693,0.532012,0.23249,-0.100957,-0.468868,0.138573,0.064179,0.503038,0.091378,-0.29895,-0.014262,0.010263,0.308156,0.292194,-0.139871,0.287234,0.24066,0.217716,0.106092,0.084247,0.28675,0.002197,0.291523,0.304216,0.026145,-0.379525,0.083143,0.019564,-0.050677,0.394599,-0.243635,0.048808,0.358969,0.366821,-0.182395,-0.387659,0.099077,-0.102131,0.287178,0.348567,-0.204309,0.061664,0.194657,-0.285842,0.12046,0.158502,0.352716,0.347059,-0.08213,-0.212323,-0.050225,-0.170147,-0.27004,0.21426,-0.141978,-0.528096,-0.408742,-0.38783,-0.439342,-0.060212,-0.339026,-0.322393,-0.23078,-0.34683,-0.384113,-0.273563,0.192283,-0.444765,0.322373,-0.227122,-0.11944,-0.293328,-0.13429,-0.098466,0.016683,0.132298,0.219047,-0.132994,#
8,0.046969,0.438853,0.051342,-0.08431,0.053634,0.59783,0.269611,-0.279069,1.0,0.436565,0.048395,0.040565,-0.068713,0.248083,-0.103116,0.204914,-0.298802,0.213908,0.188758,-0.009003,-0.027116,0.008889,0.391346,-0.295316,0.062357,-0.424613,-0.063509,-0.4657,0.147577,0.363177,-0.231993,-0.036861,-0.153282,-0.349091,0.027702,0.155387,0.37063,-0.454504,0.418976,-0.2221,0.104647,0.102212,-0.273942,-0.139948,-0.123116,-0.045758,0.415962,-0.018418,0.122654,0.052975,0.16183,-0.201554,0.138348,-0.034643,0.01023,0.105782,-0.202131,0.369637,-0.378091,0.125843,0.331729,0.240346,0.020549,-0.229432,-0.104438,0.115336,0.023732,0.210238,0.185788,-0.055273,-0.247119,0.172281,-0.261048,-0.148458,-0.479744,0.252898,-0.06878,-0.241155,-0.373681,-0.118356,-0.1019,-0.294282,-0.053904,0.378313,0.190281,-0.068614,-0.035087,-0.268351,0.099963,0.027738,-0.185981,-0.214429,-0.45423,0.255806,-0.038388,-0.075439,0.417701,-0.310901,0.096261,-0.098292,0.101945,-0.040611,-0.285315,0.230079,-0.120208,-0.253986,-0.199135,-0.114553,0.129975,-0.022861,-0.048501,-0.260993,-0.2139,-0.312208,-0.217789,-0.264625,-0.057958,-0.385222,0.256136,-0.52709,-0.066642,-0.19236,-0.075138,-0.173987,-0.088221,0.271266,0.235251,0.171346,-0.41896,-0.388929,-0.217014,-0.184456,-0.184823,-0.390125,-0.386344,-0.404392,-0.180702,-0.238391,0.240429,-0.465059,-0.409751,-0.217393,-0.294631,-0.234843,-0.338679,-0.570812,0.131046,0.461417,-0.19534,-0.19048,0.119771,-0.395374,-0.043036,-0.439423,-0.141369,-0.027021,0.256709,0.376998,-0.220318,-0.074703,-0.518822,-0.183677,-0.119086,0.17835,0.186259,-0.284131,-0.257467,-0.315958,-0.344031,-0.180604,0.04393,-0.082583,0.039592,-0.198809,0.16718,-0.220859,-0.442414,0.327367,0.392867,0.205335,0.316088,0.080932,-0.17511,0.209863,0.0529,0.222823,0.30072,0.041147,-0.270311,0.511109,-0.43128,0.242383,0.173364,0.321163,-0.332265,0.249192,-0.112022,-0.195605,-0.062582,-0.226231,#
9,0.349492,0.349784,0.060145,-0.063347,-0.058586,0.219865,0.224076,-0.252842,0.436565,1.0,0.01425,0.256105,0.247587,0.179914,0.260217,0.189798,-0.207185,-0.033544,0.219059,-0.326803,0.18793,-0.010378,0.27517,-0.371719,0.013572,-0.282962,0.134076,0.04085,0.09905,0.296323,-0.415879,-0.112536,-0.160922,-0.276572,0.069347,0.23734,-0.03899,-0.377639,-0.004983,0.314911,-0.058362,-0.007242,-0.302324,-0.07256,0.07693,-0.271274,0.213835,-0.18609,-0.278196,0.198578,0.202341,-0.259665,-0.18445,0.135569,0.094362,0.033659,-0.611884,0.26284,-0.673889,0.102954,0.153879,0.496485,-0.309185,0.182137,-0.141584,0.134746,-0.10881,0.028678,0.150076,0.081013,0.040875,0.278139,-0.10881,0.124572,-0.055933,0.103454,-0.415852,-0.301082,-0.491559,-0.283313,-0.300975,-0.237304,-0.026469,0.127465,-0.176765,-0.353921,-0.24752,-0.115755,-0.023833,0.097181,-0.220298,-0.357982,-0.252828,-0.119182,0.06245,0.187873,0.162171,-0.173003,-0.354111,-0.301032,0.188734,-0.272586,-0.282324,0.075911,-0.131271,-0.301082,-0.216342,-0.089417,-0.054955,-0.082836,-0.095252,-0.108787,-0.491266,-0.088193,-0.491273,-0.086596,-0.114655,-0.809439,0.013474,-0.223948,-0.271847,-0.229998,-0.34094,-0.276618,-0.357749,0.092387,-0.026449,-0.149372,-0.216232,-0.354264,-0.474546,-0.160984,0.123558,-0.157442,-0.491061,-0.301145,-0.07532,-0.301104,0.154756,-0.25623,-0.301076,-0.252058,-0.383775,-0.670399,-0.639172,-0.49636,0.131657,0.455531,-0.442527,-0.276081,-0.062573,-0.590301,-0.229885,-0.252974,-0.451442,-0.276507,0.25056,0.166646,-0.17819,-0.20455,-0.502214,-0.276584,0.12286,-0.088193,0.006586,-0.24971,-0.300806,-0.167692,-0.276671,-0.276618,0.197535,0.040264,0.122926,-0.328559,0.15183,-0.355955,-0.184407,0.464134,0.17858,-0.191636,0.146421,0.195249,0.198976,0.284593,0.325057,0.167274,0.256838,-0.055968,0.058496,0.565416,-0.47227,0.179882,0.150712,0.408059,-0.249315,0.266869,0.030238,-0.160096,-0.12047,0.035382,#
10,0.096886,-0.032876,0.232239,0.027272,0.104487,0.457424,0.090371,-0.177522,0.048395,0.01425,1.0,0.091481,0.242124,0.098405,0.036789,0.24529,0.584973,-0.221767,-0.017665,-0.211003,0.228518,0.204879,0.040591,-0.200819,-0.212435,-0.216904,-0.068183,-0.046942,0.062895,0.099148,-0.205635,0.421016,-0.165416,-0.098007,0.363381,-0.274469,0.155692,-0.188979,0.044864,-0.022191,-0.317245,0.042649,-0.089588,0.145661,-0.08623,-0.420635,-0.151962,-0.336902,0.113767,0.026698,0.374087,0.278695,-0.170199,-0.101682,0.49826,0.246451,-0.323871,0.121159,-0.279631,0.221764,0.019,0.103778,-0.362873,-0.205934,0.333638,-0.110105,-0.219223,0.025554,0.068623,-0.455713,0.198094,0.141962,-0.219223,-0.310586,-0.228411,0.261398,-0.395643,0.045708,-0.519501,-0.381737,-0.27969,-0.247061,0.049482,0.435097,-0.710982,-0.10449,-0.313432,-0.0851,-0.457483,-0.41205,0.268768,-0.296291,0.028095,0.113179,0.048965,-0.070391,-0.05287,-0.312927,0.071612,-0.143054,0.268725,0.028056,-0.074348,-0.241207,-0.179669,-0.299814,0.005301,-0.054996,-0.400218,0.488132,-0.383503,-0.219177,-0.356511,-0.046055,-0.359415,-0.294048,-0.261671,-0.120092,-0.343191,0.037639,-0.529907,0.122974,0.027193,-0.064321,-0.131225,-0.042302,0.032417,-0.264136,-0.201621,-0.425504,-0.064529,-0.095932,-0.461454,-0.071752,-0.360966,-0.320217,-0.15175,-0.315207,-0.362096,0.010594,-0.433277,0.154934,-0.153495,-0.084548,-0.372738,-0.176765,-0.131378,0.320759,-0.072865,-0.061803,0.024228,-0.312031,-0.105497,-0.385898,-0.461257,-0.27975,0.419182,-0.120262,-0.268774,-0.059249,-0.128731,-0.257189,0.254422,-0.039089,-0.394965,0.039669,0.079866,-0.310016,-0.263427,-0.435063,0.325699,0.139012,0.019935,-0.109681,0.400245,-0.325194,-0.371531,0.514149,0.10402,0.47899,0.20457,0.098326,0.285591,0.146043,0.076604,-0.19618,0.085012,-0.048444,0.280705,0.115032,-0.516925,0.274635,0.155592,0.198391,-0.154456,-0.149673,0.112866,-0.460899,-0.256455,-0.155734,#
11,-0.128101,0.157822,0.222073,-0.099772,0.144188,-0.194721,0.172987,-0.217505,0.040565,0.256105,0.091481,1.0,-0.234821,0.16085,0.213726,0.378574,-0.234436,-0.085864,0.043868,-0.414979,0.251505,-0.183176,0.02419,-0.432092,-0.015811,-0.099266,0.274227,-0.299952,0.39911,0.195837,-0.058339,0.006308,-0.284427,-0.14401,0.068656,-0.054068,-0.381896,-0.013512,0.057555,0.408813,0.081202,-0.237599,0.00405,-0.007922,0.281538,0.036293,-0.025923,-0.192893,-0.415412,0.225164,0.226488,-0.245093,0.090435,0.224334,-0.337706,-0.023647,-0.01453,-0.190854,-0.277818,0.075243,-0.180771,0.282847,0.02888,0.147922,-0.015891,-0.273607,0.160149,0.202553,-0.029404,-0.155206,0.226418,0.445495,0.173233,0.201519,-0.080995,0.144558,-0.44888,-0.229344,-0.33704,-0.237109,-0.21688,-0.187845,0.107474,0.175189,0.087875,0.027484,-0.291079,-0.36483,-0.102117,-0.410117,0.044412,-0.036953,0.033105,-0.094586,-0.145417,-0.187526,-0.323733,-0.267434,-0.329194,0.106487,0.035563,0.245814,-0.082571,0.137275,-0.18141,-0.243493,-0.233907,-0.080189,-0.109133,0.134189,-0.471563,0.186792,-0.537608,0.323756,-0.139501,-0.076746,-0.163958,-0.195773,0.045319,-0.262841,-0.348937,-0.191759,-0.135782,-0.13451,0.048691,-0.05865,-0.139605,-0.346815,-0.210512,-0.346545,0.091549,-0.224378,-0.027257,0.039205,-0.322085,-0.088997,0.147087,-0.070422,-0.17934,0.030503,-0.376517,0.061686,-0.290424,-0.052297,-0.318384,-0.312699,0.439843,0.359676,-0.110246,-0.109636,0.281605,-0.423054,-0.224186,-0.167829,-0.396326,-0.160425,0.080387,0.331144,-0.109034,-0.058326,-0.18696,-0.13827,0.151846,-0.022169,0.021055,-0.32059,-0.559543,-0.083778,0.047735,-0.317776,0.192973,-0.161114,-0.111664,-0.380294,0.214418,0.1515,-0.107566,0.128414,-0.024815,-0.126702,0.012722,0.156191,0.003949,0.042709,0.288167,0.179367,0.104069,-0.100617,0.036528,0.215907,-0.374066,0.178046,0.348733,0.37774,-0.230247,0.053571,-0.162343,-0.187649,0.030857,0.438566,#
12,0.40513,-0.257763,-0.184276,0.118664,0.03692,0.228124,0.376955,-0.082537,-0.068713,0.247587,0.242124,-0.234821,1.0,0.031464,0.016986,0.164547,0.335903,-0.348497,0.152872,0.060587,0.21955,0.008832,0.05724,-0.280283,-0.104958,-0.342713,-0.039181,0.076412,-0.060788,-0.133694,-0.150243,0.191242,-0.190277,0.063524,-0.193176,-0.297851,0.143437,-0.057933,0.121287,-0.056881,-0.011603,0.412421,-0.163584,-0.081933,0.083325,-0.304712,0.041428,-0.213138,0.106018,-0.14164,0.096657,0.055753,-0.042623,-0.122932,0.185367,0.190417,-0.497141,0.012956,-0.301593,0.251521,0.022036,0.102949,-0.225991,-0.025801,0.074806,0.11824,-0.237898,0.077068,0.057664,-0.124233,0.325779,-0.112754,-0.237898,-0.071896,-0.167547,-0.108046,0.032753,-0.055723,0.065873,-0.11739,-0.170648,-0.195087,0.174095,0.144718,-0.450832,0.022896,0.057655,0.162874,-0.231198,-0.169013,0.30203,-0.394985,0.006462,0.062496,0.25655,0.245396,-0.001565,-0.066895,-0.178515,-0.225563,0.020322,-0.449109,0.007312,-0.10358,0.056806,-0.055723,0.045663,0.164572,-0.283941,-0.072241,0.307815,-0.237848,0.081229,-0.072211,-0.106454,-0.225307,0.159254,-0.094741,-0.021783,0.091985,-0.095705,-0.308053,-0.518566,-0.166235,-0.3276,0.381385,-0.171493,0.068451,0.074517,-0.006905,-0.238476,0.555841,-0.017169,0.005102,0.072796,-0.008055,-0.164677,-0.358654,-0.035342,0.066347,-0.002743,0.335053,0.094784,-0.210987,-0.180433,0.15012,-0.102154,0.366941,-0.238669,-0.233753,-0.14433,-0.068087,0.068062,-0.056791,-0.21211,-0.163322,0.430116,-0.17073,-0.023786,0.039397,0.045315,0.012679,0.195143,-0.122216,-0.16105,0.020312,0.180748,-0.22001,0.177412,0.016664,0.375178,0.254773,0.321618,0.295571,0.325841,-0.256095,0.026344,0.113831,0.15887,-0.021658,0.146159,-0.116073,0.330053,0.069512,-0.045134,0.055149,0.13705,0.19082,0.163296,-0.11014,-0.014521,0.004225,-0.064433,0.146044,0.127233,0.299532,0.159724,0.015025,-0.12904,0.188039,#
13,0.373759,0.490861,-0.007155,-0.34713,0.161455,0.329186,0.310169,-0.356349,0.248083,0.179914,0.098405,0.16085,0.031464,1.0,0.329753,0.289618,0.120124,0.048565,0.17257,-0.404288,-0.115438,0.169349,0.233169,-0.306654,-0.215528,-0.284437,0.155653,-0.155507,0.075947,0.217979,-0.615009,-0.066494,-0.355698,-0.111788,-0.182566,-0.050801,-0.045573,0.106303,0.3182,-0.001176,-0.002346,0.222949,-0.066697,0.209417,-0.267765,-0.252642,0.234786,0.026849,-0.057077,0.186703,-0.029071,-0.434101,0.195853,-0.23239,-0.103387,0.217474,-0.211677,0.522422,0.131818,0.430191,0.271589,0.30371,0.019361,-0.029706,-0.123221,0.1582,-0.240511,0.222208,0.420436,-0.009834,0.32073,0.060511,-0.240511,0.094413,0.011903,0.237511,-0.284383,-0.322935,-0.582819,-0.142361,-0.172652,-0.344362,-0.176332,0.2802,0.181054,0.188545,-0.062875,-0.186143,-0.279071,-0.198423,-0.218408,-0.246826,-0.228819,0.345057,-0.111487,-0.01844,0.382689,-0.202189,0.040522,-0.349043,0.338444,-0.262084,-0.323363,0.100392,0.240691,-0.319923,-0.222955,-0.169133,0.052445,0.028052,-0.051498,0.073248,-0.257479,0.090555,-0.081384,-0.169993,-0.459349,-0.071228,0.109515,-0.241438,-0.09646,-0.3256,-0.298346,-0.265103,-0.080848,0.044206,0.116015,0.166256,-0.346807,-0.442901,-0.232285,0.067403,-0.456493,-0.315219,-0.081582,-0.325875,-0.166486,-0.150584,0.205551,-0.245574,-0.321891,0.030912,-0.34362,-0.42953,-0.082405,-0.548436,-0.125531,0.299729,-0.406532,0.053986,-0.32847,-0.41742,0.193718,-0.198288,-0.175456,-0.102593,0.386824,0.287569,0.170934,-0.120204,-0.191797,-0.430837,0.437605,0.269588,-0.027949,0.322855,-0.183209,-0.189215,-0.279321,-0.265103,-0.130509,-0.006999,-0.062161,-0.038324,0.097872,-0.250874,-0.000948,0.064069,0.312127,0.142479,0.749026,-0.329806,0.163781,0.502395,-0.003289,-0.264512,0.615783,-0.008209,-0.31475,0.402979,-0.236921,0.002587,0.110594,0.249233,-0.033905,-0.037304,-0.309905,-0.304607,-0.218284,-0.179608,#
14,0.453279,0.412253,-0.331963,0.120451,0.149349,-0.028045,0.134734,0.10226,-0.103116,0.260217,0.036789,0.213726,0.016986,0.329753,1.0,0.247249,0.013526,-0.089455,0.048744,-0.12137,-0.143382,-0.088013,0.135615,-0.196838,0.073141,-0.080536,0.285896,0.052906,-0.091845,0.317786,-0.288535,0.03864,-0.298819,-0.179204,0.026829,0.014101,-0.277629,0.196272,0.082825,0.453616,-0.211259,-0.211102,-0.309236,-0.021626,0.216535,-0.480573,0.138809,0.189714,-0.15679,-0.116471,0.075721,-0.309614,-0.133662,-0.243529,-0.259484,0.172066,-0.317751,0.032094,0.118125,0.113198,-0.288423,0.623168,-0.154081,0.179423,-0.376742,0.075364,0.101026,-0.094798,0.315403,-0.088236,0.307041,0.121373,0.101026,0.21644,0.248848,0.207181,-0.289577,-0.207247,-0.399757,0.077711,-0.047116,-0.352288,-0.229468,-0.044112,-0.133674,0.014287,-0.546166,-0.19696,0.118484,-0.049865,-0.054643,-0.192894,0.037153,0.015015,-0.268135,-0.230721,-0.1216,-0.037254,-0.319248,-0.235365,0.187401,-0.256415,0.266387,0.000476,0.140071,-0.207247,-0.045195,-0.506823,0.176703,-0.16233,-0.106103,0.095063,-0.230567,0.233149,-0.391675,-0.047754,0.187869,-0.158746,-0.106978,-0.303637,-0.229042,-0.067063,-0.44559,-0.175638,0.243509,-0.100086,-0.141774,0.347095,0.000408,-0.150228,-0.140755,-0.298935,-0.040426,-0.182796,-0.210557,-0.220674,-0.139864,-0.205229,-0.091033,-0.070793,-0.209253,-0.199094,-0.036028,-0.491433,-0.210218,-0.211922,0.002703,0.226244,-0.123451,0.185965,-0.263307,-0.167957,-0.256127,-0.273464,-0.158199,0.181709,-0.042509,0.092333,-0.125185,-0.107609,-0.179751,-0.153091,0.129121,0.069423,0.17166,0.07458,-0.227327,-0.011325,-0.166387,-0.513658,-0.023603,-0.07453,-0.228569,-0.325308,-0.092224,0.005352,-0.342429,-0.001789,-0.058589,-0.303143,0.244173,-0.229832,0.031761,0.191184,0.109979,-0.179327,0.323658,0.045078,-0.142391,-0.07118,0.085998,0.117772,-0.103182,0.06288,-0.20943,-0.123761,-0.163051,0.006505,-0.027337,0.069136,#
15,0.347958,-0.111914,-0.069537,-0.090643,0.258644,0.303081,0.110429,0.090111,0.204914,0.189798,0.24529,0.378574,0.164547,0.289618,0.247249,1.0,0.069194,-0.288196,0.049314,-0.326693,0.13544,-0.294921,0.134982,-0.460099,-0.102307,-0.260704,0.194021,-0.210365,0.451216,0.339406,-0.388207,0.519925,-0.385877,-0.333273,0.202475,-0.098008,-0.151254,-0.066849,0.598222,0.28139,-0.064277,-0.077536,-0.016707,-0.207093,0.242921,-0.128978,0.067286,0.003538,-0.112942,-0.146693,0.449002,0.06786,-0.03808,0.201462,-0.156931,0.212254,-0.444642,0.229911,-0.367673,0.208239,-0.145397,0.040229,-0.408229,-0.008651,0.023787,0.040484,0.302213,0.328745,0.498624,-0.297127,0.025574,0.388656,0.020648,0.181771,-0.279734,0.286534,-0.222243,-0.404806,-0.218959,-0.114656,-0.247022,-0.283711,0.251554,0.394667,-0.182591,-0.065568,-0.358481,-0.272685,-0.379354,-0.12147,0.047606,-0.552454,-0.286202,-0.053212,-0.337232,-0.054487,0.053688,-0.289767,-0.36293,-0.244291,0.332347,-0.1818,-0.114557,0.067218,-0.093259,-0.417492,0.045755,0.259602,-0.34252,0.1498,-0.497174,0.326069,-0.205572,0.008694,-0.36891,-0.411614,0.08896,-0.093033,-0.089704,-0.269527,-0.5309,-0.035874,-0.256141,-0.022167,-0.072112,-0.042246,-0.241131,-0.026246,-0.389726,-0.399949,-0.395186,-0.18654,-0.394846,-0.24325,-0.369661,-0.086701,-0.180611,-0.249873,0.053376,-0.188936,-0.570589,0.206189,-0.15117,-0.247556,-0.247699,-0.278998,-0.06846,0.469324,-0.396142,-0.192751,0.11918,-0.567971,-0.200108,-0.606612,-0.296911,-0.189131,-0.021938,0.233674,-0.379894,-0.519925,-0.491654,-0.351249,0.203786,-0.133718,-0.122158,-0.239117,-0.55839,-0.09362,-0.011421,-0.336195,0.276496,-0.018185,-0.118869,-0.195058,0.352119,-0.195924,-0.242461,0.17155,0.07833,0.110873,0.350887,-0.076769,0.018155,0.392877,0.056244,0.033618,0.322859,-0.106412,0.077559,0.350619,-0.399898,0.252695,0.352628,0.343525,-0.194548,0.255376,0.071048,-0.367306,-0.034133,0.077919,#
16,0.145258,-0.315375,-0.115316,-0.066788,0.132888,0.120093,-0.081729,-0.179803,-0.298802,-0.207185,0.584973,-0.234436,0.335903,0.120124,0.013526,0.069194,1.0,-0.393606,-0.034013,-0.099786,-0.004232,0.113823,-0.213642,-0.062655,-0.385074,0.228238,0.095814,0.289609,-0.045648,0.058704,-0.229436,0.178323,-0.244872,-0.012872,0.208317,-0.207301,0.074334,0.116974,0.000639,-0.183046,-0.455381,0.128223,-0.107262,0.138415,-0.098979,-0.147024,-0.158536,-0.373747,0.252195,0.07594,0.059161,0.243188,-0.280675,-0.159214,0.480668,0.037085,-0.080656,0.060679,0.223623,0.125508,-0.092426,0.014251,-0.007433,0.071491,0.241057,-0.225098,-0.165574,-0.186007,0.079964,-0.505452,0.289786,0.115069,-0.165574,-0.113619,0.00879,0.181601,-0.232355,0.137989,-0.149227,0.001837,-0.255789,0.121066,-0.067122,0.15782,-0.635484,-0.17838,-0.127443,0.155189,-0.323589,-0.186008,0.214563,-0.22969,0.2536,0.219289,0.147406,0.112644,-0.182653,-0.219442,0.043196,-0.24712,0.313452,-0.129667,-0.033078,-0.315428,-0.097566,-0.050851,0.223843,0.086509,-0.210291,0.198801,-0.10888,-0.16554,-0.160532,-0.108765,-0.141946,-0.043648,-0.191449,0.180959,-0.198713,0.241352,-0.331282,0.304881,-0.080775,0.193914,-0.130118,-0.048116,-0.169678,0.067924,0.021331,-0.145461,0.089047,0.279039,-0.278123,0.237231,-0.164733,-0.071934,-0.114614,-0.067122,-0.515033,0.227674,-0.06054,0.080591,0.175601,0.013038,-0.318998,0.028088,-0.23223,-0.116622,0.082246,-0.003089,-0.327755,-0.048897,0.092919,-0.176148,-0.280996,-0.213281,0.269185,-0.278084,-0.162426,0.138607,-0.007657,-0.216002,0.366838,-0.108765,-0.482463,0.228813,0.322343,-0.033106,-0.232203,-0.214706,0.359226,0.14779,-0.001059,0.355169,0.287235,-0.263978,-0.038464,0.397926,0.348355,0.452967,0.277016,-0.036822,0.378826,0.103135,0.060977,-0.025771,0.056954,0.229117,0.273518,-0.109663,-0.188678,0.150438,-0.093959,-0.093579,0.066742,-0.200019,0.102636,-0.112565,-0.344375,0.004754,#
17,-0.107,0.393072,0.315086,0.351695,-0.185094,0.034314,-0.125053,0.048553,0.213908,-0.033544,-0.221767,-0.085864,-0.348497,0.048565,-0.089455,-0.288196,-0.393606,1.0,-0.466341,0.232453,0.021704,-0.00967,0.032934,0.207531,0.247085,0.097988,-0.326786,0.124483,0.069405,0.055732,0.05222,-0.176975,0.316802,0.17772,-0.14299,0.19763,0.077557,0.03842,-0.128391,-0.089465,0.227058,-0.119273,-0.049085,0.008221,0.138081,0.12063,0.041977,-0.120843,-0.104554,0.112514,0.086639,-0.02164,0.12538,-0.026002,-0.242413,0.153429,0.293538,0.324965,0.237808,-0.091056,0.255568,0.026452,0.405102,-0.130518,-0.128686,0.070651,0.127835,0.039572,-0.187667,0.021427,-0.154768,-0.240978,0.201871,-0.100097,0.044942,-0.250307,0.235087,0.250119,0.006738,0.438312,0.546881,0.286828,0.05986,-0.140687,0.479361,-0.20872,0.37531,-0.107898,0.35492,0.165913,-0.255457,0.124993,-0.069504,-0.011027,-0.067345,-0.168405,0.05676,0.363607,0.470541,0.175792,0.01778,0.353011,0.269031,0.337329,0.199826,0.186149,-0.28822,-0.178763,0.289427,-0.001528,0.16816,0.202071,0.19127,0.471519,0.364419,0.165622,0.125553,0.113333,-0.096186,-0.040766,0.542033,0.053579,0.184601,-0.068243,0.444676,0.064507,0.492006,0.255868,-0.30657,0.307659,0.06098,-0.132534,-0.083365,-0.203863,0.021465,0.184636,-0.295878,0.176707,0.38771,-0.281249,0.228659,-0.14954,0.194201,0.078808,0.193557,-0.326394,-0.112253,-0.183945,0.281436,0.165357,0.019255,-0.055367,0.050662,0.122211,0.297113,0.112281,-0.018127,-0.024983,0.069529,0.232345,0.070065,0.333792,-0.29375,0.26723,0.475674,-0.070153,0.050359,-0.194909,0.004776,0.307378,-0.375455,-0.348832,0.04285,-0.044587,-0.247354,0.322831,-0.073269,-0.022864,-0.156756,-0.270901,-0.095503,0.174146,-0.197049,-0.376712,-0.162082,-0.192695,-0.319876,0.080627,-0.064351,0.228354,0.074201,0.030298,0.236144,0.053577,0.174965,-0.062423,-0.188324,0.235741,0.070849,-0.260636,#
18,0.191104,0.141952,-0.319346,-0.435826,0.338701,0.151211,0.287242,-0.341428,0.188758,0.219059,-0.017665,0.043868,0.152872,0.17257,0.048744,0.049314,-0.034013,-0.466341,1.0,-0.196261,0.262423,0.032084,0.335879,0.044417,-0.181257,-0.4104,0.399564,-0.016193,-0.181162,0.198223,-0.22272,-0.280537,-0.231439,0.04472,-0.254118,-0.307416,0.013015,-0.38169,0.06109,-0.096213,-0.05389,-0.029482,-0.190948,0.106069,-0.311336,-0.153108,0.100374,0.112614,-0.254698,0.129621,-0.010479,0.034945,0.283817,-0.222964,0.049932,0.18654,-0.21248,-0.160124,-0.148335,0.335069,-0.155664,0.281324,-0.160112,-0.173715,-0.029967,0.028022,-0.468892,0.094707,-0.04976,0.247651,0.2392,0.240496,-0.189184,0.38521,-0.218833,0.239772,-0.213233,-0.411471,-0.119635,-0.302416,-0.443556,-0.351024,-0.241652,0.472506,-0.114736,0.071089,-0.115809,-0.09972,-0.162603,-0.238217,-0.239741,-0.197049,0.008858,0.079355,0.121432,0.143831,-0.049412,-0.435837,-0.488154,0.104396,0.04831,-0.103999,-0.482513,0.105785,-0.140553,-0.393679,-0.206188,-0.000357,-0.121382,0.221401,0.048292,-0.118858,-0.138405,-0.406908,-0.497679,-0.400344,0.002533,-0.18566,0.221881,-0.280553,-0.341537,-0.382122,-0.311687,-0.417555,-0.25032,-0.236652,0.204847,-0.15529,0.080245,-0.519626,-0.330508,-0.001717,-0.012028,0.043412,-0.126859,-0.255593,0.168273,-0.56989,-0.177795,-0.255529,-0.255303,-0.133152,-0.625006,-0.296558,-0.181379,-0.058401,-0.045629,0.336402,-0.330231,-0.122002,0.258127,-0.205766,0.167076,-0.175074,-0.346495,-0.277671,-0.100156,0.366455,0.123575,-0.250072,-0.272032,-0.344988,0.113375,-0.008953,-0.219588,0.091342,0.103123,0.170885,0.044184,-0.129787,0.161392,0.312831,-0.123489,-0.17212,0.341776,-0.447733,0.100038,0.117775,0.363536,0.161787,0.413174,-0.070117,0.220582,0.447317,-0.061673,0.473837,0.500436,0.127682,-0.290353,0.210942,-0.132914,-0.021892,-0.18139,0.179232,-0.16148,0.388956,0.220096,-0.071521,0.359275,0.218434,#
19,-0.260959,-0.136227,-0.267991,0.265427,-0.251037,-0.086194,-0.074888,0.239773,-0.009003,-0.326803,-0.211003,-0.414979,0.060587,-0.404288,-0.12137,-0.326693,-0.099786,0.232453,-0.196261,1.0,-0.112313,-0.069276,-0.314055,0.572237,0.238686,0.142046,-0.094853,-0.029562,-0.369227,-0.183722,0.441755,0.015304,0.063199,0.522842,-0.240202,-0.085119,0.498659,0.178329,-0.091801,-0.143931,0.134921,0.050595,0.137005,-0.230524,0.062463,0.188704,0.172377,0.111951,0.054943,-0.388418,-0.173866,0.32365,-0.055948,-0.220196,-0.196528,-0.098578,0.319207,-0.269829,0.264491,-0.232031,0.041817,-0.200339,0.3559,-0.059989,-0.13556,-0.142814,0.323024,-0.168453,-0.212803,0.171707,-0.049172,-0.423982,0.0252,-0.133517,0.094182,-0.085469,0.789831,0.269378,0.507956,0.437737,0.415659,0.417155,0.268904,-0.459711,0.233547,0.27474,0.173004,0.06203,0.325753,0.372999,0.079305,0.377167,0.436733,-0.047382,-0.166296,0.133955,0.041227,0.218086,0.268765,0.412386,-0.255876,0.326604,0.261291,0.049953,0.319333,0.424215,0.058613,-0.000981,0.339387,-0.369164,0.236533,0.019581,0.677742,0.19161,0.326273,0.100184,0.440071,0.25536,0.079416,0.088851,0.509671,0.159523,0.278569,0.336295,0.057839,0.461236,0.269161,0.304818,0.274446,0.605247,0.241595,0.309635,0.25559,-0.020318,0.337995,0.274706,-0.180786,0.090807,0.153186,0.089236,0.267327,-0.052559,0.536528,0.449286,0.449035,0.348612,-0.061488,-0.336864,0.428477,0.349452,-0.101612,0.548061,0.173036,0.092449,0.549291,0.654532,-0.002513,-0.252727,0.055785,0.311769,0.163937,0.511263,-0.266537,0.169406,0.227112,0.075522,0.275134,0.348789,0.014904,0.352828,-0.271085,0.15734,0.221176,0.035426,-0.447233,0.191442,-0.013766,-0.321057,-0.231017,-0.004672,-0.301234,0.102922,-0.150911,-0.430145,-0.132459,0.255406,-0.346067,0.449007,-0.10324,-0.374568,0.459697,-0.241481,-0.295376,-0.298793,0.135669,-0.259091,-0.10671,0.496312,-0.130476,-0.273825,#
20,0.107157,0.150281,0.078513,-0.084593,0.306444,0.022931,0.19295,-0.331188,-0.027116,0.18793,0.228518,0.251505,0.21955,-0.115438,-0.143382,0.13544,-0.004232,0.021704,0.262423,-0.112313,1.0,0.202427,-0.027426,-0.124491,-0.136495,-0.120864,0.053453,0.246691,0.50248,0.268816,-0.293505,-0.025931,0.170746,-0.004412,-0.02023,-0.273677,-0.293617,-0.490488,-0.19455,0.166376,0.320897,-0.238825,0.015753,0.189133,0.18133,-0.072528,-0.468158,-0.309596,-0.446868,0.183084,0.0854,0.270019,-0.145324,-0.206395,0.142793,0.329475,-0.136224,-0.141791,-0.265875,0.32087,0.061351,0.161496,0.084265,-0.083675,0.378975,-0.145847,-0.21859,-0.200281,-0.233427,-0.112292,-0.049544,0.256655,-0.21859,-0.002787,-0.325761,-0.069478,-0.117168,0.122813,-0.074622,-0.136203,-0.236704,-0.175197,0.06722,0.384055,-0.207645,-0.225364,0.247633,-0.454859,-0.229898,-0.278059,0.023382,-0.236529,-0.114534,-0.064174,-0.030995,-0.100295,-0.272477,-0.237592,-0.41047,0.128365,0.142291,0.089645,-0.140445,-0.005603,-0.121809,0.122813,-0.186576,-0.11638,-0.361818,0.454549,-0.130705,0.114634,-0.240982,0.046097,-0.43815,-0.241513,0.171355,0.003347,-0.113605,-0.122293,-0.240696,-0.256502,-0.180617,-0.18775,-0.006133,-0.178797,0.224863,-0.462811,-0.148034,-0.360526,-0.428866,-0.078219,0.013617,0.140048,-0.435966,0.106478,-0.151312,-0.434252,-0.303984,-0.433874,-0.418797,-0.133733,-0.252072,-0.012968,-0.297481,-0.064025,0.10971,0.321241,-0.001309,-0.437549,0.435995,-0.3851,-0.266173,-0.135649,-0.368721,-0.379444,0.063134,0.239683,-0.20699,-0.307775,-0.29126,-0.190086,-0.10926,-0.182811,-0.405424,-0.284657,-0.226065,0.115402,0.174224,-0.005489,0.28432,0.329365,-0.116315,0.178448,0.506131,-0.404266,0.070156,0.451272,0.262323,-0.00259,0.198736,0.036796,0.268618,0.091176,0.357009,0.112388,0.02967,0.25183,0.126366,0.427283,-0.371529,0.382556,0.497657,0.14314,0.077997,0.189219,0.49662,0.102971,0.346424,0.241469,#
