0,1.0,0.273576,0.031342,-0.25822,0.207346,0.130465,0.031806,0.303725,0.237579,-0.062174,-0.25989,0.139995,0.254541,0.477829,-0.013771,-0.232649,0.082196,0.264563,0.182747,-0.167968,-0.089388,-0.073061,0.317556,0.080336,-0.190992,-0.396799,0.011622,-0.072072,0.230624,0.22551,-0.306503,0.05499,0.228218,-0.326494,-0.216396,-0.020564,-0.159873,0.081066,0.045261,0.078177,0.102151,0.18323,-0.004472,0.293652,-0.152027,-0.430449,0.301159,0.247909,-0.193536,-0.003422,0.052633,0.085776,0.141191,-0.043018,-0.173809,0.024132,0.045823,-0.170788,0.084502,0.244182,0.178804,0.19778,-0.089666,0.018728,0.12405,0.439821,0.101339,0.296836,0.219924,-0.076562,0.001224,0.075362,-0.326447,0.199631,-0.102912,0.26684,0.073093,0.064558,-0.023576,0.003846,-0.166148,0.023499,-0.102953,0.251925,-0.158494,0.032717,-0.014918,0.016334,0.245201,-0.293308,-0.428335,-0.124058,-0.161854,0.359781,0.110979,-0.190728,0.166907,-0.006199,0.012931,-0.277933,0.054946,-0.302301,0.051157,0.058345,-0.15267,0.120855,-0.142147,-0.179463,-0.26828,-0.074361,0.354422,0.087181,-0.023576,-0.07188,-0.356248,-0.245954,-0.216144,-0.061699,0.10557,-0.339514,-0.099142,-0.289338,-0.289129,-0.224438,-0.278562,-0.034599,-0.238173,0.044721,-0.023955,-0.420536,-0.072163,-0.138569,-0.029318,0.162955,-0.060556,-0.167955,0.340792,-0.285323,-0.299045,-0.079211,0.177953,-0.590536,-0.46597,-0.097213,-0.097251,-0.044918,-0.352412,0.165701,-0.053898,-0.164082,-0.12538,-0.214559,0.016292,-0.051211,-0.313199,-0.194786,0.417996,0.171666,-0.306989,0.208046,-0.330448,0.166371,-0.29701,0.062088,0.005729,-0.08185,0.144573,-0.018196,-0.254449,-0.244634,-0.066781,0.197099,-0.172854,0.022715,0.302277,0.069431,0.090689,-0.149816,0.367798,-0.585482,-0.142535,0.0165,-0.161184,0.054041,0.363171,-0.174776,0.168512,0.194809,-0.205,0.42556,0.107257,-0.175321,0.317674,0.11863,-0.047589,0.195524,0.205644,-0.37178,-0.295944,0.149383,#
1,0.273576,1.0,0.08563,-0.108214,0.257701,-0.186075,0.291188,0.168333,0.131127,0.256976,-0.260377,-0.015062,0.36256,0.375075,0.274393,-0.048706,-0.283489,0.447588,0.414265,0.365495,0.269072,0.361759,0.259733,0.081519,-0.535632,0.012421,0.352067,0.00718,0.333458,0.503073,-0.671614,0.105264,0.376379,0.006167,-0.04302,-0.273015,-0.008511,-0.031623,-0.063679,-0.1112,-0.058054,0.433868,-0.031542,0.055629,-0.287217,-0.436917,0.382007,0.446796,0.199252,0.329142,0.399531,-0.110642,-0.085408,0.031275,0.15022,-0.013972,-0.349247,-0.069979,-0.109117,-0.16842,0.231145,0.393536,-0.233158,0.514727,0.030251,0.311004,0.139293,0.421735,0.324801,-0.028886,-0.083975,-0.130896,0.02025,-0.170615,-0.076169,0.290895,-0.299147,-0.14889,-0.308464,-0.434444,-0.401597,-0.23779,-0.452714,-0.087132,-0.315316,-0.051814,-0.309599,0.084024,-0.155511,0.078602,-0.050784,-0.244135,-0.523012,0.2128,-0.302516,0.204688,0.424067,-0.198071,0.065313,-0.237963,-0.112229,-0.436782,-0.697957,-0.151339,-0.701833,-0.226339,-0.563211,-0.336498,-0.502219,-0.156333,0.428471,0.039514,-0.019358,-0.40911,-0.17015,-0.097677,-0.259233,-0.26447,0.170765,-0.338708,-0.234169,-0.135144,-0.228769,-0.587088,0.05833,0.040618,-0.346827,-0.147096,-0.086451,-0.139769,-0.227492,-0.300833,-0.301188,-0.074467,-0.159105,-0.148196,0.01368,-0.151844,-0.015007,-0.193407,-0.191352,-0.035679,-0.43648,-0.09285,-0.321569,-0.232546,-0.18449,0.325688,-0.355261,-0.376698,-0.196365,-0.251815,0.026445,0.033611,-0.323664,0.122566,0.433757,0.337162,-0.169359,0.131746,-0.172007,-0.165706,-0.109913,0.305148,-0.153479,0.490948,-0.002302,0.221421,-0.236078,0.202998,-0.538121,0.056247,0.021536,-0.279759,0.545458,0.123015,-0.06372,-0.055766,0.224994,-0.251475,-0.010506,0.138112,-0.136713,0.02317,0.257408,-0.001789,0.102986,-0.087237,-0.180916,0.475338,-0.041491,0.405591,0.202649,0.060804,-0.142764,-0.175209,0.50984,-0.411806,-0.285159,0.152501,#
2,0.031342,0.08563,1.0,0.355943,0.340648,-0.446087,0.033845,-0.089736,-0.192725,0.204814,-0.203774,-0.120028,0.103905,-0.052845,-0.123975,-0.54765,-0.215675,0.180563,0.024546,-0.094006,0.178958,-0.227528,0.219632,-0.137773,-0.191703,0.053607,0.293269,-0.420792,-0.375884,0.276331,-0.113799,0.075467,-0.174595,0.216949,-0.284608,-0.32579,0.124821,-0.162533,0.485001,-0.16212,0.021354,0.178685,0.014063,-0.189526,-0.110048,-0.073562,0.069847,0.322491,-0.204047,-0.147784,-0.175068,0.194426,0.006015,0.202226,-0.016229,-0.294852,-0.320487,0.02681,-0.436786,-0.310432,-0.071408,0.090451,-0.490022,-0.077875,-0.236115,0.114798,-0.32496,0.002683,-0.025336,0.188087,0.080573,0.064962,-0.004342,0.131362,-0.122006,0.147025,-0.202792,-0.18891,-0.222309,0.30285,0.028379,0.189267,-0.0086,0.177748,-0.028536,-0.107835,-0.038799,0.226971,-0.031867,-0.115896,-0.261153,-0.142246,0.036581,0.03793,-0.363941,0.000126,0.222578,0.304019,0.182475,-0.120388,-0.177327,-0.119907,0.05054,0.14396,-0.296262,-0.09866,-0.022063,0.111067,-0.046385,0.281836,0.226326,-0.000453,-0.067228,-0.125804,0.276197,0.064585,-0.276009,-0.329786,0.280616,-0.367821,-0.280226,-0.197807,0.231069,-0.13617,-0.289497,0.163556,-0.398358,-0.258369,0.063287,0.190189,0.365398,-0.301666,-0.353756,-0.091878,-0.048984,0.006685,0.403043,0.277324,0.319901,-0.083118,0.179809,0.271829,0.060769,-0.512368,-0.040597,0.354661,0.118774,0.367579,-0.243919,0.080284,-0.611601,0.03999,0.483862,-0.201811,-0.024888,-0.104809,0.309351,0.117957,0.117753,-0.124724,-0.045381,0.162055,0.418695,0.001151,0.134479,-0.056637,-0.452484,-0.195054,0.052322,-0.009433,0.017819,-0.106005,0.123461,-0.041688,-0.051929,0.036889,0.062971,-0.109959,-0.059009,0.037736,-0.117804,-0.179178,-0.205041,-0.083312,0.045165,0.250261,-0.093721,-0.367799,-0.28125,0.192064,0.226843,0.186044,-0.033871,0.192015,0.15467,-0.597476,0.017399,0.039366,0.251077,-0.037581,#
3,-0.25822,-0.108214,0.355943,1.0,0.123174,-0.273881,-0.25926,-0.260967,-0.274819,0.181642,0.408257,-0.052489,-0.101622,-0.426422,-0.143137,-0.044971,-0.03421,-0.017376,-0.096224,0.065323,0.069467,-0.380675,-0.001141,-0.158699,0.07503,0.352248,0.037865,-0.189533,-0.285646,-0.175159,0.345658,0.209045,-0.416138,0.229673,-0.094214,-0.516582,-0.093493,-0.093425,0.251292,0.191058,-0.060036,0.016285,0.271486,-0.394241,0.232347,0.077857,-0.157806,-0.241576,-0.066378,-0.301138,-0.233321,0.220558,0.00343,0.376217,0.02409,0.122325,-0.077766,0.050165,-0.137085,-0.196417,-0.222236,0.162583,-0.04557,-0.258948,-0.195637,-0.349802,-0.162895,-0.155334,-0.380431,0.447915,0.013255,0.470562,0.241117,0.456192,0.095367,-0.159539,-0.220797,-0.204689,0.132208,0.364726,0.028036,0.288455,0.201539,-0.006355,0.126458,-0.084017,-0.036452,0.160055,-0.014904,0.29753,0.21105,0.275681,0.213221,-0.265589,0.03815,0.353952,0.080089,0.109,-0.076815,0.314199,0.059686,-0.153933,0.500519,-0.008403,-0.00421,0.160272,-0.058637,0.369387,0.159719,0.283942,-0.237632,-0.205754,0.132208,0.141336,0.04503,-0.02336,0.361054,0.084605,0.105351,0.129658,0.305287,0.055816,0.323208,-0.046605,0.034506,0.18167,-0.207048,-0.246345,0.35892,0.292619,0.616593,-0.019702,-0.252184,-0.252889,0.132664,0.353784,-0.038859,0.19959,0.127846,0.127122,0.28187,0.452157,0.30386,-0.251135,-0.075756,0.311293,0.137453,-0.276101,0.020634,0.430856,-0.333023,0.26973,0.156114,0.038091,0.436893,-0.009131,-0.24407,-0.396378,0.267429,-0.005071,-0.486911,-0.184632,0.296697,-0.358289,-0.165013,0.063589,0.217293,-0.090511,-0.03554,0.056298,-0.01134,-0.194244,-0.294506,0.076519,-0.229897,-0.190472,0.073739,0.051229,-0.344526,0.521005,-0.348232,0.05216,-0.118041,0.010039,-0.055247,-0.15502,0.048583,-0.281897,0.186673,-0.379672,-0.095992,0.017079,-0.234405,0.038171,-0.087006,-0.380482,-0.246804,0.273268,-0.130627,-0.209312,#
4,0.207346,0.257701,0.340648,0.123174,1.0,-0.093379,0.213411,0.0558,-0.023465,0.199239,0.043605,0.042256,-0.055,-0.0114,0.245921,-0.516183,0.287995,0.084741,-0.380836,-0.097227,-0.162391,0.185099,0.090997,0.394712,-0.372377,0.05089,0.241716,-0.259684,-0.151994,0.294753,0.004738,-0.099833,0.094702,-0.032277,-0.418242,-0.008408,-0.228045,-0.322529,0.297131,0.343243,-0.29227,0.068083,-0.196181,0.036945,-0.11341,-0.074318,0.060226,0.183399,-0.268162,0.12633,0.156093,-0.340688,0.011415,-0.040818,0.45897,-0.395916,-0.529253,0.356445,-0.299631,-0.200139,-0.061507,0.103398,-0.23072,0.151294,-0.054303,0.223492,0.055668,0.121437,0.098616,-0.165293,-0.225178,-0.227323,0.231965,-0.096022,-0.168198,0.175789,-0.227436,-0.358345,-0.250503,-0.208963,-0.344381,-0.007611,-0.363223,-0.030122,-0.244482,-0.470604,-0.216428,-0.136275,-0.255883,-0.318811,-0.317399,-0.172515,-0.13925,0.003761,-0.21847,-0.191194,0.034263,0.438925,0.16927,0.168643,-0.127895,-0.295385,0.02769,0.10542,-0.2947,-0.464516,-0.331788,-0.239628,-0.078837,0.29976,0.040519,0.020493,-0.275986,-0.306773,-0.112295,0.007488,-0.133832,-0.52324,-0.188205,-0.065852,-0.476272,-0.233943,-0.126568,-0.142858,0.021187,-0.181526,-0.406025,-0.379144,-0.451639,-0.007012,-0.162767,-0.30231,-0.423696,-0.43496,0.063169,-0.374809,0.419521,-0.078837,-0.2073,-0.126415,-0.050485,0.153081,0.053574,-0.34592,-0.455546,-0.277909,-0.064571,0.151686,-0.25539,0.052126,-0.112966,0.000175,-0.215898,-0.036739,-0.25408,-0.326667,0.379467,-0.038693,-0.253317,-0.117677,-0.001888,-0.031095,0.216057,0.029366,-0.266102,0.268892,-0.031206,0.297075,0.053966,-0.207578,0.030053,-0.172689,-0.219431,-0.232156,0.14402,-0.251284,-0.310403,-0.437941,0.136521,-0.07573,-0.068564,-0.00188,0.323384,0.421548,0.069043,0.224387,0.081585,-0.256964,0.246722,0.221716,0.020775,0.505996,0.124034,0.17606,0.344876,-0.272626,0.027176,-0.341325,-0.5077,0.305145,#
5,0.130465,-0.186075,-0.446087,-0.273881,-0.093379,1.0,0.115454,-0.009766,0.125998,0.134561,0.270213,-0.019958,-0.225198,0.20708,0.200559,0.270071,0.05603,-0.272728,-0.194675,0.023463,-0.457643,0.103349,0.044413,-0.102522,0.342751,-0.32013,-0.12183,0.473006,0.288146,-0.080461,0.331388,0.25072,-0.275931,-0.092691,-0.068816,-0.017672,-0.127896,0.237938,0.058927,0.074321,-0.184482,0.117855,0.020316,0.329277,0.017352,0.08879,-0.018539,-0.028925,0.183295,0.440326,0.119752,0.042049,0.215512,-0.401025,-0.113858,0.149881,0.229736,0.113146,0.133763,0.298227,0.362245,-7.5e-05,0.183583,0.195175,0.182928,0.098538,-0.078162,0.07484,-0.108201,0.187577,0.04401,-0.371123,0.156408,-0.328378,-0.125003,0.050958,0.234091,0.073693,-0.022977,-0.018314,-0.173306,0.033513,0.042306,-0.078993,-0.013992,0.046955,-0.163908,-0.619657,0.059334,-0.273533,-0.078772,0.032956,-0.170523,0.073951,0.275557,-0.17024,-0.17656,-0.17991,0.057589,-0.289178,-0.216964,0.094406,0.029244,-0.270622,0.344014,0.116183,0.261172,-0.028385,-0.099563,-0.365449,0.07002,0.436793,-0.18359,-0.212323,-0.469816,-0.37893,0.106243,0.099069,0.036207,-0.164161,0.06297,0.025257,0.038894,-0.03703,-0.160317,0.151918,0.161805,0.317622,-0.165913,-0.2394,-0.094415,0.0506,0.147551,0.224384,-0.186235,-0.175255,-0.119991,-0.274887,-0.280482,-0.276553,0.126382,-0.260838,-0.465865,0.189075,0.072694,-0.151278,-0.343741,0.052752,0.377593,-0.191635,0.115974,-0.025755,-0.183565,0.516838,-0.310848,0.239829,-0.083286,0.114502,-0.300845,0.259014,-0.088787,-0.029733,-0.266412,0.032423,0.032895,-0.207094,0.333801,0.165008,-0.053677,-0.208823,0.273428,0.037415,0.188586,0.177505,0.18952,0.094903,0.247864,0.190283,0.228268,-0.031799,0.212708,0.372308,0.022986,0.051079,-0.231802,-0.224904,0.053106,0.216665,-0.12492,0.28703,-0.023064,-0.488209,0.337091,-0.125974,0.031265,0.199059,0.05068,-0.013165,0.009505,0.176981,#
6,0.031806,0.291188,0.033845,-0.25926,0.213411,0.115454,1.0,0.258767,0.291161,-0.073711,0.173421,-0.112164,0.116532,0.128007,0.361126,-0.137683,-0.197581,-0.03862,-0.054772,0.280199,0.155608,0.460649,0.171875,0.055422,-0.199027,0.109205,0.103951,-0.180668,0.053451,0.27679,-0.340394,0.092481,0.080797,0.208692,0.07906,0.055632,0.243228,-0.167488,0.086132,0.143134,-0.100498,0.340808,-0.130263,0.324664,-0.11781,0.012159,0.116793,0.447462,0.223364,0.023716,0.250671,-0.161471,-0.05597,-0.394617,-0.007624,0.22862,0.073746,0.163035,-0.055776,0.396204,0.100996,0.110291,-0.195553,0.173111,0.313247,0.048577,0.035112,-0.124039,0.06064,-0.215861,0.129338,-0.390256,0.21225,-0.222531,-0.448667,0.3603,-0.04094,-0.052082,-0.234494,-0.042111,-0.273071,-0.286086,-0.043316,-0.349564,-0.511269,-0.115015,-0.061526,0.330833,-0.360984,-0.121532,-0.290949,-0.29999,-0.26455,0.35527,-0.376786,-0.199953,0.019014,-0.051558,0.015353,-0.148198,-0.062972,0.060618,-0.136026,0.136209,-0.270923,-0.294514,0.240567,-0.373078,-0.039822,-0.20657,0.361713,0.328019,-0.234494,-0.457779,0.077168,0.20035,-0.118676,-0.186373,0.121104,-0.361627,-0.112282,-0.212149,-0.087738,-0.315022,0.172124,-0.035842,-0.207063,0.320566,-0.406712,-0.016683,-0.149306,-0.309398,-0.195593,-0.067585,-0.029981,-0.023855,-0.045557,-0.033304,-0.102999,-0.284304,-0.242104,-0.193297,-0.106817,0.129351,-0.072935,-0.303447,-0.227992,0.585496,0.108199,-0.442982,0.090709,-0.128388,-0.217724,-0.020331,-0.217843,0.290094,0.216233,0.266533,-0.065687,-0.109452,0.383657,0.135068,0.053022,0.064963,0.104416,0.285803,-0.04373,0.015485,-0.145355,0.179399,-0.136535,-0.120912,-0.037217,-0.078663,0.301847,-0.014984,-0.122169,0.223778,0.453238,-0.39814,0.103211,0.400479,-0.018368,-0.048913,0.226252,-0.084224,-0.069797,0.167036,-0.344344,0.383296,0.192251,0.038168,0.297668,-0.09866,0.272946,-0.088299,0.405322,0.055107,-0.02504,-0.014281,#
7,0.303725,0.168333,-0.089736,-0.260967,0.0558,-0.009766,0.258767,1.0,0.110887,-0.192458,-0.258646,0.150343,0.142155,0.197372,0.026549,-0.069598,0.056009,0.062584,-0.108366,0.028493,0.105319,0.480417,0.048787,0.269434,-0.419386,-0.025543,0.397873,0.104792,-0.099416,-0.090912,-0.261016,0.359454,-0.013592,-0.085116,0.013977,-0.035238,0.074304,-0.598028,0.012081,0.055304,0.111303,0.064903,-0.035656,-0.039424,-0.16393,-0.002649,0.169002,0.366472,0.039097,0.04009,0.120564,-0.131336,0.183717,-0.42113,-0.356724,-0.086304,0.238786,-0.225991,0.430106,0.319438,0.161559,0.278184,-0.109063,0.229896,0.330178,0.45114,-0.081469,0.077452,0.308606,-0.381293,0.225522,-0.021305,-0.326583,0.038601,-0.293471,-0.005107,-0.090839,-0.105926,-0.351251,0.001038,0.017232,-0.118784,0.06591,-0.256484,0.008021,0.238142,0.004564,0.06658,0.0672,-0.113967,-0.0757,-0.296068,-0.012579,0.066815,-0.238696,-0.148623,-0.144903,0.004894,-0.284242,-0.302696,0.103037,-0.081713,-0.130367,-0.118558,-0.33404,-0.037942,-0.111526,-0.263414,-0.103569,-0.235037,0.245623,0.105317,-0.351251,-0.065472,0.04398,-0.04449,-0.223584,0.269663,-0.204878,-0.203048,-0.09969,-0.29869,0.073402,-0.221699,0.001054,0.011109,-0.051866,-0.251486,0.083428,-0.017498,-0.402812,-0.159081,0.316075,-0.190329,0.31431,0.03209,0.152488,-0.248843,0.001439,-0.463049,-0.212685,-0.467,-0.104181,-0.029308,0.097355,-0.137284,-0.51339,0.37873,-0.244368,-0.004768,-0.099522,-0.052239,-0.138989,-0.032057,0.047714,0.262791,0.142408,0.071049,-0.266816,0.244095,0.144172,-0.217655,-0.296661,0.111451,0.230916,0.116006,-0.10926,-0.224747,-0.221301,-0.001908,-0.079204,0.0389,-0.134657,-0.125819,0.18089,-0.09877,-0.09969,0.017957,0.054769,-0.503298,0.042705,0.193792,0.199338,-0.125767,-0.121426,-0.180969,-0.002593,0.024411,-0.00077,0.290051,0.340197,0.008345,0.327529,-0.198241,0.070071,0.338351,0.046374,-0.179385,-0.343549,0.158261,#
8,0.237579,0.131127,-0.192725,-0.274819,-0.023465,0.125998,0.291161,0.110887,1.0,0.282039,0.110325,-0.101002,0.254127,0.393552,0.338031,-0.146362,-0.600322,0.261198,0.351915,0.124228,0.112223,0.289573,0.459324,0.273942,0.050389,-0.248355,0.244141,0.168482,0.52898,0.314762,-0.117009,0.146774,0.402625,0.22409,-0.196052,0.112,0.164947,-0.250147,-0.23362,0.070744,0.106621,0.07486,-0.04608,0.291857,0.118338,-0.423418,0.379236,0.459756,0.184644,-0.094165,-0.096136,-0.14356,-0.030452,-0.064957,-0.087705,-0.099639,0.222019,-0.238864,0.423077,0.107536,0.234429,-0.077114,-0.060022,0.088456,0.068204,0.251809,0.167653,0.000956,0.312419,-0.023852,0.163844,-0.3023,0.073774,0.047019,-0.074634,0.084274,-0.12178,-0.196586,-0.132994,-0.304867,0.116512,-0.387704,-0.121008,-0.274292,-0.129518,0.091375,0.165544,0.129407,-0.202941,-0.045321,-0.099613,-0.04286,-0.670624,0.751313,-0.186246,0.013466,0.108712,-0.17795,0.289464,-0.224943,-0.064144,0.124939,-0.00502,-0.01562,-0.008242,-0.053207,-0.183305,-0.2734,0.022588,-0.276409,0.434369,0.253666,-0.152451,-0.031216,-0.114582,-0.085989,-0.076943,0.016904,0.299736,-0.302004,-0.063653,-0.366547,0.300925,-0.416789,0.187124,0.008204,-0.037419,0.317286,-0.207469,-0.357359,-0.026438,-0.291203,0.166302,0.313941,0.052038,0.213246,-0.221812,-0.132044,0.236153,0.062181,0.04328,-0.369968,-0.40118,0.002888,-0.163962,-0.001824,-0.007079,0.166549,0.07412,-0.199467,0.165361,-0.196583,-0.147068,-0.171495,0.050489,0.137817,0.465191,0.62864,0.038061,0.069484,-0.000866,-0.05773,-0.067704,0.232828,0.000627,0.227586,-0.192348,-0.048552,-0.238176,0.223227,-0.325597,0.384301,-0.143539,-0.332668,0.551839,-0.110341,-0.41875,0.087632,0.234449,-0.577915,0.145001,0.137657,-0.287441,0.021892,-0.027259,-0.01892,0.138087,0.102812,-0.394425,0.148396,0.127657,-0.20528,0.20112,-0.188258,0.20098,-0.042459,0.347244,-0.073699,0.163548,0.046914,#
9,-0.062174,0.256976,0.204814,0.181642,0.199239,0.134561,-0.073711,-0.192458,0.282039,1.0,0.129989,-0.242725,0.292566,0.022515,0.188612,-0.065882,-0.456609,0.354568,0.252132,0.083113,0.03584,0.198929,0.265171,0.223485,-0.01457,-0.001742,0.222671,0.079879,0.007945,0.059475,0.029869,0.115356,0.223192,0.365527,-0.360181,-0.276479,-0.003449,-0.133272,0.075906,-0.24602,-0.033909,0.241848,0.171907,0.04654,0.226953,-0.269677,0.103903,0.399419,0.002331,0.38084,0.049072,0.329678,-0.013052,0.14031,0.044484,-0.219038,-0.125023,0.072418,-0.07516,-0.301151,0.319247,-0.021463,-0.394809,0.227862,-0.204972,0.149255,-0.078944,0.160299,0.051916,0.275859,0.207941,-0.073742,0.175127,0.009821,0.196887,0.019467,-0.098963,-0.446878,0.136952,-0.151751,0.125204,0.029922,-0.104658,-0.107699,0.126389,0.200467,-0.198278,-0.118811,-0.118922,0.042502,0.082996,0.015807,-0.316554,0.185296,-0.076797,0.403382,0.343872,0.14445,0.367204,-0.301258,-0.269184,-0.292923,-0.118484,-0.123007,-0.163759,-0.036378,-0.32337,-0.223429,-0.310981,-0.038953,0.41535,0.120767,0.116969,-0.393735,-0.152787,-0.220249,-0.087884,-0.038955,0.435214,-0.394466,0.091881,0.016032,0.529534,-0.257756,-0.032603,0.351255,-0.235409,-0.082017,-0.056023,0.182319,0.268668,-0.185459,-0.036639,0.209505,-0.026441,0.195484,0.085086,0.060365,0.285825,-0.151358,-0.040746,0.231331,-0.296116,-0.169245,-0.113922,0.296281,0.156356,-0.017141,-0.248603,0.156017,-0.343811,0.140373,0.371661,0.354103,0.015556,0.255355,0.220405,0.445101,0.002792,0.046706,-0.217588,-0.044407,-0.101956,0.36531,-0.158031,0.26265,-0.098361,0.111695,0.113973,0.185387,-0.247862,0.299546,0.365272,0.029822,0.167199,0.047159,0.091881,-0.162602,-0.297532,0.15368,-0.132342,0.135612,-0.343556,0.178535,-0.429335,0.009953,0.03929,-0.21225,-0.292637,0.114533,0.179949,-0.033013,-0.341655,-0.234385,0.092863,-0.661094,0.017418,-0.039956,0.186443,-0.049452,#
10,-0.25989,-0.260377,-0.203774,0.408257,0.043605,0.270213,0.173421,-0.258646,0.110325,0.129989,1.0,-0.096343,-0.432574,-0.218857,0.30827,0.272696,0.026267,-0.505913,-0.123905,0.03595,-0.279438,0.01266,-0.124525,0.056054,0.482649,0.219224,-0.112159,0.048519,-0.048144,-0.303588,0.384919,0.029946,-0.028315,0.098377,-0.037802,-0.094133,-0.153736,0.074313,0.01951,0.373562,-0.131609,-0.213098,-0.116515,0.194751,0.418032,0.101162,-0.308671,-0.290872,0.182873,-0.010683,-0.1881,0.223242,-0.069561,-0.095422,0.107516,0.347707,0.061264,-0.020509,-0.015443,0.213053,0.056163,-0.055057,0.086181,-0.012542,0.031682,-0.357973,0.014966,-0.532052,-0.558066,0.169447,-0.100321,0.043794,0.5779,0.24877,-0.07856,-0.107421,-0.15888,-0.02381,0.186555,0.054305,-0.275427,0.103598,0.446189,-0.373197,-0.255459,-0.25431,0.197144,0.098693,-0.485779,-0.081974,0.11116,-0.072256,0.071615,-0.166577,0.152086,0.07681,-0.227047,0.104386,-0.221483,0.275258,0.013586,0.172699,0.445422,0.156276,0.074718,0.01419,0.049207,0.047698,0.299873,0.191724,-0.343319,0.096668,-0.140748,-0.142803,-0.274055,-0.075218,0.547618,-0.015594,-0.040093,0.371445,0.344552,0.240014,0.256788,0.211294,0.133781,-0.074935,0.061082,0.277219,-0.166542,0.118145,0.138928,0.212363,-0.30845,-0.021794,-0.12034,0.424765,-0.115459,-0.213865,-0.121081,-0.074855,0.049143,0.022893,0.189583,0.021665,-0.072802,-0.061564,0.091125,-0.346317,0.394687,0.211257,0.309759,0.376274,-0.266124,0.113708,0.225003,-0.007332,-0.298806,-0.22113,0.235195,0.16169,-0.243276,0.052469,0.00631,-0.62279,-0.275127,0.062276,0.320339,0.268568,0.193026,-0.082021,0.038728,-0.183021,-0.383764,0.240854,-0.060311,-0.12951,-0.020953,-0.033762,-0.021365,0.240517,0.075429,0.431425,0.155011,0.310907,-0.140189,-0.159294,-0.013861,-0.274752,0.223605,-0.461781,-0.328209,-0.052151,-0.062302,-0.09937,0.032887,-0.210065,-0.056325,0.19698,-0.235504,-0.267546,#
11,0.139995,-0.015062,-0.120028,-0.052489,0.042256,-0.019958,-0.112164,0.150343,-0.101002,-0.242725,-0.096343,1.0,-0.240929,-0.148836,0.15388,0.097718,0.212637,-0.101001,-0.305892,-0.148686,-0.308413,-0.018518,-0.139322,0.044045,-0.228027,0.230176,0.030383,-0.069779,0.062177,0.077483,-0.056592,0.060623,-0.055187,-0.326423,0.315613,-0.074898,-0.597778,0.179318,-0.157633,0.062361,-0.100868,0.170948,-0.375801,-0.285674,-0.174091,-0.134812,-0.222895,-0.377566,-0.176194,-0.011573,-0.434546,0.03318,-0.006732,-0.087871,0.08843,-0.156122,-0.358157,-0.202734,-0.088175,0.240026,-0.227109,-0.01366,-0.18093,-0.232335,0.285203,-0.281606,-0.139062,-0.041299,-0.234781,0.13259,0.006708,-0.210703,0.113184,-0.134367,-0.459994,-0.227704,-0.11855,-0.103775,-0.043787,0.149315,0.137261,-0.134978,-0.110719,0.08266,-0.189255,0.209491,0.137468,-0.120567,0.06425,-0.459994,0.266136,-0.300926,-0.032195,-0.270953,0.109344,-0.159066,0.00661,-0.010327,-0.301463,0.027833,0.025906,-0.28971,0.037692,0.033958,-0.185796,-0.042452,0.21643,0.061174,-0.127966,0.076664,-0.273161,0.115172,-0.371997,0.287847,-0.16827,-0.224018,-0.052703,0.097697,-0.590598,0.13886,-0.110249,-0.140392,-0.440302,0.242991,-0.122994,-0.162833,0.147851,-0.305744,-0.172223,0.13449,-0.243138,-0.172743,-0.012977,-0.170899,-0.199783,0.027347,0.123442,-0.28447,0.064724,0.068709,0.165633,-0.09226,0.069446,-0.351515,-0.280287,-0.063673,0.162256,-0.113081,-0.239088,0.165709,0.068432,-0.404403,0.00299,-0.035743,-0.148977,-0.173034,-0.063801,-0.13409,0.01533,0.267254,0.011639,0.165596,-0.10859,-0.267774,-0.127069,-0.085534,0.111504,0.23229,0.095839,-0.419293,0.413005,-0.103985,-0.188435,0.187324,0.153042,-0.138509,-0.466295,-0.001474,0.026845,-0.067038,0.018005,-0.205863,0.35931,0.189457,0.348472,0.14619,0.149944,0.197698,0.151442,-0.077754,-0.04124,0.142972,-0.170844,0.094504,-0.182744,0.344139,-0.173087,-0.218884,-0.02415,-0.05459,#
12,0.254541,0.36256,0.103905,-0.101622,-0.055,-0.225198,0.116532,0.142155,0.254127,0.292566,-0.432574,-0.240929,1.0,0.350143,0.111175,-0.418913,-0.314726,0.452206,0.262529,0.325238,0.297417,0.068333,0.451966,-0.065097,-0.537199,-0.257241,0.084659,-0.244267,0.164331,0.176957,-0.335019,0.133682,0.37748,-0.179565,-0.0465,-0.198383,0.348552,-0.06341,-0.079181,-0.459764,0.258327,0.603054,0.144139,0.080108,-0.096053,-0.357477,0.548754,0.558435,-0.091663,-0.072218,0.142393,0.057969,0.120286,0.042449,-0.309189,0.143164,0.188335,-0.039142,-0.067631,0.012981,0.034075,0.119442,-0.050495,-0.070116,0.121758,0.278148,0.317906,0.460767,0.240968,-0.086041,0.379242,0.244417,-0.199008,0.035866,-0.057765,0.266061,0.188436,-0.157942,-0.000504,-0.122918,0.117897,-0.212431,-0.283637,0.09832,0.203102,0.443911,-0.124552,0.414792,0.027715,0.281171,-0.182848,0.105435,-0.368875,0.421525,-0.15995,0.374869,0.587338,-0.17842,0.422165,-0.37484,0.17217,-0.244193,-0.226279,-0.167273,-0.223633,0.110066,-0.184561,-0.115675,-0.456172,-0.149347,0.769502,-0.282937,0.157079,-0.223846,0.214107,-0.072155,-0.401243,0.070166,0.373529,-0.629198,-0.063906,-0.292404,0.134422,-0.42661,0.111372,0.3556,-0.538618,0.055795,0.110972,0.037448,0.12135,-0.109202,0.057834,0.292831,0.046956,0.035349,-0.029745,0.202059,0.07593,0.208913,0.021031,-0.196273,-0.264096,-0.024015,0.071853,0.023305,-0.158449,0.255603,0.052146,0.102968,-0.334763,-0.391888,0.366396,0.019231,0.061148,0.343439,0.425131,0.355431,0.049069,-0.278731,-0.131939,-0.184088,-0.257605,0.616137,0.219816,0.024957,0.015726,-0.29102,-0.07528,0.41009,-0.223253,0.067581,0.365928,-0.125847,0.364901,0.391969,0.100204,-0.045313,0.042471,-0.404913,-0.025624,-0.165743,-0.490092,-0.47085,0.075973,-0.07176,0.24382,0.143291,-0.544192,0.452856,0.484437,-0.065182,-0.106098,-0.243653,-0.170699,-0.19409,0.153132,-0.211829,0.11922,0.047834,#
13,0.477829,0.375075,-0.052845,-0.426422,-0.0114,0.20708,0.128007,0.197372,0.393552,0.022515,-0.218857,-0.148836,0.350143,1.0,0.313704,-0.218742,-0.254881,0.344632,0.297477,0.011723,-0.019825,0.040934,0.605989,-0.175693,-0.073717,-0.662825,0.210284,0.352875,0.677915,0.372801,-0.393814,0.10931,0.30661,-0.264612,-0.005899,0.006773,0.020491,-0.04964,0.07709,-0.076616,0.115089,0.29527,0.105774,0.483161,-0.373693,-0.573894,0.421758,0.365547,0.132676,0.266175,0.279921,0.13062,-0.056048,-0.13329,-0.221592,-0.232559,0.098418,-0.172296,0.204215,0.148611,0.32312,0.335004,-0.178462,0.454342,0.274632,0.745971,0.217564,0.526554,0.439809,0.0036,-0.049621,-0.095496,-0.023375,-0.377862,-0.234016,0.370906,-0.106432,0.046217,-0.348454,-0.302926,-0.516034,-0.393909,-0.270594,0.075383,-0.144522,-0.065937,0.001668,-0.109005,-0.101315,-0.074329,-0.397057,-0.219504,-0.520859,0.420658,-0.133343,-0.111213,0.092117,-0.458437,0.100114,-0.54689,-0.263192,-0.168189,-0.37583,-0.295231,-0.177522,-0.022724,-0.272988,-0.317595,-0.432539,0.014105,0.584909,0.304716,-0.192927,-0.18584,-0.191206,-0.370978,-0.520731,-0.106955,0.258009,-0.492441,-0.357523,-0.508731,-0.202391,-0.369051,0.035913,0.176399,-0.247043,-0.101141,-0.079589,-0.439303,-0.242561,0.023426,-0.290099,0.239989,-0.489344,-0.276092,-0.064381,-0.425996,0.064297,-0.233668,-0.256004,-0.477066,-0.543386,-0.335486,-0.196433,0.021864,-0.442961,0.294469,0.149383,-0.360413,-0.234968,-0.294771,-0.103313,-0.260492,-0.349062,0.031974,0.56324,0.538176,-0.360983,0.041073,-0.063236,-0.264423,-0.171849,0.381021,-0.172339,0.040891,-0.049634,-0.024952,-0.192159,0.100728,-0.079923,0.309538,0.076634,-0.344661,0.684863,0.003338,-0.003017,-0.009624,0.661239,-0.479837,0.335723,-0.029772,-0.246122,-0.163067,0.290032,0.067725,0.005353,-0.155814,-0.369455,0.595043,0.064986,-0.039915,0.517685,0.116099,-0.15939,0.161389,0.60663,-0.447722,-0.122829,-0.066288,#
14,-0.013771,0.274393,-0.123975,-0.143137,0.245921,0.200559,0.361126,0.026549,0.338031,0.188612,0.30827,0.15388,0.111175,0.313704,1.0,-0.21699,-0.078125,-0.1563,-0.220381,0.15123,-0.152849,0.240666,0.264434,0.144635,-0.108985,0.049448,-0.036926,0.23142,0.343717,0.085763,-0.254808,0.213946,0.400245,-0.158064,-0.126172,0.016603,-0.278941,-0.018172,0.201376,0.13796,-0.161025,0.306094,-0.594417,0.318187,-0.061302,0.033897,0.095312,0.027334,0.294666,0.50166,-0.061816,-0.063662,-0.141566,-0.243616,0.089966,-0.002779,-0.226683,0.211642,-0.136971,0.3254,0.161648,0.39935,-0.259915,0.254728,0.315701,0.012904,0.13687,0.060336,0.031205,-0.161463,-0.031947,-0.282696,0.504166,-0.229311,-0.471689,0.019123,-0.076829,-0.250135,-0.243813,-0.358888,-0.315104,-0.309342,-0.263732,-0.467619,-0.526046,0.010818,-0.224417,-0.014931,-0.721483,-0.295323,-0.303758,-0.285885,-0.482804,0.192737,-0.235234,-0.117591,0.138364,-0.123755,0.195755,-0.301804,0.136166,-0.190168,-0.289503,-0.258045,-0.281821,-0.347285,-0.24163,-0.13692,-0.23284,-0.078174,0.187564,0.059522,-0.400386,-0.347073,-0.377952,-0.354695,-0.181624,-0.373783,-0.141573,-0.078798,-0.215174,-0.38611,-0.129719,-0.211666,0.226509,-0.213161,-0.316995,0.018387,-0.521656,-0.144097,-0.284805,-0.26572,-0.361604,0.126673,-0.204025,0.041247,0.043388,-0.388384,-0.065846,-0.038653,-0.141488,-0.173903,-0.378228,-0.275944,-0.380027,-0.33809,-0.127312,0.072432,0.006153,-0.1747,-0.033257,0.037075,-0.130761,0.046035,-0.372413,0.347857,0.405056,0.368353,-0.218647,0.154391,0.022209,-0.137013,-0.007875,-0.074679,-0.196339,0.411183,0.027441,0.022779,-0.039868,-0.125892,0.203834,-0.006436,0.051816,-0.39441,0.612244,-0.12889,-0.215174,-0.142288,0.304884,-0.139374,0.202092,0.42384,0.238764,0.129069,0.044547,-0.059714,-0.122566,-0.116606,-0.100435,0.218467,-0.104068,0.317966,0.131872,-0.24315,-0.230385,-0.120455,0.277222,-0.264062,-0.166213,0.248487,#
15,-0.232649,-0.048706,-0.54765,-0.044971,-0.516183,0.270071,-0.137683,-0.069598,-0.146362,-0.065882,0.272696,0.097718,-0.418913,-0.218742,-0.21699,1.0,0.03197,-0.204898,0.220491,0.267567,-0.06476,0.151083,-0.376474,-0.154764,0.435465,0.083472,-0.091757,0.265732,-0.048119,-0.296334,-0.015292,0.111893,-0.0283,0.108187,0.436075,0.07637,-0.226646,0.309414,-0.40243,0.145942,0.226516,-0.281341,0.108178,-0.090028,0.201911,0.145055,-0.396002,-0.420269,0.14583,0.203636,0.052918,0.079273,-0.236431,0.145795,-0.085008,0.313305,0.243903,-0.209984,0.235587,0.214752,0.080371,-0.273028,0.158183,0.188206,0.060836,-0.258333,-0.115755,-0.12754,-0.10441,0.073479,-0.052389,0.053832,0.103113,-0.079399,0.437813,-0.343933,0.044542,0.150406,0.386969,0.044,0.062585,-0.031676,0.31179,-0.185296,0.08168,0.101772,0.182927,-0.217536,0.210212,0.099278,0.485901,-0.075241,0.248633,-0.338671,0.338805,0.105761,-0.038596,-0.266633,-0.564631,0.09181,0.015135,0.172608,-0.075241,0.112378,0.225849,0.224963,0.243249,-0.143855,0.114286,-0.179617,-0.326932,0.096618,0.223403,0.204693,-0.2532,-0.051148,0.20079,0.330687,-0.091238,0.364692,0.373596,0.440069,-0.071792,0.204449,0.011444,-0.058804,0.646265,0.107595,0.093298,-0.058478,-0.180497,0.212251,0.222009,-0.006914,-0.116428,0.279687,-0.351818,-0.19043,-0.182031,-0.082011,0.049117,0.10954,-0.016219,0.435224,-0.033997,-0.061992,-0.081356,-0.337357,-0.01624,-0.134448,0.315983,0.20326,-0.070265,0.351447,0.062294,0.025639,-0.63629,-0.184687,0.075615,0.177604,-0.153761,0.063123,-0.20493,-0.240711,-0.238243,0.064768,0.097681,0.25498,-0.138765,0.13236,-0.137589,0.216266,-0.002175,0.277068,-0.215556,-0.081428,0.203673,0.142569,-0.181807,0.326262,0.082584,0.127569,0.159862,0.147271,-0.179459,-0.180159,-0.049254,0.155243,0.135143,-0.276978,-0.335376,-0.21315,-0.212081,0.039258,-0.215294,0.298171,-0.041003,0.185907,-0.020799,-0.267405,#
16,0.082196,-0.283489,-0.215675,-0.03421,0.287995,0.05603,-0.197581,0.056009,-0.600322,-0.456609,0.026267,0.212637,-0.314726,-0.254881,-0.078125,0.03197,1.0,-0.326356,-0.634929,-0.186775,-0.287563,-0.08013,-0.530699,0.061884,-0.069479,0.001504,-0.440983,-0.119361,-0.284829,-0.315697,0.144359,-0.339867,-0.036145,-0.355433,0.085145,0.264574,-0.280427,0.125567,0.161089,0.345211,-0.234661,-0.276403,-0.139497,-0.036827,0.008446,0.455802,-0.353132,-0.501648,-0.161272,0.00836,0.086268,-0.195433,-0.091622,0.079449,0.175233,0.10414,-0.121649,0.25908,-0.029523,0.237311,-0.134868,-0.082341,0.208459,-0.158126,0.236265,-0.089585,0.208122,0.074303,-0.175402,-0.377342,-0.37126,0.137391,0.066737,0.088179,-0.013636,0.096381,0.327482,0.212011,0.086276,0.07385,-0.248326,0.297759,0.026775,0.016813,0.093693,-0.364613,-0.234554,-0.191306,0.18297,-0.342732,-0.158876,-0.193757,0.576422,-0.53185,0.226633,-0.384873,-0.238811,0.146468,-0.374838,0.304273,0.340615,-0.113455,0.137906,-0.004921,0.111525,-0.073721,0.136279,0.046435,0.01852,0.20813,-0.533072,-0.240364,-0.06823,0.056974,-0.222448,0.238689,0.096204,-0.285455,-0.696645,0.580432,-0.134656,0.289637,-0.516271,0.452795,0.090048,-0.237896,-0.055497,-0.119398,-0.183265,0.104003,-0.344543,0.461428,-0.104785,-0.248824,0.041924,-0.393935,0.314955,-0.198172,-0.638239,-0.043916,-0.100526,0.089765,0.225895,0.078218,-0.02876,-0.439707,-0.22638,-0.24368,0.029805,0.096131,0.198854,0.217535,-0.396887,0.12195,-0.219091,-0.407076,-0.296676,-0.58048,-0.219091,-0.229917,0.143594,-0.084544,-0.15037,-0.277549,-0.064453,-0.129072,0.327759,0.125802,0.088087,-0.456557,0.507823,-0.283354,-0.207684,0.120467,-0.430443,-0.050466,0.057405,-0.208231,-0.055978,0.309176,-0.039549,0.034452,0.662658,0.274187,0.109177,0.055847,0.084881,0.084913,0.553627,-0.163394,-0.313149,0.262829,0.082679,0.177665,-0.264142,0.426505,-0.283131,-0.125337,-0.504532,0.251434,#
17,0.264563,0.447588,0.180563,-0.017376,0.084741,-0.272728,-0.03862,0.062584,0.261198,0.354568,-0.505913,-0.101001,0.452206,0.344632,-0.1563,-0.204898,-0.326356,1.0,0.367114,-0.069092,0.400386,0.012602,0.508388,-0.041066,-0.318212,-0.161861,0.15956,-0.007368,0.285651,0.355348,-0.376853,0.017841,0.205059,0.319977,-0.185694,-0.182462,0.28722,-0.224534,0.130356,-0.262671,-0.116192,0.323217,0.562177,-0.048443,-0.12396,-0.500411,0.313616,0.385382,-0.019506,-0.064405,0.331676,0.200192,-0.195639,0.301379,0.14903,-0.303597,0.047015,-0.129515,0.186937,-0.130833,0.143479,0.249224,-0.348389,0.014482,-0.120187,0.413649,0.19063,0.551735,0.677118,0.135051,0.077369,0.07878,-0.17647,-0.086792,0.066336,0.348826,-0.260514,-0.277529,-0.047938,-0.185633,0.030665,-0.250298,-0.38105,0.207626,-0.030062,0.1224,-0.384367,0.137792,0.303476,0.125711,0.042171,-0.067449,-0.225179,0.498001,-0.176655,0.087554,0.228613,-0.165066,0.13049,-0.456737,-0.210664,-0.426529,-0.248733,-0.073645,-0.220491,-0.07534,-0.298307,-0.364784,-0.59968,-0.148303,0.506863,0.196128,0.329219,0.046208,0.095647,0.069909,-0.44079,-0.107652,0.30755,-0.472651,-0.179896,-0.30116,-0.000425,-0.534635,-0.030125,0.374852,-0.135514,-0.234526,0.145802,-0.239128,0.117588,-0.179781,0.120239,0.040996,-0.060077,-0.095224,0.021698,0.009115,0.388284,-0.203831,-0.231994,0.168468,-0.245526,-0.210503,-0.187953,0.269704,-0.107022,0.299009,-0.334328,-0.170431,-0.478754,-0.110415,0.107104,-0.069651,-0.256956,-0.102735,0.405463,0.485948,-0.40184,-0.151584,0.058316,-0.072778,-0.009451,0.677625,-0.100578,0.410959,-0.200319,-0.246522,-0.28434,0.172744,-0.365312,0.385697,0.051553,-0.25797,0.188932,-0.263204,-0.011879,0.071612,0.073158,-0.083325,-0.170735,-0.206215,-0.441186,-0.131151,0.134269,0.152913,0.041993,0.027,-0.336203,0.402724,0.136412,-0.012791,-0.015657,0.117803,0.003667,-0.076448,0.289623,-0.235698,0.186546,-0.097175,#
18,0.182747,0.414265,0.024546,-0.096224,-0.380836,-0.194675,-0.054772,-0.108366,0.351915,0.252132,-0.123905,-0.305892,0.262529,0.297477,-0.220381,0.220491,-0.634929,0.367114,1.0,0.012512,0.489181,-0.08066,0.133741,0.07112,0.154667,-0.064967,0.09282,0.0712,0.289514,0.309778,-0.24625,-0.097094,0.248725,0.16929,-0.043377,-0.03114,0.2366,0.078948,-0.430164,-0.319795,0.206993,-0.119227,0.277461,0.071538,-0.07195,-0.494724,0.304594,0.293544,0.097465,-0.025846,-0.064887,0.224307,-0.171664,0.228601,-0.126676,0.090162,0.133233,-0.307025,0.088632,-0.320777,0.239752,0.05449,0.04315,0.231411,-0.174594,0.142446,0.090016,0.010332,0.20424,0.096189,-0.016558,0.225636,-0.334072,0.135198,0.411309,-0.00184,-0.156884,0.16673,0.132143,-0.164693,0.031055,-0.06922,0.238947,0.255154,-0.002314,0.128357,0.154633,0.297997,0.107914,0.321524,0.279488,0.11238,-0.343337,0.299511,-0.012298,0.362115,0.33048,-0.173741,0.109877,-0.084156,-0.109012,0.038219,-0.231656,-0.050632,-0.23163,0.355667,-0.296683,-0.14592,-0.096156,-0.270053,0.309983,-0.070924,0.347732,0.034043,0.185949,0.024128,0.023251,0.230253,0.497169,-0.225089,0.261181,0.092286,0.173702,-0.214002,0.022471,0.182099,0.178126,0.215205,0.278,-0.151166,0.285697,-0.106357,0.162879,0.340353,-0.158743,0.364423,-0.370532,-0.00285,0.258435,0.072664,0.045426,-0.196095,-0.258863,0.148835,0.247804,0.233271,0.181922,0.085907,-0.02632,-0.155049,-0.001982,-0.00944,0.369303,0.000619,0.161373,0.154372,0.120899,0.332788,0.154918,0.169231,-0.247546,0.029057,-0.050228,0.192474,0.108515,0.103022,-0.13993,0.094105,0.013597,0.261746,-0.659397,0.432913,0.133659,0.119154,0.196118,0.311982,0.259461,0.04243,0.116091,-0.246341,-0.010739,-0.153178,-0.445874,-0.224597,0.072489,0.035953,-0.048504,0.110946,-0.217153,0.088443,0.0259,-0.143956,0.009502,-0.031717,-0.070587,-0.215758,0.381179,-0.160728,0.222426,-0.356732,#
19,-0.167968,0.365495,-0.094006,0.065323,-0.097227,0.023463,0.280199,0.028493,0.124228,0.083113,0.03595,-0.148686,0.325238,0.011723,0.15123,0.267567,-0.186775,-0.069092,0.012512,1.0,-0.045094,0.384664,0.073283,-0.309952,-0.278584,-0.111707,0.346972,-0.093673,0.043017,0.016255,-0.32573,0.374914,0.14201,0.082415,0.335548,-0.185782,0.073485,0.103278,-0.247895,0.014429,0.458146,0.468002,-0.068213,-0.105086,-0.008729,-0.042232,0.110872,0.240101,0.270048,0.045205,0.235771,-0.357536,-0.043691,0.139348,-0.31636,0.31564,0.045008,-0.041749,0.102294,0.198143,-0.057775,-0.184873,-0.027001,0.204886,0.230466,-0.013458,0.146682,0.285156,-0.012886,0.074021,0.180607,-0.101676,0.343505,-0.038319,0.075198,0.101968,0.188591,-0.210204,0.040922,-0.145815,-0.046191,-0.101519,-0.183944,-0.412751,0.200611,0.065681,-0.013876,0.083276,0.01311,0.248265,0.016126,-0.154666,-0.218488,0.038237,-0.100461,0.305765,0.379653,-0.341018,-0.148038,-0.117693,0.253685,0.087131,-0.327207,-0.013166,-0.078142,0.054226,0.06297,-0.189555,-0.039175,-0.100347,0.262163,-0.146727,0.040922,-0.17303,-0.057615,0.05694,-0.155481,-0.087002,0.176244,-0.175111,-0.064884,-0.027036,0.052684,-0.371844,0.259405,0.038388,-0.279319,0.149966,-0.022923,-0.024834,-0.189662,-0.02662,-0.163193,0.050931,0.035344,0.091228,-0.216718,0.185237,-0.193468,0.04525,0.17192,0.125853,-0.309656,0.211652,-0.360396,-0.235717,-0.341027,0.124186,-0.050963,-0.2594,0.050742,-0.289656,-0.104589,0.225147,0.129176,0.242943,-0.05956,0.111906,0.346363,-0.248457,-0.235065,-0.279232,-0.094927,0.126906,-0.050974,0.136789,0.045035,0.103089,-0.372643,0.610812,-0.234056,-0.068738,0.076228,-0.215715,0.231363,0.196687,-0.064884,0.133265,-0.054405,-0.07655,0.143517,0.12177,-0.116965,-0.23748,-0.113223,-0.282804,0.170483,0.049868,-0.390452,0.199496,-0.092648,-0.030603,0.026298,-0.035589,-0.191932,-0.055135,0.263534,0.096562,-0.062529,0.16846,#
20,-0.089388,0.269072,0.178958,0.069467,-0.162391,-0.457643,0.155608,0.105319,0.112223,0.03584,-0.279438,-0.308413,0.297417,-0.019825,-0.152849,-0.06476,-0.287563,0.400386,0.489181,-0.045094,1.0,-0.017928,0.054688,0.014114,-0.093787,0.098797,-0.150278,-0.240433,0.080382,0.346289,-0.158935,-0.241618,0.100153,0.487611,-0.066474,0.110832,0.348765,-0.436718,-0.054923,-0.078529,-0.13319,-0.133137,0.230918,-0.16466,-0.03462,0.09556,0.240292,0.228105,-0.10765,-0.130104,0.006959,0.000527,-0.426516,0.398022,-0.150753,0.01894,0.032964,0.050341,0.044524,-0.297495,0.336254,0.104084,-0.09333,-0.107688,-0.20562,-0.011435,-0.136722,0.092693,0.394014,-0.275855,-0.283202,0.213126,-0.26654,0.143104,0.273276,0.245193,-0.09625,-0.111235,-0.252398,-0.145115,0.173671,-0.286686,0.0767,-0.107603,-0.048307,-0.085702,-0.164672,0.332963,0.00312,0.269613,0.1367,0.060486,-0.113831,0.274487,-0.585984,-0.0311,0.359336,-0.266794,0.040649,0.064139,0.024653,-0.137691,-0.265504,-0.260945,-0.319402,-0.09144,-0.171476,0.15823,-0.132796,-0.434117,0.261817,-0.180276,0.079558,-0.069336,0.271792,0.319338,-0.082969,0.129234,0.266904,-0.123318,0.091268,0.129341,0.223464,-0.456866,0.24463,0.009664,-0.083682,-0.019908,0.10716,0.062258,0.319438,-0.304799,0.222608,-0.125574,0.083277,0.20277,-0.26627,0.224689,0.023661,0.181291,-0.16482,0.058711,0.006886,0.054267,0.389429,-0.113999,0.127983,0.441578,-0.096972,-0.240429,-0.354356,0.132703,0.313729,-0.102904,0.082352,0.182832,0.157818,0.22365,0.082352,-0.305266,0.121055,-0.115863,-0.011553,0.17233,0.095674,0.402334,-0.266087,-0.406867,-0.303478,0.32887,-0.386788,0.331525,0.151954,-0.065257,0.02869,0.0002,0.051928,0.364395,0.149579,0.078406,-0.011617,0.150664,-0.166248,-0.047228,0.271477,0.034867,-0.043858,0.197335,-0.054094,0.173885,0.058444,0.178656,0.033543,-0.00497,-0.119464,0.028988,0.383216,-0.078329,0.19111,0.055323,#
