0,1.0,0.096759,-0.355865,0.009873,0.374517,0.302174,-0.173789,0.048478,-0.442954,-0.02652,0.071813,0.05208,0.536884,0.261445,0.075081,0.096633,0.071053,-0.04672,-0.002022,-0.109201,0.151061,0.40888,0.177604,-0.080348,-0.013359,0.083108,-0.031303,-0.296261,0.247916,-0.121074,0.360112,-0.025444,0.059574,-0.296911,-0.164734,0.048682,0.123751,0.028648,0.007054,-0.383899,-0.006159,0.038555,-0.050388,0.155221,-0.227634,-0.002037,0.194981,0.068624,-0.320921,-0.199576,0.037952,-0.096733,-0.086773,-0.081763,0.197682,0.157092,-0.330906,0.303577,0.367658,0.051001,0.567598,0.209619,-0.299734,-0.075033,-0.00071,0.15376,-0.233236,0.330698,0.086045,-0.33393,-0.063656,-0.002058,-0.44614,0.064974,-0.66401,0.420501,0.099762,-0.110851,-0.438882,-0.085674,-0.17049,-0.195426,0.224035,0.00372,-0.048769,-0.225499,0.185659,0.025748,-0.09801,-0.438786,-0.124733,-0.293377,-0.085731,-0.060947,0.029303,0.147003,-0.10522,-0.223622,-0.184345,0.211937,0.029952,-0.1309,-0.076476,-0.133325,0.047369,-0.341798,-0.111051,-0.107279,-0.261803,-0.079033,0.130587,0.097813,-0.068097,-0.116562,0.01122,0.122234,-0.288703,-0.358162,0.090763,0.0817,-0.282774,-0.020261,0.124687,-0.360476,0.068516,0.288195,-0.047558,-0.133776,0.395555,0.376271,-0.388432,-0.023039,-0.17323,-0.110841,-0.555584,0.045403,-0.135193,-0.456573,0.402369,-0.206825,-0.284205,-0.153531,0.058356,0.117274,-0.069446,0.371283,-0.0826,0.098931,-0.332751,-0.38269,0.017484,-0.267276,-0.044209,-0.031117,0.189542,-0.109079,0.199987,0.156619,-0.202326,-0.519461,0.027264,-0.402695,-0.123688,-0.207053,-0.00321,0.138515,-0.022234,-0.007862,-0.096508,-0.290548,-0.018648,0.135478,-0.277679,0.100483,0.080186,-0.289167,0.058544,-0.062089,0.187058,0.187834,0.029453,-0.354522,0.104929,0.289375,0.297554,-0.215983,0.255428,-0.18178,-0.138455,0.076577,0.292381,0.077974,0.284642,-0.177452,-0.087828,-0.011541,0.143613,-0.179016,0.121351,0.184233,#
1,0.096759,1.0,0.49146,-0.206045,-0.057645,0.23828,0.244148,0.12434,0.312339,0.047001,-0.223226,-0.170323,0.323447,0.196643,0.276336,-0.301723,0.114261,0.557894,-0.08186,0.134591,-0.272975,0.232114,0.437299,-0.103579,0.011921,-0.237258,0.084672,-0.224803,-0.204256,-0.067278,-0.253796,0.091189,0.305423,-0.261655,-0.172744,0.484651,0.509509,-0.24157,-0.179304,-0.354427,-0.195656,0.128282,0.086245,0.045848,0.395422,-0.458904,0.114015,0.119956,0.317613,0.219043,-0.038037,-0.376516,0.092605,-0.172336,-0.172993,-0.134997,-0.331029,-0.605429,-0.177248,-0.295456,0.263586,0.189507,-0.165775,-0.105111,0.009175,0.174516,-0.032157,0.309393,0.355821,0.169832,0.186479,0.075428,0.003164,-0.535156,-0.257616,0.312961,-0.130782,-0.519621,-0.023747,-0.355084,0.144851,-0.436631,-0.242033,-0.112691,-0.288552,-0.118751,-0.19232,-0.182742,-0.21994,-0.356498,-0.087766,-0.02465,-0.598083,0.087085,-0.415231,-0.156973,0.459222,0.055478,-0.018354,-0.060229,0.002485,0.118594,-0.109758,-0.037712,-0.347286,-0.271772,-0.355937,-0.108856,-0.552767,-0.351638,0.553189,0.393633,-0.13269,-0.232652,0.162256,-0.145087,-0.258389,-0.613502,0.237608,-0.546682,-0.18693,-0.485233,-0.491513,-0.317324,-0.205929,-0.297646,-0.006375,0.230932,-0.070337,0.267019,0.052823,-0.144798,-0.198991,-0.071411,-0.037833,-0.098308,0.122196,-0.235178,0.160033,-0.269046,-0.215726,-0.122821,-0.419095,-0.369646,-0.128177,0.307045,-0.265743,0.412157,0.129495,-0.146279,-0.394563,-0.442013,0.212055,-0.284817,-0.202881,-0.368378,0.254722,0.478969,-0.218327,-0.081151,0.346845,0.042681,0.324789,0.193296,0.004667,0.36591,0.025073,0.097347,-0.420957,-0.058572,-0.253119,-0.169018,-0.248251,0.053347,0.111978,0.045179,-0.091376,0.316338,0.412722,-0.641628,0.394144,-0.133988,-0.257123,0.022219,-0.119339,-0.041711,0.104956,-0.030191,-0.560972,0.265271,0.256983,0.098064,0.199469,0.353036,-0.089153,0.15062,0.043129,-0.024248,0.425326,-0.006171,#
2,-0.355865,0.49146,1.0,0.241088,-0.338908,-0.051171,0.281851,-0.053065,0.469074,-0.057337,-0.127511,-0.307224,-0.116374,0.016385,0.143458,-0.311619,-0.074599,0.492057,-0.045776,0.344882,-0.063941,0.110408,0.207936,0.128139,0.211939,-0.138062,0.365026,0.284536,-0.196934,0.13529,-0.096263,0.171438,0.072467,0.335833,0.127501,0.264585,0.461141,-0.169433,-0.194857,0.246626,0.057338,0.146111,0.053321,0.095635,0.352351,-0.402249,-0.011347,0.133643,0.459545,-0.040921,-0.207819,-0.081683,0.213259,-0.099288,-0.308321,-0.228407,-0.175824,-0.369,-0.27456,-0.202168,-0.410914,-0.340791,0.018013,0.099487,-0.161563,-0.110719,0.165674,0.014644,0.01915,0.365302,0.394711,0.177926,0.11675,-0.262756,0.316332,-0.294439,0.00764,-0.313824,0.183268,-0.257616,0.286641,-0.109856,-0.050106,0.012938,0.067747,0.257581,-0.236744,-0.110943,0.152351,-0.083578,0.230717,0.139679,-0.156151,0.026109,-0.192891,-0.010512,0.28314,0.358323,0.008942,-0.150746,-0.294887,0.180652,0.200673,-0.075895,-0.049152,-0.015981,-0.239979,-0.040411,-0.380371,0.041364,0.50547,0.215617,-0.0456,0.145831,0.396681,-0.187765,0.011455,-0.327107,0.032534,-0.214165,0.024136,-0.063929,-0.425764,-0.163311,-0.062415,-0.271621,0.063628,0.332332,-0.165956,0.128635,0.562595,-0.190791,0.002114,-0.068103,0.424366,0.215222,-0.004445,0.334275,0.120255,-0.106585,-0.045353,0.029594,-0.06444,-0.33508,-0.072897,0.093869,-0.173022,0.046129,0.421712,0.282243,-0.190749,-0.183796,0.309703,-0.038275,-0.055981,-0.079032,-0.021351,0.011442,-0.080861,0.361904,0.504552,0.18238,0.136773,0.272256,-0.046531,-0.194665,0.173833,0.021097,0.211544,0.317613,-0.268184,-0.114869,-0.218531,0.073085,-0.217929,0.262771,0.021541,0.245678,0.107073,-0.514647,0.13525,-0.015841,-0.436388,0.042233,-0.281686,0.182139,0.011133,0.170374,-0.121362,0.097944,0.402646,-0.035622,0.071085,0.37515,-0.35637,0.401681,-0.192194,0.215312,0.336754,-0.366483,#
3,0.009873,-0.206045,0.241088,1.0,-0.181071,0.126196,-0.184475,-0.225971,-0.267664,-0.095597,0.248489,0.19896,-0.31117,-0.202331,-0.244744,0.141599,0.101768,-0.0526,-0.100538,0.361655,0.300481,0.109891,-0.185154,0.106293,0.18298,0.043612,-0.022296,0.196856,0.006586,-0.31782,0.521436,0.158286,0.052862,0.106118,0.137587,-0.326196,-0.078848,-0.095705,-0.433314,0.263282,0.035779,0.156552,-0.19231,0.088073,-0.114832,0.361025,-0.178203,-0.010456,0.148459,-0.064491,-0.033585,0.422668,0.19247,0.160346,-0.29572,-0.112859,0.148206,0.187478,0.009511,0.100658,-0.374892,-0.308842,0.032044,-0.219751,0.180096,-0.297267,0.175884,0.13625,-0.163917,-0.29761,-0.1245,0.075731,0.113299,0.257931,-0.031381,-0.282341,-0.173022,0.020787,0.004231,0.109265,0.440325,0.448458,0.355491,0.032414,0.265368,0.078826,0.330294,0.056723,-0.02063,-0.247528,0.232812,-0.02687,0.429142,-0.334533,0.209231,0.054371,-0.167287,-0.010619,-0.218534,0.197287,-0.077736,0.344326,0.349269,0.107361,0.314418,0.153853,0.106828,-0.028536,0.161397,0.246766,-0.210639,-0.023791,-0.042705,0.330663,0.227816,0.058661,0.085235,0.023637,-0.164495,0.360492,0.024366,0.188634,0.350375,-0.098468,-0.011705,0.149869,0.043842,-0.085067,-0.087422,0.316016,0.174105,0.01166,0.227816,0.153984,0.402673,0.217393,-0.006883,0.16143,0.19803,0.252837,-0.003212,0.163042,0.18543,0.297792,0.31472,0.056906,0.097407,-0.412884,0.260459,0.314609,0.038616,0.132925,-0.025867,0.518825,0.140678,0.301422,-0.356453,-0.139612,-0.30659,0.365065,-0.049005,-0.031283,-0.086157,0.01351,-0.337287,-0.532469,0.198724,-0.069214,0.436343,0.129911,-0.324978,0.072475,0.160535,0.059441,-0.605249,0.26078,0.024693,0.052418,-0.612392,0.29574,-0.405125,-0.18224,-0.020618,0.05382,-0.10273,0.276975,-0.098893,0.159069,0.62697,-0.446434,0.089216,-0.184021,0.058171,-0.333152,-0.187404,0.037859,-0.378568,0.182839,-0.006969,-0.289492,#
4,0.374517,-0.057645,-0.338908,-0.181071,1.0,-0.064733,-0.163414,0.213363,-0.432857,-0.195115,0.055844,-0.133196,0.228778,0.11267,0.195695,0.079089,-0.117014,-0.190756,0.138182,0.045061,0.002024,-0.061739,0.012599,-0.087679,0.159101,0.077227,-0.551002,-0.185899,0.034728,-0.112695,0.136149,-0.274017,-0.293337,-0.106437,-0.423425,-0.117983,-0.241337,-0.117933,0.008158,-0.15886,0.003547,-0.27569,-0.055492,-0.004013,-0.098599,0.087577,-0.149024,0.225848,-0.20093,-0.229248,0.342981,-0.182985,0.093812,-0.276465,0.388822,0.398637,-0.298252,0.300704,0.130187,0.013467,0.170723,0.172844,-0.13807,0.149353,-0.044646,0.363134,-0.029922,-0.180411,0.079362,0.018555,-0.040335,0.075084,-0.036031,0.060487,-0.343145,0.383271,0.125749,-0.09824,-0.114233,0.049177,-0.191563,-0.193337,-0.089836,0.330058,-0.037761,-0.210571,0.207578,-0.144965,-0.083452,-0.112945,0.042916,-0.291267,0.068446,-0.218764,0.033108,-0.147656,0.122684,-0.208069,0.210164,0.495987,0.213943,-0.292605,-0.063996,-0.262885,-0.283508,0.103125,0.196159,0.020732,0.048286,-0.478469,-0.02707,-0.133369,-0.064517,0.054974,-0.177331,0.129502,-0.096753,0.114513,0.105908,-0.004099,-0.109618,-0.018749,0.274121,0.136709,-0.147164,-0.202729,0.400532,0.016295,-0.104536,0.229058,-0.08007,-0.017852,-0.15944,-0.004381,-0.37456,0.081398,0.095022,-0.309678,-0.03829,-0.03835,-0.10196,-0.087134,0.066501,0.03934,0.116463,0.191641,-0.102648,-0.084597,-0.138372,-0.389175,-0.328175,-0.108447,-0.498149,-0.038892,-0.292751,-0.124322,0.114584,-0.014518,0.028423,-0.342694,-0.183073,-0.202848,0.051419,-0.040754,0.232916,-0.028618,-0.187668,0.02612,-0.287494,-0.112097,0.003093,0.000114,0.212697,0.120927,0.069586,-0.099736,0.088363,-0.0853,0.019486,0.168477,0.193972,-0.19567,0.07416,0.110527,0.105637,-0.22991,0.198868,-0.43754,-0.176726,0.099627,-0.301164,-0.122922,0.270023,-0.197185,0.222118,-0.186501,0.284138,0.027782,-0.171209,0.038519,#
5,0.302174,0.23828,-0.051171,0.126196,-0.064733,1.0,0.098436,0.0471,-0.321375,-0.12315,0.363249,-0.046536,-0.008685,-0.114515,-0.090285,0.061489,0.377742,-0.115973,-0.19015,-0.062084,-0.11175,0.434707,0.296044,0.087023,-0.301344,-0.41805,0.08916,-0.462038,-0.112306,-0.574594,-0.062178,0.221114,0.198092,-0.125988,-0.065673,0.007709,0.152459,0.07884,0.01244,-0.049626,0.038056,0.355429,-0.097747,0.299445,0.201518,0.047587,-0.038651,0.246271,0.169258,-0.27336,0.006374,0.040616,0.187288,-0.208091,0.010044,-0.091623,0.12602,-0.087077,0.026865,-0.170143,0.34368,0.156684,-0.336732,-0.106184,0.201262,0.026806,-0.331291,0.268129,0.458556,0.058014,-0.329789,0.421608,0.241202,0.00704,-0.452656,0.043155,-0.489255,-0.077069,-0.410951,0.030973,0.319367,-0.198018,0.081756,-0.378991,-0.012849,-0.024609,0.035388,-0.224363,-0.268004,-0.543153,-0.216144,-0.141097,-0.207269,-0.258191,-0.151394,-0.196298,-0.108325,-0.085997,0.053612,0.266525,-0.035852,-0.095728,0.09185,-0.16177,0.051215,-0.301044,0.018231,-0.132627,-0.478952,-0.308557,0.18476,-0.035483,-0.011373,-0.096259,-0.151394,-0.394008,-0.602718,-0.099721,0.0757,-0.208104,-0.237508,-0.297068,0.185397,-0.587233,-0.356439,0.212655,-0.238777,0.040211,0.085654,0.464197,-0.116694,-0.061669,0.064991,-0.119817,-0.174313,0.166595,-0.060023,-0.316386,0.285438,-0.386841,-0.462367,-0.214626,-0.454963,0.272481,0.196365,0.166042,-0.226245,0.072903,-0.050821,0.028007,0.079235,0.064182,-0.094519,0.056752,0.033428,-0.331891,-0.219627,-0.001903,-0.273598,0.077872,0.355877,-0.053503,-0.166707,0.452904,-0.259375,0.259655,0.160741,-0.023082,-0.001449,-0.277338,0.126901,-0.412668,-0.321642,0.132236,0.103979,-0.139295,-0.018793,0.077915,-0.017669,0.049266,-0.152237,-0.050705,0.102233,0.145404,-0.012071,0.16944,-0.112509,-0.043095,-0.103358,-0.112942,0.131468,-0.093272,0.163378,-0.196736,0.161224,0.126715,0.090614,-0.146949,-0.046052,-0.169022,#
6,-0.173789,0.244148,0.281851,-0.184475,-0.163414,0.098436,1.0,0.240973,0.214004,0.276968,0.074815,-0.101139,0.145151,-0.339926,0.220224,0.007216,0.033524,-0.08859,-0.041855,-0.099918,-0.544788,0.143779,-0.020915,0.000358,-0.184361,-0.090442,0.260455,-0.12043,0.286864,-0.046016,-0.445398,-0.121632,0.005721,0.226147,0.16803,0.451178,-0.212445,0.09754,0.152807,0.045516,-0.281565,0.133258,-0.190981,-0.45897,0.0277,-0.179712,-0.157293,0.039052,0.255137,0.082624,-0.24443,-0.070024,-0.207456,-0.196838,-0.022555,-0.329345,0.194406,-0.306479,-0.300168,0.069991,0.205205,-0.262299,-0.05432,0.208251,0.132579,0.027628,0.277743,-0.101201,0.505322,0.224366,0.31619,-0.077853,-0.080772,-0.539523,0.208979,0.184931,0.069826,-0.221193,0.1184,-0.036534,-0.189781,-0.203972,-0.383114,-0.36501,0.131005,0.348909,-0.122164,0.025579,-0.266038,-0.218496,-0.064864,0.210079,-0.002289,0.054865,-0.052752,0.002583,0.209067,0.152862,0.053406,-0.427174,-0.163272,-0.063197,0.127452,-0.073788,-0.264194,-0.137746,-0.357184,-0.07177,-0.554817,-0.040893,-0.005276,0.018495,-0.082626,-0.208711,-0.301585,-0.253383,0.119285,-0.009626,-0.292359,-0.031353,0.112086,-0.065455,-0.09609,-0.21584,-0.074284,-0.255459,0.144003,0.650316,-0.088381,-0.069573,0.072255,-0.458478,-0.38912,0.31333,0.371095,0.182614,-0.209118,-0.055798,-0.230231,-0.244078,0.316362,0.119571,-0.111015,0.057718,0.095721,0.04874,-0.232147,0.542452,0.003564,0.017767,0.002138,-0.041669,0.270778,-0.314606,-0.316662,-0.236342,-0.064549,-0.02453,-0.285278,0.021021,0.20458,0.131653,0.102201,0.273987,-0.094369,0.112174,0.124989,0.186844,-0.051371,0.496819,0.555653,-0.093969,-0.232321,0.075024,0.344664,-0.164181,0.182614,0.070581,-0.007021,-0.247947,0.39521,0.055959,0.149171,0.214013,0.063513,-0.203766,0.004803,0.296127,-0.213606,0.272873,0.050338,0.204651,-0.10273,0.467426,0.007695,0.271336,-0.123865,-0.046366,-0.092812,-0.214817,#
7,0.048478,0.12434,-0.053065,-0.225971,0.213363,0.0471,0.240973,1.0,-0.089042,0.057435,0.061024,-0.261968,0.351579,0.135045,-0.079538,0.190924,-0.251107,-0.043664,0.070981,0.189939,-0.011625,0.116891,-0.138135,0.397628,0.050152,0.119358,-0.101706,-0.456783,0.123423,-0.001291,-0.19884,-0.170008,0.328919,0.206687,-0.137603,0.155224,0.061453,0.25583,0.356048,-0.204597,-0.07109,0.124954,-0.17029,0.057853,-0.462169,-0.349827,0.174499,-0.12282,0.194234,-0.34199,-0.341159,0.087692,0.140696,0.022735,-0.011138,-0.044627,0.047421,-0.246666,-0.287095,0.099379,0.228444,0.152235,-0.213812,0.039318,0.03611,0.046718,0.23777,0.029554,0.264618,0.089002,0.327796,-0.291823,-0.286094,-0.081083,0.163578,0.001751,0.070625,0.211462,0.233058,0.092169,-0.051521,-0.044816,0.09682,0.029251,-0.046255,0.105954,0.191187,0.334983,-0.056409,0.07196,-0.232512,0.187904,-0.020075,0.094239,-0.243784,0.333814,0.429627,0.426518,0.346191,-0.138711,0.105461,0.110371,0.083818,-0.081127,0.178145,0.30941,-0.07241,-0.109245,-0.226041,-0.40643,0.191949,0.055397,0.224576,-0.065967,0.119236,0.011237,0.140321,0.091339,-0.077282,-0.084659,-0.089855,-0.321851,0.046248,0.015264,0.123935,0.057081,-0.092418,0.047231,-0.153719,0.103609,0.063706,0.095729,-0.046322,0.02747,-0.060516,0.141661,0.280054,0.07334,-0.201645,-0.050108,0.447582,0.152024,-0.050325,0.210129,0.068079,-0.148166,-0.02583,0.064846,0.152188,-0.332029,-0.048147,0.198829,-0.017957,-0.017947,-0.332149,-0.099023,0.409328,-0.194212,0.136106,0.189811,0.038854,0.463156,-0.209597,0.10208,-0.068499,-0.170463,0.46365,-0.284944,-0.21724,0.283172,0.090285,-0.239412,-0.072173,0.218033,0.285082,-0.002067,0.501162,-0.321548,-0.069007,0.003085,0.298283,0.177895,0.095439,-0.070862,-0.057788,0.268648,0.065931,-0.119586,-0.000592,0.298306,0.063916,-0.235096,-0.063417,-0.155956,-0.229905,-0.146668,0.081016,-0.046719,0.123288,-0.095269,#
8,-0.442954,0.312339,0.469074,-0.267664,-0.432857,-0.321375,0.214004,-0.089042,1.0,0.257546,-0.293339,0.046161,0.098147,0.130949,0.020375,-0.442478,0.030708,0.462006,0.107021,-0.267482,-0.244469,-0.017454,0.204906,0.128567,0.249797,0.157102,0.33591,0.227123,-0.062681,0.345505,-0.152519,0.20568,0.169522,-0.028073,0.317908,0.543008,0.317908,-0.116531,-0.144333,-0.081262,0.030291,-0.299041,0.232908,-0.09268,0.334407,-0.41928,-0.23532,-0.144768,0.164179,0.407374,-0.08046,-0.276786,-0.045014,-0.049225,-0.433701,0.026659,-0.014167,-0.344829,0.085604,-0.023388,-0.133003,-0.158347,0.097073,-0.140174,0.122975,0.038595,0.217903,-0.10179,-0.039646,0.356904,0.232594,0.052804,0.049594,-0.328405,0.436688,-0.166327,-0.012486,-0.11733,0.225164,-0.296073,-0.071177,-0.026446,-0.346204,-0.291618,0.124056,0.152402,-0.403756,0.094867,0.145848,0.182566,-0.032821,0.396166,-0.384774,0.175472,-0.079403,-0.099203,0.26371,0.152963,-0.042508,-0.44602,-0.022048,0.343942,0.008752,0.190406,-0.263135,-0.196852,-0.124448,-0.112393,-0.012642,0.216968,0.339968,0.177255,0.187935,-0.346601,-0.050255,-0.080352,0.152611,-0.169339,0.170658,-0.121978,0.056826,-0.084132,-0.340487,0.078304,-0.055424,-0.164806,0.052367,0.056826,0.035849,-0.334266,0.172395,0.069244,-0.050255,0.073012,0.327477,-0.01837,-0.091088,0.004596,-0.179957,-0.018329,0.024552,0.053005,-0.01529,-0.357699,-0.3164,-0.063287,-0.229904,0.251362,0.103976,0.084987,-0.059546,-0.114455,0.286497,-0.365536,-0.110821,0.001438,0.203281,0.232878,-0.026734,0.168343,0.131921,0.273811,0.191002,-0.2017,0.397831,0.139564,-0.113225,0.129445,-0.03451,0.185636,-0.169616,0.307479,-0.158152,0.047216,0.192032,0.038958,-0.025378,0.307878,0.382904,-0.577803,0.219303,0.114685,-0.327483,-0.012078,-0.178278,-0.17982,0.006575,0.170863,-0.208987,0.347853,-0.026563,0.018849,-0.013629,0.589376,-0.156105,0.399971,0.154606,0.126443,0.285852,0.041934,#
9,-0.02652,0.047001,-0.057337,-0.095597,-0.195115,-0.12315,0.276968,0.057435,0.257546,1.0,-0.435814,0.497213,0.279515,0.221311,0.204933,0.105689,-0.247147,0.216636,-0.036779,-0.006666,-0.326361,0.243073,0.121688,0.059963,0.01902,-0.047629,0.36039,0.101852,0.193048,0.300508,-0.261252,-0.115788,-0.033121,-0.341055,-0.045988,0.347488,-0.240719,-0.074101,0.202508,-0.25306,-0.078034,-0.06469,-0.096637,-0.550252,-0.255224,-0.281962,0.195963,0.285188,-0.088733,0.323686,-0.306565,-0.059362,-0.077565,0.023118,-0.016295,-0.044523,0.195373,-0.367977,0.013134,-0.094769,0.157311,-0.109975,-0.096955,-0.133529,0.437194,0.020238,-0.049576,0.277315,0.037035,-0.136664,0.03725,-0.343843,-0.10077,-0.083358,0.21017,0.238266,0.151719,-0.203168,0.164813,0.115383,-0.266235,-0.239914,-0.324447,-0.264728,0.105175,0.102862,-0.287441,0.100978,0.019001,0.092505,-0.043687,0.048485,-0.039492,0.363628,0.192761,0.136187,0.158864,0.353342,0.212162,-0.192468,-0.129449,0.207534,-0.209045,0.261513,-0.130155,0.058261,-0.416398,-0.127521,-0.159597,-0.2598,0.096843,0.014405,0.257785,-0.345491,-0.383521,-0.372131,-0.051495,0.182705,0.367237,-0.194104,0.32457,-0.160494,-0.120846,-0.208373,-0.359903,0.066862,-0.084464,0.04726,0.189572,-0.347621,-0.004118,0.235711,-0.395347,0.034917,0.196999,-0.251879,-0.25306,-0.150213,0.133513,-0.068088,0.240336,-0.318835,-0.322706,-0.373148,-0.120596,0.421444,-0.059676,0.117566,-0.245878,-0.280922,0.003347,-0.369355,0.210233,-0.28618,0.041202,0.113383,0.224227,0.551619,-0.120252,-0.103659,0.11758,-0.167671,-0.109724,0.228497,0.319391,0.218757,-0.163367,-0.022453,-0.427239,0.19827,0.067483,0.222536,-0.152543,0.142435,0.202874,-0.301031,-0.251879,-0.062942,0.239593,-0.298644,0.196038,-0.20977,-0.175901,-0.426828,0.087796,-0.076834,0.072533,0.324396,-0.26901,0.052377,0.238114,-0.150007,-0.086997,0.493444,-0.022883,-0.067024,-0.203519,-0.016429,0.314658,0.42447,#
10,0.071813,-0.223226,-0.127511,0.248489,0.055844,0.363249,0.074815,0.061024,-0.293339,-0.435814,1.0,-0.276805,-0.052363,-0.504779,0.007746,-0.067265,0.179024,-0.384914,0.15844,-0.138183,0.118376,0.096807,-0.265082,-0.016692,-0.145092,-0.201197,-0.370788,-0.174793,-0.055487,-0.44268,0.239809,-0.027224,-0.380524,-0.050484,0.411678,-0.369688,-0.087911,0.114928,0.026342,0.164421,0.056347,0.035991,-0.154713,0.185542,0.059754,0.414413,-0.241182,0.004035,0.282553,-0.513425,0.052723,0.425319,0.179452,0.133955,0.083248,-0.229959,-0.029748,0.355867,-0.161625,-0.035172,0.038159,-0.157159,-0.100925,0.022035,0.172234,-0.276551,-0.086781,-0.145985,0.477946,-0.041628,0.088712,0.138327,0.280076,-0.146728,-0.200424,-0.136503,-0.165723,0.356457,-0.12116,-0.305277,0.224982,0.124147,-0.002361,-0.229323,-0.17729,0.139447,0.392614,-0.07155,-0.154801,-0.144114,-0.21109,-0.253864,0.165353,-0.355486,-0.265075,-0.059582,-0.186767,-0.351101,-0.086648,0.02444,-0.065058,-0.184189,0.332816,-0.131745,0.050809,-0.071212,0.026065,-0.07273,-0.171088,0.22045,-0.151636,0.177299,-0.178147,0.000979,-0.10472,-0.054462,-0.001055,0.140108,-0.199135,0.261893,-0.10669,-0.013258,0.174219,-0.061101,0.242716,0.1877,-0.149702,0.332992,-0.129278,0.350971,0.13323,-0.136014,0.102799,0.083821,0.094141,0.357282,-0.100546,0.137908,-0.114682,0.117238,-0.177333,0.452168,0.018387,0.300719,0.342851,0.04995,-0.373915,-0.060138,0.074558,0.236202,-0.077892,0.190406,-0.044217,-0.065842,-0.120596,-0.332843,-0.55213,-0.495242,-0.301199,0.129021,-0.121702,0.065246,0.132026,0.043685,-0.267145,-0.204488,0.065825,0.179072,0.169652,0.014008,0.138258,-0.194529,0.143066,0.027955,0.019292,0.012812,0.182031,0.068765,-0.48704,0.564538,-0.023097,0.257233,0.518156,0.463337,-0.017932,-0.060482,-0.299391,-0.320459,0.544665,-0.012165,-0.380519,0.005669,0.307643,-0.542497,0.318325,0.107881,0.170875,-0.070981,-0.331057,-0.314629,#
11,0.05208,-0.170323,-0.307224,0.19896,-0.133196,-0.046536,-0.101139,-0.261968,0.046161,0.497213,-0.276805,1.0,0.045223,0.104235,-0.123073,0.096157,0.210801,-0.005191,-0.168756,-0.270048,-0.058133,-0.147536,-0.139338,-0.140266,-0.021823,-0.109618,-0.018083,0.216562,0.025751,0.084485,0.13634,-0.198731,0.077933,-0.331251,-0.101363,0.26153,-0.225756,-0.24967,0.01841,0.086674,0.186632,-0.008046,-0.073815,-0.226485,-0.219132,0.152984,-0.349923,0.224207,-0.287155,0.459139,0.018407,0.078353,0.048486,-0.014795,-0.108199,-0.025498,0.280381,-0.066527,0.139719,0.306244,-0.00786,0.281077,0.13763,-0.546259,0.251199,0.038471,-0.072574,-0.069311,-0.250746,-0.155227,-0.226804,-0.190448,-0.024931,0.199571,-0.042143,0.147606,-0.221409,-0.130181,-0.123642,0.215893,0.026504,0.27086,-0.101417,-0.233612,0.120017,-0.198051,-0.113017,0.20255,-0.117427,0.042912,0.061863,0.196225,0.052671,0.143091,0.205416,0.138168,-0.25495,0.120672,0.024234,0.034776,0.255917,0.22219,-0.236265,0.063119,0.042075,0.134364,0.039947,0.213442,0.360123,-7.6e-05,-0.173421,0.118693,0.142786,-0.137223,-0.136403,-0.020222,0.054386,0.121705,0.303296,-0.011192,0.200457,-0.182992,0.306861,0.123219,-0.084654,-0.029743,-0.046479,-0.280533,0.29845,-0.122814,-0.224299,0.370305,-0.165458,0.178017,0.018849,-0.308428,-0.129188,-0.113074,0.321608,0.116463,0.08217,-0.135922,-0.109832,0.066034,0.121024,0.349748,0.085032,-0.09077,-0.307921,-0.039842,0.040901,0.083548,-0.014429,0.128553,0.040468,0.23041,-0.121337,0.422473,-0.182939,-0.098946,-0.1418,-0.379786,0.092356,0.064671,0.236813,0.151845,-0.18647,-0.093958,0.049737,0.044686,-0.100789,0.425866,0.20834,-0.0636,-0.097379,-0.099268,-0.301442,0.105587,0.027187,0.161983,-0.311163,-0.020503,-0.12222,-0.194878,0.279425,-0.027248,0.251294,0.467593,-0.01232,-0.105946,0.060532,0.066828,-0.035498,0.299308,-0.283844,-0.219118,0.119273,-0.181768,0.113008,0.201157,#
12,0.536884,0.323447,-0.116374,-0.31117,0.228778,-0.008685,0.145151,0.351579,0.098147,0.279515,-0.052363,0.045223,1.0,0.304777,-0.004406,-0.283002,-0.048353,0.164285,0.114596,-0.113009,-0.187184,0.305793,0.193758,-0.090087,-0.208821,-0.139376,0.039513,-0.244582,0.053231,0.125685,0.148086,-0.039131,0.054208,-0.255918,-0.186084,0.436859,0.138129,0.05262,0.107281,-0.537567,0.068183,-0.05186,0.108748,-0.053422,-0.26024,-0.383108,0.119192,0.166659,0.041157,-0.040097,-0.364924,0.066822,0.045582,0.122043,0.057567,0.20545,-0.242118,-0.113422,0.290421,0.180598,0.576581,0.198948,-0.1852,-0.128314,0.035598,0.266022,-0.053822,0.154997,0.431588,-0.06774,0.370901,-0.194722,-0.624721,-0.247062,-0.165118,0.572199,0.190397,0.038678,0.054752,-0.385863,-0.105926,-0.244869,-0.20072,-0.172603,-0.239906,-0.08041,0.166931,0.276201,-0.190812,-0.252071,-0.15052,-0.176827,-0.306163,0.218169,-0.175764,0.206136,0.332081,0.035754,0.234643,-0.311513,0.001004,0.156336,0.205452,0.094564,-0.028478,-0.165157,-0.231354,-0.267155,-0.375068,-0.223966,0.320463,0.258428,-0.028479,-0.207707,0.030879,-0.1386,-0.139473,-0.292846,0.207371,-0.27479,0.047482,-0.34594,-0.200287,-0.313049,0.078042,0.149509,0.052589,0.301996,0.321608,0.158567,-0.324028,0.18588,-0.168546,-0.00279,-0.156515,0.038776,-0.268667,-0.394756,0.090119,-0.077719,0.000427,-0.007099,-0.198255,-0.142713,0.179767,0.432614,-0.507312,0.252079,-0.079533,-0.641102,0.026611,-0.234485,0.15401,-0.351516,-0.052832,-0.099946,0.414829,0.318526,-0.036413,-0.490548,0.095337,0.008959,-0.060652,0.012973,0.435763,0.349351,0.002404,-0.108636,-0.511184,0.157903,-0.095374,0.205309,-0.197368,0.316519,0.364537,-0.332474,0.046153,0.008307,0.405145,-0.159855,0.13141,0.047527,-0.00239,0.097495,0.104358,-0.134082,0.432853,-0.263312,-0.296923,0.384532,0.1303,0.001058,0.280184,0.222942,-0.091616,-0.113881,0.220016,0.031689,0.174237,0.248226,#
13,0.261445,0.196643,0.016385,-0.202331,0.11267,-0.114515,-0.339926,0.135045,0.130949,0.221311,-0.504779,0.104235,0.304777,1.0,0.153973,-0.065126,-0.22023,0.521474,0.226035,-0.046119,-0.00098,0.271363,0.464225,0.336551,0.042581,0.130039,0.280596,0.137101,-0.036359,0.535883,0.080729,0.080864,0.258494,-0.269811,-0.070217,0.329164,0.375252,-0.443058,0.296999,-0.352047,-0.047103,0.130565,0.306741,0.107548,-0.329034,-0.428895,0.367901,-0.04513,-0.139616,-0.029209,-0.21816,-0.140961,0.060103,0.204515,-0.12276,0.192344,-0.355474,-0.081173,0.124176,-0.014466,0.106357,0.116812,-0.185584,0.146216,-0.10243,0.159397,-0.016944,0.313115,-0.130836,0.017138,-0.187815,0.132258,-0.409123,0.077873,-0.264099,0.118894,0.009684,-0.410444,-0.170085,-0.055197,-0.045645,-0.300797,-0.095497,0.120828,-0.093249,-0.089562,-0.213849,0.11231,-0.105193,-0.088695,0.126409,-0.219108,-0.418149,0.21539,-0.038593,-0.01383,0.077623,0.039222,-0.034663,-0.077935,0.226555,-0.043257,-0.097908,-0.082673,-0.057682,0.021333,0.092425,-0.092409,-0.102048,-0.164865,0.465607,0.158199,0.223838,-0.099803,0.1601,-0.012219,-0.253605,-0.297295,0.387003,-0.346545,-0.223785,-0.277122,-0.127295,-0.189001,-0.175984,0.048714,0.005991,-0.190279,0.192272,-0.092151,0.101261,0.16691,-0.234684,-0.351014,-0.554563,-0.249607,0.075561,-0.03519,0.162539,-0.131328,-0.011686,-0.340687,-0.22339,-0.433229,-0.478848,0.117728,-0.096662,0.096394,-0.397349,-0.480425,-0.232437,-0.266847,0.026464,-0.138025,-0.015067,0.155063,0.508244,0.397175,0.204126,-0.049482,0.307987,0.041453,-0.044858,-0.056202,0.185583,0.193417,-0.006466,-0.137805,-0.23499,-0.035357,-0.252277,0.082583,-0.433631,-0.14594,-0.082748,-0.355805,-0.121933,-0.08386,0.446878,-0.359207,0.174812,-0.330356,-0.216035,-0.249636,0.083627,0.170115,0.131876,-0.228449,-0.284687,0.17421,0.287977,-0.033335,-0.081545,0.210869,-0.217924,-0.274633,0.198498,-0.240707,0.350942,0.264707,#
14,0.075081,0.276336,0.143458,-0.244744,0.195695,-0.090285,0.220224,-0.079538,0.020375,0.204933,0.007746,-0.123073,-0.004406,0.153973,1.0,-0.187591,-0.15744,0.136565,0.388132,-0.126994,-0.375615,0.156266,0.199578,0.07581,0.157724,-0.087985,-0.09654,0.229242,0.011498,0.05858,-0.211363,-0.238267,-0.289022,-0.179031,0.080235,0.086838,0.072307,-0.459281,0.164098,-0.041567,-0.326995,0.106081,0.201564,-0.182532,0.072154,-0.007864,0.202395,0.270796,0.095297,-0.143642,0.085401,-0.318865,-0.098045,-0.156401,0.280366,-0.167774,-0.411056,-0.124267,-0.236232,-0.417079,-0.008421,-0.188391,-0.184752,0.343314,-0.033681,-0.053221,-0.062874,0.073089,0.065733,-0.142304,0.145962,-0.018111,0.11424,-0.663496,-0.22649,0.276365,0.206273,-0.450026,-0.113706,-0.341116,-0.053162,-0.687964,-0.561447,0.071366,-0.370128,0.149066,-0.248807,-0.047366,-0.212001,0.001058,-0.127687,-0.25787,-0.105844,0.209885,-0.379344,-0.457567,-0.267786,-0.145206,-0.18245,0.178351,0.086243,-0.400899,-0.153434,-0.326664,-0.254024,-0.077227,-0.347556,0.020566,-0.400107,-0.217018,0.109829,0.246918,-0.307818,-0.396987,-0.189708,-0.127235,-0.124945,-0.165962,0.04359,-0.208454,-0.116764,-0.098455,-0.32743,-0.136272,0.032414,-0.463386,0.097101,0.338457,-0.112546,-0.219654,0.37435,-0.235187,-0.568981,0.008131,-0.193251,-0.295426,-0.041567,0.118862,0.161818,-0.175557,-0.219418,0.072916,-0.243449,-0.432709,-0.488725,0.332143,-0.133041,0.507927,-0.407071,-0.157999,-0.573816,-0.661791,-0.035434,-0.563435,-0.07945,-0.505624,-0.221539,0.22691,-0.359631,-0.18973,0.14819,-0.227466,0.255124,0.153828,0.079202,0.11417,-0.420669,0.240445,-0.295153,-0.056831,0.227878,0.064507,-0.241969,-0.094675,0.300881,-0.280482,-0.295426,0.200724,0.147437,-0.276893,0.457077,-0.445344,0.103489,0.307867,0.312451,-0.515413,-0.177437,-0.161386,-0.232203,0.152092,0.163842,0.44867,0.321168,0.229955,0.255257,0.196457,0.029122,-0.179103,-0.097416,0.197089,#
15,0.096633,-0.301723,-0.311619,0.141599,0.079089,0.061489,0.007216,0.190924,-0.442478,0.105689,-0.067265,0.096157,-0.283002,-0.065126,-0.187591,1.0,-0.047106,-0.317736,-0.194236,0.037895,0.125276,-0.260999,0.073606,0.002204,0.171947,0.359457,-0.057731,-0.281882,0.266222,0.007929,-0.319875,-0.371416,-0.095685,-0.043086,-0.094878,-0.081947,-0.316625,0.073445,0.300048,0.12468,-0.218058,-0.040746,-0.731372,-0.067589,-0.119003,0.375329,0.306917,0.0226,-0.544509,-0.058687,0.187344,0.166374,-0.096617,0.219548,0.188057,-0.208981,0.209099,0.174569,-0.379822,0.128009,-0.002273,-0.115167,0.195411,-0.009028,0.05035,-0.007594,-0.277858,0.188648,-0.204504,-0.327219,-0.195016,-0.283972,0.084419,0.39431,-0.074971,-0.108921,-0.233375,-0.104805,-0.304922,0.389896,-0.31895,0.059474,0.269253,0.229791,0.269499,-0.364152,-0.188061,-0.06806,0.053613,-0.027669,0.130973,0.012803,0.148357,-0.014368,0.090618,0.239557,0.00937,-0.01436,-0.152054,0.093163,0.201475,-0.147063,-0.458633,-0.029864,0.020053,0.113077,-0.233339,0.460734,0.065564,-0.015432,-0.341678,-0.184536,0.323471,-0.166722,0.045298,0.22735,0.152054,0.175244,-0.00721,0.1368,-0.11226,0.149404,0.330672,0.024804,0.076726,0.127203,-0.217873,-0.235904,-0.313328,-0.16531,-0.269546,-0.027625,-0.161878,0.025258,-0.195271,-0.09068,0.100441,0.023593,-0.055363,-0.145618,0.269526,-0.128097,0.068312,0.265588,0.096275,-0.29642,0.390621,-0.070411,-0.096171,-0.127019,0.08469,0.243322,-0.283302,0.140715,0.042797,0.20448,-0.037924,0.064141,-0.008418,0.221791,0.022161,-0.055264,-0.023201,-0.174672,-0.553399,-0.251086,-0.050861,-0.160803,0.135435,-0.170616,0.11362,-0.28445,0.041973,-0.233093,-0.35833,0.001917,-0.09068,-0.215834,-0.236844,0.356964,0.043489,-0.187133,0.064529,-0.148752,0.269377,0.296891,0.033635,0.23891,0.098702,-0.132577,0.176837,0.051825,-0.15017,-0.177872,-0.119828,-0.226486,-0.01749,-0.403283,0.00991,-0.065001,#
16,0.071053,0.114261,-0.074599,0.101768,-0.117014,0.377742,0.033524,-0.251107,0.030708,-0.247147,0.179024,0.210801,-0.048353,-0.22023,-0.15744,-0.047106,1.0,-0.194563,0.161558,-0.259192,0.117742,-0.22783,0.071485,-0.277225,0.049206,-0.168377,0.040929,-0.115524,-0.031028,-0.239332,0.07225,0.258749,0.184014,0.000963,0.208315,0.172447,0.25967,-0.046322,-0.384404,-0.092117,0.260747,0.029445,0.049656,0.340009,0.421816,0.136524,-0.149524,0.128174,-0.156908,0.171393,0.044654,-0.014103,0.319427,-0.152717,-0.146723,-0.000918,-0.038341,0.006659,0.089331,0.29288,0.092988,0.300207,0.367738,-0.364718,0.033227,-0.030035,-0.333218,0.058014,0.150904,-0.085756,-0.16842,0.211841,0.276415,0.019857,-0.195699,0.108422,-0.487848,0.048718,-0.262125,0.036935,0.086406,0.135394,0.018996,-0.21601,-0.173361,-0.326193,-0.087913,-0.043739,0.002622,-0.478194,-0.213472,0.077477,-0.005941,-0.165159,-0.049881,-0.220502,-0.167246,-0.327673,-0.439969,0.046946,0.163281,0.011317,-0.143116,-0.13634,0.103073,-0.0517,0.19544,0.113556,-0.013028,0.068853,-0.028616,-0.086,-0.165634,-0.157935,0.135289,-0.0782,-0.376971,-0.020923,-0.198327,0.095042,-0.112513,-0.025989,0.191013,-0.10126,0.192006,-0.142433,-0.386015,-0.102107,-0.112027,0.010549,-0.174033,0.058151,-0.052749,0.442473,-0.070234,-0.185352,0.151661,-0.349166,0.299038,-0.037846,-0.488656,0.307582,0.009859,0.277406,0.178886,0.074721,-0.175074,0.089827,-0.087368,-0.112812,-0.037587,0.228507,0.135558,0.124265,-0.246917,-0.281821,-0.243041,0.178235,-0.253759,0.14487,-0.049477,-0.105834,0.333523,-0.031814,-0.052017,0.27891,0.090567,0.207247,0.175316,-0.302892,-0.105025,0.13439,-0.032835,-0.151229,0.035263,-0.169643,-0.178654,0.41197,-0.149516,0.042845,-0.346294,0.096485,0.226911,0.319001,-0.002406,0.081442,0.233439,0.391987,0.067208,-0.162071,0.00421,0.364243,0.308714,-0.051157,-0.021531,0.429791,0.337747,-0.052612,-0.323089,-0.303072,#
17,-0.04672,0.557894,0.492057,-0.0526,-0.190756,-0.115973,-0.08859,-0.043664,0.462006,0.216636,-0.384914,-0.005191,0.164285,0.521474,0.136565,-0.317736,-0.194563,1.0,-0.055429,0.263872,0.010714,0.248786,0.290271,0.26912,0.036802,0.078105,0.196369,0.239029,-0.02996,0.332241,0.103407,0.205561,0.130519,-0.135831,0.005124,0.318017,0.353997,-0.27352,-0.02347,-0.151265,0.024644,0.118345,0.103916,-0.009847,0.045698,-0.474859,0.20134,0.164881,0.363564,0.037463,-0.03904,-0.404429,0.109308,-0.092106,-0.425897,-0.218966,-0.349567,-0.299925,-0.136563,-0.302975,0.00891,0.187574,0.047849,-0.117015,-0.013608,0.255225,-0.021947,0.365971,0.102448,0.256439,0.171712,0.154642,-0.23226,-0.08313,0.018005,-0.136335,0.197906,-0.386603,-0.01783,-0.071376,0.149889,-0.130059,-0.089214,0.139394,0.011027,0.039075,-0.038495,0.124692,0.240908,0.096751,0.125126,0.106231,-0.276243,0.379082,-0.055216,0.162454,0.468371,0.198292,-0.036699,-0.194579,-0.003425,0.131425,0.04275,0.416235,-0.215243,0.040821,-0.19224,-0.224881,-0.222476,-0.033595,0.501147,0.406847,0.227008,0.091447,0.167076,0.151475,0.075684,-0.294922,0.553595,-0.39347,0.104691,-0.189964,-0.310653,-0.0131,-0.237159,0.043838,0.007328,0.014775,0.191902,0.262687,0.23094,0.039058,-0.037147,-0.540242,-0.024435,-0.105318,0.147335,-0.05571,0.182678,0.032544,-0.064776,-0.380598,-0.404218,-0.590632,-0.304352,0.191612,0.057654,-0.097139,0.1282,0.015174,-0.231959,-0.445355,0.519428,-0.138597,-0.190251,-0.18858,0.327668,0.42253,-0.032006,0.104845,0.093171,0.17556,0.158575,0.010267,0.226673,0.2129,0.189314,-0.153626,-0.09643,0.098862,-0.483841,-0.154476,-0.380784,-0.102448,-0.051789,0.058105,0.073311,0.067593,0.481667,-0.538076,0.13468,-0.158275,-0.582339,-0.43654,-0.138016,-0.040619,0.094839,-0.024445,-0.331838,-0.043542,0.27146,-0.217409,-0.103281,0.353397,-0.237814,0.038431,-0.113386,0.136181,0.679216,0.177339,#
18,-0.002022,-0.08186,-0.045776,-0.100538,0.138182,-0.19015,-0.041855,0.070981,0.107021,-0.036779,0.15844,-0.168756,0.114596,0.226035,0.388132,-0.194236,0.161558,-0.055429,1.0,-0.3262,0.063684,-0.137431,0.061848,0.027675,0.122173,0.144445,0.038184,0.223099,-0.157716,0.264844,-0.045456,0.18576,-0.059281,0.036289,0.377975,0.02861,0.236163,-0.329409,-0.024654,-0.41091,-0.011899,0.155427,0.400965,0.167083,-0.084014,-0.114561,0.150016,-0.204035,0.108306,-0.192419,-0.266586,0.024366,0.089614,0.042487,0.259713,0.003835,-0.327393,-0.002769,-0.089646,0.003302,0.0273,-0.177206,0.067473,0.540619,0.0128,-0.089692,-0.118676,0.121696,0.159571,-0.195308,-0.097898,-0.066219,-0.035247,-0.199521,-0.124678,0.261873,0.029432,0.07826,0.124736,-0.369815,-0.107657,-0.322035,-0.355097,-0.177649,-0.49604,-0.131118,-0.240655,0.224452,-0.15678,-0.218954,-0.184234,-0.259941,0.030155,-0.160331,-0.308422,-0.243884,-0.013166,-0.291253,-0.290109,-0.051783,0.014555,-0.035788,0.15676,-0.367184,-0.094084,0.048724,-0.091958,-0.030822,-0.061013,-0.005333,-0.02146,0.138197,-0.232686,-0.153744,-0.128327,-0.148493,-0.202648,-0.191126,-0.288847,0.136384,-0.310476,-0.128838,-0.252472,-0.130585,0.253063,-0.401129,-0.072275,0.271594,-0.271772,-0.118618,0.221249,-0.280815,-0.371985,0.26444,-0.098689,-0.149722,0.044407,-0.013169,-0.031174,-0.12469,-0.35417,0.254571,-0.048813,-0.274722,-0.344841,-0.112666,-0.377534,0.196587,-0.447101,-0.442263,-0.564457,-0.236673,-0.051524,-0.449278,-0.276747,-0.414867,0.054608,0.244388,-0.199599,-0.195094,0.005232,0.057017,0.29395,-0.079876,0.061541,-0.113356,-0.252077,0.357278,-0.183501,0.038953,0.214952,0.297276,-0.179629,-0.274587,0.31087,-0.036962,0.001834,0.290694,-0.017633,-0.067609,0.228547,0.063035,0.482657,0.321367,0.188588,0.00804,-0.141387,-0.134144,0.083031,0.210772,-0.241095,0.297467,0.393872,-0.076447,0.163954,0.259517,0.490048,-0.100091,-0.492825,0.117068,#
19,-0.109201,0.134591,0.344882,0.361655,0.045061,-0.062084,-0.099918,0.189939,-0.267482,-0.006666,-0.138183,-0.270048,-0.113009,-0.046119,-0.126994,0.037895,-0.259192,0.263872,-0.3262,1.0,0.288651,0.122534,-0.095717,0.022702,-0.031832,-0.15338,-0.07831,-0.146401,0.192356,-0.121168,0.15233,0.086566,0.086974,0.2438,-0.264396,-0.452263,0.087451,0.17131,-0.301287,0.054136,0.225303,0.221651,-0.092403,0.097537,-0.202132,-0.220743,0.322873,0.158871,0.355221,-0.193869,-0.165164,0.01678,0.437024,-0.148693,-0.159009,0.062493,-0.032606,-0.238891,-0.104026,-0.31188,-0.337538,0.125751,0.089101,-0.090285,0.076854,-0.044948,0.188553,0.119041,-0.069027,-0.045999,0.284711,0.040249,-0.020474,0.198962,0.267318,-0.117538,0.275452,0.034974,0.378334,0.362406,0.191922,0.274374,0.372097,0.413093,0.112381,0.114672,0.370412,0.02848,0.382109,0.182643,0.230817,0.026084,0.234362,0.101319,0.214304,0.294312,0.314776,0.439946,0.214145,0.232532,-0.450811,0.082332,0.119958,0.359575,0.357776,0.443528,0.074955,-0.328876,0.058126,-0.194105,0.187399,-0.133832,0.111579,0.548044,0.383821,0.110707,0.043549,0.279936,-0.043791,-0.152236,0.351114,0.10274,-0.062466,-0.034335,-0.037859,0.295733,-0.019355,-0.050154,-0.191555,0.221679,0.284555,0.197821,0.401621,-0.265665,0.202672,0.047247,0.35528,0.181878,-0.046993,0.270399,0.186829,-0.160376,0.070259,-0.06749,0.278138,0.110999,0.379804,-0.44081,0.698676,0.118408,0.201846,0.059654,0.279085,0.442504,0.035484,0.225954,0.229973,-0.186265,0.229661,0.25304,0.017581,0.136812,-0.332855,0.238554,-0.143441,-0.35156,0.533579,-0.3462,0.03943,0.205956,-0.425657,-0.238618,0.218093,0.352672,-0.282296,0.294163,0.227399,-0.517551,-0.257933,0.052701,-0.104395,-0.093134,-0.288224,-0.38234,-0.560798,0.283107,0.165793,0.005325,0.203674,-0.47632,0.293371,-0.460728,-0.368928,-0.211471,-0.153165,-0.154582,-0.557859,0.408623,0.240065,-0.082299,#
20,0.151061,-0.272975,-0.063941,0.300481,0.002024,-0.11175,-0.544788,-0.011625,-0.244469,-0.326361,0.118376,-0.058133,-0.187184,-0.00098,-0.375615,0.125276,0.117742,0.010714,0.063684,0.288651,1.0,-0.316433,-0.357838,-0.076728,0.204598,0.290189,0.01557,0.090077,-0.020636,0.098748,0.457528,0.395685,0.105196,0.117858,0.084076,-0.422032,0.157574,0.200677,-0.2362,0.129636,0.45414,-0.131912,0.07174,0.209509,-0.175385,-0.118158,0.159213,-0.210743,-0.248599,-0.269005,-0.032791,-0.033674,0.329539,-0.002669,0.120829,0.115037,-0.376135,0.22537,0.061065,-0.032015,-0.115795,0.239444,0.19383,-0.098934,-0.086135,-0.077719,-0.142269,0.069852,-0.315919,-0.22954,-0.086261,-0.071155,0.002967,0.593829,0.027079,-0.33583,0.065706,0.434071,0.11043,0.286702,-0.046851,0.514771,0.622164,0.177267,-0.103956,-0.280809,0.145676,-0.006769,0.616017,0.105861,-0.252669,-0.022009,0.308183,-0.118466,0.338635,0.377037,0.075315,0.213368,-0.031053,0.165793,-0.242542,0.095569,-0.120296,-0.049771,0.460436,0.210924,0.118781,0.179618,0.429628,0.29068,-0.07828,-0.100984,-0.100137,0.446517,0.356732,0.360196,-0.051468,0.054256,0.042163,0.49592,-0.037213,0.215103,-0.094087,0.354727,0.288148,0.243888,-0.418449,-0.448711,0.150195,0.300517,0.213249,0.206144,0.34596,-0.007267,-0.224215,0.114677,0.149391,0.092676,0.149859,0.502562,-0.06984,0.074666,0.440624,-0.053089,0.054878,-0.141134,0.325134,-0.59068,0.143991,0.175824,-0.027145,0.188512,0.189752,0.518956,-0.042891,0.10445,0.186982,-0.189306,0.394819,0.106022,-0.222958,0.008218,-0.090898,-0.187514,-0.2358,-0.448759,0.401223,-0.032857,0.296762,-0.061055,-0.298215,-0.113014,0.266773,-0.307156,-0.376805,0.280832,0.304894,-0.296292,-0.36397,0.385404,-0.213513,0.331921,-0.053047,-0.12866,-0.122651,0.393548,0.132658,0.1874,0.320306,-0.104002,0.002511,-0.39425,-0.124094,-0.485297,-0.442953,-0.088571,0.03463,0.341545,0.166029,-0.213111,#
