0,1.0,0.25981,-0.205098,-0.110224,0.389397,0.344576,-0.064422,0.144505,-0.196981,0.191047,-0.130417,0.233988,0.620053,0.350146,0.06933,-0.018882,0.031802,0.135315,-0.30549,-0.13593,-0.136732,0.584284,0.282196,0.093592,0.090419,-0.12362,0.010611,-0.302023,0.296815,0.053199,0.224218,-0.054917,-0.030299,-0.249749,-0.222078,0.16896,-0.103713,-0.045472,0.167338,-0.442168,-0.070667,-0.005981,-0.153268,0.010736,-0.140212,-0.088432,0.18884,0.366237,-0.337416,0.006817,0.03371,-0.236761,-0.157506,-0.054216,-0.119437,0.068048,-0.067016,0.127032,0.335857,0.323352,0.527785,0.069874,-0.385033,-0.374476,0.098339,0.209061,-0.208893,0.386601,0.229458,-0.064006,0.110963,0.267334,-0.433917,-0.047396,-0.679656,0.401663,-0.005885,-0.183677,-0.548351,-0.131316,0.057815,-0.289497,0.070919,0.149123,-0.118651,-0.142392,0.124434,0.053259,-0.147112,-0.35584,-0.083197,-0.364277,-0.156277,0.322937,0.181205,0.110126,0.079669,-0.34797,-0.015446,0.025832,0.318042,-0.089177,-0.048992,0.103113,-0.117856,-0.278515,-0.167054,-0.054159,-0.448604,-0.188215,0.174065,0.044458,-0.1647,-0.267822,-0.022557,0.077648,-0.321524,-0.304769,0.311715,-0.185717,-0.201764,-0.201289,0.26693,-0.224691,-0.091675,0.228005,0.031909,-0.04722,0.393396,0.228837,-0.360186,0.078449,-0.343141,-0.010696,-0.52259,-0.141634,-0.070667,-0.350104,0.423532,-0.18045,-0.0929,-0.13751,-0.267227,0.100994,-0.086224,0.065387,-0.171475,0.145048,-0.35296,-0.561478,0.003896,-0.371419,-0.059894,-0.224977,0.062024,-0.071187,0.300594,0.410532,-0.266006,-0.496776,-0.175174,-0.385923,0.053223,-0.306226,0.155227,0.537329,-0.239439,-0.190975,-0.283328,-0.317682,-0.086872,0.116318,-0.380792,0.027185,0.060586,-0.641295,-0.12755,0.188071,0.46095,-0.112691,0.142991,-0.36282,-0.215252,0.123749,0.341419,-0.341954,0.363314,-0.147464,-0.337676,0.121832,0.159236,0.265601,0.336138,-0.019107,-0.05081,0.107363,0.111684,-0.26887,0.303533,0.276777,#
1,0.25981,1.0,0.380486,-0.204229,-0.051031,0.232339,0.331738,0.04049,0.392417,0.1372,-0.401761,-0.17822,0.343251,0.289955,0.303046,-0.303292,0.105299,0.406381,-0.095173,-0.039926,-0.378507,0.210595,0.528435,-0.137148,0.006601,-0.246333,0.258724,-0.265094,-0.082645,0.211727,-0.428993,0.009689,0.120565,-0.043533,-0.228392,0.45554,0.362913,-0.179523,-0.073508,-0.271087,-0.104118,0.200329,0.090283,0.250343,0.480828,-0.539773,0.245177,0.085831,-0.069798,0.333709,0.064031,-0.479291,-0.011046,-0.378705,-0.182846,-0.356507,-0.022475,-0.509473,-0.143954,0.035424,0.349059,0.010297,-0.17413,-0.069168,0.071954,0.264903,-0.251716,0.354317,0.371,0.111914,0.131283,0.101745,-0.114026,-0.444423,-0.432941,0.393645,-0.124671,-0.586925,-0.284345,-0.199072,-0.043009,-0.53021,-0.1743,0.076744,-0.385748,-0.215938,-0.448079,-0.193901,-0.22465,-0.435079,-0.153539,0.053053,-0.546752,0.075854,-0.117799,-0.141197,0.289841,-0.110606,-0.113886,0.103771,0.029911,-0.152046,-0.280429,-0.142251,-0.520814,-0.195154,-0.39136,-0.033823,-0.522473,-0.411666,0.314595,0.473955,-0.148862,-0.320707,0.035573,-0.145181,-0.233939,-0.800036,0.036602,-0.624176,-0.288565,-0.487195,-0.404822,-0.317685,-0.242907,-0.194528,-0.010346,0.200694,-0.072227,0.188397,-0.121448,-0.309963,-0.445728,0.195093,-0.321428,-0.191826,0.11754,-0.228653,0.283193,-0.594945,-0.307688,-0.247322,-0.50651,-0.298262,-0.213251,-0.100056,-0.2688,0.394966,-0.142465,-0.285279,-0.286942,-0.598164,0.035252,-0.463753,-0.356732,-0.491937,0.31574,0.650727,-0.19459,-0.37574,0.257033,-0.193613,0.403846,3.4e-05,-0.01631,0.461352,-0.281454,0.185936,-0.310157,-0.17375,-0.143787,-0.039913,-0.309159,-0.331842,0.284657,-0.04887,-0.18468,0.580003,0.681727,-0.619743,0.414532,0.048064,-0.33813,0.027113,0.055662,-0.006155,0.291092,-0.138233,-0.618927,0.368375,0.176751,0.364951,0.380498,0.362558,-0.158232,0.343095,0.307634,-0.213972,0.312042,0.08464,#
2,-0.205098,0.380486,1.0,0.252499,-0.227716,-0.003303,0.127716,-0.138883,0.369141,-0.173853,-0.209504,-0.072983,-0.257951,-0.006588,-0.037692,-0.189659,-0.020381,0.547698,-0.114082,0.278915,-0.029984,0.061784,0.191377,-0.074995,0.316899,-0.150996,0.342119,0.248382,-0.268769,0.112991,-0.014655,0.138637,0.05673,0.247173,0.229275,0.178898,0.408636,-0.312996,-0.171602,0.027463,0.072758,0.21552,-0.055853,0.023632,0.145283,-0.270198,0.016417,0.377928,0.320374,0.015193,-0.030291,-0.063836,-0.040365,-0.151491,-0.139431,-0.052172,0.030207,-0.467273,-0.336061,-0.00784,-0.344817,-0.358791,0.190466,0.074902,-0.144797,-0.033165,0.141257,0.13919,-0.020275,0.529378,0.499185,0.411459,0.045262,-0.133276,0.179697,-0.199369,-0.019867,-0.45789,0.053179,-0.355673,0.431695,-0.060322,0.101121,-0.005546,0.071714,0.279367,-0.310606,0.077154,0.141813,0.013125,0.207867,0.153497,-0.191265,0.167492,-0.023878,0.024831,0.402209,0.003532,-0.000215,-0.192885,-0.29608,0.090136,0.030141,0.032276,-0.037759,-0.057204,-0.186759,0.149606,-0.364881,0.152516,0.4806,-0.049481,-0.055757,0.076442,0.490834,-0.130668,-0.051686,-0.37192,0.163874,-0.200388,0.008833,-0.009511,-0.130317,-0.008308,0.107021,-0.246046,0.150862,0.397581,-0.071885,-0.075495,0.513964,-0.25895,-0.016982,0.040105,0.308795,0.104488,0.072758,0.340418,0.247479,-0.162304,0.054203,0.133324,-0.118197,-0.319531,-0.116387,0.260694,-0.02617,0.064167,0.316518,0.051933,-0.038161,-0.153553,0.20759,-0.121704,-0.070256,0.075947,0.07511,0.216916,0.052467,0.104987,0.29014,0.158715,0.1367,0.101214,-0.171535,-0.065469,-0.174783,0.047675,0.244774,0.283052,-0.218517,-0.084651,-0.281699,-0.049916,-0.364598,0.225223,-0.085693,0.32736,0.217989,-0.62224,0.170756,-0.13022,-0.48679,0.183326,-0.162772,0.070474,-0.032993,0.327518,-0.339566,0.05272,0.46269,0.209227,0.016036,0.178042,-0.294476,0.397001,-0.103283,0.057728,0.258178,-0.073419,#
3,-0.110224,-0.204229,0.252499,1.0,-0.14391,-0.128579,-0.24313,-0.388055,-0.232093,-0.104813,0.095132,0.177093,-0.227612,-0.128425,-0.147839,0.003233,-0.072665,-0.034033,-0.062396,0.393863,0.265541,-0.021324,-0.101277,0.0439,0.253143,0.087641,0.008698,0.407223,-0.031482,-0.153888,0.410071,-0.012213,-0.017337,-0.019637,0.128308,-0.227419,-0.035743,-0.035818,-0.429124,0.211839,0.027215,0.219145,-0.256529,0.02346,0.006357,0.38102,-0.075689,0.150917,0.137403,0.005022,0.222791,0.453086,0.103011,0.186205,-0.109475,-0.043363,0.372955,0.13608,-0.02621,0.296454,-0.292072,-0.388719,0.218557,-0.207353,0.24111,-0.189651,0.099733,0.247421,-0.172712,-0.185641,0.118712,0.019987,0.251714,0.295566,-0.040465,-0.399768,0.05803,-0.06698,-0.012636,0.092338,0.473917,0.394599,0.276655,0.27489,0.193005,0.037777,0.308862,0.151597,0.109168,-0.201426,0.331438,0.077893,0.455961,-0.270855,0.197997,0.016534,-0.072691,-0.108669,-0.304189,0.230271,0.031181,0.36982,0.241575,0.156487,0.229357,0.374017,0.108671,-0.088988,0.235204,0.264469,-0.225407,-0.080493,0.029444,0.377849,0.092582,0.039434,0.312175,0.055847,-0.086712,0.266611,0.118729,0.169161,0.486043,0.165337,0.04273,0.008502,0.104118,0.060194,-0.078891,0.223595,0.069518,0.056382,0.072568,0.111809,0.360254,0.251675,0.046766,0.098567,0.377447,0.259094,0.033391,0.059445,0.062969,0.310412,0.481758,0.26169,0.188656,-0.453035,0.258488,0.354247,0.228866,0.028361,-0.007884,0.34789,0.008502,0.213227,-0.455953,-0.026726,-0.070301,0.274755,-0.230334,-0.101589,-0.112482,0.123301,-0.147861,-0.455463,0.012936,0.048463,0.405985,0.029559,-0.382814,0.051347,0.33387,0.01107,-0.478473,0.283768,0.062876,0.215391,-0.401804,0.195861,-0.407857,-0.224378,-0.138749,0.122038,0.065531,0.150333,-0.107782,0.169841,0.373556,-0.367051,0.299495,-0.156282,0.060305,-0.247215,0.002194,-0.016437,-0.411971,0.28782,0.088748,-0.213773,#
4,0.389397,-0.051031,-0.227716,-0.14391,1.0,0.099519,-0.259189,0.119447,-0.513816,-0.277535,0.04112,0.203613,0.054388,0.036063,0.014861,0.275539,0.040752,-0.035467,-0.05378,0.051983,-0.092083,-0.024272,-0.063098,-0.206147,0.161345,0.088379,-0.529445,-0.200487,0.124737,-0.186554,0.098719,-0.175769,-0.117597,-0.328463,-0.159014,0.062175,-0.307845,-0.178487,-0.07678,-0.142541,-0.129188,-0.317368,-0.08046,-0.157933,-0.182563,0.165895,-0.256546,0.215264,-0.242031,-0.010835,0.465831,-0.090827,-0.201629,-0.149443,0.387428,0.271733,-0.290837,0.018809,0.132593,0.012075,0.078499,0.267495,-0.128826,0.020877,-0.055699,0.185125,0.177824,-0.12783,0.015541,0.269054,-0.010233,0.179875,-0.152956,0.131549,-0.360028,0.431383,-0.06536,-0.201751,-0.206006,-0.116326,-0.000945,-0.11639,-0.0123,0.150665,0.035074,-0.133429,0.114959,-0.13206,-0.265921,-0.036747,0.114246,-0.225475,0.046248,-0.200175,0.129025,0.004217,0.19744,-0.394936,0.107281,0.166585,0.286659,-0.214305,-0.231619,-0.176711,-0.282683,0.01386,0.205023,-0.043657,0.034909,-0.2288,-0.025886,-0.453451,-0.079301,-0.049731,-0.066389,-0.028145,-0.268488,0.101221,0.115147,0.061856,-0.19678,-0.033644,0.360165,0.125084,-0.037757,-0.267377,0.403108,0.032014,-0.030449,-0.037965,0.083807,0.155609,-0.067045,0.130491,-0.285392,-0.030265,0.096468,-0.304884,-0.174763,0.123304,0.160503,-0.027237,0.135405,0.186489,0.016637,0.267933,-0.101006,-0.074736,-0.218756,-0.386254,-0.227781,0.057743,-0.519119,0.113871,-0.296144,0.141668,0.132356,0.038771,0.022634,-0.234072,-0.270704,-0.224509,-0.037696,-0.059927,-0.213464,0.051373,-0.12397,0.117639,-0.20514,-0.037541,0.082286,0.011493,0.108941,0.092184,-0.099256,-0.212031,-0.02299,-0.161011,-0.056537,-0.032771,0.190459,-0.180139,0.152345,0.105829,-0.049583,-0.364045,0.065196,-0.106218,-0.236831,0.005859,-0.226119,-0.035669,0.110639,-0.198423,0.115451,-0.384589,0.21394,0.008877,-0.21999,0.272249,#
5,0.344576,0.232339,-0.003303,-0.128579,0.099519,1.0,0.050993,0.058842,-0.25254,-0.105364,0.360844,0.124948,-0.111027,-0.202591,-0.031218,0.13825,0.367303,0.028002,-0.337444,-0.194378,-0.316378,0.473952,0.19193,0.055601,-0.190033,-0.484195,-0.026322,-0.389398,-0.125192,-0.370321,-0.220016,0.187786,-0.035334,-0.036266,-0.059644,0.045974,-0.151275,0.103275,0.155182,-0.058268,0.013507,0.170455,-0.175668,0.284824,0.258834,0.073816,-0.122933,0.355642,0.031865,-0.183741,0.064945,-0.137387,-0.001424,-0.227006,-0.06905,-0.232302,0.08232,-0.145824,-0.035012,-0.183741,0.155227,0.245856,-0.368581,-0.188335,0.112744,-0.117744,-0.404212,0.113686,0.40759,0.304938,-0.189357,0.444469,0.098345,0.031067,-0.465213,0.122413,-0.599052,-0.014555,-0.588354,-0.182793,0.387116,-0.369141,0.010456,-0.304682,-0.086633,-0.038057,-0.143308,-0.286773,-0.318811,-0.306163,-0.080433,-0.243522,-0.15,-0.020672,-0.114364,-0.051938,-0.011749,-0.232019,0.106824,0.062106,0.098037,-0.219499,-0.011647,-0.080549,-0.185549,-0.425713,-0.161456,-0.016483,-0.540104,-0.245776,0.126323,-0.094155,-0.161697,-0.221946,-0.191641,-0.402615,-0.657145,-0.086464,0.142626,-0.278453,-0.305877,-0.312404,0.153499,-0.461256,-0.312326,0.057748,-0.152049,0.021782,0.025302,0.31986,-0.033926,-0.03454,-0.07652,-0.116357,-0.162074,-0.008084,0.003813,-0.160001,0.104876,-0.352649,-0.376481,-0.230909,-0.567246,0.272821,-0.014839,-0.080745,-0.302175,0.014218,-0.192689,-0.097428,-0.10785,-0.031148,-0.243812,-0.103994,0.067763,-0.374104,-0.11048,0.111496,-0.447776,-0.007969,0.132974,-0.130066,0.008455,0.282535,-0.358989,0.45918,-0.05733,-0.081012,-0.030915,-0.383137,0.216654,-0.348078,-0.451514,0.048548,0.124564,-0.300197,-0.188109,0.245537,0.170896,-0.084115,0.001515,0.064401,-0.035655,0.026,-0.026722,-0.068805,-0.136319,-0.000227,-0.242794,-0.063014,-0.143863,0.105069,0.305377,-0.13535,0.112688,0.251349,0.207777,-0.267355,-0.066548,0.053726,#
6,-0.064422,0.331738,0.127716,-0.24313,-0.259189,0.050993,1.0,0.269345,0.370378,0.411765,-0.014638,-0.200877,0.090297,-0.167992,0.269299,0.047469,-0.06959,-0.17421,0.038357,-0.369079,-0.561218,0.097484,0.151228,-0.022767,-0.136895,-0.067666,0.203454,-0.257252,0.141809,0.086828,-0.428441,-0.240285,-0.140252,0.267624,-0.164033,0.270696,-0.1638,-0.1506,0.272174,0.052284,-0.40887,0.147743,-0.193289,-0.388495,-0.015923,-0.191677,0.00473,-0.031505,0.01527,0.062634,-0.266294,-0.255298,-0.275129,-0.232927,-0.044253,-0.262277,0.179347,-0.099698,-0.326218,0.039084,0.256114,-0.329978,-0.137128,0.305266,0.182281,0.15844,0.166045,-0.019745,0.496455,-0.122348,0.192917,0.02919,-0.170003,-0.727101,-0.069884,0.284708,0.001172,-0.39096,-0.050422,0.024916,-0.231329,-0.360066,-0.435037,-0.298102,-0.04581,0.186262,-0.275636,-0.046189,-0.39219,-0.231415,-0.287329,0.033579,-0.329096,0.1587,0.005031,-0.274548,0.050615,0.081052,0.098075,-0.175608,0.032723,-0.271048,0.056509,-0.093008,-0.321491,-0.337248,-0.483397,0.284904,-0.474998,-0.219442,-0.054077,0.399116,-0.157254,-0.420285,-0.202072,-0.007117,0.145129,-0.278759,-0.178519,-0.205274,-0.074799,-0.167967,-0.255886,-0.319714,-0.220159,-0.009616,0.177534,0.514325,-0.136505,-0.099626,-0.171138,-0.759024,-0.473794,0.279091,0.008064,-0.052861,-0.176905,0.018933,-0.140206,-0.490779,0.124987,0.111577,-0.314033,-0.156791,-0.059691,-0.232072,-0.179322,0.794927,-0.140213,-0.101327,-0.14038,-0.27399,0.004657,-0.5827,-0.195877,-0.243792,0.046944,0.204476,-0.275186,-0.262372,0.256446,0.201509,0.23257,0.004439,0.069396,0.108027,-0.354158,-0.030903,-0.28553,0.332511,0.402378,-0.182858,-0.241725,-0.170073,0.194018,-0.088599,-0.052861,0.213692,0.144628,-0.106131,0.474501,-0.043773,-0.052892,0.152296,0.323924,-0.032887,0.105646,-0.090443,-0.188209,0.423315,0.014732,0.352501,-0.021181,0.328047,-0.044832,0.334484,0.070784,-0.306239,-0.115371,-0.22744,#
7,0.144505,0.04049,-0.138883,-0.388055,0.119447,0.058842,0.269345,1.0,0.055644,0.142749,-0.06766,-0.185852,0.180426,0.119639,-0.191086,0.306567,-0.227656,-0.135053,-0.021797,-0.084494,-0.046297,0.04517,-0.12588,0.402857,0.183453,0.118013,-0.106547,-0.54107,0.08663,0.046694,-0.159553,-0.207614,0.315447,0.325562,-0.20557,-0.056676,-0.000496,0.086211,0.530808,-0.285586,-0.102505,0.092916,-0.254265,-0.008356,-0.468354,-0.195451,0.177568,-0.069435,0.062922,-0.267227,-0.306907,-0.169552,-0.007656,-0.066498,-0.091104,0.017903,0.26854,-0.165861,-0.360138,0.310593,0.206366,0.01222,-0.301029,0.017717,-0.060664,0.108141,0.205351,0.042006,0.193664,0.084106,0.180115,0.003553,-0.267564,-0.115087,0.049484,0.056438,0.042455,0.221636,0.053256,0.123592,-0.058303,-0.039299,0.206181,0.061707,-0.041307,0.106852,0.040043,0.291038,-0.058501,0.20468,-0.309856,0.05234,-0.221164,0.241889,-0.101351,0.192372,0.317838,0.224813,0.414745,-0.066086,0.304863,0.02627,0.044511,0.037604,0.11202,0.103207,-0.053246,0.222123,-0.197317,-0.417745,0.157688,0.047866,0.218856,-0.152221,0.198338,0.213838,0.097531,0.046058,0.053389,-0.094368,-0.107463,-0.261285,0.126542,0.054222,0.06008,0.141649,0.013699,-0.097205,-0.207916,0.017233,-0.143906,-0.142665,-0.10358,0.039363,-0.121297,0.008429,0.362688,0.265019,-0.093244,-0.269195,0.376992,0.173548,-0.12891,0.192594,-0.192122,-0.294936,0.123245,0.219557,0.036749,-0.468014,-0.105468,0.179217,-0.134797,-0.130956,-0.178601,0.027376,0.477215,-0.033844,-0.002554,-0.01142,-0.022208,0.445492,0.021264,-0.261749,0.010518,-0.010515,0.103347,-0.434917,-0.327745,0.206451,0.14812,-0.22492,-0.133909,0.053263,0.142792,-0.03437,0.375277,-0.16003,0.103276,0.019645,0.326502,0.073418,0.012887,-0.126013,0.072502,0.266995,-0.008442,-0.126303,-0.089264,0.241526,-0.042115,0.042653,-0.105318,-0.256569,-0.159353,0.045523,0.168096,-0.394587,0.052431,0.041388,#
8,-0.196981,0.392417,0.369141,-0.232093,-0.513816,-0.25254,0.370378,0.055644,1.0,0.290311,-0.212978,-0.220091,0.159735,0.143603,-0.000455,-0.479382,-0.052898,0.222002,0.186976,-0.376496,-0.089754,0.035338,0.210333,0.032283,0.199672,0.085938,0.394183,-0.01321,-0.103906,0.378613,-0.1374,0.175689,0.103088,0.1558,0.09422,0.284227,0.404812,-0.155483,-0.069577,-0.074409,0.112006,-0.17326,0.28606,0.028808,0.203415,-0.570331,-0.076171,-0.31081,0.02582,0.310848,-0.275606,-0.358496,-0.01389,-0.197338,-0.386702,-0.037598,-0.01191,-0.168329,0.091602,0.009729,0.01712,-0.262916,-0.133433,0.033319,0.164218,0.063571,0.198521,-0.04005,0.083414,0.057521,0.169839,0.055748,-0.102039,-0.470514,0.183168,0.021749,0.04371,-0.117197,0.189155,-0.205091,-0.209242,-0.064748,-0.185146,-0.319032,-0.063127,0.113242,-0.440091,-0.043006,0.081118,0.029415,-0.315286,0.21568,-0.564268,0.05686,0.051434,-0.166656,0.140422,0.200715,0.062066,-0.192917,-0.252136,0.170573,0.04519,0.018089,-0.225998,-0.358191,-0.222624,0.054189,-0.059435,0.057002,0.324208,0.482533,0.049206,-0.337366,0.042768,0.022984,0.100149,-0.460099,0.034946,-0.127757,-0.126353,-0.15989,-0.555311,-0.142659,-0.135324,0.126981,0.015097,0.072248,0.040011,-0.150937,0.036512,-0.332992,-0.119031,0.175405,0.054358,0.010202,-0.121081,0.109195,-0.083816,-0.294631,-0.145201,0.102562,0.001229,-0.473931,-0.359785,-0.25282,-0.279487,0.430425,0.03345,0.02908,-0.121231,-0.252634,0.181391,-0.473166,-0.046397,-0.017452,0.331482,0.22737,-0.018518,-0.181596,0.283893,0.233689,0.243576,-0.357755,0.419897,-0.007178,-0.294844,0.056387,-0.160917,0.201593,-0.178932,0.247924,-0.129181,-0.134868,0.136256,0.161291,0.002988,0.329797,0.40358,-0.329479,0.33011,0.202083,-0.320896,0.047032,-0.096656,0.081811,0.117677,-0.140889,-0.094211,0.517724,-0.031679,0.058337,0.067813,0.358544,-0.282152,0.533422,0.311788,-0.037024,0.218319,-0.108256,#
9,0.191047,0.1372,-0.173853,-0.104813,-0.277535,-0.105364,0.411765,0.142749,0.290311,1.0,-0.389,0.20468,0.335289,0.249257,0.247946,0.058495,-0.382705,-0.042831,0.047168,-0.160308,-0.22481,0.256085,0.147592,-0.000465,-0.0306,-0.075013,0.411663,-0.073149,0.184625,0.39628,-0.302596,-0.167674,-0.175874,-0.146083,-0.271473,0.127463,-0.163139,-0.05582,0.274774,-0.156208,-0.034924,0.016815,-0.03216,-0.380622,-0.206156,-0.414385,0.320168,0.000748,-0.260243,0.257833,-0.450681,-0.191435,-0.067736,-0.099318,0.031019,-0.173394,0.198355,-0.155218,0.031135,-0.054322,0.263756,-0.200145,-0.330589,0.055888,0.445215,0.016062,-0.153149,0.269034,0.112735,-0.418264,-0.03346,-0.27704,-0.20537,-0.213498,-0.056921,0.349449,0.205858,-0.178322,0.064798,0.20414,-0.433147,-0.332019,-0.214771,-0.207537,-0.112658,-0.000138,-0.381342,-0.086151,-0.047003,-0.047267,-0.273759,-0.125905,-0.210573,0.22911,0.2852,0.060529,-0.018749,0.392543,0.223548,0.07107,-0.324331,0.001873,-0.19878,0.05624,-0.171289,-0.093736,-0.561125,0.024019,-0.157681,-0.386316,0.020133,0.382722,0.106296,-0.347517,-0.33252,-0.255902,-0.043804,-0.126853,0.170115,-0.215531,0.104605,-0.236049,-0.374001,-0.385356,-0.428336,0.284974,-0.11957,0.017592,0.148506,-0.172126,-0.17911,-0.159652,-0.480241,0.120055,-0.10363,-0.244526,-0.276553,-0.038672,0.135618,-0.351065,0.041425,-0.302512,-0.324002,-0.464739,-0.193161,-0.141281,-0.111785,0.273183,-0.346637,-0.260665,-0.086026,-0.530248,0.05624,-0.430879,0.105243,0.03329,0.302944,0.529129,-0.140545,-0.420619,0.234079,-0.32676,-0.014044,0.056579,0.334308,0.080869,-0.374406,-0.055571,-0.513714,0.140846,0.080529,0.182275,-0.096469,-0.10363,0.218007,-0.163073,-0.244526,0.028751,0.314604,-0.037894,0.30719,-0.057818,-0.179871,-0.383976,0.212036,0.140654,0.17726,-0.044582,-0.15263,0.263895,0.105478,-0.082849,0.037162,0.324446,-0.13775,0.068015,-0.026909,-0.182094,0.250174,0.2716,#
10,-0.130417,-0.401761,-0.209504,0.095132,0.04112,0.360844,-0.014638,-0.06766,-0.212978,-0.389,1.0,0.05377,-0.355821,-0.598243,-0.126068,0.22065,0.46564,-0.269609,0.154066,-0.371529,-0.055312,-0.093198,-0.338211,-0.033434,-0.053472,-0.036403,-0.506564,-0.086517,-0.044609,-0.513431,0.191021,-0.074577,-0.37471,-0.199958,0.519808,-0.217912,-0.181797,-0.056616,0.036179,0.241549,-0.030706,-0.176464,-0.240498,0.044507,0.007253,0.701018,-0.429297,0.058258,0.230443,-0.415451,0.266353,0.3557,-0.03841,0.212303,0.028552,-0.133501,-0.057786,0.340082,-0.216957,-0.097595,-0.152725,0.101771,0.050222,-0.112781,0.013281,-0.337071,-0.073014,-0.235167,0.318646,0.134865,-0.055657,0.122055,0.229949,-0.078016,-0.06157,-0.11102,-0.301102,0.318037,-0.276929,-0.345888,0.253633,0.168025,-0.040059,-0.345068,0.054215,0.183126,0.278285,-0.0623,-0.224045,0.107335,-0.12098,-0.134793,0.114992,-0.308998,-0.274047,-0.101831,-0.219711,-0.492198,-0.142433,-0.149277,0.191842,-0.16743,0.168516,0.08126,-0.006038,-0.153711,0.126215,-0.002735,-0.005669,0.321624,-0.171074,-0.098321,0.070995,-0.172076,-0.033971,-0.084837,-0.031191,0.358633,-0.024333,0.330314,-0.05196,0.133406,0.316899,-0.041677,0.214664,0.107212,-0.080186,0.146881,-0.183359,0.022865,0.130757,0.006809,0.200488,0.008477,0.256952,0.169614,-0.040548,0.115675,-0.29798,0.152918,-0.154479,0.431066,0.028156,0.390568,0.128058,0.083847,-0.28178,-0.034723,-0.020721,0.218605,-0.092351,0.388627,-0.101259,0.045283,-0.075802,-0.175996,-0.637514,-0.441923,-0.381239,0.329751,-0.172492,0.130407,0.150418,-0.062655,-0.359146,-0.111636,0.031375,0.119691,0.192376,-0.020767,0.120978,-0.194875,0.042213,0.08239,-0.097842,-0.001843,-0.020767,0.039168,-0.528992,0.473132,-0.237314,0.128068,0.567052,0.285057,-0.115618,-0.205529,-0.47761,-0.084334,0.52597,-0.274709,-0.390238,0.072291,0.226568,-0.489695,0.347811,0.048087,0.174243,-0.173711,-0.5127,-0.090453,#
11,0.233988,-0.17822,-0.072983,0.177093,0.203613,0.124948,-0.200877,-0.185852,-0.220091,0.20468,0.05377,1.0,0.041661,-0.143608,-0.125834,0.096157,0.21531,0.137484,-0.134163,-0.102564,0.045518,-0.01809,-0.38634,-0.402014,-0.021823,-0.268996,-0.188038,0.203766,-0.081874,-0.013933,0.131938,-0.147594,-0.117597,-0.328463,0.008663,0.232975,-0.260151,-0.12927,-0.068349,0.053688,0.34093,-0.028558,-0.10417,-0.181438,-0.290837,0.05423,-0.431051,0.39972,-0.113158,0.292831,-0.063385,0.193674,-0.009273,-0.083298,0.147612,-0.045451,-0.048517,-0.158772,0.08583,0.012075,-0.095652,0.345404,0.190913,-0.482045,0.202025,-0.14185,-0.06202,-0.17302,-0.147532,0.154149,0.115913,-0.015384,-0.144397,0.280821,-0.059572,0.238779,-0.2299,-0.057104,-0.055852,-0.116326,0.186574,0.180509,-0.0123,-0.397516,0.025598,-0.123762,-0.041235,0.193886,-0.117427,0.115817,0.129606,0.10171,0.215133,0.143902,0.104474,0.471064,0.040088,0.097579,0.104221,-0.123865,0.028117,0.119393,-0.237961,-0.028048,0.033347,0.041787,-0.134836,0.146572,0.168468,0.073139,0.002961,-0.01662,-0.058984,-0.056461,-0.038258,-0.184675,-0.130491,0.1039,0.286076,0.065299,0.1113,-0.188327,0.208456,0.108932,0.127266,-0.114949,-0.046479,-0.002544,0.371175,-0.031093,0.10602,0.31942,-0.080015,0.136167,0.084845,-0.23055,-0.129188,-0.108551,0.161801,0.25789,0.160503,-0.002045,-0.034479,0.036391,0.188158,0.404501,-0.101006,-0.25051,-0.219491,-0.061454,-0.062898,0.060453,-0.028048,0.113871,0.031128,0.148784,-0.044815,0.293229,-0.168533,-0.216349,-0.23731,-0.453519,-0.000338,0.229985,0.002287,0.057751,-0.12397,0.011748,0.135659,0.137067,-0.036124,0.397041,0.10187,0.10197,-0.109667,-0.012921,-0.223275,0.014525,-0.062361,0.151711,-0.147324,0.120858,-0.061386,-0.042834,0.121336,-0.170864,0.220961,0.515765,-0.089747,-0.031903,0.031649,-0.022675,0.124084,0.114715,-0.380469,-0.211327,0.207904,-0.016779,0.053478,0.285795,#
12,0.620053,0.343251,-0.257951,-0.227612,0.054388,-0.111027,0.090297,0.180426,0.159735,0.335289,-0.355821,0.041661,1.0,0.536785,0.068064,-0.283886,-0.179695,0.015204,0.060604,-0.238045,-0.208545,0.22983,0.429,0.010618,-0.210111,-0.028439,0.23079,-0.22221,0.132544,0.298843,0.024166,-0.066576,0.119388,-0.259122,-0.217194,0.34835,0.125881,0.033586,0.17141,-0.503893,-0.021619,0.098091,0.131337,0.048394,-0.095243,-0.319868,0.320319,-0.00026,-0.251155,0.177493,-0.209514,-0.031413,-0.030905,0.171135,0.039819,0.06239,0.10226,-0.059202,0.325787,0.497283,0.682179,-0.069366,-0.188969,-0.124139,0.110433,0.395462,-0.201753,0.306101,0.291552,-0.300587,0.130463,-0.137895,-0.469728,-0.194802,-0.360244,0.449942,0.182881,-0.076514,-0.128827,-0.225521,-0.214012,-0.251216,-0.215496,0.074001,-0.315247,-0.263189,-0.021287,0.309634,-0.207171,-0.368182,-0.14108,-0.135995,-0.358681,0.22038,-0.028096,0.033701,0.097689,-0.147348,0.029888,-0.140765,0.216304,0.09294,0.076922,0.026603,-0.090041,-0.127002,-0.199115,-0.141647,-0.246622,-0.147283,0.049164,0.322018,-0.049381,-0.278701,-0.08864,0.045965,-0.016768,-0.500896,0.074428,-0.333919,-0.034276,-0.357198,-0.085873,-0.200555,0.066932,0.146279,0.051004,0.139839,0.301597,0.101398,-0.61177,0.095893,-0.335592,0.132318,-0.421585,-0.031458,-0.269159,-0.382976,0.269445,-0.25046,-0.053858,-0.178817,-0.262448,-0.079368,0.103122,-0.030128,-0.312073,0.314177,-0.259277,-0.650797,0.149125,-0.350437,0.02621,-0.483126,-0.034701,-0.097667,0.405749,0.505677,0.034537,-0.612383,0.027208,-0.152535,0.013863,-0.198766,0.412009,0.425736,-0.298746,-0.033571,-0.43887,-0.031007,-0.011747,0.305322,-0.126672,-0.05316,0.406839,-0.373738,-0.023796,0.201853,0.600652,-0.148153,0.165053,0.014597,-0.05092,0.171459,0.412256,-0.091548,0.476556,-0.319166,-0.3644,0.460956,0.172934,0.260596,0.237522,0.27758,-0.018519,-0.119413,0.302191,-0.179037,0.223318,0.3153,#
13,0.350146,0.289955,-0.006588,-0.128425,0.036063,-0.202591,-0.167992,0.119639,0.143603,0.249257,-0.598243,-0.143608,0.536785,1.0,0.269558,-0.304189,-0.481523,0.290301,0.129036,0.029897,0.000263,0.335988,0.471262,0.384837,-0.007497,0.048919,0.50603,0.196331,0.134832,0.696688,-0.065362,0.049158,0.211753,-0.086148,-0.078626,0.256508,0.299445,-0.128546,0.340263,-0.302543,0.032311,0.251117,0.337063,0.201683,-0.059185,-0.590269,0.481906,-0.198063,-0.225481,0.031578,-0.245647,-0.170312,0.10737,0.142035,-0.116996,-0.066001,-0.026395,-0.086261,0.175376,0.336705,0.236651,-0.097962,-0.392464,0.24484,-0.001511,0.100987,-0.056861,0.358575,-0.03874,-0.024601,-0.1187,-0.028032,-0.273271,0.090626,-0.356164,0.033283,0.233297,-0.250212,-0.194113,0.034316,-0.175078,-0.326466,-0.082298,0.397302,-0.27901,-0.116542,-0.243506,-0.015942,0.001374,-0.24685,0.149939,-0.245397,-0.261194,0.098154,0.09598,0.087917,-0.002082,0.087839,-0.089103,0.007783,0.070756,-0.042982,-0.047965,-0.256734,-0.172682,0.183222,0.00802,-0.265361,-0.15744,-0.152575,0.285884,0.243335,0.078507,0.093514,-0.087819,-0.077356,-0.112148,-0.422183,0.082127,-0.349608,-0.241691,-0.355749,-0.171143,-0.094358,-0.191097,0.000916,-0.032599,-0.119672,0.161469,0.106156,-0.021109,0.097512,-0.442291,-0.180401,-0.595161,-0.031064,0.042152,0.068909,0.332423,-0.240531,-0.004327,-0.479995,-0.207743,-0.318786,-0.332329,-0.13739,-0.15056,-0.005764,-0.419917,-0.336406,-0.098626,-0.391424,0.09331,-0.237405,-0.120712,-0.021005,0.447036,0.320852,0.18985,-0.199441,0.237374,-0.241224,0.015676,-0.020504,0.207398,0.20946,0.025735,0.041997,-0.18088,-0.030634,-0.085958,0.156946,-0.231017,-0.299351,0.188716,-0.392441,0.100521,0.111027,0.631274,-0.298045,0.292468,-0.057588,-0.193952,-0.172911,0.164491,0.181991,0.196868,-0.297707,-0.319028,0.354858,0.213106,0.013758,-0.007414,0.303193,-0.161596,-0.144757,0.183709,-0.206695,0.46477,0.133964,#
14,0.06933,0.303046,-0.037692,-0.147839,0.014861,-0.031218,0.269299,-0.191086,-0.000455,0.247946,-0.126068,-0.125834,0.068064,0.269558,1.0,-0.148775,-0.113691,-0.031339,0.306491,-0.115934,-0.448469,0.172834,0.286311,0.194923,-0.033532,0.031998,0.171566,0.230923,0.326814,0.164466,-0.369117,-0.105652,-0.136741,-0.111365,0.19374,0.223736,-0.009674,-0.224766,0.10751,0.064366,-0.383586,0.124455,0.344678,0.010462,0.291822,-0.068259,0.24285,-0.179527,-0.187499,0.028615,0.092733,-0.270069,-0.051021,-0.110158,0.121843,-0.397597,-0.262282,-0.129458,-0.059353,-0.249439,0.060457,-0.044314,-0.307679,0.343195,0.005462,-0.154686,-0.065457,0.061551,-0.04373,-0.312797,-0.251767,-0.269828,0.079507,-0.513856,-0.21406,0.233636,0.098602,-0.37079,-0.202886,-0.112541,-0.323761,-0.607407,-0.583671,0.150487,-0.31316,0.028603,-0.372278,-0.148831,-0.277127,-0.214926,-0.058829,-0.067543,0.047892,-0.051243,-0.240117,-0.371822,-0.502396,-0.066871,-0.403537,0.172028,0.022654,-0.381156,-0.222532,-0.521738,-0.294784,0.03169,-0.293212,-0.222423,-0.28535,-0.078289,-0.19577,0.230341,-0.271735,-0.375927,-0.394091,-0.214349,-0.133215,-0.257848,-0.372307,-0.115746,-0.204204,-0.080913,-0.352941,-0.233995,-0.01173,-0.450485,-0.0501,0.090718,-0.120969,-0.20292,0.262647,-0.031249,-0.574101,0.233582,-0.281013,-0.222974,-0.160102,0.035706,0.044526,-0.211951,-0.203895,-0.19593,-0.061129,-0.183784,-0.503231,-0.153186,-0.145138,0.380163,-0.558411,-0.033971,-0.428236,-0.563879,-0.019897,-0.371599,-0.148933,-0.551633,-0.227842,0.128547,-0.348816,-0.044405,0.241031,-0.453224,0.172376,0.152302,-0.209538,0.065264,-0.123825,0.443151,-0.034382,-0.042418,0.434746,0.241451,-0.216699,-0.302012,0.526513,-0.385229,-0.222974,0.176681,0.101803,-0.225287,0.367617,-0.179883,0.301791,0.263507,0.27852,-0.430957,-0.097979,-0.112919,-0.06153,0.16015,-0.01508,0.460567,0.284829,0.442773,0.136894,0.122052,0.028761,-0.177588,-0.126057,0.1277,#
15,-0.018882,-0.303292,-0.189659,0.003233,0.275539,0.13825,0.047469,0.306567,-0.479382,0.058495,0.22065,0.096157,-0.283886,-0.304189,-0.148775,1.0,0.024932,-0.157773,-0.153117,0.119944,0.055164,-0.196505,-0.166953,-0.060762,0.171947,0.257388,-0.274764,-0.225,0.230601,-0.115259,-0.274357,-0.371638,-0.249804,-0.039797,-0.076222,0.040416,-0.390163,0.177051,0.244095,0.245798,-0.184497,-0.245867,-0.750745,-0.137729,-0.116645,0.316407,0.052305,0.113917,-0.253813,-0.232855,0.067129,0.20673,-0.05437,0.240391,0.194936,-0.182454,-0.1729,0.135867,-0.406257,-0.232855,-0.19347,0.201158,0.170108,-0.020657,-0.038499,-0.202255,-0.216041,-0.051731,-0.102897,-0.059105,-0.042904,-0.269287,0.014265,0.345447,0.12053,-0.054354,-0.236556,0.052991,-0.190047,0.189639,-0.2219,-0.027669,0.20219,0.056196,0.302358,-0.242939,-0.065062,-0.191373,0.053613,0.129242,0.196388,-0.037206,0.261421,-0.009614,-0.096247,0.441738,0.137924,0.188798,-0.007206,-0.114518,0.118706,-0.110288,-0.362465,0.012289,-0.027669,0.073365,-0.374344,0.300568,-0.029848,-0.069883,-0.147231,-0.217959,0.314337,-0.130171,0.033857,0.017199,0.05352,0.383746,0.075767,0.1668,-0.071084,0.140818,0.143891,-0.054545,0.047819,0.031003,-0.217873,-0.120761,-0.34376,-0.125215,0.02358,0.100456,-0.030326,-0.146803,0.077065,-0.050861,0.100441,0.026226,-0.3015,0.050471,0.318228,-0.041419,0.100331,0.224688,0.132055,-0.001219,0.15571,-0.18547,0.028909,-0.005601,-0.105345,0.303732,-0.207891,0.215783,0.031003,0.125074,-0.110613,-0.14343,-0.156698,0.392965,0.045119,0.044612,-0.064558,0.053922,-0.551388,-0.304775,0.24005,-0.194908,0.079177,-0.050861,0.055689,-0.369219,-0.006993,0.099205,-0.3117,0.03181,-0.050861,-0.345438,-0.370986,0.343994,0.029686,-0.072949,0.088839,-0.284568,-0.019341,0.177316,-0.027638,0.257933,0.170463,-0.1826,-0.043607,-0.205425,-0.036756,-0.143241,-0.175647,-0.224713,-0.070203,-0.175496,-0.015165,-0.116193,#
16,0.031802,0.105299,-0.020381,-0.072665,0.040752,0.367303,-0.06959,-0.227656,-0.052898,-0.382705,0.46564,0.21531,-0.179695,-0.481523,-0.113691,0.024932,1.0,-0.069926,0.202277,-0.33253,0.123257,-0.268192,-0.16307,-0.420334,0.152911,-0.198391,-0.272192,-0.019547,-0.245475,-0.325352,0.071427,0.180708,0.054155,-0.141739,0.154463,0.132569,0.175295,-0.049063,-0.371349,0.028448,0.216329,-0.159519,-0.039076,0.218029,0.347745,0.222959,-0.322046,0.175692,0.03014,0.207474,0.072171,-0.038409,0.163815,-0.08259,0.039119,0.022573,-0.414572,-0.024543,-0.019122,-0.086488,-0.116575,0.425857,0.324322,-0.319869,-0.074617,-0.293711,-0.323997,-0.111872,0.144612,0.089825,0.021017,0.16058,0.230548,-0.083937,-0.228163,0.124269,-0.470563,0.156903,-0.276968,-0.345654,0.273988,-0.024713,-0.047188,-0.328395,-0.298853,-0.326308,-0.061939,-0.224702,-0.054829,-0.237165,-0.121099,-0.147777,-0.048438,-0.11234,-0.285221,-0.108253,-0.038589,-0.313089,-0.315394,-0.135312,0.203028,0.017881,-0.16028,-0.101489,0.013808,-0.307257,-0.064809,0.185248,-0.028072,0.138227,0.104549,-0.10698,-0.311856,-0.171867,0.150655,-0.122207,-0.392137,0.011159,-0.027025,0.128785,-0.229464,-0.062502,-0.048811,-0.078659,0.240115,-0.244994,-0.326745,-0.021134,-0.18414,0.015936,-0.026457,0.00405,0.021307,0.169018,0.075189,-0.237591,0.225795,-0.229224,0.012565,0.142848,-0.513801,0.352089,-0.01057,0.160031,0.12769,0.160202,-0.281628,0.090026,-0.027234,0.039195,-0.275558,0.213312,0.070685,0.039195,-0.062196,-0.343982,-0.315603,0.069003,-0.376984,0.137543,-0.137206,-0.087495,0.355724,0.038264,-0.133529,0.217011,0.031574,0.134348,0.004052,-0.420704,-0.178556,-0.023735,0.025644,0.085862,-0.09867,-0.00924,-0.230266,0.378088,-0.192151,0.092857,-0.241806,0.110413,0.211509,0.273519,-0.120933,-0.095394,0.013862,0.351036,0.029142,-0.12231,-0.133663,0.243784,0.397479,-0.167151,-0.010534,0.397864,0.336154,0.023901,-0.341524,-0.238899,#
17,0.135315,0.406381,0.547698,-0.034033,-0.035467,0.028002,-0.17421,-0.135053,0.222002,-0.042831,-0.269609,0.137484,0.015204,0.290301,-0.031339,-0.157773,-0.069926,1.0,-0.078946,0.279421,0.101652,0.217501,0.061143,-0.020353,0.047954,0.079496,0.22043,0.239036,0.05559,0.238031,0.070676,0.26741,0.133277,-0.123097,0.280834,0.284119,0.297547,-0.153324,-0.093668,-0.155245,0.156599,0.126715,0.073327,0.022161,-0.040311,-0.41282,0.094114,0.177761,0.280778,0.038106,0.058875,-0.31171,-0.1314,-0.221407,-0.18559,-0.225915,-0.32655,-0.416339,-0.163712,-0.254014,-0.032432,0.235916,0.113201,-0.032168,-0.118573,0.097697,-0.009849,0.294956,0.052005,0.535078,0.232026,0.1982,-0.310368,0.153145,-0.011688,-0.024739,0.215227,-0.326392,-0.1117,-0.22598,0.150264,-0.057419,0.184182,0.008001,0.063402,0.115532,-0.128785,0.135932,0.258804,0.163012,0.188846,0.178939,-0.104824,0.24355,0.061671,0.480934,0.505821,0.004099,-0.111826,-0.336137,-0.314864,0.036502,-0.120707,0.347798,-0.226104,-0.026252,-0.205262,-0.289985,-0.235542,0.199325,0.461116,0.037129,0.207235,0.186327,0.223977,0.00857,-0.083996,-0.326746,0.383773,-0.173458,0.029587,-0.045062,-0.196233,0.003377,0.017558,-0.036991,0.015651,0.091379,0.266231,0.201375,0.364198,0.006702,0.013016,-0.394601,0.032878,-0.016022,0.156599,-0.037971,0.113398,0.002063,0.015979,-0.297077,-0.193575,-0.451442,-0.374553,0.260751,0.070254,-0.242114,0.035002,-0.014729,-0.119798,-0.291015,0.52868,-0.021091,-0.208287,-0.129431,0.335863,0.332923,-0.014632,-0.043751,-0.008656,-0.025516,0.081369,-0.017565,-0.181054,0.158045,0.244006,0.089029,0.153558,0.19174,-0.253618,-0.054361,-0.448914,-0.130452,-0.047566,0.129682,0.172931,0.025878,0.452791,-0.558939,0.146658,-0.006767,-0.384317,-0.276293,-0.270925,-0.173534,-0.024573,0.259807,-0.410567,-0.113132,0.224383,-0.113397,-0.109176,0.194499,-0.30856,0.065614,-0.033091,0.110985,0.505144,0.405921,#
18,-0.30549,-0.095173,-0.114082,-0.062396,-0.05378,-0.337444,0.038357,-0.021797,0.186976,0.047168,0.154066,-0.134163,0.060604,0.129036,0.306491,-0.153117,0.202277,-0.078946,1.0,-0.35954,-0.021451,-0.287486,-0.033711,0.051319,0.124581,0.293853,0.035298,0.372767,-0.082215,0.142807,-0.008955,0.102417,0.171195,-0.190899,0.431623,0.19369,0.277528,-0.305193,-0.114291,-0.12514,-0.147332,0.008688,0.391803,-0.08169,-0.05056,-0.02246,-0.001994,-0.385744,0.213503,0.036909,-0.205544,0.106945,-0.038575,0.20539,0.260463,0.036833,-0.311955,-0.117192,-0.077587,-0.011582,-0.060435,-0.018857,-0.006758,0.548382,-0.021401,-0.258761,0.091322,0.09384,0.126289,-0.148021,-0.141101,-0.291456,0.050547,-0.290538,0.014182,0.144218,0.171969,0.128434,0.187437,-0.362012,-0.096274,-0.227793,-0.467667,-0.201322,-0.406765,-0.04174,-0.17639,0.052741,-0.190553,-0.13636,-0.11754,-0.176406,-0.014563,-0.328756,-0.349016,-0.259713,-0.10096,-0.14644,-0.343269,-0.217171,-0.005833,0.216311,0.130041,-0.27727,-0.083064,0.10757,-0.083816,-0.252974,0.113866,0.080528,-0.015522,-0.015454,-0.037166,-0.102499,-0.15772,-0.314241,-0.039901,-0.043157,-0.269921,0.223076,-0.250718,-0.131747,-0.326218,-0.147766,0.138713,-0.417157,-0.071195,0.190382,-0.325448,-0.248148,0.2111,-0.105263,-0.238878,0.176218,0.158524,-0.097298,0.04582,-0.005288,-0.183306,0.018677,-0.269889,0.199006,0.036179,-0.219843,-0.271594,0.090501,-0.369566,0.226581,-0.360451,-0.101209,-0.436445,-0.037722,0.095538,-0.283188,-0.273679,-0.306302,-0.196653,0.07366,-0.163166,0.089577,0.076365,0.07893,0.188192,0.080703,0.034675,-0.201425,0.008773,0.391342,-0.277096,0.147014,0.132522,0.186642,0.056801,-0.08864,0.251383,0.0609,0.061282,0.18282,-0.123239,-0.070078,0.040565,0.054499,0.595014,0.153761,0.007352,-0.00657,-0.345589,-0.012617,0.187597,0.082199,-0.168795,0.070016,0.209877,0.046056,0.213655,0.063513,0.254923,0.059614,-0.484152,0.051452,#
19,-0.13593,-0.039926,0.278915,0.393863,0.051983,-0.194378,-0.369079,-0.084494,-0.376496,-0.160308,-0.371529,-0.102564,-0.238045,0.029897,-0.115934,0.119944,-0.33253,0.279421,-0.35954,1.0,0.339629,-0.051028,-0.006208,0.027414,0.059706,0.011039,-0.031106,0.056589,0.206852,-0.085729,0.153555,0.076003,0.177436,0.109907,-0.069095,-0.477984,0.073232,0.185341,-0.294634,-0.087998,0.183621,0.307427,-0.16064,0.098607,-0.100374,0.047063,0.367844,0.225666,0.242306,-0.023886,0.181089,0.038929,0.310395,-0.105952,0.012636,0.128458,0.234422,-0.292773,-0.138053,-0.091784,-0.311627,-0.018929,0.342788,-0.095877,0.020958,0.042738,0.079382,0.202156,-0.336704,0.01906,0.187475,0.080766,0.189217,0.44773,0.25737,-0.3028,0.325221,-0.018278,0.276012,0.345113,0.21995,0.345302,0.42582,0.593648,0.198539,0.002278,0.27878,0.231323,0.508189,0.257294,0.44023,0.15394,0.346532,0.151681,0.191819,0.263502,0.24477,0.152243,-0.019342,0.250139,-0.377125,0.117154,-0.026094,0.410893,0.345302,0.524403,0.199068,-0.254119,0.208559,0.069466,0.009422,-0.385334,0.182154,0.597241,0.271081,0.267117,0.165381,0.320068,-0.030545,-0.073268,0.42306,0.265574,0.266005,0.292151,0.186859,0.054719,0.051746,-0.130813,-0.187664,0.093905,0.122706,0.297715,0.330762,-0.292909,0.180436,0.054524,0.418913,0.149062,0.157939,0.303913,0.222247,-0.253086,0.110404,0.049507,0.244924,0.175098,0.685991,-0.549869,0.60166,0.086234,0.367859,0.102363,0.25276,0.42748,0.096603,0.273185,0.132487,-0.064249,0.305439,0.233023,-0.200599,0.005976,-0.317303,0.138072,-0.227608,-0.26379,0.347353,-0.17438,0.247538,0.028393,-0.288671,-0.105582,0.271847,0.215129,-0.254069,0.291586,0.243869,-0.408912,-0.141533,-0.043908,-0.13479,-0.241068,-0.260483,-0.206806,-0.347802,0.085225,0.018807,0.237732,-0.018324,-0.554902,0.377868,-0.236093,-0.503725,-0.177615,0.066716,-0.222698,-0.599315,0.317055,0.26804,0.16908,#
20,-0.136732,-0.378507,-0.029984,0.265541,-0.092083,-0.316378,-0.561218,-0.046297,-0.089754,-0.22481,-0.055312,0.045518,-0.208545,0.000263,-0.448469,0.055164,0.123257,0.101652,-0.021451,0.339629,1.0,-0.447437,-0.351812,0.140446,0.361146,0.342179,-0.008403,0.285551,-0.050248,0.022547,0.558882,0.336697,0.256687,0.019731,0.141094,-0.387783,0.174887,0.142291,-0.19087,0.033302,0.482018,-0.177498,-0.044953,-0.059386,-0.157808,0.058937,0.081736,0.019303,0.010466,-0.113875,0.103356,-0.036225,0.391705,0.062185,0.015215,0.335137,-0.13177,0.142381,-0.006486,0.183915,-0.168165,0.092496,0.323105,-0.29783,-0.131816,0.04024,-0.089234,0.109402,-0.369307,-0.044532,-0.003748,-0.020843,0.256826,0.610027,0.26895,-0.559162,0.228935,0.500289,0.228356,0.354519,0.097022,0.673137,0.563737,0.312959,0.061848,-0.167598,0.298208,0.116819,0.828195,0.280178,-0.101723,0.050034,0.316923,0.051384,0.276899,0.254773,0.155661,0.217631,0.038135,0.085575,-0.094742,0.382259,-0.009892,0.245019,0.517047,0.39754,0.30502,0.169567,0.501059,0.301208,0.015298,-0.326937,0.105593,0.556707,0.333711,0.421052,0.149988,0.393352,0.328703,0.49263,0.280254,0.28909,0.17474,0.634677,0.237047,0.104217,-0.326809,-0.458019,0.108355,0.222948,0.150148,0.392915,0.388418,-0.168192,0.091687,0.161596,0.253059,0.131348,0.248088,0.661352,0.023656,0.108476,0.371617,-0.059936,0.150503,0.097402,0.503397,-0.626262,0.333727,0.226094,0.097302,0.338339,0.405862,0.587686,-0.061025,0.203364,0.029241,-0.177715,0.405079,0.362221,-0.343483,0.114186,-0.031133,-0.150101,0.098074,-0.285386,0.468574,-0.145971,0.19804,-0.042669,-0.418187,-0.164418,0.405801,-0.073955,-0.431508,0.222973,0.369947,-0.26163,-0.317662,0.233154,-0.36768,0.10352,-0.164913,-0.234415,-0.12943,0.293192,-0.005136,0.375247,0.207713,-0.305903,0.111368,-0.449222,-0.317755,-0.359956,-0.16974,-0.093251,-0.219492,0.415889,0.328649,-0.207716,#
