0,1.0,0.258146,-0.168331,-0.446368,0.381198,0.213797,0.471631,-0.206078,0.211718,0.248062,0.383514,-0.180161,0.348889,0.257959,-0.05397,-0.026607,-0.148314,-0.232146,0.426144,-0.045562,0.015508,0.06329,0.294537,-0.132921,-0.022063,-0.121586,-0.241003,-0.135326,0.340307,0.124484,-0.412871,-0.116983,0.176694,-0.221357,0.406047,0.308657,0.184989,-0.010428,-0.044633,0.303103,-0.161507,0.044688,-0.141869,-0.131499,0.381305,-0.176307,0.324175,0.121248,0.024516,-0.000127,0.234861,-0.414247,0.043354,0.067973,0.212195,0.130177,-0.007309,0.100178,-0.050794,0.243003,0.326686,-0.206878,-0.122866,0.420742,-0.243222,0.225992,-0.070519,0.205306,-0.060378,-0.13633,0.084939,0.331524,0.14933,-0.183141,-0.264808,0.22193,-0.505485,-0.265023,-0.176506,-0.040545,0.056011,-0.030355,-0.362218,-0.27036,-0.133834,0.040577,-0.299142,-0.02652,-0.273742,-0.431121,-0.220059,-0.261142,-0.063145,-0.363615,-0.095695,-0.351412,-0.404533,-0.463846,-0.189056,-0.417556,0.180821,-0.033342,-0.241277,-0.439189,-0.2005,-0.434594,-0.107526,0.202207,-0.163075,-0.0915,0.046796,0.13045,-0.439453,-0.336058,0.045796,0.177943,-0.359841,-0.012055,0.009442,0.020755,-0.337993,-0.195785,-0.106698,-0.130162,-0.275306,-0.017237,0.129675,0.161129,-0.114007,-0.299189,-0.195839,-0.460753,-0.264152,0.157546,-0.116162,-0.286436,0.126825,0.016075,0.13966,0.056011,-0.250811,0.217329,-0.149146,-0.396888,-0.339174,-0.047915,-0.282712,0.110889,-0.269037,-0.128942,-0.184351,-0.013256,-0.417556,-0.176926,0.26564,-0.24171,0.243672,0.112776,-0.470814,0.012203,-0.068021,-0.051734,-0.195785,-0.147615,0.229613,0.045347,0.211281,0.125958,-0.269103,-0.05677,0.108509,0.032024,0.136241,-0.018677,0.057807,-0.112199,-0.324629,-0.211335,0.139536,-0.501923,0.12747,0.233918,-0.107519,0.454385,0.218501,-0.03118,0.312133,-0.095695,0.114436,0.331592,-0.26013,0.210621,0.434058,-0.047097,-0.210956,0.43068,0.298995,-0.101821,-0.17083,0.025442,#
1,0.258146,1.0,-0.242971,0.050336,0.021353,0.016339,0.405935,-0.137455,-0.091101,0.240437,0.052163,-0.035111,0.021316,0.153716,0.112656,-0.017046,0.257193,0.054035,0.369229,0.002437,0.519021,-0.073537,0.205484,-0.314875,-0.194426,-0.313331,-0.233669,0.026336,0.156207,0.084726,-0.226109,0.031696,0.322399,-0.200532,0.050901,0.021319,-0.030103,-0.614624,0.130382,0.215458,0.094037,0.115834,-0.158335,0.159077,0.143706,0.077773,-0.091514,-0.059919,0.359939,0.464848,-0.089902,0.129048,0.267616,0.197314,0.319627,0.012547,0.269747,-0.18873,-0.331598,-0.165144,0.063123,-0.019106,0.058611,0.089872,0.267548,0.380378,-0.466393,0.122975,0.072316,-0.181304,-0.177916,-0.231149,-0.122213,-0.340704,-0.21746,-0.025523,-0.168583,-0.02307,0.093922,0.009741,-0.01351,-0.171971,0.010405,-0.142502,-0.145103,0.048603,-0.044617,-0.177781,0.057534,-0.228444,-0.352982,0.07045,-0.270669,-0.183396,0.086602,-0.072864,-0.121921,-0.013987,0.115573,0.007555,0.086174,0.208369,0.167083,-0.125286,-0.369571,-0.230164,0.160877,-0.232179,-0.338037,-0.047813,0.137962,-0.045908,-0.119241,-0.06727,-0.198593,-0.048022,0.024586,0.059965,-0.087224,-0.311902,-0.277147,-0.326785,-0.372396,-0.251253,-0.131771,-0.361816,0.029314,-0.331692,-0.357445,-0.219291,0.102015,-0.410449,-0.307153,-0.137088,-0.189348,-0.207237,0.118234,0.280081,0.103025,-0.190647,-0.01306,-0.197986,0.02677,0.036852,-0.072584,-0.366954,-0.471874,0.197422,-0.119458,-0.308623,0.062673,-0.159785,0.007555,-0.293325,-0.112286,-0.224592,0.198542,0.055462,-0.233702,0.270391,-0.246645,-0.016445,-0.326785,-0.200061,-0.315267,0.390756,0.352691,0.048857,-0.136285,-0.603323,0.180537,0.187022,-0.135095,-0.143377,0.232399,-0.280595,0.036507,-0.088511,0.195052,-0.157242,-0.017329,-0.008777,0.243321,0.276999,0.331907,-0.429632,0.122288,-0.297202,0.039715,0.146162,-0.003273,0.230831,-0.039902,-0.024526,-0.178629,-0.039441,0.108289,-0.342995,-0.193303,0.013166,#
2,-0.168331,-0.242971,1.0,-0.211038,-0.05825,-0.19063,0.059227,-0.147277,0.297604,-0.032458,0.165009,0.040867,0.167663,-0.058164,-0.275272,-0.111011,-0.055901,0.165498,-0.122439,0.225689,-0.04263,0.109898,-0.10395,-0.048735,-0.25696,0.163252,0.128094,-0.195213,0.057311,-0.521013,-0.043694,0.330805,0.028344,0.161796,-0.035473,0.077252,0.09474,0.392817,-0.040776,-0.30733,0.139779,0.054351,0.01027,-0.268321,-0.196599,-0.291577,-0.084964,0.072284,-0.048805,-0.204359,-0.01068,-0.066288,0.192496,-0.198097,-0.158414,-0.122972,-0.195938,-0.01993,0.193698,-0.188734,0.034665,-0.22111,0.147239,-0.234476,0.327446,0.023328,0.058583,0.196921,0.37532,0.252595,-0.017898,0.130536,-0.305613,0.02681,-0.178386,-0.141613,0.178975,0.153984,0.030365,0.021561,0.098727,0.190926,0.19829,-0.002372,-0.05363,0.269271,-0.0563,0.02904,0.098113,0.135122,0.031069,0.103253,0.206356,0.226561,0.089712,0.019295,0.271656,-0.431472,0.022692,0.175445,-0.166201,-0.139283,0.108092,0.26018,0.395073,0.020672,0.00395,0.018783,0.158303,-0.104033,-0.195226,-0.385072,0.109342,0.12385,0.437907,-0.36938,0.16017,0.189765,-0.364629,-0.162993,0.169432,0.19292,0.11295,-0.166136,-0.143988,0.205819,0.521645,-0.101747,0.295107,0.119211,0.34301,-0.058972,-0.053949,0.046787,0.287806,0.096496,0.073388,0.437508,-0.011854,0.437911,0.039242,0.464517,0.186102,-0.0033,0.064136,-0.014491,-0.017644,-0.002944,0.113795,0.29836,0.21905,0.202141,0.166501,0.175442,0.439271,0.056376,-0.061938,0.014048,0.300314,-0.041437,0.427381,0.024188,0.177311,0.246645,0.017308,-0.372226,0.149578,-0.13312,0.082582,0.203198,-0.198093,-0.066454,-0.30456,0.027288,-0.171547,0.101519,0.151982,-0.100508,0.034933,-0.150067,0.079731,0.116556,-0.031712,-0.24052,-0.329737,0.028797,0.101947,0.266374,-0.250722,-0.287232,0.148187,-0.004634,-0.346731,0.295213,0.07198,-0.125118,-0.232908,0.129075,0.090045,-0.052552,#
3,-0.446368,0.050336,-0.211038,1.0,-0.450653,-0.287272,-0.209409,0.182334,-0.600894,-0.312647,-0.145647,-0.202756,-0.139081,-0.326453,0.121057,0.097033,0.221367,0.354748,-0.077922,-0.224119,0.042909,-0.067409,-0.379855,0.042328,0.241727,0.186926,-0.006553,0.15713,-0.21889,-0.086206,0.387958,-0.264202,-0.217762,0.028501,-0.277431,-0.063246,-0.096937,-0.036365,0.182793,-0.002719,-0.004569,-0.153108,0.103259,0.306609,-0.188449,0.265029,-0.121423,-0.087639,0.046651,-0.038125,-0.125971,0.420978,-0.013356,0.14458,0.192627,-0.339455,0.319974,0.040401,-0.164079,-0.2733,-0.390208,0.212866,0.371887,0.072402,-0.061724,-0.337964,-0.077786,-0.090932,-0.328829,0.151212,0.217286,-0.056758,0.101574,-0.05922,0.178084,-0.001362,0.435631,0.198022,0.116767,-0.042716,0.047469,0.111293,0.259298,0.175077,0.186459,-0.293131,0.192231,0.276464,0.032107,0.35461,-0.212932,0.037861,-0.064192,-0.040381,0.048321,-0.03992,0.346934,0.244539,0.121413,0.239464,0.14166,0.27482,0.197138,0.35758,-0.212149,0.121445,0.354023,0.039008,0.036852,-0.045055,0.014504,0.125242,0.383463,0.199849,-0.117047,0.060084,0.203244,-0.052743,-0.021827,0.216838,0.203758,0.207176,0.017938,0.184597,0.327821,-0.031354,-0.508861,-0.094509,-0.104415,0.197839,-0.189126,0.512666,0.346934,0.087132,0.068419,0.19394,-0.083541,-0.203576,-0.045681,-0.121023,0.105585,-0.295094,0.348075,0.253942,0.432718,0.208386,-0.000256,0.247527,0.377561,-0.096758,0.16003,-0.227657,0.008451,0.021999,-0.173466,0.108396,-0.461803,-0.080637,0.407826,0.015333,0.224012,-0.057082,-0.19601,0.144831,-0.036068,-0.138971,0.014959,0.279896,0.112434,-0.065822,0.161314,0.220169,0.120217,0.289281,0.025384,-0.11648,-0.142677,0.100806,-0.542782,0.447184,-0.380091,0.030607,0.355229,-0.221203,-0.11658,-0.197536,-0.299003,-0.107693,0.110932,0.111697,0.047956,-0.316023,-0.039565,-0.120346,0.321402,-0.152196,0.105493,0.066643,-0.2526,0.031964,#
4,0.381198,0.021353,-0.05825,-0.450653,1.0,0.368274,-0.028822,-0.169579,0.231306,0.034993,0.423593,0.133118,-0.067991,-0.228064,-0.043509,0.193533,0.092375,-0.321877,0.150112,-0.06225,-0.123624,-0.210488,0.131914,-0.083175,-0.012633,-0.093646,-0.199774,-0.04261,0.100833,0.05098,-0.364814,0.045288,0.084878,-0.043661,0.078729,0.214674,0.156194,-0.03845,-0.134993,0.28633,-0.100144,-0.310579,-0.241428,-0.009137,-0.032208,0.104507,-0.050201,-0.017779,0.078504,0.518428,0.023337,-0.26875,0.175491,0.542058,0.291633,0.144387,-0.32037,0.164207,0.080242,0.28454,-0.121362,-0.274955,-0.087402,0.189089,-0.358293,0.036603,0.528321,-0.056741,-0.154661,-0.321169,-0.066777,0.13365,0.234584,0.28464,0.063303,0.074924,-0.203995,-0.146772,-0.056791,-0.209813,-0.149662,0.116663,-0.034281,0.064234,0.238072,-0.114698,0.049561,-0.073909,0.023823,-0.26782,0.288565,0.161086,0.141358,0.071081,-0.003543,-0.061647,-0.111739,-0.021856,-0.256176,-0.040777,0.267962,0.183616,-0.134358,-0.125598,0.249324,-0.011676,-0.287376,0.384108,-0.275307,0.187915,0.020603,0.074475,-0.339375,-0.273071,-0.127955,0.364544,-0.087262,0.43407,-0.32647,-0.13289,-0.45831,0.166071,0.030247,-0.102085,-0.03027,0.057183,0.0965,0.192048,0.050458,-0.108601,0.112175,-0.280976,0.039654,-0.009109,-0.017262,0.05403,0.064468,0.168728,-0.174689,0.175566,0.006703,0.035552,-0.587021,0.045956,-0.214556,-0.242786,-0.054394,-0.190812,-0.171413,0.060582,0.073517,0.06491,-0.267766,0.107437,0.21268,0.007084,0.124051,0.072101,-0.554815,0.173034,-0.236427,-0.351955,-0.230091,-0.15174,0.056182,0.058735,0.108551,0.13721,-0.167684,0.193372,0.061481,-0.032957,0.217953,-0.078854,-0.262276,0.177277,-0.098644,0.00539,0.281979,-0.07387,-0.020681,0.196201,-0.055661,0.171079,0.209939,0.250692,0.387859,0.0031,0.290376,-0.165515,-0.010513,0.091302,0.276062,-0.160009,-0.276583,0.248354,-0.0228,-0.033457,0.044598,-0.251401,#
5,0.213797,0.016339,-0.19063,-0.287272,0.368274,1.0,0.28505,0.325823,0.067154,-0.311438,0.098123,0.30276,-0.306784,-0.11999,-0.168087,-0.163621,0.273125,-0.392894,-0.015269,-0.385049,0.056299,-0.251757,-0.038066,-0.287739,-0.17839,0.090215,0.005659,-0.044596,-0.051305,0.231057,-0.425661,-0.089668,-0.256374,-0.036453,0.227464,0.212179,-0.006504,-0.181455,-0.002591,0.284664,-0.258158,0.065558,-0.380662,-0.180194,0.14133,0.106464,0.127361,-0.331918,-0.182573,0.305219,0.031882,-0.097919,-0.207115,0.167481,-0.128793,0.130688,-0.094441,0.521065,-0.253163,-0.025947,-0.119492,-0.054404,0.114458,0.199179,-0.214651,0.161059,0.075181,0.03478,-0.137113,-0.539851,0.162073,-0.231971,0.029517,0.13274,0.048479,0.265521,-0.355348,0.001352,-0.364732,-0.354526,-0.45911,-0.351996,-0.043029,0.181535,-0.084319,-0.422806,-0.109325,-0.080382,-0.276919,-0.113932,-0.018036,-0.323438,-0.173177,-0.135251,-0.167033,-0.20441,-0.135732,-0.197496,-0.282907,-0.294571,0.27607,0.00917,0.018605,-0.291997,-0.296118,-0.349399,0.162035,0.24088,-0.436714,0.198985,0.166621,0.30822,-0.501981,-0.263324,-0.281447,0.043047,-0.125429,0.258512,0.002245,0.003226,-0.266831,-0.230117,0.174536,0.039445,-0.027647,-0.313726,-0.217519,0.02644,-0.374313,-0.104672,-0.193635,-0.282406,0.03054,-0.046858,-0.376332,-0.099995,0.459044,0.166933,0.007912,-0.293744,-0.001915,0.17117,-0.128292,0.134389,-0.232379,-0.311693,0.249998,-0.051597,-0.178019,0.074104,-0.132674,-0.137238,-0.059123,0.124132,0.034839,-0.186349,-0.113236,-0.01699,-0.582044,-0.052661,-0.412386,-0.342675,0.180807,-0.21955,-0.17971,-0.103798,-0.441202,-0.087745,-0.161049,0.025906,0.22654,-0.156754,0.013843,-0.405586,-0.099788,-0.159946,-0.084319,0.193929,-0.039354,-0.083577,0.139672,-0.28203,0.158854,0.35024,0.523435,-0.096031,-0.110358,-0.167033,0.1459,0.132853,-0.032235,0.275341,0.277087,-0.265315,-0.277517,0.090531,0.125449,-0.066066,-0.383381,-0.259403,#
6,0.471631,0.405935,0.059227,-0.209409,-0.028822,0.28505,1.0,-0.087535,0.310284,0.041455,0.225384,0.065544,0.190603,0.281702,-0.094384,0.133767,0.226166,0.23241,0.279579,0.056912,-0.046496,-0.127831,0.33747,-0.280934,-0.082417,0.060504,0.093266,-0.134538,0.504849,-0.002712,-0.350061,-0.143945,-0.041529,-0.30221,0.281981,0.34932,-0.020335,-0.255795,0.103465,0.267483,0.06792,0.129606,-0.14639,-0.13984,0.458659,-0.249453,0.147279,-0.13965,-0.076506,0.329914,0.249854,-0.189362,-0.040181,0.089295,0.239002,0.062058,0.150913,0.027068,-0.015205,-0.124275,0.296114,0.12636,0.126313,0.249855,0.189038,0.359383,-0.353387,0.306138,0.054121,-0.280118,0.063838,-0.029858,-0.198438,-0.5836,-0.506667,0.290016,-0.596348,-0.407276,-0.471456,-0.2672,-0.225328,-0.425347,-0.436828,-0.063176,-0.659323,-0.045803,-0.329095,-0.352094,-0.521598,-0.519535,-0.595593,-0.452301,-0.576621,-0.494274,-0.280492,-0.620401,-0.379996,-0.533994,-0.249602,-0.115148,-0.060515,-0.206218,-0.234558,-0.369891,-0.276663,-0.591281,0.073656,0.026309,-0.31056,-0.045166,-0.257944,0.046514,-0.468587,-0.310553,0.08846,-0.35819,-0.179327,-0.155188,-0.019055,-0.348265,-0.314127,-0.249698,-0.239278,-0.389736,-0.239489,-0.464656,0.001528,0.268854,-0.340012,-0.334862,-0.291085,-0.67373,-0.533704,-0.202037,-0.327235,-0.327424,0.227774,0.136909,0.050357,-0.393665,-0.405764,0.418798,0.00288,-0.45217,-0.467795,-0.230965,-0.360561,0.627822,-0.456673,-0.223984,-0.26919,-0.284954,-0.115148,-0.133791,-0.081875,-0.410453,-0.019194,0.372052,-0.371204,-0.086597,0.068065,-0.23533,-0.249698,-0.242663,-0.168894,0.119299,-0.100705,-0.164707,-0.611631,-0.21652,0.123108,0.106617,-0.217831,-0.328331,0.125409,-0.449136,-0.317075,0.275692,0.169754,-0.676059,0.382317,-0.202638,0.102646,0.617938,0.429223,-0.562429,0.106536,-0.105138,-0.068435,0.058532,-0.339934,0.385067,0.095471,0.113521,-0.362281,-0.000225,0.196178,-0.440347,-0.418567,0.183374,#
7,-0.206078,-0.137455,-0.147277,0.182334,-0.169579,0.325823,-0.087535,1.0,-0.107691,-0.21475,-0.351161,-0.10089,-0.080762,-0.141347,0.197818,-0.365233,0.194675,-0.16019,0.206398,-0.30602,0.220948,0.206293,-0.196877,0.044508,0.068595,0.16414,-0.120562,-0.298717,-0.139784,0.105066,-0.234042,-0.19288,-0.195959,0.1652,-0.164086,-0.227466,-0.164743,-0.23304,0.212047,0.143243,0.116358,-0.10634,-0.14829,-0.309786,0.148507,0.128318,-0.123867,-0.215649,-0.199523,-0.117518,-0.159876,-0.097432,0.014296,-0.176088,-0.033056,0.260567,0.30489,-0.07603,-0.202538,-0.021576,-0.105212,0.025139,-0.083029,-0.077501,-0.155008,-0.064278,0.063011,-0.044282,-0.088825,-0.191273,-0.088613,-0.1226,-0.381904,0.206988,-0.230531,-0.004881,0.191804,0.184256,-0.278115,0.11597,-0.226021,-0.295316,0.130344,-0.232789,0.067315,-0.271286,0.0936,0.164547,0.123992,0.170464,0.144405,-0.231956,0.088724,-0.188476,0.222552,0.162797,-0.186706,0.285953,-0.242208,0.080514,-0.117478,0.161665,0.276221,-0.211004,-0.1805,0.008446,-0.132644,0.124358,-0.372187,0.070137,0.19832,0.05862,0.191336,0.125415,0.289283,0.132341,0.147874,-0.071783,0.217997,0.219367,0.125755,0.018923,0.276016,0.175226,-0.086691,-0.163137,-0.189776,-0.145906,-0.194029,0.125385,-0.228836,0.170925,0.152711,-0.1546,-0.139033,0.186062,0.18378,0.124749,-0.052396,-0.226021,-0.330742,-0.154871,-0.272089,0.363922,-0.251294,-0.205872,0.056601,-0.010916,0.207567,0.105217,-0.120281,-0.169019,0.103102,-0.290706,-0.006432,-0.409951,-0.108736,-0.045337,-0.22475,-0.001684,-0.164424,0.143617,0.058346,-0.153747,-0.175385,-0.318046,-0.422786,-0.080409,0.104291,0.160694,-0.138387,-0.248777,0.103321,-0.207805,0.230471,-0.163071,0.05135,0.197682,0.222483,0.210231,-0.226803,-0.191715,0.213283,0.213237,-0.127269,-0.143201,-0.299538,-0.190601,-0.243263,0.168144,-0.166467,0.078696,-0.121683,-0.17164,0.167775,-0.093116,-0.166421,-0.154912,-0.272361,0.113464,#
8,0.211718,-0.091101,0.297604,-0.600894,0.231306,0.067154,0.310284,-0.107691,1.0,0.407659,0.031887,0.303085,0.114538,0.308758,-0.154896,-0.064557,-0.321835,0.098828,0.055427,0.111743,-0.234321,-0.000862,0.317926,-0.116426,-0.014156,0.038898,0.121811,0.024936,0.163954,0.126988,-0.279925,0.011858,-0.026062,0.02378,0.174074,0.30769,-0.158221,0.149698,0.050771,0.045165,0.20129,0.177153,-0.185168,-0.296472,0.054253,-0.183668,0.199353,0.051676,-0.177673,0.018238,0.072755,-0.296281,0.059745,-4.1e-05,0.210225,0.421146,-0.558047,-0.103178,-0.052944,0.241897,0.36115,-0.201393,-0.254359,0.156454,0.076297,0.070195,-0.008404,0.35893,0.346876,-0.231784,-0.122568,0.229614,-0.078067,-0.039496,-0.286978,0.189363,-0.213379,-0.265539,-0.198564,-0.0562,-0.123705,-0.373963,-0.517079,-0.097369,-0.483806,0.033947,-0.448531,-0.506641,-0.124082,-0.299414,-0.044854,-0.280912,-0.388626,-0.197374,-0.288975,0.122568,-0.2772,-0.107914,-0.360835,-0.206229,-0.359976,-0.057244,-0.114545,-0.124082,0.163977,-0.431945,-0.096141,-0.105931,0.030088,-0.053133,-0.088255,-0.102652,-0.450125,-0.172958,0.201978,-0.33518,0.211465,-0.017498,-0.084708,-0.280228,0.013769,-0.196003,0.059735,-0.304998,-0.196542,0.163977,0.448768,0.104178,0.059906,-0.119511,0.117728,-0.287131,-0.591465,-0.169845,-0.112446,-0.130843,-0.055932,0.233636,0.018825,-0.123705,-0.234715,0.205096,-0.114977,-0.264912,-0.343362,-0.489855,-0.283026,0.201671,-0.273612,-0.133253,-0.003129,0.170022,-0.206229,-0.373672,0.269756,-0.225224,0.278486,0.347936,-0.27891,-0.41864,-0.14529,-0.085587,-0.196003,-0.180699,-0.233342,-0.113307,-0.158951,-0.179236,-0.280701,-0.067267,-0.074237,-0.136226,-0.097248,-0.352167,0.373817,0.059213,0.023748,0.140928,0.472498,-0.339569,0.449697,0.218121,-0.273195,0.128679,0.227675,0.158296,0.185899,0.222911,-0.350443,-0.184378,-0.103638,0.023562,0.000867,0.193899,-0.180831,0.237926,-0.018128,-0.315501,0.084574,0.018764,#
9,0.248062,0.240437,-0.032458,-0.312647,0.034993,-0.311438,0.041455,-0.21475,0.407659,1.0,-0.004474,-0.033229,0.18443,0.57828,0.077404,-0.120152,-0.557748,0.165996,0.06332,0.325947,0.135161,0.149656,0.373785,0.022276,0.135676,-0.341706,-0.273722,0.153391,0.002342,0.382518,0.094572,0.148927,0.370883,-0.347275,0.229268,-0.265834,0.409389,-0.026493,0.343525,-0.39111,0.388194,0.305909,-0.126464,-0.040319,-0.017812,-0.417501,0.18331,0.610085,0.118744,0.101815,-0.242717,-0.1291,0.335034,-0.07318,0.215413,0.137718,-0.267866,-0.284562,-0.262932,0.172944,0.359681,0.022795,-0.442971,-0.061151,0.007972,0.181798,0.088125,-0.030809,0.044631,0.135942,-0.091296,0.261601,-0.021009,0.191002,-0.20807,-0.110392,-0.165531,-0.296649,0.087243,0.343841,0.01668,-0.344289,-0.314585,0.06032,-0.193478,0.367172,-0.224329,-0.120511,0.236567,-0.396607,0.017305,0.113133,-0.124427,-0.026063,-0.019116,0.30115,-0.421219,-0.097968,0.200726,-0.117406,-0.443107,0.123353,-0.132073,-0.109889,0.148413,-0.099908,-0.313273,-0.405343,-0.014641,-0.089577,0.40298,0.026506,-0.24058,0.042756,-0.002261,-0.242508,0.152716,-0.215441,0.382583,-0.295604,-0.156102,-0.270936,0.220812,-0.138587,-0.193136,0.387441,0.42661,-0.091519,0.030653,-0.222465,0.121661,-0.057833,-0.596733,0.016508,-0.24547,-0.051427,-0.454113,0.116285,0.370801,-0.151164,0.105806,0.035776,-0.186482,-0.449648,-0.355915,-0.14248,-0.391228,0.022402,-0.021851,0.012034,-0.163072,0.604369,-0.117406,-0.56855,0.065563,-0.2601,0.686035,0.41291,0.085974,-0.124361,-0.220188,0.287149,-0.270936,0.294567,0.112923,0.345714,0.238007,-0.239313,-0.034327,-0.079606,-0.222436,0.214771,-0.033471,-0.248494,0.358919,-0.17808,0.164594,-0.159681,0.555821,-0.233249,0.467493,0.187382,-0.597803,-0.171464,0.141076,0.074318,0.266532,0.162718,-0.500654,-0.060206,-0.235898,-0.034633,-0.124746,0.346448,-0.060003,-0.016135,-0.086594,-0.129153,0.397185,0.484421,#
10,0.383514,0.052163,0.165009,-0.145647,0.423593,0.098123,0.225384,-0.351161,0.031887,-0.004474,1.0,0.139303,0.209249,0.067474,-0.403074,0.151977,-0.083456,-0.03583,0.027934,0.070312,-0.113212,-0.098809,-0.139156,0.087241,0.096623,0.272119,-0.056234,-0.070516,0.279478,-0.123149,0.053668,0.072824,-0.073308,-0.299198,-0.124124,0.334921,0.242129,0.324304,0.092912,0.104936,-0.211003,-0.368717,-0.309645,-0.2079,-0.181159,0.056148,-0.077765,0.088639,0.123851,0.301626,0.161515,-0.345901,0.198169,0.286195,0.165303,-0.402612,-0.20049,0.249403,0.041073,-0.315442,-0.216949,-0.285581,-0.12923,0.281014,-0.073485,0.215615,0.331377,0.083862,-0.029915,-0.183915,0.032027,0.176807,0.093369,0.089913,-0.027799,0.109778,-0.260465,-0.099376,-0.021909,-0.264599,-0.078355,0.080739,-0.109063,0.209237,0.073321,-0.143018,-0.038399,0.204293,0.02417,-0.044832,-0.091755,-0.020733,-0.168571,-0.018092,-0.031734,-0.201072,0.030493,-0.329103,0.108405,-0.055207,0.178742,-0.035883,-0.239666,-0.136035,0.196484,-0.055398,-0.067312,0.487482,-0.108807,0.302017,-0.093942,0.02012,-0.381517,-0.385209,-0.065957,0.140405,-0.468119,0.216815,-0.384271,-0.004137,-0.385235,0.284755,-0.065957,-0.55547,-0.256271,0.196484,0.043584,0.019994,0.055936,-0.210954,-0.027901,-0.386998,0.01407,-0.301695,0.042002,-0.027814,0.296296,-0.063208,-0.045162,0.092577,-0.230082,0.275247,-0.098849,-0.014248,0.132087,-0.115246,-0.202157,0.186078,-0.014368,-0.013481,0.397902,0.185958,-0.298579,-0.000219,0.158306,-0.041343,-0.194875,-0.074332,-0.149748,-0.072215,-0.032224,-0.427464,-0.139999,0.162501,0.30918,-0.129525,0.008627,-0.089981,-0.13484,0.1524,0.083008,0.24685,0.101024,0.039959,-0.303277,0.157179,-0.108807,0.022685,-0.130431,0.023161,-0.075187,0.110885,-0.070677,0.033198,0.281701,0.100952,0.064095,0.160568,0.249649,0.182841,0.231352,0.269308,0.299453,-0.095546,-0.176136,-0.047837,-0.012717,-0.085905,-0.126026,-0.276724,#
11,-0.180161,-0.035111,0.040867,-0.202756,0.133118,0.30276,0.065544,-0.10089,0.303085,-0.033229,0.139303,1.0,-0.109551,0.189424,-0.247349,-0.112704,-0.187118,-0.115358,-0.051636,-0.280251,-0.006092,-0.313228,0.060032,0.115217,0.037644,-0.033745,0.200958,0.337105,0.052476,0.283987,0.044047,-0.059443,-0.311925,-0.001317,-0.012034,0.260685,-0.10524,0.024215,0.06227,0.022635,-0.056693,-0.022599,-0.138621,-0.1522,-0.177018,0.188896,-0.302719,-0.068902,0.066689,0.266019,-0.352135,0.021387,-0.248528,0.12306,-0.132654,-0.027048,-0.331501,0.119596,-0.165765,-0.143603,-0.131036,-0.440013,0.013774,0.162804,0.190311,0.524025,-0.070699,0.364149,0.510751,-0.220364,-0.025338,-0.188411,-0.116766,0.205211,0.281805,0.037562,-0.116174,0.0939,-0.433956,-0.27251,-0.3572,-0.434476,0.036951,0.274748,-0.194638,-0.343281,0.126907,-0.298946,-0.032833,-0.045457,0.061777,-0.212251,-0.273768,0.010424,-0.056905,-0.111185,-0.049307,0.117821,-0.145779,-0.032911,0.053599,-0.105372,-0.211042,-0.032833,-0.1492,-0.110609,-0.052836,-0.194092,-0.019572,0.272475,0.125074,-0.13137,-0.389703,-0.199002,-0.195849,-0.057077,-0.190313,0.196859,0.015534,-0.053118,-0.20265,0.180274,0.122628,-0.368241,0.083057,-0.1492,0.041633,-0.148636,-0.002219,-0.19199,-0.115401,-0.031581,-0.214512,-0.268862,-0.243236,0.134409,0.102328,-0.017459,-0.328963,-0.521504,0.074471,0.11871,0.153382,0.012091,0.18278,-0.356728,-0.003369,0.160883,-0.222705,0.103079,0.205118,0.218118,-0.023913,0.145764,0.025236,-0.118223,-0.030353,0.183728,-0.062796,-0.248279,-0.158748,-0.113753,0.195977,-0.201551,-0.418782,-0.006956,-0.20265,0.060674,0.264639,0.06865,0.167706,0.170497,0.064793,-0.135872,0.154638,-0.043314,-0.019572,0.587157,0.060185,0.184556,0.086498,-0.183005,0.010112,-0.074443,0.470766,0.376113,-0.090985,-0.050322,0.063233,-0.097962,0.098647,0.168888,0.036416,0.2595,-0.255193,0.029591,0.064799,-0.089818,-0.076205,-0.193322,#
12,0.348889,0.021316,0.167663,-0.139081,-0.067991,-0.306784,0.190603,-0.080762,0.114538,0.18443,0.209249,-0.109551,1.0,0.561155,-0.070384,-0.04947,-0.233398,0.279694,0.322049,0.335224,0.139528,0.095958,0.228898,-0.074143,0.01691,-0.303044,0.012477,0.005278,0.323976,0.11615,0.028584,-0.182431,-0.021038,0.210081,-0.107738,0.287058,0.168517,0.164912,-0.098774,0.161436,-0.168032,-0.186481,0.214733,-0.132802,0.163434,-0.368058,0.293675,0.300701,0.019714,-0.177814,0.039299,-0.14913,0.171107,-0.149194,-0.060729,-0.14942,0.1083,-0.250633,0.22877,-0.099194,0.359539,-0.198446,-0.200682,-0.145199,0.030299,0.232699,-0.047546,0.22625,0.164433,0.190621,-0.143001,0.486253,-0.087716,-0.191925,-0.401922,-0.172629,-0.145538,-0.277569,-0.097836,0.104199,0.150828,0.107006,-0.376012,-0.365826,-0.256742,0.370446,-0.219925,0.156419,-0.179883,-0.185793,-0.135444,-0.003658,-0.216262,-0.157976,-0.051669,-0.135381,-0.33739,-0.235597,-0.296571,-0.144404,-0.207628,-0.345409,-0.320547,-0.121591,0.046741,-0.047295,-0.268786,-0.213976,0.014464,-0.027348,-0.026827,-0.324469,-0.245429,-0.054314,0.398825,0.035217,-0.281641,-0.035401,0.073512,-0.022353,-0.051557,0.062277,-0.323771,0.05876,-0.247,0.057456,0.173568,0.151735,-0.123445,-0.404155,0.162268,0.074242,-0.08146,-0.037759,0.388067,-0.232903,0.23728,-0.152919,-0.091258,-0.044968,-0.306248,0.148064,0.032393,-0.263471,-0.308072,0.18711,-0.31856,0.205245,-0.232956,0.156177,-0.18459,0.051133,-0.130466,-0.335733,0.29276,-0.260633,0.159757,0.082712,-0.2026,-0.145885,0.201356,0.243122,0.086604,-0.081749,0.472567,0.044945,0.227573,0.20906,-0.121561,0.253677,-0.093385,-0.097312,-0.180908,-0.043701,0.081539,-0.025435,-0.266594,0.042632,0.190815,-0.305005,-0.15932,-0.017572,0.023108,-0.000963,-0.095433,0.010689,0.258927,0.284861,-0.111871,0.41587,-0.225768,-0.059395,-0.172532,0.203195,0.338004,-0.113826,0.113078,-0.116061,-0.05359,0.239988,#
13,0.257959,0.153716,-0.058164,-0.326453,-0.228064,-0.11999,0.281702,-0.141347,0.308758,0.57828,0.067474,0.189424,0.561155,1.0,0.085116,-0.221673,-0.371759,0.075611,0.173671,0.345165,0.318699,-0.058673,0.229559,0.047708,-0.014524,-0.261862,0.118064,0.245842,0.193076,0.301332,0.185955,0.083206,0.079022,-0.018832,-0.0947,0.029149,0.205767,0.155649,0.216292,-0.083239,0.071613,0.305699,-0.190169,-0.19399,0.188596,-0.53367,0.300748,0.321223,0.118833,-0.061904,-0.028834,-0.257379,0.16807,-0.386838,-0.179295,-0.044272,0.021008,-0.320415,-0.191871,-0.173056,0.456143,0.028021,-0.423898,-0.157247,0.212513,0.370511,-0.082325,0.010576,0.239572,-0.139941,-0.24771,0.246765,-0.087966,0.015907,-0.331142,-0.178445,-0.369359,-0.367542,-0.123376,0.300723,-0.05027,-0.408404,-0.396313,-0.053639,-0.415114,0.377015,-0.26809,-0.010815,0.021323,-0.364589,-0.025322,-0.136541,-0.346066,-0.199921,-0.169713,0.080761,-0.487266,-0.24315,0.119008,-0.290814,-0.385683,-0.238754,-0.364971,-0.318742,-0.167021,-0.100901,-0.114463,-0.572779,0.058986,-0.052388,0.142063,-0.019598,-0.519123,0.10544,0.172491,-0.13701,-0.25235,-0.115641,0.397828,-0.153884,-0.02306,-0.319158,0.015711,-0.141217,-0.35616,0.059301,0.155315,-0.115289,-0.312166,-0.459155,-0.112574,-0.054691,-0.521681,-0.23739,0.000986,-0.23816,0.157986,-0.181765,0.076064,-0.419925,-0.050774,0.215676,0.100999,-0.444601,-0.386833,-0.130714,-0.113097,0.19905,-0.31111,0.14746,-0.128638,0.448399,-0.022497,-0.46015,0.052927,-0.272386,0.572478,0.186866,-0.02045,-0.345075,-0.237217,0.316965,0.149132,-0.182589,0.149482,0.133647,0.056425,-0.162657,-0.102354,-0.042705,-0.323886,0.152266,-0.139608,-0.347861,0.278916,-0.116911,0.051692,0.119234,0.341013,-0.352374,0.210999,-0.033075,-0.38997,-0.081915,0.20222,0.109368,-0.024082,0.222901,-0.301327,0.305247,-0.316179,-0.001101,-0.215997,0.225037,-0.052243,-0.172831,0.146235,-0.369933,0.175541,0.344,#
14,-0.05397,0.112656,-0.275272,0.121057,-0.043509,-0.168087,-0.094384,0.197818,-0.154896,0.077404,-0.403074,-0.247349,-0.070384,0.085116,1.0,-0.313659,0.157707,-0.056585,0.209417,0.184598,0.27572,-0.140211,0.023317,0.136249,-0.187388,-0.010216,0.3394,0.108793,0.207375,-0.119219,-0.137935,0.240982,0.164273,0.001053,-0.155037,-0.437114,-0.113754,0.009292,-0.195344,0.03048,0.168262,0.24584,0.032402,0.19606,0.189152,-0.143611,-0.157111,-0.069691,0.012855,0.012614,0.275541,-0.257258,0.387319,0.028525,0.234209,0.315174,0.390108,-0.415531,0.011537,0.149411,0.198145,-0.040926,-0.361465,0.093665,0.107615,-0.070062,0.190011,-0.27432,-0.012778,-0.027736,-0.02072,-0.29247,0.083246,0.047452,-0.039548,-0.18641,-0.114408,0.096982,-0.007767,0.350558,0.086856,-0.149662,0.183829,-0.044566,-0.07103,0.423629,0.255542,-0.000948,0.0933,-0.356322,0.020474,0.247186,0.185858,-0.012324,-0.071978,0.174901,-0.36279,0.075194,-0.013536,-0.026711,-0.363729,0.065543,0.123309,-0.360053,-0.023317,0.018676,-0.044245,-0.083528,0.100632,0.021009,0.109131,-0.144136,0.235328,0.17499,0.13106,-0.046531,-0.173345,0.061818,0.088025,-0.266976,-0.01588,-0.211382,0.12567,0.1411,-0.03832,-0.192594,-0.152147,0.08943,-0.043511,0.086848,0.01936,0.139107,0.096547,-0.163257,0.290343,-0.039569,-0.083871,0.215705,0.056203,-0.074253,-0.121882,-0.347373,-0.174495,0.219953,-0.158213,-0.12876,-0.024445,-0.164925,-0.086292,-0.125909,-0.191598,-0.17758,-0.026711,-0.016116,-0.363222,0.005288,0.404139,-0.01161,-0.109268,0.386502,-0.025064,0.07679,-0.211382,-0.252871,-0.232963,0.097679,0.32708,-0.120626,-0.117677,-0.112314,-0.315993,-0.216208,-0.110154,0.15779,-0.184741,-0.243071,0.11055,0.075191,0.359075,0.001969,-0.102356,0.264744,0.145726,0.236465,-0.188478,-0.168007,0.199249,-0.071978,0.195446,-0.123682,-0.084465,-0.212968,0.02835,-0.054192,-0.197034,-0.05464,-0.104492,-0.308089,0.143541,-0.031028,#
15,-0.026607,-0.017046,-0.111011,0.097033,0.193533,-0.163621,0.133767,-0.365233,-0.064557,-0.120152,0.151977,-0.112704,-0.04947,-0.221673,-0.313659,1.0,0.152753,0.305245,-0.172217,0.143075,-0.533002,-0.107318,0.138388,-0.044124,0.171209,-0.065164,-0.171414,0.186943,0.217724,-0.07064,0.00907,-0.204793,0.225605,-0.271901,0.103233,0.21629,0.274929,-0.08422,0.20602,0.141077,-0.116484,-0.361424,0.34032,0.118034,-0.166172,0.142531,0.139158,0.182268,0.244813,0.244292,0.07208,0.302782,-0.267759,0.055769,0.103418,-0.04962,0.132618,0.175462,0.15455,0.121877,-0.265165,0.44006,0.387487,-0.080861,-0.278933,-0.129894,0.027872,-0.094868,-0.404859,-0.079153,0.171235,0.262264,0.362753,-0.204028,0.22629,0.28424,0.154939,-0.168946,0.228961,-0.027357,0.014961,0.346689,-0.194651,0.109584,0.147562,-0.077258,-0.149326,-0.237014,-0.080121,0.212902,-0.024095,0.265345,-0.101749,0.1258,0.09525,-0.309882,0.3055,0.177043,0.037929,0.22917,0.122798,0.006673,-0.172968,0.293053,0.123432,0.196193,0.022755,0.048875,-0.045067,0.040672,-0.360254,0.037172,0.081021,0.050198,-0.184915,0.231499,0.130611,-0.023688,-0.154138,0.094801,0.046425,0.322019,-0.349398,-0.0044,0.121808,-0.066521,-0.219999,0.324519,-0.05328,-0.139838,-0.108811,-0.153484,-0.055228,0.179059,0.002592,0.036463,-0.08617,-0.272021,-0.152397,0.195749,0.009885,0.192432,-0.218641,-0.246266,0.078925,0.313765,0.131372,0.105392,-0.092362,-0.229432,-0.053849,-0.069289,-0.028234,0.262485,-0.042847,0.019809,-0.233542,0.185987,-0.01801,-0.271741,0.146917,0.001457,-0.127226,0.113503,0.262489,0.093056,-0.131773,0.154965,-0.091555,0.017737,0.166367,0.174437,0.334857,-0.023701,-0.087778,0.109423,-0.063473,0.058616,-0.248928,-0.21234,0.144593,-0.150277,-0.228079,0.070317,0.016132,-0.136961,0.057875,0.102783,0.167915,-0.112233,-0.003713,-0.06735,0.019161,0.151974,-0.001267,0.070812,0.0576,0.104088,0.347025,0.130331,#
16,-0.148314,0.257193,-0.055901,0.221367,0.092375,0.273125,0.226166,0.194675,-0.321835,-0.557748,-0.083456,-0.187118,-0.233398,-0.371759,0.157707,0.152753,1.0,-0.061817,0.218116,-0.102807,-0.071088,-0.104162,-0.129657,-0.284766,-0.440514,0.0796,-0.065833,-0.080104,0.121948,-0.342417,-0.18513,0.12051,-0.081352,0.144186,0.007574,0.158755,-0.274997,-0.343164,-0.274017,0.430872,-0.21487,-0.163588,0.029855,0.11898,0.019935,0.194164,-0.087147,-0.553982,0.043853,0.318367,0.346229,0.105643,-0.085132,0.051753,0.149044,0.045429,0.372558,-0.126393,0.199058,-0.211367,-0.240229,0.168814,0.330836,-0.213572,-0.09913,-0.042347,-0.076331,-0.158159,-0.30437,-0.201615,-0.123737,-0.440861,0.090842,-0.282789,-0.043367,0.047202,0.067965,-0.109656,-0.037902,-0.110335,0.079064,0.24499,0.22724,-0.170667,0.078177,-0.158469,0.116189,-0.164537,-0.1704,0.125905,0.039515,-0.034604,0.00712,-0.062524,0.141617,-0.225945,0.346596,0.004897,-0.120029,0.381809,0.205614,0.139396,0.239055,0.014977,-0.231011,0.122945,0.053772,0.147253,-0.295411,-0.043392,-0.292428,0.003377,0.141617,0.191061,-0.120593,0.135586,0.080684,0.172903,-0.238982,-0.177043,-0.004579,-0.139919,-0.282752,-0.012899,0.066618,-0.432024,-0.331743,-0.045107,-0.067835,0.133774,-0.034247,-0.228362,0.356285,-0.108374,0.194364,-0.039645,0.312354,-0.068764,-0.191434,0.079064,-0.063426,-0.10598,-0.11569,0.372711,-0.042305,0.07405,0.100269,0.073036,-0.042181,0.011958,0.12659,-0.455708,0.381809,0.214624,-0.086943,0.116304,-0.402076,-0.16288,-0.187446,0.399956,0.036861,-0.060444,-0.139919,-0.35662,-0.189431,0.016871,0.00661,0.017676,-0.342731,-0.041055,-0.028331,0.062778,-0.133642,0.022512,-0.340289,0.118979,-0.120859,0.012416,-0.169296,0.012183,-0.269263,-0.093354,0.634995,0.202983,-0.073031,-0.314406,-0.021023,-0.039072,0.434011,-0.189167,0.018242,0.261239,-0.151181,-0.288729,-0.030314,-0.035745,-0.040172,0.100368,-0.421451,-0.11328,#
17,-0.232146,0.054035,0.165498,0.354748,-0.321877,-0.392894,0.23241,-0.16019,0.098828,0.165996,-0.03583,-0.115358,0.279694,0.075611,-0.056585,0.305245,-0.061817,1.0,-0.118272,0.343812,-0.323738,-0.243039,0.056004,-0.15392,0.018616,0.158092,0.099724,0.139475,0.17419,0.129914,0.033993,-0.160702,-0.117002,-0.096951,0.027834,0.069079,0.05253,0.009558,0.028237,-0.137147,0.085141,-0.095455,0.387239,0.095245,-0.143908,-0.031356,0.04019,0.309825,-0.019246,0.068892,-0.080152,0.171252,0.169732,0.041969,0.246139,-0.209763,0.154141,-0.132059,0.106093,-0.114643,0.044645,0.128222,-0.014327,-0.096782,0.23105,-0.11674,-0.066868,0.156549,-0.122626,0.146565,0.246226,0.008087,-0.081236,-0.354462,-0.140531,0.099705,-0.002218,-0.180976,-0.043033,0.037329,-0.138333,-0.141514,-0.365516,0.166193,-0.37546,0.095742,-0.253026,-0.268635,-0.247688,-0.110251,-0.494075,-0.04403,-0.440131,-0.063639,-0.226586,-0.210595,0.026746,-0.1226,0.020833,0.338649,-0.433816,-0.275636,-0.18549,0.243358,-0.005805,-0.076585,0.001611,-0.232467,0.014638,0.259819,-0.053502,-0.220277,-0.046101,-0.130675,-0.07997,-0.386704,0.205063,-0.281767,0.086621,-0.26415,-0.12483,0.178022,-0.148976,-0.098095,-0.157456,0.001763,-0.042603,0.351932,-0.204342,-0.067215,0.105067,0.107011,-0.178754,-0.099303,0.096757,-0.068028,-0.094485,-0.096994,-0.079291,-0.103758,-0.082635,0.062396,0.132218,-0.226301,-0.102,0.171852,-0.388075,0.543102,-0.041807,-0.210718,-0.242938,-0.007683,0.08266,-0.185546,-0.121463,-0.080222,-0.231032,0.528397,0.1018,-0.154107,0.186133,0.109631,-0.268752,0.221324,0.124562,0.194049,-0.12483,-0.065933,-0.262649,0.078557,0.09189,0.036413,-0.237691,-0.102931,-0.089296,-0.210556,-0.18389,0.172512,-0.082401,-0.18047,0.354629,-0.143528,0.056034,0.033933,0.105958,-0.332236,0.204778,0.299261,-0.23302,-0.087245,-0.157095,-0.235315,-0.154148,0.190744,0.212889,-0.38927,-0.232726,-0.010267,0.09747,0.364601,#
18,0.426144,0.369229,-0.122439,-0.077922,0.150112,-0.015269,0.279579,0.206398,0.055427,0.06332,0.027934,-0.051636,0.322049,0.173671,0.209417,-0.172217,0.218116,-0.118272,1.0,0.033858,0.26951,0.038182,0.096261,0.138671,-0.076587,-0.057288,-0.10997,0.034613,0.248118,0.027127,-0.339997,0.145268,0.28042,0.080909,-0.025519,0.172513,-0.038923,-0.179331,-0.149954,0.320369,0.263202,-0.129302,-0.093295,-0.044388,0.307535,-0.004971,0.076136,-0.242719,-0.087543,-0.020693,-0.061876,-0.11371,0.208622,-0.050691,0.203131,0.227747,0.273115,-0.369189,-0.115998,-0.201575,0.165451,-0.381974,-0.125866,0.128421,-0.134004,0.195146,-0.276446,-0.001825,0.099886,-0.224814,-0.355805,0.197656,-0.085328,-0.290973,-0.423878,-0.259042,-0.145622,-0.076977,-0.329019,0.208403,0.270452,-0.047424,0.128181,-0.710854,0.022113,0.092818,0.09883,-0.164256,-0.050563,-0.292704,-0.170205,-0.232205,0.132109,-0.50778,0.46551,-0.121707,-0.253662,0.026566,-0.27896,-0.142039,0.101661,0.346803,-0.032791,-0.354902,-0.264663,-0.213054,-0.230214,-0.123471,-0.087482,-0.048564,-0.048981,-0.049906,-0.040565,0.08159,0.160376,0.390547,-0.033755,0.187411,0.040165,-0.034831,-0.118603,-0.178596,-0.142034,-0.044062,-0.469134,-0.264663,0.093398,-0.22381,-0.049232,0.099991,-0.158842,-0.220111,0.020348,-0.047901,0.11873,0.13534,0.135815,0.044646,0.036531,-0.084807,-0.359045,0.002906,-0.103814,-0.046194,-0.188933,-0.183395,-0.257891,0.013378,-0.374324,-0.051433,-0.118408,-0.060371,-0.142039,-0.317509,0.201065,-0.207154,0.093766,-0.130297,-0.369596,0.237102,-0.012582,0.200359,-0.178596,-0.281815,-0.111648,-0.032175,0.392618,0.273477,-0.262814,-0.010653,-0.019516,0.152057,0.174194,0.205619,0.017203,0.111799,-0.273106,0.040744,0.301202,0.016712,-0.396663,0.146291,0.225919,0.379447,-0.165143,0.077596,0.474076,-0.018424,0.09729,0.041358,-0.247082,0.233539,-0.06674,-0.029991,-0.028915,0.202461,0.047951,-0.230066,-0.228563,-0.030894,#
19,-0.045562,0.002437,0.225689,-0.224119,-0.06225,-0.385049,0.056912,-0.30602,0.111743,0.325947,0.070312,-0.280251,0.335224,0.345165,0.184598,0.143075,-0.102807,0.343812,0.033858,1.0,-0.017422,0.028721,0.193832,0.098655,-0.281309,-0.228414,0.102811,-0.121039,0.226249,-0.277121,0.059344,0.387038,0.457849,0.084302,-0.102039,-0.220052,0.164483,0.159156,-0.309493,-0.022708,0.281029,-0.176569,0.19634,-0.208303,-0.119612,-0.435697,0.041494,0.45766,0.288831,-0.096659,0.120512,-0.141989,0.509801,-0.211231,-0.294397,0.137564,0.118681,-0.380943,0.41215,0.053673,0.340317,0.043762,-0.350328,-0.498942,0.181538,0.076326,0.103489,-0.18466,-0.11436,0.303325,-0.338537,0.056717,0.104562,-0.142988,-0.092051,-0.539677,0.020019,-0.310911,0.366161,0.396155,0.30789,0.184666,-0.102539,-0.210482,0.071827,0.774492,-0.037435,-0.240765,0.143738,-0.237377,0.022972,0.472224,0.029566,-0.054211,0.00552,0.207751,-0.036394,-0.00734,0.142485,0.0732,-0.455318,-0.034353,-0.019141,0.120685,0.476633,0.18701,0.004301,-0.264157,0.294209,-0.056764,0.117304,-0.325367,0.166215,0.287007,0.169122,-0.043651,-0.053769,0.059978,0.072869,-0.336923,0.093363,-0.179889,-0.008989,-0.088031,-0.267729,0.297862,0.271338,0.230404,0.131014,0.278495,0.505918,-0.068631,-0.069241,-0.104204,0.379885,0.099683,0.138942,0.066649,0.152822,0.30789,0.013365,0.02794,-0.033881,-0.201044,-0.103011,0.050863,0.065777,-0.087136,0.004717,0.219,-0.035911,0.154072,0.324366,-0.111036,-0.14555,0.209655,0.323573,0.161543,0.066631,0.06658,0.282591,0.193917,0.258469,0.184661,0.15326,0.099654,0.272063,-0.258437,-0.225886,0.307494,-0.425851,-0.152983,-0.439375,0.080274,-0.374174,0.153095,0.287634,-0.194429,0.232283,-0.118292,0.179477,0.140481,-0.306391,-0.018439,-0.228612,-0.23979,0.489468,0.502352,-0.182434,-0.134913,0.007079,-0.262856,-0.507621,-0.056757,0.258663,-0.462005,-0.601164,-0.168902,0.476888,0.094436,#
20,0.015508,0.519021,-0.04263,0.042909,-0.123624,0.056299,-0.046496,0.220948,-0.234321,0.135161,-0.113212,-0.006092,0.139528,0.318699,0.27572,-0.533002,-0.071088,-0.323738,0.26951,-0.017422,1.0,0.07578,-0.08357,0.052045,-0.082601,-0.235254,0.089992,-0.118149,-0.264828,0.032587,-0.029943,0.139948,0.249964,0.197383,-0.427294,-0.316691,0.048393,-0.284145,0.164781,0.006468,0.282742,0.21632,-0.402118,0.022225,0.322081,-0.208549,-0.087826,-0.063181,0.143105,0.050159,-0.335192,0.025099,0.353903,-0.032384,-0.17423,-0.074099,0.232221,-0.187406,-0.430821,-0.215102,0.054158,-0.078812,-0.163508,-0.077384,0.434331,0.239579,-0.242885,-0.101402,0.251643,-0.135417,-0.333955,0.003655,-0.354535,0.163524,-0.235513,-0.365364,0.001862,0.190953,0.102386,0.141049,0.026156,-0.20749,0.292891,-0.122658,0.068278,0.194494,0.231386,0.395,0.370905,-0.085546,-0.03637,0.168083,0.151081,-0.131679,0.176397,0.279002,-0.264064,-0.003356,0.241744,-0.262242,0.060684,0.217208,0.240401,-0.105969,-0.125729,-0.007763,0.200251,-0.288674,-0.101114,-0.237386,0.201973,0.074187,0.010416,0.147893,0.223763,0.051735,-0.077946,0.294338,0.024292,-0.024934,-0.044036,-0.229095,0.05593,0.076537,-0.091663,-0.132815,0.103503,-0.503756,-0.339171,-0.107775,0.106674,0.073226,-0.141102,-0.080094,-0.019046,0.095029,0.27042,0.404519,0.056279,-0.142175,0.200677,-0.123504,0.080438,0.188317,-0.059873,-0.452094,-0.020178,-0.152573,-0.001284,0.114889,0.075042,0.052135,-0.022574,-0.223588,0.068796,-0.187483,0.441799,-0.288782,-0.041123,0.142341,-0.253808,0.043775,0.189196,-0.200523,-0.204077,-0.001235,0.282557,0.135437,0.258514,-0.339045,-0.121617,-0.12137,-0.131885,-0.061832,0.2274,-0.176989,0.257599,-0.17013,0.253532,0.08969,-0.372739,0.00843,0.081529,0.000871,0.013511,-0.100053,-0.163809,-0.349646,-0.19966,0.257204,-0.011961,-0.114169,-0.207263,-0.112534,-0.056513,-0.146565,0.12267,-0.467906,-0.104548,-0.086984,#
