0,1.0,-0.163324,0.072597,0.081603,-0.050049,0.089756,-0.027099,-0.033861,-0.430339,-0.000189,0.04874,0.05181,0.235276,0.165826,-0.040117,0.211929,0.007254,-0.330891,0.206188,-0.15876,0.49528,0.03685,-0.119153,-0.418504,-0.187014,-0.476538,0.066176,-0.116628,0.251943,0.195686,0.306846,0.19801,0.256392,-0.079043,0.055784,0.108841,0.29801,-0.18115,-0.247131,-0.178757,0.22945,0.36933,0.164156,0.060933,-0.406964,-0.108617,-0.191291,-0.03834,-0.076571,-0.121185,-0.163267,-0.053163,0.326079,0.084463,0.437059,-0.135354,-0.285489,-0.089204,-0.266108,0.259059,0.38224,0.346439,0.037791,0.049723,-0.097339,-0.188484,-0.228387,0.436401,-0.300105,-0.271732,-0.041396,-0.156439,-0.407642,-0.157886,-0.434152,0.27362,-0.082047,-0.004765,-0.38522,-0.035671,0.00912,-0.457606,0.098711,-0.146849,-0.188045,-0.156451,-0.293402,0.015196,-0.148067,-0.26009,-0.34788,-0.308346,0.047401,-0.247936,0.016422,-0.265554,-0.300983,0.005192,-0.241159,0.235096,0.143797,-0.067705,-0.195105,-0.167115,0.109927,-0.189148,-0.014477,0.196718,-0.259687,0.157425,0.046081,0.273339,-0.442197,-0.084889,0.156764,0.018252,-0.303083,-0.388033,-0.370611,0.004017,-0.325322,0.135041,0.024871,-0.267925,-0.056507,-0.248325,-0.403472,0.163588,-0.207575,0.290864,0.210187,-0.533971,-0.087156,0.106645,-0.246173,0.000859,-0.203908,0.04823,0.388091,-0.244615,-0.184074,0.206039,0.037509,0.212906,-0.090319,-0.014394,-0.132879,-0.022906,-0.331196,-0.38672,-0.127283,-0.321827,-0.089996,-0.329426,0.235209,-0.069545,0.048911,0.092768,-0.284417,-0.168833,0.223862,-0.423373,0.10278,-0.113327,-0.162323,-0.371743,-0.341938,0.062846,-0.029001,-0.256849,0.135844,0.24208,-0.456248,0.020143,-0.279533,0.070942,-0.052334,0.175299,-0.111691,0.13754,0.033047,-0.179359,0.153762,0.430222,0.222173,0.1558,0.16815,0.058265,0.043303,0.222388,-0.031538,0.093382,0.302611,-0.125057,-0.163385,0.113945,-0.108066,-0.290058,-0.109883,0.092966,#
1,-0.163324,1.0,0.421811,-0.262208,-0.169099,0.133923,0.0687,0.28018,-0.011463,0.453851,-0.314645,0.090348,0.127235,0.453851,0.388385,0.161348,-0.56778,0.409349,-0.008889,0.237161,0.023445,0.274366,0.447421,0.30412,0.227893,-0.189863,0.022955,-0.060447,-0.202331,0.283067,-0.027875,0.052568,0.133566,-0.023682,-0.434069,0.216614,0.219516,-0.025698,0.101988,0.054346,0.037569,0.413029,-0.231187,-0.065228,0.443674,-0.456556,0.345109,-0.029831,0.060234,0.091799,0.137307,-0.149674,0.087227,-0.197553,-0.2708,-0.158292,-0.286548,-0.460504,-0.207904,-0.26444,0.125891,-0.031341,-0.47647,-0.230234,0.355706,0.101294,0.038587,0.010208,-0.034802,0.110506,0.166458,0.214755,0.212225,-0.080963,-0.012226,-0.195718,-0.349094,-0.289979,0.038127,0.131585,0.273915,-0.299213,-0.191662,0.352351,-0.239817,-0.295956,-0.288578,-0.291794,0.068062,0.092345,0.066909,-0.299914,-0.269136,0.153033,-0.316747,0.057763,0.13975,0.328739,0.506125,-0.116244,-0.134753,0.102556,-0.21838,-0.234778,-0.135027,0.039004,-0.420824,0.112746,-0.250142,-0.318183,0.457309,0.32044,-0.169256,0.149975,0.081609,-0.200261,-0.226541,-0.144873,0.56097,-0.476802,-0.269198,-0.466601,-0.48941,-0.0222,-0.361978,-0.04148,0.304703,0.360211,-0.187483,0.078387,0.341484,0.430735,-0.087694,-0.460376,-0.245675,-0.497732,0.193904,0.265299,0.072913,-0.13992,-0.035822,-0.239056,-0.283568,-0.368437,-0.11854,0.270477,-0.097237,0.148811,-0.007456,0.122508,-0.318839,-0.195425,0.088115,0.038929,0.03107,-0.004406,0.233223,0.057839,-0.039021,-0.136995,0.276015,-0.016324,-0.003001,0.495856,0.226478,0.225054,-0.045022,-0.193008,-0.250142,-0.23452,-0.316179,-0.230458,-0.121282,-0.111259,-0.08315,-0.198861,-0.100031,0.158319,0.395067,-0.46929,0.351872,-0.021953,-0.755258,-0.293002,0.195729,0.020042,0.398455,-0.095455,-0.376568,0.369228,0.197235,-0.208189,0.058356,0.626039,-0.223359,-0.235156,-0.007283,0.178633,0.699453,-0.072768,#
2,0.072597,0.421811,1.0,0.134421,0.021079,-0.011226,0.143888,0.121769,0.153727,0.119031,-0.135932,-0.102103,-0.202406,0.098918,0.013346,-0.13128,-0.546624,0.374258,-0.134568,0.130069,0.124722,0.408466,0.085842,0.178663,0.550276,-0.035886,0.455905,-0.036085,0.079711,-0.074904,0.054987,-0.06855,-0.230331,-0.171555,-0.148529,0.011165,0.078718,-0.125981,0.394801,-0.29172,0.320325,0.114069,-0.054696,-0.033534,0.203378,-0.242382,-0.068154,0.483904,-0.083378,-0.211601,-0.137203,-0.219636,0.352884,-0.011356,-0.278215,-0.007239,-0.132558,-0.403514,-0.285374,0.19927,0.028991,-0.206141,-0.254654,-0.278049,0.09901,0.029161,0.192763,0.168961,0.093702,0.420582,0.101575,0.356418,0.25869,0.248067,0.137341,-0.136115,-0.157471,-0.364901,-0.034181,0.083735,0.235081,-0.089629,-0.086681,0.323373,-0.242918,0.078854,0.065871,-0.187761,0.210922,-0.01065,0.135968,-0.084013,0.246115,0.13738,0.022289,0.186112,0.333797,0.472891,0.352289,0.219037,-0.036042,0.38701,0.022333,-0.114477,-0.052589,0.353047,0.121666,0.215689,-0.633881,-0.24305,0.609082,-0.016774,0.10648,0.077691,0.446899,0.123165,-0.388842,0.045096,0.37198,-0.018029,0.048931,-0.085484,-0.052028,0.084805,0.072941,0.046262,0.088211,-0.037963,-0.215706,0.347269,0.641244,0.160406,0.279769,-0.061346,-0.02008,0.033176,-0.266243,0.345589,0.456404,0.04183,-0.131322,-0.205524,0.020946,-0.181958,-0.258933,-0.079439,-0.312725,0.094321,0.193336,0.25106,-0.031151,-0.008355,0.189599,-0.034822,0.069023,0.133667,0.118894,0.101937,0.074074,0.174205,0.441361,0.08438,-0.144487,0.359097,0.117534,-0.201611,0.017628,-0.024758,-0.184702,0.081997,-0.157207,-0.333299,-0.031775,0.194857,-0.230646,0.257846,0.070703,-0.010125,0.195931,-0.113088,0.118863,-0.088336,-0.421331,-0.084721,-0.128019,0.402617,0.175769,0.028771,-0.094625,-0.016924,0.115068,-0.408084,-0.079472,0.446987,-0.476302,0.113816,-0.145839,0.034331,0.345936,-0.092664,#
3,0.081603,-0.262208,0.134421,1.0,0.159809,-0.288441,-0.324235,-0.338365,-0.021114,-0.386904,0.08007,-0.003453,-0.284881,-0.232962,-0.309084,-0.394068,0.127542,-0.119506,-0.229433,0.09641,-0.080584,0.11386,-0.234954,0.260684,0.093912,0.269623,0.347445,0.24363,-0.031948,-0.42449,0.118039,0.147541,0.078481,-0.090192,0.386091,-0.062459,-0.15402,-0.167649,0.094464,-0.002291,-0.034866,-0.168935,-0.056152,0.114528,-0.158879,0.455963,-0.097365,0.13965,0.050418,-0.283105,-0.269393,0.227191,0.010674,0.021607,-0.280688,-0.028157,0.418034,0.140937,0.333337,0.327393,-0.223596,-0.090034,0.051377,-0.326293,-0.145655,-0.331145,0.140832,0.054705,0.111901,-0.074822,-0.219398,-0.020281,0.090261,0.091155,-0.18786,-0.119585,0.177737,0.142768,-0.125918,-0.231731,0.104749,0.450916,0.196542,-0.150588,0.228035,0.248345,0.415436,0.08919,0.0308,-0.283144,0.215471,0.279663,0.317869,-0.151117,0.329789,0.36945,0.371105,0.286847,-0.340271,0.307945,0.018008,0.265351,0.728476,-0.042217,0.607387,0.287879,0.235844,0.153825,-0.076787,-0.027811,-0.093553,-0.321866,0.132755,0.064977,0.349633,-0.037941,-0.104505,0.033309,-0.251566,0.424544,0.146306,0.268245,0.586619,0.147031,0.27615,0.224607,-0.080718,-0.244103,0.546943,0.421008,0.131361,-0.01812,0.181612,-0.00826,0.330732,0.29985,0.076854,0.220161,0.067076,0.519672,0.15765,0.122745,0.138121,0.148283,0.229775,0.104891,0.10413,-0.215307,0.246666,0.019416,0.219544,0.372182,0.192701,0.460098,0.164431,0.270579,-0.156625,-0.348624,0.223929,0.207985,-0.166217,0.221098,-0.056203,0.140596,-0.284173,-0.219316,0.336389,0.194397,0.121206,0.385563,-0.18001,-0.134972,0.282807,0.30463,-0.343915,0.481448,0.242089,-0.02404,-0.453048,0.378278,-0.402797,-0.18544,0.256852,-0.024224,-0.20023,0.195499,-0.200241,0.133442,0.493226,-0.311169,0.352257,0.076391,-0.15577,-0.180401,-0.303641,0.038026,-0.210934,-0.006384,0.070356,-0.532522,#
4,-0.050049,-0.169099,0.021079,0.159809,1.0,-0.334525,-0.228209,0.134181,-0.063781,-0.373306,0.122393,-0.361271,0.043162,-0.20854,-0.284707,-0.285834,0.059112,-0.123263,0.134697,-0.267224,-0.423006,-0.350976,0.012779,-0.039327,0.036844,0.011158,-0.270685,0.247756,-0.322712,0.096223,-0.182892,-0.404995,-0.11968,0.018067,0.096489,0.030194,-0.071769,-0.158084,0.164274,0.47739,0.072061,-0.417741,-0.0863,0.163242,-0.229163,0.26355,-0.259611,0.098539,0.18478,-0.130382,0.192726,0.167033,-0.015865,-0.085418,0.128889,-0.085248,0.107033,0.375962,0.006766,-0.224388,-0.286697,-0.022436,-0.036041,0.009291,-0.190853,0.203053,0.459132,-0.303083,0.239799,0.024809,0.102462,-0.29187,-0.156986,0.223992,0.297004,0.228444,0.04071,-0.268556,-0.082923,-0.23185,-0.191086,0.10947,0.163112,-0.022521,0.029335,-0.051925,0.117158,0.420915,-0.014301,-0.006989,0.075159,0.104329,0.243472,-0.29924,-0.157729,0.143842,0.418927,-0.034445,0.072665,0.112404,0.094611,-0.035212,0.428342,-0.122255,-0.066368,0.216018,0.193823,-0.083121,-0.003736,-0.011434,-0.04103,0.178633,0.530198,0.009185,-0.077352,0.048244,0.199751,0.220764,-0.213092,0.292659,-0.104219,0.07377,0.411557,0.191563,0.410281,0.160491,0.059686,-0.010237,0.188387,0.17436,-0.02032,-0.269949,0.057521,-0.288185,0.029247,0.236795,-0.14758,0.084931,-0.135768,0.349924,0.06495,-0.191314,0.091235,0.239028,0.146005,-0.256923,-0.381182,-0.043445,0.288926,-0.266487,-0.101185,0.015505,-0.325718,-0.09506,-0.142963,-0.20984,-0.195755,-0.124499,0.131675,0.264855,-0.203824,-0.044184,-0.246967,0.102888,0.329521,-0.438195,-0.097058,-0.098633,0.004755,0.139157,-0.096044,-0.138107,-0.017388,0.014594,0.200518,0.359656,0.384966,0.434588,-0.137989,0.055936,-0.236957,0.122681,0.225378,0.194989,0.015676,-0.154778,-0.234409,-0.362684,0.202456,-0.108978,0.017369,0.000381,0.290294,-0.032315,-0.052374,0.179679,0.026846,0.162085,-0.25335,-0.187752,#
5,0.089756,0.133923,-0.011226,-0.288441,-0.334525,1.0,0.48552,0.48552,-0.029337,0.441497,-0.097337,0.266397,0.359726,0.434399,0.383855,0.353959,0.241407,0.390366,0.278382,0.249181,0.220995,0.393762,0.220983,0.130929,-0.179289,-0.151498,0.224111,-0.162661,0.217446,0.069878,-0.000471,0.10334,0.115569,-0.004905,-0.305539,-0.15794,0.292932,0.028069,-0.143767,-0.390491,-0.125425,0.509997,0.373789,-0.044378,-0.080541,-0.609779,0.234436,0.029236,0.157722,0.080964,-0.317294,-0.022259,0.172493,0.078506,0.381428,0.401531,-0.329484,-0.449353,-0.141281,-0.252571,0.436424,-0.239787,-0.209853,0.428299,-0.06138,0.46794,-0.121887,0.441078,-0.213118,0.017929,-0.02393,0.309382,-0.402354,-0.086935,-0.192635,0.368724,-0.163662,-0.078773,0.219533,0.128123,0.239884,-0.305634,-0.193769,-0.232966,-0.227531,-0.111288,-0.116383,-0.08876,0.065407,-0.345983,-0.195203,-0.306347,-0.277708,0.321342,-0.112423,-0.140285,-0.168124,-0.231536,-0.014916,-0.304379,-0.140927,0.079092,-0.422158,-0.248694,-0.143822,-0.149143,-0.426119,-0.05888,-0.003957,-0.343565,0.06609,0.095629,-0.373919,-0.251308,0.164429,-0.213702,-0.49513,-0.1587,0.330415,-0.483803,-0.059626,-0.655054,-0.299097,-0.775473,-0.208774,-0.052242,-0.283433,-0.103972,-0.128376,-0.135245,-0.034392,0.020176,-0.283089,0.11315,-0.256029,-0.287432,0.192188,-0.440755,0.139144,-0.539534,-0.255982,-0.043866,-0.285275,-0.2279,-0.337761,-0.034705,0.200743,0.140162,-0.210905,-0.131749,-0.041365,-0.113938,0.081577,0.036136,0.014377,-0.422173,0.205737,0.553904,-0.280055,-0.161135,0.352972,-0.228163,-0.30157,0.141089,0.224254,0.412908,0.156176,9.4e-05,0.005935,0.173293,0.148468,-0.038014,-0.370696,-0.112012,0.291632,-0.406031,-0.087274,-0.213826,0.383844,-0.289757,0.348164,0.140179,-0.171976,-0.097211,0.402943,0.201846,0.087625,0.342764,-0.372708,0.001456,0.179373,-0.081393,0.279052,-0.159299,-0.280283,-0.030935,0.189908,-0.066992,-0.165377,0.276955,#
6,-0.027099,0.0687,0.143888,-0.324235,-0.228209,0.48552,1.0,0.599051,0.236281,0.516418,0.004582,0.15309,0.494681,0.158836,0.090448,0.003975,-0.080216,0.096684,0.159254,-0.067068,-0.09064,0.497828,-0.039952,0.172134,0.079155,-0.079766,0.333618,0.060671,0.540881,0.074408,-0.276075,-0.039738,0.016987,-0.222676,-0.013665,-0.085488,-0.168959,0.189617,-0.088192,-0.555026,0.085659,0.147699,0.544676,-0.329771,-0.198511,-0.423585,-0.069559,-0.222756,0.062058,0.330348,-0.132336,-0.073996,0.146725,-0.016432,0.274461,0.346289,-0.132757,-0.492461,-0.146094,0.222847,0.343361,0.03385,-0.141313,0.239396,0.076402,0.285964,0.151157,0.174765,0.128563,0.122108,0.29959,0.240249,-0.35092,-0.184894,0.072063,0.241094,0.112524,0.184542,0.122329,0.018489,-0.0439,-0.186305,-0.315805,-0.149136,-0.132869,0.358257,-0.003282,-0.142188,0.313655,-0.064895,-0.142366,-0.374083,-0.210098,0.035423,0.261363,-0.252791,0.147946,-0.137327,0.181579,-0.582605,0.019259,0.123422,-0.286596,0.024524,-0.407231,0.103424,-0.321481,-0.46086,0.043216,-0.222532,-0.213679,-0.07179,-0.233472,-0.380744,-0.108382,-0.317948,-0.178797,0.296206,0.048269,-0.148999,0.201226,-0.35816,-0.003906,-0.454707,-0.284781,-0.09983,0.173429,0.137374,-0.21424,-0.080143,-0.127141,-0.109696,-0.345703,0.218307,0.051768,-0.007168,0.214331,-0.375636,-0.086878,-0.236358,0.01743,-0.246361,-0.209532,-0.078454,-0.183585,-0.075497,-0.061872,0.11037,-0.075223,-0.071787,0.070354,-0.012826,0.14759,-0.083737,-0.055917,-0.367897,-0.051871,0.15452,-0.085895,-0.110118,-0.158549,-0.146791,-0.249062,0.075681,0.40264,0.258705,0.201969,0.293904,-0.191654,0.423538,0.315458,-0.030493,-0.088368,0.265787,0.557121,-0.252993,0.361524,-0.137594,0.438991,-0.367322,0.414159,0.587675,0.086653,-0.361935,0.094296,-0.092659,-0.081579,0.267591,-0.221487,0.266404,-0.209038,-0.213027,0.173087,-0.070683,0.001419,0.02919,-0.087533,0.107567,-0.230439,0.339651,#
7,-0.033861,0.28018,0.121769,-0.338365,0.134181,0.48552,0.599051,1.0,0.054816,0.341133,0.004582,-0.030988,0.705343,0.52343,0.090448,0.204492,-0.094347,0.278335,0.40208,0.117084,0.099058,0.300402,0.154627,0.172134,0.079155,-0.079766,-0.074229,-0.136314,0.152196,0.309485,-0.068235,-0.05007,0.199845,0.03283,-0.367272,0.104986,0.058523,0.014736,-0.088192,-0.327881,0.085659,0.167847,0.304401,0.096146,-0.198511,-0.626661,-0.069559,-0.266355,0.100891,0.051761,-0.132336,0.198665,0.369165,-0.024943,0.295032,0.293657,-0.339445,-0.307514,-0.146094,-0.024436,0.343361,0.043193,-0.281249,0.313168,-0.108901,0.516867,0.151157,0.115983,0.050755,0.122108,0.332978,0.295119,-0.581048,-0.184894,0.082202,0.274473,-0.055615,-0.009759,0.308204,-0.157635,0.145632,-0.186305,-0.315805,0.037384,-0.308072,0.001614,-0.003282,0.076276,0.13229,-0.268325,-0.142366,-0.363694,-0.40141,0.046132,-0.153738,-0.063137,0.147946,-0.137327,0.434644,-0.582605,0.019259,0.123422,-0.092659,-0.366801,-0.199261,0.103424,-0.321481,-0.231983,0.043216,-0.40314,-0.019123,0.350209,-0.222487,-0.1799,0.074043,-0.131119,-0.178797,-0.050978,0.243683,-0.338571,-0.184472,-0.688077,-0.180064,-0.454707,-0.264524,-0.087032,0.173429,0.163388,-0.223726,0.129214,-0.127141,0.083593,-0.156476,0.036863,-0.306873,-0.007168,0.214331,-0.375636,-0.096465,-0.236358,0.01743,-0.034418,-0.209532,-0.124813,0.024247,-0.088065,-0.291683,0.11037,-0.075223,-0.278631,-0.296781,-0.012826,-0.210646,-0.083737,-0.246916,-0.367897,0.199274,0.15452,-0.085895,-0.110118,0.048716,0.038268,-0.249062,0.094175,0.416569,0.077955,0.201969,-0.044319,-0.191654,0.423538,-0.13809,-0.152092,-0.088368,0.058082,0.377435,-0.252993,0.361524,-0.125849,0.438991,-0.367322,0.414159,0.587675,-0.096616,-0.162663,0.308914,0.098364,0.299307,-0.14567,-0.23444,0.458142,-0.19014,-0.400061,0.398897,-0.070683,-0.407129,-0.332802,0.306982,0.120431,-0.019803,-0.024511,#
8,-0.430339,-0.011463,0.153727,-0.021114,-0.063781,-0.029337,0.236281,0.054816,1.0,0.213051,-0.129846,-0.12905,-0.032755,0.048039,0.280643,-0.054215,-0.21912,0.423901,-0.190657,-0.040154,-0.376342,0.3456,0.116839,0.4274,0.097418,0.464629,0.209621,0.374785,0.159385,-0.044546,-0.0582,-0.227044,-0.035072,-0.195355,0.22076,-0.055417,-0.167629,-0.207272,0.389747,-0.289541,0.164402,-0.325313,0.130684,0.01079,0.217105,-0.053495,-0.282688,0.248313,0.209635,0.106509,0.15817,-0.178567,-0.165816,-0.022115,-0.138306,0.510701,0.293899,-0.375484,-0.070414,0.200605,-0.11918,-0.005191,0.012634,0.113492,0.1146,0.153244,0.179985,-0.000355,0.115051,0.48013,0.1184,0.150547,0.166269,0.084564,0.201254,-0.219559,0.118274,-0.039409,0.134817,-0.035751,0.058844,0.19182,-0.153968,0.033825,0.266074,0.53617,0.371896,-0.047037,0.016075,0.035162,0.320645,0.34019,-0.065304,0.458741,0.34995,0.016375,0.268017,-0.118903,-0.009711,-0.160157,0.237797,0.415146,0.043017,0.487365,-0.309681,-0.05271,0.111514,-0.16649,0.023131,-0.115962,-0.035899,-0.348533,0.281198,-0.337898,-0.06363,0.087373,0.226463,0.132617,0.386017,-0.039786,0.305541,-0.088997,0.188041,0.023131,-0.055929,-0.11022,0.260859,-0.080007,-0.260783,-0.166629,0.042063,0.276679,-0.191854,0.06739,0.125271,0.28015,0.138078,-0.065527,-0.352585,-0.040695,0.31005,-0.240956,-0.048426,-0.126471,-0.29219,-0.342761,0.123441,0.015175,0.228846,0.118828,0.141455,0.010739,0.216658,-0.041086,-0.038912,-0.133734,0.235953,0.161973,0.083878,0.313797,-0.05909,0.380077,0.255979,0.010611,-0.079662,0.108253,0.130894,-0.000146,-0.197973,0.375891,0.052423,-0.244961,0.223052,0.53099,0.114372,0.132305,-0.047687,-0.155263,0.263639,-0.36097,0.33195,0.201252,-0.239616,-0.390854,-0.236181,-0.082887,-0.149694,0.154742,-0.352776,-0.20201,-0.3268,-0.366139,-0.154844,0.116524,0.054214,0.130789,-0.045634,0.079399,0.049459,0.21545,#
9,-0.000189,0.453851,0.119031,-0.386904,-0.373306,0.441497,0.516418,0.341133,0.213051,1.0,-0.461029,0.220575,0.436565,0.680971,0.583408,0.390997,-0.181072,0.4411,0.204955,0.011444,-0.181429,0.472022,0.425798,0.338993,0.163057,-0.160457,0.288996,0.00711,0.269682,0.445124,-0.049313,0.334249,0.319321,-0.068245,-0.452518,0.341898,-0.062646,-0.109037,-0.076318,-0.356633,0.015218,0.336401,0.141908,-0.02011,0.260498,-0.500066,0.1914,0.068069,-0.052017,0.436726,0.077196,-0.222992,0.097051,-0.273481,0.127414,-0.058106,-0.044637,-0.570209,-0.182817,0.062469,0.545637,0.170504,-0.41285,0.023737,0.08963,0.230093,-0.295856,0.520546,-0.265488,0.150424,0.051613,0.462031,-0.199793,-0.381121,-0.114108,0.148491,-0.044618,-0.175404,-0.19647,-0.044713,0.192012,-0.617016,-0.59083,0.195049,-0.3492,0.036686,-0.286707,-0.148312,0.213277,-0.27371,-0.151972,-0.301867,-0.351316,0.443089,0.051837,-0.272763,-0.292002,-0.130898,0.029109,-0.442149,-0.015065,-0.055092,-0.324217,0.031639,-0.193396,-0.178362,-0.49626,-0.201531,-0.269957,-0.50139,0.036668,0.311359,-0.271391,-0.284797,-0.194932,-0.386978,-0.49042,-0.060784,0.497166,-0.593045,0.002698,-0.397894,-0.1396,-0.492073,-0.50304,-0.248521,0.099032,0.168498,-0.333028,-0.26997,-0.123184,0.322082,-0.394877,-0.258238,-0.393486,-0.535938,0.316309,-0.355082,0.152099,-0.525198,-0.128888,-0.180783,-0.518264,-0.315194,-0.37539,0.09678,0.0643,0.274991,-0.481969,-0.2126,-0.326066,-0.500416,0.069204,-0.335935,-0.095721,-0.418388,0.101626,0.41346,-0.443356,-0.129093,0.101888,-0.248002,-0.083751,0.246818,0.401595,0.651884,-0.324015,0.101485,-0.492073,-0.080897,-0.074502,-0.151739,-0.436931,0.055722,0.408402,-0.445086,-0.214279,0.188786,0.767525,-0.691281,0.37942,0.041713,-0.524482,-0.259177,0.400383,-0.213238,0.313131,0.054243,-0.591348,0.108551,0.019563,-0.14077,0.327607,0.488791,-0.144176,0.03152,-0.114436,-0.064519,0.342556,0.253929,#
10,0.04874,-0.314645,-0.135932,0.08007,0.122393,-0.097337,0.004582,0.004582,-0.129846,-0.461029,1.0,-0.404454,0.090239,-0.454657,-0.199574,-0.155934,0.01141,-0.397558,0.020624,-0.168809,0.011222,-0.304352,-0.229224,-0.068659,-0.179086,-0.035823,-0.212297,0.069356,0.07358,-0.34733,0.205002,-0.120271,-0.524844,-0.249493,0.259935,-0.203747,0.243983,0.295328,-0.076281,0.232956,-0.123885,-0.260312,0.189312,-0.122603,0.032134,0.083426,-0.293044,0.010425,0.108531,-0.09761,-0.307776,0.406191,-0.002138,0.277036,0.220114,0.314184,-0.273413,0.265818,0.018524,0.037835,-0.214332,-0.049055,0.246654,0.000148,0.233065,-0.190988,0.092234,-0.190006,0.434212,-0.008721,0.415733,-0.380246,-0.187392,0.125152,-0.117242,0.329857,0.109324,0.202647,0.117319,-0.182675,0.00346,0.33166,0.082174,0.015648,-0.017941,0.012101,0.332545,-0.125753,-0.084061,0.12131,0.034898,0.009878,0.183873,-0.108191,-0.139815,0.212815,-0.013394,-0.118867,0.045805,-0.101443,-0.021309,-0.280526,0.162556,-0.18403,-0.049113,-0.165652,-0.044897,0.077184,0.182729,0.335582,-0.143956,-0.249646,-0.267802,0.063656,0.117262,-0.027584,0.165465,-0.181405,-0.345956,0.348651,-0.148787,0.138023,0.023473,0.157113,-0.051696,-0.04662,-0.006077,0.179328,-0.190938,-0.060614,-0.126762,-0.185962,-0.085625,0.275797,0.265637,0.187519,-0.159065,0.014566,-0.228707,0.258336,0.175545,0.351098,0.014311,0.038894,0.503881,0.010192,-0.144603,0.168568,0.32916,0.000595,0.266719,0.245167,0.059962,0.006785,0.044931,0.052019,-0.267154,-0.16293,0.138779,0.013429,-0.251575,0.239585,-0.070014,0.06245,0.02454,-0.178687,0.195693,-0.006605,-0.030739,0.100897,0.359236,0.087224,0.299929,0.037329,-0.049915,0.068142,0.311881,0.045819,-0.377567,0.288025,-0.084047,0.219227,0.330834,0.256838,-0.091,0.120354,-0.158444,-0.144209,0.239792,0.283602,-0.288949,0.112979,0.172825,-0.674037,0.217081,0.12532,0.078264,0.157216,-0.235622,-0.120935,#
11,0.05181,0.090348,-0.102103,-0.003453,-0.361271,0.266397,0.15309,-0.030988,-0.12905,0.220575,-0.404454,1.0,0.084092,0.214385,0.108801,0.029709,0.239821,0.155879,0.219497,-0.084756,0.219636,0.061764,0.01756,0.107714,0.23695,0.077953,-0.055049,0.072138,-0.143476,-0.229368,-0.052872,0.119244,0.09184,0.062843,-0.197381,0.075475,-0.203665,0.102759,-0.078186,-0.182639,-0.184373,0.410359,0.056934,-0.269639,-0.1599,0.16634,0.098983,-0.041893,-0.070546,0.062634,0.066688,-0.164576,-0.071971,0.256786,-0.227111,0.027658,-0.217387,-0.161329,-0.049566,0.127919,0.000319,-0.126689,-0.025347,0.014262,-0.066659,-0.018304,-0.032091,-0.068175,-0.103672,-0.243577,-0.135174,0.069776,0.014725,-0.055513,-0.267772,-0.286965,-0.20587,0.030661,-0.160463,0.278026,0.069732,-0.07401,-0.011857,-0.296509,0.112306,-0.2522,-0.248585,0.271611,-0.178107,0.121035,-0.200027,-0.25442,-0.146924,0.017927,0.072574,-0.332048,-0.203242,-0.130873,-0.304282,-0.005629,0.337327,0.125316,-0.238698,0.059865,-0.020761,0.253707,-0.052806,0.16204,0.092475,0.066215,-0.180323,-0.085579,-0.131792,-0.205239,-0.042187,-0.080978,0.120574,0.13669,0.089839,-0.070289,0.221001,-0.206416,-0.111527,-0.131812,-0.041352,-0.177347,0.100044,0.036895,0.175666,-0.080304,-0.121271,0.080048,-0.310821,0.393277,0.019043,-0.145691,0.178858,-0.197473,-0.024487,-0.001715,-0.309819,-0.075182,-0.143653,0.225674,-0.18997,0.294049,-0.038261,-0.061224,-0.218979,-0.154039,-0.240521,0.169515,-0.144881,0.251125,0.058137,0.160248,-0.119418,0.354683,-0.188416,-0.184037,-0.093693,-0.192652,0.098606,-0.114635,-0.064576,0.240033,0.068319,-0.046691,0.316762,-0.044398,0.008226,0.453207,-0.260157,-0.301041,0.004332,-0.335737,-0.088883,0.049889,-0.031761,-0.071612,-0.104183,-0.273564,-0.077806,-0.157208,0.218751,0.018699,-0.04634,0.461743,0.246865,-0.020822,0.235776,0.474506,-0.025256,0.160379,0.04429,-0.228809,0.211463,-0.392407,-0.035376,0.145004,#
12,0.235276,0.127235,-0.202406,-0.284881,0.043162,0.359726,0.494681,0.705343,-0.032755,0.436565,0.090239,0.084092,1.0,0.443933,0.188245,0.15621,0.038354,0.018501,0.314107,0.052477,0.033557,0.195992,0.215319,0.128669,-0.166998,-0.338525,-0.194108,-0.025005,0.038354,0.278368,0.168283,0.22783,0.30429,-0.006471,-0.310558,0.224859,0.119195,-0.103103,-0.354471,-0.170866,0.043486,0.236503,0.353241,-0.032547,-0.284881,-0.468918,0.008118,-0.196324,0.119076,0.093124,-0.306276,0.220592,0.335721,0.123387,0.361038,0.263966,-0.317961,-0.243908,-0.100437,0.019097,0.420276,0.269639,-0.214174,0.307376,-0.034989,0.142236,-0.108592,0.184882,0.133788,-0.078905,0.399719,0.031526,-0.644713,-0.454625,-0.178118,0.334719,0.010431,0.13531,0.04883,-0.248819,0.054489,-0.322461,-0.229261,-0.228865,-0.250701,0.062065,0.055564,0.10613,-0.12092,-0.334773,-0.412601,-0.508844,-0.47273,0.103359,-0.134391,-0.323942,-0.153731,-0.234561,0.001318,-0.5282,0.082005,-0.132513,-0.051662,-0.063933,-0.1764,-0.144271,-0.441766,-0.30602,0.004344,-0.360696,-0.131402,0.315133,-0.392662,-0.253295,-0.219729,-0.396768,-0.014921,-0.144412,-0.055443,-0.302846,-0.049846,-0.454385,-0.130883,-0.518881,-0.216231,-0.269872,0.099053,0.542324,-0.224007,0.082981,-0.223724,0.017429,-0.459887,0.09478,-0.270183,-0.089867,0.190481,-0.441713,-0.253278,-0.181689,0.134141,0.233848,-0.278797,-0.0688,0.058444,0.218457,-0.341004,0.140848,-0.225717,-0.560088,-0.416095,-0.288844,-0.109747,-0.158488,-0.217942,-0.450924,0.06214,0.216921,-0.303349,-0.188856,-0.067387,-0.211286,-0.065037,0.091905,0.240057,0.207021,-0.041109,0.040198,-0.242461,0.189788,-0.095295,-0.05862,-0.351216,0.088212,0.29411,-0.42489,0.115976,0.146466,0.184714,-0.4622,0.343985,0.347733,0.026349,0.084082,0.200665,-0.200167,0.210954,-0.127056,-0.178844,0.388238,-0.214955,-0.096193,0.482257,-0.175699,-0.082389,-0.0404,0.00566,-0.051702,0.006527,0.077085,#
13,0.165826,0.453851,0.098918,-0.232962,-0.20854,0.434399,0.158836,0.52343,0.048039,0.680971,-0.454657,0.214385,0.443933,1.0,0.424394,0.559577,-0.181072,0.4411,0.378581,0.011444,0.150553,0.299402,0.589385,0.338993,0.163057,0.012621,0.107062,-0.165124,0.086426,0.445124,0.103627,0.334249,0.473054,-0.068245,-0.575305,0.341898,0.182517,-0.405677,-0.076318,-0.356633,0.015218,0.409332,0.188674,0.352579,0.086076,-0.492964,0.18379,-0.122535,-0.247931,0.174031,0.062625,-0.022352,0.299322,-0.116917,0.155472,0.058781,-0.240716,-0.408251,-0.193642,0.054153,0.545637,0.187495,-0.356567,0.079026,-0.073687,0.424218,-0.295856,0.458528,-0.590953,-0.057269,-0.207034,0.462031,-0.409055,-0.218834,-0.270839,0.194019,-0.363269,-0.345292,-0.19647,-0.041814,0.198273,-0.454605,-0.417464,0.195049,-0.346316,-0.281383,-0.28052,0.049919,0.048357,-0.458694,-0.151972,-0.29896,-0.518591,0.283906,-0.126219,-0.272763,-0.292002,-0.130898,0.029109,-0.275342,0.161962,-0.055092,-0.317811,-0.31736,-0.004687,-0.178362,-0.33481,0.218483,-0.056383,-0.492101,0.036668,0.503226,-0.268317,-0.284797,0.139838,-0.044125,-0.49042,-0.370416,0.497166,-0.583294,-0.341283,-0.524074,-0.13054,-0.492073,-0.42971,-0.237331,0.099032,-0.033026,-0.341323,-0.079596,-0.123184,0.322082,-0.229426,-0.248906,-0.713337,-0.535938,0.316309,-0.355082,0.101802,-0.51903,-0.128888,-0.070831,-0.341261,-0.307088,-0.368525,0.030854,0.113672,0.274991,-0.481969,-0.400689,-0.483547,-0.336405,-0.250285,-0.169923,-0.085897,-0.242562,0.323412,0.41346,-0.24089,-0.129093,0.28311,-0.079723,-0.083751,-0.028071,0.194562,0.318525,-0.324015,-0.04699,-0.278499,-0.080897,-0.274574,-0.130475,-0.436931,-0.125886,0.077005,-0.269978,-0.214279,0.03475,0.592686,-0.522685,0.37942,0.041713,-0.5138,-0.078385,0.595099,0.137312,0.538341,-0.123024,-0.426456,0.282903,0.036087,-0.129868,0.346654,0.311483,-0.508766,-0.291101,0.237409,-0.255737,0.342556,0.078009,#
14,-0.040117,0.388385,0.013346,-0.309084,-0.284707,0.383855,0.090448,0.090448,0.280643,0.583408,-0.199574,0.108801,0.188245,0.424394,1.0,0.253771,-0.290349,0.501863,0.359319,0.055149,0.054579,0.399081,0.173236,0.22388,0.051481,0.075421,-0.067543,0.150722,0.025423,0.304401,0.075105,0.14809,-0.117354,0.191848,-0.402985,0.038526,-0.096856,0.011937,0.166347,-0.313648,0.126142,0.40261,-0.086998,0.200574,0.489147,-0.359991,0.208023,0.240339,0.313747,-0.114579,0.026838,-0.074311,-0.173617,-0.281692,0.147767,0.155871,-0.080156,-0.291426,-0.33019,-0.211106,0.325121,-0.02248,-0.208409,0.296127,0.31334,0.083551,-0.368724,0.169193,-0.192557,0.066476,0.207195,0.388274,0.138295,-0.137235,-0.195568,-0.178697,0.052902,0.070968,-0.114936,0.017669,0.280141,-0.52715,-0.351857,0.119224,-0.280279,-0.03067,-0.031021,-0.006064,-0.047542,-0.036992,0.095862,-0.212936,-0.107461,0.538589,0.005248,-0.03138,-0.187579,-0.056187,-0.012675,-0.199338,0.10566,-0.015297,-0.211767,0.083641,-0.236991,-0.448943,-0.585121,0.177002,-0.232498,-0.23187,0.125809,0.350657,-0.324528,-0.044319,-0.183581,-0.143656,-0.222115,-0.130741,0.595198,-0.463971,0.054875,-0.306791,-0.373755,-0.232498,-0.426781,-0.277922,0.021382,0.274712,-0.38481,-0.0209,-0.048634,0.212093,-0.459669,-0.310073,-0.452645,-0.289621,0.346703,-0.104676,0.074825,-0.436751,-0.271177,-0.166303,-0.280836,-0.250651,-0.246905,0.034446,0.095075,-0.065075,-0.21597,0.038853,-0.303937,-0.425198,0.137359,-0.278562,0.037445,-0.372973,0.272398,0.290429,-0.289835,-0.306806,0.113136,-0.028532,0.208968,0.336491,0.135938,0.538179,-0.27782,-0.112459,-0.232498,-0.211321,-0.111325,0.049792,-0.193146,0.204333,0.342831,-0.146136,-0.307019,0.1042,0.517048,-0.281085,0.469231,-0.046131,-0.625088,-0.151636,0.357075,-0.035238,0.252401,0.00877,-0.474215,0.033366,-0.001134,-0.085462,0.289271,0.249445,-0.009583,0.095363,0.186121,0.102914,0.281886,0.152392,#
15,0.211929,0.161348,-0.13128,-0.394068,-0.285834,0.353959,0.003975,0.204492,-0.054215,0.390997,-0.155934,0.029709,0.15621,0.559577,0.253771,1.0,-0.092377,0.269396,0.371083,0.092129,0.262659,-0.122033,0.445116,-0.11189,-0.090454,-0.076022,0.064559,-0.052233,0.049562,0.403695,0.370814,0.04078,0.348293,-0.015916,-0.13243,-0.086228,0.452677,0.053907,0.063491,-0.084263,0.159373,0.287199,-0.009549,0.262121,0.239808,-0.335341,0.111921,-0.170501,-0.167809,0.246347,0.363002,0.009667,0.108334,-0.032242,0.286596,0.017197,-0.338033,-0.40675,-0.415573,0.040203,0.352181,0.002617,-0.433131,0.24376,-0.033162,0.224966,-0.304299,0.300278,-0.494177,0.212623,-0.171444,0.265242,-0.22622,-0.03256,-0.233585,0.206631,-0.100274,-0.182594,0.055219,0.135971,0.373329,-0.336866,-0.037444,0.45975,-0.187166,-0.323469,-0.326683,-0.078552,0.025429,-0.158451,0.141062,0.00956,-0.186054,0.331975,-0.072217,0.029784,-0.427211,-0.598063,0.016831,-0.144043,-0.204783,-0.130259,-0.440281,-0.180668,-0.008516,-0.286774,-0.014728,0.238041,0.207105,0.006278,0.040832,0.282787,-0.319916,-0.224872,0.33717,0.076743,-0.271217,-0.464603,0.279084,-0.470754,-0.388625,-0.215106,-0.148817,-0.272131,-0.391687,0.081969,-0.027539,-0.024899,-0.40561,-0.349863,-0.076653,0.263789,-0.053545,-0.019906,-0.391651,-0.387643,0.052615,-0.08265,0.044171,-0.647193,0.026531,0.280114,0.008757,-0.097232,-0.21994,-0.109296,0.351105,0.362061,-0.269853,-0.386329,-0.002094,-0.103752,0.029784,-0.094614,0.234106,-0.0541,0.210157,0.328172,-0.34793,-0.077209,0.311939,-0.231515,-0.035498,-0.230963,0.04771,0.124828,-0.184271,0.073348,-0.037211,-0.226995,0.110001,0.061523,-0.134513,-0.479309,-0.008442,-0.133577,-0.203682,0.13372,0.455876,-0.373309,0.176018,-0.037098,-0.252984,0.160389,0.4587,-0.077013,0.442472,-0.054353,-0.524309,0.101698,-0.112713,-0.039851,0.226431,0.108054,-0.26611,-0.236872,0.265008,-0.35189,-0.010894,0.226161,#
16,0.007254,-0.56778,-0.546624,0.127542,0.059112,0.241407,-0.080216,-0.094347,-0.21912,-0.181072,0.01141,0.239821,0.038354,-0.181072,-0.290349,-0.092377,1.0,-0.268962,-0.032608,-0.021407,-0.038415,-0.238038,-0.177985,-0.252271,-0.397803,-0.194291,-0.167826,0.008986,0.001243,0.005388,-0.123383,-0.074571,0.162752,0.337023,0.180471,0.118526,-0.063755,-0.014971,-0.230581,0.242479,-0.134406,-0.069173,0.035152,0.079889,-0.430576,0.196887,0.004773,0.024412,0.089422,0.0137,-0.198861,0.305601,-0.018723,0.103188,0.015456,-0.010845,0.173107,0.44126,0.284905,-0.104657,-0.194093,0.134195,0.423991,0.031748,-0.391853,0.036293,-0.111271,0.097863,0.054865,-0.313209,-0.20469,-0.280951,-0.271357,0.029014,0.121571,0.132148,0.068485,0.086376,0.078972,0.191437,-0.146103,0.168339,0.205859,-0.384306,0.18663,0.008428,0.001408,0.436505,-0.106809,-0.230007,-0.178003,0.183005,0.097755,-0.05865,0.052269,-0.083934,-0.262076,-0.212532,-0.342253,-0.086866,0.092266,-0.020814,0.056774,0.08312,0.297928,0.143782,0.179446,-0.255647,0.129814,0.129816,-0.329342,-0.062463,0.169533,0.025261,-0.167714,-0.191702,0.092449,0.211443,-0.310104,0.103468,0.11992,0.045083,0.181994,-0.326429,0.172629,0.013965,-0.495159,-0.315154,0.318944,-0.20093,-0.353192,-0.198635,-0.022525,0.324627,0.108802,0.090351,-0.055759,-0.373489,0.059981,0.044046,-0.109883,0.136439,-0.066397,0.399886,0.275756,-0.095289,0.017355,-0.275545,-0.133903,-0.13581,0.12555,0.110325,-0.064625,0.162332,-0.189154,-0.121564,-0.304434,0.114207,-0.051267,0.229939,-0.146332,-0.156785,0.068619,-0.034074,-0.068191,0.126364,0.286048,-0.253617,0.370848,0.048456,-0.038217,0.241282,-0.233381,-0.164707,0.094718,-0.363941,-0.143245,-0.039354,-0.295081,0.180743,-0.609041,-0.086765,0.5053,-0.01968,-0.014255,0.043038,-0.130608,0.236676,0.324332,-0.468274,0.237706,0.348837,0.092332,-0.337593,0.182642,0.057821,-0.026278,-0.028599,-0.4769,-0.121039,#
17,-0.330891,0.409349,0.374258,-0.119506,-0.123263,0.390366,0.096684,0.278335,0.423901,0.4411,-0.397558,0.155879,0.018501,0.4411,0.501863,0.269396,-0.268962,1.0,0.130172,0.417312,-0.095962,0.411306,0.353599,0.354908,0.362561,0.210322,0.111767,-0.026647,-0.151629,-0.081876,0.10479,-0.041336,0.089227,0.003351,-0.439636,0.048478,0.051114,-0.156477,0.168194,-0.311722,-0.07997,0.123495,-0.080358,0.125129,0.304959,-0.42057,0.059194,0.422656,0.144456,-0.104153,0.054273,-0.273712,0.010491,-0.012623,-0.107162,0.226564,-0.080447,-0.485836,-0.308696,-0.20207,0.094912,-0.459375,-0.456331,0.273729,0.01134,0.39881,-0.054224,0.23724,0.005119,0.486021,0.095925,0.535492,0.139265,-0.152282,0.099514,-0.198055,0.061571,-0.272515,0.241119,-0.092604,0.492488,-0.225966,-0.349311,0.275554,-0.09689,0.1191,0.111781,-0.133355,-0.019289,-0.028525,0.283535,-0.014758,-0.112058,0.716806,-0.122845,-0.015951,0.166388,-0.05602,0.240397,-0.021113,-0.078331,0.380354,-0.025263,0.103134,-0.186237,0.06098,-0.091894,0.003378,-0.230864,-0.502458,0.374951,0.18259,0.002726,-0.234621,0.192866,0.170605,-0.220498,-0.111685,0.788578,-0.629154,0.07415,-0.602627,-0.194661,-0.230864,-0.053797,-0.031419,0.024116,-0.071041,-0.077544,-0.012258,0.161531,0.390069,-0.096281,-0.128907,-0.101284,-0.106068,0.110566,-0.102995,0.075419,-0.263448,-0.074108,-0.109235,-0.278564,-0.492508,-0.374431,-0.137851,0.096108,0.231448,0.135212,0.042861,-0.27015,-0.084839,0.01269,-0.09724,0.068553,-0.174954,0.226199,0.491611,-0.096338,0.10716,0.315977,0.287003,-0.194086,0.262907,0.191194,0.37592,0.084375,-0.24527,-0.230864,0.149977,-0.304052,-0.390955,-0.013929,0.032906,0.176993,0.035766,-0.136665,-0.187823,0.519576,-0.436999,0.308121,-0.226972,-0.615824,-0.147897,0.189433,-0.020958,0.261763,0.204902,-0.455586,-0.120194,0.305664,-0.396201,0.113247,0.282246,-0.488391,-0.096644,0.190216,-0.077059,0.317934,7.9e-05,#
18,0.206188,-0.008889,-0.134568,-0.229433,0.134697,0.278382,0.159254,0.40208,-0.190657,0.204955,0.020624,0.219497,0.314107,0.378581,0.359319,0.371083,-0.032608,0.130172,1.0,-0.159786,0.19763,0.050497,-0.042947,-0.082426,0.127725,0.107055,-0.119072,0.123605,0.005821,0.234461,0.03112,-0.084543,-0.166171,0.204742,-0.216374,-0.082149,-0.081021,0.224762,-0.012424,-0.206825,0.238504,0.457838,-0.110958,0.32147,0.054265,-0.033569,0.040324,-0.075216,-0.048047,-0.212634,0.1404,0.145824,0.180385,-0.136484,0.48371,0.016906,-0.379127,0.119859,-0.141366,-0.041865,0.313424,-0.049341,0.034792,0.375034,-0.017058,0.40059,-0.192449,-0.003639,-0.230015,-0.167821,0.196243,0.107461,-0.382224,0.147066,-0.009042,0.016351,-0.008505,0.08292,-0.000463,-0.17375,0.039037,-0.295153,-0.27197,0.220028,-0.150761,-0.266156,-0.246049,0.208403,0.003331,0.017071,-0.073529,-0.253109,0.025869,0.059477,-0.296724,0.017716,-0.103441,-0.369812,0.035395,-0.177009,0.2558,-0.247071,-0.119019,-0.370231,-0.057098,0.136298,-0.247276,0.197864,0.197682,-0.109924,-0.203556,0.288994,-0.205516,-0.144101,-0.00493,0.2162,-0.054169,-0.140964,0.026904,-0.016689,-0.122402,-0.159177,-0.074527,-0.152974,-0.118689,0.034152,0.231432,0.139599,-0.16915,0.09255,-0.281762,-0.027671,-0.227032,0.029935,-0.355928,-0.144093,0.165277,-0.308383,0.069574,-0.286556,-0.560387,-0.026728,-0.186557,0.038433,-0.030643,-0.012448,-0.085422,-0.022385,-0.338764,-0.49964,-0.273713,-0.039177,-0.348133,-0.207341,0.139434,-0.378332,0.149306,0.183157,-0.335905,-0.534863,-0.111475,0.013752,-0.091313,-0.067733,0.347441,0.003935,-0.106049,0.021179,0.20864,-0.070832,-0.018745,0.449232,-0.244901,-0.095788,0.410938,-0.146287,0.26243,0.174904,0.326219,-0.045419,0.108997,0.231879,-0.04398,0.037694,0.750124,-0.044945,0.38623,-0.05902,-0.15354,0.371803,-0.100919,-0.046473,0.669851,-0.077371,-0.264206,-0.270067,0.711122,-0.029456,-0.266787,0.184094,#
19,-0.15876,0.237161,0.130069,0.09641,-0.267224,0.249181,-0.067068,0.117084,-0.040154,0.011444,-0.168809,-0.084756,0.052477,0.011444,0.055149,0.092129,-0.021407,0.417312,-0.159786,1.0,0.315924,0.314275,0.007975,-0.037921,-0.21589,-0.20177,0.092752,-0.388796,-0.177801,-0.157321,0.329225,0.265449,0.188752,0.377986,-0.104631,-0.19824,0.237621,0.116707,-0.223558,-0.165884,0.075961,0.227129,-0.253014,0.007454,0.090163,-0.460971,0.377151,0.15109,0.243306,-0.468548,-0.349434,-0.118264,0.398403,-0.135895,-0.218524,0.002765,-0.038836,-0.224373,0.171451,-0.315268,0.141708,-0.313067,-0.181411,0.135338,-0.002645,0.076859,-0.286088,0.075955,0.210594,0.291223,0.071412,0.356528,0.250226,-0.315548,0.121875,-0.262575,0.242411,0.275168,0.730398,0.026105,0.350167,0.003967,0.020346,-0.036375,0.192922,0.181888,0.173466,-0.317515,0.088169,-0.036105,0.040992,0.192272,-0.088075,0.308589,-0.131783,0.247904,0.244315,0.284998,0.349307,0.249551,-0.628862,0.169526,0.235063,0.101219,0.311735,0.15052,0.025138,-0.162105,-0.102868,-0.50795,0.513386,-0.03366,-0.177004,0.212574,0.241698,-0.02794,-0.0928,-0.100812,0.243741,-0.446265,0.286947,-0.163861,-0.316177,-0.102868,0.061767,0.378005,-0.146775,0.186334,0.417939,0.367673,0.458229,0.33011,0.446511,-0.048252,0.286838,0.104745,-0.017091,0.022333,0.125166,-0.114172,0.090587,0.470825,0.077275,-0.467187,0.124288,0.385308,0.207621,-0.214683,0.220736,0.105439,0.086188,0.087774,0.419138,0.304353,-0.017751,0.028119,0.426826,-0.139447,-0.032761,-0.150986,0.462306,0.202805,-0.06631,0.187337,-0.05163,0.153927,0.463797,0.053138,0.130139,0.215,-0.430639,-0.277078,0.150762,0.058913,-0.208073,-0.018145,-0.15327,-0.532404,-0.083961,-0.002976,0.119559,-0.224016,-0.206109,-0.046648,-0.346135,-0.050942,0.352667,0.057767,-0.206603,-0.108724,0.254324,-0.522977,-0.236408,0.04433,-0.264357,-0.135195,0.007196,0.179947,0.313216,-0.247587,#
20,0.49528,0.023445,0.124722,-0.080584,-0.423006,0.220995,-0.09064,0.099058,-0.376342,-0.181429,0.011222,0.219636,0.033557,0.150553,0.054579,0.262659,-0.038415,-0.095962,0.19763,0.315924,1.0,0.105345,-0.192454,-0.415916,-0.04405,-0.19806,-0.133477,-0.341707,-0.022089,0.031497,0.269344,0.210196,-0.017763,0.355562,-0.18121,-0.221775,0.188332,0.214488,-0.029623,-0.374419,0.306228,0.469066,0.00768,0.216833,-0.097786,-0.262993,0.13031,-0.114689,-0.066283,-0.521686,-0.171957,0.013178,0.443633,0.055938,0.030171,0.001852,-0.475027,-0.054624,-0.161131,0.106057,0.174212,0.137847,0.117079,0.199525,-0.147422,-0.155658,-0.430819,0.019825,-0.259616,-0.139779,-0.01446,0.213835,0.048281,0.010358,-0.367663,-0.241619,-0.106781,0.273123,0.203319,0.324942,0.125005,-0.165549,0.210552,-0.083495,-0.135929,-0.32602,-0.162996,0.027298,0.059328,-0.04268,-0.160521,-0.163489,-0.076507,-0.086135,0.016973,0.058439,-0.274629,0.119525,0.054032,0.265614,-0.088627,-0.03532,-0.291423,-0.270261,0.270462,-0.028834,0.019937,0.455686,-0.104899,0.110891,0.17741,0.155059,-0.527398,0.210595,0.368592,0.154628,-0.085671,-0.267053,0.011537,-0.105843,-0.073323,0.025563,-0.490109,-0.096009,-0.218233,-0.065491,-0.173711,0.119386,-0.100947,0.384375,0.271144,-0.059481,0.255957,0.300885,-0.231795,0.115214,-0.029369,0.027,0.258486,-0.283454,-0.298547,0.362103,0.271453,0.066138,0.07068,0.223464,-0.005974,-0.353388,-0.137671,0.074925,-0.108936,0.068268,0.058439,0.130985,0.129293,0.186055,0.316342,-0.07896,-0.052531,-0.373718,0.355788,-0.1534,0.363663,-0.195321,-0.349162,-0.232256,0.09176,0.020119,0.366258,-0.155101,-0.05953,0.311373,-0.04268,-0.164435,-0.415304,-0.016359,-0.179471,-0.389054,-0.134441,0.339837,0.140394,-0.073139,-0.036106,0.101703,-0.024168,0.449924,0.377133,0.024241,0.141324,0.197131,-0.101239,-0.012888,-0.085275,-0.107599,-0.138806,-0.289109,0.332388,-0.267899,0.061327,-0.116795,#
