0,1.0,0.259524,-0.296828,-0.036584,0.301585,0.252577,-0.070844,0.068707,-0.275523,0.124852,-0.099978,0.066243,0.660057,0.334543,0.137006,-0.059415,-0.108818,-0.024544,-0.24177,-0.11782,-0.027124,0.505895,0.258797,0.070753,0.043952,-0.040348,0.065662,-0.240605,0.325739,0.081248,0.211243,-0.080903,0.025602,-0.288254,-0.231392,0.103004,-0.027347,0.091289,0.125634,-0.418427,-0.100151,0.050422,-0.108241,0.046196,-0.064639,-0.086989,0.253245,0.136476,-0.376381,0.018465,0.069295,-0.195807,-0.183873,-0.017827,0.025862,0.021209,-0.049669,0.162903,0.363032,0.331668,0.574737,0.022772,-0.424735,-0.20578,0.107109,0.114325,-0.181078,0.401237,0.178377,-0.262697,0.051598,0.107256,-0.411425,-0.045232,-0.75229,0.378026,0.134965,-0.112329,-0.526241,-0.123695,-0.044448,-0.278245,0.113824,0.226368,-0.202329,-0.212005,0.126497,-0.04671,-0.127794,-0.43109,-0.068383,-0.380013,-0.136774,0.131366,0.146764,0.124449,-0.043183,-0.289245,-0.132223,0.108508,0.144187,-0.056866,-0.059408,-0.045272,-0.108179,-0.281393,-0.226684,-0.129426,-0.371917,-0.100226,0.08425,0.124626,-0.197222,-0.149852,-0.11815,0.095976,-0.2309,-0.410621,0.137024,-0.093793,-0.27829,-0.198375,0.146375,-0.221311,-0.052736,0.213637,-0.003847,-0.077531,0.362673,0.354298,-0.463426,0.02201,-0.376904,-0.031795,-0.589387,0.001793,-0.100151,-0.316983,0.445793,-0.193156,-0.141781,-0.233024,-0.150672,0.149732,-0.032971,0.035961,-0.138021,0.133043,-0.367653,-0.39174,0.051341,-0.40199,-0.043812,-0.205825,0.127013,-0.120438,0.222089,0.293946,-0.223036,-0.538453,-0.132362,-0.479223,0.007139,-0.258338,0.071455,0.375858,-0.168677,-0.059632,-0.26219,-0.331161,-0.022505,0.113846,-0.206672,-0.014559,0.124706,-0.479198,0.016039,0.167601,0.426142,0.030869,0.162357,-0.284184,-0.094953,0.207144,0.373862,-0.296472,0.281849,-0.227543,-0.284582,0.203267,0.191752,0.197701,0.290764,-0.035229,-0.021683,0.040234,0.064985,-0.224768,0.320885,0.196676,#
1,0.259524,1.0,0.452218,-0.132493,-0.134363,0.307881,0.326982,0.120455,0.323692,0.086525,-0.381322,-0.173421,0.394893,0.297469,0.223496,-0.343211,0.131107,0.415803,-0.190263,0.137467,-0.277899,0.297493,0.52469,-0.01356,-0.038438,-0.286367,0.322991,-0.321112,-0.042885,0.077653,-0.28448,0.172774,0.352884,-0.083432,-0.10493,0.403224,0.445592,-0.168534,-0.113201,-0.453476,-0.133669,0.264226,0.128989,0.166344,0.40801,-0.535578,0.243793,0.053106,0.093231,0.356061,-0.057346,-0.400378,0.134378,-0.294402,-0.247194,-0.210217,-0.002855,-0.593024,-0.11442,0.05864,0.39175,-0.013258,-0.20897,-0.13412,0.065506,0.244584,-0.081541,0.378791,0.381846,0.141189,0.072379,0.154126,-0.03524,-0.438834,-0.337598,0.352262,-0.154657,-0.52623,-0.106714,-0.179051,0.019889,-0.358448,-0.136105,-0.00567,-0.295021,-0.129799,-0.284217,-0.114285,-0.200975,-0.511824,-0.133112,0.042114,-0.534077,0.061779,-0.173633,-0.137242,0.368853,-0.052222,-0.063935,0.027535,-0.061819,0.050383,-0.12714,-0.116535,-0.349067,-0.185201,-0.267786,-0.108363,-0.612947,-0.333742,0.395432,0.376093,-0.16708,-0.212751,0.104069,-0.124116,-0.311301,-0.723715,0.035382,-0.544955,-0.192459,-0.481329,-0.332696,-0.309115,-0.188952,-0.223588,-0.045297,0.177134,-0.027057,0.307673,-0.055345,-0.177322,-0.31097,0.195765,-0.190966,-0.058478,0.087882,-0.214092,0.30039,-0.450034,-0.192415,-0.183037,-0.402533,-0.244058,-0.16053,-0.058612,-0.233952,0.382248,0.009038,-0.287618,-0.240054,-0.46173,0.213475,-0.280254,-0.300295,-0.36226,0.375636,0.544654,-0.15206,-0.214313,0.322337,-0.10168,0.358694,0.048594,-0.06607,0.458349,-0.019931,0.176553,-0.284065,-0.035754,-0.086448,-0.02181,-0.312589,-0.201938,0.221271,-0.102289,-0.051194,0.418033,0.508692,-0.648125,0.417968,-0.029616,-0.228444,0.104681,-0.029198,0.029604,0.230737,0.003517,-0.569112,0.29822,0.212267,0.300492,0.198504,0.367675,-0.125291,0.277681,0.114776,-0.170416,0.41027,0.007934,#
2,-0.296828,0.452218,1.0,0.398256,-0.395561,-0.094748,0.181218,-0.176031,0.395029,-0.121695,-0.277354,-0.16581,-0.159725,0.101159,-0.005859,-0.272471,-0.064363,0.482422,-0.098334,0.37354,0.00783,0.053753,0.288745,0.011929,0.237925,-0.088684,0.466361,0.263527,-0.195878,0.11415,0.014869,0.170836,0.234531,0.176271,0.250858,0.238152,0.530139,-0.270804,-0.253277,0.081321,0.017242,0.285486,0.019196,0.014856,0.19614,-0.327859,0.082925,0.214442,0.355293,0.064774,-0.057668,0.024972,0.066964,-0.064118,-0.170425,-0.039242,0.088334,-0.473075,-0.272582,0.041185,-0.270286,-0.428774,0.136572,0.066151,-0.074668,-0.008466,0.192812,0.215161,-0.019499,0.439501,0.454105,0.309533,0.138047,-0.181875,0.209319,-0.317441,0.032176,-0.496977,0.149257,-0.229339,0.390377,0.022685,0.06572,0.035025,0.087887,0.263921,-0.247108,0.0687,0.144162,-0.135887,0.200548,0.231263,-0.209199,0.039218,-0.03549,-0.055141,0.338253,0.12932,-0.092993,-0.151561,-0.284226,0.218551,0.082631,-0.021767,0.045824,0.05733,-0.122587,0.008885,-0.320065,0.165683,0.451865,0.009272,0.000713,0.136956,0.459924,-0.155752,0.047404,-0.404004,0.065076,-0.196566,0.034747,-0.051235,-0.169214,-0.048953,0.06052,-0.229401,0.087032,0.38582,-0.063601,-0.017734,0.485474,-0.182737,0.00626,0.073491,0.331694,0.200164,0.017242,0.276036,0.283048,-0.121134,0.06672,0.085159,-0.067147,-0.284633,-0.004147,0.267619,-0.00363,0.092856,0.378105,0.190063,0.066412,-0.131496,0.309162,-0.025205,-0.109275,0.090958,0.005677,0.157764,0.150988,0.229216,0.402481,0.172459,0.053084,0.211267,-0.142959,-0.154437,0.017723,0.108279,0.270911,0.309715,-0.265769,-0.096173,-0.167826,-0.056504,-0.340455,0.237691,0.001063,0.260239,0.135024,-0.587195,0.107407,-0.143099,-0.442055,0.198145,-0.161409,0.181374,-0.011483,0.330934,-0.243529,0.067795,0.559171,0.097844,-0.088691,0.269605,-0.302117,0.28093,-0.223014,0.158788,0.34604,-0.22417,#
3,-0.036584,-0.132493,0.398256,1.0,-0.14391,0.023344,-0.169512,-0.244948,-0.228527,-0.101474,0.165381,0.253336,-0.224112,-0.195304,-0.291077,0.003233,0.003536,0.041436,-0.200589,0.463223,0.265541,0.12245,-0.167362,0.02495,0.253143,-0.049638,0.017024,0.261921,-0.027941,-0.238246,0.498893,0.078338,0.071915,-0.019637,0.191515,-0.223553,-0.039054,-0.097687,-0.429124,0.131131,0.027215,0.216695,-0.27206,-0.091289,-0.143766,0.305504,-0.132507,0.252479,0.233841,0.010108,0.059436,0.464077,0.082314,0.201709,-0.189017,0.027242,0.359354,-0.015575,-0.038682,0.300838,-0.291981,-0.379952,0.098189,-0.285311,0.263467,-0.235172,0.245649,0.26843,-0.046108,-0.046749,0.24318,0.22664,0.168462,0.223088,-0.040465,-0.343594,-0.028183,-0.076032,0.054024,0.01734,0.651131,0.461092,0.340494,0.12146,0.193005,0.180345,0.377494,0.151597,0.032485,-0.201426,0.261551,0.000592,0.391281,-0.19766,0.287219,0.084395,0.086368,-0.118111,-0.166895,0.078248,-0.076222,0.431894,0.314646,0.228754,0.296023,0.300182,0.108671,-0.088988,0.089087,0.258647,-0.080767,-0.197386,-0.051934,0.3744,0.243786,-0.038668,0.169932,0.055847,-0.010702,0.260805,0.118729,0.09423,0.486043,0.08967,0.033052,0.078384,0.104118,0.153046,-0.018937,0.217805,0.222,0.056382,0.146627,0.194137,0.458012,0.246716,0.046766,0.167136,0.340107,0.331891,0.174333,0.210694,0.054837,0.308327,0.476018,0.320123,0.11058,-0.396501,0.331051,0.279911,0.22102,0.10181,0.05952,0.412946,0.0,0.348519,-0.349658,-0.026726,-0.080431,0.274755,-0.20681,-0.001246,-0.112482,0.114255,-0.229671,-0.391009,0.090952,-0.031404,0.340728,0.178993,-0.396045,-0.000344,0.259023,0.089921,-0.624951,0.179155,0.054187,0.143078,-0.465412,0.099979,-0.335872,-0.224378,-0.15125,0.11418,-0.077156,0.174845,-0.10673,0.276729,0.370038,-0.380533,0.289711,-0.160248,-0.011115,-0.318209,-0.086927,-0.016437,-0.469086,0.279753,0.115222,-0.213773,#
4,0.301585,-0.134363,-0.395561,-0.14391,1.0,-0.080616,-0.34932,-0.048671,-0.515288,-0.279641,-0.043493,0.115661,0.050826,0.114345,0.180724,0.275539,-0.046923,-0.122888,0.108038,-0.032743,-0.092083,-0.190576,0.015686,-0.189441,0.161345,0.257569,-0.535361,-0.034787,0.120417,-0.102069,0.011046,-0.286133,-0.211333,-0.328463,-0.23305,0.05857,-0.305877,-0.101793,-0.07678,-0.037988,-0.129188,-0.314895,-0.065254,-0.020998,-0.010707,0.260856,-0.1979,0.119718,-0.358451,-0.016742,0.609449,-0.106669,-0.181564,-0.168013,0.449517,0.202168,-0.274457,0.186767,0.147618,0.006112,0.078474,0.256656,-0.000492,0.127612,-0.079859,0.240446,-0.028266,-0.153778,-0.134621,0.11901,-0.14109,-0.017258,-0.034792,0.221175,-0.360028,0.361737,0.034938,-0.193568,-0.282189,-0.029219,-0.180781,-0.194123,-0.098921,0.334379,0.035074,-0.2987,0.037275,-0.13206,-0.181555,-0.036747,0.208993,-0.133178,0.142244,-0.298532,0.044631,-0.074935,0.022704,-0.387624,-0.069336,0.353078,0.358023,-0.291136,-0.315821,-0.260895,-0.36024,0.101915,0.205023,-0.043657,0.218571,-0.221194,-0.202246,-0.383643,0.016936,-0.039842,-0.240928,0.063223,-0.09509,0.101221,0.02683,0.072796,-0.19678,0.055696,0.360165,0.217674,-0.026102,-0.354978,0.403108,-0.071968,-0.099104,-0.027694,-0.088394,0.155609,-0.152656,0.03538,-0.391899,-0.019307,0.096468,-0.381567,-0.128729,0.045977,-0.012057,-0.202048,0.147945,0.192371,0.027138,0.196654,-0.002638,-0.151499,-0.301748,-0.298703,-0.218415,-0.024995,-0.593785,0.03425,-0.288467,-0.034542,-0.009171,0.038771,0.034079,-0.234072,-0.289048,-0.310873,-0.037696,-0.048854,-0.087379,-0.022459,-0.209,0.21114,-0.116683,-0.211165,0.094473,0.072455,0.215691,0.006121,0.065643,-0.094976,-0.011888,-0.077684,0.025665,0.07426,0.110638,-0.180139,0.166736,0.117579,0.115698,-0.39012,0.06456,-0.222084,-0.232059,0.017029,-0.21408,-0.030169,0.189114,-0.11207,0.224964,-0.384589,0.289401,0.02032,-0.249968,0.272249,#
5,0.252577,0.307881,-0.094748,0.023344,-0.080616,1.0,0.099581,-0.004776,-0.249812,-0.048636,0.290738,0.008655,0.001619,-0.081338,0.033989,0.057722,0.312538,-0.079026,-0.307547,-0.121427,-0.292391,0.456086,0.320895,0.162914,-0.303689,-0.42915,0.106119,-0.36947,-0.042524,-0.396838,-0.226443,0.211164,0.15088,-0.128157,-0.077758,0.111334,-0.036884,0.174308,0.076547,0.015809,-0.051925,0.255923,-0.097554,0.309064,0.363031,0.037317,-0.046281,0.150499,0.023817,-0.140146,0.06256,-0.045633,0.121964,-0.141024,-0.090964,-0.263595,0.156395,-0.137192,0.049858,-0.140146,0.262482,0.192239,-0.389296,-0.167648,0.205572,-0.085134,-0.333444,0.201126,0.420403,0.102393,-0.373451,0.297765,0.237007,-0.005193,-0.476032,0.03111,-0.551106,-0.040317,-0.532201,-0.023033,0.315154,-0.313985,-0.039303,-0.249543,-0.084386,-0.094197,-0.087292,-0.326713,-0.347343,-0.499131,-0.097572,-0.156105,-0.160123,-0.202211,-0.151814,-0.157658,-0.178137,-0.102954,-0.018269,0.158599,0.065973,-0.100414,0.027721,-0.167068,-0.1183,-0.311153,-0.10132,-0.184666,-0.487628,-0.254517,0.043231,-0.008607,-0.09036,-0.172243,-0.312807,-0.450032,-0.603945,-0.126713,0.012324,-0.285297,-0.305092,-0.373697,0.113749,-0.533835,-0.404368,0.086328,-0.240573,-0.034409,0.025226,0.419177,-0.136694,0.050026,-0.075737,-0.10122,-0.206392,0.098171,-0.062268,-0.256275,0.150342,-0.345472,-0.398583,-0.348681,-0.547566,0.345796,0.119438,-0.096581,-0.30035,0.035298,-0.172882,0.06968,0.007747,-0.018267,-0.163909,-0.014413,0.032472,-0.390926,-0.235849,0.043462,-0.367351,0.121723,0.261443,-0.123018,-0.091726,0.428034,-0.316851,0.370497,0.137417,0.000896,-0.012621,-0.356842,0.18971,-0.378019,-0.325178,0.030509,0.20518,-0.265958,-0.09771,0.193139,0.098487,-0.02211,-0.083567,0.065215,0.039869,0.039134,0.001528,0.050396,-0.119625,-0.067232,-0.136552,-0.043926,-0.058426,-0.021711,0.214008,-0.031382,0.157134,0.121969,0.092701,-0.171056,0.017189,-0.114481,#
6,-0.070844,0.326982,0.181218,-0.169512,-0.34932,0.099581,1.0,0.340198,0.300899,0.360196,-0.009524,-0.206436,0.146044,-0.151509,0.204061,0.005565,-0.047445,-0.171082,-0.046701,-0.190729,-0.459833,0.175924,0.160844,0.11402,-0.185565,-0.084582,0.272622,-0.302539,0.183981,-0.049798,-0.28813,-0.08734,0.113368,0.227688,-0.037998,0.218518,-0.080277,-0.133833,0.232479,-0.093351,-0.443489,0.216577,-0.154586,-0.449808,-0.083616,-0.175406,0.004364,-0.084172,0.181591,0.087019,-0.35767,-0.177732,-0.133943,-0.149323,-0.119246,-0.112354,0.204069,-0.193052,-0.297252,0.063332,0.303504,-0.359921,-0.167723,0.222346,0.175529,0.15313,0.274992,0.007083,0.498789,-0.165991,0.125511,0.044558,-0.081896,-0.721527,0.029966,0.214866,-0.021773,-0.32753,0.127206,0.059387,-0.193874,-0.189995,-0.396972,-0.373479,0.04939,0.259071,-0.112102,0.037376,-0.366706,-0.31456,-0.262456,0.031575,-0.300446,0.137892,-0.056091,-0.279615,0.091905,0.145705,0.148095,-0.245491,-0.052145,-0.06542,0.216477,-0.076422,-0.151143,-0.321443,-0.357132,0.208549,-0.553241,-0.135959,0.002572,0.300015,-0.168437,-0.310172,-0.15687,0.028243,0.116855,-0.200899,-0.192177,-0.117551,0.02589,-0.149873,-0.182064,-0.304184,-0.162721,-0.043823,0.142096,0.49546,-0.096335,0.021893,-0.12176,-0.625419,-0.344272,0.272837,0.155367,0.091476,-0.209612,0.02191,-0.122581,-0.347808,0.211603,0.173345,-0.20285,-0.099557,-0.002505,-0.196538,-0.127129,0.787719,0.010718,-0.086365,-0.090117,-0.130319,0.185232,-0.401182,-0.135713,-0.139301,0.083141,0.094519,-0.231941,-0.094319,0.325548,0.253332,0.187029,0.056916,0.021365,0.099519,-0.087151,-0.03238,-0.248828,0.420266,0.472222,-0.160807,-0.233973,-0.033964,0.144572,-0.133363,0.091476,0.056592,-0.019386,-0.139356,0.47395,-0.12611,0.06864,0.237828,0.245917,0.001848,0.044911,0.052846,-0.135343,0.354457,0.052846,0.288205,-0.194306,0.345235,0.00589,0.268363,-0.115188,-0.262248,-0.012475,-0.310245,#
7,0.068707,0.120455,-0.176031,-0.244948,-0.048671,-0.004776,0.340198,1.0,0.073619,0.200971,-0.119601,-0.272856,0.290088,0.216679,-0.182819,0.226956,-0.260648,-0.206371,-0.026328,0.017744,-0.005718,0.059968,-0.042305,0.503155,0.093195,0.17618,0.017717,-0.550007,0.170039,0.032477,-0.123744,-0.17674,0.492824,0.246338,-0.206567,0.00076,0.111628,0.122487,0.45296,-0.276637,-0.162904,0.158456,-0.179813,-0.03701,-0.457313,-0.265409,0.241857,-0.267357,0.087543,-0.21599,-0.3438,-0.073887,0.094332,0.029412,-0.137129,0.043576,0.327123,-0.200481,-0.289151,0.363207,0.294806,-0.048189,-0.339409,0.00025,0.021909,0.109844,0.277471,0.123236,0.224513,-0.09861,0.105619,-0.174303,-0.248202,-0.178875,0.068097,-0.002855,0.085951,0.199283,0.159645,0.257681,-0.112622,0.056154,0.180419,0.078411,-0.034236,0.108848,0.124253,0.273718,-0.08524,0.049926,-0.356304,0.114212,-0.253967,0.115634,-0.100316,0.123243,0.259176,0.35656,0.375072,-0.041777,0.199856,0.167067,0.106509,-0.010766,0.208041,0.208423,0.010572,0.07231,-0.159717,-0.417768,0.130563,0.109676,0.252596,-0.09698,0.167248,0.184803,0.1867,0.015163,-0.046052,-0.085342,-0.088766,-0.325972,0.081967,-0.003815,0.004064,0.191581,-0.056979,-0.122233,-0.187302,0.079699,-0.185372,-0.064893,-0.074185,0.089884,-0.122365,0.101696,0.304526,0.207166,-0.075496,-0.21714,0.400511,0.146492,-0.074517,0.241036,-0.075253,-0.283165,0.138019,0.265647,0.094614,-0.360339,0.001632,0.225776,-0.025255,-0.020049,-0.220376,0.068108,0.444374,-0.10219,0.09617,0.106126,0.095181,0.443587,-0.069614,-0.15572,0.008413,-0.094761,0.302816,-0.387818,-0.354987,0.260812,0.107356,-0.249354,-0.012637,0.062532,0.158202,-0.028799,0.477591,-0.244402,0.0041,0.045945,0.270243,0.07061,0.080503,-0.121183,0.04703,0.38518,0.01364,-0.166755,0.019723,0.263592,0.039999,-0.07939,-0.221456,-0.180712,-0.171817,-0.086302,0.028153,-0.297664,0.141156,-0.113564,#
8,-0.275523,0.323692,0.395029,-0.228527,-0.515288,-0.249812,0.300899,0.073619,1.0,0.295853,-0.287862,-0.12646,0.164703,0.224621,-0.014771,-0.479295,0.040998,0.312863,0.16065,-0.276307,-0.091774,0.052681,0.288941,0.205397,0.197246,0.108672,0.396297,0.004364,-0.097241,0.296111,-0.039139,0.283308,0.205619,0.153723,0.181813,0.289791,0.41741,-0.215625,-0.070877,-0.204751,0.110478,-0.160772,0.295313,0.021615,0.191094,-0.492376,-0.092079,-0.215308,0.135376,0.31662,-0.273302,-0.32769,0.175271,-0.163013,-0.465467,0.108017,0.005575,-0.175276,0.106637,0.017254,0.011308,-0.251438,-0.004722,-0.08571,0.130748,0.185824,0.166322,-0.053357,0.02037,0.085398,0.078073,0.115415,0.011564,-0.395802,0.352795,-0.098568,-0.043084,-0.11219,0.288986,-0.121939,-0.19654,0.037481,-0.259199,-0.333612,0.108895,0.133333,-0.338426,0.13205,0.167686,0.026336,-0.24067,0.295262,-0.497937,0.155759,-0.027824,-0.240258,0.175684,0.213374,0.088227,-0.208527,-0.088933,0.273735,0.150264,0.110568,-0.123049,-0.274167,-0.039543,0.051118,-0.073419,0.063682,0.353939,0.410624,0.135816,-0.333626,0.065325,0.105945,0.096243,-0.278847,0.129249,-0.122253,0.045174,-0.081622,-0.368183,-0.06345,-0.106066,0.05776,0.013692,-0.013035,0.052318,-0.14494,0.059177,-0.145313,-0.014556,0.119754,0.174307,0.019252,-0.121813,0.029424,-0.052293,-0.195429,-0.116614,0.126694,0.008813,-0.461876,-0.348909,-0.237716,-0.201593,0.369761,0.136781,-0.057539,-0.109392,-0.149951,0.282342,-0.364593,-0.041224,0.005875,0.359284,0.228079,-0.006063,0.024897,0.2935,0.327131,0.241004,-0.346031,0.487098,0.081059,-0.15666,-0.003804,-0.079638,0.208212,-0.173257,0.319666,-0.220874,-0.024483,0.141599,0.059549,0.011921,0.249795,0.320283,-0.413028,0.251029,0.051094,-0.316286,0.054414,-0.089714,0.055382,0.129857,-0.017739,-0.086877,0.378592,-0.017739,0.060587,-0.010163,0.445833,-0.201255,0.529073,0.222575,-0.024502,0.271269,-0.110855,#
9,0.124852,0.086525,-0.121695,-0.101474,-0.279641,-0.048636,0.360196,0.200971,0.295853,1.0,-0.442704,0.321513,0.339904,0.313722,0.194336,0.056628,-0.256161,0.074256,-0.016393,-0.039163,-0.226218,0.307799,0.211456,0.172164,-0.032269,-0.097668,0.415686,-0.092293,0.190627,0.289068,-0.183088,-0.039174,-0.023821,-0.147033,-0.182141,0.135181,-0.151915,-0.13777,0.271958,-0.326807,-0.035955,0.029212,-0.027614,-0.406809,-0.265057,-0.353641,0.295523,0.14254,-0.135713,0.265311,-0.4775,-0.157332,0.118753,-0.060214,-0.127687,-0.009595,0.212233,-0.202916,0.043198,-0.044704,0.256547,-0.185286,-0.205738,-0.094487,0.416981,0.130223,-0.097703,0.257392,0.082982,-0.442085,-0.120048,-0.229591,-0.135492,-0.154521,0.11964,0.293808,0.090312,-0.175553,0.187583,0.27522,-0.386871,-0.206333,-0.269783,-0.264269,0.06576,0.060937,-0.257199,0.095364,0.016557,-0.050142,-0.216508,-0.056875,-0.15171,0.35695,0.235983,0.000184,0.048662,0.403537,0.30392,0.01691,-0.172316,0.132134,-0.074117,0.171676,-0.046487,-0.026932,-0.369821,0.020923,-0.218691,-0.384492,0.084457,0.264805,0.171825,-0.345756,-0.279789,-0.198093,-0.105516,0.059784,0.289332,-0.212661,0.281321,-0.176531,-0.180516,-0.326836,-0.409056,0.235249,-0.120439,-0.048085,0.175965,-0.168486,-0.120482,0.034236,-0.362267,0.084778,0.034011,-0.241763,-0.276509,-0.099065,0.158308,-0.22993,0.101057,-0.246417,-0.321956,-0.452802,-0.183567,-0.110208,-0.044992,0.225243,-0.22605,-0.385107,-0.076099,-0.410633,0.180522,-0.300141,0.108806,0.094573,0.364392,0.528311,-0.130444,-0.205551,0.250371,-0.152498,-0.015784,0.067294,0.386344,0.188964,-0.205551,-0.139707,-0.467049,0.19492,0.085059,0.241489,-0.21405,0.034011,0.184754,-0.279661,-0.241763,-0.069445,0.210876,-0.157413,0.243715,-0.213206,-0.175611,-0.381485,0.170674,0.119463,0.188964,0.116956,-0.146188,0.114948,0.116956,-0.080622,-0.061774,0.395094,-0.071171,0.065096,-0.125689,-0.171979,0.311908,0.267317,#
10,-0.099978,-0.381322,-0.277354,0.165381,-0.043493,0.290738,-0.009524,-0.119601,-0.287862,-0.442704,1.0,-0.100476,-0.301717,-0.605872,-0.078404,0.176181,0.319314,-0.408391,0.187431,-0.335003,0.053192,-0.129451,-0.356413,-0.062028,-0.097755,0.028831,-0.437435,-0.050088,-0.011449,-0.50807,0.187089,-0.086257,-0.274527,-0.236327,0.543996,-0.275652,-0.104439,0.070402,-0.004462,0.310329,-0.059897,-0.118892,-0.195269,0.060931,0.060699,0.685531,-0.377274,-0.171091,0.226679,-0.394242,0.259905,0.385682,-0.06317,0.244372,0.14011,-0.177144,-0.042268,0.338459,-0.1878,-0.083148,-0.098872,0.055378,-0.048059,0.020797,0.024865,-0.39605,-0.038593,-0.203893,0.284554,0.004439,-0.113703,-0.036844,0.325376,-0.086449,-0.137821,-0.176901,-0.166097,0.38408,-0.245924,-0.348171,0.180336,0.183198,0.019307,-0.289586,-0.030644,0.128713,0.286818,-0.159706,-0.216543,0.027908,-0.117472,-0.166057,0.12832,-0.494179,-0.313925,-0.072995,-0.338737,-0.429825,-0.240386,-0.091663,0.023912,-0.120882,0.168505,-0.054818,0.012606,-0.166628,0.063423,-0.077667,0.062593,0.405151,-0.242281,-0.049693,0.016151,-0.054086,-0.106416,-0.080698,0.055126,0.244557,-0.185859,0.417998,-0.128398,0.124932,0.193656,-0.048454,0.25665,0.100316,-0.113827,0.134817,-0.193163,0.143922,0.060921,-0.048587,0.188558,-0.000343,0.234881,0.311873,-0.069553,0.146503,-0.279946,0.151894,-0.17683,0.365353,0.143835,0.433457,0.177742,0.062508,-0.265024,-0.038314,-0.021807,0.395878,-0.045548,0.381316,-0.073533,0.069703,-0.011831,-0.195292,-0.723085,-0.545731,-0.335723,0.278236,-0.125346,0.001117,0.102359,-0.016415,-0.407637,-0.254091,0.09667,0.234998,0.216665,-0.037671,0.182071,-0.204017,0.214047,0.054346,-0.054622,0.114745,0.121401,0.01048,-0.545027,0.578432,-0.197391,0.200607,0.685311,0.363557,-0.086979,-0.157131,-0.538283,-0.143831,0.568079,-0.193481,-0.353957,0.005897,0.172362,-0.503909,0.375585,-0.018445,0.112884,-0.129818,-0.473648,-0.165848,#
11,0.066243,-0.173421,-0.16581,0.253336,0.115661,0.008655,-0.206436,-0.272856,-0.12646,0.321513,-0.100476,1.0,0.103804,0.034629,-0.035805,0.053878,0.231824,0.140462,-0.052431,-0.088891,-0.018084,-0.089447,-0.212973,-0.286092,-0.069587,-0.170722,-0.123936,0.279056,-0.032434,0.024255,0.113988,-0.183203,-0.05029,-0.37138,-0.038648,0.349075,-0.219273,-0.15528,-0.110577,0.141585,0.310199,-0.014319,-0.056353,-0.123566,-0.194905,0.068046,-0.384298,0.372642,-0.165925,0.328426,0.001225,0.238114,0.139262,-0.038029,0.04254,-0.049929,0.006888,-0.086157,0.146966,0.047824,-0.057221,0.321041,0.286105,-0.502707,0.258771,0.011983,-0.119951,-0.134208,-0.204661,-0.020173,-0.013461,-0.199362,-0.061432,0.297551,0.034373,0.161021,-0.232201,-0.143459,-0.030338,0.083755,0.086622,0.200082,-0.152054,-0.300426,0.114765,-0.198159,-0.028378,0.271549,-0.086182,0.034485,0.161501,0.265295,0.259544,0.121333,0.078056,0.313741,-0.091415,0.181165,-0.009514,-0.018798,0.187222,0.158997,-0.242028,-0.012031,0.052801,0.228491,-0.01154,0.06784,0.295036,0.003894,-0.094393,0.074898,0.104133,-0.105015,-0.138941,-0.161391,0.001613,0.177391,0.278369,-0.003535,0.206415,-0.176218,0.27767,0.126637,0.044496,-0.125904,-0.083609,-0.088491,0.350769,-0.078959,0.010476,0.453058,-0.098173,0.123674,0.056981,-0.271661,-0.160798,-0.258031,0.204202,0.261991,0.097827,-0.099083,-0.082646,0.04025,0.267677,0.380556,-0.050213,-0.267718,-0.225042,-0.02434,0.009419,0.050243,-0.001542,0.140115,-0.062463,0.086177,-0.147686,0.334441,-0.101162,-0.05398,-0.173015,-0.345873,-0.047979,0.306184,0.16473,0.058307,-0.046618,0.018988,0.187547,0.081874,-0.131802,0.437799,0.145101,0.075068,-0.012913,-0.039436,-0.264228,0.017492,-0.065538,0.133776,-0.289101,0.044766,-0.102303,-0.107464,0.19549,-0.111749,0.313904,0.508453,-0.024402,-0.082445,0.09495,-0.078522,0.106465,0.280481,-0.342348,-0.280864,0.178645,0.053145,0.093766,0.205088,#
12,0.660057,0.394893,-0.159725,-0.224112,0.050826,0.001619,0.146044,0.290088,0.164703,0.339904,-0.301717,0.103804,1.0,0.49138,-0.038721,-0.284848,-0.113182,0.077021,-0.044862,-0.175356,-0.210514,0.333146,0.381449,0.007104,-0.211456,-0.133951,0.237637,-0.323415,0.136691,0.246255,0.087936,0.004918,0.184855,-0.260138,-0.18218,0.352855,0.125931,-0.019153,0.16936,-0.634972,-0.022784,0.096605,0.12369,-0.039191,-0.209129,-0.380542,0.285485,0.073937,-0.191792,0.18221,-0.308879,-0.017402,-0.038869,0.185437,-0.044511,0.128053,0.093611,-0.166237,0.319989,0.500457,0.68152,-0.062157,-0.238957,-0.193331,0.12741,0.334228,-0.057216,0.321308,0.390241,-0.234199,0.22048,-0.015744,-0.624347,-0.251181,-0.348899,0.578941,0.111062,-0.086486,-0.071309,-0.277084,-0.107849,-0.193897,-0.157317,-0.042598,-0.304131,-0.152602,0.035125,0.318923,-0.271175,-0.370458,-0.200821,-0.182215,-0.428326,0.290212,0.026407,0.076887,0.229967,-0.151135,0.150045,-0.261037,0.112239,0.150593,0.1355,0.088233,-0.033281,-0.175145,-0.186565,-0.144372,-0.373532,-0.157464,0.163972,0.275793,-0.09986,-0.290727,0.019814,-0.009456,-0.142865,-0.4896,0.137526,-0.345979,-0.023653,-0.416657,-0.075521,-0.259161,0.058527,0.199938,0.049442,0.207951,0.343651,0.094116,-0.516693,0.108257,-0.286569,0.192794,-0.379469,-0.040639,-0.269726,-0.330552,0.24263,-0.197382,0.057082,-0.070916,-0.274123,-0.08211,0.100074,0.015987,-0.394436,0.365868,-0.206635,-0.746025,0.145766,-0.300149,0.083043,-0.420928,-0.044773,0.018263,0.517359,0.506033,0.030236,-0.596405,0.044734,-0.061052,0.011979,-0.203876,0.316164,0.476105,-0.214024,-0.097452,-0.517959,0.08798,-0.022698,0.271963,-0.201297,0.007966,0.303383,-0.434924,-0.032845,0.142335,0.532748,-0.219049,0.205115,0.005566,-0.06059,0.163695,0.294202,-0.068646,0.474861,-0.27441,-0.365702,0.449704,0.167594,0.253385,0.173384,0.228554,-0.082152,-0.121809,0.232446,-0.184083,0.245856,0.311382,#
13,0.334543,0.297469,0.101159,-0.195304,0.114345,-0.081338,-0.151509,0.216679,0.224621,0.313722,-0.605872,0.034629,0.49138,1.0,0.180846,-0.265257,-0.315867,0.457702,0.047197,0.031659,-0.10681,0.412075,0.478903,0.428469,0.034906,-0.05542,0.451054,0.11746,0.105722,0.677462,-0.032825,0.093978,0.166368,-0.048238,-0.070206,0.320938,0.22782,-0.271006,0.376261,-0.415584,0.060031,0.197514,0.294425,0.141742,-0.158466,-0.607392,0.421954,0.050106,-0.193353,0.022566,-0.291497,-0.199247,0.139428,0.112016,-0.25374,-0.001992,-0.042954,-0.148174,0.148753,0.325721,0.187146,-0.051386,-0.288382,0.06873,-0.005625,0.169885,-0.023691,0.338217,0.030989,0.17519,-0.051965,0.205726,-0.408631,0.078646,-0.269302,0.116683,0.075127,-0.324581,-0.188776,0.022661,-0.056483,-0.316149,-0.117808,0.300329,-0.186322,-0.021622,-0.229265,0.089753,-0.031249,-0.173443,0.127286,-0.22082,-0.302758,0.3081,0.152033,0.075379,0.149185,0.033619,0.042594,-0.097001,0.165282,-0.052047,-0.02215,-0.092622,-0.16315,0.183081,0.078348,-0.194136,-0.278167,-0.242726,0.407756,0.177753,0.10802,-0.024157,0.025753,-0.105723,-0.25778,-0.306305,0.268747,-0.445211,-0.155226,-0.373268,-0.046526,-0.11051,-0.240158,0.028051,0.000423,-0.085972,0.193259,-0.01509,0.094741,0.162972,-0.413371,-0.147289,-0.565584,-0.174309,0.069832,0.048251,0.308617,-0.216508,0.072598,-0.377154,-0.327182,-0.366813,-0.382839,-0.097813,-0.211624,0.01599,-0.398113,-0.548157,-0.143264,-0.362678,0.094935,-0.232332,-0.188609,0.057085,0.571703,0.430355,0.150459,-0.140698,0.201682,-0.069421,0.057911,-0.064956,0.250301,0.37356,-0.008323,-0.100684,-0.229897,0.0399,-0.153482,0.155224,-0.436807,-0.255022,0.105179,-0.524309,-0.040669,0.110441,0.626053,-0.445982,0.269739,-0.13897,-0.317311,-0.257919,0.093055,0.147847,0.270439,-0.238788,-0.366776,0.269803,0.182255,0.073334,0.009407,0.311579,-0.209655,-0.08278,0.20045,-0.247896,0.446989,0.205552,#
14,0.137006,0.223496,-0.005859,-0.291077,0.180724,0.033989,0.204061,-0.182819,-0.014771,0.194336,-0.078404,-0.035805,-0.038721,0.180846,1.0,-0.069854,-0.068723,0.045397,0.309403,-0.21219,-0.494011,0.155671,0.209608,0.128982,0.055865,-0.016153,0.049589,0.24297,0.246448,0.183855,-0.417457,-0.141735,-0.318801,-0.032542,0.196786,0.170811,-0.120225,-0.263612,0.18708,0.027673,-0.326691,0.062134,0.273082,0.03853,0.277171,-0.000452,0.190067,0.007419,-0.21493,-0.021627,0.141107,-0.362111,-0.144299,-0.20259,0.154761,-0.439909,-0.318666,-0.083118,-0.132167,-0.300441,-0.025799,0.015654,-0.208524,0.327889,-0.076992,-0.144702,-0.153957,-0.01905,-0.073483,-0.18427,-0.192473,-0.150622,0.036712,-0.458176,-0.223653,0.324979,0.049247,-0.35348,-0.303195,-0.237692,-0.289652,-0.699738,-0.551434,0.137233,-0.31225,0.0273,-0.454171,-0.12133,-0.260936,-0.062979,-0.02143,-0.121769,0.076632,0.085508,-0.264208,-0.309153,-0.462266,-0.193809,-0.363357,0.150847,0.083176,-0.509462,-0.283148,-0.461701,-0.385833,-0.064054,-0.347494,-0.075289,-0.346239,-0.088343,-0.16953,0.199897,-0.296533,-0.443526,-0.370458,-0.182686,-0.224461,-0.218443,-0.272429,-0.130608,-0.214523,-0.020207,-0.299875,-0.177215,0.044212,-0.511423,0.019165,0.110871,-0.13922,-0.270998,0.308933,-0.098093,-0.624097,0.184078,-0.298955,-0.322931,-0.102054,0.083226,0.027909,-0.269597,-0.232523,-0.169268,-0.12096,-0.231721,-0.625442,-0.16372,-0.157557,0.346253,-0.62304,-0.168546,-0.538705,-0.618961,-0.123058,-0.475167,-0.114536,-0.568004,-0.183064,0.19903,-0.448874,-0.148739,0.123984,-0.44222,0.262679,0.047789,-0.184565,0.154521,-0.313986,0.392515,-0.022563,-0.107411,0.480418,0.26921,-0.357645,-0.321205,0.521,-0.382746,-0.322931,0.256996,0.19453,-0.253798,0.411158,-0.186167,0.239786,0.258694,0.296,-0.546618,-0.115727,-0.090918,-0.169489,0.136867,-0.095401,0.581418,0.392708,0.37436,0.152109,0.252451,0.158019,-0.278197,-0.210728,0.280836,#
15,-0.059415,-0.343211,-0.272471,0.003233,0.275539,0.057722,0.005565,0.226956,-0.479295,0.056628,0.176181,0.053878,-0.284848,-0.265257,-0.069854,1.0,-0.017331,-0.199051,-0.074315,0.078471,0.055164,-0.272701,-0.12766,-0.051411,0.171947,0.349381,-0.27746,-0.143765,0.228138,-0.075607,-0.325262,-0.432241,-0.280665,-0.039797,-0.111798,0.038637,-0.390523,0.208301,0.244095,0.328223,-0.184497,-0.245244,-0.748822,-0.070294,-0.034506,0.364805,0.084301,0.068596,-0.316805,-0.235145,0.146209,0.197363,-0.042634,0.229006,0.223759,-0.233708,-0.165155,0.210507,-0.401391,-0.235145,-0.193409,0.196198,0.210109,0.032878,-0.050208,-0.156386,-0.277858,-0.064294,-0.176767,-0.172339,-0.109954,-0.439931,0.084419,0.391667,0.12053,-0.120985,-0.18645,0.058184,-0.226095,0.23599,-0.31895,-0.065062,0.152262,0.144323,0.302358,-0.321134,-0.102955,-0.191373,0.100519,0.129242,0.245729,0.005918,0.31616,-0.054676,-0.145367,0.400177,0.057878,0.194981,-0.096117,-0.029175,0.156176,-0.147063,-0.407121,-0.029864,-0.065062,0.116008,-0.374344,0.300568,0.056372,-0.065806,-0.23577,-0.184405,0.348505,-0.127019,-0.047804,0.061964,0.152054,0.383746,0.033499,0.173601,-0.071084,0.185828,0.143891,-0.011681,0.055588,-0.00721,-0.217873,-0.17616,-0.373781,-0.121979,-0.059722,0.100456,-0.071415,-0.193072,0.037471,-0.046311,0.100441,-0.013454,-0.281498,0.01315,0.224937,-0.126246,0.106878,0.228368,0.137924,-0.034735,0.215951,-0.225096,-0.008623,0.04379,-0.100817,0.272265,-0.244077,0.176294,0.036035,0.03763,-0.186447,-0.14343,-0.152167,0.392965,0.033365,-0.010428,-0.064558,0.059786,-0.454823,-0.33946,0.18336,-0.150785,0.130024,-0.131604,0.06169,-0.344202,0.041973,0.060809,-0.23467,0.082784,-0.046311,-0.302938,-0.326103,0.387074,-0.007823,-0.072949,0.096022,-0.282448,0.059978,0.160222,-0.027368,0.231002,0.173731,-0.17922,-0.037473,-0.202016,0.003267,-0.101365,-0.13439,-0.224713,-0.028063,-0.171071,-0.030216,-0.116193,#
16,-0.108818,0.131107,-0.064363,0.003536,-0.046923,0.312538,-0.047445,-0.260648,0.040998,-0.256161,0.319314,0.231824,-0.113182,-0.315867,-0.068723,-0.017331,1.0,-0.040114,0.230461,-0.286045,0.057913,-0.2806,-0.012531,-0.303391,0.102572,-0.139417,-0.199399,0.011567,-0.189711,-0.317377,0.07555,0.179921,0.135464,-0.180068,0.130083,0.244523,0.213231,-0.095314,-0.404268,0.078174,0.180614,-0.143866,0.00503,0.222914,0.395868,0.207288,-0.283602,0.161728,0.014114,0.23905,0.077115,0.011951,0.305929,-0.030597,-0.082725,0.045306,-0.356937,-0.005915,0.036667,-0.047549,-0.076006,0.395183,0.365536,-0.37402,-0.013186,-0.144829,-0.2904,-0.063885,0.131914,-0.039305,-0.080695,0.078793,0.323438,-0.094738,-0.130615,0.065,-0.48742,0.06764,-0.222524,-0.170109,0.223538,0.016706,-0.157649,-0.274961,-0.204549,-0.343927,-0.026068,-0.143688,-0.046689,-0.311872,-0.119485,-0.004393,-0.039787,-0.1126,-0.299978,-0.234508,-0.120125,-0.229729,-0.396802,-0.08014,0.29304,0.081023,-0.136459,-0.057781,0.054313,-0.143214,0.057997,0.103454,0.037129,0.064818,0.058413,-0.060156,-0.162143,-0.220215,0.102847,-0.12026,-0.329153,0.082889,-0.012306,0.055973,-0.131051,-0.072297,0.019887,-0.087691,0.153136,-0.230412,-0.35571,-0.076368,-0.176488,-0.033681,-0.075155,0.134616,0.029684,0.179416,0.070864,-0.275485,0.189865,-0.345893,0.038849,0.163381,-0.489367,0.307215,-0.060169,0.159568,0.199238,0.153181,-0.265602,0.098714,-0.00622,0.050032,-0.202453,0.226419,0.116373,0.086435,-0.15625,-0.327352,-0.380028,0.107372,-0.30629,0.294278,-0.065787,0.018744,0.300866,0.107367,0.009215,0.232743,0.124571,0.112759,0.021199,-0.371101,-0.272833,-0.005628,0.035736,0.08186,-0.047423,-0.065556,-0.268185,0.346279,-0.211544,0.044525,-0.352453,0.032957,0.167894,0.204201,-0.084687,-0.027227,0.106409,0.349251,0.09166,-0.173161,-0.073087,0.180891,0.341387,-0.022347,0.016757,0.320933,0.272093,0.089116,-0.282759,-0.313263,#
17,-0.024544,0.415803,0.482422,0.041436,-0.122888,-0.079026,-0.171082,-0.206371,0.312863,0.074256,-0.408391,0.140462,0.077021,0.457702,0.045397,-0.199051,-0.040114,1.0,-0.010739,0.295541,0.037951,0.154393,0.222512,0.106609,0.000368,0.18088,0.281034,0.298404,0.104501,0.276637,0.057925,0.250384,0.189526,-0.164404,0.251353,0.397381,0.339699,-0.183465,-0.134928,-0.098274,0.124662,0.140801,0.120611,0.06373,0.045438,-0.409986,0.146893,0.145222,0.255647,0.073756,0.100913,-0.261499,0.008227,-0.172503,-0.258991,-0.232407,-0.272276,-0.343202,-0.10478,-0.216121,0.006012,0.210447,0.204439,-0.092867,-0.062751,0.228776,-0.058616,0.33005,0.010576,0.458711,0.125425,0.079121,-0.262785,0.159854,0.081658,-0.125272,0.200068,-0.413264,-0.079075,-0.035358,0.062846,-0.031479,0.0439,0.09467,0.151456,0.05318,-0.109338,0.21188,0.294155,0.081273,0.213399,0.331546,-0.079701,0.229711,0.040062,0.327822,0.430766,0.085324,-0.224002,-0.249414,-0.108466,0.083718,-0.115212,0.362481,-0.199098,0.151527,-0.081644,-0.366814,-0.1416,0.129971,0.389099,0.124094,0.35137,0.140069,0.145832,0.029782,0.035679,-0.252328,0.381693,-0.244434,0.123559,-0.037868,-0.12694,0.011857,-0.069486,-0.038987,-0.021171,0.01791,0.250428,0.155692,0.289652,0.138617,0.004853,-0.398818,0.009499,-0.053009,0.124662,-0.180348,0.150216,0.007664,-0.026973,-0.385933,-0.243452,-0.448745,-0.298607,0.241347,0.122756,-0.25118,0.040582,0.015789,-0.048548,-0.303387,0.554638,0.012236,-0.302721,-0.16406,0.261062,0.371497,0.052544,0.117916,0.053644,0.05312,0.033691,0.055135,-0.013213,0.163387,0.307772,0.088422,0.196852,0.145552,-0.349947,-0.024447,-0.433808,-0.161767,0.035935,0.088305,0.138662,0.021919,0.432773,-0.566237,0.007745,-0.082423,-0.429187,-0.342161,-0.198472,-0.11114,0.069708,0.235169,-0.344973,-0.16437,0.285874,-0.168213,-0.126957,0.35018,-0.273332,-0.003307,-0.060903,0.179618,0.541714,0.323206,#
18,-0.24177,-0.190263,-0.098334,-0.200589,0.108038,-0.307547,-0.046701,-0.026328,0.16065,-0.016393,0.187431,-0.052431,-0.044862,0.047197,0.309403,-0.074315,0.230461,-0.010739,1.0,-0.444697,-0.053062,-0.307904,-0.099944,-0.005234,0.210775,0.275116,-0.084461,0.396136,-0.161349,0.155977,-0.041103,0.074574,-0.026549,-0.112078,0.448459,0.129024,0.173032,-0.327927,-0.036456,-0.183253,-0.088839,-0.048797,0.319923,-0.039555,-0.056679,0.063654,-0.054701,-0.221037,0.210173,-0.013676,-0.123876,0.016287,-0.112419,0.113101,0.282746,0.027904,-0.361722,-0.056863,-0.146408,-0.061662,-0.144183,0.038967,0.078283,0.52104,-0.111296,-0.230569,-0.030169,0.008444,0.075876,-0.003358,-0.091627,-0.197327,0.032861,-0.210969,0.016029,0.194496,0.129939,0.161661,0.090599,-0.477242,-0.065533,-0.309461,-0.441365,-0.201529,-0.390714,-0.056626,-0.248218,0.090383,-0.149797,0.013727,-0.062692,-0.217942,0.03042,-0.207819,-0.394559,-0.20241,-0.039255,-0.268193,-0.311482,-0.229665,0.067297,0.082967,0.080724,-0.225576,-0.166045,0.021273,-0.123615,-0.106598,0.088109,0.083712,0.000948,-0.07936,-0.059457,-0.149278,-0.138503,-0.263747,-0.103353,0.007692,-0.175475,0.223011,-0.247453,-0.053467,-0.258972,-0.070345,0.210391,-0.488032,-0.002944,0.193935,-0.344073,-0.299591,0.236596,-0.158197,-0.26821,0.108128,0.168953,-0.176935,0.102763,0.034467,-0.192782,-0.028799,-0.305888,0.220375,-0.008444,-0.259181,-0.383486,0.072917,-0.370739,0.171066,-0.410564,-0.225078,-0.53749,-0.068698,-0.002621,-0.37673,-0.226695,-0.342947,-0.161775,0.131788,-0.255496,-0.000231,-0.038683,0.035869,0.273722,-0.021915,0.049946,-0.118945,-0.178268,0.346295,-0.254399,0.052096,0.18303,0.222836,-0.060356,-0.089504,0.254634,0.056805,-0.016518,0.256526,-0.031063,-0.090509,0.078574,0.039808,0.545628,0.156448,0.045733,-0.12985,-0.366001,0.023654,0.082632,0.048972,-0.24523,0.186796,0.311551,-0.011593,0.250458,0.189328,0.368872,-0.035538,-0.557243,0.19947,#
19,-0.11782,0.137467,0.37354,0.463223,-0.032743,-0.121427,-0.190729,0.017744,-0.276307,-0.039163,-0.335003,-0.088891,-0.175356,0.031659,-0.21219,0.078471,-0.286045,0.295541,-0.444697,1.0,0.269668,0.063739,-0.010841,-0.045209,0.013682,-0.09733,0.03752,-0.084455,0.252983,-0.061617,0.139143,0.067006,0.231468,0.068661,-0.127298,-0.353617,0.097407,0.123144,-0.332501,-0.031182,0.152233,0.300708,-0.139809,-0.006662,-0.197941,-0.139218,0.365809,0.208491,0.219536,0.012052,0.034197,0.075554,0.242557,-0.068949,-0.085122,0.08457,0.250508,-0.40097,-0.109491,-0.055149,-0.265335,-0.041643,0.164411,-0.160649,0.141634,-0.023149,0.233885,0.284055,-0.142813,0.054443,0.335494,0.157028,0.014297,0.273097,0.177484,-0.167287,0.278402,-0.127207,0.286128,0.357747,0.316884,0.350604,0.451535,0.488067,0.112661,0.108575,0.280171,0.130352,0.355485,0.177426,0.279329,0.125382,0.189048,0.146566,0.366034,0.275182,0.342468,0.210233,0.060889,0.15096,-0.41013,0.143153,-0.036475,0.431875,0.350604,0.519144,0.136748,-0.327533,0.124416,-0.024736,0.10465,-0.353373,0.135427,0.5269,0.367749,0.10269,0.094076,0.209636,-0.024083,-0.168088,0.341865,0.089224,0.145986,0.115041,0.049717,0.222179,0.01598,-0.001907,-0.131005,0.019706,0.21822,0.239786,0.31322,-0.129525,0.14568,-0.010957,0.385672,0.169791,0.107341,0.295553,0.33489,-0.16441,0.03685,0.031469,0.29754,0.222616,0.554501,-0.405457,0.595878,0.08816,0.414501,0.081991,0.263912,0.436297,-0.02034,0.386161,0.202383,-0.019097,0.346983,0.185648,-0.122658,0.090504,-0.360279,0.18511,-0.277368,-0.256509,0.382268,-0.22211,0.090591,0.172967,-0.410413,-0.216437,0.279104,0.181964,-0.363197,0.211236,0.180609,-0.418965,-0.161859,-0.096498,-0.109644,-0.16378,-0.332199,-0.29685,-0.461681,0.204685,0.104497,0.190167,0.033066,-0.475598,0.409767,-0.297686,-0.52074,-0.201757,-0.097139,-0.286943,-0.616109,0.359809,0.28584,0.090201,#
20,-0.027124,-0.277899,0.00783,0.265541,-0.092083,-0.292391,-0.459833,-0.005718,-0.091774,-0.226218,0.053192,-0.018084,-0.210514,-0.10681,-0.494011,0.055164,0.057913,0.037951,-0.053062,0.269668,1.0,-0.398036,-0.454804,-0.036242,0.361146,0.282953,-0.008863,0.206541,-0.053045,0.089335,0.501991,0.276619,0.164024,0.019731,0.084982,-0.388474,0.163914,0.177203,-0.19087,0.122611,0.482018,-0.193015,-0.057646,-0.098484,-0.205938,-0.059622,0.076851,-0.057455,-0.064008,-0.117878,0.0515,-0.056102,0.209593,0.037571,0.099538,0.233302,-0.154715,0.091511,-0.024925,0.179193,-0.160726,0.084335,0.134529,-0.198128,-0.086704,-0.112729,-0.005145,0.13411,-0.255213,-0.000816,0.151745,0.00562,0.114613,0.503809,0.096791,-0.461106,0.278733,0.491833,0.151671,0.246616,0.14149,0.596805,0.652931,0.265359,-0.1121,-0.12962,0.223605,-0.060777,0.737124,0.280178,-0.221966,-0.064108,0.207401,-0.014523,0.408978,0.354148,0.212644,0.206225,0.081484,0.036207,-0.24141,0.295056,-0.088098,0.177854,0.440879,0.286653,0.121519,0.169567,0.472142,0.291543,0.054626,-0.276606,-0.017897,0.55146,0.383203,0.314544,0.107584,0.210681,0.267235,0.485041,0.107258,0.177817,-0.013828,0.527371,0.202478,0.210681,-0.326809,-0.349765,0.119032,0.212555,0.193644,0.205416,0.319991,-0.076469,0.008206,0.149977,0.253059,0.233873,0.201271,0.595653,0.059334,0.150088,0.363585,-0.075769,0.138181,0.108637,0.401034,-0.541041,0.262723,0.289022,0.084099,0.266463,0.326848,0.506739,-0.074276,0.23108,0.066804,-0.177715,0.392921,0.155893,-0.342767,0.027434,-0.031133,-0.165778,-0.049473,-0.348375,0.354885,-0.118571,0.081618,-0.0,-0.436571,-0.259499,0.475181,-0.166405,-0.497688,0.270735,0.362444,-0.211152,-0.264926,0.283068,-0.263654,0.255754,-0.182842,-0.250514,-0.187617,0.32886,-0.015682,0.307235,0.201268,-0.167716,0.094983,-0.454258,-0.261851,-0.476528,-0.311183,-0.093251,-0.163454,0.403778,0.282532,-0.207716,#
