0,1.0,0.364425,-0.334736,-0.2682,0.271712,0.214089,0.0817,-0.086367,0.118221,0.284167,0.125973,-0.17541,0.307966,0.251817,0.559785,0.201924,0.1808,-0.056786,-0.09218,-0.28069,-0.019269,-0.081276,-0.013102,-0.064722,0.094488,-0.527583,0.115572,-0.12752,0.090398,0.08272,-0.388496,0.159624,-0.098409,-0.350066,0.258391,0.260784,0.283078,-0.300465,-0.003055,0.075111,0.107015,0.116083,-0.3674,-0.23104,0.4132,-0.436926,0.181097,-0.183703,-0.022111,-0.485476,-0.096579,-0.157546,-0.245052,-0.139566,0.147831,-0.002419,-0.462626,0.104162,-0.217887,0.343837,0.211316,0.415664,0.023643,-0.268221,-0.043765,0.070936,0.0,0.160796,0.224371,-0.231448,0.11651,0.063183,0.027889,-0.069237,0.111516,0.113004,-0.385001,-0.382064,-0.313326,0.062943,-0.098453,-0.31297,-0.177278,-0.321607,-0.346658,-0.073076,-0.08484,-0.145939,-0.163007,-0.350015,-0.202215,-0.583733,-0.280462,-0.06471,-0.164735,0.049035,-0.079448,-0.033345,-0.345487,-0.218443,-0.042408,-0.45807,-0.26827,0.02398,-0.074372,-0.315415,-0.29485,-0.164895,-0.077303,-0.312204,0.263962,-0.114633,-0.326786,-0.262171,-0.343671,-0.385032,0.103767,-0.226267,0.00261,-0.270007,-0.385001,-0.090119,-0.481287,-0.027433,0.162706,-0.01707,-0.190277,0.28993,-0.262812,-0.315431,-0.157662,-0.207296,-0.55951,-0.141683,0.141839,-0.315487,-0.114633,-0.385026,0.195736,-0.360595,-0.244978,-0.168288,-0.143448,-0.658075,-0.318664,-0.295601,-0.372877,0.229973,-0.212237,-0.280134,-0.441711,-0.010806,-0.046557,-0.350018,-0.147492,-0.280134,0.228215,0.184302,-0.139987,-0.38483,-0.317107,-0.280699,-0.124978,-0.11048,-0.26327,0.371672,-0.117076,0.407252,-0.247635,-0.350045,0.187805,0.051317,-0.218564,-0.056368,0.199481,-0.354011,-0.207293,0.068264,0.391043,-0.296183,0.292331,0.311522,0.013084,0.308787,0.245653,-0.228392,0.176776,0.016151,0.231113,0.163606,-0.370644,0.150352,0.259192,0.216176,0.021177,0.003677,0.072803,-0.113532,-0.032444,-0.028154,#
1,0.364425,1.0,-0.139268,-0.107721,-0.100993,0.434606,0.171184,-0.420605,0.379494,0.134583,0.006485,-0.020036,-0.082327,0.322081,0.292934,-0.227103,-0.347422,0.317092,-0.072071,0.016911,0.218023,0.270411,0.325213,-0.091161,0.085065,-0.398483,0.395039,-0.203581,0.239321,0.279489,-0.310006,-0.15933,0.017685,-0.300653,-0.319803,0.121898,0.369249,-0.443189,0.026057,0.045841,0.341146,0.43133,5.9e-05,-0.056372,0.005649,-0.165267,0.135539,0.190704,0.034828,-0.096854,-0.338075,-0.368514,-0.111584,-0.473954,-0.006395,0.291717,-0.262726,0.379092,-0.117004,0.453797,0.30466,0.240455,0.373916,-0.270482,0.116702,0.393866,0.0,0.256336,0.29244,0.078265,-0.2243,0.095777,0.148368,-0.094566,-0.179737,0.175092,-0.181568,-0.06692,-0.162227,0.073775,-0.04244,-0.6638,-0.325751,-0.261722,0.035075,-0.135143,0.331277,-0.486747,-0.076432,-0.095459,-0.255824,-0.125202,-0.192611,0.401814,-0.025693,-0.081258,-0.093506,-0.167289,0.121238,-0.228122,0.248283,-0.117969,-0.014514,0.102151,0.173113,-0.031806,-0.302677,-0.625253,0.434904,-0.216253,0.179134,-0.152967,-0.351501,-0.117969,-0.047355,-0.328424,-0.099703,0.15432,0.012235,-0.484523,0.010594,-0.21698,-0.28053,-0.1989,0.214404,-0.125202,0.363096,0.385094,-0.3105,-0.21503,-0.189419,-0.276615,-0.380601,-0.376367,-0.036346,-0.420985,-0.152967,-0.141341,0.213731,-0.749754,-0.089338,-0.330248,-0.26914,-0.215538,0.085957,-0.404055,-0.204568,0.500237,0.140026,0.234194,-0.295558,-0.158316,0.017851,-0.273898,-0.108447,0.241537,0.057863,0.338519,0.031001,-0.168907,-0.227574,0.064289,-0.247748,0.172091,0.058905,0.278431,-0.248415,-0.062021,-0.404688,-0.274503,-0.055703,-0.030684,-0.238869,-0.215911,0.101532,-0.480873,-0.276611,-0.006195,0.447102,-0.177442,0.485976,0.078983,-0.321359,0.222459,0.428736,-0.14621,0.14879,0.178982,-0.25081,0.477953,-0.311881,0.379192,0.263345,0.257234,0.033079,-0.18028,-0.360606,-0.174366,-0.127757,-0.043138,#
2,-0.334736,-0.139268,1.0,0.257134,-0.081003,-0.130198,0.192652,0.018719,0.101047,0.098291,-0.02314,0.259976,-0.296382,-0.013098,-0.503247,-0.247624,-0.188066,0.506212,0.063959,-0.061277,0.134771,0.135866,0.056747,0.049597,0.251301,0.23467,-0.24946,0.185462,0.02557,-0.090304,0.119582,-0.091855,-0.025531,0.287755,0.101126,0.118631,-0.02092,-0.132404,-0.206621,-0.13492,-0.010088,-0.040858,0.27686,0.091976,-0.186775,0.114097,-0.148763,-0.221962,-0.028899,0.267992,0.142039,0.15841,0.072947,0.136633,-0.133861,-0.160338,0.07064,0.178206,-0.286741,-0.083812,0.221741,-0.289866,-0.168613,0.149116,0.089557,0.047194,0.0,0.098621,-0.259945,0.382507,0.151134,-0.065258,0.131371,0.140088,0.160173,-0.117336,-0.038358,0.086442,-0.163565,-0.10402,0.21624,0.340746,-0.011201,0.252173,0.297854,0.003662,0.046614,0.184779,0.042982,0.128703,0.036128,0.281829,0.135933,-0.097844,-0.084263,-0.054957,0.0979,0.206192,0.382871,0.206446,0.04089,0.239681,-0.016812,0.298404,0.006524,0.232279,0.259941,0.301104,-0.045693,0.191206,-0.068616,0.175891,-0.000123,0.437469,0.192789,0.536047,-0.383378,-0.165929,-0.033435,0.570553,0.142083,-0.000347,0.462641,-0.15299,-0.321153,0.11496,0.179645,-0.44967,-0.271402,0.246054,0.181259,0.059178,0.185123,0.375563,-0.122508,0.243787,0.142829,0.331929,0.039652,0.170139,0.323401,0.373947,-0.099379,-0.117966,-0.03693,-0.260945,0.17042,-0.116717,0.052231,0.151428,0.258257,-0.202113,0.151702,0.487405,0.112942,-0.045693,0.07973,0.034035,0.389622,0.311789,0.407927,-0.017397,0.244951,0.321043,0.276688,-0.087782,0.193917,-0.31061,-0.09964,0.310152,0.053753,-0.110083,0.162239,0.063252,-0.117273,0.13244,0.268051,0.167284,-0.453668,-0.33233,-0.333142,0.127598,0.364125,-0.4462,-0.063763,0.225903,-0.34032,-0.222013,-0.047432,0.048439,-0.013416,-0.040757,0.104074,-0.174977,-0.01665,0.213161,-0.009451,-0.114338,0.135833,-0.114621,#
3,-0.2682,-0.107721,0.257134,1.0,0.166753,-0.134765,0.090061,0.27764,-0.170921,0.047775,0.037576,-0.029038,-0.014782,-0.236926,-0.121417,-0.29827,-0.021772,0.213682,-0.219732,0.209594,0.171164,0.013429,0.033923,0.154973,0.372208,0.148743,-0.398896,0.011494,-0.11209,-0.160331,0.443687,-0.203659,0.204666,0.412334,-0.048913,0.083923,0.147086,0.324836,-0.027898,-0.080439,0.238286,-0.128079,-0.169917,-0.159624,0.323027,-0.280915,-0.319486,0.092675,0.14943,0.131392,0.218969,0.068548,0.082793,0.038581,-0.153804,-0.275913,-0.047086,0.129489,0.189173,-0.218849,-0.247189,0.19616,-0.120674,0.278917,0.1023,0.145795,0.0,-0.24455,-0.234178,0.068994,-0.220437,-0.220284,0.319338,0.165371,0.037588,-0.31242,0.130808,0.219221,0.089092,0.161185,0.099922,0.273894,-0.201592,0.176628,0.080017,-0.004405,0.053257,-0.062299,0.181789,-0.151534,-0.029361,0.115181,0.202409,-0.192662,0.015929,-0.131094,-0.234588,-0.032954,0.51757,0.241363,0.042362,-0.183641,0.377409,0.296832,0.043794,0.100209,-0.062685,-0.124107,-0.004,0.071992,0.158216,-0.166485,0.269184,0.333923,0.178167,0.485467,0.345454,-0.022947,0.163533,-0.106859,0.11348,-0.084497,-0.044655,0.062448,-0.093119,0.137099,0.162766,0.080464,0.072597,0.292074,0.08213,0.227804,0.445752,0.297812,0.04783,0.487745,-0.166485,0.302812,-0.054805,0.072988,0.058032,0.278048,0.01591,0.083445,0.161104,0.097729,0.056363,0.084723,0.401187,-0.004,0.194329,-0.068405,-0.004008,0.387903,0.188494,0.186154,-0.16518,-0.041064,0.264253,0.30541,0.376611,0.202126,0.009769,0.254554,0.315584,-0.122469,0.295294,-0.461521,0.243691,0.587468,0.03182,-0.124593,0.20502,0.044965,-0.325727,0.268871,-0.074798,-0.077002,-0.313799,-0.18055,-0.108157,-0.191472,-0.131632,-0.325793,-0.195024,0.037682,-0.510234,0.120775,-0.045249,-0.288007,0.273651,-0.204165,-0.190033,0.135319,0.072894,0.137972,0.070414,0.239808,0.11379,0.248259,#
4,0.271712,-0.100993,-0.081003,0.166753,1.0,0.091513,0.188133,-0.097268,0.137034,0.099878,0.12055,0.014558,-0.021025,0.057027,0.088849,0.120754,0.405296,-0.070113,0.32641,-0.002276,0.118508,-0.459488,0.280249,0.121505,-0.04352,-0.129901,0.050889,-0.099346,0.098798,-0.042472,-0.111842,-0.028148,-0.178673,0.145474,0.006125,0.154557,0.119495,-0.129482,-0.145947,-0.0765,0.132849,-0.117178,-0.257976,-0.245408,0.22526,-0.090293,-0.068865,-0.097564,0.280185,0.007658,0.155971,-0.086301,0.330547,-0.292523,-0.211761,0.132382,-0.142361,0.12968,0.081828,0.012717,-0.060687,0.400427,-0.017891,0.268671,-0.07046,-0.001375,0.0,-0.183187,-0.100772,-0.062239,0.274732,0.145088,0.132239,-0.007834,-0.07309,0.210715,0.012471,-0.175254,-0.119918,0.133758,0.07115,0.097785,-0.318059,0.490341,-0.295921,0.007654,-0.085382,-0.266465,0.278594,-0.208941,-0.246078,-0.136631,0.208586,-0.217433,-0.215735,-0.220651,-0.360111,-0.152605,-0.360183,0.10425,0.165992,-0.17688,-0.258705,0.339811,-0.245083,-0.096469,0.004886,-0.057978,0.163861,0.245561,0.226374,0.175084,0.232095,-0.006132,-0.390961,0.062452,0.171066,-0.247104,0.376119,-0.215244,0.002388,-0.278365,-0.32903,-0.386252,0.150593,-0.149879,0.196672,0.137245,0.178638,-0.308591,-0.107705,0.297664,0.09581,-0.015792,-0.076761,0.073385,-0.24956,-0.478682,-0.276756,-0.084626,-0.32141,-0.322498,-0.408867,-0.199772,-0.176362,0.078818,-0.114723,-0.088176,-0.229676,-0.220835,-0.03351,0.035417,0.388649,-0.210196,0.309464,-0.425204,-0.016755,0.337569,-0.082117,-0.154411,0.145799,-0.41345,0.162943,-0.277591,-0.024684,0.130433,0.28805,0.180296,-0.060929,-0.011491,0.153288,0.219106,-0.272757,0.136854,0.28981,-0.122881,-0.200241,0.231724,0.107129,0.016766,0.248665,0.164732,-0.005861,-0.091303,-0.192918,0.298361,-0.046377,0.221269,-0.018909,-0.238136,0.049267,0.029272,-0.017545,0.220886,-0.45935,0.367073,0.140771,0.235887,0.230086,0.278811,#
5,0.214089,0.434606,-0.130198,-0.134765,0.091513,1.0,0.262012,-0.139982,0.662578,0.281538,0.41804,-0.095583,0.153426,0.250133,-0.059959,0.215128,-0.147037,-0.14232,0.132812,-0.104035,0.14282,0.256963,0.478692,-0.21017,-0.068428,-0.628558,0.364072,-0.083077,0.158002,0.29892,-0.403706,0.048168,-0.258569,-0.258696,-0.055599,0.011961,0.333989,-0.383015,0.369782,-0.154367,0.267495,0.395125,0.274244,-0.200063,-0.294168,-0.108967,0.300361,-0.018606,0.336028,-0.124789,0.027904,-0.200273,-0.005412,-0.357343,0.173533,0.31801,-0.697106,0.495736,-0.327983,0.429233,0.368187,0.094197,-0.126814,0.070952,-0.018375,0.301931,0.0,0.403809,0.332535,-0.043793,-0.109563,0.209185,0.256614,-0.293556,-0.6273,0.242273,-0.001213,-0.141434,-0.217733,-0.239568,-0.375004,-0.526557,-0.142913,0.272626,-0.318937,-0.08048,-0.145743,-0.193886,-0.162952,-0.234316,-0.147994,-0.391707,-0.30487,0.157451,-0.109916,0.131143,0.040546,-0.162349,-0.130368,-0.40576,0.331118,-0.145643,0.030224,-0.006999,0.024282,-0.361182,0.034787,-0.072904,0.077349,0.189605,-0.006922,-0.195807,-0.239433,-0.152311,-0.144483,-0.486752,-0.129963,-0.17352,0.013575,-0.218081,-0.178408,-0.354079,-0.478075,-0.380846,-0.190622,-0.06477,0.359162,0.382918,-0.396442,-0.348946,-0.453738,0.112704,-0.422888,-0.430466,-0.245296,-0.347164,-0.195807,-0.310517,0.362852,-0.605831,-0.418449,-0.262582,-0.418651,-0.328695,-0.158859,-0.500463,-0.255095,0.451948,-0.364373,-0.115132,-0.168353,-0.337411,0.088777,-0.419749,-0.251921,-0.10809,0.233437,0.059742,-0.2474,-0.336936,-0.199906,-0.271077,-0.060885,-0.0639,0.003889,0.035561,-0.187594,-0.27152,-0.561347,-0.413215,0.207394,0.162183,0.101856,-0.248285,0.514615,-0.644797,-0.354079,0.262667,0.337007,0.09056,0.508028,0.007288,-0.142585,0.34208,-0.015735,-0.059661,0.121857,0.169446,-0.006197,0.442405,-0.485919,0.271718,-0.050038,0.280634,-0.329388,0.191242,-0.016021,-0.428077,-0.338002,-0.049794,#
6,0.0817,0.171184,0.192652,0.090061,0.188133,0.262012,1.0,-0.310182,0.256801,0.277567,0.315182,0.255318,0.181095,-0.004513,0.155468,0.277894,-0.095179,-0.025309,0.056211,-0.259534,0.172785,-0.166067,0.243046,-0.345358,-0.014098,-0.402005,0.006197,-0.166856,0.30299,0.162202,-0.285043,-0.034243,-0.43899,-0.207365,-0.000768,-0.159081,0.364435,-0.139939,0.079614,0.237976,-0.147852,0.293658,-0.113928,-0.096506,-0.053583,-0.04097,0.073479,-0.123752,0.232094,0.172551,0.124056,-0.312448,0.033278,-0.188383,-0.065945,0.170773,-0.172319,0.142197,-0.417788,0.179186,0.076804,0.344658,-0.010138,-0.003167,0.023349,0.045926,0.0,-0.023948,0.278142,-0.023666,0.208726,-0.014314,0.068128,-0.068437,-0.192634,0.157639,-0.11029,-0.339558,-0.314956,-0.105997,0.055142,-0.290159,-0.074058,0.233499,-0.179337,0.214961,-0.167701,0.060843,0.091914,-0.165181,0.249389,-0.11902,-0.04965,0.242121,0.285235,-0.172364,0.017645,-0.239418,-0.034401,-0.167248,0.033685,-0.401663,-0.192701,0.031659,-0.032093,-0.100074,0.010185,0.049268,-0.035419,0.00933,-0.151251,-0.180742,-0.310647,-0.072437,-0.220745,-0.07236,-0.236966,-0.355812,0.043465,-0.101335,-0.103091,-0.298694,-0.143638,-0.323267,-0.324978,0.361935,0.260649,0.273418,-0.229177,-0.103972,0.112869,0.147275,0.114481,-0.187103,-0.082225,-0.118779,-0.180742,-0.423919,-0.065604,-0.067451,-0.154858,0.315757,-0.008739,-0.190318,-0.32902,-0.332052,0.132302,0.500934,-0.154335,0.150547,-0.153878,-0.175002,0.134578,-0.182799,0.065812,-0.035419,0.181241,0.156691,-0.074411,-0.103648,-0.078875,-0.226766,0.069897,0.023331,0.251472,-0.052267,-0.329228,-0.335471,-0.154533,-0.360635,-0.045481,-0.100612,-0.001741,-0.246219,0.099688,-0.024144,-0.326837,0.500192,0.087508,-0.136597,-0.064547,0.083422,0.22438,0.097759,0.039656,0.172717,0.252453,-0.204554,-0.144291,-0.006392,-0.182519,0.365609,0.23418,0.37957,-0.054645,0.412354,-0.256416,-0.049215,-0.193052,-0.156609,#
7,-0.086367,-0.420605,0.018719,0.27764,-0.097268,-0.139982,-0.310182,1.0,-0.45766,-0.242711,-0.096351,-0.506594,0.045961,-0.281354,-0.007435,-0.146093,-0.177201,-0.089739,-0.122897,0.180745,-0.176155,0.112588,-0.202498,0.428433,0.454837,0.310237,-0.120017,0.348989,-0.577669,-0.140236,0.341631,0.099257,0.417239,0.475499,0.126777,-0.005535,-0.265886,0.418603,0.030249,-0.182787,-0.046936,-0.228565,0.323862,0.202331,0.023625,-0.077576,-0.008439,0.260268,-0.110611,-0.506575,0.034536,0.341387,-0.005828,0.12597,-0.036639,-0.188405,-0.099989,-0.173391,0.176748,-0.458468,-0.403562,-0.316635,-0.382958,0.040794,-0.307771,-0.008754,0.0,-0.051675,-0.40401,0.221727,-0.112331,-0.111437,0.253781,0.10538,0.283686,-0.362187,0.417956,0.199432,0.238454,0.074257,-0.105668,0.419554,0.002118,-0.112732,-0.000869,0.169091,-0.093402,0.429805,0.199646,0.050939,0.254344,0.130821,0.175239,-0.457753,0.006199,0.074464,0.130503,0.420479,0.185201,0.344257,-0.08963,0.09641,0.491219,0.005323,0.302169,0.09581,0.340021,0.336241,-0.049059,0.124218,0.19652,-0.114569,0.430945,0.297377,0.192224,0.381737,0.298259,0.023387,-0.183081,0.366504,0.196265,0.104374,0.109212,0.140834,-0.085525,-0.027703,-0.172568,0.153148,0.122277,0.752307,0.076541,0.087966,0.070218,0.183442,0.382621,0.544512,-0.114569,0.183737,0.290135,0.289564,0.234041,0.16536,0.257248,-0.000398,0.335491,0.292846,-0.153073,-0.41585,0.023251,0.19148,0.023251,0.410077,-0.049147,0.449001,0.261223,0.19148,-0.072377,-0.569063,0.293308,-0.00303,0.275689,0.398698,0.073224,0.241233,0.292975,-0.149991,0.331589,-0.007398,0.344773,0.243937,-0.335263,0.201348,0.340074,-0.022544,-0.164104,0.202795,0.065565,-0.310645,-0.55073,-0.192655,-0.435454,-0.121623,-0.042419,-0.341238,-0.524369,-0.235618,-0.415416,-0.15562,0.076327,-0.42146,0.402275,-0.586889,-0.331168,-0.273927,0.051324,0.037838,0.095495,0.257568,0.065978,-0.248579,#
8,0.118221,0.379494,0.101047,-0.170921,0.137034,0.662578,0.256801,-0.45766,1.0,0.360023,0.08769,0.230031,0.05042,0.403178,-0.129129,0.196966,-0.022435,0.221323,0.32517,0.200701,-0.048203,-0.08848,0.370642,-0.411227,0.033643,-0.489268,0.049517,-0.264699,0.275511,0.409572,-0.366538,0.069016,-0.182177,-0.14639,-0.086995,0.331548,0.243521,-0.584971,0.126038,-0.198108,0.230673,0.295624,-0.026993,-0.134593,-0.04334,0.07098,0.381396,-0.132365,0.283242,0.138291,0.10738,-0.105763,0.067017,-0.201765,-0.108903,0.327545,-0.24646,0.403869,-0.468393,0.33204,0.320561,0.168679,-0.015703,0.069725,-0.051204,0.214195,0.0,0.299943,0.314162,-0.084492,0.145299,0.400411,-0.122276,-0.151327,-0.616084,0.165203,-0.068586,-0.141941,-0.249349,-0.028306,-0.078685,-0.378231,-0.032254,0.332846,0.081679,-0.057129,-0.133365,-0.378028,0.006152,0.062321,-0.226204,-0.049341,-0.228956,0.296742,-0.285052,-0.309525,0.144643,-0.407114,-0.129115,-0.463431,0.259211,-0.01342,-0.287069,0.065378,-0.288841,-0.276235,-0.064591,-0.19971,0.162101,0.04806,0.04406,-0.166443,-0.077367,-0.006596,-0.325177,-0.370134,-0.152725,-0.261136,0.330122,-0.384194,-0.068586,-0.268966,-0.208506,-0.44142,-0.079248,0.119787,0.118144,0.062526,-0.461765,-0.457992,-0.154297,0.196759,-0.320033,-0.132416,-0.548239,-0.458073,-0.166443,-0.193129,0.221474,-0.495695,-0.355697,-0.299019,-0.324776,-0.252167,-0.25027,-0.556065,0.244179,0.408023,-0.237034,-0.03488,0.175239,-0.46628,0.173946,-0.311343,-0.040965,-0.222252,0.277583,0.454999,-0.327845,-0.037949,-0.332295,-0.407562,-0.007892,0.095155,0.153157,-0.148211,-0.074934,-0.281498,-0.449947,-0.308113,0.184908,0.183536,0.228871,-0.169488,0.496735,-0.424684,-0.30098,0.241569,0.316999,0.003615,0.519312,0.174306,-0.139518,0.217842,0.18107,0.209837,0.166356,0.229183,-0.360358,0.38378,-0.428645,0.264068,0.140785,0.165956,-0.496297,0.104798,-0.127223,-0.294497,-0.070092,0.107641,#
9,0.284167,0.134583,0.098291,0.047775,0.099878,0.281538,0.277567,-0.242711,0.360023,1.0,0.173851,0.2347,0.280511,0.059079,0.140616,0.458309,0.11488,-0.09277,-0.069572,-0.216136,0.118664,-0.116412,0.114492,-0.520026,-0.012043,-0.377645,0.011845,-0.329911,0.243383,-0.018856,-0.271166,0.216441,-0.214392,-0.269557,0.036187,0.109433,0.214057,-0.52478,0.121895,0.285196,-0.021271,0.094821,-0.27222,-0.321171,0.220917,-0.144401,0.119634,-0.203692,0.026172,0.028824,0.001978,-0.236106,-0.188695,-0.242497,0.05048,0.274706,-0.487267,0.238375,-0.379568,0.076613,0.174122,0.35138,-0.133945,0.210911,0.000473,0.017506,0.0,0.090771,0.17795,-0.122598,0.134705,0.091716,-0.188608,-0.12969,-0.083377,0.047394,-0.296458,-0.040616,-0.383095,-0.098363,-0.24275,-0.204434,0.163436,0.137358,-0.160565,-0.072996,0.1139,0.049359,-0.193108,0.010079,-0.049069,-0.272351,0.00769,-0.127051,-0.164945,0.010073,-0.164049,-0.083424,-0.238113,-0.139003,0.168184,-0.352722,-0.261576,0.122983,-0.263351,-0.036865,-0.158893,0.120248,0.03809,0.140336,-0.109042,-0.08827,-0.200526,-0.125756,-0.414993,-0.109209,-0.123139,-0.112232,-0.045835,-0.017532,-0.296458,-0.036865,-0.216795,-0.139083,-0.323772,0.199488,-0.103641,-0.072818,-0.072515,-0.242888,-0.328523,-0.159622,-0.006296,-0.051575,-0.222252,-0.242931,-0.08827,-0.296477,0.181329,-0.264398,-0.188637,-0.223972,-0.269591,-0.276769,-0.273267,-0.100135,0.227232,0.238935,-0.118752,-0.215708,0.196967,-0.18303,-0.216099,-0.269521,-0.141409,-0.215708,0.152559,0.112855,-0.299845,-0.296326,-0.336048,-0.216143,0.134783,-0.161,-0.127051,-0.198849,-0.242638,0.045849,-0.134091,-0.071144,0.417332,-0.062605,0.178461,0.009425,0.257313,-0.390578,-0.159619,0.239578,0.016175,-0.216117,-0.054974,0.113564,0.09274,0.21706,0.137254,0.068137,0.272374,-0.134555,0.157063,0.139776,-0.389726,0.383785,0.325962,0.203999,0.0379,0.188018,0.204606,-0.321457,-0.209728,0.14562,#
10,0.125973,0.006485,-0.02314,0.037576,0.12055,0.41804,0.315182,-0.096351,0.08769,0.173851,1.0,0.158878,-0.008091,-0.17632,-0.008947,0.254601,0.453753,-0.336856,-0.17469,-0.234679,0.251022,0.049698,-0.04842,0.016848,-0.217172,-0.387553,-0.082166,-0.025427,0.133858,0.020781,-0.253229,0.20216,-0.408657,-0.228224,0.562221,-0.052672,0.521389,-0.168302,0.12489,0.281609,-0.27419,0.109783,-0.173767,-0.087692,-0.094278,-0.064087,-0.230884,-0.234262,0.240286,-0.136997,0.281338,-0.166682,-0.279148,-0.292014,0.59027,-0.06191,-0.428881,0.078679,-0.227974,0.19636,0.156253,0.220308,-0.106518,-0.077533,0.208026,-0.258153,0.0,-0.156499,-0.022401,-0.414894,0.134379,-0.085952,0.194704,-0.417982,-0.336451,0.266621,-0.31285,0.020074,-0.389872,-0.423633,-0.279583,-0.046726,-0.103722,0.139254,-0.703885,0.05524,-0.313765,-0.000571,-0.434332,-0.500962,-0.057949,-0.395296,0.05515,-0.27207,0.081387,0.040115,-0.410601,-0.144158,0.006368,-0.043604,0.128729,-0.130918,-0.181037,-0.290434,-0.15781,-0.095821,-0.219131,0.003818,-0.197604,0.380522,-0.468526,-0.228296,-0.395637,-0.319698,-0.325943,-0.110057,-0.136565,-0.274703,-0.461763,0.100236,-0.492017,-0.038362,-0.213835,0.143092,-0.21729,-0.08688,0.27843,0.080739,-0.175979,-0.3057,0.006279,-0.165293,-0.32807,-0.089105,-0.149723,-0.119536,-0.228296,-0.296565,-0.209529,-0.15106,-0.487881,-0.050397,-0.041527,-0.092473,-0.421828,-0.259519,-0.15638,0.136287,-0.089852,-0.190484,-0.271195,-0.212133,-0.178465,-0.394498,-0.29762,-0.038108,0.251852,-0.216156,-0.331129,-0.155737,-0.058053,-0.207842,-0.198129,-0.23964,-0.427341,0.054926,-0.061837,0.035481,-0.370981,-0.195447,0.418211,-0.079175,-0.212232,-0.299547,0.255272,-0.388064,-0.41283,0.487127,0.239057,0.261723,0.049123,0.234981,0.324136,0.120267,0.107556,-0.23918,-0.057414,-0.041891,0.52389,0.022001,-0.549541,0.471944,0.069624,0.141225,-0.046141,-0.058361,0.262871,-0.474048,-0.392631,-0.194008,#
11,-0.17541,-0.020036,0.259976,-0.029038,0.014558,-0.095583,0.255318,-0.506594,0.230031,0.2347,0.158878,1.0,-0.208738,0.042469,-0.082925,0.276611,0.17392,-0.064101,0.224609,-0.076932,-0.090398,-0.456607,0.134093,-0.353913,0.008665,-0.234341,-0.033005,-0.068489,0.06032,0.0841,-0.129538,-0.047464,-0.547002,0.016757,-0.203209,-0.020915,0.074511,-0.133301,0.147202,0.431347,-0.2796,0.045964,-0.086587,-0.214126,0.106129,0.340724,-0.116913,-0.279014,0.065478,0.436533,0.411552,-0.331815,0.193687,0.094366,-0.315439,0.085436,0.08659,-0.186292,-0.234291,-0.018113,-0.154296,0.238067,0.332492,0.248729,-0.045986,-0.250858,0.0,0.165297,-0.058189,-0.24099,0.66137,-0.010408,-0.037599,0.005461,-0.07444,0.371158,-0.393232,-0.128107,-0.009433,-0.21715,0.066178,0.01349,0.073276,0.052148,0.00122,0.072389,-0.063002,-0.121343,-0.120552,-0.086965,-0.27957,0.094185,0.245887,-0.003037,-0.085674,-0.303681,-0.334444,-0.337973,-0.141517,-0.108839,-0.080705,0.164139,-0.284257,0.205034,-0.280152,-0.20519,-0.117894,0.037515,-0.014431,-0.198801,-0.424047,0.115561,-0.208156,0.144235,-0.171687,-0.099291,-0.03514,-0.029193,0.112911,-0.072671,-0.154597,-0.16551,-0.089936,-0.073727,0.163487,0.063209,-0.063636,-0.27552,-0.246473,-0.260312,0.133527,-0.120054,0.170254,0.256288,-0.189226,-0.256923,0.115561,0.118532,-0.300016,-0.062535,-0.032239,0.178359,0.025355,0.062483,-0.341395,-0.289011,0.39548,0.179458,-0.028717,0.23371,-0.037726,-0.432536,0.234133,-0.16401,-0.065445,0.172701,-0.032224,0.159215,-0.057307,0.29876,-0.016956,0.186528,0.034873,-0.020903,-0.0104,-0.099814,-0.150022,-0.110664,-0.090603,0.071299,0.325408,-0.366143,0.092481,-0.348265,0.080167,-0.018952,-0.097279,0.062852,0.085123,-0.146415,-0.038369,0.05423,0.32554,-0.054828,0.206301,0.122726,0.06875,-0.015456,-0.204012,-0.013513,-0.417498,0.356405,0.1587,0.147437,-0.046837,0.09583,-0.065743,-0.285722,-0.145988,0.398265,#
12,0.307966,-0.082327,-0.296382,-0.014782,-0.021025,0.153426,0.181095,0.045961,0.05042,0.280511,-0.008091,-0.208738,1.0,0.187686,0.324002,0.331867,-0.035105,-0.199997,0.166985,-0.147207,0.167506,0.124657,0.085169,-0.429688,-0.0374,-0.27294,0.174932,-0.156196,-0.043466,0.00731,-0.146394,0.388458,0.039114,-0.241949,0.074236,-0.269454,-0.226493,-0.033916,0.147492,-0.061445,-0.045618,0.008625,-0.113541,0.21602,0.300608,-0.537657,0.10736,0.064441,-0.164342,-0.193876,0.100434,0.14657,-0.032105,-0.021659,0.028094,0.208028,-0.235491,0.091462,-0.237253,0.059367,-0.049388,0.121782,-0.231245,-0.207956,-0.14586,0.283941,0.0,0.063885,0.051966,-7.5e-05,0.08877,0.091401,-0.269448,0.047728,-0.011363,0.09171,-0.100341,-0.46498,-0.062771,-0.189942,-0.346796,-0.419799,0.315201,0.167007,-0.128927,-0.162197,-0.021422,-0.164852,-0.246094,-0.162096,0.294595,-0.34727,-0.308524,0.226792,0.14047,0.250595,0.17795,-0.089307,-0.273697,-0.12905,0.069449,-0.373601,-0.023839,-0.021025,0.159836,-0.200001,0.169238,0.027138,-0.308163,-0.124764,0.307903,-0.126103,-0.05976,-0.192626,-0.100809,-0.289951,0.18034,0.058016,-0.031976,-0.137843,-0.100341,-0.122191,-0.411992,-0.129124,-0.157632,0.222235,-0.423146,-0.053195,0.057836,-0.198597,-0.312566,0.027116,-0.103472,-0.139633,-0.168896,0.010951,-0.126103,-0.288024,-0.039451,0.126621,-0.26949,0.203006,-0.044131,-0.398351,-0.23755,0.055999,-0.097212,0.51853,-0.388286,-0.308163,0.074798,-0.118056,-0.088144,-0.24581,-0.447406,-0.14303,0.321753,0.010032,-0.10565,-0.097398,-0.250303,-0.14909,0.181596,-0.047897,-0.151223,-0.206424,-0.133249,-0.134835,0.213786,-0.243527,0.142678,0.259065,0.251781,0.19953,0.32114,-0.128927,-0.228034,-0.005827,0.117461,0.028292,0.215677,-0.110225,-0.004236,0.185925,0.107997,0.081953,0.275701,0.070496,0.04823,0.104386,0.060658,-0.10241,0.123594,0.234901,-0.169423,0.313596,-0.083831,0.108714,0.209275,0.109105,#
13,0.251817,0.322081,-0.013098,-0.236926,0.057027,0.250133,-0.004513,-0.281354,0.403178,0.059079,-0.17632,0.042469,0.187686,1.0,0.348765,0.27839,0.092763,0.303994,0.063256,-0.041458,-0.314083,0.063255,0.253937,-0.390178,-0.206498,-0.27678,0.133576,-0.362375,0.119417,-0.0137,-0.278712,0.162933,-0.281915,-0.015836,-0.193404,0.063861,-0.024191,0.011159,0.238553,-0.28232,0.08398,0.21728,-0.158802,0.03246,0.036883,-0.292085,0.442793,-0.016564,-0.098919,-0.000369,-0.043488,-0.032309,0.25365,-0.257122,-0.433954,0.446801,0.013292,0.468415,0.219446,0.387114,0.300666,0.128752,-0.031235,-0.256892,-0.214091,0.265945,0.0,0.529319,0.355114,-0.009246,0.255939,0.100467,-0.386108,0.115263,-0.036483,0.142114,-0.118714,-0.204971,-0.468225,0.225571,0.264401,-0.285523,0.074353,0.209451,0.326793,0.184599,0.12298,-0.295556,-0.059655,0.007954,-0.184401,-0.121019,-0.2671,0.411248,-0.199764,-0.013687,0.369294,0.072227,0.129161,-0.175502,0.319443,-0.075983,-0.201588,0.253074,0.284778,-0.300739,-0.192857,-0.158934,0.13714,-0.061714,0.171999,0.235809,0.015845,0.263066,0.100798,-0.242887,-0.216461,0.207428,0.092225,-0.282164,0.06643,-0.115191,-0.153549,-0.320405,0.183197,0.191924,-0.098626,0.06351,-0.144143,-0.298865,-0.080566,0.161876,-0.4651,-0.408887,-0.111571,-0.308121,-0.180702,-0.066549,0.188961,-0.076656,-0.157284,0.022743,-0.180866,-0.212928,0.180674,-0.248038,-0.098915,0.174525,-0.170044,0.144214,0.002898,-0.211494,0.140696,-0.172368,-0.117792,-0.039733,0.503018,0.30575,0.119288,0.087043,-0.148114,-0.229011,0.377125,0.358866,0.254379,0.28383,0.065379,-0.182935,-0.183494,-0.176621,-0.036305,0.037841,-0.025698,0.249414,0.101144,-0.010018,-0.080532,-0.307106,0.084545,0.195098,0.610943,-0.046976,-0.055143,0.100935,-0.071563,-0.094627,0.424413,0.138786,-0.292479,0.172028,-0.009565,-0.13084,0.061979,0.185932,-0.053672,-0.100477,-0.425845,-0.107753,0.006514,0.042522,#
14,0.559785,0.292934,-0.503247,-0.121417,0.088849,-0.059959,0.155468,-0.007435,-0.129129,0.140616,-0.008947,-0.082925,0.324002,0.348765,1.0,0.265586,0.186661,-0.176463,-0.08725,0.013832,-0.291821,-0.013166,-0.02832,-0.253077,0.070537,-0.233874,0.218959,-0.176139,-0.176199,0.069918,-0.289343,0.11169,-0.206407,-0.123006,-0.082086,-0.108403,0.026509,0.122874,0.011097,0.166226,-0.196266,-0.08859,-0.381391,-0.020552,0.389338,-0.513859,0.326034,0.012133,-0.140829,-0.30513,-0.181927,-0.013148,-0.108715,-0.429952,-0.219868,0.385293,-0.107375,-0.159336,0.211093,0.268637,-0.243338,0.635656,0.10228,-0.180182,-0.222834,-0.01721,0.0,0.05268,0.263067,-0.317545,0.262779,-0.118615,-0.32678,0.052707,0.316846,0.112177,-0.184213,-0.240193,-0.33812,0.414829,0.153693,-0.344897,-0.157148,-0.267043,-0.143617,0.179346,-0.174299,-0.00049,0.088153,-0.097696,0.139425,-0.300598,0.005328,0.233069,-0.045567,-0.087522,0.078986,0.016656,-0.218854,-0.062004,-0.045041,-0.30121,0.144646,0.1078,0.152971,-0.214242,-0.109106,-0.301325,0.234741,-0.221963,0.168802,-0.152935,-0.185171,0.048224,-0.214056,-0.325908,0.22632,0.134261,-0.013117,-0.36665,-0.159256,-0.034162,-0.293566,-0.045785,0.263752,0.199589,-0.354767,0.417581,0.100051,-0.030446,-0.007221,-0.276559,-0.201424,-0.262321,0.139265,-0.229631,-0.152935,-0.323201,-0.135022,0.010092,-0.086181,-0.0662,0.272812,-0.190321,-0.11544,0.048076,-0.026456,0.147721,0.11681,0.251106,-0.308257,0.188898,-0.183638,-0.27129,-0.100927,0.251106,0.234716,-0.041141,-0.175417,0.009817,-0.394023,0.045617,0.086967,0.160147,0.044407,0.264488,-0.050003,0.16773,-0.063891,-0.467004,-0.074269,0.020809,-0.069626,-0.027592,-0.068814,0.02492,-0.276554,-0.18818,0.086774,-0.063566,0.140285,-0.109074,-0.028596,0.195426,0.064156,-0.247861,0.496684,0.006146,-0.096189,-0.233299,0.031395,0.024859,0.083362,0.15834,0.155706,-0.182438,-0.20594,0.178359,-0.215602,-0.060648,#
15,0.201924,-0.227103,-0.247624,-0.29827,0.120754,0.215128,0.277894,-0.146093,0.196966,0.458309,0.254601,0.276611,0.331867,0.27839,0.265586,1.0,0.360078,-0.271602,0.130482,-0.291496,-0.09089,-0.402449,-0.01978,-0.465561,-0.253175,-0.342243,-0.019844,-0.134123,0.149037,0.275028,-0.525951,0.415492,-0.475686,-0.25097,0.061518,-0.211023,-0.08213,-0.080251,0.532123,0.292266,-0.412834,-0.159208,-0.270661,-0.079366,0.064981,0.049504,0.141411,-0.244359,-0.163005,0.062189,0.376933,-0.054143,0.013212,-0.073556,-0.024334,0.455892,-0.122502,0.021922,-0.102998,0.082909,-0.12483,0.287752,-0.039488,-0.030178,-0.214549,-0.281738,0.0,0.086899,0.36907,-0.418704,0.454538,0.030182,-0.418478,0.009503,-0.128149,0.196048,-0.160681,-0.305187,-0.225,-0.071611,-0.168206,-0.055563,0.368329,0.305528,-0.124124,0.092811,-0.133204,0.117418,-0.315327,-0.062984,0.06862,-0.365661,-0.080408,0.018654,-0.128433,-0.053339,0.052153,-0.163925,-0.424717,-0.222636,0.100207,-0.128353,-0.293153,0.023949,-0.134376,-0.342653,-0.122896,0.42279,-0.301942,0.221902,-0.369009,0.220172,-0.048576,-0.144338,-0.451244,-0.479441,0.012869,0.048768,-0.171887,-0.097051,-0.3219,0.013753,-0.281379,-0.062689,-0.011582,0.10663,-0.117134,0.107143,-0.226904,-0.366184,-0.247699,-0.131419,-0.228428,-0.155304,-0.228207,-0.168331,-0.195851,-0.48692,0.038398,-0.038452,-0.418543,0.0438,0.094155,-0.176323,-0.316445,-0.23976,0.139141,0.141367,-0.355788,-0.102664,0.056163,-0.318458,-0.078308,-0.598005,-0.223444,-0.286395,0.094152,0.023001,-0.4084,-0.320005,-0.565851,-0.293692,0.12109,-0.216132,-0.150965,-0.280001,-0.352075,0.115023,0.112201,-0.230588,0.198264,-0.049484,0.113779,-0.06581,0.350144,-0.140323,-0.108215,0.266128,0.160849,0.128456,0.184039,-0.130491,0.324302,0.519477,-0.19552,-0.027326,0.638925,-0.154882,0.063878,0.106598,-0.300533,0.263034,0.286097,0.207468,0.119382,0.184259,0.146823,-0.253419,-0.123241,-0.070741,#
16,0.1808,-0.347422,-0.188066,-0.021772,0.405296,-0.147037,-0.095179,-0.177201,-0.022435,0.11488,0.453753,0.17392,-0.035105,0.092763,0.186661,0.360078,1.0,-0.236577,-0.125497,-0.113862,-0.18982,-0.279878,-0.267651,-0.168203,-0.427278,0.015329,-0.360332,-0.072925,0.20155,-0.049141,-0.163234,0.108089,-0.339763,-0.224599,0.54664,0.16887,0.05549,-0.003117,0.070573,0.075916,-0.459647,-0.2291,-0.624155,-0.144217,0.252854,-0.022826,-0.070207,-0.437276,0.248761,0.07972,0.240673,-0.024705,-0.299039,-0.195653,0.260976,-0.059478,0.064837,-0.069112,0.233843,0.037539,-0.040129,0.291895,-0.109186,0.068232,0.140318,-0.498058,0.0,-0.309513,0.007729,-0.570539,0.324362,0.074299,-0.298902,-0.206171,-0.080214,0.122292,-0.469819,0.209014,-0.436286,0.020868,0.027924,0.285513,-0.096819,0.224636,-0.35829,0.113039,-0.258114,0.062245,-0.116042,-0.224566,-0.089954,-0.165251,0.118252,-0.212381,-0.140234,-0.260241,-0.34634,-0.150808,-0.128323,-0.132578,0.102982,-0.186406,-0.271741,-0.298974,-0.427146,0.039276,-0.331375,0.005305,-0.15798,0.24016,-0.323133,-0.139888,-0.083747,-0.19337,-0.484062,0.108539,0.133933,-0.106716,-0.106544,-0.019984,-0.469819,0.239583,-0.115834,0.220543,0.151118,-0.016285,-0.278508,-0.052123,0.114999,-0.384923,0.189634,0.023183,-0.185629,0.206593,-0.304434,-0.188313,-0.139888,-0.089576,-0.435318,0.192446,-0.298948,-0.19585,0.14199,-0.023649,-0.365371,0.067029,0.189773,-0.34477,0.130837,-0.341849,-0.077184,-0.044548,-0.342468,-0.226215,-0.144957,-0.341849,0.223467,-0.017273,-0.395714,0.092286,-0.098034,-0.342539,0.051009,-0.249359,-0.371995,0.013079,0.239297,0.248251,-0.147438,-0.026225,0.551768,-0.186661,-0.330218,0.27216,0.217347,-0.011684,-0.252961,0.281282,0.214701,0.314862,0.089073,0.167199,0.353144,-0.017086,0.09001,-0.14568,0.101848,-0.007496,0.316447,-0.317276,-0.205473,0.327034,0.036578,-0.199799,-0.05944,-0.298169,0.395239,-0.213634,-0.068393,0.197841,#
17,-0.056786,0.317092,0.506212,0.213682,-0.070113,-0.14232,-0.025309,-0.089739,0.221323,-0.09277,-0.336856,-0.064101,-0.199997,0.303994,-0.176463,-0.271602,-0.236577,1.0,-0.097414,0.237687,0.084428,0.074315,-0.102513,0.105644,0.3552,0.249508,-0.323031,-0.043342,0.08529,0.188492,-0.02559,0.011446,0.439635,0.184372,-0.199781,0.178401,-0.079569,-0.054377,-0.092605,-0.197486,0.16555,-0.13469,-0.023693,0.411233,0.051834,-0.031542,-0.08513,0.086407,-0.128505,0.152606,0.02841,0.073954,0.152617,-0.050064,-0.254531,0.038121,0.37872,0.427873,-0.035696,-0.021504,0.158777,-0.199353,0.216879,-0.151288,-0.075218,0.12356,0.0,-0.033258,-0.03873,0.269072,-0.058538,-0.061119,-0.059406,0.067142,0.188118,-0.198802,0.068693,0.069728,-0.040743,0.273829,0.313967,0.137769,0.099911,0.087677,0.678643,-0.177968,0.371441,-0.177844,0.033031,0.201393,-0.046331,0.278157,0.030838,0.223729,-0.26417,-0.337355,0.161578,-0.069368,0.537469,0.153157,0.192653,0.204477,0.008001,0.365097,0.022584,0.313386,-0.052032,-0.20821,0.256804,0.028955,0.233767,0.178569,0.307852,0.382324,0.1969,0.269513,-0.093077,0.177494,0.111314,0.02186,0.428928,0.131319,0.340266,0.005239,0.229399,0.121965,0.249608,-0.006858,-0.353898,0.120377,0.087045,-0.155492,-0.13447,0.191997,-0.073119,0.109236,-0.230127,0.267796,0.302105,-0.109039,0.165659,0.106898,0.022084,-0.117643,0.19828,-0.337205,0.072502,0.003212,0.176005,0.232737,0.156459,-0.143907,0.224813,0.194045,0.276894,0.052242,-0.074975,0.299079,0.25773,0.259137,0.068499,0.049662,0.104477,0.45716,0.223729,-0.102854,0.117223,-0.168062,0.164556,0.38422,-0.269506,-0.177472,0.133203,0.11053,-0.133649,0.184572,0.067083,-0.039981,-0.127203,-0.330633,0.181274,-0.078546,-0.150623,-0.118283,-0.035915,0.074304,-0.074046,-0.000406,-0.386899,0.313456,0.190589,-0.048264,0.430934,-0.17906,0.002695,-0.103486,-0.295822,0.097604,0.355411,-0.313695,#
18,-0.09218,-0.072071,0.063959,-0.219732,0.32641,0.132812,0.056211,-0.122897,0.32517,-0.069572,-0.17469,0.224609,0.166985,0.063256,-0.08725,0.130482,-0.125497,-0.097414,1.0,0.187522,0.068197,-0.190596,0.472332,0.061863,0.121462,-0.162907,0.436731,0.132352,-0.245885,0.333014,-0.128718,0.072527,-0.202311,0.105221,-0.274382,-0.067456,-0.292116,-0.340729,0.033169,-0.233942,-0.058653,-0.20495,0.319553,0.067043,-0.178132,-0.021646,0.112158,0.06729,-0.092436,0.190752,0.322412,0.309949,0.321639,-0.063057,-0.313157,0.332329,0.01553,-0.124449,-0.312722,0.054082,-0.222746,-0.01855,-0.095567,0.070452,-0.142,0.22439,0.0,0.18727,-0.006656,0.358858,0.372293,0.247563,-0.107877,0.304305,-0.08021,0.325297,0.02498,-0.503591,0.229139,-0.215068,-0.126862,-0.27209,-0.144729,0.460608,0.038616,-0.117391,-0.22911,-0.281726,0.090521,0.135686,-0.032239,0.186361,0.171756,0.156678,-0.212607,-0.023225,0.032321,-0.285744,-0.556359,-0.095564,0.107983,0.343908,-0.104787,0.311884,-0.061948,-0.289324,0.38242,0.121985,-0.037017,0.095606,0.151623,0.181887,0.193852,-0.049373,-0.380563,-0.331268,0.126816,-9.1e-05,0.37072,-0.121609,-0.001812,-0.289324,-0.154315,-0.558694,0.086574,-0.329512,0.038219,-0.251199,-0.077203,-0.340414,-0.265072,0.035493,0.07787,0.125929,-0.395671,-0.148698,0.197842,-0.324001,-0.300067,-0.10555,-0.104238,-0.033189,-0.408107,-0.341595,-0.157292,-0.126671,0.102853,0.259531,-0.419337,0.153234,0.189829,-0.278367,0.389756,-0.233998,-0.195028,-0.212705,-0.160018,0.397641,0.105302,7.8e-05,-0.034358,-0.238771,0.118317,-0.145863,0.117988,-0.167796,0.244569,-0.027575,-0.088265,-0.24344,0.14385,0.482882,0.055983,-0.189049,0.453183,-0.309983,0.084224,0.066975,-0.020048,-0.060096,0.268157,0.008194,0.090678,0.118563,-0.022947,0.576086,0.135777,0.074033,-0.444294,0.102598,0.024268,-0.12405,-0.196846,0.03842,-0.659629,0.322039,-0.058313,0.041636,0.509811,0.270909,#
19,-0.28069,0.016911,-0.061277,0.209594,-0.002276,-0.104035,-0.259534,0.180745,0.200701,-0.216136,-0.234679,-0.076932,-0.147207,-0.041458,0.013832,-0.291496,-0.113862,0.237687,0.187522,1.0,-0.080757,-0.005992,-0.092413,0.328064,0.340417,0.214709,-0.235991,0.003026,-0.406158,0.141788,0.279654,-0.046739,0.28625,0.574403,-0.257552,0.078719,-0.047641,0.07611,-0.122364,-0.103885,0.231703,-0.231651,0.048683,0.028004,0.058634,-0.032198,0.11345,0.243289,-0.098292,-0.140915,-0.026385,0.28898,0.046687,-0.093475,-0.300726,0.000642,0.291928,-0.252118,0.139339,-0.143819,-0.158091,-0.030565,-0.020204,0.094072,-0.138331,-0.067201,0.0,-0.196531,-0.137317,0.167844,-0.000728,-0.039335,-0.217997,0.008067,0.013834,0.070951,0.493629,0.327441,0.161015,0.201266,0.183558,0.167965,0.076424,-0.008528,0.35643,0.272972,-0.16574,-0.245575,0.309077,0.361208,-0.040531,0.458342,0.220364,-0.0261,-0.47983,-0.311312,0.294041,-0.12825,0.106437,0.218232,-0.151722,0.379059,0.218931,0.032295,0.013834,0.17378,0.06209,-0.337143,0.237074,-0.179436,0.118416,-0.102024,0.564145,0.399115,-0.104452,0.091045,0.428163,-0.029306,0.324239,-0.227434,0.279471,-0.053471,0.283715,0.033622,0.160426,0.262946,0.06228,-0.144775,0.154161,0.178159,0.03623,0.140848,0.259989,0.096807,-0.105678,-0.049069,-0.102024,0.097284,0.065869,0.030687,-0.218031,-0.200726,0.129833,0.212934,0.300617,0.18303,0.266504,-0.198874,0.231772,0.237074,0.231772,0.140393,-0.018287,0.140466,0.407846,0.492402,0.006493,0.105669,0.033464,0.291335,0.010517,0.244013,-0.010844,0.346086,0.194119,-0.091111,0.188022,0.08607,0.044326,0.147948,-0.280324,0.314436,0.22998,-0.073203,-0.29185,0.152254,-0.184491,-0.252442,-0.293874,0.020286,0.03442,-0.200511,-0.129056,-0.216894,-0.009239,0.115355,-0.112445,0.37468,-0.462957,-0.175893,0.359965,-0.329337,-0.212168,-0.319954,-0.249228,-0.340377,0.036416,0.308156,0.14016,-0.122004,#
20,-0.019269,0.218023,0.134771,0.171164,0.118508,0.14282,0.172785,-0.176155,-0.048203,0.118664,0.251022,-0.090398,0.167506,-0.314083,-0.291821,-0.09089,-0.18982,0.084428,0.068197,-0.080757,1.0,0.154934,0.071483,0.167527,-0.069578,0.101792,0.197007,0.242084,0.392147,0.259591,-0.129307,0.040363,0.0727,-0.057976,0.064751,-0.20877,0.126799,-0.387213,-0.066993,0.197869,0.238558,0.080769,0.092712,0.040176,-0.01992,-0.016505,-0.525977,-0.023425,-0.330176,-0.056708,0.008682,0.034018,-0.208769,-0.028099,0.348488,-0.037288,-0.21823,0.126135,-0.251696,0.114034,0.154274,-0.074274,0.111186,-0.134968,0.351956,0.110641,0.0,-0.226652,-0.151334,0.165084,-0.303931,0.177887,0.278768,0.111399,-0.203249,0.258379,0.055159,0.030185,0.116626,-0.232243,-0.374084,-0.070182,0.072777,0.208521,-0.255158,-0.442745,0.274924,-0.452177,-0.275388,-0.113436,-0.105197,-0.284157,-0.114629,-0.060466,0.089658,0.226688,-0.252696,-0.13607,-0.075726,0.232655,0.226859,0.002299,-0.113564,0.020728,0.148164,0.181404,0.033007,-0.099562,-0.281005,0.144203,-0.093528,0.230166,-0.246012,-0.136274,-0.163027,-0.002959,0.029456,-0.053488,-0.316577,0.04405,-0.147593,-0.060407,-0.097811,0.039528,-0.217499,-0.162412,0.514953,-0.194008,-0.145328,-0.166875,-0.354087,-0.096752,0.088813,0.008632,-0.276961,0.227512,-0.208413,-0.346892,-0.201953,-0.352026,-0.445389,-0.081873,-0.272185,-0.119167,-0.22781,-0.159241,-0.362731,0.352437,-0.04938,-0.369846,0.111254,-0.342218,-0.08333,-0.254869,-0.224073,-0.104873,-0.119501,0.155257,0.035943,-0.351413,-0.098521,-0.094246,-0.140519,-0.134281,-0.346509,-0.126547,-0.360141,0.051343,0.020003,0.071952,0.147797,0.221717,-0.285313,0.082738,0.154969,-0.378244,-0.117596,0.532575,0.327134,-0.027986,0.160001,0.092706,0.233753,0.010966,0.349393,0.292502,-0.183238,0.389219,0.274186,0.530668,-0.191376,0.36329,0.331517,0.223428,0.107412,0.370385,0.321247,0.104481,0.201197,-0.072474,#
