0,1.0,0.276801,0.101724,-0.243588,0.345671,0.208364,0.102175,0.307325,0.186363,0.007387,-0.073673,0.143052,0.138864,0.488949,-0.004536,-0.17378,0.220748,0.208416,0.091854,-0.281924,-0.215355,0.033001,0.387901,0.080336,-0.305339,-0.332201,0.115498,-0.085827,0.187004,0.292169,-0.241697,0.128812,0.228218,-0.276293,-0.134966,-0.020564,-0.173644,-0.036738,0.032079,0.155522,-0.081161,0.105426,0.105793,0.382396,-0.150202,-0.427459,0.142629,0.183638,-0.228432,-0.070785,0.14327,0.002004,0.20945,-0.107817,-0.082927,-0.018796,-0.011286,-0.094218,0.000861,0.268107,0.23991,0.008669,-0.083353,0.015857,0.253367,0.409488,-0.032801,0.256471,0.031562,-0.065235,-0.076146,-0.075293,-0.220749,0.083777,-0.226413,0.379205,-0.106087,-0.053144,-0.217669,0.06694,-0.345245,-0.09477,-0.215913,0.251925,-0.218101,-0.027774,-0.072522,-0.103013,0.122366,-0.420672,-0.577429,-0.314828,-0.277034,0.242132,-0.072304,-0.361121,0.044901,-0.065537,-0.109861,-0.275734,-0.032813,-0.353514,0.054903,-0.062856,-0.210899,-0.002062,-0.066102,-0.201957,-0.322762,0.05195,0.270388,0.273534,-0.217669,-0.189919,-0.510466,-0.300046,-0.213944,-0.243378,0.042833,-0.337499,-0.216144,-0.3315,-0.286981,-0.222298,-0.294332,-0.092784,-0.292967,0.029929,-0.269912,-0.513401,-0.135297,-0.135845,-0.222061,0.009726,-0.184488,-0.281952,0.483782,-0.45813,-0.465429,-0.237798,0.091683,-0.498355,-0.512833,-0.151095,-0.252683,-0.196939,-0.352412,0.178723,-0.049699,-0.16145,-0.198474,-0.286492,-0.163542,-0.114868,-0.464339,-0.306314,0.297617,0.201101,-0.376959,0.044898,-0.394246,0.018663,-0.29701,-0.074211,-0.122984,-0.07758,0.045234,-0.051124,-0.195689,-0.244634,0.120845,0.059493,-0.285323,-0.036177,0.380838,-0.007717,-0.097547,-0.026084,0.369223,-0.523032,-0.014004,0.0165,-0.093797,0.174502,0.439653,-0.134367,0.188724,0.064652,-0.14137,0.540502,0.049014,-0.109378,0.452441,0.257891,0.067128,0.260816,0.26437,-0.450162,-0.472882,0.226502,#
1,0.276801,1.0,0.179714,-0.112122,0.267456,-0.113412,0.37627,0.329958,0.226053,0.364301,-0.20455,-0.182409,0.37348,0.544,0.281635,-0.140511,-0.305878,0.576224,0.458899,0.147755,0.251596,0.497368,0.352136,0.258609,-0.481273,-0.070706,0.505091,0.146614,0.272258,0.421974,-0.755186,0.069559,0.378747,0.120123,-0.13359,-0.271559,-0.021677,-0.195204,0.125777,-0.193134,-0.126785,0.328276,0.115002,0.19536,-0.285022,-0.44425,0.304592,0.547605,0.264402,0.266302,0.474547,-0.0243,-0.001211,-0.005932,0.227965,-0.130525,-0.267887,0.004442,-0.034078,-0.1561,0.120518,0.323049,-0.448529,0.553614,0.021834,0.454387,-0.030563,0.364924,0.307232,-0.104347,-0.013494,-0.18284,0.023386,-0.170267,-0.229781,0.442942,-0.365148,-0.136944,-0.403733,-0.350676,-0.474271,-0.233036,-0.439505,-0.083593,-0.233772,0.031804,-0.226775,0.097521,-0.147565,-0.07136,-0.219097,-0.327576,-0.514568,0.223807,-0.380993,0.119797,0.264291,-0.103305,0.073383,-0.393858,-0.271974,-0.500309,-0.540235,-0.138325,-0.619135,-0.370149,-0.453407,-0.52681,-0.569927,0.00581,0.411497,0.251434,-0.095449,-0.548515,-0.170337,-0.008539,-0.422893,-0.342005,0.096163,-0.339618,-0.215416,-0.182191,-0.068227,-0.585973,0.028035,0.131125,-0.414215,-0.17868,-0.119742,-0.120432,-0.307881,-0.29825,-0.39598,-0.087035,-0.153852,-0.136251,0.139353,-0.219736,0.112814,-0.410091,-0.432449,0.055408,-0.50058,-0.190608,-0.348341,-0.087367,-0.182943,0.33219,-0.35353,-0.372723,-0.294476,-0.164519,-0.045906,-0.057539,-0.335561,0.114916,0.496287,0.384033,-0.254275,0.121218,-0.082466,-0.145492,0.067175,0.3406,-0.152127,0.491777,-0.091595,0.105809,-0.15617,0.205405,-0.45185,0.037548,-0.130625,-0.368564,0.479855,0.027804,-0.130942,-0.059212,0.226892,-0.363093,-0.012951,0.13628,-0.232056,0.016804,0.200898,0.043177,0.127709,-0.310865,-0.253802,0.462852,0.055222,0.491879,0.212525,0.080151,-0.002068,-0.265154,0.396907,-0.332439,-0.305127,0.064108,#
2,0.101724,0.179714,1.0,0.316564,0.255972,-0.501815,-0.130852,-0.191423,-0.367234,0.1792,-0.281637,0.104057,0.045408,-0.122089,-0.216927,-0.408344,-0.170529,0.056063,0.018086,-0.04146,0.045958,-0.305859,0.219926,-0.269534,-0.31164,0.215985,0.204041,-0.476943,-0.358525,0.430226,-0.079575,0.188422,-0.142393,0.156692,-0.057795,-0.260122,0.091104,-0.070288,0.115118,-0.217182,0.007033,0.229528,-0.025993,-0.208937,-0.093186,-0.14542,0.101502,0.185629,-0.330467,-0.101493,-0.300707,0.069273,-0.010034,0.184268,0.046409,-0.245811,-0.505153,0.131979,-0.587642,-0.360586,-0.018563,-0.085576,-0.317128,-0.165085,-0.262315,-0.047681,-0.256417,0.059477,-0.06858,0.236793,-0.052722,0.075029,0.009761,0.076706,-0.031172,0.084032,-0.207013,-0.291892,-0.214161,0.296088,0.031637,0.114139,-0.107274,0.294238,-0.023799,-0.090042,-0.187732,0.151459,0.039199,-0.024857,-0.162224,-0.132302,-0.055995,-0.040274,-0.366878,-0.022043,0.301562,0.099633,0.110298,-0.048879,-0.092575,-0.167907,-0.191096,0.03404,-0.457569,-0.032999,0.005942,0.239128,-0.071332,0.18975,0.19477,-0.195862,-0.047204,-0.059614,0.238641,0.030827,-0.235831,-0.331145,0.310633,-0.293322,-0.21594,-0.224241,0.142355,-0.093704,-0.303217,0.000644,-0.419069,-0.268518,0.072643,0.040184,0.396504,-0.292085,-0.35539,-0.145337,-0.128233,0.063296,0.365331,0.271942,0.20143,0.068002,0.289957,0.284099,0.007429,-0.489092,-0.096563,0.251609,0.184358,0.346068,-0.300466,0.140574,-0.614385,-0.116643,0.442457,-0.064454,-0.089484,-0.222555,0.117233,0.078155,0.144557,-0.074568,-0.226429,0.026985,0.293482,-0.057223,0.082252,-0.141154,-0.479348,-0.139871,0.023729,0.042794,0.026156,-0.087634,0.17684,-0.021887,0.100023,0.128027,0.03101,-0.046962,-0.115107,0.096581,-0.055476,-0.249593,-0.252418,0.009448,0.185699,0.132723,-0.211716,-0.246145,-0.119859,0.284165,0.081399,0.177417,0.026335,0.265285,0.098261,-0.450418,0.232947,-0.115484,0.222167,0.103353,#
3,-0.243588,-0.112122,0.316564,1.0,0.040572,-0.355704,-0.322256,-0.264456,-0.244716,0.149242,0.310906,-0.061641,-0.01246,-0.436886,-0.164444,-0.081746,-0.120076,0.041578,-0.011099,0.118342,0.154856,-0.47042,-0.033172,-0.163303,0.132029,0.312503,-0.037969,-0.177462,-0.281511,-0.237631,0.29776,0.144753,-0.412099,0.196474,-0.131515,-0.504809,-0.06856,-0.026798,0.236402,0.134712,0.054841,0.054551,0.204914,-0.420814,0.22714,0.062779,-0.049957,-0.212959,-0.044199,-0.300083,-0.269018,0.292074,-0.02208,0.412646,-0.043315,0.159911,-0.043015,-0.007697,-0.089562,-0.223591,-0.255424,0.229211,-0.031242,-0.272331,-0.257233,-0.341346,-0.065836,-0.139109,-0.273669,0.441466,0.060563,0.67122,0.156976,0.585,0.19364,-0.23533,-0.105029,-0.13343,0.273579,0.325976,0.145224,0.376124,0.271111,0.022069,0.165945,-0.033682,0.014137,0.243368,0.057407,0.402163,0.303322,0.415605,0.287383,-0.20061,0.161549,0.448167,0.14742,0.149279,-0.006837,0.317787,0.144461,-0.111333,0.507033,0.063518,0.035297,0.243285,-0.119431,0.389209,0.203814,0.218994,-0.188054,-0.406971,0.273579,0.225057,0.138929,0.003073,0.35833,0.207417,0.160885,0.11597,0.358996,0.078668,0.311651,-0.048758,0.037451,0.214788,-0.13993,-0.246675,0.652264,0.341428,0.685543,-0.030897,-0.140961,-0.172927,0.220345,0.410924,-0.101173,0.312737,0.232105,0.24347,0.306367,0.374579,0.338553,-0.243334,0.019199,0.535007,0.15494,-0.295426,0.006363,0.440536,-0.314239,0.320796,0.260262,0.053268,0.564232,0.078994,-0.164481,-0.398908,0.312626,0.067979,-0.471497,-0.0805,0.288304,-0.301814,-0.088413,0.052952,0.236297,-0.09046,-0.067409,0.069976,-0.129814,-0.109675,-0.199688,0.113281,-0.290062,-0.155748,0.179495,-0.031546,-0.34966,0.478672,-0.451837,0.035738,-0.166161,-0.078053,-0.101054,-0.189227,0.027283,-0.220866,0.149227,-0.450358,-0.064472,-0.032963,-0.334467,-0.048388,-0.146289,-0.421918,-0.280316,0.324691,-0.049275,-0.267392,#
4,0.345671,0.267456,0.255972,0.040572,1.0,-0.268306,0.110749,0.020507,0.041328,0.218585,-0.16088,0.001407,0.135699,0.001248,0.213745,-0.500253,0.248394,0.274485,-0.1527,-0.186825,-0.029647,0.00199,0.155931,0.326961,-0.432024,-0.024453,0.106349,-0.248679,-0.165516,0.167841,-0.042528,-0.185961,0.162619,-0.111731,-0.425756,0.12443,-0.117697,-0.304448,0.15949,0.200893,-0.210357,0.044524,-0.137215,0.107275,-0.240991,-0.17607,0.20484,0.118293,-0.244842,0.156549,0.156549,-0.351311,0.064504,-0.029152,0.230632,-0.444826,-0.558774,0.173314,-0.30528,-0.286756,-0.068522,0.161813,-0.089261,0.06574,0.00665,0.232343,0.177241,0.137005,0.220995,-0.181709,-0.247267,-0.074208,0.031839,-0.024179,0.033367,0.045504,-0.13616,-0.373092,-0.113831,-0.296677,-0.245757,0.024247,-0.375219,0.186621,-0.297282,-0.370663,-0.10633,-0.112043,-0.254866,-0.124053,-0.270632,-0.043262,-0.137217,0.025607,-0.105834,-0.120364,0.041994,0.471543,0.19988,0.17983,-0.050826,-0.273955,0.021878,0.089126,-0.232326,-0.311733,-0.530564,-0.171544,-0.018528,0.268658,0.100385,-0.180329,-0.141579,-0.154593,-0.038213,-0.110251,-0.190403,-0.424304,-0.060136,-0.214615,-0.499207,-0.237092,-0.296068,-0.195286,-0.029859,-0.255351,-0.200513,-0.435263,-0.334342,-0.075955,-0.040716,-0.440571,-0.302286,-0.361116,0.114159,-0.393632,0.421997,0.013862,-0.173649,-0.010321,-0.028165,-0.078535,0.071335,-0.343743,-0.394259,-0.157334,0.055835,0.095679,-0.35704,0.036124,-0.117929,-0.025347,-0.14361,-0.204293,-0.19481,-0.197153,0.498844,0.200492,-0.2902,-0.190485,-0.082629,0.084208,0.12884,0.118752,-0.209078,0.255935,-0.041461,0.228561,0.084721,-0.112957,-0.060744,0.011473,-0.077863,-0.266919,0.073976,-0.217625,-0.241407,-0.512409,0.177558,-0.074882,-0.132486,-0.131628,0.354705,0.267819,0.119905,0.20367,0.031576,-0.139208,0.2098,0.222053,-0.002374,0.405922,-0.036159,0.181739,0.352063,-0.22505,0.011244,-0.388075,-0.47431,0.322186,#
5,0.208364,-0.113412,-0.501815,-0.355704,-0.268306,1.0,0.071455,0.229308,0.133278,0.063252,0.161943,-0.129865,-0.088045,0.292773,0.088935,0.241203,0.078073,-0.225928,-0.036112,-0.070461,-0.318635,0.151613,0.000393,0.139036,0.237432,-0.348268,-0.054936,0.588545,0.180039,-0.320195,0.128017,0.10827,-0.252459,-0.252733,-0.045403,0.053629,-0.142961,0.232216,0.069808,-0.170269,-0.114106,0.00787,0.064098,0.418641,0.069669,0.06742,0.049514,0.053493,0.192237,0.353721,0.132256,0.118199,0.375505,-0.440853,-0.076075,0.232621,0.337072,0.088462,0.209818,0.259667,0.186383,0.096963,0.169449,0.16677,0.05632,0.17861,-0.136498,-0.075141,-0.074304,0.063516,0.134076,-0.220716,-0.201925,-0.163131,-0.142092,0.144982,0.319364,0.213428,0.091765,-0.038248,-0.093986,0.199492,0.180256,0.035369,0.210906,0.262848,0.052833,-0.497569,0.194137,-0.300263,-0.08644,0.14223,-0.033496,0.046393,0.38827,-0.102685,-0.215324,0.001964,0.03024,-0.371381,-0.081909,0.099833,0.114697,-0.138221,0.368517,0.078483,0.272042,-0.116038,-0.07647,-0.374071,-0.011257,0.335261,-0.086416,-0.254691,-0.32309,-0.202256,0.008914,0.202359,-0.096302,-0.066882,0.176298,0.126037,0.124778,0.037002,-0.16638,0.198577,0.151986,0.337542,0.141899,-0.118578,-0.228072,0.106118,0.281686,0.299718,-0.02652,-0.053691,-0.007349,-0.203209,-0.21096,-0.295548,-0.06423,-0.262018,-0.469102,0.326978,0.332848,0.039224,-0.292691,0.020594,0.352061,-0.112134,0.221353,0.037981,-0.116582,0.497645,-0.144793,0.329347,-0.021467,0.048563,-0.253822,0.344969,-0.062125,0.083395,-0.24035,0.033215,0.240895,-0.312101,0.288517,0.167348,0.078872,-0.16395,0.198405,0.092289,0.141644,0.262355,0.006709,0.270399,0.29552,0.040695,0.168611,-0.240188,0.056434,0.318327,-0.044059,-0.075223,-0.293419,-0.29263,0.090304,0.304761,-0.124845,0.15878,0.041301,-0.377847,0.220924,-0.091865,0.077485,0.174705,-0.120936,0.052334,0.01119,0.115651,#
6,0.102175,0.37627,-0.130852,-0.322256,0.110749,0.071455,1.0,0.323976,0.436583,-0.123152,-0.044377,-0.212807,0.365464,0.207361,0.415796,-0.157774,-0.321556,0.183207,0.211517,0.284305,0.372337,0.390513,0.164159,0.107385,-0.152609,-0.040129,0.051507,-0.087299,0.093559,0.095493,-0.479777,-0.081182,0.116308,0.138435,-0.054554,0.126204,0.219963,-0.082424,0.115062,-0.063131,0.049996,0.383456,-0.16518,0.278612,-0.278316,-0.019785,0.277351,0.461983,0.315863,0.071125,0.278539,-0.113293,-0.06735,-0.323409,-0.152779,0.280061,0.126812,0.035057,-0.001635,0.351216,-0.047337,0.312641,-0.228528,0.129867,0.229129,0.080339,0.089275,-0.099233,0.240162,-0.277585,0.172883,-0.280223,-0.001494,-0.118857,-0.362698,0.253883,0.114507,0.013996,-0.053856,-0.200844,-0.113967,-0.206767,0.023142,-0.24008,-0.509052,0.060296,0.112302,0.432763,-0.282365,-0.024474,-0.194122,-0.13186,-0.194473,0.447781,-0.213474,-0.04734,0.097009,0.082966,0.09783,-0.225629,0.0449,0.023518,-0.070724,0.200433,-0.131454,-0.219258,0.08928,-0.399225,-0.051967,-0.319145,0.422661,0.249158,-0.053856,-0.378791,0.207507,0.17965,-0.229656,-0.020163,0.145264,-0.438617,-0.049895,-0.156921,-0.175524,-0.425581,0.158434,-0.039019,-0.062806,0.312783,-0.250016,0.023532,-0.135997,-0.47829,-0.012884,0.099999,0.068072,0.040138,-0.142238,0.121872,-0.012978,-0.160721,-0.261345,-0.347591,-0.143445,0.197213,0.073902,-0.174842,-0.167009,0.557146,0.057897,-0.537066,0.14329,-0.113317,-0.066921,-0.061189,-0.113662,0.478762,0.433676,0.377688,-0.040454,-0.053875,0.38526,0.345739,0.090991,0.196841,0.236807,0.352457,0.100106,-0.023867,-0.176677,0.234116,-0.293398,0.036165,0.027392,-0.05366,0.153292,0.078713,0.021397,0.126376,0.551736,-0.4962,-0.005193,0.337746,-0.057538,-0.275608,0.197826,-0.132932,-0.029452,0.3842,-0.467456,0.300779,0.2258,0.026229,0.074008,-0.168079,0.204265,-0.095497,0.250983,0.081343,0.106874,-0.058287,#
7,0.307325,0.329958,-0.191423,-0.264456,0.020507,0.229308,0.323976,1.0,0.222912,-0.127083,-0.266389,0.156439,0.185483,0.364742,0.195577,-0.004253,0.008539,0.192915,-0.075095,0.076621,0.141609,0.587842,0.119749,0.265396,-0.336635,-0.129412,0.489554,0.249574,0.030852,-0.028427,-0.339592,0.346105,-0.012477,-0.006211,-0.10167,-0.033008,-0.134788,-0.568204,0.034158,-0.042399,0.088555,0.165962,-0.05479,-0.097618,-0.374231,-0.007447,0.132704,0.294128,0.116984,0.195294,0.195294,-0.189642,0.076511,-0.34681,-0.26203,-0.149995,0.180299,-0.057654,0.403633,0.33313,0.024911,0.27419,-0.328726,0.21915,0.25368,0.413382,-0.201276,0.238565,0.348768,-0.384795,0.143748,-0.196169,-0.220795,-0.102062,-0.418711,0.146476,-0.107999,-0.235219,-0.39364,-0.106115,-0.000757,-0.254016,-0.061677,-0.25364,-0.061027,0.343836,-0.065388,-0.064531,0.10727,-0.234827,-0.034416,-0.328187,-0.140827,0.111727,-0.262262,-0.159073,-0.102412,-0.069491,-0.247416,-0.472363,0.011638,-0.321738,-0.14066,-0.250793,-0.233581,-0.153859,-0.049658,-0.380974,-0.330873,-0.293316,0.250135,0.300559,-0.39364,-0.181706,-0.093585,-0.115492,-0.400611,0.259116,-0.271679,-0.213947,-0.052229,-0.35533,0.064954,-0.400645,-0.025622,-0.059013,-0.114008,-0.280015,-0.07349,-0.154409,-0.470688,-0.373486,0.319522,-0.167583,0.192649,0.072306,0.008183,-0.264207,-0.067349,-0.467328,-0.272273,-0.393997,-0.348722,-0.109096,-0.04703,-0.244852,-0.513285,0.382401,-0.255405,-0.175022,-0.185192,-0.130676,-0.150598,0.079987,-0.0899,0.28016,0.248435,0.103909,-0.349249,0.261378,0.073784,-0.15361,-0.117744,0.17213,0.106288,0.276194,0.017998,-0.283938,-0.346838,-0.000138,-0.058108,0.071142,-0.247258,-0.202831,0.253258,-0.21453,-0.111617,0.138195,0.219188,-0.54565,0.169101,0.19226,0.093439,-0.16341,-0.038027,-0.249124,0.017179,0.087595,-0.094317,0.403234,0.28018,0.071957,0.298903,-0.198942,0.02343,0.410054,0.108452,-0.263359,-0.325828,0.238423,#
8,0.186363,0.226053,-0.367234,-0.244716,0.041328,0.133278,0.436583,0.222912,1.0,0.121671,0.128672,-0.152739,0.347594,0.289082,0.414274,-0.121645,-0.519911,0.227191,0.420452,0.263153,0.242216,0.405129,0.283247,0.413654,-0.013439,-0.241073,0.275465,0.106101,0.502735,0.169,-0.165756,-0.025138,0.38013,0.072134,-0.20802,0.059678,0.053303,-0.166988,-0.103865,0.073052,0.129754,0.081108,-0.175632,0.182129,0.088726,-0.311265,0.384401,0.46555,0.190808,-0.188329,0.036564,-0.232054,-0.005404,-0.034085,-0.132533,0.076686,0.175976,-0.356614,0.37725,0.117295,0.173713,0.111007,0.009192,0.095975,0.110227,0.205319,0.11374,-0.078874,0.243118,-0.079434,0.167757,-0.322382,0.013756,0.133745,-0.154859,0.098831,-0.101227,-0.087473,-0.144849,-0.481441,0.13172,-0.308247,-0.017013,-0.364172,-0.129626,0.099246,0.339747,0.227543,-0.260809,-0.124668,-0.026914,-0.042313,-0.577469,0.673539,-0.180744,0.045863,0.207369,0.037197,0.199627,-0.136404,0.143151,0.168924,0.067275,0.097803,-0.011574,-0.106231,-0.220884,-0.224268,0.049235,-0.37044,0.314294,0.071568,-0.165727,-0.084507,-0.044988,-0.051958,0.040787,0.025235,0.104432,-0.217087,-0.104508,-0.177337,0.216243,-0.472323,0.269395,-0.006522,0.014073,0.398968,-0.218004,-0.198337,-0.221123,-0.327513,0.175662,0.206093,0.143617,0.156107,-0.159056,-0.111993,0.145276,0.14144,0.081637,-0.398048,-0.34456,0.164867,-0.112301,-0.167741,-0.056096,0.189307,0.116168,-0.261134,0.346479,-0.241889,-0.108951,-0.114862,0.134494,0.268995,0.48456,0.464663,0.203798,0.027601,-0.011359,0.087292,-0.134741,0.118285,0.081826,0.308413,0.089771,0.123307,-0.211165,0.185347,-0.342776,0.233003,-0.187722,-0.183689,0.38793,0.06848,-0.352149,0.010875,0.293528,-0.63302,0.069599,0.191014,-0.083259,-0.091613,-0.055453,0.008454,0.36442,0.189864,-0.3942,0.044859,0.098946,-0.026062,0.118803,-0.144812,0.117828,-0.022053,0.104587,-0.113204,0.035979,0.102636,#
9,0.007387,0.364301,0.1792,0.149242,0.218585,0.063252,-0.123152,-0.127083,0.121671,1.0,0.193349,-0.179863,0.294488,-0.070615,0.082242,0.068544,-0.30001,0.253764,0.317542,0.000957,-0.034088,0.253748,0.225805,0.293745,-0.291138,0.165115,0.249175,0.01431,-0.127625,0.007922,0.004158,0.108154,0.268862,0.270164,-0.135247,-0.216685,-0.019461,-0.149362,-0.136175,-0.341228,-0.12854,0.149294,0.206471,0.138288,0.29066,-0.299203,0.053569,0.314035,-0.118248,0.294246,0.073539,0.214218,0.132033,0.068734,0.084777,-0.116742,-0.262668,0.057803,-0.222519,-0.36285,0.344425,-0.128498,-0.193628,0.157457,-0.116736,0.020471,-0.136965,0.030866,-0.133845,0.249614,0.125935,-0.042541,0.135715,0.029642,0.201431,0.11722,-0.186643,-0.489283,0.091849,-0.184321,0.054173,0.026277,-0.134292,0.005541,0.19344,0.256211,-0.152644,-0.133717,-0.152898,0.036823,0.098637,-0.0474,-0.350513,-0.013815,-0.156385,0.289923,0.33107,0.158102,0.182329,-0.212197,-0.122022,-0.293479,-0.212601,-0.158562,-0.3294,-0.075509,-0.312971,-0.140328,-0.295881,-0.030767,0.262677,-0.139495,0.069653,-0.437898,-0.150152,-0.208142,-0.01624,-0.111289,0.323355,-0.301879,0.034367,0.123537,0.468688,-0.195133,-0.019359,0.234046,-0.242981,-0.067822,-0.015208,0.115345,0.152412,-0.143371,-0.099054,0.043497,-0.026935,0.146204,0.23649,-0.022058,0.157859,-0.140275,-0.057152,0.234179,-0.297332,-0.040349,-0.09069,0.239112,0.22963,-0.041537,-0.304124,0.253169,-0.27668,0.025965,0.265657,0.343865,0.03832,0.161091,0.055451,0.392562,0.081084,-0.040559,-0.381039,-0.113495,-0.263292,0.206287,-0.157161,0.175859,-0.130433,0.207062,0.260321,0.247862,-0.159803,0.216704,0.318846,0.110569,0.158456,0.225092,-0.021376,-0.165869,-0.376977,0.123459,-0.136664,0.07129,-0.242685,0.222547,-0.321616,-0.034236,0.080479,-0.206689,-0.131904,0.153724,0.069829,0.107081,-0.320904,-0.013793,0.146207,-0.55753,0.030672,-0.16877,0.001302,0.065433,#
10,-0.073673,-0.20455,-0.281637,0.310906,-0.16088,0.161943,-0.044377,-0.266389,0.128672,0.193349,1.0,-0.088959,-0.3058,-0.133555,0.202105,0.404681,-0.030043,-0.415104,0.171532,-0.166847,-0.234202,-0.166249,-0.010924,0.03261,0.313156,0.229083,-0.204805,0.161209,-0.073917,-0.462414,0.273673,0.004849,0.07584,0.038794,0.057412,0.112489,-0.090817,0.093998,-0.308455,0.102639,-0.081096,-0.314281,0.005229,0.363234,0.378985,-0.074063,-0.209875,-0.43169,0.180415,-0.010214,-0.2535,0.274209,0.027862,-0.130531,0.034829,0.392332,0.078878,-0.019734,-0.015858,0.120498,-0.028476,-0.088621,0.2173,-0.161901,-0.022077,-0.473323,0.079272,-0.674625,-0.534345,0.141828,-0.161932,0.294248,0.504744,0.383063,0.119077,-0.095624,-0.088286,-0.089885,0.413636,0.037741,-0.198586,0.126454,0.441847,-0.062919,-0.207052,-0.032803,0.308201,0.117895,-0.40078,0.115158,0.198788,0.078849,0.045302,-0.19574,0.3061,0.117604,-0.287988,0.049519,-0.256064,0.230125,0.146139,0.104791,0.407972,0.098606,0.090878,0.129282,-0.062525,0.065269,0.325717,0.19334,-0.378438,-0.125995,0.022162,-0.043237,-0.240428,-0.119974,0.439401,0.120302,0.063661,0.355316,0.433503,0.24097,0.196597,0.252134,0.058834,-0.213315,0.167246,0.231088,0.118579,-0.037601,0.263358,0.142181,-0.176659,0.1548,-0.110236,0.54509,-0.227384,-0.148425,-0.070205,0.069785,-0.043246,-0.125283,0.116462,0.074117,0.068513,0.198608,0.302801,-0.486403,0.291823,0.298637,0.344532,0.37867,-0.241131,0.014127,0.361246,0.014127,-0.262907,-0.018727,0.210472,0.174349,-0.429323,0.093204,-0.040368,-0.664918,-0.245065,-0.047952,0.156379,0.166819,0.292385,0.071362,-0.038576,0.082122,-0.320464,0.218718,-0.081454,-0.083031,-0.003343,-0.077175,-0.050062,0.178157,0.039692,0.272544,0.020236,0.22973,-0.037776,-0.319753,-0.184102,-0.147659,0.280572,-0.455121,-0.445949,-0.135893,-0.21659,-0.017655,0.093536,-0.123507,0.042128,0.17188,-0.180248,-0.307049,#
11,0.143052,-0.182409,0.104057,-0.061641,0.001407,-0.129865,-0.212807,0.156439,-0.152739,-0.179863,-0.088959,1.0,-0.359257,-0.140076,-0.004882,-0.015678,0.176472,-0.170387,-0.431678,-0.278656,-0.414504,-0.08481,-0.071131,0.046272,-0.157384,0.286478,0.002388,-0.080817,-0.004243,0.130625,-0.002392,0.16477,-0.054222,-0.276228,0.367785,-0.07278,-0.416324,0.054079,-0.164054,0.12834,-0.111111,0.08294,-0.241647,-0.154144,0.030928,-0.189509,-0.229719,-0.263532,-0.2186,-0.090525,-0.52601,0.162318,0.061327,-0.163427,0.149144,-0.27534,-0.25258,-0.134473,0.020598,0.252183,-0.144259,-0.154814,-0.187012,-0.19712,0.207001,-0.157282,-0.081671,-0.124745,-0.213864,0.142678,0.10866,-0.1692,0.074567,-0.087131,-0.423647,-0.239782,-0.130506,-0.052715,-0.060214,0.378989,0.125113,-0.087111,-0.061181,0.087014,-0.082112,0.154366,0.086914,-0.071796,0.109236,-0.423647,0.150488,-0.328255,0.01725,-0.22821,0.09813,-0.16394,-0.117766,-0.067413,-0.260063,0.028498,-0.080681,-0.168033,0.044952,0.084759,-0.241765,0.0045,0.276421,0.03254,-0.018471,0.210947,-0.204819,0.314278,-0.410586,0.325856,-0.124939,-0.11051,-0.053938,0.087383,-0.490171,0.14073,-0.057199,-0.262064,-0.275688,0.422675,-0.150924,-0.05328,0.077134,-0.335132,-0.152168,0.177005,-0.138814,0.034235,-0.027182,-0.138483,-0.154994,0.07276,0.238431,-0.294645,0.251782,-0.073841,0.097559,-0.01965,0.185084,-0.462818,-0.25323,0.102789,0.165202,-0.114197,-0.238152,0.339035,0.00398,-0.298875,-0.011196,-0.105731,-0.103947,-0.286049,-0.159452,-0.106759,-0.046318,0.28748,0.128407,0.020307,-0.107024,-0.23492,-0.079848,-0.253794,-0.169835,0.155042,0.170126,-0.419286,0.417617,-0.017296,-0.135102,0.132358,0.197144,-0.24482,-0.445881,-0.046329,-0.143907,-0.028915,-0.028226,-0.209141,0.253842,0.303157,0.258367,0.182019,-0.001317,0.066951,0.199095,-0.119516,0.081042,0.035536,-0.072537,0.061213,-0.073067,0.239238,-0.094843,-0.105401,0.032625,-0.182665,#
12,0.138864,0.37348,0.045408,-0.01246,0.135699,-0.088045,0.365464,0.185483,0.347594,0.294488,-0.3058,-0.359257,1.0,0.341326,0.297137,-0.466902,-0.271721,0.48519,0.186066,0.379251,0.33707,0.243347,0.397756,0.012506,-0.428092,-0.337736,0.200659,-0.255152,0.171394,0.144405,-0.298316,0.049525,0.32297,-0.147071,-0.196282,-0.318241,0.240936,-0.090413,0.227063,-0.342637,0.182729,0.638769,0.085813,0.009411,-0.172631,-0.227572,0.446183,0.598405,-0.012262,-0.098781,0.321607,0.033408,0.081302,0.076773,-0.298054,0.171996,0.191977,-0.097681,-0.095039,0.082477,0.028843,0.215647,-0.178367,0.006762,0.227885,0.307534,0.183721,0.502034,0.14587,-0.094188,0.399653,0.10761,-0.023842,-0.028181,-0.249329,0.317331,0.10535,-0.142745,-0.140718,-0.206166,0.024167,-0.243624,-0.273044,-0.093524,0.101475,0.354606,-0.073782,0.405721,-0.121114,0.099825,-0.252209,-0.013306,-0.373112,0.40622,-0.271379,0.299165,0.586173,-0.038491,0.406096,-0.382724,0.128094,-0.258402,-0.075041,-0.146088,-0.141526,-0.029154,-0.160422,-0.175985,-0.513001,-0.11739,0.741456,-0.229953,0.028395,-0.355333,0.161447,-0.114013,-0.358198,-0.037054,0.251149,-0.650535,-0.175943,-0.232602,0.133146,-0.54687,0.161943,0.420473,-0.527774,0.100222,-0.095947,0.10127,-0.002291,-0.184586,-0.079035,0.198058,0.012196,-0.091709,0.031386,0.118731,0.008393,0.122248,0.000694,-0.155967,-0.275286,-0.05391,-0.029387,-0.105083,-0.268118,0.312886,0.136904,-0.030423,-0.350409,-0.393494,0.292028,0.008765,-0.00378,0.388847,0.49329,0.289424,0.079346,-0.342279,-0.067028,-0.099475,-0.181321,0.589597,0.169167,0.195436,0.221255,-0.249064,-0.098989,0.325679,-0.139546,-0.18942,0.227441,-0.103998,0.298025,0.394508,0.048201,-0.004066,0.165714,-0.398049,0.022239,-0.052364,-0.344988,-0.483384,0.02989,0.038226,0.449502,0.025989,-0.638297,0.439551,0.527863,0.048901,-0.089819,-0.23434,-0.178167,-0.247005,-0.015169,-0.205868,0.037262,0.061685,#
13,0.488949,0.544,-0.122089,-0.436886,0.001248,0.292773,0.207361,0.364742,0.289082,-0.070615,-0.133555,-0.140076,0.341326,1.0,0.304681,-0.121084,-0.063192,0.253694,0.310851,-0.00545,-0.040559,0.241577,0.533543,0.00264,-0.275027,-0.561082,0.358828,0.36127,0.613655,0.311238,-0.478787,0.055682,0.312702,-0.415603,0.119582,0.013808,-0.137255,-0.062605,0.038104,-0.162283,0.003683,0.221,0.10197,0.499054,-0.370713,-0.530124,0.315525,0.311219,0.069248,0.16098,0.368224,-0.000774,0.048891,-0.176346,-0.077726,-0.125502,-0.013242,-0.097649,0.084307,0.144299,0.238216,0.243048,-0.149982,0.425299,0.28307,0.681591,0.018342,0.444318,0.24993,-0.071914,-0.128327,-0.167602,-0.028094,-0.416713,-0.413577,0.536191,-0.211701,0.034027,-0.485402,-0.372762,-0.627946,-0.416695,-0.281627,0.08744,-0.066578,0.009166,0.084362,-0.122468,-0.117313,-0.249241,-0.434916,-0.339134,-0.536553,0.23588,-0.245849,-0.215609,0.075532,-0.371273,-0.091509,-0.539193,-0.156842,-0.248827,-0.384416,-0.304415,-0.277073,-0.194761,-0.163505,-0.342551,-0.510464,0.035591,0.37949,0.214659,-0.318663,-0.355642,-0.215064,-0.2902,-0.51622,-0.216339,-0.009171,-0.325124,-0.358452,-0.399937,-0.208575,-0.362236,0.07482,0.086019,-0.33178,-0.063546,-0.148887,-0.427144,-0.510038,0.035231,-0.422387,0.032173,-0.521452,-0.284237,0.074499,-0.52869,-0.117986,-0.278208,-0.348315,-0.36268,-0.617505,-0.24228,-0.230245,-0.180993,-0.440393,0.302911,0.153175,-0.351929,-0.15092,-0.411163,-0.20653,-0.173078,-0.385946,0.005815,0.441637,0.363362,-0.288316,0.012131,-0.163365,-0.264153,-0.188473,0.196212,-0.194662,0.037122,0.02752,0.081106,-0.091408,0.106827,0.032748,0.097132,-0.100486,-0.271549,0.636268,0.135868,-0.113078,0.010823,0.661387,-0.579829,0.370504,-0.036831,-0.152212,-0.139592,0.359303,0.036324,0.142491,-0.196952,-0.265198,0.607215,-0.032778,0.222084,0.558001,0.277438,-0.121419,0.2674,0.505041,-0.571497,-0.365852,0.03875,#
14,-0.004536,0.281635,-0.216927,-0.164444,0.213745,0.088935,0.415796,0.195577,0.414274,0.082242,0.202105,-0.004882,0.297137,0.304681,1.0,-0.31586,-0.094522,-0.067923,-0.071674,0.146158,0.059291,0.245531,0.166332,0.330878,-0.096264,-0.02993,-0.03941,0.250279,0.262402,-0.179407,-0.373585,0.000704,0.410781,-0.326734,-0.20794,0.026269,-0.247911,0.000289,0.361409,0.026923,-0.045543,0.249874,-0.600964,0.313845,-0.052716,0.075337,0.195431,0.132316,0.350474,0.435652,0.015865,0.020288,-0.058126,-0.229059,-0.024642,0.084093,-0.145189,0.013973,-0.060999,0.307037,0.052014,0.547203,-0.246788,0.263959,0.26557,0.10904,0.153232,-0.058915,0.106604,-0.260465,0.087761,-0.113009,0.331416,-0.032654,-0.458901,-0.010813,0.035052,-0.061701,-0.137926,-0.450086,-0.207675,-0.126525,-0.080651,-0.459099,-0.437714,0.112044,0.035368,0.180738,-0.693492,-0.276308,-0.297387,-0.182833,-0.303261,0.209103,-0.124687,0.000603,0.159969,0.147736,0.212542,-0.29665,0.344972,-0.084149,-0.139893,-0.063257,-0.206594,-0.316638,-0.332945,-0.158349,-0.134112,-0.101138,0.1643,-0.180741,-0.306797,-0.315525,-0.198589,-0.253218,-0.178229,-0.272955,-0.228174,-0.06828,-0.181327,-0.263977,-0.133675,-0.202417,0.262947,-0.132132,-0.204002,0.051613,-0.363756,0.058274,-0.371694,-0.261323,-0.266842,0.184675,-0.014274,0.064248,0.169476,-0.276683,0.049768,-0.009497,-0.201137,-0.272762,-0.266739,-0.193303,-0.193241,-0.238458,-0.120547,0.062358,0.005251,-0.162852,0.085101,0.138559,-0.014896,-0.033864,-0.191968,0.512541,0.537169,0.340707,-0.122214,0.161424,0.112753,0.071678,-0.021359,-0.066182,0.001466,0.406598,0.143804,0.055108,0.048162,-0.120685,0.085002,-0.010832,0.074452,-0.306761,0.370346,0.013865,-0.09051,-0.336158,0.302553,-0.268182,0.014494,0.420891,0.326315,-0.060415,-0.071899,-0.02932,0.00542,-0.098732,-0.170891,0.032224,-0.010818,0.398125,-0.040341,-0.269111,-0.238364,-0.209541,-0.007923,-0.180379,-0.168124,0.166211,#
15,-0.17378,-0.140511,-0.408344,-0.081746,-0.500253,0.241203,-0.157774,-0.004253,-0.121645,0.068544,0.404681,-0.015678,-0.466902,-0.121084,-0.31586,1.0,0.052331,-0.14541,0.263182,-0.050744,-0.144903,0.16425,-0.233875,-0.104808,0.316809,0.06574,-0.014699,0.333963,-0.169146,-0.362675,-0.028922,0.150141,0.002861,0.252191,0.442406,0.142943,-0.09711,0.113495,-0.370647,0.116989,0.107259,-0.457994,0.332577,0.14729,0.255374,0.077484,-0.500661,-0.399374,0.157055,0.108442,0.108442,0.158183,-0.105484,0.057784,-0.053999,0.198039,0.374524,-0.176632,0.308347,0.210918,0.102213,-0.353259,0.118197,0.188558,0.14272,-0.186505,-0.186357,-0.27246,-0.173681,0.042843,-0.015269,0.076719,0.106269,-0.093155,0.429276,-0.164152,-0.062062,0.105811,0.334284,0.204689,-0.035659,-0.059057,0.27337,-0.084312,0.128162,0.13512,0.232984,-0.254962,0.163589,0.075142,0.323731,-0.170495,0.217594,-0.384568,0.254031,-0.023932,-0.257149,-0.268288,-0.619956,0.016258,-0.128953,0.165587,0.016258,0.062923,0.248089,0.168255,0.260615,-0.245726,0.130947,0.022946,-0.348318,0.323846,0.156036,0.146278,-0.281956,-0.044786,0.097235,0.253405,-0.046038,0.301081,0.28834,0.373888,0.019679,0.279773,-0.053096,-0.019456,0.611973,0.048832,0.137768,-0.132191,-0.142045,0.268224,0.157185,-0.011349,-0.143456,0.208627,-0.273231,-0.298345,-0.091383,-0.302083,-0.151308,0.121613,-0.024131,0.38703,-0.025273,0.160851,-0.024144,-0.366506,-0.054842,-0.058184,0.217939,0.285626,-0.189292,0.133221,0.064955,-0.068812,-0.625216,-0.019331,-0.043875,0.061329,-0.12248,-0.02824,-0.156199,-0.273641,-0.266606,-0.02028,-0.150617,0.092949,-0.013036,0.184143,-0.022456,0.321067,-0.06435,0.17031,-0.221425,-0.221887,0.062603,0.179126,-0.245451,0.299806,0.115683,0.067775,0.111424,0.205105,-0.171012,-0.132258,-0.121315,-0.030885,0.134111,-0.220801,-0.289651,-0.252501,-0.161532,0.133468,-0.014806,0.269854,-0.015213,0.26771,-0.026247,-0.368959,#
16,0.220748,-0.305878,-0.170529,-0.120076,0.248394,0.078073,-0.321556,0.008539,-0.519911,-0.30001,-0.030043,0.176472,-0.271721,-0.063192,-0.094522,0.052331,1.0,-0.129433,-0.566048,-0.425579,-0.300708,-0.188067,-0.321237,-0.0266,-0.097289,-0.113121,-0.443331,0.028479,-0.264109,-0.324516,0.095464,-0.279377,0.02752,-0.25274,0.030262,0.413721,-0.222532,0.02909,0.051999,0.216779,-0.275025,-0.337789,0.057608,0.130947,-0.132795,0.330294,-0.364421,-0.598716,-0.109825,0.088371,0.09702,-0.157789,-0.07806,0.069893,0.137929,-0.086749,-0.080552,0.328141,0.015352,0.206049,-0.172438,-0.157065,0.121824,-0.229859,0.246079,-0.063932,0.19164,0.152172,-0.098076,-0.393614,-0.434637,0.171393,0.091273,0.01952,0.063226,0.154779,0.32141,0.064698,0.134373,0.144887,-0.268651,0.207337,-0.120745,0.235966,0.060105,-0.257585,-0.296833,-0.325522,0.224989,-0.292458,-0.251068,-0.190239,0.473183,-0.497883,0.248695,-0.434304,-0.381312,0.013923,-0.327995,0.147546,0.235123,-0.266249,0.144887,-0.171379,0.220815,-0.055162,0.092178,-0.054115,-0.078766,0.319902,-0.479467,-0.139809,-0.03959,0.077422,-0.326696,0.132682,-0.139693,-0.299111,-0.579108,0.448869,-0.142077,0.144197,-0.55046,0.419501,-0.02135,-0.301424,-0.020982,-0.237802,-0.227629,-0.120046,-0.206178,0.348812,-0.07869,-0.108299,-0.058256,-0.39268,0.265865,-0.225442,-0.643888,-0.086718,-0.246215,0.025328,0.076827,-0.063916,-0.080537,-0.325153,-0.117442,-0.312293,-0.065291,0.069925,0.029282,0.237827,-0.444918,-0.035307,-0.323838,-0.426712,-0.188386,-0.297854,-0.439474,-0.261743,0.09521,-0.111223,-0.047985,-0.17131,-0.150405,-0.142737,0.109031,-0.117787,0.091231,-0.383633,0.550146,-0.078147,-0.20319,-0.066461,-0.366447,-0.242784,-0.007189,-0.133415,-0.008344,0.308716,0.048549,-0.093611,0.523424,0.26447,0.201856,0.020136,-0.08597,0.087537,0.504637,-0.022436,-0.347171,0.137384,0.053472,0.199958,-0.153468,0.493765,-0.122848,-0.138859,-0.426061,0.247376,#
17,0.208416,0.576224,0.056063,0.041578,0.274485,-0.225928,0.183207,0.192915,0.227191,0.253764,-0.415104,-0.170387,0.48519,0.253694,-0.067923,-0.14541,-0.129433,1.0,0.368014,0.008479,0.440024,0.231093,0.384859,0.114701,-0.454874,-0.120623,0.29499,-0.081008,0.200681,0.257261,-0.398235,-0.110461,0.181149,0.253125,-0.169339,-0.260789,0.154399,-0.234054,0.28981,-0.22317,-0.226788,0.292655,0.491793,-0.073573,-0.170636,-0.383904,0.19172,0.359728,-0.031804,-0.213997,0.536124,0.071272,-0.139213,0.302275,0.149662,-0.179575,-0.061879,-0.226148,0.067272,-0.108179,0.137586,0.299744,-0.307042,0.028108,0.046426,0.349835,0.031239,0.498541,0.495173,0.088662,0.026486,-0.011803,-0.155767,-0.111612,-0.124005,0.463072,-0.386295,-0.256003,-0.210893,-0.342167,-0.093251,-0.260037,-0.367715,0.104819,-0.077446,0.085399,-0.266755,0.157983,0.151475,-0.060404,0.030897,-0.219113,-0.214411,0.33513,-0.323677,-0.017533,0.25448,0.027604,-0.056786,-0.385961,-0.109255,-0.435708,-0.166556,-0.040998,-0.267791,-0.239139,-0.289239,-0.355425,-0.648005,-0.15092,0.324812,0.114179,0.209978,-0.116297,0.091226,0.065589,-0.335649,-0.250288,0.047002,-0.398961,-0.322213,-0.122845,-0.088843,-0.626202,0.047379,0.348611,-0.135682,-0.171205,0.058268,-0.170474,-0.141621,-0.227447,-0.022843,-0.258752,-0.063472,-0.245494,0.204239,-0.107901,0.233522,-0.285284,-0.244545,0.191789,-0.248832,-0.105362,-0.259719,0.090983,-0.175832,0.35165,-0.296412,-0.253961,-0.396794,-0.201686,0.002846,-0.061639,-0.305763,-0.030867,0.37942,0.332779,-0.302455,-0.282047,0.014983,-0.009478,-0.067657,0.514598,-0.128623,0.53497,0.05247,-0.104882,-0.221865,0.129488,-0.253804,0.071847,-0.104815,-0.147243,0.069421,-0.174498,-0.108529,0.089729,0.154317,-0.13959,-0.168999,-0.14901,-0.182604,-0.165691,0.164979,0.234991,0.323522,-0.026925,-0.314897,0.395894,0.068054,0.245037,-0.007223,0.248333,0.0011,-0.018565,0.081487,-0.339408,-0.056532,-0.000432,#
18,0.091854,0.458899,0.018086,-0.011099,-0.1527,-0.036112,0.211517,-0.075095,0.420452,0.317542,0.171532,-0.431678,0.186066,0.310851,-0.071674,0.263182,-0.566048,0.368014,1.0,-0.003755,0.443913,0.146482,0.131876,0.150343,0.106749,-0.089994,0.277211,0.05132,0.282089,0.346886,-0.193222,-0.118348,0.216377,0.307936,-0.124164,-0.138562,0.143456,-0.018517,-0.188337,-0.182173,0.025361,-0.169963,0.312437,0.089995,-0.142494,-0.409492,0.106044,0.294929,0.147048,-0.09924,0.179028,0.162931,-0.177405,0.227464,-0.080755,0.093283,0.096671,-0.315833,0.012273,-0.273661,0.290422,0.045795,-0.05644,0.3167,0.034892,0.122053,-0.104321,-0.046717,-0.012409,0.103211,-0.066953,0.008903,-0.111088,0.006011,0.195098,0.200179,-0.366756,0.108799,-0.111587,-0.209794,-0.179343,-0.180458,0.185032,0.103456,-0.137441,0.011228,0.181767,0.225148,-0.104245,0.096338,0.175624,-0.117461,-0.450845,0.21087,-0.241762,0.185347,0.267406,-0.098083,0.002471,-0.087125,-0.270843,-0.017758,-0.110731,-0.119712,-0.219169,0.163091,-0.241178,-0.2246,-0.191157,-0.176158,0.216623,0.138937,0.135455,-0.173851,0.063381,-0.051685,0.075896,0.027212,0.375245,-0.248394,0.072155,0.154977,0.184361,-0.330258,0.059432,0.205228,0.128169,0.263108,0.007319,-0.177918,0.150752,-0.177699,-0.075604,0.162336,-0.295144,0.17352,-0.324148,-0.203314,0.154642,-0.11781,-0.023744,-0.122126,-0.327693,0.124405,0.102533,0.11179,0.099866,0.149508,0.049695,-0.285557,-0.038765,-0.04148,0.196506,-0.054128,0.035241,0.126766,0.123894,0.310519,0.159953,-0.02467,-0.254959,-0.002374,0.01193,0.042184,-0.025709,0.265101,-0.004445,0.14516,0.048603,0.203517,-0.487177,0.199563,-0.061595,0.119477,0.201084,0.278909,0.087663,0.174,0.236893,-0.235361,0.12458,-0.062786,-0.289943,-0.170714,0.099512,0.170392,0.155763,-0.100578,-0.269257,0.176692,-0.002454,0.000456,0.11999,0.069614,-0.003695,-0.231689,0.289496,-0.212831,0.066975,-0.343719,#
19,-0.281924,0.147755,-0.04146,0.118342,-0.186825,-0.070461,0.284305,0.076621,0.263153,0.000957,-0.166847,-0.278656,0.379251,-0.00545,0.146158,-0.050744,-0.425579,0.008479,-0.003755,1.0,0.154194,0.261606,-0.060745,-0.182833,0.165362,-0.25652,0.197476,-0.076897,0.075945,-0.094508,-0.304359,0.19629,0.062542,0.069557,0.042407,-0.297669,0.168521,0.159672,0.142333,0.092092,0.659192,0.508063,-0.207808,-0.252871,0.132405,0.044968,0.295833,0.51871,0.354884,0.069994,0.069994,-0.052285,-0.14256,0.207929,-0.346903,0.295787,0.299641,-0.164588,0.367671,0.225351,-0.121611,0.141825,-0.191623,0.320454,-0.024359,0.281343,0.295329,0.319162,0.295843,0.044586,0.443101,0.099881,0.159771,0.210617,0.14504,-0.187081,0.413143,0.119361,0.248761,-0.093589,0.191512,0.174184,0.130516,-0.584305,0.302143,0.010509,0.103167,0.347343,0.133853,0.303255,0.057944,0.069528,0.088359,0.305587,0.140765,0.541765,0.436964,-0.088045,0.132228,-0.118655,0.252056,0.298064,-0.118655,0.307097,0.079519,0.177077,0.015015,-0.22104,0.132765,-0.158908,0.450005,-0.126833,0.248761,-0.017001,0.18224,0.244925,-0.095368,0.140531,0.265449,-0.174363,0.115641,-0.008667,0.228442,-0.273709,0.288596,0.338599,-0.193464,0.184246,0.256283,0.35668,-0.075598,0.118533,0.049435,0.309139,0.292711,0.233991,-0.228896,0.408574,0.155169,0.044066,0.202442,0.087543,-0.039539,0.178544,-0.133432,0.044512,-0.425862,0.1482,0.044028,-0.2024,0.110447,0.015057,0.187865,0.237114,0.363342,0.401599,0.136617,-0.005424,0.40242,0.033173,0.112286,-0.030772,0.01046,0.372247,0.193789,0.119728,0.13679,0.129231,-0.425705,0.448977,-0.468119,0.112859,0.209415,-0.119016,0.019161,0.21337,0.240242,-0.132975,-0.107091,-0.112285,-0.129181,0.237019,-0.201319,-0.344396,-0.413545,-0.184481,0.172924,0.030364,-0.521776,-0.132972,0.197615,-0.148723,-0.111749,-0.370661,-0.28795,-0.353496,-0.02389,0.372409,0.191171,-0.105359,#
20,-0.215355,0.251596,0.045958,0.154856,-0.029647,-0.318635,0.372337,0.141609,0.242216,-0.034088,-0.234202,-0.414504,0.33707,-0.040559,0.059291,-0.144903,-0.300708,0.440024,0.443913,0.154194,1.0,0.103909,-0.069749,0.101492,0.089297,-0.044704,-0.071252,-0.219177,0.114961,0.234627,-0.146979,-0.353223,0.025473,0.49465,-0.282152,-0.032507,0.203242,-0.349223,0.305071,0.031132,-0.064143,-0.040786,0.061091,-0.293085,-0.118849,0.237319,0.205111,0.29032,0.019053,-0.103149,0.154001,0.032186,-0.492554,0.445264,-0.194232,0.06858,0.061639,-0.072253,0.077877,-0.211278,0.232473,0.320256,-0.234426,-0.008325,-0.14021,0.040844,-0.154332,0.133929,0.395381,-0.267903,-0.197621,0.140685,-0.217093,0.157768,0.126819,0.177996,-0.050607,0.000541,-0.264641,-0.270827,0.179731,-0.209286,0.163289,-0.316539,-0.12559,-0.143836,-0.05013,0.371295,-0.080083,0.12341,0.156859,0.050462,-0.021444,0.3137,-0.531361,0.042553,0.409765,-0.039147,0.094701,0.053439,0.008631,-0.100339,-0.070828,-0.124726,-0.153157,-0.149961,-0.179845,0.091315,-0.142506,-0.45738,0.246541,-0.150307,0.05719,-0.129279,0.278311,0.280997,-0.022594,0.12646,0.143392,-0.12955,0.036198,0.229356,0.198631,-0.550444,0.290258,0.112984,-0.036095,0.042038,0.025376,0.216183,0.197634,-0.367225,0.193883,-0.161432,0.124606,0.1217,-0.27126,0.236508,0.023622,0.163372,-0.108365,0.039934,0.031102,0.055359,0.377519,-0.195735,-0.005758,0.456599,0.003344,-0.376006,-0.28625,0.192835,0.334385,-0.052798,0.093647,0.333674,0.305086,0.102278,0.152608,-0.252901,0.231686,0.077601,0.078694,0.176304,0.10861,0.555362,0.078572,-0.299682,-0.358634,0.199864,-0.386813,0.204833,0.076454,0.012423,-0.11002,0.002878,0.123203,0.297055,0.272132,0.033963,-0.051346,0.267671,-0.020826,-0.159481,0.127002,0.127811,0.179255,0.164988,-0.20028,0.057159,0.12122,0.246121,-0.045763,-0.126711,-0.199758,-0.072549,0.096171,-0.010006,0.190407,0.015674,#
