0,1.0,-0.016559,-0.238509,0.101532,0.444861,0.227995,-0.067035,0.102984,-0.68319,-0.069853,0.010112,0.132224,0.382918,0.146146,0.050103,-0.005809,-0.013946,-0.351088,-0.062417,-0.095138,0.150021,0.389011,0.009855,-0.170128,0.0634,-0.090136,-0.126546,-0.325523,0.303345,-0.183255,0.09616,-0.193092,0.007881,-0.222011,-0.264246,-0.076282,-0.094509,-0.049096,0.016304,-0.38266,0.052884,0.187837,0.013336,0.124424,-0.512799,0.167649,0.182505,0.053292,-0.338612,-0.233003,0.004705,-0.058692,0.063947,-0.057966,0.317307,0.057969,-0.285131,0.282621,0.270624,0.142807,0.421503,0.285348,-0.070773,-0.070708,-0.020423,-0.029098,-0.129693,0.208934,-0.017121,-0.466942,-0.075029,-0.053614,-0.376553,0.084698,-0.604775,0.389511,0.008751,-0.125211,-0.515068,0.067606,-0.228669,-0.249699,0.243596,-0.019874,-0.101656,-0.156639,0.132814,0.094094,-0.13692,-0.349259,-0.124941,-0.434556,0.018256,-0.277219,0.103871,-0.084736,-0.183687,-0.001268,-0.168947,0.400649,0.196396,-0.199191,-0.168338,-0.191797,0.099737,-0.112613,-0.011961,-0.082994,-0.253837,-0.130027,-0.014602,0.027593,-0.06568,-0.048642,-0.038094,0.0861,-0.302729,-0.055973,-0.165888,0.130833,-0.184294,0.067606,0.2115,-0.349573,0.073871,0.12772,0.026692,-0.131114,0.349183,0.379413,-0.269882,-0.194441,-0.164809,-0.007563,-0.480086,0.059271,-0.046661,-0.296758,0.362638,-0.126805,-0.276467,-0.276069,0.092946,0.322179,-0.012637,0.212821,-0.075729,-0.004611,-0.290737,-0.335633,-0.032956,-0.222823,-0.262842,-0.016217,0.194529,-0.009587,0.052248,0.01444,-0.137721,-0.452175,-0.00307,-0.471302,-0.19553,-0.070874,-0.152609,-0.123601,-0.106248,-0.052817,-0.083093,-0.282888,0.041885,0.14464,-0.192856,0.279164,0.010487,-0.171327,0.033895,-0.172678,-0.030702,0.358975,0.001877,-0.335001,0.249669,0.231872,0.180853,-0.046421,0.128362,-0.144708,0.082991,0.0134,0.263363,0.169434,0.165422,-0.232792,0.041263,-0.075931,-0.034882,-0.249964,-0.080401,0.205936,#
1,-0.016559,1.0,0.285033,-0.21745,-0.0481,0.210848,0.273978,0.295548,0.159166,0.298062,-0.361591,-0.187381,0.392713,0.354612,0.3817,-0.201543,-0.043008,0.474124,-0.025451,0.221208,-0.358587,0.307393,0.364805,-0.034798,-0.119811,-0.288636,0.066751,-0.17471,-0.237523,0.04733,-0.301541,0.256248,0.537822,-0.012756,-0.401747,0.490999,0.276508,-0.097991,-0.215045,-0.129132,-0.153008,0.241122,0.22087,0.143011,0.278956,-0.582998,0.156185,-0.126062,0.347383,0.252947,0.030471,-0.300588,0.029591,-0.436124,-0.058403,-0.256343,-0.214676,-0.559043,-0.036034,-0.348081,0.34124,0.335105,-0.332412,-0.033896,-0.037448,0.249052,0.031071,0.209274,0.264148,0.017745,0.165543,0.080198,-0.163006,-0.607416,-0.099574,0.314415,0.016312,-0.458051,0.133407,-0.275068,0.134471,-0.436986,-0.303958,0.017966,-0.291774,0.032191,-0.201377,-0.055635,-0.118364,-0.350783,-0.121655,0.042522,-0.583978,0.067873,-0.305558,-0.132401,0.204728,0.188385,0.383956,-0.12599,-0.153531,-0.026734,0.038616,-0.19159,-0.050469,-0.252513,-0.350218,-0.268848,-0.440063,-0.48928,0.249732,0.481498,-0.24188,-0.043948,-0.042061,-0.297773,-0.341161,-0.544008,0.213839,-0.559174,-0.191711,-0.469847,-0.486542,-0.384566,-0.416889,-0.277903,0.262651,0.269039,0.148218,0.203219,-0.11364,0.000536,-0.154442,-0.228748,-0.142204,-0.15016,0.20044,-0.292321,-0.023736,-0.27727,-0.108656,-0.22725,-0.489411,-0.366073,0.024032,0.198309,-0.129897,0.368663,0.032499,-0.142127,-0.417778,-0.506849,0.057884,-0.198855,-0.136186,-0.362505,0.30093,0.196749,-0.101134,-0.215292,0.154066,0.084893,0.103787,0.503555,0.156098,0.354773,0.06978,0.017424,-0.519889,0.049033,-0.1562,-0.144393,-0.204084,0.103591,0.345858,0.0064,0.033375,0.171982,0.485249,-0.706698,0.327604,0.028411,-0.317043,-0.133163,0.017222,-0.147874,0.261098,-0.166284,-0.579972,0.34677,0.299689,-0.043692,0.186439,0.443764,-0.128405,-0.148253,-0.065148,0.230815,0.507335,-0.080201,#
2,-0.238509,0.285033,1.0,0.316615,-0.286096,-0.129742,0.197339,-0.026564,0.418089,-0.089602,-0.141705,-0.262074,-0.130249,-0.030728,-0.185517,-0.453507,-0.244364,0.363269,-0.129679,0.246906,0.004448,0.159247,0.119601,0.104564,0.269677,-0.171335,0.576567,0.314844,-0.191539,0.026855,-0.108047,0.256138,0.002087,0.118781,0.192522,0.126017,0.354244,-0.197986,-0.080288,0.069903,0.222847,0.111288,0.21128,-0.034876,0.031276,-0.340157,0.030012,0.139307,0.275388,-0.134565,-0.381153,-0.063725,0.338361,0.101748,-0.326176,-0.064295,-0.179429,-0.347464,-0.293529,-0.0675,-0.431439,-0.179204,0.098576,0.046119,-0.12505,-0.182656,0.218256,0.054886,-0.013727,0.228824,0.216341,0.090913,0.114421,-0.037756,0.440294,-0.354205,0.061207,-0.237538,0.163127,-0.187325,0.178594,-0.064404,0.129231,-0.135057,0.101637,0.426803,-0.163338,-0.014187,0.129916,0.064315,0.034514,0.094842,-0.076904,-0.067537,-0.050754,-0.078451,0.424845,0.58564,0.150345,-0.033508,-0.103628,0.283652,0.251326,0.071969,-0.031015,0.154828,-0.083903,-0.022627,-0.343983,-0.012937,0.469679,0.029626,0.166162,0.047289,0.317754,-0.197718,0.009838,-0.143716,-0.094073,0.017328,0.201474,0.112765,-0.251712,-0.101149,0.222331,-0.081954,0.044611,0.131552,-0.015237,0.309706,0.59525,-0.24181,0.24533,0.025042,0.426667,0.347798,-0.270949,0.368401,0.230349,0.103855,-0.030419,-0.089678,-0.02077,-0.280816,-0.141748,0.11896,-0.19541,-0.044675,0.398194,0.212852,-0.023024,-0.123577,0.28284,0.02922,0.083587,0.068086,-0.013732,0.031348,0.147677,0.39841,0.459688,0.184121,-0.143396,0.30993,-0.061468,-0.373137,0.174034,0.079413,0.221308,0.304929,-0.270266,-0.194968,-0.273963,0.154366,-0.229733,0.413621,0.138156,0.190546,-0.030638,-0.411255,-0.036556,0.062504,-0.243102,-0.078657,-0.417688,0.328385,-0.188936,0.064778,0.003159,0.070854,0.301075,-0.279049,-0.091622,0.222328,-0.357174,0.384967,-0.376995,0.257936,0.281074,-0.135335,#
3,0.101532,-0.21745,0.316615,1.0,-0.140601,-0.044626,-0.153158,-0.278106,-0.078027,-0.111452,0.259465,0.047951,-0.243929,-0.087836,-0.328696,0.052749,-0.043649,0.026979,-0.02821,0.278374,0.373222,0.14819,-0.087478,0.220417,0.380308,0.297573,0.351192,0.444097,0.093029,-0.29112,0.558719,0.370507,0.014564,-0.18187,0.359706,-0.373136,0.006752,-0.147213,-0.384955,0.021103,0.125604,-0.091048,0.068605,-0.053135,-0.132552,0.288818,-0.054614,-0.082145,-0.135867,-0.085169,-0.090977,0.30053,0.227109,0.21701,-0.231071,0.166923,-0.124175,0.118515,0.082279,0.242774,-0.326215,-0.232581,0.00332,-0.17016,0.202352,-0.273725,0.150523,0.250197,-0.199556,-0.233022,-0.175188,0.080479,0.058281,0.325558,-0.058852,-0.287162,0.012994,0.075613,-0.008452,0.014876,0.291387,0.467799,0.408991,0.10541,0.292132,0.246725,0.358873,-0.129123,0.175337,-0.230915,0.163503,-0.0924,0.421306,-0.271277,0.465344,0.010766,0.135738,-0.007323,-0.302666,0.15819,-0.03899,0.336052,0.346311,0.112316,0.284117,0.172454,0.118004,0.027146,0.229471,0.233694,-0.206834,-0.264336,-0.100872,0.087872,0.316951,0.094485,-0.011412,-0.034907,-0.163757,0.547697,0.050407,0.357082,0.397194,0.005753,0.042218,0.256598,0.161714,-0.183384,0.229234,0.363748,0.255259,0.011346,0.160968,0.226449,0.369047,0.263983,-0.106587,0.098757,0.072935,0.444435,0.070243,0.133602,0.290138,0.001164,0.146158,0.166517,0.157518,-0.320783,0.238257,0.134581,0.113918,0.123304,0.165045,0.59305,0.243022,0.309423,-0.281722,-0.109078,-0.009755,0.348665,-0.108936,0.094374,-0.230089,-0.090433,-0.315593,-0.542397,0.30691,0.221919,0.372072,0.198999,-0.283625,-0.047478,0.171482,0.026473,-0.579798,0.329761,0.210627,0.044975,-0.56718,0.084934,-0.314445,-0.071785,0.043164,-0.053322,-0.116441,0.209462,-0.129013,0.162027,0.477607,-0.219841,0.06666,-0.359379,0.042323,-0.445207,-0.295753,0.091135,-0.430315,0.325447,0.058037,-0.207187,#
4,0.444861,-0.0481,-0.286096,-0.140601,1.0,-0.018953,-0.266952,0.265755,-0.460993,-0.11833,0.048005,-0.125463,0.368179,0.109011,-0.056021,0.033453,-0.123171,-0.120887,0.081447,-0.01703,-0.092044,0.011348,0.100839,-0.145523,0.118991,-0.067573,-0.557446,-0.31831,-0.085569,-0.064443,0.174306,-0.313775,-0.205298,-0.126504,-0.420651,0.022115,-0.231247,-0.146962,0.03766,-0.100228,0.108472,-0.269675,-0.244004,0.083244,-0.138437,0.150566,-0.177332,0.234139,-0.209175,-0.240006,0.292543,-0.05177,0.125821,-0.205136,0.287093,0.143847,-0.221323,0.409467,0.254104,-0.119263,0.363446,0.134399,-0.196922,0.003831,-0.001475,0.426299,-0.091945,-0.045603,0.154724,0.032744,-0.164692,0.088422,-0.142724,0.120181,-0.174931,0.355108,0.152011,-0.18664,-0.104925,-0.037478,-0.143843,-0.188107,-0.03781,0.237227,-0.035391,-0.202475,0.207432,0.064791,-0.18705,-0.124433,-0.082658,-0.190564,0.032417,-0.193188,-0.119579,-0.004202,0.156506,-0.186549,0.343489,0.422126,0.160626,-0.163137,0.130964,-0.125009,-0.2758,0.112571,0.185076,-0.062376,-0.058167,-0.538318,0.089812,0.128579,0.24384,0.041985,-0.28115,0.121545,-0.053619,0.067463,0.118848,0.035334,-0.10765,-0.015355,0.3004,0.040838,0.115254,0.104666,0.300698,-0.078667,0.249175,0.447499,-0.213569,0.026877,0.168941,-0.125797,-0.378939,0.122968,-0.201564,-0.428187,0.180495,-0.032926,-0.203866,-0.107924,-0.035902,0.143056,0.179345,0.29261,-0.228612,-0.072473,-0.179591,-0.42823,-0.276235,-0.149208,-0.515371,-0.124094,-0.197512,-0.136258,0.073131,0.066274,-0.139822,-0.418972,-0.082238,-0.24143,-0.115621,-0.076198,0.336121,-0.027974,-0.228212,-0.079186,-0.263724,-0.215734,-0.192353,-0.031191,0.030667,0.08585,0.132691,-0.034359,0.123686,0.076301,0.100229,0.1108,-0.075393,-0.204968,0.136334,0.125881,0.125158,-0.286355,0.201401,-0.587504,-0.127217,-0.01026,-0.305259,-0.337866,0.290769,-0.120026,0.111972,-0.220097,0.228083,-0.017321,-0.076166,0.098301,#
5,0.227995,0.210848,-0.129742,-0.044626,-0.018953,1.0,0.077051,-0.121322,-0.282631,-0.192719,0.264911,-0.026024,-0.06563,-0.077228,0.228741,0.090315,0.467205,-0.027563,-0.198289,0.034908,-0.031307,0.256656,0.22497,0.098531,-0.428081,-0.280448,0.017875,-0.338445,-0.119658,-0.485691,0.141753,0.312262,0.122514,0.096179,-0.2036,-0.010145,0.174718,0.121187,-0.029645,0.195696,-0.131671,0.309512,0.019172,0.127746,0.340859,-0.084989,-0.117218,0.289274,0.197483,-0.250515,0.081139,-0.17781,-0.014699,-0.21425,0.169635,0.111377,-0.129693,-0.042661,0.144135,-0.207659,0.374937,-0.078335,-0.312312,0.069982,-0.00943,0.204451,-0.239175,0.104507,0.374493,0.16395,-0.222214,0.46445,0.190952,-0.079674,-0.519305,0.103826,-0.401556,-0.095084,-0.295281,0.124775,0.355082,-0.172359,0.012058,-0.247699,0.018325,-0.087292,0.06286,-0.34546,-0.252906,-0.521301,-0.176365,-0.073554,-0.127797,-0.054479,-0.069008,-0.226673,-0.320192,-0.185467,0.056764,0.290512,-0.115059,-0.229502,0.020769,-0.307025,0.080668,-0.440934,0.074459,0.005803,-0.376038,-0.205252,0.15562,-0.190903,-0.353394,0.066649,-0.032376,-0.289497,-0.659249,-0.225136,0.1959,-0.250832,-0.211889,-0.279198,0.006161,-0.435378,-0.234088,-0.036146,-0.203924,0.133359,0.383036,0.213417,0.011865,-0.003716,-0.102724,-0.023801,-0.204324,0.11345,-0.008071,-0.306351,0.127201,-0.371463,-0.361355,-0.041389,-0.288379,0.158215,0.121723,0.112293,-0.082617,0.144059,-0.07117,0.107632,0.071291,0.036853,-0.049977,0.154548,-0.082035,-0.296553,-0.116253,0.005097,-0.22534,-0.006263,0.340984,-0.05165,-0.130178,0.493006,-0.20278,0.407469,0.16173,-0.056577,0.045895,-0.16609,0.290025,-0.333725,-0.245446,-0.042118,0.039789,-0.350595,-0.170491,-0.032201,-0.014405,0.01281,-0.029753,-0.176822,-0.139061,0.297328,0.118267,0.049394,0.033992,0.110464,-0.28423,-0.088529,0.176076,0.092161,0.124204,-0.09316,0.125624,0.127234,0.168078,-0.001564,-0.084459,-0.264069,#
6,-0.067035,0.273978,0.197339,-0.153158,-0.266952,0.077051,1.0,0.343554,0.259383,0.375933,0.070618,-0.103529,0.273798,-0.191572,0.149636,-0.071839,-0.079904,-0.124596,0.014905,-0.208774,-0.439828,0.334318,-0.040628,0.099284,-0.162192,0.004714,0.440102,-0.056155,0.35732,-0.004779,-0.500375,0.043822,0.134192,0.099261,0.213208,0.434752,-0.281127,0.190138,0.153804,-0.179838,-0.186726,0.103375,0.038257,-0.387346,-0.097418,-0.283668,-0.096759,-0.204002,0.152471,0.078317,-0.240598,-0.082062,-0.202765,-0.230664,0.004329,-0.24307,0.24172,-0.317213,-0.238441,0.20073,0.389798,0.071441,-0.055151,0.188799,0.190114,0.029911,0.217143,-0.071266,0.548037,0.038047,0.287827,-0.105938,-0.194024,-0.497852,0.136211,0.146613,0.08251,-0.051594,0.054925,-0.012155,-0.32346,-0.188743,-0.351272,-0.39521,0.126928,0.446351,-0.109633,-0.003097,-0.022942,-0.25386,-0.144796,0.109601,-0.058744,-0.040958,0.167233,-0.036316,0.282663,0.257943,0.197709,-0.505293,-0.111333,-0.084383,0.105497,-0.088887,-0.184711,-0.156669,-0.387669,-0.165072,-0.4946,-0.039104,-0.174367,0.032912,-0.172716,-0.271019,-0.302891,-0.347457,0.023845,0.038431,-0.250491,0.026993,0.068193,-0.034837,-0.060892,-0.265194,-0.29611,-0.216665,0.240855,0.60869,0.04542,-0.012933,-0.028896,-0.406325,-0.472074,0.201696,0.274394,0.185746,-0.054317,-0.170849,-0.294722,-0.201063,0.330436,-0.064639,-0.163988,-0.050476,0.089887,-0.031616,-0.1894,0.440125,-0.044604,-0.014322,0.014065,-0.085737,0.314124,-0.264205,-0.223512,-0.271466,0.002639,-0.169176,-0.031089,-0.043379,-0.014261,0.210657,0.073217,0.339513,-0.021718,0.127877,0.20558,0.286033,-0.155977,0.501504,0.58728,-0.105698,-0.252145,0.186622,0.437728,-0.11315,0.32527,-0.048908,0.085291,-0.281781,0.465734,0.277573,0.163107,-0.029573,0.094168,-0.157043,0.033141,0.264564,-0.189666,0.474132,0.047066,0.122595,-0.066872,0.404049,0.031248,0.19414,-0.152778,0.061347,0.020591,-0.188309,#
7,0.102984,0.295548,-0.026564,-0.278106,0.265755,-0.121322,0.343554,1.0,-0.023416,0.082201,-0.026584,-0.272519,0.516896,0.225544,0.087635,0.145988,-0.211581,0.056755,0.067164,0.115239,-0.103346,0.145687,-0.044771,0.337837,0.079018,0.167474,-0.232105,-0.384855,0.215459,0.173967,-0.12961,-0.297296,0.369016,0.342443,-0.214966,0.430493,0.004783,0.151886,0.268869,-0.047113,-0.143394,0.094132,-0.245398,0.109899,-0.324868,-0.391948,0.076392,-0.184323,0.111208,-0.247623,-0.142271,0.027055,-0.017816,-0.178826,-0.14978,-0.138644,-0.108332,-0.081167,-0.166069,0.080604,0.329736,0.214766,-0.217415,-0.019685,-0.141946,0.234541,0.297076,-0.031368,0.22959,0.067169,0.468458,-0.19539,-0.58203,-0.32912,0.142686,0.074697,0.147868,0.045379,0.202138,0.028904,-0.092326,-0.046532,-0.098669,0.211765,-0.050559,0.042512,0.186651,0.408753,0.018874,-0.035617,-0.127251,0.232353,-0.052481,0.237849,-0.296998,0.372505,0.30508,0.340014,0.360742,-0.340481,0.080105,0.050907,0.164058,-0.204676,0.211037,0.218843,-0.194396,-0.074465,-0.260822,-0.315705,0.082374,0.310289,0.025961,-0.037601,0.100031,0.176357,0.300676,-0.068357,-0.023673,-0.126575,-0.254946,-0.316759,-0.023845,0.046726,-0.084513,-0.065295,0.089229,0.20048,-0.022839,0.097602,-0.058565,0.069035,-0.115008,-0.10529,-0.208447,-0.015506,0.259514,-0.027648,-0.175888,-0.052909,0.464387,0.20838,-0.009762,0.151528,0.109898,-0.087885,0.006563,0.238331,0.057527,-0.24451,-0.169188,0.087498,0.02649,-0.099853,-0.327239,-0.222995,0.352684,-0.28435,0.078663,0.028645,-0.108056,0.390264,-0.049273,-0.019697,0.104885,-0.03749,0.390806,-0.370296,-0.13962,0.289112,0.040266,-0.148843,-0.130133,0.15244,0.306282,-0.130891,0.457226,-0.251144,0.14257,-0.119419,0.305159,0.125623,-0.077831,0.026309,0.225972,-0.079941,0.419986,-0.126558,-0.068226,0.404321,0.155092,-0.055986,0.051597,0.159996,-0.393004,-0.169166,0.112281,-0.000871,0.272146,-0.343949,#
8,-0.68319,0.159166,0.418089,-0.078027,-0.460993,-0.282631,0.259383,-0.023416,1.0,0.20347,-0.163619,0.027543,-0.105544,0.012092,0.07407,-0.261029,-0.157063,0.378995,0.085331,-0.021793,-0.332967,-0.067245,0.116622,0.285614,0.186998,0.211293,0.395172,0.316288,-0.042788,0.042216,-0.119041,0.149572,0.107916,-0.063382,0.352838,0.157502,0.342823,-0.055263,-0.110399,-0.058345,0.005726,-0.232499,0.362205,-0.150223,0.291635,-0.388958,-0.307183,-0.093108,0.302962,0.360087,-0.160655,-0.218934,0.028249,0.004836,-0.344363,0.252148,0.195724,-0.592696,-0.06561,0.044623,-0.405236,-0.296183,0.020191,-0.010638,0.278309,-0.044588,0.383674,-0.311348,-0.098253,0.404255,0.24665,0.022778,0.225595,-0.259717,0.454955,-0.173662,0.033284,0.008973,0.415911,-0.226905,0.112851,0.135876,-0.289109,-0.226737,0.286171,0.358782,-0.231795,-0.031316,0.079411,0.327856,0.182167,0.502065,-0.280044,0.182002,-0.00176,-0.094928,0.289802,0.20499,0.094813,-0.239543,-0.10519,0.315128,0.055029,0.168745,-0.209412,-0.059086,0.012355,-0.091718,0.22494,0.066803,0.225185,-0.198263,0.132231,-0.352151,0.117371,-0.150491,0.187189,-0.06501,0.047219,-0.158137,0.207598,-0.094894,-0.132344,0.127302,-0.052089,-0.1954,0.213041,0.061695,-0.305324,-0.452347,0.299415,0.145525,-0.099919,0.194295,0.57619,0.033142,0.084915,0.213361,-0.410073,-0.025983,0.260224,0.120931,0.023106,-0.385221,-0.272879,-0.057058,0.010934,0.230912,0.346395,0.048942,0.160104,0.150781,0.276484,-0.120194,-0.004774,0.141977,0.221166,0.122035,0.09341,0.311033,0.141409,0.422767,-0.01321,-0.023009,0.319859,-0.009979,0.052607,0.211371,-0.024987,0.424753,0.02296,0.2588,0.148558,0.214969,0.151423,0.268707,0.067351,0.105331,0.16437,-0.469279,0.293816,0.153098,-0.274975,-0.05898,-0.321851,-0.069693,-0.148694,0.271214,-0.194951,0.272339,-0.051694,-0.06669,-0.15423,0.332723,-0.120694,0.35679,0.095377,0.146905,0.096372,0.116014,#
9,-0.069853,0.298062,-0.089602,-0.111452,-0.11833,-0.192719,0.375933,0.082201,0.20347,1.0,-0.455331,0.357641,0.345907,0.327997,0.439669,0.22933,-0.137596,0.223672,0.097987,-0.016942,-0.458091,0.253427,0.275033,0.012061,0.122836,-0.056886,0.185554,0.133404,0.2412,0.460893,-0.347533,-0.18275,0.130415,-0.168202,-0.106006,0.550525,-0.271941,-0.148819,0.049393,-0.09854,-0.128572,-0.048007,-0.249358,-0.295843,0.01317,-0.27596,0.225308,0.058621,-0.112353,0.438344,-0.022056,-0.034356,-0.121907,-0.282608,-0.05658,-0.290934,0.233343,-0.271492,0.04203,-0.131186,0.138784,0.14625,-0.176223,-0.141377,0.395198,0.044837,-0.13743,0.315498,0.033729,-0.189298,0.143486,-0.196967,-0.133036,-0.361951,0.132584,0.298015,0.151918,-0.360239,0.072603,-0.023159,-0.265228,-0.338938,-0.542974,0.015795,-0.023063,-0.013057,-0.405634,0.058381,0.113425,-0.123066,0.121819,-0.01455,-0.159662,0.323275,0.087512,0.124479,0.003808,0.153665,0.151256,-0.363563,-0.189664,0.033926,-0.189952,0.035887,-0.096792,-0.020609,-0.603108,-0.197137,-0.216252,-0.261212,-0.057171,0.321217,0.082347,-0.296588,-0.417173,-0.412025,-0.086498,0.066368,0.350564,-0.299669,0.04371,-0.225931,-0.175034,-0.318116,-0.441534,-0.084263,0.113341,0.223721,0.126728,-0.393685,-0.186324,0.224901,-0.555583,-0.140045,-0.017304,-0.434727,0.019081,-0.237685,0.006833,-0.184622,0.152003,-0.275151,-0.411756,-0.399374,0.001984,0.366604,-0.06754,0.256265,-0.341295,-0.260347,-0.271151,-0.46451,0.129341,-0.407358,-0.021253,-0.102697,0.07198,0.371373,-0.334648,-0.179375,-0.061339,-0.221649,0.135066,0.263735,0.378671,0.303132,-0.215297,-0.022774,-0.479758,0.115214,-0.019692,0.246719,-0.133952,0.087512,0.287162,-0.394145,-0.222543,0.088579,0.428258,-0.414075,0.263901,-0.195974,-0.229487,-0.355929,0.29532,-0.358053,0.348245,0.175679,-0.30568,0.151243,0.314487,0.024692,0.134363,0.699832,-0.058762,-0.103431,-0.112354,-0.00764,0.416012,0.112141,#
10,0.010112,-0.361591,-0.141705,0.259465,0.048005,0.264911,0.070618,-0.026584,-0.163619,-0.455331,1.0,-0.303743,-0.08728,-0.47129,0.081859,-0.081706,0.011039,-0.319747,0.150571,-0.046174,0.192405,0.041219,-0.336486,0.145187,-0.21106,0.035904,-0.171714,0.075212,-0.018257,-0.507045,0.438343,0.083303,-0.398513,-0.087625,0.448689,-0.559602,-0.055006,0.177,0.059627,0.180759,0.027922,-0.108067,0.149802,-0.034566,0.013852,0.334309,-0.28987,-0.000325,0.203183,-0.546697,-0.008688,0.327924,0.08133,0.160467,0.291332,0.173854,-0.253755,0.282008,-0.074515,0.055323,0.046331,-0.286757,-0.14365,0.185801,0.113477,-0.17135,0.042553,-0.335023,0.39614,0.067079,0.103328,0.123201,0.213206,-0.080349,-0.195471,-0.130912,0.040807,0.486214,0.057028,-0.240089,0.241404,0.278222,0.054719,-0.146083,-0.022377,0.33522,0.551027,-0.215008,-0.055224,-0.01286,-0.194424,-0.159322,0.300331,-0.182281,-0.010262,-0.060868,-0.121384,-0.328692,0.019074,0.087141,-0.123833,-0.239029,0.378823,-0.166045,0.125312,-0.080265,0.160599,0.029559,0.059973,0.238772,-0.224402,-0.200007,-0.401791,-0.013939,0.081765,0.032785,0.008943,0.09028,-0.168289,0.358876,0.035546,0.11687,0.204,0.132904,0.087923,0.189837,0.023935,0.302631,0.182434,0.236602,0.274539,-0.046927,0.043244,0.199527,0.197699,0.407412,-0.124252,0.189843,-0.28585,0.267556,0.051474,0.506646,0.212711,0.07854,0.245686,0.083247,-0.136853,-0.025025,0.164742,0.207034,0.131294,0.279391,0.099068,0.175105,-0.022284,-0.205258,-0.450522,-0.530898,0.013264,0.070612,-0.139477,0.21664,-0.056731,0.054304,-0.201996,-0.196384,0.218686,0.316194,0.201391,0.245103,0.329141,-0.210662,0.298718,0.00491,-0.012687,0.065633,0.256294,-0.134734,-0.552488,0.455502,0.055959,0.296913,0.425004,0.426601,0.008213,-0.11218,-0.291848,-0.139838,0.39022,0.088813,-0.387701,-0.070117,0.181885,-0.659466,0.215039,0.057936,0.115721,0.122835,-0.388532,-0.249671,#
11,0.132224,-0.187381,-0.262074,0.047951,-0.125463,-0.026024,-0.103529,-0.272519,0.027543,0.357641,-0.303743,1.0,-0.017803,0.1008,-0.060248,0.026334,0.351166,-0.097514,-0.097903,-0.338941,0.172474,-0.238083,-0.230974,-0.189924,0.118988,-0.060607,0.002323,0.173547,0.062276,0.117798,-0.008728,-0.17808,-0.042298,-0.369522,-0.050128,0.207145,-0.182282,-0.234901,0.052437,-0.116293,0.143793,-0.091852,0.007125,-0.323378,-0.281817,0.087927,-0.266499,0.234056,-0.318792,0.413122,-0.052871,-0.093718,0.126635,0.142813,-0.013424,0.038132,0.138365,-0.124979,-0.014423,0.3455,-0.048857,0.178093,0.315177,-0.504155,0.242797,-0.097955,-0.135217,-0.032779,-0.232335,-0.202137,-0.193624,-0.271151,0.154787,0.268765,-0.191638,0.120837,-0.369441,-0.050599,-0.273794,0.29124,-0.125136,0.117696,-0.042534,-0.337466,-0.02926,-0.344839,-0.257363,0.068392,-0.057629,0.039319,-0.085091,-0.029216,0.021064,-0.004645,0.274086,-0.05039,-0.201273,0.157169,-0.138465,0.11496,0.364452,0.196376,-0.558463,0.047528,-0.105132,0.131711,0.036324,0.283388,0.25744,0.088018,-0.065874,-0.084481,0.078845,-0.152679,-0.091717,-0.0534,-0.08393,0.226961,0.318614,0.018586,0.209247,-0.190167,0.15357,0.187924,0.00669,-0.291873,-0.297232,-0.307699,0.091502,-0.235894,-0.03918,0.203983,-0.392805,0.341822,-0.034754,-0.259208,0.013133,-0.059343,0.311898,0.129887,-0.016331,-0.174942,-0.060172,0.06963,-0.026629,0.164539,-0.039523,-0.198617,-0.351697,-0.094276,-0.092417,0.017737,-0.029091,0.049902,-0.184669,0.228584,-0.014409,0.517944,-0.11727,0.032946,-0.066912,-0.405161,0.37817,0.015294,0.10039,0.125677,-0.223282,-0.009075,-0.085542,-0.055496,-0.039559,0.411644,0.182767,-0.111989,-0.196988,-0.23032,-0.39778,0.076383,-0.079968,0.258632,-0.094547,-0.04093,-0.065922,-0.202979,0.118969,0.246048,0.069388,0.537305,0.014204,-0.054243,0.015078,0.210981,-0.04586,0.190391,-0.078374,-0.09976,0.19893,-0.258957,0.041255,0.270178,#
12,0.382918,0.392713,-0.130249,-0.243929,0.368179,-0.06563,0.273798,0.516896,-0.105544,0.345907,-0.08728,-0.017803,1.0,0.295978,0.222332,-0.103981,-0.092948,0.000731,0.196971,0.055031,-0.389325,0.247482,0.202502,-0.116841,-0.187026,-0.267636,-0.155478,-0.260183,0.082253,0.126157,-0.03036,-0.230028,0.130094,-0.084405,-0.337561,0.390943,0.01729,0.001792,0.036998,-0.358304,0.03609,0.094469,0.031444,0.056179,-0.25099,-0.327366,0.14077,0.094288,0.113596,0.015363,-0.260721,0.194297,0.136111,-0.099749,0.20855,0.024695,-0.142668,-0.191188,0.209093,0.112655,0.44989,0.222162,-0.220499,-0.04623,0.049617,0.186387,0.023237,0.015839,0.423017,-0.136519,0.471883,-0.159504,-0.645541,-0.433857,-0.126861,0.666211,0.21567,-0.063023,0.103576,-0.407008,-0.029348,-0.328186,-0.358006,0.057803,-0.323859,-0.058712,0.10163,0.285237,-0.247268,-0.301452,0.033224,-0.22458,-0.307711,0.139486,-0.270073,0.1245,0.152026,0.027093,0.398336,-0.255373,-0.059959,-0.016248,0.233343,-0.107672,0.077118,-0.037527,-0.27851,-0.330117,-0.349837,-0.400039,0.149458,0.281268,-0.125564,-0.120904,-0.022729,-0.264538,-0.180841,-0.192593,0.027444,-0.394289,-0.001416,-0.406228,-0.149233,-0.403562,-0.109554,-0.027469,0.27238,0.462609,0.067307,0.034813,-0.34502,0.192871,-0.290186,-0.008873,-0.160028,-0.072776,-0.011202,-0.297126,-0.058572,-0.149918,0.055532,-0.003499,-0.26344,-0.060258,0.370384,0.382511,-0.451549,0.329062,-0.057565,-0.734084,-0.125564,-0.221804,-0.052384,-0.370575,-0.090124,-0.13238,0.29895,0.154972,-0.17201,-0.496612,0.036264,-0.036198,-0.085142,0.261769,0.412054,0.237859,-0.041815,-0.147851,-0.634894,0.22903,-0.064277,0.221716,-0.014141,0.426111,0.416617,-0.306902,0.03862,-0.009301,0.350235,-0.155047,0.182313,0.024521,0.051644,0.136049,0.131184,-0.219186,0.528595,-0.293956,-0.265066,0.352438,0.184719,0.110597,0.328234,0.274734,-0.048757,-0.252591,0.178464,0.035739,0.04641,0.108048,#
13,0.146146,0.354612,-0.030728,-0.087836,0.109011,-0.077228,-0.191572,0.225544,0.012092,0.327997,-0.47129,0.1008,0.295978,1.0,0.297838,0.099271,-0.204962,0.464118,0.256246,0.027672,-0.246191,0.346107,0.548553,0.289497,0.009483,-0.023302,0.035428,0.070944,0.007985,0.52154,-0.069181,-0.101777,0.376537,-0.102847,-0.173315,0.420066,0.279363,-0.509474,0.192902,-0.183282,-0.086989,0.366126,0.107075,0.366493,-0.197823,-0.328311,0.323791,-0.151396,-0.002121,0.069317,-0.022804,0.049992,0.074363,-0.100956,-0.254273,-0.125434,-0.168521,-0.075182,0.095409,-0.0734,-0.018918,0.244533,-0.250292,0.089748,-0.045418,0.132761,-0.033203,0.302317,-0.135849,-0.046066,-0.111188,0.226305,-0.441409,-0.141393,-0.269761,0.170951,-0.066641,-0.544419,-0.188156,-0.117066,0.060489,-0.313708,-0.283173,0.275854,-0.108038,-0.128791,-0.243116,0.183661,-0.144483,-0.216018,0.410913,-0.181989,-0.494918,0.162584,-0.220245,0.034174,-0.085213,-0.05483,-0.044777,-0.147628,0.111317,-0.132762,0.001355,-0.210304,0.02433,0.041021,-0.030201,-0.205547,-0.112204,-0.255098,0.276169,0.434794,0.194428,-0.038677,0.049634,-0.087441,-0.219634,-0.297109,0.317082,-0.527757,-0.389756,-0.41198,-0.048383,-0.372474,-0.324105,7.4e-05,0.20714,-0.02356,0.014279,-0.10262,-0.100626,0.183749,-0.284819,-0.523459,-0.531733,-0.407855,0.299088,-0.024617,0.018361,-0.313887,-0.023486,-0.330676,-0.395877,-0.318954,-0.265816,0.103203,-0.059345,0.168428,-0.361122,-0.414043,-0.348042,-0.243427,-0.111654,-0.2071,0.024376,0.034689,0.318286,0.20983,-0.049301,-0.064745,0.157358,-0.011838,0.059361,0.071988,0.189767,0.194448,-0.056075,-0.253911,-0.201151,-0.045067,-0.297572,0.137708,-0.354802,-0.029362,0.013799,-0.299716,-0.108097,-0.019268,0.536515,-0.341102,0.15082,-0.324505,-0.230032,-0.230368,0.214068,-0.009023,0.314741,-0.274748,-0.209376,0.128557,0.359637,0.090676,0.046914,0.354746,-0.213873,-0.390239,0.218975,-0.37483,0.375431,0.048453,#
14,0.050103,0.3817,-0.185517,-0.328696,-0.056021,0.228741,0.149636,0.087635,0.07407,0.439669,0.081859,-0.060248,0.222332,0.297838,1.0,-0.022734,-0.117372,0.297649,0.43751,-0.101304,-0.386696,0.355717,0.206735,0.200729,-0.166725,-0.092945,-0.165514,0.03922,-0.093353,0.090235,-0.120435,-0.079571,-0.003797,-0.037161,-0.023928,0.182296,0.113771,-0.146119,0.157868,-0.011493,-0.370746,0.258439,0.144137,0.046338,0.163938,-0.21358,0.224342,0.052654,0.379897,-0.121575,0.103244,-0.170365,-0.266526,-0.309251,0.233105,-0.287617,-0.261401,-0.124932,-0.084289,-0.492236,0.306606,-0.029445,-0.401259,0.304193,0.093461,0.087502,-0.207408,0.184281,0.227419,-0.083826,0.153323,-0.038676,-0.048711,-0.663914,-0.271937,0.275164,0.158613,-0.243584,0.008829,-0.339135,0.044193,-0.604441,-0.561801,-0.067032,-0.294715,0.096456,-0.174044,0.068609,-0.161322,-0.103522,-0.157515,-0.073126,-0.226286,0.274064,-0.475136,-0.161737,-0.359876,-0.217431,0.006808,-0.020004,-0.166747,-0.350693,-0.02602,-0.274966,-0.093539,-0.329157,-0.451968,-0.210872,-0.380141,-0.24366,0.062776,0.455896,-0.290505,-0.265379,-0.301388,-0.284895,-0.189063,-0.323383,0.329602,-0.415815,-0.218065,-0.356325,-0.398098,-0.353476,-0.369083,-0.248042,0.032808,0.376607,0.191406,-0.224214,0.048227,0.024727,-0.555056,-0.266844,-0.200059,-0.297828,0.126974,-0.09003,-0.030391,-0.444972,-0.203136,0.026558,-0.467046,-0.425415,-0.352146,0.225399,-0.114839,0.394078,-0.403171,-0.117214,-0.466956,-0.634462,0.021387,-0.543998,-0.070543,-0.610701,-0.041942,0.149061,-0.495075,-0.327138,0.058574,-0.094762,0.230236,0.268999,0.254345,0.387929,-0.272408,0.086888,-0.374738,-0.04331,0.262568,0.135849,-0.324543,-0.073621,0.547925,-0.356972,-0.220492,0.11291,0.374676,-0.294741,0.46167,-0.273331,-0.058589,0.17667,0.436787,-0.507934,-0.050963,-0.174224,-0.318086,0.198305,0.196123,0.347174,0.44758,0.244791,0.274488,0.051953,0.211183,-0.134299,0.129976,0.186099,#
15,-0.005809,-0.201543,-0.453507,0.052749,0.033453,0.090315,-0.071839,0.145988,-0.261029,0.22933,-0.081706,0.026334,-0.103981,0.099271,-0.022734,1.0,-0.070399,-0.007474,-0.149835,0.138244,0.017195,-0.233587,0.181961,0.137553,-0.045582,0.486556,-0.02679,-0.167698,0.136577,0.090494,0.03836,-0.254989,0.068731,0.100187,-0.157639,0.023228,-0.189976,0.197974,0.231651,0.369006,-0.277783,-0.118502,-0.738148,-0.029457,0.124851,0.185757,0.284902,-0.038636,-0.427726,0.008187,0.267821,0.175983,-0.346034,-0.020911,0.212005,-0.094036,0.215992,0.222995,-0.112335,-0.083116,0.213672,-0.20216,-0.16109,0.050649,-0.013175,0.289112,-0.277915,0.188781,-0.235199,-0.076209,-0.151537,-0.181007,-0.204117,0.272266,-0.018088,-0.037314,0.013751,-0.096332,-0.041682,0.268213,-0.140281,0.178988,0.171142,0.364579,0.367789,-0.2993,-0.050225,-0.051858,0.081052,-0.072023,0.209606,0.279428,0.128505,0.29453,0.084493,0.483262,-0.094413,-0.20098,-0.024345,-0.098747,-0.132472,-0.169784,-0.196573,-0.074288,0.170391,-0.115844,-0.263482,0.367233,0.18616,-0.024899,-0.317355,-0.041934,0.166946,-0.06747,0.045858,0.275595,0.197672,-0.146978,0.226281,0.039772,-0.16525,0.079237,0.21454,0.028393,-0.147866,0.32346,-0.032711,-0.171952,0.207987,-0.228591,-0.400605,0.246267,-0.100574,-0.142686,-0.200856,-0.147028,0.021215,-0.145363,-0.199091,-0.202636,0.370034,0.046707,0.077519,0.047051,0.13298,-0.121864,0.513108,0.070808,-0.103216,-0.137937,0.166946,0.183869,-0.1179,0.226469,0.114407,0.144496,0.111013,0.035853,-0.039906,-2.3e-05,-0.017701,0.062539,-0.206251,-0.201497,-0.302718,0.030038,0.06932,-0.190964,0.177648,-0.029748,0.124853,-0.219591,0.041988,-0.377696,-0.160316,-0.100574,-0.024679,-0.209273,0.013503,0.077162,-0.006084,-0.168628,-0.184323,-0.082051,0.505861,-0.050423,0.306497,0.127468,-0.176385,-0.063004,0.232672,-0.057476,-0.067083,-0.026817,-0.321854,-0.348088,0.084432,-0.227466,0.206369,-0.150014,#
16,-0.013946,-0.043008,-0.244364,-0.043649,-0.123171,0.467205,-0.079904,-0.211581,-0.157063,-0.137596,0.011039,0.351166,-0.092948,-0.204962,-0.117372,-0.070399,1.0,-0.28252,0.106043,-0.167326,0.184985,-0.2987,-0.159723,-0.301286,-0.215816,-0.307573,-0.079909,-0.194415,-0.191011,-0.180097,0.113234,0.428336,0.261653,0.320017,-0.108129,0.126725,0.081348,0.148713,-0.353551,0.186721,0.238307,0.158521,0.137556,0.276773,0.203021,0.049311,-0.225286,0.126514,-0.000914,0.128148,-0.035118,0.032257,0.234177,-0.197023,-0.05322,-0.061047,0.142919,0.095323,0.243272,0.072359,0.12634,0.211511,0.265102,-0.317675,-0.09475,0.035442,-0.224918,-0.127698,0.042366,-0.112187,-0.217322,0.132609,0.207474,0.10227,-0.013605,0.07935,-0.458262,0.156237,-0.077088,0.259513,0.123192,0.142787,0.088787,-0.309408,-0.168821,-0.301751,-0.076104,0.182736,-0.087873,-0.34716,-0.406958,0.192798,0.12958,-0.143855,0.005073,-0.209873,-0.470946,-0.137846,-0.210127,0.119809,0.068195,-0.018697,-0.091257,-0.153816,0.356091,-0.053385,0.351116,0.063682,0.05171,0.050547,-0.085003,-0.033243,-0.184096,0.157522,-0.028935,-0.134857,-0.406107,0.08807,-0.174901,0.065901,0.044617,-0.027635,0.0608,-0.055754,0.045004,-0.154928,-0.406678,-0.14525,0.065433,-0.088976,-0.179222,0.134244,0.116218,0.41848,-0.115189,-0.13222,0.052786,-0.334283,0.286302,-0.03586,-0.432327,0.245324,0.056959,0.45088,0.257736,-0.080173,-0.125018,-0.068618,-0.146028,-0.01718,0.011179,0.158614,-0.03536,0.211201,-0.304558,-0.143516,-0.129916,0.097838,-0.19589,0.088914,0.016106,-0.127728,0.136308,0.17236,0.044332,0.278426,0.06123,-0.024538,0.227806,-0.243287,0.01036,0.22372,-0.06312,-0.188752,0.136473,-0.282775,-0.255097,0.232951,-0.231378,0.132054,-0.485717,0.108954,0.126338,0.295849,0.008761,0.19872,0.231213,0.277778,0.079739,-0.259558,-0.006734,0.31988,0.164194,-0.003029,0.023101,0.245171,0.267962,0.137308,-0.390426,-0.228692,#
17,-0.351088,0.474124,0.363269,0.026979,-0.120887,-0.027563,-0.124596,0.056755,0.378995,0.223672,-0.319747,-0.097514,0.000731,0.464118,0.297649,-0.007474,-0.28252,1.0,-0.01612,0.584946,-0.145814,0.094042,0.280313,0.356681,-0.071313,0.080301,0.127349,0.26175,-0.135433,0.159286,0.179279,0.174972,0.139113,-0.01358,-0.066055,0.050948,0.41401,-0.199342,-0.022204,0.098488,-0.044177,0.240823,0.029756,-0.001346,0.141346,-0.495292,0.250854,0.218821,0.546887,0.02365,-0.050742,-0.333501,0.141602,-0.12438,-0.306501,-0.077013,-0.253278,-0.476049,-0.299216,-0.399981,-0.200174,-0.131087,-0.153899,0.062457,0.074634,0.241847,0.08551,0.286362,0.069251,0.376485,0.179534,0.16924,-0.13342,-0.080667,0.107769,-0.106771,0.307064,-0.377861,0.236044,-0.068874,0.395252,-0.051523,-0.087194,0.312464,0.087736,0.133559,0.040926,0.049524,0.08837,0.178249,0.319888,0.272489,-0.200209,0.453461,-0.141289,0.249352,0.339696,0.128296,0.113507,-0.042344,-0.215328,0.040977,0.141727,0.334326,-0.118347,0.115734,-0.115289,-0.242355,-0.049921,-0.239828,0.459516,0.138002,0.225089,0.182819,0.217085,0.069306,0.06974,-0.295488,0.49457,-0.491603,0.182863,-0.261628,-0.218545,-0.008879,-0.108829,0.068938,0.118361,0.041521,0.076709,0.089438,0.29044,0.224579,-0.033082,-0.457242,0.138213,-0.103745,0.243594,0.10985,-0.056947,-0.048223,0.105115,-0.200045,-0.421676,-0.598376,-0.217062,0.220477,0.243514,-0.050741,0.273131,-0.07103,-0.133191,-0.259564,0.439299,0.028178,-0.187582,-0.111291,0.377743,0.373733,-0.135943,0.211729,0.188738,0.264923,-0.063577,0.250989,0.153169,0.14282,0.279004,-0.157215,-0.122992,0.270303,-0.375296,-0.212093,-0.132229,-0.103144,-0.021845,0.141744,0.083489,-0.016738,0.33652,-0.521116,0.14822,-0.216415,-0.581199,-0.364742,-0.208226,-0.041116,0.027451,-0.030613,-0.413467,-0.188214,0.279372,-0.352797,-0.173816,0.20094,-0.244313,-0.068432,-0.105757,0.188493,0.559003,0.180677,#
18,-0.062417,-0.025451,-0.129679,-0.02821,0.081447,-0.198289,0.014905,0.067164,0.085331,0.097987,0.150571,-0.097903,0.196971,0.256246,0.43751,-0.149835,0.106043,-0.01612,1.0,-0.305077,-0.119539,-0.027128,0.085756,0.046138,-0.060213,0.055552,-0.106673,0.250829,-0.160504,0.272335,0.015068,0.155886,0.091483,0.214515,0.239744,0.142836,0.126081,-0.331222,-0.091523,-0.195602,-0.030304,0.332525,0.371154,0.314058,-0.049254,-0.075324,-0.005255,-0.279246,0.218599,-0.130056,-0.148542,0.195869,-0.033865,-0.195246,0.181015,-0.148468,-0.200049,0.099134,0.082022,-0.077925,0.060704,-0.001478,-0.080923,0.508115,-0.009099,0.03936,-0.079704,0.035568,0.129499,-0.177885,-0.070837,-5.8e-05,-0.24199,-0.341771,-0.044829,0.305594,0.080257,0.028612,0.228441,-0.385884,-0.001831,-0.220764,-0.482815,-0.1125,-0.40155,-0.07764,-0.14468,0.418299,-0.182734,-0.26089,-0.040318,-0.090471,0.054889,-0.06389,-0.394519,-0.10818,-0.180314,-0.324145,-0.228472,-0.167032,-0.104718,-0.043181,0.402442,-0.4172,0.066473,-0.000506,-0.127263,-0.121355,0.00724,-0.020666,-0.185397,0.401251,-0.288836,-0.045063,-0.198872,-0.138465,-0.081233,-0.270539,-0.279127,0.031173,-0.377512,-0.185697,-0.193423,-0.224106,-0.080222,-0.35455,0.155847,0.383816,-0.219116,-0.073429,0.000637,-0.176766,-0.259774,0.050959,-0.101807,-0.250145,0.048626,-0.085633,-0.103023,-0.214548,-0.297899,0.246428,-0.126752,-0.225215,-0.183292,-0.071854,-0.283348,0.253477,-0.42326,-0.329472,-0.501495,-0.220053,-0.091474,-0.432761,-0.134314,-0.466623,-0.060199,0.07066,-0.337055,-0.380596,-0.11258,0.055989,0.293449,-0.020703,0.249776,-0.040107,-0.246086,0.201612,-0.062598,0.11043,0.207867,0.409606,-0.178003,-0.209438,0.433036,-0.000933,0.043433,0.288787,0.12016,-0.101487,0.085584,0.099638,0.377789,0.327494,0.412395,-0.236128,0.097982,-0.203562,0.097651,0.191858,-0.186537,0.358398,0.456375,0.111971,0.050031,0.130048,0.472082,-0.067505,-0.450907,-0.012368,#
19,-0.095138,0.221208,0.246906,0.278374,-0.01703,0.034908,-0.208774,0.115239,-0.021793,-0.016942,-0.046174,-0.338941,0.055031,0.027672,-0.101304,0.138244,-0.167326,0.584946,-0.305077,1.0,0.28102,0.110744,0.076148,0.116307,-0.119199,0.030056,0.000102,-0.143164,0.112759,-0.091804,0.435265,0.213355,0.06767,0.150313,-0.135359,-0.351092,0.343676,0.228589,-0.302217,0.068684,0.138809,0.103515,-0.195668,0.094347,0.091975,-0.375109,0.380564,0.202093,0.383177,-0.169065,-0.142846,-0.041747,0.294352,-0.073914,-0.277738,0.169059,-0.233205,-0.229468,0.018992,-0.356071,-0.165034,-0.163201,-0.09588,-0.104128,0.105477,0.152374,0.099931,0.304472,0.038232,0.190635,0.301713,0.095044,-0.162576,0.192316,0.189228,-0.073172,0.370184,0.028424,0.461046,0.202275,0.287845,0.354672,0.365283,0.424668,0.194712,0.035051,0.447814,-0.058663,0.361374,0.105823,0.279406,0.192535,0.157319,0.34812,0.126188,0.527479,0.392552,0.190963,0.153967,0.084508,-0.549365,0.168243,0.212524,0.439289,0.298513,0.214066,-0.002495,-0.309145,0.063805,-0.14041,0.353612,-0.113005,0.116771,0.452062,0.438546,0.204188,0.058149,-0.044964,0.209804,-0.201154,0.27187,0.014478,-0.128767,-0.039258,0.013716,0.519458,-0.108992,-0.057528,0.112239,0.215743,0.206571,0.34786,0.399448,-0.314855,0.200833,0.043114,0.208274,0.030986,-0.075486,0.188588,0.190821,0.034839,0.070047,-0.266358,0.21229,0.259175,0.382438,-0.31343,0.673395,0.054656,0.281884,0.073304,0.517773,0.44244,0.038451,0.149206,0.40933,-0.000848,0.132114,0.176439,0.083574,0.214535,-0.380891,0.071705,-0.035084,-0.093173,0.588172,-0.301992,0.053017,0.209811,-0.466,-0.244366,0.154923,0.164304,-0.252454,0.195357,0.206119,-0.414469,-0.072406,-0.105379,-0.080423,-0.157282,-0.434931,-0.268866,-0.461585,0.110182,0.272862,0.02252,-0.024397,-0.442471,0.315276,-0.577408,-0.265673,-0.185749,-0.288371,-0.063574,-0.364927,0.471368,0.425354,-0.087289,#
20,0.150021,-0.358587,0.004448,0.373222,-0.092044,-0.031307,-0.439828,-0.103346,-0.332967,-0.458091,0.192405,0.172474,-0.389325,-0.246191,-0.386696,0.017195,0.184985,-0.145814,-0.119539,0.28102,1.0,-0.317588,-0.524118,-0.167429,0.109483,0.106882,-0.246895,-0.041196,0.050103,-0.087183,0.333026,0.169981,-0.060164,0.190151,0.017355,-0.494185,0.078828,0.147785,-0.2362,0.116901,0.369622,0.078818,-0.020927,0.202593,-0.285966,0.076959,-0.062657,-0.054425,-0.051492,-0.288443,-0.04808,0.032504,0.367463,0.095775,-0.014332,0.066481,-0.308839,0.215334,-0.086107,0.069644,-0.369665,0.144783,0.400464,-0.215193,-0.082474,-0.184568,-0.047434,-0.09022,-0.353067,-0.222133,-0.007772,-0.111755,0.147839,0.593829,-0.051782,-0.350664,-0.191248,0.441382,0.026207,0.442701,0.020664,0.579575,0.622164,-0.004516,-0.032358,-0.365574,0.215143,0.076949,0.437233,0.184524,-0.10073,-0.030767,0.412444,-0.205296,0.26037,0.282746,-0.033975,0.305789,-0.162567,0.316838,-0.043196,0.180473,-0.213924,0.02661,0.411227,0.283055,0.197557,0.260769,0.422216,0.405993,-0.087493,-0.080552,-0.109375,0.513096,0.379125,0.474687,0.133716,0.212306,-0.047725,0.373848,0.037801,0.142655,-0.018528,0.374123,0.193943,0.073208,-0.47932,-0.372379,-0.194584,0.300517,0.272068,0.016129,0.339623,0.056503,-0.051531,0.114677,0.231238,0.265835,0.164546,0.417994,-0.073949,0.063895,0.468314,0.212059,0.135173,-0.250654,0.317288,-0.696707,0.280399,0.443357,0.052999,0.325382,0.104507,0.511929,-0.047265,0.183481,0.038191,-0.212036,0.321479,0.211154,-0.165385,-0.079756,0.101894,-0.226115,-0.393355,-0.537342,0.290043,-0.215885,0.518369,-0.065264,-0.220469,0.00835,0.34269,-0.121664,-0.522781,0.339623,0.119968,-0.394766,-0.534758,0.681882,-0.22411,0.238895,-0.058992,-0.059801,-0.209797,0.557295,0.047974,0.326063,0.543714,-0.270403,-0.021871,-0.187049,-0.212619,-0.498804,-0.286868,-0.022853,0.024157,0.176945,-0.003791,-0.213111,#
