0,1.0,0.13414,0.218831,0.091515,0.345609,-0.007794,-0.082728,-0.004047,0.142015,0.034286,-0.479668,0.110483,-0.101516,0.095523,0.120396,-0.15231,0.003244,-0.093081,-0.117542,-0.021199,-0.189412,-0.034235,-0.312383,-0.173671,0.225928,-0.261808,0.161638,-0.234206,0.411368,0.18436,-0.525202,-0.114723,-0.188494,0.002235,-0.083314,0.138154,-0.186776,-0.066878,-0.202079,0.202907,-0.200691,-0.139827,-0.425367,0.040549,0.009599,0.005261,0.207764,0.139715,0.010864,0.431284,-0.233269,-0.232033,0.356043,-0.055595,0.132795,-0.109076,0.141679,0.064236,-0.053191,0.174992,0.186106,0.323513,0.187166,-0.20164,-0.233535,-0.079208,-0.067766,-0.041519,0.072002,-0.116575,-0.036113,-0.239035,0.103892,-0.116569,-0.327204,0.146578,-0.094563,-0.285473,-0.009606,-0.30387,-0.025781,-0.25456,-0.0901,-0.385601,0.021516,0.029963,-0.43154,-0.021315,-0.090486,-0.323395,-0.060986,-0.128036,0.130197,0.040584,-0.072617,-0.154228,-0.129796,-0.15267,0.154058,-0.221685,-0.027104,-0.050381,-0.094399,-0.024866,-0.041402,-0.039089,0.275005,-0.098013,0.012832,-0.51364,-0.085284,0.0,0.154142,-0.303381,-0.159813,-0.246541,-0.078578,-0.119308,0.134411,-0.285268,0.254751,-0.134459,-0.193754,0.084376,0.093206,-0.143409,0.072296,-0.086906,-0.178945,0.095055,-0.014272,-0.311893,-0.20948,0.228029,-0.37437,-0.147521,0.002455,-0.060986,0.100626,-0.149553,-0.021779,-0.480735,0.15947,-0.335739,-0.249393,-0.0494,0.056836,0.109634,-0.137226,0.057246,-0.283975,-0.072528,0.424976,-0.268891,0.046466,0.254594,0.001214,0.11025,-0.15257,0.128461,-0.1404,0.003058,0.387753,-0.100593,-0.15615,0.066747,0.108437,0.115724,-0.083577,-0.340381,0.028022,0.061571,0.16218,-0.11034,0.115054,-0.098051,0.174809,0.082097,0.140235,-0.33235,0.012281,-0.134421,-0.010572,0.076012,0.063549,-0.2213,0.527695,-0.326179,0.056565,0.288109,-0.386089,0.094771,-0.044662,0.116355,-0.522097,0.061126,-0.153703,-0.331056,0.19237,-0.144763,#
1,0.13414,1.0,-0.249583,0.029249,0.489812,0.266435,0.23542,-0.229974,0.023312,0.401577,-0.060727,0.076035,0.196084,0.261649,-0.034276,0.041238,0.02635,0.011677,-0.352075,0.268156,0.091164,0.460508,0.155759,-0.100104,0.068632,-0.192739,0.146888,0.053941,0.215388,0.470321,-0.586156,-0.188542,0.108834,-0.409347,0.02908,0.232588,0.072238,-0.715317,-0.183798,0.320159,0.059201,-0.063844,0.171224,-0.032036,0.054166,0.193461,0.129638,0.313834,-0.031104,0.226225,0.217585,-0.491978,0.197073,0.013008,0.069311,-0.221357,0.129652,0.249972,0.272629,0.075807,0.117829,0.011683,0.138759,0.263766,-0.196042,0.102579,-0.031255,0.344746,0.479486,0.127907,-0.317245,-0.432472,0.161194,-0.222883,-0.405033,0.080699,-0.427336,-0.026365,-0.311159,-0.216978,-0.14023,-0.522575,-0.193043,-0.161446,-0.249046,-0.298572,-0.302505,-0.346929,-0.019877,-0.239952,-0.361525,-0.243677,0.040214,-0.467197,-0.516132,-0.282374,-0.529279,-0.616517,-0.346006,-0.346296,0.043348,-0.162169,-0.149207,-0.135913,-0.119923,-0.189919,-0.352016,-0.400869,-0.281195,-0.10086,-0.090725,0.0,-0.508578,-0.422617,-0.064063,0.013975,-0.391308,-0.288995,0.197236,-0.226383,-0.248288,-0.260241,-0.244495,-0.349991,-0.276199,-0.076734,-0.214362,0.119458,0.215033,-0.239941,-0.087392,-0.25863,-0.096148,0.17548,-0.462579,-0.282374,-0.230025,-0.540426,0.262231,-0.436863,-0.324867,-0.306352,0.03689,-0.424386,-0.157961,-0.012263,-0.050695,0.188874,-0.212544,-0.057523,-0.570041,-0.355271,-0.350258,-0.065167,-0.006857,-0.076297,-0.048433,0.48059,-0.238919,-0.33105,-0.018314,-0.230072,-0.12105,0.171441,-0.240104,0.539448,0.188151,-0.42265,0.132349,-0.27621,0.122417,0.012381,-0.388472,0.061975,0.224056,-0.152339,-0.271924,-0.028342,0.411758,-0.613397,0.273085,-0.193743,-0.042497,0.404059,0.364705,-0.332885,-0.053639,-0.4256,-0.030814,0.400888,-0.403582,0.403921,0.464238,0.424022,0.29883,-0.240817,0.311713,-0.223401,-0.161818,0.341932,#
2,0.218831,-0.249583,1.0,0.185304,0.018961,-0.082624,0.055746,0.166734,0.364937,-0.12188,0.016997,0.078806,-0.35271,0.150325,0.114879,-0.291991,-0.353938,0.016945,0.080212,0.376274,-0.579477,-0.385978,-0.175979,0.042942,0.001162,-0.219401,0.003748,-0.119685,0.224693,-0.340485,0.239361,0.372408,-0.472793,0.020536,-0.239122,-0.134434,0.051577,0.124676,-0.282784,-0.444433,-0.550603,0.147085,-0.327218,-0.009076,-0.119245,-0.260843,0.209489,-0.080715,-0.29842,0.388582,-0.285395,0.323075,0.063646,0.003118,-0.144381,0.097857,0.075902,-0.332002,-0.416653,-0.034079,0.316218,0.442933,0.173865,-0.202787,-0.111189,0.011024,0.243887,-0.157268,-0.216205,-0.024516,0.358682,0.097599,-0.020051,0.129388,-0.051712,0.21321,-0.132143,-0.295322,0.072888,-0.041434,0.247884,-0.06544,-0.133137,0.337894,-0.118521,0.225187,-0.24031,0.00901,0.019483,-0.139484,0.167994,0.016483,0.104578,0.425697,-0.000712,0.134202,0.122867,-0.148284,0.155278,0.212188,-0.433083,-0.453725,0.047936,0.340683,-0.040335,0.032659,0.309942,0.222885,0.09459,-0.062808,0.2365,0.0,0.186553,0.185577,0.110375,-0.093951,-0.074346,0.13374,0.217556,0.071615,-0.137556,0.494019,-0.052511,0.031036,0.027169,0.210954,0.059536,-0.169402,-0.20638,-0.151486,0.334631,0.17582,-0.296867,-0.065494,0.218705,0.118059,0.150696,0.503548,-0.253342,0.026093,0.524487,-0.14847,-0.028355,0.166588,0.286868,0.301655,0.043993,0.078703,-0.133661,0.037512,0.155568,0.480653,0.380991,0.359366,0.400976,0.016042,-0.054179,0.111076,0.213757,0.022078,-0.310037,-0.125067,0.415296,0.030212,0.105432,-0.117243,-0.119883,0.266008,0.360275,-0.225535,-0.138582,0.318358,-0.069851,0.065636,-0.043561,0.273251,0.196765,0.486999,0.111206,0.081596,0.187182,-0.062789,-0.087122,-0.029696,-0.128775,0.32611,0.253886,0.396503,-0.281119,0.170805,0.16352,-0.458694,-0.140142,0.179645,-0.58811,-0.340521,-0.039725,-0.130039,0.194013,0.151904,#
3,0.091515,0.029249,0.185304,1.0,-0.122124,-0.241966,0.028538,0.095866,-0.273038,0.146115,0.012385,0.038164,-0.00717,-0.256356,0.024742,0.373254,-0.168958,-0.185191,-0.246411,0.066139,-0.405431,0.109105,-0.548511,0.185896,-0.063906,-0.04645,-0.135292,-0.219095,0.043,-0.258392,-0.108119,-0.174557,0.046404,0.157804,0.190372,-0.412886,0.036239,0.073098,-0.332116,0.072869,-0.315088,0.119371,0.004892,-0.070073,0.336484,0.489302,-0.429001,-0.568544,0.128981,0.123786,-0.205334,0.195318,0.33268,-0.059987,-0.053069,0.011319,-0.050027,0.113714,-0.363584,-0.260934,0.056382,0.181033,0.439248,0.098077,0.021485,-0.519361,-0.276342,-0.339684,-0.368273,-0.114206,-0.119322,0.166874,0.238843,0.096918,-0.07928,0.239434,-0.087623,0.339097,0.415626,-0.240502,0.264275,0.064291,0.166652,-0.146915,0.209303,0.121862,0.413856,-0.096605,0.005206,-0.120073,0.326601,0.018462,0.424891,0.135528,0.014519,-0.191725,-0.057574,0.140969,-0.123061,0.294654,-0.122762,0.228174,0.351243,0.210593,0.263425,0.064336,0.049537,0.212871,-0.367042,-0.048981,-0.424893,0.0,0.049536,0.194344,-0.26944,0.360667,0.283625,0.08693,-0.426396,0.405678,0.256859,0.175775,0.021087,0.345176,0.006861,0.053157,-0.067316,-0.372072,-0.267185,0.275236,-0.140896,-0.310636,0.155279,0.372809,0.063141,0.320173,0.336477,-0.002155,-0.406574,0.13003,0.039814,0.170681,0.153997,-0.054008,0.408472,0.338816,-0.094502,-0.53576,-0.030434,-0.276003,-0.117491,-0.097373,0.106064,0.240726,0.228891,0.24672,-0.333048,-0.110396,0.123826,0.079484,0.279095,0.064821,0.299315,-0.162286,-0.431128,-0.297018,-0.249594,-0.027926,0.412627,-0.164481,-0.117619,-0.353312,0.017261,0.129871,-0.052332,-0.033906,-0.075632,0.010274,-0.367386,-0.181935,-0.124687,-0.444741,0.393136,0.252927,-0.293558,0.020081,-0.289847,-0.040054,0.301239,-0.28255,-0.280758,0.078167,-0.351497,-0.172537,-0.085725,-0.069615,-0.213449,-0.027271,0.067502,0.036965,#
4,0.345609,0.489812,0.018961,-0.122124,1.0,0.151263,0.220549,0.102168,0.317354,0.265491,-0.437469,0.32373,0.313595,0.328295,-0.024697,-0.109168,-0.118837,0.197053,-0.0854,0.174542,0.209303,0.141124,0.312052,-0.135502,-0.354093,-0.533049,0.324304,-0.133145,0.330256,0.213822,-0.350393,0.181625,0.110108,-0.291496,-0.143851,0.179113,0.186451,-0.548277,-0.282827,-0.102205,0.1087,0.420986,-0.046559,-0.30512,0.138051,-0.089435,0.319015,0.594398,0.108321,0.06561,-0.103943,-0.629342,0.356683,-0.377058,0.027898,-0.285423,-0.124183,-0.073913,0.333107,0.178558,-0.06193,0.2704,0.078667,-0.471138,-0.316136,0.327894,0.217997,0.272871,0.442465,0.103493,-0.06583,-0.557847,0.033685,-0.395998,-0.363577,0.117307,-0.34255,-0.443514,-0.372684,-0.350361,-0.386595,-0.544933,-0.142947,0.029629,-0.313774,-0.0913,-0.423595,-0.146145,-0.002347,-0.275231,-0.477869,-0.45906,-0.073796,-0.401134,-0.130252,-0.242049,-0.429268,-0.496031,-0.148818,-0.447567,-0.334231,-0.29747,-0.142555,0.021252,-0.043484,-0.336329,0.116174,-0.53053,-0.08436,-0.549393,0.234929,0.0,-0.326871,-0.616977,0.102029,-0.045331,-0.25146,-0.398139,0.185958,-0.434586,0.180946,-0.158096,-0.261028,-0.619285,-0.096389,0.332372,-0.236133,0.328351,0.10474,-0.498917,-0.05938,0.023574,-0.278155,0.099031,-0.446226,-0.21267,-0.128926,-0.139684,0.351898,-0.329082,0.00343,-0.150993,-0.097258,-0.242974,-0.372991,-0.144076,0.197599,0.439171,-0.499733,-0.158555,-0.685414,-0.066813,0.174899,-0.499534,-0.045438,-0.013806,0.151417,0.441441,-0.315813,-0.1524,0.039724,0.140321,-0.08406,0.361641,-0.049193,0.204591,0.19308,-0.140159,-0.157673,0.102664,-0.26733,0.441149,-0.266796,-0.35645,-0.061107,0.046166,-0.213615,0.037642,0.424917,-0.402857,0.343403,-0.165056,-0.091162,0.105862,0.194532,-0.381621,0.16131,-0.323138,-0.272815,0.196719,-0.286374,0.177311,0.381096,0.396538,0.081559,-0.030081,0.271373,-0.313473,-0.143505,-0.074781,#
5,-0.007794,0.266435,-0.082624,-0.241966,0.151263,1.0,0.075715,0.119243,0.11662,-0.34803,0.090424,0.196677,-0.231462,0.108602,0.077887,-0.183767,0.367781,-0.00754,-0.102757,-0.076202,0.004627,0.331946,0.262304,-0.350538,0.188036,-0.305096,0.001528,-0.065358,-0.019476,0.202305,-0.087746,0.090711,-0.076279,-0.193994,-0.21103,0.328479,0.023869,0.012889,0.002831,0.007659,0.075416,-0.224753,0.015092,-0.145962,-0.380504,0.168598,0.137853,0.152615,0.028275,0.088915,0.218626,0.037785,0.195656,-0.177361,0.305633,0.165105,-0.127712,0.275044,-0.039134,0.045118,0.008268,-0.116528,0.19465,-0.005275,-0.082757,-0.045958,-0.01361,0.182757,0.115213,0.133936,-0.222099,-0.17027,-0.303647,-0.483503,0.168554,0.248728,-0.372771,-0.066435,0.000739,-0.251928,-0.151484,-0.340198,0.089336,0.10289,-0.198983,0.154372,-0.19676,-0.031694,0.048737,-0.162624,0.234918,-0.083772,0.159715,-0.324987,-0.253849,-0.44679,-0.042807,-0.082319,-0.020296,-0.390809,0.170856,-0.152133,0.080905,-0.410547,-0.241743,-0.281601,0.003641,-0.368763,0.006815,0.024278,-0.023377,0.0,-0.09798,-0.558281,0.226996,-0.144855,-0.18733,-0.198297,0.302749,0.113113,-0.010108,-0.255284,-0.00633,-0.085294,0.325895,-0.037584,0.163997,0.212751,0.320433,-0.190514,0.161193,-0.022163,0.088749,-0.367459,0.041357,0.076282,0.112608,-0.092064,-0.059142,-0.287122,-0.2541,-0.102437,-0.112218,0.093907,-0.008055,-0.064434,0.171847,0.08711,-0.118852,-0.361033,-0.050027,0.051073,0.095327,-0.08123,-0.230595,-0.206262,0.108999,0.159697,-0.082264,0.155442,-0.002285,0.141194,-0.175762,-0.022465,0.172732,0.340398,-0.0796,-0.175941,0.089844,-0.088995,0.185198,0.069091,-0.117876,0.07872,0.013318,0.074743,-0.088396,0.352632,0.252308,-0.225699,0.00156,0.074282,-0.11606,0.349455,0.336806,-0.168691,-0.001827,-0.097955,-0.225281,0.356701,0.122806,0.168104,0.35235,0.376974,0.332692,0.121265,0.243898,-0.097231,0.038969,0.286417,#
6,-0.082728,0.23542,0.055746,0.028538,0.220549,0.075715,1.0,0.335557,0.099182,-0.106169,0.213832,-0.321509,-0.034991,0.108747,0.137999,-0.014937,0.092713,0.113807,0.306661,0.162246,0.243301,0.415352,0.10985,-0.142831,-0.229522,-0.064367,0.26589,-0.029126,0.40271,-0.050887,-0.191032,0.202227,0.430818,-0.429129,0.034924,0.06924,0.09338,-0.122254,-0.328502,-0.296901,-0.157512,0.168726,0.336165,-0.327432,-0.142297,-0.152191,0.016809,0.119274,0.083493,0.179582,-0.213042,-0.267945,-0.048295,-0.086159,-0.276322,-0.267965,0.357747,-0.172559,-0.020046,0.198616,0.03231,0.042566,-0.253743,0.061013,-0.300531,-0.138174,0.196857,0.161945,0.035063,0.202077,-0.11788,-0.228116,-0.001931,-0.086414,-0.066686,0.245322,-0.085077,-0.331987,-0.556681,-0.193388,-0.251482,-0.290055,-0.196211,-0.113839,-0.239884,-0.071506,-0.140476,-0.28132,-0.031677,-0.071036,-0.321171,-0.166833,-0.058002,-0.185613,-0.19746,-0.0143,-0.468973,-0.253445,-0.61364,-0.129527,0.091679,-0.409193,-0.273966,-0.125377,0.008062,-0.16334,0.201901,-0.274301,-0.08611,-0.012357,0.14039,0.0,-0.124993,-0.149902,-0.014459,-0.021844,-0.259169,-0.098131,-0.019361,0.059957,-0.079234,-0.125755,-0.169846,-0.187703,-0.279272,0.24215,-0.407891,0.242142,0.415186,-0.405939,-0.092973,-0.230437,-0.181094,0.080888,-0.135937,-0.154966,0.093511,-0.17602,-0.135762,-0.229855,0.043737,-0.177374,-0.013499,0.080616,-0.237808,-0.183881,-0.038924,0.17495,-0.040806,-0.072034,-0.140769,-0.07394,0.056771,-0.088589,0.274038,-0.098697,-0.24548,0.436405,-0.368329,-0.238586,0.083612,-0.154488,-0.243758,0.095847,-0.257227,0.23103,-0.15386,-0.104782,-0.112363,0.028808,0.069615,0.117697,-0.335274,-0.034523,-0.083184,0.149038,-0.149884,0.287441,0.302938,-0.191385,0.261711,-0.091006,0.238901,0.454386,0.048876,-0.075329,-0.09216,-0.040539,0.119212,-0.033458,-0.181645,0.274974,0.213647,0.295006,0.158492,0.041938,0.162832,-0.217628,-0.045412,0.098995,#
7,-0.004047,-0.229974,0.166734,0.095866,0.102168,0.119243,0.335557,1.0,-0.065763,-0.338237,-0.08206,-0.039004,0.131762,0.240363,0.491705,0.217187,-0.13618,-0.411229,0.279017,-0.205493,-0.11305,0.292765,0.053468,-0.351524,-0.207248,-0.0833,0.187418,-0.223894,0.309334,-0.207158,-0.096895,0.360215,0.13415,-0.35141,-0.208756,0.161997,0.170196,0.261225,-0.108803,-0.352927,-0.011478,0.447558,0.135775,-0.060238,-0.136224,0.028678,0.332317,-0.165318,0.021483,-0.031409,-0.483784,-0.056157,-0.203947,-0.622035,-0.139441,0.076977,-0.139557,0.077803,-0.317755,0.117312,-0.305258,0.021436,-0.191527,0.150929,0.090413,0.203494,0.171744,0.201904,-0.126315,-0.414285,-0.073225,-0.307772,-0.108708,-0.325801,0.049069,0.129475,-0.005673,-0.15676,-0.383545,-0.451455,-0.126683,-0.537179,0.079592,-0.300918,-0.119428,-0.029017,-0.084973,-0.300893,-0.178638,-0.122824,0.079636,-0.120608,0.11478,-0.276566,-0.181899,0.205972,-0.409782,-0.047009,-0.300897,-0.408064,0.061868,-0.300893,0.167914,-0.301063,-0.383519,-0.30045,0.241934,-0.442782,0.209044,-0.276553,-0.077835,0.0,-0.062569,-0.10114,-0.21099,0.029853,-0.09092,0.013246,-0.300235,0.149742,-0.000297,-0.354034,-0.173924,0.077579,0.15535,0.11072,-0.32655,-0.143664,0.123853,-0.252958,-0.081518,-0.119428,-0.248489,-0.2988,-0.1587,-0.015185,0.27847,0.079636,-0.141112,-0.328604,-0.061195,-0.262925,-0.275242,0.158327,-0.26603,-0.210809,-0.252812,-0.099565,-0.33228,-0.252812,0.054344,0.236598,0.353042,0.020748,-0.175899,-0.252681,0.356584,-0.004777,-0.590109,-0.039677,-0.277418,-0.136195,-0.276394,-0.177871,-0.450976,0.080096,-0.300114,0.125083,-0.252882,-0.036811,-0.108086,0.163761,0.029853,-0.123209,0.105739,0.16529,-0.160971,0.122844,-0.143343,0.143345,0.138261,0.31533,0.290681,0.246139,0.078598,-0.273288,0.106776,0.211279,0.054087,-0.053382,-0.318078,0.446067,0.281753,0.071234,-0.106091,-0.013615,0.047894,-0.073708,0.111631,0.122782,#
8,0.142015,0.023312,0.364937,-0.273038,0.317354,0.11662,0.099182,-0.065763,1.0,-0.03928,0.068265,0.188216,-0.053162,0.386591,-0.401099,-0.424007,-0.058501,0.506483,0.331853,0.293196,-0.097091,-0.368777,0.162595,-0.274406,-0.0846,-0.215895,0.291672,0.309139,0.21002,-0.069824,0.11364,0.240587,-0.194514,-0.180525,-0.200374,0.146838,0.379554,-0.320282,-0.240549,-0.142357,-0.26818,0.284053,-0.391159,0.083074,0.18622,-0.54004,0.315814,0.477083,-0.233715,0.342079,0.160983,-0.195808,0.152715,0.302386,-0.219972,0.204394,0.185498,-0.171956,0.249136,0.158559,-0.354361,0.206378,-0.144343,-0.276005,-0.33118,0.101781,0.537129,0.145223,0.155311,0.311972,0.281081,-0.084211,-0.24034,-0.04697,-0.001021,0.144425,0.128491,-0.600722,-0.066218,-0.003963,-0.214915,-0.156485,-0.134475,0.336267,0.023925,0.205307,-0.331022,-0.032441,0.014725,-0.285286,0.028199,0.012927,-0.222258,0.242116,-0.137978,0.075888,0.077641,-0.255647,-0.03533,0.004394,-0.398867,-0.347312,-0.246359,0.147084,-0.037277,0.147685,0.185406,0.182173,0.049767,-0.082633,0.396812,0.0,0.317611,-0.127024,0.32097,-0.508419,0.055669,0.011988,0.533839,-0.119959,0.111645,0.186261,-0.11376,-0.439386,-0.025282,0.181645,-0.092598,0.36006,-0.263651,-0.054706,0.440045,0.512095,-0.259001,0.06175,0.148017,-0.112938,0.182967,0.377054,0.287579,0.12108,0.497163,0.070284,-0.116156,0.187676,0.021676,-0.308692,0.319977,0.599098,0.1239,0.32684,0.020222,0.190603,0.28566,-0.198661,0.121772,-0.064413,0.029087,0.217522,0.13413,0.146768,0.005718,-0.068381,0.046965,0.555581,0.322416,-0.110991,-0.185956,0.101393,0.130492,0.055353,-0.297565,0.17507,0.188653,-0.012389,-0.387685,-0.021694,0.075481,0.196966,0.267475,-0.235728,0.174078,-0.012424,-0.570567,-0.170537,-0.128447,0.315788,0.352831,-0.048356,-0.617185,0.152453,0.336718,-0.357344,-0.09698,0.080809,-0.246079,0.0875,-0.031216,-0.056335,0.130941,0.051227,#
9,0.034286,0.401577,-0.12188,0.146115,0.265491,-0.34803,-0.106169,-0.338237,-0.03928,1.0,0.089194,0.180239,0.26163,0.177319,-0.292816,0.040512,-0.039724,0.166978,-0.347941,0.1341,0.124163,-0.019864,0.097257,0.247755,-0.074864,-0.009791,-0.137144,-0.310134,0.182393,0.140651,-0.32278,-0.221935,-0.106084,0.252024,0.467205,-0.038077,0.05196,-0.416655,-0.148395,0.101624,-0.096403,0.171829,0.105536,-0.12358,0.208589,0.177099,-0.108924,-0.01819,-0.179755,0.258654,0.116072,-0.168968,0.122622,0.15153,-0.130143,-0.319564,-0.04323,0.058657,0.336066,0.158356,0.115336,-0.020017,0.248971,0.003595,-0.14695,0.08997,0.024198,-0.090834,0.204063,-0.082304,-0.169011,-0.120529,0.175647,0.007497,-0.118472,-0.200612,0.049519,0.166942,0.108147,0.21724,-0.272725,-0.03663,-0.382993,-0.038239,0.246347,-0.479914,-0.131122,-0.018385,-0.211528,0.249457,-0.39386,-0.131751,-0.064322,0.095018,-0.176576,0.08155,-0.218932,-0.39524,-0.22754,0.131042,-0.080195,0.321527,-0.091938,0.127959,0.299902,-0.041622,-0.250118,0.0833,-0.480358,0.08862,-0.177431,0.0,-0.199709,0.04665,0.040484,0.187987,-0.175488,-0.180704,0.170994,-0.140088,0.05959,0.241839,-0.25119,-0.202891,-0.255181,0.271834,-0.361834,-0.076955,0.080636,0.22471,-0.135993,0.240685,-0.080291,0.570064,-0.298789,0.106504,-0.331317,-0.371724,0.125047,0.011435,-0.042396,0.1067,0.274547,-0.150427,0.162025,0.315963,0.260441,0.043879,-0.192346,0.035714,-0.523537,-0.245113,-0.504494,0.052189,0.208257,0.04041,-0.123266,0.449738,0.205436,-0.227122,0.120001,0.241357,-0.296489,0.34912,-0.13576,0.025339,0.154528,-0.076137,0.026368,0.120208,0.111255,-0.219959,-0.010427,-0.306638,-0.044364,-0.053011,-0.471488,0.104258,0.133846,-0.147787,0.260692,-0.163714,0.002481,-0.017821,0.008164,-0.078744,-0.008863,0.010256,-0.03419,0.343866,-0.221182,-0.016593,-0.085067,0.033525,-0.033025,-0.318099,0.239219,0.013094,0.09741,0.124448,#
10,-0.479668,-0.060727,0.016997,0.012385,-0.437469,0.090424,0.213832,-0.08206,0.068265,0.089194,1.0,0.119355,-0.32331,0.034784,-0.135673,-0.04852,0.395363,0.103715,0.23187,0.028369,0.120209,0.250515,0.019361,0.19983,0.237878,0.420388,-0.371833,0.063338,0.104741,0.245248,0.102545,-0.100599,-0.240825,0.024722,0.253033,0.22843,-0.073936,-0.039564,0.025434,-0.078653,-0.357533,-0.170391,0.324958,-0.148772,-0.108986,0.063964,-0.254098,-0.510786,0.044854,0.047184,0.214062,0.201604,-0.313646,0.391557,-0.319283,0.117872,0.070488,-0.102499,-0.032749,-0.080851,0.0126,-0.211703,0.182067,0.258683,0.101921,-0.098865,0.037292,-0.08202,-0.141745,0.090162,-0.217936,0.185656,0.001882,0.103253,0.288394,0.223778,-0.124156,0.03001,-0.06752,0.156981,0.111963,0.127132,-0.301061,0.341036,0.079816,-0.261016,-0.016572,-0.276509,-0.158741,0.235781,0.025495,-0.003771,-0.22016,0.245769,-0.31721,-0.036885,-0.101518,0.047093,-0.442074,0.153645,0.147708,0.062149,-0.337366,-0.0225,0.156868,-0.002737,-0.064092,0.102744,-0.253325,0.58784,-0.198155,0.0,-0.158819,0.334087,0.022132,0.06926,-0.238658,0.03899,0.241153,0.374309,-0.305335,0.183953,-0.232917,0.020955,0.038082,-0.081809,-0.232189,-0.228713,0.324904,0.045444,0.162124,0.066921,0.034794,0.01519,0.262711,0.294231,0.159939,-0.142159,-0.149365,-0.122039,0.164932,0.136265,0.134039,0.239947,0.136882,0.146043,0.060672,-0.138676,0.232695,-0.116478,0.255344,0.035296,-0.407793,0.174105,-0.034118,-0.473581,-0.252155,0.10146,0.249295,0.237747,0.232053,-0.101096,-0.433924,0.079594,-0.03987,-0.05568,-0.353583,-0.084905,0.158995,0.151245,0.078005,-0.235003,-0.236322,-0.108538,-0.041437,-0.31384,-0.269378,0.108176,-0.153669,0.109648,0.085649,0.073029,-0.015306,0.159462,0.098239,0.094762,-0.3272,0.059629,0.208741,-0.074286,0.09242,0.079253,-0.069323,-0.034977,0.299909,0.080686,0.185665,-0.112296,-0.06397,0.163372,#
11,0.110483,0.076035,0.078806,0.038164,0.32373,0.196677,-0.321509,-0.039004,0.188216,0.180239,0.119355,1.0,-0.032108,0.132775,-0.118831,0.010063,-0.003439,-0.102552,-0.263204,-0.112961,-0.144366,0.029288,-0.15599,0.174447,0.219845,0.059634,-0.235497,-0.151044,0.255868,0.239479,-0.204158,0.17726,-0.492968,0.095867,-0.142551,0.424079,-0.139771,-0.123972,-0.096115,0.211574,0.004646,-0.040472,0.095401,0.078986,-0.021584,0.186367,-0.042099,-0.164953,0.252823,-0.102594,-0.097972,-0.03928,0.006322,-0.063186,0.253222,0.021113,-0.382844,-0.15271,0.065174,-0.17973,-0.206335,0.030492,0.347762,-0.320712,0.020755,-0.068842,0.058855,-0.060105,0.105949,0.034797,-0.052152,-0.252068,-0.121303,-0.11042,-0.058003,0.270107,-0.282696,-0.097259,0.166834,-0.181357,0.011432,-0.130913,0.054191,0.351634,0.147045,-0.10401,-0.215346,-0.121112,0.00614,-0.165007,0.029757,-0.084395,-0.020487,-0.081933,-0.137715,-0.03597,-0.163803,-0.061421,0.048965,-0.003229,-0.245384,0.08274,0.042593,0.143516,0.055309,-0.030294,0.036046,-0.093784,-0.084601,-0.063233,-0.150205,0.0,-0.215275,-0.070605,-0.01263,0.205251,0.018766,-0.315152,0.033486,0.156838,0.113551,0.083405,-0.332587,-0.127228,0.450516,0.146968,-0.138653,-0.08062,-0.109411,-0.066786,-0.045198,-0.026671,0.013013,0.068709,-0.015435,0.186199,-0.024902,0.030158,0.289894,-0.084172,0.316226,0.17112,0.002342,0.114683,-0.135684,-0.03653,0.115767,-0.047313,-0.09854,-0.444888,-0.206678,0.291935,0.098009,-0.133058,-0.354467,-0.277701,0.093057,-0.221493,0.132962,0.058737,0.297594,0.002151,-0.07996,-0.078882,-0.071371,-0.207652,-0.01079,-0.140811,0.423702,-0.003316,-0.315143,-0.089027,-0.157137,-0.391718,0.00166,-0.17518,-0.250667,0.005421,0.058624,-0.096112,-0.172294,-0.061851,-0.047073,0.060198,0.134061,-0.010052,0.120748,-0.087445,-0.01343,0.228089,0.070776,0.069102,0.065871,-0.028855,0.089875,0.10979,0.184169,-0.08279,0.021462,-0.071525,#
12,-0.101516,0.196084,-0.35271,-0.00717,0.313595,-0.231462,-0.034991,0.131762,-0.053162,0.26163,-0.32331,-0.032108,1.0,0.255707,0.151666,0.158023,-0.325427,0.127707,-0.190833,0.090822,0.410842,0.078214,0.070709,-0.027429,-0.495258,0.002914,0.25799,0.113129,0.010044,0.07795,-0.180766,0.282827,0.289712,-0.002801,-0.019448,-0.063172,0.2823,-0.26362,-0.260005,0.100122,0.141277,0.511608,0.194402,0.236191,0.17741,0.028596,-0.098479,0.204125,-0.008651,-0.279897,-0.10418,-0.28982,0.010492,-0.34846,-0.223272,-0.440915,-0.368648,0.288337,0.311984,-0.139496,-0.394086,-0.022387,-0.437779,0.113991,0.192296,0.276353,0.057476,0.191262,0.46017,-0.207233,-0.128867,-0.162313,0.057208,-0.000814,-0.061899,0.070224,0.045164,0.112156,-0.262503,-0.258217,-0.306631,-0.236705,-0.065181,-0.044958,-0.03144,-0.208449,0.111488,-0.083437,-0.386662,-0.007922,-0.534767,-0.410393,-0.296589,-0.312574,-0.192051,0.126978,-0.171472,-0.364907,-0.254333,-0.248973,0.101576,-0.0534,0.009774,-0.386203,-0.081647,0.087871,-0.29388,-0.24752,-0.2141,-0.316968,0.138532,0.0,-0.227232,-0.210811,-0.253032,0.194422,-0.02039,-0.022098,-0.219868,-0.347117,0.081385,-0.351357,-0.06514,-0.217978,-0.458663,0.289861,-0.336166,0.110946,-0.027246,-0.256496,-0.437081,-0.03658,-0.159577,0.067343,-0.246364,-0.140296,-0.080664,-0.039171,0.266263,0.001277,-0.224404,0.015397,-0.334932,-0.339579,-0.213849,-0.111931,0.113319,0.145839,-0.354032,0.057617,-0.259327,-0.099152,-0.137734,-0.254098,-0.286658,-0.139418,0.169958,0.104995,-0.316532,-0.219166,0.026768,-0.05611,-0.202305,0.155707,-0.109161,0.279028,-0.070282,0.000339,-0.275872,0.207942,-0.04782,-0.035714,-0.210895,-0.196457,0.010894,0.032559,-0.203535,-0.230225,0.18343,-0.074003,0.299623,0.196716,-0.119944,0.089703,0.120218,-0.329145,-0.038149,-0.183915,-0.159146,0.121353,-0.334221,0.273921,0.13717,0.133971,0.007571,-0.102129,0.090091,0.169302,-0.006533,0.20865,#
13,0.095523,0.261649,0.150325,-0.256356,0.328295,0.108602,0.108747,0.240363,0.386591,0.177319,0.034784,0.132775,0.255707,1.0,0.160769,-0.263194,-0.28288,0.029589,-0.224726,0.186855,-0.057359,-0.138089,0.129812,-0.191952,-0.014685,-0.106601,0.408362,-0.202853,0.285794,-0.007798,-0.413618,0.26944,-0.183556,-0.370819,-0.151014,0.204429,0.503135,-0.307488,-0.427187,-0.208847,-0.053764,0.438317,-0.205863,0.038941,-0.028926,-0.340226,0.436715,0.236663,-0.005915,0.232264,-0.01978,-0.235586,-0.060011,-0.103257,-0.394924,-0.102416,0.086442,0.035418,0.248275,0.34479,-0.235304,0.224609,-0.23677,-0.105144,0.093568,0.367749,0.294914,0.462828,0.396546,0.083093,-0.258978,-0.023132,0.212406,-0.287475,-0.006969,0.221696,-0.130482,-0.114961,-0.323253,-0.065628,-0.022551,-0.496722,-0.126986,0.059749,-0.203288,-0.081975,-0.422858,-0.351007,-0.512791,-0.192805,-0.290822,-0.085272,-0.157029,-0.026242,-0.484113,0.108762,-0.242626,-0.285409,-0.183671,-0.333443,-0.188709,-0.318918,-0.188473,-0.331679,-0.132177,-0.356153,0.215496,-0.201649,-0.087781,-0.187261,0.401112,0.0,-0.324104,-0.057937,0.143499,-0.138061,-0.494013,-0.217418,0.231121,-0.33358,-0.088027,-0.377568,-0.100928,-0.302662,0.005679,-0.200205,-0.306763,0.084141,-0.065922,-0.28543,-0.201509,0.311285,-0.518015,-0.274865,-0.036249,-0.187261,0.009622,0.231882,0.335743,-0.084581,0.031712,-0.454354,-0.411655,-0.261117,-0.273663,-0.235045,0.13345,0.580014,-0.481251,0.252048,-0.37821,0.225694,-0.041723,-0.066075,0.126915,-0.323811,0.364384,0.441194,-0.230311,-0.150736,-0.363394,-0.0054,-0.07206,0.426023,-0.053314,0.421269,-0.179662,0.089297,-0.081864,-0.198938,0.132082,0.190855,-0.179321,-0.176603,-0.194648,-0.166442,0.009267,0.162844,0.349348,-0.249581,0.321825,0.288082,-0.450668,-0.284989,0.402765,-0.184261,-0.045561,0.100614,-0.442932,0.421246,-0.025079,0.037337,0.536689,0.311177,-0.157173,-0.337481,-0.017381,-0.289186,0.313854,0.388695,#
14,0.120396,-0.034276,0.114879,0.024742,-0.024697,0.077887,0.137999,0.491705,-0.401099,-0.292816,-0.135673,-0.118831,0.151666,0.160769,1.0,0.12363,-0.181478,-0.37048,0.022476,-0.093276,-0.151137,0.267362,0.028254,-0.324418,-0.276186,0.094035,0.275443,-0.31783,0.125795,-0.010709,-0.281422,0.464574,-0.052555,-0.088456,-0.079249,0.052603,-0.238199,0.079413,-0.144994,-0.083458,-0.006279,0.013197,0.182065,0.066518,-0.181536,0.128365,0.397686,-0.210998,0.171178,0.088509,-0.510459,0.026943,-0.057218,-0.549546,-0.039607,-0.084461,-0.002414,-0.012607,-0.378842,-0.205554,0.158868,-0.084074,-0.139626,0.120859,0.294868,0.097014,-0.214546,0.079685,-0.100444,-0.551792,-0.053395,-0.2019,-0.144868,-0.108944,-0.009186,0.128124,-0.148361,0.202901,-0.367153,-0.421712,0.037246,-0.373967,-0.004011,-0.254105,-0.256924,-0.027935,-0.239876,-0.220087,-0.227805,-0.271881,-0.18551,-0.150593,0.078706,-0.218828,-0.232255,0.024308,-0.216759,-0.183476,-0.21905,-0.214455,0.040511,-0.40098,0.21942,-0.255072,-0.511089,-0.06908,0.087265,-0.326643,0.175581,-0.220713,-0.093187,0.0,-0.255072,0.068332,-0.601042,0.077496,-0.110937,0.13307,-0.188582,-0.094244,-0.336939,-0.328729,-0.086744,0.415405,0.056138,-0.270778,0.110661,-0.140028,0.032938,-0.337101,-0.194073,-0.471822,-0.505817,-0.186813,-0.358675,-0.14245,0.177217,-0.004013,-0.211193,-0.426562,-0.254246,-0.533903,-0.366797,-0.275521,-0.327975,-0.044083,-0.107284,-0.258106,-0.431593,-0.145554,-0.038917,-0.07191,0.137752,0.054464,-0.105932,-0.144093,0.285902,6.1e-05,-0.626655,0.045858,-0.563334,-0.181499,-0.0257,-0.553748,-0.053022,0.283704,0.137516,0.284453,-0.181101,-0.368569,0.140789,0.19559,-0.306457,-0.031252,0.465777,0.215936,0.227959,-0.051591,0.103309,0.185881,-0.031242,0.420219,0.214004,0.152567,0.282606,-0.353237,0.039033,0.039539,0.351295,0.059617,-0.412503,0.273037,0.216632,0.10616,-0.060581,-0.151637,0.074663,-0.207824,0.14259,0.295701,#
15,-0.15231,0.041238,-0.291991,0.373254,-0.109168,-0.183767,-0.014937,0.217187,-0.424007,0.040512,-0.04852,0.010063,0.158023,-0.263194,0.12363,1.0,-0.023848,-0.412911,-0.234801,-0.485641,0.024173,0.160417,-0.152334,-0.103446,-0.040547,-0.00198,-0.181078,-0.140496,0.00698,-0.032583,-0.109582,-0.08015,0.271269,-0.089181,-0.085742,-0.008579,-0.120628,-0.063737,0.207376,0.42954,0.072142,-0.009528,0.485434,-0.080707,-0.03006,0.353507,-0.13494,-0.351585,0.166359,-0.110768,-0.00458,-0.161202,0.12393,-0.078163,-0.099299,-0.003352,-0.086077,-0.056448,0.017507,0.052417,-0.1444,0.176255,0.020339,0.206775,-0.162117,-0.166858,-0.459597,0.255947,-0.2559,-0.36772,0.017825,0.032193,0.194702,-0.024471,0.050331,-0.138943,0.007458,0.34002,-0.050205,-0.156235,0.112431,-0.051329,0.140104,-0.237368,0.254198,-0.140645,0.258757,0.111982,-0.024918,0.086651,0.181075,-0.138936,0.313275,-0.271359,-0.036498,0.039262,-0.250888,0.193289,-0.066235,0.117084,0.080915,0.17703,0.107976,-0.028984,0.121884,-0.051814,-0.293476,0.073592,-0.303796,-0.072221,-0.611619,0.0,-0.219561,0.05464,-0.151092,0.004567,0.160265,-0.109472,-0.411106,0.229688,0.029603,-0.112093,0.198393,0.334119,0.050677,0.038995,0.000596,-0.293153,-0.049231,0.07675,-0.118593,-0.306221,0.110786,0.28908,-0.096736,0.091231,0.227798,-0.249761,-0.040679,-0.029735,-0.241667,0.112394,0.117544,-0.250023,-0.214469,0.121234,-0.34516,-0.594305,-0.19877,-0.365193,-0.008869,-0.094914,-0.299868,0.060312,-0.311852,0.202765,-0.140549,-0.289957,-0.17367,0.173922,0.105974,-0.311419,-0.130252,-0.384213,-0.354851,-0.201958,-0.397691,-0.131348,0.034704,-0.075537,-0.11553,-0.330349,5.4e-05,0.121499,0.105035,-0.117151,-0.494229,-0.166701,-0.274431,-0.039574,-0.285809,-0.358456,0.636305,0.170063,-0.028346,-0.109008,-0.331141,-0.226082,0.610028,-0.400685,-0.26116,0.362448,0.062029,-0.044375,0.361424,0.020204,0.067709,-0.209862,-0.269114,0.089074,#
16,0.003244,0.02635,-0.353938,-0.168958,-0.118837,0.367781,0.092713,-0.13618,-0.058501,-0.039724,0.395363,-0.003439,-0.325427,-0.28288,-0.181478,-0.023848,1.0,0.114525,0.232562,-0.205556,0.434039,0.363152,0.303656,-0.099891,0.365295,0.164674,-0.359456,0.033716,-0.180072,0.376287,-0.081473,-0.413434,0.18309,-0.079926,0.059398,0.195477,-0.351641,0.008863,0.344649,0.136387,-0.014578,-0.324393,0.133979,-0.246689,-0.136266,0.265445,-0.114416,-0.168167,-0.016337,-0.039665,0.101036,-0.04165,0.135541,0.279552,0.226417,0.344497,-0.126859,0.120779,0.150058,0.150054,0.144798,-0.206689,0.206021,0.176146,-0.231946,-0.070858,-0.161044,-0.096413,-0.037225,0.245684,-0.046019,-0.123248,-0.108742,-0.325902,-0.180293,0.176441,0.026122,-0.146033,-0.118415,0.071084,-0.12556,0.013624,-0.15695,-0.040019,-0.089297,0.002794,-0.048503,-0.033443,0.315531,0.158789,0.111401,-0.090608,-0.11357,-0.000788,-0.151871,-0.276639,0.120811,-0.012201,-0.041516,-0.137993,0.161373,0.224545,-0.404915,-0.301156,0.135046,-0.090215,-0.001879,-0.169512,-0.012334,0.258352,-0.32087,0.0,-0.031923,-0.35433,0.081096,-0.230035,-0.060637,-0.230228,0.445085,-0.079003,0.032174,-0.09056,-0.131218,-0.148539,0.17359,-0.091814,0.201444,0.122567,0.227135,0.028115,0.227582,-0.089297,0.04676,0.013314,-0.116332,-0.00428,-0.13621,-0.415886,-0.12245,-0.295073,-0.301179,0.047279,0.221208,0.217034,-0.254807,-0.192159,0.030121,-0.006917,0.238225,-0.25289,-0.019081,-0.26398,-0.207407,-0.252915,-0.164786,0.032155,-0.187873,0.119133,-0.012193,0.233761,0.31618,0.263621,-0.27648,0.087918,0.079042,0.080311,-0.090114,-0.207408,-0.252961,0.255005,0.156544,-0.057145,0.06327,-0.084052,0.10596,-0.405817,-0.161021,-0.00498,-0.130363,-0.157085,-0.100718,-0.186555,-0.095068,0.263514,0.078814,-0.240901,-0.139681,-0.297099,0.309734,-0.040077,0.001058,0.196889,0.022728,-0.0862,0.222171,0.535408,0.048099,-0.017708,-0.2898,-0.183916,#
17,-0.093081,0.011677,0.016945,-0.185191,0.197053,-0.00754,0.113807,-0.411229,0.506483,0.166978,0.103715,-0.102552,0.127707,0.029589,-0.37048,-0.412911,0.114525,1.0,0.330187,0.06875,0.323896,-0.289734,0.264691,-0.063826,-0.250225,-0.174012,0.058249,0.213591,-0.119177,-0.017985,0.330601,0.017089,0.111518,0.022178,0.080774,-0.060032,0.176007,-0.23517,-0.328659,-0.180129,-0.152912,0.108471,-0.270461,-0.24265,0.242999,-0.339845,0.031631,0.457866,-0.109537,-0.044805,0.227372,0.011388,0.13943,0.316276,-0.023249,-0.078103,-0.02406,-0.091219,0.424609,-0.019968,0.080741,0.004714,0.022064,-0.354672,-0.127462,0.120034,0.149277,-0.143961,0.270882,0.320575,0.052594,0.063871,-0.328374,0.005812,-0.026435,0.19787,0.051854,-0.288258,0.057051,0.267038,-0.237137,0.260717,-0.369267,0.2109,-0.133525,0.120052,-0.130815,0.402072,0.009066,0.117457,-0.385383,-0.144613,-0.567464,0.122669,0.216456,-0.166968,0.174754,-0.200972,0.01116,0.126735,-0.189227,-0.120253,-0.049102,0.025643,0.112467,0.196461,0.091052,0.258533,-0.185761,-0.160209,0.287157,0.0,0.019332,-0.138432,0.099107,-0.105045,0.070344,0.113321,0.419657,-0.226347,0.052655,0.197799,-0.187947,-0.28648,-0.190922,0.420344,-0.067136,0.298451,-0.072274,0.041012,0.039724,0.328064,-0.116438,0.117285,0.095715,0.181883,0.017138,0.131284,0.169287,0.138877,0.03105,0.147047,0.051624,0.333966,0.23904,-0.132875,0.426051,0.475503,0.181795,0.22939,-0.071639,0.088399,-0.107352,-0.440642,0.27565,0.04398,0.011168,0.376282,0.140007,0.196042,0.128359,0.311905,-0.062103,0.509993,0.39415,0.068198,0.093299,0.122973,-0.135418,0.363206,0.11189,0.006846,-0.051261,-0.264887,-0.340703,0.211966,0.13087,0.260191,0.470487,-0.013725,0.41953,-0.043634,-0.546512,-0.206141,0.067694,0.204017,0.058427,0.013744,-0.39326,0.10238,0.17374,-0.374724,-0.121631,0.089865,-0.00112,0.282075,0.14654,0.156747,-0.003909,-0.144957,#
18,-0.117542,-0.352075,0.080212,-0.246411,-0.0854,-0.102757,0.306661,0.279017,0.331853,-0.347941,0.23187,-0.263204,-0.190833,-0.224726,0.022476,-0.234801,0.232562,0.330187,1.0,-0.046615,0.126939,0.134382,0.262523,-0.236128,-0.233338,0.177675,0.087602,0.31604,0.039262,0.025401,0.325156,-0.003741,0.107785,-0.209979,-0.028989,0.218754,-0.047509,0.113767,0.222994,-0.336707,-0.018867,0.091788,-0.154315,-0.02472,0.213905,-0.362011,0.295291,0.11561,-0.227099,-0.041051,-0.212861,0.013582,-0.24748,0.051686,-0.04345,0.194534,0.07372,-0.116292,0.060919,-0.03785,-0.083525,-0.201064,-0.117779,0.015161,0.089062,0.236607,0.330344,-0.081706,-0.0327,-0.116819,0.271381,-0.234588,-0.463551,-0.027649,-0.01271,-0.076032,0.183871,-0.587905,-0.31046,0.03827,-0.220414,0.068777,-0.239475,-0.079781,-0.134123,0.017771,-0.178608,-0.079748,0.152208,0.116936,-0.061565,0.011919,-0.433392,0.026106,0.112034,0.098406,-0.048557,-0.056401,-0.224429,-0.108621,-0.044831,-0.212521,-0.111879,0.106537,-0.270972,0.071551,0.086309,-0.055946,0.485098,0.066103,0.082208,0.0,0.239308,0.034143,-0.094739,-0.194224,0.100521,0.261475,0.219121,-0.014163,-0.214126,0.052225,-0.310798,-0.095324,-0.063262,0.086544,-0.033498,0.258192,0.116093,0.027467,0.297296,0.084125,-0.118082,-0.059097,-0.093694,-0.136218,0.14946,-0.087119,0.077701,-0.260436,0.095986,0.050391,-0.061893,0.456547,-0.0664,-0.23415,-0.002138,0.087714,0.373745,0.242103,0.331434,0.012286,0.315861,-0.321794,-0.051412,-0.185538,0.095462,0.035326,-0.206093,0.300692,-0.144436,-0.069066,-0.334134,0.034768,0.157698,-0.110286,-0.014118,0.037696,-0.403288,0.316359,-0.283953,0.222096,0.161432,-0.098907,-0.003121,0.154728,0.211512,-0.086962,-0.036355,0.354149,0.17334,0.243885,-0.128056,-0.00346,-0.106942,0.081098,0.299304,0.0411,0.015361,-0.299924,0.012106,0.057858,-0.178589,-0.112096,-0.09296,0.404605,0.126013,0.211012,-0.211206,-0.309276,#
19,-0.021199,0.268156,0.376274,0.066139,0.174542,-0.076202,0.162246,-0.205493,0.293196,0.1341,0.028369,-0.112961,0.090822,0.186855,-0.093276,-0.485641,-0.205556,0.06875,-0.046615,1.0,-0.130197,0.019344,0.056876,0.164329,-0.31283,-0.092685,0.083674,0.209709,0.144158,0.1452,-0.00226,0.152289,-0.090294,0.008734,-0.009236,-0.248144,0.129387,-0.228555,-0.164232,-0.17123,-0.254477,0.174297,-0.148639,0.339365,0.024442,-0.287898,-0.020216,0.159135,-0.340384,0.301563,0.011875,0.050588,0.252933,0.222235,-0.232325,-0.015956,0.073114,0.044521,-0.092336,-0.236735,0.12187,0.044253,-0.154724,0.073649,-0.13452,0.023657,0.517515,-0.242454,0.231116,0.24773,0.094879,0.06178,0.213205,0.290877,-0.266094,0.050925,-0.001419,-0.096393,-0.089707,-0.105497,0.098327,-0.22408,0.05175,0.327193,-0.173492,0.09793,0.040533,-0.305878,0.079704,-0.325238,-0.132449,0.017003,0.104442,0.159616,-0.286979,0.019303,0.096422,-0.309274,-0.154095,0.099048,-0.301511,-0.120497,-0.234884,0.108768,-0.037848,0.113289,-0.018274,-0.038683,0.155931,0.217905,0.583126,0.0,0.108768,0.017003,0.241878,-0.133242,-0.00223,0.051086,0.30286,-0.113265,-0.026075,0.37444,-0.064766,-0.432575,-0.284091,0.031679,0.002963,0.206408,-0.084891,-0.224124,0.082685,0.185692,-0.133993,-0.002329,0.244257,-0.19907,-0.205538,0.082779,-0.09911,0.093201,0.329162,-0.02013,-0.022924,-0.245888,0.162737,0.156524,0.230966,0.396743,-0.047281,0.425196,-0.040864,-0.04046,0.095098,0.212852,0.221231,0.131874,-0.158517,0.215095,0.326006,-0.301558,-0.074841,0.018708,0.294181,0.286336,0.249884,0.113999,0.114954,0.069063,0.217231,-0.048636,-0.33752,0.23309,-0.182598,0.261067,0.158068,0.027004,0.225346,-0.012895,-0.035741,-0.264583,0.201729,-0.080037,-0.318604,0.186085,-0.0863,0.189279,0.093593,0.120852,-0.47739,0.104158,0.144879,-0.268425,-0.181037,0.100371,-0.235144,-0.229325,-0.124357,0.114421,0.173922,0.213575,#
20,-0.189412,0.091164,-0.579477,-0.405431,0.209303,0.004627,0.243301,-0.11305,-0.097091,0.124163,0.120209,-0.144366,0.410842,-0.057359,-0.151137,0.024173,0.434039,0.323896,0.126939,-0.130197,1.0,0.311876,0.453954,0.217743,-0.13386,-0.026347,-0.06089,0.060017,0.04511,0.373261,0.008552,-0.126347,0.50438,-0.068743,0.214967,0.189088,0.051144,-0.152872,0.024933,-0.005658,0.238091,0.126903,0.272432,-0.218772,-0.089591,-0.104103,-0.185981,0.226656,0.272806,-0.432475,0.270707,-0.482168,-0.053898,-0.040953,-0.116824,-0.346603,-0.158435,-0.045719,0.388201,0.041336,-0.058671,-0.226421,-0.353116,-0.045552,-0.095455,0.314767,0.027673,0.023971,0.451694,0.20048,-0.242813,-0.116254,0.011723,-0.230837,-0.013043,0.157508,0.027135,-0.144174,-0.45842,0.008944,-0.202438,0.033597,-0.276067,-0.08208,-0.123843,-0.214555,0.037256,0.056012,-0.097157,0.272208,-0.558374,-0.442957,-0.391735,-0.185162,0.076041,-0.234308,-0.200231,-0.085789,-0.279542,-0.219168,0.184461,0.075326,-0.515765,-0.44296,0.178243,-0.127372,-0.181855,-0.298812,-0.231255,-0.175322,0.147553,0.0,-0.261037,-0.278465,0.018263,-0.013789,-0.194682,-0.14144,0.194471,-0.383215,0.052589,-0.237216,-0.019715,-0.467804,-0.351269,0.261794,-0.234347,0.126586,0.418217,-0.27977,-0.180031,-0.071069,-0.055731,0.028443,-0.13305,-0.168243,-0.351198,-0.260715,0.121319,-0.081124,-0.281537,0.140277,-0.051103,-0.09205,-0.453152,-0.254002,0.031987,0.308496,-0.058234,-0.170688,-0.209564,-0.160529,-0.348437,-0.466876,-0.392506,-0.159709,-0.046378,0.285837,-0.220859,0.035159,0.415443,0.189109,-0.417399,0.269342,-0.036163,0.189253,-0.014332,-0.175788,-0.652222,0.674775,0.196677,0.02568,-0.222141,-0.343915,-0.067851,-0.111195,-0.226484,-0.194045,0.104642,-0.013921,0.259588,-0.057206,-0.005971,0.164566,0.189581,-0.309028,-0.183915,-0.246337,0.053467,-0.104141,-0.209216,0.356957,0.20547,0.077517,0.314816,0.407153,0.155161,-0.047248,-0.363476,-0.097735,#
