0,1.0,0.33274,-0.224072,-0.266467,0.391008,0.25585,-0.099703,0.062808,-0.21504,0.26331,-0.21535,0.064282,0.618081,0.386616,0.037198,0.0827,0.024944,0.229513,-0.414021,-0.031777,-0.198695,0.587923,0.408937,-0.010572,-0.101259,-0.222585,-0.021246,-0.477764,0.236499,0.237702,0.05285,-0.002283,-0.041125,-0.208915,-0.345855,0.165288,-0.040585,-0.030333,0.173663,-0.317255,0.036509,-0.07313,-0.176065,0.121756,-0.057997,-0.24665,0.265332,0.405126,-0.496367,-0.136268,0.153652,-0.333198,-0.068616,-0.30698,-0.145159,0.127534,-0.047569,0.049326,0.33029,0.270096,0.51502,0.179506,-0.350344,-0.314798,0.01193,0.429911,-0.207103,0.318622,0.280971,0.066312,-0.038931,0.170596,-0.381057,-0.10921,-0.586161,0.296137,-0.089829,-0.255641,-0.446889,-0.029728,-0.101597,-0.2589,0.096409,0.160888,-0.033071,-0.270971,-0.036522,-0.10216,-0.043162,-0.350732,-0.050928,-0.349034,-0.226051,0.332255,0.088207,0.04607,0.169484,-0.267079,-0.093727,-0.055066,0.263107,-0.252377,-0.206349,0.180305,-0.11705,-0.252707,-0.132091,-0.046158,-0.419364,-0.355691,0.262441,0.048945,-0.145141,-0.226877,-0.084436,0.180443,-0.383253,-0.302071,0.411082,-0.436623,-0.29575,-0.284817,0.104857,-0.289735,-0.30001,0.317764,0.043277,-0.111761,0.331465,0.160127,-0.346478,0.106291,-0.243222,-0.109156,-0.67459,-0.130278,-0.068007,-0.346883,0.378592,-0.252146,-0.059599,-0.230894,-0.329635,-0.040124,-0.160995,-0.113552,-0.070888,0.219342,-0.255319,-0.559858,-0.088533,-0.359327,0.012407,-0.219822,0.067733,-0.13738,0.439636,0.425313,-0.152842,-0.49682,-0.096693,-0.239665,0.136864,-0.373641,0.044978,0.697701,-0.237348,-0.287813,-0.273713,-0.496955,-0.116569,-0.044609,-0.443185,-0.06078,0.119695,-0.697248,-0.116175,0.080832,0.524434,-0.079942,0.149472,-0.192277,-0.3362,-0.051506,0.234402,-0.319545,0.541472,-0.232749,-0.397935,0.203926,0.127123,0.253394,0.226621,0.137345,0.053297,0.101147,0.030362,-0.281983,0.419392,0.18189,#
1,0.33274,1.0,0.292213,-0.250707,0.032585,0.09313,0.404312,0.036409,0.304019,0.106553,-0.2485,-0.09043,0.467044,0.243788,0.372097,-0.150315,0.173663,0.248732,0.07864,-0.204627,-0.384901,0.122304,0.415433,-0.202497,-0.133217,-0.409202,0.338758,-0.157228,0.04697,0.263873,-0.487624,0.028174,0.161749,0.008824,-0.176869,0.519161,0.266968,-0.138959,-0.033988,-0.118942,-0.145522,0.205808,0.060907,0.267775,0.473966,-0.448761,0.341341,0.138332,-0.143039,0.377279,-0.064333,-0.42906,-0.028085,-0.180139,-0.201728,-0.384114,-0.013523,-0.314468,-0.127778,0.262877,0.315931,0.178247,-0.050574,-0.136599,0.037455,0.206471,-0.382707,0.335054,0.408684,-0.037158,0.057381,-0.069678,-0.169571,-0.440352,-0.58617,0.484233,-0.259472,-0.578545,-0.446823,-0.358137,-0.099206,-0.600388,-0.270082,0.166628,-0.544176,-0.259813,-0.373618,-0.247005,-0.396753,-0.52042,-0.228003,-0.157072,-0.552151,0.017126,-0.245944,-0.146545,0.148436,-0.254948,-0.250645,-0.05637,0.255885,-0.255724,-0.341816,-0.17201,-0.452816,-0.258573,-0.465029,0.041044,-0.592352,-0.338254,0.157631,0.512377,-0.362659,-0.399209,0.056611,-0.150503,-0.243066,-0.865265,-0.112635,-0.622214,-0.303372,-0.467417,-0.449462,-0.314066,-0.207432,-0.190059,-0.177538,0.18841,-0.066452,0.002926,-0.347597,-0.388402,-0.598124,0.230904,-0.356246,-0.318982,0.14815,-0.169741,0.345746,-0.586584,-0.384755,-0.087263,-0.515388,-0.220161,-0.178725,-0.255316,-0.436451,0.425001,-0.287243,-0.385068,-0.248919,-0.685875,0.01014,-0.400999,-0.423692,-0.50125,0.273641,0.655536,-0.341461,-0.332928,0.260468,-0.233645,0.51973,-0.014364,-0.143282,0.549607,-0.242988,0.188618,-0.249961,-0.300948,-0.052061,-0.034781,-0.312936,-0.451801,0.286854,-0.175118,-0.311852,0.748763,0.683123,-0.516709,0.335937,0.151649,-0.208895,0.10865,0.233781,-0.064346,0.386477,-0.25853,-0.607205,0.370047,0.11388,0.59545,0.557535,0.302291,-0.175048,0.238063,0.370027,-0.265192,0.177042,0.051468,#
2,-0.224072,0.292213,1.0,0.298933,-0.219916,-0.035036,0.135578,-0.066442,0.36016,-0.316946,-0.156644,-0.06014,-0.186749,-0.15858,-0.034791,-0.190919,0.111737,0.282765,-0.026798,0.175337,0.015594,-0.128935,-0.009471,-0.091069,0.208811,-0.269319,0.380575,0.452459,-0.132399,0.055901,0.029827,0.103453,-0.06899,0.111545,0.255883,0.132202,0.400715,-0.297639,-0.088199,0.010881,0.042363,0.217441,-0.118427,0.123162,0.227324,-0.0768,0.049254,0.426611,0.359143,0.106422,-0.226026,0.202127,-0.01692,0.262131,-0.174069,-0.158493,0.005347,-0.311871,-0.359759,0.163615,-0.42142,-0.353323,0.414331,0.149617,-0.144768,-0.153649,0.033138,0.11407,0.00013,0.335603,0.555793,0.362462,0.04735,-0.051189,0.10205,-0.02995,-0.052436,-0.351929,-0.05227,-0.445263,0.461832,-0.069863,0.009749,0.178709,-0.149182,0.353495,-0.149222,0.114438,0.01632,0.011123,0.178724,0.039579,-0.144466,0.219583,-0.031257,0.078707,0.366346,-0.188035,-0.035176,-0.270667,-0.230309,0.028934,0.051357,0.084696,0.109864,-0.042219,-0.218332,0.303618,-0.370808,0.308769,0.404585,0.023394,-0.149132,0.019601,0.60454,-0.073983,-0.007886,-0.317601,-0.050004,-0.119473,0.086459,0.114878,-0.06302,0.070438,0.34882,-0.284468,-0.001192,0.362367,-0.101974,-0.219063,0.363519,-0.297324,-0.046964,0.014913,0.360265,0.00704,0.133836,0.463237,0.261198,-0.053533,0.003167,0.395767,-0.085264,-0.234586,0.044577,0.293573,-0.167311,-0.003375,0.265166,0.02188,0.131228,-0.106678,0.262445,0.014761,-0.031459,0.101904,-0.016468,0.191265,0.07351,0.197913,0.247984,0.11584,0.146396,0.063811,-0.114791,-0.041276,-0.090643,0.012183,0.197597,0.183048,-0.158857,-0.036773,-0.221519,-0.055244,-0.4271,0.220051,-0.180418,0.430644,0.167082,-0.546856,-0.014302,-0.109674,-0.282063,0.189062,-0.021163,0.100004,-0.025463,0.326873,-0.209846,-0.045763,0.524165,0.358278,0.155961,0.050937,-0.300222,0.358724,-0.11194,-0.015423,0.062883,-0.018715,#
3,-0.266467,-0.250707,0.298933,1.0,-0.288985,-0.032206,-0.353531,-0.439058,-0.185607,-0.163357,-0.013676,0.022275,-0.389216,-0.175593,-0.254811,-0.109143,-0.082343,0.022921,-0.290593,0.601025,0.316222,-0.025853,-0.031446,-0.016391,0.254748,0.131158,-0.092745,0.296704,-0.142969,-0.184438,0.407181,-0.081141,-0.201304,-0.063316,0.076368,-0.377205,0.03907,-0.000524,-0.42851,0.085894,0.082856,0.212194,-0.271729,0.083279,0.113395,0.369891,-0.045851,0.109107,0.17925,-0.076853,0.304387,0.548455,0.14881,0.181609,-0.127088,-0.049368,0.362196,0.028681,-0.059396,0.156497,-0.30786,-0.487136,0.308338,-0.108076,0.251074,-0.179763,0.101311,0.247761,-0.233644,-0.119537,0.193888,0.148562,0.362838,0.352001,0.161726,-0.479538,0.15577,-0.017012,0.190792,0.296509,0.473757,0.501428,0.368927,0.278971,0.26623,0.03076,0.306306,0.152061,0.315183,-0.049538,0.43411,0.238705,0.49774,-0.118074,0.295765,0.072213,0.037631,-0.036552,-0.191574,0.335395,-0.209639,0.37354,0.241498,0.256502,0.226387,0.493412,0.214321,-0.086262,0.342151,0.261653,-0.117811,-0.079299,0.203239,0.470842,0.151466,0.094833,0.362649,0.209837,-0.015579,0.217632,0.212751,0.22937,0.486784,0.222272,0.176144,0.073198,0.108445,0.052692,-0.116002,0.277081,0.229113,0.163475,0.295765,0.02719,0.383914,0.255273,0.048029,0.101136,0.28815,0.314123,0.139806,0.002682,0.118252,0.23365,0.557913,0.375407,0.377283,-0.522593,0.471658,0.510481,0.321674,0.152844,0.088591,0.351218,0.158483,0.264933,-0.453529,-0.100946,0.181002,0.277123,-0.266501,-0.027848,-0.201721,0.110251,-0.012573,-0.460795,0.014535,0.008898,0.367693,0.034683,-0.474393,0.011628,0.385893,0.115632,-0.532167,0.385643,0.067772,0.006813,-0.441518,0.149049,-0.4164,-0.273231,-0.21079,-0.024031,-0.137215,0.276241,-0.152247,0.274355,0.438883,-0.460423,0.31116,-0.31194,-0.146769,-0.241263,0.073172,0.030164,-0.525907,0.304239,0.172566,-0.224052,#
4,0.391008,0.032585,-0.219916,-0.288985,1.0,0.034352,-0.085008,0.047941,-0.510805,-0.195973,0.122468,0.211378,0.057952,-0.127555,0.184616,0.344296,0.047748,-0.120032,0.043536,-0.032743,-0.17234,-0.014613,-0.122239,-0.310168,-0.024725,-0.144328,-0.344046,-0.163845,0.299339,-0.193462,-0.064171,-0.091346,-0.117597,-0.304498,-0.092609,0.062175,-0.360182,-0.126902,-0.07678,-0.047051,-0.209617,-0.321801,-0.087773,-0.247104,-0.095466,0.194489,-0.134156,0.331131,-0.214396,0.130793,0.403711,-0.185352,-0.269616,-0.144973,0.380559,0.258138,-0.257511,0.107556,0.154722,-0.171796,0.072294,0.350797,-0.04873,0.009522,0.027924,0.189965,0.011778,-0.090448,0.100161,0.173239,-0.082666,0.059655,-0.075754,0.049237,-0.442006,0.555592,-0.133549,-0.288857,-0.285659,-0.197985,-0.157852,-0.280648,-0.188237,0.150665,-0.051787,-0.038058,0.114959,-0.284838,-0.344748,-0.036747,-0.053393,-0.380238,-0.038976,-0.200175,0.049929,-0.079475,0.1197,-0.500173,0.034471,0.095662,0.206732,-0.373976,-0.384264,-0.094641,-0.282683,-0.154634,0.030904,-0.043657,-0.129289,-0.2288,-0.096513,-0.453451,-0.246537,-0.217033,-0.151721,-0.111369,-0.347143,0.101221,0.027583,-0.001128,-0.115747,0.071012,0.196294,0.040475,-0.151603,-0.206958,0.192358,0.027946,0.023718,-0.285097,-0.071484,-0.020245,-0.157388,0.061595,-0.25194,-0.20524,0.096468,-0.304884,-0.13471,0.040865,-0.012063,0.05717,0.045812,0.113797,-0.073912,0.072824,-0.198636,0.031473,-0.305624,-0.386254,-0.131592,-0.123969,-0.443657,0.113871,-0.296144,0.05121,0.132356,0.084248,-0.077951,-0.234072,-0.173508,-0.308471,0.034473,-0.019522,-0.280845,0.213346,-0.12397,0.172179,-0.221604,-0.212449,0.254733,-0.03629,0.024871,0.014835,-0.00916,-0.277334,-0.19803,-0.072601,0.036474,-0.016468,0.215811,-0.186482,0.254686,0.105829,0.036675,-0.559418,0.061673,-0.179691,-0.333408,-0.070214,-0.177926,0.122713,0.195311,-0.18747,0.254426,-0.39374,0.13252,0.003855,-0.326026,0.377069,#
5,0.25585,0.09313,-0.035036,-0.032206,0.034352,1.0,-0.155525,0.084099,-0.297694,-0.284154,0.300523,0.042277,-0.154051,-0.154862,-0.232871,0.055995,0.420697,0.0001,-0.482525,-0.062028,-0.186328,0.36054,0.191282,0.035844,-0.148228,-0.369817,-0.204325,-0.398248,-0.278517,-0.319927,-0.115052,0.056591,-0.186425,-0.036832,-0.120537,-0.04815,-0.090416,0.126338,0.197205,-0.126389,0.108935,0.166147,-0.212827,0.446469,0.276263,0.136573,-0.155953,0.245815,0.001736,-0.272302,0.085446,0.08942,0.100933,-0.029199,-0.094471,-0.25747,0.045264,-0.140355,-0.07544,-0.119781,0.106854,0.078538,-0.320916,-0.135301,-0.005218,-0.165896,-0.359709,0.043828,0.288981,0.355601,-0.071078,0.490878,0.078118,0.171363,-0.325405,-0.057343,-0.537589,0.13717,-0.453067,-0.051985,0.479569,-0.167167,0.180188,-0.201373,-0.087497,-0.162785,-0.068186,-0.181929,-0.193085,-0.228588,0.110368,-0.129948,-0.029583,0.078804,-0.053108,0.077081,0.048263,-0.214162,0.147109,0.081586,0.263512,-0.156949,0.079603,-0.083195,-0.11008,-0.214441,0.02877,0.066848,-0.335736,-0.170827,0.156266,-0.053813,-0.026433,-0.030408,-0.03313,-0.257662,-0.514002,0.013859,0.147621,-0.255345,-0.296425,-0.320415,0.270596,-0.31226,0.050416,0.061203,-0.104463,0.000596,-0.059855,0.424748,0.057712,0.14475,0.096897,-0.113471,-0.158688,0.045985,0.036748,-0.090784,0.026052,-0.200631,-0.179841,-0.19731,-0.42704,0.38311,0.173667,0.085767,-0.164181,-0.131904,-0.041065,-0.036054,-0.049792,0.222625,-0.247192,-0.029583,0.156682,-0.241248,-0.147358,-0.001288,-0.241757,0.042323,0.011521,-0.006801,-0.037342,0.210886,-0.232457,0.379901,-0.011834,-0.169567,0.003959,-0.327599,0.024659,-0.332459,-0.312514,0.101188,-0.013226,-0.208005,-0.129819,0.11352,0.042763,-0.01108,-0.114536,0.117378,-0.046125,-0.04874,-0.131266,0.166824,-0.090422,0.07676,-0.070426,-0.085956,-0.099875,0.015025,0.186636,-0.197063,0.059907,0.201529,0.238642,-0.294669,-0.044798,-0.05905,#
6,-0.099703,0.404312,0.135578,-0.353531,-0.085008,-0.155525,1.0,0.349596,0.361717,0.280174,0.02645,-0.193779,0.158299,-0.143835,0.259591,0.224469,-0.125286,-0.262523,0.130469,-0.467447,-0.504326,-0.101933,0.120245,-0.030027,-0.236718,-0.174615,0.219039,-0.230212,0.216893,0.198335,-0.562114,-0.293912,-0.05657,0.320998,-0.176014,0.398301,-0.154646,-0.190191,0.356918,0.229531,-0.407964,0.08986,-0.265717,-0.287251,0.058509,-0.180777,0.020523,-0.031303,-0.090244,0.129581,-0.279807,-0.24841,-0.24405,-0.089712,-0.108814,-0.254884,0.176609,0.061425,-0.354122,0.232515,0.158761,-0.09447,-0.057706,0.199595,0.056667,0.253531,0.068238,-0.107322,0.439438,-0.124308,0.061628,-0.153757,-0.185415,-0.643645,-0.146853,0.356953,-0.200131,-0.453218,-0.154535,-0.068272,-0.360632,-0.360894,-0.474692,-0.112803,-0.117733,0.0707,-0.282759,-0.16759,-0.508571,-0.237532,-0.298479,-0.074155,-0.447674,0.035697,-0.181304,-0.212414,0.029424,0.052088,0.062266,-0.25473,0.225064,-0.321376,-0.081838,-0.223967,-0.341461,-0.32006,-0.499272,0.44295,-0.475356,-0.23205,-0.122809,0.474406,-0.245749,-0.44589,-0.089794,0.052652,0.190831,-0.404901,-0.243904,-0.294994,-0.170785,-0.227047,-0.358888,-0.236152,-0.226582,-0.068973,0.037337,0.42592,-0.186908,-0.23019,-0.312431,-0.769861,-0.518178,0.235659,-0.094159,-0.139041,-0.115421,0.14525,-0.142524,-0.554004,0.08046,0.203028,-0.272489,-0.119662,-0.075055,-0.401247,-0.311504,0.747385,-0.196076,-0.135156,-0.151351,-0.225791,-0.123982,-0.447674,-0.331517,-0.204264,0.092931,0.167854,-0.275356,-0.168829,0.385012,0.16221,0.401756,-0.059253,-0.100083,0.113364,-0.271419,-0.077801,-0.169937,0.244509,0.420159,-0.240014,-0.179171,-0.348527,0.115396,-0.075055,-0.139041,0.308548,0.244444,0.00601,0.453741,0.136315,-0.032192,0.152107,0.445177,0.003975,0.26813,-0.255448,-0.223919,0.482754,-0.053805,0.4894,0.108539,0.352108,-0.185407,0.120388,0.243189,-0.405125,-0.153906,-0.348869,#
7,0.062808,0.036409,-0.066442,-0.439058,0.047941,0.084099,0.349596,1.0,0.121757,0.122299,-0.075594,-0.254467,0.136659,-0.092167,-0.120196,0.242835,-0.165995,-0.291812,-0.02784,-0.087645,-0.057883,-0.036523,-0.239432,0.372702,0.043177,-0.045378,-0.005719,-0.432607,0.207101,-0.047604,-0.219518,-0.190386,0.1639,0.163014,-0.160595,-0.155201,0.022508,0.131441,0.571485,-0.314935,-0.144708,0.088917,-0.293247,0.002376,-0.317842,-0.097503,0.278804,0.033355,0.167357,-0.120078,-0.448636,-0.093833,-0.026269,0.128544,-0.117666,-0.05501,0.268292,-0.126575,-0.379658,0.246301,0.16502,-0.061983,-0.210924,0.129985,0.031221,0.058116,0.075035,0.068624,0.222276,-0.065613,0.238405,0.026921,-0.16885,-0.110939,0.055461,0.184971,0.062478,0.242567,0.045966,0.121888,-0.118368,-0.110939,0.079465,0.14819,-0.172698,0.251751,0.114977,0.23472,-0.071713,0.28028,-0.38388,0.002211,-0.23223,0.346567,-0.06304,0.182075,0.336431,0.11436,0.426739,-0.066585,0.239309,-0.079986,-0.019798,0.176108,0.181469,0.044596,-0.137762,0.295457,-0.268267,-0.345837,0.161408,0.082045,0.177933,-0.239132,0.218876,0.203352,0.081988,0.149939,-0.074381,-0.093618,0.036593,-0.101522,0.078807,0.056909,0.214985,0.179055,-0.15564,-0.118253,-0.201435,-0.165537,-0.209516,-0.229256,-0.075511,-0.066657,-0.006789,-0.12141,0.39287,0.324391,-0.104587,-0.256568,0.272414,0.33121,-0.147138,0.146616,-0.160316,-0.115123,0.074475,0.199853,0.055102,-0.406247,0.092649,0.142257,-0.000301,-0.067881,-0.083996,0.004927,0.436381,-0.032435,0.058005,0.032299,0.008706,0.357116,-0.005003,-0.255399,0.073646,0.083462,0.142704,-0.419229,-0.399802,0.07558,0.243482,-0.237923,-0.140524,0.086156,0.155836,0.010618,0.243527,-0.150236,0.12272,0.028961,0.259468,0.020085,0.156058,-0.195939,0.09673,0.215886,-0.068032,-0.065935,-0.065126,0.088167,0.105448,0.114986,-0.077417,-0.306903,-0.044029,0.087347,0.054338,-0.423482,-0.071175,0.178343,#
8,-0.21504,0.304019,0.36016,-0.185607,-0.510805,-0.297694,0.361717,0.121757,1.0,0.156748,-0.155531,-0.207739,0.237408,0.031415,-0.021638,-0.457908,0.07317,-0.015991,0.267859,-0.471979,-0.034751,-0.150938,0.032074,0.016961,0.106328,-0.012469,0.414134,0.173025,-0.017864,0.341644,-0.091008,0.132103,-0.009227,0.063928,0.119323,0.251288,0.398133,-0.134688,0.0093,-0.071577,0.094746,-0.172618,0.231382,0.138617,0.269053,-0.404321,-0.052327,-0.264917,0.052912,0.336981,-0.473057,-0.122972,0.018064,0.199284,-0.429731,-0.134177,-0.036936,0.001319,0.069322,0.224925,-0.057291,-0.259728,0.035002,0.087055,0.161759,-0.05313,0.104435,-0.079999,0.089497,-0.14678,0.244877,0.022319,-0.125917,-0.388798,0.117408,0.129153,-0.000195,-0.002529,0.094295,-0.293108,-0.172507,-0.052301,-0.228412,-0.145907,-0.269396,0.143081,-0.293006,-0.000195,-0.032045,0.021919,-0.315449,0.109866,-0.510733,0.102971,0.029948,-0.102963,0.106308,0.036006,0.016231,-0.284554,-0.14145,0.121037,0.073315,0.05086,-0.086917,-0.333096,-0.233317,0.205628,-0.046273,0.210687,0.248314,0.56202,-0.040844,-0.354637,0.162657,0.087632,0.15321,-0.424189,-0.162524,-0.057409,-0.071528,-0.064882,-0.492517,-0.056726,0.175024,0.104974,-0.121004,0.042496,0.003807,-0.271435,-0.104173,-0.349933,-0.147708,0.172719,0.099783,-0.075433,-0.063591,0.232324,-0.077158,-0.185352,-0.165388,0.348416,0.041581,-0.401119,-0.20782,-0.124776,-0.398232,0.351542,-0.012498,-0.00563,0.02539,-0.193419,0.220393,-0.349933,-0.016209,0.022569,0.249008,0.194436,0.003849,-0.09411,0.234632,0.204833,0.266031,-0.410192,0.41735,0.008499,-0.219434,0.014866,-0.173738,0.117733,-0.151498,0.299093,-0.064587,-0.151234,0.064678,0.150688,-0.082714,0.431687,0.346028,-0.211956,0.156053,0.252406,-0.138354,0.06033,0.031092,0.138634,0.149064,-0.125356,0.046553,0.442986,0.072072,0.203725,0.19782,0.240402,-0.312424,0.489764,0.341333,-0.109891,0.044863,-0.095262,#
9,0.26331,0.106553,-0.316946,-0.163357,-0.195973,-0.284154,0.280174,0.122299,0.156748,1.0,-0.390086,0.136078,0.467608,0.413236,0.114084,0.226617,-0.341218,-0.024263,0.031263,-0.150337,-0.217897,0.159004,0.213828,-0.085732,-0.182468,-0.105152,0.287996,-0.186182,0.064337,0.6713,-0.378589,-0.179925,-0.137932,-0.034544,-0.415105,0.196118,-0.148237,-0.043495,0.325871,0.020239,0.114052,-0.038367,-0.075609,-0.181655,-0.250116,-0.509088,0.360604,-0.027104,-0.543078,0.029807,-0.417906,-0.097664,0.075368,-0.156695,0.001878,-0.13012,0.2021,-0.097861,0.022977,0.183029,0.22389,0.01726,-0.231137,-0.029176,0.254209,0.163578,-0.120366,0.128352,0.138299,-0.371104,-0.179582,-0.425557,-0.295059,-0.191323,-0.035673,0.208288,0.040377,-0.143087,0.075211,0.22439,-0.503246,-0.207993,-0.098173,-0.118085,-0.094222,-0.274887,-0.475213,-0.143368,-0.045873,-0.136917,-0.151145,-0.183919,-0.204694,0.172562,0.119385,0.075982,-0.011668,0.464161,0.056266,-0.118905,-0.199736,-0.107804,-0.267589,0.00957,-0.099864,0.050639,-0.439281,0.105144,-0.02962,-0.484708,0.002248,0.431929,0.064616,-0.226607,-0.304037,-0.078597,-0.03595,-0.194721,0.207544,-0.406422,-0.088624,-0.410279,-0.428944,-0.369341,-0.469494,0.33268,-0.075468,-0.051957,0.038128,-0.164588,-0.255541,-0.042855,-0.456003,0.14621,-0.37097,-0.193963,-0.252935,0.024896,0.108899,-0.323241,0.1541,-0.328108,-0.323659,-0.459673,-0.136183,-0.354324,-0.100848,0.29479,-0.325179,-0.373276,-0.251273,-0.397272,0.00957,-0.373276,0.039289,0.033881,0.400903,0.506389,-0.066202,-0.384697,0.217687,-0.1394,0.140229,-0.061408,0.153334,0.157321,-0.342431,-0.207326,-0.416768,0.00855,-0.045803,0.079462,-0.083068,-0.2639,0.191087,-0.318533,-0.193963,0.010861,0.293312,0.190284,0.210372,0.243934,-0.254558,-0.476754,0.213487,0.316814,0.471398,-0.203391,-0.082587,0.4436,0.004747,-0.018426,0.037064,0.413755,-0.188074,-0.06491,0.035659,-0.242211,0.316626,0.026771,#
10,-0.21535,-0.2485,-0.156644,-0.013676,0.122468,0.300523,0.02645,-0.075594,-0.155531,-0.390086,1.0,0.115248,-0.472691,-0.49793,-0.083967,0.282645,0.224435,-0.079446,0.134272,-0.337999,-0.019697,-0.011191,-0.185742,0.000294,0.090071,0.025278,-0.476455,-0.234247,-0.039384,-0.507101,0.072071,-0.131865,-0.207956,0.004906,0.551738,-0.108086,-0.215525,-0.09491,-0.001275,0.302539,-0.123616,-0.182106,-0.212793,-0.107092,-0.000414,0.587598,-0.450894,-0.034411,0.236004,-0.241526,0.442806,0.079281,-0.134586,0.000624,0.021342,-0.038616,-0.033987,0.321027,-0.205564,-0.291038,-0.134407,0.19575,-0.133306,-0.251404,-0.00897,-0.262077,-0.10452,-0.191071,0.184211,0.345025,-0.158556,0.063069,0.264388,-0.059086,-0.044146,-0.115852,-0.33902,0.153962,-0.241712,-0.316107,0.141432,0.124704,-0.047795,-0.423942,0.212872,0.145768,0.190495,-0.169387,-0.180814,0.188864,-0.151931,-0.077142,-0.022815,-0.418484,-0.323339,-0.068257,-0.252499,-0.353327,-0.014794,-0.004274,0.102795,-0.054691,0.065181,-0.086947,-0.240487,-0.208475,0.092169,-0.072232,-0.04638,0.234314,-0.18764,-0.129831,0.117685,-0.184837,-0.027272,-0.208516,0.006206,0.241661,0.133222,0.297414,-0.072232,0.064955,0.186044,-0.020449,-0.110836,0.090609,-0.115496,0.154122,-0.118185,0.064057,0.199309,-0.016611,0.198058,-0.005902,0.242274,0.120196,-0.067699,0.058406,-0.300293,-0.011328,-0.169963,0.237025,0.071036,0.339502,-0.067273,-0.099434,-0.223114,-0.03267,-0.014766,0.313355,-0.147945,0.332919,-0.270905,-0.016223,-0.179525,-0.12452,-0.57877,-0.467442,-0.43289,0.284072,-0.028964,0.009113,0.197196,-0.000161,-0.421149,-0.201695,-0.006348,0.217523,0.310483,0.112734,0.134969,-0.212598,0.071335,0.014706,-0.124247,0.110975,-0.066348,0.004271,-0.385146,0.356066,0.008349,0.075337,0.404236,0.347657,-0.160581,-0.272709,-0.518433,-0.161109,0.336711,-0.24319,-0.525395,-0.00575,0.169475,-0.417075,0.22218,-0.071758,0.33015,-0.149417,-0.367277,-0.128781,#
11,0.064282,-0.09043,-0.06014,0.022275,0.211378,0.042277,-0.193779,-0.254467,-0.207739,0.136078,0.115248,1.0,-0.122335,-0.158623,-0.118986,0.180639,0.046466,0.213725,-0.210021,-0.027377,0.117031,-0.028412,-0.297938,-0.518593,-0.029285,-0.336935,-0.180632,0.059032,-0.060022,-0.023817,-0.042774,-0.248249,-0.115129,-0.127339,0.064117,0.239081,-0.308491,-0.082172,-0.06562,0.141096,0.237274,-0.037803,-0.122406,-0.264876,-0.199667,0.027719,-0.340245,0.327233,-0.103165,0.3672,0.023049,0.063717,-0.077676,-0.093169,0.110102,0.005247,-0.027193,-0.095826,0.079284,-0.204622,-0.128202,0.402651,0.247031,-0.564693,0.160782,-0.127045,-0.226674,-0.15921,-0.266753,0.277366,0.029503,-0.08955,-0.064506,0.356615,0.013027,0.200739,-0.300788,-0.148196,0.017002,-0.043019,0.023879,0.171737,-0.023692,-0.392858,0.096549,-0.198328,-0.047984,0.035269,-0.04217,0.27271,0.118435,0.108423,0.119695,0.140112,0.022291,0.541618,-0.024463,0.17776,0.192627,-0.035425,-0.182304,0.121552,-0.398466,-0.106886,-0.124431,0.034711,-0.141333,0.153308,0.159888,0.066734,-0.061816,-0.013962,-0.051195,-0.064908,0.037749,-0.261834,-0.055194,0.099829,0.365186,-0.00523,0.188075,-0.158412,0.041042,0.184956,-0.055044,-0.055402,-0.24972,-0.012309,0.410191,-0.115595,0.111356,0.295673,-0.001406,0.062159,0.08906,-0.402533,-0.127614,-0.104459,0.125345,0.173293,0.144141,-0.077322,0.041213,-0.057493,0.101248,0.162934,-0.035352,-0.282053,-0.14765,0.097085,0.023051,0.05717,-0.106886,0.119695,0.02626,0.220882,-0.038186,0.195162,-0.084981,-0.214071,-0.132962,-0.519459,0.075064,0.269406,-0.086931,0.059577,-0.12154,0.082107,0.270294,0.137937,-0.024429,0.348585,0.174486,0.02018,-0.18153,0.08739,-0.395281,-0.063826,0.027339,0.109858,0.001016,0.116269,-0.153284,-0.049515,0.044693,-0.186249,0.215212,0.400356,-0.198348,-0.113075,-0.135176,-0.028927,0.045662,0.122747,-0.462537,-0.38559,0.297713,-0.025423,0.136779,0.240602,#
12,0.618081,0.467044,-0.186749,-0.389216,0.057952,-0.154051,0.158299,0.136659,0.237408,0.467608,-0.472691,-0.122335,1.0,0.490723,0.133933,-0.207941,-0.190519,0.068555,0.00685,-0.183774,-0.317583,0.236096,0.507536,-0.047246,-0.406271,-0.16575,0.292652,-0.316636,0.192846,0.387603,-0.156402,0.042261,0.121305,-0.307826,-0.305072,0.351592,0.210733,0.013571,0.173425,-0.413709,0.032899,0.028766,0.118069,0.104709,0.03089,-0.475153,0.38165,0.113854,-0.312261,0.085387,-0.148502,-0.166686,0.014157,-0.092183,0.022699,0.096334,0.124951,-0.188614,0.317902,0.404784,0.672799,0.012208,-0.175187,-0.009677,0.139903,0.62244,-0.200758,0.279219,0.383651,-0.24883,0.006282,-0.177545,-0.371807,-0.307537,-0.310254,0.44487,0.12991,-0.198779,-0.076427,-0.173029,-0.383779,-0.314106,-0.267877,0.07783,-0.269542,-0.260661,-0.189592,0.143216,-0.151517,-0.3658,-0.202891,-0.128514,-0.474751,0.218428,-0.078304,-0.081068,0.22218,-0.098772,-0.013367,-0.184173,0.017161,-0.077068,-0.089916,0.14277,-0.093902,-0.194426,-0.25808,-0.138872,-0.309408,-0.319009,0.174092,0.324164,-0.040885,-0.332243,-0.204435,0.097705,-0.131241,-0.504441,0.127046,-0.550044,-0.08646,-0.390534,-0.261618,-0.315672,-0.157753,0.193066,0.055731,0.074947,0.268653,-0.019543,-0.603956,0.025794,-0.28923,0.00137,-0.49409,-0.026067,-0.26852,-0.381327,0.245503,-0.375151,-0.116369,-0.231574,-0.373874,-0.294454,-0.022495,-0.119482,-0.262822,0.414202,-0.210005,-0.649506,0.089983,-0.443796,0.142369,-0.481472,-0.037426,-0.213978,0.546023,0.581865,0.103818,-0.611852,0.163931,-0.079366,0.062727,-0.2327,0.319342,0.5909,-0.297739,-0.097499,-0.501669,-0.215838,0.056837,0.162312,-0.2386,-0.102198,0.521874,-0.400552,-0.018458,0.14623,0.71369,-0.199969,0.190584,0.112596,-0.115301,0.000655,0.351587,-0.16464,0.573003,-0.354051,-0.480843,0.503904,0.227993,0.255484,0.178747,0.445021,0.127812,-0.053815,0.181925,-0.184911,0.288738,0.35357,#
13,0.386616,0.243788,-0.15858,-0.175593,-0.127555,-0.154862,-0.143835,-0.092167,0.031415,0.413236,-0.49793,-0.158623,0.490723,1.0,0.310355,-0.29118,-0.441376,0.368856,0.067358,0.113959,-0.059489,0.537277,0.542923,0.245666,-0.107592,-0.025044,0.507238,0.069543,0.061043,0.7064,-0.108818,0.104864,0.137511,-0.009457,-0.057649,0.143769,0.184445,0.015487,0.26964,-0.288617,0.04411,0.310113,0.398731,0.101688,-0.120559,-0.630064,0.684875,-0.178478,-0.281515,-0.033119,-0.278045,-0.229115,0.076878,0.005271,-0.076792,-0.03402,0.008594,-0.091432,0.23039,0.285244,0.324063,-0.032367,-0.375586,0.122045,0.030017,0.020164,-0.126535,0.420234,0.018099,-0.04882,-0.139702,-0.034702,-0.274469,-0.001851,-0.302664,-0.06478,0.284145,-0.217407,-0.107966,0.112647,-0.208036,-0.350657,-0.028876,0.231325,-0.239835,-0.131804,-0.246711,-0.049677,0.106111,-0.250879,0.145417,-0.298521,-0.155864,0.216413,0.123219,0.019674,-0.121063,0.103329,-0.198879,-0.05998,-0.090599,-0.154083,-0.066645,-0.13356,-0.155987,0.147481,0.016246,-0.418482,-0.179387,-0.148391,0.218382,0.179891,0.001916,0.112413,-0.212904,-0.140635,-0.170443,-0.314622,0.12452,-0.399253,-0.15256,-0.308259,-0.234597,-0.188738,-0.273524,0.189752,-0.095802,-0.039185,0.216511,0.065206,-0.037934,0.115562,-0.449377,-0.149979,-0.606096,-0.115129,-0.015283,-0.047926,0.34854,-0.208324,0.013638,-0.564885,-0.252254,-0.427026,-0.352063,-0.165917,-0.024667,0.077111,-0.395354,-0.316025,-0.0754,-0.510456,0.231368,-0.37185,0.002964,-0.06599,0.41692,0.311519,0.17682,-0.2928,0.115127,-0.21253,-0.008658,0.032272,0.179111,0.366097,-0.052736,0.090052,-0.170016,-0.122102,-0.09269,0.130991,-0.303277,-0.26563,0.282498,-0.543212,0.018235,0.03447,0.550476,-0.304769,0.330826,-0.090659,-0.216396,-0.179317,0.055966,0.135359,0.18466,-0.283013,-0.315245,0.294113,0.10596,0.041309,-0.11855,0.292348,0.023961,-0.072597,0.020792,-0.130753,0.503733,0.118099,#
14,0.037198,0.372097,-0.034791,-0.254811,0.184616,-0.232871,0.259591,-0.120196,-0.021638,0.114084,-0.083967,-0.118986,0.133933,0.310355,1.0,0.035807,-0.16887,-0.114306,0.394457,-0.21017,-0.394239,-0.018404,0.261973,0.201053,-0.129282,-0.069153,0.183166,0.247768,0.376086,0.274226,-0.499816,-0.1626,-0.056366,-0.013649,0.16994,0.347997,-0.005462,-0.265164,0.189287,0.237949,-0.382525,0.069018,0.280282,0.115319,0.366008,-0.055818,0.276237,-0.17936,-0.285717,0.094693,0.103771,-0.264579,-0.022575,0.028708,0.061133,-0.389672,-0.267277,0.026516,-0.085505,-0.168798,-0.03541,0.145348,-0.260225,0.231325,-0.137232,-0.06576,-0.161361,-0.02328,-0.080094,-0.329453,-0.349134,-0.431734,0.074071,-0.432112,-0.28815,0.304652,-0.099835,-0.430219,-0.301228,-0.200788,-0.450181,-0.606209,-0.606813,0.332339,-0.386043,-0.099424,-0.381231,-0.266894,-0.390124,-0.221729,-0.068471,-0.172062,-0.069937,-0.171371,-0.414781,-0.310083,-0.512085,-0.098269,-0.432289,0.094426,0.210546,-0.431046,-0.357329,-0.663311,-0.315303,0.061918,-0.310257,-0.072634,-0.282409,-0.09024,-0.26473,0.3035,-0.358571,-0.398971,-0.288435,-0.153352,-0.083292,-0.380956,-0.439167,-0.204912,-0.301389,-0.13944,-0.454106,-0.151644,-0.100094,-0.521823,-0.183667,0.004176,-0.171653,-0.324098,0.127326,-0.066943,-0.621097,0.193608,-0.367077,-0.306344,-0.101252,0.158155,0.043914,-0.26698,-0.230903,-0.110718,-0.024445,-0.149949,-0.537492,-0.338566,-0.272294,0.34848,-0.620428,-0.066569,-0.433051,-0.535266,-0.147352,-0.241711,-0.280638,-0.50582,-0.185519,0.090304,-0.353814,0.046828,0.363764,-0.44219,0.340303,0.091327,-0.354492,0.069889,-0.043347,0.389148,0.074876,-0.125872,0.447579,0.190319,-0.154979,-0.473179,0.452872,-0.361809,-0.306344,0.266823,0.196778,-0.129141,0.346826,-0.004688,0.335917,0.264964,0.395275,-0.407785,0.061851,-0.273919,-0.090545,0.222301,-0.082407,0.596112,0.403847,0.468033,0.010958,-0.09302,0.196624,-0.273449,-0.162106,0.018502,#
15,0.0827,-0.150315,-0.190919,-0.109143,0.344296,0.055995,0.224469,0.242835,-0.457908,0.226617,0.282645,0.180639,-0.207941,-0.29118,0.035807,1.0,-0.043137,-0.092651,0.010654,-0.015455,-0.061848,-0.072622,-0.129455,-0.061038,0.111768,0.137467,-0.100393,-0.230043,0.331222,-0.073917,-0.379686,-0.227139,-0.052005,0.030711,-0.020192,0.1552,-0.433041,0.162896,0.182854,0.337464,-0.242824,-0.232219,-0.668077,-0.280038,-0.158055,0.219548,0.091202,0.173982,-0.262414,-0.091345,0.076136,-0.032125,-0.139684,0.000715,0.207793,-0.115714,-0.121939,0.149662,-0.334414,-0.375513,-0.135885,0.349076,0.099289,-0.098429,0.030029,-0.123042,-0.242824,-0.001682,-0.006001,-0.055449,-0.182194,-0.362303,0.011601,0.190385,-0.02013,0.084687,-0.294817,-0.101341,-0.295538,0.050562,-0.323371,-0.19682,0.0305,-0.0502,0.31031,-0.187242,-0.150245,-0.294817,-0.064369,0.031959,0.016897,-0.160889,0.126514,-0.132797,-0.184437,0.288906,0.037802,0.183854,-0.084582,-0.160367,0.078052,-0.168784,-0.445567,-0.01943,-0.108297,-0.119546,-0.497314,0.195426,-0.198517,-0.153275,-0.196422,-0.24498,0.142816,-0.268631,-0.119614,-0.104006,-0.06426,0.236174,0.09027,0.106917,-0.112407,0.100777,-0.003078,-0.185514,-0.290124,0.042321,-0.245044,-0.09474,-0.248222,-0.224572,-0.085011,-0.062041,-0.204432,-0.124333,0.018451,-0.102033,0.059869,-0.045017,-0.20854,-0.103714,0.135203,-0.095613,-0.016795,0.170305,-0.061138,-0.227783,0.027483,-0.013768,-0.124033,-0.081118,-0.190916,0.073162,-0.229917,0.126514,-0.08463,0.005406,-0.052811,-0.039979,-0.388391,0.316337,0.152054,-0.053674,0.026311,0.107838,-0.614913,-0.205534,0.178659,-0.09812,0.083502,-0.102033,0.203938,-0.377818,-0.126092,-0.008655,-0.166908,-0.081774,-0.102033,-0.197745,-0.22365,0.320703,0.150516,-0.068012,0.066437,-0.184041,0.084504,-0.039308,-0.016943,0.101763,-0.009879,-0.106849,-0.116127,-0.089788,0.070759,-0.058238,-0.140002,-0.210239,-0.062514,-0.136976,-0.013579,-0.067456,#
16,0.024944,0.173663,0.111737,-0.082343,0.047748,0.420697,-0.125286,-0.165995,0.07317,-0.341218,0.224435,0.046466,-0.190519,-0.441376,-0.16887,-0.043137,1.0,0.043453,0.075339,-0.219878,0.068059,-0.281007,-0.062651,-0.374051,0.161587,-0.113631,-0.321235,-0.095761,-0.276153,-0.256039,0.062359,0.233424,0.057827,-0.259437,0.011159,0.138532,0.349564,-0.164003,-0.371491,-0.040324,0.319774,-0.229898,-0.044728,0.340687,0.423276,0.060564,-0.46991,0.200348,0.012875,0.015715,0.21543,-0.11871,0.257161,-0.353957,0.033407,0.048652,-0.430145,-0.279248,-0.054556,-0.275535,-0.12485,0.258792,0.281005,-0.106228,-0.077266,-0.069314,-0.148718,-0.161212,0.179542,0.260716,0.008335,0.247496,0.305984,-0.138045,-0.120897,0.043046,-0.411136,0.09391,-0.16688,-0.236367,0.266426,0.02633,0.008464,-0.324256,-0.188929,-0.344265,-0.234057,-0.234493,0.057221,-0.233151,-0.069098,0.025144,-0.116971,-0.11802,-0.219909,-0.162973,0.199935,-0.201535,-0.245304,-0.072335,0.127075,0.018535,-0.170295,-0.050533,0.006876,-0.262918,-0.012387,0.192829,0.022729,-0.035419,0.338188,-0.105149,-0.125536,-0.114089,0.100441,-0.010109,-0.44385,0.006531,0.091447,0.002091,-0.343408,-0.165132,-0.057206,-0.134015,0.131577,-0.314102,-0.104187,-0.086484,-0.259697,0.127579,0.145338,0.054642,0.143415,0.085699,0.016211,-0.047641,0.23016,-0.226487,-0.045054,0.07981,-0.446428,0.240584,-0.06807,0.034789,0.063797,0.22349,-0.163747,0.105081,0.086142,0.044749,-0.382396,0.289068,0.126526,0.044749,-0.06785,-0.395419,-0.175551,0.138382,-0.264077,0.14235,-0.052333,0.050488,0.294045,-0.019144,-0.056169,0.211895,0.035045,0.026797,-0.104442,-0.421104,-0.227092,-0.107057,-0.028982,0.13916,-0.051418,0.063797,-0.040318,0.261993,-0.128146,-0.009636,-0.237714,0.157451,0.089114,0.101502,-0.232682,-0.041337,0.056649,0.393315,-0.01747,-0.020574,0.016536,0.070952,0.27664,-0.005075,0.019767,0.531664,0.283733,0.024802,-0.225009,-0.231032,#
17,0.229513,0.248732,0.282765,0.022921,-0.120032,0.0001,-0.262523,-0.291812,-0.015991,-0.024263,-0.079446,0.213725,0.068555,0.368856,-0.114306,-0.092651,0.043453,1.0,-0.071707,0.286559,0.11856,0.311289,0.062287,-0.168641,-0.001466,0.080619,0.117619,0.167393,-0.09252,0.335506,0.138648,0.246857,0.09231,0.03697,0.274448,0.222505,0.13721,-0.008121,-0.133815,-0.089412,0.203636,0.191274,0.103812,0.0175,-0.20927,-0.352784,0.209267,0.111569,0.101374,-0.078622,0.009479,-0.190152,-0.103606,-0.162416,-0.150305,-0.205137,-0.313106,-0.292225,-0.115834,-0.12781,0.019259,0.303056,0.284559,-0.206285,-0.237737,-0.058447,-0.045024,0.276133,0.064529,0.519507,0.192031,0.116368,-0.445014,0.154171,-0.011599,-0.170974,0.191551,-0.176487,-0.096949,-0.216599,0.222343,0.030075,0.297258,-0.082102,0.053607,-0.031877,-0.044697,0.204119,0.274334,0.084542,0.279327,0.074781,0.083953,0.30277,0.02693,0.488813,0.296611,-0.027812,-0.290854,-0.494863,-0.212427,-0.014226,-0.042821,0.37102,-0.135626,0.049634,-0.095771,-0.365094,-0.147792,0.286971,0.289804,0.001546,0.081599,0.287446,0.214956,0.023546,-0.06133,-0.265768,0.373154,-0.148884,0.0326,-0.059709,-0.134669,0.006954,-0.081451,0.102375,-0.013264,0.16854,0.26935,0.229309,0.275413,0.115697,-0.012995,-0.25487,-0.083339,-0.05572,0.126223,-0.098837,0.133373,0.15487,0.121576,-0.301236,-0.159332,-0.351383,-0.245202,0.082667,0.118004,-0.213142,0.023159,-0.081115,-0.15336,-0.243879,0.555016,-0.087463,-0.14279,-0.096369,0.246385,0.261175,-0.071466,-0.089375,-0.226664,0.041638,0.111598,-0.019306,-0.227489,0.226891,0.202817,0.08429,0.244842,0.149742,-0.350944,-0.031191,-0.428429,-0.157326,-0.056471,-0.09695,0.13114,0.019741,0.267441,-0.418129,0.067524,0.07291,-0.365902,-0.192897,-0.287241,-0.101467,0.059627,0.19173,-0.273043,-0.096548,0.041041,-0.019954,-0.129566,0.098736,-0.269468,0.024094,-0.063825,0.149465,0.488329,0.249724,#
18,-0.414021,0.07864,-0.026798,-0.290593,0.043536,-0.482525,0.130469,-0.02784,0.267859,0.031263,0.134272,-0.210021,0.00685,0.067358,0.394457,0.010654,0.075339,-0.071707,1.0,-0.367236,-0.042073,-0.380927,0.015928,-0.003301,-0.030687,0.108354,0.134552,0.286974,0.073353,0.198779,-0.269674,0.101265,0.226835,-0.116919,0.407288,0.266565,0.294579,-0.32942,-0.073535,0.037659,-0.19685,-0.060798,0.344769,-0.079664,0.120072,-0.103357,0.085679,-0.312492,0.160123,0.144274,-0.151222,-0.054474,-0.064526,0.125106,0.202886,0.073948,-0.285012,-0.081717,-0.095601,-0.243143,-0.128563,0.157306,0.049933,0.447208,-0.057015,-0.085837,-0.052421,0.069837,0.112128,-0.087132,-0.280174,-0.416489,0.176598,-0.292911,0.011688,0.262004,0.014889,-0.039139,0.168821,-0.36823,-0.344711,-0.317111,-0.560282,-0.110574,-0.399486,-0.065788,-0.271914,-0.188841,-0.209312,-0.057841,-0.213579,-0.233909,-0.21561,-0.39999,-0.481288,-0.272529,-0.066716,-0.119269,-0.31033,-0.213877,-0.234616,0.096307,-0.120822,-0.309225,-0.185236,0.028235,-0.18744,-0.176298,0.022086,-0.020727,-0.008756,0.019994,-0.086963,-0.211997,-0.149965,-0.326072,-0.062216,-0.116458,-0.257692,0.043021,-0.263974,-0.129848,-0.567091,-0.152825,-0.126881,-0.415346,-0.254795,0.107655,-0.327261,-0.443391,0.13419,-0.213676,-0.220953,0.02796,0.088693,-0.238574,0.07553,0.055446,-0.202921,-0.148924,-0.367862,0.19243,0.004052,-0.400765,-0.440592,-0.149605,-0.401663,0.264754,-0.353899,-0.034542,-0.390543,-0.110165,0.068874,-0.21561,-0.350247,-0.327782,-0.096589,0.072832,-0.12071,0.134665,0.296611,0.004584,0.321421,0.070486,-0.11503,-0.108214,0.049263,0.383778,-0.213504,0.002313,0.237807,0.06432,0.039296,-0.231738,0.261566,0.104708,-0.082217,0.188824,0.070183,-0.10526,0.134549,0.150518,0.570421,0.069656,0.031212,-0.089448,-0.258278,-0.157509,0.029397,0.075512,-0.186342,0.140402,0.22886,0.152445,0.222794,-0.06652,0.301863,0.007963,-0.466103,0.045505,#
19,-0.031777,-0.204627,0.175337,0.601025,-0.032743,-0.062028,-0.467447,-0.087645,-0.471979,-0.150337,-0.337999,-0.027377,-0.183774,0.113959,-0.21017,-0.015455,-0.219878,0.286559,-0.367236,1.0,0.355787,0.039564,-0.037629,0.074578,0.207054,0.190665,-0.138805,0.106981,0.02879,-0.11873,0.392213,0.066474,0.135497,0.074492,-0.065849,-0.535024,0.038409,0.209641,-0.332501,-0.209396,0.233882,0.369916,-0.114943,0.099851,-0.274454,0.113115,0.308463,0.148366,0.240579,-0.139709,0.14347,0.197293,0.331606,-0.046743,0.066647,0.10113,0.210484,-0.333521,-0.117138,0.108104,-0.245141,-0.155701,0.345997,-0.082435,0.031238,-0.113416,0.215193,0.220239,-0.318039,-0.028525,0.296412,0.196736,0.068101,0.451442,0.261501,-0.407467,0.444654,0.140491,0.289719,0.353818,0.447289,0.439079,0.528028,0.499229,0.20367,-0.006382,0.360093,0.450914,0.521298,0.177426,0.534118,0.205173,0.528718,0.209978,0.307085,0.278849,0.195106,0.139788,-0.051157,0.236511,-0.282876,0.226668,0.204941,0.426795,0.43226,0.618576,0.304482,-0.327533,0.303398,0.156639,-0.0067,-0.417673,0.223831,0.685914,0.266867,0.282381,0.187594,0.377631,-0.031549,0.083995,0.418986,0.247153,0.486492,0.298802,0.277795,0.052153,0.227637,-0.052301,-0.187506,0.292598,0.190258,0.402224,0.317613,-0.145146,0.19888,0.189472,0.385672,0.087176,0.174376,0.463685,0.328492,-0.261829,0.140946,0.210189,0.401704,0.306862,0.701067,-0.567488,0.598871,0.019391,0.306748,0.185694,0.266879,0.35795,0.160668,0.298455,0.042987,-0.071482,0.275049,0.185648,-0.408455,0.077334,-0.423291,0.143598,-0.087309,-0.353184,0.304081,-0.175445,0.207091,0.163781,-0.394764,0.003788,0.286321,0.328395,-0.267962,0.21699,0.375625,-0.416077,-0.320739,-0.010391,-0.217759,-0.313294,-0.242699,-0.122658,-0.366175,0.177464,-0.043267,0.340445,0.133315,-0.523782,0.334133,-0.300692,-0.517806,-0.271431,0.061291,-0.11977,-0.637568,0.364165,0.258437,0.152394,#
20,-0.198695,-0.384901,0.015594,0.316222,-0.17234,-0.186328,-0.504326,-0.057883,-0.034751,-0.217897,-0.019697,0.117031,-0.317583,-0.059489,-0.394239,-0.061848,0.068059,0.11856,-0.042073,0.355787,1.0,-0.351864,-0.362713,0.180254,0.50012,0.396385,0.025154,0.30917,-0.036624,-0.16224,0.616255,0.287298,0.213171,0.016291,0.241976,-0.440398,0.123203,0.164268,-0.226715,-0.082531,0.3502,-0.119531,-0.009002,-0.214514,-0.16783,0.119902,0.095569,-0.016433,0.185127,0.020236,0.079317,-0.102061,0.278139,0.117806,0.038632,0.307916,-0.128533,0.12602,0.004291,0.108739,-0.124501,-0.045692,0.264455,-0.265738,-0.019088,-0.103914,-0.121774,0.21278,-0.41114,-0.08206,0.101737,0.090256,0.288718,0.616115,0.279363,-0.473524,0.337097,0.502344,0.249347,0.368619,0.156923,0.616115,0.496828,0.220806,0.074396,-0.043657,0.374307,0.17268,0.834151,0.355841,-0.134582,0.100919,0.341148,0.108234,0.373043,0.276599,0.1007,0.214296,0.155542,0.224006,-0.269521,0.481863,0.056415,0.247323,0.43894,0.342751,0.260075,0.09366,0.447887,0.381342,-0.009207,-0.355888,0.146448,0.497378,0.336293,0.279932,0.179629,0.445177,0.336539,0.626834,0.420453,0.390361,0.220902,0.641583,0.273498,0.110058,-0.35598,-0.382382,0.188141,0.252273,0.214553,0.344275,0.383284,-0.149629,0.258886,0.109356,0.21988,0.070323,0.257554,0.662715,-0.002705,0.085795,0.39823,-0.081598,0.135878,0.224962,0.506177,-0.638754,0.335716,0.317698,0.205092,0.274143,0.408587,0.513904,0.002838,0.237761,-0.057017,-0.194603,0.389498,0.31213,-0.365872,-0.007774,-0.135292,-0.061627,0.193465,-0.360745,0.421593,-0.026367,0.175775,0.090773,-0.364905,-0.075199,0.422587,0.041094,-0.440199,0.315556,0.31244,-0.277476,-0.330498,0.114811,-0.277332,-0.104154,-0.153956,-0.150556,-0.161331,0.232522,-0.200114,0.451479,0.183209,-0.423495,0.086297,-0.508187,-0.343229,-0.437203,-0.181703,-0.040546,-0.236179,0.456763,0.327871,-0.089727,#
