0,1.0,0.13673,0.061078,-0.127592,0.33031,0.0668,0.191498,0.095181,0.250078,0.022519,-0.151355,0.174636,0.422905,0.386084,-0.219845,-0.131043,-0.042705,0.110135,0.206667,-0.163361,-0.205107,-0.197511,0.339336,-0.288996,-0.228739,-0.3816,-0.203626,-0.033537,0.256761,0.360579,-0.297936,0.011425,-0.220777,-0.26805,-0.134601,-0.064748,-0.084822,0.171338,0.069533,-0.048834,0.146477,0.202832,0.049508,0.045741,-0.152995,-0.378357,0.444067,0.36037,-0.282321,0.087488,-0.006428,0.0744,0.110286,0.055397,-0.171907,0.206791,0.2391,-0.140125,-0.162442,-0.015622,0.188919,0.204854,0.207966,-0.161737,0.086573,0.409468,0.064374,0.222564,0.191326,-0.099888,0.189511,-0.046196,-0.125159,-0.132531,-0.225694,0.407786,-0.049153,-0.165629,-0.036623,0.156117,-0.436022,-0.082418,-0.116777,0.27143,-0.080363,-0.080202,-0.169065,-0.140743,0.224345,-0.258169,-0.326852,-0.079711,-0.251792,0.248976,0.095525,-0.247552,0.072198,-0.117592,0.067285,-0.344657,0.082348,-0.355349,0.143316,-0.106186,-0.231339,0.100533,0.046267,0.025103,-0.383344,0.011431,0.32012,-0.010983,-0.139559,-0.281488,-0.275733,-0.355349,-0.229311,0.025166,0.17756,-0.429436,-0.046716,-0.390302,-0.218062,-0.299144,-0.16741,0.120384,-0.399205,-0.087291,0.116953,-0.236974,-0.072521,-0.02739,-0.117105,0.16141,-0.274265,-0.28339,0.091408,-0.233784,-0.178215,-0.177014,0.029747,-0.2651,-0.420611,-0.14849,-0.097916,-0.053261,-0.466853,0.317333,-0.055419,-0.055585,-0.286254,-0.380281,-0.084718,-0.120448,-0.284146,-0.060208,0.364543,0.279932,-0.270264,-0.061112,-0.283558,-0.090527,-0.242682,-0.106277,0.114935,-0.282547,0.176766,0.079324,-0.130508,-0.180317,-0.025112,0.160354,-0.214951,-0.034348,0.256865,-0.055419,0.067944,0.111386,0.323709,-0.470878,0.055767,0.047761,-0.28712,-0.028731,0.497877,0.03539,0.263575,0.289492,-0.246254,0.440537,0.112198,-0.221281,0.428157,0.431249,-0.090388,0.191879,0.375888,-0.27875,-0.310814,0.054535,#
1,0.13673,1.0,0.028523,-0.140678,0.144103,-0.065148,0.260606,0.252786,0.175777,0.367615,-0.128163,0.14074,0.144303,0.088591,0.146261,0.08947,-0.21201,0.322679,0.235116,0.239451,0.00473,0.33846,0.038249,0.062478,-0.25617,0.109316,0.303831,0.11001,0.1787,0.378575,-0.532614,0.383347,0.097068,0.266654,-0.064272,-0.140274,0.17994,-0.000375,-0.151599,-0.210041,-0.15051,0.451605,0.225683,0.015875,-0.174388,-0.463462,0.393946,0.424779,0.106475,0.232788,0.217351,-0.284518,-0.037783,0.081558,0.066526,0.189802,-0.318175,-0.235525,-0.129397,-0.002067,-0.060031,0.291257,-0.130549,0.361462,0.069882,-0.016208,0.267186,0.213412,-0.015439,-0.163034,-0.106788,-0.219131,0.134424,-0.014862,-0.115155,0.191585,-0.223375,-0.174564,-0.221197,-0.3728,-0.301014,-0.108323,-0.280904,0.064596,-0.329529,-0.067088,-0.204734,0.031957,0.024368,0.049774,0.183177,-0.12925,-0.264627,0.209927,-0.094239,0.298649,0.23028,-0.14265,-0.12313,-0.222669,-0.009983,-0.351738,-0.583114,0.058004,-0.596161,-0.224295,-0.446307,-0.400935,-0.271935,-0.191629,0.169931,0.245336,-0.01127,-0.29164,-0.114504,-0.014329,-0.096546,-0.296667,0.212838,-0.172372,-0.205658,0.070847,-0.244601,-0.400249,0.101185,-0.034648,-0.214854,-0.101878,-0.125519,-0.020084,-0.108323,-0.237489,-0.120417,0.197828,-0.108323,0.05953,-0.220234,-0.085953,-0.070312,-0.266178,-0.007386,0.074328,-0.419577,0.086068,-0.304518,-0.335747,-0.135831,0.212215,-0.291829,-0.244166,-0.118791,-0.244601,-0.084574,0.075849,-0.151414,-0.020179,0.220316,0.234344,-0.143938,0.16828,-0.189408,-0.084656,0.11417,0.143647,0.11396,0.388508,0.141606,0.278931,-0.290026,0.183753,-0.372248,0.046389,-0.204512,-0.192919,0.297574,0.107411,-0.098343,-0.07302,0.012289,-0.33536,0.145622,-0.015843,-0.090927,0.095071,-0.000676,-0.202444,0.107356,0.044966,-0.253337,0.30325,-0.200777,0.329583,0.258002,0.047212,-0.049073,-0.128913,0.370596,-0.134537,-0.044439,-0.012443,#
2,0.061078,0.028523,1.0,0.373436,0.253994,-0.331285,-0.009277,-0.02005,-0.021808,0.134945,-0.238497,-0.14383,0.036536,-0.150513,-0.420211,-0.258206,0.04206,0.007667,0.147301,-0.188262,0.148567,-0.115072,-0.1649,0.022347,-0.167454,-0.128546,0.231926,-0.533901,-0.362353,0.309351,-0.087582,0.15171,-0.240425,0.213562,-0.250092,-0.359691,0.141752,-0.112093,0.190373,-0.099861,0.081959,-0.075526,0.048885,-0.182916,0.01002,-0.024403,-0.071253,0.262041,-0.142394,-0.218966,-0.193713,0.071748,0.073294,0.326866,-0.105481,-0.287618,-0.035587,-0.12171,-0.121267,-0.138961,-0.172382,-0.179312,-0.443153,-0.047101,-0.120803,0.015126,-0.154318,-0.152501,-0.112393,0.148567,0.043816,0.168479,0.098019,0.280492,-0.022601,0.100818,-0.151882,-0.075023,-0.152424,0.401346,0.120338,0.1549,-0.015291,0.177116,0.14614,-0.148809,-0.091367,0.156739,0.119419,-0.012392,-0.222961,-0.201515,0.156112,-0.000684,-0.353465,0.075135,0.175201,0.157332,0.146285,0.04529,-0.070496,-0.039271,0.210789,0.17809,-0.198228,-0.114072,-0.003286,-0.026023,0.008798,0.268005,0.130385,0.183316,-0.086916,-0.013684,0.168533,0.14201,0.02214,-0.226161,0.127045,-0.038758,-0.259251,-0.000298,0.40437,-0.082083,-0.165212,0.242368,-0.286775,0.106692,0.087503,0.31355,0.32614,-0.101221,-0.216291,0.029281,0.1549,0.02029,0.361091,0.167914,-0.150991,-0.162722,0.31391,0.280617,-0.065048,-0.348154,-0.030811,0.27557,0.010999,0.213976,-0.194103,0.0503,-0.420789,0.214051,0.399327,-0.171861,-0.022039,-0.250089,-0.011559,0.055357,0.153034,-0.083678,-0.07978,0.028879,0.479577,-0.009221,0.21932,-0.153618,-0.277901,-0.510125,0.049666,0.133189,-0.119564,-0.056916,-0.114311,0.049749,-0.107398,0.012623,-0.010338,-0.149859,-0.401675,-0.0323,0.044191,-0.181803,0.035808,-0.124917,-0.183632,0.059011,0.082312,-0.321496,-0.153636,0.054634,0.406666,-0.067492,0.17599,0.024485,0.10931,-0.3926,-0.042191,0.324895,0.130389,-0.010992,#
3,-0.127592,-0.140678,0.373436,1.0,0.168769,-0.32515,-0.17271,-0.347382,-0.08647,0.070981,0.392383,-0.170264,-0.016761,-0.303847,-0.126255,-0.082319,0.065136,0.005165,0.174311,0.125158,0.239845,-0.227501,-0.138485,0.214891,-0.08847,0.185947,0.142313,-0.440342,-0.294839,-0.141445,0.31872,-0.097749,0.137044,0.008706,-0.057482,-0.521501,-0.246518,0.045536,-0.07698,0.189878,0.159467,-0.210546,-0.035751,-0.254987,0.21106,0.016304,-0.283753,-0.237841,0.020236,-0.319009,-0.235545,0.311311,-0.134937,0.3348,0.055904,0.054379,-0.178066,0.062937,0.054664,-0.209205,-0.198888,0.031511,-0.237899,-0.265615,-0.182655,-0.287514,0.016988,-0.169244,-0.347622,0.563005,-0.020141,0.471869,0.226412,0.565825,0.254788,-0.198894,-0.0623,-0.079489,0.354623,0.403274,0.197778,0.273333,0.223216,-0.04391,0.157667,0.06788,0.024162,0.466602,-0.01024,0.27068,0.136204,0.033937,0.106887,-0.132165,0.036262,0.330576,0.371134,0.310351,0.064981,0.455903,0.084831,-0.195494,0.613522,0.120229,0.031155,0.19944,-0.165279,0.142367,0.141447,0.376555,-0.017163,-0.189273,0.306072,0.094087,0.077084,0.057596,0.412191,0.115031,0.034503,0.200285,0.322221,0.08977,0.393802,0.012852,0.053946,0.178083,-0.167276,0.195634,0.226597,0.242259,0.526159,0.08092,-0.290638,-0.283586,0.28238,0.353858,0.121776,0.174445,-0.143955,0.355855,0.299406,0.199738,0.22229,-0.215516,-0.045967,0.359187,0.25247,-0.369095,0.049542,0.403818,0.004328,0.35687,0.272323,0.109573,0.421401,-0.027522,-0.209366,-0.378002,0.450493,-0.036195,-0.380322,0.005331,0.221173,-0.113976,-0.286485,0.128175,0.238747,-0.129967,0.023584,0.060807,-0.235739,-0.11626,-0.169339,0.177372,-0.226657,0.039682,0.102102,-0.109382,-0.35988,0.450843,-0.510924,0.09366,-0.014909,-0.040877,-0.019674,-0.089823,-0.00993,-0.205571,0.18543,-0.411336,0.181749,-0.042679,-0.332103,-0.184851,-0.09251,-0.496831,-0.274746,0.181864,-0.30115,-0.073669,#
4,0.33031,0.144103,0.253994,0.168769,1.0,-0.039703,0.397184,-0.045634,0.117412,0.249451,0.105544,0.027296,0.106511,-0.045415,0.061612,-0.2939,0.159645,-0.005921,-0.318226,-0.073727,-0.30232,0.207979,0.097878,0.147858,-0.359238,0.112579,0.057821,-0.12159,-0.037279,0.428566,-0.089752,0.044664,-0.260297,-0.013976,-0.331725,-0.065099,-0.181607,-0.191244,0.379402,0.323469,-0.137242,0.067174,-0.1211,-0.188333,-0.031732,0.085775,0.061234,0.372604,-0.256453,0.144008,0.304107,-0.422631,0.009265,0.116392,0.389895,-0.22193,-0.290645,0.319985,-0.365523,-0.192944,0.05604,0.193166,0.02315,0.088468,0.097352,0.274137,-0.012317,0.176651,0.173845,-0.190519,0.135709,-0.386883,0.305479,-0.37566,-0.316078,0.333891,-0.390142,-0.454691,-0.284919,-0.081034,-0.48464,-0.138225,-0.436242,-0.098952,-0.2152,-0.441215,-0.512799,-0.274505,-0.172897,-0.309922,-0.373214,-0.157286,-0.241621,0.044917,-0.281123,-0.335255,-0.073557,0.232324,0.204912,-0.05618,0.089289,-0.262768,0.085321,-0.082581,-0.277291,-0.38479,-0.121094,-0.16624,-0.241839,0.208657,0.031563,-0.04013,-0.230163,-0.413716,-0.145449,-0.122033,-0.061943,-0.527112,-0.133843,-0.131096,-0.336385,-0.441739,-0.094912,-0.237608,0.143079,-0.065153,-0.502834,-0.298663,-0.451085,-0.110206,-0.296891,-0.148539,-0.402948,-0.248975,0.017016,-0.559804,0.329606,-0.254957,-0.142442,-0.305299,-0.114984,0.392517,-0.117549,-0.121878,-0.559153,-0.345467,-0.402097,0.279976,-0.340345,-0.043866,-0.193098,-0.101701,-0.382238,-0.075102,-0.384159,-0.129066,0.204944,0.075797,-0.369871,-0.309028,0.046215,-0.374669,0.233954,-0.082272,-0.12491,0.258489,0.056955,0.251298,-0.00656,-0.272175,0.12572,-0.213842,-0.341699,-0.427075,0.14686,-0.395853,-0.246467,-0.094404,0.004465,-0.097247,-0.050467,0.107656,0.162945,0.255883,0.071336,0.294034,0.160415,-0.13528,0.131731,0.306545,0.090011,0.416477,0.394598,0.398609,0.209332,-0.140995,0.168737,-0.186146,-0.566039,0.310015,#
5,0.0668,-0.065148,-0.331285,-0.32515,-0.039703,1.0,0.179729,0.048507,0.029712,0.141731,0.13462,-0.058611,-0.295164,0.37776,0.426097,0.134551,0.054447,-0.227658,-0.125357,-0.053187,-0.187428,0.057881,0.123634,-0.151845,0.139166,-0.302526,-0.14405,0.305915,0.179577,-0.0112,0.246063,0.238554,0.04285,-0.32104,-0.181875,0.061667,-0.207681,0.223401,0.012086,0.042872,-0.207385,0.150098,-0.081754,0.536985,-0.022079,-0.030366,-0.03187,-0.034615,0.179712,0.551577,0.106003,0.072274,0.239068,-0.382899,-0.096684,0.075497,-0.03556,0.186718,-0.035686,0.354215,0.378702,0.281552,0.022553,0.271285,0.250066,0.150509,-0.139755,0.25843,-0.103291,0.181579,-0.121087,-0.252808,0.124205,-0.272809,-0.181869,0.10019,0.184972,0.096218,-0.162949,-0.154527,-0.215869,-0.030122,-0.059966,0.025199,-0.223506,-0.012662,-0.092775,-0.536331,-0.199079,-0.328345,-0.078427,-0.015779,-0.180474,0.014503,0.159242,-0.114966,-0.021761,-0.195204,0.001819,-0.277427,-0.380897,-0.025724,-0.167065,-0.167922,0.168957,0.015179,0.098506,-0.129231,-0.133244,-0.37581,0.27518,0.258793,-0.253432,-0.332861,-0.332306,-0.377591,0.005695,-0.079629,-0.035593,-0.191745,-0.121576,0.146418,-0.152769,-0.011935,-0.308481,0.027981,0.062681,0.218788,-0.256259,-0.277857,-0.02714,-0.09848,-0.051754,0.266692,-0.19117,-0.188485,0.031526,-0.300605,-0.135704,-0.149248,0.101863,-0.362008,-0.457706,-0.062684,0.117513,-0.076052,-0.162015,0.185019,0.410223,-0.161819,0.011005,0.016279,-0.000161,0.301152,-0.406815,0.109237,0.136462,0.182788,-0.399361,0.109581,-0.152943,0.031382,-0.250333,0.086137,0.023565,0.007819,0.094909,0.20586,0.024815,-0.198453,0.357554,0.01431,0.221978,0.16913,0.222704,0.19268,0.140531,0.012987,0.39633,-0.055946,0.189939,0.390517,0.03668,0.203226,-0.028613,-0.153947,-0.089864,0.116641,-0.005495,0.373726,0.026724,-0.249668,0.180289,-0.098291,0.039665,0.126458,0.119209,-0.203796,0.036406,0.191004,#
6,0.191498,0.260606,-0.009277,-0.17271,0.397184,0.179729,1.0,0.36285,0.390703,0.032599,0.085054,-0.063851,0.128689,0.15983,0.247899,-0.06781,-0.288831,-0.029648,-0.019284,0.296963,0.147481,0.453422,0.352562,-0.285787,-0.188337,-0.022677,0.175721,-0.162691,0.10415,0.313484,-0.368588,0.163184,-0.029482,0.071629,-0.035715,-0.090139,0.134157,-0.231169,0.08266,0.287659,0.050383,0.239044,-0.165058,0.092367,-0.119037,0.005016,0.057607,0.458484,0.196702,0.16472,0.490204,-0.148818,0.065291,-0.295445,-0.011545,0.129844,0.083147,0.227991,-0.013579,0.195126,0.288861,0.211549,-0.263421,0.229237,0.239212,0.249599,-0.132156,0.090183,0.211136,-0.196884,0.222058,-0.427887,0.208562,-0.39423,-0.469983,0.388923,-0.207782,-0.291611,-0.343598,-0.15056,-0.426445,-0.315313,-0.139047,-0.54121,-0.425974,-0.279417,-0.203314,0.026357,-0.451661,-0.135701,-0.22331,-0.31771,-0.346182,0.194865,-0.484077,-0.117396,-0.041984,-0.210089,0.014198,-0.23186,-0.23304,-0.030534,-0.176614,-0.017516,-0.303881,-0.228847,0.176495,-0.20636,-0.205295,-0.119595,0.385669,0.163799,-0.406805,-0.538626,0.015897,-0.030534,-0.059749,-0.062295,0.127993,-0.438632,-0.120297,-0.278906,0.042491,-0.517727,0.018611,0.024627,-0.285316,-0.055776,-0.334768,-0.012928,-0.303282,-0.128569,-0.248469,-0.265378,0.025913,-0.193938,-0.006892,-0.043327,0.04427,-0.500989,-0.235732,-0.021268,-0.2037,-0.002759,-0.241637,-0.313174,-0.299432,0.683816,-0.084003,-0.368706,-0.10107,-0.306117,-0.288045,-0.045607,-0.246545,0.173856,0.1977,0.307649,-0.072528,-0.211736,0.22092,-0.133679,-0.210347,-0.09199,0.014441,0.300062,-0.05371,0.086755,-0.126582,0.319143,-0.17996,-0.151781,-0.108005,-0.15713,0.306887,-0.280648,-0.210869,0.356438,0.44073,-0.342816,0.154776,0.435146,-0.10891,-0.023888,0.390099,-0.07087,-0.003917,-0.023864,-0.234721,0.466665,0.200844,-0.012511,0.363363,0.090838,0.123597,0.055832,0.453242,-0.208909,-0.224948,0.073712,#
7,0.095181,0.252786,-0.02005,-0.347382,-0.045634,0.048507,0.36285,1.0,0.129114,0.01214,-0.361759,0.204353,0.100852,0.055852,0.092017,-0.17257,-0.147944,0.131088,-0.050257,-0.029609,0.219048,0.470815,0.150761,0.167511,-0.196664,0.059281,0.383791,0.146201,-0.284552,-0.000189,-0.203932,0.529163,0.051365,0.007736,-0.06756,0.064957,0.201591,-0.462062,-0.008984,-0.129247,0.102559,0.190341,0.238597,0.020469,-0.190211,-0.123322,0.269763,0.417975,-0.245069,0.108291,0.015363,-0.104524,0.114197,-0.423079,-0.34338,-0.080831,0.269646,-0.240995,0.09805,0.292687,0.054915,0.324758,-0.118989,0.235946,0.307586,0.321876,-0.193378,0.108343,0.083934,-0.373213,0.336753,-0.09036,-0.351793,-0.077932,-0.371748,-0.065929,-0.148761,-0.099969,-0.358125,0.023521,0.108866,-0.193067,0.100921,-0.01029,-0.035096,0.333514,0.219736,0.12202,-0.055564,-0.023172,0.077612,-0.050084,-0.042205,0.158298,-0.215216,0.041578,-0.013719,0.112435,-0.200748,-0.311918,-0.152365,-0.176558,-0.183971,0.119502,-0.377007,-0.105003,0.09198,-0.213004,-0.003922,-0.270473,0.330786,0.143126,-0.281007,-0.216065,0.315797,-0.176558,-0.178588,0.253532,0.053143,-0.40148,-0.255714,-0.180666,0.041895,-0.116514,-0.111824,0.039177,0.006892,-0.45288,0.018885,0.084226,-0.193067,-0.144179,0.306721,-0.067248,0.147666,0.142183,0.074983,-0.145743,0.194564,-0.340184,-0.069067,-0.393918,-0.074552,-0.051909,0.144663,-0.092849,-0.206256,0.439538,-0.204315,0.161865,-0.228394,-0.17654,0.185003,-0.041153,0.141805,0.152702,0.176599,0.038421,-0.204112,0.065239,0.2399,-0.003131,-0.143061,0.162035,0.393027,0.185463,-0.136113,0.002756,-0.135415,0.127006,0.054105,0.061147,0.043695,0.018516,0.074695,0.022764,-0.044736,0.035029,0.099061,-0.55296,0.079563,-0.048937,-0.006287,-0.101641,-0.066689,-0.063968,-0.125306,0.113592,-0.237478,0.243942,0.390059,0.132369,0.151292,-0.129988,0.111477,0.134909,-0.016974,-0.212422,0.02706,-0.171636,#
8,0.250078,0.175777,-0.021808,-0.08647,0.117412,0.029712,0.390703,0.129114,1.0,0.250052,0.001989,0.032722,0.223937,0.375902,0.36705,-0.25814,-0.619829,0.240906,0.377065,0.056972,0.181386,0.068843,0.604107,-0.099723,0.00818,-0.329913,0.143107,0.248363,0.488277,0.358245,-0.201698,0.229669,0.267553,0.10653,-0.215778,-0.01636,0.132885,-0.152072,-0.131515,0.038022,0.092183,0.030793,-0.11302,0.170973,0.009321,-0.396529,0.478335,0.369159,0.166359,0.129927,-0.171999,-0.034337,-0.083718,-0.03881,-0.01311,-0.18769,0.152927,-0.136174,0.290102,-0.108755,0.199921,0.201074,-0.09739,0.020183,-0.037154,0.248243,0.119729,0.033485,0.32933,0.010098,0.117423,-0.254572,0.190232,-0.145105,-0.225841,0.124839,-0.219227,-0.363837,-0.235954,-0.26316,-0.146578,-0.397459,-0.152115,-0.295112,-0.176654,-0.04332,0.045747,0.020974,-0.3952,-0.025548,-0.019953,-0.022014,-0.693802,0.644555,-0.253832,0.061817,0.139801,-0.220547,0.33919,-0.28338,-0.217629,-0.111647,-0.017888,-0.069079,-0.151579,-0.172705,-0.249384,0.004484,-0.072984,-0.116147,0.422899,0.191277,-0.32183,-0.188925,-0.017413,-0.330236,-0.085076,0.028373,0.322701,-0.358955,-0.220172,-0.447635,0.325665,-0.565015,0.067497,0.088401,-0.157544,-0.050152,-0.032632,-0.173075,-0.016753,-0.113211,-0.025797,0.068817,-0.029718,0.149416,-0.353498,-0.061221,0.289686,-0.04669,0.018702,-0.126114,-0.472773,-0.379196,-0.220729,0.038382,0.080053,0.337116,-0.02231,-0.049367,-0.093653,-0.243036,-0.071005,-0.204831,0.017917,0.107761,0.557317,0.62853,0.01551,-0.031075,0.024892,-0.143339,0.025482,0.055058,0.062585,0.206102,-0.149108,-0.049761,-0.21153,0.369884,-0.29362,0.394437,-0.0921,-0.451496,0.492975,-0.296368,-0.369062,0.168175,0.295134,-0.388323,0.22204,0.171238,-0.251517,-0.054068,0.253539,0.048388,-0.012453,0.012754,-0.383797,0.164399,0.11564,-0.110911,0.29686,0.045969,-0.042421,-0.084532,0.430476,-0.216858,0.108727,0.0237,#
9,0.022519,0.367615,0.134945,0.070981,0.249451,0.141731,0.032599,0.01214,0.250052,1.0,0.141291,-0.146218,0.227978,0.005006,0.415361,-0.056511,-0.353767,0.287864,-0.001908,-0.068881,0.051413,0.197613,0.206822,0.109261,-0.013621,0.184714,-0.076595,0.167073,0.002145,0.083454,-0.199391,0.357327,0.128909,0.35084,-0.519077,-0.087172,0.09969,-0.275473,0.34011,-0.105664,-0.242377,0.334887,0.189779,0.081119,0.272771,-0.093533,0.161952,0.432325,0.082678,0.42894,-0.014741,0.050871,0.004104,0.194012,0.011115,-0.010226,-0.025126,0.086746,-0.156385,0.040759,0.297671,0.304475,-0.426008,0.231365,0.072111,0.085574,-0.044725,0.242713,0.099697,-0.22527,0.188211,-0.107775,0.219337,0.106599,-0.007854,0.180562,-0.145155,-0.442012,-0.09649,-0.24221,-0.062101,-0.000627,-0.200552,-0.185654,-0.195626,0.022626,-0.450557,-0.195909,-0.216896,-0.166473,-0.058126,-0.022443,-0.204855,0.174744,-0.169653,0.205778,0.133007,-0.078115,0.17845,-0.465881,0.01094,-0.297848,-0.271784,-0.222787,-0.317531,-0.139475,-0.469504,-0.303267,-0.355508,-0.255946,0.275017,0.049814,-0.058126,-0.393381,-0.332466,-0.11667,-0.190335,-0.372909,0.268635,-0.262409,0.023525,-0.011067,0.248844,-0.284416,0.020656,0.109511,-0.343845,-0.233292,-0.249477,0.024496,0.190726,-0.350831,0.001036,0.499756,-0.000627,0.132153,0.091788,-0.162778,0.271403,-0.330435,-0.115163,0.236456,-0.383461,-0.230498,-0.190286,-0.018029,-0.089812,0.12367,-0.323924,-0.00728,-0.581583,0.248844,0.141162,0.135573,-0.189127,0.220007,0.320967,0.50211,-0.373897,0.007593,-0.242244,-0.240093,0.007952,0.116905,0.062597,0.48807,-0.185735,-0.039376,-0.06387,-0.094749,0.037794,0.221578,0.016856,-0.272412,0.216303,-0.143057,-0.031959,-0.137673,-0.229917,0.009374,-0.021643,0.3022,-0.238332,0.343176,-0.389873,-0.073296,0.066815,-0.219855,-0.197863,0.223102,-0.06323,0.191275,-0.14129,-0.144839,-0.014276,-0.424504,0.153465,0.01954,0.184603,0.043301,#
10,-0.151355,-0.128163,-0.238497,0.392383,0.105544,0.13462,0.085054,-0.361759,0.001989,0.141291,1.0,-0.302997,-0.195026,0.128206,0.38179,0.131496,-0.127251,-0.281535,-0.061304,0.111918,-0.196165,-0.046371,0.110709,0.180566,0.239385,0.252229,0.0432,0.075142,0.204215,-0.23328,0.329243,-0.155,0.054178,-0.008366,0.06853,-0.187872,-0.186252,-0.059456,0.181722,0.323206,-0.165694,-0.094998,-0.225131,0.223935,0.372517,0.029212,-0.224162,-0.106101,0.217591,-0.045265,0.011873,0.285867,-0.033448,-0.043391,0.14489,0.308652,-0.059285,0.048817,-0.035106,-0.012445,0.290288,0.216477,-0.03971,0.060054,-0.071418,-0.123002,-0.008931,-0.271549,-0.313014,0.237305,-0.101751,-0.007866,0.334155,0.1251,0.018433,0.001697,-0.201847,-0.001312,0.041293,-0.092637,-0.324618,0.030966,0.320791,-0.406934,-0.332779,-0.159373,0.104593,0.165792,-0.426929,-0.143731,-0.056401,-0.130459,-0.097444,-0.069806,0.022547,-0.049553,-0.065728,0.061423,-0.122699,0.119799,0.075575,0.210607,0.254112,-0.083397,0.042642,0.064226,-0.190822,0.017072,0.088458,0.174982,-0.122665,-0.037819,-0.05327,-0.112447,-0.2988,-0.071223,0.254538,-0.051926,0.056069,0.17017,0.45719,0.03702,0.229801,0.075833,0.218671,-0.053104,-0.038512,0.302775,-0.21794,-0.106749,0.043538,0.017575,-0.393219,-0.110587,-0.13095,0.204056,0.054178,-0.249508,0.054053,0.047202,-0.149209,-0.015585,0.212841,-0.047726,-0.024941,-0.052219,-0.0629,-0.305789,0.429054,0.071156,0.212558,0.239799,-0.252512,0.098884,0.150452,0.245318,-0.102472,-0.104843,0.156261,0.206433,-0.317978,-0.078397,-0.152303,-0.383554,-0.463753,0.131051,0.262687,0.279337,0.117568,-0.262097,-0.01182,-0.220491,-0.167275,0.061107,0.154826,-0.003438,0.045523,-0.054988,0.18101,0.219196,-0.120969,0.495681,-0.007424,0.302541,-0.083507,-0.088323,0.006393,-0.458517,0.208788,-0.167048,-0.272868,0.076871,-0.058952,-0.066736,0.080064,-0.27822,0.038543,0.00345,-0.382228,-0.050245,#
11,0.174636,0.14074,-0.14383,-0.170264,0.027296,-0.058611,-0.063851,0.204353,0.032722,-0.146218,-0.302997,1.0,-0.030203,-0.225336,-0.024721,0.228145,0.245111,-0.121213,-0.165109,-0.310617,-0.194513,0.078589,-0.278647,0.021134,-0.130237,0.117977,-0.218488,-0.065608,0.22968,0.432015,-0.196501,0.16333,-0.218758,-0.136876,0.216649,-0.08746,-0.495891,0.140442,-0.142691,0.126157,-0.188474,0.090689,-0.177514,-0.379191,-0.165417,-0.052747,-0.098313,-0.233753,-0.372252,0.029324,-0.367615,-0.149109,-0.025642,0.103362,0.10232,-0.073028,-0.093617,-0.237224,-0.15652,0.214471,-0.160545,-0.147256,0.137875,-0.061628,0.350334,-0.273348,-0.146607,-0.04205,-0.176568,-0.213948,0.057065,-0.141163,0.123381,-0.332433,-0.45906,-0.097694,-0.270843,-0.032435,-0.249698,0.126985,0.006566,-0.454468,-0.317007,0.088979,-0.131325,0.083378,-0.033157,-0.306295,0.022492,-0.287083,0.199957,-0.12075,-0.168304,-0.249702,-0.098342,-0.080483,0.049668,-0.325928,-0.107737,0.110964,-0.003788,-0.333353,-0.0602,-0.161454,-0.294764,-0.198945,0.268688,0.150922,-0.277429,-0.041603,-0.29018,0.186263,-0.528176,0.19323,-0.279966,-0.333353,0.068801,0.180348,-0.595166,0.172795,-0.21261,-0.100531,-0.407737,0.109268,0.033471,-0.032638,0.082327,-0.392351,-0.270936,0.289034,-0.268413,-0.092805,0.062463,-0.098961,-0.292266,-0.131172,-0.218758,-0.434203,-0.214513,-0.049507,0.163147,0.080596,-0.04085,-0.179484,-0.303699,-0.372618,0.031863,-0.035493,-0.258834,0.08382,-0.076869,-0.432775,0.046281,-0.144502,-0.312001,-0.222982,-0.222255,-0.097874,-0.116634,0.128591,0.046383,-0.131477,-0.092896,-0.280442,-0.043643,-0.085667,0.101212,0.011151,0.09084,-0.207546,0.301006,-0.068477,-0.269513,0.132807,0.328268,-0.258834,-0.490707,0.140748,-0.136622,-0.155486,0.323144,-0.28835,0.420653,0.139665,0.35927,0.207853,0.482405,0.296151,0.147241,-0.01524,0.131096,0.173532,0.090231,0.09699,-0.329469,0.542456,-0.084971,-0.133129,-0.057204,-0.176649,#
12,0.422905,0.144303,0.036536,-0.016761,0.106511,-0.295164,0.128689,0.100852,0.223937,0.227978,-0.195026,-0.030203,1.0,0.195185,0.121216,-0.332194,-0.261837,0.27752,-0.046172,0.360869,-0.081832,0.071245,0.465751,-0.241827,-0.44775,-0.116965,0.002857,-0.16125,0.196381,0.017948,-0.392316,0.06144,0.023455,-0.049362,0.019749,-0.202871,0.265002,-0.151911,0.12036,-0.301508,0.264476,0.625206,-0.021584,-0.175354,-0.094799,-0.213792,0.505581,0.435574,0.050523,-0.120353,0.080767,0.023395,0.111917,-0.010124,-0.314741,0.253732,0.307507,-0.000269,-0.006,0.076131,0.039511,0.175213,-0.030292,-0.234081,0.139179,0.285171,0.27565,0.251012,0.344319,-0.153609,0.54206,0.113393,0.000998,0.022698,-0.230589,0.28436,0.183277,-0.394233,0.096817,-0.045798,-0.026451,-0.066267,-0.203063,-0.140041,0.218428,0.302743,-0.285288,0.262484,0.106113,0.118179,-0.27556,-0.060961,-0.300795,0.278218,-0.080749,0.109929,0.192169,-0.159465,0.269992,-0.471016,0.462631,-0.157406,-0.073236,-0.317294,-0.225192,0.184912,-0.099533,-0.0108,-0.450517,-0.078907,0.454931,-0.353756,0.011003,-0.150286,-0.023737,0.006816,-0.458527,0.065627,0.222305,-0.55053,0.099576,-0.535212,0.137081,-0.477069,0.176747,0.287002,-0.563362,-0.076786,0.194794,0.026688,-0.050229,-0.083801,0.068416,0.20687,-0.037176,0.032755,-0.010984,0.188664,0.145397,-0.054852,-0.145874,-0.112129,-0.186259,-0.138277,-0.114756,0.004421,-0.425082,0.228953,-0.159038,0.017507,-0.360838,-0.402771,-0.048069,0.018684,0.054503,0.410253,0.410585,0.359968,0.053038,-0.176108,-0.123456,-0.254123,-0.364601,0.271265,0.149468,-0.139406,0.018462,-0.239536,-0.082534,0.206015,-0.133624,0.027531,0.114335,-0.214156,0.348896,0.063169,0.014022,0.117668,0.03468,-0.356224,0.015653,0.007048,-0.43848,-0.455563,0.075387,-0.075655,0.314275,0.183618,-0.472347,0.354688,0.153101,-0.181814,-0.037587,-0.05326,-0.14823,-0.041948,0.211741,-0.134486,-0.012436,0.135417,#
13,0.386084,0.088591,-0.150513,-0.303847,-0.045415,0.37776,0.15983,0.055852,0.375902,0.005006,0.128206,-0.225336,0.195185,1.0,0.105823,-0.027527,-0.265397,0.145246,0.244999,0.099074,-0.242264,-0.10309,0.462815,-0.320943,-0.184671,-0.615448,0.24895,0.328591,0.538835,0.137394,-0.120651,0.125861,0.063649,-0.322647,0.095495,0.057364,0.119568,0.047646,-0.178611,-0.28279,0.220885,0.251478,0.096939,0.454191,-0.216854,-0.652324,0.377994,0.420632,0.286411,0.19234,0.10679,0.097616,0.07439,-0.071518,-0.359594,-0.068493,0.285423,-0.293733,0.377474,0.105909,0.173417,0.26259,-0.082157,0.112073,0.258103,0.586348,0.37328,0.449614,0.194559,0.212477,0.009358,-0.219063,0.120615,-0.27915,-0.20415,0.417984,0.021512,-0.074818,-0.187661,-0.148875,-0.504925,-0.197798,-0.050625,0.187322,-0.06088,-0.010821,0.050262,-0.079321,0.116732,-0.197625,-0.089568,-0.343332,-0.332276,0.327218,0.134293,-0.142109,-0.033056,-0.351271,-0.168709,-0.608359,-0.123392,-0.039394,-0.161324,-0.188275,0.000428,0.169599,-0.139432,-0.452942,-0.300585,0.070945,0.583714,0.254667,-0.114664,-0.172138,-0.018844,-0.22578,-0.468662,-0.071159,0.220705,-0.379671,-0.125379,-0.346581,-0.15102,-0.185058,0.028352,0.185521,-0.264215,0.170858,0.059308,-0.457964,-0.17892,0.045027,-0.208801,0.465012,-0.357707,-0.189239,-0.240383,-0.307352,0.174765,-0.163869,-0.213226,-0.393684,-0.457964,-0.42386,-0.039326,0.192054,-0.508313,0.250825,0.387226,-0.157455,-0.036514,-0.33014,-0.320654,-0.179309,-0.077802,0.104971,0.45525,0.544608,-0.24917,-0.080403,-0.159916,-0.320653,-0.078965,0.332005,0.028,-0.150866,0.106017,0.112584,-0.150905,-0.058434,0.039612,0.215686,-0.095654,-0.316957,0.372561,0.171223,-0.016071,0.015076,0.555376,-0.444314,0.347079,0.041066,-0.320503,-0.111728,0.137503,0.008045,-0.093435,-0.099471,-0.312641,0.530675,0.03114,-0.251781,0.49105,0.231464,0.027955,0.12005,0.592705,-0.229707,-0.108137,0.014178,#
14,-0.219845,0.146261,-0.420211,-0.126255,0.061612,0.426097,0.247899,0.092017,0.36705,0.415361,0.38179,-0.024721,0.121216,0.105823,1.0,-0.148355,-0.385614,-0.0591,-0.307456,0.354778,-0.149585,0.451519,0.439934,0.070135,0.240378,0.098933,0.125927,0.385155,0.289458,0.041129,0.046695,0.380801,0.383562,0.087687,-0.273708,-0.062177,-0.067107,-0.195812,0.281582,0.286207,-0.150212,0.398918,-0.171274,0.157983,0.020063,0.034986,0.203378,0.05615,0.230786,0.327544,0.055401,-0.135809,-0.036445,-0.405696,0.04626,0.123048,-0.063378,0.170555,-0.123665,0.312501,0.309074,0.271325,-0.03951,0.394596,0.238335,0.096613,-0.104646,0.111017,0.017829,-0.167904,0.207189,-0.26885,0.392757,-0.187916,-0.282971,-0.163495,-0.069011,-0.186975,-0.254343,-0.393033,-0.131125,-0.275753,-0.159782,-0.561189,-0.309957,0.070617,-0.035351,-0.158787,-0.62553,-0.096828,-0.171642,0.076827,-0.611095,0.260231,-0.110892,0.103469,0.041427,-0.129376,0.269693,-0.202562,-0.146715,0.009317,-0.225874,-0.286156,-0.070317,-0.092026,-0.207887,-0.021901,-0.069011,-0.331575,0.180005,0.010637,-0.351909,-0.293449,-0.412212,-0.351549,-0.079346,-0.15672,0.130318,-0.314623,-0.075977,-0.272386,0.125967,-0.330747,0.07185,-0.058432,-0.069321,-0.143927,-0.510409,-0.236217,-0.093763,-0.242257,-0.122914,0.084759,-0.245931,0.18468,-0.220806,-0.224993,0.207267,-0.051075,-0.003647,-0.265041,-0.243594,-0.177754,-0.30523,-0.352998,-0.112053,0.004279,0.13587,-0.089568,-0.083143,-0.069076,-0.114964,0.200234,-0.133584,0.339439,0.376509,0.157798,-0.12628,0.143075,-0.081471,-0.107045,-0.207981,-0.003534,-0.215419,0.390073,-0.056779,0.275385,-0.115732,0.013536,0.112413,-0.071123,0.112005,-0.245248,0.605591,-0.087236,-0.134919,0.080949,0.306272,-0.142647,0.237111,0.375326,-0.106364,0.10188,-0.146372,0.017081,0.131131,-0.167331,-0.245139,0.117167,-0.191371,0.148218,-0.067205,-0.356753,-0.049435,-0.142714,0.036636,-0.282793,0.058546,0.044447,#
15,-0.131043,0.08947,-0.258206,-0.082319,-0.2939,0.134551,-0.06781,-0.17257,-0.25814,-0.056511,0.131496,0.228145,-0.332194,-0.027527,-0.148355,1.0,0.189435,-0.343996,0.28531,-0.034548,0.038804,0.090635,-0.451311,-0.204708,0.033117,0.080147,-0.281304,-0.041619,0.02791,-0.061827,-0.325301,-0.072254,0.05415,-0.177608,0.451272,0.170034,-0.514268,0.289238,-0.436918,0.106108,0.174716,-0.204229,-0.178527,0.070038,0.159265,0.016981,-0.513552,-0.393525,0.087135,0.339938,0.024746,0.108262,-0.196839,0.254136,-0.068925,0.170606,-0.046153,-0.129817,0.052235,0.277253,0.102853,-0.153527,-0.028833,0.268516,0.215726,-0.202816,-0.17836,-0.089642,-0.014631,0.066817,-0.24312,0.142001,0.272294,-0.195619,0.213966,-0.006785,-0.163155,0.007356,0.250932,-0.103395,-0.150942,-0.266062,0.033511,-0.065041,-0.1385,-0.130038,0.090604,-0.303404,-0.068657,0.039556,0.322651,-0.296548,0.23621,-0.571561,0.04504,-0.021569,-0.042155,-0.448024,-0.63233,0.097188,0.086683,0.042829,-0.297092,0.041244,-0.128135,-0.052088,0.055786,-0.258607,-0.091544,-0.029144,-0.269068,-0.0378,-0.015693,0.058783,-0.278627,-0.047121,0.083246,0.142143,-0.359454,0.481548,0.155207,0.392252,-0.289526,0.2427,0.049861,-0.207688,0.311615,0.025487,0.017244,0.084789,-0.272916,0.017566,-0.166935,0.076055,-0.288909,0.067805,-0.258609,-0.385116,-0.267013,-0.13014,-0.149132,0.160021,0.003095,0.262831,-0.161588,0.015337,-0.062868,-0.158548,-0.175223,-0.269509,0.219474,0.240475,-0.052014,-0.020298,-0.198253,-0.095037,-0.567329,0.068413,-0.012267,0.029668,-0.227827,-0.068474,-0.182495,-0.355531,-0.426206,0.133506,-0.114895,0.119404,0.121247,0.104872,-0.015465,0.232371,-0.127196,0.266886,0.003679,-0.158418,-0.072917,-0.041859,-0.135426,0.307437,0.232741,0.153892,0.364947,0.310854,0.044347,-0.108968,-0.028686,0.034237,0.41391,-0.153841,-0.279954,0.086906,-0.2082,0.231042,-0.186984,0.37651,0.21879,0.169212,-0.17223,-0.252257,#
16,-0.042705,-0.21201,0.04206,0.065136,0.159645,0.054447,-0.288831,-0.147944,-0.619829,-0.353767,-0.127251,0.245111,-0.261837,-0.265397,-0.385614,0.189435,1.0,-0.347606,-0.372288,-0.32214,-0.367943,-0.155368,-0.623155,0.100466,-0.100197,-0.058591,-0.395328,-0.176959,-0.206577,-0.168297,0.176374,-0.290534,-0.220808,-0.281,0.32184,0.110595,-0.415662,0.340543,0.005505,0.11582,-0.140429,-0.268038,0.030407,-0.017181,0.047386,0.302194,-0.495136,-0.457411,-0.385704,-0.014188,0.157134,-0.00851,-0.04781,0.232061,0.142922,-0.056631,-0.150178,0.163431,-0.127062,0.135999,-0.201902,-0.180224,0.242993,-0.067613,0.17679,-0.169061,0.105976,-0.040796,-0.315307,0.066505,-0.341186,0.205078,0.097456,-0.112603,-0.043318,0.065039,0.121931,0.219737,0.168774,0.160353,-0.137907,0.133264,-0.074196,0.301895,0.298611,-0.247939,-0.13819,-0.264708,0.232906,-0.062956,-0.113562,-0.063028,0.583209,-0.581702,0.136998,-0.211315,-0.107197,0.077645,-0.258444,0.342355,0.243903,-0.127133,0.160353,0.067136,0.112672,-0.193864,0.333281,0.096338,-0.025026,0.369513,-0.504276,-0.03743,0.064899,0.075869,-0.047213,0.042143,0.292184,-0.136104,-0.585684,0.586528,-0.205871,0.302589,-0.384995,0.560136,0.167709,-0.006787,-0.023651,0.041814,-0.040009,0.347191,-0.239337,0.51106,-0.274384,-0.268511,-0.069671,-0.43923,0.386859,-0.238856,-0.715728,-0.018537,-0.001096,0.327986,0.168862,0.263843,-0.06395,-0.166498,-0.103249,-0.287321,0.004423,0.121872,0.217509,0.184209,-0.113038,0.073598,-0.242186,-0.420432,-0.628438,-0.525796,-0.074633,-0.220363,0.115014,-0.097704,-0.024044,-0.162951,-0.179764,-0.262219,0.368582,0.005994,0.289692,-0.166927,0.454059,-0.194648,-0.043244,0.346153,-0.39326,0.004423,0.086185,-0.227397,-0.319515,0.413314,-0.047012,-0.211266,0.64787,0.120278,-0.013062,-0.01339,0.080029,0.106694,0.48837,-0.216448,-0.031798,0.170179,0.117159,0.241682,-0.227972,0.329323,-0.284817,0.104521,-0.404287,0.00934,#
17,0.110135,0.322679,0.007667,0.005165,-0.005921,-0.227658,-0.029648,0.131088,0.240906,0.287864,-0.281535,-0.121213,0.27752,0.145246,-0.0591,-0.343996,-0.347606,1.0,0.161786,0.100973,0.347449,-0.039444,0.488466,-0.010574,-0.049449,-0.102499,0.201693,0.153144,0.063684,0.087638,-0.127637,0.065779,0.200765,0.432982,-0.254824,-0.085046,0.567402,-0.223944,0.138945,-0.302975,-0.203177,0.302654,0.70284,-0.053563,-0.133156,-0.419848,0.486625,0.290354,0.055547,-0.136064,0.136325,0.134473,-0.281058,0.084017,0.16508,-0.139457,0.119654,-0.152294,0.227458,-0.144764,-0.056322,0.15448,-0.321623,-0.218529,-0.237381,0.211785,0.368748,0.380999,0.467645,-0.009886,0.033019,0.006686,-0.178767,0.131922,0.181559,0.084495,0.045979,-0.195916,0.095345,-0.054657,0.121876,0.032648,-0.058704,0.194653,-0.03061,0.208342,-0.2226,0.327126,0.433461,0.028013,0.251144,0.013395,-0.097287,0.619538,0.150087,0.125047,0.183617,0.124464,0.061383,-0.390285,-0.23002,-0.363134,-0.063387,0.104088,-0.028395,0.067813,-0.194512,-0.340221,-0.314247,-0.209781,0.400885,0.239947,0.420536,0.102925,0.185912,0.226453,-0.453633,-0.106046,0.406241,-0.482269,-0.074694,-0.15783,0.003837,-0.445974,-0.087546,0.340571,0.038743,-0.25536,0.160688,-0.254519,0.271489,-0.127634,0.374644,0.076425,0.020187,0.192441,-0.153022,0.269609,0.447069,-0.059516,-0.10163,0.032261,-0.111181,-0.282866,0.007094,0.176891,0.015421,0.176576,-0.115695,0.039755,-0.389822,-0.080313,0.035439,0.143199,0.006067,-0.050246,0.515243,0.276082,-0.343481,-0.058842,0.182015,0.194422,0.126642,0.670482,0.147914,0.324648,-0.054833,-0.0446,-0.437395,0.066239,-0.336963,0.342606,0.084233,-0.234301,-0.086799,-0.088706,0.134804,0.074225,0.160531,-0.046032,-0.195672,-0.203812,-0.474408,-0.133099,0.040146,0.149962,-0.077723,0.174207,-0.48667,0.241973,-0.05824,-0.082052,-0.129912,-0.030082,0.062296,-0.218797,0.098503,-0.213715,0.378418,-0.11398,#
18,0.206667,0.235116,0.147301,0.174311,-0.318226,-0.125357,-0.019284,-0.050257,0.377065,-0.001908,-0.061304,-0.165109,-0.046172,0.244999,-0.307456,0.28531,-0.372288,0.161786,1.0,0.0326,0.434197,-0.253112,-0.030036,-0.111295,0.012707,-0.243131,0.108018,0.013839,0.088619,0.032063,-0.189924,-0.066524,0.249235,-0.064015,-0.004025,-0.142918,0.089096,0.265654,-0.652023,-0.316181,0.337294,-0.353496,0.007884,0.068372,-0.07197,-0.463239,0.125705,0.031443,0.363069,0.087849,-0.267851,0.348563,-0.150578,0.183161,-0.152473,0.067803,0.069089,-0.315462,0.37174,-0.29739,0.041274,0.186951,-0.070574,0.02091,-0.203364,0.02195,0.242864,-0.102377,0.080973,0.354882,-0.18605,0.302308,-0.113212,0.302865,0.365031,-0.023015,-0.024848,0.066299,0.324963,0.004561,-0.029733,0.18912,0.395004,0.193823,0.047553,0.067285,0.120561,0.307794,0.095283,0.251878,0.48405,-0.132732,-0.112171,0.104117,0.155207,0.37854,0.265542,-0.056779,-0.098416,-0.02636,-0.101275,-0.074252,-0.003793,0.107332,-0.178637,0.365164,-0.363829,-0.113748,0.005747,-0.040796,0.209232,-0.012654,0.294209,0.054922,0.254324,-0.007132,0.190216,0.288637,0.25679,0.046301,0.198903,0.188509,0.235676,-0.141398,-0.129355,0.178044,0.154657,0.307322,0.568516,-0.004295,0.248736,0.14879,0.097148,0.172946,0.067502,0.450886,-0.391092,0.080458,0.088632,-0.000921,0.152003,-0.140415,-0.342659,-0.055801,0.238155,0.438286,0.268376,0.072394,-0.037556,0.03605,0.172956,0.171012,0.27907,0.057995,0.265962,0.022017,0.020888,0.269583,0.269593,0.180165,-0.273811,0.077999,0.040943,0.004528,0.192529,-0.003159,-0.005621,0.005051,0.05612,0.339308,-0.654809,0.441261,-0.012956,0.158067,-0.091427,0.203626,0.234771,-0.046886,-0.001606,-0.041659,-0.043806,-0.008998,-0.164607,-0.281659,0.137557,-0.126213,-0.318308,0.101901,-0.027663,-0.092696,0.02715,-0.319709,0.065311,0.007016,-0.216059,-0.19344,0.336654,-0.121789,0.042467,-0.214805,#
19,-0.163361,0.239451,-0.188262,0.125158,-0.073727,-0.053187,0.296963,-0.029609,0.056972,-0.068881,0.111918,-0.310617,0.360869,0.099074,0.354778,-0.034548,-0.32214,0.100973,0.0326,1.0,0.146726,0.327991,0.305691,-0.232144,-0.193376,-0.123609,0.437381,-0.009432,-0.012343,-0.089639,-0.22528,0.106485,0.44055,-0.02518,0.238107,-0.255084,0.13382,0.091164,-0.112997,0.038419,0.422591,0.358046,-0.195181,-0.08002,-0.13637,0.031906,0.263048,0.147158,0.403885,0.040194,0.273354,-0.155437,-0.179927,-0.132978,-0.169206,0.362321,-0.125465,0.095065,0.078346,-0.036011,0.068126,-0.156903,-0.076416,0.125743,0.010531,0.139095,0.136842,0.282857,0.130529,0.142007,0.204054,-0.07273,0.185744,-0.021073,0.204665,-0.081066,0.349443,-0.092318,0.10224,-0.068505,-0.034072,0.045383,-0.018938,-0.491751,0.198192,0.197534,0.046418,0.313787,-0.019782,0.18982,-0.007172,-0.161765,-0.367885,0.177223,0.023829,0.21319,0.500372,-0.031441,0.015602,-0.078429,0.073583,0.042016,-0.272058,-0.040606,-0.000905,0.206744,0.016848,-0.075644,-0.004318,-0.114242,0.41119,-0.252002,0.156164,-0.216689,0.013267,0.086608,-0.304391,-0.02878,0.2693,-0.386827,0.03571,-0.127429,0.078827,-0.461149,0.085278,0.10601,-0.151879,0.118024,0.037469,-0.164048,-0.123987,0.000147,-0.148003,-0.199598,0.019878,0.149631,-0.201507,0.354376,0.048177,0.245867,0.072577,-0.112411,-0.183952,0.092472,-0.157137,-0.135353,-0.233766,0.100414,0.08278,-0.158059,0.087054,-0.257078,-0.025613,0.343124,0.20229,0.406526,0.260931,0.007167,0.397009,-0.175947,-0.065482,-0.028133,-0.190155,0.29731,-0.092116,0.140162,0.006576,0.295251,-0.425819,0.422368,-0.344993,-0.075311,0.362233,-0.233641,0.181901,0.320217,0.155502,0.177802,0.241852,0.052629,-0.08051,0.25988,-0.2438,-0.314678,0.066193,-0.019729,0.020133,0.063068,-0.469882,0.18229,-0.092174,0.010724,-0.160052,-0.130686,-0.173336,-0.27564,0.131329,-0.171356,-0.076644,0.259983,#
20,-0.205107,0.00473,0.148567,0.239845,-0.30232,-0.187428,0.147481,0.219048,0.181386,0.051413,-0.196165,-0.194513,-0.081832,-0.242264,-0.149585,0.038804,-0.367943,0.347449,0.434197,0.146726,1.0,0.058712,0.104861,-0.132032,0.061604,0.151636,0.087213,-0.254932,-0.25146,0.009735,0.067925,-0.070469,0.247858,0.373392,-0.120434,0.103441,0.245332,-0.338773,-0.244705,-0.025407,0.128946,-0.158685,0.298664,-0.17836,0.055003,0.023263,-0.044448,0.029976,-0.005283,-0.17531,-0.129285,0.134348,-0.368234,0.169004,-0.27124,-0.057472,-0.110999,-0.017357,0.252917,-0.088404,0.260683,-0.024922,-0.360891,-0.216747,-0.169577,-0.089761,-0.306216,0.073758,0.232824,0.127333,-0.208078,0.170865,-0.214034,0.400563,0.264456,0.035704,-0.030556,-0.217377,0.029905,-0.063219,0.489354,0.010012,0.331668,-0.149265,0.060883,0.026617,0.079138,0.350227,0.036489,0.26776,0.404539,0.033561,0.073481,0.211683,-0.376254,0.106859,0.22803,-0.019513,-0.216833,0.067473,-0.123065,-0.07623,-0.043653,0.08846,-0.131489,0.135585,0.009565,0.138163,0.141776,-0.434618,0.188416,-0.181134,0.232431,0.016783,0.420801,0.328815,0.144774,0.232485,0.307383,-0.107366,0.123672,0.261038,0.366766,-0.331464,-0.078431,-0.056336,0.113667,-0.016673,0.278914,-0.011787,0.428882,-0.143199,0.337982,-0.136753,0.261334,0.47739,-0.144839,0.372661,0.271358,0.125416,0.079603,-0.05988,0.009345,-0.014347,0.327177,0.240706,0.380925,0.383254,-0.194193,-0.086542,-0.203411,0.190895,0.365098,0.052933,0.337527,-0.009217,0.039876,0.088891,0.334046,-0.275928,0.043626,0.178372,-0.090995,0.053018,0.105802,0.463657,-0.275494,-0.195244,-0.30607,0.408102,-0.293355,0.344583,0.088719,0.194593,-0.298366,-0.023025,0.050286,0.403168,0.07723,0.158672,-0.233281,0.147877,-0.286155,-0.047619,0.178232,-0.117388,-0.321139,0.254237,-0.081406,-0.082634,-0.060948,-0.061291,-0.252633,-0.043653,-0.011484,-0.034013,0.16255,-0.082376,0.379121,-0.047567,#
