0,1.0,-0.006501,-0.04354,-0.36997,0.137839,0.126199,0.367207,-0.315947,0.194866,-0.0116,0.381635,-0.191166,0.256881,0.286536,-0.020727,0.060267,-0.128898,-0.236528,0.459114,0.287665,0.036494,0.119117,0.233112,-0.354754,-0.174455,-0.124987,-0.039562,0.155756,0.252952,0.097914,-0.331984,0.070594,0.154432,-0.273677,0.287757,0.126776,-0.005846,-0.001007,-0.245128,0.228627,-0.054511,0.121601,0.194464,-0.01984,0.017313,-0.210869,0.360035,0.312964,-0.450737,0.001612,0.232571,7.3e-05,0.046894,-0.139512,0.005394,0.245819,-0.24532,0.187012,0.058171,0.042622,0.375047,0.101754,-0.172586,0.094992,-0.21738,-0.069234,-0.275938,0.11009,-0.200291,0.091187,0.154225,0.152998,0.314295,-0.305473,-0.269981,0.302866,-0.437781,-0.18471,-0.105157,-0.048164,0.214789,0.02584,-0.457789,-0.447152,-0.113545,0.12734,-0.20162,-0.281199,-0.202745,-0.263929,-0.539002,-0.099272,-0.04805,-0.203733,-0.110405,-0.231526,-0.133247,-0.53134,-0.397035,-0.060454,0.328528,-0.137779,-0.011355,-0.284668,-0.02448,-0.244954,-0.176725,0.133688,-0.239937,-0.218022,-0.062796,0.002593,-0.537149,-0.224858,0.118253,-0.056138,0.071309,-0.038326,0.178147,-0.279329,-0.142283,-0.073377,0.03634,0.160338,0.000272,0.119616,0.176062,0.348736,-0.048531,-0.042327,-0.033374,-0.344802,-0.016122,0.270084,0.16802,-0.117749,-0.068125,0.006482,0.421612,0.12734,-0.066962,0.381531,0.118212,-0.25611,-0.498735,0.16755,-0.19588,-0.073856,-0.275507,-0.098372,-0.167992,-0.036036,-0.082989,-0.06673,0.176511,-0.039048,-0.00127,0.030853,-0.528861,0.041878,0.221703,-0.144361,0.020886,-0.311739,0.238971,0.19582,0.319992,0.126082,-0.479806,-0.061123,0.056117,-0.195357,-0.095521,0.064013,-0.069934,-0.015833,-0.167078,-0.206889,0.275734,-0.397298,0.105086,-0.048104,0.136746,0.373648,0.041722,-0.041066,0.30558,0.243767,0.165415,0.116033,-0.291535,0.017125,0.421461,-0.133261,0.152644,0.154125,-0.294674,-0.028072,-0.046652,0.000753,#
1,-0.006501,1.0,0.099224,-0.189476,-0.020352,0.055234,0.127271,-0.003406,-0.077667,0.074314,-0.06721,0.177778,0.228898,0.195037,-0.196264,-0.056466,0.098473,0.079586,0.004266,-0.086074,0.204033,0.08264,0.136993,-0.527335,-0.080331,-0.490194,-0.179658,-0.040299,-0.00888,0.198456,-0.018558,-0.101893,-0.113503,0.241831,0.311928,0.277996,-0.200806,-0.274603,-0.061717,0.093985,-0.236486,0.169719,0.0153,0.121907,-0.199825,0.079193,0.021742,-0.009702,0.24999,0.417665,0.137639,0.040951,-0.098196,0.296007,-0.116206,-0.06161,0.125665,0.019284,-0.094131,-0.084124,0.115104,-0.384653,0.26941,-0.004923,0.154886,0.25964,-0.305451,0.367845,0.047723,0.056038,0.069197,-0.16244,-0.203453,-0.145113,-0.001759,-0.132276,-0.136835,-0.04293,0.281408,-0.225874,-0.054947,-0.289998,-0.085939,-0.083802,-0.256234,0.1184,-0.168373,0.026318,-0.102318,-0.001759,-0.241091,-0.004528,-0.257058,0.024849,-0.23635,0.05425,0.01632,0.155862,0.024557,0.02365,-0.052089,-0.115591,0.258581,0.08222,-0.145872,-0.215185,0.319433,-0.118722,-0.324003,0.095065,0.397739,-0.421252,-0.060314,0.063731,-0.184348,-0.203573,0.036072,0.017468,-0.018571,-0.117283,0.030867,-0.049969,-0.298124,-0.067901,0.00658,-0.268494,0.018625,-0.132553,-0.203592,-0.108573,0.344169,-0.169576,-0.094966,0.125535,-0.187405,-0.278862,0.230179,0.015747,0.229576,-0.310117,0.032294,-0.303409,0.328218,-0.013756,0.098974,-0.202039,-0.466473,0.061879,0.047166,0.157026,-0.024844,0.019781,0.16936,-0.21164,-0.144321,0.045006,-0.032271,0.024749,0.050432,0.268501,-0.07727,0.088198,-0.05347,0.262069,-0.164308,0.26097,0.220652,0.142859,-0.065474,-0.192245,0.372239,0.08269,-0.355271,-0.283078,0.013535,-0.171831,-0.017817,0.190799,-0.078135,-0.031278,0.016614,-0.112722,0.303329,0.061772,0.416997,-0.119364,0.001673,-0.050635,0.060555,0.27323,0.101459,0.260622,-0.300984,-0.111275,0.067421,-0.089101,0.201233,0.011976,-0.132659,0.0565,#
2,-0.04354,0.099224,1.0,-0.614142,0.240892,-0.27989,0.097925,-0.164304,0.18352,0.204162,0.153298,-0.111401,0.232819,0.190044,-0.29616,-0.149071,-0.132313,0.114862,0.167615,0.083488,-0.188255,-0.063971,-0.087792,0.070254,-0.110392,0.030317,0.027682,-0.122723,0.224145,-0.208417,-0.071112,0.474542,-0.303237,-0.010186,0.012577,0.148274,0.085689,0.48943,-0.03075,-0.249711,0.145118,-0.05459,-0.077481,-0.304042,-0.124644,-0.3867,-0.254968,-0.063477,-0.095619,0.092961,0.242835,-0.443529,0.129249,-0.278185,-0.197175,-0.135857,-0.120429,-0.276129,0.230211,-0.225978,0.231272,-0.399992,-0.099029,-0.107893,0.339689,0.377671,0.217826,0.099783,0.335907,0.092849,-0.041439,0.182181,-0.397548,-0.127405,-0.015887,-0.244172,-0.068294,-0.029914,-0.052509,-0.08559,0.060475,0.015035,0.349448,-0.064714,-0.159162,0.338533,0.04646,0.089049,-0.071282,0.1222,0.088059,0.22727,0.214679,0.152545,0.030378,-0.022669,0.003371,-0.035823,0.137827,-0.033062,-0.386119,-0.299149,0.038283,-0.049109,0.322563,-0.055035,0.025006,-0.235231,0.119054,0.091802,-0.05119,-0.323772,-0.028162,-0.036501,0.18626,-0.209496,-0.19391,0.522938,-0.282815,-0.246,-0.125026,0.192741,0.072021,-0.456366,-0.285747,0.150365,0.318266,-0.205258,0.299674,-0.240813,0.174963,-0.134132,0.008035,-0.109033,0.312703,-0.17507,0.218677,0.282576,-0.258001,0.177952,-0.120333,0.065927,0.119272,0.01219,-0.005885,-0.220711,-0.249711,0.022432,-0.058806,0.022379,-0.026522,0.301816,-0.199953,-0.038557,0.106314,-0.213925,0.112897,0.003455,0.207558,-0.106582,0.088061,-0.144246,-0.07334,0.388021,-0.143028,-0.053367,0.195419,-0.029099,0.197212,0.139856,-0.069584,-0.157269,0.013198,-0.094942,-0.385458,0.18626,0.07418,0.079149,0.094326,-0.23753,0.067179,0.133592,-0.184726,-0.202211,-0.177984,0.153289,0.136299,0.075845,-0.014199,-0.373188,0.215937,-0.091036,-0.130522,0.362044,0.00189,-0.173878,0.011076,0.320273,0.268907,-0.125716,#
3,-0.36997,-0.189476,-0.614142,1.0,-0.28644,0.026016,-0.238372,0.250835,-0.376271,-0.319954,0.130657,0.223137,-0.26048,-0.335053,0.190113,-0.054682,0.329273,0.047394,-0.30851,-0.147102,0.270801,-0.229822,-0.247808,0.155796,0.162607,0.268894,0.022809,0.013628,-0.256821,-0.1287,0.335527,-0.420786,0.181165,-0.106725,-0.301047,-0.103757,-0.256588,-0.192835,0.097395,0.191232,-0.156852,-0.407389,-0.180558,0.103676,0.126685,0.416979,-0.16914,-0.227103,0.185787,0.011436,-0.215797,0.458067,-0.068093,0.348157,0.313572,-0.127115,0.245836,0.204707,-0.227016,-0.059901,-0.564859,0.258236,0.174727,-0.191712,-0.146526,-0.178884,0.074281,0.007006,-0.300786,-0.011704,-0.308979,-0.168009,0.223651,0.320845,0.126613,-0.281244,0.275063,0.007084,-0.035036,0.043281,-0.050459,0.120619,0.129469,0.252752,0.114277,-0.303465,0.18397,0.116221,0.217986,0.120417,0.17404,-0.085057,-0.109721,-0.179908,0.108186,0.242729,0.161553,0.037634,0.017163,0.257131,0.18632,0.296784,0.040482,0.283912,-0.210078,0.070977,0.181433,0.217242,0.043466,0.072825,-0.136057,0.184855,0.205637,0.242729,-0.134173,0.264052,0.069157,-0.127271,-0.144923,0.311851,0.166787,0.094212,-0.071703,0.289272,0.361109,0.019069,-0.527701,-0.109434,-0.183229,0.223586,-0.131782,0.498846,0.187642,-0.408764,0.019672,0.296699,0.092911,-0.234381,-0.199363,-0.138615,0.031533,-0.076404,0.20662,0.264303,0.36686,-0.019543,0.191232,-0.09355,0.277144,-0.131417,0.362055,-0.158089,0.096153,0.073441,0.012024,0.062845,-0.343105,-0.158459,0.120563,0.169891,-0.085755,-0.001065,-0.036466,-0.284515,0.044982,-0.386148,-0.120229,-0.135141,0.088209,0.075094,0.114594,0.422181,0.104043,0.279492,0.223726,0.045399,-0.021791,0.036987,-0.302009,0.589633,-0.458955,0.04401,0.222777,-0.216344,-0.044845,-0.098628,-0.220889,-0.06045,0.233593,0.234517,0.10108,-0.023629,-0.080406,-0.339952,-0.009752,-0.177265,-0.050467,-0.355414,-0.47288,-0.195655,#
4,0.137839,-0.020352,0.240892,-0.28644,1.0,0.045411,-0.154938,-0.004572,-0.050744,-0.094937,0.268829,-0.137192,0.023144,-0.420673,-0.275272,0.252357,0.248687,0.016982,-0.268516,-0.128658,-0.193279,-0.285425,0.013032,-0.139816,0.025862,-0.082471,-0.216884,-0.121872,-0.156084,-0.230925,-0.414796,-0.138467,0.240398,-0.226314,0.080043,0.174106,-0.039507,-0.068998,0.12547,0.233133,-0.178055,-0.385361,-0.06238,-0.004096,-0.252984,0.087142,-0.067138,-0.1551,0.135712,0.176905,0.000171,0.036247,-0.144849,0.137345,0.008634,0.196671,-0.062618,0.324217,-0.003911,0.300452,-0.155301,-0.240122,0.137993,-0.225075,-0.315493,-0.008145,0.555696,-0.082742,-0.149205,-0.276063,0.130214,0.061692,-0.012105,0.244887,0.450124,-0.002455,-0.020966,0.10806,0.152049,-0.136014,-0.157858,0.439441,0.115314,0.021238,0.270264,-0.069037,0.05578,-0.012985,0.163512,0.28486,0.25086,0.395206,0.188482,0.353803,0.211319,0.159139,0.354358,0.103501,-0.036899,-0.183115,0.095131,0.08615,0.223645,0.141039,0.200211,-0.025741,0.097919,0.179064,0.01262,0.17745,0.036769,-0.173984,-0.06896,0.159139,-0.261787,0.510367,-0.009835,0.382997,-0.55184,0.037029,-0.12863,-0.036188,-0.328189,-0.030542,0.141678,-0.064861,-0.025522,0.033246,0.022403,-0.157273,0.091203,-0.098158,0.095813,0.090143,0.15299,0.0919,0.366594,0.082553,-0.253697,0.247165,-0.104234,0.007276,-0.127148,0.208268,-0.087255,-0.157052,0.217208,-0.224058,0.312096,-0.07759,0.117985,0.137156,-0.325982,0.338645,-0.021393,-0.190186,-0.018426,-0.015077,-0.333914,0.082553,-0.161147,-0.262412,-0.155636,0.322503,0.155799,-0.179567,-0.032878,0.107932,0.157586,0.350963,0.187675,-0.070607,0.35125,0.012676,-0.183668,0.222253,0.064836,-0.300577,-0.120431,-0.08169,-0.117936,0.35947,0.022275,-0.177708,0.134947,0.062067,0.091881,0.188058,0.160963,0.01091,0.279536,-0.098237,0.214557,0.020033,-0.289856,0.232666,0.135005,0.348219,0.067946,-0.254931,#
5,0.126199,0.055234,-0.27989,0.026016,0.045411,1.0,0.128174,0.296982,-0.014459,-0.099187,-0.017709,-0.089746,-0.039573,-0.162645,0.037819,-0.007957,0.32205,-0.084002,0.173076,-0.158234,0.118793,-0.162658,0.12501,-0.22203,-0.249936,0.302889,-0.23004,0.063545,0.14483,0.072695,-0.398656,0.047923,0.041992,0.067323,0.034248,0.058749,0.030947,-0.295157,-0.067734,0.198413,-0.290761,0.154147,-0.325957,-0.09691,-0.036345,0.103573,0.241274,-0.26447,0.092724,0.269275,0.137732,0.075021,0.250392,0.144369,0.039762,0.204827,0.018112,0.404258,-0.392733,0.060822,-0.061719,0.052034,0.243014,0.310782,-0.321478,-0.299892,-0.126788,-0.131601,-0.16195,-0.431547,0.124805,-0.278692,0.056362,-0.027807,-0.375627,0.313749,-0.057778,0.169392,-0.192722,0.196089,-0.227527,-0.216754,0.119192,0.250466,0.122126,-0.292942,-0.147863,-0.064692,-0.114197,-0.04774,-0.029789,-0.07086,-0.113845,-0.196733,-0.087747,0.06446,-0.100076,-0.331436,-0.185701,-0.2985,0.210703,0.132368,0.203831,-0.211818,-0.420725,-0.307939,0.189591,0.222898,-0.311341,0.016621,0.187349,0.390448,-0.142574,-0.296824,-0.117599,-0.140743,0.239083,0.029944,0.035223,-0.038998,-0.022407,-0.104479,0.096543,0.118596,-0.350798,0.016581,0.117609,-0.210716,-0.377511,0.056466,0.032725,-0.393259,0.015853,0.172008,-0.365082,-0.193503,0.088248,0.339871,0.265371,0.19496,-0.144765,0.084961,-0.146611,0.132279,0.019162,-0.146221,0.182616,0.014722,-0.229333,-0.145939,0.005423,-0.373908,0.357539,-0.121818,0.212856,0.059064,0.04536,-0.269269,-0.506195,-0.022391,-0.398985,-0.021841,0.204156,-0.322257,0.032988,-0.028036,-0.105252,-0.163864,-0.125372,-0.467816,-0.037474,-0.052551,-0.148659,-0.235764,0.056913,-0.120774,-0.026098,-0.084662,-0.114965,-0.012997,0.200446,-0.120343,0.271793,0.149111,0.275412,-0.286388,0.282844,-0.068547,-0.072905,0.241988,0.090685,0.17285,0.114735,-0.124377,-0.072323,0.28506,0.124493,-0.004828,-0.137223,-0.203307,#
6,0.367207,0.127271,0.097925,-0.238372,-0.154938,0.128174,1.0,-0.211737,0.284236,0.23324,-0.082308,-0.176583,0.29685,0.351928,-0.226029,0.113578,-0.010553,0.369072,0.28382,0.338359,-0.141516,-0.084726,0.13451,-0.346015,-0.147267,-0.031699,-0.037464,-0.02147,0.652616,-0.052517,-0.198725,0.073199,-0.106013,-0.208389,0.078103,0.112835,0.336198,-0.159445,0.075742,0.15807,0.268649,0.213008,-0.010268,-0.09717,-0.030544,-0.424615,0.104252,-0.074566,-0.167065,-0.093106,0.134999,-0.335434,0.335163,-0.040637,0.372933,-0.105287,-0.059811,-0.253387,0.127783,-0.218796,0.629415,0.121165,-0.237213,0.321184,0.249635,0.306115,-0.23772,0.097143,0.282834,-0.068155,-0.077823,-0.078586,-0.091915,-0.731485,-0.448526,0.038931,-0.513445,-0.368089,-0.174363,-0.178336,-0.228939,-0.080113,-0.079812,-0.248845,-0.41229,0.043841,-0.400946,-0.363437,-0.645414,-0.620122,-0.550974,-0.303698,-0.694716,-0.070583,-0.498095,-0.45208,-0.366806,-0.363913,-0.45276,-0.312017,-0.004716,-0.202348,-0.224199,-0.323699,-0.35787,-0.650098,0.220441,-0.141914,-0.135001,-0.341225,0.327767,-0.139288,-0.358945,-0.45208,-0.083944,-0.474003,-0.127696,-0.058374,0.276649,-0.301661,-0.350095,-0.266682,-0.248988,-0.147595,-0.255841,-0.178421,0.223768,0.112362,-0.243428,-0.14651,-0.111012,-0.387195,-0.125364,0.115929,-0.042945,-0.575057,0.174927,0.026319,0.423907,-0.284853,-0.419988,-0.070202,0.00422,-0.483919,-0.459511,-0.01542,-0.271828,0.455663,-0.347184,-0.491756,-0.361351,-0.449487,-0.261988,-0.293284,-0.130638,-0.104071,0.281805,0.142812,-0.424373,-0.368294,0.198235,-0.384044,0.098564,0.038697,-0.164285,0.329738,0.158697,-0.171052,-0.665841,-0.273511,0.116948,-0.11333,-0.284867,-0.233299,0.076096,-0.401524,-0.171107,0.321652,0.315875,-0.434067,0.441041,-0.124243,-0.056117,0.509312,0.047149,-0.450979,0.184387,0.123688,-0.253807,0.269576,-0.396764,0.218311,0.26906,0.119962,-0.049554,-0.269649,0.036205,-0.05194,-0.036184,0.328935,#
7,-0.315947,-0.003406,-0.164304,0.250835,-0.004572,0.296982,-0.211737,1.0,-0.351868,0.013135,-0.360736,-0.270988,0.195648,-0.200135,0.262997,-0.03135,0.246214,0.088777,0.071608,-0.379793,0.244785,0.04281,0.065738,0.14835,-0.033382,0.223972,-0.240343,-0.364214,-0.160633,0.136348,-0.217509,-0.189637,0.03408,0.195193,-0.179825,-0.11977,-0.186073,-0.211261,-0.046281,0.073032,0.11882,-0.131076,-0.160597,-0.265695,0.124593,0.004865,0.177101,-0.23097,0.071343,-0.036542,-0.140286,-0.237669,0.075283,-0.169561,-0.092136,-0.001507,0.742722,-0.179695,-0.225847,0.42943,-0.252207,-0.327046,-0.12561,-0.029887,-0.024882,-0.131181,0.15115,-0.186311,-0.249511,-0.155205,-0.09523,-0.105693,-0.524389,0.221542,0.008509,-0.113789,0.031369,0.109376,-0.208347,0.242112,-0.212445,-0.393069,-0.016081,0.033653,0.228626,-0.235261,0.275301,0.045958,0.245128,0.309273,0.18742,-0.196252,0.009288,-0.186408,0.147527,0.211018,-0.246249,0.153174,0.213657,-0.100057,-0.213703,0.179609,0.087053,0.07871,-0.125837,0.172343,-0.189665,-0.040954,-0.14731,0.242662,0.304001,0.01673,0.166847,0.223765,0.00101,0.197219,0.211733,-0.248709,-0.04482,0.112306,0.214504,-0.163871,0.086669,0.200146,-0.218856,-0.21354,-0.0349,-0.132196,-0.168358,-0.030728,-0.219802,0.196975,0.07818,-0.217445,-0.139803,0.26922,0.178864,0.115116,-0.098985,-0.235918,-0.312906,-0.24027,-0.360479,0.121522,-0.186876,-0.143923,0.044051,0.147938,0.07152,0.114643,-0.191435,-0.104385,0.131603,-0.090187,-0.118388,-0.434013,0.067493,0.215406,-0.095267,0.214353,-0.233585,0.24461,0.10123,-0.002327,0.22602,-0.298372,-0.53242,-0.127128,0.136298,0.21031,-0.164021,0.064319,-0.218912,-0.214777,0.1146,-0.217113,-0.157898,0.028462,-0.063517,0.021292,-0.021892,-0.053275,0.238889,0.059682,-0.003622,-0.184279,-0.014997,-0.205068,-0.186811,0.193615,-0.126836,-0.11621,-0.226536,0.04023,0.008982,-0.02178,-0.001775,-0.111764,-0.210617,0.20864,#
8,0.194866,-0.077667,0.18352,-0.376271,-0.050744,-0.014459,0.284236,-0.351868,1.0,0.408855,-0.019895,0.250807,-0.176583,0.18721,-0.033063,-0.141258,-0.559233,0.043638,0.185399,0.294482,0.030556,-0.006422,0.132626,-0.0628,-0.026203,0.035134,0.016456,0.242437,0.156662,-0.191221,-0.251864,0.320028,0.341478,0.02387,-0.011373,-0.137591,0.308428,0.175293,0.046202,-0.166489,0.190827,0.245608,-0.113842,-0.084592,-0.04669,-0.105065,0.015713,0.349064,0.190367,-0.281706,-0.228025,-0.145446,0.543066,0.095237,0.229166,0.214345,-0.50877,-0.13032,-0.076752,-0.055567,0.288345,-0.035164,-0.151146,0.220229,0.166845,0.238139,-0.197304,0.203347,0.467384,-0.038417,-0.295606,0.197176,0.196003,-0.036794,-0.289471,-0.076529,0.038409,0.017429,0.063146,0.261828,0.075296,-0.034782,0.011814,-0.22237,-0.015959,0.310532,-0.532314,-0.271674,0.069502,-0.613958,0.115461,-0.047032,-0.089308,0.070945,-0.070881,0.049261,-0.176783,-0.145653,-0.282033,-0.163405,-0.160298,0.125474,-0.02674,-0.088532,0.11022,-0.335433,0.024751,-0.117039,0.060453,-0.12101,0.142154,-0.138702,-0.149142,-0.15096,0.269534,-0.173526,0.063684,-0.023486,-0.065119,-0.072219,0.115461,-0.015434,0.266164,-0.190651,-0.368831,0.205919,0.533019,-0.08649,0.078361,0.231946,0.31028,-0.210631,-0.360536,-0.009527,0.057318,-0.004645,-0.199085,0.303067,0.296261,0.310532,-0.057634,0.254854,-0.086545,-0.282005,0.003657,-0.369978,-0.166489,-0.094576,-0.103644,-0.065885,0.206455,0.074447,-0.300012,-0.167884,0.345018,0.222261,0.327541,0.207482,-0.194993,-0.275602,0.000127,0.128259,0.076695,-0.040956,-0.284781,-0.084961,0.193536,-0.154151,-0.20072,-0.161289,-0.251051,-0.183177,-0.033834,0.079395,0.232641,0.124288,0.306656,-0.053186,0.430569,-0.10904,0.327046,0.240878,-0.496295,0.229032,-0.122249,0.1753,0.363042,0.265109,-0.3923,-0.142887,-0.010501,0.082303,-0.033827,0.16689,-0.036044,-0.023717,-0.271446,-0.299863,0.272442,-0.027751,#
9,-0.0116,0.074314,0.204162,-0.319954,-0.094937,-0.099187,0.23324,0.013135,0.408855,1.0,-0.313928,-0.229936,0.20139,0.456545,-0.151828,-0.026363,-0.51977,0.438506,-0.0136,0.214474,-0.051807,-0.025077,0.379435,0.100824,0.047523,-0.111864,-0.25896,-0.077006,0.030469,0.423523,-0.103869,-0.161386,0.170281,-0.033687,0.011969,0.16652,0.295838,-0.021413,0.090155,-0.247983,0.457073,0.182116,-0.084165,-0.214176,0.184841,-0.442053,0.144181,0.313938,0.244468,-0.094126,-0.256005,-0.406352,0.38797,-0.260777,0.016715,0.107999,-0.14415,-0.463497,-0.131265,0.31802,0.38954,-0.047057,-0.459241,-0.094149,0.188234,0.196743,-0.021478,0.026587,0.085606,0.02845,-0.063996,0.313684,-0.387301,-0.118117,-0.196114,-0.283698,-0.070421,-0.372374,0.077781,0.433105,-0.067227,-0.359343,-0.284317,0.224928,-0.355956,0.133751,-0.144633,-0.232698,-0.209737,-0.202731,-0.089832,0.009695,-0.408483,-0.082802,-0.327697,0.175781,-0.659712,-0.051181,0.110769,-0.38333,-0.563501,-0.163128,-0.244332,0.10333,0.065059,-0.209431,0.000548,-0.729875,0.432886,-0.225431,0.446196,0.134324,-0.231602,-0.239775,-0.142117,-0.407893,0.151208,-0.078087,0.280449,-0.203528,-0.283473,-0.187922,-0.053194,-0.080974,-0.32384,0.369512,0.673597,0.004909,-0.152621,-0.376122,0.172384,0.049612,-0.678617,0.16331,-0.248615,-0.310864,-0.032679,0.287351,-0.032142,-0.129568,0.185891,-0.236524,-0.219038,-0.529645,-0.272271,-0.271697,-0.247983,0.385086,-0.22451,-0.198719,-0.322704,0.14519,-0.1833,-0.591249,0.172458,-0.365547,0.750484,0.651162,0.000445,-0.48839,-0.315889,0.230463,0.095797,0.080198,0.035524,0.235005,-0.180351,-0.207795,0.212763,-0.250306,-0.31068,-0.087967,-0.205638,-0.405814,0.506301,-0.416074,0.115427,-0.127992,0.402169,-0.526783,0.673388,0.295856,-0.586672,-0.090917,0.121353,-0.097104,0.317811,0.090282,-0.763761,0.119641,-0.37313,-0.484129,-0.141769,0.385783,-0.116849,0.040212,0.256021,-0.041677,0.350315,0.522733,#
10,0.381635,-0.06721,0.153298,0.130657,0.268829,-0.017709,-0.082308,-0.360736,-0.019895,-0.313928,1.0,0.092592,-0.009839,0.034929,-0.177768,0.01349,0.168166,-0.093645,0.086833,0.25054,0.046941,-0.192198,-0.218922,-0.276223,-0.088196,0.327162,0.093294,0.279505,0.137023,-0.407452,0.058759,0.057147,0.022624,-0.195994,-0.165724,0.230568,-0.308815,0.400034,-0.135816,0.254668,-0.327624,-0.428877,0.053123,0.062364,-0.212478,0.174291,-0.139611,0.102196,-0.084795,0.149733,0.288698,0.170638,0.113465,0.067337,0.003698,0.096706,-0.301313,0.468458,0.085619,-0.300258,-0.231169,-0.012897,0.1023,-0.346356,-0.287285,0.016121,0.204994,0.271883,-0.218079,-0.063022,0.101812,0.058964,0.402228,0.152998,0.051243,0.003695,0.050984,0.016637,0.082159,-0.055535,0.10426,0.31359,-0.013626,0.113177,0.170166,0.1662,-0.025979,0.058168,0.080178,0.207155,-0.0722,0.325535,0.099299,0.065489,0.126729,0.054229,0.429435,-0.310565,-0.080131,0.231807,0.209068,-0.036825,0.14838,-0.075558,0.137354,-0.142315,0.18542,0.246752,-0.10846,0.234586,-0.400694,-0.139589,-0.30656,0.054229,0.121627,0.24273,-0.297692,0.285275,-0.326219,0.005176,-0.05706,0.408963,-0.067544,-0.139923,0.090489,0.214122,-0.298369,-0.013047,-0.020174,-0.095411,0.15748,-0.205104,0.332318,-0.34322,0.455253,0.015342,0.423793,-0.093162,-0.255174,0.331635,-0.041189,0.263339,0.441841,0.340711,0.169788,-0.033239,-0.166539,-0.185246,0.069084,-0.047283,0.561871,0.08373,-0.021912,0.030594,0.127878,0.052835,-0.524647,-0.295932,-0.192009,0.139659,0.098731,-0.191211,0.088571,-0.344206,0.19292,-0.269772,0.199276,-0.117568,-0.003175,0.22523,0.117273,-0.022936,0.210564,0.278129,-0.327297,0.466071,-0.089863,-0.073426,-0.242202,0.152838,-0.350428,0.084631,0.234519,-0.098505,0.046459,0.158447,0.107725,0.447253,0.487191,0.051045,0.401474,-0.09321,0.13609,-0.216889,0.123539,-0.179216,-0.280062,-0.10918,-0.171919,-0.559422,#
11,-0.191166,0.177778,-0.111401,0.223137,-0.137192,-0.089746,-0.176583,-0.270988,0.250807,-0.229936,0.092592,1.0,-0.153785,-0.084504,-0.094702,-0.05308,-0.070816,-0.025729,-0.117475,-0.119485,0.139118,-0.190269,-0.15323,0.05575,0.010786,-0.074571,0.11025,0.338099,0.018623,-0.033209,0.083658,0.034368,0.090409,-0.018583,0.064087,-0.005639,-0.104187,-0.122106,0.227276,-0.1808,-0.229775,0.043532,-0.078261,0.029512,-0.439882,0.601766,-0.312288,0.037012,0.202509,0.168994,-0.336511,0.409132,-0.210845,0.427264,0.296881,-0.102038,-0.257149,0.138556,-0.357441,-0.335831,-0.323279,-0.270908,0.275077,0.306014,0.214217,0.084843,-0.251963,0.422077,0.431454,-0.051659,-0.270989,-0.27101,0.167246,0.263898,0.113393,0.007645,0.143457,0.424965,-0.017154,-0.118134,-0.160462,-0.071904,0.246134,0.002635,-0.043624,-0.250263,-0.110864,-0.209171,0.352557,-0.045986,0.077152,-0.158219,0.025808,0.105254,0.18963,0.178345,0.396861,0.075125,-0.056959,0.3348,0.278019,0.111746,0.036838,0.160281,-0.252287,-0.014034,0.064296,0.163022,-0.14934,0.170442,0.033025,-0.386566,0.087321,0.002732,-0.107355,-0.029139,0.215081,0.030445,-0.134309,0.200022,0.092078,0.154566,0.006381,-0.188024,0.084887,-0.066995,-0.02903,-0.432565,0.002856,0.349723,0.073715,0.091267,-0.109994,-0.094393,-0.064843,0.278056,-0.237817,-0.109349,0.068403,-0.087161,0.059584,0.167038,0.355019,0.154341,0.552996,-0.234602,-0.1808,-0.225795,0.118474,-0.076665,0.434919,0.309066,0.168555,0.148218,0.179725,0.349535,-0.240056,-0.19524,0.244519,0.070469,-0.011038,0.095071,-0.145838,-0.063242,-0.435238,-0.184079,0.361448,0.106562,0.151795,-0.193955,0.341026,0.441248,0.131204,0.165207,0.177322,0.207975,0.246315,0.365727,0.014893,0.638473,-0.252469,0.007796,0.165932,-0.180533,0.132573,0.41466,-0.11323,-0.007566,0.24076,-0.005703,0.232891,0.445387,0.00412,0.018101,-0.151176,0.09511,-0.199971,-0.095998,0.088601,-0.260541,#
12,0.256881,0.228898,0.232819,-0.26048,0.023144,-0.039573,0.29685,0.195648,-0.176583,0.20139,-0.009839,-0.153785,1.0,0.572718,-0.066145,0.341139,-0.121868,0.489911,0.338639,0.192236,0.058228,0.029613,0.465843,0.130633,0.032334,-0.19051,0.030671,0.029726,0.432767,0.294864,-0.111452,-0.076106,-0.137354,0.092549,-0.127072,0.191906,0.210101,-0.027998,0.052253,0.131035,-0.020267,0.058515,0.086059,-0.242274,-0.157941,-0.471207,0.42226,0.287663,-0.054904,0.224622,0.117186,-0.298302,0.034658,-0.194773,-0.168886,-0.185284,0.442336,-0.349473,-0.087904,0.128514,0.266462,-0.372855,-0.148661,0.328677,0.249899,0.010029,-0.134258,-0.019861,0.012649,0.049675,0.032756,0.293301,-0.385583,-0.331076,-0.281481,0.148997,-0.348418,-0.201942,-0.18401,0.040372,-0.05982,-0.377639,-0.386153,-0.087353,-0.186932,0.061214,-0.032112,-0.033801,-0.079628,0.06377,-0.483885,0.033404,-0.335228,-0.332714,-0.169843,-0.19279,-0.345086,-0.235025,0.063658,-0.384926,-0.227116,-0.304813,-0.201793,-0.007405,-0.002237,-0.017974,-0.125315,-0.242371,-0.076285,-0.101463,0.21189,-0.228198,-0.223568,-0.185044,0.131897,-0.214825,-0.023429,-0.059624,0.093477,-0.169039,-0.039484,-0.116757,-0.248435,-0.246176,-0.365224,-0.02312,0.259957,0.115708,-0.199932,-0.43223,-0.112661,-0.16025,-0.284014,0.241282,0.110555,-0.028357,0.094882,-0.051792,0.12221,-0.296096,-0.410134,0.112216,-0.077317,-0.385021,-0.307247,0.102658,-0.326882,0.536398,-0.361799,-0.049704,-0.38475,0.066023,-0.006571,-0.201709,-0.005105,-0.364233,0.313106,0.198902,-0.087415,-0.249165,0.138816,0.047006,0.072136,0.143517,0.436624,0.16515,0.115407,0.366756,-0.153582,-0.010328,-0.08802,-0.034075,-0.373394,-0.233582,-0.017375,-0.226048,-0.265799,0.210404,0.024157,-0.408339,0.11902,-0.069325,0.207671,0.014653,0.237487,-0.147265,0.234227,0.133609,-0.178023,0.394274,-0.258222,-0.245116,0.000852,0.457641,0.126118,0.143062,0.23741,0.079833,0.24177,0.417868,#
13,0.286536,0.195037,0.190044,-0.335053,-0.420673,-0.162645,0.351928,-0.200135,0.18721,0.456545,0.034929,-0.084504,0.572718,1.0,0.02243,0.056767,-0.409421,0.270261,0.395577,0.45379,0.134479,0.118946,0.360407,0.006192,0.094085,-0.109696,0.283656,0.41102,0.329467,0.309996,0.257991,0.204293,-0.241313,0.155105,-0.19812,0.033532,0.14541,0.30134,0.138334,-0.295025,0.211816,0.529028,-0.004254,0.028741,-0.118047,-0.529502,0.379883,0.438606,-0.287613,-0.035077,0.07415,-0.31969,0.281125,-0.444508,-0.243331,-0.098015,-0.024535,-0.434163,-0.151955,-0.219263,0.531864,0.064708,-0.37919,0.184909,0.277469,-0.071405,-0.274361,-0.117553,0.104356,-0.00173,0.001124,0.289851,-0.1657,-0.4201,-0.505444,0.091005,-0.27077,-0.125291,-0.05879,0.245731,0.029235,-0.524708,-0.478335,0.032811,-0.313652,0.319994,-0.128744,-0.086892,-0.159369,-0.166045,-0.605522,-0.041717,-0.411855,-0.223822,-0.279722,-0.109145,-0.408569,-0.289867,0.087343,-0.316516,-0.32823,-0.27231,-0.267644,-0.215882,-0.052247,-0.129174,0.010549,-0.534983,0.150274,-0.223649,0.132888,0.017028,-0.435876,-0.10153,0.1902,-0.56043,0.022575,-0.30114,0.48799,-0.246779,0.033601,-0.070578,0.040136,-0.24979,-0.397168,0.086175,0.288957,0.064693,-0.217697,-0.352608,-0.034182,-0.254737,-0.383931,0.139576,0.040071,-0.279672,-0.064479,-0.045022,0.308362,-0.391943,0.012327,0.170606,0.189056,-0.42542,-0.345493,0.06378,-0.295025,0.487398,-0.407725,-0.001253,-0.269722,0.236533,0.040963,-0.521567,-0.102632,-0.09842,0.394496,0.147948,0.150635,-0.382774,0.039285,0.099545,0.298547,-0.179534,0.110995,0.370881,0.149311,0.080002,-0.298564,-0.318127,-0.36417,-0.1431,-0.360994,-0.323278,0.163353,-0.285415,-0.005501,0.256748,0.200668,-0.481993,0.336779,-0.182694,-0.148337,0.035833,0.117813,-0.038132,0.066748,0.373632,-0.398649,0.196174,-0.313741,-0.262991,-0.115063,0.340605,0.217865,-0.127468,0.117886,-0.176035,0.351751,0.463365,#
14,-0.020727,-0.196264,-0.29616,0.190113,-0.275272,0.037819,-0.226029,0.262997,-0.033063,-0.151828,-0.177768,-0.094702,-0.066145,0.02243,1.0,-0.371886,-0.023078,-0.242604,0.064917,0.208296,0.457835,0.142287,0.099978,0.348043,-0.133443,0.134872,0.679024,0.018842,-0.062667,-0.119264,-0.013406,0.268434,0.351079,0.064321,-0.280838,-0.480333,-0.242119,0.006964,-0.214016,-0.212276,0.031132,0.351486,0.012181,0.13164,0.304565,-0.184565,0.181056,0.016102,-0.096363,-0.205013,0.112819,0.170688,0.180709,-0.105688,-0.261751,0.39253,0.231427,0.024678,-0.06456,0.255579,0.12735,0.057538,-0.186531,0.051587,0.047403,-0.317137,-0.123223,-0.297023,0.048063,0.02406,-0.162374,-0.281502,0.0553,0.146869,-0.210922,0.01488,-0.050938,0.386211,-0.208446,0.371348,0.289242,-0.211026,-0.193991,-0.074666,-0.035207,0.365094,0.353619,0.122628,0.395779,-0.192546,-0.21468,0.100296,0.216222,-0.178086,0.124809,0.246097,-0.24255,-0.158718,0.024513,-0.107459,-0.139827,0.139956,0.212179,-0.35715,0.227735,0.239135,-0.294494,0.231883,0.196348,0.053334,-0.267086,0.185021,0.189335,0.253106,0.529985,-0.105107,-0.064273,-0.273332,0.030957,-0.392686,0.373609,-0.304232,0.294428,0.15231,-0.004125,-0.144994,0.124426,0.227577,0.101578,0.228633,0.041242,-0.025481,-0.121857,-0.248267,0.044686,0.299282,-0.315356,0.348129,0.320302,0.032737,-0.127406,0.307761,-0.076162,0.280706,-0.123415,-0.091777,0.18614,-0.091727,-0.04524,0.35596,0.035513,-0.134407,0.364141,0.261562,-0.176361,0.069057,0.179192,-0.163644,-0.074748,0.369627,0.201924,0.158641,-0.016313,-0.276625,0.06685,-0.047221,0.103708,-0.147278,-0.129601,-0.111756,-0.538696,-0.164761,-0.323945,0.282431,0.049508,-0.266217,0.165102,-0.268676,0.208076,0.008171,-0.117701,0.040882,0.239217,0.131685,-0.051533,-0.290359,0.062676,-0.040681,-0.063955,-0.135936,0.129184,-0.00514,-0.061488,-0.024714,-0.107165,0.162733,-0.211733,-0.539744,-0.129753,-0.208763,#
15,0.060267,-0.056466,-0.149071,-0.054682,0.252357,-0.007957,0.113578,-0.03135,-0.141258,-0.026363,0.01349,-0.05308,0.341139,0.056767,-0.371886,1.0,0.152269,0.153775,0.026578,0.094421,-0.455666,0.076314,0.124214,-0.095478,0.124978,-0.003421,-0.258945,0.125083,0.344567,0.006222,0.152846,-0.124643,-0.006395,0.246215,0.019357,0.227661,0.146321,0.055399,0.047686,0.252989,0.05511,-0.171758,0.284029,0.129946,-0.403181,-0.00287,0.252077,0.092412,0.051118,0.142572,0.111155,-0.196638,-0.101936,0.119061,0.229888,-0.221152,0.124869,-0.124957,0.113243,0.277187,-0.080222,-0.030589,0.088781,0.238756,-0.195302,-0.340853,0.18652,-0.050295,-0.325509,-0.066411,0.102449,0.337107,0.225721,-0.043504,0.190758,0.240946,0.074616,-0.307109,0.387758,-0.061754,-0.056883,0.169461,-0.168096,0.111538,0.344168,-0.159448,-0.029518,-0.285808,-0.110628,0.197198,0.100556,0.139335,-0.233917,0.066412,-0.20886,-0.149413,0.181983,0.187812,0.075921,0.052535,0.203617,0.150529,-0.188464,0.397616,0.124698,0.014829,0.180804,0.074367,-0.10102,-0.267554,0.096863,-0.140403,0.030127,0.035086,-0.198175,0.191014,0.214719,-0.039567,0.142175,0.261904,0.115634,0.218537,-0.229588,0.145071,0.084545,0.047331,-0.128643,0.290356,0.024394,-0.090981,-0.143975,-0.053086,0.191184,0.468841,0.096614,-0.002885,-0.001617,-0.45786,0.012145,0.011541,-0.023048,-0.229254,-0.240994,-0.395851,0.015369,0.340444,0.236855,0.147021,-0.266086,-0.301225,-0.119527,-0.111708,-0.022986,0.010894,-0.072434,0.245727,-0.000487,0.025503,0.00195,-0.254445,0.217067,-0.026182,0.349949,-0.078431,0.303922,0.05685,0.015768,0.417463,-0.210254,0.037846,0.257789,0.189149,0.179844,-0.050172,-0.161884,0.145233,-0.280173,0.422386,-0.248154,-0.094578,0.119657,-0.088058,-0.122903,0.224052,-0.128825,0.18599,0.085162,0.126906,0.17199,0.034921,-0.178606,-0.267337,-0.050641,-0.003149,0.135148,0.150125,0.187515,0.087301,0.506186,0.312163,#
16,-0.128898,0.098473,-0.132313,0.329273,0.248687,0.32205,-0.010553,0.246214,-0.559233,-0.51977,0.168166,-0.070816,-0.121868,-0.409421,-0.023078,0.152269,1.0,-0.08979,-0.082895,-0.089446,-0.137059,-0.081808,-0.178968,-0.195796,-0.296756,0.29713,0.038697,-0.085995,0.072895,-0.342419,-0.080483,-0.014571,0.044519,0.103098,0.214617,0.155324,-0.390197,-0.070997,-0.157944,0.313608,-0.224787,-0.269156,-0.001769,0.237814,-0.102557,0.340382,-0.095094,-0.702939,-0.17953,0.087138,0.34783,0.068319,-0.29642,0.185486,0.233789,0.017848,0.312207,0.207958,-0.0117,-0.066377,-0.391351,-0.126769,0.202756,-0.1341,-0.359986,-0.320694,0.293898,-0.034145,-0.426732,-0.212921,0.109092,-0.307724,0.150031,0.074779,0.186187,-0.105039,0.104218,0.076854,0.104272,-0.083017,-0.008962,0.318209,0.286141,0.144259,0.152736,-0.123867,0.306658,-0.105379,-0.164482,0.36723,0.005113,0.056908,0.077586,-0.044849,0.23766,0.139321,0.431908,-0.087073,-0.03667,0.142616,0.120989,0.276803,0.308865,0.100745,-0.150272,-0.251063,0.383114,0.370561,0.018391,0.007489,-0.116815,-0.074118,0.28526,0.33168,-0.361026,0.152915,-0.020352,0.127315,-0.144935,0.207464,0.012683,0.103511,-0.38885,0.202828,0.205817,-0.247488,-0.488196,-0.066015,0.025164,0.198983,0.054649,-0.111997,0.562115,0.02358,0.188078,-0.031991,0.520495,-0.18819,-0.123298,0.045229,-0.018784,-0.213624,0.205995,0.446459,0.194599,0.120102,0.281211,-0.248257,0.078156,-0.253193,0.090833,-0.225992,0.268068,0.12549,-0.165175,0.129277,-0.418698,-0.534396,-0.105738,0.409358,-0.016839,-0.088072,0.197416,-0.148194,0.011144,-0.258231,0.090492,-0.092186,-0.128559,0.156736,0.362045,0.185137,0.090141,0.15715,-0.427912,0.144017,-0.199255,0.091926,-0.429168,0.311533,-0.372389,0.043573,0.55797,0.105484,-0.118342,-0.139831,0.040655,0.167794,0.518838,-0.021426,0.324744,0.229108,-0.120803,-0.376556,-0.172604,0.1252,0.192561,0.165941,-0.331887,-0.278503,#
17,-0.236528,0.079586,0.114862,0.047394,0.016982,-0.084002,0.369072,0.088777,0.043638,0.438506,-0.093645,-0.025729,0.489911,0.270261,-0.242604,0.153775,-0.08979,1.0,-0.194018,0.201564,-0.292238,-0.402279,0.167586,0.22507,0.186123,0.112844,-0.121426,-0.172119,0.311321,0.142947,-0.09045,-0.392039,-0.098631,-0.023872,-0.102146,0.205744,0.179048,-0.121924,0.273353,0.094644,-0.042084,-0.222259,-0.03866,-0.260607,-0.029584,-0.189447,-0.123035,0.076983,0.497806,0.072347,-0.082639,-0.309732,0.145184,0.083646,0.109501,-0.119456,0.33761,-0.280095,-0.044839,0.08388,0.202249,-0.222147,-0.072123,0.045984,0.216449,0.206158,0.194292,0.141304,0.156983,-0.139174,-0.013486,0.028205,-0.4562,-0.213993,-0.15252,-0.205414,-0.169975,-0.351673,-0.151916,0.175618,-0.398842,-0.21701,-0.09566,0.286278,-0.368735,-0.042438,-0.249262,-0.027388,-0.282422,-0.186988,-0.152489,-0.077231,-0.516388,-0.217085,-0.314004,-0.104654,-0.288457,-0.011964,0.148448,-0.311851,-0.526969,-0.352094,-0.264645,0.029245,-0.276463,-0.297926,0.235059,-0.321786,0.225783,0.138795,0.33996,-0.139213,-0.011315,-0.256572,-0.159519,-0.12055,-0.256553,-0.081451,0.090561,0.061187,-0.321962,-0.029195,-0.338722,-0.431992,-0.446822,0.049177,0.100823,0.095197,-0.369631,-0.321199,-0.104003,-0.022348,-0.474729,-0.059859,-0.190284,-0.237251,0.323605,-0.14835,-0.316893,-0.251336,-0.389023,-0.161809,-0.010138,-0.369111,-0.013667,-0.099863,-0.268043,0.69603,-0.012133,-0.266199,-0.195593,-0.005703,-0.06012,-0.293016,-0.091419,-0.272156,0.269725,0.462214,0.031169,-0.417166,-0.17271,0.125761,-0.067274,0.375019,0.099259,0.025901,-0.21159,-0.096554,0.096455,0.096636,-0.04516,0.134112,-0.041302,-0.222542,0.122597,-0.228563,-0.148454,0.205174,-0.129751,-0.222183,0.351548,0.210223,-0.174484,-0.106966,0.33782,-0.251964,0.164445,0.157306,-0.460906,0.446715,-0.214319,-0.18513,-0.093183,0.281324,-0.203344,-0.085325,0.36953,0.122834,0.169251,0.399056,#
18,0.459114,0.004266,0.167615,-0.30851,-0.268516,0.173076,0.28382,0.071608,0.185399,-0.0136,0.086833,-0.117475,0.338639,0.395577,0.064917,0.026578,-0.082895,-0.194018,1.0,0.15319,-0.033462,0.267557,0.332491,-0.001137,-0.018696,0.00487,-0.024298,0.375304,0.456284,0.109166,-0.13398,0.302053,-0.094406,0.062143,0.013149,0.207759,-0.031339,0.19861,-0.354834,0.139665,0.091593,0.139995,0.239988,-0.113937,-0.034065,-0.218847,0.307344,0.080944,-0.41724,0.012982,0.246328,-0.082988,0.223458,-0.381584,-0.263947,0.273821,0.033898,-0.223468,0.10123,-0.189787,0.32744,-0.143623,-0.029417,0.132313,-0.258873,0.063643,-0.513036,-0.018702,-0.027132,0.115039,-0.134786,0.230742,0.020906,-0.528083,-0.503355,0.015756,-0.08887,-0.012037,-0.387783,0.251937,0.423436,-0.272358,-0.076296,-0.576497,-0.016834,0.185488,0.047952,-0.265915,-0.236945,-0.074183,-0.37836,-0.110609,0.012582,-0.36801,0.233898,-0.266911,-0.296507,-0.13037,-0.510612,-0.122532,0.011721,-0.031905,0.027213,-0.34353,-0.012066,-0.104985,-0.327113,-0.171778,-0.110374,-0.104549,-0.079904,-0.039105,-0.181314,-0.06947,0.350989,-0.105157,0.12244,-0.061154,0.235648,-0.228009,0.227638,0.064854,0.147813,-0.016607,-0.397496,0.007636,0.30295,0.057854,0.184365,0.045394,-0.03768,-0.343237,0.150404,0.130481,0.173659,-0.000672,-0.168377,0.124393,0.350035,-0.031845,-0.320391,0.254628,0.060481,-0.167423,-0.19108,0.175609,-0.209498,0.076909,-0.53508,0.102269,-0.169471,-0.161668,0.108919,-0.273481,0.172031,-0.111071,-0.026802,-0.085213,-0.269469,-0.009317,0.296131,0.176411,0.226176,-0.316918,0.05365,0.141501,0.235411,0.183961,-0.342109,-0.102377,-0.258523,-0.165614,-0.148628,0.11223,-0.052591,0.013071,-0.227724,0.237403,0.246226,-0.218534,-0.039038,-0.253844,0.210558,0.311664,-0.206306,0.039783,0.519251,0.286088,0.020851,-0.118829,-0.161543,0.113692,-0.066142,0.265965,0.393573,0.090954,-0.201129,-0.016851,-0.029792,0.039339,#
19,0.287665,-0.086074,0.083488,-0.147102,-0.128658,-0.158234,0.338359,-0.379793,0.294482,0.214474,0.25054,-0.119485,0.192236,0.45379,0.208296,0.094421,-0.089446,0.201564,0.15319,1.0,-0.024737,0.250869,0.314952,0.07298,-0.277393,-0.038664,0.481028,0.007361,0.536257,-0.263966,-0.035437,0.238592,0.241052,0.126963,0.054865,-0.065597,0.143586,0.267494,0.032495,0.164826,0.36716,0.082141,0.086381,-0.100069,0.071681,-0.352981,0.132402,0.468482,-0.129649,-0.318226,0.125919,-0.165612,0.268212,-0.187422,0.031946,0.226463,-0.290232,-0.118631,0.140608,-0.080319,0.361979,0.160868,-0.317257,0.143125,0.02771,-0.19024,-0.007544,0.170817,0.034641,0.12019,-0.176882,0.269188,0.330116,-0.250441,-0.360963,-0.029602,0.101938,-0.070884,0.1442,0.192345,0.131912,0.084984,-0.380106,0.010817,-0.080109,0.57133,-0.116124,-0.365806,-0.141796,-0.229905,-0.495112,0.348412,-0.155362,-0.408212,-0.00788,0.006418,-0.076448,-0.277272,-0.216897,-0.186546,-0.281409,0.248826,-0.117129,-0.171125,0.372202,-0.396624,0.266432,-0.004072,0.353603,-0.359131,-0.122227,0.018954,0.075133,0.013638,0.357162,-0.393307,-0.148367,0.027439,0.291064,-0.18168,-0.103884,-0.04087,0.000431,-0.248209,-0.090741,0.246579,0.124722,0.252652,0.052255,0.176244,0.371909,-0.421327,-0.268518,0.130719,0.150953,-0.072234,0.150593,0.235185,0.142025,0.198406,0.039642,0.175698,0.052624,-0.035672,-0.11791,-0.147747,-0.17993,0.156439,-0.176862,-0.117609,-0.077968,-0.025068,0.15606,-0.385541,-0.064145,0.011592,0.216782,-0.026969,-0.122169,-0.303121,0.433198,-0.101038,0.294524,-0.303312,-0.111243,-0.041148,0.377414,-0.116578,-0.271841,-0.018853,-0.191943,-0.350173,-0.23905,-0.007948,-0.008185,-0.116918,0.084911,0.022842,0.213783,-0.185555,0.215684,0.17451,-0.217874,0.288507,-0.076676,-0.39305,0.34916,0.362073,-0.241706,-0.03852,0.03378,-0.319245,-0.156945,0.034006,0.17415,0.054297,-0.227415,-0.445595,0.358712,-0.056937,#
20,0.036494,0.204033,-0.188255,0.270801,-0.193279,0.118793,-0.141516,0.244785,0.030556,-0.051807,0.046941,0.139118,0.058228,0.134479,0.457835,-0.455666,-0.137059,-0.292238,-0.033462,-0.024737,1.0,0.107285,0.209601,-0.159932,-0.059115,-0.131227,0.304567,0.100601,-0.288847,-0.101317,-0.022672,0.036189,0.303462,-0.057263,-0.376675,-0.424102,-0.07357,-0.227548,0.139799,-0.195957,0.079038,0.29879,-0.39951,0.099665,0.17656,-0.10389,0.251522,0.14989,-0.146324,-0.010398,-0.269145,0.336569,0.214044,0.085924,0.002079,0.039792,-0.016888,0.169881,-0.454101,-0.051204,-0.121827,0.091486,-0.063572,0.031745,0.307785,-0.014764,-0.274038,-0.022862,0.161091,0.011326,-0.293585,-0.08643,-0.066681,0.222819,-0.26095,-0.020062,-0.101308,0.344281,-0.092471,-0.027105,-0.087082,-0.300521,-0.120186,0.036538,0.043934,0.143845,-0.018093,0.198704,0.475573,-0.113517,-0.15274,0.078923,-0.015718,-0.013647,0.079217,0.317904,-0.152487,-0.344835,-0.013007,-0.215012,0.143102,0.209359,0.1672,-0.102492,0.013755,-0.048445,-0.033759,-0.020896,-0.225566,-0.06479,-0.013238,-0.002381,-0.164075,0.136023,0.299119,-0.225285,0.143242,-0.19428,-0.22139,-0.124878,0.241167,-0.264698,0.07795,0.185665,0.133622,-0.19227,0.054402,-0.401912,-0.27967,-0.016448,0.14937,0.028372,-0.187886,-0.284864,-0.003553,0.226172,-0.079504,0.398616,0.3577,-0.178482,-0.039416,0.221707,0.103795,0.227658,-0.174594,-0.389386,-0.195957,-0.205154,0.061473,0.144255,0.165842,-0.005335,-0.079983,-0.030038,-0.009415,-0.211859,0.141662,-0.193517,-0.107081,0.240998,-0.113361,-0.119397,0.017679,-0.289121,0.011524,-0.136271,0.142455,-0.199741,-0.074804,-0.234736,-0.130121,-0.145422,-0.478755,-0.08278,0.461332,-0.184351,0.233735,-0.212247,0.276779,0.09824,-0.227882,-0.07318,0.271471,-0.116481,0.157886,-0.187671,-0.147743,-0.103764,-0.129656,0.263526,0.105063,0.016641,0.02791,0.119366,-0.044919,-0.117598,-0.152463,-0.583797,-0.341156,-0.154541,#
