0,1.0,0.017159,0.15414,-0.377873,0.506153,-0.187069,0.303236,-0.202653,0.29821,0.17359,-0.149449,0.282757,0.51525,-0.051656,-0.212858,-0.108658,0.072423,0.076569,0.069094,-0.158,-0.417425,-0.117043,0.355792,-0.329401,-0.243761,-0.382364,-0.409811,-0.196666,0.070777,0.079355,-0.332552,-0.183525,-0.207084,-0.140602,-0.277532,0.163939,0.198801,0.179935,0.084185,-0.113117,0.288052,0.047269,-0.354236,-0.287189,-0.047206,-0.113541,0.385348,0.266128,-0.070241,0.368262,0.217043,-0.124455,0.028913,0.03301,0.060336,-0.116723,-0.22098,0.250956,-0.288866,-0.044237,0.181174,-0.462133,0.208034,-0.386122,-0.020085,0.269288,0.010841,0.084595,0.353714,-0.285094,0.162292,-0.208525,-0.06858,-0.488102,-0.342189,0.29941,-0.159827,-0.457657,-0.087847,-0.095773,-0.273218,-0.170366,-0.332054,0.049082,-0.131774,-0.200464,-0.465052,-0.278517,-0.070729,-0.319781,-0.375856,-0.083976,-0.263908,0.069826,-0.24661,-0.276404,-0.198781,-0.181411,0.162391,-0.373611,0.26239,-0.250438,-0.152269,-0.171774,-0.250128,-0.142292,-0.046501,0.107378,-0.518767,0.116137,0.173535,-0.206777,0.011674,-0.249362,-0.446285,-0.333427,-0.337963,-0.314791,0.210275,-0.541689,-0.270009,-0.498774,-0.131774,-0.319091,-0.368414,-0.025699,-0.457666,-0.131552,0.021022,-0.197181,-0.421881,0.045708,0.06537,0.119306,-0.156581,-0.53777,0.189935,-0.205798,-0.144725,-0.2881,-0.086092,0.23234,-0.249362,0.072547,-0.236031,-0.181333,-0.538475,0.482613,-0.350612,-0.126047,-0.566593,-0.547665,-0.214964,-0.158014,-0.615681,-0.145079,0.249686,0.450712,-0.165441,-0.384551,0.147348,0.011435,-0.420428,-0.035783,0.241251,-0.07853,-0.043593,-0.186418,-0.108028,-0.193603,0.049212,0.170873,0.163208,-0.420706,-0.061532,-0.214005,-0.023693,0.217842,0.247944,-0.263813,0.219211,0.208329,-0.154465,-0.18849,0.261393,0.240132,0.298258,0.196497,-0.366772,0.457099,-0.166524,-0.029765,0.307727,0.40042,-0.289998,0.195639,0.260337,-0.225533,-0.169202,0.225457,#
1,0.017159,1.0,0.119228,0.00362,0.069847,-0.277213,-0.003123,0.010255,0.014535,0.313461,-0.286438,0.084022,0.183409,0.030322,0.044315,-0.029791,-0.024976,0.129538,0.190105,-0.105707,-0.037805,0.029245,-0.003569,-0.118554,-0.189838,-0.039461,0.076857,0.117665,0.097347,0.160089,-0.390717,0.330655,0.021844,0.039656,-0.128647,0.178706,0.279519,-0.067814,-0.227048,-0.242184,0.156052,0.252806,0.179416,-0.13779,-0.211958,-0.338209,0.273141,0.239103,-0.106551,0.392036,-0.122564,-0.352189,-0.072272,0.179412,-0.113918,-0.11638,-0.349773,-0.199004,-0.129811,0.035242,-0.0611,0.023804,-0.170034,0.033214,0.127986,-0.131951,0.167106,0.177019,-0.028082,-0.207144,-0.098164,-0.193869,0.101396,-0.003879,-0.253539,0.130963,-0.134603,-0.390176,-0.143932,-0.50726,0.067336,-0.394514,-0.301867,0.107365,-0.449072,-0.197383,-0.104835,0.083675,-0.051821,0.005863,0.153169,-0.118882,-0.20049,0.163961,-0.44619,-0.032514,0.148182,-0.239719,-0.121202,-0.034065,0.24215,-0.162211,-0.624381,-0.152753,-0.603187,-0.214312,-0.154309,-0.233984,-0.179912,-0.218084,0.008944,0.247852,0.131545,-0.159975,-0.108863,-0.106575,-0.175673,-0.304552,0.311936,-0.059577,-0.198441,0.197496,-0.449072,-0.322657,0.265577,-0.445616,-0.38922,-0.142726,-0.180574,0.0347,-0.28586,0.068486,-0.03828,0.321984,-0.238972,0.024227,-0.201565,-0.051817,-0.168497,-0.192972,-0.047304,0.293128,-0.159975,0.071975,-0.103822,-0.436383,-0.18723,0.259997,-0.39672,-0.158751,-0.276797,-0.213161,-0.188424,0.041384,-0.119408,-0.074669,0.018333,0.316791,-0.042364,-0.291361,-0.117866,-0.093337,-0.021743,-0.103149,0.190999,0.411821,0.063644,-0.003096,-0.38399,0.194142,-0.139898,0.182605,-0.137238,-0.255406,0.146095,0.096055,-0.139713,0.170514,0.083511,-0.1526,0.326741,-0.09001,-0.046045,-0.106845,-0.067372,-0.10353,0.06887,-0.186687,-0.339235,0.098984,-0.367074,0.167696,0.112862,0.26338,-0.258439,0.099115,0.228871,-0.332714,0.065706,0.048214,#
2,0.15414,0.119228,1.0,0.158909,0.130624,-0.181686,0.011573,-0.116393,-0.143994,0.363398,-0.199266,-0.09473,-0.016452,-0.082443,-0.589277,-0.290665,0.117752,0.111402,-0.110146,-0.198159,0.011919,-0.170487,-0.087935,0.022685,-0.055785,-0.293142,0.064246,-0.372478,-0.246913,0.209002,-0.17,-0.176797,-0.12416,-0.03255,-0.089451,-0.03071,0.003695,-0.009177,-0.141459,-0.245204,-0.010599,-0.06897,0.013719,0.143406,0.29326,-0.387388,-0.011642,0.38374,-0.029008,0.278245,-0.04097,0.015473,0.206916,0.320931,-0.078458,-0.274196,-0.165306,-0.015736,0.290359,0.110047,-0.109161,0.242097,-0.342056,-0.298347,0.082277,0.120271,-0.245205,-0.015036,-0.084162,0.031541,0.08381,0.03184,-0.107049,0.1973,-0.173704,0.398142,-0.052952,-0.037015,-0.256987,0.120364,0.109531,0.107437,-0.12517,0.406147,0.029973,-0.263157,-0.039123,0.130419,-0.065455,-0.15002,-0.16658,-0.407974,0.110247,-0.153894,-0.376071,0.140568,0.047047,0.094897,0.186007,-0.039528,-0.17601,-0.124505,0.012938,-0.036104,-0.21835,-0.292655,0.035141,-0.034072,-0.154453,0.172625,0.356463,0.347735,0.102856,-0.312896,0.11389,0.046467,0.016881,-0.308616,0.133095,-0.085021,-0.346072,0.112397,0.018658,-0.001611,-0.189987,0.05977,-0.383677,0.196875,0.193377,0.270731,0.181557,0.039115,0.011551,0.303365,0.196785,-0.202639,0.284947,0.17788,-0.157668,-0.440059,-0.051959,0.424513,0.05967,-0.299334,0.005098,0.279926,-0.063841,0.237678,-0.215575,0.036885,-0.352381,0.241398,0.185881,-0.048394,-0.309224,0.056235,0.062399,0.135653,0.037098,-0.039431,0.334881,-0.048604,0.367796,0.204687,0.208161,-0.008246,-0.113868,-0.442198,0.160214,-0.030112,0.163527,-0.059171,0.060413,0.023095,-0.063615,0.127229,-0.135095,-0.013738,-0.081402,-0.079954,0.049357,-0.06777,-0.11106,-0.125992,-0.427331,0.155877,-0.163342,-0.216557,-0.076626,0.148801,0.287628,-0.097822,0.144478,-0.062154,0.065215,0.016658,-0.087268,0.325535,0.20411,-0.114819,#
3,-0.377873,0.00362,0.158909,1.0,-0.092661,0.017313,-0.138972,-0.252885,-0.183509,-0.111833,0.117569,-0.354489,-0.219438,0.042146,-0.229199,-0.197592,0.280596,-0.242194,-0.098833,-0.138055,0.020534,-0.233095,-0.101321,-0.004214,0.02827,-0.140655,0.029676,-0.10109,-0.042519,-0.035629,0.307588,-0.027776,0.168263,-0.447008,0.00264,-0.413711,-0.292715,-0.026517,-0.352514,0.095775,0.049552,-0.144493,0.051705,0.449495,0.05253,0.025649,-0.334908,-0.074263,0.265998,0.07737,-0.144222,0.344119,0.155222,0.112795,0.13363,0.078685,0.181039,-0.193537,0.329132,-0.136911,-0.114518,-0.111297,-0.239421,-0.022977,-0.184802,-0.190162,0.12751,-0.213165,-0.271539,0.475714,0.017166,0.232902,0.220772,0.188258,0.042503,0.100366,0.075953,0.022264,0.260272,0.286009,0.154296,-0.040757,0.182161,0.21836,0.042503,0.106779,0.392337,0.181078,-0.020249,-0.102609,0.086642,-0.161335,0.024065,-0.087939,0.101465,0.07396,0.395269,0.177934,-0.003178,0.188188,-0.225056,-0.014043,0.327473,0.061543,0.124096,-0.070056,0.534747,-0.214233,0.130792,0.058862,0.174257,0.14074,-0.039519,-0.055135,0.155575,0.056235,0.189871,0.150455,0.016448,0.199225,0.041189,0.315551,0.063923,-0.208076,0.17522,0.029202,-0.008666,0.246732,0.194334,0.086816,0.003025,0.045623,-0.216159,-0.087405,0.070818,0.323301,0.105227,0.129909,-0.13346,0.260272,0.011791,0.2257,0.243713,-0.269258,0.229556,0.218769,0.077494,-0.161579,0.234957,0.16596,0.324351,0.46902,-0.110858,0.093783,0.216559,0.072903,-0.323592,-0.017943,0.390422,-0.059636,0.052577,0.191263,0.005094,-0.004668,-0.277537,-0.062932,-0.121311,-0.085367,0.200763,0.111876,-0.142461,-0.225192,0.031322,0.261342,0.038078,0.121715,-0.036721,-0.118391,-0.140975,0.674908,-0.488646,0.096689,0.18219,-0.246243,-0.026517,-0.216697,-0.357924,-0.159839,0.11002,-0.275612,0.4862,-0.27116,-0.213304,0.071879,0.089147,-0.229768,-0.149915,0.100248,-0.190247,0.182248,#
4,0.506153,0.069847,0.130624,-0.092661,1.0,-0.058075,0.277572,-0.150883,0.016809,0.107389,-0.034614,0.179,0.217733,0.173245,-0.125113,-0.175185,0.384724,-0.283891,-0.071945,-0.421981,-0.404121,0.141518,0.146299,-0.221083,-0.554748,-0.225239,-0.091817,-0.079275,0.217374,0.223003,-0.172121,0.043465,-0.414758,-0.134936,-0.360819,0.283595,0.048316,-0.063124,0.199367,0.024325,0.233932,-0.09929,-0.175177,-0.197837,-0.235155,-0.024614,0.097827,0.328893,-0.113389,0.192139,0.129963,-0.51141,0.168888,0.000122,0.177628,-0.53053,-0.361511,0.31541,-0.422265,-0.170196,0.185224,-0.26081,0.121499,-0.090414,0.246151,0.374692,-0.058237,0.245618,0.136212,-0.189894,-0.178684,-0.665279,0.270556,-0.746674,-0.556894,0.469885,-0.44774,-0.574145,-0.392253,-0.193225,-0.509112,-0.368033,-0.555048,-0.034557,-0.353286,-0.552274,-0.44494,-0.609398,-0.143764,-0.269276,-0.349806,-0.180575,-0.27341,-0.080534,-0.476874,-0.584904,-0.37775,-0.037737,-0.121561,-0.218508,0.202128,-0.160159,-0.122795,-0.29705,-0.474347,-0.525047,0.05581,-0.211735,-0.260729,0.244266,0.003651,0.1187,-0.371009,-0.342259,-0.345496,-0.21472,-0.252226,-0.417754,-0.012501,-0.142709,-0.279425,-0.397448,-0.323702,-0.002409,-0.096384,-0.248318,-0.594701,-0.19058,-0.394048,-0.116274,-0.47042,-0.012298,-0.379952,0.032231,-0.177978,-0.599281,0.259005,-0.573666,-0.226582,-0.41337,-0.283429,0.319276,-0.015086,-0.054511,-0.299663,-0.32993,-0.475724,0.543211,-0.46496,-0.237521,-0.339824,-0.410982,-0.388886,-0.447709,-0.465537,-0.364264,0.083841,0.33389,-0.323702,-0.609177,0.164182,-0.255046,-0.201548,-0.293423,0.059661,0.193896,-0.17764,-0.174419,-0.056153,-0.28024,0.371868,-0.0922,-0.355531,-0.444657,-0.057597,-0.266941,-0.361908,0.213715,0.170651,-0.314714,0.286945,0.04982,0.195118,0.260285,0.236673,0.187372,0.40125,-0.238552,-0.101722,0.316222,0.001508,0.314737,0.555289,0.661576,0.119921,0.245934,0.302743,-0.264729,-0.46066,0.402979,#
5,-0.187069,-0.277213,-0.181686,0.017313,-0.058075,1.0,-0.010207,0.218366,-0.051493,-0.192541,0.068634,-0.067851,-0.402919,0.234803,0.573409,-0.066362,0.133901,-0.246631,-0.178664,0.052919,0.032015,0.132051,-0.011835,-0.25897,0.159032,-0.029441,0.071936,0.027994,-0.143404,-0.01906,0.414541,0.48081,0.268224,-0.157048,-0.361349,-0.383739,-0.293273,0.252173,0.36863,0.111884,-0.391364,0.157542,-0.015102,0.087066,-0.084703,0.16401,-0.164586,-0.322183,-0.13408,0.087488,0.006188,0.188244,0.147444,-0.098616,0.122169,0.318735,0.065886,0.348382,-0.303592,0.319082,0.266184,-0.069923,-0.128667,0.325048,0.066473,-0.067979,-0.298772,0.257576,-0.178523,0.216619,-0.020876,0.100405,0.332067,0.027664,-0.013264,-0.182328,0.361861,0.312004,-0.154681,0.240821,0.078046,0.149598,0.034175,-0.050007,-0.013264,0.142182,-0.081236,-0.242205,-0.03649,-0.301469,0.00218,0.081598,-0.045394,-0.122937,0.264903,0.145549,0.135891,-0.021051,0.11863,-0.079804,-0.218154,0.022175,0.190493,-0.143089,0.266805,0.14021,0.066223,0.013007,-0.143113,-0.362169,-0.071422,0.057016,-0.191098,0.02561,-0.246906,-0.07538,0.210622,-0.143113,-0.182499,0.025915,-0.035836,0.230067,-0.00963,-0.059825,-0.335342,0.30164,0.13367,0.074526,-0.306252,-0.142293,0.293273,-0.253174,-0.217999,-0.032902,-0.024256,-0.151331,0.087799,-0.03237,-0.047597,0.238722,0.289201,-0.110703,-0.325627,-0.36657,-0.100198,-0.05905,0.200393,-0.185828,0.522807,0.034402,-0.001541,0.079773,0.308389,0.363725,-0.069053,-0.079504,0.033974,-0.082254,-0.210408,0.091149,-0.280869,-0.113548,0.053308,-0.055695,0.034422,-0.062293,0.308308,0.222212,0.006256,0.043951,0.233514,-0.18441,0.188298,0.270712,0.017294,0.132588,0.012122,-0.13072,0.099188,0.177628,0.069933,0.091686,0.152205,0.09792,0.001349,0.002077,0.143744,0.066464,0.170751,0.108899,0.152898,-0.142592,-0.188164,-0.359302,0.063997,-0.069794,-0.237535,-0.060815,0.207196,0.261787,#
6,0.303236,-0.003123,0.011573,-0.138972,0.277572,-0.010207,1.0,0.10691,0.478429,-0.132568,0.241564,0.207055,0.183495,-0.251222,0.093897,0.133497,-0.169132,-0.152123,0.032909,0.04508,-0.083392,0.321115,0.14677,-0.558795,0.011491,-0.025508,-0.006211,-0.543824,0.162268,0.238718,-0.303703,-0.213649,-0.065198,0.05628,-0.022369,0.136221,0.1865,-0.32874,0.023122,0.44864,0.157218,-0.128611,-0.284492,-0.413958,-0.149369,0.191612,-0.273937,0.13929,0.149263,0.218222,0.386107,-0.115599,-0.128035,0.142047,0.193321,0.056751,-0.030061,0.296365,0.117737,0.17098,0.298689,0.033312,-0.379912,0.091131,0.258004,0.043337,-0.143328,-0.007767,0.033583,-0.197293,-0.05652,-0.312397,0.220421,-0.317219,-0.503122,0.303065,-0.297565,-0.337694,-0.403408,-0.213083,-0.422317,-0.24582,-0.16923,-0.508372,-0.313492,-0.357246,-0.424218,-0.092673,-0.327253,-0.169114,-0.31392,-0.441916,-0.153061,-0.166476,-0.604279,-0.166688,-0.192275,-0.587429,-0.333935,-0.221551,-0.093048,-0.266289,-0.314392,-0.281871,-0.268114,0.033433,0.130513,-0.015312,-0.500395,0.189011,0.008079,-0.00896,-0.240163,-0.441122,-0.099585,-0.215152,-0.182298,-0.178802,0.110649,-0.376727,-0.165911,-0.384788,0.082889,-0.387731,-0.211245,0.03756,-0.342462,-0.175021,-0.3475,-0.284321,-0.308955,-0.072392,-0.325531,-0.191717,-0.313739,-0.283291,0.067191,-0.201191,-0.035348,-0.594472,-0.357152,0.183328,-0.264092,-0.099388,-0.311703,-0.33426,-0.466577,0.726318,-0.065759,-0.503319,-0.321392,-0.50594,-0.365169,-0.133844,-0.305232,-0.389843,-0.168992,0.202166,0.068335,-0.559175,0.22709,-0.236803,-0.431287,-0.306379,-0.009933,0.244613,-0.0303,0.034845,-0.082031,-0.130712,0.068938,-0.059484,0.059974,-0.143489,0.059912,-0.407403,-0.102728,0.692289,0.435886,-0.111692,0.3444,0.636804,0.044773,-0.106119,0.62358,0.051145,-0.056111,-0.126935,-0.159469,0.537228,-0.062357,0.080639,0.507461,0.208653,-0.449886,0.271079,0.603644,-0.38396,-0.330744,-0.011714,#
7,-0.202653,0.010255,-0.116393,-0.252885,-0.150883,0.218366,0.10691,1.0,-0.215811,-0.398164,-0.36022,-0.033521,-0.225299,-0.020136,0.149294,-0.11524,0.224255,-0.033624,-0.104013,0.005486,0.179768,0.477903,-0.250935,-0.022125,0.06441,0.2662,0.311332,0.116143,-0.531894,-0.257271,-0.044773,0.471936,0.247435,0.092227,-0.121589,-0.017,-0.000278,-0.244562,0.303079,0.020017,-0.081564,-0.014799,0.407468,-0.210526,-0.286286,0.236261,-0.117903,-0.057108,-0.360191,-0.117592,0.253203,0.015799,-0.081981,-0.103259,-0.05011,0.240165,0.321627,0.125636,-0.111832,0.285518,-0.105348,0.171247,-0.138516,0.537192,0.193641,0.176537,-0.16403,0.141788,-0.022424,-0.401359,0.155417,0.296332,-0.168397,0.119918,0.045059,-0.283751,0.285168,0.395268,-0.09428,0.29672,0.149756,0.238765,0.284009,0.038985,0.257807,0.219531,0.143663,0.176926,0.222716,0.100825,0.045059,0.127515,0.389981,-0.264533,0.147767,0.238724,-0.118685,0.207544,-0.216722,-0.032924,0.065882,-0.003257,0.024599,0.072212,-0.035424,0.13115,0.103123,-0.228169,0.078378,-0.126551,-0.289941,-0.105757,0.048771,0.092282,0.326448,0.240259,0.098108,0.08546,-0.132292,0.073416,-0.058472,0.125613,-0.140414,0.139392,0.02465,0.191803,0.194022,-0.484849,-0.013556,0.117161,-0.01023,-0.004178,0.029647,-0.255856,0.243865,-0.069761,0.107835,0.049676,0.082045,-0.102067,-0.13132,-0.06984,-0.016583,0.005148,-0.013865,-0.098258,0.093735,-0.104148,0.04718,0.096939,0.032756,0.130302,0.22712,0.115505,0.356787,-0.10627,-0.203847,-0.330814,-0.140414,-0.003843,0.269087,-0.203463,0.099513,-0.013075,0.293496,0.039542,0.230644,0.245477,-0.00644,0.289552,0.001897,-0.06123,0.122241,0.174984,-0.402855,0.00396,0.11791,-0.183825,-0.123559,-0.135573,-0.113686,-0.265402,0.246409,-0.170024,-0.095398,-0.044992,-0.151746,0.108029,0.183686,-0.106953,0.214781,0.162363,-0.12242,-0.304736,0.052953,0.047195,-0.286326,-0.008573,0.04305,-0.177271,#
8,0.29821,0.014535,-0.143994,-0.183509,0.016809,-0.051493,0.478429,-0.215811,1.0,0.080741,0.202962,0.258113,0.152438,-0.10367,0.234372,0.07858,-0.442739,0.088155,0.367101,-0.171238,-0.190152,0.036927,0.295643,-0.37712,0.260734,-0.281344,-0.094276,0.009524,0.493587,0.1972,-0.249397,-0.205557,0.186304,0.101125,-0.180231,0.262201,0.214182,-0.113725,-0.148037,0.244687,0.118126,-0.357681,-0.25714,-0.20801,-0.034185,-0.098354,0.092384,0.004778,0.28506,0.353431,-0.001871,-0.038528,-0.172631,0.271613,0.391753,-0.121268,0.006964,-0.069201,0.365801,-0.099461,0.12002,-0.120813,-0.153685,0.075302,-0.104596,-0.008342,0.214228,-0.147113,0.128556,-0.027175,-0.150151,-0.242869,0.214078,-0.17631,-0.1487,-0.000538,-0.257488,-0.287233,-0.211601,-0.376027,-0.256182,-0.25501,-0.309676,-0.274047,-0.159806,-0.172602,-0.237168,-0.233774,-0.301973,0.002994,-0.1487,-0.087399,-0.43475,0.198598,-0.243666,0.036921,-0.169314,-0.578897,0.041485,-0.211134,-0.202204,-0.321813,-0.2775,-0.239452,-0.046143,-0.016465,-0.292186,0.090493,-0.32999,0.256678,-0.05953,0.143976,-0.069472,-0.20623,-0.252749,-0.473206,-0.170028,-0.140425,0.29622,-0.226844,-0.225901,-0.426204,0.251571,-0.38498,-0.236793,0.050316,-0.112368,-0.115642,-0.07051,-0.419767,-0.133735,-0.019579,-0.137353,0.130996,-0.333739,-0.093668,-0.258224,-0.179235,0.18273,-0.240351,-0.274374,0.14971,-0.479858,-0.214159,-0.325996,-0.015615,-0.116899,0.288961,-0.037682,-0.317817,-0.149086,-0.339981,-0.329912,-0.254696,-0.160911,-0.460202,0.1134,0.497087,0.040107,-0.319607,0.144943,-0.145174,-0.216044,-0.135477,-0.007401,0.166353,-0.094531,0.027816,-0.127877,-0.090826,-0.149328,0.380676,0.124089,-0.47265,0.184371,-0.458614,-0.206511,0.473982,0.236953,-0.042129,0.354794,0.530114,-0.058428,-0.033345,0.414731,0.11293,-0.122509,-0.133784,-0.248016,0.14823,-0.204868,0.01224,0.404225,0.131773,-0.527114,0.084502,0.546411,-0.225369,-0.021262,-0.043436,#
9,0.17359,0.313461,0.363398,-0.111833,0.107389,-0.192541,-0.132568,-0.398164,0.080741,1.0,-0.028113,-0.018114,0.313756,0.078427,-0.075467,0.032358,-0.384936,0.322031,0.045391,-0.037268,0.014488,-0.229159,0.232554,0.004485,-0.034023,-0.146277,-0.276046,0.011392,0.144878,0.229323,-0.35203,0.098268,-0.126563,0.145304,-0.226615,0.147264,0.158928,0.035798,-0.097351,-0.238098,0.150991,0.309944,0.022587,0.253203,0.313924,-0.331166,0.189903,0.546898,0.232098,0.346966,-0.228091,-0.128536,0.172372,0.210459,-0.319713,-0.283609,-0.139888,-0.137168,-0.033387,-0.016649,0.08272,0.104472,-0.232297,-0.262264,0.238903,0.069485,-0.026503,0.362185,-0.015901,-0.237796,0.14026,-0.282338,-0.071043,-0.011577,-0.03698,0.383149,-0.210312,-0.366366,-0.079312,-0.232039,-0.071124,-0.09801,-0.29519,0.035588,-0.219473,-0.131593,-0.222746,-0.197971,-0.221175,-0.170231,-0.02238,-0.105614,-0.191163,0.157527,-0.237741,0.131448,0.186757,-0.266296,0.164013,-0.386927,-0.135772,-0.135665,-0.365294,-0.045518,-0.214111,-0.109237,-0.193102,-0.190986,-0.177726,-0.03555,0.589014,0.143939,-0.089537,-0.292831,-0.230654,-0.150108,-0.33923,-0.294055,0.259035,-0.326646,-0.037189,0.055478,-0.01508,0.05154,-0.136387,-0.145806,-0.36362,-0.045225,-0.152666,0.116052,0.164069,-0.13582,0.164221,0.82504,-0.031317,0.112942,-0.031555,-0.143952,0.278313,-0.305709,0.124421,0.152007,-0.131564,-0.112769,-0.016916,0.064814,-0.09108,0.273881,-0.398057,0.000811,-0.603591,-0.028074,0.179507,-0.206544,-0.370318,0.203662,0.362262,0.491851,-0.204874,-0.04467,-0.258157,-0.030319,0.039569,0.186524,0.148099,0.275249,-0.516715,-0.3637,-0.032358,-0.206577,0.271483,0.120616,-0.116235,-0.332313,0.281214,0.060897,-0.117105,-0.040879,-0.093178,-0.263694,0.149991,-0.040311,-0.476887,0.354546,-0.266453,-0.007049,0.140417,-0.250869,-0.413327,0.328953,-0.049459,0.03801,-0.042434,0.06241,-0.105052,-0.179071,0.198233,0.078016,0.397562,-0.144802,#
10,-0.149449,-0.286438,-0.199266,0.117569,-0.034614,0.068634,0.241564,-0.36022,0.202962,-0.028113,1.0,0.011941,-0.112468,-0.013608,0.315506,0.083968,-0.256396,-0.330066,-0.19983,0.147501,-0.071832,-0.035225,0.009817,-0.092314,0.13485,0.241414,0.118921,-0.230936,0.489258,0.062927,0.094983,-0.395578,-0.093415,-0.019133,0.239016,-0.138563,-0.188841,-0.038883,0.12921,0.321502,-0.284706,-0.106607,-0.417343,0.213612,0.356909,0.049045,-0.356485,-0.132165,0.476084,-0.18512,0.058728,0.073206,0.027597,0.231755,0.344657,0.284943,-0.015046,-0.262064,0.198841,0.140418,0.198937,0.004993,-0.007353,-0.125501,-0.082407,-0.111917,0.013548,-0.174026,-0.471269,0.132621,-0.14958,-0.11445,0.374962,-0.075284,-0.077404,0.194055,-0.17392,0.153547,-0.161211,-0.132093,-0.426646,0.013411,0.092302,-0.408606,-0.069618,-0.204545,0.172621,0.000991,-0.18013,-0.243607,-0.070051,-0.310556,0.000752,-0.223104,-0.006119,0.142012,-0.087149,-0.308275,-0.394172,-0.007079,-0.121883,0.238973,-0.033011,-0.142719,0.016926,0.047877,-0.01482,-0.096493,-0.057127,0.249183,-0.038858,-0.055973,-0.337132,0.066214,-0.307277,-0.082609,-0.055025,-0.073225,-0.257281,0.003368,0.197311,-0.14537,0.330895,0.112584,0.084156,0.171266,0.152179,0.33011,-0.205633,-0.152602,-0.05325,-0.250142,-0.441373,-0.135523,-0.241195,0.153733,0.030368,-0.243041,0.260714,0.02073,-0.182764,0.142613,-0.089346,-0.028474,-0.0574,-0.111591,-0.159179,-0.133483,0.532385,-0.237057,0.130756,-0.253783,-0.242921,-0.173318,-0.071938,-0.099738,-0.210466,0.11425,0.316189,-0.028814,-0.035301,-0.208928,-0.248728,-0.2382,-0.507037,-0.220427,-0.094088,0.099056,0.351544,-0.436804,0.098373,-0.491179,-0.058385,-0.05523,0.365343,0.035888,-0.275002,0.096676,0.170732,-0.002258,0.06619,0.434482,0.136462,0.326437,0.001853,-0.03373,0.119492,-0.274446,0.125449,0.193453,-0.126199,0.259142,0.077033,-0.115463,-0.158399,-0.139476,0.16503,0.057427,-0.141124,0.108387,#
11,0.282757,0.084022,-0.09473,-0.354489,0.179,-0.067851,0.207055,-0.033521,0.258113,-0.018114,0.011941,1.0,0.029927,-0.504677,0.075867,0.425634,0.126318,-0.357604,-0.159558,-0.13041,-0.371831,0.108825,-0.314528,-0.003151,0.093202,0.138915,-0.159547,-0.0959,0.195026,0.357723,-0.284449,-0.061504,-0.248765,-0.010369,0.215151,0.287926,-0.432136,0.082735,-0.207047,0.316642,0.010491,-0.25,-0.461344,-0.416798,-0.033851,0.088606,-0.240937,-0.219867,-0.120886,0.261344,-0.197779,-0.465613,-0.052063,0.264744,0.187914,-0.069648,-0.228275,0.128556,-0.026452,0.165851,-0.384787,-0.073062,0.19329,0.069786,0.422012,-0.388421,-0.120805,-0.191766,-0.192517,-0.347989,-0.112186,-0.152602,0.110823,-0.394701,-0.294686,-0.161141,-0.227621,-0.126253,-0.216962,-0.225581,-0.288144,-0.279371,-0.400196,-0.094816,-0.085406,-0.226564,-0.161592,-0.514876,-0.128631,-0.033553,-0.077035,0.017606,-0.135802,-0.390374,-0.15913,0.063302,-0.08759,-0.468099,-0.145474,0.122228,0.194084,-0.196322,-0.299217,-0.254393,-0.164305,-0.086885,0.000412,0.166851,-0.223077,0.134369,-0.383509,-0.066482,-0.277528,0.108944,-0.346956,-0.476702,-0.030499,-0.041939,-0.397822,0.068695,-0.370315,-0.404422,-0.286315,0.142346,-0.016751,-0.278265,0.049451,-0.378013,-0.336759,-0.052815,-0.344438,-0.166401,-0.089971,-0.000665,-0.303398,-0.223244,-0.198648,-0.459852,-0.378078,-0.208995,0.055667,0.285996,-0.201752,0.107362,-0.532719,-0.42093,-0.229613,0.030942,-0.265498,-0.215784,-0.076073,-0.489015,-0.106693,-0.039942,-0.345486,-0.296959,-0.287063,-0.07677,-0.068663,-0.013919,0.024459,-0.194018,-0.075994,-0.343006,-0.157737,-0.021194,0.024761,0.166674,0.173328,-0.346465,0.283589,0.00093,-0.006945,-0.147996,0.350772,-0.363225,-0.251943,0.092541,-0.040667,-0.274345,0.385365,0.046054,0.523045,0.14309,0.167404,0.075067,0.15217,0.242927,0.220806,0.254573,-0.097933,0.379608,0.325204,0.047713,-0.442521,0.472683,0.143786,-0.161074,-0.315891,-0.118602,#
12,0.51525,0.183409,-0.016452,-0.219438,0.217733,-0.402919,0.183495,-0.225299,0.152438,0.313756,-0.112468,0.029927,1.0,0.045517,-0.105052,0.144229,-0.206423,0.20944,0.230415,0.21044,-0.259537,0.150905,0.427767,-0.411883,-0.319904,-0.352051,-0.11392,-0.118955,0.296255,-0.133887,-0.685681,-0.10186,-0.038852,0.06022,0.135865,0.152672,0.383829,0.018251,0.023872,-0.240021,0.504161,0.221923,-0.105262,-0.256573,0.007874,-0.127418,0.464725,0.382637,0.075179,0.200587,0.022645,-0.086394,0.076418,0.055513,-0.048732,-0.064631,0.139457,-0.023093,-0.016809,-0.124997,0.259768,-0.198244,-0.035901,-0.090746,0.114082,0.303599,0.298356,0.142642,0.400351,-0.227219,0.168002,-0.266613,-0.007613,-0.188405,0.035155,0.239462,0.020672,-0.511479,0.108963,-0.242903,-0.271103,-0.093762,-0.345284,-0.338262,0.035155,0.104435,-0.455779,-0.114887,-0.006426,0.145742,-0.323787,-0.296011,-0.330089,0.124452,-0.144276,-0.166329,0.115177,-0.27938,-0.007399,-0.573682,0.373605,-0.289495,-0.357103,-0.320204,-0.297843,0.041391,-0.126602,0.055684,-0.525333,0.126276,0.31581,-0.061652,0.081241,-0.452653,-0.267393,-0.238901,-0.681841,-0.016676,0.416934,-0.42195,0.146353,-0.423241,0.035155,-0.237144,-0.189763,0.170139,-0.510605,-0.088163,0.120432,-0.13479,-0.165192,0.071988,0.046661,0.300008,-0.326718,0.015257,0.040182,-0.046937,-0.069388,-0.450335,-0.348165,-0.075369,-0.128852,0.037678,-0.165147,-0.054833,-0.473325,0.409871,-0.448689,-0.205639,-0.357665,-0.356162,-0.04672,0.024557,-0.16514,0.085063,0.278312,0.351219,-0.144316,-0.23348,-0.176155,-0.052422,-0.446045,0.007218,0.151437,0.054067,-0.204954,-0.21887,-0.274095,0.017774,-0.004005,0.316484,0.232524,-0.16859,0.164442,-0.042942,0.224043,0.351096,0.082751,-0.305314,0.30275,0.284529,-0.345149,-0.150838,0.178632,0.003007,0.351675,-0.126307,-0.626617,0.32993,-0.083702,-0.109124,0.156737,0.288787,-0.306863,0.141437,0.419003,-0.246484,-0.138566,0.008231,#
13,-0.051656,0.030322,-0.082443,0.042146,0.173245,0.234803,-0.251222,-0.020136,-0.10367,0.078427,-0.013608,-0.504677,0.045517,1.0,0.164687,-0.151273,0.060678,0.178709,0.247307,0.113615,-0.0385,-0.028758,0.405454,-0.157467,-0.245401,-0.434477,0.18897,0.474276,0.07592,-0.268119,0.066373,0.410614,0.248958,-0.076383,-0.150239,-0.226509,0.112579,0.291648,0.137709,-0.461288,0.215094,0.233106,0.191427,0.253545,-0.151117,-0.420417,0.354183,0.222689,0.021896,-0.019542,0.046691,0.25092,-0.110267,-0.210444,-0.285985,-0.176998,0.096465,0.008197,-0.221376,-0.111369,0.218149,-0.209573,-0.114052,0.049882,0.080146,0.424017,0.328652,0.442418,0.275415,0.181595,0.038593,-0.168661,0.280125,-0.245542,0.009591,0.176699,0.117518,-0.087307,0.064113,0.105734,-0.166318,-0.132643,0.090897,-0.086873,-0.177733,0.037182,-0.019626,0.143979,-0.097701,-0.086819,0.204408,-0.171142,-0.26617,0.268002,0.148824,-0.105029,0.02455,0.205239,0.171631,-0.35615,0.079148,0.12938,0.228547,-0.064044,0.003368,-0.093972,-0.12835,-0.330759,-0.079885,0.036984,0.334753,0.263699,0.037701,-0.031721,-0.022677,0.168412,-0.066745,-0.08637,0.210794,0.045832,0.211276,0.073896,-0.174207,0.026934,0.166164,0.156071,-0.262201,0.143547,-0.044352,0.097497,-0.008651,0.318434,-0.166078,0.226934,0.020142,-0.086941,-0.220826,-0.112743,0.175498,0.08215,-0.098254,-0.085871,0.117457,-0.412472,-0.04313,0.175485,0.107178,-0.149069,0.04951,0.251058,0.005504,0.092987,0.052431,-0.047633,0.131383,0.327505,0.41182,0.270463,-0.189193,0.023846,-0.108921,-0.160897,0.154069,0.161475,0.100785,0.161697,0.273757,-0.096407,-0.225561,0.427335,-0.072656,0.135783,-0.20904,-0.205754,-0.10337,0.144311,-0.051438,-0.218347,0.183452,-0.048746,0.162451,-0.35423,-0.286656,-0.05263,-0.063216,0.114596,0.19066,-0.345848,-0.225131,-0.137004,0.036065,-0.216629,-0.101751,0.057089,0.318658,-0.109506,0.003328,-0.035913,0.069263,0.025741,#
14,-0.212858,0.044315,-0.589277,-0.229199,-0.125113,0.573409,0.093897,0.149294,0.234372,-0.075467,0.315506,0.075867,-0.105052,0.164687,1.0,0.039118,-0.262396,-0.192393,-0.098941,0.119853,-0.031676,0.362143,0.073445,-0.170428,0.247759,0.208668,0.112786,0.303647,0.273266,0.126488,0.050736,0.375031,0.229135,0.099909,-0.271926,-0.210755,-0.055902,-0.009765,0.500983,0.355884,-0.286424,0.281864,0.028276,-0.077994,-0.279331,0.214009,-0.068216,-0.340034,0.139561,-0.019542,0.046691,0.033787,-0.110267,-0.248623,0.141031,0.302819,0.096465,0.008197,-0.271476,0.352155,0.276593,-0.209573,-0.028178,0.544787,0.167316,0.059951,-0.108715,0.133719,-0.15361,-0.059524,0.077684,-0.024381,0.492171,-0.105977,-0.196686,-0.325241,0.095068,0.211276,-0.121296,-0.096065,-0.195271,-0.149395,-0.092699,-0.466871,-0.196686,0.020947,-0.048778,-0.205489,-0.104201,-0.086819,-0.1817,0.142516,-0.26617,0.092075,0.132473,0.042453,-0.14008,-0.315148,-0.028732,-0.026718,-0.165305,0.116222,-0.169847,-0.22633,-0.012869,0.253872,-0.154953,-0.157452,-0.08637,-0.265127,-0.264218,0.024244,-0.328331,0.120573,-0.509841,-0.170138,-0.076625,-0.08637,-0.154743,-0.12576,0.050646,-0.11401,0.013117,-0.131593,0.000539,0.138727,0.216007,-0.132397,-0.51422,-0.219004,-0.025905,-0.170656,-0.384138,-0.031528,-0.556454,0.073404,-0.220826,-0.293659,0.212414,0.064113,0.053325,-0.330793,-0.402521,-0.128546,-0.219971,-0.327685,-0.060753,-0.205492,0.364708,-0.256978,-0.005926,-0.154645,-0.116472,0.096004,-0.056835,-0.174376,0.092891,0.067932,-0.208146,0.006653,-0.250183,-0.167943,-0.193751,-0.208283,-0.247096,-0.008275,0.034529,0.381656,-0.041279,-0.067453,-0.029598,-0.126073,-0.065068,-0.046666,0.46725,-0.075911,-0.051438,0.107409,0.165984,-0.072762,0.360865,0.2099,0.089238,0.143811,0.122356,0.102121,0.368323,-0.154633,-0.078102,0.046017,-0.305403,0.126079,-0.092551,-0.278036,-0.182961,-0.16032,0.012389,-0.263415,0.126718,0.008268,#
15,-0.108658,-0.029791,-0.290665,-0.197592,-0.175185,-0.066362,0.133497,-0.11524,0.07858,0.032358,0.083968,0.425634,0.144229,-0.151273,0.039118,1.0,-0.070626,-0.15568,0.313288,0.300575,0.015098,0.201954,-0.261137,-0.0196,-0.275383,0.187979,-0.123009,-0.242498,0.059363,-0.048119,-0.283163,-0.013699,-0.061621,0.112516,0.576977,0.087501,-0.174021,0.092035,-0.341508,0.026369,0.291986,0.030492,-0.270554,-0.259375,0.08113,0.056954,-0.312552,-0.178551,0.108834,-0.075058,0.004654,-0.032338,-0.166709,0.117719,-0.337584,0.039541,-0.102182,-0.046928,0.008909,0.106442,-0.098639,0.025044,-0.032773,0.140908,0.394309,-0.333338,0.053355,-0.050425,0.105323,0.175714,-0.142874,0.101088,0.173509,-0.11444,0.090787,-0.093192,-0.219335,-0.269996,0.167406,-0.196664,-0.149189,-0.198772,-0.118788,-0.377005,0.079777,0.063253,-0.246035,-0.203497,-0.085694,0.372939,0.28543,-0.058416,0.072528,-0.291661,-0.081146,0.058771,0.012704,-0.556796,-0.461738,-0.00354,0.366845,-0.027019,-0.303279,0.053594,-0.066127,0.148676,-0.302126,-0.055107,-0.14118,0.069634,-0.124724,-0.323653,-0.02064,0.135797,-0.050865,0.003301,0.029523,0.206052,-0.313008,0.256257,0.12839,-0.005511,0.098273,0.16115,0.124606,-0.059355,0.058428,0.021237,0.028881,0.087589,-0.098202,-0.018044,-0.081078,0.087658,-0.094568,0.081028,-0.258833,-0.282067,-0.203608,-0.029153,0.053277,-0.03788,-0.05294,0.253435,-0.268543,0.110243,-0.083913,0.019295,-0.20598,-0.15323,0.070421,-0.089313,0.019831,-0.050296,0.059421,0.002088,-0.279657,0.003807,0.086823,0.033252,-0.517254,-0.157606,-0.204708,-0.113102,-0.224603,0.17257,-0.030126,0.015641,0.000347,0.143698,-0.034166,0.28371,-0.134922,0.073442,0.093489,-0.185292,-0.011438,-0.002192,-0.269157,0.047721,0.261286,0.184403,0.175592,0.234395,0.157927,-0.224614,0.157299,0.155581,0.257399,0.054173,-0.218749,0.142025,-0.042249,0.073583,-0.187636,0.228089,0.383224,0.204354,-0.266724,-0.243433,#
16,0.072423,-0.024976,0.117752,0.280596,0.384724,0.133901,-0.169132,0.224255,-0.442739,-0.384936,-0.256396,0.126318,-0.206423,0.060678,-0.262396,-0.070626,1.0,-0.424871,-0.2246,-0.277202,-0.426235,0.127813,-0.219379,0.098702,-0.312222,-0.179068,-0.117221,-0.115332,-0.275016,-0.146307,0.228575,0.321259,-0.0431,-0.313843,-0.066578,-0.267555,-0.301842,0.179692,0.021613,-0.064563,-0.005424,0.008187,0.046704,0.145551,-0.192357,0.053709,-0.107706,-0.126012,-0.280943,-0.093113,0.199159,0.04176,0.096327,-0.118779,0.044763,-0.069173,-0.114203,0.059383,-0.420401,0.018917,-0.195152,-0.313088,0.174469,0.161371,0.092081,-0.054964,0.100943,-0.136801,-0.09705,0.118964,-0.240939,0.161962,0.186681,-0.318784,-0.28907,0.063504,-0.119973,0.032519,-0.052258,0.325079,-0.111819,-0.046883,0.017653,0.388333,0.098085,-0.036312,0.103724,-0.243765,0.00227,-0.159041,-0.0907,0.063848,0.16998,-0.344689,0.079596,-0.135226,-0.032667,0.285162,-0.160008,0.062012,0.281411,-0.080675,0.267172,0.176939,-0.108492,-0.508312,0.364395,-0.171224,0.015727,0.166944,-0.253583,-0.05612,-0.236592,0.075186,-0.087152,0.114138,0.339164,-0.172201,-0.236719,0.335368,-0.327339,0.162286,-0.295738,0.089095,0.050936,0.052677,-0.15432,-0.018356,0.015999,0.194423,-0.308119,0.102396,-0.315375,-0.256357,0.091182,-0.280683,0.359046,-0.364913,-0.669234,0.153982,0.133837,0.207961,0.247905,-0.03894,-0.137244,-0.104605,-0.117152,-0.102382,-0.036797,0.175856,0.107547,0.142085,-0.02762,-0.132781,-0.100206,-0.235396,-0.366774,-0.263429,0.105169,-0.034765,0.060211,0.134131,-0.094218,-0.143147,0.008577,-0.088414,0.20038,-0.112068,0.12947,0.197182,0.182691,-0.198701,-0.100159,0.209063,-0.331289,0.031803,-0.119808,-0.464626,-0.229706,0.24551,-0.17033,-0.295444,0.587523,-0.118156,-0.004261,-0.216284,0.20399,0.126004,0.246211,-0.213163,0.278897,0.079488,0.156369,0.249286,0.224748,0.131923,-0.239933,0.215477,-0.41512,0.183226,#
17,0.076569,0.129538,0.111402,-0.242194,-0.283891,-0.246631,-0.152123,-0.033624,0.088155,0.322031,-0.330066,-0.357604,0.20944,0.178709,-0.192393,-0.15568,-0.424871,1.0,0.103317,0.323181,0.130914,-0.139158,0.533264,0.032525,0.224356,-0.277993,0.147443,0.27247,-0.203384,-0.131757,0.036289,0.001825,0.220348,0.400112,-0.127253,0.215136,0.555987,-0.142188,-0.076092,-0.409557,0.170139,0.298739,0.471695,-0.066985,-0.053567,-0.318191,0.58562,0.36161,-0.055658,0.085351,0.219473,0.091377,-0.378648,-0.098692,-0.325096,-0.193443,-0.001734,-0.029203,0.153419,-0.236021,-0.163855,0.178599,-0.234661,-0.262623,-0.276162,0.159195,0.235479,0.373937,0.521993,-0.049521,0.072682,-0.056539,-0.452205,0.200073,0.381631,-0.049,0.09623,-0.189059,0.065515,-0.091038,0.319975,0.089539,0.032059,0.264381,-0.036059,0.307704,-0.124528,0.344862,0.207499,0.195724,0.156924,0.173514,-0.047877,0.633666,0.133185,0.020285,0.097195,0.184979,0.306906,-0.365666,-0.204186,-0.264328,-0.116481,0.237454,0.341347,0.139654,-0.289908,0.044457,-0.067271,-0.066765,0.493074,0.138978,0.669936,-0.050087,0.309574,0.105499,-0.366132,-0.062695,0.709398,-0.461184,-0.038991,-0.086063,-0.001163,-0.271914,-0.235371,-0.08729,-0.042316,-0.157747,0.206698,-0.341159,0.315361,0.033867,0.630005,0.340201,0.14232,0.041999,-0.227771,0.509124,0.373763,0.125394,0.030304,-0.285298,0.10877,-0.123508,0.068151,0.306661,0.064855,0.078608,-0.152364,0.133443,-0.338263,0.013229,0.115007,0.105816,0.074005,0.230352,0.66002,0.04206,-0.22587,0.148778,0.087722,0.370536,0.310143,0.752079,0.245941,0.358152,0.069603,-0.095156,-0.676695,0.101143,-0.195072,0.458571,0.222007,-0.343504,-0.282346,0.017159,0.423737,0.093189,0.250655,-0.009647,-0.080404,-0.184707,-0.826331,-0.184402,-0.104406,0.101987,-0.417094,0.087814,-0.507745,0.162982,-0.236321,-0.233296,-0.142764,-0.095665,0.152443,-0.112522,0.094563,0.019806,0.477622,-0.195951,#
18,0.069094,0.190105,-0.110146,-0.098833,-0.071945,-0.178664,0.032909,-0.104013,0.367101,0.045391,-0.19983,-0.159558,0.230415,0.247307,-0.098941,0.313288,-0.2246,0.103317,1.0,0.050538,0.271757,-0.049016,0.057666,-0.121274,-0.371188,-0.295155,-0.004152,0.13967,0.18233,-0.347632,-0.26052,-0.004539,0.063892,0.155587,0.069569,0.107579,0.393608,0.2932,-0.374635,-0.443429,0.538369,-0.282639,-0.07264,-0.100957,-0.161788,-0.221551,0.244923,-0.010026,0.343666,0.010914,-0.170621,0.108788,-0.134549,-0.08413,-0.263126,-0.306853,-0.173234,0.020914,0.103896,-0.302326,0.193063,0.013344,0.006474,-0.050245,-0.097754,0.069102,0.33992,-0.015468,0.263325,0.364363,-0.285738,-0.03526,-0.028878,-0.014001,0.291377,-0.073741,0.081849,-0.233302,0.346476,-0.192922,0.077078,0.053161,0.105713,-0.250133,0.101058,0.014744,-0.167734,0.07618,-0.00032,0.531763,0.463235,0.067112,-0.186292,0.189706,-0.123308,0.107539,-0.002557,-0.131448,-0.045009,-0.008093,0.202085,0.046094,-0.145083,-0.032839,-0.247152,0.154624,-0.423423,-0.012603,0.114206,-0.018322,0.105437,0.000672,0.259549,0.025837,0.121911,0.079972,0.114488,0.299096,0.269451,0.066096,0.311697,0.16915,0.306321,-0.003704,-0.015363,0.114093,-0.058347,0.364346,0.494711,0.233662,0.139037,0.381399,0.125858,0.075022,0.269905,0.239855,-0.359392,0.051676,-0.002757,-0.02038,-0.027751,-0.128561,-0.243721,0.263222,0.272662,0.359636,0.251857,0.230705,-0.334995,-0.055182,0.068324,0.049409,0.166193,-0.05383,0.285776,0.055754,0.049586,0.396845,0.257093,-0.174287,-0.148387,0.001356,-0.229738,0.00154,0.337082,0.154897,-0.006545,-0.29344,-0.175726,0.593155,-0.524687,0.593683,0.07579,-0.072237,-0.341293,0.163092,0.124171,0.192508,-0.085706,-0.03384,0.090419,0.09032,-0.118867,-0.194544,0.139803,-0.252973,0.058111,0.078277,-0.245752,-0.261018,-0.151273,-0.217586,0.049441,0.059972,-0.177437,-0.121452,0.308601,-0.023632,0.113546,-0.002728,#
19,-0.158,-0.105707,-0.198159,-0.138055,-0.421981,0.052919,0.04508,0.005486,-0.171238,-0.037268,0.147501,-0.13041,0.21044,0.113615,0.119853,0.300575,-0.277202,0.323181,0.050538,1.0,0.122763,0.272271,0.12059,-0.05435,0.009427,-0.046559,0.319996,-0.042697,-0.105885,-0.101586,0.016648,-0.141212,0.39483,0.082014,0.396698,-0.33037,0.003604,0.286762,-0.21412,-0.236706,0.20243,0.365877,-0.165595,-0.214662,-0.007958,-0.061009,0.196765,0.08693,0.288795,-0.067835,0.296592,0.194417,-0.417672,-0.159998,-0.36249,0.359527,-0.048287,-0.120806,0.081191,-0.114804,0.086306,0.116824,0.001648,0.022401,0.078201,0.026509,0.221883,0.372233,0.054444,0.16267,0.051703,0.02491,-0.06752,0.119794,0.332861,-0.050899,0.220738,0.179029,0.035455,0.058345,-0.108123,0.375402,0.276591,-0.254182,0.332861,0.431115,-0.150238,0.345878,0.046778,0.138566,0.339974,-0.264355,-0.141787,-0.033607,0.341955,0.340381,0.427897,0.035937,-0.029661,-0.261796,-0.05192,-0.214199,-0.22847,0.01982,0.190877,0.48271,-0.243441,0.201668,-0.218152,-0.028655,0.391627,-0.352893,0.237967,-0.210985,0.196082,0.135287,-0.040343,0.111756,0.065607,-0.177327,0.17293,0.056224,0.12952,-0.04097,-0.153776,0.297331,0.00918,0.186355,0.139173,-0.129352,0.14422,0.109503,0.169937,0.026129,-0.030631,0.164514,-0.282217,0.274623,0.094421,0.218225,0.177166,-0.505171,-0.047562,-0.045018,-0.048158,0.074084,0.026877,-0.106079,0.191521,0.107546,0.135268,-0.246835,0.282628,0.390101,0.151211,0.432149,0.302644,-0.401105,0.321564,0.359366,-0.224553,0.039757,-0.054957,0.479592,0.000703,0.069749,0.336165,0.348523,-0.200122,0.05592,-0.138019,-0.124789,0.298511,0.144112,1.7e-05,0.465927,0.460293,0.055144,0.139953,0.072802,0.007551,0.04939,-0.418338,-0.22008,0.088548,0.082456,-0.117379,0.208842,-0.152537,0.206034,-0.127614,-0.037085,-0.111514,-0.371071,-0.209078,-0.099937,0.128035,-0.131516,-0.008123,-0.084186,#
20,-0.417425,-0.037805,0.011919,0.020534,-0.404121,0.032015,-0.083392,0.179768,-0.190152,0.014488,-0.071832,-0.371831,-0.259537,-0.0385,-0.031676,0.015098,-0.426235,0.130914,0.271757,0.122763,1.0,-0.163694,-0.269591,0.001163,0.074342,0.404825,0.118693,-0.025257,-0.15396,0.034338,0.019213,-0.141745,-0.022476,0.255969,0.007776,0.113411,-0.001248,0.047013,-0.047363,-0.137892,-0.100218,-0.148596,0.249577,0.134132,0.122459,0.15214,-0.282182,-0.157696,0.066203,-0.304224,-0.121303,0.061171,-0.10882,0.042351,-0.249689,0.169087,0.15643,0.042843,0.121801,0.056933,0.050768,0.500679,-0.034067,-0.200251,-0.214223,-0.071733,-0.324575,0.170965,-0.141777,0.009384,-0.004577,0.201714,-0.167888,0.455261,0.459659,0.03146,0.305929,0.270449,0.36962,-0.031147,0.336962,0.219825,0.336496,-0.128212,0.050426,-0.062864,0.209005,0.387888,0.22622,0.463992,0.459659,0.173311,0.464918,0.110452,0.045176,0.283224,0.084118,0.202949,-0.030514,0.352416,-0.277941,0.341272,0.100774,0.189355,0.052047,0.302863,-0.046799,0.080709,0.450719,-0.412064,0.118771,-0.03562,0.227462,0.182014,0.497404,0.339576,0.284453,0.507772,-0.132453,0.185072,0.464356,0.491879,0.272895,0.246199,0.121296,-0.134171,0.467365,0.236167,0.185812,0.317658,0.536331,0.02905,0.254045,-0.159269,0.444183,0.505832,-0.219411,0.557148,0.313676,0.129143,0.114312,-0.16949,-0.024287,0.389813,0.531114,0.17429,0.614263,-0.077048,0.114455,-0.031177,0.24899,0.36372,0.429786,0.135163,0.345788,0.207148,-0.068026,-0.083753,0.058666,0.054912,-0.002736,0.030324,0.281524,-0.009115,-0.086069,-0.020391,-0.139982,-0.15499,0.186793,0.334174,-0.358965,-0.145947,-0.199238,0.398915,-0.13284,0.179783,0.161973,0.097075,-0.131192,-0.114545,-0.179251,-0.223145,-0.254267,0.15191,-0.077595,-0.219031,-0.339342,0.152672,0.245311,-0.153896,0.071784,-0.047992,-0.456067,-0.344875,0.204165,-0.128111,-0.160713,0.005865,0.478558,-0.018168,#
