0,1.0,0.372261,0.070226,-0.210128,0.318981,0.092578,0.136219,0.322333,0.227698,-0.062239,-0.020814,0.153493,0.070142,0.558651,0.074792,-0.113215,0.16847,0.15958,0.235987,-0.287107,-0.156709,0.046487,0.30838,0.139036,-0.305899,-0.31066,0.168868,-0.003278,0.371749,0.369534,-0.257974,0.05803,0.159494,-0.252733,-0.066876,0.045828,-0.167306,-0.060699,-0.08336,0.228182,-0.055042,0.02939,0.042108,0.374962,-0.342247,-0.523992,0.101888,0.139378,-0.075623,-0.107769,0.112896,0.023475,0.157603,-0.140251,-0.136179,-0.102015,-0.054121,-0.133781,0.098323,0.257749,0.19425,0.060282,-0.140473,0.131452,0.346678,0.411669,0.033008,0.254883,0.02668,-0.1067,-0.148854,-0.126331,-0.201925,0.025309,-0.247745,0.342995,-0.139901,-0.026982,-0.222161,-0.019182,-0.435764,-0.114405,-0.137247,0.240146,-0.238166,-0.112368,-0.024879,-0.057588,0.089771,-0.325634,-0.46701,-0.393393,-0.316619,0.170466,-0.092511,-0.294225,-0.044223,-0.191968,-0.130368,-0.250287,0.037851,-0.353424,-0.031577,-0.166855,-0.256261,0.077316,-0.129326,-0.225906,-0.308927,0.126815,0.195632,0.301328,-0.222161,-0.117101,-0.469955,-0.237306,-0.154081,-0.203801,-0.028106,-0.309718,-0.210625,-0.340127,-0.382747,-0.162889,-0.18684,-0.172345,-0.297634,-0.016105,-0.316976,-0.513381,-0.145698,-0.15593,-0.225083,0.060819,-0.261698,-0.218586,0.409376,-0.503142,-0.424981,-0.208565,0.012593,-0.585795,-0.512754,-0.207716,-0.221111,-0.227335,-0.303087,0.159442,-0.099709,-0.270809,-0.121791,-0.355728,-0.270205,-0.210522,-0.420111,-0.310841,0.260738,0.224913,-0.332538,0.102357,-0.366071,-0.059235,-0.301944,-0.135962,-0.185984,-0.045637,0.017794,0.000866,-0.140961,-0.202823,0.084715,0.088826,-0.353424,-0.099929,0.49098,-0.046316,-0.210625,0.039022,0.459965,-0.606978,0.052055,-0.048347,-0.039565,0.102038,0.48993,-0.150947,0.094168,0.094211,-0.04719,0.526288,-0.009307,-0.038342,0.500814,0.246063,-0.015779,0.343081,0.374357,-0.523247,-0.545775,0.128287,#
1,0.372261,1.0,0.255276,-0.017942,0.345153,-0.118682,0.298519,0.246177,0.145505,0.458749,-0.20455,-0.257837,0.365504,0.472599,0.281635,-0.140511,-0.235423,0.566423,0.458899,0.054478,0.251596,0.40722,0.343753,0.258609,-0.54845,-0.153612,0.435883,0.146614,0.272258,0.421974,-0.662538,0.066416,0.225169,0.120123,-0.232939,-0.271559,0.067994,-0.112856,0.24023,-0.193134,-0.205567,0.328276,0.111745,0.271228,-0.285022,-0.44425,0.336532,0.508822,0.264402,0.257212,0.464705,0.065792,0.08471,-0.037722,0.232092,-0.114613,-0.274189,-0.003781,-0.136659,-0.166416,0.124179,0.320054,-0.448529,0.493215,-0.074361,0.420905,-0.030563,0.401315,0.319915,-0.117839,-0.013494,-0.190163,0.023386,-0.174656,-0.150199,0.447509,-0.289146,-0.217198,-0.312767,-0.353493,-0.476706,-0.152851,-0.439505,-0.005589,-0.154631,0.02712,-0.314292,0.014307,-0.072232,-0.07136,-0.219097,-0.330953,-0.438497,0.218196,-0.298473,0.119797,0.258494,-0.107301,0.150084,-0.47561,-0.119218,-0.566531,-0.542165,-0.142169,-0.546541,-0.370149,-0.456704,-0.443782,-0.643775,0.00581,0.404914,0.251434,-0.013047,-0.548515,-0.27192,-0.008539,-0.422893,-0.430768,0.090872,-0.42523,-0.291272,-0.097532,-0.072345,-0.585973,-0.106526,0.125995,-0.48168,-0.17868,-0.129913,-0.199202,-0.224405,-0.370349,-0.305754,0.000469,-0.157924,-0.136251,0.307308,-0.144098,0.030021,-0.295134,-0.365076,0.050069,-0.567048,-0.190608,-0.238009,-0.101394,-0.182943,0.326447,-0.357938,-0.375149,-0.414249,-0.168923,-0.050116,0.028233,-0.445143,0.024404,0.490129,0.437451,-0.352271,0.121218,-0.169741,-0.063741,-0.022709,0.334004,-0.156567,0.413635,-0.178787,0.030089,-0.15617,0.205405,-0.381196,0.031861,-0.054963,-0.371992,0.477406,0.020857,-0.134678,-0.064378,0.150744,-0.366476,-0.018168,0.13628,-0.238362,0.016804,0.12366,-0.007062,0.127709,-0.190188,-0.253802,0.538712,0.050027,0.488932,0.134446,0.154398,-0.017852,-0.265154,0.327846,-0.336236,-0.309461,0.181039,#
2,0.070226,0.255276,1.0,0.346098,0.245452,-0.606652,-0.127935,-0.202697,-0.363498,0.149729,-0.234533,0.085833,-0.019855,-0.107489,-0.148579,-0.352033,-0.210925,0.005963,0.140959,-0.073441,0.103736,-0.314294,0.138877,-0.221936,-0.328386,0.219877,0.226278,-0.404417,-0.204703,0.4906,-0.065556,0.122568,-0.199518,0.186201,-0.020138,-0.202741,0.118281,-0.065705,0.052915,-0.159473,0.008074,0.161059,-0.085386,-0.194216,-0.256352,-0.21723,0.070372,0.133397,-0.191822,-0.134314,-0.333632,0.110761,-0.041578,0.145801,0.004064,-0.316922,-0.544505,0.097592,-0.573117,-0.38068,-0.065121,-0.042539,-0.365693,-0.112694,-0.237929,-0.064302,-0.199158,0.062249,-0.070265,0.197051,-0.113987,0.029942,0.032859,0.022041,-0.022259,0.041967,-0.211201,-0.291863,-0.187814,0.217815,-0.039483,0.121115,-0.032673,0.299914,-0.014281,-0.16435,-0.172122,0.17302,0.029854,0.070525,-0.049285,-0.193776,-0.059666,-0.110446,-0.356639,0.047037,0.221178,-0.010657,0.117004,-0.042504,0.012769,-0.18775,-0.269102,-0.056432,-0.471152,0.03608,-0.048854,0.243912,-0.076228,0.254193,0.121106,-0.180711,-0.024821,0.009306,0.295793,0.094664,-0.178204,-0.317655,0.246199,-0.2851,-0.229456,-0.20042,0.064983,-0.035631,-0.250483,-0.067604,-0.435007,-0.31064,0.035066,0.01431,0.405584,-0.32259,-0.32452,-0.064729,-0.192033,0.127268,0.316234,0.269668,0.24995,0.110078,0.257187,0.21934,-0.019119,-0.535894,-0.043536,0.225522,0.238725,0.323442,-0.344617,0.047774,-0.602203,-0.170829,0.35176,-0.115919,-0.049852,-0.246272,0.07557,0.119915,0.185558,-0.026173,-0.215609,-0.014315,0.247372,-0.110654,0.029225,-0.135618,-0.496972,-0.119057,0.077409,0.086776,0.012961,-0.066206,0.158517,-0.077897,0.182054,0.092649,-0.066496,0.00877,-0.086484,0.035943,0.000541,-0.307622,-0.205642,-0.058906,0.193153,0.10282,-0.300664,-0.169433,-0.034044,0.278056,0.027806,0.243003,0.0312,0.27059,0.019002,-0.388483,0.2946,-0.168589,0.169636,0.034211,#
3,-0.210128,-0.017942,0.346098,1.0,0.080384,-0.459534,-0.357684,-0.319514,-0.285625,0.16602,0.347058,-0.13733,-0.09209,-0.455763,-0.073377,-0.00906,-0.093371,-0.024979,0.132375,-0.000938,0.21186,-0.509822,-0.129163,-0.096178,0.021888,0.231165,-0.074209,-0.079447,-0.082872,-0.154255,0.349904,0.055904,-0.508185,0.217405,-0.154346,-0.404422,0.043529,0.042803,0.236551,0.194199,-0.00941,-0.02966,0.119977,-0.311262,0.02331,-0.024036,-0.063267,-0.274796,0.121418,-0.324223,-0.295258,0.378405,0.009437,0.312891,-0.087334,0.088914,-0.091433,-0.053593,-0.103993,-0.239864,-0.290858,0.262735,-0.084166,-0.281346,-0.284199,-0.360005,0.006196,-0.097734,-0.247885,0.353593,-0.014298,0.566192,0.173699,0.477902,0.248474,-0.267336,-0.043237,-0.187635,0.335768,0.209328,0.04917,0.416922,0.340944,0.089975,0.223103,-0.121344,-0.029178,0.18683,0.102062,0.487341,0.415924,0.312397,0.323671,-0.272107,0.218499,0.499799,0.040568,0.007154,0.06304,0.242884,0.30622,-0.193909,0.377964,-0.049617,0.081433,0.308128,-0.178921,0.427795,0.120284,0.278932,-0.264334,-0.362273,0.335768,0.291014,0.115369,0.076941,0.403448,0.157196,0.071235,0.058429,0.243475,0.156229,0.196966,0.022339,0.054116,0.117238,-0.229693,-0.278505,0.554988,0.215759,0.706493,-0.15861,-0.040823,-0.005453,0.127552,0.458597,-0.146416,0.347481,0.203898,0.336606,0.314314,0.26981,0.209293,-0.279756,0.140518,0.456751,0.207304,-0.30735,-0.049447,0.298754,-0.329291,0.23227,0.13397,0.065627,0.531783,-0.033752,-0.20588,-0.246316,0.27455,0.120235,-0.496777,-0.059477,0.150457,-0.347578,-0.148025,-0.004592,0.07306,-0.118867,-0.000788,0.116407,-0.080009,-0.081778,-0.155487,0.036827,-0.182616,-0.191863,0.050166,0.031736,-0.364048,0.371903,-0.362839,-0.032816,-0.103672,-0.152552,-0.14795,-0.2442,-0.076856,-0.049,0.239987,-0.375642,-0.126363,0.039571,-0.368518,0.022311,-0.237607,-0.320643,-0.288582,0.237217,-0.111366,-0.283736,#
4,0.318981,0.345153,0.245452,0.080384,1.0,-0.37568,0.121071,0.012073,0.053844,0.185487,-0.114066,-0.008826,0.071389,0.024078,0.285322,-0.447053,0.218148,0.226229,-0.03106,-0.207181,0.027815,-0.004834,0.076171,0.379074,-0.440808,-0.01491,0.133374,-0.176429,-0.011396,0.228271,-0.035348,-0.253421,0.07827,-0.083899,-0.400756,0.1843,-0.089753,-0.306601,0.09422,0.261674,-0.204512,-0.024659,-0.197541,0.112268,-0.406646,-0.249238,0.174265,0.069802,-0.10685,0.1253,0.1253,-0.294201,0.029142,-0.062809,0.190366,-0.524071,-0.600911,0.140474,-0.26547,-0.30764,-0.116191,0.207759,-0.137536,0.147273,0.050196,0.218409,0.237498,0.137829,0.220843,-0.220042,-0.310952,-0.119084,0.05528,-0.078801,0.035974,0.003056,-0.146773,-0.368857,-0.096625,-0.376221,-0.318126,0.026179,-0.303686,0.188389,-0.292663,-0.446863,-0.083113,-0.089736,-0.274493,-0.029521,-0.159378,-0.10478,-0.147835,-0.044281,-0.104319,-0.052187,-0.037844,0.362949,0.200989,0.195027,0.039626,-0.285934,-0.056002,-0.000821,-0.251062,-0.245415,-0.588461,-0.170806,-0.017697,0.335174,0.027495,-0.166112,-0.12387,-0.08676,0.011557,-0.047452,-0.13352,-0.40889,-0.124693,-0.200236,-0.503456,-0.22048,-0.374824,-0.138595,0.080633,-0.324901,-0.219685,-0.480721,-0.372547,-0.092555,-0.030462,-0.456145,-0.280469,-0.271477,0.051221,-0.333652,0.375997,0.00503,-0.135839,0.029539,-0.085875,-0.143434,0.049622,-0.392066,-0.332313,-0.182858,0.110149,0.073316,-0.402998,-0.056232,-0.065107,-0.079405,-0.234309,-0.271578,-0.154469,-0.21644,0.46086,0.232434,-0.261212,-0.143532,-0.0634,0.039201,0.096969,0.066317,-0.26325,0.271614,-0.082327,0.265972,0.139302,-0.070148,-0.081312,0.034053,-0.108589,-0.324404,0.156817,-0.254126,-0.339756,-0.462764,0.224001,-0.135795,-0.077292,-0.190098,0.408791,0.201889,0.133682,0.177514,-0.056437,-0.078871,0.298453,0.210962,-0.055796,0.47639,-0.025719,0.182909,0.272574,-0.163297,0.067759,-0.443351,-0.529458,0.270088,#
5,0.092578,-0.118682,-0.606652,-0.459534,-0.37568,1.0,0.182191,0.335809,0.248531,-0.050476,0.1564,-0.009634,-0.072615,0.405613,0.082291,0.234118,-0.032959,-0.208396,-0.046129,0.061183,-0.320583,0.264968,0.015931,0.133665,0.351253,-0.224994,0.053679,0.576903,0.165313,-0.322213,0.009649,0.116848,-0.058389,-0.252861,0.084831,0.048215,-0.266267,0.111307,-0.067691,-0.173655,0.001681,0.013647,0.072671,0.292085,0.082748,0.072805,0.011438,0.096825,0.178689,0.363727,0.145074,-0.021869,0.261702,-0.380603,-0.077224,0.213755,0.346613,0.10207,0.361561,0.273761,0.184063,0.097934,0.171885,0.327256,0.195086,0.220541,-0.140168,-0.128304,-0.091783,0.086368,0.137997,-0.20191,-0.202027,-0.14919,-0.250184,0.142272,0.207141,0.327336,-0.028563,-0.024703,-0.080309,0.082968,0.17229,-0.07719,0.095684,0.272091,0.172563,-0.379905,0.084278,-0.305571,-0.095224,0.152256,-0.142185,0.058373,0.266958,-0.107576,-0.199053,0.018012,-0.083143,-0.252722,-0.235612,0.217168,0.126139,-0.1219,0.258377,0.071937,0.280348,-0.22566,0.040765,-0.376024,0.001853,0.33086,-0.200216,-0.258197,-0.204426,-0.20578,0.003896,0.321761,-0.082541,0.051977,0.289124,0.004539,0.135986,0.03174,-7.7e-05,0.208303,0.270268,0.33792,0.158629,0.007946,-0.333903,0.237123,0.155278,0.150662,-0.014023,-0.058569,-0.20137,-0.309761,-0.094644,-0.407149,-0.192084,-0.245674,-0.324405,0.327769,0.177499,0.06175,-0.294539,0.029852,0.359451,-0.096152,0.374872,0.049284,-0.100864,0.393685,-0.018938,0.438357,-0.010739,-0.062167,-0.134874,0.337722,0.061332,-0.037376,-0.099027,0.044938,0.249516,-0.196089,0.404907,0.279682,0.073638,-0.166147,0.091438,0.098053,0.032068,0.270607,0.007173,0.279943,0.30582,0.042893,0.289462,-0.22501,0.05884,0.320227,-0.039997,-0.068775,-0.179732,-0.210446,0.0969,0.135048,-0.130979,0.052097,0.052511,-0.374097,0.331489,-0.199153,0.104905,0.167737,-0.001095,0.063331,0.023459,-0.025955,#
6,0.136219,0.298519,-0.127935,-0.357684,0.121071,0.182191,1.0,0.337532,0.436479,-0.095398,-0.094254,-0.185365,0.431031,0.198086,0.343764,-0.217602,-0.301508,0.234421,0.084311,0.312029,0.312407,0.401836,0.246601,0.056896,-0.113204,-0.037601,0.038518,-0.164261,-0.06715,0.034807,-0.489377,-0.012281,0.186091,0.108451,-0.092029,0.065619,0.172172,-0.091599,0.193316,-0.12368,0.054281,0.454863,-0.103038,0.25555,-0.109696,0.053874,0.312195,0.505639,0.170746,0.105257,0.311713,-0.159492,-0.043088,-0.278113,-0.109107,0.351381,0.167282,0.071068,-0.051062,0.370923,0.000399,0.268188,-0.179435,0.078883,0.207722,0.099135,0.028871,-0.104282,0.240496,-0.233943,0.235841,-0.231395,-0.025337,-0.061377,-0.371843,0.297937,0.112569,0.019906,-0.079918,-0.11861,-0.039508,-0.217607,-0.05449,-0.250723,-0.516477,0.137166,0.099781,0.425833,-0.278964,-0.123196,-0.311421,-0.067365,-0.195871,0.518281,-0.223686,-0.118827,0.17966,0.1964,0.083152,-0.227164,-0.064276,0.054091,0.010771,0.292942,-0.127708,-0.290617,0.145885,-0.406503,-0.040207,-0.384654,0.49669,0.232398,-0.079918,-0.44994,0.177686,0.113584,-0.290031,-0.036128,0.211452,-0.447959,-0.024299,-0.178094,-0.094282,-0.485611,0.086164,0.032086,-0.020343,0.354876,-0.208865,0.054122,-0.154727,-0.38431,-0.041019,0.014459,0.134025,-0.025788,-0.053019,0.119511,-0.048319,-0.204417,-0.230209,-0.27846,-0.105056,0.243315,0.014037,-0.146035,-0.222273,0.580323,0.103441,-0.437435,0.103978,-0.05646,0.027035,-0.020802,-0.158181,0.497114,0.475662,0.307064,-0.072035,-0.104188,0.38042,0.398224,0.127813,0.251504,0.290965,0.351793,0.151701,-0.043954,-0.23191,0.188579,-0.287111,0.013907,0.045501,0.004831,0.070494,0.115557,0.122347,0.069045,0.540178,-0.430686,-0.063236,0.396345,-0.107682,-0.204601,0.196991,-0.097927,0.061656,0.286117,-0.556247,0.305403,0.280579,-0.039597,0.074568,-0.178804,0.282414,-0.161384,0.219378,0.136173,0.161113,0.011051,#
7,0.322333,0.246177,-0.202697,-0.319514,0.012073,0.335809,0.337532,1.0,0.23758,-0.116235,-0.311184,0.191114,0.250236,0.368911,0.120154,-0.064184,0.019724,0.242231,-0.20069,0.13296,0.079292,0.603551,0.201806,0.209865,-0.264576,-0.104855,0.491237,0.167668,-0.130427,-0.088493,-0.364259,0.407854,0.098523,-0.035948,-0.117277,-0.092853,-0.185327,-0.580884,0.080472,-0.102218,0.109608,0.234578,0.008706,-0.130558,-0.198588,0.066367,0.156907,0.34254,-0.030137,0.227206,0.227206,-0.248579,0.083361,-0.287374,-0.214503,-0.086296,0.218955,-0.018205,0.395212,0.349356,0.07149,0.225505,-0.273491,0.196091,0.25108,0.428906,-0.257727,0.219291,0.339655,-0.329872,0.204129,-0.142322,-0.240383,-0.041599,-0.437422,0.186891,-0.125312,-0.204514,-0.421612,-0.021406,0.074195,-0.277706,-0.138127,-0.277529,-0.091765,0.413962,-0.059821,-0.057654,0.092639,-0.329078,-0.151295,-0.255645,-0.157471,0.183111,-0.285334,-0.227563,-0.015632,0.047575,-0.271156,-0.446634,-0.118404,-0.254383,-0.055124,-0.149608,-0.243706,-0.222496,0.009685,-0.399649,-0.291207,-0.353506,0.321704,0.278234,-0.421612,-0.249756,-0.113912,-0.179173,-0.453502,0.262343,-0.197181,-0.198372,-0.006617,-0.383673,0.144735,-0.453387,-0.095223,0.014374,-0.047225,-0.232177,-0.029599,-0.095654,-0.491734,-0.258879,0.257413,-0.24684,0.255589,0.004996,0.093737,-0.278583,-0.083085,-0.504365,-0.257393,-0.316207,-0.276929,-0.060666,-0.118975,-0.207748,-0.558822,0.400276,-0.202526,-0.073503,-0.217471,-0.070158,-0.05228,0.104971,-0.109686,0.32249,0.287717,0.028148,-0.363993,0.205938,0.084756,-0.13996,-0.04874,0.225035,0.160292,0.288923,0.097338,-0.285563,-0.39557,-0.045456,-0.06632,0.048939,-0.247658,-0.138819,0.167392,-0.170889,-0.006617,0.079489,0.213095,-0.468784,0.109634,0.24751,0.043223,-0.089492,-0.020224,-0.195598,0.107963,-0.009392,-0.181794,0.38349,0.330789,0.006116,0.312162,-0.223291,0.108118,0.336119,0.08854,-0.200961,-0.262197,0.307673,#
8,0.227698,0.145505,-0.363498,-0.285625,0.053844,0.248531,0.436479,0.23758,1.0,0.161804,0.076677,-0.128469,0.41697,0.278543,0.340003,-0.184502,-0.50338,0.280829,0.288315,0.291657,0.180311,0.4155,0.369042,0.361571,0.019671,-0.241054,0.263182,0.025726,0.335575,0.105913,-0.180256,0.0465,0.418752,0.041044,-0.256911,-0.003422,0.014003,-0.173669,-0.038858,0.009809,0.131762,0.156247,-0.111188,0.162891,0.264771,-0.234736,0.423622,0.511749,0.039749,-0.152142,0.072246,-0.271035,0.024443,0.006935,-0.08707,0.14882,0.218248,-0.318175,0.347206,0.138819,0.224363,0.064462,0.060269,0.036414,0.080329,0.223501,0.050864,-0.083282,0.24444,-0.036265,0.233964,-0.272193,-0.011144,0.192767,-0.165636,0.14504,-0.100791,-0.083348,-0.167435,-0.395236,0.20839,-0.316673,-0.098142,-0.372211,-0.141321,0.179475,0.32836,0.21499,-0.255392,-0.228034,-0.149738,0.024384,-0.577336,0.747564,-0.190016,-0.02883,0.293475,0.156079,0.185819,-0.140669,0.017645,0.193841,0.151662,0.195308,-0.004848,-0.181181,-0.160941,-0.232387,0.058009,-0.439744,0.392977,0.054413,-0.18776,-0.159376,-0.091435,-0.120882,-0.022494,0.006855,0.173948,-0.228246,-0.07914,-0.197075,0.29928,-0.536154,0.207533,0.067452,0.052317,0.443835,-0.176129,-0.161792,-0.237132,-0.245535,0.143515,0.111134,0.212374,0.087468,-0.064005,-0.111918,0.112187,0.079089,0.13492,-0.326712,-0.300702,0.21348,-0.160197,-0.138568,-0.114102,0.214863,0.163629,-0.15976,0.315317,-0.182623,-0.010907,-0.072712,0.097269,0.296471,0.529324,0.390642,0.177036,-0.024998,-0.023141,0.13344,-0.088457,0.175949,0.139221,0.305964,0.142111,0.103128,-0.269363,0.13826,-0.335041,0.21025,-0.170675,-0.12256,0.303187,0.106995,-0.245036,-0.049488,0.271243,-0.565638,0.009165,0.252871,-0.136087,-0.017822,-0.059107,0.040406,0.460101,0.108398,-0.488023,0.051155,0.156906,-0.095248,0.117256,-0.15445,0.200993,-0.091039,0.061217,-0.055421,0.092951,0.195567,#
9,-0.062239,0.458749,0.149729,0.16602,0.185487,-0.050476,-0.095398,-0.116235,0.161804,1.0,0.252859,-0.170792,0.233728,-0.027132,0.16092,0.134439,-0.386818,0.208937,0.46295,-0.004437,0.02783,0.27259,0.146024,0.357182,-0.288699,0.204409,0.309505,0.096419,0.038139,0.072376,-0.010384,0.040194,0.202155,0.311039,-0.067542,-0.16007,-0.017906,-0.177763,-0.270912,-0.288718,-0.102455,0.078361,0.149115,0.124698,0.122301,-0.387465,0.009842,0.274668,0.031084,0.270298,0.042851,0.22545,0.075133,0.041883,0.039827,-0.201743,-0.310914,0.024833,-0.148455,-0.391797,0.304863,-0.084107,-0.252026,0.288543,-0.051012,0.013603,-0.077769,0.021191,-0.144584,0.218782,0.063376,-0.090093,0.165625,-0.027548,0.187126,0.073504,-0.224317,-0.474225,0.086582,-0.273691,-0.020492,0.007407,-0.056684,-0.013287,0.179813,0.184004,-0.108583,-0.089233,-0.197434,0.142687,0.226479,-0.114448,-0.393662,-0.089421,-0.180192,0.375637,0.25458,0.043591,0.166295,-0.183201,-0.046817,-0.290461,-0.302803,-0.260445,-0.380276,-0.002273,-0.380742,-0.164551,-0.279574,0.037912,0.191538,-0.126789,0.064263,-0.377136,-0.079825,-0.145485,0.047403,-0.064263,0.264251,-0.271577,0.044562,0.116196,0.399452,-0.137778,0.142105,0.167957,-0.244831,-0.11507,-0.052747,0.118454,0.143493,-0.158754,-0.104005,0.087781,-0.095913,0.221007,0.107,-0.053671,0.245001,-0.117996,-0.148333,0.17214,-0.294708,-0.090779,-0.068208,0.223015,0.29622,-0.066728,-0.35957,0.160593,-0.208641,-0.030716,0.176164,0.288485,0.124151,0.154889,0.013127,0.409554,0.157895,0.011405,-0.3513,-0.201238,-0.265223,0.155964,-0.218295,0.218181,-0.146344,0.273558,0.327942,0.304345,-0.208961,0.250632,0.282953,0.054336,0.255437,0.195666,-0.12709,-0.108926,-0.335801,0.062491,-0.078158,0.011299,-0.196521,0.155251,-0.29812,-0.047092,-0.01324,-0.167942,-0.041871,0.123425,0.015026,0.183276,-0.298353,-0.033513,0.068986,-0.506745,0.119305,-0.230222,-0.054243,-0.053513,#
10,-0.020814,-0.20455,-0.234533,0.347058,-0.114066,0.1564,-0.094254,-0.311184,0.076677,0.252859,1.0,-0.138267,-0.308061,-0.185839,0.202105,0.404681,0.020679,-0.417676,0.171532,-0.215077,-0.234202,-0.215132,-0.014767,0.03261,0.247144,0.175193,-0.257101,0.161209,-0.073917,-0.462414,0.319489,0.002927,-0.002663,0.038794,-0.0005,0.112489,-0.029636,0.145064,-0.269217,0.102639,-0.131931,-0.314281,0.003292,0.408044,0.378985,-0.074063,-0.19404,-0.441503,0.180415,-0.015421,-0.257828,0.314484,0.084157,-0.148975,0.03726,0.409999,0.073829,-0.024953,-0.081655,0.113196,-0.026337,-0.091188,0.2173,-0.24414,-0.085534,-0.489215,0.079272,-0.648995,-0.526248,0.131531,-0.161932,0.287452,0.504744,0.37841,0.166878,-0.093466,-0.039357,-0.141658,0.453604,0.034688,-0.200614,0.174668,0.441847,-0.012472,-0.155213,-0.035583,0.259225,0.065059,-0.353878,0.115158,0.198788,0.075561,0.094106,-0.197873,0.352631,0.117604,-0.289499,0.046131,-0.202792,0.178527,0.194589,0.047987,0.403187,0.095071,0.140244,0.129282,-0.065493,0.114319,0.270787,0.19334,-0.379705,-0.125995,0.073004,-0.043237,-0.312247,-0.119974,0.439401,0.069066,0.060241,0.304616,0.370414,0.286475,0.192832,0.252134,-0.021199,-0.215373,0.104791,0.231088,0.110934,-0.089747,0.307595,0.071415,-0.120687,0.193863,-0.112819,0.54509,-0.181387,-0.099615,-0.129314,0.122951,0.012305,-0.128014,0.057957,0.074117,0.121072,0.18824,0.302801,-0.488951,0.287263,0.294037,0.300816,0.374061,-0.242705,0.072019,0.318127,-0.041659,-0.265299,0.028709,0.160511,0.174349,-0.489702,0.154076,-0.094522,-0.665802,-0.247407,-0.099153,0.08446,0.119989,0.292385,0.071362,0.009377,0.078549,-0.276049,0.214873,-0.085169,-0.087181,-0.006233,-0.080652,-0.105217,0.174355,0.036512,0.272544,0.01677,0.22973,-0.087956,-0.345103,-0.184102,-0.074177,0.280572,-0.409461,-0.447565,-0.139748,-0.267115,0.031055,0.081755,-0.123507,-0.013338,0.168057,-0.183109,-0.267837,#
11,0.153493,-0.257837,0.085833,-0.13733,-0.008826,-0.009634,-0.185365,0.191114,-0.128469,-0.170792,-0.138267,1.0,-0.278088,-0.130069,-0.078351,-0.076961,0.187478,-0.110228,-0.552531,-0.1951,-0.466452,-0.040375,0.018496,-0.006522,-0.091302,0.30409,0.008501,-0.158179,-0.169168,0.065461,-0.042485,0.231943,0.068185,-0.300734,0.36364,-0.133273,-0.451959,0.020819,-0.131874,0.063204,-0.082696,0.154854,-0.171639,-0.187414,0.203195,-0.109625,-0.20198,-0.190711,-0.362498,-0.050637,-0.474875,0.070799,0.065992,-0.107975,0.190192,-0.209015,-0.201829,-0.091632,-0.002756,0.270348,-0.093141,-0.196747,-0.13264,-0.244028,0.204978,-0.124678,-0.141819,-0.13704,-0.211896,0.184589,0.171101,-0.11399,0.048406,-0.025066,-0.443618,-0.190898,-0.149277,-0.023743,-0.106653,0.4533,0.198865,-0.118518,-0.139555,0.049277,-0.114576,0.23076,0.093841,-0.062513,0.092116,-0.515658,0.026417,-0.252879,-0.004909,-0.14602,0.060842,-0.233782,-0.027888,0.053019,-0.285308,0.047999,-0.200668,-0.104825,0.128238,0.180033,-0.253188,-0.069143,0.329164,-0.001364,0.014669,0.138609,-0.119586,0.290311,-0.439699,0.2451,-0.144044,-0.175739,-0.115005,0.092719,-0.407144,0.154072,-0.008136,-0.296839,-0.184673,0.351136,-0.236575,0.022181,0.135452,-0.28409,-0.104492,0.221442,-0.175524,0.116271,-0.075955,-0.22475,-0.081577,0.003446,0.362059,-0.309824,0.243207,-0.146624,0.122106,0.051305,0.230825,-0.404931,-0.311749,0.132289,0.104567,-0.084763,-0.183555,0.42951,-0.01861,-0.231952,0.086382,-0.087354,-0.122076,-0.204169,-0.109411,-0.171637,-0.054422,0.229323,0.140851,0.036346,-0.034719,-0.170274,-0.019722,-0.228857,-0.068629,0.155101,0.109403,-0.456483,0.401336,-0.038314,-0.137055,0.19004,0.10937,-0.198564,-0.328306,-0.103407,-0.151745,0.03791,-0.085959,-0.143923,0.19914,0.369069,0.272551,0.220428,0.092288,-0.032744,0.102948,-0.133133,0.137619,-0.03149,-0.049699,0.02612,0.017969,0.166112,-0.119232,-0.044657,0.089499,-0.148866,#
12,0.070142,0.365504,-0.019855,-0.09209,0.071389,-0.072615,0.431031,0.250236,0.41697,0.233728,-0.308061,-0.278088,1.0,0.411556,0.29001,-0.469095,-0.346545,0.490559,0.175227,0.438957,0.330669,0.30953,0.40486,0.008529,-0.33365,-0.262642,0.268338,-0.259787,0.158023,0.13894,-0.36171,0.057049,0.382451,-0.148612,-0.124494,-0.321255,0.148695,-0.160324,0.160844,-0.345534,0.250801,0.640972,0.092548,-0.061567,-0.158654,-0.220655,0.426698,0.612487,-0.023437,-0.088119,0.32854,-0.050476,0.010108,0.106105,-0.296891,0.163268,0.199838,-0.086804,-0.01652,0.092865,0.029478,0.214713,-0.173633,0.095733,0.317979,0.33148,0.17807,0.46519,0.134092,-0.077274,0.402445,0.117376,-0.025567,-0.019119,-0.312807,0.316514,0.038312,-0.069941,-0.208018,-0.193923,0.033567,-0.307887,-0.277628,-0.160214,0.031956,0.3611,-0.002398,0.482984,-0.187423,0.091633,-0.259998,-0.004177,-0.43724,0.412024,-0.33583,0.292034,0.590654,-0.025038,0.329962,-0.310986,0.003048,-0.173783,-0.0641,-0.133174,-0.207489,-0.034557,-0.150232,-0.241555,-0.434212,-0.121881,0.744157,-0.230022,-0.04447,-0.35901,0.24697,-0.118526,-0.361013,0.033651,0.258237,-0.580138,-0.097768,-0.297482,0.141943,-0.548678,0.302117,0.426008,-0.424221,0.102985,-0.082367,0.172254,-0.07135,-0.083736,-0.147687,0.104484,0.021334,-0.09634,-0.07656,0.051835,0.082353,0.031727,-0.074184,-0.14478,-0.187797,-0.050031,-0.108836,-0.089167,-0.271006,0.31718,0.144166,-0.018676,-0.285557,-0.38124,0.30008,-0.065042,0.074888,0.447851,0.496953,0.206764,0.15725,-0.344383,0.007527,-0.177376,-0.092944,0.593204,0.176323,0.264038,0.290792,-0.186205,-0.102768,0.320444,-0.204953,-0.185432,0.163488,-0.094405,0.296025,0.40002,0.059457,-0.004205,0.240449,-0.385292,0.022225,-0.047513,-0.343466,-0.475344,0.097661,0.082943,0.4542,-0.064482,-0.641858,0.374803,0.531889,0.048171,-0.020935,-0.297181,-0.154055,-0.250823,0.058853,-0.195413,0.046009,-0.022899,#
13,0.558651,0.472599,-0.107489,-0.455763,0.024078,0.405613,0.198086,0.368911,0.278543,-0.027132,-0.185839,-0.130069,0.411556,1.0,0.236044,-0.183405,-0.021555,0.30742,0.186193,0.02083,-0.101409,0.245063,0.620528,-0.048363,-0.249342,-0.57976,0.341204,0.287851,0.458821,0.253852,-0.481138,0.125221,0.344124,-0.451167,0.074051,-0.047259,-0.155776,-0.058654,0.129439,-0.225766,-0.005805,0.296562,0.164887,0.492577,-0.204938,-0.462326,0.360654,0.357847,-0.076547,0.195918,0.405061,-0.038953,0.092836,-0.141151,-0.033832,-0.057762,0.02696,-0.06333,0.022999,0.165166,0.290795,0.200649,-0.102407,0.385237,0.250096,0.699565,-0.042522,0.450127,0.25597,-0.033035,-0.06602,-0.122612,-0.052609,-0.363729,-0.414216,0.589195,-0.202549,0.025958,-0.491757,-0.294421,-0.559264,-0.416788,-0.363858,0.086902,-0.068149,0.086642,0.057508,-0.154439,-0.101183,-0.35247,-0.559517,-0.278305,-0.531331,0.310892,-0.24531,-0.290839,0.159629,-0.258672,-0.091257,-0.563025,-0.217941,-0.226653,-0.306169,-0.212354,-0.264247,-0.269771,-0.108117,-0.341639,-0.514475,-0.030639,0.45915,0.200688,-0.32757,-0.432665,-0.285004,-0.360665,-0.584237,-0.253535,0.057701,-0.353051,-0.343889,-0.406177,-0.129765,-0.428128,-0.036121,0.157766,-0.296426,-0.021401,-0.111857,-0.401285,-0.514092,0.076072,-0.430472,-0.034019,-0.459692,-0.354625,0.233819,-0.523606,-0.175071,-0.302856,-0.310107,-0.298492,-0.584602,-0.198486,-0.258513,-0.156854,-0.502195,0.330343,0.200024,-0.257921,-0.229252,-0.358746,-0.114098,-0.124324,-0.465924,0.030606,0.489397,0.310381,-0.348771,-0.038737,-0.191341,-0.225167,-0.155956,0.253363,-0.141386,0.022516,0.068886,0.050103,-0.148713,0.062307,0.055644,0.074947,-0.071924,-0.21589,0.562479,0.173603,-0.012241,-0.048297,0.647361,-0.521927,0.317007,0.022403,-0.206335,-0.069733,0.349792,0.059853,0.236582,-0.232851,-0.359023,0.634484,0.022579,0.15823,0.552102,0.278102,-0.04087,0.203988,0.477002,-0.521737,-0.314599,0.139257,#
14,0.074792,0.281635,-0.148579,-0.073377,0.285322,0.082291,0.343764,0.120154,0.340003,0.16092,0.202105,-0.078351,0.29001,0.236044,1.0,-0.31586,-0.023379,-0.074128,-0.071674,0.059396,0.059291,0.166186,0.159622,0.330878,-0.171131,-0.106716,-0.110765,0.250279,0.262402,-0.179407,-0.293804,-0.002038,0.261277,-0.326734,-0.303528,0.026269,-0.155057,0.074807,0.489105,0.026923,-0.118718,0.249874,-0.602298,0.381744,-0.052716,0.075337,0.223978,0.103676,0.350474,0.426555,0.008285,0.101038,0.019695,-0.254833,-0.02131,0.102003,-0.151423,0.006325,-0.157821,0.29617,0.055278,0.544961,-0.246788,0.187347,0.185966,0.080371,0.153232,-0.024295,0.118322,-0.271706,0.087761,-0.120069,0.331416,-0.037178,-0.381976,-0.007456,0.105122,-0.136319,-0.060279,-0.452106,-0.210913,-0.053443,-0.080651,-0.381933,-0.36141,0.107334,-0.041592,0.105126,-0.626872,-0.276308,-0.297387,-0.186419,-0.23298,0.203901,-0.051082,0.000603,0.155015,0.142341,0.28173,-0.372155,0.393387,-0.157915,-0.143365,-0.067179,-0.137514,-0.316638,-0.336313,-0.085175,-0.206594,-0.101138,0.159209,-0.180741,-0.224459,-0.315525,-0.29458,-0.253218,-0.178229,-0.354339,-0.231729,-0.145576,-0.251983,-0.183195,-0.137162,-0.202417,0.177884,-0.135815,-0.274258,0.051613,-0.371771,-0.020228,-0.292625,-0.329123,-0.186168,0.243794,-0.018558,0.064248,0.332889,-0.206594,-0.029037,0.073654,-0.128576,-0.276267,-0.335246,-0.193303,-0.099327,-0.250626,-0.120547,0.057447,7.3e-05,-0.166123,-0.003299,0.133422,-0.018942,0.046489,-0.287731,0.411075,0.531259,0.390866,-0.208909,0.161424,0.034018,0.156305,-0.100721,-0.070834,-0.00315,0.334168,0.046489,-0.015856,0.048162,-0.120685,0.155102,-0.01617,0.148125,-0.310057,0.367677,0.007474,-0.09415,-0.341977,0.234911,-0.27158,0.009768,0.420891,0.322396,-0.060415,-0.143917,-0.074411,0.00542,-0.002686,-0.170891,0.100711,-0.015403,0.395152,-0.112707,-0.19641,-0.248996,-0.209541,-0.090974,-0.184345,-0.172583,0.285553,#
15,-0.113215,-0.140511,-0.352033,-0.00906,-0.447053,0.234118,-0.217602,-0.064184,-0.184502,0.134439,0.404681,-0.076961,-0.469095,-0.183405,-0.31586,1.0,0.11606,-0.150186,0.263182,-0.115526,-0.144903,0.098575,-0.237041,-0.104808,0.23965,0.001288,-0.074208,0.333963,-0.169146,-0.362675,0.032697,0.147451,-0.080688,0.252191,0.38891,0.142943,-0.024113,0.174853,-0.323498,0.116989,0.045443,-0.457994,0.329474,0.206184,0.255374,0.077484,-0.484553,-0.413478,0.157055,0.101749,0.101749,0.21713,-0.041995,0.032119,-0.051277,0.215023,0.367367,-0.182317,0.250132,0.201951,0.105071,-0.356869,0.118197,0.121671,0.072974,-0.208449,-0.186357,-0.242934,-0.163895,0.031441,-0.015269,0.069944,0.106269,-0.096702,0.482919,-0.16166,-0.003299,0.04249,0.386832,0.200274,-0.03896,0.001563,0.27337,-0.02358,0.185251,0.130988,0.171869,-0.324625,0.223546,0.075142,0.323731,-0.173432,0.276119,-0.386478,0.311328,-0.023932,-0.259397,-0.270073,-0.552049,-0.046361,-0.023282,0.096024,0.012725,0.058987,0.308125,0.168255,0.255822,-0.183169,0.067677,0.022946,-0.350334,0.323846,0.213535,0.146278,-0.367923,-0.044786,0.097235,0.193765,-0.049629,0.239164,0.218277,0.426424,0.016152,0.279773,-0.16989,-0.022924,0.519023,0.048832,0.128608,-0.191983,-0.079338,0.176134,0.213929,0.051865,-0.146516,0.208627,-0.21796,-0.239561,-0.16269,-0.213952,-0.089647,0.117125,-0.0886,0.38703,0.044719,0.148795,-0.024144,-0.369927,-0.058983,-0.061365,0.153099,0.280705,-0.191726,0.208571,-0.004482,-0.132109,-0.627252,0.037515,-0.114423,0.061329,-0.190779,0.038815,-0.216332,-0.276706,-0.26952,-0.081724,-0.212432,0.034467,-0.013036,0.184143,0.035388,0.317143,-0.004999,0.166022,-0.226563,-0.226471,0.058736,0.17595,-0.317407,0.294902,0.112125,0.067775,0.107567,0.205105,-0.231567,-0.167841,-0.121315,0.045279,0.134111,-0.164513,-0.29248,-0.257519,-0.222204,0.190206,-0.026821,0.269854,-0.085218,0.262899,-0.030431,-0.32184,#
16,0.16847,-0.235423,-0.210925,-0.093371,0.218148,-0.032959,-0.301508,0.019724,-0.50338,-0.386818,0.020679,0.187478,-0.346545,-0.021555,-0.023379,0.11606,1.0,-0.184057,-0.452422,-0.425648,-0.24853,-0.176832,-0.41327,0.024704,-0.096669,-0.084787,-0.41816,0.109117,-0.106189,-0.272016,0.083699,-0.35719,-0.017854,-0.229802,0.107571,0.489304,-0.216806,0.006898,-0.05474,0.286328,-0.254653,-0.422716,-0.003227,0.118557,-0.311194,0.264471,-0.424979,-0.648881,0.036579,0.058509,0.067398,-0.134124,-0.145499,0.042982,0.09569,-0.167874,-0.12226,0.303104,0.109307,0.194531,-0.2291,-0.114462,0.075086,-0.149085,0.334619,-0.073194,0.26009,0.146795,-0.106957,-0.439705,-0.513646,0.130508,0.118822,-0.036781,0.0476,0.113156,0.301838,0.093574,0.130432,0.066657,-0.350525,0.193442,-0.044223,0.222992,0.045308,-0.342512,-0.261907,-0.292354,0.197095,-0.19946,-0.137365,-0.259652,0.458286,-0.584842,0.23475,-0.373931,-0.475661,-0.101875,-0.352278,0.187151,0.264918,-0.263943,0.066657,-0.270985,0.193236,0.017184,0.03776,-0.074461,-0.059016,0.398095,-0.569409,-0.12712,-0.044019,0.153887,-0.273694,0.205043,-0.081363,-0.263692,-0.66207,0.507392,-0.134607,0.138145,-0.646394,0.495268,0.133655,-0.38109,-0.026485,-0.289172,-0.269923,-0.1181,-0.217563,0.31143,-0.081912,-0.055725,-0.126524,-0.336845,0.149062,-0.261196,-0.618512,-0.064784,-0.349696,-0.041482,0.07687,-0.113845,-0.057146,-0.356374,-0.063768,-0.34496,-0.112215,-0.025843,0.123712,0.188179,-0.551391,-0.119669,-0.270802,-0.426749,-0.236921,-0.268316,-0.401408,-0.217848,0.143811,-0.195184,-0.053941,-0.231394,-0.209697,-0.113779,0.081969,-0.071556,0.151449,-0.348816,0.532835,-0.055308,-0.263943,-0.126629,-0.291549,-0.28525,-0.110142,-0.076394,0.054281,0.253887,0.112456,-0.157555,0.595808,0.199587,0.241738,0.00741,-0.182934,0.111879,0.612891,-0.057443,-0.41251,0.212623,0.086792,0.18614,-0.233753,0.577586,-0.050667,-0.197794,-0.49214,0.158246,#
17,0.15958,0.566423,0.005963,-0.024979,0.226229,-0.208396,0.234421,0.242231,0.280829,0.208937,-0.417676,-0.110228,0.490559,0.30742,-0.074128,-0.150186,-0.184057,1.0,0.354681,0.070048,0.432496,0.281664,0.392218,0.10956,-0.376178,-0.06377,0.348053,-0.087646,0.185081,0.25051,-0.443829,-0.101398,0.238172,0.249197,-0.115995,-0.265057,0.083807,-0.285868,0.250733,-0.227632,-0.171145,0.297805,0.495908,-0.126951,-0.154475,-0.375361,0.176859,0.37488,-0.044853,-0.203595,0.540251,0.002062,-0.198173,0.321009,0.150792,-0.18744,-0.052651,-0.215385,0.134316,-0.098175,0.13928,0.297347,-0.301123,0.096411,0.110573,0.36761,0.025591,0.469421,0.484405,0.100945,0.032115,-0.001842,-0.157199,-0.102102,-0.174607,0.46335,-0.435314,-0.198408,-0.260266,-0.328548,-0.082679,-0.308735,-0.373037,0.049903,-0.128484,0.094701,-0.214758,0.215516,0.100751,-0.069118,0.020038,-0.208296,-0.264348,0.341839,-0.371837,-0.023971,0.26266,0.040857,-0.109282,-0.330738,-0.175415,-0.360827,-0.154592,-0.028907,-0.318517,-0.244525,-0.278276,-0.402829,-0.58338,-0.156202,0.331883,0.112129,0.146964,-0.122264,0.154422,0.05927,-0.339574,-0.199248,0.05597,-0.344943,-0.255887,-0.175334,-0.077711,-0.628728,0.139764,0.355037,-0.067973,-0.166523,0.068563,-0.105506,-0.191868,-0.141505,-0.077843,-0.297398,-0.053713,-0.250331,0.159258,-0.15822,0.297239,-0.331052,-0.312089,0.199588,-0.179097,-0.100641,-0.306466,0.102356,-0.180047,0.355139,-0.286097,-0.239523,-0.355903,-0.191489,0.014345,-0.120115,-0.259423,0.031799,0.383802,0.261802,-0.25452,-0.285294,0.072443,-0.065684,-0.002063,0.518829,-0.119165,0.586776,0.116981,-0.055876,-0.225859,0.12474,-0.30457,0.073461,-0.15723,-0.137511,0.065268,-0.16509,-0.095121,0.087703,0.211693,-0.129393,-0.170657,-0.142927,-0.183243,-0.158453,0.21671,0.265282,0.330282,-0.094502,-0.321533,0.346341,0.075937,0.242323,0.045487,0.192503,0.019183,-0.024492,0.141323,-0.328205,-0.047327,-0.067839,#
18,0.235987,0.458899,0.140959,0.132375,-0.03106,-0.046129,0.084311,-0.20069,0.288315,0.46295,0.171532,-0.552531,0.175227,0.186193,-0.071674,0.263182,-0.452422,0.354681,1.0,-0.145624,0.443913,0.011283,0.12105,0.150343,-0.0361,-0.226108,0.155673,0.05132,0.282089,0.346886,-0.060355,-0.122895,0.013813,0.307936,-0.283129,-0.138562,0.28289,0.113806,-0.035552,-0.182173,-0.104781,-0.169963,0.306798,0.218546,-0.142494,-0.409492,0.153841,0.242974,0.147048,-0.112221,0.165042,0.298309,-0.041626,0.171415,-0.074923,0.124176,0.084235,-0.32809,-0.151753,-0.290542,0.296628,0.039846,-0.05644,0.168225,-0.123031,0.071746,-0.104321,0.014538,0.008347,0.078977,-0.066953,-0.004669,-0.111088,-0.002248,0.318127,0.206586,-0.242182,-0.024654,0.022411,-0.21613,-0.18589,-0.051418,0.185032,0.228355,-0.010944,0.003726,0.047255,0.089579,0.020169,0.096338,0.175624,-0.12461,-0.326277,0.202345,-0.110986,0.185347,0.2587,-0.10514,0.129833,-0.219977,-0.047474,-0.152897,-0.11753,-0.126625,-0.09591,0.163091,-0.248428,-0.095466,-0.32018,-0.176158,0.207941,0.138937,0.262591,-0.173851,-0.086859,-0.051685,0.075896,-0.108058,0.365642,-0.38647,-0.062868,0.282383,0.176236,-0.330258,-0.159192,0.19685,-0.017758,0.263108,-0.0105,-0.307856,0.274098,-0.318632,0.056143,0.28079,-0.301656,0.17352,-0.157157,-0.07934,0.017537,0.035986,0.121988,-0.129945,-0.454343,0.124405,0.240791,0.087449,0.099866,0.140736,0.04038,-0.291375,-0.207436,-0.049542,0.188127,0.088658,-0.11664,-0.019099,0.115659,0.413758,0.01956,-0.02467,-0.3995,0.142074,-0.131089,0.033327,-0.033794,0.135685,-0.158159,0.020292,0.048603,0.203517,-0.368833,0.190458,0.065441,0.11126,0.193864,0.266739,0.079743,0.16652,0.107755,-0.24233,0.116582,-0.062786,-0.29997,-0.170714,-0.027734,0.085911,0.155763,0.063574,-0.269257,0.298662,-0.010645,-0.00786,-0.008258,0.192195,-0.029597,-0.231689,0.157694,-0.220246,0.057637,-0.198486,#
19,-0.287107,0.054478,-0.073441,-0.000938,-0.207181,0.061183,0.312029,0.13296,0.291657,-0.004437,-0.215077,-0.1951,0.438957,0.02083,0.059396,-0.115526,-0.425648,0.070048,-0.145624,1.0,0.080552,0.306698,0.039044,-0.230848,0.23215,-0.200225,0.214151,-0.159571,-0.107165,-0.157969,-0.345684,0.265064,0.200143,0.033005,0.049692,-0.351718,0.066914,0.09946,0.172478,0.020098,0.671578,0.565199,-0.127488,-0.296835,0.314655,0.125283,0.307118,0.558914,0.176748,0.10917,0.10917,-0.150746,-0.153822,0.255562,-0.284573,0.352937,0.334501,-0.111908,0.368318,0.243421,-0.064565,0.087378,-0.128233,0.315665,-0.009123,0.303354,0.214403,0.279232,0.276674,0.095515,0.493512,0.151696,0.125816,0.266449,0.082288,-0.131773,0.354184,0.16054,0.160044,0.004028,0.266842,0.110197,0.037761,-0.604553,0.229681,0.098608,0.126054,0.364266,0.095609,0.178982,-0.076114,0.139845,0.044458,0.374242,0.079185,0.437054,0.510353,0.046529,0.070852,-0.074455,0.033616,0.351566,-0.019782,0.398715,0.04317,0.088942,0.080533,-0.260772,0.177805,-0.225294,0.515304,-0.139516,0.160044,-0.096232,0.184748,0.160067,-0.158808,0.160395,0.329599,-0.133311,0.175448,-0.076414,0.309007,-0.328852,0.280832,0.403397,-0.089457,0.223278,0.292867,0.405699,-0.133471,0.217667,-0.025555,0.144178,0.35474,0.149631,-0.200852,0.349443,0.158687,-0.065544,0.207815,0.16094,0.042838,0.222191,-0.225015,0.080521,-0.468446,0.171387,0.09589,-0.082367,0.108838,0.079826,0.285171,0.241728,0.366283,0.453738,0.181206,-0.099029,0.408431,-0.024675,0.141907,-0.032386,0.098902,0.418771,0.248572,0.152945,0.233967,0.142898,-0.468273,0.377838,-0.478647,0.085847,0.184238,-0.045662,-0.072448,0.247988,0.343268,-0.189407,-0.094973,-0.033797,-0.186087,0.292136,-0.246,-0.249583,-0.35782,-0.111812,0.26691,-0.094645,-0.597825,-0.160358,0.252859,-0.213742,-0.066918,-0.401632,-0.170806,-0.411181,-0.028653,0.418399,0.245761,-0.081914,#
20,-0.156709,0.251596,0.103736,0.21186,0.027815,-0.320583,0.312407,0.079292,0.180311,0.02783,-0.234202,-0.466452,0.330669,-0.101409,0.059291,-0.144903,-0.24853,0.432496,0.443913,0.080552,1.0,0.039835,-0.07396,0.101492,0.02088,-0.108533,-0.131147,-0.219177,0.114961,0.234627,-0.083634,-0.354573,-0.060238,0.49465,-0.366351,-0.032507,0.262749,-0.283969,0.411667,0.031132,-0.124903,-0.040786,0.058649,-0.226945,-0.118849,0.237319,0.229351,0.26301,0.019053,-0.109032,0.147188,0.098397,-0.441122,0.413452,-0.191821,0.083453,0.055743,-0.078293,0.005548,-0.218952,0.235585,0.318103,-0.234426,-0.091027,-0.220288,0.017374,-0.154332,0.162287,0.405162,-0.27686,-0.197621,0.133635,-0.217093,0.153322,0.184047,0.181174,0.007724,-0.061782,-0.195903,-0.272991,0.175537,-0.147184,0.163289,-0.253215,-0.065424,-0.146677,-0.115442,0.311855,-0.021911,0.12341,0.156859,0.046706,0.036834,0.308764,-0.464949,0.042553,0.4043,-0.042504,0.153263,-0.00864,0.092248,-0.160685,-0.073928,-0.127582,-0.095613,-0.149961,-0.183,0.14968,-0.202458,-0.45738,0.241798,-0.150307,0.116988,-0.129279,0.219807,0.280997,-0.022594,0.065036,0.139027,-0.194406,-0.027181,0.28512,0.194304,-0.550444,0.231445,0.108985,-0.100339,0.042038,0.016898,0.145372,0.252834,-0.412747,0.249142,-0.08629,0.120494,0.1217,-0.216387,0.294283,-0.042621,0.221763,-0.045004,0.035837,-0.034859,0.055359,0.421429,-0.205868,-0.005758,0.451847,-0.000958,-0.377371,-0.382183,0.18828,0.329148,0.012799,0.026103,0.253324,0.300555,0.152802,0.089518,-0.252901,0.167699,0.14876,0.008271,0.171555,0.104389,0.495593,0.000623,-0.365802,-0.358634,0.199864,-0.332794,0.200748,0.137993,0.008725,-0.114521,-0.002408,0.119004,0.29434,0.216508,0.030129,-0.055522,0.267671,-0.025121,-0.159481,0.067494,0.087219,0.179255,0.224403,-0.20028,0.114246,0.116937,0.243282,-0.105949,-0.067377,-0.208574,-0.072549,0.032343,-0.013802,0.185406,0.102176,#
