0,1.0,0.249082,-0.33709,-0.36949,0.124688,0.148253,0.227128,-0.012582,0.064562,0.391061,0.109566,-0.032726,0.185003,0.342368,0.106467,0.317009,-0.26327,-0.38415,0.356539,-0.245407,0.253892,-0.011625,0.290024,-0.216386,-0.02427,-0.533922,-0.220553,-0.112046,0.313231,0.351409,0.098655,-0.081009,0.364815,-0.299991,0.197486,0.277723,0.358465,-0.176571,0.009822,0.094323,0.141242,0.251216,-0.254706,-0.037564,0.14431,-0.136838,-0.217144,0.029794,0.172554,0.198921,0.154185,-0.363738,0.24608,0.157059,0.370213,0.121358,-0.17928,-0.271053,-0.430367,0.272567,0.426172,0.150012,-0.14837,0.285722,-0.182229,0.121755,-0.186937,0.408512,-0.141817,-0.119631,0.114012,-0.044822,-0.171545,-0.260598,-0.271189,0.234242,-0.31219,-0.143576,-0.230823,0.030478,0.031509,-0.54075,-0.217662,-0.041929,-0.0751,-0.214475,-0.29812,-0.133815,-0.136996,-0.287119,-0.207295,-0.230409,-0.121845,-0.141939,-0.03796,-0.28499,-0.544436,-0.208434,-0.118611,-0.168219,0.210932,0.052647,-0.280176,-0.327708,-0.241515,-0.383433,0.01942,0.142861,-0.223447,0.004525,0.232292,0.399923,-0.453436,-0.289241,0.0932,0.179548,-0.277404,-0.429867,-0.019039,-0.161001,-0.339351,-0.017696,-0.024338,-0.208954,-0.265789,-0.213901,-0.21711,0.168531,-0.314518,-0.299141,-0.144468,-0.456665,-0.296798,0.052696,-0.416185,-0.260326,-0.201119,0.029677,0.203032,-0.457647,-0.091076,0.23581,-0.219286,-0.218426,-0.153659,-0.224427,-0.195848,0.199366,-0.210328,-0.434647,-0.045628,-0.243319,-0.247648,-0.539012,0.220551,-0.166249,0.39213,0.15479,-0.40104,0.003828,-0.010792,-0.196161,-0.025785,-0.298334,-0.073909,-0.048653,-0.167555,0.015941,-0.2705,-0.413976,0.107746,0.219723,-0.059618,-0.044183,0.141503,-0.23561,-0.165427,0.195063,0.291436,-0.352535,0.15202,0.045446,-0.242293,0.512742,0.290251,0.012733,0.277209,-0.22568,-0.146675,0.399933,-0.336697,0.145774,0.475374,0.060077,-0.363484,0.360435,0.227158,-0.385526,-0.027669,0.13846,#
1,0.249082,1.0,-0.073717,-0.174821,-0.125558,0.065064,0.365521,-0.012632,-0.1815,0.326726,-0.064744,-0.029409,-0.017163,0.30231,0.374,0.195831,0.010787,-0.014197,0.740608,0.007346,0.387604,0.003975,0.231205,-0.004165,-0.063872,-0.096056,-0.082298,0.05505,0.035537,0.10448,-0.086527,0.244378,0.143713,-0.121092,-0.085365,-0.083964,0.086334,-0.238105,0.106853,0.114637,0.314048,0.466776,-0.206958,0.093046,0.4603,-0.047116,0.287438,-0.250092,0.125001,0.228936,0.080455,-0.001438,0.265871,-0.116618,0.027787,-0.007928,0.132737,-0.462576,-0.379031,-0.197896,0.187387,-0.064143,-0.238848,-0.057099,0.357863,0.107351,-0.226558,-0.313595,-0.227336,-0.362544,-0.16497,0.021161,0.015273,-0.116699,-0.222457,-0.02296,-0.399336,-0.162144,0.004807,0.41735,0.151514,-0.157312,0.035204,-0.096206,-0.081697,-0.165437,-0.110961,-0.188428,0.040968,-0.057714,-0.246681,-0.25827,-0.048085,-0.354211,0.140698,-0.050562,-0.054914,0.007682,0.3774,0.047031,-0.005305,0.156132,-0.115003,-0.331486,-0.460073,-0.010401,-0.099752,-0.118516,-0.216589,-0.021889,0.148271,0.235153,-0.105556,0.20712,-0.045484,0.125278,0.00734,-0.0,0.163269,-0.209977,-0.084632,-0.069738,-0.419253,-0.08917,-0.358792,-0.177196,0.190028,-0.047274,-0.358593,-0.147491,0.028652,-0.14184,-0.226559,-0.153628,-0.233024,-0.386049,0.047166,0.259142,0.061926,-0.1982,-0.110552,-0.104048,-0.007954,-0.080713,-0.199258,-0.022096,-0.32672,0.159682,-0.246001,-0.204457,-0.064497,-0.052415,0.181566,-0.0647,-0.129456,0.019794,0.332723,-0.046247,-0.164574,-0.044559,-0.12965,0.074688,-0.209291,-0.227457,-0.05927,0.258161,0.154662,0.071103,-0.120475,-0.619541,0.021696,0.361169,-0.003159,-0.164688,0.125695,-0.154021,0.014963,-0.009622,0.212945,-0.262648,0.091198,0.079589,-0.191676,0.32357,0.210826,-0.176784,0.345862,-0.172526,0.010471,0.207646,-0.109548,0.210192,-0.08935,0.182743,-0.297848,0.005259,0.283176,-0.184954,0.084805,0.268654,#
2,-0.33709,-0.073717,1.0,0.276811,-0.415436,-0.045723,0.077194,-0.078359,-0.100602,-0.109801,0.038204,-0.138603,-0.298738,-0.097973,-0.102919,0.239958,-0.164748,0.431934,-0.156581,0.037224,-0.096663,0.351547,-0.205667,0.007056,0.216209,0.335382,0.333188,-0.179497,-0.036974,-0.305016,0.315815,0.056363,-0.341428,0.093622,-0.167704,-0.007995,-0.122704,0.322387,0.196937,-0.301782,0.121517,0.061026,0.115889,0.135613,0.132314,-0.12603,-0.100339,0.251623,-0.021225,-0.100692,0.05383,0.111896,0.069304,-0.215257,-0.249244,-0.355272,0.055843,-0.146918,0.218543,0.116235,-0.044728,-0.036696,0.053861,-0.340601,0.189771,-0.13585,0.097064,0.077693,-0.25031,0.508761,0.192235,0.282951,-0.186502,0.159407,0.026775,0.008073,0.201048,-0.064066,0.049961,-0.065642,0.227887,0.139691,-0.090609,0.556509,-0.210201,-0.113889,0.128114,0.141435,0.109931,0.223064,0.016851,0.008669,0.192518,0.290298,0.065205,0.055248,0.395544,-0.220142,0.294956,0.294618,-0.106685,-0.054741,0.147638,0.274325,0.266172,0.239113,0.208523,0.249226,-0.163166,-0.048868,0.079998,-0.001623,0.200785,0.249595,0.505109,-0.088689,-0.146676,-0.111148,0.173296,-0.019203,0.194241,0.213391,0.029973,0.001748,0.09855,0.197143,0.110692,0.05082,-0.001462,0.094397,0.292433,0.282604,0.23696,0.034336,-0.08779,0.017325,0.056956,0.315877,0.187241,0.090605,0.113299,0.22185,0.25291,-0.006847,0.111903,0.179072,0.122498,0.301908,0.284303,0.386624,0.168453,-0.089886,0.382217,0.188253,0.007978,0.276031,-0.145235,0.03904,0.432551,-0.024668,0.597253,0.120408,0.066981,0.210594,0.205622,-0.245743,-0.253805,-0.04583,-0.087379,0.201518,-0.067002,-0.081751,-0.117618,0.121317,-0.130503,0.036392,0.105589,-0.065413,-0.07943,0.013141,0.17372,-0.069434,-0.180803,-0.123771,-0.022952,0.05101,0.040568,0.222125,-0.206601,-0.099455,0.128534,-0.207898,-0.325891,0.320078,-0.155316,-0.293071,0.053362,0.186914,0.058895,0.137282,#
3,-0.36949,-0.174821,0.276811,1.0,0.041951,-0.598296,-0.517786,-0.486376,-0.198994,-0.514154,0.029855,-0.288048,-0.4835,-0.63037,-0.128802,-0.380408,0.17975,0.153265,-0.157326,-0.185106,-0.128802,-0.074949,-0.601918,-0.02824,0.023898,0.489587,0.030416,0.223387,-0.282882,-0.442758,0.009237,0.040057,-0.237532,0.16796,0.024578,0.002663,-0.344323,0.279577,0.1867,0.136633,-0.047938,-0.366446,-0.008498,0.379372,-0.020518,0.524747,-0.22117,0.176283,0.108817,-0.294277,0.095483,0.289085,-0.190614,-0.110386,-0.151741,-0.440205,0.420528,0.306038,0.136755,-0.051484,-0.509606,-0.120819,0.304667,-0.157943,-0.135202,-0.455403,0.169744,-0.106518,0.288424,0.217292,0.162459,-0.082285,0.235684,0.159152,0.087266,-0.034355,0.422247,0.25417,0.035907,-0.19662,-0.012141,0.553462,0.324951,0.058573,0.327518,0.001777,0.260876,0.363515,0.121954,0.270338,0.038369,0.365038,0.41824,0.038476,0.256616,0.312642,0.587552,0.083166,0.025639,0.431122,0.138467,0.23853,0.589705,0.247647,0.269702,0.195477,0.437125,0.102682,-0.158436,0.150919,-0.198846,-0.327153,0.487556,0.276073,0.178027,0.030136,0.174592,0.282189,-0.184422,0.415083,0.256337,0.467958,0.339885,0.375087,0.26851,0.131406,-0.242572,-0.323993,0.316549,0.170109,-0.020105,0.291981,0.473769,-0.027383,0.429387,0.323306,0.050423,0.271658,-0.120796,0.614858,0.141418,-0.159293,0.33211,0.458793,0.466583,0.132047,-0.180841,-0.122742,0.428115,0.194252,0.200783,0.146852,-0.003377,0.249336,0.087573,0.277718,-0.435517,-0.435935,0.489724,0.241728,0.010316,0.176399,0.046437,0.23516,-0.093188,-0.32968,0.245525,0.14025,0.14511,0.155265,0.181096,-0.031295,0.342991,0.396914,-0.266491,0.495698,-0.07716,-0.013726,-0.597983,0.520912,-0.523311,-0.038035,0.340695,-0.221865,-0.410399,0.128805,-0.294283,-0.07081,0.459577,-0.351122,0.229193,-0.099219,-0.155107,0.104322,0.2033,-0.039992,0.008666,0.130551,0.057236,-0.488896,#
4,0.124688,-0.125558,-0.415436,0.041951,1.0,0.030162,-0.03386,-0.121164,0.115004,-0.062617,0.175356,0.056569,-0.126587,-0.247732,-0.092835,-0.220051,0.151739,-0.225496,6.7e-05,-0.245083,-0.418594,-0.388233,0.19407,0.150392,0.020909,-0.099993,-0.129259,0.143851,-0.001359,0.213653,-0.437385,-0.353743,-0.003542,-0.192188,0.211928,-0.062666,-0.032313,-0.250267,0.042013,0.420414,-0.039908,-0.404636,-0.146573,-0.015056,-0.066502,0.319874,-0.252526,0.0207,0.212375,0.538742,-0.078232,-0.160921,-0.16348,0.523971,0.199882,0.043337,0.124314,0.054967,0.103323,0.019877,-0.156528,-0.192588,-0.2003,0.071186,-0.211562,0.146698,0.696616,-0.158119,0.073311,-0.264813,-0.175529,-0.285331,-0.116976,0.247829,-0.007015,0.088627,-0.36131,-0.327352,-0.426005,-0.17048,-0.383003,-0.037746,0.060456,-0.102533,0.070172,-0.121874,0.268057,0.046242,-0.034138,-0.492037,0.195565,0.009692,0.137693,-0.410219,-0.035479,-0.078293,-0.105921,-0.006525,-0.299934,0.014249,0.080571,0.069812,-0.06972,-0.160314,0.119837,0.044032,-0.217968,0.04192,-0.090144,0.270652,-0.081645,0.055369,0.033302,-0.30921,-0.081656,0.069496,-0.053753,0.278489,-0.170272,0.022438,-0.508459,0.072479,0.493627,-0.103513,0.183,0.119512,-0.145262,0.187878,0.184241,-0.22115,-0.190302,-0.353741,-0.235303,-0.385978,-0.047066,0.118789,-0.069779,0.123045,-0.317196,0.058672,0.195197,-0.246008,-0.389315,0.021695,-0.238795,-0.379861,-0.249594,0.111805,0.114152,-0.034206,0.0734,0.189677,-0.1996,0.073563,-0.023878,-0.15294,-0.025742,0.153372,-0.091948,0.447557,-0.439739,-0.258256,-0.335626,-0.035778,0.058961,0.111224,0.066422,0.026734,-0.199569,0.312559,0.052865,-0.084663,0.12813,-0.033176,0.044092,0.098119,0.030753,0.428343,0.186814,0.015184,-0.097896,0.141471,0.154323,0.168246,0.177419,0.088598,-0.109928,-0.082723,0.250742,-0.357354,-0.212194,0.260353,0.196105,-0.150022,-0.15545,0.175321,-0.267193,-0.057912,-0.258767,-0.041745,#
5,0.148253,0.065064,-0.045723,-0.598296,0.030162,1.0,0.762912,0.580669,0.265277,0.25602,0.044171,0.54321,0.328037,0.567172,0.089174,0.155395,-0.026093,0.040132,0.381963,-0.229289,0.101573,0.067676,0.356621,-0.036415,0.025969,-0.052378,0.374408,0.184996,0.189352,0.407653,-0.428538,-0.19029,-0.156743,-0.18877,-0.080927,0.125048,0.103051,0.000841,-0.009729,-0.155069,0.009143,0.341077,0.029823,-0.083332,0.136832,-0.354255,0.218338,-0.250876,-0.252028,0.347655,-0.042349,-0.084733,-0.014589,0.210421,0.211504,0.41839,-0.379434,-0.09573,-0.295283,-0.177694,0.216789,-0.166465,-0.194638,0.404548,-0.076605,0.562751,-0.024662,0.254739,-0.099821,-0.421904,0.229659,0.168386,-0.291813,0.039858,-0.013234,0.292325,-0.510267,-0.329346,-0.274918,-0.203008,-0.254536,-0.676371,-0.414359,0.153867,-0.558905,-0.259218,-0.204508,-0.163676,-0.222005,-0.344838,-0.290267,-0.632926,-0.506316,-0.037419,-0.237649,-0.42047,-0.37494,-0.504641,-0.1802,-0.665472,0.118025,-0.121607,-0.530348,-0.475896,-0.399586,-0.271086,-0.2093,-0.173925,-0.074027,-0.063498,-0.072508,0.301214,-0.618731,-0.51826,-0.131329,-0.130224,-0.398402,0.09011,0.300702,-0.227638,-0.316111,-0.525314,-0.131017,-0.442275,-0.179305,-0.286762,-0.015477,0.028325,-0.474186,-0.403017,-0.368481,-0.231074,-0.429033,0.08596,-0.55513,-0.212341,0.365729,-0.311498,-0.051256,-0.72432,-0.184424,0.061641,-0.229475,-0.281386,-0.419355,-0.37258,0.166502,0.327803,-0.562496,-0.079911,-0.331102,-0.117458,-0.226454,-0.119504,0.068639,-0.499009,0.106622,0.475606,-0.479202,-0.301013,-0.208219,-0.258063,-0.088565,-0.27299,0.101869,0.10109,-0.305003,-0.040167,-0.19608,0.133219,0.236355,-0.191009,-0.24802,-0.358783,0.358868,-0.471656,0.022259,0.275208,0.507321,-0.472576,0.472225,0.128341,0.003341,0.169265,0.833504,0.113142,0.055737,0.105255,-0.207096,0.273878,-0.227461,0.033683,0.400524,-0.036334,-0.520757,-0.029914,0.397526,-0.297017,-0.369846,0.265835,#
6,0.227128,0.365521,0.077194,-0.517786,-0.03386,0.762912,1.0,0.526821,0.344617,0.335477,0.130877,0.302798,0.276389,0.488842,-0.003701,0.374053,0.200168,0.159443,0.49734,-0.335892,0.008569,0.205105,0.442953,-0.129337,0.112871,0.010623,0.117047,0.092698,0.277314,0.252487,-0.443842,-0.248315,-0.099256,-0.35438,-0.045371,0.18653,0.035968,-0.196715,0.235309,-0.111616,0.050385,0.337104,-0.015079,-0.049437,0.197738,-0.265487,0.150952,-0.329059,-0.132354,0.518728,0.092589,-0.102528,0.021544,0.188513,0.398541,0.373229,-0.253824,-0.323158,-0.333358,-0.217358,0.1612,0.102308,-0.085447,0.39719,-0.030085,0.493315,-0.12647,0.248037,-0.213232,-0.442855,0.147363,0.155805,-0.486935,-0.192847,-0.277774,0.464426,-0.452482,-0.446241,-0.213446,-0.136023,-0.173103,-0.582536,-0.504034,0.070997,-0.663459,-0.366991,-0.289416,-0.215105,-0.154787,-0.28846,-0.380914,-0.722982,-0.600089,-0.100831,-0.130312,-0.504664,-0.293532,-0.581273,-0.061638,-0.437562,0.086735,-0.073255,-0.45977,-0.429993,-0.469517,-0.209405,-0.295611,-0.100788,-0.259881,-0.141331,-0.319125,0.329022,-0.516726,-0.472105,-0.015656,-0.210271,-0.1685,-0.150303,0.13678,-0.285985,-0.283412,-0.473028,-0.37345,-0.695985,-0.244184,-0.346305,0.0714,-0.037031,-0.46115,-0.563196,-0.466177,-0.481483,-0.666523,0.009606,-0.623481,-0.34472,0.1806,-0.271662,-0.0831,-0.63782,-0.351282,0.134976,-0.357336,-0.344384,-0.490781,-0.380779,-0.230035,0.636847,-0.451254,-0.219637,-0.215595,-0.188185,-0.189103,-0.261874,0.133813,-0.614132,0.044753,0.562508,-0.343757,-0.250872,-0.208221,-0.208473,-0.290253,-0.329666,0.042872,0.132114,-0.254739,-0.112609,-0.353914,-0.184039,0.16428,0.013583,-0.193289,-0.42385,0.582115,-0.532361,0.062729,0.182848,0.575027,-0.710261,0.501225,0.195152,0.03996,0.220874,0.739308,-0.164726,-0.056014,0.037812,-0.273584,0.210379,-0.285666,0.253405,0.334305,0.034308,-0.608859,0.0384,0.489327,-0.357682,-0.446042,0.489094,#
7,-0.012582,-0.012632,-0.078359,-0.486376,-0.121164,0.580669,0.526821,1.0,0.081406,0.458446,-0.218208,0.283296,0.707929,0.622959,0.153341,0.276279,0.057336,0.257065,0.227451,-0.020522,0.170011,0.264905,0.089843,0.014847,-0.024095,-0.090325,0.091178,-0.178293,0.303755,0.236098,-0.180418,-0.103646,0.109308,-0.017677,-0.366017,-0.069334,0.056394,-0.056922,0.00954,-0.520046,-0.07432,0.329699,0.222466,-0.216223,-0.280275,-0.500862,0.226392,-0.341036,-0.119108,0.123633,-0.218886,0.002521,0.147822,0.147048,0.511102,0.459409,-0.357762,-0.284591,-0.239102,-0.113712,0.447875,-0.138032,-0.083565,0.354415,-0.100017,0.653913,-0.061673,0.40665,-0.266614,-0.123868,-0.026861,0.412671,-0.343619,-0.097857,-0.083434,0.150228,-0.069613,0.020231,0.130178,-0.053514,0.00596,-0.392214,-0.279291,-0.220975,-0.36418,-0.07844,-0.274647,-0.039676,0.140822,-0.083001,-0.017576,-0.461003,-0.363674,0.297544,-0.104291,-0.225601,-0.088916,-0.170508,-0.088618,-0.633205,0.136545,-0.005655,-0.439452,-0.140323,-0.337142,-0.111326,-0.420249,-0.09737,0.151678,-0.419215,-0.207226,0.174452,-0.358841,-0.426365,0.070171,-0.008973,-0.182301,0.077343,0.132657,-0.324121,-0.015154,-0.792503,-0.171232,-0.360641,-0.194621,-0.036579,0.046473,-0.186554,-0.264551,-0.105256,-0.283728,-0.024993,-0.220794,0.097557,-0.302461,-0.190246,0.219543,-0.691256,0.026081,-0.415272,-0.288988,-0.128457,-0.201559,-0.21218,-0.413267,-0.141884,0.096432,0.174398,-0.321279,-0.247546,0.012365,0.011849,-0.222774,-0.262233,0.251696,-0.453535,0.109804,0.400095,-0.278094,-0.301438,0.088531,-0.142792,-0.390196,-0.159221,0.417028,0.279092,-0.055616,0.240576,-0.037962,0.266657,0.008609,0.020896,-0.228206,-0.167189,0.480842,-0.263688,0.005669,-0.127863,0.51777,-0.246547,0.347876,0.408373,0.065202,-0.287486,0.351266,0.258401,-0.094614,-0.007447,-0.387609,0.26678,-0.247361,-0.154429,0.320619,-0.153695,-0.109471,-0.070039,0.160568,-0.04183,-0.369263,0.343352,#
8,0.064562,-0.1815,-0.100602,-0.198994,0.115004,0.265277,0.344617,0.081406,1.0,0.179117,-0.217837,-0.025418,0.034866,0.141824,0.175016,0.014544,0.009773,0.160778,-0.070637,-0.193052,-0.300254,0.383301,0.261141,-0.126213,0.113844,0.183327,0.215159,0.250411,0.118905,0.4509,-0.287919,-0.389114,-0.107357,0.052452,0.277996,0.179399,-0.402387,-0.384472,0.274882,-0.140286,0.281191,0.038372,0.001801,0.384446,0.203488,-0.001308,0.154204,0.014176,-0.183067,0.055259,0.07478,0.019443,-0.234898,0.154935,0.176641,0.542764,-0.078477,-0.000971,0.006195,0.379356,0.172094,0.314556,0.078482,0.300384,-0.2216,-0.084892,-0.12851,0.264412,-0.108974,-0.151942,0.091413,0.162751,-0.015563,-0.01944,-0.113197,0.250501,-0.11923,-0.245836,-0.206212,-0.287586,-0.138753,-0.276819,-0.522646,-0.0443,-0.529709,0.11277,0.018157,-0.209168,-0.309427,-0.423844,-0.043522,-0.246943,-0.429953,0.139754,-0.117695,0.00491,-0.275864,-0.067396,-0.569613,-0.280521,0.067212,0.123392,0.0129,0.075638,0.051856,-0.370674,-0.127095,0.032651,-0.267244,-0.137722,-0.226406,0.083388,-0.204473,-0.289664,-0.058317,-0.194672,0.173438,-0.13192,0.177001,-0.10811,0.105609,-0.108482,-0.069424,-0.19643,0.161565,-0.139404,0.08236,0.196273,-0.181764,-0.14836,-0.118464,-0.133855,-0.465987,-0.032957,-0.450265,-0.00451,-0.034741,-0.04905,-0.028473,-0.337405,-0.180461,-0.108758,-0.151564,-0.136404,-0.489075,-0.454189,-0.230049,0.12545,-0.28808,-0.023368,-0.190125,-0.332543,0.001509,-0.267208,0.035672,-0.414667,0.218372,0.27721,-0.337568,-0.087896,-0.191709,-0.030583,0.143782,-0.135809,-0.384646,0.137797,-0.260173,-0.10728,-0.360579,0.003907,-0.02099,-0.337288,-0.00425,0.063231,0.4141,-0.125596,-0.274254,0.019671,0.418315,-0.357728,0.452012,0.185274,0.017669,0.047051,0.255567,0.02531,-0.039838,0.057112,-0.291202,-0.305305,-0.266357,-0.089494,0.134654,-0.001706,-0.240296,0.347933,0.165147,-0.138942,-0.262076,0.169123,#
9,0.391061,0.326726,-0.109801,-0.514154,-0.062617,0.25602,0.335477,0.458446,0.179117,1.0,-0.20282,-0.048196,0.453771,0.714814,0.436399,0.383303,-0.345341,0.184266,0.299632,0.175682,0.120441,0.392455,0.40612,0.060345,0.129605,-0.319962,-0.15054,-0.110549,0.264454,0.454021,0.198229,0.338169,0.39929,-0.360122,-0.029621,-0.173919,0.339602,-0.241054,0.138509,-0.562838,0.219802,0.425379,0.160015,0.142405,0.00084,-0.614182,0.214207,0.238362,-0.068979,0.267644,-0.127428,-0.07442,0.383161,0.115424,0.417442,0.370641,-0.303845,-0.485659,-0.265352,0.310083,0.704733,0.066841,-0.445433,0.122742,-0.293417,0.325057,-0.046587,0.247542,-0.758961,0.189457,-0.023652,0.378272,-0.014263,-0.009042,-0.263645,0.068673,-0.269107,-0.261019,-0.052496,0.179509,0.167159,-0.420927,-0.343365,-0.053897,-0.345554,0.140355,-0.123506,-0.19886,0.18287,-0.441719,-0.042558,-0.220259,-0.269286,0.354182,0.075575,-0.000939,-0.4381,-0.08164,-0.043979,-0.26342,-0.167782,0.132632,-0.28073,-0.257031,-0.108445,-0.218876,-0.577726,0.051157,-0.287492,-0.32126,0.362679,0.335475,-0.350673,-0.117162,0.013906,-0.016547,-0.182332,-0.283968,0.527606,-0.640793,-0.086485,-0.472069,-0.027178,-0.204581,-0.232019,0.039107,0.223721,0.131061,-0.194128,-0.177995,0.018102,0.018102,-0.313271,0.019735,-0.604662,-0.335154,-0.288445,-0.270023,0.348239,-0.479881,-0.149102,-0.017755,-0.334263,-0.411943,-0.643675,0.07206,-0.230202,0.043426,-0.278759,-0.208741,-0.294223,0.01633,-0.007006,-0.458807,-0.074167,-0.28095,0.576503,0.419673,-0.326864,-0.0576,0.13915,-0.021985,-0.288803,0.108631,0.324724,0.653507,-0.074149,0.058302,-0.360256,0.01262,-0.055946,0.176224,-0.172024,-0.08062,0.261258,-0.303413,-0.120445,-0.143048,0.757917,-0.364948,0.684802,0.197293,-0.563363,0.042883,0.253393,0.105528,0.442988,0.058191,-0.448918,0.045371,-0.254317,0.087028,0.159053,0.22192,-0.234096,0.066176,-0.002116,-0.144769,0.190709,0.514907,#
10,0.109566,-0.064744,0.038204,0.029855,0.175356,0.044171,0.130877,-0.218208,-0.217837,-0.20282,1.0,-0.106642,-0.224461,-0.28194,-0.310501,-0.112128,0.073709,-0.406525,-0.001689,-0.469345,-0.136944,-0.303283,0.038355,0.252945,0.196343,0.202725,-0.105418,-0.033773,0.165965,-0.115701,0.036422,0.0396,-0.369831,-0.519763,0.032267,0.195448,0.32595,0.183077,0.018966,0.264428,-0.129477,-0.326699,-0.24159,-0.122136,0.188561,0.124246,-0.439811,-0.057935,-0.128785,0.435463,0.014983,-0.07876,-0.026619,0.211541,0.111414,-0.232735,-0.143392,0.26671,0.022224,-0.367673,-0.430248,0.118032,0.1148,0.110632,0.191085,-0.00275,0.192606,-0.056563,0.092834,-0.163025,0.066217,-0.302811,-0.279064,0.103866,-0.052363,0.250302,-0.229168,-0.217756,-0.290589,-0.204408,-0.226306,0.007301,0.030266,0.33193,0.030991,-0.318292,0.098792,0.269755,-0.044591,-0.045224,-0.282677,-0.003523,-0.054356,-0.341665,-0.007126,-0.22836,-0.252643,-0.300247,0.269674,-0.041803,0.206814,-0.213562,-0.218178,-0.393601,-0.001283,-0.11985,-0.225359,0.374078,-0.01534,0.399079,-0.217191,0.117209,-0.081768,-0.225858,-0.210227,-0.230024,-0.291083,-0.194542,-0.331672,0.264989,-0.584105,0.323671,0.020741,-0.437189,-0.246049,-0.171015,-0.118763,-0.108819,-0.029389,-0.330702,-0.380863,-0.374398,-0.080116,-0.07687,-0.165228,0.044735,-0.233588,-0.026657,-0.053085,-0.064761,-0.135773,0.247668,-0.300043,0.046351,0.401394,-0.058512,-0.212271,0.310468,0.005425,0.032893,0.109013,0.073322,-0.301487,-0.006973,-0.301456,-0.045299,-0.39091,-0.011638,0.175665,0.145677,-0.174363,-0.300177,-0.057444,0.20096,0.062451,-0.12938,-0.024462,-0.331387,-0.112761,-0.115245,0.248857,0.241715,0.076195,-0.018261,-0.123258,-0.203111,0.132496,0.268337,-0.140091,0.015242,-0.267765,-0.042931,0.07501,0.123448,0.18629,0.035799,-0.134337,-0.20125,0.246431,0.13235,0.079785,0.403052,0.292191,-0.177343,-0.17501,-0.040064,0.092326,-0.004476,-0.148378,-0.123041,#
11,-0.032726,-0.029409,-0.138603,-0.288048,0.056569,0.54321,0.302798,0.283296,-0.025418,-0.048196,-0.106642,1.0,0.23764,0.262072,-0.090264,0.056372,-0.099672,0.096794,0.129158,0.052901,0.237339,-0.239839,0.062075,0.060813,0.194154,0.071969,0.039728,0.013204,-0.105151,0.073795,-0.257249,-0.109751,-0.190231,0.092944,-0.229668,0.084708,-0.01056,0.231676,0.008803,-0.07355,-0.128463,0.242967,-0.256482,-0.396781,0.096261,0.006271,0.219901,-0.242941,-0.135625,0.055989,-0.125179,-0.193382,-0.191667,0.18183,-0.09255,0.044251,-0.295841,0.127474,-0.219818,-0.219775,-0.072547,-0.342267,-0.126944,0.355635,-0.030666,0.32674,-0.060837,-0.053167,0.257448,-0.426176,0.162941,0.19112,0.013868,-0.039687,-0.02591,0.001821,-0.192557,0.129722,-0.254335,-0.187053,-0.363445,-0.445867,-0.107173,0.032166,-0.09391,-0.41856,-0.191383,-0.054638,-0.196743,0.118235,-0.112473,-0.420123,-0.358588,-0.077685,-0.145491,-0.357833,-0.183991,-0.126337,-0.237449,-0.194475,0.051501,-0.203754,-0.353511,-0.188363,-0.12476,0.047936,-0.20636,0.092754,-0.004128,-0.019712,-0.126908,0.106867,-0.543203,-0.355097,-0.109752,-0.043626,-0.103403,0.273084,0.033775,-0.065744,-0.031033,-0.191447,-0.120389,-0.142608,-0.069706,-0.152079,0.050953,0.232742,-0.023829,-0.11206,-0.347531,-0.039761,-0.20699,0.018886,-0.129002,0.08408,0.425843,-0.236316,-0.290233,-0.357833,-0.31042,0.353387,-0.12693,-0.156725,-0.197464,0.050153,0.194752,0.069949,-0.31339,-0.105918,-0.310662,0.325206,-0.277887,0.340698,0.317079,-0.205093,-0.033085,0.207471,-0.35668,-0.583095,-0.253095,-0.274946,0.020712,-0.233779,-0.05763,0.08445,-0.192733,0.143381,0.277636,0.237499,-9.2e-05,0.161887,0.047583,-0.445333,0.085467,-0.174042,-0.033998,0.314457,0.080958,-0.127848,0.124174,-0.318062,-0.045835,0.012114,0.410942,0.063407,-0.07304,0.026948,0.144928,0.153269,-0.087142,0.202814,0.165677,0.142382,-0.265295,-0.201303,0.318852,-0.337543,-0.099575,-0.11036,#
12,0.185003,-0.017163,-0.298738,-0.4835,-0.126587,0.328037,0.276389,0.707929,0.034866,0.453771,-0.224461,0.23764,1.0,0.609982,0.190742,0.279406,0.060072,0.049506,0.02684,0.029724,0.155338,0.010056,0.344961,0.005096,-0.23018,-0.362818,-0.181136,-0.174595,0.141679,0.175743,0.025419,0.078851,0.312256,-0.015596,-0.362323,0.146882,0.320433,-0.245467,-0.2445,-0.265394,-0.123519,0.328323,0.231459,-0.23902,-0.332837,-0.383009,0.201647,-0.293907,-0.055188,0.119654,-0.163921,-0.118601,0.195786,0.203572,0.50552,0.436264,-0.305123,-0.332879,-0.180482,-0.133464,0.442486,0.198352,-0.077688,0.350435,-0.109787,0.354442,-0.246914,0.379345,-0.305641,-0.113754,-0.027185,0.069082,-0.342406,-0.358836,-0.28599,0.090535,-0.091303,0.067107,-0.033045,-0.007999,-0.209253,-0.370448,-0.051175,-0.424911,-0.130075,-0.057632,-0.306624,-0.072652,-0.074049,-0.079705,-0.176956,-0.44033,-0.526467,0.327922,-0.136908,-0.439515,-0.293814,-0.176942,-0.324955,-0.434975,0.132614,-0.301651,-0.512734,0.057357,-0.369668,-0.27348,-0.441486,-0.115163,0.208968,-0.405204,-0.159763,0.098304,-0.336243,-0.424238,-0.213701,-0.223378,0.028565,-0.176517,-0.145147,-0.298384,-0.012807,-0.572569,-0.243163,-0.358128,-0.235043,-0.281095,0.040303,0.13369,-0.3159,-0.052338,-0.239003,-0.020988,-0.382682,0.077942,-0.278609,-0.273767,0.221777,-0.690645,-0.257142,-0.394205,-0.057739,0.017988,-0.199286,-0.214573,-0.391965,0.152084,0.097467,0.127896,-0.297573,-0.483364,-0.227073,-0.224542,-0.220543,-0.260327,0.169615,-0.407503,0.121735,0.4062,-0.251213,-0.279283,0.093519,-0.354217,-0.128379,-0.223832,0.102037,0.273839,-0.245465,0.187418,-0.035917,0.042267,-0.04477,0.010858,-0.51307,-0.198648,0.22333,-0.29828,-0.170888,0.080625,0.296536,-0.457416,0.348687,0.242254,0.064547,-0.126306,0.090775,-0.028231,-0.049066,0.020046,-0.34373,0.313858,-0.283583,0.053194,0.318984,-0.151888,0.138057,0.077955,-0.102061,-0.22664,-0.119834,0.347124,#
13,0.342368,0.30231,-0.097973,-0.63037,-0.247732,0.567172,0.488842,0.622959,0.141824,0.714814,-0.28194,0.262072,0.609982,1.0,0.403511,0.252585,-0.173109,0.011302,0.26356,0.150376,0.416944,0.266277,0.33704,0.060436,-0.137495,-0.306045,0.128098,-0.160187,0.366929,0.348667,0.102955,0.339421,0.305962,-0.126364,-0.27503,0.025975,0.247969,-0.226604,0.053084,-0.454997,0.064153,0.509435,-0.064955,-0.179644,0.07494,-0.648313,0.30555,-0.073406,-0.063003,0.16266,-0.083261,-0.213353,0.206756,-0.158277,0.273737,0.343643,-0.167877,-0.457517,-0.391634,0.12443,0.687507,0.026852,-0.360697,0.144621,-0.045321,0.56961,-0.308686,0.381211,-0.425239,-0.085002,-0.143036,0.409609,-0.102123,-0.163462,-0.267377,0.053096,-0.342226,-0.123676,-0.15679,0.046284,0.033208,-0.623703,-0.309138,-0.102803,-0.44559,0.052448,-0.249471,-0.267993,0.083298,-0.292855,-0.005144,-0.369805,-0.379027,0.24613,0.015125,-0.149872,-0.42169,-0.112946,-0.100909,-0.501854,-0.067864,-0.052932,-0.387293,-0.29855,-0.326412,-0.338265,-0.30408,-0.146556,-0.199433,-0.4679,0.201256,0.28993,-0.567725,-0.145911,0.020158,-0.020625,-0.439617,-0.086767,0.375277,-0.482542,0.00425,-0.624144,-0.128969,-0.287408,-0.349126,-0.224399,0.042079,-0.102607,-0.465847,-0.198756,-0.096192,-0.063068,-0.32474,-0.129354,-0.502411,-0.365624,0.353247,-0.380486,0.20983,-0.669511,-0.123329,0.105564,-0.110234,-0.348224,-0.605916,-0.112802,0.160265,0.039472,-0.511981,-0.22428,-0.160636,-0.067448,-0.009593,-0.40166,0.00133,-0.360714,0.560278,0.267941,-0.429828,-0.301971,0.045822,-0.094648,-0.138757,-0.277615,0.145149,0.420701,-0.316706,0.107012,-0.270208,0.009696,-0.145475,0.037925,-0.343875,-0.253625,0.246305,-0.19814,-0.105341,-0.035533,0.634437,-0.368358,0.564574,0.113468,-0.37398,0.058309,0.382617,0.207495,0.17363,-0.049478,-0.374169,0.291744,-0.285624,0.031292,0.158585,0.158574,-0.320136,0.063545,0.087879,-0.272649,0.006795,0.294243,#
14,0.106467,0.374,-0.102919,-0.128802,-0.092835,0.089174,-0.003701,0.153341,0.175016,0.436399,-0.310501,-0.090264,0.190742,0.403511,1.0,-0.001862,-0.175297,0.121356,0.407163,0.115308,0.349721,0.15172,0.219778,-0.020645,-0.151438,-0.139207,0.029863,0.131844,0.242653,0.170862,0.017795,0.193938,-0.085389,0.182705,-0.061784,-0.135292,-0.156214,-0.091835,-0.090364,-0.202342,0.412641,0.324327,0.00395,0.295934,0.385385,-0.251779,0.080158,0.201355,0.213277,-0.04627,0.134798,-0.023791,0.199765,-0.021739,0.108008,0.387752,0.064218,-0.495383,-0.121868,0.26967,0.352448,-0.091445,-0.255271,0.149252,0.170146,0.058007,-0.025556,0.0245,-0.429165,0.163676,-0.000208,0.225386,0.33497,0.156353,0.11254,-0.233639,-0.052959,-0.110793,-0.004563,0.243621,0.101138,-0.127539,0.019914,0.043621,-0.012853,0.35271,0.089872,-0.023808,-0.089729,-0.227144,0.200901,0.027865,0.076777,0.218959,0.065053,0.101329,-0.141986,0.045543,-0.028304,-0.247001,0.175694,0.277713,-0.191927,-0.067419,-0.291783,-0.170556,-0.174354,-0.048775,-0.219714,-0.059927,0.299881,0.170462,-0.029245,0.073532,-0.037388,0.110147,-0.169326,0.16448,0.33945,-0.221147,0.074572,-0.128971,-0.098446,0.014553,-0.098342,-0.104053,-0.152859,0.037231,-0.408381,0.120268,0.088293,0.273172,-0.049714,-0.009242,-0.252541,-0.17895,0.077852,0.063475,-0.049954,-0.211451,-0.022802,-0.537352,0.008005,0.182859,-0.226435,-0.096138,-0.180063,-0.231806,-0.113392,-0.019157,-0.204811,-0.163985,0.169718,-0.124967,-0.177128,0.033888,0.434666,0.150642,-0.100229,0.048524,0.069728,0.0192,0.063165,-0.210557,-0.292761,0.308797,0.230937,-0.027242,-0.030037,-0.015092,-0.12299,-0.047612,-0.171494,0.199349,0.054308,0.11364,-0.1536,-0.013892,0.385424,-0.132624,0.206404,0.43078,-0.204059,-0.073147,0.078409,0.268377,0.483326,-0.091316,0.143663,-0.024366,-0.185906,-0.368486,0.031899,0.051093,-0.097186,-0.037742,0.020245,-0.095164,0.182522,0.015595,#
15,0.317009,0.195831,0.239958,-0.380408,-0.220051,0.155395,0.374053,0.276279,0.014544,0.383303,-0.112128,0.056372,0.279406,0.252585,-0.001862,1.0,-0.194798,0.42735,0.143826,0.018992,-0.00898,0.029737,0.330722,-0.17961,0.075196,-0.285317,-0.105513,-0.031054,0.325138,0.375105,0.144158,-0.062899,0.220746,-0.311623,0.048265,-0.089021,0.362773,-0.110203,0.242172,-0.311163,0.187128,0.105923,0.403687,-0.098216,-0.0941,-0.280908,-0.130701,0.116624,0.084109,0.27176,-0.062446,0.078175,0.296127,-0.033364,0.235336,0.003074,-0.145651,-0.465368,-0.268609,0.20219,0.210427,0.337704,-0.158891,0.050072,0.069049,0.120625,-0.167454,0.27901,-0.46132,0.11263,0.193296,0.274331,-0.269395,-0.293046,-0.144365,0.289428,0.021564,-0.049161,-0.044743,0.260768,0.160435,-0.406975,-0.183216,0.221853,-0.2808,-0.191467,-0.231297,-0.226109,0.086862,0.012503,-0.117878,-0.139405,-0.142286,0.286776,0.217784,-0.376125,-0.1497,-0.232155,0.15637,0.138888,-0.207014,-0.135454,-0.428828,0.145893,-0.175117,-0.026127,-0.230517,0.044299,-0.272011,0.191826,0.02495,0.324033,-0.274749,-0.243743,0.17977,0.000668,-0.015774,-0.336665,0.166565,-0.429952,-0.155185,0.04155,-0.285358,-0.302996,-0.335961,-0.102615,-0.070386,0.328588,-0.355099,-0.311587,0.087449,-0.088482,-0.18742,0.05022,-0.341981,-0.187514,-0.271829,-0.026455,0.025542,-0.352163,-0.075904,0.44367,-0.184796,-0.165616,-0.191193,0.086718,-0.127266,0.325853,-0.158147,-0.386693,-0.182464,-0.209108,0.183329,-0.14567,0.210338,-0.250888,0.065128,0.513843,-0.284152,-0.126804,0.292869,-0.10889,-0.048549,-0.073816,0.20761,0.080821,-0.350175,0.101988,-0.095253,-0.191136,0.158026,0.143531,-0.016954,-0.227053,0.052389,-0.281483,-0.074159,0.176083,0.320612,-0.471206,0.502446,-0.256603,-0.38734,0.213696,0.140783,-0.261532,0.335413,-0.07569,-0.344929,0.031757,-0.147544,-0.039048,0.070119,0.378559,-0.10564,-0.14999,-0.085626,-0.096487,0.229394,0.463062,#
16,-0.26327,0.010787,-0.164748,0.17975,0.151739,-0.026093,0.200168,0.057336,0.009773,-0.345341,0.073709,-0.099672,0.060072,-0.173109,-0.175297,-0.194798,1.0,0.015735,0.04948,0.016744,0.00845,-0.236956,-0.036406,-0.384153,-0.478588,-0.078654,-0.248175,0.14693,-0.023357,-0.311525,-0.387103,-0.126949,0.031536,0.119102,0.027593,0.1035,-0.156927,-0.299167,-0.135775,0.358232,-0.126764,-0.289783,-0.031456,-0.069828,-0.26167,0.129841,-0.172621,-0.34062,0.186578,0.288919,0.149573,0.046273,-0.061666,0.038631,0.194388,0.098275,0.227596,-0.083332,0.117371,-0.448571,-0.418761,0.334538,0.340169,-0.072097,0.009789,0.062531,-0.029952,-0.059075,0.147032,-0.329803,-0.217962,-0.423965,-0.269339,-0.285353,-0.156612,-0.028238,0.19187,-0.245068,0.160472,-0.065627,-0.170513,0.111359,0.131946,-0.298159,0.059629,0.136425,-0.09202,-0.039121,-0.068852,0.022857,0.029548,0.037557,-0.157777,-0.163943,0.020836,-0.174937,0.194739,-0.248246,-0.019286,0.117374,0.049497,0.053178,0.080093,0.113451,-0.175286,0.153286,0.059002,-0.530382,-0.03388,0.00219,-0.555898,-0.230185,0.05992,-0.049066,-0.211074,-0.174714,0.394222,0.155181,-0.388501,-0.016598,-0.148474,-0.162412,-0.147711,-0.282254,-0.010165,-0.29101,-0.221839,-0.399665,-0.035902,-0.095405,-0.24843,-0.422957,-0.176669,-0.002537,0.369627,0.176152,0.229444,-0.27205,-0.383743,0.158609,0.104499,-0.126916,-0.201453,0.206804,-0.009505,-0.239796,-0.12724,0.205643,0.0097,0.016851,0.11533,-0.00329,0.003523,-0.14677,0.174648,-0.240854,-0.376045,0.126066,0.100092,0.253442,-0.410082,0.077817,-0.049766,-0.322298,-0.292648,-0.12685,0.264257,-0.239751,-0.096429,-0.002844,-0.193196,-0.030455,-0.193716,-0.243737,0.029541,0.080478,0.147175,-0.016176,-0.068656,-0.133642,-0.328189,0.077143,0.776108,-0.169331,-0.063354,-0.397676,-0.396213,0.107485,0.171448,-0.181668,-0.175741,0.120818,-0.171369,-0.406694,0.1458,-0.17052,-0.121144,-0.086829,-0.425073,0.070677,#
17,-0.38415,-0.014197,0.431934,0.153265,-0.225496,0.040132,0.159443,0.257065,0.160778,0.184266,-0.406525,0.096794,0.049506,0.011302,0.121356,0.42735,0.015735,1.0,0.080777,0.199455,-0.170777,0.182704,-0.084937,-0.148457,0.296552,0.319525,0.13124,0.077608,0.051485,0.033841,-0.036207,-0.048652,-0.047886,0.069251,-0.196113,-0.038015,-0.203025,-0.02275,0.120292,-0.558018,0.087111,0.092794,0.373807,0.395586,-0.177115,-0.023065,0.065647,0.144892,-0.197163,0.01799,-0.1177,0.247257,-0.009435,0.16005,0.160519,-0.014993,0.060099,-0.211386,-0.092904,0.100876,-0.000544,-0.16199,-0.106951,0.143243,-0.133506,-0.028906,-0.004719,0.11824,-0.326412,0.218384,0.293416,0.400793,-0.043355,-0.185352,0.028204,0.034833,0.282839,0.094145,0.025048,-0.072767,0.085759,-0.054545,-0.174867,0.242075,-0.307578,0.122168,0.055299,-0.160156,-0.079148,0.063406,-0.027043,-0.181258,-0.068989,0.575088,0.123571,-0.12584,0.23995,-0.075823,-0.021782,0.145246,-0.172468,0.141596,-0.085311,0.327865,-0.042026,0.17245,-0.088021,-0.116086,-0.256149,0.047907,-0.071181,0.102726,0.028208,-0.113029,0.022237,0.039573,0.242661,0.00348,0.259341,-0.401234,0.141596,-0.207459,-0.20494,-0.026556,0.021253,-0.076778,-0.046477,0.058512,-0.118423,0.071622,0.082784,0.202113,0.026533,0.098018,-0.077452,0.051155,-0.095796,-0.030938,0.063786,-0.092403,-0.132479,-0.065419,0.00764,-0.056677,-0.28269,0.05185,-0.228231,0.159802,-0.034182,-0.003826,-0.340548,-0.002184,0.058195,-0.052512,0.1341,-0.058821,-0.181202,0.363979,0.056994,-0.03576,0.14455,0.146076,-0.237518,0.120073,0.095487,0.299663,-0.052741,-0.042035,-0.140165,0.175831,0.089654,-0.133073,0.023674,-0.03449,0.113982,0.079677,-0.088371,-0.155099,0.256962,-0.070761,0.338833,-0.138118,-0.011079,-0.105292,0.05489,-0.022837,0.28369,0.423271,-0.141361,-0.325389,0.127673,-0.227982,-0.085008,0.224914,-0.206579,-0.291756,-0.001219,0.035662,0.058249,0.198317,#
18,0.356539,0.740608,-0.156581,-0.157326,6.7e-05,0.381963,0.49734,0.227451,-0.070637,0.299632,-0.001689,0.129158,0.02684,0.26356,0.407163,0.143826,0.04948,0.080777,1.0,-0.1372,0.450071,0.067979,0.05332,-0.110974,0.02782,-0.048502,0.015088,0.155601,0.085771,0.205059,-0.380353,0.003471,0.061823,-0.077519,-0.09724,-0.0117,-0.038027,-0.086631,-0.00689,-0.047295,0.348226,0.481659,-0.193212,0.299442,0.394226,0.000649,0.040331,-0.230728,0.120195,0.237644,-0.01354,0.006786,0.33709,0.199889,0.292917,0.20734,-0.032115,-0.390346,-0.423803,-0.194719,0.183284,-0.241932,-0.099422,0.296024,0.060248,0.279374,-0.121464,-0.022033,-0.222685,-0.407743,0.129365,0.02153,-0.18542,-0.043765,-0.072923,-0.026078,-0.337728,-0.152845,0.057674,0.158211,0.045171,-0.293136,-0.134805,-0.070538,-0.056748,-0.187217,-0.09433,-0.083162,-0.0429,-0.180587,-0.399518,-0.391105,-0.084636,-0.202905,0.057103,-0.158112,-0.11801,-0.259804,0.242106,-0.25789,0.386003,0.321751,-0.229732,-0.446983,-0.49272,0.052151,-0.119077,-0.11492,-0.174014,0.038992,0.031662,0.287665,-0.254335,-0.163188,-0.082165,0.322586,-0.08392,0.042846,0.19089,-0.149618,-0.248401,-0.242673,-0.344123,-0.216095,-0.335505,-0.236099,0.000166,-0.109998,-0.42764,-0.131158,-0.241048,-0.229328,-0.198999,0.148487,-0.354648,-0.14831,0.073986,-0.006154,0.03394,-0.315396,-0.281879,-0.219935,-0.228361,-0.047815,-0.167113,-0.255768,-0.290684,0.201314,-0.340885,-0.210549,-0.192609,-0.029851,-0.151481,-0.203632,0.178277,-0.126106,0.283662,0.148282,-0.306163,-0.063126,-0.240445,0.081986,-0.16443,-0.281098,-0.063054,0.189071,0.314498,0.077334,-0.103984,-0.3486,0.168115,0.295759,0.005607,0.04339,0.222723,-0.271658,0.070484,-0.032984,0.36018,-0.256257,0.035093,0.28695,0.040115,0.22912,0.510986,0.070429,0.413218,-0.034991,0.032056,0.295538,-0.236541,-0.021004,0.284161,-0.080386,-0.528481,-0.139565,0.557776,-0.308416,-0.152831,0.203297,#
19,-0.245407,0.007346,0.037224,-0.185106,-0.245083,-0.229289,-0.335892,-0.020522,-0.193052,0.175682,-0.469345,0.052901,0.029724,0.150376,0.115308,0.018992,0.016744,0.199455,-0.1372,1.0,0.343258,0.182209,-0.062933,-0.001338,-0.105716,-0.268311,-0.084453,-0.246837,-0.250959,-0.136376,0.365524,0.415887,0.424331,0.383664,-0.165968,-0.465313,-0.060747,-0.018299,-0.276647,-0.310023,0.128515,0.081973,-0.036234,-0.11755,-0.273049,-0.223086,0.15807,0.19564,0.080438,-0.235728,-0.089414,-0.203427,0.436061,-0.177414,-0.367142,-0.16657,0.045247,-0.286455,0.365779,0.13622,0.172399,0.032554,-0.225087,-0.411504,-0.013505,-0.068538,-0.109046,-0.313191,-0.256299,0.366554,-0.387553,0.100876,0.20522,-0.097687,0.022881,-0.747621,0.249105,0.167124,0.556755,0.320408,0.405794,0.166981,0.18888,-0.120073,0.295177,0.524043,0.139426,-0.170172,0.316963,0.057783,0.405613,0.423332,0.228267,0.336508,0.08832,0.3645,0.054198,0.312597,0.228116,0.354085,-0.428426,0.069437,0.135904,0.359984,0.433256,0.546049,-0.024965,-0.24244,0.223716,-0.197526,0.372192,-0.22939,0.11674,0.36503,-0.039247,0.266118,0.23164,0.007894,0.208501,-0.336779,0.292866,-0.122375,-0.128995,0.251388,0.017717,0.338415,0.357652,0.102647,0.363921,0.595151,0.644806,0.293071,0.37552,0.036073,0.43352,0.236239,-0.01794,-0.024991,0.207699,0.213252,0.157046,0.04703,0.028836,-0.121847,-0.130843,0.326663,0.351357,-0.511437,0.068386,0.256758,-0.024585,0.208097,0.433387,0.085582,0.018954,0.354799,0.40912,-0.114915,-0.035313,0.073289,0.137834,0.295681,0.274856,0.012928,-0.012981,0.252178,0.278538,-0.044361,0.149225,0.186981,-0.661534,0.030086,-0.179385,-0.006717,-0.474451,0.144856,0.168662,-0.545137,0.139247,0.226978,0.049207,-0.242146,-0.221864,-0.320605,-0.417425,-0.227533,0.344524,0.364454,-0.199671,-0.155857,0.094679,-0.211168,-0.585362,-0.036416,0.270462,-0.503952,-0.440478,0.133741,0.384672,0.112501,#
20,0.253892,0.387604,-0.096663,-0.128802,-0.418594,0.101573,0.008569,0.170011,-0.300254,0.120441,-0.136944,0.237339,0.155338,0.416944,0.349721,-0.00898,0.00845,-0.170777,0.450071,0.343258,1.0,0.116798,-0.266668,-0.044553,-0.144967,-0.125301,0.015676,-0.207837,-0.090543,-0.033043,0.28522,0.38281,0.247512,0.396044,-0.4027,-0.128912,-0.052691,0.047754,-0.115124,-0.202342,0.348143,0.286142,-0.374575,-0.072667,0.2334,-0.2946,0.069407,-0.279796,0.088352,-0.255553,-0.059121,-0.178041,0.452218,-0.196894,-0.164579,-0.038511,-0.099358,-0.315804,-0.300431,0.000108,0.182473,-0.073242,-0.106391,-0.004131,0.225031,0.032488,-0.546772,0.004449,-0.008415,-0.113513,-0.29912,0.295248,0.096262,-0.161559,-0.211105,-0.459317,0.122174,0.22499,0.32401,0.243621,0.429228,-0.268855,0.166231,-0.152592,0.163449,0.024137,-0.049278,0.156177,0.252903,0.092404,0.032258,0.027865,0.076777,-0.007212,0.240134,0.117005,-0.151204,0.061347,0.32387,-0.080395,0.201058,0.277713,-0.006685,-0.067419,-0.109233,0.000102,0.128497,0.000518,0.007596,-0.260984,0.123418,0.170462,-0.349423,0.119705,0.153553,0.317186,-0.169326,0.155399,0.170028,-0.150584,0.092582,-0.128971,-0.251434,0.044268,-0.403073,-0.104053,0.036915,-0.269541,-0.201448,0.33035,0.072705,0.119106,0.252124,0.171268,0.069458,0.201415,0.307927,-0.160758,0.16913,-0.195776,-0.022802,0.163905,0.166841,0.069442,0.094508,-0.017996,0.239439,-0.209072,-0.278228,0.030286,0.151797,0.015848,0.169718,-0.107122,0.206616,0.214932,0.295865,-0.273005,-0.291635,-0.154817,0.069728,0.035426,0.306589,-0.380278,-0.197298,-0.02099,0.230937,0.295319,0.175477,-0.185317,-0.296182,0.302801,0.01712,0.057159,-0.237884,0.10298,-0.136618,-0.325689,0.062769,0.178808,-0.296565,-0.033162,0.000385,-0.040961,-0.07619,0.148716,0.176402,-0.302354,-0.043598,0.296178,-0.197227,-0.19239,-0.156503,-0.16493,-0.026066,-0.183482,0.197494,-0.303715,0.013785,-0.167603,#
