0,1.0,0.263299,-0.216786,-0.036584,0.301585,0.33032,-0.067935,0.149104,-0.273481,0.128506,-0.099978,0.14744,0.66483,0.338764,0.05862,-0.059415,-0.029474,0.056558,-0.320832,-0.037496,-0.027124,0.591891,0.262659,0.144393,0.043952,-0.101516,0.072019,-0.307015,0.33021,-0.003,0.290687,0.012886,0.129539,-0.288254,-0.156392,0.106546,-0.024037,0.031677,0.125634,-0.479264,-0.100151,0.054493,-0.111704,-0.013645,-0.144882,-0.086989,0.215694,0.223176,-0.266775,0.023995,-0.012611,-0.178556,-0.112988,0.004997,-0.087336,0.122522,-0.049669,0.085134,0.363032,0.337955,0.570332,0.033506,-0.42026,-0.329587,0.099061,0.146084,-0.110087,0.406667,0.217492,-0.146651,0.056327,0.208623,-0.411425,-0.045232,-0.679488,0.373199,0.053071,-0.112329,-0.453714,-0.123695,0.042331,-0.199758,0.113824,0.141094,-0.122697,-0.131532,0.208735,0.034743,-0.127794,-0.43109,-0.068383,-0.380013,-0.136774,0.211938,0.146764,0.124449,0.048663,-0.289245,-0.040968,0.023844,0.149091,0.028609,0.02377,0.035827,-0.027713,-0.281393,-0.147422,-0.129426,-0.444316,-0.100226,0.167791,0.008586,-0.197222,-0.149852,-0.03347,0.095976,-0.306848,-0.321183,0.217483,-0.093793,-0.20063,-0.198375,0.227584,-0.221311,-0.040187,0.213637,-0.003847,-0.073702,0.400391,0.354298,-0.372344,0.113429,-0.283237,-0.018104,-0.472501,0.001793,-0.100151,-0.316983,0.440332,-0.109709,-0.062382,-0.146077,-0.150672,0.154025,-0.032971,0.071998,-0.138021,0.133043,-0.282893,-0.46423,0.051341,-0.307558,0.038213,-0.126524,0.127013,-0.038767,0.285651,0.293946,-0.223036,-0.479286,-0.118078,-0.4183,0.007139,-0.258338,0.071455,0.447492,-0.079612,-0.12895,-0.26219,-0.256307,-0.022505,0.120518,-0.283882,0.076305,0.055424,-0.596402,0.016039,0.097474,0.359576,-0.059124,0.162357,-0.354836,-0.094953,0.207144,0.309314,-0.296472,0.288279,-0.108182,-0.284582,0.129859,0.191752,0.197701,0.225005,-0.030479,-0.021683,0.040234,-0.00639,-0.224768,0.365082,0.196676,#
1,0.263299,1.0,0.368357,-0.13567,-0.131566,0.208556,0.322765,0.035871,0.319262,0.079632,-0.379985,-0.259089,0.391476,0.292768,0.303663,-0.342735,0.047618,0.333687,-0.105726,0.053158,-0.276446,0.216267,0.521647,-0.090498,-0.03682,-0.220142,0.316819,-0.260687,-0.048848,0.159313,-0.366578,0.073083,0.272471,-0.082152,-0.16751,0.398758,0.442813,-0.107081,-0.112021,-0.310451,-0.132943,0.26065,0.131668,0.232981,0.488648,-0.534329,0.276626,-0.047001,-0.005489,0.350956,0.030022,-0.427304,0.056533,-0.324408,-0.154235,-0.309624,-0.004253,-0.52064,-0.116457,0.051886,0.394317,-0.023682,-0.213735,-0.029605,0.0697,0.216431,-0.168328,0.374546,0.354412,0.037275,0.068134,0.023552,-0.034022,-0.437461,-0.426453,0.356843,-0.068645,-0.524386,-0.195612,-0.183723,-0.069886,-0.450119,-0.134602,0.081516,-0.381813,-0.216864,-0.372572,-0.198388,-0.199479,-0.510449,-0.131208,0.039455,-0.53362,-0.026884,-0.176332,-0.134933,0.260124,-0.055028,-0.152101,0.114053,-0.068417,-0.040962,-0.21323,-0.20574,-0.440599,-0.189356,-0.371956,-0.105824,-0.514054,-0.331863,0.302919,0.44147,-0.170058,-0.211293,0.016241,-0.122187,-0.209152,-0.800611,-0.0504,-0.543742,-0.280022,-0.480097,-0.413957,-0.307346,-0.194764,-0.226953,-0.04409,0.173166,-0.065178,0.31075,-0.142595,-0.282827,-0.392289,0.181398,-0.276298,-0.056924,0.089298,-0.212238,0.307198,-0.533034,-0.285822,-0.268896,-0.401669,-0.249095,-0.163488,-0.097128,-0.232949,0.381131,-0.076248,-0.193884,-0.24306,-0.542636,0.130372,-0.374941,-0.297448,-0.463753,0.296788,0.54487,-0.154621,-0.342802,0.308292,-0.227857,0.361545,0.04646,-0.068221,0.382257,-0.132048,0.251877,-0.283021,-0.134105,-0.08283,-0.027975,-0.219063,-0.286806,0.293073,-0.006587,-0.049617,0.495309,0.589941,-0.573627,0.421681,0.044154,-0.227278,0.107729,0.043544,0.02649,0.22427,-0.100914,-0.573077,0.369181,0.211115,0.303659,0.27877,0.362565,-0.123991,0.281064,0.196272,-0.173082,0.375201,0.010917,#
2,-0.216786,0.368357,1.0,0.322386,-0.307998,-0.048712,0.1033,-0.160162,0.304176,-0.23185,-0.208973,-0.150831,-0.216864,0.009794,-0.023586,-0.22951,-0.075991,0.485947,-0.112469,0.373998,0.067857,0.054808,0.203149,-0.009854,0.280445,-0.107619,0.401463,0.27608,-0.240548,0.064237,0.047404,0.200279,0.202234,0.214329,0.295446,0.126402,0.492119,-0.24805,-0.210858,-0.008978,0.046665,0.277669,-0.016245,0.022011,0.167836,-0.248763,0.048689,0.25694,0.386937,0.031048,-0.044512,-0.012206,0.041064,-0.099522,-0.114784,0.003124,0.051395,-0.469563,-0.313257,0.007652,-0.307171,-0.396876,0.143543,0.113996,-0.155032,-0.048389,0.170332,0.157053,-0.073482,0.488488,0.465883,0.356408,0.170989,-0.108923,0.210776,-0.33385,0.036067,-0.401419,0.144776,-0.333586,0.409684,0.022903,0.114997,0.014423,0.094588,0.268746,-0.239501,0.087464,0.197628,-0.057479,0.258528,0.156484,-0.152006,0.071928,-0.091051,0.016385,0.369783,0.059427,-0.047562,-0.17265,-0.318761,0.203258,0.099754,-0.027426,0.046063,-0.03603,-0.14672,0.083358,-0.343425,0.239604,0.464636,-0.082437,-0.063011,0.190487,0.473989,-0.094084,-0.005882,-0.366872,0.083362,-0.119019,0.036043,0.020098,-0.130098,0.02238,0.165237,-0.296148,0.121071,0.367921,-0.071508,0.037391,0.498297,-0.217597,0.039599,0.010805,0.363409,0.243056,0.046665,0.338458,0.280701,-0.099219,0.055899,0.106717,-0.011547,-0.275491,-0.06782,0.261811,0.041306,0.032053,0.390492,0.146261,0.007159,-0.096408,0.305322,-0.032191,-0.010073,0.078859,0.040577,0.117712,0.09528,0.196224,0.341759,0.129029,0.097484,0.14978,-0.191879,-0.139592,-0.029946,0.112381,0.318046,0.292431,-0.162177,-0.062929,-0.197547,-0.003285,-0.349712,0.27287,0.046065,0.252482,0.135744,-0.584835,0.168774,-0.149751,-0.388695,0.266599,-0.157496,0.096335,-0.095679,0.373433,-0.29779,0.04255,0.50624,0.154627,-0.078338,0.196348,-0.255103,0.343209,-0.207817,0.101755,0.323296,-0.145116,#
3,-0.036584,-0.13567,0.322386,1.0,-0.14391,-0.057956,-0.17296,-0.319384,-0.232093,-0.104813,0.165381,0.177093,-0.227612,-0.198821,-0.21685,0.003233,-0.072665,-0.034033,-0.124854,0.392539,0.265541,0.048524,-0.170718,-0.041011,0.253143,0.008219,0.011488,0.324401,-0.031482,-0.153888,0.408272,-0.009134,-0.017337,-0.019637,0.122653,-0.227419,-0.042233,-0.042508,-0.429124,0.211839,0.027215,0.212978,-0.26822,-0.036113,-0.066287,0.305504,-0.098806,0.150917,0.137403,0.005022,0.139166,0.450786,0.012869,0.182566,-0.105105,-0.068843,0.359354,0.059548,-0.038682,0.296454,-0.288304,-0.388719,0.09415,-0.207353,0.268197,-0.266939,0.18244,0.265362,-0.079446,-0.123909,0.238476,0.099236,0.168462,0.223088,-0.11544,-0.339105,0.049735,-0.076032,-0.021248,0.01734,0.556026,0.39031,0.340494,0.197843,0.118825,0.105274,0.303451,0.074669,0.032485,-0.201426,0.261551,0.000592,0.391281,-0.270855,0.287219,0.084395,-0.001306,-0.118111,-0.242119,0.154498,-0.08066,0.366216,0.2351,0.156487,0.22332,0.300182,0.031035,-0.088988,0.163089,0.258647,-0.158577,-0.080493,-0.051934,0.3744,0.162711,-0.038668,0.242712,-0.022171,-0.086712,0.260805,0.044947,0.09423,0.395341,0.08967,0.021617,0.078384,0.104118,0.149537,-0.052161,0.217805,0.140297,-0.025201,0.064351,0.183316,0.35323,0.246716,0.046766,0.167136,0.34527,0.252785,0.101392,0.129767,0.054837,0.30419,0.476018,0.288028,0.11058,-0.396501,0.252182,0.349806,0.22102,0.019705,-0.016553,0.343374,0.0,0.278933,-0.405569,-0.026726,-0.080431,0.201276,-0.224492,-0.101589,-0.112482,0.114255,-0.229671,-0.457646,0.002612,0.032151,0.340728,0.103194,-0.396045,-0.006859,0.329179,0.001802,-0.558152,0.275683,0.054187,0.209463,-0.40405,0.187822,-0.335872,-0.159297,-0.15125,0.11418,-0.013715,0.174845,-0.111879,0.160343,0.370038,-0.309665,0.289711,-0.160248,0.055141,-0.324253,-0.086927,-0.016437,-0.413636,0.279753,0.080277,-0.213773,#
4,0.301585,-0.131566,-0.307998,-0.14391,1.0,0.015816,-0.347019,0.038817,-0.513816,-0.277535,-0.043493,0.203613,0.054388,0.118033,0.095504,0.275539,0.040752,-0.035467,0.02052,0.055462,-0.092083,-0.105056,0.019004,-0.11737,0.161345,0.188268,-0.531462,-0.103181,0.124737,-0.186554,0.10238,-0.178819,-0.117597,-0.328463,-0.152489,0.062175,-0.302692,-0.172215,-0.07678,-0.142541,-0.129188,-0.310588,-0.069093,-0.086733,-0.098496,0.260856,-0.232739,0.215264,-0.242031,-0.010835,0.53536,-0.086923,-0.104032,-0.144973,0.381888,0.305579,-0.274457,0.102649,0.147618,0.012075,0.074655,0.267495,0.004158,0.020877,-0.08709,0.27685,0.055118,-0.149716,-0.1007,0.201931,-0.135762,0.106121,-0.034792,0.221175,-0.276708,0.356558,-0.055693,-0.193568,-0.19847,-0.029219,-0.083598,-0.107775,-0.098921,0.241103,0.122403,-0.21181,0.125916,-0.04297,-0.181555,-0.036747,0.208993,-0.133178,0.142244,-0.200175,0.044631,-0.074935,0.119123,-0.387624,0.027101,0.257824,0.363791,-0.206921,-0.223657,-0.176711,-0.275826,0.101915,0.307592,-0.043657,0.12427,-0.221194,-0.107834,-0.453451,0.016936,-0.039842,-0.147283,0.063223,-0.184353,0.189299,0.115147,0.072796,-0.111519,0.055696,0.443344,0.217674,-0.012995,-0.354978,0.403108,-0.067808,-0.061175,-0.027694,0.004117,0.26089,-0.057357,0.051045,-0.276359,-0.019307,0.096468,-0.381567,-0.13471,0.134173,0.077513,-0.108452,0.147945,0.197016,0.027138,0.236386,-0.002638,-0.151499,-0.210746,-0.38078,-0.218415,0.068529,-0.515179,0.125254,-0.288467,0.056651,0.065543,0.038771,0.034079,-0.141647,-0.275489,-0.224509,-0.037696,-0.048854,-0.087379,0.056361,-0.114547,0.139261,-0.116683,-0.123098,0.094473,0.079833,0.120176,0.103643,-0.009166,-0.201916,-0.011888,-0.15462,-0.050718,-0.022045,0.110638,-0.256543,0.166736,0.117579,0.042193,-0.39012,0.070228,-0.09464,-0.232059,-0.059931,-0.21408,-0.030169,0.115399,-0.10726,0.224964,-0.384589,0.21794,0.02032,-0.211051,0.272249,#
5,0.33032,0.208556,-0.048712,-0.057956,0.015816,1.0,0.011191,0.029609,-0.340255,-0.171062,0.354303,0.042019,-0.063357,-0.179969,-0.005686,0.100769,0.315962,-0.050716,-0.332059,-0.099311,-0.214837,0.465283,0.217842,0.154073,-0.242676,-0.448161,0.034491,-0.364683,-0.092309,-0.438734,-0.156431,0.26021,0.127117,-0.078907,0.008325,-0.015172,-0.072149,0.189546,0.118568,-0.101737,-0.016882,0.242709,-0.134472,0.295852,0.300254,0.121003,-0.088579,0.222932,0.102405,-0.171676,0.058188,-0.081733,0.109497,-0.172052,-0.041552,-0.175804,0.110586,-0.14557,-0.000799,-0.171676,0.207053,0.216656,-0.365257,-0.151192,0.103497,-0.121376,-0.347099,0.132359,0.364311,0.221326,-0.340005,0.376061,0.267544,0.074784,-0.443398,0.006361,-0.55669,0.06251,-0.509937,-0.142104,0.353935,-0.287275,0.018192,-0.28074,-0.054666,-0.065184,-0.058481,-0.270782,-0.273653,-0.395554,-0.026696,-0.23202,-0.09287,-0.132344,-0.209463,-0.072549,-0.086486,-0.176415,0.049849,0.103361,0.023453,-0.103442,0.067,-0.151085,-0.096095,-0.404705,-0.104356,-0.094559,-0.517344,-0.160769,0.087449,-0.133407,-0.158853,-0.104566,-0.248073,-0.367181,-0.634531,-0.071278,0.053011,-0.190735,-0.277178,-0.281357,0.164558,-0.435982,-0.262025,0.005644,-0.193049,-0.048171,0.023668,0.46654,-0.081879,0.040035,-0.013748,-0.166103,-0.112763,0.145383,-0.026871,-0.174072,0.144612,-0.289424,-0.388052,-0.286017,-0.467137,0.341652,0.043757,-0.089791,-0.239615,-0.033121,-0.123936,0.004688,-0.058301,0.037655,-0.148887,-0.002159,0.141516,-0.383201,-0.166862,-0.001148,-0.415557,0.096321,0.190254,-0.170417,-0.038064,0.346802,-0.362663,0.388342,0.112702,-0.010824,0.043997,-0.371249,0.296437,-0.326486,-0.36551,0.105664,0.164952,-0.261462,-0.043788,0.163885,0.080342,-0.027553,-0.010475,0.037595,0.09319,0.117065,-0.010133,-0.044716,-0.209662,0.045187,-0.19574,-0.085136,-0.109235,0.043997,0.206298,-0.109767,0.200975,0.19111,0.095838,-0.227384,-0.001096,-0.024408,#
6,-0.067935,0.322765,0.1033,-0.17296,-0.347019,0.011191,1.0,0.259797,0.296285,0.355306,-0.006889,-0.288042,0.141283,-0.159264,0.280393,0.007214,-0.131566,-0.254062,0.033525,-0.275838,-0.458825,0.097099,0.155445,0.044759,-0.184312,-0.022865,0.266217,-0.244878,0.179333,0.0319,-0.365848,-0.175776,0.018175,0.230027,-0.099813,0.212576,-0.085371,-0.074332,0.234825,0.012078,-0.443671,0.213035,-0.152583,-0.39555,-0.002071,-0.172876,0.037642,-0.172326,0.083525,0.080628,-0.283711,-0.200878,-0.219054,-0.176132,-0.014796,-0.209775,0.203242,-0.115627,-0.299956,0.05681,0.3057,-0.369637,-0.172147,0.350702,0.178689,0.124554,0.206823,0.000613,0.476378,-0.233497,0.121656,-0.069464,-0.080751,-0.720893,-0.050174,0.218912,0.062645,-0.324878,0.047268,0.055229,-0.274936,-0.275079,-0.396179,-0.288249,-0.030932,0.179359,-0.194917,-0.043602,-0.365614,-0.31241,-0.26083,0.028729,-0.299148,0.051843,-0.058545,-0.277601,-0.000442,0.143371,0.057846,-0.160021,-0.058541,-0.15706,0.13293,-0.160696,-0.235652,-0.326226,-0.460543,0.212238,-0.459873,-0.133302,-0.081718,0.368058,-0.171558,-0.308904,-0.237047,0.030776,0.196758,-0.280496,-0.272499,-0.114845,-0.054736,-0.147459,-0.262187,-0.302252,-0.168061,-0.046777,0.143964,0.492892,-0.133327,0.024199,-0.203943,-0.748888,-0.420576,0.260194,0.060021,0.093595,-0.209062,0.02464,-0.117408,-0.427269,0.13356,0.088115,-0.201249,-0.10396,-0.005108,-0.234275,-0.125699,0.787749,-0.070455,-0.001844,-0.092783,-0.212996,0.10565,-0.494456,-0.132145,-0.229707,0.013713,0.093253,-0.23487,-0.207657,0.312232,0.168193,0.189446,0.054682,0.019379,0.026948,-0.199885,0.036372,-0.24757,0.349186,0.477804,-0.166595,-0.14655,-0.121305,0.212999,-0.043919,0.093595,0.127919,0.051561,-0.051982,0.477979,-0.05633,0.070837,0.241446,0.319421,-0.001531,0.036924,-0.050154,-0.138081,0.421268,0.051097,0.291462,-0.126379,0.34005,0.007693,0.271861,-0.044278,-0.265323,-0.053322,-0.308094,#
7,0.149104,0.035871,-0.160162,-0.319384,0.038817,0.029609,0.259797,1.0,-0.018873,0.084779,-0.050715,-0.267146,0.228429,0.121558,-0.191086,0.268354,-0.286462,-0.209558,-0.033603,0.008889,0.057285,0.052577,-0.130137,0.485468,0.14015,0.159092,-0.048124,-0.538637,0.12104,-0.006496,-0.095249,-0.143681,0.468645,0.287532,-0.144065,-0.115132,0.07637,0.161549,0.49341,-0.325095,-0.131454,0.152531,-0.215535,-0.023161,-0.465805,-0.185474,0.208168,-0.203454,0.127944,-0.25134,-0.328226,-0.115493,0.059964,-0.00994,-0.062168,0.073043,0.28854,-0.186847,-0.334045,0.327738,0.251748,-0.021966,-0.329964,0.057742,-0.063142,0.066311,0.249596,0.063637,0.16962,0.006907,0.12257,-0.083842,-0.211499,-0.103983,0.061429,-0.023443,0.100386,0.293374,0.147167,0.14522,-0.085214,0.047773,0.232312,0.065874,-0.035584,0.106613,0.122058,0.282485,-0.027388,0.130448,-0.292386,0.038123,-0.195695,0.138851,-0.158669,0.197259,0.289485,0.283824,0.395109,-0.057905,0.160581,0.14108,0.115727,-0.025813,0.201025,0.110685,-0.020777,0.150258,-0.182612,-0.337373,0.143628,0.014035,0.185167,-0.039111,0.182494,0.247209,0.134384,0.033276,-0.034124,-0.006042,-0.097004,-0.250938,0.105219,0.070399,0.114098,0.118589,-0.020194,-0.137201,-0.200484,0.137058,-0.165041,-0.107502,-0.046416,0.023372,-0.074069,0.148598,0.334752,0.275101,-0.074037,-0.203235,0.387769,0.159549,-0.016805,0.246175,-0.141823,-0.291876,0.184705,0.202269,0.105245,-0.378529,-0.059725,0.243154,-0.041531,-0.036747,-0.117062,0.04608,0.462051,-0.142139,0.039221,0.051741,0.029721,0.412521,-0.022315,-0.217396,-0.044459,-0.088931,0.263777,-0.379594,-0.301655,0.23256,0.212675,-0.215291,-0.040737,0.101995,0.149698,0.008245,0.523509,-0.242923,0.012895,0.072189,0.335034,0.070012,0.131297,-0.046932,0.059507,0.297076,-0.075159,-0.088666,-0.039894,0.242586,-0.009359,-0.018593,-0.205549,-0.256674,-0.125458,-0.017695,0.056678,-0.354884,0.113137,-0.032918,#
8,-0.273481,0.319262,0.304176,-0.232093,-0.513816,-0.340255,0.296285,-0.018873,1.0,0.290311,-0.286307,-0.220091,0.159735,0.219183,0.073985,-0.479382,-0.052898,0.222002,0.252495,-0.374899,-0.089754,-0.039781,0.284161,0.128584,0.199672,0.178279,0.390233,0.07716,-0.103906,0.378613,-0.134643,0.171928,0.103088,0.1558,0.101632,0.284227,0.414295,-0.149632,-0.069577,-0.074409,0.112006,-0.166244,0.298676,0.091994,0.281966,-0.491127,-0.052763,-0.31081,0.02582,0.310848,-0.184425,-0.355667,0.09152,-0.193421,-0.39051,-0.011837,0.004195,-0.085506,0.105311,0.009729,0.013687,-0.262916,-0.009361,0.033319,0.135376,0.153612,0.082197,-0.060735,-0.020969,-0.021349,0.0734,-0.022323,0.01294,-0.3944,0.265013,-0.094489,0.053374,-0.109067,0.200378,-0.1265,-0.290385,-0.056348,-0.258147,-0.236349,0.01708,0.040496,-0.435347,0.038444,0.170397,0.029415,-0.23916,0.293465,-0.497508,0.05686,-0.030092,-0.238326,0.066401,0.211444,-0.013108,-0.111178,-0.096163,0.182826,0.054774,0.018089,-0.219302,-0.27871,-0.143177,0.054189,0.021402,0.066839,0.253646,0.482533,0.133807,-0.332634,-0.03009,0.10864,0.189919,-0.369823,0.034946,-0.119742,-0.047123,-0.079153,-0.457119,-0.060917,-0.114109,0.055271,0.015097,-0.018126,0.011449,-0.143304,-0.03768,-0.258147,-0.110506,0.102894,0.064734,0.021067,-0.121081,0.032063,-0.046094,-0.287994,-0.216094,0.029492,0.010975,-0.468094,-0.35258,-0.281143,-0.200541,0.368706,0.042768,0.038685,-0.112041,-0.245089,0.192712,-0.469495,-0.037557,-0.092644,0.274137,0.22737,-0.008186,-0.093534,0.277484,0.233689,0.243576,-0.349519,0.486809,-0.002296,-0.290443,0.075546,-0.077969,0.113248,-0.169937,0.313019,-0.121482,-0.125708,0.220295,0.172756,0.01371,0.332978,0.406162,-0.321685,0.254317,0.132148,-0.31548,0.05734,-0.011141,0.052343,0.122067,-0.130454,-0.089382,0.455821,-0.019625,0.063041,0.072442,0.440967,-0.200243,0.533422,0.31459,-0.026736,0.229883,-0.108256,#
9,0.128506,0.079632,-0.23185,-0.104813,-0.277535,-0.171062,0.355306,0.084779,0.290311,1.0,-0.442049,0.20468,0.335289,0.308206,0.305535,0.058495,-0.382705,-0.042831,0.099597,-0.158553,-0.22481,0.195141,0.20536,0.073073,-0.0306,-0.008488,0.408332,-0.002797,0.184625,0.39628,-0.300975,-0.169757,-0.175874,-0.146083,-0.267679,0.127463,-0.159023,-0.050801,0.274774,-0.156208,-0.034924,0.02326,-0.023818,-0.325482,-0.145783,-0.352178,0.341851,0.000748,-0.260243,0.257833,-0.370462,-0.188976,0.009498,-0.096068,0.027462,-0.15601,0.211733,-0.089845,0.041638,-0.054322,0.260557,-0.200145,-0.212459,0.055888,0.422874,0.088063,-0.216227,0.250987,0.033208,-0.520973,-0.126725,-0.367137,-0.134712,-0.152353,0.005061,0.300383,0.214632,-0.172703,0.072628,0.272156,-0.502824,-0.328436,-0.268977,-0.142905,-0.050276,-0.056783,-0.378008,-0.022048,0.018846,-0.047267,-0.215056,-0.060042,-0.150175,0.22911,0.234786,0.003041,-0.081949,0.402582,0.170494,0.136463,-0.181619,0.009501,-0.193319,0.05624,-0.166006,-0.030787,-0.513379,0.024019,-0.096524,-0.383165,-0.038348,0.382722,0.170028,-0.345089,-0.395684,-0.196562,0.022037,-0.060142,0.170115,-0.210574,0.16853,-0.17447,-0.298768,-0.325447,-0.417014,0.233516,-0.11957,-0.054551,0.125843,-0.167028,-0.240407,-0.096513,-0.476393,0.063191,-0.096466,-0.241032,-0.276553,-0.096877,0.167057,-0.346888,-0.016931,-0.365163,-0.321186,-0.46075,-0.186954,-0.163485,-0.043386,0.223842,-0.342413,-0.256513,-0.078797,-0.526977,0.064086,-0.428737,0.11324,-0.026454,0.259073,0.529129,-0.133206,-0.3744,0.229028,-0.32676,-0.014044,0.065209,0.386042,0.084238,-0.3744,-0.042122,-0.467124,0.072521,0.089497,0.233007,-0.090407,-0.096466,0.284076,-0.155847,-0.241032,0.032534,0.316623,-0.030266,0.247322,-0.112758,-0.174437,-0.380351,0.274111,0.11665,0.180312,-0.036056,-0.14913,0.215886,0.115586,-0.078654,0.040885,0.388667,-0.069725,0.068015,-0.022619,-0.174977,0.25983,0.2716,#
10,-0.099978,-0.379985,-0.208973,0.165381,-0.043493,0.354303,-0.006889,-0.050715,-0.286307,-0.442049,1.0,-0.031082,-0.299749,-0.605464,-0.143691,0.176181,0.396403,-0.341426,0.118236,-0.269406,0.053192,-0.062113,-0.355019,-0.002927,-0.097755,-0.023851,-0.434459,-0.104137,-0.008299,-0.558957,0.254524,-0.005946,-0.20956,-0.236327,0.576497,-0.274248,-0.10174,0.01946,-0.004462,0.196679,-0.059897,-0.115474,-0.198047,0.010265,-0.009129,0.685531,-0.401861,-0.081586,0.293333,-0.390528,0.195734,0.405819,0.000717,0.266772,0.059214,-0.083918,-0.042268,0.276181,-0.1878,-0.078681,-0.101589,0.064388,-0.044389,-0.069206,0.018522,-0.377363,0.026233,-0.200962,0.321277,0.078978,-0.109518,0.062352,0.325376,-0.086449,-0.071026,-0.180451,-0.240438,0.38408,-0.18064,-0.348171,0.249089,0.25488,0.019307,-0.357701,0.037677,0.19881,0.35774,-0.08924,-0.216543,0.027908,-0.117472,-0.166057,0.12832,-0.410491,-0.313925,-0.072995,-0.246848,-0.429825,-0.158405,-0.16101,0.027864,-0.050812,0.237565,0.013912,0.082303,-0.166628,0.140335,-0.077667,-0.008658,0.405151,-0.167081,-0.131633,0.016151,-0.054086,-0.034256,-0.080698,-0.020726,0.311007,-0.114692,0.417998,-0.061209,0.124932,0.261098,-0.048454,0.262487,0.100316,-0.113827,0.138224,-0.164086,0.143922,0.131573,0.026064,0.255827,0.011623,0.301014,0.311873,-0.069553,0.146503,-0.284658,0.22009,-0.110641,0.431874,0.143835,0.437016,0.177742,0.093311,-0.265024,-0.038314,0.047636,0.314026,-0.045548,0.44608,-0.004413,0.141972,-0.011831,-0.128344,-0.647827,-0.545731,-0.335723,0.388137,-0.113358,0.092765,0.102359,-0.016415,-0.407637,-0.191589,0.19189,0.1794,0.216665,0.03744,0.182071,-0.197489,0.137873,0.128652,-0.112874,0.03978,0.121401,-0.049661,-0.610441,0.518965,-0.197391,0.141158,0.685311,0.363557,-0.146839,-0.157131,-0.537017,-0.046231,0.568079,-0.251216,-0.353957,0.005897,0.114959,-0.502051,0.375585,-0.018445,0.053699,-0.129818,-0.447277,-0.165848,#
11,0.14744,-0.259089,-0.150831,0.177093,0.203613,0.042019,-0.288042,-0.267146,-0.220091,0.20468,-0.031082,1.0,0.041661,-0.061548,-0.044886,0.096157,0.21531,0.137484,-0.058831,-0.099672,0.045518,-0.098936,-0.301917,-0.325901,-0.021823,-0.183137,-0.190863,0.30245,-0.081874,-0.013933,0.13569,-0.150723,-0.117597,-0.328463,0.016156,0.232975,-0.254671,-0.122659,-0.068349,0.053688,0.34093,-0.019943,-0.092944,-0.109899,-0.207057,0.147891,-0.408808,0.39972,-0.113158,0.292831,0.026419,0.198379,0.105482,-0.078596,0.142492,-0.017621,-0.0312,-0.069707,0.10062,0.012075,-0.099135,0.345404,0.293888,-0.482045,0.170781,-0.033645,-0.163125,-0.194621,-0.270558,0.076824,0.004025,-0.106883,-0.024931,0.372107,0.026642,0.139795,-0.221409,-0.047705,-0.046625,-0.029219,0.108312,0.192262,-0.098921,-0.307994,0.11289,-0.202161,-0.031813,0.27986,-0.027861,0.115817,0.224765,0.18831,0.317199,0.143902,0.018753,0.38818,-0.044849,0.108362,0.023942,-0.034677,0.147687,0.131706,-0.230054,-0.028048,0.043544,0.129974,-0.044807,0.146572,0.260188,0.08392,-0.078569,-0.01662,0.036556,-0.046672,-0.11867,-0.097619,-0.041541,0.191935,0.286076,0.076278,0.19968,-0.101025,0.2953,0.201291,0.15471,-0.198829,-0.046479,-0.103768,0.339211,-0.020713,0.026689,0.432365,-0.070421,0.056804,0.096256,-0.223549,-0.129188,-0.18844,0.205176,0.269877,0.077513,-0.082891,-0.024445,0.046017,0.199795,0.372739,-0.002638,-0.33048,-0.211486,-0.052142,-0.052518,0.07126,-0.018394,0.125254,0.041339,0.06361,-0.11527,0.293229,-0.158194,-0.12249,-0.242219,-0.453519,-0.000338,0.242955,0.111085,0.062706,-0.114547,0.031763,0.240082,0.044561,-0.024982,0.468689,0.113022,0.113492,-0.019619,-0.001616,-0.21613,0.019919,-0.056506,0.163734,-0.222459,0.044915,-0.050637,-0.032648,0.210318,-0.19944,0.225307,0.530923,-0.084471,-0.097605,0.045065,-0.017228,0.128751,0.204898,-0.295377,-0.211327,0.211951,-0.005489,0.064569,0.285795,#
12,0.66483,0.391476,-0.216864,-0.227612,0.054388,-0.063357,0.141283,0.228429,0.159735,0.335289,-0.299749,0.041661,1.0,0.488261,0.020431,-0.283886,-0.179695,0.015204,0.0165,-0.240881,-0.208545,0.27522,0.377862,-0.048794,-0.210111,-0.086307,0.232169,-0.280643,0.132544,0.298843,0.022235,-0.064304,0.119388,-0.259122,-0.222829,0.34835,0.122468,0.029403,0.17141,-0.503893,-0.021619,0.093537,0.125143,0.007127,-0.14526,-0.378346,0.307824,-0.00026,-0.251155,0.177493,-0.252916,-0.03395,-0.101692,0.168796,0.042611,0.046686,0.092353,-0.107133,0.318967,0.497283,0.682933,-0.069366,-0.24239,-0.124139,0.128954,0.31605,-0.120785,0.317527,0.372481,-0.273706,0.217804,-0.097394,-0.624442,-0.24886,-0.414797,0.582264,0.178224,-0.082971,-0.136078,-0.282156,-0.170388,-0.259666,-0.155637,0.021042,-0.367796,-0.216444,-0.02728,0.254979,-0.269564,-0.368182,-0.198829,-0.185641,-0.427097,0.22038,0.024164,0.079999,0.152784,-0.154328,0.080081,-0.194769,0.107705,0.088103,0.071722,0.026603,-0.096787,-0.179396,-0.26238,-0.141647,-0.303211,-0.154725,0.09789,0.322018,-0.102731,-0.289164,-0.043216,-0.007003,-0.072388,-0.545558,0.074428,-0.343706,-0.085979,-0.414748,-0.137878,-0.256868,0.053083,0.197569,0.051004,0.20503,0.318808,0.09661,-0.573978,0.042698,-0.344014,0.182096,-0.430689,-0.038881,-0.269159,-0.328658,0.247515,-0.258335,-0.005798,-0.133864,-0.272524,-0.085382,0.097689,-0.011759,-0.393541,0.364288,-0.267169,-0.664393,0.143704,-0.359276,0.020641,-0.494742,-0.040838,-0.047313,0.455017,0.505677,0.028077,-0.727438,0.030518,-0.152535,0.013863,-0.206815,0.31485,0.420469,-0.313137,-0.045756,-0.517153,0.021464,-0.018597,0.267775,-0.134011,-0.059897,0.355207,-0.382671,-0.031068,0.197484,0.593756,-0.155643,0.20819,0.059427,-0.05873,0.167002,0.351977,-0.072241,0.471325,-0.328178,-0.368934,0.498593,0.166061,0.256385,0.232629,0.22342,-0.080544,-0.119413,0.296507,-0.186813,0.218794,0.3153,#
13,0.338764,0.292768,0.009794,-0.198821,0.118033,-0.179969,-0.159264,0.121558,0.219183,0.308206,-0.605464,-0.061548,0.488261,1.0,0.271532,-0.264629,-0.422181,0.365375,0.141975,-0.065059,-0.104828,0.321887,0.475325,0.356539,0.036803,0.017362,0.445276,0.194639,0.100079,0.750357,-0.131365,-0.015791,0.057065,-0.04684,-0.142792,0.315504,0.223679,-0.204684,0.37917,-0.262977,0.06141,0.193259,0.297938,0.216093,-0.061364,-0.606589,0.457852,-0.062279,-0.291134,0.01487,-0.200329,-0.226221,0.051498,0.084919,-0.146262,-0.121766,-0.044524,-0.055002,0.147571,0.319845,0.189943,-0.063236,-0.294054,0.204188,-0.000214,0.136323,-0.118454,0.333277,-0.01125,0.056209,-0.057115,0.055346,-0.408738,0.081721,-0.368032,0.121417,0.17687,-0.32219,-0.290332,0.018546,-0.156085,-0.418188,-0.116263,0.396795,-0.283104,-0.118617,-0.32809,-0.006366,-0.029197,-0.171035,0.130105,-0.224455,-0.301678,0.203075,0.150376,0.078439,0.037962,0.031044,-0.060319,0.001928,0.15934,-0.15916,-0.119717,-0.192245,-0.262855,0.180087,-0.023541,-0.191897,-0.176056,-0.240617,0.30409,0.27761,0.1059,-0.022081,-0.071993,-0.10374,-0.146564,-0.399816,0.170904,-0.443835,-0.253047,-0.371818,-0.145073,-0.10812,-0.246886,0.02543,0.0018,-0.091521,0.152522,-0.012983,-0.00541,0.062559,-0.503869,-0.168755,-0.647253,-0.173162,0.071247,0.050995,0.316324,-0.3118,-0.024419,-0.472319,-0.326193,-0.372936,-0.386714,-0.141427,-0.210615,0.013694,-0.491858,-0.437225,-0.146079,-0.456941,-0.001741,-0.337105,-0.185426,-0.042776,0.480066,0.430384,0.148869,-0.276725,0.183577,-0.206703,0.059887,-0.067519,0.249212,0.287973,-0.133135,-0.020464,-0.228752,-0.06666,-0.150067,0.148275,-0.329563,-0.34969,0.186293,-0.437689,-0.039043,0.195114,0.718477,-0.352698,0.273162,-0.05646,-0.316531,-0.256066,0.176886,0.145106,0.263722,-0.33803,-0.370323,0.350542,0.181058,0.07587,0.094926,0.305472,-0.208681,-0.080509,0.294353,-0.250959,0.407555,0.209303,#
14,0.05862,0.303663,-0.023586,-0.21685,0.095504,-0.005686,0.280393,-0.191086,0.073985,0.305535,-0.143691,-0.044886,0.020431,0.271532,1.0,-0.109674,-0.055289,0.042743,0.317861,-0.209585,-0.550903,0.158637,0.292902,0.157081,0.010128,0.002281,0.112365,0.231028,0.291975,0.21726,-0.43405,-0.16895,-0.288551,-0.072487,0.131861,0.281428,-0.085995,-0.299774,0.145727,0.10301,-0.354105,0.06678,0.305917,0.028862,0.291706,-0.076552,0.217359,-0.045626,-0.251805,0.012128,0.126029,-0.32478,-0.11738,-0.16682,0.092207,-0.457334,-0.280109,-0.095393,-0.087359,-0.265323,0.014762,-0.010096,-0.215256,0.30257,0.006074,-0.104633,-0.127334,0.038062,-0.019278,-0.260079,-0.207823,-0.211061,0.001819,-0.526312,-0.222318,0.342308,0.042254,-0.441769,-0.297142,-0.128599,-0.309715,-0.699309,-0.597705,0.151338,-0.314971,0.024543,-0.45591,-0.135988,-0.31438,-0.139979,-0.081764,-0.048091,0.020747,0.052157,-0.205986,-0.378294,-0.484718,-0.123437,-0.386288,0.168938,0.120113,-0.49944,-0.293979,-0.457275,-0.384066,0.029758,-0.332728,-0.149783,-0.303565,-0.16386,-0.185913,0.263687,-0.230248,-0.495626,-0.384632,-0.241754,-0.165681,-0.236182,-0.284103,-0.205601,-0.212886,-0.091302,-0.320245,-0.247189,-0.063299,-0.438074,-0.01616,0.124497,-0.129214,-0.32431,0.280403,-0.069424,-0.634451,0.248669,-0.329766,-0.365878,-0.131105,0.016853,0.026835,-0.281323,-0.221035,-0.185832,-0.175317,-0.235845,-0.556759,-0.157516,-0.201593,0.40393,-0.629168,-0.129548,-0.475854,-0.628497,-0.114427,-0.470423,-0.21237,-0.561944,-0.209794,0.236203,-0.391149,-0.105848,0.187541,-0.41839,0.215513,0.107066,-0.132462,0.143311,-0.283153,0.387248,-0.072725,-0.079123,0.375496,0.234641,-0.312974,-0.350854,0.526329,-0.428861,-0.365878,0.258825,0.190989,-0.278012,0.345255,-0.18019,0.189053,0.185803,0.290196,-0.458986,-0.030492,-0.151206,-0.111046,0.154798,-0.047402,0.51899,0.383008,0.445646,0.106909,0.184936,0.138961,-0.220466,-0.186218,0.201622,#
15,-0.059415,-0.342735,-0.22951,0.003233,0.275539,0.100769,0.007214,0.268354,-0.479382,0.058495,0.176181,0.096157,-0.283886,-0.264629,-0.109674,1.0,0.024932,-0.157773,-0.115769,0.121976,0.055164,-0.233485,-0.126508,-0.015612,0.171947,0.313838,-0.275685,-0.178668,0.230601,-0.115259,-0.273473,-0.3723,-0.249804,-0.039797,-0.073084,0.040416,-0.389348,0.181871,0.244095,0.245798,-0.184497,-0.243201,-0.749487,-0.102615,-0.076313,0.364805,0.065324,0.113917,-0.253813,-0.232855,0.106556,0.209311,-0.003663,0.243633,0.192258,-0.172124,-0.165155,0.172434,-0.401391,-0.232855,-0.194839,0.201158,0.212251,-0.020657,-0.053594,-0.143487,-0.247867,-0.062312,-0.163362,-0.108099,-0.10735,-0.33707,0.084419,0.391667,0.163407,-0.123145,-0.233375,0.058184,-0.18745,0.23599,-0.266814,-0.023229,0.152262,0.099639,0.345447,-0.280294,-0.060978,-0.147327,0.100519,0.129242,0.245729,0.005918,0.31616,-0.009614,-0.145367,0.400177,0.102089,0.194981,-0.047641,-0.072036,0.158913,-0.106846,-0.360808,0.012289,-0.023229,0.116008,-0.342491,0.300568,0.012282,-0.065806,-0.188577,-0.217959,0.348505,-0.127019,-0.003898,0.061964,0.100331,0.42063,0.075767,0.173601,-0.029864,0.185828,0.184579,-0.011681,0.060794,-0.00721,-0.217873,-0.174265,-0.357515,-0.121979,-0.014995,0.152262,-0.025656,-0.188013,0.082784,-0.046311,0.100441,-0.013454,-0.284394,0.055622,0.273667,-0.080871,0.106878,0.230559,0.137924,-0.016178,0.215951,-0.225096,0.033857,-0.000842,-0.100817,0.311088,-0.205512,0.223157,0.036035,0.082957,-0.14631,-0.14343,-0.152167,0.478261,0.042164,0.044612,-0.064558,0.059786,-0.454823,-0.300692,0.251709,-0.188331,0.130024,-0.09068,0.06169,-0.339586,-0.002282,0.105065,-0.269453,0.037471,-0.046311,-0.340845,-0.366086,0.351678,-0.007823,-0.109653,0.096022,-0.282448,0.024699,0.160222,-0.024959,0.265277,0.173731,-0.21379,-0.037473,-0.202016,-0.033847,-0.099272,-0.13439,-0.224713,-0.066935,-0.171071,-0.010156,-0.116193,#
16,-0.029474,0.047618,-0.075991,-0.072665,0.040752,0.315962,-0.131566,-0.286462,-0.052898,-0.382705,0.396403,0.21531,-0.179695,-0.422181,-0.055289,0.024932,1.0,-0.069926,0.252741,-0.331428,0.123257,-0.323916,-0.103042,-0.373908,0.152911,-0.136674,-0.273905,0.051023,-0.245475,-0.325352,0.074067,0.177648,0.054155,-0.141739,0.16072,0.132569,0.181737,-0.043995,-0.371349,0.028448,0.216329,-0.154191,-0.03077,0.264579,0.409612,0.292615,-0.306114,0.175692,0.03014,0.207474,0.132391,-0.035518,0.261744,-0.07928,0.035546,0.043684,-0.403557,0.037015,-0.008866,-0.086488,-0.118988,0.425857,0.381029,-0.319869,-0.097265,-0.206061,-0.371726,-0.127524,0.066369,0.032194,-0.066401,0.110224,0.36758,-0.021318,-0.167799,0.046914,-0.466622,0.165343,-0.272982,-0.28764,0.220838,-0.017877,-0.108102,-0.263932,-0.237165,-0.382398,-0.055463,-0.159242,0.01078,-0.237165,-0.058264,-0.081502,0.017821,-0.11234,-0.3665,-0.16442,-0.102655,-0.308019,-0.385856,-0.071345,0.259222,0.025749,-0.154483,-0.101489,0.021051,-0.245293,0.001284,0.185248,0.035405,0.146898,0.047265,-0.10698,-0.233746,-0.166788,0.095745,-0.059151,-0.338417,0.075656,-0.027025,0.137619,-0.16889,0.001396,0.0186,-0.01433,0.26231,-0.309417,-0.326745,-0.094884,-0.205789,0.024028,-0.085309,0.074883,0.028795,0.11283,0.083505,-0.233955,0.225795,-0.284347,0.042805,0.151131,-0.561429,0.298981,-0.003126,0.167773,0.136026,0.137513,-0.223966,0.037316,-0.020391,0.046893,-0.269491,0.222438,0.078703,0.046893,-0.055491,-0.395469,-0.372215,0.069003,-0.371009,0.228932,-0.140871,-0.087495,0.355724,0.046779,-0.04427,0.219686,0.041244,0.150686,0.074935,-0.466716,-0.171872,0.025253,0.033128,0.094247,-0.033836,-0.00109,-0.226486,0.37989,-0.18703,0.101408,-0.294086,0.055705,0.223615,0.284062,-0.053383,-0.116353,0.017635,0.361843,0.033266,-0.169439,-0.124828,0.246653,0.398713,-0.10136,0.063792,0.397864,0.337623,0.032254,-0.33652,-0.238899,#
17,0.056558,0.333687,0.485947,-0.034033,-0.035467,-0.050716,-0.254062,-0.209558,0.222002,-0.042831,-0.341426,0.137484,0.015204,0.365375,0.042743,-0.157773,-0.069926,1.0,-0.0104,0.283493,0.101652,0.140986,0.135612,0.072007,0.047954,0.171075,0.216908,0.32975,0.05559,0.238031,0.073981,0.263411,0.133277,-0.123097,0.289284,0.284119,0.306256,-0.147498,-0.093668,-0.155245,0.156599,0.135589,0.084624,0.085079,0.037151,-0.332274,0.118911,0.177761,0.280778,0.038106,0.13678,-0.308771,-0.037081,-0.2176,-0.189725,-0.203878,-0.311753,-0.326663,-0.151358,-0.254014,-0.035742,0.235916,0.213487,-0.032168,-0.14741,0.185485,-0.106844,0.272276,-0.053068,0.499089,0.142968,0.133551,-0.227831,0.235731,0.067822,-0.146129,0.226063,-0.320073,-0.103916,-0.148242,0.077974,-0.048994,0.096925,0.090754,0.143643,0.043197,-0.121035,0.215208,0.353811,0.163012,0.278027,0.256897,-0.022047,0.24355,-0.018819,0.404503,0.447629,0.01339,-0.192165,-0.255884,-0.14925,0.04672,-0.11261,0.347798,-0.219462,0.054347,-0.125675,-0.289985,-0.158283,0.210606,0.392972,0.037129,0.285922,0.198896,0.154645,0.093342,-0.001144,-0.239113,0.383773,-0.16601,0.109935,0.036714,-0.1072,0.086729,0.041124,-0.112274,0.015651,0.002314,0.237135,0.214553,0.295743,0.096925,0.022445,-0.474908,0.043058,-0.005737,0.156599,-0.11227,0.152846,0.011112,-0.057616,-0.375564,-0.186759,-0.44552,-0.3675,0.231785,0.170837,-0.315705,0.044281,-0.005695,-0.110657,-0.283827,0.543989,-0.012132,-0.200753,-0.201731,0.278974,0.332923,-0.004336,0.054869,-0.013941,-0.025516,0.081369,-0.007162,-0.066564,0.162054,0.261163,0.108579,0.250723,0.104247,-0.245344,0.00778,-0.444981,-0.121321,0.03526,0.140899,0.18695,0.030755,0.455043,-0.552815,0.073817,-0.07662,-0.380044,-0.269441,-0.183042,-0.199533,-0.019585,0.272485,-0.406852,-0.173213,0.237735,-0.108023,-0.103352,0.276957,-0.228499,0.065614,-0.027638,0.122099,0.518909,0.405921,#
18,-0.320832,-0.105726,-0.112469,-0.124854,0.02052,-0.332059,0.033525,-0.033603,0.252495,0.099597,0.118236,-0.058831,0.0165,0.141975,0.317861,-0.115769,0.252741,-0.0104,1.0,-0.441059,-0.115526,-0.304049,-0.012435,0.023516,0.16275,0.287623,-0.019031,0.383655,-0.112301,0.189469,-0.067421,0.042058,0.030212,-0.153195,0.372553,0.244284,0.20733,-0.369705,-0.07774,-0.088146,-0.1193,-0.043156,0.354282,-0.052276,-0.037689,-0.015562,-0.022861,-0.258972,0.151717,0.021448,-0.148328,0.056727,-0.080778,0.152639,0.22934,-0.007105,-0.322396,-0.072364,-0.100238,-0.02642,-0.101542,0.012518,0.069376,0.504952,-0.025239,-0.189258,0.004197,0.067717,0.136338,-0.099874,-0.108486,-0.251859,-0.003199,-0.284054,0.02097,0.21397,0.120623,0.066662,0.104257,-0.363608,-0.090484,-0.304988,-0.491366,-0.1848,-0.391291,-0.056432,-0.248087,0.074765,-0.206454,-0.066652,-0.125106,-0.141412,-0.027092,-0.230291,-0.334272,-0.275451,-0.082371,-0.19539,-0.33545,-0.206076,0.106023,0.114703,0.067084,-0.215925,-0.160608,0.117953,-0.098439,-0.183888,0.114999,0.004339,-0.016492,0.015626,0.007318,-0.205925,-0.156234,-0.325091,-0.052502,-0.013116,-0.186713,0.143184,-0.243461,-0.127075,-0.279203,-0.143896,0.096031,-0.413475,-0.039411,0.20816,-0.332968,-0.35546,0.212549,-0.12775,-0.288416,0.175521,0.115715,-0.223045,0.071371,-0.033889,-0.192973,-0.042057,-0.292788,0.198729,-0.065677,-0.263784,-0.315138,0.080094,-0.415786,0.232653,-0.41878,-0.186503,-0.473785,-0.092028,0.010814,-0.368268,-0.327897,-0.329448,-0.188187,0.171195,-0.197797,0.059268,0.026733,0.108802,0.225474,0.040014,0.102331,-0.125396,-0.132228,0.338879,-0.305343,0.091284,0.076986,0.188361,-0.027775,-0.129843,0.261571,0.023694,-0.063408,0.256476,-0.037955,-0.115145,0.012969,0.042166,0.492188,0.082067,0.036026,-0.042491,-0.277867,-0.045278,0.141544,0.066939,-0.194993,0.125556,0.298508,0.063557,0.203525,0.120315,0.351344,0.02239,-0.534345,0.118491,#
19,-0.037496,0.053158,0.373998,0.392539,0.055462,-0.099311,-0.275838,0.008889,-0.374899,-0.158553,-0.269406,-0.099672,-0.240881,-0.065059,-0.209585,0.121976,-0.331428,0.283493,-0.441059,1.0,0.336713,0.042848,-0.100579,-0.091251,0.061706,-0.101654,-0.029731,-0.056746,0.206249,-0.083893,0.147988,0.077594,0.171923,0.111896,-0.080942,-0.477433,0.062478,0.175611,-0.294189,-0.086755,0.185484,0.297978,-0.177575,0.018308,-0.199168,-0.0605,0.341145,0.231953,0.240595,-0.024644,0.074903,0.03214,0.20269,-0.114821,0.017118,0.095931,0.215198,-0.381972,-0.157072,-0.0928,-0.309737,-0.017614,0.174035,-0.097863,0.057473,-0.074851,0.193582,0.227048,-0.215309,0.129712,0.355823,0.196383,0.051026,0.35178,0.15983,-0.189171,0.314716,-0.032761,0.264982,0.248597,0.322714,0.33532,0.509949,0.492257,0.098815,0.093376,0.267896,0.128492,0.418106,0.2613,0.346485,0.05,0.249689,0.156458,0.310899,0.353803,0.358112,0.139894,0.078232,0.148166,-0.456445,0.102475,-0.040832,0.415029,0.33532,0.426692,0.095732,-0.25215,0.10948,0.055389,0.104775,-0.385421,0.069314,0.591524,0.369971,0.167673,0.062129,0.212601,-0.027106,-0.089876,0.327404,0.165496,0.154873,0.191643,0.159072,0.151282,0.053319,-0.018034,-0.152384,0.078315,0.219813,0.197583,0.320281,-0.203369,0.167738,0.036747,0.421669,0.241229,0.110879,0.293405,0.310611,-0.163449,0.095608,0.036985,0.233335,0.211416,0.608733,-0.473791,0.594772,0.07206,0.357161,0.08907,0.24125,0.418649,0.083603,0.362308,0.217336,-0.060103,0.29357,0.121218,-0.195998,0.007375,-0.316738,0.12433,-0.334225,-0.266338,0.336236,-0.20323,0.144796,0.126842,-0.308156,-0.18644,0.260644,0.202786,-0.36113,0.279517,0.230566,-0.411093,-0.143894,-0.059202,-0.044514,-0.154009,-0.284386,-0.22537,-0.448316,0.118773,0.01534,0.22432,-0.026947,-0.479549,0.364641,-0.239748,-0.504456,-0.282611,-0.051727,-0.220975,-0.598994,0.305227,0.256372,0.17274,#
20,-0.027124,-0.276446,0.067857,0.265541,-0.092083,-0.214837,-0.458825,0.057285,-0.089754,-0.22481,0.053192,0.045518,-0.208545,-0.104828,-0.550903,0.055164,0.123257,0.101652,-0.115526,0.336713,1.0,-0.339098,-0.453941,0.01865,0.361146,0.232025,-0.004192,0.160925,-0.050248,0.022547,0.556055,0.340295,0.256687,0.019731,0.132369,-0.387783,0.166774,0.133657,-0.19087,0.033302,0.482018,-0.189899,-0.060397,-0.146882,-0.266598,-0.059622,0.049004,0.019303,0.010466,-0.113875,-0.012599,-0.041659,0.278493,0.056003,0.02142,0.304718,-0.154715,0.030018,-0.024925,0.183915,-0.163098,0.092496,0.137823,-0.29783,-0.091695,-0.091319,0.055556,0.137799,-0.234849,0.068171,0.155328,0.092753,0.114613,0.503809,0.160298,-0.464033,0.217581,0.491833,0.218295,0.246616,0.205207,0.667633,0.652931,0.197883,-0.049671,-0.066526,0.288541,0.003127,0.737124,0.280178,-0.221966,-0.064108,0.207401,0.051384,0.408978,0.354148,0.273241,0.206225,0.146572,-0.029261,-0.238368,0.374383,-0.022749,0.245019,0.509894,0.286653,0.1945,0.169567,0.396154,0.291543,0.120078,-0.326937,-0.017897,0.55146,0.44166,0.314544,0.035372,0.271944,0.328703,0.485041,0.171253,0.177817,0.05275,0.527371,0.208373,0.210681,-0.326809,-0.346986,0.147526,0.212555,0.256466,0.285684,0.378194,-0.066374,0.078348,0.149977,0.253059,0.233873,0.196987,0.654225,0.125586,0.21365,0.363585,-0.072354,0.138181,0.137146,0.401034,-0.541041,0.323896,0.2159,0.084099,0.327758,0.397792,0.581764,-0.074276,0.303882,0.118969,-0.177715,0.392921,0.248782,-0.33477,0.114186,-0.031133,-0.165778,-0.049473,-0.290656,0.463864,-0.173612,0.081618,0.070609,-0.436571,-0.2533,0.397734,-0.088359,-0.54922,0.209716,0.362444,-0.267164,-0.322735,0.220749,-0.263654,0.201258,-0.182842,-0.250514,-0.243911,0.32886,-0.011932,0.361784,0.201268,-0.220877,0.094983,-0.454258,-0.32264,-0.474884,-0.311183,-0.093251,-0.225045,0.403778,0.317558,-0.207716,#
