0,1.0,0.219018,0.123486,-0.20307,0.135053,0.055469,0.062991,-0.24048,0.407394,0.100732,-0.189319,0.103749,-0.20713,0.336924,0.265293,-0.179013,-0.060108,0.053131,-0.209565,-0.033682,-0.356029,-0.367652,-0.334534,-0.093809,0.424753,-0.41207,0.148273,-0.325777,0.351259,0.189535,-0.623033,0.099174,-0.158687,-0.13436,0.116664,0.139772,0.132077,-0.132747,-0.355997,0.156507,-0.153525,-0.024003,-0.395177,-0.054453,0.302112,-0.145109,0.201358,0.133476,0.031157,0.160693,-0.178197,-0.108169,0.070997,0.201095,-0.056598,0.085351,0.158659,-0.112014,-0.242571,0.384222,0.157628,0.466699,0.387551,-0.462792,-0.262967,-0.080946,0.054227,0.03031,0.095578,-0.033456,0.007131,0.060557,0.084665,-0.028448,-0.136821,0.144486,-0.142566,-0.465232,0.108493,0.107442,0.086575,-0.248159,0.021265,-0.389227,-0.067702,-0.058126,-0.351319,-0.13033,-0.258387,-0.386764,-0.064503,-0.225834,-0.081095,0.320106,-0.068178,-0.132315,0.021387,-0.042723,-0.026531,-0.19353,-0.088959,-0.05885,-0.256592,0.116631,0.009844,-0.177627,0.275558,-0.140556,-0.058313,-0.478695,0.197768,0.0,-0.064145,-0.20785,-0.052514,-0.508538,-0.262748,-0.179287,0.135582,-0.28882,0.291871,-0.060873,-0.138213,-0.030135,0.190781,-0.12712,-0.273367,0.014971,-0.358473,0.038401,0.099209,-0.210555,-0.42634,0.026136,0.197899,0.001057,0.249754,-0.053727,0.126686,-0.056961,0.2168,-0.438365,0.274305,-0.305491,-0.156403,-0.157817,0.103392,0.346884,-0.127013,0.177903,-0.311052,0.151004,0.316103,-0.254057,0.279649,0.062405,-0.039614,0.235672,-0.056948,0.025356,-0.360155,-0.055006,0.119194,0.079999,-0.236441,0.1365,-0.117672,0.349707,0.116469,-0.447997,0.011306,0.038588,0.123763,-0.25233,-0.071974,-0.13794,0.09095,0.129686,0.283812,-0.361651,0.159048,0.060842,-0.259287,0.106822,0.131616,-0.138167,0.491076,-0.233855,-0.084998,0.295321,-0.285464,-0.086104,0.206084,0.311069,-0.240251,-0.035452,-0.265661,-0.281354,0.051826,-0.230789,#
1,0.219018,1.0,-0.329292,-0.102332,0.270451,0.144313,-0.007677,-0.22101,0.124534,0.184046,0.078088,-0.112813,0.410891,0.248548,0.088882,-0.053054,-0.182358,0.163734,-0.24308,0.029153,0.280948,0.250258,0.295903,0.023417,0.04201,-0.352313,0.479965,0.017652,0.177447,0.238848,-0.479728,-0.005786,0.121413,-0.559299,0.05492,0.008924,0.43009,-0.746994,-0.089197,0.292839,0.101437,0.590699,0.074711,-0.137608,0.162946,0.273813,-0.055535,0.525409,-0.008571,-0.213484,-0.155433,-0.663086,0.118364,-0.203929,-0.113139,-0.184486,-0.244247,0.428516,0.05144,0.314062,0.151283,0.164344,0.120857,0.111114,-0.090389,0.455227,-0.221014,0.54655,0.44075,-0.051186,-0.451511,-0.101818,0.366586,-0.295535,-0.375669,0.117091,-0.467279,-0.226108,-0.181165,-0.296091,-0.356371,-0.820635,-0.240708,-0.3555,-0.32061,-0.486773,-0.00364,-0.400455,-0.516205,-0.151498,-0.484788,-0.664054,-0.356371,-0.218817,-0.464312,-0.090847,-0.503888,-0.437677,-0.290506,-0.460962,0.043717,-0.35036,-0.349581,-0.218817,0.117894,-0.315726,-0.307915,-0.569338,-0.361793,-0.245579,0.215797,0.0,-0.49051,-0.514032,0.045881,-0.278808,-0.349581,-0.148919,-0.167121,-0.391856,-0.237674,-0.342032,-0.573625,-0.439554,-0.154314,-0.228529,-0.191661,0.212068,-0.216253,-0.467279,-0.180694,-0.35437,-0.45878,-0.087136,-0.273304,-0.374708,-0.153022,-0.164204,0.256022,-0.670569,-0.374699,-0.194214,-0.209768,-0.344951,-0.043158,-0.136871,-0.362831,0.433369,-0.607321,-0.179236,-0.555429,-0.443746,-0.234218,-0.248023,-0.153324,-0.078503,-0.244409,0.542323,-0.307556,-0.467233,-0.020021,-0.01351,-0.302003,0.155687,-0.51467,0.593361,-0.236373,-0.148715,-0.066022,-0.208894,0.094678,0.232864,-0.421042,-0.292762,0.185957,-0.563809,-0.327052,-0.151937,0.537737,-0.507582,0.759429,-0.178848,-0.3769,0.436716,0.421955,-0.582258,-0.257424,-0.127853,0.190738,0.569251,-0.464345,0.371283,0.475327,0.411816,0.071462,-0.289168,0.179372,-0.542091,-0.203706,0.22222,#
2,0.123486,-0.329292,1.0,0.374706,0.244124,0.080491,-0.044029,0.055461,0.349814,-0.164077,-0.139959,0.303696,-0.43712,-0.058165,-0.297342,-0.413747,-0.07935,0.092643,-0.0368,0.326344,-0.412469,-0.467013,-0.23954,0.177981,0.168707,-0.005281,-0.014618,-0.096294,0.110859,-0.223748,0.196505,0.304866,-0.488868,0.329472,0.021149,-0.06841,0.076201,0.066357,-0.156693,-0.242622,-0.198947,-0.018518,-0.201012,0.085624,-0.135155,0.038378,-0.032778,-0.074966,-0.018427,0.350051,0.041972,0.29356,0.079852,0.0666,-0.055977,-0.09044,-0.007037,-0.206563,-0.459525,-0.296763,0.169768,0.044472,0.06094,-0.141863,-0.019728,-0.302569,0.020548,-0.235049,-0.203483,0.388442,0.307438,0.30053,0.07718,0.12062,-0.072274,0.189758,-0.004557,0.152589,0.317633,-0.100047,0.171061,0.315668,0.102027,0.590636,0.038849,0.371507,-0.279831,0.116182,0.151485,-0.266493,0.29959,0.33575,0.333925,0.229622,-0.032543,-0.170941,0.237059,-0.102985,0.371349,0.340631,-0.283084,-0.097933,0.107927,0.236704,-0.044611,0.252442,0.358142,0.330127,-0.116085,0.010553,0.080669,0.0,0.345106,0.254932,-0.135936,0.341044,-0.044888,-0.115018,0.095264,0.305158,0.077642,0.316702,0.293158,0.027433,-0.078698,0.137787,0.268312,-0.235842,-0.276852,0.161827,0.376211,0.246835,0.024153,0.374781,0.078062,0.176252,0.232736,0.331566,-0.234282,0.360528,0.354888,0.12501,-0.238368,-0.257575,0.260408,0.140181,0.271656,-0.111654,-0.045032,-0.057419,0.127818,0.229814,0.426524,0.446761,0.388434,0.005679,-0.09985,0.044723,0.537764,0.150246,0.221258,-0.091615,0.683301,0.023069,0.319914,-0.25697,0.168319,-0.071705,0.464434,-0.150255,0.131725,0.143397,0.059655,0.232547,-0.13611,0.250487,0.233487,0.486293,-0.141521,-0.164958,-0.215612,-0.039922,0.166569,-0.350248,-0.27999,0.584959,0.00324,0.173592,-0.3643,0.047201,0.271688,-0.435629,-0.361138,-0.1044,-0.558143,-0.061738,-0.000163,0.01005,0.281657,0.178841,#
3,-0.20307,-0.102332,0.374706,1.0,0.041434,-0.076509,0.114488,0.00214,-0.114111,0.362358,-0.148651,0.096572,0.002003,-0.175061,-0.376979,0.055836,-0.191393,0.093737,-0.291863,0.456042,-0.10174,0.037453,-0.103969,0.267781,-0.316002,-0.139603,-0.275652,-0.223629,0.050646,-0.132075,0.274291,-0.14859,-0.003682,0.539434,0.079598,-0.347157,0.012506,0.194077,-0.00597,-0.101213,-0.185531,0.11627,0.078793,-0.249369,-0.002746,0.202789,-0.340732,-0.187181,0.176368,0.326367,0.126928,0.097046,0.319366,0.101731,-0.310892,-0.174109,-0.066705,0.120154,-0.100445,-0.210594,0.121145,-0.019142,0.121368,0.02331,-0.129052,-0.23114,-0.020945,-0.278186,-0.064661,0.245346,-0.117403,-0.004219,0.207311,0.276214,-0.212457,0.146439,0.064052,0.441098,0.357076,-0.09795,0.191399,0.281335,0.087791,0.300792,0.210728,0.199992,0.188574,0.126313,0.108592,-0.017581,-0.07745,0.036113,0.33509,0.142103,0.108382,-0.101349,0.056195,0.021125,0.202298,0.334334,-0.215498,0.129662,0.429099,0.336396,0.269725,0.127806,0.023152,0.15069,-0.388855,-0.114884,-0.255826,0.0,0.195218,0.312428,0.011579,0.427514,0.258593,0.035211,-0.004622,0.176343,0.342486,0.340119,0.187684,0.029086,-0.361404,0.462209,0.093223,-0.207314,0.144437,0.249698,-0.185932,0.141772,0.295586,0.429752,0.167492,0.483312,0.191099,0.191149,-0.223618,0.274187,0.265662,0.324914,0.1464,0.11042,0.553228,0.427682,0.157592,-0.222842,0.045505,-0.140538,-0.16419,-0.111618,-0.037904,0.343467,0.304879,0.358,-0.388966,0.049119,0.458296,0.240028,0.509468,0.345027,0.34104,0.206264,0.176395,-0.28349,0.058032,-0.299643,0.361096,0.401188,-0.011426,-0.31968,-0.023738,0.105637,-0.288813,0.37005,-0.045125,0.014193,-0.447368,-0.056801,-0.031586,-0.563347,0.33369,0.109646,-0.448632,0.195342,-0.198099,-0.057988,-0.147243,-0.217458,0.055213,-0.262533,-0.543738,0.010427,0.098784,-0.001766,-0.026295,-0.019015,0.00147,0.116339,#
4,0.135053,0.270451,0.244124,0.041434,1.0,-0.039632,0.349733,0.219251,0.421772,0.039455,0.073246,0.253697,0.054022,0.176301,-0.165133,0.004173,0.216777,0.079951,-0.033208,0.192527,0.041339,-0.129878,0.172026,0.063926,-0.197224,-0.262724,0.184632,0.085954,0.47742,-0.001603,-0.407163,0.051269,-0.106798,-0.268544,0.207001,0.032895,0.498089,-0.602988,-0.306007,0.004988,-0.030217,0.466884,-0.165276,-0.37303,0.298008,0.207649,0.088596,0.303819,0.357866,0.035669,0.034321,-0.498879,0.228633,-0.409993,-0.302302,-0.251855,0.041523,0.106388,0.162752,0.045152,-0.207482,0.257316,-0.203389,-0.057122,-0.082459,0.012249,0.207187,0.148246,0.262243,0.030114,-0.014705,-0.173558,0.146918,-0.353876,-0.20172,0.185248,-0.251543,-0.230958,-0.468962,-0.315191,-0.284188,-0.26958,-0.244844,0.221594,-0.118742,0.160389,-0.311659,-0.217668,0.029634,-0.291376,-0.132029,-0.256618,0.036766,-0.511593,-0.467475,-0.416076,-0.38897,-0.387788,-0.312592,-0.316793,-0.156747,-0.327026,-0.435775,-0.135687,-0.040729,-0.1886,0.001206,-0.140822,-0.359501,-0.065146,0.088249,0.0,-0.108731,-0.317686,-0.174475,0.181253,-0.265029,-0.394222,0.023785,-0.004233,0.030728,-0.283836,-0.101453,-0.620446,-0.300159,0.108484,-0.254748,0.023575,-0.10185,-0.416076,0.272557,0.013303,-0.135218,0.17244,-0.439892,-0.224536,0.143449,-0.118731,0.192607,-0.175831,-0.040396,-0.006953,-0.196804,-0.236849,-0.228326,-0.142242,0.379119,-0.009022,-0.391575,-0.226707,-0.355333,-0.05063,0.04496,-0.113292,0.18057,-0.274342,0.049089,0.393421,-0.340854,-0.232733,0.232131,-0.218946,0.028676,0.211254,-0.286332,0.152483,-0.064875,-0.097714,-0.117188,-0.070028,-0.030405,0.35631,-0.336513,-0.02865,-0.146839,-0.243058,-0.326435,0.234412,0.171436,-0.448165,0.108602,-0.077453,0.146743,-0.015194,-0.004834,-0.234206,-0.120411,-0.352095,-0.126417,-0.156079,-0.255907,0.349367,0.242968,0.104771,-0.178428,-0.051091,0.389728,-0.441824,-0.103519,0.231494,#
5,0.055469,0.144313,0.080491,-0.076509,-0.039632,1.0,0.157852,0.304311,0.453388,-0.176802,0.26525,0.188488,-0.316481,0.045637,-0.146438,-0.186089,0.044831,-0.112466,-0.001997,-0.148488,0.082896,0.094448,0.352803,-0.380092,0.351589,-0.184605,0.224967,0.218252,-0.182268,0.163349,-0.186928,0.083023,-0.104194,-0.084862,-0.407501,0.381878,0.096075,0.023513,0.052645,0.022639,0.12689,0.145502,0.21846,-0.239283,-0.328323,0.145003,0.01986,0.179765,0.015826,-0.079795,-0.163525,-0.137852,0.057078,0.006324,0.291705,0.347382,-0.551042,0.222978,-0.08459,0.216937,-0.173303,0.221153,0.180964,0.181964,-0.208985,0.157029,0.011344,0.359057,0.004333,0.22013,0.078437,-0.165977,0.270851,-0.340262,-0.184674,0.259237,-0.06114,-0.162794,0.236691,-0.189237,-0.245987,-0.319353,-0.17659,0.146041,-0.377795,0.219529,-0.270904,-0.128251,-0.008235,-0.131496,0.002001,-0.262244,-0.105347,-0.030659,-0.159453,-0.057478,0.039022,0.081885,-0.026307,-0.255775,-0.009425,-0.291191,0.156816,-0.232887,-0.090699,-0.214311,0.239121,-0.271423,0.143143,0.061889,0.024261,0.0,-0.107629,-0.363917,0.307279,-0.295156,-0.170227,-0.27555,0.225152,0.001991,0.024143,-0.268366,-0.262273,-0.243407,0.133287,-0.134509,0.340351,0.480033,-0.189115,-0.054222,0.118065,0.198877,-0.147244,-0.223065,0.279784,0.118831,0.202266,0.058323,0.120162,-0.355666,0.044059,-0.083237,-0.145084,-0.011894,-0.089362,-0.275081,-0.156537,0.242422,-0.079887,-0.275658,-0.133677,-0.046987,0.341422,-0.041455,0.001739,-0.05392,-0.125024,-0.002222,0.034772,0.12492,0.127505,0.17095,-0.255199,0.122013,0.235942,0.153688,-0.456172,-0.211039,-0.040773,-0.03238,0.05621,0.190809,0.020872,-0.193987,-0.09751,-0.266607,-0.049876,0.134764,0.129077,-0.296494,0.046814,-0.012645,-0.201684,0.197241,-0.021377,-0.097791,-0.126151,0.001193,-0.028692,0.22116,0.034012,-0.026299,0.043364,0.35637,0.196069,0.361821,0.056535,-0.211877,-0.286952,0.122785,#
6,0.062991,-0.007677,-0.044029,0.114488,0.349733,0.157852,1.0,0.313657,-0.040484,-0.00621,0.096745,-0.15455,0.007769,-0.156371,0.002765,0.132216,0.056489,0.102385,-0.036001,-0.09132,0.331032,0.099252,-0.041184,-0.116808,-0.050884,-0.076195,0.015121,0.14615,0.010451,0.149353,-0.305589,0.123126,0.42434,-0.073859,0.092034,-0.132834,0.034743,-0.04844,-0.181425,-0.030646,-0.066226,-0.055101,0.22448,-0.41282,-0.096014,0.078172,-0.156414,0.088026,0.466014,-0.061599,0.033434,-0.33456,0.016237,-0.085558,-0.018653,-0.192457,0.208552,-0.09533,-0.095196,0.03627,-0.260584,0.044181,-0.101522,0.059362,-0.283849,-0.333978,0.016356,-0.035866,-0.037586,0.321508,0.044041,-0.400818,0.282376,-0.053927,0.003304,0.208265,0.096867,-0.142931,-0.239223,-0.180588,-0.270287,0.017989,-0.021016,-0.001367,-0.194155,0.260102,-0.241418,0.04552,0.164665,-0.289624,-0.132316,-0.100397,0.092825,-0.208647,0.003754,-0.088971,-0.137688,-0.086645,-0.355679,-0.082875,0.132811,-0.305,0.004688,-0.021445,-0.092339,-0.038618,0.393492,-0.090344,-0.216208,-0.061726,-0.061997,0.0,-0.078455,-0.21522,-0.177915,0.094241,-0.182303,-0.241444,-0.127873,0.198021,0.219985,-0.232165,0.13348,-0.092245,-0.328055,0.238298,0.012151,0.363144,-0.146021,-0.220296,-0.000431,-0.12102,0.053685,0.143095,0.097953,0.128802,0.208612,-0.280005,0.029936,0.018476,0.052923,-0.037124,0.191574,-0.210745,-0.358268,-0.402181,0.063446,0.063002,-0.046686,-0.104078,-0.289756,-0.187719,0.161502,-0.208498,0.425528,-0.054075,-0.212652,0.119382,-0.302561,-0.234736,0.245296,-0.088127,-0.083671,0.160933,-0.099443,-0.016111,-0.126434,0.084799,-0.001167,-0.017057,0.040018,-0.04589,-0.156353,-0.143545,-0.252266,0.112764,-0.077209,0.189409,-0.041037,-0.372949,-0.256308,-0.017138,0.395342,0.26006,-0.3605,-0.074139,-0.092295,-0.518532,0.153436,-0.295827,-0.127333,0.166766,0.237569,0.037917,0.407228,0.341074,-0.058144,-0.207658,-0.077146,-0.472618,#
7,-0.24048,-0.22101,0.055461,0.00214,0.219251,0.304311,0.313657,1.0,0.067613,-0.259945,-0.006639,-0.102387,0.095984,0.045486,-0.145249,-0.077759,-0.202037,-0.329793,-0.077424,-0.146083,0.267804,0.260905,0.224623,-0.041645,-0.147333,0.077378,0.150683,0.214068,0.176607,-0.147245,0.172072,0.055853,0.205359,0.107967,-0.099225,0.089028,0.312208,0.253438,-0.128669,-0.359363,0.353975,0.37211,0.19243,-0.066325,-0.16344,-0.257721,0.239627,0.149211,0.17525,-0.357221,-0.358201,-0.056446,-0.163907,-0.255127,0.079852,-0.030047,-0.187494,0.047951,0.081942,0.120444,-0.684304,-0.179118,-0.570543,0.101203,0.014856,0.174803,0.455671,0.183002,0.032043,0.180354,-0.125058,-0.24583,0.285562,0.076605,-0.003805,0.060892,0.464985,-0.018287,-0.260923,0.002137,-0.260889,-0.074114,0.000222,0.129269,0.017631,0.294733,-0.192688,0.024926,0.225133,-0.202192,0.221095,0.019066,0.02494,-0.165584,0.219041,0.464985,-0.010233,0.246086,0.002139,0.000792,0.075073,-0.202011,0.263727,-0.165584,0.024926,-0.240043,0.292324,-0.035234,0.104827,0.101823,0.204423,0.0,0.020517,0.124698,0.289632,0.153793,-0.048779,-0.107082,-0.201294,0.327679,0.168974,-0.261002,0.166594,-0.306612,-0.386277,0.304014,-0.018316,0.202846,0.134222,0.156487,0.135891,0.434172,0.181778,-0.348605,0.173769,0.232785,-0.060179,0.024953,0.187629,0.185815,0.209324,0.174882,-0.20115,0.171324,-0.096067,-0.230917,-0.201776,0.035821,0.129527,-0.147234,0.211227,0.246086,0.175726,0.19634,-0.120903,-0.220452,0.337486,-0.296564,-0.125558,-0.18375,0.19414,-0.108823,0.004868,0.340193,0.051101,-0.046728,-0.220596,-0.269845,-0.165237,0.068331,-0.280732,0.129185,0.162688,0.151156,-0.30822,0.201176,-0.128621,0.034854,-0.311631,0.154446,-0.285927,0.223275,0.235169,-0.147577,-0.362788,0.203173,-0.015211,0.189676,-0.069227,-0.204268,0.233167,-0.014027,-0.034757,0.024359,0.212231,0.391328,-0.074221,0.212784,-0.192965,-0.146717,#
8,0.407394,0.124534,0.349814,-0.114111,0.421772,0.453388,-0.040484,0.067613,1.0,0.00081,-0.265305,0.389674,-0.168529,0.591221,-0.142267,-0.263332,0.0233,0.279867,0.233066,0.224792,-0.376506,-0.464865,0.279507,-0.469549,0.253406,-0.337552,0.262554,0.024999,0.133062,0.058204,-0.32527,0.16843,-0.210167,-0.072589,-0.251743,0.564951,0.304917,-0.218192,-0.326964,-0.073817,0.103798,0.298812,-0.31286,-0.101759,0.161002,-0.15666,0.421377,0.468559,0.09971,0.105175,0.030247,-0.181638,0.170123,-0.034061,-0.123159,0.327283,-0.108793,0.247317,-0.051565,0.250379,-0.272555,0.335743,0.020863,-0.15451,-0.210023,0.309508,0.368119,0.336304,0.214266,0.125567,0.255819,-0.18345,-0.088516,-0.261455,-0.249213,0.147665,-0.125532,-0.356589,0.138767,-0.135714,0.003489,-0.321284,-0.095186,0.013851,-0.017018,0.349911,-0.433589,-0.252113,-0.006764,-0.150107,-0.186381,-0.007222,-0.033341,-0.049869,-0.347193,-0.296255,-0.00234,-0.123519,0.028461,-0.319279,-0.310851,-0.348292,-0.056494,-0.057438,-0.409967,-0.146521,0.183025,-0.256062,0.159295,-0.420995,0.312242,0.0,0.152049,-0.154351,0.009225,-0.265292,-0.033051,-0.289322,0.411622,-0.245801,0.13474,-0.198934,-0.201483,-0.464233,0.237646,-0.074574,-0.050142,0.099397,-0.297115,-0.118418,0.247102,0.359447,-0.470859,0.098428,-0.088719,-0.183727,0.254872,0.320019,0.325199,-0.123366,0.217708,-0.228433,-0.181742,-0.240624,-0.066168,-0.408777,0.179582,0.403597,-0.19021,0.02852,-0.215227,0.032834,0.53522,-0.026252,0.241597,-0.065499,0.270446,0.403621,-0.116458,0.261515,-0.112081,-0.035453,0.035586,0.326436,0.153142,0.077421,-0.057127,0.026572,-0.046654,-0.050623,0.092911,0.381223,0.131797,-0.105561,-0.160995,-0.059746,0.111579,-0.008188,0.171888,-0.432236,0.253456,0.158813,-0.315474,-0.156506,0.073152,0.1133,0.250047,0.046845,-0.623823,0.167112,0.031168,-0.152871,0.119997,0.085757,-0.341364,0.168163,-0.000435,-0.289844,0.181556,0.283603,#
9,0.100732,0.184046,-0.164077,0.362358,0.039455,-0.176802,-0.00621,-0.259945,0.00081,1.0,-0.128858,-0.025734,0.128444,0.117262,-0.213567,0.42579,0.046817,0.092442,-0.136099,0.12562,-0.088872,-0.082542,0.085181,-0.196624,-0.030693,-0.149437,-0.145745,-0.431905,-0.115671,0.158662,-0.198442,-0.196552,0.121801,0.175293,0.388903,-0.087,-0.140858,-0.24391,0.004244,0.230587,-0.173577,-0.036471,0.032027,-0.088717,0.135513,0.279283,-0.036695,-0.047848,-0.14069,0.230225,0.120021,-0.179123,0.245277,0.037864,-0.064827,0.358858,0.034612,0.193242,0.084825,-0.050813,0.127367,0.075071,0.409734,0.168616,-0.480139,0.000401,0.021138,-0.216409,-0.052662,-0.17454,0.01627,-0.28163,-0.152657,-0.061029,-0.215957,-0.267739,0.181233,0.271865,0.223017,0.057707,0.028233,-0.009552,0.082565,-0.309837,0.17098,-0.163441,0.284576,0.104046,0.004788,0.108888,-0.196631,0.009354,0.333959,0.087391,-0.132624,-0.175627,-0.224988,0.078469,-0.152449,0.181897,-0.213313,0.443415,0.171092,0.28246,-0.024943,0.229897,-0.094777,0.080658,-0.10429,-0.037848,-0.297964,0.0,0.013449,0.090413,-0.114508,-0.040419,-0.004011,0.069396,0.111016,-0.079468,0.28239,0.329417,-0.083208,-0.115389,-0.039873,0.11068,-0.216232,-0.137274,0.156388,0.364552,-0.07917,0.085361,-0.154341,0.538538,-0.036934,0.190102,-0.179979,-0.298793,-0.086987,-0.00591,-0.028109,-0.179731,0.453072,0.170045,0.241976,0.160452,0.0368,-0.031223,-0.069926,0.159215,-0.32106,-0.146816,-0.311415,0.076066,0.359125,0.374426,-0.083436,0.324592,-0.001424,-0.005026,0.022084,0.178468,-0.15828,0.195439,-0.135626,-0.270563,0.17799,0.238291,0.049972,0.155143,0.097091,-0.160419,0.28246,0.004055,0.220068,0.083791,-0.175609,-0.137489,-0.293149,-0.273653,0.110693,-0.363344,0.019779,0.170726,-0.269712,-0.097354,0.226023,-0.155708,-0.011063,-0.115494,-0.249846,0.014122,-0.067304,-0.178605,0.178039,-0.044389,-0.049646,-0.021554,0.103006,-0.051002,#
10,-0.189319,0.078088,-0.139959,-0.148651,0.073246,0.26525,0.096745,-0.006639,-0.265305,-0.128858,1.0,0.293277,-0.337155,-0.512755,0.022567,-0.079929,0.503936,-0.135313,-0.029176,-0.366485,0.464966,0.347288,0.087092,0.346072,0.104265,0.223842,-0.234117,0.08193,0.265601,0.31426,-0.241222,-0.136663,-0.351179,-0.132309,0.338087,0.164092,-0.049348,-0.144049,0.231489,0.268893,-0.135299,-0.107313,0.128072,-0.285469,-0.181911,0.499131,-0.351219,-0.360624,0.272878,-0.148269,-0.054393,-0.221063,-0.170738,-0.118016,0.307593,-0.236086,-0.456601,-0.01512,0.009505,-0.289932,0.257872,-0.172729,0.181934,0.3367,0.286333,-0.138241,-0.303897,-0.256921,0.065027,-0.235479,-0.271796,0.12801,0.220315,-0.392362,0.10882,0.267628,-0.28489,0.101032,-0.141607,-0.289836,-0.30469,-0.069324,-0.542097,0.129755,-0.247363,-0.165928,-0.157829,-0.008067,-0.257739,-0.004064,-0.055314,-0.302017,-0.288859,-0.266467,-0.23875,-0.281314,-0.373493,-0.156792,-0.406536,-0.134611,0.289613,0.012815,-0.388952,-0.456739,0.010626,-0.063215,-0.148489,0.015913,-0.258494,0.519655,-0.312003,0.0,-0.305364,-0.246079,-0.23324,0.209348,-0.227278,-0.079326,-0.043455,0.305025,-0.384771,-0.128982,-0.546242,0.021123,0.10563,-0.176302,0.109619,0.00779,-0.073977,-0.098926,-0.013121,-0.355585,0.124238,-0.080986,-0.051942,0.092092,-0.210407,-0.464724,-0.081239,-0.426156,-0.382442,0.12457,-0.016939,-0.062944,-0.167886,0.031771,0.158571,-0.288609,-0.011132,-0.514781,-0.023578,-0.092947,-0.269095,-0.266276,-0.298565,-0.440461,-0.203461,-0.074635,-0.051469,-0.087288,0.313538,0.129573,-0.455679,-0.424342,-0.308597,0.08977,-0.338035,-0.031667,-0.245663,0.089304,0.170875,-0.206694,-0.388664,-0.489439,0.206704,-0.515612,-0.305258,0.289823,0.101996,0.003824,0.017088,0.069109,0.155692,0.308644,0.269217,-0.327375,-0.260067,-0.083907,0.597066,0.037699,-0.366905,0.588053,0.003656,-0.042735,0.145043,0.18536,0.514584,-0.294929,-0.353823,0.07206,#
11,0.103749,-0.112813,0.303696,0.096572,0.253697,0.188488,-0.15455,-0.102387,0.389674,-0.025734,0.293277,1.0,-0.368165,-0.050593,-0.095238,-0.081901,0.368965,-0.164871,-0.026715,0.088942,-0.189361,-0.23808,-0.048023,0.173661,0.193216,-0.023139,-0.310388,-0.018098,0.419696,0.2079,-0.231745,0.25865,-0.526163,-0.022343,-0.087645,0.368282,-0.050815,-0.012442,0.136614,0.293264,-0.08073,-0.056572,-0.118952,-0.089403,0.044566,0.273234,-0.131088,-0.249171,0.379353,0.223416,0.26138,-0.107614,-0.150791,-0.033474,0.051114,0.118319,-0.333211,-0.16956,-0.235272,-0.304214,-0.150072,0.023673,0.334207,-0.023849,-0.017294,-0.171995,0.195773,-0.281742,0.075972,-0.035166,0.208586,-0.136625,-0.102479,-0.260975,-0.156163,0.28952,-0.296036,0.001039,0.108894,-0.386242,0.139096,-0.062465,-0.007875,0.311484,-0.006079,0.041493,-0.079661,-0.281155,0.065583,-0.340761,-0.101611,-0.038179,0.109476,-0.233616,-0.267664,-0.274862,-0.250949,-0.339588,-0.034595,-0.104161,-0.191821,0.011897,-0.230406,-0.053368,-0.258619,0.226587,-0.109203,-0.156867,-0.09843,-0.174755,-0.31982,0.0,-0.061891,-0.065933,-0.396627,0.08321,0.116972,-0.188532,0.150497,0.051584,0.013558,0.112413,-0.265984,-0.075708,0.426821,0.054627,-0.215182,-0.347996,-0.269631,-0.271125,0.052937,-0.210256,-0.095512,0.235142,0.038005,-0.043806,0.135546,0.106072,-0.016862,-0.132684,0.283424,0.13805,-0.011938,-0.102833,-0.207963,-0.181218,0.349612,-0.038944,0.084968,-0.462618,-0.143848,0.238286,0.145642,-0.022427,-0.162783,-0.149705,0.022863,-0.162455,0.088779,0.115056,0.285594,0.021739,-0.080473,-0.348277,-0.230518,-0.244391,-0.004613,0.000132,0.184721,0.244273,0.102157,-0.1698,-0.181044,-0.428423,0.079717,-0.220215,-0.211097,0.01529,-0.038606,-0.211869,-0.086362,-0.016364,0.091415,0.234272,0.116182,-0.02148,0.192684,-0.141348,-0.203674,-0.036625,-0.306107,0.322621,-0.162132,-0.111268,-0.136652,0.078838,0.344334,-0.232487,-0.068684,0.422149,#
12,-0.20713,0.410891,-0.43712,0.002003,0.054022,-0.316481,0.007769,0.095984,-0.168529,0.128444,-0.337155,-0.368165,1.0,0.278645,0.066024,0.368174,-0.467967,0.266072,-0.019827,0.087071,0.333835,0.356012,-0.013286,-0.030356,-0.341261,-0.120994,0.201698,0.150789,-0.050207,0.087406,0.135092,0.062079,0.5474,-0.314967,-0.160243,-0.107177,0.20487,-0.299147,-0.298029,0.012205,-0.012065,0.355433,0.198585,0.388693,0.024449,-0.223724,-0.02615,0.266548,-0.123881,-0.465824,-0.023412,-0.212663,0.188656,-0.195448,-0.149802,-0.181788,0.043537,0.224254,0.254614,-0.031228,-0.305044,0.013181,-0.331039,-0.000558,-0.040104,0.357424,0.108131,0.257962,0.340915,-0.090087,-0.33965,-0.17264,-0.052292,0.110252,0.051695,0.07245,-0.094459,-0.115203,-0.255671,-0.20272,0.052581,-0.386305,0.156767,-0.299942,0.101255,-0.24244,0.381599,0.006414,-0.23656,0.109326,-0.197711,-0.304063,-0.115231,-0.168777,-0.026332,0.107362,-0.26468,0.020303,-0.229525,-0.049392,-0.075111,-0.099372,0.064068,-0.168777,0.05479,-0.060191,-0.238383,-0.134692,-0.138244,-0.319068,0.332127,0.0,-0.259966,-0.125237,0.146172,-0.025244,0.064068,0.172504,-0.28875,-0.103084,0.001926,-0.078813,-0.056253,-0.20526,-0.203518,0.20772,-0.280751,-0.002361,0.172396,-0.223831,-0.367486,-0.126205,-0.12484,-0.14852,-0.076804,-0.115844,-0.13939,0.049411,0.216387,0.008983,-0.137892,0.010476,-0.105184,0.019737,-0.035427,-0.078409,-0.467363,0.257449,-0.399154,0.045553,-0.064233,0.013858,-0.188935,-0.199838,-0.361362,-0.017559,0.160399,0.134685,-0.323918,-0.222168,-0.025035,-0.25206,-0.061109,0.25875,-0.303915,0.189278,-0.172423,0.046593,-0.006646,0.031691,-0.344319,0.055357,-0.19631,0.106791,0.122075,0.08374,-0.102647,-0.290554,0.119288,-0.084857,0.398685,-0.120866,-0.16603,0.260549,0.196517,-0.109257,-0.117829,0.038833,-0.074396,0.103086,-0.028448,0.168367,0.421849,0.029658,0.189408,-0.048435,-0.185377,0.107857,0.166464,-0.120897,#
13,0.336924,0.248548,-0.058165,-0.175061,0.176301,0.045637,-0.156371,0.045486,0.591221,0.117262,-0.512755,-0.050593,0.278645,1.0,0.209707,-0.214818,-0.026589,0.181799,-0.078486,0.415998,-0.232474,-0.185374,0.114673,-0.483531,-0.006052,-0.124109,0.300852,-0.197978,0.053791,-0.003288,-0.266989,0.086872,0.210402,-0.285224,-0.282861,0.321926,0.288946,-0.212569,-0.354796,-0.207925,0.120412,0.299655,-0.446588,0.142767,0.277137,-0.524959,0.662834,0.456542,-0.124566,0.042886,-0.229052,-0.107684,0.077007,0.124524,-0.406598,0.301186,0.140154,0.215088,0.246906,0.263304,-0.283782,0.303548,-0.23445,-0.182677,-0.172129,0.429363,0.342528,0.36647,0.420818,0.219076,-0.086125,-0.062039,-0.119091,-0.015814,-0.293392,0.1018,-0.020317,-0.138495,-0.244404,0.100934,0.236755,-0.432622,0.153638,-0.200219,-0.058539,0.252326,-0.187768,-0.336646,-0.121784,-0.198035,-0.257143,0.063975,-0.093966,0.116017,-0.275832,0.0045,0.079198,-0.068312,0.110417,-0.233999,-0.306792,-0.227551,-0.155646,-0.277016,-0.296608,-0.222375,0.087358,-0.358534,0.255897,-0.470229,0.579486,0.0,-0.067913,-0.059185,0.114742,-0.307376,-0.132473,-0.136338,0.357439,-0.609497,0.096128,-0.238098,0.039938,-0.37724,0.083126,-0.120742,-0.307997,-0.002411,0.106254,-0.162187,-0.103523,0.305691,-0.577969,-0.225527,-0.028444,-0.406342,-0.165941,0.233816,0.325987,0.11259,-0.016106,-0.531534,-0.247347,-0.049875,-0.146347,-0.296756,-0.038539,0.648065,-0.138438,0.362815,-0.146803,0.106331,0.111265,-0.066588,0.102868,0.029098,0.519871,0.405468,-0.205629,0.043261,-0.413231,-0.061771,0.276156,0.597367,0.069064,0.300771,0.030525,0.087164,-0.094917,-0.104315,-0.01056,0.260487,0.08961,0.144653,-0.104152,0.004323,0.265992,-0.401984,0.072408,-0.275332,0.36038,0.218913,-0.59561,-0.253032,0.295157,0.008315,0.22903,0.104161,-0.582418,0.130974,0.10181,-0.223239,0.350071,0.134365,-0.123159,-0.067876,-0.425017,-0.055067,0.23675,0.2443,#
14,0.265293,0.088882,-0.297342,-0.376979,-0.165133,-0.146438,0.002765,-0.145249,-0.142267,-0.213567,0.022567,-0.095238,0.066024,0.209707,1.0,-0.015947,0.109499,-0.136086,-0.373469,-0.045188,-0.274951,-0.141093,-0.239198,-0.078359,-0.246212,0.083399,0.089174,-0.234815,-0.013033,-0.246065,-0.270695,0.371184,0.12991,-0.211972,0.065864,-0.108797,0.0411,0.0541,-0.215021,-0.020583,0.097616,-0.069734,-0.430173,-0.007241,0.473477,-0.215775,0.384051,-0.047727,0.068254,-0.274199,-0.606063,0.121927,-0.273908,-0.047801,0.119446,0.033228,0.068677,-0.412801,-0.052527,-0.005041,0.130615,0.223119,-0.023701,-0.297392,0.240869,-0.119581,-0.145252,-0.087661,0.103543,-0.26147,0.056213,0.215685,-0.214985,0.168388,0.113214,0.06594,-0.109847,-0.037496,-0.288526,0.296566,0.109248,-0.105258,0.088877,-0.1834,-0.204713,0.223786,0.000234,-0.083632,-0.095117,-0.337887,-0.043318,-0.113415,-0.289264,0.164651,0.14046,0.14658,0.240408,-0.07739,-0.100654,0.040531,-0.089682,-0.337586,-0.228408,-0.108212,-0.240764,-0.068208,-0.18378,-0.110023,0.220438,-0.036634,0.327661,0.0,-0.291825,0.003769,-0.276317,-0.150044,-0.014533,0.120601,-0.139056,-0.317011,-0.276568,-0.057678,0.024088,0.250936,0.067808,-0.030098,-0.226953,0.163829,0.001581,-0.307098,-0.060136,-0.337574,-0.394291,-0.501076,0.251463,-0.24626,-0.100567,-0.106565,0.020752,0.068124,-0.063173,-0.204199,-0.102023,-0.007666,-0.110133,-0.048549,0.095272,0.009755,0.174727,-0.018179,0.092242,0.231761,-0.101561,-0.108135,0.029452,-0.176626,0.271554,-0.12169,-0.366078,-0.307068,-0.663536,-0.181856,0.04784,-0.198393,-0.109985,0.24088,-0.031501,0.415266,0.134569,-0.369301,-0.107237,-0.044436,-0.276711,-0.050409,0.009352,0.103801,0.232335,-0.243132,0.313732,0.217046,-0.040163,0.439566,-0.243228,0.106891,0.237212,-0.12031,0.263288,0.045593,0.223118,-0.095577,-0.061198,-0.091391,0.283684,0.196642,0.261046,-0.22487,-0.214681,0.121515,-0.21935,-0.00178,#
15,-0.179013,-0.053054,-0.413747,0.055836,0.004173,-0.186089,0.132216,-0.077759,-0.263332,0.42579,-0.079929,-0.081901,0.368174,-0.214818,-0.015947,1.0,0.041319,-0.065091,-0.13805,-0.201042,-0.010174,-0.098036,-0.026269,-0.225836,-0.190078,-0.245258,-0.374828,-0.083122,-0.212192,0.016238,0.027823,0.022332,0.265336,-0.042529,-0.092519,-0.13846,-0.145343,-0.0063,0.159635,0.488049,-0.169643,-0.166574,0.200629,0.039688,-0.049734,0.251956,-0.24573,-0.117355,-0.018057,-0.133247,0.219182,-0.138333,0.258408,-0.206757,0.020118,0.246274,0.036058,0.03524,0.204737,0.009363,-0.184769,0.25699,0.00501,0.201425,-0.333765,-0.187597,-0.066253,-0.069467,-0.078037,-0.463341,0.219645,-0.158915,-0.299243,-0.034952,0.147193,-0.236003,0.112771,0.078965,-0.072699,0.016287,0.051864,0.071927,0.272092,-0.141617,0.244828,-0.019297,0.490534,0.443567,0.052452,0.251437,0.082303,-0.113569,0.233955,-0.293477,-0.119429,-0.071095,-0.124148,0.320234,-0.14748,0.013651,0.035737,0.238976,0.082559,0.095217,-0.013677,0.163348,-0.327272,0.206452,0.009747,0.122592,-0.293844,0.0,0.083934,-0.150719,0.041661,-0.190942,0.242049,0.071338,-0.163969,0.139278,0.260038,0.080907,0.090771,0.022887,0.079534,0.288319,-0.058378,0.10283,0.209337,-0.009806,-0.103627,-0.143841,0.257262,0.073871,0.14878,0.201315,0.149325,-0.134843,0.021706,0.004554,-0.011338,0.064594,0.414085,0.260396,-0.00678,0.160686,0.022575,-0.389696,-0.145862,-0.021713,0.094293,0.125956,-0.316016,-0.111659,0.022248,0.260993,-0.196976,-0.146572,-0.290105,-0.021006,-0.012209,-0.190402,-0.331793,-0.268026,-0.122179,-0.199889,-0.235916,0.306723,0.095172,0.132201,-0.218879,-0.265205,0.087391,0.179688,0.183547,0.120252,-0.346902,0.034504,-0.174153,0.001986,-0.189283,-0.43072,0.237533,0.417934,-0.194308,-0.228829,0.132199,-0.346397,0.230614,-0.334518,0.02068,0.221009,0.245505,-0.056581,0.383921,-0.032494,0.086673,-0.0,-0.081219,-0.217809,#
16,-0.060108,-0.182358,-0.07935,-0.191393,0.216777,0.044831,0.056489,-0.202037,0.0233,0.046817,0.503936,0.368965,-0.467967,-0.026589,0.109499,0.041319,1.0,-0.042527,0.015926,-0.097446,0.062955,-0.01721,0.050418,-0.053601,0.088641,0.22931,-0.509971,-0.229235,0.104671,0.091902,-0.219244,-0.104628,-0.129779,-0.125506,0.208599,0.261577,-0.205378,-0.128121,0.166043,0.021383,-0.182037,-0.350018,-0.297229,-0.443945,0.184903,0.313068,0.029665,-0.380895,0.109227,0.253946,0.074621,0.007735,-0.151739,0.053284,-0.097664,0.089268,0.053149,-0.086155,0.235646,-0.119712,0.134527,0.024421,0.159981,0.161105,0.011675,-0.308565,-0.20204,-0.257872,-0.002639,0.013849,0.175755,-0.002497,-0.299037,-0.374625,0.044019,0.162685,-0.223383,0.099216,-0.416679,0.128368,-0.076722,0.181287,-0.303432,0.29571,-0.074326,0.140426,-0.20478,-0.140358,0.170492,0.099386,0.007036,0.113529,-0.053495,-0.168053,-0.359929,-0.427164,-0.038152,-0.321122,-0.184281,-0.173453,0.201063,0.114402,-0.584836,-0.384896,-0.111095,-0.042383,-0.171062,-0.096322,-0.123074,0.372876,-0.421976,0.0,-0.068795,-0.28114,-0.344296,0.157658,-0.240221,-0.217844,0.447815,-0.08931,-0.163758,-0.062117,0.026371,-0.012084,0.153279,0.037412,-0.228225,-0.224365,0.236328,-0.223383,0.304478,-0.07703,0.080519,0.082202,-0.273824,-0.114866,-0.139885,-0.424597,-0.188747,-0.111127,-0.342532,-0.082626,0.07553,0.065654,-0.271897,0.098201,0.63955,-0.326578,0.289757,-0.342243,0.055021,0.022587,-0.384978,-0.175672,0.035026,-0.31431,0.0375,0.179777,-0.089844,0.174458,0.088971,0.034805,-0.172861,-0.069979,-0.05928,0.031936,0.016238,0.011169,-0.175199,0.223466,0.379016,-0.164804,-0.168053,-0.065226,-0.024957,-0.250938,-0.298975,0.152866,-0.024077,0.028479,-0.146498,0.111046,0.117545,0.041532,0.2167,-0.223857,-0.043767,-0.324774,0.159502,-0.275963,-0.147479,0.309646,0.083195,-0.043914,0.07005,-0.034316,0.330545,-0.108119,-0.176125,0.303516,#
17,0.053131,0.163734,0.092643,0.093737,0.079951,-0.112466,0.102385,-0.329793,0.279867,0.092442,-0.135313,-0.164871,0.266072,0.181799,-0.136086,-0.065091,-0.042527,1.0,0.335956,-0.049279,0.124251,-0.145622,0.068044,-0.185886,0.043934,-0.04717,-0.031703,-0.103425,-0.068981,0.071588,0.159401,-0.007785,0.17092,-0.026458,-0.00295,0.124993,0.03646,-0.162793,-0.258725,-0.081912,-0.173745,-0.00425,-0.210582,-0.008474,0.075303,-0.155479,0.033145,0.340136,-0.061525,-0.090764,0.165262,-0.026485,0.294892,0.147454,0.017275,-0.138944,0.219445,0.396341,0.151367,-0.014664,0.23548,-0.102259,-0.042109,-0.199661,0.010274,0.178359,-0.104637,0.077776,0.250796,0.163184,-0.096781,-0.056704,-0.265035,-0.053756,0.088624,0.235867,-0.190562,-0.267211,0.072942,-0.03444,-0.067991,0.008844,-0.160154,-0.105758,0.31172,0.090557,-0.106059,0.201232,-0.208553,0.29945,-0.203972,-0.033734,-0.237788,0.095505,-0.159932,-0.323702,0.017767,-0.225919,0.063185,0.079404,-0.057279,-0.269825,-0.018644,-0.107005,-0.113702,0.044626,-0.071417,0.101202,-0.285815,-0.295215,0.092847,0.0,0.129607,-0.097471,-0.088847,0.05789,0.003294,0.131625,0.256462,-0.056084,-0.096833,0.097737,-0.142985,-0.009354,-0.032535,0.229218,0.136629,-0.014592,-0.083076,-0.017089,0.043795,0.029552,-0.304451,0.28276,-0.212511,0.052045,0.169188,0.086251,0.256551,-0.033738,-0.212775,0.054673,-0.05378,-0.244289,0.258942,-0.140973,0.093232,0.203983,-0.114697,-0.000887,-0.056718,-0.10301,0.067436,-0.28556,0.151169,-0.054092,-0.012863,0.634066,-0.048797,0.348043,0.025742,0.043839,0.073996,0.281398,0.075027,0.123244,-0.02581,0.084582,0.087165,0.178761,0.249119,0.010955,-0.107005,-0.038839,-0.196649,0.239897,0.119274,0.160163,0.282159,-0.195454,0.402801,-0.09587,-0.264231,0.0319,0.127837,0.219337,0.04849,-0.026032,-0.2181,0.283967,0.188364,-0.145637,0.218358,-0.119609,-0.160427,0.206485,0.034448,-0.151621,0.437821,-0.148149,#
18,-0.209565,-0.24308,-0.0368,-0.291863,-0.033208,-0.001997,-0.036001,-0.077424,0.233066,-0.136099,-0.029176,-0.026715,-0.019827,-0.078486,-0.373469,-0.13805,0.015926,0.335956,1.0,-0.066522,0.176712,0.120282,0.266225,-0.091525,0.220002,0.203423,0.099825,0.407683,-0.267806,0.242759,0.233026,-0.193269,0.059715,0.128477,0.036092,0.39649,-0.312428,-0.025131,-0.10507,-0.261814,0.104161,-0.174768,0.28597,0.209968,-0.126354,-0.079167,-0.113435,-0.001534,0.052059,-0.154409,0.454831,0.093518,0.035624,-0.09396,0.128803,0.128066,0.210851,0.077798,0.006084,-0.043843,-0.117787,-0.388816,-0.05973,0.027326,0.146497,0.201825,0.245016,0.03546,-0.197351,0.067268,0.255417,-0.284256,-0.318467,-0.125657,0.184519,-0.085128,0.055503,-0.336619,0.115869,-0.057357,-0.020659,0.242017,-0.164743,-0.051164,0.138439,-0.136311,-0.031667,-0.156018,0.259018,0.527652,-0.064513,0.278021,-0.042546,-0.038192,0.070136,-0.284344,-0.032463,0.191952,-0.247603,-0.122631,0.104323,0.193632,0.100689,0.170407,-0.102403,0.057754,0.225612,0.003645,0.322125,0.056706,0.024426,0.0,0.264281,0.113608,-0.050634,0.09869,0.117057,0.122305,0.188734,0.158723,-0.016967,-0.050133,-0.080371,-0.12906,0.219092,-0.304868,0.116304,-0.033816,-0.034692,0.085757,0.166488,0.159363,0.086126,0.244673,-0.458524,-0.106906,0.068664,0.106885,-0.018751,-0.152791,0.093383,0.075757,-0.037585,-0.001375,-0.180963,-0.278749,-0.033922,-0.021028,0.095918,0.164641,0.142396,-0.260246,0.380196,-0.182272,-0.137648,-0.173169,0.123322,0.102182,-0.106069,0.423139,0.207959,-0.004588,-0.272467,0.015052,0.240394,-0.216288,0.375472,-0.060833,-0.424538,0.227271,0.067364,0.398559,0.213185,0.023002,0.171453,-0.058435,0.25362,-0.135078,-0.018621,0.147653,-0.023753,0.214945,0.038512,-0.277095,-0.017751,0.143205,-0.12477,0.110495,-0.188535,-0.111743,0.107192,0.0536,-0.099488,-0.46227,-0.334693,0.383726,0.042751,0.161494,0.342995,-0.195555,#
19,-0.033682,0.029153,0.326344,0.456042,0.192527,-0.148488,-0.09132,-0.146083,0.224792,0.12562,-0.366485,0.088942,0.087071,0.415998,-0.045188,-0.201042,-0.097446,-0.049279,-0.066522,1.0,-0.3896,-0.09364,-0.025221,0.096232,-0.247626,-0.040305,0.03162,-0.057767,-0.068566,-0.0,-0.082105,-0.06293,-0.079858,0.23212,0.008214,-0.086779,0.098925,-0.123219,-0.216256,-0.204192,-0.133709,0.209311,-0.153163,0.141058,0.143283,0.002926,0.100476,-0.081452,0.048293,0.353437,0.109372,0.105074,0.308946,0.150497,-0.666803,0.024237,0.106596,-0.036858,-0.182908,-0.133274,0.011655,0.166242,-0.080928,-0.008297,-0.065134,0.005108,0.152292,-0.045054,0.080691,0.239385,0.009762,0.158379,0.07942,0.220406,-0.268101,0.014869,-0.132429,0.245274,0.1019,-0.126181,0.532715,-0.043925,0.254936,0.299088,-0.051588,0.256422,-0.027688,-0.317724,0.133032,-0.099215,-0.110907,0.158752,0.299051,0.153507,-0.277324,-0.308862,0.225575,-0.024237,0.031813,0.008809,-0.502468,0.039732,-0.025355,0.153507,-0.120555,-0.025458,0.058803,-0.152464,0.064164,-0.153042,0.367264,0.0,0.16184,0.292309,0.00572,0.168876,0.206273,-0.291774,0.282145,-0.25336,0.14718,0.090727,0.235195,-0.308109,-0.038503,-0.089571,-0.023151,-0.14022,0.031454,-0.132429,-0.092384,0.251785,-0.090334,0.209526,-0.047119,-0.247674,-0.101144,0.332887,-0.197422,0.2696,0.22151,0.000472,-0.148169,-0.145819,0.092796,0.1617,0.083758,0.124598,-0.316395,0.205737,-0.240321,-0.277277,0.170645,0.419359,0.286179,0.180415,-0.050634,0.221752,0.272825,0.123239,0.111308,0.066243,0.443782,0.320206,0.32481,-0.023108,0.253077,-0.12569,0.167959,0.030562,-0.266304,0.202825,-0.090558,0.206153,0.047896,0.0875,0.294238,-0.326094,-0.384978,-0.265871,0.094775,-0.123906,-0.02675,-0.173851,-0.025596,0.090167,-0.265206,0.056193,-0.487822,-0.193771,0.145491,-0.331452,-0.216841,-0.071054,-0.228302,-0.247392,-0.280048,-0.004468,0.241791,0.294801,#
20,-0.356029,0.280948,-0.412469,-0.10174,0.041339,0.082896,0.331032,0.267804,-0.376506,-0.088872,0.464966,-0.189361,0.333835,-0.232474,-0.274951,-0.010174,0.062955,0.124251,0.176712,-0.3896,1.0,0.734594,0.223429,0.241155,0.050113,0.215685,0.03774,0.221039,0.15262,0.445673,0.040634,-0.147664,0.408235,-0.333167,0.058745,0.074701,-0.014859,-0.226958,0.109628,0.005225,0.147043,0.156438,0.504064,-0.045805,-0.331264,0.072447,-0.409815,0.02295,0.169329,-0.438055,0.057646,-0.371542,-0.111181,-0.106119,0.103902,-0.337194,-0.199728,0.31599,0.231446,-0.041771,-0.139545,-0.471766,-0.19039,0.270083,0.086177,0.203987,-0.050984,0.140243,0.216256,0.265852,-0.477023,-0.204214,0.386311,-0.221657,-0.046593,0.29891,-0.028366,-0.054401,-0.378586,-0.283421,-0.427468,-0.240144,-0.280091,-0.119706,-0.131639,-0.448216,0.10553,-0.182724,-0.212583,0.091654,-0.256673,-0.286667,-0.266754,-0.320026,-0.084053,0.0911,-0.520817,-0.115491,-0.341936,-0.156678,0.465627,0.070907,-0.177791,-0.474746,0.323047,-0.190442,0.064842,-0.259929,-0.312017,0.15534,-0.109627,0.0,-0.42233,-0.306202,0.057799,0.158184,-0.360533,0.048214,-0.262464,0.204764,-0.104561,-0.280117,-0.295077,-0.173275,-0.24091,-0.039646,-0.041948,0.028683,0.033133,-0.163563,-0.288549,-0.267203,0.092735,-0.055276,-0.164155,0.054662,-0.246528,-0.421788,0.110307,-0.364367,-0.403111,0.055838,-0.127293,-0.119821,-0.352695,-0.25086,-0.298079,0.158199,-0.107007,-0.245608,-0.075564,-0.183007,-0.298375,-0.46627,-0.4868,-0.253728,-0.121167,0.084778,-0.140194,-0.16647,0.486727,0.090317,-0.355842,0.084611,-0.388314,0.198585,-0.238606,-0.30033,-0.389673,0.288066,0.15712,-0.055565,-0.282025,-0.208438,0.091585,-0.406939,-0.334391,-0.008459,0.060946,-0.069006,0.179837,-0.077311,0.097298,0.259427,0.19535,-0.236511,-0.473508,-0.109194,0.427853,0.09746,-0.255143,0.580284,0.244431,-0.045007,0.263734,0.400521,0.159503,-0.136214,-0.11377,-0.19633,#
