0,1.0,0.123509,-0.239789,0.041893,-0.026174,0.022275,0.367414,-0.278393,0.092652,0.201881,0.292345,0.621594,0.387572,0.04945,0.267826,0.041646,0.234552,-0.192215,-0.05654,-0.199759,-0.260879,-0.010587,0.040435,0.462287,0.234562,0.117517,-0.222121,0.178646,0.040814,-0.018541,-0.16891,-0.227235,-0.03902,0.081266,0.152256,-0.022159,0.288006,-0.137123,0.457552,-0.108949,0.10925,0.004049,0.028825,0.092768,0.430777,0.356536,0.086237,0.037617,-0.153784,-0.263014,-0.132642,-0.36725,-0.042603,-0.301236,-0.252978,-0.177983,0.027109,0.305637,-0.0492,0.019009,0.110581,0.03916,-0.45609,0.031205,-0.188744,0.030896,0.439492,-0.254829,-0.239279,-0.453652,-0.063758,-0.114166,-0.012416,-0.157588,0.258516,-0.195911,-0.447525,-0.045214,-0.440421,-0.138349,-0.354282,-0.271034,0.118786,-0.326463,-0.272082,-0.364942,0.106155,-0.21166,0.005067,0.051964,-0.448664,-0.380479,-0.039125,-0.458225,-0.193316,-0.307906,-0.07728,-0.229822,-0.272132,-0.215915,0.238972,-0.228532,-0.17716,0.004975,0.114864,-0.097867,-0.27327,-0.247815,-0.304962,0.060263,0.034243,0.073685,0.104785,-0.044635,-0.154402,0.112027,0.068886,-0.225196,0.060463,-0.139185,-0.273483,0.210362,-0.271425,0.46922,-0.309715,-0.021245,-0.444523,0.155764,-0.489901,-0.279598,-0.444166,-0.205275,-0.271208,0.459349,-0.359329,-0.177669,-0.129063,-0.583645,0.16683,-0.622486,-0.215915,-0.262611,-0.198064,0.004242,-0.104364,-0.082841,-0.004012,0.311816,-0.316101,-0.383555,0.009215,-0.171613,-0.518211,-0.091135,-0.156061,-0.304511,0.153188,0.285801,-0.043229,-0.12501,-0.201403,-0.111668,0.060784,-0.242238,-0.395377,0.130747,-0.321909,0.052101,-0.305319,-0.306416,0.279585,-0.510206,0.185212,-0.017207,0.337291,-0.227701,-0.295583,0.396811,0.010363,-0.458873,0.097272,0.19072,-0.085001,0.021389,0.268096,-0.229439,0.176228,0.105934,-0.131571,0.267366,-0.736726,0.272721,0.343694,0.167311,0.016188,-0.058217,0.069513,-0.286344,-0.00014,-0.199639,#
1,0.123509,1.0,0.003986,-0.151172,-0.185441,0.191914,0.092184,-0.210899,0.279048,0.289075,0.028303,0.015862,0.139815,0.426264,0.139158,0.059177,0.357826,0.240902,0.194639,0.121821,-0.045122,0.39276,0.091553,-0.024013,-0.057165,0.071878,-0.151282,0.270698,0.088585,-0.317137,0.078619,-0.185869,-0.068026,0.077352,0.115114,0.131308,0.291459,-0.13577,0.075991,-0.49923,0.138856,-0.257094,-0.021182,-0.367399,-0.102102,-0.068796,-0.283505,-0.0581,-0.134769,-0.112207,-0.299533,-0.342406,0.166243,-0.060842,-0.141377,-0.106433,-0.01967,-5e-05,0.161923,0.087814,0.261484,0.065529,-0.491248,-0.163507,-0.015621,0.163311,-0.05976,-0.183751,-0.380762,-0.062428,-0.177628,-0.2346,-0.325318,0.050738,-0.124327,0.41872,-0.043732,-0.162454,-0.168343,-0.076025,-0.084527,-0.351754,-0.216113,0.068952,-0.171509,3.7e-05,0.017302,0.191414,0.143475,-0.265988,0.157589,-0.148171,-0.227649,-0.249994,-0.243742,-0.097699,-0.319137,0.066752,0.026508,-0.423092,-0.206529,-0.121805,-0.240804,0.393293,0.126467,-0.149462,0.249498,0.082697,-0.253604,-0.50147,0.45957,0.080838,-0.392934,-0.103126,-0.111324,-0.222677,-0.522578,-0.442515,0.145032,-0.258903,-0.24622,0.220306,-0.483801,-0.008781,-0.340645,-0.263224,-0.146701,0.135983,-0.296772,-0.262222,-0.231795,-0.121168,-0.478674,-0.28178,-0.323155,0.105233,0.167797,0.049493,0.02839,-0.413644,-0.41375,-0.102402,-0.193162,-0.012186,-0.141886,0.104048,-0.324855,-0.035337,0.301569,0.180275,-0.228017,0.155973,0.255965,0.099127,0.113296,-0.378984,0.481341,0.454352,-0.168562,-0.168792,0.164116,-0.264489,0.191487,-0.087307,0.175551,0.500931,-0.015934,0.185427,-0.130618,0.148463,0.053313,-0.318787,0.072778,0.199774,0.144513,-0.186194,0.080551,0.301898,0.41129,-0.388944,0.572043,-0.233802,0.138663,0.000264,0.133077,0.213228,0.1684,-0.072586,-0.446378,0.501597,-0.385954,0.276668,-0.126253,0.417627,-0.097857,0.277916,0.030714,-0.078064,0.060421,0.27615,#
2,-0.239789,0.003986,1.0,-0.036114,-0.085897,-0.065093,0.179688,-0.282106,-0.146538,0.134729,-0.421955,-0.427628,-0.347157,-0.128669,0.345701,0.110476,0.038146,0.600215,-0.237224,0.343506,0.00326,-0.055284,0.159782,-0.073795,0.179455,-0.138161,0.094136,0.213498,-0.187843,-0.211921,-0.272221,-0.121534,-0.351988,0.442016,0.023635,-0.187476,0.053721,0.250398,-0.002094,-0.018098,4.8e-05,-0.407101,-0.2278,0.071001,0.075703,-0.057852,-0.445686,-0.417781,0.158173,-0.085528,-0.053377,0.133075,0.16607,0.108397,-0.241601,-0.237846,-7.2e-05,0.046827,-0.286868,0.221961,0.020051,0.290201,-0.066007,-0.287364,-0.05846,-0.115394,0.265009,-0.343257,-0.382482,0.281871,-0.34502,-0.288606,-0.339101,0.181089,-0.315884,-0.188542,-0.130765,-0.08022,-0.004879,0.100194,0.495171,-0.036685,-0.130392,0.352236,-0.03117,0.110965,0.460951,-0.031766,-0.040231,0.357281,0.174451,-0.062091,-0.364045,0.018766,-0.01597,0.103253,-0.298558,-0.128419,-0.170852,0.019147,-0.365752,-0.113635,-0.018633,0.225671,-0.141764,-0.043046,0.178286,0.237965,0.217418,-0.263474,0.303546,0.079048,-0.228654,0.142213,0.332368,0.098313,0.158228,-0.010599,-0.131694,0.009551,0.020888,-0.111657,0.100067,-0.071036,-0.320098,0.155316,0.491551,0.410038,0.016311,0.384034,0.32639,0.386951,-0.075285,0.135651,0.203534,-0.286183,0.243469,0.224071,-0.535819,0.224875,-0.190815,0.037098,-0.370969,-0.297105,0.117743,0.180543,0.073366,-0.278662,0.032308,0.263,-0.30957,0.136576,0.184259,0.072529,0.165376,0.472077,0.266196,-0.112081,-0.214219,-0.01386,0.329458,-0.264143,0.035289,-0.180697,0.274842,0.160668,-0.074165,-0.237901,0.446553,-0.066836,-0.280226,0.019311,0.178404,0.054043,-0.397501,0.30685,0.111069,-0.133372,0.026542,0.03984,-0.195325,0.180944,0.365867,-0.308704,-0.150993,0.242264,0.117506,0.038371,-0.227286,-0.431755,0.287566,-0.31146,-0.351887,-0.049633,-0.603016,0.127841,-0.028531,0.293911,0.051035,0.399354,#
3,0.041893,-0.151172,-0.036114,1.0,0.136239,-0.072591,-0.07894,0.065498,-0.360617,-0.188171,0.097626,-0.055773,0.085248,-0.397787,-0.204886,-0.181781,-0.325642,-0.125506,-0.091782,-0.12061,0.15177,-0.427016,-0.428689,-0.065622,0.167575,-0.051205,0.106787,0.255272,0.292564,-0.268621,0.291254,0.145451,0.20175,-0.227388,0.190916,0.077706,0.083985,-0.119815,0.282885,0.181157,0.196052,0.204949,-0.042779,-0.178429,-0.16351,0.199851,0.036647,-0.333626,-0.262729,-0.324428,-0.117434,0.470354,-0.076544,0.154247,0.197623,-0.408946,0.103429,0.414102,0.108188,-0.186874,-0.385125,-0.207085,-0.006517,0.227586,-0.105573,-0.033253,0.035034,0.031841,0.487606,-0.090619,0.070228,-0.282981,-0.154255,0.078101,0.283282,-0.250113,0.174116,0.480245,0.180882,-0.137834,0.051581,0.156315,0.266105,0.066046,0.016842,0.252388,0.165373,0.291107,0.232783,-0.184236,0.30431,0.319581,0.296661,0.014053,0.117704,0.337014,0.414662,0.147404,0.056786,0.053208,0.178184,-0.023579,0.428825,0.042665,0.185571,0.337674,-0.141588,0.278378,-0.347939,0.375759,-0.121406,-0.177537,0.163627,-0.103702,-0.09651,-0.063856,0.363424,0.629773,0.140241,0.284577,0.143562,0.055746,0.03179,0.19411,0.069916,0.081366,-0.153552,-0.009468,0.186839,0.140536,0.176837,0.24312,0.511918,-0.010454,0.426612,-0.240286,-0.097222,0.052309,0.030544,0.3772,0.240912,0.325146,0.457398,0.206243,0.256973,-0.024436,0.022663,-0.597462,0.086713,-0.079614,0.065328,-0.06187,-0.048679,0.146979,0.333193,-0.025789,-0.336256,-0.539655,-0.00981,-0.147515,0.064298,0.205277,0.436889,0.177339,-0.288954,-0.248731,0.134351,-0.427207,-0.03012,0.029248,0.122425,0.231985,-0.180606,0.01161,-0.106092,0.307218,-0.014982,-0.207893,-0.443185,0.383817,-0.359267,0.163126,-0.484,-0.277784,-0.192612,-0.144781,-0.087438,0.212293,0.527618,-0.218056,0.297623,-0.046297,-0.237566,-0.058487,-0.00392,-0.255343,-0.263143,-0.344388,-0.074736,-0.213141,#
4,-0.026174,-0.185441,-0.085897,0.136239,1.0,-0.11088,0.392438,-0.120706,-0.12529,-0.162352,0.037349,-0.138163,-0.411822,-0.30135,0.039237,-0.318364,0.087192,-0.315564,0.497005,-0.036504,-0.102504,-0.138912,0.2127,0.002939,0.016623,-0.016673,0.099352,-0.244827,0.21918,0.14736,-0.172724,0.101145,-0.01154,-0.140824,0.380109,-0.210589,0.271706,-0.262954,0.183334,0.608013,0.06136,-0.109704,-0.143778,-0.272032,-0.352247,0.172065,-0.107106,0.025714,-0.069178,0.143888,-0.026114,0.284779,-0.225947,0.116288,0.123204,-0.231471,-0.490735,0.19064,0.073823,0.293116,-0.181034,0.042644,0.10653,-0.298272,0.088828,-0.172877,-0.100731,0.087113,0.133714,0.036125,-0.096627,0.232875,0.319278,-0.324265,-0.295678,0.132358,0.242065,-0.396229,-0.065926,-0.224711,-0.217477,-0.065926,0.143018,-0.155126,0.08147,-0.009849,-0.076995,0.076866,-0.214698,-0.288182,-0.099383,0.12648,-0.077238,-0.200278,0.21357,-0.360069,0.215901,-0.308125,-0.002593,0.106507,0.16154,0.33991,-0.106475,-0.328235,-0.221622,-0.072116,-0.237889,-0.203106,-0.277645,0.008938,-0.079482,0.244301,-0.398316,-0.196644,-0.160402,-0.18687,0.207942,0.398734,0.263868,-0.004351,-0.280855,-0.35489,0.129516,0.220351,-0.084977,0.22694,0.076463,0.345676,-0.206164,-0.280855,0.098264,-0.126156,0.131747,0.174971,0.192977,-0.287455,0.190304,0.113935,0.13399,-0.005691,-0.082693,-0.062273,0.114075,0.067061,0.019715,0.053908,-0.145667,0.087109,-0.129192,-0.061707,0.17169,-0.144774,-0.027373,0.031585,0.051154,0.215519,-0.029741,-0.047637,-0.236029,-0.063013,-0.251435,0.116419,0.236138,-0.217121,-0.317841,0.023781,-0.00062,-0.030733,0.181584,0.051942,-0.045395,0.23606,-0.166497,-0.073269,-0.013214,-0.232851,0.018569,0.226274,0.022878,0.014317,0.082082,0.09824,-0.067662,0.161903,-0.202237,-0.192293,-0.307381,0.332974,0.481477,-0.101185,-0.07201,0.018633,0.223558,0.274023,-0.033049,-0.217123,0.189542,-0.033903,-0.164473,-0.160415,#
5,0.022275,0.191914,-0.065093,-0.072591,-0.11088,1.0,0.225486,-0.002738,0.153165,0.052131,-0.076348,0.092796,0.090283,0.126075,0.438508,-0.308166,0.199316,0.20576,0.299212,0.017002,-0.363781,0.101171,0.224934,-0.145657,-0.006141,0.33154,-0.435195,-0.166414,0.206365,-0.028012,0.105916,0.083932,-0.126981,0.132116,-0.305839,0.382631,-0.065085,-0.108024,-0.242723,-0.438825,-0.560279,-0.072012,0.124452,0.009429,0.233907,-0.158145,-0.001135,-0.118558,0.364208,-0.18682,-8.1e-05,-0.281072,0.071219,-0.00945,-0.159649,-0.039547,-0.111807,-0.10504,0.110418,-0.199321,0.205957,-0.083404,0.008431,-0.194996,-0.393136,-0.296288,-0.015698,0.006544,0.067139,-0.113422,-0.056862,0.248232,-0.263454,-0.025151,0.353775,-0.150237,0.030599,-0.025561,-0.080861,0.226251,-0.006008,-0.048392,-0.327863,-0.000634,-0.076709,0.07802,-0.263702,0.076775,0.188481,-0.15926,0.039326,-0.215964,-0.30408,-0.290176,0.039965,0.007307,-0.176325,0.280224,-0.262874,-0.13677,0.513712,0.158186,-0.1367,-0.097082,-0.162803,-0.443083,-0.242933,-0.106802,0.020773,0.044635,-0.051406,0.135328,-0.241819,-0.043282,0.034131,0.059271,-0.206403,0.054199,-0.103306,-0.285351,0.234458,-0.001623,-0.156995,0.024009,0.131417,-0.198506,-0.064138,-0.287932,-0.268678,0.219448,-0.301668,-0.032846,0.007728,-0.242407,-0.419882,0.172241,0.192677,-0.132133,0.322497,-0.289977,0.099846,-0.39682,-0.136283,-0.008554,-0.124724,-0.234813,0.247695,0.145807,-0.382399,-0.378042,0.086779,-0.344083,0.035471,-0.057433,0.059079,-0.083279,0.120495,0.217922,-0.031291,0.123231,0.038082,0.011511,0.214774,-0.119403,0.470974,0.190411,0.046001,0.176365,0.127001,0.16744,0.183034,-0.302848,0.087773,-0.197968,0.227045,-0.253049,0.114905,0.12596,0.134103,-0.066007,0.270318,0.228826,-0.173611,-0.066034,0.497548,0.001556,-0.088574,-0.149451,0.029928,0.199556,-0.235211,0.29873,0.031051,-0.062533,-0.274009,0.56143,-0.028668,0.279978,-0.336992,-0.027789,#
6,0.367414,0.092184,0.179688,-0.07894,0.392438,0.225486,1.0,-0.260303,0.120912,-0.078435,0.407658,0.232188,-0.229933,-0.17098,0.415925,-0.364167,0.31865,4.6e-05,0.189319,0.078305,-0.194591,-0.057979,0.282896,0.367997,-0.142267,0.006311,-0.154225,0.212551,-0.102057,-0.264688,-0.335723,0.162851,-0.217408,0.039358,0.169995,-0.083519,0.332269,-0.178805,0.236109,0.12434,-0.198882,-0.104752,-0.199593,0.118767,0.041063,0.201516,0.023239,-0.131931,0.109437,-0.260241,0.018691,-0.226486,-0.058387,-0.22602,-0.190906,-0.30098,-0.203271,0.399021,0.02715,0.232736,-0.113884,0.22012,-0.002398,-0.214302,-0.180429,-0.173065,0.292297,-0.171853,-0.146538,-0.246932,-0.065909,-0.237883,-0.159465,-0.504564,-0.379543,-0.178896,-0.199448,-0.521832,-0.438258,0.18623,-0.062742,-0.081722,-0.175029,-0.316532,-0.267544,0.025878,0.167119,0.096554,-0.072028,0.146719,-0.200592,-0.319017,-0.432642,-0.359947,-0.272503,-0.338131,0.129802,-0.306764,-0.335045,-0.232319,0.192437,0.291651,-0.448312,-0.055863,-0.262901,-0.268259,-0.086188,-0.168436,-0.039101,-0.107482,0.098483,0.057436,-0.186361,-0.290267,0.0893,0.177185,0.109121,-0.09887,0.106169,-0.239217,-0.196968,-0.154149,0.024542,0.353196,-0.162809,-0.060777,0.093569,0.499583,-0.408417,-0.022211,-0.259462,-0.035092,-0.151543,0.147566,-0.218741,-0.185752,-0.018059,-0.212921,-0.212554,-0.399299,-0.224325,-0.194679,-0.420603,-0.065609,-0.178482,-0.069091,0.062564,0.280993,-0.102667,-0.284182,0.108672,-0.420252,-0.094698,0.049989,-0.021985,0.220379,0.232347,0.228723,-0.161756,0.084814,0.015756,-0.154533,0.256323,-0.172524,0.022125,0.320015,-0.092581,-0.024076,0.218031,-0.120101,0.1873,-0.452482,0.113585,-0.253342,0.01927,-0.18529,-0.18565,0.395229,0.144287,-0.378166,0.087061,0.317442,-0.004838,-0.216368,0.140623,-0.213458,-0.219868,0.152402,0.033388,0.313612,-0.356214,0.113435,0.070393,0.200413,-0.179931,0.129846,-0.016001,0.331466,-0.253488,-0.041708,#
7,-0.278393,-0.210899,-0.282106,0.065498,-0.120706,-0.002738,-0.260303,1.0,-0.350456,-0.060792,0.117661,-0.191936,0.086538,-0.192348,-0.224553,0.227037,0.095816,-0.159397,-0.283334,-0.033624,-0.029287,0.264686,-0.032653,-0.22847,-0.164784,-0.242936,-0.154483,-0.049435,-0.313536,0.070845,0.248989,0.238792,0.043451,0.039304,-0.237199,0.147504,-0.047699,-0.31361,-0.487971,0.242217,-0.416765,0.332793,0.17605,0.010859,0.162619,0.273191,0.553835,0.125793,0.413933,0.205794,0.158964,0.191016,-0.055003,-0.115377,0.024652,0.210592,0.217729,-0.257356,0.193116,0.09183,0.248736,-0.358846,0.392696,0.355593,-0.111937,-0.152273,-0.39584,0.355496,0.511395,-0.150222,0.495396,0.381025,0.22828,0.211704,0.26732,-0.091231,0.086443,0.121105,0.266297,-0.232797,0.174275,0.095368,-0.369435,0.00432,0.017212,-0.137061,0.014734,0.162356,0.200486,-0.086305,-0.050054,0.523031,0.302611,0.300207,0.142538,0.100768,0.188716,0.120546,0.106162,0.107325,0.159543,0.028053,0.151021,0.058729,-0.065127,0.074002,-0.060251,0.218444,0.308989,0.26768,-0.297202,0.088595,0.205733,0.294287,-0.222777,-0.269838,0.052141,0.163626,-0.0412,-0.028905,0.218375,-0.096582,-0.00862,0.004324,0.513842,0.00668,0.061765,-0.11597,0.505193,0.173637,-0.149856,0.204813,0.336631,-0.240716,0.288617,0.354411,-0.148786,0.105956,0.028572,0.395059,0.133445,0.177594,0.108776,0.443719,0.048895,-0.109477,0.024233,0.140017,0.175211,-0.046032,0.097504,-0.100406,0.07648,0.154974,0.090789,0.077499,-0.325563,-0.157734,0.341014,0.136843,-0.181453,0.219839,-0.038635,0.470714,-0.126141,-0.388027,-0.240806,-0.018318,-0.042312,0.134052,-0.045734,0.19829,0.008944,-0.083923,0.228203,0.209879,0.083215,-0.204494,-0.195483,0.464116,-0.002399,0.174012,0.129446,0.131742,0.137144,0.296629,-0.132654,0.065856,0.111071,0.18145,0.207383,-0.076219,0.101768,-0.056752,0.074035,-0.216445,-0.105306,0.199663,-0.003518,-0.171464,#
8,0.092652,0.279048,-0.146538,-0.360617,-0.12529,0.153165,0.120912,-0.350456,1.0,0.285078,0.156802,0.148258,0.345852,0.299151,0.026887,0.078755,0.085209,0.091261,-0.104595,0.208708,-0.197556,0.091248,0.120946,0.325408,-0.137377,0.468657,0.277997,-0.10571,0.107091,-0.003421,-0.10521,-0.237937,0.221052,-0.107723,-0.088619,0.229987,0.405252,0.076386,-0.063897,-0.279114,0.013012,-0.044933,-0.052045,0.022252,-0.034331,-0.399507,-0.320505,0.188387,-0.260497,0.236486,-0.217754,-0.594243,0.204106,0.038428,0.171103,0.087325,-0.212534,-0.282486,-0.136749,-0.062329,0.098475,-0.105989,0.024621,-0.006489,0.160363,-0.117812,0.069887,0.119282,-0.517637,-0.027285,0.029911,-0.055026,0.031874,-0.399259,-0.281604,0.217531,-0.191144,-0.246478,-0.331176,0.143865,-0.46493,-0.174634,0.035802,0.125495,-0.357658,0.056177,-0.148516,-0.06739,-0.117636,-0.210337,-0.19437,-0.738353,-0.402738,-0.128485,-0.254549,-0.159821,-0.258644,0.052351,-0.074369,-0.334707,-0.037006,0.230112,-0.255434,-0.05968,0.224448,0.147657,-0.012819,-0.177487,0.08169,0.121768,0.137263,-0.132942,0.030208,-0.009503,0.005086,0.189048,-0.474956,-0.596108,0.4156,-0.516408,-0.368286,0.228452,-0.338233,-0.178608,-0.238423,-0.343462,-0.007704,-0.103684,-0.28375,-0.531791,0.209571,-0.085265,-0.494406,-0.322343,-0.417152,0.081072,-0.107154,-0.128022,0.117093,-0.483875,-0.143334,0.140204,-0.342362,0.084503,-0.472363,0.139551,-0.414514,0.389094,-0.139063,-0.084132,-0.230509,-0.174396,0.150491,-0.409244,-0.175099,-0.305952,0.367481,0.478181,-0.405865,-0.334123,0.097877,-0.012744,-0.349585,-0.225663,0.323693,0.086166,-0.063196,0.148638,0.131157,0.01562,-0.13295,-0.17031,0.06815,-0.058454,0.10529,-0.473394,0.247694,0.265105,0.62107,-0.483875,0.195939,-0.076178,-0.033013,-0.152606,0.062563,-0.189364,-0.046058,-0.259019,-0.325877,0.337879,-0.229621,0.276986,-0.041293,0.340108,0.176554,0.0529,0.288166,-0.129296,-0.151945,0.227807,#
9,0.201881,0.289075,0.134729,-0.188171,-0.162352,0.052131,-0.078435,-0.060792,0.285078,1.0,-0.256918,0.019828,0.267613,0.45328,0.204749,0.224052,0.009334,0.246924,-0.140869,0.336043,-0.39446,0.137502,0.230441,0.070719,0.084328,0.112561,-0.034736,-0.006465,0.269359,-0.075556,0.040206,0.037719,-0.001371,0.270646,-0.223347,-0.038981,0.301756,-0.245016,-0.166434,-0.073522,0.110366,-0.222085,0.268024,-0.001234,0.051303,-0.053948,-0.379692,0.231988,0.010825,-0.112076,-0.133881,-0.390411,0.24911,0.055659,-0.201989,-0.220597,-0.045306,-0.246858,0.142064,0.368006,0.277177,-0.273323,-0.390988,0.056318,0.036733,-0.364348,0.08819,0.022342,-0.60975,-0.259662,0.064235,-0.077809,-0.151849,-0.161564,-0.026912,0.246078,-0.166888,0.068628,-0.377603,-0.03009,-0.082299,-0.377603,-0.362539,0.203961,-0.51955,0.075502,0.223284,-0.354422,-0.218335,-0.207033,-0.227443,-0.470094,-0.399053,-0.094728,-0.107256,-0.080923,-0.681975,0.16629,0.290179,-0.175901,-0.25086,-0.149192,-0.034459,-0.110028,0.081028,-0.080265,0.104541,-0.046647,0.148002,-0.071699,0.401359,0.273501,-0.152435,0.323146,0.250404,0.069602,-0.485199,-0.445404,0.284315,-0.32101,-0.339032,0.077818,-0.138638,-0.185347,-0.339203,0.250572,-0.144723,0.240372,-0.244941,-0.328326,-0.051008,0.206224,-0.614861,0.015741,-0.36886,-0.137641,0.267037,-0.187093,0.221145,-0.368864,-0.380248,-0.110681,-0.399774,-0.021947,-0.341972,-0.014287,-0.369131,0.077144,-0.062727,-0.052996,-0.52419,-0.029393,-0.02343,-0.352988,-0.027443,-0.182043,0.7006,0.271616,-0.299926,-0.240733,0.146275,-0.267268,-0.234235,-0.148095,0.039757,0.47869,-0.290792,-0.199551,0.08833,-0.102599,-0.444674,-0.096961,0.130146,0.408629,0.098033,-0.268713,0.06855,-0.201861,0.624341,-0.347253,0.381471,0.060949,0.125956,-0.269017,0.121009,-0.242883,-0.03415,-0.06837,-0.673132,0.213501,-0.318365,0.1691,0.043997,0.178202,-0.428889,-0.00235,0.304908,-0.063539,-0.137758,0.437462,#
10,0.292345,0.028303,-0.421955,0.097626,0.037349,-0.076348,0.407658,0.117661,0.156802,-0.256918,1.0,0.510755,0.086649,-0.106988,-0.272183,-0.347677,-0.101987,-0.404099,-0.022412,-0.424309,0.068586,0.135471,0.064346,0.329897,-0.208414,0.053377,0.096468,-0.047565,-0.122657,-0.045887,-0.262946,0.365136,0.164188,-0.163542,0.37419,-0.019963,0.286766,-0.062974,0.079027,0.007969,-0.073197,0.399925,0.073027,-0.01002,0.105474,0.291053,0.43504,0.320786,-0.091331,-0.212399,-0.031962,-0.114726,0.23441,-0.36394,0.241316,-0.007876,0.011845,0.366318,0.037859,0.026429,0.0211,0.031653,-0.011593,0.279204,-0.370926,0.247292,0.090392,0.179743,0.217012,-0.27478,0.272619,-0.192629,0.090707,-0.504546,-0.105022,-0.206418,0.072717,-0.22903,-0.224546,-0.040736,-0.213449,0.088708,0.003976,-0.337326,-0.057933,0.16327,-0.265057,0.261514,-0.031681,-0.112942,0.070676,-0.044463,0.082503,-0.034478,-0.419969,-0.20728,0.342907,-0.295053,-0.191031,-0.273725,0.180778,0.042832,-0.26893,0.153734,0.128369,-0.07099,0.087713,-0.114048,-0.131622,0.193718,-0.216412,0.052855,0.243383,-0.253973,-0.128698,-0.038031,-0.003185,-0.070616,0.374012,0.029431,0.067271,0.094961,-0.044327,0.430043,-0.034562,-0.357422,-0.226132,0.106923,-0.23883,-0.276953,-0.130373,-0.302526,-0.022981,-0.092451,-0.124846,0.02886,-0.301119,-0.071191,0.008181,-0.328783,-0.078493,0.13704,-0.067647,0.110513,-0.134665,-0.234763,-0.138938,0.139152,0.030132,-0.301052,0.324277,-0.496788,-0.226605,0.041376,-0.19239,0.014495,-0.140279,-0.047349,-0.073693,-0.23394,-0.092744,-0.022969,-0.035611,0.150023,-0.00848,-0.126068,-0.003762,-0.294076,-0.327028,0.061287,0.430601,-0.221176,0.219192,-0.364201,0.290772,-0.098194,-0.16556,0.209108,-0.010094,-0.143495,0.060034,0.220518,-0.41502,-0.156366,-0.048478,-0.114368,-0.331939,-0.001463,0.145279,0.490299,-0.242559,0.407862,0.026202,-0.120879,0.28159,-0.238097,0.051311,-0.039664,-0.182667,-0.467742,#
11,0.621594,0.015862,-0.427628,-0.055773,-0.138163,0.092796,0.232188,-0.191936,0.148258,0.019828,0.510755,1.0,0.313539,0.175654,0.056582,-0.169511,-0.10912,-0.182594,0.14986,-0.24195,0.069993,-0.224681,0.051757,0.328338,-0.006625,0.052486,-0.253112,-0.042802,0.211461,-0.047445,0.041858,-0.099195,0.153109,-0.159467,-0.00021,-0.209165,-0.087513,-0.266571,0.268009,-0.197389,0.107186,0.413643,-0.102854,-0.054257,0.341921,0.131077,0.058678,0.245516,0.099145,-0.242329,-0.205384,-0.276184,0.234535,-0.375437,0.226027,0.075488,0.037029,0.206861,-0.194116,-0.046213,-0.190682,0.016711,-0.34306,0.03634,-0.282627,0.054175,0.095553,0.058963,-0.185604,-0.238778,-0.069407,-0.110277,-0.138667,-0.170971,0.190839,-0.242269,-0.443146,-0.054723,-0.557814,0.109265,-0.384232,-0.240957,0.155134,-0.361068,0.093811,-0.170891,-0.25539,-0.233437,-0.032463,-0.104003,-0.27948,-0.382499,0.090558,-0.233326,-0.109403,-0.206293,0.011435,-0.095799,0.003294,-0.081624,0.152774,-0.455693,-0.103634,-0.03426,0.109908,-0.06992,-0.23888,-0.109538,0.046102,-0.017941,-0.061288,0.045206,0.255076,-0.072975,0.045593,0.144572,-0.203008,-0.082814,0.073771,-0.001675,-0.100797,0.052826,-0.203461,0.617194,-0.220703,0.050236,-0.409523,-0.147486,-0.399483,-0.269915,-0.494236,-0.467199,-0.351853,0.386254,-0.449967,0.025445,-0.301054,-0.458003,0.288523,-0.49193,-0.081624,-0.203036,-0.070653,-0.298575,-0.223325,-0.439489,0.086941,0.213045,-0.493508,-0.300987,-0.00908,-0.31859,-0.406655,-0.141033,-0.217247,-0.163702,0.190492,0.229921,-0.065602,-0.234744,-0.272986,-0.190506,-0.032505,0.126015,-0.02918,0.039345,-0.007264,-0.071163,-0.324843,-0.240454,0.254582,-0.527957,0.223663,-0.074258,-0.043391,-0.261363,-0.16883,0.198167,0.142624,-0.478543,0.209855,0.055,-0.456092,-0.176658,0.305495,-0.330829,0.029357,-0.195771,-0.002963,0.321543,-0.585379,0.201435,0.192819,-0.144491,0.102473,-0.101544,-0.143905,-0.049409,-0.009191,-0.151692,#
12,0.387572,0.139815,-0.347157,0.085248,-0.411822,0.090283,-0.229933,0.086538,0.345852,0.267613,0.086649,0.313539,1.0,0.219814,-0.090913,0.204406,-0.000388,-0.0524,-0.162706,-0.283676,0.024368,-0.073128,-0.230804,0.009771,0.143674,0.01205,0.238901,0.193156,0.018583,-0.035835,0.239867,-0.149154,0.343019,-0.06047,-0.174362,0.243321,0.002845,0.100069,-0.044402,-0.420064,0.083937,0.08719,0.093999,0.07042,0.143974,-0.102485,0.108533,0.146268,-0.006534,0.011123,-0.1332,-0.186028,-0.096871,0.094659,-0.06063,-0.055128,-0.202005,-0.184306,-0.094367,-0.17206,0.146608,-0.352806,-0.296858,0.32761,0.075483,0.070013,0.155763,0.134159,-0.122997,-0.219916,0.007402,-0.000142,-0.167258,-0.014897,0.363792,-0.055875,-0.474363,0.247884,-0.155992,-0.107677,-0.264866,-0.137246,0.060498,-0.006396,-0.422121,-0.460411,-0.044852,-0.037272,0.014581,0.004529,-0.243968,-0.238379,-0.044104,-0.18025,-0.077777,-0.112762,-0.106539,0.193336,-0.144551,-0.350537,0.187905,-0.378931,-0.076094,0.17239,0.317692,0.097084,-0.402847,0.08851,0.001938,0.201308,0.103422,-0.319115,0.216005,-0.023622,0.03383,0.048164,-0.427207,-0.317426,0.039952,-0.290252,-0.219723,0.161486,-0.350187,0.203229,-0.179529,-0.181222,-0.153731,-0.10479,-0.203163,-0.23935,0.055937,0.097539,-0.098452,-0.18506,-0.382404,0.128507,-0.265802,-0.355403,0.321174,-0.302547,-0.052608,0.248613,-0.063431,0.212867,-0.312087,-0.187224,-0.157819,0.246116,-0.233607,-0.233561,-0.310126,-0.224242,-0.11024,-0.297756,0.238633,-0.625587,-0.045208,0.2513,-0.262402,-0.160955,0.103114,0.163993,-0.265416,-0.047877,-0.149022,-0.085989,-0.127172,-0.017755,-0.320659,-0.334425,-0.013402,-0.381016,0.038256,-0.119736,0.161815,-0.283003,-0.332849,0.214979,0.19959,-0.019793,0.171679,0.022275,-0.248824,-0.05533,0.592189,-0.273288,0.042857,0.075388,-0.085637,0.140172,-0.284312,0.214913,0.279117,0.074832,-0.072807,-0.166139,-0.037139,-0.22234,-0.283583,-0.150485,#
13,0.04945,0.426264,-0.128669,-0.397787,-0.30135,0.126075,-0.17098,-0.192348,0.299151,0.45328,-0.106988,0.175654,0.219814,1.0,0.070954,-0.093158,-0.127181,-0.057133,0.233586,0.147774,-0.058057,0.331316,0.172165,-0.177502,-0.398435,-0.013364,-0.083092,0.01847,0.124309,-0.331393,0.223403,-0.053801,0.024725,0.171374,-0.219833,-0.142469,-0.145158,-0.075843,-0.347816,-0.407246,-0.043854,-0.239352,0.155663,-0.357993,-0.166818,-0.257751,-0.38341,0.275359,-0.065802,-0.1824,-0.255661,-0.172033,0.242448,0.129555,-0.170309,0.087497,-0.095133,-0.123107,-0.040392,-0.160536,0.230001,-0.211168,-0.250708,-0.103466,0.051235,-0.002661,0.142918,-0.13831,-0.509785,0.114742,-0.131867,-0.041151,-0.360278,-0.059442,0.138974,0.304181,-0.214424,0.103273,-0.221722,0.369713,-0.152016,-0.103164,0.014114,-0.063713,-0.115992,0.035821,-0.262785,-0.207351,-0.182306,0.087288,-0.050229,-0.202113,-0.045587,-0.21892,-0.240779,0.041156,-0.380864,0.316683,0.40787,-0.09037,-0.344609,-0.204985,-0.061413,0.04503,-0.135242,-0.143556,0.281904,-0.193093,0.107115,-0.194498,0.412004,0.138363,-0.300684,-0.003405,0.350805,0.187316,-0.606086,-0.347136,-0.092916,-0.020966,-0.026735,0.33066,-0.263577,-0.202691,-0.313897,0.143801,-0.268177,-0.210476,-0.195298,-0.242091,-0.136518,-0.196996,-0.584921,-0.215444,-0.327128,0.258464,0.304476,-0.288062,0.166878,-0.32444,-0.129234,-0.247056,-0.284687,-0.21745,-0.152811,0.011293,-0.062768,0.202175,-0.018519,0.068975,-0.298807,0.268378,-0.005642,-0.007945,0.009044,-0.382251,0.590322,0.513372,-0.123803,-0.103538,0.006712,-0.254389,-0.172372,-0.128054,0.318198,0.676647,0.002546,0.261328,-0.056025,0.255202,-0.062483,-0.272871,-0.247517,0.375949,-0.090822,-0.247857,-0.036345,-0.182955,0.48304,-0.262791,0.243526,-0.354417,0.208869,0.184516,0.031555,-0.208518,0.109186,-0.268638,-0.557252,0.291854,-0.264726,0.277237,-0.17723,0.117353,-0.09921,0.219564,0.064824,-0.091653,-0.034345,0.257507,#
14,0.267826,0.139158,0.345701,-0.204886,0.039237,0.438508,0.415925,-0.224553,0.026887,0.204749,-0.272183,0.056582,-0.090913,0.070954,1.0,0.177348,0.316311,0.470612,0.037118,0.309985,-0.33338,0.067532,0.415501,0.048332,-0.000659,0.362988,-0.307807,-0.058646,0.071532,-0.253623,-0.082631,-0.187212,-0.021497,0.208803,-0.07617,0.093741,0.113303,-0.168663,0.081135,-0.169112,-0.2234,-0.346224,-0.151829,0.110774,0.392032,-0.06528,-0.156931,-0.239086,0.192567,-0.22316,-0.054519,-0.30766,0.049331,-0.328516,-0.279187,-0.100894,-0.28648,0.056582,-0.095218,0.091573,0.168447,0.368036,-0.237784,-0.272105,-0.32381,-0.356087,0.172707,-0.220677,-0.410168,-0.12056,-0.264395,0.142221,-0.271401,0.07443,-0.140117,-0.239052,-0.336816,-0.005329,-0.515749,0.299598,0.120835,-0.329924,-0.284287,0.086996,-0.0278,-0.25225,0.171887,-0.15379,0.111633,0.174348,-0.168877,-0.347407,-0.160369,-0.227242,-0.133583,-0.36061,-0.296637,0.045105,-0.241069,-0.069562,0.039321,0.038578,-0.286094,-0.243108,-0.19935,-0.021944,-0.170705,-0.196771,0.161219,-0.151241,0.129759,0.164246,-0.163935,0.087649,0.086268,0.071662,0.034895,-0.166877,-0.15519,-0.442348,-0.326608,-0.054848,-0.028935,0.189564,-0.157641,0.007685,0.150568,0.071729,-0.407982,0.012882,-0.272949,-0.099775,-0.369848,0.214416,-0.126944,-0.092166,0.083865,-0.447295,0.093476,-0.231459,-0.061869,-0.264025,-0.450796,-0.086995,-0.190913,-0.039205,0.179841,0.325771,-0.419143,0.07104,-0.253005,-0.309077,-0.138938,0.201457,-0.12969,0.375818,0.404809,0.363867,0.026548,0.308617,0.011737,-0.372609,0.28953,-0.222163,0.229574,0.359433,-0.365793,0.246429,0.380462,-0.034725,-0.024853,-0.183953,0.165297,-0.010263,-0.084895,-0.32702,0.177427,-0.019882,0.242974,-0.251799,0.158131,0.111853,0.303352,-0.236984,0.316885,-0.070864,0.064089,-0.040208,-0.224359,0.029189,-0.327976,0.189812,0.042218,0.224703,-0.524686,0.252942,-0.036149,0.328312,-0.282491,0.22598,#
15,0.041646,0.059177,0.110476,-0.181781,-0.318364,-0.308166,-0.364167,0.227037,0.078755,0.224052,-0.347677,-0.169511,0.204406,-0.093158,0.177348,1.0,0.241671,0.244697,-0.504262,0.177924,-0.088524,0.137076,-0.164232,0.000837,0.330945,0.010657,-0.045212,0.101622,-0.145588,0.134583,-0.014266,-0.448389,0.189591,-0.000716,-0.068109,-0.068196,0.101866,0.131118,0.166502,-0.077819,0.087072,-0.003824,-0.060711,0.188658,0.224532,0.031986,-0.033987,-0.187638,-0.037919,0.379201,0.038286,-0.305351,0.032629,-0.251546,0.139499,0.384705,0.187425,-0.345721,-0.043383,0.015474,0.29244,0.186823,0.079491,0.092493,0.142775,0.112026,-0.268801,-0.078386,-0.258892,-0.28704,0.091878,0.149454,0.22058,0.429258,-0.053727,0.110388,-0.269294,0.107677,-0.00598,-0.282574,-0.034533,-0.171722,-0.117573,0.255782,-0.192683,-0.508558,0.289306,-0.150486,-0.032125,0.089762,-0.286329,-0.087782,0.201239,0.104215,-0.137887,0.086746,-0.040939,0.06094,-0.090012,0.089003,-0.242997,-0.046435,-0.140257,-0.0578,0.002531,0.373846,-0.185397,0.06313,0.274908,-0.06772,0.012617,-0.016138,0.277745,0.533907,-0.306349,-0.303352,0.139187,-0.342533,-0.124052,-0.400524,-0.467081,-0.058742,-0.284321,-0.120111,-0.05898,-0.160716,0.009652,0.035475,0.096711,-0.094519,0.029317,0.134988,-0.292807,0.034895,0.121015,-0.045297,-0.230062,-0.126279,-0.210263,0.162246,0.089003,0.268881,-0.130502,0.104268,-0.184314,0.015261,-0.271826,0.248058,0.0634,0.331068,-0.235343,0.173115,0.175323,-0.19776,-0.038268,-0.013331,0.078477,0.107692,0.104328,0.166668,-0.18485,-0.268336,0.008608,0.138435,-0.09912,-0.220804,-0.311413,0.169258,0.041854,-0.183752,-0.297532,0.087254,0.306429,0.200962,0.043512,0.097903,0.200243,-0.007624,0.14837,-0.031199,0.014267,-0.109273,0.433085,-0.049384,-0.023418,0.243759,0.328327,-0.188832,-0.297871,-0.062318,0.115283,-0.094231,0.020265,0.324032,0.072018,-0.14668,-0.090863,-0.016589,0.262325,0.141564,#
16,0.234552,0.357826,0.038146,-0.325642,0.087192,0.199316,0.31865,0.095816,0.085209,0.009334,-0.101987,-0.10912,-0.000388,-0.127181,0.316311,0.241671,1.0,0.135419,0.108721,0.222887,-0.19676,0.303577,-0.027558,0.22587,-0.006029,0.11529,-0.251356,0.357415,-0.022638,0.22622,-0.258765,-0.136493,-0.082037,0.283179,-0.034981,0.189519,0.241674,-0.142375,0.036213,0.051314,-0.363965,-0.300264,0.0319,0.054611,0.314119,0.367411,0.028617,-0.047481,0.191296,0.275714,-0.13352,-0.377243,-0.152104,0.071316,-0.277587,-0.028706,0.05115,-0.108872,0.329164,0.027637,0.164358,-0.091618,-0.099972,-0.21702,-0.045346,-0.100727,0.122837,-0.136699,-0.131115,0.034767,0.228832,0.018978,0.139394,0.152541,-0.221508,0.210749,-0.194209,-0.486168,-0.165316,-0.268194,-0.152255,-0.14998,-0.262058,-0.006053,-0.131562,-0.432185,0.207692,0.002334,0.214162,0.118248,-0.191865,-0.118543,-0.338485,-0.01437,0.030801,-0.288116,-0.027247,-0.335116,-0.422915,-0.220652,0.079438,0.110673,-0.152195,0.112318,-0.247818,-0.14356,-0.319761,-0.052734,-0.049946,-0.373599,-0.159373,0.260454,-0.138663,0.182224,-0.553999,-0.27074,-0.182487,-0.334163,-0.142755,-0.413198,-0.386777,0.108137,-0.257703,0.057437,0.069022,-0.182418,-0.141811,0.102378,-0.081435,-0.053336,-0.369294,0.116027,-0.102276,-0.11403,-0.214091,0.30222,0.252693,-0.209245,0.0072,-0.233227,-0.228064,-0.088746,-0.213239,0.016105,-0.205799,0.054467,-0.100149,0.353552,-0.003078,-0.27652,0.104983,0.043365,0.031278,0.107218,0.025324,-0.09977,0.008114,0.559874,0.050935,0.174931,-0.140822,-0.094039,-0.058074,-0.236111,-0.164957,0.001578,-0.149399,0.391107,0.087513,0.088455,0.243713,-0.396988,0.259514,-0.088992,0.240089,0.028711,0.084078,0.49696,0.152074,-0.409595,0.377862,-0.022665,0.483512,0.307302,0.313203,0.160332,0.242826,-0.256419,-0.275298,0.472469,-0.299203,0.071846,0.187217,0.444617,-0.076917,0.202302,0.108761,-0.092342,0.073233,-0.034818,#
17,-0.192215,0.240902,0.600215,-0.125506,-0.315564,0.20576,4.6e-05,-0.159397,0.091261,0.246924,-0.404099,-0.182594,-0.0524,-0.057133,0.470612,0.244697,0.135419,1.0,-0.167655,0.513735,0.13535,-0.035659,0.285688,-0.221349,0.102157,0.019698,-0.006758,0.113059,-0.106514,-0.265093,0.218278,-0.273026,-0.079122,0.283372,-0.192599,0.229803,0.044043,0.040043,-0.007641,-0.274271,0.092599,-0.050237,-0.202927,0.08313,0.342035,-0.017307,-0.383501,-0.337792,0.260243,-0.214873,-0.031674,-0.033064,0.255671,0.000406,-0.198355,0.077407,0.020965,-0.228955,-0.309703,0.31087,0.098085,0.179231,-0.179999,-0.307295,-0.025391,-0.229828,0.001638,-0.100787,-0.388768,0.202516,-0.37521,-0.325045,-0.177863,0.321362,-0.19212,-0.212549,-0.048362,0.163872,-0.106752,0.196984,0.347177,-0.106752,-0.326136,0.675631,-0.024668,0.013926,0.221753,-0.130065,0.153136,-0.040474,0.32188,-0.152807,-0.284061,0.303214,0.310523,0.019015,-0.440225,0.368993,-0.090139,0.020161,-0.331667,-0.234062,0.124761,0.292212,0.316446,0.109361,0.083319,0.26375,0.21932,-0.271556,0.120821,-0.114794,-0.205947,0.351409,0.102835,0.034693,-0.116618,-0.253112,-0.00339,-0.221171,-0.162725,0.040166,0.164385,-0.082469,-0.069021,-0.060417,0.481399,0.086799,0.072115,0.16967,0.129456,0.468266,-0.166903,-0.089151,-0.006229,0.15752,0.032541,0.190488,-0.158298,0.002351,-0.200326,0.152103,-0.412646,-0.243465,0.011714,0.171429,0.086327,-0.266559,0.025718,0.281677,-0.43957,-0.141673,0.348312,0.087427,0.008124,0.288097,0.334641,0.050676,-0.14408,0.217811,0.529156,-0.289912,-0.045165,0.23361,0.351763,0.117962,0.0624,0.053705,0.31952,-0.082305,-0.260221,-0.104493,0.144005,-0.191784,-0.375461,0.018365,0.289485,-0.220058,0.289958,-0.040829,0.088588,-0.232945,0.111936,-0.381666,0.123977,0.360876,0.031257,-0.066539,-0.3368,-0.079906,0.179403,-0.369826,-0.323738,0.003629,-0.448421,0.018196,-0.060776,0.327895,-0.094343,0.551753,#
18,-0.05654,0.194639,-0.237224,-0.091782,0.497005,0.299212,0.189319,-0.283334,-0.104595,-0.140869,-0.022412,0.14986,-0.162706,0.233586,0.037118,-0.504262,0.108721,-0.167655,1.0,-0.210266,0.223784,0.013399,0.218285,-0.192885,-0.194449,-0.021026,-0.084715,-0.110411,0.376967,0.034673,0.000674,0.089168,0.137726,0.091736,0.157502,-0.219904,-0.240082,-0.09105,0.066187,-0.017252,-0.012174,-0.246562,-0.080204,-0.455743,-0.349471,0.003014,-0.267444,0.042031,0.000704,-0.175765,-0.043255,0.100732,-0.118972,0.219085,0.104498,0.019316,-0.352263,0.295114,0.059005,-0.001587,-0.145616,-0.002077,-0.183061,-0.357324,-0.030663,0.124702,-0.06567,-0.020167,0.063542,0.142389,-0.187507,0.074988,-0.117968,-0.145808,-0.112065,0.193208,0.21481,-0.256492,-0.049728,-0.055544,-0.22571,-0.049728,0.142403,-0.304179,0.08641,-0.028216,-0.423221,0.190398,-0.258495,-0.238382,0.084634,0.120426,0.023573,-0.221378,0.231715,-0.175688,0.024432,-0.083362,-0.040387,0.121455,0.127382,0.006789,-0.102557,-0.145508,-0.277338,-0.437106,-0.268846,-0.04593,-0.226379,-0.403571,-0.079842,0.271985,-0.597521,-0.179318,0.023579,-0.037377,-0.232445,0.234219,-0.070247,-0.003145,-0.094642,-0.352093,-0.033103,0.180404,-0.148127,0.049788,-0.243185,0.020794,-0.395492,-0.094642,-0.20258,-0.254562,-0.032105,-0.074439,-0.150378,0.188056,0.507205,0.112826,0.344869,-0.16499,-0.084163,-0.24671,0.081913,-0.245737,0.073355,-0.207139,0.082568,-0.002905,-0.181158,-0.08859,0.329944,-0.114913,0.174835,0.001059,0.095084,-0.146083,0.107639,0.144941,-0.277564,0.089546,-0.006897,-0.035885,0.187688,-0.269205,0.031753,0.347483,0.430498,0.150173,0.025277,0.079217,0.271766,-0.324877,-0.165184,-0.091983,-0.179696,-0.234194,-0.15481,0.242683,0.205873,-0.137112,0.401326,-0.239618,-0.21072,0.227315,0.163397,-0.292539,-0.269964,0.10329,0.151474,0.017322,-0.198705,0.196096,0.048759,-0.091186,-0.061116,0.120347,-0.225262,-0.028298,-0.347779,-0.307949,#
19,-0.199759,0.121821,0.343506,-0.12061,-0.036504,0.017002,0.078305,-0.033624,0.208708,0.336043,-0.424309,-0.24195,-0.283676,0.147774,0.309985,0.177924,0.222887,0.513735,-0.210266,1.0,-0.01392,-0.085857,0.127648,-0.060207,-0.339138,0.117606,-0.204494,0.186179,0.083005,-0.266053,0.276595,-0.161941,0.019536,0.163905,-0.383025,0.100108,0.07539,-0.298093,-0.162251,0.093763,-0.036569,-0.115654,-0.211351,-0.020833,0.151376,-0.024013,-0.467216,-0.060976,-0.03807,-0.103538,-0.191422,-0.082366,0.120417,0.223843,-0.267192,-0.170396,0.218996,-0.255337,-0.012646,0.17493,-0.242527,-0.251371,0.133927,-0.078218,0.203555,-0.507054,0.0792,0.126281,-0.391322,0.265775,0.064704,-0.276265,-0.050257,0.16413,-0.282474,0.141825,-0.145999,0.145857,-0.079528,0.311438,0.100415,0.05163,-0.068021,0.492082,-0.059967,0.118196,0.346824,-0.238544,0.286945,0.007069,-0.006349,-0.173186,-0.236029,0.359809,0.303615,0.132371,-0.192657,0.320431,0.359809,0.230837,-0.376082,0.054558,0.430361,-0.135305,0.044821,0.409613,0.24795,0.105719,0.241082,-0.1224,0.249666,-0.028039,-0.207323,0.327648,0.100488,0.326893,-0.133521,-0.241662,0.093841,-0.184057,-0.150933,0.355404,0.126046,-0.338964,-0.000591,0.300977,0.285225,-0.127204,0.345035,0.038077,-0.035102,0.37149,-0.195707,-0.05136,0.047844,0.244946,0.034658,0.022026,-0.091751,0.063414,0.014377,0.074924,-0.194066,-0.095616,-0.083028,0.248397,0.170025,-0.134382,0.10027,0.280876,-0.472893,0.208493,0.330805,0.161949,0.001946,0.170222,0.47929,0.267118,0.023748,0.10795,0.263547,-0.015487,0.034606,0.19134,0.1502,0.198103,0.028274,0.253307,0.572894,0.133348,-0.201951,0.094376,-0.139316,0.249103,-0.332406,0.1562,0.564876,-0.409219,0.235011,-0.127347,-0.200791,-0.309876,0.366372,-0.256054,-0.274157,0.050052,0.207787,-0.309789,-0.371232,0.208609,0.145857,-0.323155,-0.397122,0.410928,-0.087035,0.058366,0.01795,0.100155,0.227004,0.734441,#
20,-0.260879,-0.045122,0.00326,0.15177,-0.102504,-0.363781,-0.194591,-0.029287,-0.197556,-0.39446,0.068586,0.069993,0.024368,-0.058057,-0.33338,-0.088524,-0.19676,0.13535,0.223784,-0.01392,1.0,-0.218597,-0.022351,-0.265451,-0.372574,-0.333077,0.234041,0.162725,-0.211543,-0.148622,0.236759,0.053255,0.459929,0.087196,0.005311,-0.333585,-0.459233,0.133121,0.009148,-0.157765,0.253716,-0.021835,-0.336259,-0.109813,-0.065726,0.042492,-0.121626,0.018577,-0.136356,-0.261823,0.038857,0.346331,-0.21719,0.166457,0.222676,0.1442,0.021371,0.233664,-0.270761,0.070146,-0.442588,-0.101249,0.018274,0.200342,0.119951,0.360109,0.138375,0.213009,0.173229,0.394696,-0.069481,-0.399052,-0.10298,0.162964,-0.216996,-0.210119,-0.051747,0.202321,0.172753,0.043681,0.187272,0.323304,0.426195,0.149795,0.178376,-0.11455,0.053858,0.176032,0.019621,0.130506,0.461906,0.385886,0.328525,0.373552,0.337801,0.212716,0.274233,0.08826,-0.045515,0.356484,-0.354198,-0.385634,0.323762,0.287492,0.292473,0.336888,0.000412,0.434298,0.143031,-0.160724,0.007438,-0.287133,-0.124952,0.031111,0.162599,0.279931,0.039507,-0.002348,-0.05989,0.295862,0.126127,-0.102663,0.210305,0.103984,-0.069297,0.108009,0.182825,-0.020833,0.324143,0.126127,0.228893,0.110799,0.222132,-0.116198,0.282073,0.281841,-0.027207,0.363884,-0.038644,0.273956,0.1526,0.526377,0.163927,-0.156855,0.066831,0.010096,0.347676,-0.448436,0.152081,0.492415,0.115599,0.033768,0.442715,0.26589,0.292112,0.089002,-0.143292,-0.280288,-0.134366,0.162943,0.453705,0.238203,0.003603,0.166251,-0.025591,-0.09446,0.652461,0.000373,0.102559,-0.221103,0.214107,-0.151665,-0.153052,-0.377207,-0.60566,0.219072,-0.092191,-0.092732,-0.083057,0.267046,-0.183542,-0.421787,-0.230501,-0.074162,-0.097242,0.047149,0.019814,0.117014,0.061306,-0.222878,0.378928,-0.379768,-0.376982,-0.169219,0.152379,-0.418791,-0.485197,-0.074556,-0.105466,-0.058395,#
