0,1.0,-0.245555,-0.037698,-0.010797,0.028808,0.027547,0.026062,0.01922,-0.348879,-0.086761,0.061924,0.050941,0.287117,0.14441,-0.059369,0.167622,0.005116,-0.416016,0.23533,-0.219004,0.49461,-0.07295,-0.172058,-0.468154,-0.247722,-0.45216,-0.003209,-0.191015,0.314059,0.160758,0.259062,0.11695,0.192688,-0.036705,0.050851,0.113706,0.183398,-0.181429,-0.294414,-0.132347,0.195351,0.295722,0.102255,-0.047037,-0.40063,-0.051384,-0.296122,-0.157712,-0.041174,-0.084494,-0.114668,-0.113531,0.288974,0.129084,0.479379,-0.068738,-0.243923,-0.082888,-0.261368,0.304414,0.426217,0.322701,0.089046,0.10202,-0.03304,-0.131362,-0.192321,0.398597,-0.226579,-0.293185,-0.037803,-0.160202,-0.442362,-0.228446,-0.419205,0.291806,-0.060372,0.062769,-0.371441,-0.104138,-0.077037,-0.448789,0.047859,-0.222887,-0.160636,-0.142257,-0.281821,-0.001208,-0.213128,-0.204286,-0.313309,-0.296997,0.00034,-0.34577,0.000688,-0.332541,-0.29597,-0.016536,-0.25936,0.176532,0.200454,-0.111915,-0.191431,-0.110996,-0.010667,-0.249883,0.067013,0.149238,-0.18562,0.178091,-0.043965,0.2348,-0.441756,-0.138745,0.123437,0.122921,-0.232518,-0.325903,-0.478871,0.068801,-0.282319,0.1777,0.040375,-0.195071,-0.029523,-0.262725,-0.382322,0.183658,-0.251041,0.25268,0.14019,-0.600415,-0.078501,0.119948,-0.189226,0.073139,-0.121159,0.010701,0.246327,-0.227613,-0.129286,0.227341,0.106002,0.249355,-0.097569,-0.097815,-0.163266,0.026922,-0.327737,-0.440803,-0.061146,-0.305386,-0.154028,-0.392494,0.191681,-0.032655,0.113046,0.04967,-0.29662,-0.209956,0.130876,-0.392271,0.071186,-0.360064,-0.182914,-0.430902,-0.395519,0.156537,-0.062999,-0.214158,0.13929,0.27896,-0.41846,0.00429,-0.214258,0.126307,-0.018239,0.163867,-0.134669,0.175929,0.066368,-0.090726,0.269457,0.509346,0.183829,0.126641,0.086479,-0.076654,0.099117,0.312572,-0.28873,0.04492,0.262284,-0.20992,-0.107817,0.119023,-0.050952,-0.302008,-0.234142,0.126784,#
1,-0.245555,1.0,0.291006,-0.410357,-0.06845,0.023311,0.14592,0.369375,0.106651,0.360128,-0.291872,0.068826,0.201414,0.424849,0.361483,0.103971,-0.618366,0.322744,0.023639,0.170832,0.008097,0.135985,0.397055,0.262992,0.161007,-0.116095,-0.099972,-0.166079,-0.132247,0.246801,-0.058937,-0.015833,0.046128,0.002241,-0.427801,0.207206,0.064785,-0.004694,0.047626,0.07455,-0.013517,0.290808,-0.252363,-0.222609,0.436891,-0.401699,0.245037,-0.198714,0.110822,0.147954,0.214138,-0.208208,0.032695,-0.148995,-0.237624,-0.071154,-0.23903,-0.450827,-0.198373,-0.222309,0.187195,-0.07689,-0.435808,-0.17261,0.461428,0.187825,0.134193,-0.151278,0.064312,0.090005,0.196103,0.226449,0.186159,-0.181502,0.046277,-0.185684,-0.315853,-0.202857,0.094304,0.044242,0.169426,-0.272682,-0.277398,0.270644,-0.187886,-0.266884,-0.26025,-0.292226,-0.015756,0.246253,0.07661,-0.272326,-0.353116,0.030728,-0.316516,-0.026619,0.177692,0.299349,0.475882,-0.211397,-0.066934,0.048304,-0.199131,-0.139639,-0.315647,-0.03955,-0.334028,0.048259,-0.107324,-0.288233,0.357816,0.279564,-0.156309,0.08549,0.011079,-0.066285,-0.070036,-0.051315,0.452133,-0.416606,-0.180776,-0.428415,-0.473362,0.165735,-0.338833,-0.050431,0.403196,0.418851,-0.240768,0.022623,0.259147,0.376546,-0.055841,-0.444207,-0.171585,-0.43235,0.226071,0.227766,-0.131219,-0.094702,0.083898,-0.20077,-0.198201,-0.343258,-0.109013,0.151462,-0.142855,0.210438,0.020396,0.063155,-0.241108,-0.151846,0.00561,-0.039591,-0.069774,0.072357,0.343788,-0.024926,-0.04688,-0.199326,0.156961,0.086681,-0.050072,0.182073,0.20913,0.164549,-0.115091,-0.075504,-0.312759,-0.151422,-0.307918,-0.184526,0.002679,-0.108117,0.013193,-0.134245,-0.033535,0.126293,0.369034,-0.435463,0.449159,0.10867,-0.649376,-0.212875,0.120454,-0.049744,0.304212,-0.292557,-0.32236,0.515615,-0.151662,-0.29146,-0.045124,0.548327,-0.127507,-0.257268,0.077338,0.170234,0.570497,-0.013222,#
2,-0.037698,0.291006,1.0,0.134421,0.011958,-0.168537,0.133225,0.111214,0.143653,0.119031,-0.017624,-0.225833,-0.211906,-0.028637,-0.113624,-0.13128,-0.65108,0.374258,-0.162385,0.130069,-0.007579,0.408466,-0.051698,0.178663,0.550276,0.090413,0.370513,-0.036085,0.069644,-0.074904,0.159445,0.064997,-0.230331,-0.299732,-0.011625,-0.118181,0.078718,0.002877,0.394801,-0.415105,0.320325,-0.00398,0.114195,-0.033534,0.067539,-0.242382,-0.168397,0.483904,-0.1016,-0.224376,-0.147071,-0.063414,0.352884,-0.011356,-0.284258,-0.007239,-0.132558,-0.280093,-0.237398,0.186018,0.039988,-0.21254,-0.222469,-0.289804,0.080097,0.017527,0.331132,-0.009903,0.072488,0.51311,0.176497,0.356418,0.25869,0.248067,0.257842,-0.114677,-0.034934,-0.244642,0.086709,0.083735,0.235081,0.030761,-0.086681,0.323373,-0.124578,0.200873,0.186807,-0.043941,0.210922,0.138614,0.005193,0.037192,0.246115,0.13738,0.15745,0.186112,0.453188,0.36711,0.4751,0.219037,-0.045895,0.38701,0.145625,0.021095,-0.052589,0.353047,0.143646,0.215689,-0.536335,-0.118889,0.609082,-0.016774,0.228695,0.077691,0.343032,0.147373,-0.256323,0.058832,0.37198,-0.003589,0.191494,0.039594,0.068741,0.274451,0.119994,0.183785,0.214332,0.021191,-0.079212,0.347269,0.641244,0.160406,0.398442,0.062832,-0.006441,0.181773,-0.400125,0.345589,0.456404,0.163603,0.00317,-0.067821,0.160513,-0.141145,-0.119869,0.077865,-0.312725,0.029337,0.313165,0.25106,-0.017286,0.113964,0.189599,-0.034822,-0.049579,0.247814,0.145196,-0.006185,0.210713,0.174205,0.441361,0.220405,-0.144487,0.359097,0.259341,-0.201611,0.017628,-0.002096,-0.184702,0.221364,-0.052163,-0.225669,0.115931,0.32234,-0.223968,0.274103,0.197237,-0.123959,0.079228,0.007579,0.248992,-0.080994,-0.416669,-0.077478,-0.259431,0.290946,0.175769,0.028771,-0.094625,-0.009203,0.115068,-0.408084,-0.218407,0.446987,-0.359157,-0.007458,-0.138416,0.173378,0.345936,0.018331,#
3,-0.010797,-0.410357,0.134421,1.0,0.151212,-0.438029,-0.33101,-0.345071,-0.028527,-0.386904,0.178475,-0.109241,-0.292323,-0.342328,-0.41559,-0.394068,0.030706,-0.119506,-0.251861,0.09641,-0.186252,0.11386,-0.36038,0.260684,0.093912,0.385461,0.273649,0.24363,-0.039892,-0.42449,0.202119,0.239336,0.078481,-0.202186,0.486185,-0.169026,-0.15402,-0.057829,0.094464,-0.125098,-0.034866,-0.298475,0.086984,0.114528,-0.264432,0.455963,-0.184162,0.13965,0.034301,-0.293321,-0.276931,0.314312,0.010674,0.021607,-0.285667,-0.028157,0.418034,0.238904,0.374207,0.315471,-0.215186,-0.095282,0.082219,-0.335569,-0.159071,-0.338699,0.256513,-0.104388,0.093601,0.024522,-0.154865,-0.020281,0.090261,0.091155,-0.089025,-0.101568,0.28239,0.269561,-0.024599,-0.231731,0.104749,0.550151,0.196542,-0.150588,0.334645,0.35052,0.516016,0.198915,0.0308,-0.177855,0.100623,0.380503,0.317869,-0.151117,0.429462,0.36945,0.470125,0.19732,-0.186015,0.307945,0.009476,0.265351,0.820042,0.074949,0.607387,0.287879,0.256226,0.153825,0.063708,0.076453,-0.093553,-0.321866,0.234409,0.064977,0.261705,-0.020343,0.03899,0.044822,-0.251566,0.440264,0.272036,0.380412,0.685998,0.316208,0.317619,0.328922,0.022516,-0.195218,0.600617,0.421008,0.131361,-0.01812,0.28195,0.095845,0.344807,0.442085,-0.077016,0.220161,0.067076,0.623955,0.286411,0.237661,0.261997,0.18539,0.331461,0.211151,0.10413,-0.260171,0.345973,0.019416,0.233288,0.477128,0.192701,0.460098,0.069118,0.370107,-0.137841,-0.452584,0.329036,0.207985,-0.166217,0.341802,-0.056203,0.140596,-0.136431,-0.219316,0.336389,0.217341,0.121206,0.517156,-0.091105,-0.042631,0.429847,0.405493,-0.339034,0.496888,0.351927,-0.119705,-0.553061,0.487544,-0.300685,-0.179987,0.265599,-0.017913,-0.313891,0.099109,-0.200241,0.133442,0.493226,-0.306419,0.352257,0.076391,-0.276721,-0.180401,-0.199525,-0.062454,-0.205062,0.112677,0.070356,-0.445482,#
4,0.028808,-0.06845,0.011958,0.151212,1.0,-0.24324,-0.213966,0.144287,-0.049401,-0.377843,0.03539,-0.258688,0.054328,-0.116204,-0.190646,-0.287826,0.140725,-0.128867,0.156218,-0.270118,-0.312457,-0.357581,0.112582,-0.042502,0.031967,-0.078528,-0.208332,0.240305,-0.307044,0.092516,-0.254163,-0.460602,-0.124379,0.123768,-0.004876,0.124573,-0.080937,-0.246128,0.159729,0.547603,0.068532,-0.37583,-0.199962,0.153397,-0.125424,0.266588,-0.210568,0.088332,0.199098,-0.115628,0.202358,0.045212,-0.019193,-0.081381,0.135562,-0.079142,0.11007,0.282257,-0.028024,-0.20939,-0.290893,-0.020283,-0.058645,0.023343,-0.169189,0.213655,0.377015,-0.194177,0.255568,-0.062757,0.046075,-0.290057,-0.158205,0.217061,0.211691,0.212462,-0.048272,-0.380442,-0.170016,-0.235804,-0.196792,0.021146,0.157817,-0.0283,-0.057724,-0.140111,0.028102,0.298292,-0.019248,-0.111508,0.164399,0.015538,0.238028,-0.304833,-0.251132,0.137867,0.318661,0.04353,-0.047506,0.106634,0.105334,-0.038452,0.327522,-0.227763,-0.075799,0.209973,0.186989,-0.08667,-0.126766,-0.101156,-0.048079,0.173992,0.420826,0.004902,0.002092,0.041187,0.097898,0.217114,-0.21992,0.287587,-0.206866,-0.015559,0.319899,0.092124,0.379339,0.044328,-0.028443,-0.052535,0.079641,0.169752,-0.026111,-0.272816,-0.032157,-0.374323,0.024194,0.148163,0.003642,0.081288,-0.146829,0.261237,-0.030827,-0.288946,-0.001081,0.210864,0.043508,-0.330398,-0.380963,0.007793,0.191633,-0.26858,-0.106191,-0.072695,-0.328629,-0.099073,-0.063126,-0.291781,-0.210183,-0.049369,0.016979,0.260043,-0.210288,-0.138736,-0.24804,0.082493,0.189745,-0.439597,-0.100277,-0.109405,0.002025,0.04942,-0.169994,-0.218885,-0.122602,-0.0877,0.200186,0.353323,0.300369,0.512887,-0.052818,-0.031004,-0.330767,0.124322,0.228805,0.194626,0.10563,-0.071855,-0.239686,-0.371265,0.205573,-0.107803,-0.00342,-0.003652,0.396531,-0.038771,-0.156121,0.261471,0.025654,0.04536,-0.261558,-0.269281,#
5,0.027547,0.023311,-0.168537,-0.438029,-0.24324,1.0,0.586271,0.586271,0.087565,0.347304,-0.062183,0.251568,0.447026,0.403901,0.356499,0.308678,0.227488,0.302855,0.326064,0.183784,0.211276,0.263112,0.1488,0.079218,-0.271247,-0.073902,0.125431,-0.274462,0.311014,0.020534,-0.031022,0.033162,0.027209,0.020205,-0.295071,-0.178678,0.143094,0.051344,-0.213245,-0.361256,-0.186519,0.405649,0.319976,-0.200204,-0.105432,-0.564655,0.120225,-0.135689,0.213552,0.136394,-0.266402,-0.086979,0.123372,0.144045,0.453376,0.523192,-0.284795,-0.438951,-0.127501,-0.209946,0.518059,-0.298561,-0.148754,0.521967,0.023143,0.574616,-0.041439,0.351582,-0.122668,-0.003014,-0.004885,0.326986,-0.466432,-0.187688,-0.146689,0.414887,-0.117732,0.034356,0.287862,0.040759,0.133549,-0.279288,-0.279538,-0.350732,-0.174468,-0.071035,-0.07775,-0.08608,-0.018407,-0.25344,-0.188662,-0.278949,-0.362147,0.209739,-0.108974,-0.236784,-0.144005,-0.298905,-0.032637,-0.411065,-0.073641,0.023511,-0.411617,-0.155172,-0.324704,-0.239216,-0.339966,-0.133865,0.187719,-0.314983,-0.05736,0.040973,-0.367783,-0.340525,0.10086,-0.081085,-0.396303,-0.066297,0.207633,-0.424314,0.054281,-0.632556,-0.271787,-0.736657,-0.174713,-0.060781,-0.232539,-0.075956,-0.182874,-0.204138,-0.139799,-0.059259,-0.261005,0.160631,-0.182833,-0.19475,0.223989,-0.52194,-0.060495,-0.520553,-0.163434,0.006139,-0.20001,-0.192668,-0.333592,-0.122946,0.173662,0.201316,-0.191652,-0.206731,0.05588,-0.064639,-0.00116,-0.042406,-0.088371,-0.381103,0.31416,0.517599,-0.286974,-0.224891,0.238983,-0.147607,-0.367077,-0.193997,0.207405,0.364228,0.098699,0.13307,-0.040758,0.301506,0.179807,0.022581,-0.281622,-0.108546,0.412999,-0.355873,-0.01955,-0.267675,0.356931,-0.241539,0.445444,0.281756,-0.02542,-0.004173,0.347895,0.146508,-0.025615,0.173168,-0.318466,0.122609,-0.169954,-0.15671,0.19997,-0.285405,-0.19134,-0.046347,0.287506,-0.074405,-0.347546,0.363505,#
6,0.026062,0.14592,0.133225,-0.33101,-0.213966,0.586271,1.0,0.602988,0.245664,0.506148,-0.05391,0.212856,0.499581,0.221819,0.152606,-0.000319,-0.021609,0.089106,0.174266,-0.071878,-0.021786,0.48552,0.025865,0.167483,0.073627,-0.142229,0.399814,0.053907,0.545561,0.070629,-0.318,-0.105535,0.010831,-0.129263,-0.080738,-0.016514,-0.178807,0.120279,-0.091607,-0.431735,0.081848,0.219243,0.395747,-0.337878,-0.126005,-0.416228,-0.032885,-0.232259,0.074087,0.337491,-0.121178,-0.138762,0.1422,-0.012495,0.27909,0.350735,-0.127964,-0.54357,-0.16911,0.230668,0.340534,0.034124,-0.156294,0.248157,0.090029,0.293852,0.092369,0.282379,0.142877,0.05505,0.258756,0.238965,-0.351679,-0.190045,0.014115,0.230533,0.052136,0.128678,0.062756,0.012339,-0.05139,-0.244204,-0.318939,-0.15497,-0.193368,0.295191,-0.063253,-0.205057,0.306526,-0.138266,-0.069797,-0.430994,-0.213336,0.026887,0.17802,-0.257128,0.082385,-0.08446,0.08666,-0.585319,0.029061,0.11897,-0.342673,-0.040118,-0.416158,0.097778,-0.327394,-0.463126,-0.032062,-0.282459,-0.220735,-0.075288,-0.289983,-0.38355,-0.056082,-0.324319,-0.28839,0.29686,0.038924,-0.151089,0.146476,-0.424643,-0.06363,-0.59103,-0.306868,-0.166689,0.11578,0.108681,-0.260449,-0.083595,-0.13308,-0.114285,-0.401263,0.154045,0.050533,-0.075375,0.275519,-0.37721,-0.099689,-0.295765,-0.047544,-0.312245,-0.284052,-0.097571,-0.243247,-0.144982,-0.064081,0.14194,-0.135694,-0.075681,0.069634,-0.072732,0.141282,-0.08846,-0.001523,-0.427075,-0.059239,0.21048,-0.154039,-0.112994,-0.166406,-0.21432,-0.250811,0.053452,0.291864,0.25271,0.196705,0.294196,-0.193702,0.377142,0.258114,-0.084752,-0.163346,0.182159,0.559512,-0.256003,0.306275,-0.07993,0.495749,-0.430613,0.355929,0.59285,0.092846,-0.359482,0.15697,-0.036752,-0.088722,0.254142,-0.21548,0.270284,-0.230921,-0.216445,0.243429,-0.077723,-0.065781,0.0888,-0.086234,0.026808,-0.240232,0.288523,#
7,0.01922,0.369375,0.111214,-0.345071,0.144287,0.586271,0.602988,1.0,0.066363,0.331725,-0.05391,0.033557,0.708209,0.587034,0.152606,0.199212,-0.035454,0.269863,0.413893,0.111368,0.161296,0.289066,0.225644,0.167483,0.073627,-0.142229,-0.028509,-0.142108,0.160826,0.304549,-0.122009,-0.114788,0.192789,0.10519,-0.422256,0.16722,0.047556,-0.049614,-0.091607,-0.223429,0.081848,0.241583,0.182934,0.085943,-0.126005,-0.618304,-0.032885,-0.275643,0.112474,0.061662,-0.121178,0.103412,0.363545,-0.020963,0.299514,0.298363,-0.333634,-0.361763,-0.16911,-0.014199,0.340534,0.043436,-0.297523,0.321083,-0.092358,0.522178,0.092369,0.21807,0.066529,0.05505,0.291813,0.293566,-0.580675,-0.190045,0.024287,0.26381,-0.116045,-0.075705,0.248358,-0.162918,0.13721,-0.244204,-0.318939,0.030632,-0.370571,-0.058859,-0.063253,0.002465,0.126053,-0.355628,-0.069797,-0.420688,-0.403707,0.037544,-0.216469,-0.068407,0.082385,-0.08446,0.318309,-0.585319,0.029061,0.11897,-0.152984,-0.452307,-0.209211,0.097778,-0.327394,-0.235376,-0.032062,-0.462033,-0.027137,0.344634,-0.279335,-0.183695,0.129515,-0.134784,-0.28839,-0.051497,0.233375,-0.341263,-0.25867,-0.759682,-0.238315,-0.59103,-0.286531,-0.15473,0.11578,0.134671,-0.269097,0.124732,-0.13308,0.078053,-0.214881,-0.02519,-0.309019,-0.075375,0.275519,-0.37721,-0.109229,-0.295765,-0.047544,-0.101973,-0.284052,-0.144129,-0.043486,-0.155592,-0.292761,0.14194,-0.135694,-0.281507,-0.298792,-0.072732,-0.21519,-0.08846,-0.199477,-0.427075,0.193918,0.21048,-0.154039,-0.112994,0.039839,-0.02242,-0.250811,0.071855,0.304693,0.072848,0.196705,-0.048442,-0.193702,0.377142,-0.187788,-0.207278,-0.163346,-0.015219,0.379833,-0.256003,0.306275,-0.068286,0.495749,-0.430613,0.355929,0.59285,-0.090961,-0.160261,0.377815,0.156633,0.29029,-0.157085,-0.228368,0.462197,-0.212117,-0.402559,0.478539,-0.077723,-0.495855,-0.262046,0.30798,0.038833,-0.030634,-0.078865,#
8,-0.348879,0.106651,0.143653,-0.028527,-0.049401,0.087565,0.245664,0.066363,1.0,0.20457,-0.220342,-0.02573,-0.020126,0.147569,0.377537,-0.057694,-0.125009,0.414502,-0.162611,-0.044513,-0.260089,0.334263,0.22706,0.420956,0.092091,0.379062,0.301366,0.366307,0.16985,-0.047314,-0.142768,-0.308491,-0.04031,-0.063712,0.107402,0.049395,-0.176095,-0.300797,0.383526,-0.146236,0.160183,-0.265974,-0.017294,0.001925,0.313493,-0.048356,-0.229391,0.236991,0.224577,0.119265,0.168712,-0.268618,-0.168083,-0.018476,-0.128854,0.512662,0.295569,-0.461705,-0.107442,0.211362,-0.124455,-0.002782,-0.011612,0.126892,0.13192,0.165051,0.083388,0.147451,0.134423,0.360238,0.057535,0.149396,0.162852,0.078494,0.108981,-0.234566,0.022202,-0.147687,0.040192,-0.040972,0.05147,0.095811,-0.157118,0.027654,0.174327,0.435633,0.273404,-0.153081,0.010917,-0.07498,0.403334,0.242174,-0.068704,0.447959,0.222743,0.011219,0.163893,-0.034677,-0.131265,-0.164071,0.247306,0.40875,-0.055721,0.405078,-0.317374,-0.056979,0.102865,-0.169413,-0.106694,-0.211815,-0.04297,-0.349558,0.172686,-0.339747,0.022453,0.079557,0.117552,0.127998,0.375073,-0.046169,0.214851,-0.187658,0.091744,-0.106694,-0.090504,-0.216039,0.167933,-0.125417,-0.335688,-0.16893,0.035837,0.270098,-0.28411,-0.030621,0.119473,0.185602,0.257984,-0.068157,-0.362061,-0.135145,0.218761,-0.345687,-0.155071,-0.157927,-0.384156,-0.410766,0.120302,0.067564,0.12595,0.114156,0.136049,-0.084329,0.210092,-0.045435,0.051376,-0.220645,0.222772,0.249929,-0.035595,0.308501,-0.066476,0.292865,0.25149,-0.009206,-0.194939,0.103225,0.126116,-0.011082,-0.199281,0.287493,-0.030082,-0.33253,0.125351,0.39432,0.113691,0.125066,-0.144549,-0.064479,0.35385,-0.458698,0.235271,0.202346,-0.237117,-0.390348,-0.145864,0.007509,-0.155454,0.142695,-0.345851,-0.201099,-0.345196,-0.367596,-0.05852,0.10903,-0.052245,0.22074,-0.047077,-0.039772,0.03924,0.130424,#
9,-0.086761,0.360128,0.119031,-0.386904,-0.377843,0.347304,0.506148,0.331725,0.20457,1.0,-0.367212,0.118183,0.426365,0.585974,0.484373,0.390997,-0.265888,0.4411,0.180797,0.011444,-0.275755,0.472022,0.330451,0.338993,0.163057,-0.066674,0.219111,0.00711,0.260773,0.445124,0.036592,0.3992,0.319321,-0.172803,-0.336323,0.231286,-0.062646,-0.00874,-0.076318,-0.442209,0.015218,0.27309,0.252751,-0.02011,0.15235,-0.500066,0.128844,0.068069,-0.066246,0.423803,0.068627,-0.09608,0.097051,-0.273481,0.121964,-0.058106,-0.044637,-0.471286,-0.145539,0.052631,0.555938,0.166062,-0.390926,0.013035,0.074809,0.219762,-0.202553,0.420406,-0.277251,0.231103,0.109911,0.462031,-0.199793,-0.381121,-0.02238,0.165614,0.050909,-0.075891,-0.103214,-0.044713,0.192012,-0.521477,-0.59083,0.195049,-0.259971,0.131465,-0.191779,-0.03655,0.213277,-0.177419,-0.241065,-0.207047,-0.351316,0.443089,0.155208,-0.272763,-0.190936,-0.2156,0.144019,-0.442149,-0.02278,-0.055092,-0.222679,0.143935,-0.193396,-0.178362,-0.487597,-0.201531,-0.165769,-0.404753,0.036668,0.311359,-0.167371,-0.284797,-0.287712,-0.377595,-0.414722,-0.05092,0.497166,-0.586546,0.111405,-0.307611,-0.045506,-0.41635,-0.47147,-0.124415,0.197494,0.215219,-0.21318,-0.26997,-0.123184,0.322082,-0.296533,-0.160306,-0.385732,-0.456273,0.140576,-0.355082,0.152099,-0.432835,-0.026058,-0.073822,-0.438815,-0.285121,-0.261493,0.194884,0.0643,0.217847,-0.377992,-0.2126,-0.317863,-0.40818,0.069204,-0.335935,-0.193992,-0.341472,0.122166,0.339563,-0.30694,-0.129093,0.101888,-0.155605,-0.083751,0.246818,0.488588,0.651884,-0.324015,0.121258,-0.492073,0.020718,0.006471,-0.066836,-0.352682,0.158986,0.416467,-0.43678,-0.121117,0.099692,0.6788,-0.607549,0.484615,0.048128,-0.522422,-0.254463,0.315414,-0.30906,0.313131,0.054243,-0.591348,0.115259,0.019563,-0.14077,0.237792,0.488791,-0.040179,-0.061146,-0.108679,0.048945,0.342556,0.344605,#
10,0.061924,-0.291872,-0.017624,0.178475,0.03539,-0.062183,-0.05391,-0.05391,-0.220342,-0.367212,1.0,-0.419177,0.035466,-0.455061,-0.205047,-0.104601,-0.009993,-0.311489,-0.01456,-0.107183,-0.022356,-0.186263,-0.214735,-0.023368,-0.117415,-0.060873,-0.167544,0.145314,0.008354,-0.305109,0.254079,-0.01359,-0.450224,-0.297613,0.282839,-0.229966,0.368731,0.314542,-0.0304,0.146057,-0.083179,-0.186277,0.250214,-0.007027,0.001588,0.020704,-0.235249,0.13552,0.065188,-0.139633,-0.360003,0.456894,0.042774,0.229959,0.179135,0.239814,-0.320775,0.278668,0.018472,-0.009673,-0.249786,-0.01836,0.203425,-0.057271,0.157175,-0.253407,0.072265,-0.154265,0.343301,0.047797,0.422709,-0.376942,-0.156986,0.196033,-0.120051,0.319391,0.110133,0.170756,0.119405,-0.110119,0.094423,0.33794,0.137073,0.093109,-0.028272,0.020037,0.338385,-0.074463,-0.017638,0.076685,-0.017388,0.018491,0.233301,-0.00886,-0.088427,0.277531,0.00701,-0.118269,0.108872,-0.034972,-0.081124,-0.233566,0.180807,-0.236781,0.080233,-0.104066,-0.127455,0.130297,0.123767,0.340059,-0.047418,-0.202782,-0.229554,0.118567,0.137258,-0.133065,0.100831,-0.254977,-0.236491,0.28438,-0.197651,0.126816,0.032308,0.095028,-0.072211,0.012617,-0.017628,0.173822,-0.088563,-0.014864,-0.048542,-0.124366,-0.068773,0.284995,0.202628,0.152625,-0.232694,0.054901,-0.07111,0.259869,0.14174,0.357119,-0.025616,0.015328,0.520383,0.128781,-0.114126,0.097107,0.343864,0.050739,0.197287,0.245613,0.125529,0.067382,0.081847,0.034179,-0.330037,-0.139913,0.185236,0.053707,-0.148185,0.216387,-0.034496,0.320184,0.085618,-0.121931,0.245018,-0.098318,0.004755,0.070983,0.371406,0.079753,0.267415,0.07984,-0.123498,0.01464,0.304056,0.036219,-0.37909,0.280987,-0.092157,0.123205,0.215325,0.184588,-0.067476,0.133527,-0.068487,-0.000152,0.180393,0.195585,-0.016791,0.165094,0.214652,-0.583054,0.186808,0.090311,0.017215,0.20246,-0.105278,-0.131233,#
11,0.050941,0.068826,-0.225833,-0.109241,-0.258688,0.251568,0.212856,0.033557,-0.02573,0.118183,-0.419177,1.0,0.140795,0.226004,0.12833,-0.024965,0.266877,0.062776,0.253796,-0.147954,0.258929,-0.064195,0.012055,0.057342,0.16696,0.089817,-0.10325,-0.011146,-0.069584,-0.267664,-0.126675,-0.010339,0.013109,0.146813,-0.237082,0.122483,-0.334405,0.053838,-0.125213,-0.075605,-0.223329,0.353341,-0.057756,-0.386979,-0.105678,0.229496,0.034408,-0.175036,-0.021417,0.108707,0.125559,-0.262327,-0.118534,0.300121,-0.178988,0.104847,-0.16044,-0.188497,-0.054183,0.17648,0.037528,-0.156167,0.019254,0.07693,0.014713,0.052779,-0.02377,-0.10798,-0.009421,-0.299606,-0.15255,0.067026,-0.017034,-0.130991,-0.275401,-0.274028,-0.217753,0.060661,-0.174119,0.195531,-0.029178,-0.096107,-0.070888,-0.373284,0.108433,-0.26903,-0.265925,0.190038,-0.244972,0.166445,-0.117978,-0.271585,-0.197844,-0.088183,0.004579,-0.395597,-0.231878,-0.116831,-0.36319,-0.076091,0.39397,0.074044,-0.267443,0.091678,-0.158548,0.183373,0.033233,0.101274,0.168421,0.043331,-0.279037,-0.13247,-0.172135,-0.260082,-0.04835,0.029219,0.206834,0.211626,-0.027231,-0.001275,0.256575,-0.206683,-0.132437,-0.079257,-0.024417,-0.239383,0.097588,0.034997,0.05238,-0.12724,-0.201719,0.013497,-0.331831,0.3542,0.085202,-0.119685,0.27382,-0.236579,-0.191381,-0.01787,-0.291361,-0.098891,-0.120743,0.243414,-0.23365,0.098694,-0.069229,0.018786,-0.248671,-0.204484,-0.163889,0.15218,-0.21239,0.180877,0.035517,0.167542,-0.056039,0.341585,-0.249124,-0.223359,-0.200937,-0.177692,0.0589,-0.388595,-0.143434,0.175238,0.012886,0.048926,0.272233,-0.024814,-0.023745,0.444931,-0.234209,-0.344716,0.082195,-0.275139,-0.09036,0.071662,-0.01495,-0.07456,-0.110441,-0.167389,0.046827,-0.078361,0.208177,0.019759,-0.140753,0.298561,0.303828,0.072938,-0.058951,0.407986,-0.047507,0.063563,0.073624,-0.171175,0.272188,-0.436703,-0.172813,0.140872,#
12,0.287117,0.201414,-0.211906,-0.292323,0.054328,0.447026,0.499581,0.708209,-0.020126,0.426365,0.035466,0.140795,1.0,0.502404,0.244882,0.150974,0.090206,0.010949,0.326136,0.046826,0.093145,0.184699,0.28236,0.124059,-0.171604,-0.402902,-0.159053,-0.031681,0.048044,0.273457,0.105033,0.138746,0.296459,0.063827,-0.362427,0.27793,0.107403,-0.159251,-0.35683,-0.084954,0.039718,0.312129,0.232326,-0.042619,-0.214768,-0.461145,0.045125,-0.206529,0.129909,0.102269,-0.293634,0.127746,0.330127,0.126852,0.365015,0.269174,-0.312097,-0.294664,-0.121745,0.028628,0.417983,0.268797,-0.228252,0.315117,-0.020009,0.151577,-0.16898,0.285512,0.147594,-0.13068,0.360889,0.03127,-0.644258,-0.458832,-0.23218,0.324825,-0.045107,0.082675,-0.005852,-0.254002,0.046132,-0.37452,-0.233097,-0.234678,-0.307705,0.00596,-0.000117,0.035996,-0.126215,-0.420524,-0.330484,-0.560015,-0.474971,0.094079,-0.192912,-0.328266,-0.20843,-0.186038,-0.072663,-0.531552,0.091055,-0.135923,-0.108098,-0.127491,-0.187049,-0.148984,-0.447706,-0.309329,-0.068279,-0.415017,-0.139298,0.309585,-0.439547,-0.257008,-0.173983,-0.403029,-0.093991,-0.144426,-0.064751,-0.304617,-0.111557,-0.517365,-0.184838,-0.655747,-0.236164,-0.320307,0.04541,0.515722,-0.265073,0.078544,-0.229558,0.011956,-0.509067,0.036874,-0.271461,-0.156923,0.248748,-0.443207,-0.265987,-0.236384,0.08121,0.169598,-0.351101,-0.086104,-0.005616,0.108456,-0.342022,0.169118,-0.278113,-0.561885,-0.417732,-0.344115,-0.11509,-0.163131,-0.174439,-0.507143,0.056938,0.269961,-0.352019,-0.191549,-0.076144,-0.27586,-0.067854,0.068497,0.147834,0.201072,-0.0454,0.038494,-0.244451,0.139505,-0.14173,-0.108646,-0.438096,0.018623,0.297186,-0.427461,0.06236,0.197248,0.237357,-0.521767,0.29025,0.353327,0.033187,0.087048,0.261323,-0.150364,0.202021,-0.139202,-0.172824,0.392982,-0.238013,-0.100429,0.559915,-0.182627,-0.148117,0.016803,0.00747,-0.116744,-0.004989,0.028124,#
13,0.14441,0.424849,-0.028637,-0.342328,-0.116204,0.403901,0.221819,0.587034,0.147569,0.585974,-0.455061,0.226004,0.502404,1.0,0.421082,0.508259,-0.16808,0.352573,0.413012,-0.05467,0.169873,0.174442,0.575337,0.292268,0.097965,0.052599,0.042009,-0.249491,0.155819,0.404143,0.043559,0.213377,0.397998,-0.002937,-0.583231,0.356879,0.046191,-0.416006,-0.126405,-0.272444,-0.028327,0.334142,0.095776,0.229612,0.103066,-0.428341,0.10552,-0.259854,-0.20404,0.219836,0.122118,-0.111444,0.252342,-0.068028,0.198305,0.138382,-0.189004,-0.412839,-0.190155,0.104364,0.591436,0.155149,-0.310881,0.140245,0.003394,0.493716,-0.269178,0.428893,-0.498702,-0.104101,-0.21195,0.463808,-0.443805,-0.298359,-0.259798,0.208019,-0.355746,-0.306725,-0.188482,-0.12012,0.10036,-0.453691,-0.48062,0.111767,-0.330624,-0.278696,-0.278474,0.012988,-0.023258,-0.422634,-0.103472,-0.296988,-0.577069,0.178114,-0.155634,-0.346455,-0.29854,-0.14426,-0.030453,-0.349059,0.226657,-0.104977,-0.325564,-0.276472,-0.145497,-0.245715,-0.25011,0.16154,0.043076,-0.489355,-0.067508,0.456975,-0.282778,-0.34697,0.112467,0.071604,-0.449954,-0.294907,0.383181,-0.519382,-0.302964,-0.51081,-0.128338,-0.45172,-0.409404,-0.271051,0.126913,-0.021537,-0.39564,-0.129658,-0.20855,0.258171,-0.232944,-0.249812,-0.652769,-0.508775,0.36201,-0.401528,-0.068023,-0.514075,-0.075676,-0.066726,-0.303472,-0.281735,-0.384532,-0.089689,0.082065,0.332079,-0.488236,-0.458052,-0.412867,-0.328349,-0.323827,-0.237188,-0.141148,-0.217732,0.398798,0.387775,-0.273822,-0.173965,0.173754,-0.03513,-0.122623,-0.309743,0.128126,0.259825,-0.381156,0.054177,-0.318881,-0.034105,-0.282532,-0.11261,-0.39911,-0.155329,0.158999,-0.213653,-0.193794,0.033073,0.589007,-0.51107,0.408825,0.148024,-0.393666,6.6e-05,0.577867,0.115512,0.444771,-0.28009,-0.365963,0.383352,-0.25876,-0.188258,0.313145,0.218408,-0.481489,-0.263779,0.307286,-0.287863,0.2041,0.101389,#
14,-0.059369,0.361483,-0.113624,-0.41559,-0.190646,0.356499,0.152606,0.152606,0.377537,0.484373,-0.205047,0.12833,0.244882,0.421082,1.0,0.199058,-0.267824,0.410883,0.392453,-0.01044,0.08301,0.273044,0.150258,0.175194,-0.014092,0.109483,-0.135838,0.068146,0.094427,0.260637,0.010129,0.037231,-0.194698,0.244802,-0.419426,0.067817,-0.232972,-0.012803,0.117117,-0.222487,0.082819,0.332078,-0.159387,0.076321,0.501981,-0.292455,0.136247,0.104975,0.35598,-0.068032,0.086102,-0.164437,-0.221969,-0.23228,0.189438,0.234178,-0.027297,-0.301321,-0.328115,-0.159567,0.365237,-0.055708,-0.160632,0.355343,0.386731,0.152296,-0.350059,0.119411,-0.101516,0.007621,0.197068,0.386671,0.106468,-0.214426,-0.189004,-0.167931,0.057699,0.126884,-0.112379,-0.05961,0.181649,-0.529503,-0.411354,0.035374,-0.268257,-0.033812,-0.034921,-0.048276,-0.118736,0.024064,0.140089,-0.21612,-0.16186,0.431519,-0.036845,-0.102527,-0.200776,-0.061842,-0.077262,-0.270355,0.169435,-0.064319,-0.226148,0.141301,-0.376197,-0.514094,-0.503306,0.119031,-0.166393,-0.233121,0.022307,0.301254,-0.342597,-0.10397,-0.212085,-0.031858,-0.151107,-0.052207,0.478563,-0.396346,0.108878,-0.292876,-0.376566,-0.166393,-0.406168,-0.315157,0.039685,0.283882,-0.439189,-0.06993,-0.132312,0.146511,-0.465973,-0.315807,-0.386457,-0.251899,0.395208,-0.148241,-0.09407,-0.434808,-0.233992,-0.169307,-0.245752,-0.225268,-0.271794,-0.094135,0.06295,0.004542,-0.230558,-0.015338,-0.229819,-0.42225,0.066074,-0.343821,-0.004569,-0.355864,0.342603,0.264824,-0.325813,-0.350136,0.00289,0.010631,0.170858,0.057484,0.064344,0.477514,-0.332039,-0.014405,-0.270457,-0.178088,-0.125239,0.064082,-0.143471,0.153093,0.424084,-0.088483,-0.294089,0.108576,0.515657,-0.269064,0.489329,0.057875,-0.503582,-0.0741,0.335106,-0.053803,0.155991,-0.145955,-0.411114,0.129027,-0.293333,-0.142355,0.258798,0.155023,0.041198,0.121104,0.252919,0.042839,0.142296,0.16942,#
15,0.167622,0.103971,-0.13128,-0.394068,-0.287826,0.308678,-0.000319,0.199212,-0.057694,0.390997,-0.104601,-0.024965,0.150974,0.508259,0.199058,1.0,-0.139402,0.269396,0.355587,0.092129,0.199565,-0.122033,0.399055,-0.11189,-0.090454,-0.023749,0.020633,-0.052233,0.045159,0.403695,0.397484,0.091097,0.348293,-0.075439,-0.071636,-0.138971,0.452677,0.106666,0.063491,-0.140446,0.159373,0.263748,0.061426,0.262121,0.177482,-0.335341,0.077705,-0.170501,-0.174762,0.239176,0.35668,0.065567,0.108334,-0.032242,0.283105,0.017197,-0.338033,-0.350935,-0.395246,0.034735,0.358048,1.4e-05,-0.42392,0.236324,-0.040459,0.218641,-0.257156,0.246129,-0.495851,0.250735,-0.138199,0.265242,-0.22622,-0.03256,-0.184258,0.216337,-0.047838,-0.132447,0.10736,0.135971,0.373329,-0.284047,-0.037444,0.45975,-0.137723,-0.270241,-0.273665,-0.016901,0.025429,-0.105722,0.080929,0.061453,-0.186054,0.331975,-0.010514,0.029784,-0.367276,-0.647636,0.080321,-0.144043,-0.208048,-0.130259,-0.379675,-0.130163,-0.008516,-0.286774,-0.006244,0.238041,0.310397,0.059492,0.040832,0.282787,-0.258003,-0.224872,0.295837,0.087601,-0.229354,-0.462743,0.279084,-0.468322,-0.350206,-0.165075,-0.096533,-0.230254,-0.375233,0.13722,0.025415,0.000462,-0.320753,-0.349863,-0.076653,0.263789,-0.000833,0.033358,-0.388668,-0.349384,-0.027778,-0.08265,0.044171,-0.5975,0.089115,0.338135,0.068662,-0.079888,-0.156531,-0.03037,0.351105,0.323488,-0.212293,-0.386329,0.003955,-0.051791,0.029784,-0.094614,0.191683,-0.007593,0.223516,0.290292,-0.266264,-0.077209,0.311939,-0.184389,-0.035498,-0.230963,0.108794,0.124828,-0.184271,0.084594,-0.037211,-0.179088,0.152968,0.110313,-0.080018,-0.399235,-0.005131,-0.128231,-0.153763,0.08434,0.406904,-0.326855,0.233701,-0.03394,-0.251552,0.164422,0.419802,-0.129296,0.442472,-0.054353,-0.524309,0.105652,-0.112713,-0.039851,0.178857,0.108054,-0.219386,-0.281508,0.269564,-0.269984,-0.010894,0.277495,#
16,0.005116,-0.618366,-0.65108,0.030706,0.140725,0.227488,-0.021609,-0.035454,-0.125009,-0.265888,-0.009993,0.266877,0.090206,-0.16808,-0.267824,-0.139402,1.0,-0.345333,0.004247,-0.07933,0.00667,-0.346114,-0.187916,-0.291511,-0.449946,-0.185735,-0.217552,-0.064431,0.063927,-0.033368,-0.183186,-0.167718,0.091434,0.384753,0.129943,0.156894,-0.183821,-0.052364,-0.270678,0.297872,-0.170757,-0.162236,-0.063102,-0.031618,-0.372805,0.253628,-0.057798,-0.096091,0.129492,0.055984,-0.140676,0.164233,-0.061534,0.145316,0.053477,0.05903,0.217373,0.401796,0.276444,-0.056228,-0.158254,0.103616,0.463752,0.087384,-0.310874,0.098613,-0.103414,0.072139,0.134235,-0.356868,-0.218201,-0.277787,-0.295383,-0.040134,0.112406,0.137309,0.055923,0.117848,0.064956,0.119835,-0.231193,0.145379,0.14957,-0.452851,0.185565,-0.010371,-0.017826,0.355081,-0.168479,-0.205895,-0.107303,0.160466,0.047831,-0.152517,-0.005616,-0.145901,-0.284596,-0.201199,-0.387817,-0.148796,0.148919,-0.064073,0.022844,0.115232,0.16947,0.083349,0.25627,-0.303121,0.206172,0.110277,-0.416189,-0.105156,0.122754,-0.028173,-0.175958,-0.093516,0.171187,0.278885,-0.408576,0.163944,0.151927,0.046676,0.159106,-0.300651,0.186865,-0.053549,-0.496581,-0.311868,0.195151,-0.241441,-0.422183,-0.253722,-0.047723,0.294027,0.167666,0.125369,0.06026,-0.406559,-0.090988,0.030761,-0.085946,0.113025,-0.042322,0.416351,0.215693,-0.207975,-0.011393,-0.194426,-0.161909,-0.181862,0.19079,0.097829,-0.126888,0.101643,-0.217009,-0.114375,-0.247408,0.099894,-0.113416,0.187683,-0.241987,-0.142127,0.033849,-0.281272,-0.13613,0.070903,0.233275,-0.168357,0.331259,0.070294,-0.064127,0.238328,-0.209462,-0.209689,0.163686,-0.310634,-0.143465,-0.019604,-0.278558,0.179681,-0.612861,0.005656,0.612368,0.048976,-0.028197,0.042448,-0.214106,0.095545,0.375096,-0.379944,-0.025628,0.292865,0.073811,-0.416154,0.217193,0.095874,0.031792,-0.092447,-0.593445,-0.121955,#
17,-0.416016,0.322744,0.374258,-0.119506,-0.128867,0.302855,0.089106,0.269863,0.414502,0.4411,-0.311489,0.062776,0.010949,0.352573,0.410883,0.269396,-0.345333,1.0,0.108454,0.417312,-0.184774,0.411306,0.26478,0.354908,0.362561,0.308001,0.039025,-0.026647,-0.157713,-0.081876,0.175875,0.053176,0.089227,-0.097877,-0.332159,-0.045034,0.051114,-0.062974,0.168194,-0.391618,-0.07997,0.044097,0.044668,0.125129,0.203852,-0.42057,-0.005582,0.422656,0.130113,-0.113501,0.046481,-0.149696,0.010491,-0.012623,-0.111675,0.226564,-0.080447,-0.395393,-0.274568,-0.209845,0.103007,-0.464435,-0.437278,0.262236,-0.001507,0.388142,0.038412,0.121245,-0.009156,0.54268,0.149254,0.535492,0.139265,-0.152282,0.185489,-0.182953,0.149889,-0.187422,0.328278,-0.092604,0.492488,-0.139466,-0.349311,0.275554,-0.011215,0.205996,0.197853,-0.030784,-0.019289,0.076412,0.181243,0.071567,-0.112058,0.716806,-0.020188,-0.015951,0.25265,-0.133524,0.328881,-0.021113,-0.085092,0.380354,0.063393,0.210663,-0.186237,0.06098,-0.078754,0.003378,-0.132914,-0.413619,0.374951,0.18259,0.091802,-0.234621,0.115946,0.189488,-0.117764,-0.103086,0.788578,-0.623868,0.178034,-0.52453,-0.107964,-0.132914,-0.021168,0.070615,0.11338,-0.029019,0.013423,-0.012258,0.161531,0.390069,-0.008617,-0.039702,-0.092206,-0.008306,-0.026198,-0.102995,0.075419,-0.177718,0.022979,-0.011112,-0.194867,-0.466749,-0.26876,-0.013333,0.096108,0.179641,0.220742,0.042861,-0.262361,0.001986,0.01269,-0.09724,-0.015252,-0.099579,0.246799,0.427055,0.010175,0.10716,0.315977,0.393588,-0.194086,0.262907,0.284369,0.37592,0.084375,-0.233215,-0.230864,0.253558,-0.226815,-0.316109,0.092085,0.128625,0.183432,0.046373,-0.049919,-0.268362,0.437477,-0.356788,0.4042,-0.222797,-0.614987,-0.143141,0.105263,-0.105975,0.261763,0.204902,-0.455586,-0.115321,0.305664,-0.396201,0.022009,0.282246,-0.413427,-0.178534,0.196742,0.028286,0.317934,0.080177,#
18,0.23533,0.023639,-0.162385,-0.251861,0.156218,0.326064,0.174266,0.413893,-0.162611,0.180797,-0.01456,0.253796,0.326136,0.413012,0.392453,0.355587,0.004247,0.108454,1.0,-0.173398,0.233436,0.021431,-0.010595,-0.092796,0.111733,0.080632,-0.107949,0.103791,0.02424,0.222602,-0.015114,-0.133287,-0.182442,0.242908,-0.252405,-0.035412,-0.111386,0.17632,-0.023509,-0.132406,0.226678,0.516669,-0.162859,0.290529,0.095378,-0.017969,0.050453,-0.105395,-0.031854,-0.195436,0.155082,0.06907,0.16784,-0.124145,0.490129,0.034639,-0.363954,0.080672,-0.153533,-0.026359,0.317734,-0.054855,0.036356,0.387327,0.005888,0.41383,-0.227592,0.036419,-0.199184,-0.202964,0.1702,0.106278,-0.386284,0.128231,-0.041094,0.012587,-0.042446,0.058719,-0.034152,-0.189918,0.016321,-0.326755,-0.28334,0.199119,-0.182948,-0.298747,-0.278551,0.149215,-0.012929,-0.009878,-0.022999,-0.285476,0.013238,0.034685,-0.329217,0.00135,-0.14004,-0.339167,-0.025524,-0.191763,0.26991,-0.256197,-0.155257,-0.416988,-0.088392,0.120238,-0.234031,0.183046,0.192234,-0.144478,-0.225432,0.275407,-0.240101,-0.156508,0.021731,0.238488,-0.091546,-0.126633,0.000212,-0.004641,-0.156206,-0.192548,-0.108882,-0.20008,-0.12644,-0.020425,0.202441,0.124057,-0.207092,0.080606,-0.298505,-0.042347,-0.259936,-0.007523,-0.343767,-0.18082,0.211731,-0.315775,0.030523,-0.319052,-0.616537,-0.066163,-0.222901,0.032672,-0.07395,-0.079808,-0.092017,0.011452,-0.369309,-0.507841,-0.260337,-0.072668,-0.361467,-0.220546,0.168575,-0.409414,0.158209,0.21088,-0.365243,-0.540362,-0.135653,-0.014192,-0.099202,-0.130689,0.262212,-0.009821,-0.117578,0.037611,0.198217,-0.102212,-0.051139,0.422515,-0.288846,-0.138932,0.425511,-0.136835,0.233822,0.206235,0.35721,-0.076818,0.076339,0.252963,-0.017532,0.053191,0.797622,-0.015766,0.361106,-0.093789,-0.137977,0.390426,-0.16667,-0.059068,0.723521,-0.0982,-0.306563,-0.220839,0.720977,-0.079746,-0.296333,0.15666,#
19,-0.219004,0.170832,0.130069,0.09641,-0.270118,0.183784,-0.071878,0.111368,-0.044513,0.011444,-0.107183,-0.147954,0.046826,-0.05467,-0.01044,0.092129,-0.07933,0.417312,-0.173398,1.0,0.24005,0.314275,-0.064187,-0.037921,-0.21589,-0.142456,0.040768,-0.388796,-0.181846,-0.157321,0.367405,0.30433,0.188752,0.275488,-0.033131,-0.25877,0.237621,0.178921,-0.223558,-0.228384,0.075961,0.185415,-0.141117,0.007454,0.020425,-0.460971,0.351159,0.15109,0.232012,-0.473346,-0.353151,-0.03709,0.398403,-0.135895,-0.221478,0.002765,-0.038836,-0.160462,0.196511,-0.320071,0.147812,-0.316699,-0.165506,0.127434,-0.011824,0.070466,-0.226868,-0.017505,0.197385,0.335267,0.109996,0.356528,0.250226,-0.315548,0.184504,-0.251871,0.307354,0.363716,0.795399,0.026105,0.350167,0.065928,0.020346,-0.036375,0.259242,0.244547,0.235468,-0.233256,0.088169,0.038696,-0.025113,0.254117,-0.088075,0.308589,-0.055564,0.247904,0.304856,0.2306,0.399297,0.249551,-0.630837,0.169526,0.294899,0.180592,0.311735,0.15052,0.035949,-0.162105,-0.023755,-0.443541,0.513386,-0.03366,-0.107917,0.212574,0.188323,-0.017227,-0.008831,-0.094756,0.243741,-0.442365,0.375101,-0.101749,-0.25283,-0.023755,0.086272,0.427402,-0.085166,0.217705,0.443999,0.367673,0.458229,0.33011,0.504707,0.015977,0.296107,0.187026,-0.102732,0.022333,0.125166,-0.051833,0.169275,0.540199,0.15292,-0.44957,0.187288,0.401916,0.207621,-0.239488,0.280502,0.105439,0.094213,0.151429,0.419138,0.304353,-0.081198,0.086132,0.445153,-0.201032,0.042082,-0.150986,0.462306,0.279733,-0.06631,0.187337,0.029934,0.153927,0.463797,0.066028,0.130139,0.294803,-0.372218,-0.22284,0.239348,0.126604,-0.205062,-0.010763,-0.091516,-0.589224,-0.144773,0.060232,0.187585,-0.221382,-0.203612,-0.042922,-0.423528,-0.113089,0.352667,0.057767,-0.206603,-0.105325,0.254324,-0.522977,-0.317186,0.04433,-0.204949,-0.192761,0.011372,0.241903,0.313216,-0.193052,#
20,0.49461,0.008097,-0.007579,-0.186252,-0.312457,0.211276,-0.021786,0.161296,-0.260089,-0.275755,-0.022356,0.258929,0.093145,0.169873,0.08301,0.199565,0.00667,-0.184774,0.233436,0.24005,1.0,-0.025109,-0.189849,-0.452503,-0.109073,-0.194741,-0.177246,-0.414902,0.050874,-0.01351,0.161751,0.057944,-0.095637,0.41862,-0.229266,-0.148711,0.044764,0.150128,-0.078439,-0.234727,0.253248,0.418694,-0.112921,0.084665,-0.036686,-0.186994,0.07015,-0.248093,-0.014543,-0.453893,-0.10343,-0.117712,0.381176,0.10405,0.073335,0.081211,-0.407271,-0.09274,-0.165102,0.156083,0.206872,0.101644,0.158343,0.257463,-0.059418,-0.077256,-0.430324,-0.002281,-0.154524,-0.210392,-0.039892,0.206095,0.014717,-0.068224,-0.378173,-0.228556,-0.127132,0.30097,0.173652,0.236929,0.021751,-0.191713,0.14368,-0.165781,-0.144827,-0.346131,-0.188826,-0.048078,-0.014581,-0.013534,-0.070793,-0.189254,-0.129372,-0.191504,-0.057176,-0.015382,-0.306614,0.135315,-0.052079,0.185547,-0.018065,-0.083904,-0.323941,-0.255859,0.121176,-0.094303,0.105842,0.383417,-0.057973,0.078029,0.067378,0.100661,-0.553364,0.143821,0.366191,0.263919,-0.033239,-0.183657,-0.10641,-0.034857,-0.054782,0.017084,-0.505205,-0.048246,-0.199599,-0.146185,-0.181304,0.111354,-0.204272,0.323142,0.178215,-0.123917,0.206999,0.253617,-0.159519,0.142579,0.111185,-0.018008,0.07976,-0.299926,-0.284891,0.315746,0.297129,0.083053,0.003102,0.026451,-0.038242,-0.249257,-0.177559,0.017832,-0.032319,0.044148,-0.015382,0.060735,0.113757,0.185043,0.372982,-0.088464,-0.13393,-0.406592,0.233546,-0.143897,0.3143,-0.471656,-0.409347,-0.286241,0.03387,0.115927,0.316604,-0.144481,-0.0957,0.294615,-0.013534,-0.225253,-0.325673,0.040011,-0.186728,-0.345514,-0.107065,0.32419,0.123198,0.0324,0.090413,0.176491,-0.030027,0.452352,0.268372,-0.13314,0.200565,0.287252,-0.394044,-0.070175,-0.100394,-0.199755,-0.122894,-0.217942,0.388928,-0.330159,-0.08162,-0.124784,#
