0,1.0,0.336889,0.031342,-0.255887,0.210363,0.197931,0.034204,0.303725,0.177154,-0.062174,-0.201681,0.20969,0.196374,0.477829,-0.011485,-0.17378,0.147356,0.208416,0.137633,-0.164773,-0.154431,-0.011622,0.317556,0.080336,-0.248424,-0.333569,0.059754,-0.072072,0.233806,0.295769,-0.30473,0.103593,0.228218,-0.326494,-0.137394,-0.020564,-0.244083,0.083836,-0.029095,0.080863,0.039112,0.186602,-0.004472,0.293652,-0.152027,-0.428954,0.242231,0.200045,-0.232067,-0.000513,0.056274,0.016903,0.141191,-0.057074,-0.08018,0.044214,-0.025505,-0.070865,0.019518,0.248789,0.181999,0.094015,-0.086516,0.003976,0.127477,0.393486,0.031686,0.300528,0.144273,-0.071147,-0.063221,0.005307,-0.276143,0.140946,-0.163508,0.320902,0.01261,0.003482,-0.085062,0.003846,-0.224307,-0.036517,-0.160559,0.251925,-0.158494,0.032717,-0.075791,-0.044217,0.245201,-0.35519,-0.428335,-0.184677,-0.219974,0.300438,0.050221,-0.248146,0.166907,-0.068771,-0.047743,-0.277933,0.058658,-0.354627,-0.00822,-0.004669,-0.210899,0.058243,-0.069738,-0.179463,-0.324508,-0.074361,0.295457,0.087181,-0.085062,-0.131429,-0.429976,-0.245954,-0.216144,-0.120564,0.042833,-0.277377,-0.099142,-0.289338,-0.289129,-0.224438,-0.275546,-0.095978,-0.292967,0.048564,-0.118053,-0.466667,-0.135297,-0.138569,-0.090248,0.095457,-0.122518,-0.167955,0.340792,-0.341355,-0.44794,-0.079211,0.166454,-0.500133,-0.512662,-0.087368,-0.171104,-0.203722,-0.352412,0.170023,-0.053898,-0.164082,-0.12538,-0.289364,-0.045667,0.019352,-0.385712,-0.252184,0.330423,0.121017,-0.306989,0.208046,-0.396045,0.088403,-0.29701,-0.003292,-0.057908,-0.08185,0.130957,0.012508,-0.254449,-0.244634,-0.003058,0.14313,-0.229517,0.022715,0.362412,0.069431,0.024271,-0.090448,0.367798,-0.585482,-0.08108,0.0165,-0.161184,0.115029,0.423457,-0.202129,0.168512,0.194809,-0.144654,0.481455,0.044927,-0.113816,0.375539,0.181333,-0.042992,0.260816,0.262455,-0.452459,-0.378167,0.226502,#
1,0.336889,1.0,0.171207,-0.154984,0.180023,-0.228709,0.218533,0.230838,0.138502,0.319967,-0.301693,-0.05375,0.375468,0.469989,0.187383,-0.082927,-0.322078,0.527724,0.484153,0.203268,0.22267,0.349853,0.345862,0.133035,-0.548564,0.00656,0.374455,0.084654,0.291582,0.487587,-0.742629,0.128753,0.409462,0.041826,-0.015229,-0.214132,0.052922,-0.114582,-0.106009,-0.211903,-0.069617,0.36161,0.087257,0.183438,-0.248687,-0.511858,0.393422,0.497119,0.195446,0.289118,0.370533,-0.054184,-0.014614,-0.010004,0.186538,-0.085199,-0.308696,-0.004387,-0.060641,-0.195708,0.190044,0.282533,-0.280087,0.496618,-0.021287,0.395127,0.105978,0.376051,0.364119,-0.063869,-0.052473,-0.077032,-0.0777,-0.141222,-0.062584,0.326276,-0.302384,-0.15342,-0.294001,-0.3459,-0.400329,-0.226829,-0.454779,0.011966,-0.225954,0.032543,-0.294727,0.098901,-0.090169,0.094467,-0.117008,-0.232762,-0.522085,0.228635,-0.297841,0.180065,0.333777,-0.213483,0.079957,-0.316723,-0.149135,-0.449917,-0.693422,-0.157908,-0.70139,-0.234943,-0.508851,-0.411535,-0.504454,-0.079384,0.447598,0.063908,0.001147,-0.416084,-0.139205,-0.037363,-0.367866,-0.257799,0.207314,-0.341473,-0.185155,-0.196013,-0.145818,-0.530709,0.016091,0.062691,-0.367231,-0.188613,-0.002942,-0.167392,-0.20482,-0.262501,-0.285895,-0.020415,-0.141521,-0.09349,0.049357,-0.155369,0.092958,-0.245656,-0.32269,-0.009482,-0.450131,-0.129533,-0.284724,-0.122619,-0.12998,0.304357,-0.398051,-0.307456,-0.249795,-0.219,0.007895,-0.029475,-0.298759,0.072445,0.431625,0.435586,-0.229877,0.173567,-0.158559,-0.19586,-0.059872,0.359727,-0.122646,0.409245,-0.175364,0.12912,-0.176788,0.250347,-0.525882,0.164248,0.003605,-0.340603,0.545154,0.088638,-0.087388,-0.075087,0.1657,-0.310682,-0.031925,0.079694,-0.256557,0.037205,0.255102,-0.025207,0.012752,-0.133044,-0.172192,0.478355,0.00146,0.394299,0.202963,0.08592,-0.053589,-0.202332,0.523866,-0.386026,-0.25336,0.103469,#
2,0.031342,0.171207,1.0,0.360708,0.345001,-0.370185,0.037145,-0.089736,-0.275947,0.204814,-0.118979,-0.033052,0.022716,-0.052845,-0.12116,-0.471593,-0.13255,0.093291,-0.046571,-0.087276,0.073167,-0.143574,0.219632,-0.137773,-0.275072,0.140056,0.352016,-0.420792,-0.372854,0.372978,-0.110496,0.142973,-0.174595,0.216949,-0.175576,-0.32579,0.029315,-0.15961,0.353538,-0.159434,-0.063718,0.183105,0.014063,-0.189526,-0.110048,-0.06974,-0.012144,0.255494,-0.257938,-0.144038,-0.170478,0.103673,0.006015,0.18002,0.096177,-0.274063,-0.445502,0.139228,-0.555119,-0.305153,-0.06761,-0.032839,-0.486534,-0.097824,-0.232421,0.019958,-0.402709,0.006822,-0.138314,0.196529,-0.006765,-0.034827,0.121304,0.04576,-0.206,0.246602,-0.283117,-0.270081,-0.31012,0.30285,-0.053701,0.106946,-0.089999,0.177748,-0.028536,-0.107835,-0.12356,0.144079,-0.031867,-0.199849,-0.261153,-0.226199,-0.045453,-0.046815,-0.447701,-0.087455,0.222578,0.208098,0.099186,-0.120388,-0.1727,-0.202892,-0.032046,0.055443,-0.376677,-0.180561,0.070459,0.111067,-0.128208,0.281836,0.143013,-0.000453,-0.153042,-0.207962,0.196714,0.064585,-0.276009,-0.411872,0.196704,-0.282139,-0.280226,-0.197807,0.231069,-0.13617,-0.285059,0.081117,-0.47123,-0.253807,-0.056128,0.091356,0.287644,-0.301666,-0.442656,-0.204775,-0.134562,0.006685,0.403043,0.191775,0.225109,-0.083118,0.165074,0.355509,-0.030474,-0.500881,-0.138244,0.279545,0.118774,0.373797,-0.243919,0.080284,-0.611601,-0.050919,0.38558,-0.1124,-0.113509,-0.194687,0.191486,0.039883,0.117753,-0.124724,-0.133044,0.057547,0.418695,-0.092629,0.049798,-0.056637,-0.453253,-0.161104,0.052322,-0.009433,0.104492,-0.22151,0.035404,-0.041688,0.035504,0.036889,-0.027018,-0.026522,-0.059009,0.037736,-0.031409,-0.179178,-0.205041,0.005034,0.131248,0.205709,-0.093721,-0.367799,-0.19751,0.275558,0.143315,0.276234,0.050359,0.277971,0.159654,-0.519972,0.109655,-0.051075,0.164257,0.056139,#
3,-0.255887,-0.154984,0.360708,1.0,0.118278,-0.330791,-0.265824,-0.258638,-0.23057,0.184906,0.37034,-0.104043,-0.058509,-0.422995,-0.149899,-0.095321,-0.082995,0.035222,-0.059467,0.054083,0.115571,-0.432177,0.002823,-0.156638,0.11894,0.306123,0.002636,-0.186285,-0.290958,-0.228908,0.342406,0.168349,-0.415606,0.231844,-0.140717,-0.514805,-0.04193,-0.099671,0.28523,0.185764,-0.014728,0.01072,0.277682,-0.389073,0.234768,0.072828,-0.114426,-0.206737,-0.037136,-0.306584,-0.238415,0.293057,0.006809,0.381857,-0.034346,0.107521,-0.025348,-0.012861,-0.090857,-0.201462,-0.227288,0.201115,-0.050352,-0.248316,-0.201293,-0.315243,-0.109801,-0.16059,-0.329568,0.444487,0.062647,0.559502,0.20014,0.51903,0.140925,-0.200496,-0.175028,-0.158444,0.180139,0.369844,0.071425,0.33582,0.242811,-0.001661,0.131061,-0.080198,0.008576,0.206531,-0.011796,0.344888,0.208396,0.322834,0.256009,-0.221944,0.083054,0.389584,0.075842,0.151257,-0.032139,0.311243,0.055607,-0.104012,0.549749,0.036949,0.039276,0.201384,-0.102956,0.366761,0.20161,0.288237,-0.194059,-0.205057,0.180139,0.18304,0.094632,-0.020528,0.356797,0.128528,0.157507,0.084864,0.308338,0.053114,0.327897,-0.043825,0.029903,0.23022,-0.15071,-0.252097,0.473086,0.326299,0.6777,-0.017823,-0.21069,-0.209102,0.180602,0.357175,-0.037264,0.241106,0.228782,0.125001,0.277072,0.387143,0.338976,-0.262443,-0.026638,0.535014,0.140387,-0.281263,0.018792,0.435183,-0.336181,0.331691,0.196648,-0.016734,0.498966,0.040335,-0.181082,-0.373975,0.265208,-0.003159,-0.445021,-0.126115,0.299732,-0.320132,-0.121563,0.059687,0.210599,-0.123561,-0.03273,0.058576,-0.05684,-0.15554,-0.243429,0.073917,-0.274506,-0.192546,0.116522,0.006248,-0.348143,0.519418,-0.401181,0.049464,-0.123896,-0.035226,-0.100901,-0.132573,0.044392,-0.284627,0.142569,-0.420254,-0.048952,-0.030224,-0.277393,-0.011613,-0.085577,-0.433954,-0.282593,0.335291,-0.082712,-0.274642,#
4,0.210363,0.180023,0.345001,0.118278,1.0,-0.181053,0.208727,0.058347,0.05531,0.202223,-0.041083,-0.043154,0.021686,-0.007868,0.240984,-0.61676,0.211398,0.181962,-0.326374,-0.113574,-0.06495,0.105623,0.094542,0.397912,-0.269077,-0.030776,0.173214,-0.257488,-0.158081,0.217132,-0.001111,-0.161922,0.096165,-0.030995,-0.492652,-0.006065,-0.143324,-0.331087,0.369559,0.338665,-0.208021,0.061951,-0.192172,0.042002,-0.112179,-0.081341,0.137967,0.260554,-0.215631,0.121491,0.150965,-0.264091,0.014223,-0.023177,0.321628,-0.434037,-0.466936,0.215862,-0.223151,-0.207574,-0.067215,0.19576,-0.238126,0.16938,-0.060682,0.336313,0.138088,0.116277,0.208184,-0.175062,-0.146405,-0.142251,0.138933,-0.013595,-0.091007,0.050615,-0.147683,-0.276263,-0.17375,-0.206043,-0.266468,0.071505,-0.28394,-0.026344,-0.241678,-0.468777,-0.139891,-0.0577,-0.254095,-0.243108,-0.32094,-0.095623,-0.061839,0.084246,-0.1394,-0.104449,0.030735,0.508799,0.250703,0.166184,-0.134649,-0.205056,0.106628,0.184826,-0.216888,-0.378747,-0.402465,-0.243181,-0.000812,0.303725,0.12096,0.021491,-0.199642,-0.222293,-0.032008,0.009881,-0.138384,-0.448459,-0.106806,-0.144426,-0.475778,-0.236991,-0.123673,-0.140934,0.014763,-0.104043,-0.302945,-0.387671,-0.382773,0.076989,-0.085106,-0.30167,-0.350906,-0.359271,0.144949,-0.373806,0.422205,-0.000812,-0.100253,-0.128776,-0.044116,0.060078,0.134449,-0.363977,-0.388532,-0.181373,-0.0626,0.146146,-0.257735,0.05509,-0.11533,0.088921,-0.131109,-0.138411,-0.178205,-0.218565,0.48237,0.042188,-0.2564,-0.11646,0.08088,0.059114,0.218704,0.120408,-0.189883,0.266407,-0.024603,0.267801,0.056507,-0.206448,-0.051903,-0.089744,-0.135229,-0.235152,0.061371,-0.253437,-0.218725,-0.524131,0.134575,-0.078186,-0.153313,-0.004195,0.31978,0.332287,-0.012464,0.259966,0.078306,-0.259513,0.169209,0.138111,0.110263,0.429558,0.044396,0.082305,0.341609,-0.359966,-0.060369,-0.267364,-0.437052,0.230367,#
5,0.197931,-0.228709,-0.370185,-0.330791,-0.181053,1.0,0.039287,0.053754,0.155123,0.201946,0.230483,-0.081473,-0.203702,0.308837,0.112216,0.230355,0.007686,-0.216187,-0.137903,-0.155895,-0.460808,0.068337,0.133352,-0.052373,0.319248,-0.354296,-0.105664,0.567147,0.248919,-0.138473,0.274267,0.261777,-0.252356,-0.058179,-0.062428,0.045492,-0.051534,0.158568,0.030919,-0.027685,-0.179467,0.040237,0.145049,0.471442,0.060399,0.017669,0.008085,0.023629,0.195508,0.407641,0.087929,0.136799,0.296156,-0.446558,-0.08417,0.077445,0.345675,0.140288,0.223625,0.279122,0.327099,-0.046745,0.141759,0.183937,0.133542,0.195735,-0.086397,0.02401,-0.058322,0.155564,0.102738,-0.31631,0.047238,-0.28983,-0.095206,0.088445,0.251932,0.088233,0.017146,0.077099,-0.156239,0.06864,0.058105,0.022839,0.081413,0.13669,-0.129267,-0.607478,0.130446,-0.248976,-0.14965,0.068644,-0.153416,0.109321,0.30914,-0.170991,-0.279231,-0.180351,0.093035,-0.377545,-0.262026,0.087583,0.0648,-0.262399,0.373011,0.124624,0.269813,-0.104667,-0.08678,-0.294261,0.105537,0.474284,-0.150144,-0.207277,-0.43859,-0.325958,-0.0019,0.130082,0.091102,-0.18893,0.117806,-0.036393,0.128397,0.025568,-0.211153,0.199592,0.143621,0.284522,-0.063324,-0.248894,-0.049142,0.094496,0.195671,0.330714,-0.152899,-0.121943,-0.086296,-0.264997,-0.184669,-0.337284,-0.00889,-0.253118,-0.468755,0.155352,0.158902,0.037074,-0.295108,0.027575,0.346599,-0.12174,0.065159,0.039923,-0.183197,0.474627,-0.270463,0.207951,-0.058233,0.221808,-0.371085,0.308881,-0.055315,-0.046742,-0.220864,0.098877,0.093018,-0.302225,0.156216,0.058404,0.008586,-0.167035,0.264839,0.172074,0.189882,0.12139,0.173491,0.060724,0.239239,0.159416,0.171039,-0.092371,0.179591,0.320791,-0.10022,0.046715,-0.259845,-0.243275,-0.040346,0.175753,-0.136834,0.277816,0.043128,-0.547523,0.325156,-0.117291,0.123824,0.16411,0.065545,0.053902,0.080127,0.109056,#
6,0.034204,0.218533,0.037145,-0.265824,0.208727,0.039287,1.0,0.261812,0.36579,-0.071621,0.097413,-0.197771,0.189488,0.13184,0.357122,-0.222422,-0.281569,0.046655,0.008764,0.271835,0.232374,0.389686,0.175537,0.057499,-0.108842,0.032373,0.042728,-0.178261,0.048657,0.203617,-0.347892,0.029679,0.082162,0.21063,-0.009131,0.058094,0.352743,-0.174717,0.166583,0.137412,-0.024231,0.336669,-0.126141,0.330394,-0.116605,0.005991,0.190145,0.527713,0.271313,0.018612,0.246257,-0.078447,-0.053433,-0.375401,-0.103713,0.207497,0.173021,0.047486,0.028487,0.391896,0.096357,0.195665,-0.202406,0.189998,0.309184,0.144323,0.113279,-0.130241,0.162891,-0.225417,0.213819,-0.3218,0.123749,-0.149019,-0.378761,0.221664,0.032569,0.022326,-0.16216,-0.03876,-0.199782,-0.214211,0.029071,-0.346793,-0.509257,-0.112143,0.012897,0.408787,-0.359499,-0.04848,-0.294261,-0.228943,-0.191362,0.433819,-0.302605,-0.117765,0.015534,0.026221,0.090712,-0.15152,-0.069057,0.134921,-0.063346,0.210397,-0.197639,-0.216,0.150408,-0.37687,0.033315,-0.204207,0.440098,0.329861,-0.16216,-0.375292,0.158758,0.203225,-0.123036,-0.114547,0.205766,-0.434686,-0.110682,-0.215009,-0.084789,-0.313616,0.16685,0.039308,-0.117831,0.316151,-0.339481,0.062751,-0.076055,-0.308741,-0.123586,0.025458,0.045576,-0.021815,-0.044345,0.039778,0.012251,-0.287027,-0.233246,-0.268815,-0.025319,0.116334,0.009813,-0.227053,-0.226528,0.582179,0.106998,-0.441517,0.08901,-0.050129,-0.137559,-0.115101,-0.145645,0.356707,0.314515,0.363164,-0.068107,-0.108225,0.465852,0.211433,0.055094,0.152106,0.187598,0.283387,-0.037362,-0.02656,-0.143461,0.181636,-0.211427,-0.038112,0.03815,-0.081099,0.223119,-0.016361,-0.041407,0.151128,0.452223,-0.401432,0.026173,0.399373,-0.022901,-0.123914,0.149152,-0.047716,-0.073431,0.165809,-0.410755,0.302487,0.283698,-0.040059,0.221727,-0.176926,0.270078,-0.167416,0.305058,0.140575,0.061669,-0.102138,#
7,0.303725,0.230838,-0.089736,-0.258638,0.058347,0.053754,0.261812,1.0,0.050601,-0.192458,-0.20038,0.220387,0.083771,0.197372,0.028974,-0.006581,0.120613,-0.003664,-0.164271,0.034929,0.0303,0.547813,0.048787,0.269434,-0.465566,0.036888,0.434761,0.104792,-0.096891,-0.028409,-0.259119,0.399999,-0.013592,-0.085116,0.083458,-0.035238,0.004524,-0.597536,-0.060087,0.057902,0.048053,0.067869,-0.035656,-0.039424,-0.16393,0.000272,0.109984,0.321539,-0.000864,0.043089,0.124335,-0.214285,0.183717,-0.431309,-0.248766,-0.0686,0.180479,-0.120528,0.382625,0.324176,0.164721,0.165311,-0.105959,0.21405,0.334144,0.405471,-0.143706,0.080616,0.235052,-0.37683,0.167136,-0.097532,-0.276258,-0.024661,-0.35538,0.078823,-0.149379,-0.164806,-0.416982,0.001038,-0.041892,-0.179741,0.0065,-0.256484,0.008021,0.238142,-0.056073,0.006294,0.0672,-0.174663,-0.0757,-0.357931,-0.071488,0.005955,-0.299074,-0.207317,-0.144903,-0.058025,-0.346661,-0.302696,0.106849,-0.141668,-0.191055,-0.178715,-0.391363,-0.09758,-0.040489,-0.263414,-0.161718,-0.235037,0.186042,0.105317,-0.416982,-0.125175,-0.017892,-0.04449,-0.223584,0.211253,-0.275044,-0.141666,-0.09969,-0.29869,0.073402,-0.221699,0.004793,-0.049695,-0.11552,-0.248356,0.001789,-0.081766,-0.473005,-0.159081,0.259867,-0.279158,0.25715,0.03209,0.152488,-0.305319,-0.101742,-0.463049,-0.217043,-0.381304,-0.164403,-0.019066,0.033558,-0.328346,-0.51339,0.383391,-0.244368,-0.004768,-0.099522,-0.120849,-0.196849,0.039791,-0.014209,0.177234,0.058588,0.013897,-0.266816,0.244095,0.082469,-0.274791,-0.296661,0.047785,0.173794,0.116006,-0.115832,-0.20459,-0.221301,-0.001908,-0.015252,-0.032005,-0.192331,-0.125819,0.242065,-0.09877,-0.159391,0.079076,0.054769,-0.503298,0.106656,0.193792,0.199338,-0.06059,-0.058603,-0.208252,-0.002593,0.024411,0.056695,0.347972,0.286847,0.071927,0.385338,-0.122697,0.073925,0.40583,0.111159,-0.252619,-0.427768,0.235893,#
8,0.177154,0.138502,-0.275947,-0.23057,0.05531,0.155123,0.36579,0.050601,1.0,0.221745,0.135362,-0.076312,0.253731,0.302647,0.427015,-0.127489,-0.59288,0.231041,0.321909,0.293539,0.150841,0.301372,0.376073,0.223573,0.092579,-0.25096,0.200035,0.09215,0.573371,0.343832,-0.054766,0.110178,0.37251,0.18879,-0.22403,0.051837,0.125019,-0.169823,-0.16173,0.168289,0.125504,0.15051,-0.163068,0.166253,0.078067,-0.35588,0.379696,0.443701,0.193308,-0.052089,-0.064356,-0.205002,-0.100682,-0.021532,-0.138868,-0.034959,0.181846,-0.285262,0.40031,0.132188,0.276837,0.012025,-0.016828,0.109262,0.118816,0.216586,0.198621,0.049722,0.303193,0.00934,0.143814,-0.372132,0.168224,0.022885,-0.080557,-0.001655,-0.106854,-0.179564,-0.145957,-0.394911,0.122242,-0.394858,-0.107584,-0.372048,-0.219665,0.007915,0.155457,0.125549,-0.268133,-0.051085,-0.03477,-0.048987,-0.659861,0.750459,-0.183343,0.042254,0.200646,-0.143922,0.286319,-0.14907,-0.029551,0.154277,-0.010928,0.001644,-0.001712,-0.032194,-0.216857,-0.201892,0.03517,-0.352925,0.432094,0.229662,-0.165639,-0.009619,-0.145159,-0.145938,0.027943,0.016684,0.285659,-0.306876,-0.113584,-0.307281,0.217199,-0.476253,0.22894,-0.003459,0.00792,0.356404,-0.310428,-0.298858,-0.046627,-0.330857,0.155924,0.285811,0.041217,0.158032,-0.256496,-0.117485,0.178663,0.111966,0.174772,-0.390128,-0.349976,0.036159,-0.217204,-0.171306,-0.062099,0.190012,0.113329,-0.270221,0.216151,-0.237705,-0.116042,-0.12906,0.024915,0.182301,0.469988,0.604825,0.096193,0.029302,-0.007455,-0.006957,-0.117672,0.210219,-0.025758,0.311444,-0.015135,0.048,-0.298,0.177967,-0.336747,0.33623,-0.11328,-0.274596,0.537201,-0.075442,-0.36895,0.097318,0.294195,-0.520916,0.158125,0.195991,-0.170306,-0.002085,-0.033416,0.008822,0.227427,0.147036,-0.404327,0.130515,0.098205,-0.198032,0.189815,-0.217146,0.110918,-0.029677,0.284453,-0.110976,0.135378,0.096745,#
9,-0.062174,0.319967,0.204814,0.184906,0.202223,0.201946,-0.071621,-0.192458,0.221745,1.0,0.197862,-0.185153,0.234646,0.022515,0.191583,-0.002999,-0.403647,0.303125,0.209746,0.090429,-0.035384,0.263089,0.265171,0.223485,-0.080506,0.060417,0.264497,0.079879,0.010675,0.12545,0.032542,0.162201,0.223192,0.365527,-0.275438,-0.276479,-0.077768,-0.131229,-0.000277,-0.244592,-0.093987,0.245412,0.171907,0.04654,0.226953,-0.267656,0.045061,0.355497,-0.037266,0.384525,0.052696,0.276815,-0.013052,0.124416,0.120804,-0.204271,-0.207675,0.147831,-0.148027,-0.297495,0.322714,-0.100232,-0.392409,0.212078,-0.202412,0.085272,-0.141053,0.163652,-0.027517,0.282361,0.149305,-0.153037,0.287496,-0.054028,0.138502,0.100407,-0.157196,-0.501104,0.077724,-0.151751,0.065734,-0.029865,-0.162063,-0.107699,0.126389,0.200467,-0.261425,-0.179953,-0.118922,-0.016926,0.082996,-0.043634,-0.373699,0.125255,-0.137149,0.328538,0.343872,0.077715,0.308772,-0.301258,-0.266157,-0.345377,-0.178877,-0.182872,-0.221747,-0.095832,-0.242882,-0.223429,-0.366533,-0.038953,0.356905,0.120767,0.057483,-0.446622,-0.220278,-0.220249,-0.087884,-0.097605,0.380539,-0.332202,0.091881,0.016032,0.529534,-0.257756,-0.028964,0.295141,-0.290128,-0.078492,-0.153568,0.109302,0.212976,-0.185459,-0.097481,0.145054,-0.087773,0.195484,0.085086,0.000539,0.226314,-0.151358,-0.048219,0.290026,-0.348948,-0.159849,-0.188425,0.256862,0.156356,-0.013122,-0.248603,0.156017,-0.343811,0.079381,0.300452,0.450985,-0.047089,0.170499,0.135802,0.412247,0.002792,0.046706,-0.282057,-0.110711,-0.101956,0.310846,-0.226227,0.26265,-0.105202,0.148941,0.113973,0.185387,-0.181379,0.256759,0.294907,0.029822,0.228267,0.047159,0.025617,-0.103556,-0.297532,0.15368,-0.070948,0.135612,-0.343556,0.236446,-0.365134,-0.019771,0.03929,-0.21225,-0.231223,0.174826,0.120638,0.029883,-0.278581,-0.157618,0.096557,-0.608959,0.083412,-0.107542,0.124362,0.016612,#
10,-0.201681,-0.301693,-0.118979,0.37034,-0.041083,0.230483,0.097413,-0.20038,0.135362,0.197862,1.0,-0.159063,-0.419204,-0.12698,0.221058,0.235439,-0.020558,-0.469399,-0.064164,-0.145455,-0.29067,-0.02271,-0.0386,0.111371,0.450204,0.201916,-0.092409,0.13177,-0.098038,-0.369452,0.327385,0.043971,0.002862,0.138596,-0.027304,-0.031837,-0.082475,-0.011713,-0.011806,0.278572,-0.129505,-0.301741,0.006671,0.334629,0.471844,0.029131,-0.292725,-0.254049,0.192186,-0.057616,-0.229014,0.331274,0.004403,-0.136751,0.130743,0.28414,0.15737,0.022332,0.059407,0.190551,0.010987,-0.102567,0.040546,-0.029692,-0.023175,-0.304604,0.001201,-0.60063,-0.534462,0.136095,-0.052515,0.134095,0.536111,0.316576,-0.050068,-0.050414,-0.150334,-0.014189,0.231665,0.153139,-0.263222,0.137657,0.464307,-0.276915,-0.164598,-0.170933,0.243282,0.131947,-0.427536,-0.053592,0.044234,-0.043263,0.09076,-0.142057,0.178501,0.071356,-0.332016,0.099322,-0.198179,0.200773,-0.02488,0.160812,0.491278,0.165294,0.093943,0.018044,0.065981,-0.027774,0.314886,0.279417,-0.324038,0.124629,-0.108243,-0.140491,-0.233444,-0.012398,0.448554,0.008836,0.007677,0.360994,0.407168,0.18273,0.353095,0.281302,0.091155,-0.039662,0.040429,0.241582,-0.067141,0.097654,0.192451,0.260876,-0.281848,0.058928,-0.087048,0.494719,-0.080695,-0.205789,0.000551,-0.130486,-0.089697,0.031698,0.175449,-0.017855,-0.001241,0.156765,0.152733,-0.382575,0.362319,0.293127,0.262636,0.464939,-0.268875,0.035694,0.293073,-0.035259,-0.280595,-0.147144,0.178449,0.208987,-0.218078,0.028474,0.060412,-0.599918,-0.23512,-0.026833,0.138391,0.169547,0.26271,-0.035633,0.031022,-0.080825,-0.386146,0.184831,-0.077509,-0.170243,-0.031381,-0.070064,-0.086616,0.185982,0.03958,0.379289,0.033104,0.310598,-0.162195,-0.178317,-0.11068,-0.329506,0.219213,-0.475805,-0.284821,-0.090629,-0.078539,-0.086439,0.127112,-0.259143,-0.034412,0.274734,-0.18473,-0.369163,#
11,0.20969,-0.05375,-0.033052,-0.104043,-0.043154,-0.081473,-0.197771,0.220387,-0.076312,-0.185153,-0.159063,1.0,-0.218576,-0.055229,0.062107,0.046134,0.170252,-0.027612,-0.25452,-0.340824,-0.3148,-0.060732,-0.053829,0.099771,-0.238213,0.20896,0.045686,0.010767,0.01502,0.025396,-0.127654,0.07079,-0.024741,-0.298539,0.31592,-0.012004,-0.562523,0.0964,-0.176332,-0.042471,-0.09399,0.093446,-0.2603,-0.158477,-0.135913,-0.215295,-0.200802,-0.342369,-0.171322,-0.059241,-0.485318,0.131082,0.069425,-0.128699,0.106609,-0.246876,-0.296879,-0.153647,-0.012945,0.219061,-0.281999,-0.058493,-0.235742,-0.254131,0.238372,-0.216261,-0.145606,-0.097194,-0.189111,0.098158,0.066182,-0.13762,-0.007693,-0.082223,-0.441135,-0.168088,-0.104996,-0.090493,-0.002274,0.25225,0.163713,-0.10394,-0.096221,0.191858,-0.096997,0.306589,0.18758,-0.089446,0.137384,-0.441135,0.204093,-0.275798,-0.010149,-0.245748,0.140722,-0.158889,-0.093249,-0.009646,-0.276998,-0.053442,-0.012707,-0.293332,0.07584,0.047471,-0.167696,-0.034008,0.225341,-0.01425,-0.114323,0.162594,-0.247879,0.14449,-0.345064,0.299044,-0.116921,-0.165723,-0.168225,0.130949,-0.567766,0.119415,-0.059329,-0.208659,-0.363445,0.315767,-0.174229,-0.12642,0.131463,-0.360048,-0.065942,0.119794,-0.203421,-0.134618,0.030672,-0.096939,-0.1652,0.087906,0.165292,-0.273845,0.230524,0.016657,0.028028,-0.088057,0.062617,-0.405981,-0.220206,0.16759,0.227114,-0.144293,-0.28925,0.248042,0.015135,-0.362413,0.004948,-0.134845,-0.096683,-0.189988,-0.036171,-0.046935,-0.047422,0.319148,0.051153,0.144758,-0.057573,-0.218409,-0.073767,-0.179651,-0.069868,0.128163,0.164172,-0.383477,0.405479,0.015665,-0.186934,0.130513,0.134829,-0.180595,-0.469153,-0.042112,-0.037578,-0.130261,-0.025699,-0.275864,0.243604,0.184731,0.332801,0.133945,0.057327,0.15565,0.142199,-0.093693,0.026747,0.106794,-0.195184,0.09918,-0.093206,0.314071,-0.154654,-0.163349,0.047303,-0.145801,#
12,0.196374,0.375468,0.022716,-0.058509,0.021686,-0.203702,0.189488,0.083771,0.253731,0.234646,-0.419204,-0.218576,1.0,0.262623,0.197905,-0.405175,-0.299593,0.430342,0.228623,0.494674,0.322581,0.081151,0.372164,-0.113964,-0.471285,-0.25737,0.049007,-0.318883,0.207988,0.206062,-0.275534,0.101172,0.349277,-0.214002,-0.076567,-0.257229,0.318349,0.015197,-0.023013,-0.367298,0.271097,0.679892,0.030288,-0.041828,-0.135326,-0.292458,0.547745,0.544393,-0.083485,-0.031258,0.174117,0.007057,0.051994,0.082958,-0.338155,0.21251,0.144181,-0.099859,-0.117212,0.037222,0.075524,0.180382,-0.008364,-0.049774,0.171689,0.242983,0.339241,0.510357,0.227212,-0.053777,0.363318,0.206877,-0.136333,0.008955,-0.066638,0.166802,0.196477,-0.145321,-0.014717,-0.211288,0.120846,-0.222215,-0.272382,0.00285,0.115411,0.36343,-0.141274,0.410533,-0.036042,0.275172,-0.120077,0.097636,-0.364266,0.417716,-0.160695,0.389677,0.678099,-0.148769,0.417957,-0.301804,0.206775,-0.20638,-0.237001,-0.15138,-0.219515,0.124583,-0.214214,-0.046511,-0.442124,-0.224539,0.767984,-0.306502,0.145169,-0.202378,0.191035,-0.130826,-0.299783,0.067222,0.359514,-0.630462,-0.112769,-0.235593,0.053414,-0.485831,0.152566,0.346375,-0.474858,0.094,0.042394,0.073508,0.101888,-0.148411,0.043559,0.261685,0.033437,-0.018146,-0.063886,0.209646,-0.008298,0.25788,0.149273,-0.219595,-0.223057,0.008747,0.028417,-0.140296,-0.212364,0.279475,0.09055,0.033923,-0.285619,-0.443946,0.380442,0.076321,0.033567,0.371183,0.427387,0.314041,0.105869,-0.318291,-0.142829,-0.131477,-0.30684,0.605845,0.197652,0.107031,0.182141,-0.20836,-0.134025,0.366954,-0.233295,-0.015191,0.379733,-0.069872,0.35653,0.426522,0.127228,-0.034127,0.10108,-0.350771,-0.011739,-0.108989,-0.37711,-0.480464,0.072654,-0.04564,0.331501,0.186776,-0.5501,0.434944,0.467339,-0.0538,-0.111541,-0.266623,-0.255993,-0.181206,0.105201,-0.2574,0.087014,0.100133,#
13,0.477829,0.469989,-0.052845,-0.422995,-0.007868,0.308837,0.13184,0.197372,0.302647,0.022515,-0.12698,-0.055229,0.262623,1.0,0.318286,-0.126909,-0.165331,0.257553,0.23048,0.020884,-0.123481,0.134934,0.605989,-0.175693,-0.170618,-0.5676,0.277036,0.352875,0.68336,0.479277,-0.390966,0.181686,0.30661,-0.264612,0.09965,0.006773,-0.090024,-0.04605,-0.035322,-0.073326,0.021084,0.300408,0.105774,0.483161,-0.373693,-0.571401,0.333135,0.293396,0.072163,0.271104,0.285774,0.027164,-0.056048,-0.153721,-0.083912,-0.208171,-0.00684,-0.030471,0.110415,0.155163,0.328032,0.174731,-0.173831,0.429965,0.280015,0.681505,0.110173,0.532301,0.328675,0.012116,-0.147921,-0.214102,0.110377,-0.485265,-0.325669,0.455524,-0.194782,-0.044958,-0.444939,-0.302926,-0.602122,-0.486917,-0.355995,0.075383,-0.144522,-0.065937,-0.089541,-0.200824,-0.101315,-0.164903,-0.397057,-0.310888,-0.606833,0.330812,-0.224356,-0.202759,0.092117,-0.539534,0.009348,-0.54689,-0.258328,-0.25674,-0.468323,-0.383742,-0.265346,-0.113011,-0.1614,-0.317595,-0.516753,0.014105,0.496527,0.304716,-0.287409,-0.273819,-0.291842,-0.370978,-0.520731,-0.19549,0.166039,-0.39911,-0.357523,-0.508731,-0.202391,-0.369051,0.041622,0.087108,-0.334702,-0.095769,-0.226151,-0.517344,-0.340345,0.023426,-0.385098,0.13819,-0.587643,-0.276092,-0.064381,-0.510284,-0.081327,-0.233668,-0.263718,-0.356877,-0.619466,-0.321776,-0.310085,-0.18576,-0.442961,0.301039,0.149383,-0.360413,-0.234968,-0.406186,-0.193084,-0.166407,-0.454513,-0.074306,0.432456,0.480045,-0.360983,0.041073,-0.15829,-0.353708,-0.171849,0.292867,-0.273286,0.040891,-0.062694,0.02134,-0.192159,0.100728,0.015562,0.229793,-0.017257,-0.344661,0.773364,0.003338,-0.097952,0.081864,0.661239,-0.479837,0.435466,-0.029772,-0.246122,-0.065704,0.38201,0.022187,0.005353,-0.155814,-0.277843,0.679753,-0.03246,0.055066,0.604368,0.212902,-0.151921,0.257559,0.677218,-0.564714,-0.233159,0.033814,#
14,-0.011485,0.187383,-0.12116,-0.149899,0.240984,0.112216,0.357122,0.028974,0.427015,0.191583,0.221058,0.062107,0.197905,0.318286,1.0,-0.319278,-0.174001,-0.061072,-0.151417,0.138986,-0.044947,0.152268,0.268546,0.147071,-0.007413,-0.042003,-0.105794,0.235166,0.339871,-0.00779,-0.262614,0.136659,0.402763,-0.157247,-0.222883,0.018989,-0.185977,-0.025104,0.29123,0.131683,-0.069508,0.301239,-0.591909,0.324136,-0.059955,0.027167,0.182492,0.108586,0.351852,0.498484,-0.068588,0.043409,-0.139323,-0.222285,-0.032181,-0.034189,-0.131315,0.072084,-0.040901,0.319965,0.156714,0.472088,-0.268066,0.274998,0.311085,0.123577,0.226588,0.054422,0.151655,-0.172127,0.062789,-0.189693,0.431876,-0.141061,-0.388238,-0.102436,0.010929,-0.159736,-0.157425,-0.356606,-0.228073,-0.223761,-0.176044,-0.465411,-0.524341,0.014089,-0.138559,0.074244,-0.721411,-0.210073,-0.307309,-0.200861,-0.395582,0.284444,-0.146743,-0.022914,0.135264,-0.029463,0.287026,-0.30577,0.130283,-0.093327,-0.204517,-0.164143,-0.194847,-0.253988,-0.326616,-0.14015,-0.14426,-0.075458,0.278886,0.060644,-0.316558,-0.252415,-0.296619,-0.353577,-0.186312,-0.289204,-0.048721,-0.166823,-0.213969,-0.389713,-0.126929,-0.210061,0.220769,-0.126697,-0.207555,0.0115,-0.447069,-0.044142,-0.200554,-0.265076,-0.278378,0.250231,-0.116987,0.04352,0.044894,-0.29854,0.079402,-0.04072,-0.132394,-0.266075,-0.272551,-0.295078,-0.298196,-0.240549,-0.125612,0.065921,0.004649,-0.172542,-0.03535,0.137805,-0.038332,-0.061504,-0.29059,0.427497,0.520675,0.48656,-0.221653,0.156475,0.115131,-0.030542,-0.005959,0.022927,-0.107927,0.409324,0.034223,-0.026313,-0.037671,-0.124577,0.109785,0.106575,0.139474,-0.397997,0.517469,-0.13068,-0.116695,-0.234117,0.303596,-0.142034,0.111922,0.423019,0.235049,0.035938,-0.046666,-0.016553,-0.12646,-0.118727,-0.18314,0.125188,-0.009422,0.228975,0.04273,-0.331906,-0.232585,-0.214836,0.167455,-0.176553,-0.069434,0.159711,#
15,-0.17378,-0.082927,-0.471593,-0.095321,-0.61676,0.230355,-0.222422,-0.006581,-0.127489,-0.002999,0.235439,0.046134,-0.405175,-0.126909,-0.319278,1.0,-0.014556,-0.14541,0.301967,0.096033,-0.081792,0.120752,-0.296964,-0.104808,0.404215,0.063047,-0.072109,0.354428,-0.097984,-0.361795,-0.084024,0.125751,0.002861,0.14863,0.438409,0.142943,-0.161888,0.230187,-0.415475,0.044346,0.230197,-0.371899,0.236977,0.042571,0.250224,0.074322,-0.382313,-0.390042,0.154429,0.162597,0.018586,0.174061,-0.166726,0.108049,-0.05124,0.248141,0.35724,-0.152583,0.329797,0.192306,0.035881,-0.300797,0.114571,0.175082,0.006824,-0.196198,-0.127359,-0.184847,-0.058182,0.037409,-0.002065,0.144992,-0.011133,-0.029432,0.482919,-0.266326,0.055727,0.162099,0.439765,0.142517,0.081555,-0.00195,0.327944,-0.084312,0.181017,0.194107,0.228483,-0.194167,0.286023,0.133483,0.428483,-0.046361,0.271312,-0.319411,0.369701,0.100159,-0.13874,-0.270073,-0.552049,0.012725,-0.023268,0.160723,-0.046361,0.121011,0.248089,0.23006,0.255822,-0.224129,0.126784,-0.101363,-0.307153,0.12456,0.269905,0.208627,-0.21145,0.012246,0.093005,0.364372,-0.046038,0.354109,0.436907,0.387871,0.016152,0.274242,-0.034577,-0.022924,0.611973,0.067267,0.230207,-0.07529,-0.142045,0.260732,0.269483,0.075058,-0.083004,0.345929,-0.323047,-0.182039,-0.071531,-0.137791,-0.089647,0.117125,-0.027679,0.408632,0.040565,0.156042,-0.024144,-0.373349,-0.058983,-0.061365,0.269038,0.280705,-0.073391,0.295454,0.121306,-0.003517,-0.621859,-0.107419,0.014863,0.225274,-0.125554,0.038815,-0.156199,-0.194365,-0.196228,-0.024229,-0.083466,0.154961,-0.077509,0.184143,-0.1468,0.372239,-0.004999,0.221988,-0.235338,-0.120921,0.190773,0.112605,-0.251078,0.273922,0.047034,0.067775,0.038144,0.146703,-0.202235,-0.19941,-0.146914,0.111394,0.129802,-0.289109,-0.29248,-0.257519,-0.230838,0.049942,-0.125783,0.269854,-0.019496,0.262899,0.044465,-0.368959,#
16,0.147356,-0.322078,-0.13255,-0.082995,0.211398,0.007686,-0.281569,0.120613,-0.59288,-0.403647,-0.020558,0.170252,-0.299593,-0.165331,-0.174001,-0.014556,1.0,-0.27892,-0.608637,-0.372709,-0.299487,-0.115885,-0.455445,0.115949,-0.089361,-0.018385,-0.417351,-0.041839,-0.339155,-0.378047,0.081248,-0.322898,-0.005773,-0.326468,0.095235,0.333692,-0.223708,0.042691,0.121664,0.250794,-0.234269,-0.364092,-0.019305,0.09427,0.050896,0.394344,-0.339634,-0.476821,-0.159402,-0.036937,0.053479,-0.129415,-0.019641,0.040912,0.196089,0.031098,-0.046804,0.28135,0.040472,0.21551,-0.183721,-0.128514,0.166772,-0.177789,0.187763,-0.016397,0.188844,0.023645,-0.135818,-0.424106,-0.339887,0.231449,-0.047617,0.143776,0.014432,0.136879,0.339281,0.221722,0.124507,0.170764,-0.237059,0.334543,0.036645,0.120539,0.190919,-0.28494,-0.207312,-0.169084,0.255996,-0.324265,-0.230587,-0.17069,0.601724,-0.519424,0.251765,-0.388684,-0.341123,0.138944,-0.357748,0.23143,0.31107,-0.123859,0.170764,0.000626,0.128921,-0.072128,0.152427,-0.027487,0.02759,0.293745,-0.520587,-0.220777,-0.035475,0.058093,-0.181482,0.307274,-0.012038,-0.269772,-0.682521,0.57456,-0.08497,0.234155,-0.43998,0.526088,0.047083,-0.210963,-0.074894,-0.164599,-0.091272,0.08189,-0.315701,0.513874,-0.072587,-0.191338,0.078583,-0.344835,0.358808,-0.191378,-0.614644,-0.097423,-0.237176,0.099272,0.208902,0.041452,0.042473,-0.374186,-0.173453,-0.275703,-0.010935,0.173077,0.149555,0.291744,-0.400051,0.048589,-0.178185,-0.420285,-0.28058,-0.541466,-0.28526,-0.192804,0.178716,-0.10577,-0.10099,-0.236044,-0.015859,-0.220593,0.148588,0.018959,0.153392,-0.419352,0.504751,-0.198921,-0.211492,0.062428,-0.450234,-0.088203,0.044224,-0.24747,-0.120481,0.256804,-0.076918,-0.026419,0.554416,0.274959,0.094188,0.038624,-0.007529,0.040078,0.553056,-0.171754,-0.271315,0.237913,0.070864,0.187445,-0.176677,0.404946,-0.252916,-0.071696,-0.47404,0.195096,#
17,0.208416,0.527724,0.093291,0.035222,0.181962,-0.216187,0.046655,-0.003664,0.231041,0.303125,-0.469399,-0.027612,0.430342,0.257553,-0.061072,-0.14541,-0.27892,1.0,0.311075,0.123923,0.397157,0.071246,0.438402,-0.100802,-0.316921,-0.126063,0.157254,-0.095528,0.353342,0.45663,-0.322752,0.018871,0.181149,0.295552,-0.17544,-0.260789,0.205986,-0.141377,0.137941,-0.162717,-0.141505,0.429664,0.45521,-0.195298,-0.176416,-0.445992,0.285286,0.342482,-0.039047,-0.01692,0.388291,0.106688,-0.286445,0.351336,0.138181,-0.233787,-0.067313,-0.14057,0.103088,-0.106023,0.201823,0.262748,-0.314186,0.028613,-0.065873,0.346981,0.185896,0.639164,0.647477,0.184874,0.006327,-0.027933,-0.04057,-0.172003,0.018113,0.301202,-0.300285,-0.317076,-0.110767,-0.299203,-0.005461,-0.316267,-0.42672,0.104819,-0.135731,0.032376,-0.46913,0.094175,0.243115,0.080871,0.118917,-0.123611,-0.27265,0.474617,-0.228621,0.074821,0.346215,-0.18304,0.086381,-0.392337,-0.17893,-0.441187,-0.315285,-0.103746,-0.267791,-0.100568,-0.297275,-0.300905,-0.652688,-0.244366,0.483943,0.178601,0.290298,0.025206,0.023763,0.004121,-0.34191,-0.158223,0.256847,-0.455581,-0.246554,-0.248366,-0.09657,-0.630506,0.019089,0.338742,-0.135682,-0.19926,0.010065,-0.24087,0.056469,-0.234919,0.0675,-0.067057,-0.123676,-0.163341,-0.017556,-0.020887,0.283594,-0.156481,-0.092748,0.18159,-0.25576,-0.175991,-0.311848,0.078043,-0.175832,0.344517,-0.305666,-0.260836,-0.443803,-0.210135,0.093647,0.040033,-0.357068,-0.092809,0.37108,0.422866,-0.354774,-0.205387,0.006239,-0.06991,-0.067657,0.649855,-0.187726,0.528517,-0.013823,-0.133794,-0.367877,0.129488,-0.349017,0.288859,0.036574,-0.204349,0.233684,-0.236242,-0.020455,0.132627,0.146067,-0.022597,-0.120244,-0.14901,-0.328511,-0.114123,0.180295,0.167462,0.147339,0.079509,-0.322663,0.44606,0.058638,0.045467,0.018921,0.127735,-0.095016,-0.018565,0.288046,-0.347339,0.110576,-0.000432,#
18,0.137633,0.484153,-0.046571,-0.059467,-0.326374,-0.137903,0.008764,-0.164271,0.321909,0.209746,-0.064164,-0.25452,0.228623,0.23048,-0.151417,0.301967,-0.608637,0.311075,1.0,0.162099,0.467901,-0.030364,0.067364,0.030594,0.14127,-0.02378,0.097899,0.008157,0.340834,0.396103,-0.200263,-0.088783,0.232389,0.145342,-0.022317,-0.084081,0.162085,0.153759,-0.421074,-0.247116,0.183158,-0.056882,0.186729,-0.033871,-0.109229,-0.453533,0.272671,0.248523,0.079529,0.011682,-0.037305,0.147046,-0.238647,0.260648,-0.111626,0.167641,0.04471,-0.285719,0.007309,-0.308866,0.287683,0.058795,0.084692,0.246263,-0.13562,0.058674,0.073528,0.055035,0.14252,0.132951,-0.086595,0.149056,-0.248121,0.07433,0.380027,-0.005712,-0.193648,0.138041,0.083368,-0.248822,-0.006327,-0.121512,0.211809,0.179936,-0.080329,0.061192,0.106879,0.261804,0.055428,0.286292,0.345668,0.067794,-0.392542,0.263409,-0.055786,0.342591,0.422155,-0.19697,0.065517,-0.022052,-0.080707,0.020696,-0.291498,-0.083217,-0.277334,0.334127,-0.280877,-0.089921,-0.131642,-0.346375,0.274329,-0.093977,0.309811,0.007221,0.127934,-0.026804,0.11453,0.195145,0.461277,-0.193273,0.227688,0.146431,0.108218,-0.273694,0.062018,0.135792,0.164288,0.259934,0.185552,-0.161908,0.239721,-0.144833,0.115402,0.276394,-0.222164,0.330499,-0.414415,-0.035998,0.151485,0.11838,0.154296,-0.175103,-0.27532,0.191681,0.180229,0.073908,0.141168,0.112452,0.006622,-0.222059,0.041954,-0.088965,0.350203,0.101847,0.101826,0.144408,0.072866,0.266633,0.210853,0.140897,-0.311332,0.018196,-0.095277,0.129976,0.045493,0.179445,-0.000133,0.211537,-0.037785,0.232624,-0.640544,0.364574,0.112252,0.1733,0.240302,0.353514,0.242174,0.0975,0.1722,-0.206914,0.045725,-0.108357,-0.361617,-0.201382,0.115623,0.038375,0.026944,0.153324,-0.193023,0.123297,-0.051143,-0.095678,0.046699,-0.012979,-0.145927,-0.169162,0.386652,-0.252266,0.158095,-0.297876,#
19,-0.164773,0.203268,-0.087276,0.054083,-0.113574,-0.155895,0.271835,0.034929,0.293539,0.090429,-0.145455,-0.340824,0.494674,0.020884,0.138986,0.096033,-0.372709,0.123923,0.162099,1.0,0.146246,0.220744,0.082691,-0.310101,-0.087132,-0.286856,0.210851,-0.087666,0.031854,-0.165725,-0.345438,0.234574,0.147287,0.087247,0.135214,-0.182891,0.291602,0.090346,-0.041734,-0.001585,0.624136,0.462219,-0.057727,-0.094396,-0.004893,-0.058025,0.27746,0.403536,0.382589,0.03373,0.227068,-0.174169,-0.037441,0.176395,-0.513939,0.266601,0.261883,-0.262417,0.306793,0.187636,-0.070952,0.052483,-0.041197,0.245952,0.221208,0.195184,0.322029,0.277418,0.213941,0.056405,0.370815,0.103899,0.130609,0.141889,0.244579,-0.132564,0.354331,-0.044288,0.213915,-0.139247,0.117242,0.064475,-0.022495,-0.409823,0.212878,0.075032,0.156134,0.254729,0.019819,0.421689,0.009972,0.008878,-0.057175,0.210062,0.066868,0.474621,0.376778,-0.164429,0.018532,-0.127131,0.244931,0.257171,-0.167751,0.158256,0.084931,0.220372,-0.118575,-0.199739,0.124806,-0.094375,0.438172,-0.146797,0.213915,-0.004294,0.118551,0.063837,-0.168439,0.075397,0.367496,-0.344186,-0.060993,-0.033314,0.06182,-0.372022,0.24982,0.210634,-0.090458,0.138544,0.23652,0.1531,-0.023127,-0.023088,0.001894,0.275185,0.208172,0.098182,-0.216822,0.350291,0.070917,0.04105,0.181424,-0.062552,-0.127818,0.184057,-0.188925,0.092888,-0.341191,0.112791,-0.055702,-0.256632,0.046519,-0.116655,0.065451,0.032378,0.314403,0.419993,0.167358,0.299461,0.346302,-0.248576,-0.06491,-0.080874,-0.091527,0.325055,0.127261,0.130696,0.05426,0.012094,-0.372821,0.625343,-0.40706,0.140729,0.243361,-0.22499,0.059366,0.196482,0.10926,-0.033915,-0.061259,-0.083392,-0.030012,0.117973,-0.130476,-0.407078,-0.287267,-0.203561,0.164413,0.04629,-0.549844,0.027904,0.090995,-0.209384,-0.141205,-0.21934,-0.197058,-0.232077,0.071906,0.290148,0.132502,-0.016509,#
20,-0.154431,0.22267,0.073167,0.115571,-0.06495,-0.460808,0.232374,0.0303,0.150841,-0.035384,-0.29067,-0.3148,0.322581,-0.123481,-0.044947,-0.081792,-0.299487,0.397157,0.467901,0.146246,1.0,-0.049642,-0.043815,-0.044519,0.013363,0.046473,-0.214376,-0.316281,0.125519,0.317183,-0.080758,-0.2954,0.060769,0.422161,-0.150895,0.035676,0.344939,-0.323919,0.06544,0.036283,-0.057194,-0.041254,0.083595,-0.301246,-0.079304,0.168157,0.269794,0.228003,-0.062514,-0.076922,0.041033,-0.008708,-0.486089,0.43323,-0.254428,0.082089,0.021226,-0.095844,0.041667,-0.257182,0.366666,0.236879,-0.04101,-0.066794,-0.139269,-0.019173,-0.035215,0.142579,0.419841,-0.228005,-0.2596,0.207651,-0.248235,0.154627,0.296032,0.060933,-0.033678,-0.04614,-0.213578,-0.242417,0.212192,-0.238231,0.126421,-0.215705,-0.150412,-0.177823,-0.130476,0.354504,-0.072827,0.292532,0.204648,0.092237,-0.059277,0.299733,-0.510714,0.048722,0.44759,-0.169339,0.075587,0.148378,0.061071,-0.043701,-0.219292,-0.181061,-0.253292,-0.020392,-0.249591,0.232535,-0.06871,-0.500948,0.287112,-0.198481,0.105475,0.001871,0.277519,0.233481,0.042601,0.163127,0.280239,-0.165994,0.028696,0.190809,0.115553,-0.503001,0.278292,0.037734,0.020368,0.023369,0.084948,0.149948,0.329326,-0.335578,0.241511,-0.126952,0.10905,0.128798,-0.293159,0.266607,-0.010575,0.229767,0.005384,-0.0335,0.091904,0.083115,0.38412,-0.242572,0.057727,0.443992,-0.046507,-0.310368,-0.277197,0.13752,0.363453,-0.093203,0.09289,0.272229,0.21783,0.195046,0.145512,-0.336093,0.151598,-0.001309,-0.068921,0.180612,0.106901,0.479217,-0.040127,-0.313066,-0.357598,0.259996,-0.423818,0.297428,0.213202,0.00482,-0.027055,0.040433,0.13105,0.317592,0.211466,0.139535,-0.041731,0.210716,-0.022557,-0.113888,0.206021,0.084939,0.062034,0.238613,-0.108788,0.101693,0.063875,0.138346,-0.021058,-0.093657,-0.218116,0.000371,0.247042,-0.071447,0.196977,0.062552,#
