0,1.0,-0.145584,-0.230341,0.036973,0.039557,0.033182,0.429514,-0.312958,-0.017772,-0.39061,0.707033,0.527164,0.084138,0.06333,0.114266,-0.073105,0.118706,-0.587927,0.372723,-0.138136,0.07515,0.019502,-0.09973,0.1033,0.112851,-0.042859,-0.101896,0.307153,0.145594,-0.09576,-0.203041,0.094734,-0.087591,-0.213075,0.276569,-0.183118,-0.095865,0.03886,0.271648,0.032583,0.079336,0.359706,-0.017572,-0.093872,0.026503,0.350456,0.158175,0.121866,-0.377274,-0.036499,-0.042425,0.127203,0.114734,-0.295959,0.002638,0.06977,-0.226783,0.390773,-0.100203,-0.33238,0.133012,0.267033,-0.180936,-0.131589,-0.335657,-0.067243,0.009234,-0.210925,-0.123493,-0.221854,-0.070708,-0.218425,0.254028,-0.21846,-0.000554,0.009016,-0.440532,-0.113584,-0.369341,-0.2132,-0.272186,-0.143247,0.107603,-0.501731,0.053276,-0.261451,-0.031833,-0.276318,-0.022685,0.031443,-0.386437,-0.100918,0.059825,-0.325475,-0.19398,-0.211136,0.310175,-0.495175,-0.512075,0.026427,0.490188,-0.154514,-0.081088,-0.057175,-0.151239,-0.18817,-0.283017,-0.076012,-0.395085,-0.156407,-0.308924,0.118239,-0.207361,-0.138802,-0.11403,-0.135807,0.31289,0.100813,0.095093,-0.157118,-0.11542,0.132782,0.061048,0.481111,-0.038561,-0.08628,-0.391701,0.306424,-0.384945,-0.053949,-0.564203,-0.30649,0.066064,0.243409,-0.106303,-0.027042,-0.354212,-0.362096,0.261047,-0.367129,-0.134248,0.097697,0.15063,-0.24127,-0.207124,-0.264898,0.015472,0.016712,-0.354061,-0.338709,0.211143,-0.22147,-0.338709,0.049314,-0.072049,-0.048581,-0.209618,0.049081,-0.189465,-0.046366,-0.094998,-0.420768,0.082501,-0.360885,-0.308675,-0.04276,0.139923,-0.054526,-0.490491,-0.189731,0.348207,-0.428414,0.109926,-0.035491,0.175836,0.061586,-0.18113,0.420435,0.088954,-0.249094,-0.070367,-0.031368,-0.026781,0.186854,0.002156,-0.067408,0.028296,-0.022717,0.39571,0.18664,-0.5208,0.210243,0.413518,-0.036763,0.19712,-0.142941,-0.383075,-0.25797,0.058829,-0.468625,#
1,-0.145584,1.0,0.059882,-0.281198,0.033549,-0.313463,-0.293874,0.035609,-0.217729,0.007319,-0.174409,0.052262,0.146898,0.316108,-0.312156,0.289637,0.233014,-0.060068,0.132513,-0.217592,-0.127215,0.268976,-0.241196,-0.087828,0.236891,-0.313214,-0.216006,0.074882,0.036772,0.150707,-0.070962,-0.144104,-0.242037,0.034901,0.311306,-0.096404,-0.165852,0.140224,0.215035,-0.32561,0.030691,-0.107913,0.099149,-0.230487,-0.394667,0.117552,-0.1582,-0.035378,-0.048302,0.264337,0.120281,-0.247611,-0.151286,0.134055,-0.12166,-0.073352,0.402477,-0.067342,0.146748,0.011312,-0.007089,-0.098084,-0.088016,-0.038403,0.281853,0.165271,-0.151022,-0.131462,-0.213727,-0.087493,-0.047931,-0.03221,-0.166178,0.181899,0.123242,0.349246,0.128439,-0.203974,0.382307,-0.321833,0.010066,-0.188529,0.02118,-0.211647,-0.089512,-0.048643,-0.186907,0.252578,0.047229,0.116963,0.020613,0.089248,0.187008,-0.161437,-0.22178,0.072816,0.150051,0.186347,0.49389,0.010436,-0.246369,-0.237074,-0.060899,0.272359,-0.110529,-0.09198,0.306242,0.049827,-0.395272,-0.335516,0.377316,-0.115254,0.003484,0.080288,-0.17689,-0.249283,-0.127516,-0.118085,-0.171208,0.185566,0.018471,0.1996,-0.300411,-0.140249,-0.24594,-0.145304,-0.335331,0.312532,-0.172799,0.003521,-0.192452,-0.138208,-0.235301,0.081121,-0.183775,0.058451,0.141047,-0.07989,-0.153829,-0.224758,-0.102729,-0.281377,0.232321,-0.172827,0.191118,-0.05387,-0.352329,-0.095937,0.420365,0.203715,-0.068609,0.628397,0.215134,-0.068137,-0.069454,-0.237053,0.071444,0.148842,0.284822,0.036439,-0.144414,-0.096024,0.005685,0.339562,-0.055369,0.218197,0.164017,0.295731,-0.256537,0.18392,0.19812,0.09488,0.099071,0.20432,-0.078106,0.231341,-0.117734,0.296574,-0.122951,-0.086406,0.168805,-0.23362,0.261308,0.123804,-0.080962,0.318513,-0.014115,-0.155547,-0.016953,0.24594,-0.15715,0.198882,-0.133277,0.029264,0.176732,0.236538,0.09472,0.080111,0.479898,0.111917,#
2,-0.230341,0.059882,1.0,-0.533152,-0.018525,0.037311,0.115088,-0.179812,0.088816,0.190924,-0.343612,-0.542159,0.153604,-0.038647,-0.285938,0.256613,-0.042105,0.632078,-0.212508,0.068879,-0.463578,-0.237266,-0.073703,-0.063035,0.281204,-0.047017,-0.193535,-0.275349,0.003138,0.060925,-0.124054,-0.052614,-0.472389,0.021693,0.026821,0.347594,0.013294,0.488288,0.067463,-0.181305,0.065562,-0.258054,-0.071649,0.035598,-0.124029,-0.431015,-0.311257,-0.382531,0.062993,0.236402,0.389038,-0.371931,0.099876,-0.074162,-0.205312,0.102706,0.12609,-0.375473,0.190741,-0.192511,0.396857,0.14349,0.20304,-0.23995,0.061686,0.224132,0.238981,-0.222842,-0.043892,-0.034426,-0.188525,-0.093354,-0.517942,-0.116151,-0.04014,-0.191169,-0.207815,-0.199908,0.035746,-0.001044,-0.067612,0.058641,0.205952,0.259709,-0.237064,0.065076,0.121703,-0.066306,-0.396978,0.150036,0.183683,-0.172211,-0.179635,0.167369,-0.218024,0.093868,-0.203902,0.478261,-0.07241,-0.035027,-0.230174,-0.193869,0.02437,5.4e-05,0.03496,-0.026729,0.267111,-0.188299,0.127281,0.072091,0.16576,-0.216192,-0.002196,0.058769,0.002932,0.157444,0.021739,0.181371,0.003232,-0.138019,-0.06191,0.050452,0.030421,-0.509945,-0.194192,-0.122493,0.200946,0.010528,0.093166,-0.011828,0.065145,0.153571,-0.032735,0.109171,-0.159533,-0.399022,0.217603,0.090255,-0.363987,-0.012268,-0.211186,-0.121164,-0.079553,-0.356441,-0.113007,0.135616,0.119915,0.135549,0.091313,0.063433,-0.33318,0.094334,0.072091,-0.182367,-0.22001,-0.010636,0.087952,0.011594,-0.003974,0.001223,0.136861,-0.229514,-0.243312,0.467128,0.115116,0.066178,0.002258,0.041367,0.166698,0.009111,-0.137107,0.002997,0.226079,-0.269492,-0.344755,0.135362,0.08976,0.055614,-0.008106,-0.200332,0.01593,-0.016959,-0.096272,-0.227288,0.032375,0.131114,0.139458,-0.125845,-0.190517,-0.344214,0.155564,-0.28646,-0.175493,0.031509,-0.124664,0.034714,0.273117,0.559967,0.256849,0.360795,#
3,0.036973,-0.281198,-0.533152,1.0,0.114829,0.17204,-0.07782,0.15935,-0.248754,-0.175186,0.240523,0.257442,-0.254044,-0.493466,0.098921,-0.507955,0.034985,-0.16555,-0.130126,-0.116011,0.348129,-0.265708,-0.168078,0.200709,-0.217383,0.171851,-0.065379,0.099801,-0.086956,-0.155488,0.065232,-0.076674,0.516362,-0.185249,-0.004895,0.129195,-0.132388,-0.458133,-0.04254,0.265673,-0.1108,-0.156214,0.075876,0.135487,0.115906,0.536899,0.062159,-0.195386,0.101833,-0.409282,-0.202579,0.531241,-0.074269,0.284632,0.3566,-0.256171,0.045773,0.512543,-0.04077,-0.064301,-0.636179,-0.184108,-0.087314,0.024988,-0.118027,-0.198768,0.14136,0.056511,0.13018,-0.081727,0.142531,-0.30415,0.165277,0.280191,0.229924,-0.24989,0.214743,0.318152,0.136463,0.110446,-0.001986,0.198399,-0.009872,-0.034734,0.038981,0.177112,0.053139,0.17711,0.325983,-0.123727,0.317373,0.152882,0.187427,-0.053995,0.246916,0.437846,0.228662,-0.163178,-0.006663,0.095968,0.25665,0.258544,0.336553,0.098965,-0.079032,-0.054159,-0.091227,0.181389,-0.19972,0.113329,-0.259833,0.045071,0.100304,-0.099672,-0.040429,0.24828,0.245419,0.279462,-0.122852,0.32724,0.242169,0.054952,0.005817,0.285436,0.317006,0.208482,-0.224183,-0.464491,0.047641,0.309517,0.013772,0.354503,0.327849,-0.113056,0.159132,0.144857,0.077464,0.086958,-0.035361,0.236551,0.045092,-0.05072,0.209303,0.335388,0.273981,-0.181804,0.231248,-0.578471,0.10418,-0.24893,0.356382,-0.100486,-0.087834,0.112916,0.355746,0.001988,-0.287806,-0.377087,-0.073167,0.160299,-0.103298,0.377437,0.175978,-0.234946,0.102278,-0.422165,0.227055,-0.462254,0.079963,-0.03198,0.347401,0.199633,-0.129365,0.312954,0.318362,0.165606,-0.049843,-0.347157,-0.218935,0.497408,-0.37697,0.440338,-0.14532,-0.126725,0.003787,-0.071137,-0.033594,0.256538,0.36684,0.110478,0.130844,-0.047577,-0.027016,-0.294287,-0.17278,0.012069,-0.150308,-0.47662,-0.376614,-0.271798,#
4,0.039557,0.033549,-0.018525,0.114829,1.0,-0.077505,0.224539,0.067157,-0.209465,-0.13094,0.179561,-0.009139,-0.05714,-0.150526,0.014447,-0.331906,0.160934,-0.075279,0.192092,-0.016346,-0.147924,-0.404717,0.165522,-0.043626,0.019179,0.092481,-0.171139,-0.250496,0.115769,-0.342355,0.189835,-0.122794,-0.002364,-0.324163,0.065425,0.015616,-0.276162,-0.403837,0.226248,0.420457,0.120235,-0.207773,-0.221477,-0.197033,-0.182129,-0.103364,-0.162758,-0.236149,-0.068789,-0.083333,-0.031927,0.156261,-0.237889,-0.131303,-0.103507,-0.194861,-0.210972,0.123077,0.139091,0.166187,-0.235997,-0.046064,-0.06664,-0.396436,-0.0274,-0.077595,0.184903,0.087132,-0.074848,-0.110484,-0.240727,0.164871,-0.299054,-0.152453,0.208209,-0.129033,-0.14042,-0.12765,-0.196638,-0.052494,-0.372884,-0.027876,0.191084,-0.162549,0.197533,0.092849,-0.004628,0.002479,0.017357,-0.129206,-0.156287,0.08482,0.112303,-0.068128,0.272899,-0.26606,0.286607,0.070321,0.34335,-0.1079,0.118336,0.068171,0.089348,-0.25809,-0.014299,-0.038449,-0.030943,-0.273624,-0.084544,0.211985,0.028547,-0.087035,-0.253029,-0.014206,-0.150309,0.254063,-0.132999,0.320879,-0.060246,0.022711,-0.105299,-0.119988,-0.262186,0.155008,0.042757,-0.051912,-0.230065,-0.123876,-0.232765,-0.344687,-0.299912,-0.31843,0.17043,0.005175,0.055166,-0.150787,0.280149,-0.193004,0.030656,-0.268078,-0.142881,-0.252072,0.339965,0.145303,-0.155154,-0.136489,0.103002,0.097703,0.045961,0.006719,-0.067308,-0.022997,-0.198546,0.217655,-0.418249,-0.171223,-0.005013,0.181526,-0.068923,0.020717,-0.300566,0.014658,0.161133,0.224857,-0.179773,0.012041,-0.138105,-0.043921,0.060581,0.405316,0.118297,0.082734,0.038612,0.079197,-0.162617,-0.187401,-0.001281,0.016241,-0.185714,-0.132542,-0.031995,0.122318,-0.201726,-0.151671,0.100275,-0.284878,-0.225208,0.402579,0.409345,0.040679,-0.297638,-0.031493,0.159231,0.27057,-0.115201,-0.180595,0.123093,0.193674,-0.201519,0.00155,#
5,0.033182,-0.313463,0.037311,0.17204,-0.077505,1.0,0.267811,0.139717,0.050776,0.108885,-0.06999,-0.066676,0.171715,-0.149603,0.411019,-0.003241,-0.003771,0.268255,0.240547,0.068408,-0.274821,-0.186129,0.355394,-0.020213,-0.001355,0.361231,-0.220323,-0.047691,0.441438,0.019104,-0.125777,0.214867,0.022058,0.147983,-0.19217,0.086419,0.117747,0.000995,-0.183827,-0.047065,-0.287094,0.132679,-0.131606,-0.038649,0.11122,-0.116104,0.275423,-0.022827,0.412074,-0.101665,0.102555,-0.020004,0.463168,-0.054573,0.022824,0.097163,-0.155668,0.037875,-0.069581,0.0559,0.245092,0.151363,0.097431,0.055789,-0.290069,-0.301638,-0.278999,-0.03523,0.182196,-0.350552,-0.222614,0.144676,-0.048639,0.055661,-0.146509,-0.015886,0.030936,-0.032098,-0.221583,0.276548,0.003835,-0.115368,-0.185719,0.309862,0.029601,0.009122,-0.169263,-0.002496,-0.009113,-0.272263,-0.014259,-0.024072,-0.13468,-0.494021,-0.135111,0.122644,-0.157754,-0.187997,-0.238513,-0.249455,0.419232,0.243674,-0.144682,-0.300006,-0.393693,-0.376044,-0.254967,0.032582,-0.057877,-0.082157,-0.105188,0.440367,-0.108455,-0.12075,0.351887,-0.273003,0.262904,0.258038,0.325398,-0.220467,0.263264,-0.134651,0.025992,0.033617,-0.249724,0.219513,0.260667,-0.231035,-0.335023,0.322457,0.008979,-0.14177,-0.022943,0.137528,-0.40289,-0.171309,-0.176265,0.281048,0.107975,0.23346,-0.118069,-0.059852,-0.167944,-0.068559,0.071254,-0.270264,0.260818,0.149114,-0.588466,-0.266788,-0.009816,-0.528556,0.309244,-0.266662,0.288057,0.161827,0.110126,-0.294071,-0.266679,-0.010187,-0.123272,0.03548,0.37591,-0.320759,0.338864,-0.057981,0.049445,-0.169595,0.075329,-0.491294,-0.149944,-0.141225,-0.214762,0.012554,0.279886,-0.018058,-0.101754,-0.02107,-0.056453,0.063071,0.280146,0.224207,-0.165438,-0.121443,0.33064,-0.136048,0.348528,0.042886,0.060386,-0.074782,-0.070677,-0.074034,-0.069555,0.057119,-0.26243,0.454398,-0.012774,0.03906,-0.064137,-0.12936,#
6,0.429514,-0.293874,0.115088,-0.07782,0.224539,0.267811,1.0,-0.285051,0.305933,-0.017564,0.154972,0.15946,0.030082,-0.105842,-0.032553,0.09836,0.125918,-0.014701,0.129001,0.163294,-0.368804,-0.265174,-0.084036,0.115058,-0.074447,0.124437,-0.327711,0.075624,0.499002,-0.216981,-0.078146,0.208855,-0.097817,-0.206614,0.041649,-0.127996,0.484063,-0.120853,0.431599,0.241192,0.187932,0.27032,-0.268763,-0.029689,-0.120499,-0.044819,0.006775,-0.069663,-0.12572,-0.233216,-0.162703,-0.410421,0.276914,-0.212997,0.346447,-0.30199,-0.26295,-0.07728,0.206322,-0.287986,0.132302,0.274805,-0.169564,0.0841,0.039564,0.111156,0.131544,-0.067612,0.285939,-0.302129,-0.09642,-0.08938,-0.101507,-0.3676,-0.202985,0.000653,-0.379458,-0.358841,-0.314552,0.007894,-0.460979,0.147997,0.254586,-0.181795,-0.037411,-0.260656,-0.123562,-0.269756,-0.236207,-0.207798,-0.2388,-0.332529,-0.404481,-0.033575,-0.42701,-0.282516,0.217259,-0.151694,-0.393707,-0.165343,0.295328,0.185311,-0.249843,-0.235909,-0.373914,-0.141836,-0.177654,-0.20726,-0.122808,-0.318959,0.152282,0.013967,-0.065996,-0.353125,-0.162911,-0.165343,0.181207,0.185314,0.372923,-0.181219,-0.31474,-0.017162,-0.095901,0.118841,-0.131167,0.046795,0.019961,0.010133,-0.245588,-0.089409,-0.338501,-0.214353,0.043215,0.326576,-0.178938,-0.399737,-0.19863,-0.326384,0.154133,-0.238497,-0.056929,-0.188191,-0.234402,-0.38148,-0.366477,-0.234672,0.241011,0.349183,-0.352929,-0.506263,-0.113035,-0.49644,-0.307941,-0.115241,-0.005522,0.07389,0.218508,0.178623,-0.22092,-0.254651,-0.175004,-0.365716,0.323963,0.019738,-0.336437,0.156407,-0.026066,0.025153,-0.153398,-0.306443,0.233175,-0.434589,-0.002827,-0.187148,0.046828,-0.138174,0.029708,0.409735,0.184061,-0.374325,0.193991,-0.00481,-0.412965,0.112744,-0.084581,-0.374518,0.057398,-0.094933,0.044216,0.257973,-0.453481,0.106508,0.166667,0.336742,0.050545,-0.123239,-0.107712,0.088791,0.172877,0.129408,#
7,-0.312958,0.035609,-0.179812,0.15935,0.067157,0.139717,-0.285051,1.0,-0.406313,0.242432,-0.170202,-0.267266,0.452087,-0.124288,0.150988,0.310132,0.246724,0.125296,-0.15475,-0.307898,0.100274,0.100612,0.236234,0.017597,-0.272492,0.102325,-0.149091,-0.218931,-0.217797,0.146404,0.041691,0.012207,0.249018,0.320425,-0.153567,0.182363,-0.184777,-0.199887,-0.529391,0.112017,-0.141977,-0.115206,0.050031,-0.064489,0.117082,-0.102688,0.589627,-0.095854,0.33395,0.048224,-0.024822,-0.194312,-0.002621,-0.189935,-0.099681,-0.085068,0.448596,-0.142152,-0.000334,0.632079,-0.045878,-0.553077,0.015432,0.201517,-0.003545,-0.124002,-0.000123,0.104557,-0.131459,-0.137413,0.302932,0.209805,-0.387983,0.223647,0.271842,-0.134001,-0.096629,-0.066768,0.004246,-0.015587,0.038478,-0.313636,-0.412972,0.13023,0.12399,-0.171455,0.330328,0.123017,0.238164,0.246482,0.067248,0.12772,0.059429,-0.003809,-0.094493,0.11653,-0.094073,-0.034327,0.408757,-0.135345,-0.091114,0.10926,-0.093132,0.270308,-0.124742,0.189764,-0.218718,-0.054519,0.253805,0.228727,0.054052,0.102752,0.048682,0.355432,-0.179727,0.04823,0.094612,-0.166645,-0.180244,-0.229551,0.218587,-0.349784,-0.177249,0.176203,0.05931,-0.147199,0.102881,-0.00795,0.115343,-0.152842,-0.161621,0.217967,0.03803,-0.196831,0.110082,0.333886,0.150422,0.012221,-0.084596,0.050766,-0.080814,-0.116915,-0.194652,0.178475,-0.089479,-0.089681,-0.039193,0.309216,-0.107523,0.12128,-0.051347,-0.12752,0.137532,0.136354,-0.079533,-0.143541,0.024131,0.244568,0.150312,0.224523,-0.124257,0.325562,0.123933,0.04062,0.524417,-0.260798,-0.508122,-0.040286,0.175255,0.202277,-0.078103,0.275259,-0.429759,-0.138726,0.137747,-0.046376,-0.32303,-0.182812,-0.287666,0.011971,0.227325,0.282006,0.277921,-0.149481,0.287207,-0.009214,0.067751,-0.002867,-0.075858,0.108591,-0.00043,-0.234207,-0.16583,0.1264,-0.126508,0.011705,0.076064,0.038485,-0.254017,0.010301,#
8,-0.017772,-0.217729,0.088816,-0.248754,-0.209465,0.050776,0.305933,-0.406313,1.0,0.205112,-0.07584,0.091367,-0.205729,0.099467,-0.025821,0.059137,-0.200696,0.070917,-0.095665,0.365783,-0.114859,-0.106799,-0.086541,-0.019809,0.071059,0.223624,0.189113,0.158109,0.179826,-0.272411,-0.030209,0.006996,0.067321,0.060072,-0.233973,-0.260247,0.369442,0.19845,0.011185,0.062046,0.060963,0.146482,-0.152183,0.141628,0.042788,-0.188269,-0.269654,0.156563,-0.009052,0.025711,-0.231782,-0.153373,0.451926,0.382723,0.221175,-0.018357,-0.291856,-0.268896,-0.022023,-0.147172,0.023953,0.145594,0.196765,-0.021591,0.232771,0.087941,-0.127977,0.141413,0.062613,0.100355,-0.126587,-0.096652,0.311163,-0.196393,-0.472173,0.205011,-0.126727,-0.205595,-0.16714,0.153938,-0.212743,0.176688,0.262211,0.123223,-0.123501,0.071991,-0.34171,-0.195302,-0.252638,-0.437402,-0.076533,-0.557254,-0.412014,0.180725,-0.140354,-0.193512,-0.170324,-0.032618,-0.153745,-0.021466,-0.020563,0.153026,-0.071593,-0.171541,-0.012109,0.000697,0.026754,0.060783,0.061723,-0.076249,0.075928,-0.073556,-0.001681,-0.038525,0.368106,0.158234,-0.402633,-0.363851,0.116246,-0.155365,-0.188402,0.21287,0.08015,-0.087103,-0.322353,-0.019344,0.175049,0.079763,-0.065351,-0.083102,0.342459,0.071131,-0.226806,-0.130265,-0.191163,-0.072821,-0.297937,-0.060252,0.050386,0.078873,-0.126395,0.264976,-0.331319,-0.309032,-0.143893,0.043229,-0.237964,0.10786,-0.13725,-0.057332,-0.153459,-0.277914,-0.041494,-0.261391,0.198223,0.195172,0.287646,0.250637,-0.45816,-0.250392,0.104795,-0.100829,-0.11593,-0.096071,-0.046562,0.06151,-0.001409,-0.005684,-0.003843,-0.13479,-0.328194,-0.239639,0.096836,0.319417,-0.142657,0.085008,0.251506,0.032726,0.447013,-0.219274,-0.040844,-0.265559,-0.151024,0.06358,-0.297367,-0.151253,0.106749,-0.285598,-0.269459,0.062111,0.048741,0.212901,-0.076733,0.204481,0.09129,-0.156371,0.047571,-0.140533,0.021976,0.243625,#
9,-0.39061,0.007319,0.190924,-0.175186,-0.13094,0.108885,-0.017564,0.242432,0.205112,1.0,-0.258931,-0.337986,0.27276,0.331233,-0.276189,0.146825,-0.156747,0.3849,-0.134589,0.047736,-0.374021,0.042648,0.140937,0.073265,-0.048181,0.141164,-0.102224,-0.196188,0.278236,0.37308,-0.168679,-0.025611,0.06437,-0.009832,-0.231797,0.234928,0.311126,-0.077318,-0.319815,-0.104618,0.148398,-0.125045,0.263368,-0.172131,0.004353,-0.270908,-0.140139,0.026365,0.27167,0.062727,-0.116432,-0.399351,0.455902,-0.014349,0.097789,-0.145222,-0.072222,-0.522793,0.144048,0.29524,0.225108,-0.264754,-0.359083,0.067329,0.08056,0.107774,0.053666,0.034497,-0.196954,-0.100701,0.125037,0.002217,-0.38377,-0.265598,-0.053765,0.071431,-9.5e-05,-0.21332,-0.092952,0.157327,-0.113029,-0.123181,-0.21301,0.466919,-0.485658,-0.06271,0.025187,-0.2041,-0.512754,-0.039708,-0.019148,-0.193848,-0.563027,0.112758,-0.325105,-0.012011,-0.685616,0.167428,0.273363,-0.393844,-0.441749,-0.264628,-0.185612,0.003489,-0.075766,-0.116738,0.018792,-0.391963,0.414971,-0.187415,0.449877,0.393147,-0.102219,-0.137225,-0.048442,-0.221135,-0.505351,-0.128237,0.288411,-0.334673,-0.411458,-0.044351,-0.246846,-0.213555,-0.390822,0.291089,0.34995,0.030625,-0.176535,-0.512602,0.225365,0.221864,-0.475967,-0.124605,-0.413524,-0.326691,0.22325,0.227511,-0.115994,-0.234597,-0.164146,-0.280255,-0.498148,-0.251077,-0.372182,-0.289255,-0.41702,0.300604,-0.211395,-0.233678,-0.559541,-0.248908,0.035197,-0.652788,0.153664,-0.397672,0.69193,0.398751,-0.449884,-0.558052,-0.164887,-0.127809,-0.113056,0.100086,0.37928,0.306917,-0.279815,-0.460716,0.169911,-0.192781,-0.386713,0.018531,-0.010126,-0.068226,0.24891,-0.432149,0.019749,-0.248629,0.534198,-0.247451,0.499985,0.193114,-0.182387,-0.270097,0.06459,-0.371338,0.000706,-0.226764,-0.618165,0.248212,-0.090302,-0.116831,0.00048,0.267057,-0.350543,-0.020917,0.558549,0.201646,-0.04798,0.426992,#
10,0.707033,-0.174409,-0.343612,0.240523,0.179561,-0.06999,0.154972,-0.170202,-0.07584,-0.258931,1.0,0.50743,-0.160892,-0.058093,0.008429,-0.274993,0.23445,-0.532646,0.19757,-0.033701,0.207818,-0.121211,-0.038286,0.022023,0.062433,0.233614,-0.049148,0.270406,0.034393,-0.219918,-0.258226,0.193496,0.296541,-0.102507,0.201185,-0.258429,-0.405702,-0.049756,0.037724,0.069538,-0.145613,-0.068086,0.06639,0.140446,0.29746,0.527334,-0.098298,0.154878,-0.276559,-0.142035,-0.037344,0.242441,0.10455,-0.070237,0.011617,0.144479,-0.142625,0.589202,0.000143,-0.099556,-0.126247,0.011901,-0.010771,-0.106196,-0.686006,-0.112412,0.303308,0.226993,-0.259354,-0.151951,0.251627,-0.225774,0.303462,-0.158331,-0.090166,-0.305591,-0.140693,-0.03431,-0.352896,-0.030055,-0.070552,0.136261,0.236688,-0.237886,0.049978,0.057694,0.063339,-0.049108,0.085774,0.04326,-0.099086,0.168118,0.259783,-0.042878,0.037829,-0.055875,0.411274,-0.514467,-0.351927,0.141637,0.230761,-0.212187,0.240505,-0.137007,0.023913,-0.195587,-0.000639,0.03315,-0.098981,0.121131,-0.442301,0.211707,0.014857,0.152412,-0.02613,0.141249,0.030366,-0.004681,0.015834,0.061493,-0.012874,0.406539,0.056169,0.523535,0.02166,0.057836,-0.535912,0.298692,-0.258298,-0.101975,-0.286851,-0.296276,0.11143,-0.05656,-0.031472,0.08143,-0.04055,-0.284691,0.140991,-0.141025,0.016374,0.265988,0.415235,0.085014,-0.152705,-0.368844,0.063593,-0.221113,-0.172117,-0.261184,0.382292,-0.292502,-0.253622,0.126636,-0.064513,0.052808,-0.322041,-0.136161,-0.125284,0.090178,-0.075746,-0.110056,0.05296,-0.357361,-0.2914,-0.161384,0.200412,-0.355903,-0.207982,0.094119,0.401178,-0.294759,0.420622,0.139096,0.114642,0.262389,-0.115304,0.055366,-0.051274,-0.121732,-0.196331,0.131217,-0.100789,-0.128874,-0.105815,-0.15258,0.06522,0.111973,0.28618,0.293336,-0.218305,0.300604,0.120317,-0.177517,0.038528,-0.304679,-0.210883,-0.302774,-0.245904,-0.62596,#
11,0.527164,0.052262,-0.542159,0.257442,-0.009139,-0.066676,0.15946,-0.267266,0.091367,-0.337986,0.50743,1.0,0.022652,-0.034675,0.173977,-0.273668,0.051205,-0.357144,0.017458,-0.195307,0.21788,-0.00314,-0.047371,0.201242,0.038446,-0.140806,0.13423,0.11432,0.039154,-0.015867,-0.242689,0.00385,0.301921,0.080215,0.375699,-0.457769,0.109541,-0.285478,0.353952,0.070745,-0.14361,0.323013,-0.117948,-0.040871,0.10508,0.693676,-0.011886,0.388971,0.038503,-0.16529,-0.374063,0.250864,0.107759,0.227917,0.284596,-0.096271,-0.130391,0.269377,-0.398456,-0.112521,-0.308175,-0.000251,-0.186671,0.081736,-0.215132,-0.127879,0.07326,0.190707,0.017405,-0.094479,-0.115738,-0.195284,0.314614,0.162982,0.03471,-0.044427,-0.11991,-0.009001,-0.186863,-0.033508,-0.225885,-0.010701,0.213824,-0.241102,0.053224,-0.258779,-0.309871,-0.051847,0.257339,-0.129514,-0.097082,-0.18551,0.093706,-0.228348,0.035566,-0.059879,0.317793,-0.318972,-0.173694,0.144366,0.236279,-0.184145,0.06634,0.201759,0.022427,-0.029667,-0.172717,0.214344,-0.25067,-0.073991,-0.12885,0.018617,0.195605,-0.018511,-0.021139,-0.03843,0.032071,-0.026508,0.146481,0.349134,-0.010741,0.195732,-0.088879,0.528127,-0.159831,0.056,-0.367761,0.076918,-0.49744,0.078994,-0.089295,-0.129844,-0.215916,0.343177,-0.196592,0.251945,-0.300902,-0.457512,0.380395,-0.293972,0.037675,0.11597,0.04133,-0.114791,0.167568,-0.358346,0.064777,-0.165942,-0.17555,-0.260402,0.232546,-0.125408,-0.252811,0.128912,0.248999,0.236646,-0.057271,-0.069079,-0.128131,-0.08379,-0.242768,0.055537,-0.116634,-0.091751,-0.294083,-0.175448,0.202776,0.019754,-0.213567,-0.129913,0.395047,-0.268821,0.144412,0.137892,0.104344,0.089284,0.081238,0.222424,0.100477,0.127928,-0.204336,0.115051,-0.13191,0.027638,0.049822,0.054277,-0.089914,-0.090549,0.294945,0.477352,-0.403462,0.528085,0.10693,-0.19186,-0.130327,0.022931,-0.067065,-0.335205,0.022946,-0.311677,#
12,0.084138,0.146898,0.153604,-0.254044,-0.05714,0.171715,0.030082,0.452087,-0.205729,0.27276,-0.160892,0.022652,1.0,0.328872,-0.01596,0.381185,0.083065,0.282379,-0.029056,-0.203495,-0.10613,0.04575,0.276381,0.266486,-0.04301,-0.306314,0.145421,0.036747,0.125081,0.219711,-0.023604,0.029393,-0.151241,0.16561,-0.052834,0.012495,0.147786,-0.202328,-0.095825,0.144298,0.035603,0.397348,-0.046877,-0.257189,-0.430826,-0.121201,0.432107,0.198747,0.195156,0.292516,-0.084805,-0.234743,0.246605,-0.149636,-0.139026,-0.049088,0.163719,-0.410068,-0.241835,0.192759,0.29423,-0.399828,-0.227383,0.259888,0.247734,-0.193531,-0.060622,-0.243571,-0.047322,-0.129133,-0.017314,-0.164772,-0.585939,-0.034674,0.064177,0.213528,-0.499155,-0.070268,-0.275483,-0.071101,-0.351054,-0.603254,-0.24101,0.126059,-0.089438,-0.426605,0.179748,-0.147532,-0.022625,0.270395,-0.269859,-0.042013,-0.220286,-0.248932,-0.328456,0.029108,-0.19658,0.046754,0.270578,-0.490433,-0.105489,-0.28383,-0.025226,0.26662,-0.187666,0.116092,-0.185958,-0.111069,0.030799,-0.198971,0.302641,0.003457,0.05784,-0.001146,-0.049687,-0.304591,0.003283,-0.089656,0.292149,-0.247471,-0.06802,-0.230159,-0.222334,-0.198043,-0.296453,0.017841,0.130129,0.082262,-0.169831,-0.252892,-0.18791,0.043661,-0.353995,0.381721,-0.286683,0.181554,-0.13306,-0.181078,0.104379,-0.332437,-0.48676,-0.086404,-0.331369,-0.206955,-0.211672,-0.13282,-0.214635,0.524292,-0.22102,-0.185565,-0.437464,-0.064186,0.065031,-0.180823,-0.145379,-0.252336,0.29461,0.212167,-0.116017,-0.248737,-0.163484,-0.109925,-0.097761,0.190689,0.187776,0.041964,-0.240518,0.106599,-0.087383,-0.317666,-0.244823,-0.231451,-0.48653,-0.211585,0.031682,-0.171203,-0.202822,0.178772,0.113156,-0.171948,0.325376,0.109418,0.314864,-0.113144,0.552026,-0.120691,0.049755,-0.008879,-0.191328,0.292139,-0.242612,-0.301499,0.104915,0.305457,-0.223369,0.124912,0.235908,0.182662,0.243799,0.277733,#
13,0.06333,0.316108,-0.038647,-0.493466,-0.150526,-0.149603,-0.105842,-0.124288,0.099467,0.331233,-0.058093,-0.034675,0.328872,1.0,-0.127345,0.250154,-0.278727,-0.146266,0.444859,0.207365,0.045789,0.468906,0.357481,-0.26446,-0.086366,-0.238976,0.269908,0.288775,0.206221,-0.019047,0.279091,0.08722,-0.227937,0.069665,-0.173412,-0.342218,0.005794,0.134662,-0.145869,-0.389223,0.111067,0.288855,0.215294,-0.242573,-0.391596,-0.211118,-0.09269,0.372112,-0.301931,0.047238,-0.000782,-0.158003,0.13619,-0.110364,-0.2133,0.153058,-0.193044,-0.152599,-0.165835,0.089604,0.383157,-0.129348,-0.168413,0.130176,0.242048,-0.07983,-0.11204,-0.217371,-0.281516,0.241588,-0.05569,-0.009844,0.065328,-0.444523,-0.07821,0.432528,0.046216,0.121918,-0.009828,0.073105,0.096797,-0.140812,-0.127628,0.074892,-0.109346,0.008033,-0.229779,-0.197106,-0.303414,0.224506,-0.297707,0.129093,-0.114174,-0.198686,-0.159306,-0.174341,-0.188173,0.161056,0.296199,-0.176172,-0.337196,-0.239974,-0.120063,-0.104493,0.008178,-0.060217,0.137362,-0.207613,-0.043959,-0.340164,0.408446,0.162786,-0.326511,-0.042037,0.263961,-0.355173,-0.229369,-0.365722,0.245015,-0.137041,-0.157096,0.182954,0.010416,-0.269332,-0.30432,0.193393,0.079212,0.3121,-0.049036,-0.323912,0.181552,-0.293358,-0.379099,-0.034114,-0.079732,0.037501,0.023649,0.006746,0.104781,-0.374036,0.009048,-0.014882,-0.253373,-0.157503,-0.243554,0.177858,-0.389305,0.261294,-0.11938,0.050281,-0.328653,0.160155,0.215554,-0.347352,-0.230407,-0.27543,0.481845,0.172308,-0.141898,-0.308836,0.216353,-0.39908,0.139348,-0.16136,0.076762,0.754843,0.176478,0.223329,-0.211843,-0.108034,-0.281933,-0.250839,-0.232383,-0.108817,-0.157818,-0.37494,-0.144803,0.09743,0.420875,-0.236996,0.272368,-0.515609,0.278781,0.239938,-0.152069,-0.185287,-0.211314,0.007565,-0.376597,0.041113,0.020807,-0.079025,-0.050718,0.224626,0.229948,-0.129015,0.044038,0.016909,0.152804,0.223783,#
14,0.114266,-0.312156,-0.285938,0.098921,0.014447,0.411019,-0.032553,0.150988,-0.025821,-0.276189,0.008429,0.173977,-0.01596,-0.127345,1.0,-0.076971,-0.042344,-0.051814,-0.031966,0.020403,0.164525,0.017362,0.390565,0.121495,-0.089376,0.113963,0.068004,-0.05591,-0.219168,0.004217,-0.162114,0.007141,0.239316,-0.071534,-0.210618,-0.134468,-0.10984,-0.144872,-0.09234,-0.066698,-0.395779,0.169925,-0.104717,0.212558,0.270998,-0.051906,0.453007,0.193573,0.24956,-0.0381,0.027925,0.230443,-0.09547,-0.347454,-0.236557,0.283563,-0.255845,0.112331,-0.23949,0.084227,-0.030291,0.31254,0.198682,-0.056972,-0.227936,-0.281974,-0.314412,-0.092663,0.043366,-0.256132,-0.201602,0.200588,0.150957,0.170155,-0.049306,0.055416,-0.173171,0.222384,-0.438029,0.377563,0.117025,-0.15276,-0.417841,0.038791,0.150824,-0.200614,0.116945,-0.096728,0.312342,0.156543,-0.224404,-0.154225,0.099803,-0.397199,-0.0151,-0.0782,0.100882,-0.134464,-0.186526,-0.113208,0.324226,0.396181,-0.365378,-0.385256,-0.283062,0.219293,-0.487937,-0.16455,0.215008,0.283548,-0.211471,0.169805,-0.018304,0.019378,0.240454,0.048688,0.240101,-0.159455,-0.175751,-0.326848,0.079505,-0.38377,0.13838,0.138918,0.041145,-0.148425,0.201036,-0.197508,-0.291462,0.136901,-0.082723,-0.179978,-0.251435,-0.055334,-0.128959,0.142952,-0.451047,-0.121354,0.121288,-0.015947,0.159814,0.22859,-0.193832,0.19618,-0.150877,-0.167194,0.250549,0.236745,-0.318755,0.276231,0.110109,-0.236834,0.101047,0.281901,0.038574,0.292031,0.039781,0.065859,0.003206,0.467678,-0.199833,-0.010142,0.108429,-0.268375,0.414513,-0.013771,-0.18055,0.215684,0.213034,-0.07232,-0.241914,0.007493,-0.243954,0.073191,0.212581,-0.245859,0.059712,-0.246024,0.014994,0.143642,-0.150103,0.150763,0.338906,-0.187827,0.404078,-0.055752,0.086402,-0.097757,0.137435,0.046317,0.037745,0.093755,0.160014,0.269128,-0.169933,0.432745,-0.104255,0.084475,-0.322022,-0.195929,#
15,-0.073105,0.289637,0.256613,-0.507955,-0.331906,-0.003241,0.09836,0.310132,0.059137,0.146825,-0.274993,-0.273668,0.381185,0.250154,-0.076971,1.0,0.440211,0.190025,-0.157516,0.121901,-0.206199,0.449246,0.058559,-0.134236,-0.050113,0.126327,-0.209483,0.025758,0.014079,0.02464,-0.136658,-0.010874,-0.133253,0.333432,0.052097,-0.043191,0.007888,0.328326,-0.040593,-0.220826,0.069387,0.01868,0.053888,0.139957,-0.244689,-0.256312,0.228458,-0.154117,-0.12881,0.347054,0.223022,-0.687011,0.02975,-0.204705,0.202917,0.069865,0.268316,-0.510665,-0.029338,0.047844,0.297879,0.064811,0.076816,0.234588,0.210619,-0.152182,-0.089762,-0.074622,-0.298618,-0.212932,0.127701,0.213958,-0.090537,0.090162,-0.222889,0.205235,-0.192837,-0.264052,0.235269,-0.087147,-0.112065,-0.25318,-0.197952,0.122738,-0.02805,-0.312795,0.217809,-0.304848,-0.196871,0.275649,-0.214926,-0.0774,-0.180522,-0.038777,-0.522898,0.020912,-0.060313,-0.118973,-0.008314,0.040649,-0.209029,0.218031,-0.315125,0.330202,-0.217628,-0.112298,0.265425,-0.04704,0.168301,-0.420712,0.302196,-0.190342,0.144631,0.234242,-0.236658,-0.327732,0.24452,-0.458903,0.039684,-0.259419,-0.135686,0.065712,-0.157229,-0.112206,-0.087209,-0.27288,0.076112,0.285304,0.067568,-0.030942,-0.083952,-0.054051,-0.115502,0.201233,0.109364,-0.021422,-0.020572,-0.213706,-0.137563,-0.004718,-0.028297,-0.112251,-0.267207,-0.260236,-0.224325,0.02317,-0.220872,0.392696,-0.072828,-0.03713,-0.188249,0.042183,0.190099,-0.236401,-0.087991,0.130577,0.171117,0.259763,0.159396,0.125778,0.042109,-0.197929,0.300215,-0.11258,0.143526,-0.031945,-0.14541,0.342288,-0.144596,-0.096937,-0.0142,0.048054,-0.070894,-0.130383,-0.046262,0.040476,-0.044056,0.492667,0.060338,-0.150248,0.225914,-0.166915,0.461178,0.297422,-0.185009,0.209134,0.233245,-0.142496,-0.27311,-0.013279,-0.015572,-0.092057,-0.132858,0.193806,0.201957,0.085274,-0.016821,0.210728,0.459586,0.307158,#
16,0.118706,0.233014,-0.042105,0.034985,0.160934,-0.003771,0.125918,0.246724,-0.200696,-0.156747,0.23445,0.051205,0.083065,-0.278727,-0.042344,0.440211,1.0,0.005123,-0.239511,0.072768,-0.21287,-0.029289,-0.266173,0.19071,0.031905,0.225829,-0.174381,0.167846,0.066876,-0.098133,-0.350923,-0.152182,0.113332,0.1016,0.211641,0.053446,-0.284975,0.06751,0.299339,0.166833,-0.105468,-0.301978,-0.065998,0.209177,0.057917,0.266475,0.002588,-0.364127,-0.017562,0.239702,0.058157,-0.371857,-0.195374,0.000915,0.206245,0.12118,0.37263,0.028333,0.093937,-0.031757,-0.182791,0.003188,0.070214,-0.155836,-0.171345,-0.251289,0.23383,0.06832,-0.316959,-0.355986,0.185752,0.08938,-0.020066,0.336002,-0.058286,-0.129741,-0.033388,-0.3944,0.07747,-0.084034,-0.247822,0.057307,-0.068195,0.017696,-0.020978,-0.131912,0.367415,-0.086401,0.11256,0.299636,-0.271249,0.023887,0.030116,-0.109426,-0.095774,0.171684,0.415006,-0.4508,-0.080675,-0.023329,0.040596,0.346202,-0.127388,0.256212,-0.263218,-0.278618,0.068144,0.090544,0.164874,-0.135432,-0.231238,-0.106689,0.440071,0.391795,-0.5801,-0.228883,0.148743,-0.100701,-0.081772,0.021051,-0.220069,0.162295,-0.505706,0.273408,0.247094,-0.272245,-0.465761,0.214792,-0.106238,0.092088,-0.205294,-0.070514,0.133302,0.016811,0.02715,0.108952,0.327118,-0.349708,-0.347964,0.07411,0.142016,-0.063802,0.242222,0.144272,-0.012986,-0.159494,-0.183703,0.113356,0.155661,-0.349913,0.203392,0.173517,0.079049,-0.125361,-0.117381,-0.093987,-0.289024,0.120405,0.262021,0.277021,-0.355161,-0.031937,0.215606,-0.140068,-0.227374,-0.383735,-0.067418,0.082327,-0.040772,0.218816,0.389885,-0.066046,0.301605,0.045901,0.059594,0.288546,-0.160883,0.465035,-0.283037,-0.222068,0.066777,0.157454,0.232943,0.122806,0.017319,0.023987,0.269206,-0.025116,0.085618,0.295583,-0.111709,-0.012109,-0.114528,0.017009,0.016585,0.220908,-0.027897,-0.08081,0.245834,-0.22949,#
17,-0.587927,-0.060068,0.632078,-0.16555,-0.075279,0.268255,-0.014701,0.125296,0.070917,0.3849,-0.532646,-0.357144,0.282379,-0.146266,-0.051814,0.190025,0.005123,1.0,-0.505101,0.039717,-0.212709,-0.303678,0.238858,0.121827,0.108447,0.047342,-0.011256,-0.314429,-0.071602,0.086241,-0.190635,-0.25102,-0.008974,0.207462,-0.145818,0.110667,0.211012,0.100092,0.090066,-0.09818,0.033328,-0.282565,-0.237239,0.107382,-0.048,-0.292559,-0.169848,-0.270659,0.431724,0.054053,-0.001746,-0.256912,0.299458,0.129959,0.108712,0.153409,0.166957,-0.527331,-0.172452,0.123116,0.126836,0.038878,-0.005465,-0.092054,0.128402,0.133142,0.259383,-0.109238,0.106823,-0.061223,-0.29285,-0.135664,-0.62574,0.294426,-0.065586,-0.228517,-0.032284,-0.075437,0.019709,0.340453,-0.149242,0.044472,0.148236,0.73954,-0.129772,-0.09684,0.163011,-0.018261,-0.197276,0.058723,0.332995,-0.058289,-0.304221,0.133568,-0.091924,0.372946,-0.376781,0.371286,0.075804,-0.258476,-0.444057,-0.062342,0.066083,0.23615,0.018348,-0.000709,0.223455,-0.118079,0.444788,-0.054748,0.347201,-0.113122,0.204427,0.058789,0.000622,0.072339,-0.096158,-0.005373,0.126701,0.094151,-0.041502,-0.132593,-0.254703,-0.493941,-0.291698,0.050469,0.42601,-0.336558,-0.02451,-0.012702,0.408759,0.266103,-0.308138,0.188756,-0.218097,-0.185383,0.255741,0.209608,-0.392254,0.09758,-0.209592,-0.18326,-0.348791,-0.200955,0.095278,0.02027,0.226719,0.21993,0.097738,-0.021332,-0.302763,-0.049979,0.1929,-0.200546,0.051024,0.022531,0.370596,-0.047774,-0.130328,-0.052373,-0.129675,0.121612,-0.120721,0.380547,0.334666,-0.058657,-0.110759,-0.020332,0.436187,-0.173431,-0.314296,-0.02762,-0.055259,-0.100798,-0.089833,-0.004467,0.189833,-0.196764,0.022332,0.046127,0.077599,0.217607,-0.037905,-0.353612,0.246084,0.069588,0.338911,0.045935,-0.475024,-0.079473,0.273883,-0.418565,-0.337802,0.194589,-0.491309,0.300262,0.529665,0.420499,0.166626,0.532582,#
18,0.372723,0.132513,-0.212508,-0.130126,0.192092,0.240547,0.129001,-0.15475,-0.095665,-0.134589,0.19757,0.017458,-0.029056,0.444859,-0.031966,-0.157516,-0.239511,-0.505101,1.0,-0.034673,0.041693,0.165375,0.271423,-0.272822,0.017652,0.119938,-0.143713,0.270547,0.479397,-0.081562,0.289166,0.274925,-0.272082,-0.053066,-0.138594,-0.16668,-0.176812,0.002448,-0.084279,-0.020721,0.021897,0.255076,0.033214,-0.455278,-0.177564,-0.12189,0.075108,0.187207,-0.260062,-0.009954,0.301173,0.099153,-0.007292,-0.135365,-0.293151,0.098733,-0.210717,0.333743,0.07091,0.11532,0.198274,0.076923,-0.063181,-0.038506,-0.077754,-0.090814,-0.414864,-0.085777,-0.069963,0.182004,-0.20915,0.240066,0.214207,-0.378552,-0.084814,0.309188,0.154875,-0.132641,-0.05056,-0.055515,0.212891,-0.178785,0.05656,-0.296035,0.20478,0.191858,-0.408667,0.01624,-0.0648,-0.255776,-0.212442,0.213936,0.164851,-0.329808,0.084586,-0.368426,-0.038861,-0.239586,0.091899,-0.011847,0.331167,-0.162185,0.034727,-0.3369,0.081095,-0.2232,-0.15645,-0.051868,-0.545116,-0.157565,-0.112549,0.333697,-0.573073,-0.243627,0.239895,-0.312455,0.110441,0.228213,0.198837,-0.053907,0.238311,0.114993,0.202386,0.178447,-0.147301,0.279663,-0.054407,0.093477,-0.105502,-0.084754,-0.289671,-0.579079,0.218248,-0.018138,0.057098,-0.036088,-0.091365,0.173253,0.445765,-0.083695,-0.022784,-0.009434,0.245642,-0.182313,0.072034,0.14757,-0.025721,0.028976,-0.397079,-0.001901,0.196989,-0.072563,0.175128,0.003169,-0.064978,-0.069766,0.021759,-0.087947,-0.062264,-0.208248,0.106826,-0.156186,0.315938,-0.333242,-0.174948,0.479675,0.284482,0.122627,-0.358092,-0.172741,0.027967,-0.12016,-0.139566,-0.017715,-0.135892,-0.118865,-0.221401,0.294269,-0.016332,-0.267019,0.314091,-0.471408,-0.164851,0.395759,-0.112258,-0.035685,-0.104424,0.159205,0.242844,-0.170121,-0.335244,0.001863,0.128796,0.029452,0.378311,-0.091203,-0.316962,-0.217994,0.034952,-0.280364,#
19,-0.138136,-0.217592,0.068879,-0.116011,-0.016346,0.068408,0.163294,-0.307898,0.365783,0.047736,-0.033701,-0.195307,-0.203495,0.207365,0.020403,0.121901,0.072768,0.039717,-0.034673,1.0,0.018066,-0.046274,0.118699,-0.007634,-0.427332,0.196363,0.339194,0.101365,0.36116,-0.221814,0.137306,0.197049,0.10508,0.0528,-0.063041,-0.095334,0.075019,0.149953,0.067631,0.070619,0.163269,0.076227,-0.156192,0.129151,-0.098266,-0.315322,-0.174885,0.173982,-0.516972,-0.12464,-0.042284,-0.090139,-0.054593,0.076606,0.011755,-0.042862,-0.119221,0.007075,-0.03431,-0.126906,-0.109494,0.042787,0.286505,0.269579,0.100179,-0.447773,0.074337,0.280996,-0.077072,0.105086,0.183011,-0.095078,0.322884,-0.289698,-0.591246,0.269082,0.192086,0.309454,0.007676,0.267285,-0.074823,0.327161,0.052927,0.342978,-0.1054,0.365008,0.270303,-0.234886,-0.086122,0.017167,-0.303153,-0.02427,-0.103755,0.023445,0.227387,0.099553,0.163905,-0.082327,0.006108,0.157632,-0.113439,0.529688,0.056766,-0.468637,0.043665,0.104355,0.340965,0.155189,0.29128,-0.097448,0.05336,-0.0323,0.030949,0.0616,0.312011,0.120081,0.023723,-0.20441,0.485691,-0.156178,-0.200399,0.169995,0.188344,-0.324719,0.026514,0.124747,0.148579,-0.077812,0.262674,0.092293,0.410577,-0.128226,-0.038707,0.015466,0.006779,-0.072784,-0.029176,0.295453,-0.088662,0.22499,0.363774,0.389342,0.037468,0.260793,-0.163117,0.226196,0.064675,-0.036483,0.009237,0.099598,-0.26138,0.076325,0.500681,-0.268241,-0.077081,0.09093,0.195528,-0.199675,-0.120976,-0.082813,0.449118,0.032548,0.280005,-0.343447,-0.122893,0.134311,0.380379,0.098969,0.318158,-0.111194,-0.110734,-0.002333,-0.035301,-0.0797,-0.259368,-0.062979,0.335447,-0.0925,0.152268,-0.043575,-0.184767,-0.366537,0.048377,-0.111989,-0.413132,-0.465109,0.096988,-0.062856,-0.195842,-0.091364,0.405286,-0.130606,-0.335038,0.201486,0.346411,0.092654,-0.125452,-0.064635,0.243293,0.226341,#
20,0.07515,-0.127215,-0.463578,0.348129,-0.147924,-0.274821,-0.368804,0.100274,-0.114859,-0.374021,0.207818,0.21788,-0.10613,0.045789,0.164525,-0.206199,-0.21287,-0.212709,0.041693,0.018066,1.0,0.064315,0.216465,-0.0569,-0.382062,-0.100587,0.42932,0.263074,-0.376502,-0.272608,0.202052,0.036144,0.545681,0.134403,-0.192303,-0.539335,-0.273178,-0.138023,-0.101454,0.021483,0.134663,0.016039,-0.203354,0.04035,0.026242,0.198813,0.247868,0.338451,-0.338475,-0.338655,-0.190367,0.488157,-0.084581,0.12759,0.032649,0.247136,0.145688,0.373213,-0.357845,0.272207,-0.35641,-0.087842,-0.06493,0.233655,0.068399,0.024447,0.001037,0.097378,0.06607,0.420193,-0.010042,-0.379936,0.237351,0.319425,-0.10063,0.05983,0.034752,0.415955,-0.020224,0.112555,0.217216,0.166681,0.119954,0.058202,0.372614,0.037305,0.171543,0.06283,0.465221,0.040598,0.264022,0.24091,0.372924,0.278048,0.333612,0.278145,0.169674,-0.235415,0.095039,0.215341,-0.006951,0.025557,0.384846,0.174628,0.378763,0.443682,0.031184,0.345361,-0.054205,0.029769,-0.126409,-0.096376,-0.178048,0.223429,0.240709,0.370683,0.147273,-0.361619,-0.073983,0.320157,0.385017,-0.07201,0.207672,0.090209,0.166416,0.026925,-0.043354,-0.286503,0.342746,0.121367,0.116547,0.043363,0.063438,-0.212429,0.43309,0.628782,-0.117874,0.190744,0.174076,0.143246,0.036253,0.535901,0.130978,0.186612,0.15866,0.313938,0.30292,-0.341512,0.290012,0.391558,0.38753,0.181604,0.205708,0.584669,0.00591,0.132254,-0.098842,-0.291581,-0.008133,0.283752,0.364517,0.221811,-0.044492,-0.284919,0.053656,-0.065934,0.317762,0.095555,0.024968,0.023131,0.050978,0.016668,-0.352424,0.222139,-0.167213,0.242593,0.039097,-0.37473,-0.057248,0.256702,-0.370656,-0.341275,0.292061,0.042152,-0.136851,0.188265,0.049798,0.177259,-0.049089,0.014549,0.273654,-0.199259,-0.207259,-0.070709,0.155293,-0.195146,-0.418824,-0.570497,-0.22766,-0.12258,#
