0,1.0,-0.07685,-0.218562,0.035604,0.290746,0.260095,-0.136489,0.062158,-0.590411,-0.06929,0.061854,0.029558,0.340963,0.087693,0.03902,0.0415,0.126984,-0.498363,-0.037026,-0.170201,0.286831,0.176861,-0.059827,-0.20967,-0.078595,-0.273313,-0.118676,-0.38492,0.357178,-0.125853,0.313979,0.029732,0.241639,-0.178029,-0.184133,-0.038403,0.133103,-0.236392,-0.211503,-0.353158,0.187604,0.172993,0.211588,0.168932,-0.478337,0.016152,0.019818,0.007847,-0.35169,-0.146118,-0.050446,-0.094497,0.208287,-0.104666,0.378314,0.055065,-0.086323,0.122524,0.09328,0.208669,0.516615,0.33672,-0.097195,-0.216385,0.03525,-0.041273,-0.222791,0.267889,-0.188275,-0.418222,-0.216119,0.002482,-0.276768,-0.081561,-0.519741,0.388327,-0.135438,0.110567,-0.518349,0.047051,-0.031851,-0.340551,0.222956,-0.098313,-0.265446,-0.128134,0.075642,0.078335,-0.147567,-0.365968,-0.336527,-0.343709,0.062917,-0.351353,0.058541,-0.340788,-0.337484,0.085205,-0.078286,0.465752,0.151474,-0.049034,-0.225341,-0.185752,0.136469,-0.287499,0.059733,0.004439,-0.130977,-0.137122,0.049968,0.165548,-0.315934,-0.073558,0.041225,0.042193,-0.409055,-0.132679,-0.219708,0.045062,-0.262807,0.053752,0.231709,-0.230212,0.073282,-0.127063,-0.282875,-0.150023,-0.121733,0.349434,-0.029268,-0.221484,-0.033902,0.051328,-0.442059,-0.066813,-0.108765,-0.139752,0.470599,-0.219092,-0.214375,0.025033,0.224381,0.292666,-0.074235,6.7e-05,-0.030711,-0.021129,-0.350454,-0.293617,-0.000186,-0.30738,-0.180578,-0.106035,0.056106,-0.125437,-0.001419,-0.025212,-0.171715,-0.262453,0.137106,-0.488518,-0.17486,-0.113172,-0.05781,-0.1449,-0.293105,0.033782,-0.139416,-0.371947,0.043823,0.121445,-0.149795,0.243875,0.013346,-0.021445,-0.148201,-0.028943,-0.118861,0.339484,-0.030556,-0.175756,0.216895,0.535569,0.186986,-0.028772,0.189193,-0.114486,0.002316,0.054273,0.135901,0.110336,0.258623,-0.264599,-0.032882,0.23626,-0.111787,-0.065284,-0.227076,0.219302,#
1,-0.07685,1.0,0.170576,-0.267139,0.031342,0.221189,0.236057,0.207996,0.150836,0.367391,-0.32638,0.142729,0.305189,0.329339,0.443999,-0.104167,-0.086416,0.365694,-0.014686,0.05759,-0.266294,0.272801,0.373823,-0.053192,-0.039881,-0.332959,-0.027125,0.017453,-0.452828,0.13626,-0.272196,0.084674,0.398196,-0.110207,-0.353824,0.457624,0.180182,-0.137634,-0.014622,0.072551,0.058116,0.292397,0.065547,0.04581,0.40542,-0.450498,0.104119,-0.110333,0.25976,0.223441,0.145556,-0.219592,0.043328,-0.385968,-0.114231,-0.173096,-0.255277,-0.485818,-0.12724,-0.356712,0.173752,0.295015,-0.38129,-0.094384,0.279867,0.104016,0.07321,-0.156664,0.267333,0.028268,0.09888,0.03182,0.239033,-0.349755,-0.134965,0.131097,-0.33071,-0.465834,0.016954,-0.02071,0.020009,-0.328023,-0.166099,-0.129293,-0.188172,-0.091768,-0.26515,-0.282733,-0.208002,-0.24063,-0.095161,-0.161241,-0.477612,-0.000545,-0.228917,-0.146823,0.204514,0.153519,0.323786,-0.075106,-0.057401,-0.069942,-0.209216,-0.245141,-0.266453,-0.202669,-0.31309,-0.093879,-0.303812,-0.37161,0.273898,0.457203,-0.183318,-0.077226,-0.234094,-0.34644,-0.216461,-0.306708,0.327339,-0.440681,-0.190415,-0.520384,-0.442412,-0.229942,-0.391813,-0.273283,0.32029,0.343551,-0.033518,0.191987,0.041519,0.120537,-0.379519,-0.221074,-0.262864,-0.243189,0.194135,-0.127046,-0.171123,-0.159634,-0.060628,-0.287302,-0.326626,-0.295573,-0.025941,0.166732,-0.235772,0.306789,-0.025941,-0.059279,-0.56408,-0.388636,0.048774,-0.030338,-0.092201,-0.304083,0.241551,0.160745,-0.037043,-0.179489,0.124266,-0.119249,0.294888,0.593676,0.105141,0.333115,0.018302,0.059315,-0.288793,-0.110844,-0.129065,-0.065201,-0.147434,-0.014103,0.230346,-0.102524,-0.049252,0.335368,0.325518,-0.644635,0.44045,0.094471,-0.357258,-0.18361,0.053822,-0.168214,0.274034,-0.00337,-0.52725,0.419701,0.264219,-0.048827,0.16284,0.552364,-0.088704,-0.160717,0.066335,0.092785,0.533393,-0.149982,#
2,-0.218562,0.170576,1.0,0.393293,-0.138521,-0.162491,0.241917,-0.020991,0.483232,0.069057,-0.216803,-0.176517,-0.282486,0.048336,-0.032692,-0.309788,-0.393686,0.504149,-0.058761,0.16434,0.027346,0.392909,0.031517,0.140937,0.361942,0.003483,0.612582,0.366544,-0.070825,0.168944,-0.135877,0.052547,-0.077442,0.063552,0.208831,0.106059,-0.003008,-0.309586,0.326683,-0.216242,0.255421,0.105997,0.044876,-0.038439,0.009231,-0.269972,-0.119122,0.275909,0.258601,-0.183063,-0.363462,-0.040842,0.226367,0.085013,-0.339029,-0.054206,0.068253,-0.353841,-0.348013,0.099336,-0.283202,-0.219714,-0.064543,0.174232,-0.038465,-0.178053,0.26009,0.179266,0.126946,0.37161,0.099146,0.263729,0.243172,0.124731,0.327313,-0.319867,0.017998,-0.315158,0.121256,-0.03118,0.159234,-0.020286,-0.02809,-0.053064,-0.044149,0.412583,0.049982,-0.048529,0.130682,-0.100145,0.273648,-0.011506,0.202361,0.145539,0.206796,0.160538,0.582262,0.480997,0.057314,-0.079595,-0.064745,0.45098,0.302193,0.079109,-0.094917,0.280491,0.015893,0.077533,-0.496512,-0.031838,0.416964,0.068717,0.221552,0.078977,0.261543,-0.034115,-0.062552,0.065177,0.148077,0.059311,0.134158,-0.022055,-0.084116,-0.05675,0.205472,-0.079837,-0.02462,0.142557,-0.150963,0.358249,0.675232,-0.212985,0.11198,-0.070965,0.213998,0.302457,-0.193662,0.384332,0.206988,0.153339,0.083408,-0.216372,0.008711,-0.26902,-0.245395,-0.185879,-0.249028,-0.060128,0.281733,0.346978,-0.144911,-0.068523,0.349689,-0.050011,0.056058,0.044437,0.06087,0.077354,0.171751,0.420618,0.356644,0.193427,0.086072,0.34572,-0.129555,-0.343545,0.148472,0.041485,0.056571,0.379012,-0.146476,-0.29243,-0.158189,0.206433,-0.297989,0.457423,0.111766,0.048945,0.044797,-0.240618,0.146713,0.038775,-0.233753,-0.23643,-0.301403,0.439087,-0.114247,0.195059,0.046273,-0.132136,0.212271,-0.41363,-0.203074,0.398684,-0.482311,0.273321,-0.318425,0.053393,0.270861,-0.294604,#
3,0.035604,-0.267139,0.393293,1.0,-0.247332,-0.111914,-0.035118,-0.165153,0.051048,-0.047842,0.080231,0.048986,-0.245966,-0.085003,-0.296231,0.050793,-0.099815,0.043718,-0.052604,0.274285,0.31239,0.282827,-0.088117,0.284552,0.481207,0.465255,0.503635,0.220143,0.162677,-0.295168,0.267551,0.343905,0.011661,0.0241,0.141532,-0.159116,-0.225895,0.026839,-0.09887,-0.241845,-0.013449,-0.076038,-0.145477,0.030486,-0.024408,0.22119,-0.042491,0.066719,-0.278492,-0.156852,-0.324205,0.240473,0.161854,0.172105,-0.271098,0.159671,0.124657,0.047983,0.230988,0.365482,-0.203148,-0.246539,0.059883,-0.116454,0.021722,-0.313028,0.020066,0.310115,-0.169541,-0.119617,-0.106089,0.228717,-0.022534,0.219721,-0.109454,-0.270183,0.080288,0.126901,0.056105,-0.090049,0.223288,0.431493,0.110368,0.051794,0.229807,0.133808,0.325014,-0.059873,0.238439,-0.334976,0.224751,0.079783,0.330685,0.033971,0.472058,0.312651,0.229952,0.218894,-0.346798,0.03818,-0.03912,0.390415,0.538725,0.000194,0.5758,0.191901,-0.052359,0.257386,-0.011021,0.05916,-0.195951,-0.373365,-0.167618,0.029617,0.369152,0.119205,-0.062851,-0.081798,-0.152494,0.49546,0.05676,0.297137,0.326178,-0.056495,0.057065,0.244391,0.096287,-0.165298,0.288466,0.307509,0.082407,0.081733,0.20219,0.227817,0.295025,0.263036,-0.014253,-0.024361,0.06043,0.406539,0.067635,0.156488,0.16104,0.012573,0.188248,0.090353,0.155094,-0.170802,0.201758,0.138121,0.137379,0.312372,0.113599,0.424218,0.316267,0.378492,-0.06172,-0.106986,0.002233,0.177243,-0.086006,0.338602,-0.209814,-0.078609,-0.355245,-0.39423,0.291503,0.10912,0.218174,0.319026,-0.205964,-0.104192,0.174062,0.247011,-0.574378,0.337073,0.2162,-0.186071,-0.387894,0.200989,-0.224026,-0.165014,-0.062721,-0.110922,-0.032848,0.366276,0.053861,0.257807,0.470066,-0.16367,0.253231,-0.262162,-0.11452,-0.184456,-0.541425,0.027224,-0.246951,0.09213,0.181308,-0.488992,#
4,0.290746,0.031342,-0.138521,-0.247332,1.0,0.122053,-0.051324,0.533069,-0.217306,-0.128891,0.150659,-0.197381,0.418043,0.007361,-0.05069,-0.013491,0.058019,-0.143309,0.220055,-0.258789,-0.248334,-0.096774,0.187787,-0.099676,0.224323,-0.052224,-0.467024,-0.142949,-0.149119,-0.11201,-0.044535,-0.354124,-0.114511,-0.169964,-0.354131,-0.031432,-0.032675,-0.037933,0.062532,0.129096,0.151981,-0.346727,0.017604,0.241326,-0.127913,0.118338,-0.305007,0.161131,-0.17296,-0.076635,0.371741,-0.008538,0.181008,-0.155924,0.382078,0.23308,-0.305464,0.225044,0.124872,-0.194158,0.137179,0.111114,-0.220232,-0.0395,-0.118793,0.508607,0.226404,-0.181635,0.089511,-0.028498,0.107226,-0.067794,-0.30087,0.130244,0.054463,0.392867,-0.065186,-0.264717,-0.108444,-0.173547,-0.14801,-0.119488,-0.003236,0.157426,-0.188196,-0.228846,0.113433,0.373497,-0.03664,-0.105404,-0.215633,-0.1393,-0.015191,-0.160859,-0.284539,-0.104909,0.121632,-0.29174,0.243671,0.206937,0.208744,-0.122423,0.013771,-0.26421,-0.170099,0.112465,0.124422,-0.105136,-0.013763,-0.330077,-0.045657,0.171924,0.310631,-0.258641,-0.114208,0.115671,-0.082948,0.126761,-0.003481,0.102221,-0.191132,-0.165881,0.261693,-0.095863,0.274604,0.155918,0.2271,-0.127138,-0.104537,0.147226,-0.285395,0.037791,0.035838,-0.028912,-0.37462,0.064619,-0.129658,-0.371443,-0.040014,0.038875,-0.265562,-0.160972,-0.004005,0.274299,0.051938,-0.185635,-0.279547,0.181096,0.04549,-0.470732,-0.225292,-0.086743,-0.585781,-0.184686,-0.055239,-0.380998,-0.10359,0.122907,-0.098651,-0.12401,-0.136501,-0.208672,-0.381364,-0.026461,0.449475,-0.18443,-0.183195,-0.133387,-0.186822,-0.12838,-0.068033,-0.012126,-0.026901,0.109441,0.439392,0.012934,0.286447,0.282572,0.155929,-0.082603,-0.07437,0.111101,0.157128,0.293201,0.260423,-0.308831,0.104375,-0.477575,-0.076114,0.075652,-0.202233,-0.10517,0.514466,-0.127121,-0.047083,-0.012809,0.278766,0.042699,-0.291231,0.112536,#
5,0.260095,0.221189,-0.162491,-0.111914,0.122053,1.0,0.271491,0.138895,-0.283421,-0.059948,0.33435,-0.109287,0.095536,0.027445,0.233861,0.13213,0.480949,0.017616,-0.099894,-0.054675,-0.168061,0.260712,0.307257,0.183055,-0.422024,-0.23904,0.020538,-0.268291,0.070903,-0.40423,0.030811,0.182981,0.18949,-0.081353,-0.139996,-0.06935,0.255972,0.060431,-0.042514,0.237735,-0.223217,0.294775,0.230034,0.094089,0.093446,-0.14327,-0.108277,0.148088,0.294765,-0.086371,0.122022,-0.155932,-0.015448,-0.188779,0.311439,0.137575,-0.22929,-0.142073,0.048758,-0.283084,0.35327,-0.040705,-0.373436,0.129218,-0.050054,0.395411,0.070139,0.229247,0.390232,0.056339,-0.170891,0.246416,-0.20055,-0.114623,-0.485403,0.326742,-0.418088,-0.261529,-0.312228,0.076098,0.210096,-0.148887,-0.036589,-0.243906,-0.107181,-0.109985,0.076204,-0.245661,-0.121636,-0.533495,-0.271285,-0.15617,-0.148897,-0.05371,-0.118176,-0.240944,-0.319785,-0.34363,-0.041515,0.081205,-0.152981,-0.290854,-0.05865,-0.341732,0.05243,-0.367642,-0.030155,-0.193782,-0.323453,-0.144499,-0.009252,-0.069998,-0.316152,-0.096257,0.002702,-0.252715,-0.592081,-0.187088,0.11753,-0.238474,-0.29567,-0.418357,0.07952,-0.608486,-0.200676,0.049312,-0.213783,0.109865,0.038396,0.030791,-0.069877,-0.086008,-0.24527,-0.1125,-0.2889,-0.040826,0.081284,-0.359647,-0.043626,-0.339824,-0.280416,-0.152888,-0.340873,0.139053,-0.041887,-0.130757,-0.026856,0.334194,-0.041887,-0.051289,0.048388,-0.042799,-0.053795,0.067177,-0.107554,-0.519902,-0.184041,0.109471,-0.245661,0.093812,0.203414,-0.148897,-0.365671,0.421933,-0.018842,0.333579,0.157129,-0.052006,-0.055029,-0.004581,0.433418,-0.34386,-0.359325,-0.108755,0.274169,-0.387714,0.053696,-0.006057,0.062403,-0.118866,0.076146,-0.029202,-0.014156,0.308799,0.264419,-0.047457,-0.0792,0.113817,-0.235555,-0.103632,0.293493,0.181759,0.223484,-0.170244,0.078925,0.131575,0.082926,-0.027495,-0.201295,-0.111692,#
6,-0.136489,0.236057,0.241917,-0.035118,-0.051324,0.271491,1.0,0.247275,0.23487,0.285222,0.274915,-0.101284,0.184255,-0.235378,0.037671,-0.166793,0.050316,-0.121711,0.006688,-0.386831,-0.515532,0.280761,-0.043868,0.073084,-0.105119,-0.08916,0.430749,0.223089,0.174615,-0.103895,-0.46285,0.018855,-0.006747,-0.194998,0.291258,0.225078,-0.237979,0.128971,0.069874,0.024964,-0.182782,-0.114776,0.322237,-0.404895,-0.043312,-0.103023,-0.388578,-0.204299,0.250388,0.263572,0.003966,0.039786,-0.19871,-0.121425,0.175915,-0.142698,0.074033,-0.26316,-0.247278,0.128866,0.216515,0.014635,-0.145353,0.178265,0.072894,0.149629,0.374998,-0.086457,0.555708,0.084501,0.207649,-0.135261,-0.139823,-0.27797,0.087705,0.188329,-0.106106,-0.219331,-0.08088,-0.098207,-0.280486,-0.097548,-0.235186,-0.408711,0.064264,0.489644,-0.032156,-0.264052,0.044263,-0.323742,-0.161115,-0.103746,-0.026373,-0.327845,0.225752,-0.249563,0.257708,-0.110086,0.139193,-0.476226,-0.033779,-0.148623,0.017325,-0.163964,-0.433796,-0.138803,-0.209639,-0.267057,-0.355691,0.029126,-0.313025,0.027004,-0.151409,-0.321346,-0.277528,-0.432861,-0.095299,0.109904,-0.169452,0.136719,0.063688,-0.081757,0.139003,-0.292352,-0.308974,-0.254391,0.277239,0.461115,-0.082897,-0.038064,-0.040915,-0.467239,-0.511644,0.205281,0.30998,0.260006,-0.049747,-0.202442,-0.292722,-0.106478,0.218964,-0.207197,-0.198764,-0.008608,0.024999,-0.180867,-0.29827,0.374203,0.035303,0.054282,-0.053091,-0.153156,0.130329,-0.108006,-0.218254,-0.397439,-0.328768,-0.08303,0.001909,0.169852,-0.139513,-0.016108,-0.004729,0.406464,0.160553,0.095636,0.113932,0.497589,-0.151284,0.492721,0.629412,-0.164653,-0.212729,0.043946,0.462389,-0.051339,0.38365,0.279427,0.048536,-0.409829,0.386227,0.498512,0.259546,-0.086776,0.099277,-0.108605,-0.325838,0.237797,-0.136954,0.374759,-0.156736,0.086852,0.219323,0.143491,0.184212,0.214802,-0.232971,0.126191,-0.131897,-0.096116,#
7,0.062158,0.207996,-0.020991,-0.165153,0.533069,0.138895,0.247275,1.0,-0.123731,-0.064381,0.210664,-0.300257,0.459438,0.208909,-0.134335,0.05309,-0.04722,-0.018522,-0.030749,-0.075318,-0.159778,0.011144,-0.053692,0.293398,0.064785,-0.035934,-0.276313,-0.155264,-0.039406,0.074112,-0.067592,-0.218801,0.23962,0.030643,-0.277914,0.283166,0.077775,0.071533,0.067061,0.192272,-0.194695,-0.203915,0.060403,0.076612,-0.251189,-0.24564,-0.297601,-0.176126,0.155602,0.010418,0.078131,0.180003,0.046715,-0.042877,0.111145,-0.00685,-0.160239,0.008051,-0.141095,0.056169,0.244103,0.176416,-0.289279,-0.113463,-0.31837,0.38973,0.361125,-0.010518,0.148637,0.173224,0.348479,-0.186733,-0.577475,-0.125765,0.029607,0.129363,-0.098474,-0.089904,0.027742,-0.107409,-0.01816,-0.001661,-0.005409,0.145383,-0.106913,0.037454,0.244724,0.123088,0.071128,-0.154348,-0.197242,0.000306,-0.091234,-0.125394,-0.272179,0.098742,0.256627,-0.007389,0.345281,-0.258687,0.183885,-0.05944,0.071823,-0.348475,-0.066421,0.169733,0.001803,-0.083731,-0.072078,-0.354072,-0.033089,0.282557,0.008464,-0.059943,0.154529,-0.029821,0.081838,-0.075758,0.07553,-0.076213,-0.29469,-0.382461,0.244724,0.070817,-0.148823,-0.1667,0.08441,0.002093,-0.071715,0.112061,-0.084126,-0.031145,-0.13167,-0.1227,-0.154113,0.063838,0.230417,-0.109145,-0.129151,-0.005372,0.373726,0.140162,-0.091779,0.180727,0.105353,-0.133634,-0.115185,0.090405,0.097269,-0.191344,-0.243376,0.018404,-0.265444,0.078054,-0.387839,-0.318157,0.023459,-0.208783,0.123088,0.240777,-0.189392,0.118141,-0.151785,0.041197,0.360777,0.001754,0.204759,-0.113718,-0.187522,0.238509,0.01243,-0.258918,-0.094393,-0.007933,0.245101,-0.072282,0.468549,0.144248,0.116048,-0.249809,0.194454,0.359605,-0.006551,-0.003149,0.228965,0.041257,0.043971,-0.258382,-0.073174,0.371699,-0.112743,-0.140232,0.406863,-0.183421,-0.257596,-0.155993,0.03648,0.067324,0.145872,-0.29806,#
8,-0.590411,0.150836,0.483232,0.051048,-0.217306,-0.283421,0.23487,-0.123731,1.0,0.289689,-0.294744,0.033492,-0.212997,0.147139,0.206639,-0.152452,-0.37658,0.638968,0.115808,-0.023167,-0.390662,0.254468,0.100085,0.272216,0.274573,0.347953,0.447089,0.45912,-0.029138,0.133865,-0.10378,-0.068068,-0.035884,-0.156623,0.307672,0.037733,-0.006135,-0.140291,0.318282,-0.354196,0.049726,-0.227716,0.213856,-0.103453,0.324667,-0.234854,-0.385614,0.088825,0.374799,0.268731,-0.024535,-0.152177,-0.173676,0.041152,-0.367876,0.25998,0.317562,-0.535517,-0.16396,0.191494,-0.286854,-0.371091,-0.153671,0.16862,0.244854,0.005967,0.418272,-0.135635,0.085747,0.552723,0.146396,0.205727,0.312052,0.011327,0.294218,-0.127143,0.064939,-0.189768,0.299627,-0.110821,0.143661,0.127761,-0.291571,0.001847,0.198736,0.424166,0.084931,-0.1391,0.015392,0.11781,0.570306,0.29671,0.021271,0.330752,0.28499,0.095804,0.489371,-0.02895,0.022408,-0.218974,-0.022045,0.441576,0.149102,0.288623,-0.393104,0.041323,0.212284,-0.125267,0.009974,0.049699,0.219045,-0.15496,0.272302,-0.2324,0.118529,0.019952,0.101969,0.07204,0.333351,-0.160064,0.213128,-0.147306,0.059322,0.10781,-0.082071,-0.115887,0.294507,0.089948,-0.294243,-0.314665,0.298905,0.124697,-0.191437,0.028426,0.389582,0.118866,0.111607,0.212907,-0.287871,-0.03042,0.309321,-0.154441,0.03283,-0.347538,-0.346898,-0.282056,-0.088617,0.158021,0.324898,0.135741,0.080741,0.095595,0.306437,-0.112993,0.050562,0.18915,0.310077,0.203427,0.14277,0.325238,0.062732,0.387571,0.186271,0.049266,0.201809,0.052168,0.046023,0.187085,-0.175098,0.446395,0.063742,0.128568,0.207025,0.297632,0.063742,0.34717,0.026493,0.051669,0.310878,-0.404594,0.409952,0.052231,-0.30272,-0.294442,-0.287287,0.05161,-0.145687,0.278621,-0.235101,-0.030213,-0.194035,-0.233693,-0.195959,0.443546,-0.100913,0.17596,0.045988,-0.007057,0.11471,0.077847,#
9,-0.06929,0.367391,0.069057,-0.047842,-0.128891,-0.059948,0.285222,-0.064381,0.289689,1.0,-0.522423,0.26261,0.380171,0.391453,0.434194,0.185913,-0.117488,0.224193,0.081723,-0.097979,-0.457501,0.161898,0.344284,0.053819,0.067597,-0.189497,0.289087,0.165153,0.027955,0.414218,-0.187945,0.119163,0.227305,-0.209783,-0.266901,0.549548,-0.131631,-0.25916,-0.094083,-0.134082,-0.060987,-0.04578,0.00418,-0.172149,0.289061,-0.25867,0.109203,0.122269,-0.014115,0.525171,0.028668,-0.00414,-0.077972,-0.247428,0.094768,-0.222991,0.3338,-0.457185,-0.03881,0.014541,0.336214,0.124892,-0.316318,-0.224036,0.190336,0.113213,-0.155529,0.38471,-0.122329,-0.051734,0.036566,-0.049932,-0.063142,-0.366977,0.048314,0.336765,-0.056449,-0.285988,-0.107146,-0.18526,-0.111463,-0.449964,-0.507529,-0.04929,-0.19404,-0.029086,-0.356112,-0.11295,0.116163,-0.274352,-0.022802,-0.11005,-0.192616,0.229755,0.111665,-0.124791,-0.065933,0.037898,0.046208,-0.281114,-0.15762,0.062382,-0.142837,0.050266,-0.149506,-0.195369,-0.500981,-0.087664,-0.202769,-0.393422,-0.025568,0.357844,-0.071693,-0.288168,-0.246016,-0.529979,-0.302532,-0.066815,0.390048,-0.414006,0.115925,-0.218585,-0.040365,-0.299707,-0.453786,-0.323726,0.043829,0.235102,-0.1769,-0.381319,-0.108495,0.235339,-0.464264,-0.222512,-0.051545,-0.485427,0.076723,-0.187689,0.063153,-0.293425,0.093813,-0.164956,-0.357447,-0.377471,-0.135368,0.093006,-0.116159,0.212851,-0.298476,-0.314994,-0.321653,-0.58712,0.055542,-0.33896,-0.049052,-0.180438,0.060741,0.415652,-0.323726,-0.091865,0.048868,-0.348222,0.087014,0.28444,0.462205,0.462676,-0.498993,0.218179,-0.584119,0.045162,-0.060311,0.145463,-0.195306,0.124308,0.2783,-0.165587,-0.366811,0.454025,0.501381,-0.60112,0.260798,-0.050331,-0.374803,-0.203289,0.267377,-0.21707,0.248554,0.117014,-0.436794,0.061808,0.239882,0.055119,0.35608,0.687612,-0.061388,0.112643,-0.233407,0.025212,0.355936,0.141193,#
10,0.061854,-0.32638,-0.216803,0.080231,0.150659,0.33435,0.274915,0.210664,-0.294744,-0.522423,1.0,-0.438322,0.107218,-0.475264,-0.121741,-0.084607,0.087915,-0.371204,0.121197,-0.052351,-0.061238,0.06274,-0.161305,0.058121,-0.34009,-0.013845,-0.147065,-0.052452,0.07547,-0.506787,0.124916,-0.112405,-0.400981,-0.088061,0.3556,-0.458339,0.005555,0.306873,0.000734,0.203456,-0.245602,-0.112084,0.14777,-0.126345,-0.199967,0.210082,-0.164698,-0.080776,0.179855,-0.400752,-0.136604,0.33855,-0.032215,0.247331,0.335741,0.231493,-0.372072,0.349362,0.066969,-0.088902,-0.008856,-0.287368,0.017555,0.377268,-0.013186,0.033965,0.104158,-0.208252,0.547185,-0.039804,0.266175,-0.059323,-0.236016,-0.127321,-0.162462,0.100368,0.129333,0.286577,0.164918,-0.282744,0.13314,0.163104,-0.005873,-0.125429,0.052668,0.254514,0.417011,-0.204048,-0.124411,-0.067089,-0.082072,-0.165782,0.126359,-0.170248,-0.213509,-0.038969,0.002298,-0.343325,0.120815,-0.106145,-0.109651,-0.297095,0.371346,-0.237686,0.045135,-0.102055,-0.006607,-0.126027,-0.014845,0.191982,-0.276915,-0.265477,-0.405606,-0.112237,0.034835,-0.008178,0.050795,-0.034067,-0.338922,0.251935,-0.127681,0.014556,0.098468,-0.143013,0.078498,0.277868,0.063567,0.28665,0.220861,0.136512,-0.05183,-0.279047,0.006297,0.214059,0.271358,0.392631,-0.19668,-0.070221,-0.278482,0.150548,0.046351,0.326571,-0.040864,0.071522,0.377672,-0.025747,-0.139698,0.212462,0.206538,0.020355,0.296622,0.296962,-0.043601,0.032174,0.083404,-0.247513,-0.442866,-0.375329,0.032468,-0.023219,-0.141561,0.299929,-0.29916,0.071774,-0.068149,-0.158628,0.327575,0.105151,0.124727,0.258111,0.448042,-0.239934,0.124616,-0.007682,0.119572,-0.125069,0.375531,-0.221799,-0.394065,0.345567,-0.004836,0.239071,0.519823,0.341147,0.117453,-0.148975,-0.288061,-0.209411,0.267872,0.257722,-0.28234,0.0449,0.190774,-0.716689,0.288991,-0.04138,0.11597,0.13377,-0.479518,-0.158718,#
11,0.029558,0.142729,-0.176517,0.048986,-0.197381,-0.109287,-0.101284,-0.300257,0.033492,0.26261,-0.438322,1.0,0.158931,0.079716,0.023276,-0.169466,0.285964,-0.015114,0.003273,-0.18004,0.099648,-0.255906,-0.07207,-0.091183,0.116015,0.033779,-0.066422,0.180235,-0.225012,-0.077422,-0.09755,-0.027187,-0.047537,-0.173324,-0.187824,0.210429,-0.108087,-0.051892,-0.04547,-0.085502,0.045939,0.191604,-0.002866,-0.262729,-0.091867,0.188076,0.084841,0.152225,-0.16606,0.278203,-0.032936,-0.128277,0.031927,0.137207,-0.150913,0.026337,-0.060775,-0.187426,0.083558,0.18429,-0.078613,0.154448,0.312006,-0.451322,0.092883,-0.064222,-0.090337,-0.177896,-0.129478,-0.316589,-0.050772,-0.373326,0.071116,0.199362,-0.169147,0.098313,-0.290546,-0.03855,-0.165228,0.221704,-0.192715,0.147314,0.057358,-0.319318,0.056145,-0.426524,-0.255054,0.36339,-0.138125,0.1397,-0.174015,-0.021066,-0.132301,-0.010529,0.06789,-0.053077,-0.10024,0.142652,-0.211454,0.125144,0.371902,0.120578,-0.375645,0.125269,-0.011362,0.237371,-0.112538,0.26184,0.195795,0.028508,-0.108104,-0.171866,0.095304,-0.062734,-0.050056,-0.107399,0.128675,0.082382,0.141786,0.034673,0.363183,-0.107219,-0.112118,0.116971,0.061043,-0.346631,0.109755,-0.058777,0.205194,-0.143447,-0.187721,0.283516,-0.346866,0.368252,0.074948,-0.24671,0.107464,-0.13392,-0.000167,0.159701,-0.193747,-0.201757,-0.132926,0.107591,-0.008318,0.313158,-0.043129,-0.178432,-0.177578,-0.255043,-0.175698,0.037281,-0.025195,0.227022,-0.09514,0.230348,0.09412,0.512915,-0.098975,-0.262159,-0.117436,-0.294052,0.38271,0.031192,-0.016836,0.198607,-0.095544,-0.027164,0.040488,-0.055803,-0.109225,0.477682,0.028233,-0.123657,-0.102518,-0.22026,-0.284747,0.184441,-0.079164,0.008601,-0.173174,-0.101696,-0.127252,-0.283312,0.054261,0.153198,0.074057,0.489012,0.057502,-0.046336,0.230332,0.47372,-0.025167,0.278261,0.066398,-0.189835,0.208866,-0.224357,0.111712,0.340931,#
12,0.340963,0.305189,-0.282486,-0.245966,0.418043,0.095536,0.184255,0.459438,-0.212997,0.380171,0.107218,0.158931,1.0,0.290915,0.151331,-0.105779,0.045764,-0.244136,0.230854,-0.130936,-0.262125,-0.041383,0.207133,-0.06774,-0.278067,-0.493318,-0.275674,-0.170976,-0.081718,0.124858,0.127815,-0.008776,0.126595,-0.316863,-0.297517,0.315582,0.190901,-0.171862,-0.248334,-0.054319,0.080816,0.061308,0.27077,-0.081761,-0.189662,-0.271761,-0.055949,-0.019074,0.096578,0.190985,-0.172055,0.252721,0.316686,-0.053853,0.376961,0.12611,-0.218451,-0.224721,0.129765,0.019859,0.475409,0.252612,-0.311717,-0.222871,0.177382,0.20611,0.017089,-0.060965,0.245952,-0.159388,0.32855,-0.2189,-0.513812,-0.389263,-0.225099,0.66344,-0.145722,0.009919,-0.04934,-0.363412,-0.089237,-0.256959,-0.289569,-0.230121,-0.362812,-0.207727,-0.012721,0.087679,-0.210402,-0.249557,-0.347482,-0.425319,-0.392265,-0.175251,-0.295666,-0.178832,-0.030172,-0.085772,0.27868,-0.174228,-0.061461,-0.180986,0.00726,-0.245727,-0.109573,-0.102955,-0.282825,-0.232728,-0.01286,-0.423959,0.063688,0.315029,-0.260902,-0.181529,-0.117139,-0.500473,-0.262474,-0.123266,0.004403,-0.326082,-0.012984,-0.45857,-0.012721,-0.276126,-0.146536,-0.183291,0.135265,0.421472,-0.059648,-0.026902,-0.170925,0.214714,-0.379505,-0.021159,-0.207734,-0.282881,0.036375,-0.239983,-0.122385,-0.075926,0.052696,0.143195,-0.210653,-0.083996,0.23012,0.306694,-0.452778,0.237381,-0.162928,-0.740522,-0.287869,-0.244878,-0.154188,-0.191513,-0.242297,-0.243297,0.078485,0.157091,-0.194129,-0.392111,0.001467,-0.392265,-0.108767,0.239719,0.543712,0.276902,-0.275281,0.148236,-0.531937,0.11686,-0.037535,0.241503,-0.033868,0.172784,0.374712,-0.330019,-0.012147,0.342783,0.147392,-0.222732,0.205952,0.256562,0.091942,0.271681,0.164938,-0.248122,0.319895,-0.282123,-0.188018,0.434995,-0.115901,0.145798,0.515261,0.100249,0.046295,-0.114356,0.164865,0.028369,-0.021437,0.163542,#
13,0.087693,0.329339,0.048336,-0.085003,0.007361,0.027445,-0.235378,0.208909,0.147139,0.391453,-0.475264,0.079716,0.290915,1.0,0.322331,0.099271,-0.106177,0.348702,0.341433,-0.134955,-0.157451,0.157678,0.542919,0.34767,-0.023875,-0.150615,0.102442,0.022274,-0.102392,0.521479,0.04715,0.205359,0.548092,-0.099048,-0.253837,0.490573,0.400653,-0.63672,0.009115,-0.190015,0.002,0.370789,0.341267,0.456645,0.016367,-0.380856,0.133974,-0.123243,0.034452,0.176794,-0.060445,0.040298,0.198575,-0.122114,-0.055484,-0.063263,0.050033,-0.317134,-0.00033,0.063998,0.228252,0.265708,-0.364622,-0.026963,-0.124264,0.152318,-0.09101,0.356063,-0.346495,0.053832,-0.280595,0.297406,-0.351412,-0.249792,-0.301603,0.195678,-0.358862,-0.345106,-0.296924,-0.225474,0.161995,-0.366659,-0.370045,0.0765,-0.346956,-0.224992,-0.283278,0.161557,-0.080294,-0.318141,0.082014,-0.181989,-0.479696,0.136755,-0.23307,-0.174459,-0.223109,-0.02998,-0.140401,-0.128766,0.102008,-0.056274,-0.004698,-0.296159,0.099592,-0.104385,-0.030492,0.011246,-0.024998,-0.370348,0.249902,0.490148,-0.03327,-0.11683,0.179489,-0.219602,-0.417323,-0.369404,0.303007,-0.590902,-0.393449,-0.485118,0.04653,-0.286401,-0.311811,-0.30822,-0.041193,-0.013971,-0.225677,-0.185344,0.059855,0.237322,-0.231284,-0.529733,-0.589975,-0.588778,0.354476,0.050291,0.066039,-0.366733,-0.023486,-0.076027,-0.30528,-0.302427,-0.399816,0.029393,-0.059345,0.202907,-0.406567,-0.419626,-0.437508,-0.265362,-0.137485,-0.220872,-0.080633,-0.117576,0.297044,0.20983,-0.066213,0.032724,0.236661,-0.112586,0.039093,0.056411,0.289846,0.309522,-0.352853,-0.04185,-0.307879,-0.076226,-0.255737,0.071561,-0.361796,-0.029362,0.045938,-0.10724,-0.237838,0.25675,0.53506,-0.421891,0.204958,-0.095041,-0.328975,0.019537,0.275455,0.10356,0.295949,-0.227285,-0.25384,0.135223,0.239033,0.153285,0.208949,0.400134,-0.351581,-0.113388,0.207177,-0.372947,0.276518,-0.030563,#
14,0.03902,0.443999,-0.032692,-0.296231,-0.05069,0.233861,0.037671,-0.134335,0.206639,0.434194,-0.121741,0.023276,0.151331,0.322331,1.0,0.035314,-0.233062,0.313962,0.386814,-0.183063,-0.364726,0.418726,0.266181,0.146285,-0.066154,-0.127745,-0.037948,0.14122,-0.393824,0.128211,-0.061687,-0.032972,-0.050662,0.028672,-0.206627,0.193241,0.010394,-0.152941,0.323653,-0.105927,-0.138526,0.296743,0.025182,0.162753,0.52228,-0.128542,0.176288,0.23504,0.374083,-0.123871,0.137202,-0.09998,-0.333354,-0.232631,0.119739,-0.198468,0.018302,-0.191261,-0.158765,-0.237268,0.309057,-0.114174,-0.456817,0.326115,0.08153,-0.019712,-0.241802,0.021056,0.187448,0.115054,0.09085,0.151536,0.306584,-0.438599,-0.341813,0.119677,-0.104038,-0.198132,-0.17874,-0.28462,0.14614,-0.680904,-0.444337,-0.067368,-0.293308,0.060149,-0.110006,-0.16407,-0.287842,-0.20415,0.044145,-0.193916,-0.134107,0.329962,-0.330628,-0.194364,-0.315959,-0.200276,-0.016564,0.090049,-0.031927,-0.217663,-0.031001,-0.198298,-0.210245,-0.441871,-0.29369,0.057516,-0.481694,-0.292283,0.215314,0.398101,-0.332095,-0.2084,-0.232659,-0.304031,-0.25472,-0.307063,0.4829,-0.484626,-0.124553,-0.313076,-0.300367,-0.251901,-0.334604,-0.373869,0.100408,0.445758,-0.13335,-0.145224,0.125858,0.112896,-0.537365,-0.320053,-0.278201,-0.248039,0.113662,0.049218,0.006951,-0.522653,-0.202231,-0.007182,-0.304671,-0.320609,-0.361206,0.050335,-0.259095,0.320421,-0.361206,-0.072338,-0.47553,-0.588469,-0.013353,-0.43837,0.059809,-0.475475,0.077878,0.146052,-0.383181,-0.271104,0.21404,-0.134107,0.38063,0.376718,0.177766,0.52584,-0.442395,0.1471,-0.34679,-0.212601,0.212896,0.073631,-0.299575,0.064881,0.386852,-0.203442,-0.453495,0.346066,0.435325,-0.334603,0.505826,-0.273029,-0.30229,0.195097,0.386852,-0.301676,0.03596,-0.126273,-0.468946,0.134083,0.182408,0.285771,0.4663,0.451664,0.251418,0.160788,0.22717,-0.231872,0.187828,0.071303,#
15,0.0415,-0.104167,-0.309788,0.050793,-0.013491,0.13213,-0.166793,0.05309,-0.152452,0.185913,-0.084607,-0.169466,-0.105779,0.099271,0.035314,1.0,-0.024155,0.05245,-0.115484,0.138244,0.058044,-0.33383,0.179593,0.07861,-0.139063,0.311477,0.00083,-0.074821,0.092514,0.096134,0.299878,-0.087896,0.262422,0.102991,-0.063469,-0.092147,0.057173,0.019059,0.037624,0.354097,-0.080276,-0.095393,-0.468288,0.105288,0.200721,0.128556,0.243175,-0.062515,-0.290552,0.059944,0.383683,0.175882,-0.311465,-0.030526,0.252573,-0.107666,0.231118,0.062896,-0.303494,-0.01398,0.283833,-0.190049,-0.242756,-0.002286,-0.049957,0.337002,-0.205714,0.241523,-0.335847,-0.045037,-0.233357,-0.129882,-0.1625,0.215728,0.085709,-0.023936,-0.037911,-0.007971,-0.091633,0.212156,0.106637,0.083894,0.311538,0.45764,0.212046,-0.149045,0.053743,-0.047652,0.036333,-0.119877,0.14109,0.279428,0.222693,0.215854,0.077571,0.193318,-0.16161,-0.300919,0.031274,-0.013574,-0.135988,-0.008283,-0.19878,0.075014,0.127561,-0.255343,-0.068003,0.324922,0.229479,0.034142,-0.233671,0.131322,0.070674,-0.027245,0.232469,0.290968,0.069228,-0.26242,0.219256,-0.050406,-0.167029,0.122268,0.250876,0.072729,-0.123165,0.253225,-0.132018,-0.148767,-0.283647,-0.189648,-0.204195,0.190118,-1.8e-05,-0.146546,-0.153409,-0.148679,-0.036245,0.02238,-0.015628,-0.302537,0.370034,0.160163,0.229343,0.063358,0.002529,-0.240187,0.513108,0.009269,0.002529,-0.14148,0.21351,-0.026649,-0.013071,0.215616,0.067645,0.033738,0.051958,0.035853,-0.047652,0.187078,0.096338,0.013667,-0.205976,-0.207413,-0.211654,-0.035113,-0.076448,-0.106767,0.107311,-0.117836,0.058756,-0.253549,0.035859,-0.377696,-0.129703,0.124126,-0.159679,0.024062,-0.008873,-0.086247,-0.07779,-0.037728,-0.228423,0.136289,0.454324,-0.056031,0.284779,0.074111,-0.293216,-0.187836,0.201404,-0.109506,0.11109,-0.099539,-0.304814,-0.100171,-0.119611,0.031305,0.033473,0.017064,#
16,0.126984,-0.086416,-0.393686,-0.099815,0.058019,0.480949,0.050316,-0.04722,-0.37658,-0.117488,0.087915,0.285964,0.045764,-0.106177,-0.233062,-0.024155,1.0,-0.22981,0.04012,-0.082788,0.013127,-0.171916,-0.084062,-0.31521,-0.290622,-0.260744,-0.107411,-0.227372,0.056764,-0.133097,-0.038945,0.139786,0.169197,0.166128,-0.095037,0.145984,0.058036,0.213456,-0.283701,0.228303,0.001187,0.089828,0.095422,0.130942,-0.165596,0.001927,-0.097681,0.038299,-0.047683,0.167535,-0.050166,0.050172,0.188952,-0.155872,0.014484,-0.082417,-0.096569,0.27225,0.300979,-0.095943,0.0214,0.233325,0.318843,-0.243357,-0.090662,0.178783,-0.059152,-0.001101,0.166239,-0.230257,-0.189657,-0.026813,-0.216332,0.12667,-0.055844,0.265389,-0.246895,-0.113644,-0.052546,0.278826,-0.045905,0.126761,0.088606,-0.202214,-0.020193,-0.269327,-0.104576,0.301226,-0.067104,-0.335964,-0.233548,0.129406,0.036627,-0.187813,-0.015944,-0.094772,-0.437525,-0.232852,-0.132263,-0.003802,0.027895,-0.206349,-0.154055,-0.151473,0.257622,0.007447,0.264347,-0.240048,0.022757,0.092286,-0.141749,-0.062463,-0.001373,0.127985,-0.134867,-0.090652,-0.282749,0.094393,-0.21783,0.048198,-0.029864,-0.054682,0.086417,-0.284543,-0.009783,0.083776,-0.284601,-0.220642,0.2233,-0.136439,-0.413057,-0.034768,0.02298,0.337732,-0.104751,-0.078429,0.009554,-0.512303,0.17439,-0.059358,-0.378495,-0.00541,-0.126019,0.387694,0.33079,-0.063848,-0.07499,0.010629,-0.186966,-0.14188,0.118523,0.102779,-0.085085,0.142465,-0.283177,-0.12164,-0.145734,0.189324,-0.223767,0.046789,-0.068729,-0.154235,-0.087932,0.140063,0.102998,0.234905,0.249407,-0.156812,0.189436,-0.135666,0.048466,0.225633,-0.16868,-0.237659,0.211492,-0.522033,-0.042207,0.020457,-0.144947,0.147321,-0.486625,-0.034332,0.286222,0.120317,0.046768,0.092187,0.16089,0.183718,0.071798,-0.231205,0.209141,0.275982,0.101469,-0.162161,0.118692,0.020071,0.208698,0.102998,-0.360874,-0.07082,#
17,-0.498363,0.365694,0.504149,0.043718,-0.143309,0.017616,-0.121711,-0.018522,0.638968,0.224193,-0.371204,-0.015114,-0.244136,0.348702,0.313962,0.05245,-0.22981,1.0,-0.013642,0.348316,-0.121585,0.123392,0.195688,0.28765,0.142854,0.128403,0.265983,0.346146,-0.287017,0.205869,0.063862,0.064558,0.097153,0.054643,-0.122158,0.106266,0.205208,-0.179524,0.297055,-7.5e-05,0.128266,0.101557,-0.072308,0.138392,0.412219,-0.444248,-0.056142,0.417086,0.49186,0.02615,-0.065727,-0.286968,0.116516,-0.093718,-0.295703,0.011252,0.052946,-0.534271,-0.322722,-0.151921,-0.236772,-0.214677,-0.183054,0.044691,0.057325,0.12967,0.071302,0.145627,0.046626,0.586814,0.170681,0.354737,0.242989,0.085144,0.153689,-0.24809,0.033516,-0.305362,0.191181,-0.052072,0.514878,-0.029519,-0.191312,0.258397,-0.061416,0.079277,0.059842,-0.064693,0.09382,0.050549,0.464639,0.313156,0.001552,0.671631,-0.021641,0.334928,0.39383,0.168924,0.101439,-0.062211,-0.092349,0.290982,0.13504,0.215796,-0.079838,0.084804,0.013296,0.073583,-0.145442,-0.205312,0.477726,0.098544,0.185078,0.088878,0.285852,0.119086,-0.077988,-0.165786,0.669412,-0.465965,0.113767,-0.381469,-0.128211,0.109305,-0.038976,-0.060224,-0.041191,-0.025392,-0.159701,0.012217,0.374608,0.295413,-0.044539,-0.372653,0.057195,-0.074838,0.20773,0.219204,0.029619,-0.022306,0.102885,-0.179583,-0.30558,-0.48135,-0.218328,-0.174196,0.099437,-0.02195,0.29165,0.147586,-0.141087,-0.078088,0.372026,-0.05287,-0.087271,-0.107566,0.367673,0.383242,-0.050168,0.381603,0.23664,0.361723,0.106928,0.372695,0.122403,0.183703,0.151703,-0.200163,-0.153457,0.213726,-0.304161,-0.284756,0.040787,0.031396,-0.09263,0.280555,-0.072855,0.059676,0.407441,-0.395655,0.197081,-0.087283,-0.693279,-0.335896,-0.126748,0.190373,0.118897,0.192636,-0.475894,-0.223097,0.262613,-0.400642,-0.155584,0.408463,-0.467623,0.06083,0.075229,0.079681,0.470381,-0.113909,#
18,-0.037026,-0.014686,-0.058761,-0.052604,0.220055,-0.099894,0.006688,-0.030749,0.115808,0.081723,0.121197,0.003273,0.230854,0.341433,0.386814,-0.115484,0.04012,-0.013642,1.0,-0.450158,-0.286685,0.080183,0.236015,-0.028359,0.072184,-0.003342,0.032405,0.450861,-0.411404,0.338436,-0.11062,-0.049345,-0.117823,0.09679,0.169136,0.120496,0.115094,-0.201239,0.112029,0.003714,0.074592,0.207797,0.293169,0.39274,0.071548,0.005197,-0.022675,-0.172034,0.114391,-0.057208,-0.080844,0.354471,-0.038301,-0.060696,0.176869,-0.066328,-0.229461,0.237125,0.084395,-0.089043,-0.15899,-0.10001,-0.089271,0.581768,0.001622,-0.058105,0.002737,-0.265077,0.063286,-0.106315,0.03471,0.011975,-0.157366,-0.061704,-0.07528,0.182002,-0.104315,-0.194236,-0.005782,-0.443197,-0.067915,-0.283524,-0.314053,-0.117004,-0.216234,-0.057198,-0.259725,0.326935,-0.231569,-0.264861,0.236169,-0.26713,-0.06387,-0.154665,-0.358766,-0.11716,-0.219542,-0.419022,-0.19786,-0.173557,0.025714,-0.228127,0.23358,-0.477549,-0.121904,-0.12626,-0.063164,-0.07336,-0.028963,0.068488,-0.060136,0.334943,-0.080614,-0.154953,-0.205103,-0.232259,-0.091634,-0.231863,-0.174692,0.019768,-0.328628,-0.139082,-0.101289,-0.322291,-0.055031,-0.202234,0.346836,0.338886,-0.109376,-0.167432,-0.129585,-0.148648,-0.436806,-0.022174,-0.161809,-0.093831,0.01044,-0.040698,-0.176842,-0.272663,-0.350049,-0.005369,-0.091591,-0.153072,-0.133278,-0.049503,-0.478641,0.261665,-0.365317,-0.386346,-0.442958,-0.207392,-0.275625,-0.369167,0.1283,-0.297653,-0.089989,0.097674,-0.269716,-0.268909,-0.004227,-0.08058,0.173753,0.114045,0.314666,-0.053503,-0.292654,0.225696,0.076124,-0.002914,0.152035,0.474314,-0.247339,-0.111746,0.376967,-0.093524,-0.004608,0.507325,0.223673,-0.170622,0.124084,0.068743,0.251162,0.296277,0.390738,-0.157741,0.026094,-0.247306,0.012071,0.311132,-0.024818,0.357444,0.573732,0.144433,0.074439,0.139854,0.56439,-0.212312,-0.350901,-0.00213,#
19,-0.170201,0.05759,0.16434,0.274285,-0.258789,-0.054675,-0.386831,-0.075318,-0.023167,-0.097979,-0.052351,-0.18004,-0.130936,-0.134955,-0.183063,0.138244,-0.082788,0.348316,-0.450158,1.0,0.521663,-0.056324,-0.085584,0.014883,-0.108955,-0.059018,-0.034889,-0.310001,0.024064,-0.094802,0.504452,0.33357,0.06767,0.350312,-0.181995,-0.188554,0.268465,0.228306,-0.339361,0.05708,0.219019,0.068235,-0.413994,0.038485,0.291138,-0.402942,0.278959,0.264574,0.22254,-0.253422,-0.329009,-0.089894,0.414304,-0.12877,-0.344049,0.149675,-0.001315,-0.141471,0.12377,-0.196775,-0.121331,-0.142382,0.077863,-0.262481,0.241181,-0.09722,-0.283892,0.138845,-0.070848,0.264083,0.203751,0.213473,0.282179,0.103004,0.187109,-0.299133,0.297485,0.354642,0.541387,0.269015,0.36347,0.348445,0.26484,0.243321,0.278031,-0.049768,0.283835,-0.337187,0.277702,0.180023,0.171052,0.361021,0.130814,0.371234,0.125159,0.529417,0.31538,0.52606,0.246008,0.257402,-0.547234,0.241261,0.216744,0.347989,0.414622,0.120182,-0.007577,0.011066,0.140283,-0.224795,0.471778,-0.203492,-0.071917,0.54044,0.333325,0.115241,0.045221,-0.058701,0.208138,-0.197198,0.275031,0.102598,-0.209306,0.228425,-0.025445,0.386527,-0.276237,-0.083903,0.209527,0.307602,0.35804,0.420494,0.543671,-0.152626,0.277828,0.047805,0.088353,0.111953,0.133368,0.18004,0.190821,0.345502,0.146973,-0.287499,0.371708,0.351553,0.382438,-0.475306,0.530044,0.236684,0.29406,0.243898,0.505898,0.431259,-0.041211,0.342633,0.468451,-0.141233,0.131098,0.053017,0.225207,0.298407,-0.114682,0.070925,-0.141518,-0.009764,0.447596,-0.286961,0.136463,0.039308,-0.556721,-0.192483,0.321143,0.175963,-0.512556,0.193917,-0.053869,-0.502353,-0.233066,0.150526,-0.154351,-0.232105,-0.503613,-0.177488,-0.552138,0.208907,0.455049,0.118824,-0.049124,-0.285959,0.238619,-0.64129,-0.42088,-0.092069,-0.353293,0.021297,-0.191103,0.460758,0.508707,-0.337209,#
20,0.286831,-0.266294,0.027346,0.31239,-0.248334,-0.168061,-0.515532,-0.159778,-0.390662,-0.457501,-0.061238,0.099648,-0.262125,-0.157451,-0.364726,0.058044,0.013127,-0.121585,-0.286685,0.521663,1.0,-0.220461,-0.44941,-0.200965,-0.00986,0.093598,-0.1768,-0.276832,0.094496,-0.044632,0.357601,0.22759,0.004372,0.434685,-0.180455,-0.318367,0.064601,0.213735,-0.21503,-0.093017,0.304952,0.245449,-0.273255,0.208693,-0.241993,-0.051327,0.234085,0.010379,-0.10287,-0.405393,-0.261313,-0.044201,0.336744,0.055229,-0.159616,-0.015599,-0.093118,0.230701,0.013441,0.145263,-0.163936,0.161113,0.458579,-0.184893,-0.085826,-0.269788,-0.319148,-0.026276,-0.348626,-0.193356,0.055624,-0.006583,0.097804,0.441029,-0.101446,-0.387527,0.02039,0.527549,0.055666,0.441039,0.049484,0.382952,0.591069,0.076003,0.129028,-0.338036,0.172285,0.089519,0.278991,0.182095,0.052873,0.0803,0.272617,-0.088153,0.237697,0.377095,0.035243,0.561837,-0.055854,0.396087,-0.078403,0.16541,-0.085204,0.177151,0.498571,0.146789,0.114603,0.341033,0.236013,0.232532,0.137315,-0.124694,-0.147439,0.66623,0.391057,0.447101,0.175139,0.021336,-0.084026,0.174782,0.124717,0.297517,-0.154358,0.362434,0.136293,0.075584,-0.362698,-0.234847,0.057825,0.454054,0.204929,0.010413,0.438593,-0.008844,-0.012715,0.178467,0.15336,0.233891,0.256965,0.215537,-0.019346,0.127311,0.429553,0.146516,0.252199,0.146519,0.362019,-0.783488,0.252199,0.325685,0.180224,0.284015,0.19014,0.437909,-0.011513,0.428266,0.373466,-0.263348,0.312481,-0.056507,0.053359,0.07435,0.149593,-0.242699,-0.486129,-0.406549,0.258396,-0.326945,0.447014,-0.150633,-0.353431,0.015562,0.245263,0.050926,-0.676395,0.310969,-0.047577,-0.588257,-0.446021,0.698048,-0.222808,-0.059049,-0.224012,-0.065675,-0.342368,0.589206,0.308635,0.231896,0.366778,-0.196036,0.174986,-0.210032,-0.421814,-0.32357,-0.289736,-0.062022,-0.013112,0.15474,0.205204,-0.217404,#
