0,1.0,0.273576,0.031342,-0.25822,0.207346,0.130465,0.031806,0.303725,0.237579,0.058389,-0.25989,0.254507,0.254541,0.361509,-0.013771,-0.232649,-0.036109,0.2872,0.080793,-0.167968,-0.253238,-0.07803,0.435764,-0.054964,-0.044041,-0.275198,0.011622,0.047467,0.230624,0.22551,-0.306503,0.18003,0.057089,-0.150708,-0.216396,-0.020564,-0.159873,0.081066,0.181673,0.078177,0.102151,0.318792,0.12244,0.159704,-0.152027,-0.430449,0.301159,0.274408,-0.299939,-0.003422,0.052633,0.085776,0.141191,-0.050023,-0.173809,0.01812,0.045823,-0.170788,-0.043784,0.244182,0.183749,0.19778,-0.089666,0.018728,0.12405,0.422003,-0.035802,0.296836,0.199525,-0.076562,0.12832,-0.034852,-0.326447,0.085905,-0.208127,0.272775,-0.035076,-0.045039,-0.023576,0.003846,-0.166148,0.023499,-0.102953,0.251925,-0.158494,0.032717,-0.014918,-0.090962,0.245201,-0.293308,-0.428335,-0.018349,-0.161854,0.359781,0.110979,-0.190728,0.058814,-0.006199,0.012931,-0.381856,0.054946,-0.302301,0.051157,0.058345,-0.15267,0.120855,-0.020071,-0.070174,-0.26828,-0.074361,0.245409,0.087181,-0.023576,-0.07188,-0.356248,-0.354627,-0.216144,-0.061699,0.225412,-0.443138,-0.099142,-0.389978,-0.289129,-0.224438,-0.278562,-0.034599,-0.238173,-0.118673,-0.023955,-0.420536,-0.072163,-0.138569,-0.029318,0.155251,-0.16667,-0.167955,0.340792,-0.285323,-0.140258,-0.189874,0.177953,-0.491206,-0.46597,-0.097213,-0.205306,-0.044918,-0.352412,0.20047,-0.174177,-0.164082,-0.234944,-0.318849,0.016292,-0.051211,-0.313199,-0.194786,0.387892,0.171666,-0.306989,0.208046,-0.330448,0.166371,-0.29701,-0.052886,0.005729,-0.08974,0.144573,0.090192,-0.254449,-0.244634,0.047265,0.190426,-0.172854,0.022715,0.296323,-0.06888,0.090689,-0.042245,0.361835,-0.585482,-0.150917,-0.070998,-0.30135,0.046688,0.357645,-0.174776,0.162054,0.194809,-0.311032,0.420076,-0.006793,-0.183927,0.311944,0.254633,-0.047589,0.195524,0.198018,-0.37178,-0.183803,0.026682,#
1,0.273576,1.0,0.08563,-0.108214,0.257701,-0.186075,0.291188,0.168333,0.131127,0.340555,-0.260377,0.073742,0.36256,0.287438,0.274393,-0.048706,-0.380208,0.462546,0.329835,0.365495,0.173248,0.359615,0.348763,-0.019044,-0.401257,0.105839,0.352067,0.096807,0.333458,0.503073,-0.671614,0.200907,0.29303,0.115664,-0.04302,-0.273015,-0.008511,-0.031623,0.046151,-0.1112,-0.058054,0.541557,0.062874,-0.039715,-0.287217,-0.436917,0.382007,0.462001,0.101696,0.329142,0.399531,-0.110642,-0.085408,0.026078,0.15022,-0.01857,-0.349247,-0.069979,-0.199624,-0.16842,0.234642,0.393536,-0.233158,0.514727,0.030251,0.297444,0.040139,0.421735,0.312368,-0.028886,0.009601,-0.204026,0.02025,-0.248775,-0.155353,0.295149,-0.385221,-0.234184,-0.308464,-0.434444,-0.401597,-0.23779,-0.452714,-0.087132,-0.315316,-0.051814,-0.309599,0.003,-0.155511,0.078602,-0.050784,-0.166237,-0.523012,0.2128,-0.302516,0.204688,0.345264,-0.198071,0.065313,-0.316018,-0.112229,-0.436782,-0.697957,-0.151339,-0.701833,-0.226339,-0.501364,-0.258269,-0.502219,-0.156333,0.345853,0.039514,-0.019358,-0.40911,-0.17015,-0.17816,-0.259233,-0.26447,0.263467,-0.415857,-0.234169,-0.212856,-0.228769,-0.587088,0.05833,0.040618,-0.346827,-0.251858,-0.086451,-0.139769,-0.227492,-0.300833,-0.301188,-0.080817,-0.23779,-0.148196,0.01368,-0.151844,0.135755,-0.271311,-0.191352,0.062369,-0.43648,-0.09285,-0.392729,-0.232546,-0.18449,0.348244,-0.425231,-0.376698,-0.274752,-0.327497,0.026445,0.033611,-0.323664,0.122566,0.415853,0.337162,-0.169359,0.131746,-0.172007,-0.165706,-0.109913,0.211239,-0.153479,0.488236,-0.002302,0.306537,-0.236078,0.202998,-0.460783,0.051179,0.021536,-0.279759,0.542636,0.012949,-0.06372,0.024714,0.220281,-0.251475,-0.016188,0.073307,-0.242971,0.017561,0.253165,-0.001789,0.097976,-0.087237,-0.260329,0.471952,-0.123499,0.40254,0.198162,0.161877,-0.142764,-0.175209,0.50544,-0.411806,-0.203566,0.062351,#
2,0.031342,0.08563,1.0,0.355943,0.340648,-0.446087,0.033845,-0.089736,-0.192725,0.112823,-0.203774,-0.203458,0.103905,0.030329,-0.123975,-0.54765,-0.13255,0.160866,0.094759,-0.094006,0.308158,-0.224967,0.134763,-0.043449,-0.279136,-0.036849,0.293269,-0.505746,-0.375884,0.276331,-0.113799,-0.01325,-0.051021,0.09028,-0.284608,-0.32579,0.124821,-0.162533,0.347116,-0.16212,0.021354,0.085463,-0.078409,-0.092325,-0.110048,-0.073562,0.069847,0.293924,-0.108643,-0.147784,-0.175068,0.194426,0.006015,0.207554,-0.016229,-0.291093,-0.320487,0.02681,-0.329796,-0.310432,-0.075166,0.090451,-0.490022,-0.077875,-0.236115,0.131142,-0.240688,0.002683,-0.007921,0.188087,-0.010467,0.139349,-0.004342,0.208182,-0.044038,0.141877,-0.125591,-0.110716,-0.222309,0.30285,0.028379,0.189267,-0.0086,0.177748,-0.028536,-0.107835,-0.038799,0.304565,-0.031867,-0.115896,-0.261153,-0.222169,0.036581,0.03793,-0.363941,0.000126,0.304627,0.304019,0.182475,-0.04265,-0.177327,-0.119907,0.05054,0.14396,-0.296262,-0.09866,-0.11971,0.030673,-0.046385,0.281836,0.304365,-0.000453,-0.067228,-0.125804,0.276197,0.142413,-0.276009,-0.329786,0.20277,-0.285824,-0.280226,-0.11434,0.231069,-0.13617,-0.289497,0.163556,-0.398358,-0.116062,0.063287,0.190189,0.365398,-0.301666,-0.353756,-0.086163,0.029642,0.006685,0.403043,0.277324,0.218723,0.003544,0.179809,0.189984,0.060769,-0.512368,0.043061,0.354661,0.118774,0.333354,-0.137388,0.080284,-0.503401,0.119948,0.483862,-0.201811,-0.024888,-0.104809,0.355904,0.117957,0.117753,-0.124724,-0.045381,0.162055,0.418695,0.08397,0.134479,-0.051542,-0.452484,-0.277532,0.052322,-0.009433,-0.066194,-0.101102,0.123461,-0.041688,-0.046688,0.130707,0.062971,-0.18688,-0.053728,0.037736,-0.113105,-0.116518,-0.118781,-0.078119,0.050856,0.250261,-0.088808,-0.367799,-0.19751,0.198485,0.30078,0.192711,-0.028718,0.104942,0.15467,-0.597476,0.023613,0.039366,0.170542,0.056139,#
3,-0.25822,-0.108214,0.355943,1.0,0.123174,-0.273881,-0.25926,-0.260967,-0.274819,0.010067,0.408257,-0.216494,-0.101622,-0.264645,-0.143137,-0.044971,0.133783,-0.052136,0.042521,0.065323,0.295044,-0.375546,-0.165564,0.028626,-0.119661,0.180175,0.037865,-0.35589,-0.285646,-0.175159,0.345658,0.040333,-0.196967,0.00346,-0.094214,-0.516582,-0.093493,-0.093425,0.036555,0.191058,-0.060036,-0.168891,0.103466,-0.206685,0.232347,0.077857,-0.157806,-0.28074,0.100233,-0.301138,-0.233321,0.220558,0.00343,0.386428,0.02409,0.131131,-0.077766,0.050165,0.04376,-0.196417,-0.22925,0.162583,-0.04557,-0.258948,-0.195637,-0.322746,0.028429,-0.155334,-0.353086,0.447915,-0.164912,0.595243,0.241117,0.598904,0.243402,-0.168381,-0.07041,-0.052366,0.132208,0.364726,0.028036,0.288455,0.201539,-0.006355,0.126458,-0.084017,-0.036452,0.310055,-0.014904,0.29753,0.21105,0.128302,0.213221,-0.265589,0.03815,0.353952,0.234604,0.109,-0.076815,0.460574,0.059686,-0.153933,0.500519,-0.008403,-0.00421,0.160272,-0.247112,0.218206,0.159719,0.283942,-0.085437,-0.205754,0.132208,0.141336,0.04503,0.123821,0.361054,0.084605,-0.055997,0.278684,0.305287,0.20558,0.323208,-0.046605,0.034506,0.18167,-0.207048,0.001652,0.35892,0.292619,0.616593,-0.019702,-0.252184,-0.242135,0.281232,0.353784,-0.038859,0.19959,-0.138711,0.281934,0.28187,0.291115,0.30386,-0.251135,0.084712,0.311293,0.137453,-0.324163,0.193185,0.430856,-0.158844,0.417206,0.156114,0.038091,0.436893,-0.009131,-0.188111,-0.396378,0.267429,-0.005071,-0.486911,-0.184632,0.296697,-0.189035,-0.165013,0.074373,0.217293,-0.244516,-0.03554,0.056298,-0.17337,-0.184829,-0.294506,0.076519,-0.220518,0.011672,0.073739,-0.098562,-0.335399,0.521005,-0.340002,0.175693,0.061435,0.020739,-0.045077,-0.15502,0.059447,-0.281897,0.337056,-0.370925,0.062507,0.027706,-0.225334,-0.143713,-0.087006,-0.380482,-0.235933,0.273268,-0.312621,-0.036925,#
4,0.207346,0.257701,0.340648,0.123174,1.0,-0.093379,0.213411,0.0558,-0.023465,0.279839,0.043605,0.125527,-0.055,-0.092361,0.245921,-0.516183,0.208379,0.101827,-0.439596,-0.097227,-0.287763,0.182449,0.175149,0.317911,-0.252842,0.140028,0.241716,-0.172965,-0.151994,0.294753,0.004738,-0.013661,-0.043103,0.075373,-0.418242,-0.008408,-0.228045,-0.322529,0.375382,0.343243,-0.29227,0.16395,-0.112759,-0.053258,-0.11341,-0.074318,0.060226,0.202268,-0.33779,0.12633,0.156093,-0.340688,0.011415,-0.045847,0.45897,-0.401177,-0.529253,0.356445,-0.378919,-0.200139,-0.057525,0.103398,-0.23072,0.151294,-0.054303,0.21004,-0.043627,0.121437,0.082929,-0.165293,-0.139667,-0.291542,0.231965,-0.171935,-0.243085,0.180075,-0.30859,-0.442605,-0.250503,-0.208963,-0.344381,-0.007611,-0.363223,-0.030122,-0.244482,-0.470604,-0.216428,-0.21253,-0.255883,-0.318811,-0.317399,-0.097731,-0.13925,0.003761,-0.21847,-0.191194,-0.04387,0.438925,0.16927,0.092321,-0.127895,-0.295385,0.02769,0.10542,-0.2947,-0.464516,-0.2595,-0.163579,-0.078837,0.29976,-0.036779,0.020493,-0.275986,-0.306773,-0.112295,-0.067611,-0.133832,-0.52324,-0.109659,-0.141829,-0.476272,-0.305372,-0.126568,-0.142858,0.021187,-0.181526,-0.406025,-0.454759,-0.451639,-0.007012,-0.162767,-0.30231,-0.423696,-0.442023,-0.013916,-0.374809,0.419521,-0.078837,-0.09257,-0.202864,-0.050485,0.257046,0.053574,-0.34592,-0.517149,-0.277909,-0.064571,0.175991,-0.327372,0.052126,-0.190503,-0.079274,-0.215898,-0.036739,-0.25408,-0.326667,0.361102,-0.038693,-0.253317,-0.117677,-0.001888,-0.031095,0.216057,-0.052537,-0.266102,0.265154,-0.031206,0.379377,0.053966,-0.207578,0.113078,-0.177625,-0.219431,-0.232156,0.139377,-0.324884,-0.310403,-0.358179,0.131698,-0.07573,-0.074349,-0.064653,0.245193,0.417939,0.064074,0.224387,0.076715,-0.256964,0.165195,0.217392,-0.059148,0.503858,0.119431,0.277528,0.344876,-0.272626,0.021263,-0.341325,-0.44064,0.228082,#
5,0.130465,-0.186075,-0.446087,-0.273881,-0.093379,1.0,0.115454,-0.009766,0.125998,0.068625,0.270213,-0.081485,-0.225198,0.265349,0.200559,0.270071,0.120593,-0.283544,-0.138204,0.023463,-0.412525,0.106216,-0.017113,-0.0348,0.250608,-0.387468,-0.12183,0.407673,0.288146,-0.080461,0.331388,0.191593,-0.220297,-0.161381,-0.068816,-0.017672,-0.127896,0.237938,-0.019044,0.074321,-0.184482,0.050522,-0.045876,0.383901,0.017352,0.08879,-0.018539,-0.044742,0.235251,0.440326,0.119752,0.042049,0.215512,-0.39783,-0.113858,0.153426,0.229736,0.113146,0.195146,0.298227,0.358578,-7.5e-05,0.183583,0.195175,0.182928,0.110427,-0.007474,0.07484,-0.097309,0.187577,-0.021886,-0.29571,0.156408,-0.263278,-0.068681,0.047381,0.294697,0.132992,-0.022977,-0.018314,-0.173306,0.033513,0.042306,-0.078993,-0.013992,0.046955,-0.163908,-0.56071,0.059334,-0.273533,-0.078772,-0.023111,-0.170523,0.073951,0.275557,-0.17024,-0.120346,-0.17991,0.057589,-0.232154,-0.216964,0.094406,0.029244,-0.270622,0.344014,0.116183,0.20909,-0.088434,-0.099563,-0.365449,0.126548,0.436793,-0.18359,-0.212323,-0.469816,-0.3292,0.106243,0.099069,-0.024421,-0.106123,0.06297,0.081343,0.038894,-0.03703,-0.160317,0.151918,0.161805,0.369387,-0.165913,-0.2394,-0.094415,0.0506,0.147551,0.229314,-0.128066,-0.175255,-0.119991,-0.274887,-0.429392,-0.205449,0.126382,-0.345799,-0.465865,0.189075,0.128766,-0.151278,-0.343741,0.031912,0.41819,-0.191635,0.17173,0.03351,-0.183565,0.516838,-0.310848,0.239829,-0.06196,0.114502,-0.300845,0.259014,-0.088787,-0.029733,-0.266412,0.091154,0.032895,-0.204396,0.333801,0.110232,-0.053677,-0.208823,0.217465,0.041002,0.188586,0.177505,0.194477,0.156681,0.247864,0.132671,0.233251,-0.031799,0.218015,0.421574,0.093725,0.055298,-0.229103,-0.224904,0.057401,0.216665,-0.065725,0.292364,0.035998,-0.487374,0.342545,-0.200489,0.031265,0.199059,0.055299,-0.013165,-0.056157,0.25559,#
6,0.031806,0.291188,0.033845,-0.25926,0.213411,0.115454,1.0,0.258767,0.291161,0.008414,0.173421,-0.030356,0.116532,0.050779,0.361126,-0.137683,-0.283071,-0.021525,-0.118629,0.280199,0.062655,0.459248,0.251508,-0.035831,-0.095582,0.193598,0.103951,-0.099274,0.053451,0.27679,-0.340394,0.178221,-0.050972,0.288524,0.07906,0.055632,0.243228,-0.167488,0.174126,0.143134,-0.100498,0.436473,-0.04952,0.230079,-0.11781,0.012159,0.116793,0.46025,0.133598,0.023716,0.250671,-0.161471,-0.05597,-0.399775,-0.007624,0.225054,0.073746,0.163035,-0.138426,0.396204,0.104379,0.110291,-0.195553,0.173111,0.313247,0.034673,-0.059593,-0.124039,0.045263,-0.215861,0.218255,-0.441585,0.21225,-0.291029,-0.517842,0.363882,-0.115143,-0.127423,-0.234494,-0.042111,-0.273071,-0.286086,-0.043316,-0.349564,-0.511269,-0.115015,-0.061526,0.257155,-0.360984,-0.121532,-0.290949,-0.231007,-0.26455,0.35527,-0.376786,-0.199953,-0.054744,-0.051558,0.015353,-0.218547,-0.062972,0.060618,-0.136026,0.136209,-0.270923,-0.294514,0.345107,-0.30433,-0.039822,-0.20657,0.28769,0.328019,-0.234494,-0.457779,0.077168,0.132432,-0.118676,-0.186373,0.203369,-0.430249,-0.112282,-0.279675,-0.087738,-0.315022,0.172124,-0.035842,-0.207063,0.181044,-0.406712,-0.016683,-0.149306,-0.309398,-0.195593,-0.073282,-0.101717,-0.023855,-0.045557,-0.033304,0.018896,-0.349731,-0.242104,-0.114548,-0.106817,0.129351,-0.145572,-0.303447,-0.227992,0.600459,0.017576,-0.442982,0.009774,-0.19929,-0.217724,-0.020331,-0.217843,0.290094,0.193287,0.266533,-0.065687,-0.109452,0.383657,0.135068,0.053022,-0.013301,0.104416,0.282469,-0.04373,0.089064,-0.145355,0.179399,-0.061147,-0.125544,-0.037217,-0.078663,0.298338,-0.103113,-0.122169,0.293704,0.450107,-0.39814,0.098843,0.344639,-0.108405,-0.054246,0.222422,-0.084224,-0.075308,0.167036,-0.412984,0.380054,0.111526,0.033357,0.294202,-0.014854,0.272946,-0.088299,0.40118,0.055107,0.058478,-0.103377,#
7,0.303725,0.168333,-0.089736,-0.260967,0.0558,-0.009766,0.258767,1.0,0.110887,-0.078476,-0.258646,0.255106,0.142155,0.092073,0.026549,-0.069598,-0.053148,0.084897,-0.194367,0.028493,-0.029944,0.477947,0.156533,0.156747,-0.269535,0.08829,0.397873,0.213732,-0.099416,-0.090912,-0.261016,0.481846,-0.220438,0.056986,0.013977,-0.035238,0.074304,-0.598028,0.139611,0.055304,0.111303,0.1875,0.079757,-0.152318,-0.16393,-0.002649,0.169002,0.388301,-0.069686,0.04009,0.120564,-0.131336,0.183717,-0.428016,-0.356724,-0.09208,0.238786,-0.225991,0.299902,0.319438,0.16611,0.278184,-0.109063,0.229896,0.330178,0.43512,-0.218714,0.077452,0.29181,-0.381293,0.347788,-0.117856,-0.326583,-0.062563,-0.389197,0.000934,-0.192331,-0.209005,-0.351251,0.001038,0.017232,-0.118784,0.06591,-0.256484,0.008021,0.238142,0.004564,-0.032227,0.0672,-0.113967,-0.0757,-0.200915,-0.012579,0.066815,-0.238696,-0.148623,-0.246779,0.004894,-0.284242,-0.397957,0.103037,-0.081713,-0.130367,-0.118558,-0.33404,-0.037942,0.001919,-0.16494,-0.103569,-0.235037,0.145728,0.105317,-0.351251,-0.065472,0.04398,-0.141668,-0.223584,0.269663,-0.103068,-0.299365,-0.09969,-0.390392,0.073402,-0.221699,0.001054,0.011109,-0.051866,-0.37219,0.083428,-0.017498,-0.402812,-0.159081,0.316075,-0.198362,0.212985,0.03209,0.152488,-0.248843,0.188496,-0.549079,-0.212685,-0.3714,-0.104181,-0.029308,-0.009582,-0.137284,-0.51339,0.406616,-0.342186,-0.004768,-0.200836,-0.152572,-0.138989,-0.032057,0.047714,0.262791,0.105109,0.071049,-0.266816,0.244095,0.144172,-0.217655,-0.296661,0.004235,0.230916,0.109871,-0.10926,-0.12828,-0.221301,-0.001908,0.025294,0.032697,-0.134657,-0.125819,0.174913,-0.212134,-0.09969,0.115531,0.048054,-0.503298,0.036124,0.114858,0.088092,-0.133284,-0.128914,-0.180969,-0.009517,0.024411,-0.100882,0.284528,0.227837,0.001516,0.322435,-0.086996,0.070071,0.338351,0.038828,-0.179385,-0.243696,0.046643,#
8,0.237579,0.131127,-0.192725,-0.274819,-0.023465,0.125998,0.291161,0.110887,1.0,0.371127,0.110325,-0.0043,0.254127,0.299999,0.338031,-0.146362,-0.71025,0.278986,0.264262,0.124228,-0.00443,0.286913,0.555076,0.177671,0.15612,-0.150187,0.244141,0.263345,0.52898,0.314762,-0.117009,0.249756,0.313746,0.321359,-0.196052,0.112,0.164947,-0.250147,-0.104157,0.070744,0.106621,0.182426,0.05428,0.182356,0.118338,-0.423418,0.379236,0.476312,0.081878,-0.094165,-0.096136,-0.14356,-0.030452,-0.070624,-0.087705,-0.104746,0.222019,-0.238864,0.307565,0.107536,0.238192,-0.077114,-0.060022,0.088456,0.068204,0.236719,0.062964,0.000956,0.298509,-0.023852,0.269961,-0.37191,0.073774,-0.041763,-0.159238,0.08935,-0.211101,-0.28822,-0.132994,-0.304867,0.116512,-0.387704,-0.121008,-0.274292,-0.129518,0.091375,0.165544,0.042713,-0.202941,-0.045321,-0.099613,0.042724,-0.670624,0.751313,-0.186246,0.013466,0.021617,-0.17795,0.289464,-0.30846,-0.064144,0.124939,-0.00502,-0.01562,-0.008242,-0.053207,-0.089732,-0.188135,0.022588,-0.276409,0.346213,0.253666,-0.152451,-0.031216,-0.114582,-0.171676,-0.076943,0.016904,0.401982,-0.384999,-0.063653,-0.444226,0.300925,-0.416789,0.187124,0.008204,-0.037419,0.157637,-0.207469,-0.357359,-0.026438,-0.291203,0.166302,0.308262,-0.034285,0.213246,-0.221812,-0.132044,0.43472,-0.031816,0.04328,-0.284166,-0.40118,0.002888,-0.247301,-0.001824,-0.007079,0.193894,-0.030218,-0.199467,0.066704,-0.279656,-0.147068,-0.171495,0.050489,0.137817,0.446145,0.62864,0.038061,0.069484,-0.000866,-0.05773,-0.067704,0.13519,0.000627,0.222957,-0.192348,0.03805,-0.238176,0.223227,-0.238664,0.37905,-0.143539,-0.332668,0.548664,-0.207461,-0.41875,0.172373,0.22939,-0.577915,0.139942,0.068361,-0.408079,0.015889,-0.03339,-0.01892,0.132913,0.102812,-0.47638,0.143063,0.034696,-0.212607,0.196253,-0.091631,0.20098,-0.042459,0.341801,-0.073699,0.271657,-0.055693,#
9,0.058389,0.340555,0.112823,0.010067,0.279839,0.068625,0.008414,-0.078476,0.371127,1.0,0.059163,-0.186987,0.375569,-0.007194,0.279214,-0.132063,-0.456926,0.388082,0.186662,0.039435,0.071978,0.291518,0.279011,0.256037,0.064859,0.016595,0.106406,0.106193,0.057351,0.166529,-0.091073,0.11593,0.355459,0.423537,-0.496032,-0.149954,0.056091,-0.216843,0.156246,-0.135696,-0.095537,0.249008,0.162232,-0.011421,0.179715,-0.188147,0.193506,0.458238,-0.07117,0.419778,0.085934,0.175068,-0.086129,0.15593,0.087543,-0.170073,-0.068333,0.114735,-0.127912,-0.262701,0.363642,-0.051801,-0.335857,0.274305,-0.143294,0.185467,-0.055134,0.211387,0.136982,-0.098742,0.2097,-0.146055,0.134448,-0.036897,0.165217,0.062851,-0.104724,-0.448677,0.039424,-0.242627,0.048016,-0.057816,-0.170575,-0.207624,0.029096,0.108712,-0.28787,-0.14085,-0.184479,-0.045512,-0.021333,0.024264,-0.383265,0.254309,-0.155362,0.336509,0.326546,0.083582,0.430578,-0.319051,-0.22184,-0.338256,-0.202835,-0.188273,-0.234146,-0.098308,-0.372457,-0.221718,-0.372048,-0.118317,0.379101,0.093199,0.019911,-0.447206,-0.2607,-0.221818,-0.148639,-0.118457,0.431049,-0.41329,0.037488,-0.031919,0.430039,-0.314353,0.01656,0.24871,-0.276939,-0.174715,-0.240464,0.130934,0.159834,-0.2229,0.027154,0.244503,-0.057816,0.133508,0.046562,-0.009441,0.266642,-0.205256,-0.086808,0.212228,-0.341331,-0.116593,-0.171145,0.013533,0.095207,0.047083,-0.31183,0.078186,-0.385297,0.078415,0.305456,0.298699,-0.096205,0.207469,0.318181,0.467085,-0.108668,0.003738,-0.140176,-0.090418,-0.151831,0.294756,-0.10244,0.350604,-0.132542,0.115253,0.048494,0.134058,-0.241879,0.300115,0.299222,-0.082388,0.245335,-0.056516,0.037488,-0.127495,-0.224483,0.021083,-0.028018,0.127691,-0.331449,0.241684,-0.33804,0.069883,0.136982,-0.172398,-0.318396,0.186798,0.115526,0.067774,-0.257322,-0.255248,0.003538,-0.547891,0.068996,-0.160828,0.171204,-0.02549,#
10,-0.25989,-0.260377,-0.203774,0.408257,0.043605,0.270213,0.173421,-0.258646,0.110325,0.059163,1.0,-0.161135,-0.432574,-0.153022,0.30827,0.272696,0.095209,-0.515822,-0.065339,0.03595,-0.213192,0.015377,-0.19158,0.139102,0.376334,0.149994,-0.112159,-0.019539,-0.048144,-0.303588,0.384919,-0.039718,0.091599,0.006263,-0.037802,-0.094133,-0.153736,0.074313,-0.061431,0.373562,-0.131609,-0.292319,-0.19333,0.259027,0.418032,0.101162,-0.308671,-0.303224,0.239728,-0.010683,-0.1881,0.223242,-0.069561,-0.091577,0.107516,0.351964,0.061264,-0.020509,0.056411,0.213053,0.052982,-0.055057,0.086181,-0.012542,0.031682,-0.348649,0.097662,-0.532052,-0.55439,0.169447,-0.175064,0.101973,0.5779,0.305097,-0.018027,-0.110902,-0.09888,0.038735,0.186555,0.054305,-0.275427,0.103598,0.446189,-0.373197,-0.255459,-0.25431,0.197144,0.15932,-0.485779,-0.081974,0.11116,-0.133967,0.071615,-0.166577,0.152086,0.07681,-0.166667,0.104386,-0.221483,0.333783,0.013586,0.172699,0.445422,0.156276,0.074718,0.01419,-0.022337,-0.015571,0.299873,0.191724,-0.28078,0.096668,-0.140748,-0.142803,-0.274055,-0.016575,0.547618,-0.015594,-0.107731,0.428627,0.344552,0.295472,0.256788,0.211294,0.133781,-0.074935,0.061082,0.339718,-0.166542,0.118145,0.138928,0.212363,-0.30845,-0.017212,-0.058369,0.424765,-0.115459,-0.213865,-0.254791,-0.007073,0.049143,-0.051474,0.189583,0.021665,-0.00608,-0.061564,0.091125,-0.361575,0.439363,0.211257,0.362606,0.427739,-0.266124,0.113708,0.225003,-0.007332,-0.284106,-0.22113,0.235195,0.16169,-0.243276,0.052469,0.00631,-0.540573,-0.275127,0.066858,0.320339,0.210796,0.193026,-0.082021,-0.026151,-0.179259,-0.383764,0.240854,-0.056341,-0.043203,-0.020953,-0.093987,-0.017153,0.240517,0.080161,0.484857,0.237964,0.316569,-0.136693,-0.159294,-0.00967,-0.274752,0.282415,-0.45971,-0.254969,-0.048222,-0.05847,-0.17818,0.032887,-0.210065,-0.051757,0.19698,-0.317401,-0.207683,#
11,0.254507,0.073742,-0.203458,-0.216494,0.125527,-0.081485,-0.030356,0.255106,-0.0043,-0.186987,-0.161135,1.0,-0.146931,-0.172268,0.244339,0.028721,0.212584,-0.054014,-0.342011,-0.186624,-0.291232,0.077146,-0.118936,0.071396,-0.133502,0.243488,-0.079879,-0.040712,0.109774,0.182851,-0.17405,0.06018,0.024015,-0.19408,0.166244,0.045216,-0.526023,0.089807,-0.057677,0.16419,-0.160288,0.177453,-0.394905,-0.323755,-0.211647,-0.057649,-0.127159,-0.288524,-0.234954,0.035965,-0.387524,-0.112511,-0.079026,-0.06747,0.130037,-0.109274,-0.297275,-0.154849,-0.138463,0.265743,-0.169723,-0.043809,-0.127955,-0.17612,0.335096,-0.23922,-0.116915,0.01376,-0.149377,-0.233688,0.007268,-0.271186,0.074623,-0.173083,-0.472579,-0.178942,-0.123238,-0.107973,-0.135924,0.052818,0.060974,-0.217945,-0.175802,-0.02029,-0.278227,0.118995,0.041417,-0.141475,-0.004632,-0.535841,0.15926,-0.289985,-0.1047,-0.192602,0.027616,-0.212234,-0.004434,-0.066831,-0.223786,0.001963,0.065823,-0.334936,-0.049153,-0.034069,-0.255024,-0.103505,0.188992,0.060809,-0.192678,-0.004261,-0.289956,0.088247,-0.456964,0.219626,-0.27467,-0.224948,-0.113568,0.016177,-0.600243,0.103888,-0.1594,-0.179665,-0.516598,0.175824,-0.072533,-0.252344,0.098155,-0.368902,-0.351834,0.085061,-0.339021,-0.210237,0.049429,-0.128711,-0.2243,-0.029889,0.084693,-0.345763,0.017597,0.00295,0.115597,-0.122776,0.016416,-0.29579,-0.325574,-0.334515,0.10198,-0.046259,-0.301322,0.088881,0.003161,-0.436027,-0.053797,-0.081428,-0.255686,-0.210592,0.0287,-0.099119,-0.094969,0.220084,0.082748,0.115527,-0.15782,-0.304512,-0.073087,0.007361,0.073041,0.234154,0.031754,-0.456496,0.41428,-0.094327,-0.241034,0.073154,0.230723,-0.220247,-0.507668,0.027202,0.09289,-0.192897,0.118526,-0.207995,0.391125,0.251929,0.42507,0.202388,0.244769,0.227789,0.110765,-0.002881,-0.092084,0.239736,-0.090951,0.079466,-0.264773,0.433011,-0.118612,-0.33435,-0.044566,-0.030031,#
12,0.254541,0.36256,0.103905,-0.101622,-0.055,-0.225198,0.116532,0.142155,0.254127,0.375569,-0.432574,-0.146931,1.0,0.262422,0.111175,-0.418913,-0.412406,0.46718,0.182111,0.325238,0.203564,0.065055,0.541956,-0.174703,-0.402432,-0.165206,0.084659,-0.153029,0.164331,0.176957,-0.335019,0.230286,0.293888,-0.052942,-0.0465,-0.198383,0.348552,-0.06341,0.032095,-0.459764,0.258327,0.714279,0.245626,-0.016318,-0.096053,-0.357477,0.548754,0.571676,-0.174727,-0.072218,0.142393,0.057969,0.120286,0.03725,-0.309189,0.138916,0.188335,-0.039142,-0.159862,0.012981,0.038042,0.119442,-0.050495,-0.070116,0.121758,0.264293,0.229905,0.460767,0.226946,-0.086041,0.484378,0.15143,-0.199008,-0.047311,-0.137271,0.270387,0.108556,-0.243608,-0.000504,-0.122918,0.117897,-0.212431,-0.283637,0.09832,0.203102,0.443911,-0.124552,0.332233,0.027715,0.281171,-0.182848,0.187396,-0.368875,0.421525,-0.15995,0.374869,0.509683,-0.17842,0.422165,-0.45242,0.17217,-0.244193,-0.226279,-0.167273,-0.223633,0.110066,-0.097512,-0.032797,-0.456172,-0.149347,0.685418,-0.282937,0.157079,-0.223846,0.214107,-0.15249,-0.401243,0.070166,0.472081,-0.703683,-0.063906,-0.366587,0.134422,-0.42661,0.111372,0.3556,-0.538618,-0.069742,0.110972,0.037448,0.12135,-0.109202,0.057834,0.287493,-0.034084,0.035349,-0.029745,0.202059,0.24068,0.114603,0.021031,-0.107087,-0.264096,-0.024015,-0.015638,0.023305,-0.158449,0.2795,-0.04469,0.102968,-0.407891,-0.463474,0.366396,0.019231,0.061148,0.343439,0.406781,0.355431,0.049069,-0.278731,-0.131939,-0.184088,-0.257605,0.513086,0.219816,0.019508,0.015726,-0.213404,-0.07528,0.41009,-0.140186,0.062504,0.365928,-0.125847,0.36112,0.258874,0.100204,0.035315,0.036946,-0.404913,-0.03142,-0.233255,-0.614506,-0.478613,0.070753,-0.07176,0.239678,0.143291,-0.618678,0.449346,0.385756,-0.071249,-0.112092,-0.155909,-0.170699,-0.19409,0.147369,-0.211829,0.219199,-0.048311,#
13,0.361509,0.287438,0.030329,-0.264645,-0.092361,0.265349,0.050779,0.092073,0.299999,-0.007194,-0.153022,-0.172268,0.262422,1.0,0.221329,-0.152942,-0.27305,0.300133,0.325003,0.051287,-0.073649,-0.051491,0.600896,-0.226333,-0.125877,-0.66409,0.314381,0.336642,0.626313,0.267291,-0.276967,0.126428,0.25928,-0.314437,0.131269,-0.107306,-0.036138,0.033071,0.005542,-0.175431,0.17364,0.307841,0.136828,0.500919,-0.331414,-0.641533,0.331512,0.288907,0.179998,0.218903,0.241949,0.269284,0.014048,-0.151274,-0.262032,-0.274424,0.0467,-0.212982,0.234063,0.117829,0.270912,0.362094,-0.224466,0.402116,0.218797,0.707254,0.18616,0.470947,0.360692,0.353327,-0.035943,-0.029499,0.011515,-0.33661,-0.219993,0.326723,-0.11454,0.038282,-0.256548,-0.211185,-0.442082,-0.308611,-0.203835,0.172235,-0.053951,0.017196,0.091214,-0.097478,-0.035698,0.008837,-0.297161,-0.215041,-0.446952,0.348161,-0.056097,-0.055959,0.089836,-0.400803,0.031028,-0.528787,-0.300415,-0.117454,-0.29055,-0.228518,-0.105809,0.037081,-0.238167,-0.308177,-0.364704,0.090289,0.589,0.326194,-0.102049,-0.125002,-0.083993,-0.383976,-0.457597,-0.02984,0.283614,-0.467564,-0.305533,-0.462112,-0.11836,-0.307073,-0.010307,0.26481,-0.200686,-0.013012,0.097432,-0.391652,-0.143557,0.062992,-0.347973,0.200639,-0.464039,-0.219752,-0.029256,-0.358203,0.150576,-0.17706,-0.209635,-0.458787,-0.490212,-0.379509,-0.140178,0.283741,-0.385428,0.231721,0.203639,-0.287569,-0.178894,-0.246176,-0.048036,-0.214046,-0.240914,0.07155,0.486179,0.503777,-0.252757,0.080583,-0.131504,-0.217965,-0.121045,0.402448,-0.220485,-0.048102,-0.01463,-0.015644,-0.131222,0.144686,-0.070254,0.299683,0.130716,-0.236434,0.605754,0.07993,0.046629,-0.024423,0.59481,-0.354116,0.237753,-0.035439,-0.293595,-0.226931,0.20944,0.010114,-0.089075,-0.187902,-0.340781,0.522262,0.100421,-0.136075,0.441801,0.152462,-0.075542,0.067546,0.554488,-0.329023,-0.093464,-0.110256,#
14,-0.013771,0.274393,-0.123975,-0.143137,0.245921,0.200559,0.361126,0.026549,0.338031,0.279214,0.30827,0.244339,0.111175,0.221329,1.0,-0.21699,-0.175733,-0.135164,-0.291541,0.15123,-0.29026,0.237846,0.358803,0.041464,0.005645,0.148732,-0.036926,0.325262,0.343717,0.085763,-0.254808,0.317845,0.31211,-0.027059,-0.126172,0.016603,-0.278941,-0.018172,0.298099,0.13796,-0.161025,0.417338,-0.515986,0.208531,-0.061302,0.033897,0.095312,0.051583,0.186989,0.50166,-0.061816,-0.063662,-0.141566,-0.249452,0.089966,-0.007628,-0.226683,0.211642,-0.232203,0.3254,0.165551,0.39935,-0.259915,0.254728,0.315701,-0.003872,0.031029,0.060336,0.012283,-0.161463,0.068673,-0.352721,0.504166,-0.311074,-0.553757,0.024314,-0.16493,-0.3419,-0.243813,-0.358888,-0.315104,-0.309342,-0.263732,-0.467619,-0.526046,0.010818,-0.224417,-0.100442,-0.721483,-0.295323,-0.303758,-0.203576,-0.482804,0.192737,-0.235234,-0.117591,0.05215,-0.123755,0.195755,-0.38432,0.136166,-0.190168,-0.289503,-0.258045,-0.281821,-0.347285,-0.152649,-0.049582,-0.23284,-0.078174,0.100915,0.059522,-0.400386,-0.347073,-0.377952,-0.443765,-0.181624,-0.373783,-0.052167,-0.163407,-0.215174,-0.462703,-0.129719,-0.211666,0.226509,-0.213161,-0.316995,-0.110259,-0.521656,-0.144097,-0.284805,-0.26572,-0.361604,0.120516,-0.287101,0.041247,0.043388,-0.388384,0.086591,-0.127948,-0.141488,-0.077688,-0.378228,-0.275944,-0.45389,-0.33809,-0.127312,0.101251,-0.093037,-0.1747,-0.123348,-0.052601,-0.130761,0.046035,-0.372413,0.347857,0.383882,0.368353,-0.218647,0.154391,0.022209,-0.137013,-0.007875,-0.162875,-0.196339,0.407669,0.027441,0.109836,-0.039868,-0.125892,0.299314,-0.011843,0.051816,-0.39441,0.609428,-0.223682,-0.215174,-0.056259,0.300175,-0.139374,0.197445,0.357413,0.145486,0.123573,0.038839,-0.059714,-0.129334,-0.116606,-0.185946,0.213512,-0.189154,0.314017,0.126713,-0.149729,-0.230385,-0.120455,0.271563,-0.264062,-0.073592,0.157622,#
15,-0.232649,-0.048706,-0.54765,-0.044971,-0.516183,0.270071,-0.137683,-0.069598,-0.146362,-0.132063,0.272696,0.028721,-0.418913,-0.152942,-0.21699,1.0,0.101002,-0.217317,0.269437,0.267567,0.018977,0.154328,-0.444413,-0.084318,0.332054,0.013445,-0.091757,0.196546,-0.048119,-0.296334,-0.015292,0.04425,0.091551,0.015229,0.436075,0.07637,-0.226646,0.309414,-0.452349,0.145942,0.226516,-0.361832,0.040088,-0.016392,0.201911,0.145055,-0.396002,-0.430256,0.204528,0.203636,0.052918,0.079273,-0.236431,0.149922,-0.085008,0.317481,0.243903,-0.209984,0.298635,0.214752,0.077136,-0.273028,0.158183,0.188206,0.060836,-0.248262,-0.041496,-0.12754,-0.092431,0.073479,-0.125927,0.111455,0.103113,-0.015512,0.495805,-0.346856,0.107194,0.215405,0.386969,0.044,0.062585,-0.031676,0.31179,-0.185296,0.08168,0.101772,0.182927,-0.1557,0.210212,0.099278,0.485901,-0.136954,0.248633,-0.338671,0.338805,0.105761,0.023355,-0.266633,-0.564631,0.151253,0.015135,0.172608,-0.075241,0.112378,0.225849,0.224963,0.184511,-0.210908,0.114286,-0.179617,-0.264485,0.096618,0.223403,0.204693,-0.2532,0.00782,0.20079,0.330687,-0.160252,0.421909,0.373596,0.490705,-0.071792,0.204449,0.011444,-0.058804,0.646265,0.187124,0.093298,-0.058478,-0.180497,0.212251,0.222009,-0.002292,-0.05453,0.279687,-0.351818,-0.19043,-0.324754,-0.013975,0.049117,0.040151,-0.016219,0.435224,0.031104,-0.061992,-0.081356,-0.352764,0.055223,-0.134448,0.368547,0.260052,-0.070265,0.351447,0.062294,0.025639,-0.635053,-0.184687,0.075615,0.177604,-0.153761,0.063123,-0.20493,-0.169453,-0.238243,0.069362,0.097681,0.197036,-0.138765,0.13236,-0.2055,0.220225,-0.002175,0.277068,-0.212397,0.000775,0.203673,0.08092,-0.178297,0.326262,0.087361,0.178462,0.243021,0.152223,-0.176173,-0.180159,-0.045288,0.155243,0.195178,-0.274026,-0.261946,-0.21025,-0.208974,-0.033313,-0.215294,0.298171,-0.03638,0.185907,-0.093042,-0.207573,#
16,-0.036109,-0.380208,-0.13255,0.133783,0.208379,0.120593,-0.283071,-0.053148,-0.71025,-0.456926,0.095209,0.212584,-0.412406,-0.27305,-0.175733,0.101002,1.0,-0.366425,-0.615095,-0.14885,-0.412585,-0.181397,-0.518804,-0.011847,-0.093582,0.030765,-0.338815,-0.104421,-0.341197,-0.432126,0.268859,-0.30886,-0.220328,-0.374018,0.232624,0.149404,-0.346649,0.215825,0.117974,0.247456,-0.176919,-0.24561,-0.087038,-0.028326,0.050896,0.390117,-0.453845,-0.567538,-0.127214,-0.039772,0.049843,-0.051657,-0.019641,0.059716,0.134648,0.059683,-0.178574,0.220447,-0.019728,0.210961,-0.18858,-0.053064,0.16301,-0.213904,0.18418,-0.13936,0.144061,0.02062,-0.278086,-0.014436,-0.341646,0.170743,0.1051,0.09278,-0.028182,0.05655,0.304113,0.183479,0.183323,0.170764,-0.17897,0.392182,0.096346,0.120539,0.190919,-0.28494,-0.144701,-0.210511,0.255996,-0.262595,-0.059148,-0.167817,0.664066,-0.617707,0.312752,-0.335566,-0.276112,0.207698,-0.455829,0.295572,0.306835,-0.063301,0.228875,0.063723,0.188896,-0.012031,0.23524,0.090996,0.087913,0.293745,-0.55917,-0.220777,0.025376,0.121526,-0.114924,0.210843,0.161716,-0.210695,-0.681158,0.578527,-0.08497,0.295256,-0.43998,0.526088,0.043237,-0.148095,-0.009254,-0.067269,2.7e-05,0.153824,-0.248814,0.513874,-0.170596,-0.297912,0.033927,-0.344835,0.358808,-0.133605,-0.616956,-0.022911,-0.055335,0.174888,0.283563,0.030867,-0.006254,-0.171327,-0.173453,-0.294198,0.066551,0.173077,0.214642,0.227724,-0.347769,0.172147,-0.111607,-0.373903,-0.428554,-0.626151,-0.111607,-0.192804,0.073872,-0.038962,-0.10099,-0.266928,-0.118212,-0.229009,0.371872,0.167741,0.153392,-0.419352,0.568054,-0.299951,-0.154356,0.235628,-0.527147,0.001387,0.111369,-0.200465,-0.128283,0.446164,-0.146491,0.007696,0.639748,0.211415,0.0252,-0.003596,-0.014804,0.051644,0.553056,-0.245795,-0.297505,0.166429,0.003556,0.256272,-0.182127,0.337511,-0.346133,-0.005257,-0.471494,0.195096,#
17,0.2872,0.462546,0.160866,-0.052136,0.101827,-0.283544,-0.021525,0.084897,0.278986,0.388082,-0.515822,-0.054014,0.46718,0.300133,-0.135164,-0.217317,-0.366425,1.0,0.314411,-0.077219,0.390526,0.031304,0.544415,-0.079197,-0.240244,-0.121174,0.135062,0.033766,0.293609,0.375005,-0.398789,0.054642,0.201816,0.352267,-0.214254,-0.155897,0.297224,-0.240748,0.179166,-0.238666,-0.128245,0.367257,0.6139,-0.094571,-0.131665,-0.480542,0.330198,0.400045,-0.067862,-0.053872,0.336835,0.16788,-0.209314,0.301077,0.156986,-0.294298,0.057835,-0.119248,0.130107,-0.123196,0.154507,0.240705,-0.335116,0.025169,-0.107321,0.415129,0.164516,0.558569,0.694378,0.057121,0.116339,0.026528,-0.182622,-0.125836,0.028906,0.356184,-0.295282,-0.312931,-0.067213,-0.203787,0.014919,-0.266364,-0.392131,0.184513,-0.049489,0.103217,-0.40082,0.099271,0.286677,0.106506,0.020459,-0.034304,-0.23877,0.509146,-0.191947,0.07485,0.193881,-0.175676,0.144424,-0.487091,-0.200347,-0.43386,-0.264835,-0.08725,-0.234138,-0.08781,-0.284095,-0.335562,-0.608935,-0.163813,0.463892,0.18933,0.306791,0.032732,0.071582,0.038703,-0.450212,-0.123531,0.346622,-0.502179,-0.189289,-0.332994,-0.01858,-0.543239,-0.019777,0.352048,-0.144202,-0.277336,0.105827,-0.246955,0.095217,-0.187,0.132364,0.046576,-0.097103,-0.106398,0.013896,-0.005229,0.490925,-0.240739,-0.239865,0.210184,-0.254361,-0.198589,-0.225177,0.209912,-0.118118,0.315545,-0.364041,-0.184478,-0.502691,-0.150097,0.09422,-0.07889,-0.278049,-0.110613,0.424028,0.488658,-0.421722,-0.159053,0.072912,-0.081987,-0.020279,0.608637,-0.088915,0.42705,-0.206259,-0.215229,-0.295065,0.161501,-0.333747,0.38223,0.039135,-0.279079,0.203058,-0.2985,-0.022677,0.107972,0.08468,-0.109539,-0.151307,-0.233186,-0.494087,-0.118956,0.149061,0.164187,0.060216,0.034047,-0.368371,0.414582,0.087057,0.00594,-0.001485,0.157135,-0.014545,-0.055436,0.296645,-0.259143,0.226207,-0.134815,#
18,0.080793,0.329835,0.094759,0.042521,-0.439596,-0.138204,-0.118629,-0.194367,0.264262,0.186662,-0.065339,-0.342011,0.182111,0.325003,-0.291541,0.269437,-0.615095,0.314411,1.0,0.046096,0.506176,-0.156635,0.100333,0.070548,0.060736,-0.093901,0.180531,0.030718,0.241118,0.212945,-0.141602,-0.112558,0.25064,0.05101,0.075212,-0.127885,0.181652,0.147268,-0.476123,-0.395907,0.251999,-0.141364,0.274173,0.127775,-0.035871,-0.542094,0.221248,0.215053,0.164078,-0.064085,-0.094,0.337495,-0.1072,0.208104,-0.159019,0.052576,0.085809,-0.334277,0.145208,-0.337352,0.189059,0.078057,0.001559,0.182833,-0.215972,0.11075,0.089161,-0.034575,0.135812,0.392894,-0.033723,0.284421,-0.295036,0.179625,0.432323,-0.038297,-0.135377,0.183131,0.205162,-0.083292,0.090571,0.003493,0.287906,0.331378,0.074461,0.195569,0.226987,0.322501,0.160503,0.383338,0.354967,0.090052,-0.27346,0.231494,0.053412,0.398698,0.347499,-0.122164,0.048246,-0.046777,-0.139329,0.079631,-0.154334,0.006213,-0.164799,0.396826,-0.294571,-0.159408,-0.03786,-0.19724,0.334041,-0.048838,0.414746,0.08412,0.271461,0.039796,0.073698,0.289245,0.486659,-0.177306,0.296387,0.139368,0.239649,-0.157079,-0.017515,0.253705,0.211448,0.29148,0.421336,-0.108654,0.361113,-0.069394,0.107161,0.300811,-0.113186,0.400938,-0.33051,0.052847,0.307219,0.133558,0.082404,-0.196504,-0.209214,0.105105,0.297442,0.451064,0.223595,0.025647,0.060588,-0.090417,0.063628,0.04919,0.40575,0.038884,0.247477,0.184131,0.051281,0.297121,0.241202,0.198571,-0.299447,0.066518,-0.006314,0.237973,0.063305,0.02632,-0.106351,0.075624,0.064291,0.292654,-0.670095,0.415834,0.176663,0.206526,0.126533,0.374418,0.294715,0.003274,0.059547,-0.134581,-0.09257,-0.13448,-0.455974,-0.272504,0.003934,-0.013981,-0.126522,0.079506,-0.164663,0.026797,0.082683,-0.221412,-0.05317,-0.03538,0.00225,-0.289165,0.330779,-0.057181,0.225736,-0.370073,#
19,-0.167968,0.365495,-0.094006,0.065323,-0.097227,0.023463,0.280199,0.028493,0.124228,0.039435,0.03595,-0.186624,0.325238,0.051287,0.15123,0.267567,-0.14885,-0.077219,0.046096,1.0,0.006062,0.387779,0.032547,-0.279346,-0.30909,-0.155845,0.346972,-0.134911,0.043017,0.016255,-0.32573,0.340656,0.251233,0.023726,0.335548,-0.185782,0.073485,0.103278,-0.278645,0.014429,0.458146,0.430718,-0.11537,-0.05809,-0.008729,-0.042232,0.110872,0.224868,0.297069,0.045205,0.235771,-0.357536,-0.043691,0.141948,-0.31636,0.318496,0.045008,-0.041749,0.142628,0.198143,-0.059519,-0.184873,-0.027001,0.204886,0.230466,-0.006153,0.206423,0.285156,-0.004565,0.074021,0.140492,-0.059131,0.343505,0.00079,0.111866,0.09943,0.22931,-0.174489,0.040922,-0.145815,-0.046191,-0.101519,-0.183944,-0.412751,0.200611,0.065681,-0.013876,0.120514,0.01311,0.248265,0.016126,-0.193867,-0.218488,0.038237,-0.100461,0.305765,0.421248,-0.341018,-0.148038,-0.080175,0.253685,0.087131,-0.327207,-0.013166,-0.078142,0.054226,0.021072,-0.23287,-0.039175,-0.100347,0.29896,-0.146727,0.040922,-0.17303,-0.057615,0.094576,-0.155481,-0.087002,0.140142,-0.135875,-0.064884,0.011294,0.052684,-0.371844,0.259405,0.038388,-0.279319,0.19053,-0.022923,-0.024834,-0.189662,-0.02662,-0.163193,0.053932,0.072372,0.091228,-0.216718,0.185237,-0.293495,0.083314,0.17192,0.086438,-0.309656,0.211652,-0.306416,-0.235717,-0.341027,0.108734,-0.004268,-0.2594,0.088852,-0.24182,-0.104589,0.225147,0.129176,0.242943,-0.045553,0.111906,0.346363,-0.248457,-0.235065,-0.279232,-0.094927,0.162932,-0.050974,0.140184,0.045035,0.066581,-0.372643,0.610812,-0.278486,-0.0664,0.076228,-0.215715,0.235208,0.226455,-0.064884,0.094915,-0.051992,-0.07655,0.147058,0.153477,-0.076631,-0.23585,-0.111214,-0.282804,0.174187,0.049868,-0.346734,0.203083,-0.050974,-0.028175,0.028969,-0.082966,-0.191932,-0.055135,0.26747,0.096562,-0.109257,0.223481,#
20,-0.253238,0.173248,0.308158,0.295044,-0.287763,-0.412525,0.062655,-0.029944,-0.00443,0.071978,-0.213192,-0.291232,0.203564,-0.073649,-0.29026,0.018977,-0.412585,0.390526,0.506176,0.006062,1.0,-0.150093,0.127839,-0.12848,-0.089845,0.182671,-0.016623,-0.200987,0.021764,0.232026,-0.013875,-0.169477,-0.162173,0.466695,0.117801,-0.037869,0.299104,-0.358426,-0.058385,-0.222347,-0.062017,-0.052099,0.377016,-0.198847,0.017622,0.004545,0.138934,0.168055,-0.107106,-0.203695,-0.042442,0.193594,-0.364903,0.400821,-0.221041,-0.042554,-0.034989,-0.003408,0.021266,-0.363024,0.297986,0.153128,-0.166228,-0.184579,-0.297148,-0.08014,-0.307644,0.028155,0.302274,0.185457,-0.214412,0.235762,-0.240263,0.124757,0.243922,0.212162,-0.183819,-0.202437,-0.149061,-0.032826,0.285444,-0.195708,0.172847,0.018282,0.071721,0.021699,-0.054231,0.306226,0.093224,0.406011,0.282433,0.140396,-0.025652,0.200468,-0.528213,0.041781,0.3203,-0.213053,-0.050688,0.019456,-0.027236,-0.080291,-0.172656,-0.192672,-0.247911,-0.016383,-0.045353,0.263788,-0.053757,-0.364059,0.228892,-0.162503,0.210014,0.007463,0.440565,0.271229,-0.007172,0.245495,0.39761,-0.175656,0.167377,0.112561,0.356118,-0.411825,0.201003,0.134376,-0.028648,-0.011476,0.360079,0.129247,0.480277,-0.274749,0.158077,-0.194469,0.046189,0.294751,-0.240019,0.332932,0.263011,0.180498,-0.11648,0.20838,0.076039,-0.005272,0.399131,0.239172,0.213977,0.415772,-0.085439,-0.162594,-0.37693,0.12188,0.414884,-0.049441,0.2355,0.252811,0.016049,0.199257,0.2355,-0.275171,0.035924,-0.063477,0.056214,0.158571,0.035309,0.310051,-0.239854,-0.365808,-0.245729,0.417469,-0.339247,0.34355,0.239885,0.075981,-0.081585,0.023963,0.124824,0.436567,0.067974,0.254345,-0.152743,0.101883,-0.322092,-0.144912,0.179615,-0.041365,-0.183057,0.16764,-0.096568,0.085149,0.044601,0.056767,-0.071747,0.120138,-0.014685,-0.09699,0.341118,0.075384,0.341257,-0.074976,#
