0,1.0,-0.043408,-0.46691,0.212395,-0.090442,-0.019737,0.238449,-0.340341,0.075443,-0.106266,0.539868,0.725393,0.157814,0.115094,0.178208,-0.101575,0.103042,-0.575867,0.096281,-0.192175,-0.064895,-0.029927,-0.184314,0.328563,0.146887,0.135751,-0.011156,0.193018,0.18115,-0.066535,-0.148609,-0.10035,0.116114,-0.070177,0.318597,-0.17305,-0.030931,0.043408,0.474321,-0.149124,0.128429,0.093639,0.065284,0.063618,0.32767,0.26732,0.039671,0.125838,-0.431362,-0.211102,-0.150363,-0.117815,-0.144491,-0.223868,-0.005053,-0.028892,-0.09739,0.463186,-0.136947,-0.346558,-0.055467,0.143041,-0.294063,0.023245,-0.402431,-0.06923,0.346031,-0.106612,-0.210009,-0.397206,0.010525,-0.049298,0.125198,-0.152693,0.228543,-0.152652,-0.268271,0.101531,-0.347944,-0.055584,-0.338244,-0.103559,0.232441,-0.458113,-0.179863,-0.19709,0.07532,-0.22899,-0.040223,0.094789,-0.509243,-0.254133,0.129965,-0.501094,-0.135127,-0.125293,0.192235,-0.349389,-0.368312,0.02098,0.363087,-0.062265,-0.180286,-0.08599,0.063065,-0.163076,-0.268065,-0.110604,-0.201453,0.155686,-0.209014,0.018815,0.179866,-0.098655,-0.125763,0.065985,0.124088,-0.055743,0.074895,-0.028818,-0.24152,0.187376,-0.218125,0.555007,-0.120304,-0.106492,-0.624608,0.209102,-0.483892,-0.170015,-0.333579,-0.366988,-0.121687,0.333805,-0.21865,-0.158845,-0.159149,-0.532457,0.262113,-0.424344,0.200816,-0.023983,0.148778,0.073259,-0.066414,-0.237569,-0.031614,0.084585,-0.337034,-0.415795,0.254399,-0.09841,-0.424329,-0.145304,-0.00603,-0.256938,-0.100779,0.086836,-0.056566,-0.104197,-0.190876,-0.096954,0.099606,-0.373419,-0.377108,0.02273,-0.052877,-0.024713,-0.356764,-0.229936,0.352823,-0.442053,0.257582,0.003552,0.271025,-0.15923,-0.2723,0.367548,-0.018635,-0.295074,-0.089034,0.126513,-0.206735,0.082503,0.061237,-0.372818,0.130101,0.046315,0.149798,0.135477,-0.557247,0.44736,0.311932,-0.062736,0.183194,0.046811,-0.203121,-0.42312,-0.021376,-0.537284,#
1,-0.043408,1.0,0.038855,-0.298868,-0.188051,0.157503,-0.045666,-0.109919,0.117052,0.084104,-0.093836,0.216833,0.278747,0.470839,-0.052125,0.132153,0.334687,0.199062,0.334543,-0.05282,0.009062,0.261233,-0.051663,-0.064733,0.040467,-0.082129,-0.296673,0.162839,0.147433,-0.201085,0.093638,-0.149386,-0.097883,0.13469,0.154525,-0.006738,-0.164125,-0.063498,0.102074,-0.499634,-0.037715,-0.207572,-0.013844,-0.30504,-0.458381,-0.076963,-0.259132,-0.068768,0.020695,0.118644,-0.053566,-0.352899,-0.029033,0.166323,-0.115254,-0.088987,0.125243,-0.07816,0.082047,-0.120523,-0.011764,-0.077724,-0.2374,-0.099341,0.103157,0.035066,-0.114007,-0.095978,-0.301378,-0.039735,-0.128381,-0.194915,-0.415594,0.134126,-0.09889,0.420995,-0.106293,-0.195461,0.034235,-0.048828,-0.144539,-0.412033,-0.016482,-0.120965,-0.136642,-0.064865,-0.137495,0.22336,0.067901,-0.089297,0.16057,-0.095848,-0.06803,-0.281313,-0.233449,0.071047,-0.11925,0.185453,0.173903,-0.134682,-0.251049,-0.266006,-0.077016,0.402455,-0.042648,-0.244178,0.286348,0.160536,-0.239614,-0.619745,0.462432,-0.135336,-0.174943,-0.088072,-0.004065,-0.105136,-0.42326,-0.297566,-0.144516,-0.041648,-0.064913,0.228683,-0.393607,-0.100991,-0.358015,-0.203862,-0.294319,0.114387,-0.297993,-0.055255,-0.324972,-0.17109,-0.431164,0.024461,-0.397289,0.19859,0.165835,-0.120148,0.095606,-0.329925,-0.342523,-0.224184,0.036562,-0.262774,-0.009038,-0.162465,-0.227474,-0.07323,0.222589,0.178274,-0.132433,0.264577,0.298004,-0.003814,0.23232,-0.210288,0.323065,0.341747,0.000919,0.000911,0.072524,-0.091086,0.082894,0.112742,0.163246,0.372789,0.271802,0.332394,-0.132643,0.091687,0.177734,-0.314706,0.103135,0.228384,-0.142915,0.022619,0.017988,0.411003,0.241747,-0.233354,0.426377,-0.224622,0.127689,0.009738,0.213716,0.211888,0.139422,-0.180072,-0.216536,0.402938,-0.303736,0.268567,-0.177113,0.143018,-0.04015,0.419203,-0.041165,0.137734,0.238742,0.243115,#
2,-0.46691,0.038855,1.0,-0.231037,-0.159255,-0.078071,-0.002112,-0.222909,0.002932,0.024957,-0.566318,-0.353259,-0.19036,-0.068638,0.069474,0.119316,-0.091134,0.620687,-0.305845,0.169512,-0.185592,-0.105025,-0.086647,-0.030034,0.257812,-0.103494,-0.0856,-0.020272,-0.079313,-0.021797,-0.206891,-0.25216,-0.364236,0.277328,-0.050356,-0.077818,0.159572,0.228354,-0.000485,-0.062121,-0.186281,-0.28809,-0.185598,-0.039657,-0.021838,-0.155195,-0.487815,-0.387526,0.289896,0.152539,-0.096406,-0.004022,0.272894,0.204006,-0.289428,-0.155926,0.106509,-0.210208,-0.084983,-0.239578,0.067497,0.160898,0.092114,-0.234255,0.058969,0.171473,0.183915,-0.317488,0.023641,0.391658,-0.238911,-0.162039,-0.401581,0.238285,-0.116265,-0.168926,-0.186822,-0.069699,0.09199,0.029389,0.248072,0.00872,0.15942,0.255397,0.090619,0.049411,0.058604,0.106812,-0.041476,0.246806,0.30755,-0.115403,-0.181613,0.215589,-0.112386,0.135439,-0.218293,0.199946,-0.042024,0.027427,-0.404465,-0.309255,0.175972,0.129131,-0.223094,0.12303,0.159935,0.10171,0.174175,-0.178156,0.23926,0.026961,0.019057,0.08657,0.17262,0.100891,-0.030427,0.183949,-0.350688,0.092711,0.088513,0.060315,-0.042305,-0.36346,-0.289947,0.080254,0.324271,-0.093744,0.117427,0.320915,0.258587,0.256336,-0.103407,0.167308,0.136073,-0.210361,0.217906,0.053734,-0.426425,0.268553,-0.166703,-0.110567,-0.235869,-0.441799,0.139236,0.093289,0.164946,-0.127293,0.023285,0.237973,-0.311378,0.235385,-0.006817,0.097721,0.045965,0.385626,0.175294,0.003581,-0.031999,-0.153826,0.034622,-0.240884,-0.20188,0.267136,0.256299,0.026895,-0.053491,-0.052903,0.404456,0.165456,-0.150419,0.052399,0.210871,0.107004,-0.444864,0.38205,0.408014,-0.157834,-0.025843,0.045926,-0.227628,0.128891,0.238537,-0.237243,-0.083461,0.312305,0.120976,-0.361483,-0.201855,-0.365614,0.33549,-0.140396,-0.363136,-0.051334,-0.454746,0.133057,0.117647,0.359077,0.243862,0.457267,#
3,0.212395,-0.298868,-0.231037,1.0,0.068915,0.05598,-0.211672,0.183957,-0.512537,-0.137521,0.045446,0.049792,0.085971,-0.357145,0.036415,-0.12772,-0.13537,-0.15196,-0.048609,0.0876,0.336036,-0.44133,-0.29539,-0.054805,-0.065027,-0.011811,0.012945,0.240216,0.271929,-0.167894,0.324312,0.074166,0.320522,-0.182435,-0.023554,0.116683,-0.314157,-0.194334,0.129085,0.139126,0.215543,0.206233,0.004104,-0.038407,0.116054,0.278996,0.232465,-0.242869,-0.200874,-0.44205,-0.109619,0.523106,-0.168131,0.053575,0.231484,-0.396217,0.129359,0.434757,0.004937,-0.053581,-0.538583,-0.236678,-0.164831,0.227237,-0.094745,-0.267571,0.085616,0.030999,0.131059,-0.056888,0.057485,-0.277575,0.024179,0.209037,0.394347,-0.192756,0.037669,0.616039,0.124056,-0.057832,0.089169,0.162896,0.041751,0.123748,0.111182,0.110064,0.318951,-0.037439,0.384989,0.01705,0.07728,0.312182,0.293149,-0.047287,0.354393,0.336302,0.346542,-0.026992,0.094396,0.109443,0.296053,-0.021246,0.430071,-0.045976,0.162445,0.270692,-0.277111,0.223855,-0.249946,0.251811,-0.188873,-0.055962,0.070715,0.022562,-0.031966,0.042495,0.401481,0.455349,0.05373,0.19628,0.18321,0.022556,0.121359,0.32098,0.186844,0.257547,-0.146353,-0.353179,0.212182,0.26047,0.004888,0.244359,0.521978,0.035741,0.282669,-0.080085,-0.126441,0.088551,0.068362,0.301012,0.281874,0.249383,0.424674,0.226248,0.135153,-0.131781,0.281418,-0.53728,-0.112562,-0.108965,-0.026726,-0.006607,0.022593,0.104364,0.29822,-0.132969,-0.307529,-0.445678,-0.019773,0.02913,0.122224,0.210679,0.399876,-0.123328,-0.151623,-0.312067,0.196498,-0.41956,-0.080415,-0.195759,0.184006,0.208076,-0.281371,0.047049,-0.03123,0.214099,-0.162097,-0.298236,-0.458035,0.370572,-0.363589,0.104419,-0.291455,-0.207491,-0.049938,-0.264165,0.048418,0.22479,0.468314,-0.228952,0.211784,-0.283765,-0.087576,-0.102472,0.005556,-0.185323,-0.361522,-0.464864,-0.090506,-0.208535,#
4,-0.090442,-0.188051,-0.159255,0.068915,1.0,-0.039664,0.279604,0.079101,-0.192448,-0.164669,-0.089775,-0.14015,-0.180833,-0.305199,0.036487,-0.37953,0.153652,-0.237149,0.304003,-0.095583,-0.170222,-0.184636,0.140567,0.070319,-0.134851,-0.090859,-0.038215,-0.434003,0.149953,0.323231,-0.155147,0.014549,0.054257,-0.204684,0.323334,0.0018,0.245381,-0.37625,0.101774,0.608013,-0.009735,-0.13099,-0.148946,-0.382895,-0.301021,0.178454,0.053953,0.093538,0.074638,0.137421,-0.095808,0.303671,-0.221943,0.132641,-0.070316,-0.25543,-0.316357,-0.006694,0.146803,0.182899,-0.167503,-0.095909,0.045142,-0.278494,0.185295,-0.032972,-0.033849,0.08157,0.244267,0.036276,-0.11768,0.236788,0.129081,-0.10218,-0.026437,0.164511,0.045996,-0.312327,-0.059053,-0.216273,-0.398338,0.013109,0.152512,-0.1445,0.09428,-0.20078,-0.1445,0.016666,-0.079112,-0.224812,-0.096091,0.075301,-0.005944,-0.092831,0.227516,-0.293584,0.220825,-0.099593,0.152478,0.031585,0.231031,0.280921,-0.031868,-0.325687,-0.297597,0.065168,-0.298471,-0.328161,-0.273235,0.105296,-0.076079,0.244301,-0.393422,-0.196644,-0.319346,-0.046425,0.113935,0.471099,0.210898,-0.000345,-0.215023,-0.355851,0.009691,0.047811,-0.014272,0.176637,0.019534,0.05324,-0.180523,-0.278757,-0.105957,-0.059577,0.081067,0.163498,0.0058,-0.092961,0.190304,0.04177,0.188302,-0.135231,-0.143321,-0.192892,0.119516,0.053516,-0.003567,-0.037107,0.051942,0.175979,-0.052018,-0.061707,0.051355,0.016134,-0.105289,0.20448,-0.035463,-0.006011,-0.02604,0.138979,-0.156759,0.004439,-0.442754,0.188791,-0.069627,0.086805,-0.199475,-0.101466,-0.075471,0.114004,0.181584,0.238408,0.108513,0.30098,-0.239311,-0.046205,0.127917,-0.22672,0.104286,0.015183,-0.038582,0.086108,0.018265,0.106532,-0.008744,0.176909,0.027581,-0.184809,-0.210262,0.150446,0.433439,0.10514,-0.211968,0.035395,0.302097,0.339264,-0.091023,-0.06436,0.328578,-0.025687,-0.078274,-0.090306,#
5,-0.019737,0.157503,-0.078071,0.05598,-0.039664,1.0,0.283295,0.242426,0.108899,0.172582,-0.072186,0.003638,0.155243,0.06552,0.512836,-0.141143,0.216284,0.260264,0.362406,-0.06172,-0.211921,0.0602,0.420151,-0.12131,-0.039936,0.421488,-0.404856,-0.099575,0.219324,-0.081406,0.060513,0.111373,-0.030277,0.239021,-0.319906,0.296287,-0.108297,-0.099515,-0.313377,-0.375109,-0.409662,-0.103575,0.077601,0.038728,0.212538,-0.240734,0.22452,-0.213564,0.352717,-0.201659,-0.010283,-0.34377,0.1614,-0.087081,-0.250692,-0.050743,-0.043429,-0.045633,-0.003371,0.162835,0.125447,-0.112585,-0.024415,-0.204729,-0.369892,-0.260941,-0.038321,-0.032909,-0.129408,-0.153032,-0.076484,0.206007,-0.272238,-0.056534,0.225317,-0.188401,0.068978,-0.150479,-0.168636,0.306891,0.028988,-0.221235,-0.422843,0.12298,0.011376,0.119778,-0.094247,0.041204,0.14597,-0.137737,0.101719,-0.229774,-0.410479,-0.379149,-0.043189,0.05006,-0.259271,0.069543,-0.173769,-0.202661,0.351799,0.277451,-0.248511,0.017214,-0.169386,-0.468338,-0.274045,-0.115967,0.074976,0.013666,0.026107,0.177791,-0.285737,0.029169,0.086361,0.013237,-0.071625,-0.08777,-0.082562,-0.34468,0.25372,-0.178366,-0.133997,0.175862,0.001888,-0.188564,0.056946,-0.227722,-0.317407,0.095415,-0.225312,-0.00874,-0.029013,-0.255718,-0.347031,0.10464,0.21177,-0.029328,0.225317,-0.256646,-0.002416,-0.378755,-0.277063,-0.068055,-0.165636,-0.228132,0.181956,0.19444,-0.483908,-0.328071,0.120127,-0.458277,0.141318,-0.141679,0.105601,-0.031263,0.219513,0.197329,-0.137834,0.149522,0.071357,0.058055,0.371495,-0.251227,0.581296,0.186334,-0.051442,0.049898,0.169874,0.117083,-0.001027,-0.245055,-0.192798,-0.22712,0.195134,-0.302726,-0.100035,0.148096,0.102067,-0.186728,0.409784,0.275338,-0.129956,-0.126808,0.401404,-0.057626,0.01597,-0.040205,-0.020633,0.119818,-0.197427,0.099992,-0.093911,0.026746,-0.288149,0.525806,-0.017945,0.205391,-0.422064,0.006678,#
6,0.238449,-0.045666,-0.002112,-0.211672,0.279604,0.283295,1.0,-0.23332,0.375906,-0.138549,0.358284,0.265735,-0.252981,-0.08312,0.226883,-0.43228,0.159627,-0.086222,0.201783,-0.00152,-0.310751,-0.08495,0.087147,0.40423,-0.112807,0.174641,-0.351297,0.063377,0.05802,-0.11045,-0.253483,0.091636,-0.176104,-0.202697,-0.058648,0.041297,0.501188,-0.217445,0.16666,0.044343,-0.299821,0.068915,-0.117061,0.052821,0.191619,0.019258,-0.072207,-0.050217,0.165496,-0.169616,-0.139477,-0.351918,0.13307,-0.27785,-0.083748,-0.17532,-0.197378,0.204282,0.265773,-0.228125,-0.026013,0.196785,0.059486,-0.201235,-0.162031,0.1882,0.200808,-0.165214,0.227453,-0.108677,0.081924,-0.071646,-0.127053,-0.52873,-0.216954,-0.138683,-0.21814,-0.484765,-0.462232,0.205959,-0.257136,0.064344,0.050872,-0.413851,-0.066302,0.008619,-0.235467,0.138356,-0.112629,-0.030859,-0.147039,-0.378385,-0.352645,-0.111756,-0.340708,-0.415094,0.150099,-0.091317,-0.324451,-0.304707,0.177362,0.182439,-0.368245,-0.281731,-0.352169,-0.169077,-0.218682,-0.394739,0.013172,-0.023886,-0.050339,0.149022,-0.049248,-0.442558,-0.095689,0.158428,-0.146695,0.015037,-0.057176,-0.286125,-0.202882,-0.025398,-0.090742,0.121755,-0.0753,-0.15946,-0.017068,0.051046,-0.296542,-0.180719,-0.404359,-0.26678,-0.137416,-0.014129,-0.297359,-0.146972,-0.087403,-0.27981,-0.076433,-0.406758,-0.094131,-0.332833,-0.358669,-0.175389,-0.290004,-0.209826,0.165899,0.419265,-0.235332,-0.378358,0.185095,-0.42598,-0.354572,0.052991,-0.211149,0.054398,0.182938,0.435136,-0.077447,-0.121756,-0.274378,-0.210458,0.085648,0.079839,0.068617,0.266785,-0.142242,0.079736,0.124372,0.105487,0.254855,-0.528453,0.124737,-0.216994,0.11772,-0.257043,0.048899,0.246563,0.16387,-0.50258,0.137249,0.212847,-0.210439,-0.071849,0.120227,-0.323814,-0.148669,-0.253518,-0.042234,0.427565,-0.377707,0.274271,0.150638,0.279068,0.070249,0.086356,0.055892,0.277449,-0.18199,-0.070852,#
7,-0.340341,-0.109919,-0.222909,0.183957,0.079101,0.242426,-0.23332,1.0,-0.376245,0.173963,-0.081265,-0.253127,0.416424,-0.237886,0.022598,0.338489,0.188655,0.149928,-0.21938,-0.269298,0.11426,0.041299,0.273079,-0.017919,-0.273418,-0.024405,-0.189344,-0.222206,-0.255003,0.114931,0.081055,0.104489,0.2284,0.210396,-0.195557,0.105695,-0.155057,-0.296022,-0.509119,0.241662,-0.151726,0.110913,0.006781,-0.053278,0.039519,0.033973,0.772493,-0.066319,0.463974,0.123474,0.050646,-0.03127,0.121574,-0.162833,0.248606,0.089112,0.392303,-0.264942,-0.018864,0.63945,0.012671,-0.450258,0.159327,0.204452,0.048617,-0.157486,-0.220063,0.141408,0.026515,-0.199149,0.24305,0.158342,-0.180735,0.284758,0.205708,-0.12401,-0.075272,-0.117213,0.025203,0.011876,-0.044425,-0.235528,-0.403776,0.233896,0.151762,-0.197396,0.245559,0.021744,0.202623,0.071449,0.121707,0.229929,0.049491,0.023211,-0.082712,0.239419,-0.024997,-0.030038,0.350471,-0.133582,-0.02955,0.177926,-0.031352,0.291158,-0.125143,0.139753,-0.145938,-0.026633,0.264539,0.22043,-0.005011,0.097652,0.072105,0.337636,-0.198231,-0.101587,0.186256,-0.066223,-0.069938,-0.114909,0.277534,-0.388967,-0.106108,0.121133,0.114672,-0.039192,0.181208,-0.006123,0.209287,-0.083026,-0.150991,0.262254,0.065305,-0.135206,0.098383,0.317501,-0.021718,0.125608,-0.11237,0.184123,-0.208545,-0.025963,-0.192956,0.124678,-0.044625,-0.117371,-0.010854,0.311354,-0.032994,0.041046,-0.01214,-0.172735,0.200171,0.126251,0.049192,-0.03921,-0.004406,0.057797,0.109294,0.235593,-0.246999,0.324375,0.135245,0.121476,0.373933,-0.373584,-0.366764,-0.066049,0.090739,0.077869,-0.176686,0.289547,-0.583243,-0.100799,0.188207,0.062366,-0.264592,-0.180826,-0.257936,0.145938,0.209601,0.2581,0.221433,-0.056905,0.255083,0.133687,0.163619,0.058106,-0.01634,0.187552,0.078429,-0.378008,-0.126928,0.178195,-0.092894,-0.018155,0.127649,0.066297,-0.0903,0.054811,#
8,0.075443,0.117052,0.002932,-0.512537,-0.192448,0.108899,0.375906,-0.376245,1.0,0.360854,0.063984,0.063794,0.119641,0.365574,-0.069865,-0.046817,-0.066398,0.076144,0.074782,0.219742,-0.181069,0.034054,0.101346,0.181225,0.029026,0.329416,0.163558,0.110797,0.070701,-0.06075,-0.070278,-0.107624,-0.007378,-0.051034,-0.331413,0.112179,0.38127,0.22049,-0.034538,-0.319308,0.035229,-0.047769,0.003512,0.202913,0.0169,-0.486699,-0.345023,0.175053,-0.162841,0.102954,-0.061475,-0.56121,0.117694,0.112454,-0.190774,0.002836,-0.30037,-0.28722,0.021993,-0.116084,0.129686,0.007437,0.032255,-0.012349,0.206613,0.125217,0.127952,0.085009,-0.214666,0.008078,0.015789,-0.045214,-0.017052,-0.566768,-0.382938,0.216029,-0.181136,-0.28593,-0.243401,0.224999,-0.258303,-0.01756,0.136162,0.003197,-0.437175,0.052999,-0.189687,-0.084081,-0.377857,-0.188429,-0.248937,-0.629039,-0.585469,0.003139,-0.203655,-0.326139,-0.349428,0.077994,-0.200577,-0.28665,-0.126335,0.05494,-0.2668,-0.153301,0.17748,-0.090052,-0.00821,-0.226523,0.184691,-0.024891,0.240904,-0.184033,-0.083927,-0.244138,0.246723,0.324118,-0.577838,-0.612453,0.198725,-0.46941,-0.345283,0.203665,-0.112109,-0.221251,-0.302017,-0.231426,0.167329,0.074336,-0.226678,-0.43282,0.19041,-0.080683,-0.352569,-0.288246,-0.443535,-0.076033,-0.137312,-0.086917,0.091999,-0.458117,-0.116151,0.030287,-0.403492,-0.117305,-0.437123,0.054684,-0.303368,0.388892,-0.175892,-0.114393,-0.188829,-0.302483,-0.000278,-0.51413,-0.046559,-0.249401,0.404935,0.502291,-0.424693,-0.326233,0.235059,-0.006279,-0.179817,-0.125226,0.120112,0.337073,-0.016617,0.110521,0.078849,-0.209997,-0.240409,-0.460491,0.175924,-0.055636,0.025798,-0.416018,0.10028,0.270942,0.600135,-0.504191,0.196596,-0.142686,-0.180083,-0.078479,0.028622,-0.334121,-0.06726,-0.164406,-0.439441,0.19617,-0.19924,0.220069,0.095821,0.294065,0.184928,-0.012918,0.190063,0.105915,-0.182151,0.244253,#
9,-0.106266,0.084104,0.024957,-0.137521,-0.164669,0.172582,-0.138549,0.173963,0.360854,1.0,-0.309626,-0.156957,0.282899,0.458094,0.009343,0.101082,-0.246803,0.181166,-0.087764,0.018999,-0.336882,-0.008277,0.110301,0.009817,0.032039,0.194573,-0.106614,-0.163533,0.356208,-0.017087,0.066598,0.130725,0.107041,0.153063,-0.369779,-0.056121,0.33977,-0.148721,-0.290343,-0.075017,0.165871,-0.169903,0.266339,-0.119393,-0.0185,-0.409085,-0.04719,0.199691,0.083791,-0.095465,-0.243997,-0.389949,0.434893,0.07653,-0.198481,-0.161474,0.017365,-0.414766,0.278022,0.24039,0.273728,-0.315287,-0.313893,0.042327,0.047041,0.09621,0.019817,0.026619,-0.158383,-0.223457,0.120816,-0.007963,-0.399555,-0.165879,0.086969,0.234392,-0.152595,-0.005186,-0.373932,0.142348,-0.256751,-0.278466,-0.168107,0.196476,-0.344719,0.083182,0.083304,-0.285844,-0.388507,-0.288632,-0.034301,-0.4257,-0.454784,0.045821,-0.298281,0.032813,-0.680104,0.216598,0.321629,-0.291745,-0.318182,-0.099364,-0.088314,-0.111266,-0.055981,-0.026189,-0.00761,-0.289644,0.326865,0.084836,0.402414,0.270579,-0.140263,0.129523,0.20343,0.129702,-0.589039,-0.323372,0.098265,-0.312403,-0.223796,-0.141227,-0.202888,-0.251679,-0.378754,0.109451,-0.091184,0.022187,-0.203692,-0.518655,-0.046802,0.137498,-0.565957,-0.209946,-0.369774,-0.155655,0.265,-0.121553,0.232545,-0.255637,-0.303783,-0.176792,-0.396734,-0.235113,-0.385914,-0.201248,-0.418275,0.316663,-0.128464,-0.054104,-0.417869,-0.161535,-0.162196,-0.337795,0.071155,-0.332083,0.698077,0.429607,-0.351468,-0.314341,-0.081317,-0.151295,-0.163213,0.003402,0.247915,0.434117,-0.404445,-0.259882,0.085947,0.146513,-0.55033,-0.098996,-0.144436,0.405391,0.155587,-0.264545,0.00801,-0.328634,0.523265,-0.408567,0.457414,0.061826,-0.114292,-0.24622,0.105427,-0.451658,0.115471,-0.328153,-0.687078,0.219688,-0.202996,0.185349,-0.016488,0.307219,-0.334341,0.072612,0.365929,-0.058583,-0.194621,0.382174,#
10,0.539868,-0.093836,-0.566318,0.045446,-0.089775,-0.072186,0.358284,-0.081265,0.063984,-0.309626,1.0,0.69337,-0.074366,-0.014258,-0.106803,-0.318641,0.040918,-0.522852,0.086711,-0.098115,0.20591,0.200873,0.103092,0.281623,-0.260157,0.041685,0.058447,0.123262,-0.109822,0.020799,-0.205038,0.356305,0.16936,-0.159563,0.221434,-0.063202,-0.087442,-0.076712,0.055482,-0.069726,-0.098545,0.447695,0.16007,0.190349,0.362746,0.446963,0.238629,0.450834,-0.147772,-0.291662,0.045377,-0.021376,0.050978,-0.403968,0.494798,0.046533,-0.072282,0.470946,-0.042964,-0.01674,-0.10071,0.095597,-0.092202,0.288517,-0.400781,-0.09833,0.109431,0.216964,-0.038355,-0.19536,0.296035,-0.152238,0.388454,-0.437306,-0.110258,-0.128609,0.031471,-0.030124,-0.200366,-0.038847,-0.053257,0.168938,-0.137109,-0.387966,-0.031305,0.10945,-0.217188,-0.009982,0.040761,0.039473,-0.217978,-0.010794,0.142349,-0.068533,-0.115227,-0.280964,0.350037,-0.387806,-0.25766,-0.07246,0.316059,-0.027555,-0.201525,-0.027166,0.14743,-0.22432,0.031128,-0.014403,-0.088848,0.001956,-0.348084,0.12512,0.202903,-0.169668,-0.005798,0.005787,0.035438,-0.181746,0.380699,0.00783,0.046101,0.228716,0.119247,0.498293,0.138747,-0.169287,-0.283942,0.139401,-0.182617,-0.051717,-0.257849,-0.371636,0.049067,0.00566,-0.203462,0.124659,-0.354108,-0.069777,0.094233,-0.379434,0.096049,0.132559,0.026648,0.179702,-0.188071,-0.343449,0.014645,-0.057887,-0.126805,-0.354029,0.3045,-0.366153,-0.167684,-0.073691,-0.300145,0.017933,-0.206991,-0.096016,-0.03053,-0.117587,0.057424,-0.094824,0.047921,-0.143131,-0.117935,-0.118485,0.210199,-0.265436,-0.418906,-0.195779,0.530591,-0.311962,0.265008,-0.310103,0.279882,-0.137508,-0.203458,0.179409,0.033593,-0.09124,-0.037195,0.098252,-0.274684,-0.033561,-0.032219,-0.18303,-0.311897,0.025768,0.170181,0.42414,-0.308695,0.310388,0.21271,-0.294459,0.359153,-0.246608,-0.165889,-0.115419,-0.145077,-0.534102,#
11,0.725393,0.216833,-0.353259,0.049792,-0.14015,0.003638,0.265735,-0.253127,0.063794,-0.156957,0.69337,1.0,0.236978,0.217664,0.076489,-0.212593,-0.028287,-0.289981,0.08265,-0.141556,0.021465,-0.089187,-0.00202,0.234387,0.011098,-0.020684,-0.066184,0.081596,0.151497,-0.283935,0.024824,0.041257,0.068767,-0.049989,0.299348,-0.194732,-0.163544,-0.187403,0.352793,-0.198117,0.032211,0.356862,-0.098306,-0.101412,0.187655,0.29353,-0.035555,0.270642,-0.118116,-0.235502,-0.107023,-0.090217,0.063985,-0.201145,0.307574,-0.025962,0.014052,0.329731,-0.312048,-0.104208,-0.198227,0.036424,-0.252847,0.068228,-0.410085,-0.181731,0.172544,0.151242,-0.286508,-0.266516,-0.134522,-0.169776,-0.082297,-0.11354,0.140596,-0.225695,-0.291102,0.020585,-0.393246,0.131724,-0.222857,-0.185423,0.145592,-0.341381,-0.051009,-0.029402,-0.140048,-0.149207,0.134269,-0.021958,-0.278546,-0.283379,0.155687,-0.341058,-0.104685,-0.128748,0.177187,-0.13257,-0.016414,0.028749,0.232715,-0.340456,-0.034398,0.148309,0.240668,-0.105589,0.027597,0.106453,-0.1215,0.073792,-0.060342,-0.130313,0.25722,-0.060695,0.094804,0.118514,-0.060427,-0.029703,0.310638,0.172262,-0.015225,0.305633,-0.168872,0.611088,-0.164181,-0.026908,-0.469567,0.042673,-0.438341,-0.098703,-0.381736,-0.404817,-0.249659,0.400574,-0.321431,0.076056,-0.300917,-0.507782,0.305608,-0.478131,0.037599,0.002012,0.11985,-0.120444,-0.006185,-0.360628,0.063593,-0.0345,-0.255581,-0.30085,0.031903,-0.150765,-0.247163,0.007123,-0.068447,-0.014328,0.052828,0.034448,0.005672,-0.158587,-0.096637,-0.109818,-0.041683,0.010642,-0.193082,0.052307,0.106998,-0.027427,-0.325405,-0.166371,0.385302,-0.392949,0.319151,-0.061714,-0.072107,-0.089376,-0.115304,0.296818,0.062472,-0.242007,-0.023003,0.050592,-0.356545,-0.183184,0.150903,-0.13324,-0.071651,-0.054666,0.196796,0.377913,-0.585986,0.397932,0.074571,-0.242064,0.027633,0.035488,-0.168352,-0.063439,0.066509,-0.251086,#
12,0.157814,0.278747,-0.19036,0.085971,-0.180833,0.155243,-0.252981,0.416424,0.119641,0.282899,-0.074366,0.236978,1.0,0.075781,-0.049036,0.342865,0.116967,0.191128,-0.206033,-0.464138,0.015354,-0.161954,-0.05288,0.127286,0.067933,-0.029488,0.132117,-0.051658,-0.049631,0.023783,0.122006,-0.177785,0.323867,0.126297,-0.025743,0.228224,-0.085416,0.004313,-0.093788,-0.246381,0.030673,-0.013435,-0.024995,-0.009324,-0.137162,-0.081404,0.299112,-0.007951,0.202543,0.133293,-0.03568,-0.288247,-0.058891,0.128215,-0.035925,-0.129128,0.099594,-0.249409,-0.184028,0.169235,-0.005873,-0.489999,-0.193238,0.282971,0.205369,-0.059032,0.171363,0.076346,-0.204138,-0.286554,-0.049863,-0.081229,-0.401488,0.136103,0.341216,-0.113009,-0.483886,0.02249,-0.140679,-0.064319,-0.332997,-0.383873,0.009762,0.08519,-0.344245,-0.467026,0.068747,0.028583,0.069824,0.117954,-0.052423,-0.290992,-0.045373,-0.273084,-0.221826,0.075093,-0.094709,0.191109,0.163289,-0.324798,0.021555,-0.268545,-0.065485,0.382375,0.203086,0.170336,-0.304389,0.059637,-0.050104,0.220977,0.255288,-0.354222,0.246433,0.125604,-0.00664,0.112941,-0.173141,-0.284653,0.031273,-0.19846,-0.064294,-0.028175,-0.381816,0.133645,-0.31143,-0.196871,-0.103007,0.010489,-0.270436,-0.247366,0.014186,0.21604,-0.214031,0.031313,-0.385572,0.185129,-0.146038,-0.341071,0.18219,-0.320125,-0.309454,0.090819,-0.159805,0.046888,-0.194318,-0.210622,-0.215376,0.277517,-0.17336,-0.119989,-0.329711,-0.146751,0.065244,-0.251193,0.234876,-0.411435,0.049404,0.223276,-0.18384,0.007245,-0.026501,0.305958,-0.162124,0.116641,0.12545,-0.200605,-0.173141,0.037963,-0.143214,-0.406817,-0.029722,-0.149907,-0.275875,-0.134841,0.04639,-0.167123,-0.442822,0.215311,0.03522,-0.019084,0.207784,0.168397,-0.069633,-0.193101,0.609691,-0.121736,0.109057,0.103281,-0.029422,0.186416,-0.294776,0.028021,0.038232,0.118494,-0.208808,-0.0299,0.149409,-0.090869,-0.180262,0.026721,#
13,0.115094,0.470839,-0.068638,-0.357145,-0.305199,0.06552,-0.08312,-0.237886,0.365574,0.458094,-0.014258,0.217664,0.075781,1.0,0.079545,0.057509,-0.149293,-0.083853,0.400429,0.20993,-0.009032,0.394523,0.276179,-0.212572,-0.194046,0.087684,0.014364,0.222887,0.218221,-0.481862,0.212602,-0.014212,-0.037228,0.249882,-0.165618,-0.388862,-0.132579,-0.023726,-0.269718,-0.408539,-0.012357,-0.210436,0.165145,-0.259974,-0.248221,-0.231541,-0.407472,0.210376,-0.162693,-0.126273,-0.176973,-0.246657,0.246679,0.113975,-0.042384,0.108144,-0.171459,0.043975,-0.130451,-0.016593,0.202792,-0.105333,-0.18345,-0.104163,-0.017366,-0.1193,0.067792,-0.134036,-0.543106,0.123964,-0.102892,-0.027696,-0.149646,-0.228807,-0.122625,0.277739,-0.040126,0.016657,-0.229944,0.337147,0.026944,-0.244267,0.000712,-0.060701,-0.10405,0.203597,-0.239185,-0.156499,-0.314425,0.018858,-0.052874,-0.187298,-0.083209,-0.312492,-0.250317,-0.026315,-0.390644,0.132216,0.25729,-0.01154,-0.409923,-0.174073,-0.097017,0.046239,-0.071728,-0.259688,0.341687,-0.03281,0.063561,-0.322668,0.408791,0.140753,-0.261933,0.049992,0.496229,0.032884,-0.468594,-0.438147,0.012652,-0.026488,-0.096428,0.382411,-0.170985,-0.049963,-0.372382,0.246986,-0.240957,0.219399,-0.221541,-0.250957,0.037229,-0.278483,-0.571575,-0.151768,-0.166073,0.096487,0.300622,-0.245137,0.141003,-0.239755,-0.098597,-0.159079,-0.293603,-0.209884,-0.128925,0.122901,-0.357772,0.071055,-0.121959,0.06625,-0.211296,0.123087,0.08744,-0.1987,0.043278,-0.127746,0.58961,0.322479,-0.159388,-0.17205,0.158204,-0.320522,0.10939,-0.266291,0.221162,0.762425,0.082415,0.168179,-0.059793,0.166208,-0.188261,-0.308818,-0.042799,0.359298,-0.246617,-0.258381,-0.094978,0.043757,0.544942,-0.345825,0.318887,-0.360588,0.189965,0.179036,-0.159405,-0.173035,0.031231,-0.106182,-0.503264,0.115917,-0.178042,0.250005,-0.270866,0.030753,-0.027542,0.056601,-0.048041,-0.111137,-0.074397,0.22858,#
14,0.178208,-0.052125,0.069474,0.036415,0.036487,0.512836,0.226883,0.022598,-0.069865,0.009343,-0.106803,0.076489,-0.049036,0.079545,1.0,0.08382,0.256789,0.188136,0.118301,0.207036,-0.074609,-0.008964,0.328481,-0.026542,-0.208234,0.422831,-0.167553,-0.146454,0.167207,-0.258351,-0.084466,-0.108742,0.260226,0.103425,0.01142,0.03603,-0.259345,-0.058497,-0.026787,-0.170171,-0.143845,-0.311518,-0.156581,0.028882,0.327158,-0.231821,0.164896,-0.192963,0.017976,-0.205027,-0.140395,-0.106807,0.03993,-0.317547,-0.205519,0.041232,-0.245603,0.125785,-0.205043,-0.026372,-0.042412,0.321248,-0.155478,-0.287072,-0.470305,-0.33321,0.094825,-0.112272,-0.376782,-0.102535,-0.229916,0.178243,-0.25147,0.187043,-0.119686,-0.211767,-0.259038,0.090337,-0.505205,0.472402,0.005302,-0.256583,-0.278685,0.086864,0.149901,-0.180779,0.250185,-0.244869,0.150942,0.28596,-0.166419,-0.276797,-0.051793,-0.312861,-0.134671,-0.091214,-0.111896,-0.135366,-0.185985,0.032997,0.160205,0.283306,-0.346275,-0.235048,-0.316458,-0.00499,-0.249854,-0.184345,0.327629,-0.037089,-0.044668,0.161712,-0.144035,0.099496,0.076189,0.089095,0.132428,-0.070894,-0.234752,-0.403226,-0.227382,-0.243992,-0.044596,0.340731,-0.024082,-0.114026,0.043272,-0.217062,-0.429735,0.022941,-0.221847,-0.183589,-0.296201,0.045391,-0.062641,0.023499,0.082406,-0.356867,0.135472,-0.074416,0.218108,-0.107825,-0.240389,-0.068212,-0.217535,-0.218267,0.272631,0.235963,-0.490707,0.069623,-0.095215,-0.25543,-0.027563,0.241988,-0.014346,0.246625,0.251701,0.293578,-0.035565,0.410826,-0.068445,-0.272232,0.286998,-0.366377,0.395275,0.165642,-0.236634,0.166321,0.377228,0.180515,0.005615,-0.027013,-0.074566,-0.004797,-0.070109,-0.314891,0.106034,-0.119313,0.1578,-0.147302,0.066094,0.109686,0.255137,-0.22997,0.231161,-0.256732,0.166541,-0.199207,-0.003751,-0.027667,-0.175847,0.201505,-0.035459,0.128225,-0.433327,0.460547,-0.191943,0.141126,-0.342416,-0.019964,#
15,-0.101575,0.132153,0.119316,-0.12772,-0.37953,-0.141143,-0.43228,0.338489,-0.046817,0.101082,-0.318641,-0.212593,0.342865,0.057509,0.08382,1.0,0.234462,0.164334,-0.320557,0.050459,-0.016308,0.16604,-0.131157,-0.195661,0.321431,0.111871,-0.097989,0.231103,-0.109957,-0.003517,0.037663,-0.235718,0.106716,0.264288,-0.081915,-0.151486,-0.326968,0.331658,0.025249,-0.121892,-0.048165,0.008254,0.017109,0.254086,-0.016032,-0.060157,0.17224,-0.223021,-0.029455,0.439945,0.262131,-0.238282,-0.066669,0.037086,0.036385,0.285093,0.338994,-0.370537,-0.154873,0.06317,0.088583,-0.005564,0.290263,0.180658,0.094949,-0.111321,-0.252291,0.028494,-0.374956,-0.213536,0.085883,0.190371,0.026766,0.436392,-0.097721,0.123183,-0.110151,0.055215,0.280044,0.006884,0.116657,-0.187948,-0.002868,0.317634,-0.067501,-0.342605,0.296419,-0.126558,0.041559,0.277346,-0.156369,0.121565,0.154467,-0.004262,-0.218624,0.224185,0.061545,0.002895,0.092391,0.175003,-0.309779,0.000544,0.010687,0.203635,0.011403,0.216009,0.054485,0.082475,0.195905,-0.044186,0.109511,-0.258232,0.341016,0.452607,-0.160542,-0.262394,0.229747,-0.372537,-0.358397,-0.127107,-0.074608,0.200301,-0.109955,-0.037567,-0.157219,-0.173048,0.05435,0.199924,0.12728,0.036769,0.136839,0.091573,-0.060622,0.090433,0.232838,0.046553,-0.252921,-0.223805,-0.172336,0.318911,0.184845,0.244655,0.041559,-0.09979,0.065173,-0.021132,-0.20201,0.206022,-0.017051,0.276704,-0.075648,0.132882,0.262509,-0.138401,0.232129,0.140218,-0.034695,0.045222,0.228824,0.319405,-0.10228,0.067601,0.233963,-0.016512,0.008849,-0.209562,-0.165497,0.256561,-0.020791,-0.139835,-0.25655,0.172465,0.064677,0.238693,-0.0991,0.349143,0.003369,0.154936,-0.19306,0.101685,-0.117106,-0.161254,0.444075,0.055249,-0.145651,0.304394,0.432226,-0.126004,-0.127924,-0.138798,0.271647,-0.118731,-0.218317,0.231492,0.137315,0.061293,-0.055345,0.033829,0.375563,0.105762,#
16,0.103042,0.334687,-0.091134,-0.13537,0.153652,0.216284,0.159627,0.188655,-0.066398,-0.246803,0.040918,-0.028287,0.116967,-0.149293,0.256789,0.234462,1.0,-0.066943,0.19778,0.042368,-0.004872,0.225762,-0.139671,0.180829,-0.096308,0.094553,-0.091023,0.205617,0.053384,0.239692,-0.308156,-0.025859,0.117742,0.274601,0.234331,0.075279,-0.143469,-0.024807,0.024969,0.092001,-0.362948,-0.301416,-0.016796,-0.032076,-0.009365,0.289924,0.191975,-0.06692,0.057726,0.423818,-0.09228,-0.229925,-0.249019,0.202223,-0.030132,0.059127,0.120096,-0.020963,0.10772,-0.058285,-0.098536,-0.155325,0.104515,-0.215127,-0.151612,-0.23728,0.046032,-0.014609,-0.247627,0.003595,0.262918,0.013135,0.028079,0.262759,-0.297701,0.207653,-0.10826,-0.488801,-0.079892,-0.170818,-0.243694,-0.19332,-0.198672,-0.057203,-0.048658,-0.344766,0.287486,0.041655,0.241266,0.26235,-0.133926,-0.049206,-0.189619,-0.192506,-0.034271,0.028135,0.23874,-0.408249,-0.298429,-0.02922,0.125672,0.324948,-0.16736,0.229165,-0.380975,-0.145553,-0.293704,0.073764,0.015209,-0.298265,-0.264468,0.127904,-0.022654,0.247183,-0.599182,-0.292877,0.013036,-0.191511,-0.181275,-0.278892,-0.269802,-0.046207,-0.27638,0.18792,0.106736,-0.319874,-0.296616,0.326695,-0.156341,0.022168,-0.276317,0.081989,-0.053849,-0.099959,-0.119363,0.40832,0.287129,-0.21935,0.018113,-0.060118,-0.02998,0.073433,0.042756,-0.006078,-0.119363,-0.091197,-0.202034,0.204101,-0.005668,-0.252895,0.306222,0.119469,0.216667,0.108557,0.230577,-0.027027,-0.177671,0.374584,0.052471,0.323511,-0.206957,0.059586,0.007281,-0.265852,0.001339,-0.207365,0.04687,0.369678,0.138636,0.297185,0.303022,-0.2045,0.072168,-0.103522,0.104746,0.156143,0.005221,0.513171,0.025437,-0.245165,0.247613,0.039267,0.476904,0.252386,0.238386,0.109223,0.252657,-0.364534,0.042716,0.412972,-0.12245,0.122615,0.00647,0.257262,-0.045269,0.419861,-0.023214,-0.152242,0.081107,-0.252256,#
17,-0.575867,0.199062,0.620687,-0.15196,-0.237149,0.260264,-0.086222,0.149928,0.076144,0.181166,-0.522852,-0.289981,0.191128,-0.083853,0.188136,0.164334,-0.066943,1.0,-0.193948,0.067953,0.078471,-0.22632,0.111231,-0.225829,0.099632,-0.035544,-0.117728,-0.176247,-0.084578,-0.1839,0.20653,-0.222898,-0.023684,0.22239,-0.175334,0.286816,0.050022,0.112758,-0.069792,-0.224287,0.038738,-0.035559,-0.247365,-0.08858,0.039892,-0.283938,-0.098438,-0.40666,0.417831,-0.063581,-0.038688,-0.066747,0.35046,0.143284,-0.237179,0.091004,0.195406,-0.462392,-0.155668,0.138659,0.043228,-0.00441,0.0003,-0.281708,0.08826,0.156591,-0.035472,-0.080309,0.007952,0.179665,-0.347703,-0.297156,-0.571568,0.375967,-0.03902,-0.249832,-0.109282,0.026644,-0.018807,0.301376,0.064825,-0.082772,-0.055042,0.607466,0.061641,-0.044572,0.043595,0.052302,0.056508,-0.050859,0.573751,-0.129201,-0.251418,0.37812,0.053185,0.217874,-0.342271,0.531149,0.113762,-0.047669,-0.422637,-0.243771,0.151254,0.395732,0.149207,0.223025,0.057361,0.059644,0.295532,-0.091906,0.198587,-0.255286,-0.084176,0.201341,0.014981,0.155131,-0.193136,-0.033468,-0.27313,-0.098245,0.02358,-0.150965,0.055571,-0.269281,-0.179303,-0.255602,0.453523,-0.400111,0.069446,0.049477,0.108121,0.474158,-0.163544,-0.123946,-0.049523,0.206667,0.063857,0.116548,-0.165209,0.096938,-0.244003,0.033234,-0.350314,-0.497066,0.074403,-0.016818,0.241033,0.012361,0.08042,0.307051,-0.360236,-0.139807,0.226886,0.205171,0.128257,0.162637,0.294095,0.171326,-0.095658,0.222117,0.239812,-0.082419,-0.173926,0.458791,0.490044,-0.001576,-0.022515,0.113016,0.365988,0.192438,-0.263823,-0.030598,-0.10862,-0.202089,-0.421449,0.143619,0.27414,-0.264943,0.107709,0.000403,0.08687,-0.151002,-0.07071,-0.42805,0.212155,0.287802,0.117502,-0.330076,-0.268102,-0.024904,0.294677,-0.306377,-0.441699,0.08291,-0.439153,0.174713,0.107806,0.471955,-0.035783,0.554841,#
18,0.096281,0.334543,-0.305845,-0.048609,0.304003,0.362406,0.201783,-0.21938,0.074782,-0.087764,0.086711,0.08265,-0.206033,0.400429,0.118301,-0.320557,0.19778,-0.193948,1.0,0.041057,0.122758,0.299279,0.353852,-0.300284,-0.10295,0.31717,-0.079774,0.197167,0.466676,-0.151077,0.104128,0.117797,0.031671,0.223007,0.037394,-0.125613,-0.15306,-0.066075,-0.031645,-0.131727,-0.090203,-0.176295,0.066693,-0.38996,-0.127803,0.062399,-0.229027,0.084062,-0.158627,-0.199355,-0.056082,0.029396,-0.019533,0.232973,-0.186591,-0.02295,-0.329349,0.314345,0.027267,0.06341,-0.008424,-1e-05,-0.207859,-0.279405,-0.16391,-0.098513,-0.081731,0.008383,-0.143587,0.276862,-0.15306,0.18052,0.152748,-0.207594,-0.18819,0.256029,0.426978,-0.179266,0.044472,0.032868,0.033473,-0.059572,0.085259,-0.091186,0.212456,0.179508,-0.482412,0.159776,-0.058639,-0.343781,0.097957,0.20482,-0.03075,-0.202389,0.252946,-0.341743,-0.074581,-0.175518,-0.07343,0.029112,0.093288,0.033228,0.020902,-0.068128,-0.021471,-0.48382,-0.070659,-0.029268,-0.424837,-0.447996,-0.101568,0.305052,-0.589939,-0.151401,0.000251,-0.254239,-0.220912,0.008198,0.093894,0.008995,-0.005217,0.198078,0.016129,0.240126,-0.12734,0.073505,-0.188209,0.01083,-0.287289,-0.141784,-0.08035,-0.390653,0.102297,-0.21426,0.015848,0.212041,0.416505,0.067974,0.438969,-0.161671,0.011489,-0.181349,0.090369,-0.123802,0.147395,0.072121,-0.049771,-0.053761,-0.274259,-0.172221,0.359911,-0.168018,0.153971,0.051903,0.057645,-0.028832,0.103527,0.148217,-0.182616,-0.043931,0.154178,-0.025884,0.388731,-0.383428,-0.033165,0.452239,0.332209,0.215774,-0.117755,0.224776,0.258878,-0.269261,-0.038276,-0.022795,-0.075428,-0.230397,-0.057461,0.322407,0.150441,-0.207158,0.409893,-0.401671,-0.12236,0.424271,-0.114891,-0.101859,-0.174739,0.204783,0.063995,0.055334,-0.22018,0.260435,-0.063149,0.013675,0.105685,0.036723,-0.145284,-0.254151,-0.260528,-0.264814,#
19,-0.192175,-0.05282,0.169512,0.0876,-0.095583,-0.06172,-0.00152,-0.269298,0.219742,0.018999,-0.098115,-0.141556,-0.464138,0.20993,0.207036,0.050459,0.042368,0.067953,0.041057,1.0,0.213991,-0.094819,-0.066648,-0.244599,-0.280384,0.160221,0.089328,0.305483,0.258686,-0.419129,0.287257,0.034087,0.139257,0.035308,-0.194933,-0.159258,-0.230308,-0.065542,-0.080696,0.056054,0.02533,-0.020493,-0.171984,-0.007927,-0.020412,-0.12917,-0.414133,-0.008739,-0.391727,-0.049273,-0.171657,0.176232,0.013921,0.305933,0.259219,-0.014402,0.004975,0.009606,-0.139012,-0.102864,-0.416262,-0.05366,0.338575,-0.096754,-0.074021,-0.431791,-0.0768,0.277957,-0.373651,0.322095,0.149321,-0.212626,0.155266,0.04594,-0.510436,0.170812,0.124237,0.247027,0.018854,0.393503,0.186049,0.200656,0.047076,0.351544,0.026954,0.377006,0.351544,-0.213521,0.176627,0.010376,-0.057782,-0.000409,-0.101554,0.230104,0.354393,0.288109,0.082426,0.045816,0.11533,0.482202,-0.239564,0.256447,0.382546,-0.227232,0.011324,0.289139,0.28132,0.284338,0.354245,-0.086791,0.003516,-0.08765,-0.140607,0.258747,0.228151,0.220057,-0.027333,-0.091644,0.170079,-0.069217,-0.148683,0.311596,0.254108,-0.088606,0.144142,0.27143,0.139014,-0.132199,0.347098,0.149671,0.224181,0.182188,-0.010474,-0.177678,0.299714,0.172488,0.007255,0.091747,-0.034265,0.376995,0.460842,0.389653,0.157544,-0.021976,-0.030167,0.194001,0.085628,-0.342298,0.043724,0.250293,-0.179521,0.175046,0.399126,0.061002,0.246035,0.272719,0.214293,-0.030425,-0.033579,0.098254,0.376569,-0.033299,0.192347,-0.210576,0.056407,0.151604,0.315445,0.101712,0.520058,0.304834,-0.201915,0.127117,0.114641,0.253167,-0.482488,0.226874,0.596412,-0.26765,0.237971,0.008851,-0.356576,-0.368342,0.197844,-0.206406,-0.544755,-0.102113,0.11079,-0.331236,-0.057629,-0.039094,0.471822,-0.163151,-0.457403,0.123939,0.104238,0.091645,-0.328796,-0.028784,0.151863,0.36073,#
20,-0.064895,0.009062,-0.185592,0.336036,-0.170222,-0.211921,-0.310751,0.11426,-0.181069,-0.336882,0.20591,0.021465,0.015354,-0.009032,-0.074609,-0.016308,-0.004872,0.078471,0.122758,0.213991,1.0,-0.028601,0.143661,-0.267929,-0.506121,-0.073684,0.345437,0.213714,-0.216504,-0.261582,0.263015,0.009528,0.556571,0.136395,-0.012716,-0.201546,-0.489438,0.080433,-0.122026,-0.196711,0.279073,-0.03347,-0.274915,-0.129701,0.211005,0.124817,0.117148,0.084995,-0.293427,-0.367697,-0.095469,0.391819,-0.143583,0.059909,0.431249,0.15497,0.030917,0.29906,-0.352684,0.276222,-0.391399,-0.111889,-0.135067,0.20588,-0.036013,-0.044499,0.176463,0.224415,-0.126558,0.421783,-0.09408,-0.385292,0.110363,0.249639,-0.206605,-0.152116,0.027669,0.327874,0.11346,0.126833,0.258328,0.308295,0.184554,0.385437,0.274383,-0.038753,0.223311,0.013676,0.320953,0.152329,0.391189,0.386731,0.306962,0.257319,0.40785,0.198149,0.202531,-0.123704,-0.024786,0.229613,-0.186307,-0.191277,0.306962,0.362946,0.480016,0.401644,0.043641,0.39222,0.063884,-0.125486,-0.065771,-0.158292,-0.216549,0.163724,0.083794,0.182364,0.126252,-0.194862,0.188806,0.202131,0.152424,0.10481,0.159841,0.280609,0.039362,0.07837,0.194335,-0.192161,0.339161,0.076226,0.286285,0.09286,0.238573,-0.294485,0.338954,0.421364,-0.058375,0.392093,-0.009076,0.213921,0.213667,0.643869,0.131805,0.081257,0.027277,0.231593,0.360949,-0.432355,0.095976,0.447273,0.051094,0.052982,0.491278,0.40101,0.261722,0.012901,-0.117207,-0.231072,-0.152862,0.165245,0.55517,0.22787,0.148382,-0.192135,0.063439,-0.135851,0.496972,-0.0085,0.046042,-0.166571,0.242585,0.010322,-0.239417,-0.338776,-0.38742,0.120575,-0.068717,-0.153087,-0.083374,0.238394,-0.176667,-0.468454,-0.039494,0.00042,-0.177675,0.124281,0.137697,0.160718,0.036743,-0.106232,0.318604,-0.41235,-0.411076,-0.046547,0.174575,-0.375766,-0.430282,-0.39016,-0.133215,-0.06927,#
