0,1.0,0.150477,0.114693,-0.20307,0.141074,-0.010549,-0.004009,-0.24048,0.33265,0.034376,-0.185369,0.109744,-0.20713,0.266016,0.265293,-0.179013,0.014001,-0.015639,-0.20753,-0.114345,-0.284448,-0.367652,-0.40874,-0.022134,0.424753,-0.349477,0.212934,-0.328035,0.358478,0.101218,-0.623033,0.084619,-0.158687,-0.13436,0.185708,0.069401,0.132077,-0.132747,-0.355997,0.156507,-0.153525,-0.024003,-0.396955,-0.051615,0.302112,-0.071814,0.135912,0.056053,0.069134,0.166952,-0.171205,-0.108169,0.070997,0.149203,-0.047808,0.021564,0.149434,-0.200498,-0.245792,0.331783,0.170604,0.468741,0.383127,-0.490659,-0.233168,-0.16046,-0.056711,-0.020191,0.019648,-0.033456,0.004154,0.154326,0.084665,-0.095509,-0.070624,0.157598,-0.142566,-0.395938,0.108493,0.04076,0.086575,-0.17565,0.021265,-0.389227,-0.067702,-0.058126,-0.259937,-0.13033,-0.258387,-0.386764,0.005198,-0.225834,-0.012936,0.320106,0.001387,-0.198003,0.021387,-0.042723,-0.026531,-0.12712,-0.080299,0.013027,-0.327921,0.036087,0.077279,-0.111265,0.275558,-0.070905,-0.127234,-0.478695,0.122837,0.0,-0.064145,-0.20785,-0.120729,-0.458248,-0.262748,-0.179287,0.057361,-0.28882,0.291871,-0.060873,-0.056961,0.036614,0.185527,-0.19353,-0.273367,-0.087833,-0.358473,0.038401,0.099209,-0.273858,-0.42634,0.097542,0.122043,-0.0761,0.249754,-0.053727,0.035389,0.017185,0.122164,-0.367963,0.19304,-0.310451,-0.236804,-0.157817,0.103392,0.276848,-0.127013,0.086096,-0.311052,0.151004,0.316103,-0.254057,0.213582,0.062405,-0.028108,0.181127,-0.056948,0.025356,-0.27028,-0.055006,0.187258,0.0115,-0.301385,0.068839,-0.117672,0.349707,0.032955,-0.447997,0.077569,0.05863,0.123763,-0.25233,-0.071974,-0.21742,0.09095,0.129686,0.283812,-0.361651,0.09119,0.060842,-0.181059,0.033429,0.131616,-0.138167,0.419082,-0.233855,-0.013053,0.214178,-0.364672,-0.019648,0.138033,0.236636,-0.329263,-0.035452,-0.265661,-0.281354,0.051826,-0.164964,#
1,0.150477,1.0,-0.232163,-0.183086,0.335037,0.160589,0.013026,-0.240593,0.15695,0.204072,0.157979,-0.046456,0.349577,0.271989,0.048234,-0.148925,-0.167592,0.171997,-0.164186,0.109731,0.246983,0.319237,0.294459,-0.008808,0.001611,-0.353,0.409759,0.071702,0.231793,0.292062,-0.421362,0.07687,0.075448,-0.608855,0.005256,0.051145,0.32756,-0.84763,-0.122302,0.191011,0.024325,0.505607,0.132309,-0.106151,0.116119,0.176191,-0.036741,0.527152,-0.117594,-0.140772,-0.116266,-0.581086,0.072182,-0.184052,-0.086381,-0.167155,-0.191184,0.405253,0.086434,0.288189,0.167613,0.115896,0.173314,0.113893,-0.110575,0.446448,-0.053883,0.516212,0.43104,0.002032,-0.383574,-0.174758,0.325607,-0.252538,-0.381837,0.137115,-0.508682,-0.242644,-0.24829,-0.278862,-0.420459,-0.827043,-0.312681,-0.228913,-0.385394,-0.560765,-0.062285,-0.469704,-0.442012,-0.203323,-0.502918,-0.559779,-0.358252,-0.25962,-0.48329,-0.031725,-0.583324,-0.527031,-0.367997,-0.469704,0.078076,-0.341073,-0.339522,-0.139358,0.107407,-0.313488,-0.219368,-0.58078,-0.294507,-0.130668,0.236891,0.0,-0.552345,-0.559578,0.059943,-0.263401,-0.432965,-0.079442,-0.105453,-0.292283,-0.278127,-0.242533,-0.596712,-0.448637,-0.108495,-0.204717,-0.277732,0.187307,-0.16932,-0.508682,-0.134904,-0.289365,-0.396978,-0.107355,-0.325779,-0.270903,-0.166581,-0.231651,0.235082,-0.685953,-0.26544,-0.277841,-0.148567,-0.297863,-0.056496,-0.086524,-0.233721,0.450646,-0.555907,-0.087022,-0.48417,-0.365246,-0.274764,-0.288289,-0.176807,-0.136506,-0.172791,0.540833,-0.246707,-0.508632,-0.072056,-0.042579,-0.312681,0.178903,-0.474725,0.596703,-0.121432,-0.126685,0.00692,-0.264788,0.088743,0.265755,-0.458348,-0.241446,0.268086,-0.587933,-0.356031,-0.054378,0.613894,-0.45128,0.765457,-0.094619,-0.399973,0.431322,0.488159,-0.512723,-0.234415,-0.069595,0.10401,0.591015,-0.470642,0.355541,0.482506,0.427397,0.059439,-0.348486,0.242663,-0.470642,-0.149007,0.277565,#
2,0.114693,-0.232163,1.0,0.361307,0.24407,0.167471,0.04579,0.052174,0.430101,-0.073078,-0.136796,0.302831,-0.439026,0.032883,-0.298899,-0.420851,-0.179895,0.183716,-0.031259,0.4146,-0.496587,-0.453756,-0.154869,0.07858,0.162381,-0.097986,-0.109599,-0.084717,0.109728,-0.099846,0.200357,0.323446,-0.489046,0.319245,-0.079759,0.025753,0.06435,0.052454,-0.159149,-0.25145,-0.205722,-0.027057,-0.188012,0.0845,-0.138919,-0.05701,0.054584,0.029225,-0.081797,0.349826,0.035894,0.298817,0.073903,0.134635,-0.064393,-0.004861,0.009395,-0.125158,-0.44496,-0.208247,0.154853,0.034748,0.070897,-0.104507,-0.058525,-0.21847,0.163773,-0.18145,-0.110903,0.39062,0.314241,0.130888,0.072364,0.209118,-0.160862,0.175087,-0.010278,0.060066,0.306239,-0.010609,0.161148,0.214234,0.092125,0.598711,0.030261,0.358153,-0.368686,0.106133,0.157562,-0.270148,0.197989,0.343176,0.245708,0.222109,-0.124538,-0.064091,0.224393,-0.11324,0.357985,0.249176,-0.289494,-0.195607,0.197989,0.32618,-0.133194,0.164647,0.364226,0.232046,-0.013176,0.023343,0.177617,0.0,0.333428,0.246015,-0.044882,0.2581,-0.054857,-0.106061,0.19178,0.312892,0.071665,0.324412,0.172476,-0.061484,-0.066609,0.225043,0.255187,-0.128355,-0.269024,0.154427,0.377387,0.333133,0.030187,0.274226,0.199008,0.271863,0.228499,0.320028,-0.125982,0.244638,0.438469,0.047811,-0.128719,-0.241538,0.362826,0.144357,0.283229,-0.020488,-0.039809,0.059114,0.133713,0.235748,0.417022,0.43706,0.504004,-0.001296,-0.107615,0.119599,0.538808,0.142963,0.105839,-0.094105,0.588722,0.113809,0.404105,-0.166797,0.179538,-0.068713,0.540646,-0.155673,0.045404,0.122158,0.053857,0.23559,-0.12479,0.352277,0.227094,0.492447,-0.130134,-0.157754,-0.122365,-0.030064,0.062359,-0.262484,-0.268598,0.585985,0.099284,0.178372,-0.435103,0.142155,0.369039,-0.522397,-0.268147,-0.005813,-0.474217,-0.06861,0.007576,0.017183,0.284779,0.086473,#
3,-0.20307,-0.183086,0.361307,1.0,0.048375,-0.160413,0.029,0.00214,-0.196598,0.27609,-0.14301,0.104014,0.002003,-0.256934,-0.376979,0.055836,-0.102326,0.006338,-0.289349,0.312097,-0.013695,0.037453,-0.191854,0.35367,-0.316002,-0.051666,-0.1787,-0.226998,0.057896,-0.220984,0.274291,-0.16275,-0.003682,0.539434,0.169777,-0.423161,0.012506,0.194077,-0.00597,-0.101213,-0.185531,0.11627,0.075076,-0.245995,-0.002746,0.272549,-0.423831,-0.299824,0.216138,0.335056,0.137518,0.097046,0.319366,0.035886,-0.300604,-0.256064,-0.076897,0.029685,-0.104969,-0.358858,0.137356,-0.015271,0.11677,-0.011515,-0.09241,-0.338695,-0.146968,-0.357388,-0.173013,0.245346,-0.120861,0.12284,0.207311,0.185713,-0.128425,0.16297,0.064052,0.525842,0.357076,-0.183992,0.191399,0.362396,0.087791,0.300792,0.210728,0.199992,0.275573,0.126313,0.108592,-0.017581,0.011293,0.036113,0.429686,0.142103,0.193428,-0.187712,0.056195,0.021125,0.202298,0.420049,-0.204996,0.229869,0.346452,0.223856,0.357896,0.221321,0.023152,0.236731,-0.466086,-0.114884,-0.347199,0.0,0.195218,0.312428,-0.075083,0.548286,0.258593,0.035211,-0.09754,0.176343,0.342486,0.340119,0.274187,0.114277,-0.366284,0.376415,0.093223,-0.363098,0.144437,0.249698,-0.185932,0.047946,0.295586,0.519398,0.063919,0.353587,0.191099,0.191149,-0.383114,0.356412,0.145807,0.361026,0.050003,0.102307,0.478294,0.427682,0.157592,-0.303205,0.045505,-0.231593,-0.16419,-0.111618,-0.037904,0.343467,0.218215,0.358,-0.378922,-0.023446,0.458296,0.240028,0.585764,0.345027,0.42836,0.117924,0.089301,-0.375906,0.058032,-0.299643,0.24228,0.401188,0.072705,-0.298507,-0.023738,0.105637,-0.288813,0.289044,-0.045125,0.014193,-0.447368,-0.056801,-0.116489,-0.563347,0.419957,0.014938,-0.448632,0.195342,-0.290253,-0.057988,-0.053284,-0.298555,-0.035459,-0.178804,-0.635547,-0.081592,0.002117,-0.001766,-0.026295,-0.019015,0.00147,0.233122,#
4,0.141074,0.335037,0.24407,0.048375,1.0,0.030506,0.421788,0.222383,0.48507,0.1089,0.061919,0.245343,0.058732,0.24437,-0.162879,0.012065,0.14276,0.155841,-0.042574,0.261779,-0.031134,-0.136566,0.250069,-0.010721,-0.195104,-0.347555,0.10817,0.085163,0.47187,0.075786,-0.413517,0.058165,-0.10383,-0.265235,0.12613,0.101468,0.508613,-0.597138,-0.304906,0.012882,-0.02426,0.47559,-0.167581,-0.381179,0.303257,0.132074,0.1588,0.408287,0.302543,0.024575,0.023113,-0.507411,0.233503,-0.356687,-0.317028,-0.185321,0.046702,0.206316,0.164451,0.161095,-0.224428,0.258628,-0.204778,-0.028081,-0.111184,0.097113,0.273354,0.216381,0.371666,0.026028,-0.016317,-0.259801,0.150558,-0.279251,-0.27727,0.171883,-0.24893,-0.303485,-0.46588,-0.24629,-0.28007,-0.3369,-0.240027,0.213045,-0.11369,0.167988,-0.37596,-0.212696,0.024495,-0.288584,-0.202163,-0.265601,-0.038052,-0.510837,-0.532956,-0.329066,-0.383985,-0.382083,-0.307637,-0.390628,-0.171234,-0.425143,-0.368963,-0.05342,-0.113931,-0.272019,-0.005553,-0.212966,-0.276072,-0.074508,0.165766,0.0,-0.103624,-0.315042,-0.103126,0.10584,-0.259245,-0.401871,0.098334,-0.011801,0.034523,-0.293036,-0.173892,-0.69659,-0.299306,0.17993,-0.24891,0.143673,-0.105933,-0.414386,0.270616,0.085405,-0.140356,0.096699,-0.375294,-0.13305,0.145571,-0.113683,0.333971,-0.24507,0.042419,-0.046287,-0.117009,-0.233969,-0.155612,-0.14694,0.371258,0.059832,-0.397096,-0.131762,-0.362338,-0.056672,0.048837,-0.110305,0.278394,-0.271055,0.031167,0.46287,-0.34728,-0.230016,0.146101,-0.217791,-0.043625,0.281852,-0.21438,0.230686,-0.074251,-0.099844,-0.032902,-0.065583,-0.102559,0.33843,-0.334775,-0.032571,-0.154601,-0.171405,-0.32545,0.228009,0.165449,-0.454542,0.179286,-0.084484,0.068069,0.070546,-0.010837,-0.240354,-0.043954,-0.358626,-0.186805,-0.079009,-0.184713,0.281481,0.320426,0.181107,-0.099597,-0.046149,0.386515,-0.449348,-0.10826,0.156179,#
5,-0.010549,0.160589,0.167471,-0.160413,0.030506,1.0,0.161641,0.280004,0.464911,-0.166396,0.350055,0.256772,-0.37118,0.0604,-0.18603,-0.284346,0.086137,-0.120584,0.075484,-0.071573,0.071722,0.16894,0.340621,-0.38893,0.310644,-0.170127,0.186615,0.27198,-0.123939,0.207527,-0.135652,0.162348,-0.148694,-0.145034,-0.42396,0.39833,-0.000898,-0.09214,0.017286,-0.075922,0.049962,0.069033,0.277042,-0.208721,-0.372618,0.073915,0.02189,0.156656,-0.087079,-0.007301,-0.124236,-0.065818,0.012051,0.00991,0.320265,0.346756,-0.500711,0.169593,-0.048559,0.160559,-0.152042,0.174992,0.235232,0.179824,-0.223131,0.122764,0.112967,0.31564,-0.045054,0.273069,0.1374,-0.211423,0.235156,-0.317035,-0.179056,0.285005,-0.111427,-0.166941,0.164783,-0.192632,-0.317127,-0.332699,-0.253833,0.268443,-0.448809,0.135276,-0.29944,-0.205608,0.058233,-0.186724,-0.017022,-0.167351,-0.091836,-0.076008,-0.175559,-0.017533,-0.050791,-0.016928,-0.110281,-0.255599,0.028308,-0.266659,0.149346,-0.173038,-0.084416,-0.197271,0.323482,-0.278305,0.170615,0.17447,0.033036,0.0,-0.179056,-0.41877,0.306109,-0.265798,-0.261015,-0.206999,0.251738,0.096473,-0.021269,-0.172658,-0.291714,-0.243227,0.174999,-0.13063,0.248807,0.461356,-0.144839,-0.10452,0.161321,0.223559,-0.092163,-0.226802,0.243523,0.166646,0.18545,-0.013334,0.061977,-0.376027,0.099513,-0.167657,-0.106122,0.027314,-0.123599,-0.225796,-0.03122,0.253753,-0.038104,-0.197188,-0.070691,0.025203,0.295479,-0.086755,-0.03697,-0.114276,-0.051615,-0.014912,0.091259,0.074346,0.086744,0.140846,-0.254206,0.131903,0.243896,0.144261,-0.342586,-0.190895,0.012064,-0.092917,0.067522,0.232409,-0.024558,-0.146587,-0.010461,-0.307877,-0.085061,0.231211,0.215883,-0.247639,0.054632,0.069988,-0.217113,0.169292,0.053494,-0.037089,-0.124744,0.058257,-0.084325,0.248886,0.01385,-0.021793,0.039205,0.361609,0.170495,0.295765,0.124046,-0.148339,-0.234394,0.195584,#
6,-0.004009,0.013026,0.04579,0.029,0.421788,0.161641,1.0,0.288581,-0.016568,0.004133,0.181588,-0.086616,-0.048188,-0.136706,-0.037598,0.031958,0.097222,0.097076,0.042458,-0.016547,0.315264,0.174597,-0.059747,-0.131213,-0.091668,-0.060677,-0.018169,0.200767,0.070086,0.196509,-0.25302,0.202923,0.377825,-0.134752,0.057009,-0.100312,-0.063478,-0.165461,-0.216637,-0.130399,-0.143786,-0.132199,0.283579,-0.381297,-0.141139,0.009032,-0.15246,0.062612,0.33125,0.011926,0.073676,-0.260792,-0.02935,-0.080455,0.009424,-0.191958,0.253778,-0.174402,-0.058443,-0.039994,-0.239138,-0.002065,-0.04508,0.057715,-0.297778,-0.389858,0.120527,-0.096839,-0.088472,0.374555,0.103942,-0.426436,0.245798,-0.034097,0.008992,0.233666,0.045523,-0.148406,-0.311009,-0.182395,-0.341972,-0.003934,-0.099511,0.122909,-0.266146,0.174302,-0.273108,-0.033212,0.231523,-0.344944,-0.150137,-0.004354,0.10819,-0.254035,-0.017254,-0.045692,-0.228233,-0.186395,-0.439766,-0.083871,0.171202,-0.281593,-0.002951,0.029104,-0.087199,-0.018497,0.478198,-0.100383,-0.173927,0.052643,-0.050709,0.0,-0.150776,-0.270749,-0.178415,0.142384,-0.274038,-0.171701,-0.085172,0.293185,0.173354,-0.134917,0.082665,-0.093232,-0.283121,0.241956,-0.080114,0.33248,-0.101021,-0.270701,0.043593,-0.083605,0.109109,0.135835,0.048109,0.178079,0.191276,-0.3517,-0.037084,-0.017609,0.110046,-0.12644,0.21978,-0.169577,-0.400307,-0.351485,0.190004,0.078437,-0.004333,-0.035471,-0.225283,-0.114083,0.11501,-0.253854,0.40687,-0.115164,-0.13924,0.108792,-0.244368,-0.285094,0.197385,-0.118101,-0.083649,0.171663,-0.086304,-0.026297,-0.01168,0.104625,0.051523,-0.078405,0.049917,-0.006516,-0.201896,-0.095395,-0.163461,0.08588,-0.112716,0.286801,0.047258,-0.322809,-0.244173,0.066632,0.364656,0.235497,-0.283595,-0.012561,-0.089329,-0.459169,0.084593,-0.245605,-0.149841,0.170669,0.235331,0.047506,0.390608,0.273701,0.010532,-0.142992,-0.024114,-0.446665,#
7,-0.24048,-0.240593,0.052174,0.00214,0.222383,0.280004,0.288581,1.0,0.042203,-0.281772,-0.004806,-0.100996,0.095984,0.02093,-0.145249,-0.077759,-0.183702,-0.357895,-0.076694,-0.164195,0.290094,0.260905,0.204966,-0.01563,-0.147333,0.104795,0.171014,0.212402,0.17946,-0.165512,0.172072,0.050273,0.205359,0.107967,-0.069792,0.062591,0.312208,0.253438,-0.128669,-0.359363,0.353975,0.37211,0.190952,-0.065362,-0.16344,-0.21871,0.215887,0.125177,0.178621,-0.357395,-0.357067,-0.056446,-0.163907,-0.273272,0.083414,-0.053244,-0.189404,0.02347,0.080437,0.099348,-0.682656,-0.177661,-0.570158,0.091433,0.024914,0.155984,0.341198,0.172809,0.004444,0.180354,-0.125795,-0.187083,0.285562,0.050966,0.020517,0.065673,0.464985,0.006241,-0.260923,-0.02213,-0.260889,-0.048203,0.000222,0.129269,0.017631,0.294733,-0.156617,0.024926,0.225133,-0.202192,0.241839,0.019066,0.050532,-0.165584,0.239681,0.421044,-0.010233,0.246086,0.002139,0.024926,0.078766,-0.183632,0.241839,-0.18375,0.049485,-0.220497,0.292324,-0.010188,0.075672,0.101823,0.176262,0.0,0.020517,0.124698,0.266048,0.18976,-0.048779,-0.107082,-0.220016,0.327679,0.168974,-0.261002,0.185815,-0.283037,-0.386809,0.279362,-0.018316,0.18729,0.134222,0.156487,0.135891,0.39493,0.181778,-0.321572,0.154679,0.18976,-0.060179,0.024953,0.170524,0.205311,0.165852,0.180103,-0.219927,0.168521,-0.126573,-0.230917,-0.201776,0.011706,0.129527,-0.165472,0.211227,0.246086,0.175726,0.19634,-0.15541,-0.220452,0.346446,-0.320914,-0.125558,-0.18375,0.213817,-0.108823,0.029351,0.312322,0.026391,-0.072482,-0.220596,-0.269845,-0.183348,0.068331,-0.260271,0.137793,0.162688,0.151156,-0.30822,0.181778,-0.128621,0.034854,-0.311631,0.154446,-0.308143,0.223275,0.256793,-0.182354,-0.362788,0.203173,-0.041326,0.189676,-0.040977,-0.221909,0.212784,0.0101,-0.060042,-0.001896,0.192445,0.391328,-0.074221,0.212784,-0.192965,-0.127999,#
8,0.33265,0.15695,0.430101,-0.196598,0.48507,0.464911,-0.016568,0.042203,1.0,0.027822,-0.178854,0.45059,-0.220828,0.60504,-0.179583,-0.357467,0.042306,0.288576,0.306533,0.290166,-0.394841,-0.380175,0.279011,-0.487932,0.207537,-0.33918,0.198832,0.080411,0.188975,0.129738,-0.267267,0.247492,-0.250999,-0.131978,-0.289186,0.584787,0.201067,-0.33046,-0.355969,-0.171749,0.02428,0.215855,-0.245017,-0.06986,0.112539,-0.224518,0.432794,0.469759,-0.0223,0.17569,0.067783,-0.105507,0.121348,-0.015454,-0.09547,0.338193,-0.057002,0.212112,-0.013347,0.2187,-0.249662,0.281696,0.076864,-0.146097,-0.228179,0.29685,0.431754,0.299101,0.195486,0.176804,0.310644,-0.25214,-0.122322,-0.216047,-0.257913,0.167119,-0.173841,-0.371884,0.063783,-0.117906,-0.068757,-0.347622,-0.171491,0.137316,-0.088932,0.258187,-0.467769,-0.325293,0.06043,-0.203018,-0.217367,0.088264,-0.037111,-0.094673,-0.37223,-0.221345,-0.092859,-0.22061,-0.05689,-0.331599,-0.270589,-0.339511,-0.046062,0.014879,-0.416784,-0.144436,0.264841,-0.277363,0.203195,-0.298806,0.332793,0.0,0.076738,-0.207167,0.026077,-0.250089,-0.124267,-0.214752,0.443934,-0.145503,0.086238,-0.098771,-0.251311,-0.473905,0.276153,-0.051091,-0.140968,0.065873,-0.246746,-0.166871,0.285957,0.391886,-0.406019,0.071489,-0.127731,-0.090786,0.233085,0.241352,0.31137,-0.170295,0.279277,-0.312743,-0.118109,-0.193754,-0.077992,-0.351239,0.302169,0.423304,-0.14434,0.106964,-0.147541,0.104943,0.47861,-0.071499,0.230847,-0.125167,0.340881,0.403348,-0.057055,0.205408,-0.16222,-0.064844,0.017676,0.346743,0.177763,0.084705,0.057919,0.046028,0.028985,-0.110741,0.084715,0.412559,0.08333,-0.055909,-0.070064,-0.072282,0.073746,0.089514,0.256222,-0.374692,0.273389,0.238975,-0.343003,-0.175282,0.147194,0.172115,0.266343,0.103485,-0.651937,0.213622,0.030085,-0.164551,0.133055,0.111814,-0.360194,0.098689,0.067787,-0.220221,0.230476,0.340625,#
9,0.034376,0.204072,-0.073078,0.27609,0.1089,-0.166396,0.004133,-0.281772,0.027822,1.0,-0.046119,0.041061,0.072572,0.135919,-0.251649,0.324604,0.081073,0.091419,-0.05865,0.185819,-0.10361,-0.007651,0.07331,-0.213261,-0.070674,-0.139674,-0.176992,-0.373022,-0.057209,0.208664,-0.146254,-0.110482,0.076461,0.113995,0.337688,-0.051473,-0.236203,-0.357211,-0.030898,0.130845,-0.248684,-0.112089,0.091145,-0.058077,0.089927,0.193008,-0.028676,-0.071892,-0.23572,0.301924,0.158653,-0.106338,0.198766,0.045581,-0.037614,0.361745,0.08093,0.143382,0.119922,-0.128726,0.147487,0.028966,0.460706,0.1679,-0.491748,-0.034468,0.129318,-0.279761,-0.097838,-0.120234,0.075382,-0.323057,-0.186652,-0.036612,-0.215199,-0.243301,0.129767,0.258141,0.150193,0.060549,-0.043165,-0.034994,0.004808,-0.185526,0.098464,-0.245767,0.221615,0.026093,0.070897,0.052921,-0.21649,0.103326,0.346467,0.04157,-0.154362,-0.12391,-0.312682,-0.020325,-0.234962,0.175363,-0.176073,0.488371,0.168758,0.319099,-0.023928,0.24984,-0.009748,0.063963,-0.061525,0.074578,-0.278064,0.0,-0.057909,0.03459,-0.109909,-0.004714,-0.094611,0.13669,0.147694,0.015153,0.235174,0.421861,-0.127146,-0.120312,0.003066,0.118858,-0.305243,-0.21215,0.199024,0.311752,-0.035355,0.119317,-0.098625,0.52176,-0.089967,0.238585,-0.195092,-0.36785,-0.157978,-0.045246,0.039313,-0.260573,0.473586,0.207691,0.224517,0.207909,0.161018,-0.010028,-0.027955,0.212086,-0.256242,-0.073969,-0.354344,0.03036,0.341869,0.311544,-0.010439,0.318519,0.054864,-0.055132,-0.020876,0.147474,-0.162119,0.2092,-0.117187,-0.277403,0.289036,0.256277,0.103546,0.09371,0.102489,-0.123381,0.23522,0.050901,0.304956,0.061079,-0.20943,-0.040282,-0.204414,-0.223499,0.123113,-0.278474,-0.006821,0.147579,-0.193263,-0.03638,0.232023,-0.097777,-0.073237,-0.068066,-0.268685,0.012902,-0.06556,-0.16136,0.157708,-0.109248,0.017998,0.041513,0.15412,0.000865,#
10,-0.185369,0.157979,-0.136796,-0.14301,0.061919,0.350055,0.181588,-0.004806,-0.178854,-0.046119,1.0,0.284638,-0.335021,-0.42605,0.025851,-0.072692,0.43023,-0.048936,-0.03899,-0.23758,0.377782,0.343689,0.176401,0.255255,0.108131,0.138083,-0.313849,0.081882,0.257039,0.388917,-0.246819,-0.125252,-0.349966,-0.128429,0.239513,0.243488,-0.042047,-0.135889,0.235786,0.278417,-0.130144,-0.102013,0.127416,-0.293829,-0.179576,0.394808,-0.270524,-0.269884,0.214622,-0.162604,-0.068097,-0.228169,-0.16832,-0.053429,0.297163,-0.156861,-0.450024,0.089459,0.011444,-0.196037,0.243262,-0.173749,0.182526,0.374181,0.251911,-0.046652,-0.132734,-0.200087,0.1774,-0.24122,-0.273763,-0.004524,0.224539,-0.30418,0.024364,0.252918,-0.282792,0.015773,-0.136903,-0.207532,-0.301057,-0.152986,-0.53955,0.120949,-0.243347,-0.160409,-0.243636,-0.002012,-0.264664,0.000275,-0.140195,-0.311439,-0.385454,-0.26464,-0.321099,-0.184929,-0.368876,-0.150049,-0.402587,-0.220561,0.278477,-0.08384,-0.30805,-0.34475,-0.075287,-0.156949,-0.156137,-0.070342,-0.163955,0.514191,-0.219091,0.0,-0.30173,-0.243329,-0.149049,0.12043,-0.221599,-0.08521,0.047899,0.299586,-0.383722,-0.137333,-0.615712,-0.063557,0.108616,-0.092762,0.117505,0.146875,-0.077927,-0.095608,-0.016628,-0.259945,0.120734,-0.171652,0.064874,0.180168,-0.210488,-0.462138,0.048661,-0.502742,-0.261629,0.069205,0.071815,-0.058523,-0.07788,0.028133,0.149762,-0.204744,-0.014486,-0.385536,-0.028676,-0.099236,-0.267285,-0.264451,-0.210952,-0.438592,-0.228789,-0.002135,-0.05626,-0.083893,0.209856,0.132772,-0.546154,-0.337771,-0.223436,0.180739,-0.349142,-0.033436,-0.139399,0.094661,0.089284,-0.238509,-0.387639,-0.496359,0.201217,-0.441354,-0.304484,0.284113,0.095813,3.9e-05,0.101255,0.063056,0.062418,0.426516,0.26509,-0.334292,-0.170268,-0.088952,0.485365,0.12261,-0.285015,0.510195,0.092119,0.048258,0.255073,0.191733,0.512637,-0.301842,-0.360248,-0.033711,#
11,0.109744,-0.046456,0.302831,0.104014,0.245343,0.256772,-0.086616,-0.100996,0.45059,0.041061,0.284638,1.0,-0.36567,0.016612,-0.092493,-0.074255,0.306072,-0.095511,-0.036092,0.162561,-0.25814,-0.245536,0.021435,0.101039,0.197608,-0.098584,-0.371055,-0.019461,0.413603,0.269801,-0.237221,0.262633,-0.52541,-0.01751,-0.157668,0.427081,-0.043138,-0.003008,0.140271,0.302989,-0.074871,-0.050619,-0.121361,-0.09552,0.048496,0.196826,-0.064729,-0.172921,0.324673,0.214519,0.252746,-0.114115,-0.147934,0.019079,0.04004,0.185122,-0.328377,-0.097833,-0.235226,-0.234933,-0.165986,0.024391,0.334034,0.00428,-0.044866,-0.10022,0.259331,-0.238286,0.169402,-0.039741,0.207353,-0.221805,-0.100148,-0.19018,-0.22825,0.27768,-0.293536,-0.068152,0.115378,-0.320838,0.145746,-0.129695,-0.001547,0.303132,-0.000226,0.04862,-0.150222,-0.276339,0.060484,-0.338095,-0.169218,-0.046157,0.039221,-0.23118,-0.332823,-0.195688,-0.244964,-0.33336,-0.027881,-0.173611,-0.206386,-0.06697,-0.163016,0.021782,-0.33213,0.158931,-0.116774,-0.226075,-0.025421,-0.184986,-0.244327,0.0,-0.05635,-0.061743,-0.330113,0.005163,0.125106,-0.195176,0.21775,0.044104,0.017363,0.105204,-0.328355,-0.144982,0.429235,0.123075,-0.208895,-0.275035,-0.274742,-0.268488,0.04966,-0.135187,-0.10055,0.162522,0.140715,0.033505,0.137654,0.112543,0.095488,-0.200115,0.341547,0.092715,0.059265,-0.100024,-0.13742,-0.186238,0.341271,0.027379,0.082015,-0.355658,-0.149806,0.23368,0.150182,-0.018822,-0.086633,-0.145568,0.004759,-0.10527,0.084624,0.119835,0.200969,0.024312,-0.150891,-0.278024,-0.161575,-0.176674,-0.013917,-0.001496,0.249685,0.250608,0.03511,-0.196161,-0.178316,-0.43467,0.073016,-0.150598,-0.20937,0.007429,-0.045972,-0.217021,-0.018258,-0.023245,0.016645,0.329333,0.110675,-0.026577,0.268018,-0.146823,-0.257017,0.03359,-0.23938,0.257184,-0.092391,-0.037571,-0.059064,0.084658,0.340687,-0.238972,-0.073348,0.366614,#
12,-0.20713,0.349577,-0.439026,0.002003,0.058732,-0.37118,-0.048188,0.095984,-0.220828,0.072572,-0.335021,-0.36567,1.0,0.219331,0.066024,0.368174,-0.425499,0.210562,-0.01763,0.010037,0.388052,0.356012,-0.069877,0.028969,-0.341261,-0.063849,0.253402,0.147814,-0.045855,0.01798,0.135092,0.050229,0.5474,-0.314967,-0.094273,-0.160252,0.20487,-0.299147,-0.298029,0.012205,-0.012065,0.355433,0.195778,0.391655,0.024449,-0.156128,-0.080839,0.207786,-0.082619,-0.464106,-0.016962,-0.212663,0.188656,-0.238212,-0.142835,-0.235782,0.036334,0.17715,0.250999,-0.116167,-0.295974,0.015671,-0.332913,-0.023452,-0.016324,0.311528,0.004558,0.226581,0.293561,-0.090087,-0.341224,-0.073404,-0.052292,0.051949,0.108556,0.083196,-0.094459,-0.058138,-0.255671,-0.259864,0.052581,-0.322213,0.156767,-0.299942,0.101255,-0.24244,0.426815,0.006414,-0.23656,0.109326,-0.136743,-0.304063,-0.059006,-0.168777,0.031337,0.043778,-0.26468,0.020303,-0.229525,0.006414,-0.067864,-0.041305,0.007399,-0.222168,0.111647,-0.002401,-0.238383,-0.076242,-0.192928,-0.319068,0.268046,0.0,-0.259966,-0.125237,0.089725,0.037961,0.064068,0.172504,-0.338887,-0.103084,0.001926,-0.078813,0.008983,-0.149715,-0.206825,0.151541,-0.280751,-0.090054,0.172396,-0.223831,-0.367486,-0.180805,-0.12484,-0.088159,-0.160057,-0.172834,-0.13939,0.049411,0.152318,0.06905,-0.194519,0.046513,-0.161403,0.014596,-0.099242,-0.078409,-0.467363,0.199258,-0.399154,-0.024001,-0.064233,0.013858,-0.188935,-0.199838,-0.445182,-0.017559,0.172673,0.088262,-0.323918,-0.222168,0.039287,-0.25206,-0.00462,0.199488,-0.357323,0.133648,-0.172423,0.046593,-0.070496,0.031691,-0.293179,0.072409,-0.19631,0.106791,0.122075,0.024606,-0.102647,-0.290554,0.119288,-0.084857,0.340091,-0.120866,-0.101572,0.20669,0.196517,-0.109257,-0.178359,0.038833,-0.013977,0.040573,-0.089597,0.225517,0.366451,-0.030957,0.131065,-0.048435,-0.185377,0.107857,0.166464,-0.059995,#
13,0.266016,0.271989,0.032883,-0.256934,0.24437,0.0604,-0.136706,0.02093,0.60504,0.135919,-0.42605,0.016612,0.219331,1.0,0.166792,-0.31071,-0.002404,0.186586,-0.000365,0.456624,-0.250255,-0.107855,0.108983,-0.498011,-0.046509,-0.120133,0.243299,-0.139288,0.111422,0.066191,-0.212068,0.167784,0.162619,-0.341742,-0.313748,0.348693,0.187708,-0.325624,-0.385217,-0.30389,0.041709,0.218925,-0.379012,0.171027,0.228268,-0.560321,0.667482,0.453228,-0.224786,0.114641,-0.188417,-0.03409,0.030822,0.135799,-0.376103,0.308717,0.185369,0.17264,0.279501,0.226429,-0.261469,0.252579,-0.174628,-0.177266,-0.189748,0.416248,0.40308,0.32809,0.406163,0.269478,-0.024624,-0.135389,-0.152818,0.014565,-0.297426,0.123561,-0.070599,-0.153716,-0.312769,0.109673,0.161639,-0.451095,0.073675,-0.074325,-0.129586,0.164565,-0.23224,-0.409759,-0.053374,-0.25089,-0.280781,0.157904,-0.092034,0.068823,-0.29907,0.055251,-0.011995,-0.166399,0.024542,-0.243373,-0.267867,-0.211257,-0.151287,-0.197416,-0.300619,-0.215845,0.171178,-0.372965,0.289684,-0.35053,0.589461,0.0,-0.138817,-0.113981,0.124484,-0.288854,-0.222001,-0.066054,0.388276,-0.506102,0.049237,-0.139116,-0.018725,-0.384871,0.125064,-0.102931,-0.395013,-0.053726,0.148902,-0.210476,-0.058467,0.336306,-0.514797,-0.239833,-0.071918,-0.304188,-0.180169,0.158702,0.305441,0.059989,0.058921,-0.59038,-0.188135,-0.008576,-0.166834,-0.243554,0.087533,0.657644,-0.094683,0.406068,-0.081733,0.177218,0.064128,-0.111183,0.082202,-0.031972,0.5925,0.402646,-0.145991,-0.007909,-0.441145,-0.090848,0.261827,0.607084,0.090518,0.302249,0.14338,0.105823,-0.0232,-0.16366,-0.01215,0.295995,0.042787,0.189888,-0.015473,-0.01359,0.226862,-0.299322,0.158719,-0.222896,0.373651,0.298754,-0.608903,-0.282424,0.366122,0.068969,0.240704,0.159973,-0.610813,0.173882,0.095324,-0.229369,0.355916,0.15344,-0.145172,-0.13265,-0.351197,0.009145,0.285722,0.307803,#
14,0.265293,0.048234,-0.298899,-0.376979,-0.162879,-0.18603,-0.037598,-0.145249,-0.179583,-0.251649,0.025851,-0.092493,0.066024,0.166792,1.0,-0.015947,0.161093,-0.179187,-0.373023,-0.09186,-0.231176,-0.141093,-0.284788,-0.034762,-0.246212,0.128243,0.128242,-0.236081,-0.009779,-0.276591,-0.270695,0.357425,0.12991,-0.211972,0.107712,-0.14627,0.0411,0.0541,-0.215021,-0.020583,0.097616,-0.069734,-0.43077,-0.005493,0.473477,-0.16369,0.344387,-0.09951,0.088071,-0.272596,-0.604204,0.121927,-0.273908,-0.078828,0.125345,-0.005342,0.063263,-0.495518,-0.054661,-0.064288,0.138598,0.224474,-0.025653,-0.314244,0.256278,-0.171044,-0.181898,-0.123129,0.060528,-0.26147,0.054276,0.255692,-0.214985,0.124892,0.154897,0.073759,-0.109847,0.003518,-0.288526,0.257335,0.109248,-0.06231,0.088877,-0.1834,-0.204713,0.223786,0.045593,-0.083632,-0.095117,-0.337887,-0.001139,-0.113415,-0.252334,0.164651,0.17912,0.097983,0.240408,-0.07739,-0.100654,0.080936,-0.08464,-0.306871,-0.272293,-0.147447,-0.202174,-0.027139,-0.18378,-0.067746,0.17019,-0.036634,0.280713,0.0,-0.291825,0.003769,-0.318368,-0.11139,-0.014533,0.120601,-0.177871,-0.317011,-0.276568,-0.057678,0.068124,0.291753,0.064777,-0.070296,-0.226953,0.118671,0.001581,-0.307098,-0.060136,-0.369062,-0.394291,-0.456179,0.21639,-0.27678,-0.100567,-0.106565,-0.04064,0.109281,-0.106598,-0.165351,-0.141661,-0.011296,-0.159269,-0.048549,0.095272,-0.029875,0.174727,-0.064754,0.092242,0.231761,-0.101561,-0.108135,-0.01713,-0.176626,0.282536,-0.157842,-0.366078,-0.307068,-0.59164,-0.181856,0.088877,-0.237299,-0.149508,0.202155,-0.031501,0.415266,0.080387,-0.369301,-0.068611,-0.033133,-0.276711,-0.050409,0.009352,0.062749,0.232335,-0.243132,0.313732,0.217046,-0.080233,0.439566,-0.194228,0.06444,0.237212,-0.12031,0.219788,0.045593,0.250558,-0.134293,-0.106312,-0.051501,0.243585,0.15162,0.224105,-0.22487,-0.214681,0.121515,-0.21935,0.049006,#
15,-0.179013,-0.148925,-0.420851,0.055836,0.012065,-0.284346,0.031958,-0.077759,-0.357467,0.324604,-0.072692,-0.074255,0.368174,-0.31071,-0.015947,1.0,0.158238,-0.169227,-0.134453,-0.309184,0.092103,-0.098036,-0.127362,-0.117497,-0.190078,-0.143847,-0.259504,-0.087531,-0.205022,-0.09887,0.027823,0.002585,0.265336,-0.042529,0.019135,-0.234599,-0.145343,-0.0063,0.159635,0.488049,-0.169643,-0.166574,0.196,0.044093,-0.049734,0.332914,-0.343273,-0.245474,0.042789,-0.126082,0.231935,-0.138333,0.258408,-0.283375,0.033658,0.151208,0.023439,-0.07983,0.198784,-0.134717,-0.167098,0.260953,0.0,0.160776,-0.289608,-0.309686,-0.206949,-0.150329,-0.205256,-0.463341,0.214638,0.004402,-0.299243,-0.135312,0.249192,-0.21855,0.112771,0.179869,-0.072699,-0.084035,0.051864,0.171899,0.272092,-0.141617,0.244828,-0.019297,0.5801,0.443567,0.052452,0.251437,0.183234,-0.113569,0.342097,-0.293477,-0.015125,-0.174269,-0.124148,0.320234,-0.14748,0.113479,0.049566,0.360158,-0.018968,-0.021006,0.086873,0.273367,-0.327272,0.30712,-0.096539,0.122592,-0.401062,0.0,0.083934,-0.150719,-0.059884,-0.085779,0.242049,0.071338,-0.266899,0.139278,0.260038,0.080907,0.198287,0.122784,0.072299,0.188166,-0.058378,-0.04203,0.209337,-0.009806,-0.103627,-0.243941,0.257262,0.180483,0.023422,0.072976,0.149325,-0.134843,-0.133541,0.112208,-0.129061,0.126151,0.292473,0.25041,-0.118653,0.160686,0.022575,-0.482235,-0.145862,-0.138618,0.094293,0.125956,-0.316016,-0.111659,-0.095452,0.260993,-0.181658,-0.234159,-0.290105,-0.021006,0.101353,-0.190402,-0.231616,-0.366537,-0.221347,-0.306487,-0.235916,0.306723,-0.025062,0.132201,-0.122722,-0.239073,0.087391,0.179688,0.183547,0.013583,-0.346902,0.034504,-0.174153,0.001986,-0.287838,-0.43072,0.341822,0.319677,-0.194308,-0.228829,0.024293,-0.346397,0.317282,-0.426647,-0.086746,0.322545,0.143395,-0.163999,0.281648,-0.032494,0.086673,-0.0,-0.081219,-0.10923,#
16,0.014001,-0.167592,-0.179895,-0.102326,0.14276,0.086137,0.097222,-0.183702,0.042306,0.081073,0.43023,0.306072,-0.425499,-0.002404,0.161093,0.158238,1.0,0.008633,-0.075437,-0.114464,0.032802,-0.105103,0.119773,-0.083897,0.139925,0.177583,-0.52616,-0.301087,0.037771,0.075939,-0.289003,-0.193583,-0.08375,-0.061027,0.199073,0.278686,-0.102034,0.000771,0.214983,0.13734,-0.101044,-0.277468,-0.37797,-0.502869,0.245851,0.338156,0.071176,-0.325696,0.199984,0.178963,0.02694,-0.075696,-0.106419,0.085019,-0.141053,0.136385,0.006742,0.037506,0.206923,0.018127,0.108062,0.076475,0.104952,0.189057,0.01231,-0.240924,-0.230052,-0.179196,0.108311,-0.047673,0.116246,0.00418,-0.271899,-0.361977,-0.005488,0.133919,-0.175067,0.065217,-0.352741,0.182046,0.003137,0.165246,-0.227205,0.166488,0.005738,0.244908,-0.204968,-0.056443,0.100946,0.168722,-0.015248,0.008612,-0.120046,-0.122961,-0.391802,-0.427259,0.064778,-0.22103,-0.094893,-0.225695,0.16158,0.034027,-0.563878,-0.38836,-0.169253,-0.117421,-0.277945,-0.133469,-0.11627,0.258882,-0.400926,0.0,0.011516,-0.22965,-0.315331,0.071708,-0.145239,-0.307531,0.457049,-0.203737,-0.118492,-0.176205,0.02676,-0.056472,0.113651,0.078507,-0.132734,-0.110468,0.196091,-0.175067,0.268061,-0.069023,0.020297,0.044856,-0.181765,-0.127236,-0.127191,-0.360996,-0.067678,-0.120129,-0.349984,-0.005245,0.08367,0.026754,-0.210116,0.045803,0.523594,-0.312161,0.254733,-0.349729,-0.015646,-0.060497,-0.350041,-0.130975,0.135428,-0.258521,-0.055461,0.242653,-0.160025,0.241413,0.081653,0.071247,-0.227205,-0.041621,-0.030009,0.092291,-0.114693,-0.011423,-0.181566,0.30463,0.346074,-0.23358,-0.122961,-0.123231,-0.127513,-0.186939,-0.271843,0.047252,-0.126724,-0.026645,-0.118411,0.019861,0.096155,0.138717,0.139539,-0.304994,-0.00028,-0.406577,0.180523,-0.274859,-0.086716,0.277166,0.137899,-0.008471,0.166799,0.040485,0.267163,-0.186932,-0.245175,0.214589,#
17,-0.015639,0.171997,0.183716,0.006338,0.155841,-0.120584,0.097076,-0.357895,0.288576,0.091419,-0.048936,-0.095511,0.210562,0.186586,-0.179187,-0.169227,0.008633,1.0,0.421988,0.008734,0.124391,-0.068564,0.039454,-0.189248,0.001908,-0.018204,-0.052444,-0.047224,-0.00717,0.112998,0.214444,0.075054,0.12559,-0.090057,-0.02275,0.140541,-0.064917,-0.285768,-0.298192,-0.186179,-0.255969,-0.084384,-0.149979,0.023952,0.028929,-0.202214,0.025163,0.312155,-0.15882,-0.014779,0.210663,0.048716,0.250427,0.144099,0.048255,-0.151738,0.267475,0.345772,0.18941,-0.117386,0.263415,-0.150165,0.014922,-0.208282,-0.00183,0.132937,0.004946,0.011211,0.203607,0.22068,-0.035603,-0.100203,-0.304554,-0.046093,0.108282,0.267387,-0.245265,-0.263156,-0.001532,-0.048643,-0.143766,-0.001307,-0.243082,0.022087,0.239394,0.00325,-0.133658,0.121625,-0.140679,0.244,-0.211106,0.065209,-0.217134,0.048701,-0.167786,-0.285689,-0.076355,-0.331694,-0.024488,0.091233,-0.016979,-0.233761,-0.039368,-0.064589,-0.097708,0.080732,0.016937,0.102224,-0.255927,-0.179588,0.090689,0.0,0.055599,-0.156603,-0.102707,0.120506,-0.092332,0.204411,0.274601,0.042654,-0.145402,0.198749,-0.169844,0.001488,0.010973,0.223855,0.042289,-0.106959,-0.037647,-0.070177,0.08984,0.050614,-0.249662,0.290755,-0.308198,0.095325,0.153429,0.011871,0.196029,-0.056486,-0.150642,-0.035282,-0.02849,-0.205521,0.226283,-0.090962,0.225492,0.208372,-0.072001,0.04805,0.008703,-0.028207,0.020361,-0.335875,0.106423,-0.118091,0.067469,0.625249,0.010149,0.298357,-0.000276,0.012904,0.087181,0.28222,0.075297,0.103126,0.092525,0.106182,0.123532,0.116774,0.276346,0.055967,-0.155693,0.010276,-0.10719,0.205832,0.083338,0.263198,0.376191,-0.146437,0.401754,-0.009973,-0.270443,-0.017075,0.207646,0.284986,0.038747,0.033676,-0.25682,0.302846,0.161229,-0.132339,0.206103,-0.122528,-0.216332,0.139608,0.105785,-0.086632,0.496635,-0.081666,#
18,-0.20753,-0.164186,-0.031259,-0.289349,-0.042574,0.075484,0.042458,-0.076694,0.306533,-0.05865,-0.03899,-0.036092,-0.01763,-0.000365,-0.373023,-0.134453,-0.075437,0.421988,1.0,0.034356,0.095616,0.117608,0.352568,-0.172735,0.222352,0.123692,0.016692,0.409332,-0.278853,0.315719,0.231677,-0.178823,0.061733,0.131352,-0.049338,0.46484,-0.309455,-0.020479,-0.103959,-0.258611,0.107631,-0.172201,0.286979,0.206242,-0.12492,-0.147896,-0.036901,0.096909,0.006075,-0.165047,0.447582,0.090875,0.037576,-0.033585,0.117962,0.204134,0.218167,0.180585,0.008994,0.068556,-0.134048,-0.390925,-0.058071,0.059719,0.113583,0.302981,0.319336,0.1008,-0.111873,0.0653,0.256601,-0.373181,-0.318032,-0.045246,0.107104,-0.101452,0.057741,-0.415999,0.119164,0.021385,-0.017797,0.15918,-0.162092,-0.056345,0.141809,-0.133308,-0.117023,-0.153338,0.257118,0.531593,-0.14343,0.275035,-0.125974,-0.036454,-0.010558,-0.192087,-0.028892,0.196599,-0.244949,-0.201858,0.092913,0.113402,0.183145,0.247587,-0.183183,-0.024903,0.222858,-0.076607,0.394367,0.052274,0.110253,0.0,0.268049,0.116237,0.029187,0.011655,0.121154,0.119904,0.266644,0.155358,-0.015164,-0.054192,-0.163148,-0.20836,0.222905,-0.226953,0.120398,0.08819,-0.036601,0.088091,0.165238,0.235924,0.084153,0.160645,-0.386772,-0.011794,0.069557,0.110153,0.106188,-0.231392,0.177995,0.023488,0.04652,0.004151,-0.098994,-0.281632,-0.039149,0.055559,0.094517,0.244373,0.140278,-0.264022,0.383259,-0.180993,-0.049575,-0.171243,0.108155,0.171847,-0.108719,0.426542,0.112779,-0.003382,-0.353915,0.09418,0.317514,-0.137625,0.372041,-0.061836,-0.31282,0.230471,-0.009872,0.37988,0.215719,0.021147,0.16844,0.028029,0.255867,-0.139462,-0.022241,0.146141,0.054616,0.212246,-0.047251,-0.196834,-0.02087,0.14118,-0.040247,0.10851,-0.254602,-0.026918,0.196027,-0.024948,-0.018616,-0.375741,-0.255225,0.387622,0.04012,0.159419,0.341949,-0.31374,#
19,-0.114345,0.109731,0.4146,0.312097,0.261779,-0.071573,-0.016547,-0.164195,0.290166,0.185819,-0.23758,0.162561,0.010037,0.456624,-0.09186,-0.309184,-0.114464,0.008734,0.034356,1.0,-0.429995,0.008544,0.014135,0.003804,-0.278327,-0.0803,-0.074668,0.019107,0.006328,0.139318,-0.010812,0.057313,-0.129797,0.136659,-0.097383,0.017816,-0.031769,-0.25938,-0.243068,-0.312045,-0.21979,0.095562,-0.062386,0.16554,0.074758,-0.135106,0.154712,-0.039611,-0.124073,0.413495,0.144018,0.187299,0.226598,0.189658,-0.587114,0.079864,0.163406,-0.05524,-0.118869,-0.1502,0.026888,0.092057,-0.001304,0.014861,-0.10518,0.021554,0.340272,-0.071129,0.090912,0.28708,0.086689,-0.036676,0.028234,0.282706,-0.30118,0.03388,-0.185271,0.15589,0.002963,-0.05827,0.398264,-0.126923,0.135806,0.429623,-0.137958,0.129085,-0.145645,-0.38968,0.206165,-0.16119,-0.186803,0.265235,0.234625,0.083394,-0.33684,-0.159605,0.093387,-0.147132,-0.077137,-0.052843,-0.424026,0.015713,0.028045,0.261459,-0.164596,-0.060968,0.161194,-0.213653,0.163073,0.002181,0.412918,0.0,0.057885,0.198061,0.065464,0.148614,0.074026,-0.181505,0.360967,-0.11289,0.077619,0.203838,0.083781,-0.3442,0.022633,-0.016561,-0.136422,-0.13596,0.084519,-0.185271,-0.029786,0.327575,-0.013469,0.119862,-0.036502,-0.071194,-0.113685,0.214865,-0.195067,0.130066,0.335819,-0.153168,-0.022924,-0.078217,0.117396,0.210193,0.235138,0.191709,-0.237584,0.322284,-0.141055,-0.163144,0.099106,0.327364,0.298956,0.089046,0.036667,0.242573,0.321884,0.04932,-0.016281,0.023021,0.348057,0.367274,0.370109,0.028027,0.375053,-0.090252,0.279319,-0.048636,-0.294442,0.220506,-0.140544,0.248756,0.15392,0.111242,0.225346,-0.176874,-0.243115,-0.182706,0.158033,-0.009135,-0.116086,-0.140933,0.071227,0.159361,-0.175578,0.123781,-0.555512,-0.060819,0.176511,-0.361642,-0.142113,0.012126,-0.187856,-0.309871,-0.171402,0.075892,0.287798,0.294752,#
20,-0.284448,0.246983,-0.496587,-0.013695,-0.031134,0.071722,0.315264,0.290094,-0.394841,-0.10361,0.377782,-0.25814,0.388052,-0.250255,-0.231176,0.092103,0.032802,0.124391,0.095616,-0.429995,1.0,0.650565,0.238443,0.258453,0.091545,0.207125,0.075744,0.161507,0.091459,0.348766,-0.012597,-0.22914,0.45086,-0.267628,0.095235,0.036993,0.085671,-0.105025,0.145216,0.107339,0.225276,0.234079,0.436308,-0.076775,-0.281808,0.13862,-0.415035,0.04575,0.267115,-0.511601,0.016958,-0.442653,-0.06358,-0.11421,0.07539,-0.340842,-0.245633,0.405824,0.191453,0.027638,-0.160034,-0.419186,-0.245588,0.267158,0.104257,0.247072,-0.160167,0.201788,0.270351,0.208199,-0.533255,-0.109613,0.419394,-0.241182,-0.046558,0.273077,0.024132,-0.041343,-0.30099,-0.286361,-0.349441,-0.205577,-0.19718,-0.24578,-0.056201,-0.357163,0.150777,-0.100652,-0.27957,0.148306,-0.222718,-0.382046,-0.277332,-0.270063,-0.054446,0.040164,-0.42305,-0.012122,-0.251732,-0.148676,0.425656,0.043528,-0.176169,-0.502595,0.322921,-0.208837,-0.023606,-0.238235,-0.340064,0.037101,-0.124934,0.0,-0.344278,-0.245968,0.052023,0.12719,-0.262861,-0.022853,-0.294803,0.104944,-0.056568,-0.37639,-0.227047,-0.165151,-0.282401,-0.049883,0.0528,0.093329,-0.012769,-0.109843,-0.330988,-0.296304,0.035024,-0.041921,-0.125016,-0.015384,-0.227194,-0.343772,0.184361,-0.305875,-0.440478,0.149557,-0.164207,-0.159551,-0.338015,-0.299249,-0.425073,0.132186,-0.149235,-0.295416,-0.139975,-0.256131,-0.248597,-0.415019,-0.473769,-0.188766,-0.198104,0.092033,-0.197556,-0.11273,0.508214,0.120438,-0.347894,0.064057,-0.399334,0.203702,-0.353486,-0.31816,-0.42413,0.348288,0.153565,-0.094728,-0.232405,-0.255389,0.000656,-0.393225,-0.294806,-0.108608,-0.029825,-0.118558,0.161368,-0.162274,0.122817,0.297836,0.115987,-0.297158,-0.478497,-0.16738,0.465873,0.047753,-0.245039,0.581026,0.240864,-0.06071,0.298334,0.464808,0.087968,-0.200522,-0.166772,-0.266636,#
