0,1.0,0.489752,-0.204612,-0.304389,0.382222,0.18943,0.053373,0.030422,-0.080138,0.415494,-0.272748,0.098894,0.634241,0.259513,0.005763,-0.085851,0.091286,0.396121,-0.300156,-0.016944,-0.131168,0.354336,0.280223,-0.253459,-0.124007,-0.22212,0.020771,-0.39877,0.121569,0.396333,-0.031542,0.032144,0.001913,-0.224103,-0.350066,0.162862,-0.202726,0.017627,0.076177,-0.274502,-0.018537,-0.142568,-0.219438,-0.03234,0.02365,-0.352922,0.277838,0.310907,-0.394512,0.003783,0.03188,-0.412288,-0.092295,-0.391188,0.013972,-0.013395,-0.051582,-0.005705,0.246106,0.307806,0.461506,0.097872,-0.268719,-0.278887,0.088158,0.494383,-0.090105,0.17824,0.208864,-0.007617,-0.061705,0.017114,-0.40292,-0.229317,-0.505511,0.304005,-0.153477,-0.324046,-0.313693,-0.149326,-0.244033,-0.239279,-0.05373,0.083812,-0.070901,-0.276295,-0.188323,-0.095967,-0.105381,-0.311875,-0.101601,-0.314954,-0.288334,0.214879,0.154304,-0.02138,0.229345,-0.312612,-0.0883,-0.135531,0.255163,-0.321966,-0.353138,0.179365,-0.341407,-0.248918,-0.291986,0.038751,-0.404065,-0.277856,0.251566,0.196711,-0.113008,-0.356827,-0.198104,0.195025,-0.324093,-0.365443,0.419434,-0.498752,-0.2215,-0.211427,-0.019728,-0.142127,-0.356023,0.264551,0.088956,-0.155755,0.285109,0.084118,-0.424606,-0.059944,-0.299287,-0.013935,-0.569948,-0.151195,-0.037,-0.464659,0.339119,-0.299287,0.086067,-0.248276,-0.331516,-0.233199,-0.100329,-0.185663,-0.078863,0.332153,-0.223581,-0.621083,-0.140066,-0.415817,0.082978,-0.216126,-0.139539,-0.148722,0.5508,0.588371,-0.188201,-0.508075,-0.259953,-0.20075,0.294972,-0.489821,0.012684,0.763193,-0.322823,-0.254131,-0.273521,-0.407646,0.001093,-0.001482,-0.372881,-0.113008,0.162945,-0.676012,-0.069265,0.23359,0.510155,-0.190728,0.293082,0.03555,-0.386727,-0.140477,0.292628,-0.376287,0.637166,-0.077524,-0.45842,0.43397,0.08563,0.297238,0.285853,0.29546,-0.0898,0.082791,-0.028779,-0.33401,0.454863,0.311399,#
1,0.489752,1.0,0.156002,-0.293177,0.188235,0.197558,0.392537,0.00973,0.28319,0.059959,-0.121172,-0.236941,0.484129,0.114038,0.358251,-0.298927,0.237387,0.233922,0.165057,-0.196814,-0.323332,0.059885,0.4621,-0.228145,-0.157317,-0.410903,0.206776,-0.258221,0.116392,0.233487,-0.396946,0.05558,0.20486,-0.014821,-0.174345,0.340898,0.116712,-0.104024,-0.151603,-0.074573,-0.187484,0.144126,0.029504,0.296273,0.557633,-0.371614,0.35444,0.100394,-0.080926,0.302413,0.008452,-0.51124,-0.056434,-0.267743,-0.029217,-0.340768,-0.003305,-0.18521,0.005077,0.302413,0.260383,0.08501,-0.277754,-0.098213,0.108569,0.304907,-0.297879,0.269776,0.354639,-0.11709,-0.023941,-0.028474,-0.209828,-0.582168,-0.677793,0.487492,-0.339514,-0.4885,-0.490413,-0.492275,-0.076269,-0.592229,-0.404179,0.249391,-0.611723,-0.275628,-0.369541,-0.255215,-0.460196,-0.499531,-0.286949,-0.301914,-0.614303,-0.130771,-0.2073,-0.359452,0.014462,-0.5062,-0.259826,0.013347,0.247744,-0.327361,-0.329352,-0.176614,-0.518412,-0.268253,-0.464684,-0.058916,-0.583918,-0.263172,0.129417,0.47457,-0.341893,-0.529661,-0.066843,-0.144777,-0.32946,-0.769527,-0.123138,-0.685503,-0.404179,-0.400792,-0.427624,-0.317106,-0.257404,-0.087518,-0.141179,0.090336,-0.133526,-0.074106,-0.438098,-0.391702,-0.489729,0.171973,-0.428091,-0.335933,0.18038,-0.296735,0.28197,-0.66002,-0.436543,-0.114848,-0.518183,-0.144254,-0.128035,-0.336329,-0.443014,0.544363,-0.262202,-0.448916,-0.136817,-0.568908,-0.103251,-0.400708,-0.491984,-0.507597,0.227786,0.597199,-0.399575,-0.349865,0.089967,-0.195908,0.489155,-0.200451,-0.199743,0.612582,-0.329041,0.037445,-0.252759,-0.407697,0.074132,-0.098342,-0.242245,-0.341893,0.341662,-0.324112,-0.270107,0.744135,0.671477,-0.455718,0.309902,0.216977,-0.193835,0.180382,0.295144,-0.309853,0.471401,-0.313912,-0.495974,0.436027,0.051634,0.66741,0.619141,0.298001,-0.129861,0.211412,0.317652,-0.32418,-0.043334,0.145863,#
2,-0.204612,0.156002,1.0,0.20058,-0.054454,0.033149,0.154903,0.107778,0.396304,-0.467241,0.034704,-0.2264,-0.197653,-0.17973,-0.017884,-0.14507,0.055574,0.130481,-0.04158,0.179162,-0.046215,-0.041197,0.132332,-0.041853,0.063914,-0.256585,0.362738,0.371547,0.006068,-0.086787,0.074732,0.231089,-0.107364,-0.032412,0.238946,0.141925,0.393965,-0.339405,-0.018375,-0.031671,-0.104671,0.277868,-0.078104,0.279053,0.157197,0.010127,0.020799,0.51165,0.257087,0.019054,-0.09168,0.228937,0.025274,0.289601,-0.294011,0.027214,0.03635,-0.253022,-0.249267,0.019054,-0.368678,-0.454032,0.391988,0.281515,-0.146844,-0.060134,0.146728,0.073205,0.081536,0.361249,0.576681,0.513378,-0.100666,-0.072653,0.022286,0.118096,0.010564,-0.288013,-0.194645,-0.467032,0.451077,-0.075489,0.020857,0.247647,-0.087154,0.529925,0.007909,0.100317,-0.053496,-0.053861,0.098203,0.015526,-0.218136,0.191167,-0.064675,0.008768,0.354978,-0.344437,-0.047628,-0.352118,-0.192846,-0.030881,0.200833,0.110135,0.180918,-0.215281,-0.052424,0.066603,-0.380976,0.245629,0.410657,-0.119139,-0.177881,0.019207,0.632581,-0.065828,-0.057981,-0.251655,-0.223683,-0.029328,0.018278,0.0549,0.076107,-0.067261,0.395177,-0.217856,-0.02794,0.399942,-0.126173,-0.275231,0.267376,-0.288687,0.007675,-0.063976,0.260916,0.04814,0.106688,0.394414,0.208836,0.006887,-0.134095,0.402311,-0.063939,-0.080251,0.013676,0.304869,-0.30267,0.010335,0.26177,-0.054633,0.184825,-0.05313,0.040698,-0.132287,0.01931,0.110767,-0.09474,0.070391,0.113572,0.053541,0.224595,0.274799,0.01156,-0.025681,-0.074989,-0.096303,-0.124487,-0.017456,0.204959,0.064809,-0.13205,-0.0791,-0.286652,0.005858,-0.322788,0.191699,-0.0398,0.297998,0.185007,-0.386746,0.037486,-0.166886,-0.114669,0.432709,-0.085557,-0.023456,-0.091878,0.006477,-0.158041,-0.085582,0.563358,0.34054,0.088494,-0.090411,-0.158803,0.199651,-0.048834,0.029722,-0.078615,0.012627,#
3,-0.304389,-0.293177,0.20058,1.0,-0.35031,-0.225104,-0.404356,-0.32463,-0.207399,-0.162881,0.151442,-0.09788,-0.338492,-0.167352,-0.293132,-0.210692,-0.206794,-0.017912,-0.143356,0.359239,0.204423,-0.063777,-0.180353,0.149295,0.219425,0.223535,-0.233887,0.329582,-0.183376,-0.204433,0.529615,-0.280112,-0.292813,-0.111257,0.332212,-0.457336,0.074808,0.010011,-0.167056,0.001245,0.074268,0.126439,-0.19128,-0.051936,-0.030592,0.526867,-0.166831,0.013635,0.37473,-0.226524,0.305412,0.644638,-0.081486,0.264054,0.054114,-0.081897,0.428108,0.135724,-0.224446,0.370447,-0.21625,-0.446837,0.250609,-0.018772,0.241658,-0.218367,0.242406,0.229497,-0.09683,-0.05672,0.261849,0.09676,0.3415,0.179044,0.33467,-0.434259,0.291518,0.112966,0.353763,0.128944,0.340819,0.579173,0.228197,0.274946,0.196992,0.18568,0.365528,0.406499,0.12016,0.194002,0.227485,0.263965,0.475643,-0.135286,0.318399,0.004227,0.047146,-0.191892,0.051027,0.346736,-0.166919,0.191605,0.277092,0.192647,0.170415,0.599215,0.280834,-0.067002,0.408591,0.296468,-0.176572,0.002147,0.430813,0.324001,0.152338,0.171511,0.565005,0.167369,0.069598,0.180407,0.416553,0.275632,0.510782,0.342097,0.257256,0.023873,0.27281,0.151248,-0.106467,0.086077,0.387537,0.238661,0.421373,0.165176,0.540889,0.404611,-0.008095,0.326643,0.288678,0.23821,0.315831,0.291752,0.220607,0.184168,0.402449,0.434422,0.326686,-0.39671,0.355002,0.488811,0.445302,0.268402,0.146134,0.28186,0.05097,0.177989,-0.490677,-0.275943,0.267857,0.241975,-0.272142,0.097043,-0.18119,0.031174,0.064554,-0.422831,-0.144336,0.097231,0.300417,0.30423,-0.324722,0.135315,0.435126,0.051762,-0.492466,0.405608,0.176015,-0.028947,-0.51814,0.085467,-0.448715,-0.22384,-0.092631,-0.014378,-0.099709,0.180864,-0.314234,0.20028,0.563733,-0.399454,0.223887,-0.233773,-0.108653,-0.308544,0.162127,-0.024917,-0.451249,0.165345,0.040606,0.008847,#
4,0.382222,0.188235,-0.054454,-0.35031,1.0,0.129268,0.067106,0.022876,-0.384343,-0.057832,-0.077758,0.392167,0.082578,-0.114617,0.33579,0.271616,0.111898,0.048837,0.07057,0.13347,-0.103671,-0.109045,-0.113281,-0.538314,-0.063565,-0.328553,-0.162608,-0.078389,0.166091,-0.042555,-0.281664,-0.049144,-0.075589,-0.32731,-0.246533,0.200559,-0.353723,-0.294715,-0.171736,0.000591,-0.258443,-0.166025,-0.128297,-0.243742,-0.015524,-0.024071,0.089984,0.428764,-0.242942,0.275957,0.278334,-0.209422,-0.110839,-0.169898,0.275023,0.120178,-0.280876,-0.125136,0.023185,-0.290867,0.017674,0.238955,0.083729,0.015767,-0.048053,0.285554,-0.092403,-0.091561,-0.025095,0.148199,-0.103604,-0.071936,-0.137715,0.068851,-0.523534,0.569626,-0.195599,-0.522005,-0.305236,-0.191254,-0.131199,-0.444891,-0.193342,0.077862,-0.12406,0.013138,-0.047928,-0.428574,-0.261806,-0.126726,0.037284,-0.364304,-0.126854,-0.166969,-0.095671,-0.008756,0.152287,-0.402215,-0.113865,0.021805,0.181878,-0.292331,-0.541532,-0.11479,-0.355985,-0.128443,-0.139725,0.040319,-0.290625,-0.322742,0.076767,-0.354153,-0.372799,-0.215902,-0.092684,-0.286563,-0.458881,0.043387,0.051774,-0.09528,-0.208798,-0.027871,0.059898,0.025895,-0.188266,-0.265915,0.0031,-0.014577,0.06163,-0.204499,-0.13661,-0.190031,-0.386668,-0.026733,-0.315104,-0.425421,0.128432,-0.408625,-0.028202,-0.022317,-0.031225,-0.110862,-0.146068,-0.063285,-0.03098,0.067883,-0.21636,0.028551,-0.293124,-0.467744,-0.357292,-0.360349,-0.37991,0.104825,-0.36373,0.042931,0.197024,0.381307,-0.111648,-0.263713,-0.145248,-0.479628,0.195872,0.079884,-0.315681,0.292911,-0.062758,0.184042,-0.23239,-0.290445,0.251761,-0.098157,-0.068408,-0.036414,0.054392,-0.246023,-0.350655,0.08747,0.198764,-0.131729,0.363169,-0.108146,0.296805,0.019047,0.123976,-0.46405,0.147323,-0.024148,-0.547298,-0.015152,-0.023274,0.189272,0.28267,-0.021546,0.115267,-0.411037,0.073371,-0.041772,-0.205219,0.403839,#
5,0.18943,0.197558,0.033149,-0.225104,0.129268,1.0,0.118232,0.175878,-0.033438,-0.184143,0.231983,0.116331,-0.044858,-0.265069,-0.142502,-0.090178,0.424193,0.107336,-0.348633,0.006329,-0.184203,0.153968,0.082832,-0.27434,-0.248512,-0.464294,-0.130582,-0.396047,-0.411205,-0.217781,-0.307763,0.114218,-0.185311,-0.141568,-0.187002,0.01247,-0.195606,0.018474,0.112382,-0.124922,-0.029749,0.166928,-0.20111,0.335578,0.280003,-0.040265,-0.040183,0.210839,0.071737,-0.197402,-0.034236,0.063732,0.171208,-0.056371,-0.030948,-0.375001,0.067795,-0.320751,-0.24679,-0.197402,0.104794,-0.060218,-0.246581,-0.039487,0.022612,0.06413,-0.25025,-0.170186,0.24997,0.328107,-0.044796,0.365353,-0.05844,0.042338,-0.318735,0.053731,-0.526214,-0.023201,-0.351712,-0.185564,0.390409,-0.263015,0.036103,-0.36694,-0.119546,0.065949,-0.159908,-0.234286,-0.218162,-0.186297,0.082187,-0.054721,-0.22574,-0.016705,-0.158465,0.029951,0.130019,-0.265559,0.090777,-0.074714,0.266795,-0.17929,-0.013686,-0.007272,-0.301208,-0.267312,-0.064359,0.076435,-0.432905,-0.163322,0.26617,0.087669,-0.082666,-0.161292,-0.088517,-0.351513,-0.519054,0.025367,0.09069,-0.281009,-0.290241,-0.31445,0.178726,-0.21589,0.054318,0.072692,-0.097054,0.023677,-0.056081,0.378533,-0.10286,-0.11905,-0.070489,-0.121048,-0.1495,-0.061349,0.038025,-0.259112,-0.179799,-0.240372,-0.070954,-0.255008,-0.516479,0.267507,0.271108,0.053662,-0.258592,-0.012777,0.035635,-0.232076,-0.215409,0.047148,-0.241128,-0.124602,-0.04289,-0.176371,0.001896,0.194586,-0.22685,-0.06674,-0.097898,-0.00522,0.091711,0.139368,-0.21752,0.421867,-0.044042,-0.093979,-0.09808,-0.219178,0.16932,-0.331721,-0.306451,0.11323,0.191655,-0.13136,-0.128361,0.220656,0.144415,-0.080419,0.173022,0.329059,0.172921,-0.041575,-0.092322,0.146013,-0.0809,0.089594,-0.230905,0.126517,-0.092436,0.054886,0.222139,-0.093216,0.066665,0.085247,0.240708,-0.379207,-0.083491,0.089498,#
6,0.053373,0.392537,0.154903,-0.404356,0.067106,0.118232,1.0,0.3225,0.333498,0.245414,-0.01109,-0.183445,0.171922,-0.121935,0.410945,0.198661,-0.060669,-0.284242,0.082179,-0.288626,-0.440332,-0.005519,0.329518,-0.0645,-0.259011,-0.357739,0.24795,-0.334416,0.290552,0.168141,-0.610366,-0.244454,-0.013023,0.288773,-0.34914,0.3775,-0.135966,-0.357277,0.283764,0.283512,-0.431767,0.255025,-0.318291,-0.092406,0.143555,-0.227264,0.2368,0.134529,-0.192452,-0.020393,-0.234362,-0.282086,-0.070298,-0.123664,-0.157573,-0.196595,0.167563,0.013296,-0.256014,-0.020393,0.104035,-0.155877,-0.287777,0.188082,-0.011804,0.346665,-0.048346,-0.020376,0.330019,-0.156293,-0.017648,-0.070984,-0.228002,-0.625174,-0.409787,0.373321,-0.287039,-0.538673,-0.367735,-0.026481,-0.160421,-0.527193,-0.435021,-0.02435,-0.174694,0.087851,-0.28416,-0.351303,-0.403915,-0.382935,-0.187581,-0.226385,-0.515776,0.068787,-0.334443,-0.26417,-0.120596,0.025421,-0.122843,-0.180523,0.199785,-0.22116,-0.068631,-0.235293,-0.241184,-0.326082,-0.50617,0.35086,-0.643505,-0.333585,0.026085,0.431814,-0.413363,-0.412154,-0.040403,-0.119451,-0.075966,-0.30384,-0.250629,-0.371044,-0.45117,-0.337134,-0.336513,-0.418406,-0.266709,0.036602,-0.164119,0.328095,-0.166151,-0.129107,-0.404271,-0.771457,-0.593045,-0.009971,-0.347907,-0.362261,-0.084525,0.017354,-0.035243,-0.63539,-0.133932,-0.000126,-0.46088,-0.015565,-0.018852,-0.418277,-0.320592,0.729532,-0.171305,-0.205318,-0.219058,-0.295619,-0.243413,-0.447667,-0.213339,-0.194832,0.009338,0.247912,-0.338407,-0.193317,0.420102,-0.012184,0.362724,-0.03875,-0.161157,0.175226,-0.171096,-0.2839,-0.172841,-0.031337,0.39245,-0.417724,-0.281619,-0.235987,0.165267,-0.228324,-0.299845,0.301328,0.405893,0.11282,0.428767,0.029059,-0.000209,0.224207,0.516818,-0.040431,0.360154,-0.308182,-0.27316,0.377427,0.085343,0.5632,0.1811,0.353817,-0.14467,0.097032,0.185183,-0.497334,-0.207139,-0.487565,#
7,0.030422,0.00973,0.107778,-0.32463,0.022876,0.175878,0.3225,1.0,0.080093,0.076092,-0.10538,-0.247676,-0.030305,-0.057626,-0.163263,0.407915,-0.106666,-0.317402,-0.227631,0.087125,0.008367,0.069577,-0.039784,0.323009,0.012925,-0.042108,0.178888,-0.348327,0.288527,-0.091769,-0.253649,0.040174,0.207214,0.135089,-0.324911,0.008244,0.048923,0.185891,0.551233,-0.273088,-0.186625,0.249283,-0.366782,0.215396,-0.24466,-0.136751,0.278587,0.195333,-0.092069,0.007317,-0.406934,-0.113126,0.132439,0.109443,-0.393804,0.027597,0.237403,-0.166206,-0.323623,0.007317,0.114542,-0.113285,-0.094432,0.127348,0.055673,-0.004126,-0.039389,0.187868,0.170956,-0.084056,0.22432,0.131017,-0.209059,0.120307,-0.01826,0.205277,0.004759,0.19161,-0.155122,0.350164,-0.082405,-0.085623,0.270814,0.257597,-0.044324,0.102139,0.140918,0.079696,0.02703,-0.00178,-0.278165,0.046636,-0.118498,0.414515,-0.006798,0.307492,0.394619,0.302011,0.270002,-0.142091,0.232118,0.009549,0.018704,0.163051,0.302357,-0.120094,-0.118866,0.200131,-0.246054,-0.447786,0.145749,-0.01516,0.029135,-0.027024,0.302539,0.218565,0.003082,0.08993,-0.241277,0.017144,-0.051496,-0.206786,0.146915,-0.118351,0.183064,0.118773,-0.355832,-0.152691,-0.243153,-0.068584,-0.272738,-0.208047,-0.117936,-0.120647,-0.065889,-0.137443,0.428578,0.227861,0.029478,-0.125026,0.071223,0.159909,-0.145219,0.294623,-0.115621,-0.113876,0.061289,0.013857,0.085691,-0.290768,0.053655,0.10397,-0.11435,-0.067054,0.069968,0.009555,0.358773,0.030297,0.027912,0.002449,0.059426,0.411231,-0.082191,-0.148364,0.043185,-0.023515,0.200752,-0.453336,-0.219018,-0.210149,0.037146,-0.300484,-0.240363,0.031882,0.037818,0.074336,0.300688,-0.170262,0.112434,0.162979,0.222844,-0.091489,0.006595,-0.114681,0.00271,0.402294,0.013397,-0.118269,-0.107134,-0.044185,0.264654,-0.01334,-0.173008,-0.315141,-0.187068,0.064978,0.010352,-0.275689,0.109002,-0.077083,#
8,-0.080138,0.28319,0.396304,-0.207399,-0.384343,-0.033438,0.333498,0.080093,1.0,0.106999,-0.209991,-0.191803,0.242209,0.069037,0.107951,-0.393116,0.140995,-0.041413,0.201271,-0.290613,0.036059,-0.039833,0.245099,-0.008828,0.084084,-0.184268,0.462445,0.078639,0.047756,0.311906,-0.13498,0.208214,0.03447,0.048948,-0.059723,0.242629,0.441991,-0.287849,-0.116045,-0.02408,0.04263,-0.014324,0.194412,0.35316,0.359069,-0.45776,0.151324,-0.100586,-0.068102,0.253075,-0.439599,-0.153616,0.19046,0.172206,-0.450132,-0.059761,-0.054193,-0.047674,0.272386,-0.039186,-0.115505,-0.293349,-0.144538,0.06598,0.114813,0.047852,-0.017929,0.022309,-0.015588,-0.176984,0.173506,0.130406,-0.162002,-0.333015,-0.135817,0.143357,-0.082736,-0.080313,-0.115174,-0.233857,0.039291,-0.20065,-0.176459,-0.059149,-0.316882,0.148888,-0.287388,-0.189715,0.086304,-0.129067,-0.191096,-0.021291,-0.563972,0.149752,-0.099217,-0.136193,-0.027736,0.029377,-0.175329,-0.213103,-0.175754,0.224229,0.100527,0.048505,0.029888,-0.35097,-0.232157,0.110678,-0.193391,0.121895,0.394575,0.525591,-0.220181,-0.298133,0.230061,-0.07221,-0.107936,-0.32809,-0.179182,-0.114768,-0.347225,-0.170947,-0.471101,-0.242906,0.142892,0.213053,-0.326796,-0.0499,0.028822,-0.154536,-0.192546,-0.347225,-0.21724,-0.067647,-0.146213,-0.288539,-0.03281,0.109688,0.060519,-0.224544,-0.400727,0.145124,-0.135829,-0.333406,-0.153463,-0.136038,-0.400727,0.305257,0.027981,-0.057717,-0.038162,-0.263095,0.112225,-0.343789,0.138668,0.03816,0.171686,0.273248,-0.053588,-0.111585,0.27858,0.035345,0.206404,-0.402926,0.369182,0.049207,-0.106997,-0.177753,-0.168668,-0.179057,-0.227918,0.135641,-0.16425,-0.038247,0.09459,0.02677,-0.241233,0.421714,0.500747,-0.119711,0.109994,0.132337,-0.139498,0.131408,0.084164,0.129323,0.239287,-0.176538,0.003219,0.321597,0.212683,0.240417,0.253603,0.23421,-0.277284,0.472319,0.289135,-0.12521,0.039078,-0.22756,#
9,0.415494,0.059959,-0.467241,-0.162881,-0.057832,-0.184143,0.245414,0.076092,0.106999,1.0,-0.287384,0.005148,0.473235,0.308868,0.06883,0.097801,-0.28752,-0.070152,0.062894,-0.122155,-0.153275,0.137339,0.28605,-0.09741,-0.187951,-0.088583,0.167546,-0.302317,0.167324,0.648177,-0.28342,-0.13337,-0.098521,-0.035952,-0.445546,0.030574,-0.301162,0.024392,0.216788,0.071584,0.076089,-0.108728,-0.123545,-0.140417,-0.17531,-0.438121,0.357811,-0.060895,-0.534821,-0.09531,-0.353093,-0.182277,0.067633,-0.249251,0.094087,-0.042245,0.215306,0.044366,0.239174,0.215267,0.167154,-0.035384,-0.485884,-0.020972,0.379997,0.240024,-0.01528,0.067625,0.089072,-0.462862,-0.265222,-0.379658,-0.307755,-0.268355,-0.127537,0.203642,-0.041925,-0.041726,0.025676,0.16826,-0.476565,-0.173423,-0.19155,-0.029036,-0.102068,-0.349835,-0.459542,-0.177834,-0.075986,-0.146652,-0.173423,-0.325713,-0.23784,0.046143,0.21006,-0.110345,-0.143666,0.330744,0.025979,-0.043119,-0.224941,-0.150699,-0.23431,0.02569,-0.129828,0.019651,-0.426436,-0.002044,0.013668,-0.418684,-0.051554,0.352671,0.054736,-0.311574,-0.446107,-0.051943,-0.12849,-0.085629,0.17981,-0.442323,-0.198405,-0.347378,-0.386866,-0.403639,-0.537111,0.461068,-0.03586,-0.151543,-0.030758,-0.203301,-0.359285,-0.027019,-0.345548,0.087344,-0.460834,-0.198801,-0.22991,-0.111159,-0.012373,-0.345548,0.102486,-0.39337,-0.314566,-0.385083,-0.055111,-0.443982,-0.093283,0.370945,-0.284366,-0.409108,-0.133188,-0.274155,-0.116141,-0.360851,0.042897,0.040144,0.361799,0.438267,-0.126758,-0.388074,0.06321,-0.10006,0.043868,-0.231089,0.100453,0.176985,-0.388156,-0.385346,-0.406471,-0.103788,0.023098,0.013333,-0.00391,-0.146334,0.207731,-0.474314,-0.151251,-0.03067,0.265126,0.34807,0.156592,0.277035,-0.296481,-0.412515,0.243884,0.141253,0.576232,-0.269824,0.045703,0.482962,-0.06152,-0.030174,0.063699,0.39822,-0.143382,-0.062278,-0.022959,-0.245307,0.15364,0.049722,#
10,-0.272748,-0.121172,0.034704,0.151442,-0.077758,0.231983,-0.01109,-0.10538,-0.209991,-0.287384,1.0,0.151171,-0.647025,-0.46123,-0.126942,0.308566,0.291035,0.068346,0.099853,-0.326988,0.047543,-0.048366,-0.138887,-0.027722,0.064938,0.034795,-0.27874,0.043752,-0.157668,-0.395422,0.034878,-0.065758,-0.170653,-0.012135,0.548869,0.081904,-0.187818,-0.043024,0.158902,0.35511,-0.160757,-0.023618,-0.273281,-0.057766,0.077789,0.556121,-0.436317,0.077106,0.14634,-0.105891,0.365476,0.06528,-0.152514,-0.01402,-0.091681,-0.172706,-0.075255,0.282692,-0.422483,-0.105891,-0.18998,0.127806,0.019868,-0.212138,-0.080597,-0.361517,-0.27373,-0.094423,0.12685,0.334405,-0.177987,-0.035608,0.195052,0.029572,0.051724,-0.091962,-0.402327,0.096901,-0.293574,-0.243461,0.010194,0.16207,0.010202,-0.317102,0.200439,-0.036672,0.052333,-0.16474,-0.23579,0.054269,-0.198735,-0.022828,0.108813,-0.365503,-0.275782,0.058237,-0.207585,-0.18511,-0.009959,-0.085353,0.109482,-0.122663,-0.063996,-0.270536,-0.269677,-0.212375,-0.055318,0.007117,-0.013424,0.136652,-0.21369,-0.018046,0.142574,-0.114752,0.059762,-0.191307,0.073089,-0.00401,0.130939,0.250683,0.010202,-0.045111,0.075814,-0.062826,-0.160672,-0.158638,-0.327017,0.115929,-0.157981,-0.002539,0.319525,0.010202,0.153434,0.092755,0.369652,0.103396,-0.038442,0.145882,-0.114396,-0.029206,-0.227779,0.230502,0.078271,0.224619,-0.212375,-0.092892,-0.227779,-0.1004,-0.161342,0.443639,-0.196693,0.292098,-0.211933,-0.009575,-0.193552,-0.285763,-0.681004,-0.358816,-0.470152,0.253161,0.037931,0.059287,0.350593,0.148332,-0.458731,-0.174835,-0.104114,0.285033,0.503872,0.031497,0.058654,-0.171018,-0.032205,-0.232513,-0.283768,0.197457,-0.013053,0.145027,-0.416349,0.293879,-0.057317,0.1097,0.208848,0.267914,-0.116818,-0.096746,-0.443644,-0.013133,0.296224,-0.249201,-0.363296,0.007542,0.215406,-0.276256,-0.121346,-0.083822,0.279658,-0.16288,-0.190349,-0.252067,#
11,0.098894,-0.236941,-0.2264,-0.09788,0.392167,0.116331,-0.183445,-0.247676,-0.191803,0.005148,0.151171,1.0,0.016149,-0.206225,-0.104937,0.160242,-0.008117,0.060145,-0.22414,-0.024527,0.058485,0.03723,-0.331846,-0.453523,0.003135,-0.32636,-0.373699,-0.199447,0.064841,-0.172024,1e-05,-0.292597,-0.153409,-0.097176,0.050279,0.077957,-0.332094,-0.116595,-0.240346,0.101571,0.27212,-0.181369,-0.083477,-0.291565,-0.271697,0.073179,-0.357218,0.234841,-0.06039,0.29385,0.157811,0.080106,-0.034624,-0.076807,0.144769,0.150864,0.004294,-0.049986,0.287969,-0.280723,-0.082901,0.419508,0.169584,-0.599753,0.256708,-0.029816,-0.149782,-0.265107,-0.208962,0.293694,0.049985,0.029505,-0.002822,0.337659,-0.080621,0.16377,-0.251814,-0.089284,0.029684,-0.073524,0.164611,0.161469,-0.027678,-0.485875,0.156711,-0.072976,0.101027,0.013282,0.035047,0.375921,0.18664,0.07163,0.028151,0.093615,-0.017726,0.447482,-0.066311,0.035051,0.171143,0.038058,-0.190922,0.206744,-0.26438,0.074496,-0.06372,0.013531,0.015104,0.069278,0.149147,0.159928,-0.058496,-0.166212,-0.091978,-0.080516,-0.032288,-0.264795,-0.118525,0.331164,0.344753,0.071274,0.108848,-0.062248,0.177013,0.203584,-0.01126,0.175429,-0.072627,0.025944,0.447543,-0.02621,0.001537,0.286406,0.048914,-0.029176,-0.02562,-0.358833,-0.156436,-0.189254,-0.077181,0.235176,0.168939,-0.085286,0.051211,0.129126,0.252652,0.161102,-0.018728,-0.265857,-0.005036,0.005785,0.072025,0.107061,-0.182424,0.123988,0.067512,0.380072,0.033647,0.07104,-0.058894,-0.174927,-0.183971,-0.562951,-0.0687,0.17316,-0.060375,-0.000579,0.008787,0.039675,0.113314,0.204811,0.002969,0.308014,0.271209,0.249005,-0.076627,0.034669,-0.441727,-0.213323,0.036311,0.231186,0.042532,0.055007,0.019126,0.036915,-0.026555,-0.356171,0.143078,0.255709,-0.152806,-0.165039,-0.285969,-0.077311,-0.027112,-0.028849,-0.150769,-0.351282,0.351449,0.003647,-0.020071,0.315508,#
12,0.634241,0.484129,-0.197653,-0.338492,0.082578,-0.044858,0.171922,-0.030305,0.242209,0.473235,-0.647025,0.016149,1.0,0.462181,0.144689,-0.145887,-0.115959,0.099067,-0.074226,-0.030889,-0.234121,0.227919,0.497616,-0.140861,-0.273131,-0.210472,0.285994,-0.402038,0.195648,0.399531,-0.210252,0.061173,0.165803,-0.178116,-0.429326,0.284088,0.180443,0.00773,-0.118625,-0.352153,0.131061,-0.021418,0.059817,0.086223,0.119046,-0.562632,0.430785,0.071099,-0.325079,0.148884,-0.151195,-0.209284,0.133975,-0.139931,0.043444,0.079647,0.099663,-0.249764,0.449603,0.148884,0.590454,0.103006,-0.136747,-0.151509,0.209495,0.579583,-0.287013,0.313658,0.271469,-0.28797,-0.031598,-0.156245,-0.225504,-0.214628,-0.39866,0.297768,0.046583,-0.269358,-0.074564,-0.08447,-0.212041,-0.340216,-0.188384,0.005107,-0.235045,-0.360289,-0.221637,0.000453,0.036956,-0.417656,-0.000381,-0.143357,-0.441675,0.210698,-0.080185,-0.05438,0.208657,-0.037287,-0.152689,-0.095068,-0.037085,0.09822,-0.112252,0.24915,-0.069965,-0.149765,-0.294249,-0.066148,-0.335107,-0.241696,0.199807,0.308369,-0.161691,-0.24559,-0.24236,0.048572,-0.234973,-0.384122,0.160422,-0.519657,-0.194814,-0.319168,-0.264927,-0.283588,-0.197179,0.296319,0.074359,0.012467,0.280521,0.158832,-0.673283,-0.021184,-0.344931,-0.077813,-0.561482,-0.115519,-0.228134,-0.498994,0.317114,-0.33846,-0.123212,-0.389345,-0.420811,-0.284193,0.184154,-0.148019,-0.136946,0.330654,-0.048714,-0.608759,0.02723,-0.494403,0.194113,-0.340254,0.015421,-0.080441,0.61773,0.681,0.049864,-0.464642,0.140699,-0.248775,0.045935,-0.203036,0.259719,0.550048,-0.097965,-0.158145,-0.52013,-0.275849,-0.038896,0.090496,-0.167779,0.019667,0.473745,-0.411199,-0.170274,0.166176,0.718964,-0.217263,0.18341,0.079444,-0.212947,-0.092125,0.320448,-0.115367,0.644055,-0.199472,-0.528358,0.459798,0.183637,0.20381,0.153352,0.466111,0.157685,0.067075,0.110431,-0.110946,0.38445,0.249693,#
13,0.259513,0.114038,-0.17973,-0.167352,-0.114617,-0.265069,-0.121935,-0.057626,0.069037,0.308868,-0.46123,-0.206225,0.462181,1.0,0.174049,-0.109207,-0.510686,0.226809,-0.054423,0.102751,-0.12546,0.594357,0.537363,0.26604,-0.088183,0.155397,0.497749,-0.001759,0.195229,0.60273,-0.059057,0.240254,0.101005,0.001965,-0.055928,0.153897,0.159991,0.176727,0.176844,-0.339603,0.079722,0.170113,0.438021,0.086789,-0.198014,-0.59391,0.45532,-0.275947,-0.373128,0.117094,-0.171033,-0.207575,0.098526,0.030546,-0.212671,0.111062,0.022236,-0.034357,0.425393,0.117094,0.382189,0.020924,-0.272492,0.099738,0.200697,-0.040781,-0.009898,0.376268,0.129908,-0.025896,-0.061565,0.082025,-0.213029,0.110254,-0.225034,-0.077423,0.365409,-0.136617,-0.089215,0.232876,-0.257744,-0.203031,0.112722,0.162503,-0.031926,-0.156612,-0.086548,-0.037283,0.156924,-0.307622,0.188307,-0.177154,-0.090345,0.182394,0.277832,0.083148,0.012333,0.131025,-0.187042,-0.141406,-0.078035,-0.085187,0.08676,0.037194,-0.097962,-0.02606,0.187226,-0.522428,-0.027777,-0.060088,0.071446,0.068508,-0.004509,0.239688,-0.281949,0.028693,-0.053784,-0.254933,-0.049784,-0.160091,-0.057323,-0.216932,-0.09998,-0.16674,-0.23226,0.259641,0.090028,0.055508,0.188017,0.124015,-0.129899,0.119262,-0.382967,-0.056411,-0.550751,0.109663,-0.044872,-0.110056,0.214555,-0.002057,0.045095,-0.549255,-0.066453,-0.320195,-0.249448,-0.162693,-0.023146,-0.025843,-0.27768,-0.250276,-0.003665,-0.445258,0.160696,-0.386393,0.039617,0.087181,0.500124,0.191937,0.234054,-0.268336,0.08123,-0.026543,-0.149882,-0.003827,0.236961,0.170124,0.04378,0.226236,-0.15602,-0.06601,-0.20354,0.199189,-0.217565,-0.211086,0.264552,-0.446946,0.190729,-0.107429,0.409769,-0.200542,0.401885,-0.134513,-0.224397,-0.077732,-0.158163,0.174718,0.109422,-0.451264,-0.270123,0.294297,-0.023156,-0.155209,-0.338268,0.149188,0.159487,-0.063375,0.087611,0.091416,0.584663,0.021908,#
14,0.005763,0.358251,-0.017884,-0.293132,0.33579,-0.142502,0.410945,-0.163263,0.107951,0.06883,-0.126942,-0.104937,0.144689,0.174049,1.0,0.03576,-0.107316,-0.134746,0.349398,-0.031711,-0.331161,-0.089673,0.297248,-0.03894,-0.151735,-0.069451,0.212358,0.155252,0.462439,0.246606,-0.579963,0.04087,-0.014278,-0.034028,0.000108,0.330827,-0.158352,-0.230512,-0.148389,0.290851,-0.404075,0.011384,0.238154,0.139596,0.454241,-0.149351,0.281785,-0.212752,-0.374665,0.257166,0.1836,-0.341811,0.140435,-0.052028,-0.028481,-0.34138,-0.275698,-0.020801,0.057932,-0.316661,-0.099147,0.065917,-0.157621,0.216584,0.008509,0.085288,-0.036334,-0.191986,-0.143692,-0.406298,-0.368177,-0.408356,0.014569,-0.397456,-0.373772,0.312633,-0.163196,-0.493587,-0.339654,-0.157552,-0.419913,-0.596564,-0.554336,0.26389,-0.269348,-0.083933,-0.362229,-0.428539,-0.285159,-0.347544,0.048025,-0.137631,-0.133722,-0.310218,-0.380554,-0.354935,-0.494974,-0.134845,-0.596986,0.022407,0.185763,-0.325669,-0.328982,-0.494527,-0.366648,-0.10124,-0.295291,-0.173797,-0.264195,-0.006661,-0.284228,0.237348,-0.50073,-0.36011,-0.410553,-0.144481,-0.168159,-0.263088,-0.607499,-0.095909,-0.40234,-0.063174,-0.414072,-0.151256,-0.137379,-0.406167,-0.14646,-0.033717,-0.228985,-0.219353,-0.113778,-0.225013,-0.675326,0.138436,-0.437755,-0.322773,-0.071276,-0.130026,-0.193,-0.137184,-0.275917,-0.296485,-0.02711,-0.050728,-0.310678,-0.412871,-0.279395,0.318049,-0.43061,-0.130372,-0.482696,-0.586249,-0.264068,-0.238876,-0.323438,-0.341679,-0.097084,0.163624,-0.392575,0.018913,0.216155,-0.40729,0.295459,0.005652,-0.393821,-0.036746,0.037373,0.393878,0.073946,-0.215731,0.426671,0.131416,-0.078101,-0.345939,0.521633,-0.325422,-0.263574,0.25711,0.190067,-0.009634,0.502513,0.060333,0.41589,0.346412,0.303492,-0.481764,0.148587,-0.326097,-0.135965,0.281129,-0.12712,0.501657,0.309865,0.469208,0.066039,-0.108248,0.152076,-0.098639,-0.209649,-0.083197,#
15,-0.085851,-0.298927,-0.14507,-0.210692,0.271616,-0.090178,0.198661,0.407915,-0.393116,0.097801,0.308566,0.160242,-0.145887,-0.109207,0.03576,1.0,-0.226339,-0.279618,-0.07927,-0.142655,-0.259557,0.116992,-0.129507,0.154454,0.069938,0.212445,-0.092531,-0.260222,0.404454,-0.210701,-0.315764,-0.245857,-0.171537,-0.014337,0.076342,0.241322,-0.190938,0.114969,0.410047,0.158526,-0.161672,-0.222327,-0.476866,-0.237873,-0.37694,0.256744,-0.074064,0.15661,-0.287679,-0.092312,0.15364,0.12677,-0.139045,0.166329,-0.041812,0.018262,-0.073398,0.110419,-0.36237,-0.388612,0.055726,0.343044,0.163474,-0.051781,-0.005198,-0.214576,-0.273707,0.047936,0.211379,0.103542,-0.008322,-0.243314,0.043141,0.248344,0.06446,0.118305,-0.048075,-0.047723,-0.26834,0.137579,-0.324312,-0.151966,0.196902,-0.135183,0.402273,-0.027111,0.077772,-0.157728,-0.049206,0.068269,-0.017126,-0.00676,0.1313,0.018264,-0.232234,0.414605,0.179915,0.239624,0.029354,-0.227204,0.126289,-0.095241,-0.221638,0.074092,0.070215,-0.188691,-0.202409,0.109233,-0.154813,-0.209823,-0.195726,-0.276474,0.165413,-0.098432,0.007901,-0.025328,0.080128,0.216489,-0.00312,0.282773,0.023776,0.036663,0.121039,-0.206101,-0.117569,0.046286,-0.110917,0.1239,-0.140702,-0.159292,-0.009403,0.023776,-0.180735,-0.055477,0.043323,0.093649,-0.039488,0.135801,-0.268956,0.004377,0.144307,0.071961,0.092139,0.257753,-0.163985,-0.079758,-0.042462,-0.102582,-0.144636,-0.048626,-0.172515,0.053035,-0.227116,0.00737,0.014491,0.086856,-0.014573,-0.18562,-0.207742,0.242622,0.327019,0.057371,-0.062582,0.185769,-0.406514,-0.31527,0.258997,0.103655,-0.001129,0.029705,0.095984,-0.246904,-0.173683,-0.023544,-0.090683,0.034413,-0.014849,-0.356705,-0.225795,0.347262,0.196771,-0.211422,0.245694,-0.046277,-0.092319,0.059196,-0.258867,-0.168157,-0.027067,-0.186492,-0.136408,-0.159598,-0.107857,-0.257114,0.101839,-0.232028,0.122005,-0.121089,0.053163,-0.06704,#
16,0.091286,0.237387,0.055574,-0.206794,0.111898,0.424193,-0.060669,-0.106666,0.140995,-0.28752,0.291035,-0.008117,-0.115959,-0.510686,-0.107316,-0.226339,1.0,0.107434,0.248429,-0.281765,0.068059,-0.39394,-0.127224,-0.420521,0.086934,-0.174662,-0.382698,-0.095761,-0.356859,-0.196229,0.047108,0.160907,0.057827,-0.314821,0.07418,0.074229,0.284828,-0.240131,-0.323411,-0.040324,0.208944,-0.23228,-0.025201,0.274336,0.423276,0.060564,-0.378811,0.174737,0.147361,-0.084592,0.15934,-0.136907,0.172356,-0.37112,0.188538,-0.015235,-0.411601,-0.277069,-0.159927,-0.084592,-0.12485,0.143734,0.212693,-0.018473,-0.1259,0.051128,-0.070364,-0.273586,0.161365,0.238791,-0.016349,0.163549,0.195588,-0.334496,-0.117978,0.108836,-0.413268,0.090011,-0.103182,-0.427093,0.200015,-0.033333,-0.177384,-0.328533,-0.321715,-0.236298,-0.29821,-0.171942,-0.06578,-0.113611,-0.192508,-0.037004,-0.236496,-0.191441,-0.29475,-0.290889,0.142338,-0.361712,-0.182295,-0.078773,0.138917,-0.106107,-0.238992,-0.110052,-0.120897,-0.199487,-0.078559,0.197676,-0.036695,-0.032022,0.394829,-0.02796,-0.057527,-0.296098,0.058881,-0.069938,-0.446428,0.002867,0.150884,-0.123037,-0.341752,-0.162491,-0.132822,-0.076558,0.125562,-0.316708,-0.100947,-0.107859,-0.265878,-0.002428,0.141192,-0.013016,0.139246,0.077741,0.019915,-0.111097,0.23016,-0.228741,-0.142263,-0.047237,-0.391536,0.302369,-0.12748,-0.071974,-0.002078,0.196578,-0.221035,0.27041,0.026262,-0.078559,-0.384996,0.284261,0.131022,-0.015857,-0.207898,-0.451901,-0.172819,0.165708,-0.26781,0.068666,-0.132283,0.050488,0.395125,-0.128841,-0.060374,0.333836,-0.104112,-0.011446,-0.166499,-0.374862,-0.042086,-0.107057,-0.025612,0.135023,0.068999,-0.002078,-0.040318,0.326302,-0.068925,-0.06682,-0.17691,0.285202,0.230022,0.100477,-0.111846,-0.189258,0.060195,0.398724,-0.013406,0.109857,0.008351,0.201666,0.391879,0.056058,0.019767,0.44243,0.278384,-0.137343,-0.40047,-0.048706,#
17,0.396121,0.233922,0.130481,-0.017912,0.048837,0.107336,-0.284242,-0.317402,-0.041413,-0.070152,0.068346,0.060145,0.099067,0.226809,-0.134746,-0.279618,0.107434,1.0,0.039356,0.287943,0.188593,0.226728,0.089046,-0.205299,-0.040942,0.066513,-0.036671,0.065655,-0.038657,0.313436,0.230579,0.269178,0.135324,0.001842,0.28245,0.029245,-0.031962,0.02382,-0.253922,-0.042156,0.116738,0.125014,0.074388,0.031387,-0.130224,-0.268314,0.235312,0.068157,0.182216,-0.270036,0.081241,-0.275961,-0.139363,-0.255138,0.04267,-0.154844,-0.302797,-0.154751,0.013349,0.03524,-0.042776,0.179824,0.11973,-0.151443,-0.200502,0.084907,0.12016,0.183849,0.006861,0.431591,0.102815,0.156627,-0.471494,0.007929,-0.095334,-0.133278,0.111063,-0.07784,-0.1182,-0.376743,0.242943,0.043322,0.096966,0.002312,-0.007234,-0.00316,-0.047816,0.202391,0.182626,0.14748,0.206703,-0.074751,-0.005399,0.146962,0.072415,0.238698,0.152152,-0.284227,-0.289564,-0.42156,-0.22408,-0.115691,-0.033272,0.351604,-0.222454,0.047985,-0.105159,-0.47347,-0.136515,0.375382,0.267832,-0.097164,0.10043,0.112401,0.084717,0.022017,-0.150932,-0.158268,0.36857,-0.233661,-0.065256,0.018863,-0.106012,0.015712,-0.13226,0.210597,0.030232,0.06221,0.202093,0.123433,0.184785,0.096966,0.105547,-0.318099,-0.151767,-0.091448,0.158318,-0.229939,-0.01743,0.105547,0.10028,-0.32232,-0.172001,-0.305358,-0.204324,-0.0033,0.093808,-0.074178,0.051457,-0.167508,-0.035122,-0.116122,0.444398,-0.094773,-0.215969,-0.122068,0.196607,0.18306,-0.128672,-0.12502,-0.426941,0.084357,0.052738,-0.228248,-0.285828,0.299947,0.046421,-0.084521,0.227633,0.097609,-0.199293,-0.096891,-0.353055,-0.039165,0.005484,-0.255166,0.179626,0.011165,0.259617,-0.349177,0.038093,0.15705,-0.343914,-0.117894,-0.203381,-0.379215,0.145064,0.141065,-0.148773,-0.038936,-0.025693,0.031387,-0.045487,0.100951,-0.22158,-0.007473,-0.122615,0.137943,0.268937,0.404081,#
18,-0.300156,0.165057,-0.04158,-0.143356,0.07057,-0.348633,0.082179,-0.227631,0.201271,0.062894,0.099853,-0.22414,-0.074226,-0.054423,0.349398,-0.07927,0.248429,0.039356,1.0,-0.21882,0.144868,-0.46223,0.088311,-0.133437,0.021031,0.076063,0.144835,0.318866,0.065828,0.266301,-0.245596,0.206429,0.344296,-0.048244,0.286043,0.178103,0.14131,-0.251496,-0.34964,0.167134,-0.175895,-0.053628,0.227734,-0.028509,0.338216,-0.128075,0.161267,-0.301456,0.124404,0.201299,-0.15787,-0.191003,-0.004683,-0.020667,0.242607,0.043019,-0.331082,-0.025307,0.000486,-0.105071,-0.291822,0.113544,0.060021,0.370707,0.009048,-0.030392,-0.070657,0.07694,-0.0694,-0.221251,-0.410849,-0.439874,0.163543,-0.266681,-0.078877,0.180688,-0.179066,-0.042217,0.112682,-0.356953,-0.278898,-0.292854,-0.581478,0.001894,-0.437245,-0.295599,-0.397549,-0.312579,-0.15532,-0.175631,-0.128745,-0.353727,-0.162175,-0.519925,-0.391346,-0.372392,-0.183911,-0.145725,-0.437075,-0.126122,-0.293402,0.108196,-0.214737,-0.350476,-0.249112,0.045508,-0.331123,-0.164115,0.053669,0.052133,-0.041302,-0.04329,-0.158866,-0.226542,-0.252551,-0.336368,-0.19163,-0.101275,-0.24225,-0.044317,-0.397495,-0.076962,-0.63038,-0.166906,-0.251992,-0.403699,-0.353744,-0.074555,-0.415941,-0.400214,0.061431,-0.22843,-0.185661,-0.025832,0.04937,-0.337863,0.161214,-0.119136,-0.226939,-0.159487,-0.465972,0.01831,-0.040846,-0.425367,-0.325381,-0.254069,-0.308849,0.259172,-0.295546,0.016711,-0.353727,-0.061291,0.046126,-0.095246,-0.361294,-0.352227,-0.150508,0.156339,-0.245704,0.180129,0.153384,-0.058698,0.344197,0.02953,-0.24157,-0.071389,-0.000203,0.225308,-0.097703,-0.191967,0.221778,-0.02429,0.102192,-0.195543,0.14661,0.030385,-0.12163,0.291861,0.04833,-0.075572,0.031029,0.206175,0.396297,0.002417,0.103953,-0.1418,-0.038191,0.02779,0.078444,0.07249,-0.162716,0.132819,0.302182,0.278776,0.042201,0.012602,0.145857,0.106055,-0.534928,-0.072145,#
19,-0.016944,-0.196814,0.179162,0.359239,0.13347,0.006329,-0.288626,0.087125,-0.290613,-0.122155,-0.326988,-0.024527,-0.030889,0.102751,-0.031711,-0.142655,-0.281765,0.287943,-0.21882,1.0,0.285793,-0.026796,-0.059885,-0.061818,0.058899,0.032538,-0.142215,0.021621,-0.010305,-0.098968,0.255978,0.034466,0.092983,-0.070606,-0.085317,-0.502953,0.038801,-0.005563,-0.291963,-0.255569,0.067405,0.433332,-0.047892,0.083324,-0.352355,0.027353,0.449744,0.190615,0.309014,-0.277998,0.102134,0.228701,0.363759,-0.00986,0.090467,0.09719,0.252594,-0.463311,-0.218113,-0.054972,-0.182763,-0.274124,0.313506,0.048945,-0.040752,0.108333,0.347912,0.118373,-0.286851,0.005327,0.32235,0.138677,-0.081949,0.291606,0.178719,-0.237462,0.511666,0.032313,0.312606,0.19411,0.435259,0.269632,0.355681,0.390756,0.118654,0.328554,0.359372,0.423801,0.447083,0.271816,0.459206,0.19458,0.278111,0.18917,0.099288,0.19092,0.185231,0.026625,-0.068646,0.144015,-0.256736,0.166426,0.195947,0.450555,0.346769,0.589918,0.30922,-0.401362,0.134031,0.082232,0.167398,-0.382746,0.172973,0.516466,0.290949,0.122787,0.107531,0.441778,-0.048435,0.01738,0.349528,0.178956,0.467448,0.289218,0.326223,0.119395,0.199572,-0.000807,-0.133452,0.226002,0.08961,0.232608,0.188442,-0.253466,0.091783,0.044168,0.353005,0.018724,0.099399,0.383123,0.362045,-0.263012,-0.007977,0.158979,0.388626,0.321024,0.538148,-0.423121,0.601483,-0.217095,0.17772,0.04735,0.209244,0.201281,0.056552,0.30604,0.103853,0.009424,0.317997,0.038689,-0.428126,0.035088,-0.397983,0.068766,-0.041362,-0.269111,0.238535,-0.174085,0.046489,0.242224,-0.227465,-0.038296,0.216888,0.386624,-0.003671,0.195215,0.326864,-0.405798,-0.145629,-0.022896,-0.002469,-0.225852,0.082785,-0.025925,-0.288077,0.072504,-0.116964,0.196391,0.019088,-0.434643,0.375228,-0.203025,-0.434872,-0.269514,0.211154,-0.26353,-0.573701,0.257254,0.1495,0.393926,#
20,-0.131168,-0.323332,-0.046215,0.204423,-0.103671,-0.184203,-0.440332,0.008367,0.036059,-0.153275,0.047543,0.058485,-0.234121,-0.12546,-0.331161,-0.259557,0.068059,0.188593,0.144868,0.285793,1.0,-0.474034,-0.438608,0.097696,0.403053,0.320279,-0.033338,0.30917,-0.110313,-0.093787,0.593085,0.208955,0.213171,-0.056559,0.306743,-0.498053,0.05159,0.09123,-0.156685,-0.082531,0.229365,-0.122555,0.012823,-0.291499,-0.16783,0.119902,0.172031,-0.040621,0.327754,-0.08832,0.007504,-0.122144,0.185936,0.093177,0.207051,0.251917,-0.106375,0.129076,-0.09779,0.205859,-0.124501,-0.133593,0.179242,-0.165084,-0.065258,0.030072,-0.030071,0.129676,-0.420903,-0.102294,0.073821,-0.010156,0.172991,0.428797,0.284398,-0.377193,0.332113,0.496685,0.328627,0.169491,0.082981,0.555351,0.261115,0.211067,-0.061415,0.103717,0.29922,0.234952,0.682984,0.5009,-0.269058,0.035502,0.200105,0.033663,0.315575,0.126862,0.034563,0.078622,0.218619,0.214316,-0.25671,0.32284,-0.017041,0.176822,0.292181,0.403769,0.183692,0.098239,0.386348,0.387346,0.053269,-0.301099,0.209873,0.281494,0.29667,0.212955,0.170174,0.43975,0.398343,0.479409,0.426509,0.396673,0.147781,0.702434,0.266381,0.105717,-0.356114,-0.400478,0.182465,0.106157,0.209816,0.264171,0.378062,-0.156488,0.263844,0.03285,0.21988,0.065822,0.24308,0.551638,0.072192,0.152459,0.324364,-0.215427,0.067622,0.195788,0.425624,-0.46044,0.275699,0.177203,0.200474,0.269036,0.415291,0.442115,-0.146487,0.15222,-0.053438,-0.175407,0.383925,0.224274,-0.457146,-0.007774,-0.058559,-0.183186,0.188311,-0.233173,0.226556,-0.069948,0.102534,0.190063,-0.165607,-0.075199,0.428755,0.036919,-0.3177,0.256597,0.31244,-0.209249,-0.264306,0.061452,-0.211654,0.034263,-0.023523,-0.149036,-0.031242,0.09064,-0.194901,0.457444,0.18826,-0.301282,0.077001,-0.395845,-0.20742,-0.367431,-0.181703,-0.112912,-0.239859,0.349259,0.195282,0.129507,#
