0,1.0,-0.003426,0.271205,0.118639,0.18225,-0.015612,-0.019853,-0.165512,0.300415,0.021524,-0.440527,0.030555,-0.275132,0.114396,-0.164961,-0.171035,0.069921,0.052255,-0.003223,0.077281,-0.270875,-0.22365,-0.367191,-0.157716,0.34548,-0.307607,0.085239,-0.178438,0.280241,0.15575,-0.390511,-0.14374,-0.115201,-0.007034,-0.006801,0.019703,-0.124455,-0.004442,-0.207313,0.151812,-0.269583,-0.224233,-0.518308,0.005279,0.076818,-0.073683,0.125356,0.128849,0.050238,0.416962,0.099455,-0.093023,0.28952,0.180632,0.020643,0.159035,0.317362,0.000929,-0.224231,0.164352,0.149587,0.324205,0.257128,-0.263295,-0.38282,-0.199933,0.005203,-0.159784,-0.072641,0.144301,0.003245,-0.063227,-0.002424,-0.014041,-0.258318,0.129932,-0.027213,-0.269438,0.133584,-0.158366,0.203432,-0.065121,0.148672,-0.312701,0.024513,0.115078,-0.215104,0.028787,0.058133,-0.351991,0.087429,0.034235,0.246071,0.178779,0.035005,-0.255373,0.011968,0.071203,0.216785,-0.089052,-0.073822,0.092236,-0.11409,0.119921,0.005597,0.104236,0.400611,0.01419,0.012072,-0.497302,-0.010963,0.0,0.261868,-0.157278,-0.101406,-0.349905,-0.016651,-0.062093,0.170831,-0.186484,0.398894,0.027195,0.024658,0.034235,0.154704,-0.159009,-0.027823,-0.226227,-0.238613,0.171181,0.09919,-0.210719,-0.144648,0.230945,-0.075745,-0.027213,0.172268,0.090426,-0.065665,0.07765,0.123272,-0.474136,0.306745,-0.254078,-0.116746,-0.128684,0.053102,0.229751,0.044636,0.18522,-0.141676,0.03779,0.430051,-0.16913,0.253049,0.351447,-0.039077,0.095576,0.024658,0.211071,-0.049523,0.002915,0.491602,0.047065,-0.122564,-0.094032,0.145066,0.211721,0.032911,-0.273726,0.066419,0.040819,0.287595,0.02137,0.037102,-0.062432,0.267611,0.076103,-0.026047,-0.422098,-0.005996,-0.20299,-0.097327,0.001719,-0.051677,-0.034245,0.486898,-0.329378,-0.134067,0.08302,-0.265034,-0.077537,-0.094472,0.005634,-0.444679,0.124687,-0.314091,-0.266459,0.241845,-0.244167,#
1,-0.003426,1.0,-0.268485,0.11589,0.374001,0.16966,0.185355,-0.202145,-0.048186,0.147608,0.118726,0.004701,0.154674,0.094025,-0.201472,0.00911,-0.006612,0.041427,-0.196661,0.209561,0.102997,0.511107,0.17389,0.011811,0.017362,-0.263169,0.200559,0.149757,0.285592,0.277457,-0.552257,-0.290666,0.061948,-0.652866,-0.057036,0.073865,0.233893,-0.622411,0.023353,0.346073,-0.029457,0.165819,0.184317,-0.087669,0.020115,0.282295,-0.039677,0.333993,-0.057087,0.189327,0.243706,-0.534897,0.170037,-0.076056,0.05416,-0.253212,0.013371,0.273841,0.246063,0.163605,0.175667,0.032708,0.10775,0.335337,-0.081459,0.153902,-0.067804,0.386478,0.457606,0.012349,-0.454009,-0.32375,0.18641,-0.344548,-0.423035,0.125894,-0.51396,-0.11001,-0.268501,-0.378748,-0.170281,-0.714225,-0.22687,-0.279186,-0.312081,-0.401429,-0.102218,-0.329462,-0.175601,-0.139012,-0.325796,-0.317309,-0.114061,-0.513949,-0.546278,-0.208802,-0.6683,-0.62545,-0.329749,-0.49039,0.066669,-0.226454,-0.226912,-0.201256,-0.018246,-0.253024,-0.3965,-0.43766,-0.286708,-0.090641,-0.068422,0.0,-0.427676,-0.490109,0.027351,-0.043649,-0.204842,-0.198229,0.005811,-0.17558,-0.297963,-0.333187,-0.541607,-0.313869,-0.060613,-0.159176,-0.204842,0.145863,0.086262,-0.339448,-0.230482,-0.387396,-0.01454,-0.023232,-0.530677,-0.337431,-0.202145,-0.317169,0.20088,-0.652016,-0.382889,-0.240601,-0.029098,-0.240758,-0.021659,-0.015891,-0.237608,0.229281,-0.303697,-0.114588,-0.536884,-0.399756,-0.342831,-0.124433,-0.123435,-0.016153,-0.204467,0.434057,-0.330848,-0.470092,0.081032,-0.061086,-0.235299,0.009755,-0.508332,0.598456,-0.00027,-0.394188,0.067905,-0.201858,0.098786,-0.043527,-0.427346,-0.106507,0.239099,-0.35322,-0.299135,0.063139,0.489182,-0.535518,0.537497,-0.347999,-0.141091,0.501637,0.488865,-0.521288,-0.21469,-0.229889,0.069721,0.501158,-0.499854,0.566373,0.43505,0.364616,0.127728,-0.342141,0.375711,-0.355585,-0.171511,0.377534,#
2,0.271205,-0.268485,1.0,0.109542,0.106892,-0.000432,0.049807,0.056588,0.437732,-0.00709,-0.05614,0.097451,-0.377703,0.139145,-0.006729,-0.351146,-0.326589,0.035844,-0.096643,0.427342,-0.48464,-0.447076,-0.156327,0.08416,0.048594,-0.142408,-0.050053,-0.057232,0.15113,-0.229536,0.301274,0.340625,-0.436261,0.273412,-0.145653,-0.08932,-0.008746,0.0726,-0.326759,-0.440306,-0.387623,-0.020255,-0.357684,0.013383,-0.08936,-0.373971,0.279052,-0.003522,-0.269907,0.290126,-0.322178,0.345311,0.081886,0.197813,-0.075658,0.083208,0.111551,-0.364085,-0.34434,-0.098817,0.264314,0.409576,0.052031,-0.266397,-0.181496,-0.040951,0.283348,-0.210816,-0.162897,0.238553,0.414692,0.094973,0.045463,0.304793,-0.054553,0.170028,0.030631,-0.203833,0.092641,0.166792,0.241005,0.170674,-0.135859,0.505764,-0.046527,0.388104,-0.395858,0.103971,0.219432,-0.226157,0.197367,0.097708,0.162254,0.49356,0.131026,0.13035,0.324372,-0.094296,0.253408,0.414824,-0.44588,-0.389763,0.091848,0.413235,0.006236,0.101755,0.327721,0.369649,0.060941,0.027811,0.296179,0.0,0.17979,0.272942,0.187592,-0.035791,-0.142844,0.064484,0.356283,0.082178,-0.081186,0.580341,0.215477,-0.070692,-0.1835,0.298419,0.156635,-0.115472,-0.13348,0.0124,0.480907,0.359403,-0.257989,0.030152,0.359855,0.18725,0.032602,0.365483,-0.154065,0.288225,0.599023,-0.086748,0.034316,0.065404,0.289972,0.296416,0.176912,0.082048,0.040119,0.095761,0.19231,0.495151,0.339251,0.424057,0.433666,0.008038,0.018378,0.041592,0.433666,0.06189,-0.272539,-0.178971,0.575587,0.230991,0.377299,-0.193094,0.010342,0.156482,0.422014,-0.231692,-0.15792,0.311268,-0.017986,0.229469,-0.155259,0.365408,0.235714,0.404725,0.022249,0.045591,-0.071731,-0.006906,-0.053872,-0.189325,-0.30444,0.577996,0.319576,0.289972,-0.342892,0.058556,0.365813,-0.675564,-0.231074,0.176498,-0.428982,-0.152732,-0.108743,0.009849,0.082429,0.0858,#
3,0.118639,0.11589,0.109542,1.0,-0.1123,-0.067766,-0.047083,-0.018749,-0.274779,0.162478,-0.004678,0.14963,-0.074409,-0.296132,-0.08098,0.196024,-0.169616,-0.286558,-0.512028,0.064233,-0.266683,0.134315,-0.476704,0.252482,-0.065457,-0.039501,-0.133563,-0.170076,0.054816,-0.166494,-0.182418,-0.241528,0.044751,0.322428,0.159882,-0.404554,0.02236,0.078067,-0.159507,0.154908,-0.078839,0.032406,0.017847,-0.144066,0.334389,0.415049,-0.416385,-0.469392,0.239621,0.145274,-0.202937,0.104326,0.28472,0.094705,0.045192,-0.086455,-0.144898,0.135903,-0.270438,-0.278129,0.033223,0.111335,0.346742,0.08194,0.026932,-0.50411,-0.276903,-0.324297,-0.255658,0.07301,-0.119126,0.141974,0.38452,0.172197,-0.166537,0.224275,-0.0056,0.489002,0.490107,-0.166929,0.184409,0.149074,0.086086,-0.066715,0.193586,0.197817,0.317666,-0.110353,0.082583,-0.281625,0.233283,0.015448,0.429354,0.13283,0.170602,-0.103205,0.020345,0.038225,0.031021,0.374273,-0.085902,0.22501,0.429164,0.207477,0.332152,0.061641,-0.023799,0.201564,-0.451002,-0.063184,-0.47957,0.0,-0.047398,0.194291,-0.228222,0.366305,0.259469,0.070555,-0.349211,0.307322,0.254015,0.172315,0.121737,0.350268,-0.148568,0.060123,0.074996,-0.327276,-0.309582,0.345492,-0.15166,-0.232579,0.239543,0.370578,0.182621,0.319489,0.259239,-0.101405,-0.299476,0.223626,0.037183,0.264067,0.151258,-0.225808,0.42184,0.321473,-0.007739,-0.457136,0.151314,-0.277333,-0.214869,-0.165009,0.02314,0.240908,0.121737,0.310325,-0.307129,-0.232396,0.325075,0.088493,0.397663,0.158143,0.370507,-0.085695,-0.266115,-0.285306,-0.17285,-0.218302,0.40934,-0.088185,-0.026301,-0.447596,0.015289,0.114929,-0.20206,-0.01489,-0.076764,-0.14774,-0.36051,-0.187499,-0.280752,-0.436927,0.414192,0.169864,-0.359883,0.104461,-0.275152,-0.143198,0.253635,-0.275122,-0.333481,0.006073,-0.493571,-0.068085,0.128122,0.025052,-0.203686,-0.020546,-0.163842,0.152848,#
4,0.18225,0.374001,0.106892,-0.1123,1.0,0.128385,0.31085,0.291107,0.317514,0.069073,-0.266742,0.045859,0.234052,0.214939,-0.281964,-0.105946,-0.118896,0.29392,0.021946,0.17463,0.234924,0.119892,0.389282,-0.03661,-0.354272,-0.521488,0.330947,-0.03394,0.325511,0.11249,-0.1325,0.095122,0.110163,-0.295662,0.049104,0.002923,0.364355,-0.536934,-0.354354,-0.19436,0.043508,0.515802,-0.04945,-0.344474,0.13812,-0.060367,0.315398,0.617207,0.173344,-0.12347,-0.135717,-0.502113,0.36595,-0.428687,-0.063261,-0.192447,-0.031707,-0.083274,0.266851,0.209716,-0.048183,0.196726,-0.117043,-0.441806,-0.302428,0.322683,0.218107,0.267287,0.340219,0.16149,-0.214816,-0.358735,0.036335,-0.307252,-0.276134,0.119358,-0.245188,-0.435599,-0.451695,-0.269975,-0.310539,-0.471881,-0.066297,0.114777,-0.306785,-0.001416,-0.337451,0.031833,0.084377,-0.256851,-0.223735,-0.459292,-0.086416,-0.401336,-0.124461,-0.301286,-0.345311,-0.225583,-0.135929,-0.363616,-0.317632,-0.29762,-0.221749,0.021263,0.060137,-0.336498,0.202275,-0.361577,-0.165404,-0.353834,0.380784,0.0,-0.229908,-0.455312,0.223977,-0.032942,-0.233123,-0.390808,0.100907,-0.175315,0.181038,-0.158176,-0.147253,-0.772366,-0.166651,0.341784,-0.217778,0.293248,0.188991,-0.395921,0.132722,0.10848,-0.193925,-0.059245,-0.369348,-0.047456,-0.007609,-0.04716,0.251136,-0.245607,0.003432,-0.046053,-0.097307,-0.087004,-0.200721,-0.117304,0.107135,0.359998,-0.548584,-0.158635,-0.432685,0.024513,0.092147,-0.324663,0.065807,-0.083951,0.142619,0.427144,-0.341608,-0.171661,0.181069,0.02396,0.006182,0.452622,-0.051149,0.20773,0.109957,-0.089757,-0.157753,0.025382,-0.358966,0.542541,-0.266931,-0.149129,-0.060884,0.039466,-0.213722,0.213029,0.269766,-0.377325,0.352665,-0.187584,-0.094805,0.022463,0.114319,-0.299677,-0.012575,-0.218986,-0.210864,0.040248,-0.098305,0.098647,0.369817,0.303727,0.073136,0.071125,0.273956,-0.300612,-0.101694,-0.201419,#
5,-0.015612,0.16966,-0.000432,-0.067766,0.128385,1.0,0.149993,0.276198,0.119619,-0.341945,0.096346,0.278449,-0.337947,-4.1e-05,-0.11863,-0.368074,0.370162,-0.092811,-0.193168,-0.074661,0.032198,0.331559,0.174412,-0.259448,0.190452,-0.136078,0.000393,0.037412,-0.032142,0.107449,-0.123159,-0.004627,-0.074944,-0.196715,-0.362859,0.32952,0.032263,0.198829,0.143083,-0.074195,0.181945,-0.130476,-0.009448,-0.239213,-0.380556,0.142283,0.115845,0.161229,-0.090549,0.079364,-0.175087,0.130427,0.008398,-0.011416,0.442188,0.066486,-0.425392,0.251755,0.088804,0.064391,0.008498,-0.014724,0.197005,0.009215,-0.050845,-0.059425,-0.012253,0.168556,0.192657,0.409406,-0.179374,-0.211038,0.009762,-0.396592,-0.083421,0.266557,-0.277618,-0.053608,0.094078,-0.170577,-0.232163,-0.260118,0.00925,0.185514,-0.362728,0.236609,-0.302626,-0.032944,0.135557,-0.163995,0.15164,-0.080962,-0.006396,-0.323637,-0.084081,-0.183425,0.043658,-0.182571,0.152006,-0.308179,0.130448,-0.15001,0.179523,-0.409262,-0.160612,-0.279902,0.090401,-0.385211,0.095292,0.021275,-0.062928,0.0,-0.179721,-0.55613,0.345634,0.035666,-0.180118,-0.3691,0.225917,0.027009,-0.007941,-0.253033,-0.105803,-0.077643,0.196012,0.125131,0.165098,0.407951,0.192559,-0.099669,-0.03317,0.061718,0.202655,-0.357804,0.18628,0.076614,-0.025676,-0.170801,0.083401,-0.201899,-0.252306,-0.007198,-0.110188,0.32227,-0.001666,-0.098315,0.087327,0.180113,0.082402,-0.360007,-0.137556,0.135824,0.207114,-0.080631,-0.106264,-0.118297,0.092439,0.002963,0.125186,-0.013368,0.115129,0.248232,-0.085604,0.063818,0.17307,0.339348,-0.159112,-0.376729,0.092337,0.004154,0.110447,-0.013512,-0.116258,-0.127942,-0.157064,0.066636,-0.087282,0.346469,0.254153,-0.218496,0.011112,0.052797,-0.121028,0.260899,0.25644,-0.079974,-0.007236,-0.001666,-0.186265,0.355992,0.136679,0.089662,0.168337,0.461199,0.340555,0.212254,0.244501,0.085599,-0.193136,0.203615,#
6,-0.019853,0.185355,0.049807,-0.047083,0.31085,0.149993,1.0,0.286546,0.165381,0.041031,0.106537,-0.271166,-0.0311,0.140349,0.144391,-0.056857,0.122486,0.117323,0.140722,0.207089,0.292775,0.343826,0.114946,-0.148216,-0.182826,0.018062,0.21005,-0.006956,0.326219,0.094363,-0.27402,0.20798,0.469442,-0.181324,0.112277,0.161156,-0.001499,-0.173425,-0.379702,-0.301819,-0.029963,-0.010169,0.313463,-0.276345,-0.111636,-0.252056,0.105262,0.169603,0.124814,0.120345,-0.260819,-0.205711,-0.031056,0.058161,-0.22965,-0.274652,0.381616,-0.202141,0.103764,0.12611,-0.022228,0.004091,-0.267309,-0.006991,-0.366666,-0.188968,0.231729,0.109196,0.091569,0.46424,0.007638,-0.323231,0.018818,0.069914,-0.062727,0.200498,0.057939,-0.2476,-0.554773,-0.008557,-0.252181,-0.084194,-0.189046,0.038356,-0.168624,0.076548,-0.307394,-0.209902,0.146385,-0.147906,-0.318206,-0.087866,0.016983,-0.12375,-0.104803,-0.024063,-0.293218,-0.228732,-0.530288,0.047291,0.075424,-0.341115,-0.195031,-0.058321,0.011524,-0.096278,0.231707,-0.183618,-0.102704,0.045683,0.171475,0.0,-0.142384,-0.072374,0.00159,0.041021,-0.350032,-0.173091,0.122994,0.047535,-0.023017,-0.046982,0.107705,-0.256549,-0.420749,0.328955,-0.334268,0.322319,0.459779,-0.251169,0.038691,-0.067034,-0.175501,0.196436,-0.073051,-0.094411,-0.020327,-0.341972,-0.029345,-0.005017,0.110166,-0.172134,0.047428,-0.071218,-0.322988,-0.188561,0.10098,0.162283,0.105174,-0.015849,-0.132413,-0.033638,0.016321,-0.033952,0.326584,-0.117177,-0.146623,0.378547,-0.260686,-0.188537,0.127486,-0.219694,-0.090119,0.275227,0.006399,0.150554,-0.014079,-0.123446,-0.056013,0.00734,0.058204,0.131301,-0.283159,0.113182,-0.164926,0.276511,-0.113722,0.202054,0.217144,-0.227609,0.005857,-0.006443,0.293263,0.294926,-0.110745,0.136055,0.000448,-0.184665,0.039312,-0.136384,-0.060048,0.086093,0.141677,0.298811,0.309471,0.190726,0.090701,-0.073808,-0.064055,0.038598,#
7,-0.165512,-0.202145,0.056588,-0.018749,0.291107,0.276198,0.286546,1.0,0.043345,-0.392376,-0.029287,-0.100284,0.039807,-0.05228,-0.086628,-0.1038,-0.108812,-0.356501,-0.097509,-0.164195,0.269234,0.260905,0.203419,-0.034482,-0.165598,0.056099,0.137567,0.204603,0.241088,-0.147276,0.148097,0.052494,0.236038,0.037294,-0.061611,0.091942,0.298733,0.224191,-0.108868,-0.305478,0.377623,0.344274,0.103709,-0.086416,-0.108847,-0.18946,0.299658,0.169211,0.184615,-0.38892,-0.673312,-0.114,-0.163907,-0.291452,0.125745,-0.076146,-0.225879,0.049456,0.042811,0.073558,-0.449452,-0.177661,-0.577516,0.104508,0.032917,0.15593,0.272876,0.154085,0.065297,0.165128,-0.106153,-0.19245,0.293626,0.029289,-0.048805,0.074877,0.387434,-0.018316,-0.332161,-0.072977,-0.282816,-0.129088,-0.021658,0.052737,-0.002475,0.371553,-0.236076,0.024926,0.246086,-0.283057,0.246494,-0.001133,0.02799,-0.220985,0.22122,0.357774,-0.034137,0.168802,0.027871,-0.032727,0.091328,-0.240423,0.168802,-0.240558,-0.069495,-0.240069,0.227768,-0.085192,0.098409,0.047912,0.177804,0.0,0.021984,0.026405,0.19005,0.159237,-0.024186,-0.108334,-0.220583,0.299162,0.102715,-0.282884,0.15367,-0.283033,-0.322147,0.304014,0.00487,0.165731,0.170821,0.100126,0.168802,0.287128,0.166713,-0.349014,0.131041,0.098114,-0.086917,-0.070775,0.190185,0.172912,0.048899,0.176159,-0.219927,0.217812,-0.161437,-0.294258,-0.18375,-0.01185,0.147537,-0.202005,0.229665,0.223296,0.213592,0.131655,-0.198799,-0.220452,0.372331,-0.296357,-0.198799,-0.202128,0.189054,-0.128606,0.082365,0.248724,-0.044594,-0.02114,-0.220596,-0.264073,-0.202061,0.043962,-0.257629,0.11841,0.129773,0.151527,-0.259817,0.183847,-0.128621,0.013349,-0.305207,0.133037,-0.282999,0.261857,0.286253,-0.085607,-0.305009,0.200776,0.038362,0.166713,-0.00537,-0.237697,0.163216,0.083054,-0.032978,-0.006426,0.180413,0.418351,-0.046585,0.181778,-0.270229,-0.128222,#
8,0.300415,-0.048186,0.437732,-0.274779,0.317514,0.119619,0.165381,0.043345,1.0,0.099907,-0.067186,0.247934,0.011904,0.567792,-0.239694,-0.260041,-0.058501,0.440094,0.390769,0.293196,-0.24936,-0.378349,0.098907,-0.482206,-0.0846,-0.217711,0.284713,0.110479,0.206886,0.004808,-0.050008,0.443165,-0.194514,-0.184402,-0.21934,0.295813,0.242426,-0.322277,-0.301232,-0.209153,-0.342431,0.211233,-0.384497,0.121599,0.18622,-0.525729,0.466242,0.345569,-0.299091,0.456365,0.160983,-0.115701,0.123673,0.203705,-0.330637,0.285377,0.252865,-0.177755,0.160638,0.125435,-0.362164,0.284847,0.022957,-0.297783,-0.35572,0.098559,0.537129,0.14163,0.099449,0.191978,0.376516,-0.273991,-0.35579,-0.114062,0.055524,0.144636,0.055353,-0.605408,-0.131291,-0.073391,-0.150178,-0.236713,-0.06916,0.262567,0.01625,0.130456,-0.436675,-0.165207,-0.054074,-0.287655,-0.044533,0.012927,-0.095822,0.242116,-0.278462,0.006091,0.00861,-0.350429,-0.165686,-0.065205,-0.422007,-0.347312,-0.163741,0.147084,-0.244934,0.147685,0.242103,0.043972,0.118959,-0.213626,0.288949,0.0,0.24472,-0.130146,0.126993,-0.508424,-0.076076,0.003783,0.598822,-0.190907,0.111645,0.186261,-0.033454,-0.309862,0.050295,0.177081,-0.229764,0.268398,-0.196199,-0.122651,0.423119,0.443,-0.521455,0.17517,0.062787,-0.116081,0.351329,0.31148,0.243646,0.047773,0.497163,-0.166628,-0.116156,0.082671,-0.133447,-0.293639,0.395059,0.530075,-0.02382,0.32684,-0.053706,0.246622,0.386576,-0.201233,0.186217,-0.123238,0.141387,0.319077,-0.013698,0.28543,-0.258041,-0.147605,-0.024275,0.491823,0.312489,-0.121808,-0.129092,0.251534,0.130492,-0.009857,-0.246037,0.217755,0.188653,-0.026301,-0.26844,0.113418,0.075481,0.186469,0.25641,-0.250335,0.163749,0.126851,-0.494088,-0.109371,-0.072691,0.250912,0.491318,-0.133447,-0.624249,0.141948,0.20556,-0.304264,0.030156,0.134999,-0.26303,0.003765,-0.043222,-0.060289,0.261129,0.138342,#
9,0.021524,0.147608,-0.00709,0.162478,0.069073,-0.341945,0.041031,-0.392376,0.099907,1.0,0.022028,0.147714,0.159619,0.371654,-0.39107,0.155908,0.024632,0.231244,-0.122404,0.219003,-0.110462,-0.209067,-0.005027,0.061294,0.023984,-0.025489,-0.216732,-0.458665,0.014335,0.154045,-0.274549,-0.027619,-0.01678,0.211055,0.478776,-0.027161,-0.014602,-0.318646,-0.238657,-0.044619,-0.237656,0.03071,0.054926,-0.104051,0.257341,0.119694,-0.066197,-0.196908,-0.206904,0.341132,0.411378,0.066261,0.005661,0.253077,-0.349112,0.037193,0.189625,-0.017564,0.09104,0.095906,0.052578,0.01399,0.420086,-0.063345,-0.29559,-0.026786,0.095803,-0.196763,-0.009404,-0.001172,0.014531,-0.089326,-0.136305,0.043244,0.020189,-0.213269,0.043456,0.16841,0.172348,0.303287,0.024026,0.096084,-0.063947,-0.011881,0.213701,-0.429497,0.048644,-0.101323,-0.122294,0.234997,-0.300252,0.037436,0.153725,0.214664,-0.19734,-0.069017,-0.132824,-0.242432,-0.288841,0.196905,-0.144474,0.437971,-0.032254,0.25666,0.135694,0.09747,-0.049512,0.053001,-0.386223,-0.017931,-0.19943,0.0,-0.160094,0.197551,-0.097872,0.101743,-0.230188,-0.124456,0.234385,-0.090734,0.170686,0.387435,0.044636,-0.116533,-0.063184,0.255101,-0.577058,-0.319668,0.067086,0.201648,-0.043269,0.275002,-0.211473,0.618398,-0.063462,0.217745,-0.095796,-0.274207,-0.12256,0.163132,0.097034,-0.0209,0.382296,-0.120634,0.174222,0.240892,0.296986,0.080772,-0.166787,0.148302,-0.412494,-0.044604,-0.468284,0.155996,0.4575,0.052759,-0.039666,0.496334,0.248473,-0.037605,-0.014383,0.11673,-0.262538,0.40798,-0.100999,-0.142749,0.219891,0.202601,0.139576,0.129425,0.181423,-0.155488,0.094685,-0.179994,-0.003783,0.117275,-0.368705,0.086888,-0.048207,-0.213923,0.224905,-0.069074,0.00589,-0.033546,-0.050267,0.047623,0.040641,-0.023897,-0.240642,0.100437,-0.21163,-0.12893,0.001292,-0.024173,0.054861,-0.303438,0.069316,0.103095,0.308575,0.12517,#
10,-0.440527,0.118726,-0.05614,-0.004678,-0.266742,0.096346,0.106537,-0.029287,-0.067186,0.022028,1.0,0.166655,-0.211489,-0.091391,-0.145122,-0.10484,0.333792,0.000509,0.075343,-0.064094,0.264987,0.427845,0.076911,0.282371,0.14446,0.436631,-0.284635,0.100527,0.25722,0.269464,-0.052944,-0.192132,-0.322469,0.029243,0.178348,0.291175,-0.0717,-0.100683,0.108048,0.02655,-0.236091,-0.06195,0.373274,-0.131073,-0.17018,0.126182,-0.24608,-0.420667,0.040312,-0.002652,-0.094393,0.011611,-0.214951,0.298176,-0.169451,-0.180935,-0.136328,-0.034709,0.177116,-0.040483,0.064942,-0.216482,-0.002256,0.313448,0.245661,0.009165,-0.03516,0.026678,0.029963,-0.066803,-0.299043,0.091666,0.176091,0.02974,0.170301,0.251167,-0.156123,0.002218,-0.159751,0.027514,-0.136378,-0.038819,-0.559682,0.275192,0.081715,-0.30047,-0.224822,-0.251485,-0.274669,0.239966,-0.083701,-0.163115,-0.385501,0.121162,-0.362103,0.085461,-0.21313,-0.138667,-0.411785,0.044654,0.201943,-0.073256,-0.332117,-0.157916,0.22538,-0.137893,-0.206709,0.063166,-0.294254,0.596466,-0.218976,0.0,-0.209839,0.171456,0.063404,0.142333,-0.222044,-0.01112,0.188873,0.292654,-0.418834,0.024546,-0.457393,0.01173,-0.060436,-0.081651,-0.056887,-0.070993,0.322038,0.008707,0.054354,-0.019452,0.062296,-0.046053,0.000556,0.16628,-0.029287,-0.244561,0.047695,-0.321037,0.029359,0.178881,0.010116,0.195291,0.069977,0.204913,0.035988,-0.199526,0.153356,-0.230115,0.135209,-0.111167,-0.422932,0.05743,-0.270861,-0.501929,-0.276396,0.057872,0.173699,0.114143,0.294069,-0.035307,-0.468007,-0.033896,-0.0838,0.104233,-0.412258,-0.25901,0.045111,0.108029,0.022943,-0.236956,-0.339586,-0.23716,-0.025722,-0.385108,-0.34158,0.115717,0.021542,0.177471,0.113317,0.045551,0.013437,0.202704,0.184413,-0.065497,-0.319748,0.069977,0.392569,0.145049,0.001826,0.223238,-0.089987,0.044702,0.19635,0.054246,0.328143,-0.200437,-0.21324,0.208779,#
11,0.030555,0.004701,0.097451,0.14963,0.045859,0.278449,-0.271166,-0.100284,0.247934,0.147714,0.166655,1.0,-0.20423,0.208642,-0.196459,-0.008564,0.026166,-0.12417,-0.19087,-0.065142,-0.260741,-0.065921,-0.163672,0.102365,0.258331,-0.038191,-0.258812,-0.211826,0.181179,0.20465,-0.132063,0.248484,-0.439169,-0.016265,-0.203957,0.361597,-0.095693,0.012869,0.05617,0.172385,-0.028618,-0.060919,0.084685,-0.043402,0.00856,0.150179,-0.09631,-0.248881,0.31237,0.085092,0.26446,0.031146,-0.146477,0.050038,0.101285,0.248964,-0.289178,-0.164276,-0.151779,-0.166713,-0.220309,0.018183,0.539002,-0.31646,-0.050349,-0.110388,0.092018,-0.101536,-0.013867,0.153363,-0.033905,-0.19926,-0.116811,-0.145486,-0.034219,0.268867,-0.324876,-0.001976,0.320504,-0.191886,0.198525,-0.131417,0.245606,0.289701,0.040961,-0.152619,0.011292,-0.267065,-0.014624,-0.242897,0.001802,-0.005187,0.098836,-0.019621,-0.08286,-0.065955,-0.183439,-0.06299,0.073952,-0.026663,-0.250297,0.145516,0.122801,0.204556,-0.00928,0.035686,0.084569,-0.229848,-0.079354,-0.218233,-0.253833,0.0,-0.250964,0.002132,-0.069612,0.068221,0.051765,-0.19431,0.030329,0.10873,0.165017,0.157676,-0.221183,0.021206,0.538589,0.057848,-0.276839,-0.270851,-0.254456,-0.122348,-0.11703,-0.058536,-0.036012,0.053561,0.282633,0.232967,0.212852,0.188922,0.1116,-0.079648,0.37223,0.135976,0.061907,0.230475,-0.06629,-0.107455,0.096492,0.097978,-0.009023,-0.377131,-0.225192,0.325228,0.081606,-0.080355,-0.221662,-0.143466,0.062516,-0.22473,0.242246,0.164389,0.277445,0.126722,-0.130487,-0.098472,-0.151994,-0.276998,-0.011461,-0.046197,0.466126,0.129007,-0.129889,-0.204673,-0.102728,-0.447907,-0.051297,-0.150426,-0.208476,-0.087779,-0.021394,-0.134894,-0.077267,-0.082949,-0.096143,0.106742,0.157494,-0.014182,0.069388,-0.06629,-0.1762,0.119308,-0.055956,0.072028,0.026555,0.004516,0.239249,0.024745,0.104999,-0.131332,0.036119,0.102561,#
12,-0.275132,0.154674,-0.377703,-0.074409,0.234052,-0.337947,-0.0311,0.039807,0.011904,0.159619,-0.211489,-0.20423,1.0,0.21836,0.017309,0.240146,-0.299879,0.331418,0.027844,0.136887,0.373523,-0.014299,0.092473,0.018564,-0.456377,-0.085498,0.224004,0.210905,-0.062756,-0.0001,0.048746,0.250334,0.333193,-0.102077,0.107356,-0.214544,0.397996,-0.316965,-0.300035,0.097526,-0.019307,0.525753,0.171747,0.276641,0.20946,0.040836,-0.232156,0.213297,0.026259,-0.360719,0.224849,-0.248951,0.082254,-0.394152,-0.359687,-0.268991,-0.129259,0.261936,0.224857,-0.129614,-0.402322,-0.080551,-0.405257,0.109314,0.130054,0.228578,0.093389,0.142323,0.347573,-0.249439,-0.170543,0.045837,-0.119072,0.002359,0.104807,0.06015,0.028986,0.039426,-0.247812,-0.235112,-0.162335,-0.201073,0.088644,-0.047928,0.050925,-0.216262,0.404873,0.020205,-0.372753,0.087261,-0.348727,-0.338308,-0.254679,-0.256191,-0.242461,-0.035531,-0.154225,-0.132062,-0.318517,-0.233646,0.092221,0.011644,-0.138979,-0.325419,-0.02435,0.154642,-0.270066,-0.118055,-0.253886,-0.212187,0.283137,0.0,-0.055169,-0.139214,-0.198728,0.074402,0.093022,0.096451,-0.258674,-0.168502,0.137671,-0.278551,-0.022573,-0.316093,-0.273865,0.215948,-0.38929,0.01978,-0.001373,-0.267528,-0.294612,-0.027092,-0.089458,-0.006839,-0.180343,-0.085014,0.06357,0.160735,0.107556,0.057675,-0.161526,0.116027,-0.279126,-0.253911,-0.062736,-0.132273,0.064191,0.152197,-0.419672,0.11359,-0.060572,-0.078573,-0.212797,-0.204675,-0.211453,-0.144277,0.082803,0.172959,-0.378112,-0.202016,0.136856,-0.110308,-0.210495,0.181949,-0.182069,0.206704,-0.103169,0.167654,-0.224189,0.202515,-0.07964,0.025837,-0.16338,-0.035467,0.065656,-0.04062,-0.170997,-0.141107,0.109917,-0.092999,0.386363,0.101209,-0.217476,0.102326,0.114359,-0.300776,-0.15985,-0.116611,-0.215265,0.02577,-0.186458,0.247747,0.209527,-0.045863,-0.055409,-0.124825,0.024996,0.128874,0.16418,0.131945,#
13,0.114396,0.094025,0.139145,-0.296132,0.214939,-4.1e-05,0.140349,-0.05228,0.567792,0.371654,-0.091391,0.208642,0.21836,1.0,-0.074422,-0.201724,-0.176183,0.209688,-0.093582,0.314729,-0.16108,-0.36446,-0.030657,-0.227227,0.125247,-0.042044,0.244811,-0.171196,0.038835,0.038358,-0.399167,0.30334,-0.051519,-0.291163,-0.15664,0.254449,0.351466,-0.276978,-0.414603,-0.239024,-0.118294,0.201131,-0.287655,0.145995,0.064091,-0.451578,0.335168,0.190661,-0.095184,0.231138,0.244129,-0.064298,-0.107162,0.169474,-0.422412,0.113682,0.236812,-0.073758,0.287844,0.238853,-0.306216,0.301059,-0.024882,-0.20388,-0.107208,0.183196,0.387081,0.271575,0.324297,0.424552,0.039832,-0.024479,-0.046526,-0.145681,0.043007,0.156162,-0.050292,-0.163331,-0.137538,0.150154,0.159263,-0.215739,0.081315,0.160539,-0.124125,0.009489,-0.277288,-0.310724,-0.303493,-0.098533,-0.263519,0.157142,-0.047518,0.160852,-0.371761,0.036183,-0.049921,-0.172869,-0.152732,-0.137641,-0.28436,-0.099693,-0.168987,-0.111652,-0.146514,-0.135216,0.303837,-0.08932,0.038046,-0.176359,0.446567,0.0,-0.196025,0.014486,0.171292,-0.148376,-0.426852,-0.220028,0.347333,-0.345252,0.086471,-0.1195,0.120966,-0.31056,0.098903,-0.106272,-0.420563,0.088221,-0.100111,-0.192933,-0.148282,0.437608,-0.49787,-0.050938,0.187815,-0.164418,-0.028569,0.240165,0.332661,0.222573,0.232138,-0.432911,-0.204646,-0.249338,-0.29575,-0.315156,0.219222,0.67124,-0.289863,0.408172,-0.331058,0.314699,0.025736,-0.074311,0.33668,-0.216926,0.32532,0.417801,-0.025923,-0.102125,-0.33758,-0.0417,0.017962,0.59342,0.077882,0.16012,-0.043206,0.219068,0.092332,-0.090966,0.104032,0.137158,-0.015252,-0.098134,-0.25414,-0.04388,0.116837,0.061536,0.24073,-0.337705,0.199969,0.252426,-0.51402,-0.344201,0.234433,0.080948,0.062065,0.034524,-0.642408,0.243395,0.174705,-0.189451,0.479292,0.150673,-0.107663,-0.25144,-0.227992,-0.049428,0.404523,0.209088,#
14,-0.164961,-0.201472,-0.006729,-0.08098,-0.281964,-0.11863,0.144391,-0.086628,-0.239694,-0.39107,-0.145122,-0.196459,0.017309,-0.074422,1.0,-0.126468,-0.10845,-0.025921,0.101128,0.168824,-0.071487,-0.05106,-0.128292,-0.088743,-0.165047,0.324714,0.177343,0.163485,-0.33094,-0.146786,0.129968,0.365508,0.204717,-0.004925,-0.116501,-0.201468,-0.328573,0.186886,-0.108506,-0.05282,0.080428,-0.27987,0.083351,0.262581,-0.108485,-0.13622,0.103621,-0.054281,0.262496,-0.196966,-0.291033,0.197491,-0.163361,-0.030144,0.156907,0.121184,0.151795,-0.269603,-0.387867,-0.487709,0.110619,-0.177623,-0.248424,0.034528,0.15616,-0.217437,-0.128211,-0.251777,-0.167886,0.146752,0.192638,0.117851,-0.128158,0.311648,-0.066142,0.10326,0.116698,0.266195,-0.063926,-0.053788,0.318153,0.182418,0.292385,0.005816,-0.282087,0.371373,0.152299,0.043085,0.246313,-0.282115,-0.089462,0.309779,0.010059,0.055444,0.221544,0.091604,0.257203,0.169435,0.046194,0.258503,-0.115911,-0.239623,0.169435,0.029309,-0.391119,0.370748,0.228081,0.085219,0.429537,0.001704,0.322123,0.0,0.004433,0.306956,-0.469946,0.107605,0.287197,0.228873,-0.219849,-0.033862,-0.201352,-0.018521,0.154438,0.309779,0.102674,-0.281949,0.287197,0.112772,-0.20181,-0.220239,-0.213902,-0.305423,-0.214824,-0.198018,0.132159,-0.220254,-0.086628,0.249086,-0.255081,0.173538,0.030866,-0.230839,-0.219195,-0.030436,-0.214824,-0.356371,-0.183138,0.036973,0.148317,0.15099,0.229967,-0.050126,0.190596,0.081504,0.154438,0.129595,0.142005,-0.29537,-0.256059,-0.201455,-0.247737,-0.128178,0.374803,-0.359179,0.242074,-0.021993,0.39423,0.3019,0.085657,-0.239761,0.044784,0.094048,-0.183136,0.152299,0.32323,0.184367,0.686505,-0.292827,0.000324,0.134101,-0.280915,0.300975,-0.058579,-0.102866,0.000323,0.201251,-0.075079,0.16735,0.125616,-0.235749,0.163948,-0.218206,-0.021243,-0.319186,0.038928,0.102571,-0.349358,0.182301,0.150323,-0.127796,#
15,-0.171035,0.00911,-0.351146,0.196024,-0.105946,-0.368074,-0.056857,-0.1038,-0.260041,0.155908,-0.10484,-0.008564,0.240146,-0.201724,-0.126468,1.0,0.040061,-0.129142,-0.012622,-0.361695,-0.025923,-0.01016,-0.243644,-0.090518,0.056975,-0.018304,-0.266564,-0.075081,-0.151045,-0.019914,-0.017173,-0.082855,0.338095,-0.106773,-0.031127,-0.000845,-0.174073,-0.171966,0.040838,0.440222,-0.086704,-0.136898,0.389365,0.1191,0.034249,0.287119,-0.279978,-0.324337,0.099811,-0.171705,0.301211,-0.120689,0.217575,0.008755,-0.097735,0.124436,0.152372,-0.125961,0.053936,-0.002312,-0.178626,0.216145,0.02546,0.125416,-0.271727,-0.268273,-0.357651,0.126953,-0.30267,-0.321532,0.172966,0.087523,-0.12178,0.015265,0.185057,-0.172352,0.006647,0.159878,0.024714,-0.05132,0.215524,0.08448,0.254316,-0.19415,0.398889,-0.118394,0.454061,0.196517,0.056475,0.259187,0.254364,0.032003,0.33547,-0.127929,-0.059178,-0.107671,-0.161326,0.349207,-0.138989,0.186048,0.006349,0.304185,-0.055161,0.110851,0.150766,0.089137,-0.265079,0.238411,-0.217708,0.015906,-0.420987,0.0,0.001913,0.039055,-0.090987,-0.069347,0.262836,-0.047057,-0.317591,0.264374,0.143739,0.057119,0.219605,0.210308,0.179939,0.038096,-0.064469,-0.281377,-0.014383,0.068857,-0.01468,-0.234607,0.200461,0.368213,-0.103507,0.032064,0.208099,-0.146878,-0.077787,0.125691,-0.088809,0.21053,0.236574,-0.233624,-0.195139,0.067751,-0.287897,-0.512524,-0.170278,-0.226916,0.08853,-0.083099,-0.265416,-0.015945,-0.197692,0.204304,-0.211705,-0.176269,-0.146245,0.171824,0.212233,-0.346309,-0.109549,-0.284589,-0.305049,-0.343495,-0.302797,0.093381,0.148549,-0.049605,-0.196215,-0.253422,0.105508,0.23178,0.145984,-0.123455,-0.390175,-0.153427,-0.253061,-0.09924,-0.270857,-0.426558,0.490168,0.147136,-0.074729,0.020849,-0.267609,-0.243037,0.416509,-0.411372,-0.028001,0.238564,0.144432,-0.267056,0.219085,-0.001342,-0.079485,-0.104587,0.060167,-0.131894,#
16,0.069921,-0.006612,-0.326589,-0.169616,-0.118896,0.370162,0.122486,-0.108812,-0.058501,0.024632,0.333792,0.026166,-0.299879,-0.176183,-0.10845,0.040061,1.0,0.083609,0.256334,-0.205556,0.356469,0.350484,0.279645,-0.193665,0.365295,0.162842,-0.360783,-0.068246,-0.180775,0.435414,-0.184091,-0.32497,0.18309,-0.081692,0.048644,0.269703,-0.412715,0.007583,0.242298,0.105588,-0.053189,-0.35154,0.138911,-0.216906,-0.136266,0.279353,-0.054317,-0.240353,-0.038851,0.02412,0.101036,-0.007672,0.119492,0.256604,0.20185,0.382165,-0.08348,0.117906,0.116464,0.134429,0.140209,-0.189098,0.233545,0.163368,-0.240415,-0.072086,-0.161044,-0.097696,-0.067059,0.213592,0.012732,-0.221055,-0.160978,-0.353224,-0.150791,0.176698,-0.005993,-0.149546,-0.148539,0.041063,-0.096249,-0.019534,-0.126692,-0.070142,-0.091862,-0.028782,-0.089706,-0.09306,0.287574,0.156379,0.079085,-0.090608,-0.056383,-0.000788,-0.218468,-0.30116,0.09027,-0.050368,-0.099974,-0.170556,0.150668,0.224545,-0.347295,-0.301156,0.04676,-0.090215,0.026563,-0.241841,0.018074,0.188,-0.371833,0.0,-0.062054,-0.354325,-0.012193,-0.230037,-0.11958,-0.232253,0.476448,-0.110839,0.032174,-0.09056,-0.087852,-0.090608,0.179738,-0.09306,0.135046,0.076621,0.236611,-0.00428,0.219677,-0.11958,-0.052188,0.065405,-0.176117,-0.005993,-0.108812,-0.45141,-0.17337,-0.345228,-0.301179,-0.057777,0.221208,0.20167,-0.348214,-0.185393,0.060886,-0.03626,0.193585,-0.25289,-0.052888,-0.22715,-0.184541,-0.25289,-0.116639,0.00461,-0.133173,0.164412,-0.087852,0.303208,0.246213,0.196781,-0.300935,0.057441,0.07503,0.073567,-0.064432,-0.099626,-0.252961,0.221688,0.181778,-0.028877,0.06327,-0.089706,0.161213,-0.298949,-0.161021,-0.008709,-0.13278,-0.16328,-0.103365,-0.123318,-0.058262,0.280183,0.102147,-0.282951,-0.080395,-0.348214,0.279797,-0.043376,-0.074853,0.223494,0.078151,-0.059662,0.216055,0.471923,0.041864,-0.019521,-0.14651,-0.160522,#
17,0.052255,0.041427,0.035844,-0.286558,0.29392,-0.092811,0.117323,-0.356501,0.440094,0.231244,0.000509,-0.12417,0.331418,0.209688,-0.025921,-0.129142,0.083609,1.0,0.495938,0.021299,0.186917,-0.222214,0.249925,-0.273735,-0.300531,-0.254639,0.098183,-0.030554,-0.042717,0.046444,0.194061,0.218354,0.069902,-0.066865,0.116788,0.071661,0.06943,-0.365656,-0.446537,-0.185345,-0.336737,0.106227,-0.237285,-0.102901,0.213057,-0.239921,0.156525,0.347265,-0.155727,0.030608,0.263515,-0.0279,0.266475,-0.014589,-0.121495,-0.066664,0.140729,-0.061979,0.355863,-0.024404,0.112996,0.051969,0.044588,-0.343313,-0.09475,0.174005,0.112833,-0.091335,0.221483,-0.088097,0.089021,-0.101059,-0.527412,-0.169659,0.133736,0.213499,-0.109216,-0.399859,-0.128013,0.064001,-0.232509,0.032109,-0.370313,0.038984,-0.049081,-0.048236,-0.205852,0.30515,-0.190875,0.205574,-0.414049,-0.228424,-0.474376,0.059038,-0.076184,-0.328444,-0.022189,-0.27121,-0.252107,-0.070539,-0.180748,-0.191426,-0.108645,-0.044452,-0.096141,0.127819,0.060445,0.139665,-0.157571,-0.2393,0.238934,0.0,0.028438,-0.226662,-0.135716,-0.164373,-0.021703,0.174218,0.444878,-0.232759,-0.005973,0.116657,-0.247619,-0.197281,-0.029511,0.333806,-0.168813,0.190821,0.068957,-0.120435,0.076594,0.147051,-0.395421,0.170599,-0.257939,0.11227,0.171407,0.115848,0.08031,-0.115128,-0.039009,-0.113415,-0.012243,0.224893,0.100178,-0.0652,0.478682,0.304607,-0.19059,0.172123,-0.103082,0.057219,-0.046263,-0.505344,0.185298,-0.103103,0.085867,0.578093,-0.239373,0.329206,-0.152968,0.124666,-0.227575,0.318317,0.278498,0.1353,0.110578,0.36095,-0.195498,0.201114,0.117177,0.144319,-0.105345,-0.233715,-0.07248,0.23364,0.09429,0.34362,0.549476,0.009511,0.505826,0.063711,-0.481542,-0.051592,0.233235,-0.026106,0.168969,-0.045261,-0.303388,0.205104,0.016631,-0.181612,0.140237,0.077105,-0.185902,0.096361,0.20599,0.013911,0.270041,-0.080354,#
18,-0.003223,-0.196661,-0.096643,-0.512028,0.021946,-0.193168,0.140722,-0.097509,0.390769,-0.122404,0.075343,-0.19087,0.027844,-0.093582,0.101128,-0.012622,0.256334,0.495938,1.0,0.003171,0.120701,0.061821,0.25578,-0.31382,-0.176605,0.060082,0.025308,0.276557,-0.033685,0.216216,0.27895,0.07253,0.14664,-0.12843,0.053123,0.361237,-0.195908,-0.153058,0.024691,-0.167155,-0.108426,-0.135239,-0.169972,0.222334,0.23834,-0.390404,0.253097,0.173315,-0.2041,-0.044337,0.200435,-0.12442,0.006594,-0.028518,-0.012551,0.215139,0.374919,-0.128374,0.151276,-0.109938,-0.116759,-0.237058,-0.114403,-0.056221,-0.004,0.181249,0.356509,-0.124846,-3.8e-05,-0.259175,0.395459,-0.379945,-0.624494,-0.069412,0.208231,-0.121697,0.108001,-0.661876,-0.324655,0.023719,-0.18737,0.068804,-0.197102,-0.125826,0.132966,-0.042364,-0.145999,-0.049606,0.12562,0.205685,-0.07182,0.094508,-0.286311,0.090002,-0.025827,-0.140524,-0.072699,-0.037729,-0.373149,-0.131487,-0.053721,-0.134573,-0.234812,0.173357,-0.339588,0.139453,-0.0549,0.004586,0.478705,0.080285,0.164424,0.0,0.371549,-0.065851,-0.158104,-0.333358,0.134983,0.375681,0.389552,-0.041581,-0.147383,0.133359,-0.189853,-0.128695,0.046674,-0.014611,-0.006983,0.268551,0.205051,-0.039163,0.433881,0.045111,-0.179805,0.110289,-0.332403,-0.253145,0.087687,-0.090249,0.113523,-0.257499,0.163182,0.000257,0.004772,0.253359,-0.188126,-0.224428,0.174863,0.045331,0.274144,0.292872,0.317831,-0.122199,0.295701,-0.444892,-0.172473,-0.22298,0.070224,0.183495,-0.355711,0.419711,-0.220434,-0.182765,-0.373828,0.010594,0.242644,-0.190137,0.159504,0.257981,-0.329914,0.251112,-0.264796,0.237583,0.209671,0.073336,0.139084,0.128958,0.24183,-0.171669,0.052425,0.292376,0.073136,0.21888,-0.173316,0.050896,-0.0704,0.075935,0.433133,-0.143281,-0.078116,-0.218267,0.109354,0.060901,-0.000816,-0.267415,-0.159186,0.287216,0.04214,0.14013,0.124176,-0.358322,#
19,0.077281,0.209561,0.427342,0.064233,0.17463,-0.074661,0.207089,-0.164195,0.293196,0.219003,-0.064094,-0.065142,0.136887,0.314729,0.168824,-0.361695,-0.205556,0.021299,0.003171,1.0,-0.232997,0.008544,0.012263,0.026011,-0.31283,-0.094135,0.07935,0.073922,0.142017,0.208147,-0.131158,0.290524,-0.090294,0.005186,-0.024032,-0.164852,0.036005,-0.229892,-0.205663,-0.216621,-0.301817,0.124831,-0.14336,0.353386,0.024442,-0.27695,0.075189,0.063844,-0.399311,0.375367,0.011875,0.096384,0.226598,0.157261,-0.314307,0.0387,0.122384,0.04036,-0.198073,-0.256541,0.11528,0.092057,-0.030528,0.056233,-0.154212,0.021547,0.517515,-0.244185,0.198281,0.173182,0.16876,-0.051062,0.033589,0.241855,-0.221706,0.051,-0.048636,-0.103067,-0.134478,-0.154861,0.142344,-0.283218,0.095289,0.275239,-0.177011,0.0479,-0.014232,-0.38968,0.033447,-0.326249,-0.183017,0.017003,0.191128,0.159616,-0.389433,-0.027612,0.049643,-0.380127,-0.240437,0.052266,-0.31729,-0.120497,-0.173879,0.108768,-0.180086,0.113289,0.025145,-0.13938,0.206313,0.11819,0.510832,0.0,0.060755,0.014376,0.111401,-0.134982,-0.091866,0.045177,0.346632,-0.161369,-0.026075,0.37444,-0.011076,-0.342372,-0.192044,0.028997,-0.091866,0.139456,-0.044616,-0.264671,0.07301,0.139018,-0.308008,0.077463,0.202646,-0.200457,-0.164195,0.036265,-0.165417,0.043663,0.329162,-0.191275,-0.022924,-0.408581,0.06981,0.167117,0.282577,0.349702,-0.164203,0.425196,-0.092031,0.00338,0.157231,0.208555,0.253305,0.089046,-0.078393,0.28228,0.253305,-0.222996,-0.267317,-0.042262,0.238695,0.241878,0.242893,0.103925,0.155666,0.171596,0.217231,-0.091725,-0.303226,0.254774,-0.182598,0.249367,0.241436,0.114421,0.225346,-0.018462,-0.041047,-0.273705,0.193743,0.015139,-0.265431,0.218072,-0.048252,0.144115,0.186484,0.06981,-0.479671,0.096984,0.046023,-0.232362,-0.090615,0.136625,-0.24703,-0.27157,-0.131226,0.111242,0.242371,0.286869,#
20,-0.270875,0.102997,-0.48464,-0.266683,0.234924,0.032198,0.292775,0.269234,-0.24936,-0.110462,0.264987,-0.260741,0.373523,-0.16108,-0.071487,-0.025923,0.356469,0.186917,0.120701,-0.232997,1.0,0.468126,0.526516,0.270344,-0.237492,-0.017539,0.051083,0.05716,0.213029,0.243571,0.029183,-0.177982,0.40213,-0.188439,0.200122,0.093487,0.196755,-0.066777,0.086158,-0.061792,0.225725,0.375234,0.328114,-0.334411,-0.157679,0.017392,-0.136288,0.205653,0.293892,-0.440995,-0.069048,-0.469995,-0.085273,-0.24419,-0.145323,-0.464679,-0.335632,0.0204,0.373454,0.130494,0.019105,-0.243658,-0.393818,0.055781,0.065958,0.425181,-0.05522,0.140509,0.455563,0.01084,-0.444316,-0.057546,0.177563,-0.307226,-0.099706,0.211904,-0.015425,-0.130637,-0.579219,-0.142081,-0.305787,-0.160352,-0.391585,-0.147809,-0.250033,-0.258446,-0.02582,0.059295,-0.227021,0.246372,-0.514516,-0.616194,-0.517505,-0.323337,0.015872,-0.119918,-0.324796,-0.117773,-0.266495,-0.342511,0.23891,-0.080027,-0.467426,-0.588992,0.21543,-0.278819,-0.169212,-0.370611,-0.284577,-0.145382,0.106985,0.0,-0.328018,-0.28352,0.023948,0.057161,-0.208803,-0.174414,0.012577,-0.300386,-0.077758,-0.414092,-0.22933,-0.441602,-0.342244,0.243619,-0.186343,0.130893,0.398,-0.306719,-0.250475,-0.168001,-0.076855,-0.171827,-0.248646,-0.130535,-0.331132,-0.232603,0.096896,-0.303824,-0.430511,0.139087,-0.191034,0.031193,-0.414567,-0.184775,-0.128427,0.209035,-0.213039,-0.29697,-0.184263,-0.150738,-0.366253,-0.401282,-0.423788,-0.214958,-0.045354,0.245369,-0.389665,-0.057086,0.453188,0.200345,-0.451648,0.136672,-0.206497,0.36187,-0.193405,-0.267002,-0.7698,0.584195,0.155675,0.073903,-0.335796,-0.433628,-0.028733,-0.172413,-0.304752,-0.034782,0.128183,0.074384,0.406814,-0.051409,0.051194,0.209651,0.281389,-0.499772,-0.315387,-0.098615,0.258529,-0.026799,-0.36129,0.514331,0.189966,0.177345,0.222131,0.353303,0.313061,-0.160249,-0.420249,-0.03219,#
