0,1.0,-0.175238,-0.18537,-0.032561,0.019003,0.05331,0.429898,-0.277468,-0.051773,-0.370761,0.699461,0.352854,0.196689,0.074763,0.142534,-0.009739,0.090546,-0.451598,0.374978,-0.075914,-0.007623,0.125762,0.005154,-0.029606,0.019569,0.007154,-0.070004,0.165653,0.160446,-0.055744,-0.005424,-0.021162,-0.147704,-0.081716,0.293741,-0.060122,-0.104938,0.022755,0.041479,0.250975,-0.008693,0.343689,0.087099,-0.062882,0.072517,0.224151,0.209694,0.154174,-0.382405,0.004549,0.042013,0.103313,0.115445,-0.36702,-0.020768,0.059779,-0.266936,0.255912,0.025729,-0.302989,0.249238,0.234357,-0.154089,-0.165106,-0.286174,-0.039367,-0.175164,-0.010031,-0.080038,-0.157143,-0.051739,-0.076127,0.180002,-0.195319,-0.066009,0.089025,-0.590647,-0.165146,-0.359224,-0.293635,-0.335299,-0.241237,-0.073187,-0.45824,-0.011681,-0.263316,0.006807,-0.166179,-0.175682,-0.120006,-0.558776,-0.144697,0.084547,-0.260617,-0.160808,-0.370529,0.170083,-0.533596,-0.435138,0.16751,0.555295,-0.242838,-0.153361,-0.196142,-0.184118,-0.122341,-0.448495,-0.00711,-0.325919,-0.033966,-0.395092,0.068455,-0.354809,-0.142278,-0.007415,-0.108105,0.065041,0.039005,0.287511,-0.312179,-0.202679,0.067114,-0.087814,0.46663,-0.056395,-0.173,-0.312592,0.297381,-0.352192,-0.209008,-0.511301,-0.32202,0.17515,0.247335,0.023415,-0.107874,-0.326794,-0.383394,0.24268,-0.251234,-0.199812,0.106999,0.116957,-0.164338,-0.266602,-0.024645,-0.075858,0.182775,-0.501616,-0.226186,0.091438,-0.37181,-0.226186,0.014337,-0.09913,0.012171,-0.283575,0.085852,-0.350758,0.014417,-0.036379,-0.208586,0.133739,-0.387923,-0.058063,-0.03565,-0.024572,-0.005839,-0.377473,-0.155577,0.278968,-0.405914,0.02459,0.024726,0.055011,0.004643,-0.21116,0.403541,0.088495,-0.237273,-0.055113,-0.119341,0.100603,0.268928,0.100795,-0.012118,0.019411,0.121829,0.489034,0.136518,-0.564183,0.249424,0.436767,-0.005988,0.210625,-0.221318,-0.404937,-0.115214,-0.053126,-0.355784,#
1,-0.175238,1.0,0.302658,-0.274748,0.064127,-0.287574,-0.07184,0.062426,0.013792,0.238356,-0.205043,0.091868,0.329211,0.279153,-0.287419,0.032459,-0.003369,0.146687,0.162283,-0.010215,-0.120591,0.262295,0.006299,-0.078079,0.038697,-0.315627,-0.243399,-0.145934,0.258168,0.14806,-0.088067,-0.119948,-0.236371,-0.003825,0.26728,0.161389,-0.176393,-0.206073,0.029805,0.084898,0.028758,-0.111359,0.274092,-0.253462,-0.396675,-0.027995,-0.239023,0.201348,0.145624,0.30431,0.115107,-0.224373,-0.194905,0.133971,-0.105155,-0.274174,0.114164,-0.276832,0.319603,-0.058972,-0.012666,-0.337804,-0.069183,-0.034346,0.556123,0.283127,-0.475266,0.278981,0.126894,0.157889,-0.064863,0.097065,-0.421153,-0.040206,-0.058732,0.228971,-0.017984,-0.198119,0.16845,-0.313461,-0.191721,-0.431559,-0.187034,-0.235615,-0.272408,0.167434,-0.211137,-0.006594,-0.097557,-0.084717,-0.187702,-0.127357,-0.028779,-0.186965,-0.198599,-0.130143,-0.056024,0.189889,0.425509,-0.030797,-0.224704,-0.157056,-0.054652,0.05254,-0.105569,-0.154877,0.097128,-0.210567,-0.398825,-0.100871,0.381518,-0.358672,0.046871,-0.13609,0.023513,-0.342404,-0.262892,-0.054079,0.021954,-0.033816,-0.165043,0.182175,-0.260388,-0.366942,-0.20994,-0.120424,-0.091186,-0.088373,-0.094598,-0.141462,0.056613,-0.166423,-0.241262,0.009786,-0.19111,-0.120756,0.13904,-0.039327,-0.091186,-0.231329,-0.283777,-0.306043,0.256097,-0.164097,0.005922,-0.180728,-0.62611,0.076161,0.216322,0.172561,-0.23001,0.412685,0.184778,-0.301277,-0.064499,-0.240228,0.067973,0.351279,0.147806,0.032793,-0.045186,0.075068,0.002708,0.342608,-0.132297,0.187626,0.173526,0.090479,-0.038138,0.181518,0.20292,0.118049,-0.215739,0.147956,-0.00116,-0.018633,-0.075012,0.322049,0.112905,-0.056775,0.199572,-0.154554,0.237529,0.121502,0.178222,0.060773,-0.031724,-0.163762,-0.022217,0.230634,-0.151943,0.199669,-0.103777,0.270696,0.151593,0.029042,0.068829,0.071491,0.243012,0.272326,#
2,-0.18537,0.302658,1.0,-0.58356,-0.081218,0.011674,0.164928,-0.158134,0.116525,0.252853,-0.307661,-0.370895,0.172552,0.026168,-0.303175,0.122233,-0.122449,0.590401,-0.067653,0.042365,-0.34338,-0.110238,0.049267,-0.196377,0.23819,-0.193226,-0.283314,-0.325697,0.07633,0.099024,-0.192656,-0.03748,-0.501928,0.029315,0.109625,0.337341,-0.041966,0.397151,0.058843,-0.32601,0.132735,-0.281432,-0.027932,-0.074217,-0.071182,-0.414175,-0.347699,-0.138059,0.160575,0.227728,0.277987,-0.388423,0.113207,-0.120704,-0.214811,0.173797,0.064976,-0.37719,0.204447,-0.181146,0.497258,0.04793,0.146995,-0.251361,0.167348,0.450307,0.030442,0.01457,0.177697,0.126761,-0.227411,-0.042335,-0.576219,-0.132311,-0.02418,-0.243404,-0.131621,-0.232354,0.002528,-0.081457,-0.03092,-0.049443,0.140004,0.136156,-0.211624,0.112642,0.006472,-0.136626,-0.313609,0.114412,0.119382,-0.115281,-0.197471,0.055113,-0.216865,0.053264,-0.21041,0.425733,-0.154818,-0.03443,-0.230847,-0.182856,-0.042438,0.004094,0.011932,-0.20974,0.20702,-0.299618,0.017557,0.060488,0.252035,-0.301152,0.005945,-0.003962,0.028469,-0.090586,0.039246,0.198086,-0.017608,-0.148057,-0.075234,0.037967,0.015138,-0.543068,-0.165005,-0.123219,0.285228,-0.136354,0.090523,0.036745,0.157577,0.006939,-0.103852,0.017053,-0.213502,-0.37069,0.23679,0.19192,-0.355918,-0.071394,-0.186437,-0.234357,0.033073,-0.374229,-0.075616,-0.045591,-0.081348,0.19292,0.079794,0.048732,-0.248668,0.117678,0.057529,-0.259511,-0.221366,-0.133254,0.041254,0.112585,0.121083,0.063078,0.159821,-0.244781,-0.179404,0.429701,-0.085108,0.126421,0.055006,0.038228,0.174999,0.044692,-0.013282,-0.068084,0.036263,-0.334705,-0.129243,0.07059,-0.004324,0.173499,0.048042,-0.217397,0.168007,-0.034204,-0.085998,-0.127229,0.137911,0.131773,0.228185,-0.177849,-0.251969,-0.338755,0.114849,-0.223261,-0.204209,0.117216,-0.053326,0.010626,0.110707,0.480662,0.219955,0.285422,#
3,-0.032561,-0.274748,-0.58356,1.0,0.015042,0.076686,-0.141505,0.230703,-0.321359,-0.240056,0.175528,0.167039,-0.197197,-0.382544,0.173593,-0.342893,0.106745,-0.118629,-0.055732,-0.078411,0.35194,-0.269044,-0.168458,0.207136,-0.060727,0.169473,0.037193,0.158546,-0.151795,-0.156626,0.238121,-0.184069,0.51882,-0.09521,-0.079379,0.046719,-0.157971,-0.2621,-0.02464,0.182816,-0.128318,-0.227825,-0.079421,0.057172,0.113849,0.436393,0.057564,-0.294658,0.041085,-0.34679,-0.205269,0.544675,0.003315,0.27726,0.352343,-0.135673,0.243028,0.426806,-0.190237,-0.01779,-0.459753,-0.096563,-0.03732,0.030811,-0.199713,-0.208753,0.148015,-0.056809,0.008786,-0.144574,0.100468,-0.301318,0.238948,0.35476,0.203892,-0.315181,0.266422,0.322618,0.2043,0.116671,0.15373,0.201563,0.070354,-0.107089,0.012603,0.111436,0.159985,0.341909,0.360272,-0.21217,0.217077,0.344514,0.257064,-0.131196,0.332703,0.509725,0.144985,-0.155533,-0.086141,0.201143,0.158899,0.222444,0.34099,0.187004,-0.071285,-0.028416,-0.011535,0.35069,-0.03338,0.032433,-0.250675,0.123407,0.00703,0.137763,-0.007453,0.302161,0.259965,0.259704,-0.156437,0.232672,0.374592,-0.028875,-0.08257,0.352184,0.302712,0.161833,-0.221614,-0.011007,0.074275,0.343785,-0.058747,0.455799,0.322832,-0.17413,0.339752,0.280229,0.076109,0.163258,-0.025964,0.231394,0.019089,0.053956,0.27684,0.430077,0.436784,-0.070924,0.302018,-0.479749,0.184655,-0.15287,0.427477,-0.01329,0.019321,0.183668,0.362075,-0.000348,-0.242794,-0.419553,-0.02718,0.15754,-0.028256,0.403876,0.173578,-0.22548,0.109514,-0.479955,0.23501,-0.245922,0.003705,-0.033252,0.190757,0.307166,-0.014161,0.408966,0.273192,0.167352,0.034387,-0.2641,-0.285431,0.573123,-0.466566,0.399873,-0.0522,-0.12548,-0.161485,0.008201,0.035696,0.446551,0.362416,0.04138,0.136601,-0.042736,-0.116938,-0.354647,-0.080789,0.001173,-0.215431,-0.480864,-0.340925,-0.328591,#
4,0.019003,0.064127,-0.081218,0.015042,1.0,-0.06017,0.012499,0.049752,-0.201255,-0.164513,0.168584,0.031032,-0.241807,-0.190914,-0.154153,-0.220609,0.206123,-0.24163,0.042648,-0.147612,-0.056688,-0.326452,0.060254,-0.096591,-0.002385,0.038226,-0.223306,-0.202513,-0.113523,-0.374317,-0.064601,-0.192127,0.06027,-0.323906,0.177571,-0.158901,-0.210466,-0.340814,0.328571,0.273747,0.24821,-0.159094,-0.36887,-0.249232,-0.223876,0.055518,-0.155777,-0.260945,-0.212113,-0.088354,-0.117905,0.142455,-0.236731,-0.068001,-0.078623,-0.08096,-0.165676,0.296648,-0.066955,0.218784,-0.352434,0.016404,-0.029459,-0.348225,-0.092018,-0.098478,0.360037,-0.068172,-0.191613,-0.211559,-0.174637,-0.046751,-0.175296,0.027944,0.334318,0.019843,-0.070487,-0.069033,-0.007458,-0.140705,-0.464978,0.065814,0.394811,-0.030619,0.324191,-0.105525,-0.080171,0.056752,0.101284,0.059416,0.065851,0.202759,0.289815,0.053644,0.271692,-0.062925,0.454473,0.10778,0.424523,-0.100237,0.114594,0.058073,0.162228,-0.086896,0.022182,-0.004708,0.172312,-0.166392,-0.15611,0.048099,0.117055,-0.002267,-0.260908,0.018167,-0.303008,0.347235,0.016535,0.277881,-0.174138,0.209944,-0.114497,-0.092391,-0.240971,0.187168,-0.021629,-0.035113,-0.296378,-0.193162,-0.274269,-0.232624,-0.335345,-0.332503,0.054235,0.131212,-0.080223,0.004237,0.241253,-0.09715,-0.049736,-0.196469,-0.010869,-0.286312,0.201291,0.142548,-0.041388,-0.128693,0.218121,-0.101827,0.217624,0.033259,-0.01086,0.150265,-0.18043,0.266555,-0.374039,-0.228976,0.054666,0.10251,-0.03718,-0.04255,-0.384274,-0.104117,0.104634,0.247378,-0.172783,-0.027717,-0.178197,-0.069537,0.082982,0.357212,0.188716,-0.030996,0.147016,-0.030876,-0.135891,0.050448,0.078756,-0.104902,-0.206315,-0.108872,-0.011788,0.107194,-0.193291,-0.227457,0.003152,-0.0995,-0.231551,0.242689,0.305035,0.066775,-0.243815,-0.065358,0.176597,0.193468,-0.150999,-0.023799,0.104094,0.242689,0.019081,-0.058916,#
5,0.05331,-0.287574,0.011674,0.076686,-0.06017,1.0,0.102192,0.091791,0.0971,0.105408,-0.042275,-0.067228,0.04643,-0.156889,0.215125,0.100626,0.010994,0.159078,0.059527,0.016908,-0.192821,-0.122189,0.257846,-0.076058,-0.101117,0.314311,-0.232932,-0.03504,0.24916,-0.022108,-0.242415,0.137463,0.082782,0.196325,-0.031362,-0.033001,0.191658,0.06688,-0.141563,-0.249435,-0.159184,0.180915,-0.212238,-0.062258,0.065944,0.011487,0.264916,-0.036326,0.267388,-0.154531,0.017565,-0.038027,0.539571,0.011458,0.047665,0.154502,-0.118555,0.173443,-0.164765,0.083543,0.123096,0.162917,0.107483,0.08943,-0.292293,-0.27147,-0.103301,-0.113732,0.025383,-0.391326,-0.144869,-0.251216,-0.001885,0.196293,-0.096454,0.16777,-0.018927,0.019316,-0.079984,0.187104,-0.15911,-0.024577,-0.011792,0.462312,0.082603,-0.148881,-0.1965,0.053647,-0.039317,-0.130873,0.157507,-0.013528,0.001425,-0.309403,-0.188685,0.27523,-0.027566,-0.153324,-0.070826,-0.21028,0.392122,0.148307,-0.072802,-0.1872,-0.364852,-0.273369,-0.09326,0.135746,-0.131964,-0.211208,-0.019364,0.450864,-0.166456,-0.126888,0.245332,-0.13508,0.221253,0.145869,0.28755,-0.082963,0.157592,-0.063326,-0.0012,0.032272,-0.434578,0.21117,0.186968,-0.162661,-0.375885,0.282164,-0.010059,-0.128218,-0.133647,0.275361,-0.54041,-0.099073,-0.208978,0.303562,-0.029848,0.299648,-0.069463,-0.066048,-0.319636,-0.12526,0.109112,-0.151762,0.294939,-0.01497,-0.476699,-0.214333,-0.077619,-0.446314,0.41033,-0.235137,0.317424,0.101581,0.184196,-0.312198,-0.417895,-0.072484,-0.162468,-0.003446,0.328888,-0.298391,0.324401,-0.061341,0.001448,-0.240919,0.141667,-0.533315,-0.079813,-0.280978,-0.131281,-0.04211,0.182508,0.212367,-0.062299,-0.181646,-0.045581,0.044191,0.2652,0.129238,-0.125628,-0.204808,0.241051,-0.001231,0.365368,-0.103788,-0.03075,-0.012203,-0.029937,-0.11303,-0.091882,0.036481,-0.273972,0.513994,0.006712,0.093654,0.128077,-0.076185,#
6,0.429898,-0.07184,0.164928,-0.141505,0.012499,0.102192,1.0,-0.248555,0.307078,0.02613,0.149866,0.131856,0.19869,0.099691,-0.022269,0.157539,0.070777,0.136665,0.275392,0.279518,-0.280183,-0.162486,0.0271,-0.004542,-0.030322,-0.006465,-0.248895,0.038564,0.522546,-0.175593,0.119244,0.090926,-0.145495,-0.053613,0.082002,-0.172202,0.416845,0.031732,0.316961,0.187424,0.238141,0.161105,-0.259924,-0.146791,-0.076063,-0.193594,-0.04949,0.023252,-0.164861,-0.212169,-0.236701,-0.427367,0.433842,-0.262056,0.321094,-0.218987,-0.110353,-0.240442,0.168826,-0.268243,0.418998,0.215609,-0.194487,0.061591,0.104771,0.31628,-0.049851,0.08123,0.325837,-0.149276,-0.155276,0.078248,-0.17302,-0.366875,-0.310776,-0.124003,-0.412341,-0.389997,-0.32104,-0.058079,-0.389925,0.049526,0.21963,-0.29242,-0.147574,-0.224121,-0.043845,-0.159887,-0.272297,-0.375324,-0.426926,-0.246027,-0.406363,-0.147227,-0.40736,-0.286133,0.047109,-0.171217,-0.475477,-0.012064,0.141896,0.047989,-0.303206,-0.213108,-0.384002,-0.187162,-0.189107,-0.138805,-0.038283,-0.367539,0.231385,-0.055608,-0.214769,-0.201007,0.002779,-0.267689,0.067229,0.089408,0.402629,-0.355096,-0.257195,-0.066331,-0.25114,0.080267,-0.253713,-0.038395,0.108055,0.206021,-0.198079,-0.135007,-0.253731,-0.189107,-0.017621,0.178479,-0.037845,-0.337999,-0.16739,-0.17795,0.096581,-0.289426,-0.164608,-0.137337,-0.095608,-0.386986,-0.293965,-0.130846,0.077799,0.520781,-0.339406,-0.37285,-0.14044,-0.473464,-0.163915,-0.165476,-0.015494,-0.033386,0.239174,0.235627,-0.254952,-0.193756,0.01835,-0.264714,0.365282,0.010574,-0.237124,0.185536,0.024908,0.220118,-0.174143,-0.268296,0.166108,-0.392799,-0.104038,-0.073628,0.074295,-0.195343,-0.019312,0.534129,0.204043,-0.36653,0.192528,-0.131884,-0.269168,0.194387,-0.148498,-0.365279,0.237834,0.05881,-0.016003,0.243673,-0.472432,0.151819,-0.00451,0.371452,0.228291,-0.24176,-0.262804,0.041004,0.156481,0.168105,#
7,-0.277468,0.062426,-0.158134,0.230703,0.049752,0.091791,-0.248555,1.0,-0.347675,0.284452,-0.120194,-0.149015,0.394299,-0.102686,0.097697,0.249692,0.220016,0.099665,-0.199377,-0.312228,0.182142,0.0032,0.157351,0.14395,-0.274384,0.058334,-0.136089,-0.130904,-0.188246,0.113384,-0.056785,0.097364,0.314164,0.248495,-0.140129,0.133119,-0.171532,-0.200378,-0.405193,0.082529,-0.055029,-0.097273,0.037366,-0.054674,0.078021,-0.012287,0.532445,-0.07387,0.315522,-0.028967,-0.106912,-0.186112,0.048265,-0.130919,-0.078069,-0.169945,0.487134,-0.064055,-0.018983,0.604923,-0.159566,-0.589009,-0.041021,0.238224,0.031689,-0.097529,0.157196,0.005587,-0.129913,-0.115329,0.313528,-0.074883,-0.379591,0.158899,0.260802,-0.142299,-0.092397,-0.022665,-0.059535,0.058137,-0.011206,-0.247914,-0.299744,0.1408,0.106243,-0.127023,0.329468,0.007929,0.265307,0.351223,0.187728,0.072676,-0.008546,-0.007535,-0.182501,0.222767,-0.021606,-0.003894,0.392546,-0.239921,-0.17945,0.124778,-0.029694,0.365745,-0.101803,0.204306,-0.113908,-0.136423,0.195091,0.184163,0.135566,0.084803,0.14251,0.320915,-0.183496,0.098078,0.142082,-0.189502,-0.218949,-0.151756,0.217636,-0.273392,-0.081906,0.13716,0.003567,-0.092516,0.041721,-0.07466,0.100296,-0.123387,-0.135997,0.273857,-0.064291,-0.192992,-0.010299,0.330786,0.127734,0.008106,-0.12058,-0.060703,-0.108768,-0.093363,-0.205665,0.070378,-0.143061,-0.167232,-0.02532,0.192493,-0.033888,0.046969,-0.058918,-0.075781,0.065096,0.113384,-0.060687,-0.207847,0.101533,0.24924,0.154566,0.175175,-0.107032,0.217271,0.080561,0.062611,0.340693,-0.241706,-0.368373,-0.14112,0.113849,0.176454,-0.016045,0.23324,-0.392678,-0.144037,0.155182,-0.007778,-0.32144,-0.213737,-0.246577,-0.040301,0.185827,0.289236,0.21521,-0.234943,0.219663,-0.129033,0.10152,-0.141418,-0.165335,0.219089,0.036196,-0.283036,-0.227981,0.150419,-0.118058,0.004893,0.128264,-0.098385,-0.205305,0.006343,#
8,-0.051773,0.013792,0.116525,-0.321359,-0.201255,0.0971,0.307078,-0.347675,1.0,0.21148,-0.12206,0.286047,-0.280148,0.09328,0.024747,-0.062175,-0.210533,-0.02814,0.103865,0.238503,-0.027812,-0.00317,0.031384,-0.144228,0.190467,0.089232,0.010956,0.151946,0.191873,-0.236897,-0.210888,0.095166,0.016605,-0.000789,-0.224446,-0.370156,0.298381,0.11381,0.141387,-0.151199,0.106158,0.097105,-0.240398,-0.028008,0.089172,-0.155818,-0.324638,0.225055,0.164843,0.097459,-0.318638,-0.174268,0.404354,0.333288,0.201522,0.175443,-0.350997,-0.232239,-0.113665,-0.10326,0.146812,0.137957,0.206544,-0.041857,0.247291,0.294822,-0.323052,0.214878,0.270173,0.175706,-0.215011,0.252751,0.250148,-0.163479,-0.341535,-0.015651,0.134134,-0.247624,-0.144693,0.08746,-0.046206,0.076743,0.274061,-0.048529,0.015376,0.069103,-0.496785,-0.275826,-0.008088,-0.410913,-0.062411,-0.412761,-0.391749,0.004086,-0.075207,-0.168382,-0.115811,-0.054418,-0.311074,-0.098802,0.048653,0.277007,-0.133505,-0.108414,-0.027794,-0.306841,0.047232,-0.059604,-0.031793,-0.165091,0.167766,-0.100663,0.085738,-0.031725,0.247128,-0.220632,-0.111588,-0.212225,-0.139474,-0.10884,-0.065521,0.133737,0.142146,-0.084769,-0.181273,0.015191,0.274861,-0.235142,-0.08318,0.160475,0.360311,-0.122457,-0.295645,-0.238338,-0.248529,0.049095,-0.273475,0.120159,0.162863,0.021188,0.011586,0.084992,-0.147672,-0.281699,0.017474,-0.244481,-0.273529,0.125242,-0.087193,-0.162732,0.127885,-0.203323,-0.145444,-0.275048,0.194434,0.084742,0.235365,0.28289,-0.178757,-0.194178,0.0319,-0.255113,-0.067705,-0.103072,-0.373913,0.063234,0.055314,0.056027,-0.06386,-0.101854,-0.221425,-0.235223,0.029957,0.126561,0.170649,0.02256,0.235076,0.223574,0.440959,-0.180228,0.170587,-0.135722,-0.217817,0.156861,-0.197508,-0.089751,0.158891,-0.340655,-0.338405,-0.001848,0.022111,0.271281,-0.043094,0.218539,0.104566,-0.049739,-0.154442,-0.192909,0.026305,-0.012589,#
9,-0.370761,0.238356,0.252853,-0.240056,-0.164513,0.105408,0.02613,0.284452,0.21148,1.0,-0.254538,-0.176515,0.239379,0.355085,-0.270365,0.023281,-0.207066,0.343641,0.022005,-0.010927,-0.276175,0.14654,0.253678,-0.054614,-0.017474,-0.000438,-0.217676,-0.237299,0.320091,0.403342,-0.244735,0.013038,0.009152,-0.024952,-0.164392,0.212022,0.241948,-0.149183,-0.262083,-0.264394,0.202261,-0.162675,0.229847,-0.280641,0.049587,-0.258911,-0.191137,0.163584,0.406943,0.082508,-0.195421,-0.41627,0.446566,-0.066694,0.07441,-0.055132,-0.123659,-0.516337,0.128203,0.312126,0.33854,-0.306581,-0.38799,0.042514,0.155838,0.332341,-0.139468,0.185008,0.044192,0.043049,0.058205,0.243274,-0.439024,-0.268971,-0.002656,-0.064169,0.125697,-0.248435,-0.108243,0.081559,-0.033197,-0.222519,-0.236,0.315803,-0.424552,-0.022645,-0.093339,-0.272441,-0.375501,-0.05065,-0.052051,-0.100739,-0.56626,-0.013426,-0.306529,-0.03076,-0.659642,0.13779,0.135771,-0.42401,-0.426512,-0.208121,-0.242994,0.024231,-0.092867,-0.330503,-0.008071,-0.502335,0.309614,-0.222296,0.523376,0.27761,-0.069645,-0.168901,-0.055265,-0.52503,-0.329388,-0.05855,0.152992,-0.328892,-0.356,-0.08858,-0.231827,-0.248544,-0.338698,0.287517,0.433223,-0.159638,-0.175431,-0.372668,0.282855,0.066429,-0.52742,-0.203506,-0.455905,-0.276648,0.247033,0.334522,-0.079737,-0.287093,-0.110218,-0.401365,-0.338795,-0.250657,-0.305703,-0.392234,-0.478307,0.338232,-0.202273,-0.286211,-0.430792,-0.217579,-0.005827,-0.675803,0.137535,-0.500368,0.636678,0.448342,-0.315383,-0.482467,-0.14601,-0.185768,-0.059903,0.086969,0.065868,0.337686,-0.215867,-0.448604,0.159141,-0.152337,-0.266806,-0.025432,-0.127517,-0.176895,0.424593,-0.484162,-0.040441,-0.095252,0.549521,-0.245766,0.655314,0.20405,-0.198241,-0.175857,0.167643,-0.365322,0.078111,-0.270155,-0.6651,0.237352,-0.118041,-0.06465,-0.012154,0.314283,-0.290383,-0.004508,0.387719,0.146689,-0.075529,0.303694,#
10,0.699461,-0.205043,-0.307661,0.175528,0.168584,-0.042275,0.149866,-0.120194,-0.12206,-0.254538,1.0,0.350824,-0.047576,-0.056114,0.044683,-0.217898,0.21631,-0.424086,0.212338,0.012136,0.128989,-0.018384,0.0658,-0.108908,-0.006409,0.287505,-0.031359,0.140302,0.042194,-0.183477,-0.066171,0.101947,0.24243,0.019524,0.211258,-0.157834,-0.425522,-0.070715,-0.160582,0.275344,-0.24387,-0.085979,0.142635,0.154848,0.347994,0.419503,-0.04075,0.171306,-0.263657,-0.096176,0.045838,0.223891,0.092503,-0.138845,-0.012035,0.166009,-0.18311,0.476236,0.092199,-0.056937,-0.013471,-0.002163,0.027972,-0.139581,-0.636387,-0.085014,0.126175,0.345795,-0.198829,-0.106719,0.265395,-0.051952,0.241694,-0.124992,-0.13626,-0.194951,-0.252041,-0.084663,-0.336269,-0.108778,-0.095958,0.04281,0.068672,-0.215757,0.006847,0.0456,0.087123,0.061245,-0.037764,-0.095672,-0.264643,0.18684,0.301513,-0.006578,0.092891,-0.203879,0.288953,-0.556895,-0.299447,0.276899,0.297496,-0.277452,0.173102,-0.267719,-0.006652,-0.152933,-0.156229,0.102531,-0.029332,0.250144,-0.531697,0.171062,-0.109508,0.159443,0.053258,0.17417,-0.138408,-0.046599,0.182751,-0.075231,-0.082747,0.358163,-0.079233,0.524455,0.034212,-0.020462,-0.46282,0.270886,-0.229922,-0.223653,-0.259072,-0.324458,0.220785,-0.040318,0.09708,0.019939,-0.011475,-0.300224,0.136479,-0.026105,-0.025818,0.26567,0.388178,0.20354,-0.188327,-0.130837,-0.018272,-0.061315,-0.304254,-0.159735,0.312755,-0.436711,-0.151488,0.101323,-0.090835,0.11419,-0.404587,-0.101888,-0.237314,0.15223,-0.036124,0.086296,0.103948,-0.386582,-0.076912,-0.164735,0.040151,-0.316399,-0.097623,0.130981,0.337505,-0.269759,0.318273,0.174192,0.023182,0.210208,-0.13742,0.054959,-0.062434,-0.098462,-0.174654,0.059329,0.009853,-0.052326,-0.010124,-0.092727,0.051152,0.257079,0.38053,0.242604,-0.261266,0.344285,0.150702,-0.154846,0.045969,-0.360993,-0.241527,-0.164947,-0.367583,-0.560923,#
11,0.352854,0.091868,-0.370895,0.167039,0.031032,-0.067228,0.131856,-0.149015,0.286047,-0.176515,0.350824,1.0,0.037113,-0.058163,0.167643,-0.330561,-0.076243,-0.269286,0.034818,-0.08365,0.306356,0.05767,0.180817,0.155173,0.001256,-0.190393,0.075572,-0.050462,0.000203,-0.057755,-0.282582,-0.075064,0.364898,0.092864,0.310548,-0.44219,0.109257,-0.491741,0.306625,0.234235,-0.055681,0.265745,-0.264767,-0.256427,0.055786,0.565319,-0.124104,0.391417,0.140414,-0.00698,-0.455109,0.290684,0.089859,0.261892,0.314117,0.00336,-0.26349,0.111004,-0.52059,-0.071369,-0.244985,-0.127244,-0.040049,0.126387,-0.027364,-0.019357,-0.175745,0.371331,0.190711,-0.004297,-0.141972,-0.007889,0.162214,0.161581,-0.020847,-0.15796,-0.079476,0.05558,-0.174073,-0.108646,-0.328178,-0.235977,0.256348,-0.266339,-0.002706,-0.264735,-0.33755,-0.159729,0.300967,-0.264932,-0.213985,-0.114655,0.097036,-0.268227,0.200454,-0.022584,0.179494,-0.260956,-0.219013,0.168904,0.217346,-0.033148,0.149813,0.201216,0.071233,-0.127989,-0.123851,0.148111,-0.151415,-0.042795,-0.027231,-0.104057,0.189097,0.013688,0.015153,-0.11649,0.122311,0.078976,0.038484,0.181142,-0.038738,0.049492,-0.074711,0.36817,-0.121588,0.074507,-0.111565,-0.265123,-0.418472,0.134333,0.055061,-0.124572,-0.324445,0.263256,-0.141141,0.370257,-0.326695,-0.174532,0.467012,-0.231115,-0.018474,0.09204,0.088897,0.012144,0.271774,-0.482209,-0.07659,-0.071012,-0.167064,-0.234463,0.270742,-0.154111,-0.226472,-0.001214,0.290629,0.169156,0.027301,0.046067,-0.140164,-0.14557,-0.208052,0.116578,-0.166934,-0.044685,-0.44017,-0.345348,0.169353,-0.003605,-0.017164,-0.164437,0.308708,-0.168997,-0.001605,0.053668,0.25561,-0.008594,0.325258,0.256588,0.263436,0.303776,-0.18936,0.249412,-0.100485,-0.043111,0.130889,0.029418,-0.079327,-0.04143,0.1962,0.356866,-0.339784,0.498612,0.119852,-0.040205,-0.133472,-0.028182,-0.220527,-0.281716,-0.019053,-0.341796,#
12,0.196689,0.329211,0.172552,-0.197197,-0.241807,0.04643,0.19869,0.394299,-0.280148,0.239379,-0.047576,0.037113,1.0,0.465013,0.077872,0.28536,0.041697,0.388914,0.193241,-0.130775,-0.101475,0.077004,0.294665,0.161323,0.011274,-0.358641,0.167041,0.05095,0.314798,0.281854,0.195194,0.046823,-0.259868,0.228636,-0.023897,0.059555,0.038133,-0.049513,-0.17665,0.132838,-0.026767,0.279083,0.148196,-0.183648,-0.285935,-0.204735,0.370573,0.282283,0.245262,0.196862,-0.0664,-0.259779,0.324075,-0.238993,-0.175087,-0.085103,0.250329,-0.476367,0.019847,0.136952,0.514302,-0.373131,-0.343764,0.162508,0.242309,0.078538,-0.211887,-0.05539,0.092569,0.058296,-0.090631,-0.087178,-0.567798,-0.140476,-0.036227,0.037632,-0.489029,-0.169228,-0.378214,-0.043956,-0.166466,-0.568721,-0.391664,-0.056949,-0.173618,-0.216337,0.206824,-0.085371,-0.095142,0.108111,-0.416781,-0.051192,-0.315727,-0.352784,-0.375823,-0.122165,-0.298299,-0.0333,0.084962,-0.391064,-0.16953,-0.377461,-0.173818,0.170452,-0.232697,0.018413,-0.326238,-0.147611,0.010151,-0.13838,0.256927,-0.063554,-0.00888,0.01253,0.12513,-0.476973,-0.146045,-0.151746,0.367349,-0.33676,-0.017255,-0.187997,-0.301131,-0.16962,-0.321218,-0.04998,0.116205,0.308761,-0.140865,-0.294285,-0.119961,-0.008049,-0.261168,0.166415,-0.166024,0.028071,-0.054433,-0.208528,0.067011,-0.424986,-0.525873,-0.076214,-0.122317,-0.259805,-0.250593,-0.010115,-0.313601,0.645457,-0.295272,-0.139201,-0.423875,-0.107003,0.099648,-0.199635,-0.183306,-0.273678,0.17763,0.241691,-0.078482,-0.091482,0.028323,-0.02908,0.020451,0.117855,0.186628,0.202868,-0.113717,0.229474,-0.209469,-0.206972,-0.191609,-0.206501,-0.503218,-0.077745,0.03893,-0.291899,-0.41613,0.338191,0.065153,-0.271486,0.350133,-0.055392,0.353026,0.069422,0.515825,-0.195814,0.190606,0.100844,-0.135965,0.325877,-0.300428,-0.188671,-0.033577,0.288947,-0.041947,-0.021888,0.145248,0.052774,0.097417,0.28135,#
13,0.074763,0.279153,0.026168,-0.382544,-0.190914,-0.156889,0.099691,-0.102686,0.09328,0.355085,-0.056114,-0.058163,0.465013,1.0,0.050027,0.133003,-0.316675,0.02441,0.585329,0.331262,-0.038706,0.388337,0.452989,-0.197294,-0.047026,-0.184325,0.307925,0.247764,0.417477,0.021731,0.395419,0.168851,-0.283127,0.055536,-0.290557,-0.18893,-0.055684,0.068136,-0.236508,-0.247634,-0.016666,0.238543,0.351654,-0.172981,-0.338409,-0.363778,-0.088371,0.373205,-0.167312,0.0599,0.083279,-0.142167,0.125021,-0.169541,-0.230781,0.047953,-0.234857,-0.320515,0.028374,0.038015,0.494883,-0.179555,-0.200102,0.092951,0.286714,-0.033008,-0.29273,-0.045369,-0.09902,0.324397,-0.115735,0.376521,-0.029071,-0.625038,-0.196396,0.213648,0.00151,0.066771,-0.195018,0.165441,0.192691,-0.234103,-0.327896,-0.060991,-0.227304,0.202568,-0.147936,-0.260052,-0.347231,0.041873,-0.490592,0.044368,-0.293098,-0.309674,-0.151167,-0.35531,-0.353573,0.119579,0.147457,-0.204109,-0.330784,-0.197111,-0.190127,-0.272382,-0.026265,-0.111355,-0.061937,-0.316331,0.028476,-0.18941,0.31227,0.075827,-0.308552,-0.071037,0.395456,-0.478904,-0.287316,-0.305472,0.300471,-0.316661,-0.115297,0.152714,0.009891,-0.296751,-0.247061,0.182085,0.155317,0.256884,-0.002728,-0.367045,0.225552,-0.274238,-0.263919,-0.16471,0.051274,-0.098472,0.053041,-0.063285,0.201338,-0.435639,-0.108215,0.023226,-0.11208,-0.152693,-0.355423,0.134162,-0.447987,0.434756,-0.284816,0.010564,-0.375171,0.0,0.184182,-0.387145,-0.254541,-0.209365,0.421686,0.222702,-0.175227,-0.242095,0.297809,-0.298094,0.186769,-0.185613,0.068624,0.762241,0.223928,0.252715,-0.243933,-0.070595,-0.346524,-0.120237,-0.309741,-0.007914,-0.127331,-0.605673,-0.203595,0.223738,0.43591,-0.247228,0.257434,-0.452864,0.261299,0.313615,-0.051264,-0.387798,-0.200086,0.150912,-0.279583,0.010918,-0.022184,-0.043564,-0.062796,0.26881,0.256548,-0.256899,0.053087,-0.044052,-0.06571,0.265444,#
14,0.142534,-0.287419,-0.303175,0.173593,-0.154153,0.215125,-0.022269,0.097697,0.024747,-0.270365,0.044683,0.167643,0.077872,0.050027,1.0,0.029245,-0.031671,0.040553,-0.043865,0.165678,0.254234,-0.094208,0.291855,0.262896,-0.018509,0.062941,0.239568,0.083751,-0.219949,-0.038667,0.046649,-0.056983,0.305589,-0.026021,-0.223428,-0.270603,-0.10004,0.097115,-0.027912,-0.271429,-0.314425,0.124709,-0.180734,0.188008,0.227583,-0.091997,0.382687,0.09285,0.078149,-0.09552,-0.060942,0.256502,0.097969,-0.287004,-0.215414,0.311329,-0.019448,0.072198,-0.311545,0.036822,0.033031,0.317268,0.165801,-0.023891,-0.22896,-0.253609,-0.134507,-0.232018,-0.100508,-0.259164,-0.217086,-0.016989,0.179819,0.129819,-0.185974,-0.02545,-0.247384,0.278935,-0.481893,0.466236,0.144578,-0.059973,-0.24242,0.017872,0.018331,-0.183705,0.281378,-0.040278,0.258801,0.12757,-0.232803,-0.174332,0.063076,-0.417117,-0.070383,0.073793,0.048638,-0.099196,-0.217621,-0.059466,0.09227,0.282851,-0.295062,-0.280182,-0.254235,0.348236,-0.327463,-0.061928,0.322079,0.184323,-0.124799,0.190115,-0.080321,0.18721,0.334373,0.238685,0.186362,-0.298256,-0.12628,-0.387297,0.148942,-0.329607,0.107431,0.132444,-0.175617,-0.163741,0.125082,0.161863,-0.281345,0.087093,-0.094283,0.015886,-0.370461,-0.102932,-0.071046,0.202647,-0.490938,-0.086282,0.03245,-0.141379,0.028289,0.412036,-0.168996,0.102513,-0.137267,-0.060527,0.282569,0.220402,-0.201257,0.385545,0.032775,-0.135233,0.194407,0.292022,0.066398,0.232854,0.188126,0.036905,-0.122773,0.411655,-0.033499,-0.04182,0.057022,-0.246789,0.400479,-0.012719,-0.009481,0.338851,0.100215,-0.11116,-0.343308,0.043341,-0.1634,0.241474,0.10785,-0.196492,0.087832,-0.243117,0.031726,0.121163,-0.350051,0.046035,0.419072,-0.276819,0.142643,-0.142725,0.222505,-0.043401,0.04469,0.125878,0.080844,0.056028,-0.036634,0.248808,-0.03056,0.327865,-0.081793,-0.066591,-0.234006,-0.129669,#
15,-0.009739,0.032459,0.122233,-0.342893,-0.220609,0.100626,0.157539,0.249692,-0.062175,0.023281,-0.217898,-0.330561,0.28536,0.133003,0.029245,1.0,0.536534,0.118103,-0.217787,0.059286,-0.376667,0.27776,-0.117606,0.045484,-0.004468,0.310489,-0.148759,0.148594,0.076599,0.026372,-0.027669,0.144726,-0.145056,0.229037,-0.061571,0.029963,0.029131,0.350011,0.001624,-0.152886,-0.093415,0.092608,0.180484,0.372273,-0.243914,-0.184493,0.33277,-0.268419,-0.12794,0.283956,0.388082,-0.668439,-0.066027,-0.206416,0.19589,-0.102774,0.260137,-0.415354,0.109784,-0.006906,0.117679,0.170961,0.029675,0.218348,0.046038,-0.40096,0.130897,-0.280193,-0.414839,-0.31272,0.159771,0.276065,0.04534,0.018613,-0.182725,0.252056,-0.217495,-0.280796,0.166673,0.072553,-0.072674,-0.088503,-0.271572,0.169399,0.013865,-0.25177,0.260557,-0.315983,-0.210674,0.37535,-0.10852,-0.251123,-0.255873,0.019406,-0.625992,-0.053965,0.03207,-0.138247,0.047481,-0.080852,-0.103464,0.244697,-0.331082,0.261495,-0.239209,-0.005829,0.186512,-0.058187,0.155689,-0.374373,0.12678,-0.059319,0.258481,0.160249,-0.277787,-0.235591,0.182478,-0.427728,0.044142,-0.154916,-0.088113,0.152708,-0.059353,-0.000241,-0.019445,-0.227894,-0.100755,0.273177,0.025738,-0.050783,-0.208678,-0.008789,0.054619,0.240192,0.097148,-0.153492,-0.019458,-0.466542,-0.086712,-0.017268,0.013102,-0.062346,-0.321124,-0.347094,-0.378261,0.138441,-0.026055,0.287108,-0.15095,-0.177816,-0.221533,-0.045461,0.066762,-0.113293,-0.113067,0.301941,0.110722,0.131914,0.162867,0.12876,-0.050197,-0.254469,0.303528,-0.137563,0.259834,0.01684,-0.147029,0.286216,-0.275337,-0.095933,-0.025565,0.092312,0.082393,-0.060074,-0.183393,0.028223,-0.12749,0.41093,-0.056231,-0.229076,0.158554,-0.11727,0.3527,0.28833,-0.193143,0.133579,0.089394,-0.156211,-0.122559,0.041867,-0.033402,-0.11188,-0.031342,0.067152,0.089495,0.138026,0.206479,0.198535,0.426893,0.328979,#
16,0.090546,-0.003369,-0.122449,0.106745,0.206123,0.010994,0.070777,0.220016,-0.210533,-0.207066,0.21631,-0.076243,0.041697,-0.316675,-0.031671,0.536534,1.0,-0.005774,-0.36716,0.110274,-0.287127,-0.137111,-0.369707,0.313963,0.026569,0.353077,-0.05772,0.217272,-0.001879,-0.136561,-0.162351,-0.182285,0.165215,0.096091,0.12914,0.072886,-0.219365,0.125805,0.271055,0.319831,-0.158311,-0.24908,-0.079064,0.29832,0.00895,0.262222,0.057338,-0.454319,-0.119304,0.234306,0.134376,-0.322157,-0.199585,0.053521,0.220779,0.050617,0.406833,0.042071,0.050352,-0.043838,-0.299704,0.068941,0.109587,-0.125195,-0.246171,-0.452127,0.415011,-0.114414,-0.461609,-0.442989,0.230396,-0.015607,0.08809,0.34189,-0.083222,-0.006746,-0.117968,-0.335419,0.098134,-0.006314,-0.315317,0.154723,-0.015911,0.121968,-0.047098,-0.168694,0.437365,-0.023185,0.040711,0.314121,-0.207135,-0.058134,0.044992,-0.000469,-0.103754,0.197015,0.411481,-0.407113,0.022658,-0.020315,0.034556,0.3126,-0.056023,0.24935,-0.231749,-0.085037,0.104701,0.195384,0.249913,-0.122998,-0.30527,-0.006247,0.427889,0.417445,-0.536248,0.01437,0.081889,-0.135517,-0.028582,0.033336,-0.202353,0.19729,-0.480174,0.310769,0.21025,-0.255204,-0.537453,0.235162,-0.103591,0.021547,-0.269921,0.068707,0.188238,0.096128,0.074121,0.093766,0.285037,-0.426871,-0.358978,0.125214,0.110433,0.058518,0.11447,0.145796,-0.063626,0.023428,0.004356,0.038913,0.158928,-0.342482,0.10452,0.152618,0.101517,-0.038396,-0.099059,0.019538,-0.236407,0.023313,0.148415,0.20484,-0.349055,-0.002058,0.156321,-0.122388,0.002467,-0.421052,-0.109613,0.068957,-0.041436,0.174819,0.271419,-0.006689,0.386208,0.137538,-0.116975,0.337549,-0.071601,0.313654,-0.310599,-0.199707,-0.085437,0.149488,0.22972,0.029002,-0.084419,0.01268,0.175859,0.019051,0.142261,0.307747,-0.074681,-0.06117,-0.085455,-0.055848,-0.039914,0.213958,0.120322,-0.034736,0.28006,-0.142531,#
17,-0.451598,0.146687,0.590401,-0.118629,-0.24163,0.159078,0.136665,0.099665,-0.02814,0.343641,-0.424086,-0.269286,0.388914,0.02441,0.040553,0.118103,-0.005774,1.0,-0.255454,0.054679,-0.188061,-0.270967,0.250035,0.066567,0.185547,-0.052192,0.010627,-0.244199,0.114794,0.157262,0.01678,-0.209481,-0.117492,0.239268,-0.124162,0.110999,0.108469,0.227035,0.060094,-0.247104,-0.005551,-0.333319,-0.072741,0.114648,0.03919,-0.335859,-0.166112,-0.118677,0.501548,-0.015209,-0.013222,-0.286808,0.376862,0.03546,0.057668,0.155988,0.271302,-0.565432,0.008133,0.083665,0.342091,0.027392,-0.137586,-0.145581,0.126712,0.31755,0.13507,-0.017436,0.204326,0.08209,-0.356343,-0.092328,-0.605176,0.190854,-0.114212,-0.328425,-0.004257,-0.163694,-0.095261,0.353342,0.042821,0.033839,0.013347,0.501035,-0.17552,0.047874,0.178985,0.00749,-0.187992,-0.025343,0.184347,-0.033388,-0.394858,-0.041594,-0.158576,0.256232,-0.428861,0.287472,-0.087919,-0.232844,-0.50512,-0.151349,-0.068746,0.205117,-0.039118,-0.118825,0.100676,-0.170543,0.387875,-0.053266,0.338568,-0.141838,0.179823,0.081455,0.115612,-0.133718,-0.142248,-0.041123,0.163352,0.028844,0.042214,-0.100279,-0.301519,-0.442207,-0.312266,0.007669,0.384921,0.053976,-0.025344,-0.02179,0.387746,0.198295,-0.265871,0.015041,-0.150906,-0.253448,0.298518,0.155814,-0.391623,-0.05591,-0.249346,-0.186467,-0.146824,-0.275821,0.080246,0.032875,0.067842,0.343444,0.047208,-0.025096,-0.251562,-0.048135,0.192887,-0.206028,0.002436,-0.04192,0.283318,-0.001386,-0.034868,0.063388,0.013863,0.115685,-0.020976,0.31716,0.233228,0.095698,0.023971,0.108247,0.263349,-0.098794,-0.254496,-0.02976,-0.132852,-0.023113,-0.019605,-0.120673,-0.048538,0.00592,-0.025218,-0.062304,0.140516,0.090427,-0.01537,-0.187757,0.234368,-0.001208,0.461424,0.115866,-0.439087,-0.028154,0.18595,-0.327294,-0.440246,0.185257,-0.320519,0.192327,0.433994,0.26448,0.077684,0.486908,#
18,0.374978,0.162283,-0.067653,-0.055732,0.042648,0.059527,0.275392,-0.199377,0.103865,0.022005,0.212338,0.034818,0.193241,0.585329,-0.043865,-0.217787,-0.36716,-0.255454,1.0,0.243748,0.128463,0.053696,0.331773,-0.130146,-0.034827,0.066691,0.006791,0.262463,0.60108,-0.123514,0.365296,0.258866,-0.206942,-0.030523,-0.173554,-0.125359,-0.172736,0.015035,-0.135561,0.140187,0.112848,0.200686,0.065027,-0.47918,-0.224182,-0.261212,-0.04392,0.234135,-0.339198,-0.039074,0.21088,0.134969,0.158875,-0.070185,-0.256537,-0.019121,-0.16182,0.153443,0.089819,0.024651,0.260512,-0.073419,-0.086519,-0.003029,0.10518,0.006391,-0.449286,0.034652,0.008916,0.28644,-0.232384,0.194488,0.059248,-0.574597,-0.333756,0.141669,-0.002747,-0.077249,-0.220712,0.02907,0.11629,-0.246985,0.085643,-0.326858,-0.045348,0.344339,-0.244292,-0.092555,-0.197058,-0.419356,-0.355488,0.098392,-0.012476,-0.370987,0.059377,-0.347223,-0.225833,-0.198718,0.020137,0.021636,0.1198,-0.201927,0.110205,-0.373925,0.115094,-0.14664,-0.130203,-0.115373,-0.439594,-0.118191,-0.021545,0.176484,-0.621341,-0.211881,0.447598,-0.209919,-0.025001,0.145749,0.298476,-0.251285,0.180045,0.186987,0.193819,0.020241,-0.333692,0.27789,0.030947,0.14191,-0.036328,-0.216469,-0.132867,-0.402528,0.103654,-0.111033,0.11629,-0.086545,-0.122172,0.219031,0.411156,-0.206886,-0.270668,0.149096,0.279241,-0.287569,-0.02315,0.085687,-0.169072,0.12972,-0.414484,0.052096,0.025391,-0.125317,0.240607,-0.132071,-0.035045,-0.133036,0.160405,0.027446,-0.308992,-0.270644,0.312599,-0.074142,0.261152,-0.302419,-0.113874,0.450536,0.451235,0.098636,-0.340052,-0.208742,-0.067885,-0.057684,-0.264482,0.127248,-0.161753,-0.231287,-0.151352,0.313025,0.151109,-0.269095,0.144997,-0.494107,-0.138153,0.313109,-0.203026,-0.294115,0.01457,0.213668,0.147138,-0.129289,-0.28845,-0.03535,-0.045054,0.170718,0.491928,-0.312533,-0.313987,-0.36746,-0.027969,-0.116583,#
19,-0.075914,-0.010215,0.042365,-0.078411,-0.147612,0.016908,0.279518,-0.312228,0.238503,-0.010927,0.012136,-0.08365,-0.130775,0.331262,0.165678,0.059286,0.110274,0.054679,0.243748,1.0,0.034266,-0.029891,0.149431,-0.056288,-0.237606,0.102326,0.306967,0.200863,0.505816,-0.15138,0.199777,0.325906,-0.003045,0.044161,-0.102661,-0.163733,-0.035653,0.27758,0.14106,-0.139577,0.121127,-0.000645,-0.106222,0.097934,-0.013532,-0.357557,-0.185867,0.206161,-0.465477,-0.152884,-0.055885,-0.127555,-0.034389,-0.02099,-0.038609,0.043639,-0.006136,-0.005986,0.027987,-0.139145,0.119936,0.087931,0.200161,0.221141,0.05111,-0.201934,-0.038815,0.25136,0.059314,0.188908,0.075717,0.192541,0.302636,-0.358401,-0.575446,0.011053,0.373397,0.226506,-0.065542,0.311401,0.222869,0.330413,-0.026594,0.111528,-0.069601,0.475908,0.249363,-0.221166,0.044516,-0.019409,-0.386637,0.117222,-0.169391,-0.197286,0.22636,0.051187,0.147056,-0.148238,-0.208239,0.141477,-0.14025,0.516601,-0.075497,-0.478455,-0.009655,-0.107092,0.28312,0.098932,0.266093,-0.160332,0.068672,-0.020823,0.067302,0.135923,0.327611,-0.189738,0.105486,-0.15438,0.332453,-0.176696,-0.01964,0.167785,0.187347,-0.263032,0.130014,0.116834,0.13758,0.077284,0.257862,0.221436,0.376835,-0.23659,-0.012323,-0.167757,0.06555,-0.067567,0.02782,0.309328,-0.027691,0.078419,0.421303,0.333014,0.265993,0.269977,-0.093275,0.095978,0.010521,0.073133,0.009723,0.048055,-0.0809,0.146109,0.49366,-0.240598,-0.122603,0.028282,0.11428,-0.1941,0.141927,0.032032,0.498364,-0.061422,0.387849,-0.395198,-0.231003,0.251596,0.526333,0.285643,0.119875,-0.046629,-0.066874,0.036613,-0.057932,-0.06494,-0.083442,-0.186626,0.154004,0.152863,0.062573,-0.107108,-0.075748,-0.372605,0.030371,0.042399,-0.427504,-0.527789,0.216661,0.010141,-0.190613,-0.09835,0.345806,-0.057238,-0.422154,0.160919,0.464791,0.09757,-0.250627,-0.207427,0.202852,0.057428,#
20,-0.007623,-0.120591,-0.34338,0.35194,-0.056688,-0.192821,-0.280183,0.182142,-0.027812,-0.276175,0.128989,0.306356,-0.101475,-0.038706,0.254234,-0.376667,-0.287127,-0.188061,0.128463,0.034266,1.0,0.060068,0.378064,-0.047687,-0.35552,-0.102185,0.315933,0.168875,-0.280197,-0.273292,0.036686,0.129788,0.548243,0.043818,-0.273678,-0.479874,-0.303472,-0.385061,-0.079391,0.216315,0.118549,0.000961,-0.198461,-0.047855,0.024413,0.147975,0.181458,0.36456,-0.161526,-0.25863,-0.19299,0.51316,-0.195897,0.116489,0.038963,0.279304,-0.041786,0.306104,-0.330588,0.277255,-0.355536,-0.169381,-0.004504,0.239232,0.173192,0.077333,-0.209914,0.24489,0.265954,0.460747,-0.0572,-0.361181,0.120832,0.243036,-0.090948,-0.085711,0.134051,0.420468,-0.098995,0.119464,0.240841,0.007955,0.04861,-0.031792,0.382798,0.118918,0.071976,-0.109681,0.542096,-0.025912,0.188627,0.279413,0.297937,0.163639,0.437209,0.208272,0.112501,-0.226233,-0.006163,0.124263,0.084111,0.199849,0.389514,0.104217,0.384952,0.277594,-0.036244,0.173197,-0.056782,0.121284,-0.117435,-0.180301,-0.079093,0.142312,0.217661,0.209951,0.231237,-0.189148,-0.170933,0.250242,0.375756,-0.183593,0.305649,0.005334,0.366711,0.083031,0.117977,-0.437243,0.375799,0.213682,0.201216,-0.036602,0.059099,-0.27326,0.426738,0.61797,-0.118647,0.276145,0.3253,0.138269,0.046011,0.44066,0.21618,0.281822,0.175465,0.008473,0.13312,-0.271059,0.224567,0.308112,0.513136,0.107574,0.109564,0.471556,0.01555,0.129504,-0.122403,-0.19513,0.109408,0.28052,0.297556,0.209505,-0.046279,-0.273661,-0.191985,-0.141336,0.3252,0.019715,0.105588,0.021701,0.058719,0.093185,-0.417052,0.100367,0.031584,0.07958,0.133361,-0.276652,0.033153,0.345013,-0.287256,-0.146581,0.219682,0.044672,0.031981,0.097802,-0.00098,0.171181,-0.052374,-0.074614,0.279413,-0.193203,-0.12053,0.024587,0.091769,-0.192691,-0.49754,-0.574195,-0.360797,-0.224497,#
