0,1.0,0.486091,-0.020314,-0.256468,0.270986,0.182733,0.096189,-0.083549,-0.012597,0.520917,-0.154708,-0.120946,0.532928,0.328462,0.096629,-0.091434,0.104981,0.446372,-0.171021,-0.203888,-0.171858,0.416235,0.451497,-0.171012,-0.320263,-0.216343,0.163004,-0.139499,0.13539,0.634968,-0.009531,0.104843,-0.076639,-0.067138,-0.097797,0.265639,-0.191966,-0.134038,0.050524,-0.240883,-0.273442,-0.050436,-0.098117,0.143629,0.085253,-0.498773,0.292538,0.129652,-0.372068,-0.217925,-0.14366,-0.317769,-0.125837,-0.23959,-0.089346,-0.155399,-0.055285,-0.045644,0.175494,0.262757,0.31368,-0.063939,-0.207323,-0.086621,0.03076,0.339568,-0.029956,0.184483,0.180605,0.06138,-0.181859,0.143842,-0.380963,-0.383117,-0.428977,0.205987,-0.19639,-0.497902,-0.426993,-0.251111,-0.273568,-0.306885,-0.210382,0.112176,-0.0876,-0.245002,-0.323274,-0.265325,-0.196968,-0.42723,0.040498,-0.538518,-0.374803,0.098989,0.103235,-0.089005,0.166172,-0.357531,-0.258024,-0.455124,0.231095,-0.435331,-0.217271,0.078028,-0.429869,-0.212915,-0.489558,0.012718,-0.593538,-0.070049,0.168374,0.274898,-0.182776,-0.262305,-0.359124,0.125653,-0.336947,-0.530222,0.327107,-0.65891,-0.493911,-0.241975,-0.211087,-0.193163,-0.271932,0.136676,0.084738,-0.022098,0.138552,-0.102285,-0.247894,-0.270814,-0.313346,-0.111885,-0.636436,-0.158113,-0.139844,-0.407173,0.205033,-0.376559,0.03402,-0.361362,-0.447647,-0.352479,-0.077081,-0.272626,-0.120632,0.310068,-0.378434,-0.487092,-0.249467,-0.499052,-0.022597,-0.389438,-0.150038,-0.20178,0.476891,0.646763,-0.294341,-0.426937,-0.27284,-0.061035,0.175239,-0.641391,-0.163489,0.656785,-0.469702,-0.347164,-0.021458,-0.252987,0.220673,0.056562,-0.606589,-0.318746,0.140332,-0.82467,-0.28147,0.425862,0.475707,-0.226758,0.376572,0.019853,-0.322129,-0.145723,0.374402,-0.257408,0.48828,-0.056583,-0.277266,0.589645,0.046111,0.364638,0.217107,0.48828,-0.157064,0.295857,-0.088269,-0.442357,0.335753,0.278592,#
1,0.486091,1.0,0.166005,-0.122274,0.094045,0.126745,0.415765,0.137186,0.362299,0.225638,-0.119262,-0.475467,0.477212,0.091935,0.449707,-0.23358,0.141819,0.279907,0.301406,-0.212638,-0.075683,0.045701,0.355769,-0.049255,-0.119268,-0.349889,0.285235,0.03417,0.238278,0.317656,-0.356479,-0.113271,0.083936,0.046342,-0.103906,0.28118,-0.056328,-0.117306,-0.031068,-0.140002,-0.327975,0.130233,-0.16563,0.287954,0.433899,-0.333711,0.454294,0.015176,-0.034634,0.245457,-0.08229,-0.315666,-0.177417,-0.001819,-0.03116,-0.42356,0.042624,-0.166382,-0.122115,0.296221,-0.025266,0.078038,-0.394997,0.005581,-0.034734,0.26399,-0.29785,0.38563,0.237132,-0.297584,-0.037375,-0.076392,-0.27391,-0.586639,-0.54988,0.490996,-0.205238,-0.492872,-0.389746,-0.581356,-0.154558,-0.46194,-0.346765,0.324446,-0.527499,-0.162269,-0.309217,-0.258873,-0.340393,-0.508437,-0.194531,-0.388416,-0.520752,-0.133337,-0.129182,-0.233831,0.079141,-0.413346,-0.260865,-0.280904,0.252368,-0.386857,-0.240864,-0.051878,-0.395015,-0.168053,-0.678931,-0.052502,-0.74583,-0.196628,-0.055249,0.477529,-0.265488,-0.564661,-0.069524,-0.014887,-0.265692,-0.774752,-0.218755,-0.666551,-0.47136,-0.208359,-0.528859,-0.294573,-0.099793,-0.090188,-0.212373,0.132429,-0.213856,-0.278054,-0.436191,-0.553195,-0.335567,0.219018,-0.339392,-0.286422,0.22061,-0.19349,0.246446,-0.576672,-0.434767,-0.048102,-0.57632,-0.157987,0.022656,-0.332212,-0.407519,0.465299,-0.265488,-0.44913,-0.107886,-0.601322,-0.174702,-0.342974,-0.407214,-0.34856,0.310777,0.605574,-0.402524,-0.173384,0.011166,0.083992,0.379815,-0.444067,-0.307751,0.469906,-0.393369,-0.111496,-0.123414,-0.301074,0.149568,-0.019911,-0.403183,-0.430491,0.189699,-0.327017,-0.393369,0.762343,0.60441,-0.542682,0.251132,0.212109,-0.192769,-0.007983,0.365113,-0.222446,0.45721,-0.147817,-0.328668,0.440168,0.118802,0.753101,0.519917,0.296994,-0.327756,0.300512,-0.015021,-0.326705,-0.083347,0.23517,#
2,-0.020314,0.166005,1.0,0.208651,0.214642,-0.03256,-0.005726,-0.035588,0.152774,-0.501952,0.052821,0.009438,-0.177136,-0.32807,-0.097262,-0.060701,0.153721,-0.08839,-0.18959,0.182007,-0.209931,-0.166638,0.134524,-0.227753,0.047198,-0.346182,0.139478,0.060475,0.03285,-0.187866,0.166098,0.218059,-0.220231,-0.109609,-0.013052,0.209619,0.561441,-0.136974,-0.109268,0.037707,-0.099469,0.088113,-0.083434,0.241182,0.14263,-0.024563,-0.016741,0.636801,0.204246,0.21468,0.021487,0.264126,0.144179,-0.002176,-0.29986,0.123799,-0.015315,-0.3012,-0.204406,0.024768,-0.060029,-0.454307,0.471734,0.009167,-0.084165,-0.006412,0.12903,0.054806,0.129735,0.32404,0.587239,0.357122,-0.00836,-0.077605,0.040305,0.13995,0.029014,-0.294614,-0.123613,-0.389357,0.363193,-0.076423,0.099316,0.30494,-0.005432,0.24022,-0.070119,0.095428,-0.037534,0.032843,-0.005053,0.098791,-0.142765,0.188009,0.030226,0.026598,0.273763,-0.405707,0.116957,-0.041785,0.223556,0.034359,-0.049985,-0.053389,0.200938,-0.201866,0.002321,0.232501,-0.230574,0.173538,0.435633,-0.117423,-0.085024,0.013133,0.631035,-0.056744,0.018752,-0.257646,-0.149543,-0.042672,0.089793,0.014344,0.168527,0.031704,0.169513,-0.223712,-0.134969,0.2362,-0.049426,-0.21353,0.263104,-0.146032,0.008185,0.091518,0.174142,0.042885,0.203052,0.2912,0.224105,0.09635,0.032139,0.331622,0.014866,-0.083484,0.028042,0.29287,-0.330763,-0.005782,0.258535,-0.222616,0.149715,-0.101342,-0.059777,-0.056674,-0.09171,-0.061852,-0.184857,0.208057,0.111277,-0.133196,0.168937,-0.012675,-0.08462,-0.05172,0.012644,-0.078453,-0.21112,0.019547,0.059409,-0.151003,-0.208372,-0.062505,0.034324,0.082141,-0.175481,0.18933,-0.058282,0.269404,0.09299,-0.251325,0.106265,-0.329051,-0.111656,0.506036,-0.153024,-0.203484,-0.067787,0.028232,-0.192632,-0.081019,0.462262,0.246542,0.22804,-0.091553,-0.057064,0.120052,0.152243,0.027263,-0.036452,0.154548,#
3,-0.256468,-0.122274,0.208651,1.0,-0.226629,-0.162573,-0.460109,-0.47525,-0.302037,-0.305835,0.169729,-0.042078,-0.324427,-0.159045,-0.237241,-0.298686,-0.080281,-0.050587,-0.147519,0.350628,0.178728,-0.098358,-0.236036,0.130704,0.121367,-0.03104,-0.320485,0.239019,-0.096965,-0.267274,0.516148,-0.27987,-0.391473,-0.172891,0.107809,-0.405151,0.27222,0.194257,-0.083738,0.041538,0.198494,0.148344,-0.162791,0.004714,-0.093179,0.426838,-0.221667,0.076,0.533973,-0.181094,0.402977,0.664864,0.088479,-0.041003,0.046473,-0.059935,0.347723,0.046233,-0.224816,0.366431,-0.144005,-0.223307,0.122394,-0.145913,0.150229,-0.194092,0.227428,0.213702,0.090651,0.024992,0.259528,0.110666,0.380162,0.160008,0.235376,-0.412511,0.34488,0.092437,0.392896,0.043126,0.403987,0.618064,0.312233,0.24354,0.238735,0.042009,0.281286,0.387981,0.178185,0.199849,0.279655,0.305144,0.509339,-0.156475,0.422079,0.058707,-0.019473,-0.251531,0.210827,0.444274,0.227993,0.062973,0.167547,0.059497,0.227389,0.560058,0.436582,-0.094743,0.403273,0.261675,-0.097301,0.007115,0.530539,0.38669,0.132244,0.211768,0.497487,0.147959,-0.004513,0.086624,0.4502,0.223433,0.572749,0.35114,0.085154,0.00312,0.10255,0.106826,-0.067381,0.233065,0.399176,0.222087,0.445271,0.262859,0.416618,0.489941,0.14853,0.371462,0.284244,0.3416,0.299065,0.15463,0.090277,0.143714,0.430425,0.424156,0.322774,-0.37038,0.33732,0.3116,0.409928,0.281344,0.184947,0.368436,-0.101612,-0.015168,-0.506222,-0.22081,0.250978,0.22254,-0.29243,0.018598,-0.165323,0.202127,0.127992,-0.296412,-0.098608,0.19966,0.204223,0.227426,-0.395259,0.081022,0.611322,0.097316,-0.343085,0.38964,0.248719,-0.050251,-0.446436,0.012212,-0.383466,-0.22514,-0.1001,-0.032527,-0.32749,0.006406,-0.292631,0.250841,0.419505,-0.404672,0.147561,-0.184274,-0.204555,-0.304107,0.150782,-0.084469,-0.339343,0.146904,0.04627,0.044715,#
4,0.270986,0.094045,0.214642,-0.226629,1.0,0.155831,0.15639,-0.110166,-0.23567,-0.042803,0.151546,0.244337,0.009911,-0.084995,0.335787,0.249441,0.081363,0.179241,0.144745,0.033448,-0.110689,-0.107317,0.01672,-0.497002,-0.166194,-0.367043,0.016559,0.140722,0.250956,0.101435,-0.295548,0.046258,-0.17271,-0.21293,-0.072863,0.205156,-0.256712,-0.36534,-0.228335,-0.02918,-0.354492,-0.00904,0.00892,-0.118642,-0.076231,-0.254183,0.179794,0.303245,-0.094336,0.155486,0.157803,-0.067664,0.024576,-0.200691,0.021208,0.004844,-0.309107,-0.174158,-0.138709,-0.33426,-0.14681,0.043128,0.158813,0.254435,-0.022317,0.172403,-0.062037,-0.104972,-0.052621,0.249707,-0.154767,0.088782,-0.176914,-0.002344,-0.315701,0.523612,-0.126718,-0.607481,-0.32006,-0.355288,-0.105173,-0.547708,-0.390891,0.085104,-0.099161,0.151229,-0.226229,-0.517248,-0.223273,-0.203349,0.065228,-0.529181,-0.128333,-0.235999,-0.074688,0.045388,0.157029,-0.364032,-0.196704,-0.221603,0.162784,-0.309198,-0.363178,-0.259725,-0.308859,-0.089183,-0.284438,-0.059003,-0.37827,-0.010591,0.039202,-0.326775,-0.356038,-0.153948,-0.17037,-0.414074,-0.507091,-0.029476,-0.123632,-0.170799,-0.38391,-0.099093,-0.08403,-0.019228,-0.344324,-0.343305,-0.055685,0.161235,-0.069682,-0.354196,0.120515,-0.455068,-0.452593,-0.260667,-0.302641,-0.335289,0.210778,-0.249907,-0.207944,-0.010458,0.020889,-0.309004,-0.163621,-0.401371,-0.096107,0.034405,-0.253101,-0.012588,-0.369583,-0.392967,-0.395107,-0.378148,-0.393925,-0.086549,-0.522336,-0.062519,0.164048,0.494455,-0.164354,-0.213254,-0.144145,-0.386294,0.151198,0.072898,-0.500356,0.22036,-0.094657,0.146367,-0.016571,-0.090901,0.407287,-0.049573,-0.172165,-0.18564,-0.042455,-0.306321,-0.43959,0.186881,0.226038,-0.093216,0.532621,-0.206009,0.336544,-0.116179,0.120639,-0.439455,0.065286,0.079341,-0.42306,0.041371,0.001656,0.161646,0.078641,0.055156,0.106244,-0.282783,0.047631,-0.090975,-0.310745,0.429827,#
5,0.182733,0.126745,-0.03256,-0.162573,0.155831,1.0,0.173713,0.342921,0.28727,-0.009859,0.175775,0.089506,0.177003,-0.150613,-0.153501,-0.21111,0.314927,0.318424,-0.284789,0.098707,0.005137,0.252468,0.107983,-0.324324,0.013089,-0.426036,0.009175,-0.239083,-0.304048,-0.174467,-0.405737,0.004651,-0.107874,-0.255938,-0.166184,-0.153495,-0.301519,-0.111962,-0.057979,-0.463368,0.075443,0.232699,-0.184111,0.330413,0.170172,-0.141289,0.112422,0.169689,0.055796,-0.099542,-0.128184,0.099156,0.245798,0.049614,-0.196429,-0.292941,0.112421,-0.353832,-0.104577,-0.175097,-0.16198,-0.106426,-0.257611,0.090795,0.171704,0.079762,-0.28553,-0.154763,0.006418,0.20845,0.009061,0.418833,-0.223837,0.112246,-0.197078,0.291935,-0.417443,0.051731,-0.196221,-0.331893,0.362097,-0.310918,-0.093905,-0.416134,-0.171317,0.272857,-0.133353,-0.159799,-0.093905,-0.290936,0.049425,-0.108798,-0.24777,0.047076,-0.169482,0.155772,0.301369,-0.089208,0.000416,-0.195326,-0.122179,-0.012263,0.121418,0.1577,-0.18628,-0.271155,-0.135322,-0.163402,-0.362044,-0.13692,0.29132,0.059411,-0.089039,-0.371007,-0.01722,-0.398512,-0.663511,0.096189,-0.04654,-0.241693,-0.300983,-0.34664,0.132049,-0.323204,-0.025457,0.145127,-0.038987,0.05524,-0.110868,0.159773,-0.197212,-0.184122,-0.132652,-0.279429,-0.01736,-0.157474,0.128786,-0.260146,-0.172611,-0.245787,-0.128175,-0.230415,-0.34984,0.027942,0.173147,0.168214,-0.269356,-0.013687,0.106055,-0.303852,-0.105318,0.056065,-0.238548,-0.261896,0.089976,0.097359,0.326752,0.332995,-0.182292,-0.119116,-0.19488,0.090858,0.237098,-0.08702,-0.111484,0.476719,-0.028185,-0.234457,-0.12683,-0.249883,0.046799,0.029341,-0.387869,0.249504,-0.020463,-0.079204,-0.209581,0.195432,0.324485,-0.092357,0.22704,0.249377,0.143588,-0.272995,-0.066862,0.145747,0.159903,0.177521,-0.243632,0.076424,0.077403,0.068292,0.118778,-0.177787,0.034014,0.152818,0.066824,-0.340343,-0.088408,0.283284,#
6,0.096189,0.415765,-0.005726,-0.460109,0.15639,0.173713,1.0,0.545083,0.601996,0.350132,-0.13496,-0.109437,0.45627,0.0438,0.345934,-0.005005,-0.10182,0.004099,0.083433,-0.101045,-0.266413,0.065447,0.296975,-0.154442,0.01191,-0.400923,0.319709,-0.294952,0.338414,0.134253,-0.682667,-0.300241,0.240164,0.100883,-0.4415,0.157997,-0.156126,-0.40861,0.090628,-0.091692,-0.05799,0.375356,-0.246012,-0.07399,-0.00633,-0.368975,0.351115,0.181872,-0.145027,0.24942,-0.259175,-0.410731,0.104327,-0.228192,-0.269769,-0.050608,0.179173,-0.064732,-0.058231,0.036994,-0.071506,-0.003224,-0.286241,0.218127,0.159655,0.437437,-0.108056,-0.038412,0.18468,-0.237914,0.0917,0.023989,-0.384255,-0.486055,-0.413569,0.658533,-0.151553,-0.387734,-0.245757,-0.128088,-0.116487,-0.53585,-0.497585,-0.07414,-0.31454,0.272318,-0.194589,-0.194759,-0.235739,-0.464148,-0.294848,-0.199611,-0.585169,0.186728,-0.308324,-0.108217,0.085615,0.207865,-0.141312,-0.159218,-0.176052,-0.091896,-0.01296,-0.0225,-0.08679,-0.343385,-0.413545,0.026611,-0.480975,-0.405059,0.173411,0.363852,-0.375276,-0.579239,0.097812,-0.110892,-0.292296,-0.167314,-0.331851,-0.359468,-0.332093,-0.447296,-0.326839,-0.507007,-0.284851,0.168873,-0.097917,0.302673,-0.14214,-0.180701,-0.584453,-0.72876,-0.617048,-0.214878,-0.30378,-0.432927,0.188845,-0.021578,0.043077,-0.587523,-0.252642,-0.018695,-0.321865,-0.209544,-0.10844,-0.259636,-0.318656,0.747121,-0.038117,-0.347716,-0.058951,-0.213225,-0.097884,-0.50992,-0.185275,0.015005,0.420365,0.364863,-0.245453,-0.293411,0.367526,0.005563,0.501033,-0.17609,0.031621,0.364681,0.006645,-0.443906,-0.326151,-0.137852,0.157261,-0.134825,-0.257906,-0.029335,0.048513,-0.125181,-0.173482,0.174956,0.667345,0.101805,0.415819,0.036931,-0.081095,-0.016468,0.421957,-0.096193,0.675754,-0.19591,-0.45338,0.252369,0.261338,0.518323,0.020991,0.175851,-0.136034,0.067271,0.117505,-0.407936,-0.145055,-0.37593,#
7,-0.083549,0.137186,-0.035588,-0.47525,-0.110166,0.342921,0.545083,1.0,0.326882,0.121918,-0.155316,-0.305743,0.17917,0.164625,0.076226,0.269244,-0.109797,-0.255649,-0.106416,-0.047629,-0.188558,0.273271,0.268289,0.247975,0.001636,-0.172055,0.35433,-0.217515,0.119349,-0.085421,-0.527474,-0.041589,0.179576,-0.025323,-0.231591,0.093902,-0.099889,-0.146011,0.514106,-0.42696,-0.038406,0.367192,-0.24583,0.21815,-0.031081,-0.07533,0.174493,0.20988,-0.243486,0.217383,-0.407968,-0.157215,0.121993,0.306365,-0.296071,0.078401,0.239535,-0.227885,-0.206026,-0.040586,-0.031745,-0.036054,-0.328864,0.358246,0.106304,0.021069,-0.250234,0.089503,0.264807,-0.070865,0.132952,0.259538,-0.192973,0.004677,-0.238833,0.473307,-0.191966,0.065746,-0.258642,0.121732,-0.085612,-0.304652,-0.024792,-0.038609,-0.239972,0.145369,0.044121,-0.060408,-0.215562,-0.427155,-0.157905,-0.121595,-0.359316,0.323392,-0.238402,0.098665,0.349096,0.275504,0.123258,-0.27117,-0.219231,-0.072166,0.187359,0.082356,0.094963,-0.406236,-0.120506,0.006294,-0.402835,-0.596317,0.157488,0.046401,-0.205895,-0.243767,0.187087,-0.016083,-0.320251,-0.029626,-0.345939,-0.089804,-0.128535,-0.412006,-0.008235,-0.512397,0.193549,-0.00058,-0.117354,0.190652,-0.301645,-0.08124,-0.429801,-0.238833,-0.294954,-0.053817,-0.07383,-0.148999,0.265454,0.130036,0.056357,-0.365007,-0.325092,0.15216,-0.234608,0.221564,-0.091813,-0.062078,-0.342371,0.262416,-0.032847,-0.291464,-0.025221,0.060178,-0.208496,-0.390189,0.271599,0.147717,0.423165,0.055472,-0.047638,-0.076386,0.452613,0.412115,0.201741,0.054174,0.112474,0.17649,0.078376,-0.260433,-0.31431,-0.252943,0.080695,-0.09569,-0.456072,0.041096,0.015364,-0.011926,0.093065,-0.055973,0.338378,0.030311,0.240421,0.065938,0.102967,0.049648,0.069916,0.449214,0.179057,-0.272448,-0.308218,0.086877,0.240025,0.224557,-0.104311,-0.152282,-0.069594,0.071498,0.163489,-0.358126,-0.013871,-0.251827,#
8,-0.012597,0.362299,0.152774,-0.302037,-0.23567,0.28727,0.601996,0.326882,1.0,0.035955,-0.106481,-0.167964,0.463852,0.03096,0.123985,-0.389675,0.142149,0.113217,-0.036605,-0.201138,0.10431,-0.012739,0.183165,-0.04928,0.234217,-0.168288,0.451831,-0.053508,0.057962,-0.015237,-0.356657,0.05402,0.101222,-0.124699,-0.236117,0.101019,0.178148,-0.21554,-0.031083,-0.140072,0.231966,0.055357,0.018487,0.151064,0.303558,-0.319879,0.196936,0.076288,-0.118865,0.243083,-0.083698,-0.31717,0.21959,0.004947,-0.401895,-0.143641,-0.046347,0.043904,0.245297,0.010209,0.020416,-0.115012,-0.226652,0.063623,0.077152,0.34255,-0.297999,-0.040747,0.086499,-0.234453,0.228549,0.138164,-0.266565,-0.249869,-0.236897,0.36622,-0.040922,0.002542,-0.23168,-0.24401,0.043717,-0.304857,-0.178165,-0.153289,-0.330264,0.384489,-0.128712,-0.099206,0.147006,-0.332649,-0.502428,0.142471,-0.533602,0.213691,-0.142734,-0.080636,0.107869,0.153901,-0.102642,-0.090013,-0.172749,0.107628,0.110164,0.141715,0.081336,-0.487801,-0.175971,0.029302,-0.259112,-0.047251,0.31285,0.477768,-0.249928,-0.555685,0.301529,-0.014894,-0.265825,-0.243706,-0.184153,0.009038,-0.14418,-0.208463,-0.313914,-0.286784,-0.021544,0.282466,-0.192726,0.057372,0.166813,0.064987,-0.433777,-0.393526,-0.335735,-0.146139,-0.138383,-0.124092,-0.166508,-0.014865,0.170074,-0.25384,-0.448069,0.140248,-0.086356,-0.283754,-0.132099,-0.021836,-0.407723,0.427709,0.101426,-0.122116,0.062508,-0.219336,0.160132,-0.343145,-0.033976,-0.006472,0.314722,0.239157,0.000128,-0.1565,0.307197,0.084033,0.443878,-0.375221,0.361389,0.332784,0.130029,-0.151291,-0.272747,-0.301225,-0.22726,-0.015223,-0.228983,-0.039266,0.040138,0.084241,-0.045412,0.29417,0.628013,-0.076738,0.118311,0.226337,-0.172869,0.012265,0.219483,0.0002,0.481083,-0.145114,-0.322817,0.253739,0.321586,0.273877,0.204668,-0.005819,-0.156435,0.30681,0.220107,-0.072159,0.150855,-0.299897,#
9,0.520917,0.225638,-0.501952,-0.305835,-0.042803,-0.009859,0.350132,0.121918,0.035955,1.0,-0.175205,-0.204374,0.390976,0.380759,0.190902,0.085883,-0.137649,-0.051384,0.030597,-0.328503,-0.280597,0.238421,0.331785,-0.004087,-0.374447,-0.10273,0.188015,-0.272606,0.164246,0.731707,-0.327968,-0.074734,0.038868,0.129375,-0.41165,0.151891,-0.30052,0.08347,0.216022,0.136321,-0.148013,-0.002086,0.013808,0.088325,-0.093676,-0.594412,0.313205,-0.276751,-0.562276,-0.303842,-0.340287,-0.334002,0.040672,-0.390307,-0.006936,-0.249708,0.204055,0.049083,0.151475,0.195919,0.240824,0.035397,-0.436508,0.027704,0.24468,0.180896,0.053208,-0.015312,0.150949,-0.385567,-0.417471,-0.27645,-0.27773,-0.448125,-0.252124,0.100569,-0.122982,-0.211762,-0.250046,0.246074,-0.522058,-0.288311,-0.213924,0.012274,-0.117689,-0.311312,-0.479304,-0.372867,-0.213924,-0.311459,-0.202737,-0.359593,-0.328194,-0.08712,0.145096,-0.232868,-0.249601,0.283139,-0.147959,-0.157062,0.174471,-0.442209,-0.258897,-0.139637,-0.253098,0.004147,-0.417401,-0.042628,-0.161757,-0.434804,-0.129206,0.462527,-0.03209,-0.251016,-0.65527,-0.002686,-0.158387,-0.248133,0.056237,-0.599091,-0.479562,-0.429265,-0.419564,-0.373613,-0.47627,0.357625,-0.012393,-0.206859,-0.082256,-0.178342,-0.368836,-0.252124,-0.416723,0.029098,-0.726749,-0.176987,-0.101949,-0.211391,-0.062813,-0.466772,0.043116,-0.519138,-0.441864,-0.209296,-0.07532,-0.573486,-0.012393,0.433741,-0.467403,-0.270911,-0.265529,-0.355011,-0.213924,-0.407561,-0.13653,-0.195534,0.33929,0.385048,-0.242655,-0.311246,-0.032398,0.036511,0.002734,-0.257017,-0.044449,0.275862,-0.342422,-0.445539,-0.208025,-0.184433,0.239972,-0.08792,-0.229384,-0.356614,0.396803,-0.642455,-0.141081,0.153926,0.265193,0.294879,0.264735,0.305454,-0.235693,-0.405645,0.312826,0.163117,0.454231,-0.296459,0.039364,0.6742,-0.128785,0.048565,-0.001942,0.454231,-0.160274,0.124549,-0.014797,-0.367271,0.130855,-0.183619,#
10,-0.154708,-0.119262,0.052821,0.169729,0.151546,0.175775,-0.13496,-0.155316,-0.106481,-0.175205,1.0,0.263652,-0.479033,-0.412846,-0.184701,0.21212,0.363226,0.146692,0.102606,-0.30418,0.145704,-0.094367,-0.10122,-0.215301,0.105667,-0.075422,-0.312894,0.030539,-0.016227,-0.341915,0.067511,-0.070742,-0.105336,-0.108547,0.436361,0.025074,-0.007071,-0.029984,-0.126984,0.089683,-0.077479,-0.009361,-0.086988,0.104179,-0.042245,0.277313,-0.337026,0.02343,0.188781,0.121534,0.325646,0.076655,0.1137,-0.246184,-0.29863,-0.052271,-0.112692,0.173528,-0.315708,-0.101768,-0.244929,0.127806,0.137789,-0.296903,0.094781,-0.3863,-0.27373,-0.125838,-0.049511,0.280564,-0.16361,0.004771,0.106682,0.029572,0.174447,0.098245,-0.273946,0.096901,-0.182169,-0.344674,-0.057241,0.119472,-0.092769,-0.267102,0.147191,-0.104114,-0.051984,-0.16474,-0.11676,0.079157,-0.262111,-0.089122,0.053243,-0.365503,-0.198678,0.181017,-0.139989,-0.11038,-0.00647,-0.039544,0.12769,-0.016454,-0.130362,-0.33174,-0.150162,-0.137105,-0.074006,-0.16362,0.151279,0.199558,-0.144106,-0.018046,0.204286,-0.160993,0.059762,-0.239692,-0.029567,-0.00401,0.023953,0.131126,-0.048936,-0.189904,0.010363,-0.047422,-0.304316,-0.158638,-0.374518,-0.012521,-0.214212,-0.186801,0.319525,0.010202,0.103664,-0.029336,0.316798,-0.026137,0.253109,0.080949,-0.155227,0.037082,-0.225654,0.050497,0.183122,-0.060865,-0.239796,-0.029746,-0.177971,-0.170545,-0.161342,0.274644,-0.168226,0.258225,-0.270536,-0.114108,-0.2668,-0.285763,-0.479824,-0.071216,-0.470152,0.068686,-0.138264,-0.075826,0.283128,-0.004496,-0.358747,-0.115094,-0.166213,0.208319,0.473632,-0.031832,-0.055675,0.19015,0.137954,-0.125582,-0.276588,0.197457,-0.141274,0.165865,-0.268147,0.348004,0.089418,-0.065664,0.208848,0.093508,-0.223404,-0.211034,-0.26829,0.119556,0.28207,-0.249201,-0.279961,-0.056468,0.106948,-0.278796,-0.114443,-0.016541,0.375865,-0.16288,-0.225558,-0.053277,#
11,-0.120946,-0.475467,0.009438,-0.042078,0.244337,0.089506,-0.109437,-0.305743,-0.167964,-0.204374,0.263652,1.0,-0.252978,-0.247256,-0.264964,0.193613,-0.144698,0.076225,-0.287896,0.034926,-0.131162,0.140872,-0.320568,-0.328445,0.094844,-0.135128,-0.248946,-0.273758,-0.042125,-0.13142,0.00011,-0.063095,-0.081077,0.109756,0.231193,0.070143,-0.268584,-0.072965,-0.186217,0.301502,0.182978,-0.114808,-0.057999,-0.390002,-0.214396,0.11105,-0.349461,0.193472,-0.000485,0.187295,0.068149,0.074163,-0.165527,-0.043115,-0.026537,0.062279,0.031346,0.15103,0.219042,-0.272539,0.007042,0.143254,0.328087,-0.471622,0.271137,-0.122042,0.085269,-0.26879,-0.156534,0.546103,0.095127,0.098615,0.033467,0.399298,0.025174,-0.145557,-0.323255,-0.028351,0.02087,0.076929,0.311957,0.091694,-0.024261,-0.502815,0.280528,0.149189,0.105073,0.080043,-0.017702,0.476081,0.168667,0.191376,0.162704,0.146334,-0.052075,0.398998,-0.07516,0.002347,0.069163,0.08128,-0.23757,0.369983,-0.12553,0.047465,-0.131477,-0.019037,0.132884,0.150835,0.218747,0.357412,0.050152,-0.19774,-0.11891,0.02455,0.02718,-0.336695,0.059685,0.393851,0.352553,0.286352,0.098717,-0.013422,0.305951,0.260474,-0.105321,0.2361,-0.004461,0.084064,0.478987,0.097868,0.242305,0.215498,-0.045012,-0.183996,0.107896,-0.254924,-0.249638,-0.010937,-0.14215,0.205548,0.432665,0.017178,0.216003,0.15361,-0.039978,0.082036,-0.032817,-0.24432,0.05158,0.262274,0.095156,0.194802,-0.004198,0.133568,0.024088,0.322597,-0.136231,-0.181168,-0.024304,-0.045462,-0.133036,-0.53349,-0.052021,0.228644,-0.158665,-0.106282,0.197907,0.101712,0.252305,0.269046,0.03479,0.04698,0.190395,0.208946,-0.167121,0.076758,-0.146216,-0.249958,-0.094048,0.289594,0.096406,-0.018271,-0.024994,0.153403,-0.010968,-0.275267,-0.095826,0.135246,-0.041954,-0.22933,-0.301348,-0.236306,0.002354,-0.108606,0.018062,-0.317111,0.420683,0.03583,0.058043,0.054235,#
12,0.532928,0.477212,-0.177136,-0.324427,0.009911,0.177003,0.45627,0.17917,0.463852,0.390976,-0.479033,-0.252978,1.0,0.551378,0.198226,-0.216305,-0.185746,0.35871,-0.103196,-0.048412,-0.162411,0.403425,0.500599,0.037152,-0.136184,-0.101266,0.506984,-0.204451,0.222522,0.358116,-0.394101,0.0458,0.32258,-0.084584,-0.304244,0.182272,0.010291,-0.012761,-0.062406,-0.451368,0.068886,0.193406,0.041838,0.097129,0.078671,-0.604628,0.517135,-0.055766,-0.243768,-0.048833,-0.096542,-0.263335,0.07612,-0.094874,-0.175066,-0.092663,0.12691,-0.138474,0.398517,0.155916,0.448662,0.077309,-0.210621,0.119545,0.130386,0.597473,-0.287088,0.285117,0.254733,-0.227704,-0.036959,0.018308,-0.340024,-0.214685,-0.355677,0.295855,0.08553,-0.269429,-0.184356,-0.144929,-0.147034,-0.460603,-0.26485,-0.043494,-0.194418,0.087205,-0.122954,0.000454,0.078631,-0.656459,-0.101528,-0.095306,-0.39873,0.210754,-0.147849,-0.014757,0.31222,0.081139,-0.326157,-0.317048,-0.07114,-0.001891,0.127244,0.314435,-0.030636,-0.22503,-0.290574,-0.248106,-0.496456,-0.127955,0.134,0.30845,-0.225559,-0.358022,-0.242424,0.084676,-0.308205,-0.384223,-0.059396,-0.412614,-0.298816,-0.288136,-0.221575,-0.322115,-0.267193,0.296397,0.148857,0.176752,0.253148,0.166884,-0.666898,-0.342812,-0.452703,-0.324186,-0.511873,0.00628,-0.271672,-0.424162,0.275239,-0.398257,-0.134579,-0.375333,-0.359826,-0.307561,0.040109,-0.127717,-0.06009,0.399651,-0.048727,-0.435981,0.080323,-0.457463,0.255762,-0.420713,-0.093306,-0.073955,0.76128,0.547918,0.049877,-0.284146,0.123758,0.085974,0.231462,-0.30498,0.14081,0.655995,0.138657,-0.204817,-0.316013,-0.25173,0.076422,0.025687,-0.505592,-0.096387,0.323532,-0.411307,-0.034664,0.204833,0.800911,-0.271639,0.280968,0.084608,-0.213003,-0.252587,0.427602,-0.080261,0.644567,-0.14011,-0.582803,0.45992,0.290644,0.257866,-0.046905,0.309241,0.155742,0.195592,-0.132753,-0.110975,0.413904,0.060169,#
13,0.328462,0.091935,-0.32807,-0.159045,-0.084995,-0.150613,0.0438,0.164625,0.03096,0.380759,-0.412846,-0.247256,0.551378,1.0,0.158831,0.115711,-0.613613,0.257749,-0.129771,0.169205,-0.014756,0.658509,0.539695,0.404252,-0.063301,0.217856,0.569359,-0.056386,0.11869,0.336423,-0.136253,0.10269,0.068048,0.038046,-0.201405,0.129702,-0.113703,0.238493,0.372411,-0.329913,-0.019144,0.026502,0.285083,-0.112487,-0.338593,-0.378224,0.435736,-0.159499,-0.415367,-0.074413,0.152542,-0.249828,-0.01236,0.12542,-0.114116,0.054795,0.071706,0.090902,0.34697,0.153316,0.499882,0.033214,-0.274956,-0.007421,0.209384,0.06604,-0.319246,0.410875,0.150783,-0.156788,-0.006866,-0.112668,-0.184493,0.187002,-0.297824,-0.015931,0.336118,-0.059316,-0.148957,0.300658,-0.32271,-0.191543,0.202482,0.271298,0.031878,0.005302,0.157259,0.047049,0.153882,-0.356545,-0.02147,-0.067555,-0.003125,0.255775,0.269519,0.068042,0.031133,0.310002,-0.11594,-0.111526,-0.097296,-0.13396,0.172461,0.10493,0.040576,-0.113219,0.105423,-0.44342,-0.110676,-0.076231,-0.089207,0.037796,-0.003689,0.094963,-0.210813,0.062136,-0.0123,-0.186265,0.031257,-0.011022,0.100802,-0.07141,0.014271,-0.203124,-0.16441,0.342266,0.12819,0.008477,0.285297,0.21518,-0.280408,0.1083,-0.380518,-0.054218,-0.497198,0.116189,-0.294433,-0.168282,0.251074,-0.000807,0.106267,-0.454154,-0.114534,-0.204051,-0.248692,-0.114713,0.110971,-0.089787,-0.210271,-0.329368,0.040596,-0.444188,0.161111,-0.317261,-0.013261,0.204463,0.541215,0.130794,0.292901,-0.330146,0.040648,0.07554,-0.040388,-0.034771,0.168928,0.215913,0.228151,0.173503,-0.181956,-0.032509,-0.15869,-0.161791,-0.295981,-0.280373,0.104247,-0.399749,0.25028,-0.202546,0.376222,-0.195834,0.325903,-0.151577,-0.266399,-0.1717,0.038501,0.207089,0.206669,-0.488823,-0.357474,0.244521,-0.019313,-0.148679,-0.319218,0.072769,0.222095,-0.199841,-0.115527,0.143944,0.691265,0.042843,#
14,0.096629,0.449707,-0.097262,-0.237241,0.335787,-0.153501,0.345934,0.076226,0.123985,0.190902,-0.184701,-0.264964,0.198226,0.158831,1.0,0.057105,-0.094553,0.008719,0.41513,0.029242,0.072691,-0.205221,0.045024,0.092847,-0.171379,-0.069982,0.185429,0.375495,0.607932,0.270003,-0.447434,-0.087834,0.036362,-0.024893,-0.023365,0.194388,-0.253602,-0.171993,-0.065563,0.156553,-0.370991,0.057015,0.092262,0.223324,0.233887,-0.199566,0.394064,-0.248598,-0.251208,0.207361,0.151756,-0.32485,0.169539,0.01563,0.017661,-0.405213,-0.2453,-0.141576,-0.087978,-0.289908,-0.3586,0.247467,-0.255606,0.190855,-0.114611,0.11263,-0.064783,-0.094339,-0.282746,-0.568595,-0.324633,-0.404361,-0.11004,-0.336185,-0.311238,0.365247,0.044916,-0.424867,-0.306145,-0.178794,-0.444849,-0.37475,-0.394106,0.430841,-0.286683,-0.029381,-0.214397,-0.356357,-0.059749,-0.206908,0.046106,-0.166005,-0.118203,-0.254914,-0.237094,-0.135913,-0.351713,-0.009364,-0.519771,-0.196698,0.21475,-0.452062,-0.343685,-0.26322,-0.148818,0.10043,-0.433197,-0.242454,-0.350225,-0.00917,-0.390936,0.205516,-0.354979,-0.299359,-0.345198,0.086921,-0.159878,-0.202167,-0.614366,-0.16109,-0.379409,0.072582,-0.462524,-0.006266,0.039806,-0.343089,-0.254911,-0.156247,-0.268505,-0.343956,-0.201541,-0.292453,-0.440151,0.066382,-0.461065,-0.328965,0.206404,-0.093756,-0.165761,-0.003763,-0.329934,-0.306035,-0.160821,-0.015237,-0.089107,-0.364969,-0.048301,0.142541,-0.368367,-0.207805,-0.394241,-0.559932,-0.228427,-0.074323,-0.356641,-0.243919,0.102186,0.223146,-0.352159,0.14529,-0.014489,-0.176734,0.150396,-0.159484,-0.479844,-0.091546,0.07528,0.168398,0.151362,-0.09335,0.429579,0.163057,-0.143781,-0.379386,0.469634,-0.279727,-0.265662,0.201364,0.211803,-0.076104,0.363689,0.144546,0.366225,0.056591,0.287556,-0.407822,0.212993,-0.101102,-0.071108,0.215628,-0.003404,0.519271,0.09174,0.373199,-0.222206,-0.089361,-0.159604,-0.065016,-0.203754,0.164215,#
15,-0.091434,-0.23358,-0.060701,-0.298686,0.249441,-0.21111,-0.005005,0.269244,-0.389675,0.085883,0.21212,0.193613,-0.216305,0.115711,0.057105,1.0,-0.111843,-0.297459,0.170809,-0.215118,-0.38495,0.226444,0.037802,0.204531,-0.179249,-0.006119,-0.022075,-0.20441,0.278321,-0.093269,-0.193169,-0.096442,-0.06998,0.128418,0.072173,0.426652,0.085088,0.047171,0.356086,0.13316,-0.232544,-0.273661,-0.087385,0.023298,-0.415145,0.066439,-0.248913,0.035112,-0.169425,0.097394,0.039985,0.091935,-0.022749,0.137281,-0.088828,0.14218,-0.122465,-0.081266,-0.315603,-0.446627,-0.035921,0.397095,0.197317,-0.177382,0.161091,-0.514288,-0.250313,0.009753,0.195205,0.253867,-0.061275,-0.245187,0.218882,0.180551,-0.080267,0.071618,-0.180535,-0.134067,-0.277608,0.113184,-0.288005,-0.135567,0.152805,-0.036755,0.296181,-0.228545,0.038119,-0.252944,-0.210514,0.129713,0.198565,-0.14024,-0.019661,-0.052756,-0.236422,0.286326,-0.001658,0.238359,-0.05733,-0.283044,0.102998,-0.101377,-0.185688,-0.104688,0.088975,-0.233385,-0.126696,-0.001697,-0.080491,-0.082434,-0.037435,-0.252843,0.157181,0.096309,-0.073795,-0.189139,0.022223,0.146042,-0.040847,0.079952,-0.14064,-0.054672,-0.001865,-0.337119,-0.02305,-0.03129,-0.139381,-0.062037,-0.245139,-0.258439,0.087583,0.082663,-0.134143,-0.085908,-0.092936,-0.143327,0.279727,0.142126,-0.375507,-0.006245,0.021685,-0.036091,-0.074565,0.225674,-0.267127,-0.129199,-0.139381,-0.22797,-0.228099,-0.133814,-0.305552,0.047455,-0.227582,-0.048924,0.069205,0.141398,-0.003696,-0.118112,-0.270603,0.118859,0.387225,-0.039497,-0.192397,0.270622,-0.365045,-0.360962,0.2446,0.08612,0.018955,0.0,0.050817,-0.252641,-0.120037,0.027864,-0.015943,-0.025567,-0.092095,-0.26499,-0.182732,0.246331,0.210828,-0.3146,0.293595,0.037305,-0.294843,0.142835,-0.355637,-0.27296,0.048417,-0.132799,-0.311048,-0.165478,-0.132648,-0.015198,0.145602,-0.114205,0.358848,-0.177852,-0.042386,-0.022304,#
16,0.104981,0.141819,0.153721,-0.080281,0.081363,0.314927,-0.10182,-0.109797,0.142149,-0.137649,0.363226,-0.144698,-0.185746,-0.613613,-0.094553,-0.111843,1.0,0.05987,0.327825,-0.380516,0.214136,-0.486052,-0.140134,-0.38486,0.016853,-0.052271,-0.367992,0.090571,-0.266513,-0.081319,0.137416,0.108832,-0.052886,-0.22035,0.23188,0.093455,0.210968,-0.320017,-0.34029,-0.052785,-0.097819,-0.303318,-0.067216,0.340506,0.407613,0.04766,-0.306193,0.050472,0.101922,-0.293994,0.057767,0.017847,0.105099,-0.160077,0.144418,-0.077592,-0.384488,-0.299415,-0.361352,-0.11561,-0.276985,-0.049033,0.226575,0.04864,-0.147074,-0.046934,-0.0412,-0.223265,-0.021313,0.125425,-0.073625,0.119704,0.157617,-0.405318,0.079013,0.057746,-0.371577,0.024383,-0.087982,-0.444694,0.083405,0.004302,-0.222204,-0.216894,-0.279453,-0.247845,-0.331798,-0.249548,-0.04356,-0.054951,-0.158738,-0.156334,-0.213618,-0.252817,-0.280925,-0.269393,0.143695,-0.336747,-0.259459,-0.282098,0.132698,-0.093418,-0.203634,-0.109909,-0.092728,-0.057924,-0.339849,0.287793,-0.111127,0.104415,0.228254,0.002724,-0.052428,-0.277488,-0.005011,-0.048978,-0.339797,-0.059627,0.133546,-0.152853,-0.496724,-0.064958,-0.26101,0.000148,0.165889,-0.388871,-0.132035,-0.121477,-0.38402,-0.267554,0.241364,-0.106855,0.19699,0.075373,0.079669,-0.170111,0.295352,-0.22426,-0.227896,-0.042518,-0.337641,0.302662,-0.115677,-0.123969,0.075963,0.166282,-0.132035,0.157734,-0.034952,-0.002099,-0.426433,0.206323,-0.036943,-0.054414,-0.153223,-0.395135,-0.232009,0.253395,-0.314277,0.123779,-0.274097,0.175226,0.210136,-0.381787,-0.184274,0.13112,-0.291314,-0.167116,0.015442,-0.253222,0.097513,0.013311,-0.118966,0.026008,-0.023976,-0.047511,-0.291314,0.433156,-0.191116,-0.0402,-0.150945,0.197912,0.285117,0.027505,0.03066,-0.089157,-0.028262,0.454321,0.240636,0.180281,0.025952,0.204317,0.405974,0.144736,-0.102506,0.605072,0.11698,-0.176351,-0.493136,-0.023421,#
17,0.446372,0.279907,-0.08839,-0.050587,0.179241,0.318424,0.004099,-0.255649,0.113217,-0.051384,0.146692,0.076225,0.35871,0.257749,0.008719,-0.297459,0.05987,1.0,-0.087393,0.235862,0.073564,0.395522,0.223677,-0.309337,0.198625,0.077731,0.022949,-0.019118,-0.090152,0.092552,-0.096736,0.044596,0.065802,-0.19205,0.13476,0.013033,-0.28971,-0.025436,-0.231955,-0.22886,0.163909,0.089417,-0.022434,-0.13687,-0.039633,-0.121339,0.230553,0.137303,-0.018114,-0.215147,0.406333,-0.274567,-0.204012,-0.258318,0.004287,-0.144033,-0.295351,0.023346,0.204593,0.037431,0.041924,0.203809,-0.073784,-0.085181,-0.138249,0.27014,-0.123429,0.098742,0.007092,0.333366,0.073374,0.112288,-0.490617,-0.026815,-0.176176,0.154341,0.037829,-0.116899,-0.132246,-0.496649,0.129556,-0.195488,-0.066213,-0.220274,0.040849,0.177575,-0.026103,0.157045,0.097248,-0.230801,0.043322,-0.007937,0.019702,0.115081,-0.067203,0.157424,0.188967,-0.210962,-0.344428,-0.322273,-0.240636,-0.116878,0.015842,0.274505,-0.302226,-0.217391,-0.082982,-0.546737,-0.209946,0.20597,0.151405,-0.073197,-0.03925,-0.297061,0.04626,-0.067674,-0.323909,-0.192222,0.225454,-0.100034,-0.032263,-0.024178,-0.032391,-0.175959,-0.282766,0.172604,0.179601,0.255629,0.273997,0.169875,-0.042942,0.006614,-0.126983,-0.224271,-0.093972,0.005051,-0.180095,-0.384889,0.057417,-0.035112,0.015832,-0.249623,-0.010329,-0.329459,-0.240538,0.088582,-0.040551,0.165341,0.015851,-0.222671,-0.029757,-0.17955,0.283268,-0.262037,-0.187534,-0.053807,0.303979,0.205855,-0.143669,-0.230643,-0.350355,0.044491,0.384608,-0.272462,-0.246116,0.553348,0.052483,0.135997,0.131612,-0.076367,-0.194817,0.057378,-0.454958,-0.005715,-0.087264,-0.274392,0.091695,0.046089,0.390659,-0.360881,0.160358,0.097034,-0.291721,-0.09574,-0.026351,-0.490108,0.3906,0.072445,-0.395419,0.022171,0.032847,0.183357,0.066171,0.017971,-0.019231,-0.067275,-0.170529,0.124246,0.296685,0.38065,#
18,-0.171021,0.301406,-0.18959,-0.147519,0.144745,-0.284789,0.083433,-0.106416,-0.036605,0.030597,0.102606,-0.287896,-0.103196,-0.129771,0.41513,0.170809,0.327825,-0.087393,1.0,-0.234226,0.279109,-0.495402,-0.044146,0.058694,-0.122157,0.002217,0.069086,0.247976,0.025211,0.011198,-0.186758,0.053155,0.278856,0.048944,0.035744,0.279905,0.001852,-0.053762,-0.008899,0.276409,-0.353922,-0.282409,0.081792,-0.090618,0.21357,0.078322,0.036252,-0.234686,0.152148,0.122974,0.153098,-0.188708,-0.131765,-0.007466,0.420585,-0.011056,-0.329723,0.015211,-0.220518,-0.101679,-0.18362,0.285351,-0.072995,0.108778,-0.097384,-0.013953,-0.295751,0.11958,0.00195,-0.341988,-0.415938,-0.696718,0.284417,-0.269813,-0.250722,0.144819,-0.216015,-0.044969,0.047318,-0.252391,-0.362377,-0.163051,-0.355435,0.182558,-0.33855,-0.360518,-0.168926,-0.316283,-0.200844,-0.123722,-0.199309,-0.255102,-0.057228,-0.523579,-0.307872,-0.417205,-0.290649,-0.069707,-0.300858,-0.082067,0.12961,-0.091094,-0.292241,-0.416115,-0.123411,0.002842,-0.368511,0.021632,-0.079797,-0.019577,-0.21576,-0.0422,-0.086847,-0.233505,-0.255807,-0.213008,-0.090543,-0.10398,-0.1728,-0.005698,-0.327776,0.135371,-0.543815,-0.109112,-0.084421,-0.407297,-0.404648,-0.304398,-0.335445,-0.291026,-0.07438,-0.226172,-0.044994,0.169526,-0.020339,-0.314035,0.254597,-0.18807,-0.192563,-0.087245,-0.429963,0.089955,-0.240789,-0.121057,-0.194819,-0.273666,-0.215292,0.152224,-0.298786,-0.120104,-0.412092,-0.096521,-0.028295,0.143437,-0.44978,-0.357152,-0.220594,0.079884,-0.24791,0.175373,0.050904,0.014971,0.227263,0.040857,-0.352775,-0.06544,0.10236,0.194095,-0.107498,-0.298954,0.299425,-0.4316,0.109822,-0.277177,0.165294,0.028722,-0.077006,0.262094,-0.074849,-0.174563,-0.070798,0.177707,0.399311,-0.013761,0.172937,-0.134705,-0.071845,-0.016352,0.043683,0.075295,-0.272659,0.203184,0.374048,0.288548,0.0157,-0.070997,0.014262,0.105006,-0.477289,-0.068259,#
19,-0.203888,-0.212638,0.182007,0.350628,0.033448,0.098707,-0.101045,-0.047629,-0.201138,-0.328503,-0.30418,0.034926,-0.048412,0.169205,0.029242,-0.215118,-0.380516,0.235862,-0.234226,1.0,-0.018523,0.170101,0.08585,-0.029682,0.210326,-0.020086,-0.029712,-0.116175,-0.169401,-0.199784,0.029007,0.057137,-0.003337,-0.124736,-0.143771,-0.435738,0.019345,0.004764,-0.104357,-0.134907,0.230871,0.44127,-0.091155,-0.145927,-0.207236,0.192178,0.329809,0.301892,0.285685,-0.265619,0.214299,0.256969,0.274181,-0.017533,0.098005,0.133342,0.229132,-0.318153,-0.140625,-0.054937,-0.072591,-0.279729,0.122856,0.160353,-0.028333,0.155189,0.33603,0.072855,-0.05054,0.142795,0.330611,0.139516,0.010376,0.30083,0.033876,-0.260328,0.349644,0.046868,0.362544,0.128044,0.539688,0.119265,0.289882,0.119759,0.203862,0.424474,0.296352,0.433498,0.305849,0.053145,0.514382,0.294738,0.359291,0.198771,0.013051,0.046001,0.111405,-0.048481,-0.062514,0.284631,-0.289354,0.228809,0.294243,0.328023,0.201253,0.287656,0.532386,-0.387479,0.11779,0.017755,0.280796,-0.383825,0.08888,0.37145,0.301102,-0.022642,0.042408,0.449041,-0.106897,0.192431,0.437707,0.155839,0.584057,0.066658,0.123057,0.131582,0.277994,0.213198,-0.031613,0.475731,0.098506,0.219305,0.024685,-0.124619,0.187927,0.217501,0.177972,0.11437,0.130312,0.290565,0.372225,-0.136863,0.059817,0.165166,0.188541,0.306762,0.277994,-0.164304,0.606236,-0.189413,0.150787,0.097662,0.305849,0.134733,0.12021,0.293002,-0.006087,-0.189375,0.322067,0.060718,-0.122027,-0.03241,-0.089089,0.325913,0.025943,-0.117393,0.337096,0.146456,-0.095988,0.096024,-0.293914,-0.190707,0.194026,0.458532,-0.034412,0.202488,0.487235,-0.439608,-0.09905,-0.105243,0.040266,-0.200305,0.071589,0.189839,-0.342462,-0.004682,-0.117722,0.013818,-0.16371,-0.442239,0.278068,-0.126598,-0.31033,-0.27864,0.429428,-0.374269,-0.456371,0.261463,0.202606,0.145393,#
20,-0.171858,-0.075683,-0.209931,0.178728,-0.110689,0.005137,-0.266413,-0.188558,0.10431,-0.280597,0.145704,-0.131162,-0.162411,-0.014756,0.072691,-0.38495,0.214136,0.073564,0.279109,-0.018523,1.0,-0.311889,-0.287656,0.119838,0.357808,0.160444,0.030449,0.486651,-0.211335,-0.172904,0.346863,0.01098,0.00859,-0.145117,0.284072,-0.304481,-0.078732,0.008103,-0.037765,-0.146213,0.068409,-0.156536,0.066795,-0.239806,0.077767,0.235601,0.001812,-0.186672,0.224923,0.076171,0.235983,-0.01465,0.096131,0.190911,0.272644,0.273902,-0.190166,0.263591,0.078877,0.136359,-0.195367,0.013765,-0.233065,-0.064481,-0.23524,0.007241,-0.205242,0.032552,-0.372978,-0.140484,-0.150269,0.012329,0.305511,0.209248,0.062478,-0.260667,0.164944,0.257169,0.25486,-0.077119,-0.036103,0.389931,0.100309,-0.062138,-0.015043,0.057041,0.201314,-0.066151,0.494323,0.055461,-0.107722,-0.07601,0.163944,-0.224659,0.166323,-0.129116,-0.1736,-0.070527,0.101155,0.118491,0.080759,0.058906,0.025259,-0.184823,0.067022,0.114548,0.253608,0.056429,0.106172,0.287053,-0.126282,-0.207317,0.02895,0.061858,0.036907,0.114176,-0.029877,0.216183,0.151732,0.458022,0.204944,0.422464,0.083242,0.552171,0.183888,-0.173425,-0.280813,-0.21887,0.158233,0.123,0.107408,0.062478,0.257315,0.176936,0.174765,0.167716,-0.11468,-0.074393,0.266399,0.412361,-0.232731,0.152746,0.235821,-0.133559,0.171331,0.189373,0.19243,-0.225825,0.02895,0.193834,-0.003791,0.128615,0.126877,0.308219,-0.073321,0.097066,-0.158848,-0.217861,0.25589,0.287514,-0.294413,0.006269,0.183163,-0.062015,0.223159,-0.026619,0.024397,0.372769,0.170894,0.072893,0.001446,0.127261,0.251164,-0.070668,-0.253936,0.079921,0.024397,0.061349,-0.203914,-0.216623,-0.073517,0.030181,0.175381,0.066467,0.024643,-0.001062,-0.204063,0.380656,0.039637,-0.060044,-0.067684,-0.031822,-0.116613,-0.204063,-0.095939,-0.009048,-0.204549,0.231192,0.073377,-0.20655,#
