0,1.0,0.489752,-0.208479,-0.306339,0.318192,0.18943,0.053373,0.09646,-0.14385,0.415494,-0.272748,0.034124,0.585299,0.219132,0.005763,-0.019094,0.091286,0.378038,-0.300156,-0.029251,-0.065732,0.313379,0.220395,-0.19126,-0.189255,-0.158458,0.002771,-0.344835,0.121569,0.396333,0.02297,0.029328,0.001913,-0.168844,-0.280581,0.162862,-0.27829,0.011341,0.167358,-0.211578,-0.09967,-0.148496,-0.315622,-0.03234,0.02365,-0.286593,0.277838,0.303029,-0.397094,-0.155474,0.03188,-0.426986,-0.162554,-0.267118,0.089241,-0.085158,-0.028682,-0.005705,0.164509,0.307806,0.440648,0.097872,-0.278512,-0.278887,0.007377,0.494383,-0.090105,0.207758,0.208864,-0.011097,-0.068039,0.001215,-0.40292,-0.229317,-0.505511,0.241724,-0.153477,-0.324046,-0.374862,-0.082731,-0.244033,-0.172967,0.011019,0.149271,-0.070901,-0.276295,-0.12386,-0.095967,-0.105381,-0.250615,-0.101601,-0.314954,-0.288334,0.214879,0.154304,-0.02138,0.229345,-0.312612,-0.0883,-0.200889,0.255163,-0.382848,-0.353138,0.24986,-0.341407,-0.182349,-0.356827,0.108429,-0.475451,-0.277856,0.184831,0.196711,-0.113008,-0.291986,-0.198104,0.261833,-0.263774,-0.365443,0.482328,-0.498752,-0.2215,-0.146621,-0.019728,-0.076664,-0.168506,0.264551,0.088956,-0.160947,0.278103,0.084118,-0.424606,-0.059944,-0.223581,-0.013935,-0.569948,-0.151195,-0.037,-0.464659,0.344372,-0.299287,0.086067,-0.209731,-0.392595,-0.104664,-0.023869,-0.208259,-0.012153,0.275833,-0.223581,-0.559612,-0.140066,-0.415817,0.082978,-0.152744,-0.139539,-0.148722,0.50728,0.546777,-0.188201,-0.457807,-0.292419,-0.131414,0.200688,-0.489821,-0.073546,0.68416,-0.322823,-0.314908,-0.21052,-0.355822,0.072116,-0.177069,-0.435522,-0.189052,0.162945,-0.676012,-0.069265,0.23359,0.438011,-0.190728,0.208289,0.105488,-0.386727,-0.140477,0.358137,-0.287654,0.567467,-0.077524,-0.383449,0.43397,0.08563,0.297238,0.285853,0.29546,-0.164212,0.082791,-0.112429,-0.33401,0.454863,0.311399,#
1,0.489752,1.0,0.14992,-0.295155,0.124004,0.197558,0.392537,0.075421,0.212912,0.059959,-0.121172,-0.306281,0.430632,0.0681,0.358251,-0.238087,0.237387,0.218057,0.165057,-0.206985,-0.261932,0.014125,0.407741,-0.164469,-0.221327,-0.349965,0.186038,-0.20617,0.116392,0.233487,-0.331821,0.052734,0.20486,0.044205,-0.107017,0.340898,0.045155,-0.109545,-0.080298,0.001888,-0.255071,0.136461,-0.043178,0.296273,0.557633,-0.30538,0.35444,0.093739,-0.085988,0.254218,0.008452,-0.525274,-0.128165,-0.155122,0.048849,-0.437583,0.019575,-0.18521,-0.163473,0.302413,0.241069,0.08501,-0.287481,-0.098213,0.028232,0.304907,-0.297879,0.299911,0.354639,-0.120322,-0.03047,-0.0441,-0.209828,-0.582168,-0.677793,0.434356,-0.339514,-0.4885,-0.549467,-0.42084,-0.076269,-0.523422,-0.343506,0.314159,-0.611723,-0.275628,-0.304871,-0.255215,-0.460196,-0.442006,-0.286949,-0.301914,-0.614303,-0.130771,-0.2073,-0.359452,0.014462,-0.5062,-0.259826,-0.052075,0.247744,-0.388188,-0.329352,-0.11298,-0.518412,-0.201545,-0.529661,0.009457,-0.657837,-0.263172,0.062958,0.47457,-0.341893,-0.464684,-0.066843,-0.080151,-0.269229,-0.769527,-0.056936,-0.685503,-0.404179,-0.339162,-0.427624,-0.253002,-0.090863,-0.087518,-0.141179,0.083562,-0.13916,-0.074106,-0.438098,-0.391702,-0.408547,0.171973,-0.428091,-0.335933,0.18038,-0.296735,0.28736,-0.66002,-0.436543,-0.078446,-0.576936,-0.027635,-0.050202,-0.358567,-0.386246,0.487681,-0.262202,-0.386475,-0.136817,-0.568908,-0.103251,-0.33966,-0.491984,-0.507597,0.177663,0.555881,-0.399575,-0.291481,0.052996,-0.126151,0.383439,-0.200451,-0.305342,0.535154,-0.329041,-0.017156,-0.189465,-0.355867,0.146263,-0.327383,-0.305675,-0.427001,0.341662,-0.324112,-0.270107,0.744135,0.599104,-0.455718,0.224537,0.288081,-0.193835,0.180382,0.36066,-0.223872,0.401322,-0.313912,-0.419831,0.436027,0.051634,0.66741,0.619141,0.298001,-0.202474,0.211412,0.251373,-0.32418,-0.043334,0.145863,#
2,-0.208479,0.14992,1.0,0.206775,0.022698,0.037831,0.161435,0.032036,0.466014,-0.468285,0.042804,-0.150142,-0.123282,-0.12933,-0.022896,-0.228706,0.050521,0.148532,-0.046418,0.195729,-0.126776,0.012416,0.214743,-0.131903,0.147336,-0.337482,0.380575,0.304861,0.009275,-0.090961,0.005351,0.235098,-0.109846,-0.102053,0.15573,0.135926,0.482811,-0.322606,-0.115322,-0.126572,0.007801,0.287157,-0.00152,0.269249,0.150302,-0.071041,0.025214,0.517696,0.267377,0.203859,-0.08814,0.24884,0.115294,0.151095,-0.368552,0.107874,0.008675,-0.247775,-0.146361,0.020417,-0.34065,-0.454671,0.403998,0.284221,-0.051729,-0.054851,0.143531,0.040621,0.087512,0.365711,0.582089,0.527972,-0.103154,-0.06769,0.027959,0.212371,0.015379,-0.281222,-0.112603,-0.535786,0.453015,-0.152261,-0.056214,0.166131,-0.08206,0.537708,-0.069002,0.105058,-0.046813,-0.133689,0.090518,0.019462,-0.210385,0.194114,-0.060457,0.014524,0.356963,-0.338985,-0.041879,-0.27165,-0.190919,0.047732,0.204623,0.032976,0.185562,-0.290577,0.025008,-0.014533,-0.306549,0.250985,0.486396,-0.120727,-0.172669,-0.058134,0.633527,-0.143654,-0.136306,-0.2455,-0.29962,-0.022827,0.025051,-0.02492,0.079414,-0.146301,0.166941,-0.211865,-0.030511,0.40763,-0.114973,-0.266398,0.271354,-0.292482,-0.07493,-0.071132,0.263924,0.057686,0.103713,0.40053,0.197812,0.011012,-0.125066,0.349764,0.016146,-0.191849,-0.075965,0.330331,-0.389245,0.077029,0.264727,-0.131741,0.187723,-0.04873,0.048739,-0.211152,0.010047,0.104959,-0.03258,0.141714,0.115737,-0.031689,0.264955,0.198349,0.106527,-0.022208,0.017493,-0.009268,-0.113882,0.046473,0.127806,-0.030511,-0.216951,0.066184,-0.205219,0.088671,-0.326196,0.193864,-0.028661,0.290015,0.269083,-0.380859,0.127859,-0.249732,-0.117542,0.423786,-0.163575,-0.112991,-0.006708,0.009871,-0.227353,-0.090015,0.563155,0.333845,0.081154,-0.096577,-0.054076,0.193733,0.044037,0.032125,-0.074553,0.009032,#
3,-0.306339,-0.295155,0.206775,1.0,-0.290876,-0.221967,-0.399404,-0.388636,-0.142768,-0.164543,0.155454,-0.039009,-0.28672,-0.129372,-0.295108,-0.2782,-0.208768,-0.003131,-0.145689,0.368093,0.146629,-0.022833,-0.124049,0.089274,0.27608,0.165584,-0.211447,0.27914,-0.181209,-0.206411,0.462466,-0.27524,-0.293745,-0.166414,0.267144,-0.458909,0.141925,0.018326,-0.255649,-0.070949,0.146284,0.133982,-0.143301,-0.056078,-0.033646,0.46619,-0.164021,0.02166,0.379799,-0.17038,0.306226,0.655744,-0.008756,0.155896,-0.021441,-0.026231,0.405851,0.137337,-0.155463,0.37031,-0.197016,-0.447538,0.260625,-0.016385,0.321416,-0.215232,0.240593,0.205179,-0.093171,-0.051501,0.268029,0.111426,0.339014,0.180984,0.336907,-0.38569,0.293371,0.115337,0.408583,0.067195,0.342459,0.514219,0.17093,0.212692,0.19891,0.191045,0.305361,0.408319,0.123216,0.136422,0.223183,0.265438,0.477849,-0.132776,0.319626,0.007282,0.049226,-0.189655,0.05378,0.405632,-0.166114,0.248528,0.279056,0.135307,0.17303,0.534029,0.339467,-0.130506,0.472868,0.299356,-0.115082,0.000918,0.43192,0.26382,0.154509,0.112455,0.513955,0.169387,0.008848,0.183296,0.419155,0.21767,0.511508,0.283299,0.095119,0.026269,0.270686,0.158369,-0.098841,0.089634,0.389542,0.235132,0.34569,0.160782,0.541981,0.408802,-0.0093,0.330339,0.280671,0.239819,0.319379,0.253473,0.277525,0.066571,0.314418,0.453677,0.272835,-0.343942,0.356531,0.431116,0.446326,0.269887,0.150148,0.224726,0.046017,0.174842,-0.450344,-0.230189,0.268704,0.185765,-0.234232,0.02873,-0.097684,0.032847,0.1473,-0.352002,-0.138785,0.148699,0.243241,0.252592,-0.39321,0.35852,0.491079,0.117664,-0.494091,0.406366,0.181329,-0.032123,-0.450701,0.087109,-0.362812,-0.288269,-0.09429,-0.01765,-0.159596,0.104416,-0.24914,0.201596,0.487927,-0.401081,0.225051,-0.235625,-0.111971,-0.311327,0.227765,-0.027332,-0.399162,0.1663,0.042395,0.006968,#
4,0.318192,0.124004,0.022698,-0.290876,1.0,0.190824,0.161252,0.041322,-0.361114,-0.107088,0.026675,0.38354,0.05505,-0.169697,0.271738,0.306785,0.052779,0.117209,0.006606,0.19267,-0.084811,-0.134298,-0.146709,-0.518922,-0.028466,-0.318563,-0.107495,-0.094378,0.207057,-0.101774,-0.307307,-0.018809,-0.115157,-0.312908,-0.254832,0.136292,-0.370815,-0.227722,-0.116175,0.057176,-0.179178,-0.108034,-0.226146,-0.3457,-0.090087,-0.017932,0.147187,0.488082,-0.152395,0.199631,0.316043,-0.183773,-0.072811,-0.21789,0.205911,0.056086,-0.281999,-0.078819,-0.132019,-0.272547,0.0458,0.19612,0.123591,0.071537,-0.067946,0.347616,-0.121357,-0.076536,0.056306,0.189639,-0.053656,-0.047328,-0.176897,0.125704,-0.451017,0.554914,-0.134446,-0.459378,-0.291032,-0.201718,-0.072148,-0.448193,-0.183226,0.074504,-0.066868,0.151901,-0.048025,-0.361655,-0.182178,-0.109105,-0.051716,-0.313976,-0.046366,-0.115333,-0.047736,0.064275,0.20479,-0.360656,-0.045384,0.021177,0.191399,-0.278843,-0.478924,-0.09736,-0.283993,-0.133358,-0.141706,0.054589,-0.309877,-0.236765,0.077902,-0.38366,-0.321368,-0.215693,-0.032055,-0.281329,-0.448876,0.101383,0.046557,-0.015908,-0.122442,-0.011332,0.107413,0.034745,-0.256243,-0.207686,-0.031377,0.052015,0.096106,-0.114894,-0.066103,-0.260208,-0.402061,-0.121667,-0.257465,-0.302124,0.099392,-0.301697,-0.053321,0.030044,0.071912,-0.13841,-0.133129,-0.136204,-0.071593,0.074128,-0.195519,0.029597,-0.236034,-0.464266,-0.306957,-0.309483,-0.276046,0.119725,-0.479065,-0.021495,0.176137,0.358257,-0.075776,-0.231956,-0.121089,-0.453539,0.231142,0.12165,-0.416383,0.298655,0.0609,0.162353,-0.221459,-0.246878,0.27067,-0.41455,-0.063156,-0.075312,-0.013322,-0.204246,-0.21404,0.010203,0.198807,-0.087702,0.378438,-0.101952,0.252131,-0.059716,0.124222,-0.479143,0.14467,0.018992,-0.562287,-0.077497,0.017635,0.131572,0.197505,-0.106067,0.145185,-0.470442,0.035557,-0.009303,-0.160419,0.360009,#
5,0.18943,0.197558,0.037831,-0.221967,0.190824,1.0,0.118232,0.116415,0.029306,-0.184143,0.231983,0.180961,0.018776,-0.227229,-0.142502,-0.158626,0.424193,0.11794,-0.348633,0.018183,-0.253119,0.201041,0.15043,-0.363587,-0.172553,-0.534793,-0.111786,-0.437041,-0.411205,-0.217781,-0.349943,0.116713,-0.185311,-0.200651,-0.24685,0.01247,-0.128431,0.024247,0.041579,-0.211094,0.051431,0.172394,-0.14814,0.335578,0.280003,-0.105608,-0.040183,0.215403,0.076608,-0.117609,-0.034236,0.079966,0.234819,-0.134829,-0.101593,-0.336225,0.045948,-0.320751,-0.173332,-0.197402,0.120494,-0.060218,-0.233489,-0.039487,0.102021,0.06413,-0.25025,-0.198338,0.24997,0.330699,-0.038224,0.378216,-0.05844,0.042338,-0.318735,0.130272,-0.526214,-0.023201,-0.285557,-0.244454,0.390409,-0.322792,-0.025823,-0.428154,-0.119546,0.065949,-0.221012,-0.234286,-0.218162,-0.25437,0.082187,-0.054721,-0.22574,-0.016705,-0.158465,0.029951,0.130019,-0.265559,0.090777,-0.012307,0.266795,-0.115631,-0.013686,-0.071341,-0.301208,-0.3274,-0.002775,0.011511,-0.376315,-0.163322,0.328637,0.087669,-0.082666,-0.222758,-0.088517,-0.416292,-0.591525,0.025367,0.027724,-0.281009,-0.290241,-0.384931,0.178726,-0.281066,-0.063807,0.072692,-0.097054,0.029431,-0.050107,0.378533,-0.10286,-0.11905,-0.132469,-0.121048,-0.1495,-0.061349,0.038025,-0.259112,-0.185151,-0.240372,-0.070954,-0.283853,-0.447821,0.138877,0.189558,0.075507,-0.331333,0.040425,0.035635,-0.295301,-0.215409,0.047148,-0.241128,-0.189244,-0.04289,-0.176371,0.054165,0.258528,-0.22685,-0.142926,-0.062487,-0.088034,0.159686,0.139368,-0.154006,0.484915,-0.044042,-0.043149,-0.163082,-0.323977,0.104153,-0.348039,-0.242755,0.185967,0.191655,-0.13136,-0.128361,0.220656,0.212361,-0.080419,0.238767,0.264677,0.172921,-0.041575,-0.15495,0.070013,-0.013251,0.089594,-0.281679,0.126517,-0.092436,0.054886,0.222139,-0.093216,0.138486,0.085247,0.331183,-0.379207,-0.083491,0.089498,#
6,0.053373,0.392537,0.161435,-0.399404,0.161252,0.118232,1.0,0.232342,0.422649,0.245414,-0.01109,-0.089373,0.276667,-0.053144,0.410945,0.103195,-0.060669,-0.261859,0.082179,-0.266925,-0.549209,0.062644,0.43915,-0.180557,-0.147229,-0.460596,0.270147,-0.40086,0.290552,0.168141,-0.670932,-0.240085,-0.013023,0.20737,-0.440025,0.3775,-0.03103,-0.346006,0.185074,0.18366,-0.276448,0.2634,-0.238137,-0.092406,0.143555,-0.328256,0.2368,0.142614,-0.182603,0.206687,-0.234362,-0.254669,0.040685,-0.240361,-0.258659,-0.108314,0.134072,0.013296,-0.099525,-0.020393,0.128516,-0.155877,-0.268396,0.188082,0.108782,0.346665,-0.048346,-0.061881,0.330019,-0.150831,-0.007843,-0.047485,-0.228002,-0.625174,-0.409787,0.505067,-0.287039,-0.538673,-0.268469,-0.120305,-0.160421,-0.617869,-0.535579,-0.120373,-0.174694,0.087851,-0.3777,-0.351303,-0.403915,-0.489138,-0.187581,-0.226385,-0.515776,0.068787,-0.334443,-0.26417,-0.120596,0.025421,-0.122843,-0.084919,0.199785,-0.124279,-0.068631,-0.337742,-0.241184,-0.41867,-0.412154,0.254571,-0.556561,-0.333585,0.122642,0.431814,-0.413363,-0.50617,-0.040403,-0.215963,-0.173982,-0.30384,-0.344693,-0.371044,-0.45117,-0.44265,-0.336513,-0.518911,-0.373148,0.036602,-0.164119,0.335032,-0.156739,-0.129107,-0.404271,-0.771457,-0.67404,-0.009971,-0.347907,-0.362261,-0.084525,0.017354,-0.044011,-0.63539,-0.133932,-0.050586,-0.359854,-0.155535,-0.122393,-0.383619,-0.429937,0.809761,-0.171305,-0.301311,-0.219058,-0.295619,-0.243413,-0.549927,-0.213339,-0.194832,0.089521,0.344234,-0.338407,-0.314667,0.467001,-0.139371,0.453755,-0.03875,-0.048209,0.276834,-0.171096,-0.209021,-0.272705,-0.164119,0.294649,-0.392892,-0.185188,-0.140786,0.165267,-0.228324,-0.299845,0.301328,0.509705,0.11282,0.523986,-0.072574,-0.000209,0.224207,0.420367,-0.146248,0.464842,-0.308182,-0.353419,0.377427,0.085343,0.5632,0.1811,0.353817,-0.02353,0.097032,0.314543,-0.497334,-0.207139,-0.487565,#
7,0.09646,0.075421,0.032036,-0.388636,0.041322,0.116415,0.232342,1.0,0.079226,0.12744,-0.213492,-0.22433,0.015799,0.003095,-0.100574,0.381473,-0.048249,-0.385459,-0.166403,0.028979,-0.029759,0.107297,0.005684,0.276448,-0.003328,-0.075398,0.129889,-0.344345,0.251978,-0.033152,-0.229704,0.010659,0.25094,0.104181,-0.331317,0.073958,0.081024,0.122874,0.516693,-0.374323,-0.213847,0.195582,-0.302507,0.322551,-0.173031,-0.163233,0.225274,0.136602,-0.181883,0.232547,-0.45199,-0.13482,0.113413,0.14389,-0.341127,0.122462,0.236672,-0.216296,-0.239181,-0.011487,0.091181,-0.071417,-0.133502,0.072822,0.097536,-0.067033,-0.010709,0.169337,0.091066,-0.126779,0.178281,0.111725,-0.172932,0.064612,-0.092865,0.282933,-0.05756,0.130666,-0.150783,0.348329,-0.144016,-0.096431,0.249653,0.247722,-0.103383,-0.037237,0.127323,0.012562,-0.053766,-0.039235,-0.192373,-0.004125,-0.202528,0.368937,-0.05577,0.238477,0.348142,0.264513,0.204864,-0.127575,0.226601,0.015054,-0.045207,0.132299,0.233957,-0.131702,-0.103175,0.175205,-0.222335,-0.543249,0.163078,0.014234,-0.023057,-0.043777,0.245967,0.199972,-0.032318,0.032526,-0.255141,-0.063392,-0.140428,-0.24818,0.101166,-0.146628,0.22857,0.061314,-0.326866,-0.220428,-0.280216,-0.161109,-0.349272,-0.140428,-0.106617,-0.026182,-0.125967,-0.265645,0.4656,0.122596,0.053996,-0.180453,-0.032492,0.181179,-0.141114,0.318078,-0.086754,-0.116279,0.019501,0.026838,0.028794,-0.32021,0.003014,0.05365,-0.222342,-0.099189,0.188112,0.075293,0.411526,0.083136,-0.00821,-0.06266,0.045744,0.363865,-0.106981,-0.193311,0.142451,-0.014805,0.078354,-0.430914,-0.257007,-0.326866,0.005599,-0.164246,-0.231909,0.089551,0.107397,0.032869,0.166534,-0.094503,0.131839,0.120859,0.210206,-0.118078,0.05245,-0.036515,-0.013803,0.408343,0.034507,-0.164204,-0.088706,0.018456,0.227562,0.045312,-0.089065,-0.2346,-0.197809,0.1261,0.073762,-0.313487,0.065096,-0.033414,#
8,-0.14385,0.212912,0.466014,-0.142768,-0.361114,0.029306,0.422649,0.079226,1.0,0.055299,-0.100478,-0.186234,0.234352,0.033792,0.040869,-0.389164,0.078532,0.033358,0.132861,-0.216987,0.037758,-0.049829,0.237484,0.02029,0.132915,-0.187714,0.506047,0.044924,0.088168,0.246414,-0.178184,0.235666,-0.006103,0.052581,-0.088055,0.173035,0.448224,-0.212895,-0.076865,0.008308,0.121922,0.045803,0.144242,0.243891,0.277176,-0.465431,0.20637,-0.034339,0.025208,0.20613,-0.3938,-0.120027,0.234878,0.06359,-0.487811,-0.116912,-0.060814,0.000168,0.247873,-0.019653,-0.078954,-0.331628,-0.096574,0.121191,0.12026,0.109481,-0.046802,0.029748,0.067065,-0.13027,0.221523,0.156392,-0.198575,-0.269562,-0.059479,0.126029,-0.019182,-0.014982,-0.08193,-0.258234,0.098451,-0.220459,-0.181552,-0.080075,-0.253182,0.286561,-0.30064,-0.118163,0.165563,-0.128332,-0.277717,0.030373,-0.472244,0.199454,-0.048838,-0.059848,0.025723,0.071295,-0.102774,-0.190848,-0.163135,0.246921,0.162594,0.04909,0.102535,-0.366863,-0.211143,0.103921,-0.188551,0.206996,0.406998,0.486614,-0.163803,-0.311006,0.287335,-0.08293,-0.10813,-0.263543,-0.198879,-0.032308,-0.25339,-0.173286,-0.414592,-0.25098,-0.031127,0.268382,-0.355779,0.020397,0.064988,-0.060896,-0.117609,-0.411759,-0.253092,-0.162435,-0.084949,-0.158175,-0.061725,0.216289,0.032079,-0.1675,-0.28913,0.100624,-0.101396,-0.393999,-0.206629,-0.120162,-0.396941,0.316505,0.085525,-0.069199,0.013806,-0.206527,0.215651,-0.347434,0.019859,-0.027745,0.16252,0.258383,-0.016219,-0.091251,0.303119,0.080684,0.260228,-0.353485,0.348493,0.077054,0.020091,-0.188252,-0.172744,-0.146497,-0.232743,-0.007754,-0.136531,-0.056128,0.024329,0.068797,-0.098326,0.335851,0.51189,-0.072879,0.15353,0.117622,-0.182472,0.04934,0.063726,0.066931,0.252965,-0.129686,-0.046366,0.252739,0.250251,0.177517,0.162587,0.144503,-0.201798,0.404115,0.279959,-0.090063,0.0839,-0.2682,#
9,0.415494,0.059959,-0.468285,-0.164543,-0.107088,-0.184143,0.245414,0.12744,0.055299,1.0,-0.287384,-0.04528,0.435514,0.282246,0.06883,0.153333,-0.28752,-0.078861,0.062894,-0.130257,-0.104412,0.103884,0.242521,-0.044324,-0.234297,-0.038784,0.151566,-0.261151,0.167324,0.648177,-0.234255,-0.135314,-0.098521,0.008685,-0.390277,0.030574,-0.360717,0.019522,0.30028,0.138675,0.006877,-0.113257,-0.19285,-0.140417,-0.17531,-0.388391,0.357811,-0.065178,-0.534948,-0.253481,-0.353093,-0.194395,0.008336,-0.159084,0.146196,-0.099507,0.232676,0.044366,0.195313,0.215267,0.152648,-0.035384,-0.49127,-0.020972,0.325244,0.240024,-0.01528,0.089712,0.089072,-0.464485,-0.268939,-0.389436,-0.307755,-0.268355,-0.127537,0.154646,-0.041925,-0.041726,-0.024233,0.21515,-0.476565,-0.122839,-0.143848,0.021356,-0.102068,-0.349835,-0.409958,-0.177834,-0.075986,-0.098034,-0.173423,-0.325713,-0.23784,0.046143,0.21006,-0.110345,-0.143666,0.330744,0.025979,-0.093063,-0.224941,-0.198297,-0.23431,0.077387,-0.129828,0.069086,-0.476112,0.050751,-0.036332,-0.418684,-0.10196,0.352671,0.054736,-0.262019,-0.446107,-0.002209,-0.080269,-0.085629,0.228704,-0.442323,-0.198405,-0.301004,-0.386866,-0.355944,-0.337443,0.461068,-0.03586,-0.1553,-0.035294,-0.203301,-0.359285,-0.027019,-0.284366,0.087344,-0.460834,-0.198801,-0.22991,-0.111159,-0.007715,-0.345548,0.102486,-0.360651,-0.360451,-0.25915,0.002232,-0.460517,-0.043232,0.327732,-0.284366,-0.361791,-0.133188,-0.274155,-0.116141,-0.314923,0.042897,0.040144,0.327355,0.40614,-0.126758,-0.349678,0.035045,-0.04258,-0.017475,-0.231089,0.042862,0.12097,-0.388156,-0.435824,-0.361058,-0.045297,0.077681,-0.112804,-0.053434,-0.206791,0.207731,-0.474314,-0.151251,-0.03067,0.21019,0.34807,0.094074,0.332047,-0.296481,-0.412515,0.293904,0.191777,0.523195,-0.269824,0.090687,0.482962,-0.06152,-0.030174,0.063699,0.39822,-0.196841,-0.062278,-0.086901,-0.245307,0.15364,0.049722,#
10,-0.272748,-0.121172,0.042804,0.155454,0.026675,0.231983,-0.01109,-0.213492,-0.100478,-0.287384,1.0,0.260497,-0.556043,-0.39724,-0.126942,0.204956,0.291035,0.087951,0.099853,-0.302804,-0.062111,0.026668,-0.032303,-0.154102,0.17591,-0.073214,-0.245928,-0.035646,-0.157668,-0.395422,-0.053098,-0.061173,-0.170653,-0.108547,0.436361,0.081904,-0.071707,-0.032733,0.035619,0.246902,-0.013801,-0.012455,-0.176654,-0.057766,0.077789,0.448406,-0.436317,0.086509,0.154434,0.115408,0.365476,0.09319,-0.026188,-0.15511,-0.209357,-0.071139,-0.112337,0.282692,-0.298439,-0.105891,-0.160435,0.127806,0.038863,-0.212138,0.051862,-0.361517,-0.27373,-0.141013,0.12685,0.339322,-0.166282,-0.009764,0.195052,0.029572,0.051724,0.029115,-0.402327,0.096901,-0.184682,-0.344674,0.010194,0.05607,-0.095755,-0.422549,0.200439,-0.036672,-0.051984,-0.16474,-0.23579,-0.054142,-0.198735,-0.022828,0.108813,-0.365503,-0.275782,0.058237,-0.207585,-0.18511,-0.009959,0.02081,0.109482,-0.016454,-0.063996,-0.384523,-0.269677,-0.31624,0.0495,-0.104998,0.09301,0.136652,-0.105861,-0.018046,0.142574,-0.219448,0.059762,-0.298901,-0.032954,-0.00401,0.023953,0.250683,0.010202,-0.156789,0.075814,-0.171336,-0.30778,-0.158638,-0.327017,0.125232,-0.147613,-0.002539,0.319525,0.010202,0.040135,0.092755,0.369652,0.103396,-0.038442,0.145882,-0.123957,-0.029206,-0.227779,0.170735,0.183122,0.036684,-0.317979,-0.055283,-0.345742,-0.009751,-0.161342,0.34075,-0.196693,0.292098,-0.211933,-0.116987,-0.193552,-0.285763,-0.606046,-0.272187,-0.470152,0.142329,0.095548,-0.075826,0.454799,0.148332,-0.358747,-0.057998,-0.104114,0.380948,0.402472,-0.10997,-0.055675,0.018217,0.073243,-0.125582,-0.283768,0.197457,-0.013053,0.145027,-0.299848,0.293879,0.066292,-0.002711,0.208848,0.267914,-0.223404,-0.21222,-0.329232,-0.013133,0.188463,-0.249201,-0.363296,0.007542,0.215406,-0.276256,0.01145,-0.083822,0.427074,-0.16288,-0.190349,-0.252067,#
11,0.034124,-0.306281,-0.150142,-0.039009,0.38354,0.180961,-0.089373,-0.22433,-0.186234,-0.04528,0.260497,1.0,-0.027059,-0.27853,-0.172451,0.208198,-0.069023,0.128526,-0.292912,0.035304,0.095257,0.005443,-0.390211,-0.419127,0.023357,-0.307334,-0.322305,-0.207576,0.1076,-0.235101,-0.024187,-0.265593,-0.196029,-0.067784,0.051392,0.012846,-0.367394,-0.051457,-0.176128,0.183517,0.298225,-0.125357,-0.194866,-0.399928,-0.351906,0.094087,-0.303448,0.298494,0.029399,0.193858,0.198375,0.102405,-0.013298,-0.119155,0.098828,0.075748,0.007718,-0.002996,0.1967,-0.265434,-0.057695,0.380996,0.209824,-0.550673,0.230906,0.033188,-0.181441,-0.248954,-0.128223,0.33907,0.099961,0.051595,-0.042936,0.400531,-0.006747,0.114602,-0.192266,-0.02568,0.028449,-0.074469,0.227593,0.168696,-0.002999,-0.481015,0.21767,0.068448,0.114453,0.082588,0.117524,0.422331,0.097787,0.124634,0.111278,0.148059,0.031333,0.52853,-0.013478,0.078597,0.243875,0.025411,-0.183929,0.205493,-0.203155,0.110051,0.009672,0.020214,0.001195,0.098419,0.125475,0.25068,-0.070516,-0.198394,-0.040056,-0.068946,0.029599,-0.250041,-0.090419,0.395147,0.354724,0.153808,0.199177,-0.033613,0.228127,0.229525,-0.098396,0.237852,-0.109004,0.093215,0.486508,0.065614,0.074067,0.21846,0.034161,-0.126988,0.033516,-0.236719,-0.1885,-0.081655,-0.102708,0.292138,0.277127,-0.108452,0.050357,0.048401,0.213924,0.165008,0.021338,-0.278574,0.053794,0.02503,0.125034,0.161094,-0.077906,0.153714,-0.04958,0.319063,-0.001432,0.026131,-0.022759,-0.125069,-0.167883,-0.533438,-0.03239,0.2183,-0.15694,-0.005289,0.135896,0.00403,0.143906,0.315688,0.03187,0.182028,0.265903,0.210298,-0.147226,0.078272,-0.307145,-0.295619,0.023227,0.279652,0.055115,0.076599,-0.026772,-0.043447,-0.014109,-0.366617,0.128551,0.303488,-0.170743,-0.231258,-0.247841,-0.137779,-0.115185,-0.115973,-0.124964,-0.416607,0.315726,0.037066,0.02585,0.274392,#
12,0.585299,0.430632,-0.123282,-0.28672,0.05505,0.018776,0.276667,0.015799,0.234352,0.435514,-0.556043,-0.027059,1.0,0.418964,0.080947,-0.095504,-0.182139,0.168163,-0.144226,0.027291,-0.194268,0.193612,0.466814,-0.065964,-0.266566,-0.17496,0.338578,-0.405478,0.244741,0.349019,-0.222525,0.093817,0.12904,-0.139223,-0.420284,0.224483,0.143501,0.074454,-0.021295,-0.292111,0.150455,0.035581,-0.055914,-0.018783,0.043777,-0.546535,0.50426,0.135134,-0.240731,-0.049154,-0.11617,-0.1959,0.13579,-0.159938,0.020365,-0.02009,0.111545,-0.20819,0.383138,0.173084,0.626017,0.060552,-0.102216,-0.097107,0.164802,0.662498,-0.326242,0.354278,0.365843,-0.253495,0.017114,-0.141221,-0.273643,-0.161048,-0.333455,0.242158,0.112902,-0.210702,-0.092662,-0.071489,-0.155846,-0.326301,-0.154636,0.030563,-0.181522,-0.224398,-0.200274,0.071722,0.122602,-0.388099,-0.094597,-0.094065,-0.369759,0.271889,-0.031794,0.021252,0.270365,0.00598,-0.084738,-0.127023,-0.028327,0.082969,-0.048838,0.3117,0.004462,-0.131032,-0.333317,-0.024524,-0.39441,-0.157707,0.177931,0.286863,-0.111778,-0.224488,-0.185454,0.086658,-0.197853,-0.334439,0.187483,-0.451316,-0.109126,-0.28662,-0.222741,-0.256398,-0.225499,0.367183,0.040129,0.080442,0.322055,0.258662,-0.618931,-0.095875,-0.343635,-0.180585,-0.51717,0.011884,-0.265904,-0.400542,0.301958,-0.293286,-0.017788,-0.410582,-0.444577,-0.297325,0.166938,-0.155444,-0.086471,0.316984,0.010524,-0.595527,0.081688,-0.455178,0.310284,-0.312017,-0.105756,-0.151088,0.599059,0.660102,0.089446,-0.421885,0.151265,-0.169295,0.060411,-0.16508,0.178239,0.538924,0.02997,-0.217742,-0.499025,-0.196999,0.005915,-0.20861,-0.194831,-0.04964,0.416391,-0.379191,-0.030518,0.089365,0.708792,-0.177121,0.17867,0.120073,-0.266975,-0.17827,0.358702,-0.117293,0.630814,-0.159844,-0.534325,0.407776,0.232505,0.148734,0.06759,0.390823,0.158059,0.006688,0.039762,-0.079908,0.44371,0.210455,#
13,0.219132,0.0681,-0.12933,-0.129372,-0.169697,-0.227229,-0.053144,0.003095,0.033792,0.282246,-0.39724,-0.27853,0.418964,1.0,0.130425,-0.042554,-0.576412,0.276463,-0.10649,0.143233,-0.064568,0.573277,0.499361,0.390699,-0.115731,0.226339,0.536952,0.021926,0.23453,0.57953,-0.044921,0.270654,0.074029,0.063298,-0.016399,0.109442,0.103011,0.228691,0.319189,-0.270237,0.059109,0.21498,0.373423,0.010695,-0.263766,-0.563093,0.51728,-0.241512,-0.319268,-0.095531,-0.148338,-0.208259,0.06801,0.04591,-0.18886,0.012962,0.039724,0.000587,0.343512,0.136091,0.402595,-0.011904,-0.258217,0.147069,0.135346,0.005889,-0.032807,0.427082,0.198431,0.003013,-0.02999,0.091546,-0.251638,0.158791,-0.176601,-0.177478,0.427245,-0.092532,-0.132476,0.277323,-0.221377,-0.164781,0.17796,0.215662,0.0116,-0.054271,-0.04092,0.01387,0.225278,-0.258532,0.125984,-0.14434,-0.03086,0.229795,0.325929,0.14334,0.053672,0.168781,-0.140628,-0.197035,-0.073721,-0.128456,0.139368,0.105812,-0.045221,0.018112,0.143964,-0.486332,-0.090876,0.004991,0.024612,0.048363,0.03576,0.298013,-0.245304,0.085629,0.008163,-0.219418,-0.00542,-0.104163,0.008068,-0.16366,-0.066748,-0.117049,-0.188979,0.315212,0.066546,0.104466,0.216954,0.198857,-0.079707,0.069175,-0.35547,-0.132654,-0.526524,0.210432,-0.069354,-0.030462,0.207186,0.038759,0.127355,-0.557552,-0.108985,-0.277307,-0.224652,-0.181084,0.048793,-0.068399,-0.243478,-0.206725,0.035768,-0.422258,0.248206,-0.345382,-0.048626,0.040179,0.468517,0.131751,0.271076,-0.199212,0.0735,0.0884,-0.168625,0.028569,0.146017,0.127499,0.142035,0.177562,-0.102179,0.047853,-0.148836,-0.016777,-0.270062,-0.311503,0.221742,-0.431194,0.30493,-0.171916,0.370527,-0.173721,0.367308,-0.082014,-0.268066,-0.142201,-0.113843,0.204158,0.057269,-0.434785,-0.25003,0.256868,0.007915,-0.206323,-0.417881,0.088915,0.125701,-0.111848,0.000488,0.120284,0.642106,-0.011787,#
14,0.005763,0.358251,-0.022896,-0.295108,0.271738,-0.142502,0.410945,-0.100574,0.040869,0.06883,-0.126942,-0.172451,0.080947,0.130425,1.0,0.105872,-0.107316,-0.145556,0.349398,-0.043837,-0.26996,-0.137847,0.237959,0.035671,-0.215918,-0.003605,0.191546,0.201716,0.462439,0.246606,-0.509552,0.038045,-0.014278,0.024624,0.065253,0.330827,-0.233329,-0.235232,-0.076846,0.391994,-0.454241,0.004526,0.185215,0.139596,0.454241,-0.08192,0.281785,-0.217584,-0.377403,0.192221,0.1836,-0.356977,0.060713,0.040525,0.049498,-0.438206,-0.252701,-0.020801,-0.091468,-0.316661,-0.115686,0.065917,-0.168238,0.216584,-0.07401,0.085288,-0.036334,-0.16496,-0.143692,-0.408874,-0.372933,-0.421685,0.014569,-0.397456,-0.373772,0.250812,-0.163196,-0.493587,-0.400487,-0.090865,-0.419913,-0.527759,-0.495447,0.328564,-0.269348,-0.083933,-0.2976,-0.428539,-0.285159,-0.287021,0.048025,-0.137631,-0.133722,-0.310218,-0.380554,-0.354935,-0.494974,-0.134845,-0.596986,-0.042986,0.185763,-0.386484,-0.328982,-0.437062,-0.366648,-0.035689,-0.36011,-0.107004,-0.333592,-0.006661,-0.349692,0.237348,-0.50073,-0.295291,-0.410553,-0.079886,-0.105051,-0.263088,-0.538383,-0.095909,-0.40234,0.004099,-0.414072,-0.08589,0.003559,-0.406167,-0.14646,-0.03969,-0.234303,-0.219353,-0.113778,-0.225013,-0.588849,0.138436,-0.437755,-0.322773,-0.071276,-0.130026,-0.186483,-0.137184,-0.275917,-0.257178,-0.09197,0.053298,-0.223895,-0.434913,-0.21819,0.261774,-0.43061,-0.066186,-0.482696,-0.586249,-0.264068,-0.175808,-0.323438,-0.341679,-0.153814,0.108408,-0.392575,0.096154,0.177579,-0.355515,0.201175,0.005652,-0.517064,-0.107178,0.037373,0.346862,0.141685,-0.14646,0.504075,0.029207,-0.14248,-0.431171,0.521633,-0.325422,-0.263574,0.25711,0.118384,-0.009634,0.410749,0.130402,0.41589,0.346412,0.368968,-0.388932,0.077822,-0.326097,-0.07102,0.281129,-0.12712,0.501657,0.309865,0.469208,-0.01538,-0.108248,0.077531,-0.098639,-0.209649,-0.083197,#
15,-0.019094,-0.238087,-0.228706,-0.2782,0.306785,-0.158626,0.103195,0.381473,-0.389164,0.153333,0.204956,0.208198,-0.095504,-0.042554,0.105872,1.0,-0.16905,-0.352569,-0.012735,-0.205098,-0.321765,0.165564,-0.078318,0.082938,0.061339,0.17917,-0.14355,-0.264645,0.371903,-0.153035,-0.300077,-0.283826,-0.133913,-0.060319,0.063917,0.317237,-0.156964,0.049602,0.349244,0.081384,-0.183602,-0.285818,-0.415021,-0.1353,-0.307397,0.231878,-0.137434,0.09651,-0.386507,0.125199,0.117731,0.110008,-0.144215,0.189044,-0.014579,0.126682,-0.083304,0.063635,-0.264527,-0.419396,0.033285,0.398821,0.128008,-0.113072,0.047056,-0.286858,-0.250336,0.021634,0.129848,0.062861,-0.059065,-0.268422,0.086254,0.194293,-0.012153,0.204895,-0.115268,-0.116838,-0.258725,0.128111,-0.39686,-0.17393,0.165677,-0.160762,0.351932,-0.176809,0.054825,-0.234409,-0.136334,0.023404,0.077977,-0.061365,0.048414,-0.036837,-0.290253,0.347729,0.128721,0.201244,-0.043465,-0.207163,0.119775,-0.082677,-0.29559,0.030189,-0.005495,-0.211947,-0.181048,0.07204,-0.119679,-0.308298,-0.176156,-0.252867,0.114403,-0.126637,-0.057062,-0.059748,0.037832,0.160298,-0.023467,0.205331,-0.068487,-0.006709,0.073462,-0.248781,-0.022995,-0.015219,-0.076988,0.05755,-0.178925,-0.260129,-0.085497,0.099567,-0.178636,0.044861,-0.017683,-0.036558,-0.009275,0.024356,-0.251143,-0.051734,0.037572,0.09063,0.106943,0.27868,-0.143027,-0.079575,-0.100728,-0.084591,-0.210257,-0.082697,-0.231729,-0.000479,-0.345333,-0.032644,0.138314,0.158477,0.033092,-0.134935,-0.252146,0.183411,0.321713,-0.042069,-0.08048,0.146186,-0.344867,-0.302076,0.133388,0.158133,-0.04269,-0.076988,0.056412,-0.044053,-0.157345,0.043007,-0.020458,-0.00974,-0.162289,-0.283587,-0.203935,0.309516,0.195779,-0.253458,0.3008,0.037007,-0.120765,0.065317,-0.235483,-0.219169,-0.016972,-0.124768,-0.184141,-0.101894,-0.019131,-0.173555,0.09305,-0.175151,0.20847,-0.159356,0.00633,-0.021421,#
16,0.091286,0.237387,0.050521,-0.208768,0.052779,0.424193,-0.060669,-0.048249,0.078532,-0.28752,0.291035,-0.069023,-0.182139,-0.576412,-0.107316,-0.16905,1.0,0.094322,0.248429,-0.289918,0.132204,-0.44333,-0.193832,-0.374196,0.019408,-0.115692,-0.39334,-0.049808,-0.356859,-0.196229,0.095027,0.158147,0.057827,-0.26596,0.133196,0.074229,0.221265,-0.244297,-0.273914,0.03189,0.116202,-0.237119,-0.096972,0.274336,0.423276,0.123691,-0.378811,0.168139,0.140953,-0.263802,0.15934,-0.152053,0.097258,-0.255971,0.246418,-0.081451,-0.390371,-0.277069,-0.374266,-0.084592,-0.139806,0.143734,0.200256,-0.018473,-0.204784,0.051128,-0.070364,-0.249374,0.161365,0.235034,-0.02238,0.148038,0.195588,-0.334496,-0.117978,0.043046,-0.413268,0.090011,-0.161658,-0.361771,0.200015,0.02633,-0.119333,-0.266624,-0.321715,-0.236298,-0.238794,-0.171942,-0.06578,-0.053822,-0.192508,-0.037004,-0.236496,-0.191441,-0.29475,-0.290889,0.142338,-0.361712,-0.182295,-0.138892,0.138917,-0.164279,-0.238992,-0.050533,-0.120897,-0.13847,-0.138045,0.26393,-0.097638,-0.032022,0.333081,-0.02796,-0.057527,-0.236496,0.058881,-0.010109,-0.393638,0.002867,0.210149,-0.123037,-0.341752,-0.10236,-0.132822,-0.015937,0.201591,-0.316708,-0.100947,-0.112861,-0.270589,-0.002428,0.141192,-0.013016,0.196963,0.077741,0.019915,-0.111097,0.23016,-0.228741,-0.136352,-0.047237,-0.391536,0.329274,-0.185865,0.027117,0.063797,0.174918,-0.163747,0.218678,0.026262,-0.019282,-0.384996,0.284261,0.131022,0.044749,-0.207898,-0.451901,-0.226712,0.115401,-0.26781,0.14235,-0.163512,0.134199,0.301136,-0.128841,-0.146233,0.265103,-0.104112,-0.062623,-0.107399,-0.327207,0.022576,-0.326828,-0.085111,0.074548,0.068999,-0.002078,-0.040318,0.326302,-0.134537,-0.06682,-0.239968,0.351125,0.230022,0.100477,-0.051295,-0.114033,-0.005075,0.398724,0.042875,0.109857,0.008351,0.201666,0.391879,0.056058,-0.053282,0.44243,0.216756,-0.137343,-0.40047,-0.048706,#
17,0.378038,0.218057,0.148532,-0.003131,0.117209,0.11794,-0.261859,-0.385459,0.033358,-0.078861,0.087951,0.128526,0.168163,0.276463,-0.145556,-0.352569,0.094322,1.0,0.026231,0.30602,0.120618,0.273013,0.158133,-0.28701,0.042863,-0.002526,-0.006182,0.008228,-0.030108,0.297513,0.156492,0.274091,0.125709,-0.057962,0.202766,0.016174,0.044318,0.042857,-0.349465,-0.121068,0.206452,0.141104,0.144762,0.010966,-0.143093,-0.338424,0.243315,0.085438,0.201909,-0.227589,0.087485,-0.246725,-0.045504,-0.335321,-0.052829,-0.102635,-0.323344,-0.143504,0.169276,0.038415,-0.01767,0.168896,0.13786,-0.138411,-0.116712,0.095886,0.112843,0.155128,0.022771,0.436666,0.117783,0.175332,-0.472712,0.018981,-0.079673,-0.063176,0.1216,-0.064363,-0.043098,-0.438372,0.251249,-0.028367,0.028799,-0.069236,0.004131,0.024154,-0.116347,0.212856,0.195827,0.079655,0.186373,-0.063764,0.01052,0.155131,0.080864,0.249785,0.160358,-0.272088,-0.272117,-0.345296,-0.219176,-0.041173,-0.020405,0.285156,-0.205188,-0.024006,-0.034521,-0.545076,-0.068673,0.387204,0.335052,-0.101563,0.109236,0.041268,0.095492,-0.047309,-0.219144,-0.14471,0.289838,-0.214843,-0.047349,-0.051375,-0.095233,-0.054401,-0.244261,0.21921,0.023041,0.080707,0.212016,0.139394,0.196139,0.081883,0.023684,-0.332397,-0.138298,-0.065879,0.150417,-0.205695,-0.028624,0.114398,0.119184,-0.355752,-0.095052,-0.381546,-0.276935,0.02282,0.02617,-0.01276,0.06203,-0.234801,-0.024678,-0.104464,0.458801,-0.163246,-0.235609,-0.133067,0.251937,0.244505,-0.119838,-0.202868,-0.372693,0.010451,0.140991,-0.21693,-0.227542,0.370682,0.070103,-0.030532,0.158509,0.023041,-0.273092,-0.011528,-0.275296,0.029588,-0.00791,-0.243412,0.204086,-0.004191,0.332707,-0.335717,0.122426,0.082167,-0.348044,-0.131764,-0.271215,-0.444807,0.2194,0.147617,-0.213806,-0.050653,-0.017296,0.01958,-0.061659,0.082961,-0.11727,-0.018966,-0.04662,0.142444,0.2741,0.389855,#
18,-0.300156,0.165057,-0.046418,-0.145689,0.006606,-0.348633,0.082179,-0.166403,0.132861,0.062894,0.099853,-0.292912,-0.144226,-0.10649,0.349398,-0.012735,0.248429,0.026231,1.0,-0.228655,0.215717,-0.516219,0.023102,-0.064727,-0.04924,0.14365,0.125114,0.362865,0.065828,0.266301,-0.185183,0.203403,0.344296,0.009829,0.347309,0.178103,0.070498,-0.256051,-0.296129,0.259462,-0.243919,-0.060055,0.174224,-0.028509,0.338216,-0.060899,0.161267,-0.30574,0.117752,0.116451,-0.15787,-0.207088,-0.078082,0.068496,0.302678,-0.024016,-0.308185,-0.025307,-0.168703,-0.105071,-0.306785,0.113544,0.047844,0.370707,-0.073008,-0.030392,-0.070657,0.105613,-0.0694,-0.224227,-0.41535,-0.452927,0.163543,-0.266681,-0.078877,0.112706,-0.179066,-0.042217,0.04677,-0.287809,-0.278898,-0.226542,-0.523263,0.067314,-0.437245,-0.295599,-0.333232,-0.312579,-0.15532,-0.112047,-0.128745,-0.353727,-0.162175,-0.519925,-0.391346,-0.372392,-0.183911,-0.145725,-0.437075,-0.191101,-0.293402,0.04274,-0.214737,-0.290598,-0.249112,0.109716,-0.395615,-0.09757,-0.010906,0.052133,-0.10697,-0.04329,-0.158866,-0.162175,-0.252551,-0.273367,-0.129307,-0.101275,-0.175713,-0.044317,-0.397495,-0.010294,-0.63038,-0.102026,-0.08727,-0.403699,-0.353744,-0.080232,-0.420612,-0.400214,0.061431,-0.22843,-0.11361,-0.025832,0.04937,-0.337863,0.161214,-0.119136,-0.220374,-0.159487,-0.465972,0.052363,-0.105178,-0.271629,-0.238265,-0.276367,-0.248826,0.203301,-0.295546,0.081363,-0.353727,-0.061291,0.046126,-0.030716,-0.361294,-0.352227,-0.20803,0.101221,-0.245704,0.265214,0.115811,0.022188,0.247466,0.02953,-0.35046,-0.141062,-0.000203,0.17502,-0.032682,-0.121018,0.295709,-0.211439,0.037091,-0.274433,0.14661,0.030385,-0.12163,0.291861,-0.02277,-0.075572,-0.044571,0.276793,0.396297,0.002417,0.169232,-0.062991,-0.108985,0.02779,0.136407,0.07249,-0.162716,0.132819,0.302182,0.278776,-0.037713,0.012602,0.071449,0.106055,-0.534928,-0.072145,#
19,-0.029251,-0.206985,0.195729,0.368093,0.19267,0.018183,-0.266925,0.028979,-0.216987,-0.130257,-0.302804,0.035304,0.027291,0.143233,-0.043837,-0.205098,-0.289918,0.30602,-0.228655,1.0,0.227815,0.012839,-0.002066,-0.127564,0.128623,-0.027834,-0.111418,-0.028249,-0.002259,-0.109284,0.188284,0.042528,0.084208,-0.123202,-0.147182,-0.509494,0.105632,0.013096,-0.380051,-0.335869,0.150971,0.443123,0.003098,0.062581,-0.362643,-0.036312,0.45549,0.204929,0.325588,-0.25944,0.108189,0.245769,0.421457,-0.104359,0.001412,0.156163,0.227606,-0.448785,-0.16357,-0.050704,-0.157313,-0.27923,0.326496,0.059191,0.033604,0.119042,0.338171,0.093962,-0.267628,0.01665,0.332802,0.155882,-0.088557,0.299168,0.190778,-0.181439,0.517497,0.044193,0.368826,0.125463,0.441578,0.202139,0.296034,0.321504,0.128374,0.351594,0.293795,0.431842,0.457283,0.213928,0.436456,0.202112,0.29046,0.196982,0.107436,0.202835,0.193195,0.034458,-0.054509,0.204113,-0.25187,0.225786,0.205881,0.394101,0.356696,0.516384,0.366677,-0.464808,0.193684,0.098014,0.227954,-0.383858,0.180977,0.448801,0.299282,0.061418,0.049104,0.447781,-0.110554,0.032606,0.362183,0.118324,0.471108,0.226596,0.126886,0.129336,0.190503,0.017993,-0.118956,0.240756,0.102264,0.216251,0.11218,-0.268884,0.101947,0.06767,0.343144,0.039346,0.087355,0.388742,0.377776,-0.294121,0.056216,0.02805,0.289151,0.339515,0.486256,-0.364337,0.605477,-0.27598,0.185452,0.056736,0.227001,0.14136,0.033552,0.289882,0.151742,0.060011,0.321205,-0.023278,-0.3793,-0.031169,-0.288158,0.076044,0.024319,-0.194244,0.259726,-0.128177,-0.013906,0.190503,-0.292552,0.056015,0.27546,0.457706,-0.016788,0.201055,0.349577,-0.415996,-0.075964,-0.014048,0.073975,-0.289297,0.073067,-0.040917,-0.346687,-0.007393,-0.049035,0.202439,-0.045403,-0.441581,0.378717,-0.211854,-0.446296,-0.282719,0.280386,-0.271854,-0.525489,0.26051,0.156463,0.380654,#
20,-0.065732,-0.261932,-0.126776,0.146629,-0.084811,-0.253119,-0.549209,-0.029759,0.037758,-0.104412,-0.062111,0.095257,-0.194268,-0.064568,-0.26996,-0.321765,0.132204,0.120618,0.215717,0.227815,1.0,-0.453351,-0.409497,0.028626,0.382072,0.296029,-0.0843,0.315043,-0.155833,-0.033106,0.607673,0.181792,0.259473,-0.098133,0.301828,-0.44028,0.087925,0.025114,-0.273827,-0.173918,0.177595,-0.182879,0.127251,-0.189941,-0.092433,0.09626,0.115181,-0.104433,0.239602,0.113647,-0.031969,-0.144598,0.16839,0.127724,0.229918,0.375529,-0.11429,0.082621,0.087693,0.190488,-0.150935,-0.0908,0.142356,-0.22759,-0.023785,-0.034703,-0.000146,0.108268,-0.515976,-0.147253,0.024523,-0.031311,0.217971,0.3777,0.213051,-0.335163,0.274148,0.440279,0.339227,0.165296,0.022066,0.550298,0.237097,0.198441,-0.123392,-0.041006,0.286305,0.168592,0.612774,0.480236,-0.180451,-0.017423,0.118964,-0.020477,0.271363,0.0522,-0.020138,0.03585,0.150594,0.238751,-0.272002,0.333902,-0.084261,0.143297,0.221731,0.396302,0.208634,0.06673,0.435189,0.304127,0.0725,-0.27657,0.159442,0.267845,0.238623,0.191668,0.137485,0.387647,0.390161,0.405362,0.343834,0.373595,0.100646,0.694024,0.295324,0.04601,-0.327103,-0.474873,0.150838,0.013304,0.139437,0.343834,0.382762,-0.059295,0.208038,-0.097453,0.255391,-0.046437,0.272451,0.507787,-0.035521,0.173896,0.334404,-0.133067,0.089096,0.199524,0.397549,-0.453996,0.220746,0.15581,0.151023,0.220462,0.313663,0.423356,-0.027841,0.223683,-0.012908,-0.129187,0.353907,0.16996,-0.473936,-0.105402,-0.082889,-0.231178,0.311416,-0.223692,0.100331,-0.029275,0.071208,0.110981,-0.208356,0.210002,0.449133,0.099955,-0.252636,0.217505,0.174001,-0.131751,-0.248511,0.015991,-0.21537,0.007206,0.023595,-0.068759,-0.051537,0.1023,-0.175118,0.421371,0.201593,-0.24163,0.035284,-0.342886,-0.121316,-0.285698,-0.191036,-0.052826,-0.188888,0.322188,0.151742,0.179066,#
