0,1.0,0.343462,0.10553,-0.38237,0.569654,0.005475,0.351126,-0.11098,0.58093,0.175024,-0.01831,0.493142,0.489583,0.144842,0.236098,0.252041,0.101086,-0.100624,0.19268,-0.374524,-0.375922,0.159369,0.12541,-0.107655,-0.192454,-0.223869,-0.157391,-0.285842,0.197737,-0.018781,-0.436436,0.083367,-0.220769,-0.084878,-0.35416,0.166172,0.394758,-0.077927,0.030584,-0.12794,0.2047,-0.337609,-0.045106,0.149176,-0.076824,-0.010761,0.496287,0.140564,0.152684,0.353596,-0.006777,-0.21979,0.107402,-0.063968,-0.028284,-0.24218,-0.64201,0.439342,-0.074006,0.193797,0.075941,0.084524,-0.164256,-0.048008,0.307283,0.323219,-0.152852,0.001602,0.362518,-0.178708,0.002755,-0.497946,-0.152852,-0.462247,-0.304541,0.22619,-0.408892,-0.327772,-0.570772,-0.242588,-0.003536,-0.621936,-0.253771,-0.082066,-0.209633,-0.341937,-0.40333,-0.343311,-0.289829,-0.393429,0.05685,-0.296966,-0.005434,-0.169657,-0.43896,-0.072668,-0.561264,-0.403334,-0.240313,-0.359199,0.236995,-0.461519,-0.418057,-0.354346,-0.228958,-0.420575,-0.40108,-0.270716,-0.220544,-0.09261,-0.145792,-0.220769,-0.132133,-0.176155,-0.3472,-0.295432,-0.460648,-0.580354,-0.025343,-0.654806,-0.513402,-0.356347,-0.318844,-0.31294,-0.263779,-0.242578,-0.350472,0.016769,-0.06135,-0.301978,-0.104981,-0.297788,-0.158508,0.03772,-0.242137,-0.56126,0.0,-0.513378,0.109995,-0.444168,-0.301978,-0.105718,-0.300642,-0.244669,-0.568518,-0.065417,-0.402556,0.236785,-0.607763,-0.510461,-0.460077,-0.398191,-0.16994,-0.288408,-0.326012,-0.354346,0.363846,0.524756,-0.324448,-0.346414,-0.159648,-0.184731,-0.343589,-0.08886,0.090351,0.343606,-0.006188,-0.146342,-0.374292,-0.301978,0.068591,0.32086,-0.174743,-0.483691,0.267912,-0.066258,-0.288408,0.356239,0.345504,-0.359445,0.254945,0.196493,0.216814,0.10686,0.32902,-0.162878,0.242138,0.064373,-0.108606,0.548936,-0.3472,0.216205,0.44424,0.466629,0.124683,0.055436,0.392164,-0.345814,0.01394,0.188213,#
1,0.343462,1.0,0.195248,0.201885,0.432537,-0.103122,-0.307104,-0.350138,0.017989,0.078455,-0.341516,0.053778,0.035902,0.135918,0.193157,-0.129234,-0.172928,0.002357,-0.041832,-0.419606,0.077834,-0.131637,0.361027,-0.08242,-0.21937,-0.421089,-0.182101,0.023529,0.203353,0.13948,-0.389132,0.165451,-0.165622,0.137225,-0.254651,0.129004,0.324171,-0.086561,0.178465,-0.1666,0.464311,-0.30434,0.299822,0.200454,-0.277403,-0.212183,0.378238,0.230013,0.026669,0.19648,-0.103557,-0.182312,0.201202,-0.004471,-0.204282,-0.23677,-0.164309,0.349002,-0.25921,0.11798,-0.059484,-0.175854,-0.074982,-0.200615,0.085842,0.25153,-0.114671,0.192966,0.335412,0.087677,0.129688,-0.227905,-0.114671,-0.103275,-0.027893,0.140573,-0.057257,0.012008,-0.180781,-0.162913,-0.133661,-0.391836,-0.310743,0.338622,-0.269373,-0.322342,-0.184182,-0.137506,-0.13303,-0.162551,-0.099781,-0.071946,-0.13736,0.204656,-0.458387,-0.239722,-0.239556,0.002002,-0.178972,0.133907,0.22991,0.09882,-0.024659,-0.188881,-0.367091,-0.315518,-0.229849,0.0576,0.103979,-0.139407,0.090881,0.159648,-0.218105,-0.191668,0.03804,-0.074201,-0.27284,-0.123574,0.056549,-0.055519,-0.19911,-0.266001,-0.034125,-0.030352,0.123737,-0.164191,-0.193204,-0.219666,0.305946,0.048623,-0.096537,0.058668,-0.181389,-0.032349,-0.051392,-0.238398,0.0,-0.197772,0.22894,-0.129786,-0.146844,0.183469,0.268963,-0.444953,-0.17706,-0.177689,-0.05034,0.111066,-0.390576,-0.129619,-0.371659,-0.159227,-0.133661,-0.151343,-0.12969,-0.00016,0.044863,0.196816,-0.032425,-0.188718,0.04536,-0.046814,-0.146168,-0.17187,0.003054,0.18775,0.153364,-0.544694,-0.280796,0.048623,-0.180279,0.228932,-0.280553,-0.101728,-0.035821,0.17344,-0.131245,-0.093639,0.061018,-0.134062,-0.041994,0.07615,-0.032425,-0.303146,0.115753,-0.25509,0.228323,-0.269141,-0.187174,0.064739,0.03804,0.021512,0.06823,0.359701,0.070855,-0.076694,0.024591,-0.355311,-0.123818,0.126238,#
2,0.10553,0.195248,1.0,0.332698,-0.115209,-0.357513,-0.04328,-0.23258,0.024107,0.271642,0.004146,0.151732,0.047061,0.060103,-0.203265,-0.152268,-0.120305,0.363977,-0.002283,-0.071749,-0.267258,-0.054743,0.070624,0.174923,0.079463,-0.064665,0.139749,-0.311085,0.144519,-0.201519,-0.197965,0.046016,0.029124,-0.144182,-0.24702,0.211398,-0.215677,0.203119,-0.094998,-0.318602,0.056218,0.270149,-0.168359,-0.062967,0.505249,-0.559419,0.245446,0.369197,-0.354938,0.313859,-0.349985,-0.032289,-0.195683,0.386154,-0.119087,-0.313309,-0.310793,0.049781,-0.123886,0.092773,-0.249317,0.041718,-0.021862,-0.497269,0.198109,-0.038665,-0.195884,0.019943,-0.137741,-0.029029,0.078521,-0.0936,-0.195884,0.19262,-0.195919,0.341456,-0.07196,-0.145573,0.030969,-0.283941,-0.191058,-0.040467,-0.200581,0.445266,-0.095461,-0.197187,0.191977,-0.053267,-0.436251,-0.293852,0.226743,-0.474522,0.088684,0.002787,-0.124231,0.440034,0.280204,0.193797,-0.124101,-0.094909,-0.095695,0.011237,-0.18705,0.026276,-0.134261,0.01382,0.161407,0.134738,0.040719,0.318937,0.415229,0.00601,0.134946,0.009841,0.253526,-0.135768,-0.136237,-0.354645,0.001545,0.014507,-0.149439,0.042081,-0.208734,-0.045436,0.068925,0.028512,-0.154921,-0.001024,0.006033,0.093273,0.067407,0.089749,0.214965,0.174607,0.293163,-0.070247,0.0,0.204391,0.297023,-0.215245,0.096415,0.535705,0.106125,-0.226028,-0.132955,-0.008911,-0.052759,-0.089418,-0.35909,0.289959,0.026546,0.328459,0.268313,-0.064513,-0.04568,0.193913,0.000579,0.191409,0.104388,-0.129711,0.388246,-0.095348,0.274825,0.047795,-0.105235,-0.012681,-0.07158,-0.295417,0.092969,-0.059929,0.051864,0.057864,-0.069337,-0.113975,-0.089302,0.154615,-0.434981,0.046799,0.089319,-0.130793,0.119549,0.12002,-0.218005,0.007116,-0.45451,0.172004,-0.208155,0.198485,0.109636,0.094564,0.253526,0.02901,-0.196217,0.055767,-0.315511,0.067378,-0.1228,0.05945,0.235396,-0.539053,#
3,-0.38237,0.201885,0.332698,1.0,-0.16848,-0.245,-0.422593,-0.1513,-0.436189,-0.117614,-0.059608,-0.396143,-0.240098,-0.108353,-0.161405,-0.372358,-0.009462,0.167123,0.024392,0.116882,0.130162,-0.039978,-0.062819,0.005942,0.139883,0.124766,-0.106023,0.307741,0.056431,-0.23171,0.152072,0.170584,0.215543,-0.00978,-0.321581,-0.230356,-0.176028,0.104283,0.113974,0.088037,0.07839,0.062514,0.263421,0.04743,-0.156303,-0.104304,-0.19162,-0.169767,-0.092629,-0.082289,-0.259158,0.295875,-0.140736,0.235197,-0.097744,0.053543,0.067565,-0.260781,-0.045408,-0.151038,-0.14564,-0.124987,0.165476,-0.114492,-0.278581,-0.30077,0.107007,-0.037026,-0.336104,0.07457,0.030837,0.216782,0.123832,0.381925,0.031588,0.052559,0.317509,0.213352,0.268529,0.12459,-0.078203,0.190167,-0.036433,0.366346,-0.075324,-0.078076,0.298511,0.249113,0.025272,0.137111,-0.032637,0.185847,-0.273989,0.244398,0.172482,0.163973,0.328014,0.458973,0.128861,0.064619,-0.29228,0.185475,0.096375,0.261837,-0.049481,-0.055641,0.458599,0.234813,0.409347,0.047477,0.423408,-0.11895,-0.315969,-0.124743,0.259707,0.348894,0.37009,-0.032936,-0.052586,0.264444,0.077257,-0.097941,0.199721,0.216419,0.266222,0.311289,-0.104811,-0.076105,0.163192,0.203772,-0.23242,0.198057,0.019288,-0.067594,0.262975,0.299266,0.0,0.270599,-0.087652,0.290189,0.014283,0.438358,0.401486,-0.148893,0.122349,0.054491,0.146516,-0.094326,0.033826,0.264267,0.16618,0.583838,0.257885,0.029613,0.243855,0.255332,-0.1664,-0.34359,0.367283,-0.084202,0.25093,0.295082,-0.061504,-0.020049,-0.182362,-0.266848,-0.046096,-0.299895,0.120377,0.218089,-0.334503,-0.282822,0.145969,0.147985,-0.180857,0.277484,0.015063,-0.106223,-0.200371,0.307287,-0.291423,-0.093793,-0.128534,-0.362734,-0.075847,-0.131464,-0.148003,-0.052063,0.073078,-0.280524,0.431633,-0.148273,-0.197128,-0.276445,-0.127865,-0.095226,-0.316521,0.200411,-0.196599,-0.213817,#
4,0.569654,0.432537,-0.115209,-0.16848,1.0,0.000675,0.163343,-0.118021,0.173016,0.319436,-0.226466,0.278045,0.390581,0.319341,-0.040296,0.180804,0.049778,-0.220272,0.052987,-0.45745,-0.008713,-0.108824,0.320177,-0.418015,-0.296342,-0.151731,-0.132977,-0.172343,0.206764,0.069654,-0.402273,0.066939,-0.392429,0.079577,-0.300089,0.418167,0.271981,-0.28145,-0.043884,-0.324451,0.259289,-0.351998,0.259207,0.415563,-0.22014,-0.141308,0.26229,0.24594,0.31674,0.037196,-0.08471,-0.540744,0.080666,-0.046791,0.028258,-0.3808,-0.355919,0.318235,-0.086753,0.037037,0.240995,0.191414,-0.332355,0.040397,0.214851,0.415763,0.123981,0.255114,0.187845,-0.108152,-0.254447,-0.668388,0.140468,-0.767139,-0.248303,0.476221,-0.496419,-0.406164,-0.467587,-0.300476,-0.180739,-0.742111,-0.483704,-0.138873,-0.374551,-0.55133,-0.62852,-0.517248,-0.083608,-0.156106,-0.332638,-0.253985,-0.199846,-0.21864,-0.59632,-0.337274,-0.678509,-0.473894,-0.479495,-0.209909,0.447698,-0.417702,-0.39088,-0.391101,-0.634577,-0.747595,-0.39072,-0.318177,-0.203315,-0.123931,0.014767,0.215022,-0.422688,-0.385544,-0.545351,-0.088069,-0.42366,-0.470757,-0.0444,-0.324784,-0.408716,-0.211246,-0.412475,-0.094133,-0.031909,-0.163575,-0.56087,0.109308,-0.10344,-0.117829,-0.329762,-0.114253,-0.607505,0.377841,-0.379686,-0.502953,0.0,-0.74446,-0.090183,-0.4617,-0.478874,-0.154228,-0.104467,-0.140658,-0.484903,-0.268076,-0.331965,0.516199,-0.563017,-0.386428,-0.606495,-0.481714,-0.21913,-0.476611,-0.218643,-0.404646,0.127061,0.669412,-0.413235,-0.410955,-0.298577,-0.261691,-0.548212,-0.322183,-0.141976,0.369008,-0.274521,-0.40858,-0.461199,-0.117829,0.116678,0.172822,-0.469632,-0.514484,0.126558,-0.203154,-0.287493,0.343895,0.242645,-0.454628,0.298097,0.007694,0.272841,0.203973,0.507196,-0.466495,0.420707,-0.171482,-0.223203,0.537013,-0.37688,0.303796,0.569196,0.457363,-0.039113,0.253275,0.472826,-0.430753,-0.319691,0.244959,#
5,0.005475,-0.103122,-0.357513,-0.245,0.000675,1.0,0.345439,0.519704,0.064716,-0.106946,-0.19939,0.163296,-0.186129,0.487302,0.045046,0.036787,-0.057443,0.024539,0.043895,-0.150432,0.445613,0.122054,-0.144474,-0.547113,0.185635,0.006525,0.110703,-0.048167,-0.228043,0.094049,0.044004,0.243636,0.325366,-0.093767,-0.27372,0.094279,-0.108698,-0.192029,0.164657,-0.080451,0.071241,-0.160713,0.242444,0.188963,-0.089844,0.073253,-0.119669,0.094127,0.081529,-0.073095,0.312211,-0.091386,0.267472,-0.088566,0.005911,0.153966,0.457158,0.133466,0.017565,0.233023,0.172788,0.010711,-0.339101,0.432296,-0.224202,-0.061002,-0.180857,0.408192,0.218093,-0.33319,0.011726,-0.204876,0.217155,0.098098,0.04567,-0.203001,0.34564,0.137314,-0.369453,0.10841,0.024933,-0.110609,0.217953,-0.334743,0.285822,0.336227,-0.048248,0.035219,-0.016285,-0.046601,0.01124,0.09623,0.16263,-0.25898,0.094608,-0.000678,-0.160533,-0.201787,0.119501,-0.097121,0.068036,-0.221788,0.077526,-0.263918,0.114855,-0.125075,-0.271718,-0.456562,-0.205107,-0.550063,-0.350214,0.043572,0.034664,-0.088653,0.027201,-0.216024,0.105822,-0.113705,0.009461,-0.165306,-0.081826,0.276493,0.041352,-0.262609,-0.223239,0.100043,0.07534,-0.325755,-0.046065,-0.186442,4.9e-05,-0.017498,-0.169222,0.031257,-0.07928,-0.164026,0.0,-0.087617,-0.111614,0.061403,-0.196403,-0.216128,-0.364233,-0.315651,-0.054368,-0.014695,0.176348,0.05202,0.192746,0.011489,-0.020078,-0.074213,-0.126263,0.167558,0.023975,-0.247376,0.357657,0.012729,-0.118487,0.083599,-0.05088,-0.248021,0.176946,0.10665,0.129914,0.260367,0.57581,0.363555,-0.040754,0.169372,0.022874,0.08077,0.173939,0.178913,0.2554,-0.255576,-0.021947,-0.035135,0.09169,-0.117513,0.046123,-0.136597,0.049585,0.082391,0.297075,-0.31656,0.224278,-0.088514,0.086133,0.048284,0.020693,-0.001371,0.068685,-0.34717,0.156172,0.249257,-0.000813,-0.331468,-0.048541,0.265873,#
6,0.351126,-0.307104,-0.04328,-0.422593,0.163343,0.345439,1.0,0.137312,0.606467,0.024429,0.164294,0.64039,0.12437,-0.033647,0.036441,0.360663,-0.053918,-0.149188,0.210938,-0.32391,-0.004862,-0.02168,0.042512,-0.38971,0.007817,-0.183707,-0.112672,-0.344707,0.117536,-0.10107,-0.428569,-0.00633,0.021567,-0.399825,-0.182968,0.245534,0.049056,0.021512,-0.246795,-0.078565,0.11759,-0.13815,-0.391064,0.060295,0.126934,0.049601,0.111895,0.144166,0.128291,0.257577,0.048947,-0.109433,0.097363,0.045555,0.200849,-0.083723,-0.121606,0.110177,0.150191,0.313065,0.174747,0.288806,-0.241471,0.267286,0.050267,-0.003851,-0.1808,0.127885,0.321737,-0.330069,0.122169,-0.340926,-0.1808,-0.242286,-0.461876,0.06698,-0.171685,-0.186232,-0.529374,-0.386123,-0.14614,-0.286779,-0.116151,-0.333476,-0.230023,0.16971,-0.205604,-0.299765,-0.384159,-0.078138,-0.001013,-0.239528,0.01059,-0.440976,-0.405318,0.143032,-0.158703,-0.69758,-0.21498,-0.18795,0.004525,-0.38319,-0.284222,-0.443239,0.114995,-0.123719,-0.284398,-0.376515,-0.388718,-0.185975,-0.288358,0.044635,0.019004,-0.258003,-0.139676,-0.573017,-0.396924,-0.266284,-0.160412,-0.499496,-0.251154,-0.055653,-0.294082,-0.460341,-0.35996,-0.10283,-0.262462,0.055815,-0.19884,-0.552043,-0.187561,-0.207369,-0.185145,0.007673,-0.268615,-0.155485,0.0,-0.444398,-0.028842,-0.269819,-0.195084,-0.30535,-0.55209,-0.14305,-0.214605,0.014986,-0.503843,0.436364,-0.131936,-0.330163,-0.188094,-0.284102,-0.328816,-0.210182,-0.333292,-0.607262,0.338619,0.358269,-0.127901,-0.452536,-0.148151,-0.247254,0.010819,-0.083002,-0.045407,0.594382,-0.035869,0.313247,-0.031411,-0.382158,0.179968,0.404503,0.152434,-0.359541,0.413049,-0.639103,-0.210182,0.461153,0.246783,-0.325217,0.55567,0.343124,0.190954,0.29881,0.449347,-0.163561,0.085988,0.099144,-0.015416,0.375536,-0.139676,0.319962,0.38997,0.033955,-0.349535,0.389274,0.48833,-0.363569,-0.072058,0.087364,#
7,-0.11098,-0.350138,-0.23258,-0.1513,-0.118021,0.519704,0.137312,1.0,-0.062863,-0.204576,-0.244043,-0.246863,-0.26535,0.368571,0.213994,-0.282444,-0.06131,-0.060072,0.229496,0.111638,0.032825,0.269825,-0.397207,-0.31007,0.121915,0.275385,0.270011,0.064855,-0.552343,-0.12686,0.244501,0.220477,0.478332,-0.159639,-0.121333,0.051892,-0.087576,0.170884,0.153856,-0.24402,-0.139954,0.135879,0.298466,0.095476,-0.188186,0.169335,-0.192928,-0.282194,-0.298803,-0.173606,-0.111009,0.214348,0.01093,-0.228414,0.074269,0.193682,0.0874,0.059764,-0.00244,0.169061,0.186344,0.48041,-0.234803,0.306823,0.177753,0.139299,-0.127226,0.248137,-0.02131,-0.131975,-0.052207,0.034603,0.322019,0.053258,0.095193,-0.324426,0.298682,-0.052062,-0.055286,0.315765,0.191088,0.078966,0.339189,-0.270319,0.218383,0.35051,0.119813,0.183424,0.02779,0.283825,0.02675,0.049038,0.015269,-0.033915,0.41423,0.277962,-0.094232,0.133962,0.137418,-0.043348,-0.172555,-0.133903,0.237124,-0.039566,0.133892,0.070446,0.032259,-0.210144,0.018397,-0.386949,-0.246879,0.160265,0.258937,0.158264,0.003558,0.232041,0.234782,-0.041801,-0.005373,0.035615,-0.034365,0.3926,-0.099146,-0.106027,-0.036738,0.319773,0.155737,-0.146429,0.216219,0.024394,0.214584,0.023272,-0.063493,-0.034863,0.074817,-0.099421,0.0,0.159422,-0.046436,0.166833,0.01315,-0.239464,-0.176263,0.106613,0.109034,-0.195647,0.298682,-0.243253,0.420326,0.173884,0.126492,0.161265,0.358464,0.233734,0.529429,-0.020895,0.092441,-0.088466,-0.101625,0.160834,0.148009,-0.091555,0.172622,0.133974,0.14091,0.036375,0.172468,0.295465,-0.089054,0.426009,-0.24928,0.027712,0.145248,0.206839,-0.106468,0.066468,0.019836,0.002198,0.102259,0.084302,-0.132581,-0.206802,-0.112913,-0.117812,-0.00111,0.061258,0.007209,0.288331,0.120498,-0.190764,-0.003787,-0.095088,-0.22584,-0.25054,0.036788,0.061528,-0.279458,-0.073405,0.183016,-0.146331,#
8,0.58093,0.017989,0.024107,-0.436189,0.173016,0.064716,0.606467,-0.062863,1.0,-0.254352,0.235886,0.416027,0.223111,-0.255899,0.32618,0.19263,0.184519,0.014423,0.137588,-0.154785,-0.242043,0.05872,0.254826,-0.034089,0.033368,-0.344576,-0.090112,-0.21438,0.143103,-0.174994,-0.356169,-0.004745,0.097052,-0.197715,-0.203401,-0.180895,0.484449,0.055592,0.079756,-0.096861,0.153306,-0.42864,-0.293089,-0.101064,0.153957,0.130949,0.37739,0.16526,0.2175,0.293728,0.247206,-0.125363,-0.032499,0.124422,0.119638,0.1377,-0.28112,0.400291,-0.158393,0.260116,0.093593,-0.190064,-0.143872,0.157405,0.2388,0.295037,-0.139973,0.033228,0.2684,0.165842,0.034619,-0.225332,-0.139973,-0.232781,-0.227367,-0.015681,-0.179235,-0.020276,-0.318605,-0.167112,0.068232,-0.218541,0.022051,0.01029,-0.113656,0.071588,-0.152263,-0.273083,-0.249782,-0.331589,0.390296,-0.23091,0.091862,-0.11084,-0.223569,0.176674,-0.163136,-0.328496,-0.164761,-0.074683,-0.020136,-0.379839,-0.456638,-0.296528,0.185347,0.010455,-0.274772,0.10927,-0.285794,0.152049,-0.074626,-0.202167,0.130398,-0.100465,0.065074,-0.559522,-0.395403,-0.309422,-0.103272,-0.402593,-0.281679,-0.08855,-0.229498,-0.562085,-0.472868,-0.167801,-0.105293,0.032023,-0.100577,-0.427385,0.225645,-0.243009,0.128658,-0.327433,0.0712,-0.1609,0.0,-0.297759,0.112684,-0.158617,-0.049569,-0.078813,-0.427421,-0.199987,-0.314867,-0.089917,-0.344677,0.345852,-0.203255,-0.440787,-0.019669,-0.233637,-0.111996,-0.065612,-0.268772,-0.470134,0.144556,0.286522,-0.052773,-0.46921,0.053148,-0.13582,-0.094848,0.000173,0.01383,0.288176,-0.139721,-0.01944,-0.125079,-0.247573,0.166673,0.292379,0.062001,-0.156024,0.00893,-0.296385,-0.065612,0.442219,0.077906,-0.419412,0.339732,0.271447,0.128778,0.053583,0.250807,0.106564,-0.188315,0.272398,-0.230151,0.286938,0.065074,0.154662,0.21005,0.203473,-0.114388,0.12185,0.330745,-0.39705,-0.003727,0.034517,#
9,0.175024,0.078455,0.271642,-0.117614,0.319436,-0.106946,0.024429,-0.204576,-0.254352,1.0,-0.405028,0.2543,0.273966,0.297708,-0.598483,-0.053195,-0.381411,0.284313,-0.114908,-0.027197,0.114034,-0.213741,0.025715,-0.076928,0.154118,-0.00592,0.138794,-0.510245,0.080762,0.45202,0.033605,-0.321607,-0.261049,0.096024,-0.089393,0.639611,-0.131499,-0.177005,-0.442419,-0.245334,0.247103,0.192869,0.025365,0.443384,0.295413,-0.415369,-0.014639,0.524307,0.135917,0.097656,-0.350629,-0.442038,0.006497,-0.246995,-0.185989,-0.660388,-0.154664,-0.17905,0.189696,-0.277714,-0.270495,0.315981,-0.078656,-0.602458,0.009531,-0.080948,0.205182,0.228104,-0.055252,-0.225305,-0.190266,-0.513776,-0.180741,-0.235468,0.177395,0.298788,-0.341767,-0.537802,-0.065553,-0.068774,-0.141185,-0.303722,-0.134499,-0.321246,0.108768,-0.318708,-0.21923,-0.144671,-0.210489,0.061801,-0.200681,-0.09415,-0.156793,0.063142,-0.247343,-0.00959,-0.018655,-0.065553,0.089431,-0.011522,-0.129487,-0.25063,0.208381,0.070189,-0.379081,-0.318224,0.039168,-0.305859,0.104237,-0.044066,0.39292,0.331416,0.006893,-0.274969,-0.153667,-0.100761,-0.082274,-0.13487,0.321466,-0.277804,-0.108725,0.255569,-0.134679,0.159969,-0.217125,-0.084572,-0.092171,-0.059607,-0.126679,0.320635,-0.20327,0.321135,-0.042938,0.744236,-0.284186,-0.014547,0.0,-0.098602,0.187481,-0.441897,0.149596,-0.145403,0.137957,0.100443,0.084391,-0.054287,0.153043,0.120691,-0.45707,0.318963,-0.386367,-0.299914,0.152125,-0.033864,-0.021175,0.235325,0.312694,0.224414,-0.134589,0.235572,-0.037603,0.148099,-0.159982,0.259516,-0.074347,0.234011,-0.254172,-0.231059,-0.047499,-0.038747,0.124517,-0.077903,-0.251896,-0.379914,0.306947,0.218837,-0.040817,-0.052097,0.410334,-0.075946,0.02775,-0.156439,-0.290793,0.264132,-0.056767,-0.250768,0.18483,-0.12278,-0.325523,0.3244,-0.153667,-0.189769,0.040758,0.19724,-0.04501,-0.069634,-0.029177,-0.053426,0.215046,-0.098149,#
10,-0.01831,-0.341516,0.004146,-0.059608,-0.226466,-0.19939,0.164294,-0.244043,0.235886,-0.405028,1.0,0.021408,-0.101001,-0.433741,0.142,0.220691,0.246637,-0.321358,0.133444,0.067581,-0.110281,0.10286,-0.234395,0.159731,-0.288859,0.234117,-0.280888,0.257989,0.186065,-0.246593,-0.117272,-0.114724,-0.280536,-0.189349,0.347276,-0.338819,-0.163731,0.266195,0.119155,0.398732,-0.254214,-0.174323,-0.536891,-0.293178,0.182394,0.257085,-0.295467,-0.339843,0.250881,-0.161667,0.247038,0.219118,0.075457,0.461323,0.18849,0.341518,0.06059,-0.300448,0.044508,0.146219,-0.003556,-0.274952,0.26539,-0.038219,0.092223,-0.119062,-0.194233,-0.374096,-0.362844,0.003828,-0.055451,0.285062,0.210419,0.152374,-0.238587,0.128155,0.067019,0.234009,0.175927,-0.161636,-0.013672,0.245817,-0.040373,0.135825,0.019556,0.146459,0.331206,0.086698,0.069803,-0.152738,0.238015,-0.165975,0.43762,-0.369157,0.147786,0.240947,0.086142,-0.161722,-0.151448,-0.005715,0.000885,0.161021,-0.376193,-0.007822,0.33383,0.157785,-0.017756,0.11993,-0.152665,0.345019,-0.220745,-0.280536,-0.06153,0.323882,-0.073877,-0.172909,0.005915,0.131213,-0.346527,0.029028,0.219391,-0.287199,0.248516,0.098471,0.184866,-0.108196,0.161823,0.401763,-0.041609,-0.111401,0.237105,-0.472975,0.03504,-0.451402,0.303336,0.25212,0.0,-0.025628,-0.286429,0.270539,-0.104109,0.364789,-0.301457,-0.055314,0.024237,0.199757,-0.260077,-0.08281,0.266587,-0.397936,0.222294,0.161217,-0.249423,-0.29888,-0.407485,-0.197122,-0.386393,0.041873,0.249715,-0.186712,0.149719,-0.142731,0.256504,-0.160981,-0.088549,-0.304725,-0.063218,0.051229,0.470722,-0.410766,0.14588,-0.306946,0.127551,0.247077,0.127208,-0.404297,-0.29888,0.128181,-0.430211,-0.030024,0.067834,0.171831,0.182903,0.384831,-0.201576,0.317118,-0.148217,-0.017572,0.356446,-0.021188,0.09152,0.413634,0.047676,-0.283266,-0.106893,0.213904,0.13706,0.204533,0.018713,0.038179,#
11,0.493142,0.053778,0.151732,-0.396143,0.278045,0.163296,0.64039,-0.246863,0.416027,0.2543,0.021408,1.0,0.257053,-0.078736,0.009376,0.379637,-0.102292,-0.10703,-0.174136,-0.423905,-0.002117,-0.054407,0.153307,-0.171077,0.081809,-0.28271,0.119626,-0.625748,0.396188,0.190743,-0.546295,-0.078152,-0.280442,0.000161,-0.215158,0.419624,-0.178072,-0.321213,-0.075002,-0.094675,0.209851,-0.193824,-0.313005,-0.035229,0.024694,-0.026742,0.121105,0.473794,0.065599,0.207483,0.039227,-0.394948,-0.005477,0.076229,0.106829,-0.184145,-0.303515,0.07707,0.014956,0.200799,-0.107468,0.270535,-0.276204,0.14121,0.061715,-0.137567,-0.194168,0.130068,0.333878,-0.329308,0.057673,-0.464515,-0.194168,-0.344255,-0.420296,0.34487,-0.270502,0.000853,-0.640296,-0.658695,-0.522195,-0.401575,-0.24645,-0.21601,-0.191119,-0.20477,-0.47577,-0.568468,-0.307677,-0.188456,-0.159468,-0.341784,0.055041,-0.365159,-0.671012,0.044891,-0.256883,-0.649669,-0.488059,-0.3095,0.270629,-0.330434,-0.260734,-0.540286,-0.156048,-0.216456,-0.25699,-0.339398,-0.510493,-0.04301,-0.225552,0.02626,-0.261077,-0.363279,-0.08437,-0.519632,-0.499132,-0.23424,-0.223965,-0.351104,-0.294968,-0.34192,-0.252479,-0.264708,-0.198508,-0.319603,-0.191768,-0.077437,-0.136525,-0.476986,-0.171214,-0.303026,-0.32353,0.217228,-0.416456,-0.253976,0.0,-0.541069,0.228364,-0.562076,-0.289341,-0.092005,-0.476069,-0.269526,-0.324882,-0.190275,-0.440856,0.226388,-0.4079,-0.43689,-0.326171,-0.457318,-0.273496,-0.305356,-0.27684,-0.540286,0.40128,0.442563,-0.242811,-0.212174,-0.163588,-0.342189,-0.103121,-0.194044,-0.26687,0.359043,0.119069,0.165045,0.064495,-0.59286,0.271682,0.255666,-0.072156,-0.344469,0.462531,-0.443943,-0.305356,0.235953,0.257684,-0.335402,0.648971,0.307198,0.290886,0.403924,0.394244,-0.45122,0.065759,-0.114831,0.012208,0.742927,-0.08437,0.522272,0.483567,0.14275,-0.164233,0.182268,0.578811,-0.339664,-0.053325,0.248571,#
12,0.489583,0.035902,0.047061,-0.240098,0.390581,-0.186129,0.12437,-0.26535,0.223111,0.273966,-0.101001,0.257053,1.0,0.186773,0.119533,0.246072,0.032686,0.051554,0.114609,-0.227083,-0.463727,0.207193,0.244945,0.019248,-0.050557,-0.082047,0.154928,-0.252488,0.486326,-0.140601,-0.347507,0.011093,-0.282803,0.198717,-0.059478,0.402232,0.283636,-0.275809,-0.093413,0.038125,0.018745,-0.052647,0.044373,0.016547,0.226922,-0.077583,0.596804,0.097925,0.024876,0.335691,-0.242127,-0.389539,0.223392,-0.023496,0.266051,-0.445817,-0.327745,0.435161,0.221751,-0.22953,0.24036,0.024095,-0.256159,0.035924,0.113022,0.221379,0.189383,-0.322951,0.186098,-0.275067,-0.120198,-0.577547,-0.195803,-0.309471,-0.078955,0.143463,-0.404078,-0.478034,-0.310166,-0.313252,-0.058623,-0.394143,-0.38394,-0.383927,-0.134768,-0.384821,-0.300935,-0.384273,-0.263985,-0.160271,-0.132632,-0.325663,-0.051141,0.004566,-0.157183,-0.405278,-0.240429,-0.150532,-0.15619,-0.592828,0.265781,-0.315021,-0.416575,-0.32491,-0.29773,-0.177902,-0.23686,-0.142388,-0.156226,0.084554,-0.020336,0.001273,-0.052704,-0.157592,-0.384563,-0.331395,-0.633108,-0.214173,0.264023,-0.421408,-0.183207,-0.29951,-0.225567,-0.080079,-0.148013,-0.17873,-0.331689,0.09042,-0.460054,-0.263258,0.053948,-0.083503,0.013444,0.153903,-0.390697,-0.253145,0.0,-0.163638,0.060197,-0.708397,-0.433969,-0.310993,-0.095263,0.179326,-0.467682,-0.035679,-0.240966,0.271904,-0.687417,-0.219883,0.010022,-0.257295,-0.080241,-0.087764,-0.074963,-0.176377,0.349064,0.356909,-0.549309,-0.162666,-0.367384,-0.102213,-0.365752,-0.304475,0.187479,0.138479,-0.291296,-0.00127,-0.479465,-0.263258,0.364059,0.392718,-0.102823,-0.310591,0.301349,0.094975,-0.094703,0.522743,0.406669,-0.451647,0.131881,0.281497,0.261601,0.206014,0.195331,-0.096265,0.367181,-0.053168,-0.182222,0.305813,-0.384563,0.041472,0.439355,0.562788,0.165508,0.043932,0.370409,-0.333219,-0.091913,0.056203,#
13,0.144842,0.135918,0.060103,-0.108353,0.319341,0.487302,-0.033647,0.368571,-0.255899,0.297708,-0.433741,-0.078736,0.186773,1.0,-0.051622,0.016962,0.035054,0.180413,0.251726,-0.330849,0.019193,0.173376,-0.004061,-0.259881,-0.153089,-0.011137,0.105334,0.012238,-0.109381,-0.033878,0.129679,0.372335,-0.023848,-0.123971,-0.329666,0.311529,-0.035986,-0.042876,0.05146,-0.416649,0.045846,0.27523,0.501911,0.397917,0.047358,-0.18064,0.268372,0.282027,-0.192021,-0.093678,-0.183042,-0.097535,0.15354,-0.287838,-0.26417,-0.361742,0.162996,0.360386,-0.190835,-0.167059,0.212443,0.240743,-0.22202,0.126787,0.146982,0.2241,0.156562,0.17516,0.146465,-0.213405,-0.112246,-0.431386,0.172669,-0.095313,-0.043163,0.099184,-0.000258,-0.508419,-0.123788,0.04256,-0.016253,-0.363992,-0.076826,-0.175434,0.192229,-0.041558,-0.117791,-0.177925,-0.160001,-0.139599,-0.0195,-0.106555,0.127891,-0.084279,0.066114,-0.179696,-0.189128,0.045844,0.038864,-0.186421,0.331855,-0.101805,0.053854,-0.084427,-0.280587,-0.245401,-0.122807,-0.501646,0.162806,-0.373245,-0.224561,0.261251,0.124982,0.094588,-0.198416,0.058939,-0.096761,-0.251296,0.301309,-0.119545,-0.100712,0.334898,-0.210253,-0.057669,0.106303,0.025485,-0.246967,-0.074701,-0.239055,0.181743,-0.016864,0.189954,-0.162429,0.354036,-0.091646,-0.361254,0.0,-0.072724,0.053236,-0.23547,-0.170988,-0.127444,0.006146,-0.244995,-0.136293,-0.006249,0.160409,0.025805,-0.366551,0.290358,-0.178693,0.04378,-0.031697,0.025973,0.123417,0.087992,0.232545,0.347297,-0.374933,0.088899,-0.08998,-0.168865,0.123982,0.046202,0.21464,0.243634,0.251269,-0.013425,-0.363805,0.370403,-0.020121,0.266767,-0.348291,-0.028367,0.122609,0.077495,-0.172719,0.002054,0.177963,-0.23987,-0.068066,-0.203127,-0.062497,0.179036,0.012268,-0.243505,0.54072,0.027719,0.060141,-0.012516,-0.205,-0.17817,0.072659,0.218194,0.193351,0.07985,-0.015981,-0.173644,0.209085,-0.050404,#
14,0.236098,0.193157,-0.203265,-0.161405,-0.040296,0.045046,0.036441,0.213994,0.32618,-0.598483,0.142,0.009376,0.119533,-0.051622,1.0,0.159066,-0.030682,-0.358586,0.162775,-0.282693,-0.211669,0.444082,-0.046952,0.139275,-0.274186,0.034811,-0.023729,0.136575,0.210017,-0.187297,-0.297364,0.272413,-0.023654,0.136879,-0.138106,-0.211193,0.213436,0.15287,0.474269,0.142725,-0.216345,-0.10087,0.105707,-0.158973,-0.346104,0.529764,0.344522,-0.419549,-0.023651,0.034845,0.075463,0.332637,-0.026813,-0.115452,0.127148,0.209308,-0.088968,0.50716,-0.256539,0.15251,0.233533,-0.025051,0.025363,0.489192,0.124178,0.40077,-0.212167,-0.272269,0.176659,0.01189,0.163087,0.1565,0.187243,-0.052721,-0.11317,-0.326745,0.035827,0.297672,-0.038296,-0.038276,-0.114233,0.03895,-0.121218,0.059392,-0.036512,0.04071,-0.053802,-0.288414,0.075394,-0.034909,-0.041065,-0.028942,0.402699,-0.029918,0.113838,0.041062,-0.280416,-0.047643,-0.365136,-0.061931,0.036016,0.135973,-0.136525,-0.194152,0.11444,0.345227,-0.321995,0.055762,0.106988,-0.085257,-0.573131,-0.306438,-0.102133,0.312654,-0.115178,-0.039904,-0.357993,0.21714,-0.280525,-0.137675,-0.029868,-0.339661,0.196775,-0.108337,0.171311,0.122531,0.310612,0.01461,0.069226,-0.280757,0.315463,-0.281716,-0.213364,-0.693228,-0.134501,-0.124786,0.0,-0.041471,0.328765,0.026901,-0.103624,-0.287111,-0.294681,-0.139746,-0.192094,0.018176,-0.111508,-0.302521,0.043834,-0.424675,0.128063,0.006703,-0.120433,-0.118897,0.038438,-0.374437,-0.21865,0.043077,-0.127577,-0.196139,-0.077626,-0.136186,-0.10304,-0.358466,-0.023559,-0.128396,0.073502,0.077281,-0.116011,-0.110822,-0.356911,0.252882,-0.14048,0.117786,-0.068435,0.028542,0.071273,0.112692,-0.171374,-0.051416,-0.117216,0.54331,0.357544,-0.137315,0.130971,0.002664,0.101154,0.269826,0.336003,-0.082267,-0.121708,0.283365,0.043425,0.223316,-0.050482,-0.365641,0.123596,-0.214184,0.086254,0.177079,#
15,0.252041,-0.129234,-0.152268,-0.372358,0.180804,0.036787,0.360663,-0.282444,0.19263,-0.053195,0.220691,0.379637,0.246072,0.016962,0.159066,1.0,0.075319,-0.375044,0.158957,-0.144622,-0.00559,0.047244,-0.01526,-0.105516,-0.524047,-0.006312,-0.263469,0.004454,0.260733,0.013704,-0.387238,0.094752,-0.388625,0.086647,0.205032,0.050068,-0.008634,0.097147,-0.23476,0.043144,-0.236086,-0.139686,-0.207486,-0.174039,0.101243,0.187651,0.247347,0.013131,0.113365,0.075565,0.132199,0.0,0.111184,0.06864,-0.114651,-0.101333,0.039815,0.153211,0.061329,-0.140966,0.049628,-0.123505,0.141094,0.308727,0.052648,-0.095017,0.130539,0.023361,0.192486,-0.317421,0.030406,-0.163018,-0.269069,-0.27558,-0.268485,0.245206,-0.344689,-0.05847,-0.313027,-0.328965,-0.311085,-0.092773,-0.468549,-0.107465,-0.206944,-0.148914,-0.476825,-0.364538,0.060737,-0.147891,-0.133221,-0.107164,0.290132,-0.428304,-0.294657,-0.200099,-0.181977,-0.660361,-0.324484,-0.293544,0.383222,-0.088175,-0.362532,-0.069298,0.018185,-0.009512,-0.549062,-0.125237,-0.217864,0.095325,-0.372953,-0.388625,-0.240412,-0.060907,-0.215346,-0.119283,-0.279916,-0.10592,-0.33964,-0.174415,-0.185053,-0.368206,0.073804,0.234402,-0.002194,-0.133345,-0.236927,0.243894,-0.305552,-0.336089,-0.304895,-0.146108,-0.252047,0.015468,-0.191082,-0.35208,0.0,-0.421578,-0.194051,-0.129411,-0.141066,-0.24468,-0.332105,-0.085079,-0.469977,0.49295,-0.361924,0.195812,-0.223237,-0.386362,-0.254985,-0.271258,-0.411055,-0.324477,-0.562383,-0.435019,0.014889,0.12376,-0.264788,-0.246552,-0.692628,-0.324647,-0.029278,-0.329386,0.077815,0.265723,0.18333,0.279216,-0.097688,-0.456519,0.19894,0.2773,-0.239569,-0.294746,0.145866,-0.391411,0.046499,0.073701,-0.279418,-0.158399,0.358777,0.381869,0.49683,0.538033,0.421227,-0.130563,0.251016,-0.139158,0.477898,0.357909,-0.392293,0.49465,0.646367,0.282376,-0.155127,0.103127,0.721546,0.088032,-0.292061,0.269603,#
16,0.101086,-0.172928,-0.120305,-0.009462,0.049778,-0.057443,-0.053918,-0.06131,0.184519,-0.381411,0.246637,-0.102292,0.032686,0.035054,-0.030682,0.075319,1.0,-0.241936,0.07634,-0.19128,-0.41381,-0.099502,0.076354,0.184093,-0.201817,-0.21392,-0.211798,0.243432,-0.020379,-0.347569,0.145538,0.372515,0.022276,-0.311364,-0.050185,-0.53876,-0.047186,0.053399,-0.065854,0.058133,-0.114836,-0.071786,-0.129148,-0.204301,0.006453,0.109702,0.031193,-0.058413,-0.056756,0.140265,0.327968,0.107469,0.046959,0.155724,0.129191,0.239085,-0.09231,0.102652,-0.262385,-0.10078,0.231243,-0.276466,0.006921,0.31551,0.098813,-0.027151,0.203242,-0.143289,-0.048593,0.120085,-0.12367,0.194487,0.233943,-0.26866,-0.349385,0.353889,-0.192325,-0.065878,0.058434,0.025259,0.106745,-0.012781,0.28829,0.292319,-0.239725,-0.038626,0.215443,-0.04438,-0.057281,-0.42254,0.430061,0.022874,-0.004899,-0.158909,0.048895,-0.188839,0.125547,0.052907,0.017319,-0.312762,0.358261,0.048895,-0.18696,0.033517,0.036652,-0.147952,0.345052,-0.176821,-0.269596,0.29608,-0.090021,-0.282906,-0.023454,0.208009,-0.04572,0.04576,0.20512,-0.163027,-0.01637,0.279318,0.030292,0.051304,-0.327817,-0.161772,0.132344,-0.412927,-0.29717,0.1672,-0.222897,-0.06482,-0.068232,-0.249856,0.210757,-0.162546,0.340247,-0.043556,0.0,-0.293288,-0.421039,0.137898,-0.078651,0.333272,-0.067391,0.214306,-0.110513,-0.015089,-0.201714,0.133107,-0.015314,-0.185649,0.248112,0.196274,-0.192884,-0.245659,-0.185752,-0.149721,-0.228686,0.219597,-0.021182,-0.305477,-0.127633,-0.088739,-0.021285,-0.282343,0.212448,-0.016969,-0.057574,0.114904,0.128547,0.121894,0.393509,0.001179,-0.062606,0.110151,-0.328721,-0.183447,-0.262838,-0.101521,-0.233297,0.053138,-0.009914,-0.345841,0.452581,0.064597,0.057746,0.101814,-0.128251,0.015313,0.090068,-0.175048,0.129964,0.075621,0.142345,0.300154,0.367369,0.054825,0.224231,0.237061,-0.209005,0.218105,#
17,-0.100624,0.002357,0.363977,0.167123,-0.220272,0.024539,-0.149188,-0.060072,0.014423,0.284313,-0.321358,-0.10703,0.051554,0.180413,-0.358586,-0.375044,-0.241936,1.0,-0.01018,0.391171,-0.002395,0.061818,0.261336,0.281198,0.564835,-0.135804,0.273632,-0.083788,-0.19055,-0.001512,0.487034,-0.230407,0.243305,0.163991,-0.21173,-0.003331,0.281809,-0.149523,0.189984,-0.24589,0.289767,0.313035,0.226684,-0.00063,0.233871,-0.306806,0.141241,0.444302,-0.020084,-0.17452,0.073849,-0.08365,-0.392832,-0.127346,-0.405925,-0.065538,-0.027291,0.043452,-0.141989,-0.197756,-0.213201,-0.093578,-0.090762,-0.299027,-0.064864,-0.026387,0.160028,-0.092025,-0.018158,0.466395,-0.041485,-0.100012,-0.269799,0.402478,0.257505,-0.306987,0.197603,-0.212418,0.175265,0.216073,0.131036,0.109672,0.223023,0.033526,0.521688,0.13233,-0.001297,0.121265,-0.072012,0.015297,0.24538,0.116312,-0.195419,0.51049,0.267973,0.025979,0.161149,0.526822,0.350255,0.159581,-0.187444,-0.094741,-0.029578,0.332167,0.045779,0.245372,0.148128,0.315015,0.301588,0.07467,0.469452,0.13656,0.43497,-0.008317,0.290514,-0.037857,0.098934,-0.162987,0.508188,-0.078377,-0.083929,0.284301,0.10976,-0.260698,-0.308339,0.212173,-0.031331,-0.093407,-0.153562,0.222993,0.237738,0.452931,0.455272,0.228476,0.167124,-0.029478,0.0,0.475608,0.317474,-0.113339,0.265196,0.111429,0.258365,-0.155436,0.148437,-0.157436,0.182824,0.192694,-0.247698,0.622353,0.088628,0.12654,0.304266,0.467398,0.316654,0.475177,0.363271,-0.164565,0.093493,0.332698,0.480228,0.391986,0.097027,0.73119,0.059953,-0.180552,0.00038,-0.192899,-0.287684,0.267678,-0.110846,0.091633,0.187409,0.042462,-0.156688,0.373236,0.305936,0.139008,0.223583,-0.24585,-0.104493,-0.170923,-0.714325,-0.288943,-0.347361,0.135835,-0.020569,0.350812,-0.542101,-0.022904,0.10807,-0.562652,-0.273416,-0.269328,-0.006131,-0.080311,-0.383575,-0.033703,0.293004,-0.526488,#
18,0.19268,-0.041832,-0.002283,0.024392,0.052987,0.043895,0.210938,0.229496,0.137588,-0.114908,0.133444,-0.174136,0.114609,0.251726,0.162775,0.158957,0.07634,-0.01018,1.0,-0.051981,-0.175523,0.393649,-0.263833,-0.04484,-0.595771,-0.11055,-0.301203,0.442855,0.006305,-0.577766,-0.119366,0.498206,-0.008692,-0.181807,-0.07634,-0.012466,0.365911,0.675085,0.072415,-0.042033,0.357152,-0.063973,-0.147655,-0.084324,-0.155882,0.040983,0.137897,-0.297215,-0.188598,0.008792,-0.256012,0.365637,0.269612,-0.011602,-0.289394,-0.282699,-0.269692,0.231439,-0.220971,-0.177925,0.186794,-0.007408,0.289046,-0.087773,0.289498,-0.016655,0.222803,-0.088306,0.092369,-0.079396,-0.263761,-0.092457,0.126491,0.162214,-0.105399,-0.161742,0.2214,-0.394583,0.110867,-0.042631,0.021694,0.062967,-0.1068,-0.294481,-0.00464,0.09666,0.103649,0.064925,-0.292902,0.322214,0.455389,0.137998,0.033007,0.159652,0.142874,0.035102,0.077237,0.110867,0.155288,-0.249655,-0.014152,0.118446,-0.12594,0.163809,0.128138,0.00774,-0.133062,-0.052896,0.273802,-0.105156,-0.061033,-0.020057,0.079165,0.130423,0.075847,-0.04679,0.126863,0.031853,0.088113,-0.14069,0.146865,-0.036773,0.234837,0.227787,-0.045613,0.145471,-0.200675,0.221237,-0.004208,0.216282,0.117791,0.264272,0.165726,-0.260655,0.386343,0.048865,0.0,-0.006085,-0.240465,0.032504,0.071253,0.102788,-0.126601,-0.045268,0.127888,0.243164,0.054108,0.193204,-0.258352,0.075614,0.119746,0.230926,0.215183,-0.090392,0.061224,-0.024312,0.180173,0.030526,0.024692,-0.332081,-0.026693,0.081784,0.088462,-0.003074,0.618414,0.217903,0.125758,-0.185185,-0.134121,0.393852,-0.209321,0.396427,0.113106,-0.015876,-0.117985,0.042272,-0.07651,0.123982,-0.092194,-0.120883,0.054297,0.044372,-0.146334,0.188192,-0.027508,0.143046,0.422399,0.013902,0.006931,-0.260443,0.03648,-0.055989,0.070502,0.082865,0.090677,0.13012,-0.01059,-0.033629,0.149415,-0.084425,#
19,-0.374524,-0.419606,-0.071749,0.116882,-0.45745,-0.150432,-0.32391,0.111638,-0.154785,-0.027197,0.067581,-0.423905,-0.227083,-0.330849,-0.282693,-0.144622,-0.19128,0.391171,-0.051981,1.0,0.007319,0.246,-0.078457,0.217296,0.281846,0.295574,0.209129,0.184657,-0.424591,-0.085503,0.561896,-0.219147,0.403485,0.279787,0.353147,-0.215131,0.067756,0.047113,0.049738,0.166359,-0.078062,0.135901,0.022878,-0.276552,0.014316,-0.076428,-0.251225,-0.0983,0.024418,-0.401779,0.121001,0.1689,-0.321546,-0.117114,-0.240765,0.158479,0.105566,-0.309745,0.115575,-0.281043,-0.22582,-0.199174,0.315881,-0.214989,0.070403,-0.170075,0.271054,-0.013539,-0.229426,0.331034,-0.255785,0.325135,-0.152468,0.391727,0.543673,-0.455756,0.321074,0.231132,0.42219,0.425632,0.346436,0.515113,0.261,-0.049316,0.504014,0.33325,0.078079,0.498798,0.293089,0.286234,0.080818,0.238783,-0.169903,0.388161,0.544097,0.281112,0.269205,0.425856,0.431147,0.193191,-0.378048,-0.102616,0.152739,0.537262,0.425632,0.353952,0.148862,0.632222,0.140304,0.229039,0.460565,-0.220214,0.243241,0.019495,0.328554,0.428616,0.56332,0.078162,0.204665,0.113256,0.166171,0.160631,0.357897,0.196853,-0.251956,0.448475,0.349691,-0.17237,0.262805,0.247086,0.275887,0.291764,0.366921,0.119766,0.323681,0.257721,0.0,0.533659,-0.128746,0.425224,0.42728,0.034687,0.279306,0.107849,0.256657,0.255225,0.465929,-0.267031,0.374974,0.34392,0.200875,0.221445,0.494441,0.486727,0.368145,0.541198,0.030353,-0.635772,0.35301,0.563323,0.246327,0.456462,0.001566,0.628075,0.129596,-0.35856,0.08252,0.104745,-0.005844,0.291115,-0.128527,-0.394245,0.46204,0.284574,-0.343946,0.324579,0.468497,-0.139404,-0.051078,0.413582,-0.261054,-0.151875,-0.573975,-0.202151,-0.322231,0.458868,-0.420686,0.095881,-0.178326,-0.147626,0.148786,-0.433735,-0.365716,-0.576595,0.036906,-0.047623,-0.431611,0.374984,0.172383,-0.419576,#
20,-0.375922,0.077834,-0.267258,0.130162,-0.008713,0.445613,-0.004862,0.032825,-0.242043,0.114034,-0.110281,-0.002117,-0.463727,0.019193,-0.211669,-0.00559,-0.41381,-0.002395,-0.175523,0.007319,1.0,-0.304242,-0.210262,-0.390321,0.15313,0.20042,0.050218,0.036346,-0.091395,0.457806,0.111879,-0.157264,-0.036132,0.025049,-0.073961,0.071533,-0.193358,-0.133065,0.074259,0.06809,0.010055,-0.304066,0.173803,0.241235,-0.055803,0.130259,-0.566729,-0.009468,0.191127,-0.285401,0.018247,-0.206534,0.080364,0.021676,-0.07923,0.233456,0.557256,-0.401418,0.146142,0.212887,-0.189035,-0.073381,0.0774,-0.031052,-0.449635,-0.193028,-0.228707,0.429413,-0.290243,-0.005268,0.162662,0.006095,0.186822,0.254077,0.270609,-0.092374,0.350138,0.332198,0.072248,0.078565,-0.007741,-0.000475,-0.045236,-0.155918,0.169491,-0.01038,-0.102759,0.160432,0.399495,0.234201,-0.154583,0.263916,0.106278,-0.064859,-0.070126,0.02014,0.000742,-0.086715,0.068338,0.515055,-0.251125,0.08654,0.232464,0.11983,-0.083679,-0.055228,-0.083841,-0.037513,0.22596,-0.313029,0.026317,0.245826,-0.216468,-0.236439,0.162989,-0.067296,0.266897,0.241135,-0.257575,0.170594,0.120302,0.191373,0.286062,0.28289,-0.075288,0.083981,0.245391,-0.055099,-0.029811,0.224748,-0.22368,0.20833,-0.30018,0.083083,-0.049855,0.181026,0.0,0.106705,-0.023483,0.14133,0.044627,-0.016498,-0.160216,-0.171736,0.2284,-0.003206,0.307125,0.052204,0.297024,0.140597,-0.143408,-0.08433,0.011232,0.20072,-0.019497,-0.05769,-0.07566,-0.18856,-0.004512,0.056389,-0.086373,-0.153082,0.138233,0.07048,-0.305356,-0.136516,0.207353,-8.8e-05,0.259916,0.030067,-0.173125,-0.428669,-0.145809,0.133108,0.223898,-0.09565,0.218475,-0.128169,-0.224091,-0.045236,0.129007,-0.219326,-0.05328,0.20457,0.171583,-0.316635,-0.011307,-0.349471,0.073459,0.098102,0.156195,0.004692,-0.082572,-0.48669,-0.147256,0.050664,-0.17338,-0.112723,-0.101175,0.27285,#
