0,1.0,0.258228,-0.217627,-0.131067,0.301585,0.40226,-0.073466,0.065204,-0.197328,0.297159,-0.190386,0.14744,0.609333,0.350577,0.061793,-0.059415,0.057915,0.222599,-0.393782,-0.040369,-0.196648,0.678943,0.353755,0.047166,0.043952,-0.116771,-0.012837,-0.396044,0.214931,0.088937,0.211243,0.006321,-0.070751,-0.288254,-0.26802,0.106546,-0.076159,-0.022561,0.125634,-0.479264,-0.003273,-0.00928,-0.125374,0.012257,-0.142288,-0.170808,0.207942,0.392984,-0.360917,-0.104261,0.084503,-0.30427,-0.123041,-0.252899,-0.096132,0.09427,-0.054935,0.007516,0.343456,0.276169,0.561768,0.033506,-0.38491,-0.32625,0.123168,0.268783,-0.144386,0.38922,0.27794,-0.008498,0.095202,0.315935,-0.412989,-0.125156,-0.593347,0.280555,0.053263,-0.190167,-0.448111,-0.040272,0.04751,-0.271976,0.118513,0.057815,-0.041734,-0.137936,0.045304,0.04086,-0.039596,-0.357119,-0.060859,-0.303404,-0.124485,0.380033,0.229795,0.042868,0.133541,-0.286654,-0.043284,0.019124,0.268641,-0.144218,-0.054009,0.200013,-0.102676,-0.277054,-0.134319,-0.129426,-0.429546,-0.263496,0.24939,0.008586,-0.114488,-0.222758,-0.114098,0.097107,-0.379836,-0.241973,0.381226,-0.260765,-0.204009,-0.212628,0.247683,-0.300757,-0.225145,0.291228,0.104031,-0.032474,0.381368,0.257338,-0.283086,0.110459,-0.280627,-0.028811,-0.542677,-0.082347,-0.100151,-0.408205,0.397871,-0.187347,-0.056878,-0.226447,-0.320784,0.013258,-0.117566,0.100866,-0.052473,0.198958,-0.280046,-0.556431,-0.040927,-0.3952,0.038331,-0.289569,0.126597,-0.126353,0.342739,0.436011,-0.221117,-0.538453,-0.199349,-0.280453,0.007139,-0.303993,0.187468,0.607526,-0.278186,-0.212473,-0.336859,-0.360802,-0.113256,0.065168,-0.444067,0.076428,0.133268,-0.657903,-0.06904,0.092951,0.433149,-0.150188,0.158874,-0.361826,-0.274352,0.040726,0.229159,-0.347385,0.367757,-0.106878,-0.350193,0.135456,0.191478,0.193549,0.221441,0.047682,0.064892,0.209118,-0.011705,-0.222791,0.362831,0.280164,#
1,0.258228,1.0,0.380868,-0.177804,0.032585,0.174685,0.327797,0.118258,0.383642,0.032128,-0.343937,-0.095463,0.405748,0.307486,0.297603,-0.264982,0.091975,0.321454,-0.005772,-0.133887,-0.320527,0.115805,0.460478,-0.092779,0.052007,-0.242589,0.264798,-0.171186,-0.034694,0.184565,-0.410714,-0.048357,0.161749,-0.003617,-0.176869,0.519161,0.339207,-0.20222,-0.033988,-0.232554,-0.145522,0.205808,0.065221,0.267775,0.473966,-0.460992,0.223851,0.056354,-0.048307,0.367685,0.013385,-0.451415,-0.028085,-0.183748,-0.20261,-0.385473,-0.036269,-0.395387,-0.154443,0.248525,0.310846,0.045877,-0.167959,-0.116323,0.039063,0.206471,-0.279908,0.345909,0.31758,0.058126,0.147935,0.052068,-0.169571,-0.369909,-0.515991,0.428884,-0.184135,-0.578545,-0.381268,-0.289664,-0.017912,-0.529827,-0.202115,0.166628,-0.46369,-0.240281,-0.373618,-0.171359,-0.331625,-0.452816,-0.158478,-0.00403,-0.552151,0.017126,-0.168253,-0.076325,0.237719,-0.169364,-0.099087,0.096264,0.241575,-0.097757,-0.266281,-0.24016,-0.52042,-0.184236,-0.398979,0.041044,-0.521934,-0.338254,0.240598,0.512377,-0.198344,-0.333705,0.126797,-0.150503,-0.175083,-0.865265,-0.034615,-0.55245,-0.303372,-0.485357,-0.380008,-0.242565,-0.115843,-0.260392,-0.065719,0.18841,-0.072709,0.162378,-0.195838,-0.322914,-0.507977,0.230904,-0.283431,-0.218911,0.14815,-0.169741,0.307141,-0.586584,-0.319854,-0.159663,-0.454648,-0.220161,-0.178725,-0.13645,-0.374975,0.342988,-0.212903,-0.319513,-0.248919,-0.585689,-0.061458,-0.400999,-0.423692,-0.439964,0.273641,0.626534,-0.238284,-0.332928,0.265163,-0.233645,0.451854,-0.00853,-0.049652,0.39408,-0.242988,0.198246,-0.256866,-0.129588,-0.128498,0.011282,-0.24541,-0.383147,0.214656,-0.010287,-0.212058,0.676752,0.682299,-0.60363,0.39771,0.062564,-0.280053,0.10865,0.164636,0.013216,0.300055,-0.178234,-0.610189,0.36707,0.144678,0.436741,0.494124,0.299441,-0.276367,0.237271,0.431201,-0.258953,0.252881,0.068202,#
2,-0.217627,0.380868,1.0,0.276266,-0.14126,-0.063017,0.135757,-0.059634,0.369106,-0.280204,-0.14682,0.012284,-0.235198,-0.00706,-0.030844,-0.147486,-0.046381,0.455039,-0.022363,0.182247,0.031319,-0.035768,0.117323,-0.028722,0.360227,-0.155396,0.357112,0.343019,-0.189442,0.071253,0.002765,0.076176,0.097022,0.285838,0.274711,0.238605,0.378445,-0.332779,-0.129912,0.067973,0.005684,0.217277,-0.081819,0.022557,0.146945,-0.184966,-0.002366,0.351374,0.344207,0.121937,-0.081174,-0.017524,-0.068966,0.048939,-0.159722,-0.078566,0.018304,-0.345113,-0.343792,0.155417,-0.381356,-0.320207,0.191809,0.028355,-0.170791,-0.093861,0.080853,0.134761,-0.074286,0.470281,0.510757,0.357484,0.010797,-0.054051,0.097478,-0.097656,-0.078857,-0.454507,-0.043077,-0.442978,0.448304,-0.072667,0.044526,0.084656,-0.004843,0.27526,-0.230045,0.091747,0.034328,0.014858,0.183489,0.094366,-0.213146,0.106439,-0.073793,0.091049,0.344558,-0.055022,0.027634,-0.18561,-0.237627,0.145249,0.035542,-0.06578,-0.050401,-0.057769,-0.209189,0.224217,-0.372916,0.228209,0.400109,-0.013564,-0.104235,0.038748,0.57885,-0.148636,0.009683,-0.42942,0.090516,-0.122233,0.011306,0.004483,-0.106481,0.069705,0.24088,-0.309278,0.062711,0.379942,-0.063379,-0.109472,0.43579,-0.284272,-0.076617,0.059001,0.338294,0.04775,0.102279,0.398792,0.267807,-0.156919,0.019912,0.222419,-0.061517,-0.253917,-0.090883,0.222653,-0.139342,0.008545,0.243991,0.040514,0.007786,-0.138954,0.108186,-0.054299,-0.134839,0.131148,0.02991,0.186409,0.009307,0.14993,0.310317,0.07328,0.181333,0.09991,-0.203744,-0.137489,-0.132716,0.072248,0.298768,0.326612,-0.18362,-0.033577,-0.213115,-0.099032,-0.436441,0.26508,-0.132023,0.4185,0.232476,-0.613053,0.159356,-0.130259,-0.422153,0.263991,-0.05196,0.075127,-0.039584,0.285585,-0.33465,0.036835,0.425571,0.277559,0.127954,0.110634,-0.410365,0.281048,0.020078,0.013361,0.194382,-0.07668,#
3,-0.131067,-0.177804,0.276266,1.0,-0.227677,-0.074213,-0.222629,-0.471742,-0.205703,-0.005303,0.0397,0.101339,-0.308142,-0.165176,-0.124187,-0.035224,-0.081561,0.048835,-0.149937,0.493163,0.214364,0.071483,-0.033565,0.001743,0.216146,0.06933,0.020873,0.326005,-0.048135,-0.152988,0.378777,0.040478,-0.056319,-0.058524,0.098487,-0.290912,-0.012867,-0.016878,-0.478048,0.178584,0.050009,0.219715,-0.239139,-0.010068,0.040171,0.311824,-0.04412,0.191274,0.141109,-0.047236,0.278636,0.407197,0.102738,0.002245,-0.096962,-0.019084,0.3987,0.027251,-0.018816,0.178678,-0.263435,-0.432333,0.209758,-0.167564,0.302756,-0.135677,0.113952,0.278992,-0.13438,-0.138192,0.105715,0.06858,0.336483,0.228927,0.03504,-0.415995,0.115458,-0.109067,0.077769,0.179868,0.449462,0.381634,0.281619,0.196415,0.269764,0.07854,0.24258,0.111571,0.212598,-0.176082,0.321195,0.13469,0.450026,-0.221047,0.250359,-0.045911,-0.022866,-0.055985,-0.29799,0.264532,-0.195829,0.32623,0.211744,0.252971,0.213207,0.353159,0.101277,-0.162919,0.219013,0.198316,-0.158346,-0.116137,0.076471,0.374777,0.008013,0.025941,0.262257,0.114373,-0.020634,0.20075,0.15276,0.18664,0.454089,0.095684,-0.085913,0.070355,0.126718,0.073586,-0.069542,0.221699,0.141506,0.054239,0.130949,0.070886,0.349664,0.25724,0.019462,0.043298,0.365828,0.229479,0.030327,-0.024371,0.011752,0.222884,0.449123,0.302331,0.290595,-0.412164,0.331285,0.4162,0.218838,-0.022557,0.084496,0.293661,0.070355,0.165749,-0.425099,-9.6e-05,-0.031586,0.23831,-0.219446,-0.068626,-0.158531,0.145774,-0.119817,-0.398462,-0.025286,0.051568,0.363232,-0.012994,-0.375192,0.001751,0.279338,0.058199,-0.421467,0.263532,0.072901,0.132121,-0.389916,0.139576,-0.377954,-0.264345,-0.19985,0.047399,-0.036534,0.116147,-0.136188,0.211388,0.343307,-0.391915,0.338738,-0.226383,-0.044239,-0.189094,0.114233,0.076008,-0.538268,0.336579,0.149469,-0.183442,#
4,0.301585,0.032585,-0.14126,-0.227677,1.0,0.103131,-0.171681,0.119447,-0.432915,-0.275346,0.04112,0.203613,-0.032867,-0.046278,0.099045,0.275539,-0.043877,-0.035467,-0.05378,0.051983,-0.092083,-0.021078,-0.059979,-0.206147,0.161345,0.024154,-0.437487,-0.200487,0.215644,-0.269427,0.011046,-0.185039,-0.117597,-0.328463,-0.092609,0.062175,-0.311105,-0.182033,-0.07678,-0.142541,-0.209617,-0.321801,-0.084282,-0.247104,-0.095466,0.165895,-0.218233,0.241791,-0.134465,0.120445,0.470501,-0.214861,-0.269616,-0.149443,0.3715,0.271733,-0.279702,0.018809,0.127758,-0.187878,0.06708,0.267495,-0.159918,0.025429,0.01116,0.189965,0.085759,-0.077988,-0.015578,0.269054,-0.014924,0.179875,-0.075754,0.131549,-0.360028,0.487432,-0.06536,-0.288857,-0.206006,-0.116326,-0.088448,-0.198092,-0.103537,0.150665,0.035074,-0.050403,0.114959,-0.2204,-0.265921,0.045856,0.02955,-0.225475,-0.038976,-0.200175,0.129025,0.004217,0.19744,-0.394936,0.189439,0.251439,0.190064,-0.214305,-0.319659,-0.176711,-0.363462,-0.069312,0.116101,-0.043657,-0.047209,-0.2288,-0.025886,-0.453451,-0.079301,-0.134917,-0.066389,-0.111369,-0.268488,0.101221,0.115147,0.061856,-0.115747,0.03506,0.281743,0.125084,-0.051242,-0.267377,0.265641,0.027946,0.015893,-0.12501,0.083807,0.065353,-0.067045,0.061595,-0.186327,-0.120589,0.096468,-0.304884,-0.174763,0.040865,0.072096,-0.027237,0.135405,0.113797,-0.073912,0.267933,-0.114894,-0.074736,-0.218756,-0.30795,-0.131592,-0.030173,-0.519119,0.113871,-0.296144,0.141668,0.132356,0.038771,0.022634,-0.234072,-0.167746,-0.308471,-0.037696,-0.014405,-0.213464,0.056908,-0.12397,0.183109,-0.20514,-0.037541,0.169408,0.003993,0.108941,0.092184,-0.094388,-0.110183,-0.113659,-0.161011,0.031231,-0.131186,0.286612,-0.263419,0.152345,0.105829,-0.049583,-0.458304,-0.014953,-0.106218,-0.338068,-0.075983,-0.226119,-0.035669,0.110639,-0.193901,0.122245,-0.393367,0.21394,0.008877,-0.21999,0.363436,#
5,0.40226,0.174685,-0.063017,-0.074213,0.103131,1.0,-0.010676,0.062097,-0.315515,-0.112729,0.364139,0.128621,-0.05084,-0.145641,-0.091022,0.140202,0.419885,0.024545,-0.334631,-0.198608,-0.3147,0.470662,0.187675,0.057554,-0.188664,-0.439909,-0.08487,-0.386481,-0.185555,-0.29792,-0.16147,0.191964,-0.033795,-0.034736,-0.098572,0.048517,-0.149959,0.105175,0.157161,-0.056785,0.072914,0.174144,-0.174137,0.350221,0.198303,0.077305,-0.154601,0.340829,-0.038536,-0.242176,0.060615,-0.063803,0.04871,-0.219609,-0.05947,-0.233924,0.0739,-0.141448,-0.032103,-0.101006,0.160998,0.247871,-0.348094,-0.194297,0.066183,-0.123855,-0.328911,0.078407,0.420579,0.303474,-0.186038,0.443506,0.041712,0.034257,-0.469546,0.04917,-0.602839,0.045568,-0.593579,-0.186817,0.458501,-0.309829,0.07336,-0.301818,-0.089868,-0.099278,-0.140536,-0.232103,-0.323812,-0.367528,-0.021104,-0.246412,-0.088431,-0.023102,-0.116633,-0.049416,-0.013951,-0.234905,0.045929,0.002331,0.287584,-0.217799,0.048972,-0.084638,-0.12682,-0.370326,-0.099278,-0.013504,-0.480753,-0.2433,0.123565,-0.092964,-0.164032,-0.155928,-0.188441,-0.339601,-0.656286,-0.089075,0.140095,-0.276065,-0.366353,-0.359444,0.226732,-0.459252,-0.30495,0.055291,-0.068682,0.024131,-0.007346,0.372203,-0.036965,0.026221,-0.079084,-0.067316,-0.217534,0.055615,0.005021,-0.157953,0.106012,-0.29817,-0.309092,-0.22787,-0.566379,0.374764,0.050674,-0.082373,-0.289458,0.012056,-0.195941,-0.161352,-0.164537,0.032367,-0.248292,-0.101595,0.06533,-0.372775,-0.112522,0.110614,-0.450549,-0.006165,0.062518,-0.050719,0.010296,0.251388,-0.361182,0.455713,-0.055845,-0.126862,-0.028762,-0.38223,0.150254,-0.343103,-0.449946,0.046692,0.118735,-0.349229,-0.116286,0.249855,0.108073,-0.017968,-0.064254,0.123429,-0.033314,0.029332,-0.02242,-0.005919,-0.079856,-0.001798,-0.179162,-0.005023,-0.145543,0.108106,0.31057,-0.142733,0.10507,0.25448,0.213157,-0.269744,-0.06917,-0.008414,#
6,-0.073466,0.327797,0.135757,-0.222629,-0.171681,-0.010676,1.0,0.349426,0.366131,0.30265,0.048223,-0.113448,0.132852,-0.162993,0.269467,0.089299,-0.088985,-0.264982,0.131777,-0.465839,-0.497619,-0.00266,0.075958,0.024283,-0.089621,-0.068297,0.21702,-0.157563,0.187582,0.052429,-0.41429,-0.299471,-0.098155,0.309002,-0.105441,0.333182,-0.190481,-0.173105,0.313346,0.094114,-0.441885,0.151381,-0.219718,-0.385008,-0.020929,-0.105856,-0.01779,-0.061233,0.044984,0.154821,-0.31933,-0.21421,-0.29427,-0.027578,-0.065392,-0.289493,0.166454,0.022437,-0.336029,0.240458,0.213129,-0.292669,-0.132293,0.257766,0.156692,0.095771,0.110299,-0.02792,0.432616,-0.178802,0.208606,-0.023131,-0.220465,-0.645653,-0.152967,0.338295,-0.059685,-0.382991,-0.148975,-0.067763,-0.217027,-0.364719,-0.459239,-0.20493,-0.123954,0.176109,-0.194827,-0.026526,-0.501135,-0.237,-0.29767,-0.026095,-0.343535,0.09699,-0.046525,-0.205845,-0.005591,0.020721,0.118061,-0.175937,0.232431,-0.21326,0.069155,-0.193522,-0.32641,-0.333253,-0.494839,0.362474,-0.478635,-0.140054,-0.133023,0.435141,-0.207365,-0.437176,-0.107351,-0.021792,0.207669,-0.340488,-0.252463,-0.126165,-0.078835,-0.157744,-0.229626,-0.239076,-0.086843,-0.076612,0.093899,0.498867,-0.1316,-0.127527,-0.247277,-0.765937,-0.534649,0.308971,0.045567,-0.09567,-0.145715,0.081665,-0.117141,-0.483804,0.094761,0.204155,-0.256222,-0.065305,-0.024876,-0.268838,-0.291204,0.737127,-0.212145,-0.122269,-0.096129,-0.25599,-0.095988,-0.513519,-0.262621,-0.186063,0.000966,0.174525,-0.318807,-0.214942,0.272617,0.119391,0.279262,8.9e-05,0.034804,0.033641,-0.311777,-0.009171,-0.22765,0.379122,0.415545,-0.130582,-0.173056,-0.220776,0.119145,-0.037175,-0.09567,0.309771,0.155169,-0.068864,0.463557,-0.037798,0.009837,0.236541,0.436219,-0.021918,0.104733,-0.130877,-0.174915,0.410406,-0.019821,0.42399,0.094133,0.259856,-0.164745,0.220623,0.196803,-0.351019,-0.178815,-0.239625,#
7,0.065204,0.118258,-0.059634,-0.471742,0.119447,0.062097,0.349426,1.0,0.134371,0.146469,-0.06766,-0.185852,0.105183,0.044226,-0.113591,0.306567,-0.300742,-0.135053,-0.021797,-0.084494,-0.046297,0.048374,-0.123195,0.402857,0.183453,0.058742,-0.027462,-0.54107,0.172309,-0.03663,-0.2473,-0.215832,0.315447,0.325562,-0.142136,-0.056676,-0.003822,0.082693,0.530808,-0.285586,-0.177712,0.088899,-0.257575,-0.089678,-0.38987,-0.195451,0.217441,-0.047214,0.152665,-0.104278,-0.304223,-0.291013,-0.073961,-0.066498,-0.104219,0.017903,0.279759,-0.165861,-0.364328,0.238406,0.195129,0.01222,-0.330073,0.021915,0.000827,0.112416,0.118483,0.088831,0.161532,0.084106,0.175946,0.003553,-0.201634,-0.115087,0.049484,0.137512,0.042455,0.146733,0.053256,0.123592,-0.140204,-0.115087,0.111644,0.061707,-0.041307,0.186523,0.040043,0.218286,-0.058501,0.282254,-0.382825,0.05234,-0.29467,0.241889,-0.101351,0.192372,0.317838,0.224813,0.484155,0.011891,0.230871,0.02627,-0.033414,0.037604,0.035392,0.027052,-0.130432,0.222123,-0.271933,-0.417745,0.157688,0.047866,0.218856,-0.227854,0.198338,0.133904,0.097531,0.046058,0.053389,-0.094368,-0.032318,-0.19644,0.046189,0.054222,0.049522,0.141649,-0.083318,-0.100875,-0.164786,-0.064705,-0.143906,-0.218142,-0.10358,-0.025912,-0.035212,-0.076663,0.362688,0.265019,-0.093244,-0.35056,0.289646,0.173548,-0.12891,0.127797,-0.283896,-0.294936,0.105758,0.219557,0.036749,-0.397962,-0.02069,0.101427,-0.134797,-0.130956,-0.178601,0.027376,0.477215,-0.033844,-0.002554,-0.01142,0.067443,0.316937,0.021264,-0.22028,0.010518,-0.005669,0.103347,-0.365959,-0.327745,0.206451,0.226966,-0.232921,-0.133909,0.053263,0.148366,0.051729,0.272795,-0.16003,0.182569,-0.068826,0.418862,-0.001764,0.012887,-0.126013,0.072502,0.187835,-0.082446,-0.126303,-0.18011,0.164226,-0.042115,0.042653,-0.105318,-0.252707,-0.155216,0.029188,0.168096,-0.394587,0.052431,0.123172,#
8,-0.197328,0.383642,0.369106,-0.205703,-0.432915,-0.315515,0.366131,0.134371,1.0,0.186053,-0.153442,-0.136941,0.214924,0.160164,-0.009098,-0.442274,-0.063685,0.135119,0.279388,-0.474045,-0.029276,-0.062309,0.138714,0.078296,0.247034,0.092712,0.398781,0.083383,-0.055297,0.348239,-0.108124,0.117168,0.144667,0.197621,0.13608,0.347578,0.381471,-0.178373,-0.029677,-0.034195,0.059817,-0.17045,0.262109,0.044119,0.192154,-0.491415,-0.103896,-0.347161,0.044073,0.348368,-0.330115,-0.318466,-0.03043,0.000721,-0.407532,-0.064722,-0.025872,-0.050869,0.082594,0.216889,-0.02188,-0.229048,-0.126671,-0.013384,0.133325,0.002539,0.153089,-0.053784,0.033405,0.002851,0.187144,0.005286,-0.158368,-0.395795,0.103609,0.086494,-0.015188,-0.098407,0.09461,-0.296837,-0.187708,-0.063127,-0.212208,-0.231177,-0.139732,0.094628,-0.365167,-0.015188,-0.024818,0.016572,-0.318863,0.159292,-0.569306,-0.002561,0.001652,-0.101421,0.086855,0.143635,0.073879,-0.20392,-0.145638,0.22777,0.066783,-0.07973,-0.224708,-0.348915,-0.232092,0.130481,-0.057458,0.134422,0.249776,0.521816,0.000601,-0.349724,0.135025,0.017307,0.16198,-0.524072,-0.036995,-0.052005,-0.140267,-0.158635,-0.536613,-0.065682,-0.003998,0.062729,-0.041871,0.059145,0.039678,-0.168375,-0.037544,-0.345181,-0.179798,0.211798,0.08019,-0.024685,-0.091882,0.171116,-0.062192,-0.279372,-0.159928,0.193605,0.057095,-0.415295,-0.331126,-0.290846,-0.38675,0.378507,-0.036494,0.002245,-0.089061,-0.227643,0.084823,-0.410217,-0.111975,0.038284,0.289329,0.200227,-0.061481,-0.137166,0.291071,0.163442,0.291194,-0.370516,0.389532,-0.080564,-0.256315,0.069455,-0.106188,0.248942,-0.163938,0.30322,-0.06365,-0.185476,0.063877,0.190615,-0.03161,0.42612,0.404975,-0.296476,0.30985,0.219784,-0.262364,0.129591,0.012332,0.104016,0.126305,-0.181443,-0.07028,0.5175,-0.065534,0.128831,0.180545,0.29496,-0.40364,0.424515,0.436929,-0.081297,0.158086,-0.129283,#
9,0.297159,0.032128,-0.280204,-0.005303,-0.275346,-0.112729,0.30265,0.146469,0.186053,1.0,-0.388227,0.208923,0.46525,0.356872,0.142634,0.060364,-0.271625,-0.046533,0.050984,-0.164753,-0.223337,0.250102,0.141544,0.001352,-0.028909,0.006011,0.301474,-0.069618,0.051,0.496688,-0.196711,-0.156103,-0.175002,-0.145091,-0.337448,0.130437,-0.160132,-0.052175,0.277551,-0.155253,0.076154,0.022575,-0.028334,-0.273217,-0.320348,-0.412841,0.272083,-0.031688,-0.377528,0.056755,-0.460257,-0.057757,0.023579,-0.091811,0.048658,-0.175198,0.184296,-0.15116,0.036877,0.191249,0.275849,-0.199572,-0.293362,0.048712,0.370208,0.008337,-0.042303,0.20728,0.148033,-0.422235,-0.027089,-0.280243,-0.322589,-0.211296,-0.060381,0.205905,0.204382,-0.074096,0.061259,0.201426,-0.332057,-0.227536,-0.090881,-0.204833,-0.116163,-0.108033,-0.379855,0.020791,-0.051438,-0.152816,-0.166551,-0.128748,-0.101341,0.227707,0.284421,0.06343,-0.021,0.391886,0.113944,-0.035695,-0.181999,0.004101,-0.093994,0.052587,-0.067017,0.010938,-0.445586,0.027136,-0.053997,-0.384902,0.017162,0.385767,0.104802,-0.230618,-0.330284,-0.148324,-0.041564,-0.129795,0.16797,-0.2134,0.001564,-0.322006,-0.271738,-0.383895,-0.417275,0.283597,0.018866,0.022224,0.090384,-0.057042,-0.182827,-0.048107,-0.484665,0.214737,-0.210581,-0.119438,-0.276534,-0.03641,0.13708,-0.250323,0.146408,-0.300214,-0.323163,-0.39627,-0.084669,-0.143317,-0.093972,0.272153,-0.350903,-0.376679,-0.192423,-0.432407,0.052587,-0.430069,0.103099,0.035652,0.302459,0.530235,-0.142845,-0.42059,0.108065,-0.176423,-0.012286,-0.001068,0.334398,0.071976,-0.37438,-0.139392,-0.513678,0.143266,-0.032651,0.195502,-0.094237,-0.106041,0.210277,-0.26979,-0.119438,0.032601,0.202534,0.08448,0.199026,0.045667,-0.178213,-0.382345,0.217299,0.256944,0.279623,-0.04634,-0.033473,0.366315,0.104592,-0.080419,0.041779,0.317743,-0.151507,0.083916,-0.022146,-0.184618,0.24878,0.163858,#
10,-0.190386,-0.343937,-0.14682,0.0397,0.04112,0.364139,0.048223,-0.06766,-0.153442,-0.388227,1.0,0.05377,-0.434788,-0.661852,-0.065509,0.22065,0.396356,-0.269609,0.154066,-0.371529,-0.055312,-0.091181,-0.336798,-0.033434,-0.053472,-0.082731,-0.43837,-0.086517,0.029306,-0.561353,0.131072,-0.081649,-0.37471,-0.199958,0.544561,-0.217912,-0.184192,-0.059243,0.036179,0.241549,-0.092325,-0.179649,-0.243033,-0.018654,0.070933,0.701018,-0.404332,0.076566,0.294506,-0.254587,0.269567,0.300559,-0.08956,0.212303,0.017954,-0.133501,-0.049492,0.340082,-0.220266,-0.281652,-0.159868,0.101771,0.028077,-0.109815,0.062756,-0.335031,-0.130153,-0.199964,0.290362,0.134865,-0.05908,0.122055,0.29995,-0.078016,-0.06157,-0.034369,-0.301102,0.261477,-0.276929,-0.345888,0.195578,0.107718,-0.104361,-0.345068,0.054215,0.24668,0.278285,-0.125293,-0.224045,0.16764,-0.179499,-0.134793,0.05195,-0.308998,-0.274047,-0.101831,-0.219711,-0.492198,-0.078726,-0.088516,0.11661,-0.16743,0.10937,0.08126,-0.065379,-0.214787,0.062537,-0.002735,-0.064718,0.321624,-0.171074,-0.098321,0.070995,-0.229662,-0.033971,-0.144001,-0.031191,0.358633,-0.024333,0.330314,0.006892,0.181961,0.262572,-0.041677,0.209755,0.107212,-0.148398,0.143865,-0.149626,-0.04143,0.130757,-0.055384,0.200488,-0.042977,0.31096,0.095415,-0.040548,0.115675,-0.29798,0.09436,-0.211436,0.431066,0.028156,0.366882,0.067356,0.083847,-0.287287,-0.034723,-0.020721,0.284969,-0.025745,0.334485,-0.101259,0.045283,-0.075802,-0.175996,-0.637514,-0.441923,-0.381239,0.329751,-0.098794,0.047006,0.150418,-0.029885,-0.359146,-0.10832,0.031375,0.166348,0.192376,-0.020767,0.182455,-0.201213,0.042213,0.08239,-0.094453,0.06419,-0.085942,0.039168,-0.46032,0.425713,-0.176965,0.069835,0.567052,0.285057,-0.115618,-0.27275,-0.535606,-0.084334,0.466957,-0.331639,-0.390238,0.072291,0.226568,-0.487908,0.354833,0.035069,0.174243,-0.173711,-0.5127,-0.027958,#
11,0.14744,-0.095463,0.012284,0.101339,0.203613,0.128621,-0.113448,-0.185852,-0.136941,0.208923,0.05377,1.0,-0.046111,-0.227169,-0.041791,0.096157,0.127374,0.137484,-0.134163,-0.102564,0.045518,-0.014872,-0.384144,-0.402014,-0.021823,-0.333297,-0.101255,0.203766,0.021886,-0.102195,0.04517,-0.157074,-0.117597,-0.328463,0.068956,0.232975,-0.263464,-0.132864,-0.068349,0.053688,0.233173,-0.032934,-0.107963,-0.270777,-0.204429,0.05423,-0.394636,0.427803,-0.009886,0.374788,-0.059883,0.0928,-0.08109,-0.083298,0.132532,-0.045451,-0.036957,-0.158772,0.081021,-0.187878,-0.106163,0.345404,0.16043,-0.478735,0.275006,-0.138017,-0.143072,-0.12341,-0.17555,0.154149,0.111329,-0.015384,-0.066835,0.280821,-0.059572,0.311366,-0.2299,-0.142261,-0.055852,-0.116326,0.102783,0.097158,-0.103537,-0.397516,0.025598,-0.040609,-0.041235,0.11248,-0.117427,0.199272,0.044717,0.10171,0.126609,0.143902,0.104474,0.471064,0.040088,0.097579,0.186441,-0.039463,-0.165796,0.119393,-0.326082,-0.028048,-0.049186,-0.041197,-0.216908,0.146572,0.085666,0.073139,0.002961,-0.01662,-0.058984,-0.141457,-0.038258,-0.265861,-0.130491,0.1039,0.286076,0.065299,0.193795,-0.118661,0.124161,0.108932,0.117066,-0.114949,-0.146481,-0.006589,0.41672,-0.118348,0.10602,0.224685,-0.080015,0.06739,0.169972,-0.31138,-0.129188,-0.108551,0.161801,0.177306,0.072096,-0.002045,-0.034479,-0.053135,0.104385,0.404501,-0.114894,-0.25051,-0.219491,0.023323,0.02699,-0.027391,-0.028048,0.113871,0.031128,0.148784,-0.044815,0.293229,-0.168533,-0.216349,-0.135141,-0.519566,-0.000338,0.276276,0.002287,0.063315,-0.12397,0.07888,0.135659,0.137067,0.053571,0.391307,0.10187,0.10197,-0.104847,0.079171,-0.30445,0.014525,0.025472,0.062038,-0.059266,0.039694,-0.061386,-0.042834,0.121336,-0.262611,0.140875,0.515765,-0.188033,-0.113464,0.031649,-0.022675,0.124084,0.120568,-0.377656,-0.223667,0.207904,-0.016779,0.053478,0.377136,#
12,0.609333,0.405748,-0.235198,-0.308142,-0.032867,-0.05084,0.132852,0.105183,0.214924,0.46525,-0.434788,-0.046111,1.0,0.516733,0.110987,-0.338427,-0.202303,0.10924,-0.03288,-0.147885,-0.281526,0.344689,0.526788,-0.037215,-0.266987,-0.059675,0.259403,-0.333214,0.12043,0.291165,-0.04338,-0.010916,0.081224,-0.3125,-0.242512,0.297992,0.156925,0.056594,0.135737,-0.567382,-0.004529,0.096092,0.162267,0.002623,-0.052373,-0.420696,0.379836,0.041861,-0.235992,0.111659,-0.162556,-0.154398,-0.040394,-0.032373,0.056233,0.093226,0.125494,-0.186838,0.347267,0.421919,0.743327,-0.110025,-0.216854,-0.078239,0.180793,0.479459,-0.191361,0.352705,0.338016,-0.254685,0.117432,-0.089832,-0.424624,-0.285314,-0.289504,0.392195,0.252781,-0.134193,-0.03283,-0.139587,-0.288116,-0.292131,-0.211017,-0.018217,-0.247782,-0.224168,-0.104718,0.266939,-0.103217,-0.340854,-0.17019,-0.080315,-0.384523,0.292461,0.023677,-0.035071,0.159284,-0.091521,0.04821,-0.105855,0.019364,0.037775,0.027993,0.130989,-0.125336,-0.178951,-0.221278,-0.227423,-0.287724,-0.234455,0.132274,0.297573,0.000267,-0.293334,-0.189192,0.022303,-0.081848,-0.457503,0.153603,-0.42841,0.007343,-0.345754,-0.173863,-0.291037,-0.076097,0.221008,0.069289,0.158287,0.330854,0.091905,-0.558241,0.085254,-0.286107,0.081118,-0.418679,-0.028593,-0.311869,-0.462961,0.256916,-0.317976,-0.067457,-0.281269,-0.33202,-0.248456,0.029754,0.006709,-0.206397,0.385174,-0.195783,-0.629943,0.15147,-0.442865,0.13058,-0.572967,0.032672,-0.160557,0.46937,0.556689,0.0811,-0.685594,0.050777,-0.127138,-0.033825,-0.18102,0.464166,0.524303,-0.353901,-0.02388,-0.515723,-0.080574,0.007635,0.2613,-0.201972,-0.003039,0.505382,-0.374235,-0.020998,0.111137,0.647288,-0.251181,0.242022,-0.030412,-0.117306,0.091741,0.313294,-0.151081,0.458516,-0.290508,-0.450333,0.446322,0.21541,0.197317,0.128837,0.363634,0.106168,-0.020347,0.185017,-0.139923,0.297678,0.384254,#
13,0.350577,0.307486,-0.00706,-0.165176,-0.046278,-0.145641,-0.162993,0.044226,0.160164,0.356872,-0.661852,-0.227169,0.516733,1.0,0.279598,-0.345952,-0.464046,0.378508,0.041343,0.122258,-0.05928,0.434984,0.547676,0.342897,-0.052168,0.043688,0.493872,0.103533,0.084992,0.700817,-0.100282,0.106178,0.173482,-0.126284,-0.120034,0.198695,0.326456,-0.107998,0.303213,-0.3443,0.076389,0.248838,0.364073,0.190511,-0.046717,-0.675353,0.515838,-0.17073,-0.238432,-0.05784,-0.197468,-0.255039,0.122622,-0.051281,-0.098553,-0.040324,-0.013204,-0.202449,0.185895,0.269334,0.275086,-0.133557,-0.403534,0.29288,0.033182,0.162043,-0.01738,0.37545,0.009663,0.028882,-0.135021,0.021318,-0.237335,0.014997,-0.279767,-0.034592,0.292545,-0.275544,-0.101982,0.122337,-0.20585,-0.328102,-0.044819,0.312097,-0.2068,-0.098931,-0.321378,-0.044208,0.105116,-0.237498,0.154544,-0.190562,-0.245839,0.157091,0.145477,0.023766,0.051097,0.145498,-0.100636,0.016349,-0.09945,-0.097684,-0.068547,-0.163117,-0.174133,0.172107,0.02035,-0.34103,-0.159302,-0.228555,0.3627,0.21034,0.126723,0.110818,-0.17791,-0.070992,-0.172356,-0.3662,0.15298,-0.426679,-0.232934,-0.357762,-0.221886,-0.170999,-0.327648,0.064417,0.024838,-0.107135,0.162526,0.124483,0.051113,0.114291,-0.387024,-0.215543,-0.603896,0.004289,0.01311,0.009911,0.313006,-0.266057,0.013061,-0.571121,-0.26353,-0.469178,-0.391817,-0.103189,-0.039971,0.047946,-0.35443,-0.319016,-0.12367,-0.436892,0.189305,-0.303824,-0.058037,-0.075537,0.493579,0.351149,0.232826,-0.245402,0.221345,-0.171097,-0.028758,-0.012129,0.241495,0.283166,-0.013795,0.028069,-0.236587,-0.075435,-0.09728,0.107909,-0.297344,-0.253122,0.262936,-0.411361,0.130488,0.020468,0.625333,-0.363639,0.330938,-0.072256,-0.254641,-0.254107,0.058788,0.16615,0.191259,-0.261299,-0.352947,0.355354,0.247275,-0.054339,-0.116704,0.372586,-0.050087,-0.043411,0.065455,-0.165275,0.528191,0.154364,#
14,0.061793,0.297603,-0.030844,-0.124187,0.099045,-0.091022,0.269467,-0.113591,-0.009098,0.142634,-0.065509,-0.041791,0.110987,0.279598,1.0,-0.108467,-0.129482,-0.119259,0.397068,-0.209975,-0.388235,0.076634,0.21442,0.240527,0.011909,0.033085,0.183214,0.327092,0.357029,0.131392,-0.352757,-0.163882,-0.096408,-0.071167,0.235836,0.284659,-0.035732,-0.246745,0.147734,0.104894,-0.414621,0.128401,0.318713,0.018459,0.286836,0.014301,0.222841,-0.210385,-0.154911,0.11942,0.041934,-0.229816,-0.072244,0.087736,0.101303,-0.424624,-0.275842,-0.011771,-0.06933,-0.157497,0.02061,-0.008759,-0.303002,0.298069,-0.02489,-0.216218,-0.106518,0.052744,-0.094008,-0.36779,-0.236865,-0.32059,0.038641,-0.436668,-0.294603,0.286978,0.039933,-0.361624,-0.298331,-0.202125,-0.31022,-0.609316,-0.597906,0.240227,-0.389001,0.014789,-0.294975,-0.129969,-0.383128,-0.223025,-0.069739,-0.125195,0.028701,-0.110682,-0.290141,-0.306208,-0.557116,-0.125095,-0.376649,0.169906,0.21775,-0.326087,-0.211757,-0.619453,-0.298115,0.039799,-0.306384,-0.147365,-0.288446,-0.001988,-0.272277,0.265885,-0.320606,-0.391649,-0.303279,-0.22379,-0.072763,-0.318086,-0.444324,-0.039733,-0.211243,-0.073692,-0.329905,-0.156775,0.121051,-0.515651,-0.109439,0.076933,-0.117801,-0.224553,0.189159,-0.055789,-0.634067,0.264232,-0.236568,-0.253971,-0.130373,0.096348,0.066661,-0.200205,-0.222701,-0.106578,-0.005772,-0.096975,-0.485365,-0.189149,-0.253728,0.325766,-0.628623,-0.05541,-0.377267,-0.55301,-0.117106,-0.305924,-0.213795,-0.496757,-0.272413,0.10002,-0.391654,0.001011,0.254765,-0.479292,0.217945,0.147421,-0.243065,-0.006685,-0.083484,0.4553,0.021105,0.002987,0.445005,0.294059,-0.150918,-0.351503,0.456413,-0.323829,-0.253971,0.269923,0.11034,-0.192888,0.353421,-0.173109,0.362605,0.345328,0.387669,-0.423624,-0.09674,-0.152198,-0.043993,0.152452,-0.048445,0.53053,0.39645,0.378189,0.02246,0.017223,0.150582,-0.221412,-0.187604,0.117327,#
15,-0.059415,-0.264982,-0.147486,-0.035224,0.275539,0.140202,0.089299,0.306567,-0.442274,0.060364,0.22065,0.096157,-0.338427,-0.345952,-0.108467,1.0,-0.015847,-0.157773,-0.153117,0.119944,0.055164,-0.195668,-0.165844,-0.060762,0.171947,0.226562,-0.230255,-0.225,0.263681,-0.154294,-0.325262,-0.373955,-0.249804,-0.039797,-0.044311,0.040416,-0.391459,0.175091,0.244095,0.245798,-0.216041,-0.248016,-0.751721,-0.181032,-0.074964,0.316407,0.072633,0.126756,-0.197529,-0.132778,0.069028,0.167494,-0.087896,0.240391,0.187249,-0.182454,-0.167606,0.135867,-0.408315,-0.418523,-0.197754,0.201158,0.155605,-0.018545,-0.00664,-0.200826,-0.246449,-0.027723,-0.115756,-0.059105,-0.045192,-0.269287,0.055073,0.345447,0.12053,-0.004942,-0.236556,0.013142,-0.190047,0.189639,-0.268344,-0.067097,0.148457,0.056196,0.302358,-0.205394,-0.065062,-0.236556,0.053613,0.169767,0.153905,-0.037206,0.215783,-0.009614,-0.096247,0.441738,0.137924,0.188798,0.03348,-0.074034,0.065093,-0.110288,-0.408024,0.012289,-0.067097,0.033839,-0.407554,0.300568,-0.06908,-0.069883,-0.147231,-0.217959,0.314337,-0.168126,0.033857,-0.023203,0.05352,0.383746,0.075767,0.1668,-0.032023,0.172865,0.105065,-0.054545,0.04265,0.031003,-0.249646,-0.122626,-0.320831,-0.163789,0.02358,0.056372,-0.030326,-0.184276,0.116618,-0.092556,0.100441,0.026226,-0.3015,0.010724,0.26968,-0.041419,0.100331,0.204895,0.093432,-0.001219,0.144628,-0.18547,0.028909,0.035626,-0.059268,0.268827,-0.207891,0.215783,0.031003,0.125074,-0.110613,-0.14343,-0.156698,0.392965,0.090468,-0.007678,-0.064558,0.076023,-0.551388,-0.30361,0.24005,-0.159492,0.079177,-0.050861,0.097216,-0.374541,-0.006993,0.099205,-0.310577,0.074213,-0.092556,-0.345438,-0.325003,0.313736,0.074421,-0.112883,0.088839,-0.284568,-0.019341,0.13659,-0.066186,0.257933,0.127506,-0.220556,-0.043607,-0.205425,-0.036756,-0.141271,-0.174237,-0.228113,-0.070203,-0.175496,-0.015165,-0.075164,#
16,0.057915,0.091975,-0.046381,-0.081561,-0.043877,0.419885,-0.088985,-0.300742,-0.063685,-0.271625,0.396356,0.127374,-0.202303,-0.464046,-0.129482,-0.015847,1.0,0.018961,0.108512,-0.232654,0.060461,-0.168213,-0.088488,-0.457609,0.104707,-0.180572,-0.296799,-0.114757,-0.299153,-0.260318,0.066589,0.237151,0.012809,-0.179213,0.082937,0.069585,0.198595,-0.02532,-0.40428,-0.012404,0.273396,-0.159279,-0.011567,0.2283,0.32963,0.136412,-0.306259,0.197044,-0.021298,0.044876,0.121008,-0.075554,0.19659,-0.278296,0.06183,0.048672,-0.39739,-0.141458,-0.007713,-0.253686,-0.07173,0.382322,0.320501,-0.269496,-0.060641,-0.229367,-0.239645,-0.113069,0.197317,0.142599,0.006427,0.20784,0.260129,-0.159764,-0.143812,0.016586,-0.403098,0.161411,-0.176833,-0.249968,0.274533,-4.3e-05,0.018776,-0.41143,-0.217946,-0.330175,-0.138155,-0.227071,0.051539,-0.246834,-0.086142,-0.087607,-0.008481,-0.051044,-0.23022,-0.171946,0.016154,-0.249217,-0.342016,-0.150343,0.136516,-0.037705,-0.153048,-0.002738,0.037538,-0.291681,-0.023589,0.106735,-0.003826,0.059511,0.178595,-0.140133,-0.25753,-0.117618,0.05693,-0.086654,-0.445068,0.070702,0.044863,0.050499,-0.239665,-0.083857,-0.0649,-0.154338,0.110723,-0.17588,-0.206123,-0.006001,-0.194241,0.063478,0.047523,0.049408,0.08007,0.160686,0.016154,-0.15921,0.191738,-0.285262,-0.009682,0.147078,-0.447881,0.256201,-0.065583,0.089446,0.113587,0.192842,-0.155382,0.142897,0.042673,0.039596,-0.315518,0.209555,0.166175,-0.027352,0.003454,-0.392691,-0.265447,0.096246,-0.327513,0.089645,-0.173309,0.005685,0.303758,0.032288,-0.097808,0.284659,-0.00934,0.09527,-0.051341,-0.458012,-0.211529,-0.072679,-0.040596,0.133239,-0.025714,-0.072915,-0.152365,0.278206,-0.216497,0.075097,-0.241202,0.120226,0.147217,0.187083,-0.227106,-0.087025,0.031133,0.383405,0.033144,-0.093176,-0.097906,0.169925,0.279027,-0.09928,0.103442,0.488295,0.208445,0.066931,-0.273862,-0.245891,#
17,0.222599,0.321454,0.455039,0.048835,-0.035467,0.024545,-0.264982,-0.135053,0.135119,-0.046533,-0.269609,0.137484,0.10924,0.378508,-0.119259,-0.157773,0.018961,1.0,-0.078946,0.279421,0.101652,0.214892,0.057873,-0.020353,0.047954,0.146595,0.129447,0.239036,-0.050895,0.323216,0.166955,0.276465,0.133277,-0.123097,0.207311,0.284119,0.300978,-0.14929,-0.093668,-0.155245,0.239319,0.131304,0.07733,0.114252,-0.132724,-0.41282,0.052215,0.153458,0.167524,-0.103326,0.055201,-0.215292,-0.053599,-0.221407,-0.169732,-0.225915,-0.339282,-0.416339,-0.158649,-0.135813,-0.020767,0.235916,0.145626,-0.036948,-0.192584,0.09354,0.078211,0.243741,0.083202,0.535078,0.237113,0.1982,-0.410791,0.153145,-0.011688,-0.119818,0.215227,-0.242673,-0.1117,-0.22598,0.244588,0.028886,0.271317,0.008001,0.063402,0.028523,-0.128785,0.228133,0.258804,0.077455,0.273423,0.178939,-0.014729,0.24355,0.061671,0.480934,0.505821,0.004099,-0.197618,-0.424993,-0.219851,0.036502,-0.033458,0.347798,-0.138862,0.060516,-0.112589,-0.289985,-0.148775,0.199325,0.461116,0.037129,0.207235,0.271494,0.223977,0.095741,-0.083996,-0.326746,0.383773,-0.173458,-0.055861,-0.116303,-0.107384,0.003377,0.031205,-0.036991,0.122811,0.095543,0.217376,0.28733,0.364198,0.09632,0.013016,-0.328033,-0.060584,0.08055,0.156599,-0.037971,0.113398,0.089946,0.103683,-0.297077,-0.193575,-0.404332,-0.294115,0.260751,0.085516,-0.242114,0.035002,-0.104824,-0.20657,-0.205362,0.52868,-0.021091,-0.208287,-0.129431,0.335863,0.332923,-0.014632,-0.043751,-0.109281,0.08249,0.081369,-0.065311,-0.181054,0.153227,0.244006,0.017341,0.153558,0.19174,-0.340947,-0.046724,-0.448914,-0.130452,-0.053347,0.027828,0.260546,0.025878,0.356798,-0.484282,0.054538,0.078823,-0.384317,-0.276293,-0.270925,-0.082309,0.059134,0.259807,-0.318056,-0.026875,0.224383,-0.113397,-0.109176,0.189724,-0.317164,0.081686,-0.033091,0.110985,0.505144,0.318532,#
18,-0.393782,-0.005772,-0.022363,-0.149937,-0.05378,-0.334631,0.131777,-0.021797,0.279388,0.050984,0.154066,-0.134163,-0.03288,0.041343,0.397068,-0.153117,0.108512,-0.078946,1.0,-0.35954,-0.021451,-0.285048,-0.030269,0.051319,0.124581,0.225017,0.124778,0.372767,0.028715,0.043225,-0.106106,0.090309,0.171195,-0.190899,0.48089,0.19369,0.273352,-0.308885,-0.114291,-0.12514,-0.233077,0.004002,0.387126,-0.176695,0.04377,-0.02246,0.042069,-0.362499,0.3131,0.169818,-0.202092,-0.00944,-0.115025,0.20539,0.24393,0.036833,-0.300014,-0.117192,-0.082649,-0.235228,-0.071927,-0.018857,-0.039853,0.554565,0.051213,-0.254979,-0.00285,0.148479,0.090831,-0.148021,-0.146243,-0.291456,0.142385,-0.290538,0.014182,0.231669,0.171969,0.039663,0.187437,-0.362012,-0.192003,-0.314842,-0.54394,-0.201322,-0.406765,0.048641,-0.17639,-0.037865,-0.190553,-0.048314,-0.205364,-0.176406,-0.104708,-0.328756,-0.349016,-0.259713,-0.10096,-0.14644,-0.245837,-0.126785,-0.227341,0.216311,0.040507,-0.27727,-0.170917,0.018999,-0.173059,-0.252974,0.025407,0.080528,-0.015522,-0.015454,-0.037166,-0.192473,-0.15772,-0.399798,-0.039901,-0.043157,-0.269921,0.223076,-0.164002,-0.057471,-0.437906,-0.147766,0.127817,-0.417157,-0.176662,0.185916,-0.275168,-0.335168,0.2111,-0.194617,-0.238878,0.103085,0.247277,-0.191093,0.04582,-0.005288,-0.183306,-0.071299,-0.353601,0.199006,0.036179,-0.344891,-0.380141,0.090501,-0.378827,0.226581,-0.360451,-0.010994,-0.325943,-0.134663,0.095538,-0.283188,-0.273679,-0.306302,-0.196653,0.07366,-0.163166,0.089577,0.178121,-0.036125,0.188192,0.129907,0.034675,-0.196654,0.008773,0.457394,-0.277096,0.147014,0.224994,0.179397,0.056801,-0.08864,0.258253,0.156001,-0.04003,0.18282,-0.02842,-0.177278,0.139761,-0.033073,0.595014,0.153761,0.007352,-0.102667,-0.43171,-0.012617,0.087885,-0.006139,-0.168795,0.070016,0.209877,0.052006,0.221663,0.044314,0.254923,0.059614,-0.484152,0.146518,#
19,-0.040369,-0.133887,0.182247,0.493163,0.051983,-0.198608,-0.465839,-0.084494,-0.474045,-0.164753,-0.371529,-0.102564,-0.147885,0.122258,-0.209975,0.119944,-0.232654,0.279421,-0.35954,1.0,0.339629,-0.054888,-0.009907,0.027414,0.059706,0.082732,-0.124297,0.056589,0.08388,0.015925,0.258571,0.087242,0.177436,0.109907,-0.13421,-0.477984,0.077172,0.189312,-0.294634,-0.087998,0.271078,0.312364,-0.156072,0.197559,-0.199498,0.047063,0.325977,0.199995,0.123198,-0.164537,0.177425,0.172257,0.384561,-0.105952,0.028837,0.128458,0.221838,-0.292773,-0.132664,0.10196,-0.297717,-0.018929,0.377864,-0.101137,-0.054629,0.038105,0.169361,0.146842,-0.295904,0.01906,0.192859,0.080766,0.103848,0.44773,0.25737,-0.38068,0.325221,0.075644,0.276012,0.345113,0.321928,0.435279,0.508069,0.593648,0.198539,-0.092309,0.27878,0.331688,0.508189,0.166324,0.527629,0.15394,0.433855,0.151681,0.191819,0.263502,0.24477,0.152243,-0.113064,0.156129,-0.290882,0.117154,0.068476,0.410893,0.435279,0.620869,0.289672,-0.254119,0.298925,0.069466,0.009422,-0.385334,0.182154,0.677055,0.271081,0.356919,0.165381,0.320068,-0.030545,-0.073268,0.3336,0.187488,0.379375,0.292151,0.204787,0.054719,0.163348,-0.126211,-0.238938,0.189466,0.122706,0.385544,0.330762,-0.219091,0.075085,0.154334,0.418913,0.149062,0.157939,0.401988,0.310822,-0.253086,0.110404,0.159517,0.35638,0.175098,0.689125,-0.549869,0.60166,-0.008016,0.256176,0.204913,0.25276,0.42748,0.096603,0.273185,0.132487,-0.064249,0.305439,0.233023,-0.303616,0.1188,-0.317303,0.087463,-0.227608,-0.270903,0.347353,-0.246762,0.247538,0.028393,-0.381615,-0.097638,0.271847,0.215129,-0.261183,0.17524,0.334703,-0.408912,-0.237216,0.0621,-0.240225,-0.151243,-0.260483,-0.206806,-0.347802,0.186236,0.108282,0.237732,0.088977,-0.459485,0.377868,-0.236093,-0.503725,-0.184357,0.060704,-0.199502,-0.599315,0.317055,0.26804,0.072687,#
20,-0.196648,-0.320527,0.031319,0.214364,-0.092083,-0.3147,-0.497619,-0.046297,-0.029276,-0.223337,-0.055312,0.045518,-0.281526,-0.05928,-0.388235,0.055164,0.060461,0.101652,-0.021451,0.339629,1.0,-0.446758,-0.350438,0.140446,0.361146,0.295932,0.05224,0.285551,0.024017,-0.042107,0.508951,0.326562,0.256687,0.019731,0.17965,-0.387783,0.172093,0.13947,-0.19087,0.033302,0.390595,-0.180684,-0.047724,-0.123289,-0.095178,0.058937,0.112263,0.037282,0.081858,-0.001995,0.10621,-0.123271,0.33199,0.062185,0.004665,0.335137,-0.123605,0.142381,-0.009915,0.105496,-0.175227,0.092496,0.30148,-0.295321,-0.085787,0.043442,-0.145628,0.146373,-0.384508,-0.044532,-0.007127,-0.020843,0.327959,0.610027,0.26895,-0.444032,0.228935,0.446186,0.228356,0.354519,0.035867,0.610027,0.470774,0.312959,0.061848,-0.108681,0.298208,0.057637,0.828195,0.341446,-0.160481,0.050034,0.249935,0.051384,0.276899,0.254773,0.155661,0.217631,0.098169,0.146701,-0.277845,0.382259,-0.07134,0.245019,0.454804,0.340197,0.237739,0.169567,0.439412,0.301208,0.015298,-0.326937,0.105593,0.478613,0.333711,0.355305,0.149988,0.393352,0.328703,0.49263,0.340681,0.336677,0.11491,0.634677,0.232584,0.104217,-0.374468,-0.460631,0.141509,0.152546,0.150148,0.320165,0.388418,-0.223319,0.151915,0.087778,0.253059,0.131348,0.248088,0.609799,-0.037774,0.108476,0.371617,-0.134149,0.090689,0.097402,0.480955,-0.626262,0.333727,0.292606,0.156659,0.282857,0.405862,0.587686,-0.061025,0.203364,0.029241,-0.177715,0.405079,0.362221,-0.265747,0.032054,-0.031133,-0.117563,0.098074,-0.282859,0.468574,-0.095145,0.19804,-0.042669,-0.345001,-0.170617,0.405801,-0.073955,-0.429657,0.277988,0.286252,-0.26163,-0.251324,0.174364,-0.310457,0.045115,-0.164913,-0.234415,-0.12943,0.232456,-0.062944,0.375247,0.142315,-0.3626,0.111368,-0.449222,-0.317755,-0.357618,-0.166872,-0.103363,-0.219492,0.415889,0.328649,-0.146552,#
