0,1.0,0.211441,-0.050211,-0.405279,0.66916,-0.180397,0.460879,-0.118038,0.661879,0.073678,-0.072583,0.438341,0.569622,0.010388,-0.015121,0.162194,0.037711,-0.006111,0.141764,-0.32237,-0.274784,-0.041405,0.294586,-0.239953,-0.134663,-0.204161,-0.36526,-0.173628,0.141389,0.062978,-0.495456,-0.230184,-0.240275,-0.134663,-0.269498,0.227031,0.470584,-0.209455,0.03211,-0.143306,0.313036,-0.383276,-0.14702,-0.031569,-0.079234,0.013875,0.439882,0.291753,0.229596,0.306241,0.280931,-0.331192,-0.032643,0.105761,0.014166,-0.006515,-0.37155,0.389852,-0.07347,0.060686,0.20924,-0.192266,-0.173013,-0.049413,0.176184,0.397394,-0.052142,-0.004262,0.447814,-0.123732,0.239242,-0.421952,-0.152255,-0.579307,-0.372575,0.322759,-0.414037,-0.374906,-0.452384,-0.19537,-0.082658,-0.601587,-0.265742,-0.079087,-0.204557,-0.313928,-0.541052,-0.311525,-0.151825,-0.406851,-0.147155,-0.255297,-0.183189,-0.140584,-0.456581,-0.301456,-0.620186,-0.446084,-0.16815,-0.287222,0.388848,-0.462652,-0.523955,-0.404662,-0.344626,-0.327529,-0.444975,-0.067285,-0.40348,0.000462,-0.056264,-0.300448,-0.128142,-0.292086,-0.379109,-0.348346,-0.482922,-0.50049,-0.055492,-0.578173,-0.443321,-0.452512,-0.365208,-0.503642,-0.167622,-0.226241,-0.558739,-0.153818,-0.072445,-0.29761,-0.419653,-0.121686,-0.150111,0.062529,-0.269257,-0.664992,0.0,-0.499381,0.068232,-0.447087,-0.458155,-0.023909,-0.287446,-0.132844,-0.541295,-0.214088,-0.610851,0.623364,-0.590695,-0.413241,-0.496684,-0.547638,-0.402122,-0.337816,-0.392654,-0.291084,0.30491,0.645847,-0.288839,-0.507947,0.002733,-0.285864,-0.477517,-0.143149,0.049211,0.163363,-0.161932,-0.1093,-0.277827,-0.29761,0.026513,0.333748,-0.151825,-0.609328,0.168236,-0.346888,-0.213144,0.521562,0.251157,-0.532896,0.299077,0.159137,0.092055,-0.081988,0.51508,0.002516,0.209981,0.234632,-0.231627,0.536716,-0.35799,0.192607,0.503142,0.49311,-0.125187,0.297159,0.504199,-0.451854,-0.320861,0.151549,#
1,0.211441,1.0,0.223027,0.200967,0.336248,-0.139868,-0.106438,-0.038661,0.024859,0.085722,-0.324763,0.281335,-0.057901,-0.063167,0.078445,-0.271363,0.017139,0.167302,-0.077664,-0.315519,-0.10249,-0.129779,0.103674,-0.023041,0.050869,-0.043442,-0.092449,0.007567,0.099233,0.039384,-0.206465,0.385137,-0.183815,0.050869,-0.331666,0.309992,0.279426,-0.145389,0.204183,-0.136907,0.219249,0.012007,0.244525,0.0003,-0.288387,-0.220357,0.197085,0.18861,-0.366397,0.091849,-0.316609,-0.453227,0.01889,0.079715,-0.125056,-0.14098,-0.362648,0.070595,-0.467117,0.162941,-0.192395,-0.077511,-0.099732,-0.138226,0.190585,-0.19557,0.039833,0.080635,-0.052749,0.008711,-0.117812,-0.331468,-0.024023,-0.043831,-0.304918,0.00319,-0.04116,-0.137084,-0.183806,-0.408017,-0.030668,-0.532445,-0.287175,0.309129,-0.415635,-0.263897,-0.138083,-0.084644,-0.197363,-0.207241,-0.007854,-0.028786,-0.169078,0.277658,-0.430304,-0.115039,-0.084644,-0.006266,-0.170156,0.19895,0.20865,-0.11116,-0.353534,-0.057148,-0.41993,-0.388588,0.057822,0.163906,0.041323,-0.145796,0.005467,0.281744,-0.179342,-0.11116,0.035206,-0.193055,-0.077882,-0.417794,0.050731,0.011155,-0.292729,-0.006263,-0.41714,-0.217881,0.235367,-0.30855,-0.247222,-0.263429,-0.035185,0.070234,-0.236579,0.077239,-0.095996,0.067284,-0.042791,-0.163567,0.0,-0.163567,-0.132476,-0.114688,0.062372,0.411302,0.059226,-0.278085,-0.13357,-0.637547,-0.115918,0.215857,-0.357338,-0.033413,-0.301726,-0.105286,-0.030668,0.025118,-0.030685,-0.106599,-0.036774,0.145431,-0.10686,-0.200576,0.11808,0.06326,-0.097332,-0.17645,-0.011007,0.133104,0.169343,-0.280374,-0.350199,0.070234,-0.058815,0.064985,-0.197363,-0.045867,0.046877,0.031753,-0.241913,0.118393,0.138382,-0.225243,0.275118,-0.162811,-0.038057,-0.111095,0.077726,-0.264065,0.143304,-0.081179,-0.302235,0.208737,-0.064118,0.08995,0.120954,0.191759,-0.203011,0.214916,-0.056761,-0.468911,-0.074901,-0.146065,#
2,-0.050211,0.223027,1.0,0.306472,-0.104786,-0.328025,-0.261267,-0.329695,0.020321,0.235134,-0.052451,0.047806,-0.185204,0.002155,-0.262745,-0.148856,-0.050335,0.26827,-0.113311,-0.20466,-0.121249,-0.151553,0.153483,0.178782,0.100117,-0.382497,0.119757,-0.296202,0.012105,0.031507,-0.130814,-0.074089,0.007402,-0.04071,-0.045033,0.117562,-0.262235,0.067568,-0.118587,-0.177344,0.13631,0.016183,0.015544,0.052735,0.37451,-0.567585,-0.008439,0.250061,-0.119362,0.198637,-0.245146,0.027396,-0.151972,0.353377,-0.083316,-0.371417,-0.064937,-0.118551,0.12612,0.195351,-0.329156,0.238716,-0.18394,-0.339529,0.251427,0.090514,-0.152198,-0.107697,-0.136313,0.273771,0.050575,0.131706,-0.001413,0.196017,-0.127232,0.231882,-0.141811,0.008378,0.100447,-0.134344,-0.110826,-0.05046,-0.240384,0.652801,0.033794,-0.206217,0.185384,-0.055034,-0.31984,-0.147855,-0.00111,-0.461869,0.102323,-0.057414,-0.200194,0.367826,0.120409,0.107261,-0.142326,0.132566,-0.175912,0.038321,0.020528,0.131125,-0.145247,-0.116789,0.131147,0.126117,0.026259,0.483279,0.347995,0.349958,0.113794,0.02585,0.1711,-0.119949,-0.055034,-0.146371,0.072399,0.230126,-0.280042,-0.058039,0.01886,0.08151,0.024124,0.041032,-0.055884,0.085805,0.239569,0.190712,0.278418,0.027194,0.021855,0.237384,0.265431,-0.058939,0.0,0.130321,0.133114,-0.243716,0.039922,0.579662,0.166012,-0.326711,-0.149231,0.15977,0.03762,-0.133926,-0.218321,0.205445,-0.179948,0.373028,0.185695,-0.204441,-0.138644,0.055487,-0.234755,0.215139,0.095785,0.051474,0.486899,-0.048082,0.424131,0.117182,-0.196199,-0.10365,-0.116919,-0.540996,0.140672,0.045828,0.055079,0.097707,-0.115123,0.088656,-0.159542,0.027935,-0.394355,-0.116089,-0.151366,-0.016544,0.079966,0.032605,-0.137157,-0.105218,-0.508904,0.138866,-0.273628,-0.112462,0.060999,-0.049119,0.337006,-0.050316,-0.127198,-0.08032,-0.257729,0.001921,-0.124607,0.281535,0.268736,-0.583009,#
3,-0.405279,0.200967,0.306472,1.0,-0.137422,0.003035,-0.388714,-0.243895,-0.429717,-0.100884,-0.02482,-0.33189,-0.328169,0.070873,-0.234414,-0.453545,-0.002297,0.156519,0.019779,0.111873,0.098157,-0.011138,-0.102981,-0.026556,0.1224,-0.170366,0.107321,0.10006,0.035875,-0.01633,0.349181,0.043258,0.198903,-0.101874,-0.13034,-0.322788,-0.34878,0.072464,-0.008193,0.155149,0.336206,-0.018283,0.120958,0.093829,-0.293856,-0.080662,-0.425886,-0.120259,0.090443,-0.122837,-0.21083,0.300603,-0.055889,0.125167,-0.061266,-0.046528,0.10196,-0.308469,0.092311,-0.241452,-0.208997,-0.180775,-0.042415,-0.182748,-0.222254,-0.286055,0.190175,-0.097085,-0.35556,0.302227,-0.138174,0.115109,0.285344,0.359915,0.089202,-0.008841,0.344518,0.099501,0.28491,0.183482,-0.170821,0.136089,0.058732,0.249341,0.199549,0.040239,0.264361,0.21825,-0.053765,0.149031,-0.016026,-0.021119,-0.243687,0.207991,0.192659,0.09227,0.409235,0.484929,0.135018,0.120951,-0.318333,0.064613,0.309276,0.199175,0.0075,-0.046458,0.587758,0.105691,0.254597,0.144353,0.375861,0.22369,-0.218825,-0.14686,0.279224,0.143614,0.402146,0.170782,0.123208,0.317018,0.071933,-0.039156,0.377737,0.121807,0.219886,0.282162,-0.003191,0.130615,0.262083,0.238151,-0.018095,0.235175,-0.144264,-0.103247,0.194816,0.279252,0.0,0.300157,-0.1494,0.236061,0.053515,0.494696,0.315179,-0.277644,0.240387,-0.034597,0.247,-0.179868,0.144817,0.34659,0.241174,0.449583,0.178731,0.12579,0.32432,0.25298,-0.193481,-0.298515,0.445148,0.14449,0.396677,0.290332,0.062907,0.156055,-0.187578,-0.307873,0.197504,-0.287692,0.134535,0.252156,-0.316288,-0.312325,0.193696,0.372412,-0.086554,0.326791,-0.008228,-0.150586,-0.106342,0.471649,-0.37634,-0.041251,-0.173028,-0.395114,-0.091664,-0.233884,-0.187565,-0.236868,-0.028369,-0.236312,0.575756,-0.293081,-0.148306,-0.285979,-0.070554,-0.169302,-0.310309,0.077296,-0.169405,-0.05509,#
4,0.66916,0.336248,-0.104786,-0.137422,1.0,0.015725,0.382313,-0.200875,0.423774,0.283035,-0.004743,0.22131,0.45384,0.284122,0.07238,0.060536,0.077215,-0.138283,0.129445,-0.332235,-0.249466,0.095058,0.268999,-0.435723,-0.301747,-0.149437,-0.238792,-0.128101,0.367394,0.186798,-0.338607,0.033707,-0.360496,-0.012496,-0.3613,0.299268,0.390318,-0.207616,0.156945,-0.120103,0.314279,-0.271281,-0.030313,0.162434,-0.226701,-0.063043,0.155908,0.32281,0.265366,0.185552,0.050831,-0.476466,0.042098,0.097451,-0.002832,-0.333414,-0.398113,0.569616,-0.274323,-0.010909,0.324314,-0.142142,-0.262476,-0.03364,0.372903,0.332345,0.022695,0.22393,0.224371,0.011168,-0.200425,-0.730208,0.366616,-0.77382,-0.333305,0.518851,-0.449348,-0.627373,-0.43234,-0.18959,-0.273683,-0.756254,-0.477536,-0.330323,-0.381126,-0.555538,-0.633337,-0.540189,-0.230987,-0.294671,-0.198669,-0.28739,-0.342104,-0.043152,-0.546457,-0.425118,-0.555467,-0.426095,-0.246791,-0.290632,0.28178,-0.421715,-0.420367,-0.506302,-0.514196,-0.59015,-0.249881,-0.21833,-0.327031,-0.034063,0.097996,0.076612,-0.42449,-0.412323,-0.496864,-0.236144,-0.385585,-0.5338,0.010177,-0.39449,-0.274822,-0.263952,-0.363076,-0.34093,-0.07083,-0.157633,-0.663784,-0.127025,-0.31028,-0.098418,-0.35022,-0.09746,-0.519233,0.252434,-0.382932,-0.521245,0.0,-0.68205,-0.046347,-0.477536,-0.437924,0.105126,-0.136198,-0.168707,-0.488129,-0.351196,-0.431415,0.678085,-0.560991,-0.458744,-0.503532,-0.494738,-0.292504,-0.352225,-0.28934,-0.269652,0.181348,0.682048,-0.315029,-0.597028,-0.088401,-0.31627,-0.533869,-0.253233,-0.103636,0.337163,-0.250957,-0.357344,-0.319619,-0.098418,0.150445,0.077113,-0.416007,-0.556618,0.225973,-0.253498,-0.339661,0.510798,0.334895,-0.417602,0.356307,0.117099,0.054273,0.184916,0.478614,-0.149971,0.407982,-0.120844,-0.331283,0.542323,-0.198939,0.12766,0.492044,0.581508,0.046004,0.305583,0.495293,-0.473148,-0.329735,0.274754,#
5,-0.180397,-0.139868,-0.328025,0.003035,0.015725,1.0,0.302878,0.418964,-0.002988,-0.239886,0.103724,-0.086401,-0.459519,0.383306,0.297161,0.159349,0.059418,-0.167101,0.012283,0.020638,0.403142,0.20259,-0.209296,-0.547188,0.018984,0.132524,0.096164,0.078695,-0.242373,0.067506,0.182502,0.351897,0.351714,-0.181517,-0.305214,-0.301195,-0.07971,-0.029611,0.234765,0.0246,-0.174245,-0.10955,0.212553,0.144701,-0.135974,0.185416,-0.278767,-0.184156,0.046055,-0.070415,0.298908,0.083999,0.208047,-0.057642,-0.012935,0.303398,0.224535,0.21992,-0.056807,0.361515,0.234086,-0.099411,-0.215534,0.481961,-0.058843,-0.064405,-0.301191,0.480519,0.037678,-0.132515,-0.049743,-0.128318,0.338975,0.097177,-0.030561,-0.09243,0.266626,0.128078,-0.428997,0.174681,0.094893,-0.090467,0.099888,-0.215835,-0.007309,0.191519,-0.036305,0.041148,0.037121,-0.054249,0.125326,0.103564,-0.010642,-0.275931,0.030743,0.058278,-0.131026,-0.258053,0.057232,0.005085,-0.127567,-0.093718,0.048785,-0.212471,0.176822,-0.149215,-0.191172,-0.42908,-0.049643,-0.48319,-0.269147,-0.008962,-0.099265,-0.100442,-0.031287,0.049111,0.201024,-0.329632,-0.18386,-0.058554,-0.093718,0.219596,0.011239,-0.127122,-0.246615,0.144115,-0.041415,0.013435,-0.130234,-0.264158,-0.027929,-0.269313,-0.295846,-0.082741,-0.035247,-0.16973,0.0,-0.163083,-0.14163,0.266545,-0.119576,-0.13134,-0.257297,-0.321868,-0.192182,0.099612,0.069352,0.026562,0.401675,-0.225603,-0.109109,0.08566,-0.057758,0.168096,-0.057789,-0.257347,0.173052,-0.155131,-0.068593,-0.131917,-0.239704,-0.27406,0.205227,0.075764,-0.08013,0.353247,0.402128,0.293321,-0.075174,0.07372,0.052504,-0.130501,0.048159,0.138623,0.193431,-0.139715,-0.039678,0.019398,0.031231,0.062087,0.137412,-0.066666,0.114464,0.203351,0.249204,-0.210454,0.184248,-0.208272,0.24794,0.04834,0.007348,0.057146,0.027391,-0.345536,0.243128,0.168057,0.031461,-0.046794,-0.071001,0.288607,#
6,0.460879,-0.106438,-0.261267,-0.388714,0.382313,0.302878,1.0,-0.102356,0.719893,-0.078536,0.34203,0.525564,0.13005,-0.181366,0.227611,0.404643,-0.065433,-0.386706,0.048625,-0.194277,-0.116904,0.147895,0.150509,-0.596584,-0.177238,-0.209571,-0.260572,-0.270806,0.297524,0.275838,-0.434535,-0.07851,-0.027859,-0.336607,-0.108391,0.116142,0.088434,-0.088056,-0.113286,0.324595,0.108283,-0.284738,-0.470328,-0.230807,-0.095178,0.207827,-0.028368,0.107786,0.236714,0.445951,0.385306,-0.17822,0.115138,0.165523,0.291485,0.037132,-0.026942,0.34652,0.089205,0.197561,0.280062,-0.349506,-0.085465,0.25955,0.182246,0.088033,-0.152973,0.205112,0.314662,-0.280248,0.100352,-0.370773,0.219052,-0.452503,-0.475921,0.234106,-0.297321,-0.287515,-0.548347,-0.318455,-0.29157,-0.387129,-0.404571,-0.376301,-0.34526,-0.058541,-0.444141,-0.371771,-0.310985,-0.294064,-0.240365,-0.293893,-0.203438,-0.365935,-0.539768,-0.135779,-0.208794,-0.867844,-0.167225,-0.197812,-0.003893,-0.436826,-0.328386,-0.551153,0.029822,-0.128677,-0.302279,-0.20595,-0.628685,-0.02529,-0.256364,-0.097495,-0.233806,-0.443412,-0.296125,-0.648021,-0.374606,-0.306721,-0.142703,-0.501025,-0.281318,-0.384277,-0.156005,-0.514719,-0.364807,-0.15206,-0.375522,-0.256915,-0.28113,-0.621837,-0.429339,-0.300777,-0.386517,-0.093135,-0.449851,-0.3561,0.0,-0.540929,-0.089966,-0.241331,-0.297245,-0.083857,-0.584095,-0.219121,-0.447388,-0.049409,-0.622805,0.586541,-0.052729,-0.616935,-0.37253,-0.547912,-0.618292,-0.219716,-0.615391,-0.621837,0.132376,0.351121,-0.082864,-0.648021,-0.156199,-0.403677,-0.194818,-0.231496,-0.068367,0.525774,0.038246,0.306287,-0.027743,-0.464328,0.237065,0.148695,0.046612,-0.443736,0.425844,-0.696384,-0.220563,0.544927,0.267918,-0.113831,0.548307,0.580404,0.211928,0.20802,0.647754,0.098537,0.063033,-0.178272,-0.007345,0.511834,-0.141438,0.293414,0.540267,0.268305,-0.371411,0.406109,0.698748,-0.394538,-0.329014,0.359396,#
7,-0.118038,-0.038661,-0.329695,-0.243895,-0.200875,0.418964,-0.102356,1.0,-0.004389,-0.264159,-0.329161,-0.301227,-0.219501,0.145889,0.267164,-0.261631,-0.008289,0.01163,0.09849,0.085722,0.114594,0.246681,-0.240261,-0.221923,0.217842,0.382099,0.092099,0.366599,-0.552702,-0.159738,0.122404,0.420576,0.500551,0.181785,-0.163503,0.06631,0.121059,0.062141,0.251707,-0.128557,-0.322266,0.005392,0.425471,0.043402,-0.12377,0.079665,0.053418,-0.256596,-0.311744,-0.12571,0.083244,0.105842,0.076577,-0.061886,0.072263,0.296519,0.297536,0.078851,-0.099215,0.165333,0.021512,0.197262,-0.119443,0.326668,0.008337,0.039026,-0.035404,0.183878,-0.037448,-0.342227,-0.072127,0.183394,-0.028935,0.147721,0.246796,-0.388104,0.341677,0.235056,-0.008587,0.338013,0.341677,0.184676,0.2866,-0.084185,0.15206,0.282794,0.220032,0.282943,0.184208,0.147447,0.050526,0.328827,0.197479,0.09004,0.465448,0.25338,-0.099705,0.188406,0.239798,-0.063293,-0.060064,-0.067327,0.045277,0.105988,0.141706,0.029391,-0.153167,-0.01772,0.048886,-0.375714,-0.237534,-0.045205,0.195571,0.250797,0.050309,0.257938,0.282943,-0.060747,0.04373,0.026852,-0.067327,0.377619,-0.052631,-0.017908,-0.033854,0.246796,0.302176,-0.374966,0.089447,0.063746,0.203114,0.059557,0.143907,-0.066457,0.199277,-0.00817,0.0,0.198641,-0.08043,0.2866,0.059452,-0.177223,-0.115022,0.126073,0.039753,-0.105808,0.447253,-0.268074,0.369037,0.1478,0.145723,0.149388,0.341677,0.210924,0.341863,-0.054415,0.039075,-0.215445,-0.104516,0.183301,0.109523,0.010199,0.102411,0.013569,0.371975,0.005317,0.197188,0.231299,-0.130214,0.45311,-0.151967,-0.007774,0.17243,0.1956,-0.252594,0.051721,0.117651,-0.189443,-0.040681,-0.015984,-0.248462,-0.317612,-0.032334,-0.13486,-0.057382,0.105259,-0.044,0.260519,0.082493,-0.293599,-0.055364,-0.027653,-0.241246,-0.307491,0.094498,0.092805,-0.364915,-0.09092,0.178586,-0.140913,#
8,0.661879,0.024859,0.020321,-0.429717,0.423774,-0.002988,0.719893,-0.004389,1.0,-0.058778,0.043028,0.464182,0.327104,-0.157515,0.261096,0.104355,-0.092867,-0.039312,-0.004083,-0.34859,-0.266373,0.009927,0.362691,-0.314274,0.121628,-0.364672,-0.072847,-0.295187,0.240986,0.104925,-0.466509,-0.100643,-0.020027,-0.040616,-0.30779,0.128674,0.410466,-0.307115,0.085971,0.016729,0.133309,-0.433646,-0.131954,-0.12399,-0.075847,0.155509,0.285887,0.27171,0.252253,0.392749,0.293774,-0.20723,-0.116539,0.113265,0.273051,-0.072319,-0.060167,0.390298,0.074395,0.121901,0.075499,-0.115195,-0.395013,0.246639,0.175641,0.380659,0.021202,0.055822,0.327686,-0.0343,0.157428,-0.371867,0.010839,-0.50079,-0.349375,0.093647,-0.343154,-0.168337,-0.421112,-0.182464,-0.166052,-0.427161,-0.275357,-0.080773,-0.209035,-0.097003,-0.486866,-0.415902,-0.181168,-0.34019,-0.268778,-0.340352,-0.078306,-0.075208,-0.418626,-0.007435,-0.40941,-0.585381,-0.199145,-0.227515,-0.075307,-0.597848,-0.362745,-0.429783,-0.001182,-0.11338,-0.332837,-0.035319,-0.504895,0.273529,-0.067726,0.068896,-0.100144,-0.32257,-0.176672,-0.642092,-0.578212,-0.343558,-0.008681,-0.544395,-0.439535,-0.415061,-0.190863,-0.614488,-0.38303,-0.019672,-0.251788,-0.270238,-0.106705,-0.502827,-0.09665,-0.174519,-0.231351,-0.073671,-0.306893,-0.405371,0.0,-0.421204,0.143391,-0.441542,-0.319994,-0.115891,-0.578751,-0.230585,-0.490739,-0.105908,-0.504515,0.474432,-0.246147,-0.497781,-0.40447,-0.396506,-0.336934,-0.257935,-0.333822,-0.611865,0.143371,0.545353,-0.282718,-0.526161,0.120726,-0.27005,-0.23543,-0.096448,-0.103446,0.229842,-0.176982,-0.05873,-0.207094,-0.342477,0.085984,0.360686,-0.007909,-0.478366,0.116137,-0.55476,-0.09077,0.569775,0.184871,-0.323968,0.43862,0.445908,0.163292,-0.051939,0.495083,0.036927,-0.203922,0.056448,-0.293476,0.52418,-0.011895,0.141157,0.505845,0.285215,-0.398178,0.111177,0.556207,-0.431555,-0.162097,0.012241,#
9,0.073678,0.085722,0.235134,-0.100884,0.283035,-0.239886,-0.078536,-0.264159,-0.058778,1.0,-0.1873,-0.071331,0.103939,0.12312,-0.412888,-0.169743,-0.358261,0.424335,-0.223741,0.032516,0.11847,-0.215162,0.228642,-0.00977,0.230496,0.020139,-0.076469,-0.116156,0.067261,0.462142,0.097987,-0.226659,-0.220841,0.25051,-0.193168,0.488605,0.175326,-0.257398,-0.089128,-0.070405,0.060882,0.165432,0.154115,0.355458,0.323839,-0.394214,-0.032689,0.519903,0.13941,0.088126,-0.241973,-0.352757,-0.044237,-0.118226,-0.244725,-0.54188,-0.031242,-0.092284,0.05387,-0.037052,-0.116327,0.152197,0.050167,-0.499614,0.121638,0.088732,-0.034924,0.304126,-0.064506,-0.059368,-0.056151,-0.356327,-0.058658,-0.170041,0.183778,0.334851,-0.343497,-0.447083,-0.032589,0.088233,-0.004589,-0.203968,-0.162654,-0.151167,-0.096708,-0.394118,-0.131011,-0.066561,-0.114238,-0.030225,-0.182704,0.137719,-0.274963,0.265535,-0.239041,-0.050458,-0.079168,-0.032589,0.308148,0.008909,-0.279669,-0.066719,0.132522,0.180387,-0.241392,-0.291608,0.132726,-0.138598,0.193558,0.049606,0.544727,0.26139,-0.042427,-0.229459,-0.134997,0.058902,-0.072865,-0.263394,0.365112,-0.253679,-0.063273,0.123103,-0.076972,0.224696,-0.276182,-0.113391,-0.160562,-0.281086,-0.262622,0.279372,-0.111293,0.106457,0.166988,0.8207,-0.128832,0.042122,0.0,-0.112315,0.27533,-0.323438,0.123138,0.060155,0.327616,0.079542,0.026268,0.027045,0.103675,0.266625,-0.335914,0.148061,-0.58299,-0.181693,0.142484,-0.12357,-0.190132,0.279372,0.276702,0.173371,-0.153515,0.069624,0.07288,0.146058,-0.057092,0.321758,-0.048839,0.270324,-0.465847,-0.380507,-0.038786,-0.066973,0.250182,-0.181915,-0.292342,-0.486411,0.167959,0.116722,-0.005322,-0.060874,0.271012,-0.136575,0.046645,-0.285178,-0.487463,0.318998,-0.19574,0.051856,0.087668,-0.292295,-0.459331,0.234266,-0.076813,-0.207866,-0.063761,0.126167,0.130506,-0.092083,-0.05946,0.186267,0.334213,-0.217691,#
10,-0.072583,-0.324763,-0.052451,-0.02482,-0.004743,0.103724,0.34203,-0.329161,0.043028,-0.1873,1.0,0.065789,-0.100216,-0.089854,0.319613,0.269623,-0.09697,-0.407836,-0.040198,0.00334,-0.044559,0.099306,-0.101633,-0.063783,-0.324532,0.195883,-0.06828,-0.002211,0.367312,-0.034273,-0.140855,-0.191411,-0.329169,-0.154134,0.246061,-0.155189,-0.311013,0.186152,0.031984,0.275804,-0.244521,-0.000576,-0.464164,-0.058374,0.148252,0.241481,-0.245203,-0.189153,0.408117,-0.016047,0.282145,0.170053,0.100845,0.422432,0.241509,0.189904,-0.044682,-0.056594,0.135315,0.058983,0.171199,-0.019174,-0.018592,-0.036235,0.000433,-0.023715,-0.174834,-0.018301,-0.231557,-0.147602,-0.037499,-0.057382,0.212862,-0.070306,-0.253075,0.2965,-0.074718,0.088595,-0.170833,-0.255276,-0.329318,0.148448,-0.185761,-0.06767,-0.1122,0.057986,0.086719,-0.158709,-0.041416,-0.227792,0.042974,-0.378985,0.357698,-0.469299,-0.006453,0.11745,0.01795,-0.342975,-0.445786,-0.200023,-0.066307,0.122392,-0.270251,-0.300429,0.248107,0.137427,-0.230055,-0.228185,-0.243836,0.116594,-0.184231,-0.117772,-0.174264,0.115621,-0.238863,-0.22433,-0.307321,0.077737,-0.339276,-0.168751,0.173551,-0.320733,0.23761,0.06126,0.172811,-0.030243,0.043026,0.285505,-0.150598,-0.383864,0.150949,-0.561489,-0.328214,-0.348671,-0.045103,0.037215,0.0,-0.152803,0.063159,0.140016,-0.220186,0.09079,-0.318421,-0.13738,-0.075563,0.123935,-0.386728,-0.037935,0.325912,-0.395438,0.049166,-0.12986,-0.395463,-0.312747,-0.401593,-0.231459,-0.170464,0.152513,0.144671,-0.22433,-0.057092,-0.315491,0.184854,-0.170377,-0.268755,0.009675,0.00973,0.167783,0.265778,-0.665434,0.181639,-0.271123,0.018279,-0.040153,0.295643,-0.301979,-0.310139,0.177935,-0.082139,-0.007666,0.023759,0.503624,0.176433,0.434149,-0.030002,0.089233,0.002177,-0.095135,0.428148,0.256476,-0.076659,0.526684,0.169514,-0.118894,-0.144606,0.067269,0.335134,-0.003108,-0.07117,0.323179,#
11,0.438341,0.281335,0.047806,-0.33189,0.22131,-0.086401,0.525564,-0.301227,0.464182,-0.071331,0.065789,1.0,0.122348,-0.566366,0.042171,0.477729,0.212041,-0.298389,-0.197393,-0.300599,-0.071156,0.001611,-0.012564,-0.116197,-0.018508,-0.177074,-0.192257,-0.479498,0.420843,0.300047,-0.570168,-0.110317,-0.278214,-0.018508,-0.039923,0.171786,-0.083273,-0.154435,-0.038804,0.091556,0.078274,-0.308998,-0.385639,-0.301973,-0.050569,0.118079,-0.005189,0.190434,-0.071032,0.210279,0.180231,-0.430357,-0.098088,0.301232,0.132921,0.172344,-0.345624,0.005327,-0.183681,0.2929,-0.132631,-0.2263,0.089055,0.19439,0.140822,-0.282746,-0.178251,-0.050197,0.172373,-0.135192,-0.053005,-0.171521,0.021963,-0.291665,-0.453408,0.27068,-0.288827,0.063936,-0.516146,-0.616458,-0.40026,-0.34804,-0.344759,-0.007769,-0.294311,-0.300924,-0.427235,-0.520397,-0.173807,-0.126189,-0.076886,-0.125771,-0.051229,-0.36375,-0.693904,0.021398,-0.184976,-0.684016,-0.452132,0.006412,0.355671,-0.240992,-0.437886,-0.418211,-0.252353,-0.277825,-0.181602,0.098005,-0.453408,0.0203,-0.377929,-0.186702,-0.35854,-0.309131,-0.10158,-0.469677,-0.200825,-0.252547,-0.398147,-0.037497,-0.351004,-0.354785,-0.277984,-0.246522,-0.136618,-0.402551,-0.23593,-0.131644,-0.149015,-0.32062,-0.362505,-0.315697,-0.279195,-0.052335,-0.362438,-0.20028,0.0,-0.552492,-0.155043,-0.344759,-0.146266,0.177045,-0.403646,-0.160464,-0.422342,-0.305975,-0.485877,0.333918,-0.341543,-0.620798,-0.262958,-0.467882,-0.29855,-0.220114,-0.454353,-0.595913,-0.03126,0.168409,-0.008155,-0.351204,-0.17371,-0.274767,-0.19784,-0.369429,-0.294793,0.222101,0.068591,0.081735,0.171546,-0.432048,0.227826,0.081257,-0.099235,-0.181287,0.338826,-0.455731,-0.244867,0.218634,-0.034196,-0.297966,0.736932,0.2223,0.446563,0.24324,0.41758,-0.310066,0.08457,0.025465,0.077057,0.541859,-0.094293,0.539343,0.493642,0.194323,-0.275633,0.374843,0.544688,-0.187516,-0.244909,0.245593,#
12,0.569622,-0.057901,-0.185204,-0.328169,0.45384,-0.459519,0.13005,-0.219501,0.327104,0.103939,-0.100216,0.122348,1.0,0.004657,-0.040793,0.145195,0.037443,0.054175,0.142599,-0.139926,-0.393649,0.068706,0.373638,-0.054542,-0.109126,-0.156215,-0.093816,-0.057694,0.368417,-0.041359,-0.35708,-0.337226,-0.28295,0.047428,0.120491,0.39383,0.419252,-0.300166,-0.071516,0.026509,0.189526,-0.188231,-0.04664,-0.168174,0.140453,0.097404,0.513637,0.134146,0.055227,0.204118,-0.107612,-0.40872,0.137314,0.006895,0.279822,-0.115806,-0.134852,0.328496,0.200512,-0.239031,0.326869,0.241666,-0.093822,0.009412,0.136744,0.38165,0.118194,-0.278832,0.287305,-0.083884,0.139415,-0.41981,-0.217778,-0.380306,-0.078593,0.230377,-0.387063,-0.522413,-0.151522,-0.230122,-0.056051,-0.313389,-0.314228,-0.310558,-0.066473,-0.308155,-0.374208,-0.302154,-0.086131,-0.079963,-0.25399,-0.237123,-0.282831,0.016108,-0.148869,-0.560019,-0.302154,-0.145298,-0.069884,-0.433712,0.406954,-0.238979,-0.417252,-0.323983,-0.375539,-0.080851,-0.16837,0.138602,-0.222406,0.166755,-0.027904,-0.120667,0.021922,-0.229619,-0.377764,-0.269147,-0.619375,-0.06429,0.256844,-0.269615,-0.09558,-0.459532,-0.226369,-0.131917,-0.09231,-0.231601,-0.500284,-0.074811,-0.233271,-0.242312,-0.131423,-0.072874,0.119719,0.099813,-0.314731,-0.32379,0.0,-0.150947,0.057369,-0.638478,-0.561826,-0.235292,-0.004942,0.269996,-0.39303,-0.178495,-0.405474,0.552799,-0.615874,-0.224948,-0.056323,-0.42665,-0.22781,-0.152636,-0.074481,-0.087587,0.212115,0.404521,-0.482016,-0.269147,-0.194191,-0.184505,-0.443056,-0.306663,0.19121,-0.031118,-0.421561,-0.015535,-0.361326,-0.242312,0.27196,0.385017,-0.086131,-0.322042,0.135137,-0.063199,0.001289,0.626711,0.240682,-0.561875,0.117854,0.159543,0.10727,0.012496,0.338453,0.118807,0.321765,0.073585,-0.300241,0.228132,-0.381813,0.034424,0.449831,0.625198,0.023985,0.198868,0.451978,-0.320452,-0.279587,0.054814,#
13,0.010388,-0.063167,0.002155,0.070873,0.284122,0.383306,-0.181366,0.145889,-0.157515,0.12312,-0.089854,-0.566366,0.004657,1.0,-0.024919,-0.033952,0.037925,0.248702,0.284878,-0.126935,0.113388,-0.016091,0.225623,-0.204461,-0.264685,-0.141217,0.082419,0.400206,-0.188547,-0.218694,0.309422,0.27315,0.022458,-0.147205,-0.260867,-0.120095,0.207446,0.047577,0.139463,-0.432995,0.017024,0.082493,0.445163,0.371971,0.083935,-0.161013,0.260084,0.251471,0.04519,-0.16948,-0.05903,0.173039,0.132484,-0.221785,-0.327765,-0.210843,0.277956,0.403663,-0.091244,-0.199128,0.256565,-0.002543,-0.148482,0.037641,0.043693,0.3914,0.113548,0.288873,0.131763,0.140541,0.048631,-0.262753,0.047634,-0.04291,0.117087,0.156885,0.116076,-0.349758,0.03043,0.303469,0.122266,-0.118076,0.042336,0.026607,0.128195,0.024565,-0.040927,0.040011,0.115773,-0.208637,0.183391,-0.045854,0.030949,0.051077,0.192954,-0.214923,-0.140159,0.200048,0.152692,-0.161682,0.144511,0.109255,0.142202,0.02354,-0.030062,-0.061934,-0.119709,-0.405068,0.268196,-0.146039,0.085605,0.166609,0.21342,0.118522,-0.05523,0.294519,-0.118625,-0.212107,0.29842,-0.088018,0.087386,0.19668,-0.027857,0.06142,0.044216,0.135657,-0.306559,0.132658,-0.11576,0.104114,0.077125,0.105332,-0.026935,0.26364,0.228556,-0.312806,0.0,0.036377,0.18904,0.042336,-0.217642,-0.019019,0.20377,-0.27951,-0.05655,0.303956,0.108563,0.082797,-0.097627,0.268336,-0.218353,0.168395,-0.041581,0.038067,0.113225,0.270428,0.202963,0.304708,-0.290394,-0.061535,-0.065219,-0.173289,0.204992,0.2205,0.210499,0.14394,0.128903,-0.130721,-0.35262,0.279814,-0.041807,0.177402,-0.235522,-0.123294,-0.186558,0.14257,0.01848,-0.026819,0.033214,-0.152534,-0.225161,-0.22459,-0.211105,0.099404,-0.090824,-0.007628,0.275169,-0.13187,0.000112,-0.091745,-0.041516,-0.275571,-0.032676,0.126375,0.363613,-0.102412,-0.027477,0.066216,0.142608,0.034863,#
14,-0.015121,0.078445,-0.262745,-0.234414,0.07238,0.297161,0.227611,0.267164,0.261096,-0.412888,0.319613,0.042171,-0.040793,-0.024919,1.0,0.080689,-0.035425,-0.205584,-0.152228,-0.190551,-0.112645,0.428158,0.13449,0.046397,-0.019329,0.299862,0.039231,0.116057,0.089278,-0.072891,-0.13931,0.420058,-0.026184,0.122927,-0.301037,-0.132316,0.110648,-0.229904,0.601722,0.306851,-0.364067,0.218925,0.179613,-0.187089,-0.268535,0.477034,0.083157,-0.237157,-0.042675,-0.099976,0.357897,-0.018322,-0.123108,-0.072546,0.135338,0.316948,-0.090942,0.496557,-0.403495,0.378913,0.366023,0.104587,-0.277778,0.615529,0.354561,0.294139,-0.383704,0.012716,0.007405,-0.010653,0.144733,-0.043351,0.231169,-0.141068,-0.447174,-0.139986,-0.13698,0.181068,-0.211253,-0.290658,-0.121439,-0.215063,-0.228097,-0.033109,-0.304925,-0.058966,-0.142991,-0.373933,-0.113552,-0.284023,-0.186027,-0.128619,0.294922,-0.035996,-0.057793,-0.119147,-0.36182,-0.220607,-0.490671,-0.086124,-0.024745,0.046654,-0.477812,-0.198774,0.031373,0.231475,-0.284391,-0.066518,-0.134167,-0.160001,-0.402649,-0.095748,-0.203108,0.212222,-0.285227,-0.122354,-0.36182,-0.134309,-0.283252,-0.164995,-0.118915,-0.198914,-0.133849,-0.321271,0.176238,-0.124769,0.130274,-0.17187,-0.354238,-0.436912,0.29702,-0.442045,-0.359569,-0.426698,-0.243237,-0.211168,0.0,-0.211168,0.248922,-0.073606,-0.117836,-0.23545,-0.411258,-0.132485,-0.288878,-0.312275,-0.281702,0.015631,0.108469,-0.437532,0.011073,0.012935,-0.275044,-0.202922,-0.127652,-0.452564,-0.078755,0.227716,-0.40386,-0.300656,-0.10422,-0.228092,-0.030476,-0.365628,-0.20347,0.050559,-0.129949,0.245396,-0.206477,-0.278529,0.061525,0.03855,-0.312066,0.089141,0.104675,-0.319875,-0.203849,0.36605,0.002863,-0.261822,0.190862,0.411519,0.20181,0.238323,0.156925,0.133115,0.119278,0.13402,0.22827,0.18031,-0.290658,0.431248,0.040037,0.042495,-0.068624,-0.051974,0.202549,-0.369472,0.079707,-0.035654,#
15,0.162194,-0.271363,-0.148856,-0.453545,0.060536,0.159349,0.404643,-0.261631,0.104355,-0.169743,0.269623,0.477729,0.145195,-0.033952,0.080689,1.0,0.2953,-0.408407,0.27597,-0.045504,0.032995,0.133054,-0.182016,0.018884,-0.557058,-0.069748,-0.313872,-0.176379,0.115477,0.040072,-0.295568,-0.070242,-0.303914,-0.222823,0.376274,-0.123568,-0.138548,0.355697,-0.271369,-0.002515,-0.016114,-0.050524,-0.380729,-0.160222,0.218993,0.263647,0.027791,-0.060429,0.09538,-0.077803,0.247298,0.004976,0.132389,0.001305,-0.218397,0.10436,-0.11271,0.11129,-0.094024,0.039888,0.140768,-0.124441,0.216667,0.272403,0.279601,-0.121501,-0.143213,-0.07838,0.203034,-0.069413,-0.005718,-0.049527,-0.021126,-0.144079,-0.333317,0.21192,-0.306328,-0.134939,-0.239449,-0.341124,-0.250162,-0.07505,-0.245656,-0.184885,-0.019984,-0.014198,-0.303452,-0.379536,-0.15932,0.006316,0.221757,-0.147478,0.267898,-0.555016,-0.241061,-0.163185,-0.069934,-0.56791,-0.344498,-0.034947,0.421397,0.033479,-0.345402,-0.075094,0.017157,0.036053,-0.508342,-0.08094,-0.167028,-0.03893,-0.472507,-0.380024,-0.065216,0.026708,-0.149469,-0.170545,-0.07904,0.015613,-0.438322,0.074389,-0.091032,-0.080141,-0.00526,0.120815,-0.036114,-0.283061,-0.231045,0.376877,-0.196,-0.166881,-0.089314,-0.159063,-0.179767,-0.149164,-0.090644,-0.233892,0.0,-0.3923,-0.270219,-0.077835,0.008093,-0.269564,-0.277657,-0.040936,-0.305415,0.251714,-0.331617,0.265793,-0.218876,-0.319204,0.010214,-0.191118,-0.328499,-0.230012,-0.482479,-0.328809,-0.036214,0.037126,-0.093248,-0.170545,-0.630305,-0.274787,0.101084,-0.255537,-0.005188,0.255967,0.080809,0.264546,0.114289,-0.276992,0.239275,0.262513,-0.278296,0.087164,0.229445,-0.358325,-0.074747,0.096481,-0.347535,-0.269033,0.408138,0.233739,0.405083,0.519279,0.318435,-0.062429,0.407682,0.116541,0.51169,0.138472,-0.334384,0.441945,0.415971,0.246972,-0.019582,0.284213,0.579583,0.078839,-0.226461,0.187524,#
16,0.037711,0.017139,-0.050335,-0.002297,0.077215,0.059418,-0.065433,-0.008289,-0.092867,-0.358261,-0.09697,0.212041,0.037443,0.037925,-0.035425,0.2953,1.0,-0.500343,0.043291,-0.404302,-0.341795,-0.082387,-0.153742,0.132655,-0.24339,-0.256129,-0.173425,-0.132274,0.047081,-0.157514,-0.036524,0.294596,-0.023236,-0.27751,0.036334,-0.415966,-0.301556,0.159296,-0.325107,-0.089736,-0.108038,-0.020859,-0.101045,0.024009,-0.023446,0.081446,0.036645,-0.216364,-0.075852,0.223023,0.219954,0.046924,0.076622,0.07584,0.188383,0.111793,-0.227787,0.064291,-0.156526,0.020031,0.05456,-0.002654,-0.11362,0.39539,-0.006553,-0.202509,0.087279,-0.244671,-0.005886,-0.006921,-0.238918,0.194361,0.153754,-0.321029,-0.352418,0.25548,-0.317496,-0.020587,-0.124438,-0.075204,-0.035474,-0.09848,0.168622,0.279113,-0.205463,-0.111908,0.141182,-0.275616,-0.156904,-0.17805,0.307544,-0.018424,0.090105,-0.442245,-0.091526,-0.138642,0.067418,-0.112079,-0.278235,-0.176721,0.427753,0.01719,-0.090887,-0.078926,-0.220567,-0.324188,0.187002,-0.363691,-0.189229,0.058919,-0.394837,-0.172486,-0.12159,0.176448,-0.198712,0.026601,0.206939,-0.047749,-0.182347,0.408382,-0.164819,0.186909,-0.366639,-0.098974,0.193635,-0.349225,-0.238957,0.298923,-0.089357,-0.01346,-0.152225,-0.189473,-0.10842,-0.195553,0.018497,-0.083605,0.0,-0.402035,-0.467075,0.023183,-0.023383,0.045318,-0.064107,0.251403,-0.196802,-0.052895,-0.157218,0.024629,-0.11627,-0.174334,0.272605,0.084367,-0.169922,-0.258153,-0.170015,-0.343391,-0.36365,0.120108,0.030577,-0.162794,-0.363317,-0.069872,-0.094956,-0.460169,0.050941,0.107614,0.022597,0.074169,0.119483,0.164307,0.256155,0.167379,-0.143466,0.184718,-0.17126,-0.063566,-0.267005,-0.238142,-0.236882,0.064684,-0.005477,-0.212671,0.782706,-0.028985,0.168724,-0.344416,0.13266,0.204429,0.317366,-0.249563,-0.05004,0.209558,0.258338,0.39169,0.212466,0.05926,0.245932,0.188086,-0.299134,0.302924,#
17,-0.006111,0.167302,0.26827,0.156519,-0.138283,-0.167101,-0.386706,0.01163,-0.039312,0.424335,-0.407836,-0.298389,0.054175,0.248702,-0.205584,-0.408407,-0.500343,1.0,-0.113351,0.325738,0.054928,-0.004864,0.462368,0.199979,0.52275,-0.152439,0.352933,0.141207,-0.201671,-0.028074,0.443668,-0.117463,0.204912,0.402012,-0.313283,0.18919,0.443268,-0.378895,0.21259,-0.24209,0.132047,0.175837,0.547025,0.078447,0.046115,-0.276385,0.367309,0.441403,-0.034026,-0.185237,-0.112677,-0.048004,-0.387254,-0.321976,-0.33949,-0.198112,0.075962,-0.016439,0.070091,-0.252771,-0.234191,0.170807,-0.021442,-0.268266,-0.160844,0.160715,0.230082,0.090161,-0.003017,0.346211,0.063585,-0.142018,-0.426631,0.327345,0.432231,-0.278897,0.167526,-0.0691,0.107101,0.213543,0.155084,0.153347,0.079049,0.2241,0.407059,0.041535,-0.126623,0.186355,0.203992,-0.006925,-0.077728,0.210586,-0.238807,0.591183,0.228602,0.07481,0.004368,0.48464,0.288584,-0.006635,-0.248049,-0.119927,0.093638,0.415829,0.019688,0.200342,0.077201,0.291475,0.425408,0.12173,0.499755,0.178981,0.336052,-0.078251,0.24233,0.215742,-0.116298,-0.204236,0.648707,-0.255373,-0.163645,-0.059464,0.203848,0.066637,-0.322817,0.289342,0.021257,-0.25243,0.051067,0.039464,0.169286,0.260514,0.44102,0.468284,0.153078,-0.113315,0.0,0.46142,0.515689,-0.116842,0.098053,0.007777,0.32633,-0.22598,0.045008,0.066076,0.231461,0.017541,-0.21111,0.507666,-0.393685,0.019368,0.339306,0.322053,0.36238,0.41647,0.385727,-0.136705,-0.117539,0.382063,0.373732,0.365902,0.010861,0.717442,0.151717,-0.142049,0.027295,-0.202581,-0.517836,0.084158,-0.188267,0.104231,0.203992,-0.23282,-0.328083,0.503568,0.453767,0.019139,0.254289,-0.102905,-0.250348,-0.139795,-0.686083,-0.266751,-0.275402,0.015008,-0.172552,0.060293,-0.551159,0.157048,-0.0252,-0.441904,-0.121404,-0.242561,-0.040927,-0.382482,-0.298767,0.093543,0.420706,-0.445774,#
18,0.141764,-0.077664,-0.113311,0.019779,0.129445,0.012283,0.048625,0.09849,-0.004083,-0.223741,-0.040198,-0.197393,0.142599,0.284878,-0.152228,0.27597,0.043291,-0.113351,1.0,-0.09785,0.113483,0.104563,-0.104417,-0.130267,-0.669621,-0.31246,-0.274215,0.426822,-0.12397,-0.564499,-0.184018,0.226006,-0.054007,-0.172764,0.172771,0.077127,0.269176,0.63353,-0.205471,-0.163643,0.547248,-0.349199,-0.093223,0.014641,-0.185318,-0.041828,0.138876,-0.279483,0.124769,-0.122084,-0.142997,0.306156,0.329564,-0.048788,-0.242217,-0.317155,0.006259,0.04759,0.08373,-0.267199,0.088233,-0.24554,0.193336,-0.095026,0.020173,0.110881,0.279667,-0.151043,0.166986,-0.031825,-0.112935,0.037279,-0.126428,0.08096,0.028394,-0.16558,0.213894,-0.181216,0.236652,-0.007673,0.022336,0.108396,-0.10814,-0.181408,0.180016,0.15068,-0.001853,0.128743,-0.064953,0.414124,0.286039,0.06847,0.109029,-0.022179,0.123671,-0.111457,-0.027241,0.070091,0.007286,-0.121032,0.193813,0.101742,-0.041017,0.207564,-0.001528,-0.003735,-0.409674,-0.060841,0.180587,-0.0,-0.036691,0.003072,0.111991,0.068599,0.045415,-0.048143,0.114189,0.302005,0.050664,-0.020475,0.111377,-0.090015,0.367247,0.330856,-0.001968,0.19876,-0.173852,0.322169,0.298304,0.233428,0.016295,0.441819,-0.02203,-0.238074,0.403531,-0.024001,0.0,-0.002667,-0.302489,0.053681,-0.069097,-0.06099,-0.119634,-0.033922,0.171592,0.385474,0.074465,0.27274,-0.230221,0.221536,0.092002,0.124562,0.054893,-0.166661,0.046211,-0.060113,0.059749,0.119015,0.046784,-0.219134,-0.104863,0.053261,-0.010022,-0.049592,0.599816,0.022102,0.163456,-0.214666,-0.122257,0.405961,-0.304531,0.501289,0.150994,0.054826,-0.28191,-0.04088,0.052828,0.024278,-0.258365,-0.126431,-0.085949,0.043579,0.01293,-0.056239,0.127997,-0.031127,0.345474,-0.078246,0.054303,-0.313326,-0.014578,-0.039891,0.196072,0.020754,-0.058904,0.160904,0.059168,-0.087015,-0.152605,0.024505,#
19,-0.32237,-0.315519,-0.20466,0.111873,-0.332235,0.020638,-0.194277,0.085722,-0.34859,0.032516,0.00334,-0.300599,-0.139926,-0.126935,-0.190551,-0.045504,-0.404302,0.325738,-0.09785,1.0,0.053458,0.24215,-0.080267,0.086532,0.139338,0.299067,0.314892,-0.062586,-0.327022,0.005356,0.499183,-0.352519,0.376247,0.204737,0.379106,-0.035014,-0.036502,0.161838,-0.130769,-0.037818,0.00541,0.260549,-0.106915,-0.137037,0.023104,-0.07853,-0.088959,-0.002082,0.073898,-0.304172,0.07291,0.094851,-0.299654,-0.210923,-0.208839,0.158849,-0.063801,-0.139414,0.092867,-0.354149,-0.036331,0.134518,0.29084,-0.30231,-0.083424,-0.18294,0.191259,0.165306,-0.108735,0.246837,-0.237213,0.076534,-0.120327,0.257546,0.614805,-0.296676,0.279979,0.124599,0.200826,0.323891,0.100355,0.53022,0.25441,-0.221669,0.495808,0.341671,-0.058591,0.341851,0.227786,0.271645,0.127184,0.116483,-0.183665,0.212873,0.495776,0.221016,0.332075,0.378528,0.207974,0.096201,-0.188207,-0.097434,0.198571,0.293748,0.318786,0.393824,-0.015571,0.544479,0.121459,-0.055045,0.372632,-0.299896,0.246017,-0.097434,0.283696,0.418389,0.354162,0.134316,0.148446,0.014407,0.202841,0.229223,0.308693,0.167714,-0.224108,0.452438,0.287658,0.07571,0.21821,0.052298,0.138037,0.248591,0.256666,0.102574,0.12654,0.129496,0.0,0.48251,0.09003,0.427655,0.385304,-0.237447,0.322035,0.117414,0.262867,0.077882,0.397304,-0.275008,0.374095,0.413052,0.247957,-0.121965,0.421401,0.532999,0.442579,0.564752,0.155801,-0.670992,0.423429,0.570609,0.044752,0.310667,-0.135134,0.566557,0.083204,-0.13804,0.236428,0.294012,-0.114415,0.093204,-0.174022,-0.357426,0.404581,0.139782,-0.24642,0.557897,0.506816,-0.145582,0.203047,0.377385,-0.384642,0.088421,-0.548206,-0.182754,-0.152748,0.244349,-0.219255,0.305578,-0.06472,0.000507,-0.021545,-0.26802,-0.312288,-0.349784,-0.037822,-0.118438,-0.30608,0.094411,0.030372,-0.061707,#
20,-0.274784,-0.10249,-0.121249,0.098157,-0.249466,0.403142,-0.116904,0.114594,-0.266373,0.11847,-0.044559,-0.071156,-0.393649,0.113388,-0.112645,0.032995,-0.341795,0.054928,0.113483,0.053458,1.0,-0.179511,-0.315637,-0.139021,0.045013,0.218576,0.050438,0.10025,-0.148165,0.0692,0.073498,-0.022768,0.077278,-0.117436,-0.158741,-0.039253,-0.124737,0.188557,0.111706,-0.106999,0.055119,-0.280246,0.159956,0.345252,0.147925,0.145146,-0.343278,-0.075296,0.059982,-0.359096,-0.273058,0.033825,0.198203,-0.120854,-0.26557,0.234666,0.362454,-0.3622,0.042721,0.191475,-0.097587,-0.091942,0.338022,-0.119673,-0.336103,-0.081032,-0.276764,0.341696,-0.176917,-0.045071,0.205713,0.108109,-0.108316,0.507323,0.392113,-0.148132,0.506605,0.398667,0.167567,0.110831,0.170741,0.179331,0.222071,-0.153882,0.282044,0.124807,0.209283,0.283012,0.280064,0.351954,0.323988,0.354117,0.245454,-0.049089,0.124246,0.309732,0.105532,0.167567,0.161504,0.45618,-0.254203,0.300144,0.336931,0.213331,0.11308,0.088673,-0.046667,-0.089639,0.552165,-0.423812,0.036726,-0.042236,-0.024028,-0.035891,0.38791,0.099217,0.29894,0.280253,-0.298236,0.122164,0.316985,0.320577,0.297069,0.463905,-0.17008,0.077779,0.390062,0.170374,0.130827,0.318351,0.10026,0.131717,0.033511,-0.037199,0.286528,0.404994,0.0,0.237743,0.175688,0.228396,0.155558,-0.10975,-0.046038,-0.17437,0.395838,0.247694,0.480237,-0.210703,0.175243,0.176019,0.039224,0.228121,0.353485,0.22582,0.173528,0.139841,0.125631,-0.291756,0.054736,0.106809,-0.11409,-0.034641,0.274693,0.172276,-0.168702,-0.078042,0.109367,-0.021531,0.363333,0.132701,-0.225667,-0.330532,-0.091983,0.281946,0.178224,0.161504,0.20106,-0.247835,-0.271881,-0.094327,0.019932,-0.353947,-0.152443,0.310048,-0.069777,-0.300119,0.044991,-0.218619,0.185542,-0.112861,0.269115,-0.026714,-0.395783,-0.521833,0.184754,-0.106195,-0.38938,0.057832,0.262219,0.152189,#
