0,1.0,0.428973,-0.334736,-0.226251,0.271712,0.264554,0.036948,-0.086367,0.118221,0.284167,0.173737,-0.171792,0.247523,0.251817,0.559785,0.201924,0.1808,-0.104624,-0.132872,-0.315442,-0.019269,-0.078046,0.036559,-0.066623,0.094488,-0.527583,0.11793,-0.129469,0.094882,0.08272,-0.393125,0.159624,-0.098409,-0.385066,0.258391,0.260784,0.343564,-0.301644,0.048447,0.126274,0.104737,0.172584,-0.36843,-0.296203,0.4132,-0.4503,0.139266,-0.111649,0.040417,-0.483785,-0.092895,-0.225763,-0.245052,-0.087159,0.191292,-0.04652,-0.537656,0.152494,-0.212762,0.349268,0.208323,0.418652,0.020994,-0.263486,-0.003122,0.122614,0.0,0.165488,0.264948,-0.244072,0.059257,0.063183,0.099519,-0.069237,0.111516,0.166028,-0.42083,-0.382781,-0.314228,0.014952,-0.145033,-0.356417,-0.219846,-0.321607,-0.405661,-0.120437,-0.087091,-0.190956,-0.209144,-0.350015,-0.28338,-0.632639,-0.315202,-0.06471,-0.166514,0.045793,-0.079448,-0.081293,-0.302962,-0.260575,-0.028205,-0.497229,-0.269733,0.02398,-0.076669,-0.350018,-0.29485,-0.218925,-0.077303,-0.363123,0.213769,-0.114633,-0.370339,-0.304729,-0.344576,-0.385032,0.100456,-0.2288,0.00261,-0.320022,-0.42083,-0.090119,-0.481287,0.018928,0.158845,-0.063806,-0.191653,0.286952,-0.274814,-0.350015,-0.226067,-0.24501,-0.539616,-0.187707,0.1385,-0.350045,-0.114633,-0.350015,0.188428,-0.442084,-0.280658,-0.172364,-0.187418,-0.658687,-0.320473,-0.307668,-0.455209,0.284011,-0.21482,-0.280134,-0.543807,-0.061351,-0.046557,-0.385032,-0.147492,-0.244845,0.185919,0.184302,-0.14257,-0.420704,-0.318441,-0.280655,-0.124978,-0.11048,-0.30571,0.421621,-0.162866,0.370828,-0.289455,-0.350015,0.187805,-0.006923,-0.261074,-0.110315,0.151656,-0.413207,-0.244978,0.068264,0.44334,-0.266657,0.338705,0.258582,-0.021997,0.348002,0.290194,-0.292578,0.176776,0.013354,0.231113,0.218069,-0.43032,0.197049,0.259192,0.265914,0.021177,0.003677,0.072803,-0.167169,-0.08839,-0.028154,#
1,0.428973,1.0,-0.023545,-0.176019,0.006799,0.40826,0.202727,-0.384815,0.467739,0.178942,-0.027252,-0.076282,-0.087046,0.414595,0.371977,-0.14792,-0.297643,0.378577,-0.008785,-0.007504,0.123178,0.192033,0.318138,-0.168854,0.145034,-0.303601,0.355535,-0.272756,0.192297,0.346569,-0.380756,-0.040525,0.063543,-0.304694,-0.213145,0.166133,0.326981,-0.531052,-0.053181,-0.01014,0.2582,0.389682,-0.067281,0.006881,0.06774,-0.195246,0.224125,0.200421,0.047724,-0.163649,-0.412405,-0.306031,-0.075876,-0.451059,-0.012158,0.344776,-0.196402,0.368961,-0.16781,0.410598,0.27626,0.284379,0.320158,-0.334996,0.041546,0.395684,0.0,0.201682,0.303985,0.069246,-0.141353,0.193892,0.024137,-0.023621,-0.083617,0.214883,-0.181386,-0.163802,-0.272705,0.131152,-0.056733,-0.658211,-0.325236,-0.159831,0.10104,-0.103176,0.260721,-0.476446,-0.048762,-0.042117,-0.168127,-0.092109,-0.209833,0.490891,-0.118834,-0.226941,0.048933,-0.16712,0.089139,-0.22196,0.205622,-0.104584,-0.097801,0.145673,0.097421,-0.04525,-0.167908,-0.60268,0.496308,-0.181596,0.249829,-0.139951,-0.338123,-0.104584,-0.143721,-0.277922,-0.216933,0.11158,0.074985,-0.464685,0.010896,-0.173704,-0.144873,-0.275153,0.16889,-0.092109,0.239861,0.333808,-0.339206,-0.225443,-0.108237,-0.299121,-0.416895,-0.358962,-0.103056,-0.427354,-0.139951,-0.225443,0.183068,-0.726266,-0.118229,-0.373895,-0.27377,-0.28146,0.030788,-0.429784,-0.124888,0.467729,0.09881,0.288253,-0.213249,-0.10541,0.064075,-0.277922,-0.001051,0.162322,0.116998,0.443364,-0.019329,-0.168157,-0.313994,-0.115648,-0.145356,0.259121,0.075958,0.245025,-0.258637,-0.026196,-0.40095,-0.427317,-0.160913,0.055751,-0.233449,-0.158003,0.129116,-0.447892,-0.299082,0.067555,0.420366,-0.206268,0.469849,0.089274,-0.304767,0.223238,0.415884,-0.078495,0.281788,0.113547,-0.321072,0.438937,-0.268274,0.354727,0.378275,0.228382,-0.053024,-0.124777,-0.434583,-0.126663,-0.059954,-0.160074,#
2,-0.334736,-0.023545,1.0,0.378001,-0.081003,-0.018639,0.087072,0.018719,0.101047,0.098291,0.089807,0.271533,-0.399198,-0.013098,-0.503247,-0.247624,-0.188066,0.400352,-0.023713,-0.185005,0.134771,0.145574,0.171754,0.044478,0.251301,0.23467,-0.24504,0.179452,0.035343,-0.090304,0.093832,-0.091855,-0.025531,0.159026,0.101126,0.118631,0.101787,-0.136946,-0.093732,-0.020975,-0.014531,0.081345,0.271293,-0.044365,-0.186775,0.062549,-0.270359,-0.067047,0.116938,0.278432,0.152438,0.031333,0.072947,0.23857,-0.018253,-0.265469,-0.046692,0.293642,-0.273511,-0.075007,0.215244,-0.278551,-0.174097,0.164947,0.19387,0.176081,0.0,0.10835,-0.079232,0.34723,0.006739,-0.065258,0.308512,0.140088,0.160173,0.11144,-0.153073,0.079913,-0.168897,-0.221487,0.081481,0.227948,-0.124695,0.252173,0.188071,-0.10759,0.040254,0.073528,-0.067348,0.128703,-0.110172,0.172802,-0.002378,-0.097844,-0.089895,-0.061221,0.0979,0.083222,0.488382,0.089714,0.076184,0.124388,-0.022957,0.298404,0.000331,0.099195,0.259941,0.189682,-0.045693,0.079369,-0.201657,0.175891,-0.111741,0.318745,0.185731,0.536047,-0.387362,-0.173083,-0.033435,0.45665,0.021106,-0.000347,0.462641,-0.045953,-0.327771,0.005294,0.171738,-0.45353,-0.302682,0.110913,0.055455,-0.094333,0.235753,0.264265,-0.128685,0.1074,0.142829,0.45886,0.024591,0.044224,0.15928,0.361818,-0.213541,-0.124216,-0.043628,-0.292273,0.043821,-0.007861,0.044452,0.151428,0.131249,-0.325864,0.151702,0.351752,0.112942,0.078676,-0.029098,0.034035,0.381247,0.187001,0.39986,-0.024805,0.244951,0.321043,0.161505,0.017979,0.05916,-0.406152,-0.211311,0.300815,0.053753,-0.259514,0.044216,-0.056972,-0.225355,0.018296,0.086704,0.167284,-0.349816,-0.262525,-0.224167,0.016122,0.282187,-0.304604,0.046591,0.106108,-0.34032,-0.227593,-0.047432,0.164581,-0.131741,0.066648,0.104074,-0.05991,-0.01665,0.213161,-0.009451,-0.237777,0.012279,-0.114621,#
3,-0.226251,-0.176019,0.378001,1.0,0.276549,-0.176335,0.108805,0.332994,-0.104636,0.086334,0.014727,-0.081646,-0.027887,-0.166227,-0.059635,-0.222665,0.036937,0.256869,-0.173918,0.167669,0.077897,-0.070869,0.032496,0.087145,0.435267,0.256179,-0.461242,-0.047764,-0.168512,-0.11038,0.385622,-0.090514,0.252563,0.390576,0.062092,0.123695,0.100904,0.26219,-0.097824,-0.131087,0.153668,-0.195989,-0.237823,-0.114987,0.389643,-0.312037,-0.27505,0.114563,0.166299,0.076402,0.168918,0.1596,0.122553,0.062254,-0.150343,-0.25431,0.025467,0.123857,0.15237,-0.283246,-0.29009,0.235179,-0.186356,0.238412,0.03661,0.16108,0.0,-0.31298,-0.170925,0.05699,-0.151525,-0.136013,0.238866,0.239978,0.135872,-0.140789,0.120963,0.133213,-0.009684,0.209875,0.073118,0.291855,-0.206938,0.286649,0.135745,0.022496,-0.023125,-0.049332,0.205987,-0.101382,0.070221,0.146406,0.16008,-0.126898,-0.071734,-0.269671,-0.102083,-0.040996,0.505231,0.241365,-0.005588,-0.17845,0.306024,0.341851,-0.032822,0.074924,0.074037,-0.08161,0.039024,0.108175,0.212762,-0.152936,0.285179,0.34265,0.091256,0.556685,0.243051,-0.069399,0.226621,-0.081306,0.103825,-0.038021,0.092584,0.013803,-0.145495,0.168949,0.038261,0.020906,0.052202,0.260113,0.17477,0.15122,0.441317,0.323885,-0.013785,0.448401,-0.152936,0.260113,-0.092376,0.16554,0.011965,0.252167,0.000127,0.028987,0.109001,0.08403,0.146748,0.035596,0.365724,0.039024,0.319054,-0.021145,0.039095,0.367522,0.298707,0.113689,-0.12792,0.045575,0.22067,0.295152,0.308778,0.032039,0.115674,0.337354,0.324739,-0.163806,0.26114,-0.446859,0.241328,0.458853,-0.065205,-0.060493,0.203334,0.108559,-0.315783,0.334349,-0.12331,-0.008766,-0.364914,-0.200929,-0.135043,-0.191257,-0.113749,-0.308498,-0.213563,0.105744,-0.401868,0.055225,-0.10427,-0.368079,0.339019,-0.241541,-0.09489,0.110657,-0.008087,0.20024,0.014527,0.296343,0.185262,0.145008,#
4,0.271712,0.006799,-0.081003,0.276549,1.0,0.196953,0.090653,-0.097268,0.137034,0.099878,0.224659,0.024212,-0.125718,0.057027,0.088849,0.120754,0.405296,-0.173672,0.253422,-0.120217,0.118508,-0.454256,0.380768,0.116544,-0.04352,-0.129901,0.055584,-0.104107,0.108139,-0.042472,-0.132422,-0.028148,-0.178673,0.031663,0.006125,0.154557,0.236754,-0.133652,-0.039846,0.029684,0.128244,-0.007216,-0.261705,-0.380236,0.22526,-0.134444,-0.178349,0.037737,0.392573,0.016198,0.165681,-0.218415,0.330547,-0.178958,-0.102692,0.037338,-0.261289,0.236927,0.095773,0.021246,-0.066141,0.408627,-0.023422,0.284061,0.019105,0.120161,0.0,-0.175518,0.051007,-0.092334,0.151678,0.145088,0.297067,-0.007834,-0.07309,0.335681,-0.095045,-0.18003,-0.125011,0.029226,-0.046083,-0.004234,-0.412908,0.490341,-0.412275,-0.094994,-0.090705,-0.364958,0.175958,-0.208941,-0.405681,-0.238756,0.075084,-0.217433,-0.220282,-0.225053,-0.360111,-0.254222,-0.265909,-0.001395,0.200186,-0.276362,-0.263313,0.339811,-0.249729,-0.202898,0.004886,-0.168603,0.163861,0.142979,0.109735,0.175084,0.126427,-0.108576,-0.394683,0.062452,0.16419,-0.253404,0.376119,-0.322866,-0.104779,-0.278365,-0.32903,-0.293985,0.142906,-0.252054,0.189146,0.132141,0.146129,-0.404328,-0.241476,0.127399,0.142346,-0.117107,-0.082596,-0.044053,-0.24956,-0.389613,-0.289035,-0.216516,-0.417881,-0.331514,-0.500379,-0.205234,-0.182059,0.047816,-0.249062,0.012824,-0.236007,-0.220835,-0.17451,-0.073118,0.388649,-0.308712,0.309464,-0.336039,-0.118959,0.337569,-0.088445,-0.255007,0.139337,-0.415656,0.162943,-0.277591,-0.126275,0.230673,0.157498,0.095662,-0.164808,-0.017642,0.153288,0.097904,-0.370615,0.028735,0.186862,-0.234672,-0.312933,0.231724,0.210421,0.081308,0.349458,0.060827,-0.08232,0.02597,-0.08999,0.191538,-0.046377,0.21445,-0.018909,-0.141313,-0.058311,0.128849,-0.017545,0.328338,-0.45935,0.367073,0.140771,0.128887,0.120237,0.278811,#
5,0.264554,0.40826,-0.018639,-0.176335,0.196953,1.0,0.269034,-0.093724,0.740002,0.321774,0.411586,-0.147112,0.123488,0.328651,0.003287,0.299568,-0.090275,-0.122715,0.185679,-0.14376,0.048256,0.178975,0.483815,-0.282776,-0.016015,-0.533511,0.318737,-0.143171,0.109115,0.355666,-0.466954,0.165404,-0.219302,-0.277937,0.05454,0.049334,0.307783,-0.455639,0.33654,-0.193037,0.180714,0.368084,0.2128,-0.170831,-0.239714,-0.142634,0.367787,0.023829,0.355147,-0.183923,-0.02633,-0.146834,0.031771,-0.308575,0.186056,0.342599,-0.679608,0.498218,-0.373804,0.379977,0.334245,0.130551,-0.190876,0.025404,-0.080256,0.322334,0.0,0.351099,0.359636,-0.060788,-0.046107,0.300215,0.182195,-0.227372,-0.538573,0.292277,-0.022229,-0.232238,-0.318958,-0.217753,-0.395161,-0.525991,-0.159383,0.380187,-0.293176,-0.067184,-0.223998,-0.192607,-0.156286,-0.18388,-0.077678,-0.382348,-0.33305,0.228926,-0.198221,-0.003842,0.17756,-0.179593,-0.148105,-0.41296,0.294171,-0.15064,-0.048222,0.030158,-0.052738,-0.381514,0.171719,-0.040581,0.120842,0.21442,0.025032,-0.180694,-0.23934,-0.15727,-0.235402,-0.433973,-0.238766,-0.221233,0.072055,-0.205925,-0.195296,-0.310316,-0.347124,-0.434597,-0.242828,-0.050284,0.234316,0.32526,-0.422678,-0.370021,-0.419573,0.0305,-0.43974,-0.426278,-0.309818,-0.368551,-0.180694,-0.373251,0.327555,-0.583037,-0.442394,-0.297407,-0.433395,-0.387705,-0.215743,-0.521935,-0.20563,0.429529,-0.411915,-0.073911,-0.100462,-0.313025,0.132482,-0.433973,-0.150651,-0.19135,0.272829,0.146992,-0.298917,-0.34964,-0.276607,-0.442389,0.042729,0.010917,-0.001539,0.011873,-0.216514,-0.25781,-0.566916,-0.551721,0.113267,0.229743,0.086653,-0.213619,0.519591,-0.631576,-0.386153,0.335014,0.319589,0.083679,0.502347,-0.004132,-0.132533,0.356376,-0.018919,-0.012326,0.242693,0.102886,-0.063448,0.415155,-0.466759,0.25817,0.047933,0.269489,-0.415008,0.251631,-0.073105,-0.410097,-0.306502,-0.158364,#
6,0.036948,0.202727,0.087072,0.108805,0.090653,0.269034,1.0,-0.352853,0.191098,0.24198,0.306877,0.299788,0.213735,-0.074358,0.095519,0.20071,-0.148768,-0.0302,0.026992,-0.179056,0.260873,-0.091104,0.208168,-0.276284,-0.063233,-0.494638,0.052083,-0.109811,0.348836,0.112146,-0.216474,-0.141936,-0.475816,-0.155548,-0.103206,-0.192671,0.391853,-0.073987,0.114418,0.255605,-0.063624,0.326576,-0.053211,-0.112517,-0.106862,-0.001033,0.045128,-0.172985,0.156299,0.223854,0.173111,-0.374047,-0.001336,-0.228016,-0.094378,0.169192,-0.219705,0.114393,-0.382589,0.22972,0.111833,0.307296,0.049095,0.037918,0.065735,-0.008271,0.0,0.02965,0.169502,-0.003068,0.178599,-0.096124,0.15398,-0.132477,-0.280508,-0.019324,-0.069374,-0.252161,-0.218292,-0.116742,0.103867,-0.271338,-0.036594,0.135797,-0.200962,0.217409,-0.093862,0.074484,0.099911,-0.213505,0.213095,-0.116983,0.015913,0.176482,0.364221,-0.043836,-0.108691,-0.193462,-0.035198,-0.134588,0.070518,-0.370881,-0.117199,-0.00294,0.0405,-0.043864,-0.116099,0.035304,-0.074604,0.006779,-0.164039,-0.195904,-0.289165,-0.049063,-0.134458,-0.126093,-0.133432,-0.30894,-0.010686,-0.098416,-0.062461,-0.341455,-0.269181,-0.310358,-0.274169,0.363281,0.375189,0.328468,-0.198015,-0.046578,0.07588,0.215642,0.116773,-0.176276,-0.02268,-0.059506,-0.195904,-0.409463,-0.027895,-0.115826,-0.068166,0.344816,0.035262,-0.135703,-0.273809,-0.305829,0.096432,0.533501,-0.110917,0.110387,-0.222863,-0.195352,0.094431,-0.133001,-0.030919,0.012712,0.170515,0.075847,-0.027068,-0.064417,-0.007663,-0.063435,-0.026937,-0.046666,0.26722,-0.045658,-0.256009,-0.340082,-0.119656,-0.22802,0.044052,-0.136952,0.027729,-0.278811,0.111533,-0.042513,-0.197328,0.433541,0.096316,-0.138838,-0.06929,0.107623,0.224762,0.052241,0.02586,0.15119,0.140732,-0.138965,-0.090667,0.02175,-0.203821,0.367663,0.14182,0.376062,0.021212,0.356442,-0.202465,-0.061524,-0.226077,-0.055945,#
7,-0.086367,-0.384815,0.018719,0.332994,-0.097268,-0.093724,-0.352853,1.0,-0.45766,-0.242711,-0.048434,-0.504462,-0.004265,-0.281354,-0.007435,-0.146093,-0.177201,-0.137911,-0.164475,0.113974,-0.176155,0.117051,-0.148204,0.424987,0.454837,0.310237,-0.118176,0.345657,-0.576059,-0.140236,0.326558,0.099257,0.417239,0.406311,0.126777,-0.005535,-0.221367,0.415227,0.083161,-0.137239,-0.048667,-0.184246,0.320937,0.149034,0.023625,-0.097214,-0.05778,0.300629,-0.041719,-0.504982,0.038823,0.305076,-0.005828,0.165982,0.011792,-0.233786,-0.156366,-0.11929,0.183848,-0.456632,-0.405298,-0.311191,-0.384217,0.047367,-0.278692,0.047512,0.0,-0.048,-0.295813,0.20643,-0.186784,-0.111437,0.353445,0.10538,0.283686,-0.18089,0.354294,0.195868,0.234483,0.026484,-0.151819,0.369144,-0.046181,-0.112732,-0.050726,0.122421,-0.095616,0.379326,0.152279,0.050939,0.213417,0.084679,0.108335,-0.457753,0.003616,0.071018,0.130503,0.356869,0.229998,0.28864,-0.076033,0.047659,0.486438,0.005323,0.298273,0.039569,0.340021,0.293893,-0.049059,0.077227,0.144932,-0.114569,0.378704,0.245139,0.188691,0.381737,0.293763,0.020057,-0.183081,0.318675,0.140295,0.104374,0.109212,0.191633,-0.088507,-0.074453,-0.174074,0.150553,0.10701,0.660012,0.023232,0.015532,0.091646,0.1362,0.378389,0.462239,-0.114569,0.239049,0.282342,0.250356,0.155909,0.160199,0.195831,-0.003212,0.331459,0.276933,-0.221213,-0.380092,0.019952,0.19148,-0.038096,0.37029,-0.049147,0.381737,0.261223,0.258256,-0.120572,-0.569063,0.289353,-0.051446,0.271833,0.390829,0.073224,0.241233,0.241233,-0.106602,0.260322,-0.046934,0.287079,0.239049,-0.335263,0.150949,0.28298,-0.075246,-0.208967,0.158308,-0.005399,-0.310645,-0.511824,-0.163104,-0.389414,-0.164964,-0.077618,-0.274895,-0.473545,-0.300072,-0.415416,-0.157743,0.076327,-0.38843,0.362793,-0.545374,-0.331168,-0.225847,0.051324,0.037838,0.095495,0.211466,0.013972,-0.248579,#
8,0.118221,0.467739,0.101047,-0.104636,0.137034,0.740002,0.191098,-0.45766,1.0,0.360023,0.157119,0.237457,-0.021911,0.403178,-0.129129,0.196966,-0.022435,0.155186,0.279671,0.107995,-0.048203,-0.083602,0.433161,-0.412993,0.033643,-0.489268,0.052682,-0.267298,0.282642,0.409572,-0.376086,0.069016,-0.182177,-0.212207,-0.086995,0.331548,0.326482,-0.586227,0.206455,-0.130477,0.227098,0.382142,-0.029878,-0.223722,-0.04334,0.039243,0.325369,-0.037328,0.35123,0.144595,0.113871,-0.196955,0.067017,-0.125713,-0.037036,0.265835,-0.33356,0.468766,-0.461714,0.339177,0.316186,0.174478,-0.019379,0.079336,0.008346,0.282782,0.0,0.307073,0.37433,-0.104309,0.060372,0.400411,-0.038501,-0.151327,-0.616084,0.241887,-0.137625,-0.145004,-0.251803,-0.099998,-0.14988,-0.442042,-0.101288,0.332846,0.011435,-0.12576,-0.13659,-0.441809,-0.061678,0.062321,-0.338118,-0.117293,-0.29199,0.296742,-0.287419,-0.311144,0.144643,-0.464331,-0.065758,-0.521093,0.283897,-0.081583,-0.289641,0.065378,-0.291406,-0.336053,-0.064591,-0.277234,0.162101,-0.02139,-0.035993,-0.166443,-0.145172,-0.074878,-0.327343,-0.370134,-0.155684,-0.26503,0.330122,-0.456788,-0.137625,-0.268966,-0.208506,-0.384759,-0.08374,0.052483,0.113222,0.059203,-0.478511,-0.508207,-0.248817,0.08341,-0.28994,-0.199521,-0.550284,-0.50825,-0.166443,-0.129216,0.211187,-0.612202,-0.407503,-0.304758,-0.383538,-0.255412,-0.253618,-0.572755,0.175239,0.488578,-0.241001,-0.03488,0.098502,-0.551157,0.173946,-0.370134,-0.040965,-0.158685,0.215111,0.454999,-0.3312,-0.107182,-0.334777,-0.407498,-0.007892,0.095155,0.082557,-0.084302,-0.146823,-0.340981,-0.508241,-0.309727,0.184908,0.104647,0.152861,-0.250964,0.425624,-0.50828,-0.355697,0.241569,0.389374,0.046658,0.586685,0.103584,-0.190849,0.284411,0.24718,0.139041,0.166356,0.224315,-0.360358,0.468208,-0.512434,0.332191,0.140785,0.237683,-0.496297,0.104798,-0.127223,-0.374998,-0.152237,0.107641,#
9,0.284167,0.178942,0.098291,0.086334,0.099878,0.321774,0.24198,-0.242711,0.360023,1.0,0.210569,0.239144,0.232283,0.059079,0.140616,0.458309,0.11488,-0.130142,-0.100864,-0.242896,0.118664,-0.114267,0.149668,-0.520016,-0.012043,-0.377645,0.013492,-0.330739,0.247583,-0.018856,-0.275131,0.216441,-0.214392,-0.296508,0.036187,0.109433,0.260519,-0.52479,0.166921,0.329518,-0.022657,0.138519,-0.273042,-0.375259,0.220917,-0.158053,0.086635,-0.143771,0.071196,0.031964,0.005167,-0.295968,-0.188695,-0.195852,0.085662,0.242688,-0.551771,0.272287,-0.376684,0.079953,0.171793,0.353576,-0.135466,0.217044,0.033262,0.059451,0.0,0.094226,0.208638,-0.132648,0.094008,0.091716,-0.159561,-0.12969,-0.083377,0.098923,-0.324047,-0.04241,-0.383001,-0.137785,-0.269363,-0.238238,0.121028,0.137358,-0.203194,-0.10951,0.111405,0.013153,-0.2284,0.010079,-0.102178,-0.309331,-0.034861,-0.127051,-0.166135,0.007801,-0.164049,-0.118349,-0.205247,-0.172146,0.181665,-0.382875,-0.262462,0.122983,-0.264243,-0.074365,-0.158893,0.084393,0.03809,0.104531,-0.154297,-0.08827,-0.234651,-0.159846,-0.414952,-0.109209,-0.124452,-0.114381,-0.045835,-0.055399,-0.324047,-0.036865,-0.216795,-0.106513,-0.325158,0.164315,-0.105018,-0.074285,-0.082861,-0.269518,-0.394516,-0.188662,0.010065,-0.087235,-0.223591,-0.269541,-0.08827,-0.269518,0.175544,-0.326283,-0.216112,-0.226802,-0.296509,-0.27801,-0.274565,-0.110261,0.196967,0.282293,-0.120877,-0.215708,0.16538,-0.226405,-0.216099,-0.296482,-0.141409,-0.188535,0.119533,0.112855,-0.301224,-0.32395,-0.336684,-0.216109,0.134783,-0.161,-0.161,-0.166462,-0.269228,0.015779,-0.167812,-0.072764,0.417332,-0.112765,0.136658,-0.030217,0.219651,-0.439271,-0.188637,0.239578,0.052402,-0.193377,-0.019383,0.075591,0.065932,0.248122,0.171976,0.028807,0.272374,-0.136133,0.157063,0.182218,-0.438399,0.421617,0.325962,0.242423,0.0379,0.188018,0.204606,-0.367492,-0.260148,0.14562,#
10,0.173737,-0.027252,0.089807,0.014727,0.224659,0.411586,0.306877,-0.048434,0.157119,0.210569,1.0,0.110732,-0.046249,-0.100724,0.05492,0.336175,0.511798,-0.329914,-0.142491,-0.278276,0.154711,-0.031592,-0.022784,-0.054461,-0.163854,-0.284925,-0.132087,-0.085215,0.084044,0.073902,-0.316329,0.318493,-0.366069,-0.258664,0.672398,-0.015453,0.510001,-0.237391,0.090127,0.267151,-0.362345,0.081675,-0.237515,-0.068496,-0.03636,-0.102722,-0.201108,-0.160554,0.278506,-0.193479,0.228886,-0.123904,-0.24173,-0.229968,0.601565,-0.055391,-0.402229,0.097414,-0.267515,0.141923,0.117659,0.256059,-0.169658,-0.123004,0.167425,-0.193754,0.0,-0.215422,0.056443,-0.432518,0.19993,0.002548,0.12718,-0.348098,-0.240189,0.32971,-0.33576,-0.070427,-0.487821,-0.414691,-0.314329,-0.056814,-0.132457,0.24333,-0.697056,0.057335,-0.389917,-0.011131,-0.436809,-0.447434,0.005382,-0.393341,-0.009507,-0.202336,-0.007139,-0.096252,-0.273935,-0.173011,0.002416,-0.06729,0.089116,-0.146813,-0.259349,-0.253015,-0.23479,-0.139503,-0.082634,0.025489,-0.154928,0.391729,-0.460648,-0.210713,-0.403138,-0.332169,-0.414564,-0.05153,-0.244242,-0.320622,-0.403157,0.102979,-0.508571,0.009541,-0.07727,0.120237,-0.267779,-0.083994,0.149202,0.018869,-0.203031,-0.338575,0.060227,-0.232137,-0.333785,-0.093404,-0.212246,-0.163302,-0.210713,-0.341801,-0.247569,-0.106409,-0.51589,-0.083957,-0.081187,-0.148995,-0.476291,-0.280163,-0.112725,0.111967,-0.134658,-0.147813,-0.226791,-0.193629,-0.135727,-0.41763,-0.193289,-0.100918,0.276179,-0.129564,-0.37993,-0.183233,-0.133559,-0.377162,-0.09379,-0.163986,-0.437614,0.043013,-0.109571,0.044247,-0.387704,-0.331318,0.321441,-0.042299,-0.232946,-0.277222,0.243898,-0.37317,-0.450305,0.555879,0.228408,0.261473,0.049446,0.206108,0.327478,0.1536,0.115764,-0.212873,0.061853,-0.110203,0.466374,-0.013182,-0.538967,0.468271,0.167984,0.139153,-0.127715,-0.000269,0.205849,-0.465064,-0.373336,-0.301674,#
11,-0.171792,-0.076282,0.271533,-0.081646,0.024212,-0.147112,0.299788,-0.504462,0.237457,0.239144,0.110732,1.0,-0.15557,0.049603,-0.07742,0.285377,0.180074,-0.015925,0.274484,-0.022043,-0.099648,-0.472909,0.083243,-0.358793,0.013595,-0.225975,-0.039959,-0.071738,0.052041,0.089366,-0.124011,-0.036956,-0.545564,0.063002,-0.193939,-0.017587,0.021244,-0.137765,0.097839,0.390213,-0.28614,-0.008652,-0.090579,-0.15888,0.111927,0.35406,-0.06847,-0.31525,0.003931,0.43135,0.406161,-0.290309,0.197977,0.047934,-0.354184,0.132073,0.148246,-0.232912,-0.24642,-0.027325,-0.155566,0.237229,0.329612,0.240717,-0.096224,-0.289813,0.0,0.157457,-0.111227,-0.228227,0.786909,-0.002316,-0.12049,0.011886,-0.06594,0.199285,-0.334191,-0.133726,-0.015964,-0.170257,0.111284,0.059863,0.117562,0.06197,0.054456,0.121253,-0.067502,-0.074308,-0.073382,-0.082466,-0.234559,0.142916,0.279659,0.003346,-0.091148,-0.31218,-0.323397,-0.280736,-0.188083,-0.060602,-0.100933,0.208435,-0.288884,0.209374,-0.2847,-0.147436,-0.105878,0.091802,-0.010583,-0.151583,-0.376399,0.11768,-0.15951,0.188788,-0.177291,-0.094358,-0.042342,-0.030231,0.118777,-0.022878,-0.102803,-0.161846,-0.077788,-0.126549,0.162262,0.111682,-0.072283,-0.279435,-0.233577,-0.199173,0.207176,-0.050921,0.149243,0.303568,-0.192313,-0.19522,0.11768,0.070304,-0.296989,-0.002613,0.022517,0.180188,0.071827,0.060192,-0.34398,-0.276181,0.487319,0.134232,-0.029615,0.23867,0.029796,-0.392034,0.239102,-0.111521,-0.056159,0.124368,0.016579,0.167881,-0.058902,0.336776,-0.021195,0.172656,0.044617,-0.014052,0.035939,-0.148924,-0.093293,-0.070878,-0.041556,0.061289,0.317992,-0.320957,0.13728,-0.306351,0.126228,0.03366,-0.029572,0.069496,0.037706,-0.177413,-0.085753,0.098136,0.363926,-0.102452,0.158834,0.187583,0.08003,-0.018978,-0.21018,-0.066883,-0.376996,0.313289,0.168467,0.098312,-0.054558,0.101601,-0.071266,-0.238708,-0.093475,0.390127,#
12,0.247523,-0.087046,-0.399198,-0.027887,-0.125718,0.123488,0.213735,-0.004265,-0.021911,0.232283,-0.046249,-0.15557,1.0,0.103989,0.246742,0.236158,-0.092883,-0.168457,0.156773,-0.029073,0.258303,0.200274,0.017152,-0.337928,-0.089753,-0.365922,0.217308,-0.087268,0.005803,-0.046778,-0.06308,0.255397,-0.005193,-0.144217,-0.040668,-0.296617,-0.23782,0.039729,0.148693,-0.077883,0.04824,0.000528,-0.042088,0.236803,0.230351,-0.451252,0.10578,-0.0454,-0.249902,-0.133525,0.147987,0.140682,-0.068515,-0.104003,-0.038362,0.228285,-0.247411,0.026493,-0.194889,0.110166,-0.006772,0.076152,-0.15513,-0.160299,-0.128934,0.164281,0.0,0.117706,-0.082635,0.031367,0.086327,-0.001691,-0.250929,-0.024545,-0.108113,-0.1369,-0.020795,-0.351198,0.043731,-0.163782,-0.223683,-0.353179,0.362912,0.055019,-0.113916,-0.122028,0.060219,-0.110511,-0.19537,-0.20958,0.287601,-0.302307,-0.172105,0.147588,0.225517,0.378797,0.032988,-0.010698,-0.294051,-0.059507,0.097902,-0.298084,0.059459,-0.057857,0.23373,-0.093251,0.02463,0.043471,-0.339228,-0.092155,0.327501,-0.138816,-0.007836,-0.127164,-0.002803,-0.337845,0.284311,0.105697,-0.089695,-0.097654,-0.020795,-0.16591,-0.53407,-0.136777,-0.096362,0.247146,-0.272999,0.013036,0.09512,-0.090541,-0.329101,0.158307,-0.110823,-0.093075,-0.095569,0.101148,-0.138816,-0.28894,0.006909,0.119275,-0.119313,0.232222,0.040119,-0.321789,-0.168367,0.087082,-0.108829,0.504268,-0.323845,-0.339228,0.058237,-0.101697,-0.127844,-0.149006,-0.5354,-0.127177,0.331539,-0.077858,-0.048145,-0.020009,-0.16073,0.03492,0.069051,-0.122439,-0.088837,-0.223033,-0.028477,-0.108798,0.264573,-0.090541,0.23477,0.26739,0.299545,0.205379,0.350953,-0.113916,-0.054642,-0.075611,0.09253,0.004529,0.171432,-0.044358,0.020113,0.092182,0.057822,0.087707,0.144265,0.138962,0.104162,0.103103,0.07355,-0.127578,0.01914,0.191244,-0.080201,0.242629,-0.023049,0.127709,0.216202,0.214034,#
13,0.251817,0.414595,-0.013098,-0.166227,0.057027,0.328651,-0.074358,-0.281354,0.403178,0.059079,-0.100724,0.049603,0.103989,1.0,0.348765,0.27839,0.092763,0.232889,0.005285,-0.124092,-0.314083,0.069566,0.325465,-0.392272,-0.206498,-0.27678,0.137187,-0.364978,0.126387,-0.0137,-0.290784,0.162933,-0.281915,-0.093222,-0.193404,0.063861,0.0575,0.007819,0.330254,-0.210351,0.08069,0.307555,-0.161579,-0.059428,0.036883,-0.320095,0.383108,0.077548,0.004278,0.005787,-0.037179,-0.126042,0.25365,-0.172781,-0.347377,0.380445,-0.066845,0.538247,0.230347,0.394983,0.296014,0.13523,-0.035178,-0.248439,-0.156367,0.338472,0.0,0.538032,0.418925,-0.031249,0.171132,0.100467,-0.326644,0.115263,-0.036483,0.235425,-0.192132,-0.208047,-0.469791,0.152046,0.167713,-0.355994,-0.004106,0.209451,0.256811,0.110764,0.118341,-0.365895,-0.133067,0.007954,-0.300514,-0.195051,-0.334225,0.411248,-0.202851,-0.018059,0.369294,-0.00767,0.199111,-0.24597,0.346725,-0.148919,-0.204862,0.253074,0.279448,-0.365637,-0.192857,-0.241754,0.13714,-0.138133,0.087714,0.235809,-0.058917,0.184248,0.09622,-0.242887,-0.219365,0.20163,0.092225,-0.360519,-0.013412,-0.115191,-0.153549,-0.254677,0.17737,0.119091,-0.102288,0.059915,-0.165359,-0.364108,-0.177593,0.044907,-0.432717,-0.480726,-0.115589,-0.3731,-0.180702,0.007954,0.178058,-0.173155,-0.233828,0.015379,-0.252151,-0.216655,0.1755,-0.268488,-0.197208,0.254395,-0.174617,0.144214,-0.096819,-0.296128,0.140696,-0.242887,-0.117792,0.04275,0.439168,0.30575,0.114139,0.007658,-0.151713,-0.231428,0.377125,0.358866,0.176254,0.358784,-0.02101,-0.246586,-0.254969,-0.179681,-0.036305,-0.056205,-0.101048,0.176527,0.02748,-0.088881,-0.17,-0.307106,0.159436,0.241904,0.684108,-0.118536,-0.110632,0.178871,0.002407,-0.184827,0.424413,0.133932,-0.292479,0.254738,-0.08864,-0.059802,0.061979,0.263822,-0.053672,-0.100477,-0.425845,-0.190864,-0.079387,0.042522,#
14,0.559785,0.371977,-0.503247,-0.059635,0.088849,0.003287,0.095519,-0.007435,-0.129129,0.140616,0.05492,-0.07742,0.246742,0.348765,1.0,0.265586,0.186661,-0.241387,-0.140479,-0.059502,-0.291821,-0.008249,0.038202,-0.255091,0.070537,-0.233874,0.222247,-0.178722,-0.171493,0.069918,-0.298795,0.11169,-0.206407,-0.183959,-0.082086,-0.108403,0.097011,0.1197,0.080463,0.235915,-0.198102,-0.021795,-0.383063,-0.099633,0.389338,-0.532908,0.273583,0.08992,-0.04936,-0.30131,-0.177257,-0.091571,-0.108715,-0.348679,-0.150588,0.329183,-0.18129,-0.088624,0.220447,0.275032,-0.246259,0.63937,0.098504,-0.172806,-0.175799,0.058219,0.0,0.058167,0.321108,-0.334335,0.194481,-0.118615,-0.276453,0.052707,0.316846,0.193337,-0.243444,-0.24247,-0.339769,0.356365,0.075746,-0.403554,-0.216486,-0.267043,-0.213925,0.116919,-0.177043,-0.0624,0.025542,-0.097696,0.067173,-0.364013,-0.06783,0.233069,-0.048762,-0.090606,0.078986,-0.049427,-0.161073,-0.123723,-0.025946,-0.358829,0.140497,0.1078,0.148834,-0.27129,-0.109106,-0.375299,0.234741,-0.288156,0.09796,-0.152935,-0.246161,-0.015458,-0.216462,-0.325908,0.221366,0.129486,-0.013117,-0.433398,-0.219353,-0.034162,-0.293566,0.015824,0.258436,0.13809,-0.355855,0.413522,0.080208,-0.097696,-0.085418,-0.326874,-0.173545,-0.323442,0.134997,-0.286354,-0.152935,-0.269684,-0.142726,-0.066707,-0.155126,-0.072154,0.193907,-0.193441,-0.118906,0.029079,-0.105957,0.215318,0.112145,0.251106,-0.419858,0.126647,-0.183638,-0.325908,-0.100927,0.339943,0.176912,-0.041141,-0.178898,-0.055268,-0.395926,0.040782,0.086967,0.160147,-0.018848,0.328229,-0.117129,0.116297,-0.126837,-0.466964,-0.074269,-0.05937,-0.132146,-0.097853,-0.129912,-0.040945,-0.326831,-0.18818,0.150374,-0.024043,0.202048,-0.168107,-0.075513,0.25679,0.125738,-0.331142,0.496684,0.002474,-0.096189,-0.17716,-0.0345,0.08593,0.083362,0.224265,0.155706,-0.182438,-0.20594,0.113472,-0.297088,-0.060648,#
15,0.201924,-0.14792,-0.247624,-0.222665,0.120754,0.299568,0.20071,-0.146093,0.196966,0.458309,0.336175,0.285377,0.236158,0.27839,0.265586,1.0,0.360078,-0.355242,0.069483,-0.363931,-0.09089,-0.398609,0.065003,-0.467696,-0.253175,-0.342243,-0.016291,-0.137695,0.156675,0.275028,-0.535832,0.415492,-0.475686,-0.325154,0.061518,-0.211023,0.004786,-0.083588,0.643335,0.383231,-0.414613,-0.075283,-0.273401,-0.182085,0.064981,0.012754,0.063262,-0.126212,-0.047123,0.069148,0.385727,-0.156956,0.013212,0.008299,0.057419,0.383773,-0.216389,0.107755,-0.092892,0.089929,-0.128952,0.294276,-0.043742,-0.019537,-0.151221,-0.170088,0.0,0.094018,0.439933,-0.440134,0.375965,0.030182,-0.354029,0.009503,-0.128149,0.285834,-0.239143,-0.308114,-0.228269,-0.156615,-0.247788,-0.134364,0.274055,0.305528,-0.212585,0.012493,-0.137101,0.03701,-0.394025,-0.062984,-0.033587,-0.446797,-0.167932,0.018654,-0.132194,-0.057765,0.052153,-0.242147,-0.351347,-0.298234,0.12666,-0.206607,-0.296375,0.023949,-0.138269,-0.412111,-0.122896,0.346863,-0.301942,0.141658,-0.472107,0.220172,-0.12885,-0.222314,-0.453456,-0.479441,0.008213,0.043047,-0.171887,-0.181267,-0.394768,0.013753,-0.281379,0.0161,-0.017156,0.027302,-0.121027,0.103139,-0.249298,-0.434612,-0.363174,-0.222073,-0.192653,-0.234268,-0.232162,-0.247952,-0.195851,-0.420996,0.027441,-0.140141,-0.479502,0.035757,0.004238,-0.180544,-0.32031,-0.262114,0.048475,0.226581,-0.360222,-0.102664,-0.047271,-0.412462,-0.078308,-0.657826,-0.223444,-0.213259,0.016059,0.023001,-0.412276,-0.392406,-0.568027,-0.295782,0.12109,-0.216132,-0.228485,-0.206123,-0.421663,0.048404,0.026384,-0.233581,0.198264,-0.156124,0.028408,-0.156881,0.268361,-0.229212,-0.202628,0.266128,0.243,0.179153,0.263136,-0.206292,0.265116,0.586813,-0.114382,-0.121976,0.638925,-0.158946,0.063878,0.193321,-0.393808,0.34286,0.286097,0.291908,0.119382,0.184259,0.146823,-0.346261,-0.22152,-0.070741,#
16,0.1808,-0.297643,-0.188066,0.036937,0.405296,-0.090275,-0.148768,-0.177201,-0.022435,0.11488,0.511798,0.180074,-0.092883,0.092763,0.186661,0.360078,1.0,-0.296784,-0.175538,-0.172153,-0.18982,-0.277087,-0.200857,-0.170243,-0.427278,0.015329,-0.358552,-0.075543,0.207414,-0.049141,-0.173332,0.108089,-0.339763,-0.275706,0.54664,0.16887,0.120885,-0.005667,0.136632,0.138009,-0.460333,-0.173224,-0.62493,-0.219975,0.252854,-0.04806,-0.132834,-0.334152,0.305129,0.084851,0.246823,-0.097248,-0.299039,-0.13052,0.311829,-0.113692,0.005601,-0.006033,0.242603,0.042456,-0.043174,0.296264,-0.111948,0.076367,0.198382,-0.401103,0.0,-0.306202,0.085893,-0.58424,0.268218,0.074299,-0.252868,-0.206171,-0.080214,0.191213,-0.513542,0.204832,-0.437087,-0.038636,-0.037127,0.226126,-0.152601,0.224636,-0.428584,0.055799,-0.260204,0.005019,-0.172631,-0.224566,-0.175193,-0.222835,0.043325,-0.212381,-0.142692,-0.2616,-0.34634,-0.205513,-0.07516,-0.18721,0.122275,-0.240656,-0.27377,-0.298974,-0.428518,-0.0253,-0.331375,-0.055825,-0.15798,0.183575,-0.398031,-0.139888,-0.140519,-0.247499,-0.484849,0.108539,0.129847,-0.110349,-0.106544,-0.079968,-0.513542,0.239583,-0.115834,0.283858,0.146573,-0.073299,-0.279844,-0.054623,0.096649,-0.427126,0.130728,-0.055346,-0.160132,0.148977,-0.306733,-0.241403,-0.139888,-0.03326,-0.440753,0.134104,-0.342489,-0.200855,0.074506,-0.027007,-0.367658,0.049502,0.130837,-0.296502,0.126497,-0.341849,-0.161334,-0.107028,-0.342468,-0.277059,-0.144957,-0.298786,0.170768,-0.017273,-0.398153,0.03001,-0.100891,-0.342485,0.051009,-0.249359,-0.422934,0.068515,0.161693,0.201923,-0.202625,-0.029509,0.551768,-0.270704,-0.380434,0.218576,0.159197,-0.072839,-0.298948,0.281282,0.274794,0.351162,0.14555,0.107302,0.311171,0.047225,0.146081,-0.218504,0.101848,-0.010803,0.316447,-0.269727,-0.271856,0.385023,0.036578,-0.140645,-0.05944,-0.298169,0.395239,-0.280607,-0.13781,0.197841,#
17,-0.104624,0.378577,0.400352,0.256869,-0.173672,-0.122715,-0.0302,-0.137911,0.155186,-0.130142,-0.329914,-0.015925,-0.168457,0.232889,-0.241387,-0.355242,-0.296784,1.0,-0.147584,0.269319,0.180156,0.157,-0.112849,0.176215,0.306664,0.15131,-0.277621,0.014803,0.137215,0.138136,0.037976,-0.103344,0.402759,0.205841,-0.311096,0.143681,-0.043996,0.013466,-0.045269,-0.17156,0.254429,-0.096433,0.039096,0.39117,-0.004656,0.002693,-0.139956,0.039777,-0.16033,0.211163,0.082679,0.012468,0.117598,-0.084363,-0.265873,0.020999,0.342073,0.415955,0.003344,0.033543,0.197178,-0.235933,0.280588,-0.107814,-0.0199,0.083022,0.0,0.024709,-0.094165,0.287049,-0.134904,-0.149018,0.039792,-0.000726,0.095488,-0.259268,0.088309,0.15866,0.057449,0.253736,0.336594,0.136788,0.117429,-0.014138,0.667244,-0.194136,0.449938,-0.179233,0.025896,0.151193,-0.134226,0.267525,0.075256,0.157606,-0.179557,-0.204824,0.02886,-0.046466,0.560602,0.163724,0.241486,0.209396,0.085569,0.33241,0.098806,0.335481,-0.187071,-0.249198,0.217672,0.009519,0.210239,0.163359,0.308033,0.386068,0.286685,0.214816,0.012955,0.224429,0.055088,0.007472,0.439847,0.085533,0.209445,0.04336,0.281002,0.10902,0.374989,0.053289,-0.329982,0.151193,0.026295,-0.068943,-0.125863,0.186382,-0.012004,0.141115,-0.249806,0.326981,0.341017,-0.185481,0.20896,0.139867,0.049759,-0.0631,0.25452,-0.319908,0.010599,0.042879,0.221121,0.193343,0.089204,-0.185147,0.185256,0.214816,0.177244,0.129297,-0.10827,0.217105,0.308405,0.273535,0.143055,0.21839,0.002855,0.387724,0.228229,-0.081594,0.149282,-0.189452,0.176403,0.520267,-0.177329,-0.244321,0.145177,0.070409,-0.136566,0.1546,0.130794,-0.108625,-0.105096,-0.326844,0.194538,-0.065966,-0.164172,-0.139505,-0.033445,0.029054,-0.192459,0.066489,-0.334812,0.376056,0.1611,-0.031243,0.338567,-0.166993,0.083228,-0.161875,-0.243019,0.069922,0.325839,-0.210766,#
18,-0.132872,-0.008785,-0.023713,-0.173918,0.253422,0.185679,0.026992,-0.164475,0.279671,-0.100864,-0.142491,0.274484,0.156773,0.005285,-0.140479,0.069483,-0.175538,-0.147584,1.0,0.183669,0.14644,-0.129782,0.494677,0.118305,0.082909,-0.248875,0.491836,0.181501,-0.211076,0.300724,-0.085747,-0.017721,-0.241813,0.095804,-0.370244,-0.098937,-0.246755,-0.296115,0.108928,-0.190115,0.009162,-0.151008,0.377515,0.006504,-0.229278,-0.007224,0.049882,0.066693,-0.083513,0.244825,0.379254,0.25047,0.30166,-0.063214,-0.297516,0.303629,-0.06275,-0.101039,-0.287988,0.102808,-0.200674,-0.04459,-0.049692,0.113811,-0.079089,0.223464,0.0,0.24313,-0.01465,0.372224,0.315014,0.184753,0.002563,0.258153,-0.158715,0.204417,0.012233,-0.446349,0.312132,-0.277074,-0.125214,-0.306436,-0.157552,0.391605,-0.018975,-0.160708,-0.175335,-0.31625,0.058745,0.097569,-0.141318,0.152573,0.168619,0.106182,-0.150069,0.081864,-0.07485,-0.2966,-0.536741,-0.114496,0.157071,0.324541,-0.046683,0.291622,-0.003925,-0.284686,0.28562,0.071019,-0.071833,0.054163,0.100745,0.173471,0.169044,-0.073354,-0.320223,-0.387419,0.213764,0.034578,0.335505,-0.167098,-0.014395,-0.335853,-0.267056,-0.531567,0.126968,-0.3806,0.137494,-0.210815,-0.067511,-0.333705,-0.379806,0.050816,0.101583,0.095438,-0.358004,-0.14644,0.189898,-0.278613,-0.281253,-0.205532,-0.087165,-0.011,-0.409344,-0.307658,-0.11912,-0.122943,0.023305,0.335256,-0.397218,0.124048,0.107683,-0.353174,0.367508,-0.239501,-0.283354,-0.142369,-0.221164,0.340869,0.145388,-0.013001,0.022734,-0.109227,0.039194,-0.210027,0.095852,-0.128533,0.235988,-0.067143,-0.106033,-0.141708,0.224588,0.441585,0.038302,-0.269442,0.432876,-0.387353,0.095387,0.014118,0.02765,-0.03794,0.313143,-0.010164,0.063127,0.128398,0.006738,0.545088,0.04524,0.128062,-0.412161,0.177022,-0.033982,-0.08667,-0.280725,0.081046,-0.614422,0.285532,-0.014982,-0.011984,0.474372,0.364441,#
19,-0.315442,-0.007504,-0.185005,0.167669,-0.120217,-0.14376,-0.179056,0.113974,0.107995,-0.242896,-0.278276,-0.022043,-0.029073,-0.124092,-0.059502,-0.363931,-0.172153,0.269319,0.183669,1.0,0.033774,0.082268,-0.171575,0.387622,0.256546,0.08384,-0.166193,0.073496,-0.327571,0.071717,0.344752,-0.175519,0.218477,0.618013,-0.365043,0.031118,-0.07965,0.152195,-0.136219,-0.136002,0.318415,-0.250793,0.120602,0.073998,-0.010992,0.041231,0.125499,0.074109,-0.222199,-0.07305,0.030966,0.296461,0.001293,-0.193434,-0.361461,0.04642,0.293233,-0.31433,0.166473,-0.076654,-0.100458,-0.075237,0.056456,0.131434,-0.130011,-0.182595,0.0,-0.122452,-0.279396,0.195422,0.016664,-0.136823,-0.207257,-0.071311,-0.095914,-0.206732,0.541799,0.408793,0.266038,0.232307,0.281846,0.223287,0.163985,-0.126015,0.372978,0.309839,-0.062294,-0.157896,0.348349,0.275914,-0.041441,0.48136,0.325767,-0.103069,-0.341471,-0.129738,0.119108,-0.016996,0.050413,0.283916,-0.114283,0.424635,0.295856,-0.01209,0.104146,0.270827,-0.096717,-0.284406,0.172422,-0.119101,0.160669,-0.114656,0.590508,0.442975,0.008979,0.018493,0.522355,0.030068,0.235721,-0.155426,0.349431,-0.104011,0.109432,0.004888,0.211043,0.298839,0.20478,-0.061915,0.192069,0.275914,0.046089,0.289158,0.222511,0.15174,-0.022926,0.077461,-0.114656,0.07395,0.113169,0.039472,-0.03385,-0.142283,0.223698,0.265401,0.346041,0.2118,0.274184,-0.216336,0.270118,0.172422,0.23476,0.168239,-0.06529,0.229861,0.261551,0.491437,0.040921,0.000391,0.091523,0.358352,0.098915,0.42317,-0.128159,0.236527,0.254769,-0.126729,0.286967,0.119099,0.129682,0.296019,-0.151565,0.335551,0.297048,-0.044599,-0.20283,0.177974,0.025863,-0.313271,-0.318534,-0.017023,-0.024621,-0.099794,-0.080837,-0.300388,-0.075571,0.137588,-0.239751,0.42826,-0.366097,-0.187885,0.376832,-0.356678,-0.308968,-0.355615,-0.139426,-0.382518,0.09827,0.334417,0.162941,0.008668,#
20,-0.019269,0.123178,0.134771,0.077897,0.118508,0.048256,0.260873,-0.176155,-0.048203,0.118664,0.154711,-0.099648,0.258303,-0.314083,-0.291821,-0.09089,-0.18982,0.180156,0.14644,0.033774,1.0,0.148396,-0.029342,0.171226,-0.069578,0.101792,0.193211,0.246038,0.38561,0.259591,-0.106999,0.040363,0.0727,0.043832,0.064751,-0.20877,0.025533,-0.381818,-0.173562,0.102695,0.241523,-0.02161,0.096549,0.159443,-0.01992,0.025957,-0.448442,-0.140124,-0.428641,-0.064811,0.00043,0.152953,-0.208769,-0.118961,0.243745,0.050965,-0.126495,0.022089,-0.265441,0.106731,0.159103,-0.082827,0.115964,-0.148488,0.281894,-0.007792,0.0,-0.235613,-0.265018,0.192204,-0.194247,0.177887,0.176551,0.111399,-0.203249,0.020872,0.152007,0.035234,0.121289,-0.137665,-0.24886,0.023718,0.167336,0.208521,-0.161771,-0.349267,0.279,-0.354686,-0.180663,-0.113436,0.012756,-0.191539,0.003006,-0.060466,0.094366,0.230559,-0.252696,-0.032779,-0.164439,0.322195,0.200137,0.09684,-0.107776,0.020728,0.15278,0.274692,0.033007,-0.001093,-0.281005,0.242126,0.016484,0.230166,-0.148188,-0.039329,-0.157025,-0.002959,0.034655,-0.046777,-0.316577,0.142784,-0.04371,-0.060407,-0.097811,-0.053972,-0.210131,-0.069327,0.51673,-0.189113,-0.115509,-0.054162,-0.259872,0.039355,0.046329,0.102096,-0.270287,0.319436,-0.208413,-0.457219,-0.188265,-0.258332,-0.290622,-0.072322,-0.159469,-0.113112,-0.221228,-0.130081,-0.269012,0.266948,-0.042745,-0.369846,0.248331,-0.250009,-0.08333,-0.145881,-0.224073,-0.220325,-0.027901,0.155257,0.041906,-0.242379,-0.092714,-0.086671,-0.140519,-0.134281,-0.24662,-0.219076,-0.234363,0.131045,0.11678,0.077116,0.147797,0.355554,-0.181019,0.18996,0.246508,-0.288102,0.023244,0.532575,0.237913,-0.087517,0.067206,0.183129,0.304837,-0.094132,0.253058,0.414508,-0.183238,0.393183,0.274186,0.452749,-0.095965,0.274181,0.331517,0.125749,0.107412,0.370385,0.321247,0.209679,0.318935,-0.072474,#
