0,1.0,0.180984,-0.005544,-0.446331,0.151323,0.03085,0.367685,-0.245066,0.096544,0.118723,0.266191,-0.381944,0.457441,0.270106,-0.10822,0.110007,-0.25478,-0.191884,0.446999,0.035347,0.018242,0.094239,0.233168,-0.208826,-0.033264,-0.182236,-0.276622,0.025801,0.276392,0.053699,-0.358244,0.011613,0.178488,-0.384025,0.23513,0.18288,0.09317,-0.007507,-0.154085,0.249463,-0.168461,0.119415,0.079166,-0.177174,-0.021708,-0.246496,0.398947,0.234998,-0.130331,-0.043801,0.343403,-0.222868,0.075732,-0.205867,-0.048011,0.131273,0.089073,0.047986,0.003802,0.205037,0.421649,-0.102671,-0.097816,0.24479,-0.121141,0.133982,-0.292758,0.025538,-0.095238,0.086427,0.086541,0.186073,0.095561,-0.380683,-0.162908,0.191078,-0.509489,-0.157319,-0.019823,0.021869,0.228856,0.032069,-0.29604,-0.513285,-0.050141,0.064688,-0.28896,-0.09828,-0.127933,-0.183643,-0.333783,-0.145496,-0.051162,-0.139246,-0.153834,-0.231248,-0.206397,-0.429137,-0.167677,-0.315044,0.273682,-0.240533,-0.009238,-0.288513,-0.172344,-0.173884,-0.0911,0.073844,-0.18336,-0.161275,0.120651,-0.095224,-0.429668,-0.240533,0.037881,0.109485,-0.073936,-0.078629,-0.022437,-0.111163,-0.016331,-0.260966,-0.101429,0.009961,-0.201626,0.067936,0.254623,0.119927,-0.05638,-0.16752,-0.193821,-0.312838,-0.082185,0.274839,0.128188,-0.219105,-0.025384,-0.043647,0.439565,0.136324,-0.319023,0.207804,0.092392,-0.420541,-0.33547,0.175746,-0.180646,0.012981,-0.166365,-0.153042,-0.14093,-0.069592,-0.325766,-0.013335,0.140821,-0.119348,0.166558,0.029281,-0.376499,-0.014492,0.104043,-0.086416,-0.180646,0.0523,0.367982,0.132881,0.253789,0.146747,-0.299968,-0.152182,0.017974,-0.073886,-0.038112,0.079604,0.002333,-0.009636,-0.133809,-0.320147,0.115185,-0.477169,0.110352,0.139244,0.031056,0.279055,0.060853,-0.022572,0.224535,0.080519,0.142326,0.364866,-0.228266,0.068384,0.510224,-0.002716,0.045906,0.241125,-0.029715,0.16842,0.010217,0.060618,#
1,0.180984,1.0,0.069095,0.016769,-0.136545,-0.043386,0.238485,-0.087898,-0.157109,0.136143,0.081609,-0.072329,0.044216,0.120475,-0.154159,-0.160345,0.090147,-0.091809,0.179783,-0.050755,0.442872,0.209872,0.064011,-0.470743,-0.118325,-0.435329,-0.248973,-0.138219,-0.062566,-0.019324,0.015335,-0.107579,0.132002,0.192694,0.102472,0.281495,-0.199075,-0.329133,-0.03786,0.095139,0.001631,0.208362,-0.029506,0.198692,-0.001509,0.046079,0.001262,-0.028815,0.338604,0.109544,-0.100135,0.102973,0.190311,0.065897,-0.128434,-0.02226,0.157467,-0.015134,-0.088422,-0.108374,0.174973,-0.221151,0.214212,-0.09105,0.122359,0.359181,-0.434702,0.264761,0.09183,0.096116,-0.09004,-0.125807,-0.250434,-0.297634,-0.146689,-0.176469,-0.002092,0.137112,0.27835,-0.042685,0.112011,-0.033206,-0.042498,-0.188393,-0.072377,0.093278,0.019413,0.070529,-0.041868,-0.006329,-0.347272,-0.030228,-0.217894,0.056088,-0.005455,-0.081168,0.028599,0.00259,0.048144,-0.008532,0.184156,0.093504,0.226701,0.032095,-0.208755,-0.134572,0.245201,-0.169579,-0.118554,-0.075076,0.266917,-0.192976,-0.063613,0.093504,-0.050049,-0.080042,0.026272,-0.112441,-0.054642,-0.152115,-0.029984,-0.268635,-0.343684,-0.044935,0.005194,-0.293055,0.208886,-0.210201,-0.183673,-0.109163,0.276649,-0.270569,-0.119678,0.094636,-0.213901,-0.288726,0.233007,0.22245,0.218631,-0.142431,0.173446,-0.185342,0.310674,0.007085,0.05789,-0.157434,-0.467047,0.195202,0.139411,0.191628,0.146139,-0.174627,0.157531,-0.209659,-0.078069,-0.005939,0.023055,0.007338,0.048144,0.281109,0.080198,0.073347,0.095139,0.021185,-0.188394,0.250217,0.252252,0.111687,-0.015874,-0.334525,0.135081,0.130874,-0.326456,-0.1106,0.259685,-0.366052,-0.00595,-0.132556,-0.041873,-0.183627,-0.041392,-0.017596,0.283623,0.131135,0.216329,-0.323319,-0.036186,-0.113183,-0.139409,0.314007,0.026517,0.255551,-0.264132,-0.129736,0.079832,-0.085222,0.182099,-0.181188,-0.366994,0.050632,#
2,-0.005544,0.069095,1.0,-0.381354,0.182452,-0.17393,0.160714,-0.108164,0.117861,0.093979,0.277847,-0.086588,0.166732,0.108941,-0.231506,-0.06177,0.072399,0.116144,0.210763,0.153347,-0.033094,-0.005785,-0.043218,0.017517,-0.271414,0.221816,0.173733,-0.172072,0.122116,-0.255736,-0.125406,0.410878,-0.143137,0.104966,-0.02956,0.205798,-0.071777,0.394716,-0.10575,-0.23071,0.34678,-0.037964,-0.032386,-0.207399,0.037015,-0.37447,-0.158771,-0.08519,-0.243237,0.053416,0.045306,-0.274352,0.159424,-0.33222,-0.209452,-0.078583,-0.096871,-0.165311,0.155856,-0.147114,0.079985,-0.383701,-0.063022,-0.171719,0.34401,0.204261,0.096956,0.155526,0.165575,0.050281,0.012831,0.186117,-0.430403,-0.110156,-0.105513,-0.120158,0.02677,0.038244,-0.127178,-0.0386,0.081342,-0.026444,0.141645,0.064891,-0.118331,0.25756,0.267795,-0.081563,-0.045332,0.217063,-0.188424,0.165509,0.191023,-0.016657,0.152537,-0.105552,0.080065,-0.317212,0.1757,0.108083,-0.26196,-0.100217,0.043507,0.111275,0.360554,-0.049468,0.005511,-0.219174,0.181803,-0.0144,-0.279259,-0.180443,-0.084424,0.067084,0.272621,-0.279467,0.017789,0.423478,-0.257605,-0.345517,-0.160214,0.268358,0.085973,-0.331032,-0.166887,0.081837,0.364156,-0.056823,0.246297,-0.192287,0.180935,-0.20809,-0.073324,-0.076371,0.254301,0.031819,0.264741,0.451173,-0.332871,0.189464,0.127289,0.29412,0.132733,0.051,-0.111808,-0.253745,-0.23071,0.169559,-0.158011,0.101584,0.004345,0.273515,0.041378,0.018909,0.168612,-0.276933,-0.00263,0.127931,0.167788,-0.004701,0.245304,-0.112267,0.19362,0.226938,-0.122682,-0.14957,0.105633,0.013765,0.12922,0.128858,-0.10822,-0.122512,-0.129655,-0.070444,-0.315495,0.010831,-0.047358,0.010038,0.054604,-0.353371,0.083104,0.053318,0.004865,-0.057399,-0.183281,-0.014908,0.177532,0.089195,-0.103681,-0.485683,0.109589,-0.220299,-0.263724,0.302759,-0.015542,-0.106916,-0.067541,0.064813,0.0813,-0.101314,#
3,-0.446331,0.016769,-0.381354,1.0,-0.372577,-0.119361,-0.133307,0.223133,-0.379121,-0.330744,-0.024314,0.136078,-0.305069,-0.341743,0.044175,-0.050677,0.329639,0.158753,-0.225177,-0.28382,0.211014,-0.12567,-0.475433,0.055458,0.249534,0.235445,-0.138212,0.006411,-0.332487,-0.217099,0.366262,-0.40724,0.102759,0.01475,-0.306248,-0.105342,-0.159691,-0.238167,0.260183,0.190049,-0.172526,-0.353075,-0.094666,0.183753,0.052921,0.339961,-0.299584,-0.242917,0.383869,0.008911,-0.2293,0.48566,-0.048506,0.374026,0.306872,-0.144156,0.354725,0.097113,-0.208594,-0.231887,-0.489889,0.326971,0.415191,-0.240109,-0.094428,-0.084281,-0.028529,0.061498,-0.217847,0.023633,-0.133944,-0.104377,0.148637,0.290221,0.108658,-0.208267,0.43447,-0.068675,0.114237,0.049773,0.03823,0.201021,0.357032,0.093588,0.120442,-0.299468,0.039002,0.34711,0.201021,0.110975,0.217863,-0.084036,-0.040394,-0.094534,0.113206,0.126734,0.313613,0.203323,0.102476,0.367564,0.183905,0.301956,0.268499,0.359799,-0.278767,0.062309,0.328785,0.157336,-0.107044,-0.089051,-0.07301,0.101165,0.363334,0.308546,0.033618,0.309424,0.069658,0.013017,-0.089343,0.369597,0.266098,0.28573,0.013621,0.221533,0.343046,0.019503,-0.511218,-0.181744,-0.18199,0.223799,-0.197327,0.528052,0.186867,-0.161869,0.01961,0.296616,0.091121,-0.322985,-0.194643,-0.049477,0.048231,-0.134856,0.291494,0.193604,0.431309,0.019251,0.190049,0.02586,0.435913,-0.013567,0.438526,-0.208164,0.099356,0.071339,0.112792,0.163603,-0.392889,-0.151262,0.305074,0.07322,0.045734,0.159441,-0.212335,-0.229167,-0.073038,-0.387178,-0.031064,0.118355,0.161051,0.061031,0.100351,0.445533,0.29277,0.359255,0.217212,0.109675,-0.02343,0.043257,-0.385908,0.571368,-0.530001,0.10246,0.220549,-0.196563,-0.133879,-0.033261,-0.382025,-0.129503,0.117224,0.198508,0.003236,-0.032078,-0.195323,-0.339598,0.073203,-0.168515,0.104033,-0.221595,-0.456727,-0.024245,#
4,0.151323,-0.136545,0.182452,-0.372577,1.0,0.145393,-0.189522,-0.190197,0.10538,-0.075951,0.430458,-0.097992,-0.02242,-0.315764,-0.243152,0.264658,0.261229,-0.054177,-0.108279,0.137452,-0.211325,-0.251368,0.121489,-0.190212,0.069816,-0.000278,-0.180113,0.042005,-0.085464,-0.248361,-0.282808,0.038742,0.183103,-0.026993,-0.051263,0.024313,-0.120972,-0.001479,-0.106898,0.184301,-0.170875,-0.389037,-0.017163,0.187461,-0.334055,0.119986,-0.159218,-0.087336,-0.008416,0.287705,0.011941,-0.038751,0.179244,0.306591,0.069689,0.239692,-0.353775,0.179498,0.171195,0.270241,-0.085265,-0.171472,-0.013166,-0.299837,-0.389525,-0.170874,0.592196,-0.161697,-0.231893,-0.17516,-0.126269,0.023741,0.122414,0.221561,0.202223,-0.146245,0.034644,0.009008,0.190095,-0.041911,-0.070183,0.449294,0.140377,0.052117,0.381021,0.108505,0.114539,-0.066719,0.117167,0.054346,0.312995,0.521296,0.195509,0.388651,0.163447,0.21898,0.269115,0.070178,-0.218321,-0.054117,0.081189,0.08317,0.216975,0.118605,0.371032,-0.026499,-0.016042,0.253311,-0.01545,0.129568,0.033126,-0.176128,-0.089536,0.08317,-0.184444,0.374232,0.033492,0.276257,-0.394763,-0.026248,-0.172021,0.254731,-0.22106,-0.000675,0.072691,0.082641,0.047677,0.173661,0.140205,-0.009242,0.352653,-0.195562,0.279345,0.031423,0.268489,0.059458,0.246761,0.045301,-0.200723,0.343986,-0.022239,-0.036789,-0.219443,0.226547,-0.135931,-0.080203,0.168358,-0.32187,0.176207,-0.055308,0.182063,0.063625,-0.161004,0.189471,-0.021596,0.123268,-0.036796,-0.124112,-0.427028,0.203092,-0.156494,-0.259787,0.184301,0.347964,0.148032,0.030446,0.112722,0.03115,-0.070518,0.337267,0.017873,-0.219715,0.222395,0.097627,-0.34859,0.356874,0.105686,-0.179913,0.053738,-0.005954,-0.119309,0.207069,0.025154,-0.09748,-0.033754,0.167168,0.349771,0.440245,0.174203,-0.17198,0.272305,-0.06609,0.070761,-0.13341,-0.126562,0.019749,-0.111157,0.305114,0.135494,-0.248648,#
5,0.03085,-0.043386,-0.17393,-0.119361,0.145393,1.0,0.216065,0.223319,0.09695,-0.228109,-0.079212,0.113801,-0.152763,-0.235039,-0.084685,-0.087422,0.259741,0.025413,-0.087154,-0.198946,-0.107587,-0.319022,0.070639,-0.202888,-0.218439,0.165877,-0.009748,0.044388,0.107026,0.252061,-0.539888,-0.07591,-0.164327,-0.207964,0.234749,0.162908,0.166428,-0.304934,0.086501,0.23458,-0.357719,0.12243,-0.322589,-0.236397,-0.015333,0.162722,0.171476,-0.281282,-0.076657,0.397069,0.16584,0.162001,-0.100443,0.190476,0.004511,0.199058,-0.154675,0.557373,-0.359813,-0.145487,-0.082832,0.159221,0.238767,0.306117,-0.249663,-0.175465,-0.049661,-0.061959,-0.085967,-0.557201,0.302696,-0.313511,0.066756,-0.066748,-0.200012,0.386622,-0.21482,0.137902,-0.345479,-0.143626,-0.429726,-0.301022,0.011199,0.274351,-0.23194,-0.416749,-0.293343,-0.118354,-0.301022,-0.061246,-0.161971,-0.159663,-0.208763,-0.174268,-0.178413,-0.063031,-0.108374,-0.267923,-0.394537,-0.330574,0.096888,-0.093159,0.110969,-0.289438,-0.349823,-0.339265,0.184992,0.270841,-0.341333,0.176714,0.117858,0.395462,-0.262747,-0.446983,-0.292131,-0.251668,0.145838,0.228044,-0.02334,-0.10321,-0.256091,-0.261317,0.051992,-0.001261,-0.224716,-0.08511,-0.032954,-0.048527,-0.463076,0.004165,-0.014124,-0.313867,-0.111319,0.106346,-0.447761,-0.23194,0.172234,0.363235,0.195993,-0.021479,-0.153016,0.183095,-0.14046,0.201223,-0.050779,-0.257153,0.2186,-0.003026,-0.192989,-0.170152,-0.192695,-0.297964,0.157915,-0.020037,0.140435,-0.146151,-0.040125,-0.1264,-0.603722,-0.19865,-0.469814,-0.268026,-0.180888,-0.216069,-0.141334,-0.005887,-0.303615,-0.216073,-0.124056,-0.321021,0.179673,-0.199806,-0.071942,-0.439313,-0.017746,-0.193487,0.066819,0.033741,-0.030485,-0.008006,0.284279,-0.207673,0.216421,0.1247,0.535166,-0.344266,0.111565,-0.105614,-0.023151,0.174491,0.100662,0.26636,0.320687,-0.078414,-0.224798,0.241695,0.115572,0.141862,-0.154306,-0.270393,#
6,0.367685,0.238485,0.160714,-0.133307,-0.189522,0.216065,1.0,-0.136815,0.160105,-0.003695,-0.014578,-0.018963,0.328529,0.244879,-0.280356,0.31894,0.159797,0.416801,0.154968,0.234232,-0.126867,-0.084117,0.194828,-0.28094,-0.178256,0.084877,0.149316,-0.111603,0.557961,-0.031321,-0.335941,-0.096832,-0.050184,-0.217272,0.206907,0.2553,0.18496,-0.203509,0.132234,0.199671,0.261162,0.215843,-0.022773,-0.130433,0.057506,-0.260158,0.191848,-0.138077,-0.274766,0.025023,0.119948,-0.244543,0.031128,-0.01479,0.297886,-0.131939,0.184866,-0.069404,-0.050934,-0.18035,0.356005,0.093527,-0.062707,0.391278,0.345656,0.144457,-0.33076,0.213435,0.102071,-0.181527,0.165619,-0.049867,-0.201341,-0.682448,-0.374299,0.211818,-0.509913,-0.22766,-0.208251,-0.272996,-0.284991,-0.26135,-0.284631,-0.076349,-0.513905,-0.133725,-0.28073,-0.483406,-0.591475,-0.367856,-0.779786,-0.416638,-0.67885,-0.306748,-0.421638,-0.513905,-0.257303,-0.562694,-0.320748,-0.231606,0.023497,-0.18699,-0.194259,-0.120418,-0.281817,-0.61695,0.342215,-0.006113,-0.104162,-0.304682,0.095421,-0.145252,-0.328164,-0.362434,-0.126619,-0.535591,0.029726,-0.126476,0.133366,-0.212721,-0.315931,-0.306765,-0.311586,-0.177088,-0.165315,-0.316136,0.130908,0.216768,-0.347137,-0.1105,-0.189796,-0.448277,-0.301592,0.178403,-0.156765,-0.355704,0.285637,0.085397,0.327508,-0.356142,-0.28238,0.191754,0.11517,-0.499986,-0.376796,-0.108889,-0.212349,0.539108,-0.390588,-0.45386,-0.390116,-0.435061,-0.160033,-0.134349,-0.105717,-0.217125,0.103966,0.238907,-0.320748,-0.297579,0.242859,-0.379533,0.199671,-0.340628,-0.186106,0.108549,-0.006747,-0.074652,-0.584594,-0.278635,0.270698,-0.033149,-0.343132,-0.290426,0.051714,-0.534134,-0.199271,0.37895,0.123891,-0.511777,0.43025,-0.184147,0.120512,0.623475,0.19658,-0.559355,0.074588,0.0418,-0.188184,0.209049,-0.353582,0.179168,0.212825,0.084471,-0.2147,-0.081164,0.101105,-0.223312,-0.112036,0.300026,#
7,-0.245066,-0.087898,-0.108164,0.223133,-0.190197,0.223319,-0.136815,1.0,-0.229708,-0.183943,-0.343154,-0.199203,-0.131635,-0.181608,0.218002,-0.298076,0.191947,-0.125417,0.196229,-0.301171,0.179346,0.2237,-0.217055,0.018185,0.054444,0.155929,-0.13728,-0.253402,-0.157155,0.115787,-0.197838,-0.131728,-0.178433,0.114176,-0.07423,-0.28065,-0.102709,-0.152545,0.197137,0.061968,0.149505,-0.088695,-0.061092,-0.224614,0.121278,0.122537,-0.103384,-0.156524,-0.225356,-0.132167,-0.178433,-0.075954,0.021093,-0.212158,-0.050417,0.125293,0.501483,-0.069697,-0.17347,-0.037725,-0.155085,0.023258,-0.088331,-0.11057,-0.165662,-0.065295,0.097489,-0.088088,-0.17566,-0.137125,0.032435,-0.092448,-0.327341,0.200476,-0.11858,-0.007672,0.229541,0.244481,-0.225289,0.130466,-0.188344,-0.265936,0.14511,-0.185837,0.124817,-0.185365,0.162066,0.168549,0.131907,0.228778,0.10187,-0.171269,0.154865,-0.122982,0.315872,0.124817,-0.144756,0.324837,-0.163957,0.151102,-0.174774,0.192187,0.26049,-0.157699,-0.134742,0.067834,-0.161981,0.091869,-0.343996,0.156878,0.21683,0.040242,0.245699,0.192187,0.207055,0.122483,0.15542,-0.096637,0.214581,0.181854,0.133162,0.060828,0.307892,0.210427,-0.063434,-0.179457,-0.245122,-0.105471,-0.142883,0.116215,-0.1896,0.206715,0.246659,-0.163281,-0.103551,0.200181,0.151766,0.132329,-0.039185,-0.208869,-0.209132,-0.161747,-0.263533,0.375195,-0.229124,-0.140654,0.022245,-0.053428,0.246118,0.110921,-0.170113,-0.099181,0.08596,-0.23977,-0.070428,-0.457699,-0.149434,0.020929,-0.163957,0.087747,-0.125233,0.174072,0.061967,-0.106065,-0.13601,-0.258077,-0.417257,-0.092311,0.115918,0.211174,-0.093334,-0.220468,0.111869,-0.190347,0.123825,-0.197162,0.029244,0.179628,0.151237,0.195662,-0.189356,-0.250052,0.174341,0.215998,-0.178436,-0.17821,-0.254483,-0.176187,-0.188306,0.065774,-0.120079,0.060006,-0.167268,-0.128108,0.225439,-0.188188,-0.220186,-0.10339,-0.232889,0.14144,#
8,0.096544,-0.157109,0.117861,-0.379121,0.10538,0.09695,0.160105,-0.229708,1.0,0.348,-0.095701,0.494475,-0.055444,0.144789,0.054885,-0.091996,-0.470149,0.172433,-0.066993,0.278373,-0.013335,-0.174023,0.236524,-0.033435,-0.178648,-0.02667,0.212018,0.198501,0.126233,0.024989,-0.404249,0.209091,0.34889,-0.065867,0.202667,-0.039971,0.242987,0.139316,0.031518,-0.13996,0.135671,0.188661,-0.134565,-0.247273,-0.056304,-0.067323,0.184451,0.343632,0.059785,-0.133437,-0.184145,-0.055037,0.217821,0.151931,0.217908,0.222519,-0.517278,0.056881,-0.206687,0.137491,0.12557,-0.264581,-0.180108,0.245782,0.198076,0.167189,-0.063975,0.274477,0.394016,-0.16615,-0.036058,0.139776,0.207366,0.140893,-0.078454,0.057664,-0.147638,-0.01475,-0.075675,0.087714,-0.14355,-0.267197,-0.245884,-0.056137,-0.214254,0.212151,-0.535154,-0.490249,0.086646,-0.481699,0.02269,-0.12364,-0.152579,-0.065378,-0.151265,0.158642,-0.172291,-0.209721,-0.284004,-0.188707,-0.261482,0.079527,-0.129148,-0.022277,0.139411,-0.343395,0.000579,-0.094924,0.026613,0.078592,0.127326,-0.253197,-0.264741,-0.108522,0.076817,-0.238324,0.174987,0.060062,-0.116564,-0.142211,0.077876,-0.202191,0.223969,-0.107432,-0.254305,0.1252,0.385182,0.007192,-0.037817,0.209611,0.26724,-0.087601,-0.488648,-0.076976,-0.006351,0.134856,-0.124785,0.306218,0.243145,0.088692,-0.087601,0.319138,-0.077107,-0.239339,-0.07276,-0.501136,-0.13996,-0.159284,-0.191562,-0.078252,-0.004507,0.316907,-0.252396,-0.071914,0.273776,0.027224,0.29805,0.353048,-0.284004,-0.243543,-0.108713,0.062376,-0.13996,0.243817,-0.232584,-0.224057,0.027585,-0.214489,-0.182679,0.009201,-0.006134,-0.114875,-0.153713,-0.140829,0.166267,0.095631,0.233941,0.052863,0.400051,-0.045542,0.406671,0.215629,-0.401568,0.147371,0.169592,0.174665,0.37575,0.227838,-0.25886,-0.144523,0.001477,0.012449,0.018435,0.219115,-0.195976,0.097885,-0.293549,-0.380693,0.313813,-0.104652,#
9,0.118723,0.136143,0.093979,-0.330744,-0.075951,-0.228109,-0.003695,-0.183943,0.348,1.0,-0.24763,-0.102472,0.285638,0.58064,-0.04293,-0.125698,-0.475813,0.285674,0.051948,0.424052,0.014503,0.043438,0.278503,0.067285,-0.004945,-0.302108,-0.249667,-0.015222,0.064883,0.405564,-0.014589,-0.04755,0.220725,0.008765,0.157726,0.066179,0.213836,0.01662,0.122557,-0.294968,0.37298,0.180372,-0.071774,-0.205812,0.016952,-0.330208,0.065034,0.425447,0.169156,-0.039036,-0.151834,-0.306578,0.320693,-0.160952,0.091373,0.173192,-0.301441,-0.417986,-0.190347,0.22493,0.432986,-0.086825,-0.453682,-0.149922,0.045993,0.00181,0.065063,0.066139,0.040439,0.100872,-0.198339,0.284246,-0.182634,0.073273,-0.247935,-0.324376,-0.03128,-0.313095,0.225768,0.477503,-0.0,-0.271096,-0.207135,0.071096,-0.331544,0.284311,-0.150743,-0.218561,-0.048658,-0.198539,0.007213,0.12128,-0.176698,-0.125344,-0.224864,0.430302,-0.508056,-0.002259,0.080081,-0.192898,-0.461731,-0.085376,-0.150058,0.024217,0.058971,-0.192346,0.021785,-0.640149,0.324593,-0.246456,0.487117,-0.010463,-0.132374,-0.092765,-0.091524,-0.3116,0.263526,0.03413,0.454167,-0.119721,-0.275455,-0.112796,0.027666,0.048829,-0.239041,0.509106,0.532954,-0.089309,-0.131005,-0.166135,0.255738,0.12226,-0.554726,0.260477,-0.154976,-0.289611,-0.120896,0.153005,0.094242,-0.052163,0.255,-0.276297,-0.046072,-0.427068,-0.208148,-0.230614,-0.294968,0.052547,-0.148466,-0.164532,-0.269632,0.453948,0.026283,-0.726696,0.190325,-0.186431,0.720978,0.353302,0.080081,-0.328515,-0.282566,0.308754,0.052053,0.159381,-0.025353,0.209792,0.211249,-0.15726,0.19903,-0.22224,-0.190169,0.01396,-0.075889,-0.344531,0.413853,-0.214485,0.214852,-0.072736,0.493761,-0.23484,0.451089,0.347736,-0.561191,-0.199543,0.017973,0.104399,0.332116,0.162834,-0.576395,0.135054,-0.345215,-0.409932,-0.172173,0.164062,-0.013228,0.081841,0.08679,-0.020605,0.559925,0.421083,#
10,0.266191,0.081609,0.277847,-0.024314,0.430458,-0.079212,-0.014578,-0.343154,-0.095701,-0.24763,1.0,-0.03922,0.130572,-0.061661,-0.340306,0.082813,0.098314,0.081283,-0.015039,0.08254,-0.052788,-0.355994,-0.135602,-0.06318,0.129067,0.336136,-0.073912,0.061774,0.097969,-0.38498,-0.024248,-0.052497,-0.015553,-0.297616,-0.308279,0.347684,-0.287806,0.319514,-0.15527,0.301745,-0.422375,-0.514072,-0.134882,-0.091586,-0.234762,0.224725,-0.225426,-0.043262,0.204887,0.308938,0.349257,-0.131966,0.198169,0.154238,-0.089509,-0.066386,0.00737,0.252306,0.153981,-0.307456,-0.262377,-0.234063,0.088398,-0.1639,-0.099379,0.217444,0.251479,0.063219,-0.175048,-0.128398,-0.026357,0.017471,0.025429,-0.030806,0.10531,-0.127294,-0.140955,-0.034851,0.099414,-0.087601,0.043584,0.254188,0.071398,0.096087,0.135277,0.04027,-0.025697,0.204293,0.077217,0.197091,0.012886,0.240932,0.02417,0.132215,0.034843,-0.037407,0.27788,-0.209337,0.136509,0.031381,0.10048,-0.282184,0.04714,-0.015508,0.139919,0.016221,0.159042,0.251862,0.019949,0.398021,-0.272778,-0.253268,-0.264409,-0.094083,-0.083494,0.329372,-0.425257,0.212965,-0.649157,0.081963,-0.124046,0.423638,-0.302299,-0.411505,-0.180392,0.111096,-0.143018,-0.000643,-0.04595,-0.15686,0.088979,-0.25865,0.208158,-0.447178,0.384058,-0.027814,0.529343,-0.126516,-0.318865,0.266165,-0.251809,0.148473,0.292137,0.178779,0.254472,-0.078905,-0.139999,-0.006191,0.166328,-0.059861,0.518416,0.063065,-0.252465,0.137658,0.027564,0.024029,-0.409149,-0.160409,-0.085905,0.15116,-0.091327,-0.280817,-0.139999,0.113827,0.293317,-0.242193,0.008627,-0.173666,0.012161,0.208881,0.000958,0.049126,0.101024,0.220401,-0.422104,0.432992,0.008627,-0.153987,-0.3098,0.025771,-0.299342,0.220412,0.17492,-0.192116,0.158908,0.133583,0.103515,0.392379,0.433604,0.217394,0.379073,0.01996,0.186529,-0.17767,-0.105361,-0.229356,-0.124095,0.071868,-0.190433,-0.470273,#
11,-0.381944,-0.072329,-0.086588,0.136078,-0.097992,0.113801,-0.018963,-0.199203,0.494475,-0.102472,-0.03922,1.0,-0.204566,-0.110839,-0.148168,-0.034103,-0.203899,0.175129,-0.260414,-0.232483,-0.014236,-0.339566,0.010619,0.024669,-0.002894,0.02648,0.192832,0.427881,0.045129,0.118718,0.014037,-0.026744,-0.060652,-0.115659,0.003707,0.043622,0.057747,-0.084267,0.137476,-0.166633,-0.170256,0.030416,-0.032986,-0.016396,-0.332969,0.417179,-0.196013,0.012712,0.153414,0.14458,-0.394271,0.335324,-0.146802,0.349321,0.269145,-0.114563,-0.424276,0.161612,-0.251252,-0.254101,-0.291245,-0.308043,0.132461,0.285035,0.284024,0.40876,-0.186777,0.374711,0.557062,-0.116385,0.031641,-0.263305,0.119101,0.169392,0.225923,0.145264,0.033908,0.253941,-0.250902,-0.229352,-0.32172,-0.225109,0.090471,0.220874,-0.160698,-0.317752,-0.205175,-0.342107,0.104792,-0.144597,0.079476,-0.210041,-0.287251,0.195456,-0.043704,0.009978,0.15303,0.076994,-0.210325,0.105484,0.047957,-0.023468,-0.138152,0.142512,-0.184388,-0.098526,-0.038605,-0.031477,-0.095049,0.277497,0.073355,-0.301451,-0.14077,-0.20223,-0.225109,-0.180603,0.064328,0.001168,-0.182682,0.011016,0.007783,0.050851,0.008768,-0.232743,0.06054,-0.124392,0.042642,-0.230935,-0.007939,0.079801,0.074928,0.109049,-0.179271,-0.277591,-0.112859,0.174089,-0.200877,0.003164,-0.04424,-0.253626,-0.053484,0.129475,0.144692,0.079569,0.385689,-0.296299,-0.166633,-0.01897,-0.071037,-0.128672,0.263678,0.141915,-0.073377,0.199023,0.119221,0.11886,-0.136509,0.133257,0.001048,-0.151458,-0.128263,-0.036586,-0.166633,-0.030455,-0.411119,-0.064601,-0.066193,-0.052994,0.104313,-0.098292,0.29321,0.239789,-0.021792,-0.001642,0.235231,0.072188,0.122428,0.441939,0.04716,0.428988,0.074084,-0.125375,0.051157,-0.137962,0.318436,0.292732,-0.027022,-0.000794,0.076509,-0.094612,0.252523,0.322419,0.08873,0.310018,-0.200331,-0.016556,-0.118099,-0.102971,-0.012728,-0.209156,#
12,0.457441,0.044216,0.166732,-0.305069,-0.02242,-0.152763,0.328529,-0.131635,-0.055444,0.285638,0.130572,-0.204566,1.0,0.712845,-0.01349,0.129201,-0.282987,0.341799,0.491701,0.438591,0.100097,0.094571,0.397225,0.076523,0.009275,-0.342853,0.081174,0.173054,0.517779,0.272114,-0.019918,0.040233,-0.165272,-0.070899,-0.174727,0.097545,0.402379,0.044691,0.09773,0.10889,0.075985,0.086045,0.133424,-0.218723,-0.143173,-0.561547,0.361827,0.439314,-0.233149,0.04025,0.048055,-0.204094,0.220054,-0.330871,-0.124209,-0.100617,0.084374,-0.319086,0.036221,-0.154704,0.516413,-0.149463,-0.330693,0.152457,0.119132,0.157342,-0.112363,-0.051532,0.171809,0.136854,-0.082744,0.3147,-0.161468,-0.404633,-0.415271,0.06681,-0.317715,-0.149838,-0.249416,0.042281,0.009529,-0.15231,-0.352803,-0.248909,-0.198836,0.202736,-0.065484,-0.026596,-0.160271,-0.119076,-0.463361,0.131872,-0.325018,-0.238871,-0.088381,-0.198836,-0.392596,-0.277692,-0.262054,-0.412974,-0.133891,-0.281962,-0.286517,-0.281117,-0.006084,-0.05318,-0.267761,-0.294617,-0.042074,-0.176502,0.186409,-0.138516,-0.345105,-0.281962,0.234657,-0.209403,-0.158455,0.017162,0.27687,-0.282799,-0.230864,-0.230218,-0.183653,-0.209854,-0.295246,0.0841,0.281376,0.065669,-0.141112,-0.446952,-0.038201,-0.163517,-0.178566,0.176771,0.208847,-0.199285,0.011664,0.003894,0.202943,-0.23893,-0.371535,0.127116,-0.074609,-0.296934,-0.438834,0.177164,-0.407741,0.418047,-0.361478,-0.057974,-0.357229,0.053082,-0.096033,-0.3462,0.005012,-0.405618,0.3787,0.063182,-0.262054,-0.348105,0.203897,-0.094346,0.10889,0.098805,0.389551,0.346872,0.290864,0.273933,-0.201672,-0.035212,-0.166613,-0.205908,-0.257745,-0.180495,0.076867,-0.237568,-0.187822,0.152205,0.285748,-0.368419,0.072605,-0.113312,0.082649,0.002582,0.108737,-0.177955,0.254078,0.224605,-0.223279,0.365435,-0.252791,-0.18132,0.176996,0.450708,0.295138,0.007007,0.054969,0.078146,0.244742,0.332401,#
13,0.270106,0.120475,0.108941,-0.341743,-0.315764,-0.235039,0.244879,-0.181608,0.144789,0.58064,-0.061661,-0.110839,0.712845,1.0,0.105172,-0.068248,-0.48398,0.297804,0.291015,0.415981,0.149063,0.023373,0.322679,0.05181,0.025932,-0.276239,0.242505,0.364492,0.308317,0.386947,0.22749,0.171628,-0.224339,-0.021996,-0.144044,0.057527,0.249146,0.279988,0.192836,-0.291072,0.20896,0.489864,-0.053691,-0.120734,-0.123283,-0.609007,0.461471,0.445401,-0.244893,-0.113891,0.079755,-0.291705,0.204953,-0.5424,-0.247581,-0.09767,-0.033625,-0.369737,-0.177542,-0.216735,0.604772,-0.013284,-0.458226,0.135685,0.245352,0.051085,-0.151767,-0.141769,0.207801,-0.032826,-0.010022,0.249623,-0.16526,-0.333133,-0.345314,0.046053,-0.382953,-0.126724,-0.13062,0.194834,-0.058705,-0.483139,-0.486937,-0.018159,-0.371959,0.29854,-0.173797,-0.086991,-0.124882,-0.138891,-0.448867,-0.057196,-0.426456,-0.163349,-0.29498,-0.008396,-0.443449,-0.229395,0.085636,-0.473459,-0.350274,-0.289615,-0.366357,-0.327082,-0.13634,-0.088754,-0.070448,-0.653423,0.180859,-0.105241,0.24369,0.002115,-0.507669,-0.095487,0.074149,-0.419214,-0.053449,-0.196636,0.452463,-0.297644,-0.035411,-0.420492,-0.004713,-0.197127,-0.361429,0.068376,0.249126,-0.058494,-0.260727,-0.447407,-0.122053,-0.095861,-0.410404,0.049035,0.027316,-0.338692,-0.046406,-0.051541,0.307646,-0.478645,-0.102921,0.069393,0.163992,-0.39909,-0.402453,0.03559,-0.291072,0.419172,-0.353272,-0.002956,-0.351217,0.386771,-0.079052,-0.504717,-0.162884,-0.29757,0.524556,0.178417,0.085636,-0.421979,-0.057519,0.034,0.164824,-0.05262,0.190432,0.353045,0.108971,-0.011157,-0.189871,-0.223381,-0.294033,-0.085946,-0.321008,-0.407223,0.239045,-0.298418,-0.015294,0.171542,0.243905,-0.430077,0.350173,-0.069662,-0.217194,-0.138263,0.224158,-0.042119,0.017882,0.280463,-0.387766,0.306588,-0.292882,-0.268498,0.045498,0.431164,0.161177,-0.09076,0.151698,-0.093541,0.371038,0.40812,#
14,-0.10822,-0.154159,-0.231506,0.044175,-0.243152,-0.084685,-0.280356,0.218002,0.054885,-0.04293,-0.340306,-0.148168,-0.01349,0.105172,1.0,-0.51128,-0.139211,-0.201448,0.120841,0.207356,0.358167,0.147141,-0.02959,0.296754,-0.034613,-0.014606,0.487214,0.081115,-0.051447,-0.105689,0.079599,0.388107,0.215672,0.12848,-0.301568,-0.587052,-0.122578,0.034682,-0.176803,-0.248868,-0.074167,0.357164,0.042345,0.154328,0.150074,-0.273461,0.059894,0.051224,0.041978,-0.16178,0.215672,0.096799,0.329333,-0.015509,-0.234651,0.391733,0.160775,-0.124361,0.052367,0.175197,0.324466,0.019792,-0.158608,-0.053056,0.020597,-0.215689,-0.01971,-0.332902,0.217286,0.100356,-0.195693,-0.293729,0.085578,0.180877,-0.218016,-0.105043,-0.026433,0.239507,-0.10112,0.379105,0.323672,-0.126124,0.048971,-0.232543,-0.026815,0.490413,0.172508,0.324542,0.380273,-0.346892,0.07604,0.189953,0.275742,-0.007784,0.033812,0.313559,-0.24266,0.088727,-0.021049,-0.114439,-0.229107,0.045933,0.312732,-0.44871,0.180697,0.247113,-0.290141,0.179604,0.062391,0.045812,-0.059834,0.044745,0.278723,0.227679,0.58232,-0.010106,-0.172008,-0.133765,0.118746,-0.367279,0.428072,-0.359522,0.372405,0.111885,-0.082613,-0.049572,0.120475,0.102416,0.172072,0.245638,0.084159,0.091054,-0.003346,-0.182971,0.126336,0.177855,-0.398821,0.218748,0.387076,0.077252,-0.259267,0.073517,-0.097576,0.266744,-0.089948,-0.032357,0.161534,-0.178518,0.052344,0.371444,0.05827,-0.117967,0.310247,0.177426,-0.177851,0.229291,0.273136,-0.257553,-0.021049,0.308956,0.147063,0.227765,-0.248868,0.044836,0.0108,0.087062,0.246759,-0.084215,-0.112682,-0.05185,-0.571703,-0.220992,-0.19151,0.31768,-0.040516,-0.076737,0.231844,-0.218705,0.280107,0.132588,-0.171146,0.100765,0.137571,0.020877,-0.126165,-0.118189,0.055804,-0.006013,-0.079895,-0.110657,0.111804,0.054607,-0.078404,-0.034562,0.001413,0.05361,-0.191374,-0.363253,0.017793,-0.139889,#
15,0.110007,-0.160345,-0.06177,-0.050677,0.264658,-0.087422,0.31894,-0.298076,-0.091996,-0.125698,0.082813,-0.034103,0.129201,-0.068248,-0.51128,1.0,0.089853,0.153644,-0.104816,0.082711,-0.551255,0.028686,0.039247,-0.059586,0.157193,-0.068221,-0.09329,0.052586,0.284282,0.029005,0.045229,-0.269526,-0.033982,-0.044098,0.061635,0.355159,0.317463,0.007125,0.22061,0.305967,0.192226,-0.180378,0.257072,0.073162,-0.254932,0.039248,0.183057,0.067229,-0.071946,0.049989,-0.033982,-0.083564,-0.294535,-0.000523,0.194059,-0.220789,-0.004698,0.024498,0.157972,0.173987,-0.080385,0.256486,0.069119,0.215157,-0.144484,-0.230707,0.110827,-0.035257,-0.264365,-0.166556,0.215653,0.349528,0.220813,-0.222471,0.266188,0.303223,0.024418,-0.202059,0.254402,-0.272965,-0.139437,0.262543,-0.26607,0.08487,0.14204,-0.319511,-0.028912,-0.337172,-0.273384,0.198937,-0.16733,0.031884,-0.325309,0.118156,-0.141555,-0.394852,0.189219,0.168619,-0.089633,0.023557,0.272894,0.082069,-0.318297,0.320757,0.113906,0.011049,0.147916,0.094255,0.025176,-0.249086,-0.087977,0.005378,-0.090299,-0.107808,-0.279873,0.123184,0.125561,0.035131,0.050896,0.186874,-0.142148,0.107529,-0.32389,0.03315,0.21596,-0.079521,-0.141356,0.339351,-0.031378,-0.153306,-0.241035,-0.102064,0.045104,0.403028,-0.005611,-0.039248,0.089009,-0.342803,-0.068896,-0.081228,0.084386,-0.028912,-0.270608,-0.381167,-0.075513,0.281572,0.288816,0.256221,-0.194393,-0.299117,-0.191717,-0.16432,-0.252375,0.124418,-0.095078,0.028025,-0.059812,0.170408,-0.089633,-0.427033,0.255534,-0.289482,0.305967,-0.016176,0.172719,0.070042,-0.176734,0.35175,-0.188547,0.031652,0.311245,0.083301,0.27435,-0.133589,-0.061217,-0.075553,-0.195879,0.348505,-0.16282,-0.232489,0.178682,-0.130951,-0.219119,0.293345,-0.025218,-0.013431,-0.114359,0.048801,0.090046,0.014652,-0.205339,-0.190513,0.172602,0.031423,0.000542,0.119115,0.180416,0.087879,0.362915,0.264643,#
16,-0.25478,0.090147,0.072399,0.329639,0.261229,0.259741,0.159797,0.191947,-0.470149,-0.475813,0.098314,-0.203899,-0.282987,-0.48398,-0.139211,0.089853,1.0,0.056689,-0.016655,-0.086843,-0.19759,-0.079635,-0.301524,-0.245122,-0.241186,0.328342,-0.034626,-0.142651,-0.061603,-0.384887,-0.072183,-0.009378,-0.022374,0.185996,0.045498,0.16078,-0.277375,-0.172966,-0.154899,0.317865,-0.069865,-0.267077,0.0335,0.359434,-0.041934,0.22429,-0.234885,-0.751167,-0.103248,0.078587,0.166673,0.076264,-0.088095,0.204435,0.217444,0.02075,0.24114,0.057023,0.167385,-0.211227,-0.276445,0.014514,0.225365,-0.32155,-0.292335,-0.210742,0.25933,-0.115186,-0.360361,-0.202992,0.00801,-0.312817,0.017369,-0.056444,0.082657,-0.169986,0.189863,-0.055127,0.089811,-0.103702,0.027223,0.421709,0.395975,0.066556,0.132538,-0.145556,0.293722,0.006972,-0.285749,0.194087,0.003384,0.03561,0.008445,0.087564,0.220995,-0.053594,0.419412,-0.028544,-0.122319,0.196742,0.107533,0.254704,0.347825,0.141708,-0.091373,-0.178023,0.307527,0.268802,0.02,-0.091899,-0.115773,0.003155,0.273097,0.247742,-0.276287,0.144218,-0.040013,0.186914,-0.133439,0.064395,-0.143889,0.116689,-0.348345,0.120252,0.170353,-0.269819,-0.326622,0.00967,0.044157,0.186426,0.088884,-0.106304,0.541543,0.057424,0.166593,-0.046947,0.528591,-0.134574,-0.196926,0.079786,0.071454,-0.222643,0.074709,0.394584,0.069749,0.135159,0.285163,-0.021238,0.142964,-0.081591,0.126151,-0.431572,0.247097,0.130654,-0.121043,0.183118,-0.407288,-0.356133,-0.122319,0.320492,0.063359,-0.108656,0.301514,-0.28678,-0.096258,-0.099105,0.001121,-0.025827,-0.182758,0.205828,0.168985,0.075572,0.089088,0.190782,-0.434337,0.073454,-0.197529,0.018179,-0.326821,0.185027,-0.321409,0.031439,0.540012,0.149726,-0.180195,-0.218716,0.023516,0.201391,0.264215,-0.14862,0.15815,0.215657,-0.198013,-0.378677,-0.144885,-0.050942,0.189531,0.274069,-0.480125,-0.100808,#
17,-0.191884,-0.091809,0.116144,0.158753,-0.054177,0.025413,0.416801,-0.125417,0.172433,0.285674,0.081283,0.175129,0.341799,0.297804,-0.201448,0.153644,0.056689,1.0,-0.151397,0.474301,-0.278776,-0.347475,0.155891,0.059667,0.047014,0.225425,0.165081,-0.024514,0.273664,0.144084,-0.079087,-0.358895,-0.11627,0.074565,-0.045303,0.169696,0.090076,-0.116716,0.211243,0.08387,0.101309,-0.201495,0.101905,-0.079766,0.045648,-0.147062,-0.15722,0.16695,0.141154,0.10447,-0.227269,-0.052408,0.151368,0.138521,0.164106,0.01034,0.006137,-0.108641,-0.004651,-0.075368,0.156866,0.030222,-0.094822,-0.130051,0.132779,0.009446,0.15597,0.253497,0.025094,-0.142338,0.04975,0.018764,-0.23841,-0.158186,-0.31007,-0.07162,-0.045893,-0.343296,-0.243616,0.106067,-0.395587,-0.224319,-0.280283,0.380307,-0.45117,0.003587,-0.154878,-0.235602,-0.382267,-0.261427,-0.384458,-0.047205,-0.53074,-0.353394,-0.248401,-0.152452,-0.190607,-0.230475,-0.116137,-0.037248,-0.454465,-0.230388,-0.243147,0.0613,-0.100661,-0.380068,0.193004,-0.256348,0.173885,0.029315,0.082234,-0.021181,-0.121204,-0.230388,-0.029675,-0.322114,-0.093821,-0.065963,0.304967,-0.097591,-0.485419,0.185884,-0.184984,-0.294096,-0.228136,0.089058,0.02376,0.297578,-0.386886,-0.195168,0.056233,-0.085018,-0.43978,-0.029624,-0.167605,-0.119665,0.300675,-0.075503,-0.353894,-0.242786,-0.077802,0.083266,0.05749,-0.255923,-0.171473,-0.111527,-0.29247,0.66468,-0.148468,-0.182733,-0.193661,-0.016886,0.206186,-0.347716,-0.024618,-0.212166,0.063339,0.488068,-0.116137,-0.374284,0.004609,0.075084,0.191396,-0.099652,-0.029401,0.073374,-0.163719,-0.082295,-0.073347,0.155412,-0.005668,-0.015571,-0.085263,-0.216957,0.06995,-0.284539,-0.193493,0.332597,0.009077,-0.194799,0.355216,-0.019131,-0.049174,0.066838,0.305889,-0.325018,0.232432,0.322012,-0.494706,0.127153,-0.261281,-0.249265,-0.197724,0.139593,-0.090113,-0.16442,0.108117,-0.120289,0.082995,0.358505,#
18,0.446999,0.179783,0.210763,-0.225177,-0.108279,-0.087154,0.154968,0.196229,-0.066993,0.051948,-0.015039,-0.260414,0.491701,0.291015,0.120841,-0.104816,-0.016655,-0.151397,1.0,0.102605,0.087051,0.219101,0.144866,0.114818,-0.040901,-0.2271,-0.213569,0.099307,0.279317,0.065252,-0.177145,0.241058,0.06315,-0.012272,-0.024347,0.273917,-0.015564,0.010767,-0.255948,0.162713,0.139664,0.07392,0.100502,-0.254739,-0.065646,-0.223589,0.259592,0.002432,-0.161689,-0.004307,0.162477,-0.05807,0.176893,-0.406136,-0.301209,0.236057,0.298329,-0.324744,0.063941,-0.210779,0.370927,-0.35178,0.009781,-0.047272,-0.228654,0.103239,-0.392454,-0.144065,0.026974,0.092204,-0.30169,0.159031,-0.200847,-0.460369,-0.43127,-0.209851,-0.147413,0.014388,-0.316713,0.282306,0.432493,-0.11581,0.063317,-0.793324,0.002374,0.113306,0.126735,-0.100457,-0.041118,-0.007066,-0.255462,-0.166276,0.16704,-0.336596,0.379453,-0.149223,-0.188621,-0.008651,-0.340215,-0.131133,0.137475,0.018925,0.042547,-0.33494,-0.123921,0.112971,-0.390568,-0.217601,-0.065607,-0.064672,0.043983,-0.134914,-0.075807,0.062229,0.28896,0.178976,0.189861,0.068595,0.115922,-0.223838,0.148015,-0.279134,0.021157,-0.01329,-0.437042,-0.054406,0.36934,-0.141808,0.122366,0.123052,-0.174534,-0.182593,0.074833,0.174581,0.126743,0.082383,-0.121829,0.091338,0.34657,-0.028006,-0.36003,0.144526,0.049006,-0.173766,-0.200059,0.165622,-0.193221,0.093046,-0.283313,0.253379,-0.147576,-0.000822,0.152826,-0.216832,0.147316,-0.173806,0.072287,-0.089107,-0.118336,0.108184,0.273969,0.212213,-0.193221,-0.167111,0.099296,0.069044,0.350938,0.243251,-0.205309,-0.022954,-0.292092,0.096715,-0.087803,0.122851,-0.025248,0.005552,-0.176173,-0.011042,0.257444,-0.139896,-0.218858,0.035639,0.27282,0.079018,-0.195694,0.047883,0.407303,0.149334,-0.016293,0.07523,-0.301876,0.170661,-0.025403,0.170251,0.277537,0.157213,-0.153556,0.159574,-0.070144,0.101409,#
19,0.035347,-0.050755,0.153347,-0.28382,0.137452,-0.198946,0.234232,-0.301171,0.278373,0.424052,0.08254,-0.232483,0.438591,0.415981,0.207356,0.082711,-0.086843,0.474301,0.102605,1.0,-0.101042,0.064983,0.37227,0.180437,-0.190417,-0.151407,0.2617,-0.185242,0.416099,-0.172066,-0.04251,0.247628,0.191364,0.259451,-0.125147,-0.061893,0.214099,0.128638,-0.138564,0.166969,0.364057,-0.027809,-0.036338,-0.17346,-0.022164,-0.439542,0.091494,0.375327,0.121387,-0.097074,0.117734,-0.399365,0.525018,-0.000251,0.000458,0.127654,-0.169872,-0.408546,0.309017,0.066279,0.448615,-0.082915,-0.419325,-0.048542,0.13042,-0.149459,0.229826,-0.09138,0.072758,0.114284,-0.375849,0.150718,0.027541,-0.24039,-0.362906,-0.3099,-0.063957,-0.311984,0.155529,0.206683,0.056656,0.034665,-0.271882,-0.023253,-0.066242,0.565208,-0.097515,-0.265493,-0.110751,-0.389488,-0.178302,0.344515,-0.214347,-0.32167,-0.161574,0.10145,-0.233124,-0.101788,-0.10574,-0.298511,-0.430867,0.089395,-0.201432,-0.09518,0.428757,-0.175246,0.082578,-0.113024,0.370032,-0.196703,0.142056,-0.115809,0.088457,-0.05814,0.190362,-0.238823,-0.145215,0.036109,0.149947,-0.277231,-0.227118,-0.259323,-0.100885,-0.333556,-0.320872,0.242051,0.304994,0.241261,0.056494,0.19086,0.433128,-0.303638,-0.27319,0.02988,0.147451,-0.066615,0.154577,0.15034,0.09327,0.12373,-0.124272,-0.088303,-0.22054,-0.188872,-0.200693,-0.154477,-0.179508,0.265726,-0.146577,0.023602,-0.149731,-0.012865,0.164237,-0.383446,-0.165513,0.107626,0.433916,0.141232,-0.10574,-0.182955,0.224237,-0.100253,0.265963,0.134176,0.006436,0.12209,0.285558,-0.170639,-0.33521,0.152321,-0.369442,-0.292399,-0.438446,-0.080618,-0.196467,-0.040524,0.096248,-0.010256,0.298521,-0.1781,0.267448,0.297233,-0.229575,0.095195,-0.004002,-0.319826,0.518144,0.423757,-0.385124,-0.003128,-0.080968,-0.300583,-0.254285,0.012905,0.085299,-0.107435,-0.22333,-0.282315,0.408871,0.124723,#
20,0.018242,0.442872,-0.033094,0.211014,-0.211325,-0.107587,-0.126867,0.179346,-0.013335,0.014503,-0.052788,-0.014236,0.100097,0.149063,0.358167,-0.551255,-0.19759,-0.278776,0.087051,-0.101042,1.0,0.184967,0.004008,-0.140923,0.102349,-0.279899,0.031107,0.032918,-0.336871,-0.22092,0.050385,0.093257,0.279039,0.017946,-0.460881,-0.469329,0.034288,-0.275827,0.261679,-0.211548,0.026087,0.318363,-0.417554,0.130451,0.057386,-0.121261,0.074158,0.126079,0.132008,-0.00086,-0.24028,0.246877,0.3927,0.149815,-0.000879,-0.013986,0.101227,-0.042579,-0.396887,-0.264682,0.014556,0.074245,0.084424,-0.058373,0.344953,0.124762,-0.275428,-0.096162,0.318735,0.082219,-0.323864,-0.068921,-0.200232,0.161767,-0.327931,-0.175404,-0.009103,0.298164,0.110438,0.044171,0.041289,-0.133642,0.200567,-0.209603,0.120821,0.190824,-0.121487,0.504068,0.538156,-0.182153,0.03721,0.112545,0.121832,0.130872,0.11922,0.291258,-0.063392,-0.154126,0.110103,-0.189729,0.180941,0.172013,0.334872,-0.105592,-0.071945,0.042359,0.045824,-0.044661,-0.301669,-0.162535,0.135572,-0.149348,0.035412,0.172013,0.40071,-0.035828,0.093797,-0.107471,-0.232146,-0.002925,0.312459,-0.305608,0.076188,0.071174,0.004588,-0.155656,0.127116,-0.494939,-0.243763,0.052833,0.110454,0.063739,-0.141288,-0.123013,0.026292,0.167436,-0.112188,0.303327,0.412197,-0.047311,-0.105059,0.056408,0.141001,0.154216,-0.053336,-0.324934,-0.211548,-0.183341,0.285688,0.216716,0.288441,0.012083,-0.12445,-0.069741,0.035971,-0.038314,0.207685,-0.309138,0.110103,0.236064,-0.07151,-0.001506,-0.211548,0.061416,-0.081903,-0.087521,0.332881,-0.030245,-0.005327,-0.266926,-0.225074,-0.08047,-0.302386,0.046221,0.42098,-0.062769,0.343764,-0.290052,0.255727,0.152601,-0.380086,0.082787,0.216415,-0.193648,0.006762,-0.072095,-0.259299,-0.145648,-0.220059,0.341352,0.031571,0.119432,-0.030891,0.036193,0.002687,-0.157809,-0.051272,-0.434521,-0.27208,-0.026516,#
