0,1.0,0.279104,-0.337062,-0.047167,0.483426,0.193385,-0.31567,-0.250054,-0.021583,0.376324,0.34537,-0.112977,0.462881,0.414571,0.009183,0.214002,0.092521,-0.101342,-0.100125,-0.387917,0.078937,-0.05479,0.217748,-0.325603,-0.073922,-0.231404,-0.086247,-0.162354,0.282527,0.414964,-0.493954,0.418523,0.029539,-0.213497,-0.093251,-0.242127,-0.192195,-0.330057,-0.000296,-0.173157,0.123119,0.177266,-0.28306,0.083088,-0.119088,-0.064451,-0.075099,-0.034165,0.048245,-0.130779,0.027682,-0.074044,-0.092059,-0.24772,0.293084,0.309938,-0.440695,0.398356,-0.338228,0.032488,0.137821,-0.157585,-0.229351,-0.578115,0.301113,0.279009,0.017361,0.347551,0.29899,0.300612,-0.318776,0.125543,0.098144,-0.350598,-0.213443,0.147488,-0.406795,-0.133522,-0.180814,-0.31571,-0.155049,-0.340641,-0.05406,0.039745,-0.388719,-0.075708,-0.250794,-0.035589,-0.212252,-0.197792,0.163543,-0.616522,-0.113179,0.136285,-0.174985,0.059923,0.021337,0.054505,-0.267286,-0.264711,0.155621,-0.435621,-0.191963,-0.017137,-0.210868,-0.024907,0.006649,-0.298002,-0.060213,0.239598,-0.060853,-0.207445,0.118987,-0.267286,-0.495736,-0.06412,0.209859,0.118987,-0.02862,-0.026828,-0.495253,-0.350224,-0.321668,0.057223,0.16735,-0.097487,-0.314915,0.049174,0.284844,-0.539505,-0.370917,-0.053319,-0.451675,-0.421139,-0.286216,-0.247706,-0.165653,-0.350224,-0.384625,-0.661483,-0.421139,-0.415957,-0.539448,-0.063189,0.089276,0.161897,-0.119186,0.286882,-0.180663,-0.268347,-0.553631,-0.189041,-0.226133,-0.02743,-0.122117,-0.136558,-0.164691,0.209131,-0.293575,-0.538515,-0.263878,-0.126435,0.166989,0.046718,-0.21022,0.258792,-0.174435,0.246344,-0.497825,-0.184418,-0.003243,0.173992,-0.186002,0.078642,0.519655,-0.186018,-0.053319,0.146143,0.188144,-0.023791,0.366285,0.08667,0.037293,0.241726,0.372339,-0.363885,0.090311,-0.365614,0.067163,0.285807,-0.431356,0.203827,0.320756,0.048441,-0.179338,-0.347812,0.130111,-0.388719,-0.263907,-0.140109,#
1,0.279104,1.0,-0.012688,-0.276948,0.326333,0.135764,-0.006624,-0.3529,0.117285,0.528201,0.287618,0.303911,0.058462,0.451324,0.196866,-0.167273,-0.244852,0.144114,0.136572,-0.024562,-0.002465,-0.143775,0.309028,0.005794,0.088615,-0.182878,0.222008,-0.355895,0.078926,0.404619,-0.473131,0.033723,-0.159596,-0.251738,-0.160521,0.134789,-0.075831,-0.156072,-0.299031,0.007467,-0.133557,-0.041551,-0.498885,0.098758,-0.00568,-0.162626,0.054303,0.306964,-0.413212,0.284699,-0.04419,-0.521993,0.272403,-0.222214,0.170054,-0.084153,-0.293659,0.254392,0.182436,-0.080003,0.10661,0.67415,0.229999,-0.06565,-0.042923,0.178089,-0.188024,-0.03312,0.174851,0.171692,-0.156164,0.030645,0.206631,-0.226131,-0.381638,0.101373,-0.18159,-0.271884,-0.324176,-0.116707,0.005081,-0.302832,-0.264064,-0.184601,0.104282,-0.064491,-0.491706,-0.453462,0.257177,-0.261803,-0.19774,-0.220582,-0.191085,0.103039,-0.014786,-0.103387,0.171813,-0.100063,-0.15609,-0.09181,0.217888,-0.216043,-0.155209,-0.121814,-0.380377,-0.326982,-0.108987,-0.475698,0.043644,-0.185616,0.245817,-0.161056,-0.296444,-0.15609,-0.226714,-0.083042,-0.341044,-0.296444,-0.108762,-0.414283,-0.137911,-0.271907,-0.28223,-0.154733,0.143967,-0.104029,0.214839,0.236702,0.160615,-0.418861,-0.065552,-0.218009,0.073476,-0.326964,-0.228494,-0.326583,-0.12861,-0.271907,-0.280668,-0.580725,-0.326964,-0.05681,-0.418817,-0.145044,-0.419884,-0.531865,-0.05182,0.405654,-0.081922,-0.157222,-0.377433,-0.344071,-0.123115,-0.326964,-0.277249,-0.185722,0.190227,0.432532,-0.149756,-0.031102,-0.211618,-0.533099,-0.029477,0.033564,0.260352,0.258705,0.003032,-0.093278,-0.386501,-0.418419,-0.217511,0.315504,-0.222303,-0.263143,-0.124304,0.056848,-0.218009,0.28032,0.354232,-0.0711,0.574337,0.060804,-0.134411,0.323338,0.202361,-0.229366,0.35586,0.048696,-0.05805,0.412635,-0.003823,0.033748,0.086677,0.247013,-0.226116,-0.270034,-0.05157,-0.248552,-0.354096,-0.271319,#
2,-0.337062,-0.012688,1.0,0.34855,0.049073,-0.26151,-0.200143,0.320155,-0.076105,-0.35293,0.208304,0.12163,-0.164537,-0.283013,-0.231832,-0.289237,0.024854,0.131271,-0.201211,0.268995,0.110103,-0.028757,0.140051,0.300868,0.528132,0.380417,-0.050536,-0.131378,-0.027597,-0.301832,0.229966,-0.024913,0.194109,0.104821,-0.109192,0.20156,0.168498,0.028026,-0.162588,-0.096354,-0.001735,-0.126372,-0.135545,-0.416806,0.482129,-0.167905,-0.483613,0.018023,-0.119773,-0.038457,-0.110866,0.357892,0.19347,0.372069,0.063047,-0.228741,-0.052974,-0.069279,0.325698,-0.012383,-0.019195,-0.030975,0.100619,0.190211,0.069613,0.204295,-0.000904,-0.070874,0.02314,-0.390917,0.018088,-0.361739,-0.10812,0.047445,0.296186,0.205971,0.140413,0.104611,0.122659,-0.024021,0.352374,0.011579,0.06714,0.10039,0.12961,-0.143299,0.21227,-0.036319,0.004648,-0.182655,0.123368,-0.045762,-0.084403,-0.222947,-0.109819,0.009752,0.316189,0.211614,0.357289,0.20855,-0.283069,0.500451,0.208557,0.414594,-0.317691,-0.074397,0.163429,0.299684,0.018558,-0.07389,0.248717,-0.084841,0.023035,0.172389,0.455132,0.052022,-0.066506,0.023035,0.089409,0.090989,0.144818,-0.065344,0.537342,0.129236,0.083191,-0.052506,0.023051,-0.336319,-0.163502,0.201608,-0.212142,-0.26076,0.364367,-0.046957,0.269941,-0.029034,0.013561,0.123367,0.104596,0.108355,-0.033447,0.535727,0.038724,0.065392,0.130773,0.159874,-0.032562,-0.249565,0.271095,-0.001312,0.193031,0.070318,0.111835,-0.07548,0.364108,-0.22097,0.195145,0.217864,0.237008,0.363563,0.546817,0.147611,0.114785,-0.050445,-0.020664,-0.048439,0.342724,-0.282735,0.277411,0.069622,0.085365,-0.121271,-0.123785,0.206066,-0.472976,0.333498,-0.071913,-0.15025,-0.207828,0.10089,-0.223529,-0.18846,-0.075173,-0.143897,-0.190539,0.132739,0.106321,-0.291755,0.46063,-0.178744,0.277263,0.126949,0.203847,0.044811,-0.031817,0.324085,0.207032,-0.124726,-0.038908,-0.075809,#
3,-0.047167,-0.276948,0.34855,1.0,-0.120057,-0.030493,-0.2596,0.346859,0.175208,-0.167307,0.092396,-0.048708,-0.161994,-0.290677,0.009259,-0.028002,0.109874,0.264937,-0.564549,0.09749,-0.017607,-0.134652,-0.11414,-0.137716,0.402,0.315692,-0.534888,-0.143687,-0.043073,-0.07832,0.498928,0.242783,0.343596,0.10988,0.134251,0.128322,0.252733,-0.100023,0.060735,-0.078685,0.104916,0.064538,-0.06783,-0.243096,0.35456,-0.0977,-0.242798,-0.379077,0.401075,-0.212217,0.148539,0.379648,-0.066024,0.26751,0.022324,0.057549,0.294841,0.029662,-0.345688,-0.286307,0.02142,-0.079458,0.080357,-0.269959,-0.089538,-0.002343,0.386155,-0.235615,-0.124973,-0.479381,-0.100083,0.023139,0.064375,0.019846,0.567663,0.180053,0.053884,0.193862,-0.049711,0.10476,0.190032,0.268764,0.024507,0.275492,-0.127872,-0.336605,0.191797,-0.039205,0.101344,0.119851,0.394127,0.062738,0.290063,-0.171147,-0.110057,-0.238779,-0.222946,-0.047664,0.414328,0.208786,-0.2191,0.423331,0.329207,0.4985,0.163988,0.309232,0.007137,-0.196218,0.423145,0.282038,-0.30041,0.052171,0.31806,0.216775,0.146325,0.515366,0.345086,0.015824,0.187706,-0.020219,0.120388,0.166064,0.425413,0.270523,0.197656,0.085013,-0.237333,-0.079837,-0.253454,0.193445,0.04865,-0.148217,0.110763,-0.189896,-0.19025,-0.019208,-0.059193,0.007399,-0.060682,0.175603,-0.01697,-0.28933,0.177871,0.170674,0.103396,0.117032,0.222859,-0.061094,0.343511,0.21312,0.137234,0.142834,0.008687,-0.023347,0.439366,0.28483,-0.11047,-0.144455,-0.186644,0.0648,0.155201,0.585004,-0.038579,0.144003,0.077268,-0.36619,0.031951,-0.254671,0.108115,0.195329,-0.231808,-0.523691,0.048637,-0.120282,0.016161,0.327582,-0.36508,0.081554,-0.195335,-0.07494,-0.532318,0.115416,-0.325941,-0.367085,0.098329,0.146027,-0.432507,-0.171843,0.13982,-0.314991,-0.208605,0.214379,0.184864,0.195383,-0.238232,0.017738,-0.335167,0.421217,0.073385,-0.004468,#
4,0.483426,0.326333,0.049073,-0.120057,1.0,0.287904,-0.092183,-0.120158,0.05522,0.225565,0.307456,0.298415,0.124237,0.409052,-0.039822,0.390396,-0.257002,0.009066,0.20925,-0.356094,0.08582,-0.294843,0.453597,-0.040909,0.009221,-0.18985,0.25225,-0.240139,0.304194,0.106948,-0.404631,0.382962,0.128794,-0.182717,-0.219986,-0.122733,-0.215578,0.075431,0.148358,-0.161691,0.318683,0.09083,-0.027337,0.060831,0.070998,-0.227336,-0.049369,0.244802,0.077418,-0.115303,0.214827,-0.206119,0.521783,-0.058558,-0.117977,0.203829,-0.372451,0.498436,0.058941,0.016744,-0.090646,0.082576,-0.141217,-0.098619,0.328252,0.429977,0.117937,0.47152,0.282403,0.38296,-0.399686,0.091315,0.229246,-0.438805,-0.252414,0.147194,-0.313717,-0.36763,-0.237296,-0.168008,-0.126329,-0.524066,-0.287955,0.26757,-0.198469,-0.10147,-0.14045,-0.389344,-0.137616,-0.385703,-0.028307,-0.503868,-0.279116,0.040645,-0.29183,-0.026722,0.160643,-0.148388,-0.179029,0.019681,0.30304,-0.325141,-0.242592,0.199195,-0.256812,-0.315387,0.133116,-0.074907,-0.043412,0.228801,0.115499,-0.026524,0.168969,-0.165561,-0.053172,-0.294464,-0.101302,0.168969,0.211131,-0.436563,-0.170987,-0.505102,-0.345353,-0.118145,0.247046,-0.217147,-0.073608,0.055931,0.212052,-0.457273,-0.328266,-0.212599,-0.352457,-0.438917,-0.032821,0.06367,-0.238909,-0.148824,-0.284836,-0.502509,-0.438917,0.045846,-0.621644,0.037886,0.125438,0.12254,-0.176054,0.54365,-0.460666,-0.342443,-0.40973,-0.257247,0.063009,-0.310491,0.01993,-0.253636,0.011907,0.353756,-0.079841,-0.304251,-0.14452,-0.385457,0.266405,-0.078192,-0.134047,0.299043,-0.126695,-0.210391,-0.221717,-0.133136,0.02293,0.252477,-0.158686,-0.144314,0.30996,-0.130663,-0.196567,-0.057577,0.031856,0.227375,0.607446,0.062523,-0.238218,0.26798,-0.060143,-0.268598,0.208277,-0.405346,-0.063216,0.34091,-0.22536,-0.050298,0.474283,0.502605,-0.482342,0.020669,-0.047314,-0.273683,-0.149934,0.001574,#
5,0.193385,0.135764,-0.26151,-0.030493,0.287904,1.0,0.319009,-0.250281,0.128641,0.258485,0.245557,-0.15514,0.324563,0.295838,0.049132,0.189341,0.15896,-0.033544,0.139316,-0.281558,0.095662,0.086403,0.377602,-0.307307,-0.288248,-0.441147,-0.130708,-0.275214,-0.019054,0.032482,0.0668,0.32548,-0.273517,-0.111984,-0.118359,-0.322166,0.021089,0.035716,0.211077,-0.457686,-0.101135,0.378526,0.081533,0.038585,-0.296536,-0.41404,0.165248,-0.213956,0.404211,0.023567,0.197221,-0.246905,0.1739,-0.235105,0.166845,0.573574,-0.162535,0.306194,-0.162973,-0.127733,0.224047,0.079793,-0.061145,-0.141561,0.196741,0.183274,-0.089348,0.288872,0.049156,0.093882,-0.201112,0.158649,0.009209,-0.554853,-0.282449,0.16439,-0.213456,-0.271535,-0.461114,-0.072742,-0.221468,-0.367255,-0.191093,0.308448,-0.306036,-0.025641,-0.191093,-0.266473,0.133626,-0.268908,-0.043975,-0.050447,-0.333253,0.463746,0.1047,-0.069715,0.134347,-0.228874,-0.101936,-0.047566,0.399704,-0.408791,0.022539,-0.401275,-0.052688,-0.560385,0.011405,-0.387256,-0.452612,-0.014718,-0.056948,-0.029515,0.152332,-0.273415,0.042177,-0.360752,-0.162853,-0.120929,-0.072904,-0.229195,-0.087995,0.257631,-0.391262,-0.37107,0.214278,-0.085688,0.171841,0.388666,0.306525,-0.374592,0.013226,0.038461,-0.38214,-0.071415,0.063108,-0.228644,0.072923,-0.280843,-0.050407,-0.265272,-0.042345,-0.033482,-0.069376,-5e-05,0.111253,0.0932,-0.420863,0.587665,-0.287736,0.046732,-0.17231,-0.080535,0.125777,-0.388761,-0.209003,-0.017558,-0.066051,0.071975,-0.143162,-0.218731,-0.159248,-0.094859,-0.11718,-0.010802,-0.023442,0.532075,0.093704,-0.242308,-0.189016,-0.23674,-0.122096,0.123668,0.24032,0.007998,0.250611,-0.15353,-0.373625,0.37297,-0.040449,0.045844,0.318261,0.16324,0.040814,0.209294,-0.271372,-0.298965,0.100696,0.039572,-0.289509,0.132332,0.077188,-0.192055,-0.094906,0.284722,-0.094865,0.039033,0.007862,-0.03242,-0.092871,-0.102797,#
6,-0.31567,-0.006624,-0.200143,-0.2596,-0.092183,0.319009,1.0,-0.25622,0.150897,-0.207424,-0.090087,-0.124615,0.209752,-0.001489,0.012608,-0.349751,0.145304,-0.104867,0.235772,0.169809,0.099795,0.517336,-0.23208,-0.069245,-0.064072,-0.426635,0.042751,-0.12658,0.039655,-0.385326,0.145801,-0.243824,-0.205543,0.169849,-0.299003,-0.242102,0.221604,0.26649,-0.184382,-0.343942,0.135149,0.232335,0.127471,0.161444,-0.126303,-0.09351,0.155837,-0.028525,0.231302,0.311825,0.006068,-0.063495,0.116664,-0.470483,-0.246918,0.179219,0.113456,0.123562,0.24067,0.216658,0.189488,0.181925,0.331451,0.277629,-0.16468,-0.003925,-0.242155,-0.150396,-0.124944,0.261149,0.266648,-0.10832,-0.207293,-0.338085,-0.402127,-0.392223,0.183738,-0.131988,-0.169808,0.087721,0.017457,-0.077142,0.129615,0.069696,0.244838,0.310084,0.327709,-0.003069,0.19379,-0.195065,-0.056852,0.400147,0.070405,0.358265,0.430111,-0.086133,0.061205,-0.286608,0.111688,0.134669,0.249463,-0.201376,-0.153638,-0.242579,0.064772,-0.010725,-0.100147,0.06712,-0.076178,-0.11851,0.172983,-0.207424,0.19985,-0.080737,0.362046,-0.228441,-0.134594,-0.165195,0.339894,0.011139,0.476181,0.077574,-0.119592,-0.09495,-0.26982,0.261592,0.348144,0.32392,0.246127,0.043827,0.113396,0.424177,0.064633,0.383093,0.358393,0.194681,-0.165636,0.077574,0.168675,0.23136,0.179214,0.320675,0.238139,0.248462,0.19102,0.042635,0.116061,0.233718,0.06394,0.310875,0.228304,0.287675,0.348797,0.179214,0.099922,0.074361,0.175335,-0.00673,0.005746,0.219803,0.218181,-0.088647,-0.034567,0.077454,-0.018182,0.074833,0.41052,-0.1795,0.084137,0.052349,-0.021657,0.146344,0.600487,0.123858,-0.084049,-0.160346,0.204284,-0.316243,-0.038407,0.219997,0.153129,0.079911,0.051174,0.030682,-0.389698,0.230772,0.076896,0.238736,-0.296738,-0.242773,0.174697,-0.041092,-0.45634,-0.181773,-0.010287,0.253444,-0.047149,0.244838,-0.006944,0.301536,#
7,-0.250054,-0.3529,0.320155,0.346859,-0.120158,-0.250281,-0.25622,1.0,-0.152616,-0.298677,-0.055746,-0.030257,-0.171634,-0.468874,0.361817,0.18026,0.158687,-0.072743,-0.201464,0.254706,-0.030705,-0.037071,-0.361732,0.25367,0.460457,0.260592,-0.115541,0.150576,-0.126877,-0.249964,0.301508,0.078268,0.237709,-0.06787,0.270532,0.231959,-0.019564,0.042112,0.346238,0.202847,-0.318254,-0.218838,0.004613,-0.213344,0.531415,-0.156834,-0.190086,0.117384,-0.031347,-0.579783,0.240558,0.287663,-0.089032,0.175303,-0.064532,-0.250829,-0.118125,-0.122762,0.245556,-0.208781,-0.382066,-0.270418,-0.49507,0.007809,-0.418461,-0.161053,0.26728,-0.289135,-0.124326,-0.259655,0.022192,0.09398,0.191547,0.165932,0.406832,0.17908,-0.0019,0.214344,-0.052971,-0.039159,-0.001978,0.243464,0.033633,0.144228,0.041675,-0.074993,0.073174,0.08726,0.013648,-0.00937,0.281777,0.069334,0.058339,-0.6051,-0.107995,-0.354364,-0.001233,-0.028793,0.112725,0.201249,-0.146343,0.375837,0.480791,0.20101,-0.008769,0.2401,0.113987,0.313701,0.128575,-0.087822,-0.230229,-0.044935,0.22677,0.180506,-0.076979,0.375953,0.418222,-0.094697,-0.080707,0.060865,0.018313,0.245701,0.228476,0.456693,0.150247,-0.157512,-0.45341,-0.042727,-0.495934,0.475361,-0.076632,-0.404294,-0.039261,0.068321,-0.019321,0.075636,-0.238505,0.212982,0.275817,0.282136,-0.111219,0.323703,0.374011,-0.143939,0.025741,0.174118,0.116246,-0.352533,0.164382,0.192232,0.244825,0.233437,-0.322774,-0.104437,0.243464,0.120014,0.097763,-0.333281,-0.111601,-0.018129,0.288064,0.304898,-0.063342,0.063047,0.014409,-0.534422,0.16467,0.035563,0.391964,-0.014429,0.181213,-0.410091,-0.114638,-0.145153,-0.149514,-0.074901,-0.404294,-0.343922,-0.334267,-0.275535,-0.425191,-0.066929,-0.212592,-0.252648,-0.241863,-0.219072,-0.016553,-0.211302,0.27004,-0.367464,0.168175,0.198703,0.002208,-0.362179,-0.195383,0.261704,0.206406,0.041675,0.30838,0.022079,#
8,-0.021583,0.117285,-0.076105,0.175208,0.05522,0.128641,0.150897,-0.152616,1.0,0.238215,-0.217544,-0.111804,-0.067042,0.268024,-0.124202,-0.030701,-0.233706,0.396676,0.273157,0.024838,-0.143714,0.029049,0.466692,-0.02625,0.212763,-0.310126,-0.195522,-0.318609,0.177812,0.025927,0.244546,-0.053182,-0.274303,0.038192,-0.018485,0.410295,0.346666,-0.304783,0.184275,-0.245501,0.240997,0.024461,-0.107289,0.064639,-0.139612,-0.096122,0.065845,0.241857,0.17184,-0.120186,0.362447,-0.295914,0.150575,-0.097277,-0.34372,-0.17141,0.209568,0.101063,-0.264144,-0.024794,0.195012,0.348479,0.175496,-0.277612,-0.14805,0.29144,0.326737,-0.019719,0.195181,-0.174454,-0.304551,-0.317541,-0.276638,-0.067937,-0.097821,0.071807,0.127575,-0.290513,-0.270165,0.085885,0.258429,-0.188319,-0.182987,0.15231,0.204692,-0.028501,-0.02916,-0.119905,0.299901,0.031164,-0.297178,-0.062452,-0.176117,0.28102,0.090726,-0.103047,0.104929,0.242683,0.389815,-0.021629,0.138093,0.108626,-0.325876,0.289808,0.321803,-0.056255,-0.350671,-0.319637,0.380744,-0.010705,0.27399,-0.276813,-0.150276,-0.284317,0.044492,-0.025239,0.021764,-0.150276,0.155091,-0.596379,0.230682,-0.281649,-0.194935,-0.197608,0.020258,0.067463,0.137036,0.287855,-0.17701,-0.064474,0.173221,0.02653,-0.108811,-0.389878,-0.123603,-0.059977,-0.221046,-0.10339,0.077421,-0.039914,-0.224675,-0.247122,-0.233999,-0.269198,-0.444833,-0.432687,-0.037595,0.331954,-0.281701,-0.115226,0.021784,-0.290033,0.291221,-0.217792,0.17814,0.320359,0.043918,0.387281,0.263247,0.242993,-0.059078,0.078289,-0.130164,0.332582,0.304822,-0.201146,-0.073836,-0.360555,-0.170872,0.26425,-0.070182,0.201476,0.081209,-0.18378,-0.155918,0.127967,-0.16999,0.108993,0.075336,0.297384,0.075336,-0.03524,-0.333571,-0.186402,0.011644,0.186942,0.046513,0.012219,-0.215676,0.066217,0.034801,-0.219378,-0.320606,0.224276,-0.312316,0.053334,-0.215686,0.204692,0.004763,-0.261347,#
9,0.376324,0.528201,-0.35293,-0.167307,0.225565,0.258485,-0.207424,-0.298677,0.238215,1.0,-0.204283,0.268754,0.175742,0.391457,0.03546,0.177223,-0.207231,0.312323,0.31332,-0.383869,0.332382,-0.298679,0.271795,-0.101556,-0.301155,-0.054729,-0.050312,-0.006829,0.19098,0.530556,-0.329765,-0.001913,-0.135074,-0.14035,-0.076817,0.200346,-0.252944,-0.268652,0.004599,0.079692,-0.064412,0.283933,-0.318803,0.280159,-0.228019,0.127748,-0.009446,-0.02802,-0.236859,-0.038213,0.232708,-0.638414,0.092242,-0.020119,0.320715,0.1209,0.161239,0.247117,-0.213836,-0.251678,0.107094,0.366364,0.127019,-0.471719,0.060523,0.144518,0.175303,-0.027023,0.124846,0.088575,-0.608936,0.363648,0.273126,-0.139993,-0.199728,0.050634,-0.537452,-0.230109,-0.444448,-0.210175,-0.354365,-0.130523,-0.416156,-0.10767,0.028011,-0.41586,-0.416156,-0.383788,-0.053469,-0.170428,-0.305203,-0.309111,-0.326891,0.196574,0.095277,-0.016339,0.096336,-0.012928,-0.301203,-0.191571,0.222003,-0.076842,-0.245011,-0.276735,-0.19824,-0.276742,-0.502442,-0.628509,-0.081255,-0.10881,-0.075271,-0.13631,-0.415958,-0.301203,-0.354442,0.03876,-0.269121,-0.415958,-0.276153,-0.565592,-0.233697,-0.230129,-0.65563,-0.126394,0.051938,-0.451556,0.045801,0.163722,0.080271,-0.354503,0.127355,-0.184512,-0.386331,-0.276726,-0.590637,-0.053555,-0.108849,-0.230129,-0.296016,-0.666706,-0.276726,-0.423451,-0.354466,-0.252808,-0.563042,-0.510637,-0.15585,0.538463,-0.444077,-0.301147,-0.491724,-0.736012,-0.276664,-0.276726,-0.406145,-0.108873,-0.124575,0.369705,-0.257712,-0.140928,-0.60588,-0.234626,-0.383683,0.135282,-0.051808,0.16029,-0.354122,0.104998,-0.327115,-0.139993,-0.179681,0.233755,-0.140928,-0.38182,0.195653,-0.023496,-0.184512,0.654673,0.24639,-0.238422,0.485759,0.403029,0.004676,0.273327,0.350639,-0.340315,0.300856,-0.01957,-0.039185,0.826404,-0.101141,-0.18154,0.195783,0.387316,-0.127775,-0.228544,0.075684,0.028011,-0.10992,-0.229631,#
10,0.34537,0.287618,0.208304,0.092396,0.307456,0.245557,-0.090087,-0.055746,-0.217544,-0.204283,1.0,-0.233202,0.249184,0.090305,0.243501,-0.169452,0.170619,-0.108403,-0.24706,0.177949,-0.177538,0.136258,0.0882,0.188388,0.108398,-0.051741,0.116528,0.026156,-0.282571,-0.010816,-0.27993,0.375954,0.2207,-0.03233,0.053066,-0.238436,0.051114,0.264282,-0.156818,-0.075217,0.060916,-0.022399,-0.086666,-0.126415,0.064733,-0.61396,-0.047634,-0.003814,0.106173,-0.13272,-0.053124,0.234256,-0.080888,-0.10713,0.273305,0.097884,-0.637283,0.215992,0.234255,0.078765,0.109988,0.181166,-0.244373,0.149141,0.198071,0.217268,-0.238489,0.101479,0.170889,-0.132935,0.264439,-0.305789,-0.204154,-0.530722,0.022656,0.142044,-0.005114,0.212229,-0.210561,-0.274412,0.072975,-0.386133,0.092903,-0.093379,-0.656267,0.12169,-0.117857,-0.012595,-0.152163,-0.209105,0.205793,-0.229274,0.054956,0.000517,-0.317882,0.121751,0.288741,0.119358,0.097749,-0.1386,-0.010572,-0.223046,0.037381,-0.064522,0.025988,-0.1091,0.266337,0.056431,-0.106189,0.06092,0.203438,-0.204283,0.170751,0.097749,-0.053948,-0.321974,0.00785,0.170751,-0.070865,0.177629,-0.126661,-0.110829,0.063718,0.023604,0.221355,0.235864,0.157175,-0.044722,0.131657,-0.177206,-0.344701,-0.018487,-0.169042,-0.267219,0.168405,-0.263056,-0.163128,-0.185727,-0.098859,-0.118703,-0.197806,0.108817,-0.17889,-0.086714,0.155324,0.069563,-0.171789,0.004023,0.013652,-0.051981,-0.398285,0.265695,-0.004874,-0.111041,0.073261,-0.156396,0.432202,-0.149826,0.045864,0.007836,0.223868,-0.157652,0.384879,-0.154557,-0.149947,0.335851,0.272121,-0.209434,-0.345398,-0.385451,0.035887,0.246018,0.007836,0.089891,-0.061803,-0.197311,-0.276521,-0.056266,-0.0467,0.388748,0.2335,-0.123665,0.217888,0.069117,-0.074348,-0.325718,-0.036419,-0.170965,0.246255,-0.222722,-0.245793,0.157328,0.05853,0.033049,-0.210451,-0.342511,-0.042382,-0.421067,-0.366658,-0.182656,#
11,-0.112977,0.303911,0.12163,-0.048708,0.298415,-0.15514,-0.124615,-0.030257,-0.111804,0.268754,-0.233202,1.0,-0.385236,0.065016,0.0713,0.332737,-0.612983,-0.011031,0.045114,-0.203291,0.34956,-0.347619,-0.011975,-0.109195,0.072937,0.170995,0.161138,-0.297113,0.382633,0.409942,0.051584,-0.018837,0.096041,-0.180283,0.00473,0.225864,-0.642884,0.246907,-0.021981,0.265088,0.242737,-0.272647,-0.116762,0.000922,0.314272,0.15048,-0.265696,-0.082033,-0.422409,0.146262,-0.018267,-0.255422,0.169316,0.392619,-0.172828,-0.121569,0.113544,-0.235309,0.007518,-0.322822,-0.13314,0.218174,0.153217,0.248201,0.027232,-0.194894,0.276213,-0.045313,-0.033847,0.13258,-0.308246,0.41241,0.257304,0.003942,-0.127835,-0.118937,-0.204752,-0.198022,-0.067225,-0.182196,-0.189445,-0.17786,-0.021208,-0.080983,0.396717,-0.1378,-0.40738,-0.549148,0.09135,-0.407963,0.015349,-0.037042,-0.125068,-0.315461,-0.415626,-0.070741,-0.108973,-0.197801,-0.510436,0.230408,-0.028515,0.197149,-0.057848,-0.015458,-0.353794,-0.27882,-0.322622,-0.161971,-0.124428,0.102799,-0.285067,0.245186,-0.239933,0.028405,0.111614,-0.038512,-0.049778,-0.165286,0.015644,-0.460315,-0.269964,-0.133777,-0.17258,-0.015007,0.26223,-0.359944,-0.081219,-0.181973,0.039734,-0.258294,-0.106287,-0.392298,0.069215,0.019511,-0.298134,0.04011,0.205385,-0.071797,-0.066672,-0.278691,-0.297337,-0.058071,-0.29368,0.010855,0.000334,-0.157835,0.256408,0.293689,-0.116508,-0.357293,0.146606,-0.35928,-0.313203,-0.249624,-0.194799,-0.280074,-0.258571,0.449943,-0.204535,-0.188806,-0.222517,-0.179426,-0.191417,-0.253625,0.056847,-0.176701,-0.40099,0.193292,0.258018,-0.182653,-0.140083,-0.04171,-0.237345,-0.356708,0.025802,0.47392,-0.115675,0.147839,0.033149,-0.192004,0.098426,0.115157,-0.247696,0.332124,0.197793,0.081048,0.134125,-0.257404,0.123241,0.30794,-0.042943,-0.026376,0.377861,0.39325,-0.369844,-0.100236,0.038307,-0.017664,0.249759,0.328073,#
12,0.462881,0.058462,-0.164537,-0.161994,0.124237,0.324563,0.209752,-0.171634,-0.067042,0.175742,0.249184,-0.385236,1.0,0.278561,-0.275535,-0.175304,0.418858,-0.020233,-0.003228,-0.051055,0.293974,0.219148,0.015496,-0.148336,-0.034733,-0.27576,-0.296423,-0.099847,0.303939,-0.113639,-0.162509,0.326656,-0.147841,-0.018958,-0.518639,-0.408926,0.025422,-0.274882,0.014673,-0.472317,0.030694,0.566198,-0.07536,-0.042682,-0.088387,-0.047264,-0.035398,-0.056693,0.129324,-0.117574,-0.000667,-0.134454,0.005941,-0.339957,0.325569,0.147145,-0.306203,0.247258,-0.107558,0.207158,0.264742,-0.26138,0.091115,-0.450611,0.111068,0.213354,-0.179792,0.118784,0.216257,0.131659,-0.080032,-0.112038,-0.069561,-0.441326,-0.354044,-0.232,-0.027721,0.05877,-0.122756,-0.16082,-0.097116,-0.230237,0.037376,0.09743,-0.162305,0.072274,0.162093,-0.01346,0.00226,-0.343877,0.342624,-0.187239,-0.15167,0.324093,0.374772,-0.123485,0.060159,0.12612,0.001827,-0.341014,0.296409,-0.241771,0.027507,-0.406249,-0.114665,0.070234,-0.075185,-0.105577,-0.292429,-0.169932,0.306764,-0.350353,0.280489,-0.126447,0.029013,-0.16346,0.010867,0.011527,-0.05128,0.124762,0.107886,-0.236442,-0.43138,0.044504,-0.10976,0.12162,-0.116127,0.374722,0.194357,-0.147034,-0.025889,0.557728,-0.37693,-0.081784,0.231108,-0.066473,-0.27977,-0.267316,0.059339,-0.3953,-0.046416,0.117559,-0.005456,0.111035,0.114767,0.280471,-0.058465,0.283457,-0.137083,-0.101767,-0.337288,0.066858,-0.009154,-0.063106,-0.063576,-0.091585,0.350169,0.054948,0.005636,-0.139323,0.229641,-0.088189,0.02824,0.079017,-0.151751,0.207128,0.221086,-0.151333,-0.113008,0.001331,0.175509,0.391997,0.3522,0.337214,0.285324,-0.338878,0.152125,0.094719,0.139564,-0.055282,0.359629,0.006188,0.215615,-0.036889,-8.4e-05,-0.342663,0.173234,0.056611,0.056067,0.081832,0.217069,0.095722,-0.113587,-0.223671,0.136995,-0.106027,0.209708,-0.162305,-0.405017,-0.048814,#
13,0.414571,0.451324,-0.283013,-0.290677,0.409052,0.295838,-0.001489,-0.468874,0.268024,0.391457,0.090305,0.065016,0.278561,1.0,-0.070955,0.282689,0.017063,-0.021825,0.340668,-0.364568,0.097728,0.014404,0.515802,-0.204579,-0.145388,-0.281939,-0.013027,-0.41508,0.307274,0.363308,-0.514751,0.14663,-0.351103,-0.050789,-0.220209,0.058264,-0.148079,-0.156532,0.024093,-0.169851,0.033082,0.064301,-0.14537,0.35935,-0.273906,-0.21788,-0.066458,0.268446,-0.121626,0.22175,-0.067676,-0.391988,0.217273,-0.272652,0.038001,0.036181,-0.305701,0.312294,-0.315445,0.236957,0.255346,0.302495,-0.026731,-0.16314,0.169469,0.304593,-0.031913,0.041097,0.405457,0.155896,-0.146919,-0.076016,-0.085431,0.025799,-0.170798,0.195383,-0.049146,-0.598131,-0.336409,-0.050357,-0.131558,-0.422665,-0.286807,0.252456,0.038441,0.025213,-0.443943,-0.359782,-0.075571,-0.213682,-0.201446,-0.419423,-0.224199,0.246292,-0.1469,0.104331,0.035217,-0.05137,-0.142543,-0.307811,0.507543,-0.418468,-0.474703,-0.064868,0.025541,-0.384229,-0.213298,-0.503535,0.009316,0.252882,0.178005,0.139768,-0.071322,-0.307203,-0.155957,-0.13817,-0.299705,-0.071322,-0.058692,-0.394718,-0.227548,-0.430656,-0.416488,-0.379537,-0.233864,-0.22334,-0.006652,0.240407,0.314664,-0.597958,-0.274208,0.101162,-0.307918,-0.392811,-0.137139,-0.224309,-0.006469,-0.413411,-0.041789,-0.443264,-0.392811,-0.288988,-0.605705,-0.365468,-0.192943,-0.257631,-0.272501,0.442717,-0.550757,-0.306886,-0.31265,-0.551218,0.263679,-0.386342,-0.240902,-0.070692,0.004227,0.476585,0.146495,-0.310867,-0.23414,-0.553853,0.271562,0.09952,-0.071014,0.437091,-0.129739,0.026613,-0.221415,0.025799,-0.237817,0.453889,-0.158825,-0.040156,0.194595,-0.408437,0.116552,0.387362,0.422704,0.219752,0.77796,-0.363258,-0.103694,0.544308,0.268922,-0.218806,0.459197,0.017662,-0.255806,0.459238,0.083552,-0.285889,0.029766,0.34673,-0.185317,-0.248233,-0.100692,-0.219438,-0.29328,-0.404252,#
14,0.009183,0.196866,-0.231832,0.009259,-0.039822,0.049132,0.012608,0.361817,-0.124202,0.03546,0.243501,0.0713,-0.275535,-0.070955,1.0,0.140529,0.191175,-0.272642,-0.046103,-0.046431,-0.231809,0.025113,-0.353835,0.075551,-0.010597,0.008451,0.176058,0.177952,-0.284817,0.077832,-0.16637,0.114157,-0.078637,-0.220164,0.291464,0.114984,-0.129582,0.297222,0.082691,0.489586,-0.21061,-0.200923,-0.143023,-0.05634,-0.024505,-0.40789,0.093436,-0.01211,-0.071099,-0.159816,0.24799,-0.034266,-0.165827,-0.011457,0.056907,0.108332,-0.254459,0.152397,0.251935,-0.036816,-0.130907,0.471074,-0.465276,0.176605,-0.599592,-0.187436,-0.021568,-0.321873,0.177372,0.10168,0.297399,0.327701,0.020209,0.004941,0.30644,0.207737,-0.286911,0.06835,-0.572437,-0.288304,-0.175821,-0.080872,0.024981,0.071376,-0.299231,-0.094672,-0.330149,-0.072389,-0.06029,0.090269,-0.056394,0.068786,0.194561,-0.327989,-0.190373,-0.189153,0.081984,-0.276645,-0.379225,-0.097445,0.025864,0.079643,0.15246,-0.048079,0.102864,-0.046073,-0.047119,-0.093178,0.124043,0.043511,-0.47413,0.024066,-0.159918,0.115397,-0.511776,0.026802,-0.007129,-0.463073,-0.033042,-0.040886,-0.133511,0.295693,-0.086658,0.199855,0.230144,-0.203717,0.016557,0.027152,-0.011796,-0.167729,-0.231377,-0.337601,-0.166381,-0.154263,-0.305033,-0.318426,-0.199161,-0.223873,0.036647,0.195014,-0.323575,-0.16563,-0.006323,-0.309481,-0.27385,-0.396043,0.119498,-0.066585,-0.158847,0.279686,-0.048251,0.075358,-0.330901,-0.231752,-0.076265,-0.059244,0.037464,-0.144853,-0.404609,-0.31451,-0.124944,-0.201388,0.101176,-0.240388,-0.099254,-0.212425,-0.003217,0.196462,-0.125704,-0.647949,-0.072364,-0.205425,-0.134226,-0.476425,-0.078004,-0.199799,-0.337601,-0.167639,-0.172594,-0.000979,0.087776,0.062396,-0.01013,0.319063,-0.19959,-0.09445,0.231509,-0.040144,0.158852,-0.048868,-0.281058,0.241797,-0.287238,-0.147353,-0.407721,-0.069171,-0.094207,-0.080676,0.164414,0.091701,#
15,0.214002,-0.167273,-0.289237,-0.028002,0.390396,0.189341,-0.349751,0.18026,-0.030701,0.177223,-0.169452,0.332737,-0.175304,0.282689,0.140529,1.0,-0.197821,-0.160125,0.080577,-0.234891,0.137228,-0.445824,0.082702,-0.20474,-0.2826,-0.008155,0.18647,-0.124528,0.344718,0.368736,-0.141902,0.365878,-0.196736,-0.208708,0.2442,0.180098,-0.352708,0.059258,0.535068,0.239812,0.043538,0.000587,0.089122,0.071609,-0.080871,0.036144,-0.100769,-0.032678,-0.122534,-0.271475,0.244563,-0.178225,0.069211,0.195189,-0.151763,0.176495,-0.045425,0.036963,-0.157688,-0.240255,-0.016279,-0.283718,-0.369829,-0.08703,0.144213,-0.093053,0.47012,0.174674,0.238895,0.039005,-0.417766,0.377212,0.170975,0.02452,0.033207,0.206722,-0.050334,-0.155404,0.008099,0.002724,-0.142991,-0.074581,-0.021839,0.10573,-0.149998,-0.146083,-0.343935,-0.261113,-0.168511,0.064395,0.017637,-0.406633,-0.118245,-0.216473,-0.473828,0.077373,0.037084,-0.158351,-0.44127,0.039945,0.176074,-0.217105,-0.135001,0.061224,0.238932,-0.137447,-0.029378,-0.005295,-0.14262,0.23649,-0.458847,0.410071,0.206554,-0.157313,-0.274267,-0.010124,0.035212,0.206554,-0.238075,-0.36393,-0.494117,0.059448,-0.27714,0.020098,0.174969,-0.274463,-0.326285,-0.080881,0.120074,-0.159895,-0.242052,-0.280103,-0.311292,-0.385035,-0.436889,-0.042861,0.009946,-0.239853,-0.226265,-0.190281,-0.385035,-0.174466,-0.170022,-0.156305,0.158034,0.212255,-0.297132,0.285314,-0.401333,-0.335588,-0.131541,-0.401815,-0.192444,-0.465821,-0.093226,-0.037723,-0.293525,0.074581,-0.239137,-0.582951,-0.427288,-0.111986,0.075643,-0.186896,-0.04278,0.021894,-0.465637,0.302534,0.091035,-0.101685,-0.049999,-0.023056,-0.443429,-0.078507,0.317389,-0.093146,-0.264007,0.237095,0.094635,-0.022869,0.171746,-0.056475,-0.260226,0.363631,0.119735,-0.223672,0.147885,-0.122528,-0.024473,0.276237,-0.199185,-0.119013,0.321042,0.368619,-0.206158,-0.090167,0.064126,0.044182,0.19035,-0.088287,#
16,0.092521,-0.244852,0.024854,0.109874,-0.257002,0.15896,0.145304,0.158687,-0.233706,-0.207231,0.170619,-0.612983,0.418858,0.017063,0.191175,-0.197821,1.0,-0.299771,-0.289452,0.004542,-0.114058,0.331865,-0.211807,-0.053999,-0.067724,-0.031899,-0.109925,0.078809,-0.145718,-0.384968,-0.044183,0.006734,-0.205352,0.174761,-0.095411,-0.05005,0.437576,0.021067,0.005301,-0.18047,-0.276959,0.259151,0.126084,-0.097879,-0.116813,-0.167239,-0.037401,-0.255333,0.262191,0.043308,-0.042095,0.237469,-0.315345,-0.258819,0.319896,0.320248,-0.17799,0.397982,-0.025251,0.220513,0.152372,-0.155907,-0.200832,-0.086986,-0.096041,0.032677,-0.24193,-0.138735,0.13787,-0.131574,0.278988,-0.025939,-0.2071,0.030109,0.312439,0.148255,-0.000493,0.076232,-0.172612,-0.097463,0.024606,0.141069,0.134487,0.262175,-0.316163,0.100898,0.333443,0.336382,-0.187724,0.1834,0.232243,0.224448,0.266333,0.186866,0.435797,0.08528,0.0925,-0.129069,0.13029,-0.421439,0.122802,0.018827,0.231297,-0.038514,0.055189,0.160224,0.165945,0.057753,-0.069719,0.045316,-0.048521,-0.207231,0.201332,0.118921,-0.223282,0.150397,-0.175085,-0.178881,0.153184,0.400773,0.114905,0.308892,0.130882,0.105033,-0.252328,0.087002,-0.076576,0.084991,0.331601,0.046865,-0.090308,0.419665,-0.069708,-0.00359,0.150021,-0.21034,-0.165482,-0.128914,0.191593,0.232539,-0.011174,0.10441,0.249355,-0.008838,0.192939,0.181477,-0.089962,-0.244598,0.084551,0.529884,-0.152135,0.288535,0.179317,0.156515,0.141069,-0.11213,0.242477,-0.165142,-0.004599,-0.136903,0.323635,0.1005,0.344538,-0.11002,-0.205647,0.094289,0.416491,0.070151,-0.098896,-0.160355,-0.008491,-0.019252,0.24641,0.32177,0.128923,-0.462124,0.176082,-0.061096,-0.192498,0.060176,-0.006958,-0.078409,0.071484,0.079404,-0.185988,-0.019732,0.125028,0.057352,0.140316,-0.211135,0.176813,-0.002556,-0.235371,-0.325076,0.191145,0.126508,-0.028005,-0.007792,-0.292937,-0.129543,#
17,-0.101342,0.144114,0.131271,0.264937,0.009066,-0.033544,-0.104867,-0.072743,0.396676,0.312323,-0.108403,-0.011031,-0.020233,-0.021825,-0.272642,-0.160125,-0.299771,1.0,0.14351,0.166175,0.344547,-0.029404,0.28147,0.272557,0.114841,-0.161371,-0.097255,0.097359,0.240798,-0.139556,0.181446,-0.073876,0.110252,0.378796,-0.149909,0.133391,0.158863,-0.341874,-0.364343,0.02094,0.168329,-0.090499,0.01113,0.22537,0.084166,-0.02554,0.040141,0.175512,-0.141843,0.055444,0.596745,-0.11564,0.283867,-0.202854,-0.384827,-0.008547,0.403479,0.112362,-0.021684,0.017935,0.033502,0.211248,0.267627,-0.263387,0.064538,0.278801,0.292795,-0.044348,-0.114285,-0.358507,-0.293139,-0.357451,0.322293,-0.050507,-0.064663,-0.275668,0.117924,-0.00432,-0.016363,0.488478,0.432955,0.281963,-0.04768,-0.108399,0.118077,-0.422664,0.085428,-0.110294,0.284837,-0.008471,-0.342648,-0.066461,0.078136,0.094409,0.145885,-0.201784,-0.269389,0.47122,0.466948,0.23719,0.246216,0.454576,0.064375,0.228206,0.164016,0.068763,-0.331647,-0.268897,0.269343,0.073169,0.350602,0.058119,0.018744,0.366475,0.17814,0.046729,0.027924,0.018744,-0.240507,-0.290105,0.472578,-0.206355,-0.128588,-0.327818,0.187471,-0.188816,0.483,0.137178,-0.289892,0.282577,0.271115,0.028722,-0.065361,-0.224534,-0.160364,0.415937,-0.359261,0.099227,-0.079781,-0.093166,0.11853,-0.050525,-0.04611,-0.051047,-0.28036,-0.266107,-0.341039,0.144515,-0.035857,-0.001723,0.071563,-0.433902,0.277842,-0.061444,0.054814,0.173953,-0.061035,0.064461,0.046739,0.427734,0.059555,0.143286,-0.284942,0.387137,0.292066,-0.089353,-0.018295,-0.338273,-0.076583,0.428715,-0.07676,0.184883,0.140248,-0.280261,-0.168131,0.286734,0.008637,0.256235,-0.247145,-0.129515,-0.071397,0.358815,-0.247161,-0.609029,-0.011851,-0.131324,-0.334678,0.258197,-0.086872,0.336179,0.164231,-0.224903,-0.035494,0.263545,0.060189,-0.045615,-0.051952,0.398938,0.016104,-0.225116,#
18,-0.100125,0.136572,-0.201211,-0.564549,0.20925,0.139316,0.235772,-0.201464,0.273157,0.31332,-0.24706,0.045114,-0.003228,0.340668,-0.046103,0.080577,-0.289452,0.14351,1.0,-0.163235,0.113016,0.15905,0.335444,0.230408,-0.201975,-0.346689,0.311478,0.19383,-0.08051,0.048997,-0.19201,-0.359703,-0.2128,0.161636,-0.301216,-0.035416,-0.142279,-0.14138,0.042227,-0.112858,-0.025162,0.094685,0.038603,0.412324,-0.465065,-0.217297,0.235896,0.386409,-0.176306,0.010463,0.191969,-0.326241,0.440584,-0.230097,-0.197671,-0.082714,0.064262,-0.115396,0.222215,0.389331,-0.199015,0.265756,-0.19607,-0.004926,0.043815,0.204258,-0.12893,0.148141,0.19737,0.24397,-0.14069,-0.12508,0.027861,0.148219,-0.209357,-0.110333,-0.227557,-0.253323,-0.226274,0.123406,-0.232105,-0.321653,-0.418257,0.039403,0.147759,-0.062577,-0.270454,0.169239,-0.117256,-0.287819,-0.35697,-0.244897,-0.143968,0.28715,0.072591,-0.006026,0.213849,-0.017666,-0.025673,0.033387,0.198425,-0.083377,-0.314229,-0.094969,-0.031388,-0.420334,-0.295345,0.005981,-0.027616,0.0155,0.335385,-0.178462,-0.335837,-0.214843,-0.003649,-0.418339,-0.338427,0.006493,-0.068135,-0.408663,-0.054193,-0.403895,-0.45944,-0.434225,-0.334964,-0.363931,0.222537,0.13101,-0.123593,-0.073437,0.067604,-0.019025,-0.32949,0.077296,0.007299,0.065336,-0.024493,-0.026492,-0.042818,-0.091623,0.070847,0.226648,-0.377984,-0.374454,-0.293663,-0.21826,-0.317972,0.361778,-0.45612,-0.191442,0.036044,-0.448773,0.258563,-0.090376,-0.300845,-0.101186,-0.08485,0.172964,0.271559,0.253882,-0.164198,-0.400985,0.022455,0.374897,-0.111556,0.264356,0.070236,-0.201491,0.024779,0.094793,0.204163,0.363213,0.072962,-0.264794,-0.048408,-0.341632,0.216083,0.078211,0.115685,0.065812,0.476524,-0.153487,0.073038,0.279344,-0.269169,-0.115183,0.541719,0.043388,-0.349075,0.369429,0.157599,-0.401874,-0.346168,0.113546,0.024969,0.091055,0.257442,-0.140172,0.10157,-0.058177,#
19,-0.387917,-0.024562,0.268995,0.09749,-0.356094,-0.281558,0.169809,0.254706,0.024838,-0.383869,0.177949,-0.203291,-0.051055,-0.364568,-0.046431,-0.234891,0.004542,0.166175,-0.163235,1.0,-0.141435,0.089452,-0.362302,0.621293,0.278812,0.118339,0.177899,0.162217,-0.111288,-0.195683,0.270568,-0.175763,-0.113593,0.368282,0.028299,0.169593,0.492289,0.181988,-0.031673,0.026418,-0.168074,-0.143253,0.10731,-0.16145,0.22622,0.015395,-0.081522,0.114355,-0.24754,-0.159844,-0.068401,0.37062,-0.225463,-0.158716,-0.205067,-0.356593,-0.052081,-0.251789,0.349875,-0.061536,-0.024368,-0.071307,0.187916,0.243523,-0.058197,-0.220448,0.17982,-0.232929,-0.131792,-0.433366,0.163313,-0.488256,-0.152878,-0.03805,-0.069952,-0.239395,0.721303,0.424948,0.33963,0.365216,0.598404,0.229328,0.28027,-0.45003,0.165231,0.295315,0.128214,0.208108,0.21186,0.209503,0.175377,0.213141,0.370501,-0.095633,-0.004832,0.083453,0.14965,0.229013,0.451119,0.10169,-0.113411,0.207136,0.116524,0.02704,0.349213,0.38733,0.076126,0.413108,0.120822,-0.273175,0.191476,-0.149684,0.348012,0.300982,0.304208,-0.044228,0.11946,0.348012,-0.278092,0.138486,0.208371,0.233995,0.377736,0.382575,-0.156498,0.535668,0.18641,0.125495,-0.255453,0.764088,0.244112,0.11904,0.251953,0.060625,0.135811,0.242889,-0.306535,0.233995,0.186225,0.141971,0.227064,0.489381,0.604226,0.213222,0.160129,0.138024,0.045698,-0.258018,0.517622,0.288027,0.081912,0.328205,0.054826,0.060625,0.397641,0.366459,0.473395,-0.385018,0.289727,0.452057,0.323249,0.201957,0.057856,0.209445,0.389978,-0.116329,0.45412,-0.128688,0.041321,0.138202,0.037125,0.134685,0.145541,0.05156,-0.519804,0.036463,-0.093844,-0.22928,-0.132563,0.164213,-0.284585,-0.117714,-0.050391,-0.400122,-0.134612,0.165806,-0.149668,0.305014,0.136007,-0.466709,0.29345,0.048578,-0.199704,-0.37788,0.192826,-0.12013,0.094504,0.165231,-0.348819,-0.301727,#
20,0.078937,-0.002465,0.110103,-0.017607,0.08582,0.095662,0.099795,-0.030705,-0.143714,0.332382,-0.177538,0.34956,0.293974,0.097728,-0.231809,0.137228,-0.114058,0.344547,0.113016,-0.141435,1.0,0.16334,-0.147796,-0.122249,0.012824,-0.054183,-0.268238,-0.060813,0.5178,0.096098,-0.024777,0.097871,0.074681,0.221271,-0.265195,-0.076697,-0.423303,-0.101854,-0.239686,0.032199,0.253202,0.148672,-0.156076,0.268855,0.140532,0.04516,-0.540395,-0.246879,-0.363314,-0.039586,0.274482,-0.05979,0.099795,-0.06913,0.040613,0.289499,0.239688,-0.015883,-0.001322,-0.005645,0.21587,-0.154958,0.199168,-0.235848,0.160107,0.001354,0.102664,-0.156533,-0.09191,-0.096969,-0.344588,0.056478,0.07728,-0.276443,-0.169404,-0.345119,-0.161299,0.027754,-0.158615,-0.051908,-0.082221,0.14901,0.186954,0.00587,0.216773,-0.316676,0.060693,-0.320701,-0.145313,-0.454553,-0.083748,-0.282679,-0.222701,-0.116853,-0.019727,-0.076439,0.051389,0.113457,-0.190867,0.372276,0.193941,0.226806,-0.038047,-0.133664,-0.166349,-0.074835,-0.492147,-0.216829,-0.372225,0.133017,-0.081376,0.069291,0.157381,0.072453,0.165582,-0.006361,0.069332,-0.204914,-0.278684,-0.101761,0.024109,-0.166788,-0.295595,-0.023576,0.073069,-0.374069,0.111034,-0.187921,0.037554,-0.092149,-0.261129,-0.068081,-0.242985,0.125038,-0.146107,0.287728,-0.182159,-0.187166,-0.111074,-0.29928,-0.260761,0.122331,-0.024554,0.03128,0.131559,0.164567,-0.243028,0.241602,-0.144876,-0.302976,0.102808,-0.519856,-0.135769,-0.077304,-0.110473,-0.207525,-0.194456,0.275925,-0.251669,-0.0871,-0.049482,0.11469,-0.328703,0.106419,-0.356663,0.024077,-0.07372,0.275029,0.345349,0.256303,-0.023666,0.169572,0.135714,0.137742,0.075799,0.162615,0.159247,0.238344,-0.113362,-0.270804,0.129203,0.210297,0.151982,0.099148,0.041409,-0.340823,0.149238,-0.043794,0.240761,0.496142,0.106827,-0.045049,0.262508,0.100922,0.128128,0.077128,0.563033,0.216773,0.212276,0.034144,#
