0,1.0,0.0924,-0.034027,-0.370374,0.136351,0.041766,0.36631,-0.265038,0.125326,0.176425,0.289525,-0.445036,0.365656,0.274906,-0.040608,0.053891,-0.236297,-0.213765,0.540161,0.130777,0.097157,0.129776,0.221801,-0.257611,-0.098478,-0.131888,-0.296436,0.053772,0.254903,0.00802,-0.305228,0.070072,0.236842,-0.351674,0.134671,0.131243,0.093995,-0.027102,-0.229832,0.231183,-0.051128,0.122343,0.111763,-0.087237,0.021512,-0.315068,0.403294,0.256367,-0.152317,-0.111939,0.233409,-0.169187,0.255569,-0.232303,-0.022127,0.178035,-0.030012,0.010613,0.063406,0.223777,0.475712,-0.006735,-0.15426,0.136071,-0.171773,0.104599,-0.284984,-0.009182,-0.102783,0.127523,-0.011637,0.176569,0.139324,-0.374805,-0.252635,0.136675,-0.435889,-0.189532,-0.035878,0.103243,0.282813,0.111842,-0.292963,-0.532238,0.037788,0.118743,-0.220071,-0.118592,-0.125548,-0.259736,-0.32261,-0.107575,-0.054576,-0.11003,-0.114347,-0.223816,-0.211695,-0.458349,-0.219101,-0.286817,0.32658,-0.134488,-0.012823,-0.295671,-0.145021,-0.159633,-0.174257,0.018215,-0.160838,-0.231202,0.104376,0.005217,-0.450656,-0.222445,0.117638,0.121455,-0.036768,-0.099897,0.058914,-0.208101,-0.056541,-0.282864,-0.044983,0.093183,-0.176998,0.111556,0.327897,0.122867,-0.025749,-0.152372,-0.133942,-0.310565,-0.025258,0.252492,0.160489,-0.211564,-0.065536,0.009874,0.432308,0.196112,-0.237523,0.202026,0.036653,-0.390946,-0.423881,0.208971,-0.195804,0.039013,-0.191216,-0.09674,-0.090176,-0.139558,-0.281602,-0.063403,0.169165,-0.079073,0.189715,0.042331,-0.413101,0.019487,0.164851,-0.063902,-0.002949,-0.208322,0.384346,0.196508,0.310583,0.126278,-0.343131,-0.138344,-0.096477,-0.098518,-0.078062,0.13473,0.040822,-0.025555,-0.178157,-0.386424,0.191266,-0.484009,0.112549,0.125701,0.046375,0.290214,-0.03113,-0.050306,0.30231,0.136232,0.050326,0.292133,-0.300358,0.013064,0.492148,-0.025702,0.129624,0.173894,-0.115663,0.077412,-0.056036,0.089037,#
1,0.0924,1.0,0.140791,-0.074668,-0.053901,-0.106191,0.170226,-0.017788,-0.235009,0.054499,-0.021559,0.016146,0.177072,0.089968,-0.223668,-0.077796,0.111702,0.012044,0.049231,-0.164219,0.310689,0.133277,0.023725,-0.368789,-0.026555,-0.494939,-0.270531,-0.215409,-0.07976,0.038995,-0.047588,-0.167561,0.049381,0.183807,0.217669,0.321207,-0.204429,-0.342925,0.06154,0.107892,-0.152596,0.166306,-0.077997,0.07356,-0.111911,0.130388,-0.03981,-0.073956,0.404151,0.250657,0.042787,0.031505,-0.091379,0.170126,-0.149785,-0.095126,0.32184,-0.0265,-0.151976,-0.119249,0.08895,-0.36258,0.30706,0.019507,0.190853,0.33323,-0.370207,0.267226,0.078228,0.039232,-0.034562,-0.129384,-0.338906,-0.235378,-0.020695,-0.168877,-0.088995,0.112525,0.325232,-0.138219,0.037428,-0.127545,0.008902,-0.209705,-0.173587,0.020896,-0.064085,0.144271,0.010389,0.091163,-0.292074,-0.071008,-0.143991,0.019712,-0.050136,-0.033962,0.08792,0.12728,0.181748,-9e-05,0.103583,-0.042949,0.265068,0.093613,-0.221093,-0.092582,0.329885,-0.086548,-0.181563,0.02018,0.31417,-0.341785,0.043609,0.115335,-0.143065,-0.033767,0.040099,-0.020695,-0.148976,-0.017111,0.023006,-0.216606,-0.383312,-0.135919,-0.038228,-0.321269,0.102729,-0.217557,-0.218227,-0.069371,0.183612,-0.201634,-0.177874,0.163159,-0.234326,-0.227445,0.264242,0.073388,0.205631,-0.203561,0.061915,-0.213252,0.353934,-0.038943,0.166876,-0.18426,-0.40777,0.146327,0.21506,0.183225,0.074835,0.013698,0.139611,-0.129481,-0.104041,0.001938,-0.009369,-0.009879,0.181748,0.287826,0.000408,0.096004,-0.194331,0.407275,-0.191502,0.143395,0.254922,0.185359,0.042224,-0.279629,0.267079,0.217425,-0.24906,-0.168093,0.120073,-0.260758,0.051301,-0.035671,-0.138773,-0.097784,-0.097282,0.050623,0.299831,0.043697,0.313073,-0.201026,-0.137511,-0.171197,-0.013946,0.375796,0.037312,0.303065,-0.263188,-0.155245,-0.036509,0.00384,0.274941,0.007745,-0.213278,0.073696,#
2,-0.034027,0.140791,1.0,-0.434463,0.205582,-0.195579,0.143843,-0.075706,0.070389,0.047366,0.22351,-0.033178,0.220983,0.097595,-0.28003,-0.017112,0.071953,0.152209,0.133947,0.076632,-0.094078,-0.038358,-0.049137,0.056784,-0.214959,0.158062,0.168857,-0.205429,0.130257,-0.215437,-0.16296,0.361061,-0.18678,0.079812,0.048693,0.241641,-0.077976,0.39558,-0.043333,-0.213547,0.237894,-0.046607,-0.060922,-0.274002,-0.016584,-0.312277,-0.171704,-0.107822,-0.192024,0.126484,0.129081,-0.310643,-0.007556,-0.266606,-0.225732,-0.119217,0.019538,-0.159223,0.108129,-0.158677,0.033574,-0.425523,0.002705,-0.108648,0.37946,0.218048,0.10344,0.175262,0.164157,0.017708,0.077561,0.183124,-0.460425,-0.100064,-0.032049,-0.09864,-0.029264,0.044207,-0.094413,-0.101173,0.0379,-0.087953,0.154323,0.059349,-0.184882,0.211895,0.211477,-0.04453,-0.030333,0.274041,-0.185163,0.134669,0.20749,-0.037587,0.120717,-0.095769,0.10084,-0.235179,0.230672,0.097618,-0.299764,-0.18126,0.062194,0.133266,0.33509,-0.045739,0.071373,-0.171826,0.145478,0.041813,-0.243926,-0.250395,-0.034212,0.067107,0.206995,-0.270507,0.00719,0.443941,-0.317089,-0.262303,-0.125558,0.282194,0.04158,-0.392287,-0.185136,0.047027,0.301723,-0.065155,0.212323,-0.190315,0.132678,-0.191912,-0.115768,-0.042847,0.225422,0.041297,0.291662,0.363825,-0.323609,0.140161,0.063064,0.281847,0.173654,0.026023,-0.038279,-0.275486,-0.213547,0.145911,-0.111494,0.078902,-0.034171,0.326512,-0.004519,0.058043,0.144355,-0.30619,-0.021757,0.115164,0.223402,-0.012606,0.19458,-0.115194,0.010103,0.253798,-0.13367,-0.198622,0.096045,0.046986,0.162548,0.134091,-0.016283,-0.075406,-0.095637,-0.112028,-0.348783,0.039678,-0.010831,0.063841,-0.008754,-0.317665,0.062295,0.077898,0.009936,-0.085918,-0.107903,0.02506,0.108826,0.044753,-0.030205,-0.421684,0.141254,-0.173142,-0.258756,0.306113,-0.082703,-0.053437,0.001496,0.138577,0.138244,-0.105384,#
3,-0.370374,-0.074668,-0.434463,1.0,-0.447967,-0.046633,-0.060992,0.179954,-0.297382,-0.341087,0.050531,0.141835,-0.372869,-0.327589,0.036421,-0.046784,0.259578,0.073748,-0.237663,-0.296835,0.203908,-0.112014,-0.410517,0.059578,0.255909,0.305822,-0.062171,0.082116,-0.263546,-0.214916,0.36182,-0.423027,0.096041,-0.109584,-0.300532,-0.10214,-0.132768,-0.16468,0.267481,0.19238,-0.155395,-0.327224,-0.08457,0.175299,0.129125,0.347223,-0.25797,-0.220877,0.284313,-0.082304,-0.222483,0.481901,-0.0303,0.270419,0.306695,-0.128329,0.242091,0.192135,-0.221115,-0.24246,-0.497007,0.394526,0.344087,-0.163399,-0.108869,-0.015735,-0.093551,0.09831,-0.196348,0.016619,-0.038174,-0.069909,0.22136,0.220872,0.116152,-0.113439,0.429012,0.004821,0.042344,0.039772,0.030037,0.192729,0.287403,0.167714,0.110718,-0.310595,0.029913,0.271865,0.130088,0.117462,0.145485,-0.092274,-0.113556,-0.102821,0.106415,0.053449,0.241125,0.117071,0.015287,0.297042,0.178103,0.29302,0.198118,0.288981,-0.28823,-0.015291,0.337001,0.1624,-0.03731,-0.084185,-0.146247,0.186694,0.281307,0.238453,0.023608,0.239311,-0.021547,-0.05845,-0.100931,0.379099,0.270667,0.289161,0.005094,0.205822,0.36301,0.011741,-0.526226,-0.15487,-0.164894,0.150365,-0.207868,0.461838,0.179848,-0.237575,0.012248,0.227085,0.094691,-0.233314,-0.195448,-0.058806,0.038293,-0.066909,0.297324,0.213373,0.440642,0.012314,0.19238,0.024033,0.356624,-0.130652,0.434058,-0.277073,-0.030606,0.075539,0.105708,0.077665,-0.396977,-0.153129,0.205964,-0.011494,0.037021,0.083039,-0.042087,-0.209835,-0.081544,-0.387676,-0.126743,0.032251,0.165399,-0.015549,0.109568,0.346649,0.297485,0.35388,0.294308,0.037533,-0.020138,0.048691,-0.387098,0.49735,-0.457118,0.030583,0.151064,-0.118192,-0.127723,-0.10613,-0.383246,-0.139318,0.124771,0.204941,0.093487,-0.028116,-0.109148,-0.265881,0.072051,-0.164527,0.111142,-0.289999,-0.480044,-0.110156,#
4,0.136351,-0.053901,0.205582,-0.447967,1.0,0.134102,-0.186777,-0.16307,0.071715,-0.134086,0.386799,-0.031498,0.037471,-0.320336,-0.309632,0.318495,0.24172,-0.026891,-0.202891,0.041483,-0.289878,-0.284676,0.139728,-0.138763,0.134929,-0.040993,-0.166315,0.0136,-0.056226,-0.201593,-0.333223,-0.019947,0.12314,-0.115014,0.047877,0.074527,-0.121244,0.019495,-0.029343,0.199719,-0.275338,-0.389926,-0.050353,0.097618,-0.36042,0.189719,-0.165258,-0.110493,0.015633,0.332686,0.119473,-0.091409,-0.020079,0.327645,0.043728,0.186599,-0.204616,0.229077,0.111205,0.249214,-0.141949,-0.233492,0.047878,-0.205037,-0.329517,-0.141411,0.585693,-0.127757,-0.222847,-0.216183,-0.032196,0.033634,0.069014,0.213228,0.292046,-0.084443,-0.037508,0.038833,0.202266,-0.123455,-0.125033,0.368699,0.135459,0.067452,0.292748,0.053756,0.04627,-0.044237,0.113508,0.131529,0.300427,0.482163,0.197206,0.358575,0.124027,0.2103,0.272936,0.11847,-0.141403,-0.105521,0.02652,-0.022793,0.218613,0.126303,0.343058,-0.045839,0.067948,0.306989,-0.032929,0.199982,0.045792,-0.242316,-0.050879,0.059643,-0.264227,0.366458,-0.007511,0.292046,-0.475822,0.07174,-0.130659,0.277071,-0.276671,-0.084173,0.05023,0.038319,-0.02661,0.169256,0.108927,-0.029321,0.29253,-0.200771,0.221908,0.046946,0.234444,0.049119,0.285706,-0.006743,-0.195491,0.282714,-0.103012,-0.028881,-0.163053,0.20029,-0.044214,-0.114165,0.183869,-0.346158,0.199615,-0.135729,0.131268,0.132529,-0.30547,0.238587,-0.05071,0.081552,-0.060971,-0.136668,-0.335584,0.17516,-0.217487,-0.293384,0.008336,0.277823,0.128836,-0.034974,0.073441,0.046776,-0.024728,0.325419,0.132196,-0.188575,0.261372,0.041787,-0.371386,0.366366,0.150436,-0.110208,-0.024304,0.005783,-0.120141,0.21537,0.009194,-0.110085,0.058067,0.189614,0.265348,0.382949,0.264245,-0.100835,0.349329,-0.010833,0.132857,-0.112586,-0.209396,0.085177,-0.024271,0.351918,0.195208,-0.284571,#
5,0.041766,-0.106191,-0.195579,-0.046633,0.134102,1.0,0.212614,0.197537,0.12221,-0.171307,-0.048818,0.049689,-0.197439,-0.227529,-0.019604,-0.140509,0.29516,0.001275,0.00445,-0.106451,-0.031044,-0.280201,0.054883,-0.250651,-0.28078,0.196956,-0.02762,0.068213,0.078444,0.207258,-0.489278,-0.019245,-0.106704,-0.152052,0.13836,0.113624,0.166227,-0.33379,0.011873,0.217695,-0.238824,0.124593,-0.287511,-0.149905,0.02325,0.094063,0.176715,-0.255138,-0.096125,0.296579,0.061282,0.212776,0.0857,0.153486,0.029165,0.242829,-0.238132,0.542987,-0.302163,-0.125748,-0.027293,0.218226,0.169902,0.217868,-0.296008,-0.21544,-0.038772,-0.097634,-0.094361,-0.515855,0.238769,-0.32414,0.107649,-0.056103,-0.287023,0.355207,-0.14513,0.112136,-0.354165,-0.064861,-0.376103,-0.223815,0.018011,0.262875,-0.14714,-0.363676,-0.227496,-0.135207,-0.297387,-0.135803,-0.146229,-0.123258,-0.20946,-0.146185,-0.140503,-0.051943,-0.111798,-0.302437,-0.425819,-0.302593,0.149255,0.009047,0.109951,-0.294568,-0.323338,-0.32681,0.103238,0.216487,-0.320058,0.107285,0.105124,0.431427,-0.286769,-0.43354,-0.214921,-0.241966,0.196582,0.203887,0.055355,-0.197227,-0.293997,-0.283223,0.106247,0.079561,-0.201999,-0.04237,0.038755,-0.04557,-0.429772,0.024795,0.043157,-0.310053,-0.056378,0.090643,-0.41487,-0.222893,0.132547,0.391379,0.191252,0.036967,-0.075011,0.175523,-0.193088,0.221499,-0.138348,-0.223457,0.201781,0.02223,-0.214003,-0.11477,-0.143854,-0.342189,0.300602,-0.068425,0.168444,-0.106208,-0.016415,-0.113062,-0.620767,-0.170684,-0.410288,-0.249116,-0.012742,-0.243337,-0.122932,0.056935,-0.27517,-0.226942,-0.167351,-0.308742,0.068469,-0.217131,-0.110512,-0.385166,0.017161,-0.203928,0.022754,-0.032683,0.044489,-0.017927,0.284118,-0.214715,0.237106,0.13531,0.4445,-0.360298,0.188199,-0.051218,-0.11095,0.106051,0.048672,0.212284,0.28835,-0.105942,-0.141298,0.177424,0.031839,0.059476,-0.210564,-0.250483,#
6,0.36631,0.170226,0.143843,-0.060992,-0.186777,0.212614,1.0,-0.151174,0.172417,0.053482,0.000661,-0.083042,0.27099,0.250174,-0.217749,0.267985,0.208419,0.402196,0.249428,0.330506,-0.051072,-0.05173,0.170473,-0.332155,-0.243299,0.106555,0.122768,-0.098408,0.538747,-0.075538,-0.289138,-0.039998,0.007379,-0.144674,0.112845,0.208661,0.182217,-0.246492,0.058772,0.185395,0.358598,0.215506,0.007126,-0.044629,0.079983,-0.330663,0.191969,-0.11922,-0.276325,-0.026819,0.016651,-0.195393,0.203417,-0.028036,0.325212,-0.087613,0.077021,-0.129979,0.007462,-0.161487,0.414483,0.142774,-0.107716,0.310394,0.296582,0.104263,-0.315511,0.178021,0.0908,-0.142338,0.063107,-0.066785,-0.163694,-0.67475,-0.465718,0.141669,-0.445645,-0.279984,-0.208903,-0.196684,-0.234152,-0.18638,-0.270526,-0.106049,-0.434787,-0.081665,-0.217432,-0.486707,-0.58417,-0.446135,-0.773107,-0.384092,-0.675143,-0.281237,-0.387691,-0.501867,-0.250555,-0.574262,-0.346319,-0.184471,0.077075,-0.086144,-0.184875,-0.115845,-0.258036,-0.604737,0.263799,-0.059629,-0.099973,-0.376281,0.09691,-0.064926,-0.341073,-0.337402,-0.049882,-0.523465,0.090702,-0.132757,0.214978,-0.309392,-0.357767,-0.332476,-0.259976,-0.097755,-0.148899,-0.276099,0.205348,0.21643,-0.322664,-0.080125,-0.133802,-0.438159,-0.249328,0.177225,-0.125431,-0.339714,0.248936,0.115094,0.326361,-0.30099,-0.206945,0.174651,0.062714,-0.482391,-0.468175,-0.075972,-0.230146,0.569068,-0.39857,-0.41635,-0.345022,-0.456876,-0.059345,-0.184179,-0.077463,-0.168134,0.1285,0.253819,-0.346319,-0.262828,0.306143,-0.354859,0.256481,-0.23604,-0.168747,0.171199,0.053823,-0.073705,-0.633589,-0.255797,0.162072,-0.039266,-0.385101,-0.239125,0.069816,-0.534387,-0.244953,0.315617,0.198497,-0.510257,0.422151,-0.181219,0.154001,0.622184,0.109427,-0.564005,0.151984,0.097592,-0.278068,0.142824,-0.455701,0.127497,0.157991,0.048082,-0.134556,-0.145402,0.018354,-0.26078,-0.16443,0.356792,#
7,-0.265038,-0.017788,-0.075706,0.179954,-0.16307,0.197537,-0.151174,1.0,-0.255985,-0.214867,-0.365289,-0.159178,-0.06837,-0.18678,0.178273,-0.26292,0.199201,-0.087474,0.141198,-0.352768,0.13324,0.194802,-0.227268,0.046745,0.091245,0.106794,-0.146917,-0.278023,-0.161653,0.14033,-0.224541,-0.16285,-0.209972,0.107165,-0.016866,-0.248564,-0.108376,-0.160983,0.238784,0.070658,0.07519,-0.095808,-0.081975,-0.273254,0.073833,0.161343,-0.115853,-0.172783,-0.182889,-0.058068,-0.114835,-0.104555,-0.093162,-0.162458,-0.06443,0.090206,0.518321,-0.06837,-0.205063,-0.047134,-0.185935,-0.050772,-0.03549,-0.068544,-0.12714,-0.062748,0.105869,-0.075496,-0.174446,-0.158699,0.077498,-0.094099,-0.354376,0.212085,-0.065179,0.010544,0.187509,0.249927,-0.195671,0.083882,-0.21718,-0.308752,0.158725,-0.194587,0.074674,-0.213893,0.122861,0.192689,0.145843,0.270372,0.110135,-0.189911,0.17124,-0.136922,0.291777,0.13606,-0.123222,0.353003,-0.097001,0.152514,-0.20347,0.131584,0.275939,-0.134029,-0.147358,0.075556,-0.112124,0.122302,-0.362046,0.195699,0.236956,-0.037769,0.272885,0.199502,0.160782,0.133445,0.158998,-0.065179,0.16753,0.235624,0.154662,0.073721,0.274144,0.16665,-0.079561,-0.201962,-0.284691,-0.112413,-0.161358,0.124372,-0.220888,0.220413,0.213128,-0.133004,-0.12033,0.211749,0.173051,0.078207,-0.036398,-0.240693,-0.252818,-0.172864,-0.228926,0.350125,-0.174457,-0.157846,0.031404,-0.067744,0.270694,0.104154,-0.196331,-0.026588,0.070826,-0.208248,-0.085135,-0.489682,-0.161611,0.013095,-0.097001,0.08943,-0.158242,0.180966,-0.057934,0.144826,-0.143767,-0.292293,-0.442601,-0.06145,0.140488,0.220799,-0.026838,-0.177681,0.133561,-0.219486,0.077505,-0.168299,0.054824,0.216753,0.103324,0.215738,-0.20637,-0.223537,0.183315,0.185901,-0.123969,-0.139971,-0.297328,-0.205787,-0.134051,0.10509,-0.112492,0.09066,-0.16828,-0.136149,0.17215,-0.148512,-0.168302,-0.030657,-0.175778,0.147408,#
8,0.125326,-0.235009,0.070389,-0.297382,0.071715,0.12221,0.172417,-0.255985,1.0,0.397977,-0.041458,0.415858,-0.131442,0.151797,0.120444,-0.145312,-0.467277,0.117705,0.028901,0.367819,0.065701,-0.127571,0.238321,-0.083175,-0.239986,0.035874,0.213973,0.235853,0.115941,-0.021175,-0.344318,0.262176,0.399813,-0.017845,0.098295,-0.089554,0.244832,0.13826,-0.046559,-0.153012,0.244603,0.19408,-0.093831,-0.153,0.008065,-0.136384,0.197436,0.362881,0.009565,-0.213592,-0.287622,-0.001735,0.390456,0.086683,0.238122,0.268158,-0.574076,0.038235,-0.143823,0.15259,0.179861,-0.120398,-0.24311,0.161925,0.13291,0.151266,-0.068238,0.244256,0.382485,-0.12151,-0.128006,0.135734,0.260741,0.131619,-0.167896,0.012381,-0.073151,-0.026311,-0.106097,0.166802,-0.086192,-0.182363,-0.25528,-0.053019,-0.122638,0.261111,-0.456471,-0.510102,0.071151,-0.547478,0.021906,-0.084495,-0.169466,-0.036452,-0.109966,0.149614,-0.191805,-0.266657,-0.342307,-0.170555,-0.201658,0.183386,-0.146539,-0.048319,0.161497,-0.343526,-0.083714,-0.147939,0.060866,0.005135,0.091715,-0.105865,-0.304714,-0.103178,0.154551,-0.243072,0.200718,0.017869,-0.03347,-0.236928,0.035374,-0.221046,0.27441,-0.025985,-0.219464,0.165517,0.450592,0.017281,-0.00228,0.210205,0.319876,-0.100044,-0.422071,-0.109549,0.025786,0.126047,-0.162215,0.354216,0.232963,0.14643,-0.005701,0.323978,-0.130545,-0.202891,-0.162281,-0.456263,-0.153012,-0.129023,-0.229361,-0.037148,0.044994,0.185492,-0.22006,-0.120553,0.295412,0.054547,0.315081,0.357536,-0.342307,-0.233383,-0.045877,0.069425,0.060285,-0.217307,-0.210083,-0.150875,0.051777,-0.244446,-0.22369,0.008046,-0.120928,-0.157689,-0.190308,-0.082985,0.214849,0.059671,0.182511,-0.017439,0.467113,-0.074319,0.418893,0.180736,-0.401677,0.176003,0.0733,0.120991,0.446564,0.278194,-0.343838,-0.21137,-0.036936,-0.042987,-0.01335,0.217334,-0.104002,0.029591,-0.372828,-0.436942,0.219921,-0.097808,#
9,0.176425,0.054499,0.047366,-0.341087,-0.134086,-0.171307,0.053482,-0.214867,0.397977,1.0,-0.184143,-0.099943,0.201701,0.593613,-0.048342,-0.123672,-0.557598,0.216131,0.045847,0.420331,0.008934,0.054162,0.345401,0.069577,-0.002192,-0.230763,-0.194617,0.04401,0.132231,0.408479,-0.019555,-0.055687,0.216927,-0.086224,0.162287,0.068468,0.236006,0.07971,0.126107,-0.295001,0.37407,0.202176,-0.063215,-0.213649,0.077116,-0.328051,0.098059,0.44068,0.093374,-0.106883,-0.147668,-0.313363,0.31281,-0.228739,0.09052,0.183919,-0.326236,-0.372783,-0.198731,0.219465,0.431643,0.002691,-0.477867,-0.082066,0.032988,0.056912,0.016467,0.094165,0.058586,0.096459,-0.141586,0.313938,-0.11339,0.016446,-0.244707,-0.273087,-0.037811,-0.266069,0.168858,0.474112,-0.0057,-0.279701,-0.26825,0.127794,-0.341135,0.280241,-0.157908,-0.271661,-0.106226,-0.195758,-0.053212,0.116631,-0.233904,-0.131278,-0.231304,0.37986,-0.566988,-0.062515,0.011511,-0.279883,-0.468655,-0.09415,-0.207085,-0.0313,0.053989,-0.258702,0.02538,-0.639404,0.37525,-0.244062,0.427937,0.06657,-0.185727,-0.158951,-0.09887,-0.377573,0.206492,-0.021711,0.450572,-0.115888,-0.274432,-0.11207,0.022053,0.035282,-0.22252,0.506321,0.530056,-0.067962,-0.11693,-0.232891,0.251425,0.066426,-0.56374,0.199142,-0.160969,-0.353588,-0.119491,0.205865,0.094646,-0.058348,0.250051,-0.226188,-0.04386,-0.409737,-0.204824,-0.236572,-0.295001,0.051573,-0.201509,-0.271454,-0.276685,0.349615,-0.083143,-0.726373,0.185534,-0.274275,0.721731,0.353615,0.011511,-0.412574,-0.290363,0.256565,0.135259,-0.103535,-0.031307,0.210516,0.152932,-0.222135,0.201438,-0.288231,-0.185809,-0.057301,-0.074377,-0.352226,0.465372,-0.268761,0.217298,-0.070017,0.493044,-0.291227,0.51528,0.291235,-0.632402,-0.138078,0.021885,0.045376,0.331647,0.157997,-0.573976,0.138349,-0.302217,-0.408629,-0.107842,0.23709,-0.012713,0.08481,0.090644,-0.086357,0.513035,0.372607,#
10,0.289525,-0.021559,0.22351,0.050531,0.386799,-0.048818,0.000661,-0.365289,-0.041458,-0.184143,1.0,-0.10448,0.038541,-0.049238,-0.265859,0.025101,0.106249,0.030755,0.079777,0.176183,0.027139,-0.303628,-0.132472,-0.112187,0.059999,0.376364,-0.071307,0.105501,0.087269,-0.420877,0.027059,0.005806,0.043668,-0.274891,-0.399869,0.288369,-0.27288,0.31885,-0.228684,0.277615,-0.282717,-0.490732,-0.094127,-0.000565,-0.159391,0.148324,-0.201242,-0.011682,0.148046,0.182067,0.23238,-0.076922,0.372728,0.088843,-0.061583,-0.010202,-0.121197,0.238771,0.209439,-0.282045,-0.198345,-0.093908,0.006989,-0.358643,-0.153354,0.201996,0.243241,0.034942,-0.173989,-0.084609,-0.117035,0.01581,0.091392,-0.038412,0.011237,-0.190799,-0.066589,-0.046568,0.063044,-0.004894,0.096845,0.328277,0.057489,0.098121,0.219877,0.093027,0.042158,0.156805,0.061868,0.114279,0.012116,0.271779,0.003392,0.156589,0.071934,-0.044637,0.247237,-0.266317,0.04133,0.058033,0.152044,-0.171478,0.025867,-0.041747,0.161998,0.015846,0.070753,0.190138,0.054453,0.316535,-0.295515,-0.105893,-0.304411,-0.088635,-0.002429,0.320345,-0.418755,0.164607,-0.555181,-0.018398,-0.161496,0.389087,-0.240323,-0.327019,-0.147803,0.151739,-0.066516,0.009648,-0.010144,-0.156547,0.145518,-0.268425,0.259528,-0.466726,0.407251,-0.035132,0.475503,-0.047885,-0.314959,0.32006,-0.166505,0.155561,0.229427,0.202212,0.156723,-0.043765,-0.153053,0.020241,0.111752,-0.01718,0.556333,-0.041143,-0.220118,0.083753,0.054839,0.051229,-0.374384,-0.143048,-0.16159,0.16951,-0.028847,-0.276469,0.060301,-0.240583,0.30348,-0.168461,0.032194,-0.20509,-0.033745,0.207308,-0.114044,-0.001363,0.058033,0.270335,-0.338665,0.385669,-0.037169,-0.219121,-0.22147,-0.005213,-0.272994,0.185366,0.172235,-0.152212,0.062857,0.081774,0.182574,0.439144,0.331243,0.141456,0.357394,-0.035679,0.163637,-0.182738,-0.016142,-0.289463,-0.207642,-0.032802,-0.254929,-0.467362,#
11,-0.445036,0.016146,-0.033178,0.141835,-0.031498,0.049689,-0.083042,-0.159178,0.415858,-0.099943,-0.10448,1.0,-0.114292,-0.124717,-0.145934,-0.034103,-0.140626,0.244244,-0.258713,-0.230728,-0.011693,-0.350991,-0.055625,0.024669,-0.002894,-0.04447,0.129255,0.351173,-0.023821,0.118718,0.017123,-0.020962,-0.058144,-0.02784,0.003707,0.043622,0.033602,-0.155708,0.137476,-0.166633,-0.183302,0.006243,-0.043733,-0.013438,-0.390468,0.417179,-0.232875,-0.007732,0.232659,0.215447,-0.394271,0.339554,-0.161237,0.420829,0.269145,-0.129341,-0.304944,0.095617,-0.247357,-0.248306,-0.291245,-0.367493,0.177922,0.252708,0.296865,0.363301,-0.134137,0.35248,0.539068,-0.113139,-0.058114,-0.294981,0.042709,0.236689,0.225923,0.06296,0.037723,0.198545,-0.185867,-0.226658,-0.318959,-0.222403,0.156484,0.163811,-0.157728,-0.314978,-0.202233,-0.273393,0.169392,-0.144597,0.148418,-0.206436,-0.225109,0.200514,-0.03968,0.075164,0.21771,0.143188,-0.122673,0.192824,0.050799,-0.019651,-0.075572,0.20463,-0.180122,-0.033509,-0.038605,-0.031477,-0.154818,0.277497,0.137054,-0.356277,-0.071037,-0.139662,-0.222403,-0.117712,0.147999,0.0642,-0.179678,0.011016,0.007783,0.050851,0.012605,-0.22415,0.041537,-0.120752,0.046552,-0.255097,-0.024364,0.150324,0.078872,0.174089,-0.176042,-0.207587,-0.108771,0.241949,-0.200877,-0.066147,-0.04424,-0.250772,-0.049986,0.070783,0.144692,0.060363,0.385689,-0.293016,-0.166633,-0.01897,-0.005403,-0.048294,0.268338,0.208581,0.034791,0.199023,0.12448,0.20829,-0.136509,0.133257,0.075132,-0.084394,-0.124833,0.031938,-0.240272,0.153256,-0.406122,-0.068633,0.007783,0.022492,0.104313,-0.034052,0.29321,0.315131,-0.021792,0.002147,0.152429,0.134546,0.122428,0.441939,0.042666,0.491052,0.006428,-0.06191,0.116344,-0.20499,0.318436,0.351688,-0.031213,0.003011,0.076509,-0.094612,0.196613,0.322419,0.010538,0.246765,-0.203689,-0.016556,-0.118099,-0.015312,0.023389,-0.145357,#
12,0.365656,0.177072,0.220983,-0.372869,0.037471,-0.197439,0.27099,-0.06837,-0.131442,0.201701,0.038541,-0.114292,1.0,0.649973,-0.089903,0.186182,-0.258471,0.393331,0.353162,0.302066,0.002904,0.035411,0.354523,0.130901,0.085687,-0.404778,0.05151,0.080911,0.494682,0.308356,-0.07702,-0.027003,-0.22323,-0.10438,-0.047637,0.150616,0.359856,0.020799,0.182026,0.121448,-0.073428,0.060316,0.077747,-0.309027,-0.224598,-0.443643,0.304435,0.366601,-0.129925,0.173455,0.171495,-0.251593,-0.043517,-0.205194,-0.146471,-0.161661,0.243647,-0.317016,-0.03271,-0.164521,0.416904,-0.284411,-0.190326,0.321131,0.18344,0.152525,-0.081745,-0.026482,0.158042,0.082013,-0.021004,0.287818,-0.248253,-0.35371,-0.282352,0.095397,-0.38125,-0.153851,-0.171419,-0.053504,-0.053142,-0.234928,-0.296875,-0.261919,-0.288157,0.129207,-0.13905,0.043427,-0.113154,-0.020554,-0.420887,0.082826,-0.260186,-0.254846,-0.125929,-0.158114,-0.318037,-0.13828,-0.106957,-0.414373,-0.187844,-0.387883,-0.224002,-0.2099,-0.033745,-0.027368,-0.152414,-0.211378,-0.101207,-0.081829,0.232515,-0.277986,-0.227599,-0.256237,0.129466,-0.169334,-0.153185,0.084145,0.167705,-0.150131,-0.16898,-0.187825,-0.236146,-0.289594,-0.313299,0.029967,0.180204,0.041136,-0.177202,-0.406963,-0.103047,-0.116521,-0.232023,0.228441,0.160282,-0.158542,0.058379,-0.101898,0.195026,-0.293256,-0.442292,0.089219,-0.005166,-0.316997,-0.304515,0.128792,-0.362853,0.361156,-0.254455,-0.08357,-0.39232,0.186682,-0.156545,-0.265529,-0.026202,-0.408399,0.326341,0.043628,-0.106957,-0.333828,0.122406,-0.075009,-0.153505,0.376949,0.347791,0.244342,0.288679,0.32386,-0.135721,-0.009471,-0.021718,-0.104512,-0.1943,-0.232487,-0.024567,-0.160682,-0.122762,0.223371,0.172602,-0.285705,0.021107,-0.050674,0.103479,-0.060358,0.209606,-0.08733,0.139303,0.147811,-0.102309,0.425002,-0.234351,-0.105486,0.188067,0.415654,0.172956,0.08359,0.152878,0.207817,0.322345,0.338418,#
13,0.274906,0.089968,0.097595,-0.327589,-0.320336,-0.227529,0.250174,-0.18678,0.151797,0.593613,-0.049238,-0.124717,0.649973,1.0,0.119445,-0.079933,-0.499113,0.280735,0.311779,0.43725,0.165993,0.031872,0.330296,0.04105,0.01198,-0.252353,0.248741,0.366235,0.318185,0.376859,0.238483,0.184413,-0.212176,-0.01384,-0.164877,0.04676,0.25074,0.287537,0.176261,-0.294232,0.227018,0.491357,-0.04553,-0.102263,-0.105294,-0.623253,0.463867,0.448267,-0.249931,-0.124717,0.056797,-0.281146,0.230976,-0.536482,-0.241858,-0.084964,-0.05707,-0.392602,-0.165777,-0.213067,0.616209,0.011727,-0.453498,0.145416,0.229604,0.049435,-0.154878,-0.149611,0.207686,-0.02424,-0.029588,0.250629,-0.142932,-0.339973,-0.364242,0.041555,-0.368967,-0.132919,-0.136576,0.212603,-0.047375,-0.467997,-0.49483,-0.017588,-0.354951,0.310445,-0.160049,-0.094221,-0.129193,-0.155194,-0.459721,-0.049598,-0.431896,-0.157715,-0.287366,-0.010452,-0.448444,-0.233297,0.062074,-0.498801,-0.339276,-0.268853,-0.371675,-0.331635,-0.131102,-0.091284,-0.088192,-0.66437,0.186319,-0.120238,0.234633,0.026212,-0.503686,-0.097568,0.091156,-0.427969,-0.05266,-0.202079,0.471155,-0.318081,-0.043946,-0.425056,0.006964,-0.183014,-0.353136,0.077581,0.265404,-0.056104,-0.251242,-0.458976,-0.109967,-0.099921,-0.399468,0.040667,0.034089,-0.345733,-0.05493,-0.033984,0.306419,-0.467117,-0.086349,0.072374,0.152086,-0.389906,-0.421299,0.042647,-0.294232,0.424235,-0.35519,0.006337,-0.341415,0.332733,-0.079686,-0.514792,-0.15718,-0.312108,0.52912,0.181028,0.062074,-0.43844,-0.044883,0.036143,0.161028,-0.065597,0.194096,0.365253,0.119889,-0.019358,-0.19929,-0.228954,-0.318,-0.094536,-0.329185,-0.396487,0.243135,-0.302688,-0.024915,0.15675,0.259141,-0.433741,0.356226,-0.075592,-0.222246,-0.129517,0.204425,-0.051168,0.035168,0.292732,-0.406656,0.291321,-0.321132,-0.279841,0.042582,0.444999,0.178266,-0.10458,0.133194,-0.106491,0.341786,0.423952,#
14,-0.040608,-0.223668,-0.28003,0.036421,-0.309632,-0.019604,-0.217749,0.178273,0.120444,-0.048342,-0.265859,-0.145934,-0.089903,0.119445,1.0,-0.510444,-0.217796,-0.27145,0.115058,0.202171,0.354431,0.159323,0.038592,0.299563,-0.032089,0.056114,0.570536,0.147539,0.02029,-0.104163,0.074817,0.382789,0.211676,0.036659,-0.298432,-0.586621,-0.098179,0.107527,-0.174206,-0.248879,-0.057739,0.382645,0.052116,0.148698,0.215059,-0.271384,0.09794,0.070936,-0.042522,-0.231045,0.22055,0.09179,0.324682,-0.098864,-0.236304,0.402793,0.074372,-0.053111,0.045174,0.168752,0.323056,0.110447,-0.20228,0.059946,0.005533,-0.160977,-0.076948,-0.30872,0.239066,0.095588,-0.126113,-0.264829,0.152969,0.117428,-0.214968,-0.012085,-0.033267,0.315014,-0.164316,0.374775,0.319491,-0.134058,-0.01733,-0.174103,-0.034421,0.487226,0.167087,0.256088,0.31932,-0.344731,0.008551,0.185212,0.212702,-0.013746,0.028191,0.252316,-0.309552,0.014639,-0.09343,-0.206779,-0.235222,0.038043,0.249941,-0.512409,0.175728,0.183929,-0.287571,0.182289,0.12363,0.048778,-0.124995,0.127752,0.205236,0.16369,0.579511,-0.078723,-0.266332,-0.195917,0.112398,-0.364359,0.430836,-0.359538,0.36847,0.098056,-0.064069,-0.055678,0.114513,0.127429,0.187067,0.181784,0.078507,0.026307,-0.009556,-0.24984,0.121181,0.114029,-0.398282,0.278096,0.388281,0.071487,-0.268232,0.136828,-0.095637,0.284067,-0.086558,-0.03787,0.162627,-0.180043,-0.013323,0.314056,0.052612,-0.186077,0.244649,0.179909,-0.185021,0.159819,0.272896,-0.258777,-0.09343,0.246722,0.141545,0.163407,-0.079636,-0.146303,0.00428,0.088746,0.180392,-0.159791,-0.111173,-0.122271,-0.568671,-0.298502,-0.190417,0.313443,0.035887,-0.140366,0.234279,-0.216551,0.280737,0.06629,-0.102666,0.036416,0.074373,0.090208,-0.122845,-0.181834,0.056891,-0.012203,-0.076474,-0.108153,0.198333,0.056946,0.00495,0.040983,0.002673,0.056372,-0.188445,-0.41182,-0.016809,-0.219961,#
15,0.053891,-0.077796,-0.017112,-0.046784,0.318495,-0.140509,0.267985,-0.26292,-0.145312,-0.123672,0.025101,-0.034103,0.186182,-0.079933,-0.510444,1.0,0.152089,0.211548,-0.10294,0.085255,-0.550796,0.016723,-0.015721,-0.059586,0.157193,-0.124424,-0.152652,-0.005078,0.236321,0.029005,0.047902,-0.265981,-0.031835,0.036964,0.061635,0.355159,0.297302,-0.050698,0.22061,0.305967,0.170977,-0.20059,0.246511,0.076003,-0.304147,0.039248,0.151298,0.049665,-0.001176,0.115405,-0.033982,-0.08099,-0.294299,0.06912,0.194059,-0.231745,0.055248,-0.036778,0.162942,0.179612,-0.080385,0.149515,0.109176,0.180659,-0.128746,-0.289294,0.158462,-0.059606,-0.281684,-0.163983,0.17099,0.32619,0.151199,-0.171689,0.266188,0.257059,0.027606,-0.262511,0.304799,-0.271078,-0.136703,0.266861,-0.214435,0.035092,0.145935,-0.317346,-0.025886,-0.27871,-0.222471,0.198937,-0.115111,0.035399,-0.273384,0.122309,-0.138433,-0.346673,0.243564,0.218992,-0.021603,0.092665,0.275807,0.085925,-0.266375,0.372301,0.117995,0.067999,0.147916,0.094255,-0.026233,-0.249086,-0.033384,-0.070039,-0.032571,-0.05322,-0.278012,0.180948,0.200023,0.087538,0.054401,0.186874,-0.142148,0.107529,-0.321747,0.043921,0.199063,-0.076397,-0.138818,0.318823,-0.045,-0.099914,-0.238736,-0.04932,0.048462,0.455211,-0.001981,0.014724,0.089009,-0.384827,-0.068896,-0.078379,0.087919,-0.079883,-0.270608,-0.394504,-0.075513,0.28541,0.288816,0.256221,-0.13626,-0.253177,-0.189031,-0.084419,-0.201272,0.124418,-0.091099,0.098296,-0.059812,0.170408,-0.021603,-0.384796,0.259736,-0.240676,0.138603,0.130436,0.177766,0.06613,-0.121857,0.410807,-0.188547,0.088296,0.311245,0.1492,0.27435,-0.130832,-0.121694,-0.021983,-0.195879,0.348505,-0.165584,-0.17686,0.122466,-0.077527,-0.169907,0.233647,-0.025218,0.041585,-0.117395,0.052159,0.090046,0.014652,-0.282018,-0.190513,0.114782,-0.029533,-0.00325,0.119115,0.180416,0.146857,0.380499,0.334413,#
16,-0.236297,0.111702,0.071953,0.259578,0.24172,0.29516,0.208419,0.199201,-0.467277,-0.557598,0.106249,-0.140626,-0.258471,-0.499113,-0.217796,0.152089,1.0,0.041396,-0.120146,-0.193955,-0.291117,-0.112558,-0.261834,-0.199915,-0.179649,0.325361,0.022068,-0.133278,0.01028,-0.349905,-0.131548,-0.075923,-0.088138,0.066859,0.152598,0.220135,-0.273715,-0.120322,-0.078166,0.346536,-0.177307,-0.265368,0.005369,0.276111,-0.043476,0.307286,-0.22805,-0.785674,-0.128408,0.100172,0.287344,0.020801,-0.267582,0.19014,0.197736,-0.021379,0.292761,0.150609,0.107179,-0.244109,-0.347113,-0.018198,0.256626,-0.166902,-0.252162,-0.153174,0.227616,-0.066213,-0.353328,-0.257086,0.187714,-0.296991,0.009182,-0.109147,0.182672,-0.053329,0.118117,0.010773,0.070624,-0.197162,-0.032746,0.350733,0.369474,0.122315,0.041668,-0.211483,0.230259,-0.008321,-0.340765,0.283577,-0.055976,-0.005358,-0.026512,0.057469,0.185291,-0.106888,0.401234,-0.014162,-0.096841,0.117392,0.051846,0.149726,0.325815,0.118177,-0.125801,-0.249229,0.407801,0.337032,0.037856,-0.019133,-0.143303,-0.036902,0.272882,0.19597,-0.374853,0.099304,-0.137187,0.175893,-0.228026,0.171078,-0.10581,0.146176,-0.423896,0.029957,0.163338,-0.329375,-0.420871,0.020942,0.023738,0.135956,0.026831,-0.154032,0.499411,0.035842,0.134874,-0.099897,0.590105,-0.144465,-0.199442,0.016092,-0.014206,-0.188531,0.136153,0.391825,0.169248,0.101255,0.312695,-0.049893,0.136653,-0.230193,0.074945,-0.376251,0.115658,0.188807,-0.159684,0.101064,-0.447513,-0.382711,-0.096841,0.264258,-0.001994,-0.186046,0.165277,0.07977,-0.122996,-0.169063,-0.093706,-0.053924,-0.140679,0.159277,0.297023,0.055005,0.135173,0.136459,-0.428653,0.0534,-0.155987,0.092112,-0.41667,0.164225,-0.294676,0.006026,0.514907,0.179441,-0.088662,-0.231685,-0.059205,0.146846,0.370616,-0.078913,0.282758,0.281749,-0.109671,-0.334925,-0.236357,0.017249,0.288198,0.291666,-0.431715,-0.181021,#
17,-0.213765,0.012044,0.152209,0.073748,-0.026891,0.001275,0.402196,-0.087474,0.117705,0.216131,0.030755,0.244244,0.393331,0.280735,-0.27145,0.211548,0.041396,1.0,-0.253024,0.360462,-0.360572,-0.380665,0.160724,0.11406,0.118458,0.153393,0.170544,-0.066892,0.300117,0.191094,-0.13378,-0.416682,-0.179125,0.010076,0.065007,0.221706,0.08236,-0.107804,0.291752,0.100282,-0.029954,-0.205472,0.060072,-0.176776,-0.015899,-0.065972,-0.168935,0.13132,0.177852,0.187851,-0.103321,-0.109124,-0.072647,0.183736,0.132273,-0.0473,0.137462,-0.080996,-0.069696,-0.094741,0.090218,-0.082784,-0.011684,0.013619,0.189821,0.035876,0.153686,0.285805,0.030022,-0.184931,0.163608,0.023437,-0.288946,-0.156033,-0.202693,-0.011067,-0.124085,-0.327031,-0.207172,0.014748,-0.448346,-0.30821,-0.27065,0.383044,-0.540169,-0.055969,-0.226625,-0.191106,-0.369328,-0.170033,-0.392243,-0.086766,-0.505931,-0.37716,-0.285784,-0.15083,-0.167915,-0.142551,-0.023387,-0.076222,-0.50521,-0.34329,-0.223702,0.081836,-0.127082,-0.388597,0.281607,-0.18979,0.136481,0.107389,0.107053,-0.13232,-0.062827,-0.247598,-0.116931,-0.32131,-0.128651,-0.027097,0.210448,0.01274,-0.43023,0.208187,-0.242935,-0.382112,-0.24953,0.039407,-0.058001,0.282511,-0.411695,-0.204457,-0.009609,-0.076249,-0.49365,0.002326,-0.200055,-0.118233,0.3388,-0.139022,-0.341707,-0.304455,-0.16509,0.079534,0.117208,-0.278543,-0.067175,-0.146457,-0.267886,0.621322,-0.097986,-0.26261,-0.244864,0.082947,0.144224,-0.284628,-0.055437,-0.25992,0.034989,0.462786,-0.023387,-0.408774,-0.06254,0.060565,-0.024923,0.250784,-0.04824,-0.001395,-0.204484,-0.046952,-0.021558,0.149097,0.121017,0.028729,-0.038878,-0.273659,0.010414,-0.247218,-0.13912,0.401321,-0.077688,-0.163759,0.334847,0.005397,-0.054519,0.035901,0.400588,-0.268526,0.13622,0.254666,-0.383256,0.201981,-0.222808,-0.183158,-0.162876,0.153821,-0.181771,-0.088356,0.201159,-0.010269,0.157478,0.346483,#
18,0.540161,0.049231,0.133947,-0.237663,-0.202891,0.00445,0.249428,0.141198,0.028901,0.045847,0.079777,-0.258713,0.353162,0.311779,0.115058,-0.10294,-0.120146,-0.253024,1.0,0.095622,0.080657,0.237005,0.245403,0.117347,-0.038356,-0.120016,-0.120304,0.193624,0.395359,0.067379,-0.184798,0.232301,0.057264,-0.167474,-0.020362,0.277069,0.019268,0.111837,-0.253774,0.164031,0.157751,0.108963,0.114766,-0.264858,0.036005,-0.221557,0.313642,0.030845,-0.277131,-0.120753,0.167556,-0.06545,0.193292,-0.512907,-0.303444,0.255489,0.167358,-0.233778,0.054716,-0.221938,0.370019,-0.182207,-0.062363,0.117389,-0.248274,0.19547,-0.479014,-0.104582,0.055945,0.085985,-0.210215,0.204584,-0.091828,-0.5633,-0.429202,-0.088516,-0.15688,0.108531,-0.40516,0.275925,0.427825,-0.12548,-0.029926,-0.722123,-0.006705,0.106411,0.119514,-0.19032,-0.133805,-0.003894,-0.360311,-0.17478,0.077181,-0.34652,0.374298,-0.24669,-0.282623,-0.107363,-0.42426,-0.258525,0.132129,0.009009,-0.048147,-0.425274,-0.132404,0.017932,-0.388633,-0.216177,0.022142,-0.061987,-0.048478,0.005093,-0.167049,-0.036587,0.282717,0.086798,0.084509,-0.022451,0.107961,-0.220675,0.150262,-0.279244,0.013485,-0.034647,-0.410186,-0.062327,0.363891,-0.107365,0.144586,0.027104,-0.183588,-0.277755,0.067509,0.077086,0.119886,-0.010389,-0.12064,0.18532,0.348096,-0.03609,-0.371851,0.234316,0.051473,-0.147284,-0.197088,0.159576,-0.193298,0.092331,-0.369478,0.142831,-0.156273,-0.111339,0.002314,-0.215608,0.139804,-0.305969,0.071563,-0.090004,-0.215809,0.004991,0.267878,0.118318,0.00993,-0.251453,0.090882,0.072555,0.258875,0.13392,-0.204239,-0.120528,-0.288512,-0.020635,-0.086484,0.11595,0.081792,-0.084924,-0.17499,-0.008251,0.260119,-0.232509,-0.122544,-0.054833,0.186336,0.176637,-0.192678,-0.046033,0.409676,0.142584,-0.012597,0.078421,-0.215381,0.173595,0.098093,0.284538,0.280061,0.160535,-0.150596,0.035595,-0.116906,0.001048,#
19,0.130777,-0.164219,0.076632,-0.296835,0.041483,-0.106451,0.330506,-0.352768,0.367819,0.420331,0.176183,-0.230728,0.302066,0.43725,0.202171,0.085255,-0.193955,0.360462,0.095622,1.0,-0.1087,0.083671,0.479562,0.183154,-0.188517,-0.045893,0.36884,-0.084816,0.539088,-0.170906,-0.049293,0.238901,0.186307,0.141596,-0.121656,-0.060107,0.250237,0.234357,-0.136005,0.168274,0.376444,0.007204,-0.021686,-0.182855,0.078992,-0.438403,0.145768,0.402861,-3.5e-05,-0.207358,0.122512,-0.408957,0.518059,-0.119852,-0.000567,0.14819,-0.249881,-0.321365,0.301863,0.056683,0.448044,0.059155,-0.474681,0.117095,0.107259,-0.066474,0.152967,-0.050493,0.102293,0.108193,-0.295605,0.196568,0.128085,-0.339809,-0.360646,-0.200419,-0.072724,-0.229274,0.063771,0.199677,0.049327,0.026306,-0.371015,0.065984,-0.075887,0.561473,-0.106453,-0.354346,-0.205183,-0.387873,-0.281818,0.339174,-0.307726,-0.331513,-0.170182,0.008212,-0.328158,-0.197145,-0.205015,-0.438515,-0.439676,0.080265,-0.294673,-0.186153,0.423422,-0.279507,0.086268,-0.111243,0.45524,-0.1946,0.048388,0.023372,-0.007997,-0.162278,0.18331,-0.341023,-0.272581,-0.055414,0.142311,-0.274366,-0.22637,-0.259364,-0.109415,-0.36121,-0.293931,0.236067,0.299033,0.277341,0.079167,0.096088,0.428473,-0.401271,-0.283,-0.067576,0.140689,-0.163248,0.156795,0.242735,0.093792,0.116771,-0.134033,-0.001483,-0.219174,-0.16207,-0.19781,-0.162434,-0.179537,0.265697,-0.236138,-0.115056,-0.158429,-0.123527,0.014638,-0.382903,-0.174977,-0.005427,0.434606,0.141242,-0.205015,-0.301946,0.217771,-0.206856,0.363451,-0.198397,-0.002548,0.125704,0.18831,-0.278032,-0.334676,0.058713,-0.366265,-0.403666,-0.438515,-0.088956,-0.083041,-0.131617,0.098442,-0.007535,0.301272,-0.271489,0.369083,0.205676,-0.329493,0.19365,-0.000335,-0.408218,0.520473,0.418962,-0.382947,-0.000321,0.023098,-0.299534,-0.148996,0.122118,0.088326,-0.105214,-0.220723,-0.371876,0.347005,0.024393,#
20,0.097157,0.310689,-0.094078,0.203908,-0.289878,-0.031044,-0.051072,0.13324,0.065701,0.008934,0.027139,-0.011693,0.002904,0.165993,0.354431,-0.550796,-0.291117,-0.360572,0.080657,-0.1087,1.0,0.199587,0.08499,-0.139386,0.105239,-0.187419,0.114778,0.112432,-0.264875,-0.219828,0.044961,0.08459,0.275046,-0.108065,-0.458435,-0.468812,0.063548,-0.200209,0.265512,-0.211558,0.043078,0.348245,-0.404719,0.12423,0.138255,-0.118874,0.118969,0.149206,0.031035,-0.097978,-0.236804,0.242215,0.388426,0.0466,-0.001885,0.003667,0.008723,0.046577,-0.408398,-0.274404,0.012357,0.175941,0.021292,0.074236,0.323686,0.203366,-0.346658,-0.062456,0.344766,0.076793,-0.258648,-0.032727,-0.10792,0.086397,-0.32538,-0.073567,-0.016437,0.387424,0.034614,0.036769,0.034825,-0.142302,0.124742,-0.139763,0.11379,0.18533,-0.129516,0.422125,0.467859,-0.179678,-0.043374,0.10675,0.046582,0.124803,0.113372,0.218007,-0.141408,-0.229358,0.016275,-0.301746,0.176481,0.164699,0.260997,-0.180761,-0.078913,-0.038637,0.049259,-0.042636,-0.226346,-0.160247,0.057979,-0.028703,-0.043224,0.093662,0.39614,-0.116901,0.001478,-0.181381,-0.241869,0.000905,0.315015,-0.305624,0.069873,0.05449,0.026249,-0.163082,0.120633,-0.467101,-0.224065,-0.028951,0.104382,-0.012844,-0.149034,-0.202499,0.019899,0.091777,-0.110952,0.371545,0.413638,-0.054487,-0.113561,0.130341,0.143603,0.175392,-0.049933,-0.332644,-0.211558,-0.184938,0.203981,0.124453,0.283545,-0.080888,-0.30426,-0.067987,0.028993,-0.141235,0.207374,-0.31062,0.016275,0.156964,-0.079103,-0.0868,-0.030675,-0.172018,-0.089868,-0.08478,0.258053,-0.119787,-0.003562,-0.355103,-0.221283,-0.175315,-0.301746,0.039753,0.496046,-0.137869,0.346613,-0.288259,0.257341,0.074654,-0.301158,0.007176,0.143653,-0.110892,0.010379,-0.148386,-0.256661,-0.153378,-0.21717,0.345166,0.125441,0.121957,0.071717,0.127661,0.004816,-0.155727,-0.048047,-0.49173,-0.304128,-0.114976,#
