0,1.0,0.017159,0.111897,-0.273862,0.506153,-0.187069,0.300346,-0.202653,0.295216,0.17359,-0.150719,0.22064,0.51525,-0.051656,-0.254568,-0.110053,0.027408,0.123003,0.112911,-0.158,-0.381945,-0.117043,0.352954,-0.37206,-0.202563,-0.336595,-0.470024,-0.196666,0.06871,0.079355,-0.267339,-0.232507,-0.207084,-0.097536,-0.27499,0.232946,0.246054,0.135938,0.084185,-0.069446,0.288052,0.000924,-0.285596,-0.23553,-0.047206,-0.108953,0.337844,0.214197,-0.070241,0.331615,0.213405,-0.116828,0.028913,0.064372,0.064821,-0.09731,-0.222855,0.246287,-0.227424,-0.046809,0.187144,-0.446444,0.191483,-0.451031,-0.078423,0.226017,0.010841,0.031921,0.350061,-0.268424,0.116305,-0.211236,-0.06858,-0.436134,-0.274183,0.304631,-0.159827,-0.496823,-0.087847,-0.095773,-0.225602,-0.224659,-0.332054,-0.002802,-0.131774,-0.248167,-0.465052,-0.230846,-0.070729,-0.269186,-0.375856,-0.036479,-0.263908,0.117435,-0.24661,-0.318687,-0.24661,-0.181411,0.162391,-0.373611,0.259075,-0.250438,-0.152269,-0.125782,-0.250128,-0.186042,-0.046501,0.133134,-0.466442,0.065298,0.173535,-0.206777,0.011674,-0.249362,-0.446285,-0.291661,-0.287579,-0.314791,0.255746,-0.541689,-0.270009,-0.498774,-0.07337,-0.319091,-0.364942,-0.025699,-0.457666,-0.125971,0.015438,-0.197181,-0.421881,0.045708,0.06537,0.119306,-0.156581,-0.53777,0.189935,-0.159827,-0.149038,-0.2881,-0.13201,0.261014,-0.207696,0.097132,-0.236031,-0.186691,-0.496839,0.516461,-0.350612,-0.126047,-0.566593,-0.547665,-0.214964,-0.158014,-0.551362,-0.145079,0.249686,0.450712,-0.165441,-0.384551,0.147348,0.055809,-0.457666,-0.035783,0.241251,-0.076028,-0.043593,-0.23055,-0.153496,-0.148402,0.0058,0.176861,0.163208,-0.420706,-0.061532,-0.214005,-0.023693,0.267396,0.300384,-0.263813,0.16613,0.212422,-0.194604,-0.186212,0.332652,0.191984,0.298258,0.196497,-0.366772,0.457099,-0.220751,-0.07233,0.307727,0.405645,-0.243942,0.250789,0.264763,-0.225533,-0.169202,0.225457,#
1,0.017159,1.0,0.067125,0.078632,0.069847,-0.277213,-0.005256,0.010255,0.012252,0.313461,-0.287631,0.018836,0.183409,0.030322,-0.013037,-0.031883,-0.078594,0.183898,0.242103,-0.105707,0.025388,0.029245,-0.005704,-0.1722,-0.137612,0.018618,0.030733,0.117665,0.094798,0.160089,-0.311917,0.294602,0.021844,0.092964,-0.124409,0.261306,0.336346,-0.132004,-0.227048,-0.19018,0.156052,0.195625,0.236039,-0.076538,-0.211958,-0.332679,0.214367,0.17592,-0.106551,0.344702,-0.126112,-0.343975,-0.072272,0.218561,-0.109235,-0.092578,-0.351877,-0.20305,-0.063252,0.03192,-0.055011,0.066044,-0.189706,-0.029041,0.063159,-0.219758,0.167106,0.117296,-0.030678,-0.186729,-0.168184,-0.197492,0.101396,0.053635,-0.178109,0.136332,-0.134603,-0.440542,-0.143932,-0.50726,0.123988,-0.465619,-0.301867,0.042102,-0.449072,-0.255401,-0.104835,0.14047,-0.051821,0.064013,0.153169,-0.060949,-0.20049,0.221343,-0.44619,-0.089496,0.09081,-0.239719,-0.121202,-0.034065,0.238291,-0.162211,-0.624381,-0.095979,-0.603187,-0.265902,-0.154309,-0.20579,-0.120751,-0.272531,0.008944,0.247852,0.131545,-0.159975,-0.108863,-0.050892,-0.116742,-0.304552,0.36649,-0.059577,-0.198441,0.197496,-0.364719,-0.322657,0.273769,-0.445616,-0.38922,-0.135802,-0.186157,0.0347,-0.28586,0.068486,-0.03828,0.321984,-0.238972,0.024227,-0.201565,0.004827,-0.173813,-0.192972,-0.10434,0.328089,-0.104281,0.101419,-0.103822,-0.441817,-0.131961,0.306251,-0.39672,-0.158751,-0.276797,-0.213161,-0.188424,0.041384,-0.056884,-0.074669,0.018333,0.316791,-0.042364,-0.291361,-0.117866,-0.041911,-0.07893,-0.103149,0.190999,0.417331,0.063644,-0.054845,-0.426116,0.253793,-0.192021,0.189717,-0.137238,-0.255406,0.146095,0.096055,-0.139713,0.229509,0.142674,-0.1526,0.260199,-0.086815,-0.100366,-0.103563,-0.004561,-0.187723,0.06887,-0.186687,-0.339235,0.098984,-0.437504,0.111491,0.112862,0.268519,-0.201922,0.161463,0.233737,-0.332714,0.065706,0.048214,#
2,0.111897,0.067125,1.0,0.080909,0.04443,-0.236576,0.103489,-0.175162,-0.051672,0.286066,-0.117375,-0.068055,-0.080011,-0.141423,-0.571293,-0.200656,0.119261,0.064868,-0.113369,-0.274363,0.058925,-0.273493,-0.013883,0.019293,-0.029927,-0.282619,0.007762,-0.487037,-0.185453,0.162603,-0.193687,-0.240612,-0.153977,-0.02015,-0.031223,0.035071,-0.003218,-0.052265,-0.190972,-0.229588,-0.074148,-0.075485,-0.011532,0.146525,0.397055,-0.387127,-0.025832,0.377197,-0.064176,0.244015,-0.010101,0.045877,0.17483,0.341624,-0.03549,-0.262283,-0.125394,0.020224,0.260642,0.144608,-0.07416,0.3125,-0.344875,-0.350298,0.042737,0.063417,-0.281305,-0.075112,-0.005819,0.037058,0.03827,0.091422,-0.14682,0.19769,-0.193629,0.451277,-0.128083,-0.031635,-0.202538,-0.003097,0.116465,0.077636,-0.058015,0.418568,-0.1076,-0.278449,0.036435,0.137893,-0.129494,-0.148304,-0.115634,-0.403113,0.210012,-0.151523,-0.466964,0.145963,0.035673,-0.007838,0.07444,0.028787,-0.139908,-0.01684,0.06387,-0.015505,-0.144951,-0.256492,0.078642,-0.014105,-0.154007,0.179231,0.279907,0.322166,0.170817,-0.205833,0.188903,0.072152,0.016723,-0.241832,0.128287,-0.01637,-0.249449,0.168954,-0.008409,-0.069462,-0.147656,-0.052687,-0.286449,0.247616,0.240125,0.198488,0.243222,-0.02935,0.064161,0.22633,0.249319,-0.116135,0.26456,0.192448,-0.09879,-0.387241,-0.044367,0.436025,0.102684,-0.243733,0.064634,0.31496,-0.046407,0.228608,-0.152301,-0.057817,-0.303645,0.286652,0.106702,-0.123492,-0.316301,-0.012146,-0.031743,0.195609,0.089859,-0.093097,0.318257,-0.016349,0.374318,0.093472,0.114931,0.065761,-0.153664,-0.468324,0.186365,-0.01118,0.159457,0.007393,0.002679,0.082204,-0.122167,-0.026471,-0.194594,0.00949,-0.053877,-0.025481,0.067431,0.007753,-0.08195,-0.06817,-0.395749,0.108777,-0.251451,-0.174718,6.5e-05,0.103423,0.264214,-0.084306,0.0884,0.016596,0.079426,0.059452,0.003434,0.376134,0.260596,-0.154635,#
3,-0.273862,0.078632,0.080909,1.0,0.041591,0.090949,-0.256822,-0.14279,-0.298018,0.01493,-0.017153,-0.436822,-0.105014,0.120068,-0.306377,-0.308259,0.155914,-0.042342,0.007797,-0.017067,0.059151,-0.063139,-0.199033,-0.087656,0.077914,-0.051218,0.03154,0.06798,-0.130747,0.036805,0.402123,-0.030253,0.190225,-0.329963,-0.073992,-0.376636,-0.142554,-0.064779,-0.244756,0.146403,0.134037,-0.211241,0.184591,0.490202,-0.096857,0.026572,-0.377049,-0.155282,0.285856,0.035268,-0.178275,0.281124,0.186043,0.140691,0.065247,0.087752,0.097582,-0.230205,0.412576,-0.174663,-0.143487,-0.118413,-0.244707,-0.069071,-0.223595,-0.213673,0.1614,-0.232364,-0.35642,0.449164,-0.019623,0.113883,0.251216,0.258744,0.177867,0.029503,0.173389,-0.080144,0.150762,0.430767,0.22063,-0.088732,0.065005,0.049323,0.233293,0.018487,0.24091,0.24414,0.072023,0.002388,0.002607,-0.059407,-0.118745,0.015045,0.21433,-0.039056,0.27453,0.305023,0.157787,0.069795,-0.257714,-0.166775,0.218868,0.12102,0.003379,-0.196037,0.41385,-0.17174,0.208419,-0.057632,0.267926,0.165711,-0.130216,-0.204813,0.033258,0.109786,0.260442,0.035042,0.11709,0.078551,-0.104841,0.201554,0.19603,-0.088643,0.103576,0.186225,-0.150469,0.166087,0.095244,0.183034,-0.08249,0.138149,-0.266537,0.035453,-0.009113,0.161978,0.126014,0.191014,-0.212267,0.150762,-0.094456,0.247045,0.266538,-0.298741,0.119568,0.132667,0.136413,-0.048586,0.116275,0.282257,0.214593,0.355574,0.016171,0.189241,0.30215,0.162484,-0.153174,-0.099276,0.27251,0.022642,0.074528,0.213927,-0.107196,0.156201,-0.111707,-0.155584,-0.052771,-0.135403,0.019864,0.166931,-0.205289,-0.287835,0.110489,0.148643,0.116084,0.327776,0.050068,-0.047832,-0.076823,0.521364,-0.540207,-0.016147,0.027394,-0.297952,-0.003768,-0.248545,-0.19509,-0.2041,-0.012004,-0.178626,0.391788,-0.33935,-0.108142,-0.042724,0.154645,-0.174677,-0.258796,0.021408,-0.246578,0.216952,#
4,0.506153,0.069847,0.04443,0.041591,1.0,-0.058075,0.273013,-0.150883,0.013086,0.107389,-0.038059,0.070236,0.217733,0.173245,-0.215108,-0.178141,0.291915,-0.163855,0.018614,-0.421981,-0.31477,0.141518,0.14233,-0.309078,-0.473481,-0.130669,-0.177924,-0.079275,0.21303,0.223003,-0.064741,-0.037101,-0.414758,-0.048115,-0.354667,0.4186,0.150207,-0.166821,0.199367,0.114747,0.233932,-0.191428,-0.061342,-0.097421,-0.235155,-0.015364,-0.000303,0.22516,-0.113389,0.093183,0.123376,-0.497551,0.168888,0.062499,0.186847,-0.493244,-0.36545,0.30667,-0.305065,-0.175175,0.196432,-0.203212,0.0887,-0.19756,0.141109,0.275482,-0.058237,0.14474,0.131209,-0.156248,-0.294558,-0.669402,0.270556,-0.644868,-0.42655,0.479789,-0.44774,-0.657953,-0.392253,-0.193225,-0.413875,-0.477479,-0.555048,-0.132826,-0.353286,-0.648231,-0.44494,-0.51376,-0.143764,-0.171245,-0.349806,-0.085418,-0.27341,0.016634,-0.476874,-0.66903,-0.473496,-0.037737,-0.121561,-0.218508,0.196247,-0.160159,-0.122795,-0.204343,-0.474347,-0.602467,0.05581,-0.163893,-0.163876,0.1422,0.003651,0.1187,-0.371009,-0.342259,-0.345496,-0.123857,-0.155778,-0.417754,0.085361,-0.142709,-0.279425,-0.397448,-0.203999,-0.002409,-0.085875,-0.248318,-0.594701,-0.1789,-0.402643,-0.116274,-0.47042,-0.012298,-0.379952,0.032231,-0.177978,-0.599281,0.259005,-0.482087,-0.235693,-0.41337,-0.373341,0.376564,0.084871,-0.011631,-0.299663,-0.340829,-0.386528,0.617447,-0.46496,-0.237521,-0.339824,-0.410982,-0.388886,-0.447709,-0.356026,-0.364264,0.083841,0.33389,-0.323702,-0.609177,0.164182,-0.173071,-0.291527,-0.293423,0.059661,0.200609,-0.17764,-0.260995,-0.155658,-0.18857,0.283837,-0.083348,-0.355531,-0.444657,-0.057597,-0.266941,-0.361908,0.309667,0.268591,-0.314714,0.185335,0.056102,0.095591,0.26747,0.361521,0.072042,0.40125,-0.238552,-0.101722,0.316222,-0.098255,0.221555,0.555289,0.671273,0.214951,0.351287,0.310299,-0.264729,-0.46066,0.402979,#
5,-0.187069,-0.277213,-0.236576,0.090949,-0.058075,1.0,-0.012318,0.218366,-0.053522,-0.192541,0.066229,-0.127024,-0.402919,0.234803,0.504605,-0.068319,0.078419,-0.168887,-0.121645,0.052919,0.098295,0.132051,-0.013949,-0.311906,0.217905,0.028808,0.02548,0.027994,-0.145301,-0.01906,0.455588,0.451063,0.268224,-0.104393,-0.358365,-0.341294,-0.224452,0.19963,0.36863,0.168166,-0.391364,0.100585,0.050256,0.146622,-0.084703,0.169706,-0.22542,-0.384732,-0.13408,0.025753,0.002339,0.199398,0.147444,-0.061231,0.127848,0.344925,0.062835,0.342544,-0.230395,0.315156,0.273664,-0.031291,-0.148428,0.272435,-0.001028,-0.151066,-0.298772,0.202599,-0.180516,0.237363,-0.08738,0.095219,0.332067,0.084981,0.051329,-0.178281,0.361861,0.250524,-0.154681,0.240821,0.134775,0.092719,0.034175,-0.108703,-0.013264,0.084981,-0.081236,-0.184286,-0.03649,-0.240467,0.00218,0.139171,-0.045394,-0.063076,0.264903,0.085268,0.078374,-0.021051,0.11863,-0.079804,-0.22094,0.022175,0.190493,-0.086076,0.266805,0.07343,0.066223,0.043427,-0.084213,-0.413722,-0.071422,0.057016,-0.191098,0.02561,-0.246906,-0.019086,0.265605,-0.143113,-0.120084,0.025915,-0.035836,0.230067,0.054797,-0.059825,-0.330466,0.30164,0.13367,0.082956,-0.311102,-0.142293,0.293273,-0.253174,-0.217999,-0.032902,-0.024256,-0.151331,0.087799,0.024448,-0.053829,0.238722,0.225821,-0.076063,-0.275457,-0.351033,-0.100198,-0.06642,0.25951,-0.13269,0.522807,0.034402,-0.001541,0.079773,0.308389,0.363725,-0.007677,-0.079504,0.033974,-0.082254,-0.210408,0.091149,-0.280869,-0.062517,-0.005798,-0.055695,0.034422,-0.059075,0.308308,0.172413,-0.056556,0.102127,0.179805,-0.179938,0.188298,0.270712,0.017294,0.132588,0.012122,-0.076075,0.158806,0.177628,0.011219,0.095837,0.090252,0.102051,0.068575,-0.075473,0.143744,0.066464,0.170751,0.108899,0.096074,-0.19233,-0.188164,-0.357567,0.121911,-0.013238,-0.235457,-0.060815,0.207196,0.261787,#
6,0.300346,-0.005256,0.103489,-0.256822,0.273013,-0.012318,1.0,0.104183,0.482407,-0.135324,0.246968,0.306505,0.180252,-0.252636,0.190182,0.140024,-0.072718,-0.25243,-0.062757,0.041909,-0.197558,0.315824,0.152525,-0.458987,-0.084369,-0.126461,0.077744,-0.546285,0.16774,0.235881,-0.394778,-0.136791,-0.066113,-0.035758,-0.028603,0.026648,0.072635,-0.233848,0.021089,0.357544,0.154072,-0.02991,-0.384315,-0.513685,-0.14473,0.1813,-0.170236,0.247663,0.147298,0.339996,0.391708,-0.132189,-0.128926,0.076982,0.186196,0.014946,-0.023185,0.303927,0.004613,0.177005,0.289248,-0.035063,-0.343447,0.202591,0.38794,0.179152,-0.144162,0.112109,0.041218,-0.232275,0.05287,-0.299099,0.218034,-0.412981,-0.59064,0.296771,-0.299468,-0.232607,-0.399616,-0.217313,-0.518087,-0.147013,-0.165845,-0.378192,-0.317885,-0.257298,-0.419574,-0.191122,-0.328593,-0.268268,-0.310635,-0.539311,-0.148505,-0.266664,-0.605558,-0.062589,-0.091974,-0.589418,-0.337258,-0.217955,-0.08525,-0.260908,-0.31117,-0.38572,-0.264075,0.13865,0.131769,-0.067228,-0.593255,0.287474,0.004833,-0.010083,-0.236562,-0.435046,-0.096228,-0.316688,-0.279118,-0.175331,0.004849,-0.372522,-0.16127,-0.381112,-0.033455,-0.389023,-0.221508,0.032862,-0.337125,-0.187405,-0.330698,-0.286273,-0.305381,-0.074899,-0.3222,-0.194219,-0.31052,-0.278672,0.066015,-0.299468,-0.02112,-0.589967,-0.248104,0.122729,-0.37692,-0.146712,-0.308141,-0.316616,-0.567948,0.62486,-0.062884,-0.505277,-0.318101,-0.502316,-0.367069,-0.136357,-0.40058,-0.391169,-0.172183,0.203783,0.070196,-0.559241,0.225453,-0.333992,-0.318368,-0.309797,-0.013732,0.241755,-0.031752,0.124366,0.03251,-0.23111,0.159943,-0.067054,0.0574,-0.140578,0.057349,-0.412131,-0.104697,0.602543,0.345058,-0.109049,0.431563,0.634443,0.14159,-0.11024,0.545787,0.186874,-0.059398,-0.124696,-0.155753,0.533342,0.040647,0.17082,0.503255,0.205792,-0.549658,0.178684,0.602624,-0.380605,-0.327305,-0.013235,#
7,-0.202653,0.010255,-0.175162,-0.14279,-0.150883,0.218366,0.104183,1.0,-0.217382,-0.398164,-0.361348,-0.099266,-0.225299,-0.020136,0.084846,-0.117195,0.163252,0.036182,-0.043413,0.005486,0.257741,0.477903,-0.252506,-0.081001,0.126191,0.330928,0.272028,0.116143,-0.532924,-0.257271,0.022947,0.437602,0.247435,0.150305,-0.116888,0.057576,0.067726,-0.320553,0.303079,0.079821,-0.081564,-0.07587,0.459548,-0.143519,-0.286286,0.242451,-0.183564,-0.12529,-0.360191,-0.194449,0.248467,0.02687,-0.081981,-0.06272,-0.044717,0.267982,0.317755,0.120129,-0.040648,0.28139,-0.0989,0.222839,-0.159933,0.486363,0.125498,0.105555,-0.16403,0.073876,-0.025275,-0.37931,0.091744,0.289722,-0.168397,0.181148,0.112349,-0.279732,0.285168,0.327744,-0.09428,0.29672,0.21101,0.179144,0.284009,-0.028586,0.257807,0.15772,0.143663,0.238333,0.222716,0.163131,0.045059,0.189815,0.389981,-0.198578,0.147767,0.171946,-0.181649,0.207544,-0.216722,-0.032924,0.062155,-0.003257,0.024599,0.136868,-0.035424,0.059662,0.103123,-0.197325,0.139827,-0.187982,-0.289941,-0.105757,0.048771,0.092282,0.326448,0.306391,0.159064,0.08546,-0.065675,0.073416,-0.058472,0.125613,-0.06466,0.139392,0.032085,0.191803,0.194022,-0.479592,-0.020702,0.117161,-0.01023,-0.004178,0.029647,-0.255856,0.243865,-0.069761,0.107835,0.111511,0.074292,-0.102067,-0.191777,-0.03225,0.049251,0.034798,-0.013865,-0.106071,0.156614,-0.04804,0.04718,0.096939,0.032756,0.130302,0.22712,0.115505,0.412444,-0.10627,-0.203847,-0.330814,-0.140414,-0.003843,0.269087,-0.150154,0.034454,-0.013075,0.293496,0.043548,0.230644,0.19155,-0.073816,0.355161,-0.055313,-0.055382,0.122241,0.174984,-0.402855,0.00396,0.11791,-0.125229,-0.063973,-0.135573,-0.171459,-0.262807,0.176178,-0.166681,-0.028577,-0.132076,-0.151746,0.108029,0.183686,-0.106953,0.154494,0.101749,-0.12242,-0.302392,0.115652,0.112784,-0.284247,-0.008573,0.04305,-0.177271,#
8,0.295216,0.012252,-0.051672,-0.298018,0.013086,-0.053522,0.482407,-0.217382,1.0,0.077052,0.208777,0.356706,0.149186,-0.105702,0.328385,0.085695,-0.340984,-0.029341,0.264443,-0.173683,-0.309785,0.032534,0.300499,-0.277746,0.167322,-0.383958,-0.013088,0.00483,0.496978,0.194407,-0.344591,-0.12729,0.184372,0.007887,-0.186718,0.159617,0.098172,-0.010399,-0.149477,0.150698,0.115007,-0.255985,-0.359726,-0.311483,-0.029815,-0.107777,0.197658,0.115245,0.282482,0.482356,0.006197,-0.055166,-0.173375,0.206031,0.384589,-0.16387,0.013745,-0.058916,0.240988,-0.091717,0.110384,-0.195482,-0.117851,0.187656,0.013351,0.125405,0.211969,-0.033602,0.135611,-0.063129,-0.043377,-0.229953,0.211614,-0.275252,-0.255114,-0.007023,-0.259604,-0.181779,-0.208397,-0.379768,-0.354376,-0.155034,-0.305604,-0.153196,-0.16495,-0.071519,-0.233061,-0.332501,-0.303447,-0.099644,-0.145922,-0.188234,-0.428911,0.092689,-0.246376,0.137943,-0.067721,-0.580965,0.036583,-0.207432,-0.193575,-0.315998,-0.274286,-0.34418,-0.042808,0.09247,-0.289234,0.038434,-0.426456,0.354783,-0.062634,0.142212,-0.066393,-0.200823,-0.248661,-0.579045,-0.268285,-0.136964,0.185423,-0.223049,-0.220842,-0.422209,0.125395,-0.386312,-0.247141,0.045389,-0.107714,-0.127926,-0.056145,-0.421248,-0.130697,-0.022383,-0.134616,0.127144,-0.330305,-0.089604,-0.258172,-0.278763,0.194726,-0.237034,-0.165786,0.0884,-0.600439,-0.265166,-0.322228,-0.000547,-0.217461,0.19456,-0.034805,-0.32055,-0.14633,-0.336844,-0.332004,-0.256824,-0.261752,-0.461282,0.108991,0.497599,0.042145,-0.320587,0.143554,-0.241578,-0.107714,-0.139678,-0.011353,0.16341,-0.095784,0.11844,-0.009271,-0.192211,-0.055432,0.374532,0.121163,-0.468332,0.181221,-0.463299,-0.208142,0.380492,0.141255,-0.039654,0.442841,0.527528,0.043996,-0.037427,0.323245,0.254037,-0.125657,-0.131427,-0.243805,0.145694,-0.103714,0.105329,0.40024,0.12879,-0.628088,-0.01499,0.545218,-0.22249,-0.01889,-0.04489,#
9,0.17359,0.313461,0.286066,0.01493,0.107389,-0.192541,-0.135324,-0.398164,0.077052,1.0,-0.031303,-0.111026,0.313756,0.078427,-0.159326,0.028891,-0.462356,0.39664,0.127426,-0.037268,0.113296,-0.229159,0.228597,-0.077888,0.049877,-0.058723,-0.364517,0.011392,0.141023,0.229323,-0.243902,0.026443,-0.126563,0.226421,-0.220364,0.263592,0.250534,-0.056384,-0.097351,-0.157769,0.150991,0.223547,0.11943,0.342298,0.313924,-0.322729,0.099839,0.450895,0.232098,0.263652,-0.23337,-0.113899,0.172372,0.269382,-0.313229,-0.248114,-0.143959,-0.143835,0.061357,-0.021537,0.092686,0.171178,-0.26214,-0.367072,0.142511,-0.043054,-0.026503,0.277374,-0.019943,-0.206805,0.047783,-0.287889,-0.071043,0.07564,0.061487,0.39207,-0.210312,-0.44622,-0.079312,-0.232039,0.015332,-0.192588,-0.29519,-0.057914,-0.219473,-0.219058,-0.222746,-0.110893,-0.221175,-0.080511,-0.02238,-0.017995,-0.191163,0.245238,-0.237741,0.04186,0.099719,-0.266296,0.164013,-0.386927,-0.140441,-0.135665,-0.365294,0.042868,-0.214111,-0.196583,-0.193102,-0.146823,-0.089038,-0.124233,0.589014,0.143939,-0.089537,-0.292831,-0.230654,-0.065541,-0.249154,-0.294055,0.345057,-0.326646,-0.037189,0.055478,0.082387,0.05154,-0.126957,-0.145806,-0.36362,-0.033558,-0.161844,0.116052,0.164069,-0.13582,0.164221,0.82504,-0.031317,0.112942,-0.031555,-0.058308,0.266269,-0.305709,0.034354,0.204708,-0.043382,-0.075209,-0.016916,0.052882,-0.005464,0.345806,-0.398057,0.000811,-0.603591,-0.028074,0.179507,-0.206544,-0.270801,0.203662,0.362262,0.491851,-0.204874,-0.04467,-0.258157,0.050373,-0.048839,0.186524,0.148099,0.281907,-0.516715,-0.445398,-0.125156,-0.12148,0.190575,0.130267,-0.116235,-0.332313,0.281214,0.060897,-0.117105,0.044093,-0.008297,-0.263694,0.059821,-0.034967,-0.543766,0.361643,-0.181504,-0.124996,0.140417,-0.250869,-0.413327,0.328953,-0.142814,-0.042589,-0.042434,0.068352,-0.018262,-0.096105,0.204717,0.078016,0.397562,-0.144802,#
10,-0.150719,-0.287631,-0.117375,-0.017153,-0.038059,0.066229,0.246968,-0.361348,0.208777,-0.031303,1.0,0.109678,-0.114671,-0.015937,0.396929,0.090567,-0.167767,-0.408463,-0.28251,0.143963,-0.174749,-0.039244,0.016173,-0.006048,0.050193,0.150702,0.200021,-0.234686,0.492427,0.060745,-0.006165,-0.334298,-0.094268,-0.102315,0.234149,-0.2551,-0.283176,0.055227,0.126803,0.238653,-0.286325,-0.017492,-0.500185,0.116595,0.35982,0.040178,-0.262969,-0.032945,0.473039,-0.091715,0.065691,0.058653,0.026119,0.173362,0.338589,0.247683,-0.008729,-0.25146,0.092728,0.14614,0.190588,-0.05747,0.023966,-0.031086,0.023084,-0.000347,0.012119,-0.075417,-0.460287,0.100106,-0.055197,-0.103717,0.372102,-0.164762,-0.175247,0.188592,-0.176373,0.239765,-0.158349,-0.136721,-0.51303,0.107926,0.094772,-0.293263,-0.075002,-0.114408,0.175129,-0.088576,-0.182105,-0.332192,-0.067674,-0.399232,0.004778,-0.312889,-0.009668,0.229907,0.003347,-0.311449,-0.397447,-0.004254,-0.114482,0.242595,-0.030826,-0.235584,0.019941,0.14233,-0.013008,-0.143793,-0.146603,0.336408,-0.041977,-0.056952,-0.33325,0.070469,-0.303213,-0.172983,-0.144148,-0.07014,-0.346138,0.006187,0.200705,-0.14261,0.213093,0.109435,0.075591,0.166075,0.155765,0.32074,-0.191355,-0.155126,-0.05062,-0.252097,-0.43773,-0.138313,-0.238303,0.15681,0.02933,-0.331888,0.270647,0.022973,-0.087296,0.08796,-0.186705,-0.069265,-0.054778,-0.097204,-0.249269,-0.210371,0.533231,-0.240125,0.132426,-0.251162,-0.24539,-0.175773,-0.164102,-0.102208,-0.213611,0.116257,0.317251,-0.03089,-0.035981,-0.296621,-0.150561,-0.241999,-0.509188,-0.223251,-0.095349,0.180318,0.43143,-0.529818,0.180394,-0.499411,-0.060563,-0.05264,0.361735,0.029452,-0.276442,0.009822,0.084781,0.0,0.153574,0.432609,0.220173,0.323227,-0.101007,0.083904,0.115552,-0.271727,0.128177,0.19089,-0.034823,0.336195,0.074431,-0.118272,-0.24855,-0.23486,0.163703,0.059177,-0.138415,0.106436,#
11,0.22064,0.018836,-0.068055,-0.436822,0.070236,-0.127024,0.306505,-0.099266,0.356706,-0.111026,0.109678,1.0,-0.044984,-0.551983,0.130604,0.515045,0.167006,-0.421259,-0.201,-0.211657,-0.372187,-0.013526,-0.212446,0.038413,0.076318,0.102383,-0.188608,-0.221314,0.261746,0.287177,-0.345796,-0.083082,-0.272083,-0.039545,0.272623,0.317068,-0.466436,0.08432,-0.254763,0.285628,-0.063682,-0.199122,-0.505888,-0.443523,0.085116,0.084794,-0.198373,-0.169098,-0.156576,0.259529,-0.149961,-0.422596,-0.089395,0.242218,0.227897,-0.069208,-0.168474,0.168784,-0.100803,0.200832,-0.333754,-0.03927,0.201671,0.076618,0.429488,-0.414173,-0.155342,-0.204854,-0.090198,-0.345287,-0.116483,-0.07266,0.06123,-0.422393,-0.353935,-0.103664,-0.305197,-0.066065,-0.142251,-0.361207,-0.315747,-0.263458,-0.304679,-0.005881,-0.242161,-0.18414,-0.066841,-0.532446,-0.197186,-0.078602,-0.012985,-0.022619,-0.015504,-0.417771,-0.254447,0.115561,-0.049813,-0.569574,-0.271192,0.197099,0.231856,-0.061967,-0.228065,-0.271437,-0.070098,0.001406,0.050591,0.16013,-0.259551,0.185716,-0.460682,-0.097115,-0.188391,0.232217,-0.246934,-0.484205,-0.076849,0.040572,-0.430002,0.14659,-0.239469,-0.323512,-0.346269,0.05775,0.030617,-0.398345,0.16443,-0.316485,-0.261992,-0.137449,-0.260732,-0.239657,-0.025308,-0.093315,-0.23212,-0.111586,-0.217268,-0.475678,-0.285911,-0.134606,0.109095,0.254208,-0.204344,0.162493,-0.442052,-0.355974,-0.248543,-0.021513,-0.178998,-0.317516,-0.012707,-0.419161,-0.196333,-0.12511,-0.387108,-0.36502,-0.385529,-0.00539,-0.004952,-0.075322,0.000682,-0.196338,-0.00877,-0.460528,-0.261877,0.062774,-0.021313,0.183593,0.248346,-0.361465,0.309442,0.074533,-0.074392,-0.073556,0.269206,-0.528506,-0.309518,0.070271,-0.052921,-0.199122,0.427846,0.130253,0.559805,0.203876,0.186959,0.073385,0.045308,0.283982,0.301813,0.190006,-0.084756,0.41488,0.245391,0.135516,-0.458917,0.469097,0.242817,-0.099128,-0.23959,-0.158897,#
12,0.51525,0.183409,-0.080011,-0.105014,0.217733,-0.402919,0.180252,-0.225299,0.149186,0.313756,-0.114671,-0.044984,1.0,0.045517,-0.170075,0.141046,-0.268424,0.270882,0.292387,0.21044,-0.193244,0.150905,0.423912,-0.474293,-0.259361,-0.284414,-0.178662,-0.118955,0.292725,-0.133887,-0.58136,-0.166035,-0.038852,0.123855,0.142492,0.246862,0.450565,-0.054666,0.023872,-0.177418,0.504161,0.154002,-0.023598,-0.182768,0.007874,-0.120736,0.395237,0.307142,0.075179,0.131618,0.018028,-0.074794,0.076418,0.101159,-0.042782,-0.035842,0.135688,-0.028616,0.057404,-0.128609,0.268432,-0.156786,-0.059563,-0.169364,0.03517,0.23399,0.298356,0.067252,0.3955,-0.202855,0.097937,-0.270747,-0.007613,-0.117991,0.109721,0.24622,0.020672,-0.570832,0.108963,-0.242903,-0.202312,-0.168638,-0.345284,-0.396284,0.035155,0.036167,-0.455779,-0.046478,-0.006426,0.213868,-0.323787,-0.226545,-0.330089,0.193481,-0.144276,-0.232015,0.046599,-0.27938,-0.007399,-0.573682,0.368804,-0.289495,-0.357103,-0.254227,-0.297843,-0.032768,-0.126602,0.092249,-0.451596,0.053253,0.31581,-0.061652,0.081241,-0.452653,-0.267393,-0.174265,-0.606586,-0.016676,0.481301,-0.42195,0.146353,-0.423241,0.109721,-0.237144,-0.182799,0.170139,-0.510605,-0.079341,0.11178,-0.13479,-0.165192,0.071988,0.046661,0.300008,-0.326718,0.015257,0.040182,0.020672,-0.076712,-0.450335,-0.410797,-0.034079,-0.060311,0.071263,-0.165147,-0.063685,-0.40981,0.463523,-0.448689,-0.205639,-0.357665,-0.356162,-0.04672,0.024557,-0.089993,0.085063,0.278312,0.351219,-0.144316,-0.23348,-0.176155,0.010378,-0.504156,0.007218,0.151437,0.05852,-0.204954,-0.282557,-0.334032,0.086659,-0.066821,0.32568,0.232524,-0.16859,0.164442,-0.042942,0.224043,0.423651,0.152952,-0.305314,0.22607,0.290384,-0.398931,-0.147019,0.269685,-0.089272,0.351675,-0.126307,-0.626617,0.32993,-0.158359,-0.169615,0.156737,0.294777,-0.239446,0.216615,0.425682,-0.246484,-0.138566,0.008231,#
13,-0.051656,0.030322,-0.141423,0.120068,0.173245,0.234803,-0.252636,-0.020136,-0.105702,0.078427,-0.015937,-0.551983,0.045517,1.0,0.099365,-0.153112,0.000963,0.235989,0.303753,0.113615,0.030855,-0.028758,0.401875,-0.216078,-0.188884,-0.372949,0.143396,0.474276,0.073212,-0.268119,0.129449,0.373179,0.248958,-0.018444,-0.145647,-0.166269,0.17885,0.234785,0.137709,-0.406623,0.215094,0.170616,0.253688,0.317383,-0.151117,-0.414374,0.290036,0.153521,0.021896,-0.092439,0.04239,0.26336,-0.110267,-0.170248,-0.281528,-0.151187,0.093075,0.003028,-0.145489,-0.114694,0.22602,-0.172575,-0.13569,-0.01787,0.006649,0.371141,0.328652,0.392063,0.271332,0.204237,-0.031223,-0.172861,0.280125,-0.180151,0.079116,0.182722,0.117518,-0.147816,0.064113,0.105734,-0.10342,-0.202644,0.090897,-0.14968,-0.177733,-0.025684,-0.019626,0.206039,-0.097701,-0.022282,0.204408,-0.107575,-0.26617,0.33014,0.148824,-0.166216,-0.038632,0.205239,0.171631,-0.35615,0.075357,0.12938,0.228547,-0.000541,0.003368,-0.156478,-0.12835,-0.300523,-0.016267,-0.028436,0.334753,0.263699,0.037701,-0.031721,-0.022677,0.233954,-0.003504,-0.08637,0.272612,0.045832,0.211276,0.073896,-0.096295,0.026934,0.174447,0.156071,-0.262201,0.15319,-0.051379,0.097497,-0.008651,0.318434,-0.166078,0.226934,0.020142,-0.086941,-0.220826,-0.050857,0.166984,0.08215,-0.159882,-0.047963,0.188449,-0.395855,-0.04313,0.166204,0.170737,-0.091792,0.04951,0.251058,0.005504,0.092987,0.052431,-0.047633,0.193284,0.327505,0.41182,0.270463,-0.189193,0.023846,-0.108921,-0.106013,0.087142,0.161475,0.100785,0.16633,0.273757,-0.15395,-0.281994,0.494959,-0.130079,0.143111,-0.20904,-0.205754,-0.10337,0.144311,-0.051438,-0.159717,0.250269,-0.048746,0.095596,-0.352063,-0.337207,-0.048769,0.006257,0.037035,0.19066,-0.345848,-0.225131,-0.137004,-0.029527,-0.269725,-0.101751,0.06145,0.382968,-0.048831,0.007176,-0.035913,0.069263,0.025741,#
14,-0.254568,-0.013037,-0.571293,-0.306377,-0.215108,0.504605,0.190182,0.084846,0.328385,-0.159326,0.396929,0.130604,-0.170075,0.099365,1.0,0.136406,-0.222168,-0.254262,-0.129717,0.038313,-0.019023,0.246715,0.151951,-0.139344,0.245136,0.18859,0.079399,0.179126,0.334762,0.072576,-0.018273,0.35251,0.193766,0.082268,-0.207143,-0.187285,-0.095581,-0.02096,0.439055,0.343915,-0.347603,0.299541,-0.035623,-0.10586,-0.166001,0.210427,-0.048676,-0.307452,0.099534,-0.036486,0.080743,0.059652,-0.143899,-0.249309,0.182402,0.301184,0.139295,0.048842,-0.312525,0.381557,0.306943,-0.17386,-0.016713,0.544485,0.162994,0.034989,-0.142365,0.115246,-0.064663,-0.064155,0.062527,0.041933,0.440441,-0.133922,-0.247079,-0.271497,0.013826,0.240264,-0.058502,-0.226122,-0.21524,-0.152051,-0.018285,-0.37597,-0.338704,0.039464,0.032795,-0.224969,-0.169287,-0.114666,-0.122183,0.11514,-0.155667,0.059407,0.036762,0.079805,-0.118025,-0.418281,-0.148235,0.046703,-0.120037,0.229128,-0.112296,-0.234142,0.067339,0.299346,-0.105814,-0.150375,-0.115198,-0.212058,-0.343142,-0.006688,-0.250167,0.234528,-0.42041,-0.174941,-0.105986,-0.010752,-0.186142,-0.04943,0.155338,-0.052627,-0.051141,-0.200741,0.044634,0.015884,0.318153,-0.084306,-0.447525,-0.29351,0.038354,-0.240001,-0.3202,-0.115446,-0.490655,0.165518,-0.240415,-0.306553,0.272647,0.122932,0.090845,-0.335483,-0.398332,-0.072837,-0.152144,-0.278738,-0.071914,-0.233867,0.426056,-0.352288,0.049235,-0.105604,-0.199733,0.014733,-0.100134,-0.243715,-0.009564,0.1288,-0.148062,-0.05005,-0.265622,-0.162254,-0.140135,-0.323741,-0.342675,0.06855,-0.007353,0.386339,0.031578,-0.077933,-0.004808,-0.05584,-0.125493,0.016824,0.39572,-0.238544,-0.112181,0.100341,0.166026,-0.012658,0.393849,0.285581,0.142525,0.202331,0.156076,0.087174,0.2685,-0.104886,0.005657,-0.004517,-0.308751,0.163006,-0.151426,-0.191119,-0.197479,-0.150404,0.107868,-0.207166,0.181999,-0.033065,#
15,-0.110053,-0.031883,-0.200656,-0.308259,-0.178141,-0.068319,0.140024,-0.117195,0.085695,0.028891,0.090567,0.515045,0.141046,-0.153112,0.136406,1.0,0.023982,-0.255369,0.21319,0.296338,-0.094791,0.196971,-0.252535,0.0747,-0.375095,0.087764,-0.044516,-0.246188,0.065549,-0.049938,-0.374882,0.070514,-0.062577,0.020846,0.571803,-0.024829,-0.278671,0.200305,-0.342206,-0.067717,0.288238,0.127652,-0.370614,-0.360492,0.085019,0.04714,-0.209269,-0.068981,0.10697,0.033626,0.012558,-0.048685,-0.167481,0.052848,-0.344822,-0.002114,-0.094837,-0.036959,-0.099355,0.112851,-0.108172,-0.043282,0.001857,0.253358,0.528773,-0.225281,0.051744,0.066495,0.112465,0.139722,-0.037705,0.110699,0.171235,-0.212553,-0.025556,-0.099591,-0.221596,-0.166567,0.169121,-0.201081,-0.246517,-0.099333,-0.115501,-0.253222,0.073752,0.162377,-0.241945,-0.300781,-0.088001,0.26732,0.286516,-0.157746,0.076351,-0.389932,-0.084469,0.157628,0.112322,-0.558968,-0.464674,-0.000677,0.371843,-0.022402,-0.300012,-0.046874,-0.062747,0.248192,-0.299179,-0.10699,-0.238633,0.170636,-0.127557,-0.323607,-0.017779,0.139838,-0.0476,-0.095172,-0.069924,0.208151,-0.410196,0.258159,0.132037,-0.003185,-0.018438,0.157719,0.115032,-0.063818,0.062381,0.009569,0.042059,0.084156,-0.095335,-0.020831,-0.078589,0.084014,-0.0921,0.084384,-0.258796,-0.379868,-0.187457,-0.026687,0.152841,-0.097622,-0.158923,0.216221,-0.265048,0.123953,-0.182625,-0.06848,-0.202487,-0.156588,0.072305,-0.087183,0.016401,-0.053202,-0.046045,-0.000778,-0.282519,0.006231,0.088668,0.030913,-0.516092,-0.252715,-0.098415,-0.117361,-0.227692,0.169726,-0.031621,0.104689,0.109876,0.045568,0.057274,0.277422,-0.136825,0.075606,0.090726,-0.19101,-0.013813,-0.099191,-0.37219,0.049829,0.350938,0.181474,0.266615,0.230472,0.053475,-0.106108,0.153102,0.156803,0.259627,0.052028,-0.119702,0.230329,-0.044468,0.070599,-0.286927,0.134779,0.381804,0.205553,-0.263437,-0.244113,#
16,0.027408,-0.078594,0.119261,0.155914,0.291915,0.078419,-0.072718,0.163252,-0.340984,-0.462356,-0.167767,0.167006,-0.268424,0.000963,-0.222168,0.023982,1.0,-0.458694,-0.24336,-0.349597,-0.416621,0.023521,-0.139903,0.11389,-0.307667,-0.184952,-0.163715,-0.226822,-0.206534,-0.193614,0.162125,0.294675,-0.071728,-0.318493,-0.007718,-0.240492,-0.322743,0.164105,-0.02754,-0.064154,-0.069688,0.022925,-0.005143,0.123299,-0.087661,0.054905,-0.098741,-0.110467,-0.313226,-0.12233,0.229506,0.068327,0.060867,-0.116561,0.087122,-0.061867,-0.07003,0.096837,-0.444891,0.054163,-0.159248,-0.277859,0.179598,0.148912,0.076785,-0.097461,0.065447,-0.17693,-0.014744,0.115313,-0.275987,0.22135,0.145267,-0.333079,-0.32349,0.109802,-0.194329,0.058011,0.005836,0.195244,-0.125083,-0.058924,0.086664,0.417036,-0.04273,-0.026862,0.179524,-0.254885,-0.062081,-0.175959,-0.036548,0.049016,0.268239,-0.357577,-0.010026,-0.103004,-0.022826,0.177009,-0.273016,0.130936,0.316645,0.030483,0.315733,0.176873,-0.030915,-0.432005,0.404147,-0.161293,-0.005847,0.192582,-0.331605,-0.08456,-0.166012,0.185713,-0.011176,0.118038,0.310371,-0.09981,-0.256649,0.402021,-0.222646,0.21681,-0.329783,0.019343,0.093838,-0.062444,-0.050587,0.027039,0.065039,0.116595,-0.243842,0.031507,-0.25866,-0.334355,0.141651,-0.188059,0.331836,-0.370661,-0.594522,0.209797,0.158786,0.200285,0.271597,0.018905,-0.07542,-0.06561,-0.119476,-0.126162,0.029699,0.077578,0.158945,0.184208,-0.109258,-0.207003,-0.131241,-0.30262,-0.458717,-0.200964,0.157156,-0.088426,0.039668,0.150177,-0.056985,-0.256154,-0.087907,-0.014038,0.158852,-0.11083,0.178352,0.195279,0.19475,-0.131645,-0.158123,0.266462,-0.386407,-0.125505,-0.177578,-0.463573,-0.223143,0.298737,-0.122659,-0.217542,0.606196,-0.058442,0.033523,-0.25803,0.113893,0.168979,0.321924,-0.258151,0.271752,0.109136,0.096488,0.327236,0.215141,0.155605,-0.146742,0.261447,-0.355113,0.141875,#
17,0.123003,0.183898,0.064868,-0.042342,-0.163855,-0.168887,-0.25243,0.036182,-0.029341,0.39664,-0.408463,-0.421259,0.270882,0.235989,-0.254262,-0.255369,-0.458694,1.0,0.163161,0.390524,0.148643,-0.011495,0.408813,-0.028537,0.246879,-0.211965,0.157771,0.386122,-0.266819,-0.066993,0.137902,0.007777,0.240404,0.42335,-0.184134,0.217039,0.591386,-0.159707,-0.014781,-0.349525,0.234059,0.221295,0.526773,0.003787,-0.168956,-0.296579,0.498833,0.277059,-0.011263,0.066224,0.164467,0.0625,-0.315431,-0.067642,-0.351909,-0.172752,-0.053084,-0.075036,0.235,-0.264392,-0.189768,0.15321,-0.242697,-0.282013,-0.299693,0.149478,0.260706,0.35973,0.392214,-0.028799,0.054653,-0.127909,-0.378706,0.251721,0.4466,-0.096762,0.177865,-0.246017,-0.005098,0.060686,0.357596,0.055348,-0.050014,0.136429,0.127876,0.237235,-0.205876,0.380733,0.269112,0.247397,0.085714,0.22035,-0.160803,0.654724,0.227648,-0.055815,0.038512,0.295055,0.420757,-0.423613,-0.238627,-0.375591,-0.168894,0.268489,0.231852,0.024388,-0.322649,0.052971,0.003654,-0.139889,0.556122,0.164016,0.54986,-0.17586,0.203623,0.138237,-0.273616,-0.140391,0.72852,-0.514093,-0.15355,-0.145916,0.103863,-0.175519,-0.267148,0.05066,-0.157772,-0.195725,0.130878,-0.232485,0.225419,0.1125,0.529452,0.41271,0.073948,-0.064198,-0.186792,0.530311,0.271091,0.051078,-0.047481,-0.236335,0.128911,-0.167749,-0.005853,0.237507,0.105685,0.139623,-0.219425,0.236677,-0.378205,-0.038154,0.202726,0.186868,0.150896,0.296917,0.730304,-0.029459,-0.273411,0.202124,0.105301,0.378722,0.202862,0.838187,0.342282,0.25475,0.110794,-0.128734,-0.712624,0.139699,-0.237579,0.36082,0.276641,-0.391365,-0.196864,0.197739,0.465925,0.126491,0.271453,-0.07379,-0.160961,-0.259672,-0.841092,-0.239164,-0.09947,0.080805,-0.289648,0.031038,-0.56712,0.207694,-0.258449,-0.289644,-0.066639,-0.179398,0.194551,-0.090403,-0.014642,-0.037375,0.383956,-0.138326,#
18,0.112911,0.242103,-0.113369,0.007797,0.018614,-0.121645,-0.062757,-0.043413,0.264443,0.127426,-0.28251,-0.201,0.292387,0.303753,-0.129717,0.21319,-0.24336,0.163161,1.0,0.126215,0.25882,0.05573,-0.020648,-0.137978,-0.37805,-0.28368,0.03671,0.251906,0.113865,-0.293501,-0.188848,0.03053,0.092488,0.163037,0.010022,0.072711,0.41337,0.318073,-0.320153,-0.441138,0.59628,-0.294963,-0.016291,-0.076917,-0.263414,-0.220257,0.232212,-0.026306,0.374895,0.035129,-0.201491,0.081163,-0.097955,-0.083886,-0.303691,-0.310498,-0.213802,-0.018356,0.146158,-0.333702,0.156556,-0.029296,-0.001688,-0.037326,-0.084724,0.10998,0.370177,0.015087,0.176869,0.362943,-0.270824,-0.097531,0.011321,0.009581,0.32795,-0.120179,0.157334,-0.255301,0.283665,-0.062621,0.09291,0.063105,0.034282,-0.288413,0.241092,0.003248,-0.243355,0.091735,0.064769,0.542433,0.403288,0.082292,-0.28513,0.207502,-0.031875,0.073453,-0.014292,-0.023457,0.071722,-0.078416,0.15935,-0.066087,-0.195273,-0.03036,-0.321139,0.093977,-0.46208,-0.021083,0.135104,-0.05114,0.185811,0.030067,0.187325,-0.087179,0.044389,0.078839,0.135617,0.223793,0.290375,-0.005975,0.205278,0.109915,0.342022,0.065925,-0.058694,0.228464,-0.160801,0.316393,0.435088,0.307121,0.075596,0.446899,0.070326,0.155808,0.214225,0.146082,-0.33109,0.061982,-0.066042,-0.078304,-0.058193,-0.120073,-0.264744,0.209635,0.208012,0.315009,0.255497,0.252753,-0.397401,0.043024,0.014206,0.004542,0.24689,0.023471,0.312078,0.125662,0.146055,0.331303,0.199892,-0.117282,-0.126299,-0.011085,-0.257674,0.117461,0.430118,0.079009,0.033319,-0.295067,-0.224243,0.595348,-0.532524,0.523156,0.134549,-0.13169,-0.277273,0.319729,0.182309,0.192049,-0.093394,-0.089991,0.043351,0.012656,-0.162633,-0.25219,0.110516,-0.237752,0.146215,0.032342,-0.321838,-0.209638,-0.143924,-0.244621,0.107621,-0.02066,-0.165582,-0.142711,0.213396,-0.07224,0.055961,0.037097,#
19,-0.158,-0.105707,-0.274363,-0.017067,-0.421981,0.052919,0.041909,0.005486,-0.173683,-0.037268,0.143963,-0.211657,0.21044,0.113615,0.038313,0.296338,-0.349597,0.390524,0.126215,1.0,0.218682,0.272271,0.117221,-0.130112,0.087706,0.034806,0.265466,-0.042697,-0.108794,-0.101586,0.100466,-0.217469,0.39483,0.156756,0.405767,-0.256313,0.091204,0.210928,-0.21412,-0.162688,0.20243,0.285775,-0.067874,-0.128725,-0.007958,-0.05314,0.113651,-0.0012,0.288795,-0.163006,0.290553,0.209633,-0.417672,-0.107906,-0.35678,0.395662,-0.052232,-0.126985,0.164523,-0.119111,0.095555,0.179252,-0.026179,-0.065569,-0.016726,-0.080336,0.221883,0.296159,0.05043,0.191561,-0.03741,0.018273,-0.06752,0.199086,0.407084,-0.044378,0.220738,0.097146,0.035455,0.058345,-0.0281,0.300309,0.276591,-0.328365,0.332861,0.351825,-0.150238,0.42469,0.046778,0.218825,0.339974,-0.183009,-0.141787,0.048902,0.341955,0.253697,0.348091,0.035937,-0.029661,-0.261796,-0.056406,-0.214199,-0.22847,0.10226,0.190877,0.377205,-0.243441,0.245785,-0.135663,-0.110675,0.391627,-0.352893,0.237967,-0.210985,0.196082,0.217777,0.040005,0.111756,0.147802,-0.177327,0.17293,0.056224,0.213022,-0.04097,-0.145218,0.297331,0.00918,0.198699,0.129029,-0.129352,0.14422,0.109503,0.169937,0.026129,-0.030631,0.164514,-0.282217,0.354996,0.084509,0.218225,0.092802,-0.457104,0.036429,-0.008434,-0.048158,0.062988,0.107045,-0.034164,0.191521,0.107546,0.135268,-0.246835,0.282628,0.390101,0.230742,0.432149,0.302644,-0.401105,0.321564,0.359366,-0.224553,0.115989,-0.134437,0.479592,0.000703,0.075006,0.336165,0.279283,-0.276887,0.137153,-0.211227,-0.11758,0.298511,0.144112,1.7e-05,0.465927,0.460293,0.135025,0.22329,0.072802,-0.071705,0.054779,-0.48097,-0.215774,0.187885,-0.020787,-0.117379,0.208842,-0.152537,0.206034,-0.216026,-0.11002,-0.111514,-0.367929,-0.129339,-0.020994,0.133695,-0.131516,-0.008123,-0.084186,#
20,-0.381945,0.025388,0.058925,0.059151,-0.31477,0.098295,-0.197558,0.257741,-0.309785,0.113296,-0.174749,-0.372187,-0.193244,0.030855,-0.019023,-0.094791,-0.416621,0.148643,0.25882,0.218682,1.0,-0.04694,-0.370043,0.030542,0.01975,0.379344,0.22585,0.109245,-0.235745,0.094611,0.028007,-0.064284,0.011562,0.227646,-0.066666,0.011209,-0.02185,0.131325,0.009438,-0.196028,-0.027128,-0.120831,0.248967,0.107214,0.00433,0.151356,-0.250603,-0.123592,0.111553,-0.240824,-0.162332,0.022646,-0.072077,0.007766,-0.317358,0.146595,0.114046,0.002747,0.119665,0.019512,0.005799,0.451883,-0.026059,-0.138627,-0.146839,0.03734,-0.296988,0.293521,-0.241906,-0.006068,0.086506,0.138819,-0.12769,0.442564,0.459883,-0.027645,0.409875,0.297348,0.316124,0.119307,0.31599,0.304207,0.267543,-0.131857,0.220553,-0.024246,0.125346,0.368496,0.313136,0.450353,0.415226,0.144408,0.364216,0.084028,0.153779,0.30841,0.129082,0.337781,0.106184,0.283652,-0.332912,0.223157,0.043108,0.146671,-0.037574,0.298375,-0.101416,0.04581,0.438229,-0.403871,0.220973,-0.00219,0.155385,0.055842,0.428285,0.303178,0.267153,0.444532,-0.158635,0.108319,0.362504,0.445001,0.274094,0.339301,0.069078,-0.002148,0.364496,0.186161,0.139321,0.422094,0.485862,0.114146,0.20081,-0.068834,0.401106,0.419627,-0.200761,0.54111,0.255535,0.065463,0.135085,-0.201786,-0.103719,0.323974,0.481102,0.142875,0.597363,-0.093112,0.039846,0.083321,0.196312,0.326592,0.546504,0.231886,0.338683,0.29987,0.044505,-0.158897,-0.002748,0.122214,0.021045,-0.033772,0.298243,0.128264,0.026169,-0.113316,-0.098646,-0.117034,0.172759,0.301598,-0.342392,-0.238197,-0.136657,0.344021,-0.067797,0.376097,0.239879,0.047872,-0.202839,-0.186652,-0.178341,-0.328717,-0.260566,0.0848,-0.192761,-0.135731,-0.248105,0.105796,0.161401,-0.103494,0.145873,-0.039611,-0.405468,-0.460227,0.170764,-0.216685,-0.282271,-0.052018,0.432199,0.028341,#
