0,1.0,-0.145584,-0.133096,0.036973,0.039557,0.033182,0.499015,-0.312958,0.063328,-0.300233,0.707033,0.527164,0.166119,0.06333,0.114266,-0.148212,0.034388,-0.490152,0.372723,-0.057381,0.07515,0.019502,-0.021418,0.1033,0.03036,-0.042859,-0.101896,0.228505,0.21934,-0.09576,-0.196341,0.094734,-0.087591,-0.213075,0.276569,-0.10012,-0.095865,-0.072481,0.187128,0.232556,0.079336,0.359706,0.063674,-0.093872,0.026503,0.302473,0.130212,0.188461,-0.334331,-0.036499,-0.042425,0.131425,0.114734,-0.295959,0.007927,-0.00193,-0.337524,0.319957,-0.009268,-0.359739,0.133012,0.171952,-0.180936,-0.131589,-0.212619,-0.007514,-0.086609,-0.040624,-0.011286,-0.114763,-0.070708,-0.212062,0.138175,-0.301545,-0.076049,0.003719,-0.516336,-0.113584,-0.447751,-0.2132,-0.360844,-0.217602,0.028223,-0.501731,-0.022321,-0.184361,-0.031833,-0.364503,-0.097925,-0.042871,-0.45651,-0.193683,-0.015133,-0.325475,-0.19398,-0.285143,0.233673,-0.495175,-0.512075,0.026427,0.490188,-0.154514,-0.081088,-0.143328,-0.151239,-0.18817,-0.355535,-0.151999,-0.395085,-0.074172,-0.308924,0.02252,-0.207361,-0.212678,-0.028995,-0.135807,0.201966,0.100813,0.182919,-0.241563,-0.190804,0.132782,0.061048,0.392045,-0.038561,-0.08628,-0.315461,0.232208,-0.359143,-0.129892,-0.454313,-0.30649,0.066064,0.225402,-0.106303,-0.101803,-0.354212,-0.362096,0.267768,-0.367129,-0.209216,0.097697,0.15063,-0.24127,-0.289772,-0.292147,-0.105178,0.078631,-0.439584,-0.338709,0.137184,-0.329885,-0.338709,-0.036224,-0.072049,-0.048581,-0.209618,0.120507,-0.280041,-0.046366,-0.046646,-0.347786,0.082501,-0.360885,-0.308675,-0.04276,0.139923,-0.131589,-0.42508,-0.189731,0.348207,-0.428414,-0.010752,-0.035491,0.175836,-0.017007,-0.18113,0.420435,0.170708,-0.249094,-0.070367,-0.031368,-0.026781,0.186854,0.083206,-0.166811,0.028296,-0.022717,0.39571,0.18664,-0.5208,0.210243,0.413518,0.0496,0.19712,-0.220807,-0.383075,-0.25797,-0.025606,-0.395037,#
1,-0.145584,1.0,0.298951,-0.281198,0.033549,-0.313463,-0.077524,0.035609,0.005843,0.234153,-0.174409,0.052262,0.382584,0.316108,-0.312156,0.070212,-9.3e-05,0.177532,0.132513,0.013545,-0.127215,0.268976,-0.02235,-0.087828,0.007322,-0.313214,-0.216006,-0.140497,0.254516,0.150707,-0.051028,-0.144104,-0.242037,0.034901,0.311306,0.164059,-0.165852,-0.168488,-0.01044,0.086021,0.030691,-0.107913,0.319453,-0.230487,-0.394667,-0.031523,-0.231354,0.203515,0.084493,0.264337,0.120281,-0.237328,-0.151286,0.134055,-0.107023,-0.286657,0.161552,-0.283052,0.373304,-0.064103,-0.007089,-0.335211,-0.088016,-0.038403,0.553374,0.28029,-0.40546,0.26831,0.08606,0.154482,-0.047931,-0.012187,-0.419483,-0.033904,-0.088398,0.334111,-0.081757,-0.203974,0.174138,-0.321833,-0.215309,-0.399564,-0.19619,-0.211647,-0.30184,0.16217,-0.186907,0.036825,-0.16567,-0.091434,-0.196868,-0.151458,-0.022969,-0.161437,-0.22178,-0.137658,-0.06761,0.186347,0.49389,0.010436,-0.246369,-0.237074,-0.060899,0.047856,-0.110529,-0.09198,0.090679,-0.167051,-0.395272,-0.09865,0.377316,-0.356601,0.003484,-0.132095,0.056192,-0.249283,-0.373308,-0.118085,0.105692,-0.039962,-0.201842,0.1996,-0.300411,-0.363368,-0.24594,-0.145304,-0.122027,0.018086,-0.095884,-0.212352,0.051785,-0.138208,-0.235301,0.035128,-0.183775,-0.153422,0.141047,-0.07989,-0.139712,-0.224758,-0.312442,-0.281377,0.232321,-0.172827,-0.023755,-0.129549,-0.625418,0.082371,0.212177,0.203715,-0.285522,0.41012,0.215134,-0.29881,-0.069454,-0.237053,0.071444,0.348651,0.063778,0.036439,-0.013463,0.112544,0.005685,0.339562,-0.055369,0.218197,0.164017,0.098076,-0.035218,0.18392,0.19812,0.09488,-0.21403,0.20432,-0.078106,0.012638,-0.117734,0.296574,0.106896,-0.086406,0.168805,-0.23362,0.261308,0.123804,0.14714,0.070034,-0.014115,-0.155547,-0.016953,0.24594,-0.15715,0.198882,-0.133277,0.266893,0.176732,0.001938,0.09472,0.080111,0.252771,0.325699,#
2,-0.133096,0.298951,1.0,-0.588693,-0.142046,-0.040435,0.165066,-0.19757,0.105566,0.246627,-0.253934,-0.443002,0.24536,0.081875,-0.345008,0.178989,-0.118256,0.656882,-0.11685,0.085027,-0.35512,-0.108989,-0.003238,-0.204082,0.193871,-0.18982,-0.22984,-0.309334,0.076934,0.102919,-0.142047,-0.085306,-0.512565,0.087829,0.166652,0.342301,-0.025665,0.547638,-0.002713,-0.326053,0.134841,-0.277882,0.032301,-0.018308,-0.067615,-0.419392,-0.336536,-0.136005,0.064144,0.166686,0.286413,-0.410261,0.174339,-0.116183,-0.218207,0.115067,0.139143,-0.387519,0.281055,-0.193576,0.508674,0.05099,0.106543,-0.259405,0.159744,0.446876,0.086712,-0.004151,0.109499,0.123103,-0.203652,-0.130425,-0.575333,-0.131174,-0.077825,-0.198618,-0.236727,-0.241835,0.003146,-0.084808,-0.077,0.001128,0.129709,0.193993,-0.265635,0.11112,0.069981,-0.074339,-0.431379,0.10588,0.108865,-0.166834,-0.197129,0.118466,-0.26458,0.043547,-0.232336,0.421676,-0.107367,0.028275,-0.277137,-0.311341,-0.051954,-0.003681,0.004651,-0.106227,0.198153,-0.234141,0.023754,0.064214,0.244103,-0.298616,-0.059094,0.002126,0.086321,0.024465,-0.089514,0.088849,0.115352,-0.158579,-0.127867,0.092966,-0.048367,-0.539421,-0.246176,-0.161791,0.233101,0.0651,0.08856,-0.072995,0.150779,0.057046,-0.09511,0.054513,-0.203388,-0.432757,0.240399,0.136406,-0.432399,-0.069325,-0.239429,-0.18461,-0.019727,-0.388549,-0.127655,0.118247,-0.079158,0.202558,0.072195,0.110895,-0.347288,0.11137,0.119139,-0.256359,-0.2308,-0.128667,0.050362,0.106764,-0.0058,0.068542,0.222096,-0.183174,-0.175914,0.425117,0.084231,0.178428,0.047081,0.049145,0.172269,0.047909,-0.022887,-0.116114,0.039428,-0.291622,-0.269865,0.122108,-0.072283,0.126366,0.037989,-0.270762,0.114235,-0.152855,-0.029691,-0.123894,0.083408,0.136486,0.260309,-0.166373,-0.245436,-0.270967,0.108465,-0.225166,-0.25792,0.109816,-0.014125,-0.038333,0.157882,0.486684,0.236891,0.380554,#
3,0.036973,-0.281198,-0.588693,1.0,0.114829,0.17204,-0.147746,0.15935,-0.331141,-0.246957,0.240523,0.257442,-0.319828,-0.493466,0.098921,-0.427229,0.109168,-0.24082,-0.130126,-0.198517,0.348129,-0.265708,-0.235966,0.200709,-0.137339,0.171851,-0.065379,0.171084,-0.15768,-0.155488,0.058651,-0.076674,0.516362,-0.185249,-0.004895,0.048403,-0.132388,-0.402461,0.03233,0.183942,-0.1108,-0.156214,-0.003478,0.135487,0.115906,0.596449,0.086573,-0.246765,0.058415,-0.409282,-0.202579,0.528956,-0.074269,0.284632,0.352187,-0.197451,0.138561,0.591952,-0.117185,-0.039135,-0.636179,-0.097132,-0.087314,0.024988,-0.207517,-0.215989,0.219154,-0.079461,0.023187,-0.150617,0.142531,-0.312034,0.241147,0.359859,0.301083,-0.244708,0.285586,0.318152,0.208362,0.110446,0.073518,0.267503,0.062962,-0.034734,0.110084,0.105248,0.053139,0.257402,0.391601,-0.054159,0.384053,0.243058,0.261568,-0.053995,0.246916,0.506325,0.302726,-0.163178,-0.006663,0.095968,0.25665,0.258544,0.336553,0.181682,-0.079032,-0.054159,-0.019175,0.251206,-0.19972,0.034078,-0.259833,0.125487,0.100304,-0.027762,-0.114668,0.24828,0.314534,0.279462,-0.203006,0.409813,0.309517,0.054952,0.005817,0.355865,0.317006,0.208482,-0.295356,-0.422638,0.021837,0.376105,-0.065673,0.354503,0.327849,-0.097011,0.159132,0.213162,0.077464,0.086958,-0.040553,0.236551,0.115333,-0.05072,0.209303,0.335388,0.353354,-0.156685,0.303978,-0.618446,0.179384,-0.24893,0.433774,-0.019849,-0.087834,0.186103,0.355746,0.001988,-0.287806,-0.427797,0.001743,0.160299,-0.141325,0.308824,0.175978,-0.234946,0.102278,-0.422165,0.227055,-0.411067,0.005658,-0.03198,0.347401,0.199633,-0.012844,0.312954,0.318362,0.246164,-0.049843,-0.347157,-0.295539,0.497408,-0.37697,0.440338,-0.14532,-0.126725,-0.07239,0.014185,-0.033594,0.256538,0.36684,0.110478,0.130844,-0.047577,-0.027016,-0.36389,-0.17278,0.088305,-0.150308,-0.47662,-0.307238,-0.344586,#
4,0.039557,0.033549,-0.142046,0.114829,1.0,-0.077505,0.112239,0.067157,-0.331955,-0.244507,0.179561,-0.009139,-0.179515,-0.150526,0.014447,-0.215842,0.271194,-0.195008,0.192092,-0.138676,-0.147924,-0.404717,0.052087,-0.043626,0.133985,0.092481,-0.171139,-0.13833,-0.00014,-0.342355,0.179934,-0.122794,-0.002364,-0.324163,0.065425,-0.12057,-0.276162,-0.283567,0.335037,0.299391,0.120235,-0.207773,-0.326025,-0.197033,-0.182129,-0.027424,-0.122995,-0.323881,-0.138219,-0.083333,-0.031927,0.151047,-0.237889,-0.131303,-0.111291,-0.095697,-0.087351,0.235297,0.008281,0.205211,-0.235997,0.079243,-0.06664,-0.396436,-0.174096,-0.137837,0.307001,-0.121749,-0.208155,-0.217927,-0.240727,0.15513,-0.137432,-0.042762,0.317337,-0.121293,-0.032465,-0.12765,-0.089592,-0.052494,-0.268078,0.08208,0.299041,-0.162549,0.306884,-0.016096,-0.004628,0.117498,0.126145,-0.022214,-0.041694,0.215449,0.223475,-0.068128,0.272899,-0.156843,0.40008,0.070321,0.34335,-0.1079,0.118336,0.068171,0.089348,-0.147329,-0.014299,-0.038449,0.078509,-0.158593,-0.084544,0.092545,0.028547,0.045963,-0.253029,0.09471,-0.260956,0.254063,0.006307,0.320879,-0.192297,0.140826,0.010468,-0.119988,-0.262186,0.268254,0.042757,-0.051912,-0.339455,0.033346,-0.273923,-0.227398,-0.407136,-0.31843,0.17043,0.028474,0.055166,-0.039901,0.280149,-0.193004,0.023138,-0.268078,-0.035459,-0.252072,0.339965,0.145303,-0.045911,-0.097754,0.256342,0.004449,0.158899,0.006719,0.042768,0.109866,-0.198546,0.328067,-0.418249,-0.171223,-0.005013,0.06601,0.047881,0.020717,-0.353521,-0.092716,0.161133,0.224857,-0.179773,0.012041,-0.138105,0.062183,-0.055638,0.405316,0.118297,0.082734,0.188738,0.079197,-0.162617,-0.077002,-0.001281,0.016241,-0.303566,-0.132542,-0.031995,0.122318,-0.201726,-0.151671,-0.01752,-0.164348,-0.225208,0.402579,0.409345,0.040679,-0.297638,-0.031493,0.159231,0.138374,-0.115201,-0.058462,0.123093,0.193674,-0.083326,-0.108077,#
5,0.033182,-0.313463,-0.040435,0.17204,-0.077505,1.0,0.197373,0.139717,-0.019836,0.03497,-0.06999,-0.066676,0.083749,-0.149603,0.411019,0.064109,0.067048,0.187894,0.240547,-0.004166,-0.274821,-0.186129,0.280621,-0.020213,0.069049,0.361231,-0.220323,0.020099,0.359817,0.019104,-0.132375,0.214867,0.022058,0.147983,-0.19217,0.008354,0.117747,0.103152,-0.110558,-0.229782,-0.287094,0.132679,-0.195632,-0.038649,0.11122,-0.070619,0.29641,-0.093154,0.375222,-0.101665,0.102555,-0.023485,0.463168,-0.054573,0.018203,0.167494,-0.081984,0.105853,-0.139151,0.079664,0.245092,0.221608,0.097431,0.055789,-0.363195,-0.300681,-0.172503,-0.147797,0.075076,-0.385229,-0.222614,0.138893,0.039122,0.125873,-0.080172,-0.011213,0.097065,-0.032098,-0.157063,0.276548,0.074813,-0.047094,-0.114079,0.309862,0.096273,-0.057024,-0.169263,0.067613,0.057642,-0.20741,0.054177,0.051716,-0.069913,-0.494021,-0.135111,0.188105,-0.089879,-0.187997,-0.238513,-0.249455,0.419232,0.243674,-0.144682,-0.238024,-0.393693,-0.376044,-0.18553,0.099999,-0.057877,-0.167758,-0.105188,0.491586,-0.108455,-0.053015,0.267389,-0.273003,0.325588,0.258038,0.219517,-0.152593,0.325487,-0.134651,0.025992,0.103863,-0.249724,0.219513,0.193576,-0.159534,-0.36112,0.384311,-0.065341,-0.14177,-0.022943,0.150744,-0.40289,-0.10233,-0.176265,0.281048,0.103861,0.23346,-0.052541,-0.059852,-0.167944,-0.068559,0.141608,-0.246817,0.321763,0.089281,-0.533339,-0.266788,0.057846,-0.482774,0.309244,-0.181288,0.288057,0.161827,0.110126,-0.344573,-0.204446,-0.010187,-0.15792,-0.029991,0.37591,-0.320759,0.338864,-0.057981,0.049445,-0.110699,0.005659,-0.491294,-0.149944,-0.141225,-0.09414,0.012554,0.279886,0.05226,-0.101754,-0.02107,-0.128494,0.063071,0.280146,0.224207,-0.165438,-0.121443,0.256418,-0.060183,0.348528,0.042886,0.060386,-0.074782,-0.070677,-0.074034,-0.069555,-0.019818,-0.26243,0.514654,-0.012774,0.03906,0.009855,-0.196972,#
6,0.499015,-0.077524,0.165066,-0.147746,0.112239,0.197373,1.0,-0.304087,0.301927,0.020607,0.217011,0.221432,0.09782,-0.00026,-0.095865,0.063607,0.073135,0.022108,0.202146,0.156586,-0.287846,-0.158836,-0.045502,-0.012914,-0.108195,-0.004537,-0.362977,0.053142,0.520052,-0.174506,-0.099999,0.175001,-0.151438,-0.14476,0.1648,-0.171105,0.443547,-0.074532,0.38146,0.188588,0.24875,0.238266,-0.189294,-0.075047,-0.074503,-0.031323,-0.02325,0.072962,-0.136066,-0.281124,-0.234082,-0.455114,0.342445,-0.249913,0.320875,-0.278427,-0.239553,-0.077042,0.26347,-0.285338,0.245092,0.215084,-0.243263,0.055789,0.098843,0.311545,0.039105,0.056985,0.350414,-0.155472,-0.116205,-0.12662,-0.171925,-0.3637,-0.213355,-0.012517,-0.386955,-0.39886,-0.318379,-0.065718,-0.4544,0.11858,0.213399,-0.225953,-0.049994,-0.232866,-0.162059,-0.259362,-0.259588,-0.216758,-0.263761,-0.314846,-0.403635,-0.068971,-0.470875,-0.295664,0.204627,-0.17912,-0.421777,-0.108939,0.24029,0.071531,-0.312188,-0.220996,-0.393693,-0.210646,-0.198325,-0.229631,-0.206512,-0.366985,0.225752,-0.053993,-0.115042,-0.369329,-0.104245,-0.273003,0.097503,0.10913,0.413542,-0.180199,-0.341532,0.022478,-0.16235,0.083258,-0.183016,0.006535,0.034624,0.093603,-0.251768,-0.118778,-0.262031,-0.289508,-0.013472,0.28146,-0.221525,-0.417795,-0.166691,-0.277474,0.077607,-0.285643,-0.068062,-0.246218,-0.181925,-0.419122,-0.3623,-0.233528,0.079179,0.38327,-0.34811,-0.45476,-0.113296,-0.482774,-0.259269,-0.163971,-0.024121,-0.031116,0.186109,0.230611,-0.204446,-0.191931,-0.093841,-0.351421,0.368254,0.002179,-0.353898,0.255382,0.013708,0.054392,-0.172662,-0.267666,0.324268,-0.532715,-0.102958,-0.215171,0.097394,-0.126607,-0.109058,0.468263,0.197787,-0.439136,0.278097,-0.124624,-0.352716,0.192286,-0.059567,-0.360265,0.168399,-0.13439,-0.012556,0.304108,-0.481797,0.146741,0.084656,0.366835,0.141538,-0.156904,-0.19579,0.046712,0.187032,0.137315,#
7,-0.312958,0.035609,-0.19757,0.15935,0.067157,0.139717,-0.304087,1.0,-0.440725,0.211844,-0.170202,-0.267266,0.39642,-0.124288,0.150988,0.327994,0.262795,0.096681,-0.15475,-0.342048,0.100274,0.100612,0.207855,0.017597,-0.241816,0.102325,-0.149091,-0.194072,-0.235256,0.146404,0.039596,0.012207,0.249018,0.320425,-0.153567,0.165382,-0.184777,-0.187682,-0.494087,0.094607,-0.141977,-0.115206,0.022922,-0.064489,0.117082,-0.087956,0.592565,-0.108104,0.323501,0.048224,-0.024822,-0.196004,-0.002621,-0.189935,-0.101451,-0.066049,0.50789,-0.120853,-0.026049,0.641188,-0.045878,-0.50756,0.015432,0.201517,-0.034747,-0.120791,0.028936,0.045737,-0.146643,-0.14771,0.302932,0.208397,-0.327273,0.252438,0.295201,-0.132271,-0.073887,-0.066768,0.027297,-0.015587,0.064214,-0.286808,-0.381534,0.13023,0.147238,-0.193008,0.330328,0.151144,0.257314,0.269817,0.089616,0.161137,0.083519,-0.003809,-0.094493,0.138914,-0.0707,-0.034327,0.408757,-0.135345,-0.091114,0.10926,-0.093132,0.306661,-0.124742,0.189764,-0.193199,-0.030207,0.253805,0.214439,0.054052,0.123553,0.048682,0.374569,-0.197514,0.04823,0.116129,-0.166645,-0.196533,-0.208787,0.236877,-0.349784,-0.177249,0.197613,0.05931,-0.147199,0.079603,0.02823,0.10745,-0.12654,-0.179809,0.217967,0.03803,-0.190409,0.110082,0.351505,0.150422,0.012221,-0.086676,0.050766,-0.058173,-0.116915,-0.194652,0.178475,-0.067589,-0.081544,0.003356,0.280146,-0.086236,0.12128,-0.028565,-0.107809,0.137532,0.15568,-0.079533,-0.143541,0.024131,0.209907,0.181722,0.224523,-0.133146,0.303964,0.123933,0.04062,0.524417,-0.260798,-0.508122,-0.019095,0.156132,0.202277,-0.078103,0.275259,-0.344767,-0.138726,0.137747,-0.023198,-0.32303,-0.182812,-0.312283,0.011971,0.227325,0.282006,0.277921,-0.149481,0.259996,0.019369,0.067751,-0.002867,-0.075858,0.108591,-0.00043,-0.234207,-0.16583,0.095986,-0.126508,0.036303,0.076064,0.038485,-0.235517,-0.012864,#
8,0.063328,0.005843,0.105566,-0.331141,-0.331955,-0.019836,0.301927,-0.440725,1.0,0.205406,-0.008364,0.162752,-0.164551,0.213966,-0.095165,0.062971,-0.209221,0.068527,-0.017082,0.333458,-0.035961,0.001236,-0.085839,-0.156434,0.071049,0.091761,0.150487,0.175916,0.186112,-0.236343,-0.059081,-0.026117,0.009598,0.124968,-0.106073,-0.370244,0.341865,0.346656,0.012319,-0.151235,0.13083,0.11952,-0.120439,0.095599,0.091512,-0.154732,-0.29265,0.239467,-0.044244,-0.028911,-0.316644,-0.212643,0.537393,0.348615,0.201296,0.052491,-0.231778,-0.241262,0.016869,-0.138731,0.148116,0.136079,0.119329,-0.051318,0.240277,0.287368,-0.159695,0.175031,0.116635,0.169039,-0.152357,-0.143979,0.253055,-0.159747,-0.460643,0.198052,-0.106182,-0.25906,-0.141561,0.078321,-0.169904,0.188545,0.265997,0.075717,-0.103372,0.059898,-0.393101,-0.150915,-0.250026,-0.424424,-0.074116,-0.524653,-0.389482,0.146288,-0.197485,-0.180108,-0.147986,-0.065275,-0.193654,0.036282,-0.075823,0.036823,-0.144308,-0.118827,-0.039462,-0.075633,0.037229,0.068857,-0.028939,-0.164189,0.159235,-0.099242,-0.055599,-0.028877,0.376733,0.043355,-0.415572,-0.451629,0.141299,-0.119904,-0.1916,0.260314,0.00893,-0.082195,-0.387799,-0.06247,0.157743,0.243259,-0.090001,-0.080379,0.353672,-0.011505,-0.292548,-0.165341,-0.24429,-0.068724,-0.27354,-0.013966,-0.031769,0.026236,-0.105603,0.20574,-0.286117,-0.362704,-0.104622,0.055463,-0.273594,0.130161,-0.097236,-0.010949,-0.121696,-0.214738,0.005259,-0.274257,0.182731,0.087698,0.262818,0.275618,-0.423178,-0.192568,0.158772,-0.129066,-0.065923,-0.11694,-0.071647,0.172034,0.041026,0.061578,-0.06205,-0.100863,-0.234106,-0.357695,0.031578,0.293811,-0.090774,0.144004,0.108284,0.102876,0.434426,-0.300019,0.051835,-0.400986,-0.095974,0.152535,-0.316758,-0.083686,0.22977,-0.33627,-0.336276,0.117257,0.012388,0.262886,-0.16436,0.210189,0.192278,-0.157347,-0.047905,-0.187811,0.077896,0.222992,#
9,-0.300233,0.234153,0.246627,-0.246957,-0.244507,0.03497,0.020607,0.211844,0.205406,1.0,-0.183916,-0.261061,0.332371,0.434576,-0.337747,0.099635,-0.20535,0.413718,-0.051096,0.046516,-0.283976,0.15135,0.179808,-0.063682,-0.092574,0.001643,-0.14249,-0.219809,0.316506,0.406187,-0.188682,-0.058026,0.003943,0.053437,-0.093778,0.214318,0.267636,-0.032695,-0.35031,-0.264466,0.212752,-0.15219,0.317854,-0.216952,0.051625,-0.259338,-0.17003,0.1715,0.261476,0.006386,-0.192477,-0.443295,0.519217,-0.056755,0.073434,-0.120214,-0.044638,-0.524619,0.218001,0.284815,0.342368,-0.307045,-0.431841,0.03669,0.15019,0.327799,-0.046525,0.160947,-0.053774,0.037834,0.099369,-0.038007,-0.4386,-0.265256,-0.073651,0.05506,-0.020313,-0.256459,-0.104751,0.074874,-0.106596,-0.153454,-0.246374,0.405595,-0.495601,-0.030012,-0.018501,-0.197097,-0.531985,-0.058126,-0.060804,-0.17515,-0.563761,0.071642,-0.370694,-0.038451,-0.690429,0.131714,0.230701,-0.326485,-0.485442,-0.377142,-0.251646,0.017804,-0.100806,-0.189707,-0.015945,-0.414579,0.31349,-0.221249,0.51993,0.280301,-0.153233,-0.166408,0.015923,-0.333507,-0.544023,-0.203822,0.347358,-0.338454,-0.440619,-0.001124,-0.313439,-0.246297,-0.438846,0.241681,0.364452,0.110745,-0.17956,-0.532856,0.277965,0.132804,-0.524445,-0.162911,-0.451817,-0.353,0.248989,0.269356,-0.193687,-0.283009,-0.18026,-0.338438,-0.433521,-0.291104,-0.371206,-0.287212,-0.478437,0.343488,-0.210154,-0.180645,-0.561413,-0.225406,0.081723,-0.675644,0.12996,-0.499279,0.643854,0.44454,-0.440951,-0.481325,-0.073387,-0.107009,-0.057982,0.079178,0.34628,0.407784,-0.230883,-0.444652,0.161702,-0.151303,-0.276323,-0.093551,-0.126419,-0.099417,0.297708,-0.427384,-0.128757,-0.173731,0.546095,-0.316529,0.580843,0.060165,-0.119812,-0.176728,0.094902,-0.359921,0.120338,-0.264946,-0.663277,0.29551,-0.12534,-0.069328,-0.084741,0.309326,-0.243924,-0.068832,0.449143,0.153097,-0.044304,0.435757,#
10,0.707033,-0.174409,-0.253934,0.240523,0.179561,-0.06999,0.217011,-0.170202,-0.008364,-0.183916,1.0,0.50743,-0.076353,-0.058093,0.008429,-0.33504,0.158246,-0.448817,0.19757,0.03717,0.207818,-0.121211,0.027237,0.022023,-0.006877,0.233614,-0.049148,0.203529,0.099655,-0.219918,-0.25273,0.193496,0.296541,-0.102507,0.201185,-0.194732,-0.405702,-0.153945,-0.029978,0.254412,-0.145613,-0.068086,0.131244,0.140446,0.29746,0.490409,-0.12001,0.204365,-0.23954,-0.142035,-0.037344,0.246375,0.10455,-0.070237,0.016125,0.087422,-0.233345,0.532812,0.071709,-0.122541,-0.126247,-0.061365,-0.010771,-0.106196,-0.557357,-0.053463,0.197806,0.302869,-0.1466,-0.064963,0.251627,-0.220519,0.19789,-0.228322,-0.154399,-0.309824,-0.204672,-0.03431,-0.419833,-0.030055,-0.141025,0.070125,0.166503,-0.237886,-0.01424,0.120962,0.063339,-0.118312,0.020114,-0.019832,-0.162955,0.102617,0.199308,-0.042878,0.037829,-0.11928,0.346911,-0.514467,-0.351927,0.141637,0.230761,-0.212187,0.240505,-0.213707,0.023913,-0.195587,-0.064891,-0.032786,-0.098981,0.2062,-0.442301,0.123629,0.014857,0.086689,0.04341,0.141249,-0.048557,-0.004681,0.094973,-0.006711,-0.079117,0.406539,0.056169,0.445811,0.02166,0.057836,-0.470994,0.241693,-0.236035,-0.165462,-0.202359,-0.296276,0.11143,-0.069879,-0.031472,0.016244,-0.04055,-0.284691,0.146269,-0.141025,-0.047035,0.265988,0.415235,0.085014,-0.222406,-0.392152,-0.047235,-0.160908,-0.241884,-0.261184,0.32236,-0.391773,-0.253622,0.05016,-0.064513,0.052808,-0.322041,-0.066682,-0.200788,0.090178,-0.03486,-0.047178,0.05296,-0.357361,-0.2914,-0.161384,0.200412,-0.43415,-0.14536,0.094119,0.401178,-0.294759,0.27835,0.139096,0.114642,0.201955,-0.115304,0.055366,0.018353,-0.121732,-0.196331,0.131217,-0.100789,-0.128874,-0.036043,-0.24273,0.06522,0.111973,0.28618,0.293336,-0.218305,0.300604,0.120317,-0.099026,0.038528,-0.366182,-0.210883,-0.302774,-0.326778,-0.564619,#
11,0.527164,0.052262,-0.443002,0.257442,-0.009139,-0.066676,0.221432,-0.267266,0.162752,-0.261061,0.50743,1.0,0.095424,-0.034675,0.173977,-0.333736,-0.018724,-0.277369,0.017458,-0.128817,0.21788,-0.00314,0.018346,0.201242,-0.030308,-0.140806,0.13423,0.048486,0.104274,-0.015867,-0.237158,0.00385,0.301921,0.080215,0.375699,-0.407278,0.109541,-0.417005,0.279535,0.256042,-0.14361,0.323013,-0.04365,-0.040871,0.10508,0.659535,-0.034355,0.406137,0.079366,-0.16529,-0.374063,0.25482,0.107759,0.227917,0.289526,-0.164216,-0.220286,0.208301,-0.30031,-0.135523,-0.308175,-0.073089,-0.186671,0.081736,-0.114825,-0.066637,-0.013489,0.272723,0.09892,-0.013774,-0.115738,-0.189915,0.208136,0.099975,-0.029384,-0.048882,-0.183849,-0.009001,-0.252418,-0.033508,-0.301038,-0.075142,0.144076,-0.241102,-0.010987,-0.193,-0.309871,-0.121132,0.188838,-0.19303,-0.160985,-0.269543,0.030688,-0.228348,0.035566,-0.123264,0.253036,-0.318972,-0.173694,0.144366,0.236279,-0.184145,0.06634,0.138507,0.022427,-0.029667,-0.235068,0.145849,-0.25067,-0.000608,-0.12885,-0.057722,0.195605,-0.082358,0.048207,-0.03843,-0.046959,-0.026508,0.216508,0.286149,-0.077036,0.195732,-0.088879,0.450324,-0.159831,0.056,-0.30297,-0.015044,-0.476373,0.012194,-0.013905,-0.129844,-0.215916,0.326854,-0.196592,0.18403,-0.300902,-0.457512,0.386953,-0.293972,-0.025685,0.11597,0.04133,-0.114791,0.104909,-0.381641,-0.046241,-0.107523,-0.245391,-0.260402,0.170478,-0.213197,-0.252811,0.052338,0.248999,0.236646,-0.057271,-0.002923,-0.203747,-0.08379,-0.195475,0.118997,-0.116634,-0.091751,-0.294083,-0.175448,0.202776,-0.042983,-0.151137,-0.129913,0.395047,-0.268821,0.035698,0.137892,0.104344,0.023634,0.081238,0.222424,0.169893,0.127928,-0.204336,0.115051,-0.13191,0.027638,0.118264,-0.023493,-0.089914,-0.090549,0.294945,0.477352,-0.403462,0.528085,0.10693,-0.112871,-0.130327,-0.046878,-0.067065,-0.335205,-0.049616,-0.248719,#
12,0.166119,0.382584,0.24536,-0.319828,-0.179515,0.083749,0.09782,0.39642,-0.164551,0.332371,-0.076353,0.095424,1.0,0.428026,-0.088617,0.276194,-0.01853,0.341642,0.059436,-0.163996,-0.011879,0.161296,0.331715,0.10346,-0.120931,-0.433631,0.089956,-0.027801,0.201311,0.251122,-0.044938,-0.008158,-0.205108,0.223048,0.093513,0.017164,0.099488,-0.201024,-0.167015,0.121206,0.10668,0.339305,0.069727,-0.293595,-0.352062,-0.126202,0.353234,0.354178,0.196071,0.214576,-0.164516,-0.275535,0.311072,-0.186206,-0.152149,-0.047168,0.159161,-0.426904,-0.084557,0.166161,0.407858,-0.45699,-0.300747,0.21191,0.340513,0.122444,-0.191466,0.006868,0.125167,0.060102,-0.040651,-0.195361,-0.643064,-0.064284,0.00779,0.181858,-0.51917,-0.117914,-0.303788,-0.151457,-0.362342,-0.625213,-0.297378,0.063968,-0.136249,-0.333614,0.121715,-0.164643,-0.093514,0.203777,-0.323905,-0.049763,-0.245409,-0.274423,-0.36512,-0.03109,-0.235237,0.009572,0.214317,-0.396563,-0.157444,-0.394031,-0.099754,0.242029,-0.204653,0.026818,-0.238498,-0.173118,-0.069901,-0.191148,0.370633,-0.117978,-0.003617,-0.067226,0.053107,-0.412172,-0.122132,-0.168868,0.383666,-0.274154,-0.146102,-0.169894,-0.286433,-0.258449,-0.339515,-0.029042,0.176475,0.123426,-0.155845,-0.30759,-0.061338,-0.049497,-0.396083,0.302642,-0.320458,0.095328,-0.090908,-0.118349,0.014033,-0.369529,-0.50706,-0.151006,-0.253369,-0.243467,-0.233054,-0.140002,-0.363655,0.563649,-0.241022,-0.122518,-0.453598,-0.063761,0.112017,-0.266852,-0.157639,-0.356256,0.2419,0.298269,-0.128327,-0.164534,-0.041834,-0.054525,-0.034986,0.158508,0.150022,0.156198,-0.179582,0.099969,-0.062957,-0.257559,-0.120049,-0.337146,-0.569126,-0.233483,0.088842,-0.188942,-0.349646,0.241685,0.165352,-0.241974,0.404886,-0.036093,0.357479,-0.012139,0.578946,-0.130982,0.175749,-0.055459,-0.243924,0.330967,-0.267251,-0.233939,0.006192,0.371608,-0.103097,0.029232,0.117258,0.123806,0.205768,0.309296,#
13,0.06333,0.316108,0.081875,-0.493466,-0.150526,-0.149603,-0.00026,-0.124288,0.213966,0.434576,-0.058093,-0.034675,0.428026,1.0,-0.127345,0.140609,-0.379623,-0.027018,0.444859,0.329253,0.045789,0.468906,0.45453,-0.26446,-0.194318,-0.238976,0.269908,0.181444,0.307529,-0.019047,0.289586,0.08722,-0.227937,0.069665,-0.173412,-0.233983,0.005794,-0.009133,-0.251133,-0.269484,0.111067,0.288855,0.314822,-0.242573,-0.391596,-0.28874,-0.128443,0.435531,-0.240186,0.047238,-0.000782,-0.153053,0.13619,-0.110364,-0.206358,0.056976,-0.337441,-0.260166,-0.038839,0.052729,0.383157,-0.242831,-0.168413,0.130176,0.368994,0.000476,-0.233759,0.00463,-0.114519,0.329202,-0.05569,0.0,-0.070908,-0.561979,-0.18218,0.424881,-0.056924,0.121918,-0.113584,0.073105,-0.010989,-0.243777,-0.231647,0.074892,-0.213574,0.111192,-0.229779,-0.31282,-0.402435,0.122692,-0.398563,0.015489,-0.220334,-0.198686,-0.159306,-0.276681,-0.296057,0.161056,0.296199,-0.176172,-0.337196,-0.239974,-0.120063,-0.22407,0.008178,-0.060217,0.031761,-0.310718,-0.043959,-0.234483,0.408446,0.031066,-0.326511,-0.145328,0.36491,-0.355173,-0.339092,-0.365722,0.357911,-0.251808,-0.260874,0.182954,0.010416,-0.375184,-0.30432,0.193393,0.183667,0.192699,-0.011128,-0.423839,0.288651,-0.293358,-0.379099,-0.05612,-0.079732,-0.066573,0.023649,0.006746,0.11267,-0.374036,-0.093698,-0.014882,-0.253373,-0.157503,-0.356371,0.14096,-0.487515,0.338799,-0.228811,0.050281,-0.439272,0.042907,0.215554,-0.4464,-0.230407,-0.27543,0.481845,0.265411,-0.261727,-0.308836,0.269569,-0.298015,0.139348,-0.16136,0.076762,0.754843,0.176478,0.129602,-0.106183,-0.108034,-0.281933,-0.250839,-0.351839,-0.108817,-0.157818,-0.496951,-0.144803,0.09743,0.532967,-0.236996,0.272368,-0.515609,0.278781,0.239938,-0.039219,-0.327609,-0.211314,0.007565,-0.376597,0.041113,0.020807,-0.079025,-0.050718,0.333831,0.229948,-0.237882,0.044038,0.016909,0.038836,0.329522,#
14,0.114266,-0.312156,-0.345008,0.098921,0.014447,0.411019,-0.095865,0.150988,-0.095165,-0.337747,0.008429,0.173977,-0.088617,-0.127345,1.0,-0.011188,0.026782,-0.121627,-0.031966,-0.050298,0.164525,0.017362,0.317889,0.121495,-0.019947,0.113963,0.068004,0.009058,-0.278537,0.004217,-0.168526,0.007141,0.239316,-0.071534,-0.210618,-0.223591,-0.10984,-0.063984,-0.023971,-0.249375,-0.395779,0.169925,-0.167104,0.212558,0.270998,-0.007369,0.471436,0.096503,0.212509,-0.0381,0.027925,0.227755,-0.09547,-0.347454,-0.241379,0.359517,-0.192472,0.178526,-0.294565,0.107022,-0.030291,0.373935,0.198682,-0.056972,-0.300941,-0.282069,-0.2086,-0.19045,-0.044396,-0.298015,-0.201602,0.195284,0.218864,0.239913,0.014302,0.05983,-0.110225,0.222384,-0.378136,0.377563,0.188396,-0.08691,-0.344716,0.038791,0.214788,-0.262277,0.116945,-0.03251,0.370928,0.219663,-0.154895,-0.088543,0.165317,-0.397199,-0.0151,-0.014686,0.166934,-0.134464,-0.186526,-0.113208,0.324226,0.396181,-0.365378,-0.329807,-0.283062,0.219293,-0.41877,-0.097238,0.215008,0.223281,-0.211471,0.234142,-0.018304,0.082746,0.163238,0.048688,0.300868,-0.159455,-0.243151,-0.263967,0.143536,-0.38377,0.13838,0.204255,0.041145,-0.148425,0.13684,-0.125321,-0.3163,0.199267,-0.14967,-0.179978,-0.251435,-0.041275,-0.128959,0.204071,-0.451047,-0.121354,0.117445,-0.015947,0.223132,0.22859,-0.193832,0.19618,-0.088337,-0.144647,0.308756,0.176427,-0.260488,0.276231,0.176595,-0.17451,0.101047,0.339498,0.038574,0.292031,0.039781,0.000321,0.07325,0.467678,-0.229864,-0.072978,0.108429,-0.268375,0.414513,-0.013771,-0.18055,0.287674,0.151096,-0.07232,-0.241914,0.007493,-0.123815,0.073191,0.212581,-0.185431,0.059712,-0.246024,-0.054071,0.143642,-0.150103,0.150763,0.338906,-0.187827,0.332274,0.021336,0.086402,-0.097757,0.137435,0.046317,0.037745,0.093755,0.160014,0.187963,-0.169933,0.49049,-0.104255,0.084475,-0.259238,-0.261031,#
15,-0.148212,0.070212,0.178989,-0.427229,-0.215842,0.064109,0.063607,0.327994,0.062971,0.099635,-0.33504,-0.333736,0.276194,0.140609,-0.011188,1.0,0.468046,0.142373,-0.230482,0.128451,-0.279022,0.337719,0.017344,-0.004254,-0.008042,0.252587,-0.165435,0.049306,-0.032673,-0.015574,-0.111813,0.020505,-0.075325,0.268041,-0.073825,-0.012077,0.041698,0.305549,-0.000596,-0.166447,0.004017,0.046833,-0.015664,0.183731,-0.285094,-0.267584,0.253684,-0.267311,-0.11924,0.392683,0.293534,-0.626771,-0.040964,-0.160729,0.220803,0.041665,0.247658,-0.506207,-0.104659,0.049209,0.176777,0.111666,0.15235,0.257833,0.12753,-0.349741,0.003604,-0.179733,-0.365538,-0.300541,0.146822,0.249256,0.002948,0.087021,-0.203005,0.214943,-0.17442,-0.213791,0.241834,-0.011362,-0.124043,-0.216933,-0.154556,0.167797,-0.011362,-0.330073,0.254633,-0.320382,-0.156253,0.285951,-0.170891,-0.10696,-0.178232,-0.001853,-0.4632,0.042006,-0.045852,-0.086982,0.025863,-0.014662,-0.153998,0.326445,-0.242982,0.3196,-0.188415,-0.038762,0.286269,-0.013981,0.251653,-0.407581,0.220448,-0.104486,0.192573,0.2559,-0.277542,-0.210809,0.298399,-0.376514,-0.039789,-0.257897,-0.087023,0.024756,-0.085946,-0.072935,-0.031403,-0.228068,0.056572,0.246468,0.074163,0.005814,-0.138859,0.025912,-0.056823,0.235261,0.153031,0.012673,-0.049608,-0.254634,-0.060167,0.046428,-0.012937,-0.048939,-0.31212,-0.212117,-0.22905,0.025829,-0.056067,0.32011,-0.077723,-0.081202,-0.184215,0.00739,0.142015,-0.162431,-0.06757,0.233279,0.197674,0.175718,0.143861,0.063871,-0.034781,-0.208546,0.245504,-0.09314,0.16348,-0.133616,-0.182645,0.324239,-0.133601,-0.129979,-0.109329,0.152594,0.044624,-0.097076,-0.0972,0.030323,0.096468,0.418939,0.039161,-0.07673,0.134169,-0.042868,0.398127,0.210195,-0.206757,0.190222,0.116172,-0.098754,-0.211577,-0.063367,0.019843,-0.132608,-0.05007,0.133335,0.105745,0.123787,0.074001,0.248234,0.457387,0.291074,#
16,0.034388,-9.3e-05,-0.118256,0.109168,0.271194,0.067048,0.073135,0.262795,-0.209221,-0.20535,0.158246,-0.018724,-0.01853,-0.379623,0.026782,0.468046,1.0,-0.052208,-0.310885,0.062829,-0.285908,-0.137111,-0.305993,0.318237,0.086443,0.353077,-0.126026,0.200088,0.000345,-0.136561,-0.317079,-0.114212,0.167834,0.035615,0.073084,0.072886,-0.239558,0.036308,0.337384,0.319831,-0.16924,-0.261722,-0.144031,0.250598,0.00895,0.259098,0.040031,-0.461733,-0.016371,0.285867,0.134376,-0.308384,-0.262419,0.043283,0.220779,0.104102,0.365777,0.044367,-0.012059,-0.023662,-0.298226,0.071041,0.148584,-0.121733,-0.244181,-0.449213,0.313265,-0.094067,-0.399724,-0.441021,0.201849,0.125583,0.08809,0.34189,-0.025868,-0.110063,-0.002782,-0.333,0.098134,-0.003164,-0.243367,0.098653,-0.012755,0.066701,0.010268,-0.166294,0.397562,-0.084078,0.156054,0.31861,-0.205115,0.011596,0.044992,-0.067612,-0.039483,0.201109,0.430734,-0.403971,-0.042165,-0.07988,0.093138,0.452284,-0.053087,0.253704,-0.227558,-0.193916,0.108431,0.133135,0.249913,-0.122998,-0.303593,-0.006247,0.478054,0.417445,-0.609924,-0.104301,0.228026,-0.019218,-0.170227,0.036908,-0.148067,0.114936,-0.416432,0.310769,0.295642,-0.220913,-0.482104,0.180095,-0.100233,0.138495,-0.267344,0.014897,0.188238,0.060041,0.074121,0.152026,0.285037,-0.384697,-0.259291,0.125214,0.166455,0.002807,0.181794,0.185055,-0.002912,-0.146196,0.004356,0.038913,0.162751,-0.384922,0.216502,0.156972,0.029358,-0.038396,-0.093544,0.019538,-0.24806,0.027137,0.258077,0.20484,-0.416148,-0.058351,0.156321,-0.116941,-0.195968,-0.477998,-0.106922,0.068957,-0.041436,0.174819,0.276345,0.046922,0.386208,0.0769,0.003186,0.290262,-0.008575,0.380806,-0.308635,-0.140024,-0.027696,0.279278,0.16729,0.032489,-0.025793,0.01268,0.141334,0.019051,0.142261,0.232603,-0.070971,-0.056001,-0.026104,-0.052263,-0.081306,0.266757,0.068153,-0.034736,0.251715,-0.249181,#
17,-0.490152,0.177532,0.656882,-0.24082,-0.195008,0.187894,0.022108,0.096681,0.068527,0.413718,-0.448817,-0.277369,0.341642,-0.027018,-0.121627,0.142373,-0.052208,1.0,-0.409954,0.035391,-0.123522,-0.182487,0.272611,-0.021639,0.057887,-0.095372,-0.055468,-0.333178,-0.015656,0.128094,-0.211591,-0.2796,-0.070022,0.268259,-0.004676,0.080477,0.168723,0.166938,0.042305,-0.268047,0.103258,-0.307437,-0.145784,0.053931,0.002405,-0.278806,-0.199383,-0.075572,0.418041,-0.00424,-0.083765,-0.306506,0.369907,0.082473,0.083141,0.188414,0.209342,-0.527204,-0.069973,0.117588,0.251591,-0.020283,-0.090088,-0.120114,0.193544,0.356849,0.13775,0.044832,0.210453,0.074148,-0.309652,-0.175097,-0.656466,0.296264,-0.083377,-0.238034,-0.0499,-0.123954,0.008327,0.250762,-0.139953,0.009674,0.100726,0.670419,-0.146192,-0.06465,0.114423,-0.00696,-0.228325,0.040157,0.277777,-0.031847,-0.305165,0.090542,-0.145425,0.337632,-0.386125,0.329771,0.036547,-0.192338,-0.490395,-0.18464,-0.008826,0.257755,-0.010038,-0.079558,0.183185,-0.149944,0.339376,-0.088556,0.423409,-0.183828,0.144052,0.024204,0.06152,-0.051825,-0.170861,-0.087126,0.200718,0.09042,-0.08814,-0.08567,-0.324332,-0.514289,-0.344778,0.005223,0.437265,-0.296928,-0.031771,-0.052896,0.44882,0.172878,-0.363453,0.139656,-0.263321,-0.216378,0.282243,0.25404,-0.468577,0.039047,-0.223014,-0.246627,-0.286038,-0.244288,0.09792,0.015973,0.044876,0.267689,0.101237,0.02846,-0.305115,-0.013233,0.237746,-0.254078,0.029051,-0.093727,0.329441,0.030663,-0.112997,0.014621,-0.038818,0.135395,-0.063475,0.352529,0.302155,0.055381,-0.064333,0.006468,0.427437,-0.131122,-0.201915,-0.14314,-0.166024,-0.132645,-0.030716,0.005745,0.031424,-0.120549,0.045374,-0.033045,0.172533,0.079109,0.023488,-0.255098,0.269128,0.100612,0.455588,-0.000564,-0.526566,-0.022173,0.22883,-0.362417,-0.418669,0.240542,-0.377856,0.23794,0.417664,0.365354,0.175077,0.537837,#
18,0.372723,0.132513,-0.11685,-0.130126,0.192092,0.240547,0.202146,-0.15475,-0.017082,-0.051096,0.19757,0.017458,0.059436,0.444859,-0.031966,-0.230482,-0.310885,-0.409954,1.0,0.048166,0.041693,0.165375,0.34105,-0.272822,-0.061968,0.119938,-0.143713,0.192795,0.542715,-0.081562,0.29693,0.274925,-0.272082,-0.053066,-0.138594,-0.083403,-0.176812,-0.11213,-0.160567,0.158561,0.021897,0.255076,0.111174,-0.455278,-0.177564,-0.177313,0.048101,0.244072,-0.216093,-0.009954,0.301173,0.10327,-0.007292,-0.135365,-0.288365,0.028981,-0.319566,0.262743,0.149715,0.088822,0.198274,-0.010787,-0.063181,-0.038506,0.028888,-0.028009,-0.475333,0.06218,0.035366,0.244265,-0.20915,0.248085,0.102412,-0.464448,-0.159758,0.303681,0.080778,-0.132641,-0.12568,-0.055515,0.139545,-0.252084,-0.021197,-0.296035,0.129992,0.264709,-0.408667,-0.062264,-0.138697,-0.330168,-0.28515,0.138419,0.092149,-0.329808,0.084586,-0.441117,-0.116183,-0.239586,0.091899,-0.011847,0.331167,-0.162185,0.034727,-0.43344,0.081095,-0.2232,-0.22972,-0.12754,-0.545116,-0.076179,-0.112549,0.225638,-0.573073,-0.315713,0.310734,-0.312455,0.013453,0.228213,0.278627,-0.135786,0.154452,0.114993,0.202386,0.095496,-0.147301,0.279663,0.020937,-0.013272,-0.078539,-0.159478,-0.193139,-0.579079,0.218248,-0.034042,0.057098,-0.110064,-0.091365,0.173253,0.453429,-0.083695,-0.096878,-0.009434,0.245642,-0.182313,-0.003814,0.121005,-0.138562,0.089967,-0.482907,-0.001901,0.123483,-0.169956,0.175128,-0.079586,-0.064978,-0.069766,0.021759,-0.01037,-0.146986,-0.208248,0.147052,-0.0829,0.315938,-0.333242,-0.174948,0.479675,0.284482,0.053514,-0.288904,-0.172741,0.027967,-0.12016,-0.229023,-0.017715,-0.135892,-0.202215,-0.221401,0.294269,0.06487,-0.267019,0.314091,-0.471408,-0.164851,0.395759,-0.030924,-0.132379,-0.104424,0.159205,0.242844,-0.170121,-0.335244,0.001863,0.128796,0.112772,0.378311,-0.169688,-0.316962,-0.217994,-0.049487,-0.206453,#
19,-0.057381,0.013545,0.085027,-0.198517,-0.138676,-0.004166,0.156586,-0.342048,0.333458,0.046516,0.03717,-0.128817,-0.163996,0.329253,-0.050298,0.128451,0.062829,0.035391,0.048166,1.0,0.103124,0.06705,0.118305,-0.148982,-0.426909,0.05957,0.303754,0.120973,0.365973,-0.183826,0.112055,0.167893,0.046458,0.120042,0.073506,-0.196079,0.039502,0.299019,0.071012,-0.152119,0.238634,0.046789,-0.125784,0.0815,-0.051459,-0.285328,-0.197221,0.257111,-0.574724,-0.185258,-0.125771,-0.150208,0.021557,0.034041,-0.014368,0.030526,-0.038264,0.048539,0.004402,-0.117348,0.015665,0.036445,0.209222,0.246589,0.111253,-0.174377,0.031546,0.293354,-0.010582,0.174566,0.164324,-0.144518,0.265977,-0.254872,-0.582175,0.264256,0.224034,0.267402,0.041779,0.192407,-0.020886,0.344118,0.057991,0.300033,-0.082572,0.35646,0.232643,-0.189655,-0.0808,0.044652,-0.300806,0.05414,-0.066344,-0.016001,0.177729,0.121289,0.198959,-0.117615,-0.031365,0.222281,-0.173293,0.419867,-0.015335,-0.432413,0.016788,0.028043,0.358652,0.166772,0.203693,-0.192716,0.139317,-0.058641,-0.024061,0.074851,0.321231,0.000415,-0.00649,-0.292106,0.493574,-0.117865,-0.202557,0.218613,0.117676,-0.320078,-0.032787,0.083892,0.128639,0.064585,0.246858,0.098105,0.420329,-0.219082,-0.102398,-0.018088,-0.04347,-0.066998,0.002551,0.352894,-0.178343,0.174607,0.401101,0.332055,0.093376,0.219718,-0.12181,0.244799,-0.014594,-0.013547,0.059615,0.151764,-0.231495,0.17847,0.563709,-0.280604,-0.100036,-0.022746,0.168109,-0.163719,-0.060267,-0.019042,0.500193,0.005336,0.342235,-0.37205,-0.151094,0.251022,0.434701,0.17773,0.275767,-0.075767,-0.008241,-0.118957,-0.086821,-0.11615,-0.20915,-0.008354,0.18997,-0.023083,0.130991,-0.123133,-0.09271,-0.510401,0.110414,-0.024356,-0.438203,-0.420715,0.224543,-0.110155,-0.263868,-0.038181,0.377396,-0.087495,-0.433081,0.20623,0.458259,0.093258,-0.228971,-0.111982,0.316361,0.203235,#
20,0.07515,-0.127215,-0.35512,0.348129,-0.147924,-0.274821,-0.287846,0.100274,-0.035961,-0.283976,0.207818,0.21788,-0.011879,0.045789,0.164525,-0.279022,-0.285908,-0.123522,0.041693,0.103124,1.0,0.064315,0.287995,-0.0569,-0.453233,-0.100587,0.42932,0.184655,-0.287417,-0.272608,0.209683,0.036144,0.545681,0.134403,-0.192303,-0.479848,-0.273178,-0.269981,-0.178115,0.217642,0.134663,0.016039,-0.112518,0.04035,0.026242,0.148248,0.219094,0.375217,-0.295017,-0.338655,-0.190367,0.493316,-0.084581,0.12759,0.037989,0.183397,0.059869,0.302074,-0.249654,0.245679,-0.35641,-0.1706,-0.06493,0.233655,0.167209,0.070608,-0.094219,0.215572,0.156967,0.457207,-0.010042,-0.374172,0.122777,0.24796,-0.176299,0.054486,-0.040263,0.415955,-0.095798,0.112555,0.143246,0.088694,0.040273,0.058202,0.297302,0.112086,0.171543,-0.014987,0.381827,-0.033759,0.181568,0.165987,0.302702,0.278048,0.333612,0.201963,0.092509,-0.235415,0.095039,0.215341,-0.006951,0.025557,0.384846,0.097602,0.378763,0.443682,-0.044865,0.263349,-0.054205,0.123229,-0.126409,-0.179128,-0.178048,0.145519,0.312272,0.370683,0.047041,-0.361619,0.02571,0.244296,0.296631,-0.07201,0.207672,0.008087,0.166416,0.026925,0.032694,-0.454312,0.372209,0.042146,0.195158,0.043363,0.063438,-0.227024,0.43309,0.543445,-0.117874,0.190744,0.180337,0.143246,-0.038414,0.535901,0.130978,0.186612,0.083984,0.287305,0.134697,-0.267967,0.218876,0.391558,0.316025,0.100798,0.205708,0.475004,0.00591,0.132254,-0.098842,-0.203237,-0.091441,0.283752,0.395273,0.297132,-0.044492,-0.284919,0.053656,-0.065934,0.317762,0.024623,0.107869,0.023131,0.050978,0.016668,-0.41703,0.222139,-0.167213,0.169389,0.039097,-0.37473,0.024777,0.256702,-0.370656,-0.341275,0.292061,0.042152,-0.054547,0.104076,0.049798,0.177259,-0.049089,0.014549,0.273654,-0.199259,-0.207259,0.016916,0.155293,-0.271759,-0.418824,-0.570497,-0.321022,-0.047144,#
