0,1.0,0.326548,-0.090286,-0.235793,0.30212,0.116853,0.185734,-0.152936,0.333154,0.063512,-0.303363,-0.026487,-0.039416,0.34345,0.4291,-0.153361,-0.067323,0.054202,-0.102644,-0.108431,-0.190763,-0.285457,-0.23403,-0.281216,0.476813,-0.346738,0.286585,-0.098563,0.240703,0.19109,-0.471456,0.05336,-0.043066,-0.237013,-0.108916,0.268085,0.096562,-0.184385,-0.228741,0.14255,0.052612,-0.088672,-0.356138,-0.238603,0.362698,-0.336728,0.208512,0.219538,-0.075275,0.032969,-0.218434,-0.221836,-0.012546,0.115423,-0.243977,0.00219,0.043723,-0.038275,-0.035934,0.343155,-0.100709,0.637144,0.339992,-0.265884,-0.324602,0.051685,0.0,0.213781,0.095938,-0.050774,-0.017474,-0.044993,0.122733,0.032258,0.170283,-0.192771,-0.276672,-0.495877,0.024211,0.090587,-0.064113,-0.353944,-0.122679,-0.389366,-0.106181,-0.081333,-0.249405,-0.227709,-0.137721,-0.33763,-0.133488,-0.336326,-0.123427,0.099812,-0.182985,-0.164106,-0.068114,-0.044093,-0.2182,-0.273494,0.065966,-0.311017,-0.216723,0.12914,-0.080797,-0.179993,0.193585,-0.285622,0.018034,-0.532694,0.359392,0.0,-0.101516,-0.280795,-0.009469,-0.467103,-0.165019,-0.208484,0.202251,-0.358107,0.201803,-0.213695,-0.306161,-0.056573,0.249348,-0.117898,-0.287876,0.234115,-0.153362,-0.101108,-0.008373,-0.163244,-0.235783,0.010076,0.169671,-0.10947,0.271886,-0.212727,0.270358,-0.158944,0.08592,-0.437102,0.224483,-0.41086,-0.261707,-0.205536,-0.025855,0.384142,-0.082036,0.118899,-0.281565,0.088162,0.367912,-0.326542,0.221234,-0.049338,0.032386,0.280729,-0.046219,-0.101516,-0.322237,-0.220838,-0.023174,0.097851,-0.161334,0.236001,-0.251676,0.337661,0.026517,-0.467103,-0.038942,0.165892,0.047673,-0.136501,-0.119802,-0.177475,-0.015751,0.019552,0.380614,-0.524171,0.233808,0.158834,-0.227728,0.114632,0.232767,-0.147846,0.413067,-0.150381,-0.115673,0.165438,-0.220581,-0.013525,0.313667,0.403475,0.012216,0.03305,-0.125114,-0.149239,0.128088,-0.037796,#
1,0.326548,1.0,-0.272128,-0.041248,0.283649,0.088112,0.018106,-0.180844,0.165498,0.263672,-0.147209,-0.075124,0.356343,0.351334,0.114402,0.00147,-0.352285,0.143295,-0.099873,0.023446,0.27158,0.183976,0.405518,0.0456,0.157849,-0.479759,0.531877,-0.064372,0.19402,0.245156,-0.370328,-0.062946,0.130528,-0.49759,-0.008685,-0.030244,0.414546,-0.681265,0.067172,0.155053,0.264138,0.621143,0.083706,-0.108557,0.270227,0.110282,0.02015,0.498956,-0.131712,-0.155125,-0.102308,-0.619609,0.121469,-0.341319,-0.18668,0.01511,-0.135014,0.378433,0.03809,0.363902,0.010136,0.154042,0.167385,-0.083729,-0.167893,0.532404,0.0,0.520306,0.374672,0.018777,-0.338767,-0.200368,0.285494,-0.085862,-0.295888,-0.131886,-0.327159,-0.321022,-0.104292,-0.226086,-0.354869,-0.831497,-0.248672,-0.387708,-0.063015,-0.398569,0.233995,-0.539687,-0.317324,-0.256275,-0.349955,-0.430623,-0.220244,-0.008013,-0.33325,-0.035375,-0.440107,-0.324721,-0.208194,-0.407738,-0.048875,-0.201477,-0.21756,0.055383,0.278853,-0.303201,-0.309923,-0.494786,-0.269635,-0.319401,0.296162,0.0,-0.366584,-0.383637,0.021944,-0.369658,-0.148779,0.023819,-0.098874,-0.481237,-0.091298,-0.339532,-0.534722,-0.51886,0.011654,-0.292557,-0.124955,0.268875,-0.2704,-0.386524,-0.09951,-0.262711,-0.434626,-0.057212,-0.215325,-0.386524,-0.180844,-0.161763,0.264943,-0.69944,-0.261253,-0.133566,-0.24037,-0.360854,0.055455,-0.270562,-0.324012,0.529524,-0.385189,0.03039,-0.516804,-0.4007,-0.17451,-0.188388,-0.148444,0.03903,-0.169961,0.57863,-0.110816,-0.552184,-0.071829,0.041392,-0.377789,0.258179,-0.317722,0.37834,-0.140987,-0.103866,-0.070347,-0.190489,-0.047578,0.28755,-0.251688,-0.204942,0.197016,-0.517262,-0.327022,-0.198606,0.475176,-0.480893,0.70024,-0.185643,-0.345373,0.408584,0.334188,-0.473281,-0.086273,-0.042683,-0.108176,0.503922,-0.374608,0.307982,0.408248,0.352257,0.071147,-0.26664,-0.024181,-0.340681,0.056526,0.232508,#
2,-0.090286,-0.272128,1.0,0.126553,0.137701,0.329444,0.144548,0.217589,0.537493,-0.21637,-0.065365,0.349025,-0.274638,0.056737,-0.252056,-0.205544,-0.115016,0.085489,0.114354,0.184717,-0.3353,-0.327439,-0.078481,-0.130968,0.079871,0.012253,0.109232,0.153434,0.137649,-0.014303,-0.060444,0.412311,-0.509575,0.169034,-0.107421,-0.09217,0.037802,-0.076528,0.152191,-0.336138,-0.178531,-0.023939,-0.081808,0.07051,-0.219893,-0.009548,0.205732,-0.031997,-0.128199,0.41291,0.119606,0.347604,-0.101484,-0.044735,-0.107252,0.007817,-0.089515,-0.002996,-0.4585,-0.204374,0.035007,0.034476,-0.118865,-0.085584,0.032687,-0.162565,0.0,0.049436,-0.125634,0.3094,0.366292,0.331579,0.010577,0.157022,0.016894,0.163802,-0.124305,0.038007,0.115988,-0.204011,-0.130093,0.094576,0.106705,0.752224,0.12874,0.310811,-0.326065,0.107094,0.029473,-0.19648,0.414653,0.31289,0.230275,0.203003,-0.050865,-0.101301,0.337191,-0.27907,0.286534,0.111814,-0.111506,-0.129962,0.074211,0.175355,-0.191182,0.133521,0.334459,0.386443,-0.136787,0.214844,0.017468,0.0,0.240318,0.22018,-0.140376,0.246007,-0.138376,-0.12094,-0.008964,0.34108,-0.133722,0.173908,0.282527,-0.075946,-0.177238,0.194326,0.198682,-0.177646,-0.384981,-0.016624,0.206182,0.285406,0.033724,0.255001,-0.215515,-0.008484,0.201683,0.183578,-0.034061,0.262948,0.26838,0.264044,-0.296841,-0.372803,0.051932,-0.151739,0.386727,0.037846,-0.080765,-0.025241,0.325741,-0.035733,0.413288,0.423735,0.057599,-0.213943,0.128049,-0.035185,0.375676,0.041711,-0.079763,-0.305928,0.58211,0.118004,0.359488,-0.444684,-0.024893,-0.298413,0.295236,-0.269325,0.106853,0.178758,0.246253,0.08976,-0.007268,0.093368,0.077636,0.562595,-0.091387,-0.165825,-0.153108,0.122023,0.375849,-0.313972,-0.244967,0.631459,0.154506,0.078258,-0.505122,0.168541,0.114273,-0.232377,-0.161023,-0.017889,-0.450884,-0.028886,0.106038,-0.117827,0.189105,0.186072,#
3,-0.235793,-0.041248,0.126553,1.0,0.213159,-0.089498,0.180823,0.225164,-0.216965,0.339607,-0.309906,-0.059305,0.126596,-0.192157,-0.214915,0.058138,-0.210679,0.045585,-0.191235,0.437461,0.041938,0.095969,-0.012303,0.130728,-0.284251,-0.062594,-0.17903,-0.025385,-0.099499,-0.161055,0.371875,-0.223223,0.154137,0.577171,-0.113915,-0.219496,-0.007665,0.208886,0.026753,-0.087996,0.048897,0.081909,0.155303,-0.391353,0.036828,0.037383,-0.358671,-0.066277,0.0948,0.176487,0.081895,-0.0335,0.289168,0.01646,-0.402237,-0.258981,-0.11554,0.165761,0.115923,-0.260455,-0.546739,0.122337,0.067835,0.211448,-0.214418,-0.110078,0.0,-0.18344,-0.155822,0.223026,-0.132992,-0.174901,0.245738,0.331876,0.095683,-0.42138,0.134651,0.452682,0.36668,-0.102313,0.097867,0.218818,-0.001756,0.178497,0.194366,0.202984,0.288985,0.044816,0.272375,0.041003,-0.146638,0.017145,0.440244,-0.097298,0.039979,-0.074152,-0.063363,0.107188,0.047958,0.341028,-0.158846,-0.074613,0.509421,0.431974,0.178505,0.197314,-0.066065,-0.003415,-0.295627,-0.204285,-0.097263,0.0,0.281457,0.288811,0.100545,0.483107,0.415354,0.01111,0.047052,0.12679,0.368689,0.260998,0.046382,0.032617,-0.196429,0.45249,0.10831,0.005298,0.224762,0.248896,-0.194123,0.326764,0.480077,0.43636,0.224934,0.456372,0.209571,0.097555,-0.163794,0.208259,0.280226,0.319772,0.116481,0.004952,0.47411,0.360625,-0.038893,-0.200448,0.100481,-0.208036,-0.15089,-0.104317,0.004218,0.448431,0.313374,0.373677,-0.355978,0.064543,0.47224,0.123526,0.527594,0.301975,0.181554,0.194612,0.24708,-0.184776,0.030364,-0.134584,0.32574,0.488822,-0.103202,-0.196081,-0.095537,0.227564,-0.387053,0.375408,-0.132917,-0.160705,-0.468145,-0.19126,-0.034608,-0.463507,0.382012,0.06713,-0.514014,0.211793,-0.296489,0.054941,-0.162871,-0.385561,0.181978,-0.264934,-0.566052,0.014753,0.365439,0.056393,0.087554,0.155978,0.116592,0.242321,#
4,0.30212,0.283649,0.137701,0.213159,1.0,-0.249631,0.221867,0.171547,0.113335,0.200196,-0.13904,0.093137,0.007081,-0.011908,-0.03198,-0.001364,0.159486,-0.005302,-0.095733,0.170139,-0.00306,-0.276486,0.107231,0.122575,0.04074,-0.191422,0.132162,0.072834,0.32617,-0.094692,-0.138676,-0.063553,-0.155234,-0.07585,0.214654,0.02109,0.31142,-0.497598,-0.261699,0.177357,0.073176,0.26987,-0.117817,-0.474643,0.340524,0.248676,-0.071157,0.237736,0.231638,0.02961,-0.001849,-0.477045,0.204864,-0.343885,-0.373527,-0.295883,0.041621,-0.045638,0.159948,0.002978,-0.404943,0.362563,-0.041194,0.132746,-0.26906,-0.03629,0.0,0.062588,0.002225,-0.028834,-0.004859,-0.17547,0.1757,-0.127391,-0.030249,-0.412191,-0.173961,-0.046166,-0.286812,-0.131319,-0.187256,-0.124265,-0.291177,0.041635,-0.101451,0.017395,-0.120189,-0.139574,0.25444,-0.236156,-0.179407,-0.225494,0.187637,-0.531461,-0.466854,-0.364368,-0.425237,-0.221049,-0.285907,-0.112421,-0.110906,-0.342438,-0.300422,0.155689,0.035599,0.068825,-0.066316,-0.137779,-0.388829,-0.190864,0.10128,0.0,0.027369,-0.159638,-0.212127,0.222922,-0.044907,-0.368879,0.079679,-0.033146,0.053306,-0.182561,-0.201261,-0.438942,-0.100738,0.095079,-0.226554,0.01446,0.081491,-0.274027,0.238703,0.04072,0.089383,0.365352,-0.215732,-0.076746,0.155484,-0.174053,0.028108,-0.171199,-0.053834,-0.095723,-0.037515,-0.224357,-0.07896,0.07382,0.123107,-0.148704,-0.261133,-0.274577,-0.344919,0.01212,-0.069396,0.17293,0.401739,-0.091712,-0.114091,0.390159,-0.10444,-0.345848,0.316292,-0.332138,0.0216,0.033177,-0.2106,0.24353,0.138124,0.127334,0.041352,-0.144428,0.022772,0.362573,-0.371032,0.15385,-0.083267,-0.145956,-0.415936,0.198029,0.141049,-0.517781,0.068509,-0.135143,0.178958,-0.094761,-0.058226,-0.190401,-0.18642,-0.169025,0.017684,-0.220137,-0.122213,0.168224,0.058897,0.068113,-0.135235,-0.131743,0.499932,-0.177719,0.0673,0.326891,#
5,0.116853,0.088112,0.329444,-0.089498,-0.249631,1.0,0.082821,0.166077,0.57562,0.040678,0.235444,0.296973,-0.377643,0.090198,-0.171078,-0.056107,-0.053482,-0.121607,0.02997,-0.18612,-0.117219,0.004529,0.398153,-0.447976,0.423136,-0.234915,0.227405,0.108658,-0.110013,0.256988,-0.361724,0.082808,-0.351226,0.003824,-0.277634,0.1499,-0.060784,-0.013691,0.300834,-0.008953,0.0861,0.056206,0.235946,-0.146832,-0.264425,0.181329,0.214938,0.023772,-0.124313,0.204398,-0.046402,0.106042,0.034108,0.090045,0.215351,0.612799,-0.506306,0.270412,-0.298172,0.352124,0.271151,0.130121,0.264614,0.056913,-0.218851,0.14729,0.0,0.374184,-0.040682,0.118102,0.212352,0.001422,0.157965,-0.208802,-0.331108,0.419296,0.051072,-0.18241,0.331667,-0.034058,-0.28844,-0.282215,-0.036303,0.257112,-0.169963,0.06312,-0.267644,-0.029843,-0.037753,-0.12059,0.201169,-0.192651,-0.104353,0.27898,-0.096197,0.028927,0.299355,0.008521,0.140108,-0.238802,-0.081207,-0.004957,0.237888,0.045991,-0.010525,-0.233692,0.325141,0.014724,0.135694,0.197764,-0.124774,0.0,-0.110081,-0.09612,0.248949,-0.45712,-0.160149,-0.196878,0.226466,0.011853,0.055693,-0.139086,-0.175421,-0.247689,0.058877,-0.129257,0.317395,0.353802,-0.399175,0.130882,0.041061,0.196966,-0.236644,-0.103946,0.016087,0.122417,0.149535,0.040816,0.136774,-0.318329,0.132386,0.020636,-0.026166,-0.125608,-0.068442,-0.331711,0.073783,0.291573,-0.063356,-0.092111,-0.046171,-0.218607,0.282657,0.054647,-0.07407,0.07583,-0.067561,-0.070233,0.097734,0.144919,-0.181003,0.263016,-0.116507,0.139491,0.340276,-0.160161,-0.38947,-0.350325,-0.070463,-0.199257,0.120216,0.132751,0.431273,-0.222019,0.121546,-0.298532,-0.036769,0.287074,0.070464,-0.221688,0.006403,-0.115376,-0.122166,0.157723,-0.115278,0.015867,0.146267,0.000796,-0.143525,0.411894,-0.098233,-0.07757,-0.025581,0.322414,0.018304,0.324675,0.039491,-0.247026,-0.282341,0.075763,#
6,0.185734,0.018106,0.144548,0.180823,0.221867,0.082821,1.0,0.18693,0.013221,0.280235,-0.002803,-0.109469,-0.002254,-0.203741,0.014886,0.197581,-0.156332,0.037163,0.107121,-0.08953,0.265227,-0.047861,0.111566,-0.082613,0.066374,-0.225584,0.067096,-0.016741,0.036105,0.120783,-0.351173,0.051432,0.258586,0.060372,0.173765,-0.328518,-0.025671,-0.164483,-0.047549,0.032471,-0.048565,-0.075947,0.232282,-0.400555,0.016269,0.049087,-0.036448,0.048894,0.320457,0.15743,0.11031,-0.149681,0.029742,-0.036996,-0.079058,0.04554,0.158611,-0.107317,-0.336128,0.127602,-0.178328,0.026536,-0.065626,-0.108309,-0.282107,-0.202528,0.0,-0.101789,-0.130549,0.381117,0.117324,-0.304826,0.202527,0.149019,-0.06817,0.11931,0.288204,-0.240736,-0.123889,-0.107782,-0.249671,-0.026246,0.020442,0.041843,-0.078393,0.179606,-0.118008,0.061503,0.210832,-0.217247,0.010575,0.034013,0.161997,-0.017353,0.153815,0.03416,0.063036,-0.088308,-0.269751,0.003867,0.071254,-0.145355,-0.001408,0.330226,0.070177,0.008254,0.396069,0.140637,-0.246355,-0.008677,-0.135144,0.0,-0.02985,-0.067286,-0.333802,-0.016197,-0.099165,-0.224164,-0.067626,0.110519,0.33714,-0.208803,0.150931,-0.178591,-0.379384,0.167231,0.077729,0.185672,-0.189793,-0.036976,-0.107855,-0.136826,0.077868,0.176596,-0.030407,0.166562,0.170359,-0.419736,-0.007348,-0.029374,0.162314,0.028114,0.186958,-0.316524,-0.220225,-0.292005,0.191516,0.197354,-0.070531,0.139458,-0.252939,-0.277746,0.102427,-0.106499,0.411229,0.119185,-0.208447,0.14435,-0.102952,-0.341266,0.028082,-0.020648,-0.012023,0.092925,0.080767,-0.220913,0.02849,0.00236,0.012803,-0.133217,0.033402,0.03137,0.078048,-0.227045,-0.103751,-0.016201,-0.037136,0.272654,-0.167437,-0.332591,-0.367653,-0.019199,0.448284,0.187078,-0.404589,0.06347,0.094247,-0.545726,0.022027,-0.160069,-0.173494,0.064359,0.123782,0.117382,0.225798,0.368168,-0.132059,-0.150862,0.031038,-0.419852,#
7,-0.152936,-0.180844,0.217589,0.225164,0.171547,0.166077,0.18693,1.0,-0.180741,-0.165714,0.146238,-0.293969,-0.152397,-0.180174,-0.11317,-0.270805,-0.152944,-0.270916,-0.267878,-0.088624,0.189575,0.16043,0.159292,0.223464,-0.102004,0.278019,0.124278,0.143823,0.11242,-0.139883,0.171313,-0.201885,-0.100217,0.372056,0.188252,-0.127228,0.235779,0.222626,-0.114647,-0.229155,0.290901,0.281669,0.130237,-0.238307,-0.113162,0.000974,0.18614,0.052142,0.062512,-0.269075,-0.534709,0.164765,-0.100845,0.04889,0.058034,-0.194834,-0.271224,0.035925,0.112637,0.088794,-0.146846,-0.12012,-0.394678,0.078588,0.143162,0.125824,0.0,0.106027,-0.017487,0.130865,-0.319706,0.142955,0.473033,0.265818,-0.180807,-0.103609,0.552771,0.213648,-0.13985,0.225613,-0.152845,0.189103,-0.166384,0.22384,-0.166574,0.22959,-0.296307,0.22384,0.21185,-0.139993,0.164963,-0.139967,-0.127086,-0.127223,0.189103,0.413851,0.179109,0.246915,0.22384,0.259163,0.042628,-0.127142,0.22789,-0.089054,0.221859,-0.13964,0.213992,0.174277,-0.101798,0.242185,0.071629,0.0,-0.127224,0.338229,0.247182,0.330876,-0.180716,-0.266042,-0.139371,0.244399,-0.075279,-0.152909,0.139898,-0.195962,-0.520191,0.206587,0.210185,0.151689,0.122503,0.475381,0.13291,0.425284,0.151493,-0.222788,0.174114,0.475381,-0.041667,-0.152934,0.132659,0.166434,-0.060193,0.125644,-0.126668,0.141776,0.180459,0.141151,-0.180522,-0.17793,0.117619,-0.088845,0.146887,0.227527,-0.089052,0.49124,0.188756,-0.114377,0.150483,-0.222193,0.155875,-0.127224,0.175827,-0.060166,0.195787,0.227769,0.242828,0.190926,-0.114402,-0.263274,-0.101822,-0.12726,-0.217701,0.194701,-0.102012,0.144115,-0.240728,0.192406,-0.075346,0.201781,-0.264814,0.132791,-0.240625,0.13041,0.171396,-0.39862,-0.331573,0.172132,-0.218348,0.170936,0.273345,-0.170716,0.221859,-0.259103,-0.289026,0.208335,0.168904,0.321239,0.150715,0.201864,-0.296666,-0.114168,#
8,0.333154,0.165498,0.537493,-0.216965,0.113335,0.57562,0.013221,-0.180741,1.0,0.110502,-0.139861,0.45612,-0.148324,0.530004,-0.0953,-0.002318,0.002066,0.284293,0.188199,0.044463,-0.445037,-0.421182,0.258888,-0.61182,0.348421,-0.303446,0.21009,0.082175,0.192631,0.271035,-0.545848,0.253198,-0.434719,-0.12749,-0.182578,0.34283,0.051411,-0.367339,0.056309,-0.030718,-0.082616,0.093782,-0.183205,-0.103885,0.062629,0.04933,0.539279,0.250095,-0.051738,0.349476,0.129217,0.069388,-0.03828,0.035856,-0.170908,0.444971,-0.179481,0.328608,-0.291695,0.347572,0.011589,0.296164,0.046614,-0.067233,-0.216892,0.245066,0.0,0.506604,0.216367,-0.010697,0.303845,0.05944,-0.160768,-0.058337,-0.32948,0.104208,-0.326972,-0.297249,0.047765,-0.070869,-0.164096,-0.364996,-0.077395,0.271609,0.086991,0.085804,-0.480587,-0.071771,-0.158065,-0.07946,-0.034902,-0.082577,-0.221031,0.156438,-0.355649,-0.227565,0.218809,-0.339965,0.096679,-0.427167,-0.07774,-0.188497,-0.086465,0.02861,-0.38355,-0.140382,0.186086,-0.001239,-0.071825,-0.149283,0.040688,0.0,-0.025356,-0.011784,-0.168993,-0.361075,-0.156223,-0.263325,0.275989,-0.162724,-0.094128,-0.193451,-0.170208,-0.39088,0.057313,0.030267,-0.153264,-0.092033,-0.496136,-0.180575,0.062332,0.150617,-0.430608,0.142455,-0.403077,-0.188804,0.205182,0.15947,0.34146,-0.183663,0.017655,-0.140564,-0.033224,-0.384462,-0.136943,-0.466633,0.344019,0.37625,-0.210672,0.038007,0.016821,-0.264846,0.254378,0.054954,0.021613,-0.139485,0.297001,0.293958,-0.111696,0.15108,-0.411699,-0.260988,0.124354,0.266276,0.164877,-0.133821,-0.130736,-0.242757,-0.059142,-0.361075,0.2747,0.231941,0.362064,-0.220002,0.19138,-0.21472,-0.089179,0.284543,0.270472,-0.386535,0.358785,0.138312,-0.079299,-0.031793,0.18912,0.149982,0.425496,-0.050515,-0.563134,0.474606,-0.233804,-0.041644,0.22431,0.203136,-0.392876,0.046033,0.141921,-0.424474,0.053248,0.275121,#
9,0.063512,0.263672,-0.21637,0.339607,0.200196,0.040678,0.280235,-0.165714,0.110502,1.0,-0.069224,0.024624,0.461116,0.111317,-0.040763,0.462026,0.027126,0.071159,-0.028862,0.072546,0.215528,0.128298,0.198183,-0.372546,0.003172,-0.25759,-0.042324,-0.307985,-0.058189,0.131684,-0.260177,-0.086439,0.268889,-0.059495,0.134961,0.030256,-0.043485,-0.443072,-0.126237,0.232162,-0.13732,0.046071,0.093561,-0.25102,0.186237,0.111603,-0.022319,-0.001738,-0.052842,0.109343,0.093483,-0.301959,0.190218,-0.102445,-0.215844,0.300135,-0.239415,0.308403,0.021619,-0.08369,-0.245234,0.232554,0.186514,0.370666,-0.442026,0.142439,0.0,-0.06848,0.146921,0.007354,-0.055204,-0.406973,-0.120819,-0.185495,-0.088762,-0.246578,-0.038928,0.083032,-0.015012,-0.129206,-0.109386,-0.272329,-0.03037,-0.163345,-0.029281,-0.179855,0.162758,0.02026,-0.039477,0.17502,-0.258759,-0.237856,0.18218,-0.134132,-0.218765,-0.18331,-0.315952,-0.069548,-0.502623,-0.03511,-0.109268,0.044958,0.052388,0.106041,-0.120305,0.08241,-0.004174,-0.053999,-0.225531,-0.099826,-0.149959,0.0,-0.171437,-0.144591,-0.230964,0.006098,-0.060208,-0.067096,0.170026,-0.058916,0.221641,0.037444,-0.230652,-0.309869,-0.214072,0.285423,-0.39003,-0.165781,0.169081,0.105601,-0.350382,0.000692,0.034592,0.34624,-0.109835,0.105601,-0.165714,-0.450644,0.010045,-0.084275,-0.239395,-0.170637,0.218731,-0.089071,-0.036815,0.087749,0.073081,0.172779,-0.243221,-0.129737,-0.296861,-0.189472,-0.35417,-0.147885,0.133743,0.131536,-0.012909,0.355003,-0.175564,-0.126831,0.037199,0.08196,-0.132671,0.199309,-0.232758,-0.18508,-0.084705,0.080305,-0.041482,0.196354,0.195309,-0.092766,0.239948,-0.089039,0.165074,-0.117006,-0.299662,-0.111521,-0.269458,-0.414791,0.148403,-0.274405,0.051424,0.366629,-0.072786,-0.092633,0.133352,-0.247512,-0.037111,-0.08078,-0.330476,0.235842,0.166928,0.045746,0.241855,0.192679,0.085088,-0.060637,-0.004899,0.109796,#
10,-0.303363,-0.147209,-0.065365,-0.309906,-0.13904,0.235444,-0.002803,0.146238,-0.139861,-0.069224,1.0,0.392905,-0.427447,-0.486663,-0.227838,0.030798,0.399797,-0.32602,0.006351,-0.416377,0.288725,0.262173,0.12753,0.308984,-0.026012,0.18514,-0.27531,-0.048793,0.339077,0.189262,-0.213999,-0.052529,-0.402413,-0.023523,0.513393,0.102049,-0.021452,0.0241,0.26781,0.252548,-0.162708,-0.023687,0.189799,-0.017843,-0.32997,0.574981,-0.206851,-0.316219,0.312987,-0.039837,0.047973,-0.15983,-0.204675,-0.140319,0.498532,-0.004216,-0.264046,-0.026893,-0.16254,-0.169642,0.381985,-0.452226,0.077053,0.207871,0.242512,-0.1599,0.0,-0.33103,-0.048822,-0.338877,-0.137722,0.040142,0.114645,-0.431568,-0.027126,0.462174,0.014029,0.09735,-0.049707,-0.289658,-0.338619,-0.020583,-0.249174,0.057656,-0.03881,-0.161431,-0.152228,0.094854,-0.263616,0.009136,0.140873,-0.054801,-0.106018,-0.136167,-0.007579,-0.021398,-0.291209,-0.041664,-0.240669,-0.090612,0.280112,0.32544,-0.304819,-0.426621,-0.062642,-0.05423,-0.069788,0.139639,-0.117025,0.64192,-0.469592,0.0,-0.131019,-0.141744,-0.129297,0.055222,-0.201962,-0.006735,-0.220405,0.480521,-0.221469,0.023151,-0.277326,0.031635,0.074038,-0.187278,0.102839,-0.105598,-0.08487,0.108956,0.131514,-0.238024,0.035537,-0.089493,-0.067391,0.108956,-0.269212,-0.335669,-0.095628,-0.215752,-0.184853,0.225777,0.122291,0.162095,-0.126885,-0.042973,0.190662,-0.29307,0.008918,-0.364649,0.057004,-0.086095,-0.20165,-0.194791,-0.329533,-0.348972,-0.08201,-0.283576,-0.143187,-0.067902,0.178957,0.234477,-0.49628,-0.425904,-0.369898,-0.218773,-0.234629,-0.032363,-0.287499,0.11694,0.07447,-0.276246,-0.014684,-0.482477,0.270574,-0.36572,-0.319806,0.272669,-0.143159,0.261121,-0.207241,0.136594,0.263499,0.286168,0.017148,-0.221473,0.013292,-0.065902,0.507174,0.059151,-0.305511,0.566363,-0.085514,-0.287737,0.012444,0.150293,0.368058,-0.311254,-0.337312,-0.181656,#
11,-0.026487,-0.075124,0.349025,-0.059305,0.093137,0.296973,-0.109469,-0.293969,0.45612,0.024624,0.392905,1.0,-0.344062,-0.044504,-0.070507,0.064944,0.356027,-0.152052,0.049709,-0.008725,-0.230441,-0.213225,0.043328,-0.022046,0.145365,0.070037,-0.255128,0.134269,0.396,0.32083,-0.38397,0.257503,-0.707059,-0.077431,-0.066542,0.264128,-0.186477,-0.128925,0.414435,0.305146,-0.109549,-0.166769,-0.051334,-0.123598,-0.003782,0.379216,0.054231,-0.26168,0.232352,0.377235,0.327372,0.029994,-0.287225,0.021038,-0.001766,0.1953,-0.375849,-0.008389,-0.246591,-0.23388,-0.015394,0.024075,0.31602,0.018386,0.03989,-0.0973,0.0,-0.104318,0.107239,-0.186843,0.241713,-0.004005,-0.149197,-0.169891,-0.134727,0.181109,-0.531811,0.007833,0.042518,-0.37394,-0.052583,-0.117842,-0.00576,0.464441,0.046555,-0.093556,-0.148323,-0.197024,-0.041711,-0.221503,-0.0203,-0.099219,-0.005647,-0.202924,-0.290173,-0.275468,-0.081832,-0.490828,-0.004973,-0.197171,-0.068857,0.091754,-0.265216,-0.034305,-0.348481,0.224768,-0.184799,-0.01984,-0.162114,0.059528,-0.474023,0.0,-0.197118,-0.002376,-0.425455,0.019627,0.02903,-0.227598,0.089044,0.048693,-0.284085,0.10411,-0.251643,-0.063923,0.275298,0.03298,-0.196757,-0.348063,-0.343806,-0.387523,-0.046318,-0.29334,-0.105313,0.252191,-0.217831,-0.177606,0.11622,-0.073659,0.12576,-0.175984,0.081479,0.236501,0.055004,-0.218082,-0.261703,-0.250934,0.458944,-0.011609,0.042609,-0.411476,-0.019571,-0.030698,-0.021481,-0.006241,-0.283841,-0.237866,0.130618,-0.215046,0.068888,0.066357,-0.025465,-0.100834,-0.112356,-0.359661,-0.138367,-0.370196,-0.068946,-0.174319,0.069141,0.083104,0.130256,-0.149534,-0.068971,-0.479511,0.285012,-0.318771,-0.35982,0.104662,0.026654,-0.205563,-0.015294,0.065945,0.233575,0.25017,0.213925,-0.003008,0.305932,-0.201967,-0.20036,0.09366,-0.422731,0.424857,-0.095506,-0.032838,-0.071293,0.025023,0.559725,-0.336913,-0.13819,0.412603,#
12,-0.039416,0.356343,-0.274638,0.126596,0.007081,-0.377643,-0.002254,-0.152397,-0.148324,0.461116,-0.427447,-0.344062,1.0,0.130406,0.147977,0.381975,-0.559396,0.183818,0.045999,0.104597,0.277391,0.252891,0.071402,-0.063131,-0.162971,-0.194657,0.247283,0.040568,-0.046473,0.015788,0.027118,0.005941,0.379891,-0.215427,-0.109083,-0.272872,0.08892,-0.378824,-0.236647,0.148024,0.023774,0.266193,0.189317,0.312984,0.183412,-0.306374,0.038866,0.157836,-0.24669,-0.270089,0.024055,-0.050089,0.218605,-0.081286,-0.252258,-0.041547,-0.117466,0.224904,0.005505,0.023697,-0.04088,0.08276,-0.282679,0.056074,-0.031898,0.409522,0.0,0.209743,0.310435,-0.062469,-0.293497,-0.01927,-0.090304,0.198749,0.028891,-0.395003,-0.073276,-0.14848,-0.151967,-0.06664,0.09398,-0.355257,0.216623,-0.223835,0.084096,-0.426085,0.321411,0.10339,-0.147915,0.233276,-0.115465,-0.368996,-0.116717,-0.090211,0.002717,0.233607,-0.092087,-0.00505,-0.255017,0.037307,-0.164415,-0.096949,0.08814,0.138538,0.123065,-0.006553,-0.132318,0.054125,-0.198659,-0.298473,0.300456,0.0,-0.270335,0.05673,0.010263,-0.081609,0.147387,0.077633,-0.158877,-0.118699,-0.027993,-0.035136,-0.109449,-0.22959,-0.296148,0.241685,-0.311476,-0.182862,0.094357,-0.089267,-0.52357,-0.184032,0.010101,-0.041386,-0.149803,-0.089267,-0.152397,-0.071301,0.18121,0.025358,-0.220157,0.036383,-0.097331,-0.174373,-0.037645,0.086113,-0.313434,0.317002,-0.459672,0.095824,-0.054854,-0.072957,-0.325709,-0.117646,-0.266696,0.123474,0.125658,0.119377,-0.203191,-0.270335,-0.164473,-0.22006,0.132798,0.109324,-0.211687,0.073554,-0.051541,-0.012441,0.017968,-0.081609,-0.208539,0.104392,0.057169,0.07237,0.254938,-0.022911,-0.065463,-0.206748,0.004464,-0.150608,0.288701,-0.198169,-0.168816,0.191612,0.251056,0.022779,-0.019535,0.032813,-0.045287,0.186185,-0.082218,0.067954,0.318619,0.110435,-0.024161,0.058277,-0.082005,0.164145,0.13222,-0.018202,#
13,0.34345,0.351334,0.056737,-0.192157,-0.011908,0.090198,-0.203741,-0.180174,0.530004,0.111317,-0.486663,-0.044504,0.130406,1.0,0.257763,-0.041262,0.014078,0.295984,-0.174664,0.286725,-0.333625,-0.173915,0.025253,-0.528696,0.149134,-0.027818,0.209468,-0.164606,0.047996,0.265784,-0.373539,0.075105,0.051755,-0.289863,-0.229179,0.170761,0.006003,-0.2554,0.06613,-0.242686,0.016364,0.045749,-0.378786,0.101633,0.226083,-0.345228,0.680558,0.233759,-0.312801,0.211275,-0.169715,0.079384,-0.084292,0.180699,-0.440511,0.339892,0.170332,0.218127,0.22527,0.310687,-0.251542,0.326052,-0.034321,-0.151916,-0.246274,0.29823,0.0,0.475443,0.374052,0.041265,-0.037741,0.141084,-0.15619,0.24848,-0.298217,-0.232627,-0.129119,0.002236,-0.27245,0.247007,0.145148,-0.369932,0.06633,-0.035581,0.123455,0.084642,-0.13565,-0.252575,-0.16153,-0.256034,-0.176052,0.066142,-0.211055,0.359893,-0.367013,-0.069401,0.216999,-0.194019,0.266895,-0.264903,-0.142117,-0.012924,-0.090116,-0.170238,-0.200862,-0.150701,0.007432,-0.185179,0.10395,-0.316081,0.392685,0.0,-0.181062,0.143854,0.019885,-0.356495,-0.162186,-0.011089,0.291026,-0.615992,-0.085011,-0.161471,-0.005114,-0.227853,0.16284,-0.107932,-0.309471,-0.000864,-0.29235,-0.176294,-0.061592,0.160849,-0.600367,-0.068839,-0.225114,-0.385091,-0.180174,0.15528,0.307682,-0.031703,-0.260285,-0.495169,-0.042616,-0.191213,-0.097026,-0.415764,0.03234,0.511957,0.009597,0.454684,0.015358,-0.098811,-0.163821,0.062743,0.023155,0.032256,0.495734,0.393776,-0.066489,-0.001993,-0.553963,-0.260169,0.273877,0.611471,0.163798,0.182805,0.031384,-0.06338,-0.060697,-0.356495,0.092108,0.111114,0.152256,0.144194,0.167235,-0.045511,0.119704,-0.194849,0.269104,-0.305015,0.55875,0.123461,-0.437302,-0.196207,0.364914,-0.017649,0.325167,0.128503,-0.565486,0.335836,-0.069242,-0.195518,0.389665,0.161883,-0.028159,-0.281353,-0.367727,-0.104249,0.242718,0.28817,#
14,0.4291,0.114402,-0.252056,-0.214915,-0.03198,-0.171078,0.014886,-0.11317,-0.0953,-0.040763,-0.227838,-0.070507,0.147977,0.257763,1.0,0.014816,-0.015615,-0.14398,-0.267745,-0.047968,-0.254562,-0.160009,-0.145553,-0.139751,-0.020395,-0.009009,0.130855,-0.272248,-0.005462,-0.159747,-0.19811,0.315957,0.131596,-0.154572,-0.065046,-0.128195,-0.055687,0.056281,-0.088245,-0.096854,0.300344,-0.137433,-0.429247,-0.073563,0.63839,-0.477067,0.386694,-0.1313,-0.015237,-0.225225,-0.529798,0.133614,-0.273903,-0.134551,-0.127007,0.15275,0.002958,-0.459923,-0.061871,0.029506,0.159123,0.315044,0.040819,-0.24007,0.150837,-0.053637,0.0,-0.124973,0.034676,-0.201971,0.15322,0.16582,-0.241927,0.277189,0.249673,-0.234351,0.042529,-0.098835,-0.233618,0.414252,0.105968,-0.132667,0.076682,-0.204308,-0.038916,0.142424,0.142633,-0.171725,0.119065,-0.380232,0.029316,-0.065397,-0.194578,0.260946,0.081844,0.189937,0.244119,-0.011589,-0.151992,0.067706,-0.180759,-0.345329,-0.034362,0.211547,-0.124109,-0.053784,-0.0757,-0.066694,0.326935,-0.194379,0.468847,0.0,-0.198466,0.201052,-0.271691,-0.200877,0.207021,0.2034,0.024085,-0.355342,-0.204465,-0.052542,-0.100348,0.175764,0.181077,0.027217,-0.276335,0.225632,-0.093847,-0.241882,-0.140026,-0.276844,-0.248124,-0.357848,0.196909,-0.241882,-0.11317,-0.100301,0.007833,0.000919,0.08826,-0.160761,-0.11569,-0.203235,-0.145039,-0.137334,0.079375,0.12599,0.238096,-0.002861,0.10832,0.221982,-0.052869,-0.05829,0.017177,-0.108055,0.310343,-0.089838,-0.220889,-0.34555,-0.583331,-0.163417,0.093376,-0.118167,0.006558,0.091601,0.040551,0.333349,0.133305,-0.345648,-0.097931,-0.012149,-0.03187,0.100077,0.008399,0.08756,0.258061,-0.265978,0.251971,0.038522,-0.080767,0.28951,-0.218858,0.058842,0.159587,-0.004571,0.345041,0.1902,0.021403,-0.096705,-0.021796,-0.137003,0.220108,0.143146,0.25067,-0.103545,-0.246662,0.306055,-0.042753,0.148186,#
15,-0.153361,0.00147,-0.205544,0.058138,-0.001364,-0.056107,0.197581,-0.270805,-0.002318,0.462026,0.030798,0.064944,0.381975,-0.041262,0.014816,1.0,0.045262,0.100168,-0.070156,-0.14792,-0.016281,-0.037379,0.046221,-0.252641,-0.234995,-0.335061,-0.334284,-0.157686,-0.078672,0.178972,-0.22881,0.020702,0.16314,-0.171802,-0.081981,-0.264887,-0.101583,-0.148064,0.241556,0.322664,-0.224858,-0.103647,0.098088,0.039055,0.107678,0.18221,-0.071858,-0.202706,-0.000619,-0.000934,0.263087,-0.040329,0.364428,-0.226502,-0.047841,0.3469,-0.048732,0.164581,0.17385,0.060841,-0.12757,0.260727,0.027627,-0.001967,-0.172378,-0.131066,0.0,-0.050835,0.168023,-0.410097,0.241522,-0.024456,-0.343794,-0.116819,-0.002592,-0.275917,-0.035166,-0.091568,-0.195106,0.013389,0.01277,-0.012933,0.252321,0.064293,0.278829,0.003374,0.35339,0.368128,-0.087854,0.19573,0.149551,-0.217527,0.086379,-0.078227,-0.171785,-0.273062,0.037581,0.130854,-0.14239,-0.110379,-0.129091,0.301121,0.022618,0.096527,0.060197,-0.04506,-0.240996,0.343559,-0.082172,0.187739,-0.27387,0.0,-0.08057,-0.121754,-0.007035,-0.252225,0.120795,0.090273,-0.050159,0.039257,0.267048,0.038732,0.070269,-0.139837,-0.046601,0.282762,-0.061196,0.107373,-0.135101,-0.115703,-0.210566,-0.261945,0.053841,0.034684,-0.075533,0.090117,0.13138,-0.169365,0.163064,-0.072668,-0.100708,0.148452,0.299708,0.047137,-0.09399,-0.010831,0.327072,-0.190143,-0.194295,0.053836,0.049255,0.004054,-0.360676,-0.370788,-0.143596,0.192283,-0.119402,-0.055127,-0.322028,0.1033,-0.213473,-0.079922,-0.198523,-0.110638,-0.046832,-0.324629,-0.377218,0.022568,-0.032209,0.123656,-0.193751,-0.258376,0.187255,0.044554,0.216431,-0.026499,-0.279908,0.138642,-0.10117,-0.027678,-0.107029,-0.536733,0.185098,0.475079,-0.122451,-0.238394,0.220742,-0.423613,0.06491,-0.175768,-0.144766,0.331414,0.361619,0.040238,0.284148,0.065913,0.090364,-0.14632,-0.176424,-0.174097,#
16,-0.067323,-0.352285,-0.115016,-0.210679,0.159486,-0.053482,-0.156332,-0.152944,0.002066,0.027126,0.399797,0.356027,-0.559396,0.014078,-0.015615,0.045262,1.0,-0.100251,-0.092931,-0.078277,-0.140967,-0.092695,-0.062804,-0.075663,0.040716,0.32605,-0.59535,-0.318188,0.087044,0.027478,-0.079954,-0.082286,-0.10469,-0.011414,0.310669,0.264315,-0.271584,0.133818,0.170963,-0.023613,-0.13267,-0.400406,-0.318702,-0.27632,0.13269,0.318257,0.038803,-0.404982,0.156649,0.253812,0.09472,0.002135,-0.130243,0.088107,0.030851,0.132344,0.204412,-0.153425,0.289585,-0.08346,-0.027451,-0.105114,0.213858,0.188305,-0.109025,-0.438567,0.0,-0.350819,-0.129718,-0.162591,0.279018,-0.107188,-0.326953,-0.431062,0.023355,0.12555,-0.007686,0.233359,-0.315177,0.266885,-0.027901,0.348276,-0.091125,0.13801,0.078372,0.103971,-0.190106,-0.050996,0.234728,0.03863,0.06493,0.225679,0.131199,-0.083015,-0.328116,-0.374516,-0.050343,-0.16667,-0.041724,-0.07725,0.146355,0.305201,-0.372236,-0.326885,-0.188684,0.018239,-0.087397,-0.087676,0.020607,0.333008,-0.433685,0.0,0.10963,-0.093256,-0.136316,0.100432,-0.145288,-0.109456,0.376985,0.036585,0.008127,0.159311,0.128776,0.128805,0.28665,0.060559,-0.255306,-0.147284,0.134232,-0.085176,0.423186,0.069345,0.011128,0.225072,-0.134435,-0.085176,-0.152944,-0.204854,-0.240092,0.068699,-0.220947,-0.070372,0.2845,0.245298,-0.245553,0.047641,0.507527,-0.446236,0.363165,-0.326118,0.047639,0.100011,-0.326878,-0.086964,0.096503,-0.199424,0.065908,0.038011,-0.147655,0.298278,0.108318,0.110425,-0.150373,-0.038075,-0.132146,-0.078416,0.160502,0.105248,-0.15423,0.289618,0.346647,-0.268322,0.057297,0.11452,-0.058574,0.002512,-0.27657,0.065373,-0.128397,0.132453,-0.240457,0.013978,0.126544,-0.038612,-0.045418,-0.191841,0.055804,-0.120801,0.173588,-0.32311,-0.028963,0.216123,-0.0236,-0.334836,0.069315,-0.104963,0.285477,-0.02869,-0.164574,0.158071,#
17,0.054202,0.143295,0.085489,0.045585,-0.005302,-0.121607,0.037163,-0.270916,0.284293,0.071159,-0.32602,-0.152052,0.183818,0.295984,-0.14398,0.100168,-0.100251,1.0,0.322695,-0.171069,0.036456,-0.175802,0.042131,-0.284402,0.153245,-0.03225,-0.098701,-0.089945,-0.074841,0.174585,0.152704,0.038058,0.228735,0.046837,-0.03526,0.113734,-0.125008,-0.026183,0.021798,-0.199459,-0.099534,-0.122949,-0.117466,0.080938,0.017228,-0.196512,0.091634,0.260779,-0.166247,-0.051636,0.229745,0.0146,0.188306,0.052596,-0.020965,-0.007114,0.36273,0.354526,0.169661,0.064312,0.04935,-0.156514,0.017542,-0.196438,-0.179682,0.108286,0.0,0.115501,0.098124,0.037963,0.047369,-0.18269,-0.35072,0.136969,0.180642,0.142255,0.030239,-0.198494,0.124946,0.082758,-0.145725,0.02909,-0.088584,-0.155395,0.636433,0.050032,0.050708,0.198835,-0.083515,0.181884,-0.073634,0.175674,-0.109165,0.286012,-0.138347,-0.236052,0.032506,-0.143088,0.192276,0.090312,0.039953,-0.066531,0.19056,0.094729,-0.090331,0.129965,-0.0671,0.155676,-0.243997,-0.303294,0.062127,0.0,0.302022,0.105195,-0.028084,-0.054102,0.155187,0.329724,0.173491,-0.001195,0.035967,0.203418,-0.100259,0.076425,0.188755,0.272741,0.086294,0.06739,-0.26226,0.105649,0.177021,0.130616,-0.298982,0.397899,-0.210813,0.105649,0.136109,0.18845,0.250118,-0.044329,-0.097373,0.101426,0.133875,-0.200449,0.265996,-0.363772,0.014684,0.157574,0.1004,0.097182,0.096978,-0.128258,0.078484,-0.164321,0.08104,0.022793,0.066004,0.550682,0.006366,0.284239,-0.040086,-0.064752,-0.023845,0.381697,0.1192,-0.098945,0.049189,0.083864,0.129848,0.139233,0.201981,-0.102495,0.151341,0.100105,-0.110652,0.342974,0.015694,0.175087,0.281155,-0.16261,0.417987,-0.129447,-0.108909,0.062823,-0.077224,0.295768,0.248051,0.134106,-0.386738,0.312519,0.207824,-0.172419,0.208035,-0.317428,-0.060537,0.086251,-0.091417,-0.034349,0.561606,-0.156747,#
18,-0.102644,-0.099873,0.114354,-0.191235,-0.095733,0.02997,0.107121,-0.267878,0.188199,-0.028862,0.006351,0.049709,0.045999,-0.174664,-0.267745,-0.070156,-0.092931,0.322695,1.0,-0.141007,0.295102,0.121274,0.271894,0.016779,0.42668,0.027423,0.03339,0.370383,-0.196334,0.238691,0.11636,-0.150601,-0.025752,0.128174,0.008104,0.342419,-0.366729,-0.226066,-0.14102,-0.154498,-0.044498,-0.225547,0.373668,0.130549,-0.133302,0.032287,-0.197441,-0.095539,0.037846,-0.086943,0.459717,0.177227,-0.047792,-0.114786,0.020676,0.171056,0.095994,-0.016289,-0.28134,-0.036772,0.301092,-0.297889,-0.051994,0.017,0.14566,0.209805,0.0,-0.003337,-0.247652,0.253121,0.221943,-0.198452,-0.317772,0.054298,0.114222,0.476122,-0.057372,-0.397697,0.099632,-0.123904,0.026988,0.111874,-0.300298,0.048408,0.084675,-0.187492,0.022935,-0.154737,0.222234,0.524023,-0.056728,0.281749,-0.147321,0.049244,0.118662,-0.271661,-0.00793,0.102194,-0.297467,-0.148148,0.292506,0.146788,-0.030896,0.249387,0.076787,0.107059,0.226126,0.079531,0.126646,0.023957,-0.051392,0.0,0.195039,0.045125,-0.354179,0.100982,0.088838,0.093209,0.184167,0.124129,-0.054906,-0.182626,-0.13224,-0.189575,0.068218,-0.241734,0.060827,-0.299168,-0.069767,0.072881,0.012221,-0.060978,0.189549,0.176655,-0.443018,0.029717,0.0695,-0.016937,-0.190642,-0.274853,0.100401,0.026394,-0.110998,-0.16856,-0.11739,-0.182183,-3.1e-05,0.068042,0.022103,0.087154,0.229468,-0.274076,0.263153,-0.159584,-0.149402,-0.227825,0.004192,0.166278,0.019298,0.241102,0.201033,-0.123741,-0.209397,-0.080797,0.244265,-0.201214,0.397908,-0.117659,-0.316891,0.101807,0.199562,0.362529,0.140723,-0.123691,0.317807,-0.244555,0.186099,0.069254,0.018271,0.075359,0.012129,0.221729,0.117475,-0.145244,0.174933,0.1706,-0.132225,-0.032168,-0.182644,0.078273,-0.0322,0.082226,-0.07873,-0.252258,-0.494705,0.376746,-0.003097,0.125117,0.367403,-0.103925,#
19,-0.108431,0.023446,0.184717,0.437461,0.170139,-0.18612,-0.08953,-0.088624,0.044463,0.072546,-0.416377,-0.008725,0.104597,0.286725,-0.047968,-0.14792,-0.078277,-0.171069,-0.141007,1.0,-0.382041,-0.096245,-0.093728,0.074887,-0.216959,0.035092,-0.027052,0.042595,-0.169996,-0.077554,0.067452,-0.021543,0.009049,0.294841,-0.031308,0.003383,0.043881,-0.074263,-0.243853,-0.074006,-0.169221,0.147067,-0.03383,0.121665,-0.024069,0.134654,-0.026439,-0.036968,0.043468,0.269826,0.082265,0.041272,0.219078,0.160888,-0.549495,-0.074241,0.128236,-0.111679,-0.194531,-0.178319,-0.542257,0.175938,-0.13392,0.208427,-0.212161,-0.047899,0.0,-0.000794,-0.069741,0.203729,-0.022015,0.097646,0.121398,0.306167,-0.16439,-0.444984,-0.160327,0.394102,0.127951,-0.174228,0.555812,-0.02972,0.256728,0.210279,-0.111094,0.219047,0.007477,-0.249954,0.182243,-0.044768,-0.176468,0.188687,0.402083,-0.025507,-0.270456,-0.217015,0.109425,0.049488,-0.008927,0.037218,-0.419733,-0.041773,-0.02704,0.113924,-0.211264,0.124658,-0.019133,-0.269682,0.064957,-0.162723,0.32734,0.0,0.239802,0.239802,-0.004044,0.231701,0.251556,-0.335135,0.165062,-0.161569,0.166396,0.077683,0.231436,-0.197487,0.008678,-0.044534,-0.062868,-0.180874,0.179478,-0.189419,-0.030372,0.295293,0.080556,0.215152,0.051553,-0.189419,-0.088624,0.337879,-0.330236,0.291897,0.288065,-0.064336,-0.058065,-0.040207,0.111697,0.230277,-0.139715,-0.014386,-0.289804,0.108801,-0.170615,-0.247972,0.122976,0.677375,0.339395,0.214085,-0.128141,0.151252,0.267374,-0.0033,0.234521,-0.127972,0.356082,0.203193,0.248235,0.088405,0.299484,0.014626,0.290939,-0.007579,-0.263245,0.174461,-0.216976,0.239892,0.085531,0.141738,0.180292,-0.366307,-0.432497,-0.25297,0.089335,-0.021031,0.079337,-0.122233,-0.031646,0.075824,-0.365426,0.083581,-0.348839,-0.237723,0.207315,-0.367597,-0.240635,-0.088376,-0.115867,-0.351987,-0.263235,0.048607,0.267374,0.282453,#
20,-0.190763,0.27158,-0.3353,0.041938,-0.00306,-0.117219,0.265227,0.189575,-0.445037,0.215528,0.288725,-0.230441,0.277391,-0.333625,-0.254562,-0.016281,-0.140967,0.036456,0.295102,-0.382041,1.0,0.604896,0.343743,0.356786,0.204851,0.122153,0.071769,0.043414,0.125695,0.306641,0.08845,-0.302605,0.313698,-0.134185,0.164222,-0.071826,-0.093787,-0.227712,0.143631,0.096872,0.273568,0.130346,0.544702,-0.034527,-0.203379,0.002897,-0.392945,0.001565,0.015238,-0.307079,0.108202,-0.2648,-0.056168,-0.042803,0.031336,-0.160536,-0.173206,0.267073,0.084921,0.014942,0.205956,-0.485235,-0.098464,0.150859,0.041496,0.302716,0.0,0.00074,0.059828,0.319085,-0.439166,-0.171519,0.355887,-0.026995,-0.05886,0.273867,0.276232,-0.079613,-0.179735,-0.148114,-0.3529,-0.183402,-0.234778,-0.220923,-0.006847,-0.540285,0.280777,-0.181296,-0.038755,0.149066,-0.169041,-0.125745,-0.121117,-0.18177,0.066032,0.254666,-0.418553,0.011432,-0.251057,0.039886,0.452069,0.263717,-0.100344,-0.129484,0.520984,-0.072918,0.069868,-0.100463,-0.278915,0.107088,-0.126496,0.0,-0.308346,-0.113329,-0.014222,0.087865,-0.184889,0.082936,-0.178528,0.125074,0.022395,-0.187095,-0.286104,-0.19915,-0.198269,-0.144216,0.055765,-0.082679,0.032213,0.149821,-0.293576,-0.223817,0.162523,0.067404,-0.11046,0.149821,-0.289895,-0.524725,0.027052,-0.35835,-0.418791,0.080715,-0.093526,-0.172349,-0.169846,-0.092392,-0.287177,0.215931,-0.064571,-0.023545,-0.102116,-0.177167,-0.384272,-0.351907,-0.312771,-0.000506,-0.177468,0.116126,0.106643,-0.258905,0.39252,0.26081,-0.324827,-0.007398,-0.225043,0.060367,0.007361,-0.187374,-0.376137,0.279365,0.126573,0.030875,-0.086998,-0.16946,0.183836,-0.410993,-0.293353,-0.033648,-0.113441,-0.068073,0.031739,-0.133489,0.085179,0.120557,0.126022,-0.109686,-0.369666,-0.05901,0.364831,0.090101,-0.186901,0.42191,0.030212,-0.081763,0.112601,0.44225,0.089077,0.036512,0.06614,-0.178395,#
