0,1.0,0.060315,-0.266656,0.169957,0.372746,0.276222,-0.012902,0.075397,-0.589086,-0.055364,0.10843,0.126399,0.431591,0.144536,0.088446,0.060446,-0.010292,-0.267114,-0.066444,-0.087172,0.075641,0.465961,0.089884,-0.11093,0.024542,-0.037995,-0.137904,-0.316864,0.357013,-0.233602,0.148283,-0.225157,0.030392,-0.267739,-0.197074,-0.056437,-0.027081,-0.05218,-0.017746,-0.414722,0.014376,0.209071,-0.032685,0.203745,-0.37635,0.178601,0.112808,0.011592,-0.288556,-0.196952,0.071923,-0.015109,0.015962,-0.115074,0.193294,0.073444,-0.252177,0.258371,0.298486,0.176761,0.45594,0.265465,-0.141953,-0.109629,0.046553,0.023862,-0.16965,0.229456,0.034187,-0.412519,-0.025029,-0.006852,-0.408104,0.015661,-0.691381,0.422165,-0.004836,-0.125084,-0.512477,-0.001558,-0.166731,-0.174562,0.186525,0.016147,-0.026055,-0.156466,0.208345,0.044756,-0.115463,-0.416206,0.033769,-0.374863,-0.025792,-0.214474,0.061024,0.006793,-0.138217,-0.115783,-0.212229,0.334185,0.147391,-0.177234,-0.111777,-0.187614,0.075861,-0.183167,-0.076229,-0.103182,-0.225113,-0.116264,-0.048678,0.068817,-0.12465,-0.113225,0.023049,0.107241,-0.243687,-0.161175,-0.109862,0.056539,-0.261313,-0.001394,0.271254,-0.406195,-0.047955,0.171541,0.115932,-0.067041,0.397077,0.386186,-0.353774,-0.156895,-0.243283,-0.082816,-0.428251,0.010711,0.051058,-0.348125,0.321945,-0.209624,-0.249536,-0.228628,0.044642,0.284172,0.034186,0.263923,-0.020903,0.057019,-0.227534,-0.295709,0.018204,-0.159934,-0.174401,0.001857,0.264743,-0.073775,0.012558,-0.016003,-0.184548,-0.490062,-0.067047,-0.445054,-0.101453,-0.110435,-0.121124,-0.039905,-0.055082,-0.03331,-0.038166,-0.255401,0.046221,0.1634,-0.154076,0.325815,0.027381,-0.125145,0.076172,-0.151914,0.054928,0.3382,0.044245,-0.322904,0.199647,0.236171,0.256528,-0.157296,0.220452,-0.098807,0.051616,0.046805,0.294448,0.202072,0.242554,-0.216362,-0.001664,-0.050121,0.033398,-0.279305,-0.025131,0.138021,#
1,0.060315,1.0,0.367038,-0.21745,-0.0481,0.210848,0.258976,0.200227,0.159166,0.220469,-0.361591,-0.107432,0.392713,0.269663,0.308512,-0.315072,0.035027,0.475546,-0.109622,0.142545,-0.358587,0.30517,0.364805,-0.144847,-0.119811,-0.401395,-0.022399,-0.246378,-0.237523,0.04733,-0.297247,0.134221,0.464649,-0.012756,-0.401747,0.558754,0.276508,-0.181834,-0.215045,-0.129132,-0.153008,0.268389,0.099316,0.140268,0.277155,-0.480607,0.060119,-0.034785,0.350539,0.252947,0.030471,-0.295106,0.029591,-0.381476,-0.174963,-0.314901,-0.214676,-0.489757,-0.041485,-0.348081,0.337352,0.335105,-0.247302,-0.131956,-0.073376,0.249052,0.031071,0.235023,0.282701,0.021341,0.165543,0.085497,-0.163006,-0.607416,-0.099574,0.310454,-0.069579,-0.536774,0.05196,-0.275068,0.130205,-0.443522,-0.303958,-0.070135,-0.297573,-0.051059,-0.206868,0.031149,-0.204002,-0.350783,-0.128774,0.038118,-0.583978,0.063538,-0.382894,-0.137729,0.200084,0.188385,0.230585,-0.12599,-0.064751,0.055386,0.033855,-0.111849,-0.136125,-0.252513,-0.350218,-0.224071,-0.542474,-0.398283,0.340276,0.542582,-0.164789,-0.043948,-0.046935,-0.205475,-0.22822,-0.544008,0.209729,-0.559174,-0.191711,-0.469847,-0.493159,-0.384566,-0.343879,-0.284408,0.177101,0.269039,0.16363,0.27959,-0.11364,-0.090082,-0.068611,-0.228748,-0.147584,-0.15016,0.103205,-0.292321,0.164434,-0.27727,-0.198332,-0.215949,-0.489411,-0.282217,0.018816,0.212657,-0.235461,0.368663,0.028009,-0.049221,-0.424199,-0.513676,0.053615,-0.283414,-0.141393,-0.362505,0.208791,0.275854,-0.200876,-0.215292,0.209132,-0.004568,0.201779,0.363186,0.149608,0.354773,-0.022086,-0.071325,-0.398987,-0.036677,-0.236305,-0.100073,-0.305763,0.098236,0.268452,0.001098,-0.054127,0.25097,0.485249,-0.641602,0.251658,-0.055172,-0.317043,-0.052457,0.017222,-0.147874,0.261098,-0.172126,-0.51287,0.270165,0.29227,0.046857,0.186439,0.514901,-0.128405,-0.06109,-0.065148,0.109963,0.504111,-0.080201,#
2,-0.266656,0.367038,1.0,0.389619,-0.366698,-0.084753,0.260555,-0.043276,0.524744,-0.06881,-0.044571,-0.279338,-0.086043,-0.024925,-0.149623,-0.416467,-0.24833,0.453534,-0.126693,0.266614,-0.071806,0.235844,0.202134,0.200691,0.233918,-0.116794,0.56382,0.340501,-0.142566,-0.022154,-0.057575,0.202809,0.031897,0.076108,0.265317,0.135382,0.428349,-0.194067,-0.116001,0.04158,0.186832,0.131021,0.161297,0.043508,0.177814,-0.3296,-0.022254,0.093955,0.330594,-0.098298,-0.318938,-0.020582,0.294397,0.046573,-0.344515,-0.045838,-0.146542,-0.404832,-0.272388,-0.035333,-0.407492,-0.204201,0.031759,0.008298,-0.059035,-0.131636,0.182155,0.073658,0.035958,0.288643,0.270646,0.138918,0.087227,-0.10872,0.36412,-0.330405,0.054574,-0.231534,0.176785,-0.260498,0.247694,0.013781,0.071569,-0.096328,0.181633,0.436424,-0.091424,-0.078665,0.1668,0.000407,0.198746,0.162438,-0.122681,-0.00172,-0.077607,0.013957,0.480989,0.478651,0.084335,-0.104312,-0.185367,0.290621,0.315522,0.068812,-0.044008,0.086745,-0.149969,-0.046346,-0.313388,-0.007888,0.448099,0.063185,0.113881,-0.016861,0.386291,-0.177296,0.043832,-0.251668,-0.03686,-0.058496,0.128119,0.044202,-0.198013,-0.157076,0.124237,-0.040067,0.147097,0.19926,0.032851,0.312519,0.521463,-0.199994,0.190732,-0.050542,0.492885,0.303429,-0.196543,0.324319,0.13481,0.022741,0.014244,-0.04297,-0.070606,-0.381036,-0.096399,0.170299,-0.141146,0.016953,0.473418,0.227509,0.029054,-0.059286,0.381864,0.055839,0.154162,0.004333,-0.04436,-0.005296,0.081479,0.36962,0.4149,0.262523,-0.065563,0.254914,-0.02848,-0.293143,0.254359,0.110381,0.244172,0.367509,-0.261706,-0.17924,-0.23297,0.201666,-0.211176,0.470175,0.1943,0.197773,0.055648,-0.469247,0.012046,0.089991,-0.299206,-0.079786,-0.348866,0.22162,-0.099729,0.114408,-0.038742,0.1147,0.335698,-0.232301,-0.016376,0.226386,-0.406152,0.39378,-0.313333,0.201666,0.343502,-0.207572,#
3,0.169957,-0.21745,0.389619,1.0,-0.140601,-0.044626,-0.171378,-0.341912,-0.078027,-0.182459,0.259465,0.117842,-0.243929,-0.158387,-0.412956,-0.030765,0.024955,0.029542,-0.102048,0.209352,0.373222,0.14588,-0.087478,0.145279,0.380308,0.230784,0.265287,0.384272,0.093029,-0.29112,0.560506,0.252082,-0.056423,-0.18187,0.359706,-0.290564,0.006752,-0.220027,-0.384955,0.021103,0.125604,-0.064231,-0.02831,-0.056121,-0.136761,0.357666,-0.124593,-0.000768,-0.13186,-0.085169,-0.090977,0.303823,0.227109,0.291172,-0.305095,0.118044,-0.124175,0.196458,0.077689,0.242774,-0.330719,-0.232581,0.100037,-0.246041,0.177535,-0.273725,0.150523,0.272252,-0.176384,-0.22919,-0.175188,0.085098,0.058281,0.325558,-0.058852,-0.291573,-0.062407,0.002062,-0.079504,0.014876,0.288332,0.465953,0.408991,0.030855,0.289482,0.171594,0.356399,-0.057082,0.105062,-0.230915,0.160437,-0.096761,0.421306,-0.276378,0.353069,0.006785,0.131518,-0.007323,-0.366965,0.15819,0.04538,0.398081,0.343282,0.179116,0.197472,0.172454,0.118004,0.068718,0.160496,0.299439,-0.13876,-0.166287,-0.027361,0.087872,0.313993,0.16326,0.069587,-0.034907,-0.168647,0.547697,0.050407,0.357082,0.394342,0.005753,0.20974,0.252421,0.079401,-0.183384,0.241646,0.426844,0.255259,-0.067757,0.25647,0.226449,0.366094,0.263983,-0.231447,0.098757,0.264308,0.444435,-0.003173,0.141433,0.290138,0.098649,0.141976,0.179207,0.081549,-0.320783,0.235145,0.205116,0.109878,0.1196,0.161916,0.526925,0.239923,0.309423,-0.336855,-0.045892,-0.106079,0.348665,-0.069612,0.016907,-0.10343,-0.173386,-0.322614,-0.542397,0.240645,0.146711,0.428697,0.129025,-0.353352,-0.009604,0.098569,0.021566,-0.655592,0.326168,0.140287,0.117363,-0.56718,0.160718,-0.403674,-0.146208,0.043164,0.016649,-0.116441,0.209462,-0.129013,0.157891,0.563674,-0.301064,0.059566,-0.260798,0.042323,-0.363824,-0.295753,0.159983,-0.430315,0.209442,0.053782,-0.207187,#
4,0.372746,-0.0481,-0.366698,-0.140601,1.0,-0.018953,-0.252198,0.338752,-0.460993,-0.040816,0.048005,-0.20348,0.368179,0.187766,0.025424,0.133324,-0.197854,-0.123445,0.163265,0.060347,-0.092044,0.01445,0.100839,-0.052883,0.118991,0.022597,-0.457129,-0.250504,-0.085569,-0.064443,0.170384,-0.18916,-0.128721,-0.126504,-0.420651,-0.058861,-0.231247,-0.061383,0.03766,-0.100228,0.108472,-0.296132,-0.122534,0.086658,-0.135725,0.061145,-0.081217,0.14921,-0.212643,-0.240006,0.292543,-0.056216,0.125821,-0.286406,0.365303,0.200636,-0.221323,0.337536,0.259834,-0.119263,0.368479,0.134399,-0.319412,0.10225,0.032702,0.426299,-0.091945,-0.072228,0.129909,0.029078,-0.164692,0.082643,-0.142724,0.120181,-0.174931,0.360097,0.232149,-0.103477,-0.025063,-0.037478,-0.139703,-0.184513,-0.03781,0.331739,-0.031132,-0.119167,0.212866,-0.019881,-0.108334,-0.124433,-0.078051,-0.186807,0.032417,-0.189426,-0.01829,0.000291,0.16222,-0.186549,0.414799,0.422126,0.074124,-0.238442,0.136261,-0.199688,-0.180397,0.112571,0.185076,-0.10912,0.025689,-0.605892,0.009918,0.029759,0.168486,0.041985,-0.27757,0.036825,-0.139975,0.067463,0.12408,0.035334,-0.10765,-0.015355,0.30626,0.040838,-0.030878,0.110536,0.442831,-0.078667,0.229559,0.358631,-0.213569,0.117057,0.08585,-0.125797,-0.375517,0.122968,-0.106771,-0.428187,0.039525,-0.032926,-0.125839,-0.116939,-0.035902,0.044746,0.185112,0.272836,-0.146928,-0.072473,-0.175767,-0.495233,-0.272215,-0.145114,-0.513669,-0.044463,-0.193746,-0.136258,0.146181,-0.0056,-0.015512,-0.418972,-0.133745,-0.162393,-0.210091,0.029953,0.343921,-0.027974,-0.147396,0.007123,-0.336125,-0.137285,-0.112233,-0.072412,0.122563,0.091701,0.21286,-0.029247,0.215209,-0.008218,0.100229,0.031512,0.00838,-0.124772,0.136334,0.046716,0.125158,-0.286355,0.201401,-0.584194,-0.212247,0.073728,-0.29801,-0.404159,0.290769,-0.197013,0.111972,-0.292943,0.228083,0.084502,-0.071452,0.098301,#
5,0.276222,0.210848,-0.084753,-0.044626,-0.018953,1.0,0.066874,-0.167717,-0.282631,-0.242371,0.264911,0.02206,-0.06563,-0.125504,0.184558,0.036778,0.508515,-0.025648,-0.246406,-0.012608,-0.031307,0.255525,0.22497,0.042404,-0.428081,-0.354677,-0.035309,-0.382885,-0.119658,-0.485691,0.143563,0.226463,0.075419,0.096179,-0.2036,0.0395,0.174718,0.0682,-0.029645,0.195696,-0.131671,0.324402,-0.045187,0.126226,0.340974,-0.030254,-0.159291,0.35982,0.19942,-0.250515,0.081139,-0.174513,-0.014699,-0.179165,0.067039,0.07779,-0.129693,0.007384,0.141134,-0.207659,0.372887,-0.078335,-0.269303,0.004246,-0.030721,0.204451,-0.239175,0.12022,0.382252,0.165703,-0.222214,0.46621,0.190952,-0.079674,-0.519305,0.101295,-0.443105,-0.144235,-0.34297,0.124775,0.353604,-0.175884,0.012058,-0.308966,0.015694,-0.136515,0.060357,-0.309353,-0.307763,-0.521301,-0.181872,-0.076587,-0.127797,-0.057467,-0.122619,-0.230693,-0.324426,-0.185467,-0.016503,0.290512,-0.063015,-0.173986,0.017889,-0.256726,0.025147,-0.440934,0.074459,0.034241,-0.441568,-0.15229,0.210362,-0.122967,-0.3177,0.066649,-0.035342,-0.23004,-0.562511,-0.225136,0.193665,-0.250832,-0.211889,-0.279198,0.003246,-0.435378,-0.185665,-0.039665,-0.293236,0.133359,0.388994,0.257526,0.011865,-0.058547,-0.051609,-0.023801,-0.207995,0.11345,-0.08472,-0.306351,0.280089,-0.371463,-0.424978,-0.035175,-0.288379,0.236788,0.118918,0.121032,-0.146547,0.144059,-0.074238,0.15542,0.068494,0.034117,-0.053012,0.10646,-0.085176,-0.296553,-0.15776,0.050272,-0.267359,-0.006263,0.383375,-0.111324,-0.046717,0.394017,-0.207561,0.407469,0.113348,-0.110991,0.097315,-0.224434,0.240072,-0.303729,-0.312487,-0.045679,-0.008388,-0.354956,-0.230106,0.019302,-0.014405,0.063651,-0.084062,-0.22927,-0.139061,0.340602,0.118267,0.049394,0.033992,0.107622,-0.241958,-0.142645,0.171589,0.139736,0.124204,-0.042087,0.125624,0.172262,0.168078,-0.063134,-0.087837,-0.264069,#
6,-0.012902,0.258976,0.260555,-0.171378,-0.252198,0.066874,1.0,0.284276,0.238796,0.32625,0.047905,-0.049566,0.266326,-0.246413,0.09046,-0.160666,-0.028751,-0.144298,-0.040858,-0.266687,-0.427299,0.320005,-0.060369,0.019148,-0.154809,-0.073349,0.3787,-0.107822,0.349567,0.006919,-0.515573,-0.016758,0.078063,0.111108,0.199293,0.478299,-0.301117,0.133575,0.163991,-0.175154,-0.179761,0.118382,-0.023488,-0.414464,-0.136502,-0.224636,-0.133539,-0.139782,0.144325,0.070214,-0.259831,-0.0903,-0.193707,-0.181301,-0.062526,-0.289532,0.236357,-0.264914,-0.25161,0.195408,0.385161,0.077673,0.029497,0.120192,0.15836,0.017507,0.229287,-0.058052,0.549205,0.027222,0.279352,-0.114477,-0.189634,-0.487475,0.157638,0.138765,0.027274,-0.107498,-8.7e-05,0.004445,-0.347682,-0.213894,-0.341594,-0.481292,0.107627,0.392171,-0.132388,0.070184,-0.085787,-0.241676,-0.190947,0.09279,-0.048873,-0.060605,0.103734,-0.062352,0.272223,0.288775,0.118131,-0.495034,-0.038417,-0.032689,0.089883,-0.037722,-0.234221,-0.141927,-0.377207,-0.132459,-0.586213,0.012482,-0.116942,0.082839,-0.110549,-0.259057,-0.325892,-0.290291,0.073912,0.06411,-0.271836,0.045446,0.087236,-0.018568,-0.078949,-0.255637,-0.221894,-0.234111,0.172747,0.600838,0.045147,0.038544,-0.009607,-0.502162,-0.429996,0.222357,0.261851,0.199911,-0.171996,-0.161248,-0.215799,-0.183968,0.278403,-0.069926,-0.154301,0.035131,0.076482,-0.032937,-0.283659,0.430939,-0.06448,0.037706,-0.001476,-0.106155,0.294693,-0.330246,-0.246745,-0.259531,-0.040773,-0.117538,-0.087852,-0.035678,0.033538,0.148388,0.122444,0.259803,-0.034692,0.109161,0.141943,0.228786,-0.097934,0.457014,0.536983,-0.081841,-0.341092,0.175318,0.38917,-0.130113,0.271857,0.004108,0.06574,-0.228687,0.419917,0.223329,0.177692,0.022027,0.077522,-0.132487,0.011669,0.253833,-0.133322,0.427386,0.035442,0.16593,-0.08596,0.4514,0.042046,0.239177,-0.171216,-0.000147,0.004003,-0.174006,#
7,0.075397,0.200227,-0.043276,-0.341912,0.338752,-0.167717,0.284276,1.0,-0.131527,0.106043,-0.133244,-0.29796,0.44771,0.260508,0.09296,0.131288,-0.247388,-0.04089,0.114491,0.144207,-0.01673,0.062684,-0.13072,0.328884,0.119215,0.159002,-0.155268,-0.3483,0.151279,0.221119,-0.18299,-0.158699,0.380093,0.377962,-0.282878,0.338272,-0.070089,0.194195,0.296364,-0.013522,-0.095436,0.050131,-0.111823,0.022506,-0.470841,-0.430171,0.176627,-0.188816,0.047842,-0.279957,-0.210616,-0.024636,0.035971,-0.160404,0.030118,-0.119548,-0.142878,-0.08871,-0.184961,0.041641,0.287206,0.231049,-0.212975,0.084717,-0.195899,0.167577,0.328744,-0.067516,0.149145,0.000284,0.39568,-0.242027,-0.529139,-0.24056,0.227108,0.042759,0.199956,0.088373,0.23274,0.1042,-0.157496,-0.128286,-0.030389,0.218124,-0.130675,0.085637,0.102049,0.425713,0.036474,0.03606,-0.297502,0.156113,-0.002115,0.160105,-0.175813,0.261644,0.245556,0.452892,0.435972,-0.251606,0.098411,-0.016104,0.097118,-0.24069,0.266781,0.287081,-0.116878,-0.077236,-0.255463,-0.354355,0.072741,0.182561,0.037912,0.03414,0.031765,0.093749,0.175471,0.048968,-0.083707,-0.039357,-0.162695,-0.228842,-0.083222,0.104038,-0.044115,-0.106491,0.061644,0.121723,-0.084886,0.035,0.033211,0.066283,-0.098299,-0.018998,-0.261627,0.038787,0.238081,0.027114,-0.163025,0.03871,0.466645,0.141608,0.044326,0.167214,0.057579,-0.149597,-0.006231,0.161936,-0.014899,-0.303368,-0.217197,0.015378,-0.072606,-0.072566,-0.38827,-0.144485,0.407083,-0.286636,0.194485,0.065216,-0.064743,0.386068,-0.179219,0.086619,0.068764,-0.128872,0.386635,-0.335621,-0.219599,0.292119,0.077852,-0.185876,-0.135267,0.1026,0.322894,-0.176264,0.459544,-0.299295,0.043199,-0.127169,0.306386,0.147741,-0.017995,-0.024171,0.136237,0.044111,0.304629,-0.171441,-0.07496,0.410181,0.123351,-0.143859,-0.03341,0.092346,-0.33106,-0.227745,0.033006,0.106937,0.204214,-0.255027,#
8,-0.589086,0.159166,0.524744,-0.078027,-0.460993,-0.282631,0.238796,-0.131527,1.0,0.101862,-0.163619,0.13039,-0.105544,-0.093095,-0.033065,-0.407711,-0.055091,0.381618,-0.025091,-0.123622,-0.332967,-0.071478,0.116622,0.171812,0.186998,0.099831,0.271994,0.226551,-0.042788,0.042216,-0.114147,0.006003,0.004792,-0.063382,0.352838,0.25868,0.342823,-0.164509,-0.110399,-0.058345,0.005726,-0.192128,0.199171,-0.154846,0.288831,-0.266294,-0.39307,0.02774,0.307446,0.360087,-0.160655,-0.21231,0.028249,0.100193,-0.452507,0.180309,0.195724,-0.499581,-0.072684,0.044623,-0.411729,-0.296183,0.163562,-0.139706,0.24126,-0.044588,0.383674,-0.273194,-0.067287,0.407865,0.24665,0.029901,0.225595,-0.259717,0.454955,-0.179738,-0.077954,-0.098248,0.309789,-0.226905,0.107099,0.130637,-0.289109,-0.348388,0.281634,0.248332,-0.238763,0.082881,-0.02709,0.327856,0.176972,0.498079,-0.280044,0.176771,-0.125396,-0.101392,0.283886,0.20499,-0.059148,-0.239543,0.015692,0.411375,0.048899,0.266941,-0.315028,-0.059086,0.012355,-0.031706,0.119673,0.169404,0.339514,-0.066378,0.25494,-0.352151,0.111718,-0.039361,0.293434,-0.06501,0.041078,-0.158137,0.207598,-0.094894,-0.13911,0.127302,0.165359,-0.203299,0.089411,0.061695,-0.279776,-0.338363,0.299415,0.034907,0.01769,0.194295,0.571967,0.033142,-0.064961,0.213361,-0.272682,-0.025983,0.157318,0.132922,0.023106,-0.270445,-0.280583,-0.034871,-0.114394,0.230912,0.341802,0.159023,0.154139,0.145211,0.272066,-0.227958,-0.010805,0.141977,0.110074,0.221258,-0.060136,0.311033,0.210399,0.324638,0.131964,-0.153326,0.311822,-0.009979,-0.068246,0.099246,0.092503,0.32634,-0.081461,0.310145,0.03649,0.20831,0.048838,0.262714,-0.044794,0.210671,0.16437,-0.373505,0.190888,0.046369,-0.274975,0.043642,-0.321851,-0.069693,-0.148694,0.265238,-0.09305,0.168731,-0.062569,0.050868,-0.15423,0.430047,-0.120694,0.450284,0.095377,0.002973,0.090156,0.116014,#
9,-0.055364,0.220469,-0.06881,-0.182459,-0.040816,-0.242371,0.32625,0.106043,0.101862,1.0,-0.560726,0.365969,0.30118,0.329243,0.419398,0.179129,-0.141514,0.135874,0.102739,-0.025437,-0.383227,0.180683,0.194205,-0.063809,0.164601,-0.120086,0.197149,0.122405,0.189844,0.515162,-0.402916,-0.121605,0.110959,-0.123861,-0.178645,0.51913,-0.344737,-0.143636,0.085226,-0.069147,-0.089183,-0.070562,-0.183793,-0.379891,-0.136041,-0.286206,0.270274,0.106698,-0.166621,0.402414,-0.091913,-0.080092,-0.072546,-0.241778,0.032103,-0.309709,0.19863,-0.246327,0.016264,-0.166252,0.108605,0.170315,-0.124087,-0.085911,0.339712,-0.009992,-0.098089,0.293545,-0.019851,-0.249194,0.092109,-0.246596,-0.104388,-0.292424,0.218523,0.270808,0.164028,-0.358791,0.068838,0.048958,-0.335345,-0.424218,-0.485955,-0.020909,-0.103023,-0.012178,-0.487153,0.11809,0.091219,-0.057402,-0.042933,-0.081854,-0.115046,0.258598,0.122501,0.030046,-0.045379,0.273621,0.199673,-0.294148,-0.138694,0.013893,-0.252756,0.031411,-0.071348,0.051505,-0.541161,-0.18127,-0.265376,-0.270794,-0.025144,0.257476,0.143496,-0.232264,-0.485779,-0.425982,-0.12627,0.17555,0.294487,-0.223836,0.122441,-0.155538,-0.236434,-0.26466,-0.412771,-0.129125,0.037737,0.157905,0.07509,-0.401422,-0.102923,0.188006,-0.530371,-0.063118,-0.076924,-0.387205,-0.085438,-0.188634,0.157645,-0.101158,0.119433,-0.325254,-0.36405,-0.366306,-0.046659,0.311065,-0.133681,0.194262,-0.414358,-0.281173,-0.327542,-0.537898,0.035714,-0.433099,-0.091885,-0.036978,0.108871,0.413883,-0.235589,-0.145124,0.001648,-0.293328,0.044488,0.292693,0.348389,0.217632,-0.289215,-0.043791,-0.497473,0.080019,-0.023324,0.224621,-0.191614,0.043319,0.275354,-0.448304,-0.273753,0.068103,0.342465,-0.394694,0.232861,-0.217698,-0.177329,-0.360329,0.220555,-0.246162,0.256431,0.128369,-0.281685,0.123111,0.288618,-0.020439,0.056726,0.675021,-0.014349,-0.126012,-0.184327,0.043319,0.362493,0.185124,#
10,0.10843,-0.361591,-0.044571,0.259465,0.048005,0.264911,0.047905,-0.133244,-0.163619,-0.560726,1.0,-0.201648,-0.08728,-0.57028,-0.023703,-0.214178,0.109823,-0.314814,0.040542,-0.146774,0.192405,0.037353,-0.336486,0.021041,-0.21106,-0.084304,-0.278767,-0.014664,-0.018257,-0.507045,0.441838,-0.053523,-0.507793,-0.087625,0.448689,-0.439153,-0.055006,0.065981,0.059627,0.180759,0.027922,-0.069342,0.005087,-0.038765,0.009174,0.43656,-0.375722,0.122931,0.207882,-0.546697,-0.008688,0.333,0.08133,0.261447,0.084949,0.102405,-0.253755,0.398309,-0.081518,0.055323,0.040694,-0.286757,-0.014206,0.043994,0.072259,-0.17135,0.042553,-0.297104,0.418866,0.071546,0.103328,0.129889,0.213206,-0.080349,-0.195471,-0.136846,-0.069267,0.375899,-0.046447,-0.240089,0.236241,0.273706,0.054719,-0.263795,-0.028216,0.226299,0.547564,-0.111789,-0.162784,-0.01286,-0.203968,-0.165752,0.300331,-0.188863,-0.131869,-0.067072,-0.128545,-0.328692,-0.124797,0.087141,-0.005762,-0.128512,0.373965,-0.065217,0.009443,-0.080265,0.160599,0.089862,-0.049526,0.336425,-0.123475,-0.069467,-0.308293,-0.013939,0.076054,0.136293,0.124992,0.09028,-0.175137,0.358876,0.035546,0.11687,0.198519,0.132904,0.338001,0.183209,-0.117595,0.302631,0.202171,0.334519,0.274539,-0.164644,0.169043,0.199527,0.192195,0.407412,-0.301355,0.189843,-0.116951,0.267556,-0.056801,0.516058,0.212711,0.225826,0.239717,0.103534,-0.269749,-0.025025,0.159501,0.309001,0.125312,0.274415,0.093759,0.071775,-0.028312,-0.205258,-0.528657,-0.447424,-0.129684,0.070612,-0.081662,0.108536,0.092185,-0.08025,-0.211447,-0.196384,0.109098,0.206864,0.303923,0.141964,0.22469,-0.15377,0.195123,-0.002325,-0.115451,0.059058,0.152335,-0.023893,-0.552488,0.574347,-0.054473,0.193023,0.425004,0.521034,0.008213,-0.11218,-0.291848,-0.147058,0.506896,-0.018318,-0.399435,0.046254,0.181885,-0.54096,0.215039,0.160535,0.115721,-0.017544,-0.396448,-0.249671,#
11,0.126399,-0.107432,-0.279338,0.117842,-0.20348,0.02206,-0.049566,-0.29796,0.13039,0.365969,-0.201648,1.0,0.029475,0.088162,-0.034852,0.08476,0.359944,-0.008176,-0.111498,-0.339432,0.094047,-0.163544,-0.147908,-0.141435,0.078092,-0.015857,-0.022813,0.178717,0.115242,0.067018,0.045136,-0.223996,-0.029874,-0.414463,0.021582,0.229984,-0.111482,-0.245506,0.016999,-0.146183,0.103307,-0.064851,-0.053085,-0.243691,-0.134774,0.110924,-0.315959,0.20975,-0.263358,0.451674,0.016709,-0.047342,0.076282,0.102039,-0.105701,0.046363,0.174557,-0.153317,0.011044,0.378939,-0.017982,0.154938,0.284252,-0.524288,0.315077,-0.042781,-0.175295,-0.007646,-0.172505,-0.142058,-0.140993,-0.220487,0.124962,0.196247,-0.276037,0.150243,-0.384258,-0.060473,-0.277632,0.218694,-0.059162,0.19843,-0.103484,-0.320545,0.0496,-0.35155,-0.182216,0.026132,-0.04316,-0.027168,0.080064,0.037147,-0.024685,0.063057,0.206537,0.044697,-0.15313,0.03847,-0.199707,0.042778,0.334595,0.219232,-0.49975,0.060169,-0.134132,0.059433,-0.030122,0.271773,0.295658,0.108459,-0.091795,-0.023106,0.037112,-0.218863,-0.028797,-0.016964,-0.023485,0.118233,0.378607,-0.059362,0.130742,-0.261806,0.212588,0.131893,-0.115459,-0.249135,-0.25256,-0.23988,0.143315,-0.20797,-0.123721,0.250787,-0.474971,0.263509,0.023877,-0.309527,0.10757,-0.109987,0.272142,0.045038,0.011804,-0.122836,-0.110804,0.021762,0.02125,0.218182,0.008122,-0.134519,-0.284185,-0.050171,-0.039904,0.084986,0.065335,0.059066,-0.115481,0.161907,-0.062348,0.506071,-0.181191,-0.002634,-0.129159,-0.380497,0.416891,-0.0446,0.133935,0.213071,-0.187714,0.001045,-0.027117,-0.027451,-0.045084,0.431099,0.230584,-0.067805,-0.191179,-0.181636,-0.380312,0.102332,0.00899,0.241231,-0.065207,-0.032869,-0.119592,-0.183904,0.195608,0.131345,0.163509,0.586699,-0.010566,-0.03224,0.043277,0.252015,0.032664,0.209321,-0.122996,-0.061339,0.269545,-0.299828,0.098845,0.197835,#
12,0.431591,0.392713,-0.086043,-0.243929,0.368179,-0.06563,0.266326,0.44771,-0.105544,0.30118,-0.08728,0.029475,1.0,0.244723,0.1788,-0.170222,-0.045877,0.00252,0.143979,0.008317,-0.389325,0.246354,0.202502,-0.190361,-0.187026,-0.340159,-0.203283,-0.303509,0.082253,0.126157,-0.02817,-0.272845,0.083919,-0.084405,-0.337561,0.428271,0.01729,-0.048742,0.036998,-0.358304,0.03609,0.111102,-0.032839,0.054459,-0.254957,-0.26712,0.080178,0.155599,0.115728,0.015363,-0.260721,0.196545,0.136111,-0.060405,0.101072,-0.008888,-0.142668,-0.146155,0.206258,0.112655,0.448015,0.222162,-0.171754,-0.102487,0.030364,0.186387,0.023237,0.032023,0.429776,-0.133988,0.471883,-0.155647,-0.645541,-0.433857,-0.126861,0.664656,0.159592,-0.111643,0.055174,-0.407008,-0.032314,-0.332378,-0.358006,0.00703,-0.327969,-0.107372,0.099342,0.353273,-0.301192,-0.301452,0.030243,-0.228142,-0.307711,0.137302,-0.310573,0.122455,0.14937,0.027093,0.288598,-0.255373,-0.005224,0.032471,0.231295,-0.060443,0.022592,-0.037527,-0.27851,-0.305014,-0.413603,-0.343719,0.203199,0.317779,-0.078907,-0.120904,-0.025611,-0.20676,-0.11521,-0.192593,0.024645,-0.394289,-0.001416,-0.406228,-0.152658,-0.403562,-0.031378,-0.030906,0.233775,0.462609,0.076681,0.081951,-0.34502,0.147659,-0.252747,-0.008873,-0.163491,-0.072776,-0.087039,-0.297126,0.040649,-0.149918,0.006211,0.002379,-0.26344,0.001069,0.368425,0.387929,-0.53725,0.329062,-0.060532,-0.651272,-0.128966,-0.225535,-0.055387,-0.423407,-0.093251,-0.13238,0.23861,0.202745,-0.218808,-0.496612,0.066885,-0.094074,-0.00848,0.181306,0.409137,0.237859,-0.101187,-0.202586,-0.543656,0.18499,-0.11191,0.243933,-0.069455,0.42409,0.372575,-0.311066,-0.012605,0.040714,0.350235,-0.10947,0.136817,-0.024974,0.051644,0.180844,0.131184,-0.219186,0.528595,-0.298052,-0.223096,0.310904,0.180339,0.1562,0.328234,0.316667,-0.048757,-0.195161,0.178464,-0.027809,0.043562,0.108048,#
13,0.144536,0.269663,-0.024925,-0.158387,0.187766,-0.125504,-0.246413,0.260508,-0.093095,0.329243,-0.57028,0.088162,0.244723,1.0,0.284858,0.057772,-0.222316,0.366798,0.274298,0.036432,-0.163875,0.267469,0.45852,0.256506,0.050961,-0.0636,0.068904,0.073366,-0.04628,0.567911,-0.123654,-0.02104,0.373414,-0.055334,-0.244701,0.365611,0.204513,-0.474203,0.227047,-0.150717,-0.044988,0.32934,0.169475,0.282347,-0.348494,-0.351511,0.376588,-0.131748,-0.057722,0.0286,-0.093541,0.001909,0.124826,-0.064234,-0.102442,-0.127226,-0.203981,-0.059837,0.06916,-0.107341,-0.049827,0.265415,-0.22268,0.151717,-0.109696,0.075226,0.00827,0.268517,-0.191663,-0.10633,-0.163499,0.172293,-0.406712,-0.066327,-0.180538,0.139951,-0.030281,-0.514595,-0.171655,-0.042253,-0.007067,-0.393543,-0.217991,0.263344,-0.18756,-0.106988,-0.318702,0.228549,-0.152524,-0.145992,0.242592,-0.248181,-0.443207,0.092899,-0.143148,-0.062806,-0.133573,0.066689,0.050467,-0.0726,0.161904,-0.165505,-0.05932,-0.227422,0.065895,0.114204,0.037899,-0.196237,-0.136191,-0.278467,0.296702,0.335949,0.239761,0.029538,-0.014649,-0.127392,-0.269435,-0.18342,0.254937,-0.442829,-0.30596,-0.334344,-0.107498,-0.311769,-0.294283,-0.043432,0.161494,-0.092092,-0.041925,-0.130826,-0.013215,0.160539,-0.253777,-0.438707,-0.587654,-0.351923,0.255907,0.027441,0.131505,-0.224259,-0.044221,-0.378105,-0.340058,-0.296626,-0.312336,0.042226,-0.103229,0.101574,-0.428196,-0.44224,-0.398919,-0.31005,-0.207178,-0.207439,-0.046414,0.102065,0.357995,0.22761,0.04684,-0.027807,0.217501,-0.050043,-0.049152,0.136517,0.155003,0.103035,-0.098055,-0.255791,-0.250907,-0.067458,-0.278963,0.103998,-0.398372,-0.073866,0.014799,-0.347211,-0.133334,-0.056139,0.440352,-0.330984,0.130683,-0.324415,-0.172787,-0.249213,0.133449,0.107811,0.215324,-0.321789,-0.195966,0.115761,0.329129,0.020221,-0.033675,0.310672,-0.166012,-0.416946,0.144331,-0.267124,0.314796,0.12141,#
14,0.088446,0.308512,-0.149623,-0.412956,0.025424,0.184558,0.09046,0.09296,-0.033065,0.419398,-0.023703,-0.034852,0.1788,0.284858,1.0,-0.123107,-0.104188,0.212272,0.428044,-0.133676,-0.315253,0.286723,0.12504,0.115169,-0.128467,-0.189122,-0.172734,0.008822,-0.152564,0.146735,-0.179618,-0.050862,-0.048671,0.010091,-0.100788,0.182676,0.042236,-0.165956,0.200203,0.02012,-0.339104,0.247333,0.160487,-0.038616,0.010701,-0.208079,0.25583,0.129366,0.334352,-0.166885,0.032478,-0.222113,-0.221232,-0.254652,0.25467,-0.328435,-0.307962,-0.073308,-0.116102,-0.543156,0.281846,-0.006009,-0.34497,0.313418,0.015897,0.031649,-0.170831,0.172349,0.179921,-0.147675,0.102309,-0.089995,-0.018728,-0.607252,-0.190099,0.250966,0.15285,-0.269146,-0.016162,-0.272705,-0.026579,-0.712645,-0.513854,-0.133725,-0.390566,0.077894,-0.26248,0.157124,-0.217329,-0.03603,-0.34281,-0.147964,-0.184503,0.209688,-0.442602,-0.270557,-0.425462,-0.098062,0.045367,0.055931,-0.088518,-0.350553,-0.092455,-0.264517,-0.091451,-0.262451,-0.395003,-0.186677,-0.469983,-0.238793,0.124143,0.415113,-0.23205,-0.202769,-0.38051,-0.288761,-0.206106,-0.217915,0.275837,-0.345507,-0.141524,-0.290592,-0.475805,-0.304864,-0.276765,-0.304348,-0.085557,0.316356,0.145118,-0.21915,0.139603,-0.048436,-0.514136,-0.19219,-0.271074,-0.252883,0.002869,-0.038811,0.168145,-0.368387,-0.279284,-0.022985,-0.427186,-0.372091,-0.416856,0.176501,-0.215941,0.338129,-0.491379,-0.124948,-0.540522,-0.72945,-0.080086,-0.607003,-0.148774,-0.558581,-0.019167,0.209495,-0.414107,-0.299218,0.145033,-0.188419,0.157052,0.27955,0.224609,0.306506,-0.38501,0.0459,-0.385228,-0.111161,0.244642,0.127115,-0.427118,-0.125401,0.531031,-0.423126,-0.30217,0.114964,0.291527,-0.254383,0.424946,-0.325452,-0.003198,0.192561,0.368277,-0.4017,-0.152655,-0.233605,-0.278289,0.152158,0.169506,0.312667,0.37766,0.252389,0.330307,0.045922,0.142156,-0.100255,0.071319,0.268155,#
15,0.060446,-0.315072,-0.416467,-0.030765,0.133324,0.036778,-0.160666,0.131288,-0.407711,0.179129,-0.214178,0.08476,-0.170222,0.057772,-0.123107,1.0,-0.032383,-0.116475,-0.203302,0.089247,0.115862,-0.346507,0.091659,-0.00171,0.001967,0.418505,-0.062981,-0.239778,0.080045,0.15996,-0.023445,-0.25462,-0.003025,0.163987,-0.258062,0.049963,-0.291293,0.162081,0.292063,0.432503,-0.247157,-0.135642,-0.732852,-0.1341,-0.053497,0.227923,0.305187,0.072401,-0.520854,-0.040092,0.200044,0.134093,-0.307884,0.090839,0.213474,-0.154501,0.185827,0.341064,-0.156304,-0.131326,0.187223,-0.187879,-0.034803,0.045849,-0.122877,0.240884,-0.247275,0.190324,-0.300039,-0.152435,-0.227469,-0.250353,-0.181613,0.381359,0.086234,-0.080055,-0.019852,-0.152104,-0.09924,0.377012,-0.237052,0.088821,0.259279,0.301624,0.293621,-0.367373,-0.152104,0.066616,0.005726,0.005723,0.015707,0.213972,0.194562,0.228605,0.075376,0.39787,-0.165868,-0.06745,-0.011905,-0.015928,-0.009337,-0.150659,-0.289624,-0.036327,0.150662,-0.034143,-0.199277,0.449127,0.102509,0.007018,-0.255011,-0.041621,0.313032,0.010586,-0.033006,0.304024,0.198978,-0.022207,0.165438,0.139726,-0.079416,0.174505,0.153598,0.099896,0.091485,0.289188,-0.217944,-0.268041,0.167016,-0.206269,-0.323359,0.159067,0.028114,-0.055753,-0.292671,-0.094156,-0.184595,-0.092351,0.032373,-0.111376,0.307817,-0.00609,0.146227,0.204169,0.079041,-0.185879,0.446768,-0.003741,-0.199672,-0.125291,0.10981,0.110202,-0.248245,0.171594,0.032591,0.237377,0.114759,0.124112,-0.026099,0.044274,0.092452,-0.058805,-0.2171,-0.203723,-0.371919,-0.07705,-0.054467,-0.287377,0.18061,-0.13642,0.078987,-0.231616,-0.072186,-0.465225,-0.243204,-0.173255,-0.133448,-0.189229,-0.096306,0.177996,-0.114469,-0.256548,-0.130271,-0.046583,0.445733,0.088567,0.210614,0.072418,-0.099667,-0.163468,0.208376,-0.058314,-0.169628,0.004193,-0.288752,-0.340837,0.001958,-0.224149,0.146172,-0.070905,#
16,-0.010292,0.035027,-0.24833,0.024955,-0.197854,0.508515,-0.028751,-0.247388,-0.055091,-0.141514,0.109823,0.359944,-0.045877,-0.222316,-0.104188,-0.032383,1.0,-0.191401,0.07747,-0.176553,0.106753,-0.22362,-0.077357,-0.274578,-0.252923,-0.28741,-0.112766,-0.198001,-0.137139,-0.227244,0.164501,0.318858,0.26442,0.271993,-0.03715,0.160676,0.149036,0.12012,-0.383839,0.155279,0.196338,0.184351,0.053593,0.352094,0.346158,0.08361,-0.284959,0.110035,0.05225,0.16479,0.032934,0.077159,0.182626,-0.239098,-0.152655,-0.060347,0.176682,0.083613,0.264932,0.104575,0.154556,0.186773,0.243463,-0.360309,-0.036934,0.088582,-0.261502,-0.0974,0.098469,-0.052461,-0.163851,0.179336,0.176256,0.030898,-0.095876,0.106574,-0.476737,0.13199,-0.09165,0.186313,0.186123,0.219402,0.028366,-0.300741,-0.091348,-0.316476,-0.002298,0.157254,-0.084332,-0.407761,-0.246105,0.255331,0.083573,-0.077432,-0.057064,-0.116427,-0.420462,-0.25153,-0.273988,0.04833,0.032703,0.020586,-0.032854,-0.127215,0.296327,-0.122912,0.282404,0.056405,0.070467,0.081286,-0.098902,0.035639,-0.224167,0.091041,0.032114,-0.084356,-0.310514,-0.018441,-0.116391,-0.010704,-0.031998,-0.097321,0.116804,-0.109357,-0.041406,-0.112299,-0.385448,-0.078008,0.117747,-0.053578,-0.259471,0.163765,0.080598,0.337887,-0.057757,-0.180039,0.133214,-0.379762,0.264622,-0.117829,-0.424471,0.291615,0.006926,0.441574,0.30149,-0.021812,-0.095266,-0.005728,-0.078962,0.033992,0.061698,0.222179,0.056276,0.208637,-0.235044,-0.206396,-0.179877,0.086621,-0.261721,0.053296,-0.035308,-0.100287,0.21693,0.086923,0.075546,0.360424,0.098526,-0.026267,0.275204,-0.231014,-0.005979,0.248579,-0.038848,-0.144704,0.132594,-0.233315,-0.242497,0.262146,-0.142218,0.121736,-0.477703,0.106038,0.072529,0.313973,0.083427,0.085131,0.320225,0.321918,0.067379,-0.251849,0.019663,0.361316,0.238636,0.030599,-0.020716,0.278481,0.33386,0.051009,-0.331988,-0.29603,#
17,-0.267114,0.475546,0.453534,0.029542,-0.123445,-0.025648,-0.144298,-0.04089,0.381618,0.135874,-0.314814,-0.008176,0.00252,0.366798,0.212272,-0.116475,-0.191401,1.0,-0.110585,0.495565,-0.148287,0.093359,0.282504,0.26912,-0.072616,-0.020261,0.025288,0.183576,-0.132964,0.156829,0.18426,0.044764,0.050858,-0.01526,-0.063115,0.141587,0.415288,-0.291404,-0.02347,0.097015,-0.045555,0.271643,-0.091035,-0.001872,0.143315,-0.382693,0.134636,0.333691,0.550165,0.025057,-0.047934,-0.324531,0.139221,-0.049074,-0.400993,-0.140325,-0.251042,-0.394047,-0.30376,-0.397343,-0.203667,-0.131512,-0.044469,-0.056473,0.040175,0.243118,0.083694,0.314582,0.095391,0.380503,0.180913,0.176169,-0.134092,-0.08313,0.104193,-0.110465,0.202239,-0.465914,0.143985,-0.071376,0.392655,-0.05359,-0.089214,0.223455,0.085811,0.039075,0.038711,0.150095,-0.002858,0.175128,0.322531,0.270036,-0.201267,0.451141,-0.240949,0.248365,0.335573,0.12337,-0.026027,-0.044933,-0.12064,0.131425,0.13858,0.416235,-0.212467,0.11261,-0.117418,-0.191677,-0.147713,-0.143333,0.562741,0.233471,0.334174,0.179683,0.214301,0.159371,0.169034,-0.298602,0.4915,-0.4929,0.179281,-0.263474,-0.221788,-0.010963,0.058309,0.064257,0.007328,0.043935,0.096635,0.178014,0.286252,0.134213,0.06995,-0.45865,0.135042,-0.105318,0.140685,0.107555,0.139649,-0.051272,0.013228,-0.185194,-0.422177,-0.518877,-0.221097,0.23785,0.150871,-0.04815,0.270736,0.03049,-0.13679,-0.26251,0.438674,-0.06314,-0.190251,-0.113431,0.270033,0.463157,-0.247002,0.209667,0.247783,0.17556,0.071722,0.115073,0.146628,0.14566,0.189314,-0.257497,-0.01318,0.182343,-0.462631,-0.160368,-0.239088,-0.107769,-0.111326,0.137661,-0.011438,0.078305,0.338754,-0.440676,0.056229,-0.311078,-0.581277,-0.269925,-0.20461,-0.045314,0.030933,-0.03468,-0.331838,-0.287292,0.271071,-0.230707,-0.170254,0.287062,-0.245186,0.026845,-0.10271,0.056442,0.555676,0.177339,#
18,-0.066444,-0.109622,-0.126693,-0.102048,0.163265,-0.246406,-0.040858,0.114491,-0.025091,0.102739,0.040542,-0.111498,0.143979,0.274298,0.428044,-0.203302,0.07747,-0.110585,1.0,-0.288299,-0.034861,-0.105802,-0.003261,-0.003022,-0.016135,0.021138,-0.062719,0.254261,-0.214491,0.322092,-0.042844,0.22064,0.089831,0.259704,0.160258,0.093629,0.049419,-0.294335,-0.052676,-0.160864,0.012864,0.292608,0.415949,0.225848,-0.205983,-0.112296,0.081932,-0.265393,0.156852,-0.169757,-0.220146,0.143022,0.019855,-0.16219,0.269263,-0.147299,-0.235786,0.114298,0.054753,-0.112845,0.027826,0.022826,-0.044955,0.540418,-0.073746,-0.019601,-0.0358,0.004319,0.062997,-0.238228,-0.12535,-0.053224,-0.20709,-0.260307,0.045697,0.271151,0.115985,0.051396,0.242003,-0.303788,-0.071433,-0.303184,-0.411079,-0.12976,-0.480608,-0.052352,-0.223047,0.4688,-0.187121,-0.186622,-0.215543,-0.159314,0.10261,-0.134381,-0.297298,-0.207632,-0.228937,-0.193746,-0.102421,-0.088201,-0.068028,-0.083943,0.335234,-0.432091,0.111122,0.07599,-0.054967,-0.11323,-0.01124,-0.055802,-0.174417,0.2969,-0.264372,0.026073,-0.263007,-0.180643,-0.147067,-0.15161,-0.338314,0.113411,-0.28908,-0.106676,-0.252877,-0.161708,0.005632,-0.395475,0.106752,0.306792,-0.272282,-0.106768,0.090407,-0.208798,-0.228181,0.132774,-0.162262,-0.192705,-0.024959,-0.030553,-0.025225,-0.121612,-0.32056,0.186014,-0.071088,-0.198799,-0.23128,-0.131708,-0.334955,0.18211,-0.490648,-0.366237,-0.551035,-0.288348,-0.190282,-0.427939,-0.206132,-0.389485,0.006744,0.084022,-0.197203,-0.337385,-0.058896,0.022937,0.143695,0.058738,0.212469,-0.132475,-0.293681,0.203779,-0.127873,0.093926,0.222169,0.364901,-0.21184,-0.253295,0.434884,-0.052217,0.024582,0.23401,0.024149,-0.089902,0.065958,0.102828,0.429387,0.289522,0.324905,-0.111387,-0.003432,-0.251923,0.113145,0.182153,-0.213042,0.261932,0.366516,0.070746,0.096789,0.074513,0.38999,0.019968,-0.506277,0.064143,#
19,-0.087172,0.142545,0.266614,0.209352,0.060347,-0.012608,-0.266687,0.144207,-0.123622,-0.025437,-0.146774,-0.339432,0.008317,0.036432,-0.133676,0.089247,-0.176553,0.495565,-0.288299,1.0,0.358575,0.036975,-0.005641,0.059539,-0.079001,-0.018589,0.022415,-0.150521,0.060337,-0.041803,0.381377,0.253398,0.05356,0.195456,-0.206343,-0.367728,0.27415,0.237226,-0.267455,0.098488,0.178757,0.077734,-0.124401,0.015239,-0.054436,-0.388203,0.418969,0.247087,0.329019,-0.207966,-0.211725,-0.087032,0.344207,-0.028811,-0.144288,0.160706,-0.269401,-0.208889,-0.006318,-0.38995,-0.196134,-0.140681,-0.046666,-0.042452,0.042562,0.09804,0.139869,0.278372,-0.016892,0.131763,0.250152,0.046148,-0.13342,0.263811,0.273176,-0.10256,0.383109,0.036126,0.462568,0.273771,0.223486,0.276895,0.425934,0.409106,0.117478,0.042697,0.374899,-0.013974,0.350418,0.171634,0.118461,0.127548,0.202675,0.282608,0.165972,0.436354,0.345988,0.308324,0.209823,0.155823,-0.530624,0.137603,0.154042,0.423641,0.318325,0.285548,0.063197,-0.297221,0.033983,-0.157435,0.389775,-0.158365,0.170728,0.518123,0.377918,0.165475,0.002675,0.062248,0.151883,-0.124201,0.349439,0.085666,-0.187553,0.015872,0.144828,0.478548,-0.197969,-0.124213,0.059098,0.191302,0.29044,0.323282,0.485184,-0.238115,0.143477,0.093331,0.142306,0.081214,0.033647,0.272493,0.166329,-0.015282,0.120293,-0.230743,0.165554,0.201589,0.354043,-0.376791,0.608787,0.015313,0.230764,0.007017,0.427293,0.436493,-0.030422,0.21495,0.436198,0.023643,0.190676,0.211729,0.14739,0.177895,-0.415944,0.121511,-0.068467,-0.179912,0.572619,-0.318877,-0.000184,0.185083,-0.460966,-0.265362,0.1205,0.120884,-0.264342,0.14742,0.180359,-0.428532,-0.160365,-0.082284,-0.118394,-0.169787,-0.382048,-0.278672,-0.537948,0.223394,0.179825,-0.025518,0.002158,-0.48014,0.288324,-0.594328,-0.343504,-0.202644,-0.244313,-0.093505,-0.435378,0.492286,0.37019,-0.016179,#
20,0.075641,-0.358587,-0.071806,0.373222,-0.092044,-0.031307,-0.427299,-0.01673,-0.332967,-0.383227,0.192405,0.094047,-0.389325,-0.163875,-0.315253,0.115862,0.106753,-0.148287,-0.034861,0.358575,1.0,-0.315454,-0.524118,-0.076728,0.109483,0.207203,-0.154705,0.028014,0.050103,-0.087183,0.328723,0.257103,0.018498,0.190151,0.017355,-0.560308,0.078828,0.229357,-0.2362,0.116901,0.369622,0.049076,0.082973,0.20639,-0.284283,-0.010474,0.024803,-0.15154,-0.0554,-0.288443,-0.04808,0.027833,0.367463,0.027672,0.111329,0.122734,-0.308839,0.138009,-0.080969,0.069644,-0.365911,0.144783,0.322485,-0.100856,-0.050636,-0.184568,-0.047434,-0.116454,-0.369774,-0.225106,-0.007772,-0.11684,0.147839,0.593829,-0.051782,-0.346847,-0.102607,0.518698,0.105522,0.442701,0.025459,0.586677,0.622164,0.08234,-0.028088,-0.280809,0.220609,-0.007038,0.526934,0.184524,-0.096339,-0.026404,0.412444,-0.201583,0.338635,0.288813,-0.028879,0.305789,-0.035645,0.316838,-0.143246,0.095569,-0.209902,-0.049771,0.482696,0.283055,0.197557,0.216809,0.522373,0.31829,-0.172102,-0.165806,-0.203058,0.513096,0.385168,0.377829,0.035589,0.212306,-0.043103,0.373848,0.037801,0.142655,-0.013816,0.374123,0.067841,0.078979,-0.418449,-0.372379,-0.209147,0.214851,0.272068,0.10578,0.268166,0.056503,-0.046937,0.114677,0.386392,0.265835,0.019249,0.417994,0.008216,0.053806,0.468314,0.118912,0.140796,-0.264079,0.432569,-0.696707,0.286042,0.339241,0.058111,0.331387,0.109571,0.598254,-0.042891,0.183481,0.112846,-0.290075,0.394819,0.211154,-0.21994,0.008218,-0.02,-0.108674,-0.387688,-0.537342,0.401223,-0.131439,0.39925,0.01825,-0.140276,-0.03337,0.449111,-0.116473,-0.448454,0.34596,0.211305,-0.46584,-0.534758,0.617707,-0.145952,0.323709,-0.058992,-0.136266,-0.209797,0.557295,0.047974,0.332322,0.477178,-0.193382,-0.013791,-0.262244,-0.212619,-0.567167,-0.286868,-0.102517,0.024157,0.26309,0.001186,-0.213111,#
