0,1.0,0.221258,-0.337057,-0.285515,0.281277,0.285357,0.297302,0.02376,0.055901,0.307518,0.288339,-0.02808,0.228217,0.218897,-0.129212,0.179813,-0.120214,-0.415859,0.48561,-0.292021,0.170071,-0.008429,0.360023,-0.175964,0.039809,-0.520842,-0.407474,-0.019521,0.143447,0.289395,-0.316284,-0.177251,0.224371,-0.338933,0.270653,0.305486,0.325,-0.012908,-0.004941,0.273271,-0.130734,0.056346,-0.280639,-0.21042,0.159988,0.009507,-0.142491,0.114408,0.171355,0.236476,0.117571,-0.323274,0.215015,0.170622,0.378993,0.133248,-0.228389,-0.223588,-0.364697,0.19446,0.196388,0.072783,-0.09752,0.35215,-0.447021,0.171727,-0.094703,0.371854,-0.280147,-0.132809,0.129547,0.018101,-0.073517,-0.188692,-0.24994,0.250247,-0.199398,-0.271697,-0.122178,-0.044568,0.029089,-0.285949,-0.374396,-0.223085,0.048705,-0.377499,-0.383685,-0.086919,-0.04678,-0.173435,-0.294832,-0.221451,-0.199495,-0.373984,0.028224,-0.205743,-0.457413,-0.40712,-0.255897,-0.293187,0.248194,0.110573,-0.179831,-0.302511,-0.169391,-0.21493,-0.064112,0.163613,-0.161319,-0.077473,0.130358,0.346778,-0.454574,-0.341896,-0.029931,0.193509,-0.170588,-0.267485,-0.144916,0.077618,-0.306857,-0.059697,-0.039768,-0.278518,-0.224516,0.014162,-0.136516,0.0912,-0.141997,-0.291104,-0.217112,-0.38445,-0.293298,0.220619,-0.245753,-0.118085,-0.01206,-0.134184,0.039765,-0.204715,-0.159192,0.228449,-0.387421,-0.134299,-0.057026,-0.235038,-0.212098,0.169175,-0.065402,-0.410558,-0.098313,-0.011121,-0.485442,-0.518862,0.421799,-0.290607,0.264876,0.209822,-0.437572,-0.150577,-0.282459,-0.173385,-0.058513,-0.264083,0.073473,-0.126732,-0.018621,0.176478,-0.224121,-0.193496,0.155771,0.181523,-0.017312,-0.047388,0.218375,-0.163741,0.061492,0.028144,0.196243,-0.343507,-0.014604,0.238487,-0.102641,0.277725,0.352722,0.006759,0.213764,-0.059843,0.027466,0.489248,-0.244641,0.153777,0.51447,-0.091195,-0.181096,0.301231,0.359944,-0.340314,-0.13452,0.048205,#
1,0.221258,1.0,-0.134515,0.008343,-0.188298,0.094848,0.453134,0.012428,-0.233233,0.231471,-0.026005,-0.165669,-0.245648,0.182381,0.314045,0.183071,0.167503,0.102318,0.643983,0.032544,0.405306,0.046465,0.115797,-0.10962,0.010656,-0.009307,-0.067718,-0.027375,0.15937,0.054944,-0.213264,0.132386,0.113798,-0.169805,-0.002776,-0.099804,-0.050708,-0.30608,0.150455,0.068248,0.270266,0.281877,-0.195835,0.165565,0.449114,-0.006447,0.144414,-0.166643,0.126153,0.268006,0.073007,0.016542,0.245084,-0.089022,0.056155,-0.043267,0.268344,-0.370227,-0.332186,-0.126472,0.101059,0.000849,-0.09866,-0.02934,0.278826,0.13686,-0.364178,-0.208168,-0.23709,-0.293833,-0.136259,0.089348,0.043797,-0.23044,-0.182848,0.009144,-0.295338,-0.17902,0.096189,0.26254,0.204728,-0.170583,-0.101704,0.017419,-0.156757,-0.127715,-0.105683,-0.244124,0.064689,-0.136823,-0.260063,-0.139289,-0.030234,-0.359312,0.129424,-0.046993,-0.063021,0.034147,0.43449,0.035735,0.01916,0.294587,-0.010289,-0.356473,-0.41256,-0.044004,0.070813,-0.122788,-0.386118,-0.037723,0.139816,0.206691,-0.098316,0.161744,-0.08135,0.189494,-0.07434,-0.050604,0.238247,-0.173349,-0.192203,-0.120424,-0.400505,-0.095259,-0.325373,-0.219983,0.001259,-0.25133,-0.367967,-0.075427,-0.049921,-0.230115,-0.10253,-0.066056,-0.220245,-0.248301,0.025029,0.195245,0.276552,-0.208894,-0.173,-0.15867,-0.031367,-0.119355,-0.127386,-0.181158,-0.362393,0.220444,-0.241614,-0.113799,-0.02576,-0.089226,0.133905,-0.188768,-0.192961,0.006758,0.215983,0.002833,-0.186792,0.071518,-0.151808,0.164437,-0.257542,-0.238911,-0.095663,0.276094,0.247458,0.03296,-0.258806,-0.56283,0.069609,0.316592,0.103111,-0.12814,0.112406,-0.177231,0.00683,-0.166142,0.197878,-0.137757,0.058628,0.046621,-0.047838,0.34494,0.285574,-0.222033,0.285977,-0.249123,0.045411,0.19499,-0.155694,0.089479,-0.056247,0.042923,-0.364233,-0.062325,0.296403,-0.152738,-0.037077,0.193563,#
2,-0.337057,-0.134515,1.0,-0.034598,-0.301604,-0.136288,-0.126762,-0.163383,-0.034885,-0.135814,0.225483,0.053995,-0.154381,-0.092138,-0.209256,0.100126,-0.194172,0.122257,0.008744,0.006687,-0.049678,0.193858,-0.215189,0.070769,0.140505,0.251337,0.209231,-0.071529,-0.154882,-0.367826,0.442971,0.2504,-0.371366,0.210783,-0.233762,0.079634,0.029455,0.565919,0.041678,-0.158685,0.009189,0.127058,0.037441,-0.067403,0.039927,-0.133069,-0.030691,0.05928,-0.10731,-0.182642,0.032392,0.014912,0.170571,-0.309987,-0.326305,-0.32332,-0.227263,-0.166114,0.236091,-0.159272,-0.113322,-0.173596,0.021229,-0.429347,0.270522,-0.216988,0.197802,-0.13919,0.178537,0.284541,0.04275,0.142268,-0.18166,0.333929,-1.5e-05,-0.102041,0.219996,0.018868,0.104292,0.199011,0.249589,0.277288,0.069931,0.378704,-0.0144,-0.12662,0.055012,0.176086,0.195991,0.41002,0.129949,0.009545,0.249471,0.252813,0.07416,0.180856,0.340064,-0.192088,0.327287,0.355798,-0.187107,-0.197438,0.053363,0.148815,0.254948,0.41499,-0.071064,0.16273,0.088845,0.092919,0.038037,-0.156011,0.10951,0.402648,0.486513,-0.043442,0.039336,-0.046653,-0.017579,0.049211,0.247717,0.33793,-0.103922,0.032247,-0.071524,0.243106,0.41489,0.003456,0.154187,-0.006072,0.343917,0.337864,0.254824,0.090139,0.193146,-0.013189,-0.061127,0.347069,0.070461,0.21381,0.025234,0.379646,0.140196,0.077236,0.226432,0.387475,0.165439,0.112134,0.203196,0.459657,0.225555,0.136331,0.351472,0.260226,0.169783,0.340206,-0.103183,-0.111816,0.375649,-0.17052,0.473158,0.230989,0.169622,0.1542,0.208566,-0.394983,-0.085243,-0.058502,0.167375,0.082775,-0.205347,0.113834,-0.036796,0.008697,-0.166871,0.093614,0.248419,-0.018651,-0.074635,0.024603,-0.077925,-0.042095,-0.19463,-0.250929,-0.216397,0.264044,0.103976,0.344653,-0.165304,0.002857,0.208606,-0.045491,-0.420204,0.342419,-0.0,-0.23648,0.135111,0.245956,0.225198,0.126557,#
3,-0.285515,0.008343,-0.034598,1.0,-0.053161,-0.529784,-0.376058,-0.410257,-0.442087,-0.560065,-0.043923,-0.362014,-0.419733,-0.694326,-0.108323,-0.214858,0.264624,0.197622,-0.273703,-0.126977,-0.122454,-0.173656,-0.48089,-0.235377,-0.146693,0.300409,-0.091079,0.098041,-0.23618,-0.334005,0.097724,-0.216946,-0.129954,0.088176,0.196077,-0.036401,-0.146299,-0.020988,0.103445,0.260495,0.095868,-0.254942,0.011592,0.296556,-0.067906,0.441944,-0.088026,0.059402,0.151126,-0.219428,0.097815,0.362703,-0.257681,0.044415,-0.093137,-0.409889,0.458809,0.453562,0.047515,-0.207387,-0.53082,0.057863,0.467744,-0.07653,0.099623,-0.395333,0.056837,-0.183256,-0.024134,0.177909,0.287209,-0.258487,0.248748,-0.03022,0.213857,0.035149,0.294312,0.219674,0.06152,-0.179014,-0.097861,0.360916,0.444394,0.131789,0.377356,-0.051856,0.119536,0.278539,-0.186792,0.305998,-0.114145,0.278375,0.314481,-0.162965,0.036538,-0.019367,0.585718,0.128374,0.131446,0.390348,0.212156,0.267977,0.434963,0.38186,0.037171,-0.012735,0.605374,0.065023,-0.126597,0.153788,-0.085131,-0.14707,0.52141,0.166822,-0.059522,-0.066034,0.251248,0.19968,-0.237528,0.334796,0.07964,0.377618,0.256499,0.380246,0.384747,0.043893,-0.42008,-0.108763,0.137992,0.250032,-0.008412,0.133179,0.378369,0.010537,0.286454,0.226443,-0.022553,0.355312,-0.093485,0.440866,0.265995,-0.25088,0.473033,0.318501,0.456501,0.226953,-0.212342,0.023263,0.447612,0.011468,0.188538,-0.08907,0.07437,0.272778,-0.074486,0.239086,-0.511298,-0.307405,0.469637,0.280403,0.186375,-0.019438,-0.022457,0.287487,-0.120445,-0.27809,0.198744,0.039616,0.184855,-0.027453,0.277521,0.052246,0.169497,0.28709,-0.277432,0.207545,-0.301955,0.048744,-0.774855,0.435661,-0.39179,-0.107422,0.432445,-0.019726,-0.273069,-0.292388,-0.265957,-0.210491,0.3581,-0.214101,0.114493,-0.154938,-0.071428,0.012085,0.315137,-0.011905,-0.117567,0.228446,-0.174339,-0.275879,#
4,0.281277,-0.188298,-0.301604,-0.053161,1.0,-0.080559,-0.236002,-0.216894,0.142441,-0.091273,0.334436,0.05819,-0.013604,-0.240252,-0.197051,-0.142055,0.12222,-0.362292,0.069358,-0.093371,-0.347599,-0.343191,0.161634,0.214864,-0.03095,-0.173296,-0.239283,0.026823,0.062097,0.134753,-0.418984,-0.151694,0.117689,-0.068891,0.125284,0.20224,0.116955,-0.164531,-0.103971,0.523498,-0.147442,-0.56232,-0.203078,-0.216811,-0.124858,0.332226,-0.190771,0.084817,0.156509,0.434095,-0.109665,-0.312182,-0.057621,0.388464,0.13423,0.014771,0.051369,0.053086,0.160443,0.174225,-0.212977,-0.275865,-0.221497,-0.045129,-0.337449,0.04431,0.618873,-0.078676,-0.036729,-0.257633,-0.304199,-0.125136,0.100937,0.207398,-0.05386,0.004943,-0.147353,-0.227721,-0.366234,-0.124447,-0.182635,0.090298,0.017162,-0.243937,0.241051,-0.152958,0.18454,-0.109229,0.04194,-0.29397,0.279028,0.193529,0.173155,-0.391813,0.138185,0.038058,-0.161603,0.249081,-0.451365,0.10463,-0.015473,0.121196,0.024825,-0.071931,0.312229,0.007071,-0.288532,0.184561,-0.124406,0.195616,0.043693,-0.102638,-0.055997,-0.139772,-0.056208,0.265831,-0.085313,0.294186,-0.340616,0.088214,-0.479639,0.20456,0.351511,-0.052137,0.019026,0.153613,-0.024364,0.178068,0.273194,-0.068539,0.042641,-0.268906,-0.02208,-0.332008,0.205588,0.275144,0.047866,0.123468,-0.273914,0.164564,0.10677,-0.064655,-0.472599,0.071489,-0.122503,-0.367705,-0.195874,-0.035399,0.038819,0.027754,0.207035,0.189711,-0.224189,-0.074752,0.109602,-0.055742,0.010652,0.006522,-0.304412,0.319202,-0.331291,-0.157549,-0.225173,-0.08355,0.068948,-0.028358,0.000871,0.185879,-0.207026,0.396808,-0.073912,-0.061892,0.198162,0.029393,-0.182424,0.310387,-0.088185,0.288464,0.160246,0.206256,-0.309943,0.141971,0.125133,0.212676,-0.005439,0.266901,0.124871,0.045381,0.267593,-0.238843,-0.115475,0.229973,0.093109,-0.117393,0.007671,0.365861,-0.344807,-0.001437,-0.079505,-0.201472,#
5,0.285357,0.094848,-0.136288,-0.529784,-0.080559,1.0,0.691594,0.546002,0.153848,0.203404,0.05482,0.548863,0.283892,0.506776,0.009658,0.106627,0.036093,0.022671,0.255244,-0.200092,0.143332,-0.065313,0.285407,-0.066709,-0.043215,-0.053438,0.215258,-0.029969,0.212985,0.435207,-0.379816,-0.07667,-0.173642,-0.146105,-0.003493,0.2527,0.126882,-0.103257,-0.14709,-0.125309,-0.176899,0.272104,-0.087555,-0.258522,0.102522,-0.278774,0.179007,-0.274353,-0.303519,0.315734,-0.146997,-0.169823,0.020163,0.170889,0.190797,0.283557,-0.357364,-0.010675,-0.31464,-0.061202,0.253761,-0.142933,-0.11449,0.379725,-0.083721,0.518637,-0.287159,0.416119,-0.22549,-0.369096,0.177894,0.154761,-0.135973,-0.135478,-0.025552,0.263225,-0.425216,-0.196711,-0.359842,-0.285338,-0.222859,-0.688527,-0.438497,0.140628,-0.498135,-0.419333,-0.266608,-0.351737,-0.273776,-0.281279,-0.340275,-0.621764,-0.598033,-0.149087,-0.243068,-0.446563,-0.425143,-0.382042,-0.248163,-0.527824,0.088628,-0.156475,-0.434068,-0.338097,-0.427674,-0.427847,-0.154543,-0.00369,-0.16376,-0.129763,0.148364,0.317747,-0.730295,-0.45661,-0.307566,-0.090295,-0.387366,-0.026297,0.236644,-0.263997,-0.359984,-0.473626,-0.117134,-0.396434,-0.231088,-0.280133,-0.061819,0.08689,-0.441544,-0.167731,-0.286577,-0.15093,-0.260764,0.085831,-0.491211,-0.146984,0.404176,-0.416298,0.053474,-0.749784,-0.156544,0.218341,-0.128292,-0.255261,-0.329335,-0.342179,0.180807,0.333012,-0.509402,-0.107258,-0.240548,-0.140283,-0.191627,-0.174549,0.049472,-0.367178,0.063236,0.450102,-0.585817,-0.368767,-0.143344,-0.266703,-0.052458,-0.306249,-0.034957,0.144924,-0.491773,0.093732,-0.272364,0.12768,0.203589,-0.057405,-0.277225,-0.315354,0.146549,-0.431239,-0.172443,0.144165,0.300999,-0.311068,0.43972,0.009434,0.069975,0.226164,0.767966,0.04612,0.141138,0.003366,-0.183646,0.353826,-0.214934,0.044123,0.375124,-0.140139,-0.356879,0.035796,0.26234,-0.168426,-0.415931,0.144533,#
6,0.297302,0.453134,-0.126762,-0.376058,-0.236002,0.691594,1.0,0.521609,0.150968,0.321738,0.064236,0.238483,0.257279,0.483806,-0.006763,0.428824,0.213033,0.216612,0.267601,-0.194148,0.135418,0.135089,0.429203,-0.217016,0.113816,-0.047474,0.027881,-0.210748,0.360078,0.245148,-0.357658,-0.251677,-0.037548,-0.353158,-0.045666,0.262298,0.114958,-0.396487,0.165805,-0.121608,0.036242,0.325695,-0.088132,-0.12819,0.258849,-0.272107,0.167665,-0.290753,-0.17308,0.513443,0.008436,-0.149784,0.024339,0.212051,0.403157,0.265703,-0.178482,-0.20657,-0.315294,-0.108575,0.243667,0.240732,0.070519,0.380457,0.030447,0.458184,-0.486428,0.420573,-0.329811,-0.391827,0.153356,0.183136,-0.34543,-0.459345,-0.362855,0.468174,-0.436685,-0.366488,-0.22178,-0.295907,-0.230347,-0.699497,-0.608104,0.130225,-0.669034,-0.453031,-0.433937,-0.364712,-0.284073,-0.291458,-0.517524,-0.653386,-0.772591,-0.177674,-0.249517,-0.623047,-0.435295,-0.410965,-0.087552,-0.362949,0.077639,-0.15301,-0.443848,-0.34981,-0.456934,-0.44118,-0.167225,0.004911,-0.415904,-0.296973,-0.206737,0.323671,-0.590794,-0.470368,-0.159167,-0.25438,-0.204201,-0.353053,0.131469,-0.306465,-0.376942,-0.472075,-0.443848,-0.586831,-0.245828,-0.463152,-0.068061,0.072849,-0.554475,-0.349635,-0.462689,-0.478077,-0.594131,0.048468,-0.673771,-0.328492,0.194359,-0.416072,0.081156,-0.761945,-0.367341,0.214047,-0.306163,-0.459311,-0.492854,-0.314117,-0.229993,0.683697,-0.517009,-0.306839,-0.245798,-0.321872,-0.204962,-0.378445,-0.077619,-0.53923,0.037326,0.574525,-0.42834,-0.366959,-0.063053,-0.278785,-0.289096,-0.354398,-0.064457,0.267982,-0.491506,-0.052334,-0.491745,-0.249527,0.171557,0.093818,-0.27413,-0.477467,0.44219,-0.617765,-0.188798,0.112074,0.426103,-0.637223,0.567403,-0.004796,0.053375,0.362323,0.741378,-0.321344,-0.040533,-0.176787,-0.339343,0.356884,-0.406195,0.188767,0.342967,-0.014853,-0.532445,0.04367,0.40472,-0.367717,-0.446219,0.472903,#
7,0.02376,0.012428,-0.163383,-0.410257,-0.216894,0.546002,0.521609,1.0,-0.006709,0.453166,-0.250598,0.253976,0.69383,0.619681,0.152649,0.296006,0.068296,0.29379,0.116697,0.041374,0.227773,0.233727,0.071472,-0.016476,-0.023719,-0.109448,0.050047,-0.352133,0.353363,0.231133,-0.132335,-0.091101,0.136245,-0.013509,-0.367403,-0.022252,0.083529,-0.153973,-0.028017,-0.53473,-0.094135,0.312962,0.178431,-0.264665,-0.248822,-0.480985,0.22139,-0.315619,-0.13865,0.117366,-0.249365,-0.025065,0.151988,0.15263,0.51297,0.39562,-0.32397,-0.240009,-0.225533,-0.042449,0.510935,-0.047081,-0.014039,0.346151,-0.088915,0.643668,-0.242146,0.541445,-0.261178,-0.079901,-0.027925,0.429976,-0.257796,-0.229253,-0.122646,0.150276,-0.05186,0.062657,0.120891,-0.138733,-0.014157,-0.441902,-0.335623,-0.199183,-0.368234,-0.122159,-0.340038,-0.126825,0.091637,-0.085271,-0.078118,-0.423311,-0.447911,0.24721,-0.148964,-0.273113,-0.153497,-0.069076,-0.112166,-0.584794,0.130412,-0.036945,-0.416196,-0.100835,-0.322568,-0.225231,-0.360556,-0.030524,0.102953,-0.50176,-0.148195,0.165486,-0.395777,-0.422114,-0.003274,-0.023031,-0.21249,-0.020339,0.132061,-0.338575,-0.04705,-0.790626,-0.197901,-0.310701,-0.199283,-0.102769,-0.022467,-0.167112,-0.300687,-0.007391,-0.276633,-0.016968,-0.168078,0.114282,-0.32267,-0.172498,0.234868,-0.837879,0.127021,-0.470195,-0.302636,-0.0879,-0.175184,-0.254414,-0.409554,-0.098474,0.098507,0.201645,-0.347534,-0.292025,0.00167,-0.05845,-0.231186,-0.331925,0.111405,-0.408114,0.103958,0.399153,-0.32244,-0.369864,0.167104,-0.171852,-0.387922,-0.173691,0.318844,0.34059,-0.165404,0.285443,-0.101151,0.261109,0.010282,0.057922,-0.26843,-0.179544,0.403696,-0.291602,-0.123811,-0.168555,0.439677,-0.19484,0.375545,0.318751,0.074259,-0.206451,0.348358,0.139703,-0.081116,-0.10634,-0.412339,0.336839,-0.287632,-0.185476,0.322527,-0.183566,-0.07443,-0.063422,0.112669,-0.042575,-0.367593,0.31708,#
8,0.055901,-0.233233,-0.034885,-0.442087,0.142441,0.153848,0.150968,-0.006709,1.0,0.146556,-0.051291,0.142,0.155605,0.140677,0.066002,-0.09102,-0.028522,-0.109818,0.027727,-0.178377,-0.227433,0.231431,0.240374,-0.085028,0.058607,0.106456,0.090634,0.308156,0.01614,0.376947,-0.236507,-0.19856,-0.147299,0.170257,0.197438,0.275237,-0.270489,-0.139629,0.118974,-0.018519,0.169976,0.104733,-0.081165,0.189783,0.141834,-0.019612,0.218211,-0.14405,-0.276022,-0.031063,0.036466,-0.078649,-0.132442,0.051134,0.087278,0.496246,-0.333423,0.01677,0.047042,0.255833,0.131163,0.154448,0.091701,0.194244,-0.140029,-0.180561,-0.137967,0.111198,0.194223,-0.370349,-0.039905,0.049448,-0.01475,0.099388,-0.165311,0.143592,-0.086364,-0.149295,-0.150082,-0.083032,-0.123991,-0.151668,-0.409157,-0.18475,-0.350565,0.073676,-0.082683,-0.183002,-0.25214,-0.229405,0.027369,-0.228264,-0.431725,0.104921,-0.129611,0.103899,-0.34247,0.01282,-0.537563,-0.180703,-0.017973,-0.034295,-0.063602,-0.0158,0.063803,-0.267456,-0.362667,-0.003719,-0.073695,-0.046799,-0.256495,-0.075173,-0.292949,-0.126993,-0.052755,-0.172013,0.349198,-0.124022,-0.000158,-0.041025,0.151142,0.023879,-0.21495,-0.138079,0.002944,-0.091765,0.354604,0.204311,-0.047444,-0.18039,-0.058291,-0.058291,-0.426602,0.031554,-0.188417,-0.03161,-0.135668,-0.078416,-0.140399,-0.23333,-0.270756,0.072047,-0.239552,-0.078883,-0.373411,-0.38448,-0.180786,-0.01297,-0.355302,0.029509,-0.129341,-0.13161,-0.025442,-0.235944,0.140831,-0.311519,0.24914,0.132724,-0.358531,-0.2667,-0.268925,0.062394,0.245697,-0.184306,-0.333896,0.008816,-0.159768,-0.103622,-0.166143,-0.115762,-0.155309,-0.144942,0.053494,-0.05554,0.344322,-0.088792,-0.247965,0.045858,0.371867,-0.331553,0.230543,0.162877,-0.00996,-0.058849,0.066798,0.192751,0.02066,0.151625,-0.272251,-0.185727,-0.178696,0.045525,0.024769,0.022457,-0.079475,0.378328,0.233417,-0.082191,-0.091001,0.159691,#
9,0.307518,0.231471,-0.135814,-0.560065,-0.091273,0.203404,0.321738,0.453166,0.146556,1.0,-0.094346,-0.091539,0.453936,0.709471,0.257367,0.245416,-0.345692,0.111141,0.270692,0.141424,0.240364,0.298587,0.399327,-0.008958,0.270184,-0.3991,-0.23742,-0.062403,0.155923,0.461821,0.222273,0.211089,0.282911,-0.355318,-0.023586,-0.250862,0.450105,-0.089176,0.210208,-0.560812,0.178712,0.417756,0.057815,0.102974,0.051358,-0.708861,0.241399,0.244285,-0.179516,0.259284,-0.211183,-0.037242,0.39635,0.0867,0.383926,0.260726,-0.436453,-0.387719,-0.286033,0.176334,0.627498,0.191935,-0.335404,0.102816,-0.249271,0.28733,0.008412,0.117328,-0.312437,0.093336,-0.05209,0.382305,-0.123604,0.050909,-0.332879,0.033208,-0.260897,-0.332795,0.08923,0.221683,0.106133,-0.373555,-0.410287,-0.003821,-0.335828,0.209521,-0.253743,-0.014534,0.228028,-0.431981,-0.013422,-0.172671,-0.258886,0.250651,-0.056271,0.040705,-0.566448,-0.219512,0.125291,-0.332303,-0.183292,0.052474,-0.420579,-0.348968,-0.120643,-0.096513,-0.637141,-0.19028,-0.179855,-0.286095,0.231403,0.33732,-0.430918,-0.105687,0.019281,-0.067636,-0.003124,-0.322605,0.525293,-0.48698,-0.163641,-0.467616,-0.08017,-0.103334,-0.252838,0.077898,0.271332,-0.026674,-0.20132,-0.348568,-0.133702,0.036591,-0.38972,0.222157,-0.476421,-0.33072,-0.490013,-0.414871,0.418298,-0.439496,-0.15669,0.076663,-0.441092,-0.512578,-0.627848,0.128079,-0.229328,0.027644,-0.324629,-0.103706,-0.381835,0.233848,-0.172888,-0.561014,-2e-05,-0.349075,0.57178,0.424535,-0.221855,-0.146999,-0.084943,0.085323,-0.284313,0.108827,0.402107,0.584512,0.169988,-0.021279,-0.265246,-0.05712,-0.090462,0.263401,-0.068098,-0.293792,0.421273,-0.411518,0.016944,-0.240902,0.745451,-0.440269,0.548299,0.151621,-0.563411,-0.170832,0.218467,0.097511,0.287404,0.022614,-0.518651,0.164016,-0.352764,0.016635,0.125692,0.156108,-0.159101,-0.080518,0.2255,-0.119819,0.186398,0.643698,#
10,0.288339,-0.026005,0.225483,-0.043923,0.334436,0.05482,0.064236,-0.250598,-0.051291,-0.094346,1.0,-0.120837,-0.045382,-0.160499,-0.236843,0.041139,-0.048721,-0.400546,0.164032,-0.404929,-0.213675,-0.111799,0.135211,0.419461,0.132882,0.186181,-0.061725,0.02597,0.206925,-0.065975,0.025846,0.180583,-0.207107,-0.479911,-0.04643,0.340222,0.407243,0.183226,0.025165,0.295672,-0.089473,-0.392733,-0.191692,-0.131836,0.169389,0.157966,-0.34311,0.077497,-0.060158,0.407178,0.058262,-0.137385,0.008354,0.143371,0.112631,-0.151488,-0.107935,0.054787,-0.015964,-0.286267,-0.398163,-0.071621,-0.130183,0.08427,0.032678,-0.007691,0.280462,0.032918,-0.109287,-0.076443,0.020412,-0.096054,-0.107526,0.18473,-0.063264,0.242111,-0.150825,-0.232837,-0.380717,-0.147221,-0.043059,0.094915,0.015295,0.199107,0.085361,-0.327106,0.187817,0.198316,0.030838,0.014614,-0.198385,0.016725,0.013985,-0.25263,0.277341,-0.13871,-0.163935,-0.282602,0.048816,-0.0566,0.1777,-0.067566,-0.124831,-0.231951,0.12854,-0.156196,-0.282446,0.517132,-0.122229,0.324026,-0.114451,0.154035,-0.05135,-0.170526,-0.07653,-0.056998,-0.435351,-0.033203,-0.379202,0.226634,-0.479937,0.369797,0.036979,-0.504631,-0.300324,-0.030039,-0.039824,-0.043465,-0.008452,-0.240409,-0.13497,-0.296866,-0.049113,-0.202782,-0.134085,0.107081,0.017611,0.128232,-0.102648,0.017043,-0.090854,0.255458,-0.307329,0.183644,0.336909,-0.141959,-0.195995,0.187482,0.041947,-0.007011,0.189734,0.006811,-0.242156,-0.070831,-0.050221,-0.059125,-0.270829,-0.076929,0.037612,0.118844,-0.056855,-0.329064,-0.022114,0.206231,0.136609,-0.213803,-0.211088,-0.160632,-0.205077,0.031434,0.208621,0.097556,0.042206,0.176634,-0.205764,0.12366,0.095088,0.267833,-0.033466,0.041636,-0.277643,0.120031,-0.04949,0.194951,0.127902,0.221398,0.106929,0.022359,0.267492,0.079361,0.21583,0.393894,0.261642,-0.02002,-0.171896,0.187219,-0.040394,-0.035864,-0.032673,-0.223192,#
11,-0.02808,-0.165669,0.053995,-0.362014,0.05819,0.548863,0.238483,0.253976,0.142,-0.091539,-0.120837,1.0,-0.008042,0.220323,-0.004516,0.025497,-0.054815,0.117356,0.11757,-0.048533,0.158712,-0.223428,-0.159868,0.020735,0.125953,0.223723,0.221323,0.083744,0.082605,0.126988,-0.134766,-0.001609,-0.196844,0.132809,-0.153993,0.062507,-0.185894,0.234146,0.016523,-0.246644,-0.089126,0.196449,-0.198397,-0.257274,-0.080768,-0.002245,-0.053792,-0.3247,-0.129005,0.026446,-0.074425,-0.25172,-0.157427,0.114495,-0.10045,0.03641,-0.261639,0.073109,-0.262531,-0.092999,-0.008496,-0.446892,-0.209476,0.332154,0.001054,0.328566,-0.004771,0.093336,0.406123,-0.409367,0.11706,0.134955,-0.057137,0.051663,0.100936,-0.014399,-0.131373,0.260192,-0.357293,-0.126722,-0.196339,-0.510788,0.02814,0.199018,-0.211869,-0.272269,0.042322,-0.102647,-0.122056,0.009644,0.124411,-0.418715,-0.145116,0.172085,-0.028161,-0.265066,-0.111655,-0.11846,-0.124068,-0.06202,0.022331,-0.076791,-0.280073,-0.208628,-0.174022,0.028243,-0.130539,0.082749,-0.104458,0.215005,-0.024064,0.142668,-0.523359,-0.300604,0.019444,0.108544,-0.237468,0.270618,0.152965,-0.267347,-0.076791,-0.146912,0.04265,-0.211776,-0.122912,-0.186624,-0.021591,0.075556,-0.000689,-0.068694,-0.271075,-0.112794,-0.045785,-0.118,-0.113278,0.127699,0.255262,-0.109131,-0.147571,-0.435195,-0.268276,0.35925,0.025126,0.006188,-0.129026,-0.273414,0.211032,0.036233,-0.287586,0.031702,-0.071509,0.248827,-0.061117,0.304746,0.210225,-0.073496,-0.05933,0.137031,-0.303666,-0.287232,-0.165283,-0.140765,0.055353,-0.273412,-0.193394,-0.000497,-0.195191,-0.00336,0.225268,0.207119,-0.049511,0.16091,0.188881,-0.267106,0.000755,-0.029854,-0.092785,0.320943,0.173045,0.026005,0.113081,-0.34414,0.005214,0.081571,0.340946,0.245117,-0.00553,0.053722,0.135844,-0.078252,0.046533,0.201208,0.123527,0.133974,-0.448897,-0.136592,0.177551,-0.215878,-0.149915,-0.208218,#
12,0.228217,-0.245648,-0.154381,-0.419733,-0.013604,0.283892,0.257279,0.69383,0.155605,0.453936,-0.045382,-0.008042,1.0,0.613757,-0.033387,0.302926,0.055239,0.112526,0.10663,0.093612,0.218634,0.204345,0.335194,-0.025062,-0.025276,-0.407827,-0.191624,-0.112822,0.175989,0.1716,-0.147559,-0.106394,0.343191,-0.009311,-0.377641,0.194442,0.379907,-0.114486,-0.071817,-0.27557,-0.141725,0.006641,0.183836,-0.220771,-0.297407,-0.447122,0.205048,0.015767,-0.10892,0.100234,-0.209519,-0.102436,0.202336,0.131004,0.494588,0.360616,-0.28142,-0.303838,-0.179708,-0.090373,0.253071,0.220965,-0.02014,0.329501,-0.367495,0.323767,-0.201747,0.495132,-0.30646,-0.022381,-0.06586,0.424378,-0.254536,-0.27407,-0.324934,0.077926,0.142337,-0.099491,0.170882,-0.089323,-0.016659,-0.211214,-0.307699,-0.398199,-0.130366,0.115767,-0.366559,0.064973,0.087394,-0.07866,-0.029468,-0.188458,-0.40014,0.288718,0.038861,-0.277128,-0.352854,-0.293228,-0.34067,-0.588386,0.113396,-0.097263,-0.48214,0.096214,-0.127561,-0.176024,-0.372807,-0.268373,0.169352,-0.480729,-0.300686,0.089782,-0.364917,-0.417868,-0.047969,-0.016854,0.008643,-0.06549,-0.138379,-0.064762,-0.042976,-0.568607,-0.263039,-0.304383,-0.254407,-0.102713,-0.025001,-0.187514,-0.316906,-0.181625,-0.228102,-0.008886,-0.323339,0.315183,-0.078291,-0.023245,0.239442,-0.837837,-0.164587,-0.240766,-0.065811,0.065319,-0.391792,-0.2721,-0.379585,-0.02109,0.100605,0.038507,-0.315122,-0.288357,-0.21904,-0.059344,-0.444865,-0.579651,0.336935,-0.55959,0.122209,0.391404,-0.285934,-0.338903,-0.056769,-0.166661,-0.12355,-0.210527,0.323579,0.087471,-0.106043,0.236293,-0.097816,0.266847,-0.077729,-0.21353,-0.325891,-0.202344,0.344132,-0.095841,-0.067058,-0.199866,0.427094,-0.399424,0.121852,0.35514,0.035031,-0.288225,0.057391,0.140553,-0.046313,0.140599,-0.387848,0.378393,-0.31001,-0.225563,0.284321,-0.192136,0.162375,0.088725,0.055036,-0.216884,-0.111445,0.324615,#
13,0.218897,0.182381,-0.092138,-0.694326,-0.240252,0.506776,0.483806,0.619681,0.140677,0.709471,-0.160499,0.220323,0.613757,1.0,0.221008,0.106825,-0.185139,-0.075294,0.266677,0.100987,0.52754,0.191687,0.336096,-0.002348,0.024013,-0.379142,0.074193,-0.04786,0.242013,0.344595,0.062841,0.182429,0.176017,-0.123559,-0.283494,-0.08648,0.340844,-0.02791,0.158076,-0.451876,0.048691,0.507157,-0.142102,-0.205133,0.128365,-0.751991,0.333657,-0.060337,-0.168194,0.155527,-0.149277,-0.15867,0.210684,-0.183419,0.236207,0.251398,-0.311315,-0.370025,-0.406428,-0.140368,0.583294,0.1564,-0.25787,0.127545,0.011242,0.542313,-0.219155,0.22283,-0.055808,-0.234611,-0.166159,0.412221,-0.239658,-0.042465,-0.331134,0.018318,-0.343023,-0.226637,0.010651,0.108461,-0.0319,-0.548846,-0.367921,-0.051611,-0.442626,0.15694,-0.369033,-0.019971,0.148906,-0.288699,0.047295,-0.322915,-0.345316,0.167429,-0.10857,-0.086047,-0.534448,-0.307654,0.09228,-0.596371,-0.07688,-0.140747,-0.548741,-0.421447,-0.331114,-0.169418,-0.376874,-0.433508,-0.045217,-0.406345,-0.004474,0.283558,-0.620561,-0.141948,0.070221,-0.076167,-0.258437,-0.089342,0.378047,-0.301302,-0.05923,-0.623337,-0.182423,-0.192836,-0.360739,-0.147251,0.112301,-0.332653,-0.464425,-0.423676,-0.273364,-0.056825,-0.436694,0.078737,-0.364502,-0.367402,0.129256,-0.525901,0.211747,-0.602798,-0.135154,0.175143,-0.242731,-0.448801,-0.596768,-0.158794,0.162431,0.010848,-0.554866,-0.097768,-0.266246,0.187286,-0.193402,-0.484413,0.078921,-0.455815,0.557116,0.272142,-0.282253,-0.405086,-0.222977,0.026257,-0.136459,-0.274732,0.274073,0.328572,-0.055655,-0.004689,-0.137128,-0.056376,-0.177881,0.089733,-0.228046,-0.479818,0.46195,-0.308384,0.102793,-0.114146,0.662531,-0.476875,0.411259,0.097278,-0.388103,-0.194466,0.349562,0.208435,-0.010985,-0.044133,-0.44141,0.40497,-0.372922,-0.042229,0.123398,0.106,-0.271952,-0.106023,0.358822,-0.267729,0.009246,0.445748,#
14,-0.129212,0.314045,-0.209256,-0.108323,-0.197051,0.009658,-0.006763,0.152649,0.066002,0.257367,-0.236843,-0.004516,-0.033387,0.221008,1.0,-0.097682,0.005556,0.038542,0.290027,0.135585,0.366998,0.040094,0.051848,-0.130601,-0.154899,-0.059104,0.074072,0.101095,0.329481,-0.030074,0.013447,0.18774,-0.174201,0.184904,-0.058729,-0.203048,-0.276441,-0.026162,-0.192181,-0.199627,0.397811,0.332254,0.070506,0.331483,0.299834,-0.198183,-0.082343,0.01209,0.191141,-0.048326,0.203245,-0.032711,0.201797,0.027805,0.093877,0.421117,-0.010026,-0.334157,0.063821,0.182054,0.290495,-0.060167,-0.055882,0.132674,0.284702,0.062066,-0.077162,-0.023384,0.045275,0.043864,0.011869,-0.021029,0.212487,0.113377,0.178217,-0.247132,-0.054406,-0.016261,0.148852,0.229085,0.002195,-0.1383,0.087765,0.118367,-0.010523,0.415638,0.066969,-0.050247,-0.105975,-0.22532,0.177473,0.107879,0.053217,0.274816,-0.127901,0.087168,-0.167876,0.158059,0.136468,-0.155477,0.175179,0.172963,-0.192702,-0.313735,-0.298129,-0.119154,-0.177988,-0.107717,-0.137735,0.079543,0.16235,-0.078428,0.02823,0.075946,-0.067619,0.023994,-0.154288,0.053755,0.328819,-0.21037,-0.02391,-0.127632,-0.192702,0.026287,-0.096044,-0.285347,-0.15995,-0.077017,-0.312276,0.12526,-0.078594,0.122546,0.037519,0.075033,-0.169693,-0.180609,-0.12881,-0.07185,-0.000672,-0.223422,-0.234147,-0.614172,-0.06381,0.145995,-0.065424,-0.089326,-0.18002,-0.186157,-0.207721,0.065564,-0.164875,-0.163922,0.157768,-0.042555,-0.380841,0.121081,0.273086,0.116626,-0.028294,0.131095,0.071,0.095618,0.064755,-0.238261,-0.396728,0.322176,0.464382,-0.252471,0.065073,-0.116526,-0.121643,0.06615,-0.098041,0.099453,0.028891,-0.092082,-0.107116,0.058804,0.351016,-0.048468,0.133434,0.32401,-0.011958,-0.049788,0.077703,0.149693,0.321231,-0.197312,0.208951,-0.01482,-0.192558,-0.289076,0.033076,-0.071354,-0.175631,-0.198236,0.082777,-0.103057,0.180872,-0.009862,#
15,0.179813,0.183071,0.100126,-0.214858,-0.142055,0.106627,0.428824,0.296006,-0.09102,0.245416,0.041139,0.025497,0.302926,0.106825,-0.097682,1.0,-0.037242,0.426889,0.1837,0.184282,-0.026655,0.156365,0.384175,-0.169278,0.148042,-0.288189,-0.16317,-0.070418,0.323036,0.108786,-0.204137,-0.17142,0.247942,-0.342677,-0.036127,-0.020524,0.367416,-0.041135,0.184761,-0.122455,0.122953,-0.090246,0.475827,-0.178177,-0.043523,-0.12951,-0.041401,0.223966,0.131066,0.29098,0.036858,0.103077,0.252703,0.046837,0.247332,0.135498,-0.151486,-0.351201,-0.00307,0.143176,-0.00886,0.299013,-0.013433,0.066468,-0.148848,0.156072,-0.217827,0.27942,-0.422141,0.101054,0.235103,0.330097,-0.110424,-0.336566,-0.150214,0.306723,0.137343,-0.153621,0.227861,0.111103,0.118205,-0.19574,-0.37809,0.061553,-0.145405,-0.227067,-0.379288,-0.232583,0.116845,0.129528,-0.269738,0.064868,-0.287542,0.155089,0.200833,-0.344612,-0.120071,-0.158001,0.007716,0.02812,-0.17559,-0.121857,-0.312896,0.028227,0.072638,0.071839,-0.249574,0.105697,-0.253075,0.029884,-0.209202,0.019209,-0.146218,-0.291602,0.137305,-0.011499,-0.052663,-0.253033,0.030246,-0.175961,-0.142148,-0.004719,-0.483509,-0.309502,-0.269871,-0.105175,-0.053124,0.330504,-0.216785,-0.226282,0.007537,-0.163166,-0.146532,0.244894,-0.19149,-0.033209,-0.065327,-0.253177,-0.052749,-0.142125,-0.341917,0.285759,-0.467947,-0.161582,-0.089258,0.260651,-0.139949,0.286134,-0.201965,-0.382967,-0.252053,-0.194312,-0.065416,-0.127813,0.11851,-0.344119,-0.072883,0.495567,-0.356869,-0.341998,0.259573,-0.113313,-0.082137,-0.041496,0.283568,0.061017,-0.299078,0.148545,-0.070039,0.019798,0.20832,0.011904,-0.007534,-0.257866,0.0678,-0.265376,0.059845,0.121638,0.306124,-0.418931,0.3459,-0.152078,-0.222602,0.193112,0.207716,-0.311894,0.259312,-0.0207,-0.190137,0.175086,-0.145141,-0.065044,0.115683,0.301984,-0.048836,-0.210969,0.02597,-0.230422,0.280108,0.35877,#
16,-0.120214,0.167503,-0.194172,0.264624,0.12222,0.036093,0.213033,0.068296,-0.028522,-0.345692,-0.048721,-0.054815,0.055239,-0.185139,0.005556,-0.037242,1.0,0.106384,0.008908,0.076719,-0.100014,-0.170688,-0.032365,-0.345739,-0.648019,-0.021152,-0.217186,-0.019424,0.122454,-0.311266,-0.401537,0.035558,0.165807,0.109747,0.04833,0.231772,-0.232519,-0.498396,-0.269011,0.366039,-0.13062,-0.293262,0.046475,-0.088208,-0.310555,0.269266,-0.194467,-0.345882,0.289481,0.295501,0.205415,-0.020425,-0.066093,0.07737,0.232258,0.171212,0.377868,-0.182344,0.145113,-0.270636,-0.292986,0.138735,0.257463,-0.047817,-0.052204,0.104299,-0.223593,0.162111,-0.158669,-0.197003,-0.181563,-0.428008,-0.06126,-0.428203,-0.095457,0.011693,0.197276,-0.117357,-0.007055,-0.152957,-0.107587,0.037822,0.17259,-0.358259,0.069907,0.000479,-0.003508,-0.311253,-0.157099,0.03255,-0.055697,-0.005004,-0.24754,-0.116206,0.126525,-0.257503,0.298427,-0.044428,-0.231796,0.224889,0.060437,0.135912,0.256052,0.251866,-0.167705,-0.062676,0.144158,-0.172971,-0.230003,-0.08828,-0.33336,-0.230052,0.113085,-0.05719,-0.289412,-0.116601,0.197114,0.135038,-0.399826,-0.202753,-0.102431,-0.16636,-0.109075,-0.36876,0.006382,-0.335579,-0.303502,-0.210097,-0.028921,0.204283,-0.061247,-0.426566,-0.045051,-0.206802,0.226176,0.185985,0.466212,-0.230096,-0.398392,0.086091,0.100289,-0.193,-0.060176,0.315203,-0.004191,-0.266555,-0.127191,0.230581,0.064679,-0.140162,0.225204,-0.280646,0.184334,-0.104736,0.03385,-0.12189,-0.384736,0.11683,-0.06462,0.328835,-0.117002,-0.062676,-0.054522,-0.322336,-0.42142,-0.022749,-0.03988,-0.108412,-0.271945,0.068172,-0.145772,-0.066188,-0.349218,-0.006043,-0.217385,0.180505,-0.092384,0.051447,-0.145573,-0.004008,-0.167047,0.079948,0.788419,0.118828,-0.020558,-0.400633,-0.190911,0.071186,0.245427,-0.261025,-0.043798,0.1942,-0.123202,-0.373604,0.119908,0.008605,-0.412483,-0.082738,-0.434872,-0.099898,#
17,-0.415859,0.102318,0.122257,0.197622,-0.362292,0.022671,0.216612,0.29379,-0.109818,0.111141,-0.400546,0.117356,0.112526,-0.075294,0.038542,0.426889,0.106384,1.0,-0.050972,0.271797,-0.085117,0.011151,-0.01572,-0.286873,0.253247,0.192223,-0.063821,-0.100676,-0.009056,-0.003892,-0.021357,-0.176393,-0.06318,0.043161,-0.143413,-0.03582,-0.050867,-0.137491,-0.002431,-0.428048,0.052638,0.172224,0.313378,0.234134,-0.145345,-0.032915,0.19365,0.038478,-0.240875,0.04607,-0.165674,0.28202,-0.033962,0.253988,0.169724,-0.052396,-0.000841,-0.024745,-0.061343,-0.081051,-0.055503,0.035986,0.109737,0.170469,0.017686,-0.031472,-0.202717,0.02097,-0.306782,0.138135,0.350976,0.245521,-0.006306,-0.368216,0.020719,0.046283,0.220058,0.098287,0.121983,-0.110635,-0.077749,-0.113605,-0.17381,0.229696,-0.209702,-0.003666,-0.17702,-0.210795,-0.276781,0.165516,-0.233125,-0.201445,-0.276462,0.32583,-0.132577,-0.325778,0.154243,0.006411,0.03852,0.148565,-0.15122,-0.003656,-0.193741,0.333212,-0.149938,0.09783,-0.065475,-0.130803,-0.175614,-0.021281,-0.072279,0.081568,-0.007252,-0.155077,-0.216743,-0.113752,0.412843,-0.129459,0.153352,-0.346254,0.038313,-0.245363,-0.371863,0.052827,0.0658,-0.159495,-0.082389,0.240537,-0.166427,0.13382,-0.003062,0.160683,-0.020498,0.240823,-0.077284,-0.008603,-0.154208,-0.180699,0.053055,-0.148412,-0.17226,-0.047461,-0.0034,-0.192174,-0.237769,0.357368,-0.246776,0.245503,-0.068924,-0.123371,-0.428786,-0.044863,-0.02233,-0.004372,-0.019509,-0.059216,-0.273237,0.425866,0.036003,-0.214817,0.171297,0.038872,-0.269345,0.138065,0.055202,0.378848,-0.056504,-0.065133,-0.056532,0.047117,0.133306,0.030096,-0.08988,-0.23564,0.089586,-0.19858,-0.197593,-0.153655,0.045154,-0.116962,0.348905,-0.273328,0.087736,-0.05988,0.108762,-0.323872,0.216376,0.226631,-0.17009,-0.113817,-0.016679,-0.216943,-0.050747,0.11619,-0.026544,-0.379341,0.026284,0.066914,-0.020219,0.318632,#
18,0.48561,0.643983,0.008744,-0.273703,0.069358,0.255244,0.267601,0.116697,0.027727,0.270692,0.164032,0.11757,0.10663,0.266677,0.290027,0.1837,0.008908,-0.050972,1.0,-0.026067,0.470729,0.122058,-0.004095,-0.050857,-0.011247,-0.093867,-0.048504,0.104817,0.155848,0.14275,-0.33487,0.198647,0.165596,0.048528,-0.168669,0.221729,0.078878,0.029677,-0.111118,0.022685,0.244892,0.288182,-0.230103,0.151478,0.28681,0.011818,0.051774,-0.148172,0.062927,0.128208,-0.038801,-0.137221,0.425084,0.053235,0.214204,0.165415,-0.109432,-0.436641,-0.361901,-0.103385,0.133139,-0.33763,-0.149049,0.167152,-0.063434,0.170936,-0.224772,0.067027,-0.13122,-0.39863,-0.018593,0.181881,0.004458,-0.001764,-0.099839,-0.109051,-0.111292,-0.063245,0.096391,0.233987,0.264077,-0.142221,-0.155398,-0.178475,0.085892,-0.158307,-0.122555,-0.181826,0.072712,-0.014424,-0.230868,-0.196286,0.014518,-0.140848,0.256463,0.003286,-0.150625,-0.069636,0.113244,-0.157691,0.270813,0.406915,-0.132424,-0.348256,-0.277754,0.051809,-0.190469,-0.005728,-0.21086,0.020168,0.141605,0.143884,-0.317732,0.011966,0.003843,0.527429,-0.122623,0.092357,0.045409,-0.094387,-0.198541,-0.094037,-0.422472,-0.171552,-0.48256,-0.137364,0.12052,-0.218448,-0.304849,-0.033023,-0.001597,-0.146697,0.013592,0.187168,-0.07203,0.021645,0.143463,0.02349,0.152523,-0.185822,-0.335603,-0.039267,-0.297668,0.037903,-0.054771,-0.292645,-0.226207,0.024916,-0.377842,-0.104727,-0.014896,0.01617,-0.148647,-0.373845,0.289678,-0.033198,0.317432,-0.010981,-0.461288,-0.15942,-0.150951,0.220679,-0.050032,-0.316978,-0.023463,0.006151,0.3188,0.196575,-0.100091,-0.262214,0.023778,0.293952,0.113387,0.123323,0.025131,0.022073,-0.001179,-0.15541,0.366544,-0.060928,-0.192515,0.304465,0.000847,0.23276,0.293282,0.313332,0.612487,0.121707,0.042711,0.362044,-0.106323,-0.055796,0.16093,-0.031479,-0.388222,0.059102,0.450562,-0.227435,0.023577,0.038153,#
19,-0.292021,0.032544,0.006687,-0.126977,-0.093371,-0.200092,-0.194148,0.041374,-0.178377,0.141424,-0.404929,-0.048533,0.093612,0.100987,0.135585,0.184282,0.076719,0.271797,-0.026067,1.0,0.241116,0.378429,0.060253,-0.02631,-0.096186,-0.316804,-0.015767,-0.14681,-0.187674,-0.202526,0.146822,0.184043,0.52147,0.290112,-0.170926,-0.464983,-0.026264,-0.038776,-0.201301,-0.197115,0.279627,-0.014344,0.125719,-0.04651,-0.262842,-0.178935,0.240041,0.290076,0.185567,-0.165941,0.058116,-0.112321,0.350889,-0.065928,-0.29504,0.012784,0.085934,-0.308559,0.43476,0.076264,0.04205,0.038647,-0.239072,-0.334811,-0.121762,0.020302,0.019206,-0.378428,-0.261917,0.370486,-0.267791,0.162367,0.221974,-0.047035,0.108885,-0.646394,0.256896,-0.00318,0.706351,0.29232,0.41721,0.233002,0.117887,-0.164012,0.316987,0.602265,0.113719,-0.081395,0.27849,0.076769,0.349925,0.493417,0.223981,0.287811,0.139603,0.29035,0.154299,0.267867,0.168262,0.175582,-0.351295,0.226544,0.127189,0.322606,0.515268,0.599903,0.025295,-0.264458,0.260169,-0.230803,0.208195,-0.275226,0.288989,0.24438,0.037469,0.279875,0.146864,0.157592,0.171732,-0.23156,0.276784,-0.201923,-0.218309,0.164629,0.123465,0.328404,0.272936,0.124194,0.329642,0.472769,0.613107,0.133714,0.277168,0.11042,0.397946,0.285489,0.1002,-0.010196,0.184006,0.29035,0.079213,-0.184902,-0.112235,-0.072029,-0.146627,0.291651,0.304332,-0.457045,0.06553,0.229482,-0.051287,0.087697,0.338402,0.076142,0.011892,0.177053,0.334829,-0.060588,-0.03251,0.068198,0.180025,0.234445,0.196216,0.076812,0.132016,0.162912,0.372674,-0.103065,0.153635,0.31355,-0.541914,-0.190901,-0.210885,0.018142,-0.33703,0.15941,0.294011,-0.472616,0.226194,0.144062,0.02841,-0.05955,-0.147102,-0.241511,-0.277393,-0.280504,0.325179,0.408137,-0.157584,-0.137241,0.10792,-0.288103,-0.48734,-0.015931,0.196424,-0.46732,-0.387816,0.033429,0.327424,0.163235,#
20,0.170071,0.405306,-0.049678,-0.122454,-0.347599,0.143332,0.135418,0.227773,-0.227433,0.240364,-0.213675,0.158712,0.218634,0.52754,0.366998,-0.026655,-0.100014,-0.085117,0.470729,0.241116,1.0,0.18505,-0.148236,-0.044609,-0.0065,-0.159084,0.100819,-0.013694,-0.216049,0.076797,0.224396,0.170802,0.190932,0.318162,-0.410409,-0.324588,-0.05881,0.091779,0.114378,-0.277481,0.492533,0.384276,-0.342403,0.091991,0.34596,-0.400879,0.144233,-0.184044,0.102284,-0.199866,-0.057991,-0.041741,0.385174,-0.153827,-0.134381,-0.035177,-0.086734,-0.407044,-0.400564,-0.168755,0.18935,0.074154,-0.184038,0.060139,0.268531,0.081118,-0.378473,-0.146166,0.034341,-0.154181,-0.22383,0.35374,-0.082279,-0.023064,-0.253672,-0.413897,-0.008827,0.036852,0.342881,0.275366,0.333868,-0.286033,0.128678,-0.081556,0.047459,0.132495,-0.026397,0.413474,0.271798,-0.033821,0.036873,-0.063784,0.123097,-0.005079,0.182372,0.104047,-0.149346,-0.238254,0.434015,-0.259219,0.256953,0.300699,-0.154883,-0.098711,-0.172501,0.118357,0.128429,-0.231808,0.061922,-0.254729,-0.052391,0.346587,-0.296596,0.013848,0.255216,0.209791,-0.10719,0.227924,0.297175,-0.091006,0.104761,-0.215166,-0.176591,0.049657,-0.302319,-0.012611,0.01785,-0.35034,-0.309951,0.047294,-0.075687,0.118345,-0.003778,0.20404,-0.066323,0.098746,0.23361,-0.129804,0.077219,-0.205069,0.093918,0.069986,0.140896,-0.032337,-0.07475,-0.161971,0.207522,-0.161314,-0.242311,0.029099,-0.026928,0.116954,0.091359,-0.097893,0.222568,0.032145,0.374014,-0.173364,-0.095827,-0.145615,-0.113539,0.003556,0.238967,-0.329055,-0.011552,-0.00435,0.393314,0.22236,0.219784,-0.204659,-0.231962,0.201798,0.011123,-0.043377,0.060026,0.017419,0.031399,-0.277423,0.18429,-0.062689,-0.196886,0.047392,-0.120984,-0.197389,0.022036,0.088249,0.013557,-0.253572,-0.128543,0.259068,-0.260476,-0.266912,-0.113362,-0.100511,-0.122496,-0.308733,0.377874,-0.396069,-0.037649,0.03724,#
