0,1.0,-0.145295,-0.086555,-0.225691,0.195605,0.191971,0.079473,-0.038619,-0.274649,0.013466,0.146344,0.122329,0.130479,0.249989,-0.026072,0.118465,-0.104827,-0.490868,0.27452,-0.236126,0.560708,-0.127232,-0.008591,-0.409782,-0.187769,-0.466465,-0.042755,-0.260774,0.264244,0.278209,0.094337,0.054831,0.107693,-0.100651,0.016081,0.090904,0.312957,-0.174035,-0.15252,-0.083377,0.297724,0.245236,-0.132372,0.040444,-0.150762,-0.167409,-0.267541,-0.068902,-0.061531,0.031432,-0.064985,-0.331117,0.333784,0.131513,0.430207,-0.060004,-0.289894,-0.008228,-0.374705,0.170132,0.358587,0.219349,0.095732,0.2063,-0.123002,0.142737,-0.185644,0.367202,-0.284203,-0.33136,-0.080392,-0.123814,-0.326642,0.00337,-0.25532,0.247031,-0.296129,-0.178972,-0.445051,-0.027885,-0.302543,-0.605635,0.033308,-0.061446,-0.072847,-0.27403,-0.258979,0.03925,-0.060792,-0.257068,-0.251986,-0.273565,-0.034099,-0.341506,-0.0191,-0.423392,-0.418709,-0.081393,-0.151522,0.176149,0.241727,-0.138359,-0.408522,-0.262962,-0.077442,-0.269734,0.047254,0.245382,-0.257801,0.113174,0.084265,0.350191,-0.489339,-0.247152,0.145884,0.25246,-0.388057,-0.14733,-0.274212,-0.075211,-0.427786,0.246491,0.133714,-0.266106,-0.084231,-0.221852,-0.393711,0.134167,-0.301163,0.023828,-0.011893,-0.613404,-0.055542,-0.029111,-0.389309,0.048825,-0.082958,-0.033554,0.189378,-0.471499,-0.170162,0.230703,-0.03251,0.014542,-0.22532,-0.233036,-0.01706,0.059571,-0.310715,-0.305092,-0.050513,-0.222613,-0.243127,-0.402556,0.236562,-0.156113,0.254958,0.088223,-0.25653,-0.165645,0.112091,-0.418017,0.107576,-0.358192,-0.133045,-0.364008,-0.429764,0.104643,-0.025249,-0.231754,0.112456,0.271837,-0.353823,-0.021148,-0.198276,0.081398,-0.184418,0.176688,0.051383,0.076324,0.082097,-0.093132,0.085699,0.449396,0.319148,0.234173,0.191877,-0.186784,0.056211,0.258247,-0.354478,0.085549,0.328658,-0.100594,-0.240987,0.171926,0.067176,-0.395232,-0.234469,0.12162,#
1,-0.145295,1.0,-0.000862,-0.352591,-0.104657,0.097131,0.230355,0.205106,-0.100021,0.431852,-0.16992,0.15249,0.192969,0.429184,0.499601,0.18831,-0.314223,0.20504,0.375971,0.185483,0.089742,0.059525,0.312522,0.304973,-0.070395,-0.180946,-0.017759,0.056459,-0.077567,0.311625,-0.063862,0.297351,0.131492,-0.124116,-0.332005,-0.062458,-0.007067,-0.104135,0.022523,0.120351,0.073348,0.230468,-0.123953,-0.216426,0.48799,-0.292847,0.249413,-0.096723,0.156673,0.287517,-0.030473,0.085647,0.080633,-0.174895,-0.249136,-0.161706,0.024909,-0.431896,-0.228761,-0.208283,0.138439,0.023863,-0.455052,-0.292174,0.608095,0.174548,-0.042955,-0.225861,0.08083,-0.207092,0.153119,0.113573,0.165768,-0.187784,0.079712,-0.184571,-0.298115,-0.197872,-0.015773,0.114031,0.26173,-0.306069,-0.242121,0.191013,-0.190441,-0.094587,0.002019,-0.301884,0.098585,0.077448,-0.004504,-0.202756,-0.127781,-0.030292,-0.027426,-0.049744,0.041289,0.190705,0.544669,-0.170104,-0.071314,0.070166,-0.069049,-0.097102,-0.299525,0.068145,-0.377517,-0.187933,-0.253181,-0.069902,0.161876,0.347758,-0.221656,0.14299,-0.145495,0.047528,-0.163959,0.185995,0.4609,-0.472225,-0.134853,-0.227367,-0.341038,-0.026775,-0.366918,-0.06637,0.19039,0.352399,-0.269392,-0.194615,0.100746,0.26005,-0.177184,-0.509394,-0.13451,-0.395662,0.25079,0.229162,-0.175708,-0.008083,0.091937,-0.035494,-0.338668,-0.147704,-0.017643,0.031301,-0.177716,0.106142,-0.217734,-0.132741,-0.277486,-0.154844,0.184255,-0.005729,-0.095709,-0.077194,0.275282,-0.009584,-0.295358,-0.141469,-0.174554,0.172658,-0.00768,0.122927,0.194933,0.406894,-0.093676,-0.035428,-0.253181,-0.338031,-0.191186,-0.049112,0.061046,-0.040218,-0.023566,-0.185286,0.007666,0.174318,0.307541,-0.324588,0.271695,-0.138858,-0.596088,0.018344,0.266676,-0.253096,0.394383,-0.365454,-0.052571,0.235236,0.073742,-0.116797,-0.040193,0.423883,-0.072138,-0.346991,-0.091603,0.042934,0.548071,-0.019968,#
2,-0.086555,-0.000862,1.0,0.194625,-0.113202,-0.267169,0.070335,0.0552,0.077902,0.10264,-0.006247,-0.229993,-0.116031,-0.109203,-0.119615,-0.075881,-0.477913,0.361733,-0.239422,0.082079,-0.174644,0.41442,-0.050747,-0.055362,0.460605,-0.050471,0.230845,0.035402,0.131528,-0.215308,0.243739,-0.073974,-0.401388,-0.211291,0.079865,-0.059631,-0.058986,0.15717,0.339231,-0.418004,0.195676,0.081969,0.173776,-0.083483,-0.118991,-0.051948,-0.065511,0.593926,-0.059263,-0.27457,-0.098055,0.028565,0.345219,0.081482,-0.269003,-0.049438,-0.109253,-0.17135,0.012472,0.299181,0.05802,-0.115239,0.02762,-0.364048,0.019868,-0.160524,0.296951,0.021599,0.098771,0.523132,0.300809,0.317454,0.20596,0.178003,0.197087,-0.095316,0.041168,-0.089439,0.100998,0.07453,0.234541,0.09801,-0.136751,0.373626,-0.251055,0.211721,0.129516,0.011853,0.075574,0.196452,0.12237,-0.029017,0.378749,0.377578,0.025661,0.129362,0.397092,0.198362,0.171385,0.154406,0.009662,0.130206,0.146433,0.221763,0.090994,0.391017,0.19535,0.184797,-0.39315,-0.050076,0.493098,-0.151233,0.219975,0.08632,0.384542,0.029696,-0.062308,-0.011066,0.188871,0.134755,0.386051,0.109007,0.05765,0.321019,0.198742,0.27442,0.199697,0.12028,-0.067746,0.312766,0.591315,0.212117,0.35122,0.194437,0.065088,-0.087921,-0.40189,0.312092,0.47672,0.343467,-0.049283,0.002164,0.17962,-0.099081,0.01622,0.241769,-0.428494,0.070223,0.393173,0.211997,0.056762,0.06018,0.268205,-0.081885,0.028051,0.263781,-0.031107,0.088746,0.312235,0.168215,0.433402,0.261875,-0.14784,0.366113,0.340036,-0.207038,-0.031067,-0.115812,-0.187826,0.183149,-0.162157,-0.167363,-0.084844,0.187025,-0.173925,0.092743,0.147027,-0.012223,-0.046881,0.01791,0.201326,-0.00071,-0.281657,-0.177664,-0.267094,0.248674,0.172759,0.172058,-0.022371,0.005083,0.010855,-0.277168,-0.166912,0.439577,-0.155668,-0.000281,-0.219704,0.306179,0.206682,0.13157,#
3,-0.225691,-0.352591,0.194625,1.0,0.074669,-0.440216,-0.479547,-0.486557,-0.026361,-0.503575,0.010205,-0.27262,-0.465032,-0.487703,-0.284744,-0.366543,-0.00823,0.058344,-0.22678,0.124918,-0.224899,0.005198,-0.252257,0.146688,0.041147,0.387097,0.336323,0.254657,-0.128436,-0.415411,-0.008785,0.102239,-0.100805,-0.015691,0.344596,-0.104076,-0.234699,0.034665,-0.108307,-0.037331,-0.037966,-0.325258,0.202337,0.379173,-0.125094,0.587077,-0.119555,0.145194,-0.018,-0.407961,-0.076712,0.335193,0.093923,-0.06074,-0.351009,-0.050425,0.384638,0.253209,0.381509,0.152003,-0.306294,-0.133712,0.195167,-0.224477,-0.135814,-0.360587,0.123418,-0.119483,0.040507,0.102769,-0.150795,-0.026989,0.278727,0.049133,0.128551,-0.162277,0.298432,0.288514,0.128708,-0.092546,-0.020752,0.620523,0.218752,-0.088587,0.488356,0.291948,0.421482,0.199757,0.062458,0.008377,-0.010828,0.464393,0.34258,-0.0359,0.305069,0.311297,0.573602,0.207521,-0.14871,0.366226,0.008126,0.083148,0.678262,0.175497,0.533236,0.304094,0.464393,0.117858,0.217258,0.080726,-0.058635,-0.310457,0.45284,-0.004472,0.211574,0.014336,0.080734,0.125589,-0.216404,0.414991,0.3655,0.506766,0.516535,0.435186,0.259159,0.334899,-0.087009,-0.216304,0.498406,0.449028,0.219789,0.180013,0.527064,0.070623,0.383973,0.253532,-0.009362,0.208876,-0.039799,0.60391,0.287781,-0.047135,0.344494,0.161389,0.459942,0.229487,0.294039,-0.306917,0.447077,0.035736,0.161155,0.269648,0.167932,0.491353,0.046012,0.457519,-0.220335,-0.481544,0.5266,0.277581,-0.080973,0.325859,0.010626,0.093748,-0.117834,-0.253184,0.34984,0.214376,0.18373,0.354916,0.037355,-0.279319,0.285063,0.456882,-0.367633,0.547414,0.241601,-0.174865,-0.601882,0.441997,-0.384018,-0.111738,0.308219,-0.129877,-0.395642,0.112147,-0.019722,0.145524,0.511839,-0.285667,0.39101,-0.146891,-0.271499,-0.149174,-0.073363,-0.086589,-0.146348,0.127915,0.143826,-0.554544,#
4,0.195605,-0.104657,-0.113202,0.074669,1.0,0.020336,-0.056665,-0.000714,-0.137457,-0.299658,0.270592,-0.16209,-0.02133,-0.237109,-0.166107,-0.423349,0.080633,-0.373469,0.117131,-0.247791,-0.218802,-0.291088,0.010148,-0.077134,-0.039307,-0.213864,-0.112002,0.21305,-0.214979,0.134284,-0.309165,-0.342642,-0.189466,-0.02969,0.096677,-0.02676,-0.025123,-0.112023,0.155334,0.502435,0.092681,-0.333907,-0.327867,-0.005756,-0.031235,0.200209,-0.10674,0.12111,0.215553,0.053915,-0.040205,-0.038095,-0.065736,0.092581,0.171622,-0.086155,0.068669,0.344925,-0.120559,-0.327839,-0.253837,-0.163158,-0.091494,0.15303,-0.181705,0.176393,0.443366,-0.134972,0.319318,-0.209144,0.082832,-0.266712,-0.08201,0.288085,0.227811,0.241093,-0.110708,-0.35128,-0.258891,-0.310649,-0.283434,-0.164048,0.195007,-0.034352,-0.101034,-0.115422,0.185829,0.268414,-0.010994,-0.251532,0.092713,-0.130695,0.295439,-0.340984,-0.163203,0.043481,0.14266,-0.039087,-0.086038,-0.023115,0.064411,0.02994,0.226683,-0.278874,-0.061922,0.056063,0.019217,-0.061689,-0.263067,-0.011888,0.045506,0.200933,0.150808,-0.057512,-0.060862,0.045181,-0.174369,0.378129,-0.239656,0.265377,-0.2582,0.088818,0.405023,-0.068391,0.431443,0.167879,-0.186946,-0.009692,0.131424,0.040637,-0.175741,-0.423285,-0.047208,-0.372607,-0.057538,0.227239,-0.032863,0.151678,-0.099099,0.169756,0.02123,-0.123938,-0.058997,0.090902,0.006146,-0.354814,-0.332156,0.059492,0.156627,-0.049985,0.032155,-0.007307,-0.23162,-0.078636,0.061183,-0.350929,-0.164634,-0.06963,-0.060298,0.219144,-0.265758,-0.278762,-0.285235,0.111113,0.140872,-0.336643,-0.0638,-0.004361,-0.034534,0.108884,-0.083194,-0.214036,0.02994,-0.016612,0.190004,0.233708,0.166819,0.527775,-0.062573,0.053991,-0.305213,0.118557,0.270845,0.275951,0.159847,-0.027779,-0.338612,-0.387833,0.260046,-0.184962,-0.095829,0.086244,0.366731,-0.119192,-0.205567,0.364145,-0.114181,0.004408,-0.343994,-0.231137,#
5,0.191971,0.097131,-0.267169,-0.440216,0.020336,1.0,0.543058,0.597445,-0.0023,0.334944,0.130795,0.382106,0.379965,0.526288,0.365971,0.234783,0.159064,0.092323,0.532651,0.066172,0.334577,0.11139,0.229466,0.174945,-0.177754,-0.072006,0.075729,-0.173991,0.237,0.156665,-0.099037,0.026392,0.016394,-0.055088,-0.233835,-0.140047,0.260335,0.05347,-0.112476,-0.224903,-0.032302,0.343376,0.058457,-0.037724,0.05672,-0.552417,0.059677,-0.062237,0.170792,0.233664,-0.296708,-0.139373,0.20445,0.227406,0.351482,0.429557,-0.249625,-0.285905,-0.226279,-0.209478,0.370247,-0.330148,-0.188413,0.52418,-0.087873,0.733738,0.064302,0.252857,-0.131886,-0.135555,0.028367,0.264467,-0.46538,0.086779,-0.027376,0.348232,-0.387357,-0.137868,0.070794,0.012457,-0.030065,-0.367389,-0.178418,-0.095452,-0.109376,-0.193507,0.070794,0.06622,-0.003634,-0.486141,-0.143878,-0.283578,-0.280169,0.080235,-0.099438,-0.312707,-0.313169,-0.418729,0.053892,-0.451307,0.077505,0.086886,-0.493008,-0.457531,-0.319566,-0.209713,-0.282004,-0.038187,0.029109,-0.194608,0.069546,0.181659,-0.455823,-0.361657,0.117236,0.101077,-0.557161,0.072593,0.346659,-0.372853,-0.266123,-0.53434,-0.048351,-0.698625,-0.19307,-0.096396,-0.258791,-0.072007,-0.261054,-0.349334,-0.346691,-0.061363,-0.258318,0.111631,-0.388625,-0.114474,0.27348,-0.456047,-0.129984,-0.642237,-0.10125,0.078254,-0.274861,-0.239675,-0.27735,-0.246136,0.170962,0.186446,-0.265895,-0.140138,-0.055662,0.041274,-0.134928,0.050869,-0.142189,-0.416378,0.388906,0.486052,-0.3151,-0.114474,0.120053,-0.156946,-0.251796,-0.218575,0.160872,0.280438,0.15622,0.05013,0.038439,0.350565,0.152668,0.070087,-0.146512,-0.106411,0.2859,-0.425475,-0.091487,-0.096685,0.401614,-0.243417,0.344762,0.299486,-0.117936,0.121509,0.60164,0.28137,0.185325,0.004643,-0.125481,0.152016,-0.233712,-0.088479,0.376463,-0.230595,-0.475419,-0.080707,0.474319,-0.199476,-0.300845,0.222168,#
6,0.079473,0.230355,0.070335,-0.479547,-0.056665,0.543058,1.0,0.729864,0.2544,0.57966,0.042209,0.284912,0.519323,0.447152,0.081082,0.099463,0.035638,-0.002764,0.247724,-0.065413,0.054664,0.404413,0.167188,0.215877,0.075323,-0.187486,0.189261,0.031497,0.5086,0.167816,-0.318842,-0.056668,0.091627,-0.215481,-0.05364,-0.05904,-0.030846,0.011485,0.130274,-0.368602,0.16652,0.173487,0.17014,-0.316661,-0.048686,-0.520238,-0.071551,-0.155146,0.088884,0.420404,-0.114851,-0.132842,0.182284,-0.033297,0.234541,0.332383,-0.122683,-0.508221,-0.239712,0.293709,0.286547,0.13102,-0.173132,0.130467,0.009141,0.543722,0.120004,0.189273,0.087307,-0.004145,0.222662,0.195805,-0.423113,0.003734,0.03364,0.197101,-0.147686,-0.089928,-0.03289,0.078139,-0.117444,-0.266784,-0.305843,-0.01291,-0.226502,0.21954,-0.016656,-0.190959,0.406246,-0.232938,0.09137,-0.377781,-0.221613,-0.00252,0.183506,-0.235128,-0.043809,-0.153919,0.184538,-0.554787,0.040198,0.126432,-0.386528,-0.203934,-0.369891,0.20073,-0.35998,-0.344858,-0.159153,-0.28826,-0.199207,0.036559,-0.344912,-0.30719,0.054191,-0.196512,-0.290855,0.31827,0.169365,-0.258541,-0.022717,-0.459295,0.039348,-0.635174,-0.339668,-0.15255,0.167663,0.06874,-0.299606,-0.293505,-0.264481,-0.169692,-0.505432,0.022749,-0.124619,-0.067517,0.300581,-0.401654,-0.149841,-0.374968,-0.054791,-0.131822,-0.409231,-0.164315,-0.338601,-0.240904,-0.113602,0.15236,-0.148872,-0.087163,0.046776,0.125208,0.099711,-0.069972,0.003267,-0.53359,0.086037,0.259621,-0.144777,-0.067517,-0.258151,-0.099245,-0.205237,0.033637,0.321572,0.300628,0.198481,0.118959,-0.150171,0.38556,0.070249,0.048391,-0.09825,0.011213,0.5319,-0.295468,0.320567,-0.03741,0.63476,-0.502993,0.372222,0.537141,-0.075564,-0.332583,0.293547,0.01312,0.012357,0.130699,-0.186037,0.20892,-0.279639,-0.038437,0.274044,0.017442,-0.222061,-0.013908,-0.020682,-0.073169,-0.193181,0.293667,#
7,-0.038619,0.205106,0.0552,-0.486557,-0.000714,0.597445,0.729864,1.0,0.161088,0.540654,-0.060749,0.067015,0.762312,0.514557,0.23389,0.126556,0.000902,0.293844,0.278563,0.14008,0.023807,0.479787,0.16031,0.085644,0.021412,-0.237853,0.033461,-0.204135,0.226826,0.27125,-0.175912,-0.106568,0.044632,0.062479,-0.420973,0.07051,-0.091355,0.019086,-0.072541,-0.364299,0.028446,0.299418,0.146271,-0.126289,-0.111812,-0.646728,0.173015,-0.187989,0.08302,0.080252,-0.228549,0.015183,0.294244,-0.002103,0.399803,0.340122,-0.358411,-0.360534,-0.156502,-0.15628,0.476653,0.008735,-0.195307,0.329087,-0.013623,0.548023,-0.063295,0.345612,0.11956,0.003249,0.301225,0.398727,-0.580167,-0.306461,0.001946,0.326264,0.009266,-0.002263,0.281075,-0.173512,0.138374,-0.441554,-0.54267,-0.118602,-0.468857,0.012018,-0.111849,-0.041345,0.208704,-0.19949,-0.098604,-0.520189,-0.426455,0.24016,-0.183324,-0.151079,0.022204,-0.09076,0.153482,-0.667188,-0.014597,-0.002263,-0.199763,-0.163483,-0.268895,-0.010289,-0.499441,-0.203675,-0.043966,-0.599521,-0.12283,0.302813,-0.37357,-0.34025,0.014181,-0.26211,-0.227932,0.083728,0.218028,-0.444478,0.043315,-0.739489,-0.264953,-0.598772,-0.269177,-0.023838,0.090892,0.165331,-0.180308,0.004141,-0.17084,-0.021201,-0.295166,-0.070971,-0.24971,-0.227932,0.219861,-0.598772,0.008222,-0.321612,-0.213085,-0.076231,-0.411546,-0.298115,-0.156255,-0.11298,-0.220674,0.20573,-0.155453,-0.26852,-0.112955,-0.186357,-0.088638,-0.286845,-0.051909,-0.582806,0.109298,0.278367,-0.265143,-0.227932,0.007486,-0.113228,-0.369124,0.162857,0.531143,0.343841,0.063167,0.067763,-0.305667,0.28124,-0.156325,-0.17508,-0.264132,0.035626,0.647953,-0.347819,0.149616,-0.118966,0.587439,-0.427996,0.395459,0.515111,-0.080163,-0.280745,0.330423,0.021092,0.093913,-0.096639,-0.390222,0.31912,-0.202775,-0.29956,0.49742,-0.101013,-0.221443,-0.038673,0.158391,0.107086,-0.197984,0.137754,#
8,-0.274649,-0.100021,0.077902,-0.026361,-0.137457,-0.0023,0.2544,0.161088,1.0,0.18393,-0.06565,0.002459,0.141172,0.102166,0.151827,-0.085469,-0.094051,0.249085,-0.329123,-0.082023,-0.229939,0.455251,-0.012048,0.342147,0.12436,0.345235,0.244646,0.26715,0.120026,-0.031583,0.060351,-0.34102,-0.02213,-0.050428,0.101516,0.00065,-0.239022,-0.216863,0.481262,-0.237857,0.145147,-0.172731,-0.115529,-0.098214,0.172915,-0.008161,-0.116407,0.09823,0.075588,0.060535,-0.035328,-0.081159,-0.258808,0.249431,-0.051394,0.540434,0.088181,-0.34601,-0.130052,0.429139,-0.022104,0.024667,0.030852,0.074967,0.062774,-0.048553,0.090788,0.19246,0.280442,0.276249,0.144041,0.161085,0.014395,0.083482,-0.10439,-0.168309,0.051004,0.050383,0.037003,-0.190393,0.197158,0.149194,-0.184993,-0.052407,-0.092422,0.379264,0.350356,-0.13503,-0.04943,-0.066304,0.435241,0.009009,-0.07696,0.498859,0.156207,0.176248,0.062304,-0.035262,-0.315573,-0.369865,0.274524,0.448535,0.077729,0.496563,-0.070634,-0.110665,0.035147,0.011821,-0.050265,-0.204734,-0.201206,-0.340163,-0.033035,-0.290945,0.225187,0.026288,0.221385,0.052339,0.189389,0.017832,0.303959,-0.297517,0.099784,-0.050265,0.016167,-0.054511,0.261901,-0.030789,-0.243267,-0.149482,-0.02694,0.222414,-0.373736,0.050832,0.103816,0.221385,0.18886,-0.050265,-0.24591,0.021575,0.239563,-0.09812,-0.064721,-0.081329,-0.342844,-0.393971,-0.033963,0.134717,0.161627,0.109814,0.354667,0.06227,0.257835,-0.083466,0.242804,-0.146023,0.140526,0.11149,-0.061413,0.229506,-0.119722,0.255249,0.182627,0.061746,-0.217646,0.145478,0.12161,0.023604,-0.271026,0.303959,-0.09646,-0.237063,0.236129,0.325465,0.158604,0.069504,-0.188384,-0.129412,0.250193,-0.263329,0.180401,0.291288,-0.093726,-0.386229,-0.213769,0.145074,-0.339945,0.146431,-0.374271,-0.214019,-0.35189,-0.159341,-0.063783,-0.071412,0.025905,0.278344,-0.127518,-0.027716,-0.185804,0.106595,#
9,0.013466,0.431852,0.10264,-0.503575,-0.299658,0.334944,0.57966,0.540654,0.18393,1.0,-0.201745,0.129784,0.522554,0.764573,0.274666,0.443612,-0.275045,0.271937,0.088661,0.098009,-0.113838,0.468168,0.339577,0.345049,0.145984,-0.148763,0.053498,-0.122583,0.264365,0.498713,0.124276,0.381599,0.476309,-0.269259,-0.274911,0.141652,0.122445,-0.057424,0.154166,-0.442765,0.080302,0.279269,0.048317,-0.069832,0.149192,-0.677753,0.128352,-0.013317,-0.039038,0.494637,-0.046458,-0.004746,0.095056,-0.188813,0.124221,-0.028459,-0.093438,-0.501161,-0.232179,0.16689,0.561907,0.236929,-0.495965,-0.053699,-0.033102,0.328215,-0.07774,0.369278,-0.263375,0.197885,0.118839,0.422559,-0.327809,-0.230549,-0.096078,0.168626,-0.097847,-0.171979,-0.121386,-0.053496,0.188695,-0.469412,-0.516596,0.265813,-0.410114,0.07938,-0.099542,-0.123676,0.276223,-0.281818,-0.073603,-0.275395,-0.441579,0.34964,0.166537,-0.138429,-0.267499,-0.216986,0.233821,-0.518986,-0.117562,0.06001,-0.218897,-0.051657,-0.046345,-0.111771,-0.57755,-0.111874,-0.270589,-0.389239,0.059071,0.374273,-0.335264,-0.125521,-0.081581,-0.307576,-0.369772,-0.113599,0.532303,-0.642091,-0.080536,-0.453448,-0.02394,-0.492104,-0.464256,-0.052465,0.247384,0.222477,-0.214566,-0.367498,-0.201943,0.216214,-0.374985,-0.226981,-0.517212,-0.350306,0.138834,-0.270589,0.122686,-0.441006,0.074149,0.186422,-0.443482,-0.311762,-0.334242,0.072052,-0.033158,0.247013,-0.324582,-0.134375,-0.248295,-0.107049,0.082218,-0.256873,-0.125068,-0.34856,0.287114,0.265975,-0.257634,-0.130301,0.060915,-0.083207,-0.08488,0.246987,0.414718,0.651716,-0.24233,0.003923,-0.492104,0.1309,-0.149203,0.004056,-0.153122,0.004342,0.328678,-0.43699,-0.033251,0.036813,0.752717,-0.598645,0.572644,0.117134,-0.609681,-0.223653,0.324087,-0.163298,0.311558,-0.028577,-0.546081,0.115927,-0.094466,0.006944,0.150044,0.48098,-0.243222,-0.203904,-0.137219,-0.033119,0.330278,0.287737,#
10,0.146344,-0.16992,-0.006247,0.010205,0.270592,0.130795,0.042209,-0.060749,-0.06565,-0.201745,1.0,-0.260663,-0.083691,-0.311934,-0.121611,-0.189214,-0.183041,-0.313794,0.078846,-0.188254,-0.015541,-0.179846,-0.059269,0.180259,0.049813,0.029125,-0.161436,0.123758,0.017943,-0.188564,0.164747,-0.018964,-0.44095,-0.377184,0.249652,-0.151783,0.504692,0.203026,0.049313,0.143888,-0.009164,-0.250505,0.025984,-0.041785,0.16717,-0.162076,-0.358227,0.220792,0.069575,-0.004388,-0.290348,0.120086,0.040927,0.129727,0.170942,0.274116,-0.346231,0.27797,-0.130905,-0.133482,-0.26212,-0.126991,0.109863,0.09191,0.113032,0.052064,0.148538,-0.147187,0.26081,0.06957,0.327154,-0.290978,-0.056766,0.350839,-0.042143,0.305667,-0.049521,-0.103981,-0.036868,-0.112541,-0.064362,0.100508,0.065459,0.17073,0.134689,-0.050864,0.269181,0.006421,0.062609,-0.030278,-0.017849,0.091685,0.153675,-0.098698,-0.070765,0.114399,-0.073419,-0.113982,0.201615,0.04191,-0.001687,-0.130565,0.019246,-0.425943,-0.101189,-0.186686,-0.214646,0.195809,-0.00508,0.18945,0.126789,-0.10623,-0.241344,-0.043484,0.062033,-0.060887,-0.131087,-0.170537,0.014401,0.171453,-0.384206,0.117766,0.188989,-0.030479,-0.130299,-0.075009,0.051551,0.098405,-0.090579,-0.110698,-0.126809,-0.210922,-0.141547,0.180505,0.039766,0.27063,-0.233366,-0.030479,-0.048851,-0.05693,0.064561,0.279668,-0.199131,-0.216078,0.257232,0.003785,-0.009153,0.133926,0.268828,0.156234,0.122313,0.254594,-0.024276,-0.003052,0.000673,-0.134721,-0.155313,-0.002384,0.101056,0.052003,-0.102935,0.120077,-0.035743,0.322396,0.186788,-0.120686,0.175675,-0.078454,0.003387,0.175409,0.344592,0.152283,0.277341,0.079349,-0.044092,0.015479,0.22853,0.11429,-0.136851,0.124926,0.002941,0.040399,-0.029782,0.186783,0.104257,0.144674,-0.073366,-0.084417,0.016728,0.216438,-0.131246,0.152118,0.320483,-0.417676,0.001576,0.237666,0.189637,0.1059,-0.091383,-0.032452,#
11,0.122329,0.15249,-0.229993,-0.27262,-0.16209,0.382106,0.284912,0.067015,0.002459,0.129784,-0.260663,1.0,0.04144,0.265609,0.023974,-0.099607,0.095249,-0.097093,0.127329,-0.079042,0.415988,-0.057936,0.042001,0.067155,0.186867,0.022783,-0.114721,-0.18149,-0.079862,-0.139921,-0.219383,-0.044237,0.019839,0.051432,-0.222657,0.055214,-0.150384,0.09868,0.003167,-0.077083,-0.133874,0.347489,-0.274016,-0.429622,0.05927,0.0476,0.102999,-0.224786,-0.037006,0.198671,0.053718,-0.416673,-0.119849,0.412938,-0.186575,0.145761,-0.245147,-0.177758,-0.20597,0.094923,0.024866,-0.236521,-0.06432,0.200473,-0.100835,0.19008,0.0852,-0.108519,-0.007325,-0.311834,-0.161813,0.095445,0.08154,0.051833,-0.210504,-0.288307,-0.39823,-0.055759,-0.182996,0.19215,-0.181948,-0.176287,-0.003136,-0.28071,0.101579,-0.37485,-0.195376,0.130587,-0.147903,0.067862,-0.084255,-0.349154,-0.307921,-0.164577,-0.007071,-0.369586,-0.314971,-0.109823,-0.24736,-0.159412,0.334126,0.173395,-0.417412,-0.099725,-0.155226,0.107168,-0.04324,0.211793,0.051167,0.016959,-0.120704,-0.026805,-0.329409,-0.263935,0.06925,0.109627,-0.014881,0.280245,0.077239,-0.095992,0.066261,-0.248851,-0.112559,-0.167641,-0.028722,-0.147228,0.057593,0.028587,0.0497,-0.237519,-0.287112,-0.063742,-0.268117,0.257078,-0.093675,-0.02293,0.271559,-0.167641,-0.213632,-0.185846,-0.226625,0.004755,-0.129165,0.059451,-0.32906,-0.039645,0.0232,0.066116,-0.166751,0.047458,-0.072122,0.330765,-0.246279,0.249088,0.137372,0.153628,0.117054,0.251138,-0.163613,-0.224149,-0.158656,-0.246722,0.057364,-0.368934,-0.22952,0.180863,0.085707,0.045631,0.269975,0.066261,-0.033931,0.384043,-0.037133,-0.332589,0.019179,-0.266647,-0.178153,-0.012558,0.085435,-0.078574,-0.027528,-0.076884,-0.048361,-0.09125,0.211698,0.220015,-0.144656,0.186068,0.259354,0.076044,-0.178943,0.412847,-0.136133,0.072455,-0.111419,-0.163607,0.319568,-0.502144,-0.177035,0.069722,#
12,0.130479,0.192969,-0.116031,-0.465032,-0.02133,0.379965,0.519323,0.762312,0.141172,0.522554,-0.083691,0.04144,1.0,0.501134,0.255594,0.143084,0.019758,0.131242,0.081462,0.156677,-0.004567,0.26071,0.404823,0.038912,-0.190641,-0.469717,-0.189027,-0.186568,0.065889,0.229194,-0.013849,0.051259,0.20696,0.075783,-0.395431,0.279215,0.122306,-0.147179,-0.301028,-0.136428,-0.001609,0.307008,0.187995,-0.128788,-0.140313,-0.568527,0.169734,-0.15633,0.122602,0.07002,-0.18356,-0.056401,0.308604,0.022599,0.392091,0.333451,-0.32657,-0.380319,-0.096,-0.166221,0.466638,0.271791,-0.163413,0.317098,-0.021817,0.281277,-0.25905,0.348971,0.101595,-0.004813,0.319713,0.094149,-0.576435,-0.518097,-0.168117,0.320485,0.005333,0.009294,0.116744,-0.15395,-0.072794,-0.439937,-0.348178,-0.284246,-0.279902,0.008229,-0.160122,-0.082517,-0.010309,-0.18753,-0.283843,-0.522911,-0.630845,0.248762,-0.227081,-0.364286,-0.142443,-0.114862,-0.080657,-0.479852,-0.028088,-0.279383,-0.243562,0.04353,-0.311533,-0.182553,-0.502057,-0.239068,-0.034092,-0.605188,-0.100169,0.266983,-0.367623,-0.326196,-0.222816,-0.4904,-0.007917,-0.128488,-0.007626,-0.442294,0.056539,-0.546144,-0.31168,-0.591763,-0.26803,-0.269465,0.067542,0.513852,-0.241203,0.015729,-0.151255,-0.002456,-0.46013,-0.070081,-0.249122,-0.305903,0.231084,-0.591763,-0.266481,-0.323309,0.004576,0.086606,-0.400665,-0.299557,-0.149534,0.144166,-0.214989,0.203288,-0.148466,-0.495087,-0.333767,-0.400367,-0.073256,-0.272453,-0.093877,-0.571398,0.097176,0.30939,-0.248031,-0.245523,0.03616,-0.298653,-0.107826,0.113252,0.267764,0.314502,-0.138694,0.034871,-0.297144,0.078512,-0.17336,-0.200904,-0.542605,-0.006754,0.434086,-0.391253,-0.030171,0.091112,0.372633,-0.648297,0.416592,0.344868,-0.065902,-0.118122,0.105014,-0.215211,0.120444,-0.084777,-0.363981,0.343745,-0.248509,-0.133777,0.487509,-0.076304,0.02123,0.112773,-0.071319,-0.063311,0.007559,0.154279,#
13,0.249989,0.429184,-0.109203,-0.487703,-0.237109,0.526288,0.447152,0.514557,0.102166,0.764573,-0.311934,0.265609,0.501134,1.0,0.436051,0.462766,-0.141479,0.191744,0.251331,0.106305,0.209315,0.309255,0.532483,0.22059,-0.076935,-0.169406,0.046816,-0.340158,0.328663,0.381996,0.041918,0.363092,0.434822,-0.220946,-0.418134,0.120806,0.117118,-0.377914,-0.032618,-0.382439,-0.059569,0.375455,-0.000117,-0.093043,0.136316,-0.595759,0.24612,-0.187523,-0.056476,0.419044,-0.119187,-0.199079,0.169372,-0.032111,0.262124,0.15248,-0.099032,-0.530276,-0.212963,0.026271,0.70237,0.14207,-0.366313,0.108451,0.065259,0.523285,-0.25975,0.513591,-0.494841,-0.200193,-0.246857,0.489786,-0.423236,-0.346108,-0.315072,0.243691,-0.31649,-0.312825,-0.211449,-0.115448,0.075117,-0.620416,-0.521575,0.010301,-0.432648,-0.128849,-0.188308,-0.19663,0.061397,-0.445227,-0.075701,-0.370612,-0.614602,0.200562,0.00918,-0.397174,-0.403767,-0.16445,-0.019094,-0.391437,0.036257,-0.06708,-0.380701,-0.201212,-0.145933,-0.331669,-0.530837,0.041883,-0.175085,-0.465305,-0.028556,0.42611,-0.52592,-0.311526,0.05747,-0.000982,-0.522013,-0.201818,0.381783,-0.63402,-0.232126,-0.471938,-0.127248,-0.635358,-0.385927,-0.157474,-0.009349,-0.010548,-0.314123,-0.312287,-0.276672,0.016109,-0.331129,-0.334799,-0.648974,-0.501393,0.304919,-0.400709,-0.008983,-0.549216,-0.051757,0.166156,-0.422986,-0.424965,-0.525102,-0.079071,0.192692,0.38206,-0.517025,-0.288106,-0.238631,-0.230666,-0.091783,-0.272849,0.006457,-0.345059,0.496021,0.42261,-0.371118,-0.268343,0.119916,-0.088303,-0.203358,-0.273528,0.089197,0.49434,-0.403539,0.112585,-0.409734,-0.008152,-0.29639,-0.062251,-0.29285,-0.166541,0.192282,-0.295051,-0.230826,-0.027247,0.663837,-0.507272,0.570789,0.038579,-0.439769,0.024111,0.524127,0.01495,0.265258,-0.257802,-0.370362,0.220915,-0.28468,-0.035974,0.09339,0.212782,-0.43224,-0.224525,0.013337,-0.267319,0.180666,0.286764,#
14,-0.026072,0.499601,-0.119615,-0.284744,-0.166107,0.365971,0.081082,0.23389,0.151827,0.274666,-0.121611,0.023974,0.255594,0.436051,1.0,0.263138,-0.244845,0.33658,0.503897,0.077799,0.274885,0.092054,0.202813,0.107886,-0.145074,0.023366,-0.123248,0.128792,0.077741,0.26634,-0.063141,0.074635,-0.137125,0.256548,-0.366006,0.032499,-0.126571,0.057119,-0.002998,-0.087518,0.129332,0.328201,-0.065437,0.306353,0.543399,-0.266732,0.090113,0.034392,0.391915,-0.043678,0.064499,0.035618,-0.088508,-0.1854,0.106706,0.184816,0.103994,-0.351337,-0.240273,-0.158682,0.241286,-0.046581,-0.231725,0.324276,0.322346,0.119268,-0.245476,0.031406,-0.1203,-0.021335,0.274506,0.268765,0.085132,-0.147007,-0.065312,-0.215474,-0.055331,0.153219,-0.049424,-0.006768,0.123953,-0.357062,-0.181865,0.19094,-0.251918,-0.050028,0.115036,-0.105325,-0.160183,-0.135342,0.099807,-0.204049,-0.114407,0.317691,-0.030093,-0.059279,-0.160866,-0.132329,0.085874,-0.322384,0.126122,-0.032854,-0.256348,-0.10311,-0.381962,-0.398002,-0.361153,-0.008509,-0.165351,-0.009498,0.118783,0.334842,-0.343075,0.055309,-0.150092,0.079821,-0.230018,-0.053998,0.480013,-0.318506,-0.128536,-0.278757,-0.43635,-0.165351,-0.440369,-0.379596,-0.140171,0.30211,-0.578691,-0.039703,-0.148337,0.243564,-0.289085,-0.278252,-0.423612,-0.230018,0.499398,0.055798,-0.27157,-0.369272,-0.023371,-0.162003,-0.117988,-0.098881,-0.027866,-0.097685,0.0377,-0.066565,-0.185064,0.035069,-0.37031,-0.345441,0.077586,-0.098508,-0.082142,-0.211729,0.390267,0.153385,-0.192656,-0.230018,-0.013911,0.081161,0.274869,-0.039889,-0.165686,0.325719,-0.114407,-0.106573,-0.165351,-0.128536,-0.080151,-0.104774,-0.032854,0.140851,0.157577,-0.085008,-0.185478,0.111517,0.395783,-0.24286,0.457365,0.216208,-0.432171,0.03692,0.370295,0.083763,0.437267,-0.189617,-0.084849,0.219288,-0.197825,-0.282386,0.249189,0.095385,-0.190977,-0.175102,0.313531,-0.00965,0.306928,-0.087366,#
15,0.118465,0.18831,-0.075881,-0.366543,-0.423349,0.234783,0.099463,0.126556,-0.085469,0.443612,-0.189214,-0.099607,0.143084,0.462766,0.263138,1.0,-0.030351,0.342963,0.242624,0.26117,0.122362,-0.063366,0.416014,-0.155827,-0.256024,-0.135424,0.011376,-0.025598,0.201181,0.256903,0.401974,0.257057,0.422667,-0.171876,0.049825,-0.256348,0.442234,0.033385,0.014865,-0.182434,0.058376,0.23055,0.20527,0.032471,0.098349,-0.39544,0.04413,-0.081017,0.030094,0.29794,0.342524,0.044882,0.058526,-0.221979,0.290093,0.012815,-0.078089,-0.562472,-0.218478,-0.016653,0.385594,0.098609,-0.457254,0.070115,0.10495,0.204149,-0.268074,0.256523,-0.52943,0.294626,-0.199768,0.226565,-0.199395,-0.216337,-0.200499,0.205591,0.14175,-0.124046,0.179733,0.221545,0.414033,-0.258364,-0.04021,0.306378,-0.098514,-0.025289,-0.3001,-0.232106,0.065304,-0.010767,0.084486,0.186538,-0.180783,0.330284,0.140971,0.007826,-0.235318,-0.550902,0.159874,0.0126,-0.417494,-0.124046,-0.309623,0.016166,-0.103052,-0.223147,-0.135541,-0.041178,0.163832,0.079068,0.042531,0.153851,-0.196116,-0.100588,0.182165,-0.028562,-0.136867,-0.480101,0.246107,-0.499384,-0.197787,-0.128009,-0.18677,-0.29933,-0.374798,0.103293,-0.052482,-0.036185,-0.261425,-0.34276,0.054792,0.130246,-0.045869,-0.014251,-0.201517,-0.341945,-0.063125,-0.063208,0.045042,-0.494405,0.104508,0.341038,0.012161,-0.060542,-0.212959,0.08991,0.423638,0.268227,-0.206919,-0.382478,0.007046,-0.081325,0.243064,-0.103917,0.168205,-0.06513,0.241891,0.355105,-0.304792,-0.116118,0.306441,-0.106221,-0.070433,-0.221797,0.069484,0.219719,-0.180783,0.080538,-0.07229,-0.178821,0.099372,0.1139,-0.124046,-0.379628,-0.004546,-0.080374,0.002331,0.036447,0.407163,-0.386998,0.36854,-0.182998,-0.270399,0.150733,0.259508,-0.377022,0.321706,0.038174,-0.487156,0.001048,-0.011043,-0.051221,-0.0596,0.170638,-0.086272,-0.33701,0.013681,-0.159033,0.145488,0.436129,#
16,-0.104827,-0.314223,-0.477913,-0.00823,0.080633,0.159064,0.035638,0.000902,-0.094051,-0.275045,-0.183041,0.095249,0.019758,-0.141479,-0.244845,-0.030351,1.0,-0.176415,-0.124831,0.163578,0.009224,-0.362499,-0.02062,-0.291328,-0.565556,-0.246452,-0.251164,-0.130788,0.181891,-0.107741,-0.281813,-0.005673,0.254198,0.288208,0.185291,0.091876,-0.043604,-0.180908,-0.272082,0.303798,-0.224311,-0.24339,0.089287,-0.161507,-0.370313,0.065455,-0.192427,-0.079392,0.310969,0.125136,-0.024268,0.071017,-0.058556,-0.151342,0.022582,0.091136,0.385311,0.10343,0.304641,-0.181266,-0.176896,0.203584,0.348245,-0.023848,-0.214541,0.245045,-0.049267,0.043889,0.010104,-0.168736,-0.337439,-0.307786,-0.236794,-0.168059,0.183857,0.08999,0.169517,-0.013459,0.222113,0.286536,-0.249834,0.241012,0.225292,-0.516583,0.32981,0.171415,-0.126286,0.089804,-0.068395,-0.083724,-0.065925,0.386576,-0.068587,-0.235796,0.112991,-0.117248,-0.058815,-0.049415,-0.104686,0.081742,-0.118307,0.001056,0.002629,0.099772,0.008159,0.184037,0.193793,-0.488214,0.097413,0.068581,-0.282748,-0.170348,0.287837,0.14337,-0.241142,-0.14902,0.17598,0.174982,-0.343706,0.042344,0.136782,-0.006442,-0.016121,-0.355473,0.115338,-0.157452,-0.524758,-0.407349,0.188324,-0.182887,-0.203738,-0.313709,0.015475,0.177808,0.274612,0.200498,0.063478,-0.355473,-0.17456,0.016891,-0.012924,0.021694,-0.046944,0.383513,0.09811,-0.106434,0.083139,-0.25018,-0.069975,-0.106639,0.103636,0.12455,-0.009188,0.171575,-0.3237,-0.117873,-0.086387,0.145045,-0.004567,0.192325,-0.124797,-0.032982,0.036842,-0.315043,-0.255968,0.048534,0.316288,-0.227145,0.336674,0.136782,-0.113268,0.131094,-0.212707,-0.24764,0.08055,-0.145249,0.085454,-0.141395,-0.19385,7.2e-05,-0.39509,-0.074752,0.501946,-0.007098,-0.233423,-0.111003,-0.231333,0.141388,0.317072,-0.393086,0.051514,0.125993,-0.233365,-0.263673,0.193988,-0.085051,-0.124771,-0.036952,-0.252169,-0.055049,#
17,-0.490868,0.20504,0.361733,0.058344,-0.373469,0.092323,-0.002764,0.293844,0.249085,0.271937,-0.313794,-0.097093,0.131242,0.191744,0.33658,0.342963,-0.176415,1.0,0.009263,0.516294,-0.187341,0.406796,0.102773,0.145666,0.175339,0.203365,0.0538,0.001674,-0.149694,-0.177029,0.283731,0.065836,0.085672,0.002523,-0.287274,-0.125114,-0.086198,0.045861,0.056855,-0.391618,-0.15449,0.110279,0.236148,0.157036,0.034618,-0.241357,0.09293,0.320127,0.115884,-0.213855,-0.05476,0.219198,0.010491,0.092037,-0.102537,0.189721,0.019754,-0.411819,-0.077449,-0.118245,0.117792,-0.325453,-0.358445,0.096365,0.046256,0.079453,-0.030485,0.11862,0.073755,0.513054,0.248429,0.447381,0.041651,-0.320435,0.109508,-0.168509,0.321661,0.09731,0.483221,-0.092604,0.643873,0.096183,-0.275199,0.188577,-0.170598,0.293756,0.267101,-0.127078,-0.106228,0.166647,0.15724,-0.001881,-0.024562,0.807303,-0.020329,0.133613,0.332872,-0.131666,0.209249,-0.097555,-0.183205,0.291422,0.222845,0.399795,-0.025529,0.138596,0.004222,-0.097921,-0.009534,-0.252419,0.20149,0.080718,0.100621,-0.067451,0.20321,0.110427,0.106708,-0.18423,0.553687,-0.49586,0.364358,-0.523597,-0.268559,-0.009534,0.038947,0.158325,0.024633,0.047901,0.017486,0.092763,0.245529,0.464355,0.071888,0.066208,0.076927,-0.112661,-0.026198,-0.009534,0.052733,0.141576,0.119205,0.060626,-0.012276,-0.235339,-0.009106,0.107727,-0.006442,0.131091,0.298343,-0.046174,-0.19062,-0.015916,0.180316,-0.019472,0.064173,0.074971,0.073257,0.280549,0.101055,0.10716,0.27417,0.462987,-0.194086,0.250317,0.195432,0.376007,0.17452,-0.234109,-0.230864,0.163848,-0.20575,-0.399969,0.078469,0.121857,0.096551,0.045336,0.034504,-0.347624,0.187462,-0.196959,0.318963,-0.141238,-0.372919,-0.136982,-0.072875,-0.124783,0.264853,0.282007,-0.2678,-0.136202,0.376826,-0.388584,-0.080153,0.111669,-0.234836,-0.328677,0.026775,0.115503,0.299151,-0.017752,#
18,0.27452,0.375971,-0.239422,-0.22678,0.117131,0.532651,0.247724,0.278563,-0.329123,0.088661,0.078846,0.127329,0.081462,0.251331,0.503897,0.242624,-0.124831,0.009263,1.0,0.056099,0.498179,-0.055194,-0.044326,-0.028223,-0.105522,0.002295,0.149255,0.078229,0.038926,0.312963,-0.26027,0.148924,-0.079962,0.098414,-0.21753,-0.28808,0.040061,0.17619,-0.201531,-0.068217,0.310239,0.417819,-0.10892,0.343474,0.384366,-0.154494,0.053733,-0.194341,0.068962,-0.007068,-0.062237,0.089771,0.215394,-0.159678,0.410045,0.016053,-0.107712,-0.102337,-0.280986,-0.291914,0.221963,-0.201128,-0.214965,0.484383,0.130388,0.445041,-0.194043,0.005934,-0.203099,-0.305175,0.089899,0.059278,-0.168613,0.126216,0.18749,-0.039974,-0.078979,0.020102,0.048763,-0.089787,-0.081826,-0.354799,-0.064036,0.141356,-0.006755,-0.167524,-0.033402,-0.086358,0.130168,-0.12792,-0.264151,-0.216875,0.006674,-0.209929,-0.064608,-0.009296,-0.079332,-0.220939,0.32204,-0.155208,0.038463,-0.027559,-0.233577,-0.576968,-0.284421,0.04968,-0.27371,-0.048449,0.005761,0.034285,-0.022636,0.366684,-0.294081,-0.086673,-0.106267,0.351732,-0.390832,0.116498,0.130738,-0.134486,-0.328354,-0.051057,-0.195851,-0.323462,-0.198411,-0.031217,-0.150051,0.043309,-0.256755,0.05265,-0.252389,-0.110646,-0.010662,-0.144418,-0.327066,0.05086,0.244838,-0.097121,-0.10487,-0.41798,-0.396222,-0.120345,-0.169209,0.010608,-0.008322,-0.196837,0.142921,-0.088951,-0.392709,-0.26542,-0.298365,-0.065274,-0.20161,-0.002026,0.141417,-0.336629,0.302078,0.01594,-0.373191,-0.460803,-0.165921,-0.095768,-0.049718,-0.18509,0.015985,0.058002,0.095787,0.204574,0.232103,-0.113502,0.207381,0.138076,0.01057,0.09372,0.18489,0.007989,0.242741,0.032999,0.318208,-0.009877,0.108633,0.184812,-0.019921,0.228703,0.686894,0.004644,0.454271,-0.220213,0.082491,0.264741,0.040414,-0.283928,0.488474,-0.180602,-0.471626,-0.341695,0.577228,-0.205901,-0.031306,-0.058821,#
19,-0.236126,0.185483,0.082079,0.124918,-0.247791,0.066172,-0.065413,0.14008,-0.082023,0.098009,-0.188254,-0.079042,0.156677,0.106305,0.077799,0.26117,0.163578,0.516294,0.056099,1.0,0.145865,0.255145,0.046667,0.005134,-0.264346,-0.14431,-0.081919,-0.219389,-0.123801,-0.177864,0.472692,0.37927,0.265702,0.23891,0.010057,-0.251226,0.187175,0.033631,-0.156035,-0.187221,0.06511,0.155945,-0.007944,0.024245,-0.080975,-0.400099,0.275344,0.291745,0.292329,-0.388565,-0.304241,0.082632,0.456189,-0.301108,-0.253897,-0.052842,0.107177,-0.187418,0.256117,-0.240882,0.123911,-0.114902,-0.115916,-0.099166,0.06376,0.163139,-0.313363,-0.094375,0.143017,0.300134,0.090914,0.29691,0.157721,-0.359079,0.155144,-0.271264,0.338662,0.306149,0.728582,0.101517,0.444601,0.105327,-0.03457,-0.013493,0.28318,0.340512,0.218399,-0.186339,0.098818,0.010337,0.078106,0.397242,0.021724,0.362275,0.011371,0.207552,0.292599,0.151851,0.407343,0.382113,-0.604812,0.092569,0.397304,0.226938,0.367629,0.327345,0.053645,-0.287577,-0.068801,-0.422848,0.383278,-0.049167,-0.005093,0.281293,0.142599,-0.006095,0.086755,-0.123414,0.278132,-0.451685,0.425144,-0.078999,-0.179229,-0.068801,0.046191,0.348751,-0.026298,0.191592,0.412552,0.301472,0.435106,0.334945,0.331959,-0.004461,0.336408,0.107482,-0.06871,-0.068801,0.095268,0.030887,0.102307,0.588325,0.017961,-0.336443,0.190842,0.412608,0.109266,-0.279218,0.169219,-0.16155,-0.037398,0.125621,0.464103,0.273221,-0.208125,-0.037785,0.411742,-0.035236,-0.067416,-0.112985,0.334126,0.447428,-0.031446,0.15235,0.119268,0.215925,0.428738,-0.069122,0.170583,0.234825,-0.456608,-0.047192,0.084355,0.008036,-0.17517,-0.070361,0.034446,-0.467197,-0.117833,-0.036669,0.14758,-0.372998,-0.272445,-0.002159,-0.303027,-0.324959,0.465102,0.069361,-0.138386,-0.166906,0.277206,-0.404206,-0.257149,0.133737,-0.167479,-0.299305,0.020494,0.247935,0.367012,-0.089621,#
20,0.560708,0.089742,-0.174644,-0.224899,-0.218802,0.334577,0.054664,0.023807,-0.229939,-0.113838,-0.015541,0.415988,-0.004567,0.209315,0.274885,0.122362,0.009224,-0.187341,0.498179,0.145865,1.0,-0.018646,-0.209736,-0.239919,-0.070241,-0.078379,-0.019044,-0.297568,0.019816,0.106086,0.096169,0.207865,-0.087709,0.310978,-0.268532,-0.216717,-0.005541,0.028847,-0.104372,-0.235609,0.334439,0.353581,-0.137852,0.09741,0.131449,-0.186975,0.035989,-0.170587,-0.049147,-0.305257,-0.198028,-0.227723,0.377994,0.030279,0.074504,0.054708,-0.310116,-0.064014,-0.292036,0.08118,0.201231,0.008541,0.08384,0.298088,0.07903,0.046507,-0.553549,-0.006897,-0.160383,-0.374745,-0.136503,0.243437,0.10886,-0.035881,-0.319299,-0.227638,-0.15949,0.202039,0.016522,0.233253,0.027519,-0.410124,0.051648,-0.23531,-0.021689,-0.310767,-0.108763,0.051,0.086939,-0.092493,-0.205898,-0.13072,-0.063869,-0.272124,0.090409,-0.130653,-0.395135,0.138883,0.036007,0.247278,0.088866,0.006172,-0.312097,-0.258554,-0.018441,-0.159304,0.034093,0.290374,-0.141214,0.052979,0.03257,0.203901,-0.559541,-0.019751,0.183916,0.348969,-0.193037,0.042949,0.054759,-0.135716,-0.060138,0.141764,-0.343496,-0.132624,-0.256995,-0.226586,-0.213531,0.036159,-0.199048,0.216533,0.080456,-0.191523,0.111371,0.15156,-0.185944,0.242365,0.109393,-0.132624,0.114167,-0.451644,-0.406591,0.251633,0.116793,0.057728,-0.09399,-0.108418,0.04968,-0.271466,-0.410361,-0.080744,-0.093223,-0.074608,-0.040946,-0.029254,0.048501,0.013194,0.373209,-0.029207,-0.420494,-0.406631,0.083352,-0.208335,0.31175,-0.463261,-0.321762,-0.117641,-0.063869,0.257527,0.314037,-0.25537,0.064575,0.393169,0.006172,-0.068296,-0.227948,0.045155,-0.283091,-0.282566,-0.004516,0.328577,0.031028,-0.195372,-0.00549,0.302438,0.147159,0.326726,0.269062,-0.23648,0.164118,0.14582,-0.222964,-0.034341,0.012138,-0.19736,-0.119399,-0.060783,0.456351,-0.42034,-0.106524,-0.072336,#
