0,1.0,-0.118187,-0.273907,0.114714,0.064982,0.013309,0.340555,-0.374808,-0.006271,-0.227727,0.701877,0.613911,0.018159,0.127275,0.263997,-0.219368,0.150567,-0.565938,0.280957,-0.207263,-0.005057,-0.019467,-0.054008,0.310522,0.203328,0.182388,-0.077251,0.326727,0.117579,-0.116911,-0.34746,-0.118502,0.050539,-0.176151,0.256991,-0.223181,-0.195247,-0.023199,0.344967,0.006903,0.012443,0.008594,0.006877,0.020589,0.080991,0.357335,-0.026382,0.095299,-0.403941,-0.063145,-0.125763,0.043522,0.116196,-0.206938,-0.001544,0.117047,-0.170472,0.545323,-0.18984,-0.379466,0.017718,0.287683,-0.268845,-0.272698,-0.504907,-0.038239,0.210564,-0.256568,-0.29296,-0.264289,-0.013891,-0.208883,0.089031,-0.144706,0.020284,-0.149072,-0.360502,-0.071225,-0.443835,-0.051846,-0.269304,-0.212705,0.216186,-0.521283,-0.029914,-0.194548,0.022427,-0.148633,0.000956,0.129083,-0.448555,-0.138021,0.123909,-0.357193,-0.22048,-0.118313,0.176237,-0.518257,-0.411802,-0.017441,0.398184,-0.138746,-0.005044,-0.15763,-0.214532,-0.262493,-0.187541,-0.144614,-0.308134,-0.112239,-0.301,0.166269,-0.065087,-0.123609,-0.090644,0.041231,0.199934,0.026704,-0.030588,-0.090729,-0.173843,0.215938,-0.119399,0.459389,-0.067221,-0.026826,-0.549392,0.179421,-0.50969,-0.118313,-0.521999,-0.37914,-0.119965,0.270004,-0.119965,-0.014045,-0.12719,-0.481792,0.229095,-0.387801,-0.119959,-0.108945,0.201176,-0.088296,-0.058338,-0.283414,-0.010098,0.03174,-0.294637,-0.384918,0.361882,-0.152373,-0.453598,0.000478,-0.160379,-0.112963,-0.140968,0.08345,-0.119423,-0.031933,-0.282268,-0.342681,0.028358,-0.402959,-0.283617,0.027119,-0.011997,-0.111718,-0.307317,-0.12719,0.342851,-0.511435,0.274952,0.213218,0.27822,0.035156,-0.136335,0.264283,0.081679,-0.287748,-0.159796,0.192865,0.101791,0.026196,0.061101,-0.181782,0.072222,0.111995,0.225877,0.208644,-0.546613,0.33497,0.404639,-0.108099,0.017871,0.040254,-0.271086,-0.28776,-0.081711,-0.544427,#
1,-0.118187,1.0,0.001307,-0.342706,0.057084,-0.234365,-0.246369,0.001891,-0.116084,-0.028405,-0.137695,0.06289,0.206511,0.316108,-0.281545,0.261885,0.249991,-0.052898,0.188242,-0.217592,-0.119208,0.30858,-0.18147,-0.046743,0.191338,-0.269801,-0.157786,0.049711,0.064514,0.151527,-0.106129,-0.09333,-0.212247,0.060397,0.354073,-0.096404,-0.132783,0.194032,0.222786,-0.32561,0.029343,-0.091413,0.090192,-0.215267,-0.464385,0.093187,-0.118294,0.055203,-0.067173,0.221385,0.120281,-0.255576,-0.115936,0.132509,-0.133321,-0.055365,0.30292,-0.044259,0.190023,-0.016241,0.064234,-0.056084,-0.088016,0.009691,0.344827,0.165271,-0.158272,-0.132991,-0.157054,-0.126628,-0.048705,-0.056554,-0.108192,0.11911,0.031412,0.569806,0.137061,-0.195751,0.326879,-0.352113,-0.08352,-0.188529,0.007948,-0.231383,-0.089512,-0.05081,-0.24866,0.294206,0.022308,0.048525,0.020613,0.059392,0.185828,-0.180991,-0.242025,0.0133,0.162274,0.139999,0.375393,-0.067497,-0.201104,-0.134804,-0.120932,0.200406,-0.132536,-0.150352,0.306047,0.049827,-0.475057,-0.402663,0.346618,-0.080409,-0.024718,0.04593,-0.129741,-0.237597,-0.175706,-0.188313,-0.125078,0.123851,0.018471,0.17174,-0.26759,-0.222143,-0.269943,-0.211747,-0.35841,0.286478,-0.212516,0.003521,-0.196912,-0.200156,-0.263988,0.078876,-0.263988,0.100478,0.126145,-0.036412,-0.11168,-0.255439,-0.203561,-0.249914,0.204668,-0.140047,0.162664,-0.060165,-0.352329,-0.046846,0.430062,0.203715,-0.038916,0.503657,0.241225,-0.068137,-0.11363,-0.237053,0.061558,0.141284,0.211464,0.069217,-0.095206,-0.09966,0.005685,0.246361,-0.060675,0.216867,0.193379,0.343645,-0.31756,0.155618,0.222847,0.015331,0.05339,0.199488,0.000135,0.191572,-0.158879,0.30992,-0.089355,-0.09392,0.227726,-0.2889,0.256212,0.145521,-0.013966,0.231535,-0.021389,-0.129047,-0.049453,0.279782,-0.176736,0.235122,-0.099676,0.052912,0.211715,0.26525,0.105091,0.048471,0.406187,0.054753,#
2,-0.273907,0.001307,1.0,-0.318464,-0.114301,-0.078278,-0.05783,-0.187486,-0.069955,0.224506,-0.558097,-0.434532,0.172043,0.066678,-0.119325,0.274659,-0.150308,0.604401,-0.378495,0.157188,-0.335265,-0.249213,-0.037514,0.031247,0.427396,-0.162732,-0.123637,-0.028419,-0.012845,0.066505,-0.100937,-0.234243,-0.497481,0.130385,-0.204036,-0.05896,0.077619,0.257925,0.154223,-0.141681,-0.049825,-0.204229,-0.129266,0.033434,-0.137722,-0.369442,-0.441755,-0.34763,0.110985,0.271362,0.103324,-0.192197,0.064095,0.029846,-0.213927,0.003775,0.180402,-0.408866,-0.029931,-0.206751,0.248187,0.052012,0.114616,-0.171322,0.080354,0.147643,0.227852,-0.320761,-0.015823,0.145005,-0.203046,-0.087985,-0.573441,0.09381,0.08106,-0.154699,-0.281991,-0.005329,0.02821,0.059271,0.089699,-0.052576,0.24419,0.345718,-0.121037,-0.000847,0.327022,-0.086859,-0.168334,0.293173,0.055326,-0.055045,-0.235287,0.069212,-0.112047,0.269177,-0.249104,0.348235,0.008753,-0.096462,-0.411299,-0.342552,0.218424,0.028827,-0.041799,0.163233,0.157781,-0.091827,0.303263,0.063514,0.369252,-0.112818,0.098571,0.085246,0.078224,0.076416,0.009091,0.168263,-0.063507,0.051782,0.017099,0.027892,-0.168153,-0.55807,-0.28536,0.128305,0.249066,-0.028464,0.16849,0.072513,0.211858,0.135028,-0.146197,0.272199,0.032333,-0.420741,0.196787,-0.006321,-0.411019,0.080918,-0.091251,-0.113514,-0.081024,-0.346565,-0.028941,0.151027,0.148548,0.109891,0.034764,0.123995,-0.36874,0.302307,0.005378,-0.112835,-0.015378,0.073639,0.265272,-0.050899,0.034355,-0.240991,-0.061725,-0.153844,-0.164968,0.311916,0.070545,0.166501,-0.10106,0.018922,0.356041,-0.029281,-0.374171,-0.050529,0.196632,-0.048391,-0.357793,0.20963,0.329786,-0.037265,-0.059546,-0.102319,-0.160489,0.165674,0.134524,-0.276021,0.051738,0.157922,0.255066,-0.123364,-0.301283,-0.401112,0.276095,-0.311126,-0.221159,0.197278,-0.327369,0.176728,0.281955,0.426576,0.396568,0.539878,#
3,0.114714,-0.342706,-0.318464,1.0,-0.029499,0.137487,-0.029696,0.183957,-0.346885,-0.213305,0.123744,0.223659,-0.24032,-0.445659,0.053845,-0.310924,-0.13537,-0.226926,-0.119008,0.020636,0.343924,-0.308294,-0.29539,0.028424,-0.265656,-0.011811,-0.17438,0.151824,0.080935,-0.291102,0.26952,0.097334,0.320522,-0.142097,-0.028035,0.020253,-0.107677,-0.483726,-0.062524,0.315895,0.028401,0.152086,0.000671,-0.042899,0.109612,0.436429,0.228272,-0.242106,0.060143,-0.43102,-0.200821,0.545928,-0.004018,0.143783,0.331418,-0.392386,0.126126,0.462266,-0.006917,-0.053581,-0.614873,-0.171964,-0.088879,0.1912,-0.070673,-0.268183,-0.029793,0.031069,0.206826,-0.002065,0.048852,-0.28322,0.119623,0.288463,0.289428,-0.213012,0.03306,0.400849,0.11898,0.018495,0.098861,0.157412,-0.058441,-0.065234,0.20085,0.196788,0.124747,-0.026827,0.366649,-0.150333,0.260848,0.119821,0.209242,-0.052323,0.199257,0.41364,0.258713,-0.133396,0.084008,0.207867,0.369087,0.131172,0.335877,0.128812,-0.036086,0.101777,-0.127986,0.316737,-0.252923,0.105716,-0.19233,0.032989,0.060967,-0.060835,0.074936,0.128059,0.442273,0.439112,-0.046201,0.340114,0.358267,0.022556,0.116345,0.413097,0.268981,0.275748,-0.150081,-0.372497,0.232637,0.43653,-0.093787,0.329338,0.439403,0.006345,0.277042,0.017081,-0.12343,0.082867,0.016728,0.370609,0.096524,0.086495,0.221652,0.12778,0.20915,-0.136753,0.281418,-0.620135,-0.03806,-0.154639,0.129618,-0.016015,-0.067404,0.207867,0.365596,0.128399,-0.264127,-0.448451,-0.028578,0.02913,-0.000128,0.205257,0.280971,-0.136175,0.035903,-0.395482,0.196498,-0.494178,-0.080415,-0.094592,0.278828,0.310498,-0.281371,0.241374,0.025967,0.286226,-0.073347,-0.301383,-0.298076,0.442649,-0.367338,0.27963,-0.227998,-0.051208,-0.139881,-0.015224,0.025391,0.074483,0.461302,-0.083331,0.123356,-0.163334,-0.105502,-0.283474,-0.077791,-0.11249,-0.379034,-0.471583,-0.113024,-0.133756,#
4,0.064982,0.057084,-0.114301,-0.029499,1.0,-0.018264,0.350761,0.049691,-0.108657,-0.179662,0.046895,-0.076807,0.126808,-0.086872,0.016409,-0.330891,0.218584,-0.186842,0.355917,-0.081451,-0.05605,-0.191151,0.286456,0.01672,-0.087145,-0.037627,-0.041268,-0.255878,0.105896,0.052319,-0.013356,-0.024065,-0.009451,-0.253882,0.069201,-0.030117,-0.041272,-0.459348,0.163617,0.38633,0.055159,-0.132793,-0.176809,-0.24662,-0.374417,-0.116289,0.007662,0.02242,-0.116699,0.035814,-0.115045,0.055089,-0.361508,-0.076714,-0.09294,-0.317941,-0.367878,-0.04335,0.135063,0.15469,-0.124114,-0.148336,-0.148342,-0.269499,0.190992,-0.049469,0.144303,0.03701,0.089616,0.036479,-0.166212,0.179111,-0.159506,-0.294271,0.141363,0.156605,-0.212029,-0.250711,-0.156724,-0.246535,-0.445757,-0.09304,0.107982,-0.210558,0.115242,-0.172821,-0.026053,-0.005509,0.020619,-0.105471,-0.212977,0.02148,-0.151769,-0.140581,0.209479,-0.396744,0.242731,-0.028848,0.10043,-0.237274,0.242794,0.15374,-0.053755,-0.228452,-0.120709,-0.001868,-0.271324,-0.331528,-0.212728,0.035013,0.16752,-0.000465,-0.469341,-0.19782,-0.266682,0.116429,-0.10992,0.177069,0.105613,-0.137566,-0.158069,-0.326882,-0.235442,0.021505,-0.008689,-0.072262,-0.07282,-0.013474,-0.218058,-0.396744,-0.251611,-0.273258,0.117424,0.040459,-0.060307,-0.088802,0.230172,-0.095548,0.298198,-0.486026,-0.217256,-0.237762,0.166964,0.144018,-0.358137,-0.079848,0.076664,0.245913,-0.050659,-0.038796,-0.059877,-0.043225,-0.127798,0.166964,-0.239958,-0.227521,0.06491,0.295777,-0.227113,-0.099006,-0.23188,0.091364,0.107079,0.051547,-0.157639,0.085969,-0.031448,0.142632,0.046634,0.24011,0.136998,-0.018487,-0.219829,-0.128197,0.052241,-0.399438,0.029041,0.242331,0.019753,-0.102277,0.106636,0.129307,-0.0534,0.057986,0.237251,-0.252238,-0.306266,0.389829,0.365662,0.129553,-0.351146,0.002729,0.356999,0.465484,-0.074723,-0.124673,0.198456,0.112917,-0.194344,0.046651,#
5,0.013309,-0.234365,-0.078278,0.137487,-0.018264,1.0,0.274812,0.185832,0.023103,0.2472,-0.044751,-0.105059,0.180548,-0.139877,0.359129,-0.076353,0.088796,0.228895,0.302947,-0.136615,-0.366618,-0.105125,0.348212,0.068167,0.015537,0.465358,-0.366599,-0.154703,0.350659,0.32013,-0.236676,0.072469,0.097553,0.021763,-0.151929,0.368137,0.111257,-0.003667,-0.237225,-0.126061,-0.324612,-0.111448,0.005338,-0.013411,0.117921,-0.071788,0.235139,-0.141218,0.379472,0.010664,0.198561,-0.200937,0.321256,-0.026292,0.079855,0.119717,-0.130258,-0.022153,-0.090047,0.110922,0.207902,0.073051,0.018517,-0.074278,-0.33486,-0.207242,-0.164197,-0.020042,-0.007292,-0.32735,-0.102096,0.208215,-0.075471,-0.009962,-0.048535,-0.190757,0.142626,-0.251038,-0.091622,0.328581,0.028635,-0.148178,-0.217373,0.245165,-0.215981,-0.102991,-0.155196,0.073055,-0.08217,-0.143925,-0.018958,-0.101513,-0.258623,-0.421896,-0.192423,0.149241,-0.293297,-0.136208,-0.231363,-0.210477,0.411885,0.241319,-0.202532,-0.236877,-0.344659,-0.438396,-0.302732,-0.171853,-0.049282,-0.100211,-0.078457,0.377568,-0.168947,-0.221045,0.086905,-0.244424,0.298233,0.244463,0.296417,-0.306116,0.10285,-0.133897,-0.029363,0.072013,-0.119472,0.211668,0.306502,-0.252301,-0.389579,0.149241,-0.029468,0.015852,-0.05933,0.056474,-0.411131,-0.131955,-0.021444,0.212326,0.140445,0.001723,-0.021788,-0.343417,-0.218094,-0.051108,0.062733,-0.281031,0.201044,0.19901,-0.581731,-0.428356,0.110512,-0.509585,0.234006,-0.428212,0.242418,-0.021372,0.13858,-0.118897,-0.212507,0.039442,-0.224851,0.135261,0.239332,-0.289601,0.459969,-0.017931,-0.000651,-0.141269,0.217909,-0.536927,-0.025706,-0.033662,-0.160251,-0.105307,0.452262,-0.233064,-0.118929,0.034441,0.084097,0.032622,0.326647,0.406021,-0.135802,-0.133992,0.365706,-0.082495,0.190523,0.066532,0.061258,0.057947,-0.201779,-0.021714,0.070253,-0.029363,-0.309696,0.532584,0.134179,0.129679,-0.212803,-0.15249,#
6,0.340555,-0.246369,-0.05783,-0.029696,0.350761,0.274812,1.0,-0.293703,0.350749,0.045352,0.259451,0.203072,-0.034589,-0.164026,-0.011563,-0.089096,0.270771,0.053298,0.078266,0.032471,-0.378152,-0.275752,-0.02437,0.25701,0.002864,0.276303,-0.336589,0.056398,0.341919,-0.088863,-0.236859,0.00951,0.087816,-0.278037,0.039633,-0.01946,0.503039,-0.203933,0.47841,0.202697,0.05703,-0.016315,-0.200309,0.144193,-0.091574,0.089905,-0.192946,-0.163025,-0.066091,-0.184901,-0.16951,-0.425682,0.197665,-0.082201,0.401987,-0.168832,-0.286165,-0.045427,0.168291,-0.287792,0.016883,0.249541,-0.173077,-0.090632,-0.032656,0.187067,0.298511,-0.040515,0.255702,-0.330496,-0.006933,-0.107798,-0.090476,-0.344504,-0.201721,-0.193365,-0.206251,-0.455088,-0.267008,0.131782,-0.502259,0.200901,0.319378,-0.122655,-0.203532,-0.288999,-0.150671,-0.09686,-0.260889,-0.158436,-0.189042,-0.279258,-0.442739,0.000472,-0.365965,-0.215365,0.180308,-0.12934,-0.408344,-0.2441,0.195105,0.237774,-0.213336,-0.223411,-0.346783,-0.26575,-0.146257,-0.354634,-0.039581,-0.3133,0.108309,-0.007015,-0.000258,-0.39712,-0.36954,-0.066114,0.042421,0.081229,0.29566,-0.159473,-0.447805,0.051444,-0.234636,0.066437,-0.061019,0.004685,-0.031634,-0.066759,-0.355383,-0.222222,-0.244648,-0.148681,-0.0522,0.219614,-0.236995,-0.300974,-0.00992,-0.346905,0.078311,-0.360941,-0.043355,-0.364542,-0.232425,-0.22173,-0.288999,-0.293137,0.202496,0.371117,-0.218687,-0.627631,0.100898,-0.512908,-0.350762,-0.217158,-0.037594,-0.050767,0.210536,0.257105,-0.215551,-0.147953,-0.359871,-0.205377,0.233812,-0.002919,-0.281313,0.133083,-0.034131,0.018829,0.024635,-0.268253,0.30085,-0.541103,0.164528,-0.116498,0.267247,-0.243313,0.083777,0.35397,0.250067,-0.322302,0.145879,0.207325,-0.341889,0.01584,0.011352,-0.365619,-0.00528,0.077265,-0.029616,0.430149,-0.415324,0.168166,0.231815,0.323898,-0.064106,-0.020867,0.110263,0.13578,-0.042439,0.036212,#
7,-0.374808,0.001891,-0.187486,0.183957,0.049691,0.185832,-0.293703,1.0,-0.382131,0.114326,-0.126476,-0.253127,0.495,-0.194934,0.117639,0.338489,0.202985,0.198492,-0.178954,-0.226312,0.200928,0.074268,0.273079,-0.08201,-0.273418,-0.024405,-0.119235,-0.169408,-0.255003,0.053096,0.166447,0.094367,0.2284,0.289198,-0.198135,0.134605,-0.202833,-0.240399,-0.509119,0.137616,-0.151726,0.123645,0.008747,-0.055503,0.123877,-0.043807,0.775746,-0.081391,0.411489,0.022311,-0.009449,-0.038138,0.042501,-0.197156,-0.099049,-0.020237,0.395127,-0.194233,-0.010658,0.63945,-0.0333,-0.508692,0.111865,0.28038,0.033973,-0.158979,-0.134164,0.140601,-0.01727,-0.12215,0.23952,0.154071,-0.253541,0.252022,0.247681,-0.113271,-0.072371,0.00975,0.027602,-0.031793,0.036331,-0.23155,-0.462972,0.233896,0.211618,-0.145073,0.247404,0.107645,0.280259,0.14799,0.136273,0.231837,0.083592,0.042399,0.00948,0.125157,0.023645,0.028044,0.35379,-0.177742,-0.080014,0.105593,-0.063142,0.306799,-0.035451,0.2112,-0.222208,0.021458,0.265437,0.241007,-0.002413,0.050371,0.062366,0.388308,-0.163451,-0.038641,0.096607,-0.156846,-0.15876,-0.185043,0.278873,-0.388967,-0.103092,0.166885,0.073586,-0.181605,0.168825,-0.014308,0.203892,-0.079846,-0.116825,0.234378,0.114743,-0.227187,0.114743,0.369927,-0.003295,0.111869,-0.130206,0.133931,-0.113393,0.056543,-0.192956,0.176572,-0.087431,-0.113937,-0.010854,0.265647,-0.059099,0.171715,-0.085957,-0.166115,0.224406,0.186513,-0.025182,-0.070733,-0.033645,0.146045,0.113575,0.249635,-0.081239,0.311499,0.179829,0.128534,0.495654,-0.336121,-0.366764,-0.040546,0.090739,0.202655,-0.133505,0.253074,-0.583243,-0.173929,0.065594,0.031322,-0.325687,-0.182734,-0.328328,0.101847,0.211762,0.181928,0.199738,-0.131526,0.296029,0.057507,0.069399,0.002248,-0.013436,0.124582,0.138082,-0.297818,-0.208505,0.180341,-0.059613,-0.061031,0.039342,0.071493,-0.177679,0.025517,#
8,-0.006271,-0.116084,-0.069955,-0.346885,-0.108657,0.023103,0.350749,-0.382131,1.0,0.291736,-0.015179,0.056179,-0.194076,0.114598,-0.075929,-0.042705,-0.062409,0.013291,0.007773,0.153269,-0.183408,0.014938,-0.075865,0.099284,0.033195,0.335846,0.178411,0.025159,0.081425,0.034484,-0.210049,-0.107179,0.169291,-0.036893,-0.140981,0.013214,0.438178,0.25593,-0.029972,-0.012917,0.040631,-0.105985,-0.018706,0.197043,-0.000713,-0.164854,-0.362717,0.171641,-0.077972,0.104122,-0.138409,-0.341761,0.303529,0.400605,0.255906,0.006335,-0.310727,-0.295336,0.005557,-0.120207,0.026567,0.091198,0.108919,-0.119394,0.281994,0.193805,0.002758,0.150464,-0.069745,0.052136,0.006146,-0.058272,0.284662,-0.314369,-0.463721,0.19197,-0.0198,-0.409638,-0.082538,0.148591,-0.264758,0.146484,0.23674,0.012566,-0.357002,-0.039889,-0.362234,-0.096323,-0.353613,-0.351912,-0.077746,-0.626537,-0.51248,0.196803,-0.214393,-0.245539,-0.271797,-0.021529,-0.204883,-0.015477,-0.024509,0.222115,-0.17711,-0.154464,-0.025616,-0.093104,-0.004701,-0.13929,0.012813,-0.122967,0.075575,-0.092443,-0.089074,-0.155791,0.150723,0.220982,-0.44883,-0.446693,0.101937,-0.279071,-0.352114,0.207747,0.054579,-0.120524,-0.206787,-0.087273,0.168876,0.057998,-0.213856,-0.266007,0.292113,0.172924,-0.278242,-0.214695,-0.278242,0.004595,-0.132571,-0.088048,0.12479,-0.187573,-0.115661,0.028043,-0.402408,-0.255641,-0.18283,0.04513,-0.303372,0.189147,-0.091056,-0.19455,-0.009402,-0.307066,-0.092064,-0.39209,0.097529,0.003442,0.290571,0.429807,-0.429606,-0.16114,0.092091,-0.008561,-0.265835,-0.128284,0.042801,0.099994,-0.013109,0.07094,0.083344,-0.142464,-0.163813,-0.2125,0.178913,0.190814,0.111502,-0.155755,0.221546,0.11353,0.601342,-0.255867,0.042421,-0.158871,-0.10614,0.08263,-0.229839,-0.152142,-0.063579,-0.248196,-0.289692,0.216486,-0.117182,0.286389,0.093481,0.130924,0.089925,-0.089971,0.196549,-0.077219,-0.17011,0.169004,#
9,-0.227727,-0.028405,0.224506,-0.213305,-0.179662,0.2472,0.045352,0.114326,0.291736,1.0,-0.279796,-0.250525,0.330275,0.434576,-0.092274,0.134791,-0.208089,0.34695,-0.108109,0.115016,-0.45232,0.015213,0.230641,0.198391,-0.104144,0.263101,-0.013286,-0.192199,0.48068,0.179513,-0.222173,0.084396,0.074883,0.123348,-0.21955,0.072679,0.41911,-0.035306,-0.247139,-0.077218,0.210596,-0.182808,0.184172,-0.180877,-0.026732,-0.42846,-0.110841,0.157791,0.135495,-0.077187,-0.199137,-0.443176,0.5878,-0.061085,0.038545,-0.196942,-0.084829,-0.349377,0.178343,0.182055,0.327066,-0.129764,-0.438863,0.233166,0.04975,0.063506,0.094384,-0.044591,-0.1401,-0.185548,0.082307,-0.00971,-0.440278,-0.289792,-0.186381,0.22122,-0.091011,-0.070231,-0.316024,0.177733,-0.203813,-0.230349,-0.154489,0.308221,-0.393001,0.036867,0.004402,-0.209624,-0.522025,-0.104226,-0.139032,-0.310795,-0.453315,-0.02331,-0.441229,-0.075044,-0.715564,0.024766,0.239847,-0.516523,-0.385584,-0.170858,-0.221099,-0.199941,-0.195154,-0.163551,0.090602,-0.314966,0.358666,-0.228343,0.448689,0.474895,-0.044884,-0.136986,0.262408,-0.109394,-0.56524,-0.177857,0.382424,-0.349823,-0.343671,-0.09378,-0.25741,-0.297439,-0.515986,0.241377,0.181016,-0.022394,-0.29966,-0.436971,0.1534,-0.014493,-0.594963,0.020024,-0.456498,-0.356111,0.248355,0.134367,-0.029079,-0.173794,-0.295213,-0.283627,-0.535925,-0.223816,-0.323634,-0.269789,-0.382055,0.362117,-0.277825,-0.180645,-0.576579,-0.241255,-0.020625,-0.589616,-0.025847,-0.324841,0.777258,0.340797,-0.438931,-0.578912,-0.129403,-0.225861,-0.057982,-0.051968,0.31679,0.39333,-0.340498,-0.472743,0.149918,-0.270782,-0.412747,-0.107325,-0.111892,0.120365,0.212432,-0.372784,-0.014178,-0.300414,0.490465,-0.356464,0.526728,0.169916,-0.125409,-0.304587,0.113086,-0.550834,0.111108,-0.217798,-0.738849,0.150635,-0.207748,0.081392,-0.031329,0.230752,-0.373739,0.095315,0.463103,0.059885,-0.047459,0.36724,#
10,0.701877,-0.137695,-0.558097,0.123744,0.046895,-0.044751,0.259451,-0.126476,-0.015179,-0.279796,1.0,0.597139,0.001273,0.009804,0.00604,-0.265291,0.096916,-0.498795,0.2901,-0.099183,0.288922,0.041142,0.050929,0.074027,-0.018269,0.097199,0.026072,0.278197,0.019368,-0.050942,-0.097503,0.326895,0.288882,-0.234842,0.172874,-0.103896,-0.258809,-0.124657,0.116356,0.044591,-0.033756,0.365198,0.11996,0.142949,0.149104,0.522943,0.16975,0.414157,-0.308518,-0.176014,0.045608,0.145858,0.12415,-0.209208,0.035392,0.201523,-0.120412,0.425944,-0.06044,-0.059802,-0.049555,0.061812,-0.094531,0.075977,-0.519442,-0.070678,0.026588,0.216863,-0.137635,-0.224138,0.269116,-0.302529,0.357742,-0.274009,-0.124878,-0.141865,-0.054295,0.017306,-0.29262,-0.045952,-0.123871,0.068041,0.004225,-0.272619,-0.028701,-0.040192,-0.094535,-0.057914,0.10182,-0.054471,-0.158635,0.112693,0.159882,0.081213,-0.002603,-0.15509,0.357693,-0.346443,-0.303346,0.061632,0.34125,-0.12559,0.123556,-0.095507,0.144339,-0.136957,-0.072769,-0.032383,-0.199611,-0.038249,-0.443086,0.076277,-0.030294,-0.012696,-0.144451,-0.003988,0.072614,-0.116275,0.171627,-0.073016,-0.068429,0.265863,0.224107,0.43709,0.162043,-0.112049,-0.371991,0.104968,-0.216293,-0.161475,-0.416552,-0.232651,0.072358,-0.03101,-0.099713,0.277629,-0.326759,-0.201896,0.38005,-0.34999,-0.015381,0.26292,0.268187,0.039576,-0.179575,-0.388598,0.038725,-0.099079,-0.104706,-0.303169,0.392798,-0.417865,-0.198414,0.079193,-0.163441,-0.008855,-0.262669,-0.099651,-0.09193,0.11845,0.060419,-0.180111,0.001771,-0.167928,-0.250853,-0.095378,0.257405,-0.204417,-0.371403,-0.07659,0.399922,-0.400051,0.290806,-0.044638,0.259384,0.050666,-0.078193,0.090976,0.123678,-0.090042,-0.094693,-0.034532,-0.157147,-0.106938,-0.008641,-0.110274,-0.198839,0.086884,0.25925,0.511702,-0.268557,0.246937,0.293292,-0.167121,0.213295,-0.267991,-0.257067,-0.162631,-0.220803,-0.564214,#
11,0.613911,0.06289,-0.434532,0.223659,-0.076807,-0.105059,0.203072,-0.253127,0.056179,-0.250525,0.597139,1.0,-0.05502,-0.025383,0.115771,-0.212593,-0.028287,-0.359295,0.024139,-0.197131,0.056052,-0.096543,-0.187603,0.131609,0.011098,-0.020684,-0.035321,0.009678,0.151497,-0.223981,-0.067243,0.041477,0.247617,0.003605,0.493588,-0.258429,-0.013571,-0.181653,0.352793,0.069538,0.032211,0.307757,-0.115995,-0.10642,0.192118,0.596522,-0.041359,0.264992,-0.044536,-0.257733,-0.206633,0.135152,0.204704,0.073408,0.278295,-0.070131,0.011333,0.374671,-0.321238,-0.104208,-0.305606,0.099878,-0.189228,0.006087,-0.338309,-0.112412,0.062878,0.220942,-0.152012,-0.22374,-0.144422,-0.174936,0.200709,0.126986,0.069577,-0.242473,-0.122254,-0.01316,-0.223762,0.032507,-0.186446,-0.013246,0.221328,-0.341381,0.049978,-0.095514,-0.317456,-0.121162,0.159807,-0.161911,-0.099086,-0.286411,0.255103,-0.143625,-0.070511,-0.095498,0.275903,-0.217914,-0.01411,0.307302,0.295956,-0.202832,0.033215,0.153599,0.100697,-0.065876,-0.006522,0.210983,-0.293925,0.002413,-0.227929,-0.05928,0.257367,0.048716,0.017761,0.057503,0.109624,0.103671,0.124523,0.324239,-0.012874,0.305633,0.003175,0.696404,-0.087255,0.016041,-0.470994,0.024439,-0.425339,0.076313,-0.279774,-0.168693,-0.149468,0.336627,-0.149468,0.177811,-0.300976,-0.507694,0.367189,-0.219309,0.071891,0.040784,0.11985,-0.230426,0.231159,-0.364095,0.063593,-0.216767,-0.178592,-0.261184,0.171931,-0.147583,-0.308922,0.126636,0.05592,0.233361,-0.103167,-0.070596,0.007642,0.014417,-0.196988,-0.103565,-0.118154,0.01363,-0.296417,-0.179501,0.106998,-0.065424,-0.325405,-0.047235,0.489572,-0.152677,0.319151,0.142652,-0.04934,0.152228,-0.038117,0.135503,0.027034,-0.005575,-0.185789,0.010607,-0.305216,-0.050331,-0.090915,0.008541,-0.107939,-0.177389,0.351301,0.373732,-0.496244,0.482067,0.033421,-0.420724,-0.043234,-0.061148,-0.204296,-0.25163,0.028184,-0.354618,#
12,0.018159,0.206511,0.172043,-0.24032,0.126808,0.180548,-0.034589,0.495,-0.194076,0.330275,0.001273,-0.05502,1.0,0.212746,-0.113986,0.301634,0.29111,0.356033,-0.072941,-0.311166,-0.215081,-0.062424,0.250272,0.254359,0.008399,-0.104185,0.068922,-0.091223,0.007136,0.185003,-0.126738,-0.132036,-0.039878,0.127593,0.061394,0.218268,-0.075697,-0.122553,-0.181232,0.124707,-0.051954,-0.017512,0.004024,-0.18665,-0.338159,-0.045595,0.27314,-0.034656,0.27179,0.348528,0.019395,-0.25017,0.208612,-0.049311,-0.126975,0.068943,0.149809,-0.32114,-0.187472,0.225993,0.257407,-0.435102,-0.132093,-0.004159,0.080735,-0.156398,0.183065,-0.171876,-0.30663,-0.186087,0.03097,-0.140892,-0.576627,-0.010564,0.090486,-0.081495,-0.417278,-0.24648,-0.256698,0.005161,-0.388906,-0.51327,-0.119677,0.176395,-0.203199,-0.362704,0.160237,-0.039045,-0.142962,0.345596,-0.136701,-0.003085,-0.139686,-0.2286,-0.299113,0.096726,-0.173726,0.0625,0.242439,-0.489743,-0.221358,-0.261483,0.007262,0.28887,-0.175116,-0.055644,-0.062489,-0.209259,0.099563,-0.065483,0.186031,-0.014103,0.109015,0.1035,-0.178601,-0.148061,-0.099798,-0.059746,0.169351,-0.224839,-0.149702,-0.077007,-0.329763,-0.14218,-0.268321,-0.008598,-0.00154,0.149291,-0.241309,-0.358174,-0.132818,0.104165,-0.325729,0.221889,-0.325729,0.159324,0.149291,-0.200801,-0.119457,-0.311842,-0.538544,-0.200385,-0.233983,-0.113457,-0.165271,-0.176641,-0.266361,0.476545,-0.138743,-0.264106,-0.343129,-0.08592,0.045283,-0.258935,-0.154256,-0.357546,0.171765,0.275241,-0.113494,-0.078595,-0.299028,-0.003251,-0.174926,0.167026,0.253718,-0.083944,-0.248544,0.003127,0.025065,-0.163907,-0.122713,-0.182508,-0.332242,-0.179342,0.061808,-0.134241,-0.344074,0.145039,0.051897,-0.189057,0.31665,0.269865,0.279153,-0.189787,0.572852,-0.118562,0.103151,0.109366,-0.151536,0.301625,-0.223356,-0.238517,0.042851,0.197787,-0.319345,0.083525,0.412614,0.224258,0.049918,0.131503,#
13,0.127275,0.316108,0.066678,-0.445659,-0.086872,-0.139877,-0.164026,-0.194934,0.114598,0.434576,0.009804,-0.025383,0.212746,1.0,-0.05868,0.186119,-0.203619,-0.143297,0.383979,0.207365,-0.11768,0.342806,0.336848,-0.180101,-0.046524,0.030935,0.235716,0.22918,0.279119,-0.231939,0.09078,0.006545,-0.162727,0.132899,-0.106691,-0.342218,-0.18719,0.245339,-0.143294,-0.389223,0.108675,-0.116532,0.195878,-0.204499,-0.285636,-0.277097,-0.346157,0.263942,-0.343581,-0.024343,-0.000782,-0.206826,0.201961,-0.071177,-0.239411,0.172618,-0.138228,0.082421,-0.114775,0.028443,0.361742,-0.055813,-0.168413,-0.017789,0.03987,-0.07983,0.123776,-0.22154,-0.535835,0.123046,-0.056158,0.029603,-0.07573,-0.390404,-0.099679,0.323088,0.049486,0.125704,-0.136275,0.188073,0.076623,-0.140812,0.045247,0.005752,-0.109346,0.184007,-0.171117,-0.142773,-0.377946,0.269932,-0.297707,0.058813,0.059216,-0.25891,-0.219149,-0.131626,-0.232907,0.071143,0.317898,-0.140353,-0.425801,-0.221155,-0.071983,-0.228982,-0.076918,-0.186315,0.31642,-0.207613,0.004385,-0.229611,0.341948,0.22142,-0.201842,0.070723,0.447285,-0.128889,-0.322415,-0.323579,0.138506,-0.073696,-0.157096,0.351631,-0.101697,-0.224327,-0.37018,0.218166,-0.159075,0.296482,-0.19013,-0.323912,0.174612,-0.427949,-0.437006,-0.038857,-0.090428,-0.069616,0.284384,-0.115962,-0.03242,-0.250221,-0.007874,-0.133665,-0.140353,-0.078209,-0.128305,0.170158,-0.389305,0.207851,-0.116752,0.050281,-0.276218,0.188328,0.107324,-0.347352,-0.304011,-0.27543,0.468956,0.161583,-0.087082,-0.238139,0.139971,-0.4095,0.139348,-0.229799,0.064738,0.753658,0.03565,0.09444,-0.114224,0.040626,-0.22965,-0.242258,-0.068721,0.120147,-0.19696,-0.256538,-0.234714,-0.029401,0.304212,-0.341727,0.218614,-0.420402,0.276196,0.115088,-0.208195,-0.312803,-0.058806,0.08076,-0.437754,-0.08029,-0.052381,0.073323,-0.168342,0.074097,0.111588,-0.082179,0.06247,-0.052622,0.040604,0.098998,#
14,0.263997,-0.281545,-0.119325,0.053845,0.016409,0.359129,-0.011563,0.117639,-0.075929,-0.092274,0.00604,0.115771,-0.113986,-0.05868,1.0,-0.031613,-0.030762,-0.173115,0.005237,-0.049005,-0.078771,-0.038082,0.256283,0.139864,-0.116298,0.31812,-0.140912,-0.201353,-0.103056,-0.0449,-0.206932,-0.041933,0.203959,-0.068211,-0.083721,0.022738,-0.270595,-0.010034,-0.155489,-0.093257,-0.286573,-0.18666,-0.06976,0.137985,0.377272,-0.199863,0.401098,0.003477,0.09018,-0.046212,0.115627,0.004133,-0.105151,-0.420917,-0.248826,0.18221,-0.147588,0.25503,-0.141819,0.063724,-0.029291,0.324136,0.113496,-0.206208,-0.402994,-0.244586,-0.116017,-0.111671,-0.267829,-0.275355,-0.16581,0.311392,-0.030413,0.116643,0.022339,-0.164771,-0.256992,0.092488,-0.496085,0.412817,0.158169,-0.225657,-0.321166,-0.160729,0.071056,-0.126032,0.192648,-0.159624,0.196918,0.290325,-0.292925,-0.34946,0.178955,-0.414831,-0.200337,-0.111049,-0.034875,-0.172432,-0.08265,0.058654,0.369543,0.331838,-0.419352,-0.449499,-0.315623,0.17745,-0.391557,-0.236353,0.200382,0.393529,-0.203345,0.190115,-0.022319,0.063165,0.269864,0.220299,0.340632,-0.036079,-0.282218,-0.367343,0.021977,-0.326013,0.103983,0.309026,0.032819,-0.053184,0.047181,-0.132164,-0.348258,0.074907,-0.242537,-0.227601,-0.256248,-0.027907,-0.090939,-0.027511,-0.23656,-0.285513,0.10261,-0.022717,0.242435,0.004204,-0.136859,0.127023,-0.142587,-0.125249,0.229709,0.223031,-0.428247,0.232909,0.074885,-0.140885,-0.049606,0.238685,-0.059549,0.232854,0.05627,0.182958,0.103895,0.469618,-0.242252,-0.100501,0.057022,-0.30716,0.436138,0.056196,-0.340015,0.141717,0.281003,0.038273,-0.111962,0.210191,-0.127165,0.107952,0.102738,-0.245746,-0.064543,-0.250258,-0.015966,-0.060536,-0.127528,0.228145,0.296096,-0.217603,0.273436,-0.141687,0.127931,-0.198524,0.147304,-0.11452,-0.196374,0.196219,0.131924,0.059672,-0.207231,0.429181,-0.165142,0.056192,-0.350301,-0.244221,#
15,-0.219368,0.261885,0.274659,-0.310924,-0.330891,-0.076353,-0.089096,0.338489,-0.042705,0.134791,-0.265291,-0.212593,0.301634,0.186119,-0.031613,1.0,0.420484,0.323179,-0.373886,0.196122,-0.127354,0.341829,0.064392,-0.141378,0.114759,0.111871,-0.227371,0.166406,-0.109957,-0.149244,-0.036671,-0.222263,-0.081738,0.336318,-0.079474,-0.205781,-0.14692,0.227445,0.025249,-0.201967,-0.048165,-0.018083,0.014657,0.257294,-0.148406,-0.124576,0.081965,-0.324173,0.025546,0.344451,0.141754,-0.449499,0.050881,-0.104114,0.214197,0.183881,0.336611,-0.489396,-0.162898,0.06317,0.137202,0.053685,0.168847,0.159542,0.11269,-0.19975,-0.059463,-0.05914,-0.416725,-0.17151,0.091358,0.184206,-0.120627,0.310874,-0.156776,0.106864,-0.112771,-0.130016,0.275414,0.061388,-0.002702,-0.190067,-0.133998,0.317634,0.054427,-0.222243,0.291961,-0.256339,-0.082139,0.324282,-0.156369,0.11778,-0.085322,-0.007955,-0.342863,0.221099,0.000543,-0.071743,0.084809,0.041559,-0.43228,0.109496,-0.112831,0.384115,-0.146496,-0.084965,0.349688,0.021061,0.380174,-0.342358,0.288788,-0.206731,0.331878,0.37875,-0.249078,-0.318069,0.173362,-0.446924,-0.119807,-0.049932,-0.08027,0.200301,-0.297379,-0.100966,-0.085756,-0.161607,0.050886,0.211368,0.14172,0.033237,0.071714,-0.032438,-0.122208,0.178129,0.228697,-0.011324,0.014397,-0.225444,-0.391778,0.177703,0.053653,-0.064128,-0.167577,-0.184367,-0.063553,-0.024906,-0.20201,0.283035,0.034566,0.010536,-0.147143,0.125198,0.1846,-0.194836,-0.000951,0.19968,0.165067,0.149536,0.220657,0.137111,-0.142797,-0.11537,0.363311,-0.026101,0.135416,-0.104837,-0.165497,0.246218,-0.020791,0.014397,-0.149553,0.045852,0.064677,0.077219,-0.119651,0.212586,0.076105,0.318296,-0.080556,-0.02545,0.041546,-0.053973,0.504996,0.15458,-0.211889,0.272138,0.342879,-0.051674,-0.299044,-0.032613,0.213939,-0.178794,-0.280136,0.221934,0.065792,0.115186,0.043733,0.227641,0.474359,0.347688,#
16,0.150567,0.249991,-0.150308,-0.13537,0.218584,0.088796,0.270771,0.202985,-0.062409,-0.208089,0.096916,-0.028287,0.29111,-0.203619,-0.030762,0.420484,1.0,-0.119049,-0.034417,-0.005346,-0.11619,0.207338,-0.132257,0.247553,-0.096308,0.094553,-0.013225,0.14158,0.060843,0.316052,-0.445237,-0.030132,0.117742,0.162139,0.229287,0.00689,-0.018408,0.066478,0.219526,0.131728,-0.172927,-0.24385,-0.019251,0.175511,-0.142961,0.232646,0.217925,-0.08803,-0.079489,0.339,-0.033703,-0.43789,-0.320486,0.062153,0.202596,-0.023973,0.117778,-0.13289,0.09896,-0.046381,-0.036807,-0.101504,-0.021492,0.051022,0.050433,-0.208851,0.200805,0.014173,-0.165686,-0.173428,0.252506,0.103959,0.103295,0.140381,-0.161414,0.190734,-0.110889,-0.520924,0.095159,-0.296616,-0.3561,-0.013727,-0.143621,-0.057203,-0.108202,-0.406425,0.283059,-0.08125,0.099388,0.307596,-0.320319,-0.052405,-0.249453,-0.195592,-0.153279,0.018731,0.354995,-0.508263,-0.303476,-0.171024,0.183169,0.435478,-0.288835,0.225016,-0.356461,-0.253124,-0.188784,0.012587,0.011799,-0.3424,-0.085762,0.003138,0.156143,0.180041,-0.712831,-0.346767,0.16688,-0.261544,0.106094,-0.166901,-0.2726,-0.046207,-0.460498,0.112038,0.16377,-0.280372,-0.298311,0.30716,-0.143909,0.018731,-0.148946,-0.039551,0.065869,0.048663,-0.122115,0.16478,0.283846,-0.221026,-0.088244,-0.187607,0.038411,-0.046798,0.042756,0.156167,-0.242877,-0.094758,-0.202034,0.280219,0.045666,-0.38483,0.218896,0.111878,0.141285,-0.171024,0.001737,-0.158418,-0.217177,0.244215,0.045666,0.143824,-0.263748,0.056152,0.148209,-0.274006,-0.197873,-0.28977,0.04687,0.285598,-0.061177,0.010542,0.41207,-0.2068,0.072168,-0.173399,0.281302,0.026333,-0.148391,0.677997,-0.04822,-0.189619,0.227655,0.161762,0.368291,0.339781,0.179088,0.005288,0.16259,-0.046458,0.038992,0.370212,-0.198035,0.046182,0.112679,0.236022,0.058056,0.277308,0.06465,-0.158259,0.19143,-0.200089,#
17,-0.565938,-0.052898,0.604401,-0.226926,-0.186842,0.228895,0.053298,0.198492,0.013291,0.34695,-0.498795,-0.359295,0.356033,-0.143297,-0.173115,0.323179,-0.119049,1.0,-0.457527,0.04257,-0.211513,-0.281617,0.164195,-0.009604,0.058043,-0.086118,-0.126475,-0.352994,-0.037374,0.076901,0.073372,-0.196428,-0.130208,0.078194,-0.129992,0.28003,0.280169,0.140916,0.085939,-0.097275,0.188792,0.056055,-0.220552,0.010336,-0.087986,-0.325871,-0.033432,-0.373084,0.399603,0.0308,0.1439,-0.2648,0.324552,-0.036672,0.126733,0.15535,0.243354,-0.653182,-0.150218,0.184747,0.198434,0.061898,-0.001901,-0.053484,0.249057,0.143878,0.043206,-0.074355,0.135582,-0.090305,-0.321039,-0.151526,-0.529897,0.23091,-0.014367,-0.25405,-0.037697,-0.079731,0.103931,0.306511,-0.091104,0.047345,0.006911,0.685779,-0.126605,-0.102082,0.094796,-0.135945,-0.23465,0.005902,0.335979,-0.084927,-0.310428,0.253755,-0.117826,0.325656,-0.350887,0.47809,0.153455,-0.186809,-0.40956,-0.101479,0.006196,0.312657,0.166304,0.082928,0.21912,-0.115448,0.400765,-0.095916,0.330545,-0.236916,0.162887,0.030083,-0.096492,-0.044275,0.035195,0.079894,0.214915,0.035558,-0.039178,-0.187918,-0.082108,-0.442571,-0.159109,-0.012907,0.54317,-0.358897,0.108144,-0.010123,0.255935,0.357136,-0.1829,0.186294,-0.146287,-0.156754,0.035345,0.235636,-0.39156,0.066871,-0.165445,-0.148555,-0.40332,-0.39561,0.058176,0.019406,0.228005,0.21275,0.093815,-0.019413,-0.423566,-0.101558,0.218873,-0.198838,0.013731,0.02515,0.36739,-0.043298,-0.047141,-0.025405,-0.006884,-0.010737,-0.118716,0.488248,0.344456,-0.06359,-0.064105,0.013364,0.285105,-0.24145,-0.292362,0.073959,-0.133719,-0.294361,-0.175167,-0.032382,0.166422,-0.156517,0.050186,0.031219,0.136161,0.028864,-0.199086,-0.314929,0.163944,0.159723,0.193162,-0.087476,-0.357472,-0.047627,0.226694,-0.465498,-0.311022,0.116856,-0.31745,0.181088,0.399448,0.523041,0.262912,0.631499,#
18,0.280957,0.188242,-0.378495,-0.119008,0.355917,0.302947,0.078266,-0.178954,0.007773,-0.108109,0.2901,0.024139,-0.072941,0.383979,0.005237,-0.373886,-0.034417,-0.457527,1.0,-0.161192,0.063948,0.204052,0.406484,-0.117039,0.063485,0.271061,-0.053128,0.237285,0.319062,0.078893,-0.014184,0.151358,-0.074008,-0.066024,-0.12601,-0.095002,-0.254159,-0.022775,-0.08618,-0.066747,-0.149885,-0.079726,0.104126,-0.303931,-0.172375,-0.003091,-0.077312,0.23803,-0.198076,0.04787,0.277299,0.069478,-0.099387,0.036272,-0.269783,0.217548,-0.304691,0.389907,0.04261,0.104874,0.138467,0.041503,-0.045051,-0.214268,-0.151266,-0.029625,-0.219127,-0.059754,-0.125111,0.132899,-0.116892,0.229862,0.240994,-0.377788,-0.137297,0.299238,0.320303,-0.233727,-0.024632,0.011161,0.110177,-0.124181,0.125549,-0.235205,0.056754,0.154018,-0.434203,0.224588,-0.090207,-0.229966,-0.143053,0.256337,0.125023,-0.33075,0.143716,-0.337248,-0.055019,-0.258773,-0.033827,-0.11702,0.271328,-0.046541,0.04452,-0.345454,0.017065,-0.378097,-0.148076,-0.176789,-0.5221,-0.149878,-0.171447,0.346026,-0.548327,-0.284938,0.14897,-0.20525,-0.063015,0.07947,0.129433,-0.061628,0.13308,0.168396,0.077047,0.080322,-0.127267,0.190623,-0.11824,0.065751,-0.260957,-0.201973,-0.147984,-0.554714,0.111235,-0.144533,-0.071041,0.070671,0.129241,0.178505,0.447297,-0.206488,-0.073123,-0.123572,0.265666,0.040013,0.112383,0.111347,-0.071788,0.060334,-0.274652,-0.089352,0.432299,-0.123193,0.166349,-0.084244,-0.074399,-0.186859,-0.020419,-0.023893,-0.128873,-0.096905,-0.006046,0.042973,0.221332,-0.364437,-0.11484,0.44284,0.294815,0.143491,-0.202982,-0.135764,0.09518,-0.224741,-0.060062,0.050116,0.1305,-0.226832,-0.21676,0.275797,0.054305,-0.202119,0.300579,-0.295611,-0.054644,0.345204,0.028002,-0.070088,-0.132678,0.373404,0.157636,0.002689,-0.291878,0.10709,0.200667,0.058019,0.268399,0.020772,-0.080173,-0.213722,-0.203301,-0.430251,#
19,-0.207263,-0.217592,0.157188,0.020636,-0.081451,-0.136615,0.032471,-0.226312,0.153269,0.115016,-0.099183,-0.197131,-0.311166,0.207365,-0.049005,0.196122,-0.005346,0.04257,-0.161192,1.0,0.020662,-0.106517,-0.019437,-0.079254,-0.321606,0.112195,0.217019,0.175902,0.304895,-0.225793,0.232154,0.056306,0.037628,-0.020078,-0.14686,-0.095334,-0.031224,0.0608,0.070585,0.070619,0.166939,0.089335,-0.135154,0.087425,-0.023313,-0.24979,-0.345639,0.025034,-0.449255,-0.052175,-0.042284,-0.019793,-0.119897,0.073473,0.038642,-0.057238,0.046068,-0.057553,-0.120989,-0.062896,-0.279543,-0.033967,0.286505,0.230581,0.062169,-0.447773,0.065593,0.285384,-0.295967,0.185962,0.182475,-0.058916,0.210984,-0.150372,-0.411772,0.183573,0.196763,0.314631,0.138732,0.341836,0.126469,0.327161,0.061555,0.403856,-0.1054,0.370325,0.398387,-0.30343,-0.017817,0.158378,-0.303153,0.048378,-0.100443,0.101026,0.291386,0.244028,0.130026,0.008303,0.154312,0.324077,-0.275469,0.312877,0.19154,-0.313088,0.130832,0.235327,0.346789,0.155189,0.444838,-0.021502,0.126347,-0.105206,0.104343,0.133035,0.19628,0.077098,0.102201,-0.073307,0.404441,-0.024186,-0.200399,0.279452,0.121262,-0.201187,0.105814,0.269777,0.212698,-0.085354,0.370544,0.092293,0.421913,0.002258,0.026992,0.020097,0.208493,-0.135207,-0.025576,0.203893,-0.235447,0.289395,0.585042,0.325331,0.11767,0.190912,-0.090317,0.230359,0.064675,-0.13817,0.01306,0.099598,-0.324979,0.21835,0.423202,-0.268241,0.044853,0.09093,0.233738,-0.192293,0.020761,-0.145701,0.356283,0.040292,0.280005,-0.184777,-0.109947,0.13927,0.274592,0.025916,0.42758,-0.025576,-0.173639,0.176925,0.093611,-0.064936,-0.372052,0.006826,0.447571,-0.153879,0.087429,-0.005251,-0.314801,-0.302687,0.042262,-0.173824,-0.556529,-0.286774,0.091186,-0.137984,-0.131622,-0.156646,0.459023,-0.258072,-0.40083,0.153279,0.281588,0.047458,-0.144664,0.013468,0.337801,0.366189,#
20,-0.005057,-0.119208,-0.335265,0.343924,-0.05605,-0.366618,-0.378152,0.200928,-0.183408,-0.45232,0.288922,0.056052,-0.215081,-0.11768,-0.078771,-0.127354,-0.11619,-0.211513,0.063948,0.020662,1.0,0.001481,0.063257,-0.31128,-0.402101,-0.182463,0.294791,0.177182,-0.471671,-0.276997,0.306466,0.087968,0.48373,0.048726,-0.103897,-0.350264,-0.474959,-0.026367,-0.240233,0.022474,0.141691,0.013636,-0.181309,-0.025879,0.126762,0.273809,0.243224,0.179714,-0.23679,-0.244439,-0.027197,0.533865,-0.159243,0.122298,0.063542,0.26145,0.143468,0.30687,-0.259208,0.355872,-0.382466,-0.15947,0.100807,0.095728,0.025087,0.036736,-0.006095,0.210529,-0.0457,0.442588,-0.027027,-0.337918,0.320004,0.310578,-0.033429,-0.121598,0.035986,0.240906,0.13139,0.031327,0.280328,0.335646,0.13367,0.140251,0.376815,0.045591,0.158649,-0.008025,0.38991,0.040048,0.437396,0.315994,0.3836,0.353714,0.406426,0.283776,0.297146,-0.119176,0.080525,0.418082,0.00415,-0.03362,0.379958,0.32345,0.445536,0.437433,0.038564,0.348977,-0.06361,0.132044,-0.211605,-0.17795,-0.258372,0.314998,0.094047,0.32534,0.250002,-0.205493,-0.131599,0.325053,0.388402,0.031483,0.298522,0.266622,0.247617,0.0244,0.029246,-0.105927,0.465941,0.124102,0.125875,0.198472,0.308642,-0.375621,0.47157,0.54126,-0.113956,0.27457,0.041029,0.227513,0.109326,0.643151,0.233216,0.083539,0.076534,0.320532,0.304819,-0.464976,0.293808,0.394577,0.32572,0.167827,0.278629,0.58831,0.133567,0.135024,-0.278515,-0.285821,-0.012911,0.370038,0.452412,0.229919,-0.042695,-0.118654,0.068579,-0.222163,0.394371,0.039171,-0.056189,0.145911,0.151727,0.203591,-0.281715,0.018415,-0.308207,0.324457,-0.069301,-0.270563,-0.127312,0.292788,-0.359977,-0.443428,0.120062,0.13254,-0.29037,0.34576,0.047967,0.105368,0.180201,-0.063173,0.348983,-0.343314,-0.278138,-0.115832,0.251239,-0.440352,-0.439542,-0.458888,-0.185545,-0.136886,#
