0,1.0,0.537165,-0.103489,-0.408805,0.26588,0.053893,-0.012521,0.165004,0.121116,0.353552,-0.195525,-0.110054,0.311606,0.405346,0.314228,-0.19439,0.436745,0.367239,-0.037525,-0.289427,-0.001657,0.280073,0.258027,0.034069,-0.264823,-0.154015,0.179993,-0.029235,0.128321,0.584937,-0.216047,0.32923,0.219255,0.04713,-0.092926,0.229763,-0.254955,-0.248749,-0.050914,0.104937,-0.228765,-0.292525,-0.008524,0.218551,0.103338,-0.465612,0.179057,-0.039428,-0.356648,-0.22654,0.009966,-0.545326,0.038648,-0.321116,0.090651,-0.198683,-0.095223,-0.085975,0.280487,0.295419,0.281489,0.006664,-0.277874,0.018626,0.047652,0.344957,0.070284,0.172766,0.228341,-0.193486,-0.353774,0.050379,-0.31124,-0.316226,-0.238646,0.169026,-0.20815,-0.228169,-0.364721,-0.355717,-0.296348,-0.258149,-0.319858,-0.087077,-0.362691,-0.349773,-0.597838,-0.283273,-0.082825,-0.466924,-0.404902,-0.612374,-0.246325,0.030386,-0.048455,-0.387132,-0.038023,-0.37199,-0.308909,-0.426225,0.267391,-0.466777,-0.354326,-0.22974,-0.320904,-0.150282,-0.517064,-0.053358,-0.517064,-0.070381,-0.078758,0.146872,-0.515395,-0.211484,-0.62267,0.142993,-0.466777,-0.57352,-0.021856,-0.292191,-0.508159,-0.271952,-0.407529,-0.085695,-0.23959,-0.251435,-0.080529,-0.135149,-0.196404,-0.362691,-0.269942,-0.154455,-0.236941,0.16954,-0.42503,-0.22974,0.153639,-0.443935,-0.109178,-0.277704,-0.099464,-0.28993,-0.480968,-0.327396,-0.283105,-0.527787,-0.183652,0.305998,-0.520796,-0.55159,-0.398789,-0.421598,-0.229642,-0.388228,-0.470706,-0.466834,0.43947,0.569503,-0.408604,-0.215054,-0.424818,-0.080529,0.051692,-0.581112,-0.281266,0.63088,-0.466777,-0.37603,-0.145154,-0.271679,0.272067,0.048873,-0.597703,-0.636996,0.416724,-0.902436,-0.320904,0.391258,0.304321,-0.43707,0.337804,0.375896,-0.035676,0.080472,0.40356,-0.34884,0.41567,-0.082141,-0.008257,0.762641,-0.150967,0.451092,0.421512,0.35077,-0.260601,0.617471,0.057947,-0.386216,-0.128266,0.458075,#
1,0.537165,1.0,0.079763,-0.141398,0.226184,-0.045236,0.264769,0.260429,0.198623,0.381475,-0.219448,-0.404197,0.361091,0.387238,0.523862,-0.217509,0.167007,0.299402,0.428281,-0.449084,0.228678,-0.062923,0.294888,0.011995,-0.177969,-0.312504,0.3172,0.189257,0.479822,0.593279,-0.518393,-0.078701,0.045897,-0.1195,-0.001076,0.114669,-0.218634,-0.306512,0.137101,0.030287,-0.374198,-0.091003,-0.138369,0.268794,0.206491,-0.33631,0.409531,-0.021004,-0.202075,0.277641,0.10321,-0.333148,0.010461,0.005332,0.215012,-0.477027,-0.099567,0.091535,-0.208858,0.134491,0.020614,0.162553,-0.484612,0.191985,0.141459,0.289534,-0.282186,0.448061,0.270741,-0.320263,-0.2868,-0.021233,-0.263539,-0.532143,-0.529699,0.536626,-0.438085,-0.446699,-0.628766,-0.512443,-0.459266,-0.545926,-0.565738,0.26955,-0.534576,-0.140711,-0.531201,-0.527777,-0.337929,-0.326051,-0.441199,-0.52273,-0.602261,-0.269236,-0.251013,-0.294643,0.032948,-0.620884,-0.123226,-0.27922,0.038556,-0.663385,-0.680371,-0.442903,-0.566567,-0.236452,-0.690282,0.103967,-0.828425,-0.171899,-0.029493,0.357711,-0.376949,-0.635028,-0.346307,-0.165789,-0.48881,-0.612554,-0.154959,-0.524158,-0.566567,-0.243723,-0.446012,-0.288032,-0.152462,-0.114622,-0.442363,-0.132586,-0.25808,-0.518189,-0.353905,-0.554117,-0.543876,0.162419,-0.472535,-0.442903,0.324201,-0.226339,0.080741,-0.457498,-0.489093,0.044936,-0.632746,-0.206732,-0.029643,-0.376908,-0.364486,0.501083,-0.465605,-0.448692,-0.403444,-0.578628,-0.215994,-0.380337,-0.676116,-0.344312,0.349923,0.606888,-0.515956,-0.049476,-0.231781,-0.2506,0.297358,-0.283635,-0.461809,0.453247,-0.50485,-0.229336,-0.177159,-0.156388,0.252334,-0.090107,-0.21826,-0.698452,0.389901,-0.481112,-0.410937,0.706425,0.546318,-0.413324,0.357866,0.330158,-0.082907,-0.016232,0.528041,-0.170755,0.365984,-0.205466,-0.131408,0.773783,0.056577,0.762674,0.549835,0.300688,-0.410613,0.317348,0.213321,-0.593658,-0.287966,0.305424,#
2,-0.103489,0.079763,1.0,0.313956,0.377627,-0.182302,-0.080927,-0.038948,-0.267792,-0.295678,0.067338,0.193161,-0.348937,-0.161991,-0.028718,0.03627,0.061135,-0.167371,-0.144788,0.021036,-0.231546,-0.31562,0.225728,-0.313031,-0.121266,-0.148041,0.138492,0.124868,0.143726,-0.015843,0.073307,0.198848,-0.458945,-0.222788,0.152979,0.127898,0.287954,-0.245018,0.080449,-0.139011,-0.284446,0.179973,-0.071546,0.130226,-0.093764,-0.113945,-0.058873,0.416076,0.033141,0.221845,-0.091141,0.341997,0.189549,-0.077048,-0.105815,0.019674,-0.320712,-0.081566,-0.434976,-0.099044,-0.060292,-0.287985,0.181777,0.108207,-0.007127,-0.048112,-0.0452,0.058359,0.089101,0.397829,0.24741,0.369245,0.068319,-0.082858,-0.209908,0.311741,-0.137847,-0.475308,-0.140195,-0.062589,0.012078,-0.084793,-0.067334,0.460061,-0.062329,0.16056,-0.063636,-0.077461,-0.120077,0.029052,0.011214,-0.081894,0.001372,0.019066,0.034996,0.042538,0.19346,-0.484486,0.035488,-0.12461,0.019524,-0.137424,-0.216512,-0.221225,-0.052496,-0.205912,0.082125,0.39351,-0.234765,0.25567,0.230712,-0.268837,-0.22996,-0.001212,0.458841,-0.127238,-0.143534,-0.160455,-0.132666,0.030236,-0.06824,-0.155016,0.169511,0.120673,0.003936,-0.283628,-0.339161,0.064643,0.100687,-0.205849,0.434715,-0.227557,-0.399111,-0.030748,-0.178845,-0.039977,0.292859,0.282141,0.285454,0.198578,0.037617,0.454582,-0.0006,-0.251019,-0.050004,0.39514,-0.113844,0.049909,0.005293,-0.131681,-0.181308,-0.113052,-0.053586,-0.148059,-0.244389,-0.140065,-0.153258,0.280318,0.098408,-0.145925,-0.109643,-0.13177,0.094658,-0.155055,-0.173313,-0.171228,-0.293223,0.037178,0.070477,-0.018652,0.135373,-0.190917,0.112241,-0.081967,-0.110769,-0.001708,-0.061868,0.116801,0.079817,0.059116,0.255299,-0.371802,-0.032507,0.416741,0.079257,-0.206306,-0.241317,-0.055505,-0.082742,0.004916,0.199382,0.304152,0.047094,0.151213,0.073997,-0.139782,0.341867,-0.093564,-0.063237,0.008176,#
3,-0.408805,-0.141398,0.313956,1.0,-0.192502,-0.239808,-0.320596,-0.356461,-0.458499,-0.127894,-0.012384,-0.076883,-0.268894,-0.182526,-0.250874,-0.239923,-0.220823,-0.140472,-0.116563,0.268375,0.026498,-0.320484,-0.037071,-0.063984,0.056207,0.028521,-0.165252,0.128645,-0.070148,-0.206496,0.380758,-0.320498,-0.445564,-0.091672,0.034902,-0.386553,0.219126,0.371924,0.202883,-0.090046,0.149918,0.386563,-0.209383,-0.053739,-0.252199,0.188624,-0.123468,-0.02153,0.459406,-0.152108,0.042455,0.795699,0.071293,-0.033367,0.107315,-0.062379,0.064073,-0.126423,-0.339131,0.256302,-0.095332,-0.038457,0.015214,-0.010103,0.122336,-0.175622,0.104366,0.180864,0.052992,0.183787,0.272618,0.144095,0.306335,0.058338,0.241831,-0.368542,0.202905,0.003673,0.5195,0.132343,0.240395,0.5465,0.250089,0.290295,0.141383,-0.074414,0.20962,0.431737,0.058547,0.261057,0.373615,0.381056,0.549631,-0.087466,0.378217,0.170945,0.020472,-0.049407,0.280422,0.253718,0.085916,0.0647,0.129396,-0.007639,0.293994,0.507594,0.286754,0.216956,0.318351,0.243179,-0.101285,-0.137349,0.491913,0.319337,0.218193,0.023291,0.441183,0.18229,-0.009597,-0.148998,0.280047,0.09166,0.358408,0.24924,0.043672,0.026078,0.061177,0.065614,0.133089,0.145462,0.444606,0.098742,0.198001,0.220953,0.185513,0.396365,0.195553,0.420614,0.390141,0.261896,0.440323,0.234728,0.120099,0.108316,0.469081,0.561044,0.384561,-0.112639,0.313194,0.189715,0.378415,0.364283,0.223669,0.1612,0.046414,0.047191,-0.287119,-0.112975,0.381056,0.170189,-0.248328,0.279522,-0.241557,0.197626,0.044343,-0.284599,-0.105783,0.058276,0.146933,0.262366,-0.096103,-0.030015,0.611359,0.240863,-0.255777,0.268699,0.293994,-0.192356,-0.287839,0.155644,-0.330834,-0.226604,-0.147108,-0.102549,-0.197212,0.114027,-0.221868,0.278906,0.214157,-0.215687,0.170321,-0.097781,-0.438745,0.00136,0.066946,-0.219492,-0.314227,0.12152,0.074449,-0.175537,#
4,0.26588,0.226184,0.377627,-0.192502,1.0,-0.043658,0.204123,-0.036195,0.041859,-0.125546,0.214734,0.214799,-0.036333,-0.328212,0.436771,0.043469,0.424857,0.263947,0.13307,-0.143925,-0.032241,-0.293739,-0.126532,-0.462195,-0.129102,-0.466007,-0.027448,-0.052617,0.316969,-0.009866,-0.236811,-0.163063,-0.015293,-0.22975,-0.047759,0.301504,-0.053014,-0.481914,-0.291149,0.223406,-0.276405,-0.102889,-0.267719,0.109011,-0.110745,-0.227956,0.10573,0.173061,0.027806,0.216411,0.161562,-0.128266,0.158366,-0.2579,-0.091378,-0.205862,-0.468622,-0.269328,-0.170561,-0.342583,-0.254183,0.06566,0.116389,0.093922,-0.025825,0.176041,0.173243,-0.206096,-0.099748,0.135863,-0.264953,0.117242,-0.141365,-0.066586,-0.05584,0.454524,-0.154784,-0.635078,-0.296418,-0.700715,-0.139954,-0.381268,-0.362569,-0.048842,-0.227891,-0.038189,-0.210798,-0.405257,-0.277632,-0.117623,0.019343,-0.427779,-0.148751,-0.317344,-0.299314,0.052868,0.028698,-0.357151,-0.287165,-0.1565,0.013429,-0.287244,-0.385911,-0.204074,-0.213789,-0.218341,-0.545206,0.058058,-0.398488,0.256684,0.069598,-0.306275,-0.557969,-0.294072,-0.042635,-0.308552,-0.463935,-0.157024,-0.282597,-0.124735,-0.538781,0.097254,-0.306695,-0.051689,-0.257128,-0.464512,-0.138302,0.015619,-0.2133,-0.36012,0.098904,-0.519838,-0.380546,-0.225618,-0.17602,-0.380135,0.287114,-0.053785,-0.265817,0.017078,-0.116801,-0.180953,-0.005942,-0.306708,-0.069543,-0.06233,-0.120148,0.189732,-0.173325,-0.293665,-0.28062,-0.294272,-0.355173,-0.307224,-0.395875,-0.29058,0.254492,0.5556,-0.249133,-0.138402,-0.204757,-0.130522,0.028777,-0.197036,-0.562652,0.145252,-0.126445,0.051074,0.198228,-0.017326,0.276326,0.010222,-0.223506,-0.083883,0.076561,-0.209588,-0.532466,0.069531,0.382186,-0.114965,0.546324,-0.036586,0.478955,0.266302,0.214089,-0.498298,0.217911,0.089724,-0.170534,0.160325,0.003675,0.442282,0.070871,0.126836,-0.058816,0.030974,0.133423,-0.317309,-0.486368,0.447849,#
5,0.053893,-0.045236,-0.182302,-0.239808,-0.043658,1.0,0.107821,0.309741,0.253329,0.027181,0.178197,0.139051,0.139268,0.065693,-0.047407,0.016702,0.020569,0.237001,-0.317429,0.451749,-0.213376,0.459178,0.213418,-0.114343,0.218052,-0.187815,0.121598,-0.173778,-0.185594,-0.153652,-0.460052,0.150191,-0.123641,-0.067887,-0.098194,-0.158953,-0.401258,0.044857,-0.163281,-0.445136,0.198477,0.281074,0.132387,0.173443,0.274517,-0.22633,0.179358,0.131167,-0.16993,-0.218714,0.012831,-0.020556,0.333065,0.002128,-0.219963,-0.261588,0.187416,-0.393113,0.17225,-0.175066,-0.200819,-0.141191,-0.140292,0.068702,0.052981,-0.079095,-0.30281,-0.171909,-0.060127,0.106439,0.207041,0.205687,-0.222587,0.111874,-0.15322,0.16975,-0.1857,0.162117,-0.085861,-0.096993,0.446607,-0.307247,-0.015042,-0.299565,0.045001,0.308175,-0.13723,-0.067781,0.216559,-0.285744,0.139334,0.129728,-0.009153,0.226092,-0.004202,0.247441,0.162154,0.207288,-0.203536,-0.186624,-0.0569,0.063996,0.225194,0.145841,-0.012365,-0.023482,0.053163,-0.500341,-0.114981,-0.105843,0.077622,0.10302,0.02019,-0.236712,-0.063962,-0.220171,-0.45363,0.299962,-0.227344,-0.02826,-0.011987,-0.391869,0.307792,-0.222125,-0.013305,0.171502,0.00897,0.131995,-0.050083,0.219209,-0.096949,0.161682,-0.150181,-0.165892,-0.017607,-0.050649,0.026776,-0.154778,-0.147709,-0.129022,0.063904,-0.340952,-0.192654,0.019601,-0.090732,0.093435,-0.163782,-0.194853,0.011407,-0.240434,-0.136769,-0.058357,-0.133995,-0.153859,0.09474,0.068358,0.121688,0.045585,-0.045257,0.019322,-0.134422,-0.011077,0.250363,0.051838,-0.114949,0.218421,0.234354,0.076309,-0.10284,-0.148624,-0.077156,0.135245,-0.327384,0.239263,0.001191,-0.146859,-0.005554,0.063247,0.036088,-0.069966,0.260678,0.097992,-0.04414,-0.240085,-0.326382,-0.037242,0.158374,0.077932,-0.209534,-0.139599,0.023543,-0.114045,0.000786,-0.242526,0.150787,0.051538,0.021416,5.6e-05,0.087168,0.115886,#
6,-0.012521,0.264769,-0.080927,-0.320596,0.204123,0.107821,1.0,0.292583,0.65479,0.091933,0.012367,-0.188948,0.34809,-0.130048,0.477743,-0.164345,-0.041032,0.005007,0.136387,-0.040308,0.074262,0.00071,-0.103529,-0.106274,0.106666,-0.413353,0.021216,-0.133884,0.129448,0.043023,-0.529134,-0.239827,0.198188,-0.053479,-0.454204,0.024308,-0.021406,-0.295467,0.017987,0.014527,0.065032,0.213835,-0.203476,-0.047107,-0.020988,-0.063055,0.415308,0.199171,0.042033,0.222002,-0.129288,-0.437559,-0.00015,-0.251201,-0.283326,0.156716,0.273478,-0.027575,-0.101644,0.165671,-0.242088,0.01886,-0.126405,0.123952,0.317063,0.308824,0.152631,-0.176878,0.086734,-0.284667,0.04287,0.055093,-0.167646,-0.284306,-0.436843,0.520674,0.056274,-0.189332,-0.18236,-0.089485,-0.026386,-0.426961,-0.245988,-0.008111,-0.462081,0.510463,-0.10199,-0.138712,-0.225761,-0.338679,-0.392014,-0.331368,-0.542588,0.062683,-0.094056,-0.33501,0.052535,0.126218,-0.026209,0.127753,0.020796,-0.146947,0.05962,0.11806,-0.094305,-0.257448,-0.11437,-0.069532,-0.267532,-0.534604,0.203712,0.316059,-0.284671,-0.4957,0.159114,-0.081814,-0.328223,-0.21644,-0.23898,-0.227788,-0.249396,-0.19749,-0.382958,-0.320875,-0.253939,0.148977,0.055236,0.378469,-0.227642,-0.100192,-0.397954,-0.72877,-0.433854,0.055478,-0.211377,-0.250426,-0.058634,0.045305,-0.042504,-0.366176,-0.335533,-0.131952,-0.248135,-0.174677,0.021883,-0.284937,-0.346229,0.603082,0.099714,-0.325334,0.00776,-0.167596,-0.159382,-0.343403,-0.291796,0.182937,0.406042,0.342131,-0.225628,-0.344207,0.51526,0.043028,0.628215,-0.081611,0.242939,0.373817,0.018027,-0.244695,-0.363925,-0.276565,0.052694,-0.154962,-0.112757,-0.146302,-0.136323,0.096236,-0.080968,0.335129,0.595938,0.046468,0.301749,0.243178,0.113788,-0.193234,0.263871,0.090943,0.434536,-0.055978,-0.49197,0.055699,0.207474,0.354531,0.11445,-0.160871,-0.059383,-0.040457,-0.043523,-0.08011,-0.056036,-0.254964,#
7,0.165004,0.260429,-0.038948,-0.356461,-0.036195,0.309741,0.292583,1.0,0.387012,-0.094117,-0.044252,-0.179031,-0.004521,0.25918,0.166505,0.142138,0.137212,-0.10021,-0.209748,-0.04886,-0.08658,0.371937,0.137446,0.363992,0.00135,-0.184636,0.256606,-0.042765,0.160954,-0.195111,-0.467468,0.05876,0.177251,-0.173186,-0.138769,-0.026206,-0.149798,-0.436335,0.333196,-0.131401,-0.040254,0.136266,-0.302725,0.306058,0.032266,0.186363,-0.065064,0.154801,-0.069291,0.228774,0.004017,-0.257956,0.238942,0.292486,-0.307659,-0.081931,0.145737,-0.002439,0.093601,0.060418,-0.049647,-0.018139,-0.425349,0.314024,0.162667,0.07863,-0.158496,0.195138,0.382314,-0.186434,-0.068149,0.270329,-0.152719,0.151823,-0.311402,0.460761,-0.144232,0.04447,-0.442017,-0.06187,-0.046291,-0.147571,-0.027357,-0.151768,-0.245495,0.212382,0.034076,-0.193933,-0.165063,-0.513523,-0.344548,-0.324007,-0.317954,0.115761,-0.303347,-0.08436,0.192205,-0.059248,-0.024676,-0.170937,-0.046592,-0.150268,0.104641,0.079691,-0.030426,-0.407932,-0.070723,-0.205695,-0.406239,-0.485253,0.063848,0.150351,-0.271278,-0.086447,-0.006754,0.086242,-0.321136,-0.163746,-0.423755,0.188431,-0.023437,-0.350211,0.022592,-0.468597,0.17939,-0.133133,-0.11842,0.050101,-0.392641,-0.090275,-0.562905,-0.188455,-0.145944,-0.131718,0.186354,-0.097,0.418383,0.010126,-0.078463,-0.419568,-0.513658,0.15613,-0.340273,0.20753,-0.241805,-0.209458,-0.426894,0.045233,-0.114479,-0.244351,-0.112678,0.02002,-0.316633,-0.245219,-0.007672,0.02126,0.246541,0.000879,-0.324007,0.105343,0.212169,0.093523,0.193483,-0.150693,-0.00866,0.225263,0.01783,-0.261577,-0.316412,-0.298793,-0.115276,-0.042366,-0.510075,-0.223611,0.021541,-0.040943,-0.023437,-0.013852,0.233186,-0.075737,0.110964,0.134319,0.265397,0.170304,0.010068,0.22067,0.004531,-0.41667,0.026896,0.014545,0.078151,0.222871,0.182327,-0.392633,-0.059077,0.309338,0.155187,-0.49009,-0.213727,0.160314,#
8,0.121116,0.198623,-0.267792,-0.458499,0.041859,0.253329,0.65479,0.387012,1.0,0.078665,-0.287152,-0.282906,0.576014,0.21992,0.2371,-0.286077,-0.078787,0.149612,0.049431,0.03866,0.227525,0.21315,0.006797,0.119091,0.299379,-0.257163,0.349979,-0.108728,0.182584,0.095696,-0.388293,-0.055179,0.140034,-0.213412,-0.532123,0.071337,0.060981,-0.231363,0.057341,-0.034526,0.28893,-0.018318,-0.071963,-0.135288,0.164441,-0.246458,0.421615,0.15339,-0.142311,0.213815,0.017324,-0.445564,0.062076,0.10374,-0.433197,0.008592,0.172297,0.00752,0.384618,0.071825,0.186513,-0.093737,-0.177027,0.341163,0.213074,0.453529,0.002167,0.155245,0.267219,-0.366305,0.131082,0.105361,-0.374481,0.029717,-0.242897,0.327512,0.251409,0.089226,-0.178737,-0.154778,0.050245,-0.395992,-0.11346,-0.208174,-0.351149,0.350098,-0.063612,-0.150593,0.118555,-0.394727,-0.417015,-0.097124,-0.422498,0.327336,0.099312,-0.01438,0.255854,0.164725,0.033471,0.098833,-0.041382,0.124267,0.152707,0.195513,0.045533,-0.267282,-0.179684,-0.174053,-0.172915,-0.369619,0.333341,0.422458,-0.183578,-0.33042,0.058482,-0.021143,-0.215186,-0.077035,-0.152966,0.053368,-0.109468,-0.097893,-0.242305,-0.350659,-0.068074,0.282538,0.044542,0.219262,-0.044128,0.14611,-0.48911,-0.43318,-0.240621,-0.105523,-0.076931,-0.172759,-0.220531,-0.072022,-0.07629,-0.194597,-0.225532,-0.248229,-0.127042,-0.340982,-0.140699,-0.196613,-0.467025,0.31743,-0.036933,-0.315027,0.11905,-0.284129,0.098887,-0.28884,-0.134479,0.128708,0.491778,0.27616,0.086051,-0.283805,0.367314,0.024364,0.328718,-0.091467,0.414035,0.489443,0.289144,-0.042637,-0.559931,-0.326882,-0.345959,-0.090383,-0.223335,-0.140352,-0.068246,0.018598,0.052388,0.118755,0.631032,-0.215843,0.226557,0.204512,0.044306,-0.278456,0.080848,0.109205,0.581512,-0.151564,-0.460885,0.10777,0.320641,-0.014903,0.090957,-0.318608,-0.066578,0.104826,-0.013275,-0.037545,0.145745,-0.097574,#
9,0.353552,0.381475,-0.295678,-0.127894,-0.125546,0.027181,0.091933,-0.094117,0.078665,1.0,-0.097452,-0.327642,0.393544,0.315258,-0.01146,-0.09621,-0.097488,0.044492,0.174809,-0.327891,-0.180751,0.106772,0.36066,-0.049064,-0.374392,-0.205029,0.258809,-0.241171,0.040875,0.614194,-0.079613,0.013918,0.038868,0.18671,-0.291607,-0.009242,-0.184316,-0.052676,-0.120113,0.038231,-0.148013,0.0,0.32384,0.212452,0.08255,-0.647432,0.290082,-0.216433,-0.575959,-0.306755,-0.134478,-0.251148,0.194285,-0.407206,-0.005026,-0.397712,0.034201,0.044952,-0.029274,-0.088605,0.236085,-0.104254,-0.336173,-0.024347,-0.081135,0.23778,-0.098179,0.03329,0.094785,-0.283951,-0.408688,-0.262395,-0.249623,-0.664161,-0.079747,0.106248,-0.204283,-0.210249,-0.250185,0.036936,-0.328194,-0.287127,-0.213924,0.139906,0.009011,-0.280528,-0.273007,-0.466772,-0.176987,-0.15563,-0.202737,-0.12887,-0.414921,-0.3061,0.004499,-0.232868,-0.202623,0.097278,-0.105371,0.013799,-0.175086,-0.374368,-0.170738,-0.139637,-0.215014,0.001741,-0.372867,-0.035649,-0.163482,-0.254614,-0.100754,0.618026,-0.160112,-0.249769,-0.435216,-0.03866,-0.158387,-0.204283,0.134354,-0.651051,-0.407558,-0.282626,-0.205825,-0.341724,-0.479027,0.390869,-0.012393,-0.346967,0.022292,0.029284,-0.24681,-0.215014,-0.288311,-0.004326,-0.610112,-0.139637,-0.147002,-0.07604,0.094472,-0.419876,-0.174486,-0.294354,-0.34158,-0.210513,-0.029768,-0.431287,0.130521,0.365467,-0.297865,-0.027649,-0.383808,-0.584476,-0.081709,-0.311369,-0.043645,-0.374414,0.145463,0.359321,-0.12887,-0.310861,-0.261896,-0.012393,0.000194,-0.174549,-0.185253,0.113967,-0.374368,-0.234129,0.010509,0.066316,0.022752,-0.048405,-0.060504,-0.249747,0.459306,-0.398485,-0.215014,0.352899,0.18348,0.267163,0.164699,0.231488,-0.327938,-0.254538,0.26406,0.166459,0.446426,-0.464678,0.183491,0.591439,-0.07753,0.121454,0.081437,0.417568,0.020709,0.172005,-0.027406,-0.287715,0.037999,-0.217116,#
10,-0.195525,-0.219448,0.067338,-0.012384,0.214734,0.178197,0.012367,-0.044252,-0.287152,-0.097452,1.0,0.225253,-0.467142,-0.317522,-0.117515,0.426009,0.190488,-0.011326,-0.02721,-0.136248,-0.242524,0.031733,0.025571,-0.179012,0.067288,0.077379,-0.162184,-0.097015,-0.135523,-0.332878,-0.080394,-0.081186,-0.033885,0.058173,0.296129,0.230255,-0.071321,0.22723,-0.149156,-0.099584,-0.169952,0.102833,-0.043246,0.074847,-0.111556,0.073507,-0.097631,-0.094012,0.087975,0.082657,-0.058602,0.005286,0.005169,-0.309424,-0.175336,0.059636,-0.167822,0.086867,-0.215209,-0.064279,-0.34402,-0.010619,0.11727,-0.294574,-0.053961,-0.560557,-0.179891,-0.305472,-0.226168,0.210453,-0.107624,-0.129431,0.116013,0.111852,0.125236,0.193662,-0.026163,-0.02041,-0.024333,-0.155386,-0.140511,-0.045614,0.048566,-0.060926,0.183273,-0.145646,-0.058871,-0.075276,-0.108476,-0.106168,-0.06652,-0.201008,0.163866,-0.317597,-0.020421,0.1718,-0.213422,0.225356,-0.095465,-0.060953,0.157423,-0.110761,0.02372,-0.239243,-0.125944,-0.171971,0.020729,-0.381233,0.196929,0.133122,-0.292664,-0.183581,0.187237,-0.176749,0.109799,-0.161168,-0.084674,-0.069204,-0.221537,0.144693,0.04534,-0.151093,-0.046232,-0.044871,-0.402372,-0.248035,-0.311403,0.117459,-0.20707,-0.176176,0.278826,0.04534,-0.048348,0.004295,0.149816,0.163623,0.112489,0.125706,-0.21168,-0.054807,-0.103836,-0.168878,0.264051,-0.146972,-0.303089,-0.026473,-0.006419,-0.137793,-0.175793,0.164239,-0.002565,0.194997,-0.422753,-0.191891,-0.080715,-0.291422,-0.310927,-0.097876,-0.201008,-0.004735,0.128575,0.15984,0.246198,0.025727,-0.260744,-0.249377,-0.103491,0.335504,0.444721,-0.042206,0.099043,0.131168,-0.093305,0.061197,-0.296867,0.12753,-0.125944,-0.013373,-0.214248,0.232444,0.305968,-0.204878,0.121092,0.084671,-0.298306,-0.13774,-0.291663,0.074376,0.092606,-0.34054,-0.334033,-0.085165,-0.122061,-0.173056,0.03231,-0.214975,0.320522,0.073944,-0.08855,-0.045139,#
11,-0.110054,-0.404197,0.193161,-0.076883,0.214799,0.139051,-0.188948,-0.179031,-0.282906,-0.327642,0.225253,1.0,-0.383079,-0.199897,-0.20428,0.216256,-0.115506,-0.022077,-0.475242,0.203747,-0.545024,0.154248,-0.136143,-0.314497,0.050708,0.034273,-0.032797,-0.226925,-0.284806,-0.364862,-0.091716,0.178361,-0.009913,0.32242,0.169079,0.118504,-0.362749,0.052004,-0.280289,0.209337,0.099668,-0.019084,0.064116,-0.33431,-0.102526,-0.009855,-0.363458,-0.015712,0.067957,0.154685,-0.120461,0.045536,-0.15333,-0.107157,0.091702,0.016467,-0.129247,0.065494,0.228502,-0.129807,-0.083427,0.06735,0.116238,-0.490873,-0.007432,-0.193871,-0.032133,-0.364376,-0.2427,0.473477,0.085355,-0.020677,0.062131,0.444863,-0.06952,-0.072675,-0.156914,-0.141331,0.17109,0.090642,0.359915,0.084992,0.106295,-0.365979,0.225168,0.169928,0.091378,0.101112,0.036537,0.183843,0.176292,0.088153,0.332708,0.030955,0.010574,0.194095,-0.271568,0.161321,-0.149894,0.019005,-0.03548,0.366718,0.095888,0.149064,-0.058982,-0.046321,0.24845,-0.053318,0.23917,0.392121,-0.233723,-0.306192,-0.235969,0.17268,0.063307,-0.2807,0.008715,0.174051,0.020182,0.40819,0.260888,-0.052622,0.181242,0.305277,-0.183664,0.010936,0.075288,0.062651,0.390089,0.107426,0.089856,0.280057,-0.07135,-0.193837,0.179297,-0.046135,0.029415,-0.055755,-0.07592,-0.00436,0.369484,-0.011653,0.196649,0.064912,-0.228382,0.105207,0.029211,-0.319897,0.012097,0.170328,0.146204,0.095146,-0.208948,0.210806,0.08686,0.203804,-0.135507,-0.240413,0.088153,0.058212,-0.075595,-0.322551,-0.105356,0.041042,-0.184872,-0.195763,0.210498,0.19682,0.186781,0.163367,0.158302,-0.000487,-0.075831,0.256211,-0.127878,-0.00609,-0.199184,-0.301465,-0.11406,0.066999,0.024876,-0.054912,-0.044521,0.256001,-0.116516,-0.390413,-0.276733,-0.059087,-0.052466,-0.351765,-0.469069,-0.208601,0.026062,-0.042786,0.163243,-0.285195,0.316085,0.283004,-0.0061,0.233597,#
12,0.311606,0.361091,-0.348937,-0.268894,-0.036333,0.139268,0.34809,-0.004521,0.576014,0.393544,-0.467142,-0.383079,1.0,0.546602,0.163401,-0.297243,-0.257268,0.374055,0.184644,-0.047427,0.325542,0.282372,0.231112,0.108011,0.032513,-0.201988,0.385229,-0.070291,0.261842,0.46554,-0.274642,0.098582,0.324777,-0.16551,-0.246474,-0.046953,0.099655,-0.019243,-0.112948,-0.298495,0.253103,0.027343,0.276783,0.025228,0.093011,-0.503591,0.570791,0.095636,-0.332687,-0.076343,0.23191,-0.281232,0.170639,-0.062977,-0.164103,-0.009973,0.271326,-0.142176,0.194522,0.015322,0.452062,0.078283,-0.01196,0.191593,0.205799,0.58709,-0.165851,0.312914,0.245284,-0.245025,-0.024977,0.04759,-0.258587,-0.214089,-0.133858,0.124159,0.04363,0.049295,-0.198509,-0.157977,-0.05599,-0.460687,-0.262833,-0.079613,-0.190943,0.215965,-0.121533,-0.061939,0.192474,-0.314263,-0.268962,0.080037,-0.450417,0.192544,-0.102333,-0.018358,0.399227,0.002535,-0.067187,-0.087191,-0.189593,0.028862,-0.007135,0.138769,0.068194,-0.063091,-0.183073,-0.178959,-0.337301,-0.216965,0.259329,0.255936,-0.181603,-0.351307,-0.24551,-0.029009,-0.313154,-0.106791,0.145006,-0.351061,-0.251056,-0.148829,-0.099587,-0.218821,-0.200893,0.396674,0.150842,0.119187,0.143933,0.166979,-0.392707,-0.23801,-0.30659,-0.113019,-0.4454,-0.050395,-0.391717,-0.288233,0.187874,-0.05114,-0.143988,-0.330806,-0.246794,-0.241558,0.132925,-0.190136,-0.09578,0.275126,0.00986,-0.329926,-0.057044,-0.478745,0.367715,-0.287472,-0.215187,0.025653,0.65067,0.457063,0.087135,-0.273122,0.053177,-0.062391,0.219164,0.073939,0.151339,0.595739,0.194984,-0.015201,-0.308368,-0.130049,-0.113203,0.058267,-0.114148,-0.218618,0.33277,-0.230354,0.081624,0.324957,0.608391,-0.21174,0.220203,0.229425,-0.171431,-0.362541,0.315867,0.092007,0.642371,-0.053409,-0.55229,0.487725,0.384674,0.093929,0.003597,0.030956,0.162405,0.137599,-0.140048,0.015842,0.378627,-0.078154,#
13,0.405346,0.387238,-0.161991,-0.182526,-0.328212,0.065693,-0.130048,0.25918,0.21992,0.315258,-0.317522,-0.199897,0.546602,1.0,-0.126194,-0.066564,-0.237971,0.269663,0.001276,-0.19635,0.176041,0.565573,0.633098,0.368527,-0.209498,0.05753,0.640058,0.083917,0.019469,0.315292,-0.167592,0.33767,0.253969,0.089371,-0.033739,0.118874,-0.063677,-0.020416,0.17422,-0.322911,-0.14104,-0.087808,0.461167,0.110365,-0.087378,-0.384701,0.131359,-0.043758,-0.362923,-0.010417,0.373682,-0.209316,0.118662,0.146031,-0.023165,-0.007094,0.155958,0.203622,0.26985,0.126543,0.638034,-0.054786,-0.245678,-0.038038,0.145585,0.240275,-0.55712,0.548259,0.284758,-0.124332,-0.045815,-0.016748,-0.199748,-0.06326,-0.247695,0.114383,-0.112683,0.073588,-0.333601,0.088458,-0.213214,-0.212754,-0.124184,0.045691,0.004558,0.040278,-0.01408,-0.073892,0.152596,-0.372053,-0.446457,0.035796,-0.310197,0.192117,-0.097256,-0.09847,0.110722,-0.023146,-0.01568,-0.292281,-0.118361,-0.040062,0.027618,-0.213187,0.01873,-0.287914,0.009513,-0.26142,-0.345741,-0.0006,-0.029415,0.21276,-0.167613,-0.069915,-0.27323,-0.045543,-0.158981,-0.316075,0.105875,-0.008669,0.019163,-0.326019,0.085949,-0.229781,-0.09439,0.252409,-0.184737,-0.131194,0.220688,0.016167,-0.445365,0.085315,-0.215401,-0.098157,-0.302703,-0.065621,-0.13128,-0.419348,0.249281,-0.13495,-0.232522,-0.06416,-0.393093,-0.129499,-0.199422,-0.149163,-0.075249,-0.088746,-0.237685,-0.221047,-0.123272,-0.390991,0.110074,-0.289636,-0.196398,0.009842,0.294251,0.174976,0.043794,-0.270011,-0.233613,-0.166091,0.000148,-0.046173,0.093261,0.371653,-0.032575,-0.109957,-0.139009,-0.022047,-0.135637,-0.116331,-0.258799,-0.467379,0.305217,-0.337971,0.033863,0.208412,0.324265,-0.316464,0.11587,-0.029502,-0.367174,0.024628,0.284713,0.142054,0.219287,-0.463371,-0.16324,0.540475,0.033729,0.05076,0.11705,0.123759,0.098699,0.1949,0.194425,-0.089938,0.342091,0.051404,#
14,0.314228,0.523862,-0.028718,-0.250874,0.436771,-0.047407,0.477743,0.166505,0.2371,-0.01146,-0.117515,-0.20428,0.163401,-0.126194,1.0,-0.113411,0.281269,-0.018317,0.333355,-0.244656,0.193045,-0.3175,-0.116865,-0.059922,-0.32425,-0.259833,0.027684,0.41228,0.468991,0.115754,-0.488578,-0.095785,0.091125,-0.171175,-0.132595,0.280209,-0.21477,-0.207339,0.074803,0.222567,-0.458728,-0.003767,-0.237942,0.354098,0.248201,-0.024151,0.257869,-0.207101,0.063913,0.309904,-0.024038,-0.234108,0.004936,0.06414,0.005846,-0.218457,-0.08083,-0.135316,-0.03087,0.025681,-0.375631,0.276284,-0.283477,0.167138,0.094731,0.208852,0.038186,-0.135705,-0.196622,-0.481924,-0.348861,-0.252381,-0.061592,-0.228423,-0.470099,0.444918,-0.11653,-0.453204,-0.359276,-0.332188,-0.409325,-0.303232,-0.418457,0.207641,-0.529034,0.004719,-0.309944,-0.411496,-0.300612,-0.329479,-0.133177,-0.483961,-0.289021,-0.34148,-0.264118,-0.348396,-0.297907,-0.183217,-0.406328,-0.298838,0.433776,-0.478135,-0.343775,-0.213482,-0.255793,-0.076494,-0.51878,-0.021748,-0.511947,-0.147667,-0.282196,0.257383,-0.350118,-0.356761,-0.394915,-0.026182,-0.311305,-0.480543,-0.534118,-0.278803,-0.592181,0.007379,-0.635391,-0.038809,0.062616,-0.45191,-0.270255,-0.097736,-0.26451,-0.505331,-0.422518,-0.572574,-0.304043,0.060987,-0.316438,-0.385592,0.222336,-0.317995,-0.153724,-0.253308,-0.481415,-0.297646,-0.410336,0.022419,0.104259,-0.300839,-0.290422,0.244725,-0.383553,-0.360002,-0.236439,-0.337314,-0.457924,-0.106027,-0.412162,-0.156337,0.224619,0.450727,-0.476849,0.077854,0.095764,-0.06088,0.187457,-0.316683,-0.238918,0.249435,-0.145259,-0.170428,0.007978,-0.370049,0.633454,0.105553,-0.304528,-0.432542,0.33184,-0.281186,-0.422257,0.484133,0.423719,-0.194498,0.188906,0.369026,0.506997,-0.043114,0.46746,-0.317583,0.128685,0.104681,-0.161774,0.314206,-0.012041,0.571622,0.324603,0.362837,-0.417579,0.084107,-0.160354,-0.19924,-0.359007,0.353009,#
15,-0.19439,-0.217509,0.03627,-0.239923,0.043469,0.016702,-0.164345,0.142138,-0.286077,-0.09621,0.426009,0.216256,-0.297243,-0.066564,-0.113411,1.0,0.002231,-0.370146,0.157678,-0.126423,-0.424353,0.249579,0.030917,0.195947,-0.116016,-0.056947,0.004327,-0.094685,0.072125,-0.331822,-0.042733,0.139263,-0.032513,0.265582,0.16248,0.398711,0.167831,0.070816,0.056417,0.072693,-0.185376,-0.284657,0.192928,0.086709,-0.109499,0.126767,-0.43827,0.109531,-0.084018,0.065763,0.200291,0.116122,0.007597,0.128353,-0.144663,0.172059,0.074032,-0.141969,0.009966,-0.345467,-0.09404,0.204755,0.268004,-0.333789,-0.033898,-0.558149,-0.345723,-0.027979,0.167763,0.276963,0.085138,-0.290702,0.32422,0.120726,-0.047856,0.019027,-0.191666,-0.023414,-0.207768,0.028201,0.043974,-0.049589,0.235643,-0.064918,0.37011,-0.132366,0.122249,-0.263219,-0.095578,0.073714,0.121975,0.002518,-0.020512,-0.119664,-0.205254,0.186366,-0.025856,0.235397,-0.099435,-0.246377,0.145042,0.077511,0.031234,-0.045573,0.231312,-0.170013,0.028216,-0.114741,0.017794,-0.053013,-0.105692,-0.183554,0.185175,0.186802,0.045007,-0.166214,0.092992,0.118527,-0.046809,0.153718,0.041338,-0.081827,0.140892,-0.238354,0.018659,-0.060118,-0.099125,-0.032975,-0.120946,-0.169774,0.092117,0.220758,0.125821,0.001766,0.14771,-0.029564,0.114173,0.115468,-0.199237,-0.044852,-0.109191,0.087279,-0.089579,0.276429,-0.289151,-0.079519,-0.200169,-0.475022,-0.167987,-0.007151,-0.270815,-0.005535,-0.259356,0.188688,0.110543,0.081033,-0.304581,-0.246473,-0.192725,0.191724,0.360195,-0.058551,-0.133763,0.277295,-0.251949,-0.43122,0.260279,0.251177,0.085735,-0.04088,-0.082143,-0.179195,-0.09748,0.069774,-0.098612,0.138484,-0.130904,0.001883,-0.395519,0.137656,-0.015999,-0.344205,0.136499,0.101706,-0.466365,0.072291,-0.47192,-0.294401,0.091089,-0.327596,-0.319587,-0.254696,0.072003,-0.165627,0.253801,-0.003953,0.320562,0.085652,-0.078004,-0.043835,#
16,0.436745,0.167007,0.061135,-0.220823,0.424857,0.020569,-0.041032,0.137212,-0.078787,-0.097488,0.190488,-0.115506,-0.257268,-0.237971,0.281269,0.002231,1.0,0.136849,0.130654,-0.299909,-0.006306,-0.274368,-0.147521,-0.179077,-0.089,0.151248,-0.351693,0.023928,-0.120264,0.073978,-0.093567,-0.051585,-0.014854,-0.350144,0.092693,0.222385,0.062863,-0.401621,-0.205346,0.105803,-0.236425,-0.46148,-0.388143,0.359939,0.083781,0.060229,-0.129319,-0.188916,0.079361,-0.306923,-0.018519,-0.215505,0.08538,-0.214214,0.322999,-0.168748,-0.548064,-0.115516,-0.232336,-0.034724,-0.336754,-0.011546,-0.026563,0.163096,-0.03464,-0.115896,0.218946,-0.244106,-0.034837,-0.126976,-0.357617,0.028382,0.116041,-0.130708,-0.073267,0.178345,-0.048805,-0.223999,-0.202434,-0.356626,-0.304065,-0.097862,-0.156458,-0.079606,-0.346634,-0.350062,-0.431203,-0.289513,-0.094156,-0.283073,-0.059486,-0.609643,-0.070765,-0.334366,-0.220035,-0.37569,-0.049676,-0.346093,-0.473987,-0.239194,0.192875,-0.467163,-0.355237,-0.058548,-0.330093,-0.158017,-0.35682,-0.023101,-0.180555,0.112864,0.078071,-0.183648,-0.179779,-0.222241,-0.272854,0.138775,-0.467163,-0.234705,-0.186502,0.069742,-0.508579,0.089139,-0.415398,-0.060883,0.053544,-0.5808,-0.091592,-0.142893,-0.604879,-0.353461,0.082114,-0.151608,-0.07072,-0.038447,-0.075808,-0.058548,0.458363,-0.257537,-0.522628,-0.08084,-0.281944,-0.031028,-0.133091,-0.254784,-0.116332,-0.069656,-0.006121,0.211507,-0.172723,-0.209624,-0.395966,0.139821,-0.240633,-0.191961,-0.289198,-0.46722,0.082021,0.307615,-0.415416,0.173627,-0.199014,0.119874,0.096178,-0.554801,-0.286833,0.100844,-0.285346,-0.21448,-0.103217,-0.271904,0.162806,-0.092567,-0.432262,-0.114828,0.070633,-0.309257,-0.330093,0.015099,-0.042258,-0.182532,0.17741,0.167355,0.506418,0.084666,0.062718,-0.163253,-0.108118,0.270647,0.357537,0.21864,-0.163218,0.288532,0.263853,0.179403,-0.040929,0.580842,0.082775,-0.362611,-0.528368,0.423147,#
17,0.367239,0.299402,-0.167371,-0.140472,0.263947,0.237001,0.005007,-0.10021,0.149612,0.044492,-0.011326,-0.022077,0.374055,0.269663,-0.018317,-0.370146,0.136849,1.0,0.161844,0.003387,0.418688,0.115734,0.140882,-0.366535,0.201105,-0.043644,0.077765,0.025394,-0.056146,0.243962,-0.243496,0.08591,0.157139,-0.241893,0.073712,-0.127586,-0.341436,-0.046028,0.02098,-0.059633,0.209342,0.009023,-0.02002,-0.194085,-0.177219,-0.193893,0.237783,0.167025,-0.072284,-0.155696,0.441875,-0.219616,-0.12807,-0.192956,0.138071,-0.110926,-0.211217,-0.056317,0.040145,-0.021691,0.160807,0.339704,-0.113876,0.178009,-0.020661,0.404896,-0.096759,0.185262,0.101683,0.332994,-0.028937,0.217014,-0.559718,-0.04333,-0.002031,0.130381,-0.249506,0.073154,-0.170227,-0.590757,0.004561,-0.284712,-0.253144,-0.403527,-0.154157,0.14935,-0.248335,0.022455,0.010617,-0.019874,-0.227394,-0.002025,-0.090914,0.109696,-0.194084,0.127125,0.28966,-0.273398,-0.042911,-0.377638,-0.273372,-0.153433,-0.265627,-0.058505,-0.25693,-0.242735,-0.263557,-0.186622,-0.307647,0.073949,0.267188,-0.32999,-0.150966,-0.366074,-0.071816,-0.382694,-0.508087,-0.054921,0.340266,-0.183329,-0.234044,-0.088216,-0.174921,-0.260086,-0.269525,0.142149,0.065698,0.100222,0.18646,-0.08663,0.022573,-0.10011,-0.171111,-0.166469,-0.116027,-0.243851,-0.032168,-0.406234,0.023873,0.038974,0.02174,-0.136833,-0.068502,-0.308535,-0.155296,0.044797,-0.144092,0.330048,-0.068519,-0.354956,-0.186421,-0.05728,0.248828,-0.375034,-0.322704,0.021004,0.462181,0.30187,-0.140831,-0.213827,-0.446298,0.045358,0.214459,-0.018033,-0.299315,0.702232,-0.023496,-0.058397,-0.031561,-0.030938,-0.04592,-0.041056,-0.252547,-0.148276,0.089979,-0.337222,0.091226,0.043537,0.438537,-0.331258,0.121484,0.348107,-0.16574,-0.183677,0.111424,-0.311017,0.459758,0.154953,-0.454108,0.393364,0.102093,0.192446,0.097234,0.008292,-0.220105,-0.017217,-0.068365,-0.035785,0.031579,0.31418,#
18,-0.037525,0.428281,-0.144788,-0.116563,0.13307,-0.317429,0.136387,-0.209748,0.049431,0.174809,-0.02721,-0.475242,0.184644,0.001276,0.333355,0.157678,0.130654,0.161844,1.0,-0.260547,0.45854,-0.36609,0.019612,0.043935,-0.100574,-0.144533,0.071407,0.217768,0.243873,0.249295,-0.108283,-0.143519,0.21031,-0.122722,0.008849,0.228466,0.202309,-0.041553,0.090553,0.280347,-0.296842,-0.355625,0.004528,-0.006189,0.122984,0.09913,0.217826,0.009221,0.104552,0.150948,0.336539,-0.124772,-0.114174,0.10432,0.330486,-0.036738,-0.115761,0.100573,-0.250403,-0.203747,-0.104556,0.24937,0.077394,0.120141,-0.020725,0.056864,-0.18863,0.211527,0.021164,-0.265512,-0.238194,-0.576569,0.117689,-0.353541,-0.153841,0.093506,-0.266553,-0.104524,-0.259797,-0.414723,-0.407938,-0.330586,-0.342197,0.247221,-0.105723,-0.197487,-0.16326,-0.364132,-0.248694,0.133128,-0.060291,-0.127359,-0.397023,-0.433464,-0.372379,-0.231711,-0.090044,-0.223696,-0.0812,-0.04299,-0.070625,-0.251633,-0.493031,-0.376464,-0.192776,-0.152561,-0.463428,0.081239,-0.279732,-0.031784,0.214002,0.02009,0.17174,-0.38946,-0.101598,-0.276556,-0.068792,-0.064549,0.142688,-0.292518,-0.323175,0.311116,-0.369034,-0.321011,-0.014236,-0.026803,-0.314013,-0.301245,-0.242585,-0.304811,-0.083972,-0.284055,-0.037467,-0.013323,-0.105864,-0.35384,0.002027,-0.139437,-0.139761,-0.07031,-0.400585,0.018373,-0.228802,-0.044431,-0.003681,-0.232718,-0.222529,0.238114,-0.095091,-0.169009,-0.314762,-0.188115,0.170945,0.092257,-0.305028,-0.103583,-0.100704,0.133256,-0.304733,0.091458,0.180011,-0.15334,0.110965,0.201987,-0.273929,0.007825,0.053883,0.067094,-0.028213,-0.164472,0.043091,-0.396495,0.208713,-0.1441,0.166514,0.112817,-0.029777,0.348237,0.104965,-0.154429,-0.007393,0.040263,0.151821,-0.083217,0.143427,-0.013704,0.092907,-0.017698,-0.088055,0.238809,0.085074,0.210706,0.3588,0.278473,-0.105779,-0.096532,-0.046994,-0.13758,-0.230488,-0.012843,#
19,-0.289427,-0.449084,0.021036,0.268375,-0.143925,0.451749,-0.040308,-0.04886,0.03866,-0.327891,-0.136248,0.203747,-0.047427,-0.19635,-0.244656,-0.126423,-0.299909,0.003387,-0.260547,1.0,-0.008033,0.177882,0.007789,-0.120695,0.370984,-0.2287,-0.002519,-0.170891,-0.317889,-0.35881,0.127921,0.076271,-0.002008,-0.027509,-0.186122,-0.35269,0.00072,0.117474,-0.10357,-0.146597,0.405039,0.506225,-0.065092,-0.319207,0.052235,0.149223,0.123901,0.481293,0.259752,-0.274067,0.098264,0.353924,0.238208,0.049878,-0.083182,0.297595,0.482408,-0.515113,0.25321,0.078478,-0.059057,-0.307245,0.262406,0.056058,0.035926,0.140964,0.158815,-0.006057,-0.023504,0.254117,0.554137,0.169337,0.078811,0.317592,0.111005,-0.415621,0.194002,0.21165,0.520126,0.131928,0.834519,0.281187,0.287011,-0.207633,0.285857,0.360678,0.281821,0.453904,0.400685,0.032771,0.51337,0.467785,0.363753,0.385152,0.179509,0.200824,0.196711,0.219106,0.022817,0.195479,-0.061827,0.565904,0.448254,0.324567,0.450074,0.439904,0.447817,-0.21142,0.268116,-0.059666,0.328386,-0.306446,0.2552,0.375616,0.299587,-0.095058,0.201444,0.676898,0.052001,0.124198,0.456224,-0.024832,0.681594,0.156447,0.203269,0.211409,0.272728,0.296775,0.141283,0.460695,0.081258,0.308626,0.275187,-0.024064,0.364339,0.145844,-0.040526,0.096122,0.239755,0.214172,0.543001,-0.092342,0.059616,0.245823,0.273309,0.371542,0.060938,-0.256961,0.54229,-0.114114,0.328946,0.29675,0.284634,0.242975,0.286888,0.388074,-0.206667,-0.266954,0.467785,0.07486,-0.03527,0.063671,-0.091706,0.410351,0.22529,-0.036181,0.403021,0.152262,-0.098402,-0.033285,-0.29559,-0.078008,0.253943,0.605706,-0.277531,0.201424,0.456224,-0.292503,-0.266266,-0.007047,-0.118937,-0.196838,-0.035495,0.122032,-0.421572,-0.001463,0.04628,0.275307,-0.275451,-0.518155,0.366245,-0.366452,-0.293917,-0.359821,0.306329,-0.296609,-0.446509,0.342174,0.251305,-0.197042,#
20,-0.001657,0.228678,-0.231546,0.026498,-0.032241,-0.213376,0.074262,-0.08658,0.227525,-0.180751,-0.242524,-0.545024,0.325542,0.176041,0.193045,-0.424353,-0.006306,0.418688,0.45854,-0.008033,1.0,-0.172623,-0.124993,0.170159,0.220754,0.061791,-0.098357,0.225283,0.121974,0.132333,0.191829,-0.269327,0.196417,-0.179478,0.038551,-0.180891,0.176315,0.020156,0.170925,-0.129508,-0.024771,-0.039504,-0.149426,-0.141676,-0.149124,0.234274,0.41685,-0.038595,0.304342,0.117199,0.246893,-0.090107,-0.121806,0.289483,0.126744,0.249707,-0.025724,0.110759,-0.10771,0.039104,0.11137,0.155924,-0.036398,0.194502,-0.146048,0.282982,0.081148,0.357072,-0.102928,-0.216298,-0.045951,0.079605,-0.109946,0.011821,0.182226,-0.148245,0.238688,0.239817,0.110449,-0.244706,-0.185729,0.058922,-0.026499,0.010294,-0.098275,0.016422,0.17393,0.184398,0.222053,0.165097,0.024593,0.01996,-0.106493,0.124561,-0.120028,0.050787,0.189591,-0.233401,0.295742,0.027442,-0.047405,0.036193,-0.059257,-0.092483,-0.011983,-0.012814,-0.069234,0.071718,-0.237814,0.043393,0.245311,-0.200734,0.113628,-0.067138,0.154919,0.096664,0.036193,0.021263,0.232475,0.023811,-0.019096,0.471652,-0.160059,0.096538,0.283314,0.010125,-0.121398,0.048182,-0.059277,0.078554,-0.046158,-0.196913,0.228295,0.067742,0.073921,-0.081464,-0.200507,-0.161332,0.02836,0.375737,-0.148723,-0.022883,0.099741,-0.008522,0.323903,0.002298,0.115476,0.153865,0.275492,-0.119719,0.086909,0.088149,0.356826,-0.021475,-0.037517,0.204035,0.241132,0.032497,0.0277,-0.011117,-0.064177,0.097704,0.054339,0.089362,0.218961,0.257071,0.043439,-0.004313,0.003015,0.113335,-0.110339,0.050393,0.17892,-0.034361,-0.01178,0.165921,0.158722,-0.019417,0.219669,-0.405152,0.041999,-0.00877,0.12348,-0.026799,0.150169,0.125615,0.154697,0.381839,-0.239257,0.141616,0.274231,0.197919,-0.148364,-0.09479,-0.268104,-0.032872,-0.306595,-0.048051,0.108829,-0.045501,#
