0,1.0,-0.119777,-0.314764,0.030117,0.067401,0.022104,0.418558,-0.337922,0.00206,-0.326601,0.636055,0.549307,0.120576,0.125167,0.181454,-0.135438,0.157078,-0.608764,0.381226,-0.20542,0.079401,0.093402,-0.040992,0.236878,0.126365,0.003261,-0.040988,0.330064,0.115921,0.079783,-0.310617,0.022224,-0.028886,-0.174216,0.258852,-0.229348,-0.033471,-0.019963,0.284955,0.007803,0.011668,0.165171,0.018545,-0.060925,-0.020566,0.360974,0.126645,0.196029,-0.401521,0.01799,-0.129142,0.048845,0.040578,-0.21895,0.00849,0.027663,-0.260752,0.38325,-0.171084,-0.348434,0.109111,0.217522,-0.266514,-0.102307,-0.310695,-0.039821,0.089821,-0.256863,-0.135228,-0.169573,-0.007811,-0.197496,0.216527,-0.229487,0.005972,0.045123,-0.437288,-0.145969,-0.370101,-0.213285,-0.287653,-0.210865,0.124116,-0.518399,-0.027133,-0.354599,0.010994,-0.219638,0.003006,0.113692,-0.447571,-0.134062,-0.034657,-0.359759,-0.217124,-0.201324,0.223524,-0.521045,-0.53507,-0.031001,0.472973,-0.131514,-0.08826,-0.08383,-0.216317,-0.189477,-0.350107,-0.142628,-0.38732,-0.202744,-0.226148,0.16841,-0.230117,-0.206246,-0.169583,-0.113751,0.26992,0.013485,0.087997,-0.178053,-0.172282,0.090466,-0.033411,0.411585,-0.066201,-0.044271,-0.391542,0.303432,-0.441964,-0.116406,-0.518289,-0.302498,-0.045507,0.274636,-0.138973,-0.002033,-0.227681,-0.407583,0.315401,-0.487325,-0.129646,-0.011514,0.097915,-0.17237,-0.218582,-0.246753,-0.009246,0.080542,-0.363837,-0.384317,0.283709,-0.18004,-0.384317,0.002156,-0.05227,-0.111041,-0.137918,0.119993,-0.213266,-0.10885,-0.168572,-0.340774,0.03029,-0.405015,-0.285307,0.029724,0.097572,-0.005111,-0.385777,-0.225463,0.344973,-0.46391,0.078799,-0.002883,0.327808,-0.049958,-0.135225,0.437753,0.173001,-0.252733,-0.0696,0.095912,0.110031,0.193891,0.079195,-0.10275,0.008343,0.020714,0.301547,0.25759,-0.54284,0.268059,0.496327,0.02197,0.110365,-0.028409,-0.28649,-0.290315,-0.00377,-0.465155,#
1,-0.119777,1.0,0.090033,-0.305796,0.057084,-0.293874,-0.27559,0.018794,-0.189723,0.007319,-0.174409,0.028758,0.146898,0.316108,-0.312156,0.289637,0.249843,-0.079189,0.157718,-0.217592,-0.152833,0.268976,-0.241196,-0.087828,0.218241,-0.272818,-0.214434,0.049711,0.064514,0.150656,-0.089189,-0.128719,-0.242037,0.060397,0.35485,-0.096404,-0.163734,0.195669,0.196161,-0.32561,0.030691,-0.13058,0.095481,-0.242109,-0.394667,0.093187,-0.159561,-0.03341,-0.067173,0.264337,0.120281,-0.255576,-0.151286,0.137977,-0.128531,-0.093789,0.35597,-0.044259,0.194466,-0.002177,0.020752,-0.097245,-0.088016,-0.038403,0.274382,0.165271,-0.102409,-0.132991,-0.215288,-0.085779,-0.045358,-0.018552,-0.166178,0.154777,0.099169,0.350081,0.104504,-0.223577,0.358377,-0.348375,-0.015655,-0.188529,0.04391,-0.231383,-0.089512,-0.048643,-0.191215,0.251361,0.022308,0.115248,0.020613,0.059392,0.187008,-0.180991,-0.242025,0.048551,0.150051,0.139999,0.434432,0.010436,-0.229827,-0.211627,-0.085656,0.239253,-0.132536,-0.117013,0.306242,0.049827,-0.427593,-0.335516,0.378057,-0.080409,-0.022609,0.080288,-0.160354,-0.223923,-0.127516,-0.118085,-0.160574,0.160338,0.018471,0.1996,-0.300411,-0.140249,-0.267618,-0.149668,-0.362199,0.358494,-0.181027,0.003521,-0.196912,-0.164724,-0.235301,0.081121,-0.204089,0.034016,0.158026,-0.07989,-0.140457,-0.224758,-0.128708,-0.281377,0.232321,-0.171011,0.163934,-0.043463,-0.352329,-0.085366,0.390713,0.203715,-0.071993,0.628558,0.215134,-0.068137,-0.074871,-0.237053,0.063459,0.154692,0.251469,0.036439,-0.134263,-0.09966,0.005685,0.246361,-0.060675,0.218197,0.164017,0.295731,-0.266143,0.18392,0.224152,0.090368,0.099071,0.201536,-0.078106,0.231341,-0.158879,0.313487,-0.122951,-0.111887,0.192877,-0.23362,0.259756,0.147135,-0.080962,0.277236,0.011132,-0.159705,-0.016953,0.233992,-0.176736,0.210785,-0.133277,0.029264,0.176732,0.236979,0.09472,0.048471,0.448202,0.087661,#
2,-0.314764,0.090033,1.0,-0.499531,-0.06405,-0.044763,0.031867,-0.172791,0.038439,0.26864,-0.438172,-0.501876,0.202339,0.022161,-0.237263,0.210966,-0.080327,0.675254,-0.292466,0.004365,-0.421511,-0.178597,-0.019264,0.069657,0.385163,-0.084939,-0.148428,-0.202232,-0.112418,0.239976,-0.15344,-0.23264,-0.446667,-0.025848,-0.093698,0.324546,0.07275,0.390629,0.15022,-0.219618,0.001307,-0.190286,-0.027174,0.100053,-0.181066,-0.381031,-0.359195,-0.33624,0.090755,0.309098,0.328086,-0.371044,0.031594,-0.024837,-0.194214,0.135767,0.167578,-0.49385,0.053136,-0.184671,0.326091,0.100812,0.129282,-0.227792,0.129711,0.268096,0.212844,-0.28053,-0.054335,0.010724,-0.144269,-0.12144,-0.592637,-0.060586,0.040649,-0.172491,-0.142265,-0.162722,0.11327,0.07595,-0.015105,-0.006973,0.166391,0.314557,-0.336286,-0.026708,0.185076,-0.003993,-0.331417,0.254834,0.132724,-0.134609,-0.289103,0.201532,-0.177986,0.192757,-0.306073,0.496823,-0.042043,-0.096261,-0.372439,-0.251276,0.094307,0.05095,0.053449,0.045376,0.216487,-0.270409,0.230076,0.029186,0.274434,-0.243463,0.047434,-0.006641,-0.127617,0.119806,-0.019421,0.105414,-0.038317,-0.103646,-0.125084,0.011292,-0.063881,-0.615932,-0.144792,-0.07821,0.294226,-0.116057,0.068818,-0.07687,0.128523,0.248939,-0.149095,0.150019,-0.120962,-0.334478,0.196171,0.048687,-0.347858,-0.137762,-0.146634,-0.241349,-0.13866,-0.315901,-0.057837,0.129711,0.103305,0.182028,0.157583,0.019904,-0.277983,0.154331,0.029186,-0.243607,-0.200931,-0.075573,0.207874,0.055316,0.044435,-0.062875,0.030626,-0.155741,-0.313983,0.431014,0.163584,0.14501,-0.040382,0.094736,0.311194,-0.027606,-0.227485,-0.025601,0.210942,-0.245304,-0.213231,0.031126,0.261944,0.01403,0.077755,-0.141564,-0.05418,0.11205,0.027017,-0.30665,0.11362,0.183748,0.054044,-0.081173,-0.299066,-0.245504,0.188472,-0.291079,-0.101633,0.093783,-0.221694,0.172416,0.390151,0.611404,0.249556,0.475268,#
3,0.030117,-0.305796,-0.499531,1.0,0.083986,0.186898,-0.059336,0.187308,-0.262487,-0.23744,0.308332,0.245123,-0.290311,-0.554531,0.030728,-0.443734,-0.009267,-0.117546,-0.140789,-0.047582,0.344508,-0.339307,-0.226227,0.065621,-0.23349,0.121191,-0.125496,0.082992,-0.053695,-0.328955,0.205765,-0.000711,0.456409,-0.209746,0.024261,0.17602,-0.193394,-0.439974,-0.055273,0.289734,-0.042873,-0.009552,0.0396,0.102432,0.162765,0.532713,0.092486,-0.269358,0.133541,-0.462788,-0.114792,0.564165,-6.4e-05,0.208303,0.35006,-0.208628,0.087506,0.531758,0.020296,-0.043505,-0.627327,-0.134751,-0.000414,-0.003956,-0.14799,-0.225518,0.046115,0.10382,0.142019,-0.132156,0.079002,-0.318277,0.201484,0.289376,0.223765,-0.284871,0.209107,0.341626,0.136339,0.109283,0.018066,0.266362,-0.026899,0.001115,0.119418,0.271245,0.010054,0.120018,0.307448,-0.207114,0.379491,0.182853,0.281581,0.003331,0.267486,0.429989,0.313838,-0.083089,0.04884,0.153284,0.302428,0.235111,0.340831,0.123185,0.010617,-0.053883,-0.022474,0.248121,-0.216966,0.160196,-0.346546,-0.014269,0.125056,-0.031122,0.008973,0.225675,0.286672,0.366027,-0.115262,0.343718,0.299104,0.096771,0.100418,0.352578,0.334734,0.166619,-0.226268,-0.46287,0.141588,0.371648,-0.033683,0.349843,0.438773,-0.145099,0.188608,0.121596,-0.015908,0.133867,-0.09566,0.358117,0.038674,0.058697,0.26109,0.266048,0.283501,-0.195412,0.255405,-0.628631,0.116531,-0.201115,0.286137,-0.142865,-0.04044,0.159781,0.336136,0.064905,-0.374494,-0.437458,-0.042824,0.222817,-0.037221,0.29725,0.227619,-0.094614,0.078496,-0.493682,0.268431,-0.510452,-0.031881,0.00475,0.355437,0.237664,-0.098209,0.280703,0.164203,0.276946,-0.114969,-0.365831,-0.303126,0.499135,-0.376424,0.31149,-0.278565,-0.133153,-0.073599,-0.031373,-0.012276,0.213486,0.458854,0.05767,0.177017,-0.1194,-0.111769,-0.352353,-0.085996,-0.105543,-0.245372,-0.409455,-0.302772,-0.281963,#
4,0.067401,0.057084,-0.06405,0.083986,1.0,-0.067399,0.226673,0.019583,-0.161584,-0.067425,0.109346,-0.015354,-0.020226,-0.086872,0.079414,-0.384233,0.215327,-0.130284,0.221117,-0.081451,-0.162322,-0.323344,0.217793,0.086834,0.012513,0.151492,-0.10747,-0.255878,0.105896,-0.161953,-0.042805,-0.184829,0.054043,-0.253882,0.06616,-0.030117,-0.207579,-0.461986,0.215967,0.38633,0.052246,-0.307122,-0.186086,-0.16941,-0.223006,-0.116289,-0.189387,-0.154919,-0.116699,-0.028811,-0.115045,0.055089,-0.303214,-0.052317,-0.101096,-0.241222,-0.26353,0.130833,0.116718,0.129289,-0.241845,-0.091447,-0.148342,-0.358935,-0.009448,-0.049469,0.267875,0.03701,-0.086325,-0.057225,-0.171471,0.188288,-0.326942,-0.18212,0.190166,-0.089246,-0.153993,-0.17826,-0.214556,-0.07282,-0.399438,-0.09304,0.221024,-0.210558,0.115242,-0.000389,0.034116,0.055422,0.020619,-0.050234,-0.212977,0.02148,0.018541,-0.140581,0.209479,-0.273258,0.197096,-0.028848,0.235304,-0.160604,0.108743,0.103488,0.058227,-0.294772,-0.120709,-0.060089,-0.096063,-0.331528,-0.092988,0.16143,0.107276,-0.000465,-0.290275,-0.079521,-0.180658,0.281679,-0.170018,0.229063,-0.056316,-0.020237,-0.158069,-0.157392,-0.346727,0.085924,-0.01139,-0.013166,-0.246535,-0.099154,-0.321996,-0.396744,-0.251611,-0.329316,0.058763,0.036143,-0.006213,-0.148839,0.353611,-0.233589,0.096815,-0.378982,-0.156641,-0.350965,0.281296,0.207148,-0.184927,-0.10881,0.076664,0.162478,0.008692,-0.038796,0.000682,0.015018,-0.239022,0.166964,-0.394894,-0.227521,0.061125,0.250535,-0.115749,-0.040309,-0.359857,0.091364,0.107079,0.051547,-0.157639,0.081574,-0.17507,0.004664,0.16512,0.360127,0.132364,0.038443,0.008031,0.105952,-0.011195,-0.290275,0.029041,0.064438,-0.09965,-0.155381,-0.010758,0.242101,-0.058201,-0.118777,0.172214,-0.328175,-0.223357,0.434148,0.309897,0.074141,-0.351146,0.072132,0.236884,0.3205,-0.195385,-0.070959,0.211856,0.112917,-0.260537,-0.013588,#
5,0.022104,-0.293874,-0.044763,0.186898,-0.067399,1.0,0.241244,0.120444,0.05072,0.170189,-0.136184,-0.036201,0.209375,-0.092381,0.481669,-0.063188,0.018045,0.237808,0.234648,0.004515,-0.258507,-0.118066,0.416338,0.107653,0.027042,0.372488,-0.166117,-0.012697,0.412467,0.18519,-0.220481,0.139115,0.078191,0.156045,-0.252546,0.042752,0.176848,-0.089608,-0.161926,-0.071324,-0.355669,0.031029,-0.096522,-0.000783,0.067913,-0.092321,0.250869,0.047636,0.388234,-0.051159,0.020935,-0.067465,0.399384,0.008474,0.033825,0.074783,-0.1729,0.009637,-0.162724,0.046504,0.209396,0.106234,0.016296,0.0841,-0.262913,-0.280034,-0.200126,-0.07958,0.1742,-0.307152,-0.166791,0.152797,-0.084239,0.061489,-0.124775,0.017257,0.056166,-0.04639,-0.207741,0.300652,0.002708,-0.18226,-0.185656,0.289578,-0.046675,-0.08084,-0.129199,0.054514,0.035589,-0.198085,-0.074417,-0.038871,-0.226769,-0.501374,-0.141539,0.157613,-0.241728,-0.216584,-0.259116,-0.307893,0.389153,0.24623,-0.134793,-0.303921,-0.408189,-0.365151,-0.323912,-0.030953,-0.028049,-0.128265,-0.024832,0.453834,-0.115199,-0.187537,0.309008,-0.270815,0.226809,0.178633,0.316087,-0.226428,0.212246,-0.176567,-0.063744,-0.030554,-0.252291,0.266993,0.285063,-0.277362,-0.378358,0.267181,0.056707,-0.120715,-0.129736,0.170317,-0.409302,-0.13468,-0.101331,0.240224,0.158414,0.120471,-0.09689,-0.164801,-0.220219,-0.006046,0.076731,-0.265349,0.241011,0.20305,-0.585923,-0.315569,0.060694,-0.49674,0.268802,-0.315438,0.316254,0.104242,0.197084,-0.227992,-0.272128,-0.070275,-0.210296,0.11693,0.33173,-0.342948,0.371848,0.010345,0.010188,-0.124995,0.188933,-0.533309,-0.176307,-0.177513,-0.247222,0.0469,0.429966,-0.124772,-0.030457,-0.011031,0.023458,0.078622,0.267835,0.349071,-0.037017,-0.132432,0.409119,-0.147427,0.323301,0.087804,-0.027288,-0.003082,-0.098697,-0.0167,0.010224,0.11398,-0.348452,0.586641,0.077954,0.015597,-0.109194,-0.107131,#
6,0.418558,-0.27559,0.031867,-0.059336,0.226673,0.241244,1.0,-0.30027,0.301082,0.043076,0.091737,0.205822,0.066669,-0.047461,0.032844,0.039293,0.137958,-0.034458,0.116207,0.100543,-0.350093,-0.198628,-0.028849,0.248484,-0.04212,0.136737,-0.276188,0.12386,0.468652,-0.05069,-0.177475,0.124125,-0.042913,-0.201505,-0.015232,-0.176659,0.551409,-0.240221,0.479619,0.222328,0.126189,0.152324,-0.236495,0.011431,-0.169,-0.011899,-0.021217,0.000926,-0.13887,-0.185164,-0.251131,-0.435213,0.210897,-0.151276,0.367255,-0.313099,-0.271432,-0.116616,0.132514,-0.297549,0.083234,0.232381,-0.257571,0.114021,0.079934,0.140098,0.165839,-0.113193,0.281654,-0.259704,-0.039554,-0.086716,-0.139358,-0.359177,-0.176724,0.034272,-0.35958,-0.361746,-0.297434,0.034364,-0.456858,0.084568,0.250545,-0.186223,-0.116588,-0.358347,-0.081644,-0.218335,-0.195655,-0.131106,-0.305222,-0.336116,-0.505334,-0.055624,-0.426121,-0.254683,0.138505,-0.17619,-0.402344,-0.224939,0.252386,0.183303,-0.235842,-0.235269,-0.384609,-0.120942,-0.248169,-0.277143,-0.088325,-0.37176,0.242484,0.040846,-0.066836,-0.427222,-0.251501,-0.170174,0.144367,0.104387,0.363786,-0.182856,-0.377574,-0.058366,-0.190042,0.055357,-0.128693,0.092956,0.047265,-0.038451,-0.293394,-0.152588,-0.298507,-0.189261,-0.064616,0.365116,-0.18442,-0.3684,-0.130353,-0.379319,0.203695,-0.362552,-0.027411,-0.298604,-0.290403,-0.324145,-0.358347,-0.2337,0.222138,0.403001,-0.345277,-0.563121,-0.043383,-0.465772,-0.360504,-0.163627,0.019023,0.014265,0.316677,0.237465,-0.221672,-0.321407,-0.272914,-0.293901,0.280284,-0.044285,-0.317054,0.230457,-0.067468,0.073772,-0.045238,-0.34874,0.210149,-0.4761,-0.032876,-0.156289,0.197034,-0.249926,0.123986,0.41155,0.270526,-0.360202,0.17482,0.119338,-0.284225,0.098169,-0.011124,-0.374973,0.013326,-0.051651,-0.045293,0.370176,-0.459076,0.143636,0.252814,0.401285,-0.032364,-0.009314,-0.017164,0.071403,0.127092,0.166551,#
7,-0.337922,0.018794,-0.172791,0.187308,0.019583,0.120444,-0.30027,1.0,-0.431353,0.197849,-0.123353,-0.250112,0.419913,-0.161627,0.10483,0.344258,0.174504,0.168941,-0.187529,-0.258613,0.123011,0.051366,0.194397,-0.068449,-0.25539,0.039021,-0.185528,-0.201785,-0.228038,0.029695,0.170151,0.033912,0.206926,0.256269,-0.172555,0.208914,-0.221633,-0.220236,-0.50963,0.125642,-0.096178,0.034763,0.030854,-0.076133,0.144882,-0.079216,0.598541,-0.143594,0.363361,0.01254,0.031232,-0.107962,0.044571,-0.23498,-0.094562,-0.030858,0.478558,-0.159845,0.002385,0.641428,-0.058785,-0.513372,0.070342,0.179268,-0.009455,-0.138995,-0.087482,0.134782,-0.11908,-0.168415,0.253192,0.17803,-0.357221,0.253282,0.292508,-0.15604,-0.072326,-0.010882,0.031753,0.011862,0.078142,-0.264015,-0.436049,0.175326,0.172917,-0.107922,0.301895,0.08784,0.252456,0.194409,0.106056,0.173223,0.118575,0.063404,-0.043894,0.13556,-0.03764,0.045999,0.443517,-0.096088,-0.099014,0.069136,-0.05919,0.304615,-0.019495,0.214242,-0.170892,-0.010669,0.272405,0.254392,0.002522,0.027811,0.09293,0.392128,-0.182128,0.010652,0.119487,-0.107854,-0.185102,-0.18198,0.251072,-0.316363,-0.113591,0.216073,0.105654,-0.168451,0.128446,-0.044174,0.194024,-0.109828,-0.186132,0.239233,0.108502,-0.213662,0.156474,0.349202,0.041188,0.042011,-0.130843,0.12762,-0.056503,-0.045069,-0.157593,0.130199,-0.050583,-0.108292,-0.022671,0.246557,-0.067816,0.149001,-0.093607,-0.148975,0.164942,0.163783,-0.085493,-0.100716,-0.014138,0.175628,0.19016,0.260314,-0.101505,0.272676,0.154747,0.140872,0.507176,-0.302063,-0.471667,-0.070985,0.108189,0.221749,-0.100416,0.298027,-0.401906,-0.153545,0.037451,0.025705,-0.345376,-0.219811,-0.33615,0.042242,0.197855,0.195275,0.17604,-0.177124,0.232427,0.046674,0.053765,-0.027122,-0.015187,0.108308,0.066719,-0.290648,-0.216685,0.086507,-0.069098,-0.058069,0.013809,0.094935,-0.185843,0.033328,#
8,0.00206,-0.189723,0.038439,-0.262487,-0.161584,0.05072,0.301082,-0.431353,1.0,0.263016,-0.141303,0.094758,-0.166615,0.158646,0.040713,-0.003001,-0.133602,0.015644,-0.067527,0.293842,-0.121482,-0.032831,-0.028174,0.111499,0.072939,0.266188,0.245135,0.163603,0.162194,-0.095075,-0.193401,-0.058255,0.123341,0.100745,-0.25184,-0.302167,0.423415,0.173512,0.012014,0.036993,-0.005822,-0.02057,-0.117416,0.170033,-0.003784,-0.191976,-0.295652,0.227781,-0.052821,0.078448,-0.313173,-0.220447,0.372933,0.442274,0.220824,-0.066708,-0.331299,-0.26891,-0.068578,-0.169868,0.009972,0.096241,0.109366,0.006855,0.254394,0.113138,-0.01786,0.091249,0.048737,0.148815,-0.062043,-0.070372,0.270715,-0.216908,-0.475194,0.237512,-0.13206,-0.243712,-0.177793,0.140348,-0.238471,0.107305,0.283328,0.069504,-0.200014,-0.021208,-0.297935,-0.138796,-0.243078,-0.355593,-0.13664,-0.5779,-0.497828,0.099438,-0.17493,-0.193314,-0.251213,-0.110349,-0.210704,-0.077181,-0.042743,0.178334,-0.089425,-0.204433,-0.106913,-0.012407,-0.040359,-0.005579,0.062566,-0.120994,0.156717,0.001376,-0.041945,-0.104417,0.345628,0.182895,-0.437238,-0.443251,0.11322,-0.184168,-0.241555,0.168748,-0.013194,-0.151858,-0.349975,0.020451,0.161613,0.089851,-0.167959,-0.143101,0.383832,0.064632,-0.332149,-0.096782,-0.230003,-0.060885,-0.161658,-0.105217,0.113097,-0.041291,-0.132015,0.154514,-0.377182,-0.237061,-0.165982,0.062257,-0.258416,0.170687,-0.159982,-0.102368,-0.083515,-0.235823,-0.086774,-0.303291,0.212971,0.130917,0.363175,0.315246,-0.480053,-0.307819,0.048061,-0.021197,-0.164873,-0.198384,-0.0253,0.131266,-0.042247,0.042503,0.104048,-0.168398,-0.319121,-0.275268,0.065346,0.34624,0.008805,-0.025114,0.310276,0.071522,0.522671,-0.232289,-0.02874,-0.137162,-0.010866,0.081831,-0.217471,-0.19381,0.099472,-0.241828,-0.355836,0.109035,-0.023133,0.280368,0.007026,0.258621,0.005839,-0.04507,0.139772,-0.189165,-0.045004,0.237053,#
9,-0.326601,0.007319,0.26864,-0.23744,-0.067425,0.170189,0.043076,0.197849,0.263016,1.0,-0.258931,-0.404564,0.27276,0.331233,-0.276189,0.146825,-0.08331,0.319523,-0.067529,0.047736,-0.437892,0.042648,0.140937,0.073265,-0.103047,0.20146,-0.099402,-0.267129,0.354375,0.372953,-0.215512,0.043415,0.06437,0.056115,-0.163516,0.234928,0.313714,0.015031,-0.376999,-0.104618,0.148398,-0.212553,0.254398,-0.196045,0.004353,-0.337966,-0.14402,0.030633,0.214691,0.062727,-0.116432,-0.432891,0.455902,0.001399,0.081506,-0.197016,-0.137888,-0.47087,0.242622,0.259208,0.302668,-0.262721,-0.359083,0.067329,0.053999,0.107774,0.129208,0.029339,-0.201098,-0.096796,0.130025,0.035327,-0.38377,-0.325447,-0.117147,0.075374,-0.062409,-0.272119,-0.15495,0.095337,-0.174263,-0.123181,-0.153146,0.383869,-0.485658,-0.06271,0.017253,-0.212569,-0.594236,-0.046924,-0.019148,-0.253065,-0.563027,0.033166,-0.381021,-0.075251,-0.685616,0.076558,0.184643,-0.393844,-0.394116,-0.206344,-0.246766,-0.061411,-0.15208,-0.178458,0.018792,-0.391963,0.358701,-0.187415,0.447155,0.438173,-0.163939,-0.137225,0.013727,-0.163933,-0.505351,-0.128237,0.317564,-0.382583,-0.411458,-0.044351,-0.246846,-0.213555,-0.450577,0.284137,0.288545,0.12761,-0.224278,-0.512602,0.218649,0.161654,-0.475967,-0.124605,-0.465271,-0.4016,0.279215,0.227511,-0.089111,-0.234597,-0.227633,-0.280255,-0.498148,-0.247164,-0.430599,-0.262615,-0.41702,0.315225,-0.270892,-0.233678,-0.57106,-0.258287,0.035197,-0.652788,0.141614,-0.397672,0.688447,0.412355,-0.501945,-0.558052,-0.130602,-0.13582,-0.113056,-0.011096,0.368657,0.306917,-0.279815,-0.460716,0.162188,-0.192781,-0.329505,0.008691,-0.010126,-0.077995,0.24891,-0.432149,-0.057713,-0.182135,0.534198,-0.310504,0.559811,0.193114,-0.169542,-0.209679,0.06459,-0.428041,0.06408,-0.236155,-0.618165,0.192963,-0.157094,-0.032337,0.00048,0.267057,-0.350543,-0.033113,0.558549,0.123167,-0.083279,0.368537,#
10,0.636055,-0.174409,-0.438172,0.308332,0.109346,-0.136184,0.091737,-0.123353,-0.141303,-0.258931,1.0,0.582576,-0.160892,-0.058093,0.008429,-0.274993,0.151561,-0.457493,0.123875,-0.033701,0.275985,-0.121211,-0.038286,0.022023,0.122444,0.151019,-0.051829,0.349098,-0.035223,-0.221251,-0.098656,0.133636,0.296541,-0.171144,0.124629,-0.258429,-0.408282,-0.164728,0.096308,0.069538,-0.145613,0.072601,0.078387,0.165965,0.29746,0.603296,-0.093553,0.149245,-0.2149,-0.142035,-0.037344,0.291559,0.10455,-0.085924,0.029603,0.201466,-0.060713,0.532812,-0.093398,-0.062434,-0.206638,0.009124,-0.010771,-0.106196,-0.664838,-0.112412,0.182949,0.231612,-0.254437,-0.155446,0.243987,-0.259995,0.303462,-0.088453,-0.022568,-0.309355,-0.074044,0.039265,-0.286443,0.038147,-0.000298,0.136261,0.171299,-0.156629,0.049978,0.057694,0.072506,-0.041654,0.159807,0.051135,-0.099086,0.23428,0.259783,0.039102,0.107057,0.012002,0.411274,-0.388359,-0.251804,0.141637,0.16879,-0.26847,0.307098,-0.062794,0.113681,-0.12896,-0.000639,0.03315,-0.031544,0.121131,-0.438873,0.123629,0.08472,0.152412,-0.098283,0.080233,0.030366,-0.004681,-0.014668,0.11934,-0.012874,0.406539,0.056169,0.523535,0.098184,0.067644,-0.469567,0.200358,-0.157062,-0.101975,-0.279774,-0.231091,0.11143,-0.05656,0.042002,0.154765,-0.124096,-0.284691,0.111315,-0.141025,0.08417,0.265988,0.415235,0.081369,-0.083086,-0.394066,0.063593,-0.239363,-0.102712,-0.261184,0.393021,-0.285323,-0.253622,0.126636,-0.050931,0.052808,-0.304549,-0.15968,-0.052193,0.090178,-0.125316,-0.103565,0.05296,-0.195972,-0.279211,-0.161384,0.200412,-0.355903,-0.200004,0.094119,0.338575,-0.282341,0.420622,0.150081,0.114642,0.262389,-0.038117,-0.011789,-0.051274,-0.052611,-0.260625,0.131217,-0.108773,-0.192855,-0.105815,-0.068827,-0.002314,0.121451,0.28618,0.393792,-0.126002,0.192759,0.120317,-0.177517,0.038528,-0.298544,-0.210883,-0.213299,-0.196966,-0.563866,#
11,0.549307,0.028758,-0.501876,0.245123,-0.015354,-0.036201,0.205822,-0.250112,0.094758,-0.404564,0.582576,1.0,-0.012576,-0.095463,0.111553,-0.217898,0.031347,-0.328533,0.028025,-0.133081,0.197592,-0.07488,-0.104752,0.075017,0.008042,-0.155856,0.078848,0.078282,0.098744,-0.184015,-0.06526,0.108534,0.250797,0.072202,0.452115,-0.420482,0.052699,-0.224201,0.334753,0.095901,-0.080926,0.324982,-0.159686,-0.082662,0.152473,0.684053,0.016051,0.322486,0.054658,-0.220916,-0.296586,0.28487,0.181106,0.165072,0.278609,-0.076909,-0.107601,0.311071,-0.350358,-0.105363,-0.272528,0.048132,-0.106395,0.055339,-0.258959,-0.156487,0.017036,0.237683,0.028096,-0.143762,-0.175377,-0.202742,0.355616,0.155291,0.006678,-0.078674,-0.151283,0.002877,-0.211818,-0.056759,-0.22804,0.055184,0.21748,-0.226343,0.13189,-0.172151,-0.361666,-0.111307,0.221074,-0.215054,-0.038088,-0.170076,0.186709,-0.190985,0.040044,-0.096792,0.406261,-0.26046,-0.137191,0.202503,0.30722,-0.184554,0.052479,0.204191,0.069464,-0.05089,-0.10971,0.283038,-0.294898,-0.029812,-0.216729,-0.013302,0.198735,0.047048,0.049004,-0.038021,0.073071,0.057246,0.166698,0.353035,0.044614,0.239736,0.000818,0.603115,-0.155724,0.013343,-0.398995,0.123262,-0.378182,0.141142,-0.140046,-0.16151,-0.111937,0.318136,-0.181357,0.215928,-0.326667,-0.420245,0.327271,-0.181357,0.011177,0.223499,0.092569,-0.180409,0.160267,-0.368807,0.089831,-0.219944,-0.184424,-0.21957,0.166607,-0.171699,-0.211843,0.176731,0.230765,0.301608,-0.144367,-0.129461,-0.121469,-0.024567,-0.176349,-0.024981,-0.068457,-0.012279,-0.328221,-0.24867,0.246913,-0.027563,-0.334761,-0.096886,0.431841,-0.2369,0.176741,0.106034,-0.041725,0.198735,0.003143,0.213946,0.020494,0.111946,-0.188156,-0.006096,-0.260207,0.041014,-0.023943,0.064389,-0.050988,-0.137748,0.389949,0.437509,-0.357507,0.44056,0.027005,-0.252074,-0.049366,-0.093837,-0.160373,-0.306539,0.067627,-0.349748,#
12,0.120576,0.146898,0.202339,-0.290311,-0.020226,0.209375,0.066669,0.419913,-0.166615,0.27276,-0.160892,-0.012576,1.0,0.328872,-0.01596,0.381185,0.118717,0.241994,0.00993,-0.203495,-0.142869,0.04575,0.276381,0.266486,-0.075522,-0.253934,0.146574,-0.001586,0.168375,0.219637,-0.069756,0.074199,-0.151241,0.199405,-0.009325,0.012495,0.149441,-0.16453,-0.128365,0.144298,0.035603,0.241765,-0.05342,-0.273171,-0.430826,-0.160233,0.42878,0.200288,0.160678,0.292516,-0.084805,-0.254524,0.246605,-0.137898,-0.148973,-0.080796,0.1155,-0.380988,-0.212918,0.171352,0.345661,-0.399123,-0.227383,0.259888,0.23471,-0.193531,-0.00647,-0.245603,-0.049819,-0.12663,-0.013862,-0.14385,-0.585939,-0.07116,0.027862,0.215443,-0.540654,-0.106845,-0.312581,-0.108246,-0.382086,-0.603254,-0.204189,0.082289,-0.089438,-0.426605,0.175998,-0.152699,-0.061833,0.268796,-0.269859,-0.079442,-0.220286,-0.276614,-0.357838,-0.007538,-0.19658,-0.00255,0.211579,-0.490433,-0.071291,-0.247635,-0.061561,0.221673,-0.216823,0.080161,-0.185958,-0.111069,-0.005979,-0.198971,0.301392,0.043834,0.018433,-0.001146,-0.014228,-0.268448,0.003283,-0.089656,0.309804,-0.274763,-0.06802,-0.230159,-0.222334,-0.198043,-0.329791,0.012839,0.093638,0.14083,-0.190771,-0.252892,-0.193841,0.007365,-0.353995,0.381721,-0.315638,0.148878,-0.07083,-0.181078,0.116158,-0.332437,-0.527715,-0.086404,-0.331369,-0.204455,-0.246154,-0.117343,-0.214635,0.525451,-0.254987,-0.185565,-0.445118,-0.069262,0.065031,-0.180823,-0.153462,-0.252336,0.28899,0.220837,-0.15061,-0.248737,-0.146449,-0.114956,-0.097761,0.103945,0.181348,0.041964,-0.240518,0.106599,-0.09567,-0.317666,-0.211274,-0.235762,-0.48653,-0.218196,0.031682,-0.171203,-0.26525,0.209783,0.113156,-0.209059,0.360697,0.109418,0.313931,-0.077774,0.552026,-0.157927,0.088293,-0.0137,-0.191328,0.269992,-0.27034,-0.23072,0.104915,0.305457,-0.223369,0.120736,0.235908,0.133486,0.21351,0.243587,#
13,0.125167,0.316108,0.022161,-0.554531,-0.086872,-0.092381,-0.047461,-0.161627,0.158646,0.331233,-0.058093,-0.095463,0.328872,1.0,-0.127345,0.250154,-0.200385,-0.193386,0.505703,0.207365,-0.014516,0.468906,0.357481,-0.26446,-0.141448,-0.16259,0.271794,0.22918,0.279119,-0.01611,0.122958,0.166383,-0.227937,0.132899,-0.10327,-0.342218,0.009484,0.248867,-0.200614,-0.389223,0.111067,0.110565,0.206085,-0.267221,-0.391596,-0.277097,-0.096644,0.374519,-0.343581,0.047238,-0.000782,-0.206826,0.13619,-0.093029,-0.230056,0.091714,-0.252725,-0.095587,-0.095387,0.055792,0.465949,-0.127057,-0.168413,0.130176,0.217754,-0.07983,-0.019595,-0.22154,-0.285564,0.244471,-0.049712,0.02318,0.065328,-0.502194,-0.141493,0.435592,-0.015299,0.051689,-0.071255,0.011143,0.032213,-0.140812,-0.069244,0.005752,-0.109346,0.008033,-0.239094,-0.205489,-0.377946,0.219713,-0.297707,0.058813,-0.114174,-0.25891,-0.219149,-0.239899,-0.188173,0.071143,0.206481,-0.176172,-0.285778,-0.18236,-0.181116,-0.16628,-0.076918,-0.12146,0.137362,-0.207613,-0.107689,-0.340164,0.405373,0.22142,-0.382052,-0.042037,0.342794,-0.29639,-0.229369,-0.365722,0.273838,-0.188264,-0.157096,0.182954,0.010416,-0.269332,-0.366091,0.185913,0.016992,0.414899,-0.11029,-0.323912,0.174612,-0.358176,-0.379099,-0.034114,-0.142858,-0.025898,0.101242,0.006746,0.126345,-0.374036,-0.052503,-0.014882,-0.253373,-0.153917,-0.302968,0.201728,-0.389305,0.276639,-0.179547,0.050281,-0.33827,0.153038,0.215554,-0.347352,-0.24399,-0.27543,0.471865,0.192338,-0.20173,-0.308836,0.268523,-0.4095,0.139348,-0.229799,0.064738,0.754843,0.176478,0.223329,-0.227117,-0.108034,-0.224204,-0.258974,-0.232383,-0.118736,-0.157818,-0.37494,-0.234714,0.154911,0.420875,-0.299697,0.331214,-0.515609,0.282294,0.297667,-0.152069,-0.248881,-0.153525,-0.000448,-0.376597,-0.028464,-0.052381,0.001634,-0.050718,0.224626,0.229948,-0.143513,0.044038,-0.052622,0.110703,0.163529,#
14,0.181454,-0.312156,-0.237263,0.030728,0.079414,0.481669,0.032844,0.10483,0.040713,-0.276189,0.008429,0.111553,-0.01596,-0.127345,1.0,-0.076971,0.031687,-0.106785,0.03953,0.020403,0.099705,0.017362,0.390565,0.121495,-0.149321,0.180967,0.070617,-0.129216,-0.157441,0.007222,-0.2179,0.085173,0.239316,0.001693,-0.135057,-0.134468,-0.105393,-0.0513,-0.151166,-0.066698,-0.395779,0.007667,-0.116867,0.191518,0.270998,-0.121649,0.447577,0.19732,0.18901,-0.0381,0.027925,0.151199,-0.09547,-0.324604,-0.254819,0.212866,-0.318757,0.178526,-0.167986,0.047523,0.043968,0.315951,0.198682,-0.056972,-0.26083,-0.281974,-0.193542,-0.097755,0.038664,-0.251473,-0.194291,0.234757,0.150957,0.10066,-0.11787,0.059739,-0.242338,0.142719,-0.506085,0.311219,0.046459,-0.15276,-0.350457,-0.035058,0.150824,-0.200614,0.108852,-0.105084,0.251347,0.150527,-0.224404,-0.220347,0.099803,-0.451811,-0.084399,-0.14778,0.100882,-0.207252,-0.252905,-0.113208,0.407728,0.449336,-0.430996,-0.445669,-0.343551,0.153214,-0.487937,-0.16455,0.150057,0.283548,-0.220996,0.234142,-0.087559,0.019378,0.32377,0.106593,0.240101,-0.159455,-0.146111,-0.379401,0.079505,-0.38377,0.13838,0.138918,-0.036566,-0.1587,0.133747,-0.097662,-0.33226,0.136901,-0.092013,-0.249249,-0.251435,-0.055334,-0.196249,0.077005,-0.313754,-0.121354,0.144613,-0.015947,0.094129,0.22859,-0.193832,0.19887,-0.216807,-0.139159,0.250549,0.254491,-0.382208,0.276231,0.103408,-0.246817,0.101047,0.281901,0.024986,0.292031,0.013569,0.091214,-0.066146,0.467678,-0.163702,-0.017662,0.108429,-0.327991,0.403024,-0.013771,-0.18055,0.215684,0.205246,-0.07232,-0.178483,-0.00309,-0.243954,0.063346,0.212581,-0.245859,-0.021197,-0.174577,0.014994,0.075012,-0.087266,0.150763,0.342025,-0.122861,0.404078,-0.130764,0.157164,-0.107089,0.137435,-0.029375,-0.042914,0.165382,0.160014,0.269128,-0.169933,0.42951,-0.104255,0.005665,-0.350829,-0.266239,#
15,-0.135438,0.289637,0.210966,-0.443734,-0.384233,-0.063188,0.039293,0.344258,-0.003001,0.146825,-0.274993,-0.217898,0.381185,0.250154,-0.076971,1.0,0.354302,0.236115,-0.221821,0.121901,-0.146601,0.449246,0.058559,-0.134236,0.003564,0.054251,-0.21154,0.093037,-0.050595,0.021634,-0.014696,-0.083515,-0.133253,0.257778,-0.02349,-0.043191,0.004116,0.262242,0.012321,-0.220826,0.069387,0.130019,0.064869,0.163541,-0.244689,-0.195396,0.232173,-0.15772,-0.075434,0.347054,0.223022,-0.582991,0.02975,-0.216676,0.219795,0.124317,0.325104,-0.577911,-0.117928,0.080583,0.238736,0.062367,0.076816,0.234588,0.241067,-0.152182,-0.161757,-0.069298,-0.294049,-0.215929,0.121266,0.178901,-0.090537,0.151978,-0.162246,0.200626,-0.1322,-0.188249,0.297824,-0.024703,-0.046669,-0.25318,-0.252412,0.185632,-0.02805,-0.312795,0.227126,-0.299707,-0.137501,0.285013,-0.214926,-0.008384,-0.180522,0.036523,-0.44484,0.084481,-0.060313,-0.031815,0.064288,0.040649,-0.282713,0.160271,-0.251881,0.386805,-0.108693,-0.050917,0.265425,-0.04704,0.234692,-0.420712,0.312015,-0.247893,0.205438,0.234242,-0.314558,-0.37736,0.24452,-0.458903,0.011754,-0.200471,-0.135686,0.065712,-0.157229,-0.112206,-0.013891,-0.265795,0.139543,0.195181,0.127378,-0.030942,-0.076341,0.007955,-0.115502,0.201233,0.172015,0.043027,-0.099196,-0.213706,-0.158564,-0.004718,0.033609,-0.112251,-0.267207,-0.262466,-0.159464,-0.002045,-0.220872,0.363137,-0.009994,-0.03713,-0.18274,0.050465,0.190099,-0.236401,-0.07563,0.130577,0.201958,0.226986,0.219314,0.125778,0.001865,-0.192837,0.300215,0.000894,0.156727,-0.031945,-0.14541,0.342288,-0.136335,-0.096937,-0.07489,0.057514,-0.070894,-0.121581,-0.046262,0.040476,0.03173,0.419883,0.060338,-0.086696,0.167987,-0.166915,0.442697,0.236706,-0.185009,0.272404,0.175454,-0.135182,-0.27311,0.058904,0.057915,-0.157895,-0.132858,0.193806,0.201957,0.098914,-0.016821,0.270312,0.480617,0.373586,#
16,0.157078,0.249843,-0.080327,-0.009267,0.215327,0.018045,0.137958,0.174504,-0.133602,-0.08331,0.151561,0.031347,0.118717,-0.200385,0.031687,0.354302,1.0,-0.070866,-0.174873,-0.002785,-0.235588,0.050936,-0.192379,0.325458,0.013438,0.291447,-0.100653,0.144844,0.06623,0.094593,-0.472063,-0.205055,0.170704,0.165506,0.225076,0.001008,-0.203701,0.061489,0.271479,0.133297,-0.172782,-0.412038,-0.030969,0.226155,0.005286,0.23003,-0.03253,-0.263642,-0.082665,0.28732,-0.037096,-0.440768,-0.265568,0.085092,0.194579,0.037783,0.252439,0.048872,0.079958,-0.070921,-0.171602,-0.047762,-0.024938,-0.118396,-0.151867,-0.211424,0.333404,0.011473,-0.318585,-0.283361,0.246336,0.122994,-0.058137,0.267605,-0.085031,-0.082897,-0.061528,-0.440965,0.037917,-0.116357,-0.29157,-0.017955,-0.012385,-0.059984,-0.105662,-0.226731,0.394646,-0.026001,0.102049,0.372968,-0.326398,-0.055068,-0.071772,-0.198631,-0.156636,0.144448,0.305873,-0.512581,-0.173482,-0.083498,0.040392,0.378736,-0.164845,0.171859,-0.359932,-0.303779,-0.007622,0.015198,0.138225,-0.17969,-0.137135,0.004941,0.342675,0.302249,-0.601617,-0.16426,0.097776,-0.189113,-0.070215,-0.036974,-0.271719,0.110669,-0.584356,0.189416,0.158862,-0.221906,-0.482927,0.255538,-0.235662,0.021209,-0.151923,-0.097405,0.00873,0.05045,-0.051878,0.098033,0.415974,-0.384656,-0.245725,-0.058953,0.107569,-0.177182,0.176111,0.210972,-0.063092,-0.120881,-0.202061,0.186656,0.096036,-0.384881,0.268716,0.206891,0.025501,-0.170052,-0.098846,-0.156788,-0.216965,0.20354,0.176228,0.198135,-0.406154,0.052894,0.150895,-0.276871,-0.200442,-0.289935,-0.109102,0.131268,0.073973,0.170392,0.405336,-0.110822,0.255789,0.073621,0.219962,0.15726,-0.147509,0.499426,-0.180694,-0.253336,0.097943,0.286344,0.368906,0.159753,0.098801,-0.059216,0.277933,0.017631,-0.016899,0.323922,-0.201039,0.11422,-0.01942,0.0788,-0.075884,0.334265,0.074758,-0.161294,0.141611,-0.25064,#
17,-0.608764,-0.079189,0.675254,-0.117546,-0.130284,0.237808,-0.034458,0.168941,0.015644,0.319523,-0.457493,-0.328533,0.241994,-0.193386,-0.106785,0.236115,-0.070866,1.0,-0.532805,0.095257,-0.174978,-0.355444,0.181863,0.00535,0.127297,-0.031813,-0.062862,-0.286462,-0.080499,-0.065209,0.044701,-0.238821,-0.057602,0.12976,-0.168398,0.146306,0.149256,0.101147,0.109754,-0.07419,0.088677,-0.05024,-0.254798,0.089425,-0.006997,-0.255462,-0.135711,-0.32582,0.46502,0.006656,0.071171,-0.139246,0.351131,0.0551,0.109882,0.209356,0.231961,-0.541818,-0.178991,0.154342,0.110045,0.077219,0.067088,-0.113054,0.11826,0.105871,0.108769,-0.062321,0.11597,-0.103631,-0.336828,-0.16446,-0.57399,0.329764,-0.033009,-0.252982,-6.2e-05,-0.000906,0.056037,0.366697,-0.086998,0.100149,0.092745,0.758898,-0.058136,-0.014581,0.12712,-0.061738,-0.18067,-0.007603,0.374296,0.015197,-0.21491,0.209848,-0.024876,0.392487,-0.292423,0.431447,0.157847,-0.20167,-0.454918,-0.107859,0.1061,0.283786,0.133997,0.036401,0.273108,-0.057971,0.463074,-0.013516,0.271859,-0.191174,0.25407,0.113822,0.004744,0.021036,-0.057926,0.067699,0.112575,0.141191,0.00797,-0.093071,-0.16709,-0.420555,-0.208681,0.018729,0.449718,-0.381223,0.101956,0.040281,0.362572,0.291029,-0.204384,0.155372,-0.133887,-0.16844,0.100696,0.241878,-0.435708,0.196302,-0.172768,-0.085814,-0.2933,-0.251608,0.139428,-0.008144,0.239729,0.14181,0.141996,0.01877,-0.35095,-0.078884,0.225759,-0.154387,0.040284,0.074308,0.319168,-0.120262,-0.060663,0.001948,-0.097484,0.053709,-0.073136,0.45042,0.312356,-0.117311,-0.07197,-0.060898,0.341972,-0.136968,-0.337332,0.012522,-0.027658,-0.119771,-0.21482,0.089011,0.193964,-0.245101,-0.049199,0.08534,0.040675,0.103627,-0.1554,-0.381715,0.173157,0.138082,0.315923,0.012892,-0.381332,-0.088901,0.337319,-0.4759,-0.397207,0.138884,-0.402613,0.205112,0.432053,0.465615,0.227436,0.551148,#
18,0.381226,0.157718,-0.292466,-0.140789,0.221117,0.234648,0.116207,-0.187529,-0.067527,-0.067529,0.123875,0.028025,0.00993,0.505703,0.03953,-0.221821,-0.174873,-0.532805,1.0,-0.105699,0.040565,0.241544,0.330069,-0.129089,0.02616,0.165656,-0.0783,0.286318,0.462344,0.103643,0.042306,0.21851,-0.20794,-0.011959,-0.164895,-0.214412,-0.10919,-0.054773,-0.07735,-0.046448,-0.049188,0.066997,0.07022,-0.422574,-0.225185,-0.119421,0.04167,0.263936,-0.292415,0.047325,0.206716,0.013448,-0.08476,-0.055971,-0.285966,0.048081,-0.252526,0.328036,0.018139,0.088469,0.179651,0.024986,-0.153349,-0.007862,-0.050885,-0.061328,-0.274873,-0.135083,-0.082544,0.233344,-0.139922,0.257578,0.17366,-0.391113,-0.083338,0.343748,0.155468,-0.171086,-0.056784,-0.060631,0.179157,-0.24873,0.079451,-0.326447,0.118335,0.090815,-0.362386,0.075952,-0.044061,-0.169693,-0.27625,0.15959,0.06403,-0.371024,0.045639,-0.363024,-0.128334,-0.295953,0.019827,-0.072041,0.309959,-0.132374,0.020751,-0.360367,-0.022411,-0.228418,-0.226655,-0.121756,-0.540661,-0.20539,-0.024216,0.376958,-0.588534,-0.312718,0.203541,-0.279699,0.065434,0.134452,0.192544,-0.082704,0.175593,0.069869,0.101216,0.105521,-0.178149,0.322113,-0.05917,0.093733,-0.204347,-0.149841,-0.239633,-0.578082,0.098934,0.015925,0.010125,-0.015293,0.017019,0.122121,0.497686,-0.210864,-0.02249,-0.123836,0.188334,-0.108973,0.05003,0.163811,-0.051404,0.097474,-0.409888,-0.051296,0.271434,-0.02899,0.123949,-0.046273,-0.044851,-0.134987,0.101558,-0.006076,-0.096553,-0.272087,0.041293,-0.070217,0.258166,-0.393746,-0.150229,0.550923,0.237641,0.173154,-0.244137,-0.209394,0.028124,-0.16095,-0.170447,0.015917,0.026118,-0.234771,-0.180678,0.32018,0.072639,-0.274602,0.317517,-0.332867,-0.01585,0.404107,-0.03006,-0.080264,-0.122115,0.203541,0.142987,-0.125105,-0.376529,0.089611,0.216367,0.090797,0.284046,0.029923,-0.213757,-0.259345,-0.03323,-0.278971,#
19,-0.20542,-0.217592,0.004365,-0.047582,-0.081451,0.004515,0.100543,-0.258613,0.293842,0.047736,-0.033701,-0.133081,-0.203495,0.207365,0.020403,0.121901,-0.002785,0.095257,-0.105699,1.0,0.084473,-0.046274,0.118699,-0.007634,-0.374301,0.115713,0.335566,0.175902,0.304895,-0.223118,0.199445,0.137877,0.10508,-0.020078,-0.149626,-0.095334,0.070689,0.05661,0.126317,0.070619,0.163269,0.18446,-0.145636,0.154424,-0.098266,-0.24979,-0.170006,0.168269,-0.449255,-0.12464,-0.042284,-0.019793,-0.054593,0.058434,0.029658,0.020043,-0.038736,-0.057553,-0.130496,-0.089679,-0.188942,0.040084,0.286505,0.269579,0.131487,-0.447773,-0.021625,0.285384,-0.072328,0.100857,0.175788,-0.130253,0.322884,-0.218794,-0.52925,0.263979,0.261626,0.370591,0.074778,0.336333,-0.004809,0.327161,-0.009687,0.403856,-0.1054,0.365008,0.280588,-0.22869,-0.017817,0.024772,-0.303153,0.048378,-0.103755,0.101026,0.291386,0.169678,0.163905,0.008303,0.08382,0.157632,-0.188764,0.462832,0.123752,-0.386315,0.130832,0.171353,0.340965,0.155189,0.365051,-0.097448,0.061418,-0.105206,0.100074,0.0616,0.258616,0.059633,0.023723,-0.20441,0.457197,-0.094612,-0.200399,0.169995,0.188344,-0.324719,0.102551,0.134909,0.217574,-0.184177,0.306813,0.092293,0.421913,-0.061733,-0.038707,0.015466,0.078576,-0.004491,-0.113579,0.295453,-0.112827,0.22499,0.434437,0.389342,0.037468,0.256582,-0.093699,0.197752,0.064675,-0.058591,0.076318,0.099598,-0.255877,0.085462,0.500681,-0.268241,-0.063615,0.09093,0.229257,-0.221226,-0.048317,-0.082813,0.42471,0.040292,0.280005,-0.184777,-0.109947,0.134311,0.380379,0.098969,0.336575,-0.111194,-0.177259,0.008247,-0.035301,-0.069857,-0.259368,-0.062979,0.447571,-0.15565,0.152268,0.025169,-0.248737,-0.366537,0.037436,-0.175753,-0.413132,-0.369456,0.030552,-0.054414,-0.195842,-0.018655,0.459023,-0.199132,-0.335038,0.201486,0.346411,0.107435,-0.125452,0.013468,0.274963,0.297167,#
20,0.079401,-0.152833,-0.421511,0.344508,-0.162322,-0.258507,-0.350093,0.123011,-0.121482,-0.437892,0.275985,0.197592,-0.142869,-0.014516,0.099705,-0.146601,-0.235588,-0.174978,0.040565,0.084473,1.0,-0.00746,0.161134,-0.188232,-0.412634,-0.127517,0.373169,0.241715,-0.348174,-0.442392,0.291361,0.132377,0.49286,0.112808,-0.159975,-0.497593,-0.333791,-0.073515,-0.124353,0.045728,0.201489,0.102184,-0.243515,0.004106,0.072321,0.183149,0.27835,0.266511,-0.306741,-0.39434,-0.106947,0.516901,-0.013236,0.060202,0.024131,0.268725,0.171273,0.404226,-0.315635,0.285514,-0.33137,-0.040363,0.018881,0.207356,0.037271,-0.001891,-0.063452,0.143286,0.077756,0.373284,-0.069766,-0.391091,0.274812,0.320585,-0.120703,0.025594,0.018027,0.427844,-0.030852,0.102156,0.223937,0.234574,0.112015,0.079086,0.453815,0.129608,0.130416,0.006325,0.445484,-0.040211,0.327278,0.25794,0.467848,0.303444,0.343582,0.260857,0.25441,-0.166203,0.13146,0.272991,0.038871,0.015977,0.382269,0.186941,0.403979,0.438096,0.09807,0.413383,-0.080092,0.075876,-0.212373,-0.134674,-0.158637,0.291571,0.316673,0.359316,0.189155,-0.279476,-0.062634,0.330372,0.443969,-0.031742,0.301302,0.156939,0.177871,-0.015543,-0.05602,-0.268593,0.393121,0.183522,0.070606,0.026779,0.172659,-0.245514,0.444502,0.615608,-0.174503,0.238058,0.115771,0.263199,0.020004,0.646316,0.18289,0.122414,0.160558,0.304045,0.329329,-0.395541,0.292082,0.440439,0.322271,0.141698,0.253164,0.635028,-0.015749,0.194475,-0.183205,-0.351395,0.008816,0.347149,0.460574,0.14404,0.005848,-0.157486,0.028896,-0.137082,0.361025,0.048228,-0.086331,0.058956,0.067782,0.05376,-0.325149,0.191296,-0.317642,0.35318,-0.030373,-0.385582,-0.14014,0.251252,-0.364212,-0.468108,0.157089,0.045001,-0.213167,0.206184,0.083432,0.135642,0.040974,-0.055168,0.299826,-0.244479,-0.29136,-0.128483,0.240462,-0.317539,-0.51489,-0.517068,-0.169448,-0.143112,#
