0,1.0,0.200997,0.005265,-0.16917,0.306418,0.090609,0.18811,-0.06005,0.128156,0.076574,-0.129385,0.150241,0.30805,0.242289,-0.262439,-0.106623,0.122188,0.02881,0.118916,-0.385781,-0.42302,-0.258481,0.265344,-0.287662,-0.116162,-0.365473,-0.453209,0.001059,0.153076,0.144438,-0.26202,-0.114588,-0.201702,-0.415316,-0.263013,0.057308,0.031881,0.207541,-0.030396,-0.071626,0.134809,0.138802,-0.068848,0.034625,-0.170105,-0.334163,0.336003,0.212201,-0.161756,0.452164,0.233348,0.135013,0.206518,-0.05554,0.027042,0.106333,0.052965,-0.004455,-0.15072,0.042828,0.232169,0.216549,0.224386,-0.214446,0.008384,0.343954,0.069592,0.102416,0.194146,-0.160931,0.222823,-0.058228,-0.148741,-0.245454,-0.345746,0.360456,-0.120959,-0.197867,0.028901,0.035415,-0.331088,-0.135329,-0.164569,0.439044,-0.310175,-0.099298,-0.259467,-0.183296,0.044389,-0.382467,-0.312419,-0.097657,-0.187554,0.066893,0.044739,-0.306632,-0.196901,-0.117589,0.118587,-0.300641,0.048779,-0.358786,0.021695,-0.15416,-0.227831,0.02119,0.049546,-0.036071,-0.488723,0.0558,0.168464,0.022887,0.027956,-0.356829,-0.394331,-0.406861,-0.168655,-0.100292,0.231044,-0.388187,-0.040377,-0.262796,-0.440724,-0.29906,-0.285393,-0.046778,-0.394243,-0.081794,0.102432,-0.240525,-0.308627,0.083176,-0.002458,0.234514,-0.306819,-0.454284,0.122277,-0.259081,-0.187923,-0.322304,-0.164641,-0.100133,-0.259206,-0.014316,-0.047937,-0.112734,-0.512814,0.290778,-0.143342,-0.053632,-0.312611,-0.3197,-0.329701,-0.103311,-0.523918,-0.078858,0.17109,0.312982,-0.339292,-0.131679,-0.071494,0.012439,-0.384339,-0.117804,0.164345,-0.175559,0.229337,0.042329,-0.017974,-0.289712,0.006415,0.139503,-0.097408,-0.093285,0.074949,-0.107289,0.09011,0.160571,0.358767,-0.256597,0.069147,0.183674,-0.247368,-0.164582,0.376265,0.075457,0.114071,0.205526,-0.170213,0.33267,-0.053144,-0.286805,0.313949,0.42289,-0.181151,0.285895,0.262498,-0.307277,-0.311192,0.040052,#
1,0.200997,1.0,0.103671,-0.120887,0.034127,-0.124821,0.157983,0.186963,0.12876,0.338553,-0.189018,0.238266,0.106398,0.042357,0.020119,0.028755,-0.102234,0.304794,0.225381,-0.068514,-0.154077,0.197375,0.050384,-0.021582,-0.208305,0.036456,0.134402,0.025899,0.122182,0.279154,-0.432359,0.333938,0.095701,0.008346,-0.195543,-0.076612,0.271458,-0.064366,-0.275142,-0.314411,-0.095916,0.418964,0.169518,-0.10071,-0.234832,-0.611096,0.369207,0.308703,0.073827,0.449626,0.163504,-0.185008,-0.021942,0.0499,0.068953,0.02881,-0.404004,-0.361832,-0.083107,0.096941,-0.03037,0.289608,-0.167866,0.131208,0.074735,-0.060275,0.243393,0.155357,0.003358,-0.15974,-0.052236,-0.144799,0.050069,-0.054429,-0.34528,0.177069,-0.378866,-0.27653,-0.288196,-0.443977,-0.079086,-0.270752,-0.240873,0.345027,-0.50301,-0.009551,-0.194291,0.100093,-0.073721,-0.182505,0.299054,-0.258637,-0.268097,0.099116,-0.259727,0.192501,0.070772,-0.219289,-0.181013,-0.256377,0.005103,-0.390414,-0.660245,-0.058563,-0.682075,-0.207203,-0.345965,-0.403859,-0.450131,-0.229823,0.121069,0.243097,0.058088,-0.223157,-0.147544,-0.125152,-0.118798,-0.374205,0.248783,-0.213752,-0.267434,0.117443,-0.412459,-0.451942,-0.01166,-0.137619,-0.27463,-0.138734,-0.080941,-0.096589,-0.270752,-0.182672,0.064595,0.330767,-0.236341,-0.00416,-0.220248,-0.186293,0.000181,-0.334351,-0.058747,0.112825,-0.281561,-0.063166,-0.199771,-0.336387,-0.256177,0.299723,-0.303934,-0.13736,-0.320877,-0.306621,-0.206064,0.012143,-0.329339,-0.094043,0.096658,0.320925,-0.134425,0.017075,-0.07955,-0.028666,-0.074841,0.123594,0.241101,0.428022,0.133591,0.126353,-0.236059,-0.004742,-0.259152,0.084074,-0.146273,-0.1968,0.199738,0.11569,-0.158856,0.040983,0.129748,-0.253947,0.275577,-0.020867,-0.096153,-0.143737,-0.053112,-0.053471,0.04271,-0.029733,-0.257953,0.270755,-0.297227,0.166063,0.199415,0.104944,-0.218448,0.051519,0.305396,-0.295007,0.042591,-0.076758,#
2,0.005265,0.103671,1.0,0.339074,0.231062,-0.321316,-0.015934,-0.184828,-0.144102,0.342451,-0.231238,-0.078593,-0.095704,-0.303495,-0.471864,-0.249895,0.219739,0.110778,-0.115278,-0.262123,0.042478,-0.178568,-0.246087,0.15303,-0.059939,-0.123056,-0.004382,-0.399629,-0.43149,0.260333,-0.03467,-0.145749,-0.220768,0.180085,-0.208758,-0.25826,0.073319,-0.090082,0.064478,-0.120811,-0.089185,-0.13024,0.143116,-0.03513,0.167719,-0.033261,-0.201044,0.280763,0.024456,0.050047,-0.014837,0.16717,-0.020764,0.268005,-0.077551,-0.292836,-0.22121,0.021151,0.069728,-0.051364,-0.222296,-0.167472,-0.446648,-0.240855,-0.015527,-0.081691,-0.173377,-0.178201,-0.092671,0.085283,0.084623,0.160367,0.058968,0.159721,-0.15247,0.239508,-0.076,-0.113285,-0.098793,0.28943,0.098784,0.093699,-0.065716,0.18621,0.090107,-0.335109,-0.179933,0.12723,0.089916,-0.145722,-0.204295,-0.238253,0.220458,-0.034829,-0.431053,0.022435,0.064683,0.14324,0.196693,0.109592,-0.102881,-0.047641,0.086042,0.12021,-0.202371,-0.210827,0.112936,-0.104076,-0.092181,0.165008,0.135971,0.22412,0.08839,-0.07143,0.050171,0.238048,0.083366,-0.387561,0.016172,-0.064268,-0.426072,0.154014,0.232115,-0.100491,-0.0362,0.076331,-0.297185,0.113227,0.068672,0.404447,0.083366,0.171189,-0.102485,0.107926,0.145791,-0.163233,0.400909,0.145511,-0.157896,-0.313333,0.111207,0.528656,0.090992,-0.278445,0.021606,0.225642,-0.07805,0.199147,-0.277335,0.052119,-0.467344,0.381844,0.111195,-0.003864,-0.272063,-0.09734,-0.040208,0.111206,0.097212,-0.177488,0.327578,0.120195,0.330746,0.160289,0.118622,-0.036961,-0.236207,-0.426341,0.169729,0.00845,-0.085265,-0.064731,0.017669,-0.021049,-0.175335,-0.037762,-0.007351,-0.096151,-0.370313,0.272479,-0.089403,-0.052356,0.084609,-0.124536,-0.344418,0.189873,-0.065485,-0.259056,-0.085113,0.056835,0.229222,0.016921,0.060836,0.022132,0.034355,-0.341976,-0.154535,0.376307,0.146581,-0.029701,#
3,-0.16917,-0.120887,0.339074,1.0,0.24595,-0.27455,-0.185247,-0.532811,-0.147744,0.169105,0.435576,-0.246936,-0.100193,-0.280347,-0.259599,-0.050501,0.334101,-0.050181,0.116625,-0.053235,0.019084,-0.310533,-0.140647,0.097042,0.067348,-0.005754,-0.078698,-0.342918,-0.114175,-0.199589,0.312143,-0.318733,0.146034,-0.098235,-0.102253,-0.317084,-0.290644,0.061064,-0.238391,0.178306,0.130099,-0.430785,0.027131,0.054312,0.237798,-0.018628,-0.430104,-0.214042,0.320923,-0.040788,-0.197978,0.313037,-0.268283,0.412098,0.21793,-0.095244,-0.198108,0.153758,0.194308,-0.211894,-0.124071,0.057921,-0.243599,-0.235734,-0.106084,-0.264587,0.20343,-0.177719,-0.291789,0.441357,-0.300355,0.364011,0.259236,0.246527,0.293778,0.057602,-0.058961,-0.118909,0.409442,0.192612,-0.052172,0.266552,0.284902,0.048992,0.14501,-0.204939,0.020319,0.199237,-0.055192,0.069661,0.163153,-0.135157,0.104745,-0.318538,0.028012,0.293035,0.35184,0.212345,-0.135851,0.265852,0.081494,-0.154903,0.412015,-0.049959,-0.009011,0.08576,0.126272,-0.116805,0.017535,0.318332,0.001662,-0.181811,0.280098,0.043517,-0.013316,0.11199,0.291757,-0.104656,0.02464,0.221182,0.118258,0.168327,0.236033,0.02784,0.111016,0.13517,-0.130065,0.189323,0.203554,0.110313,0.275122,0.142832,-0.304021,-0.129074,0.127431,0.360831,0.130606,-0.083055,-0.187831,0.14239,0.061158,0.433751,0.233956,-0.2525,-0.02026,0.261856,0.052237,-0.215153,-0.033703,0.192959,0.007379,0.55866,0.06147,0.152546,0.154266,-0.120952,-0.376802,-0.166698,0.440094,-0.222525,-0.089256,0.067703,-0.053613,-0.099505,-0.347193,0.212377,-0.021539,-0.116193,0.237913,-0.060824,-0.112136,-0.098608,0.046846,0.161383,-0.280124,0.02912,0.128022,-0.163433,-0.206373,0.730968,-0.579118,0.133766,0.231179,-0.093025,-0.104905,-0.103388,-0.206847,-0.183571,0.189276,-0.296517,0.121537,0.032562,-0.190579,0.006975,-0.202638,-0.403434,-0.127705,0.013689,-0.314183,-0.02576,#
4,0.306418,0.034127,0.231062,0.24595,1.0,-0.093603,0.15624,-0.096388,-0.062753,0.20077,0.041235,0.028853,0.112715,0.057182,-0.065987,-0.363374,0.442084,-0.098781,-0.219684,-0.352364,-0.352608,0.107383,0.095551,0.022601,-0.418396,0.027652,-0.162433,-0.183642,0.050714,0.246941,0.071782,0.073569,-0.305582,-0.141962,-0.500867,-0.07123,-0.102958,-0.130822,0.247374,0.09451,-0.04485,0.037388,-0.137166,-0.212108,-0.202507,0.051462,0.00362,0.239648,-0.150161,0.124956,0.273166,-0.301942,-0.016867,0.057682,0.306119,-0.397248,-0.314985,0.31192,-0.484027,-0.217185,0.157286,0.15975,0.044857,-0.063626,0.098124,0.274336,0.080804,0.214267,0.124362,-0.191004,-0.067327,-0.377123,0.30845,-0.551723,-0.43441,0.421328,-0.526625,-0.50134,-0.261637,-0.054345,-0.402596,-0.167166,-0.292142,0.109195,-0.284236,-0.387026,-0.50738,-0.342704,-0.239999,-0.431082,-0.168082,-0.199069,-0.206749,-0.158763,-0.304735,-0.360451,-0.199698,0.243509,0.087999,-0.187981,0.161189,-0.264069,0.116407,-0.211421,-0.381618,-0.453443,0.030442,-0.229978,-0.324342,0.230298,-0.022287,-0.098498,-0.334637,-0.280423,-0.165986,-0.058185,0.011501,-0.508526,-0.132829,-0.025444,-0.212331,-0.329346,-0.180673,-0.086829,0.08114,-0.027535,-0.52202,-0.267207,-0.412072,-0.028313,-0.323687,-0.106051,-0.299584,-0.121787,-0.020365,-0.437762,0.280732,-0.479455,-0.110823,-0.283547,-0.130831,0.372688,0.060665,-0.2762,-0.388363,-0.333676,-0.312886,0.3166,-0.383882,0.03986,-0.305566,-0.099074,-0.293408,-0.284789,-0.454869,-0.208027,0.0154,0.133119,-0.256362,-0.377863,0.109012,-0.277059,-0.044272,-0.166697,0.000668,0.284629,-0.037951,-0.085853,0.180161,-0.278463,0.286694,-0.286996,-0.381716,-0.317146,-0.075923,-0.297703,-0.300747,-0.115635,-0.004424,0.005435,-0.015514,-0.131979,0.237195,0.105263,0.088836,0.187394,0.239487,-0.181178,0.130269,0.175802,0.120104,0.289246,0.35285,0.434211,0.133501,-0.033582,0.116848,-0.2961,-0.439073,0.298703,#
5,0.090609,-0.124821,-0.321316,-0.27455,-0.093603,1.0,0.164606,0.235119,0.08453,-0.128981,0.148732,-0.016154,-0.227771,0.393322,0.52684,-0.002773,-0.080992,-0.321782,-0.047627,-0.075859,-0.006566,0.079031,0.045467,-0.292745,-0.001548,-0.120741,0.073743,0.095349,0.184737,0.008512,0.228447,0.408488,0.019558,-0.314602,-0.230677,-0.097796,-0.176899,0.225194,0.188316,0.038004,-0.221326,0.212494,-0.140149,0.293035,-0.141049,-0.019948,-0.042484,-0.189407,0.019234,0.25988,0.008865,0.027168,0.444861,-0.2603,-0.003126,0.24671,0.100069,0.133988,-0.123656,0.421836,0.318102,0.248234,0.02992,0.287333,0.157491,0.145857,-0.242071,0.300405,-0.270493,0.23148,0.00304,-0.105928,0.184483,-0.052384,-0.191025,-0.045428,0.259983,0.253798,-0.18893,0.006411,-0.05702,0.032759,-0.120444,0.07209,-0.168873,0.13787,-0.018916,-0.37294,-0.048853,-0.165033,-0.08607,0.077011,-0.082887,-0.056891,0.221824,0.069637,-0.08483,-0.207331,0.001216,-0.153323,-0.34113,0.010233,-0.006411,-0.200252,0.137065,0.156407,-0.051722,-0.056576,-0.098725,-0.302856,0.131179,0.227677,-0.278234,-0.162336,-0.276043,-0.389653,0.045217,0.087753,-0.107823,-0.151293,0.081974,0.072282,-0.06852,0.031692,-0.423845,0.157459,0.093909,0.224151,-0.210678,-0.233102,0.207179,-0.292201,-0.171366,0.137519,-0.105088,-0.152596,0.008343,-0.140492,-0.052507,0.012608,0.146501,-0.429796,-0.551383,-0.150804,0.099409,-0.031922,-0.003878,0.026611,0.556431,-0.134104,0.050208,-0.176663,0.148243,0.161141,-0.165561,-0.061012,0.070807,0.105121,-0.342548,0.085878,-0.342107,-0.166236,-0.097426,-0.061174,0.058391,-0.194751,0.246561,0.110833,0.049396,-0.121727,0.292558,-0.171915,0.065852,0.227972,0.240329,0.234423,0.004508,0.065036,0.293414,-0.300817,0.261887,0.275621,-0.006967,0.156354,0.049944,-0.199656,0.091946,0.066629,0.068371,0.310111,0.154703,-0.243024,0.071612,-0.287216,0.05057,0.110361,0.004265,-0.139466,0.099798,0.232917,#
6,0.18811,0.157983,-0.015934,-0.185247,0.15624,0.164606,1.0,0.342299,0.479973,-0.149407,0.074495,0.109197,0.213187,0.00138,0.142572,-0.074042,-0.302841,-0.100647,-0.074316,0.0109,-0.047708,0.369989,0.282212,-0.525828,-0.061292,-0.037268,0.126513,-0.453319,0.229836,0.296304,-0.349813,0.018562,-0.00687,-0.190302,-0.029784,0.049432,0.219551,-0.389058,-0.081826,0.286533,0.018833,0.123334,-0.291293,-0.14451,-0.166694,0.00918,-0.07391,0.290165,0.118043,0.337387,0.431803,-0.134433,0.228694,-0.09564,0.216429,0.154898,0.211097,0.090356,0.225435,0.259847,0.317265,0.241842,-0.350513,0.157766,0.236863,0.147821,-0.093283,0.006599,0.104438,-0.229203,0.21489,-0.381094,0.129962,-0.275475,-0.616118,0.35338,-0.281716,-0.299509,-0.492015,-0.292081,-0.269846,-0.372564,-0.213954,-0.322429,-0.464203,-0.105423,-0.264018,0.033992,-0.439371,-0.282776,-0.206535,-0.56106,-0.285584,-0.024254,-0.542226,-0.14273,-0.126984,-0.459191,-0.129872,-0.349158,-0.260031,-0.210308,-0.3189,-0.266556,-0.276607,-0.071912,0.199394,-0.096237,-0.518833,-0.034218,0.226496,0.191422,-0.369316,-0.553878,0.116438,-0.282734,-0.226141,-0.045148,0.123285,-0.41021,-0.146199,-0.360468,-0.015597,-0.532138,-0.187282,0.056988,-0.303259,-0.146257,-0.322565,-0.288819,-0.360663,-0.22221,-0.120953,-0.122744,-0.202868,-0.206508,0.015647,-0.044968,0.121576,-0.653294,-0.411693,-0.020826,-0.236745,-0.274384,-0.213068,-0.351005,-0.397919,0.769179,0.066346,-0.371154,-0.137991,-0.515192,-0.384709,-0.060187,-0.290318,-0.125792,-0.032304,0.292849,-0.11288,-0.322429,0.243304,-0.242561,-0.340601,-0.175494,0.129321,0.200707,-0.015918,0.038697,0.006377,-0.04067,0.059716,-0.187283,0.033666,-0.045527,0.322682,-0.310857,-0.222511,0.592028,0.519079,-0.358042,0.396569,0.553978,-0.060465,-0.252226,0.472781,0.010856,-0.167517,-0.172466,-0.165812,0.571175,0.227637,-0.135167,0.443023,0.102344,-0.208847,0.376231,0.532178,-0.478018,-0.197039,0.024878,#
7,-0.06005,0.186963,-0.184828,-0.532811,-0.096388,0.235119,0.342299,1.0,0.003633,-0.24911,-0.33639,0.068493,-0.001097,0.078611,0.212189,-0.135541,-0.102311,-0.014469,-0.012893,-0.049997,0.202116,0.524306,-0.100118,-0.004089,-0.200513,0.239001,0.418403,0.117833,-0.243721,-0.163092,-0.290089,0.52478,0.027412,-0.008802,-0.076615,0.102121,0.228114,-0.278961,0.178853,-0.135134,-0.041747,0.132226,0.218298,-0.050238,-0.295913,0.053207,0.086321,0.12643,-0.174926,0.024032,0.280714,-0.203219,0.302754,-0.346607,-0.01302,0.118596,0.344147,-0.059518,-0.006529,0.368826,-0.072481,0.28974,-0.022561,0.46542,0.215566,0.327827,-0.095327,0.142552,-0.003094,-0.404655,0.293355,0.008013,-0.246307,-0.039772,-0.199413,-0.19788,0.104794,0.23547,-0.193275,0.002942,0.094009,0.049434,0.045115,0.026195,0.018447,0.300621,0.116792,0.103819,0.093718,0.145743,0.07476,0.048355,0.22708,-0.092946,0.034132,0.228789,-0.256765,0.098404,-0.199064,-0.1834,-0.113441,0.045561,-0.208746,0.077912,-0.223158,0.029684,-0.061998,-0.323838,0.037885,-0.195802,0.008578,0.112217,-0.130091,-0.043151,0.348435,-0.024722,-0.132188,0.247335,-0.131155,-0.183577,-0.040028,-0.079294,-0.053392,0.117602,-0.134946,0.168724,0.21851,-0.347642,0.004164,0.086498,-0.125461,-0.16127,0.181632,-0.164149,0.250107,-0.002231,0.050744,0.013844,0.221248,-0.367632,-0.195793,-0.27617,-0.189434,0.21902,0.129196,-0.117058,-0.036687,0.20118,0.015332,0.013602,0.031607,-0.179364,0.148115,0.000358,0.188101,-0.018675,-0.05655,-0.03269,-0.339067,0.0503,0.243803,-0.197597,0.010256,0.093848,0.402616,-0.02198,0.023679,0.068728,0.083139,0.183749,-0.026362,-0.119763,0.061718,0.079973,-0.076907,0.067524,-0.003752,-0.071593,-0.007189,-0.632614,0.144269,-0.161668,0.125579,-0.150467,-0.156605,-0.120997,-0.097738,0.064922,0.002654,0.169327,0.322964,0.104292,0.036943,-0.323709,0.126398,0.111983,-0.133396,-0.141284,0.091743,-0.105658,#
8,0.128156,0.12876,-0.144102,-0.147744,-0.062753,0.08453,0.479973,0.003633,1.0,0.096867,0.066182,0.093486,0.219582,0.100305,0.311216,-0.186978,-0.561127,0.095155,0.235768,-0.178376,-0.134791,0.050807,0.436175,-0.328,0.213276,-0.257461,0.016889,0.103574,0.538726,0.210493,-0.236839,0.00898,0.31398,-0.126471,-0.201317,0.192901,0.233309,-0.224408,-0.237353,0.117468,0.004707,-0.125248,-0.293922,0.020308,-0.011104,-0.237676,0.24786,0.141407,0.24139,0.455047,-0.090802,-0.077385,0.14359,0.067091,0.386682,-0.060733,0.245811,-0.093144,0.46357,-0.022351,0.137382,0.232764,-0.143153,0.107858,-0.145078,0.073508,0.248742,-0.131056,0.20084,-0.080989,0.117331,-0.275894,0.14235,-0.099702,-0.271972,0.042374,-0.215999,-0.294782,-0.261201,-0.484878,-0.068225,-0.352127,-0.319782,-0.145562,-0.2798,0.05947,-0.10545,-0.06244,-0.470007,-0.076645,-0.071804,-0.161731,-0.552291,0.339453,-0.214202,0.100784,-0.067871,-0.415742,0.291505,-0.309447,-0.290886,-0.243437,-0.234167,-0.265406,-0.023286,-0.102878,-0.223958,0.051045,-0.322727,0.054117,0.143155,0.250801,-0.172738,-0.314134,0.015105,-0.524758,-0.178441,-0.024605,0.323813,-0.234243,-0.181011,-0.428335,0.212663,-0.520431,-0.123662,0.052505,-0.117274,-0.100838,-0.072921,-0.402266,-0.158757,-0.150868,0.047976,0.16306,-0.167138,0.017102,-0.300732,0.018316,0.304061,-0.264905,-0.312073,0.006883,-0.446338,-0.424308,-0.250031,-0.054297,-0.007022,0.308951,0.081871,-0.151521,0.035593,-0.305857,-0.323952,-0.14757,-0.09385,-0.159523,0.223804,0.54351,-0.090119,-0.1244,0.15751,-0.20857,-0.07286,-0.024025,0.116734,0.16318,-0.059181,0.001534,-0.016233,0.035688,-0.13101,0.281014,0.126203,-0.394253,0.416922,-0.380544,-0.307784,0.355977,0.301217,-0.237629,0.368408,0.419913,-0.149821,-0.219927,0.238369,0.045894,-0.274165,-0.196159,-0.226163,0.167101,0.080396,-0.194536,0.312743,-0.007714,-0.317619,0.143579,0.451102,-0.350052,0.06687,0.015024,#
9,0.076574,0.338553,0.342451,0.169105,0.20077,-0.128981,-0.149407,-0.24911,0.096867,1.0,-0.038496,-0.10883,0.279791,0.05398,0.065845,-0.075166,-0.257385,0.411399,0.01581,-0.042497,-0.062396,-0.152735,0.269409,0.148426,0.018025,0.021392,-0.228642,0.073822,-0.069658,0.162117,-0.124588,0.266758,0.051065,0.207854,-0.445433,-0.157494,0.151192,-0.123714,0.002636,-0.260529,-0.056211,0.360439,0.246326,0.166246,0.234342,-0.33951,0.188095,0.547608,0.222414,0.232862,-0.193162,0.102575,0.048401,0.138548,-0.208303,-0.160171,-0.105475,0.013962,-0.156398,-0.095247,0.018014,0.22332,-0.352101,-0.082269,0.242891,-0.066035,0.1583,0.27416,0.091261,-0.192922,0.187463,-0.030475,0.009455,0.086169,-0.063553,0.288164,-0.215361,-0.40691,-0.012249,-0.157015,-0.074857,0.014396,-0.110802,0.051427,-0.227036,-0.041579,-0.371183,-0.04185,-0.228009,-0.217494,0.052008,0.017712,-0.233006,0.225019,-0.137622,0.254059,0.250689,-0.07599,0.28941,-0.442248,0.038712,-0.179693,-0.185802,-0.058383,-0.206392,0.006775,-0.26737,-0.29465,-0.318034,-0.182371,0.458408,-0.041137,0.03326,-0.173526,-0.14754,0.066465,-0.155588,-0.436249,0.272585,-0.306365,-0.078353,0.035126,0.070115,-0.164979,-0.000202,-0.008469,-0.405144,-0.165617,-0.17223,0.090033,0.193405,-0.156668,0.151241,0.765458,0.036456,0.173651,0.016076,-0.162611,0.31922,-0.241379,0.159631,0.237438,-0.026945,-0.406055,-0.122464,0.084713,-0.049929,0.164233,-0.367405,0.172755,-0.641959,0.192111,0.155557,0.022496,-0.223602,0.256525,0.398161,0.397818,-0.213072,0.065173,-0.273941,0.008352,0.050716,0.247984,0.191842,0.432106,-0.310712,-0.178262,0.046772,-0.140573,0.0735,0.123157,-0.089839,-0.274945,0.182085,-0.022873,0.018238,-0.282933,-0.189333,-0.022766,-0.097359,-0.091359,-0.39181,0.133701,-0.308554,0.005369,0.063354,-0.233909,-0.270211,0.264533,-0.003451,0.048167,-0.136659,-0.054533,0.004632,-0.424484,0.117834,-0.005309,0.259002,-0.149592,#
10,-0.129385,-0.189018,-0.231238,0.435576,0.041235,0.148732,0.074495,-0.33639,0.066182,-0.038496,1.0,-0.187361,-0.117651,0.145287,0.313713,-0.012202,-0.088255,-0.300209,-0.141403,0.005359,-0.092087,-0.173895,0.031171,-0.085701,0.238057,0.24791,0.108522,-0.071756,0.398813,-0.096046,0.262447,-0.311205,0.030368,-0.109889,0.106127,-0.156481,-0.28862,-0.072173,0.12921,0.321502,-0.290535,-0.204901,-0.124568,0.264397,0.346403,-0.089977,-0.363833,-0.15072,0.303779,-0.196475,-0.123825,0.222467,0.031369,0.266394,0.28632,0.396483,0.107469,-0.032442,0.198664,0.121028,0.197893,0.210121,-0.058368,-0.013091,0.039444,-0.147358,0.123137,-0.174377,-0.477223,0.185187,-0.17672,0.09288,0.374962,0.165053,0.005771,0.186557,-0.013022,0.16422,0.014992,-0.123068,-0.436079,0.094044,0.257567,-0.30231,-0.158184,-0.284601,0.177732,0.152924,-0.161055,-0.161106,-0.06777,-0.232764,0.000752,-0.226161,0.088816,0.143338,-0.01928,-0.148442,-0.31045,0.07047,0.113077,0.232949,0.232662,-0.305413,0.016926,0.221549,-0.008834,-0.097037,-0.061365,0.164341,-0.158531,-0.066898,-0.08228,0.066214,-0.236306,-0.00408,0.109821,-0.068823,-0.137548,0.161711,0.357892,-0.050792,0.136261,0.112729,0.289027,0.086259,-0.006835,0.280684,-0.17578,-0.167503,0.10644,-0.08478,-0.514713,-0.038846,-0.233585,0.228919,0.030368,-0.256525,0.141802,0.02073,-0.279795,0.138199,0.075742,-0.24859,-0.053742,-0.077818,-0.096226,-0.307296,0.586714,-0.081958,0.249792,0.063132,-0.268221,0.065027,0.196942,-0.029092,-0.221863,-0.017436,0.207739,-0.024069,-0.210878,-0.28005,-0.202559,-0.410909,-0.504294,-0.086762,0.208809,0.280809,0.353816,-0.363765,0.081257,-0.425509,-0.148404,0.122702,0.270258,0.041509,-0.095202,0.007003,0.243689,0.10595,-0.127668,0.378501,0.124709,0.216557,0.003101,-0.083035,0.014035,-0.41875,0.281796,0.016372,-0.126764,0.160389,-0.001002,-0.092296,-0.077456,-0.125372,0.088294,-0.134059,-0.314359,0.002683,#
11,0.150241,0.238266,-0.078593,-0.246936,0.028853,-0.016154,0.109197,0.068493,0.093486,-0.10883,-0.187361,1.0,-0.174807,-0.37807,-0.044226,0.380601,0.116375,-0.22469,-0.223236,-0.223267,-0.278379,0.089642,-0.364039,-0.009448,0.131993,0.129732,-0.134042,-0.032164,0.149872,0.549597,-0.38072,0.081555,-0.198261,-0.151297,0.237391,0.04703,-0.506401,0.168831,-0.208884,0.306332,-0.19413,-0.120036,-0.325587,-0.25787,-0.027481,0.022941,-0.219084,-0.197513,-0.246624,0.268528,-0.351992,-0.33511,0.053969,0.169851,0.290651,0.066846,-0.029396,-0.198723,-0.017111,0.176557,-0.371522,-0.134133,0.152444,0.148349,0.320193,-0.377057,-0.179083,-0.216835,-0.194246,-0.351087,0.082142,-0.170833,0.10586,-0.336139,-0.284156,-0.163366,-0.233596,0.063253,-0.222817,-0.021796,-0.182509,-0.398925,-0.400514,0.058927,-0.228373,-0.090118,0.022722,-0.402866,-0.050844,-0.28399,0.057428,-0.164331,-0.139933,-0.324304,-0.021968,-0.005532,0.07512,-0.343834,-0.088197,0.163923,-0.121424,-0.201148,-0.228678,-0.063617,-0.170305,-0.195205,0.241639,0.064212,-0.231288,-0.002671,-0.331907,0.244181,-0.400755,0.102212,-0.291681,-0.428204,-0.032803,0.035799,-0.515393,0.169063,-0.370284,-0.134759,-0.497671,0.072165,-0.061463,-0.20036,0.239841,-0.41249,-0.364523,0.050121,-0.398925,-0.172858,-0.015676,-0.061991,-0.354062,-0.170545,-0.198261,-0.355967,-0.256261,-0.217808,0.110129,0.23004,-0.098084,-0.038854,-0.491323,-0.456536,-0.073097,-0.046994,-0.196234,-0.102778,0.080215,-0.385883,-0.073097,0.013161,-0.424091,-0.245727,-0.277385,-0.091438,-0.212693,0.197847,0.091301,-0.04555,0.103127,-0.330274,-0.148212,-0.109697,-0.039957,0.268695,0.177619,-0.297548,0.193835,-0.110317,-0.143854,0.050893,0.458956,-0.353224,-0.353319,0.035156,-0.092147,-0.187314,0.380556,-0.13036,0.512528,0.182026,0.239116,0.227339,0.198668,0.196091,0.215777,0.135243,0.097101,0.240099,0.158992,0.120141,-0.300769,0.518837,-0.015727,-0.156731,-0.157385,-0.179393,#
12,0.30805,0.106398,-0.095704,-0.100193,0.112715,-0.227771,0.213187,-0.001097,0.219582,0.279791,-0.117651,-0.174807,1.0,0.093382,0.111922,-0.107942,-0.211626,0.151533,-0.005199,0.31342,-0.308214,0.223727,0.467659,-0.240745,-0.26876,-0.185472,-0.112164,-0.094375,0.234439,-0.14735,-0.425012,0.032652,0.073211,-0.049146,0.015645,-0.029948,0.333755,-0.206045,0.019693,-0.243731,0.335273,0.478114,-0.188896,-0.140744,-0.090585,0.032068,0.464001,0.411923,0.130154,0.204592,0.254764,0.013364,0.128583,-0.101634,-0.089173,0.124397,0.331696,0.075083,-0.013518,-0.115181,0.237375,0.228696,-0.054186,0.042304,0.017921,0.283395,0.395185,0.108027,0.433851,-0.231776,0.348925,-0.10132,-0.010755,-0.12428,-0.104388,0.216188,0.033008,-0.510517,0.098561,-0.244291,-0.120468,-0.030478,-0.188169,-0.223056,0.118507,0.388238,-0.434227,0.01583,-0.139909,0.087262,-0.327281,-0.169782,-0.332616,0.179192,-0.048482,-0.032382,0.154821,-0.140686,0.246892,-0.663387,0.389125,-0.270732,-0.273295,-0.319207,-0.120991,0.062131,-0.104405,0.032438,-0.507689,0.020771,0.368109,-0.300561,-0.026021,-0.453747,-0.024095,-0.178071,-0.523794,0.030718,0.39819,-0.44287,0.141079,-0.508939,0.235515,-0.440611,0.04774,0.236253,-0.509684,-0.105638,0.103005,-0.168879,-0.191506,-0.098956,0.139598,0.237387,-0.142198,0.078961,0.03796,0.101377,0.032091,-0.255114,-0.287913,-0.159426,-0.17085,-0.038533,-0.128262,-0.075047,-0.453747,0.327319,-0.2481,-0.071302,-0.241238,-0.253318,-0.109088,0.088043,-0.054004,0.335401,0.281032,0.300869,-0.050316,-0.056864,-0.153652,-0.120203,-0.457956,0.202853,0.170112,0.015536,-0.082441,-0.191478,-0.089854,0.098826,-0.040329,0.165226,0.323284,-0.169636,0.269776,-0.022279,0.237119,0.120918,0.019488,-0.198715,0.124033,0.258097,-0.346308,-0.42203,0.025297,-0.16892,0.074049,0.027329,-0.474281,0.346785,0.105302,-0.227863,0.116049,0.049015,-0.197184,-0.025116,0.378709,-0.224736,-0.135552,0.142196,#
13,0.242289,0.042357,-0.303495,-0.280347,0.057182,0.393322,0.00138,0.078611,0.100305,0.05398,0.145287,-0.37807,0.093382,1.0,0.221035,-0.017794,-0.083713,0.035605,0.303526,0.062167,-0.183227,0.028516,0.375449,-0.133756,-0.321047,-0.427178,0.128148,0.492801,0.330786,-0.177243,0.030755,0.298363,0.04138,-0.16568,-0.08942,-0.099198,0.165394,0.220145,0.025806,-0.437329,0.248801,0.35931,0.025961,0.383008,-0.320168,-0.45956,0.364367,0.257355,0.314992,0.11228,0.373585,0.239848,0.08947,-0.373765,-0.372358,-0.148217,0.09217,-0.142723,-0.107569,-0.006602,0.261948,0.214836,0.018795,0.121265,0.099865,0.555304,0.331433,0.440979,0.146506,0.246003,0.01158,-0.2469,0.182316,-0.370381,-0.207586,0.261283,-0.039772,-0.059469,-0.029905,0.008227,-0.351078,-0.126342,0.030773,0.083076,-0.187207,0.121072,-0.028859,-0.07383,-0.045562,-0.029157,0.054765,-0.08495,-0.231415,0.264591,0.204279,-0.113082,-0.265033,-0.049606,0.003529,-0.471182,-0.096465,0.014117,-0.004553,-0.052779,-0.019986,-0.005308,-0.266463,-0.397966,-0.102177,0.138982,0.43314,0.225769,-0.124602,-0.15779,-0.132554,-0.084374,-0.120133,0.07643,0.214653,-0.189152,0.227056,-0.109474,-0.088489,0.022832,0.02137,0.139587,-0.220661,0.268252,0.039966,-0.080712,-0.107717,0.157319,-0.168886,0.322138,-0.102728,-0.173836,-0.260831,-0.289089,0.132199,-0.006387,-0.160363,-0.43982,-0.212829,-0.200545,0.100697,0.22083,-0.170424,0.012511,0.194695,0.011758,0.012834,-0.190307,-0.170424,-0.306666,-0.021283,0.248401,0.377031,0.379219,-0.197577,0.076794,-0.170373,-0.161428,-0.098835,0.259282,0.06069,-0.037828,0.259016,-0.118199,-0.131637,0.169338,-0.073529,0.10157,-0.256571,-0.273319,0.060902,0.211727,0.001754,-0.090433,0.299197,-0.323295,0.247222,-0.076522,-0.367697,-0.021063,0.044276,-0.150233,0.084047,-0.176716,-0.232803,0.140932,-0.009602,-0.255438,0.212494,0.035899,0.236103,-0.067359,0.298965,0.036982,-0.053381,0.067153,#
14,-0.262439,0.020119,-0.471864,-0.259599,-0.065987,0.52684,0.142572,0.212189,0.311216,0.065845,0.313713,-0.044226,0.111922,0.221035,1.0,-0.182037,-0.38811,-0.136036,-0.186855,0.247041,-0.004666,0.393318,0.266463,-0.141702,0.163956,0.194281,0.224759,0.256829,0.327161,0.00363,0.035546,0.428373,0.32505,0.009269,-0.260156,-0.081426,-0.011506,-0.10905,0.379054,0.195891,-0.233081,0.362875,-0.166645,-0.011418,-0.140479,0.047823,0.107255,-0.183523,0.130868,0.093549,-0.009848,-0.171605,0.072358,-0.244908,0.15148,0.240496,0.098785,0.165994,-0.15326,0.410708,0.290975,0.231683,0.006555,0.455179,0.214693,0.147157,-0.049091,0.209611,-0.058765,-0.147991,0.170798,-0.095282,0.390626,-0.071012,-0.210284,-0.246218,0.102993,0.077403,-0.208993,-0.349899,-0.054265,-0.12887,-0.132525,-0.442089,-0.188701,0.120491,-0.052017,-0.080799,-0.370455,-0.030507,-0.104621,0.068666,-0.390635,0.088642,0.036185,0.226133,-0.089407,-0.204679,0.164073,-0.165865,-0.061972,0.163423,-0.182514,-0.370862,-0.022184,0.143572,-0.282331,-0.065666,-0.110662,-0.325059,-0.037616,-0.048292,-0.297891,-0.007922,-0.273949,-0.240502,-0.11636,-0.09689,-0.073757,-0.180363,0.069518,-0.278046,0.101952,-0.138411,0.038075,0.140169,0.082061,-0.089584,-0.460705,-0.231526,0.046273,-0.312657,-0.180084,0.035811,-0.258349,0.143604,-0.260963,-0.138314,0.293981,-0.006548,-0.007187,-0.271602,-0.387963,-0.245021,-0.273194,-0.319187,-0.001557,-0.115751,0.358453,-0.138045,0.01128,-0.198329,-0.001557,0.16457,-0.021524,0.092037,0.218302,0.124059,-0.199148,0.072548,-0.189175,-0.338911,-0.096079,-0.079707,-0.101253,0.110734,0.054757,0.234852,0.05135,0.02198,0.123348,-0.188865,0.068262,-0.11391,0.542203,0.01128,-0.156995,0.040061,0.268676,-0.325087,0.412272,0.136311,-0.016791,-0.022971,-0.137903,0.028123,0.231348,-0.19299,-0.080551,0.13031,-0.16452,0.077629,-0.105483,-0.471983,-0.100351,-0.070385,-0.018668,-0.36289,0.187345,0.055719,#
15,-0.106623,0.028755,-0.249895,-0.050501,-0.363374,-0.002773,-0.074042,-0.135541,-0.186978,-0.075166,-0.012202,0.380601,-0.107942,-0.017794,-0.182037,1.0,0.028341,-0.142604,0.282859,0.204923,0.119017,0.05518,-0.380682,-0.095602,-0.105288,0.095568,-0.216337,-0.196292,0.045954,0.082014,-0.341834,-0.037152,0.03139,-0.062564,0.64966,0.018656,-0.385729,0.278532,-0.389771,0.10786,0.205099,0.030769,-0.116362,-0.0906,0.151063,-0.030406,-0.380587,-0.266842,-0.074808,-0.016698,-0.122012,0.122099,-0.148959,0.214675,-0.263789,0.184278,0.07893,-0.25086,0.082442,0.140488,-0.041275,-0.174568,-0.036438,0.184707,0.354792,-0.287894,-0.080476,0.009308,-0.002728,0.183651,-0.100956,0.141993,0.127874,0.036345,0.191336,-0.035161,-0.136759,0.006708,0.218385,0.046048,-0.089226,-0.211402,-0.046219,-0.122771,0.022129,0.078756,-0.000299,-0.134466,0.030159,0.191224,0.308448,-0.231529,0.16754,-0.39094,0.099089,-0.007764,0.163738,-0.482328,-0.479249,0.134829,0.113949,-0.095107,-0.1533,0.14917,0.004964,0.104248,-0.036378,-0.016123,-0.079686,0.087751,-0.146434,-0.065901,-0.042065,0.069167,-0.063749,0.005578,0.101588,0.302685,-0.363268,0.465835,0.229122,0.307731,-0.236321,0.259031,0.113047,-0.074937,0.165579,0.01946,0.051579,0.159679,-0.041913,0.070954,-0.115312,0.094882,-0.225226,0.082597,-0.280297,-0.215918,-0.261881,0.019283,0.066081,-0.056691,0.046297,0.179405,-0.209608,0.114373,0.069167,-0.17804,-0.127955,-0.088279,0.244281,0.051134,0.082963,-0.049209,0.032391,0.009743,-0.367124,-0.140437,0.028711,0.173629,-0.489836,-0.106744,-0.027302,-0.215756,-0.310953,0.066655,0.046066,0.126146,-0.038584,0.134476,0.037092,0.258597,-0.290868,0.316148,0.108985,-0.125603,-0.056757,0.013242,-0.237146,0.188822,0.208578,0.032799,0.125442,0.354421,0.290233,-0.097635,0.139308,0.116894,0.333341,-0.144208,-0.146105,-0.012208,-0.15708,0.192563,-0.17099,0.388988,0.254991,0.25224,-0.198884,-0.356623,#
16,0.122188,-0.102234,0.219739,0.334101,0.442084,-0.080992,-0.302841,-0.102311,-0.561127,-0.257385,-0.088255,0.116375,-0.211626,-0.083713,-0.38811,0.028341,1.0,-0.449903,-0.137017,-0.323805,-0.310907,-0.118906,-0.377148,0.095608,-0.25306,-0.181539,-0.309948,-0.23698,-0.183266,-0.157953,0.160821,0.055404,-0.240382,-0.251686,0.042831,-0.067178,-0.389473,0.340674,0.019633,0.102504,0.167647,-0.195466,-0.030251,0.087677,-0.071445,0.164297,-0.297205,-0.309404,-0.33182,-0.108472,0.071079,-0.048945,-0.074059,0.122736,0.002307,-0.225816,-0.244117,0.104498,-0.412077,-0.005266,-0.166148,-0.210368,0.239146,-0.060189,0.088744,-0.043142,0.010316,-0.074111,-0.288695,0.115473,-0.39539,0.148632,0.184422,-0.240224,-0.05317,0.091811,-0.119272,0.044397,0.146802,0.33636,-0.153795,0.025913,0.028081,0.328352,0.161893,-0.270474,0.11052,-0.27997,0.049636,-0.053139,-0.123419,0.044289,0.345206,-0.501415,0.029476,-0.185331,-0.007337,0.240836,-0.266118,0.30719,0.266954,-0.085992,0.33636,0.182823,-0.105107,-0.424888,0.370557,-0.019117,0.188434,0.423003,-0.307382,-0.066053,-0.162146,0.072601,-0.190109,0.008187,0.350733,-0.127434,-0.286615,0.46429,-0.1461,0.235697,-0.299988,0.406088,0.100965,-0.05446,-0.150232,0.045512,0.002225,0.328533,-0.155784,0.275971,-0.418417,-0.298638,0.03593,-0.213809,0.356733,-0.409246,-0.748316,0.155605,0.206738,0.221874,0.218155,0.216493,-0.09212,-0.121208,-0.09577,-0.183603,-0.171993,0.137489,0.04595,0.22192,0.060129,-0.239117,-0.172645,-0.345009,-0.539424,-0.356839,0.168586,-0.2096,-0.060439,0.063286,-0.075799,-0.327071,-0.168435,-0.127774,0.122569,-0.256449,0.138537,0.086284,0.32332,-0.181737,-0.22374,0.224654,-0.401017,0.038398,-0.067432,-0.349407,-0.282723,0.318438,-0.166453,-0.332616,0.583529,0.125608,0.042204,-0.197599,0.265566,0.050522,0.253736,-0.332444,0.108175,0.151055,0.138415,0.356225,-0.01209,0.129851,-0.25448,0.216502,-0.425516,0.083246,#
17,0.02881,0.304794,0.110778,-0.050181,-0.098781,-0.321782,-0.100647,-0.014469,0.095155,0.411399,-0.300209,-0.22469,0.151533,0.035605,-0.136036,-0.142604,-0.449903,1.0,0.198662,0.198095,0.214018,-0.119256,0.454357,0.199593,0.106906,-0.053657,0.167289,0.225537,-0.245462,0.01201,-0.014352,0.102292,0.192654,0.444926,-0.254296,-0.124604,0.618511,-0.137376,0.026758,-0.37337,-0.073545,0.302433,0.58931,-0.124481,-0.070231,-0.336346,0.505389,0.316423,0.019182,-0.027614,0.191926,0.2273,-0.288679,-0.170825,-0.046436,-0.170293,0.005441,-0.158089,0.009865,-0.276577,-0.202806,0.133718,-0.269349,-0.255106,-0.362729,0.053755,0.317967,0.22709,0.507297,-0.017234,0.177543,-0.004516,-0.32603,0.184132,0.25083,-0.1323,-0.104803,-0.21846,0.175145,-0.02696,0.230798,0.053487,0.049032,0.190709,-0.22083,0.314261,-0.257558,0.437572,0.212353,0.069356,0.318501,0.111761,-0.069904,0.730322,0.169707,0.056359,0.157479,0.315538,0.298491,-0.290394,-0.307005,-0.267151,-0.035887,0.384344,0.12704,0.11732,-0.339368,-0.167073,-0.172551,-0.1562,0.421353,0.229914,0.563586,0.069508,0.27195,0.170071,-0.308154,-0.081496,0.512767,-0.436367,-0.024939,-0.033755,0.08345,-0.338559,-0.247687,0.093917,0.111625,-0.204028,0.120332,-0.189924,0.244104,0.018011,0.58281,0.16151,0.117933,0.205922,-0.157617,0.391629,0.440575,-0.031739,0.135475,-0.081714,0.145495,-0.177837,0.070462,0.238517,0.118931,0.094787,-0.214042,0.259254,-0.367392,0.110928,0.119762,0.219601,-0.024233,0.167782,0.604778,0.073136,-0.380859,0.254776,0.05422,0.468764,0.335512,0.702498,0.231265,0.397133,-0.044819,-0.028477,-0.490552,0.03074,-0.45761,0.372073,0.050369,-0.227391,-0.189129,-0.084233,0.389931,-0.063724,0.051874,0.035024,-0.142524,-0.244808,-0.653624,-0.141798,-0.097697,0.218439,-0.229568,0.001926,-0.460505,0.131167,-0.147201,-0.177293,-0.235064,-0.088608,0.191872,-0.379608,-0.014656,-0.127725,0.379489,-0.252681,#
18,0.118916,0.225381,-0.115278,0.116625,-0.219684,-0.047627,-0.074316,-0.012893,0.235768,0.01581,-0.141403,-0.223236,-0.005199,0.303526,-0.186855,0.282859,-0.137017,0.198662,1.0,0.017513,0.309294,-0.111391,-0.044095,-0.000985,-0.195592,-0.193951,-0.115364,0.13717,0.127063,-0.228183,-0.130719,-0.024581,0.250615,0.01835,0.005438,-0.19188,0.185306,0.344621,-0.427208,-0.375897,0.277517,-0.143786,0.069039,0.023401,-0.192255,-0.345579,0.16976,-0.085973,0.363263,0.05354,-0.055125,0.455143,-0.195675,-0.035907,-0.138216,-0.065457,-0.032914,-0.142493,0.146144,-0.281591,0.23914,0.175454,-0.023169,0.077499,-0.224308,0.080517,0.381929,-0.008773,0.176901,0.432957,-0.232745,0.202767,-0.06163,0.171172,0.294589,-0.037474,-0.0006,0.022751,0.424736,0.046489,0.058037,0.220242,0.356779,0.118761,0.071453,0.184298,-0.101432,0.233055,0.04155,0.325153,0.561717,-0.014706,-0.098075,0.069018,0.186964,0.291685,0.096487,0.011158,-0.016582,-0.001073,-0.022976,-0.174924,0.037848,0.076097,-0.180166,0.216283,-0.389554,-0.101979,0.015595,0.004582,0.089868,-0.01144,0.256307,-0.020921,0.167373,0.138095,0.367217,0.346771,0.199619,0.187937,0.423048,0.343356,0.189777,-0.044463,-0.001208,0.305256,0.057738,0.350398,0.573006,0.235346,0.236836,0.311863,0.123001,0.04683,0.193006,0.305847,-0.390723,0.037467,0.003365,0.040888,0.034758,-0.178071,-0.26577,0.131874,0.319331,0.429068,0.375463,-0.003781,-0.166052,0.094105,0.213582,0.238896,0.198578,-0.003516,0.254231,0.117254,-0.040405,0.202047,0.224628,0.142972,-0.22432,0.020055,-0.134855,0.077311,0.255654,0.126442,0.214574,-0.104325,-0.017565,0.495165,-0.611444,0.517657,-0.049437,0.170245,-0.322361,0.206279,0.178456,-0.005852,-0.11619,0.178715,-0.152545,-0.003743,-0.158555,-0.223039,0.198075,-0.229359,-0.095995,0.221931,-0.013454,-0.36072,-0.065503,-0.366704,-0.021627,-0.032353,-0.178905,-0.213938,0.24289,0.008734,0.033218,-0.166744,#
19,-0.385781,-0.068514,-0.262123,-0.053235,-0.352364,-0.075859,0.0109,-0.049997,-0.178376,-0.042497,0.005359,-0.223267,0.31342,0.062167,0.247041,0.204923,-0.323805,0.198095,0.017513,1.0,0.263035,0.226167,0.11242,-0.04266,-0.093499,-0.005887,0.355608,0.053471,-0.142418,-0.130365,0.025448,-0.015893,0.366809,0.142451,0.380135,-0.285726,0.150144,0.182525,-0.114154,-0.223971,0.301544,0.326121,-0.168334,-0.243854,-0.07957,0.220096,0.154393,0.083512,0.267056,-0.190044,0.140188,0.074293,-0.292957,-0.237524,-0.405793,0.288603,0.009056,-0.008668,-0.02506,-0.201906,0.016365,-0.166664,-0.01609,-0.012862,0.060708,-0.063172,0.197458,0.318584,0.096821,0.13217,0.163452,-0.058194,0.015889,0.081926,0.27867,-0.161893,0.346275,0.012522,0.159666,-0.00891,0.034983,0.187799,0.183231,-0.55762,0.304571,0.396328,-0.138472,0.372097,0.056155,0.260527,0.239202,-0.145804,-0.145042,0.199023,0.174287,0.149358,0.514972,0.078716,0.101076,-0.121062,0.064974,0.046467,-0.207541,0.051108,0.209864,0.432145,-0.097641,0.233292,-0.018952,-0.143025,0.348746,-0.299981,0.181786,-0.088866,0.288137,0.18414,-0.146328,0.208619,0.042593,-0.150609,0.182608,0.0572,0.250339,-0.066985,0.069766,0.122557,0.016454,0.169694,0.000836,0.024971,0.028958,0.258615,0.159627,-0.079513,0.030824,0.270125,-0.239872,0.41753,0.097834,0.298765,0.255193,-0.309125,0.033481,0.104549,0.073288,-0.045243,0.079222,-0.044978,0.122209,0.136557,0.179714,-0.181955,0.264042,0.465842,0.304369,0.500254,0.303591,-0.30398,0.29355,0.170444,-0.177539,0.089323,-0.05648,0.38842,0.010324,0.033873,0.121974,0.244905,-0.266075,0.247135,-0.219672,-0.116589,0.296651,0.073458,0.057467,0.403528,0.453172,0.096782,0.00115,0.103779,0.069284,-0.006448,-0.336045,-0.24167,0.041974,0.07584,-0.041561,0.071487,-0.287252,0.126843,-0.077558,-0.036651,-0.221632,-0.27862,-0.146858,-0.226711,0.03591,-0.2154,0.054647,0.085227,#
20,-0.42302,-0.154077,0.042478,0.019084,-0.352608,-0.006566,-0.047708,0.202116,-0.134791,-0.062396,-0.092087,-0.278379,-0.308214,-0.183227,-0.004666,0.119017,-0.310907,0.214018,0.309294,0.263035,1.0,0.020033,-0.262049,-0.034017,0.110874,0.430712,0.201554,-0.08624,-0.372688,-0.032,0.100381,-0.14373,0.144313,0.501366,-0.069889,0.013909,0.026854,0.00966,0.061327,-0.174444,-0.138643,-0.247866,0.338384,-0.113674,0.101712,0.229458,-0.290564,-0.146813,0.096982,-0.444318,0.014955,0.14178,-0.347255,0.117935,-0.20154,0.219108,0.005517,0.147947,0.008302,-0.020155,-0.000769,-0.075951,-0.139103,-0.131308,-0.209859,-0.210705,-0.308974,0.132285,-0.009866,0.018565,-0.145558,0.294636,-0.090024,0.389207,0.493606,-0.051009,0.327387,0.249164,0.280179,0.045561,0.297202,0.321199,0.393558,-0.283338,0.188153,-0.119357,0.061195,0.359995,0.286288,0.493318,0.469635,0.253437,0.450598,0.067247,0.013321,0.378857,0.062818,0.183549,-0.104664,0.275333,-0.095276,0.320886,0.062366,0.184583,0.062624,0.309274,-0.133338,0.073001,0.32832,-0.461722,-0.035043,-0.227973,0.348964,0.330958,0.426408,0.585013,0.336567,0.314082,-0.120142,0.149724,0.281253,0.455542,0.383465,0.141006,0.026479,-0.029813,0.461919,0.148146,0.19693,0.25555,0.528661,0.013647,0.216745,-0.200661,0.447026,0.409117,-0.182294,0.525535,0.30987,0.208837,0.123957,0.060446,0.038818,0.35383,0.374851,0.230137,0.648468,-0.079554,0.069041,-0.079735,0.116097,0.348371,0.49992,0.205304,0.414445,0.071385,-0.020244,-0.116666,0.196545,-0.013951,0.110189,0.103376,0.243798,0.047486,-0.044042,0.113729,-0.111784,-0.065124,0.083991,0.412125,-0.477434,-0.071213,-0.030956,0.314082,-0.371912,0.097161,0.201282,0.060903,-0.193974,0.086465,-0.244645,-0.190219,-0.161036,0.098295,-0.070613,-0.085997,-0.267927,0.278529,0.256611,-0.138802,-0.054524,0.137158,-0.480876,-0.389626,0.205846,-0.21119,-0.158024,0.121379,0.475773,0.001964,#
