0,1.0,0.012482,-0.26094,0.09725,0.365915,0.218751,-0.090979,-0.037947,-0.442954,-0.113439,0.071813,0.129881,0.464403,0.174627,0.067706,-0.009867,-0.01032,-0.130168,-0.093629,-0.11211,0.151061,0.40888,0.092158,-0.080348,-0.013359,0.083108,-0.034738,-0.208886,0.321827,-0.210759,0.355368,-0.128194,-0.033196,-0.300265,-0.164734,-0.042281,0.048706,-0.043236,0.007054,-0.383903,-0.006159,0.062559,0.048793,0.065398,-0.31305,0.087962,0.094899,0.09281,-0.348269,-0.207789,0.031099,-0.122759,-0.086773,-0.03025,0.192626,0.264371,-0.336019,0.29546,0.356483,0.162362,0.497607,0.202051,-0.154248,-0.082934,-0.044045,0.144899,-0.137756,0.230192,0.001677,-0.358402,-0.033626,-0.007978,-0.44614,0.064974,-0.665613,0.415122,0.094327,-0.110851,-0.441691,-0.00378,-0.175096,-0.111993,0.224035,-0.001446,0.03292,-0.141263,0.266471,0.020533,-0.09801,-0.360293,-0.033809,-0.297103,0.006343,-0.065717,0.119341,0.056255,-0.10522,-0.135487,-0.189378,0.295947,0.124714,-0.1309,-0.081242,-0.133325,0.042272,-0.260665,-0.028618,-0.022574,-0.181171,-0.033359,0.033527,-0.026752,-0.17257,-0.120854,0.102144,0.210577,-0.206285,-0.266734,-0.000472,0.12464,-0.201068,0.06344,0.208281,-0.280496,0.134321,0.200872,0.074187,-0.112768,0.387079,0.376271,-0.29543,-0.118114,-0.178303,-0.038786,-0.436742,0.045403,-0.135193,-0.380174,0.354911,-0.122668,-0.205004,-0.158632,0.148259,0.140144,-0.074572,0.35037,0.011015,0.093105,-0.237664,-0.304259,0.107537,-0.168822,-0.044209,0.051486,0.269931,-0.026268,0.125172,0.078937,-0.083399,-0.519461,-0.02451,-0.402695,-0.123688,-0.211999,-0.00975,0.048816,-0.022234,-0.007862,-0.005712,-0.210745,0.064576,0.175874,-0.196257,0.190567,-0.013551,-0.174451,0.058544,-0.154494,0.093458,0.270674,0.023903,-0.361743,0.099691,0.282703,0.290879,-0.215983,0.24855,-0.064065,-0.054357,0.071141,0.282637,0.164247,0.195343,-0.181666,-0.094282,-0.011541,0.051643,-0.184079,0.030128,0.184233,#
1,0.012482,1.0,0.446908,-0.227019,0.016424,0.20719,0.224915,0.108369,0.240341,0.07471,-0.294701,-0.175135,0.301242,0.200147,0.377601,-0.223979,0.119005,0.558555,-0.086144,0.210545,-0.350399,0.15499,0.43589,-0.14369,-0.033564,-0.287472,-0.021029,-0.207231,-0.243233,-0.008724,-0.212132,0.057283,0.33017,-0.092592,-0.298705,0.5018,0.4806,-0.260139,-0.214272,-0.12833,-0.230785,0.161067,0.025803,0.053932,0.415992,-0.452468,0.080229,0.149592,0.344051,0.249278,0.025557,-0.35496,0.042269,-0.275188,-0.145122,-0.190695,-0.297485,-0.545572,-0.139482,-0.354322,0.223988,0.162737,-0.217895,-0.065302,-0.069185,0.218322,0.032695,0.26589,0.308554,0.19291,0.205149,0.110291,-0.031574,-0.606295,-0.172472,0.339173,-0.065624,-0.603199,0.055335,-0.348287,0.206142,-0.441481,-0.302443,-0.001278,-0.295137,-0.125643,-0.203919,-0.124791,-0.280407,-0.349187,-0.047876,0.042028,-0.583802,0.149373,-0.43957,-0.135346,0.297567,0.032242,0.030493,-0.060451,-0.069613,0.057866,-0.04409,-0.109391,-0.277098,-0.268029,-0.348622,-0.105947,-0.5418,-0.371587,0.541328,0.429423,-0.178885,-0.117798,0.109067,-0.129178,-0.227089,-0.621676,0.221434,-0.57203,-0.189238,-0.482161,-0.50879,-0.303418,-0.21691,-0.351681,0.080854,0.276668,-0.050692,0.206099,0.031552,-0.088385,-0.149336,-0.096223,-0.08074,-0.148625,0.092183,-0.214246,0.166415,-0.27478,-0.196732,-0.06595,-0.404371,-0.337588,-0.074106,0.321136,-0.234353,0.460564,0.096814,-0.115749,-0.42036,-0.459747,0.134138,-0.281421,-0.214597,-0.360944,0.224683,0.458407,-0.267048,-0.121513,0.360431,-0.002831,0.284033,0.245649,0.04348,0.368361,-0.020398,0.014598,-0.398312,-0.034643,-0.259676,-0.138949,-0.228113,-0.004671,0.132849,-0.012315,-0.141699,0.325987,0.417104,-0.651879,0.330989,-0.201118,-0.31727,0.09761,-0.043147,-0.155301,0.198031,-0.094206,-0.575872,0.20618,0.285612,0.129928,0.192763,0.453679,-0.139915,0.084772,0.020821,0.025262,0.415232,-0.077667,#
2,-0.26094,0.446908,1.0,0.283383,-0.403244,-0.041605,0.311823,-0.062881,0.527334,-0.112116,-0.051792,-0.265484,-0.113495,-0.016792,0.03161,-0.37174,-0.104133,0.448483,-0.070859,0.255959,0.015943,0.184382,0.176879,0.164772,0.2514,-0.083368,0.461136,0.291628,-0.103,0.036554,-0.135669,0.178917,0.000598,0.152862,0.250419,0.182009,0.500573,-0.175018,-0.153869,0.012494,0.09113,0.118995,0.135172,0.054452,0.258792,-0.379295,-0.008063,0.109659,0.400655,-0.073809,-0.266543,-0.106604,0.257471,0.039618,-0.327946,-0.086578,-0.204821,-0.415543,-0.305568,-0.016121,-0.409787,-0.307178,0.122712,0.054057,-0.098312,-0.15463,0.145993,0.058471,0.065532,0.318259,0.37795,0.135082,0.148213,-0.183105,0.220071,-0.314069,-0.059054,-0.220207,0.096268,-0.236063,0.213198,-0.070373,0.012259,-0.100201,0.101179,0.28341,-0.18498,-0.166372,0.208833,-0.065885,0.222972,0.066649,-0.171037,-0.039346,-0.102734,-0.057606,0.436708,0.390061,-0.042168,-0.118645,-0.157644,0.236224,0.126986,-0.001668,-0.117867,0.006625,-0.219566,-0.014679,-0.376052,0.079282,0.514358,0.067049,-0.039584,0.025439,0.441558,-0.176371,-0.000769,-0.261873,0.023657,-0.152817,0.05293,-0.04085,-0.332373,-0.15396,-0.024862,-0.269605,0.0233,0.290312,-0.182898,0.185771,0.583767,-0.255069,-0.048811,-0.015268,0.466988,0.259551,0.025695,0.33616,0.094044,-0.067713,-0.041134,-0.029758,-0.061419,-0.356264,-0.12601,0.068806,-0.189769,-0.007551,0.454728,0.279683,-0.100318,-0.109035,0.378667,-0.01486,-0.011597,-0.061772,-0.008789,0.022707,0.029002,0.391931,0.45016,0.222702,0.173366,0.208013,-0.086177,-0.221702,0.214381,0.103466,0.203941,0.320008,-0.222233,-0.133092,-0.216342,0.152988,-0.260304,0.325488,0.071532,0.189295,0.064959,-0.419923,0.194728,0.049637,-0.367556,-0.036763,-0.349702,0.290907,-0.085205,0.252214,-0.055332,0.153729,0.356949,-0.037178,0.048038,0.256234,-0.298511,0.455901,-0.19973,0.156857,0.322619,-0.283976,#
3,0.09725,-0.227019,0.283383,1.0,-0.253769,0.144624,-0.137189,-0.230751,-0.185765,-0.146295,0.316395,0.221544,-0.305937,-0.225901,-0.346213,0.039889,0.069267,-0.077171,-0.121102,0.270225,0.373222,0.186963,-0.20334,0.145279,0.225357,0.094958,0.087578,0.20029,0.08318,-0.374588,0.462508,0.170946,-0.015722,-0.072189,0.265178,-0.368822,-0.046846,-0.099496,-0.384955,0.021103,0.071588,0.127528,-0.089954,0.050202,-0.17394,0.369551,-0.173488,-0.033298,0.102281,-0.097589,-0.100435,0.381235,0.239555,0.27831,-0.317196,0.011531,0.10834,0.120754,-0.031965,0.229205,-0.366166,-0.275433,0.133449,-0.256287,0.251474,-0.336921,0.150523,0.20427,-0.120624,-0.320791,-0.13136,0.035187,0.146388,0.325558,-0.118888,-0.303763,-0.236328,0.107786,-0.079504,0.120945,0.360613,0.465953,0.408991,-0.085273,0.289482,0.108545,0.356399,-0.005993,0.043118,-0.230915,0.2205,-0.096761,0.421306,-0.390984,0.267324,0.006785,0.005081,0.037256,-0.264335,0.216896,0.034198,0.398081,0.269162,0.179116,0.231953,0.169646,0.118004,-0.006326,0.160496,0.275924,-0.206943,-0.13795,-0.031634,0.20031,0.284519,0.06397,0.069587,0.069447,-0.168647,0.394876,0.050407,0.203192,0.391644,-0.093722,0.021971,0.164776,-0.006095,-0.122181,-0.107422,0.370584,0.212089,-0.067757,0.168441,0.194517,0.44614,0.263983,0.024423,0.159308,0.171065,0.276709,-0.003173,0.09775,0.184218,0.262246,0.247854,0.033295,0.081549,-0.454208,0.301219,0.308363,0.109878,0.185957,0.055737,0.526925,0.17459,0.309423,-0.343208,-0.12547,-0.1736,0.397262,-0.080533,0.016907,-0.041726,-0.044008,-0.369489,-0.546697,0.240645,0.018718,0.428697,0.129025,-0.280259,0.04906,0.158718,0.139276,-0.625724,0.322767,0.076514,0.007448,-0.626549,0.338307,-0.330381,-0.110324,0.04003,-0.028069,-0.179626,0.387765,-0.19487,0.241257,0.64866,-0.375401,0.053028,-0.189972,0.03911,-0.43113,-0.132179,0.105231,-0.382174,0.124187,-0.014482,-0.207187,#
4,0.365915,0.016424,-0.403244,-0.253769,1.0,0.015242,-0.231603,0.291298,-0.435913,-0.109389,0.050012,-0.20045,0.314916,0.187035,0.206841,0.164889,-0.044633,-0.116554,0.217849,0.053378,-0.003965,-0.067303,0.087581,-0.090275,0.154699,0.072908,-0.555414,-0.271622,-0.046746,-0.015743,0.141784,-0.199278,-0.198331,-0.084424,-0.430723,-0.032308,-0.185745,-0.056948,0.005408,-0.12833,0.00081,-0.294803,-0.139752,0.074087,-0.008093,0.010687,-0.062651,0.207966,-0.16828,-0.217056,0.350015,-0.156182,0.089415,-0.306343,0.392276,0.240067,-0.288273,0.307878,0.140145,-0.101747,0.282846,0.177319,-0.230782,0.158113,-0.014395,0.370096,-0.12938,-0.081446,0.159064,0.043857,-0.065599,0.08235,-0.038498,0.05463,-0.329021,0.386734,0.133924,-0.104152,-0.102826,-0.022124,-0.180364,-0.263103,-0.093991,0.338955,-0.108967,-0.280822,0.129809,-0.134768,-0.087646,-0.186023,-0.036734,-0.279142,-0.009367,-0.207524,-0.05206,-0.065784,0.109588,-0.277098,0.216963,0.420292,0.104025,-0.295606,-0.053949,-0.266909,-0.27122,0.030888,0.125101,-0.053438,-0.025388,-0.510483,0.058962,-0.01223,0.018062,0.067429,-0.251051,0.057718,-0.182588,0.036453,0.18798,-0.045663,-0.179941,-0.091547,0.18242,0.063633,-0.20397,-0.125953,0.34429,1.4e-05,-0.095475,0.223092,-0.154181,0.071106,-0.149336,-0.067159,-0.437826,0.077058,0.092183,-0.394164,0.002802,-0.110769,-0.177684,-0.077015,-0.007121,0.023125,0.124207,0.208184,-0.189497,-0.075177,-0.210579,-0.482335,-0.393136,-0.184426,-0.501297,-0.110827,-0.360731,-0.197816,0.187552,0.055174,-0.068402,-0.343859,-0.133815,-0.205194,0.048018,-0.031309,0.239602,0.049914,-0.190098,0.019613,-0.379814,-0.189163,-0.070189,-0.030916,0.141544,0.024206,0.149411,-0.181333,0.083983,-0.000839,0.100378,0.081206,0.193708,-0.19563,0.074406,0.119812,0.114948,-0.237346,0.208447,-0.493661,-0.242662,0.099879,-0.288521,-0.196945,0.351311,-0.182104,0.223138,-0.190495,0.372338,0.036275,-0.093474,0.0328,#
5,0.218751,0.20719,-0.041605,0.144624,0.015242,1.0,0.126838,-0.01791,-0.42151,-0.13842,0.297517,-0.013505,-0.099627,-0.160855,0.024005,0.073132,0.357805,-0.164788,-0.254554,0.022854,-0.208394,0.366489,0.262843,0.044287,-0.369767,-0.498176,-0.031881,-0.419801,-0.123571,-0.55397,-0.019417,0.143912,0.194768,0.058318,-0.21674,0.001852,0.059714,0.027056,-0.028111,0.197368,-0.001415,0.426559,-0.10896,0.274423,0.195779,0.11386,-0.148324,0.307158,0.194677,-0.254404,0.077317,0.050337,0.137847,-0.313341,0.040115,-0.101641,0.166943,-0.028463,0.06609,-0.211307,0.255832,0.128919,-0.336949,-0.06945,0.10437,0.076049,-0.237768,0.136505,0.382889,0.074708,-0.311605,0.479684,0.212638,-0.076577,-0.377695,0.074345,-0.438989,-0.179469,-0.33975,0.089532,0.403926,-0.172386,0.014811,-0.268619,0.019511,0.009576,0.064564,-0.170647,-0.352577,-0.519192,-0.134523,-0.072253,-0.125961,-0.199392,-0.154933,-0.227851,-0.302606,-0.069431,0.110232,0.324867,-0.066416,-0.171544,0.169667,-0.253921,0.131132,-0.267458,0.077557,-0.090354,-0.439802,-0.325031,0.105624,0.000796,-0.113606,0.029272,-0.154933,-0.354093,-0.561401,-0.082546,0.005614,-0.233073,-0.208739,-0.262226,0.192336,-0.559088,-0.350472,0.132989,-0.111101,0.105548,0.108414,0.416486,-0.097975,-0.056372,0.122183,-0.116688,-0.177381,0.11591,-0.098056,-0.261284,0.282357,-0.368289,-0.423185,-0.161679,-0.413356,0.341546,0.265337,0.181402,-0.144749,0.132142,-0.039718,0.123803,0.074443,0.073366,-0.1903,0.109866,0.061972,-0.294075,-0.330686,-0.092166,-0.287258,0.034409,0.362797,-0.10946,-0.222451,0.533284,-0.229618,0.228571,0.115584,-0.121067,0.099526,-0.222309,0.166589,-0.381297,-0.267788,0.117906,0.085103,-0.149248,-0.0788,0.047814,-0.058701,0.059269,-0.239156,-0.134619,0.0352,0.237616,0.073012,0.044841,-0.010438,-0.064392,-0.100451,-0.192372,0.167684,-0.021738,0.113767,-0.087089,0.107474,0.056124,0.018828,-0.098984,-0.122356,-0.261286,#
6,-0.090979,0.224915,0.311823,-0.137189,-0.231603,0.126838,1.0,0.24565,0.279438,0.22292,0.14222,-0.081147,0.166272,-0.352104,0.115074,-0.063818,0.01468,-0.102258,-0.052588,-0.171773,-0.462956,0.215171,-0.032185,0.038748,-0.138358,-0.041002,0.358501,-0.129033,0.329762,-0.11004,-0.477997,-0.105621,-0.044646,0.060925,0.286098,0.379595,-0.180801,0.100554,0.18422,-0.164572,-0.243885,0.10607,-0.108413,-0.471436,-0.025057,-0.177275,-0.143224,0.015164,0.214889,0.049998,-0.301366,-0.09104,-0.156574,-0.065113,-0.049161,-0.202697,0.1593,-0.35585,-0.331443,0.18004,0.259363,-0.234759,0.035809,0.165693,0.204081,-0.016922,0.253228,-0.052539,0.594782,0.191628,0.301857,-0.111066,-0.046475,-0.463514,0.124422,0.155508,0.00616,-0.137791,0.040061,-0.03292,-0.246437,-0.178239,-0.319826,-0.463818,0.150062,0.362556,-0.091659,-0.030244,-0.20436,-0.215238,-0.093754,0.142,-0.028207,-0.006779,0.008399,-0.029492,0.36003,0.182078,0.005009,-0.40769,-0.062834,-0.004444,0.062169,-0.00428,-0.325593,-0.128019,-0.353639,-0.060393,-0.572065,-0.008819,0.011977,-0.079414,-0.063671,-0.313107,-0.224918,-0.258674,0.097135,0.024763,-0.289755,0.011578,0.126173,-0.057036,-0.042285,-0.223132,-0.049128,-0.242307,0.096787,0.610952,-0.106812,-0.01069,0.102944,-0.488655,-0.429913,0.338825,0.405654,0.228185,-0.177646,-0.068689,-0.240434,-0.218162,0.310741,0.06279,-0.123071,0.027497,0.042103,0.029919,-0.268,0.484289,0.044808,-0.001252,0.060309,0.006961,0.341164,-0.302991,-0.280531,-0.233517,-0.041563,-0.001884,-0.177199,0.059339,0.174519,0.173216,0.139365,0.217411,-0.1309,0.092046,0.166624,0.263132,-0.078288,0.493097,0.56546,-0.118754,-0.247378,0.137042,0.293749,-0.083895,0.228185,0.039272,-0.029316,-0.190097,0.451984,0.118157,0.203443,0.137045,-0.010619,-0.092415,-0.085723,0.347878,-0.160233,0.326407,0.019704,0.193594,-0.109091,0.358268,0.054859,0.33025,-0.118653,-0.093649,-0.090458,-0.143534,#
7,-0.037947,0.108369,-0.062881,-0.230751,0.291298,-0.01791,0.24565,1.0,-0.16523,0.065835,-0.012195,-0.253031,0.314176,0.120969,0.025731,0.216193,-0.269138,-0.063194,0.046507,0.271768,-0.092519,0.039396,-0.164957,0.363793,0.003944,0.069356,-0.21497,-0.431133,0.088864,0.031454,-0.160908,-0.245527,0.338813,0.376399,-0.271286,0.167904,-0.0115,0.230983,0.326646,0.019048,-0.109178,0.167297,-0.196405,0.045872,-0.435658,-0.327022,0.119401,-0.090671,0.219838,-0.317442,-0.282036,0.102139,0.091338,-0.08557,0.01598,-0.083511,0.080536,-0.19341,-0.255665,0.001645,0.160022,0.125597,-0.239654,0.078762,-0.053918,0.091902,0.363475,-0.097389,0.191198,0.10901,0.362196,-0.261867,-0.327848,-0.157109,0.251763,0.028667,0.137508,0.128362,0.317433,0.125926,0.010744,-0.034307,0.03578,0.143137,-0.036602,0.119286,0.197699,0.398528,-0.120536,0.106323,-0.179712,0.258828,0.046932,0.159636,-0.261076,0.332097,0.270841,0.423228,0.401192,-0.121495,0.047347,0.049649,0.151533,-0.157194,0.250837,0.342929,-0.042729,-0.087856,-0.189097,-0.424125,0.142433,0.106512,0.17412,0.049283,0.091029,0.051876,0.219899,0.089396,-0.12627,-0.111624,-0.07473,-0.304047,0.029187,0.058809,0.127554,-0.005001,0.016082,0.099143,-0.138192,0.042708,0.063449,0.118946,0.002209,0.016896,-0.082963,0.092142,0.254599,0.127968,-0.208686,-0.038805,0.514461,0.211509,-0.004342,0.257932,0.123442,-0.139249,0.042769,0.116672,0.141568,-0.29195,-0.072019,0.182273,-0.09898,0.006539,-0.329278,-0.069695,0.372533,-0.266035,0.082302,0.151603,0.044942,0.425173,-0.255738,0.157631,-0.030926,-0.190893,0.4257,-0.376418,-0.164939,0.344387,0.102428,-0.204858,-0.025747,0.175022,0.285927,-0.035269,0.458799,-0.330206,-0.084056,-0.009537,0.237239,0.111669,0.034709,0.005186,0.018451,0.156031,0.162929,-0.156042,-0.014954,0.241903,0.093662,-0.196328,-0.096697,-0.052031,-0.289281,-0.217789,0.037299,0.002427,0.08586,-0.171394,#
8,-0.442954,0.240341,0.527334,-0.185765,-0.435913,-0.42151,0.279438,-0.16523,1.0,0.175205,-0.293339,0.112403,0.022628,0.057334,0.014459,-0.497294,-0.038459,0.390699,0.029607,-0.269447,-0.244469,-0.017454,0.132344,0.128567,0.249797,0.157102,0.334491,0.314788,0.014321,0.240704,-0.155657,0.128707,0.085838,-0.034508,0.317908,0.446769,0.265367,-0.179704,-0.144333,-0.087727,0.030291,-0.281577,0.299906,-0.167403,0.239517,-0.348732,-0.341523,-0.125823,0.136067,0.398487,-0.085729,-0.2978,-0.045014,-0.006675,-0.437076,0.129492,-0.019125,-0.349008,0.077047,0.082474,-0.24512,-0.165672,0.18667,-0.146611,0.091013,0.031451,0.33746,-0.247659,-0.120459,0.33104,0.260028,0.04763,0.049594,-0.328405,0.430603,-0.170112,-0.016736,-0.11733,0.220083,-0.228822,-0.075387,0.043572,-0.346204,-0.294022,0.192301,0.221816,-0.327472,0.090172,0.145848,0.25617,0.048363,0.390512,-0.321883,0.170563,0.002381,-0.172331,0.26371,0.220785,-0.047168,-0.374962,0.062707,0.343942,0.004405,0.190406,-0.266263,-0.127199,-0.054616,-0.040355,0.061758,0.252169,0.26741,0.06051,0.110846,-0.34856,0.030101,-0.008791,0.243149,-0.094277,0.09533,-0.081752,0.125867,-0.013316,-0.252512,0.155099,0.001733,-0.259001,0.167909,0.076697,0.02917,-0.334266,0.241715,-0.016643,-0.054893,0.130786,0.389607,-0.01837,-0.091088,0.081708,-0.21849,0.052272,0.098852,0.047962,0.059445,-0.342389,-0.319887,-0.079748,-0.158545,0.245854,0.173838,0.168671,0.020809,-0.034594,0.286497,-0.297087,-0.038672,0.073148,0.140869,0.170568,0.062401,0.168343,0.086703,0.273811,0.191002,-0.20582,0.391053,0.063117,-0.113225,0.129445,0.045115,0.265395,-0.097566,0.344735,-0.086488,0.126349,0.109114,0.118614,-0.025378,0.223675,0.301539,-0.481853,0.21542,0.110395,-0.333605,-0.01653,-0.181919,-0.17982,0.001978,0.244047,-0.134605,0.34438,-0.034004,0.090908,-0.092386,0.580872,-0.1619,0.399971,0.077184,0.121205,0.212265,0.041934,#
9,-0.113439,0.07471,-0.112116,-0.146295,-0.109389,-0.13842,0.22292,0.065835,0.175205,1.0,-0.497565,0.449217,0.27582,0.246168,0.307552,0.186855,-0.207172,0.23848,-0.010531,0.074278,-0.397617,0.155736,0.143488,0.01628,-0.028924,-0.098781,0.241786,0.095392,0.098097,0.360883,-0.209068,-0.12453,0.036836,-0.151515,-0.176041,0.390447,-0.277746,-0.065773,0.159867,-0.010339,-0.112521,-0.037836,-0.175879,-0.492386,-0.167626,-0.293313,0.194229,0.301357,-0.043695,0.348365,-0.227798,-0.02896,-0.127608,-0.112781,0.014318,-0.15169,0.224844,-0.294382,0.054169,-0.227687,0.139318,-0.132586,-0.193567,-0.085486,0.373055,0.0688,-0.019476,0.264753,-0.010199,-0.09725,0.044983,-0.294297,-0.133965,-0.155563,0.291662,0.260491,0.215486,-0.284756,0.242993,0.097403,-0.191029,-0.266273,-0.378,-0.1383,0.065562,0.064414,-0.3169,0.158807,-0.044796,0.075663,-0.029683,0.117771,-0.025956,0.418439,0.1015,0.177333,-0.013804,0.285877,0.257808,-0.214082,-0.221045,0.138218,-0.132552,0.179018,-0.052885,0.03545,-0.424106,-0.148229,-0.160739,-0.289061,0.093975,0.133093,0.253115,-0.213526,-0.430256,-0.376432,-0.037663,0.124307,0.372536,-0.236895,0.285314,-0.17758,-0.178966,-0.21345,-0.380898,0.05892,-0.041781,0.084243,0.206369,-0.400482,-0.052382,0.297259,-0.32968,-0.016756,0.105672,-0.296921,-0.27668,-0.150198,0.151282,-0.100358,0.236731,-0.247716,-0.323131,-0.335844,-0.059143,0.429904,-0.045495,0.16774,-0.289268,-0.276127,-0.073683,-0.409513,0.123026,-0.300931,-0.002512,0.096555,0.21123,0.542625,-0.209686,-0.142716,0.147722,-0.210062,-0.148585,0.278211,0.351527,0.244396,-0.205862,-0.1079,-0.420926,0.195963,0.029152,0.240568,-0.152824,0.041591,0.246176,-0.361492,-0.296921,-0.014717,0.268568,-0.342843,0.125693,-0.272093,-0.231407,-0.331786,0.165148,-0.192944,0.169415,0.186289,-0.312616,-0.009542,0.264087,-0.14655,-0.06462,0.585004,-0.072956,-0.133481,-0.196541,0.037406,0.322345,0.337355,#
10,0.071813,-0.294701,-0.051792,0.316395,0.050012,0.297517,0.14222,-0.012195,-0.293339,-0.497565,1.0,-0.209103,-0.133685,-0.576238,0.001933,-0.147751,0.109214,-0.45582,0.081286,-0.140528,0.118376,0.096807,-0.339394,-0.016692,-0.145092,-0.201197,-0.375143,-0.098227,0.021164,-0.497551,0.2359,-0.114998,-0.442524,-0.056563,0.411678,-0.43177,-0.162166,0.054961,0.026342,0.15149,0.056347,0.056464,-0.063161,0.108617,-0.023637,0.49714,-0.347715,0.024194,0.253129,-0.519295,0.046783,0.400153,0.179452,0.164705,0.079073,-0.099592,-0.034673,0.348513,-0.169145,0.072661,-0.059399,-0.164483,0.007968,0.014977,0.14223,-0.282324,0.004819,-0.298837,0.438234,-0.064374,0.115218,0.132939,0.280076,-0.146728,-0.203509,-0.140334,-0.169381,0.356457,-0.124688,-0.238112,0.219621,0.193076,-0.002361,-0.23215,-0.106633,0.208966,0.458328,-0.075667,-0.154801,-0.074465,-0.139019,-0.257022,0.25564,-0.358418,-0.174174,-0.13346,-0.186767,-0.272651,-0.091165,0.095876,0.02339,-0.184189,0.327197,-0.131745,0.046426,-0.000786,0.097742,-0.000501,-0.100994,0.255615,-0.245902,0.060525,-0.272933,-0.003364,-0.021676,0.017632,0.081653,0.208818,-0.28384,0.294792,-0.037338,0.058061,0.242863,0.012568,0.296947,0.110529,-0.059964,0.356074,-0.135664,0.350971,0.203337,-0.210541,0.097659,0.14138,0.167677,0.357282,-0.100546,0.219125,-0.15346,0.186944,-0.108209,0.445606,0.094084,0.322027,0.337115,0.033083,-0.310079,-0.064626,0.145283,0.326126,0.003388,0.259573,-0.044217,0.004295,-0.048297,-0.265342,-0.644216,-0.585666,-0.189159,0.129021,-0.164292,0.065246,0.132026,0.03868,-0.271917,-0.279908,0.065825,0.179072,0.259181,0.089107,0.207957,-0.164732,0.22371,0.108326,-0.059322,0.094141,0.182031,-0.011802,-0.561961,0.621164,-0.028033,0.253578,0.515404,0.456622,-0.022332,-0.060482,-0.302159,-0.206436,0.596154,-0.017112,-0.386861,0.077357,0.232274,-0.543489,0.314273,0.107881,0.093882,-0.075564,-0.418496,-0.314629,#
11,0.129881,-0.175135,-0.265484,0.221544,-0.20045,-0.013505,-0.081147,-0.253031,0.112403,0.449217,-0.209103,1.0,0.074256,0.095404,-0.218077,0.0319,0.200291,-0.010398,-0.169498,-0.3391,0.014154,-0.075601,-0.1408,-0.10236,0.020428,-0.062359,0.08,0.204119,0.074346,0.024029,0.097355,-0.176421,0.035975,-0.477507,0.016014,0.213352,-0.188975,-0.241015,0.05091,-0.117071,0.218545,-0.036439,-0.013522,-0.235652,-0.24817,0.146931,-0.334913,0.199425,-0.31219,0.426284,-0.040813,0.058746,0.094844,0.09414,-0.133193,0.048208,0.248135,-0.11862,0.103915,0.36007,0.04332,0.305277,0.192445,-0.578549,0.331047,-0.00372,-0.136326,-0.001781,-0.203995,-0.177353,-0.242215,-0.221962,0.007379,0.265125,-0.119537,0.121473,-0.279608,-0.051638,-0.195944,0.211504,-0.031432,0.279317,-0.044739,-0.333696,0.13077,-0.184793,-0.093884,0.147748,-0.060644,0.036641,0.028162,0.132675,0.01924,0.083568,0.240481,0.113741,-0.104389,0.141851,-0.02142,0.038726,0.30413,0.27738,-0.294892,0.129318,-0.021959,0.133669,0.033657,0.214298,0.348719,0.025033,-0.151919,0.024564,0.181367,-0.240681,-0.083137,-0.03386,0.020385,0.142383,0.325612,0.024802,0.205566,-0.185041,0.331655,0.11027,-0.068131,0.001336,-0.127912,-0.321614,0.278199,-0.066043,-0.196276,0.299051,-0.209681,0.201119,0.06359,-0.260315,-0.100905,-0.137716,0.310303,0.126215,0.065345,-0.187233,-0.132467,0.034854,0.070228,0.331689,0.051854,-0.136831,-0.267082,-0.070696,0.085203,0.115589,0.057664,0.12815,0.05716,0.225296,-0.092475,0.46869,-0.100014,-0.061014,-0.15833,-0.33594,0.12942,0.014531,0.198745,0.142953,-0.14351,-0.016922,0.016837,0.026131,-0.087625,0.401993,0.192433,-0.004265,-0.120788,-0.037529,-0.25336,0.085491,0.015332,0.190382,-0.251619,0.041038,-0.067373,-0.263333,0.206624,0.078209,0.161471,0.493246,0.021913,-0.050635,0.03215,0.045417,-0.031975,0.19995,-0.237062,-0.157239,0.139353,-0.226413,0.128492,0.26654,#
12,0.464403,0.301242,-0.113495,-0.305937,0.314916,-0.099627,0.166272,0.314176,0.022628,0.27582,-0.133685,0.074256,1.0,0.282963,0.107406,-0.254267,-0.079271,0.135954,0.075567,-0.033807,-0.280325,0.232495,0.161734,-0.138033,-0.267145,-0.200541,-0.077445,-0.19348,0.035097,0.13998,0.196976,-0.128656,0.055868,-0.082917,-0.332757,0.437547,0.054164,0.006943,0.072525,-0.30853,0.031728,-0.008933,0.086702,-0.084094,-0.258592,-0.350567,0.038563,0.216561,0.062334,-0.010868,-0.309846,0.078406,-0.008241,0.012393,0.087966,0.166583,-0.21749,-0.057669,0.336888,0.089187,0.530077,0.173665,-0.198796,-0.092817,-0.067419,0.320978,0.064664,0.018554,0.361082,-0.054359,0.420387,-0.165423,-0.687151,-0.335844,-0.080157,0.621098,0.266126,-0.052865,0.141858,-0.357714,-0.043276,-0.226227,-0.275526,-0.057984,-0.222008,-0.055685,0.191308,0.346787,-0.265276,-0.216089,-0.073094,-0.1114,-0.243931,0.292896,-0.183753,0.192444,0.166544,0.048197,0.294364,-0.287611,-0.036332,0.095303,0.282353,0.018869,0.044133,-0.130798,-0.194338,-0.238051,-0.33384,-0.237686,0.263375,0.278085,-0.119073,-0.091397,0.020318,-0.088887,-0.061151,-0.28505,0.155936,-0.30078,0.081318,-0.318786,-0.201937,-0.271244,0.094468,0.074626,0.214437,0.374918,0.351512,0.097573,-0.315155,0.193882,-0.122913,-0.001813,-0.164339,-0.015501,-0.312054,-0.352413,0.081154,-0.052893,0.064896,0.052443,-0.14455,-0.10132,0.242896,0.456276,-0.462099,0.31402,-0.075004,-0.612004,0.015234,-0.23357,0.073979,-0.32595,-0.034349,-0.055609,0.367821,0.264567,-0.064626,-0.554136,0.095033,-0.040991,-0.107702,0.069848,0.491255,0.327284,-0.047773,-0.204234,-0.468006,0.234672,-0.071915,0.268873,-0.141976,0.289359,0.355576,-0.34197,-0.007841,-0.015643,0.386274,-0.158002,0.063279,-0.026617,-0.070631,0.181996,0.189092,-0.264927,0.548243,-0.279806,-0.300247,0.332183,0.163889,0.069717,0.244448,0.341942,-0.154034,-0.190927,0.167214,0.084991,0.122998,0.178674,#
13,0.174627,0.200147,-0.016792,-0.225901,0.187035,-0.160855,-0.352104,0.120969,0.057334,0.246168,-0.576238,0.095404,0.282963,1.0,0.258351,0.000294,-0.210869,0.52326,0.225006,0.032331,-0.080286,0.191952,0.464079,0.294351,-0.00398,0.078096,0.172727,0.161829,-0.087451,0.558232,0.122164,0.048293,0.287794,-0.096338,-0.198724,0.354716,0.33945,-0.461473,0.260106,-0.120428,-0.083,0.163058,0.227664,0.117442,-0.27323,-0.423217,0.348395,-0.016611,-0.10587,0.003049,-0.151462,-0.11957,0.008614,0.072917,-0.094023,0.09598,-0.320162,-0.022667,0.1611,-0.125471,0.055232,0.089305,-0.239971,0.1855,-0.185315,0.204054,0.047522,0.271613,-0.214943,0.042778,-0.171211,0.167497,-0.443178,0.004443,-0.176421,0.146001,0.075609,-0.494885,-0.088023,-0.047294,0.018115,-0.308491,-0.157081,0.232568,-0.103784,-0.098903,-0.227219,0.169991,-0.16678,-0.080258,0.174965,-0.149449,-0.395797,0.277991,-0.08511,0.007848,-0.087173,0.0135,0.015502,-0.080276,0.130448,-0.104972,-0.030575,-0.155594,0.01275,0.024304,0.102431,-0.091496,-0.080881,-0.188778,0.450892,0.225401,0.195872,0.016728,0.103201,0.004248,-0.22318,-0.314345,0.375617,-0.377072,-0.227743,-0.274346,-0.161502,-0.173862,-0.188973,0.012896,0.093078,-0.148261,0.211337,-0.153743,0.075986,0.209015,-0.183146,-0.371202,-0.573937,-0.300213,0.044795,-0.010157,0.169932,-0.140251,0.010499,-0.280628,-0.204723,-0.400505,-0.420822,0.133259,-0.058111,0.147113,-0.416425,-0.463916,-0.269301,-0.293435,-0.052939,-0.135804,-0.03207,0.166129,0.488069,0.374052,0.115142,-0.090594,0.323062,-0.0051,-0.08597,-0.001305,0.224207,0.198638,-0.052831,-0.221696,-0.204689,-0.012618,-0.260704,0.11555,-0.419641,-0.194625,-0.0536,-0.390551,-0.172976,-0.064621,0.452602,-0.381762,0.109324,-0.398589,-0.276611,-0.17037,0.160163,0.053548,0.226537,-0.279507,-0.310461,0.113334,0.316644,-0.006844,-0.088386,0.314382,-0.26938,-0.340751,0.181987,-0.188503,0.340579,0.190818,#
14,0.067706,0.377601,0.03161,-0.346213,0.206841,0.024005,0.115074,0.025731,0.014459,0.307552,0.001933,-0.218077,0.107406,0.258351,1.0,-0.045707,-0.055176,0.238292,0.499494,-0.115453,-0.378706,0.148796,0.304486,0.071952,0.152761,-0.091295,-0.100556,0.117786,-0.099892,0.178677,-0.200933,-0.12515,-0.160951,-0.151555,0.069453,0.195553,0.171663,-0.373987,0.159909,-0.010341,-0.327095,0.079545,0.064591,-0.069767,0.18853,-0.11779,0.343849,0.243918,0.133929,-0.128554,0.097549,-0.280053,-0.101254,-0.211203,0.285645,-0.307055,-0.396882,-0.109837,-0.218461,-0.501489,0.131769,-0.179479,-0.31413,0.352381,0.012299,-0.03887,-0.206633,0.264365,0.176679,-0.104673,0.109599,-0.007802,0.110501,-0.663699,-0.211004,0.281644,0.215148,-0.453009,-0.100033,-0.443251,-0.041054,-0.778889,-0.56162,0.085485,-0.464998,0.044311,-0.347178,-0.035913,-0.215096,-0.101289,-0.249424,-0.24342,-0.22537,0.218538,-0.47403,-0.335437,-0.278471,-0.245489,-0.169484,0.073698,-0.047417,-0.402408,-0.140095,-0.329685,-0.239363,-0.179096,-0.451132,-0.084164,-0.51367,-0.269398,0.237505,0.363269,-0.198552,-0.37564,-0.295192,-0.23301,-0.246371,-0.266439,0.157768,-0.260489,-0.215823,-0.201098,-0.424132,-0.245047,-0.051121,-0.360212,-0.041792,0.315206,-0.100278,-0.222681,0.257154,-0.097743,-0.551523,-0.080058,-0.298863,-0.297,-0.043616,0.012379,0.217134,-0.275491,-0.327795,0.083546,-0.354814,-0.457046,-0.472095,0.353578,-0.255871,0.51283,-0.499775,-0.276199,-0.656594,-0.745604,-0.041367,-0.663427,-0.181082,-0.610503,-0.129678,0.333736,-0.457984,-0.191388,0.210251,-0.229211,0.249752,0.163273,0.089484,0.223154,-0.420798,0.231811,-0.421037,-0.163903,0.121201,0.020242,-0.355367,-0.21111,0.405793,-0.383716,-0.297,0.31218,0.259329,-0.377773,0.457052,-0.441992,0.10524,0.31642,0.320915,-0.520217,-0.160792,-0.278471,-0.324274,0.153716,0.175231,0.356976,0.434885,0.241447,0.257557,0.189549,0.145974,-0.166086,0.015408,0.18971,#
15,-0.009867,-0.223979,-0.37174,0.039889,0.164889,0.073132,-0.063818,0.216193,-0.497294,0.186855,-0.147751,0.0319,-0.254267,0.000294,-0.045707,1.0,0.015069,-0.240106,-0.127359,0.128051,0.024508,-0.3344,0.121451,-0.045669,0.106231,0.275013,-0.177618,-0.303729,0.120309,0.134232,-0.246265,-0.341482,0.016868,0.161094,-0.238072,0.026607,-0.323925,0.097784,0.237826,0.37646,-0.245072,-0.015905,-0.765476,0.004904,-0.00026,0.31157,0.325177,0.040101,-0.445811,-0.011769,0.253163,0.193779,-0.149634,0.026022,0.210551,-0.337506,0.236677,0.233313,-0.302423,-0.105949,0.000946,-0.134454,0.007936,0.043554,-0.01662,0.051347,-0.277819,0.193091,-0.235852,-0.255776,-0.181609,-0.218392,0.037429,0.282296,0.032834,-0.066211,-0.13675,-0.197442,-0.18602,0.326039,-0.219013,-0.008107,0.17887,0.347129,0.185626,-0.399743,-0.24376,0.007923,-0.02207,-0.066918,0.117898,0.094005,0.134299,0.0643,-0.032371,0.298022,-0.182552,-0.093175,-0.07968,0.032354,0.023429,-0.208932,-0.345044,-0.112928,0.10301,0.058232,-0.260832,0.379896,0.036218,-0.072575,-0.308208,0.016932,0.333967,-0.016842,-0.072524,0.182581,0.138538,0.080136,0.027568,0.053115,-0.160271,0.092934,0.196396,-0.008748,0.012096,0.142308,-0.207125,-0.185547,-0.263283,-0.225982,-0.325358,0.095259,-0.088756,-0.053378,-0.285518,-0.144308,0.058106,-0.002702,-0.013189,-0.19755,0.230473,-0.048423,0.039225,0.277173,0.156348,-0.244122,0.373072,-0.002287,-0.176576,-0.140918,-0.03795,0.121136,-0.356143,0.083865,-0.031734,0.152365,-0.030452,0.070472,-0.152849,0.158637,0.074548,-0.105443,-0.06959,-0.095281,-0.463695,-0.170807,-0.101313,-0.24789,0.12107,-0.1898,0.040917,-0.255309,0.014622,-0.330584,-0.237929,-0.125481,-0.144308,-0.120068,-0.150051,0.224222,-0.032138,-0.250583,-0.006452,-0.044883,0.342783,0.141752,0.145927,0.058749,-0.001075,-0.191391,0.205177,0.029897,-0.091911,-0.038494,-0.168038,-0.288963,0.017468,-0.312179,0.047422,-0.145408,#
16,-0.01032,0.119005,-0.104133,0.069267,-0.044633,0.357805,0.01468,-0.269138,-0.038459,-0.207172,0.109214,0.200291,-0.079271,-0.210869,-0.055176,0.015069,1.0,-0.188832,0.161674,-0.183549,0.042413,-0.300921,0.072439,-0.314787,0.005203,-0.216258,-0.060997,-0.099389,-0.08064,-0.167063,0.111367,0.237057,0.215383,0.159831,0.085957,0.203337,0.222141,-0.058734,-0.416634,0.11953,0.225625,0.059222,-0.010434,0.347672,0.442405,0.146489,-0.190387,0.155438,-0.124135,0.200492,0.105538,0.005369,0.269691,-0.254048,-0.11927,-0.073523,-0.006591,0.061294,0.124451,0.134725,0.045775,0.273976,0.259969,-0.323611,-0.039654,0.013643,-0.301736,-0.015394,0.093514,-0.05996,-0.15303,0.244495,0.241796,-0.04926,-0.113181,0.133999,-0.421566,-0.032487,-0.183616,0.043851,0.145631,0.122343,-0.0395,-0.106977,-0.183369,-0.333495,-0.103558,0.011826,-0.055839,-0.474487,-0.184734,0.141153,0.031707,-0.103262,-0.09435,-0.194074,-0.321784,-0.343992,-0.389486,0.043171,0.075546,-0.047102,-0.079025,-0.204836,0.168352,-0.050239,0.204456,0.113278,0.007669,0.041919,-0.059965,0.006544,-0.207269,-0.04713,0.081004,-0.064931,-0.355887,-0.044419,-0.219841,0.056042,-0.117844,-0.023752,0.144597,-0.086695,0.173896,-0.183085,-0.353898,-0.062073,-0.09231,-0.047908,-0.192783,0.105053,-0.005123,0.402928,-0.113365,-0.233126,0.122235,-0.335133,0.30542,-0.0483,-0.479184,0.359552,0.031596,0.311623,0.229271,0.089852,-0.144056,0.137698,-0.115735,-0.085708,-0.083209,0.183498,0.060151,0.125611,-0.260018,-0.276297,-0.286482,0.150592,-0.300391,0.105308,-0.029781,-0.149179,0.29318,0.019944,-0.013977,0.28428,0.046416,0.126772,0.220182,-0.288854,-0.115566,0.165478,-0.01103,-0.197545,0.060845,-0.214722,-0.226456,0.421982,-0.136485,0.005833,-0.40819,0.032526,0.169892,0.38909,0.070549,-0.02834,0.321627,0.289667,0.030363,-0.219511,0.033126,0.398032,0.3061,0.049141,-0.069931,0.364707,0.326908,-0.004406,-0.34363,-0.370657,#
17,-0.130168,0.558555,0.448483,-0.077171,-0.116554,-0.164788,-0.102258,-0.063194,0.390699,0.23848,-0.45582,-0.010398,0.135954,0.52326,0.238292,-0.240106,-0.188832,1.0,-0.060135,0.338787,-0.066337,0.17242,0.288129,0.229109,-0.008307,0.028038,0.091993,0.269447,-0.07714,0.364222,0.143694,0.176655,0.161551,0.0296,-0.119951,0.340894,0.317115,-0.292943,-0.058311,0.067329,-0.010397,0.150986,0.043422,-0.001872,0.080415,-0.468459,0.171812,0.19482,0.389196,0.068179,0.023967,-0.383204,0.059435,-0.199014,-0.397859,-0.264359,-0.316451,-0.242428,-0.099446,-0.359103,-0.052287,0.161077,-0.023968,-0.077588,-0.092456,0.298304,0.043943,0.331383,0.035476,0.278514,0.190422,0.188978,-0.266587,-0.154164,0.10085,-0.109313,0.260989,-0.469805,0.060517,-0.061341,0.210678,-0.136974,-0.149314,0.247957,0.002329,0.03154,-0.051696,0.180815,0.18061,0.109563,0.17597,0.17174,-0.24623,0.439625,-0.096644,0.177262,0.308305,0.172689,0.011763,-0.194368,-0.073831,0.071262,0.107109,0.344915,-0.146431,0.046595,-0.182801,-0.221995,-0.202648,-0.057536,0.487004,0.439954,0.197658,0.202819,0.11465,0.173407,0.123942,-0.309438,0.545011,-0.421525,0.102126,-0.184817,-0.334229,0.007695,-0.247417,0.005712,0.096315,0.058,0.210702,0.202417,0.20679,0.084144,0.011353,-0.554193,-0.067099,-0.155258,0.117624,-0.029192,0.188716,0.025052,-0.04178,-0.32319,-0.389001,-0.560833,-0.250142,0.20608,0.105874,-0.047055,0.096372,0.052436,-0.265123,-0.462377,0.442122,-0.134154,-0.201632,-0.178753,0.300436,0.399902,-0.095278,0.06469,0.109245,0.130387,0.118409,0.062986,0.264343,0.215515,0.144157,-0.235504,-0.058261,0.127278,-0.488072,-0.124332,-0.36435,-0.149487,-0.027429,0.000842,0.023283,0.080647,0.485099,-0.551452,0.07124,-0.225042,-0.643286,-0.359396,-0.062455,-0.153273,0.18721,-0.087785,-0.353344,-0.103135,0.299865,-0.194405,-0.113419,0.453315,-0.288706,-0.026731,-0.140294,0.184617,0.674513,0.106351,#
18,-0.093629,-0.086144,-0.070859,-0.121102,0.217849,-0.254554,-0.052588,0.046507,0.029607,-0.010531,0.081286,-0.169498,0.075567,0.225006,0.499494,-0.127359,0.161674,-0.060135,1.0,-0.244026,-0.020513,-0.221843,0.053354,-0.015932,0.07336,0.090334,-0.076989,0.263096,-0.198174,0.301341,-0.001393,0.146657,-0.02346,0.214458,0.242788,0.060132,0.183707,-0.357879,-0.063033,-0.167524,-0.050402,0.193957,0.324866,0.169475,-0.046985,-0.096549,0.10759,-0.173777,0.138374,-0.159558,-0.198229,0.043047,0.035433,-0.080852,0.290223,-0.064022,-0.293536,0.058223,-0.050367,-0.105936,-0.04602,-0.208686,-0.004744,0.583655,-0.075413,-0.0417,-0.048048,0.030643,0.084794,-0.170057,-0.077655,-0.028625,-0.073233,-0.2786,-0.034068,0.291937,0.099315,-0.012824,0.210411,-0.358647,-0.040746,-0.324694,-0.423028,-0.057507,-0.498846,-0.133434,-0.248309,0.286679,-0.223669,-0.204458,-0.139464,-0.188283,0.08606,-0.092743,-0.337316,-0.226869,-0.188629,-0.304567,-0.238081,-0.046271,-0.057761,-0.10193,0.227491,-0.447219,-0.020094,0.060875,-0.075227,-0.021378,-0.028918,-0.029107,-0.068823,0.202902,-0.296045,-0.030909,-0.165112,-0.125742,-0.15898,-0.2054,-0.328436,0.098203,-0.308789,-0.11791,-0.277314,-0.105295,0.242379,-0.473648,0.02312,0.324987,-0.252165,-0.185258,0.20233,-0.221193,-0.320093,0.236515,-0.136455,-0.205394,0.012127,0.023273,-0.026827,-0.127015,-0.332513,0.315808,-0.015721,-0.239015,-0.287709,-0.097446,-0.343364,0.251202,-0.46181,-0.41652,-0.582589,-0.259795,-0.136352,-0.443122,-0.284415,-0.403537,0.007781,0.20718,-0.249578,-0.240162,0.020553,0.007853,0.251562,-0.022501,0.103467,-0.115835,-0.302899,0.269293,-0.140167,0.074314,0.210967,0.341395,-0.149797,-0.311028,0.323953,-0.087212,-0.053013,0.29713,-0.015742,-0.095025,0.160231,-0.009289,0.422196,0.403365,0.270494,-0.115557,-0.039625,-0.188629,0.051385,0.147185,-0.209994,0.345654,0.384133,0.035698,0.110033,0.189447,0.473853,-0.046955,-0.534326,0.039904,#
19,-0.11211,0.210545,0.255959,0.270225,0.053378,0.022854,-0.171773,0.271768,-0.269447,0.074278,-0.140528,-0.3391,-0.033807,0.032331,-0.115453,0.128051,-0.183549,0.338787,-0.244026,1.0,0.284822,0.119224,-0.017737,0.021092,-0.033483,-0.154866,-0.079471,-0.23585,0.101387,-0.022707,0.156818,0.181041,0.16679,0.252865,-0.268459,-0.351768,0.163842,0.238199,-0.301751,0.070031,0.223286,0.202727,-0.175533,0.177236,-0.105452,-0.304535,0.437323,0.139349,0.379468,-0.183421,-0.155374,0.0415,0.433812,-0.18505,-0.152932,-0.059724,-0.025873,-0.228823,-0.093133,-0.372476,-0.260167,0.132038,-0.028005,-0.080737,0.115979,-0.035469,0.101759,0.272257,0.005607,-0.019974,0.258763,0.046756,-0.021746,0.195627,0.272782,-0.111676,0.280637,0.031644,0.382896,0.290567,0.197775,0.196808,0.368677,0.417998,0.037015,0.038185,0.288274,0.035142,0.378657,0.108666,0.155303,0.032866,0.159522,0.107587,0.118448,0.368637,0.307667,0.352851,0.219805,0.155912,-0.502191,0.079765,0.126233,0.355767,0.36238,0.369572,2.9e-05,-0.406511,-0.019157,-0.2325,0.287049,-0.012201,0.206933,0.551646,0.279185,0.035311,-0.040859,0.196253,0.039287,-0.190674,0.275645,0.02727,-0.141461,-0.114184,-0.098224,0.399498,-0.13441,-0.069405,-0.182853,0.2187,0.199882,0.275612,0.406123,-0.323478,0.107238,0.045174,0.35309,0.105927,-0.004651,0.192367,0.113483,-0.151977,-0.007104,-0.086349,0.283295,0.128658,0.311354,-0.431156,0.597894,0.038837,0.107053,-0.024743,0.275284,0.368712,-0.040965,0.152172,0.311805,-0.118368,0.114685,0.250745,0.064755,0.134666,-0.333428,0.244206,-0.135154,-0.268277,0.530268,-0.348354,-0.043802,0.132304,-0.496887,-0.27505,0.143566,0.239781,-0.190249,0.185131,0.224796,-0.422839,-0.171267,-0.031591,-0.101861,-0.090714,-0.285668,-0.371699,-0.548828,0.277916,0.172775,-0.090824,0.123143,-0.473942,0.300758,-0.548053,-0.288284,-0.200591,-0.149651,-0.156649,-0.485423,0.4131,0.32926,-0.084801,#
20,0.151061,-0.350399,0.015943,0.373222,-0.003965,-0.208394,-0.462956,-0.092519,-0.244469,-0.397617,0.118376,0.014154,-0.280325,-0.080286,-0.378706,0.024508,0.042413,-0.066337,-0.020513,0.284822,1.0,-0.316433,-0.438628,-0.076728,0.204598,0.290189,0.012584,0.180782,0.0604,0.002625,0.452904,0.320246,0.017586,0.108522,0.084076,-0.488506,0.090623,0.136751,-0.2362,0.116901,0.45414,-0.111258,0.1558,0.126081,-0.255682,-0.036783,0.065751,-0.190646,-0.274368,-0.276308,-0.038776,-0.058025,0.329539,0.040185,0.116257,0.217269,-0.380695,0.218126,0.051922,0.083834,-0.234906,0.232579,0.282324,-0.106114,-0.12955,-0.084942,-0.047434,-0.05993,-0.4252,-0.252745,-0.058722,-0.076448,0.002967,0.593829,0.022584,-0.339697,0.060792,0.434071,0.105522,0.366367,-0.051532,0.586677,0.622164,0.171321,-0.028088,-0.202568,0.220609,-0.011477,0.616017,0.184524,-0.175792,-0.026404,0.412444,-0.122637,0.406474,0.288813,0.075315,0.285883,-0.036154,0.243312,-0.132,0.095569,-0.1245,-0.049771,0.454067,0.288973,0.197557,0.25901,0.522373,0.328115,-0.176639,-0.194233,-0.198367,0.438756,0.423685,0.446657,0.035589,0.130725,-0.043103,0.527519,0.037801,0.293965,-0.009065,0.444054,0.346669,0.162217,-0.353956,-0.433096,0.142755,0.300517,0.287871,0.10578,0.339623,0.057207,-0.128605,0.114677,0.149391,0.178949,0.106851,0.575573,0.008216,0.069134,0.534438,-0.033447,0.049742,-0.158721,0.432569,-0.59382,0.218821,0.269977,0.058111,0.264093,0.189752,0.598254,0.034266,0.183481,0.11802,-0.273891,0.456102,0.106022,-0.268164,0.008218,-0.090898,-0.192092,-0.241133,-0.5298,0.401223,-0.032857,0.39925,0.01825,-0.219237,-0.07927,0.35749,-0.198726,-0.452041,0.352091,0.304894,-0.377931,-0.446378,0.454565,-0.21968,0.328197,-0.05848,-0.132936,-0.126932,0.393548,0.126925,0.266546,0.384309,-0.109733,-0.005652,-0.3284,-0.210622,-0.487053,-0.450241,-0.088571,-0.052969,0.335188,0.083039,-0.213111,#
