0,1.0,0.133214,-0.332936,-0.284877,0.445534,0.125874,0.301392,-0.276155,0.129199,0.144538,0.306854,-0.181411,0.297511,0.135953,-0.053568,0.016803,-0.036885,-0.332586,0.290687,-0.114645,0.012759,-0.02033,0.278084,-0.100546,-0.029365,-0.178156,-0.254824,0.085491,0.146462,0.209092,-0.380259,-0.179995,0.303932,-0.255881,0.404454,0.236506,0.234301,-0.005809,0.020551,0.347207,-0.205079,-0.029125,-0.165127,-0.029681,0.233131,-0.008978,0.200677,0.096882,0.087394,0.028036,0.288769,-0.388193,0.009787,0.099014,0.214883,0.121031,0.043671,0.057215,-0.167821,0.254159,0.096079,-0.023656,-0.181258,0.446451,-0.392242,-0.012529,-0.02307,0.057503,-0.20056,-0.197723,0.142982,0.155402,0.228379,-0.170679,-0.248402,0.251019,-0.356439,-0.18533,-0.09358,0.059812,0.13278,-0.037017,-0.289058,-0.262582,-0.03529,-0.05314,-0.215513,0.110335,-0.188004,-0.343135,-0.210517,-0.128131,-0.0391,-0.331908,0.037831,-0.270228,-0.40097,-0.477084,-0.205628,-0.339335,0.133914,0.006878,-0.101405,-0.292904,-0.071514,-0.335447,-0.050013,0.225993,-0.043807,-0.063409,-0.036442,0.271249,-0.393589,-0.373127,-0.042341,0.131735,-0.257318,-0.025606,-0.102108,0.081782,-0.306233,-0.043805,-0.051434,-0.109176,-0.220542,0.032857,0.039013,0.210009,-0.013892,-0.285815,-0.193607,-0.449089,-0.259749,0.220397,0.012597,-0.123655,0.087905,-0.018073,0.045009,0.112049,-0.049333,0.275873,-0.202836,-0.225059,-0.194588,-0.022622,-0.212092,0.031794,-0.134465,-0.244113,-0.118483,0.038086,-0.452333,-0.132411,0.365593,-0.209132,0.225073,0.043058,-0.434308,0.062264,-0.240394,-0.096111,-0.043805,-0.152163,0.199865,-0.033815,0.167647,0.184424,-0.22345,-0.105672,0.006557,0.016792,0.217289,0.036346,-0.019752,-0.067004,-0.220152,-0.194747,0.04147,-0.421082,-0.025872,0.228857,-0.008542,0.378865,0.13024,-0.052128,0.160281,-0.046092,0.194205,0.249974,-0.223581,0.226602,0.468418,-0.086423,-0.200076,0.546945,0.302794,-0.141961,-0.150176,-0.023217,#
1,0.133214,1.0,-0.202446,0.004802,0.021353,0.183303,0.459887,0.125941,-0.173372,0.240437,-0.033377,-0.077606,-0.202068,0.153716,0.237957,0.129996,0.257193,0.052237,0.408272,0.002437,0.471301,-0.073537,0.080424,-0.183479,-0.058602,-0.133426,-0.099757,-0.027755,0.210454,0.031092,-0.201443,0.112282,0.267836,-0.200532,-0.074804,-0.063548,-0.035876,-0.485339,0.217577,-0.002513,0.094037,0.290903,-0.297122,0.156427,0.185374,-0.012894,0.126154,-0.22111,0.246548,0.464848,-0.089902,0.160044,0.267616,0.15812,0.319627,0.023635,0.266841,-0.148085,-0.43461,-0.165144,0.123325,-0.021404,0.11808,0.089872,0.267548,0.380378,-0.336255,-0.1649,-0.165036,-0.335425,-0.195878,0.050809,0.035387,-0.223328,-0.096743,-0.025523,-0.204372,0.055699,0.173042,0.092274,0.064565,-0.114736,0.025469,-0.020364,-0.131157,-0.018008,-0.0328,-0.20844,0.137946,-0.155916,-0.229917,0.037947,-0.145103,-0.170458,0.053628,0.005016,0.002973,0.117481,0.240659,-0.138871,0.145927,0.360526,0.136393,-0.158728,-0.387808,-0.159901,0.17697,-0.106235,-0.277147,-0.173503,0.135959,0.176735,-0.107644,0.12294,-0.198593,0.123193,0.041473,0.183119,-0.066575,-0.30151,-0.140892,-0.469977,-0.360082,-0.119715,-0.137283,-0.247696,0.026849,-0.334279,-0.381984,-0.09339,0.057052,-0.294019,-0.18306,-0.125621,-0.216973,-0.24662,0.118234,0.280081,0.28688,-0.177175,-0.051015,-0.184485,0.02677,-0.02057,-0.104624,-0.339502,-0.326785,0.098943,-0.149752,-0.231494,0.141678,-0.062281,0.007555,-0.153513,-0.143555,-0.087629,0.295348,-0.045662,-0.221943,0.109132,-0.204672,-0.019444,-0.469977,-0.169306,-0.162057,0.38983,0.352691,0.119631,-0.209308,-0.603323,0.10049,0.306872,0.024665,-0.132403,0.230676,-0.266812,0.131014,-0.2177,0.192852,-0.075728,0.02344,0.120473,0.063054,0.187544,0.330407,-0.291288,0.162871,-0.287243,0.039715,0.143918,0.010154,0.091974,-0.032835,-0.057308,-0.315496,-0.027268,0.239042,-0.179072,-0.157285,0.010484,#
2,-0.332936,-0.202446,1.0,-0.196211,-0.145847,-0.130073,0.029045,0.056287,0.203475,0.022505,0.082509,0.04777,0.06932,-0.009134,-0.117655,-0.063698,-0.109369,0.199529,-0.13867,0.159843,-0.036876,0.191693,-0.139065,0.169688,-0.097104,0.272105,0.284903,-0.150491,0.012265,-0.492799,-0.006018,0.327848,0.010252,0.129689,-0.198439,0.00179,0.144517,0.411132,0.038468,-0.416875,0.098438,0.230446,-0.018329,-0.170928,-0.161924,-0.286967,0.072307,0.037095,-0.123074,-0.178577,-0.113589,-0.035627,0.1612,-0.212064,-0.143235,-0.084031,-0.154499,-0.078562,0.080661,-0.179966,-0.02818,-0.261274,0.097016,-0.212092,0.386272,0.055676,0.124419,0.019771,0.252615,0.219544,0.039914,0.24235,-0.257443,0.201816,0.001906,-0.106802,0.220314,0.24879,0.130737,0.140628,0.191729,0.19767,0.143675,0.1691,-0.097299,0.185748,0.049683,0.03984,0.207784,0.269309,0.05217,0.106391,0.247694,0.287276,0.094121,0.11863,0.289675,-0.278198,0.16826,0.031212,-0.248498,-0.096269,0.125561,0.295922,0.364627,0.196617,-0.072812,0.047354,0.326139,-0.238349,-0.126811,-0.33325,0.181402,0.250562,0.355188,-0.293172,0.12225,0.183356,-0.3153,-0.114443,0.243279,-0.010385,0.037668,-0.138706,-0.089272,0.256007,0.591167,-0.113022,0.242821,0.150126,0.358047,0.1253,-0.04052,0.100158,0.273239,0.143332,0.035519,0.408068,0.124028,0.367825,0.113901,0.395068,0.135216,-0.015938,0.088461,0.013087,0.163276,-0.033676,0.117721,0.327195,0.270849,0.25457,0.134509,0.255542,0.334814,0.113901,0.092549,-0.0069,0.367664,-0.172672,0.415036,0.150963,-0.022749,0.291681,0.119944,-0.30153,0.107666,-0.054269,0.172191,0.157048,-0.33372,-0.044731,-0.255119,0.101831,-0.096069,0.010632,0.319184,-0.248011,0.094236,-0.060833,0.073089,0.271653,-0.097981,-0.322486,-0.271403,0.172455,0.101997,0.341423,-0.321559,-0.218379,0.210372,-0.150582,-0.318859,0.320127,-0.09121,-0.029179,-0.071924,0.26283,0.126245,0.063123,#
3,-0.284877,0.004802,-0.196211,1.0,-0.361336,-0.350786,-0.183906,-0.027476,-0.516029,-0.374673,-0.068755,-0.20885,-0.040146,-0.382509,-0.041268,0.054621,0.280061,0.323968,-0.065473,-0.153156,0.03901,-0.154547,-0.366222,-0.18291,0.077726,0.078007,-0.167688,0.10838,-0.180828,-0.181366,0.355364,-0.257258,-0.192096,0.064862,-0.114128,0.006127,-0.149854,-0.042419,0.106846,0.147682,0.041168,-0.317301,0.12831,0.202518,-0.213921,0.259179,-0.257892,-0.060311,0.125137,-0.068233,-0.016872,0.395828,0.022085,0.157066,0.176405,-0.380887,0.276982,0.101827,-0.051472,-0.287086,-0.352528,0.255672,0.460105,0.046599,-0.121919,-0.375388,-0.138948,0.121225,-0.197902,0.216498,0.161511,-0.179692,0.039804,-0.239197,-0.007237,-0.04017,0.415981,0.10794,0.021823,-0.160229,-0.041554,0.10719,0.327543,0.002855,0.237027,-0.212989,0.082974,0.269576,-0.071065,0.251045,-0.230717,0.037277,-0.09427,-0.100729,0.04657,-0.136211,0.344535,0.094596,-0.028389,0.360541,0.224099,0.244688,0.185308,0.33941,-0.182941,-0.034656,0.442977,0.018573,-0.110204,0.093558,-0.061452,0.026778,0.31654,0.083175,-0.024835,-0.023504,0.253803,-0.038545,-0.070612,0.166633,0.161481,0.324891,0.101871,0.164286,0.271871,-0.088455,-0.582129,-0.084026,-0.054903,0.182137,-0.200834,0.337813,0.344535,0.033633,0.079498,0.160015,-0.042918,-0.169251,-0.170088,-0.039145,0.041842,-0.216067,0.407647,0.263988,0.419688,0.183809,-0.180848,0.282094,0.374929,-0.145932,0.086134,-0.271632,0.04456,-0.03711,-0.093646,0.066449,-0.609198,-0.068514,0.349486,0.148094,0.249539,-0.19336,0.005809,0.10216,-0.133134,-0.222543,0.061584,0.202435,0.039804,-0.01481,0.292484,0.200988,0.05815,0.216474,-0.057799,-0.018051,-0.307576,0.250664,-0.612701,0.358754,-0.377014,-0.126466,0.42017,-0.139994,-0.185427,-0.339945,-0.300993,-0.183523,0.185238,0.035033,-0.013962,-0.163894,-0.074298,-0.141586,0.486863,-0.266273,-0.059773,-0.077781,-0.291641,-0.092354,#
4,0.445534,0.021353,-0.145847,-0.361336,1.0,0.218004,-0.120328,-0.239592,0.209785,0.034993,0.380665,0.21916,0.03454,-0.228064,-0.107203,0.127921,0.092375,-0.318522,0.075498,-0.06225,-0.031085,-0.210488,0.200742,-0.159852,-0.096273,-0.255897,-0.261139,0.067769,0.007693,0.181002,-0.378311,-0.072038,0.17372,-0.043661,0.14272,0.177848,0.168489,-0.10523,-0.122232,0.339917,-0.100144,-0.358703,-0.177255,-0.000617,-0.128271,0.229214,-0.178652,0.068471,0.19041,0.518428,0.023337,-0.282499,0.175491,0.561085,0.291633,0.120038,-0.313564,0.070202,0.054152,0.28454,-0.243076,-0.269622,-0.206165,0.189089,-0.358293,0.036603,0.48,0.036843,-0.070013,-0.255315,-0.038289,-0.008462,0.168728,0.230457,0.004872,0.074924,-0.122143,-0.116354,-0.027606,-0.186287,-0.11927,0.021832,-0.042202,0.005999,0.233043,-0.148971,0.047985,0.012806,0.05403,-0.24949,0.227187,0.245632,0.077641,0.068895,0.084137,-0.032589,-0.175961,-0.083492,-0.31062,0.036026,0.177241,0.119164,-0.049346,-0.041779,0.332824,0.023974,-0.29698,0.325031,-0.265791,0.247193,0.025947,-0.028955,-0.3449,-0.442385,-0.127955,0.224802,-0.096901,0.364372,-0.357431,-0.13673,-0.563427,0.238841,0.022945,-0.174563,-0.020904,0.083559,0.102082,0.197646,0.134551,-0.17655,0.203766,-0.347201,-0.023913,-0.011606,0.075101,0.144797,0.064468,0.168728,-0.246367,0.16923,0.108761,0.028258,-0.587021,0.158372,-0.130859,-0.255816,-0.230091,-0.166315,-0.081965,-0.051203,0.098977,0.090986,-0.267766,0.033585,0.311304,-0.067832,0.107512,0.103557,-0.561831,0.235538,-0.330327,-0.349087,-0.071934,-0.157104,0.030427,0.065038,0.108551,0.161758,-0.05997,0.193372,0.044981,-0.086342,0.14981,-0.081965,-0.257663,0.170467,-0.073272,0.076113,0.289182,-0.042999,-0.103304,0.133528,0.101901,0.149523,0.216685,0.18357,0.299585,0.00073,0.290376,-0.160303,-0.013133,0.162001,0.279437,-0.095379,-0.198293,0.268614,-0.084819,-0.09949,-0.002376,-0.247641,#
5,0.125874,0.183303,-0.130073,-0.350786,0.218004,1.0,0.356648,0.398614,0.04321,-0.153233,0.068542,0.388294,-0.250918,0.050808,-0.079548,-0.246357,0.109628,-0.259097,0.038711,-0.385049,0.148018,-0.088017,0.026545,-0.1979,-0.098546,0.092539,0.108863,-0.113127,0.016339,0.37821,-0.439569,-0.165317,-0.314297,-0.036453,0.139141,0.175059,0.004798,-0.248245,0.008375,0.111967,-0.258158,0.206348,-0.319683,-0.173387,0.204972,0.06619,0.210079,-0.261986,-0.203245,0.305219,-0.124135,-0.110375,-0.207115,0.146377,-0.114339,0.155379,-0.093675,0.445851,-0.290144,-0.025947,-0.045973,-0.269656,0.007924,0.199179,-0.011899,0.429489,-0.000333,0.162755,-0.112445,-0.491618,0.194823,-0.064821,-0.052715,0.227677,0.145183,0.27341,-0.412319,0.031257,-0.336794,-0.335604,-0.425947,-0.431101,-0.186721,0.277288,-0.236287,-0.44502,-0.095057,-0.127971,-0.251707,-0.087655,-0.082265,-0.36727,-0.244327,-0.118011,-0.213642,-0.175599,-0.199647,-0.090819,-0.178182,-0.378281,0.185895,-0.062572,-0.028714,-0.34469,-0.335582,-0.355242,0.019776,0.179577,-0.441202,0.103938,0.326024,0.249954,-0.490379,-0.283288,-0.281447,0.031813,-0.28554,0.191908,0.122838,-0.009063,-0.359984,-0.330951,0.034391,-0.029114,-0.018264,-0.255306,-0.060589,-0.026956,-0.410346,-0.172125,-0.102369,-0.19311,-0.032656,-0.058995,-0.415741,-0.152741,0.459044,0.166933,0.105568,-0.436435,-0.058434,0.030434,-0.128292,0.063139,-0.282472,-0.325008,0.180807,0.039152,-0.224243,0.144972,-0.089533,-0.093711,-0.059123,0.051925,-0.040326,-0.270379,0.030066,0.072733,-0.569284,-0.150991,-0.35194,-0.170215,-0.008596,-0.18033,-0.085793,0.056165,-0.441202,-0.056737,-0.052716,0.025906,0.218238,-0.181289,-0.071574,-0.39374,0.060506,-0.307812,-0.057177,0.107249,0.122721,-0.052101,0.208821,-0.19123,0.151396,0.325258,0.682593,0.003234,-0.038232,-0.152345,-0.00138,0.295194,-0.015286,0.183418,0.280504,-0.150053,-0.363683,0.104954,0.215382,0.046742,-0.408579,-0.090976,#
6,0.301392,0.459887,0.029045,-0.183906,-0.120328,0.356648,1.0,0.128424,0.19253,0.100099,0.11613,0.085366,0.072511,0.339847,0.082455,0.213819,0.176031,0.272108,0.262195,-0.012832,-0.028733,-0.04645,0.307371,-0.05473,0.092343,0.173861,0.270815,-0.069864,0.474069,0.100739,-0.317546,-0.184097,-0.047221,-0.344205,0.107023,0.238343,0.030993,-0.236109,0.208422,0.058293,0.024879,0.326228,-0.195671,-0.036047,0.464113,-0.23686,0.303275,-0.20464,-0.147288,0.366364,0.148182,-0.158149,-0.075715,0.073912,0.26186,0.100198,0.20211,-0.044559,-0.172592,-0.116015,0.239325,0.089401,0.058414,0.281253,0.251397,0.401042,-0.304103,0.122127,-0.175277,-0.375408,0.131378,0.146358,-0.123823,-0.410794,-0.322683,0.334351,-0.574043,-0.291226,-0.356207,-0.134154,-0.107771,-0.443092,-0.510309,0.126463,-0.725519,-0.165121,-0.227594,-0.333287,-0.406919,-0.39965,-0.582178,-0.438657,-0.556263,-0.447206,-0.264259,-0.509866,-0.363584,-0.365051,-0.08325,-0.264333,-0.152975,-0.153887,-0.209681,-0.340745,-0.272846,-0.46866,-0.002941,0.068998,-0.159359,-0.199154,-0.189913,0.213624,-0.408361,-0.195403,-0.00034,-0.280381,-0.228012,-0.15008,0.02267,-0.303297,-0.261317,-0.390893,-0.325416,-0.360668,-0.185608,-0.340235,0.06751,0.264691,-0.360149,-0.30752,-0.273882,-0.497273,-0.521448,-0.15159,-0.31824,-0.287195,0.192647,0.104828,0.204135,-0.484385,-0.354659,0.352045,-0.052068,-0.444628,-0.445319,-0.204897,-0.271796,0.615741,-0.442513,-0.173385,-0.155169,-0.170389,-0.15284,-0.061518,-0.103597,-0.370011,0.160013,0.350999,-0.31557,-0.235983,0.03562,-0.109996,-0.390893,-0.19724,-0.026877,0.203057,-0.148255,-0.061506,-0.581125,-0.271656,-0.020383,0.139394,-0.143223,-0.25966,0.211237,-0.556917,-0.16662,0.111987,0.236514,-0.562107,0.371515,-0.030898,0.034276,0.510975,0.507258,-0.396648,0.096567,-0.033271,-0.141384,0.137281,-0.285672,0.221352,0.134366,0.146221,-0.548734,0.111746,0.384784,-0.261399,-0.391528,0.311388,#
7,-0.276155,0.125941,0.056287,-0.027476,-0.239592,0.398614,0.128424,1.0,-0.184616,0.030505,-0.402427,0.057024,-0.092353,0.117795,0.274958,-0.207784,-0.059227,0.06839,0.290716,-0.099602,0.302408,0.302726,-0.240277,0.115628,0.161393,0.217118,0.081445,-0.478207,0.125941,0.138574,-0.203777,-0.168085,-0.243222,0.182938,-0.246774,-0.324184,-0.191348,-0.043055,0.278306,-0.263214,0.163663,0.276249,-0.215821,-0.403647,0.198156,-0.097535,0.2236,-0.257596,-0.180735,-0.137124,-0.214052,-0.085043,0.07133,-0.21451,-0.028472,0.169633,0.144189,-0.123189,-0.236195,-0.035276,0.206923,-0.305798,-0.140903,-0.102082,0.155143,0.384967,0.12067,-0.128859,-0.14153,-0.152587,-0.124023,0.363936,-0.248494,0.263947,-0.072527,-0.055533,0.005934,0.25924,-0.090462,0.182809,-0.039282,-0.320676,-0.027334,-0.052702,-0.115254,-0.279005,-0.067349,0.027298,0.197177,0.216592,0.217145,-0.247846,0.158181,-0.175358,0.078348,0.234606,-0.017519,0.402234,0.009497,-0.190777,-0.145877,0.197331,0.100986,-0.283024,-0.175731,0.064078,-0.188029,0.193094,-0.230498,-0.128931,0.304901,0.083088,0.074039,0.172415,0.371705,0.212449,-0.06851,0.102381,0.301452,0.077943,0.162049,-0.410956,0.117594,0.231143,-0.152746,0.085297,0.033294,-0.186569,-0.17762,0.194193,-0.037518,0.228573,0.232471,-0.200809,-0.161272,-0.012583,0.205552,0.1533,0.32094,-0.252023,-0.477543,-0.201498,-0.102868,0.139117,-0.301339,-0.158501,0.071699,-0.02786,0.068424,0.138972,0.113353,0.080939,0.13727,-0.163731,-0.021054,-0.242456,0.153634,-0.068516,-0.214605,-0.243584,0.053167,0.194134,-0.388276,-0.046745,0.147017,-0.081819,-0.230498,0.079015,0.137846,0.206131,-0.178685,0.010595,0.136714,-0.230368,0.31984,-0.187464,0.107984,-0.006319,0.35162,0.287467,-0.011158,0.01361,-0.032041,0.024975,0.076919,0.080311,-0.072703,-0.208636,-0.322342,0.284508,-0.167946,-0.107393,-0.123923,0.041088,-0.026531,-0.188752,0.020296,0.138063,-0.275303,0.180626,#
8,0.129199,-0.173372,0.203475,-0.516029,0.209785,0.04321,0.19253,-0.184616,1.0,0.365181,0.058634,0.231306,0.03454,0.241018,-0.076789,-0.065986,-0.268267,0.030156,-0.025741,-0.02372,-0.317572,-0.002711,0.357909,0.043516,0.078145,0.094912,0.177763,0.207609,0.007693,0.181002,-0.232832,0.014487,0.003594,-0.043661,0.091901,0.33324,-0.075591,0.084801,0.043171,0.094924,0.117881,0.13482,-0.15216,-0.105296,0.039588,-0.081011,0.152716,0.076236,-0.231219,0.074305,0.023337,-0.265874,-0.006225,0.035903,0.231924,0.473783,-0.47963,-0.120971,-0.116364,0.266177,0.178049,-0.064947,-0.279748,0.207966,-0.014168,-0.133493,0.001385,0.329686,0.273799,-0.301383,-0.039313,0.064452,-0.051499,0.064228,-0.175457,0.256539,-0.121782,-0.260645,-0.184282,-0.012838,-0.11927,-0.311059,-0.520181,-0.002992,-0.449207,0.003825,-0.279852,-0.460429,-0.097724,-0.258922,-0.095505,-0.244738,-0.42932,-0.126193,-0.250514,0.14164,-0.343035,-0.083111,-0.319942,-0.184299,-0.417473,-0.060993,-0.05538,-0.041421,0.156141,-0.373803,-0.127028,-0.14605,0.12624,-0.081346,-0.105815,-0.028955,-0.354211,-0.101349,0.029536,-0.322705,0.271632,-0.116946,-0.114072,-0.189974,0.029962,-0.071934,0.029386,-0.348167,-0.095233,0.090319,0.423382,0.137981,0.031103,-0.160623,0.04908,-0.175555,-0.662515,-0.075249,-0.096799,-0.021696,-0.134202,0.168728,-0.058861,-0.158105,-0.077972,0.178097,-0.222354,-0.219323,-0.276313,-0.469991,-0.230091,0.203412,-0.235932,-0.099626,-0.062085,0.097809,-0.276341,-0.384182,0.179208,-0.236399,0.286903,0.369203,-0.197592,-0.38732,-0.256514,-0.009166,-0.071934,-0.179314,-0.274461,-0.122921,-0.248103,-0.192793,-0.271727,-0.164869,-0.143725,-0.225963,-0.070412,-0.245373,0.376064,0.002963,0.119247,0.082711,0.435744,-0.343313,0.371248,0.280007,-0.237739,0.133304,0.200525,0.190233,0.116332,0.333324,-0.3446,-0.202747,-0.022998,-0.024168,0.05091,0.118082,-0.253989,0.412349,0.05687,-0.304609,0.166327,0.082682,#
9,0.144538,0.240437,0.022505,-0.374673,0.034993,-0.153233,0.100099,0.030505,0.365181,1.0,-0.053016,-0.088037,0.031292,0.57828,0.18131,-0.003467,-0.557748,0.163812,0.111526,0.325947,0.076122,0.149656,0.274637,0.142753,0.250219,-0.170378,-0.161016,0.090474,0.064193,0.339369,0.116449,0.244222,0.301879,-0.347275,0.125238,-0.300276,0.404686,0.08218,0.394971,-0.489517,0.388194,0.421573,-0.241436,-0.046193,0.044902,-0.518475,0.344947,0.507614,0.012872,0.101815,-0.242717,-0.106074,0.335034,-0.1051,0.215413,0.150687,-0.27408,-0.234351,-0.325363,0.172944,0.455824,0.019731,-0.397766,-0.061151,0.007972,0.181798,0.225058,-0.30454,-0.152089,0.024625,-0.111878,0.389695,0.116285,0.293906,-0.109814,-0.110392,-0.217238,-0.250595,0.1319,0.402017,0.060378,-0.277811,-0.305049,0.162116,-0.182832,0.337884,-0.218728,-0.167331,0.285442,-0.368919,0.122639,0.064108,-0.01782,-0.015815,-0.066933,0.346508,-0.319054,0.012833,0.300516,-0.230806,-0.4043,0.247309,-0.179157,-0.158893,0.090179,-0.056751,-0.303027,-0.304864,0.035323,-0.192383,0.401356,0.223366,-0.233495,0.222563,-0.002261,-0.086202,0.168589,-0.109276,0.398441,-0.288648,-0.038723,-0.389655,0.234498,-0.027821,-0.200385,0.401248,0.424874,-0.095097,-0.025947,-0.118814,0.063697,0.043864,-0.495327,0.026013,-0.288276,-0.10193,-0.454113,0.116285,0.481112,-0.13995,0.057946,0.048302,-0.186482,-0.506754,-0.406698,-0.119817,-0.270936,-0.057055,-0.069442,0.079042,-0.102092,0.60078,-0.117406,-0.474515,-0.012839,-0.150211,0.741681,0.343286,0.096647,-0.236226,-0.164932,0.285859,-0.389655,0.316058,0.1945,0.343701,0.238007,-0.192696,-0.115572,-0.079606,-0.288573,0.308568,0.105848,-0.24186,0.357015,-0.166348,0.230645,-0.266877,0.554217,-0.184609,0.519098,0.29186,-0.761674,-0.220223,0.137941,0.176553,0.317825,0.173518,-0.500654,-0.064346,-0.22781,-0.146305,-0.121055,0.307604,-0.175872,-0.010826,0.020355,-0.004135,0.432251,0.484465,#
10,0.306854,-0.033377,0.082509,-0.068755,0.380665,0.068542,0.11613,-0.402427,0.058634,-0.053016,1.0,0.030293,0.180937,-0.008811,-0.330328,0.123856,-0.020882,-0.107406,-0.034629,-0.073159,-0.219422,-0.096515,-0.078918,0.226832,0.166439,0.317734,-0.021634,0.080262,0.138513,-0.125711,0.098805,0.100385,-0.065801,-0.356083,-0.178938,0.3977,0.317698,0.214586,0.03047,0.183101,-0.290242,-0.37513,-0.23347,-0.000597,-0.149523,0.139613,-0.124286,0.141058,0.036903,0.3462,0.103023,-0.304756,0.121294,0.31504,0.177949,-0.320958,-0.105376,0.271178,0.038276,-0.280195,-0.40478,-0.132165,-0.103771,0.32005,-0.164222,-0.003537,0.313639,0.033298,-0.130733,-0.220694,0.111638,-0.038635,0.096018,0.166765,0.068671,0.171732,-0.185155,-0.142478,-0.057347,-0.271969,-0.123419,0.172126,-0.100378,0.272958,0.115633,-0.120832,0.144053,0.214615,-0.000544,-0.042549,-0.166784,-0.014483,-0.220482,0.054064,-0.022608,-0.230248,-0.060274,-0.311338,0.10855,-0.007111,0.187303,-0.066829,-0.198782,-0.075295,0.14278,-0.007271,-0.097917,0.409912,-0.081284,0.278325,-0.108472,0.070853,-0.265204,-0.303607,-0.242763,0.154119,-0.402159,0.075848,-0.379494,0.089838,-0.407995,0.345396,-0.099045,-0.607071,-0.142078,0.051198,0.006886,0.050877,-0.002545,-0.271815,-0.126533,-0.28303,-0.07607,-0.195662,0.019298,0.058246,0.20409,-0.130111,-0.158901,0.053162,-0.091843,0.23048,-0.203477,-0.006907,0.173233,-0.089684,-0.166616,0.211078,-0.00695,0.045743,0.230015,0.043388,-0.355345,-0.014205,0.025999,-0.070153,-0.212081,-0.028879,-0.060513,-0.023915,-0.114247,-0.334264,0.026294,0.146791,0.15988,-0.134342,-0.081284,-0.151204,-0.138808,0.046577,0.071811,0.097371,0.106248,0.151515,-0.298263,0.089253,-0.081284,-0.012616,-0.172903,-0.039124,-0.132143,0.137944,-0.02747,0.088314,0.237408,0.099976,0.014471,0.258719,0.24948,0.158566,0.302926,0.229632,0.334671,-0.194425,-0.214756,0.106668,0.034817,-0.115108,-0.028107,-0.203456,#
11,-0.181411,-0.077606,0.04777,-0.20885,0.21916,0.388294,0.085366,0.057024,0.231306,-0.088037,0.030293,1.0,-0.294559,0.139578,-0.241962,0.020959,-0.133974,-0.14658,-0.048511,-0.211804,0.00154,-0.392456,-0.075951,0.08776,0.036197,0.015558,0.206765,0.314325,0.087778,0.245691,0.043761,-0.022209,-0.270935,0.032145,-0.014138,0.137138,-0.151841,0.181704,0.157711,-0.073427,-0.014103,0.055119,-0.288727,-0.254021,-0.210568,0.143975,-0.176858,-0.231545,0.082119,0.237619,-0.248936,0.032662,-0.214819,0.08996,-0.148856,-0.068547,-0.374467,0.167419,-0.239872,-0.153697,-0.090962,-0.398801,0.058156,0.137804,0.134459,0.490513,0.070409,0.264424,0.482159,-0.34265,-0.079295,0.018319,0.016067,0.197432,0.270054,0.0015,-0.120312,0.174701,-0.358904,-0.21516,-0.2717,-0.432873,0.114635,0.270982,-0.133776,-0.415689,0.042322,-0.27418,0.037467,0.013671,0.206932,-0.17909,-0.141459,-0.022732,-0.027083,-0.035331,0.099727,0.146973,-0.115684,-0.086991,0.109721,0.025916,-0.194259,-0.02891,-0.089339,-0.07544,0.042764,-0.055466,0.031244,0.234066,0.055315,0.016617,-0.440818,-0.143449,-0.10885,0.019676,-0.129407,0.359973,-0.03502,-0.082868,-0.076791,0.025135,0.218874,-0.229884,0.028086,-0.015777,-0.01965,-0.13694,0.050381,-0.053295,-0.112975,-0.049419,-0.065684,-0.3018,-0.191487,0.130256,0.14034,0.016067,-0.151543,-0.427443,0.047764,0.214996,0.205259,0.04103,0.19413,-0.343322,0.211032,0.035747,-0.190035,0.029494,0.307562,0.319439,0.009548,0.29664,0.119623,0.015209,-0.00933,0.051976,-0.102383,-0.287232,-0.152056,-0.238992,0.037416,-0.193825,-0.275494,-0.081851,-0.158951,0.144883,0.225268,0.116245,0.113345,0.32023,0.214721,-0.190035,0.078319,0.068384,0.031244,0.558705,0.002706,0.268187,0.081134,-0.16225,-0.086698,-0.165136,0.409635,0.391627,-0.102321,-0.099361,0.130981,-0.169879,0.061875,0.140399,0.019485,0.251524,-0.26522,-0.034048,0.07698,-0.032933,-0.096404,-0.30915,#
12,0.297511,-0.202068,0.06932,-0.040146,0.03454,-0.250918,0.072511,-0.092353,0.03454,0.031292,0.180937,-0.294559,1.0,0.446895,0.030195,0.152849,-0.075631,0.14585,0.275812,0.274465,-0.011237,-0.037522,0.119287,0.107177,0.157141,-0.164983,0.097466,0.210895,0.205834,0.049303,0.11923,-0.110441,0.044756,0.188493,-0.246982,0.275345,0.267827,0.324118,-0.024328,0.154723,-0.278932,-0.162442,0.101929,0.011529,0.129191,-0.365552,0.391304,0.165263,-0.074803,-0.160901,0.143978,-0.104612,0.142968,-0.16078,-0.068164,-0.148048,0.207105,-0.210532,0.141533,-0.098753,0.210631,0.087327,-0.133733,-0.127727,-0.233569,-0.156065,0.177229,-0.237959,-0.200567,-0.010703,-0.12705,0.461675,0.15876,-0.101195,-0.342768,-0.153704,-0.046301,-0.247496,-0.025538,0.249587,0.257875,0.293934,-0.299044,-0.316664,-0.113447,0.343562,-0.101366,0.271687,-0.114567,-0.098084,-0.026487,0.068822,-0.098142,-0.122159,0.01508,-0.071528,-0.279932,-0.213081,-0.274968,-0.198687,-0.168818,-0.225369,-0.287704,-0.028458,0.094835,0.139348,-0.203132,-0.106518,0.191523,-0.099795,-0.193497,-0.041433,-0.199663,0.179336,0.315444,0.218867,-0.129246,0.045553,-0.045202,0.087379,0.168259,0.065075,-0.273368,0.24035,-0.210891,0.086317,0.032165,0.258489,-0.130216,-0.33837,0.027724,0.237838,0.026534,0.06921,0.50357,-0.140238,0.211903,-0.244342,-0.057889,0.060176,-0.182744,0.294049,-0.058362,-0.228056,-0.262653,0.291179,0.074253,0.050433,-0.199294,0.144358,-0.174992,0.081785,-0.217415,-0.180257,0.309025,-0.110828,0.181433,-0.080936,-0.164955,-0.201131,0.102086,0.201853,0.087829,-0.096722,0.527881,-0.101564,0.191523,0.296196,-0.259846,0.213888,-0.269715,-0.040413,0.045361,0.051286,-0.054975,0.066852,-0.173662,-0.051169,0.037695,-0.287031,-0.313268,0.08064,-0.081528,-0.084816,-0.28771,0.080112,0.192899,0.438429,0.011028,0.334912,-0.196576,-0.162358,-0.153578,0.05049,0.280532,0.01786,0.250127,-0.093398,0.059054,0.189011,#
13,0.135953,0.153716,-0.009134,-0.382509,-0.228064,0.050808,0.339847,0.117795,0.241018,0.57828,-0.008811,0.139578,0.446895,1.0,0.207523,-0.088171,-0.371759,0.073549,0.21752,0.345165,0.264818,-0.058673,0.108063,0.190502,0.118325,-0.077856,0.241579,0.195554,0.256312,0.258641,0.213059,0.173209,0.024623,-0.018832,-0.21762,-0.046198,0.20056,0.284239,0.293354,-0.253695,0.071613,0.450997,-0.326418,-0.200841,0.235785,-0.63426,0.475553,0.182113,0.010794,-0.061904,-0.028834,-0.230175,0.16807,-0.42139,-0.179295,-0.03081,0.016481,-0.278797,-0.277115,-0.173056,0.551297,0.025255,-0.384945,-0.157247,0.212513,0.370511,0.067597,-0.30671,0.044876,-0.289912,-0.269262,0.412938,0.068547,0.135063,-0.216388,-0.178445,-0.417717,-0.296653,-0.05547,0.382894,0.018126,-0.345781,-0.385316,0.066009,-0.404918,0.325697,-0.2606,-0.04981,0.090945,-0.309385,0.098272,-0.173912,-0.225474,-0.187969,-0.207253,0.149363,-0.366879,-0.107121,0.240539,-0.414531,-0.350046,-0.109814,-0.404373,-0.363027,-0.20239,-0.027188,-0.100629,-0.456181,0.143859,-0.174984,0.139672,0.202644,-0.511984,0.303208,0.172491,0.035647,-0.239767,0.007305,0.41087,-0.142767,0.12484,-0.459008,0.030228,-0.010196,-0.363782,0.126905,0.152914,-0.118475,-0.345685,-0.340609,-0.164822,0.066357,-0.401443,-0.227649,-0.040553,-0.286395,0.157986,-0.181765,0.258638,-0.408282,-0.100435,0.231587,0.100999,-0.494435,-0.429663,-0.103011,0.149132,0.105742,-0.346663,0.196774,-0.044401,0.484007,-0.022497,-0.335282,-0.011555,-0.141251,0.65303,0.093439,-0.007816,-0.464411,-0.188111,0.316303,-0.091651,-0.153724,0.254407,0.130923,0.056425,-0.095523,-0.181765,-0.042705,-0.420545,0.269398,0.015753,-0.339647,0.276978,-0.102571,0.13591,-0.010498,0.338937,-0.277075,0.2577,0.092815,-0.56943,-0.156067,0.199724,0.230188,0.024388,0.236875,-0.301327,0.303335,-0.305918,-0.132404,-0.210557,0.189413,-0.187797,-0.168094,0.273443,-0.208227,0.211816,0.34336,#
14,-0.053568,0.237957,-0.117655,-0.041268,-0.107203,-0.079548,0.082455,0.274958,-0.076789,0.18131,-0.330328,-0.241962,0.030195,0.207523,1.0,-0.370119,0.045768,0.04333,0.346214,0.253423,0.279813,-0.056259,0.044366,0.106895,-0.175752,0.046712,0.353332,-0.110381,0.420709,-0.198905,-0.174861,0.305471,0.029922,0.035234,-0.155211,-0.362815,-0.161845,0.007651,-0.251058,-0.06577,0.21139,0.287147,0.050117,0.09464,0.309299,-0.310168,-0.047366,-0.045646,-0.050086,-0.015583,0.221647,-0.287474,0.420504,-0.003803,0.231581,0.318566,0.340401,-0.391788,0.120245,0.138466,0.460504,-0.223875,-0.335855,0.068519,0.256198,0.169073,0.153108,-0.16322,0.105427,0.018537,-0.076464,-0.119021,0.027358,0.035711,-0.060104,-0.214923,-0.276106,0.023617,-0.086152,0.266562,0.014762,-0.146184,0.108502,-0.052707,-0.171978,0.519776,0.170862,-0.134408,0.009609,-0.476808,0.011319,0.116966,0.167564,-0.046718,-0.20016,0.097893,-0.367016,0.104625,0.01114,-0.080189,-0.332159,0.029867,-0.014114,-0.516957,-0.139176,-0.125756,-0.102628,-0.101694,-0.017937,-0.008207,0.1932,-0.281829,0.187056,0.207818,0.219169,0.002696,-0.283489,0.077371,0.196199,-0.329526,-0.065921,-0.280631,0.070502,0.123131,-0.095138,-0.218426,-0.060937,0.040679,-0.132982,0.072005,0.019569,0.122343,0.09374,-0.225205,0.159236,-0.210392,-0.044613,0.249637,0.127824,-0.129922,-0.347353,-0.40569,-0.120801,0.056862,-0.305017,-0.154114,-0.195128,-0.090885,-0.213384,0.00595,-0.219843,-0.206439,0.007433,-0.070277,-0.444461,-0.036074,0.411031,0.056807,-0.150523,0.307691,0.143264,0.121413,-0.280631,-0.246047,-0.196893,0.177786,0.370689,-0.173471,-0.194922,-0.063336,-0.230112,-0.189398,-0.184636,0.104383,-0.107288,-0.289815,-0.007141,0.05743,0.459207,-0.064121,0.048677,0.269593,0.045854,0.295318,-0.099248,-0.138535,0.343943,-0.122699,0.115573,-0.040067,-0.123387,-0.231122,-0.002822,-0.013612,-0.206533,-0.154692,-0.104274,-0.239031,0.121691,0.017886,#
15,0.016803,0.129996,-0.063698,0.054621,0.127921,-0.246357,0.213819,-0.207784,-0.065986,-0.003467,0.123856,0.020959,0.152849,-0.088171,-0.370119,1.0,0.028544,0.44442,-0.137959,0.231535,-0.407678,-0.01384,0.218467,-0.140053,0.113299,-0.19598,-0.196335,0.116335,0.329191,0.031732,-0.036648,-0.329804,0.21864,-0.245008,0.1526,0.179067,0.251749,-0.136919,0.213629,0.084385,-0.071139,-0.295831,0.432233,0.016824,-0.165668,0.12944,0.115514,0.301501,0.327155,0.223111,0.012496,0.281651,-0.241275,0.040438,0.105757,-0.078248,0.092356,0.08815,0.192707,0.115198,-0.178546,0.252273,0.311176,-0.114357,-0.117362,0.145521,-0.081905,0.13588,-0.303238,0.053618,0.163724,0.264993,0.278981,-0.267782,0.182488,0.264369,0.119968,-0.162326,0.248633,-0.038614,0.030138,0.228886,-0.301915,0.07049,0.033145,-0.07548,-0.26054,-0.26485,-0.08567,0.218041,-0.081357,0.265986,-0.182937,0.095777,0.088576,-0.319196,0.273997,0.178491,0.029656,0.211325,0.035007,-0.088541,-0.20573,0.273851,0.139092,0.183616,-0.049779,-0.013474,-0.086384,0.052619,-0.272768,-0.165582,0.029622,-0.098871,-0.089968,0.138377,0.005936,-0.048749,-0.087192,0.032513,-0.060242,0.204913,-0.440071,-0.078404,0.076609,-0.008527,-0.115645,0.291881,-0.027135,-0.214449,0.027467,-0.225023,-0.106152,0.121167,0.007909,-0.016095,-0.044258,-0.245116,-0.105384,0.136366,-0.079547,0.131502,-0.166372,-0.256417,0.051608,0.297585,-0.114643,0.203329,-0.105377,-0.243704,0.002368,-0.012106,0.010588,0.175014,0.013606,-0.079547,-0.184118,0.275909,-0.063655,-0.280156,0.213795,0.062489,-0.164877,0.132814,0.304489,0.201415,-0.086384,0.185324,0.006854,0.07619,0.21613,0.169413,0.244852,-0.086798,0.008905,0.05618,-0.107432,0.095375,-0.136017,-0.197082,0.20121,-0.185934,-0.169188,0.063706,0.131926,-0.148133,0.102227,0.052667,0.082313,-0.009883,-0.046071,-0.040518,-0.008497,0.311471,0.042456,-0.010594,0.022601,0.119075,0.271901,0.204405,#
16,-0.036885,0.257193,-0.109369,0.280061,0.092375,0.109628,0.176031,-0.059227,-0.268267,-0.557748,-0.020882,-0.133974,-0.075631,-0.371759,0.045768,0.028544,1.0,-0.059591,0.173393,-0.102807,-0.014833,-0.104162,-0.017058,-0.424836,-0.55925,-0.095959,-0.179373,-0.016068,0.067767,-0.298844,-0.209625,0.036645,-0.02339,0.144186,0.119611,0.209397,-0.26978,-0.461072,-0.336435,0.535071,-0.21487,-0.309868,0.151294,0.125409,-0.040236,0.293743,-0.269608,-0.439439,0.143305,0.318367,0.346229,0.080334,-0.085132,0.085873,0.149044,0.031083,0.378972,-0.195479,0.269296,-0.211367,-0.325336,0.171341,0.281901,-0.213572,-0.09913,-0.042347,-0.22234,0.066978,-0.146279,-0.08837,-0.107961,-0.54225,-0.051042,-0.394848,-0.155348,0.047202,0.113795,-0.163341,-0.092472,-0.171019,0.024541,0.179546,0.215982,-0.28145,0.065113,-0.116191,0.107783,-0.119888,-0.228362,0.074184,-0.073044,0.009913,-0.110591,-0.074628,0.184433,-0.281083,0.236365,-0.111015,-0.230107,0.487114,0.153387,0.018302,0.282971,0.058925,-0.172946,0.069848,0.040803,0.033954,-0.385016,0.070993,-0.290475,-0.20209,0.132525,0.010298,-0.120593,-0.028579,0.067091,0.059729,-0.25693,-0.189784,-0.141016,0.080544,-0.297756,-0.135878,0.072833,-0.452818,-0.329797,-0.041586,-0.011691,0.020507,0.021338,-0.344578,0.246096,-0.119847,0.235067,0.004227,0.312354,-0.068764,-0.339999,0.066475,-0.016495,-0.119888,-0.11569,0.429348,0.000927,0.048921,-0.139919,0.163836,0.00272,-0.054051,0.05775,-0.475509,0.381809,0.086935,-0.010768,-0.009865,-0.474043,-0.080099,-0.200107,0.503468,-0.018101,-0.057417,0.080544,-0.380576,-0.275461,0.020606,0.00661,-0.032385,-0.29916,-0.041055,0.035204,-0.051338,-0.298156,0.012597,-0.338448,0.105969,-0.194798,0.129492,-0.166294,-0.042305,-0.319013,-0.206801,0.804532,0.261187,-0.06977,-0.418527,-0.072311,-0.049827,0.434011,-0.186441,0.007365,0.375968,-0.15697,-0.251153,0.094732,-0.045215,-0.155617,-0.032054,-0.456285,-0.110697,#
17,-0.332586,0.052237,0.199529,0.323968,-0.318522,-0.259097,0.272108,0.06839,0.030156,0.163812,-0.107406,-0.14658,0.14585,0.073549,0.04333,0.44442,-0.059591,1.0,-0.091273,0.34726,-0.356063,-0.246901,-0.051773,-0.047144,0.124424,0.299115,0.200801,0.104478,0.218604,0.093753,0.055501,-0.104894,-0.145822,-0.095615,-0.07218,-0.008207,0.046732,0.120818,0.105002,-0.270127,0.087124,0.071225,0.281077,0.088746,-0.103824,-0.103275,0.204554,0.193333,-0.092573,0.067774,-0.075773,0.197218,0.171416,0.010416,0.245749,-0.201262,0.150133,-0.099742,0.03747,-0.115266,0.091459,0.128098,0.028285,-0.097994,0.228941,-0.118305,0.061475,-0.061563,-0.356041,0.043155,0.237904,0.195496,0.051507,-0.263144,-0.044645,0.098263,-0.025114,-0.111641,0.024865,0.109385,-0.06956,-0.098354,-0.354061,0.266109,-0.3654,0.038727,-0.251111,-0.289442,-0.18391,-0.04408,-0.392832,-0.064916,-0.340467,-0.054163,-0.245824,-0.144,0.133173,-0.012673,0.123413,0.198672,-0.422034,-0.16872,-0.207802,0.225513,-0.027969,-0.002518,0.017745,-0.12732,0.093538,0.150551,-0.058804,-0.070953,-0.038502,0.018863,-0.076282,-0.255213,0.224173,-0.171862,0.096597,-0.257563,-0.004924,-0.035096,-0.134215,0.015269,-0.164568,0.075613,-0.047431,0.35055,-0.223679,0.040946,0.071901,0.208882,-0.073502,-0.091468,0.071762,-0.094092,-0.092931,-0.095657,0.095696,-0.088668,-0.116891,0.078896,0.134703,-0.259391,-0.125271,0.197283,-0.268436,0.471775,-0.062933,-0.157976,-0.148166,0.067585,0.084243,-0.06523,-0.134377,0.039545,-0.142471,0.452053,0.112014,-0.261827,0.222342,0.103092,-0.386061,0.245804,0.220142,0.189837,-0.123109,-0.00095,-0.334799,0.080768,0.020724,0.143728,-0.116061,-0.09645,-0.09547,-0.194906,-0.123109,0.065816,-0.0876,-0.108625,0.384517,-0.039026,-0.08825,-0.040155,0.101688,-0.221637,0.233634,0.310524,-0.230356,-0.093172,-0.149287,-0.337972,-0.149826,0.168095,0.1001,-0.395821,-0.128626,0.106353,0.122735,0.360718,#
18,0.290687,0.408272,-0.13867,-0.065473,0.075498,0.038711,0.262195,0.290716,-0.025741,0.111526,-0.034629,-0.048511,0.275812,0.21752,0.346214,-0.137959,0.173393,-0.091273,1.0,-0.024904,0.272139,0.1083,0.074055,0.333446,0.060329,0.036402,0.026245,0.083593,0.220796,0.098362,-0.311953,0.137676,0.255684,0.052149,-0.163929,0.106856,0.002119,-0.171992,-0.084566,0.148189,0.227566,0.040507,-0.117884,0.043658,0.322294,0.000404,0.194785,-0.287634,-0.151328,0.003254,-0.151241,-0.088363,0.180962,-0.061681,0.218656,0.260682,0.313615,-0.437349,-0.224842,-0.193424,0.12394,-0.416591,-0.183437,0.150444,-0.086497,0.22397,-0.244706,-0.214929,-0.051614,-0.290077,-0.314632,0.270055,-0.029917,-0.148321,-0.277245,-0.229026,-0.122577,-0.000458,-0.251191,0.313589,0.344957,-0.042126,0.079147,-0.575536,-0.014603,0.020998,0.193514,-0.158163,0.035596,-0.204796,-0.15777,-0.230305,0.162952,-0.465263,0.463131,-0.042308,-0.246342,0.145907,-0.149623,-0.247026,0.052541,0.405007,-0.022029,-0.340931,-0.27233,-0.097403,-0.299853,-0.104783,0.029714,-0.162862,0.012037,0.047687,0.018994,0.189515,0.085859,0.47256,-0.070923,0.17834,0.079471,0.00897,-0.075813,-0.277805,-0.21081,-0.019472,-0.425327,-0.191831,0.148204,-0.233935,-0.084147,0.123552,-0.152687,-0.067738,0.030265,-0.003628,0.10514,0.174408,0.103093,0.015688,0.143491,-0.152973,-0.329351,-0.064138,-0.149992,-0.059183,-0.174932,-0.162076,-0.193163,-0.009294,-0.370897,-0.001406,-0.055647,-0.002596,-0.171882,-0.286285,0.12777,-0.174675,0.220786,-0.14894,-0.321269,0.11075,-0.028868,0.312328,-0.277805,-0.246279,-0.017264,0.03338,0.357069,0.32887,-0.221459,-0.052393,-0.122144,0.16021,0.255543,0.272342,0.084832,0.032612,-0.173608,-0.085424,0.354744,0.087242,-0.40182,0.277213,0.168322,0.307456,-0.112342,0.197992,0.474547,0.041454,0.038545,0.104923,-0.199066,0.10574,-0.039442,-0.015574,-0.167437,0.298183,0.186873,-0.098531,-0.196362,0.069533,#
19,-0.114645,0.002437,0.159843,-0.153156,-0.06225,-0.385049,-0.012832,-0.099602,-0.02372,0.325947,-0.073159,-0.211804,0.274465,0.345165,0.253423,0.231535,-0.102807,0.34726,-0.024904,1.0,0.054561,0.028721,0.12679,0.182061,-0.226906,-0.230322,0.171666,-0.039737,0.159407,-0.205597,0.078673,0.334924,0.515719,0.084302,-0.171371,-0.349164,0.174354,0.231853,-0.176543,-0.122281,0.281029,-0.037326,0.125541,-0.203657,-0.190526,-0.378292,0.112273,0.403128,0.315173,-0.096659,0.120512,-0.12161,0.509801,-0.225268,-0.294397,0.118259,0.125483,-0.481273,0.281277,0.053673,0.274164,0.04738,-0.460279,-0.498942,0.181538,0.076326,0.197157,-0.518537,-0.293123,0.278385,-0.321593,0.176522,0.2055,-0.072296,-0.019383,-0.539677,0.102557,-0.168101,0.508979,0.557208,0.445235,0.124854,-0.095236,-0.139017,0.081405,0.657704,-0.025515,-0.158098,0.288533,-0.099058,0.093031,0.547831,0.103154,-0.040369,0.088219,0.348844,0.03249,0.07085,0.215021,-0.011872,-0.572082,0.042779,0.061394,0.203924,0.54496,0.387456,0.012576,-0.197352,0.484059,-0.125099,0.121912,-0.259819,0.18043,0.30877,0.169122,-0.03135,-0.045425,0.127359,0.041535,-0.326788,0.183092,-0.258714,-0.000924,-0.01439,-0.2619,0.421709,0.276429,0.234723,0.192106,0.354998,0.577984,0.004605,-0.000498,-0.092438,0.454937,0.187047,0.138942,0.066649,0.246251,0.31798,0.110271,0.036285,-0.033881,-0.105097,-0.022936,0.07211,0.258469,-0.179496,0.087103,0.118034,0.118017,0.291714,0.324366,-0.03068,-0.00615,0.301588,0.425288,0.077665,0.080781,-0.017036,0.214713,0.200077,0.085162,0.21448,0.269839,0.104861,0.272063,-0.120607,-0.150307,0.307494,-0.589012,-0.062026,-0.383327,0.093427,-0.37147,0.162402,0.476894,-0.257095,0.237962,0.024557,0.114505,0.216731,-0.309168,-0.151615,-0.224984,-0.157888,0.41872,0.519663,-0.182434,-0.130865,0.02057,-0.324465,-0.497625,-0.005612,0.186177,-0.446707,-0.523464,-0.073524,0.452222,0.099554,#
20,0.012759,0.471301,-0.036876,0.03901,-0.031085,0.148018,-0.028733,0.302408,-0.317572,0.076122,-0.219422,0.00154,-0.011237,0.264818,0.279813,-0.407678,-0.014833,-0.356063,0.272139,0.054561,1.0,-0.009875,-0.232065,0.021371,-0.081656,-0.180922,0.100137,-0.166379,-0.240036,-0.031363,-0.030297,0.185381,0.275382,0.232064,-0.429126,-0.415773,-0.000631,-0.115008,0.266154,-0.094784,0.326559,0.269133,-0.566592,-0.084747,0.260554,-0.255701,0.022077,-0.236862,0.156463,0.020582,-0.225006,0.037405,0.387319,-0.066125,-0.191093,-0.117786,0.186798,-0.153067,-0.523313,-0.225315,0.10755,-0.036808,-0.127663,-0.103091,0.373528,0.20453,-0.100686,-0.399586,0.15752,-0.258594,-0.395211,0.178296,-0.229401,0.155538,-0.256827,-0.401918,0.001461,0.278015,0.185626,0.217827,0.114973,-0.206089,0.376739,-0.128004,0.135651,0.12331,0.142473,0.416647,0.453417,-0.021807,0.118449,0.198001,0.30243,-0.167091,0.205563,0.362115,-0.104268,0.033839,0.263241,-0.305323,0.119165,0.371368,0.258806,-0.101322,-0.061976,0.045786,0.302758,-0.140864,-0.051215,-0.262619,0.127593,0.273378,-0.041176,0.214958,0.314643,0.134949,-0.011509,0.466945,-0.030192,-0.056118,0.100985,-0.304007,0.158101,0.234817,-0.150427,0.009413,0.03825,-0.48915,-0.263535,0.042522,0.109777,0.0574,0.018655,-0.113498,0.029339,0.090332,0.309942,0.438258,0.18759,-0.040358,0.182044,-0.021642,0.135753,0.213755,-0.04825,-0.436978,0.204977,-0.296473,0.031119,0.03468,0.198693,0.177888,0.013049,-0.085539,0.165316,-0.046792,0.451971,-0.438347,-0.082829,0.072798,-0.248168,-0.088585,0.022612,-0.191585,-0.070869,-0.08082,0.32708,0.224778,0.215705,-0.286622,-0.196234,0.053052,0.012463,-0.118602,0.146071,-0.058079,0.337889,-0.187085,0.192247,0.183164,-0.376582,0.029686,-0.022382,-0.099325,-0.052012,-0.067632,-0.175844,-0.402876,-0.12646,0.18107,-0.051362,-0.138194,-0.225071,-0.122322,-0.071174,-0.219624,0.136557,-0.38144,-0.125997,-0.209476,#
