0,1.0,0.553236,-0.035013,-0.326037,0.306425,-0.077647,0.203495,0.285212,0.285399,0.390471,-0.178797,0.104844,0.162805,0.385409,0.141542,-0.075399,0.226738,0.459225,0.296856,-0.261332,-0.107977,0.179171,0.292317,-0.046701,-0.512442,-0.279455,0.192367,-0.096731,0.195997,0.668388,-0.398138,0.205614,0.289813,-0.078846,-0.00428,0.074084,-0.260624,-0.308806,-0.20507,0.342194,0.005573,-0.031041,-0.089509,0.324768,-0.253075,-0.54441,0.143616,0.201944,-0.226002,-0.3519,0.042461,-0.357338,0.074925,-0.353748,0.108505,-0.308335,-0.09834,-0.283955,0.10855,0.272816,0.115615,0.001719,-0.317549,0.094348,0.228082,0.456793,0.081057,0.12346,0.227244,-0.062807,-0.239559,-0.288634,-0.299112,-0.369998,-0.211872,0.253636,-0.327195,-0.356628,-0.336111,-0.210548,-0.254149,-0.345691,-0.356467,-0.059483,-0.226788,-0.049598,-0.234163,-0.232756,-0.036643,-0.399636,-0.373698,-0.642711,-0.506604,0.081047,-0.329726,-0.502885,0.016345,-0.347526,-0.344854,-0.446,0.035208,-0.50356,-0.380119,0.000896,-0.38098,-0.089786,-0.297274,-0.255359,-0.379553,-0.193253,0.218134,0.301578,-0.401849,-0.164338,-0.61982,-0.108936,-0.51387,-0.373698,0.076509,-0.585594,-0.607246,-0.404893,-0.416386,-0.369218,-0.28181,-0.17822,-0.049149,-0.059675,-0.412965,-0.594852,-0.313124,-0.380258,-0.135631,0.060548,-0.354457,-0.195614,0.409715,-0.502227,-0.25273,-0.319566,-0.02947,-0.379083,-0.657333,-0.141794,-0.261559,-0.371782,-0.165948,0.527068,-0.417214,-0.427558,-0.352846,-0.468525,-0.256257,-0.385015,-0.451122,-0.470012,0.389052,0.603481,-0.436828,-0.076595,-0.382724,0.06867,-0.14794,-0.251127,-0.417214,0.30085,-0.513807,-0.323514,-0.258982,-0.08551,0.168094,0.124947,-0.451095,-0.429604,0.649865,-0.587856,-0.481865,0.282083,0.302408,-0.564229,0.096614,0.263645,-0.043658,0.065431,0.460259,-0.17862,0.362504,0.084816,-0.161658,0.76332,0.016007,0.25043,0.430673,0.459252,-0.030125,0.460757,0.143982,-0.461843,-0.517895,0.436233,#
1,0.553236,1.0,0.047541,-0.26223,0.410103,-0.129524,0.441747,0.231038,0.194442,0.336907,-0.219197,-0.141527,0.191637,0.418178,0.400798,-0.112697,-0.021349,0.500418,0.500242,-0.339354,0.195776,0.079724,0.181656,0.071174,-0.387834,-0.320559,0.264126,0.244657,0.436278,0.565109,-0.665239,-0.067947,0.225995,-0.112173,0.07851,0.002892,-0.350655,-0.201449,0.147641,0.290853,-0.170252,0.080108,-0.197583,0.350898,-0.276462,-0.272007,0.233616,0.249398,0.024457,0.164592,0.338049,-0.306222,0.026282,-0.165208,0.354337,-0.371652,-0.304531,0.184609,-0.238577,-0.017877,-0.073158,0.351953,-0.514938,0.33875,-0.022107,0.460923,-0.130444,0.280312,0.242166,-0.098172,-0.28053,-0.296795,-0.326753,-0.502149,-0.293265,0.490632,-0.43712,-0.305191,-0.446013,-0.497289,-0.536047,-0.437346,-0.619607,0.024339,-0.341976,0.039399,-0.163053,-0.418974,-0.297419,-0.108067,-0.47273,-0.398266,-0.594131,-0.070278,-0.421131,-0.230497,0.05523,-0.456892,0.066741,-0.353118,-0.218223,-0.568333,-0.674451,-0.083776,-0.468186,-0.511213,-0.475349,-0.140121,-0.627462,-0.08057,0.190454,0.310335,-0.351163,-0.604548,-0.377078,-0.196579,-0.561357,-0.47273,0.04991,-0.505594,-0.502773,-0.123642,-0.509707,-0.425847,-0.1952,-0.124698,-0.278027,-0.147012,-0.279561,-0.507015,-0.417306,-0.611003,-0.418613,-0.079639,-0.273202,-0.448589,0.390089,-0.22816,-0.106126,-0.303287,-0.455451,0.079119,-0.570231,-0.018699,-0.208374,-0.331097,-0.225153,0.539205,-0.382305,-0.488303,-0.289677,-0.409714,-0.198867,-0.23458,-0.571051,-0.171181,0.484265,0.492811,-0.591376,0.084896,-0.139422,0.00395,0.154603,0.013496,-0.622658,0.392011,-0.395796,-0.102871,-0.142973,0.124538,0.110406,0.027707,-0.178216,-0.570263,0.55705,-0.299199,-0.400971,0.251263,0.538794,-0.473633,0.026891,0.369887,-0.089309,0.142845,0.539242,-0.249783,0.276407,-0.066763,-0.266659,0.679485,0.050498,0.721434,0.368316,0.376943,-0.153046,0.027566,0.199311,-0.40544,-0.62155,0.411795,#
2,-0.035013,0.047541,1.0,0.332882,0.303108,-0.372453,-0.05245,-0.028718,-0.003216,-0.026096,0.157755,0.104946,-0.198143,-0.104434,-0.030215,-0.084913,-0.220911,-0.262968,0.042594,-0.120266,-0.246138,-0.345712,0.326709,-0.150447,-0.267013,-0.012336,0.361885,-0.147104,0.029276,0.121109,-0.044102,0.347337,-0.340576,-0.248048,-0.064081,0.10479,0.176842,-0.153177,0.155221,0.049167,0.051304,0.076129,-0.151501,0.150866,-0.149906,-0.227158,-0.055819,0.222034,-0.183973,-0.038334,-0.395455,0.252045,0.147763,0.063579,-0.314626,-0.255377,-0.456055,0.088447,-0.500503,-0.325549,-0.076145,-0.199692,-0.117451,0.057672,-0.047047,-0.076809,-0.219817,-0.104998,0.030187,0.313996,0.10635,0.189564,-0.0222,0.112252,-0.11681,0.20527,-0.295092,-0.431487,-0.154596,0.111228,-0.055517,-0.162339,0.029108,0.358025,-0.040711,0.147169,0.111924,0.014781,-0.265737,0.123325,-0.206285,0.020316,-0.150588,0.018645,-0.143268,0.124444,0.199137,-0.13698,0.184147,-0.041898,0.10827,-0.053994,-0.042633,-0.057232,-0.12776,-0.272878,0.059318,0.344439,0.023328,0.278102,0.245068,-0.213373,-0.083085,0.013856,0.42306,-0.285668,-0.133396,-0.19983,0.025124,-0.07246,-0.130726,-0.376567,0.120236,-0.14422,-0.105904,-0.221178,-0.47061,-0.203499,0.047293,-0.205608,0.370981,-0.385624,-0.456502,-0.203049,-0.151469,0.144635,0.272944,0.277414,0.177231,0.327222,0.136549,0.223094,-0.048382,-0.315203,-0.283049,0.317359,-0.111503,0.035644,-0.170498,0.053104,-0.30613,-0.161845,0.115752,-0.232586,0.02559,-0.208315,-0.068537,0.195303,0.200981,-0.123845,-0.241986,-0.037083,0.175931,-0.336785,-0.188455,-0.193509,-0.278619,-0.082495,-0.02696,-0.009609,0.059699,-0.138883,0.028426,-0.161301,0.186274,0.139518,-0.055676,-0.110795,0.136319,0.01809,0.076316,-0.300412,-0.11154,0.08457,0.049423,-0.0934,-0.332551,-0.305955,-0.043333,0.053043,0.128566,0.135467,0.036491,0.212002,0.116419,-0.375313,0.39004,-0.160901,-0.098322,-0.016893,#
3,-0.326037,-0.26223,0.332882,1.0,-0.17035,-0.376549,-0.466189,-0.340029,-0.344956,-0.201557,0.125715,-0.211241,-0.067792,-0.355048,-0.194655,-0.406695,-0.086103,-0.170104,-0.155037,0.161146,0.225993,-0.505915,-0.028666,-0.035179,0.093552,0.244148,-0.105462,-0.025718,-0.123615,-0.203716,0.534647,0.035429,-0.562498,-0.005525,-0.059475,-0.540209,0.225101,0.277646,0.324843,-0.019837,0.173187,0.11195,-0.058457,-0.29304,-0.04553,0.217761,-0.033511,-0.268576,0.299484,-0.327681,-0.287188,0.444909,0.148606,0.150894,-0.115963,0.00173,-0.11477,0.098707,-0.16497,0.052751,-0.312434,0.110909,0.00296,-0.182872,-0.219785,-0.379673,0.004473,-0.011322,-0.199504,0.092836,0.147273,0.378952,0.264284,0.386874,0.288304,-0.410625,0.186965,0.174792,0.378665,0.248913,0.1319,0.529872,0.2297,0.161055,0.259999,-0.188603,0.095291,0.478193,0.098983,0.496975,0.259759,0.488156,0.538245,-0.074337,0.35608,0.396879,0.035966,0.022082,0.397813,0.356914,0.269785,0.034257,0.433441,-0.142136,0.261913,0.360879,0.075587,0.554185,0.436423,0.44948,-0.149952,-0.326008,0.428402,0.359521,0.236605,0.174886,0.436987,0.266908,0.069271,0.047935,0.333388,0.13452,0.30965,0.107768,0.08473,-0.00147,-0.22558,-0.309865,0.410952,0.313324,0.755639,0.0868,0.194846,0.060751,0.375551,0.497416,-0.109647,0.586819,0.238074,0.588184,0.489861,0.199469,0.415307,-0.234897,0.155738,0.445895,0.29725,-0.249126,0.218668,0.371039,-0.02306,0.292868,0.353754,0.100155,0.490176,-0.005267,-0.194934,-0.375368,0.468606,0.184839,-0.392469,0.044612,0.077285,-0.271527,0.188835,-0.228016,0.081716,-0.21577,0.009842,0.263959,-0.061792,-0.169047,0.197905,0.06736,-0.247745,0.067397,0.211034,-0.131398,-0.420003,0.175481,-0.346231,-0.207911,-0.203738,-0.385631,-0.198248,-0.163964,-0.099735,0.166797,0.317555,-0.338414,0.051771,-0.15577,-0.362755,-0.045059,-0.12759,-0.139692,-0.345214,0.255338,0.070356,-0.148192,#
4,0.306425,0.410103,0.303108,-0.17035,1.0,-0.220489,0.489942,-0.025046,0.342962,0.3042,0.133978,0.059799,0.263105,-0.027945,0.503956,-0.204541,0.119089,0.197899,0.067002,-0.078016,-0.030471,-0.080659,0.127141,-0.153845,-0.274357,-0.432596,0.148265,-0.36543,0.261172,0.160717,-0.454311,-0.2,0.189385,-0.142544,-0.267293,0.296116,-0.133339,-0.385376,-0.088639,0.422501,-0.052103,0.107343,-0.347219,0.233948,-0.30121,-0.406769,0.25844,0.171871,-0.089206,0.165417,0.08758,-0.308149,0.147225,-0.161933,-0.22159,-0.348308,-0.534316,0.043988,-0.182321,-0.322488,-0.010483,0.108404,-0.258942,0.144476,0.127325,0.335893,0.137722,0.001583,0.16164,-0.054962,-0.382834,-0.02211,-0.138316,-0.067477,-0.04612,0.377598,-0.022952,-0.605296,-0.201731,-0.588324,-0.281955,-0.357568,-0.364083,-0.217694,-0.259137,-0.181252,-0.090069,-0.355011,-0.368841,-0.165394,-0.398658,-0.319233,-0.350558,-0.172254,-0.350244,0.031282,0.140749,-0.041056,-0.020371,0.053324,0.08436,-0.147571,-0.259825,0.011294,-0.212104,-0.410835,-0.60949,-0.112965,-0.218682,0.177057,0.183443,-0.166534,-0.443781,-0.3528,-0.114709,-0.258296,-0.445898,-0.398658,-0.147246,-0.254997,-0.562995,-0.209561,-0.419427,-0.308154,-0.166918,-0.236548,-0.3304,-0.129286,-0.300171,-0.096151,-0.17571,-0.665698,-0.675008,-0.363076,-0.193658,-0.342525,0.367203,0.025823,-0.314581,-0.031971,-0.182034,-0.25541,-0.154465,-0.412237,-0.309691,-0.287019,-0.110419,0.286246,-0.324008,-0.390527,-0.228983,-0.338958,-0.277768,-0.458245,-0.322143,-0.208917,0.541376,0.624561,-0.145374,-0.334103,-0.07062,-0.054106,0.105288,-0.163355,-0.563106,0.33725,-0.107965,0.114826,-0.036019,0.092957,0.05187,0.072454,-0.079577,-0.320397,0.30263,-0.242857,-0.466988,-0.217669,0.610281,-0.005549,0.297603,0.08841,0.39988,0.214363,0.286702,-0.296417,0.204995,-0.178966,-0.194631,0.26515,-0.062316,0.48398,-0.045546,0.121782,0.092628,-0.21074,0.261139,-0.340155,-0.556936,0.388737,#
5,-0.077647,-0.129524,-0.372453,-0.376549,-0.220489,1.0,0.226374,0.272972,0.288433,-0.069946,0.011126,0.108544,-0.029024,0.313338,-0.219159,0.141017,0.029079,0.289311,-0.279727,0.413466,-0.094883,0.473484,0.103919,-0.238958,0.357192,-0.206503,0.07261,0.180901,-0.189052,-0.187857,-0.283787,0.041152,-0.115376,-0.076992,-0.171691,-0.098912,-0.179909,-0.010973,-0.188083,-0.42683,0.075048,0.210098,0.276406,0.057228,0.019334,-0.21437,0.180669,0.1993,0.004506,0.111868,0.295297,0.029881,0.165665,-0.24361,-0.054389,0.128113,0.256921,-0.289658,0.368475,-0.046267,0.144247,-0.173794,0.049217,0.255543,-0.064981,0.274325,-0.120551,-0.116441,0.1297,0.167915,0.238474,0.09351,-0.298918,-0.143782,-0.03665,0.143393,0.201257,0.245801,0.028272,-0.018282,0.25332,-0.142727,0.131939,-0.353346,0.144865,0.32849,-0.018271,-0.226644,0.480935,-0.394588,0.150581,0.087623,0.024868,0.291759,0.208699,0.010577,0.038274,0.205125,-0.329286,-0.25692,-0.283262,0.206228,0.141267,0.222003,0.142275,-0.094886,0.380653,-0.595607,-0.036669,-0.324843,0.173535,0.33998,-0.031393,-0.138089,0.014988,-0.082553,-0.347879,0.32269,-0.154402,0.166259,0.068733,-0.101084,0.236537,-0.150412,-0.129249,0.442059,0.361663,0.348497,0.204796,0.244907,-0.335347,0.137455,0.030707,-0.201329,-0.139953,-0.054122,-0.201304,-0.323466,-0.034801,-0.321825,-0.052064,-0.223283,-0.146005,-0.134969,0.100916,0.23529,-0.173055,0.088797,0.308245,-0.267507,0.09274,0.106294,-0.087749,0.020112,-0.092682,0.260665,0.090193,0.07662,-0.030674,-0.036495,0.093502,0.083703,0.100438,0.22727,0.308245,0.155321,0.199684,0.193129,-0.20529,-0.079058,-0.32283,0.168279,-0.094886,0.386694,-0.168406,0.009391,0.199063,-0.095777,0.187824,0.032063,0.271601,0.109394,-0.035429,-0.065095,-0.341677,0.112489,0.220374,0.105536,-0.250494,-0.067445,0.055639,-0.271532,-0.057536,-0.180474,0.216665,0.112622,0.008405,0.190441,0.292916,-0.201873,#
6,0.203495,0.441747,-0.05245,-0.466189,0.489942,0.226374,1.0,0.214342,0.670447,-0.005163,0.041721,0.061266,0.369944,0.060477,0.495022,-0.09535,-0.164227,0.327573,0.17819,0.109218,0.079877,0.285314,0.009893,-0.074272,-0.040606,-0.368299,0.139522,-0.039702,0.15199,0.187784,-0.79365,-0.038569,0.318081,-0.209758,-0.199293,0.179524,-0.161735,-0.076151,0.007957,0.11074,0.145662,0.330273,-0.21231,0.184537,-0.098355,-0.199153,0.472178,0.501562,0.029217,0.241667,0.155867,-0.433377,-0.055594,-0.22695,-0.137148,0.186991,0.02213,-0.110661,-0.066647,0.048122,-0.137538,0.196093,-0.090471,0.25076,0.291607,0.399035,0.025561,-0.160506,0.153098,-0.029343,0.103844,-0.173003,-0.205619,-0.122825,-0.384513,0.47536,-0.059736,-0.123814,-0.233484,-0.277987,-0.126498,-0.539104,-0.368753,-0.231417,-0.484002,0.355784,0.030912,-0.063471,-0.207274,-0.309522,-0.450348,-0.213571,-0.532333,0.298446,-0.209257,-0.13969,0.259972,0.099421,-0.071669,-0.129155,-0.143692,-0.127713,-0.128714,0.35672,-0.219304,-0.544651,-0.102119,-0.422227,-0.209226,-0.307947,0.407305,0.255128,-0.321577,-0.693783,-0.027574,-0.23657,-0.5571,-0.272212,-0.058657,-0.27675,-0.365103,-0.225111,-0.437041,-0.421938,-0.185558,0.044298,-0.048422,0.413385,-0.193444,-0.119353,-0.385066,-0.609735,-0.529759,-0.09593,-0.200991,-0.308425,-0.02597,-0.145143,-0.184188,-0.176475,-0.309522,-0.26114,-0.276755,-0.125685,-0.210998,-0.190583,-0.408386,0.479569,-0.035303,-0.524813,0.079708,-0.204641,-0.139661,-0.357812,-0.383559,0.201877,0.679998,0.477392,-0.245962,-0.230749,0.40781,0.186431,0.527642,0.151884,-0.035303,0.529599,0.112239,0.201232,-0.342806,-0.215962,-0.067986,0.062746,-0.236324,-0.225405,0.145987,0.060056,-0.131583,0.129482,0.728953,-0.260275,0.168961,0.451445,0.119976,0.042173,0.286485,-0.064649,0.380669,0.107962,-0.758978,0.132964,0.213213,0.368885,0.15084,-0.033253,0.140373,-0.297711,0.171564,0.146519,-0.077327,0.029956,#
7,0.285212,0.231038,-0.028718,-0.340029,-0.025046,0.272972,0.214342,1.0,0.461172,-0.298951,-0.149642,0.136514,-0.026714,0.420932,0.142163,0.138726,0.016977,0.094807,-0.105077,-0.098439,0.064242,0.375259,0.158863,0.150291,-0.152237,-0.19735,0.3823,0.311538,0.232753,-0.017885,-0.398111,0.217447,0.098436,-0.299043,-0.088421,0.092217,-0.195008,-0.575042,0.218181,-0.023493,-0.120812,0.133029,-0.072042,0.181388,0.01156,0.033469,0.083752,0.331625,-0.209927,0.154571,0.091092,-0.100793,-0.038478,0.193164,-0.287254,-0.007676,0.092457,-0.236826,0.342156,0.034081,0.157293,0.055484,-0.211447,0.277312,0.049259,0.279776,-0.267334,0.16266,0.295389,-0.079983,0.03347,0.102256,-0.299041,0.228924,-0.369249,0.483152,-0.148201,-0.142761,-0.67202,0.003948,-0.078537,-0.322919,-0.023005,-0.179053,-0.189684,0.319999,0.171644,-0.204957,-0.031252,-0.55923,-0.20756,-0.256209,-0.325033,0.301042,-0.30646,-0.140418,0.214998,-0.125127,-0.316851,-0.432109,-0.205115,-0.310454,-0.008422,0.033084,-0.197124,-0.427964,-0.032582,-0.249896,-0.349669,-0.500185,0.158627,0.326406,-0.549941,-0.135626,-0.173639,-0.104104,-0.32198,-0.023377,-0.406218,0.137919,-0.082544,-0.235841,0.093237,-0.512287,0.034891,-0.135775,-0.038968,0.091307,-0.038742,-0.262148,-0.467923,-0.194199,0.032683,-0.199029,0.026053,-0.028554,0.148164,-0.309846,-0.084251,-0.298531,-0.375953,-0.067204,-0.293096,0.12388,-0.099911,-0.014912,-0.513542,0.165182,-0.18044,-0.071813,-0.111502,-0.096511,-0.253055,-0.197661,-0.069702,0.074506,0.320431,0.080292,-0.199174,0.128119,0.063494,0.093191,-0.094035,-0.035675,0.070832,0.165841,0.012779,-0.142265,-0.367635,-0.298786,-0.127752,0.149914,-0.606855,-0.216,0.189352,-0.003376,-0.138656,0.129328,0.348889,-0.302988,0.132821,0.30386,0.171792,0.294687,0.172554,0.103723,0.219133,-0.272848,-0.185628,0.128355,0.242924,0.119054,0.298672,-0.161526,-0.148351,0.252828,0.211214,-0.195321,-0.283138,0.434753,#
8,0.285399,0.194442,-0.003216,-0.344956,0.342962,0.288433,0.670447,0.461172,1.0,-0.144677,-0.248211,0.055178,0.49612,0.168049,0.179183,-0.232862,-0.246147,0.388023,0.163546,0.291078,0.178679,0.255709,0.062702,0.045952,0.106093,-0.480226,0.338453,-0.186988,0.244676,0.135062,-0.558146,-0.031485,0.226579,-0.35312,-0.3249,-0.026586,-0.099138,-0.309703,-0.07382,0.057932,0.460408,0.272158,-0.177975,-0.018848,-0.029883,-0.27521,0.385324,0.597275,-0.071855,-0.074653,0.068022,-0.266884,0.024104,0.139614,-0.432939,-0.047553,0.149197,-0.341565,0.229126,-0.010494,6.2e-05,-0.053461,-0.124877,0.304359,0.364763,0.516059,0.022779,0.124403,0.246994,-0.027563,0.302585,0.061779,-0.353117,0.207403,-0.197246,0.389234,0.012892,-0.071429,-0.170961,-0.25118,0.273555,-0.492189,-0.164038,-0.251977,-0.206801,0.483524,0.243815,0.112986,0.101822,-0.332009,-0.261481,-0.109837,-0.484391,0.547466,-0.215511,0.04421,0.533311,0.031036,-0.001613,-0.077637,-0.107126,0.056767,0.146883,0.330243,-0.023566,-0.214298,0.01075,-0.343955,-0.17725,-0.300057,0.613212,0.122534,-0.244829,-0.301567,0.145236,-0.239253,-0.43622,0.095688,-0.093189,-0.197229,-0.207365,-0.262187,-0.055704,-0.467916,0.020917,0.14527,-0.002669,0.389661,-0.210162,-0.065241,-0.311947,-0.478336,-0.198158,-0.180759,0.031885,-0.144892,0.031187,-0.126501,-0.195129,0.026618,0.023402,-0.313029,-0.264826,-0.117257,-0.162726,0.037998,-0.451481,0.350736,0.123689,-0.358762,0.133491,-0.279039,0.094141,-0.264217,-0.095807,0.173489,0.605986,0.354743,0.114071,-0.196245,0.134348,0.079303,0.178994,0.243926,0.123689,0.396317,0.267098,0.085921,-0.505781,-0.140174,-0.257017,0.145876,-0.237218,0.056468,0.137073,0.268254,-0.109869,-0.039794,0.628045,-0.511458,0.128106,0.111474,0.080328,-0.115115,0.11891,0.062578,0.541578,0.169223,-0.729807,0.092149,0.484864,-0.000961,0.109717,-0.220895,0.094679,-0.072328,0.082549,-0.130825,-0.098512,0.090119,#
9,0.390471,0.336907,-0.026096,-0.201557,0.3042,-0.069946,-0.005163,-0.298951,-0.144677,1.0,0.022452,-0.073369,0.323118,0.213642,0.068147,-0.059978,0.008578,0.325293,0.233383,-0.168426,-0.108642,0.183495,0.333466,-0.056239,-0.326114,-0.073568,0.124577,-0.269464,-0.023583,0.537933,-0.031048,-0.080684,0.294973,0.098411,-0.024994,0.145394,-0.36391,-0.1439,-0.244742,-0.031864,-0.008217,0.053495,0.06449,0.151315,-0.161055,-0.562072,0.033832,0.176362,-0.608947,-0.102283,0.160329,-0.066156,0.0023,-0.407355,0.216105,-0.398171,-0.39603,-0.046313,-0.324352,-0.291712,0.197553,-0.010953,-0.297899,0.034217,-0.273806,0.262488,-0.113046,0.006692,0.072918,0.18434,-0.28676,-0.285555,-0.190352,-0.696925,0.000508,0.064769,-0.31288,-0.456343,-0.110393,-0.356241,-0.077329,-0.31094,-0.239455,-0.020318,0.088561,-0.156001,-0.130809,-0.29094,-0.237342,-0.11098,-0.111003,-0.151144,-0.311908,-0.190398,-0.311298,-0.180893,0.129126,0.083267,-0.086117,-0.25087,-0.187378,-0.418636,-0.357207,-0.001546,-0.238398,-0.169129,-0.335178,-0.131372,-0.237471,0.022774,0.153124,-0.089045,-0.150514,-0.312526,-0.254074,-0.166599,-0.327022,-0.111003,0.378084,-0.579966,-0.386446,-0.227693,-0.041813,-0.145883,-0.227298,0.022701,-0.031141,-0.249009,-0.271983,-0.0381,-0.070087,-0.138593,-0.31288,-0.115184,-0.532886,-0.137347,0.225617,-0.179769,0.133157,-0.057844,-0.13349,-0.133006,-0.219363,-0.227286,-0.14942,-0.217784,0.350771,0.286228,-0.378043,-0.150935,-0.462844,-0.40179,0.159599,-0.24502,-0.152769,-0.299111,0.196036,0.381588,-0.018349,-0.271513,-0.260137,0.148933,-0.10204,0.012189,-0.701488,0.275516,-0.326982,0.065368,0.272322,0.137049,0.099449,0.076386,0.049053,-0.018349,0.392433,-0.510411,-0.204878,0.040122,0.068365,0.053276,0.051455,0.039334,-0.272374,0.134027,0.172856,-0.031545,0.212087,-0.188917,-0.01446,0.464427,0.025467,0.37628,-0.172669,0.389397,0.191793,-0.038488,-0.046779,-0.294494,-0.059825,-0.128554,#
10,-0.178797,-0.219197,0.157755,0.125715,0.133978,0.011126,0.041721,-0.149642,-0.248211,0.022452,1.0,0.133709,-0.337745,-0.185546,-0.060191,0.175296,-0.094801,-0.173623,-0.253011,-0.111543,-0.1715,0.172032,0.093764,-0.111382,0.128747,0.14359,0.053318,-0.097722,-0.280988,-0.261976,0.082978,0.031351,-0.034918,0.271463,-0.005657,0.271305,-0.128288,0.259075,-0.047609,-0.132446,-0.129475,0.100722,-0.016015,-0.137982,-0.205077,-0.003078,0.001767,-0.131562,-0.072447,0.196179,-0.138229,-0.114315,-0.078208,-0.374349,-0.261943,0.273352,-0.073191,0.243537,-0.128117,0.102642,-0.137079,-0.105445,0.079919,-0.312842,-0.241448,-0.458904,-0.214011,-0.417605,-0.258983,0.12092,-0.03715,0.03682,0.019836,0.139963,0.150445,0.037327,0.126577,-0.074914,0.041183,0.016448,-0.114367,0.069521,0.144093,-0.034176,0.056797,-0.122297,0.016439,0.095605,-0.20028,-0.128375,-0.213948,-0.032783,0.263679,-0.163227,0.267597,0.194413,-0.258146,0.437306,0.07253,0.08236,0.165719,-0.027931,0.212805,-0.205235,-0.036633,-0.174751,-0.010792,-0.240508,0.342965,0.180463,-0.466058,-0.113384,0.021993,-0.132471,0.107094,-0.07286,0.139211,-0.213948,-0.142734,0.219445,0.235987,-0.155036,0.095243,0.120617,-0.454631,-0.276954,-0.200356,0.195192,0.076018,-0.057105,0.260251,-0.046122,-0.132621,0.118954,0.072446,0.291066,-0.163231,0.205732,0.024914,0.043447,0.069735,-0.224755,0.390845,-0.394653,-0.26525,-0.109409,0.113937,-0.168377,-0.315211,0.228372,0.167528,0.182148,-0.301719,-0.311993,-0.035417,-0.184008,-0.21159,-0.127516,0.08568,-0.196431,-0.011331,0.210905,0.363566,-0.24385,-0.016124,-0.060199,-0.218053,0.231123,0.457849,0.011855,-0.023349,0.046465,-0.112873,-0.170475,-0.391514,-0.085523,0.00459,-0.056361,-0.127255,0.224581,0.382149,-0.147022,-0.136725,0.156945,-0.19757,-0.271482,-0.145406,-0.190958,0.065822,-0.308614,-0.283084,0.022323,-0.306855,-0.197731,-0.017422,-0.379624,0.167003,0.298709,0.19259,-0.163692,#
11,0.104844,-0.141527,0.104946,-0.211241,0.059799,0.108544,0.061266,0.136514,0.055178,-0.073369,0.133709,1.0,-0.177587,-0.064318,-0.097616,0.11538,-0.076049,-0.035632,-0.379627,-0.034715,-0.45782,0.236788,0.150934,-0.201214,0.004299,0.081744,0.115668,-0.35774,-0.107534,-0.094926,-0.163767,0.112617,0.028025,0.352097,0.204203,0.047256,-0.303584,-0.170686,-0.259933,0.015646,-0.025857,0.14591,0.061585,-0.348726,0.081574,-0.292405,-0.06453,0.007602,-0.135235,0.074801,-0.29062,0.039922,-0.052766,-0.157046,-0.062974,-0.091678,-0.186247,-0.05363,0.176086,0.085794,0.148108,-0.06408,-0.150943,-0.504862,0.18614,-0.1313,-0.273393,-0.086479,-0.124425,0.394776,0.171586,-0.197984,0.137367,0.157695,-0.550798,0.091121,-0.251381,-0.382079,-0.111892,0.173586,0.329466,-0.266077,-0.068166,-0.21933,-0.035062,0.248372,-0.006168,-0.144481,0.114501,-0.124889,-0.012351,-0.285154,-0.108744,0.084749,-0.087418,-0.13657,-0.227739,0.051838,-0.269997,0.006508,-0.091459,0.025558,-0.00466,0.053362,-0.387296,-0.199686,0.18999,0.091577,-0.067555,0.164852,-0.004508,0.22584,-0.377759,-0.087826,0.003297,-0.360949,-0.044181,0.167603,0.016406,0.146246,0.105624,-0.227035,0.00542,0.110062,-0.212508,0.154791,-0.153286,0.008312,0.173415,0.15779,-0.089872,0.031818,-0.242279,-0.142572,-0.082223,-0.109698,0.269377,-0.141324,0.1193,-0.280172,0.054179,-0.11787,0.033335,-0.246222,-0.264509,0.031872,-0.048282,0.000764,-0.164274,0.116189,-0.073588,-0.288798,-0.155383,-0.09793,-0.105064,0.076613,0.003975,0.011696,0.033209,0.0144,0.15221,-0.262712,-0.08604,-0.103054,-0.164274,-0.114142,0.146032,0.14229,-0.155727,-0.073676,0.148491,-0.040897,-0.078683,0.22703,-0.058698,-0.103071,-0.445548,0.244732,0.011354,-0.031594,0.147128,-0.033502,-0.163813,0.329668,0.113667,-0.1837,-0.106531,-0.100868,-0.155239,-0.184351,-0.354057,-0.103506,0.128654,-0.046232,0.173581,0.099738,0.422131,0.045604,0.115515,-0.025499,#
12,0.162805,0.191637,-0.198143,-0.067792,0.263105,-0.029024,0.369944,-0.026714,0.49612,0.323118,-0.337745,-0.177587,1.0,0.203675,0.254797,-0.379915,-0.1548,0.419813,0.167749,0.164652,0.337496,0.075952,0.168707,0.083103,-0.116662,-0.196468,0.087011,-0.249136,0.310431,0.278007,-0.292316,-0.100834,0.378682,-0.142945,-0.159453,-0.209721,-0.049468,-0.265864,-0.173863,-0.086088,0.29893,0.257835,0.186082,-0.080377,0.035169,-0.295674,0.3678,0.292442,-0.257261,-0.309025,0.239662,-0.206647,0.116984,0.08392,-0.166297,0.00666,0.150768,-0.138334,0.077782,-0.200364,0.041601,0.199984,0.00422,0.085066,0.201683,0.430139,-0.008205,0.237421,0.091005,-0.113439,0.037127,0.087025,-0.133905,-0.076126,-0.065191,0.208431,0.045901,-0.105589,-0.13252,-0.20168,0.172666,-0.453559,-0.3895,-0.218359,0.118944,0.284569,-0.030455,0.151629,0.112034,-0.072622,-0.197471,0.198607,-0.448404,0.196707,-0.464017,0.043823,0.573016,0.04686,0.046548,0.016357,-0.00386,-0.116218,0.13226,0.047289,0.088859,-0.014798,-0.11212,-0.104362,-0.225937,-0.113311,0.405447,-0.271951,-0.079939,-0.268367,-0.064312,-0.0329,-0.314325,0.159438,0.080427,-0.377465,-0.17546,-0.236405,0.024296,-0.336226,0.138805,0.280447,-0.087579,0.089673,-0.081275,0.184343,-0.103954,-0.241637,-0.272218,-0.323114,-0.096557,-0.070674,-0.122712,-0.124314,-0.059527,0.238869,-0.072622,-0.205227,-0.118364,-0.157874,0.037003,-0.097722,0.033737,0.223736,0.151848,-0.15303,-0.246248,-0.330667,0.346988,-0.174209,0.034646,0.157242,0.556735,0.207941,0.163166,-0.263732,0.056175,-0.215275,0.150939,0.379827,-0.093881,0.458121,0.385173,-0.104491,-0.260237,0.096979,0.044331,0.10299,-0.021009,-0.016711,0.312424,-0.014872,-0.115357,0.179747,0.327936,-0.077086,-0.113408,0.028055,-0.065997,-0.320624,0.294821,-0.024745,0.575048,0.186189,-0.488119,0.178506,0.473523,0.164576,-0.132081,-0.050043,0.13968,0.000576,-0.212493,-0.042218,-0.026896,-0.064257,#
13,0.385409,0.418178,-0.104434,-0.355048,-0.027945,0.313338,0.060477,0.420932,0.168049,0.213642,-0.185546,-0.064318,0.203675,1.0,0.017805,0.22558,-0.13758,0.294941,0.209315,-0.016193,0.119075,0.493297,0.640116,0.305004,-0.313068,-0.251291,0.405747,0.367947,0.215771,0.237784,-0.387046,0.202804,0.254992,0.180352,0.152199,0.145095,-0.266489,-0.299951,0.079847,-0.109425,-0.24998,-0.010829,0.496772,0.373264,-0.102035,-0.275973,0.085673,0.277599,-0.251393,0.136473,0.506984,-0.151208,-0.052575,0.123566,0.053105,-0.119001,0.044261,0.039484,0.236592,-0.029641,0.491857,0.067714,-0.177975,0.221574,0.113714,0.369487,-0.475701,0.44154,0.382367,-0.044883,-0.149271,-0.228086,-0.073946,-0.334843,-0.107205,0.334822,-0.237823,-0.108274,-0.485094,-0.127069,-0.304604,-0.389816,-0.255934,-0.029279,0.206305,-0.024778,0.076102,-0.331831,0.085738,-0.42004,-0.334468,-0.168401,-0.441967,0.263942,-0.437915,-0.356137,0.177102,-0.064405,-0.26335,-0.490256,-0.14644,-0.174292,-0.203535,-0.306826,-0.120022,-0.35044,0.064662,-0.480151,-0.325531,-0.191866,0.162983,0.15979,-0.229211,-0.174927,-0.325898,-0.137432,-0.450047,-0.189303,-0.039463,-0.187512,-0.205695,-0.363614,0.127307,-0.472076,0.107666,0.101188,-0.095885,-0.214203,-0.061395,-0.290288,-0.443949,0.015698,-0.159216,-0.308894,-0.241289,-0.231435,0.161259,-0.555956,-0.11996,-0.301891,-0.27559,-0.03553,-0.548446,0.016104,-0.290393,-0.108203,-0.25992,0.172727,-0.232711,-0.313808,-0.355862,-0.154589,-0.089497,0.039749,-0.305585,0.110666,0.203957,0.236981,-0.319767,-0.109173,-0.119165,-0.268303,-0.147286,0.33224,-0.221493,0.185501,-0.099817,0.078529,-0.184788,0.202578,-0.005795,0.3945,-0.028826,-0.303754,0.414575,-0.188794,-0.139502,0.061291,0.262487,-0.267396,0.064755,-0.068373,-0.075737,0.219796,0.186748,0.143419,0.084691,-0.169126,-0.14886,0.516548,-0.078243,0.173044,0.348389,0.374367,0.147345,0.196189,0.421113,-0.318955,-0.22858,0.186718,#
14,0.141542,0.400798,-0.030215,-0.194655,0.503956,-0.219159,0.495022,0.142163,0.179183,0.068147,-0.060191,-0.097616,0.254797,0.017805,1.0,-0.20317,0.121386,0.018757,0.163613,-0.069237,0.381294,-0.031986,-0.05033,0.209887,-0.273042,-0.086316,-0.0361,0.195693,0.252838,-0.014971,-0.452772,-0.164586,0.393878,-0.141706,-0.209332,0.299527,-0.27561,-0.18497,0.291254,0.248135,-0.229654,0.159131,-0.478637,0.240083,-0.048832,0.150193,0.206658,-0.034816,0.06056,0.372321,0.07664,-0.077745,-0.153393,0.061575,-0.023124,-0.010877,-0.270695,0.034155,-0.161398,-0.025299,-0.035105,0.495286,-0.440908,0.135607,0.019127,0.292421,-0.040611,0.010692,0.052486,-0.421397,-0.394165,-0.278715,0.089845,-0.041515,-0.360926,0.19942,0.000169,-0.402203,-0.179167,-0.400324,-0.279442,-0.170816,-0.203166,-0.212569,-0.419419,-0.015314,-0.083385,-0.140079,-0.348101,-0.335539,-0.237038,-0.312992,-0.174099,-0.15806,-0.503018,-0.292836,-0.025233,0.136549,-0.189144,-0.264459,0.338801,-0.28578,-0.237038,0.02401,-0.190809,-0.390661,-0.383133,-0.127511,-0.357726,-0.142966,-0.064792,-0.166544,-0.253756,-0.331033,-0.304715,-0.074634,-0.269102,-0.402982,-0.322594,-0.074983,-0.392566,-0.046165,-0.424197,-0.127844,0.125014,-0.418928,-0.329713,-0.140866,-0.349016,-0.099675,-0.506919,-0.494931,-0.336799,-0.161408,-0.171019,-0.169456,0.369634,-0.299977,-0.124239,-0.022343,-0.500666,-0.259966,-0.290183,0.070489,0.029294,-0.335187,-0.115527,0.190756,-0.314336,-0.395953,-0.20358,0.019394,-0.12121,-0.075767,-0.315924,0.13431,0.457688,0.314377,-0.323849,0.043335,0.275231,0.122537,0.118329,-0.151936,-0.314336,0.502112,0.069041,-0.009991,-0.040501,-0.355721,0.403631,0.139149,-0.083857,-0.323849,0.31106,-0.231085,-0.138849,-0.008296,0.439761,-0.008358,-0.040708,0.434831,0.582874,0.222628,0.295034,-0.177717,-0.127198,0.019197,-0.198248,0.104438,-0.054452,0.672859,-0.043175,0.129544,-0.188975,-0.209376,-0.120081,-0.124765,-0.294647,0.391257,#
15,-0.075399,-0.112697,-0.084913,-0.406695,-0.204541,0.141017,-0.09535,0.138726,-0.232862,-0.059978,0.175296,0.11538,-0.379915,0.22558,-0.20317,1.0,-0.155477,-0.428138,0.103083,-0.255102,-0.459349,0.391945,-0.02121,0.158193,-0.051761,-0.192087,0.19309,0.227711,0.069864,-0.184548,0.051874,0.211029,-0.122644,0.390332,0.014154,0.483233,0.26603,0.187822,0.056277,-0.056826,-0.29082,-0.398147,0.352752,0.117137,-0.250296,-0.041084,-0.328764,0.040083,-0.063753,0.285832,0.23923,0.05714,-0.012314,-0.125281,-0.093496,0.336745,0.295654,-0.143334,0.189762,-0.120651,0.220274,0.040372,0.312467,-0.160492,-0.081057,-0.257692,-0.250489,-0.055166,0.226397,0.193425,0.082365,-0.302002,0.152487,-0.164646,-0.039218,0.006926,-0.083469,0.045115,-0.176806,0.13935,-0.132619,0.024779,0.297791,0.14124,0.183494,-0.063348,0.139269,-0.449613,0.010348,-0.094556,0.128127,-0.110016,0.021453,-0.02861,0.210657,0.007236,-0.275857,0.168755,-0.166694,-0.31336,-0.074203,0.160406,-0.051241,0.001422,0.302141,-0.128335,0.097398,-0.125319,-0.063431,-0.19645,-0.264875,0.355847,-0.034294,0.203061,-0.078983,-0.042566,0.157169,-0.067092,-0.049,0.151402,0.040882,0.111715,0.051145,-0.011346,-0.238633,0.067554,0.30178,0.108982,0.163743,-0.254282,-0.174491,0.16457,0.202468,0.217307,-0.166501,-0.070694,-0.199223,-0.00656,0.047931,-0.322708,-0.094556,0.045003,-0.17159,0.26389,-0.097487,-0.15602,-0.214745,-0.293203,-0.192566,-0.128567,-0.009684,-0.093018,-0.317155,0.218863,-0.112983,0.079091,-0.253285,-0.047844,-0.245313,0.104754,0.303926,0.072259,-0.179476,0.137987,0.07376,-0.372942,0.01785,0.223391,0.107633,-0.06937,-0.134995,-0.086744,-0.080122,-0.043498,-0.143492,0.000814,0.008095,0.126562,-0.151106,0.036099,0.242103,-0.223217,-0.017738,0.147521,-0.328502,0.135996,-0.279825,-0.407861,0.026875,-0.043524,-0.332829,-0.270748,0.133368,0.016306,0.218223,0.126683,0.249965,0.157418,0.257047,-0.199786,#
16,0.226738,-0.021349,-0.220911,-0.086103,0.119089,0.029079,-0.164227,0.016977,-0.246147,0.008578,-0.094801,-0.076049,-0.1548,-0.13758,0.121386,-0.155477,1.0,0.116683,-0.284761,-0.311465,-0.150525,-0.189464,-0.345924,-0.125071,-0.248064,0.025276,-0.516318,0.029715,-0.09321,-0.055048,0.053972,-0.314469,-0.02964,-0.244947,-0.068143,0.238468,0.044733,-0.198228,-0.122054,0.083523,-0.348871,-0.327056,-0.188374,0.342035,-0.207245,0.111385,-0.299717,-0.459802,0.195641,-0.214643,-0.018345,-0.103267,0.026752,-0.20361,0.297184,-0.220984,-0.222215,0.094053,0.056422,0.216343,-0.164068,-0.111344,-0.069544,-0.016436,0.264563,-0.030144,0.591269,-0.088318,0.008721,-0.300665,-0.527382,0.15939,-0.003584,-0.118131,-0.009347,0.181466,0.268366,-0.050286,0.090737,-0.180812,-0.261579,0.251254,-0.017354,-0.012257,-0.146468,-0.26931,-0.562869,-0.14382,-0.005182,-0.268421,0.034374,-0.424496,0.247673,-0.423152,0.090737,-0.354699,-0.314509,-0.315932,-0.310357,-0.085078,0.263512,-0.329843,-0.182942,-0.172298,-0.007766,0.084211,-0.150448,-0.035654,-0.222326,-0.011267,-0.294067,-0.114583,-0.1423,0.063312,-0.310711,0.441197,-0.22973,-0.366195,-0.471469,0.198328,-0.31307,0.17279,-0.450193,0.183063,0.124505,-0.251165,0.089286,-0.064361,-0.354476,-0.087754,-0.129766,0.12377,0.087624,0.129091,-0.148792,-0.09252,0.189648,-0.175972,-0.478549,-0.211916,-0.268421,0.039781,-0.17578,-0.074515,0.18314,-0.22856,0.148699,0.095868,-0.00895,-0.139692,-0.032132,0.159863,-0.447797,-0.071987,-0.237735,-0.384896,0.00483,0.218948,-0.361218,-0.171068,-0.046991,0.008713,-0.188517,-0.401178,-0.00895,0.102377,-0.230927,-0.446887,0.12973,-0.244736,0.35525,-0.12592,-0.286003,-0.116706,-0.0221,-0.360029,-0.148629,-0.039854,0.029081,0.166426,0.096395,0.220665,0.463689,-0.073939,0.163633,-0.021285,0.028268,0.196985,0.550967,0.260798,-0.286764,0.212625,0.08254,0.151474,-0.246453,0.608303,-0.125883,-0.352952,-0.404411,0.520356,#
17,0.459225,0.500418,-0.262968,-0.170104,0.197899,0.289311,0.327573,0.094807,0.388023,0.325293,-0.173623,-0.035632,0.419813,0.294941,0.018757,-0.428138,0.116683,1.0,0.232154,-0.054,0.262111,0.02632,0.240412,-0.360041,-0.029366,-0.315561,0.025828,-0.015916,0.196803,0.392853,-0.434054,-0.186223,0.118292,-0.157772,0.047932,-0.314867,-0.466852,-0.197954,-0.037606,0.024255,0.103433,0.296008,0.088859,-0.02782,-0.250344,-0.380938,0.28235,0.191975,-0.046155,-0.253182,0.322255,-0.280243,-0.020301,-0.213422,0.05571,-0.414766,-0.039905,-0.090515,0.069258,0.188268,0.039374,0.182403,-0.343147,0.192246,0.320538,0.517452,0.068845,0.327688,0.141677,0.195341,-0.042448,0.065108,-0.631641,-0.442542,-0.18778,0.418667,-0.265737,-0.084451,-0.221685,-0.4817,-0.044523,-0.42273,-0.485852,-0.155461,-0.158204,0.243197,-0.30109,-0.16628,0.018209,-0.121151,-0.336992,-0.250528,-0.417654,0.091571,-0.22816,-0.186674,0.156788,-0.365488,-0.042501,-0.262931,-0.209705,-0.376653,-0.297114,-0.181994,-0.342113,-0.090602,-0.25955,-0.190791,-0.461635,-0.199101,0.309206,0.134995,-0.170592,-0.415369,-0.102486,-0.315543,-0.558037,-0.113188,0.145281,-0.569278,-0.402509,-0.292093,-0.381496,-0.414569,-0.157273,0.358153,0.031445,0.126862,-0.053103,-0.228187,-0.169511,-0.321538,-0.254499,-0.089965,-0.237183,-0.460232,0.192361,-0.355445,0.007222,-0.337636,-0.106979,-0.13919,-0.358212,-0.310796,-0.136471,-0.060035,-0.184562,0.64403,-0.078903,-0.384378,-0.224055,-0.3304,-0.03414,-0.439469,-0.422991,-0.05494,0.426761,0.470678,-0.33025,-0.361563,-0.274273,-0.082052,0.134315,0.14823,-0.329084,0.56438,-0.185213,-0.242263,-0.171174,0.086059,0.128958,0.080927,-0.090997,-0.164511,0.201295,-0.280042,-0.199463,0.357841,0.522449,-0.254836,0.059043,0.267413,-0.226615,-0.292799,0.355278,-0.141176,0.665052,0.234278,-0.423949,0.567688,0.149145,0.264587,0.240157,0.177906,-0.299182,0.210038,-0.023772,-0.366072,-0.256195,0.13146,#
18,0.296856,0.500242,0.042594,-0.155037,0.067002,-0.279727,0.17819,-0.105077,0.163546,0.233383,-0.253011,-0.379627,0.167749,0.209315,0.163613,0.103083,-0.284761,0.232154,1.0,-0.24151,0.351735,-0.180778,0.054579,0.138101,-0.257702,-0.465223,0.337525,0.168305,0.22695,0.446259,-0.121873,0.025943,0.223939,-0.005775,-0.070026,0.079566,0.054777,0.065176,0.077816,0.174415,-0.05359,-0.24869,0.007317,0.094856,-0.184989,-0.112745,0.192248,0.168571,0.090389,-0.017441,0.093925,-0.153994,-0.050494,-0.006332,0.166589,-0.12177,0.096136,-0.080335,-0.281649,-0.047068,-0.040708,0.087826,-0.089275,0.084889,0.083517,0.298291,-0.101474,0.111538,-0.006992,-0.221211,-0.20584,-0.49962,-0.051036,-0.414896,-0.090891,0.091899,-0.503073,-0.107931,-0.12225,-0.289576,-0.307194,-0.279874,-0.233608,0.475386,-0.147205,0.071067,0.164807,-0.168396,-0.235881,0.093479,-0.008545,-0.282261,-0.441382,-0.140087,-0.278616,-0.298023,-0.102402,-0.267525,0.070115,-0.151036,-0.163151,-0.152879,-0.351591,-0.164383,-0.110966,-0.043685,-0.299274,0.080328,-0.381846,-0.06447,0.22216,0.192876,-0.051364,-0.231037,-0.083961,-0.272199,-0.189329,-0.158628,0.263916,-0.547336,-0.364115,0.213409,-0.268763,-0.197957,-0.204654,-0.014409,-0.026665,-0.221895,-0.188082,-0.486097,-0.177749,-0.438655,0.033427,0.177833,-0.292169,-0.262045,-0.048858,-0.123959,0.06967,-0.062769,-0.074435,-0.085013,-0.457636,0.181953,0.033282,-0.297403,-0.143414,0.353884,0.001982,-0.298396,-0.156918,-0.339053,0.19191,0.066643,-0.26192,-0.130361,0.110152,0.323215,-0.307817,-0.001681,-0.123763,0.040448,0.084985,0.1031,-0.251519,0.036346,-0.233778,-0.105777,0.077014,-0.017605,0.181665,-0.147712,0.120211,-0.138952,0.344705,0.102154,-0.018677,0.308275,0.314713,-0.491366,0.158323,-0.034506,-0.06527,-0.102836,0.323756,0.050051,0.198651,0.003009,-0.325745,0.506044,0.122514,0.275656,0.357181,0.502727,-0.019592,-0.110402,-0.071152,-0.344217,-0.097315,-0.06447,#
19,-0.261332,-0.339354,-0.120266,0.161146,-0.078016,0.413466,0.109218,-0.098439,0.291078,-0.168426,-0.111543,-0.034715,0.164652,-0.016193,-0.069237,-0.255102,-0.311465,-0.054,-0.24151,1.0,0.124732,0.175173,0.176274,-0.00812,0.356514,-0.081232,0.096471,-0.165506,-0.282081,-0.23152,-0.004885,0.244245,-0.019359,0.053907,-0.323296,-0.268227,-0.020603,0.136419,0.056948,0.138071,0.353447,0.373848,0.089368,-0.261447,0.430356,0.0507,0.342867,0.354839,0.101619,-0.053188,0.074095,-0.013786,0.147431,0.185387,-0.144145,0.374678,0.326238,-0.149245,0.449952,-0.049235,0.046942,-0.142772,0.170454,0.174221,-0.140449,0.188065,0.062908,0.030857,0.081116,0.015167,0.382638,0.074398,0.06263,0.389183,0.188545,-0.41159,0.388751,0.372076,0.384252,0.176424,0.463807,0.22091,0.188073,-0.438817,0.324181,-0.041778,0.169997,0.308627,0.368832,0.077013,0.158601,0.601981,0.225435,0.439485,0.204929,0.258688,0.226881,0.419828,0.046261,0.300089,0.072643,0.599879,0.493255,0.29097,0.357147,0.171428,0.296836,-0.281341,0.521446,-0.036152,0.362292,-0.180859,0.312836,0.226753,0.140919,0.026831,0.167914,0.502902,0.130915,0.190895,0.356165,-0.109359,0.461554,-0.144128,0.261908,0.371572,-0.01174,-0.000622,0.320865,0.625952,0.033084,0.265281,0.058681,-0.261623,0.405747,0.094701,-0.26037,0.089107,0.013622,0.235421,0.403375,-0.170935,0.130024,-0.009732,-0.076194,0.200223,-0.151227,-0.205209,0.391779,-0.126259,0.154338,0.273028,0.298717,0.255011,0.427196,0.433067,-0.054902,-0.312219,0.494237,0.009067,0.032172,-0.096131,0.100369,0.326285,0.391779,0.095193,0.521767,0.278923,-0.379104,0.036807,-0.494671,0.04547,0.180797,0.320581,-0.117223,0.091066,0.42986,-0.451605,-0.154025,0.130051,-0.28831,0.028132,-0.011047,-0.006628,-0.425375,-0.055151,0.114364,0.08516,-0.195882,-0.461287,0.207076,-0.443779,-0.149311,-0.267726,0.247962,-0.415101,-0.226467,0.519241,0.257143,-0.261106,#
20,-0.107977,0.195776,-0.246138,0.225993,-0.030471,-0.094883,0.079877,0.064242,0.178679,-0.108642,-0.1715,-0.45782,0.337496,0.119075,0.381294,-0.459349,-0.150525,0.262111,0.351735,0.124732,1.0,-0.14491,-0.058983,0.209331,0.061097,-0.122909,-0.174908,0.207384,0.169604,0.097884,0.074843,-0.318905,0.137545,-0.053609,-0.121912,-0.254328,-0.057545,-0.094236,0.245194,-0.002836,-0.116146,0.130326,-0.113704,-0.067573,0.035358,0.316231,0.508447,-0.046774,0.184409,0.12446,0.058243,0.0539,-0.229497,0.371356,-0.049878,0.032119,0.146643,-0.036485,-0.041175,-0.027409,0.09291,0.254728,-0.099678,0.10045,-0.074374,0.195129,-0.033048,0.31842,-0.105114,-0.47875,-0.160033,0.067604,-0.03853,0.083957,0.159073,-0.114166,0.096798,0.12415,-0.078627,-0.19718,-0.083412,-0.078537,-0.035129,-0.061496,-0.046029,-0.047326,0.142152,0.229923,-0.018433,0.13493,0.138513,0.123623,-0.081491,0.123185,-0.276294,0.024573,0.18295,-0.081444,0.232072,0.109801,0.071993,-0.105613,-0.004593,-0.282243,-0.151965,0.089403,-0.245902,0.069559,-0.156769,-0.135929,0.130873,-0.138306,0.042778,-0.12828,-0.026914,-0.051446,0.060226,0.138513,-0.010764,-0.14599,-0.05251,0.277995,0.053039,-0.120139,0.309715,0.020108,-0.220095,-0.113585,-0.084146,0.102875,-0.005579,-0.184459,0.237944,0.012088,0.107623,-0.035069,-0.19911,-0.147071,-0.146412,0.346462,-0.044391,-0.256199,0.015419,0.173106,0.464942,-0.121588,0.018891,0.120537,0.29941,0.035989,-0.039052,0.177159,0.245132,0.052121,0.081761,0.293347,0.225476,-0.030876,-0.031706,0.004481,-0.093148,-0.069261,-0.071173,0.242661,0.111409,0.226458,0.064057,-0.116471,-0.033288,0.134319,0.022628,0.246911,0.264433,-0.031706,0.139344,0.254898,0.07134,0.061817,0.153286,-0.170784,0.028484,0.183186,0.214654,-0.056865,0.127394,0.208179,0.183005,0.335165,-0.088868,0.055867,0.234147,0.292338,-0.069566,-0.064249,-0.400944,-0.124538,-0.243932,-0.137797,-0.130888,0.163199,#
