0,1.0,0.111574,-0.253113,-0.191559,0.484103,0.282278,0.324322,-0.35982,0.349576,0.420769,0.54689,0.164581,0.332418,-0.021398,-0.195265,0.062188,-0.149624,0.130864,0.050018,-0.215269,0.638955,0.053288,0.34541,-0.187594,0.062748,-0.474091,-0.203542,-0.450342,0.28639,0.281641,-0.293762,0.201221,0.209973,-0.21693,-0.315784,-0.126584,-0.303029,-0.445874,-0.309147,0.152141,0.238065,-0.052351,-0.21784,0.166531,-0.181675,-0.096405,-0.278257,0.063202,0.013613,0.345842,0.283228,-0.299783,0.114988,0.004901,0.197211,0.386397,-0.349953,0.282417,-0.05655,-0.138871,-0.207998,0.220693,0.331755,-0.505966,0.205568,0.304801,-0.228037,0.327851,0.239808,0.395962,-0.455653,-0.047957,0.209458,-0.440817,-0.668339,-0.173089,-0.187797,-0.02853,-0.154725,-0.14631,-0.364393,-0.419668,-0.131129,-0.299167,-0.276146,-0.286215,-0.275059,-0.066898,-0.207713,-0.312356,-0.152253,-0.545814,-0.281804,0.031498,-0.448937,-0.43704,-0.174583,-0.203749,-0.381856,-0.283651,0.09998,-0.379066,-0.312017,-0.108614,-0.574576,-0.19178,-0.220549,0.069016,-0.277037,-0.032601,0.105442,-0.30678,-0.253935,-0.297753,-0.257666,-0.467078,-0.141803,-0.188513,0.060751,-0.067895,-0.608,-0.355047,-0.288339,-0.056787,0.108025,-0.075872,-0.382954,0.049204,0.1406,-0.595614,-0.283449,-0.147141,-0.435074,-0.213574,-0.200934,-0.131467,0.211595,-0.453821,-0.345731,-0.427555,-0.296397,-0.100538,-0.687409,0.131792,0.036672,-0.089087,-0.395857,0.665469,-0.234212,-0.215353,0.016412,-0.389649,-0.126419,-0.117681,-0.28623,-0.21819,-0.290523,0.364794,-0.524486,-0.36829,-0.207504,-0.371066,-0.124544,0.110607,-0.149987,0.522895,-0.514971,0.006513,-0.479994,-0.139784,0.238916,0.359459,-0.232318,-0.065606,0.525791,0.181001,-0.022379,0.232621,0.295733,0.207814,0.4051,0.208852,0.199941,0.396049,0.295938,-0.200017,-0.048581,-0.072739,-0.224162,0.562601,-0.236612,0.292311,0.373172,0.202867,0.197658,0.014427,0.209509,-0.236612,-0.320246,-0.016163,#
1,0.111574,1.0,-0.071212,-0.490582,0.309097,-0.083092,-0.253164,-0.250958,-0.134418,0.332701,-0.009528,0.251581,0.165907,0.409603,0.116258,-0.106236,-0.22872,0.045868,0.236909,-0.095998,-0.092382,-0.273458,0.238881,0.080534,-0.015254,-0.069489,0.293189,-0.092218,0.107038,0.452067,-0.451759,-0.063103,-0.159441,-0.207339,-0.056103,0.066634,-0.229973,0.051163,-0.229993,0.03698,-0.230035,0.032931,-0.416145,0.072074,0.101635,0.213406,0.209338,0.372309,-0.56337,0.239179,-0.109815,-0.418027,0.257542,-0.155465,0.245875,-0.207977,-0.153349,0.246643,0.186544,-0.182472,0.049876,0.186667,0.17763,0.047877,-0.017212,0.132487,-0.159134,0.124752,0.126796,0.238892,-0.01117,0.059956,0.197082,-0.171351,-0.308726,0.08514,-0.357543,-0.252686,-0.01311,-0.211068,-0.043491,-0.23281,-0.132404,-0.276404,0.144517,-0.014145,-0.327025,-0.415742,0.291169,-0.308918,-0.242065,-0.200929,-0.327025,0.036676,0.122956,0.147178,0.226035,0.18498,-0.253153,-0.103685,0.244549,-0.199963,-0.212977,-0.276664,-0.266252,-0.301253,-0.034724,-0.254847,-0.111133,-0.300809,0.29999,-0.108872,-0.173468,-0.230109,-0.306077,-0.081178,-0.193263,-0.084302,-0.229701,-0.310128,-0.113429,-0.301088,-0.421914,-0.227128,0.14117,-0.227787,0.199387,0.12854,0.218555,-0.327025,-0.083212,-0.136282,0.117779,-0.207414,-0.165735,-0.184124,-0.161105,-0.161055,-0.13441,-0.551409,-0.276582,0.059731,-0.301247,-0.222585,-0.305332,-0.209907,-0.004685,0.026809,-0.179368,-0.354439,-0.536894,-0.231761,-0.276582,-0.18451,-0.131156,-0.300932,0.222664,0.368994,0.119125,-0.08378,-0.111024,-0.300861,-0.074898,-0.057246,0.229224,0.112426,-0.047882,0.145878,-0.230129,-0.276384,-0.196705,0.29028,-0.252686,-0.053102,-0.18167,0.000958,-0.160967,0.192313,0.332094,-0.266668,0.501689,0.008282,-0.016052,0.207755,0.238304,-0.286599,0.338902,-0.086581,0.032478,0.256647,0.000958,-0.054558,0.108899,0.141152,-0.181002,-0.275304,0.118393,-0.632814,-0.107219,-0.207387,#
2,-0.253113,-0.071212,1.0,0.145054,-0.071273,-0.033115,0.098137,0.566707,-0.095912,-0.37815,-0.099679,0.067115,-0.239192,-0.184944,0.037072,0.029406,0.323856,-0.008412,-0.172165,0.436657,-0.058125,-0.015287,0.127033,0.286574,0.363308,0.258467,-0.016621,0.012269,-0.189405,-0.226157,0.069354,0.144182,-0.13786,0.050104,-0.109231,0.140409,0.332013,0.045037,0.310841,-0.280659,0.177901,0.106005,-0.184293,-0.245568,0.444568,-0.108448,-0.30491,-0.126165,-0.157292,-0.149132,0.13701,0.423524,-0.084116,-0.060364,-0.079662,-0.090336,-0.076474,-0.212547,0.014411,-0.05096,-0.22256,-0.160271,0.05753,0.36052,0.074467,0.208709,0.025941,0.116255,-0.026212,-0.34378,0.052297,-0.368333,-0.38566,-0.13893,0.086269,-0.212893,0.135358,-0.102544,-0.249981,-0.076468,0.586867,-0.028814,0.201387,0.166381,0.071254,0.157742,0.337802,-0.040963,0.169142,-0.071376,0.374542,-0.187895,0.010728,-0.169242,0.020007,0.038854,0.296226,0.31362,0.265387,0.03306,0.001127,0.137622,0.221516,-0.018722,-0.165027,0.240632,-0.206718,0.24063,0.034481,-0.074437,0.187122,-0.260701,0.194715,-0.030184,0.259776,-0.159118,0.077736,0.130025,-0.007214,-0.147636,0.205774,0.098248,0.249444,0.169711,0.199175,0.167202,-0.046982,-0.021856,-0.084007,0.163315,-0.142231,-0.062917,-0.017736,-0.128923,0.323216,-0.239078,-0.149743,0.046946,0.07075,0.194715,0.017879,0.281285,0.238033,0.091518,-0.05916,0.097368,-0.010048,-0.066105,0.1768,0.09798,0.093042,0.144811,0.017879,-0.274627,0.203288,-0.225822,0.181805,0.066057,0.134369,0.282233,0.543335,0.257174,0.343906,-0.050597,-0.053353,-0.069477,0.407942,-0.267515,0.491277,-0.146812,0.279998,-0.019404,0.100475,0.379317,-0.256404,0.292516,-0.385447,-0.098639,0.005345,0.104477,-0.301614,-0.044152,-0.043186,-0.066421,-0.324785,-0.056217,0.299681,-0.132714,0.278145,-0.469823,0.292516,-0.043358,0.05236,0.108807,-0.09263,0.356726,0.212055,-0.146095,0.046241,0.07071,#
3,-0.191559,-0.490582,0.145054,1.0,-0.032203,0.034996,-0.375793,0.289359,-0.059626,-0.463324,-0.131064,-0.087521,-0.300406,-0.143425,0.177543,0.228773,0.256543,-0.058465,-0.12858,0.028335,-0.111959,0.01222,-0.241251,0.15202,0.044308,0.097939,-0.029562,0.14337,-0.193477,-0.238186,0.388259,0.160652,0.092867,0.202654,0.23454,0.259639,0.070187,0.190013,0.232643,-0.08546,0.301571,-0.054144,0.162967,-0.297038,-0.006366,-0.12983,0.131637,-0.407737,0.188321,-0.261929,0.023054,0.624237,0.030707,0.212136,-0.154637,0.133045,-0.164203,-0.259981,-0.151572,-0.078906,-0.191853,-0.365736,-0.360031,-0.139826,-0.141606,-0.339265,0.319029,0.111323,-0.219493,-0.254333,-0.034064,-0.214796,-0.36912,0.264131,0.541487,-0.245808,-0.029989,0.367891,0.215127,0.266871,0.24169,0.177768,0.2743,0.165474,0.038255,-0.010481,0.489869,0.198422,0.371875,0.222273,0.237522,0.002544,0.152568,0.107136,-0.000105,0.144684,-0.319793,0.286761,0.342994,0.186216,-0.302191,0.690529,0.39742,0.396053,0.126022,0.250648,0.06819,0.032305,0.012082,0.424658,-0.279874,0.189274,0.115375,0.262802,-0.078847,0.123518,0.570745,0.344794,0.309124,0.10662,0.168917,0.257296,0.464988,0.125075,0.084026,-0.04247,0.0604,-0.24167,-0.220164,0.316581,-0.095956,0.029376,-0.301001,0.026335,0.186508,0.159885,-0.127368,-0.14506,0.041219,0.164315,0.043214,0.066271,0.233265,-0.05091,0.357999,-0.054964,0.273857,-0.372272,0.138187,0.207311,0.20808,0.453515,0.062913,0.141733,0.42615,0.428303,-0.306871,-0.399866,0.195242,-0.032532,0.300082,0.58917,-0.021463,0.114066,0.043424,-0.370493,0.079981,0.395064,0.231651,0.035325,-0.197731,-0.276225,0.14849,0.470138,0.061628,0.362693,-0.12344,-0.352607,-0.49283,0.068152,-0.651406,-0.135884,-0.301895,-0.425792,-0.474301,0.106892,-0.537309,-0.254963,0.067174,-0.470979,-0.090627,-0.049358,0.09198,-0.021107,-0.282301,-0.274953,0.104963,0.362693,0.36972,0.238454,#
4,0.484103,0.309097,-0.071273,-0.032203,1.0,0.077698,-0.103696,-0.086219,0.171733,0.365912,0.174014,0.158,0.273894,0.253353,-0.255406,0.487266,-0.276295,-0.037402,0.225256,-0.15663,0.26156,0.063993,0.182796,-0.048072,-0.143025,-0.200234,0.173304,-0.133849,0.333525,0.291632,-0.298207,0.201465,0.106993,-0.175012,-0.043788,0.190999,-0.237038,-0.157619,0.138405,-0.351053,0.292101,0.031079,-0.232577,0.129338,0.052329,0.439694,0.061145,0.03564,-0.132356,-0.071398,0.088706,-0.14023,0.312739,-0.095754,0.273271,0.209043,-0.386347,0.343477,-0.087551,-0.336686,0.127271,-0.277016,0.268759,-0.22344,-0.03786,0.309231,0.20552,0.639544,0.157142,0.231348,-0.443727,0.167869,-0.035599,-0.353088,-0.119405,0.140205,-0.187117,0.039223,-0.085929,0.04568,-0.026208,-0.653919,-0.062696,-0.347241,-0.061917,0.028948,-0.136906,-0.279243,0.120094,-0.285496,-0.324683,-0.595889,-0.470822,0.13691,-0.429648,0.050638,0.258411,0.150785,-0.107467,0.220343,0.18721,-0.078295,-0.128643,-0.021892,-0.421639,-0.081661,-0.128388,-0.07299,0.043563,-0.261332,0.131263,-0.200883,-0.211451,-0.424583,-0.12983,-0.356148,0.17819,0.153659,-0.080562,-0.350867,-0.263828,-0.389256,-0.318381,0.111853,0.282575,-0.226511,-0.250764,0.018426,0.176335,-0.252303,-0.336309,-0.251458,-0.423372,-0.173135,-0.236243,0.301951,-0.29726,-0.071639,-0.381667,-0.684254,-0.166158,-0.086303,-0.387105,0.264989,0.193322,0.011949,-0.059893,0.293559,-0.181108,-0.306071,-0.433016,-0.046579,0.025523,-0.175359,0.114214,-0.048738,-0.152097,0.357927,-0.136459,-0.041097,-0.40429,-0.087196,-0.119719,0.150152,0.151179,0.358873,-0.185748,0.292,-0.23819,-0.163348,-0.191367,0.402692,-0.121786,0.023655,0.031886,0.100354,-0.06952,-0.047082,0.090491,0.074662,0.243194,0.288175,-0.089978,0.188556,0.239696,-0.301132,-0.048188,-0.310328,0.05133,0.249518,-0.232924,-0.052634,0.650715,0.341838,-0.090689,-0.330806,0.191758,-0.362532,-0.155746,-0.231503,#
5,0.282278,-0.083092,-0.033115,0.034996,0.077698,1.0,0.192238,-0.322126,-0.06775,0.318329,0.302056,0.34907,0.229913,0.091734,-0.141145,0.226889,0.094885,-0.064173,-0.077502,-0.113878,0.524896,0.088336,0.321833,-0.267279,-0.038,-0.384399,-0.261381,-0.191496,0.188174,0.218161,-0.01678,0.372471,-0.164654,-0.144859,-0.43094,-0.0917,-0.406872,-0.395933,0.134402,0.062821,0.136195,0.034193,0.198256,-0.010765,-0.363148,-0.430704,-0.145128,-0.31523,0.283988,0.092785,0.279782,-0.15447,0.169185,-0.083119,0.340573,0.495588,-0.188726,-0.17962,-0.287071,-0.103057,-0.16555,0.28119,0.401108,-0.38864,0.298331,0.114138,-0.185551,-0.031847,-0.213914,-0.010732,-0.559564,-0.015393,0.272509,-0.19845,-0.18411,-0.207804,-0.209055,-0.148127,-0.217518,-0.201843,-0.265937,-0.005387,-0.22044,-0.060942,-0.317082,-0.209498,-0.200782,0.038574,0.022445,0.026498,0.072763,0.024707,-0.368705,0.119068,-0.055972,-0.365485,-0.018913,-0.287065,-0.304818,-0.036368,0.44645,-0.142262,0.118169,-0.578652,-0.258747,-0.261944,0.007263,-0.249792,-0.504313,0.022881,-0.091299,0.008703,-0.069501,-0.067044,0.090016,-0.170446,-0.071834,-0.217389,-0.130442,0.05557,-0.190292,0.187751,0.062584,-0.298187,0.041435,-0.133053,-0.079669,0.308445,-0.033753,-0.198513,0.06047,-0.095306,-0.47132,0.344568,0.037773,-0.079075,0.478283,-0.177175,0.000467,-0.23733,0.102421,0.149737,0.00344,0.134755,0.315061,-0.071378,-0.321972,0.395146,-0.048374,0.019338,0.137144,-0.138508,-0.015684,-0.476893,-0.365487,-0.17523,-0.214267,-0.039049,-0.437079,-0.125899,-0.320245,-0.148239,-0.343744,-0.125763,-0.165344,0.482612,-0.115027,-0.207115,0.107082,-0.06669,0.089221,-0.015689,0.192184,-0.135518,0.471415,0.203335,-0.416044,0.323757,-0.076217,-0.101457,0.15446,0.346184,0.296608,0.344719,-0.110348,-0.373001,0.066186,0.13637,-0.116446,0.27248,0.203335,-0.003844,0.002247,0.1393,0.296905,0.099731,0.314924,0.203335,-0.135662,0.178012,#
6,0.324322,-0.253164,0.098137,-0.375793,-0.103696,0.192238,1.0,0.100038,0.161187,0.31719,0.249113,-0.020964,0.191782,-0.320829,0.053199,-0.172052,0.321612,0.155361,0.016485,0.175032,0.572396,0.225903,-0.005569,-0.218966,0.220934,-0.147079,-0.384882,-0.256844,-0.093777,-0.050983,0.042177,-0.055953,0.218724,-0.177842,-0.185665,-0.23204,-0.029438,-0.284869,-0.253911,0.156395,-0.043285,0.101296,-0.097299,0.143073,0.041535,-0.252732,-0.421906,-0.004353,0.133549,0.395169,0.131759,-0.312158,-0.253162,-0.06356,0.282921,0.251254,0.108931,0.247863,0.152199,-0.107805,-0.263856,0.431306,0.360079,0.035703,0.019354,0.34252,-0.295555,-0.21914,0.233004,0.176351,-0.227373,-0.183008,0.165932,-0.371386,-0.438864,-0.262136,-0.056172,-0.310688,-0.466135,-0.148629,-0.395417,-0.153253,-0.219288,-0.141105,-0.264018,-0.162378,0.091408,-0.114166,-0.42846,-0.09094,-0.007939,-0.088925,-0.256409,-0.040792,-0.247166,-0.424464,0.08637,-0.389658,-0.106585,-0.265355,0.250142,-0.425286,-0.315092,-0.347839,-0.386198,-0.02918,-0.414134,0.217846,-0.099018,-0.369611,0.078727,-0.202204,-0.181819,-0.427375,0.235875,-0.188445,-0.492556,-0.614329,0.128342,0.026005,-0.084446,-0.032362,-0.104765,-0.003706,-0.058976,-0.048946,-0.252412,0.251105,0.116257,-0.430317,-0.150948,0.014185,-0.182193,0.017786,-0.065587,-0.116791,0.410464,-0.059952,-0.178298,0.287378,0.00154,0.061094,-0.20161,0.258389,-0.088881,0.005224,-0.369925,0.634119,-0.193647,0.024017,0.267807,-0.382627,0.00154,-0.122223,-0.357791,-0.208058,0.006627,0.318868,-0.475712,-0.047461,-0.035204,-0.375885,-0.095878,-0.024164,-0.299557,0.492534,-0.20365,-0.19886,-0.050454,0.018728,0.494125,0.253464,0.083953,-0.130169,0.040056,-0.308896,0.165841,0.276408,0.446561,0.277248,0.393419,0.28886,0.294255,0.38991,0.051,-0.111741,0.273268,0.23026,-0.133761,0.207587,0.136171,0.14592,-0.004146,0.128525,0.202593,0.535753,0.15375,0.136171,-0.46557,0.026613,#
7,-0.35982,-0.250958,0.566707,0.289359,-0.086219,-0.322126,0.100038,1.0,0.12045,-0.234578,-0.504357,0.090258,-0.364115,-0.353275,0.209576,0.086393,0.155075,0.07641,-0.0389,0.314458,-0.018372,-0.033082,-0.331199,0.222439,0.160882,0.097817,-0.22853,0.111059,-0.134541,-0.258369,0.195274,0.022707,-0.293545,-0.030931,0.102792,0.290005,0.355898,0.183487,0.348752,-0.11092,-0.025067,0.087318,-0.029211,-0.272375,0.581712,0.116855,-0.101825,0.090442,-0.205499,-0.146821,0.194929,0.287049,0.003391,0.000555,-0.223715,-0.136115,0.012992,0.026469,0.073844,-0.160975,0.162861,-0.30148,-0.289159,0.114105,-0.349197,-0.002753,0.359358,0.0685,0.15161,-0.22371,0.057835,0.073021,-0.064863,0.113925,0.277734,0.139204,0.16149,-0.092109,-0.111741,0.178226,0.453111,0.055473,0.120215,0.238175,0.126325,0.039941,0.27579,-0.12131,0.240159,-0.048538,0.247934,-0.038952,0.043461,-0.22456,-0.062729,-0.117143,0.104972,0.292433,0.214234,0.05335,-0.280446,0.433247,0.422497,0.164206,-0.036822,0.327338,-0.173098,0.207013,0.2243,-0.247342,0.063774,0.125798,0.298362,-0.031633,0.025942,0.253546,0.180721,0.157159,-0.018752,-0.304303,0.282287,-0.008014,0.101177,0.193722,0.191197,0.00227,-0.250213,-0.179338,-0.163654,0.210052,0.103909,-0.250906,0.064403,-0.172755,-0.073514,0.102402,-0.296608,0.172305,0.20579,0.298362,0.025467,0.131622,0.332608,0.062853,-0.211687,-0.034223,0.201897,-0.086747,0.283665,0.224234,0.278254,0.17875,-0.205745,-0.114982,0.290421,0.160153,0.057264,0.123915,0.002071,0.098522,0.441035,0.295547,0.043461,0.106294,0.097795,-0.357537,0.097381,-0.02132,0.494556,-0.013251,0.180748,-0.288135,-0.081135,0.208226,-0.295108,0.159663,-0.296354,-0.322597,-0.132012,-0.177748,-0.523799,-0.051121,-0.425412,-0.238665,-0.181414,0.02117,0.242934,-0.100714,0.082258,-0.337434,0.159663,0.152262,-0.003648,-0.056934,-0.121553,0.282751,0.116231,0.159663,0.424287,0.023171,#
8,0.349576,-0.134418,-0.095912,-0.059626,0.171733,-0.06775,0.161187,0.12045,1.0,0.431324,0.045582,0.001601,0.138349,-0.00379,-0.357336,-0.072215,-0.33278,0.433641,0.35392,-0.073848,0.41533,0.161038,0.482426,0.050155,0.206848,-0.399574,-0.411064,-0.298613,0.269497,0.141897,0.030432,-0.128382,-0.200782,-0.022964,-0.21935,0.434164,0.052224,-0.363376,0.038967,-0.010377,0.053363,-0.174877,-0.065441,0.108174,-0.043904,-0.195153,-0.107507,0.345044,-0.03084,-0.011684,0.496021,-0.343572,0.107071,0.162815,-0.13503,-0.124474,-0.127486,0.060777,-0.104119,-0.001247,0.192534,0.202613,0.123841,-0.460233,-0.156685,0.272907,0.179514,0.172595,0.428209,0.010147,-0.378416,0.108024,-0.006415,0.00204,-0.169475,0.191838,0.166407,-0.070843,-0.180843,0.174624,-0.046105,-0.252833,-0.325286,-0.115948,-0.13029,-0.289347,-0.296083,0.072017,0.07576,-0.169581,-0.434519,-0.261644,-0.301737,-0.124156,-0.323503,-0.304204,-0.01657,0.274692,0.131589,-0.112526,0.066596,0.23087,-0.154754,0.180995,-0.083408,-0.213522,-0.427616,0.019832,0.184637,-0.237606,0.440367,-0.305484,-0.268806,-0.325537,-0.083593,-0.145401,-0.016617,-0.205165,-0.123167,-0.473419,-0.142439,-0.560705,-0.344394,-0.274792,0.017929,-0.10504,-0.155783,0.207073,-0.235751,-0.151351,0.060641,-0.140567,-0.266962,-0.242255,-0.241176,0.074394,-0.010829,-0.24418,0.163169,-0.061682,-0.164811,-0.136469,-0.404162,-0.353609,-0.431244,-0.34627,-0.290362,0.328312,-0.248118,-0.222525,0.167441,-0.431117,0.050972,-0.318263,-0.136493,0.082417,0.022321,0.529517,-0.060924,0.232582,-0.162873,-0.049555,-0.276861,0.311232,0.196101,0.033099,-0.359335,-0.298784,-0.123431,0.382861,0.322707,0.317614,-0.219547,-0.276036,-0.014044,0.080115,-0.019507,0.200962,0.109154,0.269471,0.040088,0.017866,-0.011313,-0.020962,0.251888,0.111147,0.105561,-0.068165,-0.169413,0.515507,0.080115,0.086184,-0.12677,0.16678,0.150852,0.042558,0.015557,0.080115,0.000822,-0.434953,#
9,0.420769,0.332701,-0.37815,-0.463324,0.365912,0.318329,0.31719,-0.234578,0.431324,1.0,0.119132,0.174487,0.332818,0.130848,-0.10978,0.100278,-0.239891,0.453921,0.45619,-0.113047,0.481175,-0.086284,0.382328,-0.356524,-0.097949,-0.471746,-0.245837,-0.042981,0.233657,0.574876,-0.048118,-0.07772,-0.000414,-0.141707,-0.133754,0.030358,-0.388318,-0.411931,-0.011458,0.208652,-0.011547,-0.03137,0.009787,0.268833,-0.346546,-0.12226,-0.156035,0.069173,-0.228421,0.155379,0.360363,-0.858928,0.058651,-0.082731,0.41546,0.24273,0.062979,0.342509,-0.123472,-0.308111,0.171973,0.4708,0.173912,-0.424877,-0.013862,0.27783,-0.023458,0.062016,0.33267,-0.011957,-0.516547,0.238975,0.476301,-0.322719,-0.390468,0.116471,-0.326622,-0.261037,-0.367165,-0.243642,-0.337324,-0.522744,-0.317035,-0.303302,-0.425749,-0.292697,-0.384564,-0.201399,-0.200824,-0.201801,-0.405618,-0.208717,-0.552194,0.175138,-0.221621,-0.235191,0.344082,-0.007769,-0.246917,-0.220325,0.341144,-0.213734,-0.415931,-0.293816,-0.148908,-0.338283,-0.418073,-0.357331,-0.053072,-0.349727,0.143693,-0.183834,-0.29013,-0.388548,-0.268146,-0.100713,-0.432691,-0.526102,-0.38786,-0.448927,-0.225077,-0.341437,-0.624535,-0.506035,0.186776,-0.310857,0.016392,0.165367,-0.080977,-0.552194,0.118645,-0.230117,-0.291327,-0.350227,-0.70267,-0.114955,0.208929,-0.271947,-0.232114,-0.299161,-0.121459,-0.230154,-0.508668,-0.079209,-0.220669,-0.330894,-0.328034,0.704597,-0.510465,-0.432375,-0.190926,-0.657442,-0.121459,-0.311552,-0.49322,-0.173791,0.063553,0.590168,-0.281967,-0.005938,-0.628135,-0.348863,-0.384564,0.006871,0.179601,0.384283,-0.508685,-0.151603,-0.201402,0.055558,0.057584,0.34885,-0.080829,-0.622437,0.107051,-0.084688,-0.043397,0.506083,0.35255,-0.09343,0.626426,0.385039,0.007474,0.307718,0.359928,-0.448291,0.349463,0.123065,-0.090287,0.618628,-0.084688,-0.174146,0.044543,0.368408,0.113704,0.045063,0.217046,-0.084688,-0.36907,-0.350182,#
10,0.54689,-0.009528,-0.099679,-0.131064,0.174014,0.302056,0.249113,-0.504357,0.045582,0.119132,1.0,-0.045295,0.363081,-0.353605,-0.042691,-0.110695,-0.049218,-0.042825,-0.22616,0.191995,0.330143,-0.057082,0.200795,0.040751,0.187343,-0.126587,0.182996,-0.343248,0.169126,0.05545,-0.008082,0.036017,0.336317,-0.205074,-0.087688,-0.124374,-0.262971,-0.257734,-0.462222,0.356216,-0.111647,-0.199172,-0.186939,-0.206852,-0.192413,-0.38073,-0.188508,-0.05466,0.211442,0.378607,0.103785,-0.237671,-0.002381,0.421958,0.368194,0.179969,-0.308611,0.099679,0.389535,-0.230419,-0.310842,0.404688,0.329876,-0.0946,0.11137,0.178726,-0.319815,0.008667,0.045122,0.244973,-0.204857,-0.240208,0.151202,-0.449421,-0.545299,-0.244321,0.05425,0.330519,0.142298,-0.226915,-0.235774,-0.128317,0.016214,-0.555495,-0.403307,-0.36787,-0.158233,0.123256,-0.14404,0.005511,-0.234293,-0.182083,-0.208856,-0.254993,-0.333339,-0.151915,-0.009342,-0.224268,-0.314047,-0.175212,0.143482,-0.323283,-0.396727,-0.104281,-0.311099,-0.281988,0.105906,0.543431,-0.358028,-0.13673,0.05404,-0.218802,-0.382336,-0.110088,0.177746,-0.552907,-0.263188,-0.363447,0.008112,0.457625,-0.472916,0.072458,0.163838,0.03453,0.078365,0.00608,0.015388,0.056193,0.271571,-0.158233,-0.453789,-0.000946,-0.157188,-0.054705,0.02557,-0.140105,0.400893,-0.323675,-0.272165,-0.151614,-0.057345,0.341744,-0.28383,0.09511,0.281505,0.08039,-0.514288,0.245285,-0.147141,-0.217854,-0.008408,-0.153102,-0.012178,-0.208729,-0.097667,-0.461985,0.160478,-0.06935,-0.340885,-0.109884,-0.03648,-0.283424,-0.165465,-0.41566,0.050114,0.462628,-0.06037,-0.146462,-0.462495,-0.207752,0.26594,0.207246,-0.313467,-0.081375,0.08964,0.209904,-0.10015,0.251621,0.184293,0.508528,0.373149,0.196814,0.50721,0.22419,-0.11554,0.230004,-0.306217,-0.013949,0.309921,0.326714,-0.117313,0.37452,0.080424,0.050382,0.127136,0.126261,0.12266,-0.244564,-0.531473,0.102631,#
11,0.164581,0.251581,0.067115,-0.087521,0.158,0.34907,-0.020964,0.090258,0.001601,0.174487,-0.045295,1.0,-0.407004,0.156897,0.207935,0.353922,-0.408304,-0.080521,-0.216679,-0.100494,0.328237,-0.275215,0.178464,-0.040986,0.037659,-0.164811,-0.011615,-0.258572,0.234428,0.460306,-0.230955,0.237898,-0.160053,-0.445751,0.091849,0.279228,-0.587163,0.045405,0.092153,0.290739,0.112825,-0.332163,-0.093201,0.102314,0.309222,-0.160394,-0.308883,0.036765,-0.299766,0.012193,0.150935,-0.083834,-0.056616,0.11431,-0.103504,0.051899,-0.203523,-0.082161,-0.073785,-0.489423,-0.110193,0.299327,-0.17112,0.002771,0.234858,0.002655,0.253893,-0.199018,-0.22773,0.042487,-0.475133,0.091308,0.282796,-0.141655,-0.218402,-0.105273,-0.279244,-0.445196,-0.22556,-0.390705,-0.185683,-0.020935,-0.204792,-0.099775,0.014668,-0.090639,-0.481001,-0.3439,-0.011964,-0.172316,0.042151,-0.14144,-0.280196,-0.381909,-0.464039,-0.068369,-0.133372,-0.147594,-0.52987,0.018217,0.14488,-0.141638,-0.060973,-0.395001,-0.237027,-0.233686,-0.209853,-0.173961,-0.333194,0.090253,-0.12825,0.160215,-0.047922,-0.247515,0.010793,0.000844,0.146352,-0.112896,-0.218773,-0.395161,-0.379051,-0.091768,-0.096828,-0.041413,0.206577,-0.258821,-0.193179,-0.026749,0.051048,-0.236523,-0.123084,-0.711046,-0.302462,0.02321,-0.228722,0.030066,0.282427,-0.016929,0.15246,-0.307492,-0.43797,-0.02788,-0.275872,-0.187425,-0.086605,-0.146104,-0.094894,0.233763,-0.035414,-0.207075,0.074295,-0.294942,-0.426604,-0.419461,-0.334803,-0.260204,-0.245376,0.223881,-0.371024,-0.37988,-0.261372,-0.291339,-0.228927,-0.169525,-0.110249,0.043415,-0.252235,0.112611,0.058775,-0.201308,0.154149,-0.07018,-0.330881,-0.181694,0.350215,0.360662,-0.637957,0.158643,0.038249,0.001008,0.053717,0.332524,-0.091536,0.413761,0.19922,-0.287769,0.214221,-0.254007,0.114132,0.221219,-0.025966,0.158716,0.272275,0.178093,-0.379997,-0.045929,0.305729,-0.176321,0.271927,0.207773,#
12,0.332418,0.165907,-0.239192,-0.300406,0.273894,0.229913,0.191782,-0.364115,0.138349,0.332818,0.363081,-0.407004,1.0,0.104342,-0.375298,-0.284911,0.128064,0.097153,0.108729,0.051365,0.235568,0.163822,0.111464,-0.09272,0.242555,-0.367251,-0.234946,-0.223005,0.414833,0.064278,0.100523,0.181493,-0.164743,0.238931,-0.595062,-0.389467,0.092579,-0.328782,-0.282356,-0.257536,-0.247769,0.367659,-0.091105,-0.1374,-0.156087,-0.06448,0.141385,0.321963,0.236206,0.197065,0.03319,-0.325574,0.355888,-0.094049,0.473036,0.220229,-0.012411,0.441782,0.106496,0.101007,0.205243,0.052061,0.466323,-0.40401,-0.038168,0.452362,-0.185651,0.268696,0.366073,0.312779,-0.192214,0.054767,0.272656,-0.362072,-0.219394,0.236591,-0.020817,-0.003385,0.14912,-0.030237,-0.141498,-0.258298,-0.199055,-0.112349,-0.144355,-0.193451,-0.079042,0.030961,0.037839,-0.200289,-0.187539,-0.107681,-0.344307,0.321088,0.092866,-0.175029,0.290527,0.026825,0.016987,-0.095413,0.44212,-0.143114,-0.221854,-0.257264,-0.128999,-0.318243,0.190221,0.083697,-0.224492,-0.467065,0.391318,-0.281547,-0.058101,-0.228411,0.20866,-0.355192,-0.23747,-0.207726,-0.071989,0.20771,-0.066782,-0.306535,-0.147491,-0.162312,0.047159,-0.124424,-0.079712,0.335264,0.316758,-0.212621,-0.124357,0.404507,-0.039138,0.014005,0.023512,0.137446,0.026352,-0.186471,-0.039882,-0.495316,-0.075959,0.31164,-0.166745,0.347675,0.18242,0.351626,-0.3134,0.225246,-0.037033,-0.109268,-0.250547,-0.129999,0.141472,-0.064871,0.258174,-0.159593,0.257604,0.309317,0.042604,-0.143546,-0.07052,-0.015417,-0.174023,0.18661,0.1604,0.480824,0.172025,-0.245003,-0.298922,0.256667,0.002626,0.367489,0.191881,-0.126364,-0.163068,-0.268355,0.254267,0.156739,0.048693,-0.100078,0.486029,-0.009574,0.28085,0.001874,-0.067979,0.134262,0.186231,0.070326,0.068233,0.315758,0.159689,0.155286,-0.163902,-0.194796,0.305409,0.06396,0.265435,-0.268355,-0.533057,-0.373238,#
13,-0.021398,0.409603,-0.184944,-0.143425,0.253353,0.091734,-0.320829,-0.353275,-0.00379,0.130848,-0.353605,0.156897,0.104342,1.0,-0.312977,0.204918,-0.095143,-0.14195,0.297897,-0.285788,-0.133426,0.308499,0.277846,-0.120758,-0.215286,-0.244911,0.070495,0.08097,0.132125,0.377616,-0.399965,-0.00358,-0.248833,0.218918,-0.214518,0.185352,-0.229129,-0.098371,0.129462,-0.451832,0.116576,-0.092235,0.023402,0.543653,-0.190261,0.337926,0.193775,0.145248,-0.310412,0.00366,-0.270431,0.032105,0.16567,-0.530172,-0.02077,-0.073415,-0.222425,-0.089572,-0.507839,0.208293,0.182015,-0.194989,0.062786,-0.087275,0.066454,0.09279,-0.021374,0.133203,-0.165286,-0.150906,-0.08117,0.128242,-0.176218,0.417815,0.276026,0.166694,-0.013614,-0.347918,-0.037405,0.106932,0.057024,-0.255333,-0.06245,0.075255,0.261528,0.425248,-0.248445,0.03629,0.207782,-0.04899,-0.166595,-0.141458,-0.066218,0.428115,0.085685,0.229839,0.001382,0.193026,0.160506,0.093326,0.380129,-0.009757,-0.059412,-0.257151,0.027075,-0.1101,-0.075265,-0.642516,0.138421,0.150906,0.240147,0.006725,-0.039478,-0.096045,-0.117231,0.060641,0.261048,0.330406,-0.221964,-0.291899,0.082683,-0.327233,-0.129493,-0.297828,-0.129981,-0.125536,0.056961,0.229296,-0.082524,-0.056825,0.034239,0.143983,-0.244564,0.223194,0.027569,0.133221,-0.205391,0.049535,0.183926,-0.486496,-0.036889,-0.292063,-0.275305,-0.149537,0.038015,-0.126732,0.17909,-0.136434,-0.018796,0.017052,-0.211848,0.032308,0.431651,0.075489,-0.023304,0.14823,-0.206201,0.140069,0.320817,0.047277,-0.358934,-0.144037,0.256154,0.500413,0.128697,0.134012,0.183613,0.218746,0.122037,0.132098,-0.544849,0.328943,0.329047,0.028998,0.114165,-0.260445,0.200538,-0.033319,0.058904,-0.148724,0.134397,-0.212103,-0.172834,0.191242,0.275264,-0.352757,0.236076,0.056015,-0.288581,-0.032188,0.164563,-0.449697,0.07904,-0.010056,-0.001243,-0.542579,0.092795,-0.260445,0.063833,-0.335699,#
14,-0.195265,0.116258,0.037072,0.177543,-0.255406,-0.141145,0.053199,0.209576,-0.357336,-0.10978,-0.042691,0.207935,-0.375298,-0.312977,1.0,0.086176,0.289175,-0.066324,-0.195705,0.048227,-0.119448,-0.215108,-0.51164,0.167708,0.019715,0.292419,0.219423,0.227165,-0.265966,-0.08098,0.089758,-0.143676,0.238507,-0.142639,0.522488,0.033048,-0.180308,0.243186,-0.180495,0.616967,0.080382,-0.085487,-0.272425,-0.108946,0.154125,-0.032382,0.05793,-0.156999,-0.032558,0.190596,0.157892,0.022885,-0.204171,0.180408,0.182586,0.01093,0.214814,0.100138,0.259486,-0.273318,-0.400808,0.352051,-0.271561,0.357463,-0.396243,-0.067022,0.064897,-0.394463,-0.212699,0.110174,0.157268,-0.274611,0.02394,-0.047445,0.13116,-0.412312,-0.580721,-0.057638,-0.267512,-0.471334,-0.1043,0.237117,0.104243,-0.06957,0.080601,-0.26797,0.220517,-0.321694,-0.047794,0.178648,-0.081473,0.098159,0.007264,-0.344042,0.025493,0.004049,-0.07349,-0.049776,-0.379188,-0.140533,-0.050922,0.101152,-0.14062,-0.099606,-0.009757,0.28568,-0.19528,0.105788,0.063451,0.089846,-0.434153,0.210379,-0.322514,0.03112,-0.196847,0.106314,-0.12304,-0.396076,0.243269,0.125493,0.084284,0.312233,0.029531,0.213464,0.217568,-0.423954,0.087798,-0.358614,0.222164,-0.150484,-0.286595,-0.204131,-0.068322,-0.101225,-0.214234,-0.023158,0.066917,0.027097,-0.20442,0.241364,-0.207506,0.018028,0.077747,-0.104304,-0.134322,-0.117368,0.173004,-0.135839,-0.330961,-0.012254,0.009577,-0.034236,-0.414282,0.095251,0.107154,-0.244302,-0.031488,-0.184745,-0.199049,-0.2619,0.220414,0.047759,-0.191382,-0.450627,-0.228722,-0.343035,-0.124886,0.400062,0.017919,-0.413985,-0.029052,-0.318691,-0.180639,-0.097728,-0.143605,0.12738,-0.241107,-0.045175,-0.025099,-0.100531,0.047245,0.234942,0.020924,0.089708,-0.245236,0.084293,-0.074989,-0.03215,0.379275,-0.186863,-0.269153,0.10126,-0.053481,0.032038,-0.522327,0.181788,-0.020533,0.12738,0.231442,0.562606,#
15,0.062188,-0.106236,0.029406,0.228773,0.487266,0.226889,-0.172052,0.086393,-0.072215,0.100278,-0.110695,0.353922,-0.284911,0.204918,0.086176,1.0,-0.169432,-0.025751,0.091743,-0.077243,0.167892,0.092995,0.07116,-0.083533,-0.252429,-0.054576,0.286001,-0.017099,0.21939,0.12472,0.028344,0.038433,0.182969,-0.063121,0.395843,0.233444,-0.334802,-0.232093,0.40335,-0.108669,0.420092,-0.234901,-0.04699,0.344263,-0.045991,0.246264,0.039076,-0.265775,0.018188,-0.102801,0.276607,0.049722,0.149291,-0.182617,0.004185,0.18502,0.005962,-0.274449,-0.314837,-0.263892,-0.180061,-0.211824,-0.134844,0.09277,-0.00898,0.133161,0.43251,0.235196,-0.341712,-0.128494,-0.386492,-0.088227,0.005796,0.038568,0.15169,-0.208295,-0.165082,-0.110236,-0.19892,0.05787,0.104859,-0.202303,-0.027253,-0.142648,0.145169,0.021082,-0.182391,-0.242307,-0.016895,0.01419,-0.155247,-0.380236,-0.175878,-0.113597,-0.45174,-0.032293,-0.014393,-0.021119,-0.191719,0.370753,0.233688,-0.070094,0.02108,-0.023209,-0.094819,0.242343,-0.247269,-0.150782,0.208018,0.248229,-0.324034,0.28502,-0.26748,-0.14547,0.001343,-0.078057,0.185172,0.151785,-0.132349,-0.272803,-0.25029,0.113002,-0.111081,0.061328,0.238013,-0.442906,-0.377799,-0.160641,0.065897,0.028685,-0.247076,-0.378846,-0.46355,0.001517,-0.319041,0.287636,0.009916,0.216715,-0.430087,-0.226956,0.065332,-0.170705,-0.070463,0.131735,0.323247,0.131193,-0.120184,0.199804,-0.245987,-0.21736,0.052799,-0.117621,0.088859,-0.22052,-0.039089,-0.037504,-0.47335,-0.080471,-0.236682,-0.001803,-0.317994,0.045681,-0.175878,-0.005942,0.032496,0.104188,-0.20918,0.345325,0.21492,-0.098629,-0.192435,-0.049395,-0.187247,-0.115764,0.179645,0.196556,-0.23451,0.101621,-0.024757,-0.197775,-0.055293,0.237785,-0.27691,0.205024,0.144337,-0.365708,-0.202265,-0.023818,0.031034,-0.067277,-0.115437,-0.370154,0.486127,0.411017,-0.114885,-0.126667,0.054395,0.196556,0.204598,0.149866,#
16,-0.149624,-0.22872,0.323856,0.256543,-0.276295,0.094885,0.321612,0.155075,-0.33278,-0.239891,-0.049218,-0.408304,0.128064,-0.095143,0.289175,-0.169432,1.0,-0.122635,-0.128925,0.289851,-0.063121,0.286055,-0.334163,0.088189,0.119094,-0.014755,-0.056077,0.176746,-0.352139,-0.371373,0.197597,-0.102967,0.000668,0.509965,-0.108939,-0.070321,0.437084,0.045379,-0.029884,-0.043497,0.161011,0.200107,0.187207,-0.05883,-0.111535,-0.090139,0.026748,-0.26775,0.130406,0.267455,-0.020804,0.292217,-0.228718,-0.350264,0.248595,0.296387,0.049567,0.181877,-0.065422,0.176074,-0.323604,-0.009353,0.137015,0.116747,-0.05699,0.03905,-0.267018,-0.039256,-0.059779,-0.205076,0.115175,-0.399072,-0.270243,0.038053,0.253159,-0.365115,-0.07647,-0.022967,-0.109954,-0.050351,0.184641,0.129535,0.227373,0.11735,-0.054228,0.238691,0.708933,0.176747,0.00698,0.24563,0.277986,0.25354,0.18392,0.398198,0.396899,0.031175,0.085184,0.014381,0.31371,-0.344942,0.120808,0.198431,0.136913,-0.096163,-0.041574,0.375672,-0.025619,0.054092,-0.041634,0.050552,0.008576,-0.182681,0.054688,0.212761,-0.118803,0.012386,-0.244655,-0.079521,0.422877,0.257355,0.349461,0.270795,0.33109,-0.026012,-0.083361,0.08158,0.078114,-0.091655,0.172344,0.016153,0.001027,0.603851,-0.126048,0.096734,0.237568,-0.064963,-0.010809,-0.011091,-0.033186,0.318255,0.075014,0.246781,0.266502,0.258734,0.273842,0.035064,0.09548,-0.078283,0.042642,0.46142,0.045821,0.273828,0.249648,0.363781,0.28867,0.008287,0.151838,-0.144553,0.155957,0.030141,0.450424,0.259321,0.318134,0.011321,-0.156754,0.068869,0.262125,0.159246,0.188196,-0.07473,-0.100244,0.089153,0.527011,0.402424,-0.048451,-0.251959,0.229694,-0.158185,-0.168569,-0.012687,-0.057775,-0.134184,-0.078181,-0.038815,-0.425482,-0.028279,0.030329,0.212203,-0.042295,-0.449362,0.230288,-0.291954,-0.122105,-0.108101,0.1371,0.161517,0.081643,0.230288,-0.247413,0.097554,#
17,0.130864,0.045868,-0.008412,-0.058465,-0.037402,-0.064173,0.155361,0.07641,0.433641,0.453921,-0.042825,-0.080521,0.097153,-0.14195,-0.066324,-0.025751,-0.122635,1.0,0.192352,0.157825,0.203298,-0.345148,0.499032,-0.037161,0.170612,-0.22071,-0.182977,-0.043421,0.03564,0.078607,0.396657,0.11111,0.179054,0.041501,0.061131,-0.10508,0.073449,-0.316387,-0.179857,0.091737,0.01906,0.062661,-0.037079,0.074242,-0.018435,-0.302018,0.009056,0.231464,-0.196848,0.009811,0.4738,-0.447334,0.038813,0.057375,-0.151404,0.026283,0.424658,0.196613,0.078609,-0.258242,-0.183352,0.324227,-0.160929,-0.135141,0.119921,0.370283,0.273041,0.050131,0.355793,-0.246235,-0.334219,-0.270305,0.345284,-0.270744,-0.242152,-0.212357,-0.099096,-0.188673,-0.189766,0.202193,0.040975,-0.127432,-0.246741,-0.127972,-0.209887,-0.375052,-0.052833,-0.200071,-0.061095,-0.04891,-0.103063,-0.203171,-0.153671,0.269207,-0.167089,-0.211812,-0.069629,0.375063,0.279953,-0.213194,0.165426,0.10151,-0.140611,0.006108,0.085015,-0.13746,-0.455615,-0.13278,0.073022,-0.239286,0.284649,-0.084476,-0.186624,-0.071533,0.062352,-0.213789,-0.365798,-0.289386,-0.276291,-0.46338,0.093603,-0.209561,-0.457507,-0.429832,0.338338,-0.274607,0.307821,0.292868,-0.167063,-0.199124,0.212805,0.037551,-0.138668,-0.742355,-0.334273,-0.105218,0.112334,-0.181721,-0.232052,0.050566,-0.158147,-0.160162,-0.4312,-0.077668,-0.380209,-0.019849,-0.491968,0.52278,-0.405996,-0.293184,-0.00801,-0.624513,0.01759,-0.248034,-0.263655,0.023342,-0.010185,0.402971,0.020752,0.030695,-0.029478,-0.099886,-0.186138,0.249809,0.322348,0.106945,-0.395738,-0.329203,-0.31611,0.163628,0.38163,0.477592,-0.05522,-0.318953,-0.128156,0.116484,0.104959,0.521783,0.156614,-0.035351,0.217546,0.335056,-0.310411,-0.436783,0.021084,-0.292483,-0.02986,0.270943,-0.074318,0.215994,0.116484,-0.246763,-0.090803,0.396761,-0.115814,0.033339,0.079513,0.116484,-0.343348,-0.355568,#
18,0.050018,0.236909,-0.172165,-0.12858,0.225256,-0.077502,0.016485,-0.0389,0.35392,0.45619,-0.22616,-0.216679,0.108729,0.297897,-0.195705,0.091743,-0.128925,0.192352,1.0,-0.090718,0.252988,0.257959,0.137966,0.112461,-0.237417,0.011026,0.062829,0.151622,-0.00841,0.221555,-0.251395,-0.571803,-0.06376,0.168957,-0.137068,0.283671,-0.093948,-0.104935,0.05302,-0.156058,-0.115789,0.229397,-0.168637,0.252059,-0.279651,0.030919,0.008614,0.019413,-0.254333,-0.008471,0.083492,-0.30084,0.220554,-0.212981,0.133953,-0.308316,-0.091954,-0.125639,-0.007989,0.204443,0.116463,-0.090151,0.101099,-0.240703,-0.20283,0.05877,0.074084,-0.001941,0.383531,-0.028103,-0.048164,0.088734,-0.091829,0.207162,-0.070556,0.060696,-0.159842,0.007435,-0.194462,0.264122,-0.125697,-0.372309,-0.12447,-0.243153,0.12146,-0.212792,-0.172451,-0.004007,0.122612,-0.401713,-0.268855,-0.331942,-0.143759,0.255516,0.159039,-0.01876,0.285196,0.190437,0.190488,-0.029327,0.061754,0.120845,-0.257026,0.130911,-0.158811,-0.112027,-0.428168,-0.166508,0.317611,-0.11286,0.134783,-0.221025,-0.153938,-0.26918,-0.297601,0.096966,-0.100274,-0.001642,-0.097671,-0.450876,-0.018883,-0.268179,-0.456952,-0.15386,-0.468237,-0.296927,-0.046963,0.154537,-0.300734,0.012581,0.071294,-0.006775,-0.145967,-0.01415,-0.334438,0.036023,-0.327066,-0.085468,-0.239751,-0.145852,0.301581,-0.039766,-0.092201,-0.496979,-0.212831,-0.500985,0.010202,0.197218,-0.363019,-0.210328,-0.209356,-0.307211,0.121996,-0.151976,-0.136895,0.23474,-0.055005,0.212424,0.084578,0.561531,-0.137228,-0.133148,-0.166198,0.382698,-0.064159,0.058379,-0.111421,0.147543,0.063503,0.132515,-0.259318,0.166206,0.001503,-0.106892,-0.245004,-0.396874,0.142535,0.172955,0.329951,-0.03597,0.322749,-0.204713,-0.009619,0.226112,0.290983,-0.264791,0.321379,-0.122288,-0.343013,0.316479,0.052522,-0.265144,-0.121317,0.232477,0.109104,-0.206405,0.033832,0.052522,-0.000349,-0.217207,#
19,-0.215269,-0.095998,0.436657,0.028335,-0.15663,-0.113878,0.175032,0.314458,-0.073848,-0.113047,0.191995,-0.100494,0.051365,-0.285788,0.048227,-0.077243,0.289851,0.157825,-0.090718,1.0,-0.189925,-0.273454,-0.092407,0.403782,0.453862,-0.014269,0.07758,0.120253,-0.096589,-0.00492,0.301573,-0.084812,-0.167224,0.241397,0.022544,0.070174,0.330231,0.001853,0.068494,0.239118,-0.080595,-0.077393,0.194397,-0.417636,0.200238,-0.267404,-0.032535,0.275092,-0.100512,0.105329,-0.057709,0.058873,-0.118372,-0.027918,0.132705,-0.356471,-0.010098,-0.047675,0.284391,-0.081799,-0.24881,0.235277,-0.093358,0.124385,0.114581,0.22311,0.225902,-0.167023,0.199003,-0.28274,-0.178827,-0.498075,0.215338,-0.064815,-0.030954,-0.266552,0.332474,-0.128471,0.333413,-0.039666,0.502791,0.012377,-0.055209,-0.383249,-0.247833,0.110236,0.276386,0.164651,0.037101,0.305739,0.358875,0.060915,-0.02834,-0.052712,-0.171088,0.179753,0.328686,0.371915,0.35833,-0.369116,0.080548,0.030132,-0.221932,-0.055208,0.245453,0.339219,0.120062,0.55421,0.096944,-0.276665,0.37131,0.006932,0.187323,-0.054199,0.285619,0.000247,-0.227968,-0.013759,-0.034795,0.09216,0.109354,-0.104222,0.454338,-0.065991,-0.029416,0.203912,-0.07153,-0.038646,0.005414,0.285061,0.061641,0.177575,0.024586,-0.337095,-0.068284,0.145271,0.243669,0.243657,0.029618,0.187323,0.097379,0.614138,0.208604,0.128963,0.213882,0.133674,-0.112709,-0.013982,0.168097,-0.13719,-0.081131,0.043233,-0.062536,-0.060042,0.31533,0.01653,0.648167,-0.079454,0.264493,0.193236,0.413376,0.049961,0.116613,-0.145755,0.311174,0.095403,0.218978,-0.224192,0.062886,0.292499,0.367684,0.090778,-0.144404,0.079881,-0.408994,-0.200448,-0.172617,-0.05961,0.156326,0.2166,0.113132,-0.238766,-0.187815,-0.251389,-0.175036,0.115395,0.157093,0.069312,0.27824,-0.415561,0.241156,0.000481,-0.220478,-0.103705,-0.076523,0.110177,0.236368,-0.200448,-0.456396,-0.163591,#
20,0.638955,-0.092382,-0.058125,-0.111959,0.26156,0.524896,0.572396,-0.018372,0.41533,0.481175,0.330143,0.328237,0.235568,-0.133426,-0.119448,0.167892,-0.063121,0.203298,0.252988,-0.189925,1.0,0.24252,0.279119,-0.165661,0.084287,-0.419927,-0.279917,-0.537885,0.326389,0.141014,-0.069156,-0.010085,0.084722,-0.232513,-0.335997,0.097201,-0.412694,-0.428185,-0.253362,0.076888,-0.067366,0.032937,-0.274921,0.181428,-0.038239,-0.427353,-0.475657,-0.080015,-0.025414,0.323753,0.476514,-0.35553,0.170666,0.10408,0.187744,0.399647,-0.230337,0.134091,0.116008,-0.301659,-0.183221,0.259758,0.251438,-0.411889,0.034643,0.268563,-0.088872,-0.008271,0.18865,0.208094,-0.572625,0.020292,0.247151,-0.365158,-0.572813,-0.175031,-0.241538,-0.119236,-0.413828,-0.04227,-0.50071,-0.246947,-0.223418,-0.222908,-0.125553,-0.546274,-0.341758,-0.15558,-0.116252,-0.518255,-0.216905,-0.426755,-0.402746,-0.086062,-0.342754,-0.595521,-0.09795,-0.354087,-0.361798,-0.070596,0.260086,-0.129485,-0.149825,-0.252275,-0.698568,-0.440268,-0.502074,0.081501,-0.403568,-0.179386,0.010053,-0.280872,-0.318704,-0.404881,0.016255,-0.352938,-0.223636,-0.441091,-0.065334,-0.259615,-0.506266,-0.097134,-0.341997,-0.087075,-0.017792,-0.44875,-0.350615,0.246804,0.061817,-0.386457,-0.303434,-0.351586,-0.497977,0.054665,-0.22972,-0.083344,0.240663,-0.415497,-0.211597,-0.255734,-0.204488,0.142537,-0.432613,-0.093735,-0.011147,-0.156358,-0.600267,0.734238,-0.27111,-0.081831,0.314065,-0.568266,-0.083436,-0.476007,-0.40093,-0.296056,-0.399562,0.423523,-0.666699,-0.157838,-0.150409,-0.35201,-0.412216,0.155038,-0.230073,0.479129,-0.317717,-0.025562,-0.101347,-0.138508,0.28228,0.2382,-0.155072,-0.114943,0.326003,0.145877,-0.196264,0.413601,0.199461,0.128925,0.302172,0.357369,0.183467,0.531141,0.042473,-0.273847,0.177189,-0.07994,-0.162437,0.647306,0.145877,0.232265,0.17462,0.246087,0.179177,0.279024,0.432941,0.145877,-0.123541,0.047989,#
