0,1.0,0.131046,0.183241,0.068217,0.270439,0.080617,-0.109123,-0.183546,0.217126,0.042677,-0.464393,0.109186,-0.196093,0.095778,0.009572,-0.206407,0.035114,-0.054073,-0.188377,0.025989,-0.165142,-0.114215,-0.275546,-0.148342,0.282086,-0.323679,0.123989,-0.18629,0.352405,0.239058,-0.476298,-0.142916,-0.152601,0.084264,-0.026902,0.09631,-0.161997,-0.072384,-0.183706,0.240077,-0.143556,-0.24674,-0.454463,0.003368,0.0417,-0.068035,0.179865,0.194404,0.109077,0.435201,0.059364,-0.223302,0.330084,0.087543,0.103853,-0.006956,0.276303,0.050087,-0.075505,0.154575,0.155237,0.263428,0.205383,-0.241762,-0.312545,-0.127877,-0.032569,-0.088561,0.051503,0.047168,-0.02879,-0.173112,0.132843,-0.044628,-0.291325,0.126464,-0.038844,-0.198602,0.079508,-0.209114,0.062747,-0.138105,0.003683,-0.328783,0.052936,0.09548,-0.377197,-0.004073,0.003168,-0.419259,-0.018756,-0.049865,0.224119,0.106487,0.021851,-0.223778,-0.038728,-0.081567,0.229566,-0.134201,-0.021263,0.018044,-0.070979,0.044483,-0.00499,0.029624,0.272607,-0.052323,-0.047446,-0.50833,-0.06608,0.0,0.174234,-0.231284,-0.115094,-0.349894,-0.056554,-0.060665,0.209085,-0.264923,0.32254,-0.056554,-0.004271,0.062811,0.064224,-0.185241,0.097412,-0.136488,-0.222485,0.15734,0.082264,-0.24013,-0.159883,0.237337,-0.195939,-0.088137,0.034296,-0.018756,0.065957,-0.0171,0.047682,-0.44593,0.229183,-0.371338,-0.194856,-0.089754,0.117763,0.188858,-0.004199,0.118187,-0.246699,-0.075695,0.368279,-0.219242,0.074333,0.322341,-0.00852,0.069305,-0.020237,0.203097,-0.079759,0.034926,0.465644,-0.007173,-0.056388,-0.010097,0.182183,0.118321,-0.027498,-0.287673,0.112204,0.002173,0.221428,-0.00817,0.034182,-0.074107,0.218405,-0.004734,0.059209,-0.380321,-0.080187,-0.161327,-0.045696,0.017794,-0.013348,-0.10634,0.511379,-0.388678,-0.065121,0.187555,-0.336611,-0.009158,-0.114777,0.09354,-0.374674,0.121984,-0.229727,-0.323721,0.167359,-0.1069,#
1,0.131046,1.0,-0.268485,-0.014101,0.558493,0.166915,0.182492,-0.202015,-0.048186,0.293122,-0.017945,0.004701,0.284869,0.176595,-0.004984,0.095241,-0.006612,0.041427,-0.266922,0.209561,0.127325,0.524842,0.171201,-0.057573,0.017362,-0.209069,0.187185,0.064352,0.282615,0.403497,-0.627157,-0.222108,0.061948,-0.475897,0.041026,0.209137,0.108075,-0.733671,-0.202191,0.346073,-0.00755,0.041286,0.184033,0.026053,0.020115,0.259859,0.095227,0.332242,-0.057299,0.133385,0.274576,-0.53385,0.274501,-0.133392,0.103269,-0.31928,0.113431,0.268102,0.293435,0.108021,0.154733,0.023592,-0.006124,0.294038,-0.108035,0.151015,-0.067804,0.382761,0.486464,-0.045797,-0.374208,-0.430714,0.129447,-0.290656,-0.376104,0.096856,-0.470099,-0.122658,-0.389053,-0.314451,-0.224727,-0.628306,-0.283018,-0.225765,-0.199102,-0.351845,-0.320931,-0.275706,-0.11645,-0.139012,-0.323849,-0.317309,-0.051269,-0.513949,-0.59366,-0.288022,-0.60487,-0.623695,-0.403164,-0.428578,0.06326,-0.226454,-0.232883,-0.201256,-0.083197,-0.253024,-0.394675,-0.367949,-0.286708,-0.034813,-0.034892,0.0,-0.427676,-0.489311,-0.042557,0.019941,-0.326311,-0.273958,0.11917,-0.173206,-0.297963,-0.333187,-0.432336,-0.376751,-0.233095,-0.103943,-0.156417,0.161665,0.25823,-0.289968,-0.099724,-0.331644,-0.082868,0.094359,-0.637142,-0.33629,-0.253044,-0.49753,0.274581,-0.558347,-0.382889,-0.291147,-0.029098,-0.383827,-0.152391,0.031201,-0.108026,0.105692,-0.342873,-0.114588,-0.535606,-0.397927,-0.342831,-0.121942,-0.119857,-0.132603,-0.093264,0.50953,-0.368062,-0.388802,-0.005242,-0.253095,-0.181183,0.067333,-0.336569,0.599661,0.110465,-0.398694,0.067905,-0.33037,0.038962,0.073784,-0.427346,0.044356,0.303319,-0.235841,-0.299135,0.067014,0.483709,-0.544178,0.358741,-0.228728,-0.052281,0.452345,0.432472,-0.443309,-0.085217,-0.350852,0.099251,0.496341,-0.404487,0.4973,0.518006,0.363894,0.123059,-0.290556,0.374473,-0.282584,-0.116894,0.28555,#
2,0.183241,-0.268485,1.0,0.182599,-0.065926,0.003493,0.053625,0.062643,0.437732,-0.087698,0.023963,0.097451,-0.445814,0.168945,0.03389,-0.344356,-0.326589,0.035844,0.014023,0.427342,-0.57667,-0.467031,-0.151911,0.051286,0.048594,-0.250326,-0.039333,-0.086656,0.15458,-0.296751,0.341493,0.370944,-0.436261,0.101161,-0.211436,-0.164293,0.059727,0.140135,-0.260933,-0.440306,-0.493652,0.048527,-0.346451,-0.052285,-0.08936,-0.335742,0.198516,-0.059587,-0.247493,0.406052,-0.206017,0.341915,0.019139,0.145476,-0.17945,0.202809,0.167446,-0.354145,-0.443429,-0.062649,0.281165,0.409225,0.218839,-0.239839,-0.184795,-0.036327,0.283348,-0.205367,-0.241759,0.139835,0.376895,0.158985,0.004606,0.205326,-0.024659,0.193013,-0.075685,-0.203566,0.16143,0.061415,0.338285,0.056765,-0.039494,0.410383,-0.111925,0.290873,-0.1904,0.003672,0.114654,-0.226157,0.192361,0.097708,0.193427,0.49356,0.094433,0.10258,0.21795,-0.101182,0.225797,0.30784,-0.439123,-0.389763,0.090516,0.413235,-0.026374,0.101755,0.323034,0.254514,0.060941,-0.074046,0.233125,0.0,0.17979,0.268622,0.142057,-0.155794,-0.073526,0.179089,0.288593,0.076831,-0.081186,0.580341,0.139416,0.029252,-0.004141,0.199806,0.059676,-0.216918,-0.249549,-0.095239,0.427913,0.258722,-0.27076,-0.036119,0.408846,0.182607,0.183474,0.534914,-0.290252,0.161409,0.599023,-0.114791,0.034316,0.144866,0.346783,0.264922,0.102311,0.153552,7.9e-05,0.095761,0.187144,0.491084,0.339251,0.421085,0.427913,0.07403,-0.045193,0.067058,0.351078,0.091176,-0.281827,-0.095251,0.483007,0.125613,0.209752,-0.196669,-0.052506,0.265489,0.422014,-0.164682,-0.060608,0.261416,-0.017986,0.155045,-0.127853,0.303999,0.235714,0.400606,0.026894,0.043506,0.095639,-0.06417,-0.107986,-0.090773,-0.208231,0.449933,0.244416,0.346783,-0.404191,0.063573,0.225762,-0.566564,-0.209969,0.176587,-0.43466,-0.286555,-0.111423,-0.098226,0.162792,0.195607,#
3,0.068217,-0.014101,0.182599,1.0,-0.20228,-0.158036,0.041674,0.011775,-0.206085,0.184584,0.002084,0.071956,-0.095253,-0.21064,-0.039021,0.320049,-0.138373,-0.18516,-0.30812,0.110232,-0.411436,0.031438,-0.544482,0.175385,-0.018599,-0.054212,-0.175721,-0.205469,-0.026289,-0.211858,-0.064075,-0.159127,0.085515,0.232921,0.211041,-0.425569,0.026743,0.104032,-0.306417,0.062823,-0.253536,0.02379,-0.011476,-0.114027,0.363838,0.417909,-0.425525,-0.567792,0.187069,0.161577,-0.120583,0.232074,0.251534,0.075152,-0.085355,0.10962,0.002866,0.09081,-0.385273,-0.287322,0.019115,0.148801,0.471391,0.061603,-0.049524,-0.56023,-0.239694,-0.382203,-0.38845,0.042384,-0.06518,0.204389,0.260862,0.166877,-0.070564,0.218208,-0.032259,0.426808,0.496051,-0.141159,0.345648,0.18025,0.255603,-0.080784,0.197769,0.180979,0.481941,-0.116115,0.095083,-0.200922,0.33039,0.095081,0.505224,0.194573,0.104517,-0.21314,0.031568,0.180445,-0.057087,0.381166,-0.130803,0.291896,0.387923,0.274463,0.259786,0.129012,0.082114,0.221639,-0.39248,-0.075726,-0.435977,0.0,0.026295,0.269835,-0.262854,0.340155,0.263341,0.107975,-0.358621,0.388334,0.309986,0.251344,0.203205,0.354373,-0.023105,0.055223,-0.082849,-0.412949,-0.306985,0.328271,-0.105781,-0.231945,0.176048,0.399479,0.240536,0.378032,0.363819,0.000479,-0.433168,0.257049,0.104785,0.193708,0.212637,-0.075928,0.446014,0.297742,-0.039129,-0.46226,0.09775,-0.219466,-0.110214,-0.059088,0.06456,0.293957,0.281623,0.299878,-0.304441,-0.152898,0.25087,0.144173,0.306803,0.09391,0.357274,-0.071228,-0.330668,-0.369267,-0.182979,-0.03228,0.464766,-0.103511,-0.042565,-0.408205,0.066969,0.196077,-0.132329,0.029915,-0.040276,-0.07509,-0.444569,-0.218206,-0.211779,-0.423339,0.386342,0.191588,-0.365812,0.133865,-0.284276,-0.090588,0.179875,-0.382063,-0.261062,-0.024223,-0.414055,-0.158154,0.070891,-0.014603,-0.279828,0.017277,0.034277,0.076558,#
4,0.270439,0.558493,-0.065926,-0.20228,1.0,0.143786,0.137663,-0.014875,0.310164,0.168083,-0.348691,0.228767,0.322755,0.233537,-0.137029,-0.097008,-0.120401,0.28425,-0.075948,0.169904,0.291414,0.151801,0.401034,-0.051159,-0.35536,-0.620068,0.328542,-0.049486,0.338173,0.208903,-0.266944,0.098409,0.106288,-0.295631,-0.059914,0.10206,0.268187,-0.615851,-0.282868,-0.017328,0.103301,0.425764,-0.039343,-0.274489,0.134833,-0.08347,0.239731,0.686728,0.195532,-0.023297,0.206356,-0.691476,0.43364,-0.385272,0.034084,-0.291353,-0.025821,-0.056592,0.345416,0.190309,-0.052878,0.19377,-0.047389,-0.454844,-0.299032,0.33553,0.213841,0.281635,0.444519,0.090522,-0.157091,-0.473641,0.031609,-0.399023,-0.281049,0.110658,-0.344673,-0.447758,-0.376847,-0.355829,-0.390667,-0.550615,-0.149135,0.024292,-0.226456,-0.095442,-0.347687,-0.057853,-0.009431,-0.261129,-0.393916,-0.462166,-0.079879,-0.403284,-0.136527,-0.328562,-0.433516,-0.421769,-0.153007,-0.451667,-0.296711,-0.300703,-0.230001,0.015966,0.040777,-0.339304,0.026577,-0.447734,-0.168584,-0.446981,0.317402,0.0,-0.233904,-0.619067,0.189708,-0.13621,-0.162772,-0.315187,0.179627,-0.343151,0.175458,-0.163135,-0.273739,-0.691008,-0.093407,0.252618,-0.14662,0.329654,0.123401,-0.500035,0.038463,0.017367,-0.196138,0.020772,-0.457394,-0.216032,-0.130426,-0.054551,0.332333,-0.337059,-0.001741,-0.0622,-0.10134,-0.239653,-0.29357,-0.135094,0.192004,0.430814,-0.506623,-0.161859,-0.605576,-0.149383,0.088352,-0.500645,-0.146037,-0.018039,0.078804,0.445692,-0.323875,-0.156568,0.138601,0.137089,-0.088246,0.352208,-0.056591,0.213424,0.186705,-0.131676,-0.160984,0.097273,-0.267692,0.442824,-0.269013,-0.275484,-0.048925,-0.054199,-0.214994,0.049127,0.431586,-0.389127,0.351448,-0.243996,-0.145246,0.114857,0.203496,-0.38816,0.077779,-0.310857,-0.253966,0.207564,-0.201905,0.188247,0.387641,0.310549,0.076234,-0.034196,0.279033,-0.386589,-0.131315,-0.077444,#
5,0.080617,0.166915,0.003493,-0.158036,0.143786,1.0,0.15564,0.286673,0.11662,-0.250845,0.004808,0.273325,-0.236366,0.186893,0.20343,-0.190231,0.367781,-0.09638,-0.106147,-0.076202,-0.080517,0.323405,0.179184,-0.433847,0.188036,-0.224333,-0.002195,-0.156707,-0.025891,0.202305,-0.211838,0.171536,-0.076279,-0.193994,-0.306344,0.414364,-0.060614,0.098113,0.002831,-0.077271,0.075416,-0.224753,0.009385,-0.166257,-0.380504,0.168598,0.218222,0.063317,-0.057333,0.169778,0.042008,0.129116,0.084507,-0.177361,0.301259,0.165105,-0.254288,0.258844,-0.05308,0.0334,0.002536,-0.028351,0.287873,-0.014137,-0.08982,-0.053383,-0.01361,0.173635,0.111498,0.133936,-0.118832,-0.29355,-0.303647,-0.483503,0.082387,0.257098,-0.372771,-0.066435,0.000739,-0.251928,-0.151484,-0.340198,0.089336,0.10289,-0.283697,0.154372,-0.315812,-0.116293,0.048737,-0.166536,0.149662,-0.083772,0.159715,-0.324987,-0.253849,-0.372771,-0.042807,-0.186141,-0.020296,-0.390809,0.13595,-0.152133,0.170226,-0.410547,-0.328317,-0.281601,0.088052,-0.463975,0.092788,-0.062279,-0.110459,0.0,-0.181973,-0.558281,0.14191,-0.057953,-0.270713,-0.300101,0.302749,0.025581,-0.010108,-0.255284,-0.00633,-0.003697,0.325895,0.042635,0.076318,0.212751,0.300437,-0.190514,0.064772,-0.022163,0.000251,-0.283106,0.041357,0.076282,0.112608,-0.180585,-0.037122,-0.287122,-0.2541,-0.20134,-0.112218,0.093907,-0.102891,-0.069114,0.171847,0.08711,-0.118852,-0.361033,-0.139978,0.13347,0.204842,-0.08123,-0.110388,-0.206262,0.176695,0.154413,-0.082264,0.155442,-0.1038,0.141194,-0.175762,-0.022465,0.172732,0.333491,-0.0796,-0.1832,0.089844,-0.088995,0.180885,0.069091,-0.117876,-0.030874,0.008028,0.164153,-0.088396,0.345389,0.245719,-0.231981,-0.003762,0.15553,-0.061303,0.342507,0.329882,-0.168691,0.082381,-0.102891,-0.229196,0.348906,0.028372,0.161666,0.345222,0.456554,0.330227,0.121265,0.237559,-0.007908,0.030443,0.286417,#
6,-0.109123,0.182492,0.053625,0.041674,0.137663,0.15564,1.0,0.297121,0.162163,-0.055988,0.200506,-0.274531,-0.120711,0.14127,0.087917,-0.062935,0.120867,0.112989,0.241058,0.204571,0.229829,0.335277,0.1202,-0.151203,-0.184029,-0.070975,0.222872,-0.013179,0.330403,-0.006689,-0.155875,0.213285,0.466236,-0.351708,0.051047,0.06186,0.082445,-0.084192,-0.303135,-0.30416,-0.098238,0.074909,0.317376,-0.365739,-0.112456,-0.217776,0.020028,0.122576,0.136817,0.214822,-0.154913,-0.206819,-0.10312,0.04608,-0.305924,-0.169965,0.440755,-0.192111,-0.044938,0.167861,-0.003984,0.005949,-0.146023,0.025584,-0.365634,-0.182012,0.229519,0.114774,0.012365,0.352873,-0.063672,-0.210609,0.021086,-0.016857,-0.059128,0.22446,-0.03094,-0.241821,-0.471549,-0.096479,-0.16855,-0.174317,-0.106884,-0.049351,-0.247859,-0.012489,-0.106983,-0.297145,0.05637,-0.150524,-0.320588,-0.090689,0.02354,-0.125766,-0.108052,-0.03094,-0.378916,-0.232419,-0.54559,-0.042255,0.081397,-0.342603,-0.193664,-0.060776,0.00407,-0.098598,0.229253,-0.270775,-0.104584,-0.040586,0.11725,0.0,-0.144779,-0.073878,-0.006359,-0.05577,-0.271355,-0.083042,0.044307,0.046015,-0.025167,-0.049943,0.009385,-0.170209,-0.306505,0.24453,-0.418096,0.198157,0.365479,-0.349516,-0.057363,-0.153874,-0.168566,0.118478,0.038701,-0.095341,0.121657,-0.175034,-0.161062,-0.103332,0.107135,-0.164101,0.044839,0.058295,-0.221306,-0.219495,0.014849,0.242139,0.084501,-0.018024,-0.134942,-0.036185,0.014639,-0.034456,0.322122,-0.044524,-0.218105,0.389642,-0.240832,-0.1732,0.104184,-0.124566,-0.183532,0.18309,-0.159963,0.15439,-0.089257,-0.108527,-0.058051,0.087125,0.142493,0.061027,-0.28422,0.015669,-0.16096,0.199722,-0.114753,0.200496,0.219599,-0.226632,0.171754,-0.074086,0.232591,0.391931,-0.025567,0.036475,-0.086389,-0.089922,0.003053,-0.133883,-0.159935,0.172129,0.14628,0.304186,0.312787,0.094937,0.093815,-0.164285,-0.076863,0.137193,#
7,-0.183546,-0.202015,0.062643,0.011775,-0.014875,0.286673,0.297121,1.0,0.037644,-0.428508,0.013128,-0.105987,0.008382,0.217648,0.347351,0.179352,-0.108742,-0.356272,0.221112,-0.164089,-0.023363,0.218678,0.214613,-0.304081,-0.165491,-0.240494,0.153143,-0.105526,0.251666,-0.16542,0.14341,0.324074,0.228263,-0.280607,-0.088374,0.056884,0.310841,0.230975,-0.086881,-0.305282,0.091765,0.361172,0.139914,-0.117403,-0.108777,-0.086873,0.278694,-0.054199,0.248372,-0.085325,0.016716,-0.119724,-0.180908,-0.496706,-0.216556,0.265022,0.093998,0.075827,-0.39799,0.103915,-0.416337,-0.1868,-0.230835,0.128234,-0.007604,0.16881,0.264676,0.168098,-0.184254,-0.213847,-0.136973,-0.158611,-0.086806,-0.260158,0.209562,0.105845,0.090256,-0.026229,-0.306268,-0.360495,-0.002746,-0.428947,0.25333,-0.240288,-0.029812,0.071682,0.12991,-0.260835,-0.052039,-0.282876,0.230956,-0.006767,0.2826,-0.220843,-0.055572,0.090256,-0.327218,0.150582,-0.240272,-0.325846,0.108308,-0.240269,0.152534,-0.240404,-0.331904,-0.239915,0.211766,-0.384517,0.092339,-0.240407,0.005552,0.0,0.016311,0.01624,-0.103305,-0.165478,-0.006763,0.193235,-0.239743,0.284179,0.096558,-0.282702,0.116913,-0.005445,0.130654,0.014866,-0.282594,-0.246325,0.093118,-0.201992,0.134083,-0.005437,-0.134235,-0.378981,0.127024,0.088054,0.381289,0.230956,-0.247935,-0.162139,0.043081,-0.143024,-0.219786,0.14772,-0.139638,-0.308868,-0.201875,0.006299,-0.166242,-0.201875,0.21374,0.207381,0.20624,0.12143,-0.212156,-0.201771,0.350518,-0.075273,-0.471212,0.068463,-0.151436,-0.108755,-0.220706,-0.050941,-0.360112,-0.031622,-0.239646,0.150702,-0.201931,0.062504,0.011867,0.092405,0.123423,0.114716,-0.01045,0.150473,-0.128538,0.001518,-0.304704,0.112096,0.013671,0.273075,0.249849,0.194179,-0.033295,-0.12143,0.008025,0.166665,-0.134959,-0.237212,-0.189046,0.35233,0.222394,-0.017149,0.161121,0.080452,-0.057258,-0.135225,0.086447,0.215576,#
8,0.217126,-0.048186,0.437732,-0.206085,0.310164,0.11662,0.162163,0.037644,1.0,0.028202,0.000511,0.247934,-0.057949,0.439476,-0.34901,-0.427927,-0.058501,0.440094,0.327991,0.293196,-0.164125,-0.371727,0.095981,-0.340354,-0.0846,-0.151603,0.288183,0.246523,0.20372,-0.069824,0.03071,0.303418,-0.194514,-0.180525,-0.276677,0.213113,0.311715,-0.243486,-0.240549,-0.209153,-0.26818,0.284053,-0.395234,0.064689,0.18622,-0.54004,0.380202,0.410724,-0.316767,0.395664,0.002974,-0.113157,0.064874,0.302386,-0.222724,0.204394,0.110627,-0.183301,0.236923,0.148798,-0.357988,0.292185,-0.039611,-0.281998,-0.335045,0.095318,0.537129,0.138,0.152308,0.311972,0.341399,-0.179138,-0.24034,-0.04697,-0.071606,0.150947,0.128491,-0.600722,-0.066218,-0.003963,-0.214915,-0.156485,-0.134475,0.336267,-0.043681,0.205307,-0.436675,-0.099287,0.014725,-0.287655,-0.040857,0.012927,-0.222258,0.242116,-0.137978,0.145217,0.077641,-0.347124,-0.03533,0.004394,-0.425044,-0.347312,-0.155845,0.147084,-0.105211,0.147685,0.246943,0.113936,0.118959,-0.148832,0.322205,0.0,0.24472,-0.127024,0.256125,-0.458161,-0.012273,-0.063478,0.533839,-0.187998,0.111645,0.186261,-0.11376,-0.371956,-0.025282,0.24597,-0.159663,0.36006,-0.274873,-0.054706,0.383975,0.512095,-0.33789,0.117414,0.148017,-0.112938,0.182967,0.31148,0.307542,0.12108,0.497163,-0.003418,-0.116156,0.187676,-0.052357,-0.311825,0.319977,0.599098,0.1239,0.32684,-0.049988,0.251425,0.386576,-0.198661,0.191478,-0.064413,0.083467,0.213106,0.13413,0.146768,-0.074377,-0.068381,0.046965,0.555581,0.322416,-0.114625,-0.185956,0.095562,0.130492,0.055353,-0.303079,0.17507,0.188653,-0.105687,-0.389843,0.054246,0.075481,0.191683,0.261907,-0.240518,0.168879,0.052487,-0.530982,-0.174271,-0.132016,0.315788,0.42027,-0.052357,-0.616694,0.14716,0.272879,-0.359222,-0.100946,0.14508,-0.254529,0.0875,-0.035251,0.013565,0.123866,0.051227,#
9,0.042677,0.293122,-0.087698,0.184584,0.168083,-0.250845,-0.055988,-0.428508,0.028202,1.0,0.041595,0.235806,0.157734,0.233837,-0.330575,-0.013872,-0.008315,0.126988,-0.399206,0.17374,0.075261,-0.09866,0.071218,0.19532,-0.026487,0.016366,-0.174873,-0.322589,0.102068,0.180394,-0.328637,-0.166419,-0.062007,0.318905,0.442076,-0.014631,0.007391,-0.321326,-0.118637,0.054524,-0.03237,0.069114,0.082467,-0.171587,0.230083,0.101022,-0.071311,-0.049403,-0.165277,0.3156,0.476824,-0.070859,0.012662,0.281692,-0.159342,-0.207349,-0.032781,0.028173,0.289937,0.117498,0.071045,-0.024393,0.339777,-0.035907,-0.214641,0.036128,0.058486,-0.136799,0.171153,0.078539,-0.069911,-0.136389,0.192432,0.078544,-0.140992,-0.21027,0.102938,0.251131,0.187817,0.307421,-0.177855,0.082471,-0.276687,0.029187,0.192671,-0.400183,-0.131308,-0.072598,-0.112185,0.153478,-0.413561,-0.048915,0.022209,0.151785,-0.078448,0.095571,-0.120443,-0.403184,-0.152552,0.215166,-0.09954,0.374568,0.016286,0.188774,0.252458,0.025837,-0.165361,0.053051,-0.458,0.020962,-0.222066,0.0,-0.24453,0.122356,0.014327,0.19026,-0.216205,-0.197092,0.229907,-0.180224,0.112576,0.309702,-0.056916,-0.147376,-0.275229,0.295721,-0.394271,-0.117611,0.025649,0.271124,-0.137157,0.308598,-0.096965,0.599742,-0.107115,0.162809,-0.288254,-0.392099,0.103343,0.14022,0.025234,0.087175,0.323848,-0.166923,0.149731,0.2622,0.305394,0.112952,-0.055278,0.08965,-0.537293,-0.160335,-0.525202,0.105471,0.29679,0.094129,-0.067461,0.384784,0.326452,-0.152137,0.099666,0.261535,-0.22411,0.426162,-0.031574,-0.054252,0.214074,-0.08053,0.080693,0.17597,0.180945,-0.268947,0.04035,-0.309551,-0.125894,0.051402,-0.417391,0.011291,0.043436,-0.182599,0.157201,-0.108768,0.016803,-0.078588,-0.070644,0.039554,0.028885,-0.043717,-0.153069,0.221442,-0.230289,-0.120398,-0.15057,0.076461,0.124122,-0.250226,0.157164,0.089408,0.056992,0.159737,#
10,-0.464393,-0.017945,0.023963,0.002084,-0.348691,0.004808,0.200506,0.013128,0.000511,0.041595,1.0,0.082115,-0.228829,-0.001029,-0.076178,0.002553,0.363362,0.10057,0.29646,-0.017822,0.126574,0.326844,0.005524,0.204684,0.190519,0.435665,-0.326895,0.042775,0.174753,0.197883,0.052204,-0.110132,-0.280733,-0.05418,0.237673,0.243488,-0.067104,-0.069766,0.000939,-0.071582,-0.417844,-0.071604,0.340098,-0.100495,-0.139134,0.13439,-0.253552,-0.522547,-0.008948,0.003502,0.11123,0.146518,-0.236216,0.250606,-0.2839,0.015596,0.013187,-0.079781,-0.006579,-0.050549,0.050371,-0.17658,0.083744,0.293158,0.173829,-0.050341,0.001048,-0.033772,-0.117509,-0.071523,-0.253015,0.159486,-0.022505,0.029804,0.279174,0.244559,-0.180431,-0.063154,-0.153289,0.055152,0.025555,0.006188,-0.39314,0.272289,0.086012,-0.32206,-0.067013,-0.251935,-0.251234,0.318715,0.019673,-0.083198,-0.305331,0.182836,-0.409305,-0.016002,-0.193045,0.010787,-0.507924,0.06156,0.154968,-0.005562,-0.374529,-0.089937,0.156769,-0.070109,-0.094404,0.09338,-0.236666,0.598345,-0.177689,0.0,-0.135932,0.253411,0.009203,0.112019,-0.22233,0.016814,0.172929,0.38028,-0.360911,0.103874,-0.420734,0.00919,0.068918,-0.081127,-0.214836,-0.183082,0.365611,-0.011455,0.123224,-0.01273,0.013986,-0.024804,0.077675,0.231121,0.12881,-0.14903,-0.122048,-0.253947,0.096798,0.116663,0.071815,0.26211,0.111736,0.184504,0.00375,-0.210698,0.099335,-0.172747,0.246546,0.001189,-0.380326,0.116758,-0.103203,-0.5285,-0.26778,0.145669,0.11603,0.169373,0.214453,-0.131267,-0.494308,-0.013891,-0.140864,0.022838,-0.419584,-0.08013,0.101694,0.088659,0.000401,-0.174962,-0.287023,-0.179624,0.04217,-0.352809,-0.304484,0.195235,-0.068193,0.147989,0.17637,0.059839,-0.005707,0.218835,0.175416,-0.023516,-0.328103,0.111736,0.327165,0.033145,0.060886,0.183197,-0.000257,-0.044309,0.139673,0.023899,0.255071,-0.149212,-0.030116,0.121535,#
11,0.109186,0.004701,0.097451,0.071956,0.228767,0.273325,-0.274531,-0.105987,0.247934,0.235806,0.082115,1.0,-0.120911,0.183533,-0.161352,-0.041467,0.026166,-0.12417,-0.319788,-0.065142,-0.172802,-0.049835,-0.167587,0.137226,0.258331,0.074444,-0.27076,-0.156827,0.176495,0.277373,-0.194123,0.206171,-0.439169,0.169206,-0.149354,0.430717,-0.167413,-0.060258,-0.069737,0.172385,0.06405,-0.134117,0.074638,0.02459,0.00856,0.112664,-0.017022,-0.182867,0.287671,-0.029597,0.015245,0.035805,-0.07938,0.073428,0.211684,0.118881,-0.378835,-0.173557,0.033639,-0.206017,-0.238128,0.016101,0.413616,-0.348077,-0.052785,-0.115011,0.092018,-0.106583,0.078876,0.189657,0.024776,-0.258692,-0.094211,-0.03661,-0.071907,0.244719,-0.219638,-0.004526,0.245064,-0.078253,0.094174,-0.010708,0.142638,0.406569,0.109596,-0.041071,-0.207579,-0.160474,0.095881,-0.242897,0.008038,-0.005187,0.063177,-0.019621,-0.043595,-0.030546,-0.07024,-0.056089,0.112728,0.085276,-0.256086,0.145516,0.125579,0.204556,0.027696,0.035686,0.091248,-0.109804,-0.079354,-0.11151,-0.18714,0.0,-0.250964,0.008201,-0.02707,0.199015,-0.020858,-0.322233,0.097557,0.115424,0.165017,0.157676,-0.140607,-0.086561,0.407443,0.167257,-0.173199,-0.121534,-0.153809,-0.010031,-0.032447,0.050817,0.005923,0.12509,0.162834,0.240683,0.005327,0.008431,0.263524,0.046151,0.37223,0.164135,0.061907,0.089068,-0.136969,-0.074856,0.167163,0.024141,0.032339,-0.377131,-0.2197,0.332728,0.081606,-0.074396,-0.214732,-0.214851,0.129731,-0.259298,0.256935,0.122228,0.291264,0.031596,-0.017743,0.013448,0.02842,-0.277635,0.054548,-0.143185,0.466126,0.056703,-0.233941,-0.143594,-0.102728,-0.389552,-0.08042,-0.072164,-0.208476,-0.08146,-0.026262,-0.132929,-0.256362,-0.022493,-0.038285,-0.002033,0.052526,0.104167,0.144701,-0.136969,-0.131493,0.115246,0.075287,-0.036194,-0.00422,0.006627,0.243715,0.161158,0.107897,-0.010701,-0.014089,-0.029603,#
12,-0.196093,0.284869,-0.445814,-0.095253,0.322755,-0.236366,-0.120711,0.008382,-0.057949,0.157734,-0.228829,-0.120911,1.0,0.157065,0.046808,0.167817,-0.325496,0.221714,-0.180007,0.086669,0.497404,0.090155,0.163706,0.062573,-0.495363,-0.086577,0.262939,0.208732,0.02226,0.073859,-0.075086,0.191747,0.284579,-0.008802,0.073932,-0.148599,0.369635,-0.347597,-0.26006,0.189724,0.135585,0.515547,0.200151,0.258662,0.173841,0.033795,-0.182839,0.301298,0.079214,-0.359888,0.245573,-0.37678,0.119001,-0.356693,-0.214659,-0.445628,-0.280929,0.303003,0.325464,-0.123467,-0.381405,-0.120119,-0.515997,0.124977,0.203355,0.284996,0.054318,0.20148,0.462137,-0.218118,-0.224007,-0.050998,0.054947,-0.00639,0.031021,0.063133,0.040516,0.104267,-0.267248,-0.264155,-0.311067,-0.244262,-0.071847,-0.049801,0.059911,-0.211736,0.226856,0.010193,-0.391082,0.003608,-0.443862,-0.413606,-0.301095,-0.315138,-0.197841,0.040516,-0.1773,-0.277107,-0.257719,-0.254232,0.137765,-0.058184,-0.095734,-0.388674,0.009471,0.082112,-0.375545,-0.155159,-0.307418,-0.214385,0.229718,0.0,-0.129683,-0.215413,-0.162195,0.10576,0.071312,0.077261,-0.223483,-0.249769,0.076487,-0.354978,-0.079101,-0.301566,-0.453105,0.203761,-0.238051,0.113596,-0.005205,-0.259045,-0.352511,-0.042391,-0.067951,-0.015467,-0.258712,-0.144058,-0.082436,0.053199,0.244706,-0.008844,-0.228001,0.115623,-0.337317,-0.335455,-0.122121,-0.102784,0.108199,0.139283,-0.361691,0.052884,-0.168128,-0.187104,-0.251296,-0.256662,-0.373451,-0.142777,0.091452,0.112597,-0.32444,-0.222797,0.133226,-0.058053,-0.205633,0.147504,-0.116128,0.287302,-0.074935,0.008444,-0.278285,0.201756,-0.048141,-0.030944,-0.213368,-0.093338,0.022663,-0.074261,-0.204877,-0.21501,0.19323,-0.062838,0.30847,0.105888,-0.178367,0.099263,0.130381,-0.335864,-0.127419,-0.172461,-0.141402,0.133561,-0.243588,0.283894,0.146738,0.044726,0.002284,-0.105734,0.100081,0.067646,0.004998,0.204048,#
13,0.095778,0.176595,0.168945,-0.21064,0.233537,0.186893,0.14127,0.217648,0.439476,0.233837,-0.001029,0.183533,0.157065,1.0,0.140235,-0.304973,-0.24512,0.003599,-0.281735,0.22529,-0.089882,-0.210558,0.113262,-0.21873,0.030217,-0.087667,0.353074,-0.209918,0.205671,0.036876,-0.416436,0.295994,-0.138988,-0.284233,-0.159273,0.215482,0.453234,-0.231994,-0.39094,-0.235687,0.006811,0.331187,-0.217234,-0.013787,0.00117,-0.397535,0.450403,0.209966,0.019541,0.283757,0.193592,-0.144721,-0.140735,0.033298,-0.415914,-0.001911,0.114438,0.008318,0.210416,0.300925,-0.265668,0.216379,-0.093714,-0.139273,0.017923,0.306996,0.32054,0.398603,0.360473,0.234915,-0.165287,-0.026943,0.229308,-0.2089,-0.023045,0.197729,-0.072274,-0.022483,-0.23121,0.033198,0.060384,-0.366482,-0.034012,0.122495,-0.230581,-0.020187,-0.423888,-0.381002,-0.408268,-0.268824,-0.307464,-0.006711,-0.070041,0.033879,-0.380277,0.114946,-0.147391,-0.285828,-0.113575,-0.235833,-0.201498,-0.244736,-0.083287,-0.257076,-0.156263,-0.280942,0.261266,-0.217433,-0.080829,-0.230138,0.33911,0.0,-0.355769,0.019799,0.12547,-0.147915,-0.514674,-0.226019,0.288543,-0.358826,-0.031131,-0.290215,0.08259,-0.254065,-0.024121,-0.169595,-0.335632,0.038761,-0.111745,-0.222543,-0.196001,0.37783,-0.52458,-0.196882,0.140904,-0.122279,0.038541,0.204509,0.308654,0.044575,0.095341,-0.46275,-0.340174,-0.275273,-0.27736,-0.26661,0.18365,0.63187,-0.339974,0.298665,-0.390131,0.271116,-0.061011,-0.009842,0.214353,-0.259824,0.390021,0.382303,-0.096766,-0.081622,-0.373656,0.023979,-0.010592,0.502289,0.045037,0.33022,-0.109855,0.079962,-0.025144,-0.133598,0.201322,0.128491,-0.124573,-0.16467,-0.269117,-0.063117,0.043518,0.071121,0.25487,-0.280926,0.221061,0.315269,-0.431717,-0.335042,0.312374,-0.065897,-0.015719,0.045327,-0.543535,0.302003,-0.023934,-0.065951,0.450835,0.3357,-0.000687,-0.273253,-0.086303,-0.20202,0.268706,0.416391,#
14,0.009572,-0.004984,0.03389,-0.039021,-0.137029,0.20343,0.087917,0.347351,-0.34901,-0.330575,-0.076178,-0.161352,0.046808,0.140235,1.0,0.072848,-0.15791,-0.320185,-0.062858,-0.039264,-0.09314,0.190668,0.136718,-0.283202,-0.240319,0.007384,0.247525,-0.242174,0.046397,0.052254,-0.141828,0.443935,-0.001674,0.011169,0.026695,-0.037102,-0.188468,0.045163,-0.126164,-0.018151,0.078055,-0.120791,0.182964,0.030444,-0.157961,0.044053,0.361504,-0.136389,0.362495,0.069322,-0.33444,-0.0,-0.041048,-0.413349,-0.086273,0.047324,0.196475,-0.029363,-0.437796,-0.25536,0.12803,-0.252445,-0.139565,0.091161,0.229705,0.048061,-0.186684,0.029892,-0.139595,-0.385701,-0.08292,-0.074431,-0.126055,-0.019331,0.094699,0.104649,-0.085296,0.35193,-0.286066,-0.325201,0.159618,-0.24607,0.124069,-0.187018,-0.208584,0.054707,-0.110113,-0.182517,-0.122745,-0.410778,-0.113029,-0.056447,0.205301,-0.155666,-0.127391,-0.085296,-0.112193,-0.06202,-0.148388,-0.110184,0.066725,-0.348907,0.217016,-0.188039,-0.481975,0.016767,0.055839,-0.263678,0.084389,-0.189872,-0.039755,0.0,-0.220517,0.184845,-0.569234,-0.056578,-0.056417,0.27631,-0.115011,-0.031941,-0.293182,-0.252842,0.164535,0.391488,0.019164,-0.378772,0.18492,-0.216085,-0.009093,-0.293323,-0.05655,-0.410549,-0.454254,-0.215819,-0.141536,-0.071488,0.237429,0.089009,-0.294851,-0.287651,-0.187122,-0.481057,-0.319162,-0.33545,-0.241902,-0.098003,-0.040071,-0.184468,-0.293001,-0.082252,0.059724,-0.11313,-0.011885,0.138211,-0.105844,-0.080682,0.271036,-0.057016,-0.508208,0.143605,-0.50935,-0.157928,0.05714,-0.481835,0.081011,0.208703,0.244366,0.314418,-0.121408,-0.320705,0.268064,0.133988,-0.266659,0.161361,0.401055,0.214038,0.301025,-0.172786,0.002434,0.157129,-0.155259,0.396546,0.17024,0.08937,0.207559,-0.226732,-0.036901,-0.023863,0.222934,-0.076549,-0.329248,0.159717,0.148659,0.050058,0.163564,-0.089244,-0.010697,-0.245923,0.118754,0.382766,#
15,-0.206407,0.095241,-0.344356,0.320049,-0.097008,-0.190231,-0.062935,0.179352,-0.427927,-0.013872,0.002553,-0.041467,0.167817,-0.304973,0.072848,1.0,-0.026343,-0.362479,-0.225343,-0.487476,0.074568,0.1693,-0.104049,-0.052843,-0.044326,-0.05106,-0.174134,-0.092931,0.016776,-0.036395,-0.05466,-0.127968,0.266635,-0.0955,-0.03661,-0.05512,-0.069693,-0.114584,0.20441,0.476863,0.066591,-0.00114,0.487579,-0.062595,-0.032529,0.357999,-0.181689,-0.301455,0.221989,-0.159077,0.249945,-0.211608,0.178518,-0.089691,-0.093561,-0.011999,-0.030982,-0.045228,0.027844,0.061284,-0.136845,0.133366,-0.055122,0.213423,-0.149708,-0.156904,-0.460695,0.262584,-0.250431,-0.379864,-0.041505,0.097866,0.191792,-0.03058,0.102208,-0.141446,0.002601,0.330647,-0.057305,-0.164175,0.104635,-0.061355,0.131577,-0.242088,0.302989,-0.145315,0.332588,0.161342,-0.032727,0.095837,0.23301,-0.145096,0.304617,-0.275469,-0.044273,-0.008093,-0.257627,0.257171,-0.07169,0.108798,0.101264,0.170531,0.040096,-0.034602,0.172089,-0.057323,-0.336135,0.126117,-0.358755,-0.017586,-0.547911,0.0,-0.163159,0.047649,-0.10193,-0.046866,0.209169,-0.05804,-0.415068,0.279143,0.024654,-0.118364,0.181495,0.281646,0.053094,-0.008135,0.052239,-0.288085,-0.03471,0.071596,-0.067155,-0.311659,0.164781,0.232698,-0.111975,0.085565,0.224223,-0.200259,-0.051628,-0.040864,-0.246372,0.169559,0.111789,-0.24699,-0.168419,0.126621,-0.3485,-0.597922,-0.209185,-0.368447,0.042314,-0.143786,-0.374745,0.055231,-0.349924,0.197075,-0.180328,-0.281299,-0.18418,0.167435,0.166544,-0.31268,-0.134964,-0.390489,-0.361929,-0.190393,-0.401707,-0.126063,0.029732,-0.080488,-0.119139,-0.323898,-0.004332,0.194702,0.114196,-0.169589,-0.495177,-0.15447,-0.261581,-0.031844,-0.272056,-0.403007,0.60669,0.177085,-0.018346,-0.118569,-0.38,-0.216836,0.616103,-0.38404,-0.216176,0.370565,0.070575,-0.092762,0.354545,0.015313,0.076246,-0.254601,-0.259313,0.085184,#
16,0.035114,-0.006612,-0.326589,-0.138373,-0.120401,0.367781,0.120867,-0.108742,-0.058501,-0.008315,0.363362,0.026166,-0.325496,-0.24512,-0.15791,-0.026343,1.0,0.083609,0.23058,-0.205556,0.40201,0.358619,0.277728,-0.129788,0.365295,0.197533,-0.360118,0.002535,-0.181432,0.376287,-0.130092,-0.381472,0.18309,-0.079926,0.02875,0.227405,-0.380928,0.039263,0.344649,0.105588,-0.014578,-0.324393,0.131794,-0.251685,-0.136266,0.265445,-0.086247,-0.202849,-0.048576,-0.007964,0.072128,-0.006409,0.091629,0.279552,0.22467,0.344497,-0.179355,0.114892,0.144375,0.145328,0.142388,-0.183958,0.22527,0.172303,-0.233161,-0.073286,-0.161044,-0.098936,-0.038477,0.245684,-0.010608,-0.170661,-0.108742,-0.325902,-0.215416,0.179612,0.026122,-0.146033,-0.118415,0.071084,-0.12556,0.013624,-0.15695,-0.040019,-0.11958,0.002794,-0.089706,-0.063394,0.315531,0.156379,0.081142,-0.090608,-0.11357,-0.000788,-0.151871,-0.253048,0.120811,-0.048538,-0.041516,-0.137993,0.1486,0.224545,-0.345228,-0.301156,0.104891,-0.090215,0.028443,-0.204172,0.018074,0.221688,-0.347781,0.0,-0.062054,-0.35433,0.050622,-0.207295,-0.09056,-0.271504,0.445085,-0.10964,0.032174,-0.09056,-0.131218,-0.118415,0.17359,-0.063394,0.168548,0.122567,0.218973,0.028115,0.204059,-0.089297,0.01547,0.038959,-0.116332,-0.00428,-0.13621,-0.45141,-0.115332,-0.295073,-0.301179,0.014401,0.221208,0.217034,-0.298022,-0.193461,0.030121,-0.006917,0.238225,-0.25289,-0.051314,-0.226209,-0.184541,-0.252915,-0.114865,0.032155,-0.160464,0.117082,-0.012193,0.233761,0.290563,0.263621,-0.27648,0.087918,0.079042,0.078038,-0.090114,-0.209956,-0.252961,0.255005,0.155426,-0.057145,0.06327,-0.133147,0.103549,-0.346133,-0.161021,-0.006855,-0.131574,-0.159092,-0.102046,-0.155657,-0.075878,0.26048,0.076536,-0.240901,-0.109834,-0.298022,0.30514,-0.041736,-0.034716,0.193686,0.020637,-0.056396,0.222603,0.535408,0.046,0.013616,-0.291863,-0.183916,#
17,-0.054073,0.041427,0.035844,-0.18516,0.28425,-0.09638,0.112989,-0.356272,0.440094,0.126988,0.10057,-0.12417,0.221714,0.003599,-0.320185,-0.362479,0.083609,1.0,0.400103,0.021299,0.32154,-0.209061,0.245327,-0.068923,-0.300531,-0.155396,0.10273,0.18628,-0.046421,-0.06649,0.284684,0.016811,0.069902,-0.059698,0.049865,-0.037754,0.172384,-0.251759,-0.356582,-0.185345,-0.218245,0.211489,-0.255603,-0.196666,0.213057,-0.268887,0.043087,0.447186,-0.18708,-0.075735,0.066857,-0.02377,0.177665,0.17347,0.011194,-0.184723,-0.10741,-0.070713,0.451186,0.009342,0.119805,0.064966,-0.047214,-0.319324,-0.052668,0.169138,0.112833,-0.095966,0.296756,0.155057,0.014787,0.016049,-0.356272,-0.07021,-0.05264,0.222854,-0.006811,-0.38734,-0.032061,0.163681,-0.328479,0.137297,-0.469114,0.14226,-0.138364,0.056419,-0.205852,0.407639,-0.087765,0.205574,-0.409979,-0.228424,-0.661329,0.059038,0.121021,-0.138682,0.08042,-0.265543,-0.059007,0.032434,-0.186154,-0.191426,-0.096201,-0.044452,0.102362,0.127819,0.066504,0.241666,-0.157571,-0.142064,0.291624,0.0,0.028438,-0.222195,0.076118,-0.057088,0.072713,0.080869,0.352777,-0.228207,-0.005973,0.116657,-0.38581,-0.28781,-0.160137,0.436544,-0.063615,0.347365,-0.02781,-0.017734,-0.022221,0.247916,-0.154947,0.082966,-0.095173,0.118709,-0.014522,0.115848,0.203874,0.00215,-0.039009,0.115882,-0.012243,0.360522,0.206402,-0.093295,0.370291,0.403636,0.04525,0.172123,-0.097659,0.063217,-0.046263,-0.503052,0.192822,-0.014678,-0.000673,0.424238,0.003304,0.127278,0.094784,0.282498,-0.127111,0.416886,0.291879,0.148943,0.023945,0.127522,-0.195498,0.301417,0.031726,0.0685,-0.105345,-0.37022,-0.255592,0.149743,0.09429,0.351714,0.558497,0.025991,0.514916,-0.045625,-0.537634,-0.144559,0.148401,0.082812,0.068652,0.067787,-0.267934,0.212794,0.133034,-0.266768,-0.051435,0.090729,-0.171655,0.22543,0.220135,0.119689,0.029749,-0.188995,#
18,-0.188377,-0.266922,0.014023,-0.30812,-0.075948,-0.106147,0.241058,0.221112,0.327991,-0.399206,0.29646,-0.319788,-0.180007,-0.281735,-0.062858,-0.225343,0.23058,0.400103,1.0,-0.048472,0.192108,0.141635,0.33378,-0.169712,-0.23468,0.114498,0.09191,0.391761,0.047033,0.023322,0.43885,-0.066983,0.105715,-0.212784,0.038764,0.159513,0.018149,0.042855,0.221304,-0.269,-0.021475,0.095765,-0.148595,-0.005404,0.211975,-0.357927,0.233977,0.186667,-0.175065,-0.106174,-0.160177,-0.060819,-0.152575,0.045514,-0.038792,0.189581,0.16621,-0.102881,0.072494,-0.02741,-0.077037,-0.282111,-0.196153,0.023485,0.097245,0.24287,0.327843,-0.072656,-0.028779,-0.123454,0.184302,-0.159491,-0.463282,-0.030726,0.055303,-0.081129,0.180897,-0.590247,-0.31329,0.033788,-0.223499,0.063378,-0.242817,-0.082468,-0.067225,0.015042,-0.109893,-0.011803,0.147754,0.123328,0.005316,0.008454,-0.43587,0.023353,0.107686,0.035797,-0.052388,0.016342,-0.226703,-0.112264,-0.017658,-0.21483,-0.17991,0.103317,-0.20517,0.068437,0.016981,0.012092,0.43095,0.131884,0.14901,0.0,0.301625,0.030615,-0.027979,-0.273358,0.165546,0.34152,0.215589,0.053378,-0.215964,0.048647,-0.31806,-0.157264,-0.061744,0.024671,0.033864,0.25939,0.129889,0.024938,0.395989,0.080455,-0.051735,-0.114922,-0.101376,-0.138508,0.147715,-0.02042,0.061939,-0.26541,0.092796,0.124667,-0.064383,0.456241,0.003005,-0.227546,-0.00458,0.084332,0.366957,0.238964,0.404167,-0.054244,0.259094,-0.323325,-0.127948,-0.187456,0.039602,0.040833,-0.211221,0.29692,-0.071716,-0.070189,-0.335858,0.030644,0.15288,-0.102008,-0.016985,0.043414,-0.404588,0.312778,-0.283835,0.224018,0.158744,-0.020087,0.004527,0.069165,0.20935,-0.078341,-0.02836,0.359102,0.179912,0.177443,-0.171217,0.003475,-0.098669,0.075774,0.234093,0.04717,0.024854,-0.288289,0.088253,0.065954,-0.170041,-0.174638,-0.095739,0.401011,0.132231,0.134446,-0.201994,-0.310175,#
19,0.025989,0.209561,0.427342,0.110232,0.169904,-0.076202,0.204571,-0.164089,0.293196,0.17374,-0.017822,-0.065142,0.086669,0.22529,-0.039264,-0.487476,-0.205556,0.021299,-0.048472,1.0,-0.175737,0.015695,0.010405,0.118458,-0.31283,-0.048004,0.081507,0.166922,0.139853,0.1452,-0.065547,0.195267,-0.090294,0.008734,-0.058037,-0.208138,0.083419,-0.175844,-0.164232,-0.216621,-0.254477,0.174297,-0.151551,0.32351,0.024442,-0.287898,0.02286,0.111809,-0.407884,0.335541,-0.244043,0.098558,0.183636,0.222235,-0.234077,-0.015956,0.017268,0.036162,-0.099573,-0.242035,0.118476,0.097653,-0.077394,0.068572,-0.137753,0.019439,0.517515,-0.245815,0.228941,0.24773,0.140609,0.003223,0.213205,0.290877,-0.318989,0.055283,-0.001419,-0.096393,-0.089707,-0.105497,0.098327,-0.22408,0.05175,0.327193,-0.21907,0.09793,-0.014232,-0.347075,0.079704,-0.326249,-0.181112,0.017003,0.104442,0.159616,-0.286979,0.065824,0.096422,-0.378306,-0.154095,0.099048,-0.319304,-0.120497,-0.16883,0.108768,-0.084276,0.113289,0.027926,-0.087721,0.206313,0.166482,0.527918,0.0,0.060755,0.017003,0.198008,-0.088866,-0.048233,0.000861,0.30286,-0.159531,-0.026075,0.37444,-0.064766,-0.385523,-0.284091,0.075234,-0.04352,0.206408,-0.093399,-0.224124,0.030294,0.185692,-0.186704,0.037076,0.244257,-0.19907,-0.205538,0.036265,-0.087719,0.093201,0.329162,-0.072511,-0.022924,-0.245888,0.117624,0.153571,0.230966,0.396743,-0.047281,0.425196,-0.089701,0.006059,0.157231,0.212852,0.257277,0.131874,-0.118901,0.211911,0.326006,-0.301558,-0.132192,0.018708,0.294181,0.286336,0.249884,0.110603,0.114954,0.065082,0.217231,-0.048636,-0.341921,0.23309,-0.182598,0.221013,0.154441,0.076177,0.225346,-0.015693,-0.038407,-0.267523,0.197708,-0.035116,-0.291021,0.182342,-0.088743,0.189279,0.139309,0.117624,-0.476597,0.100543,0.097423,-0.269547,-0.183233,0.143984,-0.24177,-0.229325,-0.126661,0.156204,0.168816,0.213575,#
20,-0.165142,0.127325,-0.57667,-0.411436,0.291414,-0.080517,0.229829,-0.023363,-0.164125,0.075261,0.126574,-0.172802,0.497404,-0.089882,-0.09314,0.074568,0.40201,0.32154,0.192108,-0.175737,1.0,0.387502,0.446398,0.222383,-0.17978,-0.015712,-0.01777,0.039293,0.115533,0.325558,-0.049328,-0.135489,0.461864,-0.147168,0.198703,0.203826,0.05705,-0.179304,0.000487,0.000796,0.175724,0.224432,0.287822,-0.169567,-0.119769,-0.033199,-0.185342,0.220992,0.231737,-0.455917,0.252999,-0.503303,0.006086,-0.18006,-0.082581,-0.447028,-0.235118,-0.023493,0.411043,0.07064,-0.020543,-0.192006,-0.393904,-0.008899,-0.021697,0.35996,-0.008466,0.071248,0.473168,0.038707,-0.276449,-0.157202,-0.012655,-0.302953,-0.026581,0.178397,-0.029593,-0.236547,-0.542654,-0.092154,-0.287558,-0.086778,-0.368109,-0.149154,-0.116431,-0.27569,-0.009952,0.07402,-0.189723,0.354717,-0.568045,-0.520681,-0.476172,-0.246417,-0.017328,-0.217561,-0.291255,-0.128159,-0.345909,-0.309741,0.191446,0.007698,-0.540742,-0.508784,0.178046,-0.19418,-0.208183,-0.31286,-0.214057,-0.144938,0.161892,0.0,-0.236318,-0.356773,0.005174,0.025449,-0.179112,-0.16851,0.126568,-0.370165,-0.0042,-0.31563,-0.207982,-0.473963,-0.3191,0.262707,-0.217148,0.170842,0.457702,-0.335405,-0.239855,-0.150077,-0.07873,-0.011833,-0.316311,-0.229557,-0.380434,-0.268482,0.149679,-0.212956,-0.347939,0.120701,-0.112538,-0.068715,-0.49786,-0.213294,-0.024723,0.234995,-0.190288,-0.226678,-0.22442,-0.18804,-0.317183,-0.521818,-0.430186,-0.215708,-0.065491,0.328847,-0.35218,-0.032339,0.403309,0.157948,-0.477791,0.175362,-0.136992,0.265568,-0.081466,-0.170689,-0.706516,0.610461,0.119354,0.084654,-0.272833,-0.434817,0.01582,-0.163591,-0.261715,-0.104412,0.18768,0.025186,0.348541,-0.068683,0.00373,0.223805,0.265858,-0.425645,-0.184929,-0.192254,0.17351,0.003386,-0.253435,0.457913,0.272196,0.067258,0.155043,0.349318,0.224698,-0.086727,-0.327665,-0.138547,#
