0,1.0,0.206152,-0.216096,-0.047604,0.573673,0.150332,0.038731,-0.261096,0.348548,0.411403,0.478625,0.081669,0.311824,0.215725,-0.229298,0.207708,-0.127144,-0.064449,0.060131,-0.421551,0.531854,0.091485,0.26396,-0.223761,-0.143854,-0.250162,-0.198459,-0.436216,0.300673,0.304993,-0.499958,0.286746,0.080248,-0.277106,-0.297456,0.023731,-0.217074,-0.38423,-0.161435,-0.046727,0.203177,0.115524,-0.339628,0.107258,-0.117729,0.147992,-0.269599,0.000576,-0.049032,0.196691,0.140971,-0.229554,0.099872,0.052026,0.225461,0.296407,-0.472569,0.315348,-0.172505,-0.099277,0.144172,-0.139093,0.305863,-0.557342,0.053724,0.242694,-0.126171,0.424517,0.405655,0.316295,-0.365728,0.322781,-0.035605,-0.259201,-0.407413,0.200544,-0.119663,0.066072,-0.210272,-0.051501,-0.29815,-0.527628,-0.006999,-0.184035,-0.212154,-0.235214,-0.364846,-0.169724,-0.139611,-0.324562,-0.123598,-0.665665,-0.198411,0.109609,-0.437174,-0.35847,-0.084143,-0.140547,-0.34202,-0.269031,-0.051662,-0.250406,-0.157096,0.007683,-0.585799,-0.17277,-0.18194,-0.100148,-0.128261,-0.076709,-0.000569,-0.240685,-0.237697,-0.276267,-0.410738,-0.32018,-0.044931,0.023779,0.025179,-0.178083,-0.599682,-0.338085,-0.299445,0.156029,0.034325,-0.073502,-0.407046,-0.01722,0.133042,-0.58587,-0.337325,-0.142116,-0.396452,-0.270852,-0.236384,-0.220961,-0.166607,-0.458443,-0.381707,-0.537497,-0.308169,-0.30602,-0.621494,0.060814,-0.038961,-0.167956,-0.227132,0.616197,-0.210469,-0.109485,-0.147337,-0.302902,-0.073941,-0.20597,-0.166204,-0.085868,-0.381698,0.441274,-0.505981,-0.367954,-0.252796,-0.370722,0.028864,0.178604,-0.213609,0.438667,-0.512464,0.178545,-0.450914,-0.350996,-0.074181,0.320877,-0.260895,0.067901,0.408997,0.140019,-0.007759,0.173337,0.288126,0.171684,0.32896,0.061487,0.113982,0.449071,0.458808,-0.23126,0.044467,-0.149734,-0.196899,0.595739,-0.287156,0.323171,0.483686,0.229097,0.18408,-0.214901,0.044928,-0.287156,-0.230399,-0.143996,#
1,0.206152,1.0,-0.070321,-0.490666,0.267408,-0.022,-0.230165,-0.274512,-0.104478,0.447235,0.102656,0.275731,0.198011,0.409603,0.174397,-0.074978,-0.205993,0.043187,0.155134,-0.067401,-0.034795,-0.323361,0.262896,0.022526,0.050592,-0.068242,0.248181,-0.180567,0.136904,0.538053,-0.451703,0.027318,-0.159525,-0.276688,-0.0551,0.066634,-0.252944,-0.041985,-0.229993,0.181055,-0.229985,0.032931,-0.451519,0.019122,0.063913,0.14858,0.114404,0.372309,-0.515686,0.241346,-0.108483,-0.601605,0.190379,-0.07432,0.320866,-0.200453,-0.150825,0.246228,0.188265,-0.20527,0.050782,0.57303,0.187378,-0.01613,0.012106,0.16187,-0.159134,0.03267,0.184371,0.222888,-0.121852,0.026849,0.273126,-0.202005,-0.35328,0.09352,-0.360593,-0.276264,-0.051382,-0.329133,-0.102205,-0.236505,-0.195424,-0.300932,0.087616,-0.073581,-0.383964,-0.451718,0.213522,-0.235426,-0.17919,-0.236228,-0.383952,0.003448,0.033085,0.085177,0.245363,0.119125,-0.301316,-0.193354,0.25225,-0.268802,-0.287207,-0.301203,-0.268802,-0.301253,-0.038331,-0.256932,-0.139916,-0.326578,0.265338,-0.108872,-0.24646,-0.276726,-0.308195,-0.056795,-0.309261,-0.24646,-0.229617,-0.298163,-0.202859,-0.301109,-0.362577,-0.191859,0.138669,-0.230831,0.083084,0.126092,0.221265,-0.416135,-0.127071,-0.161076,0.099293,-0.276747,-0.231761,-0.252726,-0.075363,-0.207373,-0.198344,-0.553759,-0.354277,0.055797,-0.354439,-0.22393,-0.310314,-0.212673,-0.071727,0.139717,-0.253096,-0.416135,-0.537359,-0.36345,-0.326891,-0.253126,-0.193263,-0.326712,0.253583,0.427204,0.028949,-0.171258,-0.161336,-0.383475,-0.103406,-0.11538,0.197104,0.16772,-0.134677,0.132179,-0.276742,-0.300932,-0.145458,0.29898,-0.326536,-0.089644,-0.149903,-0.007598,-0.184383,0.294272,0.414456,-0.21684,0.65522,0.00629,0.010656,0.271527,0.277414,-0.318281,0.38741,-0.055119,0.083003,0.328674,-0.007598,0.002197,0.112359,0.158688,-0.181622,-0.25177,0.143282,-0.640774,-0.240439,-0.230087,#
2,-0.216096,-0.070321,1.0,0.139629,0.031259,-0.064097,-0.008348,0.64985,-0.020833,-0.247045,-0.063593,0.143305,-0.166091,-0.182645,-0.106224,-0.073664,0.226318,-0.016806,-0.217347,0.333712,-0.090748,-0.160815,0.199308,0.142114,0.540207,0.253704,-0.18753,-0.038718,-0.113283,-0.084104,0.061034,0.19068,-0.153139,-0.005474,-0.280895,0.142852,0.252313,-0.006354,0.313936,-0.295698,-0.012494,0.108519,-0.102952,-0.308186,0.527861,-0.246254,-0.351292,0.035657,-0.087997,-0.15703,0.130648,0.303093,0.048216,0.108978,-0.031289,-0.150678,-0.079867,-0.036694,0.00045,-0.134185,-0.209051,-0.180332,-0.062428,0.212752,0.077753,0.277701,0.027383,0.070902,0.140758,-0.370303,-0.000336,-0.152925,-0.083221,-0.045726,0.195693,0.203753,0.125926,-0.173817,-0.167416,-0.138687,0.436059,-0.054479,0.064221,0.259389,-0.143948,0.011549,0.186796,0.040912,0.126929,-0.105266,0.401641,-0.106069,0.02983,-0.237703,-0.030672,-0.103289,0.356286,0.16292,0.277589,-0.01787,-0.017806,0.163277,0.254766,0.076872,-0.172672,0.066051,-0.032468,0.218578,0.128737,-0.157738,0.271643,-0.260742,0.346057,-0.009412,0.23743,0.074072,0.030303,0.096784,0.001085,-0.216398,0.155367,-0.073043,0.297274,0.067338,0.181353,0.157621,-0.218238,-0.039844,-0.19195,0.113991,-0.051095,-0.152499,0.156413,-0.168612,0.181087,-0.260256,-0.180491,0.066114,0.220406,0.168841,-0.033354,0.259312,0.095271,0.076324,-0.091771,0.088015,0.01215,-0.030667,0.325676,0.123012,0.071488,0.106899,0.040477,-0.291839,0.232904,-0.292322,0.253651,0.207547,0.085018,0.22604,0.434338,0.201423,0.435985,-0.026182,0.037563,-0.112927,0.35309,-0.58524,0.478936,-0.058574,0.258227,-0.145173,0.043342,0.120775,-0.208276,0.247782,-0.441588,-0.074931,0.033285,0.049608,-0.304195,-0.072932,-0.155995,-0.029533,-0.167548,-0.010812,0.421237,-0.246435,0.229356,-0.355561,0.247782,0.086483,0.033913,0.132256,-0.106877,0.424001,0.093638,-0.192035,-0.013298,-0.024557,#
3,-0.047604,-0.490666,0.139629,1.0,0.036779,0.077075,-0.469699,0.347636,0.05225,-0.253439,0.029826,0.041138,-0.19085,-0.140719,0.096413,0.160758,0.191394,-0.06972,-0.264711,-0.04887,-0.079861,-0.208989,-0.10564,-0.071065,0.276721,0.093497,-0.28227,-0.007938,-0.080529,-0.020165,0.376102,0.300516,0.082505,0.02497,0.061169,0.2623,-0.038614,0.039881,0.235257,0.106222,0.102917,-0.052093,0.211418,-0.417274,0.063766,-0.418799,-0.024408,-0.241248,0.262092,-0.268784,0.017539,0.440484,0.110572,0.433488,0.000456,0.074846,-0.164667,-0.065132,-0.16507,-0.204413,-0.175845,-0.304563,-0.439179,-0.400459,-0.115953,-0.184006,0.321248,-0.046726,0.041879,-0.296423,-0.225647,0.060867,0.001801,0.331286,0.636545,0.197971,-0.045663,0.244125,0.273525,0.122219,0.024999,0.145756,0.065638,0.227506,-0.293193,-0.22353,0.268494,0.245626,0.233081,0.237994,0.32133,0.048949,0.104938,-0.009322,-0.153464,-0.07104,-0.207946,0.062997,0.285238,0.032059,-0.319785,0.663838,0.367989,0.453959,0.109842,0.070142,0.243125,0.005918,0.076201,0.30091,-0.234303,0.190717,0.201923,0.196207,-0.105481,0.373469,0.455817,0.222511,0.308027,0.048696,0.015563,0.083622,0.536755,0.055315,0.063,-0.056943,-0.223702,-0.262662,-0.311244,0.166097,-0.045096,-0.119959,-0.187583,-0.132424,-0.033908,-0.029317,0.123788,-0.176355,0.136406,0.13219,-0.110434,0.040369,0.019244,-0.068808,0.317279,-0.068517,0.241003,-0.262202,0.227455,0.169078,0.18121,0.337285,0.01909,-0.041653,0.395103,0.319503,-0.21051,-0.19101,0.041532,-0.185089,0.125649,0.424045,0.041369,0.069543,0.096917,-0.353675,-0.071153,0.095193,0.166276,0.079805,-0.205707,-0.374143,-0.013964,0.169028,0.137143,0.306638,-0.249734,-0.238088,-0.363764,0.061983,-0.57893,-0.167725,-0.380158,-0.250448,-0.235618,0.122144,-0.332473,-0.336185,0.090557,-0.283288,-0.147432,0.150256,0.075639,0.029031,-0.298376,-0.189175,0.013396,0.306638,0.217968,0.098347,#
4,0.573673,0.267408,0.031259,0.036779,1.0,0.121487,-0.097233,-0.022124,0.138424,0.486302,0.351359,0.272882,0.24646,0.16323,-0.236753,0.451521,-0.266414,0.030058,0.141073,-0.176103,0.294022,-0.126582,0.291654,-0.096834,0.108465,-0.146183,0.105973,-0.217687,0.286773,0.350515,-0.219836,0.205307,0.312591,-0.200978,-0.109798,0.131956,-0.334887,-0.292134,0.080459,-0.233877,0.225139,-0.028235,-0.222069,0.097912,0.127093,0.323737,-0.023404,0.114039,-0.019088,-0.013475,0.13904,-0.294465,0.391462,0.069433,0.311939,0.176226,-0.330786,0.383408,-0.052573,-0.414219,-0.291052,-0.109676,0.152283,-0.284559,0.035361,0.398967,0.161876,0.541318,0.137513,0.238213,-0.65673,0.208771,0.271192,-0.322167,-0.126075,0.145968,-0.342653,-0.084432,-0.103535,-0.077834,-0.213717,-0.604449,-0.274861,-0.278032,-0.202932,-0.155993,-0.156678,-0.267413,0.009584,-0.263991,-0.181557,-0.572938,-0.480264,0.011837,-0.501173,-0.148353,0.175887,-0.049021,-0.102615,0.126269,0.240598,-0.126799,-0.189029,0.029778,-0.527274,-0.149055,-0.077197,-0.018281,0.078362,-0.20749,0.133077,-0.219695,-0.294437,-0.384263,-0.080862,-0.233567,0.061992,-0.020525,0.067097,-0.354137,-0.341096,-0.445762,-0.187994,0.05782,0.288751,-0.34078,-0.371549,0.030864,0.07545,-0.331036,-0.362968,-0.32504,-0.476246,-0.204394,-0.284722,0.201067,-0.152077,-0.032319,-0.452295,-0.632994,-0.226671,-0.019147,-0.555142,0.272769,0.201571,0.035089,-0.129488,0.480181,-0.263367,-0.331036,-0.366778,-0.191409,0.013519,-0.193695,0.074447,-0.175531,-0.158831,0.373736,-0.228173,-0.117727,-0.407291,-0.161366,-0.08166,0.126483,0.13489,0.36625,-0.256056,0.092117,-0.214902,-0.110126,-0.112204,0.297955,-0.176279,-0.188587,0.141285,0.096658,-0.172698,0.052128,0.159115,0.065237,0.385113,0.317031,-0.152655,0.200869,0.198036,-0.31471,-0.032841,-0.362549,0.030067,0.302612,-0.225536,-0.011069,0.711,0.436546,-0.201012,-0.168571,0.142196,-0.350833,-0.324116,-0.142317,#
5,0.150332,-0.022,-0.064097,0.077075,0.121487,1.0,0.013845,-0.275892,0.002435,0.228711,0.101311,0.103041,0.122659,0.259065,-0.224961,0.293527,0.080997,-0.206663,0.041371,-0.241639,0.325411,0.250185,0.286745,-0.233258,-0.335199,-0.301044,-0.183353,-0.075052,0.105395,0.160797,-0.160052,0.308309,-0.350469,-0.080205,-0.317331,0.011652,-0.195717,-0.24999,0.24589,-0.253551,0.046764,0.152331,0.166232,0.011473,-0.336857,-0.246386,-0.025066,-0.312574,0.269672,-0.015716,0.183303,0.005539,0.12572,-0.180855,0.243589,0.477855,-0.274389,-0.094007,-0.369241,-0.100508,0.207118,-0.139535,0.383449,-0.349205,0.178696,0.100132,-0.116941,0.137547,-0.162169,-0.088192,-0.418338,0.304938,-0.014492,-0.090361,-0.00867,0.184409,-0.094571,-0.103588,-0.218519,-0.029488,-0.095861,-0.073475,-0.013697,-0.001215,-0.203986,-0.048824,-0.197746,0.010969,0.199201,0.052899,-0.122387,-0.006138,-0.355802,0.333286,0.065233,-0.186788,0.127286,-0.115933,-0.147613,0.085162,0.350742,-0.089532,0.208107,-0.523867,-0.203399,-0.314753,0.105011,-0.372937,-0.429761,-0.087549,-0.12777,0.059796,0.018934,-0.099712,-0.00958,-0.157645,0.116557,0.062075,-0.220416,-0.00717,-0.072846,0.322713,0.068657,-0.195152,-0.015623,-0.07155,0.029248,0.26479,-0.040154,-0.080947,0.088533,-0.120243,-0.395329,0.376255,0.093639,-0.027525,0.248353,-0.048096,0.0614,-0.312811,0.196531,0.012902,0.175745,0.082739,0.272128,-0.132356,-0.25631,0.216978,0.046393,0.225824,0.027784,0.064108,0.148436,-0.378987,-0.162765,0.065092,-0.37271,-0.06371,-0.319482,-0.018801,-0.365258,-0.041242,-0.264067,0.049969,-0.167943,0.470597,-0.00686,-0.02504,0.066742,-0.171764,-0.331479,-0.044545,0.267445,0.049547,0.245227,0.180116,-0.405079,0.179434,-0.195873,-0.092567,-0.041928,0.252908,0.257682,0.265344,-0.054397,-0.372521,0.059546,0.102003,-0.219562,0.211555,0.180116,-0.06772,0.007632,0.073927,0.349304,-0.037797,0.225897,0.180116,0.082496,0.000613,#
6,0.038731,-0.230165,-0.008348,-0.469699,-0.097233,0.013845,1.0,0.111283,0.133583,0.116086,-0.120579,-0.240279,0.158663,-0.24661,-0.087823,-0.232672,0.250707,0.095336,0.275074,0.138852,0.433593,0.560054,-0.220259,-0.052592,-0.174953,-0.209072,-0.207402,0.023555,-0.12571,-0.251356,-0.02365,-0.273065,0.00251,0.096121,-0.132222,-0.185255,0.157243,0.031514,-0.207442,-0.306933,0.010203,0.168696,-0.026106,0.281836,0.034907,0.181959,-0.139525,-0.083414,-0.015511,0.349919,0.076873,-0.065895,-0.272012,-0.365559,0.008478,0.270701,0.059101,0.161478,0.120543,0.098674,0.170133,-0.088992,0.405606,0.243676,-0.126874,0.113995,-0.268704,0.096613,0.0845,0.188274,0.139129,-0.033559,-0.230019,-0.343385,-0.391373,-0.288667,0.130733,-0.114057,-0.392413,0.19,-0.071116,-0.177645,0.127684,-0.127247,-0.005089,0.163559,0.246303,-0.042005,-0.137823,-0.220587,-0.187172,-0.015963,-0.100777,0.152623,0.036583,-0.09528,0.099496,-0.05799,0.033384,0.018788,0.189238,-0.261277,-0.135776,-0.338637,-0.253911,0.037587,-0.463879,0.177554,-0.071146,-0.363875,0.15914,-0.183834,-0.017684,-0.275936,0.205164,-0.324239,-0.203238,-0.301893,-0.013473,0.015024,0.206309,0.02687,-0.27915,-0.026933,-0.074618,0.094379,0.146306,0.251575,0.176096,-0.157564,-0.041974,0.220541,-0.108405,0.277944,0.108868,0.162864,-0.127253,0.070705,-0.041727,0.279921,0.278151,0.001689,0.124176,0.254514,-0.096533,-0.012508,-0.186273,0.359642,-0.030799,0.192121,0.231815,-0.067193,0.1465,0.154624,-0.205003,-0.010957,-0.042491,0.180036,-0.196084,0.237141,0.06911,-0.097894,-0.066681,0.127889,-0.213486,0.366446,0.072713,0.051103,0.092431,0.057646,0.297978,0.286066,0.353623,0.150926,-0.140353,-0.304383,0.360986,-0.011574,0.190469,0.186757,0.096121,0.261929,0.306093,0.123647,-0.060134,-0.025683,0.14363,0.243142,-0.233613,0.039593,0.15993,-0.01452,-0.08722,-0.036825,0.339331,0.33524,0.137843,0.15993,-0.118626,0.015627,#
7,-0.261096,-0.274512,0.64985,0.347636,-0.022124,-0.275892,0.111283,1.0,0.092475,-0.165163,-0.412921,0.209069,-0.375376,-0.422351,0.266629,0.063955,0.178165,0.137293,-0.114824,0.286449,0.021041,-0.213998,-0.182075,0.17223,0.42014,0.141613,-0.314953,0.017387,-0.161474,-0.207166,0.253374,0.057821,-0.088464,-0.08179,0.035717,0.231093,0.224499,0.065664,0.287633,0.062559,-0.078056,0.028779,-0.027212,-0.282539,0.611645,-0.077736,-0.183128,0.164507,-0.089565,-0.089329,0.241162,0.211654,0.116969,0.152128,-0.137392,-0.153454,0.055706,0.088182,0.103077,-0.256427,-0.241652,-0.154706,-0.353636,0.059591,-0.283506,0.117796,0.313801,-0.040857,0.138122,-0.197676,-0.094711,0.031755,0.230263,0.130544,0.272432,0.145907,-0.001653,-0.205499,-0.131845,0.060266,0.245037,0.07815,-0.090333,0.274055,0.01967,-0.142975,0.239727,-0.117218,0.131515,-0.042435,0.308289,-0.035624,0.010929,-0.323491,-0.150334,-0.306391,0.037332,0.088552,0.191475,-0.037762,-0.219673,0.38238,0.369674,0.20305,-0.154798,0.250866,-0.123022,0.249728,0.249693,-0.198947,0.06524,0.097954,0.257808,-0.033475,0.067236,0.325669,0.063233,-0.01682,0.120042,-0.309204,0.184386,-0.0721,0.19037,0.14065,0.200695,-0.117308,-0.370804,-0.161519,-0.234879,0.114821,0.078892,-0.324388,0.045533,-0.209245,-0.124109,0.031956,-0.151772,0.167057,0.176668,0.313914,-0.052056,0.188168,0.132028,0.077104,-0.190989,-0.010733,0.139213,0.055532,0.24083,0.185581,0.316542,0.052734,-0.208372,-0.14897,0.247307,0.027415,0.049388,0.150599,-0.095231,0.011329,0.432938,0.19852,0.072434,0.08174,0.080071,-0.325319,0.01063,-0.229756,0.44416,0.025252,0.307171,-0.341458,-0.143651,0.005926,-0.172031,0.15414,-0.371325,-0.227082,-0.051239,-0.171328,-0.437063,-0.012142,-0.462904,-0.162509,-0.17324,-0.001765,0.247278,-0.164074,0.06268,-0.289403,0.15414,0.19599,0.065992,0.056389,-0.226891,0.437083,0.074009,0.15414,0.311379,0.089079,#
8,0.348548,-0.104478,-0.020833,0.05225,0.138424,0.002435,0.133583,0.092475,1.0,0.32442,0.003598,-0.151167,-0.040907,0.074352,-0.231219,0.095039,-0.205779,0.364959,0.367821,-0.081593,0.328102,0.223512,0.505652,0.154048,0.09758,-0.254766,-0.303055,-0.297172,0.102883,0.032545,-0.037832,-0.094794,-0.163255,-0.054572,0.013262,0.485522,0.189298,-0.365578,0.090054,-0.084941,0.100444,-0.119632,-0.215443,0.126203,-0.083426,-0.162617,-0.103926,0.269899,0.015904,-0.058139,0.455386,-0.216091,0.020545,0.089011,-0.110017,-0.106027,-0.156659,0.041836,-0.128805,-0.059445,0.150928,0.186483,0.158383,-0.359835,-0.204834,0.313941,0.215188,0.203749,0.332201,-0.028343,-0.389563,-0.206503,-0.352842,0.011444,-0.137234,0.175821,0.128264,-0.097033,-0.319667,0.222106,0.026288,-0.272102,-0.23917,-0.131742,0.055557,-0.21449,-0.213127,-0.067735,0.104069,-0.044374,-0.512694,-0.405556,-0.381601,0.02333,-0.320987,-0.223751,0.018789,0.339174,0.190375,-0.110237,0.035946,0.170235,-0.223271,0.160433,-0.138479,-0.147173,-0.466316,-0.025987,0.1794,-0.245438,0.297368,-0.281995,-0.446339,-0.416967,-0.121438,-0.248557,0.014106,-0.185057,-0.081876,-0.47049,-0.139909,-0.329485,-0.252711,-0.082576,-0.007002,-0.156616,-0.092615,0.184892,-0.190746,-0.148227,-0.073873,-0.203394,-0.386886,-0.247077,-0.144247,0.023661,-0.195203,-0.16879,0.008925,-0.081894,-0.168627,-0.192986,-0.325557,-0.37787,-0.438949,-0.374373,-0.367069,0.335315,-0.421109,-0.135368,0.123134,-0.443253,0.119725,-0.312376,-0.042142,0.235116,-0.173156,0.446783,-0.053845,0.223483,-0.114668,-0.052869,-0.278724,0.381708,0.064104,0.121638,-0.356657,-0.055138,-0.228597,0.188585,0.192364,0.351351,-0.223413,-0.053474,-0.148518,0.089355,-0.085334,0.199129,0.116262,0.364266,0.01533,-0.017345,0.027776,0.022567,0.187619,0.031665,0.033661,-0.02223,-0.196951,0.428412,0.089355,-0.010558,-0.03347,0.20117,0.098107,0.02814,0.027318,0.089355,0.041329,-0.45478,#
9,0.411403,0.447235,-0.247045,-0.253439,0.486302,0.228711,0.116086,-0.165163,0.32442,1.0,-0.024312,0.1138,0.197283,0.337691,0.046939,0.36394,-0.105025,0.354599,0.547478,-0.289657,0.422825,-0.034885,0.340169,-0.264962,-0.311315,-0.179783,-0.093255,0.009672,0.115175,0.50624,-0.208568,-0.048659,0.089199,-0.166472,0.01337,0.157207,-0.342418,-0.371574,0.111679,0.052559,0.109147,0.100601,-0.202275,0.317817,-0.308636,0.123777,-0.124617,-0.107652,-0.288457,0.05406,0.292204,-0.816844,0.071209,-0.09752,0.434673,0.197121,-0.013855,0.277357,-0.224719,-0.27788,0.125269,0.438255,0.186908,-0.319703,-0.156171,0.241998,0.05984,0.17258,0.306251,-0.046226,-0.486004,0.287386,0.152512,-0.195522,-0.197883,0.084028,-0.451533,-0.194185,-0.586579,-0.166154,-0.291602,-0.640941,-0.232766,-0.227654,-0.220626,-0.25358,-0.33211,-0.421051,-0.129823,-0.240013,-0.384313,-0.433789,-0.519767,0.265572,-0.193174,-0.16812,0.299424,0.067447,-0.214385,-0.192134,0.28414,-0.100671,-0.319635,-0.216989,-0.299095,-0.216564,-0.571694,-0.516854,0.076567,-0.266662,-0.040855,-0.147383,-0.493382,-0.374613,-0.39925,-0.127799,-0.396632,-0.493382,-0.31084,-0.577444,-0.197014,-0.219125,-0.669022,-0.255064,0.15884,-0.470967,-0.029324,0.141763,-0.065883,-0.563335,-0.02246,-0.218053,-0.463486,-0.374642,-0.665646,-0.15483,-0.102021,-0.280727,-0.463564,-0.392415,-0.106987,-0.402457,-0.479816,-0.138934,-0.277796,-0.422588,-0.199782,0.743015,-0.766157,-0.374941,-0.326231,-0.669663,-0.066145,-0.342664,-0.433789,-0.0719,-0.140776,0.560015,-0.251185,0.031642,-0.581769,-0.34453,-0.292485,0.086882,0.036021,0.347409,-0.519771,0.158209,-0.178671,-0.227654,-0.221241,0.387805,-0.077706,-0.444204,0.028275,-0.088016,-0.017414,0.515286,0.363532,-0.121492,0.652009,0.328077,-0.052544,0.35899,0.366774,-0.596545,0.313831,0.07461,-0.094375,0.563448,-0.088016,-0.338559,0.274414,0.520995,-0.004498,-0.136332,0.112845,-0.088016,-0.305926,-0.311476,#
10,0.478625,0.102656,-0.063593,0.029826,0.351359,0.101311,-0.120579,-0.412921,0.003598,-0.024312,1.0,-0.192483,0.349789,-0.117412,-0.119637,0.007861,-0.062021,-0.291232,-0.151052,-0.05886,0.152098,0.061458,0.088165,0.092271,-0.111805,0.142821,0.342361,-0.259703,0.169595,-0.007298,-0.254946,0.065323,0.223623,-0.197114,-0.070539,0.045019,-0.155952,-0.066881,-0.345954,0.058401,-0.176149,-0.022482,-0.319821,-0.242398,-0.099364,-0.07454,-0.088438,-0.142768,0.134171,0.243923,-0.066337,-0.047268,0.039688,0.419521,0.336686,0.083274,-0.504035,0.146442,0.310489,-0.162433,0.081032,-0.09464,0.319753,-0.044605,-0.108205,0.087047,-0.239369,0.221154,0.186951,0.193218,0.075071,0.090632,-0.204908,-0.248708,-0.243599,0.172038,0.158105,0.52796,0.159193,-0.026931,-0.112191,-0.266399,0.254368,-0.452661,-0.298958,-0.280434,-0.216608,0.061636,0.046313,-0.091112,-0.266399,-0.299876,-0.059409,-0.148906,-0.250094,0.003522,0.065973,-0.101584,-0.236852,-0.067084,-0.029662,-0.125256,-0.185162,0.062332,-0.356006,-0.299169,0.180098,0.422101,-0.187596,-0.175356,-0.028107,-0.163765,-0.367189,-0.033073,0.026741,-0.470018,-0.072026,-0.043782,-0.030253,0.38292,-0.412103,0.116552,0.109937,0.264413,-0.000468,0.017938,-0.009395,-0.015651,0.280325,-0.044529,-0.543186,0.037936,-0.043923,-0.037896,0.075968,-0.152291,-0.113361,-0.311929,-0.27675,-0.29568,0.024386,0.146849,-0.166226,0.021271,0.239316,0.002145,-0.302151,-0.017369,-0.055331,-0.044529,-0.20823,0.106632,0.122219,-0.218798,0.121744,-0.327428,0.057019,-0.068469,-0.241269,-0.014172,-0.028251,-0.211482,0.036626,-0.317116,0.038699,0.350552,0.046483,0.058918,-0.416274,-0.452661,-0.184991,0.166441,-0.278893,0.113186,-0.078483,0.19866,-0.041948,0.099192,0.09238,0.479502,0.196832,0.043002,0.433501,0.23457,0.027477,0.275265,-0.30202,-0.146816,0.291713,0.315354,-0.181753,0.39562,0.211273,0.063901,0.131771,-0.171388,-0.098088,-0.329691,-0.379669,-0.005788,#
11,0.081669,0.275731,0.143305,0.041138,0.272882,0.103041,-0.240279,0.209069,-0.151167,0.1138,-0.192483,1.0,-0.350487,0.245376,0.182441,0.372362,-0.422251,-0.146937,-0.166992,-0.254629,0.292172,-0.26215,0.029214,-0.010217,-0.018601,0.008562,0.028393,-0.173954,0.275744,0.422467,-0.29032,0.189395,-0.123855,-0.341858,-0.03636,0.326927,-0.618504,0.160173,0.150437,0.164915,0.162846,-0.245772,-0.108401,0.101064,0.395538,0.020639,-0.225742,-0.051493,-0.372186,-0.054039,0.081132,0.025287,0.06178,0.140481,-0.134566,-0.045329,-0.245044,-0.140313,-0.127182,-0.310149,-0.100372,0.169154,-0.204591,0.037611,0.135803,-0.124507,0.284187,-0.106097,-0.165761,0.053189,-0.375593,0.484659,0.264225,0.027798,0.000788,-0.109572,-0.296008,-0.279152,-0.207569,-0.290277,-0.167112,-0.052844,-0.167363,0.03991,0.1288,-0.085833,-0.451975,-0.339176,0.087517,-0.331177,0.197393,-0.1481,-0.059997,-0.435781,-0.369392,-0.052349,-0.234411,-0.133392,-0.494385,0.086272,0.071597,0.100705,0.193026,-0.234501,-0.280094,-0.146869,-0.245502,-0.227199,-0.167513,0.214622,-0.136539,0.181653,0.014709,-0.040837,-0.044105,0.114452,0.263774,0.064478,-0.141708,-0.454476,-0.289017,-0.211205,-0.189943,0.024669,0.17471,-0.296722,-0.212623,-0.042248,0.021438,-0.1544,-0.101834,-0.482312,-0.293248,0.050491,-0.196297,0.045701,0.125743,-0.068286,0.212402,-0.32388,-0.345541,-0.103558,-0.250331,-0.198391,-0.10314,-0.155918,0.176624,0.116989,0.029745,-0.179164,0.009083,-0.185548,-0.398435,-0.318996,-0.297524,-0.300345,-0.212304,0.206746,-0.278706,-0.291137,-0.174809,-0.209124,-0.070794,-0.157483,-0.097777,-0.159391,-0.173406,0.129807,0.230853,-0.240491,0.073161,-0.113107,-0.249183,-0.177451,0.389873,0.336746,-0.432711,0.072391,-0.019411,-0.146999,-0.055504,0.253037,-0.196016,0.332971,0.217746,-0.257442,0.20811,-0.345304,0.136116,0.185827,-0.029135,0.131476,0.361772,0.226056,-0.415421,-0.219611,0.138574,-0.171422,0.429634,0.294849,#
12,0.311824,0.198011,-0.166091,-0.19085,0.24646,0.122659,0.158663,-0.375376,-0.040907,0.197283,0.349789,-0.350487,1.0,0.18433,-0.262871,-0.127585,0.27727,0.043727,0.118076,0.051055,0.304537,0.242513,-0.052819,0.034577,0.120845,-0.223624,-0.10529,-0.188878,0.411823,-0.064724,0.045623,0.160558,-0.127871,0.214823,-0.532849,-0.342092,0.068388,-0.292501,-0.233404,-0.433678,-0.007813,0.427309,-0.222664,-0.101035,-0.184247,0.099487,0.16491,0.08612,0.090538,0.152169,-0.010372,-0.154219,0.253693,-0.158766,0.445699,0.206781,-0.050724,0.208781,0.074689,0.250681,0.195169,-0.132153,0.536609,-0.286117,-0.096716,0.263296,-0.151691,0.329906,0.260589,0.34308,-0.132021,-0.26292,-0.045967,-0.351663,-0.182813,-0.189414,-0.045822,0.154136,0.040053,0.032683,-0.04399,-0.265505,-0.0869,-0.122175,0.075099,-0.098764,0.027185,-0.09266,0.096857,-0.253713,-0.070158,-0.235378,-0.242836,0.285256,0.126659,-0.072356,0.140517,0.122296,-0.071524,-0.063106,0.417754,-0.021637,-0.096774,-0.265194,-0.173887,-0.078948,-0.030398,0.048847,-0.222744,-0.294835,0.267347,-0.259746,-0.185262,-0.136542,0.182437,-0.456542,-0.194897,-0.142992,-0.030632,0.22014,-0.034118,-0.239129,-0.264749,0.02186,0.046688,-0.1662,-0.002137,0.339647,0.408714,-0.180945,-0.248496,0.518654,-0.229963,0.014144,0.156249,0.110574,-0.179801,-0.293552,-0.187448,-0.504232,-0.053515,0.265032,-0.069409,0.34629,0.193419,0.345085,-0.186732,0.191679,-0.159204,-0.169472,-0.284377,-0.069317,0.059179,-0.062867,0.212916,-0.163237,0.237862,0.213569,0.083132,-0.115506,0.083076,0.010904,-0.170651,0.109136,0.046763,0.406762,0.198273,0.023282,-0.202406,0.085022,0.060791,0.460856,0.195148,0.125063,-0.126185,-0.235371,0.389385,0.143304,0.04717,-0.132222,0.502674,-0.033735,0.316652,0.033675,-0.111191,0.078544,0.110645,0.115455,0.170989,0.217773,0.196238,0.057924,-0.061282,-0.148184,0.263157,-0.114715,0.280947,-0.235371,-0.528251,-0.203324,#
13,0.215725,0.409603,-0.182645,-0.140719,0.16323,0.259065,-0.24661,-0.422351,0.074352,0.337691,-0.117412,0.245376,0.18433,1.0,-0.231607,0.289768,-0.007341,-0.147466,0.089891,-0.212041,0.017364,0.134758,0.358454,-0.281726,-0.057987,-0.241829,-0.097039,-0.146653,0.209923,0.560219,-0.403884,0.211068,-0.247188,-0.043685,-0.212212,0.185352,-0.300007,-0.359495,0.129462,-0.226636,0.112464,-0.092235,-0.063755,0.395492,-0.26569,0.10932,-0.047291,0.145248,-0.248228,0.007581,-0.266949,-0.193137,0.045849,-0.307367,0.212032,-0.059066,-0.215245,-0.059516,-0.504902,0.096725,0.18232,0.221536,0.110254,-0.265467,0.14788,0.187365,-0.021374,-0.114094,0.019643,-0.180029,-0.375748,0.018323,-0.077675,0.34466,0.20269,0.190117,-0.028957,-0.418904,-0.136458,-0.140639,-0.098402,-0.266302,-0.220144,-0.004061,0.089006,0.255512,-0.397159,-0.052728,-0.02644,0.10269,-0.057213,-0.231836,-0.218809,0.329438,-0.146183,0.071213,0.071185,0.030297,-0.000711,-0.139667,0.397454,-0.172588,-0.227642,-0.329543,0.012854,-0.1101,-0.084674,-0.648009,0.061281,0.073154,0.149774,0.006725,-0.179554,-0.249245,-0.126423,0.110015,0.029335,0.080351,-0.228582,-0.262018,-0.149305,-0.324648,-0.039044,-0.211571,-0.135158,-0.137969,-0.150615,0.223217,-0.045599,-0.286179,-0.068985,0.021459,-0.351498,-0.033588,-0.125745,-0.134548,0.204149,-0.132343,0.076006,-0.496506,-0.26442,-0.299,-0.422655,-0.153885,0.022328,-0.135252,0.018305,0.122882,-0.155794,-0.132683,-0.220067,-0.229244,0.267641,-0.179998,-0.176901,0.069511,-0.137957,0.289151,0.087865,-0.184848,-0.491057,-0.371961,0.180513,0.336948,0.032615,0.276987,-0.045752,0.170397,-0.046693,0.035378,-0.41803,0.367868,0.077794,-0.056785,0.184101,-0.282318,0.081858,0.202702,0.279791,-0.03123,0.40639,-0.21655,-0.099009,0.394798,0.403358,-0.431812,0.375631,0.125332,-0.132355,0.12357,0.142291,-0.311429,0.085035,0.04377,-0.010767,-0.477632,0.15987,-0.282318,-0.235168,-0.402674,#
14,-0.229298,0.174397,-0.106224,0.096413,-0.236753,-0.224961,-0.087823,0.266629,-0.231219,0.046939,-0.119637,0.182441,-0.262871,-0.231607,1.0,0.000157,0.170215,-0.177562,-0.230596,-0.049548,-0.192899,-0.225021,-0.57108,-0.003387,-0.070873,0.252036,0.076092,0.243925,-0.117923,0.0946,-0.006087,-0.042749,-0.034404,-0.203329,0.429293,0.111959,-0.160938,0.32494,-0.12472,0.77518,-0.110449,-0.012152,-0.211136,-0.218115,0.183883,0.025803,0.046176,-0.048733,-0.074089,0.127074,0.094124,-0.164376,-0.215136,0.249081,0.224818,-0.040305,0.176817,0.266071,0.22547,-0.274133,0.142274,0.510696,-0.314211,0.207657,-0.546292,-0.089967,0.124813,-0.449315,0.066747,0.043819,0.262089,0.300157,0.155232,0.035242,0.292262,0.13727,-0.433863,-0.023763,-0.17427,-0.540909,-0.095695,0.187335,0.16655,-0.026455,-0.104817,-0.279408,0.022581,-0.267201,-0.038204,0.173685,-0.089678,0.200569,0.036357,-0.337489,0.01633,0.030494,0.128061,-0.038553,-0.402401,-0.16841,-0.160242,0.17329,-0.092859,-0.058921,0.142448,0.15976,-0.030271,0.01249,0.138028,-0.099337,-0.392994,0.270021,-0.160511,0.021073,-0.31219,0.323514,-0.118384,-0.475208,0.078142,0.068297,0.081585,0.192816,0.005545,0.174961,0.191973,-0.313152,0.012398,-0.443204,0.201991,-0.177763,-0.183101,-0.215113,0.181718,-0.160388,-0.445598,-0.098191,-0.100646,-0.01826,-0.019083,0.191013,-0.252162,-0.099987,0.103578,-0.162251,-0.220626,-0.178184,0.288709,-0.246357,-0.170182,0.027223,-0.090739,0.00289,-0.436556,0.016908,0.172328,-0.209659,0.093935,-0.001831,-0.228693,-0.30691,0.045896,0.029745,-0.142793,-0.472803,-0.130713,-0.435089,-0.155607,0.330895,0.006656,-0.401888,-0.221595,-0.406203,-0.229517,-0.249473,-0.227587,0.070726,-0.246239,-0.089376,-0.032095,-0.150722,-0.004269,0.164254,-0.03216,0.133519,-0.001229,0.171341,0.120364,-0.08586,0.404161,-0.05,-0.369949,0.285984,-0.186099,-0.070236,-0.438729,0.090943,-0.118256,0.070726,0.331067,0.346911,#
15,0.207708,-0.074978,-0.073664,0.160758,0.451521,0.293527,-0.232672,0.063955,0.095039,0.36394,0.007861,0.372362,-0.127585,0.289768,0.000157,1.0,-0.243999,-0.104068,-0.047278,-0.105128,0.226956,-0.007733,0.104136,-0.325002,-0.232485,-0.105644,0.069176,-0.166285,0.395329,0.369255,-0.05052,0.237762,-0.026522,-0.24991,0.292756,0.289047,-0.352008,-0.390508,0.460997,0.009222,0.276791,-0.17772,-0.035673,0.182518,-0.082189,0.167611,-0.12259,-0.178206,0.017478,-0.162506,0.223885,-0.223279,0.061754,-0.010856,0.172692,0.15566,-0.033918,-0.134803,-0.36103,-0.300597,0.237235,-0.18748,-0.117249,-0.161419,-0.020081,0.17271,0.473689,0.097975,-0.007399,-0.20197,-0.586353,0.318715,0.172984,0.054675,0.206747,0.229206,-0.027241,-0.131709,-0.173459,-0.075829,0.019882,-0.264421,-0.091224,-0.154331,-0.118427,-0.070337,-0.43516,-0.23534,-0.159353,0.096143,-0.088962,-0.375581,-0.251516,-0.139765,-0.607854,-0.111118,0.177278,-0.108243,-0.280526,0.218343,0.17298,-0.133366,-0.030291,-0.035843,0.005964,0.131671,-0.121605,-0.231538,0.20923,0.058597,-0.319252,0.3131,-0.214538,-0.244749,-0.072155,0.108679,0.066056,0.052685,-0.271425,-0.306894,-0.405212,0.005779,-0.071423,0.069814,0.200703,-0.341077,-0.472722,-0.197336,0.060013,-0.121488,-0.218601,-0.413548,-0.37848,-0.18707,-0.571789,0.037722,0.216734,0.048263,-0.394251,-0.289891,-0.101428,-0.26207,-0.151665,0.096522,0.263992,0.092001,-0.177251,0.358002,-0.189257,-0.285881,-0.025273,-0.266705,7.8e-05,-0.396698,-0.099883,-0.043524,-0.347565,0.157208,-0.393419,-0.161909,-0.553083,-0.115195,-0.17381,-0.088586,0.064758,0.156166,-0.362445,0.227996,0.093376,-0.123818,-0.223392,-0.062283,-0.350731,-0.27372,0.171774,0.133686,-0.278882,0.230263,0.110442,-0.153234,0.05456,0.167199,-0.265842,0.356151,0.405949,-0.364416,0.035002,-0.015017,0.122372,0.146444,-0.18064,-0.167999,0.4107,0.363631,-0.02539,-0.164911,0.028522,0.133686,0.069785,-0.08611,#
16,-0.127144,-0.205993,0.226318,0.191394,-0.266414,0.080997,0.250707,0.178165,-0.205779,-0.105025,-0.062021,-0.422251,0.27727,-0.007341,0.170215,-0.243999,1.0,-0.213656,-0.182165,0.238269,-0.08805,0.265111,-0.344519,-0.087488,0.089238,-0.074284,-0.242412,0.141151,-0.216276,-0.233321,0.122578,0.019079,-0.241077,0.389741,-0.238877,-0.014189,0.461495,0.033708,0.029303,-0.075974,0.009131,0.278273,0.25863,-0.163391,-0.110095,-0.120343,-0.02675,-0.182544,0.106579,0.216034,-0.087064,0.182302,-0.243445,-0.249199,0.314111,0.270671,0.00353,0.316509,-0.119692,0.160769,0.129343,-0.092977,0.122278,-0.069886,-0.1167,0.038774,-0.240485,-0.078182,0.200021,-0.280516,0.140761,-0.137331,-0.205863,0.098397,0.376782,0.096525,0.082786,-0.006934,-0.030627,-0.078063,0.179237,0.074137,0.25727,0.148,-0.282076,0.224076,0.545107,0.246203,-0.019705,0.260254,0.267915,0.326651,0.189914,0.41579,0.370132,0.026862,0.264896,0.000222,0.291162,-0.413752,0.048943,0.234578,0.180661,-0.073184,0.076818,0.271054,0.120139,-0.028406,-0.002401,-0.118795,0.066238,-0.164528,0.234681,0.174209,-0.202402,0.190636,-0.301089,-0.089052,0.28736,0.21996,0.319994,0.163675,0.321354,-0.060039,-0.12854,0.206396,-0.019981,-0.13399,0.152638,-0.030141,0.102413,0.534102,0.051493,0.004509,0.075911,-0.16198,-0.113889,-0.075646,0.125839,0.272247,0.012836,0.161727,0.265581,0.235295,0.228772,-0.003036,0.145269,-0.105191,0.221742,0.500804,-0.03459,0.317392,0.23915,0.229523,0.326651,0.042467,0.279047,0.035591,0.123642,-0.026007,0.304314,0.211069,0.378007,0.000222,-0.082761,0.054383,0.219175,0.050488,0.148858,-0.059148,-0.234127,0.047029,0.451387,0.325117,-0.094905,-0.326985,0.200523,-0.16483,-0.142433,-0.026669,-0.073828,-0.219636,-0.111959,0.037865,-0.188878,0.0184,0.217895,0.185846,-0.009393,-0.335897,0.183011,-0.155406,-0.231056,-0.186872,0.247137,0.095366,0.020283,0.183011,-0.31774,-0.11754,#
17,-0.064449,0.043187,-0.016806,-0.06972,0.030058,-0.206663,0.095336,0.137293,0.364959,0.354599,-0.291232,-0.146937,0.043727,-0.147466,-0.177562,-0.104068,-0.213656,1.0,0.359262,0.100321,0.087924,-0.195207,0.382857,0.089595,0.042757,-0.234592,-0.057031,0.14715,-0.019084,-0.050043,0.403117,-0.084031,0.173381,0.238837,0.046346,-0.108566,0.127133,-0.133539,-0.182983,-0.168119,0.025364,0.057845,0.043988,0.180988,0.05186,-0.119758,0.208222,0.229861,-0.229289,0.010472,0.472716,-0.360087,0.119916,-0.090558,-0.336498,0.015666,0.419636,0.160162,0.077686,-0.149718,-0.178249,0.126371,-0.191891,-0.00302,0.06385,0.24849,0.268717,0.262698,0.183754,-0.210637,-0.154486,-0.313924,0.303432,-0.21267,-0.187898,-0.243408,-0.081396,-0.107923,-0.106222,0.431362,0.167497,-0.113723,-0.122085,-0.062696,-0.072346,-0.231288,0.070465,-0.117853,0.140266,-0.177563,-0.157766,-0.119773,-0.01927,0.317136,0.027813,-0.079588,-0.130111,0.493787,0.387251,-0.016831,0.158284,0.243214,-0.005609,0.067634,0.100189,-0.135137,-0.445979,-0.118938,0.131891,-0.168244,0.366965,-0.085959,-0.088856,0.073796,0.073672,-0.245363,-0.185562,-0.088856,-0.264571,-0.481679,0.286656,-0.22551,-0.501289,-0.498566,0.342871,-0.254387,0.410949,0.297606,-0.184186,-0.006756,0.314122,0.130627,-0.085632,-0.464819,-0.219808,0.121587,-0.269609,-0.016081,-0.141569,0.062656,0.041286,-0.145313,-0.29415,-0.070711,-0.362067,-0.009654,-0.374808,0.371463,-0.334332,-0.178687,0.004205,-0.479955,0.135609,-0.003883,-0.150069,0.076967,-0.056214,0.279566,0.219059,0.22351,0.07139,0.096681,-0.126092,0.363254,0.419622,-0.017451,-0.197607,-0.309155,-0.152028,0.243284,0.280512,0.415041,0.143128,-0.269438,-0.175675,0.135089,0.186281,0.348894,-0.030919,-0.135041,0.027416,0.340337,-0.351956,-0.576521,-0.106288,-0.225037,-0.148222,0.199814,-0.177373,0.097658,0.135089,-0.373982,-0.102657,0.337108,-0.100499,-0.031895,0.025221,0.135089,-0.132925,-0.265615,#
18,0.060131,0.155134,-0.217347,-0.264711,0.141073,0.041371,0.275074,-0.114824,0.367821,0.547478,-0.151052,-0.166992,0.118076,0.089891,-0.230596,-0.047278,-0.182165,0.359262,1.0,0.075125,0.33863,0.236006,0.189323,0.153186,-0.096864,-0.202244,0.06483,0.157758,-0.033348,0.210137,-0.074665,-0.616935,0.042585,0.24829,-0.149023,0.148462,-0.136334,-0.176805,-0.081199,-0.032182,-0.095971,0.081171,-0.053092,0.307635,-0.307413,-0.15856,0.030445,0.088309,-0.179952,0.127359,0.211163,-0.465908,0.207274,-0.256516,0.062724,-0.217385,0.005287,-0.139976,0.091013,0.158789,-0.173482,0.236052,0.099612,-0.226528,-0.076217,0.093139,-0.019189,-0.030299,0.178979,0.042155,-0.17014,-0.151336,0.12078,0.0441,-0.327386,-0.231139,-0.207929,-0.074424,-0.141376,0.22215,-0.155077,-0.28063,-0.212606,-0.329536,0.055775,-0.219811,-0.082071,0.097813,0.087114,-0.364555,-0.28063,-0.223256,-0.211471,0.202271,0.169021,-0.066195,0.205616,0.154312,0.184265,-0.015826,0.192901,0.000476,-0.413558,0.032542,-0.143043,-0.146054,-0.44117,-0.016689,0.185886,-0.081462,0.242207,-0.281893,-0.193801,-0.250342,-0.164709,-0.032663,-0.172016,-0.193801,-0.071291,-0.354312,-0.006601,-0.28027,-0.401621,-0.348087,-0.39751,-0.284823,0.075338,0.2096,-0.287123,0.021394,0.121134,0.001687,-0.221093,0.082518,-0.307483,0.154704,-0.195131,0.010445,-0.250688,-0.055913,0.331136,0.136763,-0.124469,-0.427825,-0.143704,-0.428018,-0.1593,0.336995,-0.430211,-0.277367,-0.064318,-0.432526,0.103355,-0.008434,-0.22214,0.138309,-0.003754,0.136131,0.082828,0.572868,-0.105538,-0.098733,-0.292043,0.343753,-0.000708,0.13536,-0.083953,0.017805,0.05809,0.325074,-0.034681,0.177099,0.064325,-0.21921,-0.160986,-0.35291,0.116192,0.213304,0.302233,-0.007966,0.429932,-0.071374,0.056641,0.090595,0.092559,-0.230916,0.213686,-0.054446,-0.359144,0.313091,0.091197,-0.300607,-0.213741,0.18758,0.126898,-0.011618,0.17078,0.091197,-0.081447,-0.105161,#
19,-0.421551,-0.067401,0.333712,-0.04887,-0.176103,-0.241639,0.138852,0.286449,-0.081593,-0.289657,-0.05886,-0.254629,0.051055,-0.212041,-0.049548,-0.105128,0.238269,0.100321,0.075125,1.0,-0.29237,-0.011415,-0.258182,0.530892,0.166167,-0.074836,0.224822,0.311172,-0.085042,-0.123998,0.242862,-0.206887,-0.381061,0.376312,0.069933,0.119019,0.457827,0.23906,0.117886,-0.042005,-0.027288,-0.024284,0.243329,-0.325669,0.154785,0.016089,0.156698,0.203473,-0.220991,0.052651,-0.10924,0.289097,-0.174452,-0.248613,-0.043382,-0.338154,-0.055695,-0.12114,0.254444,0.084472,0.164626,-0.195428,-0.022506,0.255745,0.015522,0.035937,0.260959,0.043939,0.11549,-0.280129,0.071611,-0.720697,-0.08983,-0.053556,0.008733,-0.286,0.502812,0.034673,0.41748,0.195392,0.745965,-0.006144,0.218334,-0.391511,-0.088867,0.353425,0.36264,0.213496,0.262367,0.216813,0.192544,0.10816,0.07489,0.089829,0.018672,0.438361,0.349808,0.619139,0.411963,-0.179038,0.021054,0.158375,-0.096194,-0.068072,0.377128,0.405148,0.081623,0.509874,0.095542,-0.281482,0.420098,0.030186,0.348005,0.030299,0.24917,-0.107829,-0.011818,0.348005,-0.1748,0.094115,0.300021,-0.059246,0.285189,-0.068314,-0.04095,0.335742,0.205587,-0.047495,0.074026,0.476207,0.146462,0.320701,0.093077,-0.142475,0.037454,0.287052,-0.180021,0.260775,0.14682,0.168377,0.270052,0.558036,0.455365,0.116587,0.206895,0.116788,0.028954,-0.289742,0.327664,-0.04685,-0.122665,0.305305,0.012476,0.109604,0.423873,0.167159,0.653241,-0.167425,0.469985,0.372936,0.483267,0.232304,0.117263,-0.0642,0.392647,0.005426,0.397736,-0.02284,0.140293,0.29637,0.244226,0.13655,0.034821,0.316451,-0.534882,-0.19158,0.004024,-0.268874,-0.017158,0.159058,-0.111868,-0.272872,-0.147338,-0.367911,-0.211025,0.178634,0.08153,0.105319,0.217643,-0.548698,0.251791,-0.100964,-0.305831,-0.241261,0.046303,-0.078612,0.243269,-0.19158,-0.231624,-0.189906,#
20,0.531854,-0.034795,-0.090748,-0.079861,0.294022,0.325411,0.433593,0.021041,0.328102,0.422825,0.152098,0.292172,0.304537,0.017364,-0.192899,0.226956,-0.08805,0.087924,0.33863,-0.29237,1.0,0.389231,0.04731,-0.115067,-0.182176,-0.343053,-0.216888,-0.424484,0.418704,0.083118,-0.190323,-0.033633,-0.084239,-0.151834,-0.385069,0.197815,-0.37631,-0.28243,-0.157959,-0.208602,0.035817,0.142567,-0.305079,0.197706,-0.023975,-0.198384,-0.367208,-0.230221,-0.205868,0.226623,0.387968,-0.240991,0.121469,-0.002453,0.102287,0.350124,-0.317602,0.011712,0.042762,-0.082095,0.206481,-0.116532,0.293459,-0.376982,-0.1048,0.036798,-0.021299,0.147872,0.219907,0.203012,-0.430401,0.374834,-0.027643,-0.271032,-0.435137,-0.209829,-0.118075,0.09941,-0.413006,0.143663,-0.327766,-0.300967,-0.018205,-0.170585,0.037618,-0.377564,-0.331858,-0.177294,0.043861,-0.635196,-0.142109,-0.456275,-0.223412,-0.057982,-0.22745,-0.415919,-0.125595,-0.179881,-0.377204,0.048909,0.161396,0.095318,0.091894,-0.199525,-0.633924,-0.317265,-0.596831,-0.016558,-0.331837,-0.11562,-0.01222,-0.238622,-0.257716,-0.24734,-0.067984,-0.335193,-0.057351,-0.247045,-0.151981,-0.311149,-0.393506,-0.141337,-0.503449,0.013257,-0.048691,-0.379388,-0.182847,0.225555,0.12713,-0.27221,-0.289373,-0.121886,-0.530301,0.109907,-0.18585,-0.026381,-0.165179,-0.454513,-0.163942,-0.311015,-0.105068,0.022977,-0.260937,-0.127344,-0.042812,-0.194777,-0.376081,0.632455,-0.201045,-0.055576,0.222893,-0.434232,-0.093961,-0.369247,-0.376622,-0.233461,-0.373334,0.412415,-0.553928,-0.05006,-0.094497,-0.24321,-0.339495,0.152803,-0.224437,0.314546,-0.209729,0.178801,0.041742,-0.225095,0.18527,0.271497,-0.065841,0.073127,0.284126,0.144502,0.016272,0.297468,0.10437,0.019176,0.15295,0.278038,0.160187,0.447032,0.099676,-0.251599,0.182289,-0.093468,-0.095716,0.625535,0.144502,0.196734,0.192347,0.19089,0.238109,0.00228,0.361823,0.144502,0.090363,0.064722,#
