0,1.0,0.535361,-0.106587,-0.327941,0.237372,0.081687,0.087675,-0.02752,0.145045,0.449571,-0.045237,-0.111154,0.454158,0.281873,0.217537,-0.195479,0.36951,0.429293,-0.029015,-0.291435,-0.016836,0.405913,0.254643,0.031741,-0.311423,-0.202479,0.013715,-0.172857,0.175623,0.648053,-0.042254,0.098889,0.134471,-0.015846,-0.019743,0.35101,-0.145445,-0.329427,-0.189696,-0.086546,-0.274441,-0.191277,-0.073245,0.23941,0.128096,-0.407388,0.221914,0.053742,-0.365456,-0.237018,0.007128,-0.520542,-0.077317,-0.345906,-0.059509,-0.21392,-0.087222,-0.02456,0.208127,0.25106,0.286926,-0.139705,-0.146686,-0.144038,0.057572,0.341404,0.118129,0.1905,0.214288,-0.171791,-0.3727,0.067688,-0.311219,-0.419229,-0.290198,0.215888,-0.158803,-0.350923,-0.366704,-0.306013,-0.282137,-0.236774,-0.320931,0.011878,-0.237168,-0.388195,-0.375337,-0.159992,-0.133584,-0.467094,-0.170952,-0.593668,-0.299987,0.116086,-0.052402,-0.209031,0.090363,-0.446245,-0.362947,-0.371223,0.226846,-0.375337,-0.23323,-0.041937,-0.415685,-0.152274,-0.518138,-0.113889,-0.518138,0.002413,0.023125,0.316158,-0.452734,-0.321971,-0.50279,0.321801,-0.328869,-0.573992,0.107854,-0.398802,-0.551718,-0.221604,-0.284072,-0.087585,-0.214347,-0.123372,-0.081812,0.000169,-0.169632,-0.133353,-0.214798,-0.203987,-0.216086,0.107439,-0.53029,-0.230853,-0.127127,-0.396845,-0.082283,-0.211083,-0.101505,-0.286187,-0.434258,-0.300687,-0.157361,-0.485149,-0.081812,0.314372,-0.400909,-0.375337,-0.336294,-0.479382,-0.052709,-0.427114,-0.350526,-0.508278,0.366195,0.609622,-0.411898,-0.388112,-0.471813,-0.084437,0.240764,-0.727848,-0.229372,0.591257,-0.466824,-0.312258,0.042102,-0.229981,0.156143,0.114682,-0.59788,-0.520219,0.300971,-0.806028,-0.321971,0.392888,0.364509,-0.318857,0.458048,0.194223,-0.10679,0.098231,0.466058,-0.352145,0.551009,-0.00695,0.003371,0.60944,-0.078194,0.51633,0.340138,0.413072,-0.17065,0.49368,0.078586,-0.495981,0.062743,0.330198,#
1,0.535361,1.0,0.076935,-0.238253,0.105746,0.074795,0.520187,0.254091,0.309497,0.29506,-0.107954,-0.414202,0.475956,0.152134,0.480033,-0.216364,0.259602,0.211813,0.418902,-0.447488,0.081409,0.031037,0.290399,0.01398,-0.244963,-0.319155,0.161613,0.042421,0.337888,0.513841,-0.520543,-0.146099,0.159124,-0.004803,-0.056785,0.370375,-0.106401,-0.223537,0.038138,-0.150299,-0.43548,0.043919,-0.216504,0.315931,0.315997,-0.297698,0.4288,0.011023,-0.080383,0.268963,-0.155146,-0.363216,-0.224792,-0.027438,0.097918,-0.338284,0.081726,-0.029061,-0.229303,0.323403,0.023796,0.062315,-0.379026,0.064396,0.149244,0.284518,-0.222479,0.408708,0.284369,-0.352911,-0.182583,-0.052161,-0.261456,-0.60249,-0.599203,0.592196,-0.359488,-0.43784,-0.458064,-0.437382,-0.35399,-0.535112,-0.565268,0.253917,-0.619872,-0.21055,-0.470766,-0.264968,-0.401853,-0.501534,-0.36935,-0.559113,-0.599529,-0.071094,-0.248119,-0.299902,0.131862,-0.534393,-0.192463,-0.371565,0.276471,-0.455228,-0.426541,-0.271269,-0.52865,-0.234776,-0.689299,0.036812,-0.827948,-0.264475,-0.05098,0.441068,-0.366867,-0.722301,-0.255298,0.001782,-0.387848,-0.782856,-0.229093,-0.597821,-0.629737,-0.346921,-0.533494,-0.286955,-0.083843,-0.193156,-0.442426,0.165063,-0.301224,-0.450279,-0.443887,-0.617385,-0.433439,0.289607,-0.456152,-0.442389,0.201039,-0.325247,0.035843,-0.539617,-0.488548,0.019154,-0.706666,-0.138014,0.070615,-0.389493,-0.442426,0.574442,-0.380135,-0.455228,-0.218152,-0.481907,-0.220182,-0.441271,-0.598186,-0.408138,0.332859,0.663726,-0.512856,-0.221503,-0.040714,-0.042664,0.474622,-0.415624,-0.279375,0.544434,-0.504364,-0.305868,-0.182295,-0.326864,0.339322,-0.058552,-0.383787,-0.620785,0.3063,-0.397372,-0.4099,0.760977,0.616535,-0.493182,0.367107,0.315754,-0.104355,-0.006192,0.604121,-0.166673,0.470742,-0.006182,-0.260944,0.637516,0.090621,0.841733,0.57936,0.378426,-0.422142,0.32754,0.226033,-0.511446,-0.235929,0.203427,#
2,-0.106587,0.076935,1.0,0.208651,0.136828,0.062123,-0.012092,-0.035588,-0.019576,-0.430855,0.145611,0.183988,-0.272054,-0.32807,-0.191458,0.036261,0.149479,-0.243772,-0.161966,0.021031,-0.205257,-0.244185,0.222916,-0.312951,-0.037608,-0.261289,0.150371,0.145959,0.028926,-0.102961,0.086714,0.302106,-0.309807,-0.109609,0.125415,0.209619,0.420842,-0.128286,-0.003782,-0.146906,-0.187835,0.153728,0.026238,0.174564,0.141384,-0.094579,-0.141163,0.638204,0.085979,0.21468,-0.111248,0.353299,0.144179,-0.030931,-0.180449,0.195043,-0.015315,-0.183344,-0.296132,0.024768,-0.056111,-0.384472,0.431689,0.009167,-0.012945,-0.05188,-0.123215,0.017483,0.099821,0.410016,0.584281,0.380404,0.064832,-0.151374,-0.124492,0.224554,-0.214971,-0.316119,-0.128023,-0.140222,0.264348,-0.081072,-0.067317,0.30494,0.006115,0.24022,-0.153537,0.010235,-0.037534,0.024366,-0.079714,0.103576,-0.14717,0.211405,0.034987,0.031764,0.280017,-0.401555,0.122549,-0.20853,0.223556,0.029228,-0.133689,-0.22788,0.115948,-0.20586,0.082104,0.406705,-0.234706,0.173538,0.363888,-0.117423,-0.080145,-0.071596,0.556608,-0.133693,-0.067473,-0.165803,-0.063628,-0.042672,0.01141,-0.246216,0.2443,0.120643,0.125234,-0.219355,-0.339075,0.19836,0.119914,-0.29542,0.341569,-0.146032,-0.158995,0.07598,-0.001462,-0.039967,0.203052,0.199995,0.302821,0.096326,0.037608,0.489001,-0.070393,-0.130738,0.0335,0.382655,-0.330763,0.018933,0.093784,-0.14322,-0.014231,-0.008682,-0.064774,-0.057973,-0.167201,-0.057138,-0.287065,0.208057,0.105724,-0.133196,0.073087,-0.116272,0.087817,-0.044383,0.019456,-0.083532,-0.293149,-0.044253,0.059409,-0.151003,0.060678,-0.087152,0.108124,0.000333,-0.176392,0.096657,-0.061852,0.355254,0.007428,-0.046076,0.106265,-0.338845,-0.208351,0.423416,0.00813,-0.198674,-0.15589,0.123541,-0.197644,0.006044,0.401929,0.230525,0.218967,0.076814,-0.058319,0.030012,0.351653,0.02044,-0.030322,-0.102357,#
3,-0.327941,-0.238253,0.208651,1.0,-0.288342,-0.151794,-0.347072,-0.47525,-0.357488,-0.175412,0.112521,0.021182,-0.273417,-0.159045,-0.241789,-0.176972,-0.269665,-0.089588,-0.204061,0.349377,0.092788,-0.15538,-0.101045,-0.007374,0.176507,0.027977,-0.241528,0.206949,0.027528,-0.201981,0.457983,-0.328338,-0.504818,-0.172891,0.123112,-0.405151,0.233239,0.37361,0.19622,-0.026532,0.253502,0.277196,-0.218203,-0.096619,-0.167739,0.315769,-0.196356,0.097623,0.432278,-0.181094,0.269766,0.762155,0.088479,-0.010055,-0.024508,-0.028397,0.347723,-0.023774,-0.271651,0.366431,-0.138838,-0.048979,0.124217,-0.145913,0.247525,-0.243722,0.097814,0.161507,0.048963,0.183927,0.454579,0.139804,0.338617,0.115835,0.184744,-0.457877,0.24022,0.046479,0.394369,0.166926,0.334673,0.61867,0.312233,0.24354,0.293826,0.042009,0.227389,0.422752,0.178185,0.308216,0.400332,0.485791,0.510623,-0.021068,0.471281,0.239532,-0.001906,-0.05327,0.22896,0.278691,0.227993,0.066046,0.108515,0.059497,0.283413,0.560436,0.374704,0.099654,0.405163,0.261675,-0.02353,0.007115,0.719743,0.334381,0.198035,0.10635,0.54672,0.272871,0.122445,-0.08205,0.394848,0.105775,0.519579,0.299913,0.086467,0.19143,0.10255,0.1047,0.162277,0.176122,0.465736,0.222087,0.279256,0.218116,0.242238,0.441867,0.14853,0.425397,0.395291,0.312729,0.489849,0.157383,0.147602,0.145127,0.450152,0.541835,0.322774,-0.250884,0.305548,0.257714,0.427299,0.384274,0.29704,0.264024,0.031748,0.167445,-0.424639,-0.22081,0.297829,0.22254,-0.215652,0.0882,-0.16053,0.228284,0.151347,-0.291383,-0.036622,0.128718,0.204223,0.227426,-0.272416,0.081773,0.665958,0.224239,-0.392309,0.285676,0.354547,-0.107708,-0.391405,0.241759,-0.383466,-0.280353,-0.222694,-0.153449,-0.322246,0.025681,-0.235452,0.345295,0.244747,-0.333288,0.239037,-0.236199,-0.380424,-0.12863,0.030109,-0.200254,-0.333949,0.151196,0.271404,-0.226424,#
4,0.237372,0.105746,0.136828,-0.288342,1.0,-0.039743,0.276914,-0.056114,0.028222,-0.143563,0.117235,0.136917,0.0531,-0.140582,0.54887,0.201943,0.148278,0.269309,0.21191,0.114662,-0.012565,-0.107024,-0.140588,-0.317721,-0.011125,-0.36781,-0.080351,-0.003544,0.442486,0.088425,-0.311312,-0.107728,0.0034,-0.165154,-0.115755,0.279376,-0.094391,-0.370264,-0.269588,0.231575,-0.193047,-0.079234,-0.140557,-0.06265,-0.117509,-0.188693,0.25883,0.262911,-0.057537,0.146565,0.304463,-0.235664,0.074625,-0.237778,-0.12208,-0.081229,-0.341213,-0.311921,0.002193,-0.357998,-0.183899,0.099942,0.280405,0.206422,0.031663,0.162057,0.235537,-0.114,-0.03365,0.04629,-0.139932,0.019324,-0.219771,-0.000245,-0.056159,0.369585,0.051728,-0.50267,-0.245483,-0.527139,-0.082963,-0.469089,-0.329734,-0.011838,-0.192213,0.026395,-0.241039,-0.326913,-0.160021,-0.11275,0.05415,-0.418223,-0.039956,-0.110972,-0.163034,0.105792,0.093984,-0.253892,-0.277796,-0.127163,0.153294,-0.234659,-0.344955,-0.207484,-0.145163,-0.018408,-0.435883,-0.162053,-0.285105,0.059724,0.049106,-0.300997,-0.433822,-0.1759,-0.137858,-0.259143,-0.347662,-0.028337,-0.30759,-0.069605,-0.40831,0.07221,-0.253124,-0.057298,-0.235856,-0.42214,-0.015934,0.217021,-0.270169,-0.355105,0.154441,-0.389068,-0.353081,-0.103872,-0.182199,-0.388415,0.229929,-0.086245,-0.359404,0.145316,0.069322,-0.382534,0.002498,-0.295963,-0.158326,-0.162207,-0.215817,0.080147,-0.250877,-0.409918,-0.299514,-0.3506,-0.295936,-0.221968,-0.50063,-0.173076,0.229235,0.444629,-0.222614,-0.16549,-0.09002,-0.210086,0.044589,0.03267,-0.549044,0.151054,0.059303,0.169045,0.043712,-0.062155,0.206781,0.026255,-0.160825,-0.172001,0.064479,-0.250715,-0.341174,0.002067,0.251386,-0.153168,0.603656,-0.079484,0.482098,0.091114,0.043997,-0.513713,0.252587,0.12684,-0.315804,0.033464,0.04956,0.257865,0.023243,-0.028554,-0.020463,-0.120515,0.016723,-0.117523,-0.373847,0.475885,#
5,0.081687,0.074795,0.062123,-0.151794,-0.039743,1.0,0.070927,0.31711,0.297553,0.010536,0.278699,0.214327,0.0739,-0.146188,-0.185991,-0.134206,0.293757,0.209721,-0.388148,0.19056,-0.222943,0.281291,0.215982,-0.262382,0.106791,-0.297357,0.161975,-0.217217,-0.325509,-0.265676,-0.365432,0.099689,-0.105021,-0.097052,-0.029097,-0.102117,-0.324084,-0.059702,-0.231242,-0.45197,0.122241,0.238492,0.010117,0.339614,0.312641,-0.253963,0.010015,0.106146,-0.073704,-0.143703,-0.134302,0.081745,0.382618,-0.023582,-0.187646,-0.396748,0.013198,-0.334555,0.044958,-0.237516,-0.271079,-0.196655,-0.243847,-0.071407,-0.005274,-0.062398,-0.364312,-0.279008,-0.126888,0.193397,0.12523,0.297346,-0.147279,0.025699,-0.137754,0.222523,-0.388088,0.025173,-0.129242,-0.282759,0.439086,-0.220367,-0.053717,-0.364049,0.013323,0.238867,-0.122211,-0.135377,0.104516,-0.295291,0.093866,0.108192,-0.141124,0.049301,-0.140443,0.195555,0.121306,0.111927,-0.205123,-0.226474,-0.167414,0.048093,0.196322,0.149273,-0.049227,-0.220132,-0.065089,-0.272283,-0.229566,0.076203,0.126561,0.145063,-0.102506,-0.372894,0.047978,-0.262374,-0.533152,0.161486,-0.19274,-0.097733,-0.133387,-0.375777,0.254561,-0.21108,-0.017874,0.120762,-0.112021,-0.019468,0.003285,0.1923,-0.160149,0.034536,-0.143691,-0.276299,0.006733,-0.04956,0.172339,-0.13903,-0.056247,-0.259454,-0.118744,-0.124583,-0.20672,0.024285,0.013011,0.183687,-0.139384,-0.0814,0.098702,-0.131309,-0.099478,-0.00343,-0.198419,-0.211665,0.19671,-0.037708,0.111176,0.144168,-0.071641,0.034286,-0.260191,0.074875,0.23942,-0.170789,-0.196323,0.222467,0.048093,-0.056007,0.05654,-0.15183,-0.011774,0.134609,-0.393977,0.34381,-0.002961,-0.106681,-0.202643,0.164947,0.152271,-0.042033,0.222574,0.136203,-0.034044,-0.057754,-0.158525,-0.030108,0.149766,0.096317,-0.099293,-0.019082,0.017682,0.065502,0.076249,-0.092308,0.090605,0.217485,0.138348,-0.199102,-0.02162,0.125483,#
6,0.087675,0.520187,-0.012092,-0.347072,0.276914,0.070927,1.0,0.440334,0.61052,0.195561,-0.165273,-0.289225,0.494962,-0.018851,0.418171,-0.21063,-0.030386,0.155085,0.247993,-0.113036,0.002909,-0.035453,0.127324,-0.151428,-0.042394,-0.463216,0.111889,-0.216538,0.270979,0.091949,-0.610094,-0.257005,0.25222,-0.000285,-0.488136,0.014482,-0.070143,-0.484956,0.08039,-0.029357,-0.080927,0.316439,-0.23758,-0.031918,-0.052844,-0.166807,0.416301,0.196122,0.072255,0.275226,-0.099485,-0.405932,0.004625,-0.211122,-0.268944,-0.001465,0.239315,-0.068198,-0.149282,0.077359,-0.007361,0.0929,-0.287132,0.325555,0.195101,0.571998,0.055076,0.101655,0.301038,-0.253872,-0.041183,0.091563,-0.409685,-0.452079,-0.4277,0.656776,-0.094955,-0.30828,-0.234886,-0.23514,-0.083025,-0.541182,-0.473302,-0.042646,-0.51693,0.353988,-0.104117,-0.190175,-0.373656,-0.393934,-0.410722,-0.356218,-0.604285,0.093591,-0.347848,-0.268088,0.192276,-0.064479,-0.01357,-0.018066,-0.155203,-0.0812,0.029401,0.038137,-0.165663,-0.318885,-0.357616,0.029471,-0.513752,-0.554451,0.231567,0.308461,-0.443706,-0.482779,0.129203,-0.178167,-0.34371,-0.300783,-0.263049,-0.396659,-0.402416,-0.341179,-0.444639,-0.554498,-0.285703,0.11188,0.021731,0.358637,-0.204518,-0.111068,-0.553842,-0.885468,-0.497986,-0.155027,-0.201621,-0.476633,0.158021,-0.084307,-0.006581,-0.542906,-0.393934,-0.031795,-0.401423,-0.200514,-0.016308,-0.287131,-0.405703,0.733891,0.058713,-0.42189,-0.131027,-0.252425,-0.093908,-0.481192,-0.346014,0.035091,0.475086,0.48426,-0.322619,-0.400401,0.368478,0.022613,0.553398,-0.13621,0.078331,0.519403,-0.033477,-0.439693,-0.454108,-0.200718,0.110203,-0.218184,-0.176635,-0.193049,0.0591,0.037998,-0.138991,0.291214,0.741775,-0.019948,0.290934,0.186067,0.109953,-0.149194,0.425049,0.006984,0.583619,-0.214027,-0.489692,0.196755,0.260506,0.525681,0.160577,-0.004472,-0.092148,0.033089,-0.015126,-0.353075,-0.279274,-0.185477,#
7,-0.02752,0.254091,-0.035588,-0.47525,-0.056114,0.31711,0.440334,1.0,0.386339,-0.026738,-0.101337,-0.367789,0.127327,0.164625,0.088521,0.144906,0.078116,-0.214635,-0.048339,-0.045661,-0.096951,0.324664,0.130912,0.367862,-0.05214,-0.224818,0.269813,-0.18754,0.004787,-0.138614,-0.47271,0.013408,0.312788,-0.025323,-0.244264,0.093902,-0.049234,-0.32228,0.214926,-0.327138,-0.095888,0.200409,-0.168174,0.319454,0.043551,0.037432,0.1526,0.192489,-0.134582,0.217383,-0.273615,-0.294981,0.121993,0.278059,-0.212972,0.04678,0.239535,-0.150271,-0.049551,-0.040586,-0.03737,-0.164922,-0.329502,0.358246,0.013653,0.070916,-0.109826,0.138699,0.300819,-0.226661,-0.061188,0.232529,-0.150263,0.042658,-0.183777,0.512769,-0.084506,0.124727,-0.260577,-0.004204,-0.029644,-0.306471,-0.024792,-0.038609,-0.299673,0.145369,0.094963,-0.063825,-0.215562,-0.513729,-0.280894,-0.271077,-0.361023,0.212431,-0.300806,-0.079082,0.332867,0.079776,0.106682,-0.107767,-0.219231,-0.074997,0.234579,0.082356,0.040766,-0.40726,-0.067344,-0.185595,-0.404528,-0.596317,0.08822,0.046401,-0.391547,-0.193715,0.133612,0.089596,-0.369309,-0.157905,-0.474211,0.076648,-0.074905,-0.291654,-0.025637,-0.468662,0.200124,-0.186562,-0.117354,0.189439,-0.445133,-0.029096,-0.492958,-0.238833,-0.131126,0.014879,0.098253,-0.095213,0.265454,0.072498,-0.131822,-0.332612,-0.513729,0.148336,-0.287678,0.227423,-0.110233,-0.235415,-0.342371,0.148595,0.026119,-0.240738,-0.040064,-0.019887,-0.313413,-0.293758,0.131073,-0.031858,0.347392,0.055472,-0.121595,-0.076386,0.398232,0.312987,0.196916,0.02899,0.089943,0.172218,0.020399,-0.190472,-0.31431,-0.252943,-0.052154,-0.095828,-0.508812,-0.09187,0.079308,0.119244,-0.020853,-0.002563,0.285912,-0.196176,0.240421,0.127154,0.226874,0.171942,0.06614,0.431959,0.12447,-0.363952,-0.136015,0.026234,0.17486,0.279516,0.074059,-0.330172,0.046652,0.188747,0.158801,-0.36171,-0.236121,0.006034,#
8,0.145045,0.309497,-0.019576,-0.357488,0.028222,0.297553,0.61052,0.386339,1.0,0.05681,-0.147833,-0.196217,0.509927,-0.020341,0.070451,-0.424137,0.205732,0.118176,-0.02344,-0.211557,0.195955,0.042871,0.012942,-0.034437,0.186562,-0.366271,0.378583,-0.151191,0.005166,-0.021944,-0.289608,-0.095361,0.135234,-0.221248,-0.424843,0.123222,0.136199,-0.322891,-0.012468,-0.046308,0.209317,-0.030838,-0.190768,0.050704,0.221104,-0.26731,0.226523,0.140429,-0.041228,0.276025,-0.12932,-0.323821,0.118357,0.079928,-0.382086,-0.087892,0.021123,0.026867,0.337403,0.059946,0.105177,-0.150713,-0.266585,0.170323,0.148424,0.452385,-0.061017,0.041321,0.192022,-0.259699,0.058457,0.19821,-0.291866,-0.057023,-0.216265,0.359182,0.026229,-0.037572,-0.215887,-0.339753,0.053358,-0.300166,-0.147726,-0.279763,-0.369725,0.278995,-0.054294,-0.209098,0.015137,-0.396298,-0.443916,-0.125715,-0.536638,0.166315,-0.039407,-0.061536,0.216672,0.073392,0.033209,0.043391,-0.131182,0.11425,0.128258,0.194587,0.01689,-0.452196,-0.288703,0.044771,-0.282192,-0.184333,0.388195,0.410921,-0.293153,-0.462724,0.174699,-0.066856,-0.294232,-0.206471,-0.112705,-0.024894,-0.219195,-0.089142,-0.287278,-0.331127,-0.062372,0.233196,-0.076708,0.076955,0.010806,0.113043,-0.534828,-0.526952,-0.212755,-0.204997,-0.039902,-0.166174,-0.195921,-0.061887,0.014892,-0.322575,-0.396298,-0.03124,-0.145592,-0.315643,-0.030194,-0.098015,-0.479744,0.375975,0.05533,-0.200871,0.170714,-0.221895,0.029265,-0.327824,-0.027187,0.024717,0.442375,0.354945,0.055675,-0.252473,0.327191,0.108252,0.310735,-0.315087,0.412537,0.481924,0.098818,-0.170451,-0.386377,-0.354434,-0.279652,-0.07349,-0.287576,-0.031404,-0.074654,0.07209,-0.144786,0.228404,0.704802,-0.178025,0.17347,0.236448,0.046235,-0.091578,0.227776,0.111288,0.561212,-0.12767,-0.34834,0.223129,0.342357,0.155387,0.174449,-0.166669,-0.133113,0.274292,0.104474,-0.228601,0.037095,-0.110896,#
9,0.449571,0.29506,-0.430855,-0.175412,-0.143563,0.010536,0.195561,-0.026738,0.05681,1.0,-0.075432,-0.24363,0.315516,0.332709,0.20017,-0.037074,-0.076493,-0.022586,0.064755,-0.244361,-0.298841,0.195367,0.317428,0.01435,-0.355703,-0.058966,0.177718,-0.18199,0.029128,0.578769,-0.209594,0.107916,0.037857,0.209047,-0.333495,0.040561,-0.289233,0.048579,-0.027827,0.127404,-0.127907,0.005045,0.256147,0.160507,0.064572,-0.567173,0.264191,-0.368737,-0.532962,-0.367589,-0.192927,-0.346607,0.111348,-0.490669,-0.025481,-0.355668,0.169229,0.032464,0.16423,0.1717,0.193571,-0.016213,-0.485254,-0.048969,0.065792,0.172754,-0.014587,-0.022912,0.125187,-0.379438,-0.46511,-0.356848,-0.217806,-0.533157,-0.245576,0.072084,-0.053671,-0.176851,-0.177429,0.196044,-0.364057,-0.210986,-0.144431,0.102234,-0.13255,-0.271678,-0.386085,-0.412496,-0.144431,-0.326895,-0.281297,-0.330314,-0.245709,-0.2742,0.138251,-0.386175,-0.363842,0.233285,-0.268919,-0.048713,0.153253,-0.386085,-0.10115,-0.077609,-0.212927,0.090796,-0.283912,-0.188031,-0.055502,-0.379448,-0.296883,0.544761,-0.125712,-0.145633,-0.624625,0.05413,-0.124382,-0.321273,-0.022026,-0.522819,-0.38612,-0.406232,-0.364774,-0.298218,-0.529256,0.29947,0.040946,-0.25759,-0.04054,-0.038498,-0.319764,-0.178502,-0.321273,0.128989,-0.634225,-0.077609,-0.08897,-0.17522,0.021288,-0.4665,-0.108616,-0.453203,-0.417968,-0.237282,-0.166373,-0.520426,0.040946,0.31997,-0.466185,-0.158679,-0.376165,-0.530654,-0.210986,-0.298916,-0.180017,-0.355718,0.159075,0.330655,-0.217763,-0.27162,-0.180212,0.037965,0.081617,-0.34017,-0.106519,0.179614,-0.326707,-0.25169,-0.145472,-0.160952,0.144192,-0.060825,-0.188802,-0.412496,0.424078,-0.584861,-0.145633,0.29106,0.139597,0.238432,0.128204,0.352058,-0.238083,-0.359243,0.211152,0.086294,0.344626,-0.464943,0.171948,0.517693,-0.265751,0.049205,0.117851,0.381219,-0.016647,0.169587,-0.088257,-0.154734,0.072578,-0.16035,#
10,-0.045237,-0.107954,0.145611,0.112521,0.117235,0.278699,-0.165273,-0.101337,-0.147833,-0.075432,1.0,0.310524,-0.447969,-0.30161,-0.279363,0.352768,0.24675,0.12872,-0.098844,-0.222676,-0.122763,0.061166,0.090682,-0.226656,0.116008,-0.063893,-0.090354,0.000496,-0.00855,-0.341336,0.049285,-0.07136,-0.134524,-0.058499,0.401508,0.101265,-0.036269,0.062765,-0.145897,0.018742,-0.084859,0.010235,-0.063697,0.121249,0.008293,0.127579,-0.310883,0.059627,0.092016,0.113539,0.249887,0.108305,0.16932,-0.231491,-0.261852,-0.099809,-0.145639,0.192884,-0.140871,-0.12526,-0.289568,0.010416,0.112114,-0.359248,-0.023557,-0.4636,-0.339918,-0.207305,-0.144648,0.304966,-0.040193,-0.02169,0.061501,0.038263,0.149469,0.106823,-0.246548,-0.07273,-0.274337,-0.360327,-0.049288,0.041628,-0.025836,-0.205181,0.377582,-0.053938,-0.078919,-0.249301,-0.050507,0.011649,-0.105554,-0.084026,-0.019453,-0.396778,-0.128036,0.266297,-0.192943,0.026289,-0.068416,-0.106635,0.119174,-0.103032,-0.129351,-0.282706,-0.132321,-0.237017,-0.080077,-0.257929,0.088669,0.279424,-0.10682,0.012896,0.328159,-0.199789,0.119409,-0.225736,-0.022081,0.000292,0.007203,0.07218,0.086002,-0.175659,0.148172,-0.103625,-0.348864,-0.046635,-0.342539,-0.062174,-0.083224,-0.203377,0.205722,0.086002,0.048579,-0.209207,0.279327,0.095918,0.277688,0.094842,-0.073263,-0.136208,-0.165929,-0.022225,0.207655,-0.098118,-0.290102,0.036455,-0.140416,-0.201115,-0.173763,0.25709,-0.044948,0.177898,-0.313613,-0.107304,-0.071862,-0.222397,-0.467053,-0.132228,-0.334469,0.123752,-0.031955,-0.104526,0.176872,-0.018366,-0.386194,-0.191785,-0.16556,0.218781,0.550785,-0.001259,-0.103942,0.23364,-0.002475,0.06855,-0.318022,0.11326,-0.192954,0.13805,-0.242195,0.317788,0.15977,-0.265677,-0.011529,0.14925,-0.309443,-0.265814,-0.242209,0.02175,0.226578,-0.243546,-0.216086,-0.102507,0.043962,-0.197563,-0.100428,-0.015471,0.353591,-0.193023,-0.061933,-0.013525,#
11,-0.111154,-0.414202,0.183988,0.021182,0.136917,0.214327,-0.289225,-0.367789,-0.196217,-0.24363,0.310524,1.0,-0.300326,-0.190877,-0.366208,0.218992,-0.203384,0.070316,-0.462781,0.207775,-0.387094,0.242286,-0.143013,-0.313587,0.130512,-0.085036,-0.034981,-0.205866,-0.175265,-0.282185,0.099348,0.086749,-0.113357,0.209602,0.267771,0.044286,-0.27466,-0.01723,-0.389974,0.193666,0.180664,-0.079911,0.155924,-0.322617,-0.024721,0.015551,-0.381436,0.182914,-0.033365,0.145863,0.119769,0.09935,-0.062502,-0.063505,-0.00862,-0.040168,-0.037811,0.155662,0.290497,-0.319402,-0.080854,-0.024574,0.287776,-0.574795,-0.008134,-0.201847,-0.105308,-0.342829,-0.270071,0.530887,0.197662,0.033182,0.060582,0.359021,0.009321,-0.148768,-0.227684,-0.156337,0.009371,0.018471,0.45242,0.091701,0.109271,-0.361445,0.485258,0.248382,0.188756,0.021925,0.115721,0.359827,0.2738,0.301292,0.174211,0.033203,0.014525,0.369227,-0.188397,0.075671,-0.070799,0.111623,-0.273295,0.352666,0.01888,0.158524,-0.066436,-0.043871,0.25291,-0.043596,0.243599,0.493474,-0.030426,-0.134256,-0.076181,0.09731,0.158418,-0.27231,0.094292,0.346018,0.272107,0.322552,0.337405,0.043042,0.445654,0.308516,-0.144363,0.272939,0.077146,0.000984,0.468163,0.205053,0.182702,0.356419,0.003045,-0.301935,0.183526,-0.044101,-0.212187,0.035956,0.003651,0.09854,0.373154,0.031691,0.271931,0.106512,-0.143142,0.144411,0.049262,-0.399059,0.109276,0.343395,0.151622,0.007427,-0.038022,0.2874,0.18192,0.280386,-0.277488,-0.301705,0.093579,0.056949,-0.141583,-0.519493,-0.096468,0.168258,-0.21542,-0.265296,0.21362,0.27675,0.370045,0.324806,-0.097151,0.1067,0.090618,0.357176,-0.206114,0.101967,-0.197259,-0.180799,-0.180839,0.183389,0.035865,-0.199109,-0.226242,0.26383,-0.18489,-0.386925,-0.18469,-0.064024,-0.001299,-0.373077,-0.325064,-0.278742,0.03311,-0.112649,0.175361,-0.279704,0.32719,0.197524,0.163983,0.134936,#
12,0.454158,0.475956,-0.272054,-0.273417,0.0531,0.0739,0.494962,0.127327,0.509927,0.315516,-0.447969,-0.300326,1.0,0.447482,0.29,-0.359681,-0.060607,0.395311,0.095062,-0.13918,0.103016,0.259347,0.305639,0.056852,-0.149856,-0.118203,0.287244,-0.173893,0.234471,0.355324,-0.383269,0.049453,0.343125,-0.139262,-0.269666,0.113755,0.03927,-0.111518,-0.049069,-0.365741,0.073166,0.160086,0.024018,0.087227,0.032813,-0.46454,0.498913,-0.093337,-0.148597,-0.039088,0.01846,-0.290094,0.027031,-0.124115,-0.190245,-0.053153,0.159938,-0.155494,0.210942,0.180853,0.499548,0.161127,-0.190144,0.176061,0.247616,0.681686,-0.113835,0.369859,0.351884,-0.260895,-0.169958,0.044189,-0.305821,-0.223266,-0.336529,0.286814,0.054965,-0.117234,-0.10293,-0.144087,-0.151433,-0.39345,-0.341113,-0.112986,-0.420942,0.037731,-0.099036,0.064693,0.012775,-0.575533,-0.266032,-0.136248,-0.336712,0.215164,-0.211591,-0.099794,0.369789,-0.061225,-0.277598,-0.255591,-0.061388,0.08244,0.12927,0.266631,-0.055266,-0.135788,-0.286191,-0.175383,-0.44471,-0.204623,0.093793,0.286943,-0.355457,-0.336099,-0.314905,0.070845,-0.322295,-0.396366,-0.048291,-0.357176,-0.440525,-0.308297,-0.337254,-0.284406,-0.249195,0.184488,0.111575,0.226172,0.108786,0.185931,-0.573132,-0.42727,-0.403132,-0.190554,-0.475122,-0.111422,-0.296971,-0.446369,0.165112,-0.264858,-0.213212,-0.312747,-0.391514,-0.286477,0.082615,-0.179122,-0.103703,0.434377,-0.057437,-0.42166,-0.043924,-0.401091,0.292573,-0.460745,-0.286253,-0.155441,0.749062,0.622387,-0.049698,-0.344862,0.012962,0.110083,0.346848,-0.302735,0.160535,0.745186,0.135229,-0.212305,-0.388092,-0.290234,0.12078,-0.009151,-0.378239,-0.289617,0.365444,-0.346813,0.012936,0.248308,0.79378,-0.24929,0.22296,0.282052,0.007384,-0.31049,0.517509,-0.036781,0.631152,-0.050057,-0.530299,0.453263,0.22609,0.301811,0.022351,0.224706,0.151559,0.199118,-0.105302,-0.088956,0.251783,0.032499,#
13,0.281873,0.152134,-0.32807,-0.159045,-0.140582,-0.146188,-0.018851,0.164625,-0.020341,0.332709,-0.30161,-0.190877,0.447482,1.0,0.160575,0.050318,-0.421327,0.196421,0.006618,0.005308,0.110824,0.596226,0.454089,0.452103,-0.175467,0.269086,0.434633,0.046543,0.059261,0.382556,-0.189964,0.219573,0.139136,0.038046,-0.064995,0.129702,-0.155883,0.073967,0.209501,-0.361251,-0.142561,-0.048954,0.404986,-0.034554,-0.284706,-0.293853,0.331757,-0.210865,-0.407419,-0.074413,0.26751,-0.308148,-0.01236,0.054499,0.028008,0.085648,0.071706,0.218081,0.154216,0.153316,0.498162,-0.038929,-0.279156,-0.007421,0.23046,0.072873,-0.317303,0.432147,0.173541,-0.225108,-0.183303,-0.128246,-0.089704,0.115457,-0.355589,0.105812,0.228508,0.048406,-0.154984,0.394992,-0.375236,-0.197404,0.031779,0.271298,-0.089419,0.005302,0.0975,0.045711,0.153882,-0.397568,-0.25534,-0.15134,-0.009841,0.201644,0.129791,-0.110539,0.016876,0.113656,-0.130468,-0.115144,-0.097296,-0.140008,0.107384,-0.073823,-0.0728,-0.119476,0.211082,-0.461733,-0.116984,-0.076231,-0.219444,0.037796,-0.189256,0.034769,-0.339836,0.116545,-0.127737,-0.254388,-0.040056,0.159299,0.047914,-0.189634,0.002869,-0.08941,-0.167096,0.156938,-0.080901,0.008009,0.105538,0.152553,-0.234939,0.1083,-0.384145,0.053241,-0.501008,0.06245,-0.294433,-0.283209,0.104546,0.114299,-0.080135,-0.291254,-0.228555,-0.206275,-0.264396,-0.192097,0.110971,-0.125176,-0.290006,-0.222449,-0.146704,-0.422251,0.097376,-0.272671,-0.259324,0.024549,0.388377,0.130794,0.124491,-0.330146,-0.140084,-0.071226,0.134204,-0.055646,0.150726,0.207621,0.104432,0.130916,-0.181956,-0.032509,-0.049669,-0.17918,-0.245851,-0.518084,0.219192,-0.36493,0.177711,-0.090631,0.263018,-0.217297,0.325903,-0.03848,-0.182594,-0.110875,0.200908,0.192287,0.09037,-0.465244,-0.18511,0.296822,-0.161759,-0.025649,-0.137364,0.066591,0.290963,-0.133163,0.087275,0.134532,0.470658,0.044113,#
14,0.217537,0.480033,-0.191458,-0.241789,0.54887,-0.185991,0.418171,0.088521,0.070451,0.20017,-0.279363,-0.366208,0.29,0.160575,1.0,-0.007575,-0.080654,0.084691,0.511777,-0.06631,0.268737,-0.229397,-0.063338,0.04431,-0.279314,-0.191691,0.049601,0.36607,0.635795,0.350863,-0.456308,-0.165934,0.031893,-0.17474,-0.156909,0.148965,-0.268941,-0.229665,0.093074,0.157791,-0.426951,0.017916,-0.072763,0.181826,0.089809,-0.095154,0.480934,-0.186526,-0.135671,0.256058,0.151905,-0.281998,0.021938,0.091935,0.046166,-0.295061,-0.150059,-0.098083,-0.154698,-0.220236,-0.243227,0.285539,-0.286973,0.350838,0.032329,0.252672,0.066998,0.03579,-0.14836,-0.511729,-0.455701,-0.296856,-0.171997,-0.233903,-0.387682,0.415537,0.019284,-0.446722,-0.364507,-0.202748,-0.519162,-0.451716,-0.431196,0.395485,-0.419992,-0.006126,-0.206031,-0.453355,-0.255983,-0.192143,0.008443,-0.452627,-0.215253,-0.315369,-0.21561,-0.188066,-0.18275,-0.215147,-0.315279,-0.151633,0.265447,-0.511498,-0.404071,-0.261312,-0.293412,0.059966,-0.474435,-0.133689,-0.467805,-0.218443,-0.254218,0.117005,-0.345821,-0.272461,-0.43712,-0.041459,-0.265748,-0.260738,-0.457326,-0.290476,-0.524472,0.108818,-0.513054,-0.098,0.012742,-0.331489,-0.179982,-0.095799,-0.272223,-0.36679,-0.25172,-0.50567,-0.41808,0.028974,-0.478749,-0.428285,0.15753,-0.21651,-0.188456,-0.025047,-0.343696,-0.40243,-0.303745,-0.033228,0.065697,-0.342923,-0.168493,0.179714,-0.412071,-0.355281,-0.398531,-0.548655,-0.282521,-0.096137,-0.44829,-0.118664,0.278979,0.400252,-0.37172,-0.004373,0.015001,-0.176632,0.135099,-0.072278,-0.391859,0.142756,-0.017644,0.017467,-0.028185,-0.182202,0.510095,0.053847,-0.133006,-0.469517,0.413622,-0.285334,-0.275445,0.24237,0.360948,-0.131643,0.3594,0.218983,0.486641,-0.161572,0.380813,-0.237784,0.203854,-0.040734,-0.200222,0.285735,0.040994,0.470977,0.132374,0.290178,-0.253742,-0.171742,-0.235502,-0.194145,-0.275879,0.343993,#
15,-0.195479,-0.216364,0.036261,-0.176972,0.201943,-0.134206,-0.21063,0.144906,-0.424137,-0.037074,0.352768,0.218992,-0.359681,0.050318,-0.007575,1.0,-0.054822,-0.320395,0.173288,-0.126423,-0.427098,0.201231,0.033082,0.195947,-0.164511,0.017547,0.000522,-0.107515,0.129573,-0.286003,-0.05532,0.081656,-0.092933,0.192209,0.162252,0.338951,0.085138,0.000599,0.113752,0.077524,-0.231875,-0.254214,0.143946,0.053675,-0.251523,0.109413,-0.36471,-0.00386,-0.119026,0.070903,0.207248,0.105516,0.033444,0.101339,-0.079141,0.087692,-0.17356,-0.071527,-0.166967,-0.502609,-0.096248,0.266703,0.176375,-0.253005,-0.033898,-0.557634,-0.308975,-0.003978,0.160628,0.264427,-0.088366,-0.298521,0.32929,0.161809,-0.097268,0.064467,-0.139499,-0.133527,-0.209548,0.07691,-0.111824,-0.054975,0.235643,0.037486,0.329153,-0.180805,0.175428,-0.325861,-0.144016,0.077269,0.17373,-0.11938,0.073037,-0.249387,-0.205254,0.190299,-0.077844,0.185763,-0.150218,-0.191029,0.075964,-0.026299,-0.021403,-0.045573,0.12572,-0.170013,0.028216,-0.122648,0.017794,-0.005108,-0.189474,-0.229867,0.088731,0.231312,-0.007021,-0.166214,0.041338,0.121975,-0.093858,0.195199,-0.008513,-0.026997,0.09621,-0.238354,-0.057131,-0.110347,-0.099125,-0.116346,-0.13437,-0.116902,0.144437,0.168839,-0.026297,-0.060792,0.038327,-0.029564,0.311308,0.170571,-0.211678,0.015506,-0.109191,0.055887,-0.045132,0.20151,-0.350582,-0.073436,-0.099125,-0.42213,-0.229593,-0.0043,-0.391183,-0.073838,-0.257751,0.1288,0.061229,0.029252,-0.202734,-0.199773,-0.192725,0.182211,0.301494,-0.061447,-0.133763,0.235238,-0.430482,-0.479233,0.260279,0.28942,0.089387,0.034372,-0.031169,-0.2413,-0.095058,0.019043,-0.053652,0.086511,-0.130904,-0.154792,-0.342559,0.186289,0.083135,-0.351775,0.255457,0.094478,-0.417574,0.072291,-0.527289,-0.427516,0.159382,-0.329176,-0.464358,-0.208478,-0.035371,-0.118092,0.341788,-0.104913,0.310847,0.022301,-0.10335,0.021359,#
16,0.36951,0.259602,0.149479,-0.269665,0.148278,0.293757,-0.030386,0.078116,0.205732,-0.076493,0.24675,-0.203384,-0.060607,-0.421327,-0.080654,-0.054822,1.0,0.103417,0.205765,-0.381036,0.088699,-0.243047,-0.079722,-0.227692,-0.039713,-0.109099,-0.24779,-0.016462,-0.210745,0.055663,0.025242,-0.019205,0.104817,-0.221318,0.089758,0.269413,0.271514,-0.352088,-0.382752,0.023659,-0.154569,-0.413172,-0.206305,0.439933,0.346708,-0.019397,-0.186443,0.098526,0.064034,-0.274728,-0.009765,-0.12883,0.102583,-0.130991,0.207904,-0.099792,-0.36908,-0.206276,-0.149479,-0.101576,-0.263815,-0.177076,0.245331,0.058769,-0.156509,-0.041092,0.058847,-0.230199,-0.032044,-0.046233,-0.114982,0.100341,0.060002,-0.336006,0.134659,0.121811,-0.263877,-0.088736,-0.252403,-0.546075,-0.035948,-0.160357,-0.223793,-0.218506,-0.155665,-0.24868,-0.440044,-0.264837,-0.046013,-0.167337,-0.102255,-0.315295,-0.376703,-0.209165,-0.321675,-0.26924,0.148862,-0.33795,-0.253617,-0.278205,0.149957,-0.256061,-0.310532,-0.111616,-0.148526,-0.225251,-0.44328,0.115226,-0.275215,0.101067,0.350938,0.001506,-0.053406,-0.389341,-0.068135,0.058185,-0.389341,-0.16857,0.024228,-0.149713,-0.445673,0.054191,-0.231225,-0.120603,0.184142,-0.389518,-0.133027,-0.105483,-0.501006,-0.374647,0.016457,-0.10923,0.198259,-0.034653,0.081063,-0.118511,0.293255,-0.278412,-0.40764,-0.164344,-0.337395,0.13504,-0.171828,-0.107597,0.081063,-0.036835,-0.133027,0.205092,0.023668,-0.111828,-0.248712,0.158323,-0.147419,-0.115966,-0.090909,-0.394988,-0.079761,0.265727,-0.338875,0.121145,-0.13246,0.092466,0.030409,-0.375706,-0.178818,0.151479,-0.3406,-0.287051,0.012926,-0.253202,-0.011426,0.029005,-0.336769,0.08147,0.054201,-0.116677,-0.389341,0.32957,-0.061755,-0.244806,0.047247,0.103632,0.223938,0.161004,0.051997,-0.083497,0.103529,0.415901,0.248958,0.314825,0.157368,0.272117,0.419717,0.153301,-0.155725,0.707997,0.140436,-0.401423,-0.494856,0.249775,#
17,0.429293,0.211813,-0.243772,-0.089588,0.269309,0.209721,0.155085,-0.214635,0.118176,-0.022586,0.12872,0.070316,0.395311,0.196421,0.084691,-0.320395,0.103417,1.0,0.070674,0.078466,0.302693,0.276924,0.084561,-0.316833,0.163246,0.043524,-0.1533,-0.055033,0.006261,0.219505,-0.177539,-0.071274,0.065472,-0.283513,0.112613,0.01934,-0.324071,-0.061023,-0.006724,-0.167407,0.152786,0.08467,-0.188962,-0.210009,-0.191127,-0.04772,0.244334,0.149419,-0.000547,-0.18432,0.40602,-0.253257,-0.294322,-0.24563,-0.011477,-0.048727,-0.237827,0.005801,0.018839,0.082121,0.119783,0.314588,-0.050126,0.011791,0.106811,0.338825,0.022306,0.165748,0.10849,0.291356,-0.008094,0.176124,-0.516338,-0.008666,-0.18586,0.157996,-0.073626,-0.012783,-0.108301,-0.416793,-0.003374,-0.183364,-0.19094,-0.339694,-0.154439,0.088836,-0.094514,0.208347,-0.019939,-0.140281,-0.050452,-0.078994,0.020996,0.231647,-0.103197,0.192044,0.293374,-0.266938,-0.224199,-0.368299,-0.208793,-0.094514,-0.100271,0.17084,-0.357439,-0.180687,-0.178744,-0.348328,-0.222267,0.08172,0.213243,-0.127047,-0.065582,-0.358378,-0.067354,-0.140835,-0.352082,-0.135724,0.317847,-0.146465,-0.25201,-0.104844,-0.169943,-0.207321,-0.263521,0.149928,0.100959,0.316202,0.156607,0.079538,0.029473,-0.121319,-0.185436,-0.157272,-0.179641,-0.191189,-0.210914,-0.422765,-0.013623,0.064799,0.075637,-0.242971,-0.063466,-0.303772,-0.150196,0.045932,-0.113061,0.301376,-0.056008,-0.28641,-0.101977,-0.009009,0.31809,-0.401262,-0.319771,-0.00988,0.411613,0.31581,-0.211951,-0.322375,-0.413651,0.074003,0.447584,-0.222975,-0.195019,0.695824,0.03095,-0.019609,0.024589,-0.130279,-0.052401,0.001507,-0.348122,-0.14276,-0.062691,-0.324507,0.148998,0.001134,0.458561,-0.235214,0.196271,0.253578,-0.102235,-0.222367,0.132242,-0.392661,0.460067,0.26463,-0.442819,0.146952,0.030546,0.207836,0.026173,0.037906,-0.152598,-0.112273,-0.090172,0.000615,0.218158,0.28172,#
18,-0.029015,0.418902,-0.161966,-0.204061,0.21191,-0.388148,0.247993,-0.048339,-0.02344,0.064755,-0.098844,-0.462781,0.095062,0.006618,0.511777,0.173288,0.205765,0.070674,1.0,-0.245139,0.310522,-0.431165,0.008903,0.057231,-0.16338,-0.012758,0.048363,0.209421,0.151531,0.164985,-0.288802,-0.059697,0.28437,-0.033382,-0.088893,0.306448,0.117653,0.037973,0.192899,0.310112,-0.361088,-0.275201,-0.091592,-0.020563,0.051884,0.101528,0.240831,-0.18046,0.212441,0.155585,0.124766,-0.187972,-0.214466,0.060442,0.389306,0.036366,-0.276352,0.013569,-0.30037,-0.060415,-0.121417,0.364386,-0.038676,0.200224,0.007049,0.045396,-0.114242,0.182268,0.044115,-0.334338,-0.356025,-0.64535,0.134886,-0.257847,-0.254972,0.154353,-0.168752,-0.095432,-0.103516,-0.323117,-0.497859,-0.324353,-0.332908,0.243981,-0.352013,-0.264648,-0.25665,-0.282687,-0.310863,-0.041205,-0.146407,-0.348144,-0.228791,-0.460078,-0.355588,-0.404541,-0.190859,-0.132553,-0.181372,-0.129711,0.163386,-0.242029,-0.418007,-0.370469,-0.185161,-0.13942,-0.45041,0.041647,-0.262977,-0.135303,0.012053,-0.091538,0.047763,-0.313501,-0.205832,-0.264585,-0.130359,-0.229102,-0.099331,-0.197073,-0.385118,0.226067,-0.629903,-0.313918,-0.0503,-0.274536,-0.310449,-0.232689,-0.326924,-0.396649,-0.169729,-0.345662,-0.105088,0.09806,-0.105803,-0.347385,0.229637,-0.235899,-0.225669,-0.155524,-0.3938,-0.048014,-0.301621,-0.081855,-0.10207,-0.279761,-0.283447,0.304543,-0.201116,-0.338219,-0.318945,-0.099268,0.010969,0.021895,-0.417854,-0.165604,0.028837,0.181354,-0.325036,0.094123,0.295614,0.02989,0.128098,0.103046,-0.295303,0.075876,0.069904,-0.006133,-0.207628,-0.35048,0.285765,-0.490067,0.048875,-0.249185,0.218591,0.015215,-0.014135,0.229637,0.155735,-0.25452,-0.018854,0.177619,0.345077,-0.108581,0.192331,-0.031395,-0.006732,-0.000712,-0.143519,0.226917,-0.097209,0.260761,0.359793,0.329453,-0.117243,-0.093764,-0.069221,-0.019309,-0.366435,0.101359,#
19,-0.291435,-0.447488,0.021031,0.349377,0.114662,0.19056,-0.113036,-0.045661,-0.211557,-0.244361,-0.222676,0.207775,-0.13918,0.005308,-0.06631,-0.126423,-0.381036,0.078466,-0.245139,1.0,-0.029447,0.095697,0.011292,-0.120695,0.278624,-0.101157,-0.008826,-0.192003,-0.195835,-0.277323,0.103223,-0.021503,-0.107432,-0.123173,-0.16281,-0.434242,-0.137795,0.000228,-0.01637,-0.141041,0.299973,0.476949,-0.166157,-0.359884,-0.192163,0.121204,0.213223,0.31389,0.206564,-0.266775,0.108819,0.335102,0.276835,0.000975,0.015742,0.157997,0.228704,-0.380994,0.039268,-0.055832,-0.062901,-0.243129,0.077979,0.158861,0.035926,0.145201,0.244002,0.034579,-0.036871,0.234599,0.328813,0.151924,0.083624,0.383088,0.028652,-0.320062,0.273978,0.039516,0.512397,0.2126,0.603024,0.269098,0.287011,-0.039042,0.211529,0.252948,0.371352,0.372209,0.30921,0.038092,0.596911,0.321839,0.509196,0.22041,0.179509,0.206791,0.114963,0.130073,-0.060746,0.28269,-0.2906,0.377399,0.364331,0.324567,0.272417,0.439904,0.447817,-0.224386,0.268116,0.020476,0.206404,-0.383767,0.09229,0.450074,0.218818,-0.095058,0.11436,0.684605,-0.026708,0.19665,0.368535,0.068148,0.618333,0.156447,0.07811,0.135275,0.272728,0.175175,0.116967,0.547205,0.16979,0.222637,0.022301,-0.129635,0.186398,0.145844,0.179097,0.18689,0.213871,0.301696,0.543001,-0.138351,0.132097,0.120088,0.192918,0.380969,0.280306,-0.206999,0.471662,-0.109893,0.160547,0.195687,0.290907,0.145616,0.207603,0.296837,-0.047575,-0.192029,0.467785,0.0628,-0.248736,0.056955,-0.091706,0.334024,0.031449,-0.125393,0.403021,0.228512,-0.093963,0.097426,-0.213073,-0.185732,0.260102,0.535472,-0.20247,0.112631,0.456224,-0.526195,-0.186848,0.090802,0.042819,-0.215445,0.143069,0.110324,-0.34398,-0.001463,-0.043941,0.102605,-0.165425,-0.520362,0.2085,-0.289669,-0.475314,-0.279022,0.451214,-0.448215,-0.456811,0.253821,0.20835,-0.101061,#
20,-0.016836,0.081409,-0.205257,0.092788,-0.012565,-0.222943,0.002909,-0.096951,0.195955,-0.298841,-0.122763,-0.387094,0.103016,0.110824,0.268737,-0.427098,0.088699,0.302693,0.310522,-0.029447,1.0,-0.245972,-0.285971,0.153129,0.309444,0.118748,-0.086833,0.354459,-0.007742,0.039009,0.190961,-0.17952,0.097112,-0.240294,0.092825,-0.247953,0.130413,0.096359,0.221008,0.03432,0.084199,-0.171774,-0.211053,-0.118716,-0.158856,0.306558,0.272459,-0.118708,0.322268,0.110501,0.248102,-0.085205,-0.018737,0.24896,0.173531,0.303185,-0.100371,0.173148,-0.119635,0.179198,-0.094723,0.210145,-0.127895,0.059185,-0.028237,0.099475,0.122629,0.130432,-0.247197,-0.209136,-0.089907,0.078965,0.085097,0.20056,0.137581,-0.255015,0.259161,0.275002,0.085678,-0.206378,-0.212116,0.195523,0.124775,-0.02944,-0.139099,0.126062,0.078402,0.094671,0.309621,0.185548,-0.075487,-0.108058,-0.023489,-0.03169,0.026269,-0.096944,-0.029893,-0.148307,0.248002,0.094524,0.116133,-0.092229,-0.140334,-0.104506,0.024231,-0.029456,0.073538,0.075964,-0.090991,0.111122,0.173772,-0.253008,0.148929,-0.035591,0.105257,0.075978,-0.035591,0.0332,0.190767,0.216828,0.075157,0.542774,-0.204144,0.261706,0.257848,-0.033969,-0.128865,-0.078138,-0.062586,-0.020353,0.022606,-0.096388,0.204641,0.163348,0.098385,0.081743,-0.139955,-0.085806,0.025297,0.416669,-0.160732,-0.04043,0.179153,-0.028317,0.275002,0.019259,0.088996,0.0146,0.225207,-0.099054,0.119022,0.173112,0.202384,0.085788,-0.087967,0.292369,0.191146,-0.067369,0.031087,0.154375,-0.005885,0.080043,0.037511,0.015448,0.276956,0.159878,0.026821,0.081323,0.026464,0.002557,-0.0792,0.062769,0.192728,-0.084866,-0.112717,0.108146,0.137954,-0.036194,0.106936,-0.301605,-0.000499,0.118474,0.223595,-0.017982,0.046287,0.129754,-0.05788,0.426529,-0.157968,0.137172,0.172516,0.092728,-0.120607,-0.193414,-0.306478,0.003769,-0.295866,0.049158,0.153621,0.01778,#
