0,1.0,0.386894,0.012688,-0.052759,0.402137,0.430906,0.153494,0.053949,0.189066,0.270542,0.185912,-0.018527,0.232222,0.239286,0.378869,0.171699,0.014568,-0.000295,0.257652,-0.301069,0.211162,0.071232,0.28183,-0.061482,0.266519,-0.486002,0.205632,0.188332,0.062163,0.331559,-0.415914,0.146248,-0.160928,-0.276582,0.152586,0.267192,-0.022322,-0.318147,0.209642,0.030614,0.184583,0.033997,0.058494,-0.162608,0.13588,-0.52048,-0.027228,-0.090375,0.066501,-0.365463,0.207181,-0.183458,-0.184457,-0.132342,0.033323,0.020704,-0.835719,0.273189,-0.409725,0.322323,0.138431,0.253027,-0.248456,0.071872,-0.064296,0.229473,-0.075323,0.270631,0.216202,0.124713,0.176318,0.164176,0.374325,-0.019055,-0.007409,0.150265,-0.383688,-0.326851,-0.247097,-0.23183,-0.276467,-0.415935,-0.301093,0.055134,-0.365093,-0.167695,-0.273607,-0.200039,-0.165193,-0.326865,-0.284739,-0.536919,-0.252833,-0.106817,-0.38375,-0.053555,-0.110484,-0.109051,-0.383584,-0.326762,0.206473,-0.415746,-0.00388,0.090827,-0.038771,-0.301087,0.083152,-0.141788,-0.229894,-0.16675,0.208569,-0.075323,-0.264261,-0.046805,-0.451316,-0.276579,0.148306,-0.391522,0.027487,-0.091614,-0.415799,-0.229987,-0.655123,-0.276595,0.143385,-0.199161,-0.032606,0.196403,-0.482978,-0.326865,-0.444893,-0.16099,-0.486385,0.093242,-0.087282,-0.276628,-0.075323,-0.276595,0.198256,-0.548405,-0.276581,0.010266,-0.354277,-0.949651,-0.386219,-0.506115,-0.42792,0.400934,-0.42792,-0.252494,-0.365093,-0.349999,0.001318,-0.252984,-0.246108,-0.252908,0.030739,0.250639,0.10818,-0.383584,-0.030925,-0.276595,0.051228,-0.075634,-0.134864,0.22368,-0.079433,0.078722,-0.301156,-0.301116,0.391262,0.138465,-0.134864,-0.113841,0.377492,-0.537074,-0.184414,0.197123,0.201217,-0.552734,0.409333,-0.014274,0.188517,0.271356,0.129386,-0.149223,0.017971,0.014273,0.042004,0.317657,-0.401398,0.165381,0.108112,0.045769,-0.265068,0.21989,0.239184,-0.301531,0.192657,0.08194,#
1,0.386894,1.0,0.183812,-0.094771,0.190534,0.430931,0.40264,-0.349817,0.444354,0.091809,0.07148,0.160558,-0.259028,0.350758,0.32926,-0.117195,-0.349958,0.392451,0.155324,-0.09589,0.264751,0.231934,0.399343,-0.140612,0.168628,-0.328896,0.230505,-0.011466,0.280011,0.496634,-0.462344,-0.257701,0.022264,-0.244186,-0.214046,0.099999,0.100729,-0.468287,-0.03601,0.047013,0.267071,0.207699,0.126173,0.003612,-0.046115,-0.189656,0.148934,0.058571,0.109059,0.081967,-0.2397,-0.297192,-0.055501,-0.388834,-0.09109,0.309147,-0.258129,0.324294,-0.261776,0.462584,0.229883,0.363127,0.195257,-0.12006,0.132324,0.314672,-0.114643,0.120664,0.294718,0.17991,-0.088591,0.243631,0.202486,-0.024625,-0.178617,0.205242,-0.235531,-0.116919,-0.371697,0.013419,-0.040364,-0.633058,-0.458268,0.105261,0.0879,-0.020474,-0.006216,-0.433097,0.102239,-0.114931,-0.095644,-0.024829,-0.211214,0.38582,-0.189703,-0.420717,0.091168,-0.295812,-0.020485,-0.331142,0.190639,-0.083586,0.016191,0.100148,-0.016711,-0.073649,-0.114924,-0.617308,0.262522,-0.036388,0.022336,-0.114643,-0.384537,0.101297,-0.315258,-0.214571,-0.125579,-0.190877,0.211214,-0.458471,-0.081318,-0.350043,-0.129906,-0.420981,0.147991,-0.131998,0.334951,0.250287,-0.478988,-0.297001,-0.195654,-0.245029,-0.267194,-0.249109,-0.291931,-0.421032,-0.114643,-0.21326,0.147573,-0.786844,-0.215879,-0.310569,-0.33967,-0.364886,-0.100273,-0.574431,0.031986,0.501868,0.031986,0.192931,-0.146153,-0.29165,-0.012509,-0.173343,0.012152,0.008799,0.043358,0.455576,-0.02325,-0.220213,-0.211083,-0.21326,-0.083541,0.257895,0.164235,0.15894,-0.289728,-0.210744,-0.458364,-0.458303,-0.160018,-0.012935,-0.23705,-0.340153,0.201867,-0.426484,-0.28068,0.288471,0.294463,-0.30882,0.427865,-0.03155,-0.12399,0.211651,0.38126,-0.114734,0.220492,-0.007144,-0.498219,0.47071,-0.35655,0.434252,0.347893,0.166289,-0.210646,-0.049035,-0.225001,-0.16477,-0.003963,-0.12095,#
2,0.012688,0.183812,1.0,0.371251,-0.031706,-0.093054,-0.168156,0.028451,0.077498,0.260542,0.236239,0.343261,-0.337205,-0.038877,-0.245104,-0.054268,-0.141132,0.448716,-0.409342,-0.329245,0.071732,-0.134311,0.100534,-0.05572,0.312051,0.165934,-0.352176,-0.135114,0.175315,-0.145042,0.06532,0.251824,0.045562,-0.20532,0.147886,0.256169,0.183634,-0.298861,-0.021974,0.154963,0.038488,0.109954,-0.085052,-0.346864,0.131459,-0.070758,-0.252131,-0.209638,0.017382,0.023041,0.13875,-0.112634,0.10603,0.463894,0.161094,-0.282227,-0.074757,0.180433,-0.269201,-0.048628,0.273083,-0.056123,-0.005119,-0.184357,0.126066,0.080135,0.147138,0.146031,0.093778,0.081721,-0.096792,-0.086804,0.225157,-0.001668,0.379951,0.134108,-0.333098,0.092326,-0.311467,-0.184618,0.148484,0.081856,-0.112925,0.078545,0.000416,-0.299716,0.122057,-0.068116,-0.111078,-0.048272,0.004624,-0.099476,-0.101424,-0.212026,-0.117236,-0.167395,0.020051,0.123087,0.362703,0.078162,-0.138265,0.235721,-0.002691,0.367815,-0.100429,0.038899,-0.002217,0.079211,0.028068,0.007492,-0.225003,0.164168,-0.329761,0.190335,0.113369,0.340333,-0.416316,-0.19726,-0.110815,0.198544,-0.093915,0.036262,0.416165,0.134227,0.001463,-0.043009,-0.002338,-0.411298,-0.321127,-0.064909,0.074224,-0.382727,0.01244,-0.102568,-0.022985,-0.200864,0.130108,0.141442,0.01862,-0.06906,-0.01143,0.248896,-0.19789,-0.123863,-0.179772,-0.299965,0.053749,0.060202,0.062381,-0.086453,-0.012232,-0.234694,-0.086562,-0.082691,0.042296,-0.09613,0.127585,0.130812,0.194263,0.00424,0.223687,0.012764,0.081476,0.066044,0.024921,-0.019607,-0.173953,-0.286965,-0.121499,0.046326,0.109047,-0.415516,-0.18998,-0.163189,-0.213735,0.076056,-0.09982,0.20863,-0.150862,-0.282852,-0.282426,0.174609,0.045976,-0.183104,0.164822,-0.128088,-0.163944,-0.369479,0.319903,0.2387,-0.361221,0.264798,0.399567,0.249008,0.045687,0.034684,-0.112515,-0.286495,-0.103179,-0.161524,#
3,-0.052759,-0.094771,0.371251,1.0,0.180283,-0.243175,-0.136341,0.370183,-0.091512,0.162923,0.062294,-0.088563,0.112656,-0.289414,0.097951,-0.074617,0.047494,0.356516,-0.445813,0.16986,-0.07074,-0.340532,-0.016351,0.074977,0.557309,0.255481,-0.514891,-0.284171,-0.192818,-0.157679,0.392423,0.290321,0.283395,0.074443,-0.013333,0.173203,0.204273,0.130623,0.064501,-0.062561,0.08671,-0.176126,-0.524252,-0.340105,0.607632,-0.350584,-0.265372,0.010172,0.138542,-0.138346,0.249318,0.09869,0.199604,0.210608,-0.01921,-0.206984,0.128526,-0.01362,0.165748,-0.386052,-0.250131,0.418137,0.168819,-0.082851,-0.114396,0.094739,0.251393,-0.302093,-0.061061,-0.169748,-0.166254,-0.359641,0.049185,0.051019,0.428852,-0.120279,0.119593,0.099858,0.097231,0.249368,0.223885,0.230307,-0.143512,0.06157,0.04473,-0.198168,0.196154,-0.095921,0.20774,-0.073316,0.269313,0.02146,0.146292,-0.140181,-0.051031,-0.262446,-0.139638,0.092325,0.448571,0.262673,-0.232352,0.059713,0.423223,0.490824,0.009976,0.14943,0.022096,-0.066241,0.203921,-0.046258,0.300892,-0.166524,0.277477,0.160231,0.146792,0.38927,0.260271,0.212325,0.151376,-0.224078,0.213999,0.046697,0.061513,0.228471,0.225149,0.16497,-0.082852,0.171658,0.039463,0.249515,0.191175,-0.120755,0.36585,0.015238,0.14782,0.217161,-0.166524,0.044586,-0.142927,0.121435,0.052716,0.193593,0.184323,0.073686,0.017386,0.091323,0.158457,0.052671,0.378436,-0.025736,0.04473,0.138526,-0.025769,-0.061081,0.277477,0.127117,-0.020282,0.032863,0.118382,0.284131,0.195585,0.241335,-0.092379,0.077094,0.270579,-0.293004,0.153796,-0.358029,0.328833,0.32304,-0.033679,-0.182617,0.109042,0.069933,-0.33695,0.37963,-0.225245,-0.023075,-0.207138,-0.23858,-0.272248,-0.127427,-0.313578,-0.273265,-0.185626,-0.006816,-0.263088,-0.071014,0.151749,-0.372778,0.264249,-0.095098,0.098056,0.290508,0.051264,0.062771,-0.179558,0.33509,0.106486,0.020332,#
4,0.402137,0.190534,-0.031706,0.180283,1.0,0.100307,0.014285,-0.049612,0.075352,0.103678,0.16089,0.246973,-0.096364,0.102549,0.210785,0.268833,0.130878,-0.063657,0.259605,-0.318743,0.338563,-0.312836,0.306394,0.018446,0.105048,-0.111345,0.251687,-0.345985,0.2838,0.11157,-0.126705,0.224791,0.020473,-0.234397,0.036126,0.131979,-0.127572,-0.134928,0.108274,0.066477,0.28704,-0.294054,-0.135361,-0.078176,0.30595,-0.331045,-0.312447,0.135044,0.116876,-0.040684,0.264305,-0.241476,0.30595,-0.121147,-0.16742,0.028715,-0.251491,0.253438,-0.026521,-0.016373,-0.123761,0.394249,0.040363,0.213558,0.02676,0.098548,0.190654,-0.139021,0.083438,0.054217,-0.070028,0.256469,0.310513,-0.068212,0.043295,0.287528,-0.237128,-0.347813,-0.150882,-0.156612,-0.248156,-0.265613,-0.295144,0.518914,-0.257741,-0.23167,-0.043597,-0.598043,0.011227,-0.383248,-0.193469,-0.230868,0.023396,-0.168237,-0.370064,-0.236042,-0.45056,-0.378048,-0.383043,0.116336,0.332334,-0.136887,-0.156293,0.375517,-0.226309,-0.125422,0.051664,-0.283525,0.074867,0.279261,0.087767,0.222859,0.023055,-0.155445,-0.403228,-0.045991,0.09944,-0.066551,0.363634,-0.474512,-0.161757,-0.213399,-0.413705,-0.202771,0.325643,-0.396502,0.095348,0.054745,0.054064,-0.544953,-0.357803,-0.220731,-0.016262,-0.096693,-0.152852,-0.070507,-0.195807,-0.403284,-0.274329,-0.265838,-0.559945,-0.374319,-0.617652,-0.337591,-0.213098,-0.04529,-0.165742,0.270386,-0.350747,-0.335284,-0.042914,-0.140283,0.167401,-0.493467,0.016923,-0.34489,-0.209148,0.548741,-0.053623,-0.398715,0.043079,-0.403284,0.193547,-0.393347,-0.246709,-0.047997,-0.13629,0.156063,0.028627,-0.134207,0.216254,0.152001,-0.396088,-0.034757,0.356405,-0.236246,-0.281379,0.202337,0.183551,-0.04098,0.427672,-0.055541,-0.349765,0.223142,0.013415,0.241559,0.054305,0.030336,-0.004815,0.113252,-0.068214,0.122872,0.269818,0.375936,-0.638361,0.254295,0.000578,0.064022,0.406256,0.291645,#
5,0.430906,0.430931,-0.093054,-0.243175,0.100307,1.0,0.269034,-0.34392,0.682573,0.227063,0.397452,-0.141,0.158346,0.334383,0.070158,0.218586,-0.008261,0.084019,0.20951,-0.089784,0.005569,0.182491,0.457916,-0.242494,-0.159109,-0.645669,0.263384,-0.072742,0.074044,0.355666,-0.383404,0.099265,-0.157432,-0.184529,0.061118,-0.063782,0.238282,-0.322599,0.171926,-0.220622,0.028569,0.212813,0.196178,-0.058845,-0.241742,-0.320508,0.405281,-0.177377,0.323122,0.093972,0.238343,-0.060935,-0.057047,-0.163385,0.101249,0.444063,-0.550642,0.543172,-0.381691,0.274354,0.343521,0.128417,-0.251606,0.000453,0.110471,0.295595,-0.180694,0.388582,0.28147,-0.08487,0.050508,0.286504,0.054025,-0.324397,-0.533539,0.303164,-0.149475,-0.303879,-0.365872,-0.202454,-0.182233,-0.514956,0.097181,0.290075,-0.298082,-0.147079,-0.27765,-0.18165,-0.067331,-0.129465,-0.193974,-0.293412,-0.283922,0.40014,-0.114136,0.013048,0.292822,-0.302385,-0.128169,-0.484295,0.343756,-0.199219,-0.196125,-0.141643,-0.113631,-0.565667,0.039861,-0.117925,-0.219532,0.047002,-0.032291,-0.180694,-0.209179,-0.084483,-0.295525,-0.663492,-0.145057,-0.393557,0.072202,-0.284833,-0.224386,-0.019947,-0.261932,-0.495672,-0.019872,0.04015,0.317672,0.219208,-0.425479,-0.463392,-0.401671,0.0305,-0.48652,-0.351829,-0.38683,-0.501148,-0.180694,-0.334271,0.324444,-0.516022,-0.335423,-0.182523,-0.369416,-0.451786,-0.253197,-0.542233,-0.385438,0.52357,-0.39407,0.050026,-0.090118,-0.389917,0.222892,-0.442394,-0.215323,-0.286826,0.189192,0.175083,-0.321796,-0.299062,-0.341464,-0.331233,0.116436,0.010072,0.018782,0.168907,-0.088182,-0.285188,-0.56944,-0.56391,-0.009304,0.136241,0.187521,-0.289115,0.434616,-0.460378,-0.442394,0.413574,0.239133,0.159581,0.495923,0.171765,-0.059641,0.319577,-0.025302,0.013072,0.150411,0.117567,-0.234374,0.518357,-0.488351,0.178421,0.040074,0.284596,-0.399622,0.139822,-0.074398,-0.356573,-0.168899,-0.167648,#
6,0.153494,0.40264,-0.168156,-0.136341,0.014285,0.269034,1.0,-0.597777,0.285228,0.399533,0.147695,0.274922,0.235219,0.250293,0.195341,0.125278,-0.068946,-0.005446,0.209625,-0.145284,0.230775,0.07694,0.165497,-0.420915,-0.215689,-0.610896,0.175628,-0.248816,0.309142,0.112146,-0.297636,-0.236565,-0.41855,-0.07114,-0.073017,-0.091654,0.31954,-0.120653,-0.049149,0.264154,-0.038191,0.352934,-0.183886,0.208702,-0.078803,-0.05507,0.079944,0.039122,0.101586,0.336797,0.033298,-0.483404,-0.094841,-0.469354,-0.179108,0.26362,-0.233172,0.306709,-0.380385,0.314136,0.121098,0.374786,0.037185,0.101495,0.081877,0.129985,-0.195904,0.064266,0.114647,0.040988,0.293155,0.081602,0.031625,-0.048905,-0.441827,-0.030195,-0.218846,-0.345438,-0.294271,-0.121148,-0.060201,-0.425366,0.044843,0.053932,-0.018152,0.286088,-0.014503,-0.08018,-0.136744,-0.180658,-0.112114,-0.030402,0.019159,0.336335,0.290704,-0.03695,-0.198045,-0.355801,-0.026619,-0.211238,0.328012,-0.602879,-0.452365,-0.184006,-0.033257,-0.107453,-0.393155,-0.244835,-0.064414,-0.015684,-0.07254,-0.195904,-0.286348,-0.136434,-0.210369,-0.197108,-0.205245,-0.305434,-0.000396,-0.190237,-0.127518,-0.238101,-0.366779,-0.37125,-0.358109,0.297878,0.276883,0.220304,-0.148901,-0.193835,0.070309,0.215642,-0.069088,0.053239,-0.117804,-0.051456,-0.195904,-0.210078,0.036937,-0.223303,-0.048029,0.290001,-0.1134,-0.199749,-0.158109,-0.277331,0.096395,0.638026,-0.116375,0.183951,-0.021143,-0.295823,0.170666,0.035017,-0.119947,0.024117,0.095159,0.258169,-0.019845,-0.048861,-0.136274,-0.210078,0.053721,0.118983,0.111416,0.111994,-0.143091,-0.21889,-0.127523,-0.11566,0.074962,-0.024366,0.111416,-0.205152,0.188179,-0.209703,-0.076234,0.197207,0.17625,-0.087835,0.251456,0.121496,0.17118,0.211089,0.181995,0.185245,0.215975,0.019615,-0.339542,0.114642,-0.213467,0.283492,0.133896,0.223846,0.020975,0.238042,-0.191105,-0.183226,-0.086414,0.117691,#
7,0.053949,-0.349817,0.028451,0.370183,-0.049612,-0.34392,-0.597777,1.0,-0.211858,-0.227356,-0.215897,-0.279891,-0.013252,-0.251966,0.095046,-0.002447,-0.184574,-0.0135,-0.215289,0.204721,-0.365232,-0.178695,-0.170354,0.371554,0.616178,0.273981,-0.359142,0.054542,-0.416827,-0.187905,0.343512,0.312849,0.420512,0.078029,0.133431,0.301617,-0.124447,0.210286,0.282709,-0.104555,-0.02097,-0.234764,-0.022965,-0.065976,0.33867,-0.082745,-0.036798,0.358613,-0.047508,-0.708926,0.16495,0.272253,0.110046,0.290571,-0.059025,-0.377191,0.003687,-0.226974,0.158402,-0.414525,-0.364894,-0.277517,-0.292888,-0.259555,-0.381534,0.001947,0.332182,-0.02577,-0.171296,0.141662,-0.254331,-0.237392,0.121987,0.069837,0.435709,-0.16577,0.222786,0.133026,0.252349,0.074528,0.073266,0.334193,-0.156628,-0.174379,0.103426,0.055277,0.003843,0.163115,0.170979,0.143713,0.176542,0.011362,-0.059821,-0.59768,-0.145236,-0.098535,0.11879,0.321374,0.207921,0.323085,-0.261237,0.167351,0.445089,0.271384,0.213785,0.183814,0.196213,0.193676,0.191874,-0.126125,0.182647,-0.12714,0.445089,0.021667,0.112517,0.417054,0.516795,0.127238,-0.034583,0.02923,0.163824,-0.005168,0.096073,0.430096,0.222618,-0.056392,-0.466386,0.108164,0.089681,0.484337,0.045463,-0.271741,0.010403,-0.016311,0.361308,0.250922,-0.12714,0.246291,0.200062,0.227479,0.055782,0.102828,0.263668,-0.022817,0.247235,0.278632,0.041783,-0.383053,0.041783,-0.048963,-0.10368,0.352696,-0.241734,0.112485,0.256196,0.32329,-0.021653,-0.379067,0.231853,0.038257,0.172064,0.430096,-0.171566,0.143856,0.218865,-0.282423,0.198695,0.05975,0.37018,0.365053,-0.114543,-0.05189,0.041323,-0.095053,-0.252027,0.203186,-0.102724,-0.521073,-0.352031,-0.209533,-0.377504,-0.124951,-0.2795,-0.281335,-0.275605,-0.411479,-0.283438,-0.286436,0.128475,-0.407437,0.31811,-0.391783,-0.144575,-0.20008,-0.089589,-0.089036,0.026814,0.184012,0.162678,-0.211317,#
8,0.189066,0.444354,0.077498,-0.091512,0.075352,0.682573,0.285228,-0.211858,1.0,0.235022,0.069951,0.04014,-0.071044,0.157601,-0.138895,0.19432,-0.362996,0.211761,0.197421,0.057516,0.01686,0.004981,0.3952,-0.269337,0.161302,-0.493817,0.039461,-0.310848,0.238259,0.368796,-0.238922,0.06149,-0.154109,-0.350192,0.054125,0.16728,0.398711,-0.518245,0.324993,-0.21508,0.198936,0.203215,-0.030919,-0.22552,-0.043311,-0.011574,0.339879,0.009936,0.264677,-0.066122,0.159268,-0.092902,0.136229,-0.023254,-0.053776,0.101531,-0.317287,0.357533,-0.447681,0.223466,0.345813,0.125907,0.028587,-0.229001,-0.113251,0.222337,0.212106,0.322634,0.208959,-0.057259,-0.213207,0.242342,0.058584,-0.162281,-0.54968,0.270185,-0.001466,-0.312436,-0.211976,-0.0462,-0.033407,-0.371807,-0.060143,0.299679,0.07461,-0.144758,-0.118641,-0.34528,0.083357,0.016123,-0.19963,-0.295533,-0.455808,0.251775,-0.117802,-0.158484,0.291094,-0.320049,0.018892,-0.173388,0.092991,-0.05102,-0.207586,0.227419,-0.122881,-0.258317,0.037183,-0.125021,0.124962,-0.099659,-0.040291,-0.180683,-0.220829,-0.246339,-0.145526,-0.351109,0.010073,-0.400921,0.252985,-0.466756,-0.075965,-0.19656,-0.085062,-0.178847,-0.048756,0.194445,0.157565,0.199193,-0.505284,-0.322622,-0.212851,-0.185167,-0.281441,-0.342538,-0.399283,-0.340548,-0.180683,-0.172298,0.235454,-0.52746,-0.346622,-0.186068,-0.22698,-0.21697,-0.346574,-0.581145,0.010655,0.539014,-0.205491,-0.122003,0.108469,-0.40224,0.053138,-0.439983,-0.058798,0.045133,0.160334,0.328406,-0.33052,-0.154467,-0.437656,-0.185396,-0.196492,0.174845,0.168585,-0.185012,-0.259121,-0.314983,-0.411968,-0.252978,0.061365,-0.075374,0.03611,-0.299068,0.256647,-0.30258,-0.442366,0.245773,0.392324,0.037917,0.315359,0.155886,-0.26694,0.135743,0.123364,0.2234,0.127938,0.11998,-0.270644,0.511019,-0.501351,0.327282,0.189599,0.271182,-0.417535,0.334892,-0.099374,-0.188541,-0.059048,-0.162099,#
9,0.270542,0.091809,0.260542,0.162923,0.103678,0.227063,0.399533,-0.227356,0.235022,1.0,0.177966,0.258292,0.290506,-0.010663,0.093717,0.427689,-0.014743,-0.042826,-0.006581,-0.297818,0.32341,0.02614,0.064315,-0.457295,0.003116,-0.322026,-0.105931,-0.191381,0.31201,0.058609,-0.208371,0.115753,-0.15919,-0.273595,0.00668,-0.134711,0.085366,-0.408471,0.194883,0.291696,-0.067094,-0.022159,-0.245096,-0.268071,0.144,-0.360009,0.037269,-0.259105,-0.064268,0.225054,0.207046,-0.134832,-0.182465,0.013654,0.046001,0.073201,-0.546527,0.275373,-0.490554,0.116038,0.153852,0.273743,-0.415405,0.189736,0.114755,-0.023574,-0.074509,0.043796,0.215795,0.100913,-0.018974,0.142526,-0.107545,-0.011141,-0.010435,0.101574,-0.379544,-0.120534,-0.486061,-0.221559,-0.273481,-0.207546,0.201213,0.344676,-0.114482,-0.176266,-0.046554,0.080133,-0.155908,-0.033642,0.15532,-0.315043,-0.034974,-0.098263,-0.09469,0.024604,-0.012334,-0.323189,-0.17636,-0.117283,0.21118,-0.411256,-0.220506,0.098769,-0.259769,-0.092886,-0.146611,0.213414,-0.227411,0.114376,-0.319705,-0.074509,-0.27233,-0.038692,-0.446442,-0.063741,-0.064592,-0.392756,0.035573,-0.004647,-0.411308,-0.002942,-0.075509,-0.062399,-0.451659,0.3111,-0.060973,-0.216693,-0.160637,-0.323335,-0.474334,-0.159252,0.194504,-0.000566,-0.356202,-0.273641,-0.074509,-0.273607,0.173282,-0.16395,-0.273594,0.140481,-0.350451,-0.401651,-0.394215,-0.189519,0.197641,0.456799,-0.161411,-0.249767,0.223704,-0.357783,-0.250084,-0.250252,-0.27233,-0.250177,0.085198,0.105173,-0.211359,-0.379442,-0.308812,-0.273607,0.338334,-0.067301,-0.125962,-0.260155,-0.297569,-0.154216,-0.089332,-0.090526,0.384247,-0.215553,0.163949,-0.116088,0.172172,-0.312921,-0.182422,0.427797,-0.037536,-0.241202,-0.067234,0.013016,0.183393,0.265555,0.161593,0.213792,0.262498,-0.220506,0.051106,0.35137,-0.409266,0.394108,0.338475,0.233129,-0.043949,0.271985,0.233692,-0.289911,-0.100881,0.090367,#
10,0.185912,0.07148,0.236239,0.062294,0.16089,0.397452,0.147695,-0.215897,0.069951,0.177966,1.0,0.196078,0.099421,0.031063,0.075767,0.252916,0.550998,-0.09438,-0.085777,-0.28327,0.27452,-0.002624,-0.019715,-0.120464,-0.204968,-0.214627,-0.117722,-0.102085,0.137644,0.173215,-0.215316,0.48062,-0.230843,-0.217821,0.514723,-0.06051,0.217585,-0.214766,0.034627,0.227879,-0.333968,0.048798,-0.26867,0.101086,-0.098611,-0.34264,-0.268369,-0.257093,0.11387,-0.011562,0.440935,-0.06531,-0.24596,-0.037508,0.558488,0.038288,-0.340025,0.215087,-0.338881,0.12737,0.082353,0.145807,-0.33742,-0.123575,0.243979,-0.15853,-0.179435,-0.109804,0.136888,-0.379377,0.232823,0.204524,0.057035,-0.31849,-0.203515,0.306533,-0.492311,0.009018,-0.557035,-0.517082,-0.338774,-0.198887,0.083367,0.346952,-0.672749,-0.159359,-0.429908,-0.155863,-0.500877,-0.434271,0.070392,-0.279891,0.091945,-0.049645,-0.076442,-0.140651,-0.282116,-0.339097,0.009163,-0.167317,0.318221,-0.053691,-0.23006,-0.324374,-0.283751,-0.251168,-0.198452,-0.164359,-0.389488,0.408161,-0.469674,-0.179435,-0.383839,-0.12181,-0.48244,-0.181637,-0.341638,-0.361664,-0.442599,0.072727,-0.567647,0.200319,-0.071024,-0.010094,-0.104838,-0.128668,0.179598,-0.196847,-0.231917,-0.5005,0.005174,-0.164134,-0.466173,-0.011114,-0.397295,-0.378494,-0.179435,-0.373765,-0.255841,-0.071338,-0.489512,0.042091,-0.249618,-0.291443,-0.44546,-0.316292,-0.173183,0.305574,-0.1896,-0.112916,-0.072694,-0.37535,-0.102668,-0.483777,-0.390005,-0.328619,0.247288,0.052041,-0.300308,-0.178138,-0.063202,-0.370715,0.172267,-0.183672,-0.434466,0.024488,-0.057818,-0.136084,-0.266058,-0.427675,0.369261,0.027221,-0.152412,-0.27245,0.335,-0.304025,-0.439313,0.625931,0.134825,0.228193,0.217918,0.204953,0.314846,0.211295,0.135352,-0.1163,0.042003,-0.048916,0.398138,0.192841,-0.49871,0.388584,0.194208,0.162599,-0.244809,-0.157813,0.105817,-0.53567,-0.151167,-0.198292,#
11,-0.018527,0.160558,0.343261,-0.088563,0.246973,-0.141,0.274922,-0.279891,0.04014,0.258292,0.196078,1.0,-0.241766,0.103519,0.117947,0.381942,-0.166536,-0.070902,0.039323,-0.467161,0.342809,-0.194719,0.018602,-0.43881,0.038524,-0.161918,0.179133,-0.33703,0.463519,0.196833,-0.051573,0.076589,-0.287117,-0.150964,0.06865,-0.042504,-0.263644,-0.083933,0.109244,0.422066,0.129067,-0.168069,0.000413,-0.005385,0.239282,0.024741,-0.141434,-0.200995,-0.359931,0.152948,0.23687,-0.296234,0.084537,0.20031,-0.286192,-0.036204,-0.081271,-0.160429,-0.30827,0.122563,-0.171961,0.239385,0.03163,0.161129,0.127298,-0.293747,0.10795,0.257485,-0.001044,-0.139157,0.212639,0.413152,0.195285,0.107148,-0.118981,0.150539,-0.49646,-0.174035,-0.338874,-0.287232,-0.271816,-0.22037,0.114905,0.222965,0.031495,0.075701,-0.248849,-0.316189,-0.196163,-0.501152,0.041743,-0.078422,0.043568,-0.104096,-0.19619,-0.240554,-0.369796,-0.360626,-0.277312,0.154862,0.065145,0.135827,-0.138302,0.130406,-0.271728,-0.231781,-0.24493,-0.078663,-0.217362,0.181533,-0.47393,0.143933,-0.527947,0.273364,-0.191878,-0.111509,-0.216716,-0.198,0.037772,-0.215636,-0.431476,-0.176512,-0.133247,-0.122818,0.031437,-0.011194,-0.068979,-0.35473,-0.251383,-0.397733,0.102565,-0.227475,-0.083241,0.154546,-0.233071,-0.142382,0.143933,-0.123241,-0.160081,-0.033244,-0.431927,0.249615,-0.340525,-0.078804,-0.313363,-0.309023,0.344009,0.395962,-0.108928,-0.165411,0.280115,-0.416604,-0.165621,-0.173946,-0.342117,-0.216946,0.017286,0.385564,-0.047744,-0.111577,-0.125552,-0.145264,0.199323,-0.031385,-0.076907,-0.257562,-0.564384,-0.068615,0.0987,-0.255686,0.298072,-0.168174,-0.121905,-0.345344,0.26419,0.099826,-0.112125,0.184682,-0.022934,-0.189349,0.013619,0.115964,0.062984,0.100714,0.242173,0.19017,0.104019,-0.145581,0.047962,0.220001,-0.395151,0.239817,0.452254,0.354444,-0.177935,0.100359,-0.058381,-0.27983,0.044217,0.397553,#
12,0.232222,-0.259028,-0.337205,0.112656,-0.096364,0.158346,0.235219,-0.013252,-0.071044,0.290506,0.099421,-0.241766,1.0,0.098039,0.165372,0.158306,0.25039,-0.354093,0.146566,0.124472,0.091203,0.008832,0.054352,-0.266503,-0.17105,-0.253848,0.043673,0.153944,-0.133305,-0.135664,-0.154398,0.115891,-0.190277,0.063524,-0.181918,-0.297732,0.014439,0.032376,0.04753,-0.064317,-0.077937,0.32115,-0.167074,-0.101882,0.171174,-0.28602,0.177271,-0.197713,0.01284,-0.063892,0.085631,0.133798,-0.042623,-0.087665,0.120885,0.190417,-0.358439,-0.012732,-0.105254,0.1867,0.018286,0.213183,-0.230069,-0.03949,-0.10607,0.162493,-0.164677,0.005137,0.028341,-0.137099,0.34636,-0.075282,-0.237691,0.050635,-0.106797,-0.112231,0.096471,-0.121812,0.06999,-0.04761,-0.107645,-0.137915,0.169298,0.076908,-0.357976,-0.044237,-0.012235,0.096453,-0.101216,-0.048561,0.295466,-0.321224,0.002468,0.062496,0.307874,0.305055,0.064221,0.05365,-0.244987,-0.289554,-0.014333,-0.310727,0.073729,-0.10358,0.179892,-0.059165,0.051508,0.159422,-0.165356,-0.139321,0.302551,-0.164677,0.076995,-0.00805,-0.039446,-0.171792,0.225257,-0.1013,-0.021783,0.032563,0.02884,-0.309624,-0.521283,-0.169026,-0.303173,0.31701,-0.23871,0.085063,0.145091,0.056667,-0.2467,0.555841,0.055398,-0.139404,-0.0641,0.058121,-0.164677,-0.29945,-0.048803,0.129532,0.06227,0.236521,0.157951,-0.187878,-0.184174,0.142838,-0.028114,0.286958,-0.242587,-0.171493,-0.148232,-0.072007,0.001016,-0.056791,-0.283076,-0.099302,0.481701,-0.251229,-0.122378,0.094733,-0.026631,0.012679,0.12818,-0.122216,-0.036819,-0.051026,0.180748,-0.222769,0.103993,-0.052244,0.228048,0.250836,0.321618,0.231572,0.256242,-0.188185,0.026344,0.041214,0.155337,0.0659,0.142666,-0.05515,0.267585,-0.002055,0.016535,0.044832,0.128883,0.24764,0.158024,-0.115059,0.047801,-0.065074,-0.198981,0.185912,0.05094,0.229645,0.024709,0.147988,-0.137522,0.258938,#
13,0.239286,0.350758,-0.038877,-0.289414,0.102549,0.334383,0.250293,-0.251966,0.157601,-0.010663,0.031063,0.103519,0.098039,1.0,0.371763,0.36015,0.095415,-0.010538,0.116742,-0.284013,-0.169355,0.271364,0.17846,-0.343681,-0.222728,-0.259533,0.18333,-0.08936,0.103602,0.093821,-0.53612,-0.028773,-0.326724,-0.05259,-0.261913,-0.276484,-0.106094,0.14548,0.302947,-0.129709,0.001154,0.19742,0.141781,0.13846,-0.166752,-0.280907,0.306414,0.001223,0.013632,0.204984,-0.077507,-0.117881,0.240423,-0.282951,-0.238215,0.319908,-0.147101,0.457232,0.19864,0.472955,0.248262,0.226189,-0.015906,-0.074804,-0.118369,0.209186,-0.152925,0.286048,0.402383,-0.040404,0.315537,0.033445,-0.220728,0.139918,0.028721,0.218347,-0.136784,-0.320234,-0.48276,0.036435,-0.049733,-0.33836,-0.115766,0.308077,0.21366,0.207335,-0.020259,-0.167294,-0.199828,-0.147762,-0.007492,-0.214433,-0.179484,0.430033,-0.109856,-0.044534,0.410029,-0.151842,0.057057,-0.346887,0.287597,-0.183046,-0.142573,0.148228,0.322027,-0.261216,-0.001355,-0.017892,0.086113,0.04407,-0.087917,0.281141,-0.15648,0.227083,0.085571,-0.203085,-0.33164,0.195847,0.167569,-0.195012,-0.021246,-0.282251,-0.162276,-0.211016,-0.081775,0.07517,-0.049704,0.148818,-0.269198,-0.315415,-0.258831,0.104353,-0.349868,-0.372797,-0.104301,-0.20878,-0.152925,-0.0271,0.160743,-0.153767,-0.205355,0.178895,-0.205851,-0.204165,0.053464,-0.378659,-0.062771,0.276021,-0.25458,0.183627,-0.192831,-0.297297,0.180563,-0.145948,-0.142176,0.019263,0.391783,0.101363,0.082981,-0.119782,-0.154307,-0.377641,0.469728,0.347086,0.038399,0.314444,-0.119983,-0.256183,-0.281558,-0.267224,-0.189194,-0.055723,0.021697,0.023553,0.110241,-0.21934,0.039908,-0.105023,0.216266,0.184203,0.671305,-0.384259,0.052085,0.386093,-0.021529,-0.292674,0.560549,0.016354,-0.384432,0.278244,-0.182588,0.00725,0.062036,0.197834,-0.004967,-0.041415,-0.357032,-0.169406,-0.257439,-0.069848,#
14,0.378869,0.32926,-0.245104,0.097951,0.210785,0.070158,0.195341,0.095046,-0.138895,0.093717,0.075767,0.117947,0.165372,0.371763,1.0,0.253714,0.062749,-0.218218,0.129634,-0.101015,-0.105322,0.124595,0.210045,-0.31004,0.149303,-0.15113,0.270556,0.040652,-0.114925,0.254866,-0.282356,0.045769,-0.244784,-0.057916,-0.16057,-0.207144,-0.257033,0.168067,0.159119,0.217414,-0.126479,-0.162327,-0.124248,0.036694,0.191506,-0.612445,0.15706,0.116517,-0.081318,-0.141892,-0.001505,-0.036888,-0.053976,-0.371339,-0.308842,0.405695,-0.310885,-0.05393,0.137806,0.283532,-0.379428,0.634236,-0.175023,0.125467,-0.152888,0.093606,-0.114572,0.111719,0.286594,-0.144405,0.268934,0.019526,-0.165371,0.140991,0.201589,0.166724,-0.240447,-0.121617,-0.37258,0.202039,-0.037821,-0.456799,-0.280189,0.09438,-0.148983,0.142892,-0.409016,-0.071118,0.099655,-0.119655,0.158149,-0.241121,-0.024377,0.191068,-0.205203,-0.228914,0.071581,-0.107222,-0.217672,-0.152197,0.161933,-0.289732,0.400444,0.102838,0.160212,-0.255203,0.175865,-0.416037,0.061369,-0.048262,-0.001697,-0.114572,-0.194552,0.28474,-0.312605,-0.213074,0.246767,0.113531,0.008625,-0.318463,-0.262277,-0.156134,-0.366562,-0.238545,0.218973,0.050092,-0.247896,0.29935,-0.006657,-0.119655,-0.216722,-0.244879,-0.023388,-0.124023,-0.083846,-0.229758,-0.114572,-0.211755,-0.183168,-0.044116,-0.214389,0.091206,0.019165,-0.319871,-0.12109,-0.055612,0.007542,0.287276,0.007542,0.205049,-0.170617,-0.089108,-0.204784,-0.171835,-0.1783,0.201078,0.055727,-0.00131,-0.040668,-0.035205,-0.198885,-0.029577,0.283365,0.236612,0.143208,0.15901,-0.098166,-0.184219,-0.090781,-0.458022,0.030822,0.034777,-0.058639,-0.11894,0.018922,-0.039108,-0.280508,-0.09983,-0.101903,-0.175929,0.243458,-0.433075,0.074161,0.199311,-0.00576,-0.262256,0.40008,-0.005851,-0.292832,-0.167968,0.071581,0.050963,-0.037034,0.07206,-0.056148,-0.053854,-0.044618,0.037748,-0.12363,0.069437,#
15,0.171699,-0.117195,-0.054268,-0.074617,0.268833,0.218586,0.125278,-0.002447,0.19432,0.427689,0.252916,0.381942,0.158306,0.36015,0.253714,1.0,0.164069,-0.275317,0.03265,-0.412607,0.126751,-0.300514,0.121578,-0.485774,-0.178732,-0.201113,0.0522,-0.317234,0.389906,0.32847,-0.371141,0.459783,-0.385957,-0.335699,0.183638,-0.102648,-0.148188,-0.008329,0.671435,0.288914,-0.14083,-0.156813,-0.259382,-0.148488,0.151702,-0.164372,0.040787,-0.025064,-0.219873,-0.043749,0.451657,-0.06125,-0.040976,0.183695,-0.074502,0.20318,-0.2819,0.241258,-0.150497,0.127783,-0.154959,0.157908,-0.411617,0.001359,0.055817,-0.097292,0.206456,0.24639,0.477049,-0.283922,-0.010569,0.302895,-0.260744,0.159766,-0.193599,0.270002,-0.306392,-0.303439,-0.378408,-0.202787,-0.338403,-0.202911,0.261309,0.485068,-0.087528,0.026271,-0.270585,-0.18124,-0.387997,-0.144824,0.057418,-0.448708,-0.267609,-0.058909,-0.276295,0.003619,0.110049,-0.311515,-0.267956,-0.144682,0.345916,-0.199537,-0.202985,0.0632,-0.113995,-0.399368,-0.195532,0.266801,-0.383983,0.239789,-0.508177,0.238715,-0.193005,-0.078467,-0.448065,-0.33287,0.001348,-0.080647,-0.09341,-0.331141,-0.532452,-0.019538,-0.244012,-0.008049,-0.115043,0.049432,-0.136657,-0.054708,-0.238576,-0.484898,-0.386094,-0.188004,-0.255604,-0.232052,-0.36588,-0.17618,-0.180649,-0.340642,0.063433,-0.072819,-0.663332,0.228788,-0.235833,-0.278373,-0.235175,-0.264073,0.023437,0.372563,-0.382617,-0.28831,0.127657,-0.552379,-0.267977,-0.606738,-0.358833,-0.283987,0.038053,0.270462,-0.296333,-0.454504,-0.565227,-0.353551,0.294363,-0.138388,-0.143687,-0.304382,-0.55967,-0.079408,0.08421,-0.230934,0.291779,-0.033647,-0.124616,-0.100129,0.27795,-0.11014,-0.243938,0.26281,0.078704,0.199307,0.350095,-0.162113,0.121962,0.495036,-0.027712,0.038126,0.488255,-0.199147,0.087946,0.351718,-0.287945,0.188747,0.370987,0.395867,-0.101988,0.174357,0.096677,-0.356895,-0.028067,-0.007064,#
16,0.014568,-0.349958,-0.141132,0.047494,0.130878,-0.008261,-0.068946,-0.184574,-0.362996,-0.014743,0.550998,-0.166536,0.25039,0.095415,0.062749,0.164069,1.0,-0.309249,-0.174386,-0.125205,-0.018607,0.003409,-0.331278,-0.043264,-0.46716,0.295847,-0.053131,0.111275,-0.017521,-0.00032,-0.138254,0.197701,-0.271745,-0.077573,0.266504,-0.229959,0.060112,0.178256,0.07726,-0.042326,-0.548697,0.009727,-0.332103,0.079781,-0.090238,-0.136353,-0.180213,-0.346264,0.21133,0.166417,0.09834,0.062662,-0.311478,-0.151972,0.487038,-0.069328,0.038961,0.105069,0.265997,-0.02974,-0.064913,0.057062,-0.040428,0.103478,0.176015,-0.330718,-0.127192,-0.370243,0.107674,-0.446925,0.271003,0.071437,-0.183585,-0.093618,0.11732,0.189665,-0.268327,0.188751,-0.2563,-0.070158,-0.270101,0.231181,0.046517,0.19158,-0.46582,-0.123753,-0.10638,0.187009,-0.314457,-0.174413,0.242935,-0.106316,0.369881,0.125757,0.084684,0.081487,-0.273594,-0.205912,0.08706,-0.170364,0.322119,-0.137048,-0.102349,-0.350044,-0.126362,0.060917,-0.01668,0.13456,-0.176883,0.235599,-0.255503,-0.127192,-0.080785,-0.132925,-0.196149,0.115919,-0.217937,0.206826,-0.249326,0.267819,-0.321506,0.431847,-0.02352,0.304373,-0.14642,-0.013945,-0.080594,0.072432,0.127011,-0.174413,0.130631,0.228375,-0.137574,0.208988,-0.198909,-0.09122,-0.127192,-0.086777,-0.436872,0.286551,-0.080859,0.00033,0.125824,0.008588,-0.245094,0.070123,-0.1072,-0.204652,0.126765,-0.016788,-0.257241,0.012991,-0.016809,-0.227869,-0.243528,-0.223437,0.186095,-0.215268,-0.184252,0.077,0.023342,-0.271487,0.390687,-0.180959,-0.45889,0.108827,0.236708,0.07419,-0.146909,-0.131597,0.346636,-0.027296,-0.091563,0.360345,0.15142,-0.135176,-0.080248,0.438531,0.266332,0.384724,0.191548,-0.051749,0.384264,0.127817,0.019741,0.024642,0.123978,0.137697,0.333618,-0.154684,-0.068585,0.201256,-0.086031,-0.138947,0.095045,-0.293842,0.076328,-0.143591,-0.266537,-0.005873,#
17,-0.000295,0.392451,0.448716,0.356516,-0.063657,0.084019,-0.005446,-0.0135,0.211761,-0.042826,-0.09438,-0.070902,-0.354093,-0.010538,-0.218218,-0.275317,-0.309249,1.0,-0.464212,0.174876,0.127354,-0.021652,0.027722,0.197747,0.292054,0.027746,-0.366131,0.029961,0.13492,0.058343,0.058083,-0.108169,0.310225,0.168996,-0.14713,0.203639,0.181906,-0.037271,-0.061203,-0.065405,0.272569,-0.054928,-0.061568,0.016421,0.076961,0.105887,-0.08972,-0.131538,-0.027318,0.048418,0.099366,-0.108602,0.119514,-0.055249,-0.182913,0.14036,0.189788,0.344688,0.07261,-0.043151,0.259847,-0.049661,0.404318,-0.11258,-0.005666,0.009941,0.043425,0.091576,-0.155696,0.036215,-0.169523,-0.265472,0.209582,-0.20709,0.001026,-0.241266,0.170831,0.302298,-0.003219,0.35692,0.493589,0.239023,0.067978,-0.083307,0.392629,-0.150036,0.439303,-0.051933,0.231556,0.060492,-0.254136,0.074657,-0.057589,-0.020518,-0.119899,-0.221676,-0.017085,0.25574,0.522144,0.230434,0.050317,0.230013,0.193549,0.329356,0.064802,0.192568,-0.308621,-0.175504,0.190782,0.055293,0.160471,0.145203,0.193549,0.414311,0.290801,0.128905,0.065242,0.109415,-0.102337,0.014089,0.409897,0.06509,0.184553,-0.057354,0.4203,0.120624,0.541073,0.243803,-0.336356,0.247794,0.07265,-0.135953,-0.132868,-0.074136,0.141496,0.126926,-0.295833,0.119133,0.398752,-0.306497,0.172069,-0.025115,0.132902,0.04957,0.193905,-0.32143,-0.155568,-0.122753,0.27959,0.10752,0.021002,-0.052075,0.100121,0.114515,0.361487,0.053513,-0.078373,0.062918,0.155834,0.172768,0.137543,0.323971,-0.236447,0.256521,0.35423,-0.012361,0.041876,-0.178432,0.065187,0.357828,-0.242998,-0.353386,0.032182,0.01401,-0.192985,0.261748,-0.077737,0.045789,-0.153919,-0.314249,-0.093721,0.126374,-0.137006,-0.315269,-0.212551,-0.177064,-0.310168,0.02117,-0.051709,0.232799,0.018547,0.096079,0.349879,0.022014,0.242171,-0.011429,-0.075968,0.086695,0.083894,-0.324209,#
18,0.257652,0.155324,-0.409342,-0.445813,0.259605,0.20951,0.209625,-0.215289,0.197421,-0.006581,-0.085777,0.039323,0.146566,0.116742,0.129634,0.03265,-0.174386,-0.464212,1.0,-0.07867,0.215282,0.023629,0.340829,0.087657,-0.108995,-0.430923,0.524827,0.16706,-0.131812,0.209349,-0.237879,-0.231505,-0.233268,0.039351,-0.213166,-0.27906,-0.026296,-0.397338,-0.08317,-0.092236,0.008817,0.041128,0.077751,0.018436,-0.174327,-0.097796,0.15535,0.158663,-0.195438,0.036854,-0.017322,0.180655,0.278959,-0.182436,-0.067932,0.177348,-0.288062,-0.177899,-0.216845,0.397249,-0.137739,0.225999,-0.15156,-0.182509,-0.165421,0.198803,-0.324344,0.162408,-0.039479,0.23331,0.292242,0.347981,0.166835,0.468674,-0.273213,0.257298,-0.092395,-0.540217,0.065224,-0.171163,-0.32497,-0.400905,-0.252056,0.329862,-0.17956,-0.068142,-0.268361,-0.238809,-0.082765,-0.16247,-0.267523,-0.252594,-0.003695,0.07237,0.067482,0.092664,-0.110848,-0.358152,-0.622719,-0.037497,0.015609,-0.027098,-0.344889,0.101397,-0.052117,-0.40243,0.061878,-0.022716,-0.042495,0.080202,0.055092,0.148512,-0.153997,-0.287837,-0.366128,-0.458192,0.123873,-0.220692,0.216066,-0.24862,-0.253654,-0.389412,-0.329845,-0.425488,-0.186115,-0.380228,0.069383,-0.110189,-0.026378,-0.400811,-0.330611,-0.004703,-0.096654,-0.016887,-0.225398,-0.13428,0.166025,-0.45352,-0.185914,-0.311067,-0.136006,-0.223388,-0.503406,-0.266962,-0.200288,-0.086583,-0.120056,0.38513,-0.350365,0.005732,0.235245,-0.223158,0.222712,-0.178899,-0.304876,-0.154193,-0.155156,0.253307,-0.04012,-0.297288,-0.226612,-0.348397,-0.027083,-0.014986,-0.139959,0.143292,0.097009,0.166074,-0.097883,-0.265867,0.078459,0.317636,-0.130004,-0.345457,0.391865,-0.491125,0.096104,-0.014592,0.363276,0.038976,0.412444,0.062044,0.079848,0.315665,0.066442,0.46548,0.296837,0.26113,-0.291363,0.212507,-0.196531,0.030455,-0.256567,0.144163,-0.315369,0.437842,0.145962,0.015189,0.353053,0.347814,#
19,-0.301069,-0.09589,-0.329245,0.16986,-0.318743,-0.089784,-0.145284,0.204721,0.057516,-0.297818,-0.28327,-0.467161,0.124472,-0.284013,-0.101015,-0.412607,-0.125205,0.174876,-0.07867,1.0,-0.177817,0.024841,-0.205897,0.547338,0.214994,0.168272,-0.029268,0.025177,-0.509554,-0.138603,0.375585,-0.127508,0.098032,0.586768,-0.321461,-0.060221,0.410274,0.216133,-0.108189,-0.260649,0.12942,0.021395,0.108907,-0.123664,-0.001658,0.162802,0.268426,0.08239,-0.061385,-0.323953,-0.213398,0.357118,-0.017281,-0.224531,-0.178936,-0.005214,0.346284,-0.313319,0.297455,-0.21621,0.005978,-0.092292,0.380515,-0.093512,-0.159807,-0.104582,0.249815,-0.134998,-0.274922,0.141603,-0.068399,-0.444547,-0.240385,-0.101551,0.095538,-0.119554,0.788951,0.262828,0.461928,0.445973,0.398927,0.402768,0.173424,-0.452506,0.245838,0.283645,0.214392,0.076931,0.382062,0.422628,0.049132,0.375075,0.324052,0.027434,-0.022615,0.259102,0.250882,0.266875,0.277635,0.403001,-0.282108,0.382846,0.272646,0.094514,0.384321,0.3303,0.038781,-0.044702,0.385712,-0.364493,0.367333,-0.166543,0.619837,0.173816,0.332826,0.060749,0.430829,0.230899,0.133904,-0.029992,0.560328,0.033746,0.235511,0.231675,0.049999,0.490775,0.237625,0.2827,0.29973,0.59945,0.196861,0.346896,0.273595,-0.092401,0.333054,0.253839,-0.166543,0.065062,0.106751,0.12763,0.247414,-0.161612,0.532599,0.441617,0.402451,0.316473,-0.019751,-0.352433,0.391059,0.325479,-0.148318,0.500971,0.151208,0.14714,0.434618,0.642556,0.161036,-0.271696,0.133022,0.453784,0.027791,0.575078,-0.256553,0.240536,0.282693,0.05859,0.341784,0.257931,0.002308,0.335557,-0.340481,0.30419,0.304903,0.089928,-0.450047,0.195163,0.025306,-0.326839,-0.170325,0.149441,-0.235819,0.074513,-0.107634,-0.414605,-0.143807,0.207409,-0.251097,0.451387,-0.166886,-0.331517,0.45782,-0.402194,-0.360374,-0.199492,0.159483,-0.267626,-0.154453,0.546067,-0.189632,-0.322335,#
20,0.211162,0.264751,0.071732,-0.07074,0.338563,0.005569,0.230775,-0.365232,0.01686,0.32341,0.27452,0.342809,0.091203,-0.169355,-0.105322,0.126751,-0.018607,0.127354,0.215282,-0.177817,1.0,0.013492,-0.057908,-0.047049,-0.118793,-0.13506,0.027264,0.193489,0.557523,0.355578,-0.323614,0.029164,0.100005,-0.118211,0.134466,-0.046316,-0.211358,-0.506624,-0.217674,0.388065,0.292189,-0.19559,-0.121754,0.159198,0.186434,-0.003203,-0.522609,-0.232582,-0.471773,0.114302,0.159069,-0.03886,-0.217499,-0.135367,0.204502,0.138127,-0.199959,-0.044954,-0.348284,0.251173,0.120777,0.21489,0.099862,-0.014945,0.303763,-0.155625,-0.178382,-0.308164,-0.160997,-0.059793,-0.000171,0.333275,0.073273,-0.005693,-0.316449,-0.013359,-0.214108,0.059342,-0.104534,-0.271788,-0.28951,-0.153877,0.076178,0.281341,-0.243277,-0.300251,0.107663,-0.539527,-0.27815,-0.297122,-0.182947,-0.245996,-0.073874,-0.208334,-0.138392,-0.160621,-0.458488,-0.257458,-0.47994,0.065673,0.192451,0.020085,-0.275558,-0.090835,-0.214413,0.129242,-0.339426,-0.242899,-0.346284,0.359754,-0.198435,0.262285,-0.296113,-0.020328,-0.54564,-0.1603,0.091457,-0.263993,-0.214686,-0.101495,-0.288243,-0.195271,-0.290171,-0.157138,0.024236,-0.283994,0.339734,-0.391658,-0.206571,-0.430481,-0.357924,-0.142482,-0.078701,0.178253,-0.492469,0.05112,-0.178382,-0.485753,-0.214159,-0.470396,-0.470667,-0.349094,-0.334399,-0.228426,-0.395977,-0.227303,0.022019,0.325416,-0.138803,-0.480659,0.309328,-0.468696,-0.239834,-0.236301,-0.317088,-0.422688,-0.06951,0.365587,-0.248261,-0.403341,-0.241164,-0.29904,-0.200921,-0.312617,-0.434797,-0.269077,-0.344055,0.253406,0.119791,-0.051224,0.316868,0.248628,-0.271279,0.00164,0.461613,-0.399853,-0.007631,0.554622,0.3082,-0.175207,0.233027,0.161935,0.291646,0.146253,0.42941,0.170398,-0.030362,0.259298,0.240197,0.514568,-0.390997,0.478587,0.511469,0.123664,-0.037177,0.179713,0.488508,-0.029369,0.417682,0.206103,#
