0,1.0,-0.195435,0.048206,-0.021887,-0.065608,0.135434,-0.056752,0.01598,-0.423025,-0.000947,0.122535,-0.017354,0.281639,0.240428,0.040125,0.160681,-0.056523,-0.34155,0.218191,-0.224244,0.435914,0.098249,-0.062278,-0.24958,-0.153035,-0.455047,0.044103,-0.198231,0.310516,0.155018,0.337051,0.128137,0.183162,-0.116944,0.010454,0.149544,0.362966,-0.304984,-0.198542,-0.223062,0.189386,0.420732,0.20967,0.130664,-0.387906,-0.098395,-0.123755,0.032252,-0.196141,-0.183258,-0.245032,-0.038749,0.281765,0.143616,0.480743,-0.064588,-0.24906,-0.021981,-0.226567,0.296381,0.434242,0.308512,0.027808,0.09484,-0.123401,-0.154298,-0.299232,0.490972,-0.312794,-0.230201,-0.052964,-0.141817,-0.442412,-0.140844,-0.427616,0.308172,-0.103741,0.016263,-0.477403,-0.111453,-0.018229,-0.458529,0.041251,-0.066615,-0.265246,-0.088541,-0.228629,-0.060108,-0.219007,-0.223488,-0.39379,-0.407082,-0.005364,-0.18588,-0.134249,-0.337531,-0.415626,0.019523,-0.215815,0.232104,0.196517,-0.116218,-0.247719,-0.221773,0.053062,-0.183245,-0.023057,0.142085,-0.299362,0.063294,0.116735,0.227927,-0.3979,-0.059821,0.128486,0.038932,-0.343038,-0.418726,-0.317035,-0.022525,-0.381557,0.06123,-0.003232,-0.307678,-0.006534,-0.36818,-0.390405,0.128413,-0.334854,0.245681,0.199395,-0.435783,-0.126544,0.084613,-0.352636,-0.0522,-0.237324,0.084669,0.427468,-0.335495,-0.238856,0.181063,-0.015315,0.156707,-0.227197,-0.015814,-0.165413,0.045457,-0.447657,-0.360719,-0.162472,-0.347518,-0.160336,-0.396446,0.194806,-0.128551,0.011079,0.105457,-0.254138,-0.212965,0.301617,-0.398056,0.066691,-0.136857,-0.194906,-0.266487,-0.398294,-0.024617,-0.066525,-0.317701,0.173823,0.173864,-0.50841,0.062557,-0.216067,-0.052271,-0.128256,0.09444,-0.032971,0.130726,0.043654,-0.167602,0.161586,0.496063,0.277497,0.160158,0.164917,0.019286,-0.000915,0.231037,-0.018679,0.105654,0.354183,-0.188441,-0.143303,0.156267,-0.057307,-0.321534,-0.133523,0.205517,#
1,-0.195435,1.0,0.465818,-0.143695,-0.201651,0.079017,0.149515,0.21265,0.028772,0.480783,-0.374457,0.156222,0.073082,0.353533,0.284366,0.207065,-0.474806,0.437467,-0.021452,0.289976,0.086946,0.195889,0.363449,0.112594,0.241182,-0.168582,0.102624,0.023966,-0.251427,0.31184,-0.071486,0.176002,0.203314,0.01507,-0.447277,0.230977,0.141699,0.099054,-0.00806,0.094722,0.078348,0.338824,-0.267088,-0.134341,0.455494,-0.494451,0.254714,-0.102462,0.106519,0.224723,0.140621,-0.175723,0.130724,-0.260166,-0.300793,-0.224861,-0.313318,-0.507034,-0.24243,-0.289371,0.06699,0.009655,-0.379292,-0.266598,0.418509,0.070065,0.106113,-0.045521,-0.028017,0.04673,0.198458,0.16768,0.232898,-0.044582,0.028537,-0.223566,-0.366135,-0.342662,0.125764,0.201258,0.240711,-0.228831,-0.12305,0.256185,-0.151541,-0.34975,-0.341335,-0.28196,0.134964,-0.000781,0.106684,-0.187995,-0.201873,0.083163,-0.148426,0.125121,0.245794,0.353069,0.457614,-0.153471,-0.182323,0.145818,-0.223205,-0.169344,-0.12953,-0.019589,-0.440995,0.164175,-0.199956,-0.205613,0.368597,0.352869,-0.208122,0.165211,0.059825,-0.165723,-0.177664,-0.166767,0.479025,-0.367872,-0.201938,-0.367347,-0.495179,0.016569,-0.396866,-0.015551,0.32543,0.379264,-0.18103,0.122874,0.289295,0.307335,-0.100723,-0.36275,-0.128075,-0.41916,0.216047,0.142273,0.009876,-0.043355,0.019611,-0.258481,-0.215616,-0.377341,0.024903,0.235221,-0.060734,0.100943,0.107515,0.131296,-0.330793,-0.21868,0.153952,0.101618,0.02715,0.054803,0.300362,0.110282,-0.067182,-0.087115,0.191396,-0.002359,0.034597,0.524663,0.217306,0.101376,0.010976,-0.09434,-0.199956,-0.163684,-0.341393,-0.14768,-0.066781,-0.144891,-0.147888,-0.063687,-0.01877,0.231884,0.289731,-0.48754,0.376147,0.016062,-0.771233,-0.344984,0.126806,0.07256,0.427882,0.010231,-0.385376,0.394062,0.17997,-0.265714,0.000877,0.664182,-0.28486,-0.213715,-0.062567,0.268717,0.724847,-0.17838,#
2,0.048206,0.465818,1.0,0.22792,-0.0041,-0.054697,0.20177,0.069383,0.17448,0.151925,-0.20171,-0.033874,-0.239408,0.025433,-0.063879,-0.077539,-0.470468,0.398536,-0.141888,0.186042,0.180838,0.336417,0.027499,0.01148,0.553989,-0.033123,0.489537,0.04033,0.022433,-0.032898,0.01441,0.043154,-0.15266,-0.13163,-0.151387,0.016486,0.015405,-0.007917,0.284407,-0.243064,0.350186,0.062453,-0.096656,-0.099036,0.211593,-0.281002,-0.132019,0.399742,-0.034624,-0.061626,-0.12506,-0.239139,0.386586,-0.077371,-0.309399,-0.075814,-0.166268,-0.455357,-0.317295,0.157838,-0.01981,-0.163163,-0.194795,-0.313139,0.16598,0.001225,0.251262,0.113031,0.096708,0.35391,0.129468,0.315589,0.279892,0.261714,0.158989,-0.165854,-0.171461,-0.401202,0.049731,0.151809,0.221502,-0.049026,-0.029456,0.240287,-0.16503,0.013537,0.002146,-0.167133,0.269664,-0.076189,0.171802,0.008198,0.288501,0.074936,0.16273,0.245544,0.428401,0.485177,0.319096,0.182626,-0.084882,0.42018,0.026243,-0.061357,-0.035186,0.297808,0.091239,0.26204,-0.579981,-0.146306,0.529873,0.028603,0.059418,0.084637,0.437226,0.134539,-0.342422,0.030176,0.309784,0.039854,0.097236,-0.01268,-0.060116,0.117112,0.021319,0.089858,0.104322,-0.002487,-0.198311,0.381646,0.602536,0.059267,0.275719,-0.007943,0.077982,0.081829,-0.228759,0.241805,0.386671,0.123466,-0.077729,-0.214987,0.070066,-0.17299,-0.12388,-0.091688,-0.27405,0.047174,0.293598,0.24931,-0.038799,-0.025543,0.248927,0.026054,0.079231,0.18425,0.180326,0.134935,0.043326,0.208788,0.362613,0.084161,-0.105484,0.391105,0.121716,-0.296135,0.066842,0.058363,-0.144298,0.134225,-0.189845,-0.257351,0.014002,0.152639,-0.286059,0.365995,0.139156,0.06566,0.11247,-0.137028,0.142042,-0.063555,-0.450188,-0.143764,-0.176962,0.424991,0.206651,0.102384,-0.094569,0.012622,0.103404,-0.440291,-0.126224,0.496577,-0.507504,0.115666,-0.191671,0.118801,0.388657,-0.191964,#
3,-0.021887,-0.143695,0.22792,1.0,0.061299,-0.292305,-0.210508,-0.341874,0.074384,-0.288809,0.07604,-0.003453,-0.28875,-0.236147,-0.311975,-0.394068,0.127542,-0.042681,-0.234223,0.09641,-0.080584,0.109449,-0.238493,0.253735,0.205194,0.385461,0.445827,0.24363,-0.035945,-0.42449,0.090062,0.272296,0.078481,-0.090192,0.28269,0.038458,-0.158174,-0.167649,-0.021669,-0.002291,-0.034866,-0.173977,-0.0617,0.109731,-0.059551,0.33834,-0.101792,0.134455,-0.067575,-0.121361,-0.410963,0.190329,0.010674,-0.006147,-0.285667,-0.032833,0.41261,0.136709,0.325697,0.32163,-0.227667,-0.095324,0.150406,-0.331214,-0.018363,-0.313826,0.140832,0.049228,0.103486,-0.102346,-0.163343,-0.055849,0.090261,0.188772,-0.094126,-0.128312,0.086903,0.0418,-0.125918,-0.231731,0.013059,0.542136,0.196542,-0.145579,0.228035,0.255038,0.422677,-0.017917,0.0308,-0.373044,0.215471,0.279663,0.317869,-0.145803,0.329789,0.36945,0.371105,0.385024,-0.333272,0.220622,0.013737,0.265351,0.655153,-0.042217,0.533854,0.192831,0.146351,0.153825,-0.076787,-0.027811,-0.088002,-0.321866,0.13914,0.152605,0.261705,0.046469,-0.104505,-0.056504,-0.24645,0.495787,0.146306,0.268245,0.505079,0.147031,0.269895,0.123405,0.016599,-0.244103,0.461278,0.421008,0.040708,-0.012334,0.092087,0.071678,0.330732,0.29985,0.076854,0.103852,0.035228,0.519672,0.15765,0.020406,0.138121,0.023558,0.229775,0.063697,0.10413,-0.175314,0.246666,0.115645,0.127888,0.283989,0.192701,0.460098,0.069118,0.270579,-0.058278,-0.227824,0.23146,0.207985,-0.16065,0.33294,-0.056203,0.206821,-0.341554,-0.224373,0.336389,0.194397,0.121206,0.385563,-0.187448,-0.134972,0.282807,0.312124,-0.349015,0.481448,0.242089,-0.030602,-0.457304,0.288176,-0.310192,-0.093365,0.147354,-0.030499,-0.20637,0.298055,-0.108266,0.234156,0.401823,-0.219379,0.363007,-0.031671,-0.162447,-0.151213,-0.406464,0.136988,-0.21693,0.105749,0.172287,-0.529788,#
4,-0.065608,-0.201651,-0.0041,0.061299,1.0,-0.292694,-0.252524,0.182537,-0.054683,-0.375711,0.192912,-0.429698,0.085996,-0.138937,-0.20859,-0.33818,-0.001432,-0.136046,0.145237,-0.329744,-0.486378,-0.293652,0.067969,0.122489,0.075079,0.047907,-0.286135,0.17237,-0.269521,0.056245,-0.15302,-0.424979,-0.192453,-0.017268,0.058642,0.063211,-0.011748,-0.275432,0.195868,0.439404,0.032222,-0.372171,-0.044079,0.229916,-0.208094,0.271598,-0.194587,0.166436,0.105002,-0.191362,0.144323,0.181893,-0.061105,-0.026685,0.168183,-0.017054,0.14437,0.44189,0.046357,-0.191362,-0.240555,-0.062376,-0.047716,0.052184,-0.214701,0.240438,0.396179,-0.254533,0.232343,0.06439,0.089563,-0.276226,-0.187392,0.244075,0.308252,0.260599,0.024942,-0.239698,-0.167856,-0.305085,-0.219002,0.105973,0.108358,0.055522,-0.04244,0.014134,0.183502,0.383122,-0.080704,0.023995,0.034898,0.01351,0.194101,-0.239937,-0.30242,0.078378,0.314635,-0.024056,0.099772,0.110926,0.144345,-0.081064,0.405352,-0.173569,-0.128127,0.222419,0.189549,-0.137426,-0.039278,-0.10265,0.025187,0.133901,0.581866,0.032814,-0.108462,0.065904,0.165465,0.206092,-0.159611,0.258591,-0.155528,0.002604,0.396538,0.157113,0.45963,0.090186,0.07862,-0.045286,0.120473,0.129667,-0.031004,-0.171816,0.027344,-0.305627,-0.069912,0.187519,-0.178454,0.120873,-0.094866,0.267402,0.014716,-0.223526,0.041044,0.191696,0.017114,-0.25815,-0.413152,0.019734,0.182442,-0.239489,-0.130922,-0.000147,-0.393806,-0.156565,-0.19676,-0.266656,-0.226255,-0.117679,0.164506,0.225757,-0.134882,-0.007317,-0.283672,0.075582,0.309373,-0.336232,-0.148295,-0.183138,-0.030739,0.084197,-0.060685,-0.206074,-0.063165,0.054729,0.262901,0.243553,0.315192,0.359918,-0.062362,0.051168,-0.231642,0.135038,0.234301,0.256075,0.067454,-0.154221,-0.239057,-0.385002,0.170364,-0.105606,0.029764,0.016507,0.338608,-0.094068,-0.031845,0.219086,0.076112,0.104186,-0.273897,-0.084332,#
5,0.135434,0.079017,-0.054697,-0.292305,-0.292694,1.0,0.419942,0.487567,-0.070847,0.395215,-0.092096,0.262931,0.362179,0.437181,0.387068,0.35102,0.238235,0.350709,0.280293,0.245987,0.217856,0.396452,0.224293,0.138961,-0.230593,-0.201405,0.167353,-0.165761,0.220738,0.067942,0.012661,0.030683,0.11214,-0.006471,-0.267257,-0.205371,0.296237,0.022836,-0.085513,-0.391546,-0.126973,0.512173,0.376534,-0.039262,-0.126007,-0.548449,0.238242,0.034172,0.224588,0.011527,-0.286433,-0.005871,0.170153,0.091636,0.384032,0.404565,-0.324574,-0.442773,-0.135915,-0.247859,0.438727,-0.239341,-0.250005,0.430826,-0.112438,0.463131,-0.124565,0.443586,-0.209539,0.031897,-0.047975,0.32317,-0.402891,-0.129302,-0.233811,0.372314,-0.125168,-0.032921,0.215354,0.124678,0.283414,-0.34427,-0.195871,-0.232557,-0.230291,-0.111055,-0.116185,-0.048209,0.062331,-0.286939,-0.196635,-0.309821,-0.279428,0.32208,-0.118601,-0.142962,-0.172541,-0.274168,-0.017103,-0.265161,-0.136306,0.07691,-0.394312,-0.250466,-0.107288,-0.106593,-0.386438,-0.061161,-0.005528,-0.346956,0.066591,0.093412,-0.374788,-0.291737,0.208462,-0.251884,-0.49575,-0.121628,0.330721,-0.507202,-0.061766,-0.656974,-0.264641,-0.775558,-0.203254,-0.007328,-0.328585,-0.105327,-0.081445,-0.137015,0.005039,0.022179,-0.249793,0.074571,-0.259952,-0.289128,0.190481,-0.370138,0.152406,-0.542251,-0.257738,7.8e-05,-0.286979,-0.18871,-0.342877,-0.016603,0.199029,0.126539,-0.215305,-0.175649,-0.001194,-0.0753,0.078473,0.033355,0.057605,-0.423833,0.155102,0.500645,-0.281803,-0.162629,0.354261,-0.279428,-0.302559,0.106443,0.249035,0.416719,0.153621,-0.003639,0.004344,0.170481,0.152824,-0.040928,-0.372013,-0.113243,0.29549,-0.410501,-0.090304,-0.215208,0.387412,-0.249949,0.30752,0.100374,-0.122017,-0.09115,0.406025,0.154964,0.046913,0.276738,-0.339637,-0.038429,0.175269,-0.032031,0.282825,-0.170527,-0.221796,-0.073129,0.194033,-0.113718,-0.206035,0.280209,#
6,-0.056752,0.149515,0.20177,-0.210508,-0.252524,0.419942,1.0,0.523951,0.259846,0.536984,-0.068604,0.214612,0.429123,0.079181,0.006856,0.055409,-0.015197,0.138485,0.140792,-0.002408,-0.025077,0.415999,-0.096143,-0.002442,0.088388,-0.069236,0.381208,0.136342,0.461626,0.112685,-0.304666,0.08159,0.089621,-0.177947,-0.022763,-0.07211,-0.22512,0.300597,-0.168838,-0.491997,0.123218,0.091572,0.476418,-0.385226,-0.177976,-0.458405,-0.135439,-0.284212,0.115477,0.414242,-0.126176,-0.10136,0.186888,-0.086245,0.221199,0.260048,-0.16693,-0.539556,-0.183171,0.177051,0.279329,0.07079,-0.077363,0.183382,0.154955,0.24964,0.211852,0.114906,0.129036,0.063134,0.321868,0.198129,-0.307181,-0.154056,0.101865,0.194951,0.085467,0.106836,0.203415,0.090898,-0.059764,-0.132842,-0.24687,-0.221029,-0.054543,0.280421,-0.06701,-0.124845,0.368814,-0.135186,-0.095444,-0.26654,-0.15031,-0.026376,0.397337,-0.175541,0.250562,-0.101347,0.151194,-0.594266,-0.033607,0.165008,-0.286688,0.075035,-0.400081,0.050256,-0.342617,-0.388107,0.077636,-0.121168,-0.271261,-0.022494,-0.270332,-0.357726,-0.118887,-0.288796,-0.135818,0.267623,-0.007165,-0.074962,0.244926,-0.271392,-0.018868,-0.400819,-0.324281,-0.070529,0.193424,0.167575,-0.203053,-0.030585,-0.151988,-0.206402,-0.349056,0.262525,0.150712,0.04455,0.236498,-0.42942,-0.136456,-0.141238,0.068184,-0.260423,-0.149799,-0.072117,-0.04455,-0.090388,-0.02912,0.063465,0.037609,-0.066192,0.054503,-0.036404,0.209185,-0.018478,-0.052762,-0.296947,0.03029,0.193762,-0.111977,-0.064562,-0.222451,-0.139496,-0.203414,0.127558,0.394726,0.140934,0.245607,0.367756,-0.14805,0.463639,0.262566,0.039007,-0.038476,0.218315,0.467185,-0.123031,0.420506,-0.055058,0.339909,-0.387142,0.432209,0.597188,0.023832,-0.410972,0.034681,-0.043859,-0.032583,0.330125,-0.227304,0.291688,-0.209079,-0.26259,0.114078,0.007793,-0.067051,0.03753,-0.136778,0.194831,-0.138622,0.223787,#
7,0.01598,0.21265,0.069383,-0.341874,0.182537,0.487567,0.523951,1.0,0.008845,0.291284,0.009378,-0.03373,0.706514,0.525771,0.095094,0.201933,-0.096725,0.236799,0.403863,0.114268,0.09628,0.303537,0.158272,0.179614,0.030517,-0.132761,-0.125981,-0.139278,0.155819,0.307144,-0.053158,-0.114972,0.196393,0.031267,-0.325547,0.059024,0.063014,0.009788,-0.027656,-0.328931,0.083785,0.171713,0.307598,0.10063,-0.251368,-0.559679,-0.064124,-0.259786,0.167739,-0.020392,-0.083389,0.21495,0.366507,-0.008713,0.298147,0.297302,-0.334318,-0.301492,-0.140454,-0.020392,0.346124,0.043998,-0.324752,0.316351,-0.163316,0.51121,0.148082,0.120118,0.054442,0.135911,0.302571,0.310683,-0.581113,-0.232798,0.036774,0.278861,-0.011688,0.038669,0.30401,-0.160352,0.192292,-0.230709,-0.317514,0.038017,-0.310484,0.001633,-0.003303,0.133607,0.12922,-0.207524,-0.143795,-0.366814,-0.402736,0.045975,-0.159498,-0.065807,0.143142,-0.184338,0.432018,-0.537861,0.023324,0.121243,-0.049915,-0.368193,-0.160316,0.146854,-0.277592,-0.233785,0.041628,-0.40617,-0.019226,0.347565,-0.223593,-0.223542,0.120912,-0.172734,-0.179928,-0.008395,0.243434,-0.370117,-0.186239,-0.6897,-0.13918,-0.455282,-0.25856,-0.039181,0.128114,0.161578,-0.180389,0.127023,-0.083534,0.085331,-0.115646,-0.003736,-0.310444,-0.00929,0.212626,-0.303328,-0.078261,-0.239444,0.015258,0.014854,-0.211247,-0.070904,0.01872,-0.067813,-0.29235,0.093576,-0.079635,-0.331227,-0.25666,0.031087,-0.213016,-0.086142,-0.208949,-0.369498,0.144525,0.095751,-0.087989,-0.111608,0.048764,-0.009658,-0.250047,0.057301,0.445978,0.084735,0.199417,-0.047774,-0.192764,0.420323,-0.132035,-0.154619,-0.090117,0.056557,0.380912,-0.257466,0.357751,-0.126451,0.442276,-0.32296,0.36893,0.544824,-0.043191,-0.15603,0.312698,0.047232,0.251758,-0.192047,-0.191003,0.412355,-0.194485,-0.337335,0.40222,-0.084691,-0.339309,-0.387376,0.31067,0.056154,-0.071085,-0.023198,#
8,-0.423025,0.028772,0.17448,0.074384,-0.054683,-0.070847,0.259846,0.008845,1.0,0.216498,-0.197548,-0.065729,-0.073913,-0.019439,0.207024,-0.00564,-0.161493,0.433885,-0.200882,0.018363,-0.319241,0.289965,0.063985,0.270193,0.066795,0.447763,0.226727,0.450166,0.107461,-0.005771,-0.086458,-0.152769,0.034117,-0.162092,0.270583,-0.08685,-0.225812,-0.096141,0.331869,-0.251651,0.203781,-0.37089,0.089986,-0.052952,0.197531,-0.065179,-0.346155,0.183415,0.330235,0.168447,0.228119,-0.192971,-0.123087,-0.077708,-0.176001,0.445319,0.259042,-0.438428,-0.108639,0.168447,-0.164773,0.032964,0.025183,0.0724,0.141607,0.121546,0.243737,-0.047945,0.12415,0.437879,0.130558,0.135004,0.195355,0.071042,0.195417,-0.250262,0.134802,-0.061428,0.216604,0.033278,0.081766,0.19513,-0.10108,-0.041088,0.336356,0.476523,0.312143,0.015232,0.079919,0.003334,0.361097,0.429496,-0.016791,0.402698,0.489692,0.080166,0.37167,-0.129329,-0.035223,-0.159579,0.190726,0.460773,0.081512,0.538077,-0.2733,-0.060773,0.116277,-0.115408,0.057384,-0.028791,-0.100179,-0.306007,0.237846,-0.366349,-0.038524,0.073299,0.261447,0.151732,0.335708,-0.011376,0.35559,-0.020537,0.215032,0.057384,-0.102385,-0.039364,0.248978,-0.04669,-0.2066,-0.123407,0.051541,0.182175,-0.167735,0.088292,0.221301,0.329971,0.167547,-0.101837,-0.388105,0.040371,0.359993,-0.222499,0.000126,-0.073395,-0.168677,-0.344265,0.152647,-0.046018,0.333746,0.088884,0.169987,0.025194,0.281282,0.017376,0.003436,-0.080783,0.264277,0.156751,0.053908,0.354122,-0.127807,0.358533,0.291011,0.035907,-0.056456,0.010344,0.180186,0.080583,-0.164638,0.431051,0.018156,-0.181364,0.267905,0.496209,0.054602,0.246433,0.021279,-0.08049,0.190544,-0.358544,0.328113,0.193582,-0.248665,-0.449439,-0.28614,-0.08221,-0.142472,0.185571,-0.329436,-0.205335,-0.340251,-0.375507,-0.200902,0.175048,0.033117,0.103741,-0.093059,0.122438,0.076375,0.116183,#
9,-0.000947,0.480783,0.151925,-0.288809,-0.375711,0.395215,0.536984,0.291284,0.216498,1.0,-0.523361,0.28205,0.390704,0.605866,0.502895,0.436091,-0.121472,0.45525,0.193017,0.069558,-0.121699,0.410561,0.368046,0.178488,0.147328,-0.183557,0.314626,0.080278,0.214454,0.479998,-0.08033,0.373281,0.385392,-0.033866,-0.444154,0.332153,-0.120038,0.002977,-0.125096,-0.314832,0.053473,0.287247,0.099018,-0.08371,0.252509,-0.512793,0.12588,0.002049,0.02185,0.473892,0.123529,-0.239083,0.139297,-0.32573,0.088189,-0.123336,-0.080075,-0.626293,-0.219484,0.028775,0.494242,0.206606,-0.376136,-0.018228,0.132306,0.199147,-0.230853,0.466846,-0.256085,0.105415,0.070481,0.435421,-0.169934,-0.383786,-0.108278,0.115409,-0.042269,-0.204651,-0.114233,0.024287,0.20277,-0.590157,-0.532726,0.120408,-0.277622,-0.026144,-0.346761,-0.107059,0.274733,-0.304894,-0.111879,-0.212125,-0.299948,0.382563,0.188572,-0.207242,-0.187814,-0.126913,0.00469,-0.447858,-0.062636,-0.011077,-0.308203,0.079665,-0.162152,-0.195245,-0.499836,-0.148467,-0.233787,-0.410195,-0.02619,0.352341,-0.314013,-0.296895,-0.183689,-0.391647,-0.452496,-0.056129,0.4426,-0.533738,0.051062,-0.326247,-0.130441,-0.454021,-0.544166,-0.204549,0.096369,0.200449,-0.303635,-0.224122,-0.125783,0.22551,-0.384239,-0.218082,-0.295412,-0.483132,0.342291,-0.387521,0.106381,-0.440168,-0.079533,-0.172502,-0.465511,-0.292187,-0.248487,0.090036,0.092217,0.225305,-0.374774,-0.23801,-0.317926,-0.49902,0.131828,-0.274928,-0.06858,-0.361767,0.145452,0.42037,-0.469905,-0.089293,0.034654,-0.276143,-0.049347,0.274042,0.420351,0.544316,-0.272914,0.180704,-0.454021,-0.027045,-0.108766,-0.086359,-0.389657,0.018182,0.343129,-0.328652,-0.143856,0.262891,0.68407,-0.693442,0.383438,0.044371,-0.536518,-0.314844,0.34522,-0.196003,0.32568,0.102799,-0.585125,0.116882,0.009186,-0.166793,0.27715,0.53946,-0.173126,0.014139,-0.160979,0.002256,0.369262,0.153494,#
10,0.122535,-0.374457,-0.20171,0.07604,0.192912,-0.092096,-0.068604,0.009378,-0.197548,-0.523361,1.0,-0.405908,0.094593,-0.446799,-0.192796,-0.157459,0.009044,-0.444962,0.024418,-0.170693,0.008852,-0.297612,-0.223076,-0.058265,-0.259904,-0.111598,-0.283607,0.066223,0.078189,-0.347945,0.223017,-0.209271,-0.526191,-0.250177,0.353509,-0.28026,0.248209,0.290062,0.008384,0.230767,-0.125094,-0.253244,0.194005,-0.116202,-0.039235,0.159132,-0.285453,0.016326,0.204185,-0.1811,-0.242032,0.428409,-0.003865,0.293406,0.224501,0.318311,-0.267448,0.269661,0.024725,0.042644,-0.208244,-0.04692,0.170099,0.005864,0.134597,-0.204247,0.089471,-0.183305,0.439042,0.013109,0.372099,-0.350892,-0.188018,0.058129,-0.183955,0.335658,0.175354,0.266193,0.113762,-0.18494,0.068995,0.260513,0.079816,0.014645,-0.020652,0.010587,0.331334,-0.05634,-0.086378,0.189018,0.033243,0.006345,0.18143,-0.110074,-0.144953,0.209697,-0.017448,-0.187422,0.041333,-0.039534,-0.016305,-0.281519,0.234873,-0.185475,0.02165,-0.097872,0.018617,0.074911,0.180873,0.331178,-0.145782,-0.250725,-0.270291,0.003905,0.186473,-0.087371,0.16366,-0.119761,-0.34825,0.278311,-0.150331,0.134904,0.088272,0.155326,-0.045656,0.032602,-0.075259,0.177501,-0.109613,-0.062202,-0.062599,-0.186867,-0.021951,0.211627,0.261109,0.185072,-0.159788,0.090174,-0.201584,0.254398,0.17313,0.431397,0.012327,0.136196,0.497543,0.03934,-0.145357,0.14262,0.324124,-0.065932,0.338801,0.311544,0.057258,0.004428,0.117411,0.049744,-0.32254,-0.248394,0.134935,0.011836,-0.253776,0.174368,-0.07118,0.010883,0.062022,-0.168479,0.193219,-0.009807,-0.032019,0.098486,0.364248,0.084411,0.297366,0.034115,-0.042573,0.063427,0.308279,0.047459,-0.367126,0.351044,-0.149935,0.15413,0.398439,0.261993,-0.083568,0.045783,-0.220627,-0.214415,0.324699,0.217718,-0.295378,0.186045,0.178712,-0.681827,0.290236,0.060112,0.084439,0.065618,-0.301651,-0.121788,#
11,-0.017354,0.156222,-0.033874,-0.003453,-0.429698,0.262931,0.214612,-0.03373,-0.065729,0.28205,-0.405908,1.0,0.080984,0.211256,0.105937,0.029709,0.239821,0.203965,0.216111,-0.084756,0.219636,0.058852,0.014799,0.103601,0.317023,0.152057,0.020004,0.072138,-0.145874,-0.229368,-0.070454,0.200696,0.09184,0.062843,-0.285638,0.146027,-0.206158,0.102759,-0.148371,-0.182639,-0.184373,0.405629,0.052996,-0.271811,-0.094734,0.090499,0.09551,-0.044925,-0.160979,0.142001,-0.011436,-0.187282,-0.071971,0.234247,-0.230349,0.02438,-0.220139,-0.163506,-0.053931,0.124231,-0.002726,-0.130358,0.041886,0.010396,0.016906,-0.005392,-0.032091,-0.071554,-0.109423,-0.259664,-0.097824,0.045491,0.014725,0.008465,-0.2056,-0.292187,-0.269924,-0.034982,-0.160463,0.278026,0.008472,-0.00999,-0.011857,-0.294032,0.112306,-0.249326,-0.245702,0.21483,-0.178107,0.049329,-0.200027,-0.25442,-0.146924,0.02191,0.072574,-0.332048,-0.203242,-0.066944,-0.299762,-0.063402,0.333785,0.125316,-0.311375,0.059865,-0.092889,0.189471,-0.112664,0.16204,0.092475,0.066215,-0.177079,-0.085579,-0.12815,-0.150683,-0.107112,-0.025158,0.120574,0.078085,0.094103,-0.013024,0.221001,-0.206416,-0.175041,-0.131812,-0.044922,-0.275452,0.166925,0.036895,0.095945,-0.080304,-0.182853,0.084463,-0.381387,0.438084,0.019043,-0.145691,0.178858,-0.258076,-0.044859,-0.001715,-0.309819,-0.147001,-0.143653,0.152387,-0.18997,0.266317,-0.038261,-0.032161,-0.218979,-0.094656,-0.309779,0.109817,-0.144881,0.251125,-0.007687,0.160248,-0.053122,0.435964,-0.184136,-0.184037,-0.089897,-0.129436,0.098606,-0.066049,-0.101354,0.234059,0.068319,-0.046691,0.316762,-0.044398,0.002885,0.453207,-0.260157,-0.297377,-3.4e-05,-0.335737,-0.088883,0.045842,-0.03596,-0.131806,-0.042043,-0.212857,-0.146224,-0.160847,0.213378,0.087832,0.014253,0.510844,0.182689,0.040275,0.242958,0.39218,-0.029992,0.175141,-0.031612,-0.169606,0.206277,-0.292828,0.035759,0.150137,#
12,0.281639,0.073082,-0.239408,-0.28875,0.085996,0.362179,0.429123,0.706514,-0.073913,0.390704,0.094593,0.080984,1.0,0.44666,0.192394,0.153659,0.035579,-0.015054,0.315918,0.049668,0.030785,0.199529,0.218637,0.136693,-0.217519,-0.393673,-0.236087,-0.028365,0.042371,0.276039,0.179571,0.144093,0.300509,-0.008032,-0.272934,0.187296,0.123298,-0.108075,-0.28523,-0.172345,0.041617,0.239896,0.356058,-0.027513,-0.334091,-0.411066,0.013047,-0.190252,0.181264,0.022779,-0.275172,0.234909,0.333077,0.135585,0.36371,0.2677,-0.313122,-0.23827,-0.095292,0.022779,0.422633,0.270124,-0.253864,0.310417,-0.086907,0.13598,-0.111293,0.188545,0.136921,-0.063714,0.371451,0.047456,-0.644794,-0.499827,-0.218924,0.338444,0.050044,0.174404,0.044988,-0.251538,0.094867,-0.360574,-0.231294,-0.228436,-0.253416,0.062642,0.056086,0.159435,-0.123633,-0.276561,-0.41362,-0.511931,-0.474081,0.103745,-0.140518,-0.326266,-0.158171,-0.276842,-0.000841,-0.488292,0.085706,-0.134286,-0.012818,-0.066058,-0.141959,-0.10214,-0.402409,-0.307826,0.002759,-0.364054,-0.131283,0.312502,-0.393538,-0.29343,-0.183917,-0.436163,-0.016464,-0.107537,-0.055642,-0.331219,-0.052002,-0.456696,-0.094088,-0.519469,-0.210707,-0.245234,0.058163,0.539737,-0.188775,0.080796,-0.1852,0.019435,-0.431007,0.056938,-0.274076,-0.091942,0.188784,-0.371459,-0.234273,-0.185092,0.131639,0.282948,-0.280516,-0.017842,0.052575,0.235682,-0.341678,0.127415,-0.230085,-0.615369,-0.383326,-0.251942,-0.112479,-0.160892,-0.184286,-0.452534,0.017892,0.164443,-0.305086,-0.190297,-0.067149,-0.261627,-0.066481,0.058642,0.264805,0.212578,-0.04328,0.036395,-0.243575,0.186952,-0.089801,-0.061491,-0.352574,0.087152,0.297929,-0.429322,0.112562,0.146208,0.189632,-0.422411,0.303702,0.309001,0.071771,0.089055,0.204838,-0.243669,0.16915,-0.168887,-0.139274,0.347498,-0.218743,-0.046856,0.484906,-0.186518,-0.030472,-0.082465,0.010726,-0.099,-0.04039,0.079424,#
13,0.240428,0.353533,0.025433,-0.236147,-0.138937,0.437181,0.079181,0.525771,-0.019439,0.605866,-0.446799,0.211256,0.44666,1.0,0.427649,0.556115,-0.182918,0.379912,0.381231,0.009071,0.147804,0.303041,0.591465,0.345049,0.092498,-0.061768,0.024504,-0.167624,0.090973,0.442365,0.122777,0.202485,0.469006,-0.069421,-0.514516,0.278423,0.187083,-0.409049,0.008388,-0.357228,0.013632,0.412854,0.193373,0.356283,0.015718,-0.404278,0.188599,-0.115841,-0.190857,0.058891,0.152051,0.00363,0.296779,-0.092992,0.160178,0.064442,-0.234894,-0.400878,-0.18629,0.058891,0.548023,0.18947,-0.420683,0.084335,-0.156652,0.413345,-0.29757,0.46175,-0.58409,-0.034721,-0.243685,0.48384,-0.409081,-0.288605,-0.337651,0.200587,-0.300822,-0.264943,-0.19918,-0.044462,0.266628,-0.517225,-0.418471,0.194354,-0.34814,-0.283221,-0.282345,0.131101,0.045681,-0.367664,-0.153122,-0.301659,-0.519135,0.282383,-0.131397,-0.274568,-0.295304,-0.199515,0.024647,-0.212468,0.166086,-0.056695,-0.25981,-0.318444,0.068381,-0.110363,-0.270578,0.215825,-0.057594,-0.494268,0.035063,0.500109,-0.270807,-0.349204,0.209525,-0.104066,-0.490452,-0.31053,0.495353,-0.625749,-0.342306,-0.525402,-0.06805,-0.492104,-0.421629,-0.175269,0.030802,-0.03428,-0.277319,-0.081133,-0.058982,0.322825,-0.1689,-0.300404,-0.715218,-0.536429,0.3143,-0.260142,0.123739,-0.520868,-0.130481,0.00141,-0.342283,-0.236156,-0.372506,0.059941,0.11222,0.251753,-0.484813,-0.477916,-0.424911,-0.274138,-0.252151,-0.171803,-0.018449,-0.244041,0.242737,0.326959,-0.244549,-0.130301,0.281849,-0.154874,-0.08488,-0.077537,0.233709,0.324064,-0.325083,-0.050085,-0.279109,-0.082817,-0.266017,-0.132702,-0.437502,-0.129093,0.083489,-0.27378,-0.21646,0.036365,0.595665,-0.457442,0.313016,-0.023888,-0.427882,-0.071008,0.598211,0.062565,0.467467,-0.194357,-0.364743,0.216989,0.029169,-0.050312,0.351467,0.284438,-0.412494,-0.366504,0.242625,-0.320084,0.253665,0.077928,#
14,0.040125,0.284366,-0.063879,-0.311975,-0.20859,0.387068,0.006856,0.095094,0.207024,0.502895,-0.192796,0.105937,0.192394,0.427649,1.0,0.251078,-0.291821,0.434519,0.362268,0.05265,0.052083,0.40238,0.17761,0.231417,-0.029702,-0.00433,-0.151301,0.147339,0.030532,0.30195,0.096358,0.024529,-0.119767,0.189925,-0.327297,-0.039104,-0.090431,0.007444,0.245129,-0.314277,0.124229,0.40643,-0.080481,0.205384,0.41959,-0.266928,0.21295,0.245128,0.439881,-0.204784,0.122261,-0.04548,-0.174832,-0.252712,0.152846,0.161224,-0.074719,-0.284339,-0.321569,-0.204784,0.328802,-0.02001,-0.282233,0.300616,0.20263,0.070023,-0.370143,0.174279,-0.185865,0.089106,0.162207,0.413041,0.136756,-0.212804,-0.26862,-0.16938,0.124729,0.145056,-0.117829,0.014863,0.355863,-0.595209,-0.352948,0.117981,-0.282204,-0.032616,-0.032977,0.078982,-0.04994,0.043848,0.094022,-0.215806,-0.109086,0.536766,-0.000272,-0.033824,-0.191106,-0.131089,-0.017623,-0.131026,0.110307,-0.017,-0.144032,0.081456,-0.168598,-0.370722,-0.514147,0.174418,-0.23317,-0.234673,0.123878,0.34787,-0.327351,-0.111327,-0.113785,-0.209995,-0.222814,-0.062507,0.592888,-0.515436,0.052771,-0.308624,-0.308695,-0.23317,-0.418245,-0.211254,-0.054171,0.272561,-0.315629,-0.022586,0.02186,0.212022,-0.397814,-0.365357,-0.455109,-0.290702,0.344529,-0.015725,0.09924,-0.438694,-0.272312,-0.088811,-0.281947,-0.166192,-0.25114,0.066265,0.093652,-0.100098,-0.21947,-0.033114,-0.235548,-0.357299,0.134417,-0.280073,0.116509,-0.374001,0.187676,0.195951,-0.293873,-0.307452,0.111118,-0.109086,0.206999,0.273754,0.178094,0.541949,-0.278939,-0.11534,-0.23317,-0.21283,-0.103123,0.047073,-0.194324,0.200606,0.347855,-0.150225,-0.308865,0.106394,0.52091,-0.210388,0.396366,-0.118191,-0.5296,-0.143316,0.362053,-0.115503,0.178988,-0.076515,-0.406671,-0.037708,-0.008688,5.1e-05,0.294847,0.221805,0.078301,0.022802,0.192045,0.007359,0.188323,0.152132,#
15,0.160681,0.207065,-0.077539,-0.394068,-0.33818,0.35102,0.055409,0.201933,-0.00564,0.436091,-0.157459,0.029709,0.153659,0.556115,0.251078,1.0,-0.092377,0.304079,0.368394,0.092129,0.262659,-0.123844,0.442025,-0.113485,-0.038192,-0.023749,0.118451,-0.052233,0.047374,0.403695,0.353918,0.107634,0.348293,-0.015916,-0.1991,-0.036159,0.449073,0.053907,0.003402,-0.084263,0.159373,0.283653,-0.012428,0.259064,0.297631,-0.384141,0.109153,-0.172368,-0.249601,0.284382,0.324115,-0.008507,0.108334,-0.045698,0.283105,0.014705,-0.339834,-0.407695,-0.417885,0.037487,0.349089,1.4e-05,-0.374294,0.240224,0.029843,0.236413,-0.304299,0.296754,-0.498873,0.19559,-0.142317,0.245351,-0.22622,0.016437,-0.186164,0.20139,-0.148632,-0.226995,0.055219,0.135971,0.331975,-0.285642,-0.037444,0.464692,-0.187166,-0.321772,-0.324988,-0.141879,0.025429,-0.203826,0.141062,0.00956,-0.186054,0.336176,-0.072217,0.029784,-0.427211,-0.551773,0.020789,-0.187818,-0.20651,-0.130259,-0.504245,-0.180668,-0.06324,-0.330084,-0.060463,0.238041,0.207105,0.006278,0.044015,0.282787,-0.317753,-0.184271,0.295837,0.120826,-0.271217,-0.516333,0.283034,-0.415598,-0.388625,-0.215106,-0.198496,-0.272131,-0.393446,0.027256,0.022311,-0.024899,-0.530531,-0.349863,-0.123636,0.268371,-0.102891,0.021244,-0.391651,-0.387643,0.052615,-0.13235,0.027781,-0.647193,0.026531,0.232638,0.008757,-0.174618,-0.21994,-0.130174,0.351105,0.395875,-0.269853,-0.348837,-0.051254,-0.151672,0.029784,-0.094614,0.191683,-0.0541,0.248713,0.390342,-0.345112,-0.077209,0.316556,-0.186054,-0.035498,-0.190848,0.02081,0.120657,-0.184271,0.073348,-0.037211,-0.226995,0.10562,0.061523,-0.134513,-0.477172,-0.011731,-0.133577,-0.203682,0.131114,0.450264,-0.41931,0.223931,0.01022,-0.301595,0.156508,0.453543,-0.023678,0.484118,0.003042,-0.600215,0.148247,-0.107579,-0.093134,0.221951,0.119579,-0.315365,-0.193315,0.260698,-0.272485,0.042872,0.230845,#
16,-0.056523,-0.474806,-0.470468,0.127542,-0.001432,0.238235,-0.015197,-0.096725,-0.161493,-0.121472,0.009044,0.239821,0.035579,-0.182918,-0.291821,-0.092377,1.0,-0.219225,-0.035595,-0.021407,-0.038415,-0.239987,-0.180075,-0.253244,-0.344627,-0.134901,-0.095215,0.008986,-0.001251,0.005388,-0.138869,0.016923,0.162752,0.337023,0.11479,0.184519,-0.066384,-0.014971,-0.286595,0.242479,-0.134406,-0.07235,0.031585,0.076922,-0.377134,0.126485,0.001859,0.021429,0.023681,0.091436,-0.287819,0.282017,-0.018723,0.084708,0.011993,-0.01373,0.16993,0.437772,0.280007,-0.107643,-0.196462,0.131339,0.477561,0.028157,-0.29934,0.04848,-0.111271,0.094337,0.049701,-0.326886,-0.16976,-0.301045,-0.271357,0.08851,0.179721,0.126201,0.012438,0.024572,0.078972,0.191437,-0.205842,0.225087,0.205859,-0.382536,0.18663,0.011979,0.004903,0.39752,-0.106809,-0.282936,-0.178003,0.183005,0.097755,-0.055273,0.052269,-0.083934,-0.262076,-0.154407,-0.338236,-0.139606,0.089479,-0.020814,-0.000847,0.08312,0.248903,0.085966,0.124652,-0.255647,0.129814,0.129816,-0.327014,-0.062463,0.173693,0.078692,-0.230123,-0.141741,0.092449,0.158773,-0.307483,0.151374,0.11992,0.045083,0.128876,-0.326429,0.16879,-0.059523,-0.440964,-0.315154,0.264585,-0.20093,-0.410823,-0.196211,-0.08068,0.366474,0.108802,0.090351,-0.055759,-0.419492,0.04023,0.044046,-0.109883,0.075111,-0.066397,0.348007,0.275756,-0.120367,0.017355,-0.255131,-0.133903,-0.081216,0.069234,0.055157,-0.064625,0.162332,-0.259565,-0.121564,-0.235831,0.188507,-0.047073,0.229939,-0.143123,-0.098167,0.068619,0.008986,-0.102017,0.121518,0.286048,-0.253617,0.370848,0.048456,-0.04298,0.241282,-0.233381,-0.161053,0.090344,-0.363941,-0.143245,-0.043499,-0.297599,0.125564,-0.552934,-0.030234,0.431636,-0.023504,-0.018406,0.106267,-0.074204,0.290792,0.269196,-0.411728,0.244316,0.275432,0.087586,-0.315887,0.108921,0.119365,-0.030295,0.041641,-0.395304,-0.118011,#
17,-0.34155,0.437467,0.398536,-0.042681,-0.136046,0.350709,0.138485,0.236799,0.433885,0.45525,-0.444962,0.203965,-0.015054,0.379912,0.434519,0.304079,-0.219225,1.0,0.119768,0.457737,-0.0485,0.359551,0.305326,0.223834,0.365744,0.210642,0.148456,0.031784,-0.19117,-0.050108,0.074237,0.03554,0.142536,0.030106,-0.446552,0.04785,0.003696,-0.06624,0.102534,-0.276691,-0.048436,0.084847,-0.112471,0.071935,0.309718,-0.439857,0.007479,0.363254,0.207406,-0.00513,0.076602,-0.28757,0.044497,-0.062097,-0.136102,0.169921,-0.108184,-0.527816,-0.335069,-0.225723,0.056746,-0.425048,-0.410379,0.23559,0.061816,0.373908,-0.003923,0.194775,0.009935,0.437224,0.11546,0.505147,0.159686,-0.142559,0.113056,-0.220658,0.053005,-0.300233,0.301695,-0.03692,0.490889,-0.197336,-0.302411,0.215049,-0.041148,0.068866,0.062579,-0.113413,0.03114,-0.07287,0.31041,0.054577,-0.072147,0.663898,-0.012388,0.03439,0.244755,-0.042003,0.219211,-0.038788,-0.115408,0.40966,-0.017653,0.140011,-0.173695,0.032992,-0.106632,0.044054,-0.200826,-0.426613,0.322204,0.21467,-0.031654,-0.233423,0.194904,0.176219,-0.190693,-0.117634,0.739748,-0.56407,0.111499,-0.540211,-0.197349,-0.200826,-0.090581,0.003982,0.032583,-0.043598,-0.050125,0.022451,0.14755,0.311738,-0.094241,-0.089822,-0.02477,-0.066341,0.131775,-0.150187,0.036309,-0.195934,-0.034822,-0.113275,-0.23639,-0.503613,-0.271183,-0.145012,0.117356,0.196173,0.215116,0.037453,-0.273052,-0.093063,0.062638,-0.049787,0.083098,-0.130465,0.262982,0.506706,-0.117702,0.13638,0.260745,0.286809,-0.164703,0.28885,0.198587,0.29007,0.121559,-0.178403,-0.200826,0.190074,-0.327729,-0.334761,0.020812,0.003773,0.125427,0.124609,-0.080386,-0.127631,0.451154,-0.447346,0.319976,-0.212526,-0.628331,-0.19268,0.145481,0.002243,0.280087,0.245063,-0.459974,-0.100826,0.29486,-0.417417,0.073594,0.326518,-0.507247,-0.101292,0.148256,-0.00949,0.347003,-0.078479,#
18,0.218191,-0.021452,-0.141888,-0.234223,0.145237,0.280293,0.140792,0.403863,-0.200882,0.193017,0.024418,0.216111,0.315918,0.381231,0.362268,0.368394,-0.035595,0.119768,1.0,-0.162717,0.194522,0.053663,-0.039681,-0.07324,0.122347,0.101011,-0.127753,0.119755,0.008908,0.232345,0.035115,-0.093955,-0.169646,0.202892,-0.214942,-0.093464,-0.077304,0.218904,0.001814,-0.208727,0.236399,0.459302,-0.10794,0.324086,0.046026,-0.020935,0.043912,-0.0711,-0.045437,-0.205577,0.159553,0.149319,0.178068,-0.128446,0.484903,0.020715,-0.375959,0.123096,-0.138255,-0.039556,0.315388,-0.050843,0.023085,0.376627,-0.030403,0.402716,-0.195585,-0.000631,-0.229621,-0.160808,0.188172,0.111232,-0.38349,0.139246,-0.018515,0.018802,0.000305,0.091838,-0.00463,-0.177213,0.048307,-0.302681,-0.27458,0.224162,-0.154234,-0.264357,-0.244218,0.231241,5.7e-05,0.028465,-0.075499,-0.257491,0.023353,0.062112,-0.30367,0.014437,-0.10865,-0.381125,0.035954,-0.167479,0.258011,-0.2492,-0.114624,-0.372544,-0.05187,0.144566,-0.238125,0.195109,0.195831,-0.114366,-0.20159,0.286594,-0.204295,-0.154247,0.003561,0.210268,-0.055889,-0.134085,0.029088,-0.026263,-0.124844,-0.162628,-0.067408,-0.154649,-0.115357,0.045845,0.22471,0.137803,-0.177862,0.090251,-0.273953,-0.023443,-0.224296,0.019835,-0.36065,-0.146517,0.163712,-0.279941,0.073841,-0.290581,-0.562603,-0.017632,-0.188965,0.052407,-0.037027,-0.008129,-0.086852,-0.024645,-0.343928,-0.522277,-0.270509,-0.030709,-0.351228,-0.210245,0.153528,-0.380888,0.131758,0.170938,-0.33565,-0.536598,-0.109075,0.005187,-0.09301,-0.074798,0.35593,0.009596,-0.108497,0.017027,0.206783,-0.073547,-0.016091,0.445691,-0.247033,-0.094721,0.412793,-0.15204,0.25875,0.172469,0.328842,-0.036213,0.099706,0.223808,-0.03158,0.041191,0.750317,-0.055497,0.37257,-0.069218,-0.149748,0.361789,-0.101466,-0.033419,0.670281,-0.08183,-0.243727,-0.28587,0.711516,-0.041658,-0.269172,0.189778,#
19,-0.224244,0.289976,0.186042,0.09641,-0.329744,0.245987,-0.002408,0.114268,0.018363,0.069558,-0.170693,-0.084756,0.049668,0.009071,0.05265,0.092129,-0.021407,0.457737,-0.162717,1.0,0.315924,0.31097,0.005455,-0.040609,-0.156566,-0.142456,0.157068,-0.388796,-0.179902,-0.157321,0.309888,0.326036,0.188752,0.377986,-0.182504,-0.140558,0.234143,0.116707,-0.280111,-0.165884,0.075961,0.223172,-0.255884,0.004697,0.155304,-0.518512,0.37306,0.147688,0.194512,-0.335663,-0.448625,-0.139331,0.398403,-0.150474,-0.221478,-0.000173,-0.041647,-0.226181,0.16685,-0.317886,0.138602,-0.316837,-0.116776,0.13148,0.07133,0.089344,-0.286088,0.07248,0.205531,0.270317,0.104061,0.332373,0.250226,-0.259566,0.18017,-0.267377,0.188029,0.207935,0.730398,0.026105,0.298752,0.062209,0.020346,-0.033051,0.192922,0.18611,0.177608,-0.409209,0.088169,-0.096468,0.040992,0.192272,-0.088075,0.313311,-0.131783,0.247904,0.244315,0.345833,0.35473,0.195778,-0.63013,0.169526,0.183117,0.101219,0.263292,0.092483,-0.029845,-0.162105,-0.102868,-0.50795,0.519043,-0.03366,-0.173815,0.26914,0.188323,0.023834,-0.0928,-0.157431,0.24819,-0.383212,0.286947,-0.163861,-0.37838,-0.102868,0.058217,0.338239,-0.088206,0.186334,0.375085,0.367673,0.404415,0.335697,0.399887,0.001756,0.286838,0.104745,-0.017091,-0.043474,0.104517,-0.114172,0.090587,0.416675,0.077275,-0.588013,0.124288,0.359714,0.207621,-0.192472,0.220736,0.167263,0.02891,0.032243,0.419138,0.304353,-0.081198,0.028119,0.466197,-0.06521,-0.028515,-0.150986,0.468248,0.273735,-0.06631,0.225891,-0.085333,0.148885,0.463797,0.053138,0.130139,0.215,-0.43428,-0.277078,0.150762,0.063173,-0.211217,-0.018145,-0.15327,-0.539074,-0.087546,-0.058293,0.177023,-0.16808,-0.266428,-0.050375,-0.3491,0.012965,0.404497,0.120777,-0.281911,-0.05247,0.26097,-0.575683,-0.240014,0.059634,-0.32521,-0.078749,0.003056,0.237104,0.365839,-0.245385,#
20,0.435914,0.086946,0.180838,-0.080584,-0.486378,0.217856,-0.025077,0.09628,-0.319241,-0.121699,0.008852,0.219636,0.030785,0.147804,0.052083,0.262659,-0.038415,-0.0485,0.194522,0.315924,1.0,0.102551,-0.194516,-0.415591,0.020905,-0.138647,-0.061834,-0.341707,-0.024537,0.031497,0.250516,0.275814,-0.017763,0.355562,-0.262285,-0.164742,0.184993,0.214488,-0.096311,-0.374419,0.306228,0.464482,0.004172,0.213452,-0.036831,-0.324433,0.126995,-0.117227,-0.149527,-0.38277,-0.259286,-0.008679,0.443633,0.0382,0.026668,-0.001082,-0.477071,-0.056861,-0.164828,0.10269,0.171037,0.134992,0.176316,0.195507,-0.066506,-0.144715,-0.430819,0.0165,-0.265019,-0.155555,0.018914,0.190583,0.048281,0.069785,-0.31093,-0.246482,-0.164771,0.205965,0.203319,0.324942,0.069766,-0.105934,0.210552,-0.080381,-0.135929,-0.323739,-0.160105,-0.04035,0.059328,-0.102777,-0.160521,-0.163489,-0.076507,-0.08285,0.016973,0.058439,-0.274629,0.17949,0.058858,0.211815,-0.091037,-0.03532,-0.360548,-0.270261,0.219813,-0.084698,-0.035031,0.455686,-0.104899,0.110891,0.181742,0.155059,-0.525202,0.267111,0.318079,0.208263,-0.085671,-0.325684,0.015222,-0.052107,-0.073323,0.025563,-0.555418,-0.096009,-0.221027,-0.146544,-0.115488,0.119386,-0.205285,0.384375,0.216435,-0.056219,0.204608,0.343351,-0.231795,0.115214,-0.029369,-0.039018,0.236102,-0.283454,-0.298547,0.305587,0.271453,-0.012382,0.07068,0.198031,-0.005974,-0.335122,-0.137671,0.135835,-0.17024,0.012563,0.058439,0.130985,0.071974,0.186055,0.360133,-0.004687,-0.048331,-0.373718,0.361253,-0.094528,0.363663,-0.148811,-0.38655,-0.234705,0.09176,0.020119,0.366258,-0.155101,-0.064242,0.311373,-0.04268,-0.160771,-0.417597,-0.016359,-0.179471,-0.394992,-0.137772,0.284538,0.197874,-0.016409,-0.099632,0.097394,-0.028292,0.511046,0.428706,0.088868,0.079145,0.253001,-0.095026,-0.077779,-0.089409,-0.089738,-0.203301,-0.236865,0.32716,-0.182302,0.123218,-0.11373,#
