0,1.0,-0.306722,-0.037698,-0.074148,0.031359,0.030781,0.028931,0.022102,-0.345156,-0.08386,0.131761,0.053404,0.289652,0.146739,-0.124916,0.167622,0.005116,-0.486033,0.138665,-0.219004,0.49461,-0.069884,-0.150222,-0.601283,-0.247722,-0.549732,-0.076844,-0.243269,0.316202,0.160758,0.259062,0.019744,0.126986,-0.036705,0.07169,0.115971,0.203484,-0.110045,-0.201267,-0.132347,0.195351,0.323815,0.005983,-0.047037,-0.40063,-0.051384,-0.23912,-0.132519,-0.060091,-0.080299,-0.111352,-0.113531,0.288974,0.218887,0.479379,-0.065301,-0.301448,-0.013369,-0.256288,0.307491,0.426217,0.331056,0.167856,0.105756,-0.114612,-0.127675,-0.165537,0.401665,-0.215483,-0.293185,0.006573,-0.160202,-0.442362,-0.156233,-0.419205,0.291806,-0.125053,0.062769,-0.371441,-0.104138,-0.139764,-0.448789,0.047859,-0.151228,-0.227281,-0.205112,-0.281821,0.007583,-0.213128,-0.204286,-0.218997,-0.358239,0.00034,-0.276735,-0.067644,-0.332541,-0.355259,-0.07975,-0.316101,0.11333,0.202983,-0.196353,-0.25159,-0.110996,0.071931,-0.249883,0.067013,0.226534,-0.18562,0.178091,-0.035426,0.2348,-0.494557,-0.138745,0.203288,0.122921,-0.232518,-0.325903,-0.507596,0.072904,-0.282319,0.1777,0.047848,-0.195071,-0.002223,-0.191929,-0.369967,0.217644,-0.251041,0.18741,0.07673,-0.600415,-0.078501,0.123635,-0.249702,-0.003609,-0.121159,0.010701,0.246327,-0.227613,-0.129286,0.30885,0.106002,0.17331,-0.097569,-0.097815,-0.163266,0.067263,-0.259828,-0.360796,0.013775,-0.232174,-0.154028,-0.392494,0.284763,-0.032655,0.117572,0.04967,-0.227436,-0.209956,0.138355,-0.392271,0.071186,-0.344178,-0.172078,-0.428058,-0.395519,0.092667,-0.062999,-0.202019,0.058743,0.285161,-0.41846,-0.064229,-0.208794,0.056145,-0.084854,0.167526,-0.129473,0.175929,0.070655,-0.016292,0.275305,0.440532,0.188175,0.208473,0.091589,-0.066997,0.099117,0.315545,-0.338037,0.118111,0.266712,-0.204282,-0.102936,0.122847,-0.046073,-0.291166,-0.293362,0.133619,#
1,-0.306722,1.0,0.202679,-0.304603,-0.149725,-0.02217,0.081393,0.289997,0.00627,0.255732,-0.324724,-0.035673,0.138853,0.323596,0.398866,0.153509,-0.504968,0.35697,0.138843,0.227444,0.08115,0.059525,0.321567,0.268978,0.024795,-0.093114,0.0188,-0.099904,-0.185227,0.275769,-0.119264,0.115524,0.0863,0.047109,-0.460014,0.082555,0.001584,-0.041017,-0.071405,0.120351,0.031963,0.231434,-0.078083,-0.080157,0.48799,-0.29784,0.259141,-0.249309,0.082779,0.104424,0.149018,0.004535,0.080633,-0.190267,-0.260324,-0.1013,-0.082309,-0.470643,-0.211575,-0.247446,0.12568,-0.038259,-0.456617,-0.211021,0.521885,0.115055,-0.000893,-0.192956,0.069408,0.006859,0.15694,0.157866,0.206866,-0.235051,0.123205,-0.202665,-0.245706,-0.139116,0.174654,0.121128,0.221362,-0.161439,-0.197774,0.191013,-0.139904,-0.190985,-0.149795,-0.332622,0.058781,0.275396,-0.045979,-0.195699,-0.27407,-0.014319,-0.184589,0.048558,0.234528,0.336205,0.542039,-0.162748,-0.118999,0.056877,-0.110523,-0.080048,-0.331445,0.030627,-0.232787,-0.081905,-0.067076,-0.176354,0.247981,0.312197,-0.061478,0.141571,-0.028852,0.005274,-0.032327,0.045776,0.422694,-0.437377,-0.118427,-0.327644,-0.527541,0.188344,-0.361007,-0.06274,0.258883,0.353127,-0.275646,0.031183,0.293313,0.41973,0.049248,-0.472095,-0.085393,-0.42036,0.25079,0.258104,-0.199631,-0.002132,0.129011,-0.251111,-0.134759,-0.172715,0.028819,0.09699,-0.100551,0.102266,-0.021785,-0.028939,-0.277237,-0.205195,0.078705,0.030555,-0.092636,0.12384,0.272801,-0.139342,-0.060284,-0.141469,0.056102,0.137312,-0.00768,0.129872,0.141099,0.21956,-0.051461,-0.012892,-0.253181,-0.286476,-0.15753,-0.269507,0.047556,0.002618,-0.061469,-0.032059,0.005381,0.031369,0.262529,-0.333758,0.314703,0.041749,-0.545035,-0.129736,0.056358,-0.0961,0.38883,-0.3273,-0.17052,0.390102,0.079389,-0.3509,-0.093812,0.426523,-0.062609,-0.352322,0.012589,0.10442,0.611915,-0.14707,#
2,-0.037698,0.202679,1.0,0.074723,0.0143,-0.165277,0.135596,0.113629,0.145583,0.121116,0.045002,-0.222699,-0.208741,-0.026143,-0.172267,-0.13128,-0.65108,0.3122,-0.22865,0.130069,-0.007579,0.410077,-0.032824,0.109838,0.550276,0.023764,0.286454,-0.084272,0.072046,-0.074904,0.159445,-0.019974,-0.293993,-0.299732,0.007958,-0.115296,0.097863,0.071358,0.444283,-0.415105,0.320325,0.022937,0.025536,-0.033534,0.067539,-0.242382,-0.10935,0.497727,-0.119244,-0.220352,-0.143993,-0.063414,0.352884,0.06646,-0.284258,-0.004214,-0.190264,-0.21986,-0.232811,0.188949,0.039988,-0.206858,-0.15803,-0.285507,0.001168,0.020513,0.340472,-0.00618,0.083288,0.51311,0.217615,0.356418,0.25869,0.309141,0.257842,-0.114677,-0.093281,-0.244642,0.086709,0.083735,0.175174,0.030761,-0.086681,0.386243,-0.184485,0.142538,0.186807,-0.035742,0.210922,0.138614,0.075167,-0.019745,0.246115,0.207093,0.089499,0.186112,0.388197,0.308078,0.377389,0.162776,-0.043143,0.337094,0.085772,0.021095,0.019912,0.353047,0.143646,0.28039,-0.536335,-0.118889,0.611442,-0.016774,0.16557,0.077691,0.420388,0.147373,-0.256323,0.058832,0.352251,0.00028,0.191494,0.039594,0.075217,0.274451,0.143348,0.275028,0.219171,0.052449,-0.079212,0.294988,0.584321,0.160406,0.398442,0.06629,-0.063857,0.119342,-0.400125,0.345589,0.456404,0.163603,0.00317,0.004937,0.160513,-0.186428,-0.119869,0.077865,-0.312725,0.065599,0.385203,0.305093,0.0508,0.177913,0.189599,-0.034822,0.024005,0.247814,0.149162,-0.006185,0.304016,0.174205,0.445093,0.220405,-0.144487,0.369916,0.266665,-0.198274,0.017628,-0.059018,-0.184702,0.225697,-0.115225,-0.214787,0.115931,0.247739,-0.218908,0.205761,0.140153,-0.119358,0.082993,0.007579,0.251718,-0.013808,-0.414162,-0.132452,-0.254083,0.367697,0.180995,0.036927,-0.094625,-0.005028,0.009187,-0.331284,-0.212926,0.449006,-0.355865,-0.003252,-0.133698,0.180691,0.270256,0.025894,#
3,-0.074148,-0.304603,0.074723,1.0,0.078352,-0.464563,-0.368651,-0.382439,-0.103757,-0.444233,0.162536,-0.188281,-0.326049,-0.39453,-0.378514,-0.340786,0.090759,-0.100095,-0.169444,0.150527,-0.122311,0.057179,-0.381755,0.242645,-0.011504,0.3806,0.315918,0.261044,-0.088959,-0.380033,0.145688,0.290358,0.086243,-0.161526,0.426023,-0.255545,-0.188833,-0.058233,0.025091,-0.081162,0.002538,-0.311934,0.158284,0.21817,-0.194386,0.512268,-0.153016,0.089863,0.008652,-0.313965,-0.312322,0.473215,0.051773,0.017054,-0.312065,-0.055034,0.458761,0.229512,0.34737,0.277981,-0.252195,-0.063133,0.080125,-0.368535,-0.090151,-0.380272,0.151781,-0.143415,0.104376,-0.039694,-0.157855,-0.064433,0.115685,0.061495,-0.021549,-0.123695,0.293785,0.306623,0.047133,-0.161907,0.129855,0.617777,0.244008,-0.169846,0.338429,0.364883,0.58425,0.147446,0.090906,-0.137589,0.030635,0.394427,0.358706,-0.157165,0.460156,0.423593,0.487682,0.215287,-0.096064,0.31155,-0.036161,0.251277,0.826267,0.115354,0.640104,0.338632,0.317464,0.07361,0.090076,0.152044,-0.157174,-0.274432,0.266275,0.114657,0.261041,0.035507,0.065683,0.121392,-0.261898,0.39305,0.309084,0.434064,0.598518,0.338168,0.281429,0.368742,-0.068978,-0.207846,0.548533,0.412475,0.145776,0.037882,0.360736,0.047851,0.367327,0.434427,-0.043235,0.253479,0.002483,0.684373,0.323093,0.21454,0.299193,0.25215,0.433557,0.170603,0.129595,-0.304774,0.341201,-0.025832,0.221648,0.441895,0.249929,0.507817,0.084431,0.409967,-0.172642,-0.540388,0.367982,0.241456,-0.232035,0.382217,-0.022922,0.110367,-0.173432,-0.160918,0.376869,0.234747,0.151569,0.382135,-0.018879,-0.119242,0.459503,0.437561,-0.390754,0.520537,0.355046,-0.186396,-0.605963,0.539721,-0.376665,-0.196809,0.317501,0.013053,-0.351549,0.090377,-0.111631,0.088481,0.592686,-0.371732,0.414647,0.032804,-0.311586,-0.243773,-0.147598,-0.152552,-0.248012,0.069247,0.121271,-0.539173,#
4,0.031359,-0.149725,0.0143,0.078352,1.0,-0.237137,-0.20796,0.148555,-0.043129,-0.370174,0.11082,-0.25088,0.059005,-0.110251,-0.260614,-0.288923,0.137811,-0.204066,0.054567,-0.271656,-0.314076,-0.350322,0.134619,-0.144754,0.036176,-0.165142,-0.279807,0.17909,-0.300384,0.090715,-0.251242,-0.526877,-0.198625,0.121874,0.020233,0.13038,-0.054219,-0.169841,0.237159,0.544303,0.066811,-0.339695,-0.281381,0.148579,-0.127775,0.263161,-0.142027,0.113394,0.181371,-0.109658,0.206403,0.038271,-0.020848,0.010085,0.136474,-0.074075,0.020188,0.361121,-0.022007,-0.203249,-0.28837,-0.013869,0.023002,0.029147,-0.252472,0.218123,0.391465,-0.187009,0.267682,-0.059934,0.094327,-0.287381,-0.158871,0.29108,0.208353,0.212844,-0.118348,-0.381082,-0.172483,-0.237854,-0.263652,0.017885,0.155256,0.049074,-0.128095,-0.208316,0.024821,0.306994,-0.021705,-0.112728,0.241644,-0.053151,0.235424,-0.228307,-0.316164,0.134961,0.242453,-0.025849,-0.1267,0.037024,0.109865,-0.12379,0.251141,-0.228839,0.009606,0.207059,0.18373,0.01502,-0.127541,-0.104053,-0.036014,0.171761,0.33903,0.002782,0.085094,0.038769,0.096483,0.213286,-0.247382,0.292236,-0.208005,-0.018013,0.327613,0.090721,0.40518,0.140581,-0.015625,-0.014118,0.081137,0.094338,-0.095121,-0.274342,-0.035533,-0.365941,-0.046283,0.070312,0.002288,0.079515,-0.14378,0.257533,-0.032466,-0.201199,-0.002809,0.128763,0.038913,-0.327924,-0.381001,0.054162,0.27393,-0.185679,-0.025339,0.005885,-0.330197,-0.101099,0.02403,-0.292864,-0.202239,-0.045261,0.112047,0.25776,-0.195455,-0.14026,-0.248667,0.098054,0.200289,-0.437472,-0.101911,-0.17732,0.000673,0.062755,-0.24158,-0.202624,-0.12379,-0.159762,0.206146,0.268078,0.232204,0.516627,-0.044805,-0.03343,-0.319339,0.204976,0.231885,0.123476,0.112144,0.013348,-0.239163,-0.356428,0.200505,-0.099031,-0.111832,0.078023,0.401472,-0.030705,-0.152633,0.26776,0.032512,0.056534,-0.326441,-0.250817,#
5,0.030781,-0.02217,-0.165277,-0.464563,-0.237137,1.0,0.587874,0.587874,0.09243,0.350509,-0.025452,0.255859,0.449043,0.406645,0.316966,0.305738,0.223957,0.265678,0.260391,0.180578,0.207769,0.266326,0.159586,0.039057,-0.265409,-0.116967,0.077729,-0.301147,0.313839,0.018584,-0.028235,-0.019387,-0.008338,0.018252,-0.277028,-0.171623,0.154799,0.092044,-0.157921,-0.362777,-0.188092,0.419201,0.243666,-0.205309,-0.108627,-0.566981,0.168678,-0.119205,0.206689,0.139407,-0.261696,-0.095319,0.121022,0.192826,0.4542,0.524702,-0.307825,-0.406332,-0.123615,-0.205709,0.519252,-0.29699,-0.111559,0.523912,-0.024429,0.576414,-0.024329,0.354318,-0.117302,0.000287,0.018604,0.328709,-0.467006,-0.147657,-0.149837,0.415391,-0.152242,0.032137,0.283672,0.037289,0.097265,-0.282786,-0.281675,-0.310764,-0.210319,-0.104864,-0.081604,-0.0784,-0.021508,-0.254914,-0.13456,-0.310906,-0.363906,0.252127,-0.142913,-0.239498,-0.176566,-0.331021,-0.072779,-0.450189,-0.069475,-0.01496,-0.438644,-0.157054,-0.297033,-0.241677,-0.342762,-0.076546,0.185969,-0.318403,-0.049112,0.038741,-0.393466,-0.342551,0.143272,-0.083809,-0.39702,-0.070176,0.196466,-0.418287,0.052026,-0.634557,-0.261356,-0.73678,-0.157325,-0.020044,-0.220622,-0.056531,-0.180404,-0.255257,-0.173668,-0.062032,-0.26487,0.164371,-0.214398,-0.246874,0.22192,-0.522941,-0.057113,-0.523321,-0.1653,0.049335,-0.201816,-0.215656,-0.338578,-0.120826,0.171947,0.21934,-0.155999,-0.162994,0.09647,-0.02559,-0.004288,-0.045211,-0.049163,-0.382825,0.317206,0.521631,-0.260099,-0.226412,0.244503,-0.149743,-0.368099,-0.18394,0.213017,0.364623,0.096131,0.098101,-0.042365,0.306805,0.128277,0.031157,-0.283047,-0.142522,0.415988,-0.381127,-0.054638,-0.260029,0.360409,-0.244249,0.448704,0.321278,-0.025886,-0.038054,0.35099,0.190699,-0.027808,0.178846,-0.323488,0.127883,-0.198736,-0.111853,0.20382,-0.277633,-0.191575,-0.038826,0.290915,-0.066969,-0.371703,0.367699,#
6,0.028931,0.081393,0.135596,-0.368651,-0.20796,0.587874,1.0,0.604567,0.249657,0.508549,-0.007013,0.217219,0.501519,0.225339,0.105614,-0.002451,-0.024351,0.041875,0.105419,-0.074299,-0.024531,0.487802,0.040679,0.120775,0.07825,-0.199623,0.328146,0.016429,0.547466,0.068786,-0.314935,-0.161057,-0.034766,-0.130712,-0.063027,-0.010474,-0.1597,0.173625,-0.031785,-0.432794,0.079994,0.238401,0.300667,-0.342061,-0.128762,-0.418353,0.01605,-0.211069,0.063356,0.340198,-0.11676,-0.146041,0.140019,0.045277,0.279977,0.353042,-0.171952,-0.501614,-0.164475,0.233664,0.34173,0.037554,-0.10795,0.251548,0.027227,0.296997,0.107869,0.285717,0.150285,0.057872,0.289565,0.240535,-0.35222,-0.139805,0.011057,0.231173,0.00823,0.126502,0.059354,0.009292,-0.094512,-0.247267,-0.320643,-0.105707,-0.238833,0.249672,-0.066677,-0.195366,0.303128,-0.139698,-0.011068,-0.470856,-0.215043,0.077519,0.122365,-0.259401,0.036602,-0.127202,0.028084,-0.635879,0.033001,0.073795,-0.380067,-0.041956,-0.380307,0.095019,-0.329762,-0.372224,-0.033261,-0.285432,-0.209979,-0.077059,-0.326763,-0.385122,-0.005658,-0.326224,-0.289074,0.292714,0.022999,-0.145784,0.144263,-0.426569,-0.054539,-0.591116,-0.284208,-0.119556,0.123797,0.132014,-0.258019,-0.139992,-0.176159,-0.116617,-0.404312,0.15811,0.005378,-0.132692,0.27348,-0.378167,-0.096576,-0.298454,-0.049365,-0.257612,-0.285406,-0.135122,-0.247721,-0.142999,-0.065207,0.16753,-0.088332,-0.026146,0.121397,-0.023246,0.138216,-0.090846,0.054017,-0.428354,-0.053995,0.21446,-0.105704,-0.114474,-0.155479,-0.216025,-0.251796,0.063697,0.297979,0.253779,0.194184,0.248928,-0.194809,0.381624,0.191815,-0.07386,-0.164729,0.126292,0.561841,-0.293943,0.26546,-0.073233,0.498532,-0.432545,0.360021,0.642654,0.093655,-0.396874,0.16148,0.016438,-0.090015,0.260271,-0.220018,0.274741,-0.263057,-0.159337,0.24755,-0.071005,-0.064624,0.09533,-0.080454,0.034612,-0.278547,0.294527,#
7,0.022102,0.289997,0.113629,-0.382439,0.148555,0.587874,0.604567,1.0,0.07127,0.334944,-0.007013,0.038877,0.709343,0.588928,0.105614,0.196682,-0.038168,0.222547,0.331178,0.108582,0.158185,0.292219,0.238453,0.120775,0.07825,-0.199623,-0.079184,-0.17773,0.164338,0.30224,-0.119334,-0.169662,0.148786,0.103274,-0.399286,0.172197,0.063572,-4.9e-05,-0.031785,-0.224903,0.079994,0.260569,0.105361,0.080916,-0.128762,-0.620027,0.01605,-0.25375,0.102005,0.065359,-0.11676,0.095651,0.360924,0.036611,0.300361,0.300847,-0.363666,-0.317944,-0.164475,-0.010292,0.34173,0.046881,-0.252014,0.324153,-0.14602,0.524297,0.107869,0.221703,0.073873,0.057872,0.322723,0.295027,-0.580759,-0.139805,0.021209,0.264384,-0.159916,-0.077474,0.244586,-0.165616,0.09168,-0.247267,-0.320643,0.078886,-0.417828,-0.101956,-0.066677,0.010468,0.123015,-0.356628,-0.011068,-0.460627,-0.405035,0.088329,-0.25559,-0.071056,0.036602,-0.127202,0.244115,-0.635879,0.033001,0.073795,-0.194056,-0.453323,-0.163898,0.095019,-0.329762,-0.159155,-0.033261,-0.464648,-0.018359,0.342025,-0.316398,-0.185665,0.183794,-0.137066,-0.289074,-0.05495,0.21856,-0.335103,-0.260076,-0.760941,-0.227419,-0.591116,-0.26409,-0.106845,0.123797,0.157849,-0.266649,0.07949,-0.176159,0.075338,-0.218301,-0.020258,-0.347282,-0.132692,0.27348,-0.378167,-0.106097,-0.298454,-0.049365,-0.047133,-0.285406,-0.178624,-0.048358,-0.153588,-0.293432,0.16753,-0.088332,-0.225806,-0.25076,-0.023246,-0.217546,-0.090846,-0.152804,-0.428354,0.197958,0.21446,-0.105704,-0.114474,0.048434,-0.024507,-0.251796,0.081968,0.310708,0.073539,0.194184,-0.09129,-0.194809,0.381624,-0.229079,-0.194789,-0.164729,-0.062804,0.383266,-0.293943,0.26546,-0.061668,0.498532,-0.432545,0.360021,0.642654,-0.090557,-0.200692,0.381147,0.212594,0.290616,-0.147787,-0.232881,0.465291,-0.247355,-0.340636,0.481426,-0.071005,-0.495668,-0.252516,0.311635,0.046547,-0.077709,-0.066813,#
8,-0.345156,0.00627,0.145583,-0.103757,-0.043129,0.09243,0.249657,0.07127,1.0,0.209202,-0.138963,-0.019109,-0.014801,0.152336,0.29468,-0.059438,-0.127132,0.331891,-0.25342,-0.046689,-0.261794,0.338046,0.24973,0.347897,0.096107,0.303239,0.197419,0.298609,0.174329,-0.048703,-0.140129,-0.393939,-0.120306,-0.065053,0.1327,0.055948,-0.145843,-0.218419,0.455903,-0.147511,0.158158,-0.227894,-0.122228,-0.002461,0.309802,-0.05087,-0.154621,0.261633,0.205188,0.124542,0.17317,-0.274597,-0.169271,0.082603,-0.127151,0.515397,0.185899,-0.383003,-0.100613,0.21586,-0.122376,0.004324,0.078221,0.132496,0.025382,0.170057,0.109271,0.153112,0.14762,0.36176,0.11002,0.150776,0.161225,0.160788,0.105907,-0.232843,-0.054075,-0.148959,0.03711,-0.043572,-0.024811,0.092309,-0.158739,0.111387,0.099923,0.356857,0.269348,-0.139442,0.008368,-0.076287,0.474636,0.16559,-0.070413,0.54165,0.130924,0.008671,0.084481,-0.109418,-0.211702,-0.242626,0.251355,0.338624,-0.130345,0.402085,-0.234836,-0.059115,0.09982,-0.05407,-0.107501,-0.214345,-0.030174,-0.350202,0.091621,-0.340795,0.113154,0.077007,0.11605,0.124391,0.348012,-0.039309,0.212448,-0.189573,0.102734,-0.107501,-0.056618,-0.127521,0.178701,-0.083176,-0.332916,-0.269635,-0.039339,0.266947,-0.286695,-0.023812,0.041018,0.102119,0.255835,-0.069486,-0.358302,-0.137681,0.21635,-0.2502,-0.156319,-0.221181,-0.387431,-0.407956,0.118796,0.11586,0.21423,0.19165,0.226275,0.001149,0.206924,-0.047605,0.151509,-0.221878,0.228685,0.253119,0.06462,0.306001,-0.052551,0.290028,0.249366,0.00842,-0.180097,0.106428,0.1238,-0.085752,-0.200006,0.297111,-0.116543,-0.313724,0.123419,0.295053,0.120664,0.041294,-0.224008,-0.055896,0.359176,-0.459784,0.24205,0.289819,-0.234149,-0.457851,-0.137281,0.101334,-0.154175,0.153962,-0.349254,-0.191097,-0.406025,-0.269065,-0.05028,0.116375,-0.048096,0.227796,-0.039304,-0.027003,-0.044976,0.142756,#
9,-0.08386,0.255732,0.121116,-0.444233,-0.370174,0.350509,0.508549,0.334944,0.209202,1.0,-0.298064,0.123521,0.429146,0.588115,0.411592,0.387992,-0.267712,0.370326,0.083872,0.009071,-0.277556,0.474773,0.348668,0.275099,0.166972,-0.147037,0.13179,-0.047735,0.264425,0.442365,0.038713,0.278563,0.253634,-0.173893,-0.307444,0.236268,-0.037826,0.067008,0.008388,-0.442765,0.013632,0.30149,0.140232,-0.024489,0.149192,-0.50141,0.216509,0.091814,-0.084175,0.427145,0.073118,-0.10272,0.095056,-0.192765,0.122951,-0.053371,-0.118496,-0.404765,-0.139386,0.057328,0.556144,0.172107,-0.3214,0.018622,-0.014774,0.224009,-0.171,0.424016,-0.266034,0.233155,0.155024,0.462648,-0.200386,-0.305229,-0.025086,0.166169,-0.014498,-0.077439,-0.105928,-0.047353,0.124569,-0.523307,-0.591367,0.265813,-0.327468,0.065876,-0.194502,-0.025463,0.210155,-0.178499,-0.147144,-0.269288,-0.352313,0.524295,0.077851,-0.274568,-0.252901,-0.278266,0.057192,-0.512618,-0.017814,-0.135474,-0.283274,0.141795,-0.119449,-0.18022,-0.489035,-0.098745,-0.166474,-0.406886,0.04723,0.308761,-0.228362,-0.286159,-0.216213,-0.378902,-0.414749,-0.054028,0.475099,-0.577592,0.109349,-0.309309,-0.034245,-0.416376,-0.437803,-0.045141,0.206606,0.249269,-0.210857,-0.362686,-0.18731,0.318873,-0.299244,-0.153446,-0.443364,-0.562086,0.138834,-0.355681,0.154349,-0.434657,-0.027737,0.007967,-0.43938,-0.329895,-0.265314,0.195903,0.06298,0.254355,-0.30959,-0.136438,-0.24461,-0.332151,0.066474,-0.337366,-0.118838,-0.342492,0.127922,0.342661,-0.238371,-0.130301,0.112329,-0.15713,-0.08488,0.260079,0.495927,0.655088,-0.325083,0.056186,-0.492104,0.034013,-0.069793,-0.053346,-0.353287,0.081416,0.420667,-0.490292,-0.189173,0.106307,0.68116,-0.608453,0.488561,0.123473,-0.520799,-0.313841,0.320332,-0.232991,0.315196,0.06478,-0.594284,0.121971,-0.085587,-0.060925,0.243372,0.492578,-0.036959,-0.052121,-0.10132,0.05944,0.25701,0.351904,#
10,0.131761,-0.324724,0.045002,0.162536,0.11082,-0.025452,-0.007013,-0.007013,-0.138963,-0.298064,1.0,-0.332184,0.077487,-0.392957,-0.208147,-0.155934,-0.076313,-0.306584,-0.052389,-0.168809,-0.088855,-0.128423,-0.188553,0.048429,-0.004574,-0.018508,-0.197918,0.139695,0.061829,-0.34733,0.313357,-0.056883,-0.441042,-0.339884,0.321947,-0.132854,0.400992,0.295328,0.010358,0.10121,-0.123885,-0.175253,0.177548,-0.122603,-0.06996,-0.049465,-0.330671,0.175298,0.100878,-0.11304,-0.31791,0.279659,-0.002138,0.209507,0.214462,0.269529,-0.35558,0.265818,0.038415,0.023318,-0.206598,-0.054962,0.182671,-0.015626,0.117819,-0.202609,0.164075,-0.111313,0.328467,0.117828,0.415733,-0.330375,-0.187392,0.198604,-0.192818,0.347316,0.118079,0.126029,0.042091,-0.182675,0.087313,0.255364,0.082174,0.090967,-0.010452,0.019877,0.255798,-0.026566,-0.084061,0.036473,0.022906,0.017572,0.183873,-0.030518,-0.119736,0.212815,-0.00506,-0.118867,0.048498,-0.016291,-0.032814,-0.192155,0.164854,-0.283725,0.036903,-0.165652,-0.200035,0.164471,0.094403,0.257828,0.021809,-0.249646,-0.246572,0.063656,0.114152,-0.194502,0.071457,-0.341001,-0.216149,0.325674,-0.244468,0.061583,0.105671,0.065504,-0.051696,-0.04662,0.07879,0.179328,-0.043563,0.040719,-0.042963,-0.185962,-0.160707,0.33461,0.186788,0.221254,-0.269468,0.014566,-0.002145,0.18333,0.096945,0.351098,-0.071442,-0.052062,0.405303,0.169815,-0.144603,0.141275,0.32916,0.072513,0.183476,0.245167,0.059962,0.006785,0.039741,-0.016291,-0.291693,-0.036024,0.138779,0.013429,-0.07409,0.16687,-0.070014,0.344601,0.125817,-0.185512,0.195693,-0.098861,-0.030739,0.195855,0.308926,0.160905,0.228269,0.042678,-0.060846,-0.012744,0.330485,0.110403,-0.310032,0.216184,-0.003094,0.117502,0.155017,0.173371,-0.021195,0.115674,-0.165468,0.042162,0.063208,0.272906,-0.114406,0.178177,0.257531,-0.511546,0.132737,0.188645,0.06711,0.243667,-0.135734,-0.015422,#
11,0.053404,-0.035673,-0.222699,-0.188281,-0.25088,0.255859,0.217219,0.038877,-0.019109,0.123521,-0.332184,1.0,0.145553,0.230514,0.042662,-0.026805,0.263472,-0.025284,0.131175,-0.149773,0.255547,-0.057936,0.038888,-0.053602,0.170703,-0.004269,-0.193285,-0.079483,-0.063576,-0.268304,-0.124057,-0.124713,-0.07234,0.144782,-0.204184,0.128736,-0.299818,0.150236,-0.017943,-0.077083,-0.224107,0.38843,-0.166918,-0.390063,-0.108036,0.226064,0.13544,-0.141238,-0.043806,0.11436,0.130474,-0.268264,-0.119849,0.415669,-0.177088,0.109686,-0.245014,-0.101168,-0.047173,0.181419,0.039092,-0.148491,0.116309,0.083137,-0.093017,0.058693,0.007417,-0.100485,0.004836,-0.295959,-0.09658,0.068647,-0.018096,-0.040064,-0.277213,-0.27212,-0.29924,0.058726,-0.176492,0.19215,-0.109826,-0.098988,-0.072761,-0.28071,0.02782,-0.347626,-0.268238,0.201216,-0.246666,0.164347,-0.010952,-0.349154,-0.199105,0.004861,-0.083764,-0.396786,-0.309249,-0.196338,-0.434042,-0.159412,0.397423,-0.019815,-0.343154,0.089642,-0.061714,0.180447,0.030397,0.206348,0.166718,0.039997,-0.262796,-0.133761,-0.249118,-0.261318,0.047632,0.026821,0.205007,0.207711,-0.058287,0.005703,0.253983,-0.208491,-0.118175,-0.080131,0.011028,-0.144652,0.110039,0.079087,0.05393,-0.232589,-0.281766,0.011144,-0.334191,0.358981,0.001914,-0.227184,0.271559,-0.237328,-0.188111,-0.020767,-0.292114,0.00357,-0.122071,0.148142,-0.237341,0.099892,-0.070129,0.072243,-0.159383,-0.111203,-0.069781,0.241778,-0.214191,0.17796,0.14222,0.165061,-0.048058,0.344409,-0.154277,-0.224149,-0.184544,-0.17902,0.057364,-0.366538,-0.128172,0.178871,0.010921,-0.031697,0.269975,-0.00849,-0.116872,0.453436,-0.234966,-0.418003,0.089773,-0.350833,-0.174933,0.079539,-0.006382,-0.076826,-0.10007,-0.072462,0.050496,-0.156316,0.214854,0.120636,-0.139001,0.309181,0.29833,0.081064,-0.175618,0.491923,-0.03887,0.071653,0.07836,-0.159894,0.278225,-0.41961,-0.253823,0.153737,#
12,0.289652,0.138853,-0.208741,-0.326049,0.059005,0.449043,0.501519,0.709343,-0.014801,0.429146,0.077487,0.145553,1.0,0.504675,0.201852,0.148451,0.08711,-0.031059,0.254675,0.044042,0.09004,0.188248,0.293166,0.080851,-0.166271,-0.465091,-0.197932,-0.064365,0.051936,0.271158,0.107393,0.072664,0.258489,0.061914,-0.341939,0.28231,0.121034,-0.117855,-0.288366,-0.086813,0.037866,0.328413,0.15716,-0.047643,-0.217529,-0.46339,0.093786,-0.187404,0.121032,0.105589,-0.288712,0.119566,0.327517,0.181384,0.365851,0.271604,-0.338259,-0.255489,-0.117594,0.032182,0.419174,0.272046,-0.187164,0.318047,-0.071174,0.155241,-0.146687,0.28866,0.154112,-0.127355,0.38871,0.033362,-0.644362,-0.410908,-0.234932,0.325375,-0.084173,0.080503,-0.009286,-0.256707,0.00649,-0.377554,-0.235121,-0.190298,-0.349508,-0.032846,-0.003848,0.043179,-0.12891,-0.421535,-0.263299,-0.594312,-0.476327,0.14008,-0.22803,-0.330582,-0.244295,-0.223364,-0.115129,-0.576659,0.09464,-0.188358,-0.145354,-0.129269,-0.147041,-0.151401,-0.450046,-0.234743,-0.06948,-0.41796,-0.129853,0.306988,-0.467707,-0.258984,-0.131827,-0.40496,-0.095139,-0.147894,-0.079359,-0.298892,-0.113368,-0.519314,-0.174942,-0.655853,-0.216265,-0.289546,0.053973,0.5341,-0.26257,0.036871,-0.267794,0.009243,-0.512163,0.041315,-0.305759,-0.212743,0.246717,-0.444177,-0.262427,-0.239389,0.079045,0.218686,-0.352465,-0.120082,-0.010818,0.110035,-0.342703,0.190896,-0.23855,-0.502846,-0.376632,-0.29798,-0.117803,-0.16552,-0.133033,-0.508436,0.06136,0.274082,-0.322787,-0.192984,-0.066737,-0.277587,-0.069288,0.077649,0.154444,0.20158,-0.047555,-0.000266,-0.245564,0.147887,-0.180279,-0.097974,-0.439075,-0.025362,0.30096,-0.454882,0.023558,0.201926,0.241681,-0.523727,0.294748,0.397977,0.033383,0.047456,0.26504,-0.104809,0.201449,-0.130655,-0.177724,0.396442,-0.262032,-0.051834,0.562145,-0.175408,-0.147684,0.023819,0.012502,-0.108468,-0.048103,0.038018,#
13,0.146739,0.323596,-0.026143,-0.39453,-0.110251,0.406645,0.225339,0.588928,0.152336,0.588115,-0.392957,0.230514,0.504675,1.0,0.355468,0.505045,-0.170226,0.28866,0.3106,-0.056894,0.166889,0.178504,0.5891,0.233572,0.102109,-0.01544,-0.029419,-0.296623,0.159765,0.401581,0.045687,0.114504,0.33956,-0.004499,-0.552572,0.360897,0.067331,-0.356416,-0.046437,-0.273536,-0.029812,0.359245,0.004745,0.224581,0.100046,-0.43,0.183802,-0.232821,-0.221067,0.223727,0.126105,-0.118116,0.249975,0.008986,0.199143,0.142032,-0.245949,-0.352647,-0.184313,0.108519,0.5917,0.160523,-0.247275,0.144843,-0.074574,0.496347,-0.23756,0.432179,-0.488762,-0.101148,-0.171924,0.464545,-0.443852,-0.23025,-0.261943,0.208516,-0.414653,-0.307734,-0.19103,-0.122604,0.040283,-0.455836,-0.481585,0.176256,-0.39264,-0.335147,-0.281052,0.022808,-0.025763,-0.423162,-0.024637,-0.352527,-0.577606,0.248542,-0.213229,-0.348161,-0.352426,-0.201436,-0.098332,-0.412339,0.230217,-0.18038,-0.378068,-0.277553,-0.077433,-0.247466,-0.25227,0.232398,0.041809,-0.4914,-0.056591,0.454082,-0.334569,-0.348261,0.1846,0.069082,-0.450001,-0.297449,0.363052,-0.511302,-0.303984,-0.512099,-0.116924,-0.451767,-0.37914,-0.20941,0.136294,0.010763,-0.392907,-0.207359,-0.266443,0.255181,-0.235907,-0.242889,-0.699126,-0.609862,0.359747,-0.402108,-0.065175,-0.515821,-0.077251,0.007278,-0.304489,-0.321033,-0.388143,-0.08791,0.08071,0.360997,-0.428684,-0.38097,-0.347886,-0.259927,-0.325589,-0.238959,-0.071798,-0.219153,0.402685,0.390864,-0.211787,-0.175104,0.182556,-0.037004,-0.123685,-0.293535,0.137622,0.262086,-0.382175,-0.004298,-0.319467,-0.0206,-0.33545,-0.099387,-0.399696,-0.212969,0.164581,-0.268428,-0.25635,0.039787,0.591742,-0.512375,0.413104,0.216022,-0.392417,-0.057413,0.580873,0.189712,0.446948,-0.26768,-0.369628,0.387642,-0.308615,-0.114329,0.317855,0.223855,-0.479592,-0.253357,0.311741,-0.275531,0.131065,0.112083,#
14,-0.124916,0.398866,-0.172267,-0.378514,-0.260614,0.316966,0.105614,0.105614,0.29468,0.411592,-0.208147,0.042662,0.201852,0.355468,1.0,0.245578,-0.202512,0.415549,0.421231,0.047665,0.145389,0.213881,0.119145,0.137521,-0.121864,0.08629,-0.077499,0.083245,0.04201,0.296896,-0.044959,0.094845,-0.196813,0.281286,-0.453975,-0.026289,-0.26569,-0.001462,0.056534,-0.177152,0.120357,0.310691,-0.075888,0.185494,0.56566,-0.223108,0.201109,0.058891,0.32683,-0.093983,0.043291,0.0079,-0.177124,-0.227796,0.155167,0.203842,0.041599,-0.300024,-0.344688,-0.190056,0.319691,-0.022281,-0.153571,0.310829,0.413128,0.100874,-0.43013,0.075952,-0.086498,-0.058765,0.198033,0.337052,0.133617,-0.228277,-0.118831,-0.191326,0.0639,0.169212,-0.037274,0.009295,0.197586,-0.444623,-0.354875,0.022484,-0.273175,-0.020025,0.045689,-0.094873,-0.054658,0.062491,0.077922,-0.199187,-0.112231,0.439746,0.01176,-0.038643,-0.171202,-0.047352,-0.005146,-0.276352,0.120814,-0.103594,-0.194013,0.183446,-0.362704,-0.451651,-0.430629,0.053074,-0.136381,-0.151123,-0.04545,0.342119,-0.297698,-0.050239,-0.205316,0.026115,-0.121339,0.028668,0.460926,-0.431241,0.151392,-0.227654,-0.44163,-0.136381,-0.423999,-0.293762,-0.054331,0.268118,-0.478636,-0.110457,-0.123684,0.203137,-0.374908,-0.359443,-0.350513,-0.303489,0.425509,-0.108321,-0.159194,-0.356902,-0.188629,-0.176448,-0.200196,-0.133404,-0.157277,-0.131644,0.090771,-0.048412,-0.226257,-0.050584,-0.229803,-0.430679,0.128499,-0.28288,0.021965,-0.304623,0.300363,0.163028,-0.305551,-0.308529,-0.068866,0.058762,0.20296,0.030699,0.023159,0.533685,-0.280972,-0.000669,-0.234348,-0.294946,-0.060177,-0.016665,-0.103594,0.192544,0.357991,-0.045583,-0.301318,0.035708,0.441895,-0.203637,0.396563,0.048104,-0.442956,-0.050329,0.285927,-0.050965,0.246084,-0.185997,-0.295196,0.052885,-0.127971,-0.168467,0.214336,0.083596,0.093063,0.024745,0.201503,0.001163,0.182049,0.054748,#
15,0.167622,0.153509,-0.13128,-0.340786,-0.288923,0.305738,-0.002451,0.196682,-0.059438,0.387992,-0.155934,-0.026805,0.148451,0.505045,0.245578,1.0,-0.139402,0.320477,0.396646,0.092129,0.199565,-0.123844,0.380904,-0.053416,-0.090454,0.032298,0.073547,-0.012636,0.042994,0.403695,0.397484,0.150038,0.401547,-0.075439,-0.086391,-0.140413,0.431152,0.053907,0.003402,-0.140446,0.159373,0.24047,0.120787,0.262121,0.177482,-0.335341,0.025435,-0.184831,-0.162757,0.235827,0.353726,0.065567,0.108334,-0.096252,0.283105,0.014733,-0.261955,-0.40675,-0.398148,0.032044,0.358048,-0.005217,-0.48941,0.232843,0.022227,0.21564,-0.265029,0.242502,-0.505826,0.250735,-0.171444,0.265242,-0.22622,-0.083493,-0.184258,0.216337,-0.000765,-0.132447,0.10736,0.135971,0.415716,-0.284047,-0.037444,0.406393,-0.092146,-0.22252,-0.273665,-0.023211,0.025429,-0.105722,0.019835,0.107022,-0.186054,0.282867,0.039789,0.029784,-0.314683,-0.598063,0.128911,-0.098086,-0.209767,-0.080018,-0.326683,-0.130163,-0.069617,-0.286774,-0.006244,0.159869,0.310397,0.059492,0.034524,0.282787,-0.205131,-0.224872,0.246325,0.087601,-0.229354,-0.462743,0.299517,-0.470269,-0.350206,-0.165075,-0.10143,-0.230254,-0.391687,0.081969,0.019256,-0.024899,-0.320753,-0.311397,-0.030291,0.263789,-0.000833,0.03032,-0.335435,-0.31083,-0.027778,-0.08265,0.044171,-0.5975,0.089115,0.280114,0.068662,-0.030871,-0.156531,-0.03037,0.351105,0.283739,-0.269853,-0.424913,-0.051254,-0.103752,0.029784,-0.094614,0.139252,-0.007593,0.219365,0.290292,-0.34793,-0.077209,0.302671,-0.184389,-0.035498,-0.240023,0.101024,0.121971,-0.184271,0.130227,-0.037211,-0.182594,0.197986,0.102309,-0.080018,-0.333332,-0.008448,-0.075866,-0.107494,0.080694,0.401688,-0.326855,0.228863,-0.088347,-0.256053,0.207548,0.414772,-0.189659,0.441913,-0.060773,-0.524309,0.101771,-0.023842,-0.093134,0.174416,0.104155,-0.224219,-0.283022,0.265209,-0.27518,0.039608,0.267138,#
16,0.005116,-0.504968,-0.65108,0.090759,0.137811,0.223957,-0.024351,-0.038168,-0.127132,-0.267712,-0.076313,0.263472,0.08711,-0.170226,-0.202512,-0.139402,1.0,-0.279696,0.083621,-0.07933,0.00667,-0.348024,-0.2059,-0.227576,-0.449946,-0.119201,-0.136941,-0.012755,0.061089,-0.033368,-0.183186,-0.071189,0.157052,0.384753,0.107674,0.153724,-0.20287,-0.125909,-0.330622,0.297872,-0.170757,-0.189714,0.025934,-0.031618,-0.372805,0.253628,-0.138283,-0.116605,0.148329,0.052023,-0.143353,0.164233,-0.061534,0.066487,0.053477,0.055762,0.273232,0.339462,0.271563,-0.059567,-0.158254,0.097166,0.400733,0.083374,-0.216579,0.095164,-0.120524,0.068045,0.123422,-0.356868,-0.2618,-0.277787,-0.295383,-0.106662,0.112406,0.137309,0.117599,0.117848,0.064956,0.119835,-0.168089,0.145379,0.14957,-0.518886,0.249509,0.050275,-0.017826,0.34452,-0.168479,-0.205895,-0.175869,0.219532,0.047831,-0.226286,0.059742,-0.145901,-0.21903,-0.139799,-0.29207,-0.08827,0.145803,0.007241,0.082995,0.115232,0.098323,0.083349,0.25627,-0.366763,0.206172,0.110277,-0.420555,-0.105156,0.180461,-0.028173,-0.25343,-0.093516,0.171187,0.278885,-0.387853,0.159454,0.151927,0.046676,0.150327,-0.300651,0.159439,-0.14081,-0.498646,-0.343725,0.195151,-0.179229,-0.36187,-0.253722,-0.047723,0.289345,0.225555,0.210087,0.06026,-0.406559,-0.090988,0.030761,-0.085946,0.036284,-0.042322,0.447146,0.215693,-0.207975,-0.011393,-0.227835,-0.235033,-0.241281,0.120956,0.029075,-0.126888,0.101643,-0.307374,-0.114375,-0.251337,0.099894,-0.204944,0.187683,-0.248024,-0.142127,0.033849,-0.293206,-0.144665,0.066794,0.233275,-0.107355,0.331259,0.060858,0.008957,0.226833,-0.209462,-0.136116,0.158644,-0.237775,-0.082233,-0.023746,-0.281639,0.179681,-0.613625,-0.065361,0.610444,0.10749,-0.032834,-0.032917,-0.219806,0.086207,0.375096,-0.382359,0.070556,0.215039,0.068532,-0.418556,0.213025,0.090851,0.027196,-0.100676,-0.504401,-0.128457,#
17,-0.486033,0.35697,0.3122,-0.100095,-0.204066,0.265678,0.041875,0.222547,0.331891,0.370326,-0.306584,-0.025284,-0.031059,0.28866,0.415549,0.320477,-0.279696,1.0,0.145936,0.47888,-0.118782,0.352424,0.236247,0.317436,0.249789,0.281036,0.078884,-0.018015,-0.211138,-0.041548,0.118375,0.09893,0.077741,-0.05748,-0.370741,-0.142458,0.014811,-0.04043,0.115808,-0.346621,-0.039913,0.031195,0.100038,0.240679,0.27561,-0.351033,0.065129,0.375031,0.097857,-0.140835,0.002945,0.029588,0.055589,0.009527,-0.146117,0.19773,-0.016721,-0.387165,-0.294718,-0.24299,0.058648,-0.430903,-0.425754,0.220006,0.035998,0.336065,-0.057297,0.07753,0.007821,0.47385,0.159093,0.487708,0.168961,-0.158496,0.257757,-0.20933,0.147047,-0.142096,0.406639,-0.020915,0.498238,-0.055343,-0.294263,0.273204,-0.025874,0.209204,0.282503,-0.078934,0.046903,0.117107,0.127998,0.075889,-0.061574,0.746767,0.01891,0.050191,0.264731,-0.128779,0.365828,-0.036895,-0.133738,0.350766,0.079874,0.256534,-0.152744,0.121983,-0.007118,-0.043486,-0.103107,-0.330246,0.302955,0.228528,0.114798,-0.179489,0.141238,0.250376,-0.088051,-0.018774,0.773872,-0.663859,0.223947,-0.459489,-0.181023,-0.103107,-0.042849,0.130209,0.015631,-0.03621,-0.031982,-0.064724,0.159737,0.451471,0.08278,-0.08865,-0.07358,-0.062676,0.009182,-0.062572,0.006278,-0.100117,0.068531,-0.006822,-0.14955,-0.367732,-0.151362,-0.053606,0.126047,0.125629,0.243352,0.014877,-0.253087,-0.001746,0.078876,-0.036508,0.025433,-0.049148,0.206998,0.323196,0.065089,0.14784,0.239574,0.444836,-0.159111,0.236882,0.242425,0.44007,0.135121,-0.228194,-0.195749,0.123955,-0.166327,-0.395097,0.132804,0.162005,0.11995,0.075831,-0.067165,-0.341789,0.366542,-0.29106,0.313211,-0.221164,-0.556462,-0.128053,0.058421,-0.091781,0.359558,0.16125,-0.338268,-0.19229,0.361893,-0.407767,-0.020656,0.209215,-0.360303,-0.276176,0.146313,-0.013507,0.343772,-0.035829,#
18,0.138665,0.138843,-0.22865,-0.169444,0.054567,0.260391,0.105419,0.331178,-0.25342,0.083872,-0.052389,0.131175,0.254675,0.3106,0.421231,0.396646,0.083621,0.145936,1.0,-0.090369,0.300109,-0.052172,-0.056038,-0.114152,-0.030882,0.083436,0.003055,0.143857,-0.043498,0.258814,-0.083779,0.00262,-0.143247,0.278094,-0.300864,-0.152483,-0.162056,0.148162,-0.126483,-0.070131,0.262332,0.449419,-0.010773,0.413069,0.176008,0.06748,0.082801,-0.164471,-0.058188,-0.219852,0.091653,0.281204,0.212688,-0.151801,0.421445,-0.004341,-0.200528,0.045708,-0.172137,-0.067219,0.246378,-0.013569,0.009274,0.311521,0.106749,0.3252,-0.33674,-0.020935,-0.176051,-0.275414,0.141905,0.041849,-0.329177,0.063514,0.047825,-0.019522,-0.000355,0.110313,0.06145,-0.092853,0.070779,-0.20698,-0.200597,0.137047,-0.148366,-0.232853,-0.161459,0.075925,0.067478,0.039502,-0.126268,-0.219851,0.073447,0.003109,-0.205909,0.08089,-0.067751,-0.270459,0.097349,-0.157575,0.193681,-0.262699,-0.079888,-0.338828,-0.092435,0.186797,-0.134583,0.047068,0.217579,-0.03531,-0.300195,0.314927,-0.147637,-0.080976,-0.004241,0.298052,-0.050452,-0.017903,-0.009281,-0.056138,-0.092539,-0.102542,-0.196024,-0.152768,-0.162929,-0.014083,0.06721,0.084344,-0.250154,0.071853,-0.241462,0.033193,-0.13539,-0.068776,-0.25503,-0.190605,0.242495,-0.249264,-0.05452,-0.207486,-0.527244,-0.112254,-0.155534,0.153798,0.071945,-0.123773,-0.051016,-0.076256,-0.382658,-0.54417,-0.28459,-0.121234,-0.26161,-0.13494,0.159391,-0.325624,0.098134,0.073318,-0.361668,-0.461353,-0.221719,0.047548,-0.051207,-0.162422,0.190456,0.062199,-0.050088,0.083152,0.229794,-0.252393,0.062241,0.28946,-0.223845,-0.033399,0.321108,-0.043107,0.249083,0.101339,0.248824,0.007227,-0.03883,0.190891,0.054844,0.107758,0.690939,-0.04987,0.455141,-0.145769,0.01175,0.27046,0.061088,-0.129421,0.625905,-0.182144,-0.22745,-0.328805,0.614863,-0.131231,-0.176287,0.001528,#
19,-0.219004,0.227444,0.130069,0.150527,-0.271656,0.180578,-0.074299,0.108582,-0.046689,0.009071,-0.168809,-0.149773,0.044042,-0.056894,0.047665,0.092129,-0.07933,0.47888,-0.090369,1.0,0.24005,0.31097,-0.081628,0.040648,-0.21589,-0.079952,0.103646,-0.338735,-0.183932,-0.157321,0.367405,0.361914,0.250311,0.275488,-0.051587,-0.260155,0.215321,0.116707,-0.280111,-0.228384,0.075961,0.158181,-0.052443,0.007454,0.020425,-0.460971,0.308098,0.128786,0.250356,-0.476151,-0.355182,-0.03709,0.398403,-0.215332,-0.221478,-0.000173,0.028384,-0.224373,0.192096,-0.322682,0.147812,-0.324159,-0.236647,0.123628,0.061782,0.067341,-0.238756,-0.021058,0.187636,0.335267,0.071412,0.356528,0.250226,-0.374299,0.184504,-0.251871,0.364611,0.363716,0.795399,0.026105,0.402204,0.065928,0.020346,-0.098505,0.319202,0.299166,0.235468,-0.239533,0.088169,0.038696,-0.092138,0.307936,-0.088075,0.248043,0.006644,0.247904,0.356208,0.284998,0.437882,0.310382,-0.632116,0.24752,0.34552,0.180592,0.253653,0.15052,0.035949,-0.228044,-0.023755,-0.443541,0.501974,-0.03366,-0.049324,0.212574,0.124965,-0.017227,-0.008831,-0.094756,0.267605,-0.44501,0.375101,-0.101749,-0.257575,-0.023755,0.061767,0.378005,-0.091267,0.186334,0.443999,0.4578,0.514361,0.33011,0.504707,0.012393,0.346981,0.269278,-0.102732,0.022333,0.125166,-0.051833,0.169275,0.470825,0.15292,-0.36808,0.187288,0.401916,0.207621,-0.268445,0.220736,0.04307,0.02891,0.087774,0.419138,0.304353,-0.158858,0.086132,0.439673,-0.201032,-0.032761,-0.150986,0.450348,0.279733,-0.06631,0.174049,0.021175,0.150507,0.463797,0.121085,0.130139,0.282437,-0.287937,-0.228529,0.239348,0.181555,-0.208222,0.047717,-0.034546,-0.590311,-0.148125,0.060232,0.182333,-0.286894,-0.20861,0.012136,-0.426467,-0.184984,0.35087,0.049341,-0.206603,-0.108802,0.297501,-0.575683,-0.320792,0.040055,-0.21051,-0.19554,0.007201,0.232511,0.360931,-0.197869,#
20,0.49461,0.08115,-0.007579,-0.122311,-0.314076,0.207769,-0.024531,0.158185,-0.261794,-0.277556,-0.088855,0.255547,0.09004,0.166889,0.145389,0.199565,0.00667,-0.118782,0.300109,0.24005,1.0,-0.027807,-0.207849,-0.402167,-0.109073,-0.128471,-0.098417,-0.360514,0.04806,-0.01351,0.161751,0.139211,-0.031928,0.41862,-0.246744,-0.150723,0.023008,0.081382,-0.148573,-0.234727,0.253248,0.387824,-0.019739,0.084665,-0.036686,-0.186994,-0.000633,-0.266479,0.00305,-0.457042,-0.106184,-0.117712,0.381176,0.024038,0.073335,0.077907,-0.310069,-0.161249,-0.169383,0.152372,0.206872,0.095176,0.088449,0.253035,0.022883,-0.080269,-0.437857,-0.006189,-0.166174,-0.210392,-0.082662,0.206095,0.014717,-0.134609,-0.378173,-0.228556,-0.065682,0.30097,0.173652,0.236929,0.082224,-0.191713,0.14368,-0.232919,-0.084789,-0.283752,-0.188826,-0.056171,-0.014581,-0.013534,-0.141404,-0.128189,-0.129372,-0.266033,0.010352,-0.015382,-0.240595,0.195076,0.021773,0.250578,-0.02084,-0.013534,-0.257643,-0.255859,0.047588,-0.094303,0.105842,0.276664,-0.057973,0.078029,0.059012,0.100661,-0.47889,0.143821,0.300962,0.263919,-0.033239,-0.183657,-0.083319,-0.038854,-0.054782,0.017084,-0.508441,-0.048246,-0.223675,-0.239603,-0.186939,0.077739,-0.204272,0.416895,0.239045,-0.123917,0.206999,0.249044,-0.095899,0.228442,0.111185,-0.018008,0.07976,-0.299926,-0.284891,0.239482,0.297129,0.1352,0.003102,0.026451,-0.038242,-0.281087,-0.251077,-0.047289,-0.104982,-0.024425,-0.015382,0.060735,0.038762,0.185043,0.36733,-0.088464,-0.22692,-0.406592,0.223055,-0.143897,0.3143,-0.482633,-0.416317,-0.291825,0.03387,0.175584,0.316604,-0.1505,-0.02079,0.282483,-0.013534,-0.150949,-0.328683,0.101996,-0.126008,-0.348106,-0.110943,0.32419,0.117974,-0.038722,0.086288,0.233408,-0.034666,0.383564,0.265693,-0.141182,0.200565,0.281412,-0.237519,-0.139431,-0.105113,-0.203209,-0.128517,-0.22091,0.383108,-0.337083,-0.012881,-0.131259,#
