0,1.0,-0.043408,-0.461628,0.212395,-0.001083,-0.019737,0.324761,-0.340341,0.075443,-0.106266,0.539868,0.725393,0.052841,0.115094,0.178208,-0.101575,0.207258,-0.561232,0.11648,-0.174151,-0.064895,-0.00646,-0.184314,0.226479,0.146887,0.135751,-0.11404,0.193018,0.18115,-0.167329,-0.117217,-0.090336,0.116114,-0.049464,0.318597,-0.267052,-0.030931,-0.084428,0.474321,-0.042464,0.128429,0.041089,0.065284,0.063618,0.167639,0.359136,-0.012642,0.074281,-0.431362,-0.211102,-0.242882,-0.093547,-0.046258,-0.114751,0.218321,-0.002261,-0.090319,0.378037,-0.128174,-0.346558,-0.063646,0.139752,-0.294063,-0.173818,-0.410597,-0.07724,0.346031,-0.114479,-0.218445,-0.376247,0.010525,-0.098992,0.125198,-0.058164,0.228543,-0.168971,-0.268271,0.005492,-0.347944,-0.055584,-0.428994,-0.103559,0.232441,-0.458113,-0.085986,-0.19709,0.07532,-0.330493,-0.040223,-0.006423,-0.425577,-0.254133,0.036801,-0.373078,-0.135127,-0.032465,0.192235,-0.349389,-0.368312,0.130605,0.363087,0.032262,-0.087248,0.009992,-0.050689,-0.253805,-0.175861,-0.110604,-0.201453,0.021617,-0.209014,0.018815,0.083799,0.001797,-0.251992,0.065985,0.124088,-0.055743,-0.004045,0.053604,-0.24152,0.187376,-0.218125,0.555007,-0.010343,-0.106492,-0.716407,0.209102,-0.461827,-0.170015,-0.458621,-0.277956,-0.121687,0.333805,-0.121687,-0.065244,-0.020483,-0.609948,0.311545,-0.424344,0.092342,-0.123155,0.148778,-0.051685,-0.066414,-0.237569,-0.031614,0.042289,-0.235646,-0.491385,0.346946,-0.09841,-0.505111,-0.031735,-0.00603,-0.164505,-0.066373,0.132479,-0.056566,-0.00989,-0.258086,-0.189914,0.099606,-0.373419,-0.377108,0.02273,-0.052877,0.016142,-0.356764,0.0,0.352823,-0.442053,0.257582,0.148093,0.271025,-0.060709,-0.174475,0.367548,0.078248,-0.295074,-0.089034,0.126513,-0.12335,0.176557,-0.035828,-0.25087,0.130101,0.046315,0.149798,0.240124,-0.557247,0.44736,0.311932,-0.062736,0.085046,0.046811,-0.203121,-0.42312,-0.021376,-0.450365,#
1,-0.043408,1.0,0.036023,-0.298868,-0.227623,0.157503,-0.082527,-0.109919,0.117052,0.084104,-0.093836,0.216833,0.351892,0.470839,-0.052125,0.132153,0.307719,0.192786,0.332143,-0.063367,0.009062,0.255116,-0.051663,-0.025568,0.040467,-0.082129,-0.270586,0.162839,0.147433,-0.14823,0.081382,-0.154191,-0.097883,0.129182,0.154525,0.03545,-0.164125,-0.016096,0.102074,-0.589575,-0.037715,-0.185058,-0.013844,-0.30504,-0.357379,-0.113536,-0.237749,-0.048035,0.020695,0.118644,-0.018299,-0.367323,-0.068305,0.121964,-0.114906,-0.101074,0.12284,-0.043363,0.078661,-0.120523,-0.00837,-0.07646,-0.2374,-0.048279,0.106068,0.038299,-0.114007,-0.093211,-0.298913,-0.050393,-0.128381,-0.172738,-0.415594,0.096206,-0.09889,0.425943,-0.106293,-0.159868,0.034235,-0.048828,-0.105278,-0.412033,-0.016482,-0.120965,-0.178009,-0.064865,-0.137495,0.266174,0.067901,-0.047199,0.12572,-0.095848,-0.030943,-0.310255,-0.233449,0.034235,-0.11925,0.185453,0.173903,-0.185421,-0.251049,-0.304954,-0.114571,0.360662,0.001588,-0.200777,0.251488,0.160536,-0.239614,-0.512175,0.462432,-0.135336,-0.139306,-0.133892,0.042799,-0.105136,-0.42326,-0.297566,-0.115609,-0.07355,-0.064913,0.228683,-0.393607,-0.100991,-0.390516,-0.203862,-0.255373,0.114387,-0.31158,-0.055255,-0.295203,-0.211825,-0.431164,0.024461,-0.431164,0.165517,0.132453,-0.074767,0.071869,-0.329925,-0.288127,-0.187915,0.036562,-0.231096,-0.009038,-0.162465,-0.227474,-0.055349,0.1806,0.206892,-0.168571,0.264577,0.323094,-0.055318,0.23232,-0.255545,0.317675,0.338049,0.000919,-0.037666,0.099203,-0.053622,0.082894,0.112742,0.163246,0.372789,0.271802,0.328046,-0.132643,0.0,0.177734,-0.314706,0.103135,0.133895,-0.142915,-0.015954,-0.028121,0.411003,0.20062,-0.233354,0.426377,-0.224622,0.09601,-0.027897,0.254983,0.160946,0.139422,-0.180072,-0.216536,0.379464,-0.303736,0.268567,-0.177113,0.143018,-0.001061,0.419203,-0.041165,0.137734,0.238742,0.208984,#
2,-0.461628,0.036023,1.0,-0.225719,-0.223575,-0.082317,-0.062196,-0.226576,0.009872,0.020248,-0.562652,-0.349513,-0.124941,-0.074458,0.063863,0.124515,-0.163414,0.612995,-0.330399,0.151115,-0.181013,-0.126612,-0.090873,0.030196,0.263258,-0.099432,-0.019863,-0.015353,-0.083597,0.043457,-0.232461,-0.264414,-0.356237,0.262416,-0.055722,-0.009465,0.156046,0.337335,0.00452,-0.151056,-0.181774,-0.254522,-0.190273,-0.028121,0.053961,-0.215855,-0.455455,-0.354373,0.284758,0.149363,-0.038193,-0.024337,0.210371,0.134059,-0.195776,-0.180728,0.097771,-0.154381,-0.095183,-0.243378,0.069495,0.169211,0.085532,-0.161252,0.071323,0.183461,0.1873,-0.31229,0.03122,0.378038,-0.2444,-0.129973,-0.399778,0.177698,-0.112236,-0.159892,-0.195326,-0.006186,0.098407,0.022347,0.307213,0.014254,0.165695,0.251359,0.027936,0.042464,0.053597,0.174108,-0.0379,0.300913,0.251109,-0.121119,-0.121885,0.141546,-0.119456,0.075382,-0.212932,0.196485,-0.046997,-0.045552,-0.393044,-0.374218,0.116167,0.067296,-0.157579,0.180479,0.099661,0.107158,0.165343,-0.090053,0.246398,0.016567,0.087229,0.019245,0.265793,0.105985,-0.026795,0.177794,-0.30567,0.039792,0.093566,0.063549,-0.048642,-0.361088,-0.350712,0.076533,0.385672,-0.100761,0.098935,0.327543,0.346261,0.198583,-0.096331,0.166648,0.074423,-0.28472,0.14293,0.114023,-0.452781,0.264678,-0.098458,-0.047204,-0.23325,-0.388682,0.13385,0.089586,0.167744,-0.103292,-0.03778,0.285376,-0.367695,0.231298,0.057521,0.018324,0.043045,0.33115,0.150938,-0.030857,-0.038176,-0.223234,0.079822,-0.180833,-0.199109,0.265054,0.253997,0.019825,-0.049973,-0.089188,0.394931,0.0,-0.143999,0.051934,0.213885,0.003469,-0.441609,0.316244,0.359351,-0.153723,-0.087844,0.053741,-0.235159,0.134081,0.186085,-0.298865,-0.020276,0.234324,0.11627,-0.347906,-0.195975,-0.449849,0.332327,-0.138351,-0.35639,-0.056767,-0.392684,0.124063,0.110842,0.355931,0.239159,0.403456,#
3,0.212395,-0.298868,-0.225719,1.0,0.147557,0.05598,-0.117676,0.183957,-0.512537,-0.137521,0.045446,0.049792,-0.007829,-0.357145,0.036415,-0.12772,-0.055305,-0.134633,-0.033393,0.109465,0.336036,-0.426755,-0.29539,-0.133937,-0.065027,-0.011811,-0.073534,0.240216,0.271929,-0.247516,0.35447,0.083377,0.320522,-0.167964,-0.023554,0.020253,-0.314157,-0.32106,0.129085,0.252496,0.215543,0.160335,0.004104,-0.038407,-0.001703,0.357232,0.1875,-0.28348,-0.200874,-0.44205,-0.188123,0.551166,-0.084552,0.143783,0.241868,-0.37897,0.136405,0.362585,0.012906,-0.053581,-0.543617,-0.240296,-0.164831,0.122838,-0.100205,-0.275492,0.085616,0.024625,0.124601,-0.035777,0.057485,-0.317292,0.024179,0.288463,0.394347,-0.206377,0.037669,0.543511,0.124056,-0.057832,0.007758,0.162896,0.041751,0.123748,0.196095,0.110064,0.318951,-0.121064,0.384989,-0.066967,0.1664,0.312182,0.214532,0.044274,0.354393,0.419599,0.346542,-0.026992,0.094396,0.207867,0.296053,0.059368,0.511068,0.035479,0.072578,0.183883,-0.199131,0.223855,-0.249946,0.126097,-0.188873,-0.055962,-0.013206,0.112904,-0.134626,0.042495,0.401481,0.455349,-0.013702,0.262447,0.18321,0.022556,0.121359,0.32098,0.272377,0.257547,-0.226169,-0.353179,0.237054,0.26047,-0.088895,0.329338,0.521978,0.035741,0.360585,0.001337,-0.006448,-0.001024,0.113561,0.301012,0.184815,0.168733,0.424674,0.132605,0.135153,-0.131781,0.281418,-0.557628,-0.029329,-0.203236,0.05807,-0.006607,-0.067404,0.22402,0.29822,-0.051972,-0.284766,-0.426842,-0.019773,0.112238,0.074552,0.130643,0.399876,-0.123328,-0.151623,-0.312067,0.196498,-0.399534,-0.080415,0.0,0.184006,0.208076,-0.281371,0.163046,-0.03123,0.291888,-0.073347,-0.298236,-0.370846,0.370572,-0.363589,0.104419,-0.224471,-0.126564,-0.133674,-0.162293,0.048418,0.22479,0.468314,-0.153612,0.211784,-0.283765,-0.087576,-0.102472,-0.077791,-0.185323,-0.361522,-0.464864,-0.090506,-0.129988,#
4,-0.001083,-0.227623,-0.223575,0.147557,1.0,-0.086672,0.296041,0.049691,-0.112768,-0.225516,-0.013914,-0.076807,-0.104649,-0.376305,-0.034272,-0.330891,0.106969,-0.306756,0.236244,-0.208185,-0.107329,-0.244846,0.097468,0.066173,-0.087145,-0.037627,0.024316,-0.381436,0.105896,0.283906,-0.186785,-0.0246,0.17268,-0.323513,0.267643,-0.030117,0.197972,-0.331204,0.163617,0.580521,0.055159,-0.138049,-0.196658,-0.248917,-0.326849,0.162687,0.061221,0.08726,-0.002805,0.092731,-0.066761,0.265361,-0.246379,0.122036,0.135679,-0.318435,-0.383323,0.0186,0.108028,0.15469,-0.210568,-0.039591,-0.038453,-0.173285,0.286333,0.03077,-0.004709,0.116772,0.277456,-0.009189,-0.171471,0.22829,0.176711,-0.118994,0.028292,0.146865,-0.044154,-0.287933,0.011428,-0.306265,-0.392995,0.079196,0.221024,-0.210558,0.060967,-0.290547,-0.210558,0.052942,-0.035155,-0.232756,-0.152922,0.014895,0.015918,-0.07171,0.153372,-0.329316,0.301894,-0.154672,0.098005,-0.035155,0.395984,0.26446,-0.053755,-0.337701,-0.248163,0.060985,-0.335695,-0.274606,-0.39426,0.049361,-0.005946,0.122343,-0.367395,-0.269714,-0.27189,0.007888,0.161287,0.394691,0.260728,0.003647,-0.163431,-0.326882,-0.063637,0.098573,-0.01139,0.130374,0.034074,-0.024444,-0.223985,-0.22313,-0.054094,-0.096063,0.173469,0.148556,-0.003201,-0.146234,0.076664,0.021794,0.210203,-0.199953,-0.157973,-0.166777,0.166964,0.140335,-0.076452,-0.087681,0.076664,0.124776,-0.053881,-0.113007,0.054132,-0.046511,-0.127798,0.128992,-0.07382,-0.050566,-0.107273,0.054171,-0.231709,-0.036988,-0.402795,0.206733,-0.025685,0.047575,-0.24574,-0.189633,-0.031448,0.030042,0.046634,0.0,0.196307,0.29759,-0.219829,0.024685,0.195486,-0.22896,0.029041,0.074087,-0.04773,0.178629,-0.058294,0.163031,-0.062311,0.164037,0.057489,-0.172098,-0.277542,0.337289,0.523506,0.054573,-0.273453,0.068848,0.409787,0.283106,-0.074723,-0.181225,0.245785,-0.085089,-0.150474,-0.129766,#
5,-0.019737,0.157503,-0.082317,0.05598,-0.086672,1.0,0.219324,0.242426,0.108899,0.172582,-0.072186,0.003638,0.230269,0.06552,0.512836,-0.141143,0.17365,0.252337,0.358359,-0.07504,-0.211921,0.048835,0.420151,-0.070399,-0.039936,0.421488,-0.372832,-0.099575,0.219324,-0.023668,0.044413,0.106532,-0.030277,0.233716,-0.319906,0.331222,-0.108297,-0.040409,-0.313377,-0.467669,-0.409662,-0.076304,0.077601,0.038728,0.250973,-0.287625,0.250631,-0.185909,0.352717,-0.201659,0.035585,-0.360919,0.111483,-0.140428,-0.171317,-0.06526,-0.047479,-0.000768,-0.008139,0.162835,0.12923,-0.111002,-0.024415,-0.163311,-0.369192,-0.258427,-0.038321,-0.029135,-0.125664,-0.167831,-0.076484,0.229322,-0.272238,-0.104251,0.225317,-0.17894,0.068978,-0.103298,-0.168636,0.306891,0.076774,-0.221235,-0.422843,0.12298,-0.037941,0.119778,-0.094247,0.091553,0.14597,-0.083176,0.053598,-0.229774,-0.36436,-0.415193,-0.043189,0.00266,-0.259271,0.069543,-0.173769,-0.26916,0.351799,0.230379,-0.296928,-0.031406,-0.120271,-0.409259,-0.325357,-0.115967,0.074976,0.072915,0.026107,0.177791,-0.241842,-0.022934,0.152064,0.013237,-0.071625,-0.08777,-0.043362,-0.380131,0.25372,-0.178366,-0.133997,0.175862,-0.052445,-0.188564,0.104815,-0.227722,-0.33414,0.095415,-0.178976,-0.057301,-0.029013,-0.255718,-0.391874,0.057725,0.169142,0.023217,0.192928,-0.256646,0.048581,-0.333736,-0.277063,-0.006822,-0.165636,-0.228132,0.181956,0.209872,-0.523933,-0.223675,0.066841,-0.458277,0.186584,-0.221227,0.105601,-0.082683,0.206946,0.183395,-0.137834,0.103808,0.104713,0.105364,0.371495,-0.251227,0.581296,0.186334,-0.051442,0.030477,0.169874,0.0,-0.001027,-0.245055,-0.192798,-0.264588,0.195134,-0.34621,-0.168557,0.148096,0.051749,-0.186728,0.409784,0.275338,-0.180575,-0.174439,0.455485,-0.11066,0.01597,-0.040205,-0.020633,0.074074,-0.197427,0.099992,-0.093911,0.026746,-0.237896,0.525806,-0.017945,0.205391,-0.422064,-0.042458,#
6,0.324761,-0.082527,-0.062196,-0.117676,0.296041,0.219324,1.0,-0.255003,0.446912,-0.194209,0.424094,0.323577,-0.242541,-0.149926,0.138639,-0.351233,0.168159,-0.13389,0.123949,-0.102258,-0.224308,-0.123864,0.03368,0.304986,-0.053208,0.225147,-0.352065,0.125176,0.004782,-0.201315,-0.249836,0.052234,-0.040677,-0.300336,-0.121952,-0.071066,0.420602,-0.227109,0.223196,0.031703,-0.214803,0.022168,-0.159915,0.201992,0.015577,0.061892,-0.098208,-0.090235,0.072355,-0.212038,-0.163261,-0.371502,0.173854,-0.198673,0.299897,-0.209116,-0.247788,0.160829,0.214946,-0.250737,-0.074524,0.247749,-0.034487,-0.180889,-0.054721,0.244044,0.222951,-0.126597,0.241673,-0.136742,0.022078,-0.113419,-0.071837,-0.451533,-0.146684,-0.164544,-0.305467,-0.499272,-0.362218,0.102795,-0.299545,0.132202,0.119369,-0.461896,-0.035599,-0.084834,-0.292337,0.103923,-0.058141,-0.109794,-0.129192,-0.426256,-0.37852,-0.007775,-0.408149,-0.362218,0.225938,-0.144327,-0.370053,-0.304123,0.342145,0.216299,-0.308295,-0.208629,-0.359001,-0.227406,-0.174356,-0.31122,-0.112851,-0.155139,0.029247,0.00546,-0.072026,-0.43137,-0.100065,0.210058,-0.090519,-0.077061,-0.067605,-0.205235,-0.133115,0.013855,-0.165537,0.169583,0.008204,-0.204827,-0.067084,-0.036288,-0.307347,-0.106488,-0.415673,-0.228162,-0.03248,-0.032647,-0.223057,-0.127372,-0.150502,-0.345412,-0.008573,-0.45389,-0.175611,-0.355395,-0.29201,-0.183298,-0.354213,-0.253298,0.183376,0.306509,-0.154773,-0.466878,0.24439,-0.47279,-0.420255,0.037534,-0.241408,0.075061,0.118954,0.359247,-0.151494,-0.095433,-0.244445,-0.248499,0.130133,0.031926,0.019098,0.160404,-0.086286,0.010556,-0.030797,0.0,0.334895,-0.511676,0.14412,-0.002095,0.182359,-0.175305,0.041667,0.297619,0.212395,-0.379547,0.047529,0.261244,-0.200678,-0.01852,0.078316,-0.210709,-0.209905,-0.042279,0.048795,0.431166,-0.421328,0.296119,0.253625,0.198253,0.017124,-0.04276,-0.042412,0.200134,-0.249387,-0.039707,#
7,-0.340341,-0.109919,-0.226576,0.183957,0.049691,0.242426,-0.255003,1.0,-0.376245,0.173963,-0.081265,-0.253127,0.495,-0.237886,0.022598,0.338489,0.162041,0.144323,-0.229052,-0.28408,0.11426,0.033757,0.273079,0.014481,-0.273418,-0.024405,-0.164082,-0.222206,-0.255003,0.143924,0.070657,0.101401,0.2284,0.208193,-0.195557,0.134605,-0.155057,-0.274491,-0.509119,0.221752,-0.151726,0.127401,0.006781,-0.053278,0.076637,0.003043,0.788517,-0.048637,0.463974,0.123474,0.081974,-0.040334,0.088393,-0.197156,-0.015299,0.08125,0.391643,-0.236963,-0.022103,0.63945,0.015464,-0.450062,0.159327,0.33605,0.050856,-0.155731,-0.220063,0.144353,0.029268,-0.210123,0.24305,0.173613,-0.180735,0.252022,0.205708,-0.117723,-0.075272,-0.086135,0.025203,0.011876,-0.011943,-0.235528,-0.403776,0.233896,0.121686,-0.197396,0.245559,0.055129,0.202623,0.102226,0.091595,0.229929,0.0814,-0.013411,-0.082712,0.20988,-0.024997,-0.030038,0.350471,-0.177742,-0.02955,0.146592,-0.063142,0.256147,-0.09328,0.168504,-0.179679,-0.026633,0.264539,0.239329,-0.005011,0.097652,0.10808,0.317381,-0.170894,-0.101587,0.186256,-0.066223,-0.044203,-0.14056,0.277534,-0.388967,-0.106108,0.121133,0.075367,-0.039192,0.212427,-0.006123,0.202258,-0.083026,-0.120225,0.234378,0.065305,-0.135206,0.065305,0.29409,-0.084862,0.154234,-0.128637,0.184123,-0.165843,0.007144,-0.192956,0.178601,-0.044625,-0.117371,-0.010854,0.316939,-0.064726,0.078826,-0.045308,-0.172735,0.224406,0.095549,0.049192,-0.073902,-0.017193,0.0457,0.109294,0.208446,-0.234689,0.354967,0.135245,0.121476,0.373933,-0.373584,-0.366764,-0.08264,0.090739,0.0,-0.176686,0.289547,-0.583243,-0.133777,0.188207,0.028855,-0.325687,-0.180826,-0.287933,0.145938,0.209601,0.2581,0.198449,-0.088667,0.290923,0.092118,0.163619,0.058106,-0.01634,0.161437,0.078429,-0.378008,-0.126928,0.178195,-0.059613,-0.018155,0.127649,0.066297,-0.0903,0.023053,#
8,0.075443,0.117052,0.009872,-0.512537,-0.112768,0.108899,0.446912,-0.376245,1.0,0.360854,0.063984,0.063794,0.021529,0.365574,-0.069865,-0.046817,0.02255,0.098172,0.093029,0.246462,-0.181069,0.056284,0.101346,0.090757,0.029026,0.329416,0.078214,0.110797,0.070701,-0.152804,-0.041111,-0.098546,-0.007378,-0.031781,-0.331413,0.009543,0.38127,0.117728,-0.034538,-0.237425,0.035229,-0.09454,0.003512,0.202913,-0.097212,-0.403808,-0.39198,0.127403,-0.162841,0.102954,-0.144886,-0.544431,0.207701,0.208617,0.155177,0.027585,-0.294933,-0.370615,0.03061,-0.116084,0.121509,0.004152,0.032255,-0.20258,0.20261,0.118897,0.127952,0.078311,-0.222424,0.031526,0.015789,-0.090598,-0.017052,-0.479111,-0.382938,0.199588,-0.181136,-0.380245,-0.243401,0.224999,-0.341741,-0.01756,0.136162,0.003197,-0.356591,0.052999,-0.189687,-0.174566,-0.377857,-0.271571,-0.164957,-0.629039,-0.673254,0.098884,-0.203655,-0.243401,-0.349428,0.077994,-0.200577,-0.20354,-0.126335,0.141753,-0.182142,-0.064927,0.081283,-0.174289,0.078512,-0.226523,0.184691,-0.131122,0.240904,-0.184033,-0.178085,-0.159365,0.15458,0.324118,-0.577838,-0.612453,0.129554,-0.386098,-0.345283,0.203665,-0.112109,-0.221251,-0.196222,-0.231426,0.080311,0.074336,-0.204427,-0.43282,0.097929,0.004824,-0.352569,-0.288246,-0.352569,0.011621,-0.00895,-0.175084,0.140109,-0.458117,-0.202502,-0.059554,-0.403492,-0.245723,-0.437123,0.054684,-0.303368,0.342253,-0.08563,-0.215826,-0.093914,-0.302483,-0.095466,-0.448824,-0.046559,-0.16538,0.450991,0.560275,-0.424693,-0.245631,0.187406,-0.091428,-0.179817,-0.125226,0.120112,0.337073,-0.016617,0.152761,0.078849,0.0,-0.240409,-0.460491,0.175924,0.085813,0.025798,-0.321328,0.216974,0.270942,0.682046,-0.504191,0.196596,-0.142686,-0.103627,0.007891,-0.06032,-0.222982,-0.06726,-0.164406,-0.439441,0.294636,-0.19924,0.220069,0.095821,0.294065,0.095265,-0.012918,0.190063,0.105915,-0.182151,0.337062,#
9,-0.106266,0.084104,0.020248,-0.137521,-0.225516,0.172582,-0.194209,0.173963,0.360854,1.0,-0.309626,-0.156957,0.3849,0.458094,0.009343,0.101082,-0.320241,0.169168,-0.101035,0.004829,-0.336882,-0.023585,0.110301,0.069768,0.032039,0.194573,-0.046699,-0.163533,0.356208,0.050447,0.046381,0.12463,0.107041,0.142659,-0.369779,0.014112,0.33977,-0.07663,-0.290343,-0.157399,0.165871,-0.135408,0.266339,-0.119393,0.061876,-0.467904,-0.01381,0.229918,0.083791,-0.095465,-0.189909,-0.410932,0.372702,0.00773,-0.187015,-0.18107,0.012643,-0.361458,0.273216,0.24039,0.278004,-0.313704,-0.313893,0.185349,0.050985,0.101589,0.019817,0.031523,-0.15369,-0.242347,0.120816,0.024135,-0.399555,-0.225295,0.086969,0.244197,-0.152595,0.057047,-0.373932,0.142348,-0.193729,-0.278466,-0.168107,0.196476,-0.413208,0.083182,0.083304,-0.228818,-0.388507,-0.216428,-0.100178,-0.4257,-0.396846,-0.023185,-0.298281,-0.026789,-0.680104,0.216598,0.321629,-0.37708,-0.318182,-0.160196,-0.14822,-0.170838,0.015489,0.034661,-0.068257,-0.289644,0.326865,0.152407,0.402414,0.270579,-0.079714,0.068531,0.291751,0.129702,-0.589039,-0.323372,0.151841,-0.358922,-0.223796,-0.141227,-0.202888,-0.251679,-0.436094,0.109451,-0.030582,0.022187,-0.222745,-0.518655,0.021496,0.079179,-0.565957,-0.209946,-0.426525,-0.223369,0.211657,-0.052104,0.193009,-0.255637,-0.2272,-0.116292,-0.396734,-0.170137,-0.385914,-0.201248,-0.418275,0.334089,-0.186994,0.033015,-0.470527,-0.161535,-0.086806,-0.453503,0.071155,-0.404296,0.694817,0.41921,-0.351468,-0.383539,-0.045297,-0.091412,-0.163213,0.003402,0.247915,0.434117,-0.404445,-0.296121,0.085947,0.0,-0.55033,-0.098996,-0.144436,0.247915,0.155587,-0.320949,-0.067295,-0.328634,0.456088,-0.408567,0.457414,0.061826,-0.175959,-0.305554,0.168831,-0.504126,0.115471,-0.328153,-0.687078,0.165231,-0.202996,0.185349,-0.016488,0.307219,-0.271494,0.072612,0.365929,-0.058583,-0.194621,0.327518,#
10,0.539868,-0.093836,-0.562652,0.045446,-0.013914,-0.072186,0.424094,-0.081265,0.063984,-0.309626,1.0,0.69337,-0.18286,-0.014258,-0.106803,-0.318641,0.127835,-0.510859,0.10398,-0.081068,0.20591,0.223796,0.103092,0.194661,-0.260157,0.041685,-0.025783,0.123262,-0.109822,-0.069331,-0.178907,0.366727,0.16936,-0.1445,0.221434,-0.148467,-0.087442,-0.194351,0.055482,0.025945,-0.098545,0.399579,0.16007,0.190349,0.216983,0.525429,0.193646,0.403713,-0.147772,-0.291662,-0.030917,0.000224,0.134823,-0.308711,0.304423,0.070247,-0.066209,0.399053,-0.035192,-0.01674,-0.107464,0.092737,-0.092202,0.20282,-0.408083,-0.105358,0.109431,0.211086,-0.04521,-0.175855,0.296035,-0.193338,0.388454,-0.355866,-0.110258,-0.14251,0.031471,-0.11393,-0.200366,-0.038847,-0.13311,0.168938,-0.137109,-0.387966,0.050927,0.10945,-0.217188,-0.093129,0.040761,-0.04531,-0.139189,-0.010794,0.063145,0.024013,-0.115227,-0.203605,0.350037,-0.387806,-0.25766,0.015856,0.316059,0.05304,-0.122454,0.054118,0.056589,-0.299575,0.112391,-0.014403,-0.088848,-0.099525,-0.348084,0.12512,0.122393,-0.088014,-0.106794,0.005787,0.035438,-0.181746,0.320595,0.077422,0.046101,0.228716,0.119247,0.498293,0.225633,-0.169287,-0.363172,0.139401,-0.161593,-0.051717,-0.363168,-0.296805,0.049067,0.00566,-0.120731,0.212524,-0.282829,-0.152465,0.138916,-0.379434,0.00687,0.050263,0.026648,0.082432,-0.188071,-0.343449,0.014645,-0.090561,-0.043312,-0.41839,0.38113,-0.366153,-0.24717,0.028045,-0.300145,0.102992,-0.181264,-0.063702,-0.03053,-0.037979,0.007574,-0.173937,0.047921,-0.143131,-0.117935,-0.118485,0.210199,-0.2397,-0.418906,0.0,0.530591,-0.311962,0.265008,-0.136817,0.279882,-0.053588,-0.117939,0.179409,0.115557,-0.09124,-0.037195,0.098252,-0.207109,0.04684,-0.115774,-0.084119,-0.311897,0.025768,0.170181,0.525577,-0.308695,0.310388,0.21271,-0.294459,0.275296,-0.246608,-0.165889,-0.115419,-0.145077,-0.461495,#
11,0.725393,0.216833,-0.349513,0.049792,-0.076807,0.003638,0.323577,-0.253127,0.063794,-0.156957,0.69337,1.0,0.172268,0.217664,0.076489,-0.212593,0.043127,-0.277569,0.097461,-0.12858,0.021465,-0.073085,-0.00202,0.160602,0.011098,-0.020684,-0.143509,0.081596,0.151497,-0.343745,0.048545,0.048991,0.068767,-0.034981,0.299348,-0.258429,-0.163544,-0.296825,0.352793,-0.128593,0.032211,0.316189,-0.098306,-0.101412,0.077473,0.360095,-0.073268,0.231654,-0.118116,-0.235502,-0.173941,-0.072717,0.135259,-0.121762,0.231882,-0.006766,0.019577,0.268078,-0.306577,-0.104208,-0.203525,0.033891,-0.252847,-0.058652,-0.416708,-0.188222,0.172544,0.146159,-0.292926,-0.251108,-0.134522,-0.204258,-0.082297,-0.045134,0.140596,-0.237005,-0.291102,-0.049827,-0.393246,0.131724,-0.288761,-0.185423,0.145592,-0.341381,0.018409,-0.029402,-0.140048,-0.222357,0.134269,-0.09213,-0.214861,-0.283379,0.088514,-0.24942,-0.104685,-0.06195,0.177187,-0.13257,-0.016414,0.108824,0.232715,-0.273336,0.033215,0.215745,0.170876,-0.171526,0.096666,0.106453,-0.1215,-0.019444,-0.060342,-0.130313,0.190998,0.012472,0.015361,0.118514,-0.060427,-0.029703,0.259273,0.228396,-0.015225,0.305633,-0.168872,0.611088,-0.082463,-0.026908,-0.535912,0.042673,-0.423236,-0.098703,-0.478369,-0.342695,-0.249659,0.400574,-0.249659,0.149784,-0.240345,-0.558515,0.339042,-0.478131,-0.036316,-0.069473,0.11985,-0.224321,-0.006185,-0.360628,0.063593,-0.062644,-0.182013,-0.355543,0.10262,-0.150765,-0.308922,0.100601,-0.068447,0.05716,0.081426,0.06638,0.005672,-0.092341,-0.143876,-0.176958,-0.041683,0.010642,-0.193082,0.052307,0.106998,0.001781,-0.325405,0.0,0.385302,-0.392949,0.319151,0.053179,-0.072107,-0.01854,-0.038117,0.296818,0.131763,-0.242007,-0.023003,0.050592,-0.303392,-0.114385,0.081818,-0.050003,-0.071651,-0.054666,0.196796,0.464812,-0.585986,0.397932,0.074571,-0.242064,-0.043234,0.035488,-0.168352,-0.063439,0.066509,-0.18568,#
12,0.052841,0.351892,-0.124941,-0.007829,-0.104649,0.230269,-0.242541,0.495,0.021529,0.3849,-0.18286,0.172268,1.0,0.169046,0.04023,0.301634,0.260155,0.30551,-0.115932,-0.364892,-0.069754,-0.094465,0.002115,0.089038,0.008399,-0.104185,0.009986,-0.13543,0.007136,0.002543,0.188331,-0.137369,0.199276,0.297969,0.052489,0.218268,-0.025322,-0.173265,-0.181232,-0.107598,-0.051954,-0.034898,0.031929,-0.19494,-0.127182,-0.013911,0.288834,-0.026867,0.324502,0.207351,-0.131019,-0.242237,0.015972,0.211666,-0.089953,-0.05639,0.191946,-0.356329,-0.141499,0.225993,0.042592,-0.614519,-0.100124,0.033542,0.095482,-0.153642,0.14801,0.035371,-0.264868,-0.241367,0.013486,-0.10197,-0.497815,0.219591,0.299988,-0.106077,-0.408758,-0.074933,-0.247472,0.042967,-0.421414,-0.5055,-0.075787,0.176395,-0.281464,-0.396553,0.158447,-0.068295,0.016673,0.086298,0.064089,-0.236582,-0.129721,-0.251259,-0.139529,0.170455,-0.204735,0.278635,0.253288,-0.224343,-0.187736,-0.212936,0.007262,0.477763,0.074308,0.134947,-0.246153,-0.012798,0.097918,0.215095,0.184818,-0.220877,0.164122,0.280101,-0.169214,0.050895,-0.248544,-0.199516,-0.063347,-0.173238,-0.142889,-0.077007,-0.32027,0.080331,-0.275839,-0.150073,-0.18229,0.114685,-0.232907,-0.349495,-0.120862,0.336837,-0.353092,0.057573,-0.353092,0.326155,0.108795,-0.386283,0.195261,-0.267573,-0.35395,0.004217,-0.233983,-0.123365,-0.116489,-0.164357,-0.266361,0.338494,-0.131322,-0.107955,-0.30123,-0.077558,0.045283,-0.100469,0.30593,-0.348797,0.180958,0.397925,-0.105875,0.115581,-0.145619,0.262078,-0.236278,0.180837,0.193085,-0.105546,-0.248544,0.184298,0.025065,0.0,-0.14522,-0.152235,-0.332242,-0.128623,-0.035133,-0.123999,-0.344074,0.158031,0.102484,-0.140333,0.327761,0.112088,0.040517,-0.138396,0.581099,-0.080815,0.202535,-0.129132,-0.14038,0.340223,-0.245926,-0.012523,-0.092702,0.210914,-0.304374,0.119331,0.279389,-0.021783,-0.103771,0.130031,#
13,0.115094,0.470839,-0.074458,-0.357145,-0.376305,0.06552,-0.149926,-0.237886,0.365574,0.458094,-0.014258,0.217664,0.169046,1.0,0.079545,0.057509,-0.22753,-0.101627,0.392955,0.198745,-0.009032,0.382406,0.276179,-0.139361,-0.194046,0.087684,0.089046,0.222887,0.218221,-0.379518,0.190711,-0.021823,-0.037228,0.240045,-0.165618,-0.288988,-0.132579,0.069272,-0.269718,-0.529422,-0.012357,-0.171143,0.165145,-0.259974,-0.131253,-0.29796,-0.368844,0.244818,-0.162693,-0.126273,-0.114185,-0.268137,0.175839,0.035628,-0.168745,0.090168,-0.177739,0.108527,-0.137736,-0.016593,0.208065,-0.10296,-0.18345,0.011595,-0.013317,-0.114405,0.067792,-0.128912,-0.538631,0.106919,-0.102892,0.008922,-0.149646,-0.296084,-0.122625,0.288811,-0.040126,0.087649,-0.229944,0.337147,0.094936,-0.244267,0.000712,-0.060701,-0.176327,0.203597,-0.239185,-0.088834,-0.314425,0.089066,-0.128095,-0.187298,-0.015824,-0.374029,-0.250317,-0.094541,-0.390644,0.132216,0.25729,-0.09058,-0.409923,-0.243348,-0.164966,-0.02299,0.008821,-0.185285,0.27661,-0.03281,0.063561,-0.205367,0.408791,0.140753,-0.195904,-0.023584,0.613411,0.032884,-0.468594,-0.438147,0.071212,-0.085208,-0.096428,0.382411,-0.170985,-0.049963,-0.43903,0.246986,-0.171617,0.219399,-0.243062,-0.250957,0.11867,-0.351805,-0.571575,-0.151768,-0.232959,0.028251,0.240109,-0.161681,0.098622,-0.239755,-0.022164,-0.089865,-0.293603,-0.131759,-0.128925,0.122901,-0.357772,0.09823,-0.188777,0.149497,-0.277517,0.123087,0.157957,-0.311381,0.043278,-0.202979,0.579956,0.304331,-0.159388,-0.246136,0.207464,-0.252135,0.10939,-0.266291,0.221162,0.762425,0.082415,0.144213,-0.059793,0.0,-0.188261,-0.308818,-0.042799,0.196784,-0.246617,-0.323093,-0.188562,0.043757,0.469252,-0.345825,0.318887,-0.360588,0.131097,0.110317,-0.09048,-0.244981,0.031231,-0.106182,-0.503264,0.048816,-0.178042,0.250005,-0.270866,0.030753,0.043255,0.056601,-0.048041,-0.111137,-0.074397,0.162832,#
14,0.178208,-0.052125,0.063863,0.036415,-0.034272,0.512836,0.138639,0.022598,-0.069865,0.009343,-0.106803,0.076489,0.04023,0.079545,1.0,0.08382,0.188081,0.172849,0.105384,0.194344,-0.074609,-0.027809,0.328481,0.04822,-0.208234,0.422831,-0.095528,-0.146454,0.167207,-0.161941,-0.110642,-0.117408,0.260226,0.088409,0.01142,0.116029,-0.259345,0.039974,-0.026787,-0.278265,-0.143845,-0.268081,-0.156581,0.028882,0.386476,-0.303931,0.205544,-0.151604,0.017976,-0.205027,-0.07146,-0.128225,-0.037275,-0.397777,-0.221148,0.020595,-0.25271,0.196512,-0.213215,-0.026372,-0.035654,0.32482,-0.155478,-0.214487,-0.468624,-0.328969,0.094825,-0.106618,-0.371424,-0.123801,-0.229916,0.215722,-0.25147,0.112623,-0.119686,-0.197522,-0.259038,0.168699,-0.505205,0.472402,0.079411,-0.256583,-0.278685,0.086864,0.076365,-0.180779,0.250185,-0.172707,0.150942,0.353239,-0.251931,-0.276797,0.021539,-0.380915,-0.134671,-0.165916,-0.111896,-0.135366,-0.185985,-0.050314,0.160205,0.210108,-0.420811,-0.307508,-0.244282,0.069346,-0.327131,-0.184345,0.327629,0.059904,-0.044668,0.161712,-0.068689,0.021631,0.173845,0.089095,0.132428,-0.070894,-0.176725,-0.460209,-0.227382,-0.243992,-0.044596,0.340731,-0.107096,-0.114026,0.117267,-0.217062,-0.454953,0.022941,-0.144901,-0.261263,-0.296201,0.045391,-0.136448,-0.053165,-0.035561,-0.26228,0.089799,-0.074416,0.287315,-0.031743,-0.240389,0.029046,-0.217535,-0.218267,0.272631,0.261396,-0.556936,0.16032,-0.170449,-0.25543,0.055798,0.165712,-0.014346,0.175265,0.229771,0.271685,-0.035565,0.344659,-0.023001,-0.198189,0.286998,-0.366377,0.395275,0.165642,-0.236634,0.139687,0.377228,0.0,0.005615,-0.027013,-0.074566,-0.11795,-0.070109,-0.384578,0.02079,-0.119313,0.080216,-0.147302,0.066094,0.109686,0.192896,-0.3033,0.310369,-0.332352,0.166541,-0.199207,-0.003751,-0.106679,-0.175847,0.201505,-0.035459,0.128225,-0.355864,0.460547,-0.191943,0.141126,-0.342416,-0.096272,#
15,-0.101575,0.132153,0.124515,-0.12772,-0.330891,-0.141143,-0.351233,0.338489,-0.046817,0.101082,-0.318641,-0.212593,0.301634,0.057509,0.08382,1.0,0.30451,0.180637,-0.314021,0.065763,-0.016308,0.182706,-0.131157,-0.248548,0.321431,0.111871,-0.165082,0.231103,-0.109957,-0.06687,0.057729,-0.230377,0.106716,0.284801,-0.081915,-0.205781,-0.326968,0.277527,0.025249,-0.059673,-0.048165,-0.023257,0.017109,0.254086,-0.088922,-0.004613,0.140107,-0.251566,-0.029455,0.439945,0.210926,-0.225502,-0.006905,0.101536,0.142143,0.305708,0.345218,-0.42749,-0.149832,0.06317,0.083129,-0.007775,0.290263,0.111685,0.092027,-0.116558,-0.252291,0.023958,-0.380664,-0.200465,0.085883,0.157726,0.026766,0.492237,-0.097721,0.112324,-0.110151,-0.003305,0.280044,0.006884,0.05792,-0.187948,-0.002868,0.317634,-0.009619,-0.342605,0.296419,-0.188062,0.041559,0.20837,-0.100118,0.121565,0.098099,0.059786,-0.218624,0.283531,0.061545,0.002895,0.092391,0.250696,-0.309779,0.058197,0.067637,0.25956,-0.059506,0.15347,0.112869,0.082475,0.195905,-0.112246,0.109511,-0.258232,0.288586,0.536888,-0.242687,-0.262394,0.229747,-0.372537,-0.415466,-0.074994,-0.074608,0.200301,-0.109955,-0.037567,-0.087998,-0.173048,-0.003348,0.199924,0.14481,0.036769,0.075697,0.150908,-0.060622,0.090433,0.28819,0.107975,-0.20201,-0.275287,-0.1356,0.318911,0.116214,0.187977,0.041559,-0.186986,0.065173,-0.021132,-0.20201,0.176326,0.041283,0.166077,-0.013681,0.132882,0.1846,-0.074373,0.232129,0.204392,-0.012988,0.072687,0.228824,0.385913,-0.142691,0.010682,0.233963,-0.016512,0.008849,-0.209562,-0.165497,0.291464,-0.020791,0.0,-0.25655,0.172465,0.064677,0.288662,-0.0991,0.401293,0.076105,0.154936,-0.132206,0.101685,-0.117106,-0.161254,0.514554,0.112432,-0.206649,0.359109,0.432226,-0.126004,-0.127924,-0.083993,0.271647,-0.118731,-0.218317,0.231492,0.07759,0.061293,-0.055345,0.033829,0.375563,0.166523,#
16,0.207258,0.307719,-0.163414,-0.055305,0.106969,0.17365,0.168159,0.162041,0.02255,-0.320241,0.127835,0.043127,0.260155,-0.22753,0.188081,0.30451,1.0,-0.14295,0.119481,-0.078431,0.067537,0.1732,-0.195306,0.196391,-0.044868,0.158639,-0.009052,0.279929,0.004006,0.224532,-0.358945,-0.072349,0.251752,0.167506,0.1758,0.057128,-0.206031,0.085417,0.092111,-0.017687,-0.305344,-0.307525,-0.067137,0.121724,-0.047434,0.264013,0.215498,-0.06754,-0.026812,0.388367,-0.045561,-0.298444,-0.299044,0.175938,0.121264,-0.002849,0.058053,0.022105,0.064435,-0.095172,-0.145394,-0.096913,0.015586,-0.038269,-0.050916,-0.175347,0.080583,0.023114,-0.22521,-0.0521,0.216133,0.011511,0.079152,0.238272,-0.248441,0.196007,-0.212689,-0.459983,-0.004187,-0.272423,-0.224669,-0.128258,-0.133845,-0.129414,-0.109547,-0.453176,0.228656,0.100905,0.3006,0.268054,-0.219263,-0.119136,-0.156639,-0.18941,-0.121707,-0.01794,0.33306,-0.482861,-0.37299,-0.127696,0.307836,0.297011,-0.214633,0.208228,-0.318301,-0.134812,-0.357143,0.141996,-0.112265,-0.310576,-0.195982,-0.006248,0.041705,0.182772,-0.559605,-0.243501,0.063513,-0.292262,-0.132501,-0.294814,-0.219263,-0.009188,-0.368096,0.250224,0.09159,-0.38669,-0.27405,0.252747,-0.211237,0.089722,-0.215344,0.031506,0.044308,-0.12347,-0.149809,0.366123,0.156436,-0.220591,0.03332,-0.13115,-0.032014,0.130694,0.094384,0.106686,-0.20424,-0.149746,-0.183643,0.159043,-0.025044,-0.271664,0.29595,0.054766,0.202114,-0.009188,0.19795,-0.095515,-0.28488,0.294359,-0.025044,0.280824,-0.141997,0.095263,0.057332,-0.321081,-0.045725,-0.310601,0.098659,0.291269,-0.0082,0.0,0.409423,-0.222004,0.101072,-0.045725,0.180788,0.139635,-0.109708,0.597705,-0.001061,-0.154402,0.172512,0.100984,0.437784,0.227396,0.299991,0.099805,0.192402,-0.175718,0.135225,0.365806,-0.190847,0.163551,0.119533,0.1988,-0.009754,0.308634,-0.121707,-0.223109,0.006215,-0.324137,#
17,-0.561232,0.192786,0.612995,-0.134633,-0.306756,0.252337,-0.13389,0.144323,0.098172,0.169168,-0.510859,-0.277569,0.30551,-0.101627,0.172849,0.180637,-0.14295,1.0,-0.230251,0.029985,0.096204,-0.26021,0.101348,-0.169621,0.113685,-0.022238,-0.049266,-0.163612,-0.097561,-0.121968,0.185149,-0.243111,0.005579,0.190588,-0.193324,0.325925,0.037707,0.220205,-0.055662,-0.339215,0.055692,-0.007106,-0.262288,-0.054395,0.093567,-0.346556,-0.067564,-0.381041,0.403995,-0.076366,0.020981,-0.0954,0.293435,0.078674,-0.146662,0.064097,0.179694,-0.414556,-0.174578,0.132735,0.038294,0.012298,-0.020962,-0.204451,0.117774,0.180394,-0.028489,-0.068806,0.019853,0.157729,-0.365739,-0.271346,-0.56836,0.321486,-0.025672,-0.247423,-0.133777,0.093457,-0.001054,0.283991,0.122106,-0.067367,-0.039244,0.600198,-0.002278,-0.066946,0.028215,0.119804,0.068749,0.004344,0.530172,-0.146616,-0.19586,0.309359,0.034257,0.16133,-0.327744,0.525351,0.100995,-0.131693,-0.388171,-0.309323,0.093981,0.339718,0.248425,0.275119,-0.003863,0.075452,0.270495,-0.026761,0.219455,-0.290775,-0.017957,0.137043,0.10369,0.171256,-0.184486,-0.055291,-0.225856,-0.144598,0.037873,-0.14426,0.037848,-0.260574,-0.238267,-0.271721,0.51676,-0.42568,0.045813,0.065442,0.193595,0.424791,-0.14297,-0.130219,-0.107295,0.146477,-0.062,0.167029,-0.190455,0.08262,-0.183346,0.099942,-0.343926,-0.446638,0.057122,-0.029641,0.250501,0.023088,0.024019,0.332528,-0.413226,-0.157677,0.271507,0.129122,0.120593,0.100329,0.265159,0.132464,-0.115228,0.163774,0.302714,-0.025142,-0.165045,0.45512,0.486318,-0.023368,-0.01141,0.071785,0.33644,0.0,-0.245974,-0.033226,-0.104213,-0.240562,-0.411051,0.086748,0.208875,-0.253978,0.049481,0.023344,0.068746,-0.139408,-0.140399,-0.49175,0.281843,0.220395,0.103169,-0.288405,-0.251181,-0.098419,0.284361,-0.302511,-0.422253,0.068447,-0.383286,0.14806,0.087037,0.463889,-0.054146,0.507582,#
18,0.11648,0.332143,-0.330399,-0.033393,0.236244,0.358359,0.123949,-0.229052,0.093029,-0.101035,0.10398,0.097461,-0.115932,0.392955,0.105384,-0.314021,0.119481,-0.230251,1.0,0.002594,0.138194,0.278043,0.349827,-0.22532,-0.094193,0.333275,0.007725,0.212558,0.46413,-0.069353,0.075597,0.103869,0.056354,0.192135,0.025316,-0.044972,-0.166037,0.046155,-0.019752,-0.256202,-0.078165,-0.138497,0.058414,-0.366881,-0.031203,-0.0114,-0.190196,0.122129,-0.177258,-0.212082,0.018907,0.000556,-0.10029,0.148886,-0.183659,-0.055878,-0.354133,0.395722,0.011912,0.057897,-0.010415,0.014787,-0.228397,-0.171541,-0.143031,-0.081322,-0.076844,0.021322,-0.134112,0.254918,-0.166037,0.218112,0.16441,-0.28614,-0.179671,0.267864,0.41471,-0.102055,0.059882,0.015608,0.108447,-0.046906,0.100116,-0.105655,0.136784,0.164462,-0.502812,0.247944,-0.050185,-0.263657,0.013607,0.195206,0.045783,-0.273595,0.240681,-0.428848,-0.059808,-0.189166,-0.086318,-0.067092,0.127851,-0.044252,-0.055622,-0.144198,0.083367,-0.407193,-0.152081,-0.017489,-0.455223,-0.328227,-0.088383,0.283665,-0.527397,-0.254436,0.10708,-0.246735,-0.214918,-0.009126,0.168449,-0.053684,0.006112,0.208338,0.00123,0.254052,-0.20771,0.064448,-0.114066,-0.005204,-0.323177,-0.131463,0.012464,-0.483899,0.122593,-0.221179,-0.059406,0.135584,0.346809,0.140143,0.398887,-0.176967,0.084854,-0.103435,0.101082,-0.017377,0.134626,0.062929,-0.04562,-0.032317,-0.34783,-0.067486,0.280414,-0.18353,0.222974,-0.061971,0.050745,-0.116163,0.062745,0.104383,-0.200259,-0.129257,0.22184,0.04921,0.40393,-0.397637,-0.042478,0.441297,0.346589,0.176188,-0.148002,0.0,0.280498,-0.275131,-0.033975,-0.118671,-0.063113,-0.304491,-0.172854,0.339376,0.074334,-0.191548,0.400268,-0.396505,-0.209647,0.353114,-0.036151,-0.181678,-0.190489,0.245838,0.081952,-0.03017,-0.235418,0.271147,-0.043013,0.001084,0.18666,0.013435,-0.165734,-0.27015,-0.279069,-0.356167,#
19,-0.174151,-0.063367,0.151115,0.109465,-0.208185,-0.07504,-0.102258,-0.28408,0.246462,0.004829,-0.081068,-0.12858,-0.364892,0.198745,0.194344,0.065763,-0.078431,0.029985,0.002594,1.0,0.236216,-0.138419,-0.079908,-0.142808,-0.274991,0.178252,0.224539,0.328643,0.253586,-0.298606,0.254391,0.013717,0.172593,-0.01526,-0.215522,-0.046783,-0.249373,0.09154,-0.067596,-0.090974,0.04245,0.034164,-0.187858,0.027469,0.101739,-0.237528,-0.365244,0.044411,-0.42182,-0.06247,-0.071715,0.142922,-0.098402,0.19093,-0.138189,-0.058411,-0.018259,0.113474,-0.164031,-0.113485,-0.426532,-0.036494,0.32601,0.143363,-0.045666,-0.420663,-0.07127,0.302711,-0.368394,0.294564,0.14011,-0.163359,0.170773,-0.059715,-0.509719,0.188036,0.104448,0.373747,0.037438,0.381908,0.29405,0.222527,0.064954,0.344597,-0.087468,0.364971,0.344597,-0.10739,0.192685,0.114462,-0.185402,-0.016039,0.003366,0.11511,0.343819,0.188629,0.104095,0.033512,0.103862,0.386189,-0.205073,0.154883,0.285993,-0.337323,0.15989,0.392106,0.180503,0.306727,0.334033,0.037655,0.02169,-0.121869,-0.026925,0.147457,0.396935,0.239717,-0.016568,-0.11545,0.276993,-0.158248,-0.138532,0.328596,0.242107,-0.078275,0.027907,0.265983,0.248918,-0.155523,0.320558,0.16887,0.375577,0.077341,0.012274,-0.186797,0.198527,0.062431,-0.219877,0.195323,-0.088572,0.371005,0.557359,0.521578,0.173107,0.139169,-0.049376,0.186405,0.093875,-0.310868,-0.060729,0.348924,-0.28687,0.163667,0.494076,-0.096572,0.242874,0.167517,0.165232,-0.102111,-0.052717,-0.013134,0.481675,0.071736,0.208767,-0.226353,0.047052,0.133682,0.335107,0.039715,0.498603,0.0,-0.185425,0.12822,0.12361,0.075684,-0.478484,0.123463,0.50797,-0.259761,0.133605,0.032108,-0.385283,-0.364081,0.097589,-0.318112,-0.450708,-0.217021,0.097578,-0.293228,-0.038263,-0.164538,0.469454,-0.159078,-0.443371,0.111438,0.218299,0.064741,-0.359739,-0.044447,0.137885,0.261946,#
20,-0.064895,0.009062,-0.181013,0.336036,-0.107329,-0.211921,-0.224308,0.11426,-0.181069,-0.336882,0.20591,0.021465,-0.069754,-0.009032,-0.074609,-0.016308,0.067537,0.096204,0.138194,0.236216,1.0,-0.011691,0.143661,-0.330117,-0.506121,-0.073684,0.288441,0.213714,-0.216504,-0.322727,0.288577,0.017136,0.556571,0.156228,-0.012716,-0.264911,-0.489438,-0.008386,-0.122026,-0.126964,0.279073,-0.070609,-0.274915,-0.129701,0.098067,0.191239,0.079061,0.047704,-0.293427,-0.367697,-0.1623,0.415063,-0.072467,0.136509,0.261445,0.176831,0.03653,0.237087,-0.347371,0.276222,-0.395946,-0.114763,-0.135067,0.120873,-0.040391,-0.050272,0.176463,0.219521,-0.132609,0.445207,-0.09408,-0.417447,0.110363,0.316999,-0.206605,-0.163759,0.027669,0.262737,0.11346,0.126833,0.187048,0.308295,0.184554,0.385437,0.350029,-0.038753,0.223311,-0.056673,0.320953,0.076181,0.478418,0.386731,0.240288,0.321557,0.40785,0.268178,0.202531,-0.123704,-0.024786,0.320953,-0.186307,-0.12343,0.375701,0.428412,0.425479,0.323776,0.112962,0.39222,0.063884,-0.199489,-0.065771,-0.158292,-0.295115,0.247134,0.003544,0.182364,0.126252,-0.194862,0.134639,0.257795,0.152424,0.10481,0.159841,0.280609,0.115484,0.07837,0.125046,-0.192161,0.361871,0.076226,0.218862,0.163272,0.238573,-0.294485,0.40428,0.506029,0.05426,0.302078,0.030737,0.213921,0.132191,0.581294,0.131805,-0.007066,0.027277,0.231593,0.360949,-0.450307,0.163405,0.301129,0.121423,0.052982,0.3886,0.534267,0.261722,0.085206,-0.093584,-0.209336,-0.152862,0.239321,0.529735,0.159618,0.148382,-0.192135,0.063439,-0.135851,0.496972,0.021444,0.046042,0.0,0.242585,0.010322,-0.239417,-0.179325,-0.38742,0.187838,0.012225,-0.153087,-0.012446,0.238394,-0.176667,-0.468454,0.024737,0.068737,-0.250381,0.198183,0.137697,0.160718,0.036743,-0.038587,0.318604,-0.41235,-0.411076,-0.046547,0.103414,-0.375766,-0.430282,-0.39016,-0.133215,-0.000458,#
