0,1.0,0.260017,-0.016598,-0.31941,0.51387,-0.059133,0.227409,-0.04728,0.58093,0.049363,-0.14189,0.313829,0.534319,0.017668,0.350782,0.190612,0.16037,0.024761,0.264468,-0.149157,-0.374554,0.250162,0.111401,-0.10367,-0.134428,-0.163568,-0.232373,-0.042937,0.128906,-0.018781,-0.376015,0.089248,-0.152852,0.042568,-0.430987,0.024706,0.39849,-0.077976,0.221904,-0.072354,0.197865,-0.335355,-0.050695,0.194316,-0.076824,0.060963,0.52138,0.092799,0.088294,0.244165,-0.027591,-0.152054,0.107402,-0.213818,-0.0257,-0.127257,-0.547599,0.353087,-0.157472,0.074744,0.093055,-0.025303,-0.161454,0.079612,0.244241,0.326472,0.0,-0.090234,0.392199,-0.097323,0.158781,-0.566608,-0.152852,-0.304728,-0.304541,-0.192347,-0.249382,-0.327772,-0.460648,-0.184942,-4.6e-05,-0.562512,-0.191034,-0.200152,-0.025126,-0.112146,-0.463794,-0.287617,-0.174743,-0.335917,0.121749,-0.123832,-0.061607,0.029689,-0.334258,-0.011476,-0.513462,-0.403334,-0.066326,-0.294803,0.214333,-0.461519,-0.344614,-0.246446,-0.171252,-0.276408,-0.40336,-0.137542,0.021201,-0.10218,-0.14855,-0.220769,0.051107,-0.230148,-0.3472,-0.239991,-0.30332,-0.389568,0.101408,-0.654224,-0.42068,-0.232907,-0.318844,-0.310902,-0.411533,-0.125617,-0.184582,0.127561,-0.101412,-0.246446,0.028953,-0.242966,-0.034942,-0.048836,-0.317043,-0.513402,-0.152852,-0.513378,0.154612,-0.379042,-0.188998,-0.301025,-0.188998,-0.239987,-0.512185,-0.069412,-0.297992,0.232464,-0.491287,-0.350148,-0.262959,-0.398191,0.012269,-0.231615,-0.326012,-0.188998,0.442364,0.32472,-0.326433,-0.291939,-0.229286,-0.047511,-0.285993,0.032598,0.150105,0.274786,-0.006188,-0.155542,-0.420604,-0.248092,-0.079203,0.337033,-0.032835,-0.327084,0.265379,-0.066258,-0.028076,0.230308,0.271524,-0.361315,0.120228,0.18648,0.037141,0.0883,0.204501,-0.099122,0.414158,0.064373,-0.237075,0.407181,-0.405772,0.091672,0.279744,0.280512,0.063568,0.055436,0.225685,-0.278776,0.01394,0.045486,#
1,0.260017,1.0,-0.001375,0.289544,0.242128,-0.050175,-0.288941,-0.350136,-0.043959,0.06624,-0.328984,-0.004543,-0.010017,0.10819,0.186701,-0.10896,-0.202101,-0.010142,-0.075807,-0.309926,-0.023787,0.058252,0.188277,0.032015,-0.026797,-0.238583,-0.167502,0.10179,0.203573,0.082802,-0.412219,0.021272,-0.127256,0.171586,-0.23386,0.15393,0.395993,-0.026533,0.307606,0.021218,0.549319,-0.366672,0.327653,0.28712,-0.33607,-0.082106,0.247466,0.088999,-0.015549,0.154971,-0.081904,-0.043984,0.153048,-0.019314,-0.149246,-0.253601,-0.057157,0.306016,-0.250908,0.03162,-0.032732,-0.232774,-0.02521,-0.023119,0.122345,0.004213,0.0,0.189198,0.409315,0.202275,0.039457,-0.178128,-0.127256,-0.020618,0.057261,-0.32534,0.038766,0.077129,0.013975,-0.018069,-0.02685,-0.243819,-0.173451,0.146192,-0.023228,-0.204535,-0.139278,-0.162506,-0.078612,-0.013549,0.014428,0.207692,-0.078348,0.34768,-0.42748,-0.250155,-0.251734,0.090269,-0.112756,0.264643,0.235648,0.196812,0.085635,-0.145742,-0.213128,-0.230122,-0.349891,0.231774,0.202468,0.001375,0.005528,0.125603,-0.15199,-0.10587,0.132784,0.085461,-0.196763,-0.072125,0.080467,0.029665,-0.159147,-0.250253,0.050533,0.05723,0.100228,-0.14477,-0.09897,0.014416,0.313023,0.255242,-0.113509,0.058666,-0.007158,-0.001701,-0.045812,-0.250458,-0.127256,-0.249183,0.309522,-0.006143,-0.094133,0.113227,0.345147,-0.397209,-0.029578,-0.126614,-0.013623,-0.01169,-0.192391,-0.05303,-0.304227,-0.105351,-0.058529,0.058666,-0.024034,0.114931,-0.009355,0.039289,0.048309,-0.192804,0.089191,0.038564,-0.168647,-0.1515,-0.033583,0.193784,0.101505,-0.633871,-0.149602,0.046998,-0.221141,0.057348,-0.229829,0.064122,-0.127152,0.223957,0.059894,-0.108481,0.102632,-0.12059,-0.2477,-0.008578,-0.091319,-0.240943,0.095733,-0.109564,0.229376,-0.218794,-0.229427,0.063549,0.079999,-0.012471,-0.008952,0.293643,0.107422,-0.145265,-0.06521,-0.219784,-0.064012,0.147598,#
2,-0.016598,-0.001375,1.0,0.341283,-0.27976,-0.427353,-0.044802,-0.047675,0.078175,0.096475,-0.006416,-0.123354,-0.03498,0.013602,-0.031584,-0.13041,-0.190461,0.492747,0.263345,0.221439,-0.291845,0.074094,0.14803,0.205633,0.051604,-0.091233,0.178948,-0.157949,0.151913,-0.293858,0.05997,0.179795,0.195328,-0.094549,-0.230344,0.085922,-0.064594,0.128846,0.059215,-0.353922,-0.083286,0.463593,-0.079301,-0.202529,0.37444,-0.522971,0.426376,0.258263,-0.371343,0.249986,-0.330163,0.010671,-0.266814,0.159165,-0.437657,-0.180552,-0.136127,-0.118197,-0.327483,-0.222773,-0.176652,0.095647,0.054231,-0.358023,0.028257,0.09983,0.0,-0.033916,-0.200837,-0.022443,0.139819,-0.032567,-0.229983,0.364354,-0.042701,0.03271,0.097288,-0.190955,0.050733,-0.198264,-0.007376,0.032076,-0.141756,0.288857,-0.001843,0.021172,0.1043,0.047854,-0.379838,-0.203907,0.243579,-0.364135,0.02627,0.416718,0.080789,0.422865,0.248477,0.356816,-0.017011,-0.015519,-0.349137,-0.122216,-0.149492,0.303246,-0.047396,0.30646,0.263709,0.283751,0.223038,0.196409,0.43385,-0.042202,0.245399,0.145449,0.267701,-0.183175,0.003206,-0.110444,0.214735,0.005675,-0.081926,0.202292,-0.057029,-0.04627,0.000708,0.215832,0.024715,-0.213805,0.039458,0.100693,0.348496,0.28073,0.175641,0.091615,0.316783,0.063191,0.195328,0.433455,0.161793,-0.164995,0.416601,0.259328,0.225101,-0.192133,-0.037718,0.045635,0.008983,-0.165132,-0.352317,0.451319,0.249973,0.414339,0.423508,0.129914,0.136619,0.432559,0.081749,-0.027786,0.086698,0.219784,0.287132,0.049739,0.228885,0.239806,-0.015814,-0.19921,-0.153356,-0.152057,-0.090617,0.115167,-0.220664,0.195667,0.086879,0.00932,-0.100131,0.263512,-0.187834,-0.013183,-0.026808,0.024803,0.065451,0.123295,-0.365441,-0.131871,-0.529532,0.24789,-0.158165,0.267565,0.038852,-0.253388,0.172043,-0.234429,-0.391191,-0.08804,-0.28075,-0.065213,-0.337503,-0.064901,0.246915,-0.595499,#
3,-0.31941,0.289544,0.341283,1.0,-0.353206,-0.107824,-0.376388,0.027262,-0.545267,-0.251427,-0.014974,-0.477769,-0.364927,-0.05437,-0.014527,-0.18182,0.007377,-0.023867,0.056159,0.144923,0.032767,0.085948,-0.279224,-0.068027,0.146292,0.315505,-0.105295,0.343548,0.086154,-0.186839,0.015828,0.125585,0.163969,-0.055564,-0.295293,-0.211535,-0.218708,0.235798,0.276303,0.094038,-0.02966,-0.010599,0.231183,0.100234,-0.098653,0.005046,-0.155035,-0.362409,-0.322749,-0.020614,-0.253728,0.345692,-0.107768,0.266871,-0.136458,0.220199,0.152516,0.08529,-0.235004,-0.107485,-0.114379,-0.244563,0.143024,0.121976,-0.168991,-0.33655,0.0,0.067356,-0.354818,-0.048718,0.050817,0.197497,0.131692,0.465614,-0.02921,0.276208,0.406482,0.314558,0.239612,-0.005935,0.012313,0.063194,0.021947,0.170508,0.027789,-0.059972,0.26199,0.090315,0.155075,0.002633,0.212949,0.282207,0.033602,0.148639,-0.035613,0.149126,0.14688,0.377496,0.040032,0.098926,-0.002574,0.248215,0.158507,0.211212,-0.173629,-0.009097,0.210074,0.220155,0.434505,0.112482,0.122342,-0.095451,-0.233548,0.015898,0.16182,0.366551,0.452183,0.072869,-0.266241,0.521244,0.025787,-0.119033,0.132633,0.468411,0.391418,0.107048,-0.054945,-0.140303,0.100899,0.399519,-0.195148,-0.004213,0.016075,-0.110168,0.269484,0.137078,0.163969,0.15154,-0.132232,0.164026,-0.058623,0.33241,0.362839,-0.134001,0.159138,0.033088,0.087801,-0.290427,0.171056,0.341209,0.261935,0.527278,0.333346,0.233436,0.163365,0.362839,-0.12188,-0.427476,0.11963,-0.061742,0.016589,-0.014412,0.109652,-0.220369,-0.322426,-0.245878,-0.012699,-0.32107,0.211135,0.021907,-0.257573,-0.319469,0.053989,0.323124,-0.077053,0.22428,0.020102,-0.215186,-0.372274,0.149214,-0.269621,-0.171023,-0.023062,-0.005783,-0.183251,-0.088647,-0.004334,-0.076372,0.304311,-0.241103,0.213593,0.092294,-0.25352,-0.3362,-0.108974,-0.039987,-0.384572,0.244264,-0.143453,-0.019106,#
4,0.51387,0.242128,-0.27976,-0.353206,1.0,-0.020158,0.010012,-0.05292,0.284836,0.202228,-0.39631,0.194196,0.443044,0.182301,0.085697,-0.053233,-0.079657,0.096536,0.086613,-0.258893,0.243421,-0.133225,0.37272,-0.31017,-0.259766,-0.099728,-0.039973,0.003834,-0.052565,0.019449,-0.191947,0.133708,-0.29708,0.293156,-0.3676,0.269576,0.372547,-0.40547,0.245821,-0.291111,0.20722,-0.245841,0.285832,0.215578,-0.300464,-0.135073,0.256234,0.223876,0.294001,-0.192705,-0.069026,-0.519472,0.042718,-0.25691,0.055878,-0.304157,-0.397093,0.090891,0.010994,0.330315,0.257889,0.2086,-0.288828,-0.054232,0.039581,0.574841,0.0,0.11578,0.311114,0.100581,0.087342,-0.550876,0.124909,-0.551446,-0.156681,-0.147119,-0.240722,-0.343495,-0.315385,-0.092348,-0.097015,-0.552273,-0.454779,-0.091966,-0.290643,-0.371152,-0.667502,-0.151524,0.134169,0.061917,-0.509057,-0.150526,-0.395259,0.11577,-0.274804,-0.303179,-0.634183,-0.383035,-0.214716,-0.022995,0.188526,-0.316901,-0.368717,-0.225266,-0.435887,-0.537221,-0.333669,-0.181467,-0.000862,-0.345921,0.131495,0.192838,-0.1794,-0.393278,-0.447537,-0.019818,-0.340999,-0.390103,0.123058,-0.588819,-0.226722,-0.074961,-0.325642,-0.34368,-0.185144,0.174348,-0.308122,0.29606,-0.070238,-0.229286,-0.201081,0.181548,-0.459721,0.195952,-0.457888,-0.450586,-0.29708,-0.456781,0.101957,-0.272238,-0.315502,-0.259126,-0.093197,-0.108293,-0.443054,-0.235058,-0.149535,0.57326,-0.442661,-0.299806,-0.522008,-0.433198,-0.118176,-0.434386,-0.11005,-0.315502,0.219911,0.548429,-0.332457,-0.361771,-0.14218,0.007513,-0.530772,0.013706,0.073561,0.124585,-0.091618,-0.223692,-0.620293,0.168084,-0.233211,0.294608,-0.292657,-0.54968,0.028866,-0.135544,-0.008132,0.359864,0.374681,-0.367942,0.303919,0.100458,-0.005781,-0.195016,0.359858,-0.290403,0.45766,-0.122727,-0.447294,0.393117,-0.392703,-0.064448,0.319722,0.187825,-0.079545,0.184109,0.204234,-0.406046,-0.262771,-0.064955,#
5,-0.059133,-0.050175,-0.427353,-0.107824,-0.020158,1.0,0.280987,0.392657,-0.154564,-0.007742,-0.107191,0.185776,-0.026224,0.576108,-0.048357,0.008004,-0.064554,-0.080755,-0.123254,-0.269233,0.196642,0.189337,-0.08913,-0.446805,0.216706,0.014119,0.101508,-0.149189,-0.097997,0.044527,0.045989,0.110898,0.212359,0.004842,-0.125486,0.051096,-0.022683,-0.135521,0.128019,-0.053151,0.188659,-0.066262,0.300011,0.19619,-0.158505,0.206833,-0.187289,0.140647,0.2541,-0.193666,0.333485,0.06207,0.226785,-0.190563,0.05208,0.036174,0.358575,0.26501,-0.008958,0.198887,0.170626,-0.127392,-0.289129,0.396297,-0.042646,-0.178577,0.0,0.344605,0.221699,-0.353114,-0.379086,-0.196118,0.196651,-0.067004,0.126501,-0.278604,0.209332,0.199429,-0.289171,0.11206,-0.050733,-0.111726,0.354744,-0.364081,0.259135,0.26959,0.121641,-0.111937,-0.092622,-0.039897,-0.039948,0.105337,0.16239,-0.480157,0.030409,-0.148253,-0.130109,-0.113219,0.120659,-0.275511,0.363231,-0.125033,0.20891,-0.539387,0.118446,-0.354476,-0.204745,-0.556114,-0.315308,-0.423093,-0.399858,0.01758,-0.146522,-0.064419,-0.03698,-0.041643,-0.058113,-0.14295,-0.069694,-0.103866,0.027731,0.011362,0.121465,-0.196669,-0.081517,0.022956,-0.08999,-0.291404,0.012356,-0.168691,-0.134415,-0.157143,-0.107906,0.003567,-0.107194,0.032298,0.212359,-0.132338,-0.204158,0.043306,-0.479919,-0.200981,-0.273057,-0.283094,0.109893,0.023768,0.123134,-0.04287,0.096346,-0.163872,-0.058857,-0.028185,-0.307296,0.209705,0.120134,-0.273057,0.350765,0.046475,-0.032004,0.105219,-0.027789,-0.089011,0.011936,0.029595,-0.024083,0.431169,0.533265,0.270037,0.015136,0.038526,0.263,0.009833,0.156588,0.195528,0.336897,-0.194694,-0.122681,0.068776,0.119611,-0.024886,-0.010157,-0.026579,0.059594,0.141099,0.403126,-0.490195,0.157066,-0.050825,-0.016642,0.158085,0.042986,0.065837,0.256801,-0.157043,0.325878,0.17594,0.182731,-0.189993,0.004561,0.373262,#
6,0.227409,-0.288941,-0.044802,-0.376388,0.010012,0.280987,1.0,0.148038,0.490881,0.019184,0.324684,0.551109,0.036875,0.094205,0.040266,0.567503,-0.127628,-0.180631,0.30044,-0.307065,-0.189178,0.106856,-0.05265,-0.20154,-0.014379,-0.047909,-0.066881,-0.329267,0.304343,-0.190661,-0.342261,-0.058086,-0.212298,-0.37431,0.020754,0.300514,0.205488,-0.042408,-0.144788,-0.098109,-0.008204,0.04303,-0.290503,-0.01965,-0.004962,0.057198,0.191379,0.031713,0.114198,0.207098,0.079492,-0.059797,0.027081,0.022316,-0.096303,-0.123033,0.041162,-0.071947,-0.022869,0.343903,0.259752,0.313605,-0.156645,0.316187,-0.016378,-0.118164,0.0,0.11223,0.311807,-0.298673,-0.032068,-0.266413,-0.212298,-0.297507,-0.306267,-0.061034,-0.213458,-0.225735,-0.519301,-0.300543,0.036874,-0.214743,-0.060175,-0.452282,-0.147888,0.227536,-0.281498,-0.362606,-0.331908,0.010878,0.019562,-0.118029,0.111872,-0.325983,-0.385209,-0.054386,-0.362347,-0.531785,-0.285078,-0.110974,0.040907,-0.352785,-0.244091,-0.406017,0.198692,-0.130924,-0.349894,-0.225963,-0.391702,-0.118029,-0.4295,-0.00332,-0.051296,0.04565,-0.122463,-0.46458,-0.464163,-0.196439,-0.136142,-0.348195,-0.202858,-0.066006,-0.141273,-0.302849,-0.215707,-0.092397,-0.310853,-0.100359,-0.148249,-0.398891,-0.072578,-0.224665,-0.214416,0.098385,-0.260123,-0.193004,0.199623,-0.383503,-0.12904,-0.219121,-0.121626,-0.411535,-0.519763,-0.092779,-0.121395,0.080258,-0.647795,0.219983,-0.126839,-0.396908,-0.130178,-0.198235,-0.395118,-0.028542,-0.150555,-0.519763,0.221824,0.361049,-0.140359,-0.132664,-0.23366,-0.383899,-0.046099,-0.070792,-0.118569,0.454371,-0.116022,0.262056,-0.017438,-0.407693,0.118841,0.34808,0.103008,-0.228343,0.410415,-0.527048,-0.150078,0.443755,0.160525,-0.238158,0.525711,0.198056,0.258213,0.374402,0.431324,-0.090882,0.106963,0.165809,0.079101,0.218442,-0.207243,0.283908,0.456778,0.100585,-0.131412,0.25506,0.565625,-0.319618,-0.059209,0.162578,#
7,-0.04728,-0.350136,-0.047675,0.027262,-0.05292,0.392657,0.148038,1.0,-0.193872,-0.223925,-0.06278,-0.312728,-0.151394,0.405587,0.225845,-0.229547,0.06854,-0.243456,0.193471,-0.029305,-0.252379,0.271488,-0.259834,-0.458354,0.046793,0.202871,0.19919,0.00545,-0.299675,-0.081386,0.201756,0.165822,0.375605,-0.218782,-0.059897,0.00173,-0.18611,0.112649,0.087347,-0.349992,-0.261605,0.213579,0.303113,0.146624,-0.122579,0.160571,-0.033788,-0.242265,-0.191517,-0.141,-0.152895,0.188563,0.051235,-0.238122,0.052724,0.264575,0.109347,0.096494,-0.129583,0.08372,0.197763,0.374221,-0.300745,0.338872,0.213379,0.139805,0.0,0.197473,-0.194472,-0.381156,-0.211234,-0.110888,0.35675,-0.129106,0.00179,0.067901,0.142418,-0.134437,-0.264446,0.085458,0.091268,-0.153279,0.31285,-0.297875,0.080814,0.271618,0.175224,-0.062881,-0.039094,0.045601,0.013089,-0.135851,0.044041,-0.280816,0.225098,0.223227,-0.176353,0.037883,-0.016114,-0.291101,0.099949,-0.265557,0.216875,-0.315456,-0.106209,-0.207312,0.17247,-0.405422,-0.082204,-0.349841,-0.372544,0.1954,0.121392,0.170859,-0.296842,0.163804,0.079648,0.010022,-0.022209,0.131202,-0.097271,0.220824,-0.201249,-0.024012,0.139265,0.129133,-0.041863,-0.37968,0.188929,-0.090957,0.24276,-0.315371,-0.239453,-0.015379,-0.041177,0.015595,0.375605,0.026599,-0.285013,-0.051648,-0.280677,-0.306063,-0.032347,0.073708,0.054523,-0.255566,0.083115,-0.299531,0.251301,0.014463,0.188131,0.10844,0.223364,0.147393,0.441204,-0.032347,0.139749,0.024677,-0.193664,0.283715,-0.008476,-0.207309,0.111365,-0.073168,-0.10205,0.136476,-0.026425,0.27105,-0.095195,0.138153,-0.052993,0.046171,0.099438,0.235617,0.187736,-0.003385,-0.207125,0.024298,-0.031614,0.078678,-0.117052,-0.124722,0.028393,0.073276,0.020896,-0.175191,0.085146,0.248737,0.173336,-0.209931,-0.149585,0.130008,-0.077228,-0.109248,0.091154,0.139563,-0.131128,-0.112846,0.123091,0.01535,#
8,0.58093,-0.043959,0.078175,-0.545267,0.284836,-0.154564,0.490881,-0.193872,1.0,-0.203284,0.287112,0.415978,0.26605,-0.214958,0.269181,0.308449,0.239221,0.126076,0.19621,-0.116849,-0.24726,-0.025607,0.240635,0.131002,-0.08975,-0.294559,-0.142843,-0.120511,0.257879,-0.174994,-0.300727,0.000192,-0.139973,-0.087871,-0.088361,-0.109765,0.488286,-0.120444,0.266915,-0.221733,-0.019928,-0.26489,-0.297054,-0.147795,0.153957,-0.000126,0.47689,0.251307,0.164962,0.190792,0.22629,-0.242675,-0.032499,0.193524,-0.076706,0.063266,-0.218216,-0.03429,-0.238186,0.255755,0.140407,0.008675,-0.141287,0.071614,0.063708,0.298163,0.0,-0.045326,0.323614,0.22102,0.171965,-0.286712,-0.139973,-0.251217,-0.227367,-0.086001,-0.198945,-0.191116,-0.378799,-0.114084,0.071815,-0.164989,-0.087674,0.061571,-0.11224,0.141314,-0.367885,-0.221642,-0.142392,-0.27875,0.263359,-0.249782,0.040339,0.079504,-0.120277,0.064672,-0.283039,-0.328496,-0.171478,-0.015395,-0.038954,-0.379839,-0.557307,-0.195065,0.239899,0.016819,-0.277191,0.224145,-0.232434,0.138184,-0.077521,-0.202167,0.135803,0.017017,0.065074,-0.513967,-0.427389,-0.301665,0.009673,-0.401173,-0.181737,0.023838,-0.229498,-0.561493,-0.366153,-0.059629,-0.119955,0.203361,-0.136486,-0.385156,0.328611,-0.191286,0.069058,-0.186141,0.014281,-0.281679,-0.139973,-0.297759,0.097607,-0.102662,0.082129,-0.0829,-0.342692,-0.195599,-0.426063,-0.093503,-0.427106,0.341564,-0.256246,-0.46921,-0.01679,-0.233637,-0.117054,-0.195389,-0.268772,-0.342692,0.073657,0.323684,-0.055688,-0.241037,-0.012218,-0.253114,-0.038369,0.113168,0.068195,0.046181,-0.139721,-0.062787,-0.179785,-0.196865,0.036315,0.349171,-0.008549,-0.200438,0.005218,-0.296385,-0.003761,0.32995,0.011348,-0.420649,0.385851,0.100541,0.125277,0.036451,0.135444,0.164846,-0.001057,0.272398,-0.196104,0.160102,0.007787,0.037408,0.218641,0.201675,-0.010418,0.12185,0.36026,-0.333934,-0.09463,-0.084897,#
9,0.049363,0.06624,0.096475,-0.251427,0.202228,-0.007742,0.019184,-0.223925,-0.203284,1.0,-0.414102,0.333605,0.216597,0.289234,-0.602911,-0.188626,-0.60258,0.415571,-0.197121,0.052353,0.261963,-0.179586,-0.047273,0.128861,0.29527,0.126113,0.326363,-0.521158,-0.081466,0.354165,0.133425,-0.384526,-0.212233,0.169927,-0.04811,0.649014,0.030174,-0.236403,-0.383745,-0.110214,0.292696,0.231305,0.090342,0.268957,0.158093,-0.374206,-0.153318,0.437254,0.144019,0.007341,-0.289543,-0.369996,-0.064606,-0.287439,-0.122837,-0.700322,-0.174734,-0.207654,0.389877,-0.160659,-0.257135,0.334524,0.008054,-0.627756,-0.057705,-0.100216,0.0,0.169468,0.107079,0.008582,-0.108011,-0.269658,-0.212233,-0.123932,0.340265,-0.297052,-0.226565,-0.4058,0.120831,0.18727,0.027697,-0.061567,-0.065517,-0.267018,0.185971,-0.303302,-0.137289,0.120831,-0.139176,0.32515,-0.346526,0.036634,-0.223119,0.266158,-0.034994,-0.048924,-0.034994,0.108588,0.209604,0.21353,-0.336722,-0.053529,0.24174,0.155749,-0.120612,-0.153433,-0.011376,-0.160156,0.105522,-0.123219,0.429403,0.278768,0.090494,-0.141376,0.036881,0.032873,-0.12157,-0.225324,0.362496,-0.447326,-0.020643,0.242989,0.030438,-0.002275,-0.311103,0.110058,0.072665,0.159583,-0.019403,0.33438,-0.252276,0.538231,0.092502,0.663895,-0.261828,-0.030183,-0.212233,0.136664,0.379972,-0.215488,0.267188,-0.070532,0.057972,0.151453,0.18932,0.024505,0.240807,0.064374,-0.30724,0.29329,-0.474778,-0.19954,0.115284,0.140646,0.172978,0.267188,0.204129,0.201574,0.024198,0.231215,0.238104,0.363653,-0.220964,0.461468,0.031752,0.089564,-0.111589,-0.143671,-0.04048,0.15619,-0.068095,-0.120472,-0.153779,-0.416935,0.133169,0.335912,0.089839,0.088922,0.646966,0.024701,0.003798,-0.126562,-0.411861,-0.054667,-0.080002,-0.029831,0.027052,-0.039046,-0.427895,0.334943,-0.049392,-0.44237,-0.083857,0.10597,0.026009,-0.202752,-0.180888,-0.00035,0.320165,-0.185491,#
10,-0.14189,-0.328984,-0.006416,-0.014974,-0.39631,-0.107191,0.324684,-0.06278,0.287112,-0.414102,1.0,-0.086163,-0.332344,-0.323606,0.160705,0.426801,0.176573,-0.341016,0.395027,0.1861,-0.136943,0.245824,-0.322886,0.193174,-0.315193,0.223804,-0.258562,0.225161,0.210166,-0.339132,-0.02738,0.011496,-0.228019,-0.319989,0.390993,-0.241234,-0.010389,0.369999,0.085141,0.400753,-0.218808,-0.152548,-0.45272,-0.29977,0.048713,0.251226,-0.226542,-0.463443,0.242119,-0.079592,0.286896,0.264345,0.004458,0.440799,-0.128812,0.272705,0.229194,-0.287026,-0.126689,-0.029294,0.055602,-0.161962,0.343276,0.065026,0.072478,-0.204768,0.0,-0.206583,-0.39306,0.018435,-0.177914,0.357947,0.176844,0.143887,-0.083453,0.19106,0.067941,0.192219,0.201231,-0.072197,0.173175,0.320067,0.019043,-0.012935,0.116767,0.223501,0.246696,0.028483,-0.005934,-0.058599,0.422963,-0.022332,0.537051,-0.225316,0.197161,0.214951,0.048133,0.001924,-0.209545,0.076321,-0.226889,0.032707,-0.330757,0.260806,0.425674,0.254593,-0.088289,0.270052,-0.137911,0.400791,-0.202835,-0.329334,-0.121813,0.456569,0.098819,-0.216104,0.154438,0.206172,-0.321202,0.182253,0.137227,-0.131382,0.402425,0.258586,0.140084,-0.089743,0.196732,-0.026687,0.002682,0.071419,0.336263,-0.315411,0.00425,-0.346055,0.501057,0.224413,0.193039,0.032946,-0.365657,0.316419,0.185501,0.255495,-0.426547,-0.019451,0.123275,0.265957,-0.21417,-0.16163,0.282342,-0.289747,0.277098,0.246735,-0.133173,-0.114938,-0.223652,-0.221468,-0.428888,-0.026263,0.234107,-0.023189,0.053662,-0.249573,0.207292,-0.142048,-0.002661,-0.300499,-0.145477,0.036968,0.451729,-0.256068,0.072317,-0.291764,0.085404,0.349537,-0.048214,-0.295228,-0.246163,0.084725,-0.529022,0.054426,0.019718,0.017667,0.239084,0.463651,-0.082994,0.394623,-0.270071,0.051379,0.471147,-0.182812,0.169472,0.376139,0.072648,-0.24377,-0.054617,0.080029,0.160736,0.080663,0.031263,0.110753,#
11,0.313829,-0.004543,-0.123354,-0.477769,0.194196,0.185776,0.551109,-0.312728,0.415978,0.333605,-0.086163,1.0,0.282286,-0.057872,-0.062426,0.295399,-0.248014,0.119352,-0.167715,-0.251857,0.061209,0.037782,0.107665,0.131714,0.18588,-0.203408,0.194623,-0.547165,0.277973,0.05432,-0.36587,-0.09866,-0.247343,0.197954,-0.131848,0.401375,0.05899,-0.338509,0.052011,0.005708,0.364859,-0.071184,-0.213995,-0.114223,-0.176086,0.045546,0.01054,0.480803,0.108167,-0.017726,0.09919,-0.261781,-0.11234,-0.081575,0.022291,-0.368361,-0.285311,-0.042689,0.07851,0.098751,-0.071372,0.264626,-0.1532,0.074383,0.024229,-0.193072,0.0,0.062669,0.534001,-0.026471,-0.044061,-0.322621,-0.247343,-0.278579,-0.182395,-0.123985,-0.176772,0.030287,-0.364044,-0.318248,-0.42407,-0.080141,-0.106096,-0.252624,-0.006986,-0.041683,-0.48277,-0.370346,-0.279636,0.171602,-0.25614,-0.093749,-0.089087,-0.065198,-0.370149,-0.041872,-0.173955,-0.40217,-0.278334,-0.153052,0.064408,-0.19509,-0.150568,-0.374002,0.193175,-0.028087,-0.265444,-0.108567,-0.41162,-0.031124,-0.093098,-0.046533,-0.232963,-0.291778,0.193544,-0.291399,-0.450241,-0.238729,-0.087269,-0.460736,-0.087115,-0.267572,-0.014656,-0.358848,-0.277862,-0.028814,-0.062465,0.1877,-0.039983,-0.366701,-0.163833,0.026928,-0.101801,0.213005,-0.367993,-0.169277,-0.247343,-0.363508,0.359864,-0.270461,-0.065714,-0.131405,-0.473571,-0.199532,-0.130502,-0.083435,-0.264778,0.203046,-0.318276,-0.391092,-0.344014,-0.323289,-0.216406,-0.17836,0.006316,-0.473571,0.33498,0.294598,-0.012514,-0.109963,0.025802,-0.009866,-0.226589,0.107,-0.077618,0.262935,0.223539,0.140984,0.021723,-0.293118,0.089533,0.229509,0.051589,-0.324181,0.204605,-0.274779,-0.041535,0.270837,0.414086,-0.161796,0.53022,0.25716,0.075422,0.12855,0.433743,-0.303602,-0.004183,0.000926,-0.19969,0.666044,0.091564,0.183278,0.433467,0.09608,-0.037295,-0.016768,0.530264,-0.217675,0.020247,0.072981,#
12,0.534319,-0.010017,-0.03498,-0.364927,0.443044,-0.026224,0.036875,-0.151394,0.26605,0.216597,-0.332344,0.282286,1.0,0.149505,0.181711,0.108324,0.018256,0.151111,0.104428,-0.229299,-0.205818,0.118208,0.216469,-0.046876,-0.090827,-0.111066,0.165494,-0.185109,0.196313,-0.102709,-0.332574,0.135011,-0.180725,0.283511,-0.179278,0.248393,0.229455,-0.141472,-0.077474,0.001093,0.09189,-0.11576,-0.015065,-0.029509,0.278008,-0.01652,0.42417,0.136051,-0.098708,0.299579,-0.233942,-0.344105,0.249619,-0.113701,0.401819,-0.336366,-0.444644,0.410374,0.281225,-0.091564,0.192016,-0.076493,-0.273621,-0.020445,0.164408,0.323139,0.0,-0.299633,0.222941,-0.206262,0.040308,-0.553561,-0.180725,-0.203294,-0.130058,0.076328,-0.318169,-0.357591,-0.227842,-0.297953,-0.144983,-0.370364,-0.346002,-0.288609,-0.144259,-0.370213,-0.279779,-0.227842,-0.253884,-0.146874,-0.104587,-0.38459,-0.059362,-0.045204,-0.085476,-0.287631,-0.094884,-0.204504,-0.002425,-0.591926,0.263411,-0.23066,-0.360314,-0.307877,-0.2825,-0.08255,-0.271076,-0.214359,-0.094165,-0.026705,0.06228,0.020563,0.08428,-0.328736,-0.295058,-0.330969,-0.551819,-0.211222,0.163986,-0.492804,-0.124609,-0.226445,-0.274844,-0.155384,-0.310216,-0.095836,-0.248856,0.191307,-0.478538,-0.3184,-0.010344,0.072202,0.117194,-0.018948,-0.349704,-0.261778,-0.180725,-0.087553,0.155477,-0.661955,-0.442464,-0.287989,-0.252195,0.184311,-0.452548,-0.052851,-0.017078,0.374896,-0.621435,-0.099584,0.01221,-0.277588,0.047726,-0.13632,-0.137419,-0.252195,0.435341,0.354853,-0.59664,-0.373296,-0.344227,-0.057935,-0.234858,-0.223032,0.348325,0.187246,-0.034083,0.097925,-0.4973,-0.11748,0.357689,0.434369,-0.096539,-0.348266,0.217635,0.061267,-0.092066,0.485914,0.418948,-0.503656,0.234197,0.359562,0.132358,0.135443,0.153918,-0.097637,0.348367,-0.066737,-0.24532,0.391295,-0.365411,-0.012503,0.358063,0.451755,0.044523,0.096702,0.295417,-0.287938,-0.036956,-0.065619,#
13,0.017668,0.10819,0.013602,-0.05437,0.182301,0.576108,0.094205,0.405587,-0.214958,0.289234,-0.323606,-0.057872,0.149505,1.0,-0.030547,-0.142312,-0.180613,0.186467,0.189371,-0.442884,-0.006858,0.261531,0.098121,-0.233704,0.00907,-0.040121,0.305247,-0.136746,-0.119543,-0.132755,0.248185,0.305664,0.15807,-0.213967,-0.340087,0.328471,0.120463,-0.120871,0.016373,-0.269913,0.101972,0.310601,0.613371,0.256475,-0.093225,-0.152067,0.177782,0.182548,0.005144,-0.052433,-0.135735,-0.024269,0.082294,-0.387318,-0.197927,-0.381153,0.166135,0.134577,-0.023926,-0.027191,0.220491,0.250577,-0.154801,0.05273,0.10914,0.169252,0.0,0.08323,0.113299,-0.16856,-0.229286,-0.219831,0.141536,-0.102014,0.120685,-0.48682,0.021526,-0.399115,-0.068737,0.157809,0.152886,-0.27548,0.002831,-0.175348,0.163472,-0.110385,0.106772,-0.068359,-0.257698,-0.024657,-0.16715,-0.099762,0.035034,-0.050222,0.154316,-0.21173,-0.197717,0.221031,0.040937,-0.115241,0.113871,-0.074523,0.109567,-0.171822,-0.175348,-0.237689,-0.005992,-0.502856,0.068844,-0.457545,-0.187657,0.216599,0.095509,0.201058,-0.179486,0.044441,-0.271771,-0.305224,0.39481,-0.307776,-0.169301,0.193716,-0.052411,-0.232702,0.014791,0.08605,-0.254905,-0.234156,-0.100293,0.021541,-0.055221,0.2306,-0.156109,0.280986,-0.096864,-0.202862,0.15807,0.156447,0.09211,-0.167156,-0.262095,-0.115094,-0.044334,-0.227948,-0.017571,0.063378,0.105587,-0.035743,-0.35686,0.144744,-0.242606,0.135961,-0.208241,0.230154,0.322212,-0.044334,0.169204,0.446429,-0.218364,0.092707,0.174766,0.042043,-0.093447,0.110343,0.17143,0.261267,0.179301,0.117686,-0.365118,0.420201,-0.096917,0.190251,-0.222173,-0.061045,0.116503,0.195821,-0.247442,0.281066,0.415085,-0.068423,-0.124377,-0.020653,-0.074762,-0.122382,0.118904,-0.178167,0.239685,0.102084,-0.058408,-0.033556,-0.120476,-0.311413,0.063617,0.249019,0.246968,-0.060092,-0.052705,-0.276458,0.317148,-0.006078,#
14,0.350782,0.186701,-0.031584,-0.014527,0.085697,-0.048357,0.040266,0.225845,0.269181,-0.602911,0.160705,-0.062426,0.181711,-0.030547,1.0,0.28998,0.186552,-0.49224,0.238453,-0.44022,-0.369417,0.406093,0.041126,-0.05767,-0.425946,-0.109331,-0.205674,0.150709,0.384935,-0.101337,-0.387701,0.339474,-0.180755,0.080448,-0.175611,-0.265634,0.0645,0.21555,0.413858,0.003047,-0.25494,-0.126747,0.046452,-0.018943,-0.221623,0.49102,0.443558,-0.325964,-0.002239,0.128613,0.024776,0.27584,0.039205,-0.094579,0.062947,0.28018,-0.058324,0.395818,-0.458059,-0.128665,0.222227,-0.094517,-0.054987,0.521119,0.190274,0.371034,0.0,-0.231265,0.005616,-0.209893,0.054127,-0.076882,0.218439,-0.205692,-0.266835,0.188559,-0.131413,0.174522,-0.22358,-0.290515,-0.288987,-0.196554,-0.177234,0.02545,-0.129328,-0.014356,-0.118047,-0.558402,-0.025221,-0.29513,0.101,-0.181909,0.461323,-0.239371,-0.097245,0.069814,-0.260429,-0.209085,-0.495381,-0.304518,0.251516,-0.056693,-0.168165,-0.30726,-0.137221,0.173273,-0.254735,-0.096132,0.090821,-0.003914,-0.60353,-0.26107,-0.208446,0.180289,-0.303171,-0.168517,-0.373539,0.298991,-0.326423,0.026228,-0.120438,-0.3482,0.044362,0.045752,0.269409,-0.068216,0.16395,-0.19829,-0.027106,-0.30726,0.349626,-0.497241,-0.340995,-0.626329,-0.165948,-0.089814,0.234407,-0.265394,0.083244,-0.187539,-0.232243,-0.362896,-0.232243,-0.189282,-0.28796,-0.055061,-0.199302,-0.245569,-0.121582,-0.42881,0.221314,-0.083647,-0.101833,-0.306895,-0.142154,-0.442539,-0.120071,0.118571,-0.271966,-0.190441,-0.342325,-0.326862,-0.064193,-0.56327,-0.131088,0.028422,-0.06475,-0.000562,-0.11686,-0.309055,-0.161532,0.285148,-0.326451,0.165142,0.103956,-0.083134,-0.061839,-0.010211,-0.405671,-0.134984,-0.089992,0.525006,0.485178,0.16633,0.173263,-0.232666,0.218243,0.192731,0.430227,-0.093507,-0.211848,0.540066,0.19413,0.35162,-0.109089,-0.240955,0.306021,-0.260271,-0.017516,0.263909,#
15,0.190612,-0.10896,-0.13041,-0.18182,-0.053233,0.008004,0.567503,-0.229547,0.308449,-0.188626,0.426801,0.295399,0.108324,-0.142312,0.28998,1.0,-0.05386,-0.430596,0.190767,-0.10432,-0.123183,0.228992,0.023815,-0.187933,-0.300703,0.040434,-0.137333,-0.014541,0.400499,-0.036498,-0.37288,-0.035646,-0.294053,-0.105681,0.145885,0.118404,0.060929,-0.04427,-0.274303,0.287128,-0.307966,-0.229045,-0.140192,-0.164091,0.030554,0.152931,0.302715,-0.227904,0.262404,0.269178,0.138697,0.006603,0.075047,0.091655,-0.067769,-0.000667,0.219425,-0.027023,0.169882,-0.106584,0.077915,-0.045938,0.167298,0.385229,-0.075662,-0.147941,0.0,-0.08739,0.084745,-0.326521,0.097097,-0.036713,-0.294053,-0.204888,-0.200247,0.202905,-0.279573,-0.010756,-0.354144,-0.315963,-0.064738,-0.080422,-0.464936,-0.240447,-0.131043,-0.12194,-0.356322,-0.360767,0.072475,-0.127773,-0.139012,-0.001308,0.272317,-0.369332,-0.336546,-0.158452,-0.311933,-0.596909,-0.432051,-0.116225,0.107473,-0.174034,-0.366526,-0.0767,0.041194,0.170677,-0.508077,0.002038,-0.205258,0.064076,-0.458098,-0.42471,-0.176798,0.103447,-0.303979,-0.255577,-0.382985,-0.035845,-0.191494,-0.26951,-0.398654,-0.417856,0.149628,0.156946,-0.186107,-0.173299,-0.149096,-0.107892,-0.228104,-0.479244,-0.186813,-0.289105,-0.305996,0.019524,-0.280079,-0.310354,0.149415,-0.330463,-0.141009,-0.130169,-0.152578,-0.362025,-0.356573,-0.102175,-0.453765,0.529296,-0.589681,0.083243,-0.102407,-0.500138,-0.188275,-0.242869,-0.525342,-0.077962,-0.485675,-0.581208,-0.069338,0.093172,-0.193683,-0.196623,-0.554071,-0.360321,-0.173634,-0.378362,-0.068339,0.201003,-0.086407,0.35309,-0.071039,-0.619132,0.036959,0.144556,-0.007393,-0.171557,0.23016,-0.352014,0.1775,0.256265,-0.157015,-0.079815,0.206018,0.465238,0.599661,0.397491,0.445473,0.046165,0.103216,-0.118596,0.510785,0.212007,-0.420128,0.534866,0.593812,0.189294,-0.213069,0.032369,0.687002,-0.084377,-0.260296,0.331475,#
16,0.16037,-0.202101,-0.190461,0.007377,-0.079657,-0.064554,-0.127628,0.06854,0.239221,-0.60258,0.176573,-0.248014,0.018256,-0.180613,0.186552,-0.05386,1.0,-0.150853,0.07265,0.000326,-0.325696,-0.030733,0.024336,0.097749,-0.073151,-0.080648,-0.191206,0.449511,-0.155018,-0.305139,0.139369,0.329789,0.235613,-0.280203,-0.188355,-0.606838,-0.119362,0.0044,0.184729,0.184245,-0.222387,-0.157897,-0.171245,-0.17515,0.07017,0.14474,0.082018,-0.217848,-0.206548,0.111134,0.294922,0.119631,0.08099,0.088779,0.292741,0.444014,-0.05509,0.180066,-0.241743,0.125517,0.229444,-0.325629,-0.027613,0.399691,0.003422,0.085581,0.0,-0.300371,-0.027548,0.147674,0.252409,0.207493,0.251033,0.01086,-0.424872,0.105831,0.097484,0.037927,0.120808,0.016635,0.181892,-0.014744,0.294857,0.197756,-0.093144,0.176155,0.21892,0.095449,0.17024,-0.43749,0.451628,0.160172,-0.002083,-0.049857,0.102049,-0.05974,0.095483,-0.024803,0.152087,-0.150587,0.322427,0.11322,-0.160203,0.082868,0.028129,0.184582,0.289169,-0.086201,-0.053648,0.183504,-0.189766,-0.261017,0.279869,0.190401,-0.131137,0.024509,0.357686,-0.008056,0.038553,0.215642,0.073755,0.128273,-0.402503,-0.23264,0.002998,-0.362021,-0.020655,0.209591,-0.264632,-0.111329,0.041692,-0.313328,0.289835,-0.316135,0.225895,-0.078062,-0.180719,-0.240747,-0.245267,0.146785,-0.047576,0.195733,-0.039765,0.20257,-0.121245,-0.049232,-0.16963,0.09312,0.209377,-0.061541,0.398196,0.156484,-0.06953,-0.122031,-0.274209,-0.039765,-0.10428,0.035973,-0.09748,-0.35723,-0.128357,-0.089785,0.12388,-0.228797,0.204834,-0.164001,-0.018687,0.201007,0.079129,0.08138,0.205234,0.009592,0.184528,0.209833,-0.247314,-0.236298,-0.099265,-0.166124,-0.232271,-0.02868,-0.087228,-0.277357,0.340987,-0.001334,-0.169971,0.264773,0.057091,-0.017448,0.063436,-0.257116,-0.028258,0.032488,-0.155466,-0.013852,0.229965,0.11886,-0.066076,0.249413,-0.17114,0.091138,#
17,0.024761,-0.010142,0.492747,-0.023867,0.096536,-0.080755,-0.180631,-0.243456,0.126076,0.415571,-0.341016,0.119352,0.151111,0.186467,-0.49224,-0.430596,-0.150853,1.0,-0.100632,0.223503,0.178309,-0.218931,0.351731,0.237825,0.423865,-0.274938,0.225657,-0.164239,-0.220166,0.090063,0.399371,-0.172584,0.204675,0.145447,-0.26563,0.061166,0.115911,-0.24796,0.090074,-0.382905,0.251347,0.277606,0.121114,-0.013678,0.359422,-0.458864,0.104189,0.672689,-0.000984,-0.136575,0.036291,-0.282785,-0.310792,0.061904,-0.279051,-0.143149,-0.177516,-0.160168,0.030439,-0.131888,-0.264448,0.075557,-0.172703,-0.495837,-0.112608,0.104338,0.0,-0.086139,0.002937,0.428527,0.119106,-0.183811,-0.228415,0.318029,0.096069,-0.186085,0.086107,-0.326692,0.023449,0.135483,-0.063091,0.046228,0.014216,0.305415,0.292554,-0.033526,-0.078142,0.191987,-0.160007,-0.064723,0.047829,-0.164661,-0.308386,0.422768,0.258,0.073656,0.219296,0.34899,0.288822,0.082747,-0.220431,-0.119584,-0.208789,0.293276,-0.030465,0.084983,0.219236,0.172828,0.174572,0.005647,0.606011,0.180689,0.369262,-0.165697,0.265589,-0.142437,-0.001402,-0.349059,0.50476,-0.23382,-0.131894,0.300653,-0.045817,-0.417942,-0.312022,0.219103,-0.188924,0.180715,-0.19758,0.051369,0.128261,0.482577,0.329408,0.300836,0.140229,-0.13826,-0.228415,0.40344,0.345221,-0.143371,0.209952,0.352806,0.212661,-0.201391,-0.094228,-0.219343,0.158356,0.40609,-0.386587,0.551678,-0.096676,0.038157,0.22315,0.107078,0.124946,0.383287,0.272538,0.064803,0.110449,0.177187,0.546432,0.35115,0.157728,0.732605,0.142883,-0.203051,0.081812,-0.173412,-0.287082,0.294571,-0.062574,0.148973,0.098897,-0.215242,-0.15189,0.253901,0.083963,0.148062,0.294245,-0.318551,0.070838,-0.171119,-0.664131,-0.368955,-0.335578,0.063837,-0.021001,0.27208,-0.534905,0.112403,0.170586,-0.552891,-0.184537,-0.198006,-0.085293,0.054787,-0.293354,-0.055432,0.185619,-0.574966,#
18,0.264468,-0.075807,0.263345,0.056159,0.086613,-0.123254,0.30044,0.193471,0.19621,-0.197121,0.395027,-0.167715,0.104428,0.189371,0.238453,0.190767,0.07265,-0.100632,1.0,-0.241634,-0.267132,0.319791,-0.133708,-0.17108,-0.650846,-0.154198,-0.250326,0.355108,0.229714,-0.533705,-0.143835,0.443958,-0.194543,-0.334367,-0.067675,0.040019,0.273825,0.442158,0.107202,-0.080507,0.078234,-0.017275,-0.165427,-0.158767,-0.083024,-0.118903,0.305546,-0.346425,-0.118743,0.164902,-0.294167,0.192576,0.313,0.1128,-0.299225,-0.130018,-0.192648,-0.080586,-0.192935,-0.016049,0.198599,0.141743,0.234199,-0.12681,0.109186,0.101507,0.0,-0.25004,-0.080447,-0.256097,-0.06294,-0.094143,0.147046,0.136647,-0.203795,-0.157061,0.198326,-0.465335,-0.160136,-0.233068,0.086081,-0.115442,-0.270136,-0.219106,-0.191261,-0.03159,0.115504,0.037898,-0.301048,0.133246,0.299569,-0.078829,0.026962,0.105187,0.015654,0.013256,-0.122873,0.010747,-0.040957,-0.260875,-0.04267,0.015901,-0.279095,0.017284,-0.059274,-0.092062,-0.018681,-0.146503,0.174823,-0.217896,-0.171931,0.006928,0.063656,0.264126,-0.196636,-0.253641,-0.087251,0.02334,0.149916,-0.22527,0.003883,-0.135835,0.141852,0.146127,0.035903,0.028878,-0.303016,-0.103549,-0.010439,-0.02145,0.211266,0.009248,-0.081336,-0.222527,0.251415,0.017297,0.228376,0.033404,-0.314858,-0.134177,-0.102773,0.124515,-0.102773,-0.094893,-0.055789,0.194227,-0.266931,0.153902,-0.353944,-0.137343,0.116029,0.174545,0.016825,-0.154823,-0.05118,-0.102773,0.121523,0.233243,-0.058229,-0.228668,-0.02695,-0.130621,0.072728,-0.127166,0.437427,0.07725,-0.053534,-0.06995,-0.170491,0.154815,-0.264984,0.398686,0.176308,-0.079302,0.150179,-0.029092,-0.351481,0.235821,-0.090172,-0.141988,0.159277,0.12265,0.029321,0.150544,-0.108467,0.139202,0.40645,-0.038164,0.130702,-0.343299,-0.135231,0.074255,0.097651,0.089923,0.083052,0.206908,0.016826,-0.189771,0.090792,-0.016782,#
19,-0.149157,-0.309926,0.221439,0.144923,-0.258893,-0.269233,-0.307065,-0.029305,-0.116849,0.052353,0.1861,-0.251857,-0.229299,-0.442884,-0.44022,-0.10432,0.000326,0.223503,-0.241634,1.0,0.03969,0.035747,-0.085573,-0.032549,0.261765,0.27925,0.135058,0.095755,-0.387204,0.123369,0.300843,-0.336428,0.429507,0.111572,0.29158,-0.114614,-0.309293,0.015471,-0.183483,0.110471,-0.184398,-0.112262,-0.167277,-0.108554,0.345315,-0.272947,-0.274156,0.031677,-0.027661,-0.208009,0.049884,-0.069151,-0.214009,0.281912,0.018255,0.249595,0.021462,-0.20014,0.295368,-0.158466,-0.365729,-0.159392,0.174772,-0.306097,0.117732,-0.158874,0.0,0.097313,-0.382132,0.157506,-0.050695,0.157199,-0.101477,0.33274,0.263552,0.310895,0.203487,0.174576,0.176537,0.140057,0.164652,0.284454,0.025651,0.155161,0.360431,0.118619,0.054413,0.394851,0.265326,-0.043537,0.108084,-0.090445,-0.105094,0.001927,0.266705,0.490502,0.266705,0.100706,0.227949,0.091273,-0.213951,-0.208218,-0.052593,0.395116,0.140057,0.113076,0.129036,0.49473,-0.030832,0.328154,0.483671,-0.146566,0.222765,-0.169316,0.143099,0.273154,0.560113,-0.110646,0.072102,0.166491,-0.088077,0.111736,0.042952,0.246815,-0.291869,0.192904,0.205196,0.013045,0.166922,0.14744,0.154365,-0.044722,0.21612,0.28189,0.298336,0.043306,-0.101477,0.27534,-0.131572,0.229379,0.205365,0.333706,0.265135,0.009243,-0.071935,0.139795,0.33274,-0.15409,0.351137,0.292895,0.06437,0.043831,0.490805,0.213046,-0.019078,0.474329,-0.047628,-0.476705,0.253254,0.354098,0.225626,0.118778,0.187413,0.406741,-0.028,-0.309974,0.02677,0.023587,0.139392,-0.028756,0.120563,-0.512642,0.443751,0.168948,-0.192717,0.110947,0.124594,-0.194611,-0.094868,0.187343,-0.150957,-0.214304,-0.408644,0.053825,-0.418682,0.421691,-0.383916,-0.06981,0.034457,0.107445,0.100653,-0.067523,-0.293581,-0.613636,-0.161579,0.271051,-0.351768,0.391256,0.059538,-0.340911,#
20,-0.374554,-0.023787,-0.291845,0.032767,0.243421,0.196642,-0.189178,-0.252379,-0.24726,0.261963,-0.136943,0.061209,-0.205818,-0.006858,-0.369417,-0.123183,-0.325696,0.178309,-0.267132,0.03969,1.0,-0.450499,-0.033939,-0.239188,0.075521,0.119099,-0.042792,0.075965,-0.03258,0.460947,0.201261,-0.183412,-0.228696,0.227312,-0.002765,0.040246,-0.200612,-0.309481,0.098485,-0.013837,0.025972,-0.15011,0.163368,0.209893,-0.053315,0.041381,-0.460729,0.244893,0.346059,-0.52606,-0.001984,-0.279346,0.082,-0.004696,-0.069743,0.051955,0.408832,-0.398101,0.234858,-0.027411,-0.199081,0.037629,0.072219,-0.20776,-0.493598,-0.07408,0.0,0.29537,-0.162725,0.099028,0.137964,-0.094951,0.188024,0.205601,0.268311,-0.06549,0.318242,0.169024,0.09252,0.163698,-0.18521,0.083214,-0.113581,0.000286,0.104823,0.014214,-0.175373,0.247863,0.460019,0.322482,-0.406342,0.216446,-0.153878,0.03593,0.106767,-0.054448,0.106767,-0.090204,0.181161,0.42729,-0.258616,0.089454,0.155428,0.13192,0.000286,-0.171848,0.098,-0.034645,0.254345,-0.322483,0.204209,0.247493,-0.289165,-0.339574,0.159913,0.024935,0.21949,0.173476,-0.081239,0.000585,0.33269,0.193228,0.283838,0.11573,0.030403,0.264542,0.204987,0.215985,-0.038994,0.142945,-0.207613,0.318984,-0.270527,0.150324,-0.151801,0.291642,-0.228696,0.102452,0.003573,0.224758,0.05036,0.052214,0.041917,-0.180805,0.160488,-0.010637,0.347348,0.203142,0.148103,0.08015,-0.201681,-0.086263,-0.057726,-0.074823,-0.023195,0.05036,-0.054607,-0.220996,0.163019,0.142092,0.005173,0.104084,0.058971,0.2533,-0.222417,-0.231674,0.209575,-0.052035,0.146551,0.128158,-0.212926,-0.300044,-0.152514,-0.032743,0.223441,-0.098087,0.339703,-0.150965,-0.152589,0.031331,0.117697,-0.208564,-0.181477,0.009886,0.157889,-0.40564,0.091378,-0.351838,-0.121558,0.078416,0.23451,-0.200406,-0.03107,-0.450293,-0.085658,0.053461,-0.132869,-0.017177,-0.189486,0.062422,#
