0,1.0,0.258146,-0.244024,-0.370924,0.381198,0.141725,0.404987,-0.206078,0.138581,0.248062,0.296066,-0.106048,0.348889,0.257959,-0.05397,-0.026607,-0.148314,-0.229233,0.364186,-0.045562,0.093692,0.06329,0.294537,-0.132921,-0.039304,-0.198029,-0.241003,-0.047044,0.271373,0.24283,-0.409815,-0.209398,0.249198,-0.221357,0.406047,0.220218,0.195769,-0.010428,0.019612,0.303103,-0.161507,0.056311,-0.141869,-0.125488,0.281429,-0.090969,0.285666,0.129384,0.098,-0.000127,0.234861,-0.410577,0.043354,0.072282,0.212195,0.109379,-0.000453,0.018105,-0.133336,0.243003,0.251775,-0.202398,-0.226862,0.420742,-0.243222,0.225992,-0.070519,0.159404,-0.070831,-0.116174,0.111817,0.337732,0.14933,-0.179696,-0.261844,0.22193,-0.433375,-0.18491,-0.098281,0.039747,0.134148,-0.104437,-0.362218,-0.267251,-0.133834,-0.033696,-0.29637,0.053157,-0.197161,-0.359268,-0.220059,-0.176463,-0.063145,-0.35958,-0.013374,-0.273742,-0.404533,-0.460445,-0.184972,-0.417556,0.100372,-0.033342,-0.161743,-0.363968,-0.103985,-0.366197,-0.107526,0.202207,-0.082456,-0.0915,0.051467,0.13045,-0.436455,-0.397966,0.045796,0.11298,-0.359841,-0.012055,-0.023143,0.025646,-0.337993,-0.195785,-0.106698,-0.130162,-0.268863,0.070535,0.134601,0.165894,-0.034475,-0.299189,-0.118223,-0.458884,-0.264152,0.162536,-0.027499,-0.211503,0.126825,0.016075,0.145182,0.056011,-0.172411,0.217329,-0.149146,-0.286407,-0.261094,-0.044145,-0.282712,0.08451,-0.183797,-0.209789,-0.087855,0.075073,-0.417556,-0.176926,0.346651,-0.24171,0.299188,0.086519,-0.467441,0.012203,-0.146343,-0.047225,-0.195785,-0.136938,0.280656,0.050687,0.211281,0.198716,-0.188963,-0.05677,0.038883,0.043467,0.136241,-0.014288,0.06323,-0.112199,-0.250811,-0.205313,0.145259,-0.417018,0.056888,0.23989,-0.032206,0.377863,0.224408,-0.026574,0.237187,-0.091462,0.114436,0.338396,-0.25608,0.215104,0.441619,0.0087,-0.204441,0.459858,0.305406,-0.096625,-0.20135,0.030434,#
1,0.258146,1.0,-0.202446,0.004802,0.021353,0.060281,0.459887,-0.137455,-0.048647,0.240437,0.095932,-0.077606,0.021316,0.153716,0.112656,-0.017046,0.257193,0.052237,0.408272,0.002437,0.471301,-0.073537,0.205484,-0.314875,-0.180743,-0.258266,-0.233669,-0.027755,0.210454,0.031092,-0.228257,0.084092,0.267836,-0.200532,0.050901,0.066194,-0.035876,-0.614624,0.091501,0.215458,0.094037,0.110177,-0.158335,0.156427,0.185374,0.027589,-0.070197,-0.064565,0.298879,0.464848,-0.089902,0.126875,0.267616,0.194968,0.319627,0.023635,0.266841,-0.148085,-0.290784,-0.165144,0.123325,-0.021404,0.11808,0.089872,0.267548,0.380378,-0.466393,0.148059,0.078463,-0.195124,-0.195878,-0.234628,-0.122213,-0.344925,-0.22125,-0.025523,-0.217178,-0.068734,0.048603,-0.036987,-0.058854,-0.128398,0.010405,-0.145755,-0.145103,0.091796,-0.047477,-0.221782,0.012351,-0.28115,-0.352982,0.022942,-0.270669,-0.186931,0.038358,-0.118254,-0.121921,-0.016871,0.113228,0.007555,0.145927,0.208369,0.120889,-0.171971,-0.402297,-0.297323,0.160877,-0.232179,-0.402933,-0.047813,0.135959,-0.045908,-0.12232,-0.025047,-0.198593,-0.010399,0.024586,0.059965,-0.066575,-0.315504,-0.277147,-0.326785,-0.372396,-0.251253,-0.137283,-0.394912,0.026849,-0.334279,-0.381984,-0.219291,0.057052,-0.41532,-0.307153,-0.140094,-0.231565,-0.259048,0.118234,0.280081,0.099687,-0.190647,-0.06727,-0.197986,0.02677,-0.02057,-0.118409,-0.369236,-0.471874,0.207961,-0.163744,-0.231494,0.00885,-0.203054,0.007555,-0.293325,-0.16486,-0.224592,0.179285,0.068229,-0.237315,0.270391,-0.204672,-0.019444,-0.326785,-0.206925,-0.343208,0.38983,0.352691,0.004938,-0.209308,-0.603323,0.225377,0.177773,-0.135095,-0.146498,0.230676,-0.280595,-0.012623,-0.091127,0.192852,-0.201449,0.02344,-0.01171,0.203381,0.313999,0.330407,-0.43382,0.162871,-0.300919,0.039715,0.143918,-0.006094,0.226831,-0.043828,-0.057308,-0.180883,-0.051854,0.105885,-0.347176,-0.171863,0.010484,#
2,-0.244024,-0.202446,1.0,-0.196211,-0.145847,-0.221011,0.029045,-0.141552,0.288593,0.022505,0.17572,0.04777,0.19285,-0.009134,-0.206476,-0.160213,-0.109369,0.199529,-0.13867,0.159843,-0.036876,0.191693,-0.046492,0.065207,-0.18287,0.175376,0.197975,-0.150491,0.012265,-0.492799,-0.02596,0.306274,0.010252,0.129689,-0.109534,0.094525,0.144517,0.31754,-0.050635,-0.333071,0.098438,0.106741,0.075954,-0.170928,-0.161924,-0.265746,-0.068111,0.139551,-0.084798,-0.178577,-0.113589,-0.058085,0.1612,-0.188599,-0.143235,-0.084031,-0.154499,-0.078562,0.170852,-0.179966,-0.02818,-0.261274,0.097016,-0.212092,0.386272,0.055676,0.011682,0.201976,0.360719,0.288802,0.039914,0.101648,-0.347185,0.112667,-0.087166,-0.106802,0.207784,0.16138,0.042844,0.048024,0.104998,0.185823,0.131901,0.079702,-0.107088,0.26028,0.038589,0.029182,0.118045,0.17164,-0.036982,0.095333,0.150493,0.274002,0.082998,0.031232,0.200254,-0.387514,0.078237,0.143539,-0.248498,-0.188765,0.114406,0.283035,0.351703,0.081079,-0.082812,-0.043794,0.214506,-0.152953,-0.126811,-0.417324,0.169606,0.138148,0.355188,-0.38155,0.10903,0.097243,-0.3153,-0.125028,0.127713,0.179036,0.02707,-0.230284,-0.089272,0.169723,0.591167,-0.113022,0.242821,0.057406,0.358047,0.034135,-0.128519,0.088644,0.260805,0.131124,0.035519,0.408068,-0.021184,0.355141,0.099862,0.382059,0.135216,-0.015938,0.07743,-0.009266,-0.040574,0.048401,0.106506,0.327195,0.183923,0.167244,0.134509,0.133892,0.318484,0.008887,0.00311,0.072499,0.354352,-0.075502,0.415036,0.150963,0.163276,0.267072,0.011984,-0.30153,0.107666,-0.137013,0.172191,0.157048,-0.232549,-0.143862,-0.346017,0.09071,-0.096069,-0.000206,0.207855,-0.159657,0.094236,-0.149663,0.073089,0.180422,-0.002834,-0.234698,-0.271403,0.08328,0.101997,0.328736,-0.321559,-0.218379,0.198013,-0.059211,-0.32597,0.320127,0.004598,-0.046383,-0.166889,0.170785,0.114403,0.063123,#
3,-0.370924,0.004802,-0.196211,1.0,-0.361336,-0.269262,-0.183906,0.176272,-0.596504,-0.374673,-0.159799,-0.20885,-0.165564,-0.382509,0.045503,0.149481,0.280061,0.323968,-0.065473,-0.153156,0.03901,-0.154547,-0.445896,-0.079959,0.161844,0.164641,-0.080192,0.10838,-0.180828,-0.181366,0.372301,-0.236564,-0.192096,0.064862,-0.200857,-0.084478,-0.149854,0.048112,0.194192,0.021647,0.041168,-0.210451,0.033862,0.202518,-0.213921,0.237825,-0.140297,-0.159621,0.087641,-0.068233,-0.016872,0.415482,0.022085,0.133693,0.176405,-0.380887,0.276982,0.101827,-0.140582,-0.287086,-0.352528,0.255672,0.460105,0.046599,-0.121919,-0.375388,-0.027582,-0.097178,-0.31229,0.120513,0.161511,-0.024966,0.143851,-0.151532,0.080061,-0.04017,0.422206,0.194271,0.107348,-0.069163,0.043773,0.116415,0.334831,0.08959,0.244858,-0.285492,0.092517,0.27797,0.015524,0.334126,-0.141537,0.04728,-0.00272,-0.08846,0.056618,-0.050579,0.429381,0.194509,0.063831,0.277616,0.224099,0.328844,0.194037,0.346574,-0.171022,0.069025,0.450208,0.106635,-0.010051,0.005907,-0.061452,0.156909,0.325337,0.177338,-0.024835,0.067882,0.261536,0.047958,-0.070612,0.176607,0.252052,0.225903,0.111343,0.253267,0.271871,0.002671,-0.582129,-0.084026,-0.054903,0.26709,-0.200834,0.419437,0.429381,0.044003,0.089938,0.168719,-0.042918,-0.169251,-0.035995,-0.028792,0.052966,-0.20446,0.407647,0.263988,0.426439,0.204637,0.024139,0.189452,0.382977,-0.145932,0.185347,-0.187037,0.04456,0.068567,-0.078349,0.160853,-0.555126,-0.143242,0.359194,0.051557,0.249539,-0.19336,-0.180848,0.128094,-0.028768,-0.222543,0.061584,0.285347,0.039804,-0.01481,0.194529,0.302844,0.162547,0.22547,-0.057799,-0.007397,-0.198792,0.164243,-0.612701,0.448292,-0.377014,-0.035576,0.335961,-0.227445,-0.185427,-0.257823,-0.300993,-0.171941,0.185238,0.035033,-0.0027,-0.25891,-0.066486,-0.141586,0.395363,-0.244835,0.032692,0.024629,-0.27895,-0.092354,#
4,0.381198,0.021353,-0.145847,-0.361336,1.0,0.285412,-0.120328,-0.169579,0.145301,0.034993,0.321501,0.21916,-0.067991,-0.228064,-0.043509,0.193533,0.092375,-0.318522,0.075498,-0.06225,-0.031085,-0.210488,0.131914,-0.083175,-0.033132,-0.184868,-0.199774,0.067769,0.007693,0.181002,-0.361124,-0.057612,0.17372,-0.043661,0.078729,0.115434,0.168489,-0.03845,-0.05817,0.28633,-0.100144,-0.299673,-0.241428,-0.000617,-0.128271,0.21454,-0.091041,-0.00925,0.162405,0.518428,0.023337,-0.264342,0.175491,0.547415,0.291633,0.120038,-0.313564,0.070202,-0.014053,0.28454,-0.243076,-0.269622,-0.206165,0.189089,-0.358293,0.036603,0.528321,-0.108837,-0.167153,-0.298811,-0.038289,0.141711,0.234584,0.291179,0.068879,0.074924,-0.113473,-0.053306,0.035421,-0.118126,-0.056791,0.029063,-0.034281,0.069743,0.238072,-0.202386,0.05513,0.020203,0.116663,-0.177835,0.288565,0.251717,0.141358,0.077338,0.09122,0.030151,-0.111739,-0.016167,-0.251495,-0.040777,0.177241,0.183616,-0.041609,-0.033987,0.339615,0.097237,-0.287376,0.384108,-0.184084,0.187915,0.025947,0.074475,-0.335216,-0.348791,-0.127955,0.288198,-0.087262,0.43407,-0.357431,-0.127545,-0.45831,0.166071,0.030247,-0.102085,-0.020904,0.156639,0.102082,0.197646,0.134551,-0.108601,0.203766,-0.277321,0.039654,-0.003733,0.082692,0.150902,0.064468,0.168728,-0.167942,0.175566,0.115607,0.035552,-0.587021,0.158372,-0.122381,-0.238403,-0.054394,-0.215997,-0.073909,-0.051203,0.173344,0.164925,-0.267766,0.107437,0.321428,0.007084,0.183133,0.042464,-0.550856,0.173034,-0.330327,-0.349087,-0.230091,-0.139141,0.118069,0.065038,0.108551,0.222874,-0.05997,0.193372,-0.02157,-0.018609,0.217953,-0.073909,-0.257663,0.177277,1.6e-05,0.011419,0.289182,0.020193,-0.103304,0.202892,0.034283,0.086065,0.216685,0.257082,0.299585,0.008489,0.290376,-0.160303,-0.00484,0.097192,0.284445,-0.095379,-0.268782,0.277139,-0.017005,-0.0271,0.005569,-0.247641,#
5,0.141725,0.060281,-0.221011,-0.269262,0.285412,1.0,0.257535,0.338232,0.049785,-0.260025,0.104824,0.318879,-0.287609,-0.071357,-0.097925,-0.215209,0.223508,-0.366589,-0.035101,-0.460405,0.068903,-0.173487,0.020892,-0.175717,-0.105992,0.098485,0.075659,0.018283,-0.109306,0.349865,-0.413911,-0.139508,-0.264676,-0.071334,0.155952,0.222093,0.043249,-0.264874,-0.008106,0.265963,-0.305708,0.120344,-0.319839,-0.07968,0.159219,0.156944,0.142496,-0.27143,-0.209296,0.3383,-0.072333,-0.090167,-0.244153,0.182309,-0.113786,0.169341,-0.05083,0.492104,-0.297318,-0.015554,-0.203483,-0.09404,0.054225,0.227432,-0.16135,0.196306,0.028008,0.036194,-0.159938,-0.519019,0.228997,-0.264685,-0.009334,0.222875,0.14556,0.306552,-0.335428,0.013993,-0.352873,-0.33355,-0.452251,-0.36826,-0.113293,0.26925,-0.139563,-0.448632,-0.0138,-0.074563,-0.259135,-0.079599,-0.087942,-0.323342,-0.234843,-0.092036,-0.166539,-0.190091,-0.213285,-0.150393,-0.231727,-0.333435,0.222337,-0.039707,0.030614,-0.274576,-0.30857,-0.308034,0.076167,0.180738,-0.406824,0.153313,0.242771,0.284027,-0.451456,-0.249809,-0.374464,0.030087,-0.181076,0.166451,0.045498,0.044365,-0.315196,-0.249785,0.088682,-0.023629,0.030426,-0.325601,-0.157766,0.016652,-0.396063,-0.170451,-0.179492,-0.192352,-0.044401,-0.005318,-0.382088,-0.065638,0.426956,0.135232,-0.000941,-0.387006,0.064026,0.085266,-0.183984,0.126219,-0.217857,-0.310914,0.230745,-0.001023,-0.177814,0.113125,-0.149235,-0.153971,-0.094289,0.082021,-0.026492,-0.238206,-0.046603,0.040973,-0.541702,-0.087776,-0.451685,-0.221909,0.167594,-0.204939,-0.182342,-0.027905,-0.492306,-0.086841,-0.087867,-0.022708,0.199613,-0.235351,-0.025149,-0.348944,-0.021989,-0.26708,-0.033825,0.136871,0.020169,-0.077776,0.128889,-0.223872,0.200864,0.350577,0.598368,-0.042406,-0.116465,-0.110024,0.078524,0.210466,0.016334,0.223391,0.307894,-0.247959,-0.349017,0.179611,0.199057,-0.026066,-0.361743,-0.146339,#
6,0.404987,0.459887,0.029045,-0.183906,-0.120328,0.257535,1.0,-0.082043,0.293224,0.100099,0.226271,0.085366,0.219504,0.339847,-0.021904,0.086555,0.176031,0.272108,0.262195,-0.012832,-0.028733,-0.04645,0.406138,-0.167844,-0.010442,0.063353,0.167025,-0.069864,0.474069,0.100739,-0.338738,-0.205679,-0.047221,-0.344205,0.211403,0.353296,0.030993,-0.344152,0.103582,0.249781,0.024879,0.189029,-0.081235,-0.036047,0.464113,-0.209181,0.161046,-0.07357,-0.102189,0.366364,0.148182,-0.183852,-0.075715,0.104106,0.26186,0.100198,0.20211,-0.044559,-0.058505,-0.116015,0.239325,0.089401,0.058414,0.281253,0.251397,0.401042,-0.410935,0.308632,0.033819,-0.252419,0.131378,-0.060377,-0.243219,-0.509866,-0.422226,0.334351,-0.580828,-0.395441,-0.457944,-0.237925,-0.210874,-0.45171,-0.518025,0.021496,-0.729492,-0.071528,-0.237794,-0.343326,-0.506363,-0.497231,-0.680416,-0.448402,-0.650072,-0.459677,-0.275083,-0.610778,-0.465886,-0.495319,-0.197718,-0.15284,-0.152975,-0.261122,-0.220277,-0.349951,-0.285107,-0.562884,-0.015292,-0.038613,-0.267091,-0.0962,-0.189913,0.017808,-0.418792,-0.304081,-0.00034,-0.385506,-0.238395,-0.257211,0.02267,-0.314561,-0.366502,-0.271796,-0.335489,-0.463827,-0.185608,-0.46818,0.06751,0.264691,-0.360149,-0.408165,-0.273882,-0.593973,-0.62307,-0.163304,-0.329688,-0.296643,0.192647,0.104828,0.042716,-0.493421,-0.362845,0.337471,-0.052068,-0.444628,-0.453919,-0.230043,-0.392471,0.680115,-0.452247,-0.173385,-0.276607,-0.292267,-0.15284,-0.181973,-0.121363,-0.469882,0.057949,0.430166,-0.327742,-0.123696,0.03562,-0.109996,-0.271796,-0.228797,-0.168362,0.203057,-0.148255,-0.158947,-0.581125,-0.271656,0.086827,0.028483,-0.262941,-0.270488,0.211237,-0.566517,-0.274034,0.220411,0.236514,-0.670955,0.371515,-0.142312,0.150489,0.617319,0.507258,-0.519875,0.096567,-0.045791,-0.141384,0.137281,-0.297903,0.336101,0.124868,0.146221,-0.438432,0.089203,0.274766,-0.408914,-0.40195,0.311388,#
7,-0.206078,-0.137455,-0.141552,0.176272,-0.169579,0.338232,-0.082043,1.0,-0.10089,-0.21475,-0.334833,-0.107691,-0.080762,-0.141347,0.197818,-0.365233,0.194675,-0.160725,0.213657,-0.30602,0.212363,0.206293,-0.196877,0.044508,0.069074,0.167242,-0.120562,-0.325,-0.137455,0.104758,-0.234559,-0.190326,-0.197672,0.1652,-0.164086,-0.212652,-0.166681,-0.23304,0.202511,0.143243,0.116358,-0.108238,-0.14829,-0.313598,0.149936,0.123549,-0.119198,-0.21775,-0.196875,-0.117518,-0.159876,-0.097846,0.014296,-0.176611,-0.033056,0.259605,0.305447,-0.071594,-0.198577,-0.021576,-0.102879,0.024695,-0.078733,-0.077501,-0.155008,-0.064278,0.063011,-0.039694,-0.088048,-0.194908,-0.092709,-0.122928,-0.381904,0.207598,-0.232249,-0.004881,0.186952,0.175854,-0.286225,0.110058,-0.232505,-0.287104,0.130344,-0.234347,0.067315,-0.264769,0.093704,0.155049,0.117392,0.166507,0.144405,-0.235258,0.088724,-0.189545,0.210712,0.15548,-0.186706,0.286404,-0.243512,0.080514,-0.116597,0.161665,0.267312,-0.220358,-0.180294,-8.3e-05,-0.132644,0.124358,-0.396311,0.070137,0.198732,0.05862,0.19158,0.129139,0.289283,0.13862,0.147874,-0.071783,0.21639,0.219462,0.125755,0.018923,0.276016,0.175226,-0.088007,-0.163758,-0.190909,-0.146273,-0.191295,0.125385,-0.236609,0.171451,0.152711,-0.155434,-0.142255,0.18239,0.18378,0.124749,-0.052902,-0.226021,-0.358063,-0.154871,-0.272089,0.342174,-0.259479,-0.206289,0.056601,-0.008362,0.195977,0.105698,-0.123146,-0.169537,0.103102,-0.290706,-0.016881,-0.409951,-0.117336,-0.042103,-0.225962,-0.001684,-0.158878,0.144339,0.058346,-0.155179,-0.178956,-0.320193,-0.422786,-0.086443,0.103676,0.160694,-0.13403,-0.246749,0.103321,-0.209016,0.231207,-0.163071,0.045056,0.196368,0.222884,0.200232,-0.219569,-0.192995,0.210125,0.217149,-0.128286,-0.144143,-0.289786,-0.191728,-0.243263,0.16849,-0.167451,0.077869,-0.122587,-0.178623,0.1664,-0.097036,-0.167681,-0.155894,-0.265689,0.11385,#
8,0.138581,-0.048647,0.288593,-0.596504,0.145301,0.049785,0.293224,-0.10089,1.0,0.463991,0.05141,0.303085,0.138361,0.359124,-0.084156,-0.112704,-0.375556,0.131051,0.047291,0.04429,-0.235037,0.079569,0.37716,-0.002781,0.059338,0.060212,0.190573,0.075447,0.130781,0.212906,-0.263189,-0.017804,-0.049809,-0.009707,0.101159,0.324842,-0.112447,0.071345,0.03432,0.022635,0.159362,0.22929,-0.12039,-0.198674,0.087137,-0.160418,0.217819,0.117362,-0.213934,0.045964,-0.029456,-0.288821,0.02688,0.011086,0.227531,0.458231,-0.518646,-0.158271,-0.075222,0.253206,0.329811,-0.240293,-0.322391,0.181511,0.131971,0.102415,-0.05573,0.366165,0.330606,-0.204796,-0.069393,0.199327,-0.116766,0.044946,-0.196244,0.226002,-0.200053,-0.265826,-0.194518,-0.038774,-0.124756,-0.373383,-0.586739,-0.016728,-0.538037,0.028577,-0.357486,-0.509505,-0.114471,-0.282732,-0.113098,-0.290507,-0.447482,-0.154664,-0.297743,0.12778,-0.351829,-0.059651,-0.30859,-0.240354,-0.446491,-0.105372,-0.115613,-0.114471,0.120742,-0.407619,-0.182924,-0.16879,0.071353,-0.101031,-0.018409,-0.13137,-0.394948,-0.146899,0.115934,-0.338919,0.159607,-0.111579,-0.035499,-0.242417,-0.0294,-0.212308,-0.026747,-0.368241,-0.142282,0.120742,0.513685,0.093662,0.010544,-0.182616,0.122506,-0.19635,-0.667059,-0.130076,-0.135762,-0.110137,-0.094546,0.200779,0.009172,-0.210801,-0.199002,0.119064,-0.167837,-0.278076,-0.339796,-0.486472,-0.306571,0.25195,-0.28285,-0.065344,-0.037698,0.12748,-0.240354,-0.417921,0.158771,-0.27378,0.353569,0.402498,-0.231185,-0.453467,-0.162032,0.038868,-0.212308,-0.165304,-0.242064,-0.03871,-0.20265,-0.188406,-0.235697,-0.115427,-0.098124,-0.213303,-0.135901,-0.29215,0.454293,-0.042947,0.064726,0.081936,0.53401,-0.34378,0.449293,0.28127,-0.256832,0.138501,0.291592,0.212808,0.191221,0.28258,-0.41967,-0.113496,-0.056967,-0.031291,0.025074,0.210482,-0.248432,0.324312,0.050408,-0.277956,0.111245,0.134693,#
9,0.248062,0.240437,0.022505,-0.374673,0.034993,-0.260025,0.100099,-0.21475,0.463991,1.0,0.053737,-0.088037,0.18443,0.57828,0.077404,-0.120152,-0.557748,0.163812,0.111526,0.325947,0.076122,0.149656,0.373785,0.022276,0.146417,-0.272481,-0.273722,0.090474,0.064193,0.339369,0.092118,0.219835,0.301879,-0.347275,0.229268,-0.198695,0.404686,-0.026493,0.290603,-0.39111,0.388194,0.299806,-0.126464,-0.046193,0.044902,-0.498365,0.207699,0.608528,0.057115,0.101815,-0.242717,-0.13203,0.335034,-0.076412,0.215413,0.150687,-0.27408,-0.234351,-0.207143,0.172944,0.455824,0.019731,-0.397766,-0.061151,0.007972,0.181798,0.088125,0.002694,0.052432,0.121179,-0.111878,0.255445,-0.021009,0.188701,-0.212551,-0.110392,-0.227398,-0.354395,0.028768,0.289077,-0.041929,-0.287695,-0.314585,0.057312,-0.193478,0.423596,-0.228977,-0.178429,0.179668,-0.466909,0.017305,0.051477,-0.124427,-0.029979,-0.078917,0.24323,-0.421219,-0.101943,0.197886,-0.117406,-0.4043,0.123353,-0.189932,-0.169636,0.076429,-0.175221,-0.313273,-0.405343,-0.08056,-0.089577,0.401356,0.026506,-0.24486,0.094029,-0.002261,-0.194016,0.152716,-0.215441,0.398441,-0.299974,-0.156102,-0.270936,0.220812,-0.138587,-0.200385,0.304054,0.424874,-0.095097,-0.025947,-0.222465,0.063697,-0.061476,-0.596733,0.013121,-0.299832,-0.113342,-0.454113,0.116285,0.366319,-0.151164,0.042756,0.035776,-0.186482,-0.506754,-0.415568,-0.145338,-0.391228,0.040188,-0.081369,0.079042,-0.221034,0.510438,-0.117406,-0.56855,-0.030816,-0.2601,0.677543,0.422466,0.082586,-0.124361,-0.164932,0.285859,-0.270936,0.287036,0.072294,0.343701,0.238007,-0.291499,-0.115572,-0.079606,-0.173088,0.203186,-0.033471,-0.252756,0.357015,-0.17808,0.10622,-0.162865,0.554217,-0.289888,0.519098,0.184427,-0.667792,-0.116615,0.137941,0.071053,0.317825,0.159886,-0.500654,-0.064346,-0.240251,-0.038467,-0.129962,0.307604,-0.063769,-0.031394,-0.090745,-0.133629,0.416491,0.484465,#
10,0.296066,0.095932,0.17572,-0.159799,0.321501,0.104824,0.226271,-0.334833,0.05141,0.053737,1.0,0.108758,0.22876,0.117908,-0.317848,0.097589,-0.136987,-0.002627,0.041537,-0.002964,-0.139342,-0.011488,-0.074215,0.205306,0.176205,0.310266,0.017313,-0.055721,0.270918,-0.092597,0.069938,0.073638,-0.123282,-0.327097,-0.198488,0.372067,0.283823,0.233039,0.04947,0.078394,-0.250591,-0.313284,-0.232952,-0.100108,-0.101683,0.054749,-0.041304,0.153078,0.040758,0.323249,0.049415,-0.329804,0.158339,0.289388,0.178731,-0.338627,-0.153001,0.235564,0.048107,-0.296387,-0.250292,-0.320124,-0.153288,0.299891,-0.013164,0.243968,0.273175,0.106236,-0.044701,-0.157246,0.081545,0.137287,0.05046,0.175925,0.069472,0.145059,-0.268425,-0.125701,-0.044542,-0.27199,-0.105754,0.105729,-0.178132,0.289257,0.015846,-0.118708,0.060943,0.160888,0.006832,-0.048446,-0.161294,-0.06355,-0.225167,0.026773,-0.07343,-0.219723,-0.048093,-0.272035,0.161951,-0.08915,0.156088,-0.085564,-0.262245,-0.150641,0.113074,-0.037673,-0.156853,0.409297,-0.100133,0.244093,-0.019237,-0.010344,-0.313572,-0.317443,-0.15572,0.15755,-0.511768,0.112196,-0.304537,0.035758,-0.421155,0.261051,-0.15572,-0.607264,-0.195173,0.113074,0.106299,0.006361,-0.02398,-0.271841,-0.050893,-0.282628,-0.064104,-0.253582,-0.019579,-0.031814,0.248316,-0.097039,-0.056262,-0.001215,-0.217986,0.176932,-0.151756,-0.071096,0.106208,-0.108469,-0.221007,0.243198,-0.057018,0.081779,0.301347,0.104047,-0.326419,-0.045677,0.011807,-0.090794,-0.146844,0.001542,-0.096039,-0.105784,-0.019088,-0.289704,-0.153053,0.17209,0.268888,-0.049105,-0.037169,-0.12532,-0.105893,0.097998,0.08487,0.1506,0.058033,0.103336,-0.217532,0.045286,-0.100133,-0.041907,-0.068211,-0.013723,-0.048661,0.171689,-0.07435,0.069194,0.339655,0.153466,0.094836,0.216817,0.171503,0.253633,0.274396,0.201747,0.3157,-0.099335,-0.244512,0.030105,0.058167,-0.044386,-0.080423,-0.151469,#
11,-0.106048,-0.077606,0.04777,-0.20885,0.21916,0.318879,0.085366,-0.107691,0.303085,-0.088037,0.108758,1.0,-0.132614,0.139578,-0.317589,-0.064557,-0.133974,-0.14658,-0.048511,-0.211804,0.00154,-0.392456,0.001769,0.001211,-0.037667,-0.06156,0.132164,0.314325,0.087778,0.245691,0.026459,-0.038515,-0.270935,0.032145,0.061228,0.219195,-0.151841,0.102712,0.082112,0.045165,-0.014103,-0.071853,-0.203343,-0.254021,-0.210568,0.172276,-0.321467,-0.133516,0.113801,0.237619,-0.248936,0.013177,-0.214819,0.112023,-0.148856,-0.068547,-0.374467,0.167419,-0.154216,-0.153697,-0.090962,-0.398801,0.058156,0.137804,0.134459,0.490513,-0.023327,0.34873,0.527732,-0.24926,-0.079295,-0.156464,-0.078067,0.121463,0.189943,0.0015,-0.128014,0.100369,-0.431911,-0.287894,-0.346595,-0.438192,0.104701,0.19444,-0.141459,-0.343719,0.032897,-0.281196,-0.037429,-0.064056,0.129485,-0.186916,-0.215444,-0.032933,-0.035881,-0.109147,0.024395,0.069453,-0.199896,0.000578,0.109721,-0.057244,-0.201595,-0.037429,-0.098634,-0.159089,0.033548,-0.131156,-0.052838,0.31923,0.055315,-0.102652,-0.447525,-0.221699,-0.10885,-0.059603,-0.137383,0.289996,-0.03502,-0.091962,-0.158951,0.195376,0.208652,-0.304998,0.028086,-0.098634,-0.01965,-0.13694,0.050381,-0.128857,-0.112975,-0.124279,-0.140303,-0.308928,-0.199932,0.119794,0.14034,0.016067,-0.317573,-0.433456,0.036676,0.204743,0.205259,0.04103,0.183807,-0.360405,0.019247,0.102298,-0.197827,0.029494,0.236829,0.249427,0.009548,0.188285,0.106238,-0.070144,-0.090989,0.117112,-0.111747,-0.21408,-0.152056,-0.238992,0.211032,-0.216826,-0.399318,-0.081851,-0.158951,0.077021,0.225268,0.116245,0.186547,0.246954,0.102832,-0.197827,0.078319,0.058847,-0.052838,0.642031,0.002706,0.195471,0.081134,-0.244168,-0.005967,-0.090202,0.409635,0.323305,-0.102321,-0.10797,0.130981,-0.169879,0.051886,0.222806,0.012806,0.251524,-0.184921,-0.048519,-0.003148,-0.128662,-0.105133,-0.30915,#
12,0.348889,0.021316,0.19285,-0.165564,-0.067991,-0.287609,0.219504,-0.080762,0.138361,0.18443,0.22876,-0.132614,1.0,0.561155,-0.070384,-0.04947,-0.233398,0.279052,0.344104,0.335224,0.113991,0.095958,0.228898,-0.074143,0.022218,-0.269117,0.012477,-0.024954,0.363428,0.093309,0.027529,-0.159895,-0.045141,0.210081,-0.107738,0.302976,0.166475,0.164912,-0.117402,0.161436,-0.168032,-0.191484,0.214733,-0.136463,0.18257,-0.40846,0.301861,0.3003,-0.005021,-0.177814,0.039299,-0.15042,0.171107,-0.150646,-0.060729,-0.141629,0.106544,-0.236054,0.259142,-0.099194,0.414256,-0.199308,-0.182141,-0.145199,0.030299,0.232699,-0.047546,0.239043,0.168118,0.185425,-0.153708,0.482509,-0.087716,-0.194267,-0.405582,-0.172629,-0.173013,-0.301548,-0.123005,0.080165,0.125158,0.130228,-0.376012,-0.36901,-0.256742,0.395019,-0.222622,0.129432,-0.206437,-0.216141,-0.135444,-0.028947,-0.216262,-0.160091,-0.07636,-0.160452,-0.33739,-0.237918,-0.299116,-0.144404,-0.192388,-0.345409,-0.343925,-0.147667,0.016854,-0.079658,-0.268786,-0.213976,-0.012754,-0.027348,-0.028363,-0.324469,-0.247766,-0.030701,0.398825,0.055881,-0.281641,-0.035401,0.082214,-0.023949,-0.051557,0.062277,-0.323771,0.05876,-0.251097,0.027057,0.172798,0.150072,-0.140626,-0.404155,0.137689,0.073243,-0.08146,-0.039315,0.347371,-0.264045,0.23728,-0.152919,-0.09298,-0.044968,-0.352657,0.148064,0.032393,-0.285362,-0.333844,0.185954,-0.31856,0.20928,-0.25419,0.172788,-0.203904,0.020826,-0.130466,-0.335733,0.21565,-0.260633,0.151104,0.088668,-0.204828,-0.145885,0.228398,0.243581,0.086604,-0.085453,0.451481,0.043555,0.227573,0.182272,-0.165923,0.253677,-0.07233,-0.099839,-0.180908,-0.045284,0.080347,-0.025435,-0.305644,0.040818,0.189946,-0.326861,-0.136639,-0.019236,-0.001073,0.021434,-0.09742,0.009227,0.279431,0.284428,-0.111871,0.416321,-0.228011,-0.060852,-0.175012,0.187143,0.334563,-0.122612,0.112006,-0.118146,-0.042492,0.240258,#
13,0.257959,0.153716,-0.009134,-0.382509,-0.228064,-0.071357,0.339847,-0.141347,0.359124,0.57828,0.117908,0.139578,0.561155,1.0,0.085116,-0.221673,-0.371759,0.073549,0.21752,0.345165,0.264818,-0.058673,0.229559,0.047708,-0.002455,-0.201011,0.118064,0.195554,0.256312,0.258641,0.183835,0.14525,0.024623,-0.018832,-0.0947,0.0809,0.20056,0.155649,0.170281,-0.083239,0.071613,0.30046,-0.190169,-0.200841,0.235785,-0.611194,0.321233,0.318368,0.062931,-0.061904,-0.028834,-0.26007,0.16807,-0.38994,-0.179295,-0.03081,0.016481,-0.278797,-0.140965,-0.173056,0.551297,0.025255,-0.384945,-0.157247,0.212513,0.370511,-0.082325,0.040398,0.247066,-0.155347,-0.269262,0.241206,-0.087966,0.013068,-0.335969,-0.178445,-0.428137,-0.41893,-0.176214,0.25146,-0.102538,-0.357278,-0.396313,-0.056861,-0.415114,0.427756,-0.272644,-0.063859,-0.031297,-0.427867,-0.025322,-0.18734,-0.346066,-0.203971,-0.22059,0.028516,-0.487266,-0.247218,0.116247,-0.290814,-0.350046,-0.238754,-0.415691,-0.374158,-0.217285,-0.169115,-0.114463,-0.572779,0.002879,-0.052388,0.139672,-0.019598,-0.524052,0.14981,0.172491,-0.093503,-0.25235,-0.115641,0.41087,-0.157519,-0.02306,-0.319158,0.015711,-0.141217,-0.363782,-0.00176,0.152914,-0.118475,-0.345685,-0.459155,-0.164822,-0.057975,-0.521681,-0.241065,-0.05566,-0.298039,0.157986,-0.181765,0.072236,-0.419925,-0.115446,0.215676,0.100999,-0.494435,-0.440506,-0.133279,-0.113097,0.211766,-0.359128,0.196774,-0.181467,0.368543,-0.022497,-0.46015,-0.032742,-0.272386,0.563225,0.19915,-0.023809,-0.345075,-0.188111,0.316303,0.149132,-0.19041,0.112602,0.130923,0.056425,-0.21024,-0.181765,-0.042705,-0.281918,0.142387,-0.139608,-0.352154,0.276978,-0.116911,-0.004721,0.115293,0.338937,-0.401604,0.2577,-0.036561,-0.449791,-0.03368,0.199724,0.106584,0.024388,0.220637,-0.301327,0.303335,-0.320408,-0.00466,-0.2209,0.189413,-0.055629,-0.189903,0.143552,-0.37469,0.195193,0.34336,#
14,-0.05397,0.112656,-0.206476,0.045503,-0.043509,-0.097925,-0.021904,0.197818,-0.084156,0.077404,-0.317848,-0.317589,-0.070384,0.085116,1.0,-0.313659,0.157707,-0.059785,0.272401,0.184598,0.198917,-0.140211,0.023317,0.136249,-0.167023,0.067151,0.3394,0.022345,0.295633,-0.233353,-0.141321,0.334176,0.084385,0.001053,-0.155037,-0.347343,-0.123763,0.009292,-0.253534,0.03048,0.168262,0.236814,0.032402,0.190951,0.260826,-0.235783,-0.12154,-0.077238,-0.059874,0.012614,0.275541,-0.261086,0.387319,0.024425,0.234209,0.330451,0.385028,-0.353117,0.090477,0.149411,0.304666,-0.044737,-0.290204,0.093665,0.107615,-0.070062,0.190011,-0.229546,-0.002865,-0.048504,-0.045521,-0.298544,0.083246,0.043482,-0.044059,-0.18641,-0.192926,0.020321,-0.083598,0.278199,0.01076,-0.07753,0.183829,-0.049051,-0.07103,0.496458,0.252675,-0.077555,0.017982,-0.443591,0.020474,0.16555,0.185858,-0.017323,-0.148439,0.099695,-0.36279,0.070707,-0.018162,-0.026711,-0.299129,0.065543,0.047077,-0.439099,-0.106124,-0.070249,-0.044245,-0.083528,0.020433,0.021009,0.105279,-0.144136,0.231756,0.238373,0.13106,0.016168,-0.173345,0.061818,0.117365,-0.27233,-0.01588,-0.211382,0.12567,0.1411,-0.046398,-0.267326,-0.157002,0.084653,-0.112467,0.086848,-0.055738,0.135593,0.096547,-0.168102,0.198428,-0.119017,-0.083871,0.215705,0.050729,-0.074253,-0.217793,-0.347373,-0.174495,0.118868,-0.234664,-0.132442,-0.024445,-0.138417,-0.162176,-0.028084,-0.267442,-0.253865,-0.026711,-0.016116,-0.426871,0.005288,0.374827,0.011768,-0.114371,0.386502,0.049455,0.072663,-0.211382,-0.264117,-0.282126,0.09326,0.32708,-0.190863,-0.229401,-0.112314,-0.252714,-0.224888,-0.110154,0.154078,-0.190661,-0.243071,0.030769,0.069911,0.355547,-0.074629,-0.034272,0.261017,0.07389,0.301176,-0.194086,-0.173126,0.266923,-0.076653,0.195446,-0.129264,-0.089411,-0.217257,0.022013,-0.108944,-0.201299,-0.075091,-0.109824,-0.314288,0.173272,-0.035894,#
15,-0.026607,-0.017046,-0.160213,0.149481,0.193533,-0.215209,0.086555,-0.365233,-0.112704,-0.120152,0.097589,-0.064557,-0.04947,-0.221673,-0.313659,1.0,0.152753,0.30777,-0.214784,0.143075,-0.479688,-0.107318,0.138388,-0.044124,0.156694,-0.115228,-0.171414,0.259959,0.17279,-0.00814,0.011282,-0.268868,0.26944,-0.271901,0.103233,0.158322,0.282878,-0.08422,0.244006,0.141077,-0.116484,-0.356832,0.34032,0.123978,-0.212706,0.206021,0.114866,0.188222,0.281245,0.244292,0.07208,0.305416,-0.267759,0.058576,0.103418,-0.061675,0.137624,0.127944,0.104544,0.121877,-0.345666,0.441747,0.348247,-0.080861,-0.278933,-0.129894,0.027872,-0.12328,-0.412558,-0.065978,0.19086,0.266158,0.362753,-0.202213,0.230443,0.28424,0.208958,-0.116901,0.280433,0.024803,0.06584,0.297256,-0.194651,0.11299,0.147562,-0.125779,-0.147265,-0.182798,-0.029553,0.271033,-0.024095,0.312112,-0.101749,0.129523,0.145879,-0.259531,0.3055,0.1808,0.041145,0.22917,0.070885,0.006673,-0.121207,0.346689,0.174046,0.268,0.022755,0.048875,0.009885,0.040672,-0.358879,0.037172,0.084285,0.003437,-0.184915,0.189285,0.130611,-0.023688,-0.17183,0.098188,0.046425,0.322019,-0.349398,-0.0044,0.127835,-0.006846,-0.217926,0.327456,-0.002656,-0.139838,-0.058355,-0.151453,-0.055228,0.182496,0.057429,0.090176,-0.08617,-0.272021,-0.148625,0.195749,0.070446,0.192432,-0.218641,-0.174869,0.130337,0.3163,0.131372,0.087647,-0.038493,-0.270453,0.005771,-0.009034,-0.028234,0.262485,0.039119,0.019809,-0.212343,0.166648,-0.014874,-0.271741,0.098284,0.00468,-0.127226,0.120939,0.294651,0.096857,-0.131773,0.201175,-0.031889,0.017737,0.122901,0.179913,0.334857,-0.020892,-0.084923,0.109423,-0.009296,0.06172,-0.246582,-0.158428,0.098608,-0.147652,-0.182353,0.023638,0.019443,-0.134364,0.010523,0.106125,0.167915,-0.109455,-0.00057,-0.063625,0.023509,0.189879,0.002281,0.085308,0.061131,0.107961,0.321291,0.134427,#
16,-0.148314,0.257193,-0.109369,0.280061,0.092375,0.223508,0.176031,0.194675,-0.375556,-0.557748,-0.136987,-0.133974,-0.233398,-0.371759,0.157707,0.152753,1.0,-0.059591,0.173393,-0.102807,-0.014833,-0.104162,-0.129657,-0.284766,-0.445254,0.020287,-0.065833,-0.016068,0.067767,-0.298844,-0.182856,0.06084,-0.02339,0.144186,0.007574,0.097512,-0.26978,-0.343164,-0.224228,0.430872,-0.21487,-0.156764,0.029855,0.125409,-0.040236,0.265158,-0.111402,-0.552297,0.095066,0.318367,0.346229,0.108441,-0.085132,0.054834,0.149044,0.031083,0.378972,-0.195479,0.144626,-0.211367,-0.325336,0.171341,0.281901,-0.213572,-0.09913,-0.042347,-0.076331,-0.189072,-0.312488,-0.188071,-0.107961,-0.434398,0.090842,-0.281083,-0.040433,0.047202,0.125856,-0.052734,0.018166,-0.054295,0.134716,0.191106,0.22724,-0.168335,0.078177,-0.212012,0.120071,-0.10598,-0.115464,0.187324,0.039515,0.023026,0.00712,-0.059041,0.196625,-0.1704,0.346596,0.008415,-0.117058,0.381809,0.153387,0.139396,0.293905,0.071438,-0.157851,0.19661,0.053772,0.147253,-0.245326,-0.043392,-0.290475,0.003377,0.145395,0.136331,-0.120593,0.08916,0.080684,0.172903,-0.25693,-0.17404,-0.004579,-0.139919,-0.282752,-0.012899,0.072833,-0.349275,-0.329797,-0.041586,-0.011691,0.133774,0.021338,-0.226462,0.356285,-0.105365,0.247857,0.017628,0.312354,-0.068764,-0.187267,0.079064,-0.000956,-0.10598,-0.11569,0.429348,0.013946,0.076771,0.100269,0.054297,0.015966,-0.054051,0.183464,-0.371567,0.381809,0.214624,0.00862,0.116304,-0.384275,-0.176726,-0.184547,0.399956,-0.018101,-0.057417,-0.139919,-0.349587,-0.14981,0.020606,0.00661,0.070731,-0.29916,-0.041055,-0.080054,0.070446,-0.133642,0.025784,-0.338448,0.118979,-0.063426,0.016045,-0.166294,0.06875,-0.319013,-0.090168,0.703276,0.149945,-0.06977,-0.312106,-0.072311,-0.035942,0.434011,-0.186441,0.021768,0.264002,-0.146768,-0.251153,-0.026266,-0.02223,-0.03677,0.104585,-0.439405,-0.110697,#
17,-0.229233,0.052237,0.199529,0.323968,-0.318522,-0.366589,0.272108,-0.160725,0.131051,0.163812,-0.002627,-0.14658,0.279052,0.073549,-0.059785,0.30777,-0.059591,1.0,-0.091273,0.34726,-0.356063,-0.246901,0.053528,-0.15913,0.022628,0.186988,0.096864,0.104478,0.218604,0.093753,0.031838,-0.126726,-0.145822,-0.095615,0.031091,0.099433,0.046732,0.013026,0.001383,-0.136343,0.087124,-0.103333,0.384911,0.088746,-0.103824,-0.072476,0.053989,0.306256,-0.048268,0.067774,-0.075773,0.169546,0.171416,0.039743,0.245749,-0.201262,0.150133,-0.099742,0.144052,-0.115266,0.091459,0.128098,0.028285,-0.097994,0.228941,-0.118305,-0.064887,0.174486,-0.117903,0.137592,0.237904,0.006327,-0.079663,-0.362298,-0.147497,0.098263,-0.037,-0.214192,-0.076942,0.002609,-0.171285,-0.109544,-0.363039,0.161774,-0.373669,0.128117,-0.260921,-0.29962,-0.284221,-0.149,-0.491775,-0.076684,-0.438214,-0.068041,-0.256607,-0.244794,0.030017,-0.127405,0.016514,0.340586,-0.422034,-0.273917,-0.218262,0.211549,-0.041097,-0.123107,0.005404,-0.230048,-0.023836,0.262272,-0.058804,-0.219338,-0.050836,-0.098725,-0.076282,-0.359377,0.207649,-0.278036,0.096597,-0.268988,-0.123109,0.178957,-0.145384,-0.0955,-0.164568,-0.033879,-0.047431,0.35055,-0.223679,-0.064559,0.071901,0.101771,-0.175768,-0.103438,0.058526,-0.105474,-0.092931,-0.095657,-0.08132,-0.100101,-0.128963,0.066281,0.134703,-0.259391,-0.13628,0.170299,-0.387619,0.542076,-0.074785,-0.157976,-0.267898,-0.043252,0.084243,-0.183914,-0.151829,-0.078236,-0.262682,0.526025,0.098006,-0.15285,0.222342,0.103092,-0.268436,0.216729,0.101397,0.189837,-0.123109,-0.096426,-0.334799,0.080768,0.125296,0.034373,-0.236339,-0.108102,-0.09547,-0.206362,-0.231008,0.172418,-0.0876,-0.212296,0.384517,-0.149158,0.023158,0.063082,0.101688,-0.338184,0.233634,0.296247,-0.230356,-0.093172,-0.161946,-0.234573,-0.158586,0.168095,0.212759,-0.410199,-0.239287,-0.014385,0.109116,0.360718,#
18,0.364186,0.408272,-0.13867,-0.065473,0.075498,-0.035101,0.262195,0.213657,0.047291,0.111526,0.041537,-0.048511,0.344104,0.21752,0.272401,-0.214784,0.173393,-0.091273,1.0,-0.024904,0.272139,0.1083,0.147399,0.238487,-0.012674,-0.040093,-0.051083,0.083593,0.220796,0.098362,-0.326374,0.120534,0.255684,0.052149,-0.089501,0.18704,0.002119,-0.248764,-0.159248,0.302307,0.227566,-0.086776,-0.036966,0.043658,0.322294,0.024546,0.091498,-0.18854,-0.119068,0.003254,-0.151241,-0.106786,0.180962,-0.041122,0.218656,0.260682,0.313615,-0.437349,-0.140765,-0.193424,0.12394,-0.416591,-0.183437,0.150444,-0.086497,0.22397,-0.318983,0.00349,0.084376,-0.201149,-0.314632,0.172049,-0.119199,-0.220047,-0.347196,-0.229026,-0.13013,-0.074082,-0.323502,0.23259,0.272863,-0.050405,0.069663,-0.647002,-0.023625,0.085426,0.182704,-0.165819,-0.038201,-0.276077,-0.230284,-0.237704,0.08266,-0.473531,0.451484,-0.115031,-0.319099,0.069552,-0.233681,-0.171882,0.052541,0.306897,-0.030463,-0.346617,-0.280713,-0.178461,-0.30658,-0.178465,-0.053102,-0.09031,0.012037,-0.074852,0.009859,0.096384,0.085859,0.387342,-0.079573,0.106633,0.079471,-0.000641,-0.156776,-0.193163,-0.218102,-0.098452,-0.425327,-0.280713,0.148204,-0.233935,-0.084147,0.045966,-0.152687,-0.141198,-0.043683,-0.012668,0.095348,0.163599,0.103093,0.015688,0.028509,-0.160625,-0.333848,-0.072416,-0.149992,-0.059183,-0.182175,-0.17986,-0.278926,0.058488,-0.377477,-0.001406,-0.139758,-0.084424,-0.171882,-0.356605,0.114549,-0.249825,0.155165,-0.076741,-0.329464,0.209161,-0.028868,0.312328,-0.193163,-0.26921,-0.11766,0.03338,0.357069,0.264358,-0.221459,-0.052393,-0.042493,0.083253,0.141745,0.261913,0.084832,0.023406,-0.247533,-0.010142,0.354744,0.014061,-0.40182,0.201396,0.254886,0.38285,-0.112342,0.124962,0.474547,0.032193,0.038545,0.104923,-0.207776,0.186371,-0.045896,-0.015574,-0.087756,0.278754,0.108343,-0.197396,-0.204304,0.069533,#
19,-0.045562,0.002437,0.159843,-0.153156,-0.06225,-0.460405,-0.012832,-0.30602,0.04429,0.325947,-0.002964,-0.211804,0.335224,0.345165,0.184598,0.143075,-0.102807,0.34726,-0.024904,1.0,0.054561,0.028721,0.193832,0.098655,-0.292491,-0.295367,0.102811,-0.039737,0.159407,-0.205597,0.062509,0.317571,0.515719,0.084302,-0.102039,-0.285342,0.174354,0.159156,-0.246166,-0.022708,0.281029,-0.16754,0.19634,-0.203657,-0.190526,-0.365843,0.008737,0.467368,0.343179,-0.096659,0.120512,-0.138512,0.509801,-0.207446,-0.294397,0.118259,0.125483,-0.481273,0.345194,0.053673,0.274164,0.04738,-0.460279,-0.498942,0.181538,0.076326,0.103489,-0.224518,-0.12411,0.32538,-0.321593,0.063162,0.104562,-0.139696,-0.088482,-0.539677,0.093449,-0.237022,0.439018,0.477075,0.378442,0.115849,-0.102539,-0.207441,0.071827,0.708072,-0.03352,-0.165156,0.217351,-0.167675,0.022972,0.536506,0.029566,-0.049653,0.079457,0.279898,-0.036394,-0.002861,0.147343,0.0732,-0.572082,-0.034353,0.052956,0.194108,0.533784,0.283373,0.004301,-0.264157,0.386975,-0.056764,0.121912,-0.325367,0.171017,0.215637,0.169122,-0.103339,-0.053769,0.059978,0.041535,-0.333342,0.093363,-0.179889,-0.008989,-0.088031,-0.2619,0.363542,0.276429,0.234723,0.192106,0.278495,0.577984,-0.064929,-0.069241,-0.100246,0.444033,0.176714,0.138942,0.066649,0.157877,0.30789,0.098959,0.02794,-0.033881,-0.105097,-0.030801,0.05435,0.065777,-0.10795,0.078386,0.118034,0.046505,0.227399,0.324366,-0.111036,-0.018093,0.209655,0.378365,0.136247,0.071367,0.06658,0.214713,0.200077,0.258469,0.195233,0.200672,0.104861,0.272063,-0.186114,-0.150307,0.307494,-0.499575,-0.140142,-0.439375,0.084673,-0.37147,0.153095,0.380123,-0.188895,0.237962,-0.044082,0.114505,0.145658,-0.24141,-0.082843,-0.224984,-0.236275,0.41872,0.50836,-0.182434,-0.130865,0.01156,-0.256922,-0.502621,-0.005612,0.262364,-0.453516,-0.599345,-0.164348,0.44068,0.099554,#
20,0.093692,0.471301,-0.036876,0.03901,-0.031085,0.068903,-0.028733,0.212363,-0.235037,0.076122,-0.139342,0.00154,0.113991,0.264818,0.198917,-0.479688,-0.014833,-0.356063,0.272139,0.054561,1.0,-0.009875,-0.14497,-0.069102,-0.160292,-0.259458,0.017048,-0.166379,-0.240036,-0.031363,-0.048383,0.166389,0.275382,0.232064,-0.347422,-0.34091,-0.000631,-0.199246,0.184695,0.03048,0.326559,0.164829,-0.469566,-0.084747,0.260554,-0.236069,-0.111261,-0.131678,0.190327,0.020582,-0.225006,0.016377,0.387319,-0.043616,-0.191093,-0.117786,0.186798,-0.153067,-0.423179,-0.225315,0.10755,-0.036808,-0.127663,-0.103091,0.373528,0.20453,-0.191599,-0.113782,0.269338,-0.165122,-0.395211,0.036508,-0.312109,0.074134,-0.334147,-0.401918,-0.008102,0.198041,0.104872,0.13141,0.035344,-0.213885,0.363733,-0.208574,0.123902,0.1923,0.131338,0.404366,0.368674,-0.104742,0.036028,0.187285,0.211537,-0.177518,0.194648,0.28125,-0.184599,-0.054754,0.184031,-0.225512,0.119165,0.267062,0.247564,-0.1099,-0.072145,-0.05203,0.291052,-0.22102,-0.138181,-0.185664,0.127593,0.103967,-0.050828,0.112676,0.314643,0.04767,-0.021898,0.392701,-0.030192,-0.066163,0.001995,-0.211382,0.147586,0.142262,-0.150427,-0.078862,0.03825,-0.48915,-0.263535,-0.04074,0.109777,-0.025169,-0.062205,-0.122638,0.019052,0.079591,0.309942,0.438258,0.06684,-0.04955,0.167856,-0.031022,0.135753,0.213755,-0.057323,-0.455042,0.003964,-0.208184,0.021302,0.03468,0.117071,0.095648,0.013049,-0.176845,0.150773,-0.135855,0.393748,-0.348324,-0.093057,0.177256,-0.248168,-0.088585,0.204977,-0.216309,-0.185157,-0.08082,0.32708,0.152463,0.215705,-0.286622,-0.107062,-0.034896,-0.090598,-0.127523,0.146071,-0.067632,0.233906,-0.105708,0.192247,0.103832,-0.376582,-0.056359,0.066646,-0.018253,-0.052012,-0.156168,-0.175844,-0.410513,-0.12646,0.18107,-0.061619,-0.054488,-0.231733,-0.122322,0.016671,-0.23238,0.050353,-0.50836,-0.135268,-0.209476,#
