0,1.0,0.063656,0.253825,0.019498,0.159788,0.022813,-0.170138,-0.04778,0.213232,0.085085,-0.368829,0.182708,-0.103018,-0.020078,0.08653,-0.155292,0.036962,0.057688,0.155262,-0.180458,-0.273614,0.148753,-0.281299,-0.028523,0.223326,-0.196676,0.09392,-0.208203,0.297846,0.120062,-0.217669,-0.178586,-0.182965,0.089603,-0.108605,0.209249,-0.191501,0.103502,-0.127219,0.168217,-0.143919,-0.197889,-0.310553,0.00772,0.040225,0.020849,0.187941,0.102391,-0.060878,0.339821,-0.280685,-0.034313,0.325871,-0.072186,0.277851,-0.119921,-0.026968,0.126161,-0.063052,0.052906,0.179062,0.210671,0.301882,-0.2569,-0.055258,-0.07195,-0.033898,-0.278237,0.033227,-0.091244,-0.006373,-0.250084,-0.127219,-0.140219,-0.181517,0.14421,-0.040995,-0.406948,0.13136,-0.106541,0.007405,-0.031327,-0.151388,-0.375486,0.165457,0.046512,-0.21052,0.048261,0.054423,-0.198937,0.082055,-0.104154,0.125077,0.162645,0.174108,-0.097161,0.01045,0.026815,0.22561,-0.182514,-0.075988,-0.040995,0.077938,0.044646,0.041463,0.081871,0.197796,0.000704,0.07481,-0.427298,-0.21818,-0.127219,0.238306,-0.18362,-0.116679,-0.201047,-0.005266,0.001925,0.267127,-0.311365,0.210736,-0.046288,-0.073568,0.131987,0.066692,-0.006287,0.263716,-0.164398,0.044749,0.291232,0.244105,-0.238674,-0.052899,0.208455,-0.236032,-0.038234,0.032858,0.029829,0.155991,-0.194257,0.044646,-0.256692,0.192392,-0.188071,-0.07159,-0.002965,0.177662,-0.197198,0.003045,-0.091534,-0.146693,-0.001237,0.483655,-0.220478,0.150224,0.283165,-0.012103,0.067396,-0.07987,0.341668,0.042547,0.134966,0.242613,-0.057175,-0.007473,-0.044725,0.178474,0.075526,-0.082928,-0.094105,0.017281,-0.010761,0.218171,-0.063937,0.054468,0.171685,0.131617,0.080289,0.193428,-0.019334,-0.110871,-0.090286,-0.046329,0.086805,-0.098273,-0.050904,0.492891,-0.26108,0.097494,0.216433,-0.20351,-0.042143,-0.21583,0.126225,-0.271341,0.084676,-0.161159,-0.144295,0.290893,-0.204344,#
1,0.063656,1.0,-0.216999,-0.054699,0.316064,0.329707,-0.051982,-0.244887,0.101903,0.227349,0.069569,0.172418,-0.009672,0.159242,0.195478,0.023414,0.066112,-0.029929,-0.273186,0.096026,0.005469,0.460409,0.23184,-0.180856,0.079091,-0.11897,-0.15789,0.075459,0.290402,0.655926,-0.502953,-0.234678,-0.16488,-0.133627,0.00655,0.322307,0.064583,-0.353466,-0.114644,0.278275,-0.066057,-0.31998,0.197981,0.151969,-0.207358,0.205156,0.331065,0.079995,-0.049068,0.34972,0.181768,-0.062953,0.141134,0.180737,0.241097,0.023623,-0.03032,0.30182,0.253372,-0.072345,0.113651,-0.135509,0.258032,0.219821,-0.237511,0.121726,0.008456,0.214424,0.4622,0.136799,-0.313006,-0.226013,-0.114644,-0.268063,-0.060773,0.119813,-0.385068,0.062785,-0.181378,-0.018498,-0.135768,-0.299711,-0.272021,0.062712,-0.119843,-0.281811,-0.325756,-0.287093,0.13553,-0.110518,-0.226031,-0.016006,0.015565,-0.385103,-0.4975,-0.226331,-0.40424,-0.445402,-0.287093,-0.098278,-0.008704,0.018372,0.04184,-0.264781,-0.269294,-0.0769,-0.485228,-0.102973,-0.021381,0.016082,-0.234699,-0.114644,-0.457678,-0.310603,-0.039596,0.077328,-0.327325,-0.164516,0.343571,-0.03012,-0.350048,-0.174131,-0.137364,-0.109119,0.032759,0.068464,-0.049318,0.091186,0.209428,-0.097813,-0.033576,-0.177883,-0.165614,-0.018626,-0.339218,-0.184131,-0.207274,-0.462343,0.366751,-0.286184,-0.264781,-0.291086,0.256703,-0.260471,-0.177166,0.019057,0.064134,0.074248,-0.061277,-0.220833,-0.439828,-0.290589,-0.315614,-0.003658,-0.144343,-0.118408,-0.040876,0.206306,0.020746,-0.181891,-0.085507,-0.165545,-0.282762,0.007866,-0.088549,0.464453,0.073505,-0.57835,0.148608,-0.280681,-0.039521,-0.054185,-0.350048,-0.138175,0.161823,0.129537,-0.035572,-0.013318,0.320363,-0.394286,-0.027362,0.069619,-0.076382,0.226248,0.427389,-0.159423,0.117822,-0.122935,-0.005535,0.364742,-0.216539,0.282522,0.362008,0.454249,0.231306,-0.223769,0.387505,-0.028397,-0.00754,0.475044,#
2,0.253825,-0.216999,1.0,0.252476,-0.066965,-0.087941,0.133542,0.002022,0.299178,0.111148,0.020168,0.051253,-0.088659,0.123957,-0.037751,-0.141346,-0.383359,0.19726,0.20358,0.318658,-0.489363,-0.045363,-0.201749,0.293811,0.038517,-0.126841,-0.055354,-0.160776,0.216761,-0.309072,0.286321,0.208225,-0.304982,0.104198,-0.363123,-0.031479,0.032573,0.097314,-0.21206,-0.441141,-0.609438,0.214397,-0.140307,0.023361,0.104976,-0.326,0.126767,-0.025365,-0.311406,0.362382,-0.267234,0.267606,0.099094,0.13352,-0.234955,-0.181612,-0.121057,-0.122881,-0.389302,-0.203337,0.333636,0.400232,0.152415,-0.166728,-0.113803,0.000986,0.208689,-0.390013,-0.146422,-0.056069,0.254005,0.037813,0.166619,0.125629,-0.061093,0.215396,-0.187194,-0.33303,0.081164,0.033029,0.337312,0.00026,-0.219455,0.186731,-0.097347,0.088196,0.007126,-0.052009,0.020827,-0.120035,0.164307,-0.14621,0.254259,0.470589,0.168114,0.073881,0.121429,0.087323,0.089643,0.055998,-0.399299,-0.369862,-0.09501,0.28143,0.127027,0.05716,0.114815,0.131807,0.034289,-0.030562,0.245826,-0.21206,0.137678,0.196075,0.174988,-0.139859,-0.141417,0.036842,0.249665,-0.158521,-0.113207,0.601644,-0.011425,-0.143802,-0.176051,0.376845,0.170941,-0.299936,-0.233889,-0.025783,0.381991,0.258938,-0.054665,0.064687,0.231945,0.151184,0.120953,0.412715,-0.14135,-0.107562,0.458627,-0.066669,0.077794,0.10366,0.272378,0.422586,0.084662,-0.167025,-0.243874,0.063168,0.261294,0.465752,0.335627,0.3041,0.396993,0.148192,-0.120686,0.196039,0.248602,0.161453,-0.026951,-0.029554,0.262688,0.119956,0.094062,-0.142429,-0.185212,0.195695,0.204302,0.081575,-0.226043,0.25334,-0.11992,0.024019,0.027792,0.293459,0.039393,0.409757,0.104781,0.06458,0.179441,-0.099873,-0.006456,0.101053,-0.239303,0.303577,0.054427,0.38578,-0.124351,0.012828,0.129114,-0.44862,-0.283002,0.247001,-0.284708,-0.298153,-0.158455,-0.153219,0.194566,-0.076689,#
3,0.019498,-0.054699,0.252476,1.0,-0.142141,-0.155869,-0.136223,-0.045077,-0.274845,-0.19309,0.115087,0.115975,-0.175192,-0.372755,0.119501,0.464643,0.093239,-0.439073,-0.267841,0.069864,-0.394226,-0.105658,-0.471312,0.072713,0.010628,0.108031,-0.2969,-0.100163,0.119865,-0.35323,-0.276528,0.029747,-0.33068,0.151906,0.046572,-0.420795,-0.01572,0.17062,-0.229928,0.166561,-0.314172,-0.028236,-0.108871,-0.045383,0.324724,0.440038,-0.276981,-0.713909,0.135665,0.233794,-0.189778,0.296898,0.291241,0.079968,0.029465,0.236743,-0.07166,0.068248,-0.380981,-0.141444,0.077001,-0.014572,0.41299,0.106292,-0.07719,-0.51376,-0.276969,-0.178303,-0.372715,-0.189688,0.067078,0.256932,0.148036,0.036627,-0.149557,0.288335,-0.076006,0.417436,0.336969,-0.213184,0.281762,0.084235,0.193867,0.097072,-0.018682,0.050071,0.236605,-0.097053,0.098479,-0.177054,0.428879,0.107026,0.348902,0.065628,-0.215614,-0.193539,0.047597,0.0046,0.050479,0.218307,-0.112247,0.278512,0.164763,0.198042,0.225978,-0.020387,-0.021719,0.211934,-0.189393,0.049318,-0.363699,-0.229928,-0.101696,0.112852,-0.225272,0.349107,0.284026,-0.075482,-0.512232,0.416978,0.203694,0.014349,0.060606,0.429398,0.258296,-0.039415,-0.044498,-0.259891,-0.280591,0.12942,-0.277911,-0.317457,0.02821,0.102945,0.085188,0.256535,0.334462,-0.005627,-0.451375,0.143182,0.037192,0.178733,0.021974,0.118569,0.161477,0.420076,-0.174994,-0.38872,-0.015703,-0.355415,-0.00849,0.14811,0.104053,0.237985,-0.149175,0.111422,-0.332889,-0.304778,0.153753,-0.062316,-0.039987,-0.044832,0.224039,-0.460589,-0.322092,-0.210996,-0.251454,-0.16881,0.478838,-0.367042,-0.123164,-0.23989,0.029482,0.060985,-0.049655,-0.19864,0.029161,0.000408,-0.46486,-0.090555,-0.209607,-0.357998,0.421833,0.179222,-0.141505,-0.066083,-0.214559,-0.141519,0.434536,-0.219207,-0.160625,0.156451,-0.193242,-0.153459,-0.198783,-0.004892,-0.068662,0.071072,-0.34936,0.19563,#
4,0.159788,0.316064,-0.066965,-0.142141,1.0,0.223523,0.029206,0.141028,0.179772,0.185126,-0.326825,0.360487,0.188161,0.173072,-0.002193,-0.074085,0.098731,0.273502,-0.230666,0.094749,0.404394,0.096178,0.54385,-0.252272,-0.170375,-0.338955,0.107943,-0.220401,0.220318,0.459359,-0.221693,0.03494,-0.025812,-0.11338,-0.15507,0.387294,-0.025875,-0.502715,-0.229784,-0.160959,-0.019897,0.288948,0.138189,-0.132078,0.07579,-0.07333,0.3141,0.411302,0.172022,-0.123783,-0.03729,-0.585361,0.209829,-0.326196,0.223198,-0.125854,-0.33578,-0.046676,0.383832,0.125644,0.036011,0.16824,-0.023772,-0.3768,-0.250462,0.457314,0.144331,0.185131,0.35778,0.096863,0.020998,-0.544949,-0.229784,-0.603199,-0.294746,0.226405,-0.457253,-0.39334,-0.282269,-0.361809,-0.365109,-0.564707,-0.337457,0.14703,-0.228485,-0.147467,-0.589895,-0.10879,0.077276,-0.19226,-0.570205,-0.540923,-0.163959,-0.44376,-0.21221,-0.367647,-0.519496,-0.480578,-0.285648,-0.220575,-0.246156,-0.246782,-0.281674,-0.114647,-0.276511,-0.386531,-0.049556,-0.37768,-0.033078,-0.416355,0.161276,0.190948,-0.307592,-0.690895,-0.076913,0.041981,-0.227195,-0.46624,0.305446,-0.279398,-0.009072,7.4e-05,-0.524355,-0.562583,0.199837,0.427105,-0.203617,0.368575,-0.121396,-0.457602,-0.142621,0.025029,-0.442729,0.208467,-0.479494,-0.250009,-0.190753,-0.328846,0.332017,-0.393791,-0.133718,-0.176464,-0.00701,-0.07552,-0.52229,-0.16783,0.190095,0.465162,-0.407538,-0.201313,-0.662481,-0.05482,0.080188,-0.613936,-0.357425,-0.111579,0.124261,0.430884,-0.342618,0.071219,0.017702,0.265044,-0.306941,0.184478,-0.157658,0.09573,-0.119366,-0.239328,-0.36135,0.223864,-0.269159,0.263952,-0.371136,-0.544522,-0.070408,-0.050232,-0.163663,0.202232,0.334167,-0.436873,0.27051,-0.130724,-0.079936,0.145168,0.340103,-0.327381,0.204692,-0.159456,-0.219238,0.294047,-0.431368,0.29119,0.34151,0.277871,-0.164077,0.306146,0.413598,-0.279097,-0.2711,-0.159509,#
5,0.022813,0.329707,-0.087941,-0.155869,0.223523,1.0,0.342422,0.185554,0.046112,-0.083759,-0.066131,0.355525,0.051444,0.261586,-0.082306,-0.20383,0.07719,0.166192,-0.08588,-0.130792,0.087969,0.404275,0.070298,-0.280523,0.209306,-0.381562,0.148517,-0.111534,0.136423,0.263552,-0.210803,0.07763,-0.020409,-0.285268,-0.176166,0.432247,0.003872,-0.186494,-0.227945,0.013818,0.18465,0.010101,-0.11197,-0.108141,-0.149595,0.109999,0.042396,0.373693,0.064039,0.053586,0.249829,-0.187755,0.238196,-0.241042,0.230312,-0.183183,-0.115222,0.270746,-0.02391,-0.09845,0.005906,0.010219,-0.040389,0.040983,-0.101139,-0.062579,-0.051302,0.254786,0.336092,-0.124807,-0.451725,-0.375021,-0.227945,-0.312251,-0.012103,0.203719,-0.42489,-0.100772,-0.158684,-0.503469,-0.236092,-0.425671,0.143479,-0.230891,-0.20071,0.165371,-0.107834,-0.090744,-0.291601,-0.16436,0.063005,-0.251735,0.144426,-0.481909,-0.241272,-0.511411,-0.21338,-0.178232,-0.090744,-0.595926,0.21331,-0.222628,0.116788,-0.478467,-0.234464,-0.263376,-0.050766,-0.641142,-0.236664,-0.299641,-0.019547,0.196595,-0.178083,-0.554009,0.127871,-0.194563,-0.253257,-0.14053,0.159887,0.012341,0.027331,-0.18591,-0.163967,-0.268063,0.185732,-0.040746,-0.071233,0.099971,-0.028268,-0.252663,0.0139,-0.10831,0.168421,-0.178746,-0.114275,0.117361,0.080692,-0.189384,0.021539,-0.422434,-0.324522,-0.191585,-0.187597,-0.116536,0.139584,-0.120952,0.035761,0.192888,-0.261718,-0.182169,-0.041164,0.007183,0.04675,-0.140407,-0.171352,-0.27795,0.362579,0.279423,-0.196446,0.099026,0.075085,-0.001752,0.002607,0.051183,-0.007563,0.470099,0.027191,-0.085435,0.113369,-0.147279,0.242589,0.194596,-0.16433,0.007413,0.244124,-0.065646,-0.229989,0.244875,0.394502,-0.437935,0.310621,0.018202,-0.092464,0.471751,0.386353,-0.358281,0.118927,-0.175137,-0.302067,0.327932,-0.09202,0.317961,0.39455,0.326754,0.336307,0.161467,0.291056,-0.300482,0.048779,0.20683,#
6,-0.170138,-0.051982,0.133542,-0.136223,0.029206,0.342422,1.0,0.405864,0.096203,-0.091772,0.309638,0.148588,-0.030316,0.199874,0.010131,-0.101763,0.088434,0.201774,0.405674,-0.056799,0.246596,0.386949,0.018698,-0.107265,0.052389,0.105853,0.187328,-0.088576,0.486627,0.068489,-0.168094,0.304058,0.204752,-0.442414,-0.121259,0.422251,-0.139009,-0.026923,-0.227341,-0.211835,0.016894,0.185254,0.142241,-0.105322,-0.143052,-0.201945,0.00489,0.137731,0.028084,0.085734,-0.211221,-0.152061,-0.11968,-0.005849,-0.212435,-0.303422,0.167792,-0.202967,-0.037062,0.046284,0.044329,0.033872,-0.382951,0.061519,-0.198955,-0.132379,0.194807,0.167579,0.182428,-0.12513,-0.15447,-0.336,-0.227341,0.02285,-0.147837,0.234455,-0.079899,-0.434067,-0.635656,-0.352665,-0.233235,-0.265265,-0.025494,-0.203034,-0.160912,0.007024,-0.09348,-0.272614,-0.285731,0.010414,-0.222616,-0.2541,-0.151156,-0.27682,-0.270846,-0.016702,-0.369559,-0.200399,-0.435257,-0.234486,0.091737,-0.402292,-0.290556,-0.303385,-0.055276,-0.072406,0.109114,-0.448921,-0.088285,-0.092212,0.057343,0.206007,-0.136749,-0.061058,0.00679,-0.215122,-0.250597,-0.111343,0.052909,0.04157,-0.158545,0.031232,-0.329506,-0.275984,-0.132511,0.147486,-0.411737,0.165515,-0.024646,-0.430647,-0.089896,-0.237586,-0.144685,0.054245,-0.088845,-0.056619,0.092009,-0.179142,-0.003806,-0.406135,0.040933,-0.154655,-0.175235,0.27667,-0.1484,-0.272584,-0.128809,0.207413,-0.048699,0.000571,0.147632,0.204196,0.054756,-0.090546,0.03479,-0.286677,0.10655,0.294843,-0.322129,-0.062721,0.097652,-0.328278,-0.157994,-0.076188,-0.157629,0.300114,-0.156029,0.007124,-0.022576,0.062063,0.055148,0.263519,-0.328737,-0.129084,0.245078,-0.052091,-0.25219,0.271649,0.37828,-0.222024,0.335274,-0.037124,0.086005,0.529465,0.199938,-0.154166,0.137989,0.030771,0.072884,0.024,-0.072806,0.337417,0.197626,0.174155,0.153224,0.325586,0.322685,-0.291576,-0.028036,0.078812,#
7,-0.04778,-0.244887,0.002022,-0.045077,0.141028,0.185554,0.405864,1.0,-0.149985,-0.131751,-0.146677,0.017028,0.09106,0.267322,0.298053,0.044387,-0.160897,-0.230718,0.163534,-0.242499,0.018805,0.347536,0.108161,-0.298891,-0.015168,-0.173302,0.219889,-0.31035,0.107993,0.06759,0.049154,0.095791,0.290913,-0.415174,-0.108195,0.286757,0.064367,0.099475,-0.089002,-0.384665,0.137903,0.497256,0.187064,0.033788,-0.16098,0.120806,0.109269,-0.051079,0.011356,-0.259866,-0.382111,-0.196867,-0.216182,-0.715889,-0.115692,0.072284,-0.192123,0.04206,-0.235174,0.117181,-0.23132,0.208125,-0.304781,0.189598,0.214741,0.245676,0.100721,0.19224,-0.065051,-0.252067,-0.09976,-0.407824,-0.089002,-0.35578,-0.058101,0.113894,-0.082686,-0.300878,-0.418498,-0.453443,-0.159196,-0.53347,0.143087,-0.386052,0.025777,0.064121,-0.097416,-0.355579,-0.245598,0.019282,-0.021347,-0.249692,0.023884,-0.298969,-0.179969,0.095147,-0.446961,-0.059916,-0.355579,-0.318098,0.108011,-0.298942,0.174497,-0.355801,-0.355775,-0.326157,0.232399,-0.523385,0.097834,-0.298937,-0.197999,0.489513,0.059219,-0.162781,-0.247775,-0.042676,-0.178803,0.072864,-0.114099,0.149003,-0.04455,-0.218094,-0.272453,-0.095743,0.115498,0.032757,-0.326623,-0.152728,0.118771,-0.244903,0.04604,-0.211166,-0.214303,-0.088183,-0.256814,-0.062988,0.201679,-0.058101,-0.033057,-0.469678,-0.146023,-0.299715,-0.271239,0.09753,-0.141208,-0.381255,-0.271598,-0.034133,-0.249877,-0.119662,-0.057943,0.010126,0.245022,-0.05954,-0.037933,-0.244725,0.314489,0.139769,-0.580402,0.168453,-0.016748,-0.128519,-0.151479,-0.00922,-0.490984,0.120278,-0.354653,0.076235,-0.326676,0.037569,-0.06069,0.164929,-0.04455,-0.035654,0.188494,0.007849,-0.217902,0.144229,-0.063976,-0.071529,0.190372,0.091516,0.108445,0.306825,0.086176,-0.352647,0.080871,0.203738,-0.077202,-0.02475,-0.402535,0.465883,0.254064,0.043552,-0.125667,0.113093,0.05038,-0.197187,0.167136,-0.028597,#
8,0.213232,0.101903,0.299178,-0.274845,0.179772,0.046112,0.096203,-0.149985,1.0,0.099853,0.131188,0.119464,0.085251,0.325833,-0.451253,-0.340706,-0.055459,0.594081,0.49787,0.282769,-0.097144,-0.036043,0.090153,-0.030199,-0.144691,-0.215895,0.246424,0.344918,0.144158,0.004812,0.270055,0.060234,0.075279,-0.172479,-0.215486,0.146838,0.419832,-0.241409,-0.166512,-0.078004,-0.266622,0.260394,-0.215854,0.049677,0.18622,-0.481226,0.179189,0.45062,-0.295239,0.275887,0.147821,-0.113157,0.22028,0.364885,-0.313808,0.072686,0.021798,-0.038227,0.281899,0.039002,-0.370527,0.220557,0.023033,-0.281737,-0.241936,0.086514,0.537129,-0.035158,0.197778,0.387851,0.154798,-0.019415,-0.166512,0.006091,0.067642,0.112463,0.128491,-0.670689,0.005434,0.130048,-0.082757,-0.012438,-0.131084,0.267773,0.105547,0.144439,-0.021034,-0.028805,0.086898,-0.212126,0.096586,-0.054376,-0.147451,0.323324,0.065195,0.075888,0.146624,0.033832,-0.03533,-0.050499,-0.404697,-0.227543,-0.23385,0.151793,0.16091,0.222845,0.125604,0.186848,0.049767,-0.009469,0.338595,-0.166512,0.334425,-0.060151,0.442336,-0.508462,0.059768,0.024503,0.622558,-0.242588,0.18154,0.209703,0.052338,-0.511156,-0.234668,0.270937,0.046965,0.278931,0.064518,0.098268,0.568941,0.524511,0.012927,0.085607,0.283587,-0.04468,0.182967,0.377054,0.340037,0.116573,0.497163,0.215498,0.011722,0.137163,0.104118,-0.180648,0.409752,0.269465,0.142048,0.262628,0.077005,0.136265,0.28566,-0.198661,0.269441,0.079632,-0.10785,0.208488,0.258092,0.323305,0.310512,0.04097,-0.020487,0.700535,0.387455,-0.178733,-0.185956,0.030494,0.055107,0.404827,-0.424427,0.070554,0.188653,0.077241,-0.385274,0.131611,-0.01577,0.076031,0.212499,-0.077756,0.110249,-0.087151,-0.530506,-0.097677,-0.264435,0.385362,0.144781,-0.109007,-0.519664,-0.039964,0.399099,-0.41631,-0.25019,0.170053,0.06686,0.041637,-0.168561,0.021676,0.290293,-0.093252,#
9,0.085085,0.227349,0.111148,-0.19309,0.185126,-0.083759,-0.091772,-0.131751,0.099853,1.0,0.003999,0.506314,0.277366,0.497225,-0.31244,-0.149456,-0.244672,0.274595,-0.247831,-0.001471,-0.07148,0.008535,0.184337,0.34796,0.285413,0.145953,0.074855,-0.455329,0.080556,0.17858,-0.124906,-0.176085,-0.390503,0.213408,0.135445,0.286791,-0.011882,-0.383138,0.147495,0.01517,0.031889,0.320862,0.191378,0.150106,0.257203,0.021293,0.014035,0.198267,-0.220214,0.199762,0.03764,-0.143732,-0.072863,0.104184,-0.147602,-0.337135,-0.234847,0.097746,0.245501,0.216022,0.071786,0.086847,-0.013642,-0.090499,0.031382,0.184513,0.095752,-0.052513,0.211472,-0.059842,-0.140467,-0.26513,0.130734,-0.06898,-0.1475,-0.231147,-0.025633,-0.124301,0.044302,0.269808,-0.197904,-0.107518,-0.174379,-0.00574,0.328384,-0.44809,-0.105437,-0.226979,-0.24983,0.152888,-0.247175,-0.248424,0.038642,0.149892,-0.171057,0.201929,-0.087106,-0.169212,-0.076506,0.016686,-0.163428,0.144055,-0.201738,0.083038,0.267688,0.036773,-0.310094,-0.073903,-0.324341,0.151957,-0.115942,0.164256,-0.062686,0.146153,0.111151,-0.098639,-0.361208,-0.327405,0.392496,-0.386718,-0.08658,0.38418,-0.229931,-0.464055,-0.216984,0.170182,-0.153009,-0.069514,-0.184375,0.210289,0.193302,0.382293,-0.109681,0.522042,-0.261294,-0.019301,-0.248485,-0.159401,0.375346,-0.290787,0.096981,0.010968,0.080545,-0.138724,0.128595,0.099205,0.300033,-0.015012,-0.303947,0.204685,-0.333172,-0.102544,-0.378367,0.163663,0.337438,0.018257,0.021654,0.471069,0.122039,-0.038744,0.252566,0.22612,-0.267556,0.378604,0.009399,0.078409,0.09925,-0.11116,0.019051,0.186592,0.029175,-0.00375,-0.101682,-0.241714,0.11191,-0.084546,-0.472328,0.202947,0.352574,-0.226301,0.109206,-0.065137,-0.289569,-0.046312,-0.045007,-0.082252,0.009414,0.15115,-0.148156,0.448204,-0.017783,-0.179992,-0.114921,0.122448,-0.037776,-0.315677,0.194956,-0.163955,0.300714,-0.046736,#
10,-0.368829,0.069569,0.020168,0.115087,-0.326825,-0.066131,0.309638,-0.146677,0.131188,0.003999,1.0,-0.034738,-0.295251,0.071142,-0.180204,-0.013024,0.445264,-0.074274,0.222849,0.289687,0.027763,0.20447,-0.115228,0.20747,0.01119,0.326669,-0.148024,0.215409,0.120367,-0.035336,0.021434,0.118106,-0.257707,-0.24187,0.341167,-0.057293,0.047535,-0.200338,-0.179189,0.078352,-0.299693,-0.12138,0.128428,-0.440057,-0.080916,0.088093,-0.327859,-0.436354,0.028657,0.104059,0.200954,0.024814,-0.21462,0.286462,-0.484602,0.06887,0.343989,-0.223386,-0.039144,0.090501,-0.035694,-0.17075,0.265297,0.226556,0.10498,-0.166576,0.070952,0.138306,-0.18753,0.124775,-0.273277,0.217605,0.229545,0.228016,0.109591,0.163955,-0.064791,0.059363,-0.081265,0.056305,0.159056,0.033094,-0.211928,0.327185,-0.102855,-0.258841,0.047996,-0.208358,-0.166323,0.060996,0.017523,0.004066,-0.230804,0.213915,-0.354504,0.020639,-0.111587,-0.076231,-0.380664,0.00847,0.119337,-0.081928,-0.380138,0.21796,0.286943,-0.0439,0.174643,0.02453,-0.375389,0.573851,-0.039863,-0.179189,-0.257321,0.312262,0.08511,0.119175,-0.16475,-0.020653,0.056691,0.32818,-0.181726,-0.060505,-0.083579,0.04212,-0.218093,-0.263066,-0.377596,-0.191125,0.294835,-0.118024,0.080368,-0.017441,0.076658,-0.034162,0.344727,0.264989,0.188785,-0.055934,-0.341499,-0.000214,0.228161,0.216993,-0.031361,0.119383,0.159895,0.188327,0.014365,-0.065355,0.18955,-0.127157,0.128339,0.082419,-0.365779,0.227306,0.102797,-0.492707,-0.319877,0.165754,0.139263,-0.068358,0.095281,-0.258747,-0.261449,0.150615,-0.040743,-0.037268,-0.114813,0.038491,0.309802,-0.019563,0.195063,-0.221779,-0.181726,0.141468,-0.122718,-0.36027,-0.305739,0.063332,-0.145173,0.194189,0.265081,-0.063245,0.058069,0.181823,0.05758,0.102914,-0.458942,-0.267186,0.199535,-0.042389,0.105712,0.079396,0.078151,-0.022678,0.327592,-0.117631,0.15756,-0.088651,-0.119769,0.21075,#
11,0.182708,0.172418,0.051253,0.115975,0.360487,0.355525,0.148588,0.017028,0.119464,0.506314,-0.034738,1.0,0.153589,0.281569,-0.316903,-0.002313,-0.041433,0.115952,-0.198069,-0.177632,-0.053616,0.222412,-0.226274,0.201745,0.226215,-0.20805,-0.119686,-0.370417,0.223205,0.120267,-0.269275,0.095739,-0.123746,0.002178,-0.111855,0.363542,-0.142353,-0.310988,-0.323221,0.06615,0.129506,0.210131,-0.007715,-0.093229,0.235063,0.155498,-0.203373,0.075342,0.192415,0.02229,-0.087863,-0.258393,0.319229,-0.112499,0.157312,-0.243715,-0.258942,-0.111165,0.075923,-0.066894,-0.19893,0.17916,0.141565,-0.293478,-0.179073,-0.312292,0.020625,-0.115422,0.159824,0.023081,-0.088948,-0.459878,0.129723,-0.092522,-0.232165,0.249618,-0.153836,-0.167511,0.023969,-0.225306,-0.215315,-0.185724,0.121669,-0.033751,0.18971,0.077478,-0.012274,-0.194337,-0.150944,-0.14279,0.059877,-0.115759,0.186093,-0.017605,-0.044638,-0.10641,-0.137781,-0.062547,-0.02461,-0.24797,-0.220279,0.070591,0.087455,0.081087,0.346649,-0.172608,0.161877,-0.399786,-0.355041,-0.196464,-0.172881,0.147841,-0.11532,-0.223699,0.125481,-0.049673,-0.055259,-0.260998,0.100428,-0.004191,0.39745,0.175768,-0.185123,-0.366143,0.281124,0.185494,-0.159713,-0.006446,-0.162055,-0.06249,0.079992,0.069422,0.213003,0.258199,-0.116911,0.267051,-0.059835,-0.072807,0.151201,-0.242248,0.251901,0.129327,-0.023108,-0.106137,0.057919,-0.065193,0.20578,-0.045832,-0.255581,-0.283839,-0.253468,0.029131,0.049545,-0.200942,0.007316,-0.090706,0.117232,0.095398,0.049504,0.052708,0.509626,0.201521,0.087276,0.25136,-0.052154,-0.097919,0.11019,-0.076944,0.425513,0.089184,-0.137183,-0.00685,-0.007926,-0.194995,0.074053,-0.247533,-0.435966,0.016254,0.192782,-0.293107,-0.049035,-0.316167,-0.019463,0.231338,-0.058194,-0.195087,0.005527,-0.201988,-0.060967,0.129967,0.072605,0.026455,0.041153,-0.050683,0.253632,0.093008,-0.012326,-0.282135,0.11666,-0.182013,#
12,-0.103018,-0.009672,-0.088659,-0.175192,0.188161,0.051444,-0.030316,0.09106,0.085251,0.277366,-0.295251,0.153589,1.0,0.46634,0.14572,0.102364,-0.275234,0.20996,-0.125422,-0.026913,0.249098,0.033823,0.219106,-0.118188,-0.292045,0.155788,0.332103,-0.097317,-0.035721,-0.156088,-0.120871,0.510357,0.320703,0.145378,-0.297975,0.074809,0.200051,-0.137733,-0.15225,-0.027815,0.096107,0.536157,0.195554,0.329568,0.248402,-0.162081,0.117423,0.2667,-0.081405,-0.093876,-0.187466,-0.134706,0.011589,-0.237271,-0.200849,-0.388618,-0.508915,0.332799,0.231362,-0.043943,-0.419975,-0.112129,-0.462428,0.017483,0.110982,0.189854,0.135072,0.17868,0.32981,-0.228115,0.039746,-0.197617,-0.15225,-0.120261,0.026349,0.082199,0.16522,0.057386,-0.209671,-0.111512,-0.363881,-0.232592,-0.03147,0.033599,0.026653,-0.141055,0.087707,-0.124294,-0.323679,-0.127306,-0.299089,-0.322719,-0.080925,-0.136297,-0.17872,0.261441,0.075991,-0.192635,-0.124294,-0.307291,0.009475,-0.144266,-0.080753,-0.442507,-0.065679,0.114726,-0.297624,-0.233043,-0.093768,-0.138981,0.240854,-0.15225,-0.086886,-0.172186,-0.093806,-0.083248,-0.045185,-0.160314,-0.024372,-0.497101,0.093567,-0.207849,0.020176,-0.276294,-0.365002,0.334657,-0.075065,0.261669,-0.317266,-0.228715,-0.187515,0.296005,-0.213941,0.033522,-0.145763,-0.141637,-0.02039,0.153443,0.262236,-0.1033,-0.093036,0.007272,-0.463987,-0.233354,-0.271598,-0.099291,0.315707,0.080363,-0.477069,0.121167,-0.04869,0.074416,-0.046571,-0.146501,-0.166277,-0.078717,0.268267,0.140642,-0.27976,-0.145147,-0.020797,0.119345,-0.305785,0.143705,0.158491,0.243995,-0.116398,0.106259,-0.228335,0.284203,-0.011745,0.039695,-0.112195,-0.187037,0.005512,0.077149,-0.20137,-0.023247,0.310513,-0.032835,0.062091,0.360823,-0.243909,0.030809,0.009609,-0.215214,-0.034003,0.013509,-0.173291,0.242907,-0.007444,0.003381,0.059832,0.125734,-0.009013,-0.081205,-0.007572,0.125881,0.128112,0.146521,#
13,-0.020078,0.159242,0.123957,-0.372755,0.173072,0.261586,0.199874,0.267322,0.325833,0.497225,0.071142,0.281569,0.46634,1.0,-0.052279,-0.272357,-0.323594,0.45321,0.031195,-0.093682,0.050862,0.248682,0.266393,0.069512,0.203681,-0.005097,0.379583,-0.35968,0.061939,0.10879,-0.034421,-0.016754,0.106073,-0.28902,-0.25289,0.521043,0.390166,-0.302478,-0.325095,-0.368877,0.067847,0.568506,0.021081,0.132985,0.225483,-0.351053,0.289833,0.348831,-0.06205,-0.059322,-0.007865,-0.242123,-0.160275,-0.15292,-0.324306,-0.325336,-0.237058,0.211261,0.300208,0.196992,-0.191664,0.196199,-0.278708,-0.072057,0.339088,0.4464,0.265601,0.241221,0.470124,0.073147,-0.342671,-0.274778,0.124428,-0.423129,0.015947,0.251628,-0.198008,-0.362358,-0.292832,0.08428,-0.029896,-0.351694,-0.238776,-0.138828,0.014598,-0.101731,-0.173522,-0.433465,-0.494471,0.02124,-0.269785,-0.307171,-0.131366,0.043313,-0.210914,0.044028,-0.218058,-0.05308,-0.26502,-0.399127,-0.162619,-0.337644,-0.1535,-0.413357,-0.020208,-0.315909,-0.050014,-0.312614,-0.159619,-0.123881,0.222002,0.142409,-0.230746,-0.016455,0.116801,-0.193616,-0.588726,-0.15932,0.483857,-0.521455,-0.21545,-0.119284,-0.174537,-0.550632,-0.208457,0.011565,-0.13639,-0.011143,-0.136837,-0.085786,0.139909,0.422315,-0.29041,-0.030891,-0.106005,-0.130791,-0.02384,0.137034,0.499838,-0.429689,-0.041899,-0.295643,-0.42465,-0.176823,-0.082178,-0.246862,0.226428,0.225168,-0.443191,0.246319,-0.235059,0.171014,-0.094713,-0.131241,0.240882,-0.338634,0.400112,0.623708,-0.275951,0.246102,0.087719,0.193768,-0.280955,0.606301,-0.032119,0.376292,-0.260672,-0.067796,-0.281192,0.323863,0.151895,0.125441,-0.242901,-0.183918,-0.118993,-0.023051,-0.192261,0.191707,0.509041,-0.17738,0.292645,0.2216,-0.530303,-0.106141,0.236404,-0.168,-0.20301,0.22826,-0.412157,0.334155,-0.021522,0.004618,0.354398,0.321452,0.055452,-0.139829,-0.035543,-0.283053,0.382455,0.050379,#
14,0.08653,0.195478,-0.037751,0.119501,-0.002193,-0.082306,0.010131,0.298053,-0.451253,-0.31244,-0.180204,-0.316903,0.14572,-0.052279,1.0,0.223177,-0.204131,-0.404731,0.00156,-0.144686,-0.023334,0.400192,0.066871,-0.240372,-0.344463,-0.004892,0.02874,-0.171987,0.168087,0.240641,-0.30499,0.19858,0.101234,0.047409,-0.0004,-0.035604,-0.07333,0.186873,-0.112918,-0.131542,-0.08076,-0.089355,0.241568,0.130828,-0.204236,0.214231,0.388026,-0.323885,0.2009,0.106631,-0.432402,0.142724,-0.070828,-0.437871,-0.036984,-0.046244,-0.069181,0.120558,-0.303489,-0.289445,0.158093,-0.130261,0.031222,0.16161,0.181411,0.147423,-0.241373,0.029195,0.021378,-0.350453,-0.101879,-0.045722,-0.112918,-0.154154,0.129968,0.150782,-0.20635,0.252849,-0.397937,-0.202215,0.017777,-0.161547,-0.117164,-0.14132,-0.287418,-0.14165,-0.169591,-0.284454,-0.060608,-0.086448,-0.238497,-0.069783,0.017598,-0.237458,-0.192687,-0.054734,-0.265602,-0.121571,-0.284454,-0.131956,0.084517,-0.154475,0.273982,-0.31675,-0.451374,-0.102394,-0.118286,-0.200586,0.304555,-0.238453,-0.214466,-0.112918,-0.314741,0.009804,-0.575037,0.24802,-0.191035,0.220002,-0.214184,-0.047307,-0.344777,-0.395932,0.082408,0.442498,-0.012185,-0.082006,0.108434,-0.166086,0.169449,-0.310711,-0.226193,-0.530664,-0.399937,-0.27594,-0.37891,-0.165439,0.124436,-0.119438,-0.059992,-0.319325,-0.31675,-0.516151,-0.106446,-0.404485,-0.386284,0.078153,-0.124894,-0.315106,-0.317122,-0.241062,-0.119113,-0.26814,0.068464,-0.020504,-0.175422,-0.118564,0.059056,-0.125264,-0.378302,0.065744,-0.440239,-0.163052,-0.143426,-0.530306,-0.126035,0.31966,0.042417,-0.058229,-0.276463,-0.276454,-0.044199,0.191205,-0.344777,-0.159935,0.332133,0.333996,0.357371,-0.231606,-0.045967,0.172081,-0.163229,0.43955,0.295438,0.046377,0.280099,-0.409961,0.008994,0.075892,0.44365,-0.149661,-0.472347,0.334328,0.204631,0.264326,-0.022454,-0.243692,0.078782,-0.064388,-0.021478,0.323717,#
15,-0.155292,0.023414,-0.141346,0.464643,-0.074085,-0.20383,-0.101763,0.044387,-0.340706,-0.149456,-0.013024,-0.002313,0.102364,-0.272357,0.223177,1.0,0.02567,-0.547287,-0.262735,-0.400222,-0.060499,-0.072405,-0.151318,-0.262687,-0.13496,0.077176,-0.192914,-0.061729,0.162797,-0.280209,-0.275824,0.204333,0.127057,-0.010528,-0.124402,-0.126691,-0.0795,-0.00226,0.154463,0.440077,-0.05208,-0.093262,0.269534,-0.135481,0.001203,0.233088,0.074703,-0.401812,0.195912,0.107112,-0.025366,-0.072009,0.12138,0.02202,-0.078368,0.074444,0.040679,-0.102054,-0.031373,0.166298,-0.151764,0.006875,0.07604,0.159607,-0.307192,-0.208467,-0.405779,0.412744,-0.319746,-0.450358,0.132836,0.119566,0.137147,-0.000818,0.089927,-0.114151,0.070422,0.494485,-0.016395,-0.166865,0.076718,-0.053861,0.068325,-0.09298,0.105938,-0.17078,0.10183,0.185313,0.014675,-0.055759,0.20852,0.014318,0.325661,-0.26641,-0.125221,0.098742,-0.207208,0.047278,0.002815,0.113191,0.042628,0.128998,0.071621,0.04208,0.028277,-0.049167,-0.263271,0.179693,-0.23067,-0.064907,-0.456502,-0.295765,-0.307924,0.06874,-0.156381,0.059135,0.237509,-0.162025,-0.563231,0.280756,0.032608,-0.196155,0.192191,0.493253,0.228552,0.047784,-0.049942,-0.237988,-0.167379,0.003977,-0.278588,-0.21786,-0.029506,0.129418,-0.05097,0.094219,0.248792,-0.148058,-0.15096,0.120554,-0.165597,0.094112,0.066432,-0.192614,-0.315333,0.225871,-0.350106,-0.424114,-0.231476,-0.396125,0.040237,0.094649,-0.242174,0.11372,-0.422096,0.14178,-0.072214,-0.379512,-0.149986,-0.061022,-0.229206,-0.427082,-0.159596,-0.558637,-0.295012,-0.206249,-0.315628,-0.057522,0.151967,-0.318191,-0.06798,-0.302615,0.058611,0.016648,0.018211,-0.087646,-0.320627,-0.118442,-0.293953,0.042916,-0.294578,-0.171464,0.692828,0.05502,0.02781,-0.044407,-0.211242,-0.210219,0.635922,-0.294561,-0.179056,0.311207,0.140684,-0.080668,0.186263,-0.043714,0.131721,-0.12497,-0.37427,0.243498,#
16,0.036962,0.066112,-0.383359,0.093239,0.098731,0.07719,0.088434,-0.160897,-0.055459,-0.244672,0.445264,-0.041433,-0.275234,-0.323594,-0.204131,0.02567,1.0,-0.120263,0.087108,0.13223,0.423738,0.009171,0.040199,-0.252957,0.041399,0.180181,-0.148519,0.314853,0.040802,0.117623,-0.299325,-0.024981,-0.10833,-0.351369,0.300396,-0.059333,-0.326852,-0.241963,-0.075324,0.44188,-0.019922,-0.326852,-0.197465,-0.526415,-0.13624,0.275481,-0.172949,-0.171327,0.088044,-0.081449,0.142692,-0.301985,0.134678,0.141164,0.191198,0.275289,0.153564,-0.158534,0.166999,0.165176,0.119297,-0.228095,0.221493,0.199582,-0.188206,-0.047363,-0.161013,0.206723,-0.025537,-0.039741,-0.149577,-0.092256,-0.075324,-0.050897,-0.415806,0.138999,0.00942,0.070488,-0.098432,-0.383757,-0.068235,-0.199464,-0.162183,-0.070933,-0.326362,-0.040478,-0.197435,0.20927,0.08181,-0.075151,-0.132056,-0.136512,-0.353302,-0.253023,-0.326871,-0.276586,-0.1245,-0.415979,-0.047994,-0.178142,0.187438,0.00942,-0.421102,-0.042209,-0.04802,-0.057582,0.237023,-0.180445,-0.276584,0.017746,-0.115976,-0.075324,-0.300707,-0.326871,-0.134257,0.05275,0.180558,-0.244328,-0.021842,0.111113,0.045715,-0.353557,-0.362843,0.062732,0.122914,-0.325748,-0.276427,0.063946,0.156211,-0.207266,-0.279939,-0.353991,-0.106364,0.015511,-0.052083,0.011294,-0.136184,-0.415806,-0.394064,-0.032178,-0.301121,0.093546,0.00166,0.166298,-0.22965,-0.147176,-0.229858,0.334767,0.231627,-0.276033,-0.163031,-0.028564,-0.207367,-0.252867,-0.376962,-0.207115,0.016692,0.076105,-0.232792,-0.252815,-0.130164,-0.108768,-0.041996,-0.114232,-0.164409,0.062551,0.167744,0.15016,-0.015607,-0.184415,0.350904,-0.118314,0.045715,-0.060349,0.120589,-0.590245,-0.184415,-0.05737,-0.156874,-0.105082,0.388727,-0.218703,0.089867,0.305481,0.305101,-0.2144,0.028777,-0.65362,0.248906,0.144481,-0.259187,0.438278,0.264054,-0.295617,0.04791,0.521103,0.279374,-0.001814,-0.493628,0.027096,#
17,0.057688,-0.029929,0.19726,-0.439073,0.273502,0.166192,0.201774,-0.230718,0.594081,0.274595,-0.074274,0.115952,0.20996,0.45321,-0.404731,-0.547287,-0.120263,1.0,0.174543,0.115466,0.20319,-0.326268,0.279994,-0.014958,0.069904,-0.094679,0.339132,0.039099,-0.101659,0.11547,0.237491,0.052071,-0.02405,-0.088463,-0.209575,0.174849,0.150788,-0.369559,-0.210131,-0.185498,-0.104689,0.313625,-0.138947,0.034114,0.272696,-0.47019,0.129011,0.700645,-0.123009,0.014495,0.190269,-0.135941,0.043053,0.335074,-0.21033,-0.160964,-0.085487,-0.051719,0.377774,0.124762,0.043615,0.231762,-0.256135,-0.411445,-0.121527,0.197885,0.194572,0.025093,0.351885,0.344394,-0.004854,-0.036303,-0.210131,-0.020384,-0.183844,0.142918,-0.068784,-0.490144,-0.109465,0.199476,-0.152186,0.017941,-0.122756,0.209743,-0.170662,0.071144,-0.172488,0.130704,-0.150527,-0.089793,-0.372825,-0.314289,-0.426129,0.104003,0.04966,-0.094596,0.191092,-0.067701,0.092377,-0.061834,-0.241368,-0.251231,-0.343234,-0.071217,0.10709,0.187955,0.109296,0.015015,-0.113631,-0.186952,0.463144,0.182637,0.068909,-0.139968,0.198907,-0.440938,-0.198236,-0.17323,0.562666,-0.533353,0.010043,0.252904,-0.201049,-0.631335,-0.173346,0.230044,0.011572,0.367958,-0.294532,-0.099745,0.156508,0.415149,-0.192076,0.138672,0.048902,-0.023792,0.054048,0.24499,0.390907,-0.106135,0.112573,-0.103623,-0.097951,0.169968,0.059293,-0.274253,0.416592,0.577719,-0.084162,0.523254,-0.037548,0.136368,-0.052863,-0.378173,0.378022,0.101092,0.095957,0.464112,0.075427,0.257822,0.202476,0.254274,0.065772,0.580443,0.420331,0.21043,-0.008902,0.146772,-0.156253,0.293327,-0.009885,0.259751,-0.189014,-0.221588,-0.135324,-0.040921,0.053386,0.320194,0.632079,-0.337715,0.375764,-0.028426,-0.776975,-0.226198,0.121948,0.057374,0.046899,0.025771,-0.505274,0.224549,0.219616,-0.438978,-0.049879,0.226928,-0.072164,0.210631,0.042293,-0.170901,0.170368,-0.264088,#
18,0.155262,-0.273186,0.20358,-0.267841,-0.230666,-0.08588,0.405674,0.163534,0.49787,-0.247831,0.222849,-0.198069,-0.125422,0.031195,0.00156,-0.262735,0.087108,0.174543,1.0,0.078803,-0.154762,0.21424,-0.077876,-0.160455,-0.37217,0.024663,0.226159,0.307385,0.212077,-0.156099,0.174343,0.192565,0.218456,-0.284793,-0.067355,0.035521,0.072949,0.221617,0.190054,-0.157398,-0.010887,0.086292,-0.293914,-0.116871,0.013713,-0.376403,0.295095,0.167974,-0.32951,0.285805,-0.293449,0.169286,0.037448,0.166928,-0.292021,0.096332,0.165538,-0.131389,-0.019604,-0.027195,-0.192779,-0.041633,0.021064,-0.118628,-0.067593,-0.011988,0.406612,-0.105922,-0.020769,-0.124414,0.0968,-0.021273,-0.246466,0.268577,0.051578,-0.194996,0.374394,-0.506454,-0.256409,0.025121,-0.119285,0.095194,0.05969,-0.156457,-0.10237,0.14756,0.120395,-0.012459,0.010476,-0.035683,0.173101,0.17885,-0.186755,0.1619,0.173987,0.267885,0.181298,0.187522,-0.005906,-0.250446,-0.166104,-0.133533,-0.002023,0.116917,-0.027508,0.18389,0.387693,-0.093098,0.439095,0.017639,0.195023,-0.246466,0.288765,0.183524,0.251179,-0.421276,0.171252,0.251839,0.198836,-0.106046,0.108846,-0.016889,0.072514,-0.054812,-0.088372,-0.067524,0.059181,0.192567,0.250691,0.065868,0.337666,0.17386,0.097808,-0.194469,0.24277,0.015628,0.224623,0.186945,0.027188,-0.018631,0.281413,0.066466,-0.032679,0.264325,0.072358,-0.155055,0.119286,0.001462,0.207366,0.290961,0.406192,0.087947,0.423073,-0.13308,0.291285,0.044957,0.157335,-0.070567,0.047638,0.195558,-0.087937,-0.049734,-0.033344,0.183316,0.393222,-0.100901,0.186717,0.363465,-0.112672,0.227654,-0.360407,0.296582,0.341212,0.120165,0.074969,0.217656,0.145445,-0.186227,-0.056049,0.37685,0.117789,0.239581,-0.160518,-0.063986,-0.204957,0.177031,0.254792,-0.020414,-0.047342,-0.377949,0.331989,-0.194275,-0.239341,-0.053077,0.216464,0.106479,-0.137771,0.143015,0.272032,-0.166584,#
19,-0.180458,0.096026,0.318658,0.069864,0.094749,-0.130792,-0.056799,-0.242499,0.282769,-0.001471,0.289687,-0.177632,-0.026913,-0.093682,-0.144686,-0.400222,0.13223,0.115466,0.078803,1.0,-0.103872,0.04259,0.226988,0.197034,-0.346319,0.114881,0.015783,0.30055,-0.114302,-0.024172,0.328403,0.20403,-0.163272,0.008623,0.051251,-0.250562,0.015719,-0.181815,-0.113526,-0.108562,-0.255543,0.015719,-0.030966,0.149949,0.021324,-0.209649,-0.119938,-0.009697,-0.342288,0.008968,0.025834,0.085303,0.121274,0.130853,-0.0226,0.13512,-0.047392,-0.016216,-0.056406,-0.390715,0.164692,-0.16689,0.052712,0.082761,0.158111,0.117597,0.506601,-0.410794,0.022383,0.288765,0.263416,0.056191,-0.113526,0.157928,-0.2218,0.106234,-0.006516,-0.118448,0.159236,-0.019954,0.20817,-0.127907,-0.136666,0.475554,-0.127335,0.049835,0.023877,-0.098423,0.326199,-0.280784,-0.091842,-0.036304,-0.035542,0.206568,-0.154222,0.013422,0.13371,-0.287029,-0.157903,0.267802,-0.284615,-0.227039,-0.238296,0.313799,-0.092351,0.156903,-0.047149,0.167815,0.148029,0.488606,0.530305,-0.113526,0.110658,0.056104,0.132355,0.094622,0.200728,0.04871,0.350707,0.009491,-0.184549,0.38312,-0.177141,-0.275695,-0.363296,0.082165,0.094173,0.243224,0.068013,-0.141033,0.17246,0.182615,-0.136154,0.057973,0.330709,-0.159209,-0.205253,0.073142,-0.247809,0.105536,0.318201,0.287385,-0.112818,0.082609,0.203428,0.195484,0.283831,0.187311,0.180549,0.17866,-0.009729,0.133103,0.089496,0.204588,0.074607,0.028283,-0.261194,0.221268,0.193527,-0.217599,-0.072986,0.103262,0.046862,0.189508,0.28123,-0.116073,0.107181,0.084468,0.153451,0.16482,-0.203021,-0.033652,-0.184549,0.319974,-0.021713,0.113477,0.141234,0.128607,-0.071336,0.114172,0.188777,-0.125914,-0.257273,0.258421,-0.144398,0.440433,-0.049028,0.074552,-0.385949,0.194271,0.176714,-0.269681,-0.25376,-0.031459,-0.20495,-0.040232,0.008044,0.367814,-0.001149,0.09173,#
20,-0.273614,0.005469,-0.489363,-0.394226,0.404394,0.087969,0.246596,0.018805,-0.097144,-0.07148,0.027763,-0.053616,0.249098,0.050862,-0.023334,-0.060499,0.423738,0.20319,-0.154762,-0.103872,1.0,-0.155674,0.548773,-0.11643,-0.051911,-0.026362,0.032754,0.004886,0.153295,0.295414,-0.236242,0.135872,0.260573,-0.091176,0.231804,0.18224,-0.002164,-0.253308,-0.194357,-0.081517,0.228719,0.152837,0.073843,-0.168391,-0.089641,-0.142132,0.00146,0.253457,0.361084,-0.33175,0.286691,-0.569326,-0.138536,-0.113227,-0.049032,-0.182376,0.088576,-0.215815,0.351627,0.28211,-0.036815,-0.239645,-0.484237,-0.035351,-0.22225,0.337113,0.027689,0.327182,0.422014,0.065531,-0.064126,-0.183534,-0.194357,-0.292424,-0.114274,0.195098,0.019891,-0.061154,-0.568794,-0.182132,-0.377157,-0.163354,-0.275757,0.007653,-0.251348,-0.144814,-0.331131,0.044113,-0.203488,0.156285,-0.658223,-0.356397,-0.49837,-0.299284,-0.211049,-0.234437,-0.302113,-0.438181,-0.279696,-0.161963,0.194743,-0.101098,-0.554965,-0.451089,-0.086158,-0.228796,-0.097135,-0.312748,-0.231382,-0.294841,0.240823,0.211964,-0.294491,-0.37491,-0.152891,-0.019688,-0.208014,-0.173865,0.085989,-0.23561,-0.031592,-0.281995,-0.216924,-0.391787,-0.218178,0.146338,-0.450116,0.306952,-0.063504,-0.534802,-0.401067,-0.089173,-0.408913,-0.016071,-0.322409,-0.279924,-0.351392,-0.260858,0.01431,-0.069244,-0.281692,-0.07304,-0.23413,0.011613,-0.572893,-0.35105,-0.07817,0.702358,-0.096035,-0.079735,-0.28954,-0.081237,-0.348629,-0.467133,-0.565737,-0.373272,0.135958,0.2905,-0.383412,-0.201162,-0.017144,0.046239,-0.310637,0.075644,-0.136681,0.288613,-0.01434,-0.08745,-0.532963,0.35029,0.355604,0.191845,-0.22989,-0.447616,-0.067994,-0.314931,-0.089931,-0.040297,0.181918,-0.209321,0.351738,0.044476,-0.029241,0.065068,0.383015,-0.41446,0.104774,-0.197597,-0.072914,0.151389,-0.310734,0.446984,0.42638,-0.031669,-0.105739,0.463524,0.342109,-0.157815,-0.540725,0.103441,#
