0,1.0,0.585215,0.079371,-0.1932,0.174141,0.166347,0.000499,-0.178338,0.014079,0.457693,-0.091477,-0.155985,0.487617,0.318996,0.134359,-0.193356,0.174272,0.499342,-0.144067,-0.164798,-0.176722,0.400015,0.449748,-0.126205,-0.309268,-0.150615,0.142044,-0.064515,0.075486,0.600669,0.04035,0.245585,-0.039194,-0.011688,0.002191,0.223886,-0.141374,-0.168463,-0.137784,-0.23976,-0.272805,-0.06749,0.083971,0.246353,0.193278,-0.469856,0.261936,0.083252,-0.340667,-0.254742,-0.003595,-0.381869,-0.073915,-0.310281,-0.078167,-0.225488,-0.100593,-0.034972,0.163912,0.242728,0.272669,-0.092616,-0.195633,-0.156973,-0.090933,0.320548,-0.068473,0.18049,0.1517,0.018879,-0.196495,0.100143,-0.346369,-0.478532,-0.412861,0.201685,-0.157928,-0.466074,-0.410974,-0.300573,-0.210543,-0.2806,-0.191365,0.19398,-0.107562,-0.197791,-0.297505,-0.224197,-0.129416,-0.427293,-0.041152,-0.491749,-0.346397,0.033516,0.035831,-0.205231,0.097691,-0.440175,-0.362096,-0.426187,0.215185,-0.419496,-0.158079,0.090966,-0.413708,-0.194385,-0.397313,-0.106194,-0.572608,0.008499,0.076924,0.322305,-0.268873,-0.239535,-0.312595,0.208034,-0.326912,-0.634554,0.244357,-0.57674,-0.426581,-0.222526,-0.213039,-0.13183,-0.263308,0.065294,0.069521,-0.037706,0.108675,-0.052025,-0.206473,-0.20013,-0.268873,-0.038416,-0.60496,-0.095005,-0.127145,-0.395177,0.220495,-0.329749,-0.097434,-0.280447,-0.432499,-0.350962,-0.15206,-0.325299,-0.07926,0.255862,-0.331655,-0.419496,-0.335276,-0.589591,0.002757,-0.330813,-0.221744,-0.332918,0.357544,0.605216,-0.361831,-0.388168,-0.356611,-0.081914,0.253551,-0.722393,-0.219931,0.591502,-0.466891,-0.269742,0.047781,-0.230014,0.157939,0.093875,-0.597782,-0.399589,0.217196,-0.804804,-0.275028,0.521733,0.402896,-0.306822,0.323595,0.054864,-0.335143,-0.042624,0.339714,-0.348846,0.414281,-0.132018,-0.176228,0.552486,-0.015115,0.44563,0.335349,0.464686,-0.086553,0.373771,-0.080744,-0.355838,0.293054,0.326042,#
1,0.585215,1.0,0.166005,-0.200581,0.09701,0.192389,0.419843,0.215525,0.294776,0.33498,-0.119262,-0.402335,0.481016,0.159579,0.38339,-0.168195,0.141819,0.215473,0.248066,-0.277605,-0.145307,0.113357,0.413875,-0.049255,-0.181321,-0.349889,0.351019,0.03417,0.241574,0.408298,-0.422924,-0.113271,0.083936,0.046342,-0.103906,0.35248,-0.124971,-0.134543,-0.028102,-0.204898,-0.385557,0.108994,-0.16563,0.287954,0.433899,-0.408975,0.431807,0.034635,-0.1076,0.252368,-0.192082,-0.312852,-0.177417,0.002065,0.05006,-0.40744,0.047326,-0.077822,-0.11617,0.301464,-0.019186,-0.007409,-0.423627,0.008673,-0.028373,0.24366,-0.352727,0.358469,0.213148,-0.294341,-0.057082,-0.073368,-0.27391,-0.584915,-0.611349,0.544574,-0.271386,-0.570575,-0.452321,-0.511477,-0.23286,-0.527044,-0.40757,0.324446,-0.442954,-0.162269,-0.373885,-0.328068,-0.340393,-0.5593,-0.191437,-0.483544,-0.589656,-0.129752,-0.125559,-0.23128,0.083406,-0.410542,-0.258165,-0.351185,0.259322,-0.44913,-0.31703,-0.117534,-0.457127,-0.231487,-0.678931,-0.048763,-0.822017,-0.196628,-0.051549,0.477529,-0.262545,-0.626106,-0.141106,-0.014887,-0.326202,-0.773792,-0.215957,-0.666551,-0.47136,-0.274166,-0.428401,-0.294573,-0.128005,-0.086556,-0.274894,0.111132,-0.208337,-0.348137,-0.508609,-0.553195,-0.410008,0.153294,-0.424706,-0.286422,0.22061,-0.257064,0.221964,-0.662954,-0.433728,-0.048102,-0.637715,-0.186106,0.026816,-0.328342,-0.407519,0.47104,-0.342434,-0.44913,-0.104224,-0.599176,-0.237576,-0.342974,-0.404381,-0.346765,0.310777,0.612139,-0.399046,-0.173384,0.01647,-0.002196,0.379815,-0.439854,-0.303529,0.476555,-0.4498,-0.186517,-0.123414,-0.301074,0.232263,-0.026032,-0.465801,-0.427743,0.193228,-0.429575,-0.4498,0.763165,0.61156,-0.540117,0.337118,0.147175,-0.253209,-0.003782,0.440134,-0.219072,0.463758,-0.144264,-0.328668,0.537665,0.123394,0.754518,0.520932,0.36888,-0.321878,0.300512,0.067348,-0.467061,-0.078876,0.23517,#
2,0.079371,0.166005,1.0,0.119583,0.218875,0.057381,-0.002257,0.058793,0.067413,-0.430855,0.052821,0.098982,-0.174078,-0.227881,-0.180969,0.036261,0.153721,-0.171161,-0.260422,0.101044,-0.295796,-0.075563,0.222916,-0.227753,-0.037608,-0.346182,0.229827,0.060475,0.036529,-0.096345,0.084718,0.218059,-0.220231,-0.109609,-0.013052,0.300996,0.483166,-0.159786,-0.105913,-0.055992,-0.187835,0.060822,-0.083434,0.241182,0.14263,-0.117319,-0.039168,0.66884,0.109745,0.223556,-0.106251,0.269255,0.144179,0.002926,-0.176978,0.154048,-0.009307,-0.17978,-0.196653,0.030989,-0.052158,-0.518594,0.435682,0.013234,-0.076211,-0.029646,-0.0097,0.022802,0.100609,0.329863,0.55812,0.362017,-0.00836,-0.072713,-0.044358,0.228522,-0.055575,-0.389264,-0.208137,-0.298723,0.282411,-0.161748,0.012768,0.30494,0.088664,0.24022,-0.1547,0.010767,-0.037534,-0.060227,4.6e-05,0.005613,-0.229608,0.194024,0.035735,0.031764,0.280017,-0.401555,0.122549,-0.129889,0.232481,-0.050228,-0.142174,-0.140029,0.115948,-0.285441,0.002321,0.239278,-0.320136,0.173538,0.443065,-0.117423,-0.080145,-0.071773,0.556608,-0.056744,-0.067473,-0.253426,-0.145193,-0.042672,0.089793,-0.076099,0.26099,0.031704,0.132926,-0.219355,-0.225965,0.20777,-0.041573,-0.303593,0.17879,-0.146032,-0.080145,-0.001717,0.086353,0.042885,0.203052,0.199995,0.1922,0.008078,0.037608,0.331622,-0.070393,-0.120397,0.0335,0.299554,-0.330763,-0.000445,0.175408,-0.222616,0.155617,-0.096129,-0.144412,-0.056674,-0.086489,-0.057138,-0.184857,0.214383,0.117813,-0.133196,0.176607,-0.116272,-0.08462,-0.044383,0.019456,-0.073379,-0.293149,-0.068339,0.059409,-0.151003,-0.112784,-0.070635,-0.051552,0.087972,-0.169079,0.096657,-0.144261,0.273747,0.098839,-0.246067,0.210981,-0.411601,-0.199914,0.508423,-0.061981,-0.198674,-0.062683,0.033734,-0.192632,0.019518,0.469314,0.251269,0.232258,0.000761,-0.051049,0.120052,0.249822,-0.099177,-0.030322,0.154548,#
3,-0.1932,-0.200581,0.119583,1.0,-0.129856,-0.150418,-0.382412,-0.434096,-0.331126,-0.221387,0.108305,-0.019036,-0.268894,-0.150973,-0.272285,-0.239923,-0.145299,-0.080159,-0.182758,0.323514,0.187639,-0.076347,-0.236286,0.084829,0.109294,-0.105119,-0.307809,0.169549,-0.037021,-0.205487,0.496907,-0.421134,-0.445564,-0.235723,0.011227,-0.375782,0.232169,0.22948,0.096115,0.044456,0.201348,0.168909,-0.348531,-0.087586,-0.196844,0.397417,-0.186826,0.129952,0.513858,-0.163419,0.319474,0.737744,0.036192,0.013705,0.029775,-0.006285,0.402228,0.029304,-0.214799,0.411928,-0.095697,-0.175142,0.108566,-0.088367,0.275769,-0.167864,0.252708,0.232354,0.127964,0.069458,0.276349,0.163553,0.344076,0.2396,0.215601,-0.412322,0.318351,0.039863,0.378409,0.076387,0.357555,0.607456,0.300029,0.178899,0.253345,-0.012794,0.257649,0.358197,0.111031,0.202234,0.371566,0.241671,0.490531,-0.09543,0.509044,0.168352,0.053382,-0.19978,0.306888,0.418052,0.262535,0.037688,0.111298,0.054341,0.207172,0.554089,0.342266,0.015898,0.374426,0.192718,-0.005365,-0.025993,0.626183,0.371895,0.075825,0.145985,0.493348,0.228473,0.090847,-0.018625,0.380182,0.207893,0.563096,0.296607,0.069842,0.078283,0.119014,0.125828,-0.035262,0.19594,0.370599,0.150266,0.413561,0.208431,0.371047,0.440449,0.135619,0.361255,0.289732,0.297291,0.440323,0.066401,0.066389,0.134094,0.516268,0.478548,0.28963,-0.318793,0.292586,0.23645,0.497049,0.355683,0.169575,0.308401,-0.044279,0.09989,-0.388985,-0.158902,0.31171,0.174495,-0.237939,0.046297,-0.239069,0.257114,0.179308,-0.213823,-0.105783,0.113346,0.144247,0.202527,-0.352039,0.05148,0.603669,0.163465,-0.423088,0.325708,0.245211,-0.127438,-0.372058,0.078362,-0.336785,-0.260319,-0.073109,-0.138722,-0.294814,0.081764,-0.209902,0.330741,0.325554,-0.356741,0.2144,-0.253884,-0.316722,-0.275816,0.081195,-0.149431,-0.342439,0.020028,0.105054,0.013135,#
4,0.174141,0.09701,0.218875,-0.129856,1.0,0.057585,0.150358,-0.219989,-0.143908,-0.175884,0.154513,0.14616,0.003821,-0.181627,0.426215,0.15222,0.083866,0.26891,0.221875,0.12372,-0.002868,-0.203051,-0.083387,-0.497045,-0.073876,-0.365818,-0.083281,0.144026,0.24636,-0.003387,-0.20933,0.05107,-0.171951,-0.21172,-0.069564,0.112716,-0.16573,-0.33833,-0.242011,0.07022,-0.243847,0.018864,0.015327,-0.115801,-0.07296,-0.158414,0.201085,0.278714,0.008398,0.146429,0.323218,-0.074592,0.02664,-0.209466,-0.090671,-0.027617,-0.318888,-0.273337,-0.148624,-0.343811,-0.158591,0.148671,0.199594,0.249471,-0.036257,0.195096,0.074505,-0.071256,-0.02409,0.244178,-0.12695,0.083114,-0.175786,-0.010488,-0.22411,0.406678,-0.036127,-0.526075,-0.227349,-0.452099,-0.005555,-0.457679,-0.29579,0.088036,-0.197805,0.15379,-0.135879,-0.432982,-0.221483,-0.098503,0.057427,-0.450641,-0.036533,-0.245821,-0.083474,0.036643,0.150049,-0.374746,-0.206821,-0.130077,0.153735,-0.217667,-0.276043,-0.159537,-0.21784,0.004376,-0.281569,-0.06936,-0.291077,-0.007837,0.030557,-0.326804,-0.366906,-0.062134,-0.075591,-0.412996,-0.407488,-0.037916,-0.133514,-0.167584,-0.382253,-0.001002,-0.187292,-0.016899,-0.30614,-0.354189,0.052888,0.188608,-0.079882,-0.265312,0.217909,-0.453914,-0.367296,-0.16524,-0.211886,-0.334128,0.212215,-0.153649,-0.174578,0.088848,0.010963,-0.306815,-0.071372,-0.363016,-0.10495,0.026825,-0.252436,-0.02077,-0.282613,-0.391345,-0.406253,-0.389041,-0.298799,-0.084252,-0.534132,-0.072655,0.159825,0.489825,-0.173876,-0.212046,-0.155075,-0.246749,0.154156,0.063739,-0.512604,0.213103,0.001064,0.255314,-0.014234,-0.090053,0.310225,-0.040199,-0.079311,-0.195099,-0.046055,-0.211918,-0.336201,0.183499,0.218968,-0.102984,0.44399,-0.11513,0.417476,-0.117994,0.021651,-0.451689,0.056664,0.071706,-0.420741,-0.070548,-0.006374,0.157809,0.076141,-0.044836,0.102652,-0.281639,-0.068931,0.041161,-0.321691,0.432601,#
5,0.166347,0.192389,0.057381,-0.150418,0.057585,1.0,0.084025,0.33204,0.250725,-0.059145,0.234997,0.115665,0.112961,-0.100854,-0.172539,-0.237098,0.366254,0.289623,-0.292785,0.091,-0.060848,0.273493,0.155489,-0.271466,-0.02175,-0.350845,0.043992,-0.162319,-0.355863,-0.199893,-0.408946,0.1252,-0.069469,-0.199179,-0.070297,-0.149082,-0.300775,-0.15017,-0.224337,-0.492677,0.015647,0.196625,-0.014989,0.409543,0.259396,-0.145409,0.058861,0.136329,0.040356,-0.115916,-0.076098,0.057158,0.292489,-0.000245,-0.10723,-0.32735,0.076538,-0.252834,-0.115461,-0.197324,-0.205122,-0.188018,-0.256991,0.033173,0.066178,0.035194,-0.357212,-0.180104,-0.041817,0.167828,-0.013858,0.369483,-0.173283,0.046214,-0.215284,0.329276,-0.422194,0.055029,-0.215284,-0.303118,0.386988,-0.322475,-0.1212,-0.340369,-0.121383,0.319762,-0.147315,-0.161871,-0.024081,-0.32956,-0.022405,-0.084014,-0.255469,-0.012827,-0.22802,0.057765,0.231915,-0.141911,-0.077134,-0.199017,-0.138876,-0.034833,0.13343,0.105819,-0.20432,-0.293876,-0.03077,-0.264177,-0.363494,-0.061754,0.2017,0.089083,-0.152726,-0.385434,-0.009437,-0.323117,-0.675849,0.029132,-0.131127,-0.137137,-0.215284,-0.367753,0.184237,-0.254785,-0.028812,0.076763,-0.110111,0.024028,-0.136656,0.15442,-0.200909,-0.106799,-0.129725,-0.270658,0.00045,-0.09201,0.143412,-0.284062,-0.182753,-0.237903,-0.241676,-0.139422,-0.365116,0.02028,0.110752,0.134224,-0.222645,-0.072038,0.117919,-0.218143,-0.165453,0.00045,-0.26144,-0.18895,0.035038,-0.007718,0.195092,0.265674,-0.222542,-0.064916,-0.249801,-0.00363,0.294994,-0.124504,-0.148428,0.385542,-0.071077,-0.196844,-0.062115,-0.214425,0.039962,0.054551,-0.402572,0.191518,0.046555,-0.045354,-0.244491,0.263758,0.236967,-0.147967,0.218601,0.221453,0.055538,-0.166171,-0.058688,0.077618,0.073003,0.113792,-0.137986,0.062953,0.023264,0.128521,0.216686,-0.160325,0.105216,0.206971,0.13363,-0.310409,-0.135967,0.30867,#
6,0.000499,0.419843,-0.002257,-0.382412,0.150358,0.084025,1.0,0.473002,0.679686,0.265771,-0.132981,-0.19634,0.453095,-0.046496,0.427893,-0.104786,-0.099934,0.085587,0.153229,-0.020722,-0.160784,-0.022466,0.196905,-0.153142,0.093651,-0.399669,0.22502,-0.293137,0.334572,0.040918,-0.609525,-0.296557,0.242407,0.103258,-0.439387,0.073419,-0.071635,-0.383633,0.080957,0.000718,0.033176,0.399085,-0.240383,-0.070913,-0.002744,-0.284385,0.368676,0.158053,-0.052197,0.241646,-0.161369,-0.41911,0.106686,-0.236604,-0.35403,-0.081189,0.1729,-0.160006,-0.06694,0.030089,-0.081884,0.095852,-0.25138,0.213239,0.14906,0.456042,0.022082,-0.008126,0.208173,-0.245767,0.116547,0.018331,-0.383759,-0.497217,-0.330101,0.546347,-0.069613,-0.309522,-0.16161,-0.215852,-0.026718,-0.454081,-0.409926,-0.071738,-0.399223,0.27528,-0.112414,-0.113132,-0.233887,-0.359467,-0.304925,-0.112252,-0.506522,0.180441,-0.318268,-0.117896,0.078547,0.201692,-0.150477,-0.075287,-0.186138,-0.00903,0.076873,0.063487,-0.004315,-0.255905,-0.410976,0.017566,-0.404026,-0.403609,0.166363,0.366298,-0.385702,-0.494888,0.191793,-0.108618,-0.204295,-0.176276,-0.342979,-0.35679,-0.330101,-0.354482,-0.409797,-0.506305,-0.249924,0.162345,0.003251,0.326787,-0.151981,-0.097474,-0.507354,-0.728367,-0.544426,-0.127153,-0.222349,-0.431966,0.190156,0.06365,0.073601,-0.516211,-0.264922,-0.015373,-0.237617,-0.17404,-0.116846,-0.268298,-0.318118,0.744762,0.05094,-0.34578,-0.067075,-0.222349,-0.013682,-0.509006,-0.194107,0.006058,0.4169,0.359647,-0.254866,-0.292384,0.361377,0.105378,0.505181,-0.186247,0.023606,0.35911,0.091416,-0.383879,-0.324832,-0.137121,0.061273,-0.126713,-0.173247,-0.037149,0.045457,-0.02815,-0.084655,0.172125,0.664442,0.094121,0.332294,0.119255,0.015063,-0.017917,0.33676,-0.105134,0.672899,-0.205046,-0.450982,0.160294,0.255579,0.514877,0.019258,0.085985,-0.138763,0.069727,0.007483,-0.33006,-0.15417,-0.376019,#
7,-0.178338,0.215525,0.058793,-0.434096,-0.219989,0.33204,0.473002,1.0,0.359785,0.011187,-0.094441,-0.34133,0.118881,0.154118,0.108643,0.206344,-0.052807,-0.234404,-0.079299,-0.004143,-0.194477,0.254018,0.266089,0.30797,0.018787,-0.106746,0.340317,-0.148581,0.061147,-0.179512,-0.507732,0.086117,0.225697,0.02942,-0.141252,0.046213,-0.048037,-0.179128,0.356882,-0.426923,-0.038736,0.363781,-0.077888,0.31822,0.06676,-0.025161,0.140005,0.169925,-0.208823,0.201606,-0.323798,-0.209981,0.18179,0.263484,-0.276625,0.025579,0.209203,-0.21009,-0.23321,-0.07323,-0.087127,-0.06708,-0.322822,0.310549,-0.005615,-0.008717,-0.269357,0.080965,0.237783,-0.116983,0.129949,0.222224,-0.150867,-0.067458,-0.217271,0.471095,-0.15666,0.130023,-0.238083,0.091844,-0.012412,-0.280504,-0.002967,0.032787,-0.257987,0.20686,0.082714,-0.011442,-0.15109,-0.427105,-0.244357,-0.039459,-0.332327,0.270485,-0.317704,-0.002967,0.291278,0.22584,0.042297,-0.234485,-0.253888,-0.044924,0.270317,0.091835,0.128243,-0.394909,-0.015868,-0.107101,-0.372625,-0.542024,0.069359,0.081238,-0.287906,-0.222552,0.267061,0.056159,-0.310924,-0.104645,-0.456023,0.013926,-0.04774,-0.399005,-0.007561,-0.465744,0.221125,-0.074973,-0.13026,0.18196,-0.349074,-0.034285,-0.401443,-0.169043,-0.252793,0.018204,0.000483,-0.087842,0.294201,0.154511,0.063767,-0.320919,-0.466955,0.251135,-0.213283,0.246403,-0.163335,-0.102026,-0.311199,0.207532,0.034692,-0.217155,-0.095916,0.000483,-0.191634,-0.332627,0.222306,0.039874,0.305249,-0.012552,-0.099863,-0.02367,0.406364,0.370052,0.27653,0.010061,0.071439,0.09003,0.088243,-0.179365,-0.259876,-0.229913,0.012891,-0.067049,-0.442168,-0.018787,0.083622,0.094927,0.103118,0.016596,0.260992,-0.033475,0.181069,0.098445,0.079433,0.155136,0.022157,0.394519,0.092739,-0.353228,-0.211992,0.011054,0.190027,0.295104,-0.003238,-0.20256,0.001478,0.135442,0.168041,-0.265341,-0.070925,-0.228899,#
8,0.014079,0.294776,0.067413,-0.331126,-0.143908,0.250725,0.679686,0.359785,1.0,0.092688,-0.163994,-0.185086,0.517774,-0.004131,0.137345,-0.376578,0.087038,0.125917,-0.029159,-0.200466,0.152696,-0.032508,0.131295,-0.092674,0.254328,-0.229619,0.413324,-0.120768,0.111012,0.010937,-0.35553,-0.059675,0.066044,-0.172168,-0.320699,0.104215,0.172669,-0.174111,0.125905,-0.088055,0.266292,0.080679,-0.137095,0.069516,0.213769,-0.32341,0.2381,0.108057,-0.11129,0.25855,-0.164272,-0.276383,0.169236,0.051297,-0.434384,-0.108224,-0.013613,-0.020406,0.255557,0.034173,0.063523,-0.024558,-0.223731,0.116085,0.175389,0.373704,-0.159961,-0.014613,0.127582,-0.1973,0.244473,0.177049,-0.30731,-0.187498,-0.217802,0.306241,-0.038057,-0.006719,-0.21159,-0.254615,0.021522,-0.291719,-0.151995,-0.215487,-0.352048,0.331757,-0.118242,-0.103076,0.081644,-0.272069,-0.432235,0.114796,-0.527774,0.268135,-0.084128,0.010092,0.168468,0.203931,-0.028949,-0.091902,-0.153114,0.121405,0.095704,0.172296,0.095122,-0.453292,-0.269841,0.125995,-0.263165,-0.114864,0.391871,0.443964,-0.186956,-0.531013,0.292573,-0.078483,-0.230009,-0.180203,-0.102848,-0.084888,-0.217802,-0.179578,-0.346141,-0.342338,-0.020422,0.343125,-0.11646,0.082402,0.191944,0.063125,-0.436522,-0.458758,-0.348558,-0.168959,-0.166071,-0.181452,-0.180755,0.009655,0.178592,-0.274812,-0.338197,0.057489,-0.068648,-0.276799,-0.074758,0.008049,-0.442609,0.480101,0.086794,-0.195925,0.120349,-0.166071,0.17878,-0.403433,0.016886,0.091295,0.429234,0.29652,0.040987,-0.203631,0.359994,0.149706,0.380849,-0.335665,0.395506,0.410953,0.160526,-0.210725,-0.328404,-0.326999,-0.2179,-0.039759,-0.208396,0.012209,-0.022455,0.046213,-0.008615,0.22193,0.702965,-0.022388,0.140214,0.237798,-0.095352,-0.081436,0.219171,0.062521,0.558465,-0.086492,-0.414301,0.283234,0.369374,0.212484,0.10708,-0.013177,-0.221215,0.250182,0.144365,-0.151603,0.196128,-0.325557,#
9,0.457693,0.33498,-0.430855,-0.221387,-0.175884,-0.059145,0.265771,0.011187,0.092688,1.0,-0.109478,-0.28028,0.34385,0.361713,0.268886,-0.037074,-0.075436,0.00609,0.093025,-0.280989,-0.271744,0.197349,0.317428,0.056698,-0.355703,-0.024209,0.147113,-0.202915,0.10149,0.698776,-0.280441,0.076071,0.089945,0.209047,-0.327835,0.077107,-0.236858,0.062288,0.014789,0.170822,-0.127907,-0.012649,0.231515,0.207768,0.018515,-0.564,0.296659,-0.374281,-0.53225,-0.364831,-0.191187,-0.422794,0.111348,-0.496634,-0.023966,-0.354102,0.172092,0.034144,0.140171,0.174527,0.195607,0.02645,-0.441979,-0.04745,0.124151,0.16537,0.035585,-0.020848,0.129488,-0.47564,-0.45442,-0.362057,-0.242371,-0.580391,-0.211956,0.073656,-0.055502,-0.135817,-0.2099,0.198858,-0.465557,-0.24469,-0.177429,0.102234,-0.171419,-0.271678,-0.453131,-0.322987,-0.144431,-0.298998,-0.320515,-0.269145,-0.281297,-0.178491,0.07324,-0.386175,-0.363842,0.233285,-0.268919,-0.084977,0.157007,-0.418283,-0.178381,-0.111382,-0.212927,0.05709,-0.322036,-0.186907,-0.089555,-0.379448,-0.2592,0.544761,-0.125712,-0.210871,-0.624625,0.085861,-0.124382,-0.363133,-0.055204,-0.522819,-0.418508,-0.40614,-0.466185,-0.326047,-0.485368,0.29947,-0.001989,-0.233974,-0.134634,-0.108346,-0.318835,-0.178502,-0.364057,0.154655,-0.697567,-0.111382,-0.08897,-0.17522,-0.052407,-0.41182,-0.108616,-0.453046,-0.417968,-0.197701,-0.166373,-0.674294,0.040946,0.392535,-0.412496,-0.190955,-0.377148,-0.466185,-0.177429,-0.355674,-0.225402,-0.355718,0.206076,0.334192,-0.328532,-0.27162,-0.118335,0.037965,0.084389,-0.34017,-0.106519,0.185843,-0.326707,-0.357884,-0.145472,-0.160952,0.149599,-0.05394,-0.187619,-0.467139,0.511851,-0.584861,-0.112748,0.256287,0.176387,0.241761,0.173948,0.39383,-0.237785,-0.31495,0.254716,0.086294,0.381474,-0.410241,0.175022,0.633706,-0.216101,0.1273,0.123518,0.41667,-0.086231,0.21033,-0.036913,-0.224492,0.072578,-0.160242,#
10,-0.091477,-0.119262,0.052821,0.108305,0.154513,0.234997,-0.132981,-0.094441,-0.163994,-0.109478,1.0,0.323652,-0.47775,-0.338126,-0.242684,0.291405,0.363226,0.08793,0.053358,-0.364918,0.070818,-0.030866,-0.032303,-0.215301,0.045165,-0.075422,-0.242822,0.030539,-0.013744,-0.28747,0.010125,-0.070742,-0.105336,-0.108547,0.436361,0.087263,-0.069318,-0.046595,-0.125035,0.021717,-0.138997,-0.027931,-0.086988,0.104179,-0.042245,0.216772,-0.348945,0.041413,0.122915,0.12769,0.275805,0.080015,0.1137,-0.243314,-0.207106,-0.032961,-0.108733,0.234833,-0.310506,-0.097633,-0.240292,0.044448,0.112265,-0.29484,0.101946,-0.398803,-0.324163,-0.146892,-0.068051,0.284756,-0.181066,0.007701,0.106682,0.033312,0.114466,0.160198,-0.335395,0.03706,-0.24073,-0.281041,-0.125895,0.059844,-0.151367,-0.267102,0.209295,-0.104114,-0.11116,-0.227284,-0.11676,0.01194,-0.259611,-0.162567,-0.006474,-0.363082,-0.195649,0.185513,-0.136886,-0.106883,-0.002951,-0.101315,0.133878,-0.075424,-0.197674,-0.384523,-0.208249,-0.195629,-0.074006,-0.160898,0.09301,0.199558,-0.141178,-0.018046,0.208714,-0.219448,-0.002667,-0.239692,-0.089108,-0.000372,0.027625,0.131126,-0.048936,-0.250403,0.079971,-0.047422,-0.330579,-0.155599,-0.420934,-0.031116,-0.209186,-0.250303,0.262291,0.010202,0.043931,-0.097846,0.263016,-0.026137,0.253109,0.018873,-0.176746,-0.025563,-0.223516,0.050497,0.122443,-0.08669,-0.236923,-0.025585,-0.177971,-0.167406,-0.229614,0.274644,-0.165119,0.263016,-0.326995,-0.114108,-0.263832,-0.283907,-0.479824,-0.067639,-0.467263,0.068686,-0.134067,-0.143065,0.283128,0.000744,-0.355097,-0.111861,-0.223121,0.159338,0.473632,-0.031832,0.014102,0.185032,0.077144,-0.12213,-0.271469,0.13704,-0.198828,0.169004,-0.265741,0.353826,0.163233,-0.124161,0.129142,0.096757,-0.161091,-0.207962,-0.265875,0.123779,0.28207,-0.186907,-0.277038,-0.052278,0.110233,-0.215157,-0.109894,-0.016541,0.427492,-0.274433,-0.221972,-0.053277,#
11,-0.155985,-0.402335,0.098982,-0.019036,0.14616,0.115665,-0.19634,-0.34133,-0.185086,-0.28028,0.323652,1.0,-0.312675,-0.203728,-0.275816,0.170275,-0.085816,0.061218,-0.291711,0.035789,-0.180108,0.157966,-0.260919,-0.27809,0.065678,-0.066255,-0.215641,-0.198385,-0.099109,-0.166267,0.000748,0.058604,-0.043722,0.160794,0.321922,0.065898,-0.261857,-0.110772,-0.353711,0.240147,0.126993,-0.140471,0.108857,-0.300408,-0.119477,0.115419,-0.390108,0.159073,-0.006322,0.166818,0.154115,0.032634,-0.112375,-0.092511,0.039413,0.023637,-0.003633,0.203984,0.203576,-0.296065,-0.039394,0.046314,0.324853,-0.524701,0.16588,-0.159886,-0.028313,-0.290481,-0.198537,0.503876,0.073323,0.05489,0.079665,0.331624,0.009706,-0.09431,-0.323896,-0.017202,0.004522,0.089221,0.347476,0.081435,-0.046027,-0.429397,0.304773,0.199823,0.095619,0.085556,0.050788,0.407154,0.095789,0.236879,0.159419,0.085457,-0.113518,0.300306,-0.140353,-0.052438,-0.009526,0.084763,-0.25518,0.349224,-0.10866,0.008952,-0.14413,-0.041915,0.233897,0.046529,0.224358,0.426598,-0.036532,-0.16482,-0.183857,0.008624,0.044109,-0.265028,0.02923,0.324971,0.264636,0.383801,0.178066,-0.037096,0.340399,0.320403,-0.10477,0.167654,-0.069352,0.055192,0.446886,0.101809,0.246202,0.287426,-0.034033,-0.166268,0.138,-0.189556,-0.229985,-0.035033,-0.151248,0.228315,0.315205,0.103998,0.196512,0.148326,-0.100203,0.049483,0.009355,-0.301928,0.071816,0.339897,0.032109,0.138,-0.026409,0.200493,-0.030338,0.216516,-0.26083,-0.243127,-0.067951,0.007165,-0.190788,-0.563066,0.011043,0.187408,-0.196962,-0.191297,0.154676,0.163627,0.312275,0.297184,0.018539,0.073128,0.17075,0.152626,-0.09846,0.128748,-0.177104,-0.173726,-0.177418,0.230044,0.07708,-0.032416,-0.091132,0.250851,-0.011903,-0.340372,-0.180877,0.07257,0.05993,-0.261365,-0.352886,-0.171528,0.102995,-0.101634,0.089494,-0.256651,0.453015,0.118279,0.007994,0.084447,#
12,0.487617,0.481016,-0.174078,-0.268894,0.003821,0.112961,0.453095,0.118881,0.517774,0.34385,-0.47775,-0.312675,1.0,0.476036,0.255833,-0.297243,-0.183963,0.415514,-0.054621,0.008692,-0.089499,0.33888,0.420344,0.039068,-0.076755,-0.098887,0.436131,-0.202123,0.218835,0.30438,-0.340892,0.050616,0.324777,-0.08276,-0.301358,0.123536,0.072753,0.002656,-0.07252,-0.372708,0.128834,0.209945,0.048403,0.10069,0.082465,-0.550479,0.526267,-0.0755,-0.179252,-0.055685,-0.015095,-0.269306,0.078304,-0.10087,-0.234622,-0.115572,0.121956,-0.19952,0.393878,0.151267,0.444199,0.13968,-0.185825,0.115118,0.121813,0.607703,-0.169689,0.304444,0.26935,-0.233787,-0.019429,0.013811,-0.339035,-0.222163,-0.296412,0.222357,0.145467,-0.213654,-0.124876,-0.206654,-0.085909,-0.402786,-0.203658,-0.040945,-0.254261,0.089444,-0.064804,0.060637,0.081476,-0.571165,-0.108554,-0.030508,-0.342641,0.205971,-0.154925,-0.022134,0.307993,0.075621,-0.334978,-0.260736,-0.078131,0.056375,0.195305,0.36677,0.027456,-0.163437,-0.287295,-0.257996,-0.444271,-0.12543,0.127998,0.310395,-0.233156,-0.298356,-0.185137,0.087531,-0.244533,-0.39287,-0.066717,-0.409706,-0.296412,-0.222842,-0.279782,-0.320457,-0.242582,0.292028,0.206724,0.193443,0.247751,0.230459,-0.615875,-0.340756,-0.40121,-0.268288,-0.466197,0.008735,-0.271663,-0.359415,0.296608,-0.346693,-0.143988,-0.372856,-0.299786,-0.282787,0.034267,-0.133757,-0.058608,0.396007,0.01374,-0.43391,0.074667,-0.466197,0.311932,-0.419072,-0.099812,-0.082186,0.758217,0.545091,0.044129,-0.282803,0.117536,0.149384,0.234451,-0.31353,0.135322,0.653885,0.194984,-0.154159,-0.314343,-0.251136,0.007094,0.032404,-0.444485,-0.102954,0.321584,-0.364887,0.025735,0.203367,0.799891,-0.280035,0.220898,0.142455,-0.136393,-0.251578,0.368948,-0.087351,0.642371,-0.147138,-0.580264,0.406869,0.286387,0.25592,-0.046755,0.246959,0.154181,0.198287,-0.19701,-0.031759,0.410066,0.06151,#
13,0.318996,0.159579,-0.227881,-0.150973,-0.181627,-0.100854,-0.046496,0.154118,-0.004131,0.361713,-0.338126,-0.203728,0.476036,1.0,0.125828,0.102502,-0.53928,0.223137,-0.144105,0.154676,-0.08683,0.66984,0.567364,0.442209,-0.101007,0.281545,0.587283,0.019428,0.057748,0.327235,-0.146173,0.224208,0.103774,0.090572,-0.100859,0.137223,-0.117423,0.186184,0.194324,-0.371601,-0.080489,-0.006842,0.448349,-0.021904,-0.23499,-0.384373,0.366856,-0.188487,-0.427787,-0.09074,0.227568,-0.285286,0.040701,0.072416,-0.022582,0.018727,0.035386,0.164325,0.326051,0.124179,0.443036,-0.071706,-0.274484,-0.064792,0.099663,0.018846,-0.394629,0.365088,0.09403,-0.191119,-0.031547,-0.153395,-0.132117,0.117065,-0.317292,0.045142,0.315557,-0.060927,-0.17388,0.319595,-0.314094,-0.209506,0.158977,0.334418,0.079628,0.058657,0.131736,0.038596,0.220032,-0.396221,-0.093872,-0.0459,-0.019069,0.189632,0.201184,-0.031718,-0.036076,0.24791,-0.192996,-0.12024,-0.11381,-0.158369,0.178826,0.048288,0.011426,-0.146115,0.207731,-0.540379,-0.117753,0.000399,-0.175193,0.068508,-0.070188,0.06305,-0.208281,0.130493,-0.054488,-0.249487,-0.056771,0.09219,0.180653,-0.10715,0.081463,-0.133804,-0.16657,0.267119,0.035103,-0.024007,0.250924,0.202835,-0.287011,0.181586,-0.38062,-0.04677,-0.490493,0.177587,-0.269484,-0.200118,0.228081,0.004541,-0.013752,-0.353493,-0.140495,-0.208452,-0.304493,-0.143824,0.151062,-0.147764,-0.205264,-0.238702,-0.023456,-0.490493,0.119136,-0.239227,-0.067749,0.093964,0.398367,0.064123,0.242408,-0.268336,-0.019136,-0.026543,0.024741,-0.073502,0.125757,0.124697,0.166119,0.224175,-0.113216,0.0,-0.161337,-0.132132,-0.31675,-0.329644,0.169996,-0.383572,0.187131,-0.121308,0.28342,-0.249905,0.322509,-0.17481,-0.327757,-0.063037,0.05134,0.13513,0.115644,-0.540787,-0.244434,0.238773,-0.073041,-0.080495,-0.205089,0.092018,0.289898,-0.136154,-0.025211,0.218401,0.626237,0.07331,#
14,0.134359,0.38339,-0.180969,-0.272285,0.426215,-0.172539,0.427893,0.108643,0.137345,0.268886,-0.242684,-0.275816,0.255833,0.125828,1.0,0.09236,-0.147987,0.01767,0.416201,0.024519,0.117393,-0.216565,0.005581,0.048269,-0.146805,-0.133012,0.160921,0.305492,0.660331,0.314192,-0.453986,-0.201086,0.001883,-0.073764,-0.110694,0.204723,-0.269777,-0.133737,0.092191,0.189383,-0.315173,0.081019,-0.064342,0.141842,0.145655,-0.209648,0.431785,-0.216407,-0.250472,0.224881,0.090548,-0.28527,0.12038,0.062539,-0.03861,-0.370733,-0.211755,-0.187042,-0.074594,-0.264432,-0.314385,0.298201,-0.256179,0.243874,-0.015943,0.147675,0.033559,-0.069638,-0.236126,-0.531275,-0.303545,-0.362669,-0.153206,-0.274431,-0.298042,0.313043,0.042328,-0.446703,-0.291909,-0.185524,-0.489581,-0.368392,-0.370633,0.364614,-0.305578,-0.078232,-0.209702,-0.36873,-0.123606,-0.159074,0.113777,-0.21388,-0.120047,-0.198055,-0.178513,-0.044883,-0.289376,0.042357,-0.44573,-0.205581,0.23292,-0.437457,-0.374558,-0.224686,-0.13773,0.116345,-0.527204,-0.145115,-0.362104,-0.077557,-0.309551,0.17549,-0.292603,-0.285747,-0.372731,0.022437,-0.133331,-0.139386,-0.533301,-0.25458,-0.453006,0.089376,-0.482631,-0.065037,0.038228,-0.279614,-0.18161,-0.129902,-0.240804,-0.354448,-0.210483,-0.360639,-0.46225,0.042807,-0.50673,-0.386263,0.189336,-0.073325,-0.155778,-0.026037,-0.221408,-0.386224,-0.148185,-0.01345,-0.031917,-0.333716,-0.087351,0.198256,-0.399871,-0.282211,-0.334874,-0.50673,-0.207758,-0.1381,-0.304846,-0.145612,0.220017,0.282459,-0.310031,0.095584,0.040815,-0.095455,0.090925,-0.121629,-0.441533,-0.010953,0.102658,0.120941,0.091852,-0.121915,0.462157,0.137352,-0.130835,-0.326991,0.403414,-0.347098,-0.227826,0.131598,0.290846,-0.0215,0.400633,0.152636,0.400788,-0.037633,0.294899,-0.344538,0.29365,-0.042688,-0.166037,0.251967,0.047252,0.457274,-0.003575,0.371542,-0.287154,-0.142635,-0.202395,-0.152766,-0.156519,0.134502,#
15,-0.193356,-0.168195,0.036261,-0.239923,0.15222,-0.237098,-0.104786,0.206344,-0.376578,-0.037074,0.291405,0.170275,-0.297243,0.102502,0.09236,1.0,-0.053045,-0.276126,0.213124,-0.177285,-0.388371,0.203831,0.033082,0.265971,-0.164511,0.068653,-0.047598,-0.132913,0.225645,-0.194448,-0.15424,0.033842,-0.032513,0.192209,0.178965,0.395201,0.152755,0.019347,0.185771,0.13599,-0.231875,-0.298977,0.093584,0.119521,-0.330709,0.129132,-0.297446,-0.016116,-0.128251,0.075964,0.210697,0.048075,0.033444,0.085568,-0.077067,0.090557,-0.170459,-0.069379,-0.349941,-0.499936,-0.094074,0.347467,0.227751,-0.251305,0.047831,-0.563234,-0.269494,-0.000932,0.16669,0.22083,-0.070958,-0.306905,0.280486,0.113978,-0.050533,0.066627,-0.141883,-0.078279,-0.256001,0.08011,-0.227155,-0.101936,0.183166,0.037486,0.284381,-0.180805,0.080153,-0.21171,-0.144016,0.132924,0.125456,-0.054544,0.02683,-0.125076,-0.319868,0.190299,-0.077844,0.185763,-0.150218,-0.244421,0.08105,-0.072497,-0.124998,-0.095578,0.12572,-0.215919,-0.018535,-0.120227,-0.029144,-0.005108,-0.1385,-0.229867,0.088731,0.132709,-0.007021,-0.121798,0.041338,0.076349,-0.141522,0.195199,-0.05759,-0.029935,-0.003572,-0.282651,-0.002854,-0.110347,-0.15078,-0.079116,-0.293123,-0.218212,0.147967,0.168839,-0.078325,-0.011455,-0.015198,-0.079994,0.311308,0.170571,-0.385104,0.067907,-0.109191,0.059036,-0.045132,0.253425,-0.350582,-0.174322,-0.099125,-0.308128,-0.170587,-0.050506,-0.393052,-0.015198,-0.209548,0.024832,0.008966,0.029252,-0.14399,-0.197349,-0.336023,0.182211,0.337341,-0.061447,-0.13151,0.235238,-0.430482,-0.477557,0.260279,0.211045,0.089387,0.034372,-0.024279,-0.230463,-0.092564,-0.035079,0.053754,0.086511,-0.082465,-0.198244,-0.28835,0.190548,0.144825,-0.293852,0.26807,0.14669,-0.367412,0.072291,-0.47192,-0.358193,0.163421,-0.233413,-0.389023,-0.107262,-0.0291,-0.06346,0.227808,-0.055732,0.358259,-0.045924,-0.10335,0.010913,#
16,0.174272,0.141819,0.153721,-0.145299,0.083866,0.366254,-0.099934,-0.052807,0.087038,-0.075436,0.363226,-0.085816,-0.183963,-0.53928,-0.147987,-0.053045,1.0,0.006397,0.283059,-0.437071,0.141512,-0.424058,-0.075341,-0.38486,-0.037229,-0.052271,-0.302499,0.090571,-0.264823,-0.020949,0.085601,0.108832,-0.052886,-0.22035,0.23188,0.151377,0.158072,-0.332325,-0.340275,-0.109844,-0.153085,-0.318147,-0.067216,0.340506,0.407613,-0.010791,-0.317127,0.067234,0.041261,-0.289121,-0.018418,0.020812,0.105099,-0.157264,0.20206,-0.060317,-0.381536,-0.215119,-0.356684,-0.111868,-0.272967,-0.111023,0.203374,0.051355,-0.142952,-0.061389,-0.114164,-0.241653,-0.038594,0.128974,-0.089986,0.122618,0.157617,-0.403534,0.024533,0.115602,-0.428747,-0.031734,-0.142046,-0.386058,0.025869,-0.050307,-0.27418,-0.216894,-0.212397,-0.247845,-0.386266,-0.308201,-0.04356,-0.111693,-0.156115,-0.227452,-0.270049,-0.250308,-0.278523,-0.267643,0.147578,-0.334352,-0.257367,-0.3418,0.138392,-0.146984,-0.267726,-0.163367,-0.146098,-0.112364,-0.339849,0.292992,-0.167957,0.104415,0.232756,0.002724,-0.049296,-0.330263,-0.063765,-0.048978,-0.388558,-0.056515,0.137454,-0.152853,-0.496724,-0.121836,-0.184928,0.000148,0.142554,-0.387049,-0.187486,-0.137693,-0.37991,-0.326942,0.188324,-0.106855,0.144475,0.016269,0.022215,-0.170111,0.295352,-0.276862,-0.247368,-0.102094,-0.336576,0.302662,-0.169517,-0.147617,0.079669,0.170515,-0.132035,0.161728,-0.094101,-0.002099,-0.424612,0.210604,-0.091147,-0.054414,-0.1502,-0.394232,-0.232009,0.257915,-0.311277,0.123779,-0.270928,0.094555,0.210136,-0.378271,-0.180497,0.135323,-0.339797,-0.234925,0.015442,-0.253222,0.166154,0.008235,-0.173045,0.02965,-0.020244,-0.11831,-0.339797,0.434775,-0.188638,-0.03634,-0.091967,0.14321,0.206289,0.030831,0.090477,-0.085903,-0.024915,0.459479,0.240636,0.254348,0.029567,0.207164,0.407026,0.204735,-0.098353,0.605072,0.17825,-0.281906,-0.490861,-0.023421,#
17,0.499342,0.215473,-0.171161,-0.080159,0.26891,0.289623,0.085587,-0.234404,0.125917,0.00609,0.08793,0.061218,0.415514,0.223137,0.01767,-0.276126,0.006397,1.0,-0.085204,0.23161,0.116827,0.376689,0.178373,-0.351631,0.214595,0.01483,0.003032,-0.086328,-0.036627,0.130118,-0.102524,-0.067849,0.031664,-0.239642,0.047859,0.022359,-0.307243,0.009972,-0.076826,-0.180984,0.195473,0.112557,-0.17653,-0.215675,-0.125451,-0.131465,0.270412,0.17153,-0.018137,-0.196661,0.37635,-0.23581,-0.250887,-0.211596,-0.049485,-0.107732,-0.262288,-0.031433,0.216981,0.061658,0.085416,0.256842,-0.075339,-0.03221,-0.040996,0.302429,-0.019602,0.120437,0.047746,0.368059,0.090092,0.152082,-0.531765,0.033827,-0.165349,0.112148,0.034552,-0.134494,-0.120897,-0.500363,0.103925,-0.190918,-0.049298,-0.282659,0.013483,0.128464,-0.022941,0.148943,0.033501,-0.183436,0.110228,-0.048745,0.017397,0.170867,-0.009572,0.247623,0.25012,-0.159708,-0.271655,-0.333092,-0.221458,-0.106603,-0.006744,0.295223,-0.290765,-0.196931,-0.177588,-0.45141,-0.221382,0.137551,0.231987,-0.101539,0.022004,-0.284593,0.026853,-0.130646,-0.294863,-0.130354,0.305669,-0.19273,-0.106661,-0.006602,-0.072826,-0.233301,-0.283794,0.234945,0.2227,0.276626,0.300382,0.163062,-0.051336,-0.062176,-0.144761,-0.25729,-0.127679,-0.053158,-0.1952,-0.360243,0.065389,-0.058691,0.123675,-0.329279,-0.000218,-0.326798,-0.184021,0.118326,-0.079182,0.22051,-0.006749,-0.296247,0.028445,-0.127679,0.294563,-0.324302,-0.136763,0.043445,0.419585,0.264663,-0.102526,-0.278067,-0.295842,0.105743,0.32504,-0.235067,-0.208877,0.633631,0.07947,0.086698,0.073048,-0.104716,-0.178706,0.032236,-0.439755,0.045497,-0.147666,-0.341971,0.117512,-0.02128,0.469106,-0.306964,0.191556,0.104807,-0.214723,-0.187151,-0.020443,-0.427924,0.470673,0.130024,-0.487882,0.051994,0.082884,0.125239,-0.027568,0.01736,-0.085232,-0.120043,-0.211131,0.059454,0.342907,0.350551,#
18,-0.144067,0.248066,-0.260422,-0.182758,0.221875,-0.292785,0.153229,-0.079299,-0.029159,0.093025,0.053358,-0.291711,-0.054621,-0.144105,0.416201,0.213124,0.283059,-0.085204,1.0,-0.246425,0.299641,-0.497203,-0.067809,0.021782,-0.108448,-0.050917,0.057102,0.191167,0.070828,0.046413,-0.198233,-0.042093,0.250463,0.00793,-0.037525,0.297414,-0.014774,-0.024996,0.123728,0.293127,-0.313643,-0.26179,-0.049017,-0.158123,0.140844,0.066506,0.071421,-0.207609,0.147404,0.139164,0.097176,-0.156636,-0.172447,0.032205,0.355666,0.022451,-0.302937,-0.024716,-0.209597,-0.080982,-0.147234,0.315459,-0.076903,0.154308,-0.014685,0.015363,-0.191219,0.136303,0.034894,-0.312872,-0.401177,-0.664794,0.24814,-0.219396,-0.247039,0.114844,-0.225978,-0.064576,0.05046,-0.25273,-0.408305,-0.165207,-0.343306,0.12906,-0.3472,-0.402066,-0.17181,-0.334651,-0.254892,-0.092681,-0.143277,-0.309021,-0.064871,-0.478408,-0.260192,-0.343306,-0.239863,-0.026311,-0.2404,-0.095309,0.146384,-0.088026,-0.326249,-0.386162,-0.120585,0.011827,-0.449607,0.104011,-0.094177,-0.076977,-0.14852,-0.066575,-0.034982,-0.229471,-0.285991,-0.266988,-0.075664,-0.051714,-0.105605,-0.084759,-0.391483,0.142779,-0.549262,-0.158554,-0.088368,-0.35616,-0.339647,-0.283893,-0.313523,-0.307595,-0.087537,-0.284849,-0.064614,0.14775,-0.052704,-0.36385,0.241476,-0.175917,-0.187113,-0.114688,-0.341604,0.021569,-0.236303,-0.122299,-0.147571,-0.24886,-0.248514,0.200209,-0.333023,-0.183507,-0.364446,-0.052704,-0.01968,0.089844,-0.408565,-0.276781,-0.121665,0.130602,-0.213817,0.134531,0.098032,0.062616,0.178323,0.073083,-0.322506,0.002093,0.118813,0.152685,-0.156904,-0.32368,0.333952,-0.454962,0.112949,-0.234676,0.113266,-0.018222,-0.056145,0.204734,-0.008704,-0.129356,-0.045371,0.179374,0.41798,-0.091804,0.186006,-0.082258,-0.004366,0.032802,-0.036145,0.109425,-0.231085,0.154898,0.293497,0.295262,-0.040185,-0.116127,-0.024125,0.042741,-0.439812,-0.092577,#
19,-0.164798,-0.277605,0.101044,0.323514,0.12372,0.091,-0.020722,-0.004143,-0.200466,-0.280989,-0.364918,0.035789,0.008692,0.154676,0.024519,-0.177285,-0.437071,0.23161,-0.246425,1.0,0.013411,0.171438,0.062734,-0.073296,0.214954,-0.082526,-0.033597,-0.184207,-0.117734,-0.160846,0.010665,-0.053984,-0.037057,-0.174042,-0.231024,-0.422495,-0.007947,0.035655,0.049684,-0.108116,0.247262,0.461838,-0.245386,-0.226257,-0.294726,0.172891,0.368599,0.345302,0.274242,-0.249342,0.143036,0.298712,0.229325,0.02924,0.056661,0.178527,0.265231,-0.337471,-0.127928,-0.030362,-0.029004,-0.204088,0.116437,0.215515,0.070148,0.187144,0.362795,0.090541,-0.014302,0.180453,0.345057,0.181627,-0.032458,0.365998,0.029295,-0.273779,0.338352,0.018228,0.359746,0.136307,0.520481,0.110243,0.290851,0.057945,0.190107,0.380379,0.288672,0.420095,0.245742,0.074149,0.588799,0.25669,0.348703,0.257806,0.07141,0.137029,0.17463,0.002635,0.009943,0.268684,-0.272716,0.225071,0.268032,0.336817,0.197145,0.289085,0.442997,-0.296761,0.097077,-0.04929,0.365768,-0.415958,0.151841,0.368506,0.276804,-0.08577,0.049601,0.51742,-0.027989,0.101647,0.367728,0.157355,0.537266,0.009535,0.116629,0.196255,0.30159,0.233037,-0.004028,0.463937,0.078335,0.152991,-0.004654,-0.172026,0.151327,0.161687,0.163902,0.117078,0.134373,0.264387,0.486403,-0.218413,0.05598,0.162068,0.248007,0.341102,0.242042,-0.11061,0.592285,-0.265304,0.211548,0.151327,0.306776,0.073009,0.173033,0.395209,0.110086,-0.132477,0.367915,0.013181,-0.06824,0.017208,-0.147615,0.368355,0.064157,-0.038999,0.345524,0.085557,-0.154613,0.068425,-0.268003,-0.21921,0.190906,0.516321,-0.094458,0.151082,0.493171,-0.507509,-0.021945,-0.052024,0.084547,-0.206542,0.109399,0.099487,-0.328474,0.058106,-0.039348,0.072188,-0.258849,-0.419167,0.332344,-0.182732,-0.402912,-0.267897,0.366654,-0.430583,-0.466177,0.196537,0.252432,0.118388,#
20,-0.176722,-0.145307,-0.295796,0.187639,-0.002868,-0.060848,-0.160784,-0.194477,0.152696,-0.271744,0.070818,-0.180108,-0.089499,-0.08683,0.117393,-0.388371,0.141512,0.116827,0.299641,0.013411,1.0,-0.349396,-0.347711,0.063204,0.395575,0.079678,-0.036243,0.383906,-0.140796,-0.177908,0.363896,-0.119881,-0.031157,-0.193925,0.169461,-0.322673,-0.051274,0.059281,0.143023,-0.047213,0.14902,-0.10737,-0.115558,-0.319788,-0.025972,0.258686,0.06243,-0.151881,0.258118,0.0895,0.219175,0.028336,0.035882,0.233298,0.133267,0.294182,-0.145929,0.126299,0.086388,0.155106,-0.139486,0.141741,-0.20692,-0.001877,-0.115776,0.059225,-0.01273,0.07157,-0.289668,-0.094971,-0.109878,0.056295,0.239941,0.267428,0.108057,-0.322891,0.192366,0.271326,0.290867,-0.122068,-0.027456,0.413528,0.151255,-0.132453,-0.087016,-0.002005,0.233296,-0.035877,0.395762,0.136281,-0.027356,-0.078185,0.192971,-0.151654,0.222907,-0.021067,-0.096762,-0.010381,0.178758,0.144429,0.094616,0.104657,0.039214,-0.096998,0.111718,0.165926,0.130558,0.163435,0.130558,0.194083,-0.029499,-0.230066,0.096311,0.108086,0.053821,0.034979,0.03648,0.275423,0.235353,0.326758,0.108057,0.456399,-0.018895,0.456815,0.189568,-0.095273,-0.141405,-0.1664,0.178092,0.148256,0.133829,-0.0205,0.271486,0.187419,0.180073,0.091682,-0.127264,-0.009568,0.276189,0.418014,-0.099706,0.051363,0.272848,-0.108467,0.226284,0.212156,0.137654,-0.153449,0.042832,0.097557,0.061505,0.180073,0.176174,0.219092,-0.013585,0.203387,-0.01517,-0.141832,0.288447,0.216809,-0.220462,0.128329,0.106578,-0.019312,0.252341,0.064562,0.095447,0.350447,0.094892,0.035932,-0.020026,0.095665,0.287931,-0.010401,-0.313598,0.070772,0.095447,-0.022275,-0.106378,-0.146781,-0.088008,0.07669,0.266221,-0.046989,-0.011414,0.068666,-0.104783,0.42715,-0.071578,-0.07294,-0.008866,-0.098441,-0.220585,-0.237415,-0.170081,-0.070159,-0.290911,0.213509,0.120925,-0.229214,#
