0,1.0,-0.111256,-0.076543,-0.129548,0.141974,0.104299,0.569909,-0.34329,0.090578,-0.321296,0.711896,0.284507,0.217125,0.111139,0.182274,0.040381,0.068211,-0.301192,0.273972,0.16916,-0.002737,-0.085725,-0.043186,-0.130141,-0.122724,0.065025,-0.039906,0.18147,0.28098,-0.136065,-0.074273,0.059778,-0.024569,-0.191544,0.208067,-0.036455,-0.051416,0.087665,0.064079,0.215823,-0.074535,0.321122,-0.06588,-0.052938,-0.018946,0.055635,0.223479,0.219754,-0.349899,0.019521,0.117197,-0.023033,0.162127,-0.263887,0.035981,0.063745,-0.245989,0.306509,0.032828,-0.240083,0.282081,0.216818,-0.099261,-0.092512,-0.158814,-0.009199,-0.121863,0.081643,-0.001183,-0.198991,-0.034026,-0.176369,0.185426,-0.146015,-0.166768,0.151932,-0.69053,-0.241626,-0.295557,-0.209245,-0.302746,-0.118405,-0.123439,-0.332333,-0.110645,-0.186366,-0.061864,-0.120335,-0.084911,-0.20261,-0.61391,-0.17694,-0.031386,-0.157964,-0.315426,-0.276593,0.24197,-0.577225,-0.3351,0.162859,0.543901,-0.21336,-0.171024,-0.380178,-0.289056,-0.100898,-0.338551,0.083236,-0.297668,-0.030474,-0.300022,-0.022875,-0.497202,-0.200741,0.036328,-0.109902,0.043638,0.091627,0.221306,-0.427159,-0.254585,-0.004013,-0.11812,0.320674,-0.076565,-0.081573,-0.14453,0.318934,-0.348661,-0.199493,-0.43182,-0.38244,0.042336,0.175923,0.037172,-0.167698,-0.228634,-0.296414,0.25248,-0.130112,-0.130621,0.212542,0.175745,-0.192869,-0.324786,-0.048013,-0.008391,0.232978,-0.446416,-0.221541,0.120769,-0.281611,-0.120804,0.080132,-0.035989,0.062472,-0.158864,0.085289,-0.339718,0.070104,-0.00641,-0.261202,0.134844,-0.324525,0.031358,0.030355,0.09677,0.051426,-0.326477,-0.224842,0.269636,-0.343537,-0.045864,0.012703,-0.052841,0.047125,-0.127059,0.274236,0.103065,-0.342092,0.014876,-0.07934,0.110642,0.193301,0.173959,-0.050311,0.113245,0.127249,0.46343,0.267174,-0.470618,0.182648,0.42781,0.045322,0.120037,-0.112086,-0.444569,-0.104237,0.043467,-0.320183,#
1,-0.111256,1.0,0.306979,-0.301382,0.103113,-0.311576,-0.066239,0.002337,0.045097,0.273617,-0.134598,0.119976,0.375963,0.317422,-0.310875,0.02883,-0.042419,0.151358,0.135824,-0.001851,-0.114064,0.255644,0.010898,-0.080921,0.034438,-0.284078,-0.223779,-0.150223,0.261769,0.145427,-0.122148,-0.11425,-0.230789,-0.007079,0.2756,0.187311,-0.161218,-0.190972,0.036328,0.08378,0.006986,-0.070961,0.313875,-0.264616,-0.398686,-0.032863,-0.22342,0.214837,0.182647,0.350052,0.154624,-0.213289,-0.198434,0.146251,-0.099051,-0.288135,0.074541,-0.241488,0.275252,-0.055156,0.016523,-0.379765,-0.089323,-0.030373,0.559138,0.269178,-0.392061,0.270554,0.129988,0.117834,-0.045536,0.124182,-0.354331,-0.068765,-0.029997,0.231567,-0.046192,-0.192379,0.209657,-0.34025,-0.215693,-0.466594,-0.21793,-0.229245,-0.298056,0.207212,-0.263607,-0.035679,-0.12478,-0.123318,-0.218629,-0.087414,-0.056723,-0.181396,-0.22217,-0.157748,-0.084017,0.087439,0.428057,-0.061779,-0.247447,-0.229134,-0.048523,0.086722,-0.058072,-0.222712,0.136174,-0.224379,-0.402374,-0.065738,0.355104,-0.360744,0.001567,-0.177182,-0.006506,-0.393868,-0.301386,-0.013798,-0.048192,-0.063543,-0.195329,0.179786,-0.253324,-0.370512,-0.224071,-0.115384,-0.084293,-0.069055,-0.127082,-0.206705,0.073015,-0.207824,-0.265224,0.01505,-0.154976,-0.16069,0.166328,-0.029434,-0.057843,-0.225077,-0.308778,-0.283605,0.262422,-0.180735,0.010919,-0.204263,-0.793739,0.090572,0.182019,0.153406,-0.194351,0.415196,0.137376,-0.302005,-0.059673,-0.229996,0.081625,0.3959,0.102787,-0.031366,-0.057557,0.048914,-0.028497,0.345581,-0.127018,0.16134,0.182759,0.039893,-0.115148,0.179129,0.208107,0.126603,-0.217448,0.102722,-0.002514,-0.047606,-0.064763,0.320922,0.108986,-0.084858,0.231665,-0.084957,0.21427,0.151567,0.210502,0.039103,-0.050873,-0.126315,-0.01816,0.23134,-0.146847,0.200408,-0.039771,0.235278,0.127165,-0.006106,0.100292,0.034422,0.261044,0.224114,#
2,-0.076543,0.306979,1.0,-0.631116,-0.012554,-0.036405,0.174469,-0.199592,0.173478,0.314403,-0.187279,-0.317361,0.238102,0.093305,-0.344935,0.120976,-0.187422,0.595993,-0.113804,0.05941,-0.3344,-0.122851,0.051309,-0.201465,0.227595,-0.156674,-0.237034,-0.326055,0.085359,0.093242,-0.243772,-0.026944,-0.487752,0.022111,0.123377,0.375741,-0.013954,0.418108,0.065204,-0.325939,0.0904,-0.213293,0.020033,-0.106072,-0.076471,-0.421992,-0.319696,-0.107363,0.225984,0.296223,0.340177,-0.374167,0.111707,-0.092337,-0.202104,0.1621,0.004017,-0.317838,0.14302,-0.172344,0.568823,-0.006422,0.108435,-0.241359,0.18898,0.425235,0.09629,-0.002094,0.181865,0.070264,-0.191418,0.000416,-0.469476,-0.177936,0.024138,-0.234541,-0.183392,-0.228063,0.067269,-0.126692,-0.082896,-0.095266,0.089043,0.145408,-0.262483,0.176436,-0.107192,-0.181669,-0.357123,0.05193,0.068148,-0.044679,-0.247638,0.064153,-0.267835,0.008144,-0.2549,0.233777,-0.144087,-0.09163,-0.274099,-0.299621,-0.036926,0.055881,0.119078,-0.321745,0.268566,-0.318618,0.015492,0.110225,0.206309,-0.304908,-0.065311,-0.066162,-0.021619,-0.153809,-0.014448,0.265195,-0.134608,-0.202636,-0.128449,0.03324,0.019432,-0.548467,-0.199456,-0.112896,0.295244,-0.098624,0.00806,-0.068674,0.187841,-0.055045,-0.157529,0.019768,-0.151179,-0.434832,0.282895,0.201201,-0.301726,-0.060205,-0.229934,-0.196378,0.04311,-0.391642,-0.072012,-0.106917,-0.180984,0.227186,0.028715,-0.009602,-0.186989,0.125466,-0.078608,-0.260421,-0.210254,-0.121641,0.068114,0.169536,0.052689,-0.044891,0.128038,-0.299063,-0.247473,0.434567,-0.074849,0.086299,0.069497,-0.047023,0.072242,0.039918,-0.006644,-0.051981,0.031567,-0.371616,-0.132285,0.019432,0.007873,0.168311,0.045279,-0.26854,0.225519,0.078283,-0.149112,-0.076008,0.196084,0.089656,0.198365,-0.112896,-0.248323,-0.338746,0.122741,-0.222236,-0.094971,0.064514,-0.096568,-0.048842,0.163458,0.39736,0.25262,0.19012,#
3,-0.129548,-0.301382,-0.631116,1.0,-0.172276,0.095616,-0.210821,0.338688,-0.341912,-0.230374,0.058283,0.151607,-0.169058,-0.3928,0.195094,-0.280646,0.256858,-0.188283,-0.038899,-0.19727,0.266838,-0.162878,-0.225962,0.255978,0.010259,0.053907,0.070271,0.233962,-0.209819,-0.115542,0.305148,-0.218611,0.455577,-0.039721,-0.114012,-0.019097,-0.164458,-0.275024,-0.118144,0.198128,-0.122674,-0.274147,-0.054446,0.107259,0.15831,0.516571,0.035367,-0.306336,0.067749,-0.325928,-0.368348,0.5039,0.06825,0.259253,0.320304,-0.066524,0.27927,0.278007,-0.134954,-0.044745,-0.446328,-0.128207,-0.003556,-0.002167,-0.241696,-0.19693,0.059604,-0.077943,-0.054806,-0.067837,0.120617,-0.295499,0.158726,0.372226,0.208286,-0.342386,0.281847,0.269073,0.045039,0.123103,0.189469,0.191624,0.058768,-0.163657,0.026049,-0.052462,0.279835,0.360331,0.36169,-0.042489,0.20733,0.211491,0.272912,-0.177067,0.360703,0.510399,0.154843,0.036623,-0.130197,0.173533,0.194188,0.311797,0.266539,0.229248,-0.279509,0.0548,-0.186301,0.36706,0.037935,-0.014476,-0.248886,0.167761,0.222354,0.29932,0.019836,0.273102,0.239683,0.104428,-0.020991,0.25057,0.36706,0.006357,-0.148755,0.42063,0.36173,0.118544,-0.298677,0.008225,0.147701,0.437931,-0.072874,0.620577,0.341172,-0.231111,0.19955,0.441127,-0.022771,0.0309,-0.126908,0.172754,0.033356,0.0182,0.158044,0.486522,0.37682,0.005612,0.252039,-0.43934,0.207679,-0.222351,0.285279,-0.053324,0.088096,0.069797,0.331916,-0.110643,-0.30873,-0.396628,0.037012,0.242738,-0.051482,0.397125,0.140979,-0.249104,0.067261,-0.447017,0.070781,-0.173361,0.072411,0.002024,0.108654,0.192802,0.020829,0.441542,0.328677,0.190147,-0.096141,-0.197796,-0.20245,0.580974,-0.462207,0.28112,0.087082,-0.129952,-0.15433,0.015673,0.025606,0.314142,0.292566,0.089115,0.094673,-0.006772,-0.202918,-0.321051,-0.065195,0.005549,-0.230839,-0.403383,-0.442662,-0.274751,#
4,0.141974,0.103113,-0.012554,-0.172276,1.0,-0.083183,0.093336,-0.066741,0.027121,0.01554,0.295885,0.0544,-0.08163,-0.030601,-0.178652,-0.106021,0.218803,-0.153466,-0.123174,-0.009714,-0.126377,-0.428763,-0.043532,-0.147046,-0.076778,0.029596,-0.051188,-0.105683,-0.040983,-0.407567,-0.169719,-0.13048,0.127793,-0.373951,0.090723,-0.066323,-0.109655,-0.235512,0.25521,0.249815,0.103779,-0.083908,-0.390833,-0.241493,-0.266038,-0.033104,-0.11292,-0.148846,-0.027121,0.078376,-0.092675,0.004571,-0.1195,0.062539,-0.033667,-0.028751,-0.210389,0.302401,-0.10878,0.254045,-0.191869,-0.147617,-0.015755,-0.292751,0.024391,-0.098988,0.411657,-0.037892,-0.1697,-0.262323,-0.059736,-0.04462,-0.081025,-0.002581,0.336709,0.060549,-0.259357,-0.189303,0.010876,-0.145488,-0.481821,0.077833,0.228527,0.041655,0.129325,-0.078463,-0.22308,0.024015,0.095875,0.036623,-0.098535,0.183898,0.087203,0.113453,0.029269,-0.064161,0.428112,-0.101572,0.471793,-0.261855,0.058979,-0.036475,0.074263,-0.112609,-0.038842,-0.105024,0.203676,-0.101797,-0.057206,0.103326,0.11257,-0.049749,-0.304316,0.010991,-0.318643,0.198617,-0.144397,0.287225,-0.308809,-0.003914,-0.277077,-0.127111,-0.325444,0.108254,-0.048959,0.022372,-0.194168,-0.07584,-0.330824,-0.337208,-0.210001,-0.337208,-0.150184,0.007834,-0.092202,-0.004268,0.315866,-0.133294,-0.037511,-0.12086,-0.026537,-0.146438,0.149713,0.087883,-0.150582,-0.194421,0.048581,0.050235,0.177218,-0.130351,-0.013025,0.20086,-0.301167,0.204596,-0.317252,-0.272651,0.134541,0.248874,-0.100401,-0.136432,-0.412492,-0.265403,-0.0587,0.285877,-0.110983,-0.016484,-0.199241,-0.107225,0.004582,0.311574,0.106166,-0.066486,0.106655,-0.093263,-0.179916,0.018599,0.036928,-0.160517,-0.106667,-0.297077,0.1745,0.244879,-0.161491,-0.19501,0.192718,-0.18374,-0.213206,0.232617,0.209944,0.243092,-0.181936,-0.085939,0.299394,0.159663,-0.299131,-0.031486,0.143448,0.170592,0.065586,-0.154774,#
5,0.104299,-0.311576,-0.036405,0.095616,-0.083183,1.0,0.03109,0.238926,0.053473,0.10962,-0.000215,-0.087569,0.073691,-0.137,0.242076,-0.015001,-0.012529,0.086816,0.081228,-0.100897,-0.105254,-0.018155,0.19555,-0.025973,-0.030579,0.377139,-0.22524,-0.132618,0.186629,0.017481,-0.339577,0.09854,0.023406,0.247208,-0.068896,-0.101849,0.17639,0.045854,-0.060721,-0.229786,-0.14536,0.239289,-0.200124,-0.171791,0.109146,0.092298,0.222923,-0.054965,0.287822,-0.135184,0.015688,-0.071877,0.595313,-0.043366,0.028835,0.182766,-0.053097,0.186169,-0.27836,0.055051,0.143551,0.148678,-0.027842,0.055338,-0.332001,-0.33521,0.032505,-0.211767,-0.047287,-0.450831,-0.133555,-0.251435,-0.073423,0.224615,-0.101846,0.135596,0.010699,0.155825,-0.073932,0.19988,-0.280826,-0.204577,-0.01507,0.397162,0.102728,-0.147499,-0.211031,0.087712,-0.028,-0.122513,0.154897,0.044015,0.030717,-0.350605,-0.127799,0.282582,-0.178989,-0.140788,-0.114023,-0.242038,0.244174,0.070098,0.027115,-0.170569,-0.327208,-0.352621,-0.103913,0.15866,-0.230937,-0.087811,-0.009221,0.488459,-0.117862,-0.134287,0.271918,-0.175523,0.208112,0.157415,0.228814,-0.048204,0.155282,-0.02812,0.105148,0.100814,-0.51517,0.165946,0.105269,-0.151273,-0.469639,0.216511,-0.029419,-0.135174,-0.093623,0.212371,-0.521744,-0.104612,-0.053685,0.356776,0.026897,0.238536,-0.212863,-0.102442,-0.426081,-0.014356,0.051976,-0.265843,0.259167,-0.024827,-0.423175,-0.273756,-0.05264,-0.478528,0.329618,-0.347016,0.284643,-0.008968,0.166195,-0.292196,-0.510089,-0.169439,-0.274024,-0.005515,0.312769,-0.319234,0.277662,-0.200984,-0.155879,-0.406957,0.037757,-0.491304,-0.157044,-0.378811,-0.095244,-0.167455,0.234779,0.067948,-0.000819,-0.115962,0.02627,0.069708,0.25425,0.163791,-0.169033,-0.052702,0.22947,-0.099651,0.234136,-0.063634,-0.096507,0.020659,-0.069877,-0.077503,-0.023952,-0.108715,-0.246781,0.352315,-0.022832,-0.041442,0.096692,-0.177292,#
6,0.569909,-0.066239,0.174469,-0.210821,0.093336,0.03109,1.0,-0.289743,0.373953,0.104078,0.289901,0.201424,0.289098,0.19131,-0.093409,0.154758,-0.00818,0.141509,0.212128,0.284975,-0.272636,-0.16612,0.032077,-0.006484,-0.032994,0.025948,-0.181463,0.035478,0.525006,-0.176677,-0.007616,0.098998,-0.139637,-0.055609,0.10677,-0.073784,0.449974,0.063488,0.321362,0.186269,0.183666,0.267324,-0.191203,-0.189076,-0.077615,-0.196292,-0.020116,0.059066,-0.088408,-0.140379,-0.155546,-0.404124,0.430116,-0.228477,0.329681,-0.23924,-0.184076,-0.161667,0.089785,-0.260952,0.51097,0.14627,-0.240581,0.067303,0.130235,0.284049,0.046903,0.052688,0.326228,-0.192644,-0.104598,0.145018,-0.07438,-0.428832,-0.239611,-0.118279,-0.474082,-0.381285,-0.239131,-0.126473,-0.448399,-0.02039,0.152409,-0.284031,-0.215027,-0.141292,-0.192114,-0.226001,-0.339848,-0.452992,-0.504441,-0.157345,-0.467877,-0.13984,-0.46479,-0.354571,-0.023029,-0.317096,-0.466392,-0.090494,0.061396,-0.102211,-0.294384,-0.13984,-0.308547,-0.340987,-0.103785,-0.175351,-0.040953,-0.27944,0.163343,-0.057215,-0.291857,-0.283891,-0.068032,-0.365824,-0.006178,0.175624,0.224202,-0.421151,-0.331419,-0.067517,-0.242775,0.077293,-0.297935,-0.03155,0.114391,0.263451,-0.274246,-0.284046,-0.210826,-0.271546,-0.087982,0.184181,0.055115,-0.42061,-0.046521,-0.166467,0.17108,-0.281149,-0.230905,-0.09639,-0.085979,-0.419891,-0.285712,-0.208074,-0.03144,0.583658,-0.400779,-0.491149,-0.054316,-0.464314,-0.415547,-0.172015,-0.007018,-0.024555,0.262737,0.320453,-0.319104,-0.36399,-0.019887,-0.33789,0.30211,0.018826,-0.228647,0.126743,0.03576,0.101482,-0.368097,-0.268928,0.172518,-0.370233,-0.105114,-0.151009,0.077138,-0.261141,-0.009574,0.537203,0.202515,-0.431196,0.269109,0.023134,-0.363953,0.268835,-0.075318,-0.383978,0.191197,0.163282,-0.013318,0.245277,-0.463229,0.156871,0.153534,0.291555,0.169979,-0.340736,-0.17883,-0.03911,0.198576,0.018641,#
7,-0.34329,0.002337,-0.199592,0.338688,-0.066741,0.238926,-0.289743,1.0,-0.457561,0.081582,-0.236469,-0.27783,0.198321,-0.211745,0.254565,-0.030822,0.214704,-0.020791,-0.009467,-0.402894,0.316821,0.1385,0.039315,0.176827,-0.120994,0.176749,-0.243919,-0.304573,-0.228675,0.140191,-0.12863,0.013,0.160662,0.264227,-0.205228,-0.158554,-0.215407,-0.24051,-0.142857,0.085368,0.074683,-0.14816,-0.097642,-0.173792,0.119254,0.098167,0.303942,-0.150235,0.114568,-0.149164,-0.156576,-0.222539,0.121944,-0.247637,-0.097751,-0.086814,0.584375,-0.107143,-0.118437,0.42282,-0.254269,-0.349695,-0.18368,0.132013,-0.089358,-0.143848,0.195444,-0.104047,-0.200698,-0.180657,0.160819,-0.186114,-0.52946,0.300337,0.056399,-0.15707,0.097919,0.234537,-0.114226,0.196209,-0.118452,-0.373759,-0.105542,0.025001,0.241392,-0.17335,0.404302,0.185291,0.349248,0.347673,0.279768,0.039026,0.161893,-0.076768,0.069969,0.316774,-0.158994,0.211937,0.235723,-0.077119,-0.239038,0.199696,0.171348,0.167294,-0.09582,0.267781,-0.178117,0.001498,-0.054402,0.221045,0.249086,0.124451,0.231088,0.311681,0.040356,0.195724,0.236663,-0.210578,-0.002025,0.065219,0.302954,-0.166489,0.142731,0.19819,-0.123107,-0.136348,-0.079405,-0.147634,-0.030597,0.012877,-0.206995,0.274797,0.130969,-0.234992,-0.047608,0.319715,0.167769,0.156539,-0.083571,-0.129272,-0.218177,-0.192715,-0.317086,0.299078,-0.192159,-0.214743,0.103041,0.051141,0.15338,0.152872,-0.094193,-0.121128,0.138085,-0.042226,-0.097281,-0.312403,0.037052,0.100564,0.014167,0.237654,-0.207628,0.301812,0.187449,4.6e-05,0.19848,-0.340448,-0.50117,-0.213512,0.181227,0.182524,-0.125978,0.01575,-0.259231,-0.206721,0.183531,-0.127983,-0.097008,-0.090641,-0.102721,0.137028,-0.014838,0.059273,0.188958,-0.056989,0.008729,-0.18983,-0.052659,-0.148953,-0.216314,0.210982,-0.035274,-0.186869,-0.313631,-0.01645,0.042703,-0.136062,-0.090703,-0.178782,-0.234811,0.098421,#
8,0.090578,0.045097,0.173478,-0.341912,0.027121,0.053473,0.373953,-0.457561,1.0,0.21632,0.039446,0.308834,-0.304159,0.125801,-0.022563,-0.124639,-0.388443,0.048736,0.067684,0.359281,0.060943,-0.11445,0.093954,-0.193739,0.110186,0.204766,-0.002224,0.066574,0.250218,-0.273366,-0.312543,0.132867,0.079618,-0.059264,-0.171069,-0.247443,0.307184,0.135408,0.237692,-0.164656,0.084192,0.168058,-0.251573,-0.094425,0.038723,-0.239857,-0.282484,0.243198,0.161189,0.082957,-0.116608,-0.128367,0.324428,0.346551,0.228379,0.094629,-0.397905,-0.046582,-0.173677,-0.070168,0.138841,0.14949,0.14921,-0.004563,0.292914,0.267709,-0.183929,0.225726,0.329675,0.074358,-0.219236,0.258109,0.315214,-0.202758,-0.320456,0.017381,0.088561,-0.185236,0.048095,0.059434,-0.107546,0.070832,0.26649,0.015382,-0.017483,0.260917,-0.630396,-0.310318,-0.028046,-0.599144,-0.067155,-0.238704,-0.415906,0.055313,-0.134844,-0.184122,-0.14244,-0.268761,-0.252971,-0.083214,-0.018531,0.159523,-0.052724,-0.125229,0.212056,-0.435922,0.251372,-0.090616,-0.106694,-0.087472,0.144751,-0.146017,-0.1692,-0.221109,0.188441,-0.20119,-0.102423,-0.021284,-0.305245,-0.147921,-0.070575,0.092843,0.210257,-0.157663,-0.265679,0.060614,0.35195,-0.239492,-0.183926,0.027328,0.374682,-0.310799,-0.328697,-0.167422,-0.066282,-0.139119,-0.113943,0.255666,0.285593,0.081813,-0.021914,0.127764,-0.018919,-0.367668,0.077584,-0.316187,-0.237867,0.066777,-0.130926,-0.133426,0.314317,-0.153309,-0.297753,-0.151074,0.219413,0.200524,0.309112,0.264815,-0.249647,-0.322574,0.045896,-0.258902,-0.047599,-0.070948,-0.317461,0.021768,0.225123,-0.054855,-0.186851,-0.136509,-0.128036,-0.107899,-0.008016,0.02963,0.108373,-0.025761,0.366606,0.149652,0.344135,-0.210907,0.178435,0.021829,-0.395849,0.177699,-0.185089,-0.101477,0.154406,-0.159973,-0.257326,-0.052194,0.06613,0.228423,0.085819,0.163863,0.071147,-0.078385,-0.106444,-0.25257,0.153167,-0.135466,#
9,-0.321296,0.273617,0.314403,-0.230374,0.01554,0.10962,0.104078,0.081582,0.21632,1.0,-0.182695,-0.191329,0.184505,0.341778,-0.272696,-0.043172,-0.353803,0.427828,0.027198,0.120947,-0.19134,0.03347,0.323156,-0.111544,-0.096432,0.108318,-0.29729,-0.327524,0.391301,0.367631,-0.288569,0.050915,0.073808,-0.086606,-0.135318,0.239246,0.242032,-0.145725,-0.163679,-0.288516,0.221808,-0.162145,0.183077,-0.31622,0.000467,-0.356764,-0.180164,0.1696,0.371653,0.016724,-0.046141,-0.391828,0.384215,-0.063083,0.10393,-0.130121,-0.145622,-0.395211,0.100791,0.346683,0.298039,-0.263817,-0.406167,0.077959,0.198527,0.339079,-0.081227,0.225718,0.115661,-0.009062,0.018897,0.217771,-0.38054,-0.272572,-0.034843,-0.034074,0.129347,-0.198549,0.036509,0.101278,-0.052085,-0.190595,-0.204633,0.384089,-0.419625,0.129439,-0.179106,-0.277065,-0.362003,-0.21235,-0.013071,0.027248,-0.567742,0.036884,-0.321044,-0.007466,-0.656839,-0.004906,0.186471,-0.383636,-0.438381,-0.254818,-0.169877,-0.044464,0.051226,-0.387266,0.15771,-0.51843,0.237369,-0.194482,0.561936,0.233607,-0.279117,-0.32542,-0.058766,-0.486657,-0.288318,0.084185,0.066367,-0.328491,-0.330034,-0.129551,-0.163077,-0.332553,-0.390922,0.337675,0.527608,-0.208787,-0.215378,-0.433234,0.288481,-0.08086,-0.53113,-0.143696,-0.350339,-0.435574,0.28471,0.48209,0.003233,-0.231278,-0.102032,-0.379135,-0.217328,-0.316062,-0.250897,-0.414575,-0.416798,0.279238,-0.207268,-0.217258,-0.316207,-0.17901,0.002204,-0.569147,0.16743,-0.386985,0.703589,0.406478,-0.340681,-0.55159,-0.102429,-0.154005,0.01367,0.114302,0.110919,0.33535,-0.041854,-0.502665,0.171336,-0.194743,-0.184099,0.089864,-0.169181,-0.206529,0.371507,-0.488152,0.101973,-0.172926,0.474119,-0.241931,0.642172,0.263442,-0.345566,-0.202894,0.13547,-0.341836,0.110666,-0.154649,-0.604568,0.194128,-0.076913,-0.108622,0.020543,0.314696,-0.289471,0.024802,0.382487,0.114904,0.031041,0.309417,#
10,0.711896,-0.134598,-0.187279,0.058283,0.295885,-0.000215,0.289901,-0.236469,0.039446,-0.182695,1.0,0.285986,-0.02115,-0.001654,0.073523,-0.160272,0.177942,-0.262267,0.097967,0.256673,0.129446,-0.228543,0.015519,-0.206126,-0.148568,0.329085,0.015011,0.152731,0.163647,-0.258102,-0.142492,0.180197,0.355786,-0.091869,0.126119,-0.107857,-0.351145,0.003114,-0.130827,0.232793,-0.311061,-0.094973,0.001284,0.142111,0.245009,0.238159,-0.015845,0.238693,-0.205634,-0.06778,0.133288,0.092713,0.137068,-0.029593,0.046733,0.163785,-0.176259,0.529889,0.081231,0.005883,0.026125,-0.040698,0.068131,-0.062677,-0.47935,-0.057439,0.163377,0.423708,-0.113261,-0.16088,0.288703,-0.139031,0.25163,-0.08701,-0.220555,-0.123276,-0.365775,-0.159241,-0.249938,-0.035516,-0.085225,0.154811,0.005177,-0.086206,-0.105034,0.132506,-0.015687,0.086367,0.041336,-0.188902,-0.322706,0.193102,0.160416,0.094312,-0.089217,-0.117437,0.33944,-0.614234,-0.192226,0.254679,0.277622,-0.26855,0.147567,-0.432526,-0.054912,-0.154056,-0.035075,0.181663,-0.0028,0.246237,-0.434298,0.074266,-0.27398,0.08596,0.081444,0.167367,-0.175773,0.021021,0.090043,-0.207772,-0.144117,0.275154,-0.106925,0.364167,-0.003811,0.070802,-0.279851,0.294899,-0.251659,-0.234027,-0.169421,-0.389646,0.068298,-0.106452,0.126826,-0.052694,0.064408,-0.205979,0.155259,0.093986,0.029092,0.36728,0.433671,0.12656,-0.241923,-0.157075,0.037673,-0.016227,-0.259602,-0.162061,0.354268,-0.333455,-0.062978,0.163494,-0.024016,0.160858,-0.259828,-0.093896,-0.242913,0.184229,-0.012113,0.021212,0.085618,-0.311795,0.015852,-0.101251,0.160289,-0.273568,-0.044205,0.055757,0.319491,-0.201877,0.236947,0.132891,-0.084435,0.228858,-0.050079,-0.073733,-0.04663,-0.2163,-0.087524,0.117676,0.001656,-0.111074,0.076123,-0.130585,0.135123,0.279567,0.345954,0.36798,-0.163345,0.269088,0.159482,-0.108118,-0.053208,-0.262224,-0.264812,-0.160655,-0.245562,-0.551324,#
11,0.284507,0.119976,-0.317361,0.151607,0.0544,-0.087569,0.201424,-0.27783,0.308834,-0.191329,0.285986,1.0,0.003194,-0.085784,0.135595,-0.217773,-0.05256,-0.195509,0.017136,0.037651,0.22294,-0.04774,0.238275,0.103753,-0.069668,-0.259324,0.054727,0.043776,0.059787,-0.097648,-0.094179,-0.037642,0.420598,0.03704,0.34123,-0.344847,0.116664,-0.468532,0.229307,0.216054,-0.061086,0.205237,-0.298954,-0.129996,0.010051,0.478067,-0.089255,0.402103,0.120669,-0.041904,-0.452484,0.31996,0.02398,0.309758,0.328459,-0.025465,-0.299878,0.097738,-0.368816,-0.04342,-0.279272,-0.10392,0.094959,0.158137,0.020344,0.051277,-0.289185,0.473586,0.262361,0.098057,-0.161544,-0.014586,0.214229,0.128553,-0.02315,-0.126736,-0.099975,-0.078604,-0.181466,-0.116242,-0.178732,-0.052974,0.270477,-0.205567,-0.017558,-0.263876,-0.274085,-0.184354,0.296062,-0.269026,-0.20513,-0.186078,0.072332,-0.218098,0.147063,-0.025457,0.334139,-0.201085,-0.171685,0.210113,0.339463,0.060612,0.053133,0.176547,-0.022141,-0.04597,-0.109438,0.1228,-0.053478,-0.157,-0.02974,-0.148577,0.141069,0.022516,-0.013716,-0.078301,0.153207,0.065735,0.088913,0.15172,-0.028348,0.013927,-0.176681,0.294642,0.0032,0.115853,-0.030457,-0.286576,-0.229247,0.214463,0.069935,-0.117406,-0.343677,0.319346,-0.184857,0.380042,-0.418498,-0.226577,0.408242,-0.171866,0.131571,0.125183,0.203423,-0.083855,0.325065,-0.307364,0.014645,-0.072141,-0.191706,-0.19529,0.248566,-0.112151,-0.091378,0.114584,0.314954,0.277639,0.035983,0.00792,-0.000925,-0.048868,-0.076818,0.127586,-0.135101,-0.018452,-0.394051,-0.193332,0.327131,0.170134,0.113293,-0.198459,0.385225,-0.05688,-0.036643,0.182978,0.19857,0.133082,0.265465,0.189769,0.190463,0.278163,-0.188085,0.189495,-0.066716,-0.198096,0.135478,0.128825,0.053924,-0.092106,0.262731,0.325977,-0.295362,0.460727,0.040823,0.109566,-0.147004,0.152311,-0.194285,-0.13219,0.008123,-0.255098,#
12,0.217125,0.375963,0.238102,-0.169058,-0.08163,0.073691,0.289098,0.198321,-0.304159,0.184505,-0.02115,0.003194,1.0,0.437505,0.100709,0.228911,-0.072742,0.488383,0.225311,0.002003,-0.011882,-0.042097,0.37599,0.110532,-0.071222,-0.254576,0.088603,-0.036302,0.397527,0.248808,0.125107,0.08646,-0.205034,0.17554,-0.000218,0.070848,0.023768,-0.055586,-0.076614,0.120223,0.005059,0.276524,0.071988,-0.213406,-0.353405,-0.3124,0.38934,0.286882,0.177137,0.114444,0.068976,-0.24422,0.263974,-0.254571,-0.156498,-0.163158,0.248231,-0.383636,0.01612,0.171812,0.470906,-0.316737,-0.35652,0.205359,0.286328,0.092309,-0.179962,-0.012442,0.17156,0.021368,-0.158198,-0.149999,-0.542783,-0.125705,-0.096011,0.071373,-0.481187,-0.120879,-0.268398,-0.005096,-0.165276,-0.542147,-0.35272,0.004997,-0.147312,-0.090288,0.155471,-0.070512,-0.054259,-0.032968,-0.379563,0.055627,-0.302307,-0.317414,-0.377117,-0.081493,-0.27484,-0.110716,0.138327,-0.330406,-0.167989,-0.401589,-0.101163,0.086195,-0.1617,0.026233,-0.186808,-0.152148,-0.07298,-0.137185,0.318991,-0.119784,-0.206803,-0.121335,0.147325,-0.416944,-0.069933,-0.033858,0.329895,-0.322304,0.047019,-0.238685,-0.239208,-0.261128,-0.367823,-0.006745,0.211945,0.267718,-0.160186,-0.316462,-0.136684,-0.143416,-0.249753,0.23981,-0.065921,-0.103939,-0.015568,-0.067488,0.138859,-0.381522,-0.515691,-0.064885,0.004898,-0.316254,-0.199679,-0.030768,-0.17475,0.616075,-0.286568,-0.023971,-0.340359,-0.068439,0.206642,-0.070404,-0.16556,-0.158864,0.248113,0.163348,-0.093153,-0.079198,0.085318,0.032702,0.132719,0.148211,0.239942,0.222439,0.06671,0.242499,-0.201774,-0.258634,-0.109487,-0.094732,-0.569576,-0.090164,-0.028445,-0.281792,-0.283726,0.275845,-0.030198,-0.252763,0.309074,-0.039428,0.279807,0.024894,0.485439,-0.170697,0.249572,0.228508,-0.063199,0.29245,-0.270342,-0.245595,-0.050804,0.319968,-0.020598,0.036273,0.116672,0.047878,0.200079,0.342868,#
13,0.111139,0.317422,0.093305,-0.3928,-0.030601,-0.137,0.19131,-0.211745,0.125801,0.341778,-0.001654,-0.085784,0.437505,1.0,0.062099,0.097176,-0.430179,0.115937,0.567463,0.486695,0.027789,0.255301,0.489978,-0.263495,-0.138886,-0.085751,0.279293,0.191654,0.495825,-0.030176,0.26866,0.215845,-0.208114,-0.015303,-0.287077,-0.14965,-0.048465,0.086576,-0.156534,-0.270504,-0.018947,0.24,0.281445,-0.192816,-0.399119,-0.473457,-0.075564,0.390351,-0.212234,0.010293,0.210476,-0.15088,0.084714,-0.144175,-0.197728,-0.002425,-0.237992,-0.217176,0.014875,0.072931,0.474644,-0.144694,-0.195432,0.135411,0.342067,-0.024087,-0.228754,0.002851,-0.029025,0.250365,-0.147275,0.331407,0.000351,-0.604146,-0.25116,0.252753,-0.020436,0.087582,-0.07863,0.202586,0.180109,-0.176168,-0.314545,0.013151,-0.239429,0.329198,-0.213795,-0.246007,-0.308643,-0.09114,-0.481344,0.139375,-0.312871,-0.25005,-0.196146,-0.315693,-0.322411,-0.009465,0.205727,-0.162583,-0.326848,-0.214009,-0.139071,-0.385709,0.063528,-0.130226,0.079599,-0.298824,-0.022807,-0.168938,0.359653,0.017859,-0.486974,-0.19189,0.401106,-0.44593,-0.257275,-0.197717,0.223831,-0.337815,-0.097136,0.108251,0.05527,-0.390134,-0.284322,0.236587,0.258223,0.234048,-0.046161,-0.39917,0.241723,-0.399934,-0.289759,-0.135622,0.152355,-0.219378,0.101135,0.060192,0.265408,-0.364076,-0.081581,0.06493,-0.005409,-0.207166,-0.327462,0.089086,-0.390778,0.408746,-0.270846,0.093595,-0.286844,0.051672,0.282417,-0.28302,-0.22104,-0.109146,0.490394,0.176071,-0.192901,-0.257151,0.328972,-0.285325,0.258834,-0.153758,0.121907,0.771068,0.380157,0.250371,-0.250944,-0.116525,-0.284993,-0.022874,-0.356995,-0.032952,-0.201694,-0.585453,-0.079857,0.140397,0.378727,-0.264193,0.248415,-0.397555,0.189485,0.27778,-0.066995,-0.366886,-0.156356,0.257096,-0.231731,0.00415,0.030148,-0.090953,-0.053109,0.281056,0.241668,-0.214564,0.030976,-0.057316,0.033761,0.291768,#
14,0.182274,-0.310875,-0.344935,0.195094,-0.178652,0.242076,-0.093409,0.254565,-0.022563,-0.272696,0.073523,0.135595,0.100709,0.062099,1.0,-0.089003,-0.051263,-0.032222,-0.014571,0.040208,0.334814,0.013099,0.225284,0.308005,0.05305,0.140113,0.25359,-0.019031,-0.27527,0.002587,-0.095887,-0.093671,0.23869,0.029864,-0.257504,-0.326598,-0.112641,0.072079,0.053223,-0.249352,-0.292313,0.176362,-0.171833,0.063738,0.268435,-0.006675,0.332331,0.067911,0.088343,-0.078647,-0.066754,0.212294,0.161438,-0.338063,-0.229399,0.339807,0.047189,0.079234,-0.414088,0.007693,0.046208,0.30965,0.026966,-0.057287,-0.272546,-0.316121,0.002734,-0.328993,-0.172506,-0.330057,-0.208119,-0.022273,0.084262,0.165728,-0.195229,-0.055544,-0.203962,0.413074,-0.475222,0.477106,0.007295,-0.240201,-0.240201,-0.041458,0.04526,-0.186105,0.237927,0.003376,0.270273,0.137154,-0.230609,-0.132408,0.095877,-0.455697,-0.00863,0.087947,-0.10433,-0.083191,-0.258657,-0.081201,-0.039275,0.215589,-0.186573,-0.270178,-0.202576,0.286428,-0.335358,-0.030381,0.211551,0.283611,-0.107705,0.231682,-0.028875,0.184381,0.361845,0.21896,0.176146,-0.289977,-0.149941,-0.334356,0.150606,-0.28754,0.214104,0.20085,-0.274816,-0.2031,0.041146,0.170037,-0.382218,0.027761,-0.11474,0.014086,-0.313884,-0.160511,-0.04269,0.200867,-0.298762,-0.022233,0.085416,-0.195787,-0.117155,0.354675,-0.281388,0.198834,-0.191186,-0.180683,0.248906,0.217536,-0.150596,0.368506,0.054408,-0.173561,0.077157,0.175726,0.03618,0.114569,0.166555,0.064459,-0.235572,0.345684,-0.151904,-0.038846,0.03426,-0.268344,0.34838,-0.154131,-0.171613,0.17367,-5.5e-05,-0.073536,-0.416053,-0.068732,-0.124883,0.094589,0.161562,-0.324458,0.146915,-0.173746,0.105324,0.149631,-0.365423,0.074697,0.402782,-0.122824,0.124342,-0.229263,0.090088,-0.005492,-0.02444,0.159289,0.036926,0.089921,0.023512,0.095706,-0.004011,0.160653,-0.114717,-0.18975,-0.255814,-0.224832,#
15,0.040381,0.02883,0.120976,-0.280646,-0.106021,-0.015001,0.154758,-0.030822,-0.124639,-0.043172,-0.160272,-0.217773,0.228911,0.097176,-0.089003,1.0,0.437084,0.115314,-0.164801,0.056438,-0.3778,0.27776,0.058007,0.045484,-0.004468,0.273225,-0.229844,0.148594,0.073992,0.026372,0.065958,0.137972,-0.147133,0.229037,0.104409,0.159309,-0.00098,0.320928,-0.000783,-0.152886,-0.047374,0.122559,0.311002,0.404343,-0.243914,-0.184493,0.372499,-0.297181,-0.212012,0.226682,0.498834,-0.458473,-0.252786,-0.231813,0.186925,-0.215868,0.11884,-0.309751,0.165258,-0.011179,0.054908,0.24465,0.071408,0.213799,0.023259,-0.373943,0.042546,-0.25727,-0.350598,-0.196121,0.116451,0.383551,0.173804,-0.101037,-0.069119,0.248179,-0.155721,-0.283709,0.2789,-0.04452,-0.007283,-0.029008,-0.215491,0.165099,0.072553,-0.142491,0.187161,-0.427061,-0.326586,0.264034,-0.049366,-0.124564,-0.193669,0.015319,-0.53946,-0.170602,0.09141,-0.182601,0.04336,-0.016548,-0.036766,0.198818,-0.333176,0.406595,-0.084032,-0.062411,0.292557,-0.207312,0.155689,-0.41977,0.01036,-0.059319,0.128664,0.047229,-0.391134,-0.177816,0.255369,-0.319967,-0.017812,-0.089837,-0.028916,0.152708,-0.062632,-0.000241,0.031722,-0.23151,-0.103754,0.231106,0.103891,-0.107583,-0.24164,-0.124381,0.113346,0.43559,0.229235,-0.269268,-0.100438,-0.466507,-0.038366,-0.02089,0.071036,-0.093032,-0.138536,-0.485608,-0.193993,0.200609,0.079223,0.202245,-0.265178,-0.114158,-0.107303,-0.049588,-0.000907,0.057405,-0.119057,0.480483,0.083058,0.073803,0.22007,0.077308,0.067693,-0.198732,0.39344,-0.143485,0.254314,0.063571,0.066762,0.308064,-0.374373,-0.095933,0.149913,0.265085,0.082393,0.012372,-0.188364,0.087272,-0.13026,0.408701,-0.238593,-0.166546,0.097266,-0.061859,0.245228,0.224718,-0.261158,0.254438,0.132149,-0.029183,0.042489,-0.17882,-0.037575,-0.11772,0.022689,0.126712,0.136346,0.187983,0.315411,0.253983,0.472326,0.291639,#
16,0.068211,-0.042419,-0.187422,0.256858,0.218803,-0.012529,-0.00818,0.214704,-0.388443,-0.353803,0.177942,-0.05256,-0.072742,-0.430179,-0.051263,0.437084,1.0,-0.087617,-0.245852,-0.0211,-0.215383,-0.029289,-0.268936,0.379063,0.103621,0.381178,-0.19339,0.124224,-0.071241,-0.098133,-0.098345,-0.241048,0.101773,0.158684,0.236874,0.050788,-0.301948,0.052059,0.35368,0.348847,-0.056109,-0.268829,-0.010445,0.269106,0.057917,0.360737,0.040172,-0.551751,-0.268069,0.1343,0.176301,-0.175378,-0.327712,-0.058302,0.190476,-0.014955,0.4026,0.097533,0.046331,-0.084053,-0.441747,0.192933,0.060844,-0.173689,-0.349845,-0.485456,0.362057,-0.171621,-0.491189,-0.380747,0.160364,0.02979,0.065352,0.325823,-0.041331,-0.046585,0.032703,-0.211204,0.145588,-0.047556,-0.320183,0.098834,0.106033,0.055536,0.097297,-0.138859,0.471717,-0.042712,-0.003254,0.289784,-0.095594,0.04876,0.198781,-0.060176,0.081733,0.157999,0.386543,-0.284483,-0.033786,0.091148,0.031161,0.330075,0.036603,0.355774,-0.107631,-0.093178,0.128734,0.109595,0.154842,-0.131019,-0.364876,0.042128,0.424919,0.386823,-0.564102,0.12759,0.204418,-0.091356,0.010514,0.197969,-0.090797,0.242066,-0.392662,0.397818,0.189148,-0.318122,-0.647233,0.163805,-0.071104,0.027136,-0.370172,0.020106,0.353425,0.231998,0.161938,0.048396,0.218766,-0.388018,-0.332078,0.060149,0.080705,-0.048339,0.173671,0.132797,0.056893,0.041227,0.135567,-0.100355,0.142155,-0.271789,0.181659,0.104828,0.06239,0.0209,-0.145426,0.081561,-0.301707,-0.074369,0.154466,0.208882,-0.323048,0.119627,0.28829,-0.167931,-0.052367,-0.481109,-0.072952,0.024271,-0.084063,0.218816,0.36798,0.044496,0.437513,0.141862,-0.070662,0.321815,-0.023199,0.388182,-0.431717,-0.051441,-0.233946,0.109315,0.152409,0.055479,-0.235626,0.079427,0.13303,0.116348,0.243208,0.134369,-0.130503,-0.037101,-0.104645,-0.082107,0.080553,0.172562,0.134541,-0.033625,0.268757,-0.177972,#
17,-0.301192,0.151358,0.595993,-0.188283,-0.153466,0.086816,0.141509,-0.020791,0.048736,0.427828,-0.262267,-0.195509,0.488383,0.115937,-0.032222,0.115314,-0.087617,1.0,-0.312445,0.062091,-0.18089,-0.274444,0.253948,0.064338,0.18214,-0.017463,0.088423,-0.246606,0.119432,0.155177,-0.094353,-0.199375,-0.111656,0.236346,-0.096243,0.189585,0.143255,0.257142,0.066314,-0.247062,-0.059412,-0.237507,0.00263,0.061,0.03724,-0.338264,-0.134938,-0.081485,0.601347,0.065926,0.068096,-0.264935,0.373136,0.066698,0.068037,0.140551,0.177812,-0.490829,-0.064087,0.089367,0.43141,-0.048757,-0.185121,-0.138764,0.15187,0.285198,0.215166,-0.046707,0.205578,0.017123,-0.308583,-0.027112,-0.47544,0.115335,-0.041429,-0.321699,-0.073325,-0.156208,-0.011946,0.283037,-0.033688,-0.036445,-0.057259,0.504498,-0.242815,0.130405,0.015498,-0.062927,-0.255618,-0.103741,0.116392,0.073373,-0.456693,-0.034733,-0.226469,0.188266,-0.495137,0.07553,-0.08094,-0.321087,-0.559257,-0.311388,-0.061377,0.297647,0.100885,-0.270949,0.181659,-0.206769,0.383867,0.021507,0.270518,-0.143266,0.0871,0.002153,0.041905,-0.224045,-0.223031,0.044011,-0.003958,-0.045362,-0.027564,-0.101418,-0.292662,-0.443808,-0.352769,0.01433,0.389334,0.10906,-0.12025,-0.169201,0.424747,0.120727,-0.330426,0.021921,-0.062357,-0.335416,0.362925,0.163835,-0.319668,-0.048965,-0.314814,-0.144415,-0.136479,-0.318206,0.086299,-0.058171,-0.043408,0.395659,-0.023955,-0.115983,-0.16835,-0.041263,0.020277,-0.212854,0.010873,-0.03281,0.3056,0.072348,-0.114058,-0.090505,-0.024246,0.04773,-0.105126,0.323792,0.23897,0.038299,0.035112,-0.012009,0.118866,-0.099938,-0.244551,-0.013982,-0.133891,-0.104096,-0.016957,-0.188441,-0.038245,0.007989,-0.028873,-0.131725,0.216508,0.239005,-0.09538,-0.112607,0.312811,-0.044462,0.416258,0.224131,-0.435071,-0.030473,0.191521,-0.32251,-0.293393,0.109218,-0.37317,0.109015,0.50582,0.172466,0.121727,0.359622,#
18,0.273972,0.135824,-0.113804,-0.038899,-0.123174,0.081228,0.212128,-0.009467,0.067684,0.027198,0.097967,0.017136,0.225311,0.567463,-0.014571,-0.164801,-0.245852,-0.312445,1.0,0.138654,0.057311,0.141711,0.277806,-0.086538,0.025284,-0.02998,0.027278,0.324669,0.54364,-0.088377,0.403575,0.224155,-0.254651,0.016254,-0.202465,-0.175536,-0.180267,-0.00143,-0.213393,0.152771,0.12038,0.15952,0.083493,-0.407162,-0.183882,-0.188697,-0.063265,0.214623,-0.334265,-0.017182,0.064175,0.10306,0.212386,-0.08433,-0.278201,0.041667,-0.104206,0.018262,0.130446,0.001019,0.285118,-0.093121,-0.052075,-0.031097,0.061052,0.017228,-0.47595,0.019487,-0.044963,0.316153,-0.222806,0.196149,-0.005286,-0.528361,-0.33723,0.114706,0.020782,-0.119491,-0.361696,0.040679,0.15291,-0.253823,0.081854,-0.371786,-0.027303,0.196606,-0.103603,-0.060245,-0.188113,-0.267324,-0.363332,-0.038536,0.01152,-0.406622,0.098858,-0.338164,-0.206898,-0.011973,-0.018444,-0.001213,0.156077,-0.130182,0.048261,-0.366561,-0.041463,-0.066889,-0.281697,-0.091382,-0.375301,-0.15672,-0.014536,0.213016,-0.404637,-0.071771,0.462792,-0.252482,-0.04334,0.006554,0.402822,-0.218493,0.177367,0.214928,0.134207,0.07978,-0.236448,0.238647,-0.037028,0.154998,0.044717,-0.131514,-0.146707,-0.263696,0.129306,-0.159644,-0.01703,0.053207,-0.190406,0.104738,0.3196,-0.252419,-0.247876,0.112902,0.176821,-0.177661,-0.070521,0.144905,-0.280888,0.19067,-0.371889,0.014454,-0.111231,-0.158209,0.364829,-0.2298,-0.058095,-0.224654,0.088709,0.057157,-0.226985,-0.209519,0.281929,-0.078219,0.245528,-0.321075,-0.147836,0.464042,0.305952,0.172098,-0.304166,-0.177106,-0.134983,-0.148088,-0.232473,0.176328,-0.113859,-0.1952,-0.259165,0.366889,0.222971,-0.241915,0.14743,-0.576972,-0.018893,0.300083,-0.203306,-0.262132,0.010015,0.08373,0.088472,-0.090227,-0.319841,-0.005324,-0.129438,0.192798,0.50049,-0.310596,-0.329866,-0.296507,-0.123893,-0.046342,#
19,0.16916,-0.001851,0.05941,-0.19727,-0.009714,-0.100897,0.284975,-0.402894,0.359281,0.120947,0.256673,0.037651,0.002003,0.486695,0.040208,0.056438,-0.0211,0.062091,0.138654,1.0,0.042046,-0.034165,0.155607,-0.058122,-0.23939,0.149511,0.450596,0.196613,0.509365,-0.152311,-0.013407,0.33691,0.004264,0.041613,-0.057604,-0.006624,0.024438,0.328617,0.148543,-0.139564,0.029138,0.173079,0.023325,0.012199,-0.015374,-0.359248,-0.134508,0.264753,-0.340158,-0.019761,0.077956,-0.094899,-0.036964,0.032366,-0.020776,0.016309,-0.139623,0.130106,-0.094071,-0.128543,0.255881,-0.040853,0.109867,0.228986,0.095611,-0.251695,0.119854,0.202531,0.061485,0.07533,0.167336,0.306447,0.425787,-0.468694,-0.453301,0.01907,0.249154,0.234318,0.072192,0.192793,0.087435,0.214298,-0.147521,0.120342,-0.185737,0.60953,-0.021618,-0.33371,-0.070238,-0.147977,-0.512495,0.308289,-0.282427,-0.185705,0.091233,-0.064679,0.027127,-0.412422,-0.196792,0.01401,-0.26022,0.282345,-0.065008,-0.357147,0.23336,-0.359978,0.413457,0.032771,0.261735,-0.031236,-0.047712,-0.022626,-0.075357,0.005229,0.199327,-0.341695,-0.020635,-0.014671,0.048411,-0.296965,-0.139772,0.16545,0.195457,-0.264685,0.018762,0.126164,0.146469,0.170927,0.066273,-0.022316,0.441086,-0.371255,-0.131758,-0.155989,0.22541,-0.198026,0.19314,0.318291,0.095539,0.087435,0.300021,0.390092,0.274852,0.138542,-0.082856,-0.060237,-0.201618,0.133092,-0.108608,-0.100769,0.066888,0.155087,0.238022,-0.253436,-0.10802,0.03979,0.161769,-0.076368,-0.004686,-0.232229,0.414693,-0.180553,0.265811,-0.378651,-0.218061,0.152668,0.532923,0.083955,-0.161219,-0.047878,-0.054948,0.058752,-0.059116,-0.198966,-0.077317,-0.300995,0.165033,0.158029,0.059391,-0.224231,0.049505,-0.105999,-0.098373,0.169219,-0.304157,-0.564546,0.135226,0.178757,-0.186782,-0.101512,0.353244,-0.04782,-0.165413,0.035499,0.364074,-0.052328,-0.111145,-0.327588,0.27271,-0.211393,#
20,-0.002737,-0.114064,-0.3344,0.266838,-0.126377,-0.105254,-0.272636,0.316821,0.060943,-0.19134,0.129446,0.22294,-0.011882,0.027789,0.334814,-0.3778,-0.215383,-0.18089,0.057311,0.042046,1.0,0.055848,0.212425,-0.049467,-0.357121,-0.060915,0.425289,0.165399,-0.273084,-0.273978,-0.09401,0.138714,0.550769,0.041563,-0.416883,-0.539361,-0.260844,-0.344424,-0.071984,0.215,0.055704,0.011133,-0.296845,-0.108566,0.022597,0.144317,0.147644,0.402908,-0.064009,-0.175425,-0.265449,0.320066,-0.020117,0.151934,0.050916,0.381166,0.054173,0.235344,-0.398934,0.282697,-0.278017,-0.265033,-0.062935,0.244724,0.201417,0.041627,-0.083993,0.212566,0.206924,0.312533,0.003701,-0.440961,0.018358,0.325488,-0.17619,-0.079484,0.051635,0.424907,-0.172293,0.206333,0.144516,-0.074159,-0.032877,-0.024352,0.298611,0.047029,0.065897,-0.019528,0.628407,0.049545,0.109257,0.203168,0.212769,0.169875,0.333003,0.295657,0.030555,-0.196223,0.000988,0.038941,-0.005864,0.209985,0.394099,0.010825,0.321062,0.286498,-0.106208,0.299561,-0.059344,0.199666,-0.029925,-0.181471,0.00387,0.222754,0.30073,0.126143,0.150981,-0.266256,-0.163517,0.159788,0.299561,-0.184366,0.310829,0.002597,0.271354,0.08994,0.124809,-0.380934,0.223076,0.217692,0.246283,0.041185,-0.024407,-0.454272,0.359949,0.702057,0.011993,0.283183,0.308413,0.144516,-0.033612,0.476192,0.048318,0.39189,0.00387,-0.094057,0.013703,-0.18,0.305965,0.228717,0.447837,0.114239,0.136898,0.31441,0.025024,-0.03781,-0.082544,-0.118294,0.007992,0.299747,0.163767,0.131587,-0.145402,-0.262607,-0.182831,-0.203286,0.126583,-0.040679,0.119353,0.02028,-0.103905,-0.066594,-0.417083,-0.001502,0.035189,-0.004137,0.142026,-0.274053,0.20304,0.258204,-0.204953,-0.136847,0.325239,0.131377,0.119819,-0.047105,-0.05723,0.08994,-0.206613,0.133154,0.285078,-0.187212,-0.11936,-0.059223,0.025892,-0.2732,-0.567269,-0.634332,-0.385313,-0.239241,#
