0,1.0,0.326548,-0.031843,-0.235793,0.246734,0.153987,0.207935,-0.220886,0.333154,0.127176,-0.31975,0.015563,0.009938,0.457903,0.459443,-0.101063,-0.125863,0.041891,-0.125068,-0.043186,-0.277818,-0.359416,-0.24379,-0.35287,0.37848,-0.405562,0.340274,-0.101611,0.058097,0.056556,-0.343665,0.126515,-0.12902,-0.178913,-0.184931,0.196288,0.160567,-0.182445,-0.228741,0.186576,-0.011488,-0.024933,-0.284404,-0.226949,0.267761,-0.426214,0.269688,0.151186,-0.138065,-0.048871,-0.156738,-0.230401,0.06944,0.186557,-0.243977,0.018769,-0.019181,-0.139472,-0.136398,0.294132,0.121247,0.630833,0.300661,-0.283178,-0.421973,-0.028201,0.0,0.306251,-0.000383,0.009326,0.11383,-0.061889,0.122733,0.098068,0.170283,0.109602,-0.326832,-0.436646,-0.042237,-0.023125,0.062816,-0.290984,0.06215,-0.391144,-0.220695,0.098998,-0.181394,-0.170268,-0.078898,-0.442012,-0.203074,-0.335029,0.005366,0.033544,-0.180284,-0.096681,-0.008543,0.018978,-0.160717,-0.103801,-0.412261,-0.362919,-0.216838,0.235395,-0.139063,-0.120854,0.139601,-0.183585,0.1076,-0.648211,0.34179,0.0,-0.160479,-0.165779,-0.012897,-0.467103,-0.10722,-0.274446,0.196906,-0.358107,0.014302,-0.159489,-0.232266,0.005126,0.244829,-0.062831,-0.171299,0.230032,-0.162261,-0.165779,-0.012376,-0.101108,-0.39442,-0.029394,0.283392,-0.231554,0.271886,-0.095483,0.251018,-0.096134,0.08592,-0.440372,0.082089,-0.413715,-0.264339,-0.304232,-0.203672,0.445619,-0.164634,0.242099,-0.361047,0.088208,0.511138,-0.27656,0.278364,0.109925,0.175183,0.232018,0.012427,-0.160479,-0.280912,-0.220838,0.153125,0.153125,-0.045142,0.339955,-0.192563,0.462146,0.021757,-0.513743,-0.043034,0.139181,-0.023967,-0.13659,-0.065616,-0.117959,0.097722,-0.052291,0.364388,-0.600663,0.16339,0.278936,-0.227728,0.028962,0.217371,-0.082278,0.322144,-0.087262,-0.111473,0.154359,-0.220695,-0.150817,0.297875,0.391627,0.056188,0.03724,-0.301131,-0.14932,0.128165,-0.029555,#
1,0.326548,1.0,-0.354866,-0.196692,0.217075,0.133336,0.050918,-0.261194,0.165498,0.180078,-0.168638,-0.181416,0.255572,0.327135,0.155162,-0.097976,-0.416665,0.159012,0.038286,0.15791,0.367071,0.277488,0.387817,0.144854,0.066337,-0.375782,0.600187,-0.050726,0.164253,0.253654,-0.353157,-0.120172,0.213069,-0.442725,-0.093303,-0.103288,0.319998,-0.680493,0.067172,0.05509,0.355914,0.537621,0.187814,-0.127043,0.167969,0.082306,0.092202,0.439099,0.061193,-0.255817,-0.252833,-0.595102,0.014207,-0.431058,-0.168735,0.041461,-0.040756,0.329908,-0.054685,0.397099,0.196824,-0.014466,0.119231,-0.104595,-0.049158,0.458228,0.0,0.442612,0.291441,0.119858,-0.332832,-0.164396,0.285494,-0.011165,-0.295888,0.177636,-0.17919,-0.242074,-0.168815,-0.210538,-0.384253,-0.75505,-0.198601,-0.381212,-0.047902,-0.346467,0.308653,-0.616646,-0.238609,-0.231883,-0.428003,-0.26758,-0.255524,0.082039,-0.330525,0.059288,-0.355513,-0.254936,-0.283675,-0.369658,0.180656,-0.10564,-0.208645,0.169089,0.21088,-0.226588,-0.223987,-0.510539,0.021135,-0.304197,0.35529,0.0,-0.26514,-0.253862,-0.127376,-0.369658,-0.070716,0.119225,-0.092645,-0.481237,-0.05575,-0.429318,-0.431187,-0.450039,0.026697,-0.368212,0.022576,0.281642,-0.239709,-0.442761,-0.272085,-0.386524,-0.459177,-0.232133,-0.213717,-0.497594,-0.180844,-0.17849,0.28921,-0.760459,-0.261253,-0.316318,-0.373646,-0.342108,0.060265,-0.351373,-0.380879,0.461975,-0.302392,0.157903,-0.441789,-0.391896,-0.086664,-0.327027,-0.066473,0.038131,-0.14996,0.534721,-0.188932,-0.607393,-0.114578,0.041392,-0.311949,0.179192,-0.332499,0.368608,-0.05922,0.07699,-0.260737,-0.257155,-0.042335,0.270043,-0.317978,-0.19506,0.281743,-0.587218,-0.261253,-0.252979,0.48737,-0.358223,0.651486,-0.031403,-0.333554,0.370034,0.350043,-0.379088,-0.036692,0.038417,-0.103169,0.514519,-0.3659,0.356451,0.421959,0.194632,-0.008341,-0.263503,-0.180733,-0.331735,0.066206,0.059806,#
2,-0.031843,-0.354866,1.0,0.046462,-0.003368,0.209818,0.159812,0.302893,0.452152,-0.238051,-0.090077,0.236591,-0.315141,0.109296,-0.286138,-0.192762,-0.13191,0.196141,0.059999,-0.088786,-0.335106,-0.309417,-0.152947,-0.126707,0.1953,-0.002185,-0.021431,0.111089,0.215188,-0.122246,0.053681,0.450522,-0.347206,0.137173,-0.077617,0.033917,0.044687,0.013309,0.195577,-0.335273,-0.043023,-0.035891,-0.030406,0.00784,-0.257395,-0.198456,0.212481,-0.021921,-0.080731,0.307134,0.194353,0.308367,-0.178364,0.127141,-0.129155,-0.156319,-0.067649,0.095422,-0.441272,-0.213393,0.196164,-0.09366,-0.310629,-0.137881,0.040905,-0.153779,0.0,0.151403,-0.093432,0.356274,0.3027,0.3202,0.044493,0.155702,0.085748,-0.152882,0.015315,0.04995,-0.072007,-0.130364,-0.068749,0.2595,0.112745,0.531657,0.185589,0.331658,-0.277307,0.259927,0.041732,-0.141141,0.295465,0.37282,0.128625,0.00557,0.041434,0.037887,0.357277,-0.131826,0.439817,0.118692,0.2011,-0.15826,0.005184,0.124962,-0.046076,0.116773,0.347548,0.505379,-0.202351,0.132952,-0.019326,0.0,0.198876,0.31086,-0.0725,0.294016,-0.288359,-0.095978,-0.120809,0.409087,-0.090136,0.159538,0.318452,0.078415,-0.215974,0.20152,0.14041,-0.221216,-0.439567,0.10372,0.170504,0.249589,-0.013407,0.221144,-0.101228,0.017638,0.217167,0.264924,0.181236,0.288988,0.290793,0.231837,-0.235007,-0.407677,-0.003205,-0.283175,0.377073,0.040452,-0.014471,0.142569,0.389248,0.041732,0.392118,0.393795,0.080708,-0.190336,0.263957,-0.148172,0.397048,0.007312,-0.020258,-0.282412,0.60084,0.119611,0.446939,-0.329989,0.120145,-0.311643,0.139099,-0.13874,0.195786,0.087406,0.351018,0.054609,-0.140128,0.111753,0.279327,0.42534,-0.142209,-0.15709,-0.289035,0.212632,0.329081,-0.472846,-0.283025,0.494892,0.046592,-0.041753,-0.354187,0.089247,0.047232,-0.305447,-0.207225,-0.074156,-0.336964,0.039531,0.073813,-0.176465,0.148598,0.058494,#
3,-0.235793,-0.196692,0.046462,1.0,0.13968,-0.290764,0.269188,0.292113,-0.373426,0.261254,-0.272037,-0.104959,0.191077,-0.216001,-0.093218,0.117556,-0.12508,0.048871,-0.176714,0.147359,0.112539,0.018786,-0.027397,0.043295,-0.186142,0.018597,-0.255247,-0.029579,-0.022746,-0.153127,0.366722,-0.142437,0.196912,0.528551,-0.021293,-0.138934,-0.096069,0.374817,0.026753,-0.026643,0.115402,-0.00604,0.062326,-0.378142,0.133262,-0.156777,-0.436385,0.011914,0.19526,0.123336,0.183536,-0.01968,0.202819,0.115137,-0.402237,-0.301911,-0.030935,0.147114,0.25637,-0.234298,-0.309145,0.118803,-0.061828,0.188306,-0.169062,-0.05253,0.0,-0.188174,-0.092505,0.130448,-0.115021,-0.151107,0.245738,0.435989,0.095683,-0.266394,0.221266,0.380836,0.27981,0.050973,0.108632,0.296192,-0.073445,0.04061,0.185201,0.143136,0.206791,0.117069,0.200846,0.032711,-0.225373,0.02193,0.307473,-0.161581,0.199239,0.024991,-0.133613,0.190837,0.120224,0.297179,0.123881,-0.151937,0.51886,0.379511,0.246673,0.124681,0.019575,0.032635,-0.417692,-0.19853,-0.065822,0.0,0.19213,0.337394,0.092784,0.483107,0.359858,0.102776,-0.121379,0.12679,0.291109,0.18611,-0.030913,0.112589,-0.200588,0.375115,-0.031179,0.000974,0.199203,0.314401,-0.188146,0.248896,0.531851,0.471743,0.221413,0.570099,0.209571,0.10831,-0.157385,0.28925,0.280226,0.324886,0.269246,-0.000599,0.31992,0.302396,0.035341,-0.128291,0.22494,-0.109665,-0.059959,-0.107189,-0.104889,0.380039,0.236603,0.44535,-0.328279,-0.003035,0.378724,0.204848,0.468332,0.301975,0.116052,0.118869,0.258206,-0.17929,0.132786,-0.249297,0.328036,0.545006,0.055142,-0.223411,-0.009588,0.237881,-0.442818,0.455861,-0.012615,-0.232128,-0.457196,-0.136312,-0.105994,-0.458853,0.396778,-0.020965,-0.502828,0.144048,-0.299086,-0.006857,0.004614,-0.529792,0.19111,-0.276472,-0.554092,0.026307,0.43484,0.210058,0.102062,0.165332,0.126454,0.234853,#
4,0.246734,0.217075,-0.003368,0.13968,1.0,-0.275265,0.334653,-0.060377,0.044301,0.076885,-0.114624,0.047312,0.028238,-0.067086,0.180472,-0.026174,0.161813,-0.098181,0.092431,0.315212,0.113951,-0.332505,0.150184,0.100713,-0.111705,-0.025539,0.289718,0.124349,0.283742,-0.014448,-0.188247,-0.035679,-0.110722,-0.010068,0.172105,-0.129675,0.153068,-0.428604,-0.310386,0.164821,0.081455,0.134848,-0.11139,-0.413676,0.356609,0.207275,-0.055985,0.215762,0.478224,-0.044901,-0.126124,-0.413379,0.098712,-0.473074,-0.338004,-0.141542,0.177995,-0.350204,0.07128,0.048092,-0.217233,0.321752,-0.089341,0.136119,-0.139451,-0.121129,0.0,-0.053374,-0.132995,-0.045234,0.089935,-0.115577,0.143438,0.070576,-0.101418,0.181224,-0.098221,-0.024111,-0.266247,-0.084826,-0.216501,-0.115051,-0.235223,0.123694,-0.200726,0.085053,-0.122117,-0.270349,0.28018,-0.318289,-0.228341,-0.114579,0.204005,-0.336517,-0.40488,-0.312885,-0.41669,-0.195824,-0.419493,-0.041018,-0.211169,-0.31957,-0.215807,0.285859,-0.135394,0.133963,0.074646,-0.233668,-0.117477,-0.142959,0.226158,0.0,0.043088,0.005822,-0.438239,0.176416,0.148392,-0.253766,0.030106,-0.104132,-0.024965,-0.309867,-0.207932,-0.42524,-0.052308,-0.042611,-0.112818,0.068287,0.139877,-0.407266,0.104757,-0.074439,0.112609,0.239949,-0.268913,-0.139062,0.141469,-0.202249,-0.159608,-0.167637,-0.078169,-0.247792,-0.119644,-0.178635,-0.173411,0.020083,0.080043,-0.12816,-0.162426,-0.195882,-0.241667,-0.055032,0.034187,0.068977,0.41352,-0.098528,-0.131116,0.369775,-0.273841,-0.32289,0.177722,-0.360549,0.072733,-0.099932,-0.246794,0.187872,0.230277,0.26393,0.006697,-0.290495,0.095999,0.397531,-0.503789,0.212619,0.096299,-0.132186,-0.360709,0.18466,0.213062,-0.374695,0.049628,-0.023304,0.248629,-0.174253,0.003144,-0.021576,-0.083248,-0.004472,0.039069,-0.276255,-0.037245,0.214665,0.127363,-0.023465,-0.184609,-0.044109,0.39365,-0.101423,0.129339,0.283509,#
5,0.153987,0.133336,0.209818,-0.290764,-0.275265,1.0,0.10668,-0.035475,0.608017,0.014518,0.194507,0.181943,-0.418751,0.141684,-0.171969,-0.069275,-0.101503,-0.033418,0.140579,-0.176321,0.025794,0.034814,0.431134,-0.411689,0.307925,-0.21018,0.293605,0.092266,-0.174951,0.254674,-0.341136,-0.017202,-0.205724,0.015049,-0.430369,0.079067,-0.06817,-0.059143,0.323072,-0.032798,0.202631,0.033159,0.31046,-0.215769,-0.321763,0.096585,0.357041,0.005105,0.00405,0.075024,-0.162414,0.081778,-0.028488,0.037188,0.206382,0.599331,-0.460893,0.32364,-0.307117,0.479287,0.286807,-0.007752,0.163497,0.007967,-0.153947,0.114117,0.0,0.421745,-0.072516,0.200923,0.188541,0.047639,0.177232,-0.175856,-0.379547,0.324489,0.160012,-0.129646,0.147397,0.001556,-0.339143,-0.224738,0.024913,0.20067,-0.141846,0.131837,-0.185516,-0.034419,0.011186,-0.099521,0.073849,-0.094189,-0.174077,0.253017,-0.132645,0.184797,0.344283,0.044769,0.131808,-0.187729,0.100201,0.098014,0.187125,0.050658,-0.045988,-0.206853,0.342488,0.014867,0.377484,0.112832,-0.129847,0.0,-0.112525,0.027049,0.136983,-0.525404,-0.117568,-0.161767,0.259594,-0.046502,0.032093,-0.273758,-0.089941,-0.203043,0.047135,-0.130924,0.446518,0.328404,-0.386786,0.030634,-0.163257,0.150855,-0.314321,-0.289056,0.008799,-0.080787,0.156562,0.002488,0.291515,-0.397886,-0.053053,-0.191167,-0.183451,-0.127281,-0.10351,-0.468603,0.008528,0.278684,0.003843,0.078535,0.002545,-0.152455,0.311645,-0.16863,-0.014453,0.166791,0.06656,-0.08144,-0.005689,0.074888,-0.244912,0.271926,-0.03848,0.124884,0.313601,-0.047919,-0.390249,-0.156165,-0.370985,-0.247964,0.186589,0.067248,0.316591,-0.237273,0.178644,-0.389016,-0.041419,0.272228,0.15765,-0.112442,0.000337,0.032401,-0.143993,0.036552,-0.001992,0.080356,0.184064,0.062675,-0.142777,0.462394,-0.138974,-0.014634,0.072195,0.228076,-0.055277,0.367797,-0.062088,-0.278295,-0.299757,-0.070155,#
6,0.207935,0.050918,0.159812,0.269188,0.334653,0.10668,1.0,-0.011228,0.046172,0.394532,0.104831,0.092372,0.153593,-0.116335,0.064432,0.356588,-0.047168,-0.060385,0.082146,-0.135801,0.259612,-0.199982,0.192014,-0.245053,-0.018126,-0.353052,0.120109,-0.045863,-0.005182,0.119496,-0.35965,0.058843,-0.018701,0.055799,0.19714,-0.371228,0.109545,-0.196303,-0.024827,0.192138,-0.236144,0.051647,0.084728,-0.41938,0.123176,0.077997,-0.039216,0.037668,0.170554,0.179629,0.214615,-0.191332,0.167388,0.008182,-0.107733,0.105174,0.04324,-0.122695,-0.370929,0.212083,-0.236342,0.226096,-0.015435,-0.106487,-0.391174,-0.19194,0.0,0.022154,-0.112029,0.219674,0.258142,-0.304362,0.212386,0.184655,-0.136733,0.20784,-0.013117,-0.347796,-0.129928,-0.204946,-0.307713,-0.129469,0.065249,0.120204,-0.205357,0.227385,-0.216897,0.047467,0.089433,-0.340198,0.022824,-0.18364,0.266026,-0.028032,0.116224,-0.00195,-0.047623,-0.205733,-0.274432,0.0474,-0.266883,-0.199731,-0.046376,0.341499,0.023733,-0.13756,0.266659,0.116224,-0.452712,-0.088357,-0.235005,0.0,-0.202928,-0.129408,-0.29301,-0.105377,-0.062894,-0.342741,-0.044729,0.035277,0.068596,-0.206555,0.035849,-0.286643,-0.395783,0.275003,0.042705,0.147888,-0.190031,-0.118256,0.014251,-0.019324,0.010634,0.253108,-0.053215,0.14402,0.172509,-0.48311,-0.130073,0.021672,-0.02872,0.155283,0.180254,-0.335407,-0.277157,-0.294091,0.128181,0.326393,-0.206268,0.10286,-0.379178,-0.363016,0.09393,-0.137696,0.281518,0.207268,-0.144833,0.240651,-0.072264,-0.219467,0.011768,-0.008863,0.04017,0.202776,0.040643,-0.134354,-0.134616,-0.043976,0.088099,-0.187389,0.104852,0.006419,-0.00677,-0.24965,-0.057501,0.026969,-0.306651,0.372007,-0.089716,-0.427192,-0.248968,-0.047975,0.550068,0.209427,-0.30293,0.111949,0.116559,-0.46772,0.011651,-0.134652,-0.21179,0.103303,0.194269,0.323475,0.240101,0.415526,-0.107029,-0.186267,-0.001858,-0.215244,#
7,-0.220886,-0.261194,0.302893,0.292113,-0.060377,-0.035475,-0.011228,1.0,-0.261044,-0.219796,-0.089487,-0.392454,-0.202163,-0.220996,-0.147385,-0.360727,-0.240479,-0.095715,-0.38935,-0.108849,-0.099428,0.210971,-0.062718,0.272735,0.168067,0.346576,-0.121789,0.173712,0.10599,-0.240418,0.268536,0.053019,0.188992,0.234156,0.227184,0.099708,0.027125,0.299063,-0.165586,-0.306529,0.363048,0.098865,0.185532,-0.014944,-0.181493,-0.018775,0.010949,0.130365,0.062922,-0.127773,-0.292372,0.220625,-0.12684,0.172963,0.100373,-0.263434,-0.14285,0.023307,0.098105,-0.274325,0.042436,-0.198813,-0.351999,0.106306,0.064423,0.157241,0.0,-0.116705,0.015839,0.185721,-0.385206,0.055723,0.285562,0.105988,0.020517,-0.678492,0.675652,0.314889,0.077701,0.268396,0.132288,0.279506,-0.183628,0.024939,-0.003805,0.104068,-0.098417,0.331167,0.312156,0.042358,0.201296,0.096282,-0.147214,-0.202128,0.259025,0.287304,0.261431,0.370928,0.331167,0.153793,-0.056647,-0.202001,0.312655,-0.108823,0.281917,0.134762,0.273623,0.259025,-0.128346,0.286372,0.224421,0.0,0.098409,0.237065,0.3372,0.45988,-0.240558,-0.115271,-0.201316,0.336298,0.213407,0.096282,0.201176,0.021984,-0.318848,0.023488,0.051101,0.184672,0.066947,0.58559,0.17054,0.287304,0.166713,-0.036213,0.273172,0.524752,-0.060179,0.132376,0.166261,0.241839,0.445329,0.158852,0.085365,0.160697,0.241576,0.168359,-0.046393,-0.236667,0.133928,-0.108708,0.178711,0.312156,-0.108819,0.790014,0.275755,-0.128319,-0.007258,-0.347685,0.223169,-0.202122,0.241707,-0.086898,0.051101,0.051101,0.391258,-0.001749,0.208795,-0.325422,0.217428,0.094192,-0.336408,0.23825,0.165852,0.1898,-0.336369,0.282063,0.445329,-0.063133,-0.40258,-0.005751,-0.397788,-0.028296,-0.123175,-0.278114,-0.500973,-0.049408,-0.343417,-0.040874,0.228697,-0.262985,0.304171,-0.473369,-0.438218,-0.053922,0.226269,0.121933,0.156532,0.274863,-0.126203,-0.164662,#
8,0.333154,0.165498,0.452152,-0.373426,0.044301,0.608017,0.046172,-0.261044,1.0,0.022611,-0.161348,0.328784,-0.253831,0.507317,-0.051959,-0.102703,-0.068567,0.299023,0.322158,0.180782,-0.363621,-0.341237,0.242519,-0.517132,0.245331,-0.200697,0.292608,0.095516,0.164062,0.279361,-0.522238,0.201587,-0.281045,-0.04911,-0.274775,0.257091,-0.042256,-0.365537,0.056309,-0.128293,0.01688,0.001038,-0.063945,-0.122522,-0.026491,0.014683,0.61195,0.184031,0.154145,0.259025,-0.047843,0.089861,-0.162289,-0.080758,-0.152847,0.453934,-0.085316,0.271781,-0.447339,0.381312,0.197192,0.125759,-0.011247,-0.088116,-0.100292,0.158577,0.0,0.429026,0.114624,0.092541,0.273454,0.095082,-0.160768,0.017009,-0.32948,0.223301,-0.177613,-0.218295,-0.021834,-0.052052,-0.182102,-0.290847,-0.014189,0.275403,0.101206,0.154378,-0.385485,-0.147625,-0.079476,-0.060827,-0.104114,0.083949,-0.257665,0.24193,-0.353015,-0.151047,0.293983,-0.270493,0.021577,-0.391721,0.102321,-0.091989,-0.077421,0.13897,-0.45312,-0.057508,0.278913,-0.040079,0.241556,-0.133428,0.102096,0.0,0.065735,0.162791,-0.318347,-0.361075,-0.078227,-0.175764,0.27951,-0.162724,-0.05667,-0.281481,-0.080589,-0.32093,0.072342,-0.048477,-0.005841,-0.078041,-0.464431,-0.252373,-0.111728,0.05468,-0.45352,-0.039009,-0.396272,-0.325388,0.205182,0.162711,0.36565,-0.256591,0.017655,-0.324462,-0.18079,-0.365481,-0.131439,-0.558977,0.291225,0.306285,-0.109982,0.166706,0.121546,-0.255911,0.399516,-0.060198,0.101444,-0.173431,0.326166,0.245127,-0.1908,0.072293,-0.444597,-0.260988,0.18667,0.186307,0.162965,-0.12953,-0.048245,-0.060223,-0.250876,-0.422271,0.2819,0.215489,0.259117,-0.210064,0.276436,-0.28807,0.02927,0.231986,0.285089,-0.255317,0.307774,0.290775,-0.067402,-0.104737,0.206548,0.229306,0.447132,0.030765,-0.558794,0.486009,-0.224965,-0.015147,0.240146,0.0458,-0.447108,0.051027,0.005014,-0.415513,0.062989,0.102038,#
9,0.127176,0.180078,-0.238051,0.261254,0.076885,0.014518,0.394532,-0.219796,0.022611,1.0,0.019459,0.012744,0.413808,0.129939,0.039959,0.446569,0.028996,0.031543,0.054074,-0.012382,0.262879,0.179396,0.124324,-0.352325,-0.026822,-0.250907,-0.023756,-0.356771,-0.145839,0.057509,-0.175548,-0.084397,0.18563,0.057937,0.207094,0.017588,-0.060558,-0.35851,-0.082133,0.208863,-0.134447,0.011013,0.127696,-0.335903,0.149636,0.008602,-0.038173,-0.144595,0.091985,-0.029865,0.09754,-0.341607,0.109597,-0.072621,-0.243996,0.193938,-0.201515,0.25628,-0.098939,-0.075783,0.103756,0.107192,0.089615,0.328042,-0.38851,0.016463,0.0,0.008715,0.018718,0.058645,0.02237,-0.4185,-0.087027,-0.060074,-0.016909,0.105652,-0.082549,0.075594,-0.18699,-0.167292,-0.093447,-0.122374,0.064094,-0.241373,-0.077823,-0.084915,0.18022,0.006385,-0.048959,0.109745,-0.385812,-0.183427,0.213225,-0.144644,-0.126633,-0.076775,-0.312431,0.066132,-0.529768,0.0581,0.123212,0.032415,-0.020233,0.25225,-0.100856,0.039603,0.027179,-0.012642,-0.121818,-0.144642,-0.185586,0.0,-0.181078,0.040884,-0.319096,0.0581,-0.084297,-0.017959,0.053964,0.013324,0.059857,-0.001359,-0.199104,-0.176699,-0.258856,0.278658,-0.349251,-0.215026,0.165118,0.061203,-0.39254,-0.085978,0.035718,0.254103,-0.038753,-0.010148,-0.152181,-0.464701,-0.001673,-0.072047,-0.219846,-0.205479,0.129653,-0.128493,-0.094856,-0.003974,-0.027985,0.158955,-0.164901,-0.009,-0.245133,-0.267144,-0.275181,-0.275195,0.138052,0.160578,0.076199,0.268512,-0.158238,-0.137071,0.085965,0.108192,-0.019689,0.1848,-0.206313,-0.116848,0.034943,0.176278,-0.20295,0.183088,0.296691,-0.178333,0.200944,-0.128438,0.16856,-0.119505,-0.219846,-0.235008,-0.323197,-0.322343,0.034983,-0.059422,0.196248,0.294929,-0.11231,-0.0788,0.100917,-0.236396,0.121658,-0.158682,-0.409087,0.245572,0.121781,-0.010902,0.274457,0.269695,-0.092751,-0.124847,-0.048073,-0.029123,#
10,-0.31975,-0.168638,-0.090077,-0.272037,-0.114624,0.194507,0.104831,-0.089487,-0.161348,0.019459,1.0,0.498992,-0.190594,-0.317639,-0.066061,0.241815,0.424409,-0.375132,0.00428,-0.491736,0.285696,-0.001065,0.232593,0.037848,-0.159391,0.09817,-0.134617,-0.041714,0.152492,0.100777,-0.153009,0.064975,-0.522698,-0.043972,0.423805,-0.029283,0.063052,0.052317,0.250723,0.456849,-0.290689,0.067338,0.103809,0.039343,-0.253804,0.487229,-0.123688,-0.298633,0.221624,-0.131213,0.163965,-0.163086,-0.088155,-0.010681,0.494747,0.132923,-0.354026,-0.180248,-0.165545,-0.102625,-0.085843,-0.283679,-0.02139,0.183804,0.143853,-0.169372,0.0,-0.140054,-0.068302,-0.388203,0.119549,0.059001,0.102276,-0.291269,-0.156648,0.336467,-0.128819,0.066558,-0.127922,-0.361007,-0.26476,-0.046164,-0.062333,0.076036,-0.264746,0.02277,-0.185967,0.173402,-0.290604,-0.217087,0.044524,-0.17928,-0.015381,-0.203315,0.019608,0.110019,-0.318376,-0.062001,-0.160348,0.103341,-0.008057,0.185132,-0.276183,-0.491619,-0.190225,-0.077498,-0.145599,0.20209,-0.138212,0.453952,-0.487501,0.0,-0.365906,-0.042929,-0.156325,-0.077606,-0.067856,-0.09286,-0.240973,0.345371,-0.452134,-0.006006,-0.307029,0.00973,0.07802,-0.114371,0.176635,-0.096912,-0.096182,-0.039266,0.136072,-0.135206,-0.186075,-0.078835,0.005364,0.025185,-0.271867,-0.261613,-0.192822,-0.085883,-0.392747,0.227684,0.042945,0.162685,-0.271473,-0.189812,0.010183,-0.067674,-0.11115,-0.249563,-0.039008,-0.110035,-0.244016,-0.238952,-0.356368,-0.125113,0.138066,-0.275013,-0.183014,-0.023609,0.086408,0.224599,-0.3122,-0.348259,-0.296084,-0.0458,-0.261607,0.052689,-0.236889,-0.012785,0.202631,-0.292436,-0.148077,-0.463187,0.371035,-0.23482,-0.392747,0.282144,-0.024483,0.227585,-0.196563,0.204723,0.27871,0.150968,0.13806,-0.085713,-0.002416,0.060934,0.515268,0.019299,-0.277585,0.500652,0.034171,-0.150596,0.083773,0.286189,0.275944,-0.285887,-0.31771,-0.012763,#
11,0.015563,-0.181416,0.236591,-0.104959,0.047312,0.181943,0.092372,-0.392454,0.328784,0.012744,0.498992,1.0,-0.204109,0.036576,0.133792,0.216014,0.431354,-0.22786,0.148869,-0.216946,-0.115987,-0.368666,0.086392,-0.195095,0.034041,0.053286,-0.155666,0.096614,0.366786,0.268102,-0.33175,0.307073,-0.735098,-0.050307,-0.043773,0.167197,-0.172421,-0.006309,0.42962,0.431527,-0.172173,-0.170149,-0.133954,-0.151994,0.090779,0.195327,0.060058,-0.30276,0.322304,0.21976,0.377882,-0.001667,-0.349052,0.085758,-0.02356,0.204259,-0.346942,-0.175058,-0.28757,-0.101203,-0.148478,0.062287,0.177107,-0.034974,0.090998,-0.153682,0.0,0.028448,0.060553,-0.247413,0.415887,0.027856,-0.119674,0.046371,-0.188001,0.289531,-0.580692,-0.087888,-0.144324,-0.356697,-0.063019,-0.048335,0.105546,0.394603,-0.117587,0.020439,-0.21861,-0.181714,-0.134858,-0.377464,-0.166116,-0.165082,-0.034798,-0.213145,-0.162052,-0.112854,-0.162887,-0.428197,0.003935,-0.094445,-0.001171,0.007572,-0.300959,-0.014895,-0.386659,0.092999,-0.170862,0.00446,-0.138141,-0.051941,-0.496608,0.0,-0.375187,0.168056,-0.514807,-0.063098,0.083706,-0.20351,-0.050126,-0.012412,-0.47179,-0.022459,-0.30923,-0.005889,0.232911,0.038595,-0.18014,-0.368211,-0.339832,-0.451102,-0.069039,-0.340127,-0.207091,0.194348,-0.180397,-0.186892,0.123033,-0.084646,0.027631,-0.088095,-0.107403,0.205113,0.026075,-0.238928,-0.449404,-0.413367,0.335832,0.139689,0.099721,-0.249433,0.015595,-0.125575,-0.00119,-0.218624,-0.358458,-0.147367,0.299301,-0.245246,-0.021931,0.151606,-0.091806,-0.08089,0.010834,-0.343991,-0.135763,-0.223769,-0.034438,-0.11296,-0.041487,0.00123,0.351308,-0.224435,-0.15888,-0.48316,0.333102,-0.236903,-0.392543,0.0646,0.103271,-0.09928,-0.049051,0.228958,0.38176,0.090905,0.30045,0.078776,0.30155,-0.112703,-0.030483,-0.017837,-0.451226,0.459136,-0.006334,0.053392,0.004476,0.226338,0.442327,-0.362836,-0.158256,0.428104,#
12,0.009938,0.255572,-0.315141,0.191077,0.028238,-0.418751,0.153593,-0.202163,-0.253831,0.413808,-0.190594,-0.204109,1.0,0.017286,0.29005,0.396745,-0.394265,-0.013853,0.163666,0.008469,0.366695,0.288695,0.035413,-0.047702,-0.186423,-0.166364,0.247541,-0.001488,0.074189,0.10979,-0.056554,-0.021751,0.145915,-0.12423,0.123797,-0.282908,0.048253,-0.278492,-0.201143,0.158932,-0.121317,0.214987,0.037082,0.258158,0.340694,-0.309573,-0.132577,0.041831,-0.185153,-0.263943,0.071165,-0.079437,0.123351,-0.175943,-0.288106,-0.093186,-0.059864,0.131468,-0.13385,0.080309,-0.285576,0.132291,-0.230835,0.053941,0.106706,0.342739,0.0,0.118713,0.257259,-0.197225,-0.209076,-0.024773,-0.062045,0.3459,0.087785,0.05158,-0.299129,-0.318148,-0.153988,-0.08387,-0.050257,-0.361115,0.152144,-0.154901,0.030869,-0.513108,0.162765,-0.06691,-0.316485,0.162059,-0.079076,-0.470142,-0.144672,0.06825,0.105534,0.186316,-0.247494,-0.028292,-0.429512,-0.040892,0.19357,-0.111542,0.024373,0.271855,0.134846,-0.225685,-0.091417,-0.072051,-0.298523,-0.187014,0.248965,0.0,-0.28032,0.077302,-0.088091,-0.040892,0.134094,0.141965,-0.287537,-0.061056,-0.140083,-0.093217,-0.254523,-0.249777,-0.338712,0.209901,-0.428355,-0.228342,0.122704,-0.122585,-0.401637,-0.299168,0.180248,0.023419,-0.246482,0.010455,-0.139973,-0.227763,-0.077975,0.036195,-0.202209,0.173284,0.006184,-0.21526,-0.114814,0.167892,-0.257187,0.305698,-0.397237,0.011808,0.021816,-0.300074,-0.253105,-0.253118,-0.42673,-0.071262,-0.00431,0.146636,-0.210521,-0.107959,-0.134965,-0.202119,0.078373,0.071499,-0.347001,-0.026211,-0.117187,-0.121738,0.058774,-0.095882,-0.101025,0.072231,0.02231,0.036733,0.263774,-0.022227,-0.202209,-0.17705,-0.033259,-0.028761,0.327725,-0.147151,0.134535,0.290197,0.222981,0.034722,0.063378,0.042744,0.10608,0.082522,-0.14548,0.22633,0.283367,0.209703,-0.004206,0.138807,-0.100338,0.109527,0.092838,0.002467,#
13,0.457903,0.327135,0.109296,-0.216001,-0.067086,0.141684,-0.116335,-0.220996,0.507317,0.129939,-0.317639,0.036576,0.017286,1.0,0.245194,-0.069836,0.061736,0.209911,-0.120743,0.255937,-0.336738,-0.051378,-0.0737,-0.434608,0.141332,-0.103199,0.17901,-0.247219,0.109252,0.225782,-0.330144,0.000602,-0.114185,-0.152382,-0.078562,0.192587,0.068886,-0.232534,0.149118,-0.292989,-0.067893,0.075079,-0.36388,-0.043797,0.218685,-0.351696,0.613969,0.041679,-0.288549,0.163339,-0.125655,-0.001312,-0.156621,0.148954,-0.503378,0.166986,0.168903,0.26193,0.104662,0.331365,0.099923,0.246891,-0.017396,-0.18928,-0.189679,0.169234,0.0,0.508412,0.281906,0.058161,-0.006429,0.102064,-0.094763,0.304509,-0.173251,0.103401,-0.326996,-0.072727,-0.393951,0.145225,0.087268,-0.281101,0.082306,-0.047484,0.125265,0.121627,-0.161598,-0.34117,-0.237748,-0.270973,-0.208288,0.030043,-0.180607,0.377594,-0.339013,-0.093739,0.168022,-0.143367,0.188278,-0.277974,0.129621,0.012864,-0.235881,-0.031949,-0.121944,-0.30865,-0.032211,-0.190701,0.095368,-0.30822,0.274368,0.0,-0.151998,0.248734,-0.005204,-0.270691,-0.265071,-0.019666,0.221621,-0.496104,-0.17613,-0.154966,-0.019219,-0.164331,0.087431,-0.050658,-0.32958,-0.086925,-0.300803,-0.178815,0.017333,0.127099,-0.570723,-0.087227,-0.20283,-0.421016,-0.153012,0.098192,0.264274,-0.069624,-0.221046,-0.406106,-0.082793,-0.265963,-0.075222,-0.425849,-0.015122,0.439409,0.071625,0.490757,0.037508,-0.244478,-0.022159,-0.002102,-0.031062,-0.103704,0.497015,0.379101,0.042566,0.023598,-0.413961,-0.220948,0.332138,0.666177,0.13242,0.19769,0.03121,-0.053914,-0.186079,-0.323612,0.131732,0.017961,0.145042,0.064009,0.118767,-0.105726,0.077988,-0.244253,0.171984,-0.249596,0.531325,0.283815,-0.20124,-0.187053,0.289708,-0.055856,0.30487,0.087139,-0.439705,0.310707,-0.210635,-0.138822,0.3003,0.188795,-0.006848,-0.293826,-0.495232,-0.231394,0.15485,0.195703,#
14,0.459443,0.155162,-0.286138,-0.093218,0.180472,-0.171969,0.064432,-0.147385,-0.051959,0.039959,-0.066061,0.133792,0.29005,0.245194,1.0,0.178459,0.177744,-0.249399,-0.257898,-0.184575,-0.169855,-0.281767,-0.022144,-0.271786,-0.042778,-0.113795,0.124878,-0.302003,0.190635,-0.003236,-0.347883,0.250489,-0.087575,-0.249819,0.03763,-0.135418,0.044776,0.006714,-0.060408,0.059174,0.119504,-0.049037,-0.617589,-0.12239,0.80588,-0.436116,0.311313,-0.066385,-0.19113,-0.106727,-0.356672,0.082043,-0.215083,-0.15711,-0.164892,0.206082,-0.072078,-0.42941,0.049523,0.195643,-0.380378,0.565482,0.1837,-0.219756,0.115746,0.049584,0.0,-0.092794,0.191805,-0.404945,0.192036,0.168836,-0.218147,0.256624,0.157183,0.030291,-0.218078,-0.306819,-0.16949,0.414393,-0.094384,-0.328469,-0.074381,-0.096329,-0.076922,0.006547,-0.063117,-0.24934,-0.090655,-0.407956,0.116828,-0.342753,-0.249631,0.302081,0.035522,0.067143,0.037966,-0.230986,-0.229765,-0.080144,-0.464528,-0.342532,-0.0908,0.114712,-0.115816,-0.311037,-0.167403,-0.177174,0.024053,-0.165639,0.343478,0.0,-0.342737,-0.010433,-0.22742,-0.311673,0.185147,0.121272,0.05331,-0.441408,-0.249745,-0.117029,-0.294908,-0.034174,0.144548,0.112089,-0.442576,0.18641,-0.091033,-0.24984,0.015868,-0.218106,-0.211239,-0.190683,0.027142,-0.055286,-0.102046,-0.311608,-0.128165,-0.001148,-0.147419,0.008054,0.046417,-0.233541,-0.22081,-0.043242,0.198505,0.231611,0.172424,-0.184336,0.029329,0.100419,-0.184524,-0.184534,-0.188845,-0.21759,0.236269,0.092408,-0.242704,-0.136298,-0.610987,-0.147353,-0.034156,-0.034156,-0.174724,0.059851,-0.249246,0.127761,0.230742,-0.342793,-0.001719,-0.015406,-0.05312,0.0612,0.003469,0.076407,-0.147419,-0.049862,0.348378,-0.021572,0.13604,0.115781,-0.06917,0.183399,0.277733,-0.006068,0.433573,0.181269,0.004187,-0.063718,-0.076922,0.050334,0.324419,0.415733,0.228013,-0.034938,-0.051662,0.251605,-0.082539,0.390946,#
15,-0.101063,-0.097976,-0.192762,0.117556,-0.026174,-0.069275,0.356588,-0.360727,-0.102703,0.446569,0.241815,0.216014,0.396745,-0.069836,0.178459,1.0,0.151265,-0.102448,0.028557,-0.200082,-0.000377,-0.060874,0.00102,-0.283557,-0.297295,-0.342525,-0.251095,-0.195695,-0.146022,0.161935,-0.210949,0.047939,-0.112224,-0.019718,0.092732,-0.312191,-0.088685,-0.041883,0.270179,0.354545,-0.40085,-0.108153,-0.008594,-0.009951,0.204861,0.190102,-0.189185,-0.373966,0.054193,-0.049964,0.303795,-0.074549,0.336646,-0.241324,-0.07915,0.284493,-0.037453,-0.012847,-0.004639,0.075204,-0.184984,0.29708,0.052686,-0.017627,-0.099059,-0.278617,0.0,-0.030887,0.012582,-0.461938,0.387343,-0.041687,-0.305782,0.068032,0.053932,0.182314,-0.31036,-0.206671,-0.238168,-0.088585,-0.033446,0.028783,0.331077,0.126508,0.129045,0.075594,0.233003,0.237826,-0.20223,0.032789,0.138439,-0.302035,0.18548,0.029452,-0.065902,-0.295926,-0.070069,0.15503,-0.259747,-0.05006,-0.170476,0.218944,-0.040034,0.284017,0.025029,-0.206176,-0.237176,0.266236,-0.096335,0.202305,-0.324929,0.0,-0.139029,-0.007546,-0.104036,-0.205009,0.148062,0.104567,-0.174997,0.09436,-0.014794,0.027207,-0.030447,-0.105883,-0.087675,0.282722,-0.080483,0.058314,-0.110828,-0.196192,-0.087151,-0.313547,0.117338,0.064669,-0.077784,0.058887,0.140489,-0.22182,-0.105751,-0.013504,-0.078927,0.27202,0.26887,0.003602,-0.167615,-0.00307,0.242609,-0.158704,-0.157372,0.042052,0.078798,-0.213978,-0.211699,-0.451648,-0.247808,0.13671,-0.139976,-0.071473,-0.271365,0.199181,-0.152471,-0.058767,-0.111703,-0.102888,-0.078556,-0.316758,-0.393905,0.013068,0.005091,0.054191,-0.085965,-0.29445,0.088436,0.008433,0.255972,0.018865,-0.360809,0.111483,-0.142501,0.073003,-0.125444,-0.377507,0.47256,0.504894,-0.154201,-0.167237,0.230015,-0.347466,0.212337,-0.270098,-0.200781,0.387818,0.304885,0.127906,0.311852,0.144061,-0.031531,-0.195816,-0.210168,-0.145185,#
16,-0.125863,-0.416665,-0.13191,-0.12508,0.161813,-0.101503,-0.047168,-0.240479,-0.068567,0.028996,0.424409,0.431354,-0.394265,0.061736,0.177744,0.151265,1.0,-0.215454,-0.057085,-0.03997,-0.170837,-0.273476,-0.012401,-0.246266,-0.075248,0.340304,-0.447228,-0.276978,-0.099739,-0.002265,-0.058648,0.052327,-0.223824,0.020128,0.301941,0.134558,-0.289443,0.20834,0.123146,0.095277,-0.259678,-0.40435,-0.37051,-0.17188,0.193969,0.281262,0.021459,-0.414606,0.135522,0.223577,0.148495,0.042012,-0.092749,0.100442,0.052971,0.254611,0.198391,-0.420369,0.256801,-0.102976,-0.250869,0.022421,0.201651,0.195917,-0.143786,-0.487453,0.0,-0.319036,-0.219428,-0.233606,0.452786,-0.090476,-0.355936,-0.266473,-0.047682,0.175826,-0.115041,0.210607,-0.258351,0.220733,0.049947,0.317679,0.044979,0.209273,-0.114424,0.226207,-0.227536,-0.063514,0.211581,-0.143951,0.050293,0.172132,0.242146,-0.027967,-0.254816,-0.35587,-0.081046,-0.168798,-0.054367,0.055824,-0.18619,0.173865,-0.285961,-0.301087,-0.3257,0.033865,-0.072895,-0.084456,0.073782,0.28427,-0.371484,0.0,-0.011863,0.003779,-0.207252,0.048942,0.008139,-0.114701,0.309324,-0.034462,-0.180407,0.162067,0.066733,0.118168,0.31235,0.035872,-0.206745,-0.106719,0.152196,-0.18822,0.451384,0.110496,-0.082181,0.248653,-0.100074,-0.070204,-0.166502,-0.135235,-0.460329,0.185101,-0.240534,-0.035973,0.244636,0.267566,-0.34122,-0.001165,0.394006,-0.306067,0.346751,-0.300769,0.02885,0.021862,-0.301077,-0.041604,0.062789,-0.100223,0.123402,0.024495,-0.190286,0.333146,0.036591,0.084963,-0.044496,-0.053687,-0.074598,-0.054564,0.206646,0.140252,0.007395,0.160337,0.40695,-0.2263,-0.059439,0.158682,0.06364,0.131156,-0.240534,0.054577,-0.079054,0.143986,-0.25121,0.050676,0.179202,-0.102034,-0.010684,-0.060475,0.05642,0.005147,0.189456,-0.394695,0.049169,0.140081,0.018592,-0.266086,0.115724,-0.015643,0.190234,0.041391,-0.110655,0.290276,#
17,0.041891,0.159012,0.196141,0.048871,-0.098181,-0.033418,-0.060385,-0.095715,0.299023,0.031543,-0.375132,-0.22786,-0.013853,0.209911,-0.249399,-0.102448,-0.215454,1.0,0.283843,0.027587,-0.087958,0.03475,-0.097811,-0.06139,0.202206,0.016269,-0.141458,-0.078108,-0.109912,0.10961,0.210103,0.02378,0.280252,0.170045,0.00688,0.159966,-0.170331,-0.046137,0.012729,-0.385905,-0.048332,-0.167412,0.027645,0.083251,-0.120312,-0.077677,0.046519,0.154663,-0.110098,-0.015633,0.101695,0.035631,0.159467,-0.017489,-0.006861,-0.107445,0.396818,0.407883,0.017749,-0.116503,0.286802,-0.315047,0.093121,-0.171156,-0.152413,0.013763,0.0,0.003175,-0.025361,0.17392,-0.071353,-0.224997,-0.354644,0.063195,0.325522,-0.100773,0.094229,-0.079022,0.203429,0.016447,-0.080869,0.110491,-0.087,-0.13646,0.722083,0.056505,0.164998,0.155299,0.03436,0.276487,-0.002056,0.330922,-0.030902,0.325021,-0.15894,-0.34485,0.145963,-0.054842,0.148766,0.10413,0.152695,-0.013004,0.20306,0.258408,-0.048859,0.272749,-0.029544,0.155215,-0.134259,-0.200915,0.110482,0.0,0.511353,0.160371,-0.008959,0.110835,0.113422,0.373355,0.196226,0.146439,0.168998,0.337843,0.0215,0.16225,0.19726,0.228473,0.14612,0.078032,-0.241953,0.160371,0.185015,0.097851,-0.218146,0.352452,-0.144364,0.02995,0.131725,0.27228,0.262921,-0.091567,0.201954,0.109672,0.062991,-0.187475,0.439464,-0.288647,0.009827,-0.031759,0.146852,0.004058,0.137324,-0.113242,0.247532,0.019542,0.196592,-0.104535,-0.060675,0.478979,0.125433,0.151965,0.090721,-0.068864,-0.021251,0.339016,0.186184,-0.194099,0.169982,0.130608,0.161326,0.183577,0.016494,-0.065112,0.20016,0.106445,-0.146872,0.292352,0.201954,0.077636,0.117505,-0.170508,0.319971,-0.092047,-0.13531,0.16155,-0.252146,0.235437,0.169798,0.08144,-0.417749,0.324258,0.219767,-0.261295,0.039135,-0.481714,-0.087002,-0.084173,-0.148073,-0.022117,0.565361,-0.311143,#
18,-0.125068,0.038286,0.059999,-0.176714,0.092431,0.140579,0.082146,-0.38935,0.322158,0.054074,0.00428,0.148869,0.163666,-0.120743,-0.257898,0.028557,-0.057085,0.283843,1.0,0.024597,0.358886,0.007602,0.424196,-0.087919,0.256001,-0.038838,0.168749,0.383423,-0.282101,0.325471,-0.006593,-0.220212,-0.112676,0.084964,-0.131019,0.194691,-0.282644,-0.365964,-0.156653,-0.050637,-0.13851,-0.140938,0.289391,0.150348,-0.071413,0.134164,-0.094096,-0.034482,-0.091213,-0.023031,0.347142,0.172002,0.077668,-0.198319,0.025801,0.35326,0.020978,0.000512,-0.270344,0.096577,-0.089821,-0.125058,0.047826,0.038211,0.08464,0.270229,0.0,0.029211,-0.210058,0.158306,0.271017,-0.162456,-0.326089,0.027603,-0.043202,0.352538,-0.161567,-0.423526,0.165345,-0.173073,-0.066349,-0.083674,-0.301569,0.20482,0.014734,-0.179253,-0.023591,-0.221535,0.184588,0.431387,-0.008894,0.153647,-0.090494,0.12727,-0.022628,-0.351862,-0.0465,-0.090313,-0.362265,-0.139585,0.258878,0.185326,-0.005706,0.222525,-0.058002,0.08639,0.148024,-0.015938,0.128737,-0.014989,-0.076126,0.0,0.096055,-0.041296,-0.380704,-0.058666,0.221125,0.00589,0.33476,-0.034306,-0.106701,-0.238833,-0.174452,-0.378266,0.087247,-0.173537,0.129882,-0.270652,-0.04167,-0.074466,-0.015416,0.048412,0.140555,0.159463,-0.524603,-0.042698,0.061598,-0.11236,-0.251203,-0.312494,-0.150226,-0.005554,-0.172037,-0.144885,-0.121918,-0.158799,-0.015,0.155421,-0.10343,0.030261,0.134758,-0.276358,0.23894,-0.233245,-0.183594,-0.190705,0.017572,0.322187,-0.058066,0.268065,0.077059,-0.131031,-0.1989,-0.013002,0.153838,-0.165548,0.200774,-0.068299,-0.290318,-0.031244,0.188891,0.38929,-0.006624,-0.111447,0.429343,-0.280409,-0.090422,0.255206,0.171693,0.0227,0.198214,0.12499,0.100908,-0.109404,0.331754,0.287274,-0.013344,0.089673,-0.348276,0.205834,-0.007781,0.176009,0.080559,-0.119348,-0.546662,0.367731,0.073476,0.143253,0.373264,0.063801,#
19,-0.043186,0.15791,-0.088786,0.147359,0.315212,-0.176321,-0.135801,-0.108849,0.180782,-0.012382,-0.491736,-0.216946,0.008469,0.255937,-0.184575,-0.200082,-0.03997,0.027587,0.024597,1.0,-0.027032,0.003328,0.058967,0.186955,-0.207367,0.111129,-0.031608,0.023961,0.172268,0.185021,-0.153332,-0.337263,0.326508,0.135525,-0.20087,0.03173,-0.016339,-0.217308,-0.207367,-0.138006,0.133994,0.073072,-0.004434,-0.020997,-0.008811,0.089338,0.14938,0.141007,0.26992,0.264045,-0.150244,0.009326,0.08006,-0.003702,-0.605466,-0.037064,0.27453,0.176977,0.112124,0.176092,-0.004264,0.048759,-0.220254,0.177477,-0.06845,0.12009,0.0,0.008122,0.177276,0.226979,-0.280793,0.214982,0.173503,0.202834,-0.327032,0.012398,0.160766,0.373087,-0.025379,0.088721,0.31255,-0.126097,0.018181,0.138877,0.138877,-0.003901,-0.011438,-0.327032,0.145766,0.198596,-0.285226,0.274086,0.094608,0.001591,-0.416147,-0.161078,0.082668,-0.070537,-0.066427,-0.23018,0.128612,0.237646,-0.1161,-0.136282,-0.16218,0.038043,0.054615,-0.416147,0.174821,-0.145865,0.320671,0.0,0.277839,0.137961,-0.101576,0.053029,0.207194,-0.269401,0.304566,-0.325993,0.404733,-0.253134,0.229514,-0.32703,-0.006262,-0.097319,-0.088739,-0.219155,0.190803,-0.184514,-0.349235,0.187843,0.184223,0.01642,-0.187445,-0.207365,-0.075364,0.062378,0.02283,0.040397,-0.108873,-0.397224,-0.063981,-0.049837,0.054516,0.204872,0.088721,-0.077535,-0.164435,0.237235,-0.062184,-0.115915,-0.136277,0.25919,0.323723,0.159834,-0.131938,0.301508,0.011343,0.024946,0.040375,-0.108825,0.159075,0.159075,-0.007361,0.110934,0.145115,0.040513,-0.184212,0.021033,-0.153324,0.124637,-0.207376,0.214181,0.076537,-0.12496,-0.108873,-0.21375,-0.234083,-0.110888,0.283487,-0.083683,-0.020299,-0.184519,0.234076,0.053356,-0.163955,0.060347,-0.438752,-0.072925,0.138877,-0.048654,-0.014768,-0.138755,-0.316495,-0.299135,-0.102686,-0.021856,0.237184,0.134807,#
20,-0.277818,0.367071,-0.335106,0.112539,0.113951,0.025794,0.259612,-0.099428,-0.363621,0.262879,0.285696,-0.115987,0.366695,-0.336738,-0.169855,-0.000377,-0.170837,-0.087958,0.358886,-0.027032,1.0,0.550618,0.438078,0.311702,0.00021,0.130648,0.275221,0.103583,-0.067444,0.349339,0.024155,-0.296212,0.146459,-0.059414,0.058669,-0.268074,-0.091924,-0.327646,0.084514,0.129762,0.109684,0.165402,0.51744,0.068627,-0.189313,0.16257,-0.352732,-0.040795,-0.059528,-0.255929,-0.003008,-0.217196,0.050562,-0.196076,0.068568,0.068866,-0.228155,0.114683,-0.068086,-0.003119,-0.092182,-0.362586,0.037179,0.203113,0.007089,0.256307,0.0,-0.066225,-0.056094,0.27112,-0.291455,-0.161138,0.315194,0.036203,-0.158208,0.371349,0.111332,-0.038202,-0.005694,-0.290383,-0.370214,-0.333879,-0.12072,0.019264,-0.152042,-0.459235,0.285496,-0.323378,0.002824,0.01666,-0.083026,-0.161409,0.082603,0.010068,-0.030155,0.192611,-0.397949,-0.111945,-0.394951,0.178116,0.367855,0.263386,-0.000153,-0.014306,0.30594,0.02086,0.050758,-0.202238,-0.144886,0.12787,-0.066276,0.0,-0.301322,-0.085401,-0.119218,0.020711,0.046268,0.038883,-0.054655,0.029981,-0.086885,-0.15782,-0.28483,-0.336162,-0.145305,-0.147541,0.221407,-0.020766,0.097197,-0.053957,-0.300993,-0.150446,0.140902,0.046819,-0.158163,0.008589,-0.318712,-0.557278,-0.227332,-0.357924,-0.460421,0.07212,-0.229695,-0.122684,-0.124783,-0.033612,-0.39853,0.262825,-0.187144,-0.123458,-0.185044,-0.252334,-0.303823,-0.27556,-0.2883,0.057374,-0.238357,0.206093,0.068781,-0.267882,0.314218,0.233761,-0.240248,0.00143,-0.243115,0.012917,-0.088335,-0.062099,-0.219948,0.08126,0.031754,0.126249,-0.278932,-0.118595,0.389725,-0.398918,-0.460421,0.071126,-0.04514,-0.101447,0.133866,-0.156313,0.113093,0.205071,0.180653,0.088596,-0.277713,0.135175,0.195056,0.168633,-0.091581,0.43288,0.094443,-0.051468,0.026249,0.390138,0.029436,0.125349,0.129465,-0.044091,#
