0,1.0,0.234275,0.042996,-0.270887,0.617704,-0.109224,0.455938,-0.275785,0.73201,-0.039495,0.088542,0.349106,0.488472,0.039806,0.086262,0.194001,0.135975,-0.059089,0.255187,-0.260379,-0.385293,0.040401,0.178869,-0.168016,-0.252155,-0.340913,-0.325851,-0.182528,0.220261,0.056107,-0.397067,-0.218352,-0.220759,-0.194054,-0.22016,-0.091606,0.500004,0.032017,0.028808,-0.139677,0.33041,-0.45132,-0.289187,-0.01902,-0.079145,0.038405,0.383197,0.168943,0.328923,0.377272,0.26173,-0.107887,-0.00088,0.138164,-0.024309,-0.040101,-0.55288,0.476102,-0.08353,0.026402,0.155392,-0.170834,-0.111458,-0.121866,0.176538,0.36246,-0.020842,-0.054469,0.41255,0.114342,0.112939,-0.392899,0.07564,-0.516779,-0.290699,0.282614,-0.346944,-0.412453,-0.430137,-0.031742,-0.065409,-0.518285,-0.216231,-0.08111,-0.159464,-0.291755,-0.463757,-0.293987,-0.160782,-0.393341,0.120213,-0.29655,-0.165131,-0.111512,-0.384045,-0.243373,-0.495828,-0.358436,-0.092307,-0.255005,0.30322,-0.408948,-0.404074,-0.407015,-0.183149,-0.281295,-0.382641,-0.045245,-0.322456,0.072604,-0.031374,-0.276453,-0.086037,-0.233678,-0.297388,-0.355027,-0.411111,-0.471206,-0.069064,-0.556802,-0.389084,-0.423837,-0.203698,-0.500398,-0.231116,-0.131289,-0.513355,0.148282,-0.068022,-0.239352,-0.283041,-0.115238,-0.117949,-0.152595,-0.210531,-0.610977,0.0,-0.4408,0.028441,-0.341381,-0.355027,0.052612,-0.245559,-0.198911,-0.523394,-0.093041,-0.561234,0.49134,-0.503488,-0.457587,-0.342515,-0.503014,-0.334701,-0.218326,-0.378534,-0.232645,0.233244,0.518765,-0.114755,-0.512559,0.012817,-0.243918,-0.401979,-0.040439,0.040208,0.162689,-0.054271,-0.21914,-0.235682,-0.239352,-0.042573,0.307338,-0.100768,-0.572324,0.152444,-0.159328,-0.158232,0.467709,0.238181,-0.366078,0.226374,0.270521,0.111132,-0.140337,0.395686,0.05193,0.174087,0.237818,-0.203534,0.446449,-0.19649,0.054712,0.450894,0.540238,0.015706,0.149078,0.451943,-0.346339,-0.283532,0.289855,#
1,0.234275,1.0,0.46549,0.320996,0.21151,-0.198417,-0.274919,-0.157845,0.117055,0.039265,-0.30596,0.085152,-0.078747,0.086607,0.014493,-0.348864,0.037788,0.288357,0.160913,-0.406497,-0.08257,-0.233312,0.137096,0.153928,0.009617,-0.342725,-0.049273,0.12441,0.076713,-0.248993,-0.192596,0.372066,-0.147377,0.052614,-0.357317,0.040387,0.423304,0.031878,0.248182,-0.342532,0.368789,-0.196055,0.318167,0.171545,-0.212196,-0.285679,0.300649,0.173779,-0.249783,0.071135,-0.432533,-0.102145,0.096104,0.049217,-0.259371,-0.309328,-0.345148,0.069548,-0.356406,0.094774,-0.31595,-0.105846,-0.124853,-0.240248,0.091464,-0.062127,0.119888,-0.028284,0.058552,0.225812,-0.056516,-0.183957,-0.147375,0.130371,-0.132749,-0.104674,0.133398,-0.015212,-0.018012,-0.16911,0.105085,-0.371556,-0.09254,0.434288,-0.263067,-0.138382,0.055506,0.060599,-0.135024,-0.089228,0.216231,-0.006315,-0.057759,0.400108,-0.290206,0.022357,-0.059924,0.22184,-0.015713,0.211179,0.081309,0.026882,-0.098643,0.032032,-0.182486,-0.311559,0.034443,0.107359,0.257635,0.000808,0.150475,0.408313,-0.008717,0.026882,0.250796,-0.12987,-0.091076,-0.264907,0.119438,0.003203,-0.177836,-0.011055,-0.179267,-0.12188,0.167635,-0.131283,-0.139514,0.000386,0.253112,0.231409,0.063534,0.197586,0.071144,-0.055795,0.24511,-0.018717,0.0,-0.018717,-0.018422,-0.065618,0.074797,0.397729,0.180862,-0.399785,0.026484,-0.295953,0.021516,0.04045,-0.370387,0.070942,-0.20401,0.21287,0.145227,0.029227,0.110707,0.032032,0.042539,0.160455,-0.017562,-0.134855,0.254844,0.185445,0.090408,0.034758,0.06315,0.03085,0.162563,-0.60604,-0.28078,0.231409,-0.232959,0.271194,-0.096005,0.015106,-0.111773,0.15403,-0.133533,-0.03302,-0.008155,-0.166932,0.116726,-0.217372,-0.108071,-0.260335,-0.14531,-0.242915,0.025414,-0.136164,-0.369003,-0.017715,0.213165,-0.140853,-0.024819,0.095775,0.019176,-0.031571,-0.225872,-0.258504,0.090362,-0.249533,#
2,0.042996,0.46549,1.0,0.306853,-0.118043,-0.342366,-0.189594,-0.328817,0.016007,0.226986,-0.146125,0.219171,-0.017287,-0.092714,-0.19007,-0.06885,-0.050015,0.275335,-0.112883,-0.205183,-0.199757,-0.037311,0.055556,0.182092,0.094944,-0.21051,0.016068,-0.344999,0.185994,0.049349,-0.293203,0.008865,0.008339,0.039866,-0.131999,0.212855,-0.225209,0.166335,-0.131473,-0.197626,0.055541,0.125868,-0.09768,-0.01476,0.451777,-0.577324,0.183844,0.272338,-0.278624,0.358075,-0.271399,-0.065214,-0.151307,0.471123,-0.084825,-0.364038,-0.186971,0.041135,-0.071557,0.177805,-0.312776,-0.185871,-0.043904,-0.375288,0.151067,-0.093498,-0.151531,-0.122595,-0.104863,0.034665,-0.023108,0.06748,-0.015213,0.199379,-0.124408,0.23545,-0.13951,-0.006918,0.022631,-0.212608,-0.189781,-0.047123,-0.322722,0.555174,-0.037428,-0.278021,0.189193,-0.133625,-0.395691,-0.219264,0.107469,-0.385019,0.16929,-0.061607,-0.197845,0.371305,0.20581,0.111095,-0.137198,0.062886,-0.061321,0.040767,-0.141562,0.045316,-0.223006,-0.115222,0.037364,0.213703,0.029566,0.315971,0.266315,0.087261,0.04572,0.028257,0.174863,-0.201452,-0.052228,-0.222128,-0.003975,0.169986,-0.278596,0.028071,-0.061396,-0.001183,0.063894,0.024848,-0.053933,-0.122871,0.062346,0.193637,0.112388,0.104243,0.111532,0.113341,0.190061,-0.056593,0.0,0.133262,0.117862,-0.240352,0.119892,0.545235,0.168277,-0.271067,-0.221471,0.041254,0.040063,-0.112354,-0.372187,0.210826,-0.006778,0.291576,0.189025,-0.120617,-0.209702,0.057987,-0.197213,0.101028,0.181847,-0.025499,0.391825,-0.04649,0.277501,-0.03786,-0.114306,-0.024539,-0.034993,-0.466595,0.142857,0.048297,0.04777,0.099926,-0.113552,0.015,-0.080994,0.117104,-0.393467,-0.124675,-0.073773,-0.100976,0.072341,0.140319,-0.063924,-0.113397,-0.456439,0.092044,-0.127054,0.140894,0.136285,-0.058749,0.253556,0.021548,-0.135651,0.063273,-0.307194,0.082582,-0.13301,0.115558,0.174835,-0.518793,#
3,-0.270887,0.320996,0.306853,1.0,-0.146848,-0.195026,-0.45637,-0.240784,-0.365281,-0.109134,-0.086872,-0.334128,-0.139282,-0.063972,-0.228099,-0.400899,0.000324,0.172169,0.025807,0.112212,0.080071,0.02567,-0.051794,-0.020576,0.124129,0.019035,-0.046158,0.25455,0.109087,-0.159299,0.16887,0.176192,0.201865,0.030576,-0.271444,-0.213705,-0.240192,0.013257,0.079502,0.236865,0.213163,-0.057249,0.184408,-0.029138,-0.227561,-0.126703,-0.208986,-0.095574,-0.014968,-0.039008,-0.221436,0.233271,-0.053613,0.231571,-0.066779,-0.047296,0.191512,-0.241035,0.013332,-0.251122,-0.187782,-0.352809,0.143492,-0.174099,-0.274717,-0.28863,0.193609,-0.105144,-0.320181,0.030829,-0.046624,0.169862,0.175962,0.367698,0.096779,0.003094,0.35223,0.204754,0.349562,0.132517,-0.114167,0.144488,-0.04829,0.300952,0.097464,-0.063631,0.272763,0.27642,0.006584,0.043615,-0.071705,0.106064,-0.197824,0.281731,0.200175,0.09786,0.362563,0.494964,0.200495,0.007429,-0.26956,0.07008,0.141636,0.251878,-0.041559,-0.042381,0.50036,0.240103,0.262948,0.143586,0.422275,-0.067179,-0.330816,-0.142382,0.287692,0.197183,0.403917,0.069486,0.080478,0.219506,0.077434,-0.156238,0.324815,0.17793,0.251113,0.277882,0.001518,-0.317921,0.220311,0.24443,-0.19497,0.28725,0.005688,-0.07151,0.276254,0.28618,0.0,0.307183,-0.151346,0.239326,0.006015,0.536229,0.320524,-0.235615,0.140404,0.057288,0.253319,-0.171039,-0.020773,0.293124,0.23756,0.547377,0.185667,0.074499,0.220864,0.259328,-0.15851,-0.29789,0.388336,0.026371,0.342395,0.295562,-0.096987,-0.007456,-0.060483,-0.359404,0.150489,-0.269103,0.139034,0.2585,-0.316242,-0.324894,0.198894,0.269545,-0.142562,0.268838,-0.003543,-0.149002,-0.162404,0.407757,-0.377861,-0.052772,-0.115689,-0.393725,-0.05148,-0.126251,-0.197718,-0.223603,0.018243,-0.23889,0.521068,-0.238535,-0.146657,-0.253616,-0.097817,-0.115186,-0.309992,0.079792,-0.207671,-0.124394,#
4,0.617704,0.21151,-0.118043,-0.146848,1.0,-0.000959,0.302502,-0.199525,0.277064,0.268979,-0.080625,0.224983,0.458271,0.339138,-0.151465,0.142947,0.090102,-0.154295,0.129963,-0.319633,-0.034309,-0.103237,0.345115,-0.434234,-0.324357,-0.144589,-0.182369,-0.173436,0.176991,0.021506,-0.353337,-0.055304,-0.360657,-0.103723,-0.291754,0.359009,0.253126,-0.268139,-0.000294,-0.282452,0.380815,-0.330893,0.039873,0.252699,-0.146958,-0.135339,0.161304,0.328714,0.403088,0.008906,0.042092,-0.542673,0.043397,0.013446,-0.016297,-0.325107,-0.354197,0.359009,-0.148617,-0.018422,0.338468,0.144847,-0.31115,-0.021052,0.27386,0.463665,0.023937,0.219122,0.228382,-0.003171,-0.101637,-0.681761,0.224821,-0.773362,-0.331018,0.516033,-0.447902,-0.515486,-0.362623,-0.26287,-0.197687,-0.754977,-0.428994,-0.245431,-0.327,-0.500808,-0.631961,-0.467668,-0.142982,-0.234274,-0.258661,-0.351388,-0.286231,-0.186335,-0.54507,-0.424033,-0.622545,-0.423811,-0.374211,-0.225077,0.479316,-0.420617,-0.441046,-0.417328,-0.583411,-0.589966,-0.318927,-0.267791,-0.324725,-0.038081,0.151773,0.050397,-0.370664,-0.411197,-0.495074,-0.149513,-0.377506,-0.485469,-0.071177,-0.338045,-0.273277,-0.211588,-0.434824,-0.259752,-0.042597,-0.181138,-0.663627,0.199778,-0.164837,-0.096336,-0.370524,-0.02936,-0.557832,0.33826,-0.314263,-0.520239,0.0,-0.681534,-0.085924,-0.468294,-0.505664,-0.041101,-0.134828,-0.126271,-0.434587,-0.298873,-0.430347,0.684381,-0.576899,-0.339121,-0.515568,-0.455493,-0.290581,-0.427346,-0.229266,-0.268091,0.18793,0.760886,-0.373094,-0.520651,-0.178796,-0.315447,-0.55694,-0.273176,-0.161477,0.253986,-0.326067,-0.333219,-0.318807,-0.096336,0.144793,0.118805,-0.415294,-0.509025,0.14297,-0.311759,-0.338517,0.507361,0.255324,-0.486436,0.351722,0.00922,0.122335,0.179545,0.518416,-0.248497,0.36881,-0.124986,-0.265363,0.53896,-0.272115,0.197253,0.488557,0.466534,-0.016721,0.373399,0.491845,-0.476847,-0.404535,0.213412,#
5,-0.109224,-0.198417,-0.342366,-0.195026,-0.000959,1.0,0.358668,0.621231,-0.054638,-0.087055,-0.186122,0.091162,-0.287812,0.474931,0.153846,0.097354,-0.104841,0.003702,0.015495,-0.151708,0.52729,0.089217,-0.126448,-0.546145,0.178979,0.141406,0.049242,-0.00205,-0.277969,0.02465,0.002264,0.25133,0.356534,-0.132886,-0.388011,0.098619,-0.084618,-0.132738,0.210484,-0.212336,-0.069919,-0.022205,0.311799,0.286761,-0.021949,0.091913,-0.079297,0.024376,0.004768,-0.11679,0.273802,-0.037418,0.21213,-0.103918,-0.034568,0.267338,0.378423,0.147106,-0.046262,0.342856,0.254695,0.229639,-0.315783,0.493509,-0.185708,0.010191,-0.301369,0.467888,0.229074,-0.407569,0.11473,-0.180771,0.057942,0.103615,-0.024216,-0.102268,0.274485,0.157111,-0.49694,0.069958,0.036459,-0.084069,0.205895,-0.274423,0.091857,0.28783,-0.030003,-0.01618,-0.029539,0.038762,0.006602,0.17278,0.076047,-0.32783,0.037099,0.063523,-0.224467,-0.253054,0.012179,-0.067466,0.045089,-0.089742,0.03289,-0.271148,0.072506,-0.146506,-0.317026,-0.518842,-0.043458,-0.663996,-0.34627,-0.040611,-0.005559,-0.096522,-0.024946,-0.01681,0.047591,-0.243437,-0.142285,-0.137181,-0.089742,0.3172,-0.092943,-0.187395,-0.210158,0.123232,-0.037407,-0.20316,-0.097267,-0.261609,-0.044942,-0.167175,-0.205045,0.071007,-0.10154,-0.165969,0.0,-0.159266,0.029755,0.109181,-0.209896,-0.344012,-0.255884,-0.267316,-0.102534,0.000178,0.074694,0.114096,0.228347,-0.042767,-0.119436,0.001885,-0.052618,0.074911,0.034767,-0.254742,0.374082,-0.032616,-0.160002,-0.032676,-0.185114,-0.272787,0.190827,0.059399,-0.012473,0.401263,0.321777,0.350676,-0.072236,0.079099,0.0306,0.106169,0.05252,0.069989,0.244594,-0.23056,-0.035656,-0.003418,0.077727,-0.221556,0.115362,-0.165744,0.040136,0.182748,0.297508,-0.369475,0.308995,0.024988,0.189326,0.023135,-0.096398,0.141446,0.005172,-0.366852,0.153098,0.260689,0.009399,-0.220277,-0.016895,0.192678,#
6,0.455938,-0.274919,-0.189594,-0.45637,0.302502,0.358668,1.0,-0.049407,0.63398,-0.035144,0.164119,0.611501,0.214508,-0.033487,0.044542,0.415161,-0.136472,-0.273615,0.150491,-0.298628,0.038325,-0.006766,0.167537,-0.523838,-0.131641,-0.325457,-0.222115,-0.38029,0.20981,0.138678,-0.519633,-0.210549,-0.002407,-0.391605,-0.073959,0.248478,0.040026,-0.021041,-0.285424,0.034854,0.261843,-0.285792,-0.479373,-0.017562,0.060535,0.088913,0.106173,0.205683,0.353484,0.349267,0.331896,-0.137069,0.148028,0.094975,0.231116,-0.034294,0.027701,0.258384,0.201696,0.141333,0.255321,0.16047,-0.209689,0.214437,0.001063,0.151423,-0.12196,0.141841,0.464196,-0.338121,0.205211,-0.347826,-0.002636,-0.378758,-0.388955,0.180159,-0.222441,-0.212507,-0.537704,-0.307495,-0.291219,-0.291921,-0.223227,-0.389565,-0.170356,0.09841,-0.35688,-0.366583,-0.331275,-0.145103,-0.144076,-0.300984,-0.064959,-0.468619,-0.460158,-0.071611,-0.210436,-0.776076,-0.217282,-0.19441,0.115264,-0.374783,-0.228914,-0.561137,0.038728,-0.07538,-0.427661,-0.326975,-0.542831,-0.132693,-0.271491,-0.099398,-0.064532,-0.381417,-0.207827,-0.658368,-0.451532,-0.131529,-0.156606,-0.510302,-0.218144,-0.225662,-0.146587,-0.519761,-0.368155,-0.090851,-0.318598,-0.082158,-0.146614,-0.561137,-0.319289,-0.152978,-0.310061,-0.060121,-0.418332,-0.28769,0.0,-0.473863,0.022858,-0.291686,-0.316163,-0.310618,-0.539461,-0.191873,-0.291288,0.049937,-0.562116,0.556913,-0.135818,-0.395312,-0.238918,-0.540901,-0.545747,-0.240983,-0.470204,-0.561137,0.275836,0.39818,-0.053705,-0.505935,-0.145039,-0.357715,-0.135582,-0.158872,-0.049534,0.52269,0.009879,0.293536,0.02093,-0.402482,0.151138,0.380207,0.101162,-0.424777,0.412095,-0.645556,-0.162513,0.461583,0.249522,-0.275427,0.453627,0.52597,0.191583,0.133909,0.601525,-0.097294,0.131852,0.039452,0.00215,0.391756,-0.131705,0.284117,0.459393,0.207597,-0.353562,0.391862,0.619627,-0.459264,-0.286469,0.334086,#
7,-0.275785,-0.157845,-0.328817,-0.240784,-0.199525,0.621231,-0.049407,1.0,-0.094278,-0.262616,-0.27631,-0.301227,-0.413162,0.292918,0.237189,-0.314561,-0.010139,-0.000377,0.100113,0.083421,0.14566,0.1885,-0.2992,-0.221923,0.218669,0.179874,0.261031,0.18522,-0.607492,-0.060947,0.311062,0.258996,0.500551,0.037446,-0.019387,-0.00938,0.011699,0.1159,0.171288,-0.232321,-0.1809,0.036234,0.387712,0.18102,-0.173383,0.121718,-0.165965,-0.273394,-0.211776,-0.211007,0.088175,0.15759,0.076577,-0.185656,0.073154,0.30062,0.253176,0.004979,-0.0029,0.169366,-0.001692,0.383928,-0.297252,0.313644,0.059999,0.020866,-0.035404,0.186846,-0.070468,-0.059821,-0.171519,0.145198,0.159317,0.147721,0.246796,-0.405625,0.341677,0.151718,-0.05808,0.382085,0.291292,0.184676,0.426359,-0.132386,0.283845,0.406522,0.220032,0.23518,0.125024,0.270697,0.106878,0.198986,0.157558,0.008317,0.465448,0.25338,-0.051743,0.188406,0.145181,0.063041,-0.163224,-0.067327,0.227761,0.052845,0.188305,0.029391,-0.096116,-0.164385,0.048886,-0.375714,-0.280936,0.257532,0.324241,0.250797,0.050309,0.197296,0.282943,0.063486,0.085445,0.143754,-0.067327,0.513939,-0.002884,-0.067632,-0.063384,0.258231,0.302176,-0.247987,0.217498,0.063746,0.393356,0.011325,-0.006907,-0.074391,0.153076,-0.00817,0.0,0.198641,-0.080901,0.2866,0.105988,-0.253274,-0.115022,0.082004,0.162406,-0.210849,0.447253,-0.267114,0.54111,0.225107,0.156445,0.103085,0.341677,0.266171,0.465234,-0.054415,0.010178,-0.207763,-0.052631,0.309856,0.154611,0.010199,0.27193,0.188262,0.238968,0.047757,0.253582,0.20662,-0.130214,0.45311,-0.161536,0.019366,0.17243,0.347857,-0.212677,0.101003,0.117651,-0.199417,0.002241,0.036007,-0.258738,-0.321486,-0.087563,-0.144967,-0.09796,-0.008053,-0.032355,0.25311,0.038518,-0.304668,-0.005746,-0.083454,-0.251174,-0.36403,0.120826,0.037666,-0.375179,-0.09092,0.216602,-0.090247,#
8,0.73201,0.117055,0.016007,-0.365281,0.277064,-0.054638,0.63398,-0.094278,1.0,-0.305175,0.11308,0.463068,0.328845,-0.258248,0.310703,0.20972,0.097257,-0.147316,0.201506,-0.216736,-0.34449,0.091231,0.15522,-0.167347,-0.084702,-0.433726,-0.107692,-0.293296,0.272626,-0.018678,-0.446186,-0.135254,0.030586,-0.182944,-0.144211,-0.153713,0.443746,0.108198,-0.030127,-0.069116,0.204722,-0.540068,-0.347411,-0.169866,-0.025124,0.2055,0.365977,0.095978,0.239405,0.417192,0.208661,-0.037279,-0.055159,0.127104,0.212601,0.057861,-0.271942,0.405271,-0.022275,0.026083,0.00893,-0.183964,-0.086063,0.105317,0.128076,0.249258,0.085522,-0.060551,0.306367,0.145228,0.021142,-0.249946,0.030349,-0.357746,-0.176627,-0.003561,-0.196899,-0.120766,-0.308269,-0.082923,-0.085324,-0.240884,-0.117693,-0.036457,-0.06618,0.006667,-0.31678,-0.327364,-0.148905,-0.256325,0.196491,-0.286893,0.003951,-0.112117,-0.26099,0.121991,-0.183811,-0.402202,-0.154599,-0.104795,0.001733,-0.480273,-0.29992,-0.383318,0.099809,-0.007826,-0.29751,0.146538,-0.335303,0.236291,-0.163571,-0.158777,0.031806,-0.199409,-0.00037,-0.602007,-0.423812,-0.20612,-0.092366,-0.430555,-0.318748,-0.292521,-0.091858,-0.551934,-0.412562,-0.005737,-0.138257,-0.065683,0.033125,-0.383318,-0.008959,-0.115063,-0.031959,-0.394827,-0.118746,-0.272395,0.0,-0.28855,0.045929,-0.220149,-0.134924,-0.070391,-0.49328,-0.206956,-0.387034,-0.048534,-0.385047,0.291111,-0.224946,-0.484908,-0.091568,-0.404826,-0.190552,-0.051786,-0.249519,-0.494568,0.01523,0.284634,0.013788,-0.485371,0.071473,-0.178284,-0.242324,-0.076216,-0.00074,0.172822,-0.004254,-0.059895,-0.114097,-0.219714,-0.051445,0.335476,0.099743,-0.294252,0.021151,-0.233012,0.026024,0.443464,0.090964,-0.223603,0.285814,0.476347,0.240472,-0.165425,0.396615,0.046782,-0.17631,0.298526,-0.187738,0.323523,0.088652,0.076165,0.382413,0.381633,-0.285098,0.027488,0.43391,-0.393243,-0.162447,0.200536,#
9,-0.039495,0.039265,0.226986,-0.109134,0.268979,-0.087055,-0.035144,-0.262616,-0.305175,1.0,-0.32019,0.110936,0.111171,0.22014,-0.61152,-0.054129,-0.35552,0.416276,-0.222029,0.035609,0.274405,-0.353474,0.154962,-0.004088,0.214355,0.020318,0.026564,-0.380369,-0.006038,0.460554,0.087674,-0.364901,-0.220993,0.123226,-0.074607,0.588662,-0.020695,-0.161842,-0.374533,-0.33574,0.174232,0.251459,0.069089,0.510965,0.44028,-0.460612,-0.022903,0.540267,0.233244,0.013922,-0.275898,-0.469388,-0.042251,-0.162348,-0.263909,-0.534319,-0.132545,-0.166515,0.089775,-0.061659,-0.106634,0.287114,-0.089178,-0.536422,-0.022754,-0.028925,-0.032845,0.288984,-0.053145,-0.073625,-0.106088,-0.411321,-0.220989,-0.165867,0.192277,0.320434,-0.340951,-0.428071,-0.085891,-0.025566,-0.057944,-0.19854,-0.059224,-0.20549,0.008198,-0.300065,-0.125462,-0.119677,-0.170949,0.071674,-0.08185,0.041961,-0.183319,0.049317,-0.235027,-0.046051,-0.015185,-0.025548,0.077412,0.116702,-0.116479,-0.06246,0.116601,0.120499,-0.353027,-0.290283,-0.011164,-0.238635,0.202149,-0.131297,0.483325,0.238195,0.061707,-0.226728,-0.129489,-0.001527,-0.067291,-0.166138,0.246937,-0.162875,-0.058982,0.396898,-0.190445,0.167885,-0.236742,-0.141264,-0.157601,0.108103,-0.231317,0.286881,-0.130864,0.215886,0.058164,0.738348,-0.194562,0.047836,0.0,-0.108051,0.232604,-0.317798,0.186549,-0.171872,0.334353,0.153214,0.129685,-0.076638,0.109534,0.299811,-0.35944,0.354997,-0.407686,-0.281237,0.149593,-0.059786,-0.090709,0.286881,0.299878,0.149918,-0.082852,0.175295,-0.066591,0.151092,-0.077157,0.308315,-0.142664,0.311474,-0.420716,-0.286414,-0.035489,-0.062716,0.229805,-0.102171,-0.291026,-0.396837,0.21174,0.185316,-0.000904,-0.085773,0.317253,-0.256303,0.022418,-0.287002,-0.393676,0.298904,-0.139603,-0.201331,0.213427,-0.040207,-0.362625,0.210781,-0.189814,-0.117972,-0.088154,0.103486,0.034719,0.006833,-0.083683,0.01041,0.190392,-0.157262,#
10,0.088542,-0.30596,-0.146125,-0.086872,-0.080625,-0.186122,0.164119,-0.27631,0.11308,-0.32019,1.0,-0.025452,-0.018024,-0.28083,0.314827,0.283025,0.009389,-0.465416,0.060067,0.082904,-0.053625,0.12157,-0.087874,0.012086,-0.426208,0.265964,-0.226751,0.237082,0.275235,-0.205448,-0.212555,-0.145295,-0.303914,-0.171697,0.301165,-0.222726,-0.175218,0.237064,0.079534,0.354773,-0.254144,-0.162752,-0.434742,-0.217675,0.118112,0.305035,-0.112583,-0.26488,0.320138,-0.078723,0.24151,0.196724,0.132389,0.384895,0.219229,0.350161,0.015038,-0.142299,0.096406,0.013198,0.156583,-0.201885,0.305607,-0.073641,0.042271,0.053021,-0.143213,-0.074554,-0.227541,-0.191489,0.060957,0.115157,-0.005725,0.005513,-0.164072,0.258797,0.001108,0.204281,0.013435,-0.242545,-0.164694,0.244919,-0.150976,0.081869,-0.083271,0.069812,0.175778,0.010217,0.105917,-0.225067,0.1172,-0.227127,0.361046,-0.41032,0.075762,0.181572,0.019754,-0.246438,-0.322028,-0.175629,0.050845,0.186578,-0.323947,-0.144783,0.254025,0.1908,-0.152629,0.016781,-0.154834,0.179766,-0.207866,-0.380587,-0.153163,0.179807,-0.149836,-0.071965,-0.218907,0.113092,-0.342465,-0.13802,0.237737,-0.464764,0.243078,0.218031,0.183338,-0.103859,0.101737,0.359594,0.010314,-0.319665,0.104905,-0.569421,-0.082381,-0.379979,0.198421,0.107092,0.0,-0.082922,0.024479,0.260464,-0.234669,0.198438,-0.270305,-0.091268,-0.058514,0.239299,-0.322532,-0.117155,0.266238,-0.471737,0.029942,-0.079025,-0.31963,-0.332986,-0.399118,-0.167262,-0.249857,0.083171,0.170212,-0.244455,-0.035147,-0.26736,0.104822,-0.244571,-0.094151,-0.13538,-0.018401,0.188142,0.313875,-0.601229,0.12746,-0.322362,0.071632,0.02613,0.132131,-0.257103,-0.251422,0.123984,-0.251555,0.006653,-0.04254,0.358861,0.18627,0.395032,-0.03857,0.229656,-0.077028,-0.10038,0.452904,0.166606,-0.066451,0.546736,0.117447,-0.105624,-0.108985,0.071972,0.283479,0.104357,-0.026518,0.29484,#
11,0.349106,0.085152,0.219171,-0.334128,0.224983,0.091162,0.611501,-0.301227,0.463068,0.110936,-0.025452,1.0,0.122348,-0.299712,-0.062075,0.397023,0.037528,-0.119852,-0.193588,-0.47915,0.034618,-0.133081,0.089364,-0.116197,0.137935,-0.357073,-0.069711,-0.579893,0.378852,0.309686,-0.578842,-0.186056,-0.278214,0.043433,-0.130415,0.277648,-0.116775,-0.251568,-0.06225,-0.099468,0.167727,-0.256157,-0.315172,-0.036706,0.048667,-0.022163,-0.005189,0.345033,0.111288,0.183577,0.188028,-0.324416,-0.098088,0.245955,0.100454,-0.06414,-0.253776,0.021426,-0.009544,0.299215,-0.147488,0.192105,-0.273583,0.22201,0.013421,-0.180437,-0.178251,-0.046631,0.305839,-0.142631,0.032955,-0.239788,0.011471,-0.291665,-0.453408,0.266486,-0.288827,0.065741,-0.599169,-0.533078,-0.472581,-0.34804,-0.272016,-0.084606,-0.218593,-0.2243,-0.427235,-0.595155,-0.247736,-0.046019,-0.182628,-0.213375,0.023368,-0.379589,-0.693904,0.021398,-0.275393,-0.684016,-0.439119,-0.082883,0.274392,-0.240992,-0.275083,-0.484485,-0.174357,-0.277825,-0.28219,-0.190907,-0.453408,0.0203,-0.281425,0.080786,-0.28418,-0.309131,-0.10158,-0.532596,-0.363744,-0.176987,-0.329241,-0.131161,-0.351004,-0.2875,-0.199174,-0.319327,-0.174602,-0.256024,-0.23593,0.064516,-0.155117,-0.32062,-0.192763,-0.223483,-0.358791,0.091317,-0.467815,-0.20028,0.0,-0.552492,0.027969,-0.514588,-0.23298,-0.020999,-0.403646,-0.224635,-0.3486,-0.188338,-0.485877,0.359405,-0.354405,-0.460386,-0.282778,-0.395673,-0.29855,-0.319024,-0.375664,-0.595913,0.17689,0.339035,-0.100033,-0.257851,-0.089683,-0.274767,-0.046599,-0.213972,-0.375919,0.283619,-0.02167,-0.050554,0.171546,-0.432048,0.211785,0.311386,-0.099235,-0.29056,0.408903,-0.536667,-0.244867,0.202088,0.028911,-0.389736,0.72281,0.255626,0.352329,0.225804,0.345457,-0.432896,0.09641,0.009182,-0.00162,0.527569,-0.018276,0.452026,0.478273,0.08473,-0.226678,0.287431,0.529584,-0.187516,-0.156501,0.150837,#
12,0.488472,-0.078747,-0.017287,-0.139282,0.458271,-0.287812,0.214508,-0.413162,0.328845,0.111171,-0.018024,0.122348,1.0,0.099962,0.032876,0.232294,0.03442,0.061027,0.145164,-0.142347,-0.443148,0.115241,0.305132,-0.054542,-0.127489,-0.160648,-0.014689,-0.172639,0.517626,-0.065576,-0.350572,-0.253257,-0.28295,0.113675,0.042273,0.242257,0.368758,-0.192172,-0.092192,0.019713,0.11152,-0.127763,-0.153337,-0.095157,0.230346,-0.027929,0.513637,0.111135,0.166694,0.363978,-0.101088,-0.302286,0.137314,0.139367,0.265002,-0.294758,-0.253265,0.494153,0.209503,-0.234588,0.309419,-0.170415,-0.20328,-0.008251,0.022808,0.301821,0.118194,-0.275875,0.26439,-0.070428,0.021924,-0.49459,0.001975,-0.380306,-0.078593,0.23473,-0.387063,-0.543751,-0.230515,-0.150918,-0.131404,-0.313389,-0.396765,-0.38089,-0.138596,-0.377726,-0.374208,-0.377776,-0.164618,-0.147851,-0.138616,-0.321705,-0.21202,0.01079,-0.148869,-0.560019,-0.228195,-0.145298,-0.071723,-0.511922,0.332021,-0.238979,-0.409906,-0.394004,-0.294509,-0.080851,-0.242535,0.039719,-0.222406,0.166755,0.066638,-0.114702,-0.046284,-0.229619,-0.377764,-0.340333,-0.619375,-0.135442,0.184173,-0.339548,-0.09558,-0.378669,-0.146996,-0.207717,-0.120515,-0.085228,-0.500284,0.229129,-0.472734,-0.242312,-0.122133,0.012048,0.023641,0.006283,-0.419098,-0.32379,0.0,-0.150947,0.039269,-0.638478,-0.499164,-0.227197,-0.004942,0.231796,-0.466138,-0.045603,-0.405474,0.506919,-0.611093,-0.212443,0.113896,-0.356163,-0.22781,-0.076287,-0.142067,-0.087587,0.243891,0.351913,-0.394664,-0.335166,-0.274391,-0.184505,-0.437791,-0.299776,0.108297,0.043416,-0.357641,-0.067054,-0.361326,-0.242312,0.267181,0.388816,-0.086131,-0.418045,0.214809,0.017569,0.001289,0.622996,0.321521,-0.473623,0.112536,0.370684,0.183196,0.006415,0.277779,0.071946,0.341473,0.087493,-0.224197,0.223555,-0.30047,-0.044047,0.445543,0.654189,0.076587,0.121673,0.447727,-0.320452,-0.348836,0.150278,#
13,0.039806,0.086607,-0.092714,-0.063972,0.339138,0.474931,-0.033487,0.292918,-0.258248,0.22014,-0.28083,-0.299712,0.099962,1.0,-0.0375,-0.032522,-0.049861,0.293416,0.19004,-0.191448,0.129253,0.005103,0.192573,-0.272394,-0.176211,-0.019528,0.049306,0.199673,-0.136147,-0.091442,0.204799,0.220526,0.000345,-0.143864,-0.298131,0.204118,0.120627,0.002334,0.092058,-0.547812,0.035308,0.28133,0.409752,0.391162,0.113385,-0.16802,0.334648,0.366396,-0.081251,-0.119243,-0.055512,-0.066378,0.105428,-0.201634,-0.295179,-0.163124,0.233889,0.406463,-0.244726,-0.185283,0.303841,0.193608,-0.196461,0.051412,0.004363,0.292677,0.086325,0.32319,0.181916,-0.079146,0.015846,-0.427276,-0.011231,-0.109915,0.03935,0.190383,0.049936,-0.460947,-0.138427,0.11811,-0.026107,-0.203684,0.014678,-0.109196,0.111173,0.021565,-0.119585,-0.113604,-0.021569,-0.206727,0.113485,-0.034753,0.035088,-0.036017,0.121607,-0.272573,-0.13268,0.116132,0.027023,-0.177561,0.376592,0.053324,0.010133,-0.112279,-0.212093,-0.109279,-0.188911,-0.423673,0.191287,-0.388183,-0.073848,0.112495,0.204037,0.062641,-0.133932,0.15331,-0.19168,-0.241595,0.279463,-0.108736,0.031336,0.347149,-0.210668,-0.083082,0.110268,0.031906,-0.359944,0.039516,-0.292995,0.048152,-0.06746,0.125653,-0.066928,0.292119,0.019506,-0.376058,0.0,-0.024963,0.217727,-0.057826,-0.202414,-0.143211,0.162517,-0.212033,-0.067088,-0.039059,0.052628,0.207053,-0.206044,0.350061,-0.184229,-0.085101,-0.108585,0.062327,0.117526,0.215377,0.268768,0.304132,-0.300391,-0.031356,-0.109241,-0.21662,0.11329,0.115485,0.202168,0.276067,0.169611,0.027012,-0.396913,0.224814,0.004757,0.224094,-0.283798,-0.177283,-0.038309,0.118239,-0.033123,0.019637,0.185922,-0.34309,-0.170189,-0.205094,-0.208921,0.134248,0.032001,-0.166076,0.467141,0.131479,-0.004953,-0.013696,-0.223873,-0.1279,0.012049,0.231424,0.20266,0.067621,0.017401,-0.213381,0.074812,0.092149,#
14,0.086262,0.014493,-0.19007,-0.228099,-0.151465,0.153846,0.044542,0.237189,0.310703,-0.61152,0.314827,-0.062075,0.032876,-0.0375,1.0,0.105715,0.078144,-0.187502,0.149707,-0.167195,-0.119455,0.424161,0.036255,0.274586,-0.162138,0.133381,-0.017928,0.229968,0.070207,-0.406359,-0.183533,0.357102,0.048456,0.055693,-0.198661,-0.355992,0.249021,0.13338,0.607743,0.127396,-0.229156,0.024453,0.115154,-0.134365,-0.153979,0.466984,0.28873,-0.331832,-0.025601,-0.107872,0.246303,0.279941,-0.032676,-0.093843,0.016653,0.369857,-0.120002,0.458205,-0.418083,0.255426,0.277008,-0.140364,-0.021413,0.479553,0.233807,0.369439,-0.301198,-0.154302,0.119726,0.122041,0.193557,0.191055,0.06025,0.081116,-0.195162,-0.284913,0.085352,0.347061,0.006399,-0.099571,0.036561,0.066542,0.048541,0.070979,-0.06149,0.129789,0.118711,-0.203975,-0.028569,-0.123957,0.235044,-0.00129,0.460614,-0.000458,0.18611,0.068776,-0.227073,0.060993,-0.33645,-0.032933,0.02212,0.239948,-0.302237,-0.095385,0.228193,0.398225,-0.296682,0.058988,0.127623,-0.140054,-0.434091,-0.301201,0.022048,0.410689,-0.028084,-0.036215,-0.2898,0.120546,-0.295097,-0.107635,0.069207,-0.136914,0.059353,-0.190038,0.128905,-0.029016,0.309814,0.16314,-0.083853,-0.258716,0.530804,-0.322882,-0.025175,-0.654253,0.091961,-0.008927,0.0,-0.008927,0.315579,0.095514,-0.022408,-0.252285,-0.280324,-0.125772,-0.089354,-0.038064,-0.098667,-0.208013,0.070525,-0.344673,0.290968,0.206323,-0.057026,-0.105003,0.038162,-0.274856,-0.076023,0.070868,-0.176083,-0.208367,-0.03943,-0.09139,0.048039,-0.263161,-0.015889,-0.081347,-0.076315,0.132924,-0.069168,-0.095385,-0.145124,0.190297,-0.162361,0.272813,-0.081702,-0.062704,-0.034754,0.169343,-0.19045,-0.239367,-0.046817,0.345532,0.194201,0.077631,-0.024095,0.149829,0.083699,0.349511,0.281419,-0.13263,-0.099571,0.296984,-0.161313,0.039698,0.122352,-0.233156,0.006762,-0.223354,0.206544,-0.007985,#
15,0.194001,-0.348864,-0.06885,-0.400899,0.142947,0.097354,0.415161,-0.314561,0.20972,-0.054129,0.283025,0.397023,0.232294,-0.032522,0.105715,1.0,0.2079,-0.353538,0.174621,-0.104772,0.041474,0.119772,-0.026443,-0.056999,-0.470751,0.054561,-0.366187,-0.042796,0.172866,-0.00093,-0.39246,0.08209,-0.329252,-0.040237,0.174004,-0.033011,-0.086763,0.087131,-0.145843,0.136321,-0.173356,-0.055314,-0.247266,-0.201478,0.232189,0.14815,0.086903,0.01531,0.128764,-0.007542,0.305166,-0.036314,0.100871,0.103594,-0.193506,-0.045717,0.038041,0.168521,-0.051776,0.097096,0.177666,-0.251444,0.123567,0.3595,0.244333,0.002091,-0.174878,-0.01459,0.213375,-0.277518,0.118323,-0.078452,-0.042912,-0.219957,-0.42243,0.276325,-0.382256,-0.085633,-0.258982,-0.35131,-0.243636,-0.17157,-0.455585,-0.153682,-0.209885,-0.174915,-0.392619,-0.382541,-0.117834,-0.148465,-0.068507,-0.14021,0.26035,-0.470512,-0.323364,-0.227372,-0.226999,-0.664621,-0.270697,-0.207701,0.387516,-0.030719,-0.461528,-0.046678,0.001677,-0.017327,-0.520581,-0.115585,-0.256095,0.066611,-0.308793,-0.412317,-0.24493,-0.037491,-0.238556,-0.130324,-0.155105,-0.172389,-0.434469,-0.088917,-0.155263,-0.265055,-0.019748,0.134317,-0.033395,-0.224441,-0.289836,0.379796,-0.401924,-0.231136,-0.2159,-0.147572,-0.222686,0.040458,-0.145571,-0.303852,0.0,-0.462303,-0.232303,-0.185428,-0.126803,-0.188547,-0.325856,-0.07074,-0.478719,0.478461,-0.395914,0.325152,-0.301001,-0.406116,-0.157982,-0.070676,-0.404433,-0.384146,-0.638688,-0.393108,0.044592,0.184752,-0.279118,-0.302762,-0.63372,-0.323,0.029358,-0.344035,-0.017956,0.245027,-0.048079,0.236629,0.066205,-0.341277,0.317656,0.241886,-0.33174,-0.135932,0.240104,-0.546973,-0.133494,0.174797,-0.345732,-0.272434,0.499546,0.278957,0.414901,0.585499,0.349697,0.037312,0.318896,-0.112887,0.504173,0.254199,-0.344663,0.451163,0.492995,0.198733,-0.043379,0.297112,0.657139,0.139755,-0.253616,0.057238,#
16,0.135975,0.037788,-0.050015,0.000324,0.090102,-0.104841,-0.136472,-0.010139,0.097257,-0.35552,0.009389,0.037528,0.03442,-0.049861,0.078144,0.2079,1.0,-0.497893,0.042961,-0.3943,-0.427794,-6.1e-05,-0.064666,0.129577,-0.237054,-0.248554,-0.268915,0.122788,0.064211,-0.164388,-0.030059,0.399989,-0.024063,-0.181506,-0.057307,-0.491517,-0.136037,0.057328,-0.145352,0.116931,-0.198007,-0.12169,3.2e-05,-0.110874,-0.121473,0.147214,0.031836,-0.238789,-0.136289,0.226405,0.245394,0.142793,0.07528,0.098584,0.200159,0.110812,-0.136146,0.086099,-0.165095,0.039468,0.048413,-0.219653,0.023163,0.426418,0.108211,-0.082504,0.085902,-0.230064,-0.019936,0.000843,-0.185584,0.262851,0.261606,-0.322777,-0.354542,0.27002,-0.319255,-0.018683,-0.049438,0.011562,0.040862,-0.101612,0.086138,0.35063,-0.296769,-0.193849,0.137611,-0.200083,-0.067621,-0.260152,0.184142,0.064258,0.013909,-0.272704,-0.094173,-0.14051,-0.007802,-0.115173,-0.0916,-0.259015,0.343446,0.014864,-0.084332,0.002903,-0.13165,-0.325132,0.286486,-0.248622,-0.19183,0.230178,-0.319749,-0.166975,-0.207802,0.173656,-0.201286,0.107538,0.209346,-0.134161,-0.089583,0.343557,-0.166613,-0.052953,-0.274689,-0.018707,0.161986,-0.3393,-0.240339,0.098302,-0.117673,-0.015697,-0.145745,-0.275007,-0.014928,-0.152208,0.10587,-0.085838,0.0,-0.403336,-0.442346,0.025252,-0.094254,0.229448,-0.065625,0.205045,-0.281274,0.068506,-0.159034,-0.009237,-0.103739,-0.341321,0.098053,0.188612,-0.172113,-0.341403,-0.251807,-0.344662,-0.384195,0.156298,-0.048454,-0.245025,-0.249801,-0.071374,-0.088003,-0.454914,0.1301,0.043054,-0.0534,-0.018847,0.117428,0.16155,0.275697,0.09395,-0.144938,0.105167,-0.239541,-0.141785,-0.268305,-0.218305,-0.305541,0.160674,0.01474,-0.24697,0.703797,-0.008719,0.127068,-0.104349,-0.000369,-0.036914,0.24088,-0.228897,0.036299,0.143181,0.277946,0.391987,0.277706,-0.015084,0.265425,0.357032,-0.184492,0.229997,#
17,-0.059089,0.288357,0.275335,0.172169,-0.154295,0.003702,-0.273615,-0.000377,-0.147316,0.416276,-0.465416,-0.119852,0.061027,0.293416,-0.187502,-0.353538,-0.497893,1.0,-0.107106,0.326255,0.021691,0.040623,0.325574,0.206895,0.515604,-0.151241,0.412943,-0.089189,-0.098958,0.057782,0.444841,-0.170537,0.207759,0.360592,-0.274194,0.223793,0.34321,-0.196078,0.114699,-0.376534,0.17521,0.31234,0.402873,0.147083,0.106695,-0.285086,0.379468,0.441078,-0.058107,-0.08401,-0.137655,-0.094961,-0.386232,-0.273238,-0.347844,-0.195597,-0.099996,0.07211,-0.03143,-0.273988,-0.238039,0.116657,-0.075259,-0.318058,-0.225852,-0.04236,0.233543,0.075203,0.000876,0.349048,-0.089319,-0.246336,-0.468035,0.334759,0.441123,-0.295125,0.174311,-0.148309,-0.010011,0.167417,0.03587,0.161744,0.127984,0.094191,0.464186,0.082681,-0.119928,0.069887,0.066478,0.033547,0.098746,0.168974,-0.191416,0.504576,0.236144,0.080284,0.135579,0.494347,0.181196,0.036734,-0.208719,-0.115214,0.085141,0.281621,-0.024245,0.205442,0.006883,0.234461,0.434273,-0.056119,0.390931,0.159048,0.387165,-0.073375,0.250475,0.080163,-0.110115,-0.1668,0.592696,-0.221575,-0.159105,0.159959,0.157681,-0.057225,-0.307677,0.291606,0.026083,-0.266093,-0.048453,0.044804,0.161652,0.3137,0.377138,0.305916,0.027773,-0.108118,0.0,0.468882,0.500925,-0.108094,0.222612,-0.091029,0.331501,-0.202114,0.087327,-0.123065,0.237558,0.028239,-0.223638,0.603812,-0.189409,-0.125304,0.346768,0.466844,0.405367,0.423296,0.389478,-0.245252,0.021355,0.415911,0.299434,0.371231,-0.000351,0.714769,0.109458,-0.029543,0.161255,-0.13357,-0.515991,0.089675,-0.209626,0.137588,0.209105,-0.195757,-0.219061,0.631434,0.460297,-0.001148,0.374246,-0.148642,-0.273623,-0.031527,-0.637336,-0.288505,-0.259444,-0.13653,-0.013612,0.324667,-0.504521,0.135073,-0.068887,-0.415,-0.142239,-0.156069,-0.075847,-0.345487,-0.320781,-0.080455,0.339935,-0.318232,#
18,0.255187,0.160913,-0.112883,0.025807,0.129963,0.015495,0.150491,0.100113,0.201506,-0.222029,0.060067,-0.193588,0.145164,0.19004,0.149707,0.174621,0.042961,-0.107106,1.0,-0.098244,-0.174249,0.378593,-0.211398,-0.126904,-0.666773,-0.306491,-0.383091,0.481607,0.105365,-0.391749,-0.175847,0.338518,-0.052848,-0.066558,0.079033,-0.064417,0.422821,0.71131,0.00012,0.038101,0.445927,-0.273333,-0.204167,-0.127825,-0.281142,0.074679,0.143362,-0.301065,-0.037701,0.105785,-0.13668,0.400124,0.329504,0.060839,-0.225638,-0.306137,-0.117809,0.276185,-0.127361,-0.262819,0.067175,-0.26838,0.312065,-0.11909,0.137427,-0.012941,0.279799,-0.14872,0.15797,-0.016029,-0.284442,-0.041141,0.202544,0.083519,0.031651,-0.16221,0.215947,-0.36082,0.146028,0.085786,-0.070432,0.11163,-0.197138,-0.272731,0.099567,0.070486,0.001521,0.036884,-0.163375,0.331312,0.386791,0.16345,0.032337,0.164901,0.126309,-0.108609,0.070819,0.073474,0.193517,-0.207725,0.053645,0.103782,-0.031138,0.104698,0.091444,-0.001703,-0.26577,0.049976,0.183265,-0.003989,-0.123356,0.005127,0.030971,0.070765,0.048607,-0.145876,0.116863,0.225794,0.15098,-0.098012,0.11338,-0.168643,0.454445,0.229207,-0.035836,0.214213,-0.170971,0.113148,0.091711,0.234967,0.026918,0.343337,0.084263,-0.382014,0.317368,-0.021268,0.0,-1.5e-05,-0.269061,0.057786,0.022179,0.139476,-0.117361,-0.087586,0.092091,0.280393,0.076608,0.224494,-0.22236,0.049918,0.117488,0.019507,0.057551,-0.06649,-0.035889,-0.057458,0.028018,-0.013614,0.147383,-0.302274,0.012704,0.054878,-0.002117,-0.041111,0.683865,0.126831,0.268244,-0.272738,-0.119974,0.406845,-0.300778,0.424529,0.152437,-0.034923,-0.177183,0.064622,0.054846,0.028047,-0.154862,-0.025371,-0.08269,0.181717,-0.070521,-0.051589,0.069639,0.122626,0.386509,-0.052093,-0.030092,-0.311499,0.079004,-0.122877,0.199697,0.203009,0.022131,0.079316,0.062832,-0.088986,-0.033425,0.144048,#
19,-0.260379,-0.406497,-0.205183,0.112212,-0.319633,-0.151708,-0.298628,0.083421,-0.216736,0.035609,0.082904,-0.47915,-0.142347,-0.191448,-0.167195,-0.104772,-0.3943,0.326255,-0.098244,1.0,0.03246,0.244374,0.043502,0.083384,0.145573,0.306417,0.258363,0.175941,-0.344934,-0.052857,0.504352,-0.259208,0.373727,0.286006,0.324178,-0.121402,0.073415,0.023566,0.009703,0.116417,-0.061494,0.132513,0.028274,-0.232945,-0.049549,-0.030823,-0.093444,-0.02253,0.073231,-0.323294,0.096248,0.159426,-0.299541,-0.200109,-0.203216,0.156131,0.082238,-0.171398,0.164511,-0.335815,-0.036114,-0.14039,0.348882,-0.257605,0.003572,-0.016553,0.189289,0.178812,-0.120366,0.250359,-0.13358,0.168962,-0.239739,0.253675,0.608937,-0.282065,0.276013,0.182282,0.310075,0.378544,0.205777,0.524436,0.19752,-0.104093,0.443609,0.283825,-0.061608,0.446311,0.334435,0.211191,-0.018671,0.175723,-0.239008,0.34001,0.490661,0.217728,0.226638,0.373385,0.318678,0.041004,-0.327766,-0.099375,0.202274,0.395946,0.373184,0.390198,0.066426,0.587829,0.117682,0.122469,0.475572,-0.300227,0.188238,-0.099375,0.27923,0.516449,0.355776,0.074747,0.214678,-0.036817,0.199628,0.005026,0.363948,0.274219,-0.246129,0.463669,0.284286,-0.297508,0.309615,0.049723,0.141469,0.17927,0.304002,0.160742,0.254217,0.126385,0.0,0.477904,0.11194,0.428053,0.290351,-0.086928,0.318907,0.082677,0.205381,0.275461,0.393267,-0.289139,0.385143,0.294082,0.061361,0.004268,0.416835,0.430661,0.382299,0.560006,0.127557,-0.587229,0.303547,0.492853,0.118224,0.307586,-0.131194,0.572511,0.138527,-0.234595,0.135368,0.223861,-0.115694,0.090455,-0.155584,-0.404971,0.40091,0.083076,-0.350098,0.427712,0.502516,-0.126713,0.106311,0.441491,-0.365541,0.011501,-0.581334,-0.163478,-0.173524,0.403439,-0.362405,0.050524,-0.121544,0.020704,0.039423,-0.310665,-0.293613,-0.411955,0.014165,-0.170301,-0.287507,0.26929,0.100225,-0.192433,#
20,-0.385293,-0.08257,-0.199757,0.080071,-0.034309,0.52729,0.038325,0.14566,-0.34449,0.274405,-0.053625,0.034618,-0.443148,0.129253,-0.119455,0.041474,-0.427794,0.021691,-0.174249,0.03246,1.0,-0.214146,-0.199494,-0.343408,0.16635,0.387781,0.119927,-0.029361,-0.163742,0.312988,0.098779,0.015856,0.005053,-0.073763,-0.249112,0.21416,-0.281091,-0.176459,0.141264,0.03853,-0.062457,-0.100584,0.248933,0.298745,0.056544,0.096091,-0.511748,0.014654,0.070321,-0.354416,-0.153272,-0.275964,0.104502,-0.106488,-0.147154,0.196585,0.419249,-0.357834,0.053476,0.30942,0.002922,0.16946,0.061247,0.028067,-0.230916,-0.095431,-0.354492,0.483803,-0.276237,-0.179506,0.218289,-0.092413,0.016813,0.281066,0.133449,-0.014766,0.280354,0.296148,-0.023044,-0.103097,0.037608,-0.092695,-0.032313,-0.217997,0.053411,-0.040633,-0.04333,0.127694,0.206869,0.198561,-0.112252,0.206914,0.112262,-0.126708,-0.1066,0.122433,-0.049917,-0.104213,-0.028003,0.416727,-0.282746,0.112995,0.134256,0.127508,-0.1012,-0.06147,-0.04945,-0.207888,0.288052,-0.438263,0.064328,0.119694,-0.226774,-0.211599,0.129322,0.037148,0.217828,0.050321,-0.317579,0.079087,0.129263,0.26883,0.074667,0.338484,-0.104526,-0.026977,0.214947,-0.000948,-0.113884,0.130574,-0.123786,0.030318,-0.287291,0.242602,-0.011251,0.198594,0.0,0.037038,0.105603,0.068688,0.044228,-0.1176,-0.17708,-0.167975,0.205732,-0.003929,0.286957,0.016898,0.201385,0.104852,-0.217296,0.077712,0.132447,0.105488,0.025293,-0.041859,0.115784,-0.11046,-0.178485,0.028498,-0.202624,-0.166113,0.180236,0.045833,-0.352965,0.02325,0.035223,0.122692,0.218373,-0.048756,-0.027197,-0.44681,-0.235915,0.14901,0.326093,-0.103043,0.032385,-0.048135,-0.11409,-0.137942,0.243719,-0.299225,-0.108961,0.45482,0.120325,-0.321862,0.070302,-0.400961,0.167793,0.184073,0.047643,0.13685,-0.197617,-0.541206,-0.025067,0.088621,-0.191353,-0.095408,0.091694,0.107626,#
