0,1.0,-0.001248,-0.323811,0.114056,0.30323,0.32469,-0.070159,0.033278,-0.524388,-0.049791,0.083079,0.195865,0.459936,0.162366,0.050161,-0.003262,-0.031595,-0.197454,-0.120303,-0.100823,0.140363,0.477902,0.025573,-0.075204,-0.108545,0.001102,-0.098909,-0.30229,0.315454,-0.249064,0.266685,-0.137644,0.030476,-0.22543,-0.231285,-0.062606,-0.024983,0.030777,0.012303,-0.383237,-0.001012,0.185826,0.041812,0.133995,-0.407677,0.099191,0.065385,0.028634,-0.273667,-0.218906,0.019038,-0.044423,-0.080214,-0.084473,0.178005,0.160302,-0.273152,0.287586,0.354598,0.155927,0.496681,0.250438,-0.159709,-0.112687,-0.000997,0.118269,-0.133196,0.195224,0.015296,-0.389615,-0.037039,-0.0373,-0.445366,0.076171,-0.660641,0.403435,0.029984,-0.04598,-0.433598,0.059202,-0.159452,-0.100687,0.235156,-0.075768,0.045642,-0.130244,0.2825,0.098606,-0.114545,-0.35407,-0.027439,-0.285407,0.013103,-0.127392,0.113341,0.067353,-0.167424,-0.069356,-0.114989,0.310261,0.117092,-0.123243,-0.066167,-0.124054,0.113993,-0.252648,-0.01917,-0.09262,-0.17476,-0.058714,-0.034786,0.045464,-0.153094,-0.055593,0.035035,0.152685,-0.201605,-0.204221,-0.008467,0.067548,-0.191572,0.005208,0.227649,-0.353207,-0.051166,0.224,0.07931,-0.098055,0.353275,0.388874,-0.359284,-0.111833,-0.158879,-0.094574,-0.421927,0.053276,-0.042097,-0.375701,0.322262,-0.189027,-0.198826,-0.220675,0.08671,0.25557,0.0033,0.247212,0.017799,0.011509,-0.2241,-0.244384,0.127668,-0.153394,-0.111062,0.062547,0.285999,-0.016806,0.117669,-0.001427,-0.089723,-0.518559,-0.055602,-0.399916,-0.166635,-0.138585,-0.014579,0.034819,-0.015753,-0.089328,0.000934,-0.204627,0.101401,0.203605,-0.189997,0.295023,0.043871,-0.154996,0.066544,-0.228454,0.079095,0.360894,0.004772,-0.301344,0.104544,0.217967,0.281098,-0.1478,0.23572,-0.070368,0.013185,0.051785,0.282348,0.146317,0.184716,-0.20257,-0.031577,-0.082181,0.040639,-0.1923,0.021978,0.196565,#
1,-0.001248,1.0,0.361705,-0.22354,-0.060485,0.316874,0.25074,0.192249,0.165161,0.148558,-0.292808,-0.101545,0.297615,0.195234,0.373116,-0.222888,0.106275,0.484219,-0.108554,0.214408,-0.354622,0.230956,0.357392,-0.142565,-0.137058,-0.400159,-0.097353,-0.307786,-0.249702,-0.027579,-0.28795,0.055306,0.39907,-0.009338,-0.375048,0.498061,0.374251,-0.175381,-0.21355,-0.127557,-0.230105,0.303728,0.023928,0.132336,0.345059,-0.451093,0.048918,0.061498,0.502299,0.245065,0.020083,-0.304537,0.044332,-0.331348,-0.163966,-0.284337,-0.210491,-0.553886,-0.141298,-0.361701,0.223141,0.25387,-0.215761,-0.096637,-0.031762,0.189825,0.034337,0.224269,0.324022,0.101077,0.208392,0.078123,-0.030328,-0.605324,-0.169985,0.323332,-0.14042,-0.53278,0.058743,-0.271095,0.211294,-0.439543,-0.300999,-0.084078,-0.292765,-0.122771,-0.201006,-0.04596,-0.285316,-0.347674,-0.046264,0.045972,-0.583778,0.071536,-0.442746,-0.132986,0.193866,0.11167,0.12827,-0.057638,-0.0752,0.060375,-0.040068,-0.106949,-0.205257,-0.266059,-0.347108,-0.186516,-0.541264,-0.395454,0.434995,0.487345,-0.173877,-0.039103,0.026263,-0.202356,-0.22601,-0.557461,0.219998,-0.64005,-0.1868,-0.552945,-0.505758,-0.382467,-0.294184,-0.347181,0.082246,0.295851,-0.09189,0.209048,-0.045253,-0.086701,-0.144239,-0.161934,-0.075988,-0.14712,0.183181,-0.21274,0.125095,-0.351014,-0.195175,-0.146303,-0.488291,-0.250248,0.011162,0.197646,-0.233299,0.366684,0.101256,-0.045226,-0.41661,-0.45664,0.059449,-0.27949,-0.211715,-0.359469,0.219559,0.356066,-0.269281,-0.120312,0.297002,-0.001086,0.271196,0.358102,0.04237,0.36353,-0.018705,-0.076874,-0.397738,-0.032607,-0.213615,-0.096758,-0.226649,0.091188,0.199842,-0.006815,-0.140174,0.248534,0.412465,-0.591405,0.325108,-0.128631,-0.319805,0.020696,-0.050806,-0.075262,0.191534,-0.095972,-0.519202,0.198851,0.285661,0.121858,0.186762,0.449197,-0.061159,0.007906,0.013894,0.023654,0.414251,-0.075139,#
2,-0.323811,0.361705,1.0,0.388241,-0.378678,-0.005235,0.254334,-0.051494,0.528834,-0.144325,0.02264,-0.276812,-0.160308,-0.098566,-0.078122,-0.318113,-0.177766,0.457874,-0.123006,0.337146,-0.068948,0.16223,0.195256,0.202845,0.226694,-0.115334,0.4797,0.284566,-0.15155,-0.096922,-0.05213,0.118516,-0.043557,0.078106,0.286416,0.062015,0.52761,-0.190796,-0.114945,0.042876,0.125591,0.165753,0.080784,0.037683,0.249277,-0.300011,-0.032036,0.194454,0.473925,-0.107712,-0.329649,-0.026362,0.304058,0.119024,-0.333046,-0.001283,-0.140828,-0.469079,-0.337012,-0.04506,-0.442135,-0.384922,0.062778,0.043791,-0.016858,-0.168201,0.184249,0.062612,0.076663,0.383553,0.312382,0.133118,0.180985,-0.106204,0.295518,-0.318957,-0.017534,-0.228599,0.1806,-0.258413,0.329748,0.017134,0.074161,-0.106092,0.185464,0.364191,-0.088091,-0.150772,0.096574,0.00301,0.265313,0.166799,-0.121238,0.002176,-0.150568,0.016817,0.477246,0.394322,-0.00742,-0.036932,-0.194895,0.293833,0.234862,0.071833,-0.114689,0.079871,-0.147794,-0.007118,-0.312091,-0.005315,0.543359,-0.024191,0.108224,-0.014308,0.472318,-0.175612,0.045745,-0.259659,-0.032326,-0.131133,0.131544,-0.027588,-0.205544,-0.155338,0.178371,-0.117328,0.053443,0.226512,-0.150523,0.24438,0.596587,-0.198574,0.099197,0.016544,0.590683,0.306276,-0.085297,0.386612,0.095899,-0.047997,0.016469,0.031265,-0.068819,-0.347831,-0.10321,0.155485,-0.139761,0.014924,0.556475,0.230336,0.034238,0.0117,0.385771,0.05882,0.082036,0.006943,-0.03959,0.061438,-0.009853,0.42593,0.507422,0.265059,0.024549,0.249692,-0.117452,-0.290527,0.256871,0.108066,0.246656,0.370736,-0.242182,-0.177766,-0.155438,0.196234,-0.280276,0.466358,0.121823,0.198208,-0.014331,-0.412952,0.089188,0.018693,-0.297267,-0.008243,-0.410386,0.306486,-0.168681,0.207955,-0.040603,0.041875,0.32904,-0.148856,-0.014115,0.158449,-0.335845,0.454653,-0.245482,0.109207,0.257809,-0.205343,#
3,0.114056,-0.22354,0.388241,1.0,-0.146312,0.025023,-0.177242,-0.348512,-0.078027,-0.249605,0.316395,0.117842,-0.30198,-0.22238,-0.343375,0.039889,0.086168,0.029542,-0.096373,0.270225,0.373222,0.081016,-0.092939,0.145279,0.380156,0.230784,0.194274,0.334908,0.087983,-0.364395,0.560506,0.170946,-0.123615,-0.18187,0.377047,-0.366155,0.080214,-0.220027,-0.384955,0.021103,0.071588,-0.032693,-0.089954,-0.05886,-0.059365,0.369551,-0.131739,0.080478,-0.055055,-0.092093,-0.09643,0.300746,0.239555,0.366123,-0.293838,0.163488,-0.117863,0.125363,-0.031965,0.235998,-0.366166,-0.396533,0.127116,-0.215792,0.210264,-0.297559,0.150523,0.264996,-0.139389,-0.183212,-0.138598,0.080876,0.146388,0.325558,-0.118888,-0.280385,-0.124017,0.002062,-0.079504,0.014876,0.360613,0.465953,0.408991,0.027121,0.289482,0.108545,0.356399,-0.122061,0.043118,-0.230915,0.2205,-0.096761,0.421306,-0.276378,0.267324,0.006785,0.127621,-0.070879,-0.412991,0.216896,0.039457,0.398081,0.269162,0.179116,0.128004,0.169646,0.118004,0.103697,0.160496,0.299439,-0.079013,-0.25617,-0.031634,0.087872,0.386271,0.16326,0.069587,-0.038798,-0.168647,0.48869,0.050407,0.298662,0.391644,0.005753,0.257175,0.164776,-0.006095,-0.154433,-0.047394,0.370584,0.317225,-0.067757,0.168441,0.286142,0.44614,0.263983,-0.124886,0.159308,0.230709,0.382363,-0.003173,0.211814,0.290138,0.125907,0.138111,0.166679,0.081549,-0.320783,0.301219,0.205116,0.109878,0.185957,0.161916,0.526925,0.17459,0.309423,-0.336855,0.009884,-0.1736,0.397262,-0.007041,0.016907,-0.018633,-0.178367,-0.369489,-0.542397,0.240645,0.146711,0.428697,0.129025,-0.340944,-0.009604,0.158718,0.017086,-0.715309,0.322767,0.076514,0.120789,-0.622724,0.232141,-0.325353,-0.208848,0.047073,0.079523,-0.173604,0.282414,-0.189034,0.241257,0.563674,-0.370794,0.053028,-0.184166,0.046234,-0.426782,-0.23363,0.216547,-0.376192,0.124187,-0.014482,-0.207187,#
4,0.30323,-0.060485,-0.378678,-0.146312,1.0,0.076595,-0.2667,0.331791,-0.45873,-0.12439,0.121835,-0.198243,0.267454,0.106907,0.100411,0.21057,-0.120775,-0.118232,0.165039,0.137507,-0.086624,-0.06686,0.089918,-0.05011,0.104676,0.026236,-0.532436,-0.317006,-0.096845,-0.150001,0.182385,-0.255184,-0.217533,-0.123795,-0.391771,-0.147969,-0.145014,-0.054291,0.040597,-0.09854,0.036172,-0.25765,-0.190533,0.078049,-0.043503,0.081142,-0.094698,0.265237,-0.115738,-0.253043,0.284613,-0.064169,0.139798,-0.224849,0.379581,0.271284,-0.21667,0.249108,0.103898,-0.131702,0.243929,0.001663,-0.285207,0.142513,0.075908,0.35135,-0.089424,-0.087364,0.174809,0.115476,-0.119691,0.074854,-0.003767,0.126436,-0.251553,0.37438,0.150715,-0.097092,-0.018741,-0.032188,-0.062709,-0.179165,-0.033371,0.32262,-0.024843,-0.196918,0.221188,-0.101392,-0.193559,-0.12011,0.008734,-0.180328,0.036115,-0.182962,-0.100757,0.005805,0.155357,-0.260832,0.290796,0.498363,0.064386,-0.235235,0.053761,-0.195388,-0.254821,0.102614,0.191291,-0.066182,0.030118,-0.604528,0.095978,-0.071653,0.161778,0.047326,-0.207352,0.041324,-0.137337,0.059138,0.133904,-0.044196,-0.102324,-0.096279,0.300377,0.045355,0.027501,0.017722,0.374524,-0.046775,-0.078444,0.284029,-0.141056,0.121656,-0.005764,-0.052298,-0.308746,0.127603,0.002171,-0.339034,-0.004337,-0.111452,-0.122338,-0.036733,-0.032239,0.078817,0.178495,0.257255,-0.144339,-0.076975,-0.102945,-0.493999,-0.26391,-0.068656,-0.511293,-0.039218,-0.269816,-0.132015,0.156644,0.069456,-0.105901,-0.303722,-0.054268,-0.159886,-0.102466,0.021686,0.207687,-0.021409,-0.144798,0.002032,-0.334681,-0.133856,-0.084022,-0.068982,0.197191,0.084204,0.138186,-0.037833,0.134535,-0.010111,0.023171,0.118371,0.093148,-0.204838,0.133391,0.126844,0.049946,-0.213448,0.12585,-0.532734,-0.216969,-0.008125,-0.309471,-0.309419,0.291805,-0.276877,0.182572,-0.214993,0.324888,-0.007344,-0.15092,0.104409,#
5,0.32469,0.316874,-0.005235,0.025023,0.076595,1.0,0.157026,-0.1168,-0.378851,-0.18196,0.231638,-0.073677,-0.045985,-0.07287,0.157409,0.023421,0.486245,-0.117045,-0.194232,-0.076684,-0.123306,0.334029,0.335674,-0.001083,-0.276297,-0.432215,0.006852,-0.356184,-0.069785,-0.434589,-0.010791,0.220787,0.173607,0.050677,-0.191395,0.143224,0.088365,-0.039068,-0.072354,0.174943,-0.044037,0.327997,-0.055543,0.230971,0.324321,0.036965,-0.099377,0.272771,0.055148,-0.226806,0.165328,-0.141837,0.086832,-0.331474,0.073346,-0.077118,-0.112092,0.043767,0.11439,-0.187099,0.320548,0.14808,-0.296174,-0.031894,-0.020958,0.13146,-0.302306,0.185345,0.382074,0.042632,-0.270586,0.548145,0.185429,-0.168124,-0.497198,0.109526,-0.425117,-0.259742,-0.464331,0.050738,0.289959,-0.285489,-0.057188,-0.202392,-0.080447,-0.091009,-0.040735,-0.298622,-0.24953,-0.634343,-0.198487,-0.196388,-0.189321,-0.175931,-0.107075,-0.329673,-0.300178,-0.161381,-0.015294,0.253802,-0.020288,-0.256286,0.051725,-0.357696,0.057565,-0.372048,0.003437,-0.02397,-0.536791,-0.239149,0.123615,0.004185,-0.294218,-0.004956,-0.140313,-0.310391,-0.654601,-0.175313,0.071259,-0.19946,-0.316637,-0.224899,0.063914,-0.530092,-0.258581,-0.030812,-0.154672,0.14906,0.126966,0.372079,-0.059165,-0.120949,-0.042263,-0.089366,-0.345325,0.06318,-0.075824,-0.346007,0.343146,-0.335893,-0.519024,-0.146434,-0.366971,0.243254,0.174974,0.167478,-0.209228,0.215117,-0.172142,0.102363,-0.076327,-0.061042,-0.139594,0.03116,-0.043543,-0.393644,-0.312471,-0.043629,-0.261975,-0.011914,0.318184,-0.171714,-0.049651,0.469361,-0.206717,0.335084,0.068815,-0.041744,0.051623,-0.304318,0.159831,-0.383266,-0.35293,-0.006334,0.050644,-0.33229,-0.144904,0.123525,0.034273,-0.03902,-0.130644,-0.182324,-0.029865,0.299697,0.160856,-0.052628,0.093403,-0.022425,-0.207641,-0.072238,0.204044,0.113739,0.199464,0.022533,0.093881,0.14457,0.083063,-0.053284,-0.06179,-0.365307,#
6,-0.070159,0.25074,0.254334,-0.177242,-0.2667,0.157026,1.0,0.277344,0.245262,0.260754,0.111957,-0.043239,0.181346,-0.317697,0.154306,-0.080653,0.038332,-0.139006,-0.040174,-0.202045,-0.423526,0.250109,-0.07249,0.022402,-0.172465,-0.070184,0.302313,-0.1646,0.343275,-0.065339,-0.507215,-0.082206,0.005994,0.115254,0.219136,0.419133,-0.229333,0.141896,0.167633,-0.173761,-0.253991,0.151636,-0.086937,-0.427174,-0.055935,-0.202129,-0.146564,-0.055585,0.266704,0.061097,-0.272997,-0.097904,-0.17386,-0.122787,-0.051819,-0.259529,0.241392,-0.329407,-0.312131,0.186882,0.270735,-0.046864,0.058793,0.155429,0.192863,-0.023458,0.233666,-0.071578,0.587961,0.103299,0.320137,-0.12323,-0.059371,-0.484499,0.092072,0.150208,-0.04076,-0.100938,0.006502,0.010084,-0.288779,-0.208463,-0.338692,-0.500136,0.114802,0.324063,-0.125964,-0.004031,-0.15982,-0.237811,-0.110127,0.101048,-0.045577,-0.053177,0.027307,-0.057081,0.266771,0.213984,0.029802,-0.431836,-0.04825,-0.028118,0.019047,-0.032308,-0.296666,-0.154116,-0.37408,-0.095474,-0.585042,0.01771,-0.047372,-0.001733,-0.118929,-0.255288,-0.267532,-0.287514,0.077868,0.056259,-0.264085,-0.023613,0.093797,-0.089149,-0.087725,-0.252681,-0.173581,-0.294873,0.08361,0.623281,-0.132045,-0.034285,0.056436,-0.500931,-0.479577,0.289483,0.348761,0.204944,-0.070183,-0.089368,-0.256293,-0.252993,0.284257,0.001643,-0.151187,0.064536,0.069521,-0.049538,-0.281646,0.429144,0.001918,0.04225,0.008661,-0.038522,0.301906,-0.326421,-0.311958,-0.255771,-0.031259,-0.056148,-0.15984,0.042589,0.109517,0.152754,0.192525,0.254062,-0.116313,0.116606,0.146272,0.224801,-0.094902,0.463833,0.58051,-0.078343,-0.265312,0.169113,0.32515,-0.138838,0.204944,0.001402,-0.001097,-0.164211,0.48543,0.155737,0.173744,0.09154,0.012708,-0.06354,-0.054523,0.35765,-0.137526,0.363708,0.027486,0.232783,-0.086412,0.388965,0.103715,0.299864,-0.10066,-0.075133,-0.06663,-0.169347,#
7,0.033278,0.192249,-0.051494,-0.348512,0.331791,-0.1168,0.277344,1.0,-0.126638,0.055238,-0.08633,-0.292266,0.375473,0.20937,0.138319,0.176034,-0.19843,-0.034679,0.113266,0.193681,-0.010404,0.011397,-0.1423,0.333556,0.10522,0.163403,-0.203836,-0.391525,0.14437,0.175869,-0.172035,-0.195792,0.335647,0.383251,-0.265256,0.293728,-0.01168,0.202981,0.300484,-0.011118,-0.148861,0.073977,-0.150372,0.014013,-0.396924,-0.409428,0.16856,-0.131666,0.132342,-0.289884,-0.221749,-0.030738,0.042446,-0.117817,0.037868,-0.088368,-0.140604,-0.137159,-0.226093,0.033926,0.205208,0.171938,-0.191435,0.110347,-0.165477,0.12988,0.333402,-0.078584,0.176957,0.056016,0.425504,-0.250316,-0.373616,-0.235657,0.179512,0.050555,0.147971,0.096241,0.240625,0.110531,-0.110031,-0.121895,-0.025523,0.208347,-0.124291,0.036417,0.109974,0.355731,-0.015468,0.041644,-0.231979,0.164908,0.001616,0.168917,-0.219073,0.268619,0.240697,0.392896,0.34549,-0.205013,0.091349,-0.011182,0.04542,-0.235785,0.211409,0.279742,-0.111931,-0.049295,-0.251956,-0.350401,0.131395,0.128484,0.031769,0.039715,0.085359,0.098705,0.179934,0.041842,-0.074365,-0.090619,-0.156973,-0.284118,-0.090956,0.10903,-0.007084,-0.152943,-0.014141,0.139488,-0.141794,-0.01838,0.08212,0.070708,-0.145429,0.028279,-0.218614,0.043097,0.273656,0.074818,-0.192499,-0.010681,0.473143,0.202616,0.04866,0.187642,0.051512,-0.163241,-0.002529,0.158269,0.035065,-0.300066,-0.207439,0.068682,-0.067007,-0.06697,-0.433165,-0.139657,0.418995,-0.248312,0.123288,0.114637,-0.012256,0.391409,-0.109498,0.080591,0.001175,-0.122206,0.391976,-0.3425,-0.216767,0.297892,0.102293,-0.182506,-0.083578,0.096925,0.276115,-0.184013,0.420975,-0.303008,-0.005205,-0.077361,0.35309,0.098278,-0.023266,0.02618,0.088334,0.101133,0.256924,-0.121174,-0.078928,0.365037,0.117759,-0.087986,-0.035213,0.044022,-0.282594,-0.178111,0.090939,0.047366,0.147429,-0.250199,#
8,-0.524388,0.165161,0.528834,-0.078027,-0.45873,-0.378851,0.245262,-0.126638,1.0,0.170937,-0.224101,0.13039,-0.027266,-0.025188,-0.096161,-0.458072,-0.119107,0.381618,-0.030354,-0.187226,-0.332967,-0.003719,0.122496,0.171812,0.19153,0.099831,0.335428,0.280167,-0.037282,0.110193,-0.114147,0.07348,0.07401,-0.063382,0.324221,0.336565,0.276567,-0.164509,-0.110399,-0.058345,0.067034,-0.223625,0.252452,-0.152669,0.200772,-0.281691,-0.388606,-0.055875,0.244993,0.368222,-0.156219,-0.208859,0.005919,0.043995,-0.462894,0.152247,0.188933,-0.417044,0.040865,0.052596,-0.289037,-0.22807,0.133332,-0.17235,0.196267,0.003939,0.383674,-0.265518,-0.104659,0.371397,0.208191,0.034641,0.086021,-0.259717,0.51692,-0.190614,-0.010418,-0.098248,0.309789,-0.226905,0.044402,0.130637,-0.289109,-0.346635,0.281634,0.311546,-0.238763,0.149857,0.039447,0.327856,0.095788,0.498079,-0.280044,0.176771,-0.047502,-0.101392,0.289042,0.265919,0.026004,-0.300924,0.02212,0.411375,0.115057,0.266941,-0.239088,-0.055541,0.012355,-0.067868,0.119673,0.169404,0.284578,0.011218,0.259974,-0.352151,0.050404,-0.039361,0.293434,-0.061261,0.041078,-0.093424,0.207598,-0.030128,-0.135456,0.127302,0.118628,-0.115331,0.201105,0.033016,0.038474,-0.276994,0.240207,0.034907,0.091766,0.133412,0.528383,0.033142,-0.144431,0.13992,-0.237445,0.038922,0.157318,0.069548,0.023106,-0.297741,-0.27686,-0.021069,-0.114394,0.230912,0.287125,0.159023,0.154139,0.083878,0.272066,-0.227958,0.054415,0.141977,0.110074,0.168392,0.02493,0.21242,0.149892,0.324638,0.041191,-0.148977,0.363938,-0.009979,-0.068246,0.099246,0.092503,0.32634,-0.104865,0.310145,-0.030832,0.213554,0.111691,0.267843,0.026028,0.205037,0.226874,-0.456392,0.114472,0.111986,-0.277442,-0.022117,-0.253585,-0.140614,-0.084977,0.208135,-0.09305,0.239522,-0.055715,-0.021683,-0.15789,0.496321,-0.179229,0.378921,0.027345,0.078231,0.156605,0.116014,#
9,-0.049791,0.148558,-0.144325,-0.249605,-0.12439,-0.18196,0.260754,0.055238,0.170937,1.0,-0.559333,0.457506,0.318313,0.321391,0.40838,0.138806,-0.134291,0.217212,0.03995,-0.009691,-0.309328,0.170925,0.118755,-0.023585,0.006065,-0.07531,0.200406,0.10919,0.144871,0.491035,-0.26317,-0.067564,0.077844,-0.079379,-0.214226,0.498111,-0.316285,-0.046488,0.122451,-0.039571,-0.145297,-0.076461,-0.122984,-0.46954,-0.157479,-0.357385,0.216182,0.180254,-0.086519,0.376619,-0.159552,-0.119172,-0.174797,-0.183277,0.023955,-0.212597,0.173721,-0.231816,0.088986,-0.195999,0.175396,0.064825,-0.134568,-0.075382,0.301787,0.082695,-0.058542,0.255811,-0.021741,-0.181029,0.098736,-0.290255,-0.165781,-0.223354,0.210019,0.266138,0.169465,-0.270761,0.155928,0.123033,-0.303503,-0.34435,-0.43101,-0.134434,-0.018409,-0.019491,-0.401007,0.144216,0.060035,0.00934,-0.073896,0.018265,-0.070221,0.363724,0.14753,0.103752,-0.085878,0.283759,0.235327,-0.286635,-0.179192,0.076129,-0.236155,0.105274,-0.056171,-0.035663,-0.481558,-0.15459,-0.212493,-0.207347,0.028396,0.202557,0.107368,-0.168098,-0.460196,-0.375428,-0.081667,0.122324,0.419302,-0.250157,0.203784,-0.187254,-0.291589,-0.211831,-0.400602,-0.083498,-0.070425,0.133463,0.174567,-0.453091,-0.080807,0.242378,-0.46515,-0.046502,-0.023533,-0.341289,-0.136518,-0.202135,0.145865,-0.116416,0.177959,-0.290005,-0.317786,-0.379943,-0.086628,0.292694,-0.089276,0.143172,-0.390183,-0.228613,-0.199817,-0.516275,0.109611,-0.366124,-0.092208,0.029962,0.237644,0.483708,-0.169181,-0.179995,0.053968,-0.251096,-0.005603,0.259578,0.376928,0.31036,-0.246947,-0.112687,-0.458236,0.137938,0.053554,0.279406,-0.204691,0.009242,0.265954,-0.496361,-0.341289,-0.025259,0.340428,-0.361753,0.223418,-0.235787,-0.285879,-0.34959,0.226198,-0.206759,0.248614,0.22092,-0.33131,0.096277,0.279729,-0.037331,-0.004729,0.668817,-0.018112,-0.13256,-0.146743,0.079664,0.373032,0.261024,#
10,0.083079,-0.292808,0.02264,0.316395,0.121835,0.231638,0.111957,-0.08633,-0.224101,-0.559333,1.0,-0.278815,-0.130904,-0.575245,0.004828,-0.147751,0.121184,-0.384914,0.09996,-0.140528,0.118376,0.026225,-0.265082,-0.016692,-0.063983,-0.126165,-0.297158,-0.017475,0.024291,-0.496498,0.305582,-0.114998,-0.503377,-0.129244,0.478979,-0.430868,-0.072146,-0.025123,0.026342,0.15149,0.056347,-0.053143,-0.063161,0.036148,0.056166,0.49714,-0.322792,0.096276,0.16697,-0.516477,0.049751,0.364432,0.179452,0.224545,0.095563,0.009589,-0.224286,0.352225,-0.169145,0.077047,-0.059399,-0.250369,0.003993,0.043146,0.113689,-0.25659,0.004819,-0.259597,0.427062,0.015036,0.1096,0.163727,0.280076,-0.146728,-0.203509,-0.124565,-0.0943,0.287936,-0.124688,-0.305277,0.219621,0.193076,-0.002361,-0.161722,-0.106633,0.208966,0.458328,-0.155863,-0.154801,-0.074465,-0.139019,-0.257022,0.25564,-0.279969,-0.174174,-0.13346,-0.093074,-0.351101,-0.184464,0.095876,0.026896,-0.184189,0.327197,-0.131745,-0.025163,-0.000786,0.097742,0.072852,-0.100994,0.272376,-0.155702,-0.029913,-0.272933,-0.075527,0.054111,0.08342,0.081653,0.140108,-0.28384,0.357239,-0.037338,0.12144,0.242863,0.080142,0.333832,0.110529,-0.059964,0.328012,-0.095073,0.350971,0.27262,-0.210541,0.097659,0.202278,0.167677,0.357282,-0.186419,0.219125,-0.114682,0.257344,-0.108209,0.505319,0.164018,0.241954,0.272875,0.120958,-0.310079,0.024406,0.145283,0.254957,0.003388,0.259573,0.026079,0.004295,-0.048297,-0.265342,-0.640837,-0.485086,-0.189159,0.129021,-0.109918,0.065246,0.152847,-0.046519,-0.271917,-0.276666,0.065825,0.26764,0.259181,0.089107,0.16404,-0.199634,0.22371,0.027955,-0.12247,0.094141,0.182031,0.063577,-0.560137,0.564538,-0.023358,0.184221,0.518156,0.524032,-0.01792,-0.141354,-0.29919,-0.206436,0.544665,-0.012306,-0.386861,0.082731,0.237836,-0.542128,0.232921,0.182795,0.099013,-0.075564,-0.418496,-0.314629,#
11,0.195865,-0.101545,-0.276812,0.117842,-0.198243,-0.073677,-0.043239,-0.292266,0.13039,0.457506,-0.278815,1.0,0.121367,0.174086,-0.115454,-0.012025,0.276055,-0.008176,-0.117796,-0.420922,0.094047,-0.076939,-0.142193,-0.141435,0.082673,-0.015857,0.065462,0.246752,0.122935,0.154132,0.045136,-0.122897,0.057574,-0.414463,-0.008781,0.32634,-0.212816,-0.245506,0.016999,-0.146183,0.18475,-0.106096,0.035388,-0.241068,-0.223098,0.079113,-0.309197,0.113206,-0.412923,0.462023,0.023474,-0.042466,0.046408,0.028968,-0.119806,-0.001233,0.166099,-0.061274,0.139255,0.390041,0.081275,0.344111,0.245188,-0.566723,0.257524,0.018092,-0.175295,0.004076,-0.219671,-0.234891,-0.189284,-0.215126,-0.026206,0.196247,-0.19492,0.13571,-0.292285,-0.060473,-0.277632,0.218694,-0.145351,0.19843,-0.103484,-0.317465,0.0496,-0.266459,-0.182216,0.115461,0.041509,-0.027168,-0.015761,0.037147,-0.024685,0.063057,0.287898,0.044697,-0.147865,0.122589,-0.080802,-0.036237,0.343874,0.219232,-0.399529,0.060169,-0.045031,0.06462,-0.030122,0.229576,0.295658,0.108459,-0.182645,0.080079,0.042825,-0.218863,-0.112587,-0.016964,-0.023485,0.123666,0.378607,0.024125,0.130742,-0.181006,0.218422,0.131893,-0.177577,-0.137616,-0.15701,-0.272369,0.260843,-0.124822,-0.204338,0.250787,-0.348918,0.185944,-0.061456,-0.309527,-0.013709,-0.191609,0.319306,0.127763,0.011804,-0.214455,-0.110804,-0.015844,0.026943,0.236928,0.008122,-0.134519,-0.371751,-0.050171,-0.039904,0.00374,0.065335,0.059066,-0.030944,0.161907,-0.062348,0.445915,-0.064018,-0.100238,-0.221011,-0.380497,0.281268,-0.038662,0.230159,0.213071,-0.187714,0.001045,-0.027117,-0.027451,-0.073573,0.431099,0.139129,-0.06191,-0.11094,-0.176432,-0.302561,0.096167,0.090677,0.163601,-0.155084,0.050753,-0.124377,-0.268333,0.271258,0.049078,0.243755,0.531367,-0.010566,0.054136,0.052166,0.152969,0.027081,0.29189,-0.198101,-0.139918,0.187501,-0.184618,0.184131,0.197835,#
12,0.459936,0.297615,-0.160308,-0.30198,0.267454,-0.045985,0.181346,0.375473,-0.027266,0.318313,-0.130904,0.121367,1.0,0.279098,0.101568,-0.252852,-0.090781,0.088327,0.062529,-0.030296,-0.284422,0.280383,0.112368,-0.136603,-0.352231,-0.273351,-0.124255,-0.259785,0.031042,0.129348,0.130935,-0.131293,0.10213,-0.030192,-0.37593,0.433617,-0.00269,0.061102,0.074172,-0.307891,0.033299,0.070629,0.084724,-0.035329,-0.324679,-0.348288,0.018087,0.152834,0.146989,-0.014964,-0.316059,0.150036,-0.006116,-0.033133,0.07688,0.088085,-0.170494,-0.062412,0.336032,0.085396,0.529499,0.209202,-0.198279,-0.113224,-0.043255,0.304481,0.066504,-0.00859,0.371683,-0.096725,0.420769,-0.187073,-0.687084,-0.333479,-0.077008,0.612793,0.213789,-0.005219,0.145735,-0.307933,-0.038347,-0.223107,-0.273507,-0.112079,-0.218877,-0.052214,0.195588,0.414992,-0.270329,-0.213718,-0.071306,-0.107409,-0.242496,0.240417,-0.186203,0.195892,0.103418,0.099184,0.376139,-0.284896,-0.040508,0.098083,0.287524,0.021965,0.095025,-0.128014,-0.191924,-0.291147,-0.332162,-0.254122,0.200342,0.312561,-0.113198,-0.041889,-0.029437,-0.135265,-0.059341,-0.241472,0.153946,-0.34319,0.084799,-0.363172,-0.197336,-0.322675,-0.049093,0.080904,0.216151,0.383353,0.323175,0.10036,-0.359758,0.196431,-0.117045,-0.043464,-0.159161,-0.013383,-0.213895,-0.350773,0.054819,-0.100473,0.067394,-0.001192,-0.194842,-0.036857,0.313007,0.35678,-0.461119,0.254771,-0.070565,-0.558466,0.020786,-0.229112,0.026746,-0.323567,-0.030533,-0.052913,0.364827,0.200698,-0.066353,-0.553552,0.062474,-0.039137,-0.129074,0.135836,0.490896,0.323348,-0.045933,-0.26673,-0.46703,0.237519,-0.043695,0.287926,-0.139904,0.371065,0.395363,-0.336555,-0.005707,-0.067044,0.382571,-0.109455,0.05622,0.017931,-0.071206,0.132894,0.184431,-0.219885,0.545645,-0.282024,-0.261599,0.327388,0.163347,0.062422,0.240182,0.337606,-0.102928,-0.244982,0.162771,0.083307,0.120809,0.18209,#
13,0.162366,0.195234,-0.098566,-0.22238,0.106907,-0.07287,-0.317697,0.20937,-0.025188,0.321391,-0.575245,0.174086,0.279098,1.0,0.252809,0.002085,-0.228988,0.445014,0.206788,0.035742,-0.083793,0.271918,0.381657,0.29687,-0.110262,-0.016838,0.089988,0.072035,-0.093352,0.553545,0.022466,0.046255,0.361652,-0.008837,-0.282268,0.34967,0.233999,-0.373394,0.262317,-0.119633,-0.081872,0.312336,0.226395,0.200223,-0.376624,-0.42179,0.31968,-0.095791,0.011634,-0.002588,-0.158171,-0.034803,0.010621,-0.008349,-0.113474,-0.023586,-0.231759,-0.028388,0.16018,-0.132054,0.053865,0.20738,-0.237714,0.155001,-0.151281,0.173876,0.04925,0.227882,-0.201733,-0.041132,-0.1674,0.134042,-0.443218,0.00728,-0.173921,0.128121,-0.005579,-0.419621,-0.084991,0.031271,0.022809,-0.306158,-0.155191,0.152278,-0.100799,-0.095905,-0.224351,0.26578,-0.171473,-0.077912,0.177311,-0.146025,-0.395265,0.19398,-0.087295,0.010692,-0.172042,0.096469,0.117044,-0.077476,0.125645,-0.102919,-0.026433,-0.153264,0.0957,0.027202,0.105356,-0.175912,-0.078954,-0.210128,0.344252,0.303078,0.202148,0.09705,0.016542,-0.070154,-0.222101,-0.238785,0.374675,-0.448448,-0.225406,-0.347407,-0.157381,-0.254038,-0.286899,0.018594,0.09455,-0.122759,0.166386,-0.151843,-0.005155,0.211665,-0.178073,-0.437612,-0.570664,-0.299181,0.146487,-0.008005,0.12651,-0.220031,0.012717,-0.356745,-0.287346,-0.312335,-0.350129,0.021657,-0.056512,0.047284,-0.413505,-0.384122,-0.265057,-0.289805,-0.133114,-0.133414,-0.02858,0.169254,0.48409,0.268454,0.114036,-0.089289,0.258937,-0.003326,-0.113556,0.099498,0.223654,0.192282,-0.051209,-0.323263,-0.203549,-0.010474,-0.212397,0.155179,-0.41879,-0.107376,0.018122,-0.386139,-0.17154,-0.150755,0.448027,-0.306564,0.100927,-0.320891,-0.279463,-0.249607,0.153678,0.145577,0.220008,-0.281912,-0.240855,0.104703,0.316837,-0.016686,-0.096656,0.30839,-0.182781,-0.431335,0.175804,-0.190819,0.339405,0.19424,#
14,0.050161,0.373116,-0.078122,-0.343375,0.100411,0.157409,0.154306,0.138319,-0.096161,0.40838,0.004828,-0.115454,0.101568,0.252809,1.0,-0.044074,-0.07516,0.132887,0.47989,-0.11257,-0.383663,0.254976,0.195393,0.073882,0.024747,-0.229058,-0.206617,-0.005102,-0.10716,0.1594,-0.313326,-0.12793,-0.050451,-0.033829,-0.051096,0.188285,0.041853,-0.256147,0.162014,-0.009183,-0.327084,0.263092,0.062833,0.038823,0.074229,-0.115465,0.304579,0.117407,0.318151,-0.136435,0.091288,-0.184351,-0.099668,-0.301406,0.262905,-0.436067,-0.271545,-0.117289,-0.220867,-0.512105,0.130761,0.059485,-0.310822,0.313458,0.06836,-0.082406,-0.205913,0.206021,0.196917,-0.204445,0.115191,-0.053644,0.112376,-0.663677,-0.208786,0.258915,0.105225,-0.351531,-0.097079,-0.336191,-0.036492,-0.778862,-0.561601,-0.027265,-0.463616,0.047888,-0.345006,0.079605,-0.220279,-0.099068,-0.248669,-0.240484,-0.224513,0.109604,-0.478031,-0.334002,-0.38241,-0.142273,-0.048939,0.077139,-0.0545,-0.401704,-0.136366,-0.32822,-0.135988,-0.176986,-0.450422,-0.195789,-0.513652,-0.297395,0.111033,0.462954,-0.19363,-0.262275,-0.396106,-0.336287,-0.245606,-0.162896,0.156267,-0.355409,-0.213625,-0.297376,-0.421225,-0.351961,-0.26765,-0.355983,-0.040771,0.343934,-0.158015,-0.2212,0.147988,-0.096134,-0.548123,-0.172733,-0.294943,-0.296251,0.104216,0.014665,0.159687,-0.3821,-0.326976,-0.036157,-0.466879,-0.33528,-0.374459,0.189029,-0.255151,0.381907,-0.497594,-0.175821,-0.654213,-0.744157,-0.147657,-0.663404,-0.178192,-0.610483,-0.138814,0.196424,-0.461464,-0.190585,0.134396,-0.228369,0.228785,0.307867,0.088577,0.215512,-0.420784,0.10936,-0.421022,-0.162378,0.183075,0.075826,-0.354668,-0.092714,0.498604,-0.379593,-0.296251,0.202845,0.251673,-0.273615,0.450794,-0.339788,0.100471,0.208166,0.314241,-0.420617,-0.172583,-0.281224,-0.229468,0.143767,0.175156,0.349516,0.429071,0.233266,0.354204,0.084291,0.137893,-0.168559,0.013168,0.193407,#
15,-0.003262,-0.222888,-0.318113,0.039889,0.21057,0.023421,-0.080653,0.176034,-0.458072,0.138806,-0.147751,-0.012025,-0.252852,0.002085,-0.044074,1.0,0.022051,-0.195118,-0.117942,0.128051,0.024508,-0.378957,0.167339,-0.045669,0.172462,0.346149,-0.129122,-0.261845,0.122521,0.14531,-0.178075,-0.341482,-0.029322,0.105599,-0.180013,0.028593,-0.257796,0.047119,0.237826,0.37646,-0.245072,-0.090575,-0.765476,-0.041223,0.050898,0.31157,0.347789,0.083819,-0.561677,-0.009391,0.255635,0.163776,-0.149634,0.068987,0.22152,-0.247996,0.210564,0.235697,-0.302423,-0.103435,0.000946,-0.180697,0.005406,0.061634,-0.039281,0.069635,-0.277819,0.219051,-0.244255,-0.187773,-0.184173,-0.199816,0.037429,0.282296,0.032834,-0.05614,-0.088535,-0.24376,-0.18602,0.278191,-0.219013,-0.008107,0.17887,0.404376,0.185626,-0.399743,-0.24376,-0.040704,-0.02207,-0.066918,0.117898,0.094005,0.134299,0.10784,-0.032371,0.298022,-0.119078,-0.141209,-0.140325,0.032354,0.025669,-0.208932,-0.345044,-0.112928,0.059195,0.058232,-0.260832,0.430684,0.036218,-0.065519,-0.244021,-0.038777,0.333967,-0.062307,-0.022243,0.226846,0.138538,0.035466,0.027568,0.092986,-0.160271,0.133296,0.196396,0.033815,0.110286,0.142308,-0.207125,-0.197163,-0.235904,-0.225982,-0.275765,0.095259,-0.088756,-0.012881,-0.285518,-0.144308,-0.010553,-0.002702,0.011705,-0.15279,0.230473,0.003616,0.083115,0.231733,0.112644,-0.16399,0.373072,0.054192,-0.176576,-0.17921,-0.03795,0.121136,-0.313397,0.083865,-0.031734,0.152365,-0.027532,0.12511,-0.152849,0.158637,0.100299,-0.105443,-0.061598,-0.156936,-0.463695,-0.168721,-0.101313,-0.198846,0.12107,-0.1898,0.01387,-0.274242,0.014622,-0.408496,-0.276038,-0.125481,-0.144308,-0.073234,-0.147859,0.18226,-0.029272,-0.289902,-0.003383,0.000877,0.347046,0.096497,0.149612,0.058749,-0.045612,-0.189688,0.205177,0.033164,-0.089329,-0.035795,-0.20707,-0.248471,0.020583,-0.312179,0.047422,-0.145408,#
16,-0.031595,0.106275,-0.177766,0.086168,-0.120775,0.486245,0.038332,-0.19843,-0.119107,-0.134291,0.121184,0.276055,-0.090781,-0.228988,-0.07516,0.022051,1.0,-0.265892,0.138892,-0.173026,0.030517,-0.230082,-0.003281,-0.312297,-0.100035,-0.330178,-0.134056,-0.19826,-0.09243,-0.206075,0.025029,0.231381,0.284333,0.226502,0.00424,0.186225,0.132957,0.025038,-0.416046,0.125351,0.233452,0.196783,-0.018132,0.429406,0.374241,0.158678,-0.230293,0.077929,-0.010569,0.193858,0.09404,0.111686,0.280247,-0.304986,-0.140175,-0.168375,0.203066,0.050158,0.120401,0.127568,0.040421,0.319582,0.25802,-0.361294,0.008112,-0.01895,-0.299124,-0.058496,0.109978,-0.122164,-0.156848,0.214981,0.249716,-0.039073,-0.102806,0.116838,-0.489724,0.042517,-0.173077,0.115527,0.164904,0.13632,-0.030855,-0.194805,-0.172819,-0.324639,-0.091063,0.099223,-0.072306,-0.469922,-0.179997,0.15757,0.038872,-0.173445,-0.102691,-0.185528,-0.3828,-0.275818,-0.320318,0.055278,0.066932,-0.03855,-0.063783,-0.196391,0.25342,-0.040072,0.21664,0.037071,0.016067,0.0167,-0.134706,0.087094,-0.188087,0.026259,0.00533,-0.137967,-0.353083,0.034098,-0.230433,-0.009368,-0.107522,-0.091047,0.163849,-0.162747,-0.048023,-0.163616,-0.353399,-0.045003,-0.131317,-0.039359,-0.266158,0.113789,0.016332,0.338368,-0.095251,-0.22819,0.199702,-0.330585,0.267633,-0.122841,-0.476254,0.270911,-0.042219,0.454966,0.336635,-0.002698,-0.138886,0.045631,-0.100892,-0.020129,-0.064741,0.202914,-0.013839,0.137756,-0.249276,-0.269521,-0.299942,0.058632,-0.309367,0.11255,-0.066319,-0.144041,0.266641,0.121648,-0.018948,0.273327,0.053747,0.038818,0.229467,-0.28379,-0.073839,0.198275,-0.002846,-0.112529,0.126294,-0.195627,-0.221445,0.349817,-0.155228,0.093872,-0.43601,0.100581,0.174946,0.316079,0.057091,0.0579,0.309607,0.287145,0.11031,-0.245097,0.030406,0.383847,0.296721,0.031149,0.000812,0.296594,0.319263,-0.01099,-0.356073,-0.364106,#
17,-0.197454,0.484219,0.457874,0.029542,-0.118232,-0.117045,-0.139006,-0.034679,0.381618,0.217212,-0.384914,-0.008176,0.088327,0.445014,0.132887,-0.195118,-0.265892,1.0,-0.116343,0.422278,-0.148287,0.172399,0.290271,0.26912,-0.069477,-0.020261,0.105648,0.246282,-0.126827,0.240243,0.18426,0.121535,0.133139,-0.01526,-0.089887,0.228245,0.337892,-0.291404,-0.02347,0.097015,0.024644,0.231664,-0.006745,0.001269,0.049249,-0.398876,0.143324,0.252901,0.497031,0.033319,-0.042022,-0.32064,0.109308,-0.124255,-0.413427,-0.195936,-0.257734,-0.302393,-0.135559,-0.38929,-0.091165,-0.009996,-0.078337,-0.094547,-0.006573,0.279111,0.083694,0.327202,0.050539,0.330802,0.135936,0.182108,-0.23226,-0.08313,0.178005,-0.12341,0.275485,-0.465914,0.143985,-0.071376,0.327568,-0.05359,-0.089214,0.229838,0.085811,0.114991,0.038711,0.226119,0.075821,0.175128,0.221156,0.270036,-0.201267,0.451141,-0.144903,0.248365,0.341631,0.198292,0.070338,-0.117511,-0.113573,0.131425,0.213964,0.416235,-0.127851,0.117673,-0.117418,-0.236069,-0.147713,-0.143333,0.504749,0.346085,0.34017,0.179683,0.145039,0.159371,0.169034,-0.294922,0.4915,-0.419031,0.179281,-0.189353,-0.217674,-0.010963,0.002387,0.148233,0.125982,0.010629,0.225229,0.262687,0.216074,0.134213,0.153797,-0.532824,0.061233,-0.105318,0.024644,0.025826,0.182678,0.02494,0.013228,-0.272227,-0.422177,-0.549387,-0.216455,0.255274,0.150871,-0.04815,0.203303,0.03049,-0.13679,-0.347686,0.438674,-0.06314,-0.111268,-0.113431,0.270033,0.40767,-0.132421,0.104845,0.17677,0.17556,-0.028198,0.120949,0.232604,0.14566,0.189314,-0.257497,-0.01318,0.182343,-0.498555,-0.160368,-0.309522,-0.102448,-0.037464,0.143241,0.073311,0.072726,0.410689,-0.538076,-0.029379,-0.234196,-0.582339,-0.347916,-0.127716,-0.127229,0.105164,-0.126058,-0.331838,-0.211797,0.27954,-0.305733,-0.174594,0.363631,-0.312328,-0.047141,-0.189404,0.141443,0.618008,0.177339,#
18,-0.120303,-0.108554,-0.123006,-0.096373,0.165039,-0.194232,-0.040174,0.113266,-0.030354,0.03995,0.09996,-0.117796,0.062529,0.206788,0.47989,-0.117942,0.138892,-0.116343,1.0,-0.22675,-0.041028,-0.170087,-0.001983,-0.006292,-0.006293,0.017314,-0.128877,0.203122,-0.215902,0.27,-0.054247,0.135006,0.026726,0.254659,0.183044,0.030694,0.122267,-0.300727,-0.055273,-0.162469,-0.042427,0.321704,0.316871,0.229394,-0.120383,-0.080611,0.080147,-0.20113,0.257859,-0.173604,-0.21997,0.141774,0.048227,-0.115895,0.279029,-0.126886,-0.225625,0.042283,-0.059959,-0.118118,-0.056242,-0.083972,-0.015179,0.569533,-0.030673,-0.069845,-0.038885,-0.001216,0.099386,-0.197117,-0.087696,-0.054504,-0.065713,-0.264809,-0.015482,0.280868,0.047989,0.043683,0.233875,-0.308064,-0.012448,-0.30848,-0.413897,-0.124989,-0.484985,-0.114631,-0.229334,0.371339,-0.25261,-0.191046,-0.130213,-0.166573,0.098364,-0.14177,-0.353797,-0.212401,-0.229495,-0.253701,-0.175868,-0.027888,-0.071112,-0.088458,0.256958,-0.435704,0.040828,0.079253,-0.060073,-0.081588,-0.015714,-0.060894,-0.117857,0.241483,-0.264877,0.020543,-0.21055,-0.184239,-0.150011,-0.150686,-0.346173,0.050937,-0.293928,-0.169804,-0.252239,-0.165394,0.050907,-0.444862,0.03075,0.33055,-0.279655,-0.172905,0.149775,-0.211832,-0.289244,0.19149,-0.106594,-0.195822,0.066884,0.037183,-0.059449,-0.183321,-0.323426,0.254538,-0.074838,-0.166641,-0.231855,-0.143308,-0.336916,0.185469,-0.441666,-0.368858,-0.55875,-0.234927,-0.19515,-0.431569,-0.265922,-0.392848,-0.003442,0.141012,-0.262125,-0.233506,0.001886,0.019103,0.213758,0.056988,0.096996,-0.138933,-0.295867,0.208168,-0.130923,0.088908,0.240956,0.358895,-0.138239,-0.254444,0.372007,-0.053217,-0.041376,0.243118,-0.038676,-0.03047,0.134763,0.039343,0.437004,0.351809,0.255744,-0.052227,-0.064466,-0.20063,0.116188,0.119827,-0.217899,0.322081,0.372292,0.009936,0.154187,0.134466,0.466116,-0.05828,-0.55561,0.057969,#
19,-0.100823,0.214408,0.337146,0.270225,0.137507,-0.076684,-0.202045,0.193681,-0.187226,-0.009691,-0.140528,-0.420922,-0.030296,0.035742,-0.11257,0.128051,-0.173026,0.422278,-0.22675,1.0,0.284822,0.036542,0.067918,0.021092,0.071714,-0.062245,0.00616,-0.145922,0.105214,-0.008508,0.24569,0.181041,0.077999,0.152488,-0.166489,-0.349987,0.254819,0.144717,-0.301751,0.070031,0.223286,0.087973,-0.175533,0.092481,-0.014885,-0.304535,0.477054,0.214857,0.286918,-0.17933,-0.152451,-0.052712,0.433812,-0.090765,-0.134399,0.063963,-0.242622,-0.225999,-0.093133,-0.368141,-0.260167,-0.057101,-0.032548,-0.048367,0.080383,-0.002801,0.101759,0.319972,-0.008784,0.068497,0.251698,0.082479,-0.021746,0.195627,0.272782,-0.093041,0.358726,-0.051234,0.382896,0.205615,0.197775,0.196808,0.368677,0.518063,0.037015,0.038185,0.288274,-0.053866,0.378657,0.108666,0.155303,0.032866,0.159522,0.188253,0.118448,0.368637,0.384083,0.275409,0.132633,0.155912,-0.499102,0.079765,0.126233,0.355767,0.285143,0.369572,2.9e-05,-0.325146,-0.019157,-0.220965,0.366319,-0.111782,0.206933,0.455915,0.356448,0.112594,-0.040859,0.114749,0.039287,-0.116436,0.275645,0.101387,-0.141461,-0.037246,0.134337,0.399498,-0.13441,-0.094969,-0.135084,0.2187,0.281517,0.275612,0.406123,-0.245715,0.107238,0.045174,0.197615,0.105927,0.041405,0.274843,0.113483,-0.053172,0.072187,-0.214058,0.202278,0.223317,0.311354,-0.327053,0.597894,-0.037781,0.107053,-0.024743,0.359454,0.368712,-0.040965,0.152172,0.317956,-0.012296,0.114685,0.250745,0.115885,0.134666,-0.325631,0.157068,-0.135154,-0.264213,0.530268,-0.255601,-0.043802,0.132304,-0.541801,-0.314192,0.143566,0.153252,-0.263054,0.185131,0.224796,-0.338052,-0.166688,-0.125003,-0.096859,-0.167564,-0.278913,-0.284568,-0.545804,0.194857,0.179065,-0.090824,0.044796,-0.471694,0.300758,-0.546474,-0.283983,-0.196382,-0.227248,-0.074449,-0.481369,0.4131,0.32926,-0.084801,#
20,0.140363,-0.354622,-0.068948,0.373222,-0.086624,-0.123306,-0.423526,-0.010404,-0.332967,-0.309328,0.118376,0.094047,-0.284422,-0.083793,-0.383663,0.024508,0.030517,-0.148287,-0.041028,0.284822,1.0,-0.235045,-0.521163,-0.076728,0.11399,0.207203,-0.070559,0.090399,0.056981,-0.011789,0.328723,0.320246,0.100239,0.190151,-0.01063,-0.494185,-0.009114,0.229357,-0.2362,0.116901,0.45414,0.010352,0.1558,0.210216,-0.358188,-0.036783,0.032873,-0.260564,-0.173413,-0.281178,-0.042155,0.032485,0.329539,-0.043439,0.097928,0.083953,-0.315394,0.215334,0.051922,0.079077,-0.234906,0.319721,0.286019,-0.139121,-0.095219,-0.118083,-0.047434,-0.106256,-0.41213,-0.317363,-0.052543,-0.111663,0.002967,0.593829,0.022584,-0.359407,-0.02291,0.518698,0.105522,0.442701,-0.051532,0.586677,0.622164,0.087769,-0.028088,-0.202568,0.220609,0.076949,0.616017,0.184524,-0.175792,-0.026404,0.412444,-0.201583,0.406474,0.288813,-0.023734,0.375624,0.061734,0.243312,-0.136239,0.095569,-0.1245,-0.049771,0.547424,0.288973,0.197557,0.177438,0.522373,0.31829,-0.259415,-0.080552,-0.198367,0.513096,0.321334,0.377829,0.035589,0.217655,-0.043103,0.453845,0.037801,0.222077,-0.009065,0.374123,0.011865,0.162217,-0.353956,-0.400433,0.096134,0.300517,0.20158,0.10578,0.339623,-0.015816,-0.128605,0.114677,0.244368,0.178949,0.061941,0.494204,0.008216,-0.024567,0.468314,0.083449,0.146353,-0.248812,0.432569,-0.696707,0.218821,0.339241,0.058111,0.264093,0.109571,0.598254,0.034266,0.183481,0.112846,-0.370099,0.456102,0.106022,-0.308442,0.008218,-0.112798,-0.103369,-0.241133,-0.537342,0.401223,-0.131439,0.39925,0.01825,-0.168839,-0.03337,0.35749,-0.11116,-0.37429,0.352091,0.304894,-0.468102,-0.453965,0.561507,-0.226803,0.40104,-0.063774,-0.214106,-0.13264,0.497524,0.122326,0.266546,0.477178,-0.116231,-0.005652,-0.336356,-0.216801,-0.495295,-0.353534,-0.174144,-0.058698,0.335188,0.083039,-0.213111,#
