0,1.0,0.300006,0.01791,-0.316483,0.673787,-0.111831,0.535148,-0.186109,0.740958,0.079682,-0.002788,0.438341,0.569622,0.015595,0.123348,0.159071,0.035126,-0.000497,0.143864,-0.323562,-0.395236,0.075516,0.235709,-0.239953,-0.136729,-0.204161,-0.366927,-0.192479,0.28065,0.145071,-0.491402,-0.149669,-0.240275,-0.071148,-0.35019,0.110825,0.503721,-0.12054,0.107514,-0.075475,0.245082,-0.331462,-0.230676,-0.053075,-0.079234,0.006783,0.439882,0.268893,0.215895,0.432129,0.288271,-0.24153,-0.032643,0.194037,0.014177,-0.080991,-0.491317,0.523493,-0.15109,0.065431,0.194768,-0.1912,-0.173013,-0.064114,0.176184,0.347705,-0.052142,-0.001069,0.435061,-0.112658,0.149635,-0.486881,0.04817,-0.579307,-0.372575,0.326686,-0.414037,-0.44214,-0.524182,-0.128113,-0.146466,-0.601587,-0.335792,-0.143578,-0.269829,-0.373493,-0.541052,-0.37584,-0.21561,-0.465509,-0.054895,-0.255297,-0.183189,-0.075857,-0.456581,-0.301456,-0.558957,-0.446084,-0.09628,-0.352145,0.332612,-0.462652,-0.518614,-0.460774,-0.275448,-0.327529,-0.437205,-0.067285,-0.40348,0.000462,-0.048861,-0.300893,-0.189085,-0.292086,-0.379109,-0.404662,-0.482922,-0.573316,-0.048182,-0.645147,-0.443321,-0.448008,-0.295414,-0.562222,-0.191801,-0.161556,-0.558739,-0.194587,-0.256637,-0.29761,-0.413242,-0.121686,-0.150111,-0.038679,-0.357987,-0.664992,0.0,-0.499381,0.075227,-0.447087,-0.404662,0.047734,-0.287446,-0.174112,-0.606477,-0.210653,-0.610851,0.579882,-0.587086,-0.471612,-0.40126,-0.547638,-0.402122,-0.277131,-0.451126,-0.291084,0.310784,0.589153,-0.217171,-0.557873,0.011819,-0.285864,-0.473863,-0.136436,0.049211,0.230122,-0.101248,-0.153207,-0.277827,-0.29761,0.026495,0.310341,-0.151825,-0.709867,0.240434,-0.269892,-0.213144,0.521191,0.323763,-0.457187,0.298868,0.301765,0.091099,-0.081924,0.463005,0.043364,0.232108,0.246865,-0.231627,0.536332,-0.288439,0.13034,0.502798,0.562082,-0.072148,0.235185,0.503858,-0.451854,-0.313535,0.239001,#
1,0.300006,1.0,0.381866,0.191261,0.277452,-0.221133,-0.156299,-0.033614,0.175063,0.166516,-0.383594,0.187932,0.030049,0.028196,0.085389,-0.384076,-0.071542,0.332033,0.035478,-0.456866,-0.124165,-0.14763,0.195825,0.059762,0.128487,-0.178996,-0.136017,0.141136,0.14454,-0.077139,-0.295322,0.416015,-0.165639,0.178555,-0.483216,0.25754,0.439542,-0.136969,0.337908,-0.220081,0.260459,-0.064711,0.353107,0.091348,-0.233118,-0.289165,0.354466,0.277187,-0.346376,0.13788,-0.367159,-0.245506,0.054836,0.101809,-0.194383,-0.321165,-0.270238,0.131105,-0.424112,0.132215,-0.247281,-0.123492,-0.146382,-0.164543,0.120652,-0.060761,0.076975,0.03067,0.095393,-0.035205,-0.009127,-0.286741,-0.165636,0.037811,-0.222583,-0.041001,0.040632,-0.090437,-0.13289,-0.264845,0.007138,-0.453947,-0.224248,0.334636,-0.371765,-0.227724,-0.046793,-0.042037,-0.191144,-0.174285,0.013059,0.053646,-0.100729,0.431255,-0.36216,-0.05014,-0.139996,0.100317,0.006179,0.082975,0.117208,-0.045984,-0.229972,-0.041177,-0.277331,-0.350165,0.022968,0.111596,0.142098,-0.076403,0.095129,0.34641,-0.123953,-0.045984,0.135682,-0.186351,-0.176142,-0.373607,0.158619,-0.110543,-0.237223,-0.08198,-0.274288,-0.196574,0.192996,-0.181764,-0.195359,-0.339047,0.027112,0.145074,-0.092118,0.152475,0.067116,0.064021,0.060676,-0.094881,0.0,-0.094881,0.043759,-0.187561,0.004841,0.403916,0.115667,-0.352071,-0.082025,-0.423692,-0.050996,0.149608,-0.452745,0.00978,-0.298709,0.057508,0.051682,-0.043777,0.012458,-0.041177,0.115763,0.224507,-0.132368,-0.190906,0.273522,0.119932,-0.006419,-0.074244,0.095231,0.110099,0.098621,-0.497244,-0.315572,0.145074,-0.14054,0.254818,-0.148779,-0.153961,0.000138,0.017655,-0.189769,0.0457,0.096755,-0.266888,0.197809,-0.190092,-0.14425,-0.180946,-0.045692,-0.216605,0.095129,-0.110239,-0.40417,0.100377,0.092262,-0.044303,0.050885,0.159035,-0.076473,0.072354,-0.136177,-0.367684,0.091902,-0.280453,#
2,0.01791,0.381866,1.0,0.328746,-0.186101,-0.372152,-0.275279,-0.353018,0.006895,0.116664,-0.063024,0.127097,-0.105474,-0.095492,-0.20113,-0.065844,0.040872,0.222216,-0.015237,-0.139695,-0.208104,-0.046611,-0.002062,0.25374,-0.000865,-0.326514,0.049572,-0.323509,0.124114,-0.013339,-0.19521,-0.045513,0.032144,-0.064082,-0.004936,0.025951,-0.214257,0.308365,-0.172976,-0.2194,0.127108,0.025172,-0.140147,-0.008351,0.438385,-0.561162,0.121337,0.174803,-0.215263,0.297558,-0.303002,0.062462,-0.121686,0.419188,-0.115163,-0.326039,-0.228083,-0.015118,-0.02223,0.140766,-0.353747,-0.16119,0.035362,-0.426535,0.190308,-0.085792,-0.121843,-0.171273,-0.13482,0.244167,-0.060288,0.165309,0.008574,0.270994,-0.040613,0.187305,-0.068144,0.020698,0.12142,-0.121821,-0.112457,0.043776,-0.205694,0.616062,0.069787,-0.194444,0.273282,-0.049776,-0.340664,-0.142045,0.268336,-0.389465,0.171082,-0.068512,-0.1205,0.432027,0.277465,0.202166,-0.113812,0.160204,-0.096474,0.101301,-0.024379,0.105857,-0.132235,-0.064998,0.103821,0.270303,0.113476,0.381871,0.261672,0.117129,0.14431,0.088782,0.258905,-0.14626,0.025228,-0.114947,0.000562,0.266734,-0.218302,0.045376,0.029466,0.069211,0.032966,0.038255,0.001368,0.129941,0.24054,0.254289,0.241374,0.090153,0.170608,0.002181,0.333425,0.009231,0.0,0.199228,0.079052,-0.133081,0.175325,0.589799,0.213751,-0.289476,-0.130778,0.123328,0.100596,-0.2076,-0.281626,0.214524,0.053023,0.331638,0.260638,-0.060218,-0.132451,0.118537,-0.28413,0.02814,0.28067,0.029738,0.430719,-0.001163,0.355045,0.052926,-0.102559,-0.09071,0.010288,-0.519269,0.188305,0.10884,-0.014236,0.082828,-0.063347,0.158043,-0.165925,0.224619,-0.338423,-0.186195,-0.159095,-0.006635,-0.00087,0.099987,-0.068967,-0.162128,-0.527689,0.12692,-0.184289,0.126567,0.14701,-0.154723,0.344693,-0.049377,-0.195145,0.035941,-0.225664,-0.001278,-0.192556,0.223043,0.231989,-0.478888,#
3,-0.316483,0.191261,0.328746,1.0,-0.214101,-0.179378,-0.531031,-0.30154,-0.393233,-0.223225,0.005263,-0.420439,-0.22841,-0.029409,-0.266222,-0.346574,0.097499,0.108843,0.129321,0.17825,0.104508,-0.021398,-0.111522,0.056616,0.011391,-0.108102,0.025708,0.252546,0.038786,-0.247418,0.267641,0.10605,0.219884,-0.087007,-0.125548,-0.405797,-0.254131,0.164448,-0.019017,0.155493,0.281781,-0.162877,0.126306,0.01669,-0.215195,-0.110574,-0.268265,-0.196532,0.082053,-0.102547,-0.24686,0.361219,-0.01986,0.172362,-0.103329,-0.020418,0.138049,-0.292337,0.094228,-0.281626,-0.224422,-0.316997,0.192677,-0.222175,-0.284266,-0.273997,0.218348,-0.153212,-0.343146,0.253599,-0.084632,0.268131,0.194932,0.430571,0.182888,-0.04867,0.415678,0.249866,0.44229,0.224856,-0.02717,0.236375,0.078831,0.354527,0.208511,0.028263,0.352467,0.355993,0.065477,0.124724,0.10279,0.061813,-0.160055,0.229044,0.275649,0.15887,0.425663,0.574027,0.193515,0.111125,-0.297178,0.132174,0.261798,0.307295,0.05717,0.012952,0.544117,0.253738,0.342949,0.208493,0.43585,-0.032855,-0.213314,-0.072479,0.366809,0.249091,0.471904,0.181673,0.050044,0.314712,0.139259,-0.096939,0.410046,0.246634,0.208775,0.307092,0.060615,0.153249,0.402629,0.30012,-0.050025,0.297262,0.025179,-0.183639,0.419186,0.346064,0.0,0.366295,-0.194688,0.345382,0.064949,0.526811,0.357214,-0.246415,0.23236,0.194322,0.308679,-0.266468,0.077088,0.317737,0.310415,0.592462,0.255237,0.136416,0.295486,0.31447,-0.230982,-0.363274,0.479546,0.084463,0.330407,0.333185,-0.010761,0.089887,-0.076886,-0.41776,0.193386,-0.318193,0.182387,0.313673,-0.371737,-0.320836,0.245339,0.412521,-0.230057,0.373782,0.055738,-0.211423,-0.249419,0.493691,-0.442434,-0.078278,-0.08648,-0.432762,-0.12968,-0.125571,-0.253665,-0.230812,0.061222,-0.333866,0.599128,-0.306632,-0.207005,-0.292865,-0.00779,-0.201823,-0.36376,0.191654,-0.196151,-0.076753,#
4,0.673787,0.277452,-0.186101,-0.214101,1.0,-0.07204,0.302502,-0.114615,0.34375,0.268979,-0.080625,0.224983,0.458271,0.270829,-0.080217,0.073222,0.090102,-0.154295,0.129963,-0.319633,-0.102083,-0.032266,0.345115,-0.434234,-0.308842,-0.141071,-0.239942,-0.104434,0.176991,0.104121,-0.353337,-0.046229,-0.360657,-0.09109,-0.291754,0.359009,0.324926,-0.268139,0.076079,-0.202597,0.380815,-0.330893,0.048396,0.176373,-0.225025,-0.054299,0.161304,0.328714,0.28426,0.008906,0.042092,-0.542673,0.043397,-0.006185,-0.003433,-0.268425,-0.34989,0.359009,-0.206112,-0.018422,0.338468,0.151772,-0.245211,-0.021052,0.372014,0.472204,0.023937,0.219122,0.234351,-0.003171,-0.101637,-0.681761,0.224821,-0.773362,-0.331018,0.516033,-0.447902,-0.558369,-0.362623,-0.26287,-0.197687,-0.754977,-0.428994,-0.245431,-0.327,-0.500808,-0.631961,-0.467668,-0.142982,-0.234274,-0.258661,-0.285453,-0.340554,-0.1211,-0.54507,-0.424033,-0.622545,-0.423811,-0.318295,-0.225077,0.479316,-0.420617,-0.441046,-0.417328,-0.583411,-0.589966,-0.262904,-0.206056,-0.324725,-0.038081,0.08647,0.050397,-0.370664,-0.411197,-0.495074,-0.149513,-0.377506,-0.485469,-0.007265,-0.338045,-0.273277,-0.270829,-0.434824,-0.259752,-0.042597,-0.233931,-0.663627,-0.083951,-0.164837,-0.096336,-0.370524,-0.095374,-0.515178,0.328817,-0.314263,-0.520239,0.0,-0.681534,-0.064382,-0.468294,-0.505664,0.026653,-0.134828,-0.126271,-0.434587,-0.358995,-0.430347,0.684381,-0.576899,-0.400174,-0.547508,-0.497868,-0.290581,-0.427346,-0.229266,-0.268091,0.168386,0.757249,-0.373094,-0.520651,-0.109022,-0.315447,-0.55694,-0.273176,-0.100373,0.257276,-0.326067,-0.327696,-0.318807,-0.096336,0.148579,0.093442,-0.415294,-0.509025,0.146696,-0.311759,-0.338517,0.509769,0.258367,-0.486436,0.354488,-0.031945,0.062882,0.183633,0.520349,-0.188411,0.371987,-0.124986,-0.322913,0.540012,-0.272115,0.200627,0.49106,0.50743,-0.012485,0.375799,0.494318,-0.476847,-0.350945,0.213412,#
5,-0.111831,-0.221133,-0.372152,-0.179378,-0.07204,1.0,0.277107,0.58823,-0.043766,-0.204483,-0.103211,-0.003271,-0.386314,0.462849,0.161274,0.081254,-0.012082,-0.051968,0.118012,-0.08641,0.514586,0.101081,-0.189506,-0.483368,0.084623,0.022472,0.065108,0.05638,-0.348911,-0.013007,0.104993,0.200872,0.38924,-0.238264,-0.263581,-0.094788,-0.052282,0.012709,0.174447,-0.217855,0.003325,-0.128067,0.274614,0.274997,-0.072451,0.196125,-0.146532,-0.077274,0.024169,-0.182904,0.246985,0.095295,0.247873,-0.177308,-0.063449,0.385213,0.343701,0.091492,-0.016211,0.311517,0.217696,0.263649,-0.24185,0.451058,-0.136699,0.021083,-0.276825,0.427361,0.203845,-0.197511,0.078396,-0.082514,0.084094,0.180605,0.062957,-0.155033,0.355231,0.169173,-0.404581,0.166577,0.118249,0.009156,0.333018,-0.217224,0.205994,0.381744,0.057104,0.071233,0.027654,0.120516,0.174846,0.187175,0.06315,-0.320956,0.118932,0.12811,-0.154641,-0.163482,0.060476,0.032747,0.009375,-0.028456,0.156236,-0.21384,0.169173,-0.097123,-0.256426,-0.485351,0.043292,-0.60992,-0.382218,-0.010344,0.097357,-0.035385,0.062234,0.040682,0.129656,-0.13655,-0.121878,-0.039177,-0.028456,0.318243,6.1e-05,-0.117912,-0.247155,0.122268,0.019631,0.056801,0.086848,-0.204093,0.088837,-0.209384,-0.143687,-0.051884,0.045968,-0.10075,0.0,-0.093901,-0.003011,0.223916,-0.156642,-0.310562,-0.21409,-0.292216,-0.009793,0.060932,0.139589,0.017111,0.328332,-0.057573,-0.071325,0.041823,0.020949,0.139796,0.116459,-0.197074,0.301302,-0.119354,-0.060339,0.024376,-0.143538,-0.231349,0.275868,0.155648,0.019779,0.340361,0.376206,0.302041,-0.026419,0.144094,-0.032206,0.082705,0.106251,0.221063,0.160684,-0.123308,0.021418,-0.066884,-0.009251,-0.127707,0.042433,-0.23241,0.018174,0.136275,0.227529,-0.335359,0.255663,0.010447,0.185774,-0.075841,-0.00343,0.071119,-0.056057,-0.379668,0.245765,0.179022,-0.051805,-0.112829,0.054511,0.239034,#
6,0.535148,-0.156299,-0.275279,-0.531031,0.302502,0.277107,1.0,0.048308,0.715058,-0.035144,0.164119,0.611501,0.214508,-0.120287,0.130723,0.326551,-0.136472,-0.273615,0.150491,-0.298628,-0.046471,0.081225,0.167537,-0.523838,-0.11625,-0.320333,-0.294818,-0.299356,0.20981,0.234039,-0.519633,-0.198144,-0.002407,-0.37134,-0.073959,0.248478,0.126664,-0.021041,-0.172872,0.123548,0.261843,-0.285792,-0.465706,-0.110995,-0.03108,0.212131,0.106173,0.205683,0.213974,0.349267,0.331896,-0.137069,0.148028,0.071633,0.24584,0.064442,0.032098,0.258384,0.11173,0.141333,0.255321,0.169131,-0.104987,0.214437,0.11075,0.161769,-0.12196,0.141841,0.471185,-0.338121,0.205211,-0.347826,-0.002636,-0.378758,-0.388955,0.180159,-0.222441,-0.276437,-0.537704,-0.307495,-0.291219,-0.291921,-0.223227,-0.389565,-0.170356,0.09841,-0.35688,-0.366583,-0.331275,-0.145103,-0.144076,-0.219006,-0.133957,-0.384746,-0.460158,-0.071611,-0.210436,-0.776076,-0.140616,-0.19441,0.115264,-0.374783,-0.228914,-0.561137,0.038728,-0.07538,-0.358995,-0.24879,-0.542831,-0.132693,-0.356167,-0.099398,-0.064532,-0.381417,-0.207827,-0.658368,-0.451532,-0.131529,-0.076411,-0.510302,-0.218144,-0.300921,-0.146587,-0.519761,-0.368155,-0.158885,-0.318598,-0.234667,-0.146614,-0.561137,-0.319289,-0.237721,-0.235006,-0.089452,-0.418332,-0.28769,0.0,-0.473863,0.048466,-0.291686,-0.316163,-0.232612,-0.539461,-0.191873,-0.291288,-0.088869,-0.562116,0.556913,-0.135818,-0.472305,-0.301519,-0.596371,-0.545747,-0.240983,-0.470204,-0.561137,0.252391,0.380452,-0.053705,-0.505935,-0.054922,-0.357715,-0.135582,-0.158872,0.029132,0.525962,0.009879,0.298011,0.02093,-0.402482,0.156027,0.34984,0.101162,-0.424777,0.415455,-0.645556,-0.162513,0.46534,0.25376,-0.275427,0.457056,0.487667,0.116893,0.139366,0.604199,-0.01507,0.137159,0.039452,-0.074159,0.394917,-0.131705,0.288204,0.463149,0.266616,-0.349989,0.39531,0.622737,-0.459264,-0.207823,0.334086,#
7,-0.186109,-0.033614,-0.353018,-0.30154,-0.114615,0.58823,0.048308,1.0,-0.037653,-0.127385,-0.356649,-0.184617,-0.29601,0.241846,0.279579,-0.343627,-0.11116,0.059157,-0.013506,0.006375,0.107368,0.23049,-0.221274,-0.29167,0.317419,0.302997,0.165035,0.189889,-0.510717,0.062349,0.187338,0.311337,0.451285,0.156958,-0.160433,0.199826,0.036364,-0.047736,0.254332,-0.141708,-0.252524,0.147082,0.42121,0.120055,-0.185239,0.109364,-0.088519,-0.151906,-0.294815,-0.133592,0.11922,0.007888,0.039917,-0.124631,0.111388,0.283528,0.289463,0.06757,-0.092461,0.203172,0.043849,0.343119,-0.350491,0.356299,0.074701,0.016,-0.06706,0.232597,-0.029413,-0.290903,-0.122263,0.029483,0.125529,0.061259,0.141975,-0.333295,0.24641,0.078267,-0.165685,0.263249,0.191619,0.074807,0.276134,-0.193873,0.151276,0.29457,0.116358,0.130817,0.057605,0.172051,-0.077423,0.234161,0.115051,0.05414,0.357845,0.174426,-0.129197,0.078309,0.15092,-0.048382,-0.116638,-0.131801,0.086524,-0.017083,0.078267,-0.028094,-0.122628,-0.171352,-0.046959,-0.431958,-0.302084,0.212588,0.199536,0.171893,-0.045626,0.126579,0.183617,-0.059204,0.115074,0.029397,-0.131801,0.424817,-0.104215,-0.143131,-0.025937,0.195636,0.226703,-0.385853,0.008804,-0.006677,0.231648,-0.010696,-0.022402,0.042256,-0.013716,-0.081312,0.0,0.116118,-0.022177,0.153674,0.039413,-0.23964,-0.160417,0.098603,0.053633,-0.332158,0.359439,-0.148789,0.415179,0.171339,0.038981,-0.017337,0.24641,0.186586,0.357737,-0.119478,0.085434,-0.131756,-0.160387,0.234131,0.166067,-0.040892,0.173282,0.078364,0.25364,0.121957,0.191514,0.259376,-0.174912,0.365027,-0.081959,0.022919,0.10848,0.172441,-0.103917,-0.023477,0.05055,-0.117783,0.100443,-0.071005,-0.161779,-0.290424,-0.114316,-0.080394,-0.008911,-0.003221,0.036329,0.257738,-0.013434,-0.178807,-0.10699,0.002291,-0.169342,-0.281514,0.025469,0.131573,-0.287239,-0.206662,0.207479,-0.131126,#
8,0.740958,0.175063,0.006895,-0.393233,0.34375,-0.043766,0.715058,-0.037653,1.0,-0.189216,0.026918,0.552697,0.415662,-0.264178,0.327734,0.193308,0.003371,-0.091351,0.099623,-0.281647,-0.346468,0.110022,0.212591,-0.23875,0.015572,-0.307447,-0.147686,-0.324409,0.333278,0.056157,-0.542088,-0.076114,0.005961,-0.070832,-0.272714,0.038978,0.441311,-0.037892,0.03375,-0.027127,0.129586,-0.431674,-0.296803,-0.18478,-0.010469,0.169038,0.426335,0.194897,0.160886,0.475138,0.238661,-0.167425,-0.084993,0.186815,0.242664,0.007577,-0.225814,0.458735,-0.078122,0.063808,0.050467,-0.20738,-0.165842,0.156344,0.111606,0.240213,0.054213,-0.010297,0.334281,-0.070282,0.058906,-0.347365,0.005727,-0.427199,-0.260585,0.045854,-0.267966,-0.153336,-0.406121,-0.175031,-0.163632,-0.331401,-0.236353,-0.097887,-0.175107,-0.079017,-0.399398,-0.409878,-0.203952,-0.33284,0.030223,-0.265154,-0.006653,-0.092811,-0.337571,0.059007,-0.255038,-0.49116,-0.17426,-0.203146,0.03759,-0.5373,-0.416778,-0.441317,0.005883,-0.059159,-0.368284,0.116601,-0.417675,0.166831,-0.166607,-0.187644,-0.069224,-0.259244,-0.086113,-0.652544,-0.498767,-0.313756,-0.086515,-0.524986,-0.377389,-0.312479,-0.183837,-0.618352,-0.376785,-0.028071,-0.193427,-0.23143,-0.14925,-0.441317,-0.140591,-0.109673,-0.076141,-0.290412,-0.263914,-0.336979,0.0,-0.352972,0.086487,-0.327751,-0.19013,-0.090468,-0.534689,-0.186284,-0.476012,-0.147149,-0.443025,0.385444,-0.315526,-0.492079,-0.155721,-0.445911,-0.261682,-0.113082,-0.326127,-0.551455,0.094403,0.362077,-0.087194,-0.536984,0.056458,-0.222856,-0.318929,-0.168256,-0.004448,0.238745,-0.05051,-0.00329,-0.159289,-0.279348,0.01315,0.348557,0.047355,-0.437472,0.108721,-0.34046,-0.030786,0.501216,0.177798,-0.317851,0.356803,0.522661,0.234543,-0.112385,0.466137,0.025509,-0.114244,0.310292,-0.205543,0.417347,-0.00517,0.148121,0.439029,0.404746,-0.368283,0.113047,0.48986,-0.49906,-0.206767,0.157355,#
9,0.079682,0.166516,0.116664,-0.223225,0.268979,-0.204483,-0.035144,-0.127385,-0.189216,1.0,-0.32019,0.110936,0.111171,0.108499,-0.49028,-0.166432,-0.35552,0.416276,-0.222029,0.035609,0.166264,-0.236097,0.154962,-0.004088,0.228488,0.024797,-0.077701,-0.271788,-0.006038,0.562007,0.087674,-0.34823,-0.220993,0.138881,-0.074607,0.588662,0.090243,-0.161842,-0.228816,-0.20966,0.174232,0.251459,0.082921,0.386104,0.331733,-0.348569,-0.022903,0.540267,0.067623,0.013922,-0.275898,-0.469388,-0.042251,-0.197479,-0.241615,-0.442599,-0.126502,-0.166515,-0.018698,-0.061659,-0.106634,0.298497,0.067745,-0.536422,0.117951,-0.015771,-0.032845,0.288984,-0.042184,-0.073625,-0.106088,-0.411321,-0.220989,-0.165867,0.192277,0.320434,-0.340951,-0.507141,-0.085891,-0.025566,-0.057944,-0.19854,-0.059224,-0.20549,0.008198,-0.300065,-0.125462,-0.119677,-0.170949,0.071674,-0.08185,0.144782,-0.272229,0.152698,-0.235027,-0.046051,-0.015185,-0.025548,0.185316,0.116702,-0.116479,-0.06246,0.116601,0.120499,-0.353027,-0.290283,0.115487,-0.128726,0.202149,-0.131297,0.37844,0.238195,0.061707,-0.226728,-0.129489,-0.001527,-0.067291,-0.166138,0.35215,-0.162875,-0.058982,0.287828,-0.190445,0.167885,-0.236742,-0.228863,-0.157601,-0.220263,-0.231317,0.286881,-0.130864,0.112344,0.180115,0.729765,-0.194562,0.047836,0.0,-0.108051,0.263347,-0.317798,0.186549,-0.064678,0.334353,0.153214,0.129685,-0.235014,0.109534,0.299811,-0.35944,0.251339,-0.48313,-0.380474,0.149593,-0.059786,-0.090709,0.286881,0.267941,0.118455,-0.082852,0.175295,0.053284,0.151092,-0.077157,0.308315,-0.041957,0.317257,-0.420716,-0.278322,-0.035489,-0.062716,0.235982,-0.145391,-0.291026,-0.396837,0.217915,0.185316,-0.000904,-0.078121,0.322755,-0.256303,0.029546,-0.361851,-0.492463,0.305524,-0.131818,-0.097445,0.220112,-0.040207,-0.456974,0.216757,-0.189814,-0.110539,-0.08065,0.182993,0.041933,0.014021,-0.076243,0.01041,0.320165,-0.157262,#
10,-0.002788,-0.383594,-0.063024,0.005263,-0.080625,-0.103211,0.164119,-0.356649,0.026918,-0.32019,1.0,-0.025452,-0.018024,-0.19696,0.225682,0.366716,0.009389,-0.465416,0.060067,0.082904,0.028759,0.034735,-0.087874,0.012086,-0.432892,0.261225,-0.141399,0.153509,0.275235,-0.292764,-0.212555,-0.154917,-0.303914,-0.182168,0.301165,-0.222726,-0.261318,0.237064,-0.01853,0.256739,-0.254144,-0.162752,-0.443034,-0.124951,0.212015,0.21723,-0.112583,-0.26488,0.412502,-0.078723,0.24151,0.196724,0.132389,0.41594,0.20232,0.277269,0.010671,-0.142299,0.170668,0.013198,0.156583,-0.210422,0.21589,-0.073641,-0.062681,0.043143,-0.143213,-0.074554,-0.235002,-0.191489,0.060957,0.115157,-0.005725,0.005513,-0.164072,0.258797,0.001108,0.266524,0.013435,-0.242545,-0.164694,0.244919,-0.150976,0.081869,-0.083271,0.069812,0.175778,0.010217,0.105917,-0.225067,0.1172,-0.30317,0.427529,-0.485351,0.075762,0.181572,0.019754,-0.246438,-0.40983,-0.175629,0.050845,0.186578,-0.323947,-0.144783,0.254025,0.1908,-0.259303,-0.073902,-0.154834,0.179766,-0.128037,-0.380587,-0.153163,0.179807,-0.149836,-0.071965,-0.218907,0.113092,-0.422267,-0.13802,0.237737,-0.379766,0.243078,0.218031,0.183338,-0.035449,0.101737,0.33643,0.010314,-0.319665,0.104905,-0.497266,-0.176326,-0.367193,0.198421,0.107092,0.0,-0.082922,-0.000968,0.260464,-0.234669,0.119647,-0.270305,-0.091268,-0.058514,0.331664,-0.322532,-0.117155,0.266238,-0.392678,0.1019,0.014931,-0.31963,-0.332986,-0.399118,-0.167262,-0.22651,0.111474,0.170212,-0.244455,-0.12788,-0.26736,0.104822,-0.244571,-0.172304,-0.14016,-0.018401,0.182144,0.313875,-0.601229,0.121612,-0.292503,0.071632,0.02613,0.125811,-0.257103,-0.251422,0.117978,-0.255626,0.006653,-0.047785,0.418976,0.260269,0.38794,-0.043754,0.153811,-0.082392,-0.10038,0.521883,0.16002,-0.066451,0.539104,0.111596,-0.164951,-0.114856,0.066137,0.277023,0.104357,-0.118371,0.29484,#
11,0.438341,0.187932,0.127097,-0.420439,0.224983,-0.003271,0.611501,-0.184617,0.552697,0.110936,-0.025452,1.0,0.122348,-0.393782,0.032484,0.301661,0.037528,-0.119852,-0.193588,-0.47915,-0.056856,-0.036844,0.089364,-0.116197,0.150347,-0.351518,-0.153715,-0.498818,0.378852,0.40015,-0.578842,-0.172966,-0.278214,0.057495,-0.130415,0.277648,-0.025495,-0.251568,0.044959,0.000314,0.167727,-0.256157,-0.301556,-0.137314,-0.050569,0.101037,-0.005189,0.345033,-0.021526,0.183577,0.188028,-0.324416,-0.098088,0.223293,0.117198,0.04034,-0.248422,0.021426,-0.09627,0.299215,-0.147488,0.201491,-0.166354,0.22201,0.132188,-0.1696,-0.178251,-0.046631,0.313951,-0.142631,0.032955,-0.239788,0.011471,-0.291665,-0.453408,0.266486,-0.288827,-0.009925,-0.599169,-0.533078,-0.472581,-0.34804,-0.272016,-0.084606,-0.218593,-0.2243,-0.427235,-0.595155,-0.247736,-0.046019,-0.182628,-0.125771,-0.051229,-0.290102,-0.693904,0.021398,-0.275393,-0.684016,-0.361532,-0.082883,0.274392,-0.240992,-0.275083,-0.484485,-0.174357,-0.277825,-0.195599,-0.098753,-0.453408,0.0203,-0.372669,0.080786,-0.28418,-0.309131,-0.10158,-0.532596,-0.363744,-0.176987,-0.24335,-0.131161,-0.351004,-0.367888,-0.199174,-0.319327,-0.174602,-0.327549,-0.23593,-0.193825,-0.155117,-0.32062,-0.192763,-0.315697,-0.279195,0.065297,-0.467815,-0.20028,0.0,-0.552492,0.055543,-0.514588,-0.23298,0.071924,-0.403646,-0.224635,-0.3486,-0.302121,-0.485877,0.359405,-0.354405,-0.543239,-0.348904,-0.467882,-0.29855,-0.319024,-0.375664,-0.595913,0.148075,0.317796,-0.100033,-0.257851,0.009407,-0.274767,-0.046599,-0.213972,-0.294793,0.288346,-0.02167,-0.044454,0.171546,-0.432048,0.216863,0.277978,-0.099235,-0.29056,0.41273,-0.536667,-0.244867,0.207352,0.034845,-0.389736,0.725389,0.206145,0.272319,0.231412,0.349773,-0.354286,0.102312,0.009182,-0.083856,0.530303,-0.018276,0.455786,0.482389,0.151135,-0.222007,0.291889,0.533473,-0.187516,-0.064033,0.150837,#
12,0.569622,0.030049,-0.105474,-0.22841,0.458271,-0.386314,0.214508,-0.29601,0.415662,0.111171,-0.018024,0.122348,1.0,0.010734,0.121902,0.141671,0.03442,0.061027,0.145164,-0.142347,-0.533526,0.20462,0.305132,-0.054542,-0.111747,-0.156215,-0.096708,-0.081215,0.517626,0.048812,-0.350572,-0.240218,-0.28295,0.125911,0.042273,0.242257,0.462442,-0.192172,0.012178,0.111626,0.11152,-0.127763,-0.141142,-0.190862,0.140453,0.089291,0.513637,0.111135,0.035795,0.363978,-0.101088,-0.302286,0.137314,0.116032,0.280023,-0.211944,-0.248124,0.494153,0.116696,-0.234588,0.309419,-0.162304,-0.093822,-0.008251,0.136744,0.31262,0.118194,-0.275875,0.272228,-0.070428,0.021924,-0.49459,0.001975,-0.380306,-0.078593,0.23473,-0.387063,-0.602235,-0.230515,-0.150918,-0.131404,-0.313389,-0.396765,-0.38089,-0.138596,-0.377726,-0.374208,-0.377776,-0.164618,-0.147851,-0.138616,-0.237123,-0.282831,0.093507,-0.148869,-0.560019,-0.228195,-0.145298,0.011076,-0.511922,0.332021,-0.238979,-0.409906,-0.394004,-0.294509,-0.080851,-0.15785,0.138602,-0.222406,0.166755,-0.018779,-0.114702,-0.046284,-0.229619,-0.377764,-0.340333,-0.619375,-0.135442,0.268088,-0.339548,-0.09558,-0.453726,-0.146996,-0.207717,-0.120515,-0.155453,-0.500284,-0.120526,-0.472734,-0.242312,-0.122133,-0.072874,0.119719,-0.0215,-0.419098,-0.32379,0.0,-0.150947,0.065484,-0.638478,-0.499164,-0.144182,-0.004942,0.231796,-0.466138,-0.174295,-0.405474,0.506919,-0.611093,-0.292753,0.029687,-0.42665,-0.22781,-0.076287,-0.142067,-0.087587,0.218539,0.332264,-0.394664,-0.335166,-0.185096,-0.184505,-0.437791,-0.299776,0.19121,0.048909,-0.357641,-0.061157,-0.361326,-0.242312,0.271777,0.357494,-0.086131,-0.418045,0.219474,0.017569,0.001289,0.626265,0.325523,-0.473623,0.117771,0.3267,0.106156,0.012487,0.282153,0.161977,0.346134,0.087493,-0.300241,0.227969,-0.30047,-0.038338,0.449523,0.706269,0.082602,0.126773,0.451672,-0.320452,-0.270464,0.150278,#
13,0.015595,0.028196,-0.095492,-0.029409,0.270829,0.462849,-0.120287,0.241846,-0.264178,0.108499,-0.19696,-0.393782,0.010734,1.0,-0.04991,-0.030651,0.042247,0.239873,0.289481,-0.125233,0.122211,-0.003709,0.134452,-0.200373,-0.269511,-0.137929,0.081311,0.243276,-0.199281,-0.143014,0.304756,0.164427,0.024478,-0.246307,-0.169726,0.014804,0.137818,0.14623,0.038376,-0.559126,0.107899,0.179636,0.364806,0.394081,0.089234,-0.115933,0.27173,0.267949,-0.031463,-0.181095,-0.08745,0.063015,0.135769,-0.267199,-0.324997,-0.108351,0.191902,0.350125,-0.18824,-0.223309,0.263083,0.220155,-0.133038,-0.000173,0.039347,0.30157,0.1167,0.274506,0.151192,0.133119,-0.021808,-0.3289,0.01288,-0.037648,0.124483,0.141728,0.122497,-0.424206,-0.038521,0.210543,0.052396,-0.111844,0.133616,-0.048075,0.220118,0.106562,-0.034678,-0.028684,0.034491,-0.128633,0.276727,-0.040615,0.036309,-0.042282,0.200405,-0.211775,-0.060418,0.208603,0.055988,-0.079249,0.341673,0.114771,0.129082,-0.051128,-0.120264,-0.058461,-0.136652,-0.397227,0.276694,-0.322301,-0.081734,0.142917,0.30434,0.124105,-0.049088,0.209704,-0.113445,-0.133181,0.286559,-0.010959,0.092742,0.358858,-0.118867,-0.011852,0.079058,0.04464,-0.304476,0.192878,-0.112883,0.109592,0.063124,0.11082,-0.015964,0.185899,0.164768,-0.309948,0.0,0.041779,0.177853,0.051026,-0.146661,-0.117224,0.208793,-0.230875,0.024922,0.054502,0.114073,0.110933,-0.114303,0.352678,-0.115107,-0.020748,-0.036309,0.123776,0.196229,0.277119,0.194656,0.235125,-0.200865,0.024617,-0.083771,-0.171013,0.191912,0.207779,0.219124,0.208262,0.215857,-0.027669,-0.351653,0.286573,-0.057905,0.207522,-0.233316,-0.032568,-0.124618,0.227381,0.022931,-0.043146,0.098379,-0.24797,-0.243551,-0.256219,-0.215779,0.084385,-0.042116,-0.13803,0.407763,0.117081,0.006556,-0.111221,-0.132056,-0.199335,-0.04867,0.201495,0.288717,-0.0172,-0.043371,-0.104864,0.128719,0.133174,#
14,0.123348,0.085389,-0.20113,-0.266222,-0.080217,0.161274,0.130723,0.279579,0.327734,-0.49028,0.225682,0.032484,0.121902,-0.04991,1.0,0.085375,-0.01532,-0.130586,0.048271,-0.231353,-0.126511,0.43887,0.094253,0.197916,-0.059055,0.25004,-0.065902,0.216876,0.132128,-0.290698,-0.280515,0.406449,0.023577,0.161277,-0.324808,-0.160808,0.249623,-0.012658,0.631097,0.165753,-0.298369,0.126411,0.158368,-0.154435,-0.146089,0.453544,0.348044,-0.227686,-0.090412,-0.044563,0.274525,0.146125,-0.062377,-0.037081,0.050414,0.343184,-0.075167,0.508546,-0.454489,0.289374,0.314254,-0.162801,-0.086291,0.524179,0.225651,0.358135,-0.326985,-0.10269,0.14974,-0.092425,0.228413,0.088959,0.035196,0.007363,-0.27743,-0.231631,0.01153,0.293953,-0.093968,-0.190422,-0.042624,-0.02676,-0.071231,0.008537,-0.16945,0.042806,0.031728,-0.286174,-0.084311,-0.200677,0.06833,0.01999,0.438422,0.021323,0.104679,0.006395,-0.296291,-0.032281,-0.352339,-0.131192,0.057431,0.174967,-0.416825,-0.155395,0.132489,0.341244,-0.359949,0.030966,0.040569,-0.204636,-0.438431,-0.326989,-0.078331,0.343175,-0.112852,-0.091862,-0.364173,0.00978,-0.281986,-0.204125,0.006758,-0.164721,-0.033817,-0.258683,0.158439,-0.054467,0.249037,-0.154242,-0.263461,-0.316303,0.392072,-0.321479,-0.063454,-0.555475,-0.0548,-0.07566,0.0,-0.07566,0.350056,-0.014986,-0.078259,-0.269319,-0.322203,-0.105425,-0.180267,-0.144893,-0.158625,-0.108321,-0.022741,-0.356627,0.197149,0.113525,-0.128736,-0.164854,-0.040987,-0.332205,-0.000506,0.143109,-0.273655,-0.261372,-0.050865,-0.136085,-0.031183,-0.351452,-0.015038,-0.011552,-0.121178,0.186243,-0.114171,-0.155395,-0.078631,0.200979,-0.211007,0.123563,0.00762,-0.170831,-0.090418,0.230033,-0.098562,-0.331667,0.029124,0.384839,0.183395,0.127051,0.051534,0.134865,0.141689,0.358979,0.248051,-0.031043,-0.190422,0.364155,-0.096482,0.076116,0.037494,-0.142704,0.068492,-0.32907,0.181369,-0.048773,#
15,0.159071,-0.384076,-0.065844,-0.346574,0.073222,0.081254,0.326551,-0.343627,0.193308,-0.166432,0.366716,0.301661,0.141671,-0.030651,0.085375,1.0,0.299719,-0.406544,0.273492,-0.037556,0.038798,0.103738,-0.085055,0.01602,-0.55888,-0.065073,-0.314098,-0.014038,0.109089,-0.066218,-0.291032,0.025356,-0.303821,-0.145304,0.302843,-0.223354,-0.077576,0.231297,-0.191687,0.099054,-0.099898,-0.157735,-0.289271,-0.188008,0.2159,0.218876,0.022802,-0.084262,0.172019,-0.069406,0.272085,0.093864,0.130778,0.044661,-0.223821,0.012065,-0.004533,0.110601,0.001824,0.058894,0.135542,-0.225823,0.217313,0.306299,0.281327,0.009574,-0.143897,-0.064006,0.180806,-0.063224,0.080055,0.021389,-0.018525,-0.146392,-0.335478,0.226118,-0.308094,-0.051923,-0.157471,-0.25743,-0.163874,-0.078358,-0.334523,-0.091551,-0.099928,-0.08897,-0.305716,-0.295672,-0.061075,-0.069134,0.095451,-0.149779,0.264417,-0.47678,-0.243283,-0.165002,-0.153372,-0.569558,-0.253177,-0.107906,0.350359,0.030996,-0.340425,0.015098,0.094262,0.033962,-0.495097,-0.078633,-0.16975,0.133225,-0.311496,-0.38047,-0.143691,0.024248,-0.152251,-0.0735,-0.075637,-0.062463,-0.433912,0.009783,-0.093094,-0.237435,0.072884,0.205501,-0.064812,-0.203599,-0.232432,0.337353,-0.219075,-0.168687,-0.083869,-0.160897,-0.184766,-0.074277,0.000784,-0.235683,0.0,-0.393555,-0.268334,-0.075348,-0.069992,-0.168169,-0.278496,-0.089018,-0.384464,0.502503,-0.332868,0.227076,-0.207412,-0.394016,-0.084453,-0.000935,-0.33019,-0.321157,-0.557545,-0.330069,-0.035122,0.113069,-0.177621,-0.245399,-0.626554,-0.275636,0.107992,-0.250316,-0.00873,0.175349,-0.001774,0.179743,0.112128,-0.278427,0.251984,0.226127,-0.279326,0.010195,0.150686,-0.435601,-0.076662,0.110096,-0.430045,-0.175308,0.420814,0.242955,0.413853,0.531161,0.272103,0.066559,0.2575,-0.127171,0.512825,0.153304,-0.250807,0.375119,0.427995,0.164274,0.041176,0.209137,0.590878,0.248595,-0.221024,0.098056,#
16,0.035126,-0.071542,0.040872,0.097499,0.090102,-0.012082,-0.136472,-0.11116,0.003371,-0.35552,0.009389,0.037528,0.03442,0.042247,-0.01532,0.299719,1.0,-0.497893,0.042961,-0.3943,-0.340049,-0.09351,-0.064666,0.129577,-0.247777,-0.251115,-0.174952,0.026498,0.064211,-0.264437,-0.030059,0.385574,-0.024063,-0.193049,-0.057307,-0.491517,-0.229377,0.057328,-0.239119,0.017999,-0.198007,-0.12169,-0.011666,-0.010548,-0.025638,0.036033,0.031836,-0.238789,-0.003631,0.226405,0.245394,0.142793,0.07528,0.126881,0.181912,0.011298,-0.140589,0.086099,-0.0717,0.039468,0.048413,-0.228979,-0.111965,0.426418,-0.003971,-0.093428,0.085902,-0.230064,-0.028767,0.000843,-0.185584,0.262851,0.261606,-0.322777,-0.354542,0.27002,-0.319255,0.054853,-0.049438,0.011562,0.040862,-0.101612,0.086138,0.35063,-0.296769,-0.193849,0.137611,-0.200083,-0.067621,-0.260152,0.184142,-0.021057,0.087365,-0.35602,-0.094173,-0.14051,-0.007802,-0.115173,-0.181088,-0.259015,0.343446,0.014864,-0.084332,0.002903,-0.13165,-0.325132,0.201712,-0.360673,-0.19183,0.230178,-0.233019,-0.166975,-0.207802,0.173656,-0.201286,0.107538,0.209346,-0.134161,-0.175752,0.343557,-0.166613,0.032086,-0.274689,-0.018707,0.161986,-0.261928,-0.240339,0.253676,-0.117673,-0.015697,-0.145745,-0.191195,-0.113488,-0.128792,0.10587,-0.085838,0.0,-0.403336,-0.464762,0.025252,-0.094254,0.143707,-0.065625,0.205045,-0.281274,0.198028,-0.159034,-0.009237,-0.103739,-0.255781,0.173112,0.273105,-0.172113,-0.341403,-0.251807,-0.344662,-0.361943,0.188762,-0.048454,-0.245025,-0.357214,-0.071374,-0.088003,-0.454914,0.047373,0.037013,-0.0534,-0.024622,0.117428,0.16155,0.268763,0.129583,-0.144938,0.105167,-0.244249,-0.141785,-0.268305,-0.223417,-0.309816,0.160674,0.008715,-0.198062,0.78646,-0.014972,0.120604,-0.198112,-0.00656,-0.036914,0.319184,-0.233459,0.036299,0.13686,0.27097,0.31707,0.273389,-0.020947,0.258542,0.357032,-0.292682,0.229997,#
17,-0.000497,0.332033,0.222216,0.108843,-0.154295,-0.051968,-0.273615,0.059157,-0.091351,0.416276,-0.465416,-0.119852,0.061027,0.239873,-0.130586,-0.406544,-0.497893,1.0,-0.107106,0.326255,-0.031183,0.094991,0.325574,0.206895,0.516262,-0.148297,0.349403,-0.033343,-0.098958,0.119441,0.444841,-0.162529,0.207759,0.363111,-0.274194,0.223793,0.401476,-0.196078,0.167993,-0.309197,0.17521,0.31234,0.407498,0.087601,0.051447,-0.236152,0.379468,0.441078,-0.126898,-0.08401,-0.137655,-0.094961,-0.386232,-0.293598,-0.335801,-0.14678,-0.097002,0.07211,-0.080395,-0.273988,-0.238039,0.122097,-0.003371,-0.318058,-0.166603,-0.036038,0.233543,0.075203,0.006087,0.349048,-0.089319,-0.246336,-0.468035,0.334759,0.441123,-0.295125,0.174311,-0.1878,-0.010011,0.167417,0.03587,0.161744,0.127984,0.094191,0.464186,0.082681,-0.119928,0.069887,0.066478,0.033547,0.098746,0.217539,-0.234107,0.550831,0.236144,0.080284,0.135579,0.494347,0.23684,0.036734,-0.208719,-0.115214,0.085141,0.281621,-0.024245,0.205442,0.068868,0.304481,0.434273,-0.056119,0.34116,0.159048,0.387165,-0.073375,0.250475,0.080163,-0.110115,-0.1668,0.645189,-0.221575,-0.159105,0.107864,0.157681,-0.057225,-0.307677,0.245154,0.026083,-0.229387,-0.048453,0.044804,0.161652,0.266727,0.455025,0.299962,0.027773,-0.108118,0.0,0.468882,0.511297,-0.108094,0.222612,-0.039521,0.331501,-0.202114,0.087327,-0.186745,0.237558,0.028239,-0.223638,0.55168,-0.226221,-0.173887,0.346768,0.466844,0.405367,0.423296,0.38124,-0.267902,0.021355,0.415911,0.36683,0.371231,-0.000351,0.714769,0.160105,-0.025983,0.161255,-0.12968,-0.515991,0.089675,-0.205369,0.117988,0.209105,-0.195757,-0.214242,0.631434,0.460297,0.002379,0.375645,-0.148642,-0.26882,-0.064841,-0.686627,-0.283839,-0.254779,-0.087598,-0.009926,0.324667,-0.546252,0.137744,-0.068887,-0.409821,-0.138229,-0.1136,-0.072855,-0.340107,-0.316104,-0.080455,0.415043,-0.318232,#
18,0.143864,0.035478,-0.015237,0.129321,0.129963,0.118012,0.150491,-0.013506,0.099623,-0.222029,0.060067,-0.193588,0.145164,0.289481,0.048271,0.273492,0.042961,-0.107106,1.0,-0.098244,-0.078175,0.27406,-0.211398,-0.126904,-0.672139,-0.309052,-0.278987,0.390859,0.105365,-0.48269,-0.175847,0.323662,-0.052848,-0.081115,0.079033,-0.064417,0.330106,0.71131,-0.109679,-0.065587,0.445927,-0.273333,-0.215607,-0.019921,-0.182203,-0.051666,0.143362,-0.301065,0.097786,0.105785,-0.13668,0.400124,0.329504,0.090466,-0.242685,-0.444181,-0.122646,0.276185,-0.029244,-0.262819,0.067175,-0.278482,0.201098,-0.11909,0.017698,-0.024611,0.279799,-0.14872,0.147946,-0.016029,-0.284442,-0.041141,0.202544,0.083519,0.031651,-0.16221,0.215947,-0.274001,0.146028,0.085786,-0.070432,0.11163,-0.197138,-0.272731,0.099567,0.070486,0.001521,0.036884,-0.163375,0.331312,0.386791,0.071075,0.111255,0.071881,0.126309,-0.108609,0.070819,0.073474,0.10457,-0.207725,0.053645,0.103782,-0.031138,0.104698,0.091444,-0.001703,-0.397125,-0.055061,0.183265,-0.003989,-0.028947,0.005127,0.030971,0.070765,0.048607,-0.145876,0.116863,0.225794,0.059257,-0.098012,0.11338,-0.075313,0.454445,0.229207,-0.035836,0.290659,-0.170971,0.275562,0.091711,0.234967,0.026918,0.442567,-0.016205,-0.364688,0.317368,-0.021268,0.0,-1.5e-05,-0.295526,0.057786,0.022179,0.044309,-0.117361,-0.087586,0.092091,0.388973,0.076608,0.224494,-0.22236,0.139835,0.197504,0.122434,0.057551,-0.06649,-0.035889,-0.057458,0.064865,0.017012,0.147383,-0.302274,-0.094656,0.054878,-0.002117,-0.041111,0.601182,0.119994,0.268244,-0.278069,-0.119974,0.406845,-0.305854,0.46501,0.152437,-0.034923,-0.182703,0.064622,0.054846,0.021476,-0.160443,-0.025371,-0.088694,0.246028,0.015346,-0.058167,0.063007,0.029038,0.378331,-0.052093,0.057409,-0.315983,0.079004,-0.128442,0.192585,0.126825,0.016029,0.07249,0.056295,-0.088986,-0.141421,0.144048,#
19,-0.323562,-0.456866,-0.139695,0.17825,-0.319633,-0.08641,-0.298628,0.006375,-0.281647,0.035609,0.082904,-0.47915,-0.142347,-0.125233,-0.231353,-0.037556,-0.3943,0.326255,-0.098244,1.0,0.097909,0.174272,0.043502,0.083384,0.133096,0.30221,0.311248,0.10961,-0.344934,-0.130165,0.504352,-0.26579,0.373727,0.270698,0.324178,-0.121402,0.008326,0.023566,-0.064598,0.044027,-0.061494,0.132513,0.019672,-0.15932,0.020668,-0.122313,-0.093444,-0.02253,0.157797,-0.323294,0.096248,0.159426,-0.299541,-0.18442,-0.214365,0.089853,0.078641,-0.171398,0.219086,-0.335815,-0.036114,-0.147078,0.290976,-0.257605,-0.080419,-0.024399,0.189289,0.178812,-0.126428,0.250359,-0.13358,0.168962,-0.239739,0.253675,0.608937,-0.282065,0.276013,0.2309,0.310075,0.378544,0.205777,0.524436,0.19752,-0.104093,0.443609,0.283825,-0.061608,0.446311,0.334435,0.211191,-0.018671,0.11321,-0.185447,0.275798,0.490661,0.217728,0.226638,0.373385,0.263616,0.041004,-0.327766,-0.099375,0.202274,0.395946,0.373184,0.390198,-0.004622,0.544192,0.117682,0.122469,0.541986,-0.300227,0.188238,-0.099375,0.27923,0.516449,0.355776,0.074747,0.153483,-0.036817,0.199628,0.065673,0.363948,0.274219,-0.246129,0.511303,0.284286,0.040636,0.309615,0.049723,0.141469,0.245183,0.250011,0.187365,0.254217,0.126385,0.0,0.477904,0.090802,0.428053,0.290351,-0.155917,0.318907,0.082677,0.205381,0.335478,0.393267,-0.289139,0.385143,0.353207,0.116063,0.073984,0.416835,0.430661,0.382299,0.560006,0.155494,-0.580247,0.303547,0.492853,0.049272,0.307586,-0.131194,0.572511,0.079316,-0.237819,0.135368,0.218866,-0.115694,0.090455,-0.159179,-0.382431,0.40091,0.083076,-0.352483,0.427712,0.502516,-0.13053,0.101366,0.441491,-0.368089,0.051792,-0.525588,-0.167459,-0.176937,0.350419,-0.365449,0.050524,-0.061604,0.016218,0.039423,-0.313388,-0.296724,-0.452218,0.010063,-0.173661,-0.290621,0.26929,0.033859,-0.192433,#
20,-0.395236,-0.124165,-0.208104,0.104508,-0.102083,0.514586,-0.046471,0.107368,-0.346468,0.166264,0.028759,-0.056856,-0.533526,0.122211,-0.126511,0.038798,-0.340049,-0.031183,-0.078175,0.097909,1.0,-0.217134,-0.25804,-0.27444,0.071836,0.272333,0.145381,0.009579,-0.2264,0.238833,0.197014,-0.037457,0.02874,-0.174793,-0.124244,0.029534,-0.267049,-0.036489,0.091391,0.015891,0.008257,-0.201392,0.207101,0.298517,0.026668,0.17553,-0.577172,-0.082411,0.103788,-0.417023,-0.185427,-0.150702,0.134703,-0.170781,-0.176755,0.283239,0.380078,-0.415986,0.092061,0.274376,-0.037552,0.196571,0.161315,-0.02242,-0.201851,-0.087639,-0.327052,0.438489,-0.306589,0.027612,0.182694,0.004212,0.040572,0.353836,0.217658,-0.062891,0.353126,0.31407,0.074996,-0.013329,0.114843,-0.002875,0.084058,-0.159231,0.160343,0.042401,0.039849,0.211928,0.263138,0.276705,0.046882,0.204953,0.110305,-0.128667,-0.030226,0.18327,0.020848,-0.014411,0.003106,0.515984,-0.319385,0.173833,0.251672,0.188439,-0.011428,-0.011839,0.01649,-0.167529,0.373214,-0.375693,0.05351,0.150056,-0.130204,-0.152761,0.213529,0.092389,0.296202,0.157338,-0.311002,0.175617,0.190201,0.278426,0.165492,0.410544,-0.135961,-0.017651,0.271282,0.16309,0.062497,0.191523,0.003583,0.010095,-0.24635,0.136496,0.131046,0.26529,0.0,0.102739,0.069369,0.175921,0.099513,-0.087434,-0.133095,-0.187107,0.297316,0.075863,0.348867,-0.077591,0.292924,0.104477,-0.152445,0.125965,0.204308,0.166266,0.102394,0.018028,0.037399,-0.190376,-0.081488,0.083599,-0.176559,-0.122046,0.25822,0.136388,-0.341078,-0.042215,0.080476,0.069748,0.264788,0.011088,-0.088387,-0.472438,-0.187379,0.292105,0.241767,0.003106,0.087594,-0.109439,-0.198954,-0.044939,0.171921,-0.356167,-0.119584,0.407707,0.048218,-0.296527,0.013534,-0.417779,0.174124,0.088651,0.138339,0.067002,-0.257269,-0.555636,0.057881,0.006066,-0.251038,0.01076,0.150783,0.148344,#
