0,1.0,-0.003426,0.271205,0.118639,0.228175,-0.017358,-0.021611,-0.165406,0.300415,0.021524,-0.441031,0.030555,-0.275132,0.06812,-0.203671,-0.225207,0.069921,0.052255,-0.055495,0.077281,-0.222925,-0.21873,-0.368107,-0.108553,0.34548,-0.264996,0.083038,-0.117927,0.277672,0.15575,-0.388792,-0.189716,-0.115201,0.040956,-0.004933,0.019703,-0.123007,-0.002534,-0.207313,0.151812,-0.227791,-0.223225,-0.522137,0.005279,0.076818,-0.087673,0.122966,0.159631,0.038264,0.377793,-0.026407,-0.091305,0.28952,0.212881,0.072048,0.103453,0.280342,-0.003202,-0.121236,0.160878,0.146233,0.325607,0.217523,-0.265179,-0.378265,-0.201551,0.005203,-0.161642,-0.030389,0.194567,0.003245,-0.060936,0.069062,0.032781,-0.306891,0.125402,0.021069,-0.267961,0.133584,-0.108564,0.159105,-0.013415,0.105173,-0.270395,0.024513,0.167251,-0.294423,0.075391,0.104512,-0.351991,0.090426,0.034235,0.199932,0.178779,0.081558,-0.213366,0.059428,0.074443,0.26571,-0.040817,-0.076352,0.092236,-0.111423,0.119921,0.052843,0.104236,0.404817,0.06271,0.012072,-0.45809,0.015684,0.0,0.261868,-0.155454,-0.047871,-0.315313,-0.016651,-0.113377,0.170831,-0.184745,0.398894,0.027195,0.027966,-0.009622,0.102133,-0.114035,0.018711,-0.138816,-0.231904,0.226193,0.102516,-0.164744,-0.086363,0.230945,-0.072056,-0.02472,0.069062,0.046334,0.007211,0.126028,0.123272,-0.394264,0.306745,-0.243732,-0.11409,-0.126343,0.053102,0.229751,0.095955,0.18522,-0.139511,0.040615,0.430051,-0.167585,0.257046,0.351447,-0.039077,0.057637,0.07765,0.159758,0.011587,0.002915,0.554266,0.093822,-0.074585,-0.091618,0.145066,0.153685,0.032911,-0.273726,0.023771,0.043145,0.287595,0.024658,-0.005938,-0.05977,0.267611,0.079409,-0.026047,-0.419589,-0.04907,-0.207033,-0.094779,-0.043553,-0.094949,0.01703,0.486898,-0.32737,-0.117342,0.08302,-0.195266,-0.119297,-0.140094,0.008618,-0.442811,0.188962,-0.312573,-0.207571,0.204064,-0.279752,#
1,-0.003426,1.0,-0.268485,0.11589,0.430978,0.166915,0.182492,-0.202015,-0.048186,0.147608,0.116198,0.004701,0.154674,0.037045,-0.24875,-0.051345,-0.006612,0.041427,-0.266922,0.209561,0.160725,0.524842,0.171201,0.07019,0.017362,-0.209069,0.197663,0.2074,0.282615,0.277457,-0.550336,-0.345288,0.061948,-0.602428,-0.054889,0.073865,0.236899,-0.6216,0.023353,0.346073,0.028729,0.168678,0.175875,-0.087669,0.020115,0.259859,-0.041771,0.365495,-0.070347,0.133385,0.274576,-0.53385,0.170037,-0.014101,0.11471,-0.31928,-0.056236,0.268102,0.293435,0.159441,0.171582,0.035163,0.041798,0.331749,-0.072278,0.151015,-0.067804,0.382761,0.486464,0.090276,-0.454009,-0.321796,0.300132,-0.290656,-0.483953,0.120424,-0.470099,-0.107283,-0.268501,-0.314451,-0.224727,-0.628306,-0.283018,-0.225765,-0.312081,-0.351845,-0.184417,-0.275706,-0.11645,-0.139012,-0.323849,-0.317309,-0.167935,-0.513949,-0.478688,-0.155103,-0.60487,-0.623695,-0.275715,-0.428578,0.06326,-0.226454,-0.223925,-0.201256,0.039907,-0.253024,-0.394675,-0.367949,-0.286708,-0.034813,-0.034892,0.0,-0.427676,-0.489311,0.087448,0.019941,-0.204842,-0.265092,0.005811,-0.173206,-0.297963,-0.333187,-0.53929,-0.368072,-0.1712,-0.103943,-0.148532,0.208844,0.097975,-0.289968,-0.227506,-0.331644,0.049039,-0.023232,-0.527541,-0.33629,-0.253044,-0.380224,0.262429,-0.558347,-0.382889,-0.161119,-0.029098,-0.227369,-0.018048,-0.012702,-0.237608,0.229281,-0.218923,-0.114588,-0.535606,-0.397927,-0.342831,-0.121942,-0.119857,-0.016153,-0.204467,0.391707,-0.244102,-0.513949,0.14707,-0.061086,-0.181183,0.067333,-0.445861,0.604755,-0.00027,-0.506655,0.067905,-0.201858,0.046572,-0.040974,-0.427346,-0.102885,0.18503,-0.350852,-0.299135,0.067014,0.489182,-0.532516,0.483818,-0.352004,-0.138098,0.458987,0.43839,-0.443309,-0.21469,-0.226912,0.099251,0.501158,-0.404487,0.502122,0.385098,0.370159,0.132683,-0.290556,0.380807,-0.282584,-0.272328,0.28555,#
2,0.271205,-0.268485,1.0,0.109542,0.009584,0.003493,0.053625,0.062643,0.437732,-0.00709,-0.052075,0.097451,-0.377703,0.244107,0.178633,-0.251843,-0.326589,0.035844,0.014023,0.427342,-0.587256,-0.467031,-0.151911,-0.021056,0.048594,-0.250326,-0.045538,-0.169582,0.15458,-0.229536,0.29621,0.440645,-0.436261,0.171912,-0.150171,-0.08932,-0.012806,0.068589,-0.326759,-0.440306,-0.502128,-0.024343,-0.342465,0.013383,-0.08936,-0.335742,0.281904,-0.080313,-0.241918,0.406052,-0.206017,0.341915,0.081886,0.082356,-0.185527,0.202809,0.24481,-0.354145,-0.443429,-0.091787,0.270644,0.404229,0.190775,-0.260635,-0.200973,-0.036327,0.283348,-0.205367,-0.241759,0.072957,0.414692,0.089822,-0.105007,0.205326,0.042317,0.179047,-0.075685,-0.210395,0.092641,0.061415,0.338285,0.056765,-0.039494,0.410383,-0.046527,0.290873,-0.301828,0.003672,0.114654,-0.226157,0.192361,0.097708,0.258807,0.49356,0.025611,0.028716,0.21795,-0.101182,0.153583,0.30784,-0.439123,-0.389763,0.085538,0.413235,-0.097245,0.101755,0.323034,0.254514,0.060941,-0.074046,0.233125,0.0,0.17979,0.268622,0.071893,-0.155794,-0.142844,0.173992,0.356283,0.076831,-0.081186,0.580341,0.209066,0.025065,-0.040057,0.199806,0.055333,-0.243121,-0.154225,-0.095239,0.475799,0.258722,-0.35832,0.030152,0.352407,0.182607,0.183474,0.473864,-0.284117,0.161409,0.599023,-0.201243,0.034316,0.037508,0.284281,0.291343,0.176912,0.082048,-0.080408,0.095761,0.187144,0.491084,0.339251,0.421085,0.427913,0.008038,0.018378,0.127563,0.288225,0.160408,-0.382831,-0.178971,0.483007,0.125613,0.271364,-0.200237,0.010342,0.322605,0.422014,-0.231692,-0.064716,0.307423,-0.017986,0.223109,-0.060716,0.360327,0.235714,0.400606,0.022249,0.03742,0.022477,0.006115,-0.060852,-0.095182,-0.211761,0.449933,0.319576,0.284281,-0.404191,0.058556,0.225762,-0.567461,-0.136053,0.170984,-0.43864,-0.286555,-0.115448,-0.098226,0.236398,0.195607,#
3,0.118639,0.11589,0.109542,1.0,-0.18938,-0.064484,-0.043811,-0.012726,-0.274779,0.162478,-0.00162,0.14963,-0.074409,-0.218316,0.084482,0.285818,-0.169616,-0.286558,-0.440216,0.064233,-0.346974,0.123503,-0.472364,0.168856,-0.065457,-0.122404,-0.129837,-0.2522,0.057687,-0.166494,-0.187364,-0.156734,0.044751,0.244608,0.157109,-0.404554,0.019285,0.074989,-0.159507,0.154908,-0.162863,0.029394,0.028356,-0.144066,0.334389,0.434722,-0.411444,-0.513215,0.256275,0.233681,-0.039094,0.101264,0.28472,0.009147,-0.048581,0.00749,-0.056028,0.142591,-0.347499,-0.272214,0.038454,0.10759,0.481101,0.085868,0.013312,-0.499423,-0.276903,-0.319646,-0.311846,-0.044796,-0.119126,0.138187,0.315784,0.093919,-0.092784,0.231137,-0.08949,0.486612,0.490107,-0.243594,0.260318,0.059616,0.162704,-0.149014,0.193586,0.119204,0.448337,-0.190282,0.001721,-0.281625,0.229691,0.015448,0.50289,0.13283,0.087096,-0.187273,-0.060837,0.033198,-0.048481,0.290404,-0.081161,0.22501,0.425345,0.207477,0.24553,0.061641,-0.028502,0.113715,-0.451002,-0.143972,-0.51604,0.0,-0.047398,0.19083,-0.305407,0.294589,0.259469,0.156708,-0.349211,0.304309,0.254015,0.172315,0.116594,0.425721,-0.037631,-0.018328,-0.004199,-0.402292,-0.327684,0.272339,-0.157274,-0.312714,0.140568,0.370578,0.176503,0.316951,0.334382,-0.025153,-0.383451,0.124726,0.037183,0.157013,0.151258,-0.25058,0.417994,0.317726,-0.007739,-0.457136,0.049858,-0.277333,-0.220271,-0.170189,0.02314,0.237928,0.116594,0.310325,-0.307129,-0.168635,0.212395,0.164333,0.274517,0.158143,0.296154,-0.1653,-0.342726,-0.291512,-0.17285,-0.110356,0.40934,-0.088185,0.045735,-0.452725,0.015289,0.109776,-0.127657,-0.019812,-0.076764,-0.15347,-0.36051,-0.194561,-0.206796,-0.422746,0.411173,0.251365,-0.288089,0.015627,-0.275152,-0.148764,0.226125,-0.275122,-0.407082,0.079743,-0.422705,-0.07348,0.122431,-0.071524,-0.209426,-0.10387,-0.070412,0.232368,#
4,0.228175,0.430978,0.009584,-0.18938,1.0,0.04814,0.228145,0.010358,0.384552,0.17582,-0.340274,0.15152,0.300343,0.234201,-0.321182,-0.078911,-0.090102,0.392261,0.058765,0.220153,0.231453,0.058504,0.329467,-0.035193,-0.311466,-0.557616,0.284748,-0.00265,0.25544,0.153063,-0.174265,0.088308,0.150202,-0.319373,-0.016226,0.057725,0.289354,-0.599293,-0.326924,-0.112707,0.016058,0.42999,-0.081875,-0.242213,0.168429,-0.100407,0.212716,0.637964,0.128753,-0.097688,0.124151,-0.564014,0.412515,-0.333039,-0.002908,-0.188903,0.025905,-0.110623,0.309302,0.180232,-0.072266,0.241584,-0.054915,-0.47976,-0.359974,0.274778,0.254248,0.219038,0.369446,0.203851,-0.099766,-0.423802,-0.060942,-0.327964,-0.26103,0.100282,-0.289948,-0.512838,-0.364317,-0.254826,-0.306019,-0.432072,-0.053872,0.094983,-0.231875,-0.032006,-0.290743,0.017798,0.087515,-0.18164,-0.293446,-0.385274,-0.086537,-0.343795,-0.111924,-0.33835,-0.34326,-0.273997,-0.153433,-0.362047,-0.352442,-0.234203,-0.270128,0.086584,0.070051,-0.273405,0.14181,-0.340878,-0.111594,-0.382325,0.402804,0.0,-0.16048,-0.544195,0.241696,-0.089497,-0.151436,-0.368157,0.161281,-0.259084,0.236851,-0.082434,-0.190872,-0.770698,-0.076094,0.332268,-0.228777,0.32497,0.143661,-0.447313,0.087521,0.100396,-0.152748,0.034998,-0.408949,-0.154135,-0.100259,-0.02123,0.281939,-0.203371,0.068654,-0.008284,-0.038272,-0.127475,-0.248331,-0.158467,0.157563,0.438033,-0.475243,-0.104816,-0.499778,-0.036438,0.132637,-0.44796,0.024082,-0.024696,0.075219,0.454649,-0.281087,-0.187154,0.208937,0.058955,-0.02474,0.453928,-0.046673,0.135584,0.170387,-0.045442,-0.103914,0.090728,-0.360559,0.484169,-0.218694,-0.19217,-0.06328,-0.010636,-0.180115,0.130673,0.34908,-0.4175,0.357631,-0.256248,-0.17437,0.054468,0.125613,-0.270179,0.057621,-0.266758,-0.304479,0.099824,-0.054215,0.082359,0.392311,0.225997,0.024163,0.024273,0.209229,-0.266008,-0.021495,-0.239559,#
5,-0.017358,0.166915,0.003493,-0.064484,0.04814,1.0,0.15564,0.286673,0.11662,-0.345096,0.101896,0.273325,-0.339451,0.085026,0.070757,-0.287916,0.367781,-0.09638,-0.106147,-0.076202,-0.053487,0.323405,0.179184,-0.343061,0.188036,-0.224333,0.005938,-0.060633,-0.025891,0.105502,-0.126206,0.082216,-0.076279,-0.284705,-0.363452,0.326257,0.032062,0.197523,0.141437,-0.077271,0.09971,-0.13022,0.003154,-0.242615,-0.380504,0.168598,0.122457,0.089966,-0.06688,0.169778,0.042008,0.129116,0.006591,-0.096227,0.308776,0.165105,-0.349784,0.258844,-0.05308,0.0709,0.015019,-0.020144,0.321336,0.014956,-0.063747,-0.053383,-0.01361,0.173635,0.111498,0.247466,-0.183451,-0.213134,-0.114577,-0.483503,-0.004381,0.2737,-0.372771,-0.055462,0.090167,-0.251928,-0.151484,-0.340198,0.089336,0.10289,-0.364625,0.154372,-0.224646,-0.116293,0.048737,-0.166536,0.149662,-0.083772,0.074377,-0.324987,-0.167984,-0.272559,-0.042807,-0.186141,0.068956,-0.390809,0.13595,-0.152133,0.175895,-0.410547,-0.243191,-0.281601,0.088052,-0.463975,0.092788,-0.062279,-0.110459,0.0,-0.181973,-0.558281,0.241172,-0.057953,-0.18286,-0.293375,0.22279,0.025581,-0.010108,-0.255284,-0.109927,0.001517,0.373706,0.042635,0.081197,0.246485,0.179514,-0.190514,-0.036763,-0.022163,0.098145,-0.360433,0.180615,0.076282,0.112608,-0.091819,-0.047237,-0.287122,-0.2541,-0.106803,-0.112218,0.302598,-0.00527,-0.101388,0.085049,0.176487,-0.022333,-0.361033,-0.139978,0.13347,0.204842,-0.08123,-0.110388,-0.120307,0.094872,0.072921,0.017036,0.070635,0.001288,0.246031,-0.175762,-0.022465,0.08618,0.337655,-0.160991,-0.272227,0.089844,0.001528,0.185578,-0.014953,-0.117876,-0.13206,-0.077995,0.063483,-0.088396,0.345389,0.250215,-0.223861,0.088758,0.065634,-0.123672,0.347256,0.334085,-0.168691,-0.010028,-0.00527,-0.229196,0.352461,0.028372,0.166435,0.249533,0.460053,0.336218,0.121265,0.242288,-0.007908,-0.099335,0.286417,#
6,-0.021611,0.182492,0.053625,-0.043811,0.228145,0.15564,1.0,0.297121,0.162163,0.036561,0.11217,-0.274531,-0.033637,0.229394,0.266329,0.033603,0.120867,0.112989,0.241058,0.204571,0.202645,0.335277,0.1202,-0.23615,-0.184029,-0.070975,0.214591,-0.106307,0.330403,0.092416,-0.277033,0.294368,0.466236,-0.272221,0.111349,0.158376,-0.001766,-0.174493,-0.379607,-0.30416,-0.119623,-0.009916,0.323904,-0.279647,-0.112456,-0.217776,0.112122,0.095704,0.146054,0.214822,-0.154913,-0.206819,-0.032759,-0.035165,-0.312656,-0.169965,0.510646,-0.192111,-0.044938,0.132487,-0.015337,-0.001592,-0.176954,-0.000988,-0.38192,-0.182012,0.229519,0.114774,0.012365,0.292326,0.002877,-0.325412,-0.108851,-0.016857,0.019429,0.208235,-0.03094,-0.249717,-0.556545,-0.096479,-0.16855,-0.174317,-0.106884,-0.049351,-0.171172,-0.012489,-0.225989,-0.297145,0.05637,-0.150524,-0.320588,-0.090689,0.100414,-0.125766,-0.191291,-0.113088,-0.378916,-0.232419,-0.620582,-0.042255,0.081397,-0.342603,-0.198729,-0.060776,-0.077748,-0.098598,0.229253,-0.270775,-0.104584,-0.040586,0.11725,0.0,-0.144779,-0.073878,-0.093,-0.05577,-0.352218,-0.088083,0.12014,0.046015,-0.025167,-0.049943,0.103332,-0.174264,-0.350067,0.24453,-0.421011,0.165776,0.447729,-0.349516,0.034915,-0.153874,-0.26441,0.191915,-0.078899,-0.095341,0.121657,-0.263102,-0.152949,-0.103332,0.107135,-0.265936,0.044839,-0.094674,-0.326634,-0.191664,0.098608,0.158638,-0.004561,-0.018024,-0.134942,-0.036185,0.014639,-0.034456,0.322122,-0.11921,-0.143345,0.45443,-0.34761,-0.096458,0.009071,-0.220363,-0.183532,0.18309,-0.081164,0.148428,-0.016465,0.000912,-0.058051,0.00466,0.136585,0.129714,-0.28422,0.108795,-0.082989,0.273147,-0.114753,0.200496,0.213238,-0.233154,0.086301,0.007565,0.291277,0.384876,-0.0307,0.036475,-0.002414,-0.188363,0.003053,-0.138334,-0.159935,0.165732,0.225518,0.297145,0.304856,0.094937,0.088177,-0.164285,0.0486,0.137193,#
7,-0.165406,-0.202015,0.062643,-0.012726,0.010358,0.286673,0.297121,1.0,0.037644,-0.392124,-0.01219,-0.105987,0.034198,0.24031,0.466573,0.200615,-0.108742,-0.356272,0.221112,-0.164089,-0.029678,0.218678,0.214613,-0.329547,-0.165491,-0.240494,0.150414,-0.13595,0.251666,-0.147181,0.132018,0.347182,0.228263,-0.258862,-0.067317,0.086005,0.287869,0.212513,-0.108799,-0.305282,0.082725,0.333751,0.141914,-0.092324,-0.108777,-0.086873,0.311285,-0.060599,0.25238,-0.085325,0.016716,-0.119724,-0.163802,-0.552828,-0.218052,0.265022,0.116653,0.075827,-0.39799,0.093423,-0.418499,-0.189658,-0.23891,0.11966,-0.013888,0.16881,0.264676,0.168098,-0.184254,-0.259563,-0.11254,-0.200078,-0.108733,-0.260158,0.226513,0.101093,0.090256,-0.02879,-0.331947,-0.360495,-0.002746,-0.428947,0.25333,-0.240288,-0.008081,0.071682,0.110485,-0.260835,-0.052039,-0.282876,0.230956,-0.006767,0.303372,-0.220843,-0.0798,0.064293,-0.327218,0.150582,-0.260841,-0.325846,0.108308,-0.240269,0.150582,-0.240404,-0.360289,-0.239915,0.211766,-0.384517,0.092339,-0.240407,0.005552,0.0,0.016311,0.01624,-0.131173,-0.165478,-0.029812,0.191133,-0.220442,0.284179,0.096558,-0.282702,0.134083,-0.006779,0.119499,0.014866,-0.282718,-0.2543,0.117197,-0.201992,0.150582,-0.005437,-0.165163,-0.34879,0.107145,0.088054,0.381289,0.211766,-0.24674,-0.162139,0.043081,-0.176583,-0.219786,0.137521,-0.173821,-0.302228,-0.183632,-0.017205,-0.201794,-0.201875,0.21374,0.207381,0.20624,0.12143,-0.212156,-0.22031,0.369683,-0.053404,-0.522747,0.092018,-0.188033,-0.128524,-0.220706,-0.050941,-0.331904,-0.03297,-0.220454,0.163282,-0.201931,0.038247,0.010328,0.107387,0.123423,0.131987,0.011966,0.166665,-0.128538,0.001518,-0.304643,0.109877,-0.010552,0.29586,0.26868,0.191838,-0.034642,-0.12143,0.032388,0.148538,-0.134959,-0.23717,-0.189046,0.348542,0.242036,-0.018608,0.158559,0.080452,-0.058511,-0.135225,0.106112,0.215576,#
8,0.300415,-0.048186,0.437732,-0.274779,0.384552,0.11662,0.162163,0.037644,1.0,0.099907,-0.069587,0.247934,0.011904,0.50461,-0.295941,-0.339057,-0.058501,0.440094,0.327991,0.293196,-0.179964,-0.371727,0.095981,-0.408709,-0.0846,-0.151603,0.281168,0.18205,0.20372,0.004808,-0.046279,0.367694,-0.194514,-0.116881,-0.217203,0.295813,0.245888,-0.320282,-0.301232,-0.209153,-0.280531,0.214686,-0.391758,0.121599,0.18622,-0.54004,0.461552,0.384834,-0.312204,0.395664,0.002974,-0.113157,0.123673,0.255034,-0.228134,0.204394,0.185498,-0.183301,0.236923,0.120628,-0.366064,0.287265,-0.064475,-0.300687,-0.347222,0.095318,0.537129,0.138,0.152308,0.266802,0.376516,-0.271285,-0.30105,-0.04697,-0.008662,0.138138,0.128491,-0.604163,-0.131291,-0.003963,-0.214915,-0.156485,-0.134475,0.336267,0.01625,0.205307,-0.563279,-0.099287,0.014725,-0.287655,-0.040857,0.012927,-0.160155,0.242116,-0.204819,0.075888,0.077641,-0.347124,-0.09922,0.004394,-0.425044,-0.347312,-0.159858,0.147084,-0.171744,0.147685,0.246943,0.113936,0.118959,-0.148832,0.322205,0.0,0.24472,-0.127024,0.195188,-0.458161,-0.076076,-0.067486,0.598822,-0.187998,0.111645,0.186261,-0.028856,-0.374234,-0.058522,0.24597,-0.162728,0.33349,-0.185047,-0.054706,0.428816,0.512095,-0.422163,0.17517,0.068688,-0.112938,0.182967,0.251289,0.316417,0.12108,0.497163,-0.078451,-0.116156,0.102605,-0.129478,-0.290489,0.395059,0.530075,0.056218,0.32684,-0.049988,0.251425,0.386576,-0.198661,0.191478,-0.123238,0.141387,0.266214,0.066324,0.21142,-0.15794,-0.147605,0.046965,0.555581,0.376905,-0.118231,-0.129092,0.163632,0.130492,-0.009857,-0.305549,0.221623,0.188653,-0.021694,-0.328476,0.117937,0.075481,0.191683,0.25641,-0.245574,0.100822,0.117046,-0.492264,-0.177983,-0.135557,0.315788,0.491318,-0.129478,-0.616694,0.141948,0.272879,-0.361101,-0.034379,0.140009,-0.258789,0.0875,-0.039253,0.013565,0.195659,0.051227,#
9,0.021524,0.147608,-0.00709,0.162478,0.17582,-0.345096,0.036561,-0.392124,0.099907,1.0,0.017728,0.147714,0.159619,0.262964,-0.48284,0.042179,0.024632,0.231244,-0.250146,0.219003,0.002189,-0.19424,-0.009381,0.174298,0.023984,0.0884,-0.221051,-0.313636,0.010084,0.154045,-0.268924,-0.140776,-0.01678,0.327712,0.484566,-0.027161,-0.01027,-0.314882,-0.238657,-0.044619,-0.129014,0.035181,0.039935,-0.104051,0.257341,0.082298,-0.070308,-0.106599,-0.231536,0.231877,0.37817,0.071048,0.005661,0.342853,-0.196553,-0.093194,0.065181,-0.027306,0.2413,0.088297,0.045134,0.018857,0.310047,-0.06891,-0.279056,-0.031644,0.095803,-0.20162,0.083984,0.152625,0.014531,-0.083686,0.014958,0.155014,-0.085576,-0.223009,0.16131,0.175313,0.172348,0.408636,-0.081396,0.209677,-0.170149,0.100853,0.213701,-0.324129,-0.088317,0.007688,-0.009699,0.234997,-0.295157,0.037436,0.046911,0.214664,-0.081871,0.043026,-0.019022,-0.236022,-0.180578,0.308151,-0.150534,0.437971,-0.025193,0.25666,0.245502,0.09747,-0.043277,0.167581,-0.386223,0.09286,-0.133151,0.0,-0.160094,0.204613,0.024059,0.235546,-0.230188,-0.245247,0.234385,-0.084935,0.170686,0.387435,0.052438,-0.220859,-0.267716,0.367203,-0.468304,-0.134909,0.088888,0.325473,-0.036243,0.386362,-0.079466,0.618398,-0.054353,0.225421,-0.248619,-0.389253,0.046972,0.27879,0.097034,0.109568,0.382296,-0.090883,0.18189,0.24772,0.296986,0.080772,-0.02831,0.148302,-0.407649,-0.038394,-0.468284,0.163751,0.466546,0.052759,-0.039666,0.409782,0.362506,-0.145346,0.12423,0.11673,-0.152287,0.515899,0.010696,-0.13665,0.219891,0.045948,0.139576,0.129425,0.080145,-0.150752,0.094685,-0.172884,-0.105104,0.124431,-0.368705,0.094216,-0.048207,-0.205557,0.122319,-0.082499,0.013189,-0.141823,-0.152541,0.165057,0.040641,-0.016832,-0.197983,0.100437,-0.070256,-0.229028,-0.104501,-0.017296,0.063709,-0.183674,0.07639,0.216372,0.188002,-0.009742,#
10,-0.441031,0.116198,-0.052075,-0.00162,-0.340274,0.101896,0.11217,-0.01219,-0.069587,0.017728,1.0,0.161972,-0.213459,-0.015255,0.036875,-0.027371,0.331646,-0.003341,0.161338,-0.06568,0.186467,0.421696,0.081934,0.201053,0.142252,0.365522,-0.278014,0.00872,0.261475,0.267089,-0.055618,-0.11062,-0.323099,-0.048224,0.177859,0.288145,-0.071616,-0.101464,0.106558,0.023175,-0.318569,-0.061384,0.381908,-0.134845,-0.17086,0.150185,-0.237178,-0.464008,0.060068,0.077282,0.195736,0.010722,-0.216095,0.197019,-0.244655,-0.090161,-0.052986,-0.026703,0.033813,-0.033976,0.070661,-0.220538,0.09507,0.317285,0.236059,0.014459,-0.036447,0.032173,-0.03705,-0.168001,-0.302805,0.090077,0.086917,-0.046074,0.244521,0.25772,-0.239347,0.000859,-0.162872,-0.04999,-0.063747,-0.118919,-0.489916,0.202206,0.078422,-0.386454,-0.15048,-0.32801,-0.347893,0.236211,-0.085426,-0.165695,-0.309166,0.118424,-0.431933,0.01007,-0.288482,-0.141774,-0.490378,-0.033476,0.206659,-0.075639,-0.335257,-0.160053,0.142988,-0.140083,-0.208813,-0.018768,-0.295579,0.528228,-0.258661,0.0,-0.212047,0.170914,-0.021554,0.063755,-0.224706,0.0672,0.185942,0.292165,-0.419796,0.021421,-0.46103,0.083099,0.056392,-0.157202,-0.132628,-0.170246,0.311432,-0.070369,0.051281,-0.095188,-0.026178,-0.049687,-0.004407,0.166713,0.097097,-0.175037,-0.067723,-0.391397,0.026677,0.078362,0.007712,0.177001,0.066896,0.202084,0.033899,-0.201969,0.053525,-0.231626,0.133426,-0.113198,-0.423292,0.057873,-0.27448,-0.502848,-0.272873,0.121531,0.072019,0.186475,0.179055,-0.036593,-0.55868,-0.110667,-0.158974,0.102717,-0.41344,-0.15998,0.042798,0.105117,0.091629,-0.238068,-0.340581,-0.240771,0.044433,-0.387872,-0.341974,0.114662,0.018383,0.172751,0.182949,0.057443,0.011592,0.279947,0.254531,-0.14598,-0.321617,0.066896,0.374208,0.142264,-0.088772,0.289418,-0.018471,0.043217,0.192597,-0.034763,0.326607,-0.274245,-0.133318,0.281975,#
11,0.030555,0.004701,0.097451,0.14963,0.15152,0.273325,-0.274531,-0.105987,0.247934,0.147714,0.161972,1.0,-0.20423,0.099309,-0.339943,-0.125546,0.026166,-0.12417,-0.319788,-0.065142,-0.148806,-0.049835,-0.167587,0.214021,0.258331,0.074444,-0.262998,-0.078829,0.176495,0.20465,-0.126156,0.132671,-0.439169,0.09649,-0.200086,0.361597,-0.091661,0.01741,0.05617,0.172385,0.083984,-0.056826,0.069689,-0.043402,0.00856,0.112664,-0.100252,-0.157525,0.281996,-0.029597,0.015245,0.035805,-0.146477,0.154285,0.217989,0.118881,-0.443609,-0.173557,0.033639,-0.173694,-0.227229,0.022997,0.440401,-0.321479,-0.031691,-0.115011,0.092018,-0.106583,0.078876,0.290196,-0.033905,-0.19405,0.035648,-0.03661,-0.139844,0.258292,-0.219638,0.004154,0.320504,-0.078253,0.094174,-0.010708,0.142638,0.406569,0.040961,-0.041071,-0.127822,-0.160474,0.095881,-0.242897,0.008038,-0.005187,-0.006703,-0.019621,0.029523,0.045144,-0.07024,-0.056089,0.184714,0.085276,-0.256086,0.145516,0.130276,0.204556,0.102126,0.035686,0.091248,-0.109804,-0.079354,-0.11151,-0.18714,0.0,-0.250964,0.008201,0.050272,0.199015,0.051765,-0.316474,0.030329,0.115424,0.165017,0.157676,-0.214252,-0.081941,0.447617,0.167257,-0.168154,-0.092509,-0.23584,-0.010031,-0.110296,0.050817,0.086673,0.053561,0.292741,0.240683,0.005327,0.084821,0.25685,0.046151,0.37223,0.256915,0.061907,0.263756,-0.059417,-0.1015,0.096492,0.097978,0.118576,-0.377131,-0.2197,0.332728,0.081606,-0.074396,-0.214732,-0.143466,0.062516,-0.319508,0.355505,0.052399,0.397097,0.126722,-0.017743,0.013448,-0.040737,-0.271591,-0.011461,-0.217185,0.466126,0.129007,-0.22804,-0.200135,-0.102728,-0.441659,-0.151343,-0.144183,-0.208476,-0.08146,-0.021394,-0.126365,-0.178346,-0.096118,-0.089452,0.002976,0.057026,0.104167,0.069388,-0.059417,-0.131493,0.119308,0.075287,-0.031181,-0.078028,0.011483,0.248755,0.161158,0.112164,-0.010701,-0.114957,-0.029603,#
12,-0.275132,0.154674,-0.377703,-0.074409,0.300343,-0.339451,-0.033637,0.034198,0.011904,0.159619,-0.213459,-0.20423,1.0,0.15192,-0.109098,0.174511,-0.299879,0.331418,-0.046723,0.136887,0.441446,-0.004132,0.089574,0.087705,-0.456377,-0.01725,0.220601,0.277731,-0.065149,-0.0001,0.052694,0.177702,0.333193,-0.033789,0.110381,-0.214544,0.401946,-0.314969,-0.300035,0.097526,0.050014,0.530359,0.161959,0.276641,0.20946,0.01847,-0.233845,0.256922,0.009464,-0.441832,0.164877,-0.24675,0.082254,-0.297607,-0.255251,-0.347406,-0.221202,0.255294,0.291056,-0.133857,-0.406136,-0.077398,-0.528829,0.105626,0.143056,0.225053,0.093389,0.138704,0.389875,-0.130455,-0.170543,0.049624,-0.03173,0.07035,0.041611,0.05384,0.101011,0.043372,-0.247812,-0.162926,-0.226823,-0.122409,0.024755,0.0202,0.050925,-0.150738,0.355568,0.087466,-0.300986,0.087261,-0.346272,-0.338308,-0.317804,-0.256191,-0.169747,0.033022,-0.084165,-0.1281,-0.253792,-0.163042,0.088155,0.011644,-0.135038,-0.325419,0.044609,0.154642,-0.267157,-0.04465,-0.253886,-0.147641,0.316344,0.0,-0.055169,-0.13615,-0.119431,0.15677,0.093022,0.028669,-0.258674,-0.165501,0.137671,-0.278551,-0.017961,-0.380223,-0.442457,0.284907,-0.323011,0.110284,0.011543,-0.204546,-0.291151,0.040295,-0.01073,-0.006839,-0.175224,-0.081691,-0.051959,0.097565,0.193237,0.130223,-0.161526,0.188801,-0.279126,-0.237704,-0.058569,-0.128759,0.064191,0.152197,-0.315527,0.11359,-0.056895,-0.074968,-0.212797,-0.202143,-0.20741,-0.144277,0.082803,0.118487,-0.27617,-0.263162,0.212629,-0.110308,-0.144536,0.248495,-0.112581,0.211807,-0.103169,0.074821,-0.224189,0.202515,-0.140103,0.029101,-0.16338,-0.030906,0.003274,-0.036609,-0.170997,-0.137687,0.109917,-0.087776,0.323247,0.091677,-0.214197,0.039332,0.052547,-0.218522,-0.15985,-0.112608,-0.191888,0.02577,-0.09685,0.180097,0.14713,-0.04183,-0.050361,-0.048422,0.02924,0.195665,0.087739,0.045596,#
13,0.06812,0.037045,0.244107,-0.218316,0.234201,0.085026,0.229394,0.24031,0.50461,0.262964,-0.015255,0.099309,0.15192,1.0,0.061284,-0.245053,-0.209147,0.109641,-0.139646,0.270855,-0.15416,-0.30432,0.033587,-0.225437,0.079056,-0.014766,0.296745,-0.192995,0.114113,-0.003461,-0.360954,0.305156,-0.093695,-0.274945,-0.088986,0.199091,0.439103,-0.219115,-0.449993,-0.328984,-0.088289,0.300018,-0.255473,0.037206,0.033546,-0.407839,0.446059,0.147835,-0.049801,0.20427,0.104473,-0.00395,-0.155218,0.092538,-0.448785,0.106097,0.187115,-0.045998,0.166093,0.272513,-0.283772,0.256994,-0.108962,-0.167403,-0.052726,0.236337,0.354128,0.325432,0.273042,0.329363,-0.08275,0.04065,0.060362,-0.128367,0.018661,0.17778,-0.011061,-0.088456,-0.234119,0.140065,0.150679,-0.233376,0.065296,0.192257,-0.20649,0.045856,-0.394517,-0.297746,-0.303596,-0.180648,-0.195651,0.077619,-0.050951,0.099148,-0.376718,0.070911,-0.047789,-0.125873,-0.135938,-0.135344,-0.251325,-0.169601,-0.12194,-0.18172,-0.153013,-0.205381,0.374253,-0.099742,-0.019494,-0.155176,0.416817,0.0,-0.272843,0.103741,0.145078,-0.09647,-0.518987,-0.274385,0.287629,-0.263602,0.029448,-0.201777,0.16754,-0.325613,-0.017417,-0.089436,-0.413012,0.020644,-0.050412,-0.159132,-0.100961,0.456487,-0.510476,-0.151473,0.228963,-0.054725,0.070356,0.215538,0.251122,0.184262,0.16554,-0.447423,-0.269741,-0.212348,-0.250971,-0.27638,0.168779,0.59774,-0.315593,0.354407,-0.268918,0.383936,-0.016248,0.050425,0.386092,-0.282295,0.400761,0.403627,-0.064403,-0.083925,-0.355924,-0.078977,0.055288,0.593742,0.07689,0.241326,-0.106861,0.176467,0.035358,-0.160825,0.103336,0.205999,-0.068064,-0.055057,-0.255294,0.009108,0.081158,0.152347,0.160967,-0.302969,0.194527,0.325456,-0.438738,-0.393008,0.223851,0.060107,-0.01161,0.083657,-0.583605,0.183108,0.129221,-0.175079,0.468456,0.239014,-0.056362,-0.209355,-0.15968,-0.071399,0.353357,0.246479,#
14,-0.203671,-0.24875,0.178633,0.084482,-0.321182,0.070757,0.266329,0.466573,-0.295941,-0.48284,0.036875,-0.339943,-0.109098,0.061284,1.0,0.001216,-0.133899,-0.199844,0.168339,0.039031,-0.188929,0.059344,0.02736,-0.213121,-0.203777,0.135857,0.223367,-0.104211,-0.100709,-0.181231,0.16256,0.419769,0.074628,-0.116917,0.032719,-0.248745,-0.097942,0.238428,-0.133969,-0.193437,-0.034259,-0.039271,0.139866,-0.004997,-0.133942,0.024786,0.273824,-0.218275,0.304782,-0.04952,-0.558027,0.245703,-0.201697,-0.283673,-0.162081,0.248678,0.181983,-0.131607,-0.603408,-0.286613,0.134343,-0.217521,-0.143368,0.100247,0.188502,-0.059028,-0.158298,-0.083109,-0.314678,-0.2114,-0.078255,0.193727,-0.133887,0.113873,0.049455,0.124481,0.003276,0.32232,-0.215041,-0.203692,0.354932,-0.071713,0.325392,-0.099739,-0.348283,0.18278,0.154041,-0.083444,0.026204,-0.348318,0.053244,0.080889,0.144463,-0.072023,-0.007556,-0.026061,0.036774,0.200909,-0.080957,0.038483,-0.012701,-0.295854,0.200909,-0.100915,-0.44364,0.146918,0.274647,-0.11649,0.208819,-0.103133,0.09835,0.0,-0.129404,0.373179,-0.527631,0.01879,0.052626,0.250175,-0.27144,0.120739,-0.248602,-0.157092,0.181688,0.345469,0.10774,-0.321178,0.082913,-0.236331,-0.084753,-0.248722,-0.077916,-0.348123,-0.368507,-0.320833,0.152069,0.02994,0.34499,0.274647,-0.471879,-0.099751,-0.099795,-0.392397,-0.270632,0.010617,-0.079622,-0.191791,-0.226114,-0.115463,-0.144545,0.006898,0.277021,0.069926,0.063344,0.273966,0.181688,-0.017984,0.230832,-0.133606,-0.419308,0.033812,-0.41784,-0.158257,0.185688,-0.40857,0.022678,0.114529,0.173835,0.35736,-0.040505,-0.296025,0.165445,0.180144,-0.226112,0.179059,0.368356,0.219895,0.432479,-0.063518,-0.145426,0.15482,-0.07793,0.364306,0.094997,0.003812,0.11325,-0.053072,-0.186113,0.198344,0.184935,-0.282139,-0.128049,0.005628,0.090493,-0.089712,0.110297,-0.001966,-0.136675,-0.07167,0.150603,0.17337,#
15,-0.225207,-0.051345,-0.251843,0.285818,-0.078911,-0.287916,0.033603,0.200615,-0.339057,0.042179,-0.027371,-0.125546,0.174511,-0.245053,0.001216,1.0,0.008439,-0.239561,-0.073488,-0.420463,-0.003253,0.062341,-0.18241,-0.075,0.008745,0.02563,-0.221203,-0.086403,-0.076537,-0.064655,0.028423,-0.095746,0.303303,-0.072104,0.041548,-0.061559,-0.091729,-0.11203,0.00922,0.360026,-0.040509,-0.039748,0.431155,0.006694,0.002464,0.329486,-0.1725,-0.350375,0.145113,-0.232839,0.151436,-0.059477,0.174058,-0.046231,-0.1338,0.101522,0.077793,-0.10054,-0.016267,0.029943,-0.157742,0.173285,-0.076255,0.167658,-0.219657,-0.221131,-0.405637,0.18352,-0.328374,-0.335506,0.048644,0.159481,-0.000838,0.051581,0.152243,-0.156536,0.06554,0.246467,-0.07437,-0.046375,0.196769,0.074466,0.23083,-0.159264,0.324352,-0.071716,0.397056,0.237486,0.071733,0.180984,0.337876,-0.052139,0.324985,-0.197628,-0.053452,-0.063117,-0.147176,0.412023,-0.108745,0.206931,0.042683,0.239961,-0.004213,0.041526,0.15854,0.01939,-0.202843,0.241993,-0.284094,0.057991,-0.443515,0.0,-0.076443,0.134351,-0.097582,0.006283,0.177708,-0.111728,-0.392135,0.364343,0.086844,-0.026322,0.274162,0.190727,0.051447,0.073509,-0.038214,-0.301074,0.041981,0.132294,0.037457,-0.21334,0.179333,0.273061,-0.064834,0.151688,0.250872,-0.202022,-0.106032,0.107495,-0.163367,0.18631,0.176735,-0.194033,-0.148927,0.115248,-0.350604,-0.610055,-0.190044,-0.293507,0.161948,-0.016758,-0.316624,0.116429,-0.15535,0.143462,-0.141653,-0.220087,-0.165776,0.174939,0.185177,-0.393988,-0.061725,-0.274295,-0.296198,-0.270673,-0.376957,0.018087,0.091769,-0.123132,-0.213991,-0.189953,0.0531,0.286028,0.134815,-0.070078,-0.439007,-0.063267,-0.345803,-0.059906,-0.29813,-0.359153,0.593836,0.102521,-0.104967,0.01628,-0.352462,-0.198228,0.545789,-0.48788,-0.049069,0.239552,0.114219,-0.184473,0.282183,0.077568,-0.006016,-0.112589,-0.059493,-0.089206,#
16,0.069921,-0.006612,-0.326589,-0.169616,-0.090102,0.367781,0.120867,-0.108742,-0.058501,0.024632,0.331646,0.026166,-0.299879,-0.209147,-0.133899,0.008439,1.0,0.083609,0.23058,-0.205556,0.386964,0.358619,0.277728,-0.160611,0.365295,0.197533,-0.361335,-0.030635,-0.181432,0.435414,-0.182788,-0.352132,0.18309,-0.05112,0.050019,0.269703,-0.412826,0.008863,0.242298,0.105588,-0.022758,-0.351633,0.134184,-0.216906,-0.136266,0.265445,-0.055303,-0.208901,-0.045895,-0.007964,0.072128,-0.006409,0.119492,0.267318,0.221126,0.344497,-0.126859,0.114892,0.144375,0.132088,0.137933,-0.187354,0.213005,0.16147,-0.237315,-0.073286,-0.161044,-0.098936,-0.038477,0.23466,0.012732,-0.220164,-0.13621,-0.325902,-0.182441,0.173544,0.026122,-0.148459,-0.148539,0.071084,-0.12556,0.013624,-0.15695,-0.040019,-0.091862,0.002794,-0.137124,-0.063394,0.315531,0.156379,0.081142,-0.090608,-0.085412,-0.000788,-0.183463,-0.276639,0.120811,-0.048538,-0.070142,-0.137993,0.1486,0.224545,-0.346383,-0.301156,0.077048,-0.090215,0.028443,-0.204172,0.018074,0.221688,-0.347781,0.0,-0.062054,-0.35433,0.021098,-0.207295,-0.11958,-0.272583,0.476448,-0.10964,0.032174,-0.09056,-0.085991,-0.119643,0.159678,-0.063394,0.166108,0.11072,0.244689,0.028115,0.222342,-0.089297,-0.015883,0.065405,-0.174087,-0.00428,-0.13621,-0.491394,-0.112741,-0.295073,-0.301179,-0.018821,0.221208,0.21247,-0.347295,-0.184091,0.060886,-0.03626,0.217192,-0.25289,-0.051314,-0.226209,-0.184541,-0.252915,-0.114865,0.00461,-0.133173,0.140746,-0.046664,0.265224,0.269451,0.196781,-0.27648,0.087918,0.104891,0.07579,-0.064432,-0.152995,-0.252961,0.221688,0.152749,-0.027519,0.06327,-0.087852,0.131855,-0.298022,-0.161021,-0.006855,-0.13278,-0.16128,-0.131488,-0.126071,-0.056556,0.257482,0.074285,-0.240901,-0.080395,-0.347295,0.30514,-0.043376,-0.034716,0.190539,0.049628,-0.058036,0.21931,0.535408,0.043923,0.013616,-0.207124,-0.183916,#
17,0.052255,0.041427,0.035844,-0.286558,0.392261,-0.09638,0.112989,-0.356272,0.440094,0.231244,-0.003341,-0.12417,0.331418,0.109641,-0.199844,-0.239561,0.083609,1.0,0.400103,0.021299,0.288717,-0.209061,0.245327,-0.168379,-0.300531,-0.155396,0.093625,0.084136,-0.046421,0.046444,0.200225,0.112307,0.069902,0.035845,0.121173,0.071661,0.073631,-0.362423,-0.446537,-0.185345,-0.240908,0.110579,-0.249582,-0.102901,0.213057,-0.268887,0.151862,0.411163,-0.178478,-0.075735,0.066857,-0.02377,0.266475,0.085581,0.002024,-0.184723,0.025605,-0.070713,0.451186,-0.031079,0.106123,0.056311,-0.084119,-0.347811,-0.078099,0.169138,0.112833,-0.095966,0.296756,0.06042,0.089021,-0.096004,-0.446267,-0.07021,0.039352,0.203868,-0.006811,-0.395917,-0.128013,0.163681,-0.328479,0.137297,-0.469114,0.14226,-0.049081,0.056419,-0.353157,0.407639,-0.087765,0.205574,-0.409979,-0.228424,-0.567755,0.059038,0.026849,-0.232817,0.08042,-0.265543,-0.153642,0.032434,-0.186154,-0.191426,-0.102475,-0.044452,0.007564,0.127819,0.066504,0.241666,-0.157571,-0.142064,0.291624,0.0,0.028438,-0.222195,-0.023296,-0.057088,-0.021703,0.074398,0.444878,-0.228207,-0.005973,0.116657,-0.2414,-0.292232,-0.210159,0.436544,-0.068915,0.308781,0.08884,-0.017734,0.083337,0.247916,-0.265946,0.170599,-0.250289,0.118709,-0.014522,0.019177,0.215619,0.00215,-0.039009,0.010164,-0.012243,0.255553,0.106968,-0.059662,0.478682,0.304607,-0.062365,0.172123,-0.097659,0.063217,-0.046263,-0.503052,0.192822,-0.103103,0.085867,0.501051,-0.107385,0.221924,-0.018528,0.124666,-0.127111,0.416886,0.375982,0.142086,0.110578,0.229887,-0.195498,0.201114,0.025501,0.149503,-0.105345,-0.227463,-0.164002,0.240548,0.09429,0.351714,0.549476,0.01774,0.412028,0.050335,-0.477502,-0.150504,0.141512,0.082812,0.168969,-0.038913,-0.267934,0.205104,0.133034,-0.271266,0.045573,0.083879,-0.178802,0.22543,0.213028,0.119689,0.159284,-0.188995,#
18,-0.055495,-0.266922,0.014023,-0.440216,0.058765,-0.106147,0.241058,0.221112,0.327991,-0.250146,0.161338,-0.319788,-0.046723,-0.139646,0.168339,-0.073488,0.23058,0.400103,1.0,-0.048472,0.153164,0.141635,0.33378,-0.299385,-0.23468,0.114498,0.080237,0.264422,0.047033,0.177002,0.337541,0.05724,0.105715,-0.089323,0.132445,0.309564,-0.1111,-0.09028,-0.008798,-0.269,-0.057313,-0.033814,-0.140281,0.108478,0.211975,-0.357927,0.379463,0.145576,-0.163437,-0.106174,-0.160177,-0.060819,-0.044844,-0.080369,-0.050536,0.189581,0.31435,-0.102881,0.072494,-0.07972,-0.094216,-0.294724,-0.243579,-0.017035,0.06142,0.24287,0.327843,-0.072656,-0.028779,-0.275789,0.273381,-0.32092,-0.580307,-0.030726,0.171887,-0.10491,0.180897,-0.600803,-0.440156,0.033788,-0.223499,0.063378,-0.242817,-0.082468,0.048195,0.015042,-0.287014,-0.011803,0.147754,0.123328,0.005316,0.008454,-0.316126,0.023353,-0.01552,-0.091886,-0.052388,0.016342,-0.34811,-0.112264,-0.017658,-0.21483,-0.187937,0.103317,-0.333454,0.068437,0.016981,0.012092,0.43095,0.131884,0.14901,0.0,0.301625,0.030615,-0.161052,-0.273358,0.042899,0.33239,0.33301,0.053378,-0.215964,0.048647,-0.145961,-0.163876,-0.125898,0.024671,0.026461,0.210046,0.274358,0.024938,0.50517,0.080455,-0.190046,0.003966,-0.300414,-0.138508,0.147715,-0.149808,0.076074,-0.26541,0.092796,-0.01399,-0.064383,0.316514,-0.140206,-0.184388,0.122777,-0.041453,0.243238,0.238964,0.404167,-0.054244,0.259094,-0.323325,-0.127948,-0.299888,0.151913,0.149735,-0.366373,0.421729,-0.229103,-0.229386,-0.335858,0.030644,0.2663,-0.109522,0.095294,0.189175,-0.404588,0.183661,-0.290196,0.320878,0.158744,0.126126,0.124278,0.193779,0.20935,-0.078341,-0.036224,0.347729,0.049826,0.30173,-0.087231,-0.005,-0.106236,0.075774,0.365849,-0.093727,0.024854,-0.294544,0.088253,0.057441,-0.042143,-0.181977,-0.105547,0.401011,0.123653,0.134446,0.002599,-0.310175,#
19,0.077281,0.209561,0.427342,0.064233,0.220153,-0.076202,0.204571,-0.164089,0.293196,0.219003,-0.06568,-0.065142,0.136887,0.270855,0.039031,-0.420463,-0.205556,0.021299,-0.048472,1.0,-0.185498,0.015695,0.010405,0.073297,-0.31283,-0.048004,0.077178,0.122853,0.139853,0.208147,-0.128843,0.239156,-0.090294,0.052948,-0.022227,-0.164852,0.037952,-0.228555,-0.205663,-0.216621,-0.261177,0.127116,-0.148866,0.353386,0.024442,-0.287898,0.073028,0.096589,-0.406016,0.335541,-0.244043,0.098558,0.226598,0.190922,-0.237494,-0.015956,0.073114,0.036162,-0.099573,-0.259091,0.112008,0.093917,-0.094159,0.053742,-0.147579,0.019439,0.517515,-0.245815,0.228941,0.220018,0.16876,-0.048749,0.109527,0.290877,-0.269379,0.046655,-0.001419,-0.10091,-0.134478,-0.105497,0.098327,-0.22408,0.05175,0.327193,-0.177011,0.09793,-0.074708,-0.347075,0.079704,-0.326249,-0.181112,0.017003,0.145672,0.159616,-0.335522,0.019303,0.096422,-0.378306,-0.196283,0.099048,-0.319304,-0.120497,-0.17142,0.108768,-0.129885,0.113289,0.027926,-0.087721,0.206313,0.166482,0.527918,0.0,0.060755,0.017003,0.157097,-0.088866,-0.091866,-0.002009,0.346632,-0.159531,-0.026075,0.37444,-0.007901,-0.386557,-0.30841,0.075234,-0.045899,0.188438,-0.03617,-0.224124,0.076232,0.185692,-0.24247,0.077463,0.207175,-0.19907,-0.205538,-0.008626,-0.083326,0.093201,0.329162,-0.126936,-0.022924,-0.400016,0.07301,0.170129,0.282577,0.349702,-0.100432,0.425196,-0.089701,0.006059,0.157231,0.212852,0.257277,0.089046,-0.078393,0.246997,0.291912,-0.262725,-0.193437,-0.042262,0.294181,0.286336,0.286553,0.107246,0.155666,0.111573,0.217231,-0.091725,-0.342887,0.257742,-0.182598,0.253305,0.19715,0.117624,0.225346,-0.015693,-0.041047,-0.27077,0.150619,0.009111,-0.263802,0.178636,-0.091167,0.189279,0.186484,0.07301,-0.476597,0.096984,0.097423,-0.270674,-0.135841,0.140281,-0.244404,-0.229325,-0.128951,0.156204,0.205177,0.213575,#
20,-0.222925,0.160725,-0.587256,-0.346974,0.231453,-0.053487,0.202645,-0.029678,-0.179964,0.002189,0.186467,-0.148806,0.441446,-0.15416,-0.188929,-0.003253,0.386964,0.288717,0.153164,-0.185498,1.0,0.406197,0.459238,0.277602,-0.189581,-0.034018,0.000374,0.095641,0.136576,0.285306,-0.013334,-0.190296,0.443009,-0.201109,0.131101,0.151232,0.114538,-0.127671,0.11719,0.025864,0.208893,0.280273,0.290642,-0.223512,-0.126185,-0.028469,-0.244861,0.245252,0.241812,-0.428846,0.271181,-0.53092,-0.03814,-0.147847,-0.065359,-0.467625,-0.30384,-0.009056,0.414934,0.09741,-0.00677,-0.195684,-0.360546,0.016822,0.011947,0.371157,-0.018251,0.087524,0.486637,0.082446,-0.320487,-0.12245,0.106326,-0.318025,-0.086962,0.189659,-0.044698,-0.207485,-0.482922,-0.118459,-0.306438,-0.118457,-0.387635,-0.165237,-0.168448,-0.288173,0.04549,0.052659,-0.212169,0.327011,-0.586466,-0.533903,-0.521559,-0.25939,0.035613,-0.14377,-0.311698,-0.16642,-0.276434,-0.329772,0.201961,-0.010978,-0.516479,-0.518926,0.230888,-0.209489,-0.235021,-0.337369,-0.22611,-0.1611,0.137781,0.0,-0.252556,-0.372707,0.057689,0.012253,-0.120587,-0.148157,0.075763,-0.387364,-0.019717,-0.332232,-0.273735,-0.441381,-0.289902,0.238224,-0.187783,0.192604,0.351563,-0.34545,-0.299277,-0.16942,-0.02883,-0.071484,-0.286598,-0.242807,-0.382534,-0.216604,0.156261,-0.245814,-0.360744,0.17878,-0.127644,-0.007431,-0.462937,-0.226883,-0.075525,0.288912,-0.144884,-0.238512,-0.250649,-0.215206,-0.323308,-0.528772,-0.468405,-0.151372,-0.117413,0.2617,-0.311493,-0.083747,0.475278,0.236813,-0.486925,0.146845,-0.191062,0.284776,-0.129819,-0.242772,-0.710417,0.652006,0.144514,0.007526,-0.282495,-0.477615,-0.038765,-0.225471,-0.267308,-0.124012,0.210127,0.036243,0.401327,-0.125193,-0.031086,0.239529,0.285063,-0.451018,-0.240483,-0.146633,0.183091,0.035995,-0.288856,0.479571,0.200974,0.092691,0.170696,0.328012,0.242927,-0.118387,-0.382295,-0.093788,#
