0,1.0,0.446944,0.054064,-0.266078,0.392208,-0.18151,0.103913,0.220074,0.218124,0.34076,-0.136011,0.065325,0.241886,0.337225,0.165544,-0.185761,0.286401,0.45743,0.221013,-0.192122,-0.051347,0.134118,0.273019,0.0075,-0.465816,-0.241212,0.119706,-0.240669,0.137927,0.584487,-0.313401,0.186724,0.346445,-0.04275,-0.020888,0.081159,-0.313596,-0.362468,-0.162842,0.340536,0.084704,-0.073803,-0.156806,0.245913,-0.271815,-0.450389,0.058065,0.185555,-0.250751,-0.430999,-0.015224,-0.40444,0.013167,-0.267628,0.068464,-0.255256,-0.157097,-0.198057,0.067018,0.227876,0.079685,0.046755,-0.353084,0.022399,0.196634,0.423729,0.145404,0.149203,0.234833,-0.002475,-0.29451,-0.124052,-0.271897,-0.241123,-0.126879,0.204859,-0.288557,-0.348011,-0.239556,-0.277581,-0.162961,-0.249649,-0.277228,-0.140664,-0.116292,-0.103742,-0.243759,-0.082394,-0.065559,-0.342302,-0.384884,-0.614734,-0.417013,0.081576,-0.40844,-0.436772,0.126994,-0.310236,-0.248683,-0.419326,0.231949,-0.437487,-0.275613,-0.035813,-0.302769,-0.065559,-0.267769,-0.187398,-0.354538,-0.114758,0.205457,-0.12719,-0.361859,-0.061035,-0.488034,-0.033726,-0.508464,-0.384884,0.102952,-0.489541,-0.551994,-0.447139,-0.331727,-0.316823,-0.164634,-0.233971,-0.13545,-0.090192,-0.450215,-0.517374,-0.215632,-0.322149,-0.152222,0.026825,-0.2588,-0.130055,0.452681,-0.43607,-0.285753,-0.153039,0.042788,-0.289994,-0.597524,-0.152071,-0.324621,-0.401602,-0.105193,0.466821,-0.360068,-0.413034,-0.418934,-0.35658,-0.165171,-0.349983,-0.338329,-0.427247,0.392455,0.530431,-0.378551,-0.169271,-0.441886,0.000997,-0.092364,-0.293875,-0.462375,0.379855,-0.467057,-0.385008,-0.19623,-0.049716,0.234606,0.128999,-0.437487,-0.406289,0.592581,-0.632197,-0.41488,0.116543,0.251465,-0.525396,0.044793,0.172148,0.001537,0.036493,0.396674,-0.234596,0.288255,0.084947,-0.119019,0.696843,-0.03258,0.314708,0.347964,0.393926,-0.078858,0.418776,0.10403,-0.52217,-0.514636,0.480343,#
1,0.446944,1.0,0.0639,-0.130424,0.419333,-0.28602,0.432277,0.101661,0.227074,0.453871,-0.217641,-0.273963,0.329464,0.4084,0.517517,-0.274512,-0.017878,0.37372,0.501715,-0.336774,0.202068,-0.052551,0.221042,0.075927,-0.38662,-0.236613,0.253273,0.211945,0.427347,0.562409,-0.66422,-0.186187,0.231407,-0.110381,-0.047131,0.124872,-0.393108,-0.241049,0.152713,0.406472,-0.166129,0.04214,-0.204089,0.313444,-0.08565,-0.266154,0.220663,0.118764,-0.102732,0.15026,0.325182,-0.330832,-0.100766,-0.026289,0.354468,-0.476971,-0.311404,0.370464,-0.232507,-0.038677,-0.076803,0.347029,-0.565568,0.328287,0.029994,0.422656,-0.127239,0.355538,0.256198,-0.249607,-0.320345,-0.286797,-0.326997,-0.496456,-0.289245,0.490996,-0.320682,-0.408898,-0.442238,-0.489229,-0.533756,-0.433497,-0.618677,0.031732,-0.33652,-0.073473,-0.268515,-0.411332,-0.406251,-0.103751,-0.57313,-0.279048,-0.591767,-0.179701,-0.413258,-0.226402,0.063752,-0.340525,0.075378,-0.234365,-0.034459,-0.567443,-0.672135,-0.195195,-0.465822,-0.389942,-0.572194,-0.13576,-0.512388,-0.07506,0.079146,0.281216,-0.23054,-0.602289,-0.369255,-0.192655,-0.43091,-0.57313,-0.018115,-0.501689,-0.501745,-0.236524,-0.507165,-0.424994,-0.079075,-0.113989,-0.420908,-0.189671,-0.308636,-0.504447,-0.413258,-0.611458,-0.522716,-0.083024,-0.267799,-0.447503,0.395712,-0.224042,-0.140543,-0.293117,-0.45443,0.087459,-0.569364,-0.082239,-0.198846,-0.359809,-0.222385,0.51264,-0.482277,-0.369355,-0.279522,-0.404087,-0.193379,-0.233129,-0.566943,-0.168317,0.36695,0.465702,-0.479907,-0.043234,-0.151699,-0.120404,0.160545,0.030802,-0.609636,0.400593,-0.394644,-0.10737,-0.139007,0.128572,0.115797,0.027899,-0.057316,-0.661772,0.551378,-0.282106,-0.398491,0.234459,0.53368,-0.345222,-0.089267,0.360494,-0.086742,0.03387,0.53347,-0.234711,0.266548,-0.176743,-0.154262,0.675032,0.061766,0.732217,0.359034,0.368692,-0.278257,-0.100736,0.190031,-0.394536,-0.682101,0.41763,#
2,0.054064,0.0639,1.0,0.251422,0.299807,-0.294898,-0.039468,0.066576,-0.025566,-0.119159,0.155208,0.19353,-0.292958,-0.093547,-0.10953,0.013528,-0.225829,-0.179275,0.045733,-0.12662,-0.251948,-0.262262,0.298311,-0.155323,-0.273395,-0.075398,0.377724,-0.121242,0.04128,0.129658,-0.051469,0.424446,-0.345839,-0.252341,0.019963,0.021058,0.204334,-0.130381,0.152623,-0.035319,0.046065,0.104282,-0.147951,0.192571,-0.235966,-0.236722,-0.043354,0.30413,-0.096828,-0.026236,-0.386926,0.268863,0.238865,-0.036741,-0.313438,-0.143909,-0.455008,-0.017709,-0.505403,-0.314859,-0.073756,-0.196574,-0.088609,0.070424,-0.079833,-0.044083,-0.225472,-0.154318,0.022529,0.376051,0.131942,0.178327,-0.025101,0.102822,-0.124114,0.210689,-0.388249,-0.34167,-0.1633,0.106299,-0.063,-0.171082,0.022698,0.354,-0.049384,0.226705,0.181569,0.003627,-0.194056,0.118915,-0.131049,-0.071721,-0.15926,0.091761,-0.147235,0.11913,0.192621,-0.22659,0.177533,-0.126804,-0.025265,-0.060407,-0.051331,0.01638,-0.135135,-0.352306,0.136396,0.341053,-0.058788,0.273742,0.316595,-0.183648,-0.175342,0.006203,0.414632,-0.293033,-0.211917,-0.124713,0.06861,-0.08133,-0.137144,-0.301397,0.113836,-0.149845,-0.215661,-0.227402,-0.405248,-0.178181,0.065227,-0.214017,0.365516,-0.393171,-0.379834,-0.201754,-0.160142,0.140357,0.272764,0.273041,0.201281,0.316609,0.132221,0.217122,-0.054756,-0.272621,-0.288465,0.33671,-0.116938,0.068562,-0.071999,-0.026647,-0.311913,-0.172053,0.109326,-0.237578,0.016527,-0.213943,0.004474,0.236572,0.10974,-0.040183,-0.236061,0.045688,0.172683,-0.347419,-0.198397,-0.199409,-0.285085,-0.079592,-0.032279,-0.012431,0.055862,-0.139669,-0.052329,-0.077427,0.199325,0.127969,-0.062102,-0.09402,0.14717,-0.085926,0.157023,-0.291735,-0.115533,0.158462,0.060729,-0.102231,-0.325061,-0.224348,-0.12381,0.065786,0.122285,0.132488,0.049118,0.225309,0.20037,-0.303667,0.40237,-0.168072,-0.053227,-0.018865,#
3,-0.266078,-0.130424,0.251422,1.0,-0.258813,-0.311474,-0.372083,-0.274717,-0.273603,-0.159447,0.076876,-0.174603,-0.146367,-0.3017,-0.222261,-0.340945,-0.145504,-0.166583,-0.066686,0.081388,0.169844,-0.477771,0.0003,-0.098271,0.024258,0.200992,-0.021824,0.121819,-0.05677,-0.091896,0.449442,0.062777,-0.638244,-0.048807,-0.043738,-0.55409,0.28149,0.335165,0.284839,-0.017939,0.094914,0.163096,0.008552,-0.204602,0.005177,0.100993,0.065786,-0.254325,0.328629,-0.276301,-0.237261,0.501763,0.23183,0.025345,-0.072776,-0.039009,-0.06016,-0.020757,-0.122173,0.118826,-0.282696,0.066346,0.026695,-0.109073,-0.185868,-0.339613,-0.062222,-0.034183,-0.207115,0.023065,0.202609,0.203782,0.233719,0.247598,0.199435,-0.365346,0.136949,0.165972,0.275902,0.324739,0.027006,0.434375,0.137986,0.254179,0.141201,-0.144731,0.103143,0.325746,0.132551,0.439945,0.270658,0.445198,0.443104,-0.076172,0.444655,0.320956,-0.082822,-0.038359,0.295987,0.324529,0.129252,-0.058742,0.322607,-0.109699,0.17176,0.345429,0.048777,0.494583,0.413842,0.376147,-0.135681,0.141618,0.387817,0.25605,0.076026,0.095934,0.433087,0.277962,0.042252,-0.080881,0.261761,0.17032,0.21312,0.039148,-0.077785,0.053061,-0.156583,-0.295801,0.452603,0.216953,0.670632,0.010445,0.214518,0.103228,0.272815,0.440407,-0.143787,0.519829,0.273946,0.419379,0.432496,0.094543,0.340337,-0.238522,0.221593,0.48302,0.23738,-0.163685,0.167946,0.355556,0.035714,0.163356,0.259334,0.049499,0.369803,-0.073116,-0.198468,-0.277519,0.408274,0.295357,-0.365124,0.126876,0.013516,-0.244847,0.230338,-0.312019,0.011668,-0.172864,-0.06987,0.233415,-0.130138,-0.175935,0.176566,0.046794,-0.165702,0.096192,0.126325,0.058483,-0.371046,0.095922,-0.307117,-0.105406,-0.264776,-0.369187,-0.116198,-0.114961,-0.005604,0.168935,0.281494,-0.244922,0.107808,-0.222462,-0.269644,0.046897,-0.083895,-0.067193,-0.311991,0.314744,0.056496,-0.18423,#
4,0.392208,0.419333,0.299807,-0.258813,1.0,-0.151645,0.498803,0.051945,0.309868,0.192442,0.133978,0.133052,0.19796,-0.021644,0.42833,-0.133249,0.119089,0.259158,0.064109,-0.078016,-0.030471,-0.007118,0.101307,-0.153845,-0.274357,-0.491329,0.154164,-0.358211,0.268541,0.160717,-0.454311,-0.130809,0.189385,-0.142544,-0.19053,0.217125,-0.115183,-0.369056,-0.088639,0.33362,-0.052103,0.129114,-0.347219,0.266044,-0.355896,-0.406769,0.266043,0.24087,-0.015512,0.173374,0.095984,-0.298775,0.221626,-0.261874,-0.22159,-0.236808,-0.534316,-0.043621,-0.187688,-0.315292,-0.010483,0.113818,-0.235131,0.15109,0.09327,0.367315,0.137722,-0.039334,0.154702,0.050731,-0.367781,-0.02211,-0.138316,-0.067477,-0.04612,0.377598,-0.094413,-0.515555,-0.201731,-0.592103,-0.281955,-0.357568,-0.364083,-0.223354,-0.259137,-0.120645,-0.026284,-0.355011,-0.306415,-0.165394,-0.3275,-0.406324,-0.350558,-0.103245,-0.355318,0.031282,0.140749,-0.113002,-0.020371,-0.016048,-0.021996,-0.147571,-0.259825,0.07312,-0.212104,-0.474603,-0.500924,-0.112965,-0.287945,0.177057,0.243304,-0.166534,-0.528455,-0.3528,-0.114709,-0.258296,-0.504137,-0.3275,-0.103836,-0.254997,-0.562995,-0.145003,-0.419427,-0.308154,-0.259979,-0.243501,-0.273202,-0.107782,-0.286877,-0.096151,-0.17571,-0.665698,-0.602306,-0.363076,-0.193658,-0.342525,0.367203,0.025823,-0.297449,-0.031971,-0.182034,-0.25541,-0.154465,-0.373083,-0.315758,-0.273552,-0.110419,0.314921,-0.22069,-0.454119,-0.235919,-0.338958,-0.277768,-0.458245,-0.322143,-0.208917,0.587382,0.666248,-0.239625,-0.27629,-0.066481,0.012547,0.105288,-0.173655,-0.570521,0.33725,-0.107965,0.114826,-0.036019,0.092957,0.05187,0.072454,-0.146824,-0.236628,0.308323,-0.25329,-0.466988,-0.215127,0.616808,-0.091158,0.367788,0.093292,0.39988,0.275517,0.292214,-0.304811,0.210197,-0.109522,-0.262885,0.270951,-0.070345,0.48398,-0.041524,0.126612,0.161648,-0.147339,0.266689,-0.347006,-0.507631,0.388737,#
5,-0.18151,-0.28602,-0.294898,-0.311474,-0.151645,1.0,0.119636,0.19548,0.219872,-0.092018,0.066818,0.060604,0.049073,0.25916,-0.199473,0.038453,0.086335,0.283852,-0.389521,0.523945,-0.032882,0.439842,0.080248,-0.190236,0.450864,-0.157455,-0.013198,0.044689,-0.274751,-0.320263,-0.188261,0.010526,-0.072163,-0.037931,-0.200708,-0.08848,-0.237185,-0.055962,-0.142734,-0.427243,0.166094,0.176387,0.221353,-0.052151,-0.020857,-0.098322,0.089644,0.177989,-0.023269,0.048855,0.24695,-0.00372,0.100183,-0.125353,-0.1063,0.156363,0.210603,-0.189469,0.337445,-0.113567,0.107414,-0.133496,0.026087,0.186534,-0.10343,0.226918,-0.059848,-0.096465,0.135655,0.200499,0.204496,0.292782,-0.271996,0.006782,0.064402,0.086227,0.28494,0.252521,0.151132,-0.084713,0.378936,-0.02936,0.242295,-0.456271,0.284607,0.289657,-0.030238,-0.063034,0.46948,-0.335249,0.144009,0.187542,0.147441,0.293053,0.144035,0.106336,0.161555,0.288721,-0.226018,-0.214119,-0.136162,0.312675,0.281023,0.189289,0.253153,-0.064151,0.395806,-0.541964,0.012154,-0.247541,0.155494,-0.127237,0.045319,-0.024523,0.188542,0.000637,-0.338253,0.321104,-0.133665,0.307195,0.160341,-0.142238,0.361247,-0.08451,0.032494,0.409173,0.300705,0.336895,0.193765,0.370091,-0.232365,0.225889,0.012154,-0.252187,-0.026469,0.023839,-0.183174,-0.24596,-0.062521,-0.141753,0.026011,-0.120501,-0.058896,-0.150324,0.046562,0.231585,-0.108209,-0.010162,0.332174,-0.243831,0.037873,0.25626,0.019192,0.076912,0.046562,0.342918,0.087004,-0.047233,0.088101,-0.14065,0.051369,0.005675,0.173737,0.201319,0.290578,0.237502,0.284938,0.150308,-0.135875,-0.040147,-0.274672,0.176399,-0.064151,0.400802,-0.274395,-0.015189,0.30516,-0.301793,0.127663,0.140214,0.223339,0.001398,0.014369,-0.107844,-0.455325,0.063028,0.133277,0.102298,-0.205959,-0.184072,0.00484,-0.226687,-0.174511,-0.28651,0.173072,0.031723,-0.042365,0.151189,0.31541,-0.183691,#
6,0.103913,0.432277,-0.039468,-0.372083,0.498803,0.119636,1.0,0.109829,0.68535,0.111903,0.045566,-0.044243,0.489283,0.047504,0.587544,-0.227511,-0.161888,0.225886,0.176588,0.115672,0.084785,0.182136,0.041956,-0.070866,-0.036156,-0.302044,0.128391,-0.07762,0.140711,0.181359,-0.792477,-0.134433,0.323642,-0.208555,-0.297219,0.273958,-0.194114,-0.107018,0.011585,0.207959,0.152329,0.30318,-0.218402,0.148751,0.040921,-0.192452,0.464354,0.391421,-0.074025,0.230495,0.142627,-0.455226,-0.16174,-0.12257,-0.141314,0.061444,0.018424,0.016516,-0.061467,0.031536,-0.141437,0.19176,-0.127507,0.240538,0.328612,0.367252,0.030069,-0.102346,0.163739,-0.158417,0.076786,-0.161848,-0.204385,-0.113585,-0.380785,0.474753,0.043088,-0.211192,-0.227454,-0.271321,-0.120278,-0.535373,-0.364903,-0.226123,-0.479176,0.270752,-0.056924,-0.052659,-0.295051,-0.306652,-0.529692,-0.110827,-0.528549,0.201543,-0.203059,-0.134633,0.269693,0.206399,-0.064428,-0.029336,0.013839,-0.122567,-0.121212,0.270273,-0.214336,-0.445053,-0.194912,-0.419862,-0.111612,-0.304158,0.315004,0.225883,-0.223912,-0.691215,-0.016703,-0.232718,-0.448788,-0.3546,-0.111588,-0.270369,-0.362206,-0.316704,-0.433148,-0.420346,-0.092802,0.052736,-0.155989,0.385275,-0.216418,-0.113078,-0.380171,-0.609116,-0.611538,-0.099204,-0.194728,-0.305547,-0.024296,-0.140126,-0.213136,-0.16512,-0.306652,-0.255722,-0.27273,-0.177123,-0.203645,-0.212761,-0.406682,0.457463,-0.136634,-0.42731,0.087914,-0.19693,-0.133542,-0.356922,-0.377179,0.207751,0.578095,0.456333,-0.136705,-0.351017,0.402742,0.092205,0.535945,0.165613,-0.023036,0.538293,0.117847,0.199317,-0.340204,-0.214808,-0.064275,0.063147,-0.137678,-0.30885,0.135702,0.074895,-0.126463,0.111837,0.726456,-0.147865,0.078178,0.444081,0.124193,-0.046898,0.278123,-0.052793,0.373145,0.015264,-0.678187,0.121513,0.221878,0.375479,0.139554,-0.045734,0.04302,-0.416509,0.163298,0.156129,-0.130082,0.032055,#
7,0.220074,0.101661,0.066576,-0.274717,0.051945,0.19548,0.109829,1.0,0.396581,-0.31145,-0.103767,0.093099,0.047239,0.373577,0.172152,0.041166,0.071638,0.086134,-0.20226,-0.018342,0.13238,0.336923,0.136897,0.217455,-0.088069,-0.149963,0.316266,0.190675,0.173799,-0.136855,-0.310384,0.195895,0.151178,-0.27196,-0.111831,0.104129,-0.250176,-0.650186,0.282743,-0.021055,-0.042711,0.095788,-0.143446,0.086102,-0.02913,0.158665,-0.010212,0.315736,-0.24112,0.095802,0.032205,-0.140067,-0.11609,0.371723,-0.348746,0.027199,0.038647,-0.134633,0.309464,-0.026074,0.121812,0.105621,-0.246968,0.211077,0.014494,0.234112,-0.215457,0.194806,0.308603,-0.01959,-0.011582,0.295032,-0.271958,0.393406,-0.287827,0.444137,-0.093217,-0.138477,-0.587885,-0.059477,0.025648,-0.221691,0.075585,-0.270393,-0.07159,0.282469,0.166257,-0.04489,-0.065075,-0.508583,-0.221515,-0.191696,-0.223872,0.302747,-0.39123,-0.055317,0.342784,-0.06884,-0.215222,-0.402006,-0.047621,-0.233757,0.118821,-0.007442,-0.107169,-0.412361,-0.011771,-0.178861,-0.320413,-0.432945,0.141558,-0.127219,-0.516903,-0.025209,-0.015192,-0.024439,-0.312326,-0.032957,-0.390063,0.272202,-0.001676,-0.279459,0.20591,-0.465891,0.217344,-0.19414,-0.133678,0.065517,-0.062359,-0.166996,-0.373706,-0.125545,0.016219,-0.247378,0.144468,0.04828,0.183652,-0.233088,-0.113071,-0.122131,-0.316262,0.040669,-0.215612,0.121258,-0.161589,-0.031643,-0.467033,0.075502,-0.137614,-0.041798,-0.173719,0.038106,-0.157501,-0.153559,0.066395,0.143928,0.322849,-0.038801,-0.106159,0.045033,0.020984,0.020031,-0.033115,-0.073141,0.041907,0.245271,0.085281,-0.200904,-0.307803,-0.271726,-0.070419,0.156262,-0.598109,-0.199627,0.107023,-0.028036,-0.053441,-0.055294,0.298745,-0.233669,0.077408,0.209999,0.230293,0.271888,0.091824,0.054843,0.13421,-0.281152,-0.139353,0.02677,0.201413,0.18265,0.205631,-0.262301,-0.210712,0.188369,0.17283,-0.250802,-0.278573,0.484463,#
8,0.218124,0.227074,-0.025566,-0.273603,0.309868,0.219872,0.68535,0.396581,1.0,-0.007394,-0.257526,-0.028629,0.568989,0.17705,0.254253,-0.318334,-0.255689,0.280376,0.19009,0.25737,0.154107,0.17088,0.100804,0.026602,0.08148,-0.42573,0.350507,-0.168572,0.252866,0.167108,-0.57534,-0.110766,0.205865,-0.356098,-0.397161,0.065088,-0.109524,-0.316193,-0.088082,0.149107,0.422325,0.252587,-0.15255,-0.019273,0.110455,-0.305064,0.399512,0.479741,-0.157137,-0.062038,0.075354,-0.264279,-0.047819,0.216455,-0.406734,-0.158962,0.162776,-0.27909,0.244675,-0.003991,0.013153,-0.074016,-0.147169,0.314667,0.399347,0.494134,0.002454,0.168251,0.249643,-0.16838,0.286587,0.003247,-0.356096,0.155334,-0.222002,0.397585,0.088193,-0.155612,-0.201783,-0.212853,0.233332,-0.514157,-0.18973,-0.207401,-0.239715,0.409815,0.151822,0.058362,0.027351,-0.346589,-0.327585,-0.035824,-0.506584,0.431637,-0.175755,0.015134,0.483202,0.106473,-0.037072,0.000445,-0.022928,0.027351,0.104203,0.251826,-0.0531,-0.124805,-0.091201,-0.359758,-0.095358,-0.319655,0.510953,0.261389,-0.168515,-0.328749,0.090685,-0.258363,-0.326259,0.011309,-0.148854,-0.230413,-0.227392,-0.328024,-0.086896,-0.476778,0.068094,0.167603,-0.069455,0.360454,-0.217004,-0.096176,-0.338904,-0.488899,-0.265776,-0.164135,-0.004452,-0.164605,0.021801,-0.150899,-0.207107,-0.031979,-0.000929,-0.338104,-0.285398,-0.159264,-0.129038,0.023338,-0.460847,0.351129,-0.002001,-0.265862,0.157741,-0.313582,0.058847,-0.273273,-0.135424,0.148823,0.490724,0.364054,0.196447,-0.267406,0.139075,0.01255,0.154234,0.261782,0.14315,0.363872,0.23801,0.099192,-0.515511,-0.148984,-0.269232,0.142192,-0.146862,-0.042464,0.156349,0.28258,-0.134725,0.012019,0.628053,-0.436579,0.059965,0.136774,0.062979,-0.18321,0.13787,0.090987,0.553108,0.075112,-0.648504,0.11733,0.495623,-0.018411,0.134777,-0.193699,0.01779,-0.14176,0.089046,-0.100301,-0.149743,0.079092,#
9,0.34076,0.453871,-0.119159,-0.159447,0.192442,-0.092018,0.111903,-0.31145,-0.007394,1.0,-0.036866,-0.138587,0.344432,0.260021,0.15033,-0.080719,-0.050085,0.183289,0.315443,-0.244494,-0.168643,0.106946,0.370407,-0.115387,-0.373582,-0.045642,0.198741,-0.127701,0.045194,0.616071,-0.143701,-0.15602,0.216684,0.044476,-0.12158,0.237147,-0.319233,-0.119259,-0.280367,0.093029,-0.097875,0.061388,0.131601,0.216414,0.074395,-0.643886,0.127138,0.059109,-0.639725,-0.033256,0.201792,-0.042001,-0.039379,-0.421703,0.247364,-0.503287,-0.297283,-0.033256,-0.231403,-0.216362,0.226115,-0.071197,-0.287541,0.109049,-0.150763,0.266125,-0.172757,0.050543,0.079398,-0.081302,-0.243668,-0.461513,-0.21806,-0.798368,-0.1067,0.126486,-0.236556,-0.516441,-0.226514,-0.239725,-0.186519,-0.408701,-0.324955,0.085158,-0.056554,-0.190365,-0.212153,-0.447536,-0.284209,-0.185047,-0.194771,-0.105345,-0.409621,-0.273969,-0.189881,-0.263437,-0.008619,0.130398,-0.204407,-0.169488,-0.213963,-0.479571,-0.462054,-0.062664,-0.323949,-0.06908,-0.430058,-0.209098,-0.149109,-0.078153,0.053536,0.424215,-0.094023,-0.410086,-0.410614,-0.242667,-0.188908,-0.194771,0.239484,-0.664385,-0.442696,-0.27899,-0.154241,-0.209717,-0.292778,0.091596,-0.0531,-0.232528,-0.248695,-0.150882,-0.189881,-0.210145,-0.366069,-0.063289,-0.610452,-0.209018,0.174822,-0.262434,0.116503,-0.258141,-0.205512,-0.240504,-0.298324,-0.25919,-0.059268,-0.204925,0.24164,0.338693,-0.4832,-0.055481,-0.341362,-0.515193,0.028909,-0.280684,-0.288958,-0.34265,0.070422,0.45453,0.003552,-0.280297,-0.195245,0.108646,-0.16328,0.069211,-0.582308,0.173871,-0.374577,0.114943,0.163731,0.079643,0.021978,0.070577,0.127202,-0.148209,0.450849,-0.415494,-0.285271,0.235028,0.128809,0.091324,0.005551,0.147584,-0.301432,0.054273,0.247563,0.047433,0.290787,-0.272604,0.037819,0.534204,0.09337,0.280027,-0.047423,0.447343,0.11585,-0.065776,0.00222,-0.200139,-0.134089,-0.147266,#
10,-0.136011,-0.217641,0.155208,0.076876,0.133978,0.066818,0.045566,-0.103767,-0.257526,-0.036866,1.0,0.183876,-0.395918,-0.182165,-0.105243,0.243187,-0.094801,-0.123173,-0.254017,-0.111543,-0.1715,0.225063,0.076079,-0.111382,0.128747,0.1115,0.057075,-0.087973,-0.278356,-0.261976,0.082978,0.076501,-0.034918,0.271463,0.04264,0.215337,-0.116215,0.273997,-0.047609,-0.175799,-0.129475,0.115776,-0.016015,-0.124949,-0.24231,-0.003078,0.005723,-0.079546,-0.022041,0.202066,-0.133678,-0.107586,-0.032168,-0.468105,-0.261943,0.302483,-0.073191,0.202066,-0.131755,0.109692,-0.137079,-0.101071,0.096823,-0.3107,-0.257205,-0.448271,-0.214011,-0.444996,-0.263524,0.168514,-0.025079,0.03682,0.019836,0.139963,0.150445,0.037327,0.080361,-0.027445,0.041183,0.010995,-0.114367,0.069521,0.144093,-0.039012,0.056797,-0.081018,0.057987,0.095605,-0.158041,-0.128375,-0.166903,-0.085423,0.263679,-0.114805,0.260251,0.194413,-0.258146,0.396143,0.07253,0.035558,0.113119,-0.027931,0.212805,-0.163522,-0.036633,-0.21927,0.038136,-0.240508,0.297161,0.180463,-0.416785,-0.113384,-0.027445,-0.132471,0.107094,-0.07286,0.088606,-0.166903,-0.112075,0.219445,0.235987,-0.111008,0.095243,0.120617,-0.557199,-0.28096,-0.160423,0.211146,0.085698,-0.057105,0.260251,-0.046122,-0.088774,0.118954,0.072446,0.291066,-0.163231,0.205732,0.03728,0.043447,0.069735,-0.224755,0.390845,-0.367171,-0.269028,-0.100133,0.113937,-0.157634,-0.236793,0.180593,0.16058,0.182148,-0.301719,-0.311993,-0.035417,-0.184008,-0.163415,-0.116352,0.033443,-0.155706,-0.008426,0.264098,0.363566,-0.250029,-0.023046,-0.060199,-0.218053,0.231123,0.457849,0.011855,-0.023349,0.046465,-0.158041,-0.115909,-0.390533,-0.093004,0.00459,-0.053452,-0.12478,0.177012,0.433283,-0.144938,-0.136725,0.198552,-0.195646,-0.276612,-0.143293,-0.141525,0.021911,-0.307485,-0.287061,0.022323,-0.305727,-0.195797,0.028897,-0.345016,0.170752,0.290847,0.215313,-0.163692,#
11,0.065325,-0.273963,0.19353,-0.174603,0.133052,0.060604,-0.044243,0.093099,-0.028629,-0.138587,0.183876,1.0,-0.15237,-0.127138,-0.110565,0.064004,-0.026016,-0.007078,-0.467353,0.044526,-0.39858,0.224549,0.110101,-0.146042,0.071263,0.111768,0.038182,-0.496763,-0.172041,-0.20552,-0.063995,0.121469,0.072838,0.392284,0.22016,0.016553,-0.337197,-0.201307,-0.210506,-0.022679,0.052578,0.11729,-0.001594,-0.448731,-0.017441,-0.177933,-0.154137,0.024568,-0.116181,0.01653,-0.348566,0.014399,-0.084468,-0.080626,-0.107367,-0.006685,-0.241353,0.01653,0.127557,0.033901,0.108185,-0.016286,-0.160956,-0.58232,0.131374,-0.178943,-0.213477,-0.086886,-0.129729,0.43762,0.139829,-0.023264,0.176878,0.301269,-0.459461,0.032697,-0.23566,-0.326268,-0.002685,0.109138,0.431433,-0.157481,0.024765,-0.300921,0.083872,0.233838,0.019624,0.014017,0.117886,-0.052201,0.013924,-0.257617,0.000382,0.11497,-0.158734,-0.051041,-0.119011,0.07333,-0.161319,0.019403,0.016528,0.111584,0.114561,0.04884,-0.295409,-0.206485,0.237509,0.169731,-0.062062,0.251228,0.009572,-0.212187,-0.359854,0.021281,0.159304,-0.282879,-0.066005,0.19004,0.061683,0.265773,0.185293,-0.222156,0.106379,0.177354,-0.114227,0.100482,-0.205562,-0.007944,0.161994,0.259242,0.019414,0.104993,-0.220954,-0.179006,0.026919,-0.036963,0.296542,-0.055794,0.107356,-0.102533,0.127431,-0.014388,0.11932,-0.232211,-0.321786,0.02484,0.018676,-0.082308,-0.075085,0.108567,-0.131807,-0.159523,-0.054958,-0.047936,0.024935,0.138261,0.035092,-0.092825,0.096567,-0.033305,0.112686,-0.309034,-0.025076,-0.142647,-0.199644,-0.047956,0.21362,0.094525,-0.083387,-0.034862,0.208397,-0.042006,-0.086375,0.267905,-0.143322,-0.132292,-0.360967,0.071613,-0.050308,0.011618,0.126272,-0.134824,-0.117605,0.330321,0.032754,-0.238413,-0.195559,-0.065732,-0.140468,-0.285126,-0.406185,-0.049919,0.029839,-0.130139,0.16365,0.062663,0.381183,-0.00349,0.147448,0.000813,#
12,0.241886,0.329464,-0.292958,-0.146367,0.19796,0.049073,0.489283,0.047239,0.568989,0.344432,-0.395918,-0.15237,1.0,0.273921,0.248978,-0.328014,-0.208601,0.413753,0.257484,0.090667,0.286575,0.119711,0.201669,0.030196,-0.18592,-0.250252,0.169047,-0.132806,0.385225,0.394399,-0.399203,-0.089773,0.344624,-0.185373,-0.156172,-0.202759,-0.014856,-0.240116,-0.228147,-0.071336,0.229358,0.303825,0.253661,0.010853,0.088691,-0.417573,0.47008,0.301405,-0.25157,-0.258519,0.304786,-0.183969,0.17651,-0.024592,-0.127085,-0.043228,0.208658,-0.258519,0.12528,-0.151885,0.082612,0.159313,0.021519,0.161845,0.242518,0.501879,-0.068463,0.23011,0.096024,-0.167491,0.077771,-0.083866,-0.176091,-0.219505,-0.158876,0.272002,0.003705,-0.123325,-0.244293,-0.145234,0.077576,-0.573791,-0.49193,-0.142983,0.004523,0.335699,-0.035363,-0.001342,0.130999,-0.146758,-0.203058,0.14784,-0.568533,0.184604,-0.404499,-0.039921,0.480219,0.005003,-0.060408,-0.018958,-0.168763,-0.204229,0.018007,0.073935,-0.000742,-0.029516,-0.142405,-0.184076,-0.261285,-0.201157,0.417229,0.154197,-0.136937,-0.383599,-0.220136,-0.112026,-0.315292,0.154455,0.048503,-0.50518,-0.258526,-0.224366,-0.074773,-0.41135,0.012357,0.336499,-0.02503,0.115976,-0.066781,0.08954,-0.214974,-0.320286,-0.272024,-0.296205,-0.207214,-0.144758,-0.151991,-0.21257,-0.042773,0.0689,-0.146758,-0.313307,-0.206368,-0.161728,0.092519,-0.088774,-0.031658,0.324595,0.093055,-0.17119,-0.196138,-0.468113,0.256575,-0.228559,-0.093177,0.100783,0.544717,0.3312,0.089757,-0.21076,0.099121,-0.168519,0.094482,0.423197,-0.064061,0.404631,0.329156,-0.059658,-0.339142,0.061,-0.013202,0.106712,-0.035826,-0.045235,0.406871,0.009979,-0.203382,0.363584,0.400351,-0.155519,-0.073324,0.130216,-0.113917,-0.308269,0.386313,0.026192,0.68186,0.17456,-0.546573,0.283684,0.532941,0.115717,-0.036216,0.032308,0.179112,0.064769,-0.174242,0.00232,-0.047558,-0.092047,#
13,0.337225,0.4084,-0.093547,-0.3017,-0.021644,0.25916,0.047504,0.373577,0.17705,0.260021,-0.182165,-0.127138,0.273921,1.0,0.07344,0.164727,-0.133891,0.234111,0.204289,-0.009272,0.125086,0.438043,0.651894,0.311599,-0.308864,-0.2117,0.398948,0.354655,0.207382,0.229341,-0.380301,0.145932,0.260335,0.184789,0.091593,0.197585,-0.288891,-0.322502,0.084722,-0.04837,-0.244409,-0.031284,0.493887,0.35737,-0.01941,-0.267287,0.073996,0.21375,-0.307032,0.12685,0.501223,-0.163727,-0.116516,0.215579,0.049492,-0.169109,0.039687,0.12685,0.237804,-0.042555,0.490976,0.067116,-0.200938,0.212732,0.133558,0.351229,-0.47293,0.477991,0.389618,-0.111248,-0.169636,-0.213843,-0.070898,-0.324033,-0.099569,0.331464,-0.181356,-0.155926,-0.478065,-0.125892,-0.297352,-0.382278,-0.249104,-0.030134,0.217947,-0.080201,0.024902,-0.319603,0.034968,-0.415878,-0.377677,-0.10817,-0.43471,0.206229,-0.436694,-0.350489,0.187736,-0.003857,-0.255113,-0.437388,-0.06027,-0.167652,-0.194114,-0.361677,-0.112454,-0.291883,0.006315,-0.475894,-0.269698,-0.18533,0.10996,0.12191,-0.171748,-0.16622,-0.313898,-0.131186,-0.384821,-0.23528,-0.068044,-0.178019,-0.19981,-0.416475,0.136918,-0.46874,0.193993,0.103474,-0.16386,-0.236481,-0.074756,-0.282955,-0.436694,0.022239,-0.207285,-0.313759,-0.232943,-0.226243,0.164464,-0.551397,-0.137335,-0.287771,-0.270639,-0.02655,-0.543855,-0.013327,-0.2884,-0.121237,-0.255411,0.152154,-0.271233,-0.256572,-0.353321,-0.143934,-0.081072,0.04441,-0.295742,0.116694,0.149735,0.217653,-0.265225,-0.180092,-0.127301,-0.339294,-0.142681,0.337996,-0.21603,0.192392,-0.094433,0.074699,-0.179364,0.207133,-0.000576,0.396568,0.028092,-0.341752,0.407857,-0.181733,-0.132669,0.042275,0.255782,-0.205433,0.00961,-0.081757,-0.072023,0.168317,0.177888,0.147265,0.074268,-0.215848,-0.094553,0.51,-0.075776,0.178751,0.339885,0.367268,0.090697,0.140789,0.416715,-0.315569,-0.255204,0.190068,#
14,0.165544,0.517517,-0.10953,-0.222261,0.42833,-0.199473,0.587544,0.172152,0.254253,0.15033,-0.105243,-0.110565,0.248978,0.07344,1.0,-0.180782,0.07295,-0.025978,0.242391,-0.141526,0.319081,-0.037463,-0.005915,0.15492,-0.33061,-0.098669,0.035478,0.310474,0.307282,0.087287,-0.538306,-0.187478,0.346222,-0.17559,-0.239184,0.331772,-0.250527,-0.161925,0.24013,0.288739,-0.298612,0.180207,-0.41238,0.318247,0.065669,0.041063,0.285471,-0.069255,0.023157,0.421017,0.124856,-0.055801,-0.146303,0.004244,0.018123,-0.102629,-0.215944,-0.007766,-0.111765,0.021156,0.002814,0.439746,-0.43332,0.200109,0.07423,0.326861,-0.096178,0.021943,0.058104,-0.472368,-0.364847,-0.436451,0.052265,-0.173193,-0.44125,0.250541,0.000385,-0.436085,-0.277643,-0.330058,-0.368338,-0.269309,-0.286078,-0.128727,-0.522835,-0.015246,-0.1207,-0.284867,-0.360713,-0.397779,-0.268468,-0.334221,-0.272572,-0.198282,-0.422719,-0.367669,-0.126062,0.137246,-0.287433,-0.255358,0.312113,-0.360713,-0.343542,0.011148,-0.273882,-0.354066,-0.427442,-0.197499,-0.339607,-0.220098,-0.092953,0.241927,-0.262435,-0.426923,-0.444139,-0.146705,-0.218191,-0.427779,-0.362273,-0.183917,-0.459683,-0.06641,-0.510792,-0.187725,0.043221,-0.357557,-0.314661,-0.130226,-0.336616,-0.191463,-0.600173,-0.554621,-0.358972,-0.125547,-0.269479,-0.234347,0.339391,-0.374712,-0.115846,-0.187109,-0.560271,-0.351876,-0.364987,0.046921,0.084655,-0.327404,-0.175757,0.263139,-0.373628,-0.361281,-0.142512,-0.10133,-0.212615,-0.121084,-0.43143,0.075368,0.391496,0.409948,-0.372522,0.069394,0.307633,0.140033,0.059801,-0.108542,-0.271904,0.432547,0.005848,0.034763,-0.107219,-0.386158,0.34221,0.137834,-0.055331,-0.368654,0.384257,-0.195956,-0.216163,0.15402,0.490234,-0.026645,-0.036262,0.522694,0.530354,0.201101,0.366194,-0.118923,-0.045398,-0.02909,-0.195547,0.193881,-0.001725,0.612252,0.048561,0.204197,-0.195189,-0.195044,-0.079601,-0.074304,-0.3263,0.360601,#
15,-0.185761,-0.274512,0.013528,-0.340945,-0.133249,0.038453,-0.227511,0.041166,-0.318334,-0.080719,0.243187,0.064004,-0.328014,0.164727,-0.180782,1.0,-0.107333,-0.4571,0.010218,-0.179707,-0.417951,0.35032,-0.050255,0.231988,0.021911,-0.139118,0.112393,0.090973,-0.002719,-0.322517,0.170192,0.185428,-0.078847,0.459208,-0.012431,0.51241,0.236225,0.154215,0.117419,-0.050569,-0.21858,-0.475714,0.301706,0.008629,-0.269086,0.088854,-0.457642,0.010099,-0.097879,0.232512,0.186389,0.02385,-0.097918,0.019441,-0.149982,0.356698,0.251256,-0.014564,0.149414,-0.196075,0.187461,0.093385,0.30479,-0.259191,-0.120759,-0.348167,-0.196133,-0.029851,0.239343,0.222741,0.036616,-0.119294,0.206729,-0.010528,0.06521,-0.060045,-0.015992,0.047497,-0.061915,0.079212,-0.024914,0.151928,0.423039,0.058916,0.331442,-0.134263,0.130193,-0.294805,-0.027678,-0.016479,0.119144,-0.023111,0.148438,-0.036937,0.14506,0.106358,-0.167191,0.255978,-0.051216,-0.271665,0.13644,0.268937,0.082484,-0.047652,0.427612,-0.096194,0.114304,-0.043642,-0.01224,-0.109975,-0.305179,-0.125913,0.047497,0.341121,0.095234,0.045741,0.185504,-0.08303,-0.026222,0.2974,0.134473,0.077994,0.170169,0.064807,-0.088521,0.015437,0.231079,0.08187,0.150153,-0.154034,-0.059447,0.258582,0.188617,0.189368,-0.051157,0.00885,-0.181269,0.091732,0.023727,-0.137628,-0.016479,0.16699,-0.083559,0.267464,-0.16388,-0.183826,-0.150918,-0.429523,-0.153596,-0.09576,-0.071345,0.050705,-0.220823,0.290073,0.029679,0.15445,-0.268837,-0.188525,-0.147135,0.009319,0.274008,-0.011864,-0.120223,0.107733,0.044193,-0.319496,0.096009,0.181789,0.19786,-0.028815,-0.075068,-0.093206,-0.045552,-0.031614,-0.25265,-0.02469,0.107297,-0.070928,-0.234906,0.15185,0.188491,-0.357407,0.034806,0.113138,-0.447193,0.086919,-0.40268,-0.427524,0.095173,-0.163282,-0.406259,-0.225516,0.024605,-0.081503,0.171668,0.042074,0.212788,0.116179,0.279076,-0.181781,#
16,0.286401,-0.017878,-0.225829,-0.145504,0.119089,0.086335,-0.161888,0.071638,-0.255689,-0.050085,-0.094801,-0.026016,-0.208601,-0.133891,0.07295,-0.107333,1.0,0.159385,-0.285685,-0.311465,-0.150525,-0.140613,-0.357889,-0.125071,-0.248064,-0.009313,-0.515623,0.043679,-0.089558,-0.055048,0.053972,-0.264796,-0.02964,-0.244947,-0.017931,0.183029,0.058278,-0.18651,-0.122054,0.030832,-0.348871,-0.31543,-0.188374,0.369491,-0.244871,0.111385,-0.297832,-0.400612,0.24126,-0.211015,-0.013028,-0.096422,0.076015,-0.28135,0.297184,-0.145978,-0.222215,0.039203,0.051988,0.224219,-0.164068,-0.106905,-0.052867,-0.01255,0.237125,-0.012613,0.591269,-0.116371,0.003997,-0.187495,-0.519178,0.15939,-0.003584,-0.118131,-0.009347,0.181466,0.224068,-0.003343,0.090737,-0.184958,-0.261579,0.251254,-0.017354,-0.017335,-0.146468,-0.229596,-0.506875,-0.14382,0.036484,-0.268421,0.075804,-0.491805,0.247673,-0.366143,0.084695,-0.354699,-0.314509,-0.37027,-0.310357,-0.133945,0.227929,-0.329843,-0.182942,-0.130081,-0.007766,0.036484,-0.092376,-0.035654,-0.27018,-0.011267,-0.246823,-0.114583,-0.196429,0.063312,-0.310711,0.441197,-0.271707,-0.314993,-0.43198,0.198328,-0.31307,0.215294,-0.450193,0.183063,0.087997,-0.255394,0.141387,-0.049451,-0.345662,-0.087754,-0.129766,0.12377,0.128102,0.129091,-0.148792,-0.09252,0.189648,-0.175972,-0.46753,-0.211916,-0.268421,0.039781,-0.17578,-0.049088,0.176394,-0.219332,0.148699,0.113155,0.043873,-0.184616,-0.037768,0.159863,-0.447797,-0.071987,-0.237735,-0.384896,0.047163,0.241065,-0.442946,-0.128706,-0.04414,0.056021,-0.188517,-0.40645,-0.015983,0.102377,-0.230927,-0.446887,0.12973,-0.244736,0.35525,-0.12592,-0.329843,-0.06444,-0.019299,-0.36629,-0.148629,-0.036696,0.032154,0.115513,0.142664,0.224981,0.463689,-0.031271,0.167269,-0.028594,0.031282,0.2348,0.512843,0.265241,-0.290778,0.212625,0.085973,0.155124,-0.201559,0.679227,-0.122933,-0.356949,-0.370084,0.520356,#
17,0.45743,0.37372,-0.179275,-0.166583,0.259158,0.283852,0.225886,0.086134,0.280376,0.183289,-0.123173,-0.007078,0.413753,0.234111,-0.025978,-0.4571,0.159385,1.0,0.143302,0.020152,0.310216,0.045306,0.18348,-0.298761,0.03274,-0.30955,-0.044265,-0.123006,0.136754,0.280773,-0.329965,-0.139265,0.155871,-0.117534,0.096121,-0.355099,-0.47608,-0.211383,0.009445,-0.044689,0.172359,0.271835,0.028341,-0.097351,-0.336451,-0.26453,0.197509,0.231553,0.004313,-0.298105,0.267961,-0.292095,-0.015555,-0.181633,0.013683,-0.259339,-0.088671,-0.068663,0.019963,0.140161,0.001294,0.222919,-0.331465,0.123739,0.243353,0.481281,0.122515,0.299116,0.129904,0.29892,-0.064112,0.223738,-0.577969,-0.299051,-0.097279,0.353067,-0.276067,-0.010886,-0.115132,-0.526781,0.049111,-0.310593,-0.386832,-0.228975,-0.044769,0.25126,-0.233818,-0.016092,0.048593,-0.050832,-0.267547,-0.251309,-0.305628,0.14514,-0.289175,-0.102713,0.252508,-0.374969,0.058945,-0.278092,-0.182293,-0.287317,-0.179566,-0.153261,-0.247203,-0.125822,-0.150452,-0.114118,-0.475795,-0.114879,0.33754,-0.270368,-0.177283,-0.303486,0.043187,-0.234107,-0.581338,-0.055392,0.19738,-0.444169,-0.318489,-0.249288,-0.278298,-0.341546,-0.091179,0.292698,0.022293,0.119011,-0.056634,-0.129323,-0.064427,-0.245544,-0.198724,-0.120348,-0.130335,-0.380301,0.210993,-0.266684,0.003701,-0.164682,-0.037062,-0.040198,-0.269459,-0.271359,-0.188671,-0.058646,-0.11791,0.574803,0.033712,-0.407144,-0.273634,-0.201889,0.059185,-0.380974,-0.291721,0.002818,0.459426,0.385723,-0.324517,-0.377875,-0.3021,-0.085004,0.18655,0.101408,-0.355497,0.609283,-0.118526,-0.27952,-0.099668,0.119355,0.1797,0.077736,-0.126202,-0.073297,0.121451,-0.303006,-0.115117,0.19257,0.454949,-0.257269,0.065972,0.170929,-0.17743,-0.255046,0.273859,-0.191962,0.570666,0.279329,-0.431513,0.466008,0.091471,0.306427,0.145176,0.099182,-0.272837,0.206436,-0.060758,-0.402431,-0.195586,0.151887,#
18,0.221013,0.501715,0.045733,-0.066686,0.064109,-0.389521,0.176588,-0.20226,0.19009,0.315443,-0.254017,-0.467353,0.257484,0.204289,0.242391,0.010218,-0.285685,0.143302,1.0,-0.243639,0.348377,-0.271789,0.084172,0.13561,-0.259324,-0.411779,0.33501,0.154987,0.222486,0.448861,-0.125154,-0.055313,0.221578,-0.007188,-0.154163,0.161838,0.033028,0.043452,0.075724,0.254387,-0.056295,-0.273987,0.009616,0.070304,-0.046526,-0.11661,0.189255,0.076704,0.001076,-0.023786,0.086706,-0.165747,-0.135542,0.091066,0.167671,-0.208907,0.097824,0.02038,-0.270466,-0.056554,-0.039097,0.078436,-0.118412,0.080808,0.120777,0.272127,-0.103374,0.160336,0.001476,-0.307423,-0.227501,-0.504434,-0.052304,-0.4188,-0.094008,0.093754,-0.425221,-0.183363,-0.12587,-0.274867,-0.309901,-0.282981,-0.236268,0.481882,-0.151092,-0.00349,0.085171,-0.173677,-0.306918,0.090499,-0.083245,-0.201898,-0.44397,-0.213083,-0.263599,-0.300212,-0.106082,-0.186082,0.065875,-0.068279,-0.05029,-0.155536,-0.354826,-0.238404,-0.114019,0.039207,-0.367379,0.077215,-0.299189,-0.067408,0.142463,0.208331,0.034887,-0.2343,-0.089406,-0.274223,-0.099796,-0.229195,0.206885,-0.549933,-0.365848,0.13506,-0.271595,-0.199771,-0.143017,-0.002138,-0.110879,-0.248226,-0.204265,-0.488228,-0.18119,-0.439918,-0.041413,0.178578,-0.295235,-0.263877,-0.049665,-0.126709,0.04837,-0.069108,-0.076873,-0.088544,-0.459307,0.136017,0.044817,-0.313197,-0.145411,0.338113,-0.092085,-0.213633,-0.142941,-0.34273,0.187593,0.064585,-0.265851,-0.13219,0.031122,0.309278,-0.2267,-0.087279,-0.127362,-0.039372,0.082467,0.117225,-0.235731,0.03379,-0.235484,-0.103669,0.074097,-0.018979,0.178901,-0.1472,0.200859,-0.214143,0.343252,0.116371,-0.021767,0.311286,0.311904,-0.411625,0.083802,-0.036142,-0.066771,-0.176585,0.322181,0.064619,0.197207,-0.075199,-0.250343,0.505809,0.133447,0.272792,0.356608,0.501477,-0.101441,-0.198083,-0.07532,-0.328523,-0.143052,-0.065229,#
19,-0.192122,-0.336774,-0.12662,0.081388,-0.078016,0.523945,0.115672,-0.018342,0.25737,-0.244494,-0.111543,0.044526,0.090667,-0.009272,-0.141526,-0.179707,-0.311465,0.020152,-0.243639,1.0,0.124732,0.258468,0.147706,-0.00812,0.356514,-0.138012,0.102526,-0.150263,-0.277019,-0.23152,-0.004885,0.313993,-0.019359,0.053907,-0.239187,-0.335509,7.2e-05,0.158198,0.056948,0.054649,0.353447,0.399643,0.089368,-0.241884,0.27579,0.0507,0.351561,0.426365,0.177725,-0.045856,0.083097,-0.00244,0.22791,0.11202,-0.144145,0.426767,0.326238,-0.261158,0.441483,-0.039411,0.046942,-0.135892,0.197535,0.181504,-0.171122,0.219423,0.062908,-0.013612,0.073627,0.118432,0.405496,0.074398,0.06263,0.389183,0.188545,-0.41159,0.318233,0.427923,0.384252,0.166689,0.463807,0.22091,0.188073,-0.443222,0.324181,0.026172,0.232795,0.308627,0.432648,0.077013,0.221449,0.54161,0.225435,0.494834,0.194918,0.258688,0.226881,0.349501,0.046261,0.227009,-0.046333,0.599879,0.493255,0.358614,0.357147,0.095689,0.355463,-0.281341,0.448312,-0.036152,0.424953,-0.180859,0.241013,0.226753,0.140919,0.026831,0.088534,0.55735,0.170498,0.190895,0.356165,-0.039962,0.461554,-0.144128,0.211802,0.360076,0.064351,0.02338,0.336754,0.625952,0.033084,0.265281,0.123949,-0.261623,0.405747,0.094701,-0.26037,0.089107,0.03327,0.235421,0.403375,-0.170935,0.130024,0.029621,-0.084471,0.215486,-0.151227,-0.186542,0.440511,-0.198023,0.144032,0.273028,0.298717,0.255011,0.427196,0.433067,0.013734,-0.2978,0.434022,0.088194,0.036925,-0.024924,0.100369,0.311934,0.378608,0.095193,0.521767,0.278923,-0.379104,0.036807,-0.494671,0.04547,0.10496,0.376943,-0.113201,0.078051,0.42986,-0.451604,-0.149899,0.043466,-0.223496,0.033027,-0.011047,0.060425,-0.422819,-0.066508,0.119471,0.151876,-0.269808,-0.459308,0.196655,-0.443779,-0.145526,-0.264412,0.32415,-0.352995,-0.221891,0.506443,0.294337,-0.261106,#
20,-0.051347,0.202068,-0.251948,0.169844,-0.030471,-0.032882,0.084785,0.13238,0.154107,-0.168643,-0.1715,-0.39858,0.286575,0.125086,0.319081,-0.417951,-0.150525,0.310216,0.348377,0.124732,1.0,-0.084852,-0.078232,0.209331,0.061097,-0.167426,-0.17163,0.229726,0.175478,0.097884,0.074843,-0.259656,0.137545,-0.053609,-0.060412,-0.304236,-0.042056,-0.079033,0.245194,-0.062202,-0.116146,0.148751,-0.113704,-0.048685,-0.045933,0.316231,0.516821,0.014371,0.240498,0.130996,0.065136,0.062811,-0.176806,0.337603,-0.049878,0.095266,0.146643,-0.115459,-0.046082,-0.019829,0.09291,0.258592,-0.079591,0.105831,-0.098578,0.219913,-0.033048,0.284084,-0.110758,-0.324324,-0.146245,0.067604,-0.03853,0.083957,0.159073,-0.114166,0.039436,0.17334,-0.078627,-0.20233,-0.083412,-0.078537,-0.035129,-0.067224,-0.046029,0.004426,0.189881,0.229923,0.031922,0.13493,0.186154,0.065313,-0.081491,0.17217,-0.280621,0.024573,0.18295,-0.141991,0.232072,0.052799,-0.015982,-0.105613,-0.004593,-0.231418,-0.151965,0.031922,-0.171831,0.069559,-0.214223,-0.135929,0.180898,-0.138306,-0.017123,-0.12828,-0.026914,-0.051446,0.001209,0.186154,0.022389,-0.14599,-0.05251,0.328881,0.053039,-0.120139,0.283981,0.012974,-0.170406,-0.095755,-0.072735,0.102875,-0.005579,-0.184459,0.284518,0.012088,0.107623,-0.035069,-0.19911,-0.147071,-0.131847,0.346462,-0.044391,-0.256199,0.015419,0.201894,0.455217,-0.110259,0.018891,0.141519,0.336693,-0.020092,-0.045852,0.177159,0.245132,0.052121,0.081761,0.293347,0.270194,-0.013374,-0.104228,0.064883,-0.089792,-0.014673,-0.071173,0.23173,0.102296,0.226458,0.064057,-0.116471,-0.033288,0.134319,0.022628,0.246911,0.205114,0.025729,0.143529,0.244065,0.07134,0.067039,0.157424,-0.24968,0.082693,0.187899,0.214654,-0.00545,0.131456,0.197391,0.187389,0.377777,-0.144615,0.059737,0.22571,0.292338,-0.066411,-0.061036,-0.34762,-0.070053,-0.240633,-0.144359,-0.096231,0.163199,#
