0,1.0,0.211441,0.01791,-0.318403,0.678282,-0.176731,0.468944,-0.186109,0.740958,0.079682,-0.000203,0.368555,0.569622,0.015595,0.056114,0.162194,0.037711,-0.000497,0.143864,-0.32237,-0.334085,0.007871,0.301543,-0.239953,-0.136729,-0.204161,-0.366927,-0.115363,0.21601,0.059781,-0.49271,-0.149669,-0.240275,-0.071148,-0.35019,0.110825,0.503721,-0.209455,0.107514,-0.073158,0.245082,-0.392871,-0.14702,-0.053075,-0.079234,-0.007443,0.439882,0.268893,0.253531,0.373535,0.295304,-0.24153,-0.032643,0.164601,0.011061,-0.084478,-0.369217,0.470618,-0.07347,0.070161,0.19972,-0.1912,-0.173013,-0.04364,0.176184,0.406719,-0.052142,0.002143,0.435061,-0.11634,0.218936,-0.421952,-0.064872,-0.579307,-0.372575,0.330774,-0.414037,-0.374906,-0.452384,-0.128113,-0.082658,-0.601587,-0.335792,-0.079087,-0.269829,-0.373493,-0.541052,-0.311525,-0.151825,-0.465509,-0.147155,-0.255297,-0.183189,-0.075857,-0.456581,-0.301456,-0.620186,-0.446084,-0.09628,-0.352145,0.338114,-0.462652,-0.518614,-0.404662,-0.275448,-0.327529,-0.437205,-0.067285,-0.40348,0.068567,0.011206,-0.300893,-0.189085,-0.292086,-0.379109,-0.348346,-0.482922,-0.573316,-0.048182,-0.645147,-0.443321,-0.519855,-0.295414,-0.503642,-0.191801,-0.161556,-0.558739,-0.194587,-0.155394,-0.29761,-0.413242,-0.121686,-0.150111,0.033337,-0.269257,-0.664992,0.0,-0.499381,0.075227,-0.447087,-0.458155,0.047734,-0.287446,-0.174112,-0.606477,-0.101539,-0.610851,0.579882,-0.587086,-0.471612,-0.496684,-0.449602,-0.402122,-0.337816,-0.451126,-0.291084,0.310784,0.637317,-0.288839,-0.557873,0.011819,-0.285864,-0.473863,-0.136436,0.049211,0.168283,-0.161932,-0.168736,-0.277827,-0.29761,0.030862,0.310341,-0.151825,-0.709867,0.173479,-0.346888,-0.213144,0.528081,0.256766,-0.457187,0.304851,0.230272,0.095811,-0.077702,0.469787,0.072756,0.169011,0.176298,-0.231627,0.544578,-0.288439,0.13514,0.509396,0.496295,-0.072148,0.235185,0.510418,-0.377114,-0.313535,0.151549,#
1,0.211441,1.0,0.27616,0.249735,0.342195,-0.137079,-0.103259,-0.093078,0.080495,0.09059,-0.270306,0.228207,-0.057901,-0.059702,0.133652,-0.271363,0.017139,0.172274,-0.075351,-0.315519,-0.149536,-0.09023,0.108315,-0.023041,0.0487,-0.043442,-0.094241,0.045981,0.15668,0.036988,-0.203502,0.428124,-0.183815,0.102214,-0.398213,0.20522,0.307266,-0.145389,0.270251,-0.084104,0.167491,-0.000337,0.244525,-0.016645,-0.288387,-0.236113,0.197085,0.171768,-0.355856,0.14916,-0.310093,-0.375588,0.01889,0.124785,-0.127216,-0.210528,-0.361035,0.136538,-0.467117,0.170966,-0.198739,-0.136928,-0.099732,-0.13437,0.190585,-0.191314,0.039833,0.085999,-0.062603,0.014804,-0.132366,-0.331468,0.05795,-0.043831,-0.304918,0.008327,-0.04116,-0.137084,-0.183806,-0.352918,-0.030668,-0.532445,-0.343743,0.309129,-0.472613,-0.309685,-0.138083,-0.084644,-0.197363,-0.251805,-0.007854,-0.028786,-0.169078,0.329666,-0.430304,-0.115039,-0.084644,-0.006266,-0.113984,0.156984,0.154362,-0.11116,-0.349198,-0.057148,-0.364764,-0.388588,0.065301,0.163906,0.041323,-0.096783,0.0579,0.295644,-0.22764,-0.11116,0.035206,-0.193055,-0.077882,-0.474478,0.057085,-0.030227,-0.292729,-0.05066,-0.361841,-0.217881,0.217795,-0.258965,-0.247222,-0.297763,-0.097345,0.070234,-0.23127,0.077239,-0.095996,0.043905,-0.042791,-0.163567,0.0,-0.163567,-0.128106,-0.114688,0.062372,0.452126,0.059226,-0.313957,-0.179244,-0.502482,-0.115918,0.190259,-0.353946,-0.077059,-0.301726,-0.045867,-0.030668,0.025118,-0.074533,-0.106599,-0.033187,0.141311,-0.10686,-0.242899,0.125974,0.06326,-0.092374,-0.171808,-0.011007,0.136899,0.169343,-0.32976,-0.350199,0.070234,-0.055805,0.048049,-0.197363,-0.098985,0.050465,0.031753,-0.241913,0.122223,0.142397,-0.169835,0.279759,-0.110731,-0.034701,-0.107981,0.047316,-0.201565,0.111932,-0.176881,-0.302235,0.213447,-0.013868,0.045863,0.124705,0.194659,-0.160031,0.167578,-0.053726,-0.409114,-0.068435,-0.146065,#
2,0.01791,0.27616,1.0,0.324762,-0.183569,-0.443384,-0.352529,-0.353018,0.006895,0.116664,-0.060186,0.046811,-0.105474,-0.095492,-0.277534,-0.063024,0.043913,0.222216,-0.015237,-0.137265,-0.132813,-0.125718,0.082319,0.25374,-0.000865,-0.326514,0.049572,-0.229322,0.040711,-0.102948,-0.197765,-0.045513,0.032144,-0.064082,-0.004936,0.025951,-0.214257,0.233175,-0.172976,-0.217276,0.127108,-0.05307,-0.04571,-0.008351,0.438385,-0.57488,0.121337,0.174803,-0.1705,0.220997,-0.29702,0.062462,-0.121686,0.383851,-0.118526,-0.329041,-0.113084,-0.107801,0.065131,0.146522,-0.349327,-0.16119,0.035362,-0.406238,0.190308,0.034899,-0.121843,-0.167931,-0.13482,0.238908,0.040342,0.225981,-0.115725,0.270994,-0.040613,0.19167,-0.068144,0.095543,0.195326,-0.121821,-0.037038,0.043776,-0.205694,0.712781,0.069787,-0.194444,0.273282,0.025228,-0.268861,-0.142045,0.19002,-0.389465,0.171082,-0.068512,-0.1205,0.432027,0.201354,0.202166,-0.113812,0.160204,-0.091384,0.101301,-0.024379,0.189107,-0.132235,-0.064998,0.103821,0.270303,0.113476,0.470098,0.334357,0.117129,0.14431,0.088782,0.258905,-0.06817,0.025228,-0.114947,0.000562,0.266734,-0.218302,-0.031183,0.029466,0.149133,0.032966,0.038255,0.001368,0.129941,0.318116,0.254289,0.241374,0.090153,0.170608,0.088382,0.400533,0.009231,0.0,0.199228,0.079052,-0.133081,0.10282,0.589799,0.213751,-0.289476,-0.130778,0.212696,0.100596,-0.2076,-0.281626,0.214524,-0.031727,0.398548,0.260638,-0.13685,-0.132451,0.118537,-0.28413,0.099467,0.207716,0.029738,0.430719,-0.001163,0.355045,0.052926,-0.102559,-0.167225,-0.065242,-0.526661,0.188305,0.10884,-0.009309,0.082828,-0.063347,0.158043,-0.242212,0.149996,-0.338423,-0.181955,-0.234304,-0.006635,0.004225,0.020931,-0.064477,-0.157435,-0.525537,0.16228,-0.269968,0.011841,0.14701,-0.150663,0.344693,-0.044763,-0.191001,-0.04205,-0.225664,-0.001278,-0.188427,0.294968,0.231989,-0.538249,#
3,-0.318403,0.249735,0.324762,1.0,-0.213607,-0.113008,-0.469427,-0.303047,-0.395417,-0.225157,0.006469,-0.355621,-0.231025,-0.032515,-0.202861,-0.345706,0.098482,0.10332,0.124995,0.180708,0.045855,0.040174,-0.174606,0.053544,0.008669,-0.103186,0.026928,0.177733,0.106625,-0.160481,0.271384,0.107008,0.218367,-0.089268,-0.123013,-0.406245,-0.257552,0.246252,-0.020829,0.158093,0.278155,-0.099369,0.051393,0.01285,-0.21713,-0.095796,-0.272732,-0.199409,0.047265,-0.03986,-0.250985,0.355093,-0.021031,0.197804,-0.098016,-0.013424,0.049393,-0.236309,0.023562,-0.284125,-0.227033,-0.316941,0.193645,-0.241901,-0.280772,-0.334258,0.216589,-0.153987,-0.347933,0.257628,-0.15421,0.211097,0.258183,0.426582,0.178998,-0.049885,0.411725,0.18896,0.375791,0.220574,-0.08577,0.232065,0.073829,0.301949,0.203601,0.024758,0.348158,0.2965,0.003781,0.121245,0.188324,0.058731,-0.162361,0.225549,0.271794,0.156,0.480872,0.568885,0.188634,0.113727,-0.299751,0.129368,0.256344,0.253557,0.0533,0.010857,0.544379,0.255244,0.338666,0.151265,0.382825,-0.033996,-0.216831,-0.074782,0.362466,0.194348,0.474029,0.176824,0.046484,0.316686,0.136435,-0.038968,0.40531,0.189354,0.209533,0.303161,0.058197,0.15376,0.294195,0.296901,-0.055188,0.294049,0.019247,-0.254123,0.331019,0.342513,0.0,0.362693,-0.200445,0.346863,0.11856,0.528039,0.354477,-0.245062,0.228063,0.091242,0.305439,-0.264041,0.079689,0.313782,0.391609,0.495356,0.251679,0.194353,0.291586,0.311216,-0.235675,-0.410982,0.548682,0.08199,0.32468,0.330506,-0.013906,0.085942,-0.080425,-0.363036,0.246251,-0.284437,0.18008,0.310421,-0.373436,-0.327174,0.242673,0.413242,-0.168281,0.445506,0.053332,-0.2129,-0.187877,0.495549,-0.444276,-0.016149,-0.086683,-0.435179,-0.130498,-0.151926,-0.197665,-0.171956,0.064068,-0.335009,0.593926,-0.307861,-0.208437,-0.23213,-0.010984,-0.197692,-0.365493,0.126986,-0.201391,-0.003036,#
4,0.678282,0.342195,-0.183569,-0.213607,1.0,0.00164,0.374616,-0.112774,0.347752,0.272125,-0.087376,0.297924,0.462621,0.274652,-0.0081,0.067461,0.084849,-0.149672,0.134187,-0.329002,-0.176187,0.040828,0.26058,-0.432636,-0.307119,-0.145945,-0.241853,-0.176224,0.266112,0.179834,-0.35319,-0.047532,-0.360734,-0.088966,-0.29472,0.361412,0.329736,-0.196265,0.078083,-0.211522,0.384712,-0.255715,-0.035153,0.180528,-0.223287,-0.03971,0.166692,0.332874,0.243712,0.091101,0.034287,-0.539161,0.044693,0.024731,-0.002025,-0.266879,-0.40851,0.463928,-0.280608,-0.02516,0.333969,0.152896,-0.247291,-0.045684,0.370372,0.32398,0.025181,0.214726,0.240431,-0.00048,-0.179671,-0.727367,0.29359,-0.772721,-0.32864,0.513262,-0.446344,-0.624432,-0.427695,-0.260021,-0.269648,-0.753515,-0.425574,-0.327896,-0.323688,-0.498913,-0.630428,-0.537243,-0.228373,-0.231879,-0.185304,-0.283437,-0.338915,-0.118619,-0.543548,-0.422842,-0.552611,-0.421414,-0.314951,-0.228479,0.475458,-0.419415,-0.437659,-0.504905,-0.581466,-0.589644,-0.265184,-0.208688,-0.322329,-0.113823,0.021368,0.051716,-0.367819,-0.409968,-0.493157,-0.233559,-0.381731,-0.4826,-0.003976,-0.341642,-0.271659,-0.203559,-0.432461,-0.337815,-0.04394,-0.231534,-0.663313,-0.085043,-0.238938,-0.094219,-0.366481,-0.093254,-0.510979,0.258994,-0.374988,-0.519106,0.0,-0.680855,-0.058561,-0.471857,-0.435725,0.0243,-0.133418,-0.127346,-0.432226,-0.413645,-0.429172,0.684604,-0.581211,-0.398247,-0.495167,-0.549688,-0.288579,-0.349094,-0.226857,-0.266459,0.173923,0.677179,-0.308398,-0.519937,-0.104598,-0.314545,-0.555457,-0.270361,-0.097067,0.330863,-0.248467,-0.299849,-0.317916,-0.094219,0.142214,0.100565,-0.414479,-0.512129,0.217361,-0.245716,-0.337287,0.506048,0.327509,-0.490764,0.349422,0.038971,0.055163,0.177569,0.516698,-0.223219,0.458157,-0.016394,-0.326707,0.536388,-0.269292,0.194509,0.487258,0.581386,-0.009427,0.373359,0.490555,-0.537974,-0.346426,0.279943,#
5,-0.176731,-0.137079,-0.443384,-0.113008,0.00164,1.0,0.292493,0.519511,-0.121425,-0.261992,-0.013323,0.02293,-0.457273,0.373616,0.185483,0.167233,0.067072,-0.181952,0.015495,0.025978,0.502257,0.123616,-0.226337,-0.546145,0.0156,0.13799,0.09571,-0.00205,-0.362535,0.062114,0.171506,0.226951,0.356534,-0.294872,-0.202379,-0.128787,-0.152073,-0.017329,0.124328,-0.097992,-0.069919,-0.088153,0.209688,0.174299,-0.132383,0.220534,-0.271265,-0.15943,0.009936,-0.195231,0.280793,-0.037418,0.21213,-0.155391,-0.01068,0.459198,0.218194,0.075959,-0.061941,0.348416,0.248446,0.23994,-0.200666,0.474094,-0.064042,-0.081004,-0.301369,0.472314,0.05901,-0.149833,-0.019126,-0.122288,0.207084,0.103615,-0.024216,-0.107629,0.274485,0.135754,-0.425431,0.069958,0.101313,-0.084069,0.205895,-0.213291,0.091857,0.28783,-0.030003,0.047591,0.04139,0.038762,0.14086,0.110054,-0.00555,-0.387222,0.037099,0.063523,-0.126025,-0.253054,-0.050723,0.103756,0.049781,-0.089742,0.03289,-0.209896,0.072506,-0.146506,-0.211037,-0.421786,-0.043458,-0.609823,-0.388453,-0.040611,-0.005559,-0.096522,-0.024946,0.053482,0.208807,-0.243437,-0.205011,0.030187,-0.089742,0.322005,-0.092943,-0.123086,-0.210158,0.040423,-0.037407,0.077717,-0.008113,-0.261609,-0.044942,-0.266807,-0.287059,-0.047473,-0.025383,-0.165969,0.0,-0.159266,-0.158515,0.277234,-0.115823,-0.240956,-0.255884,-0.267316,-0.102534,-0.051274,0.074694,0.060956,0.390885,-0.135513,-0.098737,-0.02949,-0.052618,0.174687,0.034767,-0.254742,0.163615,-0.157464,-0.060714,-0.032676,-0.263072,-0.272787,0.190827,0.059399,-0.073648,0.345905,0.409448,0.39654,-0.072236,0.079099,0.041367,-0.09686,0.05252,0.259588,0.182817,-0.131644,-0.035656,0.007642,0.018471,-0.048343,0.126418,-0.181867,0.113659,0.194457,0.308517,-0.317123,0.253492,-0.070976,0.256517,0.034282,-0.096398,0.15201,0.016026,-0.351813,0.160319,0.26585,0.020187,-0.150358,-0.089424,0.294589,#
6,0.468944,-0.103259,-0.352529,-0.469427,0.374616,0.292493,1.0,-0.006564,0.637674,-0.095638,0.25138,0.613532,0.136859,-0.197721,0.138175,0.413682,-0.058863,-0.401586,0.052626,-0.19049,-0.034929,0.08536,0.140125,-0.59497,-0.18187,-0.206678,-0.263309,-0.321744,0.186106,0.269779,-0.451142,-0.16828,-0.026209,-0.431408,-0.019601,0.21306,0.027905,-0.076379,-0.21808,0.238398,0.190105,-0.266568,-0.477936,-0.20359,-0.091174,0.235608,-0.018935,0.123583,0.211466,0.329915,0.37201,-0.264718,0.118176,0.079875,0.294292,0.14512,-0.034765,0.229937,0.085231,0.184726,0.29121,0.151359,-0.06972,0.250208,0.178833,0.075873,-0.151677,0.194924,0.333506,-0.29621,0.125056,-0.366243,0.103525,-0.449954,-0.472568,0.224852,-0.293759,-0.282933,-0.54492,-0.398229,-0.287971,-0.382656,-0.340355,-0.374498,-0.277494,0.014533,-0.440577,-0.368232,-0.309143,-0.222394,-0.227771,-0.290311,-0.199698,-0.455983,-0.537323,-0.132013,-0.204193,-0.866499,-0.247959,-0.124152,0.156534,-0.435017,-0.346056,-0.550486,-0.05226,-0.125645,-0.319731,-0.196646,-0.626328,-0.115539,-0.352017,-0.129132,-0.163061,-0.441646,-0.291599,-0.648373,-0.371084,-0.238801,-0.160191,-0.442924,-0.278497,-0.318292,-0.237405,-0.513087,-0.336896,-0.236218,-0.373711,-0.212849,-0.195679,-0.621234,-0.447978,-0.29808,-0.378021,-0.065603,-0.442849,-0.353353,0.0,-0.539386,-0.103669,-0.234636,-0.294533,-0.170905,-0.584413,-0.17352,-0.381947,-0.155905,-0.622209,0.599721,-0.067664,-0.54936,-0.363925,-0.612127,-0.616823,-0.216081,-0.547275,-0.621234,0.12391,0.347696,-0.075139,-0.560822,-0.174762,-0.402817,-0.212832,-0.249587,-0.061818,0.521108,0.042357,0.390158,-0.024436,-0.462699,0.2293,0.175753,0.050785,-0.382149,0.419187,-0.691887,-0.217743,0.540308,0.259442,-0.200308,0.5433,0.498198,0.212375,0.200401,0.69107,0.007408,0.117148,-0.06942,-0.001038,0.505356,-0.222572,0.37092,0.535749,0.266532,-0.428105,0.483664,0.695904,-0.471159,-0.347248,0.365222,#
7,-0.186109,-0.093078,-0.353018,-0.303047,-0.112774,0.519511,-0.006564,1.0,-0.037653,-0.127385,-0.355706,-0.240141,-0.29601,0.241846,0.222152,-0.342636,-0.109418,0.059157,-0.013506,0.008544,0.163946,0.173476,-0.156123,-0.29167,0.317419,0.302997,0.165035,0.241828,-0.590985,-0.005296,0.184667,0.311337,0.451285,0.156958,-0.160433,0.199826,0.036364,-0.118383,0.254332,-0.140141,-0.252524,0.089837,0.472071,0.120055,-0.185239,0.096956,-0.088519,-0.151906,-0.262985,-0.200167,0.124648,0.007888,0.039917,-0.148131,0.108563,0.278943,0.333889,0.00573,-0.028638,0.207554,0.04769,0.343119,-0.350491,0.377798,0.074701,0.093503,-0.06706,0.235876,-0.029413,-0.293487,-0.04461,0.074303,0.015772,0.061259,0.141975,-0.331257,0.24641,0.130748,-0.109749,0.263249,0.24641,0.074807,0.276134,-0.142097,0.151276,0.29457,0.116358,0.183617,0.119724,0.172051,-0.157188,0.234161,0.115051,0.05414,0.357845,0.174426,-0.181675,0.078309,0.15092,-0.048382,-0.113172,-0.131801,0.086524,0.039413,0.078267,-0.028094,-0.122628,-0.171352,-0.046959,-0.384338,-0.253648,0.212588,0.199536,0.171893,-0.045626,0.190087,0.183617,-0.059204,0.115074,0.029397,-0.131801,0.376113,-0.104215,-0.089433,-0.025937,0.195636,0.226703,-0.385853,0.076103,-0.006677,0.231648,-0.010696,-0.022402,0.104499,0.046147,-0.081312,0.0,0.116118,-0.022177,0.153674,-0.010677,-0.23964,-0.160417,0.098603,0.053633,-0.224746,0.359439,-0.148789,0.415179,0.171339,-0.020941,0.042554,0.24641,0.127857,0.357737,-0.119478,0.085434,-0.077925,-0.219673,0.234131,0.166067,-0.040892,0.173282,0.078364,0.25364,0.069705,0.132214,0.234001,-0.174912,0.365027,-0.078807,0.022919,0.10848,0.172441,-0.158,-0.081693,0.05055,-0.114714,0.045758,-0.071005,-0.159062,-0.339173,-0.11153,-0.076927,-0.005405,0.020877,-0.020169,0.208971,-0.013434,-0.176429,-0.10699,0.005748,-0.166551,-0.336998,0.025469,0.131573,-0.285005,-0.147991,0.207479,-0.185069,#
8,0.740958,0.080495,0.006895,-0.395417,0.347752,-0.121425,0.637674,-0.037653,1.0,-0.189216,0.030039,0.471002,0.415662,-0.264178,0.247762,0.196981,0.00628,-0.091351,0.099623,-0.279845,-0.273571,0.03094,0.29102,-0.23875,0.015572,-0.307447,-0.147686,-0.230844,0.257983,-0.036812,-0.5437,-0.076114,0.005961,-0.070832,-0.272714,0.038978,0.441311,-0.134997,0.03375,-0.024138,0.129586,-0.502752,-0.198263,-0.18478,-0.010469,0.151566,0.426335,0.194897,0.204929,0.405649,0.246524,-0.167425,-0.084993,0.152581,0.238505,0.003017,-0.11176,0.389626,0.009994,0.069294,0.055823,-0.20738,-0.165842,0.182759,0.111606,0.326293,0.054213,-0.006569,0.334281,-0.074732,0.149175,-0.276258,-0.117085,-0.427199,-0.260585,0.049869,-0.267966,-0.077701,-0.325233,-0.175031,-0.089076,-0.331401,-0.236353,-0.020722,-0.175107,-0.079017,-0.399398,-0.334819,-0.127653,-0.33284,-0.068942,-0.265154,-0.006653,-0.092811,-0.337571,0.059007,-0.328261,-0.49116,-0.17426,-0.203146,0.043019,-0.5373,-0.416778,-0.373218,0.005883,-0.059159,-0.368284,0.116601,-0.417675,0.249882,-0.097137,-0.187644,-0.069224,-0.259244,-0.086113,-0.593208,-0.498767,-0.313756,-0.086515,-0.524986,-0.377389,-0.393437,-0.183837,-0.549366,-0.376785,-0.028071,-0.193427,-0.23143,-0.042549,-0.441317,-0.140591,-0.109673,-0.076141,-0.21364,-0.167917,-0.336979,0.0,-0.352972,0.086487,-0.327751,-0.256735,-0.090468,-0.534689,-0.186284,-0.476012,-0.030124,-0.443025,0.385444,-0.315526,-0.492079,-0.250737,-0.341038,-0.261682,-0.188067,-0.326127,-0.551455,0.094403,0.425494,-0.167351,-0.536984,0.056458,-0.222856,-0.318929,-0.168256,-0.004448,0.166217,-0.123523,-0.027068,-0.159289,-0.279348,0.018167,0.348557,0.047355,-0.437472,0.031496,-0.431126,-0.030786,0.508743,0.100911,-0.317851,0.363833,0.435765,0.240812,-0.107525,0.473652,0.059582,-0.197538,0.232124,-0.205543,0.425476,-0.00517,0.153706,0.446052,0.327695,-0.368283,0.113047,0.49707,-0.412384,-0.206767,0.062205,#
9,0.079682,0.09059,0.116664,-0.225157,0.272125,-0.261992,-0.095638,-0.127385,-0.189216,1.0,-0.318899,0.048149,0.111171,0.108499,-0.547341,-0.164617,-0.354281,0.416276,-0.222029,0.038124,0.229323,-0.297142,0.217036,-0.004088,0.228488,0.024797,-0.077701,-0.197526,-0.074857,0.458447,0.085042,-0.34823,-0.220993,0.138881,-0.074607,0.588662,0.090243,-0.246958,-0.228816,-0.208177,0.174232,0.187001,0.150794,0.386104,0.331733,-0.359767,-0.022903,0.540267,0.102367,-0.053755,-0.271363,-0.469388,-0.042251,-0.2232,-0.243893,-0.444047,-0.040889,-0.246392,0.049595,-0.057671,-0.10277,0.298497,0.067745,-0.522763,0.117951,0.073227,-0.032845,0.292686,-0.042184,-0.077084,-0.022709,-0.352381,-0.276633,-0.165867,0.192277,0.324239,-0.340951,-0.444505,-0.025548,-0.025566,0.001139,-0.19854,-0.059224,-0.14812,0.008198,-0.300065,-0.125462,-0.060929,-0.11125,0.071674,-0.169558,0.144782,-0.272229,0.152698,-0.235027,-0.046051,-0.073653,-0.025548,0.185316,0.116702,-0.112619,-0.06246,0.116601,0.186549,-0.353027,-0.290283,0.115487,-0.128726,0.202149,-0.071441,0.43631,0.238195,0.061707,-0.226728,-0.129489,0.063518,-0.067291,-0.166138,0.35215,-0.162875,-0.058982,0.231541,-0.190445,0.232039,-0.236742,-0.228863,-0.157601,-0.220263,-0.138562,0.286881,-0.130864,0.112344,0.180115,0.818887,-0.119616,0.047836,0.0,-0.108051,0.263347,-0.317798,0.129172,-0.064678,0.334353,0.153214,0.129685,-0.130313,0.109534,0.299811,-0.35944,0.251339,-0.576883,-0.296426,0.149593,-0.119413,-0.090709,0.286881,0.267941,0.172064,-0.146282,0.175295,0.053284,0.151092,-0.077157,0.308315,-0.041957,0.261467,-0.466167,-0.28819,-0.035489,-0.062716,0.240988,-0.145391,-0.291026,-0.396837,0.156351,0.1273,-0.000904,-0.074483,0.260966,-0.256303,0.033693,-0.414828,-0.491582,0.311006,-0.128611,-0.071792,0.162244,-0.156694,-0.456974,0.222355,-0.189814,-0.107302,-0.077081,0.122192,0.041933,0.014021,-0.072677,0.070093,0.320165,-0.216078,#
10,-0.000203,-0.270306,-0.060186,0.006469,-0.087376,-0.013323,0.25138,-0.355706,0.030039,-0.318899,1.0,0.063745,-0.015031,-0.194577,0.31181,0.362401,0.003101,-0.461954,0.064125,0.075845,-0.058705,0.123478,-0.179683,0.014946,-0.431782,0.257647,-0.143116,0.057039,0.385679,-0.177114,-0.211902,-0.156618,-0.304014,-0.180412,0.300053,-0.222098,-0.258322,0.362558,-0.016806,0.250779,-0.252192,-0.074194,-0.530924,-0.121725,0.215109,0.234573,-0.108039,-0.262555,0.363617,0.01729,0.233731,0.202432,0.134014,0.453468,0.204674,0.278809,-0.09565,-0.04492,0.070417,0.005597,0.150183,-0.210446,0.215241,-0.103968,-0.065582,-0.083889,-0.142528,-0.081329,-0.230392,-0.188055,-0.048688,0.0421,0.12881,0.00835,-0.161325,0.254096,0.00393,0.181524,-0.070966,-0.239788,-0.251536,0.249341,-0.146869,-0.00684,-0.079328,0.073354,0.179688,-0.073696,0.013962,-0.222785,0.24631,-0.301389,0.431586,-0.484191,0.079077,0.184576,0.103563,-0.243693,-0.406996,-0.178993,0.043529,0.189601,-0.32043,-0.240353,0.258479,0.193435,-0.261726,-0.076202,-0.152055,0.093496,-0.209222,-0.380713,-0.1498,0.182807,-0.147039,-0.169551,-0.222813,0.117711,-0.420406,-0.141132,0.240935,-0.29928,0.247493,0.133019,0.182743,-0.032517,0.104267,0.336726,-0.095764,-0.318372,0.110346,-0.496579,-0.171284,-0.477126,0.097268,0.110055,0.0,-0.080609,0.005024,0.259114,-0.154235,0.11763,-0.269441,-0.092298,-0.055132,0.185985,-0.321249,-0.11926,0.264466,-0.390969,0.207648,-0.077487,-0.317905,-0.241108,-0.39743,-0.165448,-0.222227,0.029644,0.263758,-0.243111,-0.123591,-0.266486,0.108229,-0.241826,-0.169309,-0.056918,0.065184,0.199879,0.316736,-0.600898,0.114132,-0.28665,0.07386,0.024552,0.211898,-0.173361,-0.250099,0.110308,-0.169494,0.003723,-0.057247,0.497629,0.253483,0.382484,-0.053087,0.116762,0.007138,0.040516,0.520787,0.151666,-0.063092,0.535039,0.104046,-0.078136,-0.112159,0.062868,0.27083,0.017355,-0.113274,0.374275,#
11,0.368555,0.228207,0.046811,-0.355621,0.297924,0.02293,0.613532,-0.240141,0.471002,0.048149,0.063745,1.0,0.042053,-0.471644,0.044798,0.389827,0.117453,-0.25113,-0.293216,-0.366724,-0.048755,-0.027931,0.058708,-0.189218,0.082036,-0.23317,-0.120795,-0.517188,0.362925,0.430456,-0.505754,-0.141572,-0.301368,-0.004858,-0.073931,0.240077,-0.126865,-0.317516,-0.001894,0.117808,0.093332,-0.232044,-0.323043,-0.231991,-0.112168,0.126326,-0.133776,0.259086,-0.025826,0.161082,0.227747,-0.454278,-0.128212,0.231913,0.167163,0.12354,-0.297812,-0.014927,-0.121889,0.342715,-0.110919,0.182376,-0.129361,0.25667,0.201675,-0.227939,-0.208061,0.007622,0.171187,-0.09937,-0.039925,-0.263598,0.124176,-0.363798,-0.53755,0.311308,-0.360981,-0.022699,-0.607292,-0.6241,-0.47188,-0.439936,-0.391373,-0.064639,-0.327889,-0.309432,-0.511563,-0.59764,-0.224719,-0.125418,-0.26589,-0.198689,-0.118714,-0.362291,-0.770315,-0.040894,-0.263824,-0.774358,-0.470331,-0.010363,0.315793,-0.30209,-0.394444,-0.473152,-0.267089,-0.328259,-0.154552,-0.044834,-0.53755,0.037053,-0.370471,0.049735,-0.384223,-0.369903,-0.187429,-0.519193,-0.279598,-0.286589,-0.328426,-0.061618,-0.411575,-0.381169,-0.291755,-0.312028,-0.141896,-0.405654,-0.291741,-0.170636,-0.209474,-0.381339,-0.324466,-0.376459,-0.425155,0.089838,-0.493536,-0.26709,0.0,-0.617616,-0.101183,-0.453665,-0.20773,0.134876,-0.448372,-0.204828,-0.440415,-0.352785,-0.545802,0.40215,-0.282705,-0.620268,-0.409248,-0.493796,-0.370656,-0.286818,-0.453511,-0.655315,0.015398,0.280925,-0.118645,-0.313469,-0.113957,-0.320124,-0.125946,-0.306386,-0.386917,0.283543,0.016611,0.063244,0.124074,-0.492234,0.291329,0.09784,-0.150504,-0.245648,0.418863,-0.574377,-0.300633,0.282264,0.046061,-0.31081,0.812124,0.226135,0.369985,0.293293,0.436193,-0.334569,0.084417,-0.101936,-0.008295,0.642293,-0.111763,0.539476,0.554886,0.15432,-0.301571,0.381685,0.605917,-0.209109,-0.20731,0.19782,#
12,0.569622,-0.057901,-0.105474,-0.231025,0.462621,-0.457273,0.136859,-0.29601,0.415662,0.111171,-0.015031,0.042053,1.0,0.010734,0.042912,0.145195,0.037443,0.061027,0.145164,-0.139926,-0.46239,0.124518,0.38198,-0.054542,-0.111747,-0.156215,-0.096708,0.00448,0.44814,-0.044475,-0.352716,-0.240218,-0.28295,0.125911,0.042273,0.242257,0.462442,-0.300166,0.012178,0.115283,0.11152,-0.203844,-0.04664,-0.190862,0.140453,0.072106,0.513637,0.111135,0.080329,0.28977,-0.094381,-0.302286,0.137314,0.081772,0.275748,-0.215493,-0.131442,0.42599,0.200512,-0.229944,0.315444,-0.162304,-0.093822,0.016587,0.136744,0.392134,0.118194,-0.272802,0.272228,-0.074917,0.115967,-0.41981,-0.12117,-0.380306,-0.078593,0.239205,-0.387063,-0.522413,-0.151522,-0.150918,-0.056051,-0.313389,-0.396765,-0.310558,-0.138596,-0.377726,-0.374208,-0.302154,-0.086131,-0.147851,-0.25399,-0.237123,-0.282831,0.093507,-0.148869,-0.560019,-0.302154,-0.145298,0.011076,-0.511922,0.33833,-0.238979,-0.409906,-0.323983,-0.294509,-0.080851,-0.15785,0.138602,-0.222406,0.250469,0.052196,-0.114702,-0.046284,-0.229619,-0.377764,-0.269147,-0.619375,-0.135442,0.268088,-0.339548,-0.09558,-0.5373,-0.146996,-0.131917,-0.120515,-0.155453,-0.500284,-0.120526,-0.340438,-0.242312,-0.122133,-0.072874,0.119719,0.064027,-0.314731,-0.32379,0.0,-0.150947,0.065484,-0.638478,-0.561826,-0.144182,-0.004942,0.231796,-0.466138,-0.053565,-0.405474,0.506919,-0.611093,-0.292753,-0.056323,-0.322042,-0.22781,-0.152636,-0.142067,-0.087587,0.218539,0.396933,-0.482016,-0.335166,-0.185096,-0.184505,-0.437791,-0.299776,0.19121,-0.026199,-0.421561,-0.083275,-0.361326,-0.242312,0.278044,0.357494,-0.086131,-0.418045,0.140986,-0.063199,0.001289,0.634439,0.247005,-0.473623,0.123523,0.243083,0.111698,0.017915,0.28871,0.197704,0.273646,-0.034829,-0.300241,0.23478,-0.30047,-0.033665,0.456636,0.628837,0.082602,0.126773,0.45875,-0.236938,-0.270464,0.054814,#
13,0.015595,-0.059702,-0.095492,-0.032515,0.274652,0.373616,-0.197721,0.241846,-0.264178,0.108499,-0.194577,-0.471644,0.010734,1.0,-0.127577,-0.027709,0.045295,0.239873,0.289481,-0.122738,0.201818,-0.083049,0.215544,-0.200373,-0.269511,-0.137929,0.081311,0.317592,-0.294227,-0.225104,0.300874,0.164427,0.024478,-0.246307,-0.169726,0.014804,0.137818,0.060343,0.038376,-0.55857,0.107899,0.099111,0.443802,0.394081,0.089234,-0.132035,0.27173,0.267949,0.013158,-0.274937,-0.080691,0.063015,0.135769,-0.300095,-0.327879,-0.112398,0.272537,0.274973,-0.096527,-0.218629,0.268998,0.220155,-0.133038,0.024764,0.039347,0.382281,0.1167,0.279001,0.151192,0.128129,0.075804,-0.257625,-0.11231,-0.037648,0.124483,0.145995,0.122497,-0.345762,0.037749,0.210543,0.128732,-0.111844,0.133616,0.031115,0.220118,0.106562,-0.034678,0.046347,0.12054,-0.128633,0.199084,-0.040615,0.036309,-0.042282,0.200405,-0.211775,-0.135136,0.208603,0.055988,-0.079249,0.348012,0.114771,0.129082,0.028028,-0.120264,-0.058461,-0.136652,-0.397227,0.276694,-0.248884,-0.011116,0.142917,0.30434,0.124105,-0.049088,0.300589,-0.113445,-0.133181,0.286559,-0.010959,0.092742,0.286618,-0.118867,0.066923,0.079058,0.04464,-0.304476,0.192878,-0.008129,0.109592,0.063124,0.11082,-0.015964,0.277668,0.240291,-0.309948,0.0,0.041779,0.177853,0.051026,-0.214515,-0.117224,0.208793,-0.230875,0.024922,0.151202,0.114073,0.110933,-0.114303,0.352678,-0.208759,0.063738,-0.036309,0.043481,0.196229,0.277119,0.194656,0.301963,-0.284131,0.024617,-0.083771,-0.171013,0.191912,0.207779,0.219124,0.134759,0.133759,-0.050874,-0.351653,0.286573,-0.053178,0.207522,-0.233316,-0.032568,-0.201205,0.152769,0.022931,-0.038209,0.021362,-0.24797,-0.239792,-0.328223,-0.212164,0.090118,-0.03732,-0.105301,0.336773,0.000403,0.006556,-0.106843,-0.132056,-0.195482,-0.043847,0.123581,0.288717,-0.0172,-0.038555,-0.025899,0.128719,0.038649,#
14,0.056114,0.133652,-0.277534,-0.202861,-0.0081,0.185483,0.138175,0.222152,0.247762,-0.547341,0.31181,0.044798,0.042912,-0.127577,1.0,0.17158,0.062937,-0.258618,-0.050541,-0.120835,-0.122053,0.445503,0.060185,0.124327,-0.124751,0.362262,-0.033876,0.166663,0.112548,-0.213283,-0.210092,0.433155,-0.000578,0.099234,-0.267559,-0.195012,0.1483,-0.059028,0.580452,0.280081,-0.368046,0.145738,0.116992,-0.246534,-0.205468,0.474022,0.219394,-0.308399,-0.095826,-0.06969,0.312132,0.016331,-0.091831,-0.024955,0.099775,0.420854,-0.141897,0.496257,-0.470899,0.330829,0.34775,-0.179279,-0.050176,0.557234,0.292504,0.238808,-0.354414,-0.049294,0.010279,-0.049934,0.135688,0.054236,0.146171,-0.064671,-0.359723,-0.185948,-0.060544,0.273506,-0.114236,-0.280513,-0.04488,-0.118134,-0.188777,0.02662,-0.27612,-0.041917,-0.053071,-0.292837,-0.059904,-0.277026,0.012132,-0.052134,0.368654,-0.05087,0.025802,-0.054531,-0.280628,-0.123664,-0.457746,-0.059555,0.097964,0.112646,-0.531655,-0.140319,0.039851,0.287874,-0.317838,0.083038,-0.04424,-0.194628,-0.438013,-0.354418,-0.176972,0.279524,-0.19647,-0.068754,-0.280628,-0.098413,-0.364174,-0.135051,-0.054232,-0.172142,-0.125108,-0.253514,0.188382,-0.132026,0.191329,-0.13123,-0.310927,-0.37474,0.259146,-0.379894,-0.207137,-0.548781,-0.105133,-0.141398,0.0,-0.141398,0.194133,0.042357,-0.053236,-0.205229,-0.365325,-0.086255,-0.270349,-0.214938,-0.218306,-0.063938,0.045963,-0.431753,0.166702,0.0533,-0.1997,-0.133099,-0.118625,-0.390516,-0.129683,0.10801,-0.290536,-0.314955,-0.171176,-0.180695,-0.108825,-0.440135,-0.106477,-0.014616,-0.076527,0.283676,-0.158932,-0.215105,-0.005664,0.02436,-0.259988,0.165187,0.020991,-0.195032,-0.145438,0.302423,-0.082516,-0.253611,0.113237,0.401976,0.278115,0.18706,0.135572,0.154807,0.127986,0.320318,0.319661,0.07716,-0.280513,0.444702,-0.025309,0.082583,-0.041726,-0.052309,0.139085,-0.348673,0.039385,0.013186,#
15,0.162194,-0.271363,-0.063024,-0.345706,0.067461,0.167233,0.413682,-0.342636,0.196981,-0.164617,0.362401,0.389827,0.145195,-0.027709,0.17158,1.0,0.2953,-0.402885,0.278258,-0.045504,-0.047947,0.191884,-0.176324,0.018884,-0.55819,-0.069748,-0.31639,-0.104579,0.21242,0.03625,-0.290442,0.024274,-0.303914,-0.143425,0.301735,-0.222726,-0.073963,0.355697,-0.190555,0.091857,-0.097426,-0.069781,-0.380729,-0.185003,0.218993,0.236094,0.027791,-0.081328,0.122859,0.026352,0.264567,0.0992,0.132389,0.082019,-0.221949,0.013948,-0.108977,0.220416,-0.094024,0.051626,0.129057,-0.225895,0.216667,0.281572,0.279601,-0.113301,-0.143213,-0.070681,0.186813,-0.059693,-0.030397,-0.049527,0.117446,-0.144079,-0.333317,0.221257,-0.306328,-0.134939,-0.239449,-0.254728,-0.250162,-0.07505,-0.331047,-0.184885,-0.096053,-0.085979,-0.303452,-0.379536,-0.15932,-0.066328,0.221757,-0.147478,0.267898,-0.475584,-0.241061,-0.163185,-0.069934,-0.56791,-0.249812,-0.111025,0.344953,0.033479,-0.336969,-0.075094,0.098154,0.036053,-0.498304,-0.08094,-0.167028,0.046378,-0.393932,-0.380587,-0.140305,0.026708,-0.149469,-0.170545,-0.07904,-0.058456,-0.432088,0.007185,-0.091032,-0.155008,0.076703,0.120815,-0.066248,-0.201246,-0.231045,0.337644,-0.307609,-0.166881,-0.079088,-0.159063,-0.179767,-0.1738,-0.090644,-0.233892,0.0,-0.3923,-0.263267,-0.077835,0.008093,-0.171156,-0.277657,-0.090035,-0.382195,0.340072,-0.331617,0.226147,-0.210787,-0.392309,0.010214,-0.092029,-0.328499,-0.230012,-0.556391,-0.328809,-0.030201,0.031716,-0.093248,-0.244058,-0.623965,-0.274787,0.111396,-0.247595,-0.005188,0.262382,0.080809,0.197384,0.114289,-0.276992,0.245599,0.233721,-0.278296,0.008567,0.236163,-0.358325,-0.074747,0.102403,-0.343853,-0.178844,0.415584,0.323982,0.408549,0.526827,0.26561,0.028576,0.356104,0.007442,0.51169,0.144925,-0.248082,0.369686,0.423018,0.251944,0.044395,0.206363,0.587223,0.159544,-0.216289,0.187524,#
16,0.037711,0.017139,0.043913,0.098482,0.084849,0.067072,-0.058863,-0.109418,0.00628,-0.354281,0.003101,0.117453,0.037443,0.045295,0.062937,0.2953,1.0,-0.49452,0.046773,-0.404302,-0.424368,-0.013791,-0.147267,0.132655,-0.246026,-0.256129,-0.176645,-0.056454,0.156229,-0.160561,-0.029492,0.385585,-0.023236,-0.19134,-0.059523,-0.491631,-0.226329,0.159296,-0.238111,0.010662,-0.19589,-0.042469,-0.101045,-0.007084,-0.023446,0.051826,0.036645,-0.236399,-0.0484,0.324251,0.238404,0.14803,0.076622,0.160523,0.183822,0.012812,-0.223936,0.184608,-0.156526,0.032703,0.042025,-0.228985,-0.11362,0.405954,-0.006553,-0.193949,0.087279,-0.237135,-0.023672,0.003993,-0.265133,0.194361,0.334133,-0.321029,-0.352418,0.265782,-0.317496,-0.020587,-0.124438,0.015027,-0.035474,-0.09848,0.090815,0.279113,-0.293594,-0.191257,0.141182,-0.275616,-0.156904,-0.257996,0.307544,-0.018424,0.090105,-0.354367,-0.091526,-0.138642,0.067418,-0.112079,-0.177567,-0.26242,0.338485,0.01719,-0.080155,-0.078926,-0.128606,-0.324188,0.200833,-0.363691,-0.189229,0.154301,-0.306909,-0.166341,-0.204694,0.176448,-0.198712,0.026601,0.206939,-0.130505,-0.173106,0.342039,-0.164819,0.110834,-0.272065,-0.098974,0.161293,-0.259776,-0.238957,0.253605,-0.203336,-0.01346,-0.141311,-0.189473,-0.10842,-0.220728,0.018497,-0.083605,0.0,-0.402035,-0.46039,0.023183,-0.023383,0.141808,-0.064107,0.20496,-0.278672,0.077575,-0.157218,-0.010894,-0.10661,-0.253612,0.272605,0.178101,-0.169922,-0.258153,-0.249626,-0.343391,-0.358167,0.113647,0.030577,-0.243659,-0.353741,-0.069872,-0.085344,-0.452823,0.050941,0.113952,0.022597,-0.003515,0.119483,0.164307,0.263046,0.136519,-0.143466,0.10388,-0.1661,-0.063566,-0.267005,-0.233087,-0.232125,0.15832,0.000486,-0.11789,0.78498,-0.022772,0.113392,-0.235852,0.075752,0.100287,0.317366,-0.245101,0.039836,0.129992,0.265271,0.396819,0.277148,-0.024352,0.252773,0.274126,-0.288277,0.302924,#
17,-0.000497,0.172274,0.222216,0.10332,-0.149672,-0.181952,-0.401586,0.059157,-0.091351,0.416276,-0.461954,-0.25113,0.061027,0.239873,-0.258618,-0.402885,-0.49452,1.0,-0.107106,0.332649,0.097438,-0.036577,0.457106,0.206895,0.516262,-0.148297,0.349403,0.104856,-0.247765,-0.037139,0.43858,-0.162529,0.207759,0.363111,-0.274194,0.223793,0.401476,-0.366744,0.167993,-0.305432,0.17521,0.178982,0.54412,0.087601,0.051447,-0.262538,0.379468,0.441078,-0.053048,-0.231423,-0.126455,-0.094961,-0.386232,-0.348521,-0.341031,-0.153625,0.070299,-0.07658,0.065294,-0.265967,-0.229886,0.122097,-0.003371,-0.280269,-0.166603,0.152723,0.233543,0.081658,0.006087,0.340481,0.076362,-0.134841,-0.585884,0.334759,0.441123,-0.289268,0.174311,-0.062182,0.11532,0.167417,0.16182,0.161744,0.127984,0.229722,0.464186,0.082681,-0.119928,0.19373,0.209105,0.033547,-0.062262,0.217539,-0.234107,0.550831,0.236144,0.080284,0.011026,0.494347,0.23684,0.036734,-0.200435,-0.115214,0.085141,0.42221,-0.024245,0.205442,0.068868,0.304481,0.434273,0.075341,0.460871,0.159048,0.387165,-0.073375,0.250475,0.220903,-0.110115,-0.1668,0.645189,-0.221575,-0.159105,-0.018368,0.157681,0.072454,-0.307677,0.245154,0.026083,-0.229387,0.114151,0.044804,0.161652,0.266727,0.455025,0.45147,0.164744,-0.108118,0.0,0.468882,0.511297,-0.108094,0.103617,-0.039521,0.331501,-0.202114,0.087327,0.002273,0.237558,0.028239,-0.223638,0.55168,-0.382947,-0.027268,0.346768,0.328965,0.405367,0.423296,0.38124,-0.142955,-0.108796,0.415911,0.36683,0.371231,-0.000351,0.714769,0.160105,-0.151322,0.031704,-0.165351,-0.515991,0.089675,-0.198065,0.117988,0.209105,-0.195757,-0.340823,0.515615,0.460297,0.010898,0.246865,-0.148642,-0.261866,-0.191062,-0.682626,-0.276138,-0.247855,-0.032073,-0.144353,0.157056,-0.546252,0.147292,-0.068887,-0.403862,-0.130522,-0.242814,-0.072855,-0.340107,-0.309259,0.048128,0.415043,-0.443649,#
18,0.143864,-0.075351,-0.015237,0.124995,0.134187,0.015495,0.052626,-0.013506,0.099623,-0.222029,0.064125,-0.293216,0.145164,0.289481,-0.050541,0.278258,0.046773,-0.107106,1.0,-0.094844,0.019216,0.17295,-0.099765,-0.126904,-0.672139,-0.309052,-0.278987,0.481607,-0.001709,-0.56848,-0.179258,0.323662,-0.052848,-0.081115,0.079033,-0.064417,0.330106,0.637508,-0.109679,-0.061929,0.445927,-0.367702,-0.095236,-0.019921,-0.182203,-0.072472,0.143362,-0.301065,0.153916,-0.000532,-0.128251,0.400124,0.329504,0.047449,-0.246704,-0.447814,0.008935,0.173453,0.081038,-0.256861,0.073994,-0.278482,0.201098,-0.088934,0.017698,0.119047,0.279799,-0.144328,0.147946,-0.02187,-0.140656,0.040758,0.010752,0.083519,0.031651,-0.157601,0.215947,-0.177162,0.239401,0.085786,0.025117,0.11163,-0.197138,-0.178501,0.099567,0.070486,0.001521,0.131361,-0.062689,0.331312,0.292333,0.071075,0.111255,0.071881,0.126309,-0.108609,-0.02403,0.073474,0.10457,-0.207725,0.060567,0.103782,-0.031138,0.208995,0.091444,-0.001703,-0.397125,-0.055061,0.183265,0.097088,0.060556,0.005127,0.030971,0.070765,0.048607,-0.045942,0.116863,0.225794,0.059257,-0.098012,0.11338,-0.173787,0.454445,0.332198,-0.035836,0.290659,-0.170971,0.275562,0.205854,0.234967,0.026918,0.442567,-0.016205,-0.266888,0.407175,-0.021268,0.0,-1.5e-05,-0.295526,0.057786,-0.066411,0.044309,-0.117361,-0.087586,0.092091,0.477202,0.076608,0.224494,-0.22236,0.139835,0.097403,0.221583,0.057551,-0.163386,-0.035889,-0.057458,0.064865,0.107435,0.050915,-0.302274,-0.094656,0.054878,-0.002117,-0.041111,0.601182,0.025844,0.164848,-0.299516,-0.119974,0.406845,-0.300981,0.46501,0.152437,-0.034923,-0.279129,-0.036015,0.054846,0.028067,-0.255631,-0.025371,-0.082748,0.143862,0.021627,-0.051629,0.069686,0.072346,0.285432,-0.237762,0.057409,-0.311725,0.079004,-0.122956,0.199835,0.02847,0.016029,0.07249,0.062875,0.009664,-0.141421,0.026228,#
19,-0.32237,-0.315519,-0.137265,0.180708,-0.329002,0.025978,-0.19049,0.008544,-0.279845,0.038124,0.075845,-0.366724,-0.139926,-0.122738,-0.120835,-0.045504,-0.404302,0.332649,-0.094844,1.0,-0.010845,0.285988,-0.07542,0.086532,0.136229,0.299067,0.31135,-0.009286,-0.23364,0.002487,0.506883,-0.268081,0.376247,0.274207,0.323437,-0.120543,0.012215,0.161838,-0.063102,0.035525,-0.058962,0.240428,-0.106915,-0.156379,0.023104,-0.099589,-0.088959,-0.019426,0.095563,-0.212042,0.085508,0.165093,-0.299654,-0.137162,-0.211584,0.093071,-0.0608,-0.049148,0.092867,-0.347457,-0.04518,-0.147015,0.29084,-0.297959,-0.083424,-0.17697,0.191259,0.172636,-0.121603,0.255784,-0.255931,0.076534,-0.027927,0.257546,0.614805,-0.2912,0.279979,0.124599,0.200826,0.383707,0.100355,0.53022,0.202941,-0.221669,0.449686,0.288305,-0.058591,0.341851,0.227786,0.215113,0.127184,0.116483,-0.183665,0.279765,0.495776,0.221016,0.332075,0.378528,0.268934,0.038441,-0.339264,-0.097434,0.207717,0.293748,0.378324,0.393824,-0.006164,0.544479,0.121459,0.011762,0.447205,-0.300341,0.192889,-0.097434,0.283696,0.418389,0.354162,0.079258,0.15741,-0.03959,0.202841,0.176269,0.369048,0.167714,-0.248386,0.516504,0.287658,0.039964,0.154037,0.052298,0.147106,0.248591,0.256666,0.071274,0.12654,0.129496,0.0,0.48251,0.097128,0.427655,0.385304,-0.158983,0.322035,0.082318,0.209804,0.16009,0.397304,-0.292058,0.384125,0.357734,0.247957,-0.045202,0.421401,0.532999,0.38695,0.564752,0.161166,-0.670431,0.423429,0.497109,0.054163,0.310667,-0.128731,0.578495,0.083204,-0.134307,0.236428,0.242707,-0.114415,0.093204,-0.170484,-0.37727,0.404581,0.081777,-0.243329,0.557897,0.506816,-0.141823,0.208402,0.440444,-0.382171,0.158847,-0.541608,-0.178822,-0.189019,0.306491,-0.260884,0.261336,-0.06472,0.004896,0.043143,-0.326376,-0.309235,-0.344497,0.013167,-0.177862,-0.303023,0.157415,0.039455,-0.061707,#
20,-0.334085,-0.149536,-0.132813,0.045855,-0.176187,0.502257,-0.034929,0.163946,-0.273571,0.229323,-0.058705,-0.048755,-0.46239,0.201818,-0.122053,-0.047947,-0.424368,0.097438,0.019216,-0.010845,1.0,-0.209681,-0.246434,-0.205972,0.1389,0.161675,0.115757,0.02816,-0.190822,0.193673,0.132395,-0.06785,0.053071,-0.116296,-0.180503,0.065378,-0.171169,0.031725,0.138204,-0.099509,0.080376,-0.202377,0.214531,0.395646,0.087525,0.154852,-0.458744,-0.000984,0.099338,-0.390386,-0.229164,-0.024046,0.166372,-0.175017,-0.227505,0.204745,0.401093,-0.384514,0.099277,0.234428,-0.074753,0.21686,0.127971,-0.061168,-0.273063,-0.029736,-0.301254,0.391436,-0.172303,-0.012378,0.21719,0.019155,-0.051189,0.430339,0.304918,-0.109252,0.429626,0.311352,0.077011,0.078066,0.098999,0.088642,0.203209,-0.204941,0.270379,0.127302,0.124881,0.203697,0.227089,0.358175,0.141039,0.279531,0.178001,-0.058323,0.047408,0.246482,0.028984,0.077011,0.111304,0.452046,-0.366657,0.236985,0.372997,0.156513,0.079983,0.038663,-0.022548,-0.221983,0.462474,-0.422648,0.035912,0.181992,-0.032652,-0.09381,0.300758,0.049042,0.219376,0.26744,-0.230611,0.11044,0.253563,0.313004,0.259148,0.394027,-0.168896,0.060085,0.33049,0.143403,0.102372,0.254905,0.133409,0.071163,-0.105382,0.100613,0.157278,0.335017,0.0,0.170374,0.223363,0.120979,0.094736,-0.150497,-0.08915,-0.207843,0.392618,0.127711,0.41427,-0.122101,0.228191,0.183742,-0.099995,0.152694,0.278893,0.158647,0.181647,0.079179,0.167017,-0.176964,-0.049949,0.140307,-0.058158,-0.077945,0.339404,0.229576,-0.253938,-0.019977,0.05914,-0.030003,0.313844,0.072149,-0.163961,-0.303546,-0.139156,0.253276,0.25065,0.04548,0.144437,-0.185836,-0.194376,-0.120923,0.089578,-0.360763,-0.218206,0.352785,-0.036377,-0.33212,0.051784,-0.363141,0.102816,-0.019086,0.231685,-0.014645,-0.333949,-0.549443,0.137522,-0.083092,-0.327568,0.019332,0.293224,0.106042,#
