0,1.0,-0.176842,0.063474,0.00572,-0.041164,0.272237,-0.04036,0.042503,-0.502223,-0.010452,0.142805,-0.045122,0.235487,0.236694,0.029971,0.207025,-0.067085,-0.353822,0.257404,-0.162397,0.48807,0.209118,-0.016937,-0.202622,-0.097237,-0.395196,0.052353,-0.289312,0.419666,0.063888,0.385787,0.205858,0.186544,-0.081226,-0.043876,0.032943,0.29838,-0.188757,-0.241751,-0.283816,0.225226,0.50761,0.164613,0.16303,-0.324082,-0.096107,-0.110462,-0.00334,-0.22337,-0.213446,-0.155466,-0.062524,0.320964,0.061985,0.43774,0.000302,-0.280878,0.008074,-0.070764,0.258335,0.505786,0.274415,-0.042351,0.051373,0.007941,-0.09848,-0.231975,0.472889,-0.316323,-0.269512,-0.090203,0.063417,-0.407593,-0.075158,-0.440607,0.277057,-0.16737,0.069511,-0.4843,-0.040786,0.077308,-0.423386,0.033561,0.009162,-0.249816,-0.151336,-0.192613,-0.093072,-0.152153,-0.263943,-0.348982,-0.459966,0.043398,-0.242094,-0.05881,-0.347499,-0.414685,-0.005776,-0.182429,0.239585,0.145318,-0.070705,-0.185986,-0.241053,0.116186,-0.208216,-0.00488,0.065671,-0.260889,0.089587,0.110694,0.154508,-0.435743,-0.010298,0.132653,0.091815,-0.488668,-0.324608,-0.314781,0.011924,-0.412397,0.070138,0.032837,-0.350931,-0.053303,-0.185119,-0.321087,0.085265,-0.345919,0.285904,0.183433,-0.370985,-0.020948,0.033462,-0.401987,-0.070705,-0.205012,0.017196,0.4754,-0.30431,-0.34672,0.108887,0.033561,0.218607,-0.156573,-0.027645,-0.134356,0.026832,-0.386223,-0.311739,-0.059348,-0.255781,-0.186401,-0.332127,0.240837,-0.073272,0.032855,0.020836,-0.281475,-0.257567,0.295174,-0.343541,-0.122859,-0.158594,-0.159284,-0.289395,-0.343811,-0.064643,-0.031464,-0.348078,0.135578,0.160131,-0.457126,0.12466,-0.212212,-0.099598,-0.057357,0.013755,-0.040029,0.203714,0.025445,-0.185415,0.085176,0.510324,0.305604,0.141532,0.247645,-0.024821,0.051981,0.213782,-0.033574,0.005824,0.301137,-0.192742,-0.154262,0.140674,-0.037975,-0.178552,-0.181056,0.158374,#
1,-0.176842,1.0,0.423186,-0.118833,-0.17755,-0.084518,0.072415,0.130596,0.13253,0.456555,-0.357887,0.133063,0.123943,0.316215,0.249059,0.158772,-0.435126,0.41604,-0.150013,0.23398,0.020681,0.070242,0.382139,0.066028,0.188754,-0.241328,0.027534,0.136809,-0.401424,0.317091,-0.103302,0.122828,0.272549,-0.025215,-0.406353,0.376159,0.215918,-0.030837,-0.011821,0.244888,0.035703,0.239634,-0.233471,-0.116546,0.408395,-0.462971,0.177648,-0.047797,0.123729,0.272478,0.123865,-0.179504,0.085046,-0.182356,-0.280689,-0.241216,-0.284497,-0.49969,-0.261978,-0.266722,-0.061005,0.185966,-0.31585,-0.232539,0.283351,-0.063774,0.035593,-0.01083,0.010037,0.083031,0.248185,-0.069066,0.210496,-0.123644,-0.006049,-0.214837,-0.311097,-0.424595,0.082747,0.128123,0.137904,-0.214284,-0.063941,0.178873,-0.119973,-0.295626,-0.335297,-0.266267,0.064975,-0.005538,0.064966,-0.129846,-0.270872,0.148897,-0.167795,0.095435,0.189657,0.332811,0.373144,-0.11897,-0.136007,0.100322,-0.230731,-0.102608,-0.149406,-0.047736,-0.429607,0.162107,-0.251238,-0.192495,0.330328,0.353959,-0.171552,0.11486,-0.009543,-0.238649,-0.0048,-0.281428,0.439698,-0.364589,-0.209208,-0.343346,-0.499222,0.027428,-0.362771,-0.230812,0.265151,0.442175,-0.193697,0.0762,0.255567,0.252397,-0.231061,-0.320883,-0.074089,-0.370678,0.192188,0.144678,-0.113024,-0.019728,0.149195,-0.199263,-0.285275,-0.381102,0.012802,0.230763,-0.098377,0.121634,0.112402,0.085205,-0.469172,-0.334357,0.131899,0.036136,0.016792,-0.006876,0.236849,0.18233,-0.043985,0.016935,0.13807,-0.061247,0.242955,0.558783,0.089523,0.077188,-0.047193,-0.128988,-0.251238,-0.178646,-0.320216,-0.209176,-0.123081,-0.163865,-0.234102,-0.019205,-0.103041,0.333429,0.249139,-0.602671,0.348148,-0.024828,-0.719166,-0.33572,0.042019,0.026257,0.346395,0.051456,-0.389934,0.365537,0.187224,-0.1637,0.052667,0.645055,-0.231899,-0.145422,-0.165031,0.11542,0.804154,-0.205247,#
2,0.063474,0.423186,1.0,0.250437,0.016509,-0.202704,0.145679,-0.006508,0.269003,0.120602,-0.185772,-0.051556,-0.204691,-0.017626,-0.103017,-0.13128,-0.439088,0.381005,-0.254895,0.130069,0.124722,0.228439,0.029396,-0.033814,0.514689,-0.090216,0.456754,0.139329,-0.096737,-0.00822,-0.021002,-0.008384,-0.117516,-0.171555,-0.100833,0.13484,0.075114,-0.125981,0.285701,-0.162724,0.320325,-0.051488,-0.05836,-0.089607,0.156854,-0.246441,-0.222336,0.468115,-0.020576,-0.030882,-0.142219,-0.238053,0.352884,-0.000733,-0.287042,-0.095792,-0.132558,-0.448294,-0.328834,0.194982,-0.130974,-0.049186,-0.128743,-0.280638,0.034564,-0.115743,0.192763,0.14723,0.130921,0.39262,0.169021,0.111193,0.25869,0.202749,0.139443,-0.152149,-0.112943,-0.470015,0.016189,0.083735,0.127928,-0.036032,0.020946,0.168874,-0.14276,0.074331,0.011112,-0.145005,0.210922,-0.070562,0.135968,0.066978,0.246115,0.132387,0.133619,0.228362,0.395799,0.473367,0.236429,0.219037,-0.038818,0.38701,0.015304,-0.002548,-0.059961,0.286295,0.114545,0.26368,-0.633881,-0.137768,0.507829,0.038337,0.101762,0.035974,0.405531,0.082355,-0.194203,-0.061643,0.269721,0.04603,0.099994,0.018145,-0.05857,0.132253,0.068742,-0.094658,0.040508,0.037203,-0.204039,0.347269,0.588152,-0.000477,0.174892,0.04443,0.132629,0.152942,-0.266243,0.247814,0.330709,0.141465,0.035837,-0.157115,0.020946,-0.1875,-0.140327,-0.104195,-0.312725,0.063056,0.289717,0.210969,-0.146206,-0.117677,0.236909,-0.034822,0.061582,0.133667,0.121975,0.199272,0.068912,0.318518,0.330888,0.035445,0.08036,0.412676,0.007828,-0.315819,0.017628,0.040316,-0.184702,0.131652,-0.161808,-0.304437,-0.031775,0.124114,-0.358891,0.416673,0.070703,0.147391,0.074792,-0.220237,0.114281,-0.092892,-0.382992,-0.134331,-0.265982,0.4036,0.122443,0.141855,-0.102648,-0.021468,0.107685,-0.351135,-0.083909,0.47324,-0.47923,0.191395,-0.281342,-0.023287,0.441798,-0.203683,#
3,0.00572,-0.118833,0.250437,1.0,0.080676,-0.144671,-0.193902,-0.324085,-0.016762,-0.293453,0.095287,-0.029395,-0.327529,-0.23616,-0.316669,-0.338636,0.115724,-0.057657,-0.215691,0.155968,-0.018841,0.224609,-0.187725,0.295501,0.258204,0.43584,0.465561,0.14135,0.082468,-0.462309,0.155521,0.337705,0.079398,-0.053789,0.222399,-0.080029,-0.216087,-0.04961,-0.073777,-0.053862,0.005632,-0.135197,-0.103637,0.141066,0.001512,0.338108,-0.083057,0.096584,-0.098112,-0.153903,-0.310329,0.162257,0.055494,-0.087155,-0.316106,0.029353,0.371682,0.160334,0.387155,0.282803,-0.19722,-0.182324,0.075939,-0.369513,0.116258,-0.263525,0.20431,0.033373,0.095173,-0.146168,-0.20008,0.155624,0.118536,0.25243,-0.1123,-0.151821,0.016583,0.096772,-0.134129,-0.157222,0.11174,0.552199,0.186878,-0.06616,0.234846,0.182088,0.438947,-0.052411,0.096449,-0.404244,0.253291,0.208244,0.36442,-0.205051,0.37423,0.350585,0.383725,0.354039,-0.30593,0.226235,-0.036033,0.307501,0.673653,-0.062607,0.565243,0.158978,0.159526,0.078483,-0.040466,-0.000817,-0.090308,-0.359572,0.088161,0.201176,0.271276,0.101349,-0.259513,0.035483,-0.24019,0.512475,0.088638,0.272868,0.522988,0.073987,0.217368,0.306199,0.082376,-0.282543,0.436439,0.461232,0.0297,0.048423,0.198574,0.019001,0.263765,0.284587,0.105814,0.036699,0.067384,0.529779,0.031877,-0.049163,0.186878,0.096229,0.274171,0.051784,0.132541,-0.191108,0.278666,0.159538,0.230818,0.370348,0.158275,0.515074,0.121465,0.322608,-0.034087,-0.299127,0.19387,0.177509,-0.163342,0.379303,-0.244444,0.178448,-0.315131,-0.246853,0.382672,0.147987,0.155061,0.324716,-0.22086,-0.142837,0.324764,0.357533,-0.343448,0.421552,0.310684,-0.111621,-0.460002,0.362302,-0.320528,-0.110171,0.06805,-0.003286,-0.188157,0.281154,-0.019952,0.184688,0.432558,-0.228396,0.342485,-0.132094,-0.208038,-0.152598,-0.424815,0.117238,-0.198127,0.24789,0.116574,-0.546404,#
4,-0.041164,-0.17755,0.016509,0.080676,1.0,-0.152326,-0.235614,0.223176,-0.140069,-0.377945,0.206673,-0.44208,0.044148,-0.136413,-0.211482,-0.286934,-0.017709,-0.14634,0.190266,-0.26877,-0.424096,-0.179583,0.101626,0.164474,0.127653,0.100341,-0.277604,0.076255,-0.154274,-0.017363,-0.077876,-0.30598,-0.194852,0.016663,0.004489,-0.050333,-0.069234,-0.162064,0.137767,0.419358,0.070315,-0.351352,-0.084462,0.253126,-0.148567,0.269082,-0.176981,0.129932,0.073439,-0.22206,0.1969,0.157002,-0.01754,-0.103675,0.132886,0.038796,0.108296,0.454844,0.14575,-0.22206,-0.209815,-0.147092,-0.11613,0.010395,-0.084188,0.329871,0.455292,-0.269861,0.223041,0.019399,0.051108,-0.072044,-0.157653,0.305219,0.287124,0.233281,-0.040379,-0.184528,-0.17283,-0.233915,-0.122494,0.122653,0.096051,0.129369,-0.035684,-0.049728,0.203175,0.34455,-0.016788,-0.023166,0.073388,-0.048446,0.240826,-0.294777,-0.223852,0.067333,0.330899,-0.041933,0.176747,0.115058,0.095483,-0.03685,0.432165,-0.199175,-0.059946,0.192919,0.199514,-0.185125,-0.00508,-0.077879,0.026341,0.074474,0.526626,0.080868,-0.099961,0.118453,0.014381,0.291761,-0.149941,0.279611,-0.192581,0.006662,0.415496,0.089905,0.408293,0.265941,0.141141,-0.084956,0.103943,0.172109,-0.037791,-0.112326,0.130184,-0.352629,-0.125168,0.168531,-0.148295,0.059068,-0.067306,0.280509,-0.100417,-0.28424,0.089034,0.2435,0.067972,-0.264377,-0.381206,0.00234,0.213272,-0.19405,-0.029722,0.085939,-0.408436,-0.097107,-0.135964,-0.211349,-0.205337,-0.189589,0.130886,0.195303,-0.134438,0.041113,-0.450576,0.051896,0.410255,-0.352372,-0.098708,-0.208966,0.003387,0.042306,-0.094489,-0.210552,-0.019079,0.111308,0.279601,0.192292,0.381098,0.277097,-0.063021,0.125154,-0.24009,0.118692,0.158722,0.272993,0.096972,-0.162361,-0.15433,-0.42088,0.208526,-0.112551,0.016209,-0.080284,0.288682,-0.092513,-0.048032,0.19997,0.106589,0.240681,-0.318305,-0.113253,#
5,0.272237,-0.084518,-0.202704,-0.144671,-0.152326,1.0,0.277334,0.34551,-0.076147,0.253204,0.046193,0.115209,0.355088,0.29658,0.244498,0.35102,0.394501,0.202411,0.086403,0.245987,0.217856,0.396452,0.361664,0.138961,-0.230593,-0.201405,0.001936,-0.171287,0.220738,-0.115781,0.13583,0.165817,0.254418,-0.006471,-0.273487,-0.210316,0.288768,0.022836,-0.242081,-0.236649,-0.126973,0.346539,0.367371,0.11355,-0.126007,-0.402803,0.062094,0.07647,0.162796,0.003984,-0.106203,-0.065578,0.170153,0.077772,0.366342,0.518352,-0.318309,-0.297451,0.100038,-0.254946,0.274949,-0.060457,-0.255294,0.421442,-0.112438,0.355271,-0.124565,0.493231,-0.136364,-0.016104,-0.060899,0.32317,-0.402891,-0.129302,-0.376206,0.344416,-0.148716,-0.032921,0.068046,0.124678,0.283414,-0.220211,-0.066072,-0.232557,-0.107684,-0.134601,0.008052,-0.07858,0.062331,-0.432351,-0.196635,-0.330966,-0.279428,0.293318,0.025345,-0.267791,-0.335027,-0.418912,-0.24519,-0.139679,-0.142166,0.07691,-0.252906,-0.116909,0.035696,-0.252352,-0.263098,-0.237653,-0.005528,-0.217469,-0.089515,-0.070393,-0.397684,-0.291737,0.052882,-0.251884,-0.49575,-0.121628,0.179512,-0.370941,-0.214806,-0.532066,-0.136176,-0.885884,-0.210712,-0.007328,-0.328585,-0.11531,-0.139722,-0.137015,-0.14474,0.022179,-0.249793,0.074571,-0.282228,-0.153701,0.190481,-0.513372,-0.05397,-0.41488,-0.278797,-0.0282,-0.286979,0.001779,-0.196651,-0.086155,0.199029,0.112942,-0.085122,-0.175649,-0.001194,-0.0753,-0.070864,0.033355,0.188615,-0.423833,0.012047,0.42485,-0.310473,-0.008584,0.191599,-0.279428,-0.323677,0.062928,0.053406,0.260222,0.153621,-0.192221,0.004344,0.01136,0.140845,-0.19629,-0.372013,0.030891,0.147502,-0.433192,-0.090304,-0.223402,0.237846,-0.249949,0.1522,-0.054086,-0.104093,0.038068,0.257148,-0.004699,0.037773,0.247198,-0.182689,-0.19079,0.129768,-0.041413,0.27138,-0.32676,-0.081655,0.071841,0.039639,-0.113718,-0.230726,0.11353,#
6,-0.04036,0.072415,0.145679,-0.193902,-0.235614,0.277334,1.0,0.480851,0.366261,0.518793,-0.04655,0.199199,0.48997,0.033246,-0.034833,0.001824,0.050131,0.110227,0.04762,-0.069509,-0.093032,0.303537,-0.092882,-0.052084,0.030517,-0.132761,0.336767,0.247201,0.349332,0.130394,-0.335732,0.02649,0.14121,-0.22372,0.03583,0.053382,-0.168915,0.184313,-0.163537,-0.433157,0.083785,-0.031089,0.538035,-0.377499,-0.251368,-0.429394,-0.236582,-0.242693,0.133725,0.464678,-0.143732,-0.098192,0.14452,-0.003954,0.261977,0.236492,-0.131072,-0.534658,-0.215197,0.21877,0.194238,0.23867,-0.002606,0.234812,0.012715,0.151376,0.148082,0.153278,0.16915,0.099673,0.372016,-0.026688,-0.351453,-0.232798,0.077739,0.220886,0.15445,0.049756,0.171615,0.015413,-0.171081,-0.119675,-0.203477,-0.315144,-0.025056,0.353316,-0.057133,-0.100856,0.310216,-0.131637,-0.143795,-0.210573,-0.211813,0.033272,0.365332,-0.20994,0.20293,-0.130005,0.028801,-0.584218,0.017736,0.121243,-0.297523,0.150334,-0.41928,0.032141,-0.329865,-0.369088,0.041628,-0.110394,-0.336243,-0.013273,-0.234278,-0.427188,-0.18883,-0.3611,0.031331,0.177273,-0.072538,-0.068382,0.246003,-0.247079,-0.015131,-0.376025,-0.28519,-0.276542,0.128114,0.216533,-0.211323,-0.081909,-0.197821,-0.281202,-0.481226,0.329763,0.212173,0.121243,0.212626,-0.411269,-0.259375,-0.126935,0.192806,-0.200435,-0.211247,-0.091317,-0.062016,-0.105377,-0.063007,0.081353,0.034601,-0.118742,-0.058669,-0.136951,0.194758,-0.086142,-0.068658,-0.369498,-0.046727,0.264066,-0.089344,0.029337,-0.288786,-0.200582,-0.002062,0.144032,0.312706,0.124742,0.199417,0.348388,-0.192764,0.461138,0.307969,-0.002588,-0.090117,0.189648,0.433291,-0.080774,0.357751,0.029874,0.308371,-0.487783,0.411355,0.584429,0.118759,-0.406262,-0.046685,-0.085565,-0.133848,0.38003,-0.234426,0.263876,-0.215477,-0.162758,0.167609,-0.043028,-0.007032,0.116146,-0.232093,0.044131,-0.094397,0.212333,#
7,0.042503,0.130596,-0.006508,-0.324085,0.223176,0.34551,0.480851,1.0,0.111253,0.255982,0.042348,-0.064254,0.788204,0.499253,0.048716,0.153659,-0.026782,0.205472,0.329309,0.049668,0.030785,0.183945,0.173398,0.136693,-0.032332,-0.203481,-0.220459,-0.034473,0.027028,0.311835,-0.084465,-0.158569,0.26561,-0.008032,-0.27915,0.195844,0.133205,-0.124108,-0.032127,-0.237773,0.041617,0.044851,0.368751,0.12504,-0.334091,-0.53232,-0.174177,-0.215207,0.187085,0.015215,-0.095648,0.227507,0.333077,0.0795,0.346094,0.282832,-0.306836,-0.286576,-0.170815,0.015215,0.257438,0.226891,-0.259143,0.378319,-0.327405,0.437899,0.08002,0.164388,0.097478,0.17512,0.357064,0.082208,-0.644794,-0.321167,0.002101,0.310687,0.056647,-0.02368,0.270346,-0.251538,0.087523,-0.2159,-0.27235,-0.049997,-0.286865,0.069062,0.015077,0.167157,0.059269,-0.214224,-0.198066,-0.316157,-0.481798,0.109911,-0.178214,-0.105094,0.078898,-0.226704,0.3428,-0.523721,0.07938,0.074737,-0.054345,-0.317785,-0.179438,0.123853,-0.258376,-0.230643,0.002759,-0.400036,-0.082469,0.348098,-0.18801,-0.29343,0.055769,-0.245814,-0.007925,-0.114625,0.185638,-0.366541,-0.194039,-0.683027,-0.132483,-0.442004,-0.218145,-0.254828,0.058163,0.213963,-0.193296,0.080796,-0.137528,0.019435,-0.246292,0.056095,-0.264199,0.074737,0.188784,-0.29901,-0.21264,-0.223521,0.144123,0.083768,-0.280516,-0.082778,0.00717,-0.087102,-0.341678,0.113816,-0.078422,-0.400646,-0.390884,-0.071522,-0.247776,-0.160892,-0.220265,-0.452534,0.066488,0.167067,-0.065953,-0.010144,-0.014265,-0.068693,-0.042866,0.070589,0.359199,0.05952,0.151078,-0.082156,-0.243575,0.414315,-0.101095,-0.21697,-0.147421,0.037234,0.334869,-0.221389,0.292978,-0.041514,0.410693,-0.429489,0.340223,0.527277,0.053657,-0.139534,0.245743,-0.000812,0.160713,-0.159679,-0.193314,0.384472,-0.205097,-0.239011,0.472764,-0.152106,-0.290362,-0.334262,0.244043,-0.107261,-0.024721,-0.046978,#
8,-0.502223,0.13253,0.269003,-0.016762,-0.140069,-0.076147,0.366261,0.111253,1.0,0.306468,-0.280958,0.025484,-0.067906,0.070722,0.297202,-0.007566,-0.257382,0.52268,-0.083554,0.01596,-0.320478,0.284478,-0.028603,0.267531,0.064425,0.444093,0.337891,0.454344,0.102549,0.107915,-0.160844,-0.228935,-0.052881,-0.162891,0.275378,-0.077921,-0.217977,-0.100273,0.417037,-0.386276,0.201535,-0.275061,0.096209,-0.146765,0.194527,-0.161094,-0.246634,0.160529,0.363294,0.17354,0.110009,-0.152906,-0.124393,-0.065592,-0.163343,0.339181,0.255782,-0.517161,-0.228098,0.17354,-0.055521,-0.089621,0.031533,0.078783,0.135944,0.218498,0.240384,-0.076434,0.078743,0.461396,0.139261,0.126423,0.193549,0.068255,0.283153,-0.231082,0.150864,-0.063352,0.308487,0.030405,0.077679,0.117097,-0.185188,-0.043934,0.259223,0.487452,0.229686,0.035395,0.077101,0.102574,0.358292,0.441046,-0.018678,0.415085,0.3745,0.157593,0.47683,-0.035559,0.097842,-0.237765,0.195377,0.457433,-0.002516,0.466121,-0.345293,0.032682,0.039566,0.00612,0.055825,-0.10645,-0.003948,-0.189196,0.252986,-0.367027,0.059581,0.07091,0.266563,0.147694,0.441251,-0.09069,0.438122,-0.099407,0.1325,0.150914,-0.094952,-0.046325,0.245579,-0.038404,-0.16797,-0.124732,0.144489,0.179213,-0.1713,0.089981,0.236005,0.250999,0.165817,0.007195,-0.28114,-0.036609,0.371975,-0.198672,-0.001818,-0.179392,-0.244489,-0.298807,0.150976,-0.036802,0.245101,0.086832,0.165376,0.021646,0.368242,0.014979,-0.081372,-0.082638,0.364869,0.191235,0.073507,0.274347,-0.025457,0.355351,0.305529,0.062996,0.07424,0.10363,0.177621,0.196061,-0.165432,0.512014,0.026577,-0.085334,0.265229,0.380387,0.151333,0.261597,0.018449,-0.070889,0.286674,-0.360298,0.422822,0.287671,-0.259309,-0.521827,-0.19558,0.017293,-0.140353,0.202042,-0.405845,-0.110421,-0.309594,-0.361882,-0.191192,0.271947,-0.055794,0.016731,0.002913,0.116492,0.093849,0.21277,#
9,-0.010452,0.456555,0.120602,-0.293453,-0.377945,0.253204,0.518793,0.255982,0.306468,1.0,-0.525338,0.287641,0.434431,0.598615,0.497204,0.387992,-0.092861,0.453537,0.148595,0.009071,-0.183279,0.296172,0.3366,0.134501,0.092498,-0.239925,0.292855,0.178058,0.097476,0.498526,-0.132298,0.274096,0.408604,-0.069421,-0.390275,0.449795,-0.060798,-0.113212,-0.086993,-0.268153,0.013632,0.236865,0.141256,-0.098329,0.193524,-0.503031,0.086604,0.045256,0.046425,0.509197,0.067188,-0.221864,0.095056,-0.245578,0.121456,-0.162004,-0.043231,-0.630361,-0.275409,0.062278,0.467414,0.337333,-0.305645,0.02398,-0.001612,0.126288,-0.29757,0.494052,-0.242218,0.145139,0.108405,0.226713,-0.200386,-0.452173,-0.10621,0.137961,0.023209,-0.261456,-0.124664,-0.047353,0.104888,-0.594609,-0.518807,0.043332,-0.273415,0.037956,-0.355873,-0.07591,0.210155,-0.262029,-0.153122,-0.149051,-0.352313,0.440212,0.131077,-0.210355,-0.221948,-0.122602,-0.087033,-0.443496,-0.013967,-0.056695,-0.332062,0.120142,-0.203252,-0.183435,-0.50081,-0.098745,-0.270589,-0.417525,-0.044158,0.374273,-0.268295,-0.349204,-0.216213,-0.449505,-0.298477,-0.147939,0.426858,-0.542849,0.07972,-0.320249,-0.1475,-0.387607,-0.498325,-0.390475,0.030802,0.242,-0.294421,-0.270992,-0.135151,0.166085,-0.494344,-0.167453,-0.237592,-0.462391,0.3143,-0.328947,0.056927,-0.444515,0.039008,-0.105599,-0.518807,-0.32421,-0.279677,0.092525,0.06298,0.242852,-0.392762,-0.284827,-0.424527,-0.592015,0.140554,-0.337366,-0.105391,-0.419392,0.107378,0.48322,-0.440131,-0.034182,0.016653,-0.328369,0.140241,0.293078,0.382371,0.548387,-0.325083,0.190953,-0.492104,-0.002114,-0.074201,-0.097979,-0.437502,-0.030964,0.324249,-0.281138,-0.21646,0.34359,0.679345,-0.77536,0.380185,0.043431,-0.463787,-0.322588,0.316757,-0.204094,0.240496,0.143892,-0.598588,0.109881,0.018336,-0.066605,0.32475,0.531327,-0.146999,0.056348,-0.215111,-0.141503,0.416732,0.167027,#
10,0.142805,-0.357887,-0.185772,0.095287,0.206673,0.046193,-0.04655,0.042348,-0.280958,-0.525338,1.0,-0.418926,0.052746,-0.445711,-0.195939,-0.107852,-0.006732,-0.451842,0.061216,-0.111201,0.066771,-0.183775,-0.178398,-0.014863,-0.204598,-0.057945,-0.275304,-0.028299,0.19015,-0.386949,0.274957,-0.108579,-0.528979,-0.214325,0.296151,-0.388873,0.187918,0.398266,-0.039891,0.195409,-0.085756,-0.221204,0.151103,-0.081724,0.018702,0.15612,-0.271843,-0.020512,0.170625,-0.211787,-0.161369,0.399367,0.039092,0.211517,0.18854,0.356029,-0.300588,0.286753,0.127765,0.00963,-0.175458,-0.129195,0.099348,-0.035315,0.261755,-0.147681,0.150982,-0.198626,0.429565,-0.030688,0.330292,-0.146595,-0.158319,0.120654,-0.197321,0.307345,0.107148,0.316875,0.107108,-0.11495,0.162778,0.274477,0.067414,0.08862,-0.013862,-0.053067,0.347684,-0.088138,-0.02258,0.133346,0.071629,-0.055339,0.228087,-0.16724,-0.075904,0.19701,-0.006573,-0.202464,0.111098,-0.034315,-0.063343,-0.23568,0.268947,-0.210996,0.080733,-0.119683,0.030946,0.012073,0.213074,0.346529,-0.145472,-0.288032,-0.311149,0.052063,0.198801,-0.03366,0.012993,-0.031563,-0.341943,0.298883,-0.187749,0.138473,0.116262,0.088102,-0.091255,0.208326,-0.011604,0.135357,-0.123129,-0.018251,-0.069422,-0.127382,0.081012,0.160349,0.199848,0.166306,-0.129839,0.030128,-0.181074,0.267846,0.053421,0.356647,0.060418,0.192727,0.524029,0.029781,-0.115732,0.123991,0.349991,-0.022076,0.43567,0.394682,0.031137,0.062354,0.162451,0.10221,-0.304819,-0.314869,0.101767,-0.029115,-0.25419,0.221086,-0.249446,-0.011867,0.134225,-0.189014,0.239738,-0.042392,0.002026,0.055834,0.325663,0.078572,0.338216,0.092012,-0.031005,0.015324,0.373985,-0.030892,-0.368337,0.422209,-0.1594,0.13726,0.323391,0.278888,-0.05974,0.035778,-0.136168,-0.252986,0.355509,0.208338,-0.305064,0.08692,0.130766,-0.682785,0.279755,0.037014,0.114825,0.202029,-0.345417,-0.149595,#
11,-0.045122,0.133063,-0.051556,-0.029395,-0.44208,0.115209,0.199199,-0.064254,0.025484,0.287641,-0.418926,1.0,0.122723,0.212272,0.113194,-0.021264,0.255318,0.217486,0.19805,-0.144395,0.155829,-0.05857,-0.028091,0.057215,0.257054,0.094744,0.010093,0.169204,-0.261925,-0.131186,-0.138252,0.091808,0.089255,0.026672,-0.224828,0.261289,-0.142341,-0.014696,-0.084941,-0.145577,-0.221933,0.389963,0.0951,-0.298347,-0.1538,0.090365,0.078049,-0.007389,-0.124319,0.174158,-0.081405,-0.158488,-0.115969,0.310634,-0.191079,-0.038556,-0.181018,-0.187431,-0.163278,0.156663,-0.048237,-0.070828,0.113441,0.053561,-0.117823,-0.076377,-0.096932,-0.055866,-0.101585,-0.205502,-0.056665,-0.166077,-0.014899,-0.057712,-0.179865,-0.261035,-0.19462,-0.090037,-0.14815,0.202523,-0.090566,-0.032938,-0.001818,-0.367655,0.100347,-0.17592,-0.267525,0.245551,-0.24174,0.099476,-0.23781,-0.182991,-0.195451,0.08425,0.000709,-0.312194,-0.212324,-0.041663,-0.393584,-0.071587,0.378168,0.078103,-0.346506,0.079266,-0.154051,0.213521,-0.127339,0.215358,0.055811,0.037027,-0.173015,-0.021264,-0.076967,-0.199121,-0.113582,-0.080313,0.275346,-0.014342,0.087214,-0.045816,0.26057,-0.212454,-0.204674,-0.058228,0.004379,-0.456139,0.098594,0.078595,0.111585,-0.124701,-0.168846,0.02265,-0.483859,0.483884,0.07845,-0.12828,0.146458,-0.178993,-0.075626,-0.024071,-0.178092,-0.073719,-0.192194,0.06257,-0.237499,0.273607,-0.067465,-0.013283,-0.252912,-0.138723,-0.410123,0.018342,-0.110333,0.186918,-0.064566,0.102603,-0.078871,0.498109,-0.146908,-0.153594,-0.085892,-0.178205,0.284661,-0.039814,-0.173993,0.25729,0.016869,-0.004668,0.277013,0.00256,0.039237,0.459381,-0.302093,-0.344637,-0.008344,-0.278206,-0.159326,0.126677,-0.030462,-0.207768,-0.025401,-0.188892,-0.066837,-0.184007,0.196538,0.101397,-0.073429,0.544718,0.120135,0.052491,0.253983,0.485385,0.018819,0.177648,-0.020129,-0.151653,0.188276,-0.43237,0.087214,0.182401,#
12,0.235487,0.123943,-0.204691,-0.327529,0.044148,0.355088,0.48997,0.788204,-0.067906,0.434431,0.052746,0.122723,1.0,0.493898,0.235439,0.151121,-0.006405,0.028466,0.399226,0.046871,0.028025,0.193968,0.168295,0.134436,-0.219581,-0.395385,-0.193889,-0.022012,0.037043,0.30923,0.130478,0.088802,0.262166,-0.009586,-0.26718,0.193003,0.127341,-0.11303,-0.2229,-0.238896,0.039756,0.326975,0.35883,-0.072481,-0.336145,-0.461199,0.067208,-0.202647,0.19754,0.026405,-0.307029,0.251031,0.330448,0.141774,0.367917,0.213766,-0.313441,-0.275748,-0.147456,0.026405,0.514781,0.246817,-0.247658,0.31341,-0.092722,0.186037,-0.113986,0.176477,0.116318,-0.046819,0.375012,0.037988,-0.644886,-0.501821,-0.174062,0.345139,0.059667,0.171606,0.088466,-0.25425,0.09029,-0.392355,-0.274082,-0.231458,-0.289264,0.072,0.018347,0.168503,-0.126338,-0.216289,-0.414641,-0.495478,-0.475433,0.112581,-0.175718,-0.287955,-0.116054,-0.229734,0.061849,-0.525669,0.089356,-0.136055,-0.051681,-0.108097,-0.176964,-0.056207,-0.435907,-0.232809,0.00118,-0.395838,-0.086948,0.345193,-0.379832,-0.295122,-0.141509,-0.437808,-0.009478,-0.111396,-0.011024,-0.362593,-0.002419,-0.494621,-0.129221,-0.442968,-0.205272,-0.252972,0.055117,0.541992,-0.169718,0.078621,-0.141321,0.016701,-0.434983,0.059134,-0.260959,-0.136055,0.187097,-0.30069,-0.188718,-0.219524,0.141606,0.289978,-0.282233,-0.070944,0.009489,0.255365,-0.342355,0.131674,-0.261379,-0.616225,-0.387253,-0.255467,-0.066124,-0.16329,-0.217412,-0.454145,0.060715,0.179818,-0.292194,-0.247095,-0.019185,-0.263381,-0.044347,0.071702,0.359695,0.253267,-0.045444,0.091754,-0.244689,0.226978,-0.084411,-0.016213,-0.353932,0.03935,0.349296,-0.414942,0.109164,0.151503,0.235817,-0.425071,0.348321,0.352188,0.070335,0.049329,0.260828,-0.196343,0.168639,-0.15729,-0.177404,0.392205,-0.20389,-0.039172,0.487508,-0.14371,-0.072955,-0.127095,0.057333,-0.105196,-0.029907,0.125159,#
13,0.236694,0.316215,-0.017626,-0.23616,-0.136413,0.29658,0.033246,0.499253,0.070722,0.598615,-0.445711,0.212272,0.493898,1.0,0.417198,0.511881,-0.150289,0.373736,0.34389,-0.052476,0.088033,0.188622,0.565104,0.303824,0.037277,-0.118551,-0.01608,-0.070425,-0.027596,0.458836,0.066849,0.1223,0.5036,-0.106105,-0.463992,0.399123,0.248981,-0.531907,0.034265,-0.307402,-0.026855,0.368691,0.2374,0.342934,-0.045302,-0.387647,0.14486,-0.073056,-0.168848,0.092993,0.101869,0.017792,0.254916,-0.013441,0.19435,0.024169,-0.200045,-0.403441,-0.239608,0.092993,0.520008,0.330348,-0.352562,0.127612,-0.295029,0.354592,-0.367541,0.494517,-0.574904,0.004256,-0.208278,0.276053,-0.444098,-0.359252,-0.344082,0.223702,-0.236214,-0.324618,-0.21874,-0.117714,0.169689,-0.519987,-0.397847,0.118054,-0.341036,-0.21997,-0.288424,0.161849,-0.020756,-0.331789,-0.196167,-0.24053,-0.57697,0.342021,-0.168788,-0.285614,-0.342415,-0.203025,-0.075934,-0.201616,0.217073,-0.103544,-0.281258,-0.28781,0.022481,-0.106887,-0.267448,0.238293,-0.094215,-0.498637,0.010954,0.511881,-0.227674,-0.40485,0.18201,-0.161668,-0.338028,-0.407105,0.476976,-0.632198,-0.309015,-0.518858,-0.081048,-0.433513,-0.37805,-0.364564,-0.035774,0.006413,-0.272564,-0.128304,-0.075245,0.265408,-0.280276,-0.251653,-0.660913,-0.514377,0.287918,-0.21647,0.065753,-0.522882,-0.011727,0.066554,-0.397847,-0.266131,-0.395967,0.059545,0.083491,0.270724,-0.498244,-0.529977,-0.536371,-0.368843,-0.247622,-0.235588,-0.051542,-0.303355,0.20332,0.392626,-0.21764,-0.070494,0.262667,-0.208096,0.106381,-0.060614,0.161701,0.326001,-0.380423,-0.043229,-0.318535,-0.063712,-0.233828,-0.153042,-0.489198,-0.166306,0.049733,-0.228912,-0.291877,0.117778,0.586388,-0.542106,0.304365,-0.032134,-0.354385,-0.075405,0.578441,0.049044,0.385588,-0.154642,-0.381948,0.205096,0.036604,0.050249,0.401752,0.2662,-0.389682,-0.335466,0.202182,-0.469731,0.302644,0.086337,#
14,0.029971,0.249059,-0.103017,-0.316669,-0.211482,0.244498,-0.034833,0.048716,0.297202,0.497204,-0.195939,0.113194,0.235439,0.417198,1.0,0.201698,-0.268967,0.432905,0.331415,-0.008127,-0.008678,0.287509,0.150252,0.187554,-0.08572,-0.059818,-0.189973,0.245491,-0.087871,0.33381,0.035478,-0.050056,-0.105144,0.155526,-0.272806,0.078557,-0.030893,-0.109064,0.268926,-0.267581,0.084654,0.369722,-0.038695,0.185191,0.361306,-0.252124,0.178623,0.292674,0.462264,-0.172069,0.065539,-0.028517,-0.220996,-0.172361,0.186336,0.110641,-0.037719,-0.291781,-0.362377,-0.172069,0.286689,0.079995,-0.211197,0.343963,0.068679,-0.014281,-0.437782,0.197859,-0.17111,0.129151,0.200443,0.203488,0.107971,-0.280345,-0.265922,-0.147109,0.189451,0.090089,-0.128035,-0.057046,0.2585,-0.599743,-0.334263,0.040635,-0.278165,0.03176,-0.045145,0.110052,-0.116592,0.074232,0.053837,-0.152441,-0.160466,0.59376,-0.049182,-0.036112,-0.225102,-0.12646,-0.1121,-0.124135,0.159749,-0.062783,-0.172861,0.121842,-0.209742,-0.356703,-0.515245,0.206093,-0.270023,-0.243578,0.1088,0.370319,-0.281349,-0.162682,-0.144071,-0.266915,-0.066946,-0.154611,0.581891,-0.524947,0.081723,-0.302593,-0.323295,-0.177171,-0.371762,-0.397719,-0.120798,0.314397,-0.306226,-0.068414,0.013936,0.152292,-0.50823,-0.31535,-0.396307,-0.262392,0.316386,0.025253,0.049423,-0.443184,-0.150135,-0.022265,-0.334263,-0.207518,-0.282531,0.068789,0.064315,-0.083827,-0.241043,-0.078866,-0.341928,-0.449658,0.143377,-0.34266,0.072533,-0.431779,0.151598,0.265031,-0.264021,-0.266799,0.094832,-0.160466,0.386361,0.292862,0.108806,0.546223,-0.331233,-0.097652,-0.270023,-0.182447,-0.068395,0.037099,-0.241124,0.142374,0.329228,-0.103019,-0.382573,0.18724,0.513749,-0.289681,0.393341,-0.11886,-0.456429,-0.152667,0.334512,-0.122803,0.091815,-0.034824,-0.426519,-0.045639,0.000528,0.100398,0.342582,0.207965,0.112196,0.065231,0.15558,-0.136797,0.236569,0.165991,#
15,0.207025,0.158772,-0.13128,-0.338636,-0.286934,0.35102,0.001824,0.153659,-0.007566,0.387992,-0.107852,-0.021264,0.151121,0.511881,0.201698,1.0,-0.042337,0.25149,0.320137,0.092129,0.262659,-0.123844,0.47969,-0.113485,-0.038192,-0.023749,0.062248,-0.054197,0.047374,0.309628,0.378385,0.14757,0.401547,-0.015916,-0.201005,-0.038068,0.445499,0.053907,-0.053042,-0.025415,0.159373,0.236751,-0.015293,0.306212,0.297631,-0.335953,0.048599,-0.159733,-0.267608,0.281243,0.360008,-0.029406,0.108334,-0.04999,0.276333,0.060488,-0.338033,-0.352925,-0.276344,0.034782,0.308492,0.073595,-0.375287,0.236712,0.029843,0.204636,-0.304299,0.31507,-0.476318,0.176145,-0.146415,0.245351,-0.22622,0.016437,-0.235325,0.191298,-0.155686,-0.226995,0.00346,0.135971,0.331975,-0.240482,0.008757,0.464692,-0.144247,-0.32686,-0.27722,-0.151675,0.025429,-0.250476,0.141062,0.00087,-0.186054,0.323699,-0.020086,-0.014202,-0.493016,-0.598006,-0.055954,-0.144043,-0.208234,-0.130259,-0.442147,-0.136653,-0.01171,-0.376486,-0.017514,0.159869,0.207105,0.049975,-0.010511,0.21289,-0.324237,-0.184271,0.246325,0.120826,-0.271217,-0.516333,0.234187,-0.363314,-0.427501,-0.171225,-0.151238,-0.310842,-0.395207,0.027256,0.022311,-0.028437,-0.54855,-0.349863,-0.176487,0.268371,-0.102891,0.021244,-0.396472,-0.349765,0.052615,-0.182475,-0.046459,-0.598292,0.016545,0.219653,0.008757,-0.099564,-0.164388,-0.154278,0.351105,0.390544,-0.218901,-0.348837,-0.051254,-0.151672,-0.022654,-0.094614,0.230409,-0.0541,0.206122,0.35685,-0.35357,-0.024365,0.26212,-0.186054,-0.046277,-0.204697,-0.056024,0.066178,-0.184271,0.004982,-0.037211,-0.273397,0.101268,0.00737,-0.134513,-0.403429,-0.066485,-0.14163,-0.203682,0.127156,0.400841,-0.41931,0.169266,-0.043837,-0.29808,0.199247,0.41505,-0.079736,0.483604,-0.006565,-0.525966,0.095082,-0.122968,-0.095877,0.217513,0.067022,-0.272284,-0.148453,0.214935,-0.272485,0.033146,0.168937,#
16,-0.067085,-0.435126,-0.439088,0.115724,-0.017709,0.394501,0.050131,-0.026782,-0.257382,-0.092861,-0.006732,0.255318,-0.006405,-0.150289,-0.268967,-0.042337,1.0,-0.200483,0.053295,0.04121,0.023719,-0.125317,-0.176369,-0.213407,-0.296212,-0.081178,-0.041941,-0.091279,0.121421,-0.024889,-0.094667,0.071579,0.131485,0.382897,0.061226,0.067691,-0.128921,0.105232,-0.292712,0.165236,-0.096391,0.03548,-0.009951,0.07227,-0.324657,0.08862,0.076706,-0.028491,0.006859,0.060178,-0.248718,0.278563,0.027527,0.005595,-0.019764,0.01302,0.13502,0.433453,0.30456,-0.143961,-0.115122,0.015776,0.415696,-0.013834,-0.167697,0.168547,-0.046448,0.068531,0.022898,-0.366427,-0.211104,-0.089995,-0.248166,0.159581,0.201779,0.1096,-0.051521,0.082964,0.112193,0.27115,-0.108631,0.218908,0.167515,-0.312227,0.168098,-0.050687,0.000209,0.377693,-0.041032,-0.288729,-0.140719,0.125085,0.152954,-0.114359,0.081634,-0.065728,-0.22354,-0.139954,-0.262108,-0.170236,0.041842,0.0259,0.014831,0.028928,0.273232,0.097727,0.110456,-0.263311,0.170134,0.124727,-0.299479,-0.077236,0.13402,0.133334,-0.19069,-0.087913,-0.067623,0.258046,-0.270457,0.151259,0.108751,0.01902,0.131879,-0.340998,0.124708,0.130594,-0.384335,-0.363848,0.26896,-0.159107,-0.393039,-0.138514,0.029082,0.322587,0.055468,0.033845,-0.026158,-0.425768,0.135032,0.033502,-0.228228,0.012054,-0.015699,0.359909,0.294392,-0.11571,0.048729,-0.276982,-0.124486,-0.036273,0.179842,0.150166,-0.054773,0.229897,-0.23354,-0.06725,-0.184175,0.119121,-0.07425,0.163725,-0.105811,-0.048301,-0.122432,-0.004612,0.010457,0.133412,0.346336,-0.241103,0.417731,0.044871,-0.078593,0.28222,-0.192429,-0.126217,0.147607,-0.415172,-0.072658,-0.126733,-0.270877,0.209819,-0.540019,-0.008001,0.360674,-0.031347,0.051545,0.139062,0.017012,0.257292,0.279889,-0.393848,0.247026,0.178575,0.042424,-0.287855,0.061207,0.062811,0.03857,0.191996,-0.449134,-0.112663,#
17,-0.353822,0.41604,0.381005,-0.057657,-0.14634,0.202411,0.110227,0.205472,0.52268,0.453537,-0.451842,0.217486,0.028466,0.373736,0.432905,0.25149,-0.200483,1.0,0.080463,0.394217,-0.110455,0.239314,0.263337,0.177216,0.307814,0.153581,0.129112,0.131568,-0.3112,0.019433,0.0054,-0.049649,0.152022,-0.006057,-0.387182,0.167543,0.064897,-0.184593,0.14138,-0.234009,-0.089251,0.022491,-0.068596,0.044148,0.247095,-0.433719,-0.027695,0.407926,0.233324,0.029423,0.011376,-0.263674,-0.001601,0.020613,-0.100404,0.108856,-0.070258,-0.536975,-0.385813,-0.19011,-0.000186,-0.386443,-0.334534,0.277932,-0.075783,0.320123,-0.070607,0.214456,0.022943,0.47411,0.154042,0.288093,0.12914,-0.209615,0.122672,-0.194583,0.120334,-0.356054,0.301432,-0.110039,0.388326,-0.20929,-0.287278,0.135044,-0.042461,0.134671,0.041414,-0.078729,-0.03647,-0.027528,0.268049,0.118611,-0.12357,0.717105,-0.069743,0.039522,0.23058,-0.028467,0.165175,-0.03825,-0.064544,0.361934,-0.058228,0.173429,-0.222279,0.051459,-0.113655,0.094415,-0.236371,-0.438026,0.316964,0.25149,0.016142,-0.284315,0.180882,0.118977,-0.030292,-0.210607,0.73583,-0.57605,0.147357,-0.539078,-0.219698,-0.134826,-0.041055,-0.1845,-0.034982,-0.000889,-0.0364,-0.024105,0.148223,0.248821,-0.204004,-0.036601,0.034812,-0.036631,0.100784,-0.090928,-0.006612,-0.207103,0.087312,-0.042741,-0.287278,-0.528602,-0.308202,-0.137679,0.086623,0.213026,0.174372,-0.009013,-0.379086,-0.184691,0.080956,-0.111703,0.030954,-0.186709,0.236132,0.568112,-0.08466,0.19621,0.254839,0.23429,0.037129,0.308376,0.142047,0.303928,0.069583,-0.146093,-0.236371,0.217459,-0.289493,-0.336631,-0.025751,-0.054257,0.107803,0.172264,-0.153358,-0.043812,0.447944,-0.525438,0.323107,-0.202111,-0.551031,-0.207859,0.115042,0.005133,0.190661,0.286201,-0.483374,-0.099321,0.305052,-0.310702,0.121662,0.320694,-0.495464,-0.071286,0.117293,-0.15614,0.394133,-0.049374,#
18,0.257404,-0.150013,-0.254895,-0.215691,0.190266,0.086403,0.04762,0.329309,-0.083554,0.148595,0.061216,0.19805,0.399226,0.34389,0.331415,0.320137,0.053295,0.080463,1.0,-0.265106,0.118322,-0.115916,-0.033006,-0.145501,0.048567,0.026244,-0.241015,0.271246,-0.166097,0.256755,-0.010887,-0.160139,-0.117611,0.165216,-0.149992,0.072763,0.003871,0.062276,0.003962,-0.075788,0.194054,0.357525,-0.055731,0.360257,-0.040426,0.053058,-0.074459,-0.000762,-0.028956,-0.17285,0.134881,0.166226,0.12417,-0.02239,0.562833,-0.004736,-0.346546,0.156259,-0.195057,0.005017,0.200461,0.152757,0.129219,0.46357,-0.232748,0.290395,-0.307042,0.045047,-0.200654,-0.123794,0.253508,-0.194484,-0.45535,0.051152,-0.059348,0.045608,0.0899,0.015932,-0.062432,-0.296842,-0.095341,-0.296395,-0.219516,0.125017,-0.120532,-0.192793,-0.240384,0.283544,-0.098264,0.029933,-0.141339,-0.188432,-0.050148,0.146961,-0.340278,-0.024888,-0.208319,-0.442697,-0.160295,-0.130978,0.347177,-0.335133,-0.129703,-0.314777,-0.084892,0.123788,-0.219083,0.204549,0.157512,-0.100056,-0.291088,0.301209,-0.158343,-0.240698,-0.083702,0.143085,0.172773,-0.279831,-0.058787,-0.01434,-0.129077,-0.124361,-0.062936,-0.136304,-0.055174,-0.225278,0.142913,0.205322,-0.193093,0.029158,-0.351135,-0.115403,-0.400996,0.098398,-0.306452,-0.060549,0.131153,-0.273069,-0.064671,-0.281725,-0.424094,0.070515,-0.277967,0.025636,-0.059367,-0.025917,-0.137448,-0.005684,-0.36123,-0.628029,-0.44596,-0.166818,-0.399047,-0.316037,0.13861,-0.491273,0.036766,0.269944,-0.323122,-0.471606,-0.195678,-0.069644,0.17309,-0.063911,0.225121,-0.018686,-0.191598,-0.016124,0.169266,-0.08552,0.031222,0.419084,-0.332844,-0.127403,0.364664,-0.100314,0.171068,0.301081,0.288404,-0.154586,0.053991,0.192194,0.092693,0.06594,0.723736,-0.116744,0.267208,-0.020309,-0.161957,0.332492,-0.108162,0.110184,0.783568,-0.161138,-0.178461,-0.212571,0.680558,-0.258327,-0.221608,0.176248,#
19,-0.162397,0.23398,0.130069,0.155968,-0.26877,0.245987,-0.069509,0.049668,0.01596,0.009071,-0.111201,-0.144395,0.046871,-0.052476,-0.008127,0.092129,0.04121,0.394217,-0.265106,1.0,0.315924,0.31097,0.066005,-0.040609,-0.156566,-0.142456,0.089932,-0.389778,-0.179902,-0.220348,0.345519,0.358877,0.250311,0.377986,-0.184946,-0.142383,0.23069,0.116707,-0.335172,-0.100582,0.075961,0.154045,-0.258747,0.068672,0.155304,-0.461425,0.31211,0.167131,0.167323,-0.338247,-0.351469,-0.163437,0.398403,-0.154933,-0.227485,0.055705,-0.038836,-0.164273,0.230831,-0.320501,0.065474,-0.269144,-0.118974,0.127644,0.07133,0.035121,-0.286088,0.0927,0.238564,0.246438,0.098175,0.332373,0.250226,-0.259566,0.117936,-0.277331,0.175314,0.207935,0.670457,0.026105,0.298752,0.112504,0.077275,-0.033051,0.244933,0.17356,0.226701,-0.419345,0.088169,-0.158868,0.040992,0.17988,-0.088075,0.29928,-0.066712,0.194518,0.183357,0.280144,0.302917,0.249551,-0.631403,0.169526,0.230862,0.163925,0.307227,0.028753,0.021614,-0.228044,-0.102868,-0.448407,0.459093,-0.099147,-0.183345,0.26914,0.124965,0.023834,-0.0928,-0.157431,0.187126,-0.322532,0.209728,-0.11077,-0.318666,-0.16169,0.054688,0.338239,-0.088206,0.181439,0.348513,0.367673,0.342168,0.335697,0.399887,0.001756,0.273484,0.169526,-0.017091,-0.109989,0.020295,-0.061484,0.077275,0.399257,0.077275,-0.46911,0.17453,0.329482,0.207621,-0.197817,0.267212,0.167263,0.02891,0.032243,0.349673,0.304353,-0.021461,0.028119,0.421521,-0.08831,-0.0412,-0.090924,0.403991,0.273735,-0.078145,0.206404,-0.191305,0.083308,0.463797,-0.028043,0.130139,0.143156,-0.437922,-0.343868,0.150762,0.118113,-0.281889,-0.029069,-0.15327,-0.540182,-0.153096,-0.058293,0.111419,-0.232067,-0.261169,0.004312,-0.434914,-0.054428,0.402856,0.10828,-0.210161,-0.116825,0.241133,-0.575875,-0.243605,-0.004629,-0.272019,-0.019294,-0.065532,0.237104,0.351245,-0.306324,#
20,0.48807,0.020681,0.124722,-0.018841,-0.424096,0.217856,-0.093032,0.030785,-0.320478,-0.183279,0.066771,0.155829,0.028025,0.088033,-0.008678,0.262659,0.023719,-0.110455,0.118322,0.315924,1.0,0.102551,-0.128186,-0.415591,0.020905,-0.138647,-0.135687,-0.342887,-0.024537,-0.046222,0.289316,0.312515,0.04155,0.355562,-0.264513,-0.166449,0.181677,0.214488,-0.159638,-0.326795,0.306228,0.421425,0.000681,0.272455,-0.036831,-0.264414,0.053993,-0.10096,-0.172859,-0.385271,-0.174345,-0.033816,0.443633,0.032355,0.01972,0.05482,-0.475027,0.002493,-0.04824,0.099336,0.100739,0.240823,0.173237,0.191515,-0.066506,-0.218141,-0.430819,0.036359,-0.235448,-0.173418,0.013326,0.190583,0.048281,0.069785,-0.369357,-0.256522,-0.173412,0.205965,0.141572,0.324942,0.069766,-0.053993,0.271453,-0.080381,-0.084248,-0.330564,-0.106067,-0.053023,0.059328,-0.164889,-0.160521,-0.172056,-0.076507,-0.092646,0.07414,0.005509,-0.348008,0.115483,-0.029242,0.265614,-0.093438,-0.03532,-0.294275,-0.218977,0.266041,-0.145537,0.016435,0.351099,-0.104899,0.162021,0.117746,0.080218,-0.531805,0.267111,0.257702,0.208263,-0.085671,-0.325684,-0.051694,0.002324,-0.135968,0.079283,-0.492063,-0.155187,-0.223814,-0.146544,-0.115488,0.114691,-0.22904,0.384375,0.153763,-0.056219,0.204608,0.343351,-0.239973,0.180329,-0.029369,-0.105753,0.16126,-0.229223,-0.303216,0.289635,0.271453,0.062875,0.123188,0.168198,-0.005974,-0.340238,-0.081486,0.135835,-0.17024,0.012563,-0.004977,0.130985,0.125222,0.186055,0.311326,-0.029723,-0.060883,-0.327027,0.295548,-0.094528,0.331336,-0.165962,-0.529553,-0.293765,0.09176,-0.060065,0.366258,-0.214756,-0.068931,0.247402,-0.04268,-0.093988,-0.493304,-0.027295,-0.179471,-0.396854,-0.20379,0.284538,0.132261,-0.081232,-0.092588,0.150026,-0.099909,0.443897,0.427206,0.076631,0.136481,0.189226,-0.113643,-0.081306,-0.093517,-0.155864,-0.147002,-0.183094,0.272748,-0.182302,0.110865,-0.178049,#
