0,1.0,0.163114,0.015923,-0.203383,0.277825,0.066523,0.193562,0.097216,0.311097,0.060459,-0.217917,0.133361,0.488472,0.399197,-0.123397,-0.197905,-0.161976,0.227626,0.266649,-0.079574,-0.169734,-0.0621,0.467673,-0.168129,-0.161801,-0.356165,-0.080433,-0.006746,0.28833,0.385815,-0.322195,-0.031061,0.031833,-0.252585,-0.149525,-0.081313,-0.127534,0.188442,0.126225,0.002566,0.229224,0.232601,0.056497,0.040569,-0.189791,-0.39769,0.410408,0.368339,-0.306504,0.055566,0.102999,0.143046,0.049489,-0.034169,-0.138829,0.10435,0.148547,-0.110857,-0.140148,-0.003606,0.27991,0.182148,0.08432,-0.038577,0.074714,0.495589,-0.039401,0.269675,0.278647,-0.025578,0.293047,-0.076577,-0.224234,-0.164056,-0.182138,0.348756,-0.059915,-0.1054,0.012034,0.105257,-0.298229,-0.109828,-0.132666,0.215204,-0.057432,0.046528,-0.103223,-0.068735,0.203306,-0.213075,-0.426066,-0.040904,-0.372489,0.36938,0.064213,-0.240558,0.16351,-0.025009,0.191428,-0.360025,0.007684,-0.347056,0.093025,-0.076793,-0.188311,0.155174,0.067827,0.014189,-0.390292,-0.03651,0.401671,-0.039814,-0.016051,-0.280619,-0.287328,-0.403407,-0.237806,0.052302,0.289812,-0.572549,-0.038948,-0.479974,-0.181187,-0.323352,-0.223357,0.137125,-0.337927,-0.05704,0.032296,-0.33585,-0.100226,-0.018997,-0.090785,0.071766,-0.295952,-0.282085,0.189521,-0.24223,-0.103016,-0.127017,0.048088,-0.409516,-0.457875,-0.053743,-0.145128,-0.017182,-0.400202,0.294689,-0.121987,-0.130122,-0.249762,-0.407245,0.034234,-0.052875,-0.320763,-0.029683,0.406849,0.244101,-0.225193,-0.028369,-0.220216,0.035623,-0.341921,0.018376,-0.001341,-0.191101,0.129728,0.158386,-0.144887,-0.167713,-0.083037,0.187305,-0.050279,0.012098,0.331837,-0.022728,0.140396,0.136826,0.377922,-0.498712,-0.085768,0.006596,-0.397251,-0.086753,0.497504,0.096436,0.244304,0.311064,-0.378344,0.445834,0.158342,-0.223472,0.322852,0.364954,-0.081028,0.119026,0.307274,-0.399866,-0.258222,0.014377,#
1,0.163114,1.0,-0.017235,-0.211742,0.093934,-0.064141,0.261535,0.257115,0.236727,0.390621,-0.193748,0.099412,0.213053,0.106759,0.234791,0.020793,-0.325078,0.428573,0.293778,0.357257,0.061834,0.464263,0.169758,0.178793,-0.189638,0.135989,0.405154,0.132734,0.211088,0.401572,-0.543144,0.328288,0.350946,0.301365,-0.077084,-0.153631,0.122608,0.01344,-0.113459,-0.157075,-0.066187,0.482891,0.218334,0.010519,-0.210271,-0.475616,0.363893,0.431202,0.066193,0.207445,0.290616,-0.214802,-0.094826,-0.004342,0.09603,0.092986,-0.253798,-0.20582,-0.109166,0.009443,0.049034,0.268058,-0.193958,0.446367,0.05733,0.094505,0.159652,0.25998,0.078437,-0.088706,0.012722,-0.240382,0.012808,-0.048458,-0.073931,0.10112,-0.230997,-0.113504,-0.17159,-0.398435,-0.167377,-0.133112,-0.292626,0.008395,-0.284713,0.057699,-0.140298,0.100332,0.008587,0.085939,0.078414,-0.087058,-0.383869,0.330223,-0.118278,0.315459,0.318274,-0.052169,0.003991,-0.239447,-0.099307,-0.343011,-0.599821,0.081179,-0.538889,-0.16899,-0.418998,-0.397083,-0.279106,-0.237601,0.251615,0.213485,0.106692,-0.290051,-0.126183,-0.066765,-0.105079,-0.251897,0.322716,-0.316276,-0.19873,-0.024007,-0.204286,-0.421622,0.073564,-0.006016,-0.143844,-0.072004,-0.179131,-0.131247,-0.133112,-0.230692,-0.091635,0.109896,-0.133112,0.063604,-0.079693,-0.09458,0.002642,-0.216587,0.011188,-0.036734,-0.456701,0.144432,-0.338506,-0.296552,-0.087042,0.187033,-0.337179,-0.31433,-0.085564,-0.275645,0.031494,0.150971,-0.192749,0.013124,0.266317,0.195543,-0.101794,0.214767,-0.128986,0.038398,-0.007137,0.257869,0.000642,0.467666,0.096489,0.346931,-0.295629,0.205758,-0.431778,0.074986,-0.042553,-0.145731,0.370968,0.137386,-0.029836,-0.037878,0.070255,-0.368961,0.003731,-0.051591,-0.209881,0.035779,0.006383,-0.140334,0.092363,0.06964,-0.383961,0.309088,-0.151897,0.276511,0.158367,-0.042573,-0.040368,-0.195106,0.301668,-0.255346,0.003479,-0.050597,#
2,0.015923,-0.017235,1.0,0.305131,0.266214,-0.383906,0.050802,-0.069174,-0.056827,0.098003,-0.210006,-0.093774,0.027311,-0.206361,-0.225571,-0.390427,0.007253,0.016785,0.09864,-0.136625,0.195488,-0.061396,-0.104182,0.085472,-0.138668,-0.074928,0.23387,-0.555862,-0.464185,0.266284,-0.090383,0.010776,-0.02583,0.209212,-0.278659,-0.262981,0.099703,-0.080889,0.232862,-0.09993,0.090571,-0.02049,-0.043054,-0.126224,-0.067418,-0.038618,-0.044948,0.173797,-0.131012,-0.232251,-0.254566,0.148178,-0.043656,0.192344,-0.049135,-0.289584,-0.211039,-0.057494,-0.227186,-0.102836,-0.191758,-0.222275,-0.465779,-0.06648,-0.137096,0.003247,-0.176803,-0.228141,-0.120747,0.168295,0.032895,0.166136,0.128831,0.310487,-0.054557,0.005464,-0.064524,-0.059286,-0.04924,0.411256,0.175438,0.201126,0.056254,0.17978,0.061321,-0.108931,0.041222,0.299911,0.032996,-0.044105,-0.258514,-0.2271,0.109985,0.037697,-0.28933,0.040936,0.195732,0.342193,0.180622,0.10669,-0.151431,-0.066663,0.228626,0.286117,-0.225319,-0.111015,0.050026,-0.035254,0.094804,0.280049,0.13911,0.123801,-0.060828,-0.063564,0.211381,0.202629,-0.050958,-0.261854,0.131836,-0.115916,-0.300837,-0.026763,0.32064,-0.028639,-0.257147,0.170438,-0.256224,0.092405,0.022871,0.30428,0.367762,-0.140223,-0.272507,-0.019902,0.040661,0.138754,0.370576,0.253845,-0.074258,-0.06052,0.298836,0.141282,0.033589,-0.413991,-0.017449,0.341063,0.161667,0.207043,-0.191781,0.062776,-0.344267,0.231735,0.459034,-0.146977,-0.006718,-0.260718,0.138562,0.020792,0.239802,-0.08346,0.045325,0.282756,0.461322,0.009365,0.162852,-0.139356,-0.360907,-0.33657,0.113166,0.111738,-0.120688,-0.030452,-0.00315,0.146437,-0.114428,0.083223,0.019129,-0.183752,-0.268889,-0.017163,-0.005045,-0.170338,0.023629,-0.126914,-0.09986,0.187232,-0.003602,-0.258574,-0.222139,-0.031893,0.33097,0.017177,-0.019555,-0.027086,0.176447,-0.524325,-0.098645,0.251272,0.231549,-0.088034,#
3,-0.203383,-0.211742,0.305131,1.0,0.124197,-0.26667,-0.210721,-0.28979,-0.169193,-0.032755,0.45576,-0.197238,-0.100839,-0.34912,-0.224899,0.006075,0.166923,-0.101758,0.071078,0.114787,0.233324,-0.32536,-0.249257,0.062736,-0.079864,0.119731,0.030775,-0.341649,-0.311868,-0.223855,0.396683,-0.001484,-0.194611,0.038885,-0.070951,-0.510685,-0.084642,-0.015637,-0.064156,0.199841,0.033209,-0.253632,0.049423,-0.269259,0.239387,0.138519,-0.18461,-0.284247,0.141298,-0.328068,-0.259122,0.21541,-0.053889,0.38498,0.020235,0.205337,0.021642,0.025784,0.145279,-0.205203,-0.251409,0.058757,0.013614,-0.318835,-0.197653,-0.342494,0.106519,-0.229523,-0.373708,0.447632,-0.10851,0.525045,0.278715,0.60145,0.272464,-0.188988,0.006484,-0.059939,0.271794,0.46265,0.063843,0.332581,0.274696,-0.060446,0.2041,-0.04654,-0.049902,0.348734,0.061266,0.286607,0.247883,0.074307,0.212235,-0.229755,0.118278,0.338173,0.219975,0.180899,-0.050219,0.492105,0.131666,-0.147536,0.649468,0.027871,0.072487,0.208334,-0.173233,0.211373,0.193794,0.315645,-0.128911,-0.138912,0.174366,0.138153,0.034115,0.13243,0.427377,0.153861,-0.068767,0.322685,0.346739,0.195398,0.402956,-0.022511,0.067231,0.214771,-0.163436,0.155062,0.355153,0.306391,0.56068,0.10347,-0.17937,-0.251399,0.325325,0.38041,-0.108986,0.22411,-0.208426,0.273545,0.304358,0.287216,0.273153,-0.185288,0.074967,0.287021,0.119312,-0.361866,0.185179,0.458285,-0.030588,0.421317,0.097921,0.112783,0.485994,-0.003389,-0.259524,-0.409744,0.367722,-0.012868,-0.416434,-0.139498,0.28816,-0.20335,-0.127186,-0.000305,0.270378,-0.232115,-0.038281,0.077684,-0.236132,-0.154469,-0.317778,0.111674,-0.296874,0.002486,0.105881,-0.049214,-0.398361,0.516892,-0.334805,0.190637,0.094812,-0.054669,-0.08006,-0.15132,0.063059,-0.214701,0.296887,-0.439407,0.097248,-0.102664,-0.187927,-0.170311,-0.118045,-0.372254,-0.257133,0.331624,-0.330153,-0.021097,#
4,0.277825,0.093934,0.266214,0.124197,1.0,-0.087122,0.456174,-0.090368,0.085041,0.208313,0.127699,0.05964,0.100258,-0.106557,0.252204,-0.430126,0.114841,0.013165,-0.362262,0.000294,-0.296955,0.268826,0.165042,0.21653,-0.330235,0.167061,0.076078,-0.152002,-0.141609,0.382863,-0.088418,-0.087461,-0.040706,-0.020533,-0.371458,-0.001336,-0.199088,-0.166167,0.451217,0.337329,-0.124641,0.122106,-0.187114,-0.138389,-0.109729,0.071849,0.088448,0.284075,-0.236563,0.143994,0.178538,-0.345008,-0.107905,-0.058177,0.446478,-0.229589,-0.387465,0.382075,-0.426719,-0.157991,0.029907,0.146131,-0.068715,0.070086,0.077516,0.259286,-0.04565,0.10196,0.167179,-0.161851,0.130781,-0.367716,0.31102,-0.324767,-0.331163,0.261636,-0.30172,-0.439732,-0.182193,-0.049195,-0.419207,-0.082704,-0.359854,-0.107206,-0.263632,-0.39038,-0.38009,-0.128625,-0.252497,-0.324691,-0.414253,-0.175459,-0.289503,0.091973,-0.218814,-0.374763,-0.048333,0.421096,0.249268,0.009667,0.024277,-0.29229,0.111947,0.026437,-0.294211,-0.376035,-0.06697,-0.166691,-0.15309,0.213274,0.044811,-0.097635,-0.193166,-0.46521,-0.11261,-0.06171,-0.130384,-0.543644,-0.11002,-0.218272,-0.377336,-0.470274,-0.138695,-0.18922,0.081475,-0.108847,-0.476902,-0.308989,-0.455512,-0.104743,-0.238757,-0.184464,-0.438232,-0.32859,-0.089066,-0.447645,0.344087,-0.165129,-0.06373,-0.203672,-0.137011,0.259961,-0.021963,-0.212827,-0.521859,-0.274537,-0.241972,0.272857,-0.327738,-0.033522,-0.120225,-0.069256,-0.317934,-0.035902,-0.351808,-0.128263,0.350445,0.031519,-0.280352,-0.318297,0.172004,-0.120041,0.224118,-0.052656,-0.181858,0.273059,-0.030853,0.394762,0.050362,-0.300869,0.115297,-0.186632,-0.228461,-0.328736,0.142544,-0.32403,-0.21579,-0.121459,0.132919,-0.076719,-0.107428,0.112283,0.136787,0.246467,0.146994,0.424747,0.080176,-0.07511,0.053681,0.21821,0.021263,0.452384,0.198302,0.361953,0.277449,-0.279001,0.114373,-0.25893,-0.462547,0.231128,#
5,0.066523,-0.064141,-0.383906,-0.26667,-0.087122,1.0,0.058474,0.014357,-0.036347,0.134561,0.206713,-0.119232,-0.223583,0.390606,0.332722,0.206607,0.05603,-0.209992,-0.192748,-0.046846,-0.320274,0.046867,0.108977,-0.100441,0.174393,-0.275028,-0.123994,0.380283,0.321605,-0.017742,0.276177,0.244633,-0.220297,-0.220966,-0.107962,-0.017672,-0.146898,0.120729,0.143669,0.079705,-0.298599,0.199186,0.017793,0.466609,0.017352,0.016485,0.002773,-0.014214,0.209456,0.477142,0.15901,0.039176,0.302669,-0.39783,-0.11678,0.113364,0.111763,0.153015,0.071294,0.337089,0.405029,0.312458,0.114992,0.287525,0.220656,0.166821,-0.140492,0.210891,-0.038326,0.181642,-0.089362,-0.222971,0.076239,-0.268676,-0.125071,0.122051,0.167368,0.132992,-0.216989,-0.142599,-0.231416,-0.033264,-0.07517,-0.014301,-0.133958,-0.013439,-0.161098,-0.620522,-0.060226,-0.271317,-0.139258,0.04029,-0.175906,0.013166,0.154844,-0.167753,-0.117474,-0.293932,0.000764,-0.289335,-0.318441,0.094406,-0.154979,-0.32826,0.224499,0.053673,0.074911,-0.091919,-0.15772,-0.427744,0.19294,0.292387,-0.247122,-0.217104,-0.467972,-0.3292,-0.016268,-0.015034,-0.020659,-0.172898,-0.002452,0.085231,-0.07751,-0.07418,-0.211802,0.096996,0.088065,0.267295,-0.168846,-0.292252,-0.030274,-0.147145,0.029153,0.274692,-0.194725,-0.232573,-0.037936,-0.329316,-0.172959,-0.202453,0.052193,-0.349618,-0.420462,0.054776,0.132919,-0.112922,-0.342586,0.112297,0.423691,-0.247977,-0.024108,0.026044,-0.121968,0.347087,-0.380933,0.239829,0.055897,0.168308,-0.451049,0.243958,-0.218608,-0.097032,-0.266412,0.095298,-0.029939,-0.07989,0.141119,0.101727,-0.050376,-0.26328,0.330209,-0.008745,0.193688,0.123794,0.313032,0.161577,0.175893,0.07643,0.342545,-0.035673,0.197893,0.416687,0.023004,0.171738,-0.168559,-0.221802,0.057401,0.090119,0.015079,0.404264,-0.023079,-0.317858,0.282671,-0.124376,0.086117,0.199059,0.115298,-0.079901,-0.014131,0.233862,#
6,0.193562,0.261535,0.050802,-0.210721,0.456174,0.058474,1.0,0.24659,0.29803,0.040831,0.175921,0.006797,0.198797,0.154976,0.338589,-0.133881,-0.280856,-0.051215,-0.127763,0.304183,0.027226,0.454499,0.357506,-0.176993,-0.237649,0.097357,0.158402,-0.206036,0.139228,0.318693,-0.398156,-0.007812,-0.074249,0.132072,0.065318,-0.001809,0.080172,-0.285968,0.181186,0.244013,-0.02329,0.375259,-0.240919,0.11781,-0.157615,-0.036939,0.077649,0.449038,0.154833,0.109909,0.338204,-0.121742,0.010275,-0.389365,0.020363,0.077291,-0.098522,0.256154,-0.134859,0.20853,0.236579,0.186136,-0.314149,0.175395,0.231819,0.205255,-0.124727,-0.034244,0.210995,-0.201453,0.1851,-0.453937,0.24355,-0.396374,-0.530218,0.469546,-0.193914,-0.346855,-0.301371,-0.160229,-0.431136,-0.314629,-0.129787,-0.503897,-0.48824,-0.288879,-0.144569,0.094918,-0.444782,-0.19876,-0.324851,-0.379399,-0.342904,0.187517,-0.481958,-0.25107,-0.11366,-0.125689,0.005873,-0.226978,-0.136264,0.012886,-0.185836,-0.020078,-0.365352,-0.283069,0.202439,-0.24815,-0.191385,-0.065026,0.316241,0.138278,-0.419954,-0.524811,-0.019871,0.080521,-0.19732,-0.131612,0.102168,-0.459504,-0.087287,-0.373063,-0.036708,-0.434228,0.129978,-0.053685,-0.339838,-0.034241,-0.374609,0.0188,-0.302623,-0.259989,-0.320464,-0.259768,-0.128718,-0.168527,0.059301,-0.026252,0.07381,-0.461605,-0.374791,-0.072159,-0.06995,-0.085469,-0.254967,-0.283546,-0.279679,0.665827,-0.113755,-0.444381,-0.06971,-0.313129,-0.351107,-0.085411,-0.258961,0.254018,0.273572,0.363703,-0.032626,-0.15923,0.282656,-0.015868,-0.168884,-0.109843,-0.093568,0.232972,-0.09607,0.152603,-0.039305,0.210308,-0.136646,-0.139265,-0.085747,-0.114188,0.387615,-0.252376,-0.260506,0.289506,0.512114,-0.352694,0.157836,0.404768,-0.084181,0.022977,0.382791,-0.011847,0.011388,0.002388,-0.249685,0.45696,0.084916,0.078665,0.274695,0.128206,0.264071,-0.009426,0.519782,-0.158798,-0.180621,0.037444,#
7,0.097216,0.257115,-0.069174,-0.28979,-0.090368,0.014357,0.24659,1.0,0.063564,0.007799,-0.297076,0.142849,0.181139,0.067722,-0.009091,-0.104276,-0.145191,0.140221,-0.118093,-0.025296,0.136543,0.465516,0.134496,0.22942,-0.190674,0.103321,0.397949,0.220943,-0.147428,-0.004893,-0.167929,0.531825,-0.218181,0.130666,0.019003,-0.011999,0.245774,-0.59837,0.120277,-0.101147,0.015567,0.244226,0.314589,-0.047809,-0.153081,-0.076424,0.307931,0.451713,-0.210802,-0.00268,0.079066,-0.143811,0.1776,-0.441417,-0.37005,-0.034391,0.340193,-0.283329,0.186324,0.274832,0.094785,0.357414,-0.009147,0.252549,0.281606,0.332311,-0.193221,0.056892,0.14782,-0.382247,0.355379,-0.064256,-0.370086,-0.076902,-0.318016,-0.068793,-0.176626,-0.076763,-0.418451,0.031367,0.097452,-0.199345,0.085949,-0.047698,0.042625,0.334015,0.156595,0.049835,0.08689,0.030035,0.018053,0.003194,-0.034791,0.156293,-0.223987,-0.006994,-0.111831,0.01832,-0.206236,-0.327357,-0.03915,-0.064096,-0.1741,-0.040799,-0.322464,-0.07421,0.067709,-0.1787,-0.028233,-0.318885,0.248368,0.175991,-0.277598,-0.09567,0.206932,-0.124016,-0.207776,0.310099,0.065048,-0.386005,-0.142329,-0.249341,0.108435,-0.174482,0.01829,0.105447,0.023485,-0.416893,0.081667,0.060703,-0.199345,-0.198666,0.368308,-0.084137,0.143243,0.107713,0.00166,-0.174111,0.164851,-0.399517,-0.132638,-0.382737,-0.030128,0.063202,0.158126,-0.131168,-0.389319,0.382625,-0.16375,0.079361,-0.26975,-0.166764,0.065028,-0.021633,0.154337,0.28787,0.094889,0.018419,-0.253901,0.196329,0.181195,-0.135834,-0.161528,0.169128,0.345352,0.09898,-0.092949,-0.100287,-0.201981,0.077014,0.020487,0.038633,0.003227,-0.031044,0.164062,-0.012508,-0.025154,0.095906,0.03918,-0.522638,0.089646,-0.019302,-0.017152,-0.140114,-0.208746,-0.131906,0.022487,0.086454,-0.220135,0.27487,0.347087,0.044511,0.256159,-0.155205,0.16417,0.209827,-0.029334,-0.08607,-0.025015,-0.134207,#
8,0.311097,0.236727,-0.056827,-0.169193,0.085041,-0.036347,0.29803,0.063564,1.0,0.309721,0.004901,-0.00163,0.377275,0.435882,0.357494,-0.255942,-0.702264,0.335934,0.373671,0.096637,0.099339,0.155609,0.691729,0.074244,0.040356,-0.248697,0.240517,0.290415,0.670404,0.416051,-0.24506,0.15792,0.257841,0.225855,-0.122241,-0.050528,0.084039,-0.235495,-0.005523,0.064235,0.086407,0.12664,-0.063404,0.125173,0.011001,-0.425353,0.462009,0.43867,0.104229,0.015876,-0.015537,-0.01006,-0.081465,-0.025641,-0.004287,-0.251353,0.147482,-0.147532,0.279876,-0.121005,0.301622,0.20456,-0.136558,0.122433,-0.059048,0.335467,0.042042,0.028525,0.447566,0.062673,0.219237,-0.297,0.061545,-0.20886,-0.191915,0.116649,-0.286773,-0.346675,-0.243593,-0.323619,-0.05964,-0.458643,-0.216808,-0.332708,-0.133682,0.047652,0.039415,0.014216,-0.297633,0.005025,-0.187595,0.008534,-0.779723,0.732507,-0.318355,-0.009736,0.133052,-0.230282,0.428454,-0.347495,-0.146242,-0.009537,-0.084682,-0.175978,-0.11895,-0.146605,-0.257385,-0.016736,-0.139374,-0.150052,0.418677,0.193022,-0.225634,-0.091816,-0.122947,-0.328871,-0.151971,0.057778,0.413337,-0.454776,-0.123038,-0.61206,0.341824,-0.589582,0.216019,0.11585,-0.136964,0.018239,-0.089131,-0.26876,-0.082075,-0.188146,0.007831,0.027424,-0.0949,0.083237,-0.214357,-0.127917,0.322196,-0.053175,-0.056894,-0.156594,-0.472207,-0.194884,-0.281046,0.037006,-0.033926,0.263812,-0.095729,-0.21256,-0.100422,-0.303953,-0.081078,-0.184653,-0.051527,0.23548,0.527153,0.66064,0.009515,0.091313,0.018344,-0.154789,-0.081649,0.149642,-0.108827,0.203013,-0.147659,-0.057902,-0.236128,0.31022,-0.333386,0.407295,-0.002566,-0.46018,0.662387,-0.304146,-0.356993,0.198575,0.293436,-0.445205,0.120483,0.119428,-0.347214,-0.089377,0.150959,0.041327,0.092567,0.006409,-0.471913,0.230099,0.110101,-0.141944,0.301809,0.011866,0.033821,-0.08183,0.427422,-0.21216,0.102952,0.025418,#
9,0.060459,0.390621,0.098003,-0.032755,0.208313,0.134561,0.040831,0.007799,0.309721,1.0,0.068508,-0.159832,0.295857,0.032326,0.499409,-0.124754,-0.456609,0.388889,0.061182,0.009398,0.103362,0.319947,0.331051,0.227514,0.049149,0.215981,0.036192,0.173558,0.038162,0.12545,-0.236319,0.29161,0.389297,0.377621,-0.542946,-0.089377,0.034413,-0.257222,0.409413,-0.064739,-0.152703,0.367968,0.169023,0.080097,0.226953,-0.13868,0.127873,0.442803,0.029692,0.416956,0.088053,0.118225,-0.055403,0.133617,0.04133,-0.09973,-0.059679,0.111927,-0.148027,0.051676,0.372218,0.276487,-0.455345,0.318434,0.064995,0.184914,-0.141053,0.288108,0.183067,-0.14982,0.284319,-0.143465,0.093884,0.059368,0.016266,0.102715,-0.159911,-0.39518,-0.046445,-0.280362,0.065734,-0.036659,-0.219621,-0.226528,-0.174412,0.141134,-0.378186,-0.12182,-0.235024,-0.135279,-0.162174,0.00278,-0.320612,0.290336,-0.198666,0.211538,0.223133,0.014843,0.293195,-0.4816,-0.064953,-0.292923,-0.30844,-0.182872,-0.280883,-0.095832,-0.43791,-0.311434,-0.366533,-0.285754,0.355607,0.019454,0.057483,-0.396398,-0.336648,-0.168325,-0.204092,-0.33516,0.369122,-0.400611,0.025617,-0.107628,0.242396,-0.296559,-0.009796,0.114236,-0.290128,-0.200444,-0.30257,-0.085,0.147798,-0.350046,0.005628,0.435889,-0.036659,0.12795,0.198741,-0.177012,0.34015,-0.276318,-0.106157,0.1449,-0.41925,-0.131213,-0.238033,0.017843,-0.033481,0.100846,-0.37501,-0.083124,-0.537483,0.185913,0.257721,0.198076,-0.236399,0.255355,0.364342,0.48322,-0.325126,0.036629,-0.17783,-0.110711,-0.101956,0.226578,-0.054053,0.564383,-0.225956,0.048252,-0.070795,-0.086199,-0.008974,0.247371,0.179779,-0.221052,0.29055,-0.108434,0.025617,-0.112011,-0.164694,-0.053709,-0.155527,0.240176,-0.343819,0.294026,-0.36538,-0.010464,0.043487,-0.189882,-0.324749,0.23515,-0.014357,0.163911,-0.237044,-0.231413,0.00015,-0.485041,0.083477,-0.107542,0.229438,0.002766,#
10,-0.217917,-0.193748,-0.210006,0.45576,0.127699,0.206713,0.175921,-0.297076,0.004901,0.068508,1.0,-0.270723,-0.345671,0.062282,0.388224,0.131496,-0.039349,-0.370127,-0.058529,0.09936,-0.112697,-0.129603,0.02774,0.008629,0.231134,0.166654,-0.054135,0.035475,0.027924,-0.298009,0.375442,-0.079512,0.066828,-0.11333,-0.034997,-0.152751,-0.125458,0.010408,0.070994,0.311409,-0.163356,-0.194185,-0.234051,0.255861,0.372517,0.081513,-0.202504,-0.177219,0.275664,0.0656,-0.113443,0.263148,-0.033448,-0.075863,0.136086,0.369554,-0.061332,0.058342,-0.045918,-0.001365,0.16517,0.213597,0.032369,-0.041423,-0.055899,-0.21038,0.064962,-0.269022,-0.423838,0.185627,-0.198475,0.047431,0.417425,0.193714,-0.001543,0.020086,-0.133363,-0.021745,0.04585,-0.01752,-0.41011,0.100567,0.388712,-0.387086,-0.33132,-0.244899,0.109145,0.170638,-0.515615,-0.160648,0.109922,-0.147648,-0.008245,-0.156877,0.093725,0.025689,-0.061849,0.066006,-0.209088,0.18852,-0.023694,0.12055,0.319351,0.01493,0.022284,0.045497,-0.185081,0.046173,0.158439,0.198515,-0.119093,-0.037819,-0.140037,-0.206997,-0.20952,-0.071223,0.325861,-0.069734,-0.039758,0.261211,0.374765,0.198754,0.198754,0.106648,0.106809,-0.070757,-0.062858,0.236851,-0.126644,-0.003366,0.112968,0.092614,-0.388005,-0.080958,-0.059152,0.281204,-0.053882,-0.180999,0.025252,0.051761,-0.07596,-0.004379,0.212841,-0.160459,0.049816,-0.052219,0.039735,-0.236874,0.483602,0.231913,0.21824,0.305376,-0.249935,0.082715,0.219267,0.1504,-0.082623,-0.119604,0.161249,0.10622,-0.314805,-0.074324,-0.043693,-0.4665,-0.293167,0.131051,0.262687,0.274724,0.135697,-0.194274,0.012823,-0.235427,-0.263415,0.065658,-0.007199,0.001685,0.026847,-0.077521,0.18101,0.288269,-0.023409,0.535964,0.09238,0.331991,0.010046,-0.083664,-0.088787,-0.453933,0.292618,-0.235888,-0.269301,0.097972,-0.058952,-0.043897,0.003496,-0.27822,0.068447,0.00345,-0.378883,-0.050245,#
11,0.133361,0.099412,-0.093774,-0.197238,0.05964,-0.119232,0.006797,0.142849,-0.00163,-0.159832,-0.270723,1.0,-0.03529,-0.266487,0.169719,0.081847,0.20478,-0.109468,-0.205749,-0.281793,-0.191234,0.123485,-0.215457,0.087949,-0.115221,0.179029,-0.200938,-0.12173,0.116479,0.387748,-0.205882,0.007029,0.010131,-0.161513,0.212888,0.009681,-0.503864,0.180328,-0.138682,0.107108,-0.170946,0.153976,-0.265249,-0.299913,-0.239523,-0.081087,-0.078598,-0.303852,-0.360544,0.037727,-0.405838,-0.068419,-0.143761,-0.053082,0.155271,-0.108693,-0.279145,-0.165826,-0.277554,0.242678,-0.185644,-0.191012,-0.003358,-0.086011,0.334532,-0.270396,-0.162959,-0.117176,-0.187737,-0.186554,0.037294,-0.143756,0.157443,-0.286857,-0.48629,-0.200012,-0.186947,-0.032421,-0.139196,0.134817,0.058213,-0.394189,-0.244741,0.106879,-0.211679,0.111428,0.102135,-0.150353,-0.073521,-0.322637,0.150935,-0.164663,-0.19952,-0.206795,-0.049389,-0.126144,0.073356,-0.12737,-0.07118,0.159157,-0.061122,-0.370897,-0.041353,-0.03159,-0.331044,-0.209661,0.314458,0.118935,-0.19336,-0.006895,-0.270052,0.121946,-0.485322,0.130998,-0.227854,-0.262061,-0.016217,0.104235,-0.556488,0.094512,-0.259629,-0.127673,-0.453511,0.168211,-0.02984,-0.106359,0.113133,-0.394619,-0.311595,0.282451,-0.216394,-0.139973,-0.035826,-0.137189,-0.400647,-0.020394,-0.100904,-0.345037,-0.133472,0.05423,0.130788,-0.073042,0.057113,-0.2832,-0.283091,-0.289997,0.193315,-0.041056,-0.261107,0.09157,-0.001786,-0.392049,0.111452,-0.133264,-0.288641,-0.238437,-0.056957,-0.116726,-0.02339,0.127827,0.171885,0.131243,-0.067195,-0.253537,-0.100464,-0.06743,0.009079,0.169781,0.168628,-0.243653,0.311768,-0.037049,-0.159945,0.228012,0.314038,-0.179666,-0.485124,0.075383,-0.001937,-0.143475,0.265841,-0.280802,0.388329,0.152295,0.439112,0.333479,0.37223,0.34739,0.076719,-0.091946,0.056708,0.254608,-0.110687,0.065586,-0.256934,0.384986,-0.125523,-0.203411,0.04875,-0.250289,#
12,0.488472,0.213053,0.027311,-0.100839,0.100258,-0.223583,0.198797,0.181139,0.377275,0.295857,-0.345671,-0.03529,1.0,0.262455,0.121216,-0.332194,-0.331688,0.351818,0.114498,0.400091,0.025107,0.147353,0.542133,-0.251125,-0.46959,-0.181629,0.072972,-0.17275,0.196381,0.091295,-0.44399,0.137896,0.295765,-0.137566,-0.052443,-0.196683,0.184223,-0.064853,0.026587,-0.299585,0.41348,0.575246,-0.022758,-0.154798,-0.094799,-0.274833,0.422794,0.511733,-0.025415,-0.041261,0.182448,0.045047,0.111917,0.026823,-0.32344,0.143132,0.239611,-0.000269,0.005009,0.076131,0.115449,0.174716,-0.112357,-0.130638,0.183205,0.357771,0.209555,0.417688,0.367343,-0.109704,0.597683,0.048228,-0.091896,-0.052504,-0.223007,0.334312,0.111193,-0.404065,0.092473,-0.120623,0.044816,-0.138917,-0.274647,-0.148918,0.20726,0.373444,-0.290749,0.259255,0.033057,0.118901,-0.27556,-0.056774,-0.37287,0.349926,-0.154819,0.197357,0.343888,-0.164816,0.34149,-0.540767,0.40789,-0.243033,-0.147279,-0.242103,-0.217473,0.191233,-0.106194,-0.050248,-0.525868,-0.086081,0.606509,-0.353756,0.08479,-0.228933,0.047011,-0.150837,-0.384665,0.06636,0.295502,-0.630961,0.024476,-0.535212,0.133486,-0.476281,0.104,0.27657,-0.597758,-0.082038,0.096424,-0.058568,-0.123097,-0.004653,0.067073,0.202482,0.03988,-0.04321,0.096182,0.116293,0.171746,-0.059658,-0.065086,-0.126791,-0.358987,-0.05134,-0.1879,0.004421,-0.338101,0.304981,-0.234685,0.017507,-0.367152,-0.467364,0.112812,0.022792,-0.025759,0.34612,0.388127,0.404217,0.048406,-0.283138,-0.128558,-0.261319,-0.432498,0.342399,0.149468,0.008811,0.018462,-0.204402,-0.085479,0.299234,-0.143485,0.053269,0.194575,-0.219382,0.345903,0.057934,0.017859,0.112723,0.02506,-0.423395,-0.066601,-0.064283,-0.507902,-0.470535,0.14208,-0.081322,0.236923,0.178152,-0.545368,0.428064,0.309851,-0.176846,-0.037587,-0.066185,-0.244711,-0.041948,0.219005,-0.30092,-0.017316,0.135417,#
13,0.399197,0.106759,-0.206361,-0.34912,-0.106557,0.390606,0.154976,0.067722,0.435882,0.032326,0.062282,-0.266487,0.262455,1.0,0.192769,-0.092484,-0.382732,0.265584,0.303867,0.2218,-0.202552,0.032154,0.595629,-0.209203,-0.102019,-0.605378,0.359143,0.358455,0.569387,0.161412,-0.139636,0.091591,0.309997,-0.303165,0.08518,0.014227,0.080578,0.056351,-0.134825,-0.218405,0.300602,0.276412,0.119354,0.430226,-0.252651,-0.645297,0.35886,0.42231,0.253902,0.158636,0.2065,0.165778,0.018297,-0.192264,-0.328624,-0.129247,0.210131,-0.266539,0.341973,0.116369,0.272387,0.244248,-0.1358,0.221036,0.240707,0.671678,0.263026,0.495809,0.289589,0.283737,0.128148,-0.23025,-0.004716,-0.296774,-0.147093,0.347477,0.019965,0.001595,-0.141097,-0.175655,-0.369315,-0.212906,-0.058213,0.118568,-0.022055,0.116925,0.110802,-0.012329,0.108888,-0.140287,-0.187724,-0.282252,-0.456124,0.451968,0.114295,-0.12561,0.054407,-0.264441,-0.037598,-0.613407,-0.24275,-0.016456,-0.187677,-0.169167,0.051125,0.241664,-0.117108,-0.4388,-0.301853,0.007203,0.664181,0.225769,0.010126,-0.16343,-0.037029,-0.275297,-0.469644,-0.023143,0.33725,-0.528202,-0.110488,-0.435181,-0.102569,-0.232526,-0.013471,0.217542,-0.183406,0.199364,0.001848,-0.55145,-0.194395,0.064035,-0.159031,0.382036,-0.3697,-0.180136,-0.11351,-0.308405,0.248043,-0.117883,-0.193556,-0.560299,-0.496921,-0.27744,-0.077416,0.224117,-0.456822,0.222692,0.304521,-0.227703,-0.005063,-0.350687,-0.209102,-0.099925,-0.113493,0.154109,0.494296,0.505166,-0.208747,-0.03982,-0.102622,-0.202527,-0.193633,0.447132,-0.080087,-0.068076,0.06375,0.183087,-0.182624,-0.034499,-0.033157,0.23975,0.070766,-0.272036,0.446355,0.201401,0.06923,0.060932,0.608234,-0.464707,0.19907,0.014354,-0.435344,-0.185913,0.13503,0.066697,-0.097928,-0.074087,-0.448149,0.531118,0.076589,-0.272351,0.395412,0.1404,0.032765,0.053577,0.528127,-0.34694,-0.061498,-0.022949,#
14,-0.123397,0.234791,-0.225571,-0.224899,0.252204,0.332722,0.338589,-0.009091,0.357494,0.499409,0.388224,0.169719,0.121216,0.192769,1.0,-0.148355,-0.283706,-0.167406,-0.319239,0.156296,-0.320429,0.343851,0.339891,0.062409,0.039252,0.16712,0.015345,0.19883,0.289458,0.134562,-0.092129,0.268257,0.372255,-0.017601,-0.212513,0.14213,-0.206531,-0.135026,0.174851,0.098775,-0.16116,0.479191,-0.366286,0.250914,0.020063,-0.116898,0.123403,0.151356,0.067107,0.459817,-0.101856,-0.165133,-0.036445,-0.288492,0.036661,-0.002216,-0.302346,0.170555,-0.33246,0.312501,0.170408,0.25124,-0.219203,0.253779,0.324282,-0.019772,-0.020758,0.099791,-0.101089,-0.224055,0.077434,-0.393472,0.484692,-0.279744,-0.471315,0.07008,-0.16282,-0.394809,-0.261095,-0.479258,-0.236287,-0.36613,-0.251565,-0.375601,-0.490198,-0.037741,-0.041061,-0.165028,-0.718456,-0.289751,-0.171642,-0.119668,-0.505829,0.149508,-0.205586,-0.003541,0.029319,-0.135801,0.159048,-0.294642,0.005365,-0.092735,-0.316861,-0.191173,-0.261326,-0.290237,-0.216581,-0.170856,-0.16282,-0.13951,0.168721,0.010637,-0.454726,-0.396042,-0.331135,-0.344815,-0.18015,-0.345145,0.009817,-0.215996,-0.177632,-0.272386,-0.077235,-0.131808,0.181613,-0.255034,-0.289288,-0.165204,-0.627462,-0.114964,-0.18661,-0.356078,-0.316284,0.297351,-0.343125,0.0904,-0.055131,-0.32021,0.176344,-0.057165,-0.117748,-0.166732,-0.236217,-0.321783,-0.392786,-0.352998,-0.013578,0.089822,0.017709,-0.089568,-0.090272,-0.16442,-0.129082,0.002476,-0.22866,0.245216,0.390364,0.382954,-0.13275,0.032629,-0.087704,-0.114362,-0.084385,-0.11652,-0.215419,0.383742,-0.056779,0.302942,0.088147,-0.097885,0.308907,-0.049089,0.003527,-0.25185,0.602593,-0.094348,-0.34722,-0.109269,0.306683,-0.241989,0.342168,0.246114,0.008965,0.29721,-0.047688,0.010351,0.031538,-0.175204,-0.153591,0.20906,-0.204774,0.347418,-0.067205,-0.164693,0.015333,-0.142714,0.251473,-0.275684,0.052546,0.044447,#
15,-0.197905,0.020793,-0.390427,0.006075,-0.430126,0.206607,-0.133881,-0.104276,-0.255942,-0.124754,0.131496,0.081847,-0.332194,-0.092484,-0.148355,1.0,0.119594,-0.25506,0.28902,0.129949,0.15001,0.165897,-0.381702,-0.200639,0.189312,0.036323,-0.198965,0.086575,0.02791,-0.130564,-0.213232,0.001021,0.066794,-0.104971,0.425151,0.015539,-0.38205,0.246883,-0.381225,0.244966,0.178285,-0.257849,-0.012792,-0.00091,0.159265,0.126625,-0.451955,-0.465899,0.19855,0.279218,0.124918,0.128792,-0.196839,0.16245,-0.061905,0.242601,0.149216,-0.129817,0.207271,0.277253,0.180378,-0.139272,0.111748,0.33558,0.157083,-0.11574,-0.233917,-0.086691,0.070068,0.106111,-0.148183,0.234829,0.166666,-0.120526,0.349192,-0.195204,-0.094507,0.152633,0.256147,-0.028009,-0.078186,-0.192466,0.101912,-0.203238,0.014701,-0.053628,0.095099,-0.300559,0.000835,0.178864,0.322651,-0.150582,0.164925,-0.491052,0.115908,0.054516,-0.038143,-0.446319,-0.55127,0.166033,-0.021877,0.120488,-0.216187,-0.027612,0.012986,0.088338,0.062043,-0.146138,-0.022527,-0.166334,-0.266266,-0.0378,0.060458,0.131996,-0.353407,-0.047121,0.153577,0.276623,-0.267626,0.414661,0.23349,0.392252,-0.133778,0.099895,-0.013529,-0.054564,0.487315,0.040854,0.137971,0.004057,-0.199227,0.092566,-0.011284,-0.066957,-0.215003,0.142119,-0.323447,-0.317399,-0.246619,-0.126134,-0.075921,0.085872,0.003095,0.344911,-0.081654,0.015337,-0.131747,-0.228479,-0.082694,-0.269509,0.225171,0.305996,-0.047867,0.127916,-0.116384,-0.014668,-0.571762,-0.085375,-0.007753,0.121585,-0.224308,-0.064318,-0.25213,-0.268869,-0.426206,0.133506,-0.114895,0.089218,-0.027383,0.186863,-0.155624,0.214571,-0.053047,0.272047,0.008283,-0.153679,0.071742,0.094628,-0.135426,0.3727,0.155031,0.237079,0.274359,0.176592,-0.02861,-0.104406,0.045523,0.039895,0.3514,-0.222568,-0.276411,-0.070464,-0.2082,0.091144,-0.237672,0.37651,0.082762,0.169212,-0.168194,-0.252257,#
16,-0.161976,-0.325078,0.007253,0.166923,0.114841,0.05603,-0.280856,-0.145191,-0.702264,-0.456609,-0.039349,0.20478,-0.331688,-0.382732,-0.283706,0.119594,1.0,-0.376748,-0.467255,-0.250502,-0.348739,-0.167996,-0.628746,0.057742,-0.026771,-0.06458,-0.418043,-0.141992,-0.337499,-0.278517,0.269426,-0.318094,-0.239876,-0.265358,0.290035,0.084302,-0.299773,0.326363,0.057851,0.168978,-0.203939,-0.277982,0.04273,-0.015438,0.008446,0.387499,-0.397348,-0.596955,-0.245749,-0.044475,0.022658,0.016616,-0.104564,0.083533,0.171596,0.057568,-0.130208,0.196511,-0.10643,0.15615,-0.251646,-0.194517,0.292525,-0.125025,0.126648,-0.212949,0.128312,-0.156868,-0.339897,0.050243,-0.372013,0.29966,0.16436,0.012846,-0.00397,-0.060178,0.263248,0.288521,0.223607,0.270797,-0.148274,0.255059,0.060579,0.253428,0.29476,-0.26515,-0.065623,-0.184571,0.214462,-0.022466,-0.054694,-0.022491,0.593437,-0.591213,0.263279,-0.202752,-0.165136,0.17523,-0.275262,0.465895,0.205034,-0.113455,0.270797,0.099044,0.145649,-0.138005,0.364519,0.171762,0.117594,0.322558,-0.56401,-0.065153,0.033302,0.079541,-0.049279,0.149558,0.2807,-0.098534,-0.600455,0.590219,-0.198695,0.359533,-0.33549,0.518107,0.099663,0.020783,0.057751,0.014017,0.06477,0.381836,-0.107359,0.528352,-0.232968,-0.350489,-0.095135,-0.278697,0.215926,-0.093308,-0.689692,0.037765,0.017981,0.241595,0.299319,0.130969,0.051101,-0.129904,-0.046743,-0.325715,0.114997,0.200509,0.257998,0.293525,-0.156229,0.149208,-0.115946,-0.407076,-0.525603,-0.652319,-0.023487,-0.195624,0.181734,0.035429,0.035407,-0.191121,-0.125416,-0.324953,0.320481,0.056546,0.252085,-0.153003,0.40449,-0.205887,-0.030554,0.396748,-0.464029,0.046764,0.161171,-0.185458,-0.24729,0.509306,-0.020118,-0.100283,0.662317,0.070349,0.003755,0.057759,0.065808,0.142804,0.492051,-0.354703,-0.139129,0.141021,0.019871,0.174523,-0.211629,0.256878,-0.382431,0.150106,-0.342599,-0.029013,#
17,0.227626,0.428573,0.016785,-0.101758,0.013165,-0.209992,-0.051215,0.140221,0.335934,0.388889,-0.370127,-0.109468,0.351818,0.265584,-0.167406,-0.25506,-0.376748,1.0,0.27055,0.030289,0.332509,-0.005124,0.502471,0.039535,-0.106117,-0.104489,0.249417,0.139154,0.214453,0.200761,-0.213482,0.121818,0.219135,0.426862,-0.218946,-0.087159,0.439811,-0.211343,0.11032,-0.327749,-0.121825,0.297055,0.635999,-0.066899,-0.084703,-0.481119,0.378668,0.430866,-0.062833,-0.123584,0.259632,0.106358,-0.205515,0.274672,0.126854,-0.229905,0.148172,-0.187375,0.221988,-0.164887,0.040881,0.171412,-0.336248,-0.110147,-0.187931,0.273287,0.310871,0.502413,0.500637,0.016186,0.105599,-0.090122,-0.263905,0.00082,0.158169,0.208827,-0.103393,-0.238264,0.028433,-0.169755,0.147179,-0.09741,-0.194692,0.214531,-0.019137,0.241431,-0.296103,0.229167,0.449939,0.012517,0.176809,-0.001331,-0.135514,0.634603,0.009843,0.12693,0.246359,0.009336,0.100726,-0.508503,-0.198563,-0.365336,-0.177939,0.046427,-0.039423,0.032131,-0.227004,-0.389573,-0.452748,-0.184572,0.46309,0.263811,0.449159,0.112866,0.171109,0.094987,-0.414887,-0.104532,0.443275,-0.492559,-0.069467,-0.222226,0.004356,-0.427188,-0.011147,0.312714,-0.021516,-0.212243,0.051323,-0.313883,0.129906,-0.122442,0.346049,0.124394,0.065467,0.018339,-0.019661,0.112385,0.41441,-0.120811,-0.106972,0.150324,-0.259147,-0.103075,-0.105441,0.131483,-0.060194,0.199038,-0.214014,-0.05351,-0.425117,-0.19367,0.085628,0.093164,-0.108703,-0.072767,0.390153,0.369638,-0.388891,-0.084331,0.099608,0.038591,0.032986,0.688611,0.083433,0.389155,-0.003779,-0.105539,-0.408494,0.062493,-0.302758,0.342325,0.085295,-0.288021,0.001673,-0.133179,0.085295,0.061186,0.077392,-0.162039,-0.232053,-0.289199,-0.510844,-0.102871,0.004094,0.06522,-0.044096,0.126912,-0.494958,0.380462,0.067708,-0.089126,-0.015962,0.028929,0.029348,-0.133516,0.161771,-0.259997,0.301707,-0.066264,#
18,0.266649,0.293778,0.09864,0.071078,-0.362262,-0.192748,-0.127763,-0.118093,0.373671,0.061182,-0.058529,-0.205749,0.114498,0.303867,-0.319239,0.28902,-0.467255,0.27055,1.0,0.083966,0.385272,-0.157099,0.06547,0.072303,0.05819,-0.158381,0.217151,0.073421,0.279115,0.095032,-0.228969,-0.129583,0.238869,0.058153,0.104804,-0.182031,0.047839,0.187447,-0.566966,-0.284229,0.333094,-0.267071,0.060783,0.016957,-0.07049,-0.483715,0.113405,0.09685,0.300054,-0.041524,-0.082917,0.379958,-0.148473,0.224384,-0.143459,-0.013791,0.100303,-0.327826,0.363713,-0.310747,0.164439,0.191614,-0.106712,0.134696,-0.233238,0.129652,0.155746,-0.107974,0.215855,0.412725,-0.060248,0.25245,-0.231861,0.232879,0.400569,-0.071093,-0.089228,0.111056,0.320699,-0.0611,0.068003,0.1232,0.332418,0.150785,0.088667,0.168008,0.114786,0.303099,0.203982,0.28968,0.308873,-0.08847,-0.212637,0.205481,0.088492,0.319628,0.259903,-0.065082,0.003856,-0.089952,-0.012714,0.040419,-0.069239,-0.011452,-0.133792,0.414269,-0.37224,-0.12672,-0.058393,-0.086579,0.203351,-0.011453,0.392393,0.167941,0.145839,-0.004856,0.127246,0.32157,0.360426,-0.055848,0.319462,0.017165,0.267947,-0.192548,-0.003872,0.213637,0.210126,0.38188,0.460698,-0.118502,0.182166,0.083669,0.135354,0.125594,0.002909,0.393421,-0.24924,0.016577,0.12203,-0.007059,0.084091,-0.180309,-0.341703,0.098197,0.163271,0.437971,0.138389,-0.0217,-0.108117,-0.135522,0.167686,0.101134,0.272746,0.104306,0.189611,0.156506,-0.00365,0.271231,0.265081,0.331471,-0.282252,0.069127,-0.078381,0.111011,0.012344,-0.006863,-0.003758,-0.006879,0.004708,0.280171,-0.713119,0.453537,0.090289,0.152942,0.082399,0.198546,0.289515,0.00045,-0.004146,-0.110589,-0.153921,-0.052343,-0.274435,-0.333213,0.024201,-0.134462,-0.20394,0.096109,-0.122382,-0.030822,0.021172,-0.34892,0.069671,-0.043819,-0.144905,-0.190995,0.313141,-0.116765,0.036373,-0.213714,#
19,-0.079574,0.357257,-0.136625,0.114787,0.000294,-0.046846,0.304183,-0.025296,0.096637,0.009398,0.09936,-0.281793,0.400091,0.2218,0.156296,0.129949,-0.250502,0.030289,0.083966,1.0,0.062622,0.233238,0.204843,-0.348624,-0.382434,-0.17441,0.391642,-0.05003,0.110057,-0.012879,-0.297594,0.228293,0.208968,-0.074242,0.336328,-0.243348,0.109028,0.098004,-0.243178,-0.058384,0.444795,0.368266,-0.199617,-0.09739,-0.054185,-0.021515,0.218574,0.312984,0.34634,0.111145,0.282104,-0.283843,-0.05421,0.150043,-0.260284,0.347685,-0.008343,0.027483,0.108166,-0.081413,0.039753,-0.124478,-0.046275,0.088992,0.075378,0.093954,0.229886,0.396602,0.086885,0.094285,0.15467,-0.147205,0.211417,-0.116083,0.158066,0.170008,0.235784,-0.232866,-0.015801,-0.15152,-0.168341,-0.057099,-0.151984,-0.448125,0.188166,0.107098,-0.114361,0.164686,0.031936,0.141044,0.047784,-0.237849,-0.289278,0.08239,-0.087178,0.22899,0.515244,-0.267667,-0.092573,-0.206331,0.272913,0.024544,-0.368796,-0.132137,-0.061044,0.122671,-0.05122,-0.145338,-0.154902,-0.04387,0.431552,-0.206301,0.076384,-0.234163,0.014688,0.025803,-0.297567,-0.075809,0.206952,-0.272746,0.032884,-0.099526,0.050926,-0.449026,0.245655,0.076384,-0.348595,0.131814,0.023421,-0.118367,-0.240662,-0.008258,-0.16841,-0.060719,0.106164,-0.02441,-0.206322,0.239685,-0.060042,0.143854,0.053676,0.136961,-0.314279,0.138941,-0.226953,-0.234348,-0.383594,0.177228,0.049334,-0.182251,0.003714,-0.352732,-0.11639,0.247252,0.149609,0.409429,0.10843,0.16627,0.32517,-0.279615,-0.228822,-0.348456,-0.146563,0.231138,-0.026848,0.131377,0.114568,0.145256,-0.419148,0.45521,-0.279986,-0.103769,0.205622,-0.38049,0.199825,0.261946,0.032884,0.139705,0.108628,-0.010374,0.035602,0.214978,-0.179749,-0.245991,0.026609,-0.184255,0.072587,-0.007403,-0.377831,0.350593,-0.024133,0.025135,0.063157,0.027807,-0.24349,-0.133311,0.334585,-0.094135,-0.214196,0.381154,#
20,-0.169734,0.061834,0.195488,0.233324,-0.296955,-0.320274,0.027226,0.136543,0.099339,0.103362,-0.112697,-0.191234,0.025107,-0.202552,-0.320429,0.15001,-0.348739,0.332509,0.385272,0.062622,1.0,-0.013905,0.034981,-0.069584,-0.014822,0.270304,0.062276,-0.262225,-0.068914,0.057707,0.044367,-0.121831,-0.125907,0.557893,0.035663,0.109208,0.255161,-0.520454,-0.185943,-0.086516,0.009455,-0.077319,0.32647,-0.243608,0.122241,0.005229,-0.044429,0.123441,-0.048482,-0.323915,-0.105499,0.08226,-0.320685,0.411999,-0.338016,-0.0636,-0.029948,-0.07551,0.267742,-0.133841,0.272026,0.003308,-0.308045,-0.253678,-0.19766,-0.127894,-0.291741,0.000158,0.285557,0.106287,-0.248297,0.150493,-0.213567,0.38542,0.261813,0.204629,-0.123929,-0.320416,-0.047672,-0.11247,0.471849,-0.050655,0.29258,-0.117937,0.065801,-0.032865,-0.01594,0.278389,0.200865,0.264923,0.361503,0.008047,0.14588,0.170759,-0.481511,-0.011363,0.107648,-0.169495,-0.303738,0.00399,0.146821,0.035097,-0.091214,-0.089558,-0.170634,0.097104,-0.033075,0.120904,0.069781,-0.444346,0.073747,-0.157745,0.203261,0.155338,0.351538,0.45099,0.072164,0.233827,0.289584,-0.028172,0.271741,0.194872,0.382026,-0.343341,0.17305,-0.070153,0.040134,0.036971,0.282953,0.015077,0.411402,-0.292866,0.354963,-0.065432,0.226579,0.428813,-0.157762,0.328428,0.236104,0.060332,-0.056797,0.092092,0.07872,0.055234,0.319346,0.214802,0.191945,0.370458,-0.219548,-0.224238,-0.286143,0.163671,0.221871,-0.019604,0.328603,0.103954,-0.067416,0.191668,0.303705,-0.213804,-0.050096,0.000132,-0.070226,0.008367,0.036068,0.384438,-0.239921,-0.344647,-0.320495,0.328478,-0.278048,0.360794,-0.021583,0.140501,-0.208642,-0.083008,-0.021583,0.425489,-0.005618,0.134608,-0.185952,0.136682,-0.265166,0.001194,0.045394,-0.234625,-0.193124,0.236596,-0.007288,-0.003884,-0.148773,-0.066933,-0.130753,0.050227,0.091329,0.069614,0.296732,0.102063,0.343385,0.007451,#
