0,1.0,0.047916,-0.400847,0.137415,0.007033,-0.029235,0.313387,-0.335191,0.068852,-0.180112,0.609486,0.716546,0.055406,0.19281,0.254708,-0.184154,0.202389,-0.566059,0.196477,-0.177681,0.0116,0.038788,-0.110325,0.220345,0.15665,0.130933,-0.110232,0.266164,0.092284,-0.252351,-0.112734,-0.087727,0.034125,-0.053298,0.217224,-0.268972,-0.16422,-0.080389,0.408804,-0.153736,0.051188,0.04422,0.068284,0.067152,0.164106,0.286636,-0.007958,0.077235,-0.43678,-0.205923,-0.236374,-0.08811,-0.052223,-0.199451,0.020179,0.003306,-0.091947,0.454585,-0.123842,-0.341498,-0.053244,0.137911,-0.286683,-0.238125,-0.464023,-0.073884,0.341934,-0.180605,-0.288325,-0.30136,0.013171,-0.138826,0.045774,-0.133573,0.23688,-0.152173,-0.345126,0.010504,-0.427498,-0.061525,-0.349196,-0.183054,0.159555,-0.524963,-0.006011,-0.120237,0.079635,-0.258898,0.047941,0.072213,-0.427379,-0.248157,0.042317,-0.366661,-0.128577,-0.10838,0.198113,-0.343518,-0.362054,0.050465,0.364396,-0.043681,-0.080063,0.003172,-0.046679,-0.244721,-0.180226,-0.114415,-0.204855,0.034363,-0.213193,0.014973,0.000727,0.012044,-0.174162,0.147634,0.042768,-0.131197,-0.142037,-0.02551,-0.151077,0.183735,-0.211469,0.54827,-0.005193,-0.196898,-0.718748,0.211598,-0.454979,-0.173593,-0.524474,-0.359711,-0.115154,0.206117,-0.115154,0.01593,-0.022142,-0.610743,0.29054,-0.491529,0.015075,-0.117126,0.159054,-0.047894,-0.142187,-0.232561,-0.033213,0.043556,-0.228991,-0.347968,0.350238,-0.093192,-0.506097,0.069875,-0.128036,-0.168112,-0.073671,0.209533,-0.050887,-0.001434,-0.17267,-0.264309,0.095703,-0.368353,-0.316174,0.094579,-0.055964,0.01949,-0.358559,0.199255,0.344511,-0.556353,0.254417,0.150469,0.203078,-0.054961,-0.176526,0.361184,0.070894,-0.367921,-0.095332,0.12176,-0.033511,0.10434,0.037079,-0.223826,0.048156,0.049489,0.154525,0.235245,-0.549915,0.442481,0.315035,-0.058616,0.090129,0.041279,-0.274849,-0.355789,-0.103051,-0.452813,#
1,0.047916,1.0,-0.083579,-0.2421,-0.098607,-0.005324,-0.266759,-0.059022,0.013701,0.126279,-0.169026,0.146021,0.435813,0.426845,-0.142179,0.277204,0.266282,0.064819,0.290323,-0.151493,-0.039444,0.164319,-0.199091,-0.118089,0.23858,-0.164568,-0.236039,0.133941,0.183381,-0.035478,0.159431,-0.128971,-0.067806,0.065142,0.186683,-0.023515,-0.169811,0.048365,0.246102,-0.497147,0.074498,-0.13981,0.046699,-0.260806,-0.437506,-0.044847,-0.173971,0.009512,-0.120478,0.203418,0.075547,-0.309357,-0.188859,0.209848,-0.151639,-0.007816,0.221239,-0.133567,0.152597,-0.072851,0.041742,-0.16552,-0.152171,-0.043699,0.192519,0.095757,-0.164911,-0.042044,-0.255097,-0.209687,-0.090064,-0.124822,-0.31947,0.180952,0.068719,0.479292,-0.031971,-0.081287,0.131877,-0.168153,-0.179458,-0.353342,0.089918,-0.086005,-0.237727,-0.145133,-0.062742,0.189489,0.055444,-0.089808,0.061077,-0.019831,0.071552,-0.257169,-0.147218,0.131877,-0.002372,0.275053,0.267711,-0.047824,-0.212935,-0.24913,-0.001237,0.268242,0.07049,-0.076862,0.175918,0.093584,-0.343823,-0.320986,0.405766,-0.216282,-0.106088,0.043035,-0.133721,-0.138398,-0.324422,-0.249573,-0.122216,-0.005017,-0.09938,0.200824,-0.328025,-0.17839,-0.331545,-0.193609,-0.393098,0.191498,-0.259594,-0.143102,-0.277396,-0.131661,-0.361534,0.044739,-0.361534,0.142416,0.11165,-0.157231,0.180365,-0.309079,-0.195592,-0.106008,0.243943,-0.187078,0.048215,-0.108565,-0.28038,-0.032708,0.295612,0.210964,-0.088185,0.374385,0.283104,-0.048435,0.193582,-0.361244,0.204984,0.260197,0.099906,0.113694,0.007821,0.015446,0.028411,0.17863,-0.068317,0.331089,0.233918,0.420586,-0.213291,0.098996,0.075926,-0.203724,0.079882,0.204416,-0.066601,0.082386,-0.085886,0.367331,0.090942,-0.187801,0.339517,-0.319492,0.086811,0.033358,0.182788,0.166416,0.176,-0.133047,-0.133791,0.347536,-0.2517,0.247544,-0.104489,0.225346,0.100971,0.359416,0.0225,0.019118,0.306753,0.137386,#
2,-0.400847,-0.083579,1.0,-0.186088,-0.114301,-0.225403,-0.204489,-0.187486,-0.079712,0.032457,-0.620471,-0.434532,-0.088314,-0.135954,0.01755,0.216629,-0.224302,0.522313,-0.378495,0.091843,-0.207184,-0.223282,-0.19024,-0.039968,0.427396,-0.162732,0.025754,-0.028419,-0.079268,0.133966,-0.185626,-0.243992,-0.349305,0.212985,-0.054094,-0.05896,0.0681,0.402698,0.088184,-0.022007,-0.121635,-0.215698,-0.148905,0.027261,0.017931,-0.180038,-0.406162,-0.319413,0.182869,0.213896,0.035799,0.046443,0.128137,0.180517,-0.225997,-0.106966,0.169334,-0.212934,-0.046012,-0.206751,0.113677,0.112062,0.173025,-0.171322,0.122943,0.233402,0.162453,-0.292403,0.07326,0.318062,-0.214656,-0.094229,-0.335351,0.227888,0.022851,-0.148749,-0.155446,0.066978,0.160669,-0.067679,0.283822,0.081725,0.24419,0.270151,0.008598,0.003039,0.124506,0.118719,-0.029922,0.291276,0.201001,-0.059014,-0.043453,0.210965,-0.039506,0.13633,-0.120479,0.261974,0.013063,0.06135,-0.360652,-0.342433,0.218424,-0.028568,-0.109406,0.299709,0.026091,0.047111,0.106344,0.093696,0.178667,-0.037239,0.103329,0.169336,0.178241,0.10206,0.084052,0.228012,-0.298454,0.082716,0.087473,0.027892,0.029059,-0.429357,-0.29033,0.060951,0.309944,-0.051819,0.165901,0.274855,0.349456,0.276321,-0.014655,0.15398,0.16281,-0.294861,0.122758,0.058575,-0.408158,0.282558,-0.021629,0.028955,-0.081024,-0.352859,0.166082,0.147183,0.148548,-0.085547,0.038936,0.295956,-0.3067,0.308554,0.005378,0.043767,-0.004043,0.278613,0.045365,-0.112505,0.038525,-0.109674,0.024191,-0.147233,-0.25586,0.319618,0.124818,-0.024328,-0.10106,-0.042659,0.356041,0.120679,-0.24269,0.165264,0.196632,0.049922,-0.411055,0.407555,0.329786,-0.223281,-0.192165,0.090152,-0.34315,0.08018,0.192072,-0.276021,-0.084451,0.241681,0.122678,-0.3117,-0.122983,-0.519536,0.407954,-0.179351,-0.300484,-0.003988,-0.327369,0.052104,0.151627,0.298818,0.266074,0.347966,#
3,0.137415,-0.2421,-0.186088,1.0,0.034094,0.193105,0.017398,0.139294,-0.43079,-0.121619,0.056369,0.119935,-0.048454,-0.338253,0.059512,-0.186589,-0.002812,-0.024224,-0.025439,0.174388,0.331019,-0.3805,-0.254209,-0.065893,-0.215861,0.046002,-0.119676,0.222883,0.28773,-0.318777,0.304035,0.054292,0.330887,-0.111647,0.004235,0.068425,-0.143795,-0.375691,0.084043,0.175647,0.181755,0.114582,-0.04351,-0.093979,0.035504,0.344577,0.124144,-0.33453,-0.0929,-0.504506,-0.264007,0.487669,0.002761,0.133841,0.29825,-0.462349,0.075174,0.395003,-0.038573,-0.099288,-0.590924,-0.182032,-0.24887,0.153098,-0.131903,-0.320438,0.118055,0.016882,0.110953,0.023524,0.019766,-0.352043,-0.049325,0.277372,0.262879,-0.228935,0.015993,0.478294,0.098546,0.030189,0.015476,0.13119,0.004797,0.133965,0.188036,0.125786,0.255577,-0.087697,0.333691,-0.078823,0.226889,0.250618,0.135856,-0.017512,0.275979,0.402682,0.252249,-0.083678,0.035101,0.148243,0.252864,0.037222,0.421772,0.132022,0.020383,0.076632,-0.12587,0.289199,-0.188983,-0.055169,-0.11556,-0.003483,-0.000765,-0.031482,-0.064096,0.01689,0.358122,0.446878,0.080904,0.252489,0.1586,0.060053,0.045106,0.377533,0.203219,0.285478,-0.140151,-0.408967,0.178301,0.327518,-0.061828,0.304801,0.444744,0.073442,0.281447,-0.017061,0.018641,0.057443,0.056793,0.309435,0.140663,0.094598,0.272198,0.084306,0.133667,-0.186102,0.309903,-0.585484,-0.105984,-0.243938,-0.014866,-0.073198,-0.015112,0.148243,0.333514,0.011381,-0.17932,-0.396895,-0.096315,-0.005809,0.104947,0.117891,0.452334,-0.16786,-0.044991,-0.298836,0.246749,-0.453071,-0.028268,-0.180649,0.276956,0.150905,-0.259653,0.119774,-0.062,0.218361,-0.03158,-0.239777,-0.276795,0.365623,-0.271522,0.163389,-0.251027,-0.136961,-0.102677,-0.170849,0.067539,0.178769,0.395098,-0.104678,0.153233,-0.252412,-0.15683,-0.157359,-0.157503,-0.112535,-0.376382,-0.436335,-0.084005,-0.061901,#
4,0.007033,-0.098607,-0.114301,0.034094,1.0,-0.086672,0.296041,0.049691,-0.112768,-0.332246,0.09496,-0.076807,-0.104649,-0.267012,0.079414,-0.466559,0.106969,-0.306756,0.355917,-0.208185,0.004918,-0.179949,0.230021,0.066173,-0.087145,-0.037627,0.024316,-0.255878,-0.01579,0.175293,-0.186785,-0.0246,0.054043,-0.323513,0.132033,-0.030117,-0.045552,-0.331204,0.042677,0.488732,-0.066746,-0.138049,-0.196658,-0.248917,-0.326849,0.0535,0.061221,0.08726,-0.002805,0.092731,-0.066761,0.265361,-0.246379,-0.005764,-0.093223,-0.318435,-0.394292,0.130833,0.108028,0.15469,-0.199736,-0.03534,-0.038453,-0.269499,0.213556,0.03077,-0.004709,0.016773,0.173477,0.136129,-0.171471,0.169954,0.052028,-0.232613,0.028292,0.166534,-0.158472,-0.287933,-0.102994,-0.306265,-0.278691,-0.036977,0.107982,-0.323285,0.174251,-0.177133,-0.210558,0.174198,0.089827,-0.112452,-0.152922,0.014895,0.015918,-0.07171,0.153372,-0.449556,0.301894,-0.154672,0.098005,-0.177334,0.395984,0.152606,-0.053755,-0.337701,-0.248163,0.060985,-0.335695,-0.274606,-0.39426,0.049361,-0.005946,0.122343,-0.475791,-0.269714,-0.141629,0.130073,0.032341,0.283013,0.009671,-0.114278,-0.040377,-0.326882,-0.063637,0.098573,-0.01139,-0.021077,0.034074,-0.024444,-0.223985,-0.22313,-0.178576,-0.215186,0.173469,-0.008476,-0.003201,-0.027223,0.076664,0.021794,0.170069,-0.31208,-0.290068,-0.166777,0.166964,0.140335,-0.189309,-0.087681,0.076664,0.124776,-0.053881,0.035013,0.054132,-0.046511,-0.127798,0.256772,-0.235344,-0.050566,-0.107273,0.169035,-0.231709,-0.036988,-0.276149,0.095265,-0.025685,0.047575,-0.085557,-0.083012,-0.031448,0.030042,0.046634,0.27556,0.196307,0.18225,-0.219829,0.024685,0.090659,-0.22896,0.029041,0.074087,-0.04773,0.065686,-0.058294,0.163031,0.059739,0.057986,0.171179,-0.135583,-0.380833,0.337289,0.523506,0.054573,-0.273453,0.068848,0.409787,0.283106,-0.074723,-0.181225,0.136839,0.0427,-0.268394,-0.129766,#
5,-0.029235,-0.005324,-0.225403,0.193105,-0.086672,1.0,0.219324,0.242426,0.108899,0.301401,-0.201086,0.003638,0.230269,-0.070562,0.38307,-0.002298,0.17365,0.252337,0.213758,-0.07504,-0.339851,-0.037188,0.290085,-0.070399,-0.039936,0.421488,-0.372832,-0.233887,0.351012,0.119298,0.044413,0.106532,0.10551,0.233716,-0.159145,0.331222,0.150733,-0.040409,-0.175175,-0.329949,-0.276411,-0.076304,0.077601,0.038728,0.250973,-0.159048,0.250631,-0.185909,0.352717,-0.201659,0.035585,-0.360919,0.111483,0.010949,0.10267,-0.06526,-0.036954,-0.133462,-0.008139,0.162835,0.116861,-0.116401,-0.024415,-0.03433,-0.283406,-0.258427,-0.038321,0.089101,-0.0016,-0.350255,-0.076484,0.303981,-0.128986,0.029382,0.225317,-0.202218,0.20457,-0.103298,-0.035746,0.306891,-0.057115,-0.086946,-0.293258,0.259662,-0.172766,-0.0151,-0.094247,-0.048012,-0.007574,-0.216815,0.053598,-0.229774,-0.36436,-0.415193,-0.043189,0.138475,-0.259271,0.069543,-0.173769,-0.123707,0.351799,0.369187,-0.296928,-0.031406,-0.120271,-0.409259,-0.325357,-0.115967,0.074976,0.072915,0.026107,0.177791,-0.096368,-0.022934,-0.017073,-0.132404,0.090212,0.046,0.197552,-0.240921,0.105923,-0.178366,-0.133997,0.175862,-0.052445,-0.006583,0.104815,-0.227722,-0.33414,0.095415,-0.021307,0.079591,-0.029013,-0.06393,-0.391874,-0.07973,0.169142,0.023217,0.249952,-0.111264,0.198911,-0.333736,-0.277063,-0.006822,-0.029419,-0.228132,0.181956,0.209872,-0.523933,-0.367302,0.066841,-0.458277,0.186584,-0.366327,0.294023,-0.082683,0.206946,0.056829,-0.137834,0.103808,-0.051512,0.238475,0.371495,-0.251227,0.446981,0.059742,-0.051442,0.030477,0.169874,-0.326414,-0.001027,-0.10108,-0.192798,-0.264588,0.326738,-0.34621,-0.168557,0.148096,0.051749,-0.053028,0.409784,0.275338,-0.312326,-0.04885,0.333003,-0.152843,0.148084,-0.040205,-0.020633,0.074074,-0.197427,0.099992,-0.093911,0.026746,-0.237896,0.525806,0.110988,0.059056,-0.270782,-0.042458,#
6,0.313387,-0.266759,-0.204489,0.017398,0.296041,0.219324,1.0,-0.255003,0.446912,-0.056116,0.294825,0.323577,-0.242541,-0.289755,0.004992,-0.221005,0.168159,-0.13389,-0.019605,-0.102258,-0.352051,-0.216437,-0.115829,0.304986,-0.053208,0.225147,-0.352065,-0.01501,0.144217,-0.066483,-0.249836,0.052234,0.09539,-0.300336,0.030145,-0.071066,0.556278,-0.227109,0.38409,0.23523,-0.075243,0.022168,-0.159915,0.201992,0.015577,0.193265,-0.098208,-0.090235,0.072355,-0.212038,-0.163261,-0.371502,0.173854,-0.047183,0.44747,-0.209116,-0.238249,0.030052,0.214946,-0.250737,-0.086111,0.243177,-0.034487,-0.051194,0.035473,0.244044,0.222951,-0.008169,0.367353,-0.317374,0.022078,-0.042574,0.085558,-0.319256,-0.146684,-0.18788,-0.173852,-0.499272,-0.232637,0.102795,-0.431969,0.275707,0.263495,-0.310643,-0.170465,-0.220196,-0.292337,-0.035314,-0.200928,-0.242772,-0.129192,-0.426256,-0.37852,-0.007775,-0.408149,-0.232637,0.225938,-0.144327,-0.370053,-0.161256,0.342145,0.35494,-0.308295,-0.208629,-0.359001,-0.227406,-0.174356,-0.31122,-0.112851,-0.155139,0.029247,0.00546,0.069163,-0.43137,-0.291204,0.056518,0.069875,0.056747,0.178461,-0.065805,-0.267821,0.013855,-0.165537,0.169583,0.008204,-0.02162,-0.067084,-0.036288,-0.307347,-0.106488,-0.24806,-0.095481,-0.03248,0.142984,-0.223057,-0.259185,-0.150502,-0.345412,0.044126,-0.303489,-0.035223,-0.355395,-0.29201,-0.183298,-0.216134,-0.253298,0.183376,0.306509,-0.154773,-0.588931,0.24439,-0.47279,-0.420255,-0.131238,0.002659,0.075061,0.118954,0.239428,-0.151494,-0.095433,-0.406487,-0.116473,0.130133,0.031926,-0.222592,0.033617,-0.086286,0.010556,-0.030797,-0.326407,0.334895,-0.385938,0.14412,-0.002095,0.313738,-0.175305,0.041667,0.297619,0.212395,-0.245181,0.047529,0.261244,-0.331412,0.10681,-0.052943,-0.25255,-0.070744,-0.042279,0.048795,0.431166,-0.421328,0.296119,0.253625,0.198253,0.017124,-0.04276,0.086529,0.053549,-0.101444,-0.039707,#
7,-0.335191,-0.059022,-0.187486,0.139294,0.049691,0.242426,-0.255003,1.0,-0.376245,0.123856,-0.036949,-0.253127,0.495,-0.194934,0.069193,0.302732,0.162041,0.144323,-0.178954,-0.28408,0.157547,0.065196,0.338712,0.014481,-0.273418,-0.024405,-0.164082,-0.169408,-0.293703,0.101075,0.070657,0.101401,0.175865,0.208193,-0.23737,0.134605,-0.199123,-0.274491,-0.582632,0.18256,-0.206924,0.127401,0.006781,-0.053278,0.076637,-0.041849,0.788517,-0.048637,0.463974,0.123474,0.081974,-0.040334,0.088393,-0.24862,-0.089453,0.08125,0.389879,-0.194233,-0.022103,0.63945,0.01948,-0.449334,0.159327,0.28038,0.02035,-0.155731,-0.220063,0.103509,-0.013369,-0.162928,0.24305,0.150797,-0.249251,0.207003,0.205708,-0.109006,-0.122354,-0.086135,-0.020961,0.011876,0.033951,-0.289739,-0.462972,0.180108,0.165942,-0.151479,0.245559,0.105309,0.242001,0.146269,0.091595,0.229929,0.0814,-0.013411,-0.082712,0.166869,-0.024997,-0.030038,0.350471,-0.247619,-0.02955,0.101574,-0.063142,0.256147,-0.09328,0.168504,-0.179679,-0.026633,0.264539,0.239329,-0.005011,0.097652,0.057522,0.317381,-0.123208,-0.047708,0.143025,-0.112507,-0.114314,-0.18868,0.31592,-0.388967,-0.106108,0.121133,0.075367,-0.093792,0.212427,-0.006123,0.202258,-0.083026,-0.166701,0.192687,0.065305,-0.184879,0.065305,0.331699,-0.084862,0.154234,-0.149546,0.131785,-0.224048,0.007144,-0.192956,0.178601,-0.09037,-0.117371,-0.010854,0.316939,-0.064726,0.127934,-0.045308,-0.172735,0.224406,0.143551,-0.029174,-0.073902,-0.017193,0.093304,0.109294,0.208446,-0.184387,0.310481,0.135245,0.121476,0.529555,-0.332511,-0.366764,-0.08264,0.090739,0.112022,-0.176686,0.254185,-0.583243,-0.133777,0.147485,0.028855,-0.325687,-0.180826,-0.287933,0.09977,0.209601,0.2581,0.236784,-0.131526,0.343369,0.106409,0.113002,0.058106,-0.01634,0.161437,0.078429,-0.378008,-0.126928,0.178195,-0.059613,-0.018155,0.083348,0.123104,-0.137674,0.023053,#
8,0.068852,0.013701,-0.079712,-0.43079,-0.112768,0.108899,0.446912,-0.376245,1.0,0.43741,-0.019026,0.063794,0.021529,0.283657,-0.157498,0.044313,0.02255,0.098172,0.000614,0.246462,-0.262708,0.001884,0.009168,0.090757,0.029026,0.329416,0.078214,0.019816,0.157965,-0.067125,-0.041111,-0.098546,0.079651,-0.031781,-0.222493,0.009543,0.442747,0.117728,0.06144,-0.140462,0.130632,-0.09454,0.003512,0.202913,-0.097212,-0.32284,-0.39198,0.127403,-0.162841,0.102954,-0.144886,-0.544431,0.207701,0.305412,0.26025,0.027585,-0.289463,-0.460368,0.03061,-0.116084,0.113404,0.000853,0.032255,-0.115629,0.263971,0.118897,0.127952,0.154185,-0.143232,-0.077805,0.015789,-0.045214,0.086268,-0.394744,-0.382938,0.183333,-0.096297,-0.380245,-0.160211,0.224999,-0.426358,0.072089,0.230479,0.093023,-0.437175,-0.033832,-0.189687,-0.270511,-0.451782,-0.352159,-0.164957,-0.629039,-0.673254,0.098884,-0.203655,-0.160211,-0.349428,0.077994,-0.200577,-0.112208,-0.126335,0.230979,-0.182142,-0.064927,0.081283,-0.174289,0.078512,-0.226523,0.184691,-0.131122,0.240904,-0.184033,-0.083927,-0.159365,0.050719,0.217749,-0.514211,-0.528561,0.251051,-0.296718,-0.423162,0.203665,-0.112109,-0.221251,-0.196222,-0.106026,0.080311,0.074336,-0.204427,-0.43282,0.19041,0.09392,-0.352569,-0.1559,-0.352569,-0.076033,-0.00895,-0.175084,0.177139,-0.357127,-0.116151,-0.059554,-0.403492,-0.245723,-0.34622,0.054684,-0.303368,0.342253,-0.08563,-0.301848,-0.093914,-0.302483,-0.095466,-0.51413,0.093023,-0.16538,0.450991,0.495813,-0.424693,-0.245631,0.0889,-0.006279,-0.179817,-0.125226,-0.014787,0.257295,-0.016617,0.152761,0.078849,-0.209997,-0.240409,-0.388574,0.175924,0.085813,0.108727,-0.321328,0.216974,0.270942,0.682046,-0.416844,0.196596,-0.142686,-0.18902,0.088491,-0.147344,-0.249603,0.020155,-0.164406,-0.439441,0.294636,-0.19924,0.220069,0.095821,0.294065,0.095265,-0.012918,0.272924,0.010508,-0.086551,0.337062,#
9,-0.180112,0.126279,0.032457,-0.121619,-0.332246,0.301401,-0.056116,0.123856,0.43741,1.0,-0.326522,-0.085105,0.335607,0.445594,-0.005845,0.09115,-0.260274,0.274194,-0.128992,0.066809,-0.363032,0.018247,0.130005,0.135953,-0.11523,0.246212,-0.089704,-0.206002,0.394674,0.035147,-0.008096,0.092132,0.153295,0.195948,-0.278307,0.060536,0.415148,-0.124312,-0.304553,-0.230105,0.164469,-0.178484,0.213086,-0.170167,0.096644,-0.443361,-0.077453,0.177544,0.189363,-0.148916,-0.256999,-0.468855,0.449464,0.0376,0.04504,-0.253501,-0.046678,-0.369407,0.215916,0.190319,0.224727,-0.247697,-0.386074,0.239682,0.046774,0.058326,0.049989,0.055061,-0.131817,-0.236552,0.080285,0.016651,-0.446389,-0.199199,-0.048078,0.210047,-0.135564,-0.014303,-0.362134,0.225318,-0.21701,-0.277368,-0.167516,0.236391,-0.438746,0.058274,0.015675,-0.230473,-0.432921,-0.255135,-0.040525,-0.478611,-0.466064,-0.083409,-0.371346,-0.017993,-0.758919,0.156108,0.254537,-0.425415,-0.355695,-0.143855,-0.237505,-0.072705,-0.036678,-0.073006,0.007262,-0.221124,0.380973,-0.029808,0.465961,0.315597,-0.025811,-0.075417,0.341493,0.058028,-0.64942,-0.295157,0.269235,-0.325309,-0.26868,-0.101319,-0.273573,-0.193817,-0.495696,0.187822,0.056745,-0.028755,-0.277182,-0.4431,0.08472,0.080998,-0.63303,-0.103682,-0.497125,-0.265978,0.230864,0.006286,0.147451,-0.192688,-0.24422,-0.187646,-0.540399,-0.214499,-0.337465,-0.247655,-0.383136,0.304873,-0.256738,-0.070381,-0.530477,-0.222364,-0.032799,-0.50292,0.192405,-0.331643,0.783434,0.438196,-0.417052,-0.49034,-0.060337,-0.067548,-0.112493,-0.038726,0.355382,0.410377,-0.347435,-0.336281,0.135592,-0.265214,-0.447815,-0.131553,-0.116347,0.197536,0.16008,-0.387952,-0.023986,-0.259834,0.540612,-0.36844,0.539885,0.116613,-0.235736,-0.272104,0.167006,-0.508322,0.164755,-0.367356,-0.746548,0.210579,-0.257443,0.214528,-0.082652,0.247061,-0.341527,0.143948,0.381141,-0.047103,-0.141388,0.387181,#
10,0.609486,-0.169026,-0.620471,0.056369,0.09496,-0.201086,0.294825,-0.036949,-0.019026,-0.326522,1.0,0.627122,-0.144421,-0.030199,-0.117001,-0.29499,0.077518,-0.616309,0.108278,-0.141137,0.217956,0.175899,0.065086,0.128723,-0.118155,-0.013109,0.017018,0.14505,-0.139353,-0.031378,-0.127162,0.394866,0.138187,-0.199482,0.173135,-0.19365,-0.182006,-0.146161,0.093679,0.119049,-0.073548,0.444302,0.20499,0.242291,0.181642,0.536397,0.255461,0.448491,-0.251931,-0.237352,0.038717,0.066371,0.051271,-0.310439,0.089903,0.144759,-0.007408,0.392668,0.013624,0.025867,-0.065288,0.035067,-0.014557,0.151639,-0.394007,-0.065878,0.07965,0.207653,-0.04153,-0.229042,0.332098,-0.175761,0.472627,-0.354009,0.018454,-0.119893,0.041198,-0.046157,-0.188068,-0.122639,-0.127973,0.196729,-0.116627,-0.401535,0.0682,0.108142,-0.153584,-0.118951,0.084791,-0.020178,-0.19439,0.05087,0.139836,0.082874,-0.037091,-0.191359,0.442741,-0.334249,-0.200382,0.075809,0.359935,0.063884,-0.032283,-0.036755,0.106678,-0.195951,0.040857,-0.073644,-0.149175,0.073245,-0.419207,0.074812,0.095368,0.049751,-0.179358,0.041358,0.098064,-0.179341,0.145052,0.077823,0.07613,0.193363,0.192567,0.448058,0.293852,-0.213268,-0.446705,0.188077,-0.103309,-0.112132,-0.383853,-0.281443,0.127833,-0.047704,-0.041838,0.235197,-0.306396,-0.207611,0.194377,-0.393646,0.045745,0.12216,0.175446,0.12949,-0.196281,-0.29333,-0.009146,-0.070387,0.028829,-0.313182,0.450413,-0.303025,-0.29715,0.094517,-0.345646,0.04247,-0.283945,-0.103048,0.041601,0.074851,-0.005107,-0.172135,0.002773,-0.102317,-0.248906,-0.126305,0.164747,-0.193384,-0.468765,0.199431,0.444411,-0.277239,0.241149,-0.094006,0.301469,0.019187,-0.158137,0.120708,0.022462,-0.094984,-0.12822,0.043617,-0.150715,0.044314,-0.140424,-0.07322,-0.332581,0.071743,0.244461,0.477229,-0.250774,0.277363,0.277016,-0.243514,0.349547,-0.317272,-0.166877,-0.160683,-0.160242,-0.526938,#
11,0.716546,0.146021,-0.434532,0.119935,-0.076807,0.003638,0.323577,-0.253127,0.063794,-0.085105,0.627122,1.0,0.172268,0.151512,0.008429,-0.147592,0.043127,-0.277569,0.024139,-0.12858,-0.045662,-0.120648,-0.079191,0.160602,0.011098,-0.020684,-0.143509,0.009678,0.217183,-0.286057,0.048545,0.048991,0.135685,-0.034981,0.361057,-0.258429,-0.006249,-0.296825,0.444912,-0.043931,0.107934,0.316189,-0.098306,-0.101412,0.077473,0.429687,-0.073268,0.231654,-0.118116,-0.235502,-0.173941,-0.072717,0.135259,-0.044506,0.285901,-0.006766,0.025157,0.203625,-0.306577,-0.104208,-0.208795,0.031348,-0.252847,0.006087,-0.376188,-0.188222,0.172544,0.206104,-0.2307,-0.353621,-0.134522,-0.169776,-0.005297,0.023009,0.140596,-0.248276,-0.225454,-0.049827,-0.33076,0.131724,-0.355729,-0.118872,0.221328,-0.261646,-0.051009,-0.098364,-0.140048,-0.300586,0.052855,-0.159016,-0.214861,-0.283379,0.088514,-0.24942,-0.104685,0.006193,0.177187,-0.13257,-0.016414,0.201138,0.232715,-0.207123,0.033215,0.215745,0.170876,-0.171526,0.096666,0.106453,-0.1215,-0.019444,-0.060342,-0.130313,0.25722,0.012472,-0.076271,0.039795,0.020238,0.038537,0.32221,0.299888,-0.085665,0.305633,-0.168872,0.611088,-0.082463,0.060615,-0.535912,0.042673,-0.423236,-0.098703,-0.381736,-0.280643,-0.249659,0.459881,-0.249659,0.076056,-0.240345,-0.558515,0.373272,-0.395189,0.037599,-0.069473,0.11985,-0.224321,0.06247,-0.360628,0.063593,-0.062644,-0.182013,-0.407327,0.10262,-0.150765,-0.308922,0.007123,0.047199,0.05716,0.081426,0.00083,0.005672,-0.092341,-0.226791,-0.109818,-0.041683,0.010642,-0.355011,-0.012542,0.106998,0.001781,-0.325405,-0.166371,0.385302,-0.337895,0.319151,0.053179,-0.008018,-0.01854,-0.038117,0.296818,0.131763,-0.173352,-0.023003,0.050592,-0.359891,-0.050331,0.015889,-0.071525,-0.001823,-0.054666,0.196796,0.464812,-0.585986,0.397932,0.074571,-0.242064,-0.043234,0.035488,-0.102566,-0.146121,0.138174,-0.18568,#
12,0.055406,0.435813,-0.088314,-0.048454,-0.104649,0.230269,-0.242541,0.495,0.021529,0.335607,-0.144421,0.172268,1.0,0.212746,0.080771,0.271044,0.260155,0.30551,-0.072941,-0.364892,-0.029787,-0.071948,0.047132,0.089038,0.008399,-0.104185,0.009986,-0.091223,-0.034589,-0.040126,0.188331,-0.137369,0.153766,0.297969,0.006601,0.218268,-0.088852,-0.173265,-0.233883,-0.18099,-0.097156,-0.034898,0.031929,-0.19494,-0.127182,-0.052896,0.288834,-0.026867,0.324502,0.207351,-0.131019,-0.242237,0.015972,0.166367,-0.133551,-0.05639,0.189695,-0.32114,-0.141499,0.225993,0.045955,-0.614408,-0.100124,-0.004159,0.069803,-0.153642,0.14801,0.000199,-0.303049,-0.203949,0.013486,-0.124522,-0.581213,0.180635,0.299988,-0.098516,-0.453153,-0.074933,-0.292023,0.042967,-0.380098,-0.560286,-0.119677,0.130492,-0.235995,-0.35735,0.158447,-0.027925,0.059115,0.124469,0.064089,-0.236582,-0.129721,-0.251259,-0.139529,0.133039,-0.204735,0.278635,0.253288,-0.290029,-0.187736,-0.255841,0.007262,0.477763,0.074308,0.134947,-0.246153,-0.012798,0.097918,0.215095,0.184818,-0.220877,0.118586,0.280101,-0.129803,0.091951,-0.317158,-0.240127,-0.118688,-0.21495,-0.096706,-0.077007,-0.32027,0.080331,-0.275839,-0.188547,-0.18229,0.114685,-0.232907,-0.349495,-0.160379,0.304055,-0.353092,0.00194,-0.353092,0.356522,0.108795,-0.386283,0.183744,-0.302003,-0.413653,0.004217,-0.233983,-0.123365,-0.155311,-0.164357,-0.266361,0.338494,-0.131322,-0.049828,-0.30123,-0.077558,0.045283,-0.042167,0.195873,-0.348797,0.180958,0.452868,-0.105875,0.115581,-0.101126,0.223439,-0.236278,0.180837,0.302836,-0.06833,-0.248544,0.184298,0.025065,0.096951,-0.14522,-0.210386,-0.332242,-0.128623,-0.073824,-0.123999,-0.344074,0.158031,0.102484,-0.179365,0.327761,0.112088,0.08031,-0.175388,0.634155,-0.0679,0.156827,-0.129132,-0.14038,0.340223,-0.245926,-0.012523,-0.092702,0.210914,-0.304374,0.119331,0.240974,0.023569,-0.144276,0.130031,#
13,0.19281,0.426845,-0.135954,-0.338253,-0.267012,-0.070562,-0.289755,-0.194934,0.283657,0.445594,-0.030199,0.151512,0.212746,1.0,0.053887,0.119121,-0.284932,-0.216016,0.383979,0.138219,-0.010405,0.332216,0.228963,-0.211798,-0.046524,0.030935,0.136122,0.22918,0.196998,-0.340766,0.248952,0.008034,-0.046873,0.185601,-0.182358,-0.342218,-0.194449,0.121603,-0.227506,-0.487422,0.036592,-0.126212,0.215948,-0.209075,-0.170972,-0.280398,-0.309332,0.29705,-0.276481,-0.070911,-0.042099,-0.202417,0.090099,0.05371,-0.236229,0.171083,-0.117414,0.082421,-0.088217,0.028443,0.253637,-0.167205,-0.104094,-0.017789,0.019201,-0.07447,0.037369,-0.118079,-0.529612,0.045893,-0.066072,0.039689,-0.08048,-0.281263,0.012117,0.31276,-0.013144,0.161202,-0.203163,0.25382,0.083101,-0.21119,0.045247,-0.0665,-0.174829,0.187919,-0.175839,-0.136753,-0.273442,0.09569,-0.189176,-0.12495,0.065558,-0.317886,-0.171621,-0.06305,-0.298516,0.191198,0.322513,-0.014219,-0.370118,-0.221268,-0.071983,-0.120047,0.06232,-0.078482,0.205394,-0.096432,0.000401,-0.025174,0.339946,0.089769,-0.200968,0.122534,0.586694,0.050749,-0.426809,-0.426353,-0.025902,-0.067676,-0.079814,0.351631,-0.095846,-0.103891,-0.3739,0.194248,-0.263783,0.275126,-0.185402,-0.319656,0.097274,-0.324308,-0.49767,-0.176329,-0.153159,0.040844,0.218984,-0.223299,0.165545,-0.244788,0.03738,-0.014882,-0.140353,-0.083912,-0.122681,0.1781,-0.389305,0.121335,-0.115331,0.188843,-0.208319,0.192113,0.107324,-0.236513,-0.035321,-0.270834,0.480643,0.264259,-0.08543,-0.130387,0.179779,-0.23715,0.06329,-0.227611,0.119563,0.757014,0.03565,0.195818,-0.114224,0.168427,-0.282822,-0.254733,-0.068721,0.245656,-0.22007,-0.25132,-0.234714,-0.017804,0.378449,-0.337169,0.227546,-0.424925,0.156503,0.126295,-0.135511,-0.242881,0.015966,-0.059088,-0.432847,-0.001363,-0.119753,0.219463,-0.206982,0.085264,0.12324,-0.017805,-0.032819,-0.181824,-0.074262,0.095659,#
14,0.254708,-0.142179,0.01755,0.059512,0.079414,0.38307,0.004992,0.069193,-0.157498,-0.005845,-0.117001,0.008429,0.080771,0.053887,1.0,0.138415,0.137423,0.063775,0.099158,0.13337,-0.069204,-0.095371,0.290829,-0.020201,-0.061842,0.36985,-0.051701,-0.129216,0.139294,-0.116085,-0.057725,-0.088861,0.239316,0.031616,-0.017022,0.069784,-0.301928,0.090718,0.022009,-0.207624,-0.108389,-0.223698,-0.111023,0.083744,0.353634,-0.291142,0.272583,-0.105953,-0.091067,-0.150491,0.000719,-0.060262,-0.125083,-0.391213,-0.283502,0.09892,-0.193805,0.178526,-0.164318,0.017974,0.006791,0.267954,-0.075826,-0.242504,-0.452134,-0.291108,0.064697,-0.100656,-0.362522,-0.191937,-0.194291,0.246904,-0.198704,0.128518,0.01382,-0.177787,-0.243404,0.241357,-0.491546,0.389495,0.07353,-0.229707,-0.252191,0.07258,0.083561,-0.195906,0.319239,-0.215482,0.180727,0.361902,-0.312481,-0.215081,0.102151,-0.323188,-0.054307,-0.142883,-0.015668,-0.080972,-0.128115,0.020773,0.208079,0.236851,-0.330813,-0.405853,-0.194301,0.178382,-0.405374,-0.248328,0.267762,0.241436,-0.119911,0.110787,-0.081025,0.166105,0.109439,0.111828,0.220735,-0.057618,-0.233526,-0.45356,-0.200439,-0.28338,0.031842,0.292033,-0.036566,-0.152129,0.030692,-0.168214,-0.398745,-0.040151,-0.165676,-0.235443,-0.216723,0.001506,-0.055313,-0.032688,-0.060841,-0.32289,0.152171,-0.087004,0.355922,0.043285,-0.086986,0.078708,-0.217103,-0.168298,0.250549,0.285171,-0.487177,0.20504,-0.09934,-0.192238,0.003825,0.21068,-0.09335,0.113763,0.124448,0.235192,0.039604,0.466403,-0.050197,-0.187488,0.242718,-0.327536,0.341504,0.150643,-0.286539,0.189467,0.328582,0.181725,-0.08419,0.042689,-0.100126,-0.074434,-0.04366,-0.312374,-0.021197,-0.181903,-0.016384,-0.141556,-0.028605,0.053668,0.221324,-0.298036,0.286709,-0.327152,0.141965,-0.153092,0.074157,-0.158021,-0.117238,0.169244,0.031706,0.182692,-0.281558,0.391107,-0.18435,0.094753,-0.346295,-0.16619,#
15,-0.184154,0.277204,0.216629,-0.186589,-0.466559,-0.002298,-0.221005,0.302732,0.044313,0.09115,-0.29499,-0.147592,0.271044,0.119121,0.138415,1.0,0.373324,0.306745,-0.28856,0.1359,0.004946,0.28646,-0.050315,-0.184949,0.175562,0.17788,-0.219836,0.246644,-0.113975,-0.161481,0.00221,-0.271693,0.097792,0.358268,-0.081838,-0.163417,-0.201166,0.235022,-0.057672,-0.2299,-0.126643,-0.074708,-0.032706,0.206086,-0.053113,-0.051591,0.076359,-0.312443,0.086285,0.397318,0.141502,-0.308939,0.086409,0.063671,0.18963,0.234614,0.291699,-0.398912,-0.210698,0.017987,0.042967,0.058253,0.215158,0.123311,0.048374,-0.165528,-0.229327,-0.006871,-0.439202,-0.12113,0.048709,0.122724,-0.082239,0.471424,-0.245997,0.09896,-0.166346,-0.079357,0.238878,0.10118,0.094515,-0.26857,-0.071739,0.307455,0.009795,-0.315847,0.23742,-0.132641,0.032311,0.224806,-0.042194,0.057398,0.016053,-0.003801,-0.315128,0.24257,-0.040202,-0.056728,0.032155,0.165398,-0.371959,0.009493,-0.030621,0.372081,-0.118173,0.043793,0.197634,0.152313,0.271676,-0.310541,0.194066,-0.212501,0.278357,0.404463,-0.149689,-0.259416,0.140639,-0.432342,-0.288863,-0.119904,-0.069319,0.247975,-0.196799,0.016816,-0.16831,-0.152337,0.090509,0.15341,0.085513,0.106081,0.071679,0.094874,-0.151492,0.095449,0.211624,0.116259,-0.183622,-0.224597,-0.218816,0.309542,0.039237,0.115003,-0.123649,-0.247503,0.038808,-0.077922,-0.183622,0.161006,-0.0379,0.129856,-0.09227,0.067836,0.248435,-0.098875,0.247371,0.280568,0.101798,0.159542,0.157331,0.275221,-0.089923,-0.030605,0.294155,-0.062844,0.205308,-0.174098,-0.121482,0.25167,0.03463,-0.127107,-0.170858,0.081671,0.093866,0.252599,-0.161875,0.33617,0.12441,0.226977,-0.03331,0.070754,-0.019784,-0.106672,0.498949,0.082486,-0.156031,0.373321,0.431044,-0.182757,-0.216624,-0.033653,0.218083,-0.086821,-0.299574,0.184094,-0.00274,0.143268,-0.094406,0.127768,0.361336,0.247141,#
16,0.202389,0.266282,-0.224302,-0.002812,0.106969,0.17365,0.168159,0.162041,0.02255,-0.260274,0.077518,0.043127,0.260155,-0.284932,0.137423,0.373324,1.0,-0.14295,0.063256,-0.078431,0.015488,0.145547,-0.26402,0.196391,-0.044868,0.158639,-0.009052,0.219289,0.058233,0.290908,-0.358945,-0.072349,0.29746,0.167506,0.225267,0.057128,-0.066938,0.085417,0.154992,0.05762,-0.258171,-0.307525,-0.067137,0.121724,-0.047434,0.317098,0.215498,-0.06754,-0.026812,0.388367,-0.045561,-0.298444,-0.299044,0.234434,0.177538,-0.002849,0.062529,-0.029307,0.064435,-0.095172,-0.14946,-0.09914,0.015586,0.01093,-0.016205,-0.175347,0.080583,0.069092,-0.17767,-0.122381,0.216133,0.039722,0.148012,0.291402,-0.248441,0.185862,-0.162426,-0.459983,0.048616,-0.272423,-0.275823,-0.077057,-0.082551,-0.071765,-0.160298,-0.506893,0.228656,0.048272,0.227959,0.208586,-0.219263,-0.119136,-0.156639,-0.18941,-0.121707,0.034628,0.33306,-0.482861,-0.37299,-0.072739,0.307836,0.353475,-0.214633,0.208228,-0.318301,-0.134812,-0.357143,0.141996,-0.112265,-0.310576,-0.195982,-0.006248,0.094933,0.182772,-0.679483,-0.290237,0.1335,-0.241173,-0.014084,-0.240785,-0.26606,-0.009188,-0.368096,0.250224,0.09159,-0.292139,-0.27405,0.252747,-0.211237,0.089722,-0.147819,0.086144,0.044308,-0.047049,-0.149809,0.302121,0.156436,-0.220591,0.05463,-0.073736,0.024274,0.130694,0.094384,0.106686,-0.149809,-0.149746,-0.183643,0.159043,-0.025044,-0.311231,0.29595,0.054766,0.202114,-0.072739,0.24618,-0.095515,-0.28488,0.253618,-0.025044,0.280824,-0.205885,0.147269,0.057332,-0.321081,-0.150007,-0.362837,0.098659,0.291269,-0.0082,-0.127121,0.409423,-0.174589,0.101072,-0.045725,0.233866,0.139635,-0.109708,0.597705,-0.001061,-0.10205,0.172512,0.100984,0.360861,0.275823,0.255145,0.08289,0.238044,-0.175718,0.135225,0.365806,-0.190847,0.163551,0.119533,0.1988,-0.009754,0.308634,-0.071445,-0.294694,0.061835,-0.324137,#
17,-0.566059,0.064819,0.522313,-0.024224,-0.306756,0.252337,-0.13389,0.144323,0.098172,0.274194,-0.616309,-0.277569,0.30551,-0.216016,0.063775,0.306745,-0.14295,1.0,-0.34659,0.029985,-0.012797,-0.342201,-0.017649,-0.169621,0.113685,-0.022238,-0.049266,-0.271701,0.020543,-0.009329,0.185149,-0.243111,0.116192,0.190588,-0.064415,0.325925,0.220772,0.220205,0.066284,-0.220309,0.177744,-0.007106,-0.262288,-0.054395,0.093567,-0.241917,-0.067564,-0.381041,0.403995,-0.076366,0.020981,-0.0954,0.293435,0.202525,0.079827,0.064097,0.189408,-0.528362,-0.174578,0.132735,0.028402,0.008105,-0.020962,-0.095728,0.194079,0.180394,-0.028489,0.02832,0.122215,0.025022,-0.365739,-0.215184,-0.475143,0.432745,-0.025672,-0.266119,-0.024516,0.093457,0.110355,0.283991,0.011993,0.045824,0.075363,0.699932,-0.113464,-0.178034,0.028215,0.00644,-0.054576,-0.107128,0.530172,-0.146616,-0.19586,0.309359,0.034257,0.275511,-0.327744,0.525351,0.100995,-0.005727,-0.388171,-0.201188,0.093981,0.339718,0.248425,0.275119,-0.003863,0.075452,0.270495,-0.026761,0.219455,-0.290775,0.096882,0.137043,-0.036964,0.045288,-0.061237,0.054559,0.012338,-0.030135,-0.077661,-0.14426,0.037848,-0.260574,-0.238267,-0.113526,0.51676,-0.42568,0.045813,0.065442,0.308686,0.54876,-0.14297,0.021414,-0.107295,0.030648,-0.062,0.167029,-0.15114,0.194472,-0.069865,0.099942,-0.343926,-0.446638,0.167007,-0.029641,0.250501,0.023088,0.024019,0.16888,-0.413226,-0.157677,0.271507,-0.018389,0.269791,0.100329,0.265159,0.027898,-0.115228,0.163774,0.178112,0.083762,-0.165045,0.45512,0.377851,-0.128613,-0.01141,0.071785,0.33644,-0.267889,-0.245974,0.096416,-0.104213,-0.240562,-0.312992,0.086748,0.208875,-0.253978,0.049481,0.13246,0.068746,-0.139408,-0.248921,-0.388107,0.17918,0.184715,0.208785,-0.288405,-0.251181,-0.098419,0.284361,-0.302511,-0.422253,0.068447,-0.383286,0.14806,0.192809,0.358012,0.064364,0.507582,#
18,0.196477,0.290323,-0.378495,-0.025439,0.355917,0.213758,-0.019605,-0.178954,0.000614,-0.128992,0.108278,0.024139,-0.072941,0.383979,0.099158,-0.28856,0.063256,-0.34659,1.0,-0.064099,0.15568,0.227131,0.321706,-0.297277,0.063485,0.271061,0.055135,0.237285,0.404698,-0.030204,0.132495,0.134916,0.021934,0.130187,-0.022155,-0.095002,-0.26004,0.099228,0.015581,-0.194102,-0.052769,-0.087952,0.108101,-0.307487,-0.070076,-0.006723,-0.120639,0.171577,-0.2921,-0.151153,0.096018,0.073907,-0.192386,0.141356,-0.286548,0.027059,-0.289042,0.389907,0.065964,0.104874,0.036188,-0.049231,-0.141352,-0.214268,-0.125019,-0.037266,-0.109437,0.015109,-0.132907,0.224736,-0.125059,0.239495,0.234513,-0.285976,-0.036227,0.290497,0.424368,-0.026539,0.074553,-0.077416,0.115846,-0.025287,0.125549,-0.132087,0.157232,0.165799,-0.430219,0.230852,0.007502,-0.226065,-0.047785,0.26271,0.130678,-0.207083,0.326163,-0.420308,0.043554,-0.129255,-0.02263,-0.010597,0.176201,-0.036531,0.04452,-0.244286,0.138589,-0.290716,-0.230638,-0.083118,-0.520171,-0.135253,-0.167151,0.226716,-0.541687,-0.100602,0.050166,-0.192493,-0.167882,-0.00912,0.007491,-0.056551,0.044374,0.168396,0.082633,0.197627,-0.130945,-0.007913,-0.206494,0.048915,-0.257238,-0.197919,-0.031964,-0.472125,0.209435,-0.267234,0.028247,0.166703,0.318894,0.078238,0.462647,-0.201892,0.127353,-0.023201,0.265666,0.034954,0.118067,0.117943,-0.071788,-0.009876,-0.266317,0.018001,0.356314,-0.113012,0.166349,0.024601,-0.066686,-0.182676,-0.051555,0.070214,-0.119402,-0.003589,0.214226,0.048316,0.352104,-0.350725,-0.164705,0.438084,0.294815,0.226566,-0.202982,0.229196,0.18412,-0.234708,-0.060062,-0.070781,-0.048312,-0.222475,-0.21676,0.272917,-0.029139,-0.197888,0.297511,-0.455245,-0.143928,0.345204,-0.057998,-0.167506,-0.220969,0.295749,0.164102,-0.083214,-0.170395,0.233575,0.028669,0.057329,0.268399,-0.065192,-0.169411,-0.322184,-0.296026,-0.427539,#
19,-0.177681,-0.151493,0.091843,0.174388,-0.208185,-0.07504,-0.102258,-0.28408,0.246462,0.066809,-0.141137,-0.12858,-0.364892,0.138219,0.13337,0.1359,-0.078431,0.029985,-0.064099,1.0,0.171592,-0.184646,-0.154434,-0.142808,-0.274991,0.178252,0.224539,0.256208,0.309524,-0.245104,0.254391,0.013717,0.230827,-0.01526,-0.137658,-0.046783,-0.082208,0.09154,0.000167,-0.010007,0.112145,0.034164,-0.187858,0.027469,0.101739,-0.178402,-0.365244,0.044411,-0.42182,-0.06247,-0.071715,0.142922,-0.098402,0.261006,0.00521,-0.058411,-0.013332,0.052949,-0.164031,-0.113485,-0.430431,-0.038977,0.32601,0.194565,-0.003891,-0.420663,-0.07127,0.357214,-0.31191,0.230964,0.14011,-0.131552,0.258586,0.002553,-0.509719,0.176078,0.16844,0.373747,0.101385,0.381908,0.230615,0.29364,0.132409,0.401173,-0.149043,0.302814,0.344597,-0.176425,0.114522,0.048361,-0.185402,-0.016039,0.003366,0.11511,0.343819,0.255158,0.104095,0.033512,0.103862,0.491821,-0.205073,0.220158,0.285993,-0.337323,0.15989,0.392106,0.180503,0.306727,0.334033,0.037655,0.02169,-0.121869,0.038743,0.147457,0.346522,0.162429,0.060176,-0.053365,0.326104,-0.093311,-0.198758,0.328596,0.242107,-0.078275,0.027907,0.324087,0.248918,-0.155523,0.320558,0.16887,0.429805,0.143735,0.012274,-0.092477,0.198527,-0.002745,-0.219877,0.195323,-0.065814,0.426305,0.651162,0.521578,0.173107,0.139169,0.013865,0.186405,0.093875,-0.310868,-0.060729,0.241756,-0.28687,0.163667,0.494076,-0.164833,0.29968,0.167517,0.165232,-0.168324,-0.052717,-0.013134,0.416043,0.133873,0.208767,-0.226353,-0.058361,0.075012,0.335107,0.039715,0.498603,-0.152203,-0.185425,0.211935,0.12361,0.075684,-0.427037,0.123463,0.50797,-0.259761,0.133605,0.094037,-0.385283,-0.364081,0.026991,-0.259163,-0.523256,-0.236127,0.156369,-0.293228,-0.038263,-0.164538,0.469454,-0.159078,-0.443371,0.111438,0.218299,0.064741,-0.299467,-0.119433,0.201958,0.261946,#
20,0.0116,-0.039444,-0.207184,0.331019,0.004918,-0.339851,-0.352051,0.157547,-0.262708,-0.363032,0.217956,-0.045662,-0.029787,-0.010405,-0.069204,0.004946,0.015488,-0.012797,0.15568,0.171592,1.0,-0.059736,0.120926,-0.392091,-0.354471,-0.128255,0.327647,0.245127,-0.254579,-0.306078,0.336754,0.045763,0.492144,0.097914,-0.066689,-0.307019,-0.511508,0.040573,-0.10494,-0.071606,0.296811,-0.023798,-0.225055,-0.074834,0.060855,0.183253,0.140866,0.092818,-0.395058,-0.30726,-0.089136,0.476138,-0.156214,0.115515,0.029325,0.249998,0.095068,0.239475,-0.292625,0.315417,-0.34494,-0.171537,-0.054211,0.057728,-0.030226,-0.009477,0.143657,0.20035,-0.140575,0.43833,-0.055803,-0.4036,0.157105,0.302266,-0.072795,-0.135826,0.022762,0.327638,0.115053,0.039751,0.202373,0.320632,0.196138,0.331469,0.371429,-0.025389,0.284482,-0.066013,0.362024,0.112017,0.415104,0.443661,0.314721,0.376633,0.481131,0.270078,0.294021,-0.067727,0.033604,0.381712,-0.138704,-0.127066,0.461686,0.329728,0.470121,0.42407,0.038662,0.326174,0.001549,-0.020994,-0.137352,-0.206983,-0.322484,0.38343,-0.041156,0.22429,0.176981,-0.20397,-0.029158,0.239787,0.192044,0.067494,0.232085,0.225763,0.183284,-0.004317,0.038008,-0.139726,0.41562,0.013647,0.153764,0.1729,0.315131,-0.341374,0.478379,0.527561,0.029284,0.241426,0.078751,0.166055,0.159438,0.645787,0.281114,0.040934,0.001901,0.278837,0.331422,-0.423188,0.234274,0.356682,0.190334,0.116082,0.331843,0.565976,0.099259,0.022503,-0.196703,-0.237475,-0.0773,0.350426,0.534379,0.145834,0.100326,-0.147908,-0.009781,-0.128349,0.443557,0.068021,-0.005639,0.237461,0.151792,0.050475,-0.259914,-0.133254,-0.384764,0.258981,-0.028905,-0.210345,-0.106799,0.21568,-0.266595,-0.51696,0.084696,0.051812,-0.260646,0.209831,0.086155,0.205083,0.111829,-0.086756,0.372514,-0.439561,-0.33945,0.005701,0.177562,-0.442203,-0.438641,-0.426698,-0.162312,-0.067323,#
