0,1.0,0.219018,0.057017,-0.20307,0.135053,-0.015715,-0.009287,-0.24048,0.324583,0.094696,-0.259095,0.031698,-0.272098,0.336924,0.265293,-0.181117,-0.060108,0.053131,-0.207417,-0.033682,-0.418023,-0.422486,-0.336172,-0.093809,0.424753,-0.349477,0.154399,-0.306624,0.287198,0.189535,-0.508678,0.03302,-0.158687,-0.067861,0.139267,0.139772,0.083468,-0.059427,-0.301214,0.153424,-0.086985,-0.074787,-0.391275,-0.054453,0.302112,-0.141597,0.198004,0.156879,-0.047623,0.157575,-0.181624,-0.10577,0.070997,0.220608,-0.060948,0.085351,0.22566,-0.1212,-0.123296,0.379741,0.151086,0.466699,0.421931,-0.465408,-0.306829,-0.083603,0.054227,0.027481,0.01303,-0.122358,0.028176,0.04406,0.084665,0.041162,-0.070624,-0.120433,-0.072482,-0.395938,0.180482,0.1747,0.086575,-0.17565,0.021265,-0.44668,-0.001012,-0.058126,-0.259937,-0.13033,-0.184888,-0.386764,-0.064503,-0.161232,-0.012936,0.320106,-0.068178,-0.132315,0.021387,0.025957,0.040495,-0.12712,-0.093225,0.013027,-0.188084,0.209589,0.009844,-0.111265,0.208097,-0.140556,0.015751,-0.478695,0.197768,0.0,0.003291,-0.142566,0.015337,-0.508538,-0.194217,-0.133682,0.135582,-0.311588,0.291871,0.006579,-0.138213,0.036614,0.263652,-0.19353,-0.204623,0.097632,-0.353262,0.118282,0.175592,-0.144305,-0.42634,0.097542,0.22978,0.001057,0.249754,-0.053727,0.130498,-0.056961,0.2168,-0.438365,0.365545,-0.259841,-0.08218,-0.154686,0.02957,0.276848,-0.032933,0.29056,-0.311052,0.151004,0.316103,-0.188529,0.343328,0.139094,-0.039614,0.235672,0.017388,0.025356,-0.360155,-0.055006,0.051899,0.079999,-0.171521,0.1365,-0.049273,0.41051,0.116469,-0.447997,-0.049898,0.061934,0.123763,-0.158199,-0.068134,-0.064503,0.09095,0.066054,0.283812,-0.361651,0.159048,0.065447,-0.2558,0.038451,0.068839,-0.138167,0.498572,-0.153209,-0.084998,0.220212,-0.211588,-0.149281,0.14304,0.242595,-0.159568,-0.09949,-0.26246,-0.20414,0.124635,-0.230789,#
1,0.219018,1.0,-0.387284,-0.102332,0.270451,0.078109,-0.073445,-0.22101,0.055519,0.177783,0.014097,-0.183789,0.328625,0.248548,0.088882,-0.055324,-0.182358,0.163734,-0.241238,0.029153,0.242446,0.212255,0.292611,0.023417,0.04201,-0.294229,0.486989,0.037917,0.113467,0.238848,-0.380255,-0.065883,0.121413,-0.51141,0.075096,0.008924,0.394438,-0.66447,-0.008352,0.289568,0.165151,0.552054,0.080137,-0.137608,0.162946,0.277329,-0.057723,0.55209,-0.084541,-0.215263,-0.158604,-0.6623,0.118364,-0.190107,-0.117001,-0.184486,-0.169068,0.414797,0.130867,0.310047,0.145254,0.164344,0.167733,0.107231,-0.130763,0.451356,-0.221014,0.542578,0.384836,-0.134675,-0.436733,-0.116037,0.366586,-0.238152,-0.317001,-0.194789,-0.421071,-0.16312,-0.12013,-0.235167,-0.356371,-0.742746,-0.240708,-0.408371,-0.263148,-0.486773,0.065563,-0.400455,-0.443746,-0.151498,-0.484788,-0.611693,-0.298701,-0.218817,-0.464312,-0.090847,-0.503888,-0.370509,-0.229506,-0.400455,0.039429,-0.296758,-0.286186,-0.157474,0.117894,-0.258586,-0.371661,-0.569338,-0.308108,-0.245579,0.215797,0.0,-0.435402,-0.467279,0.108565,-0.278808,-0.286186,-0.10757,-0.167121,-0.409667,-0.237674,-0.284589,-0.573625,-0.378977,-0.039734,-0.289355,-0.12869,0.273261,-0.211236,-0.421071,-0.088607,-0.300616,-0.45878,-0.021131,-0.21547,-0.374708,-0.153022,-0.164204,0.259845,-0.670569,-0.374699,-0.194214,-0.148491,-0.302237,0.022458,-0.133978,-0.41564,0.367471,-0.481013,-0.111377,-0.555429,-0.443746,-0.234218,-0.188872,-0.08078,-0.013016,-0.244409,0.542323,-0.230272,-0.467233,-0.020021,-0.01351,-0.365424,0.155687,-0.459904,0.593361,-0.177749,-0.068005,-0.066022,-0.208894,0.038367,0.256786,-0.421042,-0.202546,0.19081,-0.484788,-0.327052,-0.209227,0.537737,-0.507582,0.759429,-0.175805,-0.374333,0.39017,0.369718,-0.582258,-0.254803,-0.056769,0.190738,0.491202,-0.393259,0.315524,0.420548,0.34871,0.137136,-0.345013,0.184037,-0.464345,-0.125123,0.22222,#
2,0.057017,-0.387284,1.0,0.288477,0.144085,0.094515,-0.026517,0.031362,0.370836,-0.063575,-0.132166,0.295986,-0.37685,-0.123143,-0.334889,-0.33451,-0.133913,0.002024,0.026901,0.284209,-0.456123,-0.498183,-0.163021,0.072039,0.127333,0.006762,0.033057,-0.073465,0.091372,-0.262354,0.124904,0.31472,-0.529893,0.358243,0.054341,-0.12306,0.046374,0.034456,-0.097098,-0.166497,-0.196665,-0.030411,-0.151401,0.111684,-0.178798,0.050583,0.061358,-0.038598,-0.091996,0.421656,0.085708,0.353855,0.034578,0.105103,-0.022324,-0.010376,-0.045438,-0.139034,-0.489616,-0.243919,0.197162,-0.004856,-0.018956,-0.09364,-0.014293,-0.237817,-0.003308,-0.169359,-0.247505,0.359011,0.337419,0.322618,0.041544,0.138349,-0.071057,0.088594,0.033849,0.140475,0.330992,-0.104485,0.098692,0.282113,0.19106,0.604558,0.046423,0.285416,-0.312488,0.202787,0.123836,-0.146209,0.362495,0.346211,0.346822,0.182844,0.03211,-0.037943,0.315665,-0.118192,0.364665,0.333618,-0.237401,-0.071354,0.095894,0.303061,-0.121475,0.273156,0.361006,0.401589,-0.088006,0.122601,-7.8e-05,0.0,0.356254,0.292889,-0.139324,0.288516,-0.055274,-0.172727,0.039682,0.352137,0.031949,0.32759,0.34182,0.022028,-0.16506,0.145472,0.254973,-0.281813,-0.25388,0.208014,0.274462,0.287284,0.078562,0.360163,-0.022002,0.134818,0.214692,0.258036,-0.190842,0.413716,0.312206,0.177477,-0.214327,-0.275568,0.220619,0.175289,0.298468,-0.089119,-0.111008,0.003372,0.189391,0.13001,0.378359,0.526967,0.334673,0.030957,-0.040562,-0.036495,0.476259,0.099067,0.083802,-0.120663,0.684603,-0.048266,0.331435,-0.348998,0.195481,-0.118418,0.416109,-0.209493,0.138009,0.177816,0.207664,0.159307,-0.054386,0.210291,0.196765,0.492028,-0.220451,-0.115653,-0.287035,0.037237,0.230232,-0.4007,-0.294573,0.641119,0.09004,0.127697,-0.336502,0.082053,0.243342,-0.433495,-0.366805,-0.094959,-0.571433,-0.04188,0.061857,-0.01975,0.219163,0.137565,#
3,-0.20307,-0.102332,0.288477,1.0,0.041434,-0.165994,0.022031,0.00214,-0.201675,0.352834,-0.237526,0.003934,-0.090773,-0.175061,-0.376979,0.052298,-0.191393,0.093737,-0.289191,0.456042,-0.170055,-0.021768,-0.10701,0.267781,-0.316002,-0.051666,-0.269727,-0.197612,-0.044938,-0.132075,0.355337,-0.230909,-0.003682,0.645748,0.107616,-0.347157,-0.053996,0.278718,0.121224,-0.104258,-0.100623,0.053474,0.086213,-0.249369,-0.002746,0.207539,-0.342784,-0.161945,0.089074,0.322027,0.121642,0.100695,0.319366,0.124965,-0.315903,-0.174109,0.02806,0.105836,0.028598,-0.214463,0.113021,-0.019142,0.189372,0.018286,-0.185036,-0.23418,-0.020945,-0.280952,-0.180403,0.157188,-0.091843,-0.024756,0.207311,0.37257,-0.128425,-0.355485,0.166671,0.525842,0.452814,-0.012764,0.191399,0.362396,0.087791,0.20268,0.300117,0.199992,0.275573,0.126313,0.194546,-0.017581,-0.07745,0.123419,0.429686,0.142103,0.108382,-0.101349,0.056195,0.107883,0.28825,0.420049,-0.220635,0.229869,0.513522,0.468737,0.269725,0.221321,-0.063844,0.15069,-0.309145,-0.114884,-0.255826,0.0,0.285568,0.4193,0.098322,0.427514,0.343667,0.083954,-0.004622,0.133921,0.342486,0.432724,0.187684,0.114277,-0.181227,0.376415,0.179303,-0.085101,0.152283,0.362366,-0.063439,0.244384,0.295586,0.519398,0.213432,0.483312,0.191099,0.191149,-0.219643,0.274187,0.265662,0.324914,0.252747,0.162686,0.628379,0.432861,0.062664,-0.303205,0.148561,-0.035196,-0.16419,-0.111618,-0.037904,0.476202,0.387793,0.46597,-0.388966,0.049119,0.534381,0.240028,0.509468,0.345027,0.256001,0.206264,0.266999,-0.28349,0.152076,-0.182789,0.361096,0.401188,-0.089406,-0.294535,-0.023738,0.199581,-0.284955,0.44924,-0.045125,-0.066237,-0.447368,-0.056801,-0.031586,-0.560724,0.341183,0.021238,-0.539811,0.195342,-0.193506,0.036426,-0.147243,-0.295195,0.142745,-0.343828,-0.632998,-0.076302,0.189862,-0.083887,-0.020946,0.071263,0.097257,0.116339,#
4,0.135053,0.270451,0.144085,0.041434,1.0,-0.145298,0.238833,0.219251,0.30301,0.031282,-0.031146,0.147949,-0.057029,0.176301,-0.165133,0.000197,0.216777,0.079951,-0.029253,0.192527,-0.034116,-0.203192,0.167576,0.063926,-0.197224,-0.161389,0.193662,0.119484,0.379679,-0.001603,-0.267654,-0.047181,-0.106798,-0.170911,0.241246,0.032895,0.434003,-0.483305,-0.19473,0.001042,0.071627,0.397355,-0.157633,-0.37303,0.298008,0.213214,0.084362,0.340228,0.269624,0.031613,0.028402,-0.496131,0.228633,-0.388269,-0.308336,-0.251855,0.148792,0.089897,0.283612,0.039831,-0.216109,0.257316,-0.100935,-0.062798,-0.148331,0.007906,0.207187,0.143734,0.145243,-0.096131,0.016584,-0.196703,0.146918,-0.257157,-0.102472,-0.348303,-0.148546,-0.128706,-0.372588,-0.215452,-0.284188,-0.162844,-0.244844,0.110333,-0.01904,0.160389,-0.184642,-0.217668,0.132452,-0.291376,-0.132029,-0.158531,0.141718,-0.511593,-0.467475,-0.416076,-0.38897,-0.281558,-0.212745,-0.217303,-0.163072,-0.229334,-0.332897,-0.019299,-0.040729,-0.087174,-0.101191,-0.140822,-0.261188,-0.065146,0.088249,0.0,-0.007855,-0.220088,-0.07311,0.181253,-0.162803,-0.321405,0.023785,-0.048915,0.030728,-0.185798,-0.101453,-0.521471,-0.106289,0.00839,-0.152249,0.147386,-0.093166,-0.321986,0.377072,0.127182,-0.135218,0.279011,-0.345937,-0.224536,0.143449,-0.118731,0.198326,-0.175831,-0.040396,-0.006953,-0.089765,-0.171041,-0.117234,-0.13737,0.26111,-0.106922,-0.234221,-0.109208,-0.355333,-0.05063,0.04496,0.00466,0.284168,-0.172919,0.049089,0.393421,-0.22046,-0.232733,0.232131,-0.218946,-0.072763,0.211254,-0.187906,0.152483,0.04133,0.026265,-0.117188,-0.070028,-0.122104,0.395031,-0.336513,0.091148,-0.141289,-0.132029,-0.326435,0.138862,0.171436,-0.448165,0.108602,-0.071405,0.154428,-0.126105,-0.102591,-0.234206,-0.114332,-0.231163,-0.126417,-0.250523,-0.147893,0.257121,0.147745,0.002641,-0.062765,-0.147099,0.39773,-0.32561,0.014022,0.231494,#
5,-0.015715,0.078109,0.094515,-0.165994,-0.145298,1.0,0.173288,0.276198,0.47301,-0.068203,0.270848,0.177997,-0.257669,-0.025227,-0.187924,-0.103003,-0.01496,-0.208507,0.066497,-0.190203,0.04813,0.069215,0.428735,-0.489763,0.305313,-0.174132,0.275309,0.242908,-0.211147,0.118678,-0.237378,0.097249,-0.151228,-0.064168,-0.373087,0.319251,0.064283,-0.00967,0.143083,0.101859,0.130117,0.133655,0.270383,-0.208539,-0.373633,0.157292,0.120725,0.220137,-0.060055,0.002074,-0.114141,-0.070633,0.008398,0.047528,0.32435,0.430092,-0.56934,0.287992,-0.165012,0.268457,-0.140079,0.16646,0.086149,0.230449,-0.201286,0.221948,-0.014312,0.423485,-0.031815,0.172555,0.109834,-0.135542,0.230748,-0.329057,-0.183521,0.387799,-0.022562,-0.172463,0.249324,-0.193612,-0.320645,-0.338286,-0.078368,0.179754,-0.37258,0.127686,-0.307647,-0.032944,-0.034078,-0.002741,0.07205,-0.255999,-0.096444,-0.079096,-0.088669,0.085082,0.125215,0.061836,-0.031691,-0.260016,0.03692,-0.268839,0.142945,-0.193713,-0.17313,-0.200727,0.242695,-0.189626,0.183478,0.182232,-0.062375,0.0,-0.099936,-0.344283,0.301341,-0.346733,-0.180118,-0.331118,0.164067,0.063019,-0.024728,-0.261862,-0.20541,-0.247732,0.006863,-0.123295,0.324719,0.370097,-0.164656,-0.015331,0.032918,0.239426,-0.087176,-0.232258,0.157847,0.074499,0.182873,-0.018929,0.16505,-0.292633,0.000355,-0.025041,-0.114592,-0.036406,-0.120306,-0.234684,-0.109372,0.259263,-0.14846,-0.230648,-0.065221,-0.152445,0.289854,0.0101,-0.039417,-0.028636,-0.060818,-0.089416,-0.009017,0.069836,-0.020068,0.137514,-0.250026,0.044268,0.246756,0.051261,-0.442965,-0.253452,-0.089023,-0.097096,0.063791,0.227755,0.180693,-0.242966,-0.009381,-0.292017,-0.087282,0.145409,0.041845,-0.242103,-0.032194,0.070471,-0.131866,0.166278,-0.033741,-0.032025,-0.032292,-0.040812,-0.001232,0.252358,0.009027,-0.024582,0.039155,0.362371,0.152657,0.37498,0.123127,-0.237119,-0.322855,0.078609,#
6,-0.009287,-0.073445,-0.026517,0.022031,0.238833,0.173288,1.0,0.284609,-0.000863,0.101132,0.104994,-0.168367,0.053818,-0.226202,-0.040536,0.212573,-0.00427,0.003102,0.033592,-0.133924,0.301634,0.074502,0.040377,-0.22997,-0.094267,-0.065479,0.066916,0.170452,-0.012142,0.103984,-0.349797,0.138033,0.371541,-0.053912,0.127792,-0.191701,0.002232,-0.081035,-0.119328,0.05032,-0.064611,-0.066936,0.276584,-0.379558,-0.143742,0.090949,-0.051786,0.127937,0.428933,0.021278,0.081304,-0.264808,-0.032759,-0.044211,0.01787,-0.103778,0.155287,-0.023246,-0.17726,0.090491,-0.225435,-0.009793,-0.177878,0.109849,-0.274066,-0.262143,-0.009704,0.033921,-0.074388,0.282144,0.075304,-0.365668,0.24121,-0.03927,0.003165,0.119991,0.141421,-0.154099,-0.232066,-0.186124,-0.345296,-0.011867,0.077203,0.040055,-0.188706,0.166308,-0.28155,0.140527,0.132366,-0.15739,-0.060003,-0.094127,0.102116,-0.255882,0.074072,0.055861,-0.04865,-0.105044,-0.359853,-0.089518,0.178025,-0.283642,-0.008843,0.030515,-0.175692,-0.023232,0.397016,-0.008875,-0.190184,0.061338,-0.148937,0.0,-0.071667,-0.191475,-0.182571,0.038534,-0.193248,-0.299781,-0.186559,0.253692,0.168468,-0.226255,0.187518,-0.098815,-0.387467,0.246761,-0.001127,0.259673,-0.121408,-0.189549,-0.077784,-0.09271,0.112748,0.127771,-0.013529,0.083604,0.188587,-0.354958,0.075853,0.079127,0.008489,0.0215,0.23415,-0.232073,-0.381332,-0.359849,0.103438,0.085216,-0.120802,-0.043551,-0.218627,-0.29307,0.110536,-0.16836,0.363775,-0.029835,-0.146531,0.029828,-0.333279,-0.287121,0.09441,-0.119663,-0.077743,0.081589,-0.09238,-0.118411,-0.106093,0.021973,-0.050384,-0.082724,0.049006,-0.009796,0.007308,-0.198156,-0.162158,0.07222,-0.114753,0.200464,-0.127902,-0.316616,-0.333376,0.067024,0.463021,0.232072,-0.374366,-0.007597,0.00277,-0.539386,0.179469,-0.24245,-0.149929,0.168837,0.234708,0.048447,0.353371,0.35564,0.009834,-0.234523,-0.12652,-0.511579,#
7,-0.24048,-0.22101,0.031362,0.00214,0.219251,0.276198,0.284609,1.0,0.039942,-0.259806,-0.031826,-0.131626,0.066093,0.045486,-0.145249,-0.078479,-0.202037,-0.329793,-0.076652,-0.146083,0.257441,0.249383,0.223007,-0.041645,-0.147333,0.104795,0.153291,0.223778,0.155198,-0.147245,0.189348,0.031798,0.205359,0.136752,-0.092668,0.089028,0.302369,0.272636,-0.108868,-0.359255,0.382348,0.358743,0.195248,-0.066325,-0.16344,-0.256597,0.237794,0.158967,0.162501,-0.357098,-0.358677,-0.055623,-0.163907,-0.251541,0.078056,-0.030047,-0.154739,0.043753,0.106387,0.118873,-0.684701,-0.179118,-0.511976,0.099518,-0.001043,0.173291,0.455671,0.181524,0.002066,0.165022,-0.118724,-0.250191,0.285562,0.103889,0.020517,0.002933,0.518275,0.006241,-0.240382,0.026364,-0.260889,-0.048203,0.000222,0.10007,0.042358,0.294733,-0.156617,0.024926,0.246086,-0.202192,0.221095,0.043962,0.050532,-0.165584,0.219041,0.464985,-0.010233,0.268251,0.026391,0.024926,0.073217,-0.183632,0.287128,-0.147336,0.024926,-0.220497,0.268541,-0.035234,0.137471,0.101823,0.204423,0.0,0.045586,0.156487,0.315227,0.153793,-0.024186,-0.089095,-0.201294,0.30881,0.168974,-0.240423,0.166594,-0.283037,-0.294194,0.279362,0.006251,0.218012,0.136635,0.193078,0.155445,0.48074,0.181778,-0.321572,0.178882,0.232785,-0.060179,0.024953,0.189332,0.185815,0.209324,0.174882,-0.182852,0.18449,-0.068219,-0.230114,-0.220604,0.011706,0.149282,-0.128536,0.211227,0.246086,0.175726,0.241282,-0.090302,-0.201666,0.337486,-0.296564,-0.095003,-0.18375,0.19414,-0.108823,-0.019601,0.340193,0.076815,-0.046728,-0.20176,-0.226941,-0.165237,0.068331,-0.302639,0.139062,0.162688,0.170417,-0.308315,0.221095,-0.128621,0.011908,-0.311631,0.154446,-0.285927,0.225959,0.237939,-0.181247,-0.392918,0.203173,-0.013662,0.209271,-0.069227,-0.221996,0.254556,-0.036774,-0.058751,-0.000268,0.232718,0.363445,-0.072976,0.233167,-0.156822,-0.146717,#
8,0.324583,0.055519,0.370836,-0.201675,0.30301,0.47301,-0.000863,0.039942,1.0,0.108752,-0.23111,0.394356,-0.09298,0.503433,-0.181265,-0.172788,-0.037221,0.174213,0.295303,0.175131,-0.39977,-0.474916,0.352016,-0.569929,0.202563,-0.34154,0.306334,0.043358,0.130493,0.012926,-0.381589,0.196008,-0.252469,-0.069278,-0.217339,0.489048,0.285257,-0.258714,-0.301053,0.009278,0.086249,0.295336,-0.253537,-0.069919,0.108008,-0.139806,0.510472,0.495061,0.050715,0.184173,0.078326,-0.110754,0.116733,0.003296,-0.082166,0.40426,-0.164157,0.310328,-0.160964,0.297892,-0.230893,0.272981,-0.079598,-0.09776,-0.186041,0.367855,0.33192,0.395542,0.207397,0.090914,0.27681,-0.144493,-0.12412,-0.262759,-0.261481,0.01656,-0.108206,-0.375477,0.128543,-0.15608,-0.073906,-0.352624,0.004982,0.071845,-0.027653,0.249304,-0.474174,-0.15002,-0.051576,-0.017238,-0.1105,-0.017654,-0.042075,-0.097513,-0.267373,-0.144704,0.084896,-0.156147,0.003769,-0.335026,-0.25332,-0.340693,-0.085214,-0.028321,-0.482148,-0.148064,0.201958,-0.168679,0.176157,-0.28728,0.216301,0.0,0.139904,-0.144704,-0.014076,-0.312221,-0.062523,-0.349953,0.340301,-0.163217,0.081882,-0.206538,-0.140692,-0.476142,0.063058,-0.044172,-0.078801,-0.004519,-0.267462,-0.10092,0.12238,0.37777,-0.398223,0.063832,-0.195881,-0.222173,0.229809,0.233599,0.361695,-0.059364,0.16787,-0.164022,-0.169935,-0.26747,-0.116074,-0.359971,0.229089,0.42705,-0.26897,0.076519,-0.141278,-0.074743,0.470961,0.004196,0.165288,-0.05934,0.326401,0.3043,-0.171577,0.199652,-0.256502,-0.066689,0.05728,0.239876,0.141422,-0.026673,-0.05261,-0.05289,-0.094287,-0.114662,0.115109,0.405229,0.289252,-0.180662,-0.069925,-0.1105,0.070304,0.021793,0.080215,-0.367676,0.167059,0.237609,-0.239647,-0.178273,0.077947,0.175518,0.337427,-0.018179,-0.578696,0.215552,-0.013527,-0.130482,0.131404,0.111381,-0.378629,0.199666,0.065743,-0.326454,0.095725,0.232085,#
9,0.094696,0.177783,-0.063575,0.352834,0.031282,-0.068203,0.101132,-0.259806,0.108752,1.0,-0.024389,0.082881,0.233438,0.111115,-0.215064,0.431094,0.042043,0.084523,-0.134292,0.121449,-0.017938,-0.015998,0.094077,-0.203458,-0.033667,-0.255851,-0.149547,-0.462638,-0.007687,0.154207,-0.302892,-0.095753,0.117293,0.076579,0.361463,-0.090728,-0.068811,-0.342137,-0.137373,0.237881,-0.27454,0.036991,0.027611,-0.08589,0.130885,0.272945,-0.024921,-0.077194,-0.037875,0.237635,0.128051,-0.177188,0.239781,0.015329,-0.05491,0.362401,-0.077155,0.210169,-0.068616,-0.041153,0.137407,0.070563,0.286083,0.176332,-0.410771,0.009591,0.019076,-0.205012,0.072067,-0.066041,-0.012369,-0.251829,-0.154269,-0.164692,-0.315614,-0.174808,0.077646,0.16792,0.122623,-0.042058,0.022319,-0.111532,0.089096,-0.192012,0.072687,-0.168839,0.154457,0.110222,-0.09915,0.117506,-0.189893,-0.090569,0.235087,0.083094,-0.126433,-0.163711,-0.216807,-0.02516,-0.251142,0.081702,-0.200903,0.350947,0.068429,0.180351,-0.03092,0.130437,0.006989,0.085926,-0.219178,-0.028584,-0.302043,0.0,-0.086975,-0.013354,-0.214867,-0.044113,-0.10464,0.003418,0.105755,-0.028217,0.276568,0.231557,-0.078501,-0.213857,-0.190127,0.208824,-0.314843,-0.255077,0.148438,0.269375,-0.202447,-0.020762,-0.148767,0.425967,-0.107373,0.185398,-0.179883,-0.302149,-0.088322,-0.001409,-0.031104,-0.174058,0.359177,0.102763,0.127647,0.157293,0.142406,0.067713,-0.193139,0.040582,-0.31355,-0.15352,-0.31259,-0.039467,0.232869,0.277202,-0.078097,0.31558,-0.111391,-0.008996,0.011042,0.174696,-0.057227,0.188216,-0.237805,-0.275948,0.077416,0.102696,0.045975,0.149107,0.187288,-0.192253,0.292119,-0.117235,0.219774,-0.024769,-0.17704,-0.041707,-0.297245,-0.26766,0.103994,-0.362511,0.017925,0.283294,-0.177061,-0.091773,0.225837,-0.259353,-0.008957,-0.010401,-0.348274,0.106911,0.028692,-0.07571,0.059911,0.053233,-0.050825,-0.127403,-0.017514,-0.053803,#
10,-0.259095,0.014097,-0.132166,-0.237526,-0.031146,0.270848,0.104994,-0.031826,-0.23111,-0.024389,1.0,0.277919,-0.289981,-0.582471,-0.019504,-0.000287,0.445672,-0.230937,0.038536,-0.409008,0.43697,0.322928,0.165302,0.235068,0.061635,0.250172,-0.183941,0.109684,0.241893,0.271769,-0.279535,-0.128581,-0.398568,-0.105436,0.379842,0.105634,-0.090601,-0.163877,0.356702,0.346224,-0.125423,-0.127373,0.181434,-0.257311,-0.229363,0.513409,-0.250815,-0.323756,0.212946,-0.068464,-0.007875,-0.155983,-0.21832,-0.07659,0.341726,-0.151856,-0.473268,0.051802,-0.069071,-0.236649,0.287418,-0.224879,0.097164,0.385231,0.286685,-0.072629,-0.329244,-0.189348,0.022008,-0.330673,-0.241231,0.152953,0.183161,-0.377092,0.119363,0.348781,-0.250082,0.097719,-0.125399,-0.287786,-0.380442,-0.086846,-0.447078,0.156008,-0.235279,-0.254689,-0.191972,0.084767,-0.270449,0.121699,0.013686,-0.290452,-0.275759,-0.314585,-0.170458,-0.141489,-0.288453,-0.165076,-0.404809,-0.132474,0.333914,0.054165,-0.391082,-0.426803,-0.07133,-0.039155,-0.152742,0.094267,-0.226777,0.63901,-0.397326,0.0,-0.293533,-0.216232,-0.230086,0.156208,-0.229938,-0.138273,-0.1018,0.354155,-0.432928,-0.114254,-0.492682,0.023635,-0.001761,-0.174648,0.106274,-0.051792,-0.050525,-0.053946,-0.075226,-0.32919,0.182268,-0.083526,-0.143903,0.049447,-0.227956,-0.540603,-0.036084,-0.367224,-0.425343,0.181285,0.027654,-0.081402,-0.188407,0.070309,0.184857,-0.271258,-0.074397,-0.48689,0.042749,-0.197284,-0.317225,-0.222177,-0.319904,-0.421264,-0.141347,-0.160599,-0.082372,-0.140573,0.169369,0.098113,-0.462136,-0.500159,-0.296502,-0.009825,-0.316453,-0.074592,-0.293669,0.025325,0.171218,-0.170904,-0.231243,-0.511503,0.294946,-0.527727,-0.342688,0.293059,0.017175,0.054964,-0.060355,0.151875,0.225096,0.276398,0.254179,-0.263566,-0.169041,-0.113364,0.624205,0.067473,-0.376506,0.585199,-0.008665,-0.041801,0.114466,0.195384,0.583338,-0.310853,-0.379002,0.02959,#
11,0.031698,-0.183789,0.295986,0.003934,0.147949,0.177997,-0.168367,-0.131626,0.394356,0.082881,0.277919,1.0,-0.347386,-0.125921,-0.142366,0.000536,0.314875,-0.270702,0.045844,0.045767,-0.260318,-0.296934,0.033993,0.058863,0.152038,0.020328,-0.262356,0.016814,0.385817,0.167085,-0.255911,0.250516,-0.588607,0.030868,-0.04395,0.314166,-0.111858,-0.016043,0.289917,0.381584,-0.050681,-0.093749,-0.06415,-0.061205,-0.004996,0.295356,-0.028321,-0.207044,0.308368,0.311891,0.315053,-0.039307,-0.204963,0.016307,0.087827,0.21113,-0.341564,-0.103499,-0.26899,-0.255134,-0.122807,-0.031391,0.259631,0.027132,-0.030642,-0.106558,0.173349,-0.216653,0.005587,-0.144688,0.25752,-0.116404,-0.144635,-0.225414,-0.130552,0.156211,-0.24184,0.018305,0.154745,-0.372639,0.061537,-0.062259,0.093751,0.319899,0.031128,-0.052273,-0.099182,-0.188418,0.068471,-0.214217,-0.030201,-0.001582,0.154602,-0.290201,-0.200701,-0.13163,-0.165636,-0.333644,-0.01212,-0.083921,-0.148942,0.07875,-0.217989,0.035192,-0.352079,0.286485,-0.136671,-0.07677,-0.035238,-0.051561,-0.418089,0.0,-0.025603,-0.005079,-0.382161,0.02823,0.135975,-0.240054,0.091642,0.102758,-0.03735,0.155501,-0.214539,-0.054751,0.305432,0.037135,-0.202067,-0.367123,-0.249304,-0.214981,0.007845,-0.156493,-0.035783,0.258355,-0.051848,-0.090412,0.120021,0.027715,0.032255,-0.072523,0.2443,0.201714,0.059257,-0.111702,-0.212456,-0.143593,0.358114,-0.044504,0.036648,-0.406626,-0.076276,0.13234,0.097717,0.069104,-0.172192,-0.098196,0.089849,-0.257948,0.074583,0.060821,0.137949,-0.011442,-0.107888,-0.436978,-0.200331,-0.356413,0.052174,-0.023518,0.137807,0.181467,0.086313,-0.12783,-0.01681,-0.442852,0.176219,-0.225379,-0.255728,0.001149,-0.130148,-0.162091,-0.171068,0.07247,0.168628,0.178435,0.079852,0.046375,0.298702,-0.152158,-0.179687,-0.023336,-0.303418,0.30611,-0.200633,-0.133272,-0.141678,0.073126,0.425839,-0.235178,-0.088493,0.386395,#
12,-0.272098,0.328625,-0.37685,-0.090773,-0.057029,-0.257669,0.053818,0.066093,-0.09298,0.233438,-0.289981,-0.347386,1.0,0.195697,0.019613,0.437587,-0.51152,0.156335,0.050268,0.039618,0.313145,0.340818,0.070472,-0.145298,-0.373022,-0.133187,0.245582,0.163304,-0.045381,0.039589,0.027626,0.10045,0.477587,-0.316318,-0.127553,-0.164278,0.188394,-0.341261,-0.275635,0.094467,-0.034907,0.353119,0.244153,0.403667,-0.025905,-0.203086,0.079919,0.29222,-0.178673,-0.36271,0.027972,-0.137924,0.132,-0.154426,-0.10538,-0.086899,-0.030631,0.28871,0.089541,0.026801,-0.258257,-0.04166,-0.404812,0.052911,-0.015642,0.41275,0.077784,0.319019,0.343112,-0.127838,-0.306058,-0.130103,-0.089242,0.098748,0.025496,-0.300126,-0.083235,-0.148457,-0.266868,-0.227029,-0.028304,-0.419242,0.25039,-0.212305,0.080673,-0.325915,0.268461,0.103095,-0.276994,0.236521,-0.118227,-0.315064,-0.129488,-0.212529,0.046086,0.249468,-0.165758,-0.025975,-0.25292,-0.079394,-0.02278,-0.095299,0.02315,-0.151055,-0.032833,-0.069005,-0.198895,-0.047847,-0.132893,-0.182784,0.230766,0.0,-0.271796,-0.121596,0.110462,-0.079892,0.02315,0.075513,-0.338803,-0.022443,-0.048205,-0.094654,0.002082,-0.22971,-0.315472,0.235311,-0.307302,-0.106784,0.187893,-0.214494,-0.43454,-0.121499,-0.059643,-0.182119,-0.19144,-0.156071,-0.152363,-0.031397,0.254316,0.070411,-0.177291,0.069223,-0.09878,-0.022857,-0.095166,-0.037222,-0.366047,0.292351,-0.463035,0.085381,0.007436,-0.095536,-0.231942,-0.183156,-0.406345,-0.018576,0.219342,0.039929,-0.37213,-0.269412,-0.174782,-0.275519,-0.028865,0.17013,-0.314605,0.07815,-0.174219,-0.04483,-0.056376,-0.036341,-0.299287,0.082367,-0.02438,0.002126,0.206816,0.016015,-0.1377,-0.24145,0.026203,-0.028287,0.302867,-0.033127,-0.091317,0.251291,0.205132,-0.038357,-0.019613,-0.034965,-0.043608,0.162493,-0.078488,0.188687,0.431194,0.064431,0.111498,-0.000296,-0.112047,0.041253,0.070858,-0.160739,#
13,0.336924,0.248548,-0.123143,-0.175061,0.176301,-0.025227,-0.226202,0.045486,0.503433,0.111115,-0.582471,-0.125921,0.195697,1.0,0.209707,-0.216805,-0.026589,0.181799,-0.076004,0.415998,-0.290543,-0.236209,0.111713,-0.483531,-0.006052,-0.055656,0.307578,-0.177826,-0.020459,-0.003288,-0.174452,0.021028,0.210402,-0.223543,-0.264884,0.321926,0.245099,-0.137552,-0.300198,-0.209928,0.189615,0.253282,-0.442919,0.142767,0.277137,-0.521727,0.657772,0.484021,-0.218003,0.040131,-0.232334,-0.105292,0.077007,0.143169,-0.410152,0.301186,0.207555,0.20269,0.312008,0.259152,-0.289132,0.303548,-0.159884,-0.186052,-0.21588,0.425338,0.342528,0.362761,0.356953,0.15251,-0.066081,-0.077747,-0.119091,0.053867,-0.228782,-0.346144,0.056123,-0.070556,-0.179092,0.167951,0.236755,-0.35684,0.153638,-0.263342,0.008057,0.252326,-0.104212,-0.336646,-0.050925,-0.198035,-0.257143,0.132798,-0.026269,0.116017,-0.275832,0.0045,0.079198,0.000398,0.177525,-0.167889,-0.310404,-0.163018,-0.087751,-0.213429,-0.296608,-0.157381,0.019541,-0.358534,0.344363,-0.470229,0.579486,0.0,-0.000767,0.011945,0.182943,-0.307376,-0.064667,-0.092393,0.357439,-0.624268,0.096128,-0.173694,0.039938,-0.311362,0.171207,-0.186939,-0.239362,0.081263,0.112376,-0.093427,-0.011102,0.394573,-0.577969,-0.153502,0.017476,-0.406342,-0.165941,0.233816,0.330243,0.11259,-0.016106,-0.531534,-0.181868,-0.00739,-0.07262,-0.293899,-0.107461,0.574221,-0.043713,0.494402,-0.146803,0.106331,0.111265,0.012486,0.172341,0.104312,0.519871,0.405468,-0.126314,0.043261,-0.413231,-0.061771,0.20969,0.597367,0.138784,0.300771,0.103577,0.161565,-0.094917,-0.104315,-0.07154,0.286528,0.08961,0.21434,-0.100495,0.073771,0.265992,-0.463068,0.072408,-0.275332,0.36038,0.224305,-0.593684,-0.338468,0.235566,0.008315,0.234934,0.172787,-0.582418,0.061065,0.169336,-0.286905,0.288839,0.066366,-0.046121,-0.131316,-0.422479,0.016494,0.30072,0.2443,#
14,0.265293,0.088882,-0.334889,-0.376979,-0.165133,-0.187924,-0.040536,-0.145249,-0.181265,-0.215064,-0.019504,-0.142366,0.019613,0.209707,1.0,-0.017496,0.109499,-0.136086,-0.372819,-0.045188,-0.314216,-0.172506,-0.240077,-0.078359,-0.246212,0.128243,0.092873,-0.223567,-0.059635,-0.246065,-0.208021,0.328975,0.12991,-0.175777,0.079464,-0.108797,0.01061,0.095133,-0.181932,-0.022107,0.139816,-0.101131,-0.42862,-0.007241,0.473477,-0.213744,0.381048,-0.035241,0.025412,-0.274965,-0.606839,0.123847,-0.273908,-0.037805,0.116476,0.033228,0.110092,-0.414923,0.009173,-0.007124,0.12657,0.223119,0.013803,-0.298923,0.214211,-0.120995,-0.145252,-0.089089,0.056274,-0.336229,0.069441,0.204649,-0.214985,0.214971,0.154897,-0.187028,-0.068801,0.003518,-0.251506,0.33771,0.109248,-0.06231,0.088877,-0.219717,-0.16686,0.223786,0.045593,-0.083632,-0.051798,-0.337887,-0.043318,-0.074042,-0.252334,0.164651,0.14046,0.14658,0.240408,-0.035384,-0.060361,0.080936,-0.092153,-0.306871,-0.18675,-0.065267,-0.240764,-0.027139,-0.225617,-0.110023,0.277102,-0.036634,0.327661,0.0,-0.255122,0.048502,-0.236185,-0.150044,0.026309,0.140007,-0.139056,-0.327252,-0.276568,-0.01727,0.024088,0.291753,0.118671,-0.070296,-0.185218,0.202224,0.005166,-0.27673,-0.004334,-0.306888,-0.394291,-0.456179,0.262448,-0.24626,-0.100567,-0.106565,0.022926,0.068124,-0.063173,-0.204199,-0.059999,0.017815,-0.064898,-0.046569,0.049606,-0.029875,0.21113,0.036788,0.092242,0.231761,-0.101561,-0.065213,0.072679,-0.138183,0.271554,-0.12169,-0.309526,-0.307068,-0.663536,-0.181856,0.007102,-0.198393,-0.070233,0.24088,0.011119,0.441214,0.134569,-0.369301,-0.144118,-0.031181,-0.276711,0.000234,0.011949,0.14322,0.232335,-0.280154,0.313732,0.217046,-0.040163,0.444388,-0.24152,0.067634,0.202155,-0.12031,0.267616,0.087794,0.223118,-0.132646,-0.018333,-0.129751,0.247365,0.155271,0.297998,-0.261164,-0.212968,0.161178,-0.163738,-0.00178,#
15,-0.181117,-0.055324,-0.33451,0.052298,0.000197,-0.103003,0.212573,-0.078479,-0.172788,0.431094,-0.000287,0.000536,0.437587,-0.216805,-0.017496,1.0,0.038973,-0.068521,-0.138497,-0.202041,0.046326,-0.04729,-0.020137,-0.229374,-0.191124,-0.330246,-0.37957,-0.107512,-0.133087,0.01457,-0.063361,0.097025,0.262744,-0.123025,-0.116128,-0.140264,-0.090792,-0.086986,0.068627,0.491095,-0.248243,-0.111377,0.19652,0.040642,-0.051381,0.247767,-0.237337,-0.141663,0.070279,-0.126425,0.224151,-0.138814,0.255826,-0.226525,0.026434,0.248732,-0.049278,0.049066,0.073097,0.015269,-0.175595,0.254238,-0.06603,0.206572,-0.282446,-0.180767,-0.067008,-0.063395,0.016362,-0.40701,0.198505,-0.138107,-0.299754,-0.114951,0.071512,-0.28139,0.031673,0.001121,-0.152951,-0.060069,0.048839,-0.007709,0.274887,-0.056218,0.171084,-0.022604,0.379147,0.445751,-0.027931,0.25545,0.084674,-0.191998,0.158671,-0.294412,-0.116471,-0.065568,-0.120538,0.237797,-0.223788,-0.062443,0.042395,0.165,0.00483,0.008155,-0.016746,0.087119,-0.249502,0.208801,-0.075757,0.12674,-0.296189,0.0,0.007557,-0.239103,-0.035777,-0.192387,0.163232,0.021498,-0.165687,0.171669,0.257433,0.004532,0.09254,-0.053257,-0.05022,0.362998,-0.135458,-0.00293,0.203256,-0.097149,-0.193643,-0.234384,0.258685,-0.008271,0.084897,0.199087,0.148212,-0.137306,0.019395,0.006785,-0.012924,0.066548,0.345947,0.207855,-0.087589,0.15805,0.103301,-0.308201,-0.231604,-0.128189,0.096526,0.121618,-0.316883,-0.213245,-0.063315,0.186252,-0.194019,-0.14939,-0.362828,-0.022962,-0.01765,-0.191024,-0.254935,-0.270085,-0.201661,-0.203067,-0.324193,0.197519,0.093068,0.129372,-0.148228,-0.29233,0.093109,0.076423,0.182445,0.036135,-0.347268,0.106355,-0.176848,0.003921,-0.191651,-0.43337,0.235171,0.518785,-0.123657,-0.22571,0.130933,-0.417253,0.230935,-0.246754,-0.05942,0.292803,0.32152,0.021324,0.286563,0.041971,0.084398,-0.081271,-0.164591,-0.218765,#
16,-0.060108,-0.182358,-0.133913,-0.191393,0.216777,-0.01496,-0.00427,-0.202037,-0.037221,0.042043,0.445672,0.314875,-0.51152,-0.026589,0.109499,0.038973,1.0,-0.042527,0.018234,-0.097446,0.021869,-0.057133,0.048061,-0.053601,0.088641,0.294087,-0.507396,-0.21277,0.044162,0.091902,-0.141589,-0.158847,-0.129779,-0.070022,0.22885,0.261577,-0.255461,-0.06612,0.271675,0.019117,-0.126693,-0.397005,-0.293805,-0.443945,0.184903,0.316326,0.027365,-0.367567,0.051004,0.250968,0.071159,0.009999,-0.151739,0.068455,-0.101207,0.089268,0.112234,-0.093952,0.287499,-0.122313,0.129026,0.024421,0.199619,0.157391,-0.025272,-0.310148,-0.20204,-0.259498,-0.07668,-0.057179,0.195126,-0.016037,-0.299037,-0.324724,0.101014,0.120107,-0.17011,0.155743,-0.365466,0.184959,-0.076722,0.234804,-0.303432,0.227988,-0.018556,0.140426,-0.132191,-0.140358,0.225413,0.099386,0.007036,0.172462,0.004026,-0.168053,-0.359929,-0.427164,-0.038152,-0.260523,-0.128335,-0.117679,0.196671,0.181678,-0.525872,-0.342478,-0.111095,0.016068,-0.228992,-0.096322,-0.064308,0.372876,-0.421976,0.0,-0.012376,-0.230661,-0.288334,0.157658,-0.182571,-0.177139,0.447815,-0.112215,-0.163758,-0.005622,0.026371,0.044019,0.215513,-0.018649,-0.170476,-0.137265,0.241784,-0.17011,0.350848,-0.016944,0.080519,0.141987,-0.219451,-0.114866,-0.139885,-0.424597,-0.186221,-0.111127,-0.342532,-0.082626,0.144612,0.100194,-0.20591,0.101268,0.559378,-0.377153,0.336598,-0.29878,0.055021,0.022587,-0.384978,-0.117832,0.095356,-0.263361,0.0375,0.179777,-0.025916,0.174458,0.088971,0.034805,-0.230443,-0.069979,-0.002443,0.031936,0.077507,0.077179,-0.175199,0.223466,0.327318,-0.147654,-0.168053,0.004919,-0.021544,-0.185678,-0.298975,0.099213,-0.024077,0.028479,-0.146498,0.115219,0.122014,-0.018228,0.165883,-0.223857,-0.040216,-0.25255,0.159502,-0.323193,-0.086871,0.258522,0.029235,-0.101017,0.129949,-0.088064,0.335486,-0.046318,-0.104758,0.303516,#
17,0.053131,0.163734,0.002024,0.093737,0.079951,-0.208507,0.003102,-0.329793,0.174213,0.084523,-0.230937,-0.270702,0.156335,0.181799,-0.136086,-0.068521,-0.042527,1.0,0.340535,-0.049279,0.057838,-0.213266,0.064237,-0.185886,0.043934,0.049641,-0.024253,-0.074275,-0.176175,0.071588,0.254835,-0.097469,0.17092,0.069526,0.02619,0.124993,-0.03443,-0.062708,-0.154187,-0.085268,-0.082103,-0.073519,-0.203839,-0.008474,0.075303,-0.150633,0.029449,0.374248,-0.17956,-0.094104,0.159499,-0.022888,0.294892,0.172857,0.011098,-0.138944,0.311264,0.378283,0.261679,-0.019385,0.226458,-0.102259,0.042284,-0.204448,-0.050031,0.173934,-0.104637,0.073801,0.144358,0.059515,-0.068983,-0.078492,-0.265035,0.041344,0.181805,0.036959,-0.094181,-0.173461,0.170282,0.057387,-0.067991,0.101653,-0.160154,-0.19792,0.409169,0.090557,0.001865,0.201232,-0.110326,0.29945,-0.203972,0.0591,-0.146548,0.095505,-0.159932,-0.323702,0.017767,-0.130032,0.155328,0.17112,-0.063319,-0.179204,0.074035,0.000752,-0.113702,0.142911,-0.165332,0.101202,-0.193851,-0.295215,0.092847,0.0,0.225552,-0.000251,0.004144,0.05789,0.09589,0.180744,0.256462,-0.095681,-0.096833,0.193122,-0.142985,0.082244,0.109885,0.137394,0.229133,0.101385,-0.075111,0.088683,0.155975,0.134519,-0.304451,0.379841,-0.138454,0.052045,0.169188,0.086251,0.261968,-0.033738,-0.212775,0.054673,0.05033,-0.183751,0.348501,-0.136536,-0.006412,0.111569,0.009493,0.128121,-0.056718,-0.10301,0.067436,-0.191058,0.246438,0.045944,-0.012863,0.634066,0.052118,0.348043,0.025742,0.043839,-0.018635,0.281398,0.170634,0.123244,0.072472,0.188829,0.087165,0.178761,0.165009,0.042448,-0.107005,0.071542,-0.191898,0.329289,0.119274,0.072977,0.282159,-0.195454,0.402801,-0.090462,-0.25903,-0.067376,0.04079,0.219337,0.055007,0.074299,-0.2181,0.184628,0.28052,-0.232418,0.131188,-0.212755,-0.054682,0.115673,0.040459,-0.051335,0.520645,-0.148149,#
18,-0.207417,-0.241238,0.026901,-0.289191,-0.029253,0.066497,0.033592,-0.076652,0.295303,-0.134292,0.038536,0.045844,0.050268,-0.076004,-0.372819,-0.138497,0.018234,0.340535,1.0,-0.065058,0.233973,0.170168,0.265652,-0.087461,0.222231,0.13808,0.093135,0.389851,-0.202352,0.245046,0.147007,-0.12901,0.061699,0.062884,0.01445,0.399796,-0.269832,-0.091869,-0.220189,-0.262196,0.038804,-0.127717,0.280471,0.209422,-0.124852,-0.083475,-0.114618,-0.024264,0.140064,-0.154861,0.456826,0.088856,0.037556,-0.113766,0.131866,0.125136,0.134739,0.084658,-0.081614,-0.042506,-0.112991,-0.38782,-0.111081,0.029199,0.189572,0.202076,0.246633,0.035536,-0.121706,0.159839,0.236946,-0.268595,-0.317858,-0.198416,0.120703,0.454802,-0.018958,-0.402052,0.049474,-0.122925,-0.017787,0.172834,-0.168864,0.016837,0.074408,-0.133236,-0.101734,-0.160021,0.188728,0.524167,-0.067354,0.216194,-0.111801,-0.036435,0.067671,-0.290507,-0.035847,0.124504,-0.314167,-0.188215,0.106951,0.12841,0.035023,0.098975,-0.099498,-0.01053,0.293496,0.000622,0.261661,0.052245,0.027786,0.0,0.201959,0.045243,-0.117267,0.10101,0.051371,0.082501,0.191486,0.182094,-0.015155,-0.118259,-0.082666,-0.194706,0.093841,-0.240336,0.050385,-0.110573,-0.041534,0.013018,0.073874,0.091713,0.084107,0.175048,-0.470292,-0.105534,0.069519,0.110092,-0.024024,-0.155481,0.09528,0.073763,-0.116981,-0.041504,-0.244049,-0.284833,0.034385,0.042274,0.009375,0.087535,0.140202,-0.256891,0.38305,-0.280664,-0.203304,-0.253738,0.121237,0.105776,-0.171697,0.426309,0.214092,-0.00338,-0.20816,0.018018,0.177395,-0.212997,0.317317,-0.133143,-0.423797,0.230345,0.126992,0.380869,0.207642,-0.052946,0.165334,-0.123941,0.255727,-0.073673,-0.015384,0.146061,-0.020817,0.209233,0.031586,-0.217865,0.046032,0.141103,-0.133855,0.037666,-0.190067,-0.045488,0.038898,0.115271,-0.036842,-0.396696,-0.396506,0.442438,0.036304,0.090378,0.25638,-0.194422,#
19,-0.033682,0.029153,0.284209,0.456042,0.192527,-0.190203,-0.133924,-0.146083,0.175131,0.121449,-0.409008,0.045767,0.039618,0.415998,-0.045188,-0.202041,-0.097446,-0.049279,-0.065058,1.0,-0.432524,-0.124217,-0.026743,0.096232,-0.247626,0.002166,0.035105,-0.044956,-0.117383,-0.0,-0.030585,-0.102225,-0.079858,0.282036,0.02123,-0.086779,0.069943,-0.077648,-0.182977,-0.205185,-0.093715,0.181395,-0.150427,0.141058,0.143283,0.005123,0.098519,-0.069323,0.003252,0.350773,0.106725,0.106961,0.308946,0.16265,-0.668033,0.024237,0.14694,-0.042748,-0.10654,-0.135032,0.007905,0.166242,-0.039502,-0.010638,-0.091818,0.003348,0.152292,-0.046604,0.031826,0.208052,0.022599,0.14763,0.07942,0.268505,-0.229495,-0.463792,-0.092335,0.285547,0.146288,-0.085754,0.532715,-0.001907,0.254936,0.247458,-0.011232,0.256422,0.019224,-0.317724,0.172571,-0.099215,-0.110907,0.202541,0.346598,0.153507,-0.277324,-0.308862,0.225575,0.017466,0.072637,0.049386,-0.503745,0.086568,0.015763,0.216083,-0.120555,0.016936,0.017484,-0.152464,0.113802,-0.153042,0.367264,0.0,0.206002,0.34913,0.047067,0.168876,0.246507,-0.257569,0.282145,-0.265272,0.14718,0.133732,0.235195,-0.268101,0.028062,-0.12989,0.018113,-0.078881,0.035119,-0.092335,-0.033694,0.308863,-0.090334,0.25224,-0.017263,-0.247674,-0.101144,0.332887,-0.195735,0.2696,0.22151,0.000472,-0.108132,-0.118559,0.133032,0.16409,0.038226,0.083205,-0.239814,0.284338,-0.240321,-0.277277,0.170645,0.501487,0.320887,0.232239,-0.050634,0.221752,0.307181,0.123239,0.111308,0.066243,0.404323,0.320206,0.371962,-0.023108,0.305353,-0.070896,0.167959,0.030562,-0.303278,0.219248,-0.090558,0.241443,0.05071,0.127592,0.294238,-0.362969,-0.384978,-0.265871,0.094775,-0.121923,-0.024031,-0.226871,-0.065644,0.090167,-0.264046,0.098276,-0.487822,-0.228096,0.185332,-0.371257,-0.258919,-0.112288,-0.176901,-0.283645,-0.278587,0.038454,0.276257,0.294801,#
20,-0.418023,0.242446,-0.456123,-0.170055,-0.034116,0.04813,0.301634,0.257441,-0.39977,-0.017938,0.43697,-0.260318,0.313145,-0.290543,-0.314216,0.046326,0.021869,0.057838,0.233973,-0.432524,1.0,0.721342,0.285569,0.166804,0.020279,0.285281,0.07999,0.26258,0.092804,0.427874,0.046285,-0.18484,0.385966,-0.288839,0.101622,0.033964,-0.076297,-0.203418,0.257442,0.061081,0.20215,0.11952,0.563628,-0.0264,-0.376111,0.086888,-0.349315,0.067524,0.079037,-0.393224,0.091009,-0.333896,-0.149441,-0.068727,0.129603,-0.285471,-0.179091,0.365263,0.21054,-0.006304,-0.124953,-0.524336,-0.201556,0.311395,0.062747,0.255876,-0.071031,0.191719,0.1486,0.1918,-0.459342,-0.199953,0.370667,-0.173588,-0.0012,0.318601,0.052642,-0.017677,-0.341558,-0.250588,-0.495976,-0.216087,-0.218587,-0.138825,-0.085577,-0.526966,0.118146,-0.120079,-0.186602,0.18682,-0.213763,-0.24726,-0.224689,-0.364988,-0.036347,0.19669,-0.474023,-0.084252,-0.310973,-0.120079,0.508715,0.150482,-0.144689,-0.427998,0.272654,-0.140024,0.023519,-0.210275,-0.258402,0.247526,-0.175509,0.0,-0.388842,-0.254952,0.103371,0.123872,-0.332264,0.025985,-0.313277,0.229444,-0.142959,-0.240001,-0.26448,-0.137191,-0.220156,-0.079508,-0.004829,0.034011,0.055113,-0.094202,-0.269411,-0.211298,0.138129,-0.016125,-0.202029,0.02496,-0.266825,-0.490154,0.149358,-0.331976,-0.446718,0.099146,-0.057744,-0.110991,-0.330327,-0.22867,-0.316007,0.131816,-0.098439,-0.16315,-0.029129,-0.265171,-0.342686,-0.418642,-0.463793,-0.200467,-0.07914,0.024238,-0.120213,-0.210633,0.395488,0.069901,-0.411773,0.031658,-0.352885,0.131423,-0.186636,-0.278541,-0.436677,0.249785,0.125526,-0.016052,-0.174802,-0.192602,0.161319,-0.385271,-0.371922,-0.043119,0.000451,-0.033539,0.128406,-0.016986,0.153901,0.201572,0.151301,-0.196693,-0.420002,-0.089073,0.460549,0.080584,-0.228504,0.558985,0.206571,-0.086262,0.288434,0.378268,0.216334,-0.111693,-0.097319,-0.233519,#
