0,1.0,0.043071,0.058823,-0.382119,0.140903,0.042176,0.482903,-0.357047,0.189293,0.015872,0.359245,-0.29457,0.201858,0.222096,-0.108285,0.02634,-0.188695,-0.198124,0.452278,0.209768,0.015424,0.108192,0.167365,-0.311189,-0.102242,-0.15494,-0.105414,0.061243,0.197488,0.05186,-0.373303,0.014028,0.153363,-0.384073,0.224642,0.180483,0.097504,-0.058608,-0.167535,0.248135,-0.003024,0.123573,0.151537,-0.053413,0.07511,-0.235474,0.297978,0.26311,-0.346003,-0.043164,0.166835,-0.036107,0.08371,-0.190126,-0.033154,0.212051,-0.170286,0.134434,0.099153,0.005563,0.431727,0.148064,-0.130573,0.086556,-0.147645,0.080776,-0.305185,0.057145,-0.130163,0.069426,0.161665,0.161551,0.181793,-0.432356,-0.263865,0.278083,-0.445243,-0.167066,-0.110823,-0.076387,0.22106,0.094644,-0.393996,-0.520889,-0.150988,0.05624,-0.216571,-0.189418,-0.250978,-0.287382,-0.551921,-0.156129,-0.074587,-0.151729,-0.08473,-0.370136,-0.151235,-0.510639,-0.351663,-0.128387,0.335986,-0.195845,-0.023477,-0.290807,-0.066229,-0.195089,-0.17642,0.097319,-0.179449,-0.228866,-0.063389,0.039299,-0.512853,-0.29887,0.107314,-0.004438,0.006653,-0.023821,0.080959,-0.278504,-0.227731,-0.171615,-0.032462,0.054409,-0.047281,0.058474,0.258513,0.325252,-0.06282,-0.086998,-0.104825,-0.357008,-0.091312,0.270159,0.117366,-0.153996,-0.026812,0.053721,0.39291,0.128587,-0.080228,0.385886,0.078173,-0.310264,-0.49726,0.156516,-0.18074,0.052914,-0.183658,-0.06835,-0.150617,-0.088227,-0.259938,-0.015163,0.178284,-0.106664,0.041252,0.121326,-0.461602,-0.028273,0.228202,-0.202815,-0.092135,-0.227235,0.194431,0.218044,0.26522,0.141501,-0.442721,-0.085435,-0.010144,-0.202759,-0.054592,0.071196,-0.019721,-0.101052,-0.121592,-0.307351,0.272541,-0.498941,0.117891,0.011533,0.086215,0.372132,0.046437,-0.117163,0.214013,0.177751,0.050795,0.167442,-0.341733,0.061711,0.499452,-0.105994,0.085084,0.132189,-0.218901,0.037617,-0.122952,0.058386,#
1,0.043071,1.0,0.219498,-0.11446,-0.087124,-0.053244,0.256646,-0.044307,-0.14905,0.027596,-0.030629,0.0412,0.141311,0.09777,-0.287124,-0.020272,0.111618,0.071364,0.060771,-0.174046,0.238329,0.143331,0.043373,-0.425911,0.018482,-0.420467,-0.249583,-0.159031,-0.078306,0.038966,-0.048556,-0.162389,-0.029283,0.231576,0.201618,0.320965,-0.187623,-0.326821,0.043217,0.107811,-0.152481,0.183334,-0.039309,0.127104,-0.111826,0.121923,-0.059687,-0.07779,0.366294,0.332747,0.043991,0.007399,-0.044948,0.228566,-0.155,-0.101929,0.264145,-0.047522,-0.111129,-0.11937,0.086153,-0.297169,0.357156,0.022258,0.232196,0.351863,-0.402787,0.317237,0.069855,0.038271,0.046138,-0.112723,-0.356246,-0.287799,-0.063542,-0.148458,-0.058719,0.056336,0.323979,-0.169475,0.035085,-0.181104,0.006459,-0.163304,-0.206904,0.018511,-0.097366,0.142317,-0.069882,0.048456,-0.335018,-0.073826,-0.197454,0.016732,-0.102751,-0.12009,0.070382,0.124903,0.141496,0.030814,0.047073,-0.092864,0.296192,0.141902,-0.185886,-0.132477,0.36526,-0.086669,-0.219333,-0.008416,0.286313,-0.341527,0.041227,0.071406,-0.112056,-0.121936,0.040069,-0.038226,-0.140619,-0.026179,0.02962,-0.063045,-0.360397,-0.188168,-0.056693,-0.324668,0.117734,-0.15981,-0.204383,-0.077455,0.227704,-0.250845,-0.180914,0.194208,-0.237653,-0.227273,0.264043,0.073333,0.187294,-0.206639,0.087569,-0.189658,0.337023,-0.08085,0.164997,-0.185633,-0.407462,0.216005,0.161497,0.183087,0.072529,-0.046467,0.139506,-0.129383,-0.087174,0.051169,-0.04588,0.048921,0.179333,0.263742,0.02002,0.102389,-0.085344,0.401819,-0.209701,0.188931,0.210144,0.223674,-0.007767,-0.279418,0.252839,0.133537,-0.274336,-0.171068,0.075991,-0.264099,0.042516,0.045264,-0.148749,-0.150471,-0.044647,-0.02861,0.300191,0.122295,0.313337,-0.204158,-0.119062,-0.132048,-0.063881,0.313854,0.03439,0.29502,-0.310854,-0.145794,-0.011432,-0.045636,0.283331,0.004745,-0.216563,0.123843,#
2,0.058823,0.219498,1.0,-0.516899,0.140646,-0.276973,0.097925,-0.157744,0.080995,0.102605,0.265022,-0.107975,0.237605,0.194727,-0.293285,-0.045805,-0.024634,0.028878,0.267973,0.100499,-0.086285,0.049304,-0.084059,0.070254,-0.110392,0.1277,0.023395,-0.126296,0.228923,-0.307772,-0.053198,0.480118,-0.196668,0.118998,0.008541,0.148274,-0.054971,0.483985,-0.03075,-0.249711,0.145118,-0.018269,-0.073357,-0.235286,-0.124644,-0.289339,-0.250551,-0.068397,-0.095619,0.098366,0.247437,-0.426389,0.129249,-0.26141,-0.197175,-0.135857,0.009736,-0.272303,0.139473,-0.219567,0.136154,-0.399992,0.012194,-0.054882,0.339689,0.254468,0.087367,0.158791,0.24155,0.114305,-0.075347,0.217881,-0.399672,-0.127405,-0.11539,-0.231635,0.031989,0.075801,0.047749,0.016204,0.161743,0.015035,0.349448,-0.064714,-0.058453,0.338533,0.147124,0.089049,0.032202,0.223696,-0.027154,0.22727,0.31938,0.036479,0.136743,-0.022669,0.106455,-0.148665,0.243515,0.084836,-0.268845,-0.200218,0.138492,0.050723,0.322563,-0.055035,0.126776,-0.135049,0.119054,-0.014711,-0.15295,-0.323772,0.076897,0.077188,0.287291,-0.209496,-0.080441,0.42504,-0.282815,-0.13322,-0.008942,0.348723,0.072021,-0.446567,-0.289784,0.150365,0.318266,-0.212048,0.299674,-0.140246,0.174963,-0.233855,0.008035,0.00125,0.312703,-0.075728,0.218677,0.282576,-0.232372,0.276765,-0.019993,0.167858,0.234999,0.007741,0.095374,-0.197907,-0.249711,0.022432,-0.058806,0.022379,0.079105,0.301816,-0.05074,-0.038557,0.166475,-0.105762,0.022335,-0.112885,0.312842,0.010736,0.193919,-0.038739,0.07527,0.279591,-0.143028,-0.158316,0.34912,0.073188,0.197212,0.028877,-0.075898,-0.067511,0.013198,0.009501,-0.385458,0.18626,0.07418,0.072188,-0.009499,-0.23753,-0.03483,0.133592,-0.08315,-0.105382,-0.277938,0.153289,0.129077,0.075845,0.031206,-0.373188,0.215937,-0.091036,-0.257154,0.259242,0.021922,-0.080734,0.011076,0.215475,0.268907,-0.125716,#
3,-0.382119,-0.11446,-0.516899,1.0,-0.291991,-0.054118,-0.13293,0.217096,-0.385358,-0.310081,0.110869,0.129477,-0.315198,-0.399309,0.108896,-0.078827,0.305974,0.085702,-0.310623,-0.22668,0.263969,-0.229507,-0.312454,0.200034,0.232025,0.257943,-0.039341,-0.076659,-0.311911,-0.171477,0.305427,-0.474973,0.189012,-0.181007,-0.361822,-0.054393,-0.205827,-0.246774,0.172619,0.207176,-0.107771,-0.401692,-0.222855,0.082211,0.180731,0.412189,-0.231991,-0.275941,0.28843,-0.030118,-0.280372,0.428757,-0.033871,0.307693,0.27698,-0.161115,0.290901,0.153805,-0.206588,-0.094616,-0.553294,0.300539,0.210333,-0.195434,-0.078724,-0.094559,0.015077,-0.040673,-0.255648,-0.031253,-0.307062,-0.156227,0.095803,0.204208,0.123888,-0.307848,0.279126,0.031656,-0.029174,0.029424,-0.031197,0.184937,0.193746,0.187515,0.096126,-0.371246,0.183041,0.205113,0.19765,0.114356,0.120156,-0.137466,-0.124436,-0.141146,0.136896,0.114428,0.158133,0.070695,0.05689,0.224524,0.204323,0.272864,0.039716,0.288165,-0.248888,0.120156,0.190255,0.195716,0.10261,0.046701,-0.145735,0.219159,0.225336,0.211208,-0.135513,0.312945,0.02096,-0.124079,-0.237873,0.319491,0.122389,0.032761,-0.136666,0.192518,0.314782,-0.039586,-0.451385,-0.134694,-0.196016,0.201861,-0.198503,0.454215,0.116932,-0.391277,-0.029592,0.283197,0.13232,-0.189809,-0.232861,-0.125048,0.030407,-0.057289,0.182722,0.214006,0.37398,-0.029517,0.207176,0.026432,0.365889,-0.102115,0.377032,-0.206652,-0.008191,0.122494,0.018925,0.018257,-0.322789,-0.10124,0.162928,0.125739,-0.064265,-0.037233,-0.134393,-0.223781,0.000756,-0.382376,-0.20047,-0.10402,0.127628,0.036609,0.050692,0.424423,0.143344,0.292121,0.271393,-0.034606,0.022608,-0.057644,-0.310877,0.497356,-0.458891,0.100498,0.189972,-0.207688,-0.050853,-0.169675,-0.307391,-0.124812,0.132856,0.281499,0.056611,0.018144,-0.046433,-0.328905,-0.07471,-0.194053,0.023666,-0.327647,-0.543704,-0.141293,#
4,0.140903,-0.087124,0.140646,-0.291991,1.0,0.126774,-0.261137,0.029813,-0.02841,-0.10497,0.291092,-0.040836,0.0782,-0.354203,-0.191201,0.273832,0.289429,-0.014536,-0.271797,-0.050984,-0.190589,-0.290901,0.078231,-0.184097,-0.045264,-0.073841,-0.151234,-0.028316,-0.099819,-0.157625,-0.383061,-0.083482,0.220265,-0.185403,0.142575,0.122651,-0.118584,-0.012425,0.047789,0.215052,-0.226701,-0.388986,-0.019353,0.015059,-0.306444,0.089932,-0.003549,-0.102672,0.029914,0.21813,0.06541,0.067554,-0.178662,0.180331,0.045579,0.230086,-0.131467,0.374633,-0.024952,0.333972,-0.181404,-0.281827,0.078712,-0.223675,-0.382274,-0.135451,0.577779,-0.039053,-0.227444,-0.256687,0.129571,0.047635,0.117143,0.361789,0.454824,0.02311,-0.032561,0.072873,0.138403,-0.128745,-0.178724,0.370656,0.048836,0.087364,0.289344,0.000861,0.050589,-0.103651,0.187916,0.286147,0.288707,0.445958,0.197218,0.330564,0.16247,0.288614,0.351779,0.081048,-0.083087,-0.151428,0.062412,0.119176,0.217219,0.127164,0.238587,-0.075779,0.078896,0.205865,-0.04782,0.20277,0.05385,-0.207925,-0.098859,0.204257,-0.265463,0.456672,0.035771,0.384503,-0.453045,0.01769,-0.087195,0.024138,-0.259574,0.072117,0.186745,-0.004614,-0.102646,0.059464,0.035464,-0.138462,0.158728,-0.058651,0.167061,0.069515,0.202132,0.107075,0.323747,0.036754,-0.223484,0.224416,-0.108663,-0.017194,-0.105776,0.257028,-0.103596,-0.147611,0.199239,-0.34474,0.219141,-0.106796,0.082471,0.185869,-0.281995,0.286178,-0.031938,-0.158319,-0.043935,-0.080646,-0.369258,0.137501,-0.183226,-0.241488,-0.092092,0.285239,0.19976,-0.180097,0.026466,0.070255,0.116199,0.377765,0.250495,-0.079202,0.308608,-0.012214,-0.231205,0.30223,0.019129,-0.199968,-0.098525,0.0124,-0.111281,0.299304,0.061115,-0.188455,0.145818,0.134175,0.180835,0.252428,0.280483,-0.037303,0.322822,-0.140121,0.192021,0.008585,-0.226773,0.243263,0.058514,0.324389,0.140153,-0.308384,#
5,0.042176,-0.053244,-0.276973,-0.054118,0.126774,1.0,0.132713,0.291525,0.06806,-0.013342,-0.108542,-0.097262,-0.045443,-0.169562,0.031668,-0.098074,0.241662,-0.011034,0.091049,-0.177061,0.033678,-0.257434,0.119916,-0.220985,-0.247988,0.227588,-0.229081,0.06331,0.139963,0.159329,-0.418817,0.04242,-0.044031,-0.03724,0.035162,0.06087,0.163676,-0.293976,-0.064987,0.199671,-0.289754,0.124476,-0.332792,-0.161622,-0.03433,0.020552,0.236014,-0.262337,0.097057,0.264777,0.132713,0.057819,0.252523,0.128462,0.038461,0.204131,-0.080469,0.400759,-0.323061,0.054012,0.022139,0.05387,0.145275,0.26809,-0.31983,-0.189404,-0.024519,-0.184267,-0.070726,-0.453016,0.1535,-0.308274,0.054928,-0.032467,-0.293697,0.303712,-0.140464,0.07932,-0.27522,0.113669,-0.308337,-0.214904,0.122098,0.2487,0.037838,-0.296539,-0.232219,-0.061397,-0.206717,-0.132011,0.061816,-0.073146,-0.200723,-0.103586,-0.172823,0.059629,-0.1867,-0.250983,-0.269096,-0.418344,0.117543,0.044346,0.121661,-0.293847,-0.423583,-0.306973,0.103888,0.1402,-0.309995,0.101825,0.270411,0.393033,-0.224845,-0.411193,-0.201834,-0.139254,0.148935,0.113738,0.031675,-0.129361,-0.13015,-0.231738,0.094291,0.101691,-0.349042,0.014328,0.120959,-0.206021,-0.379209,-0.032758,0.030201,-0.297406,0.013131,0.080419,-0.368167,-0.284819,0.090078,0.342684,0.244152,0.110069,-0.229148,-0.001236,-0.246167,0.134124,-0.064576,-0.16682,0.183824,0.01948,-0.226556,-0.145252,-0.080873,-0.377,0.274733,-0.12027,0.162634,-0.039601,0.126051,-0.192826,-0.572688,-0.130045,-0.48055,-0.116914,0.098579,-0.227082,0.031356,0.058698,-0.230603,-0.242993,-0.124214,-0.364956,-0.034423,-0.12662,-0.147578,-0.316802,0.058975,-0.124297,-0.024436,-0.082735,-0.029141,-0.016642,0.286136,-0.1185,0.192558,0.06956,0.358327,-0.290086,0.283946,-0.071295,-0.11975,0.244606,0.089226,0.175036,0.222058,-0.034856,-0.092683,0.210167,0.127796,0.101242,-0.140456,-0.201817,#
6,0.482903,0.256646,0.097925,-0.13293,-0.261137,0.132713,1.0,-0.204678,0.171408,0.12288,0.032682,-0.173061,0.302163,0.357422,-0.222588,0.233187,0.112612,0.283871,0.393336,0.36004,-0.029786,0.038568,0.13918,-0.346015,-0.147267,0.073287,-0.041947,-0.025782,0.658797,-0.170903,-0.179959,0.078184,0.007896,-0.084698,0.073545,0.112835,0.213008,-0.163704,0.075742,0.15807,0.268649,0.252108,-0.005641,-0.01805,-0.030544,-0.318667,0.110363,-0.079907,-0.167065,-0.087657,0.139669,-0.315795,0.335163,-0.020137,0.372933,-0.105287,0.075902,-0.249109,0.02569,-0.211749,0.537343,0.121165,-0.109827,0.379859,0.249635,0.14123,-0.348423,0.161059,0.172624,-0.045525,-0.114759,-0.038618,-0.096208,-0.731485,-0.556208,0.053677,-0.402159,-0.244255,-0.064658,-0.068928,-0.11326,-0.080113,-0.079812,-0.248845,-0.308207,0.043841,-0.292382,-0.363437,-0.549674,-0.515823,-0.643176,-0.303698,-0.594494,-0.212325,-0.363301,-0.45208,-0.256631,-0.498824,-0.30947,-0.199831,0.112775,-0.089471,-0.115609,-0.21363,-0.35787,-0.650098,0.329197,-0.029177,-0.135001,-0.446009,0.212798,-0.139288,-0.235845,-0.350051,0.02539,-0.474003,0.001548,-0.167991,0.276649,-0.17848,-0.239081,-0.143259,-0.248988,-0.130046,-0.260356,-0.178421,0.223768,0.104334,-0.243428,-0.033205,-0.111012,-0.488403,-0.125364,0.233068,-0.042945,-0.475332,0.174927,0.026319,0.458339,-0.171838,-0.31141,0.043302,0.125598,-0.487637,-0.34426,0.009955,-0.271828,0.455663,-0.347184,-0.491756,-0.237693,-0.449487,-0.109906,-0.293284,-0.064166,0.021426,0.18796,0.027656,-0.269874,-0.258653,0.311332,-0.278749,0.286172,-0.221884,-0.164285,0.218664,0.320926,-0.055814,-0.665841,-0.377964,0.10924,-0.015775,-0.284867,-0.117241,0.076096,-0.401524,-0.171107,0.312585,0.200118,-0.434067,0.330477,-0.124243,0.061732,0.61025,-0.062995,-0.450979,0.176314,0.123688,-0.216941,0.269576,-0.396764,0.218311,0.15068,0.002088,-0.028438,-0.169461,0.036205,-0.192197,-0.036184,0.328935,#
7,-0.357047,-0.044307,-0.157744,0.217096,0.029813,0.291525,-0.204678,1.0,-0.313312,0.051743,-0.411061,-0.280827,0.191179,-0.207239,0.257255,-0.071864,0.214856,0.126577,0.036453,-0.396855,0.210601,0.002813,0.060039,0.151914,-0.028451,0.192656,-0.243262,-0.368804,-0.16686,0.164574,-0.228157,-0.195992,-0.002217,0.161675,-0.182842,-0.116515,-0.150005,-0.213693,-0.040968,0.074374,0.122638,-0.143693,-0.165841,-0.299232,0.128802,-0.031554,0.171769,-0.232708,0.078927,-0.041552,-0.147034,-0.249258,0.07793,-0.181323,-0.094978,-0.00397,0.644275,-0.185842,-0.196262,0.426597,-0.222278,-0.324785,-0.154291,-0.04915,-0.020067,-0.077316,0.178767,-0.21534,-0.223357,-0.165124,-0.083396,-0.117651,-0.530157,0.213705,0.043615,-0.1211,-0.003721,0.071379,-0.242882,0.209083,-0.244004,-0.389393,-0.011481,0.029053,0.196015,-0.240744,0.240877,0.052484,0.213705,0.276467,0.214234,-0.200518,-0.027481,-0.150751,0.106871,0.202309,-0.285039,0.201061,0.167325,-0.152058,-0.245562,0.145501,0.051883,0.043638,-0.128958,0.176315,-0.223512,-0.082612,-0.143408,0.272283,0.336863,0.019256,0.127667,0.191987,-0.034726,0.201246,0.178084,-0.214671,-0.051638,0.073148,0.182089,-0.233976,0.082195,0.19057,-0.220522,-0.218291,-0.029524,-0.131568,-0.169707,-0.072375,-0.22516,0.226146,0.07329,-0.253014,-0.143696,0.237805,0.18215,0.118594,-0.112374,-0.268688,-0.350124,-0.271814,-0.416317,0.119549,-0.220291,-0.153622,0.045321,0.156941,0.078109,0.117028,-0.222304,-0.108152,0.084173,-0.08687,-0.139175,-0.507646,0.105141,0.280165,-0.127875,0.181943,-0.266024,0.213387,0.053065,0.098282,0.223392,-0.264042,-0.636894,-0.157885,0.13948,0.237596,-0.165929,0.032914,-0.216612,-0.246498,0.118332,-0.22341,-0.155089,0.023842,-0.027429,0.014736,0.014224,-0.049333,0.20906,0.026098,0.031709,-0.189859,-0.019011,-0.210215,-0.221625,0.197493,-0.130346,-0.113488,-0.192444,0.081736,-0.002638,-0.057126,0.003558,-0.071155,-0.216271,0.213057,#
8,0.189293,-0.14905,0.080995,-0.385358,-0.02841,0.06806,0.171408,-0.313312,1.0,0.408358,-0.010591,0.345013,-0.118848,0.250235,0.051165,-0.133618,-0.551971,0.018544,0.171511,0.372239,0.026559,-0.021785,0.196895,-0.107758,-0.097716,0.037682,0.08087,0.331796,0.210745,-0.110378,-0.219306,0.370929,0.309506,0.075591,0.053249,-0.186506,0.276771,0.229318,-0.032291,-0.180746,0.137507,0.232026,-0.069437,-0.070778,-0.101986,-0.109271,0.079349,0.395099,0.08137,-0.235993,-0.159495,-0.114001,0.499919,0.136641,0.263351,0.246505,-0.543468,-0.076444,-0.091961,-0.020055,0.277339,-0.078624,-0.201658,0.214016,0.094518,0.193616,-0.110089,0.247931,0.444519,-0.020674,-0.288942,0.177373,0.32318,0.08394,-0.269084,-0.050761,0.018486,-0.022864,0.042738,0.263529,0.04028,-0.100858,-0.054902,-0.151995,-0.008649,0.376381,-0.538014,-0.359713,0.08394,-0.616298,0.169001,0.007886,-0.089233,0.039327,-0.115468,0.180882,-0.184651,-0.166755,-0.321798,-0.137488,-0.192,0.151279,-0.03894,-0.106283,0.148938,-0.381471,-0.000742,-0.10419,-0.001578,-0.077317,0.163895,-0.172327,-0.183205,-0.126514,0.254012,-0.2218,0.104784,-0.013663,0.032012,-0.097081,0.163324,0.037863,0.329513,-0.088531,-0.315385,0.26353,0.446977,-0.057695,0.090623,0.251551,0.374867,-0.157474,-0.282443,-0.036238,0.107374,0.001913,-0.23702,0.252861,0.323849,0.276845,-0.069152,0.214643,-0.070981,-0.225616,-0.021861,-0.358362,-0.180746,-0.217093,-0.194122,-0.09508,0.158568,0.123708,-0.259946,-0.216216,0.323393,0.265992,0.313754,0.164462,-0.247667,-0.249733,-0.034523,0.15416,0.161052,-0.193235,-0.235008,-0.077242,0.261981,-0.189355,-0.238638,-0.102041,-0.180062,-0.19587,-0.074059,0.044542,0.179801,0.205115,0.256366,0.046281,0.446058,-0.012698,0.336135,0.178983,-0.483244,0.204218,-0.099831,0.246277,0.447492,0.327841,-0.296596,-0.1896,0.0355,0.037972,-0.057795,0.164114,0.028329,-0.021726,-0.344072,-0.350374,0.342155,-0.083327,#
9,0.015872,0.027596,0.102605,-0.310081,-0.10497,-0.013342,0.12288,0.051743,0.408358,1.0,-0.28355,-0.131601,0.265259,0.535768,-0.065493,0.016351,-0.491219,0.405536,0.005668,0.30851,-0.024225,-0.00567,0.457641,0.054308,-0.027318,-0.082085,-0.196014,0.019353,0.091347,0.440598,-0.068457,-0.105562,0.17956,0.056922,0.078685,0.115847,0.221834,0.036877,0.009813,-0.269852,0.411834,0.1864,-0.039207,-0.183351,0.129155,-0.426918,0.216048,0.371676,0.136907,-0.049845,-0.190612,-0.377903,0.357593,-0.217305,0.056476,0.146997,-0.184635,-0.416232,-0.183101,0.363281,0.359534,-0.094158,-0.473665,-0.082721,0.117931,0.068651,0.017878,0.089891,-0.005617,0.054045,-0.073218,0.31247,-0.25516,0.00634,-0.214361,-0.25917,-0.059633,-0.377209,0.090433,0.482125,-0.068767,-0.435694,-0.359322,0.299543,-0.329454,0.210122,-0.128291,-0.333561,-0.171979,-0.182504,-0.057733,0.066953,-0.389314,-0.166882,-0.337871,0.318138,-0.652029,-0.108371,0.083318,-0.339933,-0.56481,-0.113807,-0.230332,0.115829,0.108624,-0.26665,0.006891,-0.71655,0.376071,-0.215805,0.443058,0.099166,-0.238361,-0.188274,-0.125715,-0.468465,0.24452,-0.101755,0.386589,-0.197742,-0.225701,-0.108644,0.016607,0.030463,-0.280453,0.439736,0.602904,0.031518,-0.141187,-0.344568,0.248097,0.061934,-0.613753,0.170442,-0.199396,-0.283386,-0.076208,0.244135,0.006624,-0.125243,0.20877,-0.237175,-0.177169,-0.484682,-0.268454,-0.262139,-0.269852,0.261413,-0.325239,-0.23392,-0.327991,0.200707,-0.057332,-0.654997,0.178,-0.320193,0.736751,0.620184,-0.032769,-0.449163,-0.316824,0.303541,0.240783,-0.113732,0.084199,0.215297,-0.101543,-0.217035,0.173512,-0.225079,-0.247072,-0.077437,-0.252082,-0.406623,0.463061,-0.33637,0.069176,-0.027926,0.399813,-0.436233,0.66759,0.239537,-0.559512,-0.08264,0.11164,-0.021424,0.416037,0.161922,-0.687122,0.070386,-0.331384,-0.537988,-0.213555,0.361626,-0.046393,0.074157,0.179915,-0.122659,0.433954,0.472937,#
10,0.359245,-0.030629,0.265022,0.110869,0.291092,-0.108542,0.032682,-0.411061,-0.010591,-0.28355,1.0,-0.010597,-0.071763,-0.036034,-0.275024,-0.039173,0.108711,-0.035027,0.061485,0.169631,0.010737,-0.226786,-0.297912,-0.234135,-0.013055,0.299197,0.027493,0.186429,0.078951,-0.420752,0.020465,-0.001999,0.006704,-0.32514,-0.237518,0.291569,-0.225114,0.350004,-0.055546,0.279405,-0.281844,-0.443873,0.006595,0.019856,-0.157802,0.144746,-0.214735,0.050674,0.027464,0.106403,0.224603,0.135545,0.154525,0.016709,-0.036622,0.061274,-0.241362,0.423877,0.14496,-0.349402,-0.186452,0.03415,0.121405,-0.37416,-0.219571,0.234603,0.16652,0.218856,-0.131281,-0.092212,0.11552,0.062959,0.270985,0.027509,0.075861,-0.028505,0.03225,0.016773,0.064088,-0.101118,0.098648,0.393694,0.057736,0.0438,0.128404,0.094806,-0.054324,0.158842,0.027509,0.180413,-0.091251,0.275734,0.062206,0.160552,0.133746,-0.086962,0.41171,-0.266211,-0.062574,0.16778,0.206505,-0.108759,0.125533,-0.096533,0.097559,-0.091251,0.173814,0.201768,-0.045428,0.23501,-0.392678,-0.104899,-0.305368,-0.020705,0.097536,0.303924,-0.41863,0.324656,-0.438575,-0.0104,-0.158061,0.346279,-0.141769,-0.265183,0.043578,0.154513,-0.221875,-0.039973,-0.035148,-0.161776,0.087219,-0.209262,0.262606,-0.363068,0.412518,-0.032831,0.479058,-0.04625,-0.307184,0.323417,-0.069987,0.258219,0.406273,0.29507,0.158758,-0.051388,-0.153007,-0.056646,0.170058,-0.016046,0.561907,0.031701,-0.220053,0.086119,0.122666,-0.027946,-0.49646,-0.220286,-0.160345,0.058439,0.092929,-0.273971,-0.040771,-0.233648,0.148843,-0.244584,0.111546,-0.113542,0.040738,0.210383,0.051106,-0.042643,0.260049,0.273495,-0.282676,0.389415,-0.042828,-0.178307,-0.233135,0.054763,-0.333276,0.149842,0.175117,-0.117568,0.066809,0.083428,0.013604,0.387405,0.3888,0.104979,0.362736,-0.049191,0.219811,-0.178391,0.051078,-0.227711,-0.205002,-0.030145,-0.255878,-0.513969,#
11,-0.29457,0.0412,-0.107975,0.129477,-0.040836,-0.097262,-0.173061,-0.280827,0.345013,-0.131601,-0.010597,1.0,-0.161021,-0.091647,-0.102352,-0.160183,-0.186623,0.062545,-0.215829,-0.140126,0.0392,-0.301794,-0.160634,0.057724,0.013593,-0.17123,0.112008,0.338437,0.012423,0.07555,0.065306,0.028141,-0.010981,-0.149814,0.065612,-0.003701,0.033427,-0.120275,0.231121,-0.180835,-0.228689,0.008436,-0.084542,-0.043309,-0.439375,0.510881,-0.32217,0.040044,0.207356,0.163279,-0.345083,0.392514,-0.210276,0.412117,0.296549,-0.103777,-0.35104,0.132994,-0.272773,-0.346118,-0.23351,-0.27023,0.160537,0.255715,0.217709,0.343858,-0.12505,0.378627,0.596915,-0.073408,-0.239062,-0.306064,0.166202,0.26026,0.210716,-0.006426,0.045945,0.313968,-0.114537,-0.221858,-0.257314,-0.069611,0.249616,6e-05,-0.147546,-0.253906,-0.209745,-0.206415,0.26026,-0.144917,0.179744,-0.160898,-0.073345,0.237518,0.079929,0.17392,0.299758,0.18833,-0.162362,0.236851,0.167872,0.006586,-0.060746,0.063077,-0.254783,-0.012128,-0.035314,0.062576,-0.147546,0.267502,0.132226,-0.386642,-0.015506,-0.111731,-0.206266,-0.027294,0.104836,0.128905,-0.138513,0.091615,-0.025263,0.033477,0.003819,-0.214856,0.087771,-0.069577,-0.026124,-0.427369,0.002351,0.255547,0.071332,0.189008,-0.11321,-0.199433,-0.067044,0.1837,-0.237137,-0.107995,0.040674,-0.184463,-0.038325,0.064698,0.25944,0.156919,0.450581,-0.259245,-0.180835,-0.221874,0.122457,-0.075792,0.323699,0.308286,0.012408,0.150726,0.120809,0.251877,-0.155242,-0.095519,0.117151,-0.048417,-0.115206,-0.01092,-0.326715,0.166125,-0.438624,-0.08399,0.26211,0.005994,0.153934,-0.085518,0.344759,0.354652,0.133262,0.063249,0.179889,0.205574,0.249002,0.36733,0.114415,0.637217,-0.154066,0.010073,0.064959,-0.273135,0.230623,0.413384,-0.110217,-0.010156,0.204855,-0.003847,0.231999,0.448715,0.123419,0.127334,-0.17588,0.002852,-0.197773,0.022099,0.086098,-0.259362,#
12,0.201858,0.141311,0.237605,-0.315198,0.0782,-0.045443,0.302163,0.191179,-0.118848,0.265259,-0.071763,-0.161021,1.0,0.570522,-0.07225,0.289525,-0.193215,0.560233,0.28401,0.182769,-3.3e-05,-0.034104,0.463135,0.132887,0.035457,-0.249215,0.030315,0.028007,0.430054,0.338856,-0.124118,-0.081305,-0.194386,0.024628,-0.127501,0.19452,0.325307,-0.027986,0.055675,0.132053,-0.018173,0.038356,0.082175,-0.290163,-0.155945,-0.534388,0.418997,0.288285,-0.050532,0.220912,0.11273,-0.313713,0.036236,-0.209577,-0.170878,-0.187219,0.341453,-0.355902,-0.034735,0.123696,0.333968,-0.371879,-0.199726,0.300043,0.253456,0.150691,-0.062694,-0.05423,0.087242,0.037292,0.05202,0.272786,-0.387289,-0.336957,-0.225789,0.141201,-0.403604,-0.255155,-0.239629,-0.017625,-0.115717,-0.375716,-0.384252,-0.090407,-0.251428,0.058379,-0.088946,-0.029984,-0.142836,0.007547,-0.39975,0.031184,-0.398756,-0.282045,-0.223239,-0.198856,-0.406039,-0.180149,-0.000564,-0.477988,-0.281817,-0.382766,-0.259081,-0.063203,-0.00395,-0.01586,-0.181282,-0.312716,-0.073875,-0.041512,0.267201,-0.227231,-0.275773,-0.2623,0.075794,-0.213184,-0.098815,-0.00333,0.089623,-0.228701,-0.115306,-0.208796,-0.251874,-0.266683,-0.36465,-0.025743,0.263894,0.118686,-0.200975,-0.510009,-0.115856,-0.098541,-0.287778,0.178032,0.108661,-0.088017,0.096838,-0.049974,0.10646,-0.349693,-0.46875,0.053168,-0.144424,-0.384739,-0.361051,0.089572,-0.326954,0.542924,-0.358762,-0.048545,-0.433617,0.064047,-0.123995,-0.200038,-0.038913,-0.457358,0.377431,0.284603,-0.14653,-0.340477,0.076445,-0.015321,-0.010957,0.346829,0.435728,0.226044,0.047341,0.301409,-0.152217,0.047966,-0.086893,-0.084215,-0.372557,-0.286943,-0.01532,-0.230087,-0.264489,0.209078,0.081125,-0.413326,0.176968,-0.067015,0.154269,-0.038927,0.293305,-0.15073,0.233172,0.131106,-0.218783,0.397279,-0.260779,-0.243871,0.070382,0.531839,0.114003,0.091,0.241218,0.158278,0.239224,0.421234,#
13,0.222096,0.09777,0.194727,-0.399309,-0.354203,-0.169562,0.357422,-0.207239,0.250235,0.535768,-0.036034,-0.091647,0.570522,1.0,0.016521,-0.013244,-0.505365,0.341223,0.331755,0.446984,0.067302,0.044651,0.356965,0.00812,0.097339,-0.176291,0.283769,0.409368,0.32601,0.364025,0.246795,0.200135,-0.307701,0.080295,-0.198175,0.035746,0.267039,0.3019,0.141956,-0.295139,0.214504,0.505927,-0.008903,-0.020667,-0.116038,-0.603337,0.376048,0.439875,-0.283973,-0.040469,0.069169,-0.337322,0.283366,-0.464019,-0.24556,-0.099753,-0.098881,-0.441545,-0.091408,-0.226505,0.618099,0.066718,-0.429943,0.150555,0.281143,0.067541,-0.18274,-0.160301,0.199493,-0.01647,0.023554,0.26593,-0.167704,-0.42626,-0.440546,0.081621,-0.335876,-0.190496,-0.124377,0.181772,-0.037964,-0.523371,-0.476872,0.030102,-0.391553,0.31794,-0.195758,-0.083298,-0.235361,-0.234442,-0.504926,-0.044091,-0.486624,-0.153778,-0.339909,-0.114958,-0.480097,-0.226553,0.011262,-0.417031,-0.391209,-0.359633,-0.334954,-0.28077,-0.05407,-0.127407,-0.056356,-0.626041,0.153234,-0.150913,0.19879,0.01856,-0.493142,-0.18532,0.124744,-0.559849,-0.061701,-0.237031,0.485318,-0.316351,-0.048785,-0.171197,0.037446,-0.272205,-0.396261,0.083886,0.293013,0.068381,-0.218851,-0.43812,-0.037154,-0.180434,-0.388019,0.066897,0.03806,-0.355471,-0.062955,-0.043235,0.292222,-0.454535,-0.054017,0.100763,0.121725,-0.424833,-0.408841,0.048287,-0.295139,0.493895,-0.405009,-0.0,-0.331545,0.235083,-0.083985,-0.52088,-0.14216,-0.186538,0.47062,0.240549,0.066096,-0.496139,-0.031615,0.028875,0.23371,-0.07317,0.109397,0.44415,0.0716,0.012229,-0.297681,-0.238624,-0.361947,-0.201867,-0.360286,-0.38524,0.165862,-0.28964,-0.003605,0.256022,0.265751,-0.487263,0.405487,-0.18076,-0.2312,-0.027027,0.183782,-0.041299,0.066985,0.371882,-0.456103,0.198744,-0.316511,-0.261914,-0.039778,0.422747,0.205397,-0.193501,0.121399,-0.102952,0.349645,0.466967,#
14,-0.108285,-0.287124,-0.293285,0.108896,-0.191201,0.031668,-0.222588,0.257255,0.051165,-0.065493,-0.275024,-0.102352,-0.07225,0.016521,1.0,-0.474329,-0.12171,-0.174263,-0.019242,0.195074,0.376154,0.047065,0.094666,0.350928,-0.131115,0.05492,0.680477,0.018666,-0.068776,-0.020279,-0.030304,0.264104,0.261594,-0.042488,-0.280091,-0.479933,-0.141712,0.008412,-0.211722,-0.212323,0.033173,0.321603,0.006963,0.070722,0.307697,-0.272909,0.175315,0.018444,-0.092597,-0.212178,0.107584,0.154127,0.182648,-0.124837,-0.264036,0.392447,0.113792,0.018997,0.016508,0.249775,0.219125,0.059412,-0.266209,0.006705,0.050239,-0.208231,-0.019457,-0.355713,0.160925,0.005663,-0.134305,-0.311651,0.053896,0.142731,-0.127235,0.002611,-0.135146,0.289604,-0.292442,0.290846,0.198975,-0.209154,-0.192064,-0.077485,-0.125237,0.363576,0.270487,0.126554,0.318533,-0.280001,-0.112497,0.098539,0.133771,-0.081761,0.031173,0.241814,-0.331986,-0.069604,-0.069776,-0.217319,-0.227117,0.050595,0.128558,-0.440413,0.226925,0.241861,-0.378188,0.14789,0.19933,0.13929,-0.178949,0.186987,0.0977,0.167802,0.447778,-0.103498,-0.178204,-0.190477,0.027365,-0.481535,0.293739,-0.453745,0.292801,0.135872,-0.001981,-0.147788,0.127834,0.232937,0.101393,0.144046,0.038725,0.061843,-0.125048,-0.337607,0.042878,0.218802,-0.31481,0.351013,0.299361,-0.052325,-0.213224,0.216736,-0.174605,0.282755,-0.207548,-0.112434,0.187381,-0.08727,-0.041857,0.358268,-0.053048,-0.136773,0.279941,0.264356,-0.227175,-0.03081,0.265751,-0.076344,-0.168199,0.289503,0.108061,0.070075,-0.157048,-0.160464,0.065314,0.040869,-0.003311,-0.228352,-0.128454,-0.019924,-0.535011,-0.240244,-0.32343,0.192053,0.051567,-0.270249,0.167395,-0.26612,0.292318,0.004561,-0.0319,0.043256,0.156574,0.050758,0.033688,-0.294119,0.064451,-0.043367,-0.111041,-0.134504,0.127843,-0.003501,0.038734,0.068969,-0.128437,0.084178,-0.209479,-0.468559,-0.132999,-0.20729,#
15,0.02634,-0.020272,-0.045805,-0.078827,0.273832,-0.098074,0.233187,-0.071864,-0.133618,0.016351,-0.039173,-0.160183,0.289525,-0.013244,-0.474329,1.0,0.092209,0.227102,-0.000159,0.007716,-0.510474,0.049525,0.055557,-0.048758,0.205373,-0.045101,-0.332706,0.028875,0.292644,-0.021169,0.117793,-0.188728,-0.022455,0.168493,-0.047712,0.288217,0.298614,-0.002715,0.132432,0.277469,0.110795,-0.180135,0.244168,0.090841,-0.353646,-0.038501,0.188952,0.04084,0.166445,0.099193,0.042141,-0.243669,-0.066727,0.070493,0.195652,-0.264752,0.159514,-0.186429,0.17352,0.244947,-0.027275,0.015788,0.108343,0.227944,-0.125384,-0.240619,0.148545,-0.120599,-0.252213,-0.095492,0.115983,0.347271,0.091343,-0.173607,0.218409,0.215993,0.05671,-0.306481,0.376457,-0.107104,-0.063399,0.245317,-0.101083,0.04239,0.311503,-0.239077,-0.057558,-0.19459,-0.173607,0.170426,0.076746,0.084776,-0.284363,0.160786,-0.198091,-0.295295,0.156599,0.263749,0.090311,-0.026359,0.201243,0.092196,-0.220429,0.386867,0.0847,0.069815,0.169369,0.019609,-0.038038,-0.267587,0.112141,-0.105837,0.031335,-0.040743,-0.231018,0.250484,0.144162,-0.010832,0.042678,0.250184,0.032647,0.132523,-0.307676,0.033674,0.037657,-0.016442,-0.047953,0.270864,0.010659,-0.156465,-0.221842,-0.058179,0.117977,0.460369,0.044538,-0.051454,0.04213,-0.420638,-0.029947,-0.001129,-0.050917,-0.237992,-0.319682,-0.458939,0.002311,0.333142,0.260914,0.283776,-0.174344,-0.276737,-0.119027,-0.16863,-0.220002,0.065639,-0.08192,0.182572,0.057175,0.136147,0.026759,-0.374221,0.21208,-0.096793,0.267296,0.138806,0.262866,0.093005,-0.093714,0.420434,-0.171942,0.025159,0.194898,0.17473,0.228219,-0.057083,-0.113022,0.060372,-0.238281,0.327714,-0.239369,-0.198721,0.14949,-0.027682,-0.209516,0.211757,-0.11243,0.111969,-0.009045,0.058797,0.048818,0.088168,-0.232458,-0.228025,0.018407,0.045293,0.063491,0.115825,0.274541,0.183956,0.440367,0.380367,#
16,-0.188695,0.111618,-0.024634,0.305974,0.289429,0.241662,0.112612,0.214856,-0.551971,-0.491219,0.108711,-0.186623,-0.193215,-0.505365,-0.12171,0.092209,1.0,-0.016739,-0.129932,-0.192678,-0.199167,-0.131955,-0.264551,-0.152362,-0.228225,0.257718,-0.030882,-0.193842,0.010273,-0.349905,-0.129528,-0.080022,0.014661,-0.01341,0.152598,0.220135,-0.298907,-0.136369,-0.076478,0.346536,-0.177307,-0.290192,-0.053125,0.194944,-0.043476,0.307286,-0.175222,-0.788591,-0.066708,0.040231,0.287193,0.026043,-0.269493,0.136855,0.201564,-0.021455,0.326642,0.155738,0.058426,-0.113074,-0.345948,-0.082417,0.209584,-0.166462,-0.296522,-0.176175,0.270945,-0.116121,-0.349929,-0.254984,0.130201,-0.322326,0.009182,-0.058584,0.232445,-0.146045,0.073719,0.063963,0.073757,-0.147821,-0.029971,0.408106,0.37457,0.074313,0.095834,-0.209379,0.278163,-0.005489,-0.251797,0.337114,-0.001867,-0.002236,0.024826,0.061203,0.233414,-0.004961,0.406212,-0.011049,-0.035159,0.052527,0.105494,0.212842,0.280949,0.070624,-0.202812,-0.204381,0.366676,0.321795,0.088759,0.022184,-0.09172,-0.036902,0.276788,0.265209,-0.420871,0.217481,-0.137187,0.179431,-0.260784,0.182532,-0.103455,-0.02087,-0.482599,0.088224,0.163338,-0.327421,-0.420871,-0.095912,0.011053,0.135956,-0.021468,-0.104608,0.504287,-0.006512,0.138592,-0.099897,0.590105,-0.144465,-0.178974,0.019011,-0.06257,-0.240945,0.140353,0.409023,0.172797,0.104438,0.312695,-0.118438,0.186236,-0.230193,0.078184,-0.293309,0.115658,0.188807,-0.188679,0.036434,-0.376128,-0.473761,-0.093794,0.34067,-0.038629,-0.184382,0.061429,0.087099,-0.040279,-0.221098,-0.033578,-0.103508,-0.087868,0.159277,0.304893,0.160424,0.140459,0.139886,-0.390717,0.056474,-0.155987,-0.0128,-0.415493,0.217648,-0.347085,0.111943,0.514907,0.078419,-0.088662,-0.229661,-0.058548,0.099572,0.418907,0.033091,0.287076,0.288379,-0.038137,-0.334925,-0.267157,0.076406,0.288198,0.29606,-0.430437,-0.227256,#
17,-0.198124,0.071364,0.028878,0.085702,-0.014536,-0.011034,0.283871,0.126577,0.018544,0.405536,-0.035027,0.062545,0.560233,0.341223,-0.174263,0.227102,-0.016739,1.0,-0.159943,0.289949,-0.255269,-0.371652,0.235157,0.191512,0.127788,0.171091,-0.06919,-0.095026,0.375415,0.14167,-0.057223,-0.35492,-0.06878,0.085708,-0.049447,0.166984,0.071385,-0.07672,0.212676,0.082894,-0.089063,-0.219427,0.000843,-0.22325,-0.081005,-0.149656,-0.067498,0.123596,0.419261,0.115755,-0.024376,-0.284821,0.118397,0.134999,0.147038,-0.091815,0.306432,-0.241002,-0.110776,0.12198,0.148659,-0.269386,-0.069786,0.072129,0.160938,0.055524,0.191938,0.217176,0.060336,-0.118036,-0.029183,0.033385,-0.353368,-0.113113,-0.194942,-0.183837,-0.140412,-0.335514,-0.121803,0.239292,-0.38117,-0.284433,-0.158876,0.356607,-0.329423,0.019444,-0.217268,-0.111149,-0.234,-0.148519,-0.152065,-0.031047,-0.489339,-0.336153,-0.300782,0.010913,-0.255095,-0.086764,0.153315,-0.249614,-0.509959,-0.301501,-0.233616,0.064196,-0.249676,-0.354004,0.271109,-0.274305,0.17848,0.120955,0.317553,-0.176089,0.006567,-0.192317,-0.124207,-0.17043,-0.183887,-0.128112,0.180298,0.095356,-0.254821,0.087156,-0.289865,-0.353105,-0.420994,0.105431,0.033751,0.119221,-0.370288,-0.273109,-0.04538,-0.036821,-0.425436,-0.028939,-0.151009,-0.191343,0.297987,-0.19472,-0.29004,-0.227877,-0.362143,-0.139738,0.062585,-0.3367,0.015606,-0.084997,-0.292273,0.608421,-0.095377,-0.302507,-0.178276,0.039431,0.119217,-0.348809,-0.076524,-0.205289,0.221793,0.405885,0.030883,-0.360399,-0.150265,0.213636,0.070022,0.276884,0.143788,-0.020731,-0.121306,-0.081988,0.063015,0.087106,0.009749,0.170442,-0.079387,-0.201812,0.082261,-0.162024,-0.194857,0.296122,-0.161253,-0.144491,0.323233,0.164855,-0.10466,-0.07851,0.313149,-0.194436,0.24844,0.222662,-0.378532,0.418161,-0.180405,-0.230349,-0.184026,0.236385,-0.144851,-0.038125,0.313311,0.038158,0.2414,0.362379,#
18,0.452278,0.060771,0.267973,-0.310623,-0.271797,0.091049,0.393336,0.036453,0.171511,0.005668,0.061485,-0.215829,0.28401,0.331755,-0.019242,-0.000159,-0.129932,-0.159943,1.0,0.074508,-0.047788,0.264658,0.26771,0.044744,0.053174,-0.014071,-0.088299,0.28177,0.401874,0.055012,-0.168708,0.248067,-0.087565,-0.004585,-0.050622,0.259237,0.055162,0.142388,-0.277923,0.156708,0.142418,0.143609,0.197363,-0.14312,0.021837,-0.234164,0.244477,0.029812,-0.312065,-0.030117,0.181108,-0.117495,0.259362,-0.43113,-0.302164,0.239277,0.094828,-0.277677,0.135055,-0.226818,0.371174,-0.10002,0.013791,0.127389,-0.18962,0.232283,-0.532259,-0.070833,0.049418,0.094893,-0.132081,0.240403,-0.10959,-0.64974,-0.502772,-0.011376,-0.086526,0.009964,-0.384784,0.237936,0.43184,-0.206478,-0.009928,-0.64522,-0.042517,0.115614,0.043265,-0.174619,-0.276065,-0.085875,-0.402092,-0.165163,-0.004594,-0.336361,0.255939,-0.400008,-0.307038,-0.098683,-0.450219,-0.183472,0.030981,-0.074775,0.022805,-0.340154,-0.052425,-0.054357,-0.317051,-0.211045,-0.049487,-0.123352,-0.087134,-0.003564,-0.154598,-0.123153,0.347791,-0.054634,0.071851,-0.05409,0.140048,-0.217775,0.181909,-0.006616,0.080982,-0.123291,-0.444231,-0.052957,0.382122,0.031729,0.171456,0.013124,-0.106882,-0.359771,0.077896,0.137608,0.123217,-0.024874,-0.127996,0.170566,0.320267,-0.023039,-0.326894,0.265187,0.026434,-0.218439,-0.181283,0.165366,-0.193385,0.201047,-0.444493,0.1327,-0.143772,-0.212456,-0.003487,-0.22343,0.176755,-0.17248,0.007023,-0.015676,-0.206427,-0.072668,0.307016,0.14286,0.157922,-0.254819,0.00812,0.153678,0.181872,0.203691,-0.302184,-0.13153,-0.323272,-0.165016,-0.108294,0.125265,-0.003234,-0.069551,-0.182457,0.139227,0.234037,-0.313919,-0.035188,-0.196085,0.17238,0.31441,-0.208488,-0.033651,0.426845,0.220258,-0.096311,-0.070347,-0.207841,0.157153,-0.026035,0.295291,0.332136,0.074239,-0.125083,0.038984,-0.103553,0.095444,#
19,0.209768,-0.174046,0.100499,-0.22668,-0.050984,-0.177061,0.36004,-0.396855,0.372239,0.30851,0.169631,-0.140126,0.182769,0.446984,0.195074,0.007716,-0.192678,0.289949,0.074508,1.0,-0.111141,0.162722,0.306017,0.081235,-0.269463,-0.120604,0.479027,-0.004192,0.531961,-0.169742,-0.056188,0.229828,0.159571,0.023693,0.048461,-0.058309,0.29916,0.264705,0.045335,0.169593,0.379926,0.054524,0.077246,-0.167131,0.081533,-0.444286,0.119977,0.469154,-0.114346,-0.334075,0.114066,-0.190355,0.277275,-0.214036,0.026368,0.22373,-0.355491,-0.132501,0.229003,-0.092901,0.464985,0.169944,-0.384367,0.10164,0.039225,-0.037493,0.077796,0.124439,0.151024,0.102002,-0.151579,0.243888,0.31514,-0.272831,-0.284957,-0.045204,0.02285,-0.150687,0.065403,0.112162,0.051356,0.096699,-0.374343,0.000234,-0.170851,0.567405,-0.199382,-0.355801,-0.237672,-0.317162,-0.393571,0.344208,-0.243949,-0.330154,-0.089194,-0.014625,-0.16188,-0.195851,-0.293374,-0.304708,-0.361474,0.166477,-0.199954,-0.251951,0.370525,-0.393571,0.186298,-0.096073,0.367886,-0.27426,-0.041559,0.024885,-0.006096,-0.086218,0.280992,-0.390229,-0.271822,0.10975,0.27943,-0.268612,-0.223151,-0.168017,-0.010291,-0.288387,-0.095387,0.240059,0.138821,0.256984,0.050785,0.091868,0.365637,-0.334545,-0.283585,0.044646,0.14476,-0.16144,0.159033,0.245507,0.117262,0.119067,-0.041311,0.094289,-0.039957,-0.040628,-0.198021,-0.170522,-0.17957,0.178215,-0.16444,-0.1143,-0.157674,-0.033425,0.015652,-0.382366,-0.112548,-0.093399,0.307036,0.076308,-0.203347,-0.439287,0.345721,-0.202824,0.197437,-0.189672,-0.119954,0.04358,0.29741,-0.19234,-0.2688,0.061176,-0.198645,-0.425325,-0.235607,-0.088,-0.000391,-0.131602,0.093317,0.012647,0.294566,-0.203055,0.301322,0.186066,-0.32859,0.214283,0.003361,-0.40981,0.342228,0.356075,-0.313627,-0.031225,0.026893,-0.316439,-0.062858,0.127678,0.151862,-0.023972,-0.218102,-0.370763,0.35154,-0.048728,#
20,0.015424,0.238329,-0.086285,0.263969,-0.190589,0.033678,-0.029786,0.210601,0.026559,-0.024225,0.010737,0.0392,-3.3e-05,0.067302,0.376154,-0.510474,-0.199167,-0.255269,-0.047788,-0.111141,1.0,0.095184,0.142881,-0.113945,0.015164,-0.162709,0.240872,0.004659,-0.352332,-0.137256,-0.059568,-0.02155,0.301931,-0.148976,-0.446153,-0.375893,0.023242,-0.287898,0.222547,-0.18083,0.132662,0.302339,-0.450759,0.068562,0.236944,-0.127609,0.187366,0.09834,-0.037228,-0.055958,-0.342614,0.305871,0.253299,0.038891,-0.036995,0.003485,0.04077,0.116543,-0.431564,-0.090071,-0.084213,0.138379,-0.026378,0.021957,0.384212,0.156194,-0.303233,-0.082172,0.270462,-0.012074,-0.291066,-0.079702,-0.202624,0.100048,-0.254066,-0.049859,-0.108028,0.353072,-0.099135,-0.056059,-0.079199,-0.23455,-0.052182,-0.033066,0.010493,0.072156,-0.031818,0.296873,0.453851,-0.135444,-0.181361,0.023277,-0.042689,0.054782,0.099411,0.183576,-0.172085,-0.31405,0.017517,-0.295831,0.152595,0.16822,0.156401,-0.108778,-0.028117,0.004057,-0.034446,-0.06542,-0.164389,-0.0773,-0.012979,0.034742,-0.146892,0.083308,0.28975,-0.174921,0.082462,-0.181286,-0.324222,-0.125483,0.185699,-0.386444,0.008781,0.079136,0.086736,-0.257649,0.1367,-0.432431,-0.296845,-0.061525,0.079065,0.00923,-0.266028,-0.284837,-0.056649,0.200007,-0.037862,0.450967,0.327445,-0.177953,-0.053441,0.226742,0.061621,0.177015,-0.174509,-0.408372,-0.18083,-0.078341,0.158077,0.177343,0.177295,-0.05788,-0.260068,0.022542,-0.009348,-0.293941,0.191518,-0.122165,-0.06228,0.18555,-0.104218,-0.178328,-0.098735,-0.191482,-0.035946,-0.119199,0.066815,-0.179396,-0.033102,-0.253756,-0.198432,-0.15349,-0.441797,-0.075325,0.518212,-0.272614,0.284228,-0.314201,0.274792,0.000561,-0.218152,-0.013116,0.22775,-0.121037,0.164291,-0.266471,-0.242599,-0.174359,-0.265201,0.317409,0.058464,0.061812,0.08482,0.156325,-0.118326,-0.147776,-0.074396,-0.559259,-0.421863,-0.097949,#
