0,1.0,-0.09785,-0.059707,-0.197838,0.150174,0.118861,0.571089,-0.297137,0.099331,-0.277056,0.641247,0.057485,0.21977,0.119924,0.18451,0.127089,0.141826,-0.305483,0.348528,0.31449,-0.094614,0.173066,0.049562,-0.143959,-0.193682,0.142737,-0.120039,0.096513,0.375901,-0.136095,-0.333882,0.057288,0.046669,-0.288039,0.219575,0.061723,-0.031819,-0.001734,-0.097477,0.215872,-0.161071,0.110877,0.243179,-0.049268,0.059213,-0.015606,0.251461,0.13294,-0.434773,0.029661,0.374609,-0.127668,0.012518,-0.240571,0.044998,0.110442,-0.16234,0.300273,0.213959,-0.234934,0.277228,0.156661,-0.011036,0.032133,-0.174282,-0.030493,-0.230794,0.084186,-0.102193,-0.190983,0.326078,-0.063318,0.27211,-0.367897,-0.204862,0.326899,-0.609926,-0.242774,-0.210964,-0.276606,-0.14704,-0.027922,-0.296117,-0.455477,-0.248979,-0.04232,-0.1514,-0.207438,-0.255057,-0.191158,-0.712735,-0.178773,-0.049581,-0.249291,-0.305122,-0.356919,0.164057,-0.601206,-0.404069,0.078077,0.454061,-0.116488,-0.172049,-0.493644,-0.273591,-0.288906,-0.251546,0.080995,-0.303633,-0.128133,-0.289598,-0.02288,-0.439148,-0.284498,0.044199,-0.09562,-0.045096,0.025576,0.050842,-0.492493,-0.343007,-0.004014,-0.124112,0.171901,-0.071548,-0.154249,-0.135381,0.346177,-0.301006,-0.114356,-0.401165,-0.46918,0.040468,0.160553,0.12547,-0.173606,-0.101392,-0.204244,0.262308,-0.058139,-0.206297,0.193906,0.087302,-0.186865,-0.446516,-0.061717,-0.212202,0.148162,-0.446516,-0.221591,0.034338,-0.353738,-0.120831,-0.021456,-0.021276,-0.018759,-0.115223,0.098467,-0.426622,0.067724,0.165489,-0.368224,0.134874,-0.309005,0.179654,0.050236,0.176896,-0.043397,-0.453708,-0.013826,0.281309,-0.335008,-0.045875,0.119128,-0.042915,0.04117,-0.127087,0.137523,0.198774,-0.329796,-0.048498,0.027863,0.29388,0.293739,0.04094,-0.171051,0.136076,0.040785,0.390951,0.284044,-0.395681,0.272831,0.545175,0.058527,0.150557,0.049228,-0.421473,0.002339,-0.043968,-0.306914,#
1,-0.09785,1.0,0.271444,-0.113519,0.109265,-0.052443,-0.060719,0.023908,-0.211898,0.011823,0.080609,0.2886,0.378441,0.059272,-0.304389,0.058201,-0.009888,0.14126,-0.100257,-0.214141,0.099072,0.076773,0.050764,-0.368847,0.006953,-0.513028,-0.261729,-0.188981,0.04042,0.142805,0.088203,-0.116005,-0.208466,0.232079,0.259737,0.21154,-0.180325,-0.235406,-0.026605,0.082669,-0.308464,-0.138479,0.155413,-0.028857,-0.341053,0.167601,-0.217389,0.134251,0.394005,0.352696,-0.006149,0.059649,-0.008081,0.254368,-0.076909,-0.279095,0.070192,0.013266,0.068174,-0.051425,0.027286,-0.43852,0.1786,0.015711,0.22012,0.350517,-0.15089,0.367869,0.153741,0.110894,-0.057975,-0.163611,-0.300776,0.082904,0.189062,-0.106037,-0.018166,0.06961,0.241862,-0.365346,-0.163815,-0.174294,-0.024626,-0.030455,-0.112152,0.026181,-0.049419,0.168861,0.04744,0.113177,-0.001998,0.23042,-0.061999,0.053678,-0.214133,0.048818,0.125263,0.320148,0.106988,0.191574,-0.007903,-0.190207,0.188518,0.272983,-0.051007,-0.046355,0.164236,0.025541,-0.405923,0.189611,0.358715,-0.362819,0.031465,0.035021,0.000445,-0.093255,-0.069879,0.205146,-0.111891,-0.061595,0.020416,0.177409,-0.25873,-0.172479,0.051638,-0.140886,-0.075922,-0.102766,-0.123144,-0.173209,0.346255,0.003298,-0.020984,0.04477,-0.132351,-0.164311,0.19082,0.004664,-0.068162,-0.202993,-0.104329,-0.288943,0.232683,0.109688,0.194657,-0.218399,-0.549503,0.041729,0.175887,0.151072,0.03021,0.07261,0.13539,-0.070527,-0.052535,-0.012303,-0.116217,0.028339,0.052754,0.232683,0.008775,0.011236,-0.031113,0.350626,-0.083166,0.154558,0.20665,0.247625,0.15076,-0.048906,0.436384,0.090698,-0.219157,-0.146514,-0.019322,-0.053353,-0.067624,0.261278,-0.125997,0.158,-0.070893,-0.107955,0.244602,-0.081516,0.378054,-0.014937,-0.068725,-0.151077,0.179129,0.214362,0.203884,0.206045,-0.288949,-0.037939,0.117425,-0.173308,0.094195,0.081398,-0.047401,-0.040253,#
2,-0.059707,0.271444,1.0,-0.662217,-0.017388,-0.20497,0.189657,-0.155408,0.166715,0.316261,-0.231954,-0.28751,0.247545,0.078925,-0.323877,-0.027587,-0.131979,0.44368,-0.07093,-0.003622,-0.192825,-0.197446,-0.070244,0.000336,0.163805,-0.097808,-0.070321,-0.211149,0.132301,0.083906,-0.159493,0.184579,-0.431375,-0.020717,0.132771,0.198163,-0.006094,0.32398,0.138383,-0.326334,0.232083,0.077865,-0.02782,-0.094096,0.014475,-0.464298,-0.291794,-0.147561,0.021382,0.273103,0.317365,-0.375894,0.018571,-0.12421,-0.187279,0.071049,0.079512,-0.308876,0.24544,-0.160194,0.572147,-0.070093,-0.012477,-0.186462,0.390117,0.4142,0.058179,0.011304,0.389754,0.08441,-0.158602,-0.121923,-0.595353,-0.131757,-0.193742,-0.218153,-0.3368,-0.219586,-0.089612,-0.159673,-0.173032,-0.207951,0.209287,0.040175,-0.349035,0.275056,0.038986,-0.036268,-0.273285,-0.122164,0.027014,-0.042821,-0.049459,0.211806,-0.246888,-0.0345,-0.297787,-0.034361,-0.008538,-0.14015,-0.307865,-0.435211,-0.02603,-0.053248,0.131896,-0.238241,0.11863,-0.295665,0.027036,0.072025,0.034471,-0.311545,-0.000516,-0.109183,-0.002197,-0.353972,-0.058358,0.218471,-0.02885,-0.237791,-0.172584,0.02554,0.025518,-0.43714,-0.195893,-0.156732,0.311438,-0.091471,0.140555,-0.186713,-0.00383,-0.097894,-0.145872,0.017866,-0.088296,-0.41802,0.086761,0.241523,-0.220324,0.00504,-0.271743,0.005612,0.177023,-0.386866,-0.162994,-0.059487,-0.326334,0.166682,0.007723,-0.0169,-0.233147,0.248663,-0.084121,-0.090154,-0.193034,-0.166272,0.090126,0.15152,0.196059,-0.022185,0.05635,-0.150731,-0.254613,0.443282,-0.265962,0.08367,0.121921,-0.108314,0.032152,-0.061869,0.002489,-0.059555,0.023915,-0.34051,-0.137509,0.025518,-0.002749,0.253494,0.102467,-0.445579,0.342288,-0.03267,-0.214237,-0.026059,0.090826,0.114205,0.210643,-0.156732,-0.284784,-0.344597,-0.042821,-0.125604,-0.048563,0.247035,-0.13805,-0.120899,0.161458,0.273856,0.374733,0.186921,#
3,-0.197838,-0.113519,-0.662217,1.0,-0.115933,0.189502,-0.275741,0.250486,-0.28423,-0.166498,0.055907,0.150001,-0.212309,-0.298582,0.127682,-0.135058,0.20822,-0.102778,-0.043025,-0.155079,0.107936,-0.144097,-0.19975,0.114395,0.152829,0.008225,-0.072243,0.217089,-0.20331,-0.079383,0.294041,-0.440038,0.326041,-0.063317,-0.159287,0.113657,-0.191228,-0.18744,-0.063813,0.210932,-0.167276,-0.370992,-0.033627,0.055044,-0.066338,0.523852,-0.049173,-0.220388,0.232907,-0.201226,-0.38023,0.502547,0.148686,0.292387,0.282377,-0.054577,0.155901,0.221202,-0.206752,-0.077975,-0.483818,-0.002988,0.014041,-0.218084,-0.30421,-0.208893,0.020111,-0.149352,-0.26438,-0.115181,-0.166486,-0.139305,0.280901,0.367186,0.368575,-0.321663,0.449544,0.221928,0.221593,0.122355,0.162876,0.178256,-0.05592,-0.048719,0.106802,-0.130772,0.131483,0.210068,0.283323,0.047826,0.198023,0.178422,0.048499,-0.301104,0.302373,0.511239,0.162076,0.255478,-0.10256,0.147252,0.215485,0.434631,0.201352,0.329568,-0.307131,-0.048928,-0.032405,0.267593,-0.038823,-0.051499,-0.042352,0.205983,0.095097,0.295445,-0.043736,0.330525,0.221287,0.119633,-0.096882,0.258981,0.360832,0.037071,-0.201751,0.308943,0.316536,0.162876,-0.367169,-0.010716,-0.037672,0.431511,0.055404,0.620085,0.278095,-0.259441,0.07513,0.356946,0.112398,-0.013056,-0.197957,0.043254,0.044023,-0.205898,0.120044,0.44492,0.458577,-0.063384,0.210932,-0.36514,0.292303,-0.189796,0.313607,-0.021888,0.113421,-0.150834,0.29662,-0.126286,-0.274451,-0.275972,-0.091799,0.12698,-0.112363,0.22465,0.179263,-0.276497,0.15702,-0.378218,0.006857,-0.106726,0.032787,0.040393,0.042005,0.252833,0.051291,0.493862,0.372917,0.134429,-0.051442,-0.1578,-0.221286,0.674872,-0.458515,0.287167,0.105832,-0.139701,-0.050935,0.001587,-0.043209,0.344051,0.312763,0.123244,0.178422,-0.085146,-0.198811,-0.403795,0.018487,0.062316,-0.172078,-0.370809,-0.421869,-0.231771,#
4,0.150174,0.109265,-0.017388,-0.115933,1.0,0.089472,0.099143,0.010264,-0.138439,-0.11534,0.363119,-0.072158,-0.075201,-0.19587,-0.171073,-0.00489,0.310388,-0.174099,-0.206976,0.000112,-0.063634,-0.342711,0.066528,-0.335524,-0.174812,-0.04594,-0.152789,-0.208743,-0.106072,-0.407624,-0.285376,-0.11142,0.231695,-0.316385,0.094399,0.046438,-0.103037,-0.341514,0.057726,0.248255,-0.182023,-0.235527,-0.300095,-0.07628,-0.139454,0.029794,-0.077485,-0.233279,-0.000372,0.083991,0.039312,0.068041,-0.16026,0.13856,-0.00881,0.016614,-0.118362,0.468187,-0.083837,0.260385,-0.191248,-0.26338,0.244984,-0.165278,-0.206043,-0.067287,0.522426,0.025494,-0.218055,-0.256715,0.343963,-0.132695,0.032702,-0.126657,0.41317,-0.03739,-0.163074,-0.01189,0.110902,-0.231907,-0.293006,0.34165,0.215806,0.014699,0.105423,-0.046519,-0.156593,0.083357,0.058084,0.195298,-0.034759,0.396926,0.083357,0.173033,0.042389,-0.003058,0.48854,-0.011898,0.168805,-0.200068,0.13194,0.066512,0.233395,-0.128537,-0.018225,-0.154907,0.298972,0.066549,-0.059761,0.187087,0.110005,-0.05132,-0.207901,0.074988,-0.301794,0.395004,-0.077551,0.355315,-0.504401,-0.076568,-0.217637,-0.128006,-0.328066,0.097408,0.142276,-0.082367,-0.178187,-0.067824,-0.250082,-0.23203,-0.013211,-0.278398,0.014707,0.006994,0.020932,-0.006803,0.409547,-0.022034,-0.027958,-0.017988,0.033469,-0.149708,0.043,0.288263,-0.166333,-0.214481,0.2323,-0.069896,0.172738,-0.131234,0.050637,-0.105585,-0.301209,0.287405,-0.294547,-0.212581,0.054764,0.012713,-0.211518,0.043,-0.205311,-0.381597,-0.060231,0.304208,0.047448,-0.005303,-0.070675,-0.072264,0.087328,0.309802,0.276011,-0.079366,0.104903,-0.162973,-0.180874,0.014707,0.034844,-0.371862,-0.162295,-0.131227,-0.084687,0.325615,0.096022,-0.243361,0.165668,-0.322615,-0.193906,0.113227,0.263533,0.249192,0.153152,0.052122,0.247819,0.000471,-0.270676,0.008834,0.153528,0.30882,-0.215851,-0.320194,#
5,0.118861,-0.052443,-0.20497,0.189502,0.089472,1.0,0.036383,0.30362,-0.113748,-0.035517,0.089442,-0.143322,0.078214,-0.303241,0.074965,0.058642,0.246001,-0.103411,0.112998,-0.135119,-0.017424,0.024615,0.108327,-0.027856,-0.102919,0.258565,-0.295223,-0.044254,0.27496,0.015866,-0.328612,0.067579,0.098531,0.172042,-0.06034,-0.014845,0.183686,-0.25029,-0.040703,0.186269,-0.230228,0.057157,-0.172697,-0.165202,-0.003071,0.183146,0.252539,-0.120444,0.233543,0.064387,0.073781,0.030849,0.471479,0.106348,0.06117,0.09537,0.033018,0.35306,-0.143101,0.060814,-0.037288,0.074687,0.050772,0.222917,-0.354224,-0.296238,-0.059309,-0.154808,-0.078229,-0.446426,0.074735,-0.346933,0.01213,0.175553,-0.151664,0.320454,0.083589,0.154529,-0.001174,-0.024985,-0.319219,-0.119461,0.02134,0.235696,0.135148,-0.168659,-0.110851,0.179398,-0.009404,-0.120472,0.07964,0.269323,0.036437,-0.229388,-0.106306,0.209948,-0.08278,-0.200917,-0.175093,-0.346235,0.336489,0.143517,0.195011,-0.121717,-0.292901,-0.354059,-0.031844,0.333266,-0.393605,-0.183873,-0.01044,0.485357,-0.032816,-0.21328,0.118067,-0.169528,0.131368,0.260864,0.082844,-0.086796,0.080467,-0.02941,-0.061326,0.148374,-0.3144,0.08823,-0.043693,-0.136103,-0.438258,0.125816,-0.0139,-0.2139,0.079353,0.231637,-0.455189,-0.097486,0.042532,0.419588,0.100337,0.335981,-0.285553,-0.09639,-0.34271,0.192277,0.08101,-0.282464,0.170266,-0.105694,-0.255806,-0.274372,0.048393,-0.517595,0.327554,-0.25004,0.31528,-0.088632,0.072782,-0.350448,-0.562819,-0.164979,-0.293777,-0.078055,0.310157,-0.28507,0.194622,-0.182627,-0.059471,-0.326462,-0.055086,-0.43981,0.020656,-0.37261,-0.096344,-0.06522,0.244013,0.073476,-0.00277,-0.089538,-0.051994,0.070003,0.184028,0.087508,0.0398,0.036363,0.255761,-0.278189,0.243908,-0.125555,-0.005377,0.234893,0.024819,0.03699,0.069337,-0.096893,-0.090046,0.336985,-0.005151,-0.129327,0.026761,-0.344705,#
6,0.571089,-0.060719,0.189657,-0.275741,0.099143,0.036383,1.0,-0.240004,0.37823,0.138938,0.215833,-0.013321,0.29259,0.195485,-0.087464,0.223777,0.066105,0.133272,0.283123,0.412279,-0.350401,0.064849,0.116178,-0.008415,-0.10491,0.10329,-0.23975,-0.041542,0.620631,-0.177758,-0.266388,0.110104,-0.069141,-0.141749,0.120198,0.011169,0.464183,-0.02295,0.180584,0.185123,0.11551,0.090893,0.068641,-0.182368,0.009188,-0.263336,0.006332,-0.009744,-0.196883,-0.134776,0.069031,-0.483003,0.298469,-0.20992,0.337958,-0.197635,-0.096426,-0.165388,0.269464,-0.253774,0.507618,0.080043,-0.161296,0.237182,0.124609,0.264086,-0.043282,0.056791,0.221469,-0.182301,0.169272,0.250489,0.010717,-0.627995,-0.285006,-0.005341,-0.405757,-0.379451,-0.169495,-0.190267,-0.316794,0.058293,0.012598,-0.40689,-0.349603,0.000963,-0.263743,-0.296391,-0.50113,-0.448541,-0.594867,-0.158011,-0.470128,-0.216588,-0.450333,-0.431482,-0.09831,-0.366621,-0.518886,-0.185238,-0.012357,-0.023427,-0.291785,-0.272631,-0.291502,-0.526583,-0.032169,-0.171795,-0.043608,-0.386529,0.162394,-0.058813,-0.223605,-0.364781,-0.056851,-0.357242,-0.092412,0.10885,0.069184,-0.482656,-0.416935,-0.068697,-0.245938,-0.060441,-0.289764,-0.1061,0.123935,0.289444,-0.212028,-0.205877,-0.193324,-0.351896,-0.086961,0.17055,0.145673,-0.422017,0.048486,-0.081118,0.185103,-0.212205,-0.303065,-0.09994,-0.173553,-0.410736,-0.406776,-0.216707,-0.229808,0.494071,-0.403515,-0.491176,-0.132368,-0.514672,-0.41557,-0.266004,0.008259,-0.104121,0.322911,0.326135,-0.391184,-0.357482,0.140603,-0.429355,0.299539,0.033847,-0.126279,0.14261,0.11832,0.008206,-0.49135,-0.066827,0.185889,-0.364036,-0.106186,-0.060081,0.085469,-0.264254,-0.011496,0.423892,0.293168,-0.427371,0.209719,0.117612,-0.127782,0.363545,-0.199613,-0.464435,0.213092,0.075332,-0.080428,0.258759,-0.40185,0.247475,0.260322,0.310516,0.193215,-0.188476,-0.159792,0.057774,0.115458,0.027628,#
7,-0.297137,0.023908,-0.155408,0.250486,0.010264,0.30362,-0.240004,1.0,-0.383523,0.083783,-0.337909,-0.318417,0.239089,-0.168295,0.317291,-0.050859,0.203078,0.036465,0.090459,-0.385704,0.233518,0.161032,0.122064,0.139804,-0.07633,0.165996,-0.233589,-0.411447,-0.160837,0.110464,-0.182522,-0.132281,0.108445,0.202241,-0.159059,-0.157994,-0.184752,-0.23021,-0.131347,0.074074,0.148121,-0.146413,-0.132097,-0.264072,0.113583,0.004589,0.271255,-0.177279,0.10931,-0.116942,-0.157264,-0.217589,0.163224,-0.207592,-0.091991,-0.011355,0.554072,-0.200939,-0.170327,0.454421,-0.22141,-0.296768,-0.226418,-0.027161,-0.048025,-0.13261,0.143353,-0.166888,-0.259576,-0.143119,-0.116099,-0.105381,-0.520028,0.260993,0.062956,-0.124034,0.054889,0.134209,-0.173772,0.235638,-0.170602,-0.391056,-0.091309,0.002098,0.248057,-0.203892,0.290182,0.077783,0.249467,0.293203,0.213138,-0.112597,0.090123,-0.221423,0.109299,0.240244,-0.262516,0.202534,0.222359,-0.159974,-0.22634,0.185144,0.101124,0.121751,-0.092332,0.175895,-0.218728,-0.047422,-0.116262,0.166286,0.321584,0.090059,0.177434,0.241206,0.089131,0.167853,0.177952,-0.197857,-0.013274,0.071743,0.237683,-0.201232,0.063865,0.211799,-0.238989,-0.143315,-0.023289,-0.121899,-0.162497,-0.011431,-0.176389,0.202289,0.053238,-0.181056,-0.143773,0.273911,0.167562,0.145965,-0.079791,-0.207445,-0.32286,-0.281516,-0.421527,0.179248,-0.21034,-0.18619,0.045139,0.091102,0.074791,0.127834,-0.228115,-0.13192,0.117168,-0.123674,-0.093232,-0.41369,0.133237,0.183573,-0.134353,0.202683,-0.23573,0.236394,0.15512,0.005544,0.298414,-0.286178,-0.478957,-0.164653,0.127444,0.203866,-0.201776,-0.026771,-0.296664,-0.159196,0.141556,-0.21508,-0.142337,-0.074955,-0.003449,0.067007,0.008883,0.030021,0.205544,0.039192,0.004444,-0.197137,0.007793,-0.155443,-0.183832,0.183209,-0.144176,-0.164517,-0.243251,0.037462,-0.013455,-0.014181,-0.020837,-0.121334,-0.227717,0.200635,#
8,0.099331,-0.211898,0.166715,-0.28423,-0.138439,-0.113748,0.37823,-0.383523,1.0,0.266261,0.103135,0.351551,-0.295844,0.131589,-0.0155,-0.190593,-0.443002,0.069658,0.024678,0.402138,0.123363,-0.141093,0.033203,0.001207,0.005448,0.310707,0.081819,0.129736,0.192701,-0.27385,-0.212309,0.337008,0.191445,0.008997,-0.170355,-0.308662,0.299148,0.20746,0.206002,-0.16463,0.168023,0.238555,-0.340525,-0.105706,0.157328,-0.182257,-0.176405,0.336589,0.066831,-0.113816,-0.152091,-0.237228,0.296381,0.18155,0.229803,0.072391,-0.302498,-0.050748,-0.142825,-0.061335,0.139211,0.039263,0.072585,0.22043,0.319096,0.237822,-0.117108,0.311953,0.441863,0.077598,0.008529,0.211929,0.222132,-0.16277,-0.397417,-0.086798,0.017942,-0.19319,-0.024101,0.131412,-0.083217,-0.005347,0.246155,-0.018899,-0.049236,0.30283,-0.554315,-0.245471,0.100465,-0.600627,-0.003541,-0.249524,-0.251855,0.116873,-0.1293,-0.124578,-0.081163,-0.363186,-0.158284,-0.012065,-0.123569,0.082881,-0.059653,-0.149164,0.214783,-0.323256,0.180773,-0.09593,0.058688,-0.016006,-0.006239,-0.14724,-0.069368,-0.161321,0.19086,-0.204273,-0.034577,-0.120709,-0.149733,-0.07112,-0.007466,0.09102,0.375097,-0.182661,-0.277699,0.137667,0.352526,-0.244007,-0.024593,0.124297,0.186916,-0.252339,-0.333807,-0.205508,0.04717,0.025817,-0.186782,0.171044,0.281056,0.190154,0.037184,0.293734,0.051024,-0.379904,0.039978,-0.295652,-0.16463,0.091948,-0.134385,-0.134293,0.362983,-0.057793,-0.297706,-0.085427,0.222088,0.270686,0.235456,0.273207,0.014769,-0.324735,0.079342,-0.021697,-0.049231,-0.066119,-0.448147,-0.143468,0.130713,-0.20408,-0.119477,-0.076979,-0.136028,-0.121001,-0.009406,-0.042861,0.109189,0.140076,0.363016,0.119726,0.282377,-0.216491,0.250854,0.117417,-0.490603,0.115108,-0.2192,0.024357,0.153705,-0.06744,-0.365002,-0.055404,-0.030412,0.12214,0.022059,0.169919,0.052671,-0.189574,-0.271915,-0.335656,0.230454,-0.122292,#
9,-0.277056,0.011823,0.316261,-0.166498,-0.11534,-0.035517,0.138938,0.083783,0.266261,1.0,-0.101582,0.024012,0.205088,0.368391,-0.233624,-0.1907,-0.482558,0.490513,-0.022253,0.05733,-0.113279,-0.200374,0.235188,0.067721,-0.112589,0.146588,-0.12894,-0.247923,0.304182,0.342999,-0.003822,0.166268,0.085836,0.011592,-0.117655,0.071484,0.236382,0.025859,-0.059715,-0.293502,0.416792,0.076256,-0.093476,-0.378516,0.050237,-0.287989,-0.119209,0.307259,0.359118,-0.169884,-0.280385,-0.396664,0.511736,-0.191877,0.10146,-0.141725,-0.164224,-0.444913,-0.021612,0.356922,0.324434,-0.281498,-0.571145,0.07799,0.255525,0.332572,0.037426,0.277459,0.280903,0.012043,-0.09613,0.129806,-0.509133,-0.062532,-0.072614,-0.232715,-0.037521,-0.267985,-0.136752,0.252482,-0.196497,-0.339773,-0.101693,0.43649,-0.325472,0.024347,-0.111868,-0.206878,-0.170498,-0.254408,0.075917,-0.074926,-0.435046,0.090764,-0.298209,0.069373,-0.57716,-0.060167,0.32341,-0.288097,-0.458032,-0.393785,-0.219596,0.033206,0.04489,-0.186523,-0.001034,-0.546391,0.372539,-0.088643,0.440017,0.208017,-0.288288,-0.24436,-0.034126,-0.503934,-0.192736,0.039827,0.347163,-0.178497,-0.246277,-0.145845,-0.035085,-0.232706,-0.47069,0.457828,0.546766,-0.221619,-0.209706,-0.400133,0.100115,0.001444,-0.579365,-0.128994,-0.379627,-0.290647,0.094665,0.305769,-0.009048,-0.239006,-0.031736,-0.247687,-0.122635,-0.40674,-0.159071,-0.361104,-0.293502,0.395541,-0.254778,-0.23254,-0.2435,-0.013235,-0.012879,-0.484087,0.159664,-0.302963,0.651363,0.450487,-0.068348,-0.573311,-0.22473,0.119948,-0.009286,0.106707,-0.05083,0.180953,-0.194766,-0.535223,0.308945,-0.249163,-0.247368,0.043166,-0.184939,-0.344122,0.334478,-0.356397,0.075386,-0.077931,0.379423,-0.289918,0.768287,0.251662,-0.592911,-0.291461,0.19993,-0.093724,0.122085,0.003435,-0.625443,0.153064,-0.339966,-0.273343,-0.0901,0.329723,-0.35796,-0.150871,0.229719,-0.00429,0.188443,0.366267,#
10,0.641247,0.080609,-0.231954,0.055907,0.363119,0.089442,0.215833,-0.337909,0.103135,-0.101582,1.0,0.241314,-0.072645,0.10427,-0.000755,0.003794,0.155479,-0.191067,0.117098,0.31631,-0.055413,-0.158612,0.055365,-0.346848,-0.012071,0.29632,-0.147003,0.133542,0.209235,-0.220661,-0.104399,-0.049237,0.23559,-0.150238,0.074886,0.052833,-0.382626,0.048853,-0.099658,0.2528,-0.375536,-0.265043,0.111762,0.087141,0.012658,0.234306,-0.105253,0.251482,-0.046554,0.073947,0.207076,0.093349,0.183637,0.027052,0.010459,0.176187,-0.307386,0.473704,0.075666,-0.031537,-0.021173,0.082839,0.094239,-0.277336,-0.536895,-0.080654,0.096892,0.36322,-0.350215,-0.216122,0.277851,0.056147,0.398327,-0.127234,-0.062372,-0.006317,-0.177804,-0.210837,-0.050134,-0.058066,-0.109907,0.149433,-0.157433,-0.00722,-0.058066,0.099554,-0.180313,-0.0806,-0.084822,-0.106538,-0.376519,0.161253,-0.074086,-0.067055,-0.149015,-0.144393,0.330084,-0.378271,-0.163366,0.203571,0.281821,-0.103565,0.078203,-0.306086,-0.086299,-0.320725,0.144458,0.074728,-0.091887,0.193779,-0.222762,0.121386,-0.416002,0.056004,0.011118,0.215371,-0.247995,0.021788,-0.026488,-0.214975,-0.189834,0.314816,-0.171531,0.216973,-0.047555,0.102947,-0.364057,0.281739,-0.478231,-0.22571,-0.042043,-0.434476,0.001658,-0.147048,0.009901,-0.147348,0.218093,-0.222963,0.084505,-0.029979,0.01885,0.134242,0.404311,0.090009,-0.156119,-0.238171,-0.166384,0.031662,-0.162709,-0.128479,0.368519,-0.286055,-0.033533,-0.088098,-0.055842,0.126226,-0.206948,0.040799,-0.385475,0.056506,-0.051684,-0.192459,0.132719,-0.345219,0.122928,-0.023883,0.112199,-0.233779,-0.13168,0.124308,0.250558,-0.133773,0.27592,0.209247,-0.031344,0.168925,0.000387,-0.046996,-0.043361,-0.12171,-0.092704,0.143834,0.074523,-0.095058,0.144527,-0.160921,0.061266,0.300597,0.353495,0.415981,-0.085084,0.190317,0.204234,-0.182575,0.046602,-0.167953,-0.197425,-0.109062,-0.238362,-0.508069,#
11,0.057485,0.2886,-0.28751,0.150001,-0.072158,-0.143322,-0.013321,-0.318417,0.351551,0.024012,0.241314,1.0,-0.138146,0.073309,0.101714,-0.101422,-0.154866,-0.244772,-0.107609,0.083192,0.194174,0.094158,0.178618,0.069616,0.042992,-0.176343,-0.024985,0.173626,-0.012761,0.022605,0.049105,0.096887,0.362727,0.095129,0.182717,-0.275657,0.01328,-0.273382,0.249672,-0.152823,-0.17914,0.216051,-0.147207,0.026818,-0.121818,0.47787,-0.176945,0.373213,0.14227,0.009803,-0.397682,0.250798,0.009334,0.242185,0.258596,-0.164581,-0.359344,0.079121,-0.357597,-0.137145,-0.258381,-0.072178,0.127696,0.29056,0.06679,-0.041923,-0.326689,0.41994,0.218735,-0.047885,-0.007582,0.0729,0.275046,0.11722,0.024241,-0.070698,0.115295,0.13054,0.053656,-0.140523,-0.143632,-0.105266,0.082807,-0.062742,-0.133827,-0.11835,-0.239545,-0.167406,0.323273,-0.205834,-0.140834,-0.086029,0.018896,-0.106612,-0.010491,0.089289,0.318318,-0.068059,-0.039842,0.249865,0.23548,0.162089,-0.004477,0.172259,-0.088094,-0.091343,0.063342,-0.039894,-0.000927,-0.156881,0.0439,-0.015056,0.085574,0.119879,-0.03666,-0.162171,0.204664,-0.050074,0.003578,0.020252,0.048515,0.122873,-0.046901,0.141163,0.039282,0.073783,-0.093297,-0.36619,-0.260999,0.192138,0.111695,-0.02733,-0.400701,0.143911,-0.229848,0.259413,-0.374252,-0.143405,0.338828,-0.253231,0.289809,0.087514,0.27548,-0.021962,0.286445,-0.456423,-0.152823,-0.157594,-0.070265,-0.094627,0.333315,0.049985,-0.003281,-0.042956,0.258891,0.37391,0.137004,0.016739,0.115907,-0.079779,-0.099624,0.037471,-0.001583,-0.082153,-0.415183,-0.104715,0.361801,0.043668,0.122179,-0.222363,0.334772,0.131386,0.069821,0.187823,0.382031,0.098248,0.430762,0.197691,0.20643,0.392866,-0.162438,0.21293,-0.096406,-0.342799,0.05963,0.169508,-0.162801,-0.128103,0.12189,0.249289,-0.104002,0.452916,-0.038339,0.085266,-0.0678,0.092644,-0.134239,-0.172104,0.082044,-0.279643,#
12,0.21977,0.378441,0.247545,-0.212309,-0.075201,0.078214,0.29259,0.239089,-0.295844,0.205088,-0.072645,-0.138146,1.0,0.440052,0.105034,0.269187,-0.02343,0.487309,0.272907,0.090962,-0.062837,0.111023,0.439852,0.108054,-0.11632,-0.193728,0.041708,-0.087836,0.461948,0.246507,-0.070419,0.089905,-0.164929,0.127066,0.010352,0.118257,0.036626,-0.102463,-0.176792,0.119246,-0.039451,0.13768,0.277726,-0.21049,-0.28105,-0.355758,0.410256,0.21421,0.090881,0.117996,0.221356,-0.295116,0.180921,-0.23543,-0.149105,-0.13496,0.316517,-0.387711,0.125755,0.175424,0.47034,-0.378332,-0.306278,0.353028,0.283783,0.080174,-0.254465,-0.012472,0.106197,0.027877,-0.103831,-0.087246,-0.461933,-0.256973,-0.126394,0.172817,-0.440873,-0.123094,-0.227597,-0.044972,-0.072717,-0.475979,-0.464657,-0.083749,-0.232772,-0.000584,0.100605,-0.119186,-0.154966,-0.033572,-0.440644,0.050723,-0.305803,-0.357937,-0.366601,-0.13145,-0.32468,-0.147535,0.082246,-0.408666,-0.207999,-0.340833,-0.10197,-0.014808,-0.151068,-0.078546,-0.141816,-0.15082,-0.076047,-0.204652,0.32049,-0.121585,-0.166079,-0.173901,0.153806,-0.410031,-0.129674,-0.071405,0.227581,-0.360526,-0.003287,-0.239799,-0.243175,-0.355833,-0.363863,-0.055256,0.218014,0.283921,-0.122393,-0.265119,-0.124802,-0.196143,-0.249975,0.234515,-0.017057,-0.106696,0.043688,-0.015272,0.147742,-0.346642,-0.562335,-0.069181,-0.05036,-0.313273,-0.27615,-0.035511,-0.362183,0.556912,-0.290445,-0.025507,-0.380764,-0.115822,0.204897,-0.130167,-0.154827,-0.214986,0.292589,0.169415,-0.147995,-0.07772,0.1893,-0.020272,0.13043,0.157179,0.348834,0.23316,0.116151,0.184197,-0.279505,-0.117601,-0.100365,-0.090792,-0.570033,-0.030585,-0.024786,-0.285676,-0.285429,0.201305,0.032432,-0.252453,0.26998,0.021007,0.356151,0.089401,0.390321,-0.229088,0.261648,0.163983,-0.10441,0.299122,-0.232194,-0.15385,0.016788,0.332305,-0.005645,0.131025,0.128434,0.114024,0.145261,0.347776,#
13,0.119924,0.059272,0.078925,-0.298582,-0.19587,-0.303241,0.195485,-0.168295,0.131589,0.368391,0.10427,0.073309,0.440052,1.0,0.066922,-0.017309,-0.527256,0.144121,0.485587,0.441685,0.13227,0.120294,0.392223,-0.070529,-0.202004,-0.014204,0.388587,0.298194,0.397914,-0.031725,0.388239,0.406941,-0.150034,0.101338,-0.292606,-0.263841,-0.062441,0.210033,-0.11196,-0.270509,0.106549,0.35655,0.127797,-0.20845,-0.305084,-0.376616,0.014556,0.502015,-0.209518,-0.186108,0.056106,-0.197949,0.137038,-0.278867,-0.19941,-0.045997,-0.196106,-0.22097,-0.041653,0.077942,0.479318,-0.223048,-0.316409,0.3017,0.372904,-0.040966,-0.112985,0.079457,0.15467,0.248313,-0.087768,0.230491,-0.122185,-0.431286,-0.298697,0.116517,-0.135226,0.075203,-0.197025,0.312471,0.127115,-0.290234,-0.276655,0.060642,-0.189993,0.286217,-0.107427,-0.142394,-0.103184,-0.099602,-0.384292,0.123071,-0.151323,-0.127438,-0.195485,-0.21659,-0.219805,-0.07823,0.320601,-0.046189,-0.378408,-0.322072,-0.147874,-0.300761,0.058651,0.093667,-0.032187,-0.304919,0.140649,-0.052039,0.213138,0.015994,-0.447488,-0.089788,0.396868,-0.44897,-0.148904,-0.254216,0.455028,-0.218272,0.00843,0.106571,0.219325,-0.338134,-0.302637,0.345948,0.255571,0.207308,0.068252,-0.338816,0.049833,-0.301307,-0.298095,-0.162017,0.224406,-0.056021,-0.04375,-0.061122,0.252566,-0.320084,0.017903,0.229736,0.111975,-0.227881,-0.261366,0.11478,-0.270509,0.477482,-0.274162,0.091951,-0.169779,0.180165,0.280532,-0.17586,-0.224221,-0.002484,0.401065,0.182658,0.11393,-0.263152,0.273842,-0.005575,0.25639,-0.157424,-0.033745,0.593942,0.225935,0.157848,-0.135379,-0.156996,-0.302432,-0.041939,-0.357538,-0.165705,-0.208466,-0.419841,-0.081686,0.195035,0.264638,-0.272179,0.352543,-0.350287,-0.096937,0.159113,-0.02995,-0.149682,-0.162852,0.365052,-0.298308,-0.00989,-0.130186,-0.227013,-0.177658,0.274959,0.204864,-0.405008,-0.14269,-0.188544,0.159901,0.297529,#
14,0.18451,-0.304389,-0.323877,0.127682,-0.171073,0.074965,-0.087464,0.317291,-0.0155,-0.233624,-0.000755,0.101714,0.105034,0.066922,1.0,-0.190345,0.022207,-0.186577,0.054554,0.030058,0.432215,0.043355,0.130466,0.498507,-0.015347,0.20979,0.356094,0.077739,-0.200522,0.000966,-0.12453,0.100308,0.316274,-0.050583,-0.247263,-0.421571,-0.102995,-0.012492,0.089204,-0.249333,-0.182953,0.320268,-0.148473,0.06758,0.332576,-0.080462,0.362134,-0.009514,-0.129816,-0.073387,-0.027644,0.142594,0.020524,-0.347767,-0.218279,0.255462,0.140607,0.074719,-0.297518,0.013508,0.042492,0.254552,-0.071938,0.073019,-0.065249,-0.334876,-0.087908,-0.335631,0.012405,-0.318832,-0.104945,-0.088417,-0.033435,0.131265,-0.412781,0.065275,-0.311601,0.409956,-0.591091,0.413826,-0.030169,-0.333168,-0.204171,-0.173381,-0.086061,-0.050025,0.33505,0.104189,0.308041,-0.034186,-0.312271,-0.133618,0.265204,-0.320536,0.00162,0.016435,-0.177333,-0.335649,-0.128569,-0.172761,-0.10748,0.101899,-0.184941,-0.386525,-0.186644,0.338228,-0.436774,-0.028344,0.208116,0.213198,-0.254702,0.229239,0.045635,0.113063,0.36859,0.006951,0.100958,-0.340226,-0.105217,-0.395085,0.07841,-0.288168,0.20957,0.261733,-0.275558,-0.26343,0.051328,0.179903,-0.284816,-0.07679,-0.289584,-0.059718,-0.31163,-0.17792,0.038667,0.197684,-0.397324,0.054245,0.159551,-0.126672,-0.18785,0.527714,-0.183913,0.192914,-0.313268,-0.147792,0.162924,0.136208,-0.15414,0.366094,-0.025963,-0.039568,0.075754,0.306269,0.050721,0.040693,0.220933,0.072592,-0.117865,0.344419,-0.190729,0.064454,0.032361,-0.252088,0.246421,-0.136565,-0.077362,0.083278,-0.092375,-0.101729,-0.407733,-0.060542,-0.125947,0.197182,0.169948,-0.327527,0.144503,-0.13954,0.194918,-0.027359,-0.247132,-0.008396,0.319983,-0.036567,-0.013139,-0.215887,0.102578,-0.079413,-0.08918,0.159355,-0.097624,0.183787,0.113419,0.285458,-0.023596,0.139113,-0.096618,-0.304035,-0.12935,-0.213288,#
15,0.127089,0.058201,-0.027587,-0.135058,-0.00489,0.058642,0.223777,-0.050859,-0.190593,-0.1907,0.003794,-0.101422,0.269187,-0.017309,-0.190345,1.0,0.481369,0.166893,-0.16034,0.012784,-0.386099,0.162488,0.050573,-0.007116,-0.010712,0.134289,-0.282434,0.133974,0.066862,-0.015574,0.116482,-0.068775,-0.15294,0.247819,0.152165,0.217838,0.027292,0.193984,0.064828,0.256172,-0.041077,-0.083179,0.160631,0.275278,-0.344837,-0.034683,0.40649,-0.156113,-0.029917,0.268601,0.385407,-0.321856,-0.188977,-0.136613,0.212806,-0.168588,0.084793,-0.238896,0.086845,0.017535,-0.073644,0.267902,0.082876,0.16938,-0.121932,-0.306354,0.082916,-0.188873,-0.424059,-0.149438,-0.054528,0.360122,0.231372,-0.004445,0.054409,0.221681,-0.143332,-0.412871,0.281772,-0.062815,-0.096518,0.01373,-0.151524,0.164951,0.280855,-0.375872,0.136239,-0.447694,-0.2714,0.343006,-0.044917,-0.08454,-0.282779,-0.054568,-0.470751,-0.178404,0.243817,-0.056831,-0.029398,0.012156,0.089565,0.240527,-0.251213,0.542928,-0.060926,0.013106,0.308859,-0.090254,0.079005,-0.406503,0.084124,-0.104486,0.120306,0.044826,-0.487945,-0.008211,0.283534,-0.181713,0.01682,0.056973,-0.024801,0.113242,-0.162534,0.053068,0.079937,-0.096518,-0.193423,0.236019,0.028182,-0.065788,-0.189782,-0.126472,0.180339,0.516521,0.210988,-0.159143,0.004752,-0.558702,-0.039921,-0.030988,0.046483,-0.191949,-0.126396,-0.42866,0.003927,0.213943,0.239917,0.308929,-0.187987,-0.147793,0.022114,-0.126291,-0.031457,0.080292,-0.094304,0.487895,-0.064908,0.103488,0.139277,0.01971,0.008535,-0.193154,0.33855,-0.11961,0.216687,-0.031834,-0.055462,0.444573,-0.355878,-0.066761,0.214744,0.193787,0.044624,-0.018477,-0.248039,0.158699,-0.178993,0.486464,-0.386874,-0.083668,0.049956,-0.050215,0.207476,0.224775,-0.053127,0.200865,0.188327,0.088275,0.173738,-0.009471,-0.08454,-0.228167,0.008115,0.006221,0.207506,0.14417,0.221648,0.233044,0.397008,0.227648,#
16,0.141826,-0.009888,-0.131979,0.20822,0.310388,0.246001,0.066105,0.203078,-0.443002,-0.482558,0.155479,-0.154866,-0.02343,-0.527256,0.022207,0.481369,1.0,-0.022379,-0.226407,-0.027399,-0.247843,0.04578,-0.06778,0.106644,0.083795,0.24194,-0.271171,-0.087408,-0.065634,-0.136561,-0.262981,-0.405139,0.108019,0.161826,0.287896,0.144602,-0.246618,-0.061655,0.202792,0.319831,-0.261979,-0.399132,0.079356,0.320763,0.138638,0.317534,0.013116,-0.605701,-0.171677,0.177753,0.279955,-0.067147,-0.28561,0.069445,0.215743,0.122318,0.391122,0.158922,-0.01311,-0.0515,-0.376577,0.207707,0.271031,-0.288012,-0.537141,-0.41219,0.400795,-0.172832,-0.578442,-0.314807,0.134457,0.031256,0.158083,0.1818,0.087567,-0.125268,0.067781,-0.149618,0.172652,-0.075598,-0.182631,0.335464,0.141852,0.041537,0.111321,-0.171504,0.377884,-0.101318,-0.157231,0.379118,-0.101674,0.085173,0.084424,-0.151547,0.134074,0.133306,0.34239,-0.142378,-0.318087,0.109739,0.143696,0.387011,0.109959,0.288662,-0.08008,-0.246974,0.172023,0.218195,0.075524,-0.117639,-0.268638,-0.006247,0.427889,0.366998,-0.473104,0.304341,0.215989,0.028227,-0.179677,0.141369,-0.097211,0.19729,-0.481516,0.411652,0.241353,-0.38391,-0.539937,0.190789,-0.140859,0.088745,-0.10267,0.005898,0.411255,0.309218,0.152618,-0.021523,0.318658,-0.285317,-0.311771,0.063011,0.043996,-0.162282,-0.02688,0.18188,0.041648,0.060857,0.286995,-0.14687,0.034937,-0.298981,0.097098,-0.215066,0.029376,0.0142,-0.115676,0.074385,-0.297787,-0.217803,-0.142378,0.334185,-0.151178,-0.082649,0.23167,-0.138859,0.18493,-0.380943,0.029358,0.15354,-0.062134,0.238333,0.437112,-0.023813,0.386208,0.128984,-0.13014,0.208507,-0.074507,0.245085,-0.378523,0.044013,-0.453609,0.140836,0.372041,0.087018,-0.207866,-0.085988,0.204245,0.007896,0.356413,0.09485,0.085173,0.079405,-0.089097,-0.195621,0.029509,0.320006,0.221749,0.171328,-0.01819,-0.225784,#
17,-0.305483,0.14126,0.44368,-0.102778,-0.174099,-0.103411,0.133272,0.036465,0.069658,0.490513,-0.191067,-0.244772,0.487309,0.144121,-0.186577,0.166893,-0.022379,1.0,-0.254179,0.194358,-0.247001,-0.225364,0.151463,0.278154,0.120609,0.081361,0.042219,-0.139396,0.197122,0.163121,-0.110977,-0.186806,-0.045307,0.172985,-0.100505,0.236007,0.144136,0.188336,0.105443,0.107094,0.067358,-0.252915,0.065156,-0.096724,-0.061693,-0.257865,-0.048372,0.088371,0.512494,0.053924,0.117866,-0.37598,0.244609,0.003758,0.071499,0.08831,0.274358,-0.512258,0.10141,0.090053,0.272826,-0.132275,-0.300693,-0.017524,0.214808,0.257732,0.145672,0.018444,0.147018,0.008832,-0.286317,0.065662,-0.39953,0.087198,-0.114475,-0.234046,-0.015849,-0.32678,0.048936,0.235491,-0.074315,-0.15761,-0.207214,0.355371,-0.229694,0.13058,-0.042121,-0.119604,-0.226654,-0.120925,0.052098,0.063728,-0.439366,-0.09244,-0.22817,0.129789,-0.414951,-0.014731,0.066309,-0.426467,-0.640065,-0.250751,-0.076452,0.296197,0.110886,-0.251941,0.238437,-0.228194,0.405384,-0.060353,0.252765,-0.137107,0.166116,-0.063137,-0.106911,-0.253404,-0.314212,-0.039364,0.052863,0.054723,-0.096387,-0.096543,-0.272499,-0.59436,-0.368029,0.132116,0.241259,0.115545,-0.040222,-0.107274,0.227437,0.058884,-0.346321,-0.009442,0.019742,-0.177337,0.392742,0.059913,-0.318566,0.02398,-0.375534,-0.122983,-0.024615,-0.333004,0.101715,-0.077507,-0.246519,0.458167,0.136506,-0.111234,-0.06829,0.113752,0.025325,-0.303438,0.020308,-0.102947,0.23601,0.258837,0.029997,-0.271762,-0.064253,0.172386,-0.098664,0.335129,0.120549,-0.112549,-0.075989,-0.128497,0.039963,0.058263,-0.25684,0.006736,-0.129324,-0.019235,0.001904,-0.021273,-0.030357,0.053093,-0.097118,-0.14797,0.347631,0.322138,-0.131764,-0.03957,0.323157,-0.027453,0.410038,0.329725,-0.526006,0.159316,0.063728,-0.404641,-0.219757,0.141013,-0.231487,0.077705,0.352439,0.06507,0.261075,0.380142,#
18,0.348528,-0.100257,-0.07093,-0.043025,-0.206976,0.112998,0.283123,0.090459,0.024678,-0.022253,0.117098,-0.107609,0.272907,0.485587,0.054554,-0.16034,-0.226407,-0.254179,1.0,0.232832,0.069111,0.286766,0.406098,-0.088435,-0.123829,0.029696,0.021958,0.201346,0.532669,-0.125885,0.099196,0.305525,-0.117005,0.056689,-0.146055,-0.144978,-0.140924,-0.034437,-0.437463,0.13787,0.025739,0.045719,0.240175,-0.367376,0.051749,-0.184193,0.035417,0.182876,-0.389751,-0.17673,0.198076,0.018275,0.159842,-0.126489,-0.2444,0.141023,0.02764,0.062427,0.20265,0.036587,0.329166,-0.236554,0.061415,0.1853,-0.060609,0.026974,-0.449173,0.100535,-0.030637,0.365624,-0.017167,0.181051,0.016787,-0.655256,-0.34601,0.022592,-0.007489,-0.088339,-0.404813,0.067167,0.377752,-0.106303,0.035114,-0.448756,-0.097906,0.268006,-0.116888,-0.069289,-0.237657,-0.203739,-0.344966,-0.025078,0.098093,-0.423841,0.153161,-0.328074,-0.202171,-0.067415,-0.186004,0.053553,0.109272,-0.118332,0.099673,-0.448199,-0.011787,-0.104337,-0.298162,-0.005946,-0.269609,-0.111251,-0.10821,0.171593,-0.282163,-0.051343,0.525845,-0.120602,0.000866,-0.026909,0.348244,-0.20432,0.210619,0.182832,0.217761,0.032464,-0.203537,0.198044,0.039268,0.184734,0.217116,0.038365,-0.133836,-0.247558,0.177063,-0.137512,0.122119,0.164173,-0.135389,0.115537,0.332341,-0.123088,-0.245681,0.197489,0.07006,-0.151302,-0.162735,0.183069,-0.21012,0.144115,-0.46411,-0.018098,-0.136316,-0.332548,0.338083,-0.195288,-0.02769,-0.201895,0.030747,-0.045183,-0.21592,-0.105416,0.511507,-0.016532,0.204339,-0.291778,-0.033012,0.367925,0.315712,0.090484,-0.263247,-0.01439,-0.071753,-0.21529,-0.265433,0.138234,-0.16299,-0.112388,-0.306268,0.184135,0.22876,-0.185598,0.025285,-0.412336,0.085733,0.303465,-0.27793,-0.285018,0.089321,0.053062,0.05004,-0.117129,-0.251141,0.041646,-0.14571,0.125196,0.445374,-0.245388,-0.415545,-0.19089,-0.273052,-0.072882,#
19,0.31449,-0.214141,-0.003622,-0.155079,0.000112,-0.135119,0.412279,-0.385704,0.402138,0.05733,0.31631,0.083192,0.090962,0.441685,0.030058,0.012784,-0.027399,0.194358,0.232832,1.0,-0.044918,-0.094045,0.203821,0.04936,-0.305264,0.166983,0.430695,0.106545,0.55224,-0.224163,-0.094689,0.189503,0.057818,0.003439,0.051888,-0.007386,0.091083,0.272227,0.145785,0.183683,0.183512,0.028952,-0.112707,-0.203109,0.03164,-0.302661,-0.038025,0.369659,-0.28448,-0.136215,0.021137,-0.148767,-0.028777,-0.013975,0.021676,0.135486,-0.119799,0.060547,-0.124009,-0.065054,0.191382,-0.067731,0.012843,0.227243,0.052925,-0.208055,0.121775,0.272431,0.003679,0.164475,0.120112,0.367647,0.385376,-0.435445,-0.419631,-0.023151,0.138526,-0.029868,-0.047812,0.267094,0.051986,0.15725,-0.137157,0.019252,-0.074534,0.464585,-0.159376,-0.440372,-0.079285,-0.154862,-0.556592,0.123959,-0.275675,-0.362519,0.184831,-0.138671,0.074384,-0.418138,-0.184598,-0.000685,-0.252267,0.235085,-0.100849,-0.282762,0.256376,-0.349863,0.319149,0.056964,0.285713,-0.046014,-0.062408,-0.10949,-0.038674,-0.05845,0.166809,-0.232749,-0.047853,-0.016788,0.172139,-0.097399,-0.190155,0.090313,0.171256,-0.273875,-0.094891,0.255956,0.141853,0.207811,0.054244,0.100655,0.314249,-0.426375,-0.175885,-0.044456,0.239651,-0.002976,0.198034,0.127492,0.098561,0.124018,0.187352,0.35921,0.235989,-0.004065,-0.023588,0.018184,-0.165714,0.273009,-0.152785,-0.164862,0.039461,0.119385,0.170372,-0.282059,-0.068316,-0.012741,0.075752,0.067107,-0.005518,-0.321656,0.417447,-0.046514,0.167308,-0.329634,-0.25951,-0.020084,0.326197,0.087133,-0.167551,0.110104,-0.090611,-0.063003,-0.124628,-0.195139,-0.184095,-0.160227,0.060705,0.164628,0.019227,-0.247079,0.10297,-0.003479,-0.139172,0.251459,-0.203374,-0.448715,0.263906,0.303026,-0.154516,-0.000677,0.123959,-0.189433,-0.106294,0.018015,0.326585,-0.00392,-0.254598,-0.310627,0.284077,-0.109236,#
20,-0.094614,0.099072,-0.192825,0.107936,-0.063634,-0.017424,-0.350401,0.233518,0.123363,-0.113279,-0.055413,0.194174,-0.062837,0.13227,0.432215,-0.386099,-0.247843,-0.247001,0.069111,-0.044918,1.0,0.089061,0.250965,-0.185942,-0.219311,-0.088887,0.428802,0.152277,-0.250856,-0.235394,-0.042487,0.12725,0.429686,-0.001743,-0.468069,-0.552212,-0.291329,-0.265776,-0.023283,-0.180857,0.014355,0.124756,-0.273764,0.009881,-0.017498,-0.022082,-0.005222,0.17319,-0.083766,-0.035854,-0.241377,0.364917,0.029211,0.20503,0.013913,0.347934,-0.064566,0.174242,-0.480834,0.246679,-0.151689,-0.142336,-0.045433,0.106448,0.324922,0.021832,-0.163167,0.069935,0.201919,0.267364,-0.385112,-0.425685,-0.020064,0.298547,-0.181142,0.011188,0.070831,0.56174,-0.151254,0.191995,0.12698,-0.082504,0.002656,0.063929,0.191995,0.169524,0.079634,-0.010563,0.539537,-0.032963,0.079617,0.169967,0.147746,0.200175,0.27418,0.283361,-0.147665,-0.157994,0.029503,-0.020233,0.009324,0.183088,0.324996,-0.063397,0.290461,0.170621,-0.10146,0.192441,-0.147695,0.150914,0.04595,-0.137243,-0.129719,0.202731,0.400307,-0.03287,0.106926,-0.253773,-0.262669,-0.018254,0.276753,-0.150284,0.250696,0.040281,0.227162,-0.068194,0.209376,-0.397018,0.108159,0.048172,0.371258,0.016934,-0.091342,-0.499909,0.252426,0.445985,-0.046627,0.4224,0.30564,0.016281,-0.037937,0.416182,0.005238,0.353997,-0.078094,-0.123891,-0.180857,-0.272592,0.2382,0.26572,0.28452,0.145102,0.167805,0.279676,-0.007429,-0.073074,0.126111,-0.15908,-0.133886,0.355351,0.116241,-0.068173,-0.101095,-0.294691,-0.112345,0.041081,0.265677,0.010581,0.055825,-0.114463,-0.175126,0.003399,-0.384799,0.05481,0.089076,-0.237512,0.193551,-0.24684,0.368197,0.183583,-0.203605,-0.284467,0.336102,0.138314,0.026765,-0.072622,-0.129929,-0.068194,-0.195462,-0.034168,0.395844,-0.021343,-0.092281,0.040821,-0.047914,-0.190982,-0.329524,-0.614932,-0.366304,-0.193479,#
