0,1.0,0.431456,-0.038825,-0.209989,0.259511,0.092578,0.083647,0.322333,0.282097,0.067471,0.047071,0.100151,0.072491,0.543552,0.191092,-0.053774,0.16847,0.15958,0.275801,-0.33633,-0.156709,0.011138,0.260006,0.135824,-0.306799,-0.254378,0.111719,0.105245,0.414267,0.369534,-0.259471,0.064808,0.269208,-0.298739,0.054482,-0.009114,-0.247428,-0.069058,-0.147494,0.231419,-0.06125,0.021591,-0.013701,0.481905,-0.252865,-0.524913,0.104458,0.05358,-0.078155,-0.10232,0.051712,0.020891,0.151057,-0.065357,-0.0732,-0.099062,-0.036019,-0.229339,0.098254,0.266238,0.18052,0.062785,-0.151361,0.191748,0.333115,0.415288,0.091015,0.231623,-0.076298,-0.11148,-0.156996,-0.048456,-0.201967,0.018029,-0.196545,0.330561,-0.139901,-0.082254,-0.227482,-0.019182,-0.496979,-0.114405,-0.137247,0.187519,-0.242893,-0.062732,0.024437,-0.124355,0.035053,-0.330027,-0.401438,-0.463018,-0.428326,0.10888,-0.098334,-0.245953,0.004199,-0.296303,-0.188284,-0.309128,0.044599,-0.401846,-0.086446,-0.1171,-0.308927,0.13344,-0.1987,-0.225906,-0.363305,0.061436,0.133339,0.301328,-0.292498,-0.117101,-0.694552,-0.237306,-0.154081,-0.267497,-0.034876,-0.316696,-0.262459,-0.282482,-0.386203,-0.108758,-0.084402,-0.177732,-0.248623,0.049518,-0.335291,-0.558895,-0.205144,-0.160593,-0.225083,0.141625,-0.327904,-0.170834,0.409376,-0.616303,-0.383923,-0.215097,-0.048995,-0.512475,-0.558256,0.009608,-0.150201,-0.199098,-0.254087,0.11413,-0.10727,-0.170834,-0.096919,-0.36104,-0.322799,-0.210522,-0.344836,-0.310841,0.260738,0.300164,-0.337996,0.17491,-0.51099,-0.059235,-0.350488,-0.220064,-0.259233,-0.052207,-0.100164,0.019595,-0.0855,-0.153346,0.143533,0.180456,-0.401846,-0.163918,0.604216,-0.055988,-0.315092,0.039022,0.411445,-0.588109,0.044012,0.066092,0.024394,0.152557,0.48993,-0.117157,0.143508,0.094211,-0.04719,0.526288,-0.009307,0.016273,0.448041,0.241457,-0.139119,0.343081,0.320803,-0.527752,-0.577444,0.128287,#
1,0.431456,1.0,0.188061,-0.066329,0.338004,-0.0635,0.320132,0.315024,0.136031,0.540594,-0.283535,-0.258781,0.297243,0.377838,0.341641,-0.185944,-0.186324,0.518514,0.446849,-0.14007,0.314014,0.268145,0.192426,0.306911,-0.492448,0.006852,0.298286,0.210506,0.299145,0.486843,-0.570145,-0.00373,0.150267,0.039281,-0.106783,-0.278694,-0.071958,-0.19006,0.158184,-0.130944,-0.284651,0.261182,-0.005266,0.337174,-0.325844,-0.32388,0.265256,0.379991,0.184024,0.224473,0.381392,0.009612,0.138256,-0.011482,0.270949,-0.209936,-0.296491,0.099712,-0.181894,-0.190702,0.085688,0.374839,-0.494395,0.507621,-0.08031,0.378409,-0.066198,0.322945,0.206597,-0.1659,-0.074781,-0.132711,-0.260257,-0.21476,-0.139561,0.418015,-0.212909,-0.205692,-0.363563,-0.271235,-0.464701,-0.061886,-0.364482,0.01586,-0.213937,0.03599,-0.285344,-0.112915,-0.070162,-0.126061,-0.183046,-0.305997,-0.507131,0.091175,-0.361621,0.11001,0.260981,-0.188064,0.174191,-0.463927,-0.152854,-0.571202,-0.535148,-0.149304,-0.545584,-0.233205,-0.429639,-0.356851,-0.640688,-0.156348,0.276934,0.270232,-0.140311,-0.480549,-0.33963,0.058151,-0.364962,-0.409232,0.040931,-0.475387,-0.294138,-0.075652,-0.137433,-0.469254,-0.010235,0.071045,-0.368019,-0.09785,-0.194779,-0.207629,-0.201351,-0.495698,-0.19925,0.012833,-0.127429,-0.155788,0.333921,-0.207505,0.044256,-0.329115,-0.384937,0.077569,-0.572024,0.057373,-0.012598,-0.095014,-0.055231,0.423691,-0.385893,-0.324527,-0.401441,-0.208484,-0.047639,0.074471,-0.377404,0.080764,0.45541,0.4318,-0.390374,0.269122,-0.22815,-0.013229,-0.041153,0.228704,-0.110339,0.335888,-0.273354,0.00629,-0.026723,0.164733,-0.235501,0.120095,-0.064862,-0.343396,0.55447,0.007773,-0.206923,-0.000897,0.19957,-0.381933,-0.127342,0.228573,-0.107575,0.023148,0.213234,-0.018177,0.110735,-0.028613,-0.165444,0.624961,0.181407,0.478459,0.151991,0.0897,-0.095918,-0.200476,0.216307,-0.375325,-0.307345,0.21809,#
2,-0.038825,0.188061,1.0,0.431397,0.198948,-0.539019,-0.211298,-0.33091,-0.282004,0.265115,-0.043375,0.185797,-0.030568,-0.096433,-0.125339,-0.234441,-0.308538,-0.071206,0.138388,0.071315,-0.013666,-0.241168,0.221242,-0.155318,-0.268384,0.124853,0.282219,-0.397494,-0.195041,0.368994,-0.100261,0.253342,-0.171993,0.201971,-0.094126,-0.249291,0.141501,0.08266,0.072203,-0.126689,0.014441,0.123497,-0.064145,-0.208968,-0.160102,-0.280708,0.057309,0.169533,-0.050704,-0.066186,-0.42113,0.209254,0.029622,0.100673,-0.02913,-0.180147,-0.492584,0.058578,-0.490038,-0.338146,0.017759,-0.133934,-0.274409,-0.115259,-0.172255,-0.161981,-0.237986,0.006882,-0.081799,0.266751,0.003128,0.022304,0.266932,0.111142,0.040172,-0.072179,-0.195978,-0.222527,-0.076671,0.199587,0.013867,0.092564,-0.038345,0.188636,0.111593,-0.097137,-0.147643,0.200315,-0.026132,0.017732,-0.041021,-0.167814,-0.062523,-0.073479,-0.218592,0.152142,0.294735,0.027788,0.177363,0.012758,0.073473,-0.06536,-0.20198,-0.132438,-0.375146,-0.022086,-0.040864,0.217706,0.002656,0.348525,0.165225,-0.212079,-0.001716,0.019008,0.217672,-0.035104,-0.141693,-0.296546,0.171562,-0.165572,-0.121547,-0.169103,0.201241,-0.06915,-0.29058,0.051579,-0.470226,-0.301515,0.081541,0.131952,0.454622,-0.244098,-0.379694,-0.050498,-0.162268,0.245164,0.267837,0.266974,0.25982,0.185962,0.419129,0.223693,-0.048547,-0.442687,-0.217612,0.228974,0.225211,0.146485,-0.276043,0.065858,-0.564708,-0.080745,0.438946,-0.031398,-0.069579,-0.196047,0.018716,0.150452,0.267596,-0.030852,-0.273754,-0.113032,0.221702,-0.12888,0.036337,-0.134425,-0.374781,-0.04818,0.059483,0.085752,-0.051621,-0.099659,0.272659,-0.063607,0.177069,0.134871,-0.043452,-0.115193,-0.232401,0.105572,0.05618,-0.344951,-0.230006,-0.011791,0.020641,0.07272,-0.188347,-0.275912,-0.07481,0.118118,-0.039461,0.186055,-0.071199,0.225471,0.032698,-0.515729,0.302245,-0.080636,0.216004,-0.034821,#
3,-0.209989,-0.066329,0.431397,1.0,0.134047,-0.444264,-0.307131,-0.319303,-0.317391,0.077139,0.327292,-0.090765,-0.086987,-0.450471,-0.166212,-0.07163,-0.093309,-0.016253,0.074384,0.041159,0.21172,-0.496368,-0.09333,-0.101894,0.038823,0.190067,-0.031241,-0.166656,-0.117233,-0.154153,0.342529,0.048749,-0.653756,0.237183,-0.234173,-0.365063,0.100207,0.050077,0.256512,0.186011,0.004233,-0.014239,0.161802,-0.396011,-0.099041,-0.030877,-0.057856,-0.208657,0.123332,-0.32943,-0.277119,0.379152,0.029673,0.218933,-0.136409,0.081621,-0.108479,0.008785,-0.102489,-0.24603,-0.278146,0.260089,-0.072788,-0.302093,-0.272715,-0.353938,-0.042765,-0.076703,-0.179243,0.356006,-0.005834,0.481456,0.146827,0.481253,0.218121,-0.247328,-0.028823,-0.141356,0.339239,0.201992,0.097106,0.409313,0.333593,0.124261,0.226895,-0.146451,-0.077523,0.239416,0.155232,0.474823,0.351324,0.371276,0.412642,-0.228231,0.222328,0.473641,0.013346,0.094871,0.112166,0.293685,0.302336,-0.143048,0.427367,-0.092154,0.127365,0.271546,-0.133057,0.420185,0.166791,0.317891,-0.219228,-0.362034,0.391562,0.283516,0.251013,0.07689,0.395665,0.211307,0.061039,0.066286,0.287156,0.102494,0.200789,-0.019876,-0.029871,0.121994,-0.281545,-0.282052,0.566902,0.258878,0.769483,-0.166023,-0.048295,-0.085572,0.181595,0.434535,-0.146319,0.436582,0.170267,0.341285,0.351212,0.206869,0.26034,-0.254245,0.089873,0.43664,0.171047,-0.271538,-0.042385,0.221528,-0.338848,0.23706,0.179599,0.057166,0.449684,-0.0414,-0.199345,-0.296863,0.279116,0.078586,-0.42727,-0.059438,0.202729,-0.310951,-0.100706,0.009403,0.159439,-0.130764,-0.045115,0.071275,-0.122927,-0.139111,-0.105354,0.089873,-0.271825,-0.182829,0.134948,0.031715,-0.312229,0.362309,-0.342874,-0.119594,-0.156604,-0.202371,-0.147852,-0.266358,-0.103757,-0.030934,0.233299,-0.375394,-0.110146,-0.007326,-0.337416,0.010105,-0.136647,-0.320432,-0.248757,0.241985,-0.084068,-0.283549,#
4,0.259511,0.338004,0.198948,0.134047,1.0,-0.259918,0.124748,-0.053817,0.197945,0.326784,0.112413,0.018699,0.140907,-0.005227,0.363996,-0.438376,0.165034,0.274922,-0.08664,-0.156076,-0.031916,-0.003352,0.094368,0.31885,-0.324882,-0.033346,0.132794,-0.114853,0.108343,0.164832,-0.13486,-0.196719,0.160856,-0.195501,-0.342693,0.049637,-0.116677,-0.225557,-0.040859,0.201533,-0.119125,0.044469,-0.231957,0.15805,-0.326198,-0.37246,0.245426,0.046655,-0.031832,0.165633,0.080082,-0.240452,0.14944,-0.146924,0.094914,-0.474485,-0.57219,0.093482,-0.210709,-0.273963,-0.078307,0.159308,-0.092946,0.258426,0.067788,0.26108,0.252499,0.065234,0.173838,-0.182824,-0.246739,0.022288,0.036609,-0.03566,0.166016,0.036995,-0.062602,-0.359537,-0.042858,-0.454975,-0.319633,-0.064887,-0.376988,0.024414,-0.226214,-0.301835,-0.121283,-0.112122,-0.250677,-0.135103,-0.200911,-0.121021,-0.205099,-0.05821,-0.037753,0.104728,0.102269,0.30764,0.201854,0.194565,0.078108,-0.245533,-0.049714,-0.013881,-0.228247,-0.246105,-0.636118,-0.25763,-0.005627,0.342012,0.016157,-0.18035,-0.146936,-0.156899,-0.126591,-0.112489,-0.192147,-0.430785,-0.244069,-0.142242,-0.466346,-0.251137,-0.300676,-0.126789,-0.050895,-0.261707,-0.20466,-0.292661,-0.352663,-0.058208,-0.038232,-0.496235,-0.383965,-0.302067,0.03884,-0.168646,0.347289,-0.053281,-0.107178,0.064257,-0.022898,-0.185264,0.081091,-0.402015,-0.370254,-0.118763,0.133427,0.025509,-0.367012,0.007092,0.008134,-0.0368,-0.211803,-0.313207,-0.21127,-0.268792,0.492831,0.354852,-0.217489,-0.116828,-0.154195,-0.011525,0.133534,0.023293,-0.303172,0.343863,-0.094983,0.336049,0.164007,-0.044134,-0.083977,0.157316,-0.073757,-0.355288,0.211258,-0.233337,-0.374751,-0.519554,0.213166,-0.049956,0.035151,-0.147623,0.449508,0.170305,0.044789,0.07968,0.109257,-0.038288,0.2055,0.127669,-0.004951,0.474548,-0.184927,0.077112,0.214729,-0.226886,0.032864,-0.395163,-0.514788,0.231503,#
5,0.092578,-0.0635,-0.539019,-0.444264,-0.259918,1.0,0.291434,0.335809,0.309528,-0.117579,0.235719,-0.061699,0.091367,0.505943,0.031228,0.129416,-0.032959,-0.011028,-0.143779,0.175411,-0.320583,0.355777,0.129974,-0.045448,0.354203,-0.333164,0.174804,0.528152,0.220537,-0.322213,-0.161722,0.104775,0.021049,-0.29889,0.016117,-0.006795,-0.144052,0.114512,-0.133371,-0.342784,0.170563,0.202184,0.161607,0.238595,0.014103,-0.123409,0.183815,0.207838,0.192031,0.37089,0.333756,-0.016743,0.268691,-0.471727,-0.208748,0.207854,0.328313,0.035406,0.376734,0.282301,0.177688,0.092446,0.176388,0.372523,0.157525,0.426617,-0.086684,-0.017171,0.037049,0.096337,0.141444,-0.109907,-0.202069,-0.155569,-0.198926,0.341947,0.207141,0.274321,-0.035069,-0.187827,-0.136468,-0.083234,0.010806,-0.134029,0.088678,0.316411,0.050879,-0.277837,0.192567,-0.310096,-0.211644,0.098712,-0.088392,0.16702,0.258457,-0.058636,-0.149331,0.073134,-0.140491,-0.311624,-0.229864,0.158276,0.072361,-0.072166,0.203045,-0.037881,0.230568,-0.391713,-0.013257,-0.261538,0.110504,0.33086,-0.094518,-0.423748,-0.164177,-0.20578,-0.166431,0.273762,-0.088969,0.041692,0.231511,-0.114256,0.128672,-0.08558,-0.170302,0.200426,0.159964,0.382445,0.196887,-0.047147,-0.39738,0.225741,-0.014667,0.026027,-0.073182,-0.009395,-0.20137,-0.257669,-0.110917,-0.412783,-0.243727,-0.364088,-0.205898,-0.09446,0.048336,0.102067,-0.426917,0.142707,0.350087,-0.161473,0.396187,0.041901,-0.154354,0.202911,-0.145092,0.264542,0.134277,0.015196,-0.141279,0.223384,0.127038,-0.037376,0.018173,0.17633,0.198513,-0.021857,0.430231,0.300413,-0.045722,-0.115046,-0.023527,0.133959,-0.023436,0.221209,-0.054885,0.269431,0.355016,0.042893,0.431679,-0.204968,0.237012,0.241695,-0.174151,-0.182277,-0.179732,-0.274423,0.156884,0.135048,-0.278953,0.052097,0.052511,-0.323483,0.277473,-0.201892,0.17167,0.167737,0.139114,0.055921,-0.008226,-0.025955,#
6,0.083647,0.320132,-0.211298,-0.307131,0.124748,0.291434,1.0,0.276407,0.600822,0.06306,0.151656,-0.17911,0.505018,0.16415,0.473604,-0.183503,-0.352853,0.286676,0.045088,0.323665,0.257268,0.399703,0.248853,0.004467,-0.009326,-0.034674,0.015196,-0.065699,0.077536,-0.023648,-0.590244,0.043479,0.318716,-0.050099,-0.019091,-0.081622,0.127284,-0.023549,0.026598,-0.18052,0.130076,0.518229,-0.160251,0.345245,0.083081,-0.070801,0.387601,0.454296,0.241779,0.149214,0.266835,-0.113614,0.07281,-0.319129,-0.159384,0.399223,0.202487,-0.010783,-0.001809,0.407747,0.030096,0.226862,-0.143635,0.221735,0.22192,0.145108,0.063803,-0.222226,0.16049,-0.204456,0.28698,-0.061566,-0.043009,-0.023802,-0.223571,0.327655,0.193476,0.005314,-0.032211,-0.201088,-0.063039,-0.30766,-0.130188,-0.437304,-0.460779,0.284413,0.076546,0.39254,-0.282692,-0.229216,-0.331663,-0.106703,-0.298079,0.491131,-0.163755,0.051086,0.33387,0.110911,0.064014,-0.254264,-0.02467,0.06274,-0.004564,0.301656,-0.131427,-0.276111,0.102611,-0.496562,-0.050093,-0.383368,0.469999,0.218327,-0.129162,-0.523039,0.015377,0.050652,-0.351207,-0.074804,0.090656,-0.399326,-0.02134,-0.193848,-0.032228,-0.467589,-0.012346,0.084821,0.021572,0.468184,-0.204091,0.062775,-0.1886,-0.436139,-0.145675,0.003424,0.103357,0.152068,-0.076504,0.022453,-0.005393,-0.173812,-0.188421,-0.297766,-0.093316,-0.037316,-0.020058,-0.077633,-0.188981,0.550406,0.129056,-0.347498,0.183381,-0.019391,0.023805,-0.064994,-0.195585,0.44752,0.516704,0.461017,-0.037088,-0.053112,0.272188,0.352707,0.142491,0.193919,0.254262,0.424872,0.075194,0.032445,-0.198551,0.248433,-0.27307,0.176193,0.054238,-0.040278,0.169809,0.128708,0.035438,0.008372,0.523737,-0.345399,0.041622,0.4514,-0.062625,-0.208989,0.113899,-0.167709,0.241711,0.326951,-0.647422,0.229665,0.331649,-0.02006,-0.101234,-0.280726,0.183767,-0.226702,0.167927,0.17288,0.157524,-0.022882,#
7,0.322333,0.315024,-0.33091,-0.319303,-0.053817,0.335809,0.276407,1.0,0.302488,0.032938,-0.248795,0.127545,0.253494,0.339956,0.259655,0.009397,0.019724,0.242231,-0.133238,0.060069,0.079292,0.57113,0.143209,0.205794,-0.266082,-0.039329,0.428007,0.299625,-0.044636,-0.088493,-0.365875,0.418133,0.216421,-0.120032,0.030135,-0.155741,-0.280188,-0.584556,-0.013189,-0.099948,0.10052,0.223468,-0.058577,0.004519,-0.048722,0.062955,0.160073,0.240154,-0.033346,0.234982,0.165932,-0.251039,0.076677,-0.187464,-0.135924,-0.082688,0.242956,-0.114659,0.394935,0.359586,0.056488,0.228158,-0.285435,0.264824,0.235032,0.433078,-0.19648,0.181805,0.231323,-0.334954,0.190535,-0.050248,-0.240433,-0.049894,-0.374433,0.173406,-0.125312,-0.271426,-0.426988,-0.021406,0.009802,-0.277706,-0.138127,-0.347609,-0.098699,0.465443,-0.000309,-0.136893,0.027578,-0.334685,-0.086972,-0.332252,-0.288736,0.109532,-0.290963,-0.169675,0.041707,-0.086051,-0.341567,-0.518727,-0.11097,-0.315071,-0.120568,-0.090427,-0.306717,-0.159504,-0.065063,-0.399649,-0.355858,-0.41875,0.248459,0.278234,-0.50893,-0.249756,-0.307831,-0.179173,-0.453502,0.201625,-0.204201,-0.208234,-0.071132,-0.315569,0.13616,-0.396637,0.007837,0.006526,0.022397,-0.130347,-0.05251,-0.159282,-0.569272,-0.263179,0.257413,-0.138798,0.192977,0.064156,0.093737,-0.410569,-0.032101,-0.510977,-0.317435,-0.242287,-0.337811,0.104412,-0.041647,-0.174859,-0.50797,0.359555,-0.211199,0.050994,-0.187341,-0.078286,-0.116272,0.104971,-0.040926,0.32249,0.287717,0.119462,-0.370643,0.29714,-0.057474,-0.13996,-0.115274,0.147294,0.092619,0.277733,-0.049337,-0.265316,-0.338389,0.021968,0.001774,0.164592,-0.308469,-0.215779,0.301667,-0.182107,-0.135028,0.079489,0.142945,-0.445549,0.099371,0.367681,0.123801,-0.026592,-0.020224,-0.15456,0.166706,-0.009392,-0.181794,0.38349,0.330789,0.071754,0.247301,-0.226606,-0.039835,0.336119,0.003101,-0.208412,-0.299898,0.307673,#
8,0.282097,0.136031,-0.282004,-0.317391,0.197945,0.309528,0.600822,0.302488,1.0,0.037579,0.033666,-0.133358,0.497932,0.276603,0.258642,-0.38959,-0.450747,0.413804,0.141911,0.241463,0.239083,0.378071,0.358396,0.238498,0.089547,-0.22192,0.276167,-0.052887,0.369296,0.166053,-0.244234,-0.041556,0.37776,-0.048264,-0.275545,-0.025282,0.051481,-0.235828,-0.111505,-0.086837,0.216396,0.272388,-0.109012,0.09304,0.134711,-0.294843,0.509538,0.546676,-0.026094,-0.186353,0.151395,-0.318484,0.097312,-0.142435,-0.202243,0.044996,0.166832,-0.261447,0.316622,0.117791,0.188729,0.109346,0.02912,0.097354,0.050711,0.368322,0.024253,-0.066191,0.328576,-0.069556,0.182333,-0.182939,-0.303481,0.151033,-0.141221,0.311171,-0.016322,-0.075181,-0.215926,-0.463226,0.226765,-0.380952,-0.172355,-0.366999,-0.198787,0.19694,0.190145,0.244618,-0.102979,-0.286681,-0.268207,0.055531,-0.503917,0.772118,-0.250619,-0.027714,0.304065,0.20576,0.2017,-0.126278,-0.013039,0.172952,0.161078,0.193764,-0.008267,-0.183622,-0.122785,-0.298518,0.060727,-0.442594,0.410564,0.070686,-0.165084,-0.243232,0.05729,-0.054434,-0.122392,0.038151,0.114847,-0.27618,-0.087773,-0.324291,0.230818,-0.565871,0.033081,0.011527,0.031605,0.48715,-0.187842,-0.174621,-0.218089,-0.375482,0.090237,-0.062555,0.246752,0.083066,-0.039944,-0.036891,0.077431,0.045055,0.086571,-0.449028,-0.152998,-0.080648,-0.095217,-0.109973,-0.140886,0.45093,0.135283,-0.242316,0.331177,-0.220222,-0.014269,-0.20688,-0.02535,0.186673,0.625462,0.39479,0.138187,-0.06188,0.08322,0.183231,0.051068,0.236166,0.193416,0.393863,0.168528,0.083761,-0.302181,0.099462,-0.33674,0.245787,-0.183296,-0.087706,0.228542,0.092111,-0.177812,0.013928,0.499955,-0.570409,0.075985,0.191295,-0.171078,-0.162154,0.028584,-0.068773,0.462063,0.277004,-0.5361,0.131698,0.292689,-0.109927,0.11985,-0.224752,0.280649,-0.024625,0.119737,-0.09321,0.093584,0.229802,#
9,0.067471,0.540594,0.265115,0.077139,0.326784,-0.117579,0.06306,0.032938,0.037579,1.0,-0.012981,-0.257001,0.278353,-0.024869,0.036345,-0.084395,-0.309947,0.337024,0.428257,-0.134275,0.179066,0.239907,0.104337,0.316148,-0.371969,0.298163,0.339052,-0.014012,-0.007997,0.231721,0.030891,-0.129237,0.088768,0.323126,-0.092054,-0.068807,0.021261,-0.373507,-0.248603,-0.372921,-0.110418,0.145079,0.190566,0.047095,-0.183749,-0.353717,0.028658,0.34283,-0.138921,0.213439,0.179727,0.129436,0.021523,0.000313,0.01568,-0.409023,-0.440938,0.188348,-0.266033,-0.501916,0.249575,0.019373,-0.375576,0.256999,-0.122576,0.14068,-0.112276,0.142271,-0.059832,0.159379,-0.064639,-0.141167,-0.146763,-0.135508,0.093073,0.242866,-0.250345,-0.560537,-0.033295,-0.289959,-0.027312,0.039773,-0.060031,0.173195,0.049181,0.086812,-0.203238,-0.074436,-0.083529,0.21269,0.17627,-0.103645,-0.331541,-0.09215,-0.362275,0.253592,0.150766,0.112015,0.179484,-0.214701,-0.13615,-0.405906,-0.364689,-0.253595,-0.477627,0.023247,-0.387795,-0.157408,-0.351163,-0.03147,0.220428,-0.101592,0.102973,-0.440175,0.203139,-9.6e-05,0.004473,-0.043801,0.372634,-0.437059,-0.018891,0.034198,0.279689,-0.169504,0.141585,0.045462,-0.310017,-0.128268,-0.101475,0.045399,0.17627,-0.279533,-0.048736,-0.020769,-0.085778,0.064605,0.179281,0.054253,0.219662,-0.220772,-0.310157,0.104486,-0.218037,0.031331,0.09801,0.218437,0.319761,0.23556,-0.476051,0.055875,-0.28695,-0.137709,0.144807,0.213894,0.095186,0.108382,0.089469,0.345692,0.078671,-0.040268,-0.232946,-0.101287,-0.197556,0.270014,-0.191166,0.256316,-0.132284,0.204887,0.355903,0.294672,-0.206218,0.213412,0.227022,0.111982,0.178868,0.176462,-0.058019,0.034277,-0.129582,-0.031829,-0.14425,-0.031454,-0.269619,0.049917,-0.118343,-0.062954,-0.191155,-0.028328,0.001339,0.339119,0.123799,0.21844,-0.16309,-0.000335,0.185598,-0.406041,0.222213,-0.358334,-0.084002,0.026914,#
10,0.047071,-0.283535,-0.043375,0.327292,0.112413,0.235719,0.151656,-0.248795,0.033666,-0.012981,1.0,-0.106571,-0.228427,-0.177815,-0.004622,0.140469,0.084952,-0.276495,-0.035487,-0.210198,-0.174845,-0.245118,0.02432,-0.112444,0.343218,0.147883,-0.202007,-0.032386,-0.073471,-0.416443,0.259548,-0.112262,-0.204902,0.00985,-0.165829,0.147984,0.091392,0.079928,-0.277668,-0.013765,-0.024487,-0.176425,0.069459,0.233795,0.097806,-0.153447,-0.100798,-0.333635,0.112521,-0.065161,-0.139399,0.275146,0.17598,-0.385597,-0.164088,0.307564,-0.004005,0.159976,-0.123163,0.087161,-0.05724,-0.043068,0.202922,-0.234658,-0.115655,-0.342409,-0.000479,-0.677577,-0.386369,0.10311,-0.221546,0.293029,0.194299,0.357409,0.14999,0.120463,0.055067,-0.090763,0.423189,-0.050524,-0.145698,0.103528,0.376711,0.056535,-0.232015,-0.063595,0.063625,0.172073,-0.13727,0.059516,0.003292,0.174191,0.303688,-0.123563,0.299978,0.073477,-0.339861,0.22725,-0.148958,0.263074,0.163,0.079919,0.493593,0.054986,0.193718,0.078838,0.0413,0.037454,0.341765,0.246622,-0.321307,-0.11347,0.180938,-0.151971,-0.036789,-0.045358,0.342428,0.167455,0.007315,0.266511,0.427148,0.085835,0.128406,0.192807,-0.266178,-0.290689,0.023454,0.267279,0.122082,-0.063974,0.414805,-0.078287,-0.194525,-0.089169,-0.033019,0.52537,-0.163355,0.095639,-0.22444,0.095503,0.016958,-0.349122,0.287309,-0.297466,0.128704,0.203738,0.240972,-0.222692,0.278144,0.114337,0.315505,0.353489,-0.211776,-0.091715,0.125497,-0.180173,-0.159047,-0.036921,0.129995,0.080381,-0.294184,0.22693,0.125614,-0.605645,-0.158675,0.017525,0.246669,0.084139,0.228516,-0.029426,-0.051049,0.043214,-0.25865,0.341706,-0.295069,-0.101221,0.178399,-0.006897,0.219135,0.156074,0.129031,0.104295,-0.088017,0.012714,0.015599,-0.501877,-0.243632,0.122247,0.235564,-0.334902,-0.314837,-0.218522,-0.223435,-0.044858,0.311616,-0.048995,0.1342,0.136638,-0.164512,-0.24121,#
11,0.100151,-0.258781,0.185797,-0.090765,0.018699,-0.061699,-0.17911,0.127545,-0.133358,-0.257001,-0.106571,1.0,-0.203897,-0.010786,-0.164409,-0.068912,0.138593,-0.052938,-0.548598,0.015248,-0.518754,0.113379,0.184427,-0.056718,-0.143217,0.128515,0.170702,-0.253281,-0.214958,0.007934,-0.13692,0.29504,0.152314,-0.180368,0.190199,-0.105381,-0.30305,0.095686,-0.040977,-0.004247,0.001196,0.223935,-0.040155,-0.284628,0.167734,-0.228809,-0.125379,-0.033728,-0.28114,-0.018868,-0.363417,0.123629,0.016832,-0.144321,0.103587,-0.121839,-0.192467,-0.175692,0.038907,0.287555,-0.052128,-0.244883,-0.082892,-0.288965,0.211152,-0.073375,-0.128824,-0.009985,-0.059103,0.228684,0.228283,-0.164439,0.311796,0.014081,-0.456587,-0.148805,-0.221078,-0.02141,-0.056665,0.364322,0.194842,-0.209595,-0.217671,0.045653,-0.056178,0.203436,0.048694,0.080858,0.110746,-0.455689,-0.023782,-0.276319,0.090196,0.000638,0.12022,-0.236591,-0.043677,0.16691,-0.289773,0.0437,-0.171799,-0.076481,0.129677,0.169731,-0.236691,-0.225972,0.311364,-0.091851,0.021763,0.308991,0.031239,0.272458,-0.302697,0.169471,-0.096525,-0.236319,-0.177662,0.076051,-0.352789,0.201236,0.011302,-0.326822,-0.119629,0.205655,-0.3063,0.074958,-0.010756,-0.326022,-0.035873,0.241264,-0.189102,0.234967,-0.183113,-0.258,-0.09998,0.005057,0.336804,-0.215522,0.214848,-0.112077,0.165185,0.000114,0.257965,-0.389321,-0.518554,0.117292,-0.04329,-0.135543,-0.154541,0.340676,-0.037546,-0.190613,0.098436,-0.136714,-0.180902,-0.26137,-0.066972,-0.185659,-0.017431,0.083659,0.234481,-0.011332,0.007191,-0.030313,-0.05373,-0.144317,0.078148,0.17207,-0.039007,-0.44171,0.236977,-0.150347,-0.107868,0.170208,0.001968,-0.181381,-0.214643,-0.162014,-0.168496,0.042229,0.026714,-0.265698,0.046332,0.333951,0.188151,0.206673,0.094094,-0.183953,0.01245,-0.208031,0.014919,-0.028605,-0.047698,0.087479,0.133268,0.102707,0.029663,-0.006747,0.093622,-0.180694,#
12,0.072491,0.297243,-0.030568,-0.086987,0.140907,0.091367,0.505018,0.253494,0.497932,0.278353,-0.228427,-0.203897,1.0,0.314947,0.317422,-0.565513,-0.345541,0.489894,0.07121,0.327151,0.3339,0.200447,0.315981,0.006443,-0.167516,-0.168671,0.178325,-0.241738,0.247373,0.141682,-0.361557,0.034426,0.320993,-0.253202,-0.088792,-0.403432,0.054128,-0.156678,0.028263,-0.34185,0.254609,0.643909,-0.006611,-0.046876,-0.160838,-0.220091,0.423392,0.536717,-0.030995,-0.089125,0.235428,-0.056715,0.186198,-0.024487,-0.350626,0.110189,0.192979,0.016777,-0.010883,0.093767,0.036328,0.221077,-0.167399,0.195057,0.34317,0.32789,0.108987,0.355344,0.050999,-0.087214,0.402469,0.218648,-0.332285,-0.011466,-0.214513,0.327597,0.197173,0.000313,-0.200723,-0.191187,0.105205,-0.305195,-0.275374,-0.250978,0.037663,0.452541,-0.063562,0.405618,-0.117597,-0.060987,-0.314164,0.07118,-0.461677,0.331008,-0.328357,0.390944,0.682594,-0.045158,0.407685,-0.244566,0.002886,-0.101406,0.005614,-0.196927,-0.137986,0.058539,-0.075183,-0.238743,-0.366557,-0.205861,0.665504,-0.230014,-0.134903,-0.357218,0.26422,-0.116289,-0.359651,0.109742,0.094614,-0.565856,-0.027795,-0.35317,0.146821,-0.467075,0.155985,0.430589,-0.340161,0.222214,-0.115636,0.23927,0.0,-0.25701,-0.143908,-0.004672,0.098369,0.000152,-0.075847,0.0327,0.084778,0.039953,0.005736,-0.206359,-0.113714,-0.178253,0.000325,-0.047275,-0.180328,0.411503,0.153133,0.009661,-0.222511,-0.37274,0.368373,-0.063455,0.005456,0.451244,0.496836,0.254675,0.164508,-0.253402,-0.013551,-0.175906,-0.018489,0.525744,0.269349,0.268168,0.244922,-0.159108,-0.004563,0.258912,-0.1097,-0.040108,0.230605,-0.019966,0.323195,0.412089,0.038583,-0.001758,0.33534,-0.335072,0.027074,-0.018313,-0.250621,-0.536368,0.101332,-0.04043,0.553393,0.136835,-0.640156,0.37898,0.713044,-0.022206,-0.110493,-0.458901,-0.170447,-0.248948,-0.039947,-0.187388,0.086742,-0.021597,#
13,0.543552,0.377838,-0.096433,-0.450471,-0.005227,0.505943,0.16415,0.339956,0.276603,-0.024869,-0.177815,-0.010786,0.314947,1.0,0.24462,-0.143094,-0.054917,0.164409,0.187401,-0.014814,-0.143672,0.202885,0.59177,0.087549,-0.175887,-0.550535,0.294193,0.297228,0.407362,0.224092,-0.397429,0.17079,0.277862,-0.364095,0.035407,-0.035942,-0.247267,-0.007856,0.168187,-0.114081,-0.107327,0.177529,0.115643,0.477162,-0.222493,-0.371662,0.255967,0.325928,-0.042599,0.21983,0.332574,-0.011173,0.183526,-0.142384,-0.011534,-0.032657,0.04686,0.045884,0.042859,0.176922,0.338806,0.181171,-0.071944,0.323996,0.321491,0.55775,-0.152346,0.381994,0.20805,-0.017906,-0.025825,-0.16074,-0.100223,-0.333847,-0.421367,0.449498,-0.143798,0.142245,-0.459795,-0.204335,-0.478571,-0.332808,-0.273743,0.083859,-0.018136,0.091176,0.091205,-0.227825,-0.138471,-0.432156,-0.530989,-0.189978,-0.542803,0.26885,-0.197645,-0.286984,0.17091,-0.232936,0.017973,-0.480886,-0.214141,-0.100017,-0.20606,-0.328157,-0.152311,-0.223631,-0.008441,-0.25397,-0.417802,-0.065855,0.424611,0.197456,-0.411587,-0.337299,-0.367382,-0.416632,-0.48288,-0.164913,-0.019677,-0.308373,-0.227444,-0.37531,-0.077843,-0.383753,-0.026552,0.21246,-0.240307,-0.064481,-0.127806,-0.277728,-0.436099,0.042478,-0.354153,-0.037104,-0.380806,-0.351393,0.227122,-0.535387,-0.190557,-0.274763,-0.145914,-0.26516,-0.620175,-0.113693,-0.227353,-0.182206,-0.461154,0.283631,0.241457,-0.270436,-0.230013,-0.329128,0.002606,0.023386,-0.435645,0.161433,0.394171,0.25972,-0.32051,0.051613,-0.210226,-0.266078,-0.179504,0.189886,-0.045545,-0.082624,0.105893,0.065696,-0.07997,-0.031562,0.119641,0.019554,0.057511,-0.126654,0.574469,0.210132,0.007909,-0.090929,0.629953,-0.523222,0.232795,-0.00434,-0.13551,-0.034325,0.306261,0.039239,0.255884,-0.199628,-0.289127,0.60581,0.070419,0.054608,0.573181,0.214199,-0.023763,0.168893,0.430977,-0.49813,-0.25766,0.121731,#
14,0.191092,0.341641,-0.125339,-0.166212,0.363996,0.031228,0.473604,0.259655,0.258642,0.036345,-0.004622,-0.164409,0.317422,0.24462,1.0,-0.507904,0.079287,0.011949,-0.104271,-0.072506,0.183616,0.101057,0.094412,0.266426,-0.221066,-0.028593,-0.154506,0.213415,0.246985,-0.061006,-0.272203,-0.143339,0.215319,-0.326776,-0.25049,0.089507,-0.164021,-0.074025,0.443433,-0.013283,-0.118625,0.303628,-0.643957,0.369206,-0.276596,0.138936,0.251513,0.09603,0.216261,0.369789,0.081767,0.000903,-0.037238,-0.243522,-0.016109,-0.042027,-0.221862,0.09324,-0.245012,0.261351,-0.024511,0.657423,-0.337452,0.178442,0.130045,0.192698,0.175572,0.046968,0.171068,-0.353307,-0.027004,-0.120332,0.079244,-0.128858,-0.460769,0.123951,0.106862,-0.192137,-0.173286,-0.455998,-0.254876,-0.032634,-0.083626,-0.27159,-0.500076,0.035668,-0.088161,0.105378,-0.557519,-0.239858,-0.330634,-0.206672,-0.201682,0.193314,-0.189442,-0.116418,0.071995,0.141066,0.255569,-0.425566,0.342637,-0.261279,-0.197589,-0.009668,-0.214588,-0.28615,-0.348985,-0.068608,-0.273934,-0.18999,0.140113,-0.152926,-0.242206,-0.342927,-0.17245,-0.12643,-0.22816,-0.383823,-0.174147,-0.265877,-0.344185,-0.238052,-0.281722,-0.198341,0.197721,-0.260756,-0.288501,0.067653,-0.426464,-0.121609,-0.330634,-0.420778,-0.139483,0.188676,-0.031463,-0.062979,0.392933,-0.173695,-0.056,-0.001778,-0.285636,-0.318128,-0.278774,0.023838,0.069713,-0.267517,-0.12472,0.296874,-0.065045,-0.230268,-0.036806,0.047717,-0.092646,-0.047311,-0.286559,0.366919,0.613999,0.348288,-0.299961,0.160598,0.129513,0.265031,-0.052899,-0.041314,0.016582,0.352945,0.002281,-0.094117,0.055486,-0.149532,0.213106,0.005539,0.049292,-0.326307,0.345796,-0.033293,-0.080565,-0.223755,0.436402,-0.356508,-0.03797,0.431041,0.346725,-0.137608,0.030736,-0.06929,-0.116197,0.12588,-0.139618,0.269949,0.068811,0.452092,-0.000419,-0.169844,-0.225914,-0.081079,-0.06722,-0.276957,-0.215002,0.367267,#
15,-0.053774,-0.185944,-0.234441,-0.07163,-0.438376,0.129416,-0.183503,0.009397,-0.38959,-0.084395,0.140469,-0.068912,-0.565513,-0.143094,-0.507904,1.0,0.178857,-0.207806,0.279765,-0.126505,-0.081924,0.122894,-0.235966,-0.05295,0.139031,-0.013649,-0.03649,0.201365,-0.339143,-0.307201,0.143979,0.083688,-0.249894,0.414819,0.262336,0.325233,0.05365,0.102045,-0.11997,0.180664,-0.033931,-0.537128,0.424376,0.072416,0.019345,0.221214,-0.584626,-0.343059,0.080158,0.054131,0.237861,0.170033,-0.164113,0.073828,-0.008405,0.166252,0.340266,-0.076877,0.202116,0.170148,0.076727,-0.319692,0.083483,-0.066317,0.064974,-0.263149,-0.258428,-0.152012,-0.041578,-0.002935,-0.073947,-0.120995,0.106077,-0.142628,0.318826,-0.189349,-0.084982,0.080646,0.345042,0.298478,0.004263,0.099739,0.367125,0.195498,0.126234,-0.044301,0.17621,-0.275294,0.259714,0.191879,0.335195,-0.122475,0.437007,-0.347352,0.251939,-0.231399,-0.453527,-0.145448,-0.53764,-0.004065,-0.07377,0.105452,0.05008,0.036841,0.340809,0.1412,0.361312,-0.094234,0.099868,0.043244,-0.31097,0.355847,0.297272,0.227766,-0.175497,0.029503,0.16395,0.271222,0.080479,0.192276,0.239117,0.43127,-0.055218,0.243719,-0.083777,-0.084244,0.496064,-0.135912,0.130392,-0.188571,-0.030548,0.232568,0.339575,0.028285,-0.094613,0.004096,-0.199223,-0.103681,-0.233898,-0.256349,-0.106853,0.124269,-0.077034,0.33582,0.071619,0.070604,-0.090597,-0.298203,-0.088407,-0.216598,0.063685,0.248454,-0.176346,0.261317,0.023465,-0.080691,-0.690384,-0.157033,-0.157991,-0.015509,-0.017113,0.098525,-0.212883,-0.198951,-0.208819,-0.161965,-0.093476,-0.057242,-0.079627,0.120749,0.001625,0.082233,0.002315,0.253566,-0.383745,-0.246512,0.191676,0.255924,-0.263128,0.200237,0.000773,-0.050092,0.042539,0.19258,-0.139904,-0.097985,-0.341759,0.018455,0.236326,-0.077854,-0.34685,-0.313688,-0.017346,0.304249,0.123888,0.356826,0.002954,0.231248,-0.015174,-0.294174,#
16,0.16847,-0.186324,-0.308538,-0.093309,0.165034,-0.032959,-0.352853,0.019724,-0.450747,-0.309947,0.084952,0.138593,-0.345541,-0.054917,0.079287,0.178857,1.0,-0.184057,-0.388446,-0.465451,-0.24853,-0.212835,-0.461492,0.02235,-0.09828,-0.034713,-0.479586,0.2096,-0.040259,-0.272016,0.081409,-0.353703,0.059239,-0.271633,0.204774,0.431701,-0.292091,-0.001469,-0.115084,0.289605,-0.258312,-0.425696,-0.054818,0.21879,-0.229922,0.261147,-0.4242,-0.725803,0.033935,0.064031,0.007373,-0.136127,-0.148382,0.095858,0.137852,-0.165384,-0.106432,0.268322,0.10923,0.202133,-0.238177,-0.111825,0.063243,-0.073593,0.322275,-0.070903,0.318881,0.115753,-0.206669,-0.443024,-0.517178,0.182097,0.124896,-0.043091,0.090251,0.103032,0.301838,0.044078,0.123566,0.066657,-0.405533,0.193442,-0.044223,0.175201,0.039225,-0.29404,-0.210702,-0.358458,0.146702,-0.204077,-0.087496,-0.320065,0.362552,-0.650679,0.227083,-0.330406,-0.428045,-0.199223,-0.40789,0.139355,0.271901,-0.309022,0.017442,-0.225619,0.143164,0.06757,-0.017877,-0.074461,-0.108217,0.331592,-0.633729,-0.12712,-0.104371,0.153887,-0.452587,0.205043,-0.081363,-0.323955,-0.664184,0.493846,-0.182393,0.179602,-0.647318,0.563555,0.181726,-0.384523,0.027044,-0.198946,-0.286634,-0.165873,-0.273425,0.299447,-0.081912,0.021869,-0.183539,-0.29463,0.149062,-0.362419,-0.582335,-0.07129,-0.388093,0.007964,0.024561,0.046116,0.000259,-0.328973,-0.011212,-0.416939,-0.119006,0.069915,0.144643,0.180737,-0.597645,-0.119669,-0.208296,-0.426749,-0.236921,-0.196477,-0.405898,-0.169737,0.039778,-0.195184,-0.104289,-0.314098,-0.278377,-0.119043,-0.030686,-0.055043,0.212732,-0.310979,0.591568,0.04375,-0.309022,-0.186223,-0.189521,-0.293423,-0.206479,-0.076394,-0.003318,0.273497,0.104203,-0.047518,0.685006,0.244126,0.241738,0.030748,-0.137713,0.111879,0.612891,-0.057443,-0.41251,0.265252,0.036164,0.182109,-0.343961,0.577586,-0.123108,-0.203266,-0.520936,0.158246,#
17,0.15958,0.518514,-0.071206,-0.016253,0.274922,-0.011028,0.286676,0.242231,0.413804,0.337024,-0.276495,-0.052938,0.489894,0.164409,0.011949,-0.207806,-0.184057,1.0,0.252064,-0.080327,0.432496,0.130683,0.258199,0.102703,-0.17692,0.07636,0.207716,0.003233,0.332341,0.25051,-0.448298,-0.122979,0.189345,0.032084,-0.00822,-0.399298,-0.074527,-0.281775,0.041679,-0.222777,-0.163171,0.302133,0.35319,-0.042053,-0.050104,-0.380965,0.175271,0.234304,-0.051825,-0.199587,0.403307,-0.004429,0.013005,0.18197,0.08168,-0.247261,-0.051936,-0.15614,0.143199,-0.092176,0.140975,0.303457,-0.297482,0.259923,0.132354,0.365903,-0.027253,0.295838,0.339265,0.087578,0.032385,0.172479,-0.517483,-0.094876,-0.027773,0.470329,-0.245607,-0.148083,-0.252425,-0.328548,-0.032364,-0.308735,-0.373037,-0.092394,-0.12166,0.238993,-0.254616,0.076718,0.150976,-0.255632,-0.027208,-0.160114,-0.355199,0.206297,-0.362973,0.125221,0.406049,-0.050664,-0.057959,-0.283404,-0.170687,-0.302813,-0.104507,-0.075314,-0.266326,-0.106099,-0.232433,-0.402829,-0.533408,-0.288799,0.194217,0.112129,0.007119,-0.122264,0.060302,0.05927,-0.339574,-0.151263,-0.144518,-0.332611,-0.202123,-0.217227,-0.071233,-0.496298,0.037172,0.358818,0.083109,0.047464,0.018829,-0.052135,-0.143176,-0.350135,-0.077843,-0.364159,-0.000242,-0.102111,0.159258,-0.248063,0.326945,-0.322545,-0.239769,0.143154,-0.123205,-0.174057,-0.137557,0.166805,-0.031965,0.42927,-0.277529,-0.147107,-0.263874,-0.183835,0.06483,-0.120115,-0.295057,0.031799,0.383802,0.367225,-0.246706,-0.130848,-0.023818,-0.065684,0.05142,0.38158,-0.065567,0.587591,0.012689,-0.008304,-0.078505,0.075564,-0.159878,0.275132,-0.102942,-0.086698,0.163239,-0.155498,-0.181294,0.087703,0.280935,-0.052543,-0.161364,-0.038139,-0.023391,-0.204947,0.21671,0.12301,0.481308,0.143313,-0.321533,0.346341,0.288692,0.193647,-0.098604,-0.004982,-0.074805,-0.024492,-0.015901,-0.319938,-0.017665,-0.067839,#
18,0.275801,0.446849,0.138388,0.074384,-0.08664,-0.143779,0.045088,-0.133238,0.141911,0.428257,-0.035487,-0.548598,0.07121,0.187401,-0.104271,0.279765,-0.388446,0.252064,1.0,-0.208326,0.478798,-0.015093,0.066672,0.227927,-0.133028,-0.165626,0.116242,0.026483,0.145254,0.386739,0.067797,-0.164078,-0.052584,0.373841,-0.235279,-0.013134,0.262215,0.039246,0.083235,-0.087709,-0.208636,-0.263975,0.300934,0.193907,-0.259754,-0.23604,0.046583,0.21327,0.071179,-0.145442,0.181189,0.239505,-0.1512,0.268731,0.043654,0.081761,0.066105,-0.29522,-0.194448,-0.306834,0.248858,0.080375,-0.094397,0.035345,-0.128911,-0.014215,-0.114798,0.057184,0.009866,0.042138,-0.117496,-0.124897,-0.091597,-0.039447,0.181551,0.1223,-0.306013,-0.0285,-0.025148,-0.09763,-0.17822,0.067107,0.28071,0.370462,-0.064723,-0.117174,0.114907,0.07189,-0.030376,0.187339,0.24093,-0.108417,-0.294642,0.174601,-0.163322,0.036426,0.119471,-0.095154,0.126432,-0.211911,-0.08077,-0.17076,-0.117436,-0.110681,-0.106485,0.192534,-0.223045,0.023413,-0.316523,-0.215746,0.176771,0.147946,0.241921,-0.067823,-0.013955,0.00951,0.162735,-0.091513,0.457888,-0.414874,-0.080417,0.332997,0.1081,-0.302782,0.026262,0.136544,0.000622,0.102853,-0.034085,-0.316557,0.276423,-0.251537,0.18583,0.339138,-0.284106,0.019602,-0.129314,-0.055915,0.003461,0.002827,0.060819,-0.039985,-0.490234,0.322522,0.308368,0.025428,0.117366,0.156035,0.012622,-0.309882,-0.262608,-0.084056,0.164328,0.165624,-0.009142,0.067781,0.046184,0.277446,-0.016242,-0.01423,-0.361942,0.181294,-0.193092,0.033969,-0.005384,0.020776,-0.15462,-0.04538,0.066196,0.17685,-0.319983,0.055662,0.034656,0.132603,0.169239,0.240151,0.084324,0.216197,0.081811,-0.309365,-0.027924,-0.050383,-0.285394,-0.104258,0.051739,0.176408,-0.002582,0.025386,-0.147049,0.358581,-0.055246,-0.007956,0.136689,0.275748,-0.018573,-0.162911,0.150993,-0.245917,0.049173,-0.158771,#
19,-0.33633,-0.14007,0.071315,0.041159,-0.156076,0.175411,0.323665,0.060069,0.241463,-0.134275,-0.210198,0.015248,0.327151,-0.014814,-0.072506,-0.126505,-0.465451,-0.080327,-0.208326,1.0,0.015914,0.299768,0.057383,-0.089658,0.338102,-0.226958,0.225747,-0.284425,-0.19149,-0.216508,-0.258212,0.314686,0.004791,0.14815,-0.138224,-0.289457,0.076874,0.188431,0.261673,0.126538,0.571988,0.438966,-0.119178,-0.441706,0.250566,0.194849,0.193206,0.602581,0.239799,0.130289,0.056736,-0.093684,-0.019528,0.114637,-0.324769,0.388414,0.333102,0.077763,0.394642,0.24284,0.007979,0.036464,-0.05768,0.177375,0.079691,0.125001,0.034889,0.205004,0.32911,0.128939,0.55084,0.036704,0.091033,0.324687,0.056602,-0.273017,0.429685,0.348069,0.230999,0.083441,0.445088,0.182298,0.121205,-0.57926,0.305976,0.072839,0.082873,0.376938,0.125902,0.082919,-0.115191,0.318377,0.179481,0.390572,0.165513,0.424422,0.476166,0.203398,0.258887,0.11155,0.051352,0.551264,0.169667,0.206773,0.24127,0.071849,0.264136,-0.175968,0.36581,-0.156136,0.530779,-0.152562,0.17399,0.001767,0.327349,0.086422,-0.042614,0.336854,0.21321,-0.039232,0.375545,-0.105679,0.388138,-0.329096,0.109056,0.469974,-0.084563,0.095253,0.302583,0.602919,0.048357,0.175559,0.037154,0.017922,0.536547,0.151576,-0.219634,0.477,0.099629,-0.001331,0.456151,0.107516,0.089977,-0.109758,-0.284473,0.03816,-0.465637,0.137255,0.149682,-0.195557,0.099907,0.143994,0.474782,0.382723,0.274011,0.560486,0.066943,-0.219193,0.45869,-0.008188,0.276264,-0.084027,0.1506,0.426155,0.434999,0.068673,0.396909,0.152165,-0.465447,0.21685,-0.487631,-0.07736,0.391943,0.131134,-0.208725,0.290216,0.474782,-0.249697,-0.095233,-0.013679,-0.229008,0.103779,-0.239883,-0.269312,-0.438343,-0.177408,0.254976,-0.050365,-0.521278,-0.239876,0.297755,-0.395184,-0.043874,-0.483483,-0.001686,-0.467732,-0.036395,0.469556,0.352257,-0.116109,#
20,-0.156709,0.314014,-0.013666,0.21172,-0.031916,-0.320583,0.257268,0.079292,0.239083,0.179066,-0.174845,-0.518754,0.3339,-0.143672,0.183616,-0.081924,-0.24853,0.432496,0.478798,0.015914,1.0,0.001652,-0.128445,0.098306,0.018386,-0.049278,-0.197764,-0.105977,0.178152,0.234627,-0.085809,-0.350008,0.025473,0.360381,-0.212892,-0.09018,0.19326,-0.290256,0.294425,0.033705,-0.130939,-0.048509,-0.00108,-0.103488,0.029087,0.233643,0.232474,0.170608,0.016005,-0.103149,0.084624,0.095456,-0.441671,0.443594,-0.120986,0.087131,0.07619,-0.172989,0.005544,-0.211278,0.2206,0.320256,-0.245334,-0.008325,-0.234509,0.020315,-0.096957,0.12427,0.311885,-0.281512,-0.205989,0.196252,-0.217139,0.14484,0.23265,0.168922,0.007724,-0.121418,-0.201886,-0.272991,0.118935,-0.147184,0.163289,-0.316539,-0.071806,-0.092953,-0.060062,0.248474,-0.080083,0.115636,0.204986,-0.014283,-0.080313,0.24422,-0.468491,0.095688,0.452636,-0.160268,0.094701,-0.068317,0.099693,-0.216758,-0.133202,-0.074144,-0.153157,-0.092452,-0.259691,0.14968,-0.260779,-0.512856,0.175149,-0.150307,0.049483,-0.129279,0.097874,0.280997,-0.022594,0.005057,0.130674,-0.203173,-0.085202,0.331155,0.186087,-0.50337,0.277383,0.10127,-0.039582,0.105984,-0.003933,0.083662,0.197634,-0.413573,0.249142,0.006214,0.060796,0.176151,-0.216387,0.179731,0.003585,0.212716,-0.108365,0.091327,-0.094176,0.149174,0.46528,-0.175955,0.059015,0.420747,-0.009503,-0.271785,-0.353636,0.179655,0.269425,0.012799,0.081517,0.253324,0.300555,0.234349,0.081517,-0.195745,0.044554,0.14876,-0.053288,0.099513,0.041207,0.483185,-0.124677,-0.348288,-0.307046,0.271233,-0.274443,0.287085,0.076454,-0.055487,0.006408,-0.012928,0.000961,0.29434,0.154046,0.052494,-0.062559,0.373875,0.044498,-0.101647,0.067494,0.110808,0.232198,0.224403,-0.20028,0.114246,0.116937,0.305413,-0.167307,-0.070936,-0.339485,-0.072549,-0.04771,-0.02136,0.151357,0.102176,#
