0,1.0,-0.019716,-0.150479,0.101532,0.356877,0.223705,-0.07006,0.099181,-0.610631,-0.069853,-0.07735,0.044225,0.378305,0.146146,0.050103,-0.005809,-0.007608,-0.351088,-0.082226,-0.095138,0.150021,0.389011,0.006564,-0.170128,0.0634,-0.090136,-0.033852,-0.413126,0.303345,-0.183255,0.09616,-0.069865,0.093897,-0.128323,-0.369923,0.013502,-0.094509,-0.049096,0.016304,-0.452066,0.052884,0.187837,0.021971,0.20836,-0.441286,0.099495,0.143585,0.118692,-0.338612,-0.236881,-0.086153,-0.087831,0.063947,-0.078343,0.329411,0.053503,-0.051024,0.196564,0.282795,0.241465,0.489786,0.285348,-0.070773,-0.074922,-0.137269,-0.033426,-0.225505,0.276119,-0.055052,-0.36544,-0.075029,0.060147,-0.376553,-0.002217,-0.604775,0.405777,0.008751,-0.036162,-0.515068,-0.018689,-0.135242,-0.337011,0.149628,-0.019874,-0.187862,-0.156639,0.132814,0.094094,-0.13692,-0.430137,-0.124941,-0.343953,0.018256,-0.187816,0.103871,-0.084736,-0.183687,0.089048,-0.168947,0.400649,0.192166,-0.110315,-0.073314,-0.191797,0.188886,-0.197877,-0.011961,0.00622,-0.33518,-0.21625,0.035142,0.027593,-0.169179,-0.048642,0.050618,0.0861,-0.38232,-0.150035,-0.165888,0.042682,-0.184294,0.067606,0.2115,-0.349573,0.073871,0.022031,-0.075878,-0.131114,0.252895,0.379413,-0.269882,-0.194441,-0.060707,-0.007563,-0.480086,0.059271,-0.046661,-0.296758,0.416612,-0.214664,-0.276467,-0.17789,0.092946,0.322179,-0.012637,0.110682,-0.075729,0.035494,-0.290737,-0.335633,0.009634,-0.222823,-0.262842,-0.102307,0.194529,-0.009587,0.132347,0.01444,-0.137721,-0.452175,0.086474,-0.397724,-0.19553,-0.070874,-0.152609,-0.044852,-0.193701,-0.052817,-0.177168,-0.282888,0.041885,0.090533,-0.192856,0.363803,0.010487,-0.066926,-0.055389,-0.172678,0.051643,0.358975,0.001877,-0.335001,0.160655,0.316021,0.180853,0.04685,0.210564,-0.144708,-0.00272,0.0134,0.263363,0.169434,0.165422,-0.153898,-0.046696,0.014759,-0.034882,-0.249964,-0.080401,0.128699,#
1,-0.019716,1.0,0.197977,-0.220882,0.036721,0.215338,0.278354,0.299509,0.077028,0.294155,-0.268164,-0.1004,0.396187,0.349738,0.378181,-0.20265,-0.04576,0.469672,-0.002666,0.217302,-0.360432,0.302977,0.368891,-0.036417,-0.120983,-0.289659,-0.023373,-0.075547,-0.241734,0.045258,-0.306039,0.127715,0.460665,-0.120859,-0.317911,0.419604,0.278321,-0.094887,-0.215714,0.006777,-0.154058,0.242568,0.213846,0.059624,0.195803,-0.514829,0.190138,-0.188373,0.346555,0.257528,0.119103,-0.26783,0.027592,-0.406814,-0.068732,-0.247843,-0.316597,-0.481289,-0.046415,-0.423011,0.188888,0.333183,-0.329143,-0.027405,0.073796,0.254061,0.13502,0.081386,0.296627,-0.060597,0.167012,-0.03959,-0.163619,-0.515019,-0.096127,0.302192,0.01176,-0.538575,0.135931,-0.187584,0.043662,-0.352829,-0.20873,0.015431,-0.208451,0.028307,-0.204229,-0.05327,-0.120735,-0.258072,-0.12282,-0.042274,-0.583883,-0.017911,-0.310766,-0.134722,0.206128,0.094004,0.384309,-0.128332,-0.147035,-0.122458,-0.052067,-0.193515,-0.1402,-0.164265,-0.351642,-0.365525,-0.34188,-0.38567,0.190962,0.478439,-0.156519,-0.046335,-0.127823,-0.298767,-0.214083,-0.466765,0.208667,-0.468921,-0.194082,-0.471106,-0.489515,-0.385477,-0.413578,-0.189741,0.343835,0.270754,0.268049,0.200262,-0.116499,-0.001587,-0.242672,-0.224432,-0.139346,-0.151616,0.19846,-0.293332,-0.128908,-0.19163,-0.110634,-0.313672,-0.489803,-0.362623,0.025976,0.315424,-0.131412,0.350762,0.035164,-0.143606,-0.461404,-0.50253,0.054961,-0.113281,-0.132942,-0.363888,0.203384,0.198244,-0.099282,-0.215967,0.063487,-0.006292,0.102325,0.503842,0.157142,0.277491,0.157874,0.014204,-0.382999,0.046562,-0.153191,-0.090416,-0.205564,-0.003975,0.347738,-0.08969,0.119694,0.175609,0.40351,-0.70852,0.32434,0.031441,-0.226309,-0.212895,0.019687,-0.2354,0.183121,-0.16372,-0.509123,0.349369,0.300136,-0.038062,0.188429,0.371422,-0.037118,-0.245235,-0.062656,0.231831,0.500899,-0.004574,#
2,-0.150479,0.197977,1.0,0.428189,-0.290195,-0.182647,0.117605,-0.083713,0.40593,-0.008345,-0.158649,-0.267133,-0.182322,0.071937,-0.121802,-0.405104,-0.347064,0.443378,-0.186793,0.334002,0.085488,0.253061,0.030205,0.151494,0.311324,-0.118344,0.588737,0.281602,-0.055921,0.079267,0.040685,0.298558,-0.010887,0.063406,0.222575,0.094874,0.280369,-0.273874,-0.043454,-0.03074,0.264128,0.050956,0.17643,-0.029357,-0.020278,-0.34063,-0.006089,0.188916,0.267655,-0.178929,-0.372696,-0.085121,0.389656,0.048173,-0.34493,-0.135933,-0.000531,-0.333607,-0.314388,0.023841,-0.302148,-0.155098,0.037644,-0.008432,-0.10509,-0.243011,0.130815,0.167055,-0.065829,0.276216,0.161615,0.195522,0.14486,-0.049506,0.353852,-0.385957,0.183855,-0.223576,0.08251,-0.196907,0.192981,-0.063056,0.099364,-0.067157,0.104046,0.5291,-0.067926,-0.073895,0.20445,0.043652,0.076644,0.106923,-0.029336,-0.054028,0.117595,-0.003628,0.36825,0.595972,0.107508,0.041228,-0.157077,0.255339,0.270253,0.140727,0.004642,0.140228,-0.014883,-0.05316,-0.360871,-0.041143,0.510137,0.07178,0.215056,0.116061,0.330831,-0.144667,-0.053547,-0.124619,0.028903,0.009943,0.282119,0.187114,-0.128422,-0.043133,0.167243,-0.022996,-0.020306,0.061439,0.025305,0.372317,0.681717,-0.183437,0.276551,-0.073157,0.359987,0.399652,-0.233527,0.420231,0.30974,0.104146,0.032905,-0.067878,0.031872,-0.342987,-0.196553,0.159796,-0.14255,-0.158069,0.321883,0.264918,-0.040489,-0.197753,0.357011,0.023468,0.00658,0.136718,0.037822,-0.026344,0.105514,0.434409,0.468143,0.14622,-0.112092,0.258341,-0.103189,-0.374455,0.124527,0.165587,0.144965,0.36751,-0.33841,-0.211481,-0.215542,0.197724,-0.310153,0.436781,0.107414,0.076482,-0.029045,-0.300178,0.024534,-0.022726,-0.264932,-0.09438,-0.48552,0.341892,-0.195905,0.008944,0.028837,-0.029889,0.262566,-0.428302,-0.161666,0.203996,-0.384058,0.359578,-0.438595,0.209907,0.412624,-0.137647,#
3,0.101532,-0.220882,0.428189,1.0,-0.250868,-0.049352,-0.156842,-0.282026,0.033249,-0.111452,0.142925,-0.064323,-0.248188,-0.087836,-0.328696,0.052749,-0.035713,0.026979,-0.054338,0.278374,0.373222,0.14819,-0.091367,0.220417,0.380308,0.297573,0.455386,0.310335,0.093029,-0.29112,0.558719,0.480705,0.124938,-0.053154,0.245019,-0.268901,0.006752,-0.147213,-0.384955,-0.133575,0.125604,-0.091048,0.079857,0.055182,-0.006691,0.201452,-0.100341,0.008174,-0.135867,-0.090624,-0.209113,0.260451,0.227109,0.187232,-0.217109,0.160871,0.111956,0.001945,0.097164,0.3626,-0.144458,-0.232581,0.00332,-0.175346,0.060515,-0.278544,0.001001,0.338821,-0.244147,-0.122022,-0.175188,0.203763,0.058281,0.211925,-0.058852,-0.270283,0.012994,0.187631,-0.008452,-0.095105,0.401865,0.358564,0.286098,0.10541,0.183345,0.246725,0.358873,-0.129123,0.175337,-0.338399,0.163503,0.018633,0.421306,-0.15751,0.465344,0.010766,0.135738,0.108643,-0.302666,0.15819,-0.04374,0.478392,0.454315,0.112316,0.393013,0.059786,0.118004,0.145982,0.111829,0.112114,-0.13712,-0.264336,-0.234412,0.087872,0.424355,0.094485,-0.140786,-0.154582,-0.163757,0.432691,0.050407,0.357082,0.397194,0.005753,0.042218,0.129233,0.02117,-0.183384,0.093289,0.363748,0.255259,0.011346,0.277389,0.226449,0.369047,0.263983,-0.106587,0.098757,0.199649,0.333205,0.070243,0.250271,0.290138,0.001164,0.146158,0.030444,0.157518,-0.285234,0.238257,0.134581,0.169932,0.123304,0.165045,0.480523,0.243022,0.309423,-0.162531,-0.109078,-0.009755,0.348665,0.007388,0.2276,-0.230089,-0.090433,-0.315593,-0.44245,0.175945,0.221919,0.218496,0.198999,-0.283625,-0.114369,0.171482,0.155058,-0.579798,0.438437,0.091884,0.044975,-0.4618,0.084934,-0.314445,-0.071785,-0.063966,0.049258,-0.116441,0.323802,-0.025755,0.162027,0.377893,-0.219841,0.06666,-0.359379,0.042323,-0.347563,-0.394573,0.216378,-0.430315,0.325447,0.058037,-0.30589,#
4,0.356877,0.036721,-0.290195,-0.250868,1.0,0.034004,-0.187445,0.32076,-0.450864,-0.19791,0.068037,-0.11609,0.418043,0.007361,-0.118312,-0.013491,-0.023683,-0.20027,0.13881,-0.103439,-0.171701,-0.081611,0.187787,-0.191532,0.076898,-0.119268,-0.570595,-0.283125,-0.218703,-0.115992,0.027118,-0.352303,-0.196266,-0.074406,-0.454294,0.056638,-0.158244,-0.071124,0.00134,0.005411,0.066875,-0.209391,-0.209445,0.075908,-0.095965,0.152331,-0.138345,0.166958,-0.201364,-0.194158,0.284163,-0.02898,0.074037,-0.150054,0.304957,0.213958,-0.294105,0.398381,0.274084,-0.190082,0.240217,0.110497,-0.136283,0.057502,-0.0232,0.484029,-0.014239,-0.159169,0.203089,-0.029518,-0.110541,-0.044121,-0.172488,0.132134,-0.08991,0.385673,0.030293,-0.196945,-0.025325,-0.02385,-0.160019,-0.187951,-0.009109,0.169642,-0.03605,-0.303593,0.112861,0.123513,-0.260205,-0.10112,-0.12401,-0.202459,-0.014484,-0.204508,-0.285186,-0.077866,0.210909,-0.208754,0.384212,0.346915,0.212944,-0.131356,0.100347,-0.192566,-0.300971,0.125019,0.116468,-0.036411,-0.029484,-0.491816,0.030324,0.086451,0.215975,-0.026136,-0.295848,0.069163,0.014094,0.048407,-0.002751,0.043753,-0.187271,-0.08891,0.178165,-0.016354,0.168741,0.050438,0.341115,-0.009462,0.223674,0.383446,-0.299375,-0.030325,0.116475,-0.028482,-0.312655,0.070623,-0.237204,-0.478563,0.039462,-0.031581,-0.265562,-0.126813,-0.087682,0.204482,0.233082,0.272541,-0.279547,0.033208,-0.104462,-0.478514,-0.261386,-0.075207,-0.587301,-0.116163,-0.120976,-0.203642,0.017737,0.122907,-0.098014,-0.45382,-0.098104,-0.208616,-0.1458,-0.025657,0.376212,-0.028278,-0.174873,-0.164112,-0.183024,-0.277353,-0.123842,-0.011046,-0.026528,0.026252,0.212058,-0.076798,0.148288,0.188199,0.096917,0.001636,-0.135336,-0.120245,0.161997,0.140396,0.192523,-0.301733,0.206602,-0.530417,-0.153933,0.089054,-0.266781,-0.188766,0.359038,-0.101082,0.150019,-0.189155,0.28884,0.029603,-0.206306,0.101915,#
5,0.223705,0.215338,-0.182647,-0.049352,0.034004,1.0,0.081999,-0.116127,-0.341207,-0.195764,0.313607,0.027656,-0.060783,-0.081465,0.225491,0.088066,0.470042,-0.030979,-0.17993,0.031058,-0.034721,0.252015,0.229513,0.096276,-0.428912,-0.282067,-0.038199,-0.269936,-0.1252,-0.486831,0.135038,0.2188,0.072281,0.038438,-0.150704,-0.065491,0.177462,0.124191,-0.031155,0.246292,-0.133165,0.311386,0.015476,0.075467,0.300641,-0.043241,-0.091633,0.232624,0.197336,-0.24476,0.137074,-0.157174,-0.016903,-0.195991,0.163564,0.116425,-0.197157,0.012192,0.138126,-0.257356,0.260444,-0.079176,-0.308982,0.074652,0.05994,0.208679,-0.150615,0.026055,0.390698,0.10552,-0.219368,0.323766,0.189193,-0.025762,-0.514432,0.096729,-0.405915,-0.147995,-0.291148,0.175962,0.293186,-0.119984,0.066423,-0.250038,0.070498,-0.091531,0.058626,-0.342095,-0.255543,-0.457306,-0.177775,-0.125377,-0.129542,-0.106994,-0.076088,-0.229364,-0.317059,-0.236486,0.058463,0.286632,-0.10991,-0.298112,-0.036227,-0.309283,0.019805,-0.382123,0.071326,-0.048733,-0.311809,-0.143243,0.117947,-0.192281,-0.31047,0.063533,-0.086184,-0.291096,-0.545558,-0.174994,0.190168,-0.195386,-0.21489,-0.281765,0.000865,-0.436863,-0.231199,0.029126,-0.125119,0.136057,0.472926,0.210204,0.008063,-0.006197,-0.158419,-0.019523,-0.201024,0.110926,-0.009638,-0.30791,0.038169,-0.318186,-0.363246,-0.097966,-0.289979,0.160552,0.123813,0.184251,-0.084684,0.131202,-0.067759,0.105125,0.046395,0.039971,-0.053079,0.206356,-0.078541,-0.29883,-0.162973,0.007565,-0.223021,-0.007834,0.280191,-0.113109,-0.131213,0.494064,-0.200513,0.359527,0.212303,-0.060162,0.106015,-0.168428,0.292314,-0.29657,-0.247371,-0.103575,0.043178,-0.394375,-0.110778,-0.027237,-0.064593,0.008039,-0.03231,-0.172754,-0.08365,0.252697,0.120952,-0.008814,-0.015059,0.112607,-0.238892,-0.083997,0.177301,0.098397,0.12694,-0.14564,0.174666,0.077389,0.170376,0.000482,-0.089951,-0.216213,#
6,-0.07006,0.278354,0.117605,-0.156842,-0.187445,0.081999,1.0,0.347065,0.186141,0.371863,0.148263,-0.024034,0.277693,-0.19479,0.146874,-0.073376,-0.082321,-0.127209,0.035401,-0.211392,-0.441534,0.329887,-0.034187,0.097262,-0.163275,0.002765,0.345201,0.032237,0.351312,-0.006694,-0.504386,-0.059226,0.059114,0.008876,0.305835,0.36865,-0.277624,0.192393,0.15201,-0.046537,-0.18772,0.105286,0.031858,-0.460914,-0.195647,-0.221675,-0.0612,-0.257524,0.152292,0.08352,-0.162764,-0.053881,-0.20409,-0.206254,-0.005159,-0.23504,0.029974,-0.241421,-0.247905,0.071618,0.240989,0.070361,-0.052759,0.193692,0.299596,0.035954,0.296654,-0.151979,0.570319,-0.035421,0.288988,-0.188847,-0.19459,-0.41371,0.138961,0.135221,0.077756,-0.130306,0.057717,0.065337,-0.398633,-0.111281,-0.261657,-0.396551,0.204033,0.441263,-0.112811,-0.000891,-0.025627,-0.169956,-0.145929,0.030555,-0.060317,-0.118539,0.160562,-0.038957,0.283892,0.168683,0.1987,-0.506575,-0.105382,-0.175036,0.020057,-0.091164,-0.262206,-0.07649,-0.389077,-0.251526,-0.401861,0.043763,-0.214711,0.031265,-0.092067,-0.272767,-0.376532,-0.348386,0.115521,0.121645,-0.25428,0.105591,0.065015,-0.037479,-0.06523,-0.266551,-0.293243,-0.132488,0.315865,0.609494,0.150689,-0.015222,-0.032038,-0.407275,-0.537378,0.204721,0.276018,0.183274,-0.055515,-0.172289,-0.351165,-0.122346,0.327152,-0.147424,-0.165447,-0.048021,0.091653,0.066511,-0.19078,0.428857,-0.0417,-0.016211,-0.023721,-0.082751,0.310464,-0.18497,-0.220039,-0.273209,-0.073504,-0.166567,-0.02946,-0.044608,-0.094969,0.133878,0.071865,0.340402,-0.020117,0.056881,0.280395,0.28203,-0.052986,0.497726,0.588105,-0.056372,-0.253541,0.08173,0.439434,-0.195913,0.39648,-0.044587,0.011071,-0.285017,0.462142,0.279898,0.233803,-0.101788,0.096422,-0.23721,-0.039456,0.265845,-0.116245,0.476457,0.048322,0.12775,-0.064095,0.337558,0.108945,0.119667,-0.150041,0.062916,0.015672,-0.118309,#
7,0.099181,0.299509,-0.083713,-0.282026,0.32076,-0.116127,0.347065,1.0,-0.080557,0.07871,0.03169,-0.213319,0.519118,0.220842,0.084853,0.143716,-0.212734,0.053331,0.081972,0.111405,-0.106404,0.141516,-0.038781,0.335131,0.077115,0.164942,-0.284266,-0.31098,0.209453,0.171426,-0.135352,-0.346843,0.318057,0.299573,-0.158073,0.387423,0.007749,0.154638,0.266751,0.040056,-0.14476,0.096359,-0.249846,0.054065,-0.411419,-0.34667,0.100221,-0.222438,0.11124,-0.241786,-0.085557,0.046977,-0.019892,-0.160291,-0.156426,-0.132124,-0.188073,-0.023102,-0.17275,-0.006831,0.215476,0.2133,-0.214437,-0.014498,-0.071802,0.238649,0.343865,-0.094581,0.250962,0.010815,0.469576,-0.239144,-0.581922,-0.268425,0.145834,0.066826,0.142527,-0.012939,0.204935,0.084913,-0.14992,0.009747,-0.03756,0.208519,0.005215,0.038213,0.182347,0.410232,0.015786,0.022584,-0.128672,0.172739,-0.054288,0.177867,-0.303154,0.368598,0.306637,0.270713,0.361632,-0.342727,0.084389,-0.009303,0.099317,-0.207004,0.141405,0.272949,-0.196745,-0.135529,-0.195875,-0.246572,0.045159,0.307848,0.090914,-0.040317,0.039842,0.173804,0.347019,-0.01046,-0.028615,-0.06827,-0.257652,-0.319056,-0.028785,0.044265,-0.082093,0.002714,0.150921,0.202855,0.050033,0.0948,-0.061999,0.066519,-0.174201,-0.10105,-0.205284,-0.01761,0.257409,-0.029724,-0.224266,0.004194,0.46073,0.142513,-0.01188,0.15373,0.111886,-0.02005,0.004413,0.227984,0.060465,-0.246078,-0.197574,0.090324,0.023385,-0.042853,-0.323349,-0.225274,0.279312,-0.281342,0.080184,0.027079,-0.165307,0.347856,-0.05042,-0.017578,0.106343,-0.089048,0.435034,-0.372948,-0.062143,0.285865,0.042969,-0.111847,-0.132184,0.074513,0.308862,-0.18932,0.503355,-0.245932,0.088511,-0.123626,0.301964,0.128794,-0.020583,-0.025346,0.228242,-0.13928,0.369323,-0.123996,-0.013579,0.407473,0.156273,-0.049756,0.054336,0.10929,-0.318362,-0.236543,0.114559,0.001064,0.266134,-0.2925,#
8,-0.610631,0.077028,0.40593,0.033249,-0.450864,-0.341207,0.186141,-0.080557,1.0,0.289773,-0.159292,0.046148,-0.15966,0.115712,0.139543,-0.219202,-0.265827,0.469113,0.032357,0.065962,-0.258933,0.026053,0.030432,0.339629,0.233791,0.269128,0.397193,0.317921,0.092428,0.096029,0.027821,0.173342,0.074313,-0.16782,0.424569,0.104792,0.276995,-0.133385,-0.07599,-0.110302,0.047912,-0.298342,0.333912,-0.171936,0.233767,-0.379533,-0.335119,-0.054264,0.302678,0.323461,-0.126934,-0.236004,0.081282,-0.041541,-0.375113,0.1857,0.233646,-0.572858,-0.091394,0.091924,-0.319925,-0.279047,-0.040511,-0.064311,0.35213,-0.105951,0.320823,-0.181019,-0.140056,0.430038,0.197622,0.108926,0.261649,-0.250642,0.379214,-0.213555,0.157713,-0.004716,0.344554,-0.217198,0.105619,0.165656,-0.289823,-0.163809,0.320704,0.470923,-0.141332,-0.092202,0.156577,0.33486,0.228836,0.4967,-0.23869,0.172191,0.167661,-0.021898,0.240319,0.205023,0.05415,-0.169806,-0.16056,0.268015,0.054707,0.242009,-0.198498,-0.047796,0.081978,-0.153299,0.22354,0.063364,0.265579,-0.160267,0.21202,-0.290823,0.112158,-0.100914,0.14355,-0.019034,0.171966,-0.143181,0.293997,-0.021933,-0.011719,0.18843,-0.108293,-0.117517,0.169212,-0.007238,-0.255159,-0.398952,0.394614,0.207129,-0.08187,0.099874,0.523093,0.08687,0.123971,0.271224,-0.274204,-0.001305,0.329885,0.114796,0.076613,-0.457238,-0.334615,0.006676,0.06401,0.124504,0.27829,0.102956,0.135514,0.079247,0.358109,-0.103479,-0.08227,0.214494,0.24314,0.066778,0.053388,0.355245,0.133013,0.379825,0.017715,-0.074837,0.285008,-0.033982,0.035785,0.303166,-0.056348,0.498136,-0.04573,0.257775,0.210211,0.230903,0.073389,0.277876,0.06531,-0.006749,0.146167,-0.368989,0.361981,0.070879,-0.279152,-0.099127,-0.398416,-0.075556,-0.182498,0.221307,-0.153909,0.177236,-0.091021,-0.219143,-0.228499,0.300952,-0.136026,0.312147,0.034705,0.102433,0.231676,0.137927,#
9,-0.069853,0.294155,-0.008345,-0.111452,-0.19791,-0.195764,0.371863,0.07871,0.289773,1.0,-0.52809,0.275017,0.341654,0.327997,0.439669,0.22933,-0.132655,0.223672,0.077463,-0.016942,-0.458091,0.253427,0.271105,0.012061,0.122836,-0.056886,0.262755,0.041452,0.2412,0.460893,-0.347533,-0.068312,0.211893,-0.078306,-0.199749,0.658291,-0.271941,-0.148819,0.049393,-0.195658,-0.128572,-0.048007,-0.242266,-0.216791,0.111156,-0.339294,0.188444,0.1188,-0.112353,0.433276,-0.106652,-0.061491,-0.121907,-0.298616,-0.046227,-0.293861,0.318152,-0.364776,0.052733,-0.010228,0.229373,0.14625,-0.176223,-0.145073,0.301483,0.040606,-0.224717,0.360789,-0.002535,-0.108028,0.143486,-0.069286,-0.133036,-0.438045,0.132584,0.312763,0.151918,-0.275505,0.072603,-0.10227,-0.17784,-0.420183,-0.61102,0.015795,-0.102612,-0.013057,-0.405634,0.058381,0.113425,-0.201455,0.121819,0.065064,-0.159662,0.399991,0.087512,0.124479,0.003808,0.233417,0.151256,-0.363563,-0.192719,0.126719,-0.101099,0.035887,-0.007644,-0.10046,-0.603108,-0.118489,-0.292047,-0.337205,-0.009723,0.321217,-0.006535,-0.296588,-0.328364,-0.412025,-0.174267,-0.017701,0.350564,-0.379147,0.04371,-0.225931,-0.175034,-0.318116,-0.441534,-0.199991,0.012078,0.223721,0.026325,-0.393685,-0.186324,0.224901,-0.440675,-0.140045,-0.017304,-0.434727,0.019081,-0.237685,0.105074,-0.266159,0.152003,-0.183846,-0.411756,-0.399374,0.001984,0.2801,-0.06754,0.306554,-0.341295,-0.260347,-0.233857,-0.46451,0.129341,-0.48574,-0.021253,-0.102697,0.145056,0.371373,-0.334648,-0.179375,0.022429,-0.141547,0.135066,0.263735,0.378671,0.377204,-0.291336,-0.022774,-0.539179,0.115214,-0.019692,0.195397,-0.133952,0.176248,0.287162,-0.286643,-0.298791,0.088579,0.504721,-0.414075,0.263901,-0.195974,-0.300253,-0.28667,0.29532,-0.265485,0.426067,0.175679,-0.395586,0.151243,0.314487,0.024692,0.134363,0.794953,-0.136344,-0.021002,-0.112354,-0.00764,0.416012,0.04066,#
10,-0.07735,-0.268164,-0.158649,0.142925,0.068037,0.313607,0.148263,0.03169,-0.159292,-0.52809,1.0,-0.274584,-0.032376,-0.565238,0.017259,-0.127568,0.1109,-0.394724,0.208536,-0.132729,0.108163,-0.053403,-0.240337,0.095589,-0.249413,-0.017217,-0.209413,0.113728,-0.152772,-0.550366,0.282467,-0.0063,-0.399472,-0.048339,0.446568,-0.552158,0.018895,0.249953,0.022005,0.267102,-0.014211,-0.046217,0.181163,-0.054136,0.049242,0.341673,-0.238651,-0.068029,0.206706,-0.490169,-0.006487,0.346957,0.028018,0.211337,0.303444,0.242725,-0.341857,0.278721,-0.054798,-0.055528,-0.061061,-0.305327,-0.080544,0.236964,0.111985,-0.105865,0.1257,-0.420018,0.43933,-0.010917,0.155611,-0.034288,0.178825,-0.050678,-0.106727,-0.101148,-0.082355,0.446325,0.136066,-0.206644,0.199831,0.288149,0.094369,-0.210917,-0.009035,0.226354,0.446439,-0.151618,-0.128846,0.022383,-0.233057,-0.183281,0.247725,-0.205144,-0.177855,-0.134238,-0.063687,-0.356971,0.061137,0.011135,-0.066923,-0.222347,0.321221,-0.231816,0.067944,-0.050048,0.089096,0.043419,0.098805,0.272538,-0.278278,-0.238556,-0.437138,-0.082372,0.044073,-0.020284,0.088654,0.084976,-0.287739,0.373456,-0.045932,0.040414,0.07796,0.072902,0.140828,0.157844,0.101232,0.366899,0.168783,0.16931,0.182182,-0.103795,-0.019465,0.293859,0.259784,0.347734,-0.158793,0.134008,-0.371897,0.278712,-0.012525,0.45186,0.156482,0.139737,0.296276,0.070298,-0.186725,0.077949,0.237076,0.150987,0.139763,0.348661,0.022747,0.19227,0.054729,-0.270199,-0.487019,-0.464005,0.054764,0.032618,-0.166838,0.25451,-0.086639,0.104132,-0.156674,-0.206367,0.263663,0.224476,0.262435,0.177701,0.391823,-0.176417,0.235732,-0.066342,0.06822,0.001517,0.287926,-0.018994,-0.559066,0.337512,-0.005879,0.376503,0.449969,0.425741,0.076593,-0.144994,-0.297234,-0.081813,0.383925,0.187551,-0.343049,0.080556,0.248699,-0.655219,0.25989,0.085541,0.175891,0.168005,-0.513412,-0.228679,#
11,0.044225,-0.1004,-0.267133,-0.064323,-0.11609,0.027656,-0.024034,-0.213319,0.046148,0.275017,-0.274584,1.0,0.034984,-0.002098,-0.123173,-0.021152,0.45313,-0.177787,-0.036363,-0.424795,0.090748,-0.330937,-0.140426,-0.236091,0.076279,-0.112855,-0.030222,0.196034,-0.072995,0.064862,-0.156929,-0.229411,-0.032325,-0.336902,-0.073119,0.247327,-0.108419,-0.157613,0.015589,-0.005936,0.101431,-0.031424,0.041928,-0.328682,-0.248456,0.090635,-0.224756,0.16516,-0.310141,0.455237,-0.064729,-0.069758,0.074113,0.19299,0.00488,0.109819,-0.034379,-0.146654,0.005906,0.21831,-0.128228,0.153562,0.374296,-0.446023,0.229583,-0.035856,-0.051501,-0.150671,-0.17245,-0.252691,-0.138532,-0.350504,0.123425,0.279589,-0.105368,0.151101,-0.490248,-0.063794,-0.192362,0.301414,-0.142836,0.118715,-0.012275,-0.403359,-0.028855,-0.446219,-0.35104,0.127701,-0.132034,0.060452,-0.126816,-0.044646,-0.026358,-0.019816,0.104839,-0.124676,-0.144719,0.123518,-0.095363,0.039879,0.415805,0.243064,-0.570444,-0.021486,-0.138241,0.144944,-0.03257,0.318397,0.278511,0.116435,-0.121086,-0.126223,0.044228,-0.220705,-0.111576,-0.105686,-0.011877,0.21205,0.194539,0.028284,0.127324,-0.26372,0.030299,0.129331,0.06118,-0.378414,-0.210319,-0.236525,0.058457,-0.297928,-0.126565,0.145255,-0.418807,0.438173,0.031073,-0.310474,-0.023714,-0.111578,0.148289,0.131951,-0.079402,-0.193492,-0.112391,0.131954,0.028506,0.139612,-0.091689,-0.097817,-0.274691,-0.146252,-0.076815,0.09196,-0.103591,0.057667,-0.107097,0.158843,-0.066939,0.573009,-0.074935,-0.003988,-0.084253,-0.381024,0.345428,0.066066,0.141691,0.124133,-0.168325,-0.095222,-0.015698,-0.118347,0.029225,0.42586,0.124159,-0.160681,-0.115289,-0.264513,-0.356272,0.189482,-0.08364,0.14739,-0.155004,0.044213,-0.03301,-0.192848,0.187,0.216708,0.073091,0.590353,-0.008376,0.046431,0.052812,0.359559,0.024473,0.214668,-0.030418,-0.064117,0.260273,-0.210328,-0.090854,0.273712,#
12,0.378305,0.396187,-0.182322,-0.248188,0.418043,-0.060783,0.277693,0.519118,-0.15966,0.341654,-0.032376,0.034984,1.0,0.290915,0.219118,-0.105779,-0.092946,-0.002736,0.208714,0.051153,-0.39192,0.24289,0.207133,-0.118598,-0.188413,-0.269287,-0.205362,-0.194724,0.076275,0.123625,-0.036653,-0.279341,0.080777,-0.155687,-0.289288,0.351424,0.020384,0.005057,0.035344,-0.236678,0.03422,0.096831,0.027839,0.005099,-0.327273,-0.285842,0.161684,0.047083,0.113647,0.019859,-0.210567,0.211123,0.133576,-0.083398,0.202598,0.030193,-0.205137,-0.140661,0.203227,0.027456,0.328219,0.220645,-0.2174,-0.04103,0.119815,0.190667,0.088142,-0.049186,0.43765,-0.177809,0.473144,-0.203435,-0.6454,-0.376435,-0.122911,0.66082,0.209924,-0.115465,0.106782,-0.350379,-0.083378,-0.276831,-0.294527,0.054775,-0.273157,-0.063001,0.097328,0.287154,-0.249916,-0.242614,0.031341,-0.273573,-0.309048,0.085326,-0.276672,0.121021,0.15407,-0.028889,0.39926,-0.257997,-0.055113,-0.074215,0.171512,-0.110381,0.017279,0.015306,-0.280832,-0.394128,-0.28715,-0.333121,0.11248,0.278826,-0.073037,-0.123582,-0.075884,-0.266197,-0.103822,-0.142576,0.022122,-0.338628,-0.004886,-0.408508,-0.154156,-0.405129,-0.106967,0.03744,0.315556,0.464558,0.138864,0.032024,-0.348001,0.189957,-0.335953,-0.004648,-0.156848,-0.074865,-0.012755,-0.29871,-0.118958,-0.097466,0.052696,-0.05999,-0.2651,-0.057433,0.37191,0.465684,-0.452778,0.325471,-0.054201,-0.734679,-0.151364,-0.218115,-0.055469,-0.316587,-0.086629,-0.135028,0.232519,0.157091,-0.16983,-0.497071,-0.018659,-0.095894,-0.086278,0.263362,0.412918,0.190613,0.016961,-0.151217,-0.527464,0.225804,-0.061187,0.251163,-0.016587,0.336332,0.419144,-0.351867,0.091707,-0.00441,0.300163,-0.159419,0.179288,0.028112,0.101002,0.090114,0.133833,-0.270648,0.482832,-0.290907,-0.220094,0.355954,0.185925,0.116768,0.330503,0.231062,0.006829,-0.318657,0.180736,0.037693,0.040643,0.154043,#
13,0.146146,0.349738,0.071937,-0.087836,0.007361,-0.081465,-0.19479,0.220842,0.115712,0.327997,-0.565238,-0.002098,0.290915,1.0,0.297838,0.099271,-0.198938,0.464118,0.228423,0.027672,-0.246191,0.346107,0.542919,0.289497,0.009483,-0.023302,0.138834,-0.042997,0.007985,0.52154,-0.069181,0.033034,0.482762,0.020091,-0.293124,0.545495,0.279363,-0.509474,0.192902,-0.29868,-0.086989,0.366126,0.117514,0.464183,-0.087762,-0.408456,0.276575,-0.065567,-0.002121,0.063998,-0.129784,0.014977,0.074363,-0.124429,-0.241616,-0.129991,0.061923,-0.186409,0.10907,0.069285,0.116875,0.244533,-0.250292,0.084337,-0.183141,0.127171,-0.155512,0.373104,-0.177671,0.046648,-0.111188,0.315861,-0.441409,-0.240868,-0.269761,0.188573,-0.066641,-0.436362,-0.188156,-0.216353,0.164762,-0.416132,-0.379275,0.275854,-0.209045,-0.128791,-0.243116,0.183661,-0.144483,-0.314181,0.410913,-0.079413,-0.494918,0.262265,-0.220245,0.034174,-0.085213,0.052385,-0.044777,-0.147628,0.106634,-0.023748,0.107849,-0.210304,0.132052,-0.060744,-0.030201,-0.104554,-0.212008,-0.35335,0.32525,0.434794,0.086336,-0.038677,0.151986,-0.087441,-0.322733,-0.413354,0.317082,-0.627578,-0.389756,-0.41198,-0.048383,-0.372474,-0.324105,-0.136994,0.074481,-0.02356,-0.121122,-0.10262,-0.100626,0.183749,-0.158583,-0.523459,-0.531733,-0.407855,0.299088,-0.024617,0.14127,-0.417271,-0.023486,-0.215453,-0.395877,-0.318954,-0.265816,-0.02352,-0.059345,0.224209,-0.361122,-0.414043,-0.300886,-0.243427,-0.111654,-0.307367,0.024376,0.034689,0.400041,0.20983,-0.049301,-0.064745,0.260042,0.104484,0.059361,0.071988,0.189767,0.287681,-0.161497,-0.253911,-0.304291,-0.045067,-0.297572,0.074624,-0.354802,0.091412,0.013799,-0.172796,-0.209004,-0.019268,0.633284,-0.341102,0.15082,-0.324505,-0.321124,-0.139365,0.214068,0.099423,0.412307,-0.274748,-0.318282,0.128557,0.359637,0.090676,0.046914,0.462344,-0.306467,-0.298217,0.218975,-0.37483,0.375431,-0.041945,#
14,0.050103,0.378181,-0.121802,-0.328696,-0.118312,0.225491,0.146874,0.084853,0.139543,0.439669,0.017259,-0.123173,0.219118,0.297838,1.0,-0.022734,-0.113585,0.297649,0.416437,-0.101304,-0.386696,0.355717,0.203694,0.200729,-0.166725,-0.092945,-0.096338,-0.030988,-0.093353,0.090235,-0.120435,0.004928,0.058293,0.040905,-0.095394,0.256659,0.113771,-0.146119,0.157868,-0.095752,-0.370746,0.258439,0.15085,0.107202,0.250467,-0.263049,0.194846,0.099366,0.379897,-0.124486,0.039176,-0.190524,-0.266526,-0.320648,0.241871,-0.289692,-0.077401,-0.195578,-0.076249,-0.353997,0.355826,-0.029445,-0.401259,0.300173,0.012718,0.084035,-0.267172,0.228289,0.194506,-0.023702,0.153323,0.043611,-0.048711,-0.719535,-0.271937,0.286898,0.158613,-0.177746,0.008829,-0.397869,0.108438,-0.66908,-0.61155,-0.067032,-0.358007,0.096456,-0.174044,0.068609,-0.161322,-0.164623,-0.157515,-0.010254,-0.226286,0.333761,-0.475136,-0.161737,-0.359876,-0.146637,0.006808,-0.020004,-0.16909,-0.296299,0.040367,-0.274966,-0.023282,-0.388245,-0.451968,-0.151325,-0.434272,-0.301929,0.096456,0.455896,-0.37723,-0.265379,-0.232444,-0.284895,-0.248816,-0.398744,0.329602,-0.476958,-0.218065,-0.356325,-0.398098,-0.353476,-0.369083,-0.354483,-0.042352,0.376607,0.118252,-0.224214,0.048227,0.024727,-0.459746,-0.266844,-0.200059,-0.297828,0.126974,-0.09003,0.051584,-0.509375,-0.203136,0.093301,-0.467046,-0.425415,-0.352146,0.154918,-0.114839,0.44314,-0.403171,-0.117214,-0.440109,-0.634462,0.021387,-0.604441,-0.070543,-0.610701,0.019775,0.149061,-0.495075,-0.327138,0.122495,-0.027835,0.230236,0.268999,0.254345,0.446197,-0.327377,0.086888,-0.421152,-0.04331,0.262568,0.096371,-0.324543,0.004274,0.547925,-0.270749,-0.278865,0.11291,0.434418,-0.294741,0.46167,-0.273331,-0.116924,0.237685,0.436787,-0.431155,0.00745,-0.174224,-0.390493,0.198305,0.196123,0.347174,0.44758,0.31182,0.201043,0.122634,0.211183,-0.134299,0.129976,0.130192,#
15,-0.005809,-0.20265,-0.405104,0.052749,-0.013491,0.088066,-0.073376,0.143716,-0.219202,0.22933,-0.127568,-0.021152,-0.105779,0.099271,-0.022734,1.0,-0.067432,-0.007474,-0.158953,0.138244,0.017195,-0.233587,0.179593,0.137553,-0.045582,0.486556,0.022261,-0.215402,0.136577,0.090494,0.03836,-0.17656,0.116305,0.169346,-0.215352,0.074455,-0.189976,0.197974,0.231651,0.257425,-0.277783,-0.118502,-0.736048,0.01635,0.189815,0.148858,0.261109,-0.000291,-0.427726,0.005781,0.222995,0.158689,-0.346034,-0.032088,0.218664,-0.096017,0.244544,0.178124,-0.106445,-0.011614,0.252295,-0.20216,-0.16109,0.048121,-0.076587,0.285822,-0.312388,0.214713,-0.250606,-0.030459,-0.151537,-0.096326,-0.204117,0.222887,-0.018088,-0.029754,0.013751,-0.047799,-0.041682,0.219229,-0.089376,0.132751,0.119238,0.364579,0.322826,-0.2993,-0.050225,-0.051858,0.081052,-0.1179,0.209606,0.322826,0.128505,0.338321,0.084493,0.483262,-0.094413,-0.146978,-0.024345,-0.098747,-0.13421,-0.124571,-0.142467,-0.074288,0.214672,-0.161488,-0.263482,0.42925,0.134293,-0.072891,-0.280652,-0.041934,0.120718,-0.06747,0.092789,0.275595,0.128315,-0.20098,0.226281,-0.007852,-0.16525,0.079237,0.21454,0.028393,-0.147866,0.288555,-0.084977,-0.171952,0.156859,-0.228591,-0.400605,0.246267,-0.043629,-0.142686,-0.200856,-0.147028,0.021215,-0.145363,-0.111816,-0.25058,0.370034,0.096207,0.077519,0.047051,0.13298,-0.188567,0.513108,0.096246,-0.103216,-0.137937,0.191686,0.183869,-0.1179,0.178988,0.114407,0.144496,0.150527,0.035853,-0.039906,-2.3e-05,0.031066,0.120112,-0.206251,-0.201497,-0.302718,0.072988,0.016527,-0.190964,0.11133,-0.029748,0.124853,-0.245728,0.041988,-0.299835,-0.160316,-0.043629,-0.071983,-0.209273,0.058153,0.077162,-0.006084,-0.168628,-0.22447,-0.039597,0.505861,0.000632,0.352797,0.127468,-0.228932,-0.063004,0.232672,-0.057476,-0.067083,0.018342,-0.355732,-0.313486,0.084432,-0.227466,0.206369,-0.191688,#
16,-0.007608,-0.04576,-0.347064,-0.035713,-0.023683,0.470042,-0.082321,-0.212734,-0.265827,-0.132655,0.1109,0.45313,-0.092946,-0.198938,-0.113585,-0.067432,1.0,-0.278672,0.125018,-0.162123,0.192328,-0.293995,-0.163125,-0.30006,-0.214316,-0.30599,-0.179521,-0.08161,-0.182482,-0.177577,0.125006,0.276914,0.166693,0.214108,0.003284,0.022239,0.076572,0.144205,-0.353485,0.294949,0.243155,0.155278,0.126494,0.180338,0.092034,0.128921,-0.18414,0.047452,-0.001447,0.130619,0.070737,0.064999,0.239748,-0.175317,-0.068283,-0.06163,-0.0687,0.208459,0.230947,-0.062412,-0.013125,0.214832,0.262607,-0.318042,0.037924,0.036218,-0.088568,-0.213751,0.082381,-0.192214,-0.222934,-0.000679,0.211277,0.20112,-0.019999,0.061474,-0.452638,0.054637,-0.08357,0.357622,0.019096,0.244912,0.1875,-0.306735,-0.070942,-0.296403,-0.069674,0.1797,-0.083021,-0.244077,-0.406882,0.093374,0.134033,-0.242983,0.017493,-0.205941,-0.478552,-0.238357,-0.21482,0.126196,0.068962,-0.137159,-0.193388,-0.14989,0.241184,0.046307,0.358797,-0.042784,0.150552,0.151771,-0.136077,-0.030384,-0.074927,0.163764,-0.129547,-0.131987,-0.266113,0.200303,-0.167167,0.167171,0.050916,-0.022352,0.070288,-0.051915,0.04132,-0.02908,-0.268297,-0.151471,0.207762,-0.084983,-0.1741,0.139502,0.002686,0.414373,-0.120888,-0.129334,0.055891,-0.3329,0.129985,0.065556,-0.430891,0.135919,0.061255,0.449619,0.2556,0.048489,-0.122089,-0.127679,-0.152669,-0.013443,-0.039746,0.154317,-0.03012,0.311735,-0.31248,-0.139523,-0.216907,0.094326,-0.200429,0.092287,-0.086839,-0.255317,0.139604,0.169895,0.041582,0.189278,0.162863,-0.018366,0.325214,-0.240445,0.00538,0.282649,-0.059333,-0.292731,0.131535,-0.380836,-0.149699,0.226321,-0.328793,0.141148,-0.484844,0.103503,0.21804,0.207815,0.003769,0.090461,0.139778,0.275748,0.186682,-0.268894,-0.009571,0.311234,0.160248,-0.10303,0.119547,0.145988,0.265365,0.134836,-0.383608,-0.140844,#
17,-0.351088,0.469672,0.443378,0.026979,-0.20027,-0.030979,-0.127209,0.053331,0.469113,0.223672,-0.394724,-0.177787,-0.002736,0.464118,0.297649,-0.007474,-0.278672,1.0,-0.035006,0.584946,-0.145814,0.094042,0.276375,0.356681,-0.071313,0.080301,0.20602,0.166816,-0.135433,0.159286,0.179279,0.261493,0.220532,0.088953,-0.158393,0.138723,0.41401,-0.199342,-0.022204,-0.023651,-0.044177,0.240823,0.037796,0.076585,0.24744,-0.558583,0.213698,0.271988,0.546887,0.019528,-0.135618,-0.358413,0.141602,-0.142323,-0.296783,-0.080682,-0.039657,-0.574338,-0.289471,-0.249095,-0.072998,-0.131087,-0.153899,0.058214,-0.030061,0.237016,-0.020297,0.33549,0.03226,0.427937,0.179534,0.241222,-0.13342,-0.15939,0.107769,-0.094102,0.307064,-0.293155,0.236044,-0.147363,0.471898,-0.131582,-0.16631,0.312464,0.008836,0.133559,0.040926,0.049524,0.08837,0.094822,0.319888,0.348731,-0.200209,0.528622,-0.141289,0.249352,0.339696,0.208491,0.113507,-0.042344,-0.218316,0.133894,0.222207,0.334326,-0.028651,0.03464,-0.115289,-0.165405,-0.12952,-0.316213,0.490595,0.138002,0.143384,0.182819,0.294672,0.069306,-0.02913,-0.388705,0.49457,-0.5699,0.182863,-0.261628,-0.218545,-0.008879,-0.108829,-0.033046,0.016961,0.041521,-0.026293,0.089438,0.29044,0.224579,0.057644,-0.457242,0.138213,-0.103745,0.243594,0.10985,0.050413,-0.129246,0.105115,-0.110366,-0.421676,-0.598376,-0.217062,0.127233,0.243514,-0.016026,0.273131,-0.07103,-0.094756,-0.259564,0.439299,-0.051523,-0.187582,-0.111291,0.436198,0.373733,-0.135943,0.211729,0.268764,0.371872,-0.063577,0.250989,0.153169,0.216285,0.182181,-0.157215,-0.206743,0.270303,-0.375296,-0.258387,-0.132229,-0.003103,-0.021845,0.22445,-0.000338,-0.016738,0.412765,-0.521116,0.14822,-0.216415,-0.642867,-0.295792,-0.208226,0.045037,0.10274,-0.030613,-0.506144,-0.188214,0.279372,-0.352797,-0.173816,0.283862,-0.314267,0.015452,-0.105757,0.188493,0.559003,0.109313,#
18,-0.082226,-0.002666,-0.186793,-0.054338,0.13881,-0.17993,0.035401,0.081972,0.032357,0.077463,0.208536,-0.036363,0.208714,0.228423,0.416437,-0.158953,0.125018,-0.035006,1.0,-0.32152,-0.137021,-0.048997,0.107415,0.034353,-0.069347,0.042341,-0.168455,0.310658,-0.190212,0.256133,-0.020232,0.054989,0.037486,0.169906,0.302629,0.093184,0.141599,-0.308565,-0.098908,-0.067697,-0.039747,0.342082,0.369828,0.251352,-0.108806,-0.028694,0.027425,-0.32175,0.217236,-0.114401,-0.091752,0.216594,-0.045681,-0.16377,0.175797,-0.126033,-0.281197,0.157057,0.078383,-0.164232,-0.041787,-0.007064,-0.065444,0.515416,0.062244,0.056114,0.015204,-0.062092,0.16265,-0.231569,-0.057024,-0.098302,-0.24586,-0.273512,-0.023998,0.300602,0.050124,-0.033154,0.244219,-0.317138,-0.065631,-0.161296,-0.399589,-0.126905,-0.341078,-0.100941,-0.165123,0.426572,-0.197858,-0.190389,-0.049727,-0.148405,0.042921,-0.122837,-0.428763,-0.12431,-0.164634,-0.37781,-0.215234,-0.182342,-0.087768,-0.10031,0.320557,-0.427656,-0.006472,0.059976,-0.141752,-0.177724,0.071217,0.046646,-0.223105,0.385671,-0.241725,-0.060707,-0.255781,-0.148968,0.008018,-0.217388,-0.30424,0.09046,-0.391396,-0.200727,-0.219729,-0.234634,-0.066195,-0.318222,0.224334,0.394956,-0.160888,-0.087352,-0.020101,-0.18797,-0.31874,0.073439,-0.084842,-0.259078,0.03924,-0.096869,-0.184772,-0.153897,-0.308686,0.171874,-0.13741,-0.207238,-0.167711,-0.007929,-0.291783,0.262008,-0.399516,-0.337279,-0.52334,-0.199391,-0.107864,-0.366639,-0.114284,-0.476357,-0.123478,0.08329,-0.322458,-0.383986,-0.172709,0.003202,0.282025,-0.008379,0.256177,-0.091979,-0.16133,0.178394,0.023215,0.093948,0.221201,0.438998,-0.189185,-0.274051,0.446105,-0.075223,0.106901,0.311611,0.063406,-0.126111,0.069971,0.118355,0.424779,0.277698,0.422873,-0.294552,0.044707,-0.187558,0.151395,0.212948,-0.174983,0.388799,0.466598,0.062362,0.114648,0.08173,0.480232,-0.055342,-0.475835,0.039707,#
19,-0.095138,0.217302,0.334002,0.278374,-0.103439,0.031058,-0.211392,0.111405,0.065962,-0.016942,-0.132729,-0.424795,0.051153,0.027672,-0.101304,0.138244,-0.162123,0.584946,-0.32152,1.0,0.28102,0.110744,0.072635,0.116307,-0.119199,0.030056,0.089269,-0.235401,0.112759,-0.091804,0.435265,0.305245,0.154655,0.275139,-0.237295,-0.272096,0.343676,0.228589,-0.302217,-0.058756,0.138809,0.103515,-0.187747,0.178467,0.202933,-0.443596,0.338734,0.261188,0.383177,-0.173091,-0.236261,-0.07104,0.294352,-0.094114,-0.267077,0.164199,-0.012712,-0.32866,0.030487,-0.201283,-0.032892,-0.163201,-0.09588,-0.108255,-0.007079,0.147479,-0.015307,0.358493,-0.001002,0.257759,0.301713,0.1864,-0.162576,0.104233,0.189228,-0.059232,0.370184,0.116147,0.461046,0.114606,0.37312,0.269367,0.268216,0.424668,0.109653,0.035051,0.447814,-0.058663,0.361374,0.016958,0.279406,0.27627,0.157319,0.431047,0.126188,0.527479,0.392552,0.276531,0.153967,0.084508,-0.551867,0.274842,0.298257,0.439289,0.38085,0.125284,-0.002495,-0.227327,-0.025257,-0.226443,0.39182,-0.113005,0.022062,0.452062,0.519061,0.204188,-0.047699,-0.13884,0.209804,-0.287685,0.27187,0.014478,-0.128767,-0.039258,0.013716,0.44814,-0.202081,-0.057528,0.002316,0.215743,0.206571,0.34786,0.477764,-0.314855,0.200833,0.043114,0.208274,0.030986,0.042843,0.101386,0.190821,0.127226,0.070047,-0.266358,0.21229,0.159133,0.382438,-0.28886,0.673395,0.054656,0.327336,0.073304,0.517773,0.354672,0.038451,0.149206,0.472651,-0.000848,0.132114,0.176439,0.171984,0.326366,-0.380891,0.071705,-0.035084,-0.014258,0.471142,-0.301992,-0.050529,0.209811,-0.466,-0.29436,0.154923,0.255993,-0.252454,0.283036,0.11237,-0.414469,0.010008,-0.105379,-0.080423,-0.157282,-0.506674,-0.19225,-0.461585,0.200481,0.356211,0.02252,-0.113154,-0.442471,0.315276,-0.577408,-0.265673,-0.105632,-0.363204,0.0278,-0.364927,0.471368,0.425354,-0.164392,#
20,0.150021,-0.360432,0.085488,0.373222,-0.171701,-0.034721,-0.441534,-0.106404,-0.258933,-0.458091,0.108163,0.090748,-0.39192,-0.246191,-0.386696,0.017195,0.192328,-0.145814,-0.137021,0.28102,1.0,-0.317588,-0.525402,-0.167429,0.109483,0.106882,-0.157351,-0.128788,0.050103,-0.087183,0.333026,0.257103,0.018498,0.309878,-0.072688,-0.427821,0.078828,0.147785,-0.2362,-0.007833,0.369622,0.078818,-0.013046,0.28004,-0.207457,0.01381,-0.095339,0.010584,-0.051492,-0.291869,-0.133091,0.004894,0.367463,0.075036,-0.003877,0.0623,-0.08016,0.134464,-0.075757,0.168032,-0.223846,0.144783,0.400464,-0.218685,-0.192902,-0.188089,-0.142269,0.011388,-0.380498,-0.139158,-0.007772,0.002998,0.147839,0.508185,-0.051782,-0.339201,-0.191248,0.518698,0.026207,0.359168,0.103468,0.501537,0.525349,-0.004516,-0.111928,-0.365574,0.215143,0.076949,0.437233,0.100817,-0.10073,0.04901,0.412444,-0.123047,0.26037,0.282746,-0.033975,0.381691,-0.162567,0.316838,-0.046591,0.280273,-0.1245,0.02661,0.482696,0.200037,0.197557,0.354568,0.331108,0.311681,-0.039101,-0.080552,-0.207583,0.513096,0.454067,0.474687,0.030011,0.132027,-0.047725,0.290914,0.037801,0.142655,-0.018528,0.374123,0.193943,-0.02863,-0.538692,-0.372379,-0.313285,0.300517,0.272068,0.016129,0.41344,0.056503,-0.051531,0.114677,0.231238,0.265835,0.239639,0.337908,-0.073949,0.148757,0.468314,0.212059,0.135173,-0.366634,0.317288,-0.694498,0.280399,0.443357,0.093184,0.325382,0.104507,0.430384,-0.047265,0.183481,0.112846,-0.212036,0.321479,0.211154,-0.080159,0.008218,0.101894,-0.226115,-0.393355,-0.465567,0.19257,-0.215885,0.390293,-0.065264,-0.220469,-0.040408,0.34269,-0.020304,-0.522781,0.41344,0.03504,-0.394766,-0.458717,0.681882,-0.22411,0.238895,-0.134064,0.013946,-0.209797,0.631899,0.123573,0.326063,0.477178,-0.270403,-0.021871,-0.187049,-0.212619,-0.432567,-0.355286,0.063378,0.024157,0.176945,-0.003791,-0.284336,#
