0,1.0,0.202133,0.14001,-0.337703,0.563591,-0.040802,0.435953,-0.101655,0.616965,0.135489,0.061834,0.440432,0.468497,0.121958,0.21059,0.240788,0.129446,-0.050412,0.244129,-0.321616,-0.367829,0.118892,0.126477,-0.09536,-0.188619,-0.166553,-0.220547,-0.246221,0.159901,-0.112789,-0.418777,0.026411,-0.201912,-0.190019,-0.389011,0.08332,0.442403,-0.006567,0.073785,-0.211571,0.191316,-0.272398,-0.106911,0.129413,-0.010245,-0.000819,0.476255,0.135173,0.131512,0.323291,-0.012187,-0.170035,0.031563,-0.011191,-0.068123,-0.155089,-0.706843,0.42961,-0.140125,0.2574,0.155461,0.113327,-0.145548,-0.044504,0.321122,0.329455,-0.201954,0.034841,0.355658,-0.097929,0.088528,-0.478989,-0.139796,-0.455457,-0.384493,0.261339,-0.40511,-0.38322,-0.559738,-0.221846,0.01707,-0.609376,-0.216766,-0.07505,-0.283117,-0.328986,-0.387088,-0.330051,-0.294215,-0.377694,0.141022,-0.287625,-0.09267,-0.169745,-0.431576,-0.066189,-0.558806,-0.387341,-0.219684,-0.334605,0.233842,-0.405176,-0.477184,-0.354108,-0.207812,-0.384651,-0.360613,-0.232052,-0.188224,-0.099853,-0.075791,-0.252852,-0.102959,-0.175166,-0.334187,-0.234478,-0.453732,-0.653825,-0.110141,-0.641645,-0.46955,-0.329945,-0.39843,-0.376799,-0.257281,-0.222831,-0.469528,0.194636,-0.119867,-0.306077,-0.151434,-0.302451,-0.109235,0.012528,-0.190289,-0.558817,0.0,-0.51332,0.123671,-0.416237,-0.306077,-0.079408,-0.256161,-0.201883,-0.557583,-0.088075,-0.51332,0.352111,-0.594777,-0.501444,-0.428529,-0.343587,-0.153079,-0.29299,-0.312989,-0.306077,0.372554,0.52907,-0.301462,-0.468801,-0.135664,-0.202273,-0.330531,-0.06529,0.013827,0.344698,-0.155169,-0.151171,-0.342322,-0.306077,0.062466,0.323333,-0.192282,-0.538487,0.246346,-0.116741,-0.29299,0.459221,0.325543,-0.443994,0.333118,0.165599,0.143264,0.123495,0.316969,-0.073244,0.247384,0.208431,-0.110861,0.530124,-0.334187,0.213191,0.388336,0.451568,0.109223,0.125796,0.389444,-0.30736,-0.028887,0.115335,#
1,0.202133,1.0,0.33347,0.366018,0.277382,-0.26278,-0.304661,-0.245915,0.120063,-0.077232,-0.339044,-0.008189,-0.119508,-0.016038,0.042818,-0.284451,-0.028597,0.161037,0.079927,-0.419649,-0.02391,-0.301004,0.193517,0.059762,-0.068163,-0.421132,-0.183081,0.182298,0.144498,-0.034157,-0.246822,0.168485,-0.165639,0.135285,-0.214749,-0.056455,0.475709,0.079795,0.184447,-0.349951,0.359747,-0.301903,0.292444,0.175951,-0.27512,-0.214079,0.31795,0.115033,-0.092936,0.13784,-0.20335,-0.023718,0.054836,0.13862,-0.195994,-0.161251,-0.191681,0.130679,-0.274949,0.07064,-0.278772,-0.175879,-0.07396,-0.230265,-0.063991,-0.009664,0.170515,-0.026692,0.135004,0.30558,-0.013958,-0.079845,-0.114682,0.037811,-0.026163,-0.049859,0.086131,0.025085,-0.042037,-0.023977,0.007138,-0.258412,-0.171797,0.479258,-0.269333,-0.183267,-0.046793,0.00191,0.019438,-0.021124,0.063862,0.069958,-0.137676,0.348752,-0.319749,-0.094461,-0.096957,0.143471,-0.039609,0.287176,0.132113,0.106067,-0.020296,-0.041177,-0.2312,-0.31555,-0.079917,0.218331,0.25357,0.016339,0.098445,0.34641,-0.077362,-0.045984,0.179548,-0.069219,-0.132843,-0.121529,0.066454,0.089948,-0.196714,-0.126114,-0.032428,-0.085628,0.186961,-0.022392,-0.195359,-0.003115,0.298279,0.196032,-0.092118,0.20884,-0.034759,-0.166785,0.106634,-0.094881,0.0,-0.050996,0.003355,0.014081,0.004841,0.33538,0.277032,-0.360134,-0.037143,-0.241981,-0.050996,0.121882,-0.256606,0.012451,-0.23361,0.009793,0.007138,0.002774,0.012458,0.004841,-0.109428,0.065237,0.110461,-0.190906,0.208225,0.119932,-0.006419,-0.028548,0.004511,0.030165,0.159703,-0.68105,-0.280825,0.196032,-0.328159,0.284771,-0.104128,-0.097329,-0.193953,0.179808,0.022394,-0.095505,-0.094105,-0.132823,0.009882,-0.075737,-0.0397,-0.455285,-0.033325,-0.250324,0.060667,-0.080084,-0.320948,-0.09101,0.179548,-0.126118,0.063249,0.205073,-0.076473,-0.071773,-0.123766,-0.216802,-0.119065,-0.046879,#
2,0.14001,0.33347,1.0,0.303581,-0.121917,-0.343818,-0.109261,-0.229939,0.019333,0.301534,-0.066458,0.219126,0.065165,0.065248,-0.194674,-0.157027,-0.125725,0.345822,-0.025346,-0.127584,-0.285042,-0.033678,0.047307,0.178782,0.092131,-0.120656,0.192734,-0.351128,0.180376,-0.157098,-0.209753,0.098641,0.007402,-0.053401,-0.215227,0.294812,-0.230699,0.166687,-0.132606,-0.290771,0.059742,0.206316,-0.117674,-0.045276,0.447855,-0.571461,0.276685,0.360132,-0.349662,0.351872,-0.356278,-0.069797,-0.151972,0.366523,-0.083345,-0.41263,-0.278657,0.018357,-0.06971,0.029315,-0.299269,0.018779,-0.04236,-0.506631,0.153104,-0.101983,-0.032831,-0.036219,-0.155318,-0.095125,-0.021831,-0.10971,-0.212111,0.196017,-0.131465,0.234019,-0.060184,-0.101101,0.023681,-0.293524,-0.192155,-0.055031,-0.231744,0.45022,-0.034598,-0.198288,0.185384,-0.055034,-0.398787,-0.301825,0.190047,-0.466795,0.16603,0.020795,-0.119908,0.445351,0.286948,0.187698,-0.132165,-0.112319,-0.100506,-0.049266,-0.143727,0.042856,-0.142751,-0.027792,0.128359,0.111172,0.022524,0.334366,0.352665,0.085846,0.124378,0.02585,0.252348,-0.197077,-0.131432,-0.30238,0.077477,-0.002159,-0.201148,0.024208,-0.144947,-0.007961,0.064351,0.022752,-0.055884,-0.123563,0.054743,0.114345,0.107097,0.112307,0.189568,0.18279,0.265431,-0.058939,0.0,0.217007,0.229073,-0.24779,0.117396,0.531802,0.060443,-0.269545,-0.140714,0.001778,0.03762,-0.18514,-0.377746,0.289466,-0.005479,0.292069,0.267371,-0.037627,-0.046004,0.144091,-0.032489,0.170331,0.092646,-0.027536,0.384527,-0.048082,0.273669,0.042743,-0.035497,-0.034028,0.062446,-0.304478,0.056379,-0.034383,0.038607,0.068597,-0.024575,-0.075787,-0.083313,0.198853,-0.396571,-0.037849,0.097544,-0.063019,0.070022,0.137221,-0.149523,-0.031454,-0.454949,0.090495,-0.228064,0.133703,0.092809,0.113549,0.252348,0.0139,-0.137534,0.060421,-0.316572,0.007484,-0.134883,0.02828,0.274993,-0.519339,#
3,-0.337703,0.366018,0.303581,1.0,-0.143574,-0.197374,-0.513607,-0.180341,-0.485423,-0.060828,-0.140632,-0.339748,-0.196133,-0.06959,-0.119506,-0.350808,-0.05127,0.107118,-0.029498,0.060232,0.134178,0.0226,-0.04699,-0.023573,0.121042,0.068234,-0.053356,0.258027,0.11144,-0.14789,0.111718,0.234119,0.200379,0.089562,-0.308496,-0.139358,-0.233942,0.01987,0.077599,0.187058,0.112349,-0.007422,0.334951,0.076303,-0.229814,-0.118701,-0.155695,-0.15446,-0.058238,-0.036318,-0.251405,0.23876,-0.054753,0.181331,-0.064944,-0.05356,0.115437,-0.237301,0.015402,-0.209181,-0.179134,-0.156044,0.149858,-0.120588,-0.279488,-0.286036,0.136827,-0.043747,-0.31289,-0.036764,-0.039272,0.17439,0.112254,0.363794,0.102676,0.015462,0.30146,0.266183,0.237403,0.087102,-0.117198,0.149739,-0.103693,0.351416,-0.012503,-0.11701,0.26855,0.222057,0.015019,0.100791,-0.131833,0.161768,-0.200395,0.231187,0.147568,0.144495,0.312094,0.436293,0.091703,0.013855,-0.283536,0.126045,0.146645,0.248712,-0.09469,-0.104335,0.413068,0.181659,0.375895,0.038265,0.369326,-0.06829,-0.380674,-0.144625,0.233167,0.296406,0.351534,0.022608,0.025881,0.224339,0.023983,-0.160068,0.27655,0.283813,0.257227,0.282594,-0.000842,-0.292118,0.226593,0.194365,-0.200002,0.189024,-0.053304,-0.029969,0.200766,0.282706,0.0,0.257534,-0.079393,0.243754,0.003645,0.412512,0.367123,-0.223978,0.085092,0.083838,0.25015,-0.204168,-0.014425,0.238224,0.104565,0.539244,0.231369,0.019688,0.217051,0.209623,-0.163544,-0.337248,0.336174,0.023957,0.215512,0.292938,-0.100052,-0.062475,-0.11369,-0.254599,0.095578,-0.286215,0.084259,0.208775,-0.31798,-0.294919,0.147142,0.194371,-0.142629,0.334944,0.005072,-0.201752,-0.162443,0.392071,-0.379276,-0.044255,-0.056554,-0.356173,-0.043983,-0.228685,-0.138254,-0.216005,0.091548,-0.238533,0.411551,-0.130479,-0.139086,-0.243555,-0.098156,-0.166248,-0.301325,0.141054,-0.163446,-0.129173,#
4,0.563591,0.277382,-0.121917,-0.143574,1.0,-0.000958,0.236573,-0.135031,0.160145,0.317668,-0.141058,0.217076,0.392939,0.331592,-0.028487,0.206552,0.031876,-0.211851,0.060771,-0.38572,0.03284,-0.109605,0.353673,-0.434125,-0.324275,-0.084898,-0.192116,-0.163524,0.177435,0.032589,-0.408785,0.003991,-0.360566,-0.028117,-0.333965,0.397829,0.261175,-0.261359,-0.000294,-0.358864,0.267967,-0.270621,0.196476,0.392919,-0.146921,-0.128577,0.240363,0.265663,0.321307,0.009437,-0.05842,-0.534236,0.043386,-0.031515,-0.01599,-0.309434,-0.389661,0.359561,-0.148304,0.114782,0.345459,0.214976,-0.303237,0.052743,0.266208,0.464044,-0.079622,0.319929,0.232785,-0.073066,-0.094659,-0.670068,0.155621,-0.773167,-0.31924,0.524986,-0.514103,-0.451022,-0.473763,-0.309149,-0.197637,-0.741622,-0.478946,-0.16846,-0.438656,-0.560124,-0.631801,-0.526244,-0.131001,-0.168552,-0.312207,-0.274595,-0.286159,-0.253108,-0.606557,-0.360889,-0.689452,-0.479975,-0.485776,-0.213365,0.458411,-0.340717,-0.435186,-0.417223,-0.63824,-0.686894,-0.377249,-0.312797,-0.203283,-0.171199,0.089451,0.050384,-0.426647,-0.411093,-0.554023,-0.016609,-0.438837,-0.523867,-0.133646,-0.326131,-0.343062,-0.211535,-0.479283,-0.130258,-0.035072,-0.17628,-0.663459,0.230556,-0.157016,-0.162793,-0.370431,-0.16149,-0.600519,0.384717,-0.365079,-0.520108,0.0,-0.755533,0.002435,-0.456021,-0.505537,-0.165849,-0.049255,-0.114167,-0.491378,-0.267652,-0.430238,0.61759,-0.56426,-0.399503,-0.599446,-0.463156,-0.235191,-0.504087,-0.235523,-0.339061,0.181455,0.683913,-0.416385,-0.520519,-0.312267,-0.315367,-0.556799,-0.332967,-0.220994,0.400004,-0.421074,-0.355353,-0.410598,-0.162793,0.15006,0.148042,-0.506486,-0.550429,0.141354,-0.251214,-0.324907,0.435334,0.254251,-0.524785,0.351383,0.013606,0.187749,0.259215,0.519866,-0.363397,0.453308,-0.118559,-0.176071,0.538897,-0.389157,0.331708,0.4906,0.467991,-0.012482,0.318669,0.493859,-0.421241,-0.360005,0.217044,#
5,-0.040802,-0.26278,-0.343818,-0.197374,-0.000958,1.0,0.427645,0.530677,0.078767,-0.148719,-0.121395,0.094091,-0.222725,0.478832,0.022887,0.033036,-0.042436,0.071475,0.08053,-0.089097,0.46231,0.089217,-0.128884,-0.546145,0.178979,0.070925,0.05214,-0.004858,-0.277889,0.021196,0.066851,0.187218,0.356534,-0.199823,-0.30791,0.014509,-0.087003,-0.138291,0.210484,-0.148965,0.060914,-0.088153,0.186844,0.170101,-0.021949,0.084939,-0.159144,0.094926,0.06524,-0.116756,0.31661,-0.042958,0.21213,-0.045234,-0.034568,0.265459,0.425414,0.146628,-0.046262,0.298808,0.245136,0.037672,-0.32169,0.446039,-0.185708,0.010185,-0.240708,0.420832,0.225111,-0.278802,0.107266,-0.182868,0.238588,0.103615,-0.02789,-0.114836,0.3431,0.08889,-0.358191,0.12918,0.036459,-0.087479,0.266789,-0.336698,0.219959,0.351746,-0.030003,0.047591,-0.033373,-0.030141,0.081201,0.101313,0.076047,-0.266807,0.100931,-0.003447,-0.162159,-0.187185,0.140138,-0.071128,0.067459,-0.155824,0.028725,-0.271148,0.135754,-0.079171,-0.229753,-0.433261,-0.179567,-0.557651,-0.281627,-0.040611,0.059818,-0.096522,0.039109,-0.149957,0.111816,-0.176017,-0.076988,-0.14048,-0.02451,0.3172,-0.031532,-0.318903,-0.217417,0.118815,-0.037407,-0.236138,-0.1038,-0.200105,-0.044942,-0.035656,-0.128573,0.014404,-0.025383,-0.165969,0.0,-0.095893,-0.068429,0.104891,-0.209896,-0.200842,-0.317367,-0.279489,-0.037447,-0.031717,0.074694,0.16299,0.223638,0.022126,0.027696,0.001885,-0.116682,0.146439,0.034767,-0.193055,0.374082,0.023838,-0.096346,-0.032676,-0.034367,-0.272787,0.190827,0.124829,0.051563,0.270292,0.421858,0.368112,0.001374,0.149644,0.026517,0.073288,0.130764,0.137822,0.24144,-0.309459,-0.03947,0.06154,0.073721,-0.196878,0.111671,-0.168925,-0.030026,0.110997,0.291655,-0.227019,0.239058,0.019089,0.093543,0.01882,0.032515,0.004977,0.00088,-0.368937,0.149715,0.323395,0.005115,-0.298509,-0.093631,0.208723,#
6,0.435953,-0.304661,-0.109261,-0.513607,0.236573,0.427645,1.0,0.083814,0.556898,0.101712,0.164294,0.685436,0.202081,0.041769,0.111875,0.432158,-0.125703,-0.229895,0.154895,-0.32391,0.046107,0.058137,0.120695,-0.455475,-0.066395,-0.183707,-0.115414,-0.430261,0.149271,-0.019639,-0.503275,-0.009494,0.021567,-0.401083,-0.202456,0.359076,-0.021433,-0.05974,-0.246795,0.001013,0.171557,-0.13815,-0.388674,0.073307,0.126934,0.049601,0.146351,0.199902,0.187389,0.290919,0.097807,-0.194072,0.179057,-0.022171,0.193339,-0.128025,-0.112004,0.204607,0.153653,0.330778,0.249091,0.288806,-0.241471,0.280653,0.121798,0.111695,-0.261189,0.216881,0.401419,-0.456868,0.177886,-0.418937,-0.1808,-0.309411,-0.464102,0.149537,-0.239528,-0.193683,-0.599616,-0.456071,-0.215199,-0.358476,-0.191152,-0.398143,-0.233307,0.099147,-0.274793,-0.367637,-0.445322,-0.148591,-0.082468,-0.306938,0.006402,-0.502216,-0.47034,0.068963,-0.226188,-0.768124,-0.284858,-0.263103,0.053598,-0.38319,-0.287774,-0.504134,0.045948,-0.123719,-0.373423,-0.462458,-0.46552,-0.255075,-0.288358,-0.070062,-0.051728,-0.323138,-0.208483,-0.573017,-0.462202,-0.269544,-0.16729,-0.5769,-0.251154,-0.127935,-0.29699,-0.441673,-0.390397,-0.173433,-0.265075,-0.056618,-0.195578,-0.607262,-0.191617,-0.275512,-0.265172,0.07332,-0.356508,-0.223339,0.0,-0.505123,0.078395,-0.347646,-0.262621,-0.379023,-0.55209,-0.194578,-0.28465,0.044706,-0.505123,0.436364,-0.202473,-0.398592,-0.268001,-0.390217,-0.396937,-0.27786,-0.401738,-0.607262,0.399435,0.414691,-0.19895,-0.453832,-0.227577,-0.314532,-0.058586,-0.154307,-0.049294,0.651269,-0.045286,0.376675,-0.031411,-0.443239,0.250319,0.375167,0.060998,-0.363121,0.490379,-0.641607,-0.27786,0.463041,0.323588,-0.328161,0.541991,0.421574,0.190954,0.364864,0.518768,-0.163561,0.16273,0.004284,0.052321,0.456945,-0.208483,0.385775,0.38997,0.111691,-0.273483,0.389274,0.550648,-0.448747,-0.076695,0.180441,#
7,-0.101655,-0.245915,-0.229939,-0.180341,-0.135031,0.530677,0.083814,1.0,-0.057808,-0.202165,-0.299307,-0.206542,-0.266564,0.356732,0.209391,-0.295011,-0.052326,-0.072199,0.223778,0.066547,0.005653,0.277408,-0.412268,-0.288525,0.142593,0.229213,0.310511,0.055503,-0.535584,-0.102534,0.248901,0.261321,0.458084,-0.084638,-0.091168,0.091781,-0.085262,0.154432,0.123245,-0.232734,-0.145803,0.08273,0.338745,0.107661,-0.235379,0.161187,-0.178335,-0.293385,-0.301567,-0.154412,-0.123957,0.205737,0.042915,-0.247453,0.103576,0.142475,0.114086,0.015319,0.041281,0.110014,0.021746,0.45912,-0.249821,0.296067,0.126079,0.042742,0.019102,0.160127,-0.055186,-0.175403,-0.132209,0.035952,0.308051,0.068101,0.146895,-0.358181,0.312606,-0.014361,-0.049047,0.32057,0.20035,0.080016,0.336484,-0.243389,0.265959,0.358046,0.124861,0.192266,0.059168,0.289566,0.002234,0.064288,0.077818,-0.005558,0.422767,0.292613,-0.071833,0.139472,0.143166,-0.043568,-0.182919,-0.181718,0.270975,-0.012013,0.139398,0.036616,0.014558,-0.222862,0.015729,-0.336042,-0.29749,0.217403,0.261735,0.178945,0.014506,0.182162,0.246373,0.00181,0.057084,0.034701,-0.074982,0.393193,-0.04608,-0.080457,-0.035386,0.325504,0.233882,-0.250172,0.253961,0.055422,0.24526,0.055881,-0.078569,-0.040547,0.057832,-0.076451,0.0,0.180401,-0.095294,0.16077,0.044627,-0.232234,-0.212372,0.087329,0.11516,-0.191791,0.368458,-0.318252,0.422514,0.183838,0.116012,0.137686,0.365928,0.257009,0.535272,-0.061587,0.047715,-0.111387,-0.100168,0.24138,0.156661,-0.037386,0.181808,0.141298,0.196233,0.004209,0.276272,0.264451,-0.118305,0.440989,-0.265475,0.040734,0.18259,0.236789,-0.114121,0.101828,0.052061,-0.066506,0.094627,0.138653,-0.172063,-0.208499,-0.056394,-0.155388,-0.015774,-0.005214,-0.029441,0.268507,0.093442,-0.191561,0.007237,-0.116789,-0.176639,-0.258464,0.021744,0.01285,-0.295695,-0.08898,0.213568,-0.123627,#
8,0.616965,0.120063,0.019333,-0.485423,0.160145,0.078767,0.556898,-0.057808,1.0,-0.245879,0.182401,0.473048,0.235139,-0.25585,0.33223,0.181131,0.184437,-0.004037,0.125537,-0.196959,-0.256453,0.072677,0.225877,-0.026269,0.047181,-0.387006,-0.049886,-0.238988,0.168681,-0.14658,-0.361526,0.035279,0.080494,-0.127813,-0.177068,-0.1506,0.482395,0.02647,0.051647,-0.07204,0.152884,-0.478466,-0.254701,-0.088276,0.108364,0.124214,0.400857,0.155154,0.221505,0.3206,0.236964,-0.15312,0.003996,0.106887,0.146898,0.083698,-0.25636,0.349834,-0.117163,0.205601,-0.025663,-0.207758,-0.159422,0.150748,0.195762,0.193119,-0.01124,-0.016677,0.233804,0.136321,-0.042735,-0.234851,-0.151553,-0.223293,-0.177213,-0.072084,-0.164099,0.013994,-0.321431,-0.169579,0.070793,-0.227537,0.006799,0.021733,-0.066737,0.074131,-0.155295,-0.269728,-0.218686,-0.332952,0.377243,-0.221028,0.15036,-0.090308,-0.214975,0.185718,-0.149132,-0.331345,-0.166914,-0.083739,-0.026332,-0.426029,-0.422067,-0.27224,0.183711,-0.021187,-0.31223,0.095058,-0.300645,0.169995,-0.123895,-0.103035,0.125784,-0.082031,0.067403,-0.605812,-0.384693,-0.26809,-0.044212,-0.416675,-0.320469,-0.100253,-0.179835,-0.542284,-0.475923,-0.168687,-0.029379,-0.048246,-0.064175,-0.390911,0.255376,-0.210756,0.111398,-0.326245,0.046928,-0.14651,0.0,-0.274035,0.064371,-0.178627,-0.025929,-0.081202,-0.462783,-0.230324,-0.316956,-0.08368,-0.274035,0.273751,-0.21181,-0.43498,-0.041398,-0.291258,-0.10861,-0.040426,-0.26389,-0.509029,0.108694,0.263261,-0.059502,-0.388572,0.053374,-0.091268,-0.09186,-9.4e-05,0.067021,0.258212,-0.035442,-0.033104,-0.153314,-0.217207,0.149896,0.300535,0.093538,-0.126221,0.009802,-0.262155,-0.040426,0.375287,0.079828,-0.365935,0.307531,0.282074,0.181748,0.017051,0.242925,0.044028,-0.205605,0.243419,-0.240303,0.299801,0.067403,0.136216,0.255535,0.202422,-0.118935,0.076168,0.308579,-0.430626,0.026137,0.07631,#
9,0.135489,-0.077232,0.301534,-0.060828,0.317668,-0.148719,0.101712,-0.202165,-0.245879,1.0,-0.330331,0.188282,0.250718,0.285479,-0.637418,-0.058153,-0.371367,0.344866,-0.082862,0.037053,0.131394,-0.260694,0.037729,-0.072318,0.14856,0.058969,0.080193,-0.487261,0.040161,0.408849,0.0573,-0.387813,-0.240523,-0.00839,-0.122473,0.612499,-0.109493,-0.120811,-0.407632,-0.326539,0.239355,0.272909,-0.03545,0.430138,0.37142,-0.412913,-0.051704,0.528302,0.120104,0.058736,-0.353288,-0.411706,-0.070035,-0.210013,-0.229814,-0.602267,-0.201614,-0.153912,0.12891,-0.207953,-0.085501,0.349151,-0.056366,-0.606305,0.040135,-0.007736,0.043568,0.256016,-0.041436,-0.158314,-0.075887,-0.499867,-0.166529,-0.231714,0.105097,0.338249,-0.343596,-0.595517,-0.047356,-0.050655,-0.131082,-0.285103,-0.098663,-0.322841,0.039801,-0.311131,-0.203813,-0.134052,-0.223717,0.081299,-0.144329,-0.08958,-0.248705,0.05292,-0.243181,-0.011615,-0.019468,-0.047356,0.110551,0.018064,-0.132979,-0.184708,0.161293,0.060975,-0.367522,-0.275663,0.100721,-0.27515,0.141056,-0.061601,0.476272,0.206289,0.032407,-0.281226,-0.143464,-0.031946,-0.076948,-0.198293,0.237017,-0.255598,-0.051367,0.297059,-0.210974,0.116588,-0.211012,-0.068283,-0.20817,0.089739,-0.186938,0.299326,-0.252066,0.297198,0.005148,0.741344,-0.241173,-0.015755,0.0,-0.106232,0.209004,-0.418197,0.131001,-0.127857,0.194676,0.155402,0.105041,-0.072752,0.050172,0.234287,-0.442929,0.334566,-0.355454,-0.242088,0.166359,-0.050583,-0.010066,0.299326,0.330303,0.234084,-0.111986,0.119993,-0.019859,0.105589,-0.149893,0.281619,-0.156429,0.243956,-0.407373,-0.225484,-0.005069,-0.054355,0.127182,-0.08728,-0.275916,-0.430487,0.293245,0.171856,-0.057412,0.045354,0.39803,-0.155674,0.093639,-0.190662,-0.377822,0.284791,-0.066098,-0.159272,0.200205,-0.017838,-0.317598,0.302684,-0.143464,-0.183296,-0.028279,0.183192,-0.054128,-0.000566,-0.023862,-0.005621,0.173759,-0.188068,#
10,0.061834,-0.339044,-0.066458,-0.140632,-0.141058,-0.121395,0.164294,-0.299307,0.182401,-0.330331,1.0,0.052604,-0.020453,-0.352081,0.22356,0.299982,0.169148,-0.412455,0.07173,0.067581,-0.053385,0.191,-0.140759,0.082333,-0.361716,0.234117,-0.283446,0.182997,0.220987,-0.168385,-0.196099,-0.117846,-0.280536,-0.191648,0.320583,-0.26457,-0.240947,0.191036,0.119155,0.506607,-0.195843,-0.174323,-0.53464,-0.280396,0.182394,0.257085,-0.263472,-0.274772,0.314711,-0.131704,0.297835,0.140142,0.161598,0.399962,0.180524,0.314414,0.071937,-0.174359,0.047928,0.170024,0.127562,-0.274952,0.26539,-0.023261,0.167193,0.022111,-0.280594,-0.225901,-0.244947,-0.103434,0.02471,0.207471,0.210419,0.075715,-0.242029,0.210478,-0.010467,0.223449,0.101805,-0.236326,-0.088596,0.173549,-0.119136,0.057605,0.014984,0.070837,0.258242,0.01202,-0.012994,-0.228451,0.162898,-0.239446,0.431034,-0.43781,0.072057,0.159727,0.009243,-0.236451,-0.226402,-0.084339,0.053632,0.161021,-0.3798,-0.085345,0.260031,0.157785,-0.102104,0.040415,-0.231458,0.249991,-0.220745,-0.351311,-0.13807,0.239241,-0.148155,-0.172909,-0.068773,0.126298,-0.352187,-0.047445,0.219391,-0.36797,0.243124,0.126634,0.152824,-0.184044,0.156101,0.346414,-0.037621,-0.187344,0.231528,-0.53682,-0.043933,-0.38155,0.232505,0.171794,0.0,-0.102211,-0.148962,0.199369,-0.180304,0.287028,-0.301457,-0.108332,-0.050733,0.23237,-0.263098,-0.08281,0.19419,-0.471191,0.149087,0.079025,-0.323138,-0.368926,-0.480722,-0.197122,-0.285616,0.110379,0.176368,-0.190175,0.063803,-0.2228,0.180791,-0.237528,-0.092551,-0.212108,-0.072819,0.125377,0.470722,-0.476378,0.222467,-0.334468,0.031548,0.241523,0.210283,-0.407823,-0.368926,0.132446,-0.348671,-0.034667,0.043634,0.254095,0.182903,0.452003,-0.120448,0.317118,-0.055374,-0.135114,0.421209,0.060931,0.016462,0.482703,0.047676,-0.198983,-0.027696,0.213904,0.212982,0.13095,0.013452,0.134535,#
11,0.440432,-0.008189,0.219126,-0.339748,0.217076,0.094091,0.685436,-0.206542,0.473048,0.188282,0.052604,1.0,0.192494,-0.149077,-0.061204,0.318691,-0.039456,-0.03228,-0.119221,-0.410789,-0.037433,-0.137183,0.090993,-0.113727,0.14101,-0.265866,0.102265,-0.57909,0.371227,0.105528,-0.494279,-0.09994,-0.278183,-0.036824,-0.212764,0.353373,-0.11625,-0.252794,-0.060847,-0.194112,0.166032,-0.170486,-0.347582,-0.055447,0.051438,-0.023541,0.084927,0.433666,0.012234,0.175455,-0.000251,-0.33277,-0.097226,0.155148,0.099521,-0.126531,-0.337467,-0.001908,-0.011265,0.205036,-0.137091,0.287567,-0.27449,0.13567,0.010851,-0.191471,-0.076445,0.053354,0.253904,-0.249409,0.032015,-0.408895,-0.192604,-0.289777,-0.453852,0.264908,-0.214652,-0.010877,-0.593771,-0.612712,-0.471051,-0.348487,-0.183268,-0.160094,-0.218073,-0.14721,-0.425297,-0.519024,-0.249204,-0.128716,-0.078848,-0.28693,0.026288,-0.307661,-0.622211,0.103087,-0.201576,-0.603404,-0.437045,-0.249679,0.234665,-0.312682,-0.281808,-0.483671,-0.096169,-0.203953,-0.187966,-0.277155,-0.45999,0.013363,-0.203237,0.082241,-0.20197,-0.307738,-0.024424,-0.506763,-0.447272,-0.258808,-0.25296,-0.294165,-0.280499,-0.284518,-0.282162,-0.313853,-0.175263,-0.263161,-0.234502,0.066762,-0.164914,-0.417385,-0.188257,-0.243468,-0.261931,0.162385,-0.358485,-0.198314,0.0,-0.485068,0.140595,-0.514646,-0.231542,-0.026845,-0.468279,-0.224705,-0.269221,-0.226687,-0.485068,0.273547,-0.354848,-0.383399,-0.264868,-0.398445,-0.217244,-0.246347,-0.220163,-0.532147,0.338936,0.394322,-0.183652,-0.256498,-0.095141,-0.273865,-0.043668,-0.133815,-0.299271,0.297905,0.070865,0.110068,0.082256,-0.532147,0.212892,0.28009,-0.014989,-0.365108,0.403614,-0.469204,-0.246347,0.273147,0.194126,-0.367998,0.721201,0.245774,0.268159,0.332574,0.336686,-0.427087,0.005814,0.001308,-0.040519,0.696707,-0.024424,0.465057,0.470115,0.075666,-0.229952,0.213118,0.521406,-0.279165,-0.067195,0.169567,#
12,0.468497,-0.119508,0.065165,-0.196133,0.392939,-0.222725,0.202081,-0.266564,0.235139,0.250718,-0.020453,0.192494,1.0,0.177968,0.104057,0.247375,0.043646,0.093765,0.14864,-0.165705,-0.438204,0.182325,0.258656,0.018332,-0.061257,-0.018626,0.095811,-0.222672,0.458912,-0.226461,-0.336905,-0.049383,-0.260995,0.09519,-0.093475,0.35732,0.308301,-0.232271,-0.051622,-0.016754,0.011473,0.022356,-0.015501,-0.005204,0.299463,-0.068165,0.578141,0.102535,0.011636,0.305239,-0.237778,-0.360991,0.169003,0.017893,0.22719,-0.374353,-0.375496,0.441092,0.160979,-0.156928,0.303965,0.051233,-0.23576,0.044104,0.145839,0.262835,0.020659,-0.237556,0.20019,-0.220525,-0.006381,-0.568225,-0.180703,-0.310305,-0.154317,0.204195,-0.409363,-0.532028,-0.301176,-0.304312,-0.053088,-0.381566,-0.362321,-0.389117,-0.206311,-0.381691,-0.291351,-0.380705,-0.280892,-0.150289,-0.078054,-0.32676,-0.140783,-0.011427,-0.157166,-0.410764,-0.246094,-0.139253,-0.145281,-0.583343,0.269648,-0.248808,-0.470973,-0.335361,-0.288568,-0.131839,-0.19723,-0.110461,-0.133526,0.057529,0.054525,-0.085129,-0.034722,-0.169553,-0.381209,-0.265388,-0.634285,-0.277238,0.177287,-0.407241,-0.126552,-0.280887,-0.301435,-0.128319,-0.142158,-0.169291,-0.44786,0.259197,-0.523747,-0.279846,0.009018,-0.105671,0.057387,0.143503,-0.358481,-0.259041,0.0,-0.175907,0.098935,-0.697513,-0.446729,-0.301346,-0.042863,0.231885,-0.461313,-0.050764,-0.346935,0.38562,-0.68118,-0.216096,0.053712,-0.202024,-0.074864,-0.109301,-0.070234,-0.119638,0.369764,0.36915,-0.540478,-0.281399,-0.359911,-0.139579,-0.362267,-0.297062,0.108359,0.155428,-0.442047,0.009818,-0.442491,-0.279846,0.37011,0.384919,-0.139432,-0.357924,0.292332,0.045386,-0.116071,0.62376,0.398297,-0.533512,0.198179,0.265088,0.184159,0.234712,0.193531,-0.001957,0.382428,0.052148,-0.167698,0.288288,-0.381209,0.0529,0.375628,0.557947,0.163693,0.114291,0.377858,-0.303911,-0.137629,-0.012627,#
13,0.121958,-0.016038,0.065248,-0.06959,0.331592,0.478832,0.041769,0.356732,-0.25585,0.285479,-0.352081,-0.149077,0.177968,1.0,-0.05528,0.032817,0.032143,0.210581,0.274787,-0.266764,0.049721,0.160109,0.029806,-0.270364,-0.17414,0.052658,0.044307,0.037882,-0.145068,-0.093534,0.132763,0.310242,0.001275,-0.227933,-0.363152,0.271721,-0.030339,0.000117,0.09389,-0.476406,0.048323,0.349662,0.44318,0.379188,0.116257,-0.170069,0.244217,0.293587,-0.194915,-0.128032,-0.166847,-0.068844,0.106883,-0.266181,-0.304753,-0.288314,0.124086,0.383441,-0.253904,-0.088955,0.302183,0.266913,-0.198303,0.13663,0.189868,0.283008,-0.027878,0.231034,0.177159,-0.16915,0.013912,-0.42673,0.189759,-0.107433,-0.1176,0.179095,-0.021021,-0.556525,-0.123333,0.043046,-0.023156,-0.358616,-0.057361,-0.192299,0.120736,-0.04828,-0.116642,-0.183038,-0.190749,-0.140531,0.027002,-0.118948,0.037968,-0.11116,0.052933,-0.197301,-0.205333,0.046331,0.038945,-0.178528,0.340499,-0.032215,0.002891,-0.110231,-0.28016,-0.197218,-0.090362,-0.490428,0.178218,-0.397076,-0.149865,0.113973,0.131318,0.065178,-0.203748,0.12827,-0.108453,-0.311295,0.209793,-0.109764,-0.042215,0.351966,-0.283021,-0.099393,0.108496,0.023937,-0.35879,0.036921,-0.294672,0.13919,-0.062617,0.144475,-0.137884,0.353704,-0.057103,-0.374538,0.0,-0.098314,0.11074,-0.218299,-0.200819,-0.126988,0.05917,-0.213794,-0.136529,-0.015127,0.055137,0.134929,-0.361449,0.280294,-0.154653,0.106106,-0.038496,-0.012376,0.114611,0.146185,0.268098,0.366645,-0.370394,-0.029286,-0.093166,-0.215455,0.116626,0.043763,0.132804,0.269007,0.092062,0.010796,-0.320691,0.321047,0.003299,0.249416,-0.382824,-0.072918,0.124063,0.02636,-0.203526,0.099589,0.17818,-0.316714,-0.011953,-0.213624,-0.142273,0.221743,0.023442,-0.148594,0.557844,0.122893,0.083936,-0.023447,-0.21029,-0.148396,0.004037,0.221314,0.202408,0.148805,0.009414,-0.149132,0.162874,-0.109936,#
14,0.21059,0.042818,-0.194674,-0.119506,-0.028487,0.022887,0.111875,0.209391,0.33223,-0.637418,0.22356,-0.061204,0.104057,-0.05528,1.0,0.166775,-0.027227,-0.337916,0.190898,-0.220667,-0.182024,0.431425,-0.018968,0.130685,-0.287426,0.09867,-0.084036,0.173034,0.177041,-0.266083,-0.290888,0.212922,0.001273,0.032787,-0.17288,-0.301278,0.228111,0.213616,0.519122,0.101611,-0.219425,-0.026617,0.04703,-0.180837,-0.278985,0.542713,0.320591,-0.407383,-0.031677,-0.000372,0.085095,0.385305,-0.090091,-0.084024,0.085974,0.313803,-0.130279,0.515513,-0.321568,0.220694,0.30776,0.001339,0.048816,0.4998,0.162359,0.425167,-0.283002,-0.180561,0.19862,0.082842,0.253579,0.173493,0.205534,-0.059507,-0.187486,-0.208035,0.020916,0.246344,-0.031928,-0.031911,-0.115025,0.053532,-0.097051,0.044685,-0.106509,0.039907,-0.04686,-0.288639,0.043124,-0.029948,0.011227,-0.036291,0.314165,-0.052012,0.107009,0.025577,-0.290486,-0.041339,-0.361253,-0.046839,0.043001,0.205985,-0.187064,-0.211743,0.121854,0.394692,-0.292406,0.086842,0.12875,-0.114249,-0.501812,-0.354326,-0.091364,0.286001,-0.115622,0.029216,-0.362689,0.15671,-0.36631,-0.122675,0.028229,-0.326708,0.123501,-0.153561,0.177283,0.127917,0.196849,0.154021,0.014182,-0.30179,0.270828,-0.303827,-0.185154,-0.703869,-0.09573,-0.137154,0.0,-0.06174,0.35446,0.055995,-0.129904,-0.28215,-0.243219,-0.102952,-0.187385,0.00685,-0.214964,-0.195051,0.05812,-0.425885,0.168166,0.074228,-0.121225,-0.145767,0.036798,-0.318086,-0.16937,0.064399,-0.11618,-0.31263,-0.074289,-0.178296,-0.103481,-0.355995,-0.103646,-0.097714,-0.080096,0.093699,-0.074133,-0.136888,-0.334752,0.239742,-0.18161,0.073861,-0.074001,-0.021713,0.038409,0.209561,-0.179018,-0.129265,-0.060686,0.536261,0.279598,-0.083727,0.135122,0.097056,0.131394,0.406491,0.349613,-0.101312,-0.122154,0.296921,-0.024759,0.220985,-0.045577,-0.298513,0.139769,-0.18575,0.04167,0.125602,#
15,0.240788,-0.284451,-0.157027,-0.350808,0.206552,0.033036,0.432158,-0.295011,0.181131,-0.058153,0.299982,0.318691,0.247375,0.032817,0.166775,1.0,0.058984,-0.366548,0.16877,-0.077646,0.034849,0.044512,0.033463,-0.128931,-0.542266,0.058833,-0.321242,0.017337,0.230516,-0.029133,-0.392686,0.030807,-0.357251,-0.022204,0.157935,0.00406,-0.014691,0.132393,-0.187901,0.016688,-0.220454,-0.061236,-0.264829,-0.189638,0.170087,0.195341,0.224754,0.037834,0.119351,0.046615,0.152097,0.018856,0.072591,0.087439,-0.15651,-0.019649,0.000869,0.204959,-0.003048,-0.0559,0.206299,-0.094578,0.162818,0.316418,0.113267,0.034181,-0.072982,0.113684,0.235413,-0.292689,0.154526,-0.16664,-0.247347,-0.293975,-0.340282,0.32267,-0.36663,-0.111666,-0.320249,-0.335971,-0.323939,-0.095915,-0.462433,-0.136679,-0.275616,-0.164975,-0.481323,-0.375645,0.007565,-0.158881,-0.103493,-0.130384,0.192834,-0.452784,-0.311786,-0.227276,-0.208309,-0.663024,-0.33189,-0.294971,0.394981,-0.016049,-0.408557,-0.10752,0.006623,0.039372,-0.537589,-0.116377,-0.216137,0.037898,-0.29158,-0.44738,-0.244708,-0.09821,-0.229703,-0.046695,-0.297809,-0.167174,-0.422509,-0.174824,-0.122797,-0.366612,-0.00371,0.196475,-0.004996,-0.144938,-0.348719,0.393551,-0.357631,-0.369041,-0.347041,-0.190329,-0.238709,0.026168,-0.170101,-0.373395,0.0,-0.445211,-0.093175,-0.120115,-0.183554,-0.253464,-0.273065,-0.056662,-0.475704,0.483437,-0.461322,0.304241,-0.225884,-0.398369,-0.241696,-0.239632,-0.421915,-0.358965,-0.570741,-0.369041,0.074909,0.158581,-0.267847,-0.361729,-0.698178,-0.372382,-0.047241,-0.338781,-0.006539,0.300676,0.018466,0.305602,-0.052855,-0.483584,0.227879,0.251271,-0.293088,-0.335915,0.158565,-0.436984,-0.006818,0.172461,-0.262339,-0.235979,0.414113,0.38389,0.407958,0.567516,0.435092,-0.032211,0.292466,-0.079104,0.497855,0.35908,-0.403192,0.514222,0.566866,0.294848,-0.127584,0.172053,0.732396,0.106715,-0.333871,0.240389,#
16,0.129446,-0.028597,-0.125725,-0.05127,0.031876,-0.042436,-0.125703,-0.052326,0.184437,-0.371367,0.169148,-0.039456,0.043646,0.032143,-0.027227,0.058984,1.0,-0.272847,0.058783,-0.251638,-0.434223,-0.085481,0.041755,0.194765,-0.173492,-0.274464,-0.153258,0.225269,0.012212,-0.315407,0.143092,0.428822,-0.001667,-0.209993,-0.013912,-0.519444,-0.053257,0.012756,-0.106306,0.100272,-0.11687,-0.143084,-0.072808,-0.18618,-0.059316,0.099767,0.057347,-0.071808,-0.054156,0.173773,0.311241,0.080375,0.102162,0.131819,0.168568,0.164194,-0.054977,0.054117,-0.202769,-0.168253,0.029427,-0.301448,-0.015358,0.304793,0.046125,-0.110846,0.280405,-0.198735,-0.081844,0.071013,-0.21834,0.188155,0.2171,-0.252912,-0.276349,0.226671,-0.169015,-0.015947,0.057777,0.024582,0.112517,-0.020653,0.273861,0.305859,-0.17136,-0.031943,0.214287,-0.03849,-0.020484,-0.421367,0.406252,0.035492,0.080058,-0.126665,0.05994,-0.164996,0.141833,0.052246,0.017004,-0.325142,0.34467,-0.017356,-0.13784,0.059173,0.035983,-0.193332,0.322559,-0.202772,-0.286056,0.321027,-0.160781,-0.137502,-0.029253,0.228141,-0.039405,-0.020485,0.21474,-0.103894,0.067726,0.271545,-0.025361,0.039286,-0.255613,-0.124581,0.130094,-0.411227,-0.186337,0.078632,-0.170483,-0.028438,-0.024283,-0.204169,0.188768,-0.162095,0.316846,-0.023655,0.0,-0.25957,-0.442842,0.119558,-0.041775,0.332803,-0.117872,0.184054,-0.110444,-0.006574,-0.101077,0.028866,-0.022849,-0.177055,0.227227,0.152461,-0.185211,-0.201062,-0.177152,-0.205154,-0.262067,0.187919,-0.028058,-0.191053,-0.124164,-0.02842,-0.015125,-0.279804,0.288048,-0.048431,0.090066,0.089783,0.087843,0.151613,0.363032,0.015844,-0.005125,0.152297,-0.329632,-0.134281,-0.217595,-0.193769,-0.233321,0.127501,-0.064718,-0.34036,0.528184,0.00986,0.04659,0.011575,-0.161687,-0.0706,0.064249,-0.166482,0.135236,0.049864,0.207484,0.295518,0.353097,-0.011106,0.195187,0.21557,-0.165002,0.286067,#
17,-0.050412,0.161037,0.345822,0.107118,-0.211851,0.071475,-0.229895,-0.072199,-0.004037,0.344866,-0.412455,-0.03228,0.093765,0.210581,-0.337916,-0.366548,-0.272847,1.0,-0.053091,0.33721,-0.01443,0.111933,0.255384,0.272775,0.563772,-0.204365,0.340889,-0.14332,-0.152023,0.09049,0.471713,-0.175733,0.224431,0.273138,-0.185257,0.097314,0.258467,-0.23857,0.151932,-0.190625,0.315402,0.245428,0.295106,0.023993,0.170105,-0.325628,0.186921,0.458295,0.004425,-0.136422,0.079498,-0.152395,-0.34098,-0.190445,-0.3753,-0.177465,0.01593,0.035034,-0.081106,-0.263155,-0.2634,-0.123137,-0.116993,-0.311772,-0.086241,-0.073134,0.21197,-0.121146,-0.019956,0.417371,-0.127312,-0.140515,-0.294818,0.395756,0.337825,-0.337987,0.193252,-0.167404,0.153385,0.195395,0.114356,0.07911,0.18495,0.027436,0.603843,0.115712,-0.028871,0.103857,-0.062663,-0.010086,0.185721,0.105299,-0.110746,0.511838,0.258699,0.020536,0.15594,0.515179,0.333638,0.127974,-0.184091,-0.167927,0.019603,0.333334,0.020143,0.203467,0.090677,0.279134,0.273252,0.083951,0.406661,0.18375,0.416961,-0.008241,0.277163,-0.109491,0.087081,-0.106167,0.603164,-0.119993,-0.145541,0.255468,0.185939,-0.220199,-0.330874,0.192493,0.082136,-0.289316,-0.100462,0.229377,0.288394,0.457569,0.423568,0.260435,0.110322,-0.036143,0.0,0.476817,0.274479,-0.168869,0.271234,0.086245,0.211479,-0.219113,0.126269,-0.141974,0.290933,0.086935,-0.290787,0.616594,0.035785,0.045262,0.291397,0.471857,0.304418,0.428813,0.33723,-0.168792,0.063055,0.457134,0.465465,0.403946,0.07937,0.725634,0.141675,-0.184399,0.152652,-0.191532,-0.338778,0.273696,-0.10643,0.098988,0.20673,0.087193,-0.133069,0.432238,0.312029,0.044521,0.258981,-0.173421,-0.176513,-0.139829,-0.652576,-0.301668,-0.33673,0.043419,-0.031477,0.271449,-0.544762,0.016477,0.090627,-0.562208,-0.211207,-0.250311,0.010239,-0.152755,-0.382179,-0.094003,0.344299,-0.485489,#
18,0.244129,0.079927,-0.025346,-0.029498,0.060771,0.08053,0.154895,0.223778,0.125537,-0.082862,0.07173,-0.119221,0.14864,0.274787,0.190898,0.16877,0.058783,-0.053091,1.0,-0.10296,-0.184337,0.443794,-0.262285,-0.054513,-0.593382,-0.162654,-0.258399,0.419945,0.042357,-0.555561,-0.145203,0.551811,-0.028622,-0.102283,-0.053404,0.064166,0.349167,0.660721,0.040047,0.012002,0.376249,-0.124079,-0.102675,-0.066928,-0.21282,0.033536,0.172727,-0.293996,-0.173064,0.043994,-0.254828,0.335993,0.35479,-0.055184,-0.261802,-0.383654,-0.241365,0.215372,-0.174612,-0.226913,0.05833,-0.02848,0.275293,-0.093105,0.261588,-0.053878,0.236587,-0.109261,0.08739,-0.16457,-0.308563,-0.12298,0.114835,0.153214,-0.048945,-0.191512,0.216584,-0.36014,0.092314,-0.063936,0.007143,0.038139,-0.148521,-0.298515,0.049651,0.082957,0.084606,0.05042,-0.279939,0.307919,0.42558,0.129068,0.10246,0.159583,0.133394,0.031012,0.072282,0.092314,0.137708,-0.285285,-0.009002,0.06559,-0.088864,0.163278,0.109907,-0.029836,-0.192422,-0.095272,0.250795,-0.094464,-0.120664,0.034565,0.055868,0.129769,0.061684,-0.102318,0.117484,0.079371,0.155646,-0.174147,0.103219,-0.068973,0.294827,0.274273,-0.056914,0.12846,-0.114032,0.132787,0.040478,0.218975,0.154186,0.266442,0.128776,-0.24593,0.355758,0.044204,0.0,-0.005234,-0.24166,-0.004514,0.076686,0.082993,-0.170489,-0.089994,0.110019,0.26365,0.135539,0.110206,-0.290872,0.062093,0.080746,0.178538,0.202753,-0.080962,0.047548,-0.070727,0.159801,0.027132,-0.000491,-0.243766,-0.047513,0.099093,0.074468,-0.022059,0.688031,0.209637,0.243306,-0.182702,-0.169842,0.393191,-0.204703,0.404982,0.128531,0.01783,-0.098685,0.081611,-0.06737,0.049627,-0.071758,-0.061761,0.004133,0.074268,-0.085684,0.161981,-0.015148,0.070791,0.401496,-0.087714,0.006649,-0.237142,0.021869,-0.054208,0.125689,0.103503,0.103664,0.077723,-0.008801,-0.080047,0.185692,-0.021525,#
19,-0.321616,-0.419649,-0.127584,0.060232,-0.38572,-0.089097,-0.32391,0.066547,-0.196959,0.037053,0.067581,-0.410789,-0.165705,-0.266764,-0.220667,-0.077646,-0.251638,0.33721,-0.10296,1.0,0.050069,0.318322,-0.00859,0.155469,0.212904,0.295574,0.206079,0.125309,-0.405098,-0.01685,0.50274,-0.221268,0.403485,0.276293,0.331341,-0.152821,0.008495,-0.019961,0.049738,0.244245,-0.032369,0.135901,0.025851,-0.266673,0.014316,-0.076428,-0.226343,-0.048989,0.074003,-0.381931,0.161511,0.106795,-0.27514,-0.178526,-0.245556,0.131998,0.114786,-0.20642,0.118466,-0.252411,-0.06314,-0.199174,0.315881,-0.202908,0.129351,-0.047896,0.085657,0.07399,-0.139405,0.273337,-0.169777,0.265195,-0.152468,0.328554,0.537993,-0.328087,0.255336,0.222564,0.364518,0.367995,0.28579,0.461152,0.205452,-0.107955,0.498513,0.272772,0.020354,0.438319,0.219655,0.226952,0.016359,0.176862,-0.172559,0.315711,0.480337,0.215618,0.205385,0.36819,0.373107,0.133602,-0.334074,-0.102616,0.148584,0.462364,0.367995,0.353952,0.089039,0.58295,0.082102,0.15604,0.460565,-0.275771,0.185128,-0.041218,0.268425,0.428616,0.498798,0.074388,0.195492,0.054296,0.166171,0.102521,0.35301,0.220595,-0.277564,0.388936,0.343736,-0.309198,0.266764,0.175928,0.271259,0.216838,0.315085,0.175292,0.271491,0.193606,0.0,0.459637,-0.029214,0.374082,0.349904,-0.026857,0.279306,0.069825,0.198069,0.281193,0.459637,-0.267031,0.319517,0.282503,0.144194,0.163398,0.433036,0.405484,0.306548,0.541198,0.093697,-0.566614,0.296643,0.555696,0.178639,0.357558,-0.056928,0.567411,0.125583,-0.281873,0.072221,0.16159,-0.005844,0.218438,-0.063239,-0.415023,0.364431,0.27997,-0.278734,0.319909,0.387918,-0.134594,0.01333,0.407912,-0.285695,-0.090235,-0.573975,-0.119478,-0.256978,0.458868,-0.334651,0.017432,-0.117654,-0.084811,0.089504,-0.361782,-0.365716,-0.509579,0.097947,-0.047623,-0.359528,0.323681,0.167794,-0.373307,#
20,-0.367829,-0.02391,-0.285042,0.134178,0.03284,0.46231,0.046107,0.005653,-0.256453,0.131394,-0.053385,-0.037433,-0.438204,0.049721,-0.182024,0.034849,-0.434223,-0.01443,-0.184337,0.050069,1.0,-0.284046,-0.145712,-0.414162,0.101516,0.239389,0.007017,0.024541,-0.102467,0.47353,0.084071,-0.19575,-0.018464,-0.047281,-0.105183,0.068395,-0.213829,-0.13788,0.101443,0.073791,0.032247,-0.247332,0.132027,0.228897,-0.008107,0.134546,-0.567452,0.022789,0.208447,-0.294354,0.046198,-0.218751,0.075145,0.015147,-0.108255,0.284913,0.526089,-0.301324,0.102258,0.26279,0.009864,-0.053961,0.091591,-0.018134,-0.356642,-0.054749,-0.306733,0.466465,-0.209967,-0.002553,0.245178,-0.01707,0.194741,0.210517,0.212037,0.015809,0.295604,0.285212,0.044768,0.050981,-0.038934,-0.021566,-0.058786,-0.190655,0.116249,-0.041456,-0.126297,0.125914,0.324199,0.201879,-0.158316,0.219464,0.041885,-0.109585,-0.10277,-0.022261,-0.039424,-0.111237,0.040539,0.488553,-0.217878,0.131642,0.191144,0.067749,-0.108243,-0.021846,-0.090075,-0.051665,0.206259,-0.350139,0.075958,0.090274,-0.236706,-0.271442,0.127946,-0.019062,0.223493,0.19249,-0.312491,0.149215,0.157229,0.171527,0.227632,0.262754,-0.08379,0.054294,0.160314,-0.026421,-0.065178,0.159914,-0.251197,0.141765,-0.311642,0.106384,-0.05458,0.133557,0.0,0.055874,0.060989,0.128951,-0.01045,-0.043752,-0.121154,-0.165896,0.19713,0.002191,0.227242,0.124829,0.271959,0.104721,-0.153426,-0.081261,-0.020443,0.135489,-0.051195,-0.017139,-0.00963,-0.136956,-0.026606,-0.026098,-0.117254,-0.210981,0.10386,0.040167,-0.353765,-0.077091,0.091347,0.042798,0.283331,-0.024221,-0.122168,-0.438501,-0.203513,0.098153,0.24998,-0.129382,0.15225,-0.057152,-0.190465,-0.09869,0.158242,-0.194349,-0.106113,0.256689,0.202266,-0.246385,0.048023,-0.364561,0.113155,0.119309,0.121322,0.049573,-0.127133,-0.443214,-0.107576,0.096265,-0.120927,-0.122216,-0.131233,0.280097,#
