0,1.0,0.23537,-0.187446,-0.265972,0.435205,0.105621,0.257975,-0.293818,0.144794,0.201182,0.243288,-0.085101,0.05625,0.067332,-0.111575,6.5e-05,-0.149205,-0.374474,0.378497,-0.092416,0.1052,-0.027236,0.331447,-0.094353,-0.002345,-0.293291,-0.234666,0.073088,0.069141,0.142274,-0.413201,-0.104748,0.35733,-0.331982,0.409855,0.182197,0.290693,0.055232,0.046971,0.352739,-0.089444,0.036185,-0.332758,-0.142654,0.204678,0.041911,0.080881,0.168662,0.097779,0.097466,0.223486,-0.384755,0.153601,0.1135,0.248861,0.022586,-0.046884,-0.041025,-0.287131,0.247089,0.067971,-0.100858,-0.177476,0.375273,-0.332948,0.047144,-0.020687,0.131898,-0.13092,-0.136835,0.150336,0.087563,0.161869,-0.13582,-0.199457,0.21956,-0.308075,-0.147864,-0.079491,0.045495,0.139013,-0.123228,-0.243472,-0.177159,0.036339,-0.135021,-0.254631,-0.070573,-0.062786,-0.280141,-0.250767,-0.053399,0.029975,-0.438879,0.045872,-0.152528,-0.380996,-0.420667,-0.189353,-0.222168,0.014043,0.171602,-0.001154,-0.249915,0.033582,-0.231152,0.105748,0.150917,-0.020915,-0.090848,0.118378,0.228644,-0.327356,-0.266935,0.004656,0.138088,-0.164713,-0.008767,-0.20517,0.058798,-0.295529,0.035489,0.037758,-0.150233,-0.141867,0.147588,0.104777,0.149903,0.082759,-0.219519,-0.027139,-0.41686,-0.275809,0.192838,0.025913,-0.041183,0.008302,0.304732,0.111173,0.102495,-0.023518,0.309934,-0.21743,-0.18578,-0.082052,-0.225396,-0.249536,0.011902,-0.057778,-0.319602,-0.065385,0.089215,-0.532191,-0.216158,0.461073,-0.208965,0.372369,0.065988,-0.383638,-0.017703,-0.24087,-0.115473,-0.092466,-0.154679,0.06007,-0.18868,0.210211,0.173054,-0.186771,-0.209244,0.023867,0.029161,0.150797,0.012888,0.024984,-0.105611,-0.001727,-0.158812,0.106377,-0.329,-0.020449,0.262493,-0.112938,0.37276,0.18173,-0.091784,0.279687,-0.021808,0.122294,0.225241,-0.119806,0.13954,0.465252,0.061067,-0.260769,0.485822,0.28732,-0.23356,-0.054147,-0.067551,#
1,0.23537,1.0,-0.207247,-0.001376,0.012356,0.191823,0.470895,0.045015,-0.269764,0.191628,0.008657,-0.123954,-0.179779,0.165144,0.194082,0.186633,0.262939,0.063549,0.453287,0.010582,0.42742,-0.061576,0.034438,-0.255656,-0.053178,-0.129195,-0.056376,-0.070108,0.204316,0.034233,-0.161187,0.110829,0.218897,-0.198288,-0.077893,-0.021579,-0.011527,-0.410756,0.129645,0.048542,-0.023052,0.311713,-0.243081,0.223062,0.224367,-0.018537,0.133632,-0.221525,0.192211,0.460804,0.011301,0.085963,0.2716,0.151861,0.314803,-0.098065,0.265112,-0.156805,-0.353669,-0.147583,0.197942,-0.020336,0.064477,0.024878,0.18259,0.358666,-0.262454,-0.144715,-0.201253,-0.334189,-0.130293,-0.002387,0.038547,-0.232834,-0.106617,0.045275,-0.326444,-0.04564,0.177784,0.043257,0.068837,-0.068901,-0.08144,0.022423,-0.142272,-0.06434,-0.084928,-0.201457,0.089615,-0.166923,-0.286464,-0.022113,-0.156074,-0.162874,-0.047153,-0.057072,-0.005251,0.053687,0.297653,-0.014333,0.139632,0.28409,0.076477,-0.272,-0.398547,-0.039176,0.168538,-0.079258,-0.360574,-0.118837,0.127245,0.179463,-0.167093,0.110196,-0.157518,0.219324,-0.084256,0.084509,-0.006477,-0.309401,-0.222985,-0.318807,-0.420479,-0.069328,-0.116906,-0.257628,-0.02175,-0.264773,-0.382344,-0.216231,0.047153,-0.294871,-0.086373,-0.128658,-0.175322,-0.381995,0.122154,0.21914,0.283078,-0.184385,-0.119796,-0.163328,-0.028518,-0.064716,-0.168384,-0.263656,-0.326639,0.177021,-0.209072,-0.229386,0.07761,-0.121598,0.0106,-0.150657,-0.152961,-0.035204,0.283295,-0.061714,-0.278245,0.113011,-0.183864,0.027881,-0.469767,-0.218235,-0.045665,0.397904,0.317064,0.127259,-0.313789,-0.601345,0.154283,0.302295,0.027773,-0.139041,0.137215,-0.273594,0.06086,-0.227007,0.147617,-0.136742,0.029954,0.027331,0.067734,0.280199,0.38066,-0.298066,0.185865,-0.248192,0.084339,0.245289,0.002102,0.111484,0.035526,-0.06388,-0.360004,-0.071832,0.335609,-0.184185,-0.140234,0.068754,#
2,-0.187446,-0.207247,1.0,-0.188683,-0.155591,-0.13318,0.031316,-0.069307,0.05217,-0.054703,0.151173,-0.024991,0.070245,-0.006859,-0.192923,0.024521,-0.111173,0.204236,-0.068394,0.165422,-0.114661,0.192924,-0.211996,0.090894,-0.093158,0.269229,0.365326,-0.216666,0.007691,-0.492756,0.074291,0.329094,-0.066036,0.12798,-0.193584,0.071442,0.184172,0.504028,-0.099604,-0.281327,-0.080587,0.268738,0.056686,-0.098988,-0.075044,-0.279131,0.067763,0.044573,-0.16871,-0.185241,0.038097,-0.1257,0.186378,-0.217877,-0.149391,-0.264171,-0.148601,-0.091061,0.2667,-0.155171,0.068201,-0.265363,0.030659,-0.29196,0.270553,0.020628,0.208364,0.053614,0.214595,0.224018,0.151737,0.113497,-0.258064,0.198735,-0.000406,-0.014684,0.068413,0.097982,0.123942,0.06512,0.191102,0.271747,-0.013185,0.23947,-0.099133,0.10873,-0.027944,0.036264,0.131691,0.266442,-0.03077,0.029139,0.244886,0.276787,-0.062904,0.044953,0.286135,-0.34967,0.248357,0.202226,-0.262172,-0.315691,0.050424,0.147322,0.362023,0.342605,-0.074342,0.09107,0.257606,-0.143311,-0.128427,-0.333221,0.099773,0.255735,0.437511,-0.127804,-0.055725,0.029928,-0.240226,-0.118174,0.167345,0.114013,-0.03807,-0.052577,-0.052064,0.253733,0.504872,0.052523,0.247339,-0.009623,0.357694,0.125482,0.109102,0.083401,0.368228,-0.016736,0.03388,0.350272,0.125864,0.363326,0.020418,0.450287,0.056574,-0.07071,0.013174,0.226954,0.162188,0.076841,0.039828,0.324939,0.183921,0.168217,0.13279,0.253289,0.330244,0.193448,0.077215,-0.046969,0.271247,-0.173723,0.473648,0.226516,-0.023589,0.19285,0.364902,-0.3036,0.024118,-0.051389,0.075437,0.154687,-0.266385,-0.029602,-0.255741,0.104267,-0.250389,0.006512,0.250173,-0.243552,0.019747,-0.135648,0.070028,0.128051,-0.099678,-0.174067,-0.202144,0.167873,0.152439,0.432929,-0.244224,-0.069194,0.207754,-0.127865,-0.252176,0.32205,-0.158432,-0.107512,0.074054,0.256627,0.156394,0.137679,#
3,-0.265972,-0.001376,-0.188683,1.0,-0.205382,-0.353007,-0.353785,-0.167625,-0.531749,-0.462249,0.018848,-0.30062,-0.34363,-0.568173,-0.134805,-0.0307,0.276991,0.141307,-0.159347,-0.32114,-0.051516,-0.162131,-0.452709,-0.30479,-0.084592,0.075641,-0.269422,0.030534,-0.187076,-0.182065,0.263203,-0.289788,-0.282611,0.063303,0.05245,0.092992,-0.106081,-0.08159,0.072669,0.251666,0.052815,-0.269538,0.053059,0.221893,-0.105053,0.435468,-0.333761,-0.000911,0.205516,-0.076764,-0.004435,0.423176,-0.192505,0.084708,0.183241,-0.331861,0.281348,0.283822,-0.036115,-0.256226,-0.481137,0.247927,0.545987,-0.08733,-0.02137,-0.364949,-0.012896,0.163096,-0.184794,0.172908,0.276213,-0.327153,0.038332,-0.070667,0.165389,0.097058,0.416856,0.089296,0.023204,-0.264975,-0.203147,0.200451,0.319587,0.101842,0.416856,-0.306299,-0.013874,0.2652,-0.165139,0.428454,-0.161868,0.112606,0.084449,-0.101339,0.024277,-0.060634,0.511685,0.17039,0.075789,0.345183,0.417251,0.259712,0.26137,0.330948,-0.176303,-0.000858,0.450533,0.07312,-0.23196,0.194784,-0.054363,0.025784,0.387633,0.088716,-0.092257,0.004007,0.260377,-0.059222,-0.14637,0.350605,0.05275,0.414449,0.177247,0.260401,0.302177,-0.081921,-0.666516,-0.170385,-0.092926,0.173544,-0.193764,0.171081,0.36623,0.043146,0.007737,0.149756,-0.044295,-0.073327,-0.167328,0.128041,0.136669,-0.335995,0.319308,0.364567,0.500024,0.218214,-0.180841,0.189966,0.446196,-0.146749,0.161815,-0.185527,0.043074,-0.038503,-0.085846,0.169781,-0.64644,-0.175093,0.417709,0.146054,0.14003,-0.081896,0.004892,0.172999,-0.125709,-0.22466,-0.048491,0.046064,0.152295,-0.016662,0.396334,0.214544,0.056619,0.21842,-0.079492,0.155928,-0.23196,0.253522,-0.694849,0.434229,-0.378531,-0.146718,0.416749,-0.11834,-0.097335,-0.16584,-0.335723,-0.260144,0.275699,0.055886,-0.007322,-0.134882,0.046246,-0.138292,0.403518,-0.198129,-0.039781,0.116002,-0.237439,-0.164879,#
4,0.435205,0.012356,-0.155591,-0.205382,1.0,0.062793,-0.112631,-0.296424,0.23463,-0.032603,0.441355,0.155281,0.055508,-0.219469,-0.010053,0.022589,0.097126,-0.314768,0.135159,-0.060417,-0.095348,-0.37463,0.131517,-0.054377,-0.091672,-0.252926,-0.216471,0.153072,0.181269,0.184649,-0.335155,-0.074108,0.104827,-0.041161,0.141598,0.237634,0.132647,-0.058868,-0.084965,0.387288,-0.11924,-0.390931,-0.26975,-0.010494,-0.055699,0.225176,-0.290804,0.070056,0.275733,0.513443,-0.005319,-0.157486,0.124141,0.490766,0.30047,0.117063,-0.126412,0.061669,0.028857,0.22408,-0.162205,-0.270758,-0.11121,0.084489,-0.230729,0.056939,0.526005,-0.045642,-0.048607,-0.261219,-0.128884,-0.089438,0.172315,0.22385,-0.003662,-0.053039,-0.104555,-0.094871,-0.184756,-0.088581,-0.109291,0.08927,-0.018808,-0.089772,0.224676,-0.048615,0.153211,0.019893,-0.010557,-0.260139,0.161548,0.331946,0.068659,-0.110493,0.109712,0.052925,-0.184282,0.010709,-0.421646,0.003946,0.169667,0.169137,0.036854,-0.018579,0.337047,-0.005055,-0.300665,0.370115,-0.167378,0.310428,0.025359,-0.027263,-0.250126,-0.256284,-0.05577,0.196892,-0.081451,0.390537,-0.446226,-0.143486,-0.491571,0.292955,0.1102,-0.099757,-0.051176,0.085211,0.039917,0.311542,0.128495,-0.165591,0.204153,-0.341106,-0.044594,-0.165849,0.162361,0.18283,0.067917,0.313879,-0.201013,0.164217,0.026369,0.077553,-0.507028,0.227442,-0.045571,-0.367263,-0.229993,-0.138312,0.006891,-0.048756,0.188985,0.180941,-0.266417,0.036867,0.318086,0.007927,0.167131,0.007476,-0.448752,0.239856,-0.293826,-0.266004,-0.070469,-0.053679,0.012362,0.071283,0.235868,0.169041,-0.175957,0.198252,-0.054055,0.084724,0.153291,0.08291,-0.241151,0.16616,0.024053,0.230502,0.222744,0.042974,-0.257445,0.159008,0.106418,0.12467,0.12577,0.179419,0.334104,0.081207,0.355533,-0.187844,-0.011826,0.189624,0.179806,-0.101588,-0.111501,0.204798,-0.109622,-0.103979,-0.046278,-0.331188,#
5,0.105621,0.191823,-0.13318,-0.353007,0.062793,1.0,0.525396,0.474321,0.06234,-0.056354,-0.017589,0.481165,0.046578,0.235542,0.012423,-0.152817,0.109628,-0.079374,0.135558,-0.214874,0.238493,-0.08145,0.119141,-0.097933,0.063209,0.092539,0.21174,-0.035735,0.024211,0.37821,-0.35163,-0.130584,-0.21503,-0.036453,-0.026204,0.087255,-0.035714,-0.197695,0.04248,-0.012993,-0.303372,0.162602,-0.25496,-0.193241,0.099559,-0.112161,0.28552,-0.31735,-0.277979,0.315734,-0.146997,-0.153754,0.024356,0.209222,-0.121067,0.135984,-0.097509,0.264365,-0.335478,-0.061202,0.048372,-0.264351,-0.11074,0.301938,-0.103113,0.422158,-0.112794,0.120774,-0.128776,-0.447098,0.090078,0.115435,-0.052715,0.061531,-0.025552,0.164413,-0.414692,0.05243,-0.342586,-0.246647,-0.267093,-0.522781,-0.173948,0.178333,-0.414692,-0.349831,0.001038,-0.127971,-0.166932,-0.263749,-0.160303,-0.436435,-0.420525,-0.123167,-0.190667,-0.251707,-0.366638,-0.164767,-0.288277,-0.358466,-0.008212,-0.046512,-0.101873,-0.338097,-0.341128,-0.342675,0.0157,0.126676,-0.357611,-0.003268,0.323282,0.249954,-0.557035,-0.283288,-0.215744,0.005909,-0.296598,0.2111,0.195847,-0.193156,-0.269175,-0.414671,-0.038953,-0.12778,-0.051893,-0.260428,0.029137,0.045511,-0.369099,-0.163327,-0.106851,-0.026622,-0.056383,-0.072646,-0.355209,-0.142411,0.459044,0.079295,0.105568,-0.602872,-0.156544,0.146384,-0.027714,-0.051985,-0.359453,-0.392172,0.180807,0.144134,-0.295694,0.144972,-0.163176,-0.167033,-0.059123,0.051925,-0.046508,-0.359754,0.057113,0.176903,-0.628976,-0.150991,-0.245939,-0.263069,-0.008596,-0.245707,-0.139604,0.056165,-0.357611,0.097871,-0.168502,0.025906,0.128844,-0.19209,-0.071574,-0.39374,0.081841,-0.481558,-0.151825,0.107249,0.211215,-0.125029,0.208821,-0.173872,0.151396,0.303733,0.601224,-0.169545,0.009066,-0.082494,-0.092588,0.279284,-0.019852,0.154332,0.182177,-0.150053,-0.282184,0.034653,0.197049,-0.147464,-0.45172,-0.01517,#
6,0.257975,0.470895,0.031316,-0.353785,-0.112631,0.525396,1.0,0.272626,0.236921,0.209359,0.014127,0.192754,0.072511,0.339847,0.020362,0.272182,0.176031,0.273839,0.169936,-0.010361,0.077925,0.128,0.4114,-0.134051,0.092343,0.173861,0.189885,-0.1253,0.296413,0.100739,-0.435951,-0.184097,0.06375,-0.344205,0.097665,0.134224,0.044011,-0.32656,0.235881,-0.082337,0.119724,0.335054,-0.137392,-0.063056,0.331014,-0.243884,0.4203,-0.213956,-0.219575,0.378801,0.117073,-0.225231,-0.042338,0.143339,0.256398,0.166325,0.001767,-0.034987,-0.239095,-0.061565,0.108743,0.094809,-0.009709,0.397602,0.159974,0.399092,-0.415475,0.189335,-0.185989,-0.371393,0.171576,0.265731,-0.123823,-0.410794,-0.322683,0.468525,-0.556865,-0.250878,-0.18842,-0.206442,-0.11175,-0.551552,-0.483561,0.185761,-0.725519,-0.228025,-0.300316,-0.333287,-0.308625,-0.39965,-0.481731,-0.496972,-0.556263,-0.249122,-0.213436,-0.580828,-0.363584,-0.421418,-0.021483,-0.289375,-0.143134,-0.117341,-0.273279,-0.305856,-0.277578,-0.472887,-0.006544,0.005321,-0.248899,-0.312534,-0.19431,0.213624,-0.466115,-0.402281,-0.115337,-0.324491,-0.197581,-0.103209,0.085485,-0.303297,-0.370427,-0.489776,-0.387336,-0.467302,-0.171497,-0.34504,0.173756,0.13214,-0.356236,-0.279213,-0.278603,-0.504011,-0.568071,0.019488,-0.457403,-0.257296,0.192647,0.024208,0.15141,-0.484385,-0.241745,0.29599,-0.126859,-0.484025,-0.513756,-0.28314,-0.271796,0.554873,-0.501543,-0.173385,-0.216663,-0.231276,-0.15284,-0.061518,-0.109157,-0.472773,0.109999,0.44947,-0.373104,-0.235983,-0.032429,-0.223537,-0.390893,-0.251131,-0.107724,0.203057,-0.236998,-0.061506,-0.491698,-0.271656,0.044098,-0.051725,-0.143223,-0.436104,0.263094,-0.556917,-0.256681,-0.054966,0.339981,-0.626181,0.536172,0.01308,0.034276,0.462561,0.573224,-0.396648,0.024532,-0.156458,-0.248071,0.092826,-0.290489,0.187049,0.238349,0.146221,-0.607627,0.217312,0.341376,-0.261399,-0.360939,0.366108,#
7,-0.293818,0.045015,-0.069307,-0.167625,-0.296424,0.474321,0.272626,1.0,-0.082731,0.151422,-0.438293,0.134128,0.334539,0.292406,0.317805,-0.061419,0.035063,0.220892,0.174759,0.026604,0.348534,0.386701,-0.070975,0.142819,0.236518,0.267196,0.042589,-0.361716,0.045015,0.170345,-0.184013,-0.174919,-0.073298,0.207643,-0.33759,-0.380137,-0.230685,-0.142413,0.29231,-0.430394,0.150232,0.148324,0.01887,-0.317942,0.002817,-0.262094,0.42527,-0.320923,-0.264308,-0.150605,-0.200359,-0.130298,0.118271,-0.082592,-0.053888,0.28928,0.041705,-0.15759,-0.232761,-0.010384,0.161659,-0.189446,-0.227931,0.170625,-0.016578,0.275883,-0.109029,-0.154648,-0.186113,-0.142777,-0.190314,0.547351,-0.154732,0.067402,-0.230572,-0.067982,0.037652,0.274458,0.031866,0.217287,0.084295,-0.37057,0.016606,-0.158997,-0.286268,-0.12958,0.008715,0.162098,0.236569,-0.003862,0.254105,-0.346782,-0.053037,0.069722,0.144149,0.019768,-0.161829,0.201866,-0.062456,-0.304097,-0.167092,0.182707,-0.075977,-0.205941,-0.234318,-0.106704,-0.282675,0.127636,-0.175831,-0.267074,0.134159,0.106272,-0.075337,-0.091323,0.232753,0.07491,-0.057564,0.156128,0.413086,-0.054591,0.170279,-0.597629,-0.053255,0.041323,-0.212221,-0.019633,0.141428,-0.213719,-0.191005,0.198388,-0.166361,0.284542,0.114906,-0.025863,-0.20254,0.010961,0.234493,-0.22611,0.181801,-0.328202,-0.401924,-0.16077,-0.041684,-0.029457,-0.429954,-0.084878,0.085483,-0.01672,-0.086258,0.170425,-0.033405,-0.059045,0.169171,-0.07588,-0.090734,-0.37438,0.014119,0.105379,-0.297692,-0.142889,0.066026,-0.007464,-0.289826,-0.116857,0.158193,0.048469,-0.175831,0.194342,0.140001,0.250273,-0.21106,-0.150112,0.168658,-0.302894,0.324454,-0.260104,-0.187317,-0.156454,0.4046,0.082149,0.105344,0.070308,0.052304,-0.050621,-0.010992,-0.033424,-0.17764,-0.251069,-0.37636,0.183957,-0.229473,-0.075552,-0.123937,-0.078893,0.05766,-0.063464,-0.045967,0.037059,-0.327038,0.264767,#
8,0.144794,-0.269764,0.05217,-0.531749,0.23463,0.06234,0.236921,-0.082731,1.0,0.310746,0.114946,0.141423,0.27245,0.30643,-0.008235,-0.064124,-0.156643,0.061729,-0.116389,-0.050947,-0.397651,-0.000498,0.306319,0.04744,0.04742,0.204377,0.137075,0.237456,0.091603,0.249901,-0.252223,-0.063972,-0.039104,0.026621,0.092864,0.372832,-0.134856,0.004506,0.041534,0.041667,0.01857,0.060571,-0.015444,-0.015034,0.050907,-0.127656,0.241309,0.005769,-0.218402,0.007298,0.088094,-0.220258,-0.158485,0.019561,0.203144,0.518124,-0.382598,-0.018012,-0.057242,0.278334,0.216231,0.011793,-0.239428,0.227454,-0.039948,-0.186546,-0.011964,0.248623,0.208907,-0.363689,-0.059418,0.111402,0.01886,0.029255,-0.224326,0.337123,-0.17521,-0.284324,-0.202553,0.018209,-0.124238,-0.23398,-0.5764,-0.103372,-0.51449,0.096871,-0.242803,-0.277147,-0.221301,-0.3229,-0.05305,-0.299082,-0.492321,-0.030543,-0.226904,0.033842,-0.3654,-0.116075,-0.366992,-0.268706,-0.290339,-0.196901,-0.14006,-0.075747,0.051445,-0.430768,-0.280675,-0.071885,0.124146,-0.060155,-0.258239,0.01854,-0.395436,-0.209022,-0.030398,-0.345274,0.208421,-0.106923,-0.030369,-0.161116,0.004628,-0.144396,-0.043387,-0.304604,-0.177401,-0.021349,0.36431,0.219742,-0.066114,-0.236465,-0.118922,-0.221301,-0.666724,-0.042044,-0.126051,-0.087377,-0.053192,-0.107526,-0.121913,-0.142417,-0.097072,0.155196,-0.215812,-0.22673,-0.377701,-0.40838,-0.195954,0.212004,-0.292506,-0.029383,-0.09479,0.060823,-0.204817,-0.301912,0.094307,-0.225837,0.162596,0.323125,-0.215472,-0.304943,-0.285269,0.001842,-0.024384,-0.141899,-0.183959,0.029845,-0.274657,-0.179727,-0.354495,-0.063835,-0.177506,-0.231884,-0.000175,-0.216881,0.364321,0.042966,-0.088403,0.045986,0.374148,-0.42585,0.360207,0.278321,-0.133555,0.116902,0.142251,0.230427,-0.013885,0.301833,-0.276537,-0.197503,-0.129355,0.065108,0.104516,-0.029739,-0.186911,0.493076,0.05382,-0.211606,0.06233,0.107547,#
9,0.201182,0.191628,-0.054703,-0.462249,-0.032603,-0.056354,0.209359,0.151422,0.310746,1.0,-0.076657,-0.075878,0.308626,0.698111,0.188729,0.120063,-0.490305,0.272608,0.103558,0.39471,0.088186,0.240295,0.301749,0.117442,0.313695,-0.11005,-0.135876,0.081795,0.017951,0.36951,0.165725,0.216989,0.327992,-0.304494,0.037149,-0.321713,0.370626,0.070004,0.341858,-0.531182,0.3122,0.380074,-0.056412,0.030266,-0.013127,-0.621866,0.484767,0.428426,-0.102284,0.071648,-0.159615,-0.198688,0.364404,-0.045355,0.187093,0.120628,-0.319743,-0.271396,-0.245467,0.203483,0.529933,0.061975,-0.479093,0.048595,-0.147865,0.123049,0.126543,-0.308392,-0.222853,0.016334,-0.097735,0.461382,0.150563,0.184445,-0.222199,-0.062783,-0.307231,-0.31636,0.200452,0.395404,0.136086,-0.292625,-0.388417,0.126663,-0.307231,0.352122,-0.226337,-0.070408,0.28027,-0.487432,0.118514,-0.081071,-0.14286,0.127936,-0.10885,0.175178,-0.412397,-0.123858,0.305281,-0.200056,-0.432511,0.147306,-0.333109,-0.235206,0.027678,-0.049348,-0.385149,-0.297796,-0.001185,-0.237824,0.309957,0.24386,-0.366805,0.059225,-0.012907,-0.050898,0.069058,-0.155054,0.547343,-0.364308,-0.091795,-0.448562,0.078766,-0.073995,-0.229642,0.330597,0.439583,-0.018001,-0.051765,-0.21898,-0.030666,0.102152,-0.442581,0.114916,-0.285019,-0.200954,-0.404073,-0.19356,0.413071,-0.215943,0.020241,0.083373,-0.214112,-0.602997,-0.569657,0.043567,-0.248925,0.015076,-0.212635,0.113795,-0.232761,0.439747,-0.078924,-0.424219,-0.065854,-0.207966,0.654334,0.39806,-0.044047,-0.190264,-0.128454,0.210207,-0.358,0.187427,0.376922,0.416416,0.212048,-0.102859,-0.19356,-0.026134,-0.280173,0.198434,0.140195,-0.311181,0.296563,-0.232504,-0.00893,-0.363899,0.567149,-0.337439,0.586918,0.237311,-0.694256,-0.171763,0.131546,0.105276,0.255532,0.176872,-0.513103,-0.008014,-0.286628,-0.118532,-0.070144,0.225476,-0.162543,0.007127,0.069145,-0.057274,0.372619,0.589917,#
10,0.243288,0.008657,0.151173,0.018848,0.441355,-0.017589,0.014127,-0.438293,0.114946,-0.076657,1.0,0.027979,-0.07337,-0.127468,-0.330977,-0.004597,-0.07277,-0.208776,-0.035382,-0.141779,-0.222494,-0.181678,-0.102765,0.277001,0.103203,0.263229,-0.052843,0.096172,0.179883,-0.157846,0.053711,0.12031,-0.090019,-0.38646,-0.09969,0.410129,0.32762,0.203899,0.089688,0.241973,-0.195711,-0.345977,-0.417859,-0.080228,-0.100538,0.243813,-0.271165,0.199081,0.144146,0.371449,0.005577,-0.184713,0.049044,0.255766,0.199824,-0.247579,-0.058015,0.307649,-0.07034,-0.313464,-0.486142,-0.169271,0.015798,0.200776,-0.003594,0.052536,0.351201,0.038189,-0.062923,-0.211716,0.0882,-0.14721,0.062137,0.260178,0.172254,0.126485,-0.10273,-0.070323,-0.120738,-0.258972,-0.192251,0.181114,-0.018401,0.290816,0.231007,-0.131049,0.160672,0.127552,0.015534,0.071802,-0.15677,0.124249,-0.10469,-0.076259,0.034159,-0.069068,0.030473,-0.168667,0.10142,-0.022438,0.218462,0.068433,-0.04706,0.005236,0.198239,-0.024002,-0.018506,0.401839,-0.041595,0.307568,-0.029632,0.047919,-0.121487,-0.156341,-0.242579,0.103755,-0.322542,0.134746,-0.526776,0.162826,-0.386493,0.391231,0.047145,-0.549459,-0.109638,0.110179,-0.008005,-0.041655,0.02113,-0.188201,-0.040621,-0.335675,-0.127201,-0.276057,0.003076,0.165017,0.16457,0.159672,-0.1038,0.124249,-0.050584,0.200429,-0.18198,0.11707,0.333219,-0.299302,-0.18083,0.139749,0.13341,0.012442,0.353638,0.172589,-0.38566,-0.051931,0.074971,-0.012281,-0.128836,-0.097047,0.074185,-0.061607,-0.157406,-0.273017,0.0038,0.240081,0.035556,-0.205228,-0.041595,-0.22857,-0.083731,-0.001113,0.054453,0.185348,0.072399,0.217475,-0.230374,0.151551,0.152457,0.080238,-0.188568,0.110892,-0.201524,0.199858,-0.075873,0.033016,0.235406,0.161117,0.053516,0.254881,0.260866,0.092571,0.358734,0.203392,0.302272,-0.123328,-0.216807,0.097368,-0.025315,-0.065792,0.011578,-0.320333,#
11,-0.085101,-0.123954,-0.024991,-0.30062,0.155281,0.481165,0.192754,0.134128,0.141423,-0.075878,0.027979,1.0,-0.029071,0.265922,-0.260247,0.164702,-0.07979,-0.03805,-0.03533,-0.138282,-0.010332,-0.299381,-0.062705,0.035093,0.101898,0.070669,0.259439,0.29392,0.043096,0.282197,0.113733,-0.044224,-0.255081,0.067354,-0.094007,0.128342,-0.159608,0.201027,0.069922,-0.130026,-0.200223,0.04084,-0.094582,-0.168671,-0.232225,0.032019,0.003128,-0.293458,-0.047846,0.209876,-0.126757,-0.093939,-0.12674,0.13766,-0.175686,-0.123484,-0.424259,0.128015,-0.108764,-0.11779,-0.031934,-0.360605,-0.074992,0.189993,-0.05043,0.432622,0.018716,0.267249,0.412099,-0.350191,-0.032367,0.118696,0.051192,0.098561,0.161683,0.093214,-0.257486,0.0703,-0.296658,-0.261,-0.202338,-0.430612,-0.002429,0.263358,-0.257486,-0.419887,0.012774,-0.185606,0.005184,-0.106757,0.183964,-0.33977,-0.262916,0.11354,-0.117112,-0.223412,0.004922,-0.01161,-0.094335,-0.025071,0.075533,-0.164579,-0.370459,-0.149864,-0.150417,-0.01599,-0.041229,-0.038608,-0.032535,0.197452,-0.027898,0.04038,-0.59638,-0.297507,-0.098756,0.097176,-0.320016,0.267874,0.137794,-0.161255,-0.164579,-0.075403,0.050857,-0.244635,0.003939,-0.079402,-0.020093,-0.017063,0.026213,-0.200646,-0.20541,0.005184,0.019085,-0.225716,-0.166508,-0.001222,0.181311,-0.327135,-0.20942,-0.505649,-0.01802,0.268672,0.167708,-0.10224,0.013205,-0.173144,0.228716,0.141455,-0.352767,0.0645,0.146758,0.159063,0.044545,0.33846,0.067621,-0.025026,-0.106212,0.115126,-0.255641,-0.248972,-0.108006,-0.261,0.061207,-0.308196,-0.125832,-0.00634,-0.237632,0.228781,0.157299,0.166988,0.153274,0.224694,0.250955,-0.262158,-0.026626,0.002235,-0.237632,0.464118,0.008058,0.096982,0.156043,-0.258659,-0.03585,-0.079192,0.434253,0.328609,-0.132598,-0.077444,0.129692,-0.072536,0.001086,0.176294,0.1151,0.179519,-0.278787,-0.03994,0.169948,-0.084321,-0.130958,-0.156269,#
12,0.05625,-0.179779,0.070245,-0.34363,0.055508,0.046578,0.072511,0.334539,0.27245,0.308626,-0.07337,-0.029071,1.0,0.446895,0.000557,0.17796,-0.075631,0.146625,0.042235,0.274554,0.260769,0.26311,0.392071,0.077573,0.157141,-0.164983,-0.128537,0.18947,-0.103001,0.049303,-0.135343,-0.110441,0.319189,0.188493,-0.26703,0.01908,0.244389,0.036112,0.167698,-0.197894,0.044134,-0.180773,0.135632,-0.11912,-0.163811,-0.385358,0.604487,0.137748,-0.156537,-0.133123,-0.08925,-0.134925,0.143694,-0.01839,-0.070946,0.215027,-0.149292,-0.186952,-0.127468,-0.031709,-0.139847,0.101142,-0.175916,0.254053,-0.259894,-0.130666,-0.16763,-0.15568,-0.172077,-0.00924,-0.186517,0.738252,0.15876,-0.101195,-0.342768,-0.129909,0.213965,-0.003701,0.277866,0.225569,0.257423,0.018927,-0.051613,-0.286658,-0.113447,0.312155,-0.135806,0.271687,0.1648,-0.098084,0.258936,0.037985,-0.098142,0.234477,0.262345,-0.102775,-0.279932,-0.238898,-0.252605,-0.45931,-0.143484,0.064404,-0.318478,0.22653,0.093287,-0.15076,-0.205726,-0.268134,0.168076,-0.399797,-0.196035,-0.041433,-0.227066,-0.185383,0.039826,-0.044057,0.165309,0.288159,-0.015409,0.087379,0.143861,-0.379645,-0.302396,-0.061066,-0.224743,0.08483,0.306064,-0.193377,-0.128481,-0.09015,0.026205,0.237601,-0.219723,0.389121,0.21498,0.123285,0.211903,-0.320432,-0.15084,0.060176,0.154734,0.142588,-0.095568,-0.265992,-0.295744,0.063967,0.074253,-0.213169,-0.227515,0.144358,-0.20163,0.048501,-0.217415,-0.180257,0.307562,-0.412927,0.113411,0.178929,-0.191839,-0.201131,-0.060053,-0.10244,0.087829,-0.122208,0.269836,-0.101564,0.168076,0.296196,0.116838,0.213888,-0.24695,-0.384986,0.045361,-0.259779,0.186922,0.066852,-0.223306,-0.345501,0.302889,-0.317579,-0.022985,0.31245,-0.081528,-0.314576,-0.262206,0.080112,0.01387,0.1535,-0.258559,0.097591,-0.199063,-0.255837,-0.129106,0.05049,0.254984,0.282037,0.018102,-0.093398,0.070693,0.213946,#
13,0.067332,0.165144,-0.006859,-0.568173,-0.219469,0.235542,0.339847,0.292406,0.30643,0.698111,-0.127468,0.265922,0.446895,1.0,0.149251,-0.017042,-0.371759,0.075779,0.10852,0.346143,0.392192,0.131647,0.235109,0.129529,0.118325,-0.077856,0.143688,0.147885,0.061539,0.258641,0.103804,0.173209,0.15338,-0.018832,-0.226366,-0.16421,0.208225,0.158315,0.339771,-0.388505,0.204605,0.454541,-0.274949,-0.248309,0.091462,-0.638999,0.592016,0.168547,-0.07148,-0.048823,-0.094958,-0.289948,0.179614,-0.331421,-0.184926,0.083193,-0.202777,-0.26839,-0.378201,-0.117371,0.424728,0.031774,-0.421542,0.032592,0.126455,0.371758,-0.093188,-0.236764,0.042187,-0.286257,-0.250025,0.515948,0.068547,0.135063,-0.216388,-0.113967,-0.367992,-0.234056,0.130413,0.33073,0.014887,-0.473601,-0.329534,0.122966,-0.404918,0.263879,-0.331252,-0.04981,0.223623,-0.309385,0.234903,-0.232389,-0.225474,0.030408,-0.135038,0.090945,-0.366879,-0.167281,0.309176,-0.445877,-0.339061,-0.036392,-0.465723,-0.306135,-0.206731,-0.104507,-0.1045,-0.53544,0.079495,-0.310543,0.136853,0.202644,-0.565097,0.076731,0.040879,-0.040405,-0.183,0.075431,0.471703,-0.142767,0.055781,-0.575121,-0.030275,-0.147956,-0.349789,0.123768,0.277897,-0.341877,-0.341939,-0.290311,-0.16889,0.063306,-0.470618,-0.039534,-0.189885,-0.231862,0.157986,-0.294988,0.200918,-0.408282,0.056843,0.160785,0.036668,-0.530923,-0.495138,-0.187548,0.149132,0.003964,-0.403905,0.196774,-0.105912,0.408722,-0.022497,-0.335282,-0.016582,-0.278132,0.613697,0.223769,-0.072946,-0.464411,-0.27539,0.164042,-0.091651,-0.207349,0.199871,0.130923,-0.014211,-0.095523,-0.012599,-0.042705,-0.371126,0.057293,0.015753,-0.532806,0.352267,-0.102571,0.070976,-0.193267,0.459728,-0.337754,0.437955,0.158432,-0.56943,-0.219448,0.259617,0.230188,-0.058074,0.101282,-0.425596,0.239375,-0.310628,-0.176888,-0.150145,0.189413,-0.24256,-0.044007,0.208887,-0.208227,0.234082,0.394433,#
14,-0.111575,0.194082,-0.192923,-0.134805,-0.010053,0.012423,0.020362,0.317805,-0.008235,0.188729,-0.330977,-0.260247,0.000557,0.149251,1.0,-0.390274,0.102493,-0.031229,0.187757,0.154651,0.275872,0.024991,0.054322,0.051868,-0.275291,0.103449,0.224496,-0.144846,0.379109,-0.164773,-0.322278,0.250226,0.040044,0.071387,-0.076801,-0.367258,-0.179235,-0.136227,-0.214209,-0.122139,0.299393,0.262143,0.091163,0.114682,0.272806,-0.250375,0.028569,-0.059952,-0.026182,-0.04665,0.204557,-0.239695,0.202929,-0.0065,0.222557,0.435692,0.293193,-0.2435,0.091246,0.182353,0.362322,-0.184646,-0.2568,0.12684,0.272666,0.160975,0.097773,-0.162151,0.091416,-0.036393,-0.053214,-0.059608,0.063459,0.103091,0.000953,-0.138344,-0.249485,0.080756,-0.010111,0.23728,-0.070027,-0.141086,0.164728,-0.049656,-0.117203,0.51715,0.142929,-0.043117,-0.016975,-0.424565,0.156053,0.118981,0.225342,0.103456,-0.12444,0.076757,-0.29743,0.118185,0.050022,-0.198864,-0.164703,0.057124,-0.025515,-0.492367,-0.192203,-0.233957,-0.180897,-0.084107,-0.089792,-0.034681,0.119382,-0.260005,0.193188,0.052736,0.076763,-0.079912,-0.289643,0.146274,0.208821,-0.224198,-0.157505,-0.324392,0.065985,0.101804,-0.126515,-0.276154,-0.054241,-0.103206,-0.203501,0.117828,-0.064391,0.01489,0.024838,-0.116628,0.025098,-0.189469,-0.003925,0.180147,0.070605,-0.038547,-0.234882,-0.541301,-0.179852,0.090703,-0.329385,-0.197597,-0.180018,-0.225712,-0.211373,0.041662,-0.200208,-0.186631,0.043275,-0.029926,-0.490296,-0.072463,0.326298,0.060029,-0.124859,0.351314,0.030441,0.087996,-0.258899,-0.186516,-0.259016,0.257148,0.330267,-0.247749,-0.072759,-0.012648,-0.200393,-0.283314,-0.150464,0.032617,-0.056607,-0.183133,-0.078124,-0.042475,0.461273,-0.07564,0.12529,0.333715,0.098864,0.227246,-0.081301,-0.030385,0.199451,-0.271763,0.116596,-0.101117,-0.17734,-0.200576,0.095237,-0.089055,-0.222079,-0.000819,-0.168183,-0.095277,0.096126,-0.000631,#
15,6.5e-05,0.186633,0.024521,-0.0307,0.022589,-0.152817,0.272182,-0.061419,-0.064124,0.120063,-0.004597,0.164702,0.17796,-0.017042,-0.390274,1.0,-0.035353,0.50497,-0.063241,0.331411,-0.250585,0.084954,0.323614,-0.138757,0.215964,-0.248122,-0.141543,0.099338,0.17117,-0.00962,-0.008424,-0.248447,0.323859,-0.271891,0.046066,0.05286,0.26327,-0.089216,0.209553,-0.021234,-0.005389,-0.242823,0.435649,-0.039824,-0.259304,0.044454,0.172579,0.286941,0.19132,0.259876,-0.020441,0.147191,0.019769,0.11982,0.107693,-0.122395,-0.075641,-0.074035,0.157975,0.121696,-0.205608,0.200238,0.149811,0.007868,-0.205586,0.151168,-0.181134,0.193434,-0.274983,0.114307,0.151427,0.335143,0.224638,-0.328058,0.104728,0.245782,0.152272,-0.142235,0.336195,-0.052968,0.119756,0.077981,-0.273527,0.115855,-0.030892,-0.1216,-0.274878,-0.353374,0.079746,0.144242,-0.101425,0.19082,-0.235772,0.141591,0.077115,-0.337082,0.179095,0.089495,0.043181,0.225047,-0.14415,-0.020182,-0.238773,0.294031,0.185726,0.200504,0.034677,-0.111482,-0.078824,-0.068663,-0.178235,-0.183749,-0.038412,-0.14462,-0.060058,0.136121,0.067027,-0.046281,-0.038967,-0.088979,-0.043311,0.054851,-0.465924,-0.192732,0.113364,0.049709,0.013128,0.267764,0.054154,-0.177331,0.116377,-0.096739,-0.102651,0.180796,0.014134,0.025418,-0.087433,-0.230152,-0.092535,0.026778,-0.070464,0.180912,-0.171279,-0.328186,0.013513,0.278124,-0.127221,0.233925,-0.156866,-0.270443,-0.073201,-0.086805,-0.029599,0.120486,0.053249,-0.177097,-0.124454,0.375607,-0.1428,-0.310895,0.25974,-0.052968,-0.182968,0.008398,0.251189,0.104637,-0.078824,0.256256,0.039221,0.015454,0.225697,0.056217,0.19243,-0.193395,0.02427,-0.067676,-0.1002,0.02027,-0.003649,-0.230737,0.285091,-0.171689,-0.218613,0.063448,0.157695,-0.261484,0.164899,0.065619,-0.053056,-0.018076,0.010909,-0.12167,-0.039699,0.378599,0.004769,-0.054952,0.01844,-0.04866,0.305371,0.264464,#
16,-0.149205,0.262939,-0.111173,0.276991,0.097126,0.109628,0.176031,0.035063,-0.156643,-0.490305,-0.07277,-0.07979,-0.075631,-0.371759,0.102493,-0.035353,1.0,-0.061712,0.126182,-0.104581,0.043477,-0.108042,0.039886,-0.382701,-0.55925,-0.095959,-0.235491,0.032062,0.072779,-0.298844,-0.277017,0.036645,0.033719,0.144186,0.114372,0.154667,-0.297482,-0.523111,-0.236845,0.41513,-0.104633,-0.336405,0.098273,0.071389,-0.097949,0.286031,-0.251596,-0.442158,0.174401,0.325171,0.252721,0.143918,-0.102109,0.092567,0.154309,0.16616,0.375695,-0.191186,0.159868,-0.235547,-0.425912,0.173862,0.304983,-0.114559,-0.023268,-0.01591,-0.275025,0.041474,-0.117133,-0.090839,-0.194744,-0.393001,-0.051042,-0.394848,-0.155348,-0.028693,0.241851,-0.051952,-0.0898,-0.115834,0.027774,0.122636,0.34639,-0.333854,0.065113,-0.058847,0.170516,-0.119888,-0.17319,0.074184,-0.015919,0.066475,-0.110591,-0.071165,0.296338,-0.228362,0.236365,-0.049095,-0.294638,0.298348,0.159231,0.173053,0.340275,0.179728,-0.17001,-0.060444,0.044201,0.00116,-0.342565,0.005487,-0.288517,-0.20209,0.188393,0.010298,-0.176621,-0.142176,0.219352,0.171713,-0.31375,-0.189784,-0.078472,-0.023688,-0.239966,-0.192284,0.045965,-0.45095,-0.267443,-0.178979,-0.014156,0.14916,0.024541,-0.343483,0.134594,-0.11121,0.184783,0.131426,0.312354,0.006798,-0.339999,0.066475,0.054608,-0.153159,-0.05633,0.449306,0.058309,-0.098633,-0.139919,0.090376,0.059801,-0.054051,0.115042,-0.40431,0.381809,0.086935,-0.006123,-0.072752,-0.470945,-0.04502,-0.13186,0.503468,-0.049119,-0.115834,0.080544,-0.298717,-0.497475,0.020606,0.077155,-0.032385,-0.253124,-0.041055,-0.022125,-0.058726,-0.298156,0.012597,-0.234575,0.105969,-0.138701,0.129492,-0.109713,0.013946,-0.319013,-0.10156,0.804532,0.152476,-0.124651,-0.418527,-0.106481,-0.108889,0.375315,-0.300444,0.010884,0.361116,-0.254444,-0.251153,0.145738,0.009173,-0.263605,-0.032054,-0.474107,-0.164403,#
17,-0.374474,0.063549,0.204236,0.141307,-0.314768,-0.079374,0.273839,0.220892,0.061729,0.272608,-0.208776,-0.03805,0.146625,0.075779,-0.031229,0.50497,-0.061712,1.0,-0.180481,0.351849,-0.248679,-0.058598,0.060493,-0.138652,0.128051,0.29589,0.123064,0.042616,0.025708,0.091999,-0.03904,-0.102205,-0.031365,-0.096787,-0.08349,-0.110273,0.065355,0.02777,0.11809,-0.37847,0.177607,0.089661,0.364419,0.073466,-0.215162,-0.113861,0.33776,0.181381,-0.180156,0.080502,-0.10902,0.093169,0.196406,0.08624,0.238819,-0.110039,-0.064759,-0.096188,0.004389,-0.054646,-0.050719,0.131447,-0.051195,0.059442,0.120828,-0.129421,-0.07592,0.014826,-0.372967,0.048783,0.293495,0.307936,0.049882,-0.265077,-0.047026,0.215981,0.009947,-0.080055,0.20499,0.032763,-0.070372,-0.209223,-0.333066,0.335913,-0.366576,-0.037621,-0.335776,-0.292332,-0.076593,-0.046247,-0.290903,-0.140043,-0.341723,0.15519,-0.208866,-0.220958,0.129789,-0.092065,0.202395,0.132199,-0.418655,-0.149985,-0.283043,0.269339,-0.030528,-0.041679,0.016599,-0.193945,0.008915,0.021706,-0.060056,-0.071726,-0.115989,-0.19878,-0.188467,-0.285018,0.295889,-0.138293,0.171523,-0.261193,-0.103508,-0.199803,-0.209023,-0.103731,-0.144624,0.073421,0.06039,0.238526,-0.216086,0.082442,0.071294,0.209654,-0.10972,0.088936,-0.048876,-0.062838,-0.094325,-0.216408,0.040698,-0.092178,0.011143,0.017146,0.055885,-0.318849,-0.202265,0.221347,-0.268296,0.412535,-0.138682,-0.158948,-0.223296,-0.013663,0.08252,-0.066705,-0.13902,-0.08617,-0.202788,0.548671,0.024708,-0.262698,0.163419,-0.020295,-0.385859,0.149363,0.206581,0.186069,-0.222558,0.002031,-0.216408,0.078424,0.097973,-0.058582,-0.117165,-0.284229,-0.06439,-0.19877,-0.222558,-0.111052,0.021233,-0.183603,0.558501,-0.007998,-0.09013,-0.070454,0.174197,-0.225426,0.162326,0.200071,-0.337244,-0.126768,-0.151844,-0.37917,-0.064154,0.170659,0.033003,-0.293668,-0.159906,0.100063,0.153096,0.426541,#
18,0.378497,0.453287,-0.068394,-0.159347,0.135159,0.135558,0.169936,0.174759,-0.116389,0.103558,-0.035382,-0.03533,0.042235,0.10852,0.187757,-0.063241,0.126182,-0.180481,1.0,-0.083394,0.28229,0.217623,0.065378,0.194066,0.00306,-0.011821,-0.002355,-0.040917,0.066525,0.068246,-0.384774,0.157972,0.244792,0.021675,-0.09389,0.110392,0.084239,-0.142096,-0.181971,0.18715,0.237836,0.127667,-0.121834,0.051425,0.334122,0.098351,0.186418,-0.233652,-0.193369,0.029996,-0.097821,-0.187605,0.180165,-0.047142,0.227096,0.090133,0.1538,-0.405735,-0.172599,-0.13146,0.054881,-0.453713,-0.20927,0.080438,-0.148128,0.226813,-0.191188,-0.096953,-0.051701,-0.277345,-0.166375,0.154573,-0.061009,-0.061192,-0.182297,-0.083539,-0.204085,-0.081986,-0.141793,0.168122,0.275582,-0.048657,0.005564,-0.401209,0.093601,-0.155068,0.039006,-0.238889,0.059411,-0.100082,-0.133847,-0.265031,0.270435,-0.389347,0.363346,-0.056808,-0.16405,0.094913,0.003316,-0.071898,0.084444,0.415334,-0.046104,-0.435014,-0.233017,0.050971,-0.239061,-0.123763,-0.129641,-0.13563,0.075952,0.027183,-0.022407,0.109772,0.063791,0.564773,-0.149757,0.088127,0.104517,0.077676,-0.251154,-0.147078,-0.240973,-0.004296,-0.338144,-0.148367,0.141713,-0.310675,-0.055207,0.064004,-0.083872,-0.127548,0.120118,0.085239,0.065951,0.119335,0.068503,0.057218,0.139649,-0.087493,-0.292296,-0.118767,-0.319169,-0.075744,-0.195943,-0.138256,-0.209024,-0.03266,-0.404936,-0.03211,-0.102991,-0.051161,-0.203941,-0.323639,0.161271,-0.1348,0.225247,-0.133208,-0.36757,0.07628,-0.086968,0.325128,-0.300615,-0.308356,0.040787,-0.033375,0.223778,0.25813,-0.16046,-0.096871,0.025141,0.059498,0.226655,0.152536,0.008728,0.091529,-0.168379,-0.174074,0.351412,0.063992,-0.298329,0.199447,0.124271,0.396109,0.040093,0.257126,0.493017,0.00664,0.036577,0.19075,-0.158062,0.077117,0.122952,0.049146,-0.318855,0.30816,0.273502,-0.054141,-0.091448,0.11741,#
19,-0.092416,0.010582,0.165422,-0.32114,-0.060417,-0.214874,-0.010361,0.026604,-0.050947,0.39471,-0.141779,-0.138282,0.274554,0.346143,0.154651,0.331411,-0.104581,0.351849,-0.083394,1.0,0.126141,0.206005,0.199028,0.073162,-0.222247,-0.231602,0.125049,-0.125719,-0.025093,-0.206182,0.020285,0.335857,0.578999,0.082593,-0.178578,-0.412459,0.205967,0.17948,-0.218986,-0.200819,0.321326,-0.00194,0.230308,-0.200465,-0.260519,-0.381834,0.245842,0.392341,0.189655,-0.087624,0.164154,-0.237245,0.515151,-0.151631,-0.302251,0.086503,-0.075841,-0.480386,0.340097,0.123634,0.193488,0.049375,-0.521795,-0.34422,0.044135,0.053264,0.092979,-0.431075,-0.324795,0.28352,-0.23912,0.248336,0.203321,-0.074602,-0.021682,-0.46421,0.078921,-0.199995,0.677729,0.466336,0.443287,0.048475,-0.128308,-0.041997,0.078921,0.551402,-0.131801,-0.16105,0.369102,-0.100846,0.167905,0.438367,0.100582,0.1551,0.05805,0.251954,0.02956,-0.037293,0.322061,0.01766,-0.571269,0.014839,-0.039251,0.182902,0.540322,0.370094,0.009797,-0.243128,0.394352,-0.202002,0.119173,-0.259746,0.072432,0.102444,0.094468,-0.006425,-0.084679,0.098557,0.141613,-0.329692,0.067419,-0.324069,-0.101913,-0.093984,-0.227454,0.417614,0.343202,0.184327,0.197923,0.351369,0.576099,0.003022,0.022031,0.072419,0.38611,0.170866,0.13682,-0.071778,0.193724,0.313182,0.209554,-0.007658,-0.149194,-0.189397,-0.124817,0.153672,0.25682,-0.216414,-0.016194,0.116201,0.00888,0.177549,0.321729,-0.03214,-0.012942,0.2006,0.373144,0.175365,-0.032718,-0.018551,0.17502,0.110718,0.083902,0.093671,0.355482,0.101453,0.168028,-0.117332,-0.062025,0.304327,-0.501824,-0.24512,-0.38322,-0.084245,-0.406809,0.157564,0.386703,-0.422652,0.307152,-0.075692,0.279203,0.191155,-0.309999,-0.123109,-0.130757,-0.161493,0.364588,0.451239,-0.254448,-0.104528,0.016339,-0.353224,-0.414711,-0.002685,0.09649,-0.378194,-0.496264,-0.078862,0.487608,0.198478,#
20,0.1052,0.42742,-0.114661,-0.051516,-0.095348,0.238493,0.077925,0.348534,-0.397651,0.088186,-0.222494,-0.010332,0.260769,0.392192,0.275872,-0.250585,0.043477,-0.248679,0.28229,0.126141,1.0,0.081053,-0.21452,-0.030017,-0.018935,-0.123502,0.143474,-0.19454,-0.283416,0.005606,0.029949,0.161797,0.285793,0.270474,-0.507343,-0.422076,-0.013513,-0.097658,0.188315,-0.154888,0.204412,0.248173,-0.384242,0.008527,0.22015,-0.366262,0.188578,-0.300634,0.027702,-0.010901,-0.108927,-0.081432,0.418605,-0.016234,-0.218361,-0.150587,0.143419,-0.190424,-0.427695,-0.19243,0.181345,0.005397,-0.242847,-0.020048,0.185091,0.142404,-0.145654,-0.404973,0.080548,-0.268268,-0.366443,0.260425,-0.193458,0.056648,-0.368316,-0.369651,-0.119092,0.185885,0.252247,0.195031,0.187216,-0.203924,0.282031,-0.143638,0.012939,0.128131,0.122413,0.514699,0.435543,-0.142939,0.099035,0.039706,0.182971,-0.030383,0.12394,0.185004,-0.199567,-0.117145,0.292132,-0.230883,0.090904,0.250803,0.089994,-0.216675,-0.125571,0.079121,0.216898,-0.124809,-0.115816,-0.284712,0.040703,0.299963,-0.19636,0.061322,0.327284,0.199025,-0.177086,0.384556,0.139071,-0.131865,0.036582,-0.351626,-0.006201,0.20593,-0.177426,-0.05704,0.039769,-0.430396,-0.292012,-0.087915,0.014846,0.110768,0.093764,-0.033338,0.058736,-0.035895,0.354177,0.151843,0.130146,-0.114262,0.133183,0.01912,0.100288,0.067533,-0.229881,-0.295764,0.223467,-0.21325,-0.1282,0.071829,0.0453,0.025647,0.050203,-0.043555,0.111536,-0.087799,0.367798,-0.347459,-0.23065,0.115681,-0.211762,-0.119309,0.047741,-0.298686,0.113912,-0.000571,0.291798,0.308031,0.151843,-0.235067,-0.173417,-0.0398,0.049582,-0.187907,0.05205,-0.122245,0.093814,-0.285865,0.198,0.014696,-0.305829,-0.055134,0.032035,-0.022891,-0.041769,-0.130681,-0.211595,-0.397602,-0.128644,0.275714,-0.116061,-0.105285,-0.164307,-0.201055,-0.076273,-0.219261,0.220793,-0.430211,-0.165263,-0.063932,#
