0,1.0,0.171846,-0.283879,0.00396,0.455493,0.302444,-0.161284,0.063603,-0.437093,-0.018617,0.083153,0.046044,0.649949,0.254802,0.147309,-0.000619,-0.006344,0.026869,-0.059449,-0.034774,0.081361,0.48586,0.171824,-0.075271,-0.006793,-0.006212,-0.042068,-0.242083,0.248851,-0.047222,0.281439,-0.046548,-0.024955,-0.294128,-0.176813,0.120903,0.040671,0.107747,0.012314,-0.383575,-0.001013,0.029702,-0.07077,0.147223,-0.140557,-0.085699,0.192908,0.203347,-0.298869,-0.199075,0.033593,-0.078085,-0.080285,-0.064167,0.180866,0.0645,-0.333402,0.232045,0.368688,0.057279,0.558571,0.212314,-0.31121,-0.111486,0.054084,0.119364,-0.229077,0.333181,0.169435,-0.24626,0.109178,0.025975,-0.445762,0.04795,-0.65961,0.407326,0.116713,-0.099624,-0.431144,-0.166484,-0.093308,-0.271704,0.148967,0.07564,-0.123102,-0.214452,0.202231,0.013131,-0.090101,-0.432879,-0.049708,-0.311812,-0.012337,0.016476,0.017522,0.216725,-0.009072,-0.210111,-0.165138,0.13777,0.032024,-0.123353,-0.061406,-0.124164,-0.026902,-0.274257,-0.193713,-0.189026,-0.359214,-0.099699,0.150763,0.103263,-0.142199,-0.108854,-0.067188,0.044278,-0.284343,-0.346087,0.107619,0.003056,-0.273363,-0.0994,0.113709,-0.298203,0.057987,0.205398,-0.042858,-0.030654,0.400096,0.389221,-0.322577,0.050607,-0.245082,-0.106579,-0.540322,0.053323,-0.132222,-0.452484,0.438089,-0.137108,-0.213412,-0.182863,-0.024829,0.109142,0.015871,0.518145,-0.186794,0.031197,-0.318918,-0.378573,0.005736,-0.339149,-0.033217,-0.10928,0.115089,-0.192201,0.196025,0.173104,-0.21649,-0.519021,-0.056154,-0.400272,-0.11904,-0.125712,0.023992,0.206926,-0.015767,0.007819,-0.122686,-0.284697,-0.035048,0.124759,-0.27169,0.125337,0.145682,-0.355881,0.066603,0.007089,0.256784,0.106189,0.097735,-0.283366,0.023822,0.277969,0.286294,-0.291631,0.292938,-0.195894,-0.206373,0.143681,0.28429,0.058178,0.361655,-0.109899,-0.082238,-0.001973,0.131323,-0.095984,0.206333,0.180037,#
1,0.171846,1.0,0.479269,-0.141552,-0.055423,0.291033,0.142394,0.021298,0.236832,-0.010637,-0.296517,-0.085064,0.305189,0.287641,0.29756,-0.260499,0.129587,0.561312,-0.102366,0.136179,-0.271431,0.240654,0.51832,-0.144778,-0.035202,-0.203467,0.157526,-0.229844,-0.152071,-0.014404,-0.310772,0.147716,0.358668,-0.302262,-0.099554,0.505725,0.464351,-0.231128,-0.214941,-0.383889,-0.231409,0.192754,0.126401,0.14587,0.420839,-0.452237,0.181956,0.065906,0.137575,0.258696,0.034836,-0.342306,0.040209,-0.13003,-0.14944,-0.215178,-0.295092,-0.616296,-0.132716,-0.262209,0.302784,0.185455,-0.106927,-0.105376,0.044557,0.179376,-0.07862,0.360257,0.287846,0.121129,0.112111,0.093391,-0.032806,-0.438674,-0.336995,0.336632,-0.241745,-0.604515,-0.110717,-0.34686,0.117921,-0.440518,-0.220805,-0.088491,-0.293968,-0.212618,-0.293954,-0.122962,-0.281847,-0.429221,-0.043966,0.044893,-0.534467,0.063523,-0.363905,-0.136815,0.430339,-0.056264,-0.166827,-0.058614,0.0431,0.055359,-0.220772,-0.111795,-0.356166,-0.26718,-0.347202,-0.104082,-0.541067,-0.247396,0.419044,0.361045,-0.16374,-0.29448,0.109518,-0.126893,-0.309465,-0.722426,0.125108,-0.544543,-0.273305,-0.481177,-0.434711,-0.305646,-0.126064,-0.322349,-0.042886,0.202011,-0.03381,0.203121,0.030351,-0.089032,-0.233784,0.031591,-0.186262,-0.150087,0.090746,-0.296982,0.181763,-0.281517,-0.188605,-0.197396,-0.403059,-0.302282,-0.177506,0.282679,-0.232,0.376376,0.007036,-0.20313,-0.344425,-0.459294,0.130734,-0.279941,-0.213467,-0.359562,0.296398,0.541487,-0.178151,-0.122679,0.301926,-0.004566,0.281584,0.154327,-0.186485,0.370415,-0.022076,0.195419,-0.285014,-0.121079,-0.174489,-0.082971,-0.309976,-0.113786,0.136847,-0.012148,-0.143184,0.329192,0.419459,-0.651584,0.409517,-0.10892,-0.230828,0.101273,-0.040392,-0.063085,0.140021,0.011039,-0.574564,0.287868,0.28784,0.213742,0.194682,0.366714,-0.134567,0.081985,0.110881,-0.079962,0.412812,0.085323,#
2,-0.283879,0.479269,1.0,0.317971,-0.386204,0.005478,0.179224,-0.169438,0.402649,-0.123507,-0.214885,-0.225494,-0.197163,0.118168,0.140099,-0.229594,-0.025791,0.479833,-0.042012,0.323042,-0.029627,0.088592,0.306754,0.086137,0.166797,-0.056377,0.459599,0.262833,-0.149792,0.15172,-0.1434,0.247828,0.163176,0.301039,0.212918,0.272147,0.472889,-0.204003,-0.242332,0.220719,0.018504,0.223845,0.106816,0.207681,0.357292,-0.369716,0.062185,0.022369,0.276055,0.000428,-0.135734,-0.062111,0.162649,-0.068561,-0.286283,-0.273276,-0.146278,-0.368388,-0.237096,-0.178997,-0.378782,-0.356389,0.083601,0.119603,-0.152032,-0.092043,0.119441,0.071223,-0.113669,0.287728,0.296537,0.189018,0.080685,-0.162901,0.237568,-0.272308,-0.11664,-0.422074,0.092447,-0.219867,0.233251,-0.084463,0.017656,0.001136,0.097702,0.161221,-0.359463,-0.046434,0.087525,-0.169398,0.237302,0.224866,-0.148842,-0.037852,-0.141006,-0.026349,0.196214,0.246343,-0.156664,-0.11756,-0.262309,0.116913,0.083207,-0.161479,-0.028718,-0.047323,-0.200116,0.001898,-0.336152,0.162372,0.375949,0.188616,-0.046814,0.080806,0.382761,-0.137116,-0.046395,-0.463101,-0.090872,-0.179341,-0.072364,-0.020423,-0.376898,-0.190113,0.023639,-0.272678,0.02505,0.266661,-0.134269,0.063022,0.534722,-0.172698,-0.006985,0.035666,0.273291,0.16448,-0.039159,0.275876,0.13094,-0.158435,-0.055878,-0.038855,0.003122,-0.273315,-0.168098,0.000843,-0.091229,0.052177,0.300331,0.227964,-0.140125,-0.181281,0.230726,0.004603,-0.035201,-0.029819,0.025636,0.086027,-0.036599,0.327838,0.511591,0.136206,0.094827,0.200041,-0.261645,-0.225984,0.127386,0.120827,0.376967,0.258667,-0.18857,-0.023578,-0.296295,-0.110778,-0.223456,0.237894,-0.035995,0.236837,0.088509,-0.512458,0.13013,-0.026097,-0.391156,0.134455,-0.202478,0.199,0.031314,0.225694,-0.120654,0.097705,0.456589,0.094033,0.033674,0.371628,-0.420011,0.339813,-0.121805,0.13413,0.295865,-0.277476,#
3,0.00396,-0.141552,0.317971,1.0,-0.117434,0.132669,-0.188009,-0.229472,-0.269938,-0.097637,0.244924,0.205218,-0.253187,-0.191962,-0.172062,0.075547,0.03958,0.010293,-0.149929,0.42485,0.24181,0.173306,-0.17538,0.104376,0.180655,-0.025536,-0.019337,0.245907,0.014003,-0.236758,0.425209,0.151139,-0.011492,0.104199,0.140118,-0.243565,-0.148222,-0.02823,-0.433674,0.261397,0.034239,0.158739,-0.203106,0.096061,-0.036656,0.29984,-0.168116,0.083038,0.141,-0.056032,-0.025641,0.438263,0.189925,0.178829,-0.30942,-0.177947,0.153066,0.122247,0.01466,0.109792,-0.386365,-0.308199,0.034271,-0.248993,0.226086,-0.327043,0.173596,0.144469,-0.128082,-0.233416,-0.018666,0.101259,0.11159,0.259025,-0.034494,-0.29596,-0.177012,0.017281,0.000768,0.047778,0.521971,0.382987,0.300672,0.094914,0.201177,0.074887,0.325405,0.055429,-0.02307,-0.249852,0.28934,-0.027674,0.477772,-0.281378,0.207334,0.114464,-0.104062,-0.015016,-0.22388,0.133753,-0.069249,0.340976,0.343975,0.104148,0.246797,0.213272,0.044743,-0.093891,0.10029,0.248164,-0.215341,-0.024958,-0.109714,0.327345,0.145058,-0.005058,0.082954,0.019156,-0.168506,0.29746,0.020849,0.126528,0.349067,-0.042885,-0.008541,0.0757,0.042283,-0.003107,-0.079906,0.312735,0.242194,0.079125,0.145058,0.16838,0.395773,0.21478,-0.008093,0.158536,0.229087,0.316063,0.05744,0.112196,0.124895,0.299659,0.3977,0.150119,0.029777,-0.462862,0.254972,0.311543,0.036552,0.058914,-0.028992,0.460048,0.074928,0.242268,-0.353867,-0.105218,-0.309899,0.362492,-0.121146,-0.033071,-0.087602,0.086754,-0.344024,-0.472466,0.196361,-0.037226,0.440532,0.127098,-0.326726,0.075679,0.157645,0.052672,-0.530529,0.168524,0.022562,0.11173,-0.547501,0.216295,-0.335093,-0.118109,-0.08776,0.053228,-0.103664,0.203043,-0.057067,0.156045,0.545535,-0.372332,0.084106,-0.18426,0.116914,-0.268569,-0.188751,0.035067,-0.380531,0.266801,0.056176,-0.274695,#
4,0.455493,-0.055423,-0.386204,-0.117434,1.0,-0.009678,-0.26561,0.110161,-0.5088,-0.253606,-0.01908,-0.048703,0.20171,0.205863,0.214422,0.161821,-0.099061,-0.18891,0.119111,0.040766,0.009976,-0.056608,0.098665,-0.129956,0.111846,0.136441,-0.478157,-0.196975,0.085104,-0.064023,0.057248,-0.21946,-0.260496,-0.148823,-0.351054,-0.075997,-0.25735,-0.11586,-0.028612,-0.19048,-0.033418,-0.210551,-0.014547,0.0972,-0.055073,0.110009,-0.079074,0.173703,-0.382044,-0.187479,0.414632,-0.153978,0.041427,-0.235716,0.417164,0.263858,-0.264449,0.27417,0.173651,0.043714,0.212301,0.169914,-0.079565,0.152097,-0.012523,0.373166,-0.077098,-0.125735,-0.014428,-0.056213,-0.190506,0.091165,-0.072461,0.159514,-0.425216,0.411086,0.013276,-0.186471,-0.202506,0.069428,-0.238232,-0.193875,-0.057428,0.340656,-0.039146,-0.306423,0.104451,-0.085092,-0.147147,-0.188215,0.075551,-0.222368,0.099565,-0.258178,0.085235,-0.134438,0.05682,-0.321255,0.060421,0.508299,0.253966,-0.35666,-0.176835,-0.338504,-0.288817,0.100989,0.220498,0.033029,0.085828,-0.375972,-0.160422,-0.164941,-0.092236,-0.008401,-0.207719,0.161585,-0.149689,0.002042,-0.006607,0.008023,-0.197969,-0.004341,0.333161,0.139886,-0.067599,-0.225972,0.364442,-0.03563,-0.068579,0.166067,-0.113014,0.025172,-0.190609,0.09645,-0.525584,0.028805,0.063942,-0.373814,-0.016713,-0.055156,-0.083703,-0.161133,0.105407,0.105973,0.071992,0.151197,-0.051832,-0.103107,-0.261932,-0.448098,-0.279214,-0.131699,-0.580532,-0.026109,-0.297718,-0.10609,0.158038,0.06464,0.069411,-0.385751,-0.202911,-0.250868,0.009216,-0.10187,0.040167,-0.02707,-0.235631,0.126169,-0.150888,-0.17578,0.083248,0.086399,0.149696,-0.047571,0.090443,-0.141563,0.035785,-0.071495,0.024942,0.138028,0.209662,-0.176231,0.120963,0.1916,0.186653,-0.241812,0.229354,-0.397716,-0.19736,0.122059,-0.270679,-0.007024,0.261331,-0.17948,0.176298,-0.255655,0.354859,-0.032521,-0.204725,0.12986,#
5,0.302444,0.291033,0.005478,0.132669,-0.009678,1.0,0.08968,0.038429,-0.32605,-0.127334,0.355488,-0.035117,0.048614,-0.101415,-0.029499,0.002419,0.328583,-0.060721,-0.231599,-0.007342,-0.16314,0.485803,0.303951,0.083196,-0.30387,-0.499973,0.094799,-0.421275,-0.102443,-0.486433,-0.11317,0.217797,0.15097,-0.128861,-0.059397,0.068153,0.084315,0.136169,0.009382,-0.051956,0.034867,0.359191,-0.1046,0.308282,0.255819,-0.009023,-0.027553,0.34971,0.15375,-0.262065,0.016429,0.058988,0.182153,-0.184899,0.000127,-0.15288,0.131599,-0.138445,0.033254,-0.158738,0.337965,0.155709,-0.330416,-0.131367,0.240932,0.001551,-0.333643,0.275981,0.528642,0.143055,-0.302675,0.440314,0.237148,0.012036,-0.457255,0.033252,-0.496251,-0.083905,-0.416284,-0.022395,0.385406,-0.251335,0.028436,-0.31514,-0.067088,-0.032284,0.026776,-0.222428,-0.27198,-0.54683,-0.148455,-0.138311,-0.140639,-0.21226,-0.150535,-0.139498,-0.053736,-0.09481,0.041114,0.211649,-0.026706,-0.100474,0.082238,-0.167167,-0.005193,-0.248123,-0.035823,-0.189253,-0.549271,-0.303521,0.17305,-0.037876,-0.071804,-0.101007,-0.207882,-0.457859,-0.604306,-0.108471,0.066158,-0.265794,-0.24363,-0.354247,0.186508,-0.534154,-0.348315,0.143472,-0.240717,0.116099,0.092787,0.456926,-0.065794,0.002513,-0.002316,-0.095838,-0.185788,0.161538,-0.062306,-0.320141,0.3112,-0.338659,-0.398821,-0.243311,-0.525215,0.276685,0.261728,0.251902,-0.30053,0.018603,-0.060652,0.02314,0.079734,0.000367,-0.10073,0.002946,-0.022931,-0.391159,-0.215111,0.027395,-0.273977,0.074067,0.277612,-0.057146,-0.169409,0.539515,-0.273977,0.307213,0.156135,0.007905,0.006556,-0.281267,0.129993,-0.403767,-0.325372,0.117868,0.153873,-0.198472,-0.023015,0.129251,0.03403,-0.014083,-0.094824,0.003632,0.05074,0.148652,-0.008857,0.105803,-0.073755,-0.043739,-0.156056,-0.055045,0.12834,-0.087406,0.214136,-0.141309,0.15672,0.120533,0.092757,-0.096648,0.006463,-0.152576,#
6,-0.161284,0.142394,0.179224,-0.188009,-0.26561,0.08968,1.0,0.240973,0.214004,0.276968,0.074815,-0.108014,0.038857,-0.345144,0.11101,0.137628,0.137345,-0.188166,0.039448,-0.201502,-0.452102,0.040056,-0.02836,0.000358,-0.184361,0.022077,0.260455,-0.19903,0.276851,-0.145671,-0.323941,-0.105994,0.115588,0.226147,0.16803,0.32567,-0.093295,-0.009555,0.152807,0.045516,-0.281565,0.133258,-0.174031,-0.463236,-0.086978,-0.074442,-0.165555,-0.112733,0.255137,0.072037,-0.250776,-0.100085,-0.207456,-0.225319,-0.000556,-0.172034,0.187193,-0.204121,-0.305025,0.055937,0.224786,-0.262299,-0.05432,0.255917,0.049426,0.075431,0.277743,-0.112218,0.461289,0.09121,0.170429,-0.118216,-0.080772,-0.536821,0.208979,0.207983,0.069826,-0.221193,0.1184,0.064844,-0.30492,-0.102582,-0.288272,-0.458502,0.230514,0.348909,-0.122164,0.031637,-0.266038,-0.218496,-0.165446,0.216554,-0.104435,-0.04501,-0.046366,-0.094097,0.09864,0.152862,0.053406,-0.32661,-0.172814,-0.063197,0.127452,-0.073788,-0.160122,-0.233422,-0.260535,0.032353,-0.46598,-0.035296,-0.005276,0.018495,0.027958,-0.208711,-0.17545,-0.1543,0.119285,-0.009626,-0.292359,0.074296,0.112086,0.036927,-0.090169,-0.302333,-0.074284,-0.138833,0.144003,0.551403,-0.097068,-0.069573,-0.029226,-0.542836,-0.258985,0.283117,0.371095,0.182614,-0.209118,-0.055798,-0.280315,-0.344995,0.214986,0.176233,-0.00613,0.057718,-0.01054,-0.09391,-0.125732,0.625079,0.003564,0.017767,0.008669,0.069078,0.270778,-0.216226,-0.211744,-0.137113,-0.064549,-0.065747,-0.278548,0.021021,0.314382,0.131653,0.102201,0.172009,-0.094369,0.020769,0.124989,0.139214,-0.045564,0.496819,0.564961,-0.093969,-0.232321,0.075024,0.243081,-0.035885,0.182614,-0.025755,-0.10107,-0.130613,0.291183,-0.040669,0.264273,0.221234,0.069966,-0.092312,-0.056194,0.304691,-0.10857,0.169116,0.060779,0.212464,-0.197656,0.367487,0.007695,0.271336,-0.118022,-0.168604,-0.19823,-0.224318,#
7,0.063603,0.021298,-0.169438,-0.229472,0.110161,0.038429,0.240973,1.0,-0.089042,0.057435,0.061024,-0.267977,0.250741,0.126346,-0.182677,0.339958,-0.150652,-0.145175,0.152008,0.087242,0.085727,0.011534,-0.144959,0.397628,0.050152,0.246243,-0.101706,-0.538798,0.113968,-0.104846,-0.092272,-0.154528,0.456059,0.206687,-0.137603,0.040305,0.175026,0.146168,0.356048,-0.204597,-0.07109,0.124954,-0.152861,0.049379,-0.555718,-0.245915,0.163969,-0.294683,0.194234,-0.350983,-0.347106,0.055731,0.140696,-0.008879,0.011315,0.082111,0.04042,-0.143897,-0.292082,0.084959,0.24851,0.152235,-0.213812,0.087722,-0.045954,0.09543,0.23777,0.017518,0.200517,-0.061535,0.181057,-0.33142,-0.286094,-0.075791,0.163578,0.024225,0.070625,0.211462,0.233058,0.197552,-0.163302,0.057927,0.210371,-0.072969,0.055641,0.105954,0.191187,0.342244,-0.056409,0.07196,-0.328649,0.194392,-0.123387,-0.006266,-0.237918,0.231108,0.336888,0.426518,0.346191,-0.03455,0.09464,0.110371,0.083818,-0.081127,0.27979,0.212204,0.031267,-0.00364,-0.123784,-0.402953,0.191949,0.055397,0.32647,-0.065967,0.228135,0.119288,0.140321,0.091339,-0.077282,0.022322,-0.089855,-0.220872,0.052781,-0.073845,0.123935,0.16482,-0.092418,-0.095288,-0.162358,0.103609,-0.039855,-0.016784,0.070142,0.003453,-0.060516,0.141661,0.280054,0.07334,-0.252998,-0.150141,0.342182,0.20817,0.058665,0.210129,-0.041579,-0.307459,0.095823,0.158918,0.152188,-0.332029,-0.041663,0.303979,-0.017957,0.085538,-0.225278,0.004632,0.409328,-0.230507,0.144246,0.189811,0.156076,0.463156,-0.209597,-0.012944,-0.068499,-0.262617,0.46365,-0.314011,-0.212735,0.283172,0.097344,-0.239412,-0.072173,0.218033,0.18318,0.118595,0.501162,-0.41411,-0.164295,0.114691,0.194511,0.077441,0.210159,-0.064915,-0.051811,0.372892,0.002537,-0.112193,0.100508,0.192176,0.074583,-0.230355,-0.15966,-0.247832,-0.229905,-0.146668,0.087853,-0.171095,0.021751,-0.106259,#
8,-0.437093,0.236832,0.402649,-0.269938,-0.5088,-0.32605,0.214004,-0.089042,1.0,0.257546,-0.293339,0.040346,0.019533,0.124419,-0.056331,-0.386192,0.107295,0.386765,0.164825,-0.34277,-0.175321,-0.092989,0.198003,0.128567,0.249797,0.253076,0.33591,0.171134,-0.068861,0.254331,-0.074811,0.219977,0.258292,-0.028073,0.317908,0.441675,0.392534,-0.194619,-0.144333,-0.081262,0.030291,-0.299041,0.248151,-0.097755,0.235099,-0.347281,-0.240649,-0.275133,0.164179,0.398125,-0.085685,-0.296991,-0.045014,-0.071332,-0.41975,0.111619,-0.019125,-0.266863,0.081294,-0.03343,-0.120578,-0.158347,0.097073,-0.105246,0.061066,0.073867,0.217903,-0.109736,-0.103897,0.279472,0.125139,0.022304,0.049594,-0.326039,0.436688,-0.150949,-0.012486,-0.11733,0.225164,-0.225987,-0.153373,0.047901,-0.27858,-0.360085,0.19726,0.152402,-0.403756,0.099599,0.145848,0.182566,-0.107471,0.401879,-0.446071,0.105922,-0.074834,-0.169104,0.192308,0.152963,-0.042508,-0.372747,-0.029478,0.343942,0.008752,0.190406,-0.185819,-0.267365,-0.050724,-0.036295,0.06665,0.222594,0.339968,0.177255,0.260806,-0.346601,0.034803,-0.004518,0.152611,-0.169339,0.170658,-0.045173,0.056826,-0.009169,-0.337074,0.0135,-0.055424,-0.079705,0.052367,-0.044785,0.029129,-0.334266,0.101026,-0.012188,0.034803,0.054401,0.327477,-0.01837,-0.091088,0.004596,-0.216729,-0.090489,-0.046432,0.096503,0.064351,-0.357699,-0.414608,-0.175442,-0.155254,0.315262,0.103976,0.084987,-0.054933,-0.030251,0.286497,-0.294553,-0.034668,0.077838,0.203281,0.194134,-0.021221,0.168343,0.213409,0.273811,0.191002,-0.302466,0.397831,0.072059,-0.113225,0.094694,-0.030204,0.185636,-0.165701,0.307479,-0.158152,0.047216,0.1186,0.123861,-0.025378,0.233347,0.310921,-0.479292,0.144126,0.042225,-0.261511,-0.007583,-0.174611,-0.097147,-0.038423,0.177023,-0.130234,0.267635,-0.019077,0.023649,-0.083,0.511943,-0.156105,0.399971,0.159967,0.047256,0.217554,0.032792,#
9,-0.018617,-0.010637,-0.123507,-0.097637,-0.253606,-0.127334,0.276968,0.057435,0.257546,1.0,-0.435814,0.489843,0.225989,0.215411,0.140563,0.189076,-0.192809,0.158897,0.009777,-0.064473,-0.273596,0.182791,0.116582,0.059963,0.01902,0.016763,0.36039,0.058063,0.187209,0.228382,-0.191507,-0.107308,0.027802,-0.341055,-0.045988,0.272117,-0.169464,-0.134618,0.202508,-0.25306,-0.078034,-0.06469,-0.086881,-0.550413,-0.307814,-0.225404,0.189441,0.226754,-0.088733,0.316492,-0.309259,-0.076335,-0.077565,0.005283,-0.003769,0.028727,0.191068,-0.305445,0.009924,-0.102225,0.16876,-0.109975,-0.096955,-0.106506,0.380396,0.047511,-0.049576,0.268951,-0.007471,-0.241111,-0.084255,-0.36477,-0.10077,-0.080599,0.21017,0.252114,0.151719,-0.203168,0.164813,0.175515,-0.337917,-0.18176,-0.274072,-0.317042,0.161811,0.102862,-0.287441,0.104738,0.019001,0.092505,-0.10079,0.051898,-0.096348,0.316567,0.197146,0.079305,0.099489,0.353342,0.212162,-0.134811,-0.134742,0.207534,-0.209045,0.261513,-0.071007,0.003755,-0.365168,-0.069022,-0.103457,-0.258047,0.096843,0.014405,0.31032,-0.345491,-0.301929,-0.32173,-0.051495,0.182705,0.367237,-0.135677,0.32457,-0.103668,-0.117702,-0.257301,-0.359903,0.126021,-0.084464,-0.031175,0.183855,-0.347621,-0.063272,0.164042,-0.313214,0.02101,0.196999,-0.251879,-0.25306,-0.150213,0.101875,-0.124674,0.181467,-0.267108,-0.272187,-0.373148,-0.190214,0.368189,0.005616,0.168609,-0.245878,-0.280922,0.007078,-0.295371,0.210233,-0.231267,0.098979,0.174639,0.224227,0.509223,-0.116286,-0.103659,0.180162,-0.167671,-0.109724,0.174939,0.319391,0.166161,-0.163367,-0.044343,-0.427318,0.19827,0.071524,0.222536,-0.152543,0.142435,0.144806,-0.215418,-0.251879,-0.116437,0.184266,-0.22693,0.137312,-0.26065,-0.121493,-0.425375,0.091725,-0.01404,0.036248,0.329768,-0.205177,-0.004125,0.24474,-0.147483,-0.141381,0.432923,-0.022883,-0.067024,-0.200758,-0.085455,0.264255,0.413195,#
10,0.083153,-0.296517,-0.214885,0.244924,-0.01908,0.355488,0.074815,0.061024,-0.293339,-0.435814,1.0,-0.280613,-0.136417,-0.506832,-0.068646,0.022376,0.258338,-0.457136,0.21548,-0.213183,0.18956,0.020448,-0.268959,-0.016692,-0.145092,-0.126165,-0.370788,-0.233226,-0.0617,-0.496964,0.291254,-0.015115,-0.317819,-0.050484,0.411678,-0.43256,-0.002022,0.035837,0.026342,0.164421,0.056347,0.035991,-0.142328,0.178277,-0.0266,0.502545,-0.246476,-0.110446,0.282553,-0.518824,0.046759,0.399067,0.179452,0.109684,0.099997,-0.115511,-0.034673,0.418748,-0.165346,-0.045168,0.051791,-0.157159,-0.100925,0.057073,0.109032,-0.24231,-0.086781,-0.153659,0.453661,-0.162041,-0.057399,0.107223,0.280076,-0.143375,-0.200424,-0.120962,-0.165723,0.356457,-0.12116,-0.235329,0.154061,0.198099,0.07731,-0.298907,-0.103023,0.139447,0.392614,-0.067407,-0.154801,-0.144114,-0.279088,-0.25069,0.084011,-0.440857,-0.261123,-0.130016,-0.299009,-0.351101,-0.086648,0.100612,-0.072314,-0.184189,0.332816,-0.131745,0.125143,-0.141695,0.102554,0.003788,-0.097319,0.226098,-0.151636,0.177299,-0.092622,0.000979,-0.017152,0.022085,-0.001055,0.140108,-0.199135,0.342674,-0.10669,0.062618,0.179445,-0.12528,0.242716,0.26064,-0.149702,0.25016,-0.135475,0.350971,0.06073,-0.207735,0.180883,0.064957,0.094141,0.357282,-0.100546,0.137908,-0.152223,0.04689,-0.244759,0.47565,0.099254,0.300719,0.27859,-0.054152,-0.308379,0.010159,0.074558,0.236202,-0.073337,0.265073,-0.044217,0.008489,-0.044334,-0.26272,-0.55213,-0.509672,-0.296516,0.129021,-0.031999,0.065246,0.132026,-0.041507,-0.267145,-0.270955,0.065825,0.142286,0.175699,0.014008,0.143738,-0.194529,0.143066,0.027955,-0.050256,0.099307,0.182031,-0.00245,-0.552977,0.628145,-0.093394,0.182267,0.620525,0.470141,-0.01349,0.019907,-0.337811,-0.315841,0.603272,-0.083114,-0.374168,0.010375,0.241124,-0.602322,0.318325,0.107881,0.176306,-0.163535,-0.415667,-0.319955,#
11,0.046044,-0.085064,-0.225494,0.205218,-0.048703,-0.035117,-0.108014,-0.267977,0.040346,0.489843,-0.280613,1.0,0.136184,0.116063,-0.031804,0.002251,0.12943,0.077619,-0.233181,-0.18549,-0.136697,-0.060257,-0.124964,-0.142495,-0.025194,-0.20876,-0.012517,0.280237,0.036444,0.16747,0.045455,-0.208985,-0.006056,-0.332298,-0.095335,0.339787,-0.313478,-0.158671,0.015585,0.08383,0.182748,-0.003153,-0.086031,-0.209332,-0.110812,0.066522,-0.332776,0.370009,-0.298683,0.465892,0.029925,0.104613,0.04431,0.013756,-0.124536,-0.127901,0.286101,-0.145429,0.146336,0.316698,-0.019923,0.279087,0.141107,-0.582357,0.311396,-0.00052,-0.075594,-0.054843,-0.20709,-0.04638,-0.105351,-0.15289,-0.027455,0.202011,-0.047874,0.131044,-0.22834,-0.135857,-0.129359,0.135246,0.113742,0.184972,-0.191229,-0.144233,0.036052,-0.203849,-0.119945,0.201539,-0.121377,0.037117,0.146914,0.196296,0.13748,0.228023,0.203218,0.216333,-0.174986,0.111615,0.013018,-0.049984,0.264713,0.216135,-0.2431,0.057196,-0.043143,0.212514,-0.04343,0.128402,0.283486,0.00293,-0.182164,0.11565,0.045678,-0.141048,-0.225121,-0.106136,0.050163,0.112644,0.293104,-0.098012,0.192719,-0.268452,0.305084,0.194526,-0.078243,-0.119918,-0.048912,-0.183217,0.305713,-0.126728,-0.145828,0.441439,-0.252676,0.199254,0.007663,-0.310399,-0.13069,-0.117048,0.361105,0.196872,0.160676,-0.185901,-0.200439,0.070527,0.214721,0.489247,-0.006117,-0.167386,-0.31509,-0.043874,0.039118,-0.012062,-0.020332,0.04587,-0.045054,0.14905,-0.117399,0.446399,-0.185626,-0.10145,-0.234543,-0.380932,0.088664,0.162823,0.221103,0.225886,-0.188816,-0.049024,0.054974,0.039733,-0.100132,0.429576,0.20237,-0.075638,-0.015345,-0.194219,-0.303456,0.183297,0.105087,0.063366,-0.22211,0.060324,-0.2134,-0.193804,0.279858,-0.116678,0.297264,0.462934,-0.095927,-0.020728,0.05421,0.07028,0.041321,0.370584,-0.28549,-0.222822,0.118842,-0.098899,0.198348,0.214283,#
12,0.649949,0.305189,-0.197163,-0.253187,0.20171,0.048614,0.038857,0.250741,0.019533,0.225989,-0.136417,0.136184,1.0,0.413853,-0.010357,-0.196849,0.002834,0.140749,0.122692,-0.15328,-0.157037,0.28844,0.291424,-0.139419,-0.268453,-0.057109,0.121982,-0.289203,0.107473,0.140739,0.094464,0.027417,0.144253,-0.311297,-0.112556,0.441728,0.149475,0.023646,0.070864,-0.591179,0.030154,0.01824,0.164522,0.05348,-0.248773,-0.348814,0.195772,0.059296,-0.155208,0.000717,-0.29859,0.089713,-0.010354,0.157217,0.094553,0.126679,-0.215376,-0.108328,0.346087,0.215267,0.650906,0.202501,-0.127488,-0.115924,0.045547,0.299931,-0.107346,0.215077,0.346652,-0.209975,0.264379,-0.194832,-0.687025,-0.147696,-0.260131,0.630033,0.073807,-0.056311,-0.039667,-0.354238,-0.189568,-0.222871,-0.142971,-0.189007,-0.218681,-0.187771,0.05954,0.355446,-0.267234,-0.343304,-0.144217,-0.104813,-0.300262,0.1662,-0.123814,0.193928,0.251041,-0.086408,0.078639,-0.284151,0.042198,0.092509,0.089446,0.015781,-0.006289,-0.203038,-0.190237,-0.234313,-0.329916,-0.115118,0.186052,0.233475,-0.028179,-0.284708,0.023143,-0.084035,-0.202234,-0.426812,0.091392,-0.241878,-0.047294,-0.315272,-0.143365,-0.345738,0.168316,0.149849,0.014034,0.232266,0.368639,0.094772,-0.410289,0.197217,-0.174023,0.100454,-0.326646,-0.017605,-0.312596,-0.478479,0.099367,-0.12921,-0.010613,-0.07344,-0.139621,-0.074983,0.106276,0.37574,-0.458846,0.262508,-0.217369,-0.727802,0.085194,-0.230779,0.070508,-0.3225,-0.030759,-0.050961,0.477082,0.392292,0.009205,-0.554562,0.1034,-0.042826,-0.109167,-0.086208,0.23986,0.334636,-0.04959,-0.009523,-0.379259,0.09412,-0.009584,0.307181,-0.273954,0.143138,0.364846,-0.339675,-0.009962,-0.006669,0.394107,-0.155058,0.125045,0.037113,0.078235,0.191313,0.198422,-0.120708,0.457777,-0.225184,-0.296376,0.38567,0.173712,0.131208,0.251321,0.215508,-0.145603,-0.193271,0.306306,-0.069537,0.122446,0.35118,#
13,0.254802,0.287641,0.118168,-0.191962,0.205863,-0.101415,-0.345144,0.126346,0.124419,0.215411,-0.506832,0.116063,0.413853,1.0,0.246113,-0.184623,-0.316476,0.608322,0.14525,0.047366,-0.088791,0.362773,0.471423,0.331034,0.038723,0.031943,0.284152,0.208167,-0.024083,0.604482,-0.015069,0.069865,0.171165,-0.271062,-0.064246,0.414199,0.256015,-0.3394,0.292157,-0.351905,-0.049535,0.134558,0.292971,0.12079,-0.203654,-0.533005,0.376727,0.088699,-0.152138,-0.016336,-0.202872,-0.108364,0.05575,0.231975,-0.141085,0.051986,-0.343393,-0.168848,0.131407,0.000671,0.092589,0.115743,-0.179882,0.101547,-0.023124,0.115334,-0.020346,0.323765,-0.070711,0.158427,-0.033952,0.169421,-0.408959,0.07991,-0.268319,0.100162,0.001188,-0.414132,-0.175467,-0.148508,0.049694,-0.391037,-0.195442,0.211332,-0.184704,-0.096062,-0.220084,0.110939,-0.1092,-0.093679,0.218513,-0.218356,-0.303168,0.311567,-0.040628,0.076576,0.197771,0.030518,-0.045645,-0.172543,0.236493,-0.047693,-0.105643,-0.087702,-0.151071,0.109331,-0.000317,-0.188621,-0.202175,-0.162143,0.452364,0.154746,0.112861,-0.103846,0.045088,-0.108123,-0.25576,-0.303626,0.37585,-0.444618,-0.228795,-0.372867,-0.128327,-0.105741,-0.168774,-0.055093,0.003188,-0.073516,0.201274,-0.096247,0.196748,0.259019,-0.329002,-0.31174,-0.561885,-0.251792,0.072691,-0.039686,0.209833,-0.043207,0.078304,-0.385033,-0.327585,-0.425203,-0.401067,0.256125,-0.209655,0.00568,-0.403764,-0.481383,-0.233781,-0.359717,0.020199,-0.231674,-0.10955,0.062669,0.507894,0.425912,0.19934,-0.052298,0.186525,0.037604,-0.047705,0.04655,0.169831,0.275684,-0.009975,-0.086749,-0.23065,-0.03985,-0.251772,0.088451,-0.435319,-0.157526,0.00799,-0.44503,-0.125018,0.006916,0.527962,-0.449057,0.260212,-0.23273,-0.320874,-0.248788,0.083762,0.065164,0.186937,-0.231454,-0.36872,0.259703,0.279772,-0.030438,0.00426,0.292829,-0.219849,-0.277838,0.197207,-0.149815,0.450635,0.27778,#
14,0.147309,0.29756,0.140099,-0.172062,0.214422,-0.029499,0.11101,-0.182677,-0.056331,0.140563,-0.068646,-0.031804,-0.010357,0.246113,1.0,-0.157617,-0.163608,0.161345,0.332619,-0.100834,-0.385813,0.184009,0.282565,0.031077,0.105244,-0.067484,-0.018847,0.236102,0.064761,0.126447,-0.288136,-0.18014,-0.276533,-0.21711,0.152507,0.147874,0.014988,-0.414289,0.12242,-0.07223,-0.355903,0.170011,0.234787,-0.071431,0.137546,-0.016628,0.268712,0.256423,-0.090663,-0.094546,0.158725,-0.271167,-0.148845,-0.103418,0.294203,-0.268338,-0.363182,-0.165516,-0.183763,-0.369899,0.027415,-0.186769,-0.120182,0.323856,0.021352,-0.056831,-0.109046,0.128657,-0.01001,-0.188512,0.101843,0.010354,0.074317,-0.55096,-0.303097,0.289819,0.08637,-0.527518,-0.20008,-0.346026,-0.06381,-0.696172,-0.559011,0.111509,-0.387862,0.048272,-0.34739,0.013713,-0.270895,-0.075145,-0.05687,-0.181853,-0.037409,0.205222,-0.319619,-0.401528,-0.327467,-0.255839,-0.330119,0.154881,0.127473,-0.454722,-0.263808,-0.394251,-0.280216,-0.051541,-0.352081,0.003829,-0.396434,-0.106118,-0.028397,0.208637,-0.349033,-0.450973,-0.245648,-0.127337,-0.175183,-0.276018,-0.072021,-0.221618,-0.203146,-0.110334,-0.263253,-0.104611,0.112656,-0.495286,0.057034,0.337177,-0.070386,-0.278305,0.372127,-0.146306,-0.59804,0.116282,-0.340673,-0.341202,-0.07223,0.051279,0.191657,-0.163033,-0.16678,-0.029065,-0.2383,-0.353727,-0.521497,0.33096,-0.112382,0.438434,-0.521478,-0.212812,-0.510767,-0.680842,-0.117065,-0.568976,-0.111647,-0.5087,-0.171824,0.304923,-0.311811,-0.227699,0.082074,-0.269779,0.205435,0.132557,-0.11908,0.137222,-0.45786,0.338063,-0.149715,-0.119744,0.302577,0.150406,-0.300006,-0.263507,0.334559,-0.33736,-0.341202,0.231726,0.173872,-0.317344,0.481743,-0.383228,0.119532,0.381037,0.385503,-0.537584,-0.117532,-0.116931,-0.272521,0.195837,0.189809,0.557104,0.32929,0.260975,0.201524,0.121466,0.096681,-0.216842,-0.098298,0.286127,#
15,-0.000619,-0.260499,-0.229594,0.075547,0.161821,0.002419,0.137628,0.339958,-0.386192,0.189076,0.022376,0.002251,-0.196849,-0.184623,-0.157617,1.0,-0.149188,-0.277955,-0.241812,0.116848,0.061168,-0.217633,-0.024886,0.056029,0.247861,0.263728,-0.157167,-0.243002,0.23035,0.022723,-0.298768,-0.493314,-0.244963,0.006804,-0.196665,-0.059636,-0.384875,0.150738,0.373573,0.175614,-0.190319,-0.12811,-0.867697,-0.196523,-0.095199,0.315537,0.250111,0.23248,-0.362653,-0.1092,0.115367,0.165255,-0.038199,0.208923,0.158266,-0.169302,0.188804,0.146419,-0.464162,0.109703,-0.065958,-0.121195,0.137851,-0.045528,0.068696,-0.051404,-0.242512,0.143422,-0.055148,-0.188519,0.066821,-0.29984,0.138238,0.302198,0.022012,-0.166228,-0.110457,-0.00196,-0.219843,0.336964,-0.236642,-0.003985,0.183373,0.29453,0.225447,-0.27494,-0.072805,-0.155812,0.139309,0.065473,0.164656,-0.079927,0.183373,0.095072,0.028292,0.309176,0.198619,0.128018,0.025805,0.020573,0.17397,-0.079303,-0.355772,0.063122,-0.038812,0.192037,-0.355624,0.419211,-0.046167,-0.156539,-0.202192,-0.161061,0.303884,-0.100633,0.018321,0.145209,0.232747,0.334428,0.135798,0.062035,-0.009956,0.07498,0.283752,0.082618,-0.018236,0.097528,-0.190158,-0.108169,-0.379578,-0.099114,-0.191706,-0.009416,-0.196951,-0.085676,-0.021203,-0.031503,0.149221,0.10657,-0.050293,-0.072847,0.33296,-0.075975,-0.044236,0.204386,0.251404,-0.175689,0.295579,-0.114047,0.052346,-0.064279,0.023391,0.214978,-0.204847,0.067851,-0.015043,0.128918,-0.09635,-0.00384,-0.06646,0.295426,-0.024442,0.000462,0.028651,-0.045643,-0.356335,-0.211813,0.005225,-0.269176,-0.03354,-0.104933,0.017776,-0.419658,0.12655,-0.038779,-0.34518,-0.018887,-0.031503,-0.182402,-0.198392,0.333922,0.088029,-0.155297,-0.056884,-0.269322,0.1882,0.263226,0.033974,0.202013,0.068081,-0.105652,0.145196,-0.096662,-0.085378,-0.146049,-0.071489,-0.158996,-0.111297,-0.3075,0.118415,-0.1787,#
16,-0.006344,0.129587,-0.025791,0.03958,-0.099061,0.328583,0.137345,-0.150652,0.107295,-0.192809,0.258338,0.12943,0.002834,-0.316476,-0.163608,-0.149188,1.0,-0.183267,0.166822,-0.24404,0.09745,-0.219077,-0.013757,-0.239636,0.098333,-0.255279,-0.033329,-0.096405,-0.081205,-0.260471,0.125206,0.204817,0.130971,0.043704,0.13787,0.147205,0.261755,-0.03202,-0.354146,-0.0621,0.302976,-0.036621,0.006019,0.242191,0.387485,0.103763,-0.220078,0.246879,0.023329,0.133559,-0.027367,-0.037599,0.378548,-0.187408,-0.179442,0.071317,-0.072099,0.012517,0.047541,0.268482,0.05195,0.309032,0.31487,-0.381458,0.014032,-0.046361,-0.291562,0.005882,0.280046,0.005872,-0.040119,0.203979,0.318303,-0.080444,-0.116844,0.082213,-0.382511,0.138806,-0.177706,0.002631,0.147785,0.122284,-0.033244,-0.216286,-0.190197,-0.235471,0.015432,-0.107142,0.067037,-0.410895,-0.227632,0.006707,-0.023656,-0.124345,-0.104635,-0.218155,-0.08707,-0.219407,-0.295808,0.023529,0.126207,0.075805,-0.031521,-0.062767,0.09549,-0.035186,0.165795,0.088088,-0.066994,-0.038236,0.105937,-0.055864,-0.149586,-0.09648,0.15242,-0.127136,-0.330422,0.092916,-0.087703,0.068758,-0.025273,-0.057924,0.135942,-0.092428,0.114567,-0.126762,-0.35563,-0.034732,-0.148624,0.075067,-0.135044,0.030329,-0.030302,0.341678,0.080718,-0.135266,0.186131,-0.291217,0.287769,-0.007266,-0.490581,0.366861,-0.043601,0.215034,0.260452,0.159799,-0.26698,0.095174,0.035949,-0.056001,-0.090824,0.234941,0.220445,0.098428,-0.258007,-0.329814,-0.291267,0.102291,-0.301759,0.190409,-0.041362,-0.059542,0.382492,0.043555,0.142859,0.295925,0.14042,0.106293,0.037518,-0.244132,-0.189711,0.049407,0.030866,0.017019,0.027279,-0.132758,-0.128446,0.415689,-0.141999,0.051005,-0.349838,0.094937,0.179858,0.244058,-0.084783,0.080476,0.207356,0.356503,0.0763,-0.170675,-0.02984,0.253969,0.343796,-0.051942,0.024986,0.507318,0.274573,0.024629,-0.292467,-0.396342,#
17,0.026869,0.561312,0.479833,0.010293,-0.18891,-0.060721,-0.188166,-0.145175,0.386765,0.158897,-0.457136,0.077619,0.140749,0.608322,0.161345,-0.277955,-0.183267,1.0,-0.075877,0.264845,0.013127,0.256664,0.372262,0.226872,-0.01001,0.129217,0.268261,0.234626,0.020257,0.364068,0.022266,0.262421,0.176539,-0.176694,0.07697,0.346052,0.314801,-0.263585,-0.059467,-0.181404,-0.011708,0.182385,0.14395,0.089958,0.088088,-0.468272,0.267857,0.11529,0.185039,0.078252,0.033175,-0.370499,0.057341,-0.051617,-0.402986,-0.287892,-0.314032,-0.318083,-0.092768,-0.270169,0.047163,0.183666,0.105348,-0.117057,0.021744,0.260366,-0.068075,0.415949,0.016463,0.216584,0.093436,0.171448,-0.267083,0.01308,-0.061841,-0.113322,0.086619,-0.47155,-0.104107,-0.059143,0.122933,-0.135563,-0.06304,0.157502,0.003911,-0.054639,-0.139937,0.18388,0.177744,0.022814,0.159313,0.175249,-0.226645,0.36288,-0.004621,0.176593,0.440482,0.087001,-0.183876,-0.192822,0.036845,0.068737,-0.067944,0.341121,-0.225421,0.043728,-0.180912,-0.22043,-0.200468,0.070381,0.368613,0.374699,0.183077,0.028845,0.11514,0.176798,0.023694,-0.404416,0.441033,-0.390131,0.017889,-0.183082,-0.254593,-0.004615,-0.157963,0.006839,-0.028931,-0.028261,0.226269,0.199485,0.212569,0.084453,-0.079051,-0.42577,-0.171693,-0.156694,0.116124,-0.11777,0.203684,0.022469,-0.041662,-0.44043,-0.387644,-0.523241,-0.36238,0.159273,0.110723,-0.11977,0.006839,-0.041862,-0.182493,-0.461934,0.4378,-0.13233,-0.200483,-0.176841,0.368874,0.486512,0.007642,0.062953,0.058391,0.128255,0.116505,-0.039707,0.036324,0.218108,0.141984,-0.045444,0.039737,0.036281,-0.406325,-0.069292,-0.441654,-0.267597,-0.023298,0.001045,0.021294,0.084333,0.48734,-0.55109,0.155733,-0.13345,-0.568718,-0.358674,-0.059791,-0.061304,0.12959,0.016459,-0.351913,-0.012498,0.302254,-0.103749,-0.109992,0.366624,-0.282364,-0.029146,-0.046251,0.090525,0.672383,0.265389,#
18,-0.059449,-0.102366,-0.042012,-0.149929,0.119111,-0.231599,0.039448,0.152008,0.164825,0.009777,0.21548,-0.233181,0.122692,0.14525,0.332619,-0.241812,0.166822,-0.075877,1.0,-0.339001,0.07618,-0.159034,-0.009229,0.060594,0.158021,0.131273,-0.021018,0.21284,-0.19639,0.19344,0.032281,0.142352,-0.076491,0.069133,0.314223,-0.024095,0.266684,-0.346108,0.004856,-0.379917,0.017565,0.101018,0.368685,0.081515,-0.132753,-0.109249,0.090028,-0.19319,0.249783,-0.223499,-0.320341,-0.004456,0.129908,0.004954,0.241523,0.098649,-0.349827,0.033115,-0.123663,-0.02353,-0.00094,-0.171913,0.01988,0.540559,-0.028473,-0.085342,-0.079566,0.07403,0.231751,-0.184129,-0.058741,-0.086078,-0.005919,-0.274501,-0.058364,0.243976,0.118283,0.146795,0.192574,-0.365054,-0.101095,-0.29534,-0.368337,-0.204585,-0.46545,-0.053569,-0.154983,0.174974,-0.104098,-0.156214,-0.222583,-0.31183,-0.01861,-0.157493,-0.344583,-0.265847,0.020839,-0.197548,-0.166762,-0.036911,-0.019827,0.014996,0.243655,-0.302178,-0.065318,0.030522,-0.08742,-0.018955,-0.068571,-0.088398,0.084441,0.160888,-0.175813,-0.101129,-0.06764,-0.15115,-0.157818,-0.098958,-0.195181,0.147538,-0.235986,-0.119207,-0.293795,-0.148532,0.185966,-0.335937,-0.041922,0.298715,-0.297019,-0.066546,0.227263,-0.318391,-0.296646,0.169977,0.021793,-0.105663,0.068512,0.037308,-0.057838,-0.131407,-0.375243,0.312773,-0.056549,-0.323277,-0.339474,-0.105282,-0.416454,0.224537,-0.342704,-0.389558,-0.59657,-0.182675,0.013669,-0.437287,-0.243785,-0.411784,0.019557,0.161795,-0.227985,-0.158617,0.048676,0.093847,0.323018,-0.061579,0.21367,-0.130958,-0.210591,0.249345,-0.291627,0.088615,0.150621,0.224437,-0.126654,-0.136771,0.262594,0.027499,0.0436,0.252848,-0.040711,-0.021998,0.185866,0.0286,0.483415,0.255692,0.12429,0.042116,-0.1758,-0.164353,0.119512,0.16299,-0.261547,0.20366,0.381581,-0.104813,0.198139,0.310052,0.431432,-0.080076,-0.496386,0.039061,#
19,-0.034774,0.136179,0.323042,0.42485,0.040766,-0.007342,-0.201502,0.087242,-0.34277,-0.064473,-0.213183,-0.18549,-0.15328,0.047366,-0.100834,0.116848,-0.24404,0.264845,-0.339001,1.0,0.29909,0.126494,-0.009648,-0.019127,-0.079266,-0.108179,-0.004843,-0.157344,0.242153,-0.072623,0.072994,0.145071,0.13877,0.202424,-0.192112,-0.397428,0.063433,0.172521,-0.338606,0.023136,0.189046,0.287578,-0.051988,0.197671,-0.154458,-0.204811,0.39054,0.099421,0.176262,-0.152449,-0.092194,0.044276,0.385732,-0.109484,-0.134904,-0.033555,0.000968,-0.254623,-0.060751,-0.281234,-0.300854,0.122767,0.147822,-0.08811,0.105735,-0.03706,0.142119,0.172222,-0.174361,-0.12792,0.222819,0.056322,-0.056697,0.298615,0.187009,-0.093539,0.163918,-0.052533,0.291631,0.388936,0.160684,0.273877,0.421877,0.422161,0.111088,0.020008,0.268231,0.089061,0.319807,0.108414,0.256424,0.096574,0.259406,0.072053,0.267235,0.302468,0.266889,0.328798,0.065201,0.242952,-0.409814,0.019406,0.008094,0.285735,0.348071,0.442113,0.097006,-0.320725,0.096154,-0.089825,0.055204,-0.165283,0.078597,0.486161,0.329497,0.142409,-0.008819,0.168438,-0.15608,-0.141781,0.264261,0.119163,-0.00561,-0.030985,0.041538,0.256785,-0.05616,-0.106877,-0.155751,0.159038,0.262715,0.23062,0.346523,-0.159959,0.053663,-0.005148,0.324993,0.119143,-0.025585,0.258314,0.200289,-0.230337,0.109429,-0.001427,0.242389,0.064535,0.462448,-0.452529,0.57767,0.060878,0.253469,0.031906,0.19882,0.461978,0.028483,0.251764,0.273515,-0.102263,0.271563,0.211519,-0.007896,0.089782,-0.375747,0.19586,-0.336074,-0.350034,0.487512,-0.23238,0.178861,0.143311,-0.349076,-0.153322,0.155468,0.185583,-0.254643,0.230077,0.17543,-0.499059,-0.251461,0.025978,-0.083665,-0.075622,-0.257818,-0.305184,-0.484935,0.262798,0.196635,0.047298,0.174079,-0.440708,0.326973,-0.348671,-0.384973,-0.193939,-0.199591,-0.223368,-0.493009,0.375029,0.218242,0.00958,#
20,0.081361,-0.271431,-0.029627,0.24181,0.009976,-0.16314,-0.452102,0.085727,-0.175321,-0.273596,0.18956,-0.136697,-0.157037,-0.088791,-0.385813,0.061168,0.09745,0.013127,0.07618,0.29909,1.0,-0.316513,-0.438155,-0.037599,0.250465,0.253081,-0.053905,0.103117,-0.067739,0.057586,0.491549,0.346733,0.062009,0.158136,0.015684,-0.43738,0.170545,0.20335,-0.202942,0.159757,0.491414,-0.194415,0.032985,0.114222,-0.200363,-0.14463,0.094295,-0.156343,-0.08017,-0.307784,-0.100934,-0.058528,0.380792,-0.037243,0.097421,0.182127,-0.408842,0.237471,0.020592,-0.05998,-0.155563,0.243876,0.139649,-0.103578,-0.110472,-0.087828,-0.098785,0.019565,-0.244926,-0.177422,0.029755,-0.084927,0.037149,0.507521,0.103675,-0.363805,0.172026,0.51921,0.193776,0.271126,-0.00814,0.512937,0.609728,0.16419,-0.106689,-0.192709,0.24382,-0.064104,0.67914,0.176964,-0.272682,-0.088843,0.271114,-0.088273,0.292581,0.367031,0.160212,0.320513,0.109924,0.156025,-0.280511,0.155716,-0.015047,0.020494,0.461621,0.218124,0.098522,0.167067,0.409348,0.193825,0.046555,-0.072141,-0.073366,0.508671,0.373817,0.341186,-0.002199,0.160489,0.148352,0.488283,0.045394,0.201237,-0.149215,0.355137,0.214681,0.260638,-0.38606,-0.426519,0.117208,0.361846,0.253189,0.161895,0.36348,-0.100925,-0.084277,0.164905,0.179621,0.152849,0.131046,0.531181,-0.080942,0.142379,0.420545,-0.115928,0.110005,-0.095124,0.288906,-0.566568,0.260638,0.231401,-0.075306,0.204225,0.267237,0.511205,-0.040044,0.083413,0.147413,-0.25634,0.359542,0.146392,-0.197608,0.052987,-0.051639,-0.141008,-0.0555,-0.447782,0.448156,-0.125124,0.16945,-0.00177,-0.376957,-0.194734,0.327892,-0.150268,-0.387661,0.305608,0.356181,-0.302125,-0.365024,0.395557,-0.224699,0.316197,-0.100673,-0.205709,-0.199614,0.398848,0.100591,0.149145,0.333121,-0.121445,-0.028026,-0.509566,-0.111285,-0.490956,-0.401912,-0.024444,-0.030022,0.429763,0.202242,-0.2977,#
