0,1.0,0.055809,0.097592,-0.081006,0.286672,0.039802,0.04217,-0.202052,0.242288,0.079825,-0.255632,0.159618,-0.340243,0.139003,0.226986,-0.029108,0.19305,-0.098195,-0.244733,-0.087257,-0.32609,-0.325924,-0.391487,-0.105179,0.310787,-0.425523,0.092397,-0.436138,0.3498,0.058939,-0.641216,-0.063195,-0.189234,-0.167248,0.133239,0.075223,0.050222,-0.053552,-0.253081,0.249409,-0.211931,-0.191565,-0.513423,-0.154065,0.226887,-0.001868,0.20367,0.06352,0.161043,0.336372,-0.096655,-0.188755,0.172482,0.038438,0.071217,0.089856,0.192622,-0.306839,-0.154191,0.209137,0.185451,0.509115,0.36831,-0.49328,-0.317908,-0.286303,-0.06889,-0.200089,0.039773,-0.109824,0.007465,0.025595,-0.075877,-0.230575,-0.147337,0.125708,-0.151606,-0.289805,0.044145,-0.044963,0.191397,-0.082512,0.073287,-0.38744,-0.142011,0.124591,-0.262212,0.08769,-0.098054,-0.38515,0.046018,-0.133118,0.133446,0.096382,0.039287,-0.372723,-0.075628,0.062849,0.037423,-0.170969,-0.1646,0.061898,-0.253029,0.027677,-0.047587,-0.0416,0.250958,0.010808,-0.002957,-0.471208,0.001648,0.0,0.034131,-0.256364,-0.165683,-0.384952,-0.135376,-0.198456,0.126448,-0.290488,0.326765,-0.083871,-0.034442,0.037443,0.221245,-0.141938,-0.20111,-0.0575,-0.267731,0.088352,0.038358,-0.315222,-0.237207,0.092745,0.05132,-0.096385,0.108705,-0.067345,-0.021433,0.030397,0.031149,-0.454463,0.27226,-0.130045,-0.23479,-0.083202,0.166883,0.158643,-0.048374,0.054706,-0.334096,0.195685,0.311221,-0.272707,0.293599,0.197071,-0.003523,0.101074,-0.16013,0.0745,-0.219827,0.006722,0.251193,-0.106593,-0.260928,-0.001116,0.007116,0.330338,-0.02819,-0.34125,0.066902,-0.035805,0.159348,-0.220321,-0.015927,-0.07939,0.172537,0.18215,0.185441,-0.383213,-0.015927,-0.137244,-0.08073,0.063369,0.104095,-0.230087,0.523105,-0.350405,-0.007447,0.049564,-0.393792,0.08427,0.114682,0.201209,-0.245341,-0.011003,-0.166552,-0.304701,-0.034442,-0.162857,#
1,0.055809,1.0,-0.267973,-0.060881,0.490846,0.224565,0.063783,-0.202133,0.063499,0.255496,0.111941,-0.002792,0.22414,0.141445,-0.036545,0.001725,-0.008503,0.101452,-0.192821,0.133439,0.218048,0.396219,0.351063,-0.089617,-0.133731,-0.430877,0.30126,0.055574,0.223119,0.280465,-0.413319,-0.06976,0.063896,-0.652829,-0.04703,0.059399,0.250693,-0.796111,0.024701,0.28835,-0.021066,0.359444,0.114456,-0.208539,0.036632,0.264533,0.017377,0.526837,-0.03238,0.004543,-0.023807,-0.727213,0.172716,-0.315028,0.041767,-0.112155,-0.190419,0.333255,0.254771,0.155373,0.183466,0.153659,0.163214,0.264131,-0.190452,0.354081,-0.066671,0.400905,0.431363,-0.070841,-0.415983,-0.320467,0.188767,-0.398578,-0.478473,0.104862,-0.513931,-0.127245,-0.324993,-0.398222,-0.341478,-0.807694,-0.287308,-0.226035,-0.480184,-0.408808,-0.046761,-0.274074,-0.298879,-0.200735,-0.497106,-0.486203,-0.233706,-0.470065,-0.476904,-0.207079,-0.737022,-0.475825,-0.328129,-0.543768,0.003373,-0.299539,-0.26724,-0.147453,-0.019296,-0.25152,-0.26992,-0.545185,-0.180043,-0.115261,0.122376,0.0,-0.479322,-0.607336,0.023977,-0.177755,-0.31857,-0.093233,-0.041478,-0.291008,-0.246566,-0.279277,-0.639194,-0.48193,-0.042503,-0.156734,-0.202354,0.202401,0.11972,-0.470072,-0.208592,-0.331584,-0.206283,-0.127209,-0.420893,-0.287117,-0.202133,-0.255906,0.193274,-0.746805,-0.333132,-0.358185,-0.081901,-0.119368,-0.038602,-0.00513,-0.180043,0.343918,-0.565679,-0.112849,-0.527747,-0.354288,-0.342811,-0.306087,-0.142171,-0.01373,-0.157858,0.472516,-0.359537,-0.470051,0.004189,0.019349,-0.287308,0.06793,-0.445578,0.541385,0.002232,-0.171157,-0.058169,-0.148527,0.081962,0.182036,-0.427322,-0.213091,0.342605,-0.459526,-0.299118,-0.010123,0.532801,-0.494833,0.693229,-0.306093,-0.304591,0.446393,0.47229,-0.6264,-0.164988,-0.176889,0.110649,0.460418,-0.513599,0.490261,0.476179,0.39491,0.16588,-0.3413,0.358323,-0.515357,-0.245878,0.251785,#
2,0.097592,-0.267973,1.0,0.2808,0.052806,0.076824,-0.044018,0.055461,0.367573,-0.025623,-0.218815,0.116736,-0.310578,0.228254,-0.223461,-0.520366,-0.296258,0.117241,-0.094013,0.514474,-0.498705,-0.377094,-0.139642,0.142086,0.14199,-0.001743,-0.08475,-0.069707,0.094652,-0.230246,0.37522,0.244769,-0.436189,0.447264,-0.161313,-0.072861,-0.0218,0.227239,-0.326705,-0.514179,-0.248209,-0.035928,-0.190268,0.084096,-0.153518,-0.284741,0.139078,0.007725,-0.267129,0.301571,-0.086827,0.5637,0.079852,0.212159,-0.086034,-0.007539,0.12037,-0.116656,-0.343334,-0.069236,0.236296,0.128539,-0.051095,-0.253901,-0.04038,-0.02343,0.280945,-0.115207,-0.11159,0.392361,0.268422,0.13566,0.043936,0.400349,-0.073422,0.162709,0.028183,-0.023167,0.231975,0.187569,0.247728,0.248534,0.005091,0.593278,0.119077,0.348977,-0.282133,0.016619,0.25914,-0.077518,0.19283,0.262893,0.232627,0.406786,0.037707,0.127327,0.436054,-0.099985,0.423255,0.382157,-0.291071,-0.258956,0.231018,0.32402,0.055017,0.098843,0.296188,0.260782,-0.006317,0.037529,0.280314,0.0,0.274998,0.348908,0.221281,0.240942,-0.116021,-0.006418,0.301063,0.148824,-0.004124,0.488331,0.294422,-0.073422,-0.205542,0.309913,0.15282,-0.219119,-0.000974,0.083404,0.391195,0.438987,-0.060183,0.074501,0.210259,0.267449,0.031564,0.441221,-0.139874,0.362368,0.512233,0.012252,-0.040636,-0.035092,0.497186,0.337402,0.212145,0.06541,0.102318,0.093273,0.244915,0.404519,0.336444,0.598259,0.457335,0.005679,0.048794,0.110323,0.550052,0.071547,-0.064733,-0.091615,0.663362,0.309073,0.451486,-0.079681,0.188362,-0.084293,0.512212,-0.150255,0.029298,0.294705,-0.019862,0.390813,-0.209635,0.435294,0.233487,0.407473,-0.049274,0.031311,-0.042369,0.039558,-0.053256,-0.256979,-0.2763,0.635346,0.180902,0.373684,-0.513037,0.232487,0.492382,-0.726944,-0.305457,0.138698,-0.49414,-0.154489,-0.08087,0.148317,0.294422,0.215907,#
3,-0.081006,-0.060881,0.2808,1.0,-0.023099,-0.142086,-0.129083,-0.018749,-0.186174,0.178533,-0.174432,0.16075,0.024311,-0.194663,-0.328819,0.020167,-0.24307,-0.013586,-0.331962,0.151982,-0.083062,0.056308,-0.291737,0.329507,-0.169631,-0.062476,-0.114579,-0.241032,-0.031822,-0.166494,0.196648,-0.156423,0.044751,0.498549,0.147513,-0.399198,0.007962,0.063821,-0.159507,-0.103312,-0.095989,0.188318,0.127044,-0.222864,0.125605,0.338488,-0.411485,-0.331812,0.275582,0.14802,0.025112,0.133156,0.28472,0.099701,-0.180796,-0.196303,-0.144898,0.034609,-0.275591,-0.260809,0.015456,0.003246,0.245016,-0.153948,-0.040237,-0.295779,-0.276903,-0.214108,-0.270744,0.29652,-0.168347,0.179581,0.38452,0.250648,-0.147179,0.19996,-0.0056,0.512578,0.506644,-0.147238,0.187924,0.246616,0.105685,0.197964,0.197026,0.107071,0.229927,-0.018328,0.077095,-0.100017,0.066756,0.019746,0.357267,0.230782,0.262154,-0.103205,0.109475,0.066159,0.203124,0.381165,-0.189898,0.255943,0.41306,0.302618,0.42481,0.061641,0.160448,0.11788,-0.526206,-0.212018,-0.337912,0.0,0.031735,0.285842,-0.100441,0.495539,0.255287,-0.014055,-0.245695,0.231637,0.370822,0.261334,0.228069,0.187641,-0.170992,0.230598,0.074996,-0.38901,-0.174964,0.27507,-0.174864,0.027834,0.250679,0.490578,0.083479,0.428095,0.259239,0.16368,-0.355843,0.321376,0.129865,0.363297,0.056758,-0.264397,0.446785,0.360374,-0.000372,-0.287783,-0.060005,-0.277333,-0.228219,-0.223781,0.02314,0.243863,0.147159,0.310325,-0.315648,-0.091947,0.495465,0.265917,0.573582,0.324026,0.444485,0.179025,-0.001773,-0.374174,0.005808,-0.290687,0.340388,0.177308,-0.015106,-0.269813,0.015289,0.025837,-0.281901,0.089333,-0.076764,-0.136287,-0.438271,-0.114545,-0.103647,-0.448287,0.389335,-0.091343,-0.355973,0.199464,-0.460848,-0.016846,0.048011,-0.271919,-0.091726,-0.250661,-0.571829,-0.120606,0.034796,0.025052,-0.198821,-0.049133,0.026539,0.058873,#
4,0.286672,0.490846,0.052806,-0.023099,1.0,0.114829,0.319557,0.267823,0.343318,-0.048004,-0.194367,0.110264,0.075413,0.21214,0.044027,-0.043336,0.161174,0.118099,-0.078096,0.228457,-0.021809,0.12244,0.284119,-0.076957,-0.320968,-0.452222,0.173808,-0.014878,0.497323,0.072844,-0.408055,-0.060372,0.071035,-0.371487,0.079167,0.140819,0.415385,-0.524386,-0.383882,-0.041472,0.11055,0.420989,-0.302084,-0.353269,0.344656,0.045706,0.415816,0.500651,0.209762,-0.039193,-0.218037,-0.470407,0.321949,-0.357599,-0.045068,-0.189094,0.034462,0.119444,0.273249,0.241398,-0.023158,0.235478,-0.181606,-0.275094,-0.177467,0.18445,0.183538,0.235675,0.422673,-0.023354,-0.202432,-0.327915,0.001689,-0.290958,-0.374097,0.140761,-0.304887,-0.380162,-0.549584,-0.226587,-0.210853,-0.489919,-0.160821,-0.030515,-0.210418,0.16959,-0.402967,-0.136143,0.164118,-0.330245,-0.162166,-0.361439,-0.074534,-0.552783,-0.319169,-0.366289,-0.372037,-0.358329,-0.212258,-0.443818,-0.241855,-0.391767,-0.343676,-0.121249,-0.127792,-0.401386,-0.074137,-0.377196,-0.148269,-0.286679,0.25876,0.0,-0.206661,-0.433125,0.00269,0.007378,-0.153,-0.44918,0.123567,-0.174594,0.029049,-0.30979,-0.191161,-0.693901,-0.183144,0.265695,-0.3005,0.164463,0.137788,-0.381155,0.203783,-0.048062,-0.154501,-0.084674,-0.44369,-0.207249,-0.031044,-0.217333,0.303614,-0.277021,-0.139951,-0.090775,-0.076559,-0.241878,-0.172112,-0.105021,0.201298,0.127939,-0.394313,-0.213172,-0.400322,-0.023875,0.052455,-0.192616,0.090886,-0.143423,0.199426,0.417308,-0.436954,-0.205965,0.025569,-0.153542,0.035683,0.27575,-0.220211,0.361792,0.050544,-0.17396,-0.128573,-0.116047,-0.275928,0.377974,-0.316601,-0.01198,-0.057947,0.002002,-0.248504,0.135584,0.262851,-0.416347,0.275335,-0.115949,0.027551,0.165731,0.195105,-0.301712,0.073739,-0.263216,-0.137685,-0.031141,-0.218805,0.279923,0.355906,0.329195,0.007288,0.011989,0.342073,-0.304093,-0.191161,0.086077,#
5,0.039802,0.224565,0.076824,-0.142086,0.114829,1.0,0.147855,0.306373,0.271592,-0.255993,0.189546,0.194456,-0.38709,-0.022037,-0.042438,-0.263049,0.233409,-0.092881,-0.065215,-0.11468,0.103729,0.336037,0.269363,-0.414441,0.141634,-0.211077,0.131701,0.05466,-0.021978,0.15421,-0.043616,0.143946,-0.030988,-0.29797,-0.430479,0.376618,-0.038679,-0.011793,0.17842,-0.067001,0.091637,-0.048665,0.063038,-0.219742,-0.339456,0.009983,0.189552,0.265986,-0.152771,0.014655,-0.332322,-0.105148,0.059092,-0.055613,0.418658,0.275692,-0.473082,0.13354,0.067836,0.005338,0.017198,0.129141,0.221817,0.030079,-0.26651,0.067009,0.027305,0.211661,0.084175,0.280222,-0.020873,-0.271302,0.04957,-0.39198,-0.175217,0.266178,-0.21277,-0.152199,0.001868,-0.256023,-0.317762,-0.401287,-0.092104,0.162115,-0.446177,0.229202,-0.25753,-0.048063,0.096251,-0.276856,0.095847,-0.163133,-0.01903,-0.186383,-0.068918,-0.111394,-0.112456,-0.06932,0.059877,-0.21566,-0.00641,-0.287415,0.107789,-0.268822,-0.158277,-0.209192,0.177317,-0.348224,0.234738,0.082061,0.031549,0.0,-0.178733,-0.569351,0.332605,-0.216697,-0.245506,-0.171959,0.22433,0.028725,-0.059224,-0.094872,-0.248801,-0.156183,0.183481,0.034392,0.261686,0.429187,0.186621,-0.129395,0.14329,0.049805,-0.036511,-0.332176,0.220659,0.041673,0.000841,-0.169177,0.07926,-0.34429,-0.106703,-0.162411,-0.120117,0.331548,-0.070485,-0.128836,-0.052408,0.244087,0.067451,-0.302017,-0.025696,0.133497,0.255123,-0.199537,-0.173932,-0.051685,0.030822,-0.001545,0.054233,0.043846,0.034386,0.17277,-0.092484,0.064936,0.175062,0.170134,-0.281142,-0.211011,0.059309,-0.030061,-0.008901,0.141113,-0.06095,-0.072652,-0.007162,-0.084325,-0.048639,0.232883,0.22497,-0.232135,0.063302,-0.046593,-0.187264,0.29151,0.147659,-0.042887,0.07199,0.015605,-0.02074,0.237327,0.0624,0.054524,0.141871,0.419761,0.342698,0.282576,0.150664,-0.111869,-0.267583,0.102533,#
6,0.04217,0.063783,-0.044018,-0.129083,0.319557,0.147855,1.0,0.313572,-0.015688,-0.02613,0.028544,-0.342935,0.124254,-0.027103,0.125187,-0.125247,0.046973,0.12841,0.086397,0.148979,0.383294,0.338598,0.060064,-0.11928,-0.269291,-0.059007,0.123253,0.207873,0.171961,0.13764,-0.167512,0.194913,0.514574,-0.101159,0.076827,-0.144391,-0.054205,-0.035535,-0.350603,-0.303677,-0.10828,-0.066339,0.273775,-0.264543,-0.117854,-0.23163,0.011277,0.168998,0.077356,0.046021,-0.083274,-0.107774,0.016232,-0.008538,-0.048695,-0.271439,0.329425,-0.180122,0.084586,0.09337,-0.059321,-0.041018,-0.202042,-0.10077,-0.338781,-0.231628,0.27049,-0.076109,0.053959,0.332181,-0.005726,-0.426509,0.056194,0.073255,0.018848,0.196712,0.122338,-0.314569,-0.474406,-0.057642,-0.343618,-0.048168,-0.116856,0.027546,-0.256788,0.085921,-0.224643,-0.05202,0.272071,-0.246164,-0.222361,-0.176693,-0.002256,-0.154685,0.087938,0.04548,-0.10519,-0.250635,-0.45174,-0.03392,0.150552,-0.302433,-0.056022,-0.078388,0.020263,-0.027343,0.32826,-0.158483,-0.112933,-0.031498,0.141878,0.0,-0.145154,-0.246626,0.024093,-0.00799,-0.260577,-0.130238,0.086935,0.041473,0.125704,-0.0517,0.15242,-0.182611,-0.418095,0.413032,-0.247633,0.370126,0.290158,-0.29152,0.026285,-0.06487,-0.032463,0.015174,0.025626,0.051135,0.004724,-0.323687,-0.085373,0.035904,0.093781,-0.118853,0.198887,0.090015,-0.358807,-0.265119,0.169399,0.24143,0.110439,0.042575,-0.18273,-0.002726,0.059134,-0.15813,0.302405,-0.054061,-0.058705,0.190823,-0.280855,-0.305831,0.05705,-0.088104,-0.100703,0.288719,0.02296,0.170787,0.049743,0.049512,-0.102422,-0.010083,-0.035203,0.116807,-0.231744,-0.011723,-0.163591,0.30041,-0.077188,0.279623,0.223106,-0.194021,-0.070156,0.102244,0.194766,0.340649,-0.188006,-0.01613,0.099586,-0.303958,-0.031962,-0.094361,-0.104282,0.068018,0.151687,0.287866,0.352051,0.255548,0.029978,0.094538,-0.054221,-0.226945,#
7,-0.202052,-0.202133,0.055461,-0.018749,0.267823,0.306373,0.313572,1.0,0.016903,-0.33216,-0.02843,-0.099569,0.06737,-0.02754,-0.126817,-0.103092,-0.165531,-0.328499,-0.097509,-0.182253,0.316054,0.285494,0.203419,-0.002325,-0.147354,0.064075,0.173695,0.183787,0.219194,-0.147276,0.164657,0.075842,0.236038,0.037294,-0.053636,0.090463,0.314211,0.236592,-0.108868,-0.331109,0.397851,0.360089,0.154462,-0.060082,-0.164348,-0.21613,0.241417,0.171225,0.180013,-0.388764,-0.4634,-0.108083,-0.163907,-0.290914,0.124426,-0.104686,-0.225879,0.02758,0.051073,0.075366,-0.451015,-0.195927,-0.515397,0.066305,0.014515,0.15593,0.272876,0.16464,0.058427,0.198936,-0.163803,-0.185859,0.293626,0.004858,-0.001133,0.072697,0.387434,-0.015691,-0.282928,-0.070568,-0.282776,-0.099642,0.026456,0.076815,-0.003805,0.297495,-0.190719,0.049485,0.20722,-0.240616,0.246494,-0.002475,0.052242,-0.202128,0.241971,0.357774,-0.059054,0.209399,0.027871,0.014549,0.080536,-0.202001,0.205435,-0.220973,0.003499,-0.240069,0.268686,-0.05878,0.075672,0.052596,0.199185,0.0,-0.002475,0.047912,0.246357,0.193078,-0.072984,-0.135581,-0.239476,0.322636,0.134944,-0.260999,0.170786,-0.283033,-0.310482,0.304014,0.00487,0.183787,0.191999,0.127001,0.136024,0.309623,0.166713,-0.32401,0.154831,0.127001,-0.086917,-0.046443,0.192223,0.19005,0.073893,0.193132,-0.239478,0.224693,-0.158912,-0.286074,-0.220626,0.034012,0.113339,-0.202005,0.195889,0.248447,0.213592,0.129269,-0.196113,-0.220452,0.340633,-0.273549,-0.12564,-0.202122,0.222757,-0.108823,0.056039,0.268541,-0.020887,-0.043078,-0.220596,-0.272684,-0.183674,0.068331,-0.257488,0.129489,0.129773,0.135891,-0.280115,0.201176,-0.128621,0.062824,-0.283265,0.124825,-0.280115,0.219017,0.282401,-0.111642,-0.305069,0.216182,-0.010252,0.187677,-0.014477,-0.199454,0.197424,0.061168,-0.006736,0.01244,0.202493,0.418351,-0.045282,0.19525,-0.193105,-0.146518,#
8,0.242288,0.063499,0.367573,-0.186174,0.343318,0.271592,-0.015688,0.016903,1.0,0.129967,-0.160156,0.327013,0.018886,0.718568,-0.132992,-0.367509,0.070397,0.415276,0.272424,0.346681,-0.352592,-0.388823,0.174302,-0.514425,-0.049384,-0.146197,0.25819,-0.043407,0.219859,-0.03855,-0.122848,0.42954,-0.233111,-0.079899,-0.174763,0.423367,0.300888,-0.285582,-0.326867,-0.20499,-0.102272,0.280847,-0.39136,0.080945,0.233966,-0.369675,0.41455,0.413517,-0.229259,0.356253,0.003256,-0.026401,0.072928,0.046477,-0.319675,0.289667,0.116676,0.272884,0.182725,0.179773,-0.350758,0.142397,-0.04784,-0.245805,-0.191211,0.162252,0.488039,0.254777,0.205945,0.180067,0.273848,-0.172101,-0.386068,-0.088284,-0.057218,0.132314,-0.01072,-0.364572,-0.081509,-0.013782,-0.210379,-0.258832,-0.014102,0.275837,0.106363,0.172165,-0.307785,-0.330163,-0.127036,-0.208855,-0.149492,0.103949,-0.100866,0.082827,-0.46558,-0.064694,0.017903,-0.315631,-0.06639,-0.183333,-0.220825,-0.279622,-0.135517,-0.016184,-0.286019,0.074064,0.103518,-0.1698,0.137344,-0.147383,0.334883,0.0,0.266689,-0.123287,0.043195,-0.290704,-0.130142,-0.035645,0.474994,-0.205616,0.134952,0.011948,-0.085001,-0.38647,0.049443,0.112506,-0.314935,0.137515,-0.025968,-0.116429,0.339778,0.43459,-0.455844,0.125199,-0.061918,-0.106683,0.318405,0.289037,0.3001,0.000625,0.332376,-0.201734,-0.246642,-0.057172,0.094606,-0.211515,0.513606,0.429935,0.038099,0.260629,0.025734,0.189235,0.335143,-0.06812,0.221456,-0.185393,0.233259,0.432758,0.013306,0.238092,-0.191213,-0.094522,0.015183,0.463107,0.288732,0.056657,-0.005457,0.090155,0.149105,0.012337,0.024388,0.248818,0.130713,0.12649,-0.242536,0.070889,0.036115,0.09412,0.246539,-0.259482,0.26343,0.248081,-0.534634,-0.127935,0.025598,0.199764,0.424126,-0.007168,-0.677553,0.241208,0.208071,-0.263221,0.015446,0.160005,-0.308493,-0.060784,0.04006,-0.052512,0.292157,0.407203,#
9,0.079825,0.255496,-0.025623,0.178533,-0.048004,-0.255993,-0.02613,-0.33216,0.129967,1.0,0.044988,-0.000373,0.206222,0.286712,-0.238068,0.203876,-0.06821,0.165888,-0.053724,0.178063,-0.075418,-0.101584,0.02379,-0.12546,0.035095,-0.014247,-0.076606,-0.386712,-0.057268,0.232523,-0.189865,0.040706,0.065528,0.180822,0.369606,-0.091967,-0.145704,-0.399977,-0.170505,0.036989,-0.257335,0.035394,0.15184,0.04017,0.147526,0.109515,-0.120046,-0.106486,-0.328199,0.207857,0.12196,-0.03464,0.09777,0.156321,-0.184315,0.308946,0.100521,0.241205,0.05125,0.011573,0.029169,-0.001343,0.404782,0.131014,-0.399994,0.047478,0.165465,-0.153274,-0.124749,-0.055193,0.102252,-0.190268,-0.059997,0.107199,-0.103021,-0.20966,0.166612,0.163824,0.198708,0.164968,-0.137848,-0.08077,-0.044344,-0.114017,0.205734,-0.401414,0.247087,-0.179038,-0.106232,0.079259,-0.248155,0.03458,0.229602,0.268931,-0.215909,0.068393,-0.207862,-0.118382,-0.299318,0.24601,-0.092848,0.426124,0.07785,0.321185,0.118654,0.229813,0.012615,0.045903,-0.194777,0.119172,-0.184313,0.0,-0.101114,0.123408,-0.069469,-0.072183,-0.236766,0.18396,0.102175,0.013257,0.196193,0.469809,-0.119939,-0.109619,-0.090033,0.076448,-0.387947,-0.220322,0.05786,0.256492,0.037097,0.193025,-0.299442,0.565745,-0.005744,0.256492,-0.04411,-0.31169,-0.109873,-0.017768,0.16305,-0.192298,0.39369,0.032511,0.248184,0.179996,0.156561,0.091072,-0.08065,0.257755,-0.232065,-0.079778,-0.371831,0.091848,0.34889,0.175345,-0.056036,0.38026,0.159992,-0.094872,-0.083372,0.080293,-0.212484,0.341565,-0.142865,-0.235721,0.152934,0.302304,0.182108,0.013136,0.139959,-0.052027,0.195403,0.032572,0.203986,-0.062242,-0.285693,-0.070001,-0.127558,-0.257184,0.195438,-0.111857,-0.119947,0.085705,-0.220783,0.048505,0.164115,-0.023029,-0.099667,0.073657,-0.243897,-0.104856,-0.0685,-0.133648,0.059279,-0.171144,-0.07624,0.043593,0.247684,0.045177,#
10,-0.255632,0.111941,-0.218815,-0.174432,-0.194367,0.189546,0.028544,-0.02843,-0.160156,0.044988,1.0,0.16193,-0.115505,-0.168168,0.128401,-0.111027,0.312961,-0.068179,-0.092848,-0.165784,0.29381,0.354379,0.081382,0.238672,0.057603,0.30336,-0.249058,0.128709,0.158223,0.271857,-0.136635,-0.104986,-0.321841,0.032377,0.206917,0.106233,-0.049548,-0.076763,0.109548,0.091432,-0.221127,-0.030619,0.185313,-0.206948,-0.049429,0.236887,-0.262921,-0.364828,0.050009,-0.181397,-0.202533,-0.012352,-0.213805,0.065051,0.028908,-0.090643,-0.33186,0.127729,0.186086,-0.047094,0.058178,-0.131475,0.103659,0.322335,0.314972,0.014767,-0.033867,-0.092673,0.046441,-0.242366,-0.320968,0.062651,0.178006,-0.05946,0.190565,0.2431,-0.154183,-0.008722,-0.138666,0.017178,-0.302134,-0.112254,-0.545838,0.211544,-0.08141,-0.256452,-0.114871,-0.159066,-0.309809,0.102794,-0.086432,-0.326579,-0.466776,0.053119,-0.258452,0.088325,-0.141374,-0.113189,-0.409927,-0.098535,0.314598,-0.056169,-0.281752,-0.23029,0.169336,-0.135693,-0.17301,-0.012778,-0.224811,0.589984,-0.188855,0.0,-0.297675,-0.060385,0.009933,0.064564,-0.247323,0.061682,0.079607,0.220543,-0.332495,-0.041449,-0.511498,0.008588,-0.022651,-0.07882,-0.053727,0.058438,0.21056,-0.068244,0.027316,-0.085113,0.060888,-0.30535,0.1145,0.272275,-0.02843,-0.307894,0.041417,-0.384629,-0.039517,0.086829,0.084055,0.307009,0.059377,0.175632,0.172801,-0.176233,0.139536,-0.2286,0.114474,-0.025898,-0.422578,-0.119231,-0.284257,-0.501015,-0.15979,-0.063973,0.000213,-0.056202,0.09717,0.104011,-0.552584,-0.099552,-0.148008,0.168087,-0.411078,-0.004845,-0.035817,0.042017,0.010351,-0.200146,-0.338592,-0.397857,0.039997,-0.446297,-0.34119,0.134078,0.106095,0.213473,0.111448,0.194073,-0.141824,0.276342,0.177963,-0.312237,-0.172179,-0.020207,0.409252,0.166274,-0.153592,0.283257,-0.004429,0.104008,0.289739,0.056789,0.323131,-0.158774,-0.310134,0.054133,#
11,0.159618,-0.002792,0.116736,0.16075,0.110264,0.194456,-0.342935,-0.099569,0.327013,-0.000373,0.16193,1.0,-0.291696,0.141301,0.067869,-0.013943,0.24879,-0.182222,-0.172164,0.030198,-0.395404,-0.132414,-0.159686,0.011624,0.19197,-0.050819,-0.377296,-0.085554,0.259077,0.20687,-0.194603,0.181899,-0.438706,-0.013128,-0.238809,0.373431,-0.128893,-0.017733,0.057555,0.23008,-0.061112,-0.084204,-0.176318,-0.110718,0.218764,0.185299,0.051951,-0.253865,0.319871,0.099756,0.08534,0.010183,-0.145015,0.063681,0.086967,0.327574,-0.275979,-0.141996,-0.178073,-0.173349,-0.216487,0.089607,0.413233,-0.208969,-0.004022,-0.104869,0.093724,-0.147387,0.000182,-0.034843,0.101557,-0.229684,-0.11567,-0.065035,-0.174201,0.276475,-0.323248,-0.011998,0.178605,-0.202996,0.212169,-0.191985,0.105489,0.235503,0.054782,0.045455,-0.089875,-0.344088,0.136076,-0.369593,-0.000785,0.008779,0.034318,-0.082037,-0.155809,-0.063407,-0.120283,-0.215015,0.077356,-0.150633,-0.226988,0.002861,-0.035626,0.149241,-0.207828,0.038502,-0.052711,-0.289379,-0.020559,-0.235759,-0.305513,0.0,-0.169475,-0.043538,-0.267695,-0.003009,0.196462,-0.138141,0.102784,0.044996,0.087998,0.101791,-0.279201,0.017949,0.500474,0.061209,-0.274113,-0.355339,-0.323363,-0.19358,0.047427,-0.115076,-0.03777,-0.02478,0.138636,0.161669,0.21441,0.12999,0.106149,-0.144496,0.32023,0.056694,0.125672,0.032284,-0.076647,-0.13555,0.212848,-0.030568,0.186186,-0.375859,-0.091669,0.233344,0.083496,-0.066199,-0.233412,-0.141355,0.17231,-0.278366,0.081312,0.184405,0.103574,0.026908,-0.046997,-0.154086,-0.206162,-0.232193,-0.008993,0.004656,0.412248,0.072743,-0.143595,-0.232093,-0.100923,-0.396157,0.006305,-0.210526,-0.207581,-0.235628,-0.10648,-0.108079,-0.078035,0.0439,-0.065454,0.167198,0.15123,-0.061408,0.199178,-0.13949,-0.149364,-0.032346,-0.185414,0.123486,-0.059704,-0.058534,0.12942,0.027298,0.09881,-0.172767,-0.077207,0.18504,#
12,-0.340243,0.22414,-0.310578,0.024311,0.075413,-0.38709,0.124254,0.06737,0.018886,0.206222,-0.115505,-0.291696,1.0,0.192616,-0.157066,0.369434,-0.419128,0.314956,0.15691,0.107263,0.415383,0.139627,0.015006,0.016851,-0.373104,0.008514,0.301895,0.29822,-0.025544,0.044646,0.081652,0.22379,0.38702,-0.209129,0.057115,-0.16103,0.348313,-0.376705,-0.275657,0.137738,-0.116341,0.466395,0.332256,0.45855,0.007489,-0.081463,-0.286054,0.138529,-0.066071,-0.254746,0.244632,-0.309564,0.134442,-0.213087,-0.388215,-0.247237,0.025791,0.235475,0.216292,-0.183044,-0.414588,-0.095413,-0.37358,0.235551,-0.003746,0.167171,0.135183,0.184025,0.258474,-0.102919,-0.168454,-0.002996,-0.083455,0.026252,0.142491,0.076113,0.096973,-0.038696,-0.219182,-0.307597,-0.084167,-0.195479,0.119626,-0.099128,0.13435,-0.321975,0.424013,-0.015599,-0.41614,0.109527,-0.249292,-0.264283,-0.124578,-0.139096,-0.253313,0.036531,-0.308143,-0.04139,-0.426867,-0.012367,-0.019518,0.01989,-0.055042,-0.205905,0.083552,0.23207,-0.21972,0.067093,-0.251082,-0.130365,0.232469,0.0,-0.039055,-0.002651,-0.063166,-0.007911,0.06995,0.176041,-0.251045,-0.022426,0.072774,-0.143032,-0.003121,-0.239263,-0.297497,0.12485,-0.307469,0.061537,0.011111,-0.151644,-0.322211,-0.061688,-0.148572,0.188612,-0.115978,-0.151644,0.091823,0.14249,0.116847,0.065902,-0.033875,0.124507,-0.276628,-0.138764,-0.113541,-0.162052,-0.193818,0.180852,-0.48451,0.178262,-0.066682,-0.081723,-0.174179,-0.151817,-0.26294,-0.081478,-0.093114,0.167945,-0.263594,-0.149065,0.206407,-0.275541,-0.203909,0.164025,-0.203652,0.073586,-0.231248,0.081165,-0.109807,0.156017,-0.184438,-0.024989,-0.112288,0.080344,0.087165,-0.037258,-0.136876,-0.124651,0.083439,-0.171167,0.296616,-0.121438,-0.144491,0.169443,0.026311,-0.10385,-0.208799,-0.096074,-0.105858,0.037181,-0.091753,0.260257,0.191854,-0.098696,-0.035174,-0.061753,-0.051105,0.102872,0.205561,0.079897,#
13,0.139003,0.141445,0.228254,-0.194663,0.21214,-0.022037,-0.027103,-0.02754,0.718568,0.286712,-0.168168,0.141301,0.192616,1.0,-0.039267,-0.267565,-0.014238,0.227107,0.039969,0.446126,-0.237315,-0.36299,0.079989,-0.403905,0.075658,0.013086,0.179672,-0.048004,0.06135,0.079906,-0.266716,0.291784,-0.010251,-0.210897,-0.251822,0.320097,0.251975,-0.36491,-0.382585,-0.246042,-0.091284,0.256289,-0.303928,0.161544,0.14996,-0.479118,0.404714,0.300772,-0.142195,0.184077,0.026689,-0.103438,-0.060481,0.139519,-0.463925,0.302155,0.205402,0.257066,0.247515,0.20625,-0.318867,0.239388,-0.176108,0.037126,-0.117923,0.327878,0.422329,0.330882,0.282005,0.319853,0.160188,-0.061296,-0.010015,0.027985,-0.195694,0.151098,0.012369,-0.084819,-0.219876,0.084684,0.091242,-0.331154,-0.009343,0.159323,-0.032151,0.157053,-0.231487,-0.481331,-0.197175,-0.175662,-0.327466,0.247005,-0.058241,0.147578,-0.50892,0.104126,-0.033484,-0.220478,-0.07226,-0.196332,-0.191796,-0.219695,-0.206285,-0.122673,-0.283769,-0.066908,0.229734,-0.220976,0.163922,-0.122968,0.494613,0.0,-0.027567,0.030581,0.022166,-0.194834,-0.332548,-0.031233,0.352606,-0.341955,0.04438,-0.115227,-0.010605,-0.39239,0.025827,-0.18092,-0.332639,-0.078279,-0.047121,-0.219806,0.005076,0.446463,-0.537874,-0.058336,0.002172,-0.20343,-0.003898,0.259974,0.337465,0.085484,0.225972,-0.537033,-0.223152,-0.359658,-0.165131,-0.328104,0.242902,0.594916,-0.155031,0.464111,-0.057225,0.147708,0.067359,-0.004631,0.28823,-0.153926,0.407029,0.426355,-0.050379,-0.025446,-0.334955,-0.150183,0.179536,0.607217,0.101248,0.160426,0.019323,0.178256,0.062282,-0.100665,0.167158,0.247417,0.036771,0.180973,-0.105168,-0.167248,0.152876,-0.196637,0.065329,-0.335324,0.278146,0.334343,-0.556071,-0.345489,0.151066,0.134049,0.129671,0.07326,-0.621949,0.137485,0.125899,-0.22456,0.305347,0.001606,-0.261659,-0.188609,-0.29818,-0.14217,0.366607,0.332339,#
14,0.226986,-0.036545,-0.223461,-0.328819,0.044027,-0.042438,0.125187,-0.126817,-0.132992,-0.238068,0.128401,0.067869,-0.157066,-0.039267,1.0,0.107514,0.315007,-0.276412,-0.291006,-0.071811,-0.251224,-0.254135,-0.153469,-0.063533,-0.214998,-0.007237,0.042565,-0.141003,-0.03009,-0.214884,-0.458868,0.292978,0.005572,-0.238458,0.113013,-0.033989,0.018493,0.022815,-0.158846,0.169484,0.103075,-0.160182,-0.403582,-0.120216,0.342513,0.038022,0.292859,-0.112307,0.338052,-0.19291,-0.471894,-0.043543,-0.23915,-0.215271,0.176183,0.05538,-0.056584,-0.633171,-0.179973,-0.223175,0.142428,0.276928,0.006681,-0.083242,0.214152,-0.279633,-0.187692,-0.273655,0.064048,-0.366428,0.229406,0.181779,-0.187615,-0.077952,-0.007563,0.077133,-0.112654,0.10687,-0.247194,0.108938,0.202547,0.020152,-0.005047,-0.18337,-0.412968,0.391058,-0.078364,0.064275,0.028848,-0.351073,-0.110932,-0.046223,-0.180399,-0.118718,0.09365,-0.144689,0.078283,0.000537,-0.208449,-0.065149,-0.154942,-0.294731,-0.231551,-0.151871,-0.447106,0.029517,-0.111159,-0.003023,0.289202,-0.014674,0.201836,0.0,-0.24965,-0.014742,-0.525763,-0.052321,0.095975,-0.006117,-0.140232,-0.240539,-0.267991,-0.2161,-0.04944,0.19684,0.153543,-0.173853,-0.078158,0.184588,-0.261469,-0.294921,-0.137421,-0.412745,-0.291712,-0.376968,0.168252,-0.294921,-0.126817,-0.111159,-0.102987,-0.007451,-0.150786,-0.2565,-0.098398,-0.026011,-0.32143,-0.187836,0.155522,-0.147737,0.10081,-0.075384,-0.030281,0.150741,-0.004944,-0.119901,0.176976,-0.104173,0.217489,-0.201381,-0.505398,-0.294907,-0.505845,-0.158779,-0.005047,-0.48438,-0.115716,0.155453,0.060466,0.43368,-0.082528,-0.322438,0.034471,-0.061212,-0.268099,-0.187499,0.173084,0.022307,0.319559,-0.124153,0.256653,0.119086,-0.187612,0.362465,-0.010031,0.067221,0.219328,-0.217354,0.157487,-0.041149,0.261077,-0.307698,-0.265475,0.133733,0.230927,0.045044,0.173604,-0.120198,-0.040636,0.001363,-0.331862,0.051662,#
15,-0.029108,0.001725,-0.520366,0.020167,-0.043336,-0.263049,-0.125247,-0.103092,-0.367509,0.203876,-0.111027,-0.013943,0.369434,-0.267565,0.107514,1.0,0.040925,-0.185817,-0.187648,-0.465647,0.031236,-0.075047,-0.239875,-0.121495,-0.023276,-0.163951,-0.204747,-0.106487,-0.27366,-0.018305,-0.089844,0.022046,0.340624,-0.103886,-0.000737,-0.192868,-0.148477,-0.143047,0.042174,0.499994,-0.060877,-0.10175,0.240774,0.051067,0.076616,0.407411,-0.324562,-0.264646,0.107677,-0.357935,0.115487,-0.143397,0.219997,-0.234399,0.107885,0.20159,-0.049981,-0.07343,0.06648,-0.008047,-0.187207,0.269083,0.151196,0.029131,-0.237674,-0.263186,-0.35714,0.008292,-0.287651,-0.426994,0.174128,0.06247,-0.12065,-0.091156,0.232772,-0.183661,0.009158,0.151559,0.073361,-0.061128,0.041724,0.017396,0.306301,-0.25375,0.227951,-0.113618,0.548636,0.311549,0.008926,0.142653,0.252452,-0.13899,0.275918,-0.192145,0.057662,-0.105239,-0.099026,0.368463,-0.136162,0.061515,0.072949,0.370611,0.002387,0.054899,0.135208,0.09208,-0.201451,0.16891,-0.158514,0.002168,-0.389156,0.0,-0.104394,-0.18995,-0.093278,-0.145754,0.219924,0.014155,-0.438787,0.202411,0.277096,0.001795,0.136,0.20756,0.228227,0.041388,-0.061181,-0.106487,-0.094367,0.004303,-0.089187,-0.290025,0.199335,0.13043,0.045971,0.151898,0.209627,-0.200676,-0.084253,0.052639,-0.149347,0.128701,0.295952,-0.005626,-0.206161,0.041601,-0.156908,-0.467422,-0.300509,-0.225233,0.035056,0.02092,-0.264451,-0.199998,-0.209084,0.207329,-0.111235,-0.290355,-0.262366,-0.006271,0.048436,-0.224271,-0.217078,-0.336777,-0.356066,-0.301675,-0.301104,0.32805,0.083241,-0.108064,-0.210642,-0.209944,0.107859,0.09332,0.202348,-0.183158,-0.389749,-0.112377,-0.154892,-0.072387,-0.271109,-0.310268,0.332635,0.2081,-0.082715,-0.225643,-0.141424,-0.307005,0.428286,-0.397456,-0.157464,0.288671,0.250558,-0.204466,0.332749,0.001131,-0.08686,-0.053345,-0.054006,-0.276936,#
16,0.19305,-0.008503,-0.296258,-0.24307,0.161174,0.233409,0.046973,-0.165531,0.070397,-0.06821,0.312961,0.24879,-0.419128,-0.014238,0.315007,0.040925,1.0,-0.016185,0.010369,-0.118445,0.058071,0.031167,0.244783,-0.099749,0.196252,0.034858,-0.415366,-0.298378,0.065377,0.199842,-0.439666,-0.277093,0.006093,-0.123998,0.200252,0.421756,-0.1188,-0.044425,0.086064,0.111476,0.061375,-0.212189,-0.392332,-0.471739,0.279642,0.337674,0.217296,-0.226194,0.184054,0.057832,-0.100426,-0.045986,-0.060529,0.131762,-0.004778,0.143962,-0.109663,-0.007531,0.143841,0.221895,0.170118,0.069849,0.131459,0.101743,-0.029824,-0.092629,-0.244989,-0.081211,0.150854,-0.083769,0.05205,-0.009663,-0.244888,-0.385263,-0.15541,0.141907,-0.211108,-0.069094,-0.332549,0.214715,0.039875,0.007033,-0.296009,-0.055709,-0.141374,0.163125,-0.34364,-0.113986,0.187689,0.139213,-0.092017,-0.139477,-0.245645,-0.165484,-0.296959,-0.458142,0.083036,-0.220202,-0.14479,-0.365605,0.129081,0.043033,-0.598244,-0.420835,-0.183407,-0.294203,-0.243776,-0.330516,-0.053193,0.051111,-0.275559,0.0,-0.139477,-0.301453,-0.275401,-0.088021,-0.09429,-0.461539,0.483409,-0.323917,-0.1188,-0.291908,-0.085808,-0.15541,0.172886,0.036148,-0.181641,-0.052662,0.160516,-0.1686,0.231925,-0.137494,-0.09135,-0.03627,-0.246022,-0.1686,-0.165531,-0.43284,-0.096155,-0.249947,-0.420859,-0.043585,0.107481,-0.138242,-0.347762,-0.058744,0.350017,-0.206276,0.185403,-0.384711,-0.137374,-0.143269,-0.280735,-0.174724,0.027885,-0.202388,0.036351,0.26225,-0.232152,0.253164,0.007865,0.108588,-0.296009,-0.044003,-0.033366,0.260067,-0.051549,-0.07998,-0.349801,0.193429,0.262388,-0.101994,-0.122637,-0.256018,0.005567,-0.199695,-0.244953,-0.007997,0.010639,-0.059534,0.017727,0.099617,0.070063,0.180311,0.34265,-0.369045,-0.038043,-0.281852,0.194682,-0.176178,-0.215446,0.285855,0.158197,0.113966,0.123512,0.160661,0.24953,-0.115748,-0.316466,0.173784,#
17,-0.098195,0.101452,0.117241,-0.013586,0.118099,-0.092881,0.12841,-0.328499,0.415276,0.165888,-0.068179,-0.182222,0.314956,0.227107,-0.276412,-0.185817,-0.016185,1.0,0.614973,0.16012,0.117383,-0.043602,0.187324,-0.270738,-0.154308,-0.03003,0.05529,0.09563,-0.022207,0.086946,0.261075,0.046378,0.109617,0.011992,0.035994,0.143784,-0.024554,-0.270005,-0.411463,-0.184859,-0.297515,-0.003971,-0.045123,0.099644,0.05668,-0.237659,0.048582,0.276902,-0.235287,0.155105,0.347543,0.130564,0.309257,0.182319,-0.146477,-0.081746,0.299662,0.308489,0.32734,-0.044107,0.086507,-0.185096,-0.090954,-0.148107,-0.050764,0.125017,0.147438,0.007501,0.186518,0.126907,0.009927,-0.125101,-0.485985,-0.005111,0.066305,0.221711,-0.046533,-0.294864,-0.031038,0.018511,-0.13962,0.079203,-0.280722,0.037769,0.199517,-0.062241,-0.124542,0.140027,-0.096125,0.299461,-0.309262,0.023737,-0.311371,0.044497,-0.215003,-0.257971,-0.013177,-0.271085,-0.170668,0.04218,-0.057338,-0.12544,0.038201,-0.052682,-0.056454,0.193283,0.004394,0.171544,-0.178915,-0.150632,0.128068,0.0,0.183549,-0.048024,-0.074639,-0.016191,0.061996,0.21257,0.431849,-0.057888,-0.042362,0.121514,-0.161889,-0.116385,-0.087105,0.250373,-0.081705,0.035004,0.151185,0.03303,0.050016,0.157205,-0.245508,0.34649,-0.356502,0.089052,0.193772,0.137756,0.097137,-0.051552,-0.047669,-0.044547,-0.042382,0.07616,0.257734,-0.064055,0.327807,0.231969,-0.01937,0.226518,0.014563,-0.076294,-0.004735,-0.258294,0.159923,-0.040634,0.013142,0.594647,-0.049819,0.390765,0.030561,0.0514,-0.069722,0.33523,0.297021,0.154596,0.170805,0.061472,-0.044001,0.195282,0.206434,0.0596,-0.053069,0.054406,-0.073623,0.270574,0.129088,0.282847,0.405115,-0.059038,0.4304,-0.024723,-0.390086,-0.019983,0.170868,0.203567,0.066883,0.02635,-0.355308,0.307365,0.173442,-0.194078,-0.003151,-0.043798,-0.296875,0.156434,0.157261,0.104737,0.445194,0.07954,#
18,-0.244733,-0.192821,-0.094013,-0.331962,-0.078096,-0.065215,0.086397,-0.097509,0.272424,-0.053724,-0.092848,-0.172164,0.15691,0.039969,-0.291006,-0.187648,0.010369,0.614973,1.0,0.072975,0.184198,0.17907,0.270001,-0.201883,-0.041154,0.223337,0.066471,0.228704,-0.139622,0.216216,0.415111,0.009622,0.14664,0.054368,0.053762,0.3691,-0.200504,0.023902,0.024691,-0.278746,0.060455,-0.143415,0.086363,0.340192,-0.025634,-0.317201,0.019939,0.187328,-0.211725,-0.034628,0.38656,0.113797,0.006594,-0.013379,-0.018393,0.074156,0.382644,0.249826,0.167634,-0.078025,-0.148597,-0.545644,-0.158572,-0.092388,0.118466,0.197266,0.356509,0.002,0.039281,0.0931,0.158435,-0.330312,-0.624494,-0.008948,0.268464,-0.132768,0.108001,-0.471533,-0.09096,0.047707,-0.183057,0.195169,0.035694,-0.003015,0.302856,-0.194637,0.016952,-0.100373,0.076543,0.441365,-0.07182,0.265379,-0.173878,0.0312,-0.076602,-0.140524,-0.003664,0.045436,-0.194521,-0.073577,0.135722,0.103927,0.031129,0.117261,-0.153261,0.139453,0.009049,-0.055269,0.368269,0.101139,0.166577,0.0,0.428227,0.048702,0.032273,-0.013451,0.085007,0.2796,0.291764,0.071874,-0.02029,0.076736,-0.035234,-0.128695,0.046463,-0.004781,-0.006983,0.183154,0.374952,0.078216,0.224009,0.166703,0.028239,0.214342,-0.349816,-0.13578,0.087687,0.034409,0.131398,-0.108907,0.10662,0.142835,-0.111628,0.202448,0.035368,-0.168113,0.133248,0.106599,0.278954,0.292872,0.297316,-0.158986,0.295701,-0.258293,-0.144126,-0.22298,0.03442,0.287434,-0.05667,0.420274,0.080774,-0.025237,-0.305619,0.133763,0.360899,-0.108199,0.344936,-0.032978,-0.216006,0.380288,-0.065723,0.235047,0.209671,0.180022,0.047444,0.253349,0.24183,-0.093647,0.022553,0.262275,0.102139,0.189519,-0.191538,-0.044716,-0.041318,0.19655,0.208915,0.013112,-0.279222,0.040864,0.358268,-0.032846,-0.032091,-0.287255,-0.18788,0.287216,0.071624,0.310027,0.412392,-0.234138,#
19,-0.087257,0.133439,0.514474,0.151982,0.228457,-0.11468,0.148979,-0.182253,0.346681,0.178063,-0.165784,0.030198,0.107263,0.446126,-0.071811,-0.465647,-0.118445,0.16012,0.072975,1.0,-0.224772,-0.041307,0.097328,0.11903,-0.30898,-0.019518,0.013071,-0.040038,0.181577,0.147268,0.00568,0.237651,-0.131966,0.116331,0.014352,-0.002663,0.088197,-0.191801,-0.228281,-0.352964,-0.210271,0.186843,-0.133649,0.255355,-0.000809,-0.283162,0.097692,0.083693,-0.290284,0.437278,0.141986,0.180212,0.159159,0.220683,-0.515805,-0.13302,0.176134,0.047038,-0.169745,-0.180294,0.114222,-0.020996,-0.140927,-0.00205,-0.093388,0.093063,0.443438,-0.10018,0.257283,0.313676,0.085686,0.050679,-0.010341,0.281552,-0.214864,0.04021,-0.117512,0.001094,-0.132889,-0.063601,0.238407,-0.141446,0.090904,0.426676,-0.06327,0.024459,-0.126044,-0.41039,0.016093,-0.108687,-0.288933,0.118727,0.14562,0.131674,-0.431997,-0.104166,0.087582,-0.372245,-0.119331,0.033008,-0.335639,-0.094937,-0.199165,0.074324,-0.137431,0.028123,-0.000132,-0.209623,0.081134,0.034753,0.546965,0.0,0.118727,0.163748,0.106223,0.089537,-0.088456,-0.143971,0.414298,-0.200767,-0.036522,0.308662,0.099893,-0.413147,-0.196848,0.131452,-0.185855,-0.034579,0.094866,-0.276996,0.023647,0.277026,-0.228307,0.21218,0.02348,-0.213941,-0.182253,0.167755,-0.154932,0.15229,0.285187,-0.052262,-0.14141,-0.504632,0.133126,0.231381,0.308413,0.336647,-0.265458,0.332996,-0.110832,-0.064752,0.099479,0.337148,0.30246,0.011773,-0.075886,0.442966,0.369187,-0.064547,-0.047418,-0.01382,0.293041,0.357778,0.355631,0.151518,0.279925,-0.068038,0.197733,0.08599,-0.164276,0.266949,-0.231016,0.254539,0.103293,0.217671,0.169466,-0.006007,-0.079289,-0.229553,0.294055,0.02684,-0.168656,0.040326,0.060259,0.247181,-0.011424,0.180165,-0.599504,0.133899,0.199822,-0.327583,-0.133908,0.135034,-0.328602,-0.326081,-0.033975,0.098067,0.331958,0.405581,#
20,-0.32609,0.218048,-0.498705,-0.083062,-0.021809,0.103729,0.383294,0.316054,-0.352592,-0.075418,0.29381,-0.395404,0.415383,-0.237315,-0.251224,0.031236,0.058071,0.117383,0.184198,-0.224772,1.0,0.714433,0.39227,0.236538,-0.057053,0.150963,0.128865,0.22164,0.163422,0.323689,0.057654,-0.281361,0.480605,-0.211618,0.103939,0.035758,0.074303,0.012229,0.145729,0.034041,0.214491,0.227257,0.486726,-0.038536,-0.326487,0.017284,-0.320516,0.119417,0.135749,-0.389137,0.039646,-0.390515,0.005207,-0.109414,0.014519,-0.370992,-0.22774,0.362952,0.344301,0.060437,-0.012299,-0.402416,-0.359476,0.326898,0.032717,0.314855,0.015749,0.151845,0.347673,0.133753,-0.556752,-0.153861,0.247643,-0.229431,-0.08947,0.225098,0.106199,-0.115309,-0.413381,-0.253363,-0.306075,-0.170658,-0.244615,-0.260412,-0.09733,-0.347245,0.17886,-0.030278,-0.194438,0.229627,-0.314284,-0.46041,-0.299189,-0.288855,-0.023705,0.012857,-0.392969,-0.018911,-0.284126,-0.146669,0.372014,0.033336,-0.184875,-0.542981,0.315752,-0.145729,-0.128962,-0.215445,-0.239208,0.01207,-0.025836,0.0,-0.260232,-0.20779,0.159723,0.050359,-0.197106,-0.018302,-0.096998,-0.057232,-0.072411,-0.335608,-0.205763,-0.284276,-0.367004,0.075302,-0.017081,0.165749,0.384769,-0.109536,-0.359752,-0.250249,0.008412,-0.07417,-0.167893,-0.109536,-0.282097,-0.2879,0.114948,-0.294962,-0.382926,0.126612,-0.145685,0.160986,-0.319083,-0.234585,-0.356659,0.199949,-0.084489,-0.184751,-0.12972,-0.17975,-0.283813,-0.291294,-0.497772,-0.092895,-0.176209,0.144401,-0.254555,-0.112775,0.486075,0.160825,-0.392706,0.07486,-0.25913,0.308382,-0.252207,-0.362249,-0.596129,0.468222,0.137636,-0.016459,-0.233477,-0.214465,0.045422,-0.183078,-0.232873,-0.038845,0.058483,-0.032135,0.241919,-0.219972,0.062048,0.366571,0.133179,-0.322256,-0.318681,-0.088713,0.318961,0.098729,-0.236135,0.560959,0.130012,0.086361,0.227856,0.472746,0.191758,-0.05397,-0.217098,-0.065077,#
