0,1.0,0.489752,-0.137493,-0.229559,0.318192,0.123935,-0.01633,0.09345,-0.08703,0.502622,-0.272748,-0.035266,0.577412,0.215784,0.005763,-0.083512,0.091286,0.443048,-0.245421,-0.031657,0.072307,0.249938,0.155016,-0.193024,-0.191003,-0.162564,0.000243,-0.213055,0.244415,0.574706,0.088145,0.026491,-0.001286,-0.168844,-0.214159,0.100522,-0.206979,0.008229,0.050896,-0.273229,-0.09967,-0.063406,-0.318505,0.07317,-0.042773,-0.4241,0.370293,0.236952,-0.323999,-0.16162,-0.158663,-0.324386,-0.094699,-0.269775,0.013972,-0.085158,-0.03318,-0.080989,0.170366,0.302592,0.334573,0.101153,-0.283566,-0.203036,-0.039728,0.452355,0.020565,0.248834,0.130588,-0.035264,-0.071198,0.075121,-0.453364,-0.232381,-0.378616,0.245075,-0.02251,-0.326596,-0.313693,-0.15257,-0.24705,-0.108262,0.011019,0.180558,-0.070901,-0.277993,-0.191231,-0.099345,0.023591,-0.188287,-0.03626,-0.401545,-0.288334,0.210084,0.217793,0.107106,0.284816,-0.316012,-0.0883,-0.340521,0.261637,-0.38459,-0.355571,0.319155,-0.27713,-0.052857,-0.426424,0.038751,-0.4774,-0.213462,0.180031,0.196711,-0.042883,-0.228678,-0.201282,0.3317,-0.263774,-0.367991,0.413698,-0.568245,-0.287018,-0.146621,-0.100329,-0.010241,-0.172706,0.259571,-0.004738,-0.160947,0.204909,-0.050985,-0.356499,-0.127081,-0.153206,-0.083044,-0.571714,-0.151195,0.078014,-0.408054,0.303811,-0.223581,0.086067,-0.275766,-0.394264,-0.241156,0.045845,-0.207269,0.058798,0.215854,-0.22667,-0.56039,-0.112232,-0.418527,0.078484,-0.152744,-0.143074,-0.15168,0.591404,0.640549,-0.192321,-0.407293,-0.385762,-0.050339,0.112895,-0.620962,-0.078453,0.61877,-0.381486,-0.435089,-0.146811,-0.301066,0.067977,0.070765,-0.435522,-0.192611,0.159344,-0.678243,-0.140491,0.251836,0.447123,-0.195073,0.228186,0.100533,-0.393112,-0.27454,0.292628,-0.290747,0.56091,0.067659,-0.297317,0.431215,0.147816,0.293854,0.154944,0.287319,-0.298724,0.163243,-0.208068,-0.338129,0.411461,0.422168,#
1,0.489752,1.0,0.222856,-0.218674,0.124004,0.132211,0.318312,0.072498,0.271881,0.132796,-0.121172,-0.381899,0.423394,0.065138,0.358251,-0.297489,0.237387,0.282455,0.222559,-0.208852,-0.136501,-0.051084,0.349397,-0.166431,-0.222918,-0.352359,0.183091,-0.068807,0.239709,0.399678,-0.261941,0.049839,0.200076,0.044205,-0.041595,0.277334,0.110474,-0.112303,-0.163935,-0.071989,-0.255071,0.206276,-0.046528,0.38854,0.489642,-0.442696,0.445239,0.018611,-0.011894,0.24736,-0.187488,-0.414544,-0.059051,-0.158132,-0.029217,-0.437583,0.014964,-0.269742,-0.157179,0.297208,0.102501,0.088312,-0.29251,-0.029193,-0.019776,0.265332,-0.237056,0.34122,0.281469,-0.143535,-0.033717,0.032682,-0.27463,-0.583918,-0.551448,0.438088,-0.204401,-0.490386,-0.490413,-0.494168,-0.079945,-0.45845,-0.343506,0.342266,-0.611723,-0.277333,-0.371624,-0.257925,-0.337195,-0.385057,-0.220293,-0.388038,-0.614303,-0.134345,-0.130174,-0.232061,0.076891,-0.508978,-0.259826,-0.189522,0.254218,-0.389902,-0.331882,-0.050871,-0.453808,-0.072146,-0.599741,-0.058916,-0.659056,-0.198629,0.05877,0.47457,-0.265145,-0.402332,-0.070549,-0.014784,-0.269229,-0.770529,-0.126443,-0.754853,-0.467875,-0.339162,-0.527877,-0.189187,-0.095268,-0.091136,-0.213148,0.083562,-0.21167,-0.207328,-0.3699,-0.455523,-0.334307,0.106103,-0.430399,-0.335933,0.340178,-0.234981,0.247572,-0.573948,-0.436543,-0.145931,-0.577597,-0.152727,0.020521,-0.356861,-0.329041,0.427468,-0.265145,-0.388188,-0.10897,-0.571052,-0.106509,-0.33966,-0.494291,-0.508465,0.258484,0.649708,-0.403059,-0.229715,-0.028531,-0.044445,0.285928,-0.308426,-0.309562,0.469443,-0.387448,-0.119021,-0.125303,-0.301104,0.142451,-0.027628,-0.305675,-0.429759,0.338809,-0.327478,-0.330481,0.755724,0.604042,-0.459014,0.244285,0.282045,-0.199616,0.05024,0.295144,-0.227236,0.395465,-0.148671,-0.334309,0.43328,0.115618,0.665383,0.495823,0.289861,-0.335385,0.297229,0.180832,-0.32833,-0.085835,0.243629,#
2,-0.137493,0.222856,1.0,0.225649,0.114785,0.065117,0.152478,-0.06944,0.29687,-0.524409,0.109313,-0.141005,-0.165985,-0.195113,0.049068,-0.093325,0.11711,-0.020968,-0.062181,0.109012,-0.250875,0.006455,0.254918,-0.099065,0.029363,-0.439192,0.315888,0.215075,-0.022749,-0.221231,0.013954,0.171346,-0.270047,-0.061695,-0.001098,0.275497,0.490027,-0.198358,0.032293,0.003727,-0.142939,0.127766,-0.038582,0.233003,0.15342,0.004393,-0.07938,0.574895,0.26026,0.186932,0.088699,0.30527,0.091675,0.086828,-0.342035,0.084311,-0.025769,-0.225664,-0.192891,-0.005073,-0.220962,-0.421401,0.36799,0.136223,-0.11067,-0.069292,0.046262,0.033712,0.195406,0.33665,0.533146,0.363145,0.03385,-0.135894,-0.047365,0.179141,-0.045617,-0.3567,-0.13387,-0.539893,0.382855,-0.157903,0.002995,0.195242,0.022154,0.390665,-0.079177,0.025512,-0.132229,-0.174046,0.092443,0.048986,-0.139137,0.131787,-0.02619,-0.060917,0.211498,-0.391894,0.044923,-0.195391,0.195051,-0.053197,0.129798,-0.164884,0.182589,-0.371768,0.021668,0.136371,-0.3814,0.2385,0.39367,-0.08874,-0.143824,-0.070778,0.561861,-0.153799,-0.083566,-0.315307,-0.306568,-0.030335,0.007961,0.032814,0.120861,-0.15816,0.12611,-0.282223,-0.096263,0.350594,-0.082384,-0.198522,0.27201,-0.308091,-0.056975,0.111929,0.194917,0.113132,0.004999,0.377071,0.173287,0.035182,-0.072421,0.329846,-0.074027,-0.127108,-0.027194,0.287,-0.436091,0.081386,0.196382,-0.22111,0.091578,-0.111103,-0.072039,-0.152944,-0.051967,-0.004252,-0.180094,0.148928,0.070164,-0.087355,0.297825,0.139951,0.059939,0.032624,-0.023711,-0.001117,-0.157872,0.127778,0.115727,-0.122099,-0.147118,-0.121719,-0.13403,0.031411,-0.258338,0.14204,-0.084905,0.334727,0.168645,-0.42893,0.161298,-0.334834,-0.074316,0.513932,-0.157838,-0.183323,-0.067008,-0.028165,-0.248171,-0.026239,0.409125,0.396507,0.174383,-0.014988,0.007947,0.171142,0.109924,-0.010328,-0.081437,-0.049463,#
3,-0.229559,-0.218674,0.225649,1.0,-0.195699,-0.228222,-0.423678,-0.4859,-0.288094,-0.164516,0.214032,-0.048328,-0.319721,-0.189376,-0.218662,-0.159969,-0.140164,-0.145779,-0.12737,0.273053,0.098505,-0.060834,-0.118771,0.114997,0.141206,0.047191,-0.268921,0.241884,-0.137921,-0.273283,0.483465,-0.329549,-0.45176,-0.124095,0.129832,-0.32976,0.180639,0.134335,-0.118969,0.029329,0.000428,0.009396,-0.174653,-0.039442,-0.061884,0.463898,-0.21985,0.028766,0.396764,-0.186436,0.474617,0.692156,0.000654,0.088204,0.005415,-0.045158,0.357251,0.137264,-0.193693,0.33218,-0.124717,-0.399631,0.215909,-0.127585,0.225499,-0.237217,0.203568,0.21192,-0.021366,-0.087969,0.210982,-0.003161,0.403374,0.108921,0.307918,-0.406373,0.271833,0.038656,0.415486,0.036091,0.262696,0.526077,0.221747,0.248648,0.291742,0.030958,0.252976,0.318092,0.093559,0.135736,0.248531,0.257758,0.532464,-0.190054,0.363048,-0.013718,-0.063559,-0.23544,0.146772,0.423516,0.205119,0.142909,0.197239,-0.034892,0.195097,0.499982,0.293842,-0.003462,0.385643,0.310697,-0.201312,0.031841,0.463514,0.277814,0.078985,0.123426,0.549629,0.096394,-0.017255,0.136607,0.366706,0.265603,0.517372,0.291219,0.051737,-0.042854,0.132509,0.098947,-0.09453,0.095467,0.408813,0.189525,0.376669,0.31284,0.457381,0.449865,-0.089044,0.329134,0.229235,0.281931,0.360231,0.193069,0.16919,0.104938,0.372061,0.397398,0.267496,-0.358991,0.278345,0.318598,0.350811,0.200412,0.028706,0.273902,-0.01615,0.063713,-0.558299,-0.174403,0.214823,0.166454,-0.240003,-0.018781,-0.166318,0.060121,0.101265,-0.367356,-0.210702,0.185659,0.247095,0.243793,-0.318013,0.136798,0.558078,0.057573,-0.417287,0.34229,0.075161,0.019208,-0.51075,0.03745,-0.311681,-0.360683,-0.052534,0.008639,-0.180532,0.032492,-0.29957,0.198928,0.506608,-0.332513,0.106687,-0.175617,-0.079508,-0.216888,0.21313,-0.034965,-0.382732,0.118448,0.013906,-0.006226,#
4,0.318192,0.124004,0.114785,-0.195699,1.0,0.10633,0.071124,0.037823,-0.28972,-0.021597,0.026675,0.301263,0.047895,-0.172816,0.271738,0.217041,0.052779,0.198698,0.078717,0.188906,0.091158,-0.218341,-0.246169,-0.519134,-0.031738,-0.322758,-0.110466,0.087533,0.359156,0.080204,-0.219737,-0.02229,-0.118318,-0.312908,-0.170726,0.057283,-0.279582,-0.230981,-0.220991,-0.040157,-0.179178,-0.003886,-0.230125,-0.198869,-0.174443,-0.197136,0.269602,0.408208,-0.058055,0.191103,0.136202,-0.082741,0.018607,-0.221665,0.116278,0.056086,-0.287165,-0.178505,-0.124095,-0.278034,-0.173445,0.200189,0.115724,0.152095,-0.124688,0.297687,0.018225,-0.024998,-0.05089,0.157032,-0.057762,0.050012,-0.26626,0.120239,-0.288559,0.559674,0.031207,-0.462444,-0.210753,-0.29177,-0.076935,-0.365511,-0.183226,0.11664,-0.066868,0.144799,-0.13432,-0.364957,-0.018513,-0.023697,0.031061,-0.421196,-0.046366,-0.120071,0.042444,0.228426,0.278366,-0.365113,-0.045384,-0.152782,0.199631,-0.282178,-0.481911,-0.017239,-0.202295,0.032333,-0.229597,-0.033156,-0.313548,-0.153529,0.072574,-0.38366,-0.226819,-0.134086,-0.036995,-0.200343,-0.448876,0.095964,-0.041879,-0.105036,-0.207597,-0.011332,0.011012,0.121416,-0.261491,-0.211927,-0.137182,0.052015,0.003195,-0.284518,0.017852,-0.343983,-0.309877,-0.211613,-0.261512,-0.302124,0.27625,-0.220611,-0.098329,0.114765,0.071912,-0.224038,-0.137267,-0.31067,0.018873,0.073776,-0.111658,-0.046545,-0.240158,-0.466604,-0.271845,-0.313755,-0.279241,0.119725,-0.482524,-0.026245,0.278685,0.476227,-0.081524,-0.143756,-0.231501,-0.383777,0.120501,0.01419,-0.421683,0.214064,-0.033996,0.043807,-0.139221,-0.150539,0.26618,-0.033335,-0.063156,-0.080409,-0.018839,-0.209212,-0.298072,0.037224,0.219757,-0.093858,0.402754,-0.106872,0.246325,-0.229214,0.04041,-0.482613,0.138748,0.194143,-0.4537,-0.083525,0.101756,0.126349,0.026752,-0.116725,-0.041345,-0.391831,-0.074057,-0.015836,-0.21442,0.49835,#
5,0.123935,0.132211,0.065117,-0.228222,0.10633,1.0,0.112824,0.22707,0.231889,-0.135229,0.172901,0.149994,0.07089,-0.168312,-0.214334,-0.320566,0.368758,0.321376,-0.334323,0.101558,-0.110035,0.188094,0.102505,-0.415006,-0.049453,-0.430285,-0.051952,-0.308482,-0.301638,-0.064216,-0.347479,0.17887,-0.019409,-0.257344,-0.062684,-0.156006,-0.129149,-0.110686,-0.143957,-0.363151,0.211702,0.349952,-0.117139,0.393513,0.268996,-0.231855,0.105328,0.168319,0.101821,-0.102771,-0.306105,0.012271,0.303342,-0.075733,-0.194057,-0.322808,0.080568,-0.405897,-0.126694,-0.176371,-0.095346,-0.092866,-0.204039,0.132786,0.141421,0.079542,-0.13877,-0.187064,0.125423,0.352163,0.008506,0.532594,-0.225102,0.107495,-0.204592,0.181361,-0.417668,0.047686,-0.2633,-0.281383,0.463442,-0.311447,-0.095506,-0.457061,-0.234608,0.218265,-0.239926,-0.162141,-0.095506,-0.21868,0.093755,-0.113098,-0.311447,0.04234,-0.172896,0.151947,0.295441,-0.22063,-0.002984,-0.142353,-0.125236,-0.021207,0.057344,0.154219,-0.290553,-0.211186,-0.024822,-0.171584,-0.311404,-0.139424,0.421556,0.058062,-0.092544,-0.204156,-0.021099,-0.397457,-0.666414,0.091531,0.007264,-0.304926,-0.301631,-0.460475,0.125825,-0.256496,-0.027043,0.140161,-0.040522,0.101157,-0.109166,0.267516,-0.092261,-0.128907,-0.135501,-0.341541,-0.086007,-0.115373,0.209115,-0.222002,-0.17006,-0.248304,-0.135875,-0.294194,-0.356171,0.026056,0.167653,0.124285,-0.293859,0.025686,0.101338,-0.202415,-0.109032,0.106756,-0.129172,-0.262043,0.01512,-0.07481,0.237731,0.293876,-0.187464,-0.073405,-0.118084,0.015921,0.178851,0.065026,-0.117954,0.474366,-0.023516,-0.15527,-0.128957,-0.250476,0.036764,0.01732,-0.328759,0.243136,0.127259,-0.084224,-0.096225,0.18584,0.321716,-0.029497,0.217637,0.36108,0.133383,-0.172413,-0.177327,0.137507,0.055141,0.171983,-0.253182,0.066638,0.072042,-0.001879,0.092145,-0.188552,0.023852,0.150215,0.267411,-0.345526,-0.093905,0.187998,#
6,-0.01633,0.318312,0.152478,-0.423678,0.071124,0.112824,1.0,0.338234,0.593807,0.278592,-0.074349,-0.094547,0.32613,0.011568,0.336509,-0.032256,-0.123305,-0.088989,0.077999,-0.178479,-0.479569,0.074955,0.427836,-0.22244,-0.017994,-0.338127,0.32873,-0.325481,0.279249,0.282326,-0.679642,-0.174914,0.156407,0.151866,-0.275095,0.230467,-0.061892,-0.474016,0.022441,0.045579,-0.113791,0.392946,-0.199435,-0.071413,0.156977,-0.379201,0.327265,0.123509,-0.192323,0.223456,-0.45377,-0.324602,0.062073,-0.173637,-0.317678,-0.087048,0.167914,-0.012933,-0.051303,0.006533,-0.006494,-0.186705,-0.228112,0.318971,0.166594,0.369395,0.055674,-0.064771,0.23937,-0.118042,0.041122,0.092444,-0.340025,-0.548328,-0.345133,0.546211,-0.2305,-0.456433,-0.26787,-0.117049,-0.088808,-0.622358,-0.597505,-0.161644,-0.284921,0.239324,-0.354872,-0.267902,-0.336519,-0.481126,-0.20366,-0.251352,-0.590133,0.128723,-0.367649,-0.200982,0.022125,0.076133,-0.216526,-0.150028,-0.202295,-0.024364,0.005475,-0.142235,-0.25169,-0.352779,-0.397409,0.097188,-0.474689,-0.335294,0.210356,0.39484,-0.438277,-0.508718,0.030786,-0.214838,-0.235093,-0.231142,-0.328954,-0.351606,-0.417568,-0.504793,-0.375475,-0.517284,-0.327283,0.104073,-0.057506,0.401597,-0.178205,-0.176119,-0.415414,-0.730425,-0.685458,-0.19317,-0.274456,-0.410186,0.003721,0.034345,-0.009903,-0.650885,-0.195588,-0.025235,-0.253776,-0.255416,-0.166748,-0.329109,-0.417312,0.810802,-0.101503,-0.197171,-0.119149,-0.229836,-0.121997,-0.611645,-0.149306,-0.085624,0.233613,0.327401,-0.287735,-0.28789,0.463698,-0.083191,0.484968,-0.086222,-0.006547,0.28436,-0.108121,-0.279828,-0.266189,-0.10817,0.224391,-0.092684,-0.263917,-0.08233,0.097012,-0.173354,-0.217071,0.247366,0.590919,0.165319,0.478488,0.023601,-0.041092,0.157008,0.426865,-0.075337,0.527143,-0.255352,-0.359606,0.313304,0.209336,0.501939,0.108358,0.259907,-0.066706,0.123054,0.279937,-0.447096,-0.192906,-0.470102,#
7,0.09345,0.072498,-0.06944,-0.4859,0.037823,0.22707,0.338234,1.0,0.149302,0.194637,-0.215005,-0.117113,0.186161,0.00989,-0.102765,0.309448,-0.050448,-0.31707,-0.256067,0.03589,-0.081507,0.057252,0.121366,0.081452,0.005713,-0.061446,0.123034,-0.401039,0.179279,-0.080448,-0.33011,0.003703,0.259373,-0.078365,-0.25879,0.014303,-0.026458,-0.067046,0.3587,-0.420712,-0.012002,0.26525,-0.294001,0.236122,-0.066444,-0.113463,0.238279,0.26603,-0.306569,0.242062,-0.480385,-0.233018,0.182359,0.150741,-0.236276,0.122704,0.24371,-0.285747,-0.215876,-0.003029,0.158213,-0.060807,-0.121907,0.139182,0.160411,0.09352,-0.217765,0.104871,0.14132,-0.136755,0.184215,0.181372,-0.234734,0.072796,-0.135746,0.469977,-0.099193,0.138455,-0.255754,0.299606,-0.133972,-0.198422,0.08558,0.111738,-0.271705,-0.023961,0.076902,0.021352,-0.097871,-0.149151,-0.293017,-0.060462,-0.363227,0.37479,-0.164769,0.195305,0.405347,0.271457,0.200409,-0.07849,-0.178039,0.024571,-0.035979,0.208,0.13151,-0.175468,-0.153317,0.106758,-0.211714,-0.652092,0.171102,0.012993,-0.12946,-0.146618,0.252904,0.096942,-0.196952,0.041051,-0.144459,-0.11417,-0.030614,-0.417475,0.045728,-0.254772,0.235865,0.069645,-0.156723,-0.026878,-0.253889,-0.108516,-0.44987,-0.030614,-0.209013,-0.093711,-0.116181,-0.266538,0.369474,0.014624,0.110912,-0.282098,-0.19925,0.128881,-0.129978,0.266274,-0.024822,-0.045918,-0.091748,0.121414,0.037306,-0.307434,0.041327,0.062235,-0.209313,-0.263651,0.195316,0.084571,0.430366,0.162431,0.000957,-0.193588,0.178202,0.255221,0.023217,-0.064512,0.151078,0.09114,0.023273,-0.391446,-0.368656,-0.276601,0.010081,-0.026318,-0.234018,0.097627,0.111636,0.041528,0.103874,-0.128247,0.250085,0.230111,0.171593,0.052954,0.059017,0.007242,0.090585,0.414319,0.196811,-0.197582,-0.236377,0.023242,0.28817,0.050244,-0.045158,-0.234217,-0.140548,0.010102,0.202638,-0.30151,0.039486,0.041452,#
8,-0.08703,0.271881,0.29687,-0.288094,-0.28972,0.231889,0.593807,0.149302,1.0,0.001759,-0.048067,-0.140468,0.359022,-0.004968,0.098776,-0.394756,0.132048,0.023171,-0.055288,-0.280841,-0.109089,-0.017429,0.31484,-0.128264,0.19946,-0.108434,0.45067,-0.094684,0.002096,0.10819,-0.341194,0.179948,0.049937,-0.076728,-0.090306,0.17395,0.274358,-0.282509,-0.131297,-0.026574,0.177757,0.073852,0.109026,0.172019,0.45374,-0.346301,0.176161,0.02141,-0.176543,0.223836,-0.23164,-0.261664,0.192373,0.021243,-0.455433,-0.176045,-0.056482,0.072697,0.250155,-0.017615,0.113692,-0.298867,-0.12408,0.143272,0.101848,0.281874,-0.217851,-0.072881,0.11964,-0.134702,0.183089,0.187008,-0.226435,-0.314388,-0.172312,0.263322,-0.118882,-0.06498,-0.270724,-0.222695,0.0524,-0.394432,-0.279635,-0.210386,-0.319252,0.346822,-0.273761,-0.172211,0.049164,-0.342844,-0.444749,0.094129,-0.560009,0.160351,-0.202672,-0.172685,0.047553,0.041279,-0.177651,-0.065689,-0.198292,0.176229,0.112938,0.025586,-0.066432,-0.486139,-0.179733,0.100355,-0.238387,0.021932,0.343196,0.515643,-0.315052,-0.494034,0.240274,-0.117276,-0.212353,-0.309322,-0.167753,-0.001624,-0.230297,-0.27924,-0.365528,-0.29058,-0.062389,0.223273,-0.155849,0.144341,0.134413,0.05489,-0.288244,-0.38802,-0.40771,-0.143079,-0.130343,-0.115024,-0.220916,0.008677,0.120533,-0.319626,-0.396479,0.121712,-0.020124,-0.330845,-0.190692,-0.084125,-0.467069,0.477353,0.040987,0.012064,0.004712,-0.245717,0.129256,-0.4483,-0.019195,-0.105071,0.146777,0.229024,-0.040687,-0.173515,0.377066,-0.014537,0.416406,-0.290353,0.329954,0.259001,0.018845,-0.042129,-0.21733,-0.276709,-0.165949,0.027177,-0.222997,-0.091248,0.092565,0.03873,-0.100237,0.371844,0.562348,-0.007463,0.181017,0.20447,-0.135235,0.169692,0.241637,0.022163,0.354299,-0.205085,-0.23402,0.318689,0.275758,0.23863,0.295442,0.076685,-0.089383,0.367024,0.386579,-0.110886,0.106586,-0.373211,#
9,0.502622,0.132796,-0.524409,-0.164516,-0.021597,-0.135229,0.278592,0.194637,0.001759,1.0,-0.234226,-0.159788,0.39994,0.237204,0.141988,0.16901,-0.23433,-0.130685,-0.010169,-0.218977,-0.133286,0.153375,0.161209,-0.005166,-0.185425,0.025258,0.095183,-0.294676,0.217249,0.696082,-0.264463,-0.200924,-0.061038,0.062868,-0.442227,0.059422,-0.394543,0.150863,0.233399,0.125904,-0.155106,-0.11728,-0.25159,-0.060775,-0.14626,-0.416228,0.378521,-0.195019,-0.596712,-0.261518,-0.37606,-0.184317,-0.069311,-0.226311,0.047774,-0.17058,0.232527,0.142109,0.182621,0.212388,0.240231,-0.005588,-0.557177,-0.027155,0.19966,0.241723,0.110513,0.076363,0.044576,-0.490129,-0.335163,-0.372416,-0.312184,-0.342654,-0.12469,0.111097,-0.020386,-0.114646,-0.076918,0.276859,-0.560967,-0.164507,-0.079154,0.041293,0.008703,-0.315329,-0.389057,-0.260129,-0.079154,-0.174241,-0.209129,-0.272544,-0.164507,-0.011383,0.207466,-0.106749,-0.156687,0.294182,-0.047967,-0.101341,0.185693,-0.301858,-0.314164,0.011378,-0.169919,0.079589,-0.453818,0.078243,-0.108406,-0.488743,-0.194327,0.398727,0.046334,-0.317986,-0.531035,0.1208,-0.018761,-0.154563,0.106752,-0.419832,-0.344647,-0.243673,-0.331798,-0.251765,-0.39953,0.411332,-0.058376,-0.234037,-0.03601,-0.225784,-0.403099,-0.168154,-0.305809,0.150594,-0.543366,-0.152961,-0.165512,-0.191332,0.002216,-0.358536,0.171356,-0.342477,-0.299531,-0.146855,0.000304,-0.5132,0.063939,0.374058,-0.35989,-0.300857,-0.175087,-0.342846,-0.23593,-0.257127,-0.014112,-0.063184,0.354827,0.367681,-0.173906,-0.28046,-0.092754,0.059076,-0.019482,-0.372148,0.006719,0.167247,-0.384901,-0.44077,-0.264804,-0.207313,0.153647,-0.003775,-0.144517,-0.268391,0.288438,-0.540629,-0.154562,0.066639,0.158976,0.309039,0.18375,0.249987,-0.263617,-0.438317,0.345185,0.132235,0.473315,-0.204622,0.110674,0.569714,-0.057093,0.028935,0.068683,0.336127,-0.227944,0.052725,-0.194387,-0.293365,0.181328,-0.061165,#
10,-0.272748,-0.121172,0.109313,0.214032,0.026675,0.172901,-0.074349,-0.215005,-0.048067,-0.234226,1.0,0.20091,-0.558698,-0.398784,-0.126942,0.14065,0.291035,0.146692,0.152386,-0.30418,0.064643,-0.033175,-0.10122,-0.155884,0.17259,-0.077635,-0.247685,0.096753,-0.021161,-0.288403,0.007783,-0.063566,-0.172247,-0.108547,0.493375,0.025074,-0.009583,-0.035466,-0.055744,0.164984,-0.013801,0.059094,-0.179498,0.040333,0.016579,0.314146,-0.33628,0.017488,0.223265,0.109312,0.267444,0.147358,0.04065,-0.157836,-0.29863,-0.071139,-0.116271,0.228323,-0.292457,-0.110004,-0.349914,0.130761,0.033342,-0.144099,0.00663,-0.389563,-0.217838,-0.104083,0.052624,0.314045,-0.168945,0.058848,0.106682,0.025861,0.170043,0.031814,-0.276161,0.092958,-0.126521,-0.411624,0.0065,0.115378,-0.095755,-0.382985,0.200439,-0.04036,-0.114115,-0.167523,-0.119603,0.008099,-0.137941,-0.092663,0.108813,-0.36792,-0.201693,0.176578,-0.143073,-0.188563,-0.009959,-0.104478,0.115408,-0.01984,-0.067287,-0.333014,-0.210682,-0.198069,-0.013424,-0.166318,0.0891,0.199558,-0.108888,-0.018046,0.1999,-0.160993,0.055868,-0.241803,-0.032954,-0.007621,-0.039797,0.186236,-0.052154,-0.156789,0.006262,-0.111787,-0.311238,-0.16166,-0.374518,0.125232,-0.214212,-0.125747,0.377791,-0.052154,0.099691,0.031085,0.364612,0.103396,0.066347,0.21544,-0.155227,0.033312,-0.227779,0.106052,0.178614,-0.069066,-0.242657,-0.05502,-0.292837,-0.064592,-0.164347,0.335418,-0.171316,0.287115,-0.21415,-0.116987,-0.196573,-0.287613,-0.539508,-0.189689,-0.473043,0.226814,0.022234,0.003972,0.359751,0.075746,-0.362393,-0.119535,-0.166213,0.31176,0.473632,-0.031832,-0.060017,0.183511,0.073243,-0.129015,-0.288891,0.192767,-0.08125,0.162705,-0.273259,0.288028,0.085753,-0.006675,0.204749,0.149577,-0.28406,-0.215283,-0.331673,0.115369,0.276863,-0.254316,-0.282876,0.003457,0.094015,-0.284051,-0.119039,-0.016541,0.375785,-0.167109,-0.22913,-0.192581,#
11,-0.035266,-0.381899,-0.141005,-0.048328,0.301263,0.149994,-0.094547,-0.117113,-0.140468,-0.159788,0.20091,1.0,-0.133186,-0.219352,-0.245588,0.201402,-0.134667,0.172745,-0.27778,0.12004,0.097628,0.140999,-0.468089,-0.278094,0.150881,-0.198741,-0.252624,-0.24659,0.020088,-0.267845,-0.02112,-0.195299,-0.027849,0.05587,0.076504,-0.007741,-0.369199,-0.00217,-0.107544,0.194578,0.271901,-0.131606,-0.164004,-0.417706,-0.371687,0.141547,-0.326018,0.257204,0.059275,0.214289,0.216577,0.030999,-0.138785,-0.058844,0.024778,0.097249,0.042216,0.110327,0.220728,-0.244939,-0.085769,0.338536,0.246786,-0.532734,0.277159,-0.051705,-0.052009,-0.239176,-0.190238,0.411596,0.149598,0.034408,-0.015605,0.471744,-0.042859,-0.02281,-0.24095,0.046186,0.059661,0.053102,0.298894,0.187856,0.08578,-0.436708,0.270369,0.222763,0.257504,0.160424,0.092401,0.489223,0.108281,0.249428,0.187856,0.210379,0.011594,0.503987,-0.007612,0.129646,0.151603,0.05908,-0.214845,0.305457,-0.1338,0.178112,0.024624,-0.014603,0.137859,0.080625,0.198832,0.285305,0.018069,-0.233707,-0.05183,-0.047462,0.099734,-0.226486,0.004399,0.467528,0.341884,0.299372,0.193252,0.062899,0.362013,0.270465,-0.061535,0.308555,-0.049105,-0.021161,0.525512,0.111938,0.085718,0.21269,0.029378,-0.181572,0.100698,-0.294571,-0.069494,-0.036322,-0.086159,0.277083,0.380753,0.040867,0.150067,0.203587,0.02248,0.148642,0.078045,-0.297819,0.120643,0.123594,0.161233,0.223155,0.0377,0.247193,0.009205,0.428308,0.046774,-0.167215,0.02058,-0.054451,-0.228005,-0.491331,-0.0046,0.152429,-0.120196,-0.025194,0.319846,-0.011706,0.189545,0.240277,-0.038067,0.004367,0.188365,0.268442,-0.220229,0.129389,-0.09434,-0.3341,-0.014331,0.237373,0.031427,0.013826,-0.071205,-0.012448,-0.032572,-0.304344,0.048001,0.201112,-0.13941,-0.299956,-0.249316,-0.199488,-0.091363,-0.202588,-0.059832,-0.382959,0.263411,0.078006,0.11004,0.180646,#
12,0.577412,0.423394,-0.165985,-0.319721,0.047895,0.07089,0.32613,0.186161,0.359022,0.39994,-0.558698,-0.133186,1.0,0.430098,0.07518,-0.213124,-0.186367,0.295357,-0.220494,0.035599,-0.128058,0.250742,0.369748,-0.074175,-0.081745,0.002752,0.343237,-0.348654,0.289617,0.447978,-0.270288,0.100119,0.33826,-0.142789,-0.294041,0.107349,0.080929,0.058197,-0.188746,-0.40901,0.162333,0.175712,-0.067008,0.068133,0.09492,-0.608739,0.601906,0.004475,-0.290658,-0.026723,-0.238523,-0.276581,0.085923,-0.151176,-0.127421,-0.061778,0.139469,-0.15599,0.409879,0.189148,0.625327,0.054988,-0.108618,0.042502,0.109294,0.680616,-0.169757,0.332626,0.232817,-0.229534,0.015228,0.011542,-0.398748,-0.151597,-0.268169,0.243131,0.173332,-0.200306,-0.143116,-0.019487,-0.146154,-0.374597,-0.159421,0.000434,-0.189616,-0.022441,-0.146134,0.080063,0.1908,-0.448665,-0.144007,-0.041836,-0.374597,0.277652,-0.086857,0.086209,0.387461,0.013292,-0.25127,-0.192702,-0.048764,0.092721,-0.039774,0.450914,-0.044857,-0.065154,-0.280088,-0.151517,-0.382583,-0.209504,0.186303,0.283201,-0.16201,-0.274447,-0.175376,0.199992,-0.202013,-0.323462,0.079822,-0.395037,-0.211254,-0.29077,-0.174369,-0.14451,-0.228683,0.372579,0.107747,0.085693,0.299082,0.192417,-0.663648,-0.198191,-0.387482,-0.314009,-0.50473,0.007684,-0.103429,-0.463353,0.340968,-0.337759,-0.022706,-0.350749,-0.27064,-0.266036,0.103868,-0.13907,0.033411,0.361478,0.018679,-0.420937,0.147006,-0.443594,0.319087,-0.316139,-0.097144,-0.138383,0.757416,0.590366,0.095902,-0.307128,0.024994,-0.019386,0.120135,-0.324226,0.184059,0.589194,0.087565,-0.251305,-0.391332,-0.291394,0.003969,0.089551,-0.359353,-0.041674,0.414367,-0.369014,0.03293,0.1307,0.740163,-0.167536,0.221317,0.129598,-0.265991,-0.246953,0.408208,-0.107667,0.634213,-0.078949,-0.535999,0.406308,0.352697,0.147647,-0.001385,0.22577,0.080984,0.139183,-0.097913,-0.07212,0.474136,0.164586,#
13,0.215784,0.065138,-0.195113,-0.189376,-0.172816,-0.168312,0.011568,0.00989,-0.004968,0.237204,-0.398784,-0.219352,0.430098,1.0,0.127306,0.005449,-0.577498,0.232788,-0.158438,0.1481,-0.186825,0.628549,0.58299,0.379532,-0.107323,0.233302,0.538659,-0.098552,0.099475,0.498148,-0.104885,0.273719,0.082993,0.053314,-0.061847,0.1521,0.03934,0.216778,0.346604,-0.199766,0.073704,0.147076,0.376364,-0.08005,-0.201284,-0.437117,0.426319,-0.180174,-0.387919,-0.088478,-0.018578,-0.255641,0.011713,0.051369,-0.12906,0.013729,0.045137,0.060255,0.339806,0.140837,0.613012,-0.015603,-0.249985,0.094513,0.173982,0.043859,-0.156365,0.389974,0.275268,0.024078,-0.024851,0.031758,-0.172916,0.164036,-0.284571,-0.169964,0.30913,-0.085459,-0.193565,0.335547,-0.213542,-0.223554,0.167864,0.174844,-0.0,-0.043394,0.015,0.020339,0.119099,-0.327677,0.065145,-0.08912,-0.040829,0.234537,0.24773,0.035599,0.007101,0.173882,-0.144118,-0.08462,-0.111693,-0.120063,0.14491,0.064209,-0.103549,-0.091274,0.200078,-0.429767,-0.083858,-0.056118,0.031583,0.046978,-0.027928,0.239534,-0.237225,0.026121,-0.001354,-0.211701,0.058238,-0.046525,0.070562,-0.173153,-0.00627,-0.179888,-0.18216,0.31954,0.141348,0.115179,0.277474,0.309178,-0.139426,0.130902,-0.408367,-0.086553,-0.516849,0.207763,-0.190844,-0.095113,0.237813,-0.025237,0.117442,-0.493593,-0.100626,-0.222851,-0.273025,-0.174955,-0.013627,-0.01331,-0.235656,-0.197645,0.017392,-0.413298,0.254224,-0.354215,-0.042229,0.047583,0.411705,0.058039,0.275657,-0.284525,0.151158,0.01352,-0.086581,0.112627,0.151527,0.188699,0.196538,0.273343,-0.165775,-0.023979,-0.147783,-0.158621,-0.272649,-0.303572,0.223303,-0.42262,0.351063,-0.190483,0.351877,-0.161473,0.341678,-0.066741,-0.26516,-0.032748,-0.053271,0.209457,0.070067,-0.514891,-0.338219,0.258866,-0.040573,-0.20473,-0.311426,0.092256,0.239636,-0.185362,0.077881,0.125992,0.674533,-0.080216,#
14,0.005763,0.358251,0.049068,-0.218662,0.271738,-0.214334,0.336509,-0.102765,0.098776,0.141988,-0.126942,-0.245588,0.07518,0.127306,1.0,0.038613,-0.107316,-0.082601,0.407965,-0.046198,-0.145117,-0.203917,0.173268,0.032228,-0.217535,-0.009094,0.188589,0.355374,0.555366,0.413706,-0.437353,0.035187,-0.017349,0.024624,0.129643,0.267362,-0.162878,-0.23762,-0.160893,0.29583,-0.454241,0.081379,0.181475,0.23813,0.386586,-0.221641,0.374117,-0.306119,-0.304273,0.185475,0.027922,-0.260187,0.136654,0.036899,-0.028481,-0.438206,-0.256677,-0.096832,-0.085272,-0.320782,-0.312209,0.069249,-0.173618,0.273655,-0.117595,0.048578,0.08719,-0.124821,-0.234314,-0.429544,-0.375384,-0.321052,-0.066867,-0.399892,-0.246492,0.25418,-0.032061,-0.49545,-0.339654,-0.160762,-0.422236,-0.462816,-0.495447,0.356375,-0.269348,-0.087513,-0.364343,-0.430518,-0.159269,-0.225744,0.112288,-0.217713,-0.133722,-0.313155,-0.296932,-0.227594,-0.4161,-0.138814,-0.596986,-0.18023,0.192221,-0.388205,-0.331512,-0.38141,-0.302349,0.094579,-0.42969,-0.173797,-0.336106,0.060284,-0.351807,0.237348,-0.419425,-0.232026,-0.412874,-0.014549,-0.105051,-0.266025,-0.60863,-0.165705,-0.466021,0.004099,-0.513633,-0.01963,-0.001092,-0.40855,-0.217887,-0.03969,-0.306619,-0.350765,-0.047591,-0.29047,-0.510881,0.072016,-0.440025,-0.322773,0.036632,-0.063205,-0.21979,-0.066158,-0.275917,-0.322665,-0.095282,-0.059738,-0.146604,-0.432844,-0.154842,0.201832,-0.432915,-0.069627,-0.455896,-0.588327,-0.266256,-0.175808,-0.326331,-0.343512,-0.076363,0.200062,-0.396077,0.184082,0.100359,-0.300831,0.113386,-0.085768,-0.520653,-0.174202,-0.036572,0.267455,0.212819,-0.064911,0.501844,0.205751,-0.14248,-0.433912,0.519536,-0.328782,-0.324263,0.275041,0.135776,-0.014694,0.428739,0.125301,0.412023,0.218375,0.303492,-0.391596,0.073329,-0.159893,0.020416,0.277766,-0.05376,0.499024,0.179557,0.46117,-0.156132,-0.03578,-0.004965,-0.103479,-0.251826,-0.003482,#
15,-0.083512,-0.297489,-0.093325,-0.159969,0.217041,-0.320566,-0.032256,0.309448,-0.394756,0.16901,0.14065,0.201402,-0.213124,0.005449,0.038613,1.0,-0.224812,-0.363819,0.145233,-0.126394,-0.267356,0.173058,-0.101193,0.232048,0.002893,0.104829,-0.074336,-0.212868,0.325528,-0.08817,-0.165507,-0.211707,-0.1722,0.070528,0.03364,0.336465,-0.023587,0.110976,0.414118,0.149633,-0.223728,-0.335145,-0.36285,-0.129406,-0.435278,0.192524,-0.161274,0.089899,-0.220948,0.110586,-0.0037,0.202054,-0.139286,0.235196,-0.035955,0.18555,-0.080053,0.038328,-0.259646,-0.406056,-0.068575,0.348902,0.159468,-0.165411,0.094419,-0.428975,-0.217778,0.100014,0.129179,0.084247,-0.0111,-0.324957,0.163843,0.242493,0.023196,0.061894,-0.088098,-0.053919,-0.106445,0.131509,-0.33053,-0.035612,0.256433,-0.044854,0.40157,-0.219358,0.071207,-0.164018,-0.092992,0.195174,0.203647,-0.078224,0.128473,0.012403,-0.162689,0.375978,0.067498,0.234063,0.026601,-0.252868,0.116683,0.002827,-0.227863,0.028381,0.125851,-0.171484,-0.165294,0.105844,-0.057271,-0.154777,-0.095479,-0.276421,0.220631,0.016865,0.001713,-0.069408,0.138742,0.210527,-0.009609,0.216182,-0.042195,0.096242,0.052135,-0.255955,0.015914,0.040223,-0.177922,-0.065821,-0.199368,-0.284974,0.047867,0.120359,-0.053949,0.052074,0.037293,-0.085303,0.066329,0.200984,-0.307064,0.063797,0.14059,0.112583,0.03042,0.25869,-0.193638,-0.110942,-0.092987,-0.206114,-0.150712,-0.153916,-0.228697,0.047019,-0.23453,0.064502,0.182377,0.244432,0.010425,-0.160955,-0.213803,0.218473,0.315836,0.003971,-0.192151,0.115166,-0.309162,-0.437443,0.177562,0.06239,-0.046082,-0.031823,-0.018321,-0.172786,-0.071826,0.085105,-0.092528,0.028637,-0.088424,-0.330775,-0.262365,0.241298,0.143475,-0.32538,0.244647,-0.003884,-0.256395,0.118025,-0.324807,-0.197909,0.113507,-0.189523,-0.242975,-0.162535,-0.065773,-0.100282,0.069244,-0.169383,0.183911,-0.127316,0.012289,0.008667,#
16,0.091286,0.237387,0.11711,-0.140164,0.052779,0.368758,-0.123305,-0.050448,0.132048,-0.23433,0.291035,-0.134667,-0.186367,-0.577498,-0.107316,-0.224812,1.0,0.153121,0.301874,-0.291334,0.271538,-0.505972,-0.268862,-0.374348,0.016853,-0.119736,-0.394762,0.0821,-0.202827,-0.074207,0.153983,0.155217,0.054447,-0.26596,0.192004,0.01742,0.277989,-0.246412,-0.324287,-0.037762,0.116202,-0.153477,-0.099955,0.359094,0.361022,-0.007046,-0.279975,0.102601,0.20978,-0.269243,0.013936,-0.077584,0.168622,-0.258382,0.188538,-0.081451,-0.393661,-0.360288,-0.36818,-0.088744,-0.326025,0.146664,0.194253,0.042269,-0.238995,0.017712,0.034404,-0.21269,0.088306,0.210659,-0.025379,0.206705,0.107135,-0.336853,-0.000148,0.045774,-0.286791,0.086094,-0.103182,-0.428934,0.195572,0.085694,-0.119333,-0.230053,-0.321715,-0.238034,-0.300315,-0.174697,0.053346,0.008464,-0.131723,-0.107397,-0.236496,-0.194475,-0.219909,-0.173627,0.195567,-0.364599,-0.182295,-0.266616,0.144852,-0.16688,-0.241577,0.007632,-0.062135,-0.019228,-0.201522,0.197676,-0.100788,0.029317,0.327849,-0.02796,0.005617,-0.1781,0.054988,0.050831,-0.393638,-0.000772,0.146662,-0.187216,-0.400617,-0.10236,-0.212463,0.045954,0.19679,-0.319121,-0.169845,-0.112861,-0.337023,-0.125708,0.200581,-0.075175,0.253284,0.015772,0.016211,-0.111097,0.390332,-0.170611,-0.167472,0.015834,-0.391536,0.262812,-0.188357,-0.080115,0.124645,0.174086,-0.104112,0.16356,0.022546,-0.022672,-0.360165,0.279304,0.126526,0.044749,-0.210871,-0.452786,-0.156319,0.199791,-0.271313,0.226879,-0.245739,0.238747,0.21421,-0.223677,-0.150513,0.204208,-0.16625,-0.159168,-0.046991,-0.276854,0.018576,-0.042302,-0.085111,0.070439,0.06535,-0.006127,-0.10708,0.341626,-0.112225,-0.071245,-0.217622,0.345066,0.225986,-0.019986,-0.111846,-0.117514,-0.008885,0.492382,0.128838,0.10617,0.069241,0.198291,0.274443,0.048449,-0.181108,0.531664,0.150904,-0.141653,-0.438892,0.026814,#
17,0.443048,0.282455,-0.020968,-0.145779,0.198698,0.321376,-0.088989,-0.31707,0.023171,-0.130685,0.146692,0.172745,0.295357,0.232788,-0.082601,-0.363819,0.153121,1.0,-0.163196,0.235862,-0.008604,0.298901,0.223677,-0.440537,0.106667,0.074407,-0.069438,-0.119628,-0.088866,0.175143,-0.005489,0.211991,0.176251,-0.19205,0.204094,0.013033,-0.120571,-0.024297,-0.381624,-0.157678,0.258288,0.172356,0.105363,-0.039377,0.029565,-0.234301,0.222841,0.137608,0.004112,-0.212325,0.350446,-0.370416,-0.09106,-0.383503,0.004287,-0.165248,-0.321366,-0.086669,0.169892,0.038801,0.172739,0.207202,0.106878,-0.101566,-0.137294,0.26956,-0.009886,0.054985,0.065892,0.424163,0.074098,0.212971,-0.490617,-0.030955,-0.179329,0.078043,0.033599,-0.120606,-0.229545,-0.414469,0.199036,-0.198612,-0.069983,-0.198504,-0.058805,0.081123,-0.099384,0.152292,0.092512,-0.12752,0.021674,-0.012425,-0.075142,0.110307,-0.071368,0.152494,0.184,-0.306926,-0.347063,-0.236128,-0.237688,-0.120346,-0.076657,0.268149,-0.372292,-0.125934,-0.011705,-0.547771,-0.124357,0.20597,0.262742,-0.073197,-0.043357,-0.135654,0.041772,-0.071484,-0.32604,-0.195756,0.313637,-0.195364,-0.036177,-0.158828,-0.037074,-0.08033,-0.279775,0.167655,0.179601,0.208004,0.273997,0.23927,0.028222,0.092256,-0.130651,-0.318777,-0.189344,-0.017554,0.0447,-0.428111,0.057417,-0.03925,0.01146,-0.342958,-0.014401,-0.326059,-0.244057,0.058752,-0.017554,0.143994,0.011535,-0.153925,-0.034015,-0.148464,0.361277,-0.264649,-0.280034,-0.219179,0.243142,0.228657,-0.148308,-0.285015,-0.335504,-0.085745,0.295518,-0.150165,-0.250932,0.551725,0.052483,0.12016,0.131612,-0.076367,-0.200501,0.050527,-0.362819,-0.010237,0.06558,-0.27828,0.171597,0.041689,0.388194,-0.270022,0.156259,0.168402,-0.298232,-0.027643,-0.097581,-0.495441,0.321553,0.067766,-0.398581,0.017406,0.028229,0.083754,0.051552,0.013568,-0.024105,-0.067275,0.027338,0.118296,0.290545,0.348108,#
18,-0.245421,0.222559,-0.062181,-0.12737,0.078717,-0.334323,0.077999,-0.256067,-0.055288,-0.010169,0.152386,-0.27778,-0.220494,-0.158438,0.407965,0.145233,0.301874,-0.163196,1.0,-0.29755,0.078762,-0.483966,0.061259,0.013804,-0.152265,0.052686,0.077351,0.233498,-0.022172,0.125439,-0.17936,0.157341,0.205902,0.090242,0.167948,0.339219,0.078338,-0.107605,-0.074585,0.405352,-0.415801,-0.238466,0.147078,-0.086956,0.343732,0.06016,0.01681,-0.281003,0.110259,0.102341,0.043578,-0.131685,-0.154843,0.018177,0.383573,-0.040398,-0.337531,0.051226,-0.215531,-0.126089,-0.14027,0.136805,0.020099,0.192159,-0.108516,-0.067898,-0.216887,0.098784,0.047542,-0.230835,-0.455985,-0.59681,0.321995,-0.320487,-0.195432,0.035166,-0.279892,-0.101014,0.030181,-0.243785,-0.334811,-0.23387,-0.436713,0.109816,-0.313715,-0.419021,-0.297386,-0.375414,-0.282568,-0.146438,-0.129258,-0.297024,-0.06392,-0.570146,-0.355969,-0.491658,-0.341773,-0.186847,-0.361587,-0.072404,0.1084,-0.036201,-0.273855,-0.511471,-0.25525,-0.007585,-0.356768,0.079001,-0.069117,0.037837,-0.179736,-0.017967,-0.138152,-0.175755,-0.309728,-0.2969,-0.044629,-0.155751,-0.168422,-0.004434,-0.397034,0.079973,-0.583208,-0.123769,-0.119048,-0.459269,-0.372882,-0.178065,-0.365423,-0.288461,0.059764,-0.22867,-0.101071,0.176512,-0.004792,-0.296659,0.077974,-0.155763,-0.236228,-0.139059,-0.382843,0.082915,-0.185605,-0.158252,-0.242007,-0.329606,-0.296659,0.209555,-0.349934,0.001692,-0.46062,-0.110093,-0.048374,0.05912,-0.410643,-0.437669,-0.378371,0.043612,-0.282184,0.227763,0.152876,-0.058119,0.205938,0.092987,-0.383635,-0.133386,0.009541,0.282341,-0.058475,-0.275485,0.355336,-0.396412,0.103822,-0.319998,0.203889,-0.010322,-0.111671,0.32192,-0.141528,-0.139627,-0.022561,0.167398,0.434746,0.125482,0.178001,-0.117961,-0.197389,-0.064638,0.119296,0.124015,-0.31455,0.180983,0.442687,0.358105,0.072987,-0.026098,0.144961,0.07321,-0.5159,-0.184547,#
19,-0.031657,-0.208852,0.109012,0.273053,0.188906,0.101558,-0.178479,0.03589,-0.280841,-0.218977,-0.30418,0.12004,0.035599,0.1481,-0.046198,-0.126394,-0.291334,0.235862,-0.29755,1.0,0.073811,0.09201,0.08585,-0.124051,0.135404,-0.016787,-0.105519,-0.201668,-0.162291,-0.292527,0.105368,0.047848,0.093249,-0.124736,-0.218304,-0.435738,0.022494,0.011898,-0.219973,-0.231333,0.156261,0.330456,0.00848,-0.065118,-0.279958,0.131601,0.32908,0.307693,0.235609,-0.249755,0.364895,0.140253,0.347301,-0.097229,0.098005,0.156407,0.233189,-0.381052,-0.16849,-0.043865,0.026304,-0.283277,0.332927,-0.016831,0.090752,0.161214,0.262787,0.0449,-0.176551,0.046761,0.336788,0.061351,0.010376,0.304267,0.038094,-0.183016,0.352435,0.051172,0.292983,0.20961,0.445791,0.123082,0.292641,0.271531,0.123917,0.357953,0.374191,0.436075,0.308514,0.13622,0.353471,0.298624,0.286645,0.202763,0.017745,0.050154,0.115557,0.041399,-0.05779,0.368841,-0.27334,0.231987,0.211718,0.330306,0.277746,0.362703,0.449634,-0.380464,0.199577,0.017755,0.23404,-0.383825,0.093119,0.37145,0.304514,-0.017958,0.046663,0.451913,-0.026333,0.11723,0.439934,0.115506,0.587291,0.14793,0.133208,0.135674,0.277994,0.020506,-0.031613,0.396923,0.021692,0.295902,0.029081,-0.196388,0.108444,0.065558,0.26855,-0.04432,0.130312,0.294045,0.374339,-0.206782,0.063928,0.175036,0.192574,0.338597,0.417383,-0.290464,0.608521,-0.265518,0.154927,0.06367,0.233777,0.138436,0.040366,0.295743,0.06279,-0.050258,0.326548,-0.121365,-0.291144,-0.148506,-0.176869,0.191017,0.031827,-0.11315,0.337096,-0.01639,-0.095988,0.096024,-0.290027,-0.182596,0.27169,0.461868,-0.01406,0.206966,0.422287,-0.436653,-0.094786,-0.005837,0.045508,-0.278069,0.07783,0.115765,-0.266199,0.000323,-0.041114,0.01851,-0.157908,-0.438785,0.282006,-0.208612,-0.292175,-0.275243,0.436573,-0.374269,-0.456029,0.266646,0.207412,0.307116,#
20,0.072307,-0.136501,-0.250875,0.098505,0.091158,-0.110035,-0.479569,-0.081507,-0.109089,-0.133286,0.064643,0.097628,-0.128058,-0.186825,-0.145117,-0.267356,0.271538,-0.008604,0.078762,0.073811,1.0,-0.532401,-0.423572,-0.094118,0.331836,0.266589,-0.227214,0.241121,-0.12436,-0.181353,0.548658,0.057392,0.140817,-0.196071,0.208136,-0.37079,0.004816,0.090768,-0.269566,-0.148675,0.078077,-0.235469,0.052348,-0.179151,0.015362,0.155776,0.079412,-0.10132,0.115867,0.11069,0.234639,-0.137223,0.182684,0.013756,0.311549,0.312465,-0.161496,0.123817,0.048437,0.170038,0.036993,-0.016905,0.074506,-0.294199,-0.157207,0.089782,-0.181185,0.044294,-0.487626,-0.219554,-0.076077,-0.063339,0.233143,0.272555,0.16392,-0.248576,0.250322,0.324844,0.220392,0.14565,-0.109849,0.470405,0.216272,0.142206,-0.082244,-0.153866,0.243915,0.027669,0.583725,0.341834,-0.291833,-0.006832,0.117808,-0.138818,0.228826,-0.007845,-0.084557,-0.057715,0.186357,0.337266,0.115795,0.16053,-0.231187,-0.027665,0.124732,0.357159,0.175248,0.165691,0.320783,0.185587,-0.100201,-0.229974,0.104792,0.15726,0.116337,0.23251,0.096483,0.280483,0.372649,0.375302,0.295882,0.351299,0.138684,0.773353,0.229202,-0.082943,-0.311502,-0.440565,0.190618,0.064012,0.042507,0.295882,0.325026,0.096435,0.090047,0.005045,0.16445,-0.241129,0.312659,0.463865,-0.089995,0.10738,0.327508,-0.063008,0.23204,0.200334,0.422396,-0.377578,0.104792,0.1394,0.070518,0.117809,0.099899,0.412437,-0.14536,0.027555,-0.116933,-0.061159,0.292724,0.137617,-0.518184,-0.230044,-0.039774,-0.198497,0.257446,-0.113564,-0.03557,0.111905,0.088445,0.032877,-0.073501,0.193354,0.47545,-0.000458,-0.122982,0.134865,0.017284,-0.023253,-0.278978,0.027289,-0.136972,-0.000946,0.120877,0.000903,0.065569,-0.023055,-0.151043,0.42916,0.105549,-0.123411,0.00091,-0.241378,-0.044086,-0.287196,-0.170401,-0.074197,-0.145642,0.266346,0.128627,0.150764,#
