0,1.0,-0.152652,-0.001238,-0.282453,0.189971,0.048689,0.373135,-0.344806,0.168406,-0.140623,0.533625,-0.153101,0.209064,0.179731,-0.002693,0.030147,-0.072601,-0.313482,0.367009,0.364706,-0.020648,0.071421,0.105526,-0.244519,-0.144367,0.011492,-0.033707,0.079674,0.270501,0.015493,-0.291318,0.09337,0.018771,-0.30325,0.244521,0.075347,0.007635,0.091306,-0.200989,0.248135,-0.058657,0.050836,0.140898,-0.05991,0.07511,-0.25376,0.273477,0.320038,-0.518106,0.054751,0.218487,-0.076264,0.00841,-0.104842,-0.016859,0.073321,-0.164055,0.212068,0.10951,0.01753,0.242867,0.060793,-0.055917,0.069681,-0.152933,-0.077441,-0.16312,0.19309,-0.22182,0.201373,0.28467,0.15883,0.369924,-0.313497,-0.18898,0.278293,-0.344937,-0.235712,-0.081449,-0.13895,0.199744,0.099307,-0.326971,-0.4215,-0.042311,0.165358,-0.112844,-0.186107,-0.0696,-0.182837,-0.551862,-0.039167,-0.038512,-0.244728,-0.074478,-0.248423,0.025779,-0.586559,-0.35123,0.077424,0.339038,-0.08161,0.007629,-0.262293,0.090238,-0.192169,-0.149526,0.203503,-0.24652,-0.194061,-0.157019,-0.052526,-0.417455,-0.241901,0.14405,-0.017784,0.026825,0.052886,0.053544,-0.323941,-0.168594,0.064063,0.153321,0.140183,0.119799,0.181567,0.095314,0.353798,0.023358,-0.050714,-0.073161,-0.288456,0.090894,0.204458,0.260836,-0.046565,-0.105997,-0.024851,0.359423,0.170153,0.019704,0.332376,0.182159,-0.170593,-0.398546,0.129277,-0.18074,-0.031892,-0.253088,-0.153912,-0.043399,-0.072566,-0.143269,-0.010667,0.153957,-0.062838,-0.11154,0.050497,-0.362832,0.009348,0.321015,-0.195089,0.05773,-0.324526,0.213632,0.064762,0.264894,0.164377,-0.386439,0.073831,0.074722,-0.220447,-0.082348,0.112877,-0.124059,0.075727,-0.121592,-0.15837,0.123223,-0.38982,-0.033082,0.020749,0.128262,0.249512,-0.103874,-0.103496,0.229317,0.119512,0.320542,0.073232,-0.227191,-0.040518,0.443647,-0.114065,0.299389,0.132189,-0.373771,0.014032,-0.00044,-0.119084,#
1,-0.152652,1.0,0.237438,-0.099662,0.05464,-0.067458,-0.042107,0.018607,-0.219717,-0.05118,0.045432,0.286474,0.321726,0.076924,-0.321295,0.046191,0.032743,0.191599,-0.126537,-0.198335,0.166962,0.00603,0.014908,-0.439111,-0.00511,-0.444165,-0.231383,-0.166593,0.026958,0.137686,0.101581,-0.150389,-0.262963,0.229236,0.196988,0.217253,-0.202804,-0.22671,0.012633,0.082857,-0.31732,-0.133924,0.072367,-0.017707,-0.304483,0.144996,-0.229141,0.058423,0.358129,0.442143,0.052863,0.071046,-0.130066,0.345403,-0.079817,-0.257739,0.141353,0.049863,0.000839,-0.072109,-0.009894,-0.4276,0.28484,0.015591,0.303936,0.349998,-0.151234,0.472228,0.14554,0.193033,-0.046729,-0.148533,-0.301461,0.036359,0.130519,-0.100504,-0.040239,0.036576,0.214467,-0.366178,-0.180732,-0.174691,0.039218,0.032816,-0.136303,0.016627,-0.06622,0.146948,0.025308,0.130519,-0.026958,0.110799,-0.127436,0.101395,-0.20728,0.013721,0.127853,0.261323,0.145754,0.217131,-0.011039,-0.209211,0.197039,0.23328,-0.075538,-0.046461,0.249212,0.033494,-0.421706,0.241044,0.338889,-0.453669,0.025182,0.024098,-0.062505,-0.093468,-0.065353,0.143795,-0.13735,-0.02452,-0.003509,0.177813,-0.234648,-0.202627,0.097704,-0.193721,-0.098188,-0.132859,-0.120779,-0.182076,0.309824,-0.010524,0.003717,-0.029818,-0.112066,-0.164686,0.217165,-0.01983,-0.080602,-0.22645,-0.082619,-0.251269,0.28551,0.077745,0.220981,-0.173865,-0.550755,0.083238,0.193841,0.151417,0.067056,0.092414,0.163625,-0.033942,-0.105362,0.004653,-0.179305,0.02386,0.134132,0.253435,0.032428,-0.012843,-0.110401,0.341749,-0.12307,0.181544,0.207121,0.257621,0.151103,-0.049018,0.468687,0.165798,-0.25356,-0.202112,-0.09854,-0.070081,-0.084518,0.30573,-0.177858,0.129721,-0.088859,-0.210749,0.288412,-0.047132,0.378376,-0.032662,-0.11653,-0.202112,0.158,0.210138,0.237814,0.204908,-0.286774,-0.06265,0.128607,-0.228506,0.107693,0.056851,-0.082516,-0.024795,#
2,-0.001238,0.237438,1.0,-0.725091,0.244385,-0.210037,0.117591,-0.146859,0.247662,0.328928,0.043494,-0.129786,0.283789,0.296258,-0.335529,-0.11617,-0.184164,0.180228,0.273076,0.024445,-0.173146,-0.05263,0.021894,-0.036344,-0.123499,-0.084205,-0.007761,-0.044526,0.216669,-0.122242,-0.164612,0.474968,-0.201999,0.012393,0.074215,0.240238,0.088106,0.434489,-0.049907,-0.271464,0.141401,0.025203,-0.032508,-0.269932,-0.17626,-0.347085,-0.174853,-0.072555,-0.040176,0.060526,0.268014,-0.389462,0.144578,-0.2839,-0.184978,0.011464,-0.149731,-0.282417,0.179543,-0.210062,0.369004,-0.370029,-0.151887,-0.08704,0.275323,0.387046,0.127922,0.042821,0.361984,-0.014879,-0.143666,0.189517,-0.45302,-0.146206,-0.099364,-0.226718,-0.165322,0.009365,-0.089601,-0.000703,0.06635,-0.057684,0.246939,-0.133552,-0.238131,0.315531,-0.040498,-0.002726,-0.19282,0.043533,0.081999,0.162872,0.188332,0.189415,0.016077,-0.017595,-0.130183,0.00283,0.055671,-0.153849,-0.386173,-0.35598,0.011279,-0.102473,0.239746,-0.118405,-0.014156,-0.312847,0.114628,0.094716,0.037697,-0.276136,-0.147799,-0.031389,0.150041,-0.247617,-0.140504,0.452438,-0.183178,-0.223009,-0.111167,0.097315,-0.035262,-0.431944,-0.438949,0.087896,0.408747,-0.205422,0.234103,-0.249261,0.19476,-0.204158,-0.093513,-0.03122,0.248623,-0.254444,0.231576,0.290325,-0.174925,0.130591,-0.196527,0.113432,0.070733,-0.09509,-0.107757,-0.194107,-0.271464,0.001364,-0.112484,0.057555,-0.146079,0.341765,-0.143013,-0.101781,0.130481,-0.205419,0.21337,0.009963,0.055217,-0.093014,0.001077,-0.089444,-0.105976,0.408003,-0.124052,0.059439,0.208738,-0.046729,0.103547,0.036529,-0.071561,-0.130395,0.022237,-0.166048,-0.341845,0.104087,0.037186,0.065028,0.228831,-0.282178,0.188722,0.08089,-0.190493,-0.098256,-0.061821,0.209919,0.220668,0.191808,-0.142153,-0.329213,0.130608,-0.017445,-0.143198,0.365351,-0.119585,-0.135263,0.088737,0.294387,0.258455,-0.016512,#
3,-0.282453,-0.099662,-0.725091,1.0,-0.280682,0.178236,-0.141123,0.257172,-0.293577,-0.230275,0.062182,0.247888,-0.262213,-0.283487,0.117258,-0.124233,0.33521,0.042223,-0.142771,-0.14249,0.261664,-0.2539,-0.179075,0.077681,0.192522,0.204574,-0.040432,0.15587,-0.161974,-0.019682,0.246865,-0.501151,0.262255,-0.021744,-0.268897,-0.007759,-0.245852,-0.29146,0.114766,0.193493,-0.217884,-0.330067,-0.178161,0.085882,0.131549,0.516625,-0.111616,-0.277734,0.177621,-0.064757,-0.245046,0.471357,0.001371,0.418847,0.308741,-0.029049,0.321129,0.287086,-0.326141,-0.055755,-0.50457,0.140576,0.182388,-0.186897,-0.273953,-0.20547,-0.015971,-0.03316,-0.294253,-0.146274,-0.127103,-0.205897,0.228648,0.221135,0.117642,-0.285443,0.268299,-0.001351,0.033871,0.048924,-0.066795,0.110432,0.056133,0.166139,-0.041323,-0.240306,0.033166,0.107858,0.148557,-0.030453,0.063579,-0.192766,-0.201598,-0.189667,0.183233,0.305205,0.089738,0.029511,-0.091403,0.184794,0.266452,0.302546,0.109364,0.199683,-0.371356,-0.10025,0.109456,0.207467,-0.034911,0.086874,-0.131376,0.252269,0.046731,0.305205,-0.228139,0.288339,0.163117,-0.138285,-0.033931,0.311131,0.232108,0.000953,-0.231028,0.378968,0.29497,-0.078851,-0.524628,-0.13298,-0.320256,0.288635,-0.152034,0.4919,0.180151,-0.381309,-0.088344,0.28858,0.163317,-0.153607,-0.071712,-0.236214,0.038056,-0.085897,0.212279,0.192351,0.361162,-0.022557,0.193493,-0.144564,0.192364,-0.225287,0.35671,-0.167415,0.174228,-0.103233,0.004002,-0.023758,-0.286243,-0.187135,-0.065137,0.077113,-0.148544,0.092073,-0.033994,-0.295873,0.036972,-0.323603,-0.039536,-0.216379,-0.003336,-0.006101,0.192462,0.377698,0.119815,0.194687,0.338821,0.035983,-0.018472,0.052471,-0.234451,0.501247,-0.397557,0.04951,0.148067,-0.149996,0.023916,-0.108839,-0.215126,0.012168,0.167965,0.348253,-0.007215,0.080099,-0.146643,-0.402736,-0.062144,-0.094459,-0.043716,-0.417458,-0.511322,-0.192498,#
4,0.189971,0.05464,0.244385,-0.280682,1.0,0.05166,-0.053229,-0.04784,-0.030298,-0.120599,0.31653,-0.210604,-0.072118,-0.432956,-0.173164,0.127529,0.369041,-0.128032,-0.296733,0.01199,-0.160244,-0.235638,-0.00202,-0.178473,-0.05525,-0.050363,-0.160609,-0.139907,-0.185665,-0.326943,-0.43383,-0.060814,0.224752,-0.212967,0.129253,0.170165,-0.066206,-0.032933,0.070669,0.273959,-0.128402,-0.299941,-0.158989,0.066707,-0.148393,-0.015158,-0.010316,-0.202754,0.015626,0.180209,0.104586,-0.051578,-0.135351,0.119957,-0.05106,0.179151,-0.038875,0.299598,-0.001173,0.266285,-0.190735,-0.221547,0.173108,-0.276926,-0.306321,-0.046813,0.577131,-0.074065,-0.240301,-0.253807,0.2575,0.029614,0.089848,0.131673,0.463423,-0.06998,0.001577,0.002481,0.288089,-0.158954,-0.069815,0.4252,0.149418,0.009913,0.249721,0.072069,0.066783,0.008515,0.191497,0.292175,0.092061,0.451694,0.12099,0.275222,0.178901,0.196431,0.430226,-0.001198,-0.004773,-0.21542,0.05059,0.201329,0.346471,0.113562,0.321127,-0.1033,0.247221,0.140421,0.074241,0.091154,0.015816,-0.1738,-0.004856,0.196431,-0.323224,0.451679,-0.017529,0.406449,-0.622377,-0.079715,-0.1033,-0.092463,-0.290876,0.000115,0.23657,-0.066216,-0.031323,0.011311,0.058025,-0.098307,0.187345,-0.162261,0.133265,0.124499,0.205967,0.066536,0.364796,0.104978,-0.198651,0.238454,0.063107,-0.113191,-0.00862,0.288343,-0.054364,-0.240103,0.257535,-0.219328,0.292502,-0.095781,0.187366,0.055524,-0.326283,0.269931,-0.089324,-0.154316,-0.014237,-0.034215,-0.220409,0.104978,-0.152485,-0.278149,-0.088983,0.291237,0.086817,-0.225113,-0.022137,0.045623,0.12923,0.369551,0.138512,-0.174341,0.233239,0.002483,-0.211207,0.239243,0.15907,-0.379602,-0.201208,-0.155328,-0.171651,0.492118,0.06943,-0.222684,0.078954,-0.07067,0.088669,0.187479,0.236738,-0.000935,0.373999,-0.135205,0.188479,-0.035228,-0.201941,0.273852,0.13747,0.322247,0.027342,-0.327095,#
5,0.048689,-0.067458,-0.210037,0.178236,0.05166,1.0,0.049323,0.292102,-0.095059,-0.171685,0.068499,-0.088206,-0.044881,-0.247873,-0.040368,-0.087682,0.325114,-0.086999,0.165088,-0.155957,0.112357,-0.177839,0.037213,-0.133431,-0.261904,0.393534,-0.215657,0.040024,0.22158,-0.030454,-0.326204,0.098366,-0.046899,0.150052,-0.105021,-0.028135,0.033992,-0.220939,-0.061598,0.199623,-0.352492,0.040697,-0.335818,-0.242924,-0.034322,0.166528,0.093482,-0.265097,0.096899,0.155405,0.140425,0.051397,0.313527,0.235623,0.044659,0.092369,0.11111,0.471663,-0.328255,0.054839,-0.159611,-0.047726,0.23043,0.304626,-0.245202,-0.279033,-0.026205,-0.11641,-0.115413,-0.363486,0.091399,-0.31934,0.058461,0.051739,-0.220743,0.315368,0.101157,0.173616,-0.121802,0.041227,-0.252342,-0.057508,0.215595,0.344731,0.130569,-0.224056,-0.140945,0.095462,-0.025759,-0.040379,0.056384,0.01708,-0.037221,-0.193908,0.004848,0.138373,-0.010099,-0.33035,-0.100091,-0.212965,0.285136,0.13488,0.279585,-0.13727,-0.355249,-0.304093,0.113583,0.389658,-0.387003,0.031374,0.029463,0.450167,-0.133851,-0.212431,-0.040707,-0.130596,0.168648,0.188524,-0.013827,-0.01089,0.057735,0.003386,0.106322,0.048412,-0.276207,0.105372,-0.035818,-0.248664,-0.301332,0.129647,0.027107,-0.22843,0.180272,0.005824,-0.293195,-0.035712,0.166893,0.405145,0.143964,0.282261,-0.141959,0.088326,-0.14472,0.236866,0.181824,-0.148124,0.18378,-0.046331,-0.154889,-0.239132,0.177046,-0.372064,0.417057,-0.115846,0.219422,-0.029395,-0.034332,-0.358613,-0.496986,-0.109343,-0.285013,-0.104016,0.206103,-0.31589,0.038409,-0.115087,-0.017027,-0.217851,-0.022018,-0.393571,0.044625,-0.134591,-0.149747,-0.159917,-0.029545,0.037387,-0.02443,-0.078724,-0.201564,0.066679,0.119312,-0.116774,0.193361,0.067178,0.194582,-0.285887,0.127411,-0.159917,0.009915,0.165799,0.207813,0.091803,0.033183,-0.197002,-0.001471,0.216191,-0.029186,-0.078995,-0.169432,-0.372223,#
6,0.373135,-0.042107,0.117591,-0.141123,-0.053229,0.049323,1.0,-0.23063,0.28255,0.090098,0.085245,-0.075135,0.2428,0.203338,-0.233134,0.111904,0.046295,0.288678,0.184087,0.404633,-0.252641,-0.201504,-0.027424,-0.19209,-0.047862,0.133765,-0.082876,-0.09289,0.670964,-0.108273,-0.179501,0.039354,-0.272771,-0.26869,0.038266,0.091281,0.366511,-0.088456,0.19044,0.171875,0.234925,0.132879,-0.064754,-0.142092,0.026685,-0.432332,-0.035201,-0.069335,-0.24352,0.004264,0.047943,-0.408226,0.248939,0.011912,0.346501,-0.329379,0.046063,-0.173073,0.150508,-0.23808,0.461536,0.045489,-0.050698,0.292176,0.313477,0.283774,-0.078637,0.209663,0.264261,-0.021659,0.223757,-0.055849,-0.038633,-0.741707,-0.356689,0.013688,-0.406476,-0.408103,-0.175464,-0.263639,-0.334124,-0.005552,0.095168,-0.235472,-0.333151,0.048767,-0.303114,-0.258774,-0.482381,-0.525749,-0.576169,-0.278924,-0.698061,-0.105135,-0.407469,-0.479781,-0.173557,-0.403475,-0.430857,-0.149658,0.041223,-0.141826,-0.230412,-0.319414,-0.32031,-0.584531,0.224586,-0.071936,-0.166205,-0.253308,0.22944,-0.214475,-0.226584,-0.479781,-0.086771,-0.402672,-0.147312,0.03433,0.133286,-0.333396,-0.389312,-0.10445,-0.128884,-0.143226,-0.168462,-0.156907,0.138283,0.127015,-0.222541,-0.17781,-0.209998,-0.319365,-0.016337,0.053314,0.000182,-0.493602,0.088794,-0.036283,0.314438,-0.276041,-0.325992,-0.12096,0.065803,-0.41689,-0.345274,-0.054439,-0.249705,0.496555,-0.343193,-0.533703,-0.22909,-0.475647,-0.334029,-0.231894,-0.150702,-0.152726,0.154031,0.196696,-0.245268,-0.406359,0.273854,-0.402742,0.132663,0.03237,-0.187437,0.17045,0.075598,-0.091174,-0.533893,-0.112524,0.163014,-0.102477,-0.221487,-0.219082,0.066563,-0.303637,-0.121394,0.441658,0.13273,-0.440963,0.276217,-0.049358,-0.082702,0.351754,-0.121266,-0.503143,0.106484,-0.036449,-0.07022,0.264995,-0.367368,0.207315,0.321738,0.165277,0.124382,-0.266193,-0.035662,0.024271,0.055291,0.204764,#
7,-0.344806,0.018607,-0.146859,0.257172,-0.04784,0.292102,-0.23063,1.0,-0.386422,0.021003,-0.380879,-0.323455,0.191951,-0.186348,0.289001,-0.057906,0.25052,0.08388,0.063634,-0.375405,0.288106,0.090986,0.081269,0.139779,-0.08327,0.215031,-0.210192,-0.384932,-0.177742,0.111928,-0.197992,-0.158168,0.047401,0.206241,-0.195063,-0.156819,-0.20383,-0.205555,-0.092548,0.074313,0.135397,-0.143987,-0.164676,-0.258682,0.128698,-0.016163,0.205109,-0.231091,0.073483,-0.058475,-0.104101,-0.235441,0.092194,-0.175706,-0.095544,0.013895,0.657856,-0.194719,-0.209325,0.427526,-0.246824,-0.28352,-0.156655,-0.03384,0.006519,-0.125154,0.143816,-0.205347,-0.255665,-0.13184,-0.110755,-0.117488,-0.521708,0.238701,0.013038,-0.119532,0.036965,0.105263,-0.187951,0.2364,-0.181764,-0.392319,-0.031052,0.060211,0.233934,-0.216002,0.281885,0.051633,0.238085,0.315703,0.202203,-0.17912,0.030515,-0.191409,0.11997,0.226285,-0.260846,0.149315,0.260494,-0.124074,-0.231016,0.183803,0.111207,0.103373,-0.103129,0.176463,-0.168995,-0.038052,-0.123263,0.212887,0.298169,0.039819,0.174897,0.238646,0.0234,0.168395,0.19303,-0.245272,-0.042091,0.107749,0.227627,-0.201882,0.093661,0.179982,-0.215077,-0.19652,-0.040546,-0.143266,-0.145346,-0.008372,-0.188322,0.201541,0.084549,-0.237258,-0.119005,0.274796,0.191568,0.132421,-0.107937,-0.218498,-0.30751,-0.246578,-0.356828,0.148502,-0.181952,-0.146868,0.045285,0.123872,0.096062,0.128247,-0.185196,-0.108808,0.142931,-0.088709,-0.12235,-0.39669,0.081338,0.175476,-0.085605,0.227481,-0.227012,0.226214,0.103876,-0.005295,0.22339,-0.294632,-0.480505,-0.153949,0.127856,0.204525,-0.184898,0.039359,-0.328968,-0.197185,0.086686,-0.213504,-0.154964,-0.016134,-0.05489,0.043496,-0.012419,-0.051225,0.25135,0.071417,0.005594,-0.190842,-0.023375,-0.197185,-0.197943,0.169783,-0.104623,-0.157968,-0.24176,0.01471,-0.001917,-0.045949,-0.009866,-0.12986,-0.244101,0.200872,#
8,0.168406,-0.219717,0.247662,-0.293577,-0.030298,-0.095059,0.28255,-0.386422,1.0,0.311015,0.110118,0.287684,-0.232796,0.092106,-0.004256,-0.191827,-0.513675,-0.030481,0.088877,0.375722,-0.004256,-0.03522,0.012724,0.055463,-0.012688,0.165995,0.0472,0.168134,0.166413,-0.326624,-0.193361,0.388424,0.22672,-0.00911,-0.06759,-0.221395,0.321692,0.287956,0.07863,-0.152926,0.198255,0.208865,-0.17248,-0.122357,0.010329,-0.158374,-0.100162,0.360756,0.119739,-0.225063,-0.258833,-0.221427,0.504193,0.111097,0.211522,0.055427,-0.42888,-0.107419,-0.021239,-0.083521,0.166991,-0.056482,-0.061423,0.19791,0.284098,0.23827,-0.093608,0.275405,0.458178,0.073235,-0.024245,0.199238,0.253186,-0.036394,-0.21227,-0.109399,0.138651,-0.031665,0.103488,0.1767,0.074048,0.037189,0.148308,-0.177864,0.056542,0.370244,-0.454813,-0.179636,0.203241,-0.545563,0.098429,0.028655,-0.070843,0.03344,-0.049115,0.038379,-0.031407,-0.198433,-0.216649,-0.047684,-0.155307,0.186312,0.002909,-0.050498,0.262624,-0.288681,0.070691,-0.052997,0.063752,-0.116018,0.051036,-0.171009,-0.025685,-0.159807,0.312879,-0.1769,0.007278,0.067714,-0.193044,-0.115831,0.093834,0.113166,0.389804,-0.232505,-0.278886,0.287262,0.461746,-0.091099,0.179553,0.235562,0.320351,-0.154726,-0.262659,-0.090478,0.155389,0.06818,-0.220081,0.277279,0.218177,0.375117,0.029105,0.205916,-0.025267,-0.195174,0.111148,-0.41856,-0.152926,-0.063776,-0.066488,-0.110686,0.338963,0.039245,-0.325964,-0.116097,0.327763,0.206125,0.245024,0.207712,-0.026393,-0.288496,0.09358,0.078677,0.115321,-0.052029,-0.321672,-0.216923,0.15914,-0.133353,-0.095959,-0.047202,-0.244656,-0.222764,-0.040694,0.14154,0.183226,0.219472,0.361086,-0.023942,0.294091,-0.087869,0.207228,0.312244,-0.495205,0.112127,-0.263882,0.116943,0.289636,0.155942,-0.256319,-0.217468,0.098399,0.014134,-0.010536,0.171906,0.102985,-0.061869,-0.355665,-0.264038,0.308166,-0.14914,#
9,-0.140623,-0.05118,0.328928,-0.230275,-0.120599,-0.171685,0.090098,0.021003,0.311015,1.0,-0.27173,-0.264676,0.237521,0.424358,-0.20259,-0.026442,-0.576754,0.504186,-0.086132,0.171484,-0.032028,-0.010073,0.333426,0.205038,0.031533,-0.060789,-0.227595,-0.158514,0.04177,0.351729,0.016354,-0.121157,0.115313,0.015685,-0.122716,0.061747,0.298362,0.070303,0.078102,-0.268144,0.445954,0.01785,-0.061855,-0.332247,0.152022,-0.43034,0.006299,0.359895,0.301763,-0.150049,-0.280144,-0.403433,0.422733,-0.23188,0.04299,0.023639,-0.141883,-0.449142,-0.031979,0.337214,0.344015,-0.053447,-0.494074,-0.091888,0.336363,0.246615,0.083904,0.027542,0.144549,0.176867,-0.169098,0.310896,-0.436189,0.031772,-0.090541,-0.273778,0.031756,-0.344106,0.07826,0.344724,-0.071085,-0.248149,-0.235012,0.36161,-0.291203,0.133352,-0.08621,-0.135398,-0.154087,-0.142869,0.085784,0.128685,-0.290075,-0.04959,-0.306459,0.206085,-0.634229,-0.011143,0.245429,-0.328608,-0.550666,-0.207857,-0.253645,0.230468,0.210554,-0.117348,-0.054632,-0.626169,0.413712,-0.250539,0.357384,0.183103,-0.191813,-0.210043,-0.022553,-0.444338,0.052546,0.027983,0.239116,-0.151905,-0.243327,-0.097251,-0.001727,-0.198037,-0.267333,0.517946,0.5897,-0.013282,-0.031737,-0.361519,0.195562,0.193481,-0.60013,0.02122,-0.153635,-0.199535,0.013005,0.321245,-0.26789,-0.017249,0.132899,-0.199332,-0.26918,-0.490322,-0.180103,-0.253832,-0.268144,0.345107,-0.11455,-0.182932,-0.236475,0.185322,-0.101314,-0.511446,0.207696,-0.381762,0.731476,0.572519,0.041017,-0.496668,-0.22314,0.131579,0.07419,0.105187,0.068178,0.187259,-0.132114,-0.219938,0.352275,-0.185868,-0.294155,-0.112251,-0.216592,-0.314192,0.423785,-0.322393,0.087305,-0.155401,0.371608,-0.411517,0.651736,0.257805,-0.617842,-0.156231,0.076951,-0.049742,0.217501,0.027465,-0.746085,0.006878,-0.296171,-0.652116,-0.179169,0.364943,-0.097006,-0.072982,0.153579,-0.075238,0.341186,0.444739,#
10,0.533625,0.045432,0.043494,0.062182,0.31653,0.068499,0.085245,-0.380879,0.110118,-0.27173,1.0,0.131499,-0.052409,0.081052,-0.156687,-0.018769,0.226497,-0.166902,0.177495,0.326134,0.008584,-0.236245,-0.179066,-0.374642,-0.059796,0.304523,0.034815,0.381061,0.155636,-0.326743,-0.071464,0.001179,0.066431,-0.21992,-0.048474,0.370512,-0.300101,0.343647,-0.107785,0.275632,-0.327967,-0.302943,0.014686,0.152512,-0.160846,0.170254,-0.022299,0.057201,-0.15908,0.188578,0.300413,0.141619,0.082988,0.077805,-0.029298,0.168887,-0.231274,0.482682,-0.023035,-0.319729,-0.194263,-0.04453,0.185198,-0.364779,-0.441908,-0.03453,0.135721,0.283937,-0.278118,-0.215417,0.255696,0.06007,0.45965,-0.020377,-0.031614,-0.025227,-0.019557,-0.04,0.118309,0.014984,0.099612,0.22129,-0.057117,-0.008912,0.074516,0.213594,-0.105173,-0.013542,0.03678,0.12778,-0.274019,0.229438,-0.047064,0.018662,0.137364,0.040651,0.415593,-0.373554,-0.210624,0.178507,0.220462,0.017865,0.178676,-0.209578,0.029283,-0.275591,0.232723,0.143745,-0.108387,0.268956,-0.336409,-0.172827,-0.368866,0.040651,-0.012797,0.262198,-0.199391,0.2136,-0.289248,-0.064671,-0.076706,0.358537,-0.132104,-0.020905,0.01943,0.103749,-0.226125,-0.002838,-0.164383,-0.095657,0.149647,-0.328727,0.270654,-0.226476,0.374097,-0.082123,0.375621,-0.111828,-0.109393,0.217914,0.042031,0.206442,0.509893,0.28692,0.106478,-0.072259,-0.152982,-0.150873,-0.060321,-0.094725,0.516705,0.039506,-0.074948,-0.103962,0.093379,0.036575,-0.495805,-0.224909,-0.238372,0.11474,0.002869,-0.079862,0.125327,-0.377365,0.156277,-0.241266,0.1619,-0.127185,-0.097986,0.17429,0.126099,-0.02761,0.225549,0.166287,-0.217386,0.397689,-0.046081,-0.040215,-0.229044,0.005678,-0.330108,0.150613,0.233246,-0.063696,0.072351,0.092415,0.19219,0.517016,0.480013,0.183546,0.323069,0.026684,0.157465,-0.208418,0.130658,-0.059858,-0.201408,-0.086092,-0.153134,-0.513885,#
11,-0.153101,0.286474,-0.129786,0.247888,-0.210604,-0.088206,-0.075135,-0.323455,0.287684,-0.264676,0.131499,1.0,-0.255464,-0.074774,0.015195,-0.195084,0.039869,-0.172642,-0.139915,0.021897,0.186822,-0.133123,-0.179066,0.03569,-0.072488,-0.042265,0.194263,0.34499,-0.012469,-0.102532,0.11263,0.130204,0.066431,-0.012649,0.112639,-0.025294,-0.133616,-0.090527,0.178235,-0.152982,-0.181041,0.219825,-0.175782,0.101298,-0.341071,0.511988,-0.288033,-0.00474,0.082621,0.172558,-0.267038,0.329678,-0.200157,0.401846,0.246863,-0.145415,-0.223632,0.116988,-0.378738,-0.391517,-0.36937,-0.251057,0.302626,0.272091,0.285614,0.048817,-0.32703,0.439503,0.360198,0.005177,0.007134,-0.312067,0.275333,0.150953,0.114558,-0.059797,0.172019,0.330343,0.111571,-0.140669,-0.071878,-0.105376,0.287769,-0.00971,-0.076021,-0.118473,-0.105912,-0.194753,0.392343,-0.050712,-0.080932,-0.150898,-0.047064,0.017792,0.157068,0.216142,0.474562,-0.030924,-0.026564,0.349912,0.233871,0.228227,0.152788,0.134029,-0.206469,-0.091438,0.212626,0.123708,-0.08957,0.082532,0.011899,-0.374728,0.157162,0.040651,-0.161941,-0.162341,0.222849,0.041294,-0.182351,0.089289,0.114813,0.123002,0.055641,-0.164713,0.174046,-0.068288,-0.034981,-0.467816,0.036731,0.416089,0.169234,0.034328,-0.079816,-0.070838,-0.034455,0.259683,-0.221893,-0.084018,0.218326,-0.11533,0.232745,0.05185,0.489405,0.22966,0.609033,-0.320552,-0.152982,-0.221451,0.08913,-0.094725,0.515912,0.233249,0.126581,0.071615,0.118546,0.382795,-0.250727,-0.21351,0.378554,0.093473,0.009618,0.102824,-0.078722,-0.107857,-0.525244,-0.229911,0.362178,0.043714,0.122306,-0.222595,0.293034,0.358858,-0.042743,0.165494,0.178304,0.224626,0.346772,0.326544,-0.061224,0.590938,-0.312604,0.132782,0.215047,-0.225702,0.076576,0.294246,-0.123036,-0.020187,0.319074,-0.01924,0.322066,0.458096,-0.019717,-0.03767,-0.061961,0.129779,-0.208137,-0.114976,0.048192,-0.333312,#
12,0.209064,0.321726,0.283789,-0.262213,-0.072118,-0.044881,0.2428,0.191951,-0.232796,0.237521,-0.052409,-0.255464,1.0,0.648043,-0.019098,0.297763,-0.11975,0.487862,0.333923,0.195684,0.150489,0.134708,0.524322,0.08659,-0.071973,-0.235442,0.121215,0.012966,0.367073,0.253509,-0.054542,0.011024,-0.100333,0.141436,-0.149492,0.143673,0.175177,-0.001594,-0.046432,0.132013,0.017213,0.099557,0.083975,-0.226915,-0.155899,-0.509256,0.499446,0.28842,-0.03808,0.14838,0.227893,-0.287377,0.079776,-0.219913,-0.173792,-0.143622,0.346566,-0.386151,-0.043431,0.124544,0.318957,-0.298032,-0.234596,0.324667,0.333276,0.023239,-0.203304,-0.07323,0.003938,0.133841,-0.112056,0.265852,-0.384228,-0.281528,-0.282595,0.142214,-0.349192,-0.207973,-0.139163,0.036741,0.037422,-0.380346,-0.442576,-0.041412,-0.188158,0.112173,-0.031275,-0.032685,-0.127866,0.064987,-0.419813,0.088845,-0.292576,-0.33924,-0.215156,-0.138963,-0.391349,-0.241201,0.126272,-0.460906,-0.271267,-0.303077,-0.156763,0.037956,0.069004,-0.018822,-0.078433,-0.244485,-0.028204,-0.216688,0.20848,-0.152172,-0.222461,-0.131448,0.178881,-0.345872,-0.076307,-0.058951,0.117093,-0.178313,0.012285,-0.189337,-0.247942,-0.296446,-0.36195,0.026754,0.257099,0.091153,-0.146232,-0.378274,-0.022228,-0.162078,-0.284131,0.226556,0.176497,-0.028318,0.142234,0.000455,0.205596,-0.257546,-0.407392,0.10776,-0.074896,-0.380802,-0.307427,0.101226,-0.326856,0.47367,-0.323924,0.014919,-0.384566,0.061691,0.056229,-0.204636,-0.009872,-0.302074,0.360036,0.121779,-0.084149,-0.18869,0.173968,-0.00412,0.073793,0.138814,0.433962,0.205276,0.161215,0.302145,-0.227163,-0.061574,-0.13941,-0.086887,-0.591057,-0.193232,-0.084008,-0.226468,-0.264409,0.11478,0.059188,-0.365444,0.156238,-0.072341,0.240514,0.050895,0.27464,-0.153531,0.225156,0.182256,-0.217452,0.348281,-0.220032,-0.327585,-0.054767,0.394964,0.085819,0.09774,0.228503,0.023077,0.168931,0.413805,#
13,0.179731,0.076924,0.296258,-0.283487,-0.432956,-0.247873,0.203338,-0.186348,0.092106,0.424358,0.081052,-0.074774,0.648043,1.0,-0.036272,0.131357,-0.492202,0.36899,0.334702,0.378854,0.13544,0.10755,0.322636,0.101679,0.123643,-0.07293,0.321897,0.357594,0.331972,0.268898,0.380755,0.231986,-0.30659,0.158878,-0.321782,-0.053314,0.154135,0.390913,0.163273,-0.325232,0.191769,0.408355,0.047576,-0.07026,-0.191463,-0.505971,0.282751,0.502778,-0.207357,-0.058088,0.040219,-0.288655,0.282987,-0.428749,-0.210127,-0.182416,-0.049838,-0.430234,-0.075717,-0.205518,0.507696,0.071308,-0.41119,0.210858,0.395963,-0.025318,-0.193627,-0.110706,0.176307,0.092132,-0.154931,0.312436,-0.234334,-0.264055,-0.445574,0.134617,-0.217772,-0.058112,-0.130974,0.191172,-0.009784,-0.44712,-0.452519,0.137286,-0.228047,0.258691,-0.06186,-0.025787,-0.110255,-0.093637,-0.407612,0.042904,-0.293246,-0.17116,-0.26597,-0.121495,-0.39435,-0.229194,0.18368,-0.256599,-0.316027,-0.350643,-0.338845,-0.117178,0.018219,-0.001597,-0.067283,-0.447109,0.124834,-0.201992,0.075431,0.035018,-0.410179,-0.113885,0.317768,-0.566302,-0.061615,-0.241297,0.465944,-0.170364,0.029899,0.043099,0.092339,-0.363084,-0.391172,0.187916,0.228,0.069734,-0.142311,-0.384785,-0.070068,-0.144903,-0.339358,0.028704,0.130562,-0.194704,-0.056147,-0.047701,0.157404,-0.310047,-0.092831,0.255305,0.119329,-0.41121,-0.301542,0.11416,-0.325232,0.472413,-0.318148,0.027327,-0.236917,0.302612,0.069122,-0.403894,-0.059582,-0.108217,0.353919,0.116543,0.175157,-0.381079,0.123468,0.01329,0.263878,-0.152827,0.165977,0.345781,0.151136,0.123898,-0.217783,-0.261719,-0.348146,-0.109916,-0.334577,-0.244372,0.081496,-0.224238,-0.062718,0.287147,0.18882,-0.366007,0.316724,-0.265358,-0.170848,-0.006837,0.095539,0.047818,-0.003514,0.337097,-0.392309,0.11814,-0.272016,-0.375359,-0.111792,0.366577,0.213962,-0.236448,0.047601,-0.168005,0.378364,0.438198,#
14,-0.002693,-0.321295,-0.335529,0.117258,-0.173164,-0.040368,-0.233134,0.289001,-0.004256,-0.20259,-0.156687,0.015195,-0.019098,-0.036272,1.0,-0.19503,-0.077232,-0.174788,-0.008053,0.140613,0.367355,0.025935,0.069767,0.436194,-0.010885,0.162199,0.619593,-0.024736,-0.084628,-0.046267,-0.073948,0.160874,0.335942,-0.08315,-0.240383,-0.454971,-0.206475,-0.035117,-0.105776,-0.230071,0.035636,0.298261,0.057526,0.168898,0.253083,-0.186158,0.179955,0.061837,-0.059232,-0.049336,-0.015228,0.202514,0.050391,-0.156149,-0.232828,0.380992,0.168436,-0.007451,-0.105802,0.282008,0.100889,0.102407,-0.106874,0.076859,-0.017719,-0.311351,-0.058172,-0.229852,0.066147,-0.063782,-0.082522,-0.199757,0.00668,0.165167,-0.284389,0.052922,-0.135426,0.445676,-0.392327,0.458932,0.175611,-0.273254,-0.168291,-0.109764,0.060886,0.1872,0.434183,0.040307,0.44741,-0.113653,-0.172517,0.055693,0.218627,-0.133729,0.098954,0.100172,-0.231961,-0.106055,-0.034867,-0.056095,-0.153208,0.087164,0.045517,-0.386126,0.164067,0.368779,-0.333332,0.181299,0.203198,0.200564,-0.181623,0.026761,0.245434,0.107013,0.529431,0.038246,-0.023302,-0.353785,-0.011922,-0.351667,0.220811,-0.253292,0.358906,0.177108,-0.067377,-0.193531,0.20276,0.294582,0.040427,0.078693,-0.081322,-0.074698,-0.214549,-0.186439,-0.013338,0.243986,-0.43913,0.196356,0.288966,0.008381,-0.210256,0.371781,-0.135532,0.249,-0.216197,-0.055065,0.171589,0.013607,-0.0652,0.384155,-0.073316,-0.091708,0.177393,0.397322,-0.14281,0.091302,0.149222,-0.012584,-0.034867,0.386478,0.142336,0.205869,-0.05075,-0.254954,0.106509,-0.068255,-0.040006,0.015759,-0.06252,-0.06374,-0.539963,-0.003572,-0.178587,0.261887,0.110313,-0.346574,0.122236,-0.161421,0.210813,0.006007,-0.133376,-0.013472,0.254602,0.116056,-0.058654,-0.226718,0.147848,-0.079933,-0.058397,-0.086103,0.066741,0.061019,0.082976,0.128538,-0.110928,0.189848,-0.131982,-0.377284,-0.003263,-0.098223,#
15,0.030147,0.046191,-0.11617,-0.124233,0.127529,-0.087682,0.111904,-0.057906,-0.191827,-0.026442,-0.018769,-0.195084,0.297763,0.131357,-0.19503,1.0,0.213111,0.08262,-0.073868,0.170464,-0.347802,0.231049,0.172776,-0.177472,-0.024685,-0.034526,-0.132204,0.046301,0.183561,-0.102174,0.244564,0.003039,0.026807,0.202541,0.07948,0.172564,0.092864,0.105389,-0.092538,0.27556,0.18712,-0.092125,0.241666,0.269142,-0.354267,-0.183755,0.404682,0.098245,0.00224,0.173141,0.286628,-0.231827,-0.125174,-0.028232,0.201226,-0.193589,-0.03226,-0.277304,0.172324,0.257263,-0.045604,0.131366,-0.005339,0.21696,-0.126929,-0.351797,0.117893,-0.084173,-0.417213,0.03955,-0.014477,0.341484,0.282915,-0.053106,0.114895,0.205628,0.008548,-0.373767,0.439344,0.004929,0.102457,0.07713,-0.216238,0.163928,0.416503,-0.121884,0.051523,-0.362446,-0.1611,0.277552,0.072942,0.217791,-0.228528,0.018222,-0.361853,-0.158586,0.166445,0.134026,0.162541,-0.012232,0.04271,0.211296,-0.164491,0.445705,0.263274,0.061598,0.396873,-0.030033,0.060952,-0.46565,0.166659,-0.172782,0.147265,0.023876,-0.181283,0.030417,0.168221,-0.11515,0.114599,0.187363,0.093509,0.14863,-0.129355,0.115887,0.160401,0.106602,-0.057107,0.292723,0.118403,-0.089199,-0.003916,-0.170884,0.131194,0.556965,0.185451,-0.098108,-0.030375,-0.46669,0.141955,0.050895,0.063737,-0.299768,-0.183491,-0.374267,-0.047214,0.307788,0.259079,0.16456,-0.245756,-0.116034,-0.174769,-0.161944,-0.074928,0.05725,-0.112457,0.400042,0.04377,0.018105,0.162541,-0.094218,0.229344,-0.083494,0.394057,-0.107152,0.269457,0.084511,-0.012698,0.4009,-0.327004,-0.024146,0.09303,0.162593,-0.032989,-0.006299,-0.250295,0.073732,-0.239022,0.299984,-0.250494,-0.083114,0.142023,-0.032359,0.014847,0.25852,-0.121972,0.118759,0.155465,0.179333,0.163868,-0.038709,-0.103657,-0.375557,-0.03788,-0.008771,0.1353,0.119213,0.261202,0.10328,0.459014,0.369619,#
16,-0.072601,0.032743,-0.184164,0.33521,0.369041,0.325114,0.046295,0.25052,-0.513675,-0.576754,0.226497,0.039869,-0.11975,-0.492202,-0.077232,0.213111,1.0,-0.08979,-0.079035,-0.089446,-0.246378,-0.206817,-0.2398,-0.141298,-0.188319,0.356144,-0.061234,-0.07163,0.12959,-0.298925,-0.156023,-0.120872,-0.007837,0.031067,0.238806,0.228065,-0.349653,-0.102708,-0.044821,0.313608,-0.265894,-0.355512,-0.001769,0.218205,-0.102557,0.382314,-0.149968,-0.702939,-0.196497,0.149288,0.254139,0.053859,-0.338141,0.21746,0.238051,-0.049905,0.359472,0.260073,-0.06471,-0.062582,-0.460606,-0.178274,0.30346,-0.129422,-0.457127,-0.335336,0.391277,0.031856,-0.418719,-0.322979,0.226511,-0.27541,0.150031,0.021789,0.190173,-0.097971,0.107774,0.080481,0.051874,-0.083017,-0.128036,0.32321,0.353003,0.094881,0.156797,-0.181885,0.311142,-0.102646,-0.11019,0.37206,-0.051115,0.001789,0.027788,-0.041294,0.289379,0.078603,0.492051,-0.084006,-0.10212,0.218126,0.175749,0.276803,0.258227,0.051874,-0.246643,-0.249604,0.335744,0.376187,-0.036241,0.133385,-0.116815,-0.136495,0.289552,0.26484,-0.416271,0.295509,0.036349,0.130993,-0.178836,0.215931,-0.046936,0.190496,-0.38699,0.257813,0.190493,-0.31422,-0.488196,-0.037649,-0.049886,0.14083,-0.055431,-0.109434,0.567571,0.045334,0.138941,-0.029006,0.42745,-0.238996,-0.222655,-0.005734,-0.018784,-0.21112,0.205995,0.445837,0.198537,0.120102,0.281211,-0.18668,0.028662,-0.299136,0.094508,-0.223004,0.163236,0.130158,-0.161357,0.066344,-0.479111,-0.432632,-0.10212,0.332453,-0.046261,-0.032456,0.197416,-0.14282,0.015451,-0.311866,0.023616,-0.01793,-0.065459,0.229794,0.416169,0.246293,0.26967,0.1086,-0.374739,0.147789,-0.199255,0.214429,-0.478072,0.261246,-0.425003,0.050428,0.504009,0.059975,-0.166019,-0.137145,0.0479,0.115617,0.570373,0.049688,0.287339,0.317402,-0.050089,-0.305674,-0.118394,0.180745,0.199661,0.221255,-0.245525,-0.278503,#
17,-0.313482,0.191599,0.180228,0.042223,-0.128032,-0.086999,0.288678,0.08388,-0.030481,0.504186,-0.166902,-0.172642,0.487862,0.36899,-0.174788,0.08262,-0.08979,1.0,-0.201345,0.201564,-0.155609,-0.259698,0.244155,0.152804,0.035657,0.044391,0.004291,-0.196874,0.223108,0.055637,-0.004822,-0.281983,-0.03194,0.062002,-0.130483,0.132927,0.125012,-0.092658,0.129149,0.094644,0.014029,-0.209297,-0.038671,-0.235835,-0.029584,-0.245324,-0.076462,0.076983,0.513188,-0.023286,0.065007,-0.289089,0.210075,0.023705,0.104879,-0.037027,0.216163,-0.346959,0.021591,0.078969,0.282501,-0.129834,-0.218037,0.039653,0.321591,0.225686,0.11692,0.054617,0.145535,-0.045088,-0.2158,-0.011495,-0.4562,-0.143469,-0.157263,-0.216042,-0.174715,-0.35722,-0.08442,0.175618,-0.274566,-0.222373,-0.175184,0.366058,-0.374959,0.028008,-0.254414,-0.031594,-0.367379,-0.191893,-0.074536,-0.006152,-0.452616,-0.222544,-0.38065,-0.028534,-0.36475,-0.016348,0.240333,-0.416961,-0.587747,-0.352094,-0.197963,0.095572,-0.213733,-0.304812,0.312355,-0.328062,0.29216,-0.012761,0.33996,-0.03892,-0.015682,-0.175617,-0.096048,-0.297123,-0.34028,-0.085846,0.132267,0.052613,-0.231499,-0.1315,-0.344229,-0.505326,-0.440752,0.12363,0.100823,0.058476,-0.299662,-0.244862,0.036527,-0.026849,-0.480788,-0.088754,-0.122938,-0.242647,0.385509,-0.065537,-0.308703,-0.19049,-0.389023,-0.16664,-0.010138,-0.35504,-0.017855,-0.099863,-0.268043,0.602517,0.053597,-0.146572,-0.20061,-0.010447,0.043114,-0.300184,-0.097197,-0.186957,0.338398,0.339379,0.026183,-0.322612,-0.143548,0.054236,-0.067274,0.368532,0.094033,0.088781,-0.119761,-0.190845,0.008493,0.017929,-0.124285,0.05898,-0.257679,-0.160412,0.033653,-0.233627,-0.148454,0.055911,-0.068759,-0.156414,0.417671,0.199192,-0.115946,-0.047505,0.401109,-0.257169,0.155087,0.236129,-0.527965,0.373787,-0.146495,-0.29283,-0.174013,0.193858,-0.264379,-0.156009,0.360214,0.035552,0.056957,0.399056,#
18,0.367009,-0.126537,0.273076,-0.142771,-0.296733,0.165088,0.184087,0.063634,0.088877,-0.086132,0.177495,-0.139915,0.333923,0.334702,-0.008053,-0.073868,-0.079035,-0.201345,1.0,0.160166,-0.021492,0.294895,0.2514,0.103046,-0.043355,0.091834,0.025871,0.352275,0.520729,-0.02131,-0.017347,0.400114,-0.190191,0.16669,-0.146856,0.104861,-0.037402,0.321139,-0.382842,0.142089,0.030912,0.01596,0.230141,-0.272892,-0.029827,-0.160635,0.155886,0.081872,-0.401381,-0.102726,0.282342,-0.108237,0.306856,-0.261626,-0.26306,0.162199,0.121786,-0.132622,0.20644,-0.200281,0.241644,-0.229425,-0.041396,0.123033,-0.150348,0.090021,-0.448451,-0.014605,0.022066,0.283351,-0.092654,0.17919,0.025162,-0.42517,-0.333622,0.012487,0.088369,-0.011252,-0.302179,0.079543,0.473792,-0.096778,0.01602,-0.493428,-0.006885,0.288477,0.060091,-0.089394,-0.152103,-0.064102,-0.262699,-0.001169,0.10879,-0.369848,0.314053,-0.165623,-0.207104,-0.130873,-0.42538,-0.025713,0.08694,-0.027652,0.120697,-0.253482,0.141755,-0.097315,-0.412292,0.008757,-0.185905,-0.12427,-0.258292,0.077161,-0.168719,0.027017,0.456718,-0.115382,0.025677,0.115049,0.189593,-0.203091,0.318216,0.1906,0.163212,-0.108549,-0.307213,0.119106,0.133071,0.010096,0.338848,0.137931,-0.025085,-0.161112,0.336212,-0.060797,0.313327,0.176721,-0.055725,0.218664,0.241861,0.069616,-0.316049,0.257865,0.065852,-0.063893,-0.011196,0.173845,-0.209782,-0.001882,-0.449894,-0.01257,0.021392,-0.161109,0.219879,-0.268495,0.177873,-0.191225,-0.111631,-0.208321,-0.25334,-0.093927,0.468311,0.079853,0.230792,-0.312833,0.057975,0.055948,0.32661,0.108984,-0.26045,-0.007172,-0.178155,-0.27181,-0.181238,0.223441,-0.171537,0.190923,-0.225801,0.231437,0.158975,-0.121658,-0.128077,-0.249486,0.135852,0.231866,-0.297538,0.039957,0.346865,0.206504,0.106454,-0.239459,-0.040695,0.0019,-0.161435,0.167161,0.459208,-0.001011,-0.376457,-0.110203,-0.081965,-0.149994,#
19,0.364706,-0.198335,0.024445,-0.14249,0.01199,-0.155957,0.404633,-0.375405,0.375722,0.171484,0.326134,0.021897,0.195684,0.378854,0.140613,0.170464,-0.089446,0.201564,0.160166,1.0,-0.163746,0.103531,0.254684,0.16368,-0.132597,0.030548,0.373806,0.0284,0.592892,-0.189794,-0.128333,0.119102,0.178298,0.034731,0.082252,0.014052,0.198884,0.246438,0.18505,0.164826,0.308493,0.045231,0.086407,-0.120198,0.071681,-0.293875,0.087105,0.468482,-0.153959,-0.202849,-0.0177,-0.181975,0.184761,-0.121843,0.036845,0.150321,-0.173194,-0.033199,0.077972,-0.075431,0.299453,0.073093,-0.140117,0.149836,-0.056837,-0.209694,0.085063,0.252724,0.046544,0.024546,0.099498,0.306974,0.330116,-0.312669,-0.358637,-0.020056,0.106382,-0.066797,0.076995,0.192345,-0.010786,0.089574,-0.313076,-0.058545,-0.076456,0.513275,-0.1126,-0.363238,-0.069923,-0.226968,-0.549386,0.292989,-0.219767,-0.40474,0.069826,-0.066146,-0.002605,-0.273884,-0.31321,-0.111118,-0.199168,0.248826,-0.186791,-0.239843,0.322643,-0.395343,0.200569,0.000107,0.277716,-0.225236,-0.122227,-0.070775,0.079685,-0.059156,0.296594,-0.269858,-0.079966,0.031576,0.258004,-0.174028,-0.175273,0.054029,0.004666,-0.184196,-0.137482,0.18549,0.124722,0.287819,-0.042629,0.102891,0.246949,-0.42,-0.265422,0.161293,0.081262,-0.068568,0.06137,0.14903,0.090193,0.136569,0.039642,0.180555,0.052624,-0.075307,-0.114246,-0.147747,-0.17993,0.217999,-0.245865,-0.19776,-0.073904,-0.020443,0.042568,-0.384268,-0.058827,-0.063701,0.165384,0.07857,-0.117477,-0.365765,0.416159,-0.029125,0.294524,-0.296688,-0.106086,-0.103981,0.276689,-0.021131,-0.200426,0.063458,-0.108174,-0.27778,-0.082735,-0.077505,0.08556,-0.113395,0.084911,0.177637,0.15343,-0.252593,0.158292,0.182359,-0.268022,0.233149,-0.137303,-0.390451,0.358491,0.299431,-0.173671,0.052407,-0.050599,-0.241542,-0.065965,0.114547,0.23542,0.124106,-0.218184,-0.343732,0.471575,-0.056937,#
20,-0.020648,0.166962,-0.173146,0.261664,-0.160244,0.112357,-0.252641,0.288106,-0.004256,-0.032028,0.008584,0.186822,0.150489,0.13544,0.367355,-0.347802,-0.246378,-0.155609,-0.021492,-0.163746,1.0,0.067088,0.240322,-0.155833,-0.005095,-0.17578,0.271446,0.108692,-0.262356,-0.069899,-0.027536,-0.028354,0.348471,-0.047181,-0.437316,-0.447838,-0.058148,-0.274552,0.184691,-0.230071,0.035345,0.195998,-0.313186,0.031977,0.070421,-0.012692,0.219455,0.1934,-0.024293,-0.034335,-0.370557,0.423663,0.209188,0.087402,0.059178,0.083219,-0.048157,0.17034,-0.4653,-0.010405,-0.095559,0.087784,-0.12063,0.073433,0.308609,0.025618,-0.266324,-0.042938,0.244694,-0.028766,-0.377434,-0.059948,-0.165494,0.345504,-0.259333,0.042988,-0.12245,0.453405,-0.208837,-0.012499,-0.173851,-0.273254,-0.158025,0.063396,0.076658,0.019418,-0.024365,0.18312,0.470437,-0.109715,0.015666,0.077867,0.066783,0.072837,0.09665,0.284887,-0.222014,-0.246026,-0.033515,-0.223146,0.173257,0.103611,0.070748,-0.060001,-0.049757,0.026977,-0.16308,0.025072,-0.273254,0.00901,0.004748,0.01889,-0.227264,0.107013,0.365905,-0.149624,0.143327,-0.203797,-0.187386,-0.014357,0.220811,-0.253292,0.034917,0.147074,0.078462,-0.192729,0.05675,-0.387705,-0.318919,-0.065177,0.094685,0.089499,-0.220489,-0.330843,-0.024124,0.259953,-0.073016,0.372926,0.333715,-0.150266,-0.203438,0.340142,-0.012656,0.195924,-0.208854,-0.318404,-0.230071,-0.211917,0.109731,0.166512,0.108312,0.076972,-0.031607,0.051385,0.054393,-0.229213,0.148008,-0.184998,-0.22507,0.220669,-0.131482,-0.139936,-0.05075,-0.252974,0.082472,-0.100603,0.137251,-0.150354,-0.045344,-0.246397,-0.090774,-0.062788,-0.416039,-0.06292,0.483592,-0.193044,0.147678,-0.183358,0.359272,0.179863,-0.182056,-0.193874,0.2311,-0.080571,0.225062,-0.061306,-0.147731,-0.089214,-0.205194,0.274119,0.076516,0.027625,0.037813,0.160114,-0.137865,-0.162133,-0.156578,-0.553829,-0.319511,-0.097832,#
