0,1.0,0.163114,0.082078,-0.203383,0.342826,0.001578,0.193562,0.030074,0.247847,0.060459,-0.154677,0.202231,0.488472,0.399197,-0.123397,-0.197905,-0.100933,0.161903,0.200617,-0.149399,-0.240384,-0.129646,0.402775,-0.168129,-0.226226,-0.303695,-0.149533,-0.058791,0.28833,0.385815,-0.336308,-0.100023,-0.07514,-0.252585,-0.088144,-0.013388,-0.145476,0.16997,0.126225,-0.061893,0.162648,0.278019,-0.011304,0.065655,-0.189791,-0.413395,0.419882,0.368339,-0.321571,0.055566,0.00765,0.12377,0.049489,0.00901,-0.138829,0.10435,0.067527,-0.110857,-0.232566,-0.003606,0.222093,0.176234,0.059769,-0.122087,0.084073,0.442864,0.014267,0.205252,0.237006,-0.062604,0.231246,-0.092356,-0.157377,-0.164056,-0.248623,0.39619,-0.059915,-0.169421,0.012034,0.105257,-0.362875,-0.109828,-0.132666,0.279332,-0.128083,-0.019782,-0.103223,-0.068735,0.203306,-0.279953,-0.426066,-0.106747,-0.311846,0.306408,0.064213,-0.302376,0.094951,-0.025009,0.126525,-0.360025,0.104421,-0.347056,0.093025,-0.076793,-0.2545,0.088417,0.067827,-0.017904,-0.390292,0.029233,0.332508,-0.039814,-0.084335,-0.280619,-0.287328,-0.347056,-0.301056,-0.012632,0.22537,-0.503968,-0.038948,-0.479974,-0.252234,-0.261449,-0.134358,0.071941,-0.394956,-0.061954,0.010888,-0.277265,-0.100226,-0.085833,-0.162697,0.14256,-0.365959,-0.282085,0.189521,-0.24223,-0.123124,-0.127017,-0.024625,-0.3461,-0.407394,-0.160135,-0.145128,-0.017182,-0.400202,0.294689,-0.121987,-0.130122,-0.249762,-0.407245,-0.036342,-0.118863,-0.320763,-0.029683,0.427269,0.292225,-0.225193,-0.028369,-0.220216,0.035623,-0.282886,-0.05226,-0.001341,-0.253755,0.129728,0.158386,-0.079263,-0.231186,-0.015787,0.183481,-0.115929,0.012098,0.331837,-0.022728,0.069679,0.076906,0.383709,-0.498712,-0.016223,-0.002429,-0.337009,-0.019831,0.504246,0.096436,0.244304,0.311064,-0.316728,0.445834,0.092048,-0.156816,0.322852,0.423177,-0.020578,0.119026,0.365764,-0.315495,-0.258222,0.014377,#
1,0.163114,1.0,0.048518,-0.211742,0.158768,-0.126819,0.261535,0.187117,0.172356,0.390621,-0.130355,0.167619,0.213053,0.106759,0.234791,0.020793,-0.266505,0.370361,0.228623,0.264901,-0.033082,0.398183,0.105101,0.178793,-0.253016,0.18067,0.351291,0.08336,0.211088,0.401572,-0.554977,0.269206,0.189885,0.301365,-0.019749,-0.088051,0.10312,-0.003057,-0.113459,-0.219564,-0.13063,0.523596,0.157329,0.035156,-0.210271,-0.490497,0.37317,0.431202,0.045621,0.207445,0.227871,-0.231028,-0.094826,0.036494,0.09603,0.092986,-0.38569,-0.20582,-0.199371,0.009443,-0.024466,0.262352,-0.218236,0.39238,0.066688,0.023223,0.215459,0.19531,0.028544,-0.125895,-0.062614,-0.254378,0.099021,-0.048458,-0.139517,0.16912,-0.230997,-0.177198,-0.17159,-0.398435,-0.231714,-0.133112,-0.292626,0.073614,-0.361881,-0.008298,-0.140298,0.100332,0.008587,0.021154,0.078414,-0.153031,-0.323512,0.266954,-0.118278,0.236844,0.247705,-0.052169,-0.063053,-0.239447,0.013037,-0.343011,-0.599821,0.081179,-0.607508,-0.23169,-0.418998,-0.424256,-0.279106,-0.17218,0.183784,0.213485,0.041066,-0.290051,-0.126183,0.001422,-0.1689,-0.320929,0.259546,-0.249578,-0.19873,-0.024007,-0.275645,-0.362334,0.130418,-0.073922,-0.207759,-0.076946,-0.198958,-0.062949,-0.133112,-0.291581,-0.163395,0.179275,-0.200709,0.063604,-0.079693,-0.09458,-0.018379,-0.216587,-0.059889,0.005685,-0.406349,0.071031,-0.338506,-0.296552,-0.087042,0.187033,-0.337179,-0.31433,-0.085564,-0.275645,-0.038804,0.079582,-0.192749,0.013124,0.284262,0.245439,-0.101794,0.214767,-0.128986,0.038398,0.069369,0.193554,0.000642,0.401125,0.096489,0.346931,-0.234544,0.128543,-0.361781,0.07119,-0.108237,-0.145731,0.370968,0.137386,-0.095858,-0.099823,0.074728,-0.368961,0.074137,-0.06027,-0.142952,0.101466,0.010659,-0.140334,0.092363,0.06964,-0.32247,0.309088,-0.230016,0.362005,0.158367,0.031552,0.019541,-0.195106,0.360192,-0.176557,0.003479,-0.050597,#
2,0.082078,0.048518,1.0,0.265322,0.261132,-0.390057,-0.014657,-0.080305,-0.033948,0.159166,-0.234797,-0.117335,0.105235,-0.13614,-0.329241,-0.322113,-0.014225,0.058542,0.133039,-0.16775,0.110855,-0.052356,-0.098213,0.136552,-0.157062,-0.057541,0.281196,-0.54105,-0.325955,0.328843,-0.126514,0.044975,-0.112041,0.256177,-0.206133,-0.308824,0.079406,-0.123057,0.269712,-0.104126,0.090829,-0.001435,0.001672,-0.166094,-0.027412,-0.069608,-0.078013,0.264331,-0.177628,-0.276187,-0.179166,0.119365,0.016761,0.292242,-0.074944,-0.330436,-0.13949,-0.095293,-0.181848,-0.126876,-0.137174,-0.200431,-0.468114,-0.011642,-0.129488,0.053181,-0.199921,-0.191766,-0.067999,0.181465,0.086419,0.125257,0.064796,0.247375,-0.041463,0.066026,-0.153699,-0.070781,-0.10557,0.354724,0.18488,0.132201,-0.02369,0.179062,0.099575,-0.091406,-0.030059,0.223689,0.110946,-0.031181,-0.320915,-0.216638,0.094071,0.057453,-0.365087,0.018661,0.187482,0.244486,0.203528,0.031136,-0.047767,-0.016672,0.170808,0.191749,-0.214076,-0.11565,0.018625,-0.055861,0.006752,0.274429,0.13835,0.154543,-0.035358,-0.003314,0.154095,0.169852,-0.049783,-0.246165,0.174884,-0.116067,-0.24744,-0.091635,0.357708,-0.060747,-0.134394,0.20225,-0.275261,0.130735,0.002685,0.269493,0.300011,-0.156531,-0.246712,0.001414,0.062444,0.031969,0.40306,0.166052,-0.100435,-0.116347,0.260646,0.218888,-0.026992,-0.354215,-0.070073,0.307222,0.044781,0.184631,-0.237855,-0.02174,-0.387568,0.174008,0.418815,-0.163161,-0.060948,-0.222095,0.053842,0.05822,0.192336,-0.043562,-0.022228,0.148744,0.434427,0.041393,0.109177,-0.138987,-0.318018,-0.416372,0.082034,0.081146,-0.119376,-0.03327,-0.021764,0.093818,-0.032656,0.043544,7.5e-05,-0.167288,-0.339357,-0.073509,-0.023644,-0.21027,-0.016339,-0.125149,-0.179318,0.11795,0.076547,-0.294943,-0.223466,0.055563,0.389945,-0.024169,0.081463,0.001215,0.180103,-0.456264,-0.067693,0.271053,0.176615,-0.048232,#
3,-0.203383,-0.211742,0.265322,1.0,0.082901,-0.221798,-0.210721,-0.24282,-0.128514,-0.032755,0.419817,-0.242619,-0.100839,-0.34912,-0.224899,0.006075,0.129047,-0.058442,0.119152,0.155807,0.264936,-0.283343,-0.208038,0.062736,-0.033231,0.088056,0.074044,-0.314878,-0.311868,-0.223855,0.403707,0.041756,-0.096949,0.038885,-0.100991,-0.57068,-0.072187,-0.005051,-0.064156,0.238515,0.074315,-0.280547,0.095986,-0.288322,0.239387,0.149631,-0.190339,-0.284247,0.151667,-0.328068,-0.231904,0.225085,-0.053889,0.330294,0.020235,0.205337,0.087857,0.025784,0.207624,-0.205203,-0.219738,0.062901,0.02916,-0.286535,-0.203396,-0.310289,0.073355,-0.191258,-0.355493,0.472921,-0.065443,0.53001,0.247492,0.60145,0.315763,-0.221855,0.006484,-0.016789,0.271794,0.46265,0.104776,0.332581,0.274696,-0.101653,0.253923,-0.004627,-0.049902,0.348734,0.061266,0.330069,0.247883,0.11645,0.173447,-0.189689,0.118278,0.371788,0.258969,0.180899,-0.008104,0.492105,0.049969,-0.147536,0.649468,0.027871,0.114189,0.247063,-0.173233,0.229169,0.193794,0.274101,-0.08595,-0.138912,0.221069,0.138153,0.034115,0.092208,0.466027,0.197739,-0.024033,0.27939,0.346739,0.195398,0.454135,-0.06749,0.018731,0.262292,-0.113441,0.1585,0.36604,0.273674,0.56068,0.143438,-0.140626,-0.289745,0.371691,0.38041,-0.108986,0.22411,-0.193144,0.273545,0.337359,0.245411,0.239952,-0.153951,0.074967,0.287021,0.119312,-0.361866,0.185179,0.458285,-0.030588,0.421317,0.138403,0.152541,0.485994,-0.003389,-0.272516,-0.430252,0.367722,-0.012868,-0.416434,-0.139498,0.254398,-0.163387,-0.127186,0.040249,0.270378,-0.232115,-0.083742,0.119085,-0.276439,-0.152033,-0.266778,0.111674,-0.296874,0.002486,0.145626,-0.010675,-0.402708,0.516892,-0.383517,0.19529,0.050754,-0.096232,-0.083163,-0.15132,0.063059,-0.214701,0.257459,-0.439407,0.147026,-0.154323,-0.187927,-0.20973,-0.154835,-0.372254,-0.291918,0.275121,-0.330153,-0.021097,#
4,0.342826,0.158768,0.261132,0.082901,1.0,-0.101965,0.391395,-0.10731,0.103185,0.267831,0.116204,0.046359,0.176763,-0.036012,0.151733,-0.360183,0.101846,0.046224,-0.348472,-0.044243,-0.339039,0.271859,0.164746,0.266212,-0.348677,0.185875,0.109189,-0.13178,-0.002341,0.442589,-0.125195,-0.063703,-0.133503,0.024241,-0.287387,-0.029456,-0.219833,-0.207886,0.485872,0.32217,-0.13044,0.143626,-0.156085,-0.174339,-0.069887,0.038451,0.057555,0.371976,-0.282012,0.102361,0.316807,-0.372169,-0.048138,0.061757,0.421418,-0.267789,-0.348761,0.345271,-0.402313,-0.180939,0.091971,0.169319,-0.07066,0.124188,0.086664,0.312387,-0.059994,0.146275,0.226335,-0.155291,0.180019,-0.405196,0.271233,-0.389036,-0.326644,0.307799,-0.389041,-0.450161,-0.237294,-0.107686,-0.418557,-0.151936,-0.438926,-0.10053,-0.243225,-0.382981,-0.450533,-0.205724,-0.176005,-0.320374,-0.473878,-0.170177,-0.303371,0.104711,-0.29137,-0.391576,-0.061376,0.322558,0.264342,-0.065436,0.11182,-0.242625,0.053456,-0.068426,-0.288934,-0.383471,-0.098223,-0.188542,-0.24041,0.212681,0.036863,-0.068235,-0.177524,-0.405468,-0.170458,-0.097294,-0.135233,-0.537288,-0.08427,-0.210104,-0.322696,-0.533937,-0.121101,-0.217245,0.174691,-0.091499,-0.49305,-0.273471,-0.474314,-0.152878,-0.307989,-0.205397,-0.423174,-0.289821,-0.076634,-0.553707,0.37349,-0.253297,-0.091288,-0.258199,-0.167064,0.332904,-0.07695,-0.128764,-0.573532,-0.310209,-0.358135,0.249363,-0.371756,-0.117141,-0.160456,-0.127678,-0.339869,-0.060916,-0.405136,-0.088441,0.27121,0.073867,-0.328731,-0.27845,0.105203,-0.2539,0.190265,-0.030276,-0.235816,0.265137,0.013862,0.318552,0.024503,-0.323755,0.12247,-0.189567,-0.247829,-0.38154,0.223819,-0.36366,-0.235495,-0.109715,0.06756,-0.132058,-0.119459,0.071656,0.10933,0.252822,0.071159,0.35526,0.159087,-0.109113,0.058837,0.304508,0.057507,0.436059,0.297862,0.382298,0.285133,-0.208379,0.144785,-0.214898,-0.51822,0.270912,#
5,0.001578,-0.126819,-0.390057,-0.221798,-0.101965,1.0,0.121189,0.048507,-0.035594,0.07391,0.202539,-0.121841,-0.295164,0.314999,0.426097,0.134551,0.054447,-0.227658,-0.198889,0.018539,-0.187428,0.060736,0.123634,-0.147645,0.211846,-0.299158,-0.139356,0.371359,0.179577,-0.076148,0.310343,0.238554,-0.056458,-0.261407,-0.17673,-0.007899,-0.117294,0.16437,0.107304,0.104785,-0.269069,0.156628,-0.002264,0.492434,-0.022079,0.053088,0.031449,-0.100362,0.256047,0.510375,0.106003,0.072274,0.239068,-0.485777,-0.090275,0.149078,0.062486,0.186718,0.044461,0.354215,0.386216,0.287224,0.121138,0.271285,0.205357,0.150509,-0.139755,0.197221,-0.077211,0.181579,-0.115288,-0.172239,0.124205,-0.201197,-0.114225,0.023938,0.250481,0.163492,-0.159352,-0.082828,-0.212959,0.035303,0.003741,-0.036259,-0.146134,-0.008775,-0.089284,-0.534773,-0.134422,-0.258595,-0.078427,0.049982,-0.180474,0.018521,0.22365,-0.114966,-0.083912,-0.192373,0.005781,-0.210879,-0.380897,0.044083,-0.095008,-0.22976,0.231388,0.080134,0.104416,-0.057998,-0.069375,-0.436876,0.212338,0.258793,-0.250294,-0.272316,-0.403597,-0.320344,0.005695,-0.012327,-0.031367,-0.191745,-0.056105,0.146418,-0.081209,-0.069341,-0.302402,0.095138,0.133747,0.229175,-0.137927,-0.277857,0.038245,-0.09848,0.019421,0.215601,-0.19117,-0.124608,-0.066219,-0.237377,-0.135704,-0.145614,0.101863,-0.42082,-0.407244,-0.029993,0.181557,-0.076052,-0.222925,0.133576,0.460128,-0.161819,0.015813,0.083034,-0.065384,0.374562,-0.322399,0.196839,0.136462,0.101779,-0.396251,0.200876,-0.149447,0.036067,-0.250333,0.090619,0.023565,-0.056034,0.094909,0.174978,-0.041604,-0.198453,0.297548,-0.004739,0.227246,0.17369,0.228129,0.197919,0.210202,0.078509,0.402194,0.01928,0.189939,0.449264,0.03668,0.142623,-0.092498,-0.14995,-0.021065,0.122082,-0.005495,0.312957,-0.040294,-0.310469,0.180289,-0.169727,0.058862,0.126458,0.057332,-0.126781,0.040804,0.191004,#
6,0.193562,0.261535,-0.014657,-0.210721,0.391395,0.121189,1.0,0.307004,0.371675,0.040831,0.112348,-0.059818,0.198797,0.154976,0.338589,-0.133881,-0.347946,0.020682,-0.058444,0.362073,0.112646,0.52278,0.421974,-0.176993,-0.160992,0.04908,0.229693,-0.15804,0.139228,0.318693,-0.376811,0.059868,0.039601,0.132072,0.008663,-0.071983,0.098352,-0.266475,0.181186,0.305464,0.041693,0.318871,-0.180898,0.094841,-0.157615,-0.016984,0.070055,0.449038,0.172094,0.109909,0.509154,-0.102707,0.010275,-0.400629,0.020363,0.077291,-0.011487,0.256154,-0.060477,0.20853,0.329659,0.192845,-0.289509,0.266898,0.22208,0.290487,-0.180088,0.040694,0.27297,-0.165483,0.270061,-0.43258,0.17858,-0.396374,-0.468774,0.353764,-0.193914,-0.274234,-0.301371,-0.160229,-0.36751,-0.314629,-0.129787,-0.566046,-0.433897,-0.225851,-0.144569,0.094918,-0.444782,-0.134757,-0.324851,-0.316491,-0.410953,0.256937,-0.481958,-0.17448,-0.04603,-0.125689,0.07298,-0.226978,-0.213608,0.012886,-0.185836,-0.020078,-0.303484,-0.214999,0.202439,-0.213414,-0.191385,-0.130622,0.379612,0.138278,-0.360726,-0.524811,-0.019871,0.012886,-0.131876,-0.068015,0.179244,-0.520948,-0.087287,-0.373063,0.029534,-0.514674,0.051258,0.012955,-0.258375,-0.029585,-0.3508,-0.054878,-0.302623,-0.185773,-0.260834,-0.324256,-0.06478,-0.168527,0.059301,-0.026252,0.094113,-0.461605,-0.28945,-0.10844,-0.153733,-0.002412,-0.254967,-0.283546,-0.279679,0.665827,-0.113755,-0.444381,-0.06971,-0.313129,-0.269234,-0.015873,-0.258961,0.254018,0.265019,0.291752,-0.032626,-0.15923,0.282656,-0.015868,-0.254614,-0.041796,-0.093568,0.29515,-0.09607,0.152603,-0.110017,0.271955,-0.20183,-0.135462,-0.016712,-0.114188,0.387615,-0.252376,-0.186828,0.354542,0.510112,-0.352694,0.08937,0.41148,-0.161843,-0.043164,0.380464,-0.011847,0.011388,0.002388,-0.307958,0.45696,0.16038,0.006754,0.274695,0.050764,0.202082,-0.009426,0.429807,-0.222045,-0.180621,0.037444,#
7,0.030074,0.187117,-0.080305,-0.24282,-0.10731,0.048507,0.307004,1.0,0.06642,-0.052142,-0.301065,0.137174,0.100852,-0.004431,0.092017,-0.17257,-0.147944,0.131088,-0.121033,0.042424,0.219048,0.474786,0.150761,0.175169,-0.132407,0.064807,0.390754,0.212512,-0.284552,-0.064803,-0.120254,0.529163,-0.048268,0.083213,-0.061981,-0.004104,0.267085,-0.532108,0.083187,-0.068227,0.040496,0.197092,0.302516,-0.020224,-0.190211,-0.035758,0.332355,0.354859,-0.148895,0.039197,0.015363,-0.104524,0.114197,-0.528335,-0.337873,0.004637,0.316486,-0.240995,0.166331,0.292687,0.061218,0.330274,6.4e-05,0.235946,0.263897,0.321876,-0.193378,0.040567,0.114006,-0.373213,0.344556,-0.016033,-0.351793,-0.010881,-0.302176,-0.152249,-0.08556,-0.035782,-0.35518,0.089536,0.113054,-0.126022,0.163762,-0.07134,0.034536,0.338645,0.224402,0.126349,0.008401,0.042016,0.077612,0.015527,-0.042205,0.162827,-0.146858,0.041578,-0.075371,0.116968,-0.197584,-0.245714,-0.152365,-0.112779,-0.112045,0.055275,-0.307605,-0.041308,0.097825,-0.140175,0.060026,-0.331204,0.268368,0.143126,-0.277999,-0.153878,0.261133,-0.112779,-0.178588,0.313298,0.057638,-0.40148,-0.19453,-0.180666,0.107311,-0.172046,-0.105087,0.105404,0.075759,-0.445234,0.107815,0.084226,-0.126022,-0.144179,0.363773,-0.129177,0.147666,0.212229,-0.02791,-0.082241,0.194564,-0.33718,-0.069067,-0.45398,-0.000442,-0.019548,0.207047,-0.092849,-0.265253,0.39899,-0.11643,0.161865,-0.22423,-0.104916,0.115033,0.024822,0.204993,0.242418,0.176599,-0.043017,-0.200495,0.152583,0.244879,0.001215,-0.143061,0.166745,0.393027,0.121097,-0.136113,-0.021827,-0.196481,0.127006,-0.007341,0.041965,0.047859,0.022592,0.079307,0.027541,0.020755,0.099628,0.103627,-0.457157,0.079563,0.023937,-0.006287,-0.16379,-0.130118,-0.059601,-0.057214,0.118979,-0.237478,0.182973,0.338902,0.057462,0.151292,-0.201892,0.13203,0.134909,-0.082802,-0.135715,0.031389,-0.171636,#
8,0.247847,0.172356,-0.033948,-0.128514,0.103185,-0.035594,0.371675,0.06642,1.0,0.252241,0.035953,0.030418,0.303025,0.368953,0.469887,-0.334308,-0.692946,0.300857,0.346892,0.121292,0.145324,0.138933,0.687287,0.023048,0.052349,-0.259698,0.202746,0.263263,0.534957,0.360206,-0.211463,0.119958,0.297004,0.18249,-0.171644,-0.005247,0.103413,-0.195141,-0.042234,0.060088,0.07766,0.114121,-0.125984,0.171394,-0.030902,-0.398982,0.50688,0.353451,0.151181,0.060141,-0.161118,0.016974,-0.146034,-0.135829,0.022117,-0.215378,0.050604,-0.111221,0.226883,-0.09887,0.244839,0.182815,-0.143004,0.058606,-0.067348,0.29453,0.07174,-0.031215,0.40569,0.046933,0.169215,-0.259499,0.158845,-0.1446,-0.220449,0.056433,-0.199517,-0.342691,-0.189627,-0.267467,-0.078406,-0.393498,-0.137046,-0.326048,-0.18746,0.018935,0.114531,0.095925,-0.383645,-0.018414,-0.127872,-0.014847,-0.773834,0.724659,-0.24725,0.002523,0.130985,-0.130189,0.411394,-0.274208,-0.197951,-0.062178,-0.02436,-0.07882,-0.146407,-0.151382,-0.228856,0.000149,-0.049546,-0.135131,0.413783,0.165328,-0.272292,-0.156539,-0.063972,-0.293151,-0.164426,0.028009,0.38439,-0.450102,-0.182916,-0.555476,0.31619,-0.572168,0.105001,0.082182,-0.116647,-0.021008,-0.072115,-0.222005,-0.010359,-0.176037,-0.039019,0.015964,-0.129214,0.196751,-0.249163,-0.036994,0.349155,0.003508,-0.036302,-0.23249,-0.433983,-0.382008,-0.231354,0.075341,0.088215,0.293239,-0.050892,-0.127922,-0.059667,-0.24753,-0.061855,-0.172555,0.003919,0.197515,0.639244,0.614347,0.060797,0.050805,0.089244,-0.016059,-0.019437,0.112858,-0.053716,0.195522,-0.19748,0.021609,-0.200443,0.322028,-0.327905,0.416495,0.007167,-0.412419,0.588073,-0.267582,-0.343864,0.174756,0.370545,-0.394505,0.153483,0.160801,-0.312749,-0.082163,0.236352,0.115466,0.010808,0.042446,-0.468173,0.142935,0.060372,-0.095213,0.201883,-0.00638,0.038467,-0.157875,0.399442,-0.226294,0.16357,-0.016173,#
9,0.060459,0.390621,0.159166,-0.032755,0.267831,0.07391,0.040831,-0.052142,0.252241,1.0,0.129989,-0.100849,0.295857,0.032326,0.499409,-0.124754,-0.405077,0.335286,-0.003937,-0.058815,0.011301,0.259025,0.271652,0.227514,-0.016001,0.255578,-0.023671,0.129174,0.038162,0.12545,-0.249836,0.237109,0.23001,0.377621,-0.46483,-0.027629,0.017021,-0.269389,0.409413,-0.123002,-0.211249,0.406714,0.111736,0.103618,0.226953,-0.1553,0.135606,0.442803,0.01127,0.416956,-0.00033,0.100682,-0.055403,0.160781,0.04133,-0.09973,-0.158732,0.111927,-0.23392,0.051676,0.327251,0.271316,-0.477424,0.263353,0.073569,0.124066,-0.093113,0.231005,0.141919,-0.18424,0.228515,-0.157134,0.179809,0.059368,-0.043373,0.16431,-0.159911,-0.447972,-0.046445,-0.280362,0.006913,-0.036659,-0.219621,-0.165233,-0.242691,0.08166,-0.378186,-0.12182,-0.235024,-0.19613,-0.162174,-0.05725,-0.264866,0.232102,-0.198666,0.141753,0.159323,0.014843,0.235222,-0.4816,0.034293,-0.292923,-0.30844,-0.182872,-0.342292,-0.154102,-0.43791,-0.337003,-0.366533,-0.22575,0.292373,0.019454,-0.003579,-0.396398,-0.336648,-0.109551,-0.262081,-0.399989,0.313529,-0.338644,0.025617,-0.107628,0.185913,-0.239889,0.050723,0.054322,-0.343048,-0.205338,-0.319774,-0.020584,0.147798,-0.40217,-0.057618,0.488786,-0.097536,0.12795,0.198741,-0.177012,0.31776,-0.276318,-0.166819,0.173829,-0.373027,-0.242178,-0.238033,0.017843,-0.033481,0.100846,-0.37501,-0.083124,-0.537483,0.185913,0.184858,0.130915,-0.236399,0.255355,0.382898,0.517019,-0.325126,0.036629,-0.17783,-0.110711,-0.036759,0.167278,-0.054053,0.502467,-0.225956,0.048252,-0.008918,-0.146829,0.052042,0.243856,0.113667,-0.221052,0.29055,-0.108434,-0.036399,-0.169842,-0.161559,-0.053709,-0.092744,0.230613,-0.287928,0.352059,-0.363311,-0.010464,0.043487,-0.189882,-0.26844,0.23515,-0.081228,0.23897,-0.237044,-0.155774,0.054792,-0.485041,0.144623,-0.039956,0.229438,0.002766,#
10,-0.154677,-0.130355,-0.234797,0.419817,0.116204,0.202539,0.112348,-0.301065,0.035953,0.129989,1.0,-0.306288,-0.272429,0.134901,0.291162,0.204427,-0.068176,-0.340547,-0.022615,0.065162,-0.158919,-0.115555,0.041,0.059301,0.211756,0.178513,-0.011743,0.070539,0.17002,-0.241206,0.341794,-0.042335,-0.024681,-0.069279,0.020778,-0.202286,-0.144916,-0.030563,0.107207,0.313535,-0.15797,-0.179081,-0.193273,0.222838,0.418032,0.052512,-0.239372,-0.090132,0.229326,0.024108,-0.002377,0.237505,0.026926,0.038252,0.112399,0.335611,0.039729,0.021668,0.020261,-0.024736,0.255601,0.241477,0.035717,0.022716,-0.049073,-0.166042,0.041527,-0.229156,-0.383591,0.203721,-0.151923,0.008808,0.373965,0.130897,0.018553,0.072377,-0.224002,-0.027532,-0.00961,-0.077276,-0.401848,0.031456,0.313432,-0.397022,-0.302959,-0.225175,0.038917,0.094457,-0.444655,-0.144017,0.050713,-0.130739,-0.032537,-0.13535,0.02114,0.010529,-0.062303,-0.033388,-0.188624,0.114609,0.052422,0.172699,0.264089,-0.081406,0.043493,0.046569,-0.219354,0.02849,0.071693,0.187192,-0.11407,-0.008406,-0.111082,-0.148965,-0.271183,-0.123087,0.335816,-0.044094,0.003292,0.256599,0.435369,0.13662,0.240155,0.072807,0.187179,-0.039457,-0.081399,0.278595,-0.145589,-0.062597,0.044023,0.078543,-0.362251,-0.065561,-0.033479,0.177024,-0.024681,-0.273136,0.000992,-0.003036,-0.095636,0.076651,0.158701,-0.048337,-0.002103,-0.089217,-0.077945,-0.263942,0.445261,0.149915,0.180212,0.249998,-0.264072,0.068765,0.167924,0.19293,-0.17472,-0.083778,0.114168,0.148186,-0.386985,-0.211534,-0.108751,-0.446253,-0.351988,0.13859,0.311694,0.200836,0.099512,-0.210072,0.007652,-0.240777,-0.272122,0.012799,0.075412,-0.03862,0.014198,-0.053526,0.116268,0.235802,-0.049293,0.501218,0.048804,0.328707,-0.068552,-0.155492,-0.00967,-0.494592,0.288433,-0.151216,-0.232708,0.053661,0.041577,-0.022231,0.001901,-0.210065,0.087843,0.024226,-0.440593,-0.01043,#
11,0.202231,0.167619,-0.117335,-0.242619,0.046359,-0.121841,-0.059818,0.137174,0.030418,-0.100849,-0.306288,1.0,0.042989,-0.19769,0.068702,0.155062,0.181843,-0.065441,-0.174494,-0.300756,-0.229888,0.142687,-0.204683,0.140386,-0.127731,0.190636,-0.164008,-0.090766,0.261589,0.454865,-0.241762,0.049047,-0.072083,-0.117738,0.258647,-0.034112,-0.526484,0.139627,-0.104999,0.109765,-0.164935,0.166997,-0.224997,-0.348693,-0.201955,-0.110826,-0.11392,-0.217721,-0.406471,-0.004604,-0.34728,-0.095847,-0.084289,0.060372,0.131707,-0.149605,-0.206864,-0.206126,-0.228101,0.222554,-0.122715,-0.169283,-0.000132,-0.023512,0.346383,-0.228416,-0.193217,-0.066778,-0.133123,-0.174555,0.100368,-0.183296,0.086909,-0.357193,-0.4755,-0.132442,-0.279578,-0.037448,-0.197954,0.076529,0.074258,-0.471188,-0.329713,0.09973,-0.177048,0.141703,0.031067,-0.231929,0.004191,-0.308557,0.091713,-0.147247,-0.229726,-0.185654,-0.124825,-0.13811,0.073651,-0.230691,-0.046108,0.084114,0.01975,-0.325114,-0.102188,-0.129742,-0.316541,-0.208326,0.28682,0.10166,-0.286083,-0.02209,-0.26529,0.153986,-0.467382,0.194417,-0.290724,-0.325114,-0.00805,0.135911,-0.536758,0.088054,-0.207112,-0.195083,-0.433978,0.13563,0.063894,-0.075159,0.091168,-0.36293,-0.331963,0.239773,-0.290822,-0.150209,0.006385,-0.121572,-0.383621,-0.129917,-0.072083,-0.440827,-0.158564,-0.00114,0.106352,0.011377,-0.010887,-0.190759,-0.340401,-0.330927,0.076481,-0.065845,-0.310215,0.006781,-0.043243,-0.457885,0.089525,-0.143594,-0.347735,-0.200875,-0.149561,-0.081409,-0.073551,0.170712,0.105575,-0.004714,-0.135581,-0.223886,-0.157486,-0.060526,0.055259,0.093751,0.132693,-0.25791,0.30753,-0.039809,-0.169569,0.176929,0.402281,-0.223077,-0.490687,0.104497,-0.070774,-0.20254,0.24637,-0.322525,0.358678,0.147506,0.367909,0.26674,0.458879,0.317396,0.070031,-0.004401,0.111992,0.217222,-0.009755,0.083772,-0.260516,0.463283,-0.101906,-0.178366,-0.00788,-0.212937,#
12,0.488472,0.213053,0.105235,-0.100839,0.176763,-0.295164,0.198797,0.100852,0.303025,0.295857,-0.272429,0.042989,1.0,0.262455,0.121216,-0.332194,-0.261837,0.27752,0.031704,0.292227,-0.081832,0.068393,0.465751,-0.251125,-0.536703,-0.123574,-0.003156,-0.237005,0.196381,0.091295,-0.459946,0.06144,0.125868,-0.137566,0.013135,-0.11976,0.160975,-0.083428,0.026587,-0.372031,0.334164,0.623178,-0.106208,-0.127872,-0.094799,-0.295237,0.433716,0.511733,-0.048147,-0.041261,0.080767,0.023395,0.111917,0.072613,-0.32344,0.143132,0.152483,-0.000269,-0.092795,0.076131,0.03268,0.167669,-0.141094,-0.234081,0.194092,0.285171,0.27565,0.346454,0.319982,-0.153609,0.537325,0.028187,0.000998,-0.052504,-0.301317,0.396527,0.111193,-0.473953,0.092473,-0.120623,-0.030837,-0.138917,-0.274647,-0.070993,0.1322,0.299413,-0.290749,0.259255,0.033057,0.042566,-0.27556,-0.134327,-0.300795,0.274792,-0.154819,0.109929,0.261062,-0.164816,0.266534,-0.540767,0.462631,-0.243033,-0.147279,-0.242103,-0.295346,0.112558,-0.106194,-0.087234,-0.525868,-0.008735,0.524069,-0.353756,0.006519,-0.228933,0.047011,-0.072948,-0.458527,-0.009999,0.218156,-0.55053,0.024476,-0.535212,0.057144,-0.405794,0.169236,0.20218,-0.657598,-0.087862,0.070805,0.026688,-0.123097,-0.083801,-0.012473,0.282004,-0.037176,-0.04321,0.096182,0.116293,0.145397,-0.059658,-0.145874,-0.07206,-0.288127,-0.174592,-0.1879,0.004421,-0.338101,0.304981,-0.234685,0.017507,-0.367152,-0.467364,0.027106,-0.0572,-0.025759,0.34612,0.410585,0.456238,0.048406,-0.283138,-0.128558,-0.261319,-0.364601,0.267484,0.149468,-0.066369,0.018462,-0.204402,-0.005781,0.206015,-0.06395,0.048796,0.110564,-0.219382,0.345903,0.057934,-0.061458,0.041594,0.030093,-0.423395,0.015653,-0.074506,-0.43848,-0.388569,0.147797,-0.081322,0.236923,0.178152,-0.472347,0.428064,0.236605,-0.095113,-0.037587,0.021912,-0.172139,-0.041948,0.293319,-0.207962,-0.017316,0.135417,#
13,0.399197,0.106759,-0.13614,-0.34912,-0.036012,0.314999,0.154976,-0.004431,0.368953,0.032326,0.134901,-0.19769,0.262455,1.0,0.192769,-0.092484,-0.31941,0.194932,0.232572,0.129993,-0.277286,-0.040908,0.525175,-0.209203,-0.174236,-0.545024,0.298002,0.308628,0.569387,0.161412,-0.157079,0.020133,0.14699,-0.303165,0.138441,0.091013,0.05971,0.03794,-0.134825,-0.28586,0.228003,0.325264,0.048144,0.462407,-0.252651,-0.66022,0.368813,0.42231,0.228807,0.158636,0.119333,0.14477,0.018297,-0.133761,-0.328624,-0.129247,0.128418,-0.266539,0.273565,0.116369,0.20748,0.237934,-0.162273,0.146297,0.250649,0.620714,0.324769,0.435191,0.243859,0.244829,0.051776,-0.245812,0.087548,-0.296774,-0.218905,0.401556,0.019965,-0.07015,-0.141097,-0.175655,-0.439524,-0.212906,-0.058213,0.188865,-0.097544,0.045797,0.110802,-0.012329,0.108888,-0.212283,-0.187724,-0.355245,-0.390862,0.384238,0.114295,-0.196834,-0.018265,-0.264441,-0.111063,-0.613407,-0.100547,-0.016456,-0.187677,-0.169167,-0.018817,0.168335,-0.117108,-0.468287,-0.301853,0.078589,0.58735,0.225769,-0.063423,-0.16343,-0.037029,-0.208339,-0.537113,-0.094735,0.26806,-0.454397,-0.110488,-0.435181,-0.1777,-0.162409,0.058461,0.148191,-0.251971,0.194725,-0.021146,-0.496921,-0.194395,-0.01081,-0.238848,0.449069,-0.446344,-0.180136,-0.11351,-0.308405,0.222926,-0.117883,-0.262787,-0.484981,-0.442135,-0.429104,-0.077416,0.224117,-0.456822,0.222692,0.304521,-0.227703,-0.005063,-0.350687,-0.276731,-0.170377,-0.113493,0.154109,0.517375,0.547897,-0.208747,-0.03982,-0.102622,-0.202527,-0.120199,0.381421,-0.080087,-0.136929,0.06375,0.183087,-0.112138,-0.108884,0.039351,0.235592,-0.003813,-0.272036,0.446355,0.201401,-0.005308,-0.005192,0.615354,-0.464707,0.277944,0.00452,-0.37012,-0.112487,0.140322,0.066697,-0.097928,-0.074087,-0.381091,0.531118,0.000954,-0.201146,0.395412,0.213681,0.09722,0.053577,0.584137,-0.258628,-0.061498,-0.022949,#
14,-0.123397,0.234791,-0.329241,-0.224899,0.151733,0.426097,0.338589,0.092017,0.469887,0.499409,0.291162,0.068702,0.121216,0.192769,1.0,-0.148355,-0.385614,-0.0591,-0.214809,0.262491,-0.149585,0.448866,0.439934,0.062409,0.145415,0.091991,0.118769,0.282703,0.289458,0.134562,-0.064341,0.380801,0.465823,-0.017601,-0.283448,0.037631,-0.176226,-0.1082,0.174851,0.197247,-0.05954,0.393618,-0.272892,0.216164,0.020063,-0.085356,0.111636,0.151356,0.096457,0.459817,0.055401,-0.135809,-0.036445,-0.329625,0.036661,-0.002216,-0.186359,0.170555,-0.225053,0.312501,0.301255,0.261563,-0.181188,0.394596,0.309224,0.096613,-0.104646,0.223018,-0.022915,-0.167904,0.198939,-0.363647,0.392757,-0.279744,-0.373641,-0.054312,-0.16282,-0.284968,-0.261095,-0.479258,-0.13713,-0.36613,-0.251565,-0.474462,-0.398046,0.065183,-0.041061,-0.165028,-0.718456,-0.190364,-0.171642,-0.019074,-0.611095,0.255483,-0.205586,0.103469,0.131316,-0.135801,0.264981,-0.294642,-0.146715,-0.092735,-0.316861,-0.191173,-0.163108,-0.186448,-0.216581,-0.119498,-0.16282,-0.241278,0.269503,0.010637,-0.358885,-0.396042,-0.331135,-0.466483,-0.079346,-0.248484,0.124474,-0.314623,-0.177632,-0.272386,0.02508,-0.24315,0.061671,-0.155152,-0.171596,-0.158281,-0.5902,-0.236217,-0.18661,-0.242257,-0.218504,0.174773,-0.245931,0.0904,-0.055131,-0.32021,0.207267,-0.057165,-0.003647,-0.219931,-0.374287,-0.224225,-0.392786,-0.352998,-0.013578,0.089822,0.017709,-0.089568,-0.090272,-0.16442,-0.017222,0.10664,-0.22866,0.245216,0.376509,0.278519,-0.13275,0.032629,-0.087704,-0.114362,-0.207981,-0.009599,-0.215419,0.480041,-0.056779,0.302942,-0.017213,0.013536,0.203449,-0.043219,0.106973,-0.25185,0.602593,-0.094348,-0.234456,-0.015374,0.301512,-0.241989,0.237111,0.258643,-0.106364,0.192353,-0.054502,0.010351,0.031538,-0.175204,-0.245139,0.20906,-0.100757,0.244466,-0.067205,-0.270454,-0.077056,-0.142714,0.133201,-0.372681,0.052546,0.044447,#
15,-0.197905,0.020793,-0.322113,0.006075,-0.360183,0.134551,-0.133881,-0.17257,-0.334308,-0.124754,0.204427,0.155062,-0.332194,-0.092484,-0.148355,1.0,0.189435,-0.343996,0.218021,0.043603,0.038804,0.093787,-0.451311,-0.200639,0.108643,0.086245,-0.276806,0.032281,0.02791,-0.130564,-0.229769,-0.072254,-0.053855,-0.104971,0.459572,0.091714,-0.399796,0.22652,-0.381225,0.172867,0.107102,-0.199666,-0.088757,0.025511,0.159265,0.104218,-0.445153,-0.465899,0.174463,0.279218,0.024746,0.108262,-0.196839,0.193965,-0.061905,0.242601,0.060686,-0.129817,0.13094,0.277253,0.109855,-0.146379,0.085315,0.268516,0.16705,-0.202816,-0.17836,-0.173264,0.015634,0.066817,-0.237386,0.214482,0.272294,-0.120526,0.281339,-0.096332,-0.094507,0.078552,0.256147,-0.028009,-0.147481,-0.192466,0.101912,-0.131589,-0.059069,-0.126285,0.095099,-0.300559,0.000835,0.109528,0.322651,-0.222119,0.23621,-0.569467,0.115908,-0.021569,-0.108898,-0.446319,-0.630452,0.166033,0.086683,0.120488,-0.216187,-0.027612,-0.056639,0.01745,0.062043,-0.178773,-0.022527,-0.095689,-0.335272,-0.0378,-0.011445,0.131996,-0.353407,0.027327,0.083246,0.209843,-0.356019,0.481548,0.23349,0.392252,-0.208942,0.177607,0.057809,-0.128794,0.394976,0.035838,0.114189,0.084789,-0.199227,0.017566,-0.086133,0.013865,-0.288909,0.142119,-0.323447,-0.317399,-0.267013,-0.126134,-0.149132,0.124599,0.08895,0.296968,-0.081654,0.015337,-0.131747,-0.228479,-0.082694,-0.269509,0.225171,0.305996,-0.120725,0.051858,-0.116384,-0.014668,-0.567329,-0.019836,-0.007753,0.121585,-0.224308,-0.064318,-0.182495,-0.352273,-0.426206,0.064003,-0.114895,0.089218,0.046947,0.104872,-0.082707,0.210452,-0.123717,0.272047,0.008283,-0.153679,-0.002244,0.029495,-0.131496,0.3727,0.232741,0.226092,0.364947,0.246257,-0.024176,-0.104406,0.045523,0.039895,0.41391,-0.222568,-0.365043,0.00773,-0.2082,0.165698,-0.171192,0.37651,0.155206,0.237586,-0.168194,-0.252257,#
16,-0.100933,-0.266505,-0.014225,0.129047,0.101846,0.054447,-0.347946,-0.147944,-0.692946,-0.405077,-0.068176,0.181843,-0.261837,-0.31941,-0.385614,0.189435,1.0,-0.347606,-0.447126,-0.267575,-0.367943,-0.15332,-0.623155,0.106965,-0.03869,-0.054158,-0.392169,-0.112544,-0.206577,-0.224263,0.237674,-0.290534,-0.276168,-0.225486,0.328656,0.044869,-0.319307,0.288574,0.092435,0.172869,-0.197274,-0.264773,0.098562,-0.05468,0.047386,0.361652,-0.436706,-0.519752,-0.288814,-0.085669,0.157134,-0.00851,-0.04781,0.181829,0.149605,0.021162,-0.040675,0.163431,-0.045532,0.135999,-0.196957,-0.174008,0.300002,-0.067613,0.135153,-0.169061,0.105976,-0.110472,-0.296342,0.066505,-0.336892,0.26408,0.097456,-0.049592,0.017208,-0.006805,0.181891,0.283232,0.173083,0.217637,-0.134988,0.191211,-0.015609,0.246601,0.350693,-0.245241,-0.135187,-0.262304,0.292025,-0.001954,-0.113562,-0.001956,0.583209,-0.58027,0.196308,-0.211315,-0.163582,0.081699,-0.255781,0.399309,0.243903,-0.066668,0.217637,0.008016,0.170642,-0.135323,0.339224,0.156123,0.034177,0.31184,-0.560104,-0.03743,0.068792,0.138875,-0.10634,0.10865,0.292184,-0.072937,-0.583718,0.586528,-0.148266,0.302589,-0.312273,0.500001,0.174955,0.055838,0.039381,0.050731,0.048448,0.347191,-0.176334,0.51106,-0.200429,-0.332978,-0.069671,-0.385981,0.247629,-0.180535,-0.715728,-0.014829,-0.001096,0.307448,0.252741,0.292865,0.001476,-0.166498,-0.160587,-0.353213,0.073735,0.121872,0.222449,0.240753,-0.169727,0.13702,-0.169546,-0.374034,-0.628438,-0.605917,-0.070957,-0.159566,0.119217,-0.094495,-0.024044,-0.159678,-0.179764,-0.319249,0.368582,-0.01691,0.220727,-0.166927,0.399739,-0.210802,-0.039882,0.35091,-0.391403,0.008813,0.14939,-0.163648,-0.317023,0.462592,-0.047012,-0.138094,0.64787,0.064118,-0.071734,-0.009129,0.143625,0.111694,0.48837,-0.275636,-0.095757,0.098871,0.117159,0.187414,-0.215937,0.329323,-0.354863,0.164394,-0.40169,0.00934,#
17,0.161903,0.370361,0.058542,-0.058442,0.046224,-0.227658,0.020682,0.131088,0.300857,0.335286,-0.340547,-0.065441,0.27752,0.194932,-0.0591,-0.343996,-0.347606,1.0,0.224843,0.043384,0.347449,-0.041805,0.488466,-0.015596,-0.108634,-0.107479,0.198127,0.094648,0.063684,0.140066,-0.184833,0.065779,0.2511,0.391431,-0.26086,-0.025801,0.468597,-0.175244,0.074879,-0.355225,-0.15048,0.300083,0.606937,-0.019001,-0.133156,-0.466331,0.433481,0.346472,-0.018225,-0.08068,0.136325,0.134473,-0.281058,0.15208,0.160012,-0.194784,0.022878,-0.152294,0.143985,-0.144764,-0.061673,0.14885,-0.358237,-0.218529,-0.20031,0.211785,0.368748,0.460932,0.454511,-0.009886,0.027866,-0.053605,-0.178767,0.074031,0.124639,0.159174,-0.00773,-0.253598,0.09221,-0.109337,0.119208,-0.022126,-0.111747,0.246933,-0.08706,0.205825,-0.22668,0.325308,0.379232,-0.027072,0.251144,-0.041562,-0.097287,0.618581,0.09282,0.125047,0.234157,0.12188,0.058309,-0.441512,-0.23002,-0.435199,-0.117819,0.156137,-0.082129,0.013981,-0.199688,-0.387904,-0.369813,-0.157617,0.451792,0.239947,0.41862,0.048952,0.243213,0.175434,-0.453633,-0.158692,0.404016,-0.482269,-0.134217,-0.15783,-0.052444,-0.392115,-0.093895,0.274342,-0.018082,-0.264327,0.067353,-0.254519,0.213473,-0.127634,0.30269,0.129323,0.020187,0.139778,-0.053857,0.216875,0.447069,-0.063125,-0.10163,0.067698,-0.184752,-0.309117,-0.050444,0.176891,0.069886,0.233041,-0.171688,0.039755,-0.394795,-0.134201,0.088924,0.089721,-0.05194,-0.120763,0.515243,0.347279,-0.347972,-0.132777,0.179303,0.19242,0.126642,0.669332,0.147914,0.37597,-0.054833,-0.022604,-0.369527,0.066239,-0.287071,0.356214,0.081446,-0.238388,-0.090812,-0.092906,0.081446,0.018216,0.157714,-0.10493,-0.195672,-0.257026,-0.474408,-0.082202,0.093585,0.14672,-0.135557,0.170254,-0.48667,0.296058,-0.003742,-0.020023,-0.129912,0.025766,0.048278,-0.218797,0.15683,-0.263716,0.376093,-0.11398,#
18,0.200617,0.228623,0.133039,0.119152,-0.348472,-0.198889,-0.058444,-0.121033,0.346892,-0.003937,-0.022615,-0.174494,0.031704,0.232572,-0.214809,0.218021,-0.447126,0.224843,1.0,0.105316,0.404256,-0.188012,0.04447,0.018486,0.065422,-0.167265,0.171559,0.032525,0.130201,0.030541,-0.196369,-0.189852,0.279005,0.009474,0.04882,-0.135887,0.066766,0.233087,-0.620222,-0.29827,0.323696,-0.277878,-0.003274,0.064593,-0.116919,-0.461445,0.154521,0.000842,0.351022,0.00406,-0.26016,0.413633,-0.219208,0.097741,-0.119035,0.028653,-0.017958,-0.29494,0.309332,-0.292949,0.085714,0.169077,-0.115779,0.061872,-0.245869,0.066392,0.196182,-0.187385,0.153325,0.403801,-0.139753,0.296617,-0.153829,0.310807,0.382871,-0.115936,0.006324,0.109564,0.390591,0.002871,0.045796,0.203896,0.429464,0.1701,0.037629,0.136973,0.196624,0.397188,0.123483,0.268597,0.383532,-0.12171,-0.185421,0.176342,0.172028,0.324925,0.254683,0.043652,-0.033252,-0.008106,-0.078558,-0.01419,-0.005474,0.094531,-0.169506,0.410128,-0.346703,-0.113044,0.037945,-0.064718,0.192042,-0.04468,0.364562,0.105289,0.214358,0.057288,0.113144,0.295471,0.322666,-0.041476,0.266382,0.088923,0.233758,-0.151451,-0.09481,0.177547,0.220626,0.350247,0.486268,-0.05266,0.264363,0.088701,0.087099,0.118951,-0.035619,0.522255,-0.288524,0.115772,0.148064,0.053847,0.097477,-0.258251,-0.284471,-0.050754,0.225316,0.489083,0.272047,0.004067,-0.061556,-0.045296,0.217025,0.169158,0.282503,0.109286,0.254181,0.115878,0.096506,0.238759,0.326028,0.295269,-0.2146,0.220847,-0.006153,0.064997,0.073106,-0.022597,-0.053946,0.078323,0.060284,0.290112,-0.710707,0.466984,0.09491,0.215992,-0.006555,0.247997,0.293781,-0.036208,0.071064,-0.051409,-0.122623,-0.011744,-0.228877,-0.324818,0.112226,-0.06004,-0.297533,0.136648,-0.109803,-0.128284,-0.04277,-0.307234,-0.040091,-0.056246,-0.137619,-0.274974,0.294689,-0.129168,0.099669,-0.263724,#
19,-0.149399,0.264901,-0.16775,0.155807,-0.044243,0.018539,0.362073,0.042424,0.121292,-0.058815,0.065162,-0.300756,0.292227,0.129993,0.262491,0.043603,-0.267575,0.043384,0.105316,1.0,0.197399,0.26511,0.238797,-0.387023,-0.270923,-0.21927,0.39342,-0.038885,-0.054138,-0.080171,-0.224494,0.239202,0.347397,-0.121328,0.192261,-0.25384,0.140594,0.152667,-0.269963,0.002317,0.470951,0.281652,-0.192961,-0.07145,-0.096702,0.030459,0.238105,0.196684,0.39261,0.152738,0.268604,-0.22024,-0.119398,-0.027755,-0.21823,0.373068,-0.04056,0.067932,0.107149,-0.051066,0.024784,-0.139955,-0.024792,0.088323,0.054355,0.098586,0.199083,0.400651,0.062993,0.106816,0.15723,-0.07961,0.232993,-0.036915,0.187862,0.017646,0.32288,-0.149555,0.047718,-0.077083,-0.116969,0.024649,-0.054104,-0.473908,0.19881,0.13461,-0.028257,0.24385,-0.056763,0.172145,0.113144,-0.189314,-0.309144,0.111969,-8.4e-05,0.289973,0.54256,-0.141621,-0.056421,-0.110141,0.049625,-0.033245,-0.283058,-0.017321,-0.022402,0.172939,-0.012994,-0.087195,-0.047485,-0.085808,0.459822,-0.229023,0.098177,-0.289961,0.079748,0.014859,-0.229957,-0.043804,0.219886,-0.308802,-0.031001,-0.021908,0.072014,-0.457563,0.047262,0.098177,-0.23282,0.087204,0.061685,-0.119904,-0.149366,0.068063,-0.148631,-0.137848,0.131647,0.097545,-0.229047,0.327543,-0.009958,0.198416,0.137723,-0.004735,-0.310428,0.084599,-0.156351,-0.181569,-0.231463,0.194743,0.096856,-0.077624,0.049299,-0.267908,-0.020705,0.30375,0.202509,0.342821,0.19252,0.062217,0.363307,-0.310413,-0.140908,-0.178016,-0.147088,0.246433,0.035946,0.1746,0.057729,0.224419,-0.425574,0.502007,-0.318048,-0.09238,0.264575,-0.300615,0.09695,0.293415,0.105172,0.161215,0.175559,0.053134,-0.001906,0.254343,-0.190951,-0.286158,0.109564,-0.095603,-0.020979,0.031673,-0.40347,0.234161,-0.014462,0.011422,-0.053416,-0.063835,-0.281253,-0.206737,0.217282,-0.17254,-0.139705,0.316059,#
20,-0.240384,-0.033082,0.110855,0.264936,-0.339039,-0.187428,0.112646,0.219048,0.145324,0.011301,-0.158919,-0.229888,-0.081832,-0.277286,-0.149585,0.038804,-0.367943,0.347449,0.404256,0.197399,1.0,0.060499,0.104861,-0.129944,0.104903,0.155703,0.090807,-0.211385,-0.25146,-0.029809,0.110267,-0.070469,0.157344,0.437853,-0.117378,0.059304,0.27793,-0.382364,-0.213513,0.011821,0.090982,-0.156428,0.330423,-0.20183,0.055003,0.071404,-0.006262,-0.009433,0.046251,-0.232904,-0.129285,0.134348,-0.368234,0.137328,-0.268103,-0.004803,-0.037109,-0.017357,0.278327,-0.088404,0.265328,-0.021058,-0.244848,-0.216747,-0.199822,-0.089761,-0.306216,0.032901,0.255247,0.127333,-0.205191,0.208318,-0.214034,0.432257,0.300269,-0.011875,0.008205,-0.18031,0.032477,-0.020846,0.493612,0.049072,0.369417,-0.187019,0.100143,0.029087,0.081766,0.354037,0.075354,0.303757,0.404539,0.072645,0.073481,0.214877,-0.331681,0.106859,0.188524,-0.017251,-0.215264,0.105939,-0.123065,-0.036313,-0.001838,0.049221,-0.090619,0.17545,0.013024,0.175398,0.181425,-0.470983,0.150473,-0.181134,0.235627,0.057476,0.393207,0.383191,0.144774,0.267218,0.311072,-0.107366,0.168519,0.261038,0.396866,-0.361885,-0.07437,-0.013815,0.158643,-0.010999,0.305254,-0.011787,0.462257,-0.143199,0.366995,-0.177699,0.261334,0.528029,-0.181153,0.413871,0.271358,0.128275,0.079603,-0.087303,0.057914,0.005287,0.356003,0.240706,0.329983,0.363298,-0.136326,-0.086542,-0.201039,0.225994,0.315243,0.094627,0.366537,0.038678,0.039876,0.039879,0.337527,-0.245505,0.046259,0.18258,-0.090995,0.055724,0.105802,0.422339,-0.275494,-0.204311,-0.336585,0.408102,-0.332899,0.33091,0.091625,0.197617,-0.297359,-0.020209,0.091625,0.436842,0.08008,0.195801,-0.233281,0.186239,-0.286155,-0.085333,0.140356,-0.115091,-0.280259,0.25792,-0.081406,-0.121105,-0.104584,-0.10139,-0.252633,-0.086185,-0.000661,-0.034013,0.128275,-0.03746,0.382952,-0.047567,#
