0,1.0,-0.034167,-0.079554,-0.132916,0.195605,0.196262,0.174763,-0.03438,-0.179705,0.107933,0.146344,0.126248,0.135112,0.254328,-0.026072,0.118465,-0.010041,-0.398192,0.27452,-0.236126,0.462442,-0.09441,0.092077,-0.409782,-0.187769,-0.466465,-0.035376,-0.260774,0.356632,0.278209,0.094337,0.063417,0.111627,-0.199349,0.088002,0.188799,0.312957,-0.2531,-0.15252,-0.083377,0.297724,0.245236,-0.136122,0.040444,-0.150762,-0.167409,-0.278079,-0.044108,-0.073703,0.146623,-0.064985,-0.331117,0.438611,0.245113,0.430207,-0.03415,-0.283798,-0.105776,-0.365941,0.175856,0.344094,0.223285,0.095732,0.2063,-0.118854,0.147919,-0.109451,0.421071,-0.278201,-0.351321,-0.080392,-0.091912,-0.326642,-0.089132,-0.25532,0.335288,-0.385097,-0.273496,-0.445051,-0.027885,-0.302543,-0.605635,-0.066196,-0.061446,-0.072847,-0.27403,-0.258979,0.03925,-0.153813,-0.345953,-0.339999,-0.273565,-0.133259,-0.341506,-0.0191,-0.514543,-0.418709,-0.081393,-0.151522,0.176149,0.246357,-0.027111,-0.408522,-0.262962,-0.077442,-0.269734,0.047254,0.245382,-0.348632,0.113174,0.084265,0.350191,-0.489339,-0.335902,0.145884,0.149028,-0.388057,-0.14733,-0.274212,-0.176332,-0.427786,0.246491,0.133714,-0.356244,-0.084231,-0.221852,-0.488487,0.134167,-0.277413,-0.084931,-0.011893,-0.613404,-0.055542,-0.029111,-0.389309,-0.063599,-0.188277,-0.033554,0.189378,-0.471499,-0.170162,0.230703,-0.131016,0.014542,-0.22532,-0.233036,-0.15254,0.158643,-0.310715,-0.394776,-0.050513,-0.222613,-0.243127,-0.402556,0.135023,-0.156113,0.254958,0.167873,-0.25653,-0.05342,0.112091,-0.418017,-0.030148,-0.358192,-0.133045,-0.280322,-0.346128,0.017821,-0.135495,-0.231754,0.112456,0.271837,-0.353823,-0.021148,-0.198276,-0.019129,-0.275106,0.176688,0.051383,-0.016669,0.082097,-0.093132,0.085699,0.449396,0.319148,0.234173,0.280914,-0.186784,0.147101,0.182327,-0.354478,0.085549,0.328658,-0.008258,-0.335165,0.171926,0.067176,-0.395232,-0.234469,0.12162,#
1,-0.034167,1.0,-0.060877,-0.300755,0.00486,0.032392,0.283266,0.146805,-0.051283,0.454549,-0.065439,0.039275,0.132809,0.343241,0.558837,0.243357,-0.292293,0.23212,0.519508,0.036753,0.029944,0.027306,0.366716,0.166336,0.015195,-0.103393,-0.092246,0.12863,-0.021809,0.349251,-0.130257,0.215646,0.016441,-0.211169,-0.247404,-0.038827,-0.027313,-0.091425,0.091147,0.166936,0.121388,0.232428,-0.165159,-0.047026,0.547169,-0.199007,0.248969,-0.146763,0.065885,0.371544,0.15633,0.017628,0.074399,-0.095005,0.011142,-0.208368,-0.035853,-0.434945,-0.260667,-0.239299,0.080929,0.06754,-0.461203,-0.080272,0.518163,0.105152,-0.028452,-0.220637,-0.002496,-0.263107,0.196693,0.091751,0.185133,-0.214784,-0.040944,0.094467,-0.339103,-0.284281,-0.117766,-0.002628,0.160599,-0.379447,-0.306004,0.278649,-0.321041,-0.211448,-0.100796,-0.348372,0.040968,-0.026495,-0.07907,-0.296878,-0.209877,-0.108121,-0.104638,-0.089666,-0.051748,0.087001,0.45965,-0.092707,-0.124792,0.0441,-0.147321,-0.265909,-0.340494,-0.054166,-0.46357,-0.100182,-0.344214,0.015153,0.05124,0.389651,-0.286444,0.05538,-0.202948,-0.021315,-0.110053,0.075492,0.359,-0.485241,-0.298037,-0.153476,-0.419253,-0.146291,-0.350401,-0.115501,0.146288,0.359504,-0.283597,-0.282533,-0.014348,0.127954,-0.263802,-0.585323,-0.223896,-0.462998,0.096538,0.259142,-0.194799,-0.111358,-0.105621,-0.134508,-0.400179,-0.150304,-0.094565,-0.032183,-0.315655,0.228087,-0.283373,-0.226218,-0.34832,-0.238776,0.034914,-0.142302,-0.08854,-0.225836,0.211628,0.054685,-0.335915,-0.18104,-0.266211,0.023599,-0.149575,0.072545,0.132612,0.406575,-0.112801,-0.075307,-0.344214,-0.491834,-0.045575,0.007832,0.104682,-0.116143,0.096752,-0.190718,-0.060703,0.250605,0.404241,-0.361238,0.335807,-0.039202,-0.509641,0.107958,0.398862,-0.320976,0.41983,-0.41355,0.003647,0.207903,0.026672,-0.036495,0.143563,0.445427,-0.164372,-0.261724,0.070308,-0.022703,0.442779,0.044452,#
2,-0.079554,-0.060877,1.0,0.139236,-0.106301,-0.275704,0.011812,0.04933,0.021223,0.045797,0.000561,-0.241613,-0.123227,-0.117078,-0.114327,-0.07171,-0.552975,0.307158,-0.229108,0.07253,-0.119189,0.398259,-0.10746,-0.064421,0.468487,-0.045801,0.223031,0.04085,0.074107,-0.21259,0.239922,-0.084919,-0.414679,-0.141046,0.036905,-0.120673,-0.060705,0.210348,0.345674,-0.416182,0.200187,0.083227,0.173446,-0.072579,-0.113742,-0.046498,-0.058686,0.585781,-0.056668,-0.320047,-0.085378,0.02416,0.301463,0.011027,-0.252605,-0.071176,-0.11915,-0.115854,0.002977,0.294921,0.062382,-0.115129,0.025821,-0.351637,0.012662,-0.169116,0.253579,-0.00985,0.089225,0.529054,0.305734,0.299751,0.208791,0.235998,0.189692,-0.152514,0.096276,-0.02406,0.094182,0.066983,0.229288,0.092256,-0.075346,0.382117,-0.262037,0.20409,0.122827,0.007631,0.131018,0.245276,0.174781,-0.036467,0.418912,0.373659,0.020224,0.18525,0.392418,0.192534,0.167915,0.160015,0.003127,0.061974,0.141324,0.210494,0.087524,0.384332,0.188902,0.191216,-0.299148,-0.04451,0.488001,-0.147809,0.21565,0.140063,0.381718,0.086771,-0.059308,-0.018325,0.184011,0.198901,0.37579,0.113978,0.051261,0.35832,0.199599,0.271952,0.258148,0.122471,-0.087222,0.35358,0.586142,0.204568,0.346082,0.18827,0.058616,-0.020692,-0.307342,0.316354,0.476923,0.337668,-0.063179,-0.004947,0.228723,-0.100189,0.010793,0.238459,-0.283655,0.006726,0.389574,0.261127,0.051098,0.054005,0.259439,-0.091931,0.104788,0.254191,-0.034849,0.03971,0.309795,0.101888,0.428283,0.253063,-0.061935,0.364584,0.337782,-0.27435,-0.10686,-0.063859,-0.110126,0.171982,-0.153204,-0.164242,-0.081936,0.182358,-0.166267,0.161808,0.199833,-0.006311,-0.039245,0.072209,0.207648,0.005883,-0.278746,-0.172057,-0.258064,0.244156,0.118349,0.16823,-0.076694,0.053977,0.007814,-0.273106,-0.154789,0.385075,-0.086093,0.004617,-0.20953,0.303043,0.201946,0.13665,#
3,-0.132916,-0.300755,0.139236,1.0,0.168682,-0.498479,-0.447987,-0.535143,-0.02689,-0.504704,0.096794,-0.37155,-0.515725,-0.552228,-0.211974,-0.310672,-0.036263,0.050478,-0.083423,-0.00021,-0.233096,-0.036538,-0.215898,0.035614,0.115035,0.450366,0.268786,0.322483,-0.121641,-0.370206,-0.070924,0.037325,-0.201044,-0.059806,0.36353,-0.127437,-0.253907,0.076766,-0.04627,0.009247,0.00797,-0.315054,0.162123,0.523214,-0.052323,0.660972,-0.106237,0.089526,-0.086082,-0.319195,0.089089,0.278928,0.054172,-0.04757,-0.129355,-0.108999,0.331024,0.292134,0.342973,0.114572,-0.34549,-0.095604,0.171489,-0.04751,-0.195412,-0.420228,0.104141,-0.144695,-0.034103,0.050904,-0.105936,-0.057193,0.303856,0.057389,0.024207,0.015635,0.280564,0.218901,0.037131,-0.192628,-0.100578,0.544208,0.176572,-0.002489,0.36513,0.184338,0.33088,0.146299,0.054942,-0.035175,-0.037099,0.373251,0.284858,-0.106982,0.235793,0.312644,0.493888,0.123213,-0.20283,0.429734,-0.044262,0.012674,0.607559,0.020868,0.48593,0.198374,0.373251,0.189075,0.137197,0.154286,-0.15123,-0.259586,0.387151,-0.031976,0.154802,-0.003386,0.122505,0.034724,-0.289334,0.438955,0.214979,0.565234,0.434096,0.337597,0.259641,0.289264,-0.080466,-0.196087,0.471605,0.367731,0.1216,0.073051,0.44391,-0.018217,0.299628,0.18203,-0.071128,0.245902,-0.064298,0.513085,0.115591,-0.137445,0.287846,0.15349,0.391846,0.174684,0.148764,-0.20023,0.38077,-0.016799,0.086771,0.188965,0.042349,0.370426,0.106082,0.322715,-0.266698,-0.449826,0.479812,0.223939,-0.170557,0.200575,-0.065646,0.054018,-0.165985,-0.296229,0.312037,0.213566,0.106366,0.20436,0.159995,-0.231277,0.32762,0.388736,-0.262066,0.605972,0.215916,-0.099909,-0.504555,0.425525,-0.316637,-0.028592,0.362023,-0.049285,-0.267534,0.041254,-0.016649,0.087816,0.516313,-0.273565,0.353202,-0.080287,-0.109479,-0.150869,-0.113015,-0.024855,-0.005602,0.071327,0.072662,-0.499517,#
4,0.195605,0.00486,-0.106301,0.168682,1.0,0.024244,0.04236,0.003616,-0.042667,-0.204129,0.270592,-0.159186,-0.017023,-0.233954,-0.166107,-0.423349,0.180307,-0.279959,0.117131,-0.247791,-0.30686,-0.260629,0.110418,-0.077134,-0.039307,-0.213864,-0.105,0.21305,-0.117768,0.134284,-0.309165,-0.336332,-0.186636,-0.132615,0.167025,0.069256,-0.025123,-0.189426,0.155334,0.502435,0.092681,-0.333907,-0.331288,-0.005756,-0.031235,0.200209,-0.117068,0.148971,0.200744,0.167596,-0.040205,-0.038095,0.023758,0.207273,0.171622,-0.060654,0.076376,0.257078,-0.110597,-0.323185,-0.265043,-0.15853,-0.091494,0.15303,-0.17771,0.181686,0.529697,-0.086723,0.329068,-0.230832,0.082832,-0.236171,-0.08201,0.196633,0.227811,0.331331,-0.203122,-0.43485,-0.258891,-0.310649,-0.283434,-0.164048,0.088744,-0.034352,-0.101034,-0.115422,0.185829,0.268414,-0.104775,-0.340968,-0.006312,-0.130695,0.179527,-0.340984,-0.163203,-0.048952,0.14266,-0.039087,-0.086038,-0.023115,0.068648,0.157345,0.226683,-0.278874,-0.061922,0.056063,0.019217,-0.061689,-0.353744,-0.011888,0.045506,0.200933,0.150808,-0.152714,-0.060862,-0.053908,-0.174369,0.378129,-0.239656,0.168771,-0.2582,0.088818,0.405023,-0.175321,0.431443,0.167879,-0.281169,-0.009692,0.159145,-0.06952,-0.175741,-0.423285,-0.047208,-0.372607,-0.057538,0.101971,-0.14264,0.151678,-0.099099,0.169756,0.02123,-0.123938,-0.156464,0.090902,0.006146,-0.354814,-0.415949,0.158838,0.156627,-0.156729,0.032155,-0.007307,-0.23162,-0.078636,-0.051845,-0.350929,-0.164634,0.013767,-0.060298,0.371596,-0.265758,-0.278762,-0.3788,0.111113,0.140872,-0.251869,0.045624,-0.091015,-0.14429,0.108884,-0.083194,-0.214036,0.02994,-0.016612,0.190004,0.138416,0.067231,0.527775,-0.062573,-0.038909,-0.305213,0.118557,0.270845,0.275951,0.159847,-0.027779,-0.246145,-0.387833,0.348717,-0.266089,-0.095829,0.086244,0.366731,-0.026589,-0.302008,0.364145,-0.114181,0.004408,-0.343994,-0.231137,#
5,0.196262,0.032392,-0.275704,-0.498479,0.024244,1.0,0.473448,0.595621,-0.058205,0.278708,0.134659,0.378298,0.377122,0.524032,0.369845,0.237672,0.104457,0.036183,0.539805,0.061153,0.384289,0.090982,0.163562,0.170751,-0.175124,-0.069618,0.068905,-0.171631,0.179184,0.158942,-0.101822,0.018986,0.010299,0.007934,-0.271114,-0.200901,0.260172,0.100724,-0.110163,-0.223495,-0.030479,0.344626,0.059181,-0.031931,0.059864,-0.550719,0.066495,-0.081134,0.174333,0.147831,-0.290548,-0.142056,0.156602,0.154745,0.361463,0.419186,-0.25802,-0.235598,-0.235782,-0.215169,0.37489,-0.331304,-0.189847,0.532699,-0.09341,0.732367,0.017612,0.225891,-0.140698,-0.121582,0.0303,0.246846,-0.465449,0.142606,-0.031753,0.169636,-0.326249,-0.06829,0.067167,0.008377,-0.033418,-0.371458,-0.114769,-0.092112,-0.114769,-0.198422,0.067167,0.064143,0.051694,-0.402606,-0.083887,-0.288044,-0.208602,0.077496,-0.102561,-0.258014,-0.317248,-0.423188,0.051807,-0.449775,0.073278,0.018285,-0.497141,-0.464971,-0.322319,-0.214588,-0.286467,-0.035358,0.090848,-0.192036,0.0659,0.184212,-0.459634,-0.294283,0.115137,0.156417,-0.556727,0.069,0.344479,-0.318857,-0.272981,-0.533225,-0.051927,-0.577658,-0.193527,-0.098542,-0.20472,-0.071309,-0.281079,-0.265261,-0.351559,-0.065933,-0.262407,0.108218,-0.393041,-0.04421,0.315312,-0.455595,-0.131286,-0.647531,-0.108613,0.07472,-0.20432,-0.240571,-0.280852,-0.248988,0.221121,0.109884,-0.269296,-0.068149,-0.058875,0.038008,-0.140432,0.045938,-0.080037,-0.422946,0.387917,0.428719,-0.317821,-0.206872,0.116649,-0.162509,-0.152375,-0.220725,0.159274,0.232008,0.097462,0.101346,0.099419,0.345119,0.158063,0.072264,-0.145134,-0.109524,0.290952,-0.378913,-0.033756,-0.093795,0.406624,-0.186353,0.348379,0.303611,-0.116033,0.125124,0.608347,0.279079,0.13122,0.002256,-0.178234,0.201549,-0.235859,-0.085918,0.384034,-0.285466,-0.387621,-0.078338,0.481222,-0.202281,-0.304484,0.225019,#
6,0.174763,0.283266,0.011812,-0.447987,0.04236,0.473448,1.0,0.666152,0.274597,0.590583,0.131199,0.178665,0.458373,0.373663,0.155718,0.156327,0.035594,0.016855,0.391345,-0.194381,0.014703,0.366728,0.216548,0.094251,0.15014,-0.118186,0.114277,0.100388,0.525253,0.211998,-0.375307,-0.121602,-0.012904,-0.275986,-0.003313,-0.051969,-0.049231,0.032198,0.191869,-0.310559,0.210187,0.180789,0.12213,-0.159969,0.028722,-0.432048,-0.058376,-0.2067,0.011044,0.471121,0.060894,-0.189151,0.166291,0.015373,0.460409,0.277121,-0.176785,-0.505869,-0.274792,0.248574,0.232505,0.168593,-0.194014,0.312059,-0.050882,0.473033,0.119752,0.17689,0.009857,-0.064119,0.264162,0.171511,-0.387089,-0.015631,-0.076251,0.326905,-0.183596,-0.16727,-0.127791,-0.02769,-0.197433,-0.341515,-0.350625,0.077324,-0.350625,0.100922,-0.111974,-0.242389,0.356521,-0.290331,0.030118,-0.464557,-0.278429,-0.076301,0.105657,-0.254891,-0.127627,-0.238427,0.124007,-0.475755,-0.014095,0.089898,-0.452552,-0.360229,-0.411491,0.084518,-0.447212,-0.26232,-0.240625,-0.204606,-0.290257,0.089635,-0.406003,-0.347042,-0.007009,-0.234452,-0.240215,0.215124,0.089883,-0.267732,-0.180038,-0.388441,-0.049239,-0.665728,-0.331362,-0.197292,0.14375,0.088768,-0.321017,-0.353446,-0.360646,-0.277277,-0.580843,-0.070528,-0.210529,-0.15016,0.1701,-0.353558,-0.171359,-0.461969,-0.23357,-0.222261,-0.451596,-0.168885,-0.402383,-0.292557,-0.234976,0.246513,-0.215608,-0.164276,-0.032388,0.037105,-0.034111,-0.195723,0.028033,-0.661787,0.03635,0.294942,-0.191582,-0.121014,-0.344481,-0.228206,-0.29277,-0.008894,0.263635,0.294454,0.1746,0.089035,-0.232604,0.21778,0.195942,0.098113,-0.052434,-0.061573,0.629404,-0.290609,0.255025,0.042156,0.721865,-0.522177,0.434136,0.610291,-0.018707,-0.239747,0.42071,-0.061378,0.041895,0.066794,-0.142589,0.199409,-0.313174,0.032367,0.436567,0.042806,-0.28152,0.05099,0.126819,-0.130626,-0.262785,0.345328,#
7,-0.03438,0.146805,0.04933,-0.535143,0.003616,0.595621,0.666152,1.0,0.11501,0.494238,-0.056878,0.061218,0.76128,0.51224,0.23779,0.129461,-0.047876,0.249146,0.28581,0.134576,0.067328,0.46912,0.107391,0.080671,0.024864,-0.235492,0.026744,-0.201473,0.179106,0.273975,-0.179154,-0.114487,0.038574,0.107928,-0.446753,0.024003,-0.092399,0.057627,-0.069811,-0.362911,0.030634,0.300571,0.146394,-0.11996,-0.108667,-0.644771,0.179226,-0.206689,0.085482,0.019163,-0.221361,0.012564,0.259542,-0.058233,0.410942,0.330588,-0.366979,-0.322572,-0.164595,-0.161331,0.479351,0.008398,-0.196844,0.337992,-0.018598,0.545803,-0.104031,0.324993,0.113303,0.012803,0.303956,0.386056,-0.580275,-0.262998,-0.00289,0.170454,0.054392,0.047289,0.277418,-0.178488,0.134982,-0.446108,-0.475615,-0.114861,-0.475615,0.007027,-0.116336,-0.043933,0.252316,-0.141426,-0.050179,-0.52557,-0.358683,0.237389,-0.186958,-0.106082,0.018479,-0.094879,0.151329,-0.66572,-0.019074,-0.066735,-0.203556,-0.170999,-0.271731,-0.015241,-0.504779,-0.200833,0.011537,-0.597401,-0.127358,0.305851,-0.377464,-0.283847,0.011555,-0.209923,-0.226496,0.079688,0.215152,-0.402065,0.036396,-0.738429,-0.269401,-0.498025,-0.269763,-0.026049,0.137263,0.166648,-0.196754,0.053718,-0.175772,-0.026215,-0.299712,-0.075236,-0.254193,-0.161673,0.253834,-0.598359,0.007113,-0.326581,-0.221534,-0.080557,-0.345348,-0.299135,-0.159802,-0.115786,-0.121659,0.138788,-0.158913,-0.200171,-0.116656,-0.19052,-0.094653,-0.293113,0.004192,-0.590336,0.107421,0.233918,-0.267946,-0.319077,0.003376,-0.119305,-0.270246,0.16135,0.530059,0.307324,0.009374,0.109802,-0.228822,0.274824,-0.150995,-0.173189,-0.262768,0.032482,0.654255,-0.308957,0.191746,-0.115728,0.593269,-0.378349,0.399466,0.520058,-0.077894,-0.277595,0.3371,0.017844,0.049684,-0.099532,-0.430597,0.362619,-0.205011,-0.297093,0.505998,-0.146069,-0.158922,-0.035889,0.16525,0.104678,-0.201713,0.140673,#
8,-0.179705,-0.051283,0.021223,-0.02689,-0.042667,-0.058205,0.274597,0.11501,1.0,0.188404,0.021676,-0.095001,0.092937,0.040252,0.225608,-0.027747,-0.117656,0.247519,-0.183096,-0.208179,-0.242768,0.420926,0.02362,0.228852,0.198251,0.406643,0.174783,0.333813,0.130861,0.01541,-0.00235,-0.40775,-0.12211,-0.099637,0.129304,-0.014231,-0.256888,-0.186362,0.542701,-0.190158,0.191103,-0.160872,-0.156072,0.045809,0.2461,0.064287,-0.102931,0.042365,0.005166,0.120871,0.131949,-0.138694,-0.306064,0.263549,0.173079,0.491367,0.031819,-0.330056,-0.171432,0.390669,-0.062864,0.063412,0.006271,0.253664,0.003911,-0.106012,0.075414,0.173798,0.20638,0.218938,0.189295,0.134405,0.038718,0.085407,-0.20957,0.023108,0.029964,-0.012141,-0.055729,-0.290293,0.116298,0.069857,-0.217852,0.034719,-0.217852,0.268864,0.256726,-0.189131,-0.062097,-0.112854,0.387325,-0.08433,-0.121523,0.425988,0.084994,0.17026,-0.02005,-0.120732,-0.368655,-0.306097,0.221844,0.418452,0.004052,0.338881,-0.119845,-0.2178,-0.058267,0.08309,-0.116394,-0.130362,-0.293652,-0.286934,-0.10059,-0.314859,0.166678,0.001577,0.262533,-0.039709,0.11615,0.028259,0.150327,-0.239502,0.014772,-0.116394,0.015738,-0.10142,0.263179,-0.009622,-0.276198,-0.199175,-0.126451,0.11349,-0.458147,-0.038989,0.017317,0.14318,0.102254,-0.013546,-0.269737,-0.071949,0.064561,-0.1886,-0.109223,-0.08959,-0.411959,-0.448784,-0.135631,0.206926,0.092911,0.044385,0.278224,-0.020039,0.130103,-0.206617,0.307182,-0.282852,0.094187,0.136731,-0.110106,0.17715,-0.209296,0.127297,0.077553,0.021257,-0.265103,0.121273,0.073388,0.016957,-0.318145,0.150327,0.027157,-0.187082,0.277341,0.254395,0.265661,0.102105,-0.21018,-0.052994,0.349477,-0.276382,0.249007,0.374535,-0.040324,-0.303552,-0.082859,0.072911,-0.327905,0.087426,-0.353634,-0.204642,-0.390255,-0.091338,0.100422,-0.066447,-0.026594,0.339986,0.015033,-0.085035,-0.257397,0.163547,#
9,0.107933,0.454549,0.045797,-0.504704,-0.204129,0.278708,0.590583,0.494238,0.188404,1.0,-0.113758,0.032082,0.474012,0.702328,0.348432,0.500136,-0.303064,0.270215,0.234044,-0.029101,-0.128385,0.433872,0.361932,0.231417,0.220121,-0.085746,-0.017172,-0.054586,0.273256,0.544479,0.061192,0.316791,0.376502,-0.30562,-0.238017,0.128618,0.103505,-0.022316,0.216809,-0.394413,0.126633,0.289942,0.006895,0.074619,0.22275,-0.603285,0.141593,-0.070903,-0.108285,0.51891,0.121451,-0.062712,0.060164,-0.164799,0.349042,-0.085322,-0.150333,-0.488885,-0.273973,0.128488,0.516338,0.274877,-0.519246,0.12601,-0.092195,0.270627,-0.095585,0.352005,-0.33959,0.141785,0.164362,0.397673,-0.302496,-0.228929,-0.201691,0.269356,-0.115729,-0.219384,-0.214033,-0.154169,0.107611,-0.547378,-0.535193,0.35241,-0.535193,-0.030542,-0.192246,-0.178039,0.259498,-0.316406,-0.104083,-0.368328,-0.466896,0.27702,0.095075,-0.142608,-0.349273,-0.302301,0.179024,-0.454686,-0.170241,-0.006011,-0.292045,-0.208354,-0.095817,-0.219324,-0.669689,-0.040016,-0.317752,-0.314162,-0.034447,0.425736,-0.402282,-0.155194,-0.139443,-0.323846,-0.326867,-0.205536,0.457944,-0.638831,-0.233645,-0.394886,-0.108914,-0.520242,-0.463422,-0.099565,0.248971,0.24305,-0.247562,-0.402021,-0.301366,0.106963,-0.459796,-0.316389,-0.602372,-0.386725,0.05661,-0.23317,0.097744,-0.533653,-0.100999,0.09484,-0.468463,-0.319469,-0.403719,0.015716,-0.134977,0.308194,-0.392233,-0.183025,-0.323346,-0.1892,-0.045455,-0.38004,-0.082574,-0.485395,0.240256,0.287258,-0.306006,-0.219497,-0.02949,-0.210676,-0.158961,0.20588,0.365373,0.641477,-0.315378,-0.002381,-0.520242,-0.022764,-0.025018,0.053529,-0.110678,-0.066064,0.435721,-0.42088,-0.059148,0.113042,0.851109,-0.60581,0.640519,0.201215,-0.554754,-0.141197,0.454012,-0.234879,0.317669,-0.087301,-0.523219,0.128364,-0.133736,0.07472,0.314274,0.483252,-0.279827,-0.1407,0.005847,-0.090641,0.257022,0.344449,#
10,0.146344,-0.065439,0.000561,0.096794,0.270592,0.134659,0.131199,-0.056878,0.021676,-0.113758,1.0,-0.258381,-0.079858,-0.30925,-0.121611,-0.189214,-0.097473,-0.227318,0.078846,-0.188254,-0.099325,-0.150399,0.035686,0.180259,0.049813,0.029125,-0.155304,0.123758,0.105612,-0.188564,0.164747,-0.011422,-0.439334,-0.452665,0.311096,-0.065443,0.504692,0.140711,0.049313,0.143888,-0.009164,-0.250505,0.022257,-0.041785,0.16717,-0.162076,-0.368142,0.248234,0.057121,0.104911,-0.290348,0.120086,0.127499,0.234695,0.170942,0.303354,-0.340935,0.195738,-0.121799,-0.128818,-0.272313,-0.12276,0.109863,0.09191,0.117508,0.056628,0.224113,-0.102907,0.269601,0.045974,0.327154,-0.263237,-0.056766,0.266801,-0.042143,0.366738,-0.13574,-0.195475,-0.036868,-0.112541,-0.064362,0.100508,-0.028022,0.17073,0.134689,-0.050864,0.269181,0.006421,-0.024724,-0.123463,-0.106029,0.091685,0.052634,-0.098698,-0.070765,0.028907,-0.073419,-0.113982,0.201615,0.04191,0.002085,-0.027846,0.019246,-0.425943,-0.101189,-0.186686,-0.214646,0.195809,-0.108635,0.18945,0.126789,-0.10623,-0.241344,-0.131681,0.062033,-0.150085,-0.131087,-0.170537,0.014401,0.081244,-0.384206,0.117766,0.188989,-0.131914,-0.130299,-0.075009,-0.03457,0.098405,-0.066902,-0.202464,-0.126809,-0.210922,-0.141547,0.180505,0.039766,0.150707,-0.317793,-0.030479,-0.048851,-0.05693,0.064561,0.279668,-0.282044,-0.216078,0.257232,0.003785,-0.135631,0.218025,0.268828,0.044385,0.122313,0.254594,-0.024276,-0.003052,-0.107227,-0.134721,-0.155313,0.073214,0.101056,0.17715,-0.102935,0.120077,-0.14788,0.322396,0.186788,-0.036548,0.29303,-0.158181,-0.100875,0.175409,0.344592,0.152283,0.277341,0.079349,-0.044092,-0.079715,0.134761,0.11429,-0.136851,0.038073,0.002941,0.040399,-0.029782,0.186783,0.104257,0.144674,0.010548,-0.084417,0.101267,0.145922,-0.131246,0.152118,0.320483,-0.33164,-0.098192,0.237666,0.189637,0.1059,-0.091383,-0.032452,#
11,0.126248,0.039275,-0.241613,-0.37155,-0.159186,0.378298,0.178665,0.061218,-0.095001,0.032082,-0.258381,1.0,0.035397,0.261066,0.026803,-0.097842,-0.003858,-0.196711,0.133148,-0.083996,0.505428,-0.096507,-0.062134,0.063247,0.190282,0.02517,-0.126306,-0.179651,-0.177386,-0.138691,-0.222482,-0.055659,0.012629,0.15502,-0.292438,-0.043985,-0.15161,0.179964,0.0055,-0.075623,-0.132643,0.34916,-0.271917,-0.425857,0.062206,0.050447,0.114537,-0.258119,-0.026131,0.063636,0.060088,-0.420306,-0.221618,0.286057,-0.178958,0.118744,-0.256868,-0.081561,-0.220068,0.088509,0.036324,-0.240002,-0.065456,0.207804,-0.108319,0.184251,0.004166,-0.162427,-0.018215,-0.285258,-0.160708,0.061337,0.082734,0.148291,-0.215159,-0.366651,-0.295889,0.055648,-0.187076,0.18913,-0.185569,-0.179837,0.0973,-0.278506,0.0973,-0.380237,-0.199502,0.129044,-0.050217,0.168902,0.016325,-0.353858,-0.190723,-0.167808,-0.009711,-0.274732,-0.319141,-0.11338,-0.250245,-0.157669,0.329921,0.058868,-0.421628,-0.105857,-0.157611,0.103584,-0.046843,0.21519,0.16101,0.019747,-0.124575,-0.024971,-0.333094,-0.157027,0.067362,0.208188,-0.013391,0.277858,0.074831,0.006496,0.060855,-0.247634,-0.116095,-0.040252,-0.028839,-0.149497,0.154812,0.029468,0.021712,-0.113473,-0.291824,-0.067972,-0.27224,0.254689,-0.097197,0.089371,0.363656,-0.166893,-0.215307,-0.189968,-0.233881,0.001419,-0.02124,0.059351,-0.332834,-0.041855,0.158933,-0.045599,-0.169873,0.156207,-0.075169,0.328921,-0.251858,0.245425,0.269491,0.14911,0.115778,0.16275,-0.166007,-0.385299,-0.162549,-0.25231,0.178181,-0.371751,-0.232123,0.087591,-0.027893,0.13507,0.362273,0.060855,-0.029496,0.387246,-0.035718,-0.336377,0.02322,-0.168818,-0.076593,-0.009793,0.089438,0.016951,-0.025073,-0.074054,-0.046572,-0.088565,0.217274,0.218156,-0.237529,0.184573,0.162729,0.159374,-0.181042,0.416828,-0.130563,-0.02284,0.004304,-0.161889,0.325971,-0.506072,-0.180337,0.072088,#
12,0.135112,0.132809,-0.123227,-0.515725,-0.017023,0.377122,0.458373,0.76128,0.092937,0.474012,-0.079858,0.035397,1.0,0.498709,0.259587,0.146053,-0.030774,0.083184,0.088336,0.151195,0.041379,0.24551,0.34159,0.033817,-0.18764,-0.467883,-0.197704,-0.183872,0.017177,0.231867,-0.016765,0.044386,0.201771,0.122935,-0.423431,0.234716,0.121722,-0.11225,-0.2988,-0.134562,0.000527,0.308215,0.188237,-0.122444,-0.137226,-0.56645,0.176191,-0.175094,0.125068,0.007021,-0.176256,-0.059192,0.272385,-0.03668,0.403312,0.323196,-0.335152,-0.340734,-0.103949,-0.171467,0.469704,0.271479,-0.164907,0.326057,-0.026953,0.277622,-0.30517,0.327278,0.095002,0.005389,0.32253,0.076984,-0.576593,-0.473946,-0.173357,0.162687,0.0527,0.06057,0.11273,-0.158927,-0.07666,-0.444556,-0.286323,-0.280866,-0.286323,0.003204,-0.164751,-0.085214,0.037312,-0.127724,-0.22782,-0.528379,-0.550986,0.246019,-0.230851,-0.317163,-0.146551,-0.119065,-0.083328,-0.478026,-0.032735,-0.373518,-0.247493,0.036418,-0.314506,-0.187916,-0.507478,-0.236311,0.023196,-0.60313,-0.104683,0.269987,-0.371562,-0.268017,-0.225981,-0.431413,-0.006007,-0.133013,-0.010997,-0.397568,0.049617,-0.544722,-0.316282,-0.489055,-0.268644,-0.272236,0.115949,0.515967,-0.258977,0.06703,-0.156185,-0.007457,-0.465097,-0.074374,-0.253653,-0.23182,0.266759,-0.591393,-0.268206,-0.32834,-0.003456,0.082612,-0.332705,-0.300616,-0.1531,0.141906,-0.113735,0.134183,-0.151945,-0.409797,-0.337989,-0.405047,-0.079278,-0.278752,-0.037838,-0.579001,0.095273,0.262454,-0.250838,-0.341589,0.032092,-0.305186,-0.035159,0.111644,0.266142,0.274837,-0.209678,0.078969,-0.218432,0.07164,-0.168056,-0.199078,-0.54188,-0.010004,0.440012,-0.351688,0.018224,0.094823,0.378075,-0.593835,0.420707,0.349513,-0.063598,-0.114623,0.111258,-0.219,0.07403,-0.087669,-0.406782,0.389449,-0.250879,-0.130958,0.496159,-0.123501,0.073105,0.115904,-0.064919,-0.0661,0.004248,0.157264,#
13,0.254328,0.343241,-0.117078,-0.552228,-0.233954,0.524032,0.373663,0.51224,0.040252,0.702328,-0.30925,0.261066,0.498709,1.0,0.440056,0.466175,-0.210467,0.130348,0.257689,0.101563,0.266218,0.290173,0.450362,0.216685,-0.074185,-0.167351,0.039379,-0.338322,0.264209,0.384788,0.039546,0.35803,0.431235,-0.142387,-0.456487,0.059218,0.116671,-0.339978,-0.030212,-0.381515,-0.05788,0.376825,0.000881,-0.087582,0.139566,-0.594352,0.254303,-0.210283,-0.050424,0.311207,-0.112863,-0.201853,0.114344,-0.107436,0.271644,0.135403,-0.106821,-0.481392,-0.223017,0.021351,0.70693,0.140849,-0.368179,0.115797,0.060309,0.520677,-0.317339,0.487181,-0.507203,-0.1839,-0.245654,0.472983,-0.423309,-0.287434,-0.320018,0.082952,-0.250518,-0.225477,-0.215633,-0.119706,0.072123,-0.625059,-0.438683,0.013769,-0.438683,-0.133491,-0.192436,-0.199268,0.122144,-0.357278,-0.011589,-0.375213,-0.520668,0.198226,0.006402,-0.336715,-0.408009,-0.16824,-0.021277,-0.389914,0.03166,-0.158337,-0.38454,-0.207889,-0.148247,-0.336735,-0.53583,0.044807,-0.089551,-0.463525,-0.032307,0.429222,-0.529886,-0.239559,0.05532,0.062611,-0.521638,-0.205949,0.379842,-0.578074,-0.23874,-0.470832,-0.130913,-0.512433,-0.386887,-0.159722,0.052146,-0.009739,-0.336432,-0.223801,-0.281292,0.011863,-0.335323,-0.339168,-0.653975,-0.397797,0.351438,-0.400243,-0.009976,-0.554261,-0.058783,0.162971,-0.339207,-0.426342,-0.529163,-0.081479,0.248222,0.280378,-0.520993,-0.199724,-0.242201,-0.234481,-0.097034,-0.278401,0.085773,-0.351337,0.495418,0.361422,-0.373962,-0.385218,0.116652,-0.093554,-0.101299,-0.275793,0.087512,0.447147,-0.50985,0.169216,-0.305138,-0.014218,-0.292235,-0.060452,-0.291909,-0.169725,0.197009,-0.237015,-0.163947,-0.024304,0.669422,-0.441197,0.574923,0.042001,-0.438744,0.027398,0.530568,0.012147,0.205177,-0.260752,-0.426595,0.276394,-0.286936,-0.033389,0.100111,0.152327,-0.339956,-0.222604,0.018997,-0.270246,0.178254,0.289733,#
14,-0.026072,0.558837,-0.114327,-0.211974,-0.166107,0.369845,0.155718,0.23779,0.225608,0.348432,-0.121611,0.026803,0.259587,0.440056,1.0,0.263138,-0.174193,0.413271,0.503897,0.077799,0.199668,0.120802,0.274847,0.107886,-0.145074,0.023366,-0.117944,0.128792,0.15181,0.26634,-0.063141,0.081584,-0.134856,0.159998,-0.301063,0.108955,-0.126571,0.000594,-0.002998,-0.087518,0.129332,0.328201,-0.06846,0.306353,0.543399,-0.266732,0.082248,0.055336,0.37818,0.052626,0.064499,0.035618,-0.019582,-0.08995,0.106706,0.208934,0.110275,-0.437939,-0.233111,-0.154808,0.230087,-0.043087,-0.231725,0.324276,0.326794,0.123372,-0.186987,0.070914,-0.114928,-0.040334,0.274506,0.297613,0.085132,-0.220593,-0.065312,-0.036202,-0.128536,0.059545,-0.049424,-0.006768,0.123953,-0.357062,-0.251918,0.19094,-0.251918,-0.050028,0.115036,-0.105325,-0.232326,-0.208942,0.021112,-0.204049,-0.188184,0.317691,-0.030093,-0.131741,-0.160866,-0.132329,0.085874,-0.322384,0.129625,0.062005,-0.256348,-0.10311,-0.381962,-0.398002,-0.361153,-0.008509,-0.240105,-0.009498,0.118783,0.334842,-0.343075,-0.02283,-0.150092,0.000935,-0.230018,-0.053998,0.480013,-0.401841,-0.128536,-0.278757,-0.43635,-0.240105,-0.440369,-0.379596,-0.214223,0.30211,-0.563051,-0.121513,-0.148337,0.243564,-0.289085,-0.278252,-0.423612,-0.299719,0.369343,0.055798,-0.27157,-0.369272,-0.023371,-0.162003,-0.191123,-0.098881,-0.027866,-0.097685,-0.077534,0.022456,-0.185064,-0.053746,-0.37031,-0.345441,0.077586,-0.098508,-0.179319,-0.211729,0.390267,0.214286,-0.192656,-0.151874,-0.013911,0.081161,0.144792,-0.039889,-0.165686,0.41064,-0.032854,-0.174334,-0.240105,-0.128536,-0.080151,-0.104774,-0.032854,0.140851,0.157577,-0.169629,-0.25597,0.111517,0.395783,-0.311735,0.457365,0.216208,-0.432171,0.03692,0.370295,0.083763,0.505721,-0.189617,-0.011656,0.159626,-0.197825,-0.282386,0.249189,0.167851,-0.265152,-0.175102,0.313531,-0.00965,0.306928,-0.087366,#
15,0.118465,0.243357,-0.07171,-0.310672,-0.423349,0.237672,0.156327,0.129461,-0.027747,0.500136,-0.189214,-0.097842,0.146053,0.466175,0.263138,1.0,0.028352,0.402772,0.242624,0.26117,0.065322,-0.043116,0.462766,-0.155827,-0.256024,-0.135424,0.016094,-0.025598,0.257196,0.256903,0.401974,0.26359,0.426405,-0.225959,0.092857,-0.202218,0.442234,-0.010715,0.014865,-0.182434,0.058376,0.23055,0.202486,0.032471,0.098349,-0.39544,0.038001,-0.066497,0.022027,0.345819,0.342524,0.044882,0.116857,-0.146454,0.290093,0.029393,-0.073929,-0.637722,-0.213081,-0.013421,0.375843,0.101074,-0.457254,0.070115,0.107988,0.207653,-0.224008,0.289777,-0.527966,0.275675,-0.199768,0.249093,-0.199395,-0.273788,-0.200499,0.244812,0.081863,-0.180783,0.179733,0.221545,0.414033,-0.258364,-0.098514,0.306378,-0.098514,-0.025289,-0.3001,-0.232106,0.007447,-0.072716,0.023315,0.186538,-0.233306,0.330284,0.140971,-0.048413,-0.235318,-0.550902,0.159874,0.0126,-0.415954,-0.059861,-0.309623,0.016166,-0.103052,-0.223147,-0.135541,-0.041178,0.08157,0.079068,0.042531,0.153851,-0.196116,-0.15641,0.182165,-0.087655,-0.136867,-0.480101,0.246107,-0.567463,-0.197787,-0.128009,-0.18677,-0.342926,-0.374798,0.103293,-0.109619,-0.036185,-0.247628,-0.385235,0.054792,0.130246,-0.045869,-0.014251,-0.201517,-0.384388,-0.126376,-0.063208,0.045042,-0.494405,0.104508,0.341038,-0.049533,-0.060542,-0.212959,0.08991,0.26925,0.306377,-0.206919,-0.424316,0.007046,-0.081325,0.243064,-0.103917,0.107741,-0.06513,0.241891,0.396973,-0.304792,-0.049167,0.306441,-0.106221,-0.139094,-0.221797,0.069484,0.28448,-0.124046,0.027479,-0.13484,-0.178821,0.099372,0.1139,-0.124046,-0.379628,-0.004546,-0.146435,-0.055861,0.036447,0.407163,-0.437436,0.36854,-0.182998,-0.270399,0.150733,0.259508,-0.377022,0.374823,0.038174,-0.425401,-0.047065,-0.011043,-0.051221,-0.0596,0.226586,-0.147178,-0.33701,0.013681,-0.159033,0.145488,0.436129,#
16,-0.010041,-0.292293,-0.552975,-0.036263,0.180307,0.104457,0.035594,-0.047876,-0.117656,-0.303064,-0.097473,-0.003858,-0.030774,-0.210467,-0.174193,0.028352,1.0,-0.211651,0.022139,0.036916,0.018656,-0.428437,-0.013227,-0.41481,-0.502895,-0.188067,-0.334134,-0.064303,0.16974,-0.061914,-0.353551,-0.076272,0.157092,0.255371,0.196049,0.05241,-0.063886,-0.131847,-0.213903,0.36004,-0.18195,-0.237724,0.05003,-0.016843,-0.303354,0.142018,-0.180801,-0.149312,0.247573,0.15125,0.148073,0.013031,-0.12838,-0.165252,0.255219,0.028962,0.336101,0.162907,0.268068,-0.227256,-0.219038,0.247247,0.33162,0.160646,-0.282729,0.191076,-0.091479,0.010015,-0.069417,-0.218059,-0.298638,-0.357145,-0.217513,-0.144221,0.079336,0.173673,0.177476,-0.043092,0.131846,0.18979,-0.339153,0.165408,0.208028,-0.439529,0.208028,0.062615,-0.22527,0.035682,-0.055854,-0.103401,-0.071767,0.299713,-0.087683,-0.315605,0.042609,-0.098328,-0.145299,-0.139178,-0.163155,0.148661,-0.177063,-0.108383,-0.073296,-0.059388,-0.042755,0.077478,0.102106,-0.426664,0.051377,0.146631,-0.386057,-0.120551,0.225053,0.134952,-0.307038,-0.14573,0.223608,0.084288,-0.427512,0.083764,-0.017832,0.052534,-0.104177,-0.374086,0.117828,-0.210082,-0.511688,-0.395735,0.154536,-0.205849,-0.311863,-0.433585,-0.072571,0.089485,0.192305,0.158645,0.019553,-0.326529,-0.204306,-0.079376,-0.193582,-0.071658,-0.06608,0.384322,0.028047,-0.166971,0.000395,-0.173814,-0.142336,-0.130033,0.028197,0.042699,-0.140796,0.048217,-0.267639,-0.262809,-0.136071,0.150567,-0.055238,0.101824,-0.220941,-0.165422,-0.016744,-0.36463,-0.312113,-0.005644,0.255413,-0.213519,0.276149,-0.017832,0.011499,0.185379,-0.174694,-0.326395,0.19379,-0.092751,0.085297,-0.06626,-0.095246,0.008607,-0.333465,0.010362,0.569473,0.077111,-0.104466,-0.188004,-0.252652,0.084317,0.31,-0.37293,0.012069,0.199025,-0.069516,-0.291857,0.166342,-0.022582,0.019203,-0.097258,-0.333095,0.002809,#
17,-0.398192,0.23212,0.307158,0.050478,-0.279959,0.036183,0.016855,0.249146,0.247519,0.270215,-0.227318,-0.196711,0.083184,0.130348,0.413271,0.402772,-0.211651,1.0,0.15592,0.391173,-0.194893,0.371822,0.126865,0.032903,0.25125,0.267443,-0.017556,0.06982,-0.144505,-0.130524,0.221974,-0.000577,-0.014882,-0.041579,-0.257876,-0.151123,-0.105377,0.090362,0.12062,-0.346077,-0.108408,0.122317,0.195754,0.30308,0.109248,-0.169385,0.107838,0.266922,0.046213,-0.141434,0.113898,0.161926,-0.035077,0.100998,0.123632,0.13471,-0.037771,-0.39246,-0.120665,-0.15812,0.077421,-0.287602,-0.385,0.277645,-0.013236,0.021625,-0.054467,0.095901,-0.001841,0.457343,0.295827,0.423266,0.066481,-0.313944,0.003471,0.010598,0.305345,0.040593,0.392053,-0.194573,0.565975,0.016928,-0.298473,0.277417,-0.298473,0.184771,0.174845,-0.182778,-0.111266,0.116503,0.127666,-0.096186,-0.064138,0.739174,-0.091941,0.136555,0.251508,-0.2188,0.155748,-0.034678,-0.237957,0.23841,0.149741,0.243904,-0.07559,0.03071,-0.090052,-0.026361,-0.070571,-0.179127,0.108503,0.133928,0.032766,-0.092065,0.14576,0.09241,0.149467,-0.278023,0.483014,-0.486619,0.211824,-0.468469,-0.355529,-0.070571,0.038756,0.111562,0.033705,0.069443,-0.016255,0.035235,0.146129,0.357266,-0.014131,-0.024077,-0.009794,-0.1588,-0.085857,0.027378,0.028209,0.047844,-0.056344,-0.030784,-0.051693,-0.245107,-0.079987,0.051739,-0.10231,0.196717,0.230874,-0.092683,-0.2678,-0.09899,0.052895,-0.144258,0.128525,-0.063342,0.027206,0.297152,0.05218,0.031809,0.184688,0.336758,-0.247276,0.210841,0.147829,0.353068,0.121193,-0.233774,-0.274444,0.010305,-0.082147,-0.352162,0.121193,0.051595,0.205681,0.086491,0.014548,-0.272527,0.289459,-0.205193,0.390419,-0.056984,-0.321104,-0.055243,0.058428,-0.197912,0.266142,0.224225,-0.258345,-0.120539,0.338935,-0.322283,0.085192,0.108994,-0.265258,-0.267234,0.170591,0.058082,0.227773,0.040018,#
18,0.27452,0.519508,-0.229108,-0.083423,0.117131,0.539805,0.391345,0.28581,-0.183096,0.234044,0.078846,0.133148,0.088336,0.257689,0.503897,0.242624,0.022139,0.15592,1.0,0.056099,0.351663,-0.002513,0.111876,-0.028223,-0.105522,0.002295,0.161853,0.078229,0.184805,0.312963,-0.26027,0.162526,-0.074821,-0.067821,-0.101427,-0.144964,0.040061,0.067612,-0.201531,-0.068217,0.310239,0.417819,-0.114862,0.343474,0.384366,-0.154494,0.03818,-0.157529,0.048667,0.174894,-0.062237,0.089771,0.365271,0.022772,0.410045,0.057639,-0.096814,-0.255171,-0.266115,-0.2843,0.201424,-0.194103,-0.214965,0.484383,0.137679,0.453683,-0.075186,0.082533,-0.192401,-0.33873,0.089899,0.110961,-0.168613,-0.015771,0.18749,0.208516,-0.222593,-0.14482,0.048763,-0.089787,-0.081826,-0.354799,-0.212717,0.141356,-0.006755,-0.167524,-0.033402,-0.086358,-0.015511,-0.278992,-0.403645,-0.216875,-0.149083,-0.209929,-0.064608,-0.151191,-0.079332,-0.220939,0.32204,-0.155208,0.044836,0.161332,-0.233577,-0.576968,-0.284421,0.04968,-0.27371,-0.048449,-0.167842,0.034285,-0.022636,0.366684,-0.294081,-0.233052,-0.106267,0.193183,-0.390832,0.116498,0.130738,-0.290561,-0.328354,-0.051057,-0.195851,-0.469581,-0.198411,-0.031217,-0.294343,0.043309,-0.218289,-0.116,-0.252389,-0.110646,-0.010662,-0.144418,-0.327066,-0.120654,0.051514,-0.097121,-0.10487,-0.41798,-0.396222,-0.120345,-0.31518,0.010608,-0.008322,-0.196837,-0.093782,0.081112,-0.392709,-0.417075,-0.298365,-0.065274,-0.20161,-0.002026,-0.02928,-0.336629,0.302078,0.141362,-0.373191,-0.309195,-0.165921,-0.095768,-0.237533,-0.18509,0.015985,0.206103,0.277474,0.070638,0.039603,-0.113502,0.207381,0.138076,0.01057,0.09372,0.18489,-0.151148,0.090014,0.032999,0.318208,-0.151306,0.108633,0.184812,-0.019921,0.228703,0.686894,0.004644,0.590509,-0.220213,0.22259,0.146254,0.040414,-0.283928,0.488474,-0.038279,-0.611112,-0.341695,0.577228,-0.205901,-0.031306,-0.058821,#
19,-0.236126,0.036753,0.07253,-0.00021,-0.247791,0.061153,-0.194381,0.134576,-0.208179,-0.029101,-0.188254,-0.083996,0.151195,0.101563,0.077799,0.26117,0.036916,0.391173,0.056099,1.0,0.265738,0.212349,-0.08969,0.005134,-0.264346,-0.14431,-0.092619,-0.219389,-0.250024,-0.177864,0.472692,0.370362,0.261958,0.365599,-0.087175,-0.384966,0.187175,0.133799,-0.156035,-0.187221,0.06511,0.155945,-0.00259,0.024245,-0.080975,-0.400099,0.289366,0.26161,0.306696,-0.515309,-0.304241,0.082632,0.350709,-0.45105,-0.253897,-0.089695,0.097742,-0.062067,0.243215,-0.248593,0.140084,-0.120506,-0.115916,-0.099166,0.057906,0.157215,-0.424527,-0.162124,0.133487,0.328899,0.090914,0.255409,0.157721,-0.23651,0.155144,-0.405871,0.459104,0.428738,0.728582,0.101517,0.444601,0.105327,0.09859,-0.013493,0.28318,0.340512,0.218399,-0.186339,0.223504,0.147264,0.204375,0.397242,0.156034,0.362275,0.011371,0.330717,0.292599,0.151851,0.407343,0.382113,-0.611665,-0.065531,0.397304,0.226938,0.367629,0.327345,0.053645,-0.287577,0.08776,-0.422848,0.383278,-0.049167,-0.005093,0.402077,0.142599,0.125374,0.086755,-0.123414,0.278132,-0.323686,0.425144,-0.078999,-0.179229,0.08776,0.046191,0.348751,0.098803,0.191592,0.380746,0.425144,0.435106,0.334945,0.331959,-0.004461,0.336408,0.246206,0.087662,-0.068801,0.095268,0.030887,0.102307,0.588325,0.151442,-0.336443,0.190842,0.412608,0.276863,-0.393019,0.169219,-0.003598,-0.037398,0.125621,0.464103,0.273221,-0.064842,-0.037785,0.411742,-0.144019,-0.067416,-0.298398,0.334126,0.447428,0.140635,0.15235,0.119268,0.095152,0.306149,0.047168,0.307158,0.234825,-0.456608,-0.047192,0.084355,0.008036,-0.17517,0.065984,0.161432,-0.467197,-0.117833,0.087197,0.14758,-0.372998,-0.272445,-0.002159,-0.303027,-0.324959,0.341225,0.069361,-0.259633,-0.062966,0.277206,-0.404206,-0.257149,0.009793,-0.013496,-0.299305,0.020494,0.247935,0.367012,-0.089621,#
20,0.462442,0.029944,-0.119189,-0.233096,-0.30686,0.384289,0.014703,0.067328,-0.242768,-0.128385,-0.099325,0.505428,0.041379,0.266218,0.199668,0.065322,0.018656,-0.194893,0.351663,0.265738,1.0,0.015631,-0.24542,-0.128447,-0.140867,-0.137474,0.048217,-0.358577,-0.003645,0.059456,0.155152,0.268666,0.009079,0.352193,-0.296828,-0.214609,0.012414,0.002957,-0.163524,-0.277774,0.285263,0.337892,-0.095714,-0.042445,0.058668,-0.254281,0.023917,-0.118928,0.02045,-0.353739,-0.356515,-0.168991,0.413268,-0.003573,-0.142719,0.105871,-0.253727,-0.077315,-0.251014,0.116433,0.238395,-0.029553,0.106325,0.121644,0.134398,0.100842,-0.548097,0.006867,-0.087844,-0.31096,-0.178693,0.265554,0.083918,-0.026436,-0.213353,-0.323393,-0.124308,0.255774,0.105582,0.326949,0.104546,-0.328572,0.099757,-0.315995,0.099757,-0.201239,-0.018024,0.102837,0.108703,-0.026038,-0.153636,-0.039025,-0.001162,-0.199618,0.157408,-0.112909,-0.310636,0.219505,0.087562,0.183523,0.138018,0.060423,-0.237116,-0.104475,0.029434,-0.053597,0.12358,0.217757,-0.046603,-0.018852,0.121797,0.150803,-0.486841,0.025514,0.237228,0.371329,-0.230726,0.130954,0.124097,-0.133898,0.087913,0.084767,-0.257228,-0.038836,-0.253185,-0.178186,-0.201533,0.015357,-0.170953,0.269829,0.175371,-0.084581,0.192275,0.235968,-0.100366,0.29484,0.179938,-0.166103,0.136284,-0.355509,-0.233125,0.335747,0.167452,0.065142,-0.025166,-0.053045,0.160619,-0.336773,-0.339078,-0.005733,-0.019272,0.005556,0.08201,0.090072,0.016754,0.145308,0.412489,-0.064782,-0.367759,-0.385255,0.168906,-0.082918,0.36837,-0.418201,-0.271109,-0.103536,-0.026435,0.269574,0.365055,-0.104705,-0.055177,0.340382,-0.034287,0.000224,-0.328526,0.029088,-0.235254,-0.352084,-0.100846,0.347223,-0.036015,-0.2738,-0.056631,0.219763,0.019596,0.391507,0.244587,-0.176844,0.134703,0.143967,-0.182026,-0.098989,-0.146125,-0.209641,-0.049422,-0.120155,0.313188,-0.359385,-0.035576,-0.126558,#
