0,1.0,0.147324,-0.011072,-0.20307,0.194582,-0.020824,-0.0145,-0.166503,0.316847,0.094696,-0.329726,0.026068,-0.212275,0.328879,0.265293,-0.185441,-0.060108,-0.013109,-0.209508,-0.033682,-0.405512,-0.411359,-0.339697,-0.150452,0.424753,-0.349477,0.163205,-0.285048,0.280441,0.097644,-0.411983,0.0746,-0.082245,-0.067861,0.089137,0.211838,0.108934,0.013307,-0.355942,0.153424,-0.016464,-0.053682,-0.378166,-0.037502,0.302112,-0.247797,0.176519,0.184849,0.010827,0.090635,-0.188761,-0.179792,0.070997,0.193039,-0.060948,0.07875,0.213237,-0.140768,-0.113388,0.371376,-0.075857,0.464816,0.39085,-0.332568,-0.358187,-0.08896,0.249754,0.021889,-0.009694,-0.122358,0.05287,-0.070667,0.084665,-0.028448,-0.007054,-0.147602,0.001057,-0.395938,0.180482,0.1747,0.086575,-0.17565,0.085606,-0.504587,-0.004747,-0.061638,-0.26325,-0.13033,-0.118058,-0.386764,-0.06814,-0.164095,0.053803,0.228841,-0.071793,-0.065393,-0.047802,0.089721,-0.026531,-0.12712,-0.101926,-0.05885,-0.124084,0.209589,-0.05682,-0.111265,0.270537,-0.21295,0.092779,-0.535821,0.27028,0.0,0.069131,-0.142566,0.079999,-0.508538,-0.130206,-0.13708,0.135582,-0.24916,0.391515,0.006579,-0.142146,0.036614,0.2977,-0.130222,-0.273367,0.125876,-0.151933,0.118282,0.170394,-0.076445,-0.342225,0.097542,0.29018,0.001057,0.249754,0.011019,0.130498,0.013133,0.323531,-0.441544,0.365545,-0.210796,-0.156403,-0.154686,-0.039877,0.27096,-0.037479,0.198824,-0.313963,0.213028,0.420676,-0.188529,0.343328,0.139094,-0.012387,0.181127,-0.056948,0.025356,-0.273469,-0.055006,0.051899,0.075795,-0.236441,0.13308,-0.049273,0.448618,0.116469,-0.391915,-0.054258,0.058653,0.210149,-0.079671,-0.136974,0.001386,0.09095,-0.001222,0.218623,-0.365477,0.092161,0.065447,-0.2558,0.038451,-0.000691,-0.111034,0.498572,-0.082284,-0.084998,0.146911,-0.144224,-0.149281,0.14304,0.17216,-0.147032,-0.039565,-0.268613,-0.134854,0.120063,-0.230789,#
1,0.147324,1.0,-0.353164,-0.185677,0.223287,0.157134,0.012075,-0.166592,0.153776,0.101565,0.024207,-0.122631,0.332588,0.344236,0.046492,0.013526,-0.234884,0.170786,-0.162791,-0.012213,0.279047,0.252945,0.351488,-0.006251,2.4e-05,-0.3542,0.501393,0.062269,0.158719,0.299082,-0.41929,-0.025205,0.170719,-0.556761,0.030783,0.018731,0.44379,-0.676391,0.096999,0.183255,0.164245,0.621775,0.112191,-0.091197,0.113923,0.27092,0.017134,0.589173,-0.096568,-0.209836,-0.123021,-0.668042,0.070149,-0.309459,-0.087007,-0.10477,-0.111999,0.433179,0.125716,0.341468,-0.011883,0.108011,0.114556,-0.012736,-0.116899,0.493073,-0.166592,0.584059,0.404509,-0.090229,-0.402429,-0.190602,0.322986,-0.183219,-0.322761,-0.093124,-0.407936,-0.245001,-0.184663,-0.309053,-0.421656,-0.827763,-0.251737,-0.347506,-0.156992,-0.391611,0.117691,-0.47095,-0.462957,-0.204717,-0.41055,-0.495361,-0.299363,-0.133586,-0.391165,-0.073592,-0.484073,-0.38776,-0.201158,-0.47095,0.066736,-0.219488,-0.301303,-0.195264,0.137743,-0.314659,-0.388904,-0.559786,-0.294571,-0.191114,0.201125,0.0,-0.436141,-0.508716,0.092154,-0.324219,-0.301303,-0.038282,-0.219761,-0.418022,-0.21654,-0.345674,-0.51253,-0.449964,-0.035732,-0.30493,-0.108744,0.290897,-0.313387,-0.45841,-0.042154,-0.287351,-0.490569,-0.110396,-0.267461,-0.407936,-0.166592,-0.170883,0.302668,-0.689606,-0.356054,-0.13978,-0.196378,-0.315942,0.019899,-0.314463,-0.352719,0.44562,-0.426939,-0.02403,-0.482194,-0.462957,-0.212167,-0.225968,-0.198459,-0.069001,-0.158028,0.540895,-0.243554,-0.508666,-0.080529,-0.043584,-0.450339,0.246886,-0.406004,0.483797,-0.230296,-0.137121,-0.110729,-0.205617,-0.046151,0.257276,-0.407867,-0.256142,0.199929,-0.506751,-0.356054,-0.192559,0.542584,-0.451223,0.763425,-0.098018,-0.306096,0.42594,0.364341,-0.565154,-0.165679,-0.103382,0.033233,0.511079,-0.413226,0.379313,0.479322,0.3569,0.173756,-0.351978,0.073227,-0.485959,-0.068306,0.176616,#
2,-0.011072,-0.353164,1.0,0.200926,0.119791,0.174338,0.056875,0.212661,0.46632,-0.136686,-0.140442,0.349319,-0.363556,-0.018999,-0.374686,-0.264749,-0.190463,-0.006756,0.09958,0.241949,-0.415663,-0.454494,-0.095702,0.030122,0.085285,-0.060208,0.058619,-0.042495,0.13786,-0.181386,0.072659,0.376069,-0.509981,0.30018,-0.005241,-0.098834,0.103823,0.017937,-0.00357,-0.267311,-0.182644,0.043388,-0.114517,0.163221,-0.224292,0.009309,0.128842,0.007136,-0.090358,0.413964,0.115183,0.34038,-0.011815,-0.00865,0.005616,0.063688,0.005137,-0.112457,-0.487753,-0.204353,0.038068,-0.059539,-0.097694,-0.169464,-0.015798,-0.18363,0.181202,-0.113565,-0.219366,0.399827,0.378639,0.282428,0.00508,0.161529,-0.06412,0.167763,0.085377,0.053643,0.261945,-0.183879,0.024692,0.179262,0.192887,0.614691,0.145412,0.365804,-0.257082,0.122202,0.103207,-0.202759,0.422015,0.443388,0.368384,0.223332,0.093406,-0.000955,0.312585,-0.128314,0.368354,0.252561,-0.209486,-0.026842,0.090099,0.260379,-0.115399,0.209931,0.345501,0.39471,-0.049541,0.145754,0.005925,0.0,0.375846,0.23996,-0.137528,0.235594,-0.060255,-0.105055,-0.017283,0.353599,0.086686,0.258544,0.386355,-0.057949,-0.153629,0.13821,0.255066,-0.256423,-0.319761,0.160521,0.316292,0.341044,0.03318,0.268092,-0.06977,0.092734,0.196932,0.268805,-0.141292,0.354811,0.404821,0.225335,-0.265173,-0.282514,0.204147,-0.010823,0.317282,-0.000491,-0.068385,0.063057,0.247374,0.10927,0.458368,0.483515,0.212673,-0.026082,0.05787,-0.048216,0.46222,0.046841,0.035982,-0.150948,0.588438,0.047593,0.344589,-0.453235,0.137824,-0.171559,0.367968,-0.192435,0.052253,0.182304,0.270342,0.100893,-0.061122,0.1787,0.15975,0.490079,-0.229322,-0.071533,-0.287404,0.112072,0.290484,-0.354759,-0.332187,0.660154,0.174475,0.090907,-0.490607,0.101609,0.222776,-0.360673,-0.297062,-0.103638,-0.531986,-0.038561,-0.048546,-0.043105,0.270999,0.095654,#
3,-0.20307,-0.185677,0.200926,1.0,0.119473,-0.171601,0.015169,0.206611,-0.206797,0.352834,-0.326534,-0.003078,-0.008568,-0.180436,-0.376979,0.045323,-0.191393,0.009634,-0.291784,0.456042,-0.149996,-0.001784,-0.113133,0.20964,-0.316002,-0.051666,-0.259989,-0.167755,-0.051947,-0.223267,0.431954,-0.186671,0.111544,0.645748,0.039952,-0.271393,-0.024765,0.366819,-0.001785,-0.104258,-0.010517,0.084138,0.108504,-0.230158,-0.002746,0.098679,-0.359414,-0.132643,0.164182,0.238843,0.111347,0.012501,0.319366,0.077468,-0.315903,-0.180662,0.014253,0.079011,0.041244,-0.222458,-0.520066,-0.023038,0.125623,0.122753,-0.24985,-0.240447,0.191099,-0.286696,-0.207776,0.157188,-0.062147,-0.184074,0.207311,0.276214,-0.0478,-0.382264,0.2759,0.525842,0.452814,-0.012764,0.191399,0.362396,0.170076,0.11138,0.293706,0.194254,0.269375,0.126313,0.27356,-0.017581,-0.082101,0.117939,0.523331,0.039799,0.103094,-0.01307,-0.031737,0.188577,0.202298,0.420049,-0.231375,0.129662,0.593735,0.468737,0.184289,0.221321,0.018246,0.063675,-0.227798,-0.199179,-0.168526,0.0,0.374385,0.4193,0.181136,0.427514,0.424184,0.078653,-0.004622,0.215766,0.467543,0.432724,0.181586,0.114277,-0.141179,0.455358,0.093223,-0.051524,0.266143,0.362366,-0.069205,0.351572,0.370058,0.519398,0.294283,0.483312,0.191099,0.276686,-0.219643,0.350115,0.400747,0.317902,0.252747,0.222851,0.553228,0.432861,-0.02644,-0.30703,0.142223,-0.126705,-0.16871,-0.028223,0.064604,0.476202,0.387793,0.46597,-0.368597,-0.023446,0.458296,0.240028,0.578262,0.345027,0.256001,0.200352,0.176395,-0.290846,0.152076,-0.099014,0.361096,0.496266,-0.095096,-0.298626,0.075159,0.279837,-0.374665,0.521559,-0.045125,-0.153073,-0.539255,-0.062952,-0.117729,-0.560724,0.341183,0.021238,-0.649674,0.232694,-0.193506,0.120107,-0.147243,-0.378127,0.223375,-0.343828,-0.632998,-0.170924,0.209308,-0.007264,-0.026587,0.15301,0.091631,0.116339,#
4,0.194582,0.223287,0.119791,0.119473,1.0,-0.216616,0.156546,0.172626,0.203838,0.097501,-0.039134,0.092927,-0.061739,0.077337,-0.125075,-0.061777,0.265073,0.072944,-0.095569,0.226851,-0.070173,-0.241786,0.102832,0.093773,-0.156097,-0.097784,0.169592,0.095717,0.327751,-0.075017,-0.193119,-0.086729,-0.154078,-0.116404,0.294149,0.02311,0.388985,-0.438851,-0.265733,0.093311,0.071721,0.337915,-0.187187,-0.413755,0.335038,0.243385,0.014924,0.303849,0.277533,0.028708,-0.00123,-0.496725,0.266936,-0.311172,-0.328562,-0.314664,0.097289,0.060471,0.280957,0.003143,-0.406856,0.302761,-0.048809,0.041371,-0.155969,-0.041096,0.156523,0.089982,0.11374,-0.132851,-0.012516,-0.168523,0.177522,-0.286399,-0.094465,-0.411637,-0.182947,-0.048008,-0.304642,-0.139278,-0.212444,-0.067464,-0.229325,0.067524,-0.109904,0.080889,-0.230365,-0.141379,0.15919,-0.234591,-0.186731,-0.247163,0.141999,-0.539035,-0.514929,-0.446488,-0.396719,-0.250355,-0.228676,-0.14102,-0.185671,-0.269695,-0.308043,0.01887,-0.059486,-0.029082,-0.074312,-0.145297,-0.292083,-0.101556,0.097621,0.0,-0.006826,-0.169221,-0.059964,0.225454,-0.141077,-0.376128,0.075099,-0.035466,0.001796,-0.120948,-0.142991,-0.440093,-0.108951,0.027725,-0.165239,0.12741,0.07114,-0.274093,0.328961,0.110218,-0.074756,0.356978,-0.263401,-0.182947,0.156523,-0.111735,0.150562,-0.113619,-0.084457,-0.052503,-0.041301,-0.148533,-0.114533,0.033705,0.210994,-0.18541,-0.268822,-0.171271,-0.403065,-0.018272,0.015246,0.042399,0.389369,-0.118239,-0.034359,0.389401,-0.21415,-0.181661,0.273993,-0.18735,0.013716,0.118968,-0.214525,0.243911,0.092471,0.09146,-0.072793,-0.075335,-0.043358,0.38295,-0.380205,0.146174,-0.149424,-0.089001,-0.287967,0.126148,0.1621,-0.479849,0.092714,-0.13844,0.096276,-0.164504,-0.093877,-0.24095,-0.189563,-0.176482,0.017025,-0.276452,-0.114315,0.187996,0.083022,-0.006326,-0.097814,-0.135371,0.493576,-0.277918,-0.035705,0.265334,#
5,-0.020824,0.157134,0.174338,-0.171601,-0.216616,1.0,0.183707,0.196723,0.480293,-0.073405,0.351649,0.186857,-0.338617,-0.0107,-0.189905,-0.090496,-0.019241,-0.131383,0.074659,-0.192188,0.031365,0.054449,0.435154,-0.444881,0.300233,-0.178188,0.266614,0.216862,-0.198745,0.207533,-0.314801,0.055897,-0.265875,-0.068125,-0.327485,0.249016,0.041414,-0.095724,0.235742,0.093452,0.047972,0.114731,0.254272,-0.227013,-0.374859,0.277615,0.144243,0.196364,-0.129083,0.083404,-0.101584,0.010519,0.004798,0.094838,0.324479,0.437427,-0.544965,0.310211,-0.175715,0.276842,0.221413,0.165207,0.156864,0.099505,-0.141226,0.230378,-0.210402,0.429663,-0.002705,0.174716,0.084856,-0.019548,0.226534,-0.236071,-0.259622,0.414413,-0.111961,-0.178016,0.242576,-0.198531,-0.324308,-0.344002,-0.154018,0.256954,-0.356202,0.13712,-0.295748,-0.038864,-0.110619,-0.007101,0.080679,-0.240861,-0.175591,0.017319,-0.078543,0.005261,0.207082,-0.015456,0.048096,-0.264531,0.049236,-0.168929,0.066193,-0.195703,-0.092591,-0.204258,0.162828,-0.109471,0.10488,0.259538,-0.145463,0.0,-0.177636,-0.34613,0.224875,-0.348565,-0.254295,-0.318103,0.158694,-0.012342,-0.117268,-0.265446,-0.194808,-0.252326,-0.030432,-0.196827,0.40421,0.342132,-0.273577,-0.018821,0.041484,0.16418,-0.166203,-0.237782,0.060863,0.070847,0.180438,-0.09559,0.167775,-0.362969,-0.098102,-0.015547,-0.117841,-0.093203,-0.039272,-0.247456,-0.022814,0.268069,-0.138425,-0.123397,-0.055321,-0.226571,0.214912,0.00685,-0.048437,-0.032824,-0.089476,-0.022998,0.077007,0.065426,-0.106549,0.134307,-0.255665,0.055543,0.322742,0.048459,-0.444591,-0.313085,-0.09205,-0.176303,0.061977,0.230545,0.101507,-0.316903,0.070614,-0.362027,-0.089526,0.225323,0.122142,-0.230653,0.047598,0.075785,-0.126365,0.168662,0.048022,-0.064066,-0.025592,-0.120437,-0.013136,0.329724,-0.068834,-0.018964,0.04416,0.450887,0.139831,0.303627,0.119833,-0.309902,-0.310798,0.074947,#
6,-0.0145,0.012075,0.056875,0.015169,0.156546,0.183707,1.0,0.202543,0.01326,0.094783,0.18737,-0.155525,-0.024152,-0.208473,-0.043459,0.221698,-0.008673,0.083785,0.042209,-0.136263,0.285516,0.059234,0.051394,-0.175452,-0.096889,-0.070256,0.058568,0.143075,-0.001497,0.19673,-0.423845,0.096325,0.297038,-0.057974,0.199121,-0.276607,-0.022269,-0.168239,0.005589,0.042118,-0.152469,-0.090378,0.259868,-0.399699,-0.146397,0.210487,-0.023396,0.102257,0.356721,0.10524,0.092272,-0.184944,-0.036141,-0.002082,0.019919,-0.089339,0.169937,0.003889,-0.188188,0.100908,-0.200094,-0.010328,-0.121629,-0.010669,-0.211945,-0.248281,-0.209801,0.044439,-0.043839,0.283593,0.049231,-0.281017,0.236832,0.047481,-0.074444,0.159762,0.058051,-0.15981,-0.235838,-0.191118,-0.348787,-0.0197,-0.000943,0.123662,-0.17419,0.175496,-0.269625,0.133417,0.050132,-0.160808,-0.049882,-0.080631,0.023187,-0.146401,0.082802,-0.027593,0.035274,-0.182257,-0.27486,-0.095142,0.189281,-0.18044,-0.086613,0.027088,-0.092751,-0.027916,0.312667,0.075461,-0.28801,0.144576,-0.234775,0.0,-0.151318,-0.194269,-0.260725,0.034256,-0.2695,-0.286798,-0.189768,0.175671,0.084498,-0.230066,0.194671,-0.104383,-0.425869,0.167647,0.081636,0.230135,-0.24499,-0.191956,-0.067977,-0.184408,0.022304,0.119896,-0.10369,0.079833,0.18605,-0.435609,0.079158,-0.010223,-0.092309,0.030756,0.228629,-0.288357,-0.30296,-0.371933,0.186014,0.096285,-0.11078,0.053535,-0.206991,-0.366511,0.021405,-0.1705,0.352044,-0.034064,-0.179136,0.098934,-0.254298,-0.289296,-0.000232,-0.121276,-0.084519,0.09264,-0.006423,-0.121187,-0.109832,-0.05513,-0.053681,-0.16397,0.047253,-0.005357,-0.084141,-0.277042,-0.080314,-0.010279,-0.116832,0.282747,-0.045976,-0.304171,-0.250421,0.072414,0.464777,0.234031,-0.299372,-0.040575,0.009335,-0.603796,0.166247,-0.150562,-0.227044,0.173282,0.238507,0.137523,0.340523,0.282087,0.006491,-0.309616,-0.116084,-0.511493,#
7,-0.166503,-0.166592,0.212661,0.206611,0.172626,0.196723,0.202543,1.0,-0.166443,-0.179883,0.160582,-0.293897,-0.139357,-0.165935,-0.100567,-0.248814,-0.139885,-0.247836,-0.267851,-0.101144,0.202209,0.186684,0.160326,0.19245,-0.10201,0.299847,0.125539,0.163167,0.114262,-0.114583,0.151907,-0.190635,-0.100217,0.319263,0.173146,-0.127228,0.219514,0.20433,-0.089073,-0.248739,0.288918,0.260429,0.132089,-0.258748,-0.113162,-0.000966,0.204221,0.041024,0.055769,-0.269026,-0.53453,0.169417,-0.113485,0.042258,0.040328,-0.198,-0.296825,0.056284,0.116682,0.090855,-0.146846,-0.106566,-0.394138,0.093152,0.141124,0.126794,-0.041667,0.132148,0.00566,0.124796,-0.319283,0.156,0.473033,0.263326,-0.166559,-0.103609,0.413851,0.211737,-0.166434,0.223607,-0.180633,0.174373,-0.180619,0.259163,-0.166597,0.213762,-0.325804,0.221859,0.195577,-0.139993,0.163414,-0.166574,-0.152845,-0.127224,0.161972,0.367603,0.188057,0.21185,0.206587,0.221859,0.062085,-0.139868,0.22585,-0.102012,0.204769,-0.152667,0.212076,0.172644,-0.114448,0.260877,0.071629,0.0,-0.152997,0.334508,0.247182,0.330876,-0.195862,-0.266005,-0.139371,0.242185,-0.101942,-0.166463,0.127229,-0.195968,-0.519018,0.219905,0.195787,0.159474,0.115499,0.372085,0.120455,0.381161,0.15,-0.222649,0.148639,0.413851,-0.041667,-0.166477,0.141879,0.152909,-0.089054,0.133757,-0.126602,0.139097,0.154246,0.124465,-0.166283,-0.17901,0.116122,-0.101822,0.156982,0.195577,-0.102026,0.425284,0.161887,-0.139629,0.162225,-0.222193,0.14279,-0.127224,0.159278,-0.075346,0.194035,0.244923,0.242828,0.191097,-0.139693,-0.31414,-0.114406,-0.139967,-0.199088,0.185499,-0.102013,0.142604,-0.219605,0.177481,-0.089054,0.211952,-0.222125,0.120575,-0.202694,0.130114,0.179075,-0.350743,-0.28548,0.161099,-0.218117,0.169323,0.27177,-0.154976,0.201864,-0.217701,-0.240842,0.220695,0.180281,0.321239,0.172613,0.186337,-0.326229,-0.101583,#
8,0.316847,0.153776,0.46632,-0.206797,0.203838,0.480293,0.01326,-0.166443,1.0,0.102257,-0.133366,0.401874,-0.189415,0.511227,-0.183033,-0.157735,-0.041335,0.271927,0.301731,0.170601,-0.42299,-0.496065,0.360256,-0.511736,0.197795,-0.344076,0.294777,0.009019,0.140853,0.131674,-0.471292,0.145621,-0.400331,-0.073125,-0.147953,0.403294,0.258395,-0.359692,-0.13456,0.001383,-0.016946,0.27265,-0.275668,-0.092215,0.103618,-0.010699,0.528845,0.466612,-0.03496,0.286681,0.091098,-0.010377,0.112265,0.059886,-0.079384,0.413036,-0.142195,0.337492,-0.174213,0.307481,-0.012445,0.27173,-0.002374,-0.215258,-0.111704,0.375812,0.22673,0.40297,0.239115,0.093463,0.245926,0.00428,-0.125966,-0.152238,-0.355399,0.068687,-0.223673,-0.379247,0.122318,-0.161033,-0.079019,-0.357766,-0.088697,0.171007,-0.01416,0.258146,-0.45881,-0.155026,-0.145574,-0.021508,-0.098831,-0.004188,-0.139109,0.020871,-0.254019,-0.253297,0.185871,-0.24803,0.101904,-0.338608,-0.235312,-0.217067,-0.177759,-0.031312,-0.37983,-0.151726,0.104506,-0.068523,0.075737,-0.176793,0.1143,0.0,0.046342,-0.147592,-0.108175,-0.31382,-0.155283,-0.335106,0.333298,-0.255664,-0.026919,-0.210184,-0.129239,-0.478641,0.016675,-0.135838,0.02087,-0.041996,-0.384072,-0.10375,0.131264,0.286886,-0.48151,0.056338,-0.293215,-0.223673,0.22673,0.139731,0.36268,-0.158952,0.058336,-0.151641,-0.17261,-0.334674,-0.014712,-0.37151,0.324319,0.43449,-0.256131,0.183152,-0.129292,-0.168234,0.383737,0.000958,0.154696,-0.063275,0.303117,0.388557,-0.069287,0.194114,-0.35089,-0.068546,0.04961,0.249643,0.238417,-0.028305,-0.056599,-0.13998,-0.097159,-0.212653,0.11417,0.40718,0.19367,-0.277509,0.028937,-0.203402,0.066962,0.120417,0.179588,-0.353098,0.264932,0.241564,-0.23309,-0.173468,0.182665,0.135626,0.341368,-0.117107,-0.586224,0.312808,-0.108973,-0.12398,0.135672,0.218609,-0.396114,0.111214,0.063455,-0.414637,0.104873,0.227104,#
9,0.094696,0.101565,-0.136686,0.352834,0.097501,-0.073405,0.094783,-0.179883,0.102257,1.0,-0.097925,0.076579,0.310358,0.104464,-0.215064,0.423181,0.042043,0.013287,-0.13681,0.121449,0.000499,0.00097,0.08795,-0.268357,-0.033667,-0.255851,-0.14104,-0.440932,-0.013747,0.058439,-0.209884,-0.055046,0.225773,0.076579,0.31871,-0.020269,-0.044494,-0.259957,-0.216328,0.237881,-0.202476,0.062775,0.046075,-0.067936,0.130885,0.187284,-0.043818,-0.0513,0.025328,0.166498,0.11924,-0.258799,0.239781,-0.032108,-0.05491,0.353493,-0.088071,0.186555,-0.057905,-0.048468,-0.219419,0.067472,0.240741,0.247838,-0.466502,0.003364,0.214021,-0.210027,0.047051,-0.066041,0.013715,-0.424286,-0.154269,-0.2349,-0.249371,-0.202427,0.166432,0.16792,0.122623,-0.042058,0.022319,-0.111532,0.158921,-0.26116,0.068248,-0.172144,0.14946,0.110222,-0.028389,0.117506,-0.193398,-0.094128,0.311985,-0.001662,-0.130155,-0.092335,-0.293571,0.044135,-0.322892,0.081702,-0.20996,0.259702,0.137085,0.180351,-0.102864,0.130437,0.076112,0.011495,-0.148026,-0.10164,-0.228894,0.0,-0.017424,-0.013354,-0.146199,-0.044113,-0.035674,-0.000817,0.105755,0.040555,0.38168,0.231557,-0.082961,-0.213857,-0.156413,0.276053,-0.389437,-0.228723,0.240378,0.269375,-0.20689,0.059084,-0.070058,0.425967,-0.024765,0.185398,-0.179883,-0.235042,-0.088322,0.071995,0.060884,-0.178496,0.359177,0.153933,0.053199,0.157293,0.064732,0.062649,-0.197601,-0.041403,-0.316774,-0.081981,-0.245264,-0.039467,0.232869,0.277202,-0.050177,0.257392,-0.196441,-0.008996,0.087473,0.174696,-0.057227,0.183133,-0.307092,-0.282418,0.077416,0.160864,0.045975,0.225069,0.18383,-0.195735,0.39522,-0.035048,0.148332,0.045431,-0.17704,-0.115214,-0.374247,-0.272181,0.031471,-0.362511,0.017925,0.283294,-0.260694,-0.06203,0.225837,-0.180013,-0.008957,-0.085071,-0.273982,0.106911,0.028692,-0.156062,0.075504,0.11892,-0.055839,-0.054391,-0.021956,-0.053803,#
10,-0.329726,0.024207,-0.140442,-0.326534,-0.039134,0.351649,0.18737,0.160582,-0.133366,-0.097925,1.0,0.334169,-0.265154,-0.482557,-0.060679,0.065359,0.393525,-0.259335,0.111054,-0.454642,0.494339,0.380915,0.230978,0.190642,0.020751,0.186001,-0.159199,0.149206,0.289485,0.300675,-0.299807,-0.073108,-0.354357,-0.163301,0.330145,0.152038,-0.031709,-0.164071,0.386974,0.248659,-0.09642,-0.052713,0.226496,-0.209371,-0.277944,0.48929,-0.184033,-0.281391,0.230353,-0.09884,0.020457,-0.198386,-0.266912,-0.214718,0.373266,-0.079893,-0.426931,0.072666,-0.067558,-0.202053,0.351863,-0.283155,0.014714,0.27998,0.278414,-0.022075,-0.2474,-0.137337,0.042476,-0.292189,-0.20431,0.062606,0.148866,-0.359791,0.143013,0.41491,-0.20171,0.012532,-0.194552,-0.370602,-0.458144,-0.189529,-0.438731,0.165534,-0.138007,-0.174425,-0.141091,0.005904,-0.274162,0.065995,0.075001,-0.192522,-0.253667,-0.266434,-0.111062,-0.095335,-0.31343,-0.163366,-0.416764,-0.213693,0.360675,0.078651,-0.386289,-0.472983,-0.080795,-0.101765,-0.150988,0.070032,-0.182077,0.642779,-0.384614,0.0,-0.273174,-0.270404,-0.217976,0.106066,-0.22369,-0.073741,-0.159673,0.374375,-0.396369,-0.183297,-0.450727,-0.055932,0.017007,-0.168971,0.093397,-0.019575,-0.140447,-0.101233,-0.033217,-0.291945,0.149465,-0.175122,-0.17194,0.008423,-0.2474,-0.530169,0.012343,-0.383806,-0.382678,0.230688,-0.023614,-0.08091,-0.232375,-0.114239,0.194691,-0.185859,-0.034111,-0.417192,0.101476,-0.201262,-0.270413,-0.266104,-0.444057,-0.482706,-0.042849,-0.187973,-0.131886,-0.193919,0.135158,0.068487,-0.560762,-0.40836,-0.28964,-0.114036,-0.376785,-0.118526,-0.343454,0.061877,0.087204,-0.168248,-0.18074,-0.526353,0.280178,-0.534199,-0.382678,0.280171,-0.0043,0.097624,-0.075964,0.228422,0.288561,0.323854,0.221581,-0.24584,-0.086193,-0.129691,0.475801,0.073483,-0.378561,0.66274,0.059602,-0.066305,0.162083,0.214999,0.482368,-0.317867,-0.329463,-0.011467,#
11,0.026068,-0.122631,0.349319,-0.003078,0.092927,0.186857,-0.155525,-0.293897,0.401874,0.076579,0.334169,1.0,-0.405957,-0.111714,-0.145042,0.010208,0.308851,-0.219125,0.053581,0.042228,-0.272549,-0.307977,0.043246,0.100394,0.147992,0.014825,-0.266695,-0.001071,0.390979,0.223763,-0.306003,0.22871,-0.706885,0.02614,-0.00432,0.269491,-0.128335,-0.07551,0.335144,0.371671,-0.109064,-0.108353,-0.075101,-0.072018,-0.008703,0.388914,-0.007575,-0.226474,0.260747,0.371461,0.321302,0.016006,-0.207783,0.044261,0.089684,0.219685,-0.324669,-0.083651,-0.275855,-0.244348,-0.017347,-0.033294,0.319108,-0.050632,0.010225,-0.096736,0.118108,-0.205889,0.025932,-0.140634,0.243236,-0.043029,-0.146921,-0.161118,-0.182912,0.182043,-0.314417,0.011244,0.148564,-0.377415,0.055307,-0.070212,0.041719,0.368605,0.041893,-0.042041,-0.09073,-0.194028,0.013562,-0.217869,-0.0218,0.0096,0.103763,-0.209139,-0.191,-0.19289,-0.110301,-0.382495,0.042803,-0.089999,-0.138314,0.136538,-0.268761,0.031672,-0.295273,0.280167,-0.187956,-0.021604,-0.095342,0.007426,-0.477199,0.0,-0.07818,-0.00925,-0.434702,0.023909,0.082982,-0.229522,0.086637,0.051036,-0.100762,0.149316,-0.205627,-0.060964,0.280716,-0.014633,-0.146585,-0.389486,-0.295204,-0.217795,0.01511,-0.220801,-0.092448,0.249856,-0.111222,-0.093369,0.118108,-0.024486,0.036061,-0.12791,0.198725,0.207879,0.054818,-0.15026,-0.160328,-0.157943,0.405985,-0.033435,0.043537,-0.314867,-0.067627,0.076234,0.041495,0.065434,-0.181184,-0.102357,0.077838,-0.214199,0.135456,0.056355,0.070044,-0.013874,-0.114979,-0.421919,-0.139615,-0.361976,0.047335,-0.074637,0.133418,0.132374,0.082753,-0.124155,-0.077641,-0.480564,0.232029,-0.273942,-0.257515,0.055888,-0.0761,-0.153315,-0.11615,0.078205,0.172809,0.181231,0.138235,0.024973,0.304212,-0.203737,-0.191436,0.035203,-0.352119,0.310496,-0.1942,-0.07528,-0.150183,0.024349,0.421459,-0.284421,-0.080113,0.381311,#
12,-0.212275,0.332588,-0.363556,-0.008568,-0.061739,-0.338617,-0.024152,-0.139357,-0.189415,0.310358,-0.265154,-0.405957,1.0,0.100705,0.060032,0.382476,-0.467855,0.197766,-0.01862,0.080733,0.27418,0.299934,0.009643,-0.08922,-0.341179,-0.071042,0.223786,0.128024,-0.089933,0.009498,0.042001,0.038459,0.431861,-0.268354,-0.053328,-0.227741,0.131706,-0.358497,-0.297911,0.195511,-0.083449,0.288545,0.208535,0.362176,0.018459,-0.139225,0.020542,0.248889,-0.209154,-0.33604,0.002377,-0.094896,0.180172,-0.033584,-0.134989,-0.15796,-0.075541,0.2772,0.087444,-0.006662,-0.065647,0.0118,-0.342814,0.098219,0.005979,0.371884,-0.139357,0.274191,0.332885,-0.171857,-0.364261,-0.016197,-0.055927,0.100342,-0.007082,-0.36302,-0.170414,-0.067778,-0.206951,-0.154571,0.042815,-0.329758,0.229661,-0.209884,-0.013265,-0.411061,0.223601,0.18333,-0.287622,0.297663,-0.179503,-0.416878,-0.178128,-0.225136,-0.011398,0.199381,-0.13828,-0.041312,-0.2366,-0.003412,-0.045136,-0.10482,0.002824,-0.114039,-0.011629,-0.009948,-0.216925,-0.009625,-0.215577,-0.18063,0.203903,0.0,-0.324123,-0.07387,0.085316,-0.031185,0.002824,0.013861,-0.291316,-0.050264,-0.136835,-0.030712,-0.041699,-0.15719,-0.349703,0.220694,-0.287931,-0.148511,0.222245,-0.173932,-0.48396,-0.200783,-0.045198,-0.097888,-0.167875,-0.119164,-0.139357,-0.067651,0.212618,0.082009,-0.297845,0.02465,-0.050774,-0.033778,-0.049618,0.142692,-0.363894,0.213671,-0.511428,0.053502,-0.048607,-0.104593,-0.341232,-0.146921,-0.29808,0.036476,0.124702,0.075893,-0.335234,-0.225136,-0.157382,-0.252,0.061789,0.0817,-0.308305,0.182853,-0.122769,-0.009536,-0.012228,-0.086236,-0.222385,0.080559,-0.107984,0.021957,0.247781,0.015306,-0.105522,-0.217579,0.062045,-0.069071,0.338944,-0.106968,-0.152978,0.213775,0.274338,-0.067184,-0.102681,-0.030045,0.106756,0.170717,-0.089486,0.123628,0.374553,0.10437,0.068076,-0.028313,-0.005895,0.037977,0.021985,-0.124118,#
13,0.328879,0.344236,-0.018999,-0.180436,0.077337,-0.0107,-0.208473,-0.165935,0.511227,0.104464,-0.482557,-0.111714,0.100705,1.0,0.204798,-0.200784,-0.030849,0.28246,-0.065411,0.409406,-0.31398,-0.257094,0.123291,-0.420382,-0.009266,-0.06046,0.295562,-0.214168,-0.008032,0.120309,-0.278567,-0.035333,0.09611,-0.226193,-0.195078,0.22926,0.216661,-0.244213,-0.129719,-0.21619,0.084671,0.228834,-0.465926,0.120861,0.271281,-0.411078,0.673023,0.454213,-0.305252,0.144329,-0.215652,-0.001613,0.072755,0.211468,-0.404657,0.311683,0.224244,0.23233,0.294605,0.269449,-0.281443,0.302087,-0.084899,-0.29737,-0.139069,0.43277,0.233908,0.370765,0.38724,0.154583,-0.100063,0.086613,-0.12098,0.157537,-0.325404,-0.275586,-0.054291,-0.07676,-0.182971,0.160337,0.229067,-0.36195,0.05658,-0.150883,0.021376,0.261315,-0.092596,-0.340195,-0.147817,-0.200915,-0.243482,0.144525,-0.126092,0.22495,-0.262028,-0.101868,0.18324,-0.096754,0.276873,-0.172799,-0.291208,-0.044566,-0.183097,-0.21497,-0.192959,-0.160995,-0.078013,-0.256652,0.247684,-0.35086,0.474949,0.0,-0.098608,0.007779,0.085377,-0.308967,-0.16024,-0.080208,0.350096,-0.717757,-0.015432,-0.177617,0.049706,-0.315119,0.123188,-0.27986,-0.135874,0.042899,-0.101907,-0.096341,-0.000524,0.300915,-0.655784,-0.159385,-0.095108,-0.406327,-0.165935,0.136946,0.331412,0.00195,-0.144102,-0.514634,-0.18445,-0.079969,0.032775,-0.30608,0.001513,0.579806,-0.032966,0.575041,-0.134444,0.005939,-0.001768,0.009125,0.161473,0.099004,0.501859,0.492568,-0.01937,0.038843,-0.502817,-0.063683,0.200647,0.602571,0.238849,0.298693,0.098273,0.059454,-0.097811,-0.205067,-0.071906,0.289467,-0.020153,0.09178,0.001381,-0.027505,0.260997,-0.361024,0.174777,-0.261373,0.46039,0.228377,-0.584101,-0.332246,0.347457,-0.032771,0.239688,0.06382,-0.589904,0.16541,0.067206,-0.278999,0.291877,0.176633,-0.063806,-0.221807,-0.424201,-0.084015,0.307772,0.239079,#
14,0.265293,0.046492,-0.374686,-0.376979,-0.125075,-0.189905,-0.043459,-0.100567,-0.183033,-0.215064,-0.060679,-0.145042,0.060032,0.204798,1.0,-0.020583,0.109499,-0.178127,-0.373368,-0.045188,-0.307359,-0.164857,-0.242018,-0.113358,-0.246212,0.128243,0.098191,-0.211003,-0.062807,-0.276557,-0.154226,0.363997,0.196327,-0.175777,0.048934,-0.071184,0.025192,0.137366,-0.214988,-0.022107,0.186802,-0.0898,-0.422539,0.003338,0.473477,-0.286641,0.363348,-0.020625,0.060939,-0.321889,-0.609463,0.084035,-0.273908,-0.067996,0.116476,0.029362,0.102793,-0.424263,0.015166,-0.011274,0.142191,0.221839,-0.021673,-0.216799,0.184429,-0.123921,-0.100567,-0.092005,0.042159,-0.336229,0.085084,0.164198,-0.214985,0.168388,0.195304,-0.199,-0.025882,0.003518,-0.251506,0.33771,0.109248,-0.06231,0.128098,-0.255827,-0.168204,0.220473,0.042932,-0.083632,-0.01229,-0.337887,-0.045499,-0.075902,-0.216732,0.111038,0.137643,0.197072,0.20053,0.003519,-0.100654,0.080936,-0.097286,-0.337586,-0.147963,-0.065267,-0.280571,-0.027139,-0.185218,-0.154148,0.337297,-0.076997,0.373552,0.0,-0.21984,0.048502,-0.198393,-0.150044,0.064714,0.137112,-0.139056,-0.290145,-0.246047,-0.01727,0.021392,0.291753,0.138973,-0.032188,-0.226953,0.220936,0.075001,-0.27673,-0.007144,-0.276523,-0.33815,-0.456179,0.292895,-0.24626,-0.100567,-0.068321,0.022926,0.106499,-0.015768,-0.206322,-0.059999,0.04661,-0.110133,-0.046569,0.006899,-0.032326,0.207725,-0.009931,0.089507,0.267212,-0.058813,-0.065213,0.072679,-0.138183,0.300507,-0.157842,-0.366078,-0.307068,-0.591982,-0.181856,0.007102,-0.199621,-0.109985,0.239852,0.011119,0.454591,0.134569,-0.337825,-0.147343,-0.033146,-0.246218,0.042932,-0.0291,0.179023,0.232335,-0.323126,0.275908,0.213361,-0.081086,0.444388,-0.24152,0.067634,0.165597,-0.104197,0.267616,0.125411,0.223118,-0.172083,0.020969,-0.129751,0.247365,0.112839,0.309049,-0.226151,-0.217066,0.197402,-0.165719,-0.00178,#
15,-0.185441,0.013526,-0.264749,0.045323,-0.061777,-0.090496,0.221698,-0.248814,-0.157735,0.423181,0.065359,0.010208,0.382476,-0.200784,-0.020583,1.0,0.034351,-0.004373,-0.129112,-0.204192,0.033172,-0.059392,-0.009718,-0.187913,-0.193359,-0.333726,-0.384945,-0.130535,-0.122723,0.095165,-0.135011,0.064119,0.201366,-0.126788,-0.070308,-0.207859,-0.110971,-0.156911,0.151946,0.480697,-0.322011,-0.13029,0.183852,0.027623,-0.054691,0.354109,-0.209028,-0.164439,0.013076,-0.060973,0.232135,-0.07378,0.250917,-0.208655,0.028456,0.257447,-0.034352,0.070364,0.063052,0.02481,-0.14873,0.252251,-0.017355,0.095529,-0.232758,-0.169401,-0.248814,-0.053229,0.040187,-0.401642,0.179421,-0.047733,-0.301018,-0.042534,0.009673,-0.231544,-0.038793,-0.005575,-0.157419,-0.06594,0.042879,-0.015561,0.212165,0.013777,0.180622,-0.012283,0.384148,0.437257,-0.091481,0.249706,0.092524,-0.178495,0.09674,-0.200887,-0.106936,-0.136226,-0.053552,0.171428,-0.15633,-0.068308,0.052874,0.230393,-0.057768,0.00489,0.04886,0.081845,-0.309718,0.278609,-0.150331,0.191827,-0.366008,0.0,-0.055438,-0.241886,-0.098674,-0.195413,0.099532,0.030266,-0.169234,0.109352,0.198347,-0.000751,0.099655,-0.059173,-0.080938,0.298341,-0.068793,-0.027284,0.029623,-0.10027,-0.184121,-0.314335,0.178164,-0.015263,0.006628,0.194834,0.146129,-0.201336,0.023082,-0.063012,-0.094442,0.074324,0.340158,0.158403,-0.020776,0.142859,0.16951,-0.29385,-0.221971,-0.043102,0.10419,0.055166,-0.413537,-0.215363,-0.072348,0.180877,-0.221656,-0.095258,-0.303194,-0.026863,-0.089707,-0.192416,-0.260879,-0.256176,-0.129745,-0.207127,-0.32693,0.124895,0.088972,0.06811,-0.150886,-0.28716,0.025382,-0.000642,0.249365,-0.029822,-0.348286,0.172441,-0.11175,0.012096,-0.125516,-0.42532,0.238688,0.519551,-0.059251,-0.252433,0.136825,-0.470523,0.217705,-0.171704,-0.122807,0.296811,0.32516,0.092628,0.27727,-0.016814,0.080187,-0.144803,-0.155006,-0.220843,#
16,-0.060108,-0.234884,-0.190463,-0.191393,0.265073,-0.019241,-0.008673,-0.139885,-0.041335,0.042043,0.393525,0.308851,-0.467855,-0.030849,0.109499,0.034351,1.0,-0.099231,0.015922,-0.097446,0.036613,-0.04444,0.043423,-0.100275,0.088641,0.294087,-0.502024,-0.194095,0.039254,0.019372,-0.073625,-0.129896,-0.06524,-0.070022,0.192779,0.326536,-0.240612,-0.004804,0.170363,0.019117,-0.068671,-0.387734,-0.282458,-0.434997,0.184903,0.256816,0.011826,-0.352823,0.100486,0.19681,0.064404,-0.049612,-0.151739,0.036041,-0.101207,0.083607,0.102401,-0.110449,0.295862,-0.127656,-0.052592,0.021943,0.162775,0.210849,-0.0677,-0.313595,-0.139885,-0.26296,-0.095065,-0.057179,0.218253,-0.121019,-0.299037,-0.374625,0.156054,0.088687,-0.114866,0.155743,-0.365466,0.184959,-0.076722,0.234804,-0.250897,0.16566,-0.021597,0.136604,-0.135255,-0.140358,0.276111,0.099386,0.003764,0.168343,0.060383,-0.221704,-0.361911,-0.384992,-0.096751,-0.204799,-0.184281,-0.117679,0.188417,0.114402,-0.471443,-0.342478,-0.166881,0.016068,-0.173448,-0.156797,-0.003555,0.306896,-0.366974,0.0,0.042674,-0.230661,-0.235559,0.157658,-0.128758,-0.179746,0.447815,-0.059123,-0.106832,-0.005622,0.022642,0.044019,0.244079,0.034136,-0.228225,-0.116066,0.28335,-0.17011,0.345872,0.04511,0.134074,0.141987,-0.148577,-0.114866,-0.139885,-0.37462,-0.186221,-0.049793,-0.298975,-0.086255,0.144612,0.13989,-0.271897,0.101268,0.488226,-0.37868,0.331739,-0.341842,0.051472,0.076187,-0.342526,-0.117832,0.095356,-0.263361,0.06337,0.133731,-0.089844,0.174458,0.144948,0.034805,-0.230443,-0.072781,-0.05928,0.02852,0.077507,0.122547,-0.175199,0.285148,0.325573,-0.150363,-0.11226,0.064084,-0.079023,-0.127439,-0.298975,0.043012,-0.081703,0.024216,-0.203769,0.115219,0.122014,-0.018228,0.111127,-0.201867,-0.040216,-0.189378,0.159502,-0.375524,-0.031427,0.258522,0.029235,-0.164035,0.14281,-0.037744,0.334218,0.009416,-0.107915,0.303516,#
17,-0.013109,0.170786,-0.006756,0.009634,0.072944,-0.131383,0.083785,-0.247836,0.271927,0.013287,-0.259335,-0.219125,0.197766,0.28246,-0.178127,-0.004373,-0.099231,1.0,0.414804,-0.090502,0.106562,-0.167784,0.128397,-0.251012,0.003489,-0.015717,0.002518,-0.039036,-0.132451,0.109992,0.217685,-0.04068,0.274094,0.01443,-0.046937,0.173356,0.025866,-0.061531,-0.078067,-0.186213,-0.050512,0.002445,-0.16711,0.045157,0.030757,-0.229306,0.092873,0.436893,-0.167106,-0.126555,0.188695,-0.061514,0.252869,0.058395,0.038681,-0.068244,0.359393,0.399997,0.267334,0.016042,0.021428,-0.158334,-0.044697,-0.250237,-0.064069,0.225441,0.074029,0.126728,0.164527,0.101721,-0.027894,-0.210569,-0.304016,0.051369,0.2082,0.1102,-0.033917,-0.260608,0.105485,-0.020512,-0.141371,0.002548,-0.146244,-0.186096,0.508911,0.171848,0.053391,0.124986,-0.113199,0.246834,-0.14543,0.157462,-0.119592,0.124165,-0.101585,-0.287193,-0.002607,-0.126919,0.146932,0.09451,-0.040111,-0.149959,0.084481,-0.040216,-0.125111,0.083313,-0.162367,0.076024,-0.146393,-0.281763,0.11732,0.0,0.262105,-0.051363,0.021297,0.007471,0.106561,0.24673,0.203576,-0.081142,-0.033605,0.128589,-0.099205,0.00452,0.13122,0.147103,0.216924,0.137344,-0.155348,0.043699,0.199286,0.200575,-0.321754,0.294995,-0.164738,0.01169,0.154495,0.112171,0.313274,-0.057824,-0.148351,0.102426,8.4e-05,-0.18301,0.324029,-0.320928,0.004208,0.197783,0.049784,0.163375,0.000309,-0.105901,0.146554,-0.234309,0.130402,-0.009587,0.091711,0.624853,0.007971,0.301144,-0.0017,0.014103,-0.111178,0.376421,0.173474,0.022852,0.017235,0.136702,0.042263,0.222029,0.082207,0.047281,-0.046655,0.036103,-0.21839,0.315183,0.084943,0.054849,0.265546,-0.155652,0.393153,-0.017693,-0.201981,-0.024347,-0.002431,0.246557,0.139179,0.056402,-0.373759,0.188279,0.279065,-0.165015,0.200187,-0.242936,-0.010782,0.135271,-0.068753,-0.059134,0.57679,-0.190744,#
18,-0.209508,-0.162791,0.09958,-0.291784,-0.095569,0.074659,0.042209,-0.267851,0.301731,-0.13681,0.111054,0.053581,-0.01862,-0.065411,-0.373368,-0.129112,0.015922,0.414804,1.0,-0.066504,0.219243,0.156496,0.271745,-0.035209,0.219942,0.135029,0.085286,0.367656,-0.193086,0.31402,0.05984,-0.174002,-0.027304,0.060454,0.074357,0.339469,-0.297646,-0.167979,-0.100655,-0.265457,-0.037231,-0.152209,0.265821,0.194698,-0.126319,0.012517,-0.090353,-0.049747,0.077609,-0.083145,0.463442,0.166244,0.035614,-0.079099,0.132588,0.133342,0.146683,0.106652,-0.091986,-0.033333,0.301227,-0.386582,-0.057023,-0.066637,0.243437,0.208799,0.169594,0.043286,-0.095197,0.161046,0.215059,-0.184544,-0.31838,-0.118689,0.053147,0.473205,-0.101322,-0.404313,0.046643,-0.125731,-0.020653,0.168301,-0.237784,0.090166,0.081723,-0.124922,-0.094554,-0.162723,0.116148,0.520393,-0.060332,0.222366,-0.184596,0.047129,0.073797,-0.378854,0.037929,0.054368,-0.240772,-0.190836,0.11696,0.200789,-0.033406,0.097042,-0.027567,-0.012966,0.221509,0.075164,0.194441,0.124877,-0.047166,0.0,0.135149,0.043058,-0.186493,0.098663,-0.017134,0.088757,0.188682,0.114229,-0.100094,-0.120606,-0.075683,-0.19731,0.06007,-0.306325,0.123147,-0.139422,-0.162392,0.011129,0.080165,0.017491,0.006787,0.170947,-0.524547,-0.106877,0.068645,0.041515,-0.022019,-0.223264,0.012258,0.080217,-0.118689,-0.092669,-0.173634,-0.291359,0.108017,0.050029,0.015942,0.162797,0.145931,-0.321829,0.322577,-0.281501,-0.207504,-0.255261,0.099068,0.167669,-0.098465,0.423024,0.126448,-0.004587,-0.211272,0.025691,0.247169,-0.213252,0.314145,-0.191118,-0.424422,0.164523,0.128261,0.383375,0.137638,-0.127759,0.239114,-0.190839,0.253551,-0.001712,0.057197,0.152207,0.051308,0.211599,0.033915,-0.215474,0.123136,0.112294,-0.130112,-0.035901,-0.195672,0.030388,-0.031513,0.117761,-0.034025,-0.322283,-0.412076,0.379204,0.03668,0.017639,0.261372,-0.195502,#
19,-0.033682,-0.012213,0.241949,0.456042,0.226851,-0.192188,-0.136263,-0.101144,0.170601,0.121449,-0.454642,0.042228,0.080733,0.409406,-0.045188,-0.204192,-0.097446,-0.090502,-0.066504,1.0,-0.42695,-0.115971,-0.029785,0.06738,-0.247626,0.002166,0.040267,-0.030123,-0.120349,-0.047834,0.015222,-0.080887,-0.031939,0.282036,-0.012648,-0.048257,0.0858,-0.032927,-0.216222,-0.205185,-0.05181,0.199958,-0.14163,0.15367,0.143283,-0.053168,0.085861,-0.055218,0.038891,0.314583,0.101653,0.066461,0.308946,0.14817,-0.668033,0.020409,0.139316,-0.054859,-0.100524,-0.138718,-0.492616,0.164812,-0.078881,0.041209,-0.122723,-0.000145,0.32029,-0.049724,0.017829,0.208052,0.037676,0.097518,0.07942,0.220406,-0.192778,-0.465126,-0.050555,0.285547,0.146288,-0.085754,0.532715,-0.001907,0.295166,0.200519,-0.013442,0.252945,0.016634,-0.317724,0.209092,-0.099215,-0.112863,0.19913,0.393965,0.100224,-0.278698,-0.278369,0.185332,0.056187,0.031813,0.049386,-0.507497,0.039732,0.054407,0.216083,-0.160816,0.016936,0.056247,-0.197507,0.165919,-0.190941,0.413799,0.0,0.249556,0.34913,0.086542,0.168876,0.284738,-0.25896,0.282145,-0.227677,0.205737,0.133732,0.231853,-0.268101,0.047891,-0.091398,-0.023151,-0.063319,0.098267,-0.092335,-0.036432,0.369255,-0.045816,0.25224,0.027082,-0.247674,-0.101144,0.376474,-0.195735,0.300423,0.294238,-0.002353,-0.108132,-0.088952,0.092796,0.16409,-0.004446,0.080105,-0.241949,0.221857,-0.24191,-0.23432,0.232677,0.501487,0.320887,0.232239,-0.03522,0.189572,0.272825,0.123239,0.14976,0.066243,0.404323,0.316209,0.32481,-0.025881,0.305353,-0.031774,0.167959,0.071981,-0.307344,0.217212,-0.048307,0.27247,0.009812,0.163961,0.294238,-0.406781,-0.430647,-0.26805,0.054136,-0.121923,-0.024031,-0.226871,-0.11152,0.10795,-0.264046,0.13582,-0.487822,-0.266035,0.22228,-0.371257,-0.258919,-0.158347,-0.169992,-0.248555,-0.28316,0.077331,0.272825,0.294801,#
20,-0.405512,0.279047,-0.415663,-0.149996,-0.070173,0.031365,0.285516,0.202209,-0.42299,0.000499,0.494339,-0.272549,0.27418,-0.31398,-0.307359,0.033172,0.036613,0.106562,0.219243,-0.42695,1.0,0.714945,0.274122,0.221985,0.03108,0.305532,0.069045,0.243686,0.085305,0.440109,0.007032,-0.233594,0.347564,-0.277686,0.163069,-0.017334,-0.109172,-0.24756,0.270172,0.087549,0.155671,0.089495,0.554498,-0.051804,-0.368651,0.170322,-0.352303,0.040711,0.040267,-0.35419,0.089317,-0.292971,-0.139377,-0.013704,0.123992,-0.301534,-0.185238,0.374151,0.206218,-0.011283,0.177246,-0.515639,-0.157574,0.247075,0.098049,0.248215,-0.265534,0.1829,0.157916,0.183274,-0.496998,-0.129605,0.384102,-0.131918,-0.046483,0.310109,-0.008731,0.004063,-0.328186,-0.233156,-0.482885,-0.192655,-0.265866,-0.097914,-0.108817,-0.548964,0.108365,-0.101145,-0.224642,0.203446,-0.228601,-0.271639,-0.280916,-0.31238,-0.049669,0.148852,-0.435461,-0.124804,-0.270112,-0.101145,0.512136,0.18367,-0.187679,-0.422283,0.318825,-0.125793,-0.016685,-0.165709,-0.336947,0.283845,-0.228392,0.0,-0.448228,-0.24466,0.060997,0.138464,-0.377042,0.011941,-0.302389,0.189711,-0.221792,-0.225474,-0.27564,-0.11844,-0.248939,-0.120925,0.040968,0.009479,-0.004635,-0.08339,-0.27959,-0.284926,0.099403,0.006763,-0.230235,0.035816,-0.265534,-0.547805,0.138634,-0.35803,-0.567522,0.090594,-0.045281,-0.141631,-0.28886,-0.184122,-0.272423,0.113171,-0.106792,-0.120279,-0.041738,-0.302966,-0.440426,-0.41283,-0.438352,-0.188272,-0.128343,0.066443,-0.067898,-0.19984,0.345896,0.078501,-0.392629,0.010142,-0.310436,0.162928,-0.174278,-0.292065,-0.429775,0.208143,0.152227,-0.015341,-0.253701,-0.220164,0.21239,-0.417931,-0.366914,0.002745,0.048377,-0.041476,0.17598,-0.036233,0.140122,0.192548,0.213987,-0.223624,-0.446309,-0.124037,0.505249,0.121341,-0.26759,0.547214,0.191523,-0.036765,0.274093,0.343114,0.251344,-0.148698,-0.108849,-0.225642,#
