0,1.0,-0.175238,-0.182755,-0.032561,0.095758,0.125253,0.429898,-0.277468,-0.051773,-0.370761,0.699461,0.430878,0.122911,0.000318,0.142534,-0.08283,0.090546,-0.535711,0.374978,-0.149587,-0.007623,0.125762,0.005154,-0.029606,0.019569,0.007154,-0.155349,0.165653,0.160446,-0.055744,-0.180476,0.051473,-0.147704,-0.153747,0.293741,-0.060122,-0.104938,-0.081779,0.101255,0.250975,-0.008693,0.370481,0.087099,-0.062882,0.072517,0.29459,0.209694,0.173375,-0.304965,0.004549,0.042013,0.103313,0.039776,-0.36702,-0.020768,0.059779,-0.375633,0.325249,0.025729,-0.302989,0.179254,0.234357,-0.154089,-0.165106,-0.286174,-0.039367,-0.175164,-0.010031,-0.032241,-0.157143,-0.051739,-0.076127,0.180002,-0.195319,0.007942,0.089025,-0.510709,-0.165146,-0.359224,-0.293635,-0.335299,-0.241237,-0.073187,-0.45824,0.062261,-0.263316,-0.07825,-0.248526,-0.104378,-0.047737,-0.495891,-0.144697,0.084547,-0.260617,-0.160808,-0.370529,0.244784,-0.533596,-0.435138,0.082548,0.612513,-0.172621,-0.153361,-0.196142,-0.184118,-0.19378,-0.448495,-0.082244,-0.395924,-0.033966,-0.395092,0.068455,-0.264115,-0.213883,-0.086151,-0.183142,0.151397,0.112783,0.210982,-0.229655,-0.202679,0.067114,-0.012742,0.46663,0.03076,-0.132576,-0.312592,0.282013,-0.371456,-0.137132,-0.511301,-0.391935,0.17515,0.263892,-0.060888,-0.107874,-0.326794,-0.383394,0.28227,-0.251234,-0.126028,0.031181,0.116957,-0.164338,-0.266602,-0.137108,-0.075858,0.12486,-0.501616,-0.295472,0.165617,-0.37181,-0.295472,0.014337,-0.09913,0.012171,-0.303978,0.085852,-0.244066,0.014417,-0.119025,-0.27818,0.133739,-0.387923,-0.176775,-0.03565,-0.024572,-0.083741,-0.377473,-0.155577,0.348894,-0.432495,0.02459,-0.072866,0.135482,0.004643,-0.21116,0.403541,0.088495,-0.237273,0.014463,-0.048633,0.0238,0.268928,0.171007,-0.012118,-0.02938,0.03824,0.489034,0.136518,-0.564183,0.249424,0.506811,-0.005988,0.150565,-0.156466,-0.404937,-0.115214,-0.053126,-0.422103,#
1,-0.175238,1.0,0.301939,-0.274748,0.030215,-0.318307,-0.07184,0.062426,0.013792,0.238356,-0.205043,0.058886,0.38508,0.319664,-0.287419,0.066193,-0.003369,0.18514,0.162283,0.025889,-0.120591,0.262295,0.006299,-0.078079,0.038697,-0.315627,-0.214294,-0.145934,0.258168,0.14806,-0.036024,-0.142949,-0.236371,0.031269,0.26728,0.161389,-0.176393,-0.179067,0.001707,0.084898,0.028758,-0.123936,0.274092,-0.253462,-0.396675,-0.061072,-0.239023,0.194088,0.110495,0.30431,0.115107,-0.224373,-0.156933,0.133971,-0.105155,-0.274174,0.164507,-0.307549,0.319603,-0.058972,0.024198,-0.337804,-0.069183,-0.034346,0.556123,0.283127,-0.475266,0.278981,0.105743,0.157889,-0.064863,0.097065,-0.421153,-0.040206,-0.093204,0.228971,-0.052353,-0.198119,0.16845,-0.313461,-0.191721,-0.431559,-0.187034,-0.235615,-0.30629,0.167434,-0.181349,0.029802,-0.132543,-0.118937,-0.22867,-0.127357,-0.028779,-0.186965,-0.198599,-0.130143,-0.091144,0.189889,0.425509,0.00714,-0.252898,-0.196529,-0.054652,0.05254,-0.105569,-0.119481,0.097128,-0.170921,-0.360675,-0.100871,0.381518,-0.358672,0.008525,-0.10052,0.061037,-0.286427,-0.314311,-0.088382,0.063839,-0.070144,-0.165043,0.182175,-0.292587,-0.366942,-0.237397,-0.139793,-0.091186,-0.023778,-0.084109,-0.177545,0.056613,-0.13069,-0.241262,0.003234,-0.160326,-0.120756,0.13904,-0.039327,-0.110241,-0.231329,-0.316876,-0.274081,0.256097,-0.164097,0.005922,-0.150761,-0.62611,0.108495,0.216322,0.200681,-0.260066,0.412685,0.21208,-0.301277,-0.064499,-0.240228,0.079495,0.351279,0.098725,0.032793,-0.007268,0.108116,0.002708,0.342608,-0.095252,0.187626,0.173526,0.131428,-0.038138,0.181518,0.169355,0.129812,-0.215739,0.207838,-0.037918,-0.018633,-0.075012,0.322049,0.112905,-0.056775,0.16631,-0.193067,0.261178,0.121502,0.144562,0.060773,-0.008647,-0.131407,-0.022217,0.230634,-0.151943,0.199669,-0.136998,0.270696,0.181971,-0.001935,0.068829,0.071491,0.243012,0.30089,#
2,-0.182755,0.301939,1.0,-0.581057,-0.144114,-0.044235,0.169202,-0.159904,0.111771,0.250375,-0.305806,-0.434297,0.248439,0.086174,-0.299305,0.175802,-0.120374,0.661646,-0.064259,0.098867,-0.347848,-0.11325,0.046714,-0.194692,0.241786,-0.191554,-0.229747,-0.323189,0.0811,0.100981,-0.116255,-0.08575,-0.505786,0.085068,0.107437,0.339863,-0.043643,0.529639,0.012606,-0.326077,0.128334,-0.302909,-0.022976,-0.069421,-0.069412,-0.469869,-0.346145,-0.154484,0.107652,0.225952,0.28223,-0.389884,0.167975,-0.123114,-0.216536,0.171125,0.142466,-0.42923,0.210487,-0.182979,0.580566,0.050459,0.144158,-0.253591,0.164473,0.449766,0.032018,0.01171,0.141821,0.126957,-0.22902,-0.038758,-0.575858,-0.135491,-0.08124,-0.245446,-0.18712,-0.235295,-0.000749,-0.078065,-0.025472,-0.046746,0.13583,0.133791,-0.268666,0.116495,0.074834,-0.079207,-0.373713,0.058586,0.061909,-0.117546,-0.20094,0.052992,-0.219768,0.049605,-0.268758,0.424932,-0.157337,0.02585,-0.281576,-0.247606,-0.045792,0.001663,0.010279,-0.152556,0.203403,-0.236653,0.073744,0.062355,0.248814,-0.299929,-0.053429,0.052261,0.091249,-0.025333,-0.025207,0.13941,0.050803,-0.206596,-0.072597,0.039562,-0.042101,-0.541324,-0.219045,-0.155484,0.282286,-0.004459,0.105894,-0.020529,0.155385,0.063012,-0.099505,0.004172,-0.156419,-0.375565,0.238624,0.186531,-0.382797,-0.074201,-0.242516,-0.177707,0.035516,-0.376887,-0.078407,0.037341,-0.080267,0.250431,0.077219,0.108726,-0.301209,0.11599,0.116953,-0.257975,-0.223404,-0.130985,0.059378,0.11111,0.050084,0.065813,0.2268,-0.185849,-0.177688,0.429267,-0.005137,0.13038,0.056861,0.102417,0.169759,0.046303,-0.067893,-0.050093,0.037847,-0.284788,-0.197386,0.067915,-0.010177,0.176501,0.044421,-0.221121,0.114167,-0.093371,-0.028072,-0.124402,0.083261,0.129603,0.264528,-0.116635,-0.248745,-0.338116,0.113129,-0.222559,-0.259303,0.114883,-0.005492,-0.041046,0.113716,0.479547,0.21734,0.336298,#
3,-0.032561,-0.274748,-0.581057,1.0,0.112391,0.16808,-0.141505,0.230703,-0.321359,-0.240056,0.175528,0.262248,-0.313524,-0.485629,0.173593,-0.428622,0.106745,-0.218158,-0.055732,-0.172699,0.35194,-0.269044,-0.168458,0.207136,-0.060727,0.169473,-0.066326,0.158546,-0.151795,-0.156626,0.097175,-0.078225,0.51882,-0.187078,-0.079379,0.046719,-0.157971,-0.427987,0.051401,0.182816,-0.128318,-0.193901,-0.079421,0.057172,0.113849,0.526018,0.057564,-0.273395,0.120074,-0.34679,-0.205269,0.544675,-0.090456,0.27726,0.352343,-0.135673,0.142626,0.513784,-0.190237,-0.01779,-0.578351,-0.096563,-0.03732,0.030811,-0.199713,-0.208753,0.148015,-0.056809,0.071194,-0.144574,0.100468,-0.301318,0.238948,0.35476,0.297055,-0.315181,0.357097,0.322618,0.2043,0.116671,0.15373,0.201563,0.070354,-0.107089,0.106559,0.111436,0.059217,0.252187,0.455758,-0.120368,0.320586,0.344514,0.257064,-0.131196,0.332703,0.509725,0.240047,-0.155533,-0.086141,0.09358,0.251442,0.324441,0.34099,0.187004,-0.071285,-0.120368,-0.011535,0.247831,-0.126042,0.032433,-0.250675,0.123407,0.106049,0.043673,-0.10754,0.183563,0.378066,0.351394,-0.273464,0.329085,0.374592,-0.028875,0.01261,0.352184,0.392184,0.213952,-0.221614,-0.465322,0.046888,0.441071,-0.058747,0.359032,0.322832,-0.157835,0.247729,0.280229,0.076109,0.163258,0.030996,0.231394,0.111792,-0.043647,0.27684,0.430077,0.436784,-0.218665,0.302018,-0.575913,0.184655,-0.250011,0.513835,-0.01329,-0.089346,0.183668,0.362075,-0.000348,-0.272237,-0.419553,0.082603,0.15754,-0.133102,0.305244,0.173578,-0.22548,-0.01994,-0.479955,0.23501,-0.356809,0.003705,-0.033252,0.280038,0.281585,-0.014161,0.318026,0.384217,0.167352,0.034387,-0.2641,-0.285431,0.573123,-0.376776,0.503652,-0.14201,-0.12548,-0.071329,0.008201,-0.026431,0.359191,0.362416,0.04138,0.136601,-0.042736,-0.02581,-0.354647,-0.160176,0.085552,-0.215431,-0.480864,-0.340925,-0.415998,#
4,0.095758,0.030215,-0.144114,0.112391,1.0,-0.077505,0.109772,0.016416,-0.332678,-0.246111,0.238004,-0.011277,-0.181651,-0.152395,-0.044233,-0.215842,0.271194,-0.206324,0.132585,-0.149036,-0.149583,-0.404717,-0.004577,-0.045799,0.073187,0.092481,-0.169148,-0.126694,-0.002363,-0.342355,0.150441,-0.120434,-0.004578,-0.324163,0.121754,-0.12057,-0.25604,-0.263439,0.314983,0.299391,0.137897,-0.174964,-0.25443,-0.132545,-0.182129,0.029243,-0.101062,-0.304526,-0.191477,-0.148699,-0.031927,0.133151,-0.228201,-0.123008,-0.111291,-0.16026,-0.089821,0.285787,0.069703,0.190202,-0.308217,0.077163,-0.109794,-0.399286,-0.176355,-0.141463,0.408198,-0.142372,-0.24233,-0.220394,-0.206509,0.043656,-0.137432,-0.042762,0.317337,-0.016147,-0.089545,-0.130731,-0.089592,-0.055419,-0.340935,0.137961,0.294043,-0.098574,0.306884,-0.019162,-0.008287,0.117498,0.067908,0.030852,0.013851,0.159056,0.223475,-0.000946,0.220081,-0.159226,0.43892,0.065848,0.38335,-0.1079,0.118336,0.007125,0.085829,-0.150353,-0.019096,0.014658,0.074935,-0.158593,-0.140346,0.092545,0.025263,0.045963,-0.255529,0.037325,-0.263426,0.32193,-0.058575,0.264446,-0.118202,0.195568,-0.047634,-0.057565,-0.264261,0.268254,-0.003624,-0.055685,-0.395362,0.097176,-0.292269,-0.280792,-0.409223,-0.320042,0.17043,0.078103,-0.008293,-0.095364,0.280149,-0.24581,-0.034052,-0.268078,-0.035459,-0.254387,0.266247,0.102534,-0.107774,-0.017554,0.256342,-0.044725,0.155089,0.006719,-0.015728,0.105646,-0.198546,0.328067,-0.422839,-0.171223,-0.011331,0.062092,-0.015561,0.020717,-0.355425,-0.092716,0.161133,0.21849,-0.070176,0.062776,-0.140433,0.005168,-0.055638,0.405316,0.168461,0.010575,0.188738,0.074676,-0.219103,-0.01896,-0.064716,-0.043345,-0.305558,-0.192169,-0.035752,0.057895,-0.20682,-0.15611,-0.021258,-0.164348,-0.228089,0.357888,0.409345,0.104712,-0.300688,-0.036583,0.15646,0.134062,-0.121843,-0.058462,0.175709,0.193674,-0.058578,-0.05441,#
5,0.125253,-0.318307,-0.044235,0.16808,-0.077505,1.0,0.193286,0.05757,-0.023548,0.031082,0.019598,-0.06999,0.07949,-0.152924,0.321623,0.064109,0.067048,0.163066,0.143287,-0.026412,-0.277445,-0.186129,0.191392,-0.024081,-0.027893,0.361231,-0.21692,0.043266,0.3553,0.019104,-0.184296,0.219595,0.01836,0.147983,-0.089142,0.008354,0.151922,0.137427,-0.130028,-0.229782,-0.269353,0.182502,-0.090404,0.056602,0.11122,0.022366,0.3183,-0.058933,0.306237,-0.207714,0.102555,-0.050443,0.495504,-0.039155,0.018203,0.079444,-0.086147,0.192838,-0.030806,0.049199,0.148994,0.218416,0.030543,0.049533,-0.366609,-0.306466,-0.066337,-0.181154,0.01145,-0.38922,-0.168624,-0.160862,0.039122,0.125873,-0.080172,0.130974,0.003887,-0.037731,-0.157063,0.270091,-0.026052,0.042573,-0.118712,0.393042,0.096273,-0.061925,-0.174775,0.067613,-0.03575,-0.119826,0.147778,-0.060687,-0.069913,-0.35928,-0.243262,0.18206,-0.014456,-0.194492,-0.121133,-0.249455,0.419232,0.139181,-0.149268,-0.243005,-0.400519,-0.288045,-0.189749,0.099999,-0.150302,-0.167758,-0.109847,0.491586,-0.113602,-0.145294,0.260909,-0.18552,0.200636,0.164507,0.312821,-0.055841,0.222643,-0.026822,0.02064,0.103863,-0.343579,0.212315,0.098833,-0.032552,-0.391694,0.283888,-0.070884,-0.146239,-0.022943,0.226831,-0.531316,-0.192891,-0.176265,0.161157,0.010172,0.23346,-0.052541,-0.065077,-0.259687,-0.165907,0.045772,-0.101886,0.321763,0.011102,-0.53679,-0.266788,-0.038454,-0.487806,0.309244,-0.181288,0.277738,0.161827,0.098446,-0.349918,-0.322662,-0.010187,-0.162994,-0.029991,0.37591,-0.32936,0.420917,0.02634,0.042402,-0.214887,0.005659,-0.491294,-0.065231,-0.251736,-0.09414,0.005469,0.160079,0.142362,-0.200423,-0.117948,-0.13377,-0.032599,0.275789,0.117717,-0.173162,-0.128074,0.251875,-0.060183,0.340967,-0.070701,0.060386,0.022195,-0.076904,-0.082467,-0.076005,-0.025957,-0.272877,0.514654,0.071914,0.03906,0.052081,-0.10905,#
6,0.429898,-0.07184,0.169202,-0.141505,0.109772,0.193286,1.0,-0.248555,0.307078,0.02613,0.149866,0.226562,0.102271,0.005093,-0.022269,0.060866,0.070777,0.041309,0.275392,0.173638,-0.280183,-0.162486,0.0271,-0.004542,-0.030322,-0.006465,-0.363801,0.038564,0.522546,-0.175593,-0.061333,0.173207,-0.145495,-0.146709,0.082002,-0.172202,0.416845,-0.100898,0.392928,0.187424,0.238141,0.195117,-0.259924,-0.146791,-0.076063,-0.104136,-0.04949,0.04656,-0.078259,-0.212169,-0.236701,-0.427367,0.332674,-0.262056,0.321094,-0.218987,-0.233708,-0.145523,0.168826,-0.268243,0.333878,0.215609,-0.194487,0.061591,0.104771,0.31628,-0.049851,0.08123,0.392885,-0.149276,-0.155276,0.078248,-0.17302,-0.366875,-0.216024,-0.124003,-0.314336,-0.389997,-0.32104,-0.058079,-0.389925,0.049526,0.21963,-0.29242,-0.053123,-0.224121,-0.15459,-0.26322,-0.182014,-0.283827,-0.339752,-0.246027,-0.406363,-0.147227,-0.40736,-0.286133,0.142247,-0.171217,-0.475477,-0.110792,0.235052,0.145817,-0.303206,-0.213108,-0.384002,-0.277746,-0.189107,-0.231728,-0.130897,-0.367539,0.231385,-0.055608,-0.107849,-0.291885,-0.097037,-0.356261,0.176334,0.182833,0.306694,-0.250712,-0.257195,-0.066331,-0.154242,0.080267,-0.132481,0.013353,0.108055,-0.005864,-0.22396,-0.042335,-0.253731,-0.280024,-0.017621,0.198209,-0.148377,-0.337999,-0.16739,-0.17795,0.151119,-0.289426,-0.071141,-0.23768,-0.095608,-0.386986,-0.293965,-0.285713,0.077799,0.456237,-0.339406,-0.455266,-0.03951,-0.473464,-0.260316,-0.165476,-0.015494,-0.033386,0.195439,0.235627,-0.131082,-0.193756,-0.085809,-0.353232,0.365282,0.010574,-0.407273,0.185536,0.024908,0.13231,-0.174143,-0.268296,0.25544,-0.425371,-0.104038,-0.20698,0.176824,-0.195343,-0.019312,0.534129,0.204043,-0.36653,0.280152,-0.041457,-0.349499,0.194387,-0.058381,-0.365279,0.174359,-0.053746,-0.016003,0.243673,-0.472432,0.151819,0.086275,0.371452,0.151565,-0.159015,-0.262804,0.041004,0.156481,0.068427,#
7,-0.277468,0.062426,-0.159904,0.230703,0.016416,0.05757,-0.248555,1.0,-0.347675,0.284452,-0.120194,-0.184481,0.452343,-0.069888,0.097697,0.277715,0.220016,0.136344,-0.199377,-0.267339,0.182142,0.0032,0.157351,0.14395,-0.274384,0.058334,-0.103796,-0.130904,-0.188246,0.113384,0.003417,0.056673,0.314164,0.275157,-0.140129,0.133119,-0.171532,-0.174131,-0.432413,0.082529,-0.055029,-0.109497,0.037366,-0.054674,0.078021,-0.044438,0.532445,-0.082662,0.274941,-0.028967,-0.106912,-0.186112,0.081093,-0.130919,-0.078069,-0.169945,0.560508,-0.096354,-0.018983,0.604923,-0.129341,-0.589009,-0.041021,0.238224,0.031689,-0.097529,0.157196,0.005587,-0.154182,-0.115329,0.313528,-0.074883,-0.379591,0.158899,0.226312,-0.142299,-0.124999,-0.022665,-0.059535,0.058137,-0.011206,-0.247914,-0.299744,0.1408,0.072155,-0.127023,0.384601,0.043699,0.234259,0.318764,0.157292,0.072676,-0.008546,-0.007535,-0.182501,0.222767,-0.055772,-0.003894,0.392546,-0.194342,-0.208265,0.093036,-0.029694,0.365745,-0.101803,0.23566,-0.113908,-0.099268,0.226628,0.184163,0.135566,0.084803,0.10178,0.351196,-0.152453,0.129787,0.110653,-0.221452,-0.187299,-0.185457,0.217636,-0.273392,-0.114953,0.13716,-0.034977,-0.111298,0.041721,0.000697,0.109429,-0.158326,-0.135997,0.304643,-0.064291,-0.201334,0.028228,0.330786,0.127734,0.008106,-0.138472,-0.060703,-0.141638,-0.059369,-0.205665,0.070378,-0.143061,-0.137095,-0.02532,0.227668,-0.033888,0.082388,-0.092361,-0.075781,0.099302,0.113384,-0.060687,-0.207847,0.111683,0.24924,0.106181,0.175175,-0.071101,0.247214,0.080561,0.062611,0.431802,-0.241706,-0.368373,-0.112657,0.113849,0.176454,-0.04822,0.245862,-0.392678,-0.111126,0.126125,-0.007778,-0.32144,-0.213737,-0.246577,-0.040301,0.15352,0.262833,0.238884,-0.234943,0.186804,-0.129033,0.12307,-0.108811,-0.165335,0.219089,0.036196,-0.283036,-0.259889,0.150419,-0.090812,-0.025375,0.128264,-0.098385,-0.205305,0.040494,#
8,-0.051773,0.013792,0.111771,-0.321359,-0.332678,-0.023548,0.307078,-0.347675,1.0,0.21148,-0.12206,0.16993,-0.156438,0.219694,0.024747,0.059911,-0.210533,0.097775,0.103865,0.356163,-0.027812,-0.00317,0.031384,-0.144228,0.190467,0.089232,0.147361,0.151946,0.191873,-0.236897,0.004125,-0.029627,0.016605,0.12184,-0.224446,-0.370156,0.298381,0.303092,0.042894,-0.151199,0.106158,0.053132,-0.240398,-0.028008,0.089172,-0.27177,-0.324638,0.196513,0.054494,0.097459,-0.318638,-0.174268,0.51876,0.333288,0.201522,0.175443,-0.22334,-0.348685,-0.113665,-0.10326,0.283303,0.137957,0.206544,-0.041857,0.247291,0.294822,-0.323052,0.214878,0.19348,0.175706,-0.215011,0.252751,0.250148,-0.163479,-0.461937,-0.015651,0.01154,-0.247624,-0.144693,0.08746,-0.046206,0.076743,0.274061,-0.048529,-0.106389,0.069103,-0.380473,-0.155114,-0.127967,-0.531068,-0.190903,-0.412761,-0.391749,0.004086,-0.075207,-0.168382,-0.238969,-0.054418,-0.311074,0.033789,-0.080377,0.158426,-0.133505,-0.108414,-0.027794,-0.18481,0.047232,0.065585,0.088914,-0.165091,0.167766,-0.100663,-0.045865,0.088727,0.382988,-0.076044,-0.25402,-0.332224,-0.000835,-0.2363,-0.065521,0.133737,0.018534,-0.084769,-0.309163,-0.051885,0.274861,0.074593,-0.047787,0.040329,0.360311,-0.001392,-0.295645,-0.263959,-0.11998,0.049095,-0.273475,0.120159,0.08655,0.021188,-0.108611,0.213601,-0.147672,-0.281699,0.017474,-0.093173,-0.273529,0.234094,-0.087193,-0.012797,-0.00143,-0.203323,0.003334,-0.275048,0.194434,0.084742,0.275837,0.28289,-0.307687,-0.194178,0.167601,-0.131442,-0.067705,-0.103072,-0.233527,0.063234,0.055314,0.186624,-0.06386,-0.101854,-0.337093,-0.200473,0.029957,0.301991,0.049276,0.02256,0.235076,0.223574,0.440959,-0.180228,0.055739,-0.260516,-0.08905,0.156861,-0.313049,-0.089751,0.237974,-0.212088,-0.338405,-0.001848,0.022111,0.271281,-0.160508,0.218539,0.207367,-0.159329,-0.154442,-0.192909,0.026305,0.111423,#
9,-0.370761,0.238356,0.250375,-0.240056,-0.246111,0.031082,0.02613,0.284452,0.21148,1.0,-0.254538,-0.252549,0.33569,0.437642,-0.270365,0.096606,-0.207066,0.426546,0.022005,0.066111,-0.276175,0.14654,0.253678,-0.054614,-0.017474,-0.000438,-0.143184,-0.237299,0.320091,0.403342,-0.151832,-0.059414,0.009152,0.050769,-0.164392,0.212022,0.241948,-0.058183,-0.322244,-0.264394,0.202261,-0.189618,0.229847,-0.280641,0.049587,-0.329869,-0.191137,0.146295,0.328137,0.082508,-0.195421,-0.41627,0.51311,-0.066694,0.07441,-0.055132,-0.039675,-0.583099,0.128203,0.312126,0.431491,-0.306581,-0.38799,0.042514,0.155838,0.332341,-0.139468,0.185008,-0.004484,0.043049,0.058205,0.243274,-0.439024,-0.268971,-0.076928,-0.064169,0.050248,-0.248435,-0.108243,0.081559,-0.033197,-0.222519,-0.236,0.315803,-0.497675,-0.022645,-0.0119,-0.20143,-0.451864,-0.123761,-0.130986,-0.100739,-0.56626,-0.013426,-0.306529,-0.03076,-0.734495,0.13779,0.135771,-0.327855,-0.488941,-0.289663,-0.242994,0.024231,-0.092867,-0.254641,-0.008071,-0.416315,0.380303,-0.222296,0.523376,0.27761,-0.145782,-0.093817,0.02239,-0.416049,-0.428683,-0.132666,0.246771,-0.403286,-0.356,-0.08858,-0.304177,-0.248544,-0.403908,0.24701,0.433223,0.01211,-0.153097,-0.450682,0.282855,0.139189,-0.52742,-0.219738,-0.392185,-0.276648,0.247033,0.334522,-0.122867,-0.287093,-0.18324,-0.329203,-0.338795,-0.250657,-0.305703,-0.32857,-0.478307,0.413073,-0.202273,-0.182017,-0.496817,-0.217579,0.079599,-0.675803,0.137535,-0.500368,0.646819,0.448342,-0.381488,-0.482467,-0.065453,-0.109682,-0.059903,0.086969,0.186307,0.337686,-0.215867,-0.392644,0.159141,-0.152337,-0.337268,-0.002997,-0.127517,-0.091955,0.36404,-0.484162,-0.040441,-0.095252,0.549521,-0.245766,0.583265,0.134936,-0.11665,-0.175857,0.096125,-0.365322,0.126604,-0.195542,-0.6651,0.237352,-0.118041,-0.06465,-0.084005,0.314283,-0.230561,-0.071358,0.387719,0.146689,-0.075529,0.371843,#
10,0.699461,-0.205043,-0.305806,0.175528,0.238004,0.019598,0.149866,-0.120194,-0.12206,-0.254538,1.0,0.417567,-0.120737,-0.121182,0.044683,-0.275135,0.21631,-0.49592,0.212338,-0.052652,0.128989,-0.018384,0.0658,-0.108908,-0.006409,0.287505,-0.102438,0.140302,0.042194,-0.183477,-0.234768,0.153116,0.24243,-0.044021,0.211258,-0.157834,-0.425522,-0.169314,-0.109979,0.275344,-0.24387,-0.063403,0.142635,0.154848,0.347994,0.479143,-0.04075,0.18781,-0.200367,-0.096176,0.045838,0.223891,0.028588,-0.138845,-0.012035,0.166009,-0.272277,0.531792,0.092199,-0.056937,-0.08121,-0.002163,0.027972,-0.139581,-0.636387,-0.085014,0.126175,0.345795,-0.16032,-0.106719,0.265395,-0.051952,0.241694,-0.124992,-0.073461,-0.194951,-0.1871,-0.084663,-0.336269,-0.108778,-0.095958,0.04281,0.068672,-0.215757,0.069338,0.0456,0.019163,-0.002932,0.023458,-0.034534,-0.206177,0.18684,0.301513,-0.006578,0.092891,-0.203879,0.352021,-0.556895,-0.299447,0.199433,0.352112,-0.219781,0.173102,-0.267719,-0.006652,-0.212932,-0.156229,0.036777,-0.090889,0.250144,-0.531697,0.171062,-0.039587,0.096225,-0.011772,0.096706,-0.074391,0.016617,0.115741,-0.007992,-0.082747,0.358163,-0.015685,0.524455,0.103255,0.013963,-0.46282,0.279502,-0.246592,-0.16331,-0.259072,-0.383121,0.220785,-0.028745,0.029562,0.019939,-0.011475,-0.300224,0.171324,-0.026105,0.035995,0.204049,0.388178,0.20354,-0.188327,-0.239046,-0.018272,-0.117124,-0.304254,-0.220453,0.369457,-0.436711,-0.212758,0.101323,-0.090835,0.11419,-0.41696,-0.101888,-0.150742,0.15223,-0.106107,0.023458,0.103948,-0.386582,-0.180586,-0.164735,0.040151,-0.397714,-0.097623,0.130981,0.396436,-0.291507,0.318273,0.105117,0.09025,0.210208,-0.13742,0.054959,-0.062434,-0.098462,-0.115385,0.12316,-0.051823,-0.052326,0.049546,-0.092727,0.009651,0.196387,0.38053,0.242604,-0.261266,0.344285,0.210613,-0.154846,-0.005969,-0.307307,-0.241527,-0.164947,-0.367583,-0.610594,#
11,0.430878,0.058886,-0.434297,0.262248,-0.011277,-0.06999,0.226562,-0.184481,0.16993,-0.252549,0.417567,1.0,0.100991,-0.028001,0.279681,-0.33504,-0.020825,-0.246803,0.120258,-0.097645,0.22335,-0.007253,0.119596,0.20877,0.07373,-0.142222,0.131862,0.027163,0.10989,-0.01739,-0.184164,0.000943,0.306289,0.077537,0.256501,-0.4073,0.073108,-0.452619,0.29942,0.254412,-0.169155,0.263715,-0.148508,-0.141276,0.102895,0.5594,-0.069066,0.370103,0.166519,-0.062387,-0.375922,0.2819,0.087222,0.214863,0.289533,-0.070265,-0.213027,0.108915,-0.395231,-0.105947,-0.206638,-0.071324,-0.11674,0.089117,-0.10594,-0.058026,-0.142293,0.307485,0.164637,-0.006845,-0.169596,0.079918,0.205752,0.095372,-0.032559,-0.19525,-0.083576,-0.000776,-0.255023,-0.024529,-0.200912,-0.172098,0.152333,-0.33437,-0.01424,-0.18281,-0.299437,-0.125284,0.285156,-0.285377,-0.262058,-0.163882,0.026689,-0.325863,0.146204,-0.113375,0.16794,-0.307893,-0.273571,0.141637,0.230761,-0.072617,0.074189,0.14576,0.032084,-0.123042,-0.223762,0.142532,-0.147167,-0.002191,-0.118853,-0.05928,0.202304,0.01869,0.056047,-0.142397,0.071599,0.074651,0.089831,0.178369,0.027989,0.086168,-0.079642,0.445811,-0.084608,0.064361,-0.1996,-0.135213,-0.436891,0.113442,-0.005446,-0.119899,-0.219309,0.216312,-0.090438,0.280019,-0.300917,-0.316678,0.487737,-0.297458,-0.028883,0.123545,0.146699,-0.030037,0.213234,-0.441711,-0.047235,-0.024965,-0.235498,-0.261184,0.27664,-0.203295,-0.253622,0.05016,0.258601,0.233361,-0.041455,0.005114,-0.098654,-0.085845,-0.184773,0.11573,-0.118154,-0.079982,-0.395748,-0.262815,0.212979,0.059176,-0.152534,-0.130798,0.300747,-0.136157,0.034183,0.145999,0.214184,-0.076626,0.190249,0.32218,0.177964,0.231402,-0.201661,0.219626,-0.126265,0.03104,0.121535,-0.029467,-0.080307,0.026793,0.290301,0.396415,-0.392226,0.535142,0.110233,-0.103148,-0.114153,-0.049265,-0.158019,-0.339545,-0.094252,-0.347022,#
12,0.122911,0.38508,0.248439,-0.313524,-0.181651,0.07949,0.102271,0.452343,-0.156438,0.33569,-0.120737,0.100991,1.0,0.430709,-0.043906,0.272681,-0.020985,0.349904,0.105581,-0.144784,-0.006406,0.156246,0.382624,0.110532,-0.071222,-0.435014,0.090415,-0.036302,0.204888,0.248808,-0.021238,-0.008284,-0.199774,0.219889,0.041944,0.015313,0.083279,-0.217294,-0.148963,0.120223,0.101058,0.310355,0.018037,-0.329088,-0.353405,-0.171412,0.324081,0.339259,0.239107,0.270165,-0.167968,-0.258014,0.308468,-0.19281,-0.150567,-0.004925,0.162283,-0.463446,-0.131386,0.182309,0.470906,-0.458082,-0.273789,0.215473,0.344123,0.126499,-0.263767,0.021095,0.154014,0.064078,-0.065844,-0.192351,-0.643605,-0.068994,0.004005,0.079686,-0.474972,-0.112224,-0.307283,-0.144375,-0.326105,-0.674412,-0.287922,0.013816,-0.139756,-0.325467,0.126107,-0.169609,-0.046432,0.160573,-0.373478,0.000789,-0.24937,-0.308842,-0.329249,-0.024598,-0.267832,0.014561,0.148193,-0.398269,-0.162418,-0.332467,-0.093412,0.245892,-0.198352,-0.015599,-0.230134,-0.175935,-0.023639,-0.192586,0.374434,-0.119784,0.001585,-0.021092,0.058068,-0.471135,-0.06126,-0.123493,0.309738,-0.315061,-0.095252,-0.238685,-0.278791,-0.261128,-0.321675,-0.023681,0.221144,0.053295,-0.138453,-0.255577,-0.055728,-0.04288,-0.400137,0.243114,-0.284745,0.138991,-0.09207,-0.058918,0.05947,-0.374086,-0.509833,-0.144454,-0.193276,-0.224314,-0.191637,-0.175648,-0.364276,0.617926,-0.234404,-0.124317,-0.414313,-0.058522,0.109752,-0.268588,-0.15105,-0.358274,0.248113,0.301547,-0.083963,-0.166933,-0.035506,-0.057637,-0.037173,0.163513,0.057144,0.112801,-0.166675,0.150426,-0.065098,-0.258634,-0.159882,-0.270218,-0.569576,-0.227244,0.137486,-0.228727,-0.276959,0.284204,0.170725,-0.197196,0.405334,0.014632,0.359341,-0.012798,0.580084,-0.137674,0.180306,-0.004928,-0.247466,0.302767,-0.26098,-0.231873,0.005257,0.374974,-0.094247,0.026231,0.077284,0.11711,0.188211,0.269103,#
13,0.000318,0.319664,0.086174,-0.485629,-0.152395,-0.152924,0.005093,-0.069888,0.219694,0.437642,-0.121182,-0.028001,0.430709,1.0,-0.062907,0.137563,-0.380903,-0.009001,0.507456,0.340046,0.051316,0.463417,0.527189,-0.254101,-0.123066,-0.240394,0.269217,0.170799,0.310968,-0.020643,0.325834,0.08597,-0.221863,0.067025,-0.234964,-0.235027,-0.017521,-0.0325,-0.226885,-0.269463,0.100004,0.249701,0.233237,-0.299356,-0.392438,-0.353503,-0.148897,0.413334,-0.192561,0.118365,-0.004201,-0.131241,0.125286,-0.119824,-0.204667,0.125271,-0.331543,-0.317697,-0.10897,0.073519,0.467149,-0.242648,-0.12461,0.135146,0.372917,0.006263,-0.335211,0.025611,-0.067949,0.332686,-0.091202,0.291883,-0.072371,-0.564914,-0.185124,0.253774,0.00769,0.127268,-0.117002,0.079425,0.05911,-0.308028,-0.221896,0.004606,-0.216445,0.117168,-0.222413,-0.316808,-0.330603,0.061622,-0.468579,0.094548,-0.223795,-0.259271,-0.094543,-0.267654,-0.342778,0.166537,0.203439,-0.177976,-0.341115,-0.163465,-0.112752,-0.216627,0.014967,-0.120367,0.038849,-0.312781,0.02139,-0.235526,0.412467,0.029139,-0.318472,-0.078897,0.368871,-0.432429,-0.243074,-0.300658,0.263493,-0.312557,-0.187165,0.118064,0.016982,-0.377109,-0.267444,0.198627,0.24778,0.092474,0.011959,-0.349865,0.293145,-0.284208,-0.382507,-0.113488,-0.009817,-0.001047,0.022373,0.080566,0.177853,-0.377865,-0.096879,-0.008279,-0.172736,-0.111414,-0.296883,0.039922,-0.487477,0.403279,-0.221268,0.048303,-0.379124,0.048771,0.21315,-0.447304,-0.221465,-0.277189,0.486448,0.269814,-0.200791,-0.31051,0.274594,-0.300164,0.136947,-0.152903,-0.032345,0.684863,0.185093,0.202176,-0.107962,-0.109193,-0.337625,-0.162617,-0.352364,-0.101812,-0.074498,-0.545839,-0.062213,0.163392,0.536208,-0.171948,0.273784,-0.429002,0.282021,0.241523,-0.038673,-0.333061,-0.203299,0.086557,-0.379274,-0.024654,0.026825,-0.074858,-0.050205,0.33828,0.238227,-0.239935,-0.014134,0.011025,0.01091,0.270456,#
14,0.142534,-0.287419,-0.299305,0.173593,-0.044233,0.321623,-0.022269,0.097697,0.024747,-0.270365,0.044683,0.279681,-0.043906,-0.062907,1.0,-0.081517,-0.031671,-0.07406,-0.043865,0.045937,0.254234,-0.094208,0.291855,0.262896,-0.018509,0.062941,0.125078,0.083751,-0.219949,-0.038667,-0.198061,0.054294,0.305589,-0.13709,-0.223428,-0.270603,-0.10004,-0.052802,0.061908,-0.271429,-0.314425,0.164869,-0.180734,0.188008,0.227583,0.01371,0.382687,0.120802,0.170357,-0.09552,-0.060942,0.256502,-0.014411,-0.287004,-0.215414,0.311329,-0.157955,0.180079,-0.311545,0.036822,-0.085112,0.317268,0.165801,-0.023891,-0.22896,-0.253609,-0.134507,-0.232018,-0.028414,-0.259164,-0.217086,-0.016989,0.179819,0.129819,-0.07461,-0.02545,-0.134207,0.278935,-0.481893,0.466236,0.144578,-0.059973,-0.24242,0.017872,0.129302,-0.183705,0.166873,-0.158307,0.370218,0.236711,-0.122945,-0.174332,0.063076,-0.417117,-0.070383,0.073793,0.161024,-0.099196,-0.217621,-0.174212,0.20503,0.403811,-0.295062,-0.280182,-0.254235,0.236335,-0.327463,-0.173761,0.209184,0.184323,-0.124799,0.190115,0.039799,0.075837,0.225188,0.104825,0.320231,-0.183782,-0.262306,-0.264432,0.148942,-0.329607,0.217769,0.132444,-0.039496,-0.102835,0.125082,-0.179451,-0.311655,0.198935,-0.094283,-0.093678,-0.370461,-0.082682,-0.202901,0.202647,-0.490938,-0.086282,0.098484,-0.141379,0.137767,0.301734,-0.168996,0.102513,-0.137267,-0.232274,0.282569,0.131685,-0.201257,0.232909,0.146898,-0.135233,0.054564,0.292022,0.066398,0.232854,0.139264,0.036905,0.012512,0.411655,-0.157346,-0.150477,0.057022,-0.246789,0.279398,-0.012719,-0.009481,0.239033,0.100215,-0.11116,-0.236644,0.009933,-0.1634,0.112821,0.229818,-0.196492,0.087832,-0.243117,0.031726,0.121163,-0.244651,0.157916,0.29199,-0.276819,0.248148,-0.142725,0.147917,-0.183689,0.04469,0.125878,0.080844,0.056028,0.070698,0.248808,-0.123775,0.429727,-0.081793,-0.066591,-0.234006,-0.239301,#
15,-0.08283,0.066193,0.175802,-0.428622,-0.215842,0.064109,0.060866,0.277715,0.059911,0.096606,-0.275135,-0.33504,0.272681,0.137563,-0.081517,1.0,0.468046,0.124312,-0.298338,0.109261,-0.280668,0.337719,-0.050953,-0.007116,-0.077142,0.252587,-0.162983,0.066657,-0.03524,-0.015574,-0.149552,0.023654,-0.077786,0.268041,-0.001487,-0.012077,0.066368,0.330868,-0.01632,-0.166447,0.021798,0.083346,0.055973,0.2448,-0.285094,-0.200999,0.268435,-0.243629,-0.181217,0.333296,0.293534,-0.640828,-0.024782,-0.15091,0.220803,-0.026531,0.244117,-0.434775,-0.025989,0.026949,0.107139,0.109234,0.105477,0.252817,0.123557,-0.353631,0.091915,-0.204615,-0.404082,-0.303384,0.181984,0.181725,0.002948,0.087021,-0.203005,0.28173,-0.242852,-0.217257,0.241834,-0.015076,-0.203613,-0.154109,-0.157488,0.230202,-0.011362,-0.332343,0.249478,-0.320382,-0.220908,0.348318,-0.107144,-0.197833,-0.178232,0.073022,-0.554941,0.038078,0.008483,-0.091825,0.098098,-0.014662,-0.153998,0.245946,-0.245738,0.31436,-0.193636,0.024406,0.281004,-0.013981,0.181908,-0.407581,0.215638,-0.104486,0.187925,0.186266,-0.280595,-0.147893,0.20424,-0.446021,0.038342,-0.185189,-0.15376,0.113242,-0.089376,-0.072935,-0.091131,-0.232011,-0.011732,0.30105,0.050346,-0.062353,-0.142553,0.02206,-0.056823,0.283792,0.081813,-0.054193,-0.049608,-0.316076,-0.128536,0.046428,-0.012937,-0.052702,-0.370881,-0.296962,-0.307296,0.099494,-0.056067,0.271551,-0.081313,-0.081202,-0.257974,0.002722,0.142015,-0.162431,-0.074258,0.233279,0.187916,0.170821,0.072678,0.063871,-0.038823,-0.208546,0.245504,-0.099744,0.235581,-0.071375,-0.185201,0.268795,-0.133601,-0.129979,-0.047961,0.065174,0.044624,-0.1019,-0.169164,0.095811,0.015561,0.339746,0.034623,-0.147019,0.130638,-0.114049,0.394538,0.206931,-0.212244,0.190222,0.111232,-0.189469,-0.211577,0.006347,0.015126,-0.138971,-0.05474,0.128324,0.096307,0.123787,0.136019,0.248234,0.492811,0.359813,#
16,0.090546,-0.003369,-0.120374,0.106745,0.271194,0.067048,0.070777,0.220016,-0.210533,-0.207066,0.21631,-0.020825,-0.020985,-0.380903,-0.031671,0.468046,1.0,-0.065277,-0.36716,0.047758,-0.287127,-0.137111,-0.369707,0.313963,0.026569,0.353077,-0.123937,0.217272,-0.001879,-0.136561,-0.35061,-0.111835,0.165215,0.035615,0.12914,0.072886,-0.219365,0.057117,0.317283,0.319831,-0.158311,-0.228453,-0.079064,0.29832,0.00895,0.316781,0.057338,-0.443143,-0.065883,0.234306,0.134376,-0.322157,-0.253204,0.053521,0.220779,0.050617,0.362531,0.097611,0.050352,-0.043838,-0.372657,0.068941,0.109587,-0.125195,-0.246171,-0.452127,0.415011,-0.114414,-0.430454,-0.442989,0.230396,-0.015607,0.08809,0.34189,-0.025868,-0.006746,-0.059743,-0.335419,0.098134,-0.006314,-0.315317,0.154723,-0.015911,0.121968,0.010268,-0.168694,0.392665,-0.084078,0.097369,0.370831,-0.152729,-0.058134,0.044992,-0.000469,-0.103754,0.197015,0.469094,-0.407113,0.022658,-0.07988,0.093138,0.378924,-0.056023,0.24935,-0.231749,-0.14043,0.104701,0.133135,0.190932,-0.122998,-0.30527,-0.006247,0.473076,0.357004,-0.611179,-0.048893,0.150219,-0.076707,-0.097308,0.093496,-0.202353,0.19729,-0.41785,0.310769,0.263234,-0.224131,-0.537453,0.228762,-0.11944,0.078962,-0.269921,0.011693,0.188238,0.108018,0.011596,0.093766,0.285037,-0.426871,-0.317526,0.125214,0.166455,-0.000531,0.11447,0.145796,-0.063626,-0.058587,0.004356,-0.009168,0.158928,-0.384922,0.161086,0.152618,0.029358,-0.038396,-0.099059,0.019538,-0.251704,0.023313,0.205043,0.20484,-0.417763,-0.058351,0.156321,-0.122388,-0.083876,-0.421052,-0.109613,0.012281,-0.041436,0.174819,0.32544,-0.024196,0.386208,0.072385,-0.061487,0.337549,-0.071601,0.313654,-0.310599,-0.199707,-0.031429,0.210306,0.163626,0.029002,-0.029577,0.01268,0.13701,-0.050557,0.142261,0.307747,-0.074681,-0.06117,-0.029938,-0.055848,-0.088161,0.266757,0.120322,-0.034736,0.28006,-0.197161,#
17,-0.535711,0.18514,0.661646,-0.218158,-0.206324,0.163066,0.041309,0.136344,0.097775,0.426546,-0.49592,-0.246803,0.349904,-0.009001,-0.07406,0.124312,-0.065277,1.0,-0.348934,0.069546,-0.099266,-0.206272,0.3212,0.013635,0.112403,-0.106548,-0.04423,-0.330559,0.001352,0.116527,-0.186745,-0.268308,-0.052315,0.250015,-0.064706,0.069492,0.149887,0.148193,0.073621,-0.268838,0.112823,-0.332452,-0.200133,-0.008393,-0.008861,-0.326038,-0.228554,-0.090285,0.4605,0.042691,-0.103525,-0.277895,0.378359,0.089417,0.089174,0.235994,0.217697,-0.564833,-0.131346,0.120314,0.306382,-0.032863,-0.059806,-0.106879,0.210983,0.363104,0.099469,0.054979,0.244328,0.086046,-0.335254,-0.18627,-0.658404,0.266008,-0.103095,-0.296959,0.000308,-0.106285,-0.014324,0.269048,-0.095208,-0.03631,0.12677,0.576749,-0.165183,-0.04145,0.127413,-0.036,-0.168306,-0.008268,0.234233,0.0161,-0.325894,0.014295,-0.101122,0.355533,-0.420269,0.3376,-0.035283,-0.203691,-0.513459,-0.116771,0.011888,0.269794,0.002472,-0.126221,0.205505,-0.165495,0.384708,-0.097468,0.440019,-0.192794,0.158609,0.076261,0.077663,-0.097317,-0.089452,-0.035936,0.119769,0.032522,-0.027831,-0.139734,-0.297889,-0.525534,-0.331925,0.020049,0.482093,-0.342846,-0.010227,0.003557,0.458524,0.193581,-0.385621,0.071585,-0.224339,-0.157159,0.27139,0.305186,-0.414441,0.009457,-0.241068,-0.223146,-0.20866,-0.235798,0.147184,-0.074426,0.036938,0.307737,0.11742,0.016873,-0.25808,0.000475,0.223589,-0.263426,0.040512,-0.107568,0.351026,0.04234,-0.069106,-0.000554,-0.017184,0.11601,-0.075109,0.358782,0.155605,0.005305,-0.018961,0.04863,0.409718,-0.138243,-0.245268,-0.069581,-0.172673,-0.117545,0.038845,-0.051248,0.097495,-0.05909,0.068187,0.01733,0.153619,0.136507,0.014792,-0.269432,0.249409,0.061123,0.465873,0.049502,-0.54225,-0.064836,0.239023,-0.363562,-0.434018,0.253856,-0.352568,0.218824,0.372057,0.325372,0.157728,0.49144,#
18,0.374978,0.162283,-0.064259,-0.055732,0.132585,0.143287,0.275392,-0.199377,0.103865,0.022005,0.212338,0.120258,0.105581,0.507456,-0.043865,-0.298338,-0.36716,-0.348934,1.0,0.147245,0.128463,0.053696,0.331773,-0.130146,-0.034827,0.066691,-0.089024,0.262463,0.60108,-0.123514,0.285458,0.319113,-0.206942,-0.116264,-0.173554,-0.125359,-0.172736,-0.107922,-0.065952,0.140187,0.112848,0.231822,0.065027,-0.47918,-0.224182,-0.17937,-0.04392,0.256834,-0.252984,-0.039074,0.21088,0.134969,0.070387,-0.070185,-0.256537,-0.019121,-0.278656,0.235859,0.089819,0.024651,0.177934,-0.073419,-0.086519,-0.003029,0.10518,0.006391,-0.449286,0.034652,0.066038,0.28644,-0.232384,0.194488,0.059248,-0.574597,-0.246894,0.141669,0.082892,-0.077249,-0.220712,0.02907,0.11629,-0.246985,0.085643,-0.326858,0.040808,0.344339,-0.355631,-0.185658,-0.114011,-0.335767,-0.274822,0.098392,-0.012476,-0.370987,0.059377,-0.347223,-0.138557,-0.198718,0.020137,-0.070066,0.205411,-0.118278,0.110205,-0.373925,0.115094,-0.229747,-0.130203,-0.200644,-0.520495,-0.118191,-0.021545,0.176484,-0.508362,-0.29478,0.367976,-0.292819,0.070806,0.230592,0.208044,-0.156761,0.180045,0.186987,0.278172,0.020241,-0.216956,0.325825,0.030947,-0.104066,-0.060814,-0.132558,-0.132867,-0.483646,0.103654,-0.09565,0.022539,-0.086545,-0.122172,0.219031,0.45469,-0.206886,-0.184636,0.061207,0.279241,-0.287569,-0.02315,-0.031597,-0.169072,0.059693,-0.414484,-0.049649,0.113804,-0.125317,0.126245,-0.132071,-0.035045,-0.133036,0.122116,0.027446,-0.190956,-0.270644,0.221634,-0.157689,0.261152,-0.302419,-0.257472,0.450536,0.451235,0.013191,-0.340052,-0.208742,0.01433,-0.084477,-0.264482,0.022321,-0.07774,-0.231287,-0.151352,0.313025,0.151109,-0.269095,0.225285,-0.420733,-0.216391,0.313109,-0.12036,-0.294115,-0.042161,0.121054,0.147138,-0.129289,-0.28845,-0.03535,0.038149,0.170718,0.424152,-0.237425,-0.313987,-0.36746,-0.027969,-0.201118,#
19,-0.149587,0.025889,0.098867,-0.172699,-0.149036,-0.026412,0.173638,-0.267339,0.356163,0.066111,-0.052652,-0.097645,-0.144784,0.340046,0.045937,0.109261,0.047758,0.069546,0.147245,1.0,0.124305,0.039659,0.211145,-0.108062,-0.30549,0.045926,0.305967,0.112632,0.375016,-0.189442,0.159334,0.170528,0.063626,0.102402,-0.038331,-0.201412,0.004838,0.258822,0.111159,-0.152613,0.234741,-0.011157,-0.227998,-0.029175,-0.061405,-0.375241,-0.239106,0.220128,-0.503889,-0.090238,-0.143456,-0.109929,0.015743,0.032649,-0.007034,0.119076,-0.023977,-0.048467,-0.11144,-0.099632,0.116555,0.024855,0.273079,0.254737,0.131011,-0.155344,-0.07507,0.315349,0.060662,0.185382,0.099965,0.094593,0.249834,-0.27532,-0.58914,0.04724,0.315489,0.278783,0.01843,0.211951,0.078006,0.249561,0.086587,0.174913,-0.101266,0.371089,0.244126,-0.214118,0.021616,-0.047203,-0.39048,0.163067,-0.089078,-0.134768,0.278602,0.143899,0.110045,-0.098362,-0.147844,0.203475,-0.1981,0.504201,0.008066,-0.40211,0.032557,-0.063384,0.376324,0.145616,0.295492,-0.198131,0.161615,-0.068406,-0.004003,0.170658,0.332359,-0.091745,0.115585,-0.189318,0.336903,-0.214526,-0.089187,0.124829,0.137968,-0.330017,0.033188,0.099668,0.223294,-0.077559,0.276795,0.195369,0.428565,-0.186924,-0.126427,-0.11713,0.057558,0.034267,-0.004837,0.444985,-0.078388,0.14164,0.371089,0.345022,0.198405,0.305414,-0.025141,0.062161,-0.021582,0.061288,0.078305,0.137066,-0.133505,0.190386,0.539376,-0.286412,-0.080893,-0.037089,0.196553,-0.144407,0.039568,-0.033474,0.509944,-0.012371,0.321915,-0.346242,-0.287494,0.152208,0.466298,0.272788,0.256945,-0.082658,-0.096373,0.011281,-0.093411,-0.096615,-0.074377,-0.109742,0.294692,0.083313,0.153629,-0.023617,-0.105698,-0.374179,0.103337,-0.036967,-0.445142,-0.448829,0.239017,-0.007068,-0.279675,-0.131104,0.384246,-0.086062,-0.440351,0.220765,0.468868,0.07501,-0.310998,-0.14458,0.274439,0.11037,#
20,-0.007623,-0.120591,-0.347848,0.35194,-0.149583,-0.277445,-0.280183,0.182142,-0.027812,-0.276175,0.128989,0.22335,-0.006406,0.051316,0.254234,-0.280668,-0.287127,-0.099266,0.128463,0.124305,1.0,0.060068,0.378064,-0.047687,-0.35552,-0.102185,0.427352,0.168875,-0.280197,-0.273292,0.256334,0.033876,0.548243,0.131653,-0.273678,-0.479874,-0.303472,-0.300407,-0.150951,0.216315,0.118549,-0.031021,-0.198461,-0.047855,0.024413,0.063752,0.181458,0.345104,-0.231342,-0.25863,-0.19299,0.51316,-0.104312,0.116489,0.038963,0.279304,0.064875,0.2158,-0.330588,0.277255,-0.273925,-0.169381,-0.004504,0.239232,0.173192,0.077333,-0.209914,0.24489,0.211221,0.460747,-0.0572,-0.361181,0.120832,0.243036,-0.17896,-0.085711,0.044536,0.420468,-0.098995,0.119464,0.240841,0.007955,0.04861,-0.031792,0.293127,0.118918,0.177732,-0.019464,0.459455,-0.112751,0.101154,0.279413,0.297937,0.163639,0.437209,0.208272,0.022815,-0.226233,-0.006163,0.212525,-0.011448,0.113611,0.389514,0.104217,0.384952,0.361995,-0.036244,0.259809,0.031286,0.121284,-0.117435,-0.180301,-0.169724,0.228307,0.317426,0.295545,0.142271,-0.276026,-0.072773,0.153117,0.375756,-0.183593,0.213726,0.005334,0.245286,0.034404,0.117977,-0.50955,0.399116,0.127277,0.201216,0.050931,0.059099,-0.29286,0.549964,0.61797,-0.118647,0.276145,0.265738,0.138269,-0.041522,0.53958,0.21618,0.281822,0.175465,0.140616,0.13312,-0.203372,0.224567,0.388567,0.408349,0.107574,0.203308,0.471556,0.01555,0.129504,-0.084279,-0.19513,0.000879,0.28052,0.400241,0.293433,-0.046279,-0.273661,-0.080559,-0.141336,0.3252,0.113613,0.105588,0.021701,-0.025831,0.121085,-0.417052,0.228631,-0.060598,0.07958,0.133361,-0.276652,0.033153,0.345013,-0.369394,-0.238504,0.296777,0.044672,-0.052533,0.097802,0.057286,0.291859,-0.052374,-0.074614,0.279413,-0.193203,-0.205612,0.024587,0.166636,-0.27341,-0.49754,-0.574195,-0.360797,-0.129026,#
