0,1.0,0.134489,0.017844,-0.048113,0.411813,-0.017718,0.144845,-0.180235,0.132506,0.158901,-0.049132,0.057829,0.393635,0.141903,-0.193475,-0.173851,0.146962,-0.025148,0.104817,-0.374612,-0.384469,-0.364053,0.224677,-0.219656,-0.104879,-0.28677,-0.547891,-0.032325,0.131411,0.066392,-0.175733,-0.180169,-0.229571,-0.352671,-0.316879,0.109887,0.034432,0.162495,0.024114,0.004986,0.213474,0.074702,-0.119488,-0.04063,-0.166267,-0.152083,0.245769,0.147774,-0.158016,0.398724,0.183821,0.094212,0.124665,0.004001,-0.024648,0.044797,0.006114,0.229331,-0.216054,-0.013996,0.210759,0.225943,0.232682,-0.295125,-0.002449,0.304086,0.117267,0.089807,0.155301,-0.171811,0.193907,0.0125,-0.109879,-0.208716,-0.301897,0.327415,-0.090761,-0.304411,0.173612,-0.011259,-0.308865,-0.08525,-0.116033,0.324724,-0.248192,-0.177214,-0.340343,-0.156226,0.011935,-0.278434,-0.378767,0.029086,-0.121798,0.066445,-0.022336,-0.30306,-0.182024,-0.074357,0.192878,-0.204373,0.24006,-0.305871,0.113804,-0.198557,-0.189804,0.089333,0.021411,0.036065,-0.398452,0.125109,0.11043,-0.18304,0.086825,-0.303832,-0.369789,-0.395797,-0.120529,-0.099361,0.226691,-0.360241,0.031247,-0.325681,-0.299213,-0.244774,-0.133368,-0.110124,-0.46608,-0.086405,0.057527,-0.176896,-0.268699,0.165976,-0.052232,0.174409,-0.25268,-0.393089,0.153666,-0.239524,-0.243923,-0.261547,-0.10399,-0.030743,-0.259755,0.088536,-0.029414,-0.150449,-0.507362,0.255577,-0.197169,-0.015358,-0.360712,-0.237756,-0.321475,-0.079752,-0.48128,-0.060769,0.101743,0.278558,-0.27994,-0.260263,-0.136675,-0.050697,-0.387576,-0.17835,0.10247,-0.152896,0.213569,-0.033099,0.031724,-0.27127,0.019596,0.149622,-0.092204,-0.149948,0.021762,-0.148323,0.173261,0.129835,0.27518,-0.165057,-0.009377,0.175974,-0.207791,-0.185721,0.333613,0.007976,0.082947,0.189232,-0.140608,0.288861,-0.11548,-0.244056,0.289425,0.409764,-0.267633,0.148099,0.241139,-0.354023,-0.377777,0.09198,#
1,0.134489,1.0,0.115722,0.011577,0.133279,-0.249092,0.113293,0.073349,0.135033,0.435772,-0.107127,0.153931,0.187672,-0.072972,0.10442,-0.030503,-0.084739,0.258052,0.215398,-0.052128,-0.102146,0.109304,0.002149,0.061051,-0.200588,0.136003,0.059659,-0.007268,0.101652,0.21208,-0.36564,0.283733,0.020492,0.091971,-0.247855,-0.026993,0.277172,-0.125473,-0.228015,-0.243966,-0.022975,0.36767,0.126267,-0.18768,-0.234394,-0.431129,0.275924,0.246939,0.077419,0.39314,0.108141,-0.239985,-0.129913,0.115582,0.016397,-0.037983,-0.472145,-0.237934,-0.149384,0.040089,-0.063892,0.302328,-0.171763,0.063425,0.065553,-0.125117,0.300587,0.142582,-0.041679,-0.170095,-0.095612,-0.079876,0.099213,-0.008353,-0.301244,0.134512,-0.359587,-0.390994,-0.149406,-0.510144,-0.048477,-0.228717,-0.196882,0.222213,-0.457611,-0.088677,-0.277241,0.13649,-0.110473,-0.064709,0.250222,-0.132153,-0.202247,0.101415,-0.340597,0.195426,0.089471,-0.181615,-0.126263,-0.153241,0.191369,-0.33589,-0.62922,-0.098476,-0.668143,-0.145127,-0.390225,-0.358762,-0.353381,-0.168917,0.057929,0.091021,0.118932,-0.161708,-0.11287,-0.10903,-0.067671,-0.373172,0.243445,-0.178225,-0.201599,0.064402,-0.262375,-0.401042,0.210035,-0.207486,-0.34052,-0.144516,-0.134929,-0.023642,-0.228717,-0.106804,0.014353,0.271464,-0.175965,0.079068,-0.201561,-0.165946,-0.048601,-0.273638,0.009441,0.199685,-0.285169,0.057245,-0.175965,-0.38439,-0.249089,0.265988,-0.366313,-0.103358,-0.371877,-0.220699,-0.198156,0.03777,-0.268064,-0.077999,0.020636,0.287777,-0.05524,-0.114333,-0.14854,-0.095183,-0.08697,0.068032,0.178353,0.469027,0.11648,0.048897,-0.192892,0.020968,-0.252534,0.092297,-0.143908,-0.260148,0.153836,0.080253,-0.081926,0.005616,0.033509,-0.159897,0.213329,-0.029149,-0.048152,-0.163027,-0.126576,-0.12884,0.009405,-0.055956,-0.232847,0.222375,-0.37127,0.229908,0.170672,0.083248,-0.31067,-0.096251,0.286792,-0.343847,-0.015485,-0.027102,#
2,0.017844,0.115722,1.0,0.323196,0.136781,-0.213071,-0.028,-0.074858,-0.179214,0.258488,-0.306522,-0.055971,-0.162812,-0.196168,-0.535391,-0.256711,0.249676,0.164705,-0.154168,-0.208514,-0.011344,-0.091897,-0.171048,0.073588,-0.007733,-0.208617,0.068371,-0.376666,-0.456912,0.285766,-0.06604,-0.084133,-0.035084,0.100179,-0.180744,-0.299457,0.006069,-0.050373,0.009911,-0.193237,-0.156493,-0.075032,0.184953,0.012608,0.202514,-0.218089,-0.101238,0.335087,-0.05041,0.11441,0.032771,0.211208,0.006468,0.281922,-0.025459,-0.199855,-0.169079,-0.064486,0.129698,-0.001392,-0.187466,-0.163886,-0.458561,-0.174759,0.004585,-0.047988,-0.211602,-0.132088,-0.022389,0.065805,0.104674,0.158787,0.014891,0.172508,-0.151165,0.278553,-0.04691,-0.006629,-0.232622,0.333313,0.12346,0.100728,-0.057848,0.305107,0.077303,-0.246006,-0.098236,0.152455,0.066257,-0.255412,-0.137317,-0.356303,0.145257,-0.089029,-0.34484,0.080741,0.105835,0.156322,0.199076,0.003917,-0.182513,-0.110368,0.07314,0.097881,-0.184816,-0.269385,0.147032,-0.107879,-0.194211,0.097121,0.178224,0.354917,0.0967,-0.133557,0.070027,0.268694,0.090479,-0.423104,0.05468,-0.044257,-0.484821,0.207705,0.075018,-0.160902,-0.172165,0.139623,-0.3013,0.086492,0.119587,0.324577,0.090479,0.091376,-0.044531,0.171213,0.140245,-0.234532,0.365583,0.174553,-0.123068,-0.334406,0.044502,0.528084,0.150969,-0.390596,-0.056655,0.259081,-0.025438,0.166755,-0.2146,0.074278,-0.409095,0.369628,0.15457,0.032046,-0.292687,-0.051087,0.033199,0.085767,0.084562,-0.044192,0.38392,0.121213,0.381353,0.216245,0.185427,-0.002897,-0.1379,-0.325668,0.117535,0.042747,-0.033645,-0.06738,0.074035,0.037635,-0.178508,0.007276,-0.082701,-0.113156,-0.264112,0.260098,-0.07506,-0.100706,0.035441,-0.159374,-0.339834,0.257317,-0.086828,-0.218596,-0.060939,0.059788,0.286396,-0.035046,0.040059,-0.011417,0.113258,-0.177767,-0.175967,0.407467,0.202954,-0.076738,#
3,-0.048113,0.011577,0.323196,1.0,0.141978,-0.146017,-0.103461,-0.431831,-0.146044,0.075646,0.365908,-0.101541,-0.218022,-0.153523,-0.406058,0.061667,0.310225,0.020743,0.180864,-0.116286,-0.058613,-0.214222,-0.098273,-0.005703,0.025426,-0.141042,0.021876,-0.331078,-0.057389,-0.071331,0.167201,-0.269982,0.172483,-0.224619,-0.048887,-0.428486,-0.288602,0.156356,-0.347988,0.085637,0.040496,-0.380117,0.099465,0.186642,0.227793,-0.302679,-0.330932,-0.126586,0.373876,0.063348,-0.131182,0.413021,-0.136969,0.34389,0.320754,-0.02242,-0.151845,-0.183264,0.301224,-0.151218,-0.095014,0.064025,-0.260716,-0.161505,-0.107135,-0.204927,0.163724,-0.186846,-0.272053,0.511632,-0.275027,0.281042,0.22645,0.17898,0.210559,0.133155,-0.1449,0.010059,0.252823,0.280371,-0.13703,0.190738,0.211594,0.23129,0.006921,-0.123689,0.124038,0.145004,0.013318,-0.093858,0.259169,-0.340077,0.011981,-0.317732,0.126612,0.279989,0.330518,0.14007,-0.283697,0.142353,-0.204419,-0.27095,0.321012,0.024928,-0.111351,-0.000695,0.179713,-0.275997,-0.138697,0.260756,0.109833,0.110963,0.206719,-0.04817,-0.104424,0.064955,0.21954,-0.089217,0.02846,0.153265,0.027212,0.262295,0.035558,-0.064288,-0.201571,0.23638,-0.04817,0.226012,0.293605,0.018234,0.200531,0.045846,-0.271205,-0.044725,0.003517,0.290652,0.108479,-0.160745,-0.138689,0.003978,-0.028275,0.360426,0.222787,-0.326249,-0.018617,0.337303,0.008678,-0.138596,0.029404,0.128841,0.058012,0.463851,0.018796,0.101841,0.017923,-0.191359,-0.313222,-0.084454,0.354237,-0.069126,-0.01237,0.198606,-0.074859,-0.032804,-0.293364,0.167184,-0.039689,-0.02372,0.19446,-0.135618,-0.170729,-0.117229,0.012302,0.253755,-0.208768,0.082287,0.029112,-0.103336,-0.093968,0.670829,-0.52531,0.189874,0.188211,-0.050934,0.006942,-0.018061,-0.153414,-0.176192,0.132632,-0.217475,0.219459,-0.041649,-0.133076,0.073283,-0.112776,-0.243056,-0.071581,0.063305,-0.27262,-0.101449,#
4,0.411813,0.133279,0.136781,0.141978,1.0,-0.087833,0.248163,-0.090553,-0.005062,0.20077,0.041235,0.141913,0.112715,0.064074,-0.065987,-0.276025,0.351614,-0.105475,-0.130397,-0.433176,-0.352608,0.11557,0.064583,0.022601,-0.495967,0.027652,-0.162433,-0.160963,0.146409,0.354856,-0.041707,0.073569,-0.382677,-0.141962,-0.483099,-0.07123,-0.013105,-0.111519,0.247374,0.09451,-0.04485,0.058449,-0.137166,-0.180211,-0.268952,0.051462,0.010563,0.265288,-0.040178,0.132931,0.290689,-0.308704,0.082336,-0.049342,0.306119,-0.415579,-0.314985,0.207524,-0.488846,-0.208607,0.157286,0.15975,0.080662,-0.055723,0.084928,0.312214,0.080804,0.176291,0.084346,-0.159464,-0.045091,-0.487449,0.30845,-0.645345,-0.538184,0.421328,-0.610703,-0.505504,-0.261637,-0.064658,-0.48722,-0.259792,-0.386733,0.097233,-0.398822,-0.393564,-0.512966,-0.42808,-0.16317,-0.431082,-0.177299,-0.199069,-0.206749,-0.072481,-0.312258,-0.438892,-0.284166,0.157406,-0.003431,-0.187981,0.036935,-0.264069,0.021035,-0.132854,-0.473356,-0.453443,0.017245,-0.334465,-0.324342,0.230298,0.007354,0.041005,-0.43079,-0.280423,-0.253059,-0.142899,-0.077959,-0.412592,-0.172649,-0.114962,-0.212331,-0.337462,-0.180673,-0.086829,-0.011653,-0.037396,-0.449232,-0.230189,-0.419787,-0.028313,-0.419086,-0.106051,-0.308432,-0.121787,-0.116804,-0.437762,0.280732,-0.56058,-0.093631,-0.398368,-0.130831,0.289009,-0.033936,-0.097604,-0.283154,-0.343704,-0.392855,0.421074,-0.392193,-0.048314,-0.315879,-0.22547,-0.373845,-0.368584,-0.577588,-0.291359,0.0154,0.232994,-0.369601,-0.382728,0.097648,-0.198901,-0.137922,-0.175945,-0.00916,0.197273,-0.133243,-0.100589,0.180161,-0.361661,0.194628,-0.286996,-0.45878,-0.325343,0.007114,-0.308059,-0.300747,-0.037612,-0.009672,-0.122607,0.075575,-0.042143,0.237195,0.183829,0.17695,0.175017,0.320644,-0.195053,0.049346,0.265655,0.109262,0.289246,0.432947,0.512623,0.127378,-0.05018,0.19536,-0.306459,-0.446727,0.298703,#
5,-0.017718,-0.249092,-0.213071,-0.146017,-0.087833,1.0,0.06111,0.223059,0.018762,-0.124444,0.155816,-0.15264,-0.224408,0.384085,0.536391,-0.115543,0.017872,-0.318416,-0.145943,0.02629,-0.002748,0.065181,0.075279,-0.289435,0.100302,-0.115158,0.068978,0.067013,0.069926,-0.107373,0.394584,0.407354,0.160966,-0.311475,-0.261638,-0.095039,-0.270068,0.201643,0.193632,0.043829,-0.217911,0.188449,-0.144551,0.254454,-0.058628,-0.006485,-0.058491,-0.224317,-0.098904,0.249775,-0.012615,0.033329,0.353636,-0.138363,-0.006826,0.269861,0.097421,0.405547,-0.119912,0.412104,0.318386,0.250174,-0.011472,0.276802,0.172441,0.106673,-0.24079,0.338735,-0.226444,0.196618,-0.025776,0.007391,0.189011,0.051604,-0.086412,-0.049083,0.36191,0.257009,-0.180373,0.015315,0.04378,0.140671,-0.016832,0.074773,-0.056201,0.143772,-0.012887,-0.27202,-0.140011,-0.157977,-0.078143,0.086698,-0.078414,-0.149133,0.228373,0.17284,0.018929,-0.105858,0.113486,-0.146947,-0.215473,0.015,0.115581,-0.295829,0.243889,0.162285,-0.038946,0.057685,-0.091824,-0.300492,0.095252,0.079923,-0.17705,-0.158885,-0.176806,-0.286627,0.153447,-0.005877,-0.060239,-0.047555,0.087699,0.080371,-0.057954,0.03655,-0.365226,0.164773,0.000781,0.183629,-0.202854,-0.229775,0.319534,-0.288894,-0.16271,0.133726,0.005679,-0.148227,0.010251,-0.039823,-0.077293,0.135851,0.152301,-0.331711,-0.426331,-0.248099,-0.00154,-0.020963,0.097647,-0.095767,0.56607,-0.031122,0.061496,-0.049604,0.247242,0.262324,-0.052781,0.04088,0.066039,-0.01083,-0.239649,0.088463,-0.334352,-0.273424,0.017029,-0.053223,0.065,-0.094991,0.345247,0.123096,0.053283,-0.02074,0.387254,-0.17291,0.167586,0.236262,0.145577,0.246093,0.010081,-0.026929,0.29338,-0.17456,0.163778,0.170473,-0.003572,0.06169,-0.051419,-0.19194,-0.003102,0.082115,0.164611,0.217918,0.162062,-0.241096,-0.021236,-0.383194,0.051417,0.118406,-0.088517,-0.128585,0.108294,0.238196,#
6,0.144845,0.113293,-0.028,-0.103461,0.248163,0.06111,1.0,0.238318,0.495429,-0.074915,0.15795,0.043412,0.286687,-0.104914,0.221194,-0.10918,-0.304858,-0.156556,-0.066355,0.005786,0.00525,0.289629,0.228047,-0.45606,-0.072225,0.052349,0.054386,-0.487774,0.231191,0.253344,-0.30142,-0.04004,-0.09495,-0.11629,-0.064366,0.098613,0.240127,-0.446258,-0.029133,0.367061,0.089777,0.063199,-0.341378,-0.214576,-0.177923,0.197967,-0.176243,0.230926,0.142871,0.274176,0.386671,-0.181889,0.173854,-0.067759,0.168383,0.084869,0.166645,0.291386,0.167392,0.210778,0.291836,0.245741,-0.34217,0.09483,0.225128,0.104096,-0.051213,-0.018059,0.052701,-0.227788,0.187426,-0.35344,0.174961,-0.258802,-0.601247,0.312236,-0.27473,-0.400164,-0.360037,-0.34332,-0.262978,-0.352917,-0.189106,-0.445734,-0.433994,-0.180801,-0.338129,0.042828,-0.457267,-0.171328,-0.264766,-0.442439,-0.218664,-0.002369,-0.614019,-0.160207,-0.132309,-0.446735,-0.096559,-0.249259,-0.176023,-0.148144,-0.279602,-0.285503,-0.259466,-0.00793,0.168628,-0.055199,-0.419695,0.030051,0.176303,0.076374,-0.350187,-0.49629,0.134933,-0.285536,-0.201913,-0.020783,0.101727,-0.398429,-0.077461,-0.417941,0.137836,-0.475253,-0.044208,-0.005092,-0.338252,-0.139337,-0.374477,-0.221944,-0.340643,-0.148487,-0.172704,-0.191471,-0.16406,-0.132601,0.041409,-0.042289,0.083746,-0.635003,-0.352268,0.025895,-0.256576,-0.088247,-0.16406,-0.389737,-0.404852,0.76375,0.016592,-0.361889,-0.178397,-0.48055,-0.391788,-0.058645,-0.249306,-0.130046,-0.106287,0.278596,-0.060799,-0.445734,0.181075,-0.290057,-0.362083,-0.234149,0.062518,0.205472,-0.052724,-0.039569,0.055119,-0.038347,0.048212,-0.185418,0.013893,-0.10032,0.300624,-0.352602,-0.148722,0.586761,0.429054,-0.309622,0.36276,0.560683,-0.013493,-0.246113,0.449767,-0.059446,-0.181869,-0.200694,-0.155155,0.55343,0.16783,-0.0846,0.435241,0.100136,-0.289433,0.229678,0.529342,-0.519945,-0.25563,0.073771,#
7,-0.180235,0.073349,-0.074858,-0.431831,-0.090553,0.223059,0.238318,1.0,-0.064154,-0.245495,-0.33304,-0.066852,0.004097,0.064151,0.219556,-0.256596,0.000721,-0.009886,-0.115732,0.056072,0.207698,0.516818,-0.067387,0.001531,-0.091127,0.247571,0.416354,0.088669,-0.358604,-0.293618,-0.16506,0.524694,0.173666,-0.003236,-0.106391,0.10652,0.11852,-0.31277,0.18426,-0.13058,-0.03688,0.105436,0.216662,-0.101663,-0.208683,0.06753,0.071847,0.097788,-0.289301,0.01037,0.263035,-0.197599,0.19676,-0.221746,-0.016876,0.144906,0.343452,0.166926,-0.002213,0.358004,-0.075251,0.292134,-0.065752,0.457038,0.23153,0.291416,-0.092909,0.183315,0.038388,-0.444187,0.267845,0.130809,-0.245114,0.068725,-0.09064,-0.202858,0.210155,0.239175,-0.184638,0.012285,0.199711,0.162181,0.157383,0.029534,0.146639,0.306901,0.123178,0.210572,-0.0,0.155406,0.08327,0.058031,0.234126,-0.18829,0.041116,0.332003,-0.146857,0.209548,-0.088888,-0.177186,0.060677,0.050713,-0.093295,-0.018647,-0.118643,0.034706,-0.048694,-0.215891,0.046001,-0.192621,-0.031975,-0.07001,-0.020903,-0.038716,0.458995,0.079452,-0.024155,0.146078,-0.081527,-0.076032,-0.035147,-0.070994,-0.042511,0.123265,-0.016525,0.176517,0.124198,-0.391331,0.012801,0.092406,-0.017253,-0.156929,0.19127,-0.170417,0.381394,0.003396,0.053036,0.118366,0.1998,-0.260908,-0.192598,-0.166837,-0.072797,0.038005,0.022916,-0.105873,0.069585,0.075528,0.024669,0.122249,0.043395,-0.046827,0.251404,0.106309,0.325818,0.086993,-0.062424,-0.155295,-0.231172,0.053481,0.252028,-0.310039,0.124112,0.102372,0.409787,0.081737,0.13842,0.081974,0.087395,0.28824,0.077348,-0.120411,0.167898,0.088541,-0.184135,0.079403,0.001869,-0.168814,-0.007711,-0.533719,0.03578,-0.262809,0.130114,-0.246561,-0.269704,-0.113006,-0.198225,0.081108,0.102282,0.068286,0.330963,0.108992,-0.0601,-0.423778,0.127661,0.120688,-0.230691,-0.129952,0.100715,-0.102938,#
8,0.132506,0.135033,-0.179214,-0.146044,-0.005062,0.018762,0.495429,-0.064154,1.0,0.143555,0.117137,0.092926,0.260616,0.034788,0.354596,-0.172605,-0.577496,0.055801,0.264245,-0.208373,-0.098805,-0.00236,0.376957,-0.274271,0.164278,-0.196456,-0.02995,0.095213,0.558267,0.21443,-0.24528,-0.028292,0.151302,-0.076138,-0.212873,0.2204,0.269662,-0.245541,-0.199593,0.163967,0.04923,-0.157238,-0.318328,-0.006372,-0.044665,-0.114817,0.184753,0.10684,0.282166,0.409016,-0.118959,-0.108018,0.142202,0.045945,0.348311,-0.111936,0.212025,-0.077467,0.413344,-0.05251,0.116455,0.229434,-0.11958,0.068236,-0.156324,0.055759,0.272053,-0.156314,0.147039,-0.065388,0.104703,-0.288561,0.167349,-0.117765,-0.284623,0.012762,-0.237843,-0.353567,-0.169588,-0.509182,-0.093178,-0.366605,-0.333992,-0.223115,-0.289273,0.007118,-0.152435,-0.088495,-0.441115,-0.002721,-0.10996,-0.079569,-0.49876,0.367829,-0.256262,0.048212,-0.102593,-0.431745,0.282919,-0.238495,-0.308706,-0.198522,-0.242241,-0.241274,-0.041251,-0.060249,-0.244604,0.044108,-0.250614,0.094077,0.118516,0.26066,-0.18776,-0.268077,-0.007233,-0.542672,-0.192694,0.02141,0.285206,-0.253024,-0.133496,-0.457274,0.30616,-0.471672,-0.070607,0.008116,-0.103861,-0.08018,-0.10635,-0.351156,-0.172984,-0.100056,0.010743,0.118103,-0.175556,0.065188,-0.279757,-0.012633,0.282723,-0.274157,-0.266086,0.000668,-0.472082,-0.200432,-0.175556,-0.08013,-0.046836,0.332804,0.044345,-0.173201,0.005491,-0.316602,-0.351156,-0.175274,-0.097483,-0.189991,0.17379,0.562528,-0.093642,-0.202597,0.109703,-0.202395,-0.126677,-0.063688,0.067675,0.129599,-0.115235,-0.053874,0.014726,0.003928,-0.165055,0.279231,0.074264,-0.423633,0.429119,-0.401677,-0.254395,0.371358,0.23341,-0.2491,0.376978,0.443687,-0.117261,-0.179324,0.246355,-0.003672,-0.246822,-0.214509,-0.245008,0.175345,0.036154,-0.15836,0.328933,0.021783,-0.362769,0.041852,0.466943,-0.371122,0.025067,0.045418,#
9,0.158901,0.435772,0.258488,0.075646,0.20077,-0.124444,-0.074915,-0.245495,0.143555,1.0,-0.038496,-0.021879,0.279791,0.059888,0.065845,0.00373,-0.3255,0.403487,0.087906,-0.11584,-0.062396,-0.14751,0.239535,0.148426,-0.057179,0.021392,-0.228642,0.094475,0.013895,0.251615,-0.236454,0.266758,-0.067649,0.207854,-0.430446,-0.157494,0.218619,-0.107408,0.002636,-0.260529,-0.056211,0.382879,0.246326,0.20174,0.170599,-0.33951,0.19542,0.574791,0.297746,0.240352,-0.181988,0.095287,0.136745,0.049006,-0.208303,-0.17973,-0.105475,-0.143326,-0.161752,-0.087431,0.018014,0.22332,-0.319087,-0.075708,0.231282,-0.038564,0.1583,0.24074,0.057538,-0.165983,0.20815,-0.114776,0.009455,0.011821,-0.143994,0.288164,-0.287555,-0.410673,-0.012249,-0.165127,-0.147717,-0.061681,-0.188848,0.041849,-0.323864,-0.049543,-0.376425,-0.115607,-0.162611,-0.217494,0.042843,0.017712,-0.233006,0.287339,-0.144974,0.167369,0.170733,-0.152029,0.216953,-0.442248,-0.083919,-0.179693,-0.280791,0.008813,-0.283269,0.006775,-0.277137,-0.386862,-0.318034,-0.182371,0.491985,0.087032,-0.043248,-0.173526,-0.221688,-0.007471,-0.234677,-0.354473,0.233698,-0.384448,-0.078353,0.026174,0.070115,-0.164979,-0.091625,-0.016972,-0.342659,-0.134432,-0.179822,0.090033,0.1205,-0.156668,0.141151,0.765458,-0.043693,0.173651,0.016076,-0.234018,0.336972,-0.339129,0.159631,0.163386,-0.104141,-0.216827,-0.043693,0.074376,-0.12321,0.252962,-0.374229,0.097914,-0.648636,0.108629,0.077335,-0.051755,-0.320186,0.17806,0.398161,0.484401,-0.309226,0.055395,-0.280805,0.080745,-0.033919,0.237438,0.182027,0.356138,-0.375624,-0.189288,0.046772,-0.212365,-0.000986,0.123157,-0.163194,-0.281892,0.257318,-0.032959,0.018238,-0.217002,-0.192765,-0.134298,-0.023385,-0.015431,-0.39181,0.199894,-0.244395,-0.003835,0.132444,-0.245342,-0.339413,0.343996,-0.01194,0.048167,-0.069658,0.015977,-5e-05,-0.427367,0.184616,-0.015439,0.247995,-0.149592,#
10,-0.049132,-0.107127,-0.306522,0.365908,0.041235,0.155816,0.15795,-0.33304,0.117137,-0.038496,1.0,-0.098496,-0.117651,0.152314,0.313713,0.074194,-0.164354,-0.305418,-0.060611,-0.074621,-0.092087,-0.168328,0.003802,-0.085701,0.151619,0.24791,0.108522,-0.050373,0.480137,-0.012909,0.174421,-0.311205,-0.093415,-0.109889,0.126573,-0.156481,-0.198777,-0.053964,0.12921,0.321502,-0.290535,-0.188853,-0.124568,0.304714,0.276022,-0.089977,-0.360268,-0.132963,0.381657,-0.190879,-0.111035,0.214132,0.125329,0.171906,0.28632,0.362755,0.107469,-0.214942,0.191096,0.130738,0.197893,0.210121,-0.024858,-0.005568,0.027451,-0.118953,0.123137,-0.204824,-0.50007,0.213089,-0.157136,0.006151,0.374962,0.085588,-0.079041,0.186557,-0.091441,0.153547,0.014992,-0.132093,-0.51355,0.013411,0.180205,-0.307424,-0.2584,-0.291191,0.167463,0.072549,-0.090516,-0.161106,-0.076815,-0.232764,0.000752,-0.14448,0.079046,0.054506,-0.099948,-0.231068,-0.404181,0.07047,-0.006938,0.232949,0.151215,-0.233581,-0.063491,0.221549,-0.020762,-0.189183,-0.061365,0.164341,-0.133736,0.066325,-0.166756,0.066214,-0.316519,-0.082609,0.029467,0.00653,-0.173896,0.080763,0.357892,-0.05987,0.136261,0.112729,0.242338,0.076407,0.066214,0.311863,-0.184024,-0.167503,0.026026,-0.08478,-0.521326,-0.038846,-0.329901,0.228919,0.030368,-0.332739,0.159416,-0.07115,-0.279795,0.054207,-0.011943,-0.085734,0.027126,-0.088138,-0.174217,-0.212601,0.573281,-0.163082,0.237406,-0.039441,-0.342078,-0.015477,0.113928,-0.108388,-0.221863,0.073473,0.125192,-0.033237,-0.218925,-0.208928,-0.279529,-0.417628,-0.509492,-0.164009,0.107155,0.262092,0.353816,-0.43905,0.000902,-0.425509,-0.225796,0.112532,0.352734,0.030269,-0.095202,0.078919,0.23749,-0.002258,-0.048875,0.447834,0.124709,0.286788,0.081762,-0.092189,0.088526,-0.430284,0.207651,0.095096,-0.135054,0.160389,0.071635,-0.015976,-0.082104,-0.137921,0.160416,-0.144298,-0.322013,0.002683,#
11,0.057829,0.153931,-0.055971,-0.101541,0.141913,-0.15264,0.043412,-0.066852,0.092926,-0.021879,-0.098496,1.0,-0.099656,-0.54191,0.047525,0.330698,0.159099,-0.303976,-0.264481,-0.200394,-0.231542,-0.015612,-0.433574,0.084793,0.164202,0.250164,-0.234626,-0.077457,0.11562,0.496091,-0.283616,0.014499,-0.226035,-0.067227,0.203848,0.110286,-0.528864,0.113558,-0.156967,0.422509,-0.120283,-0.218209,-0.405398,-0.379566,-0.011129,0.257743,-0.363933,-0.308434,-0.261075,0.199421,-0.454535,-0.410366,-0.074634,0.273275,0.247962,-0.002255,-0.089869,0.033852,-0.088948,0.118583,-0.434084,-0.14265,0.158461,0.074216,0.330034,-0.484794,-0.138031,-0.243206,-0.248257,-0.384196,0.038512,-0.08702,0.166722,-0.293492,-0.220309,-0.231433,-0.197122,-0.052184,-0.067113,-0.078954,-0.1428,-0.353902,-0.355533,-0.086045,-0.136113,-0.183593,-0.061304,-0.378157,-0.104877,-0.161374,-0.004491,-0.019922,-0.062267,-0.347532,-0.103805,0.011134,0.112355,-0.301696,-0.005761,0.304586,0.082349,-0.134869,-0.136313,-0.123201,-0.113899,-0.128544,0.223196,0.172314,-0.116325,0.077148,-0.445953,0.045587,-0.356289,0.189646,-0.252433,-0.415409,0.044686,0.029055,-0.551558,0.248305,-0.308728,-0.20648,-0.342458,0.156276,0.194403,-0.285273,0.189646,-0.445471,-0.444184,0.141036,-0.353902,-0.090123,-0.074599,-0.149242,-0.287444,-0.08768,-0.180497,-0.333774,-0.334489,-0.124413,0.198042,0.358798,-0.090875,0.072185,-0.487643,-0.524799,-0.049614,-0.119985,-0.265727,-0.050762,0.042291,-0.28642,-0.049614,0.056426,-0.355642,-0.223779,-0.387642,-0.168916,-0.11853,0.060395,0.023224,-0.136768,0.104272,-0.417165,-0.236254,-0.072134,-0.041294,0.194029,0.250146,-0.272088,0.228904,-0.112618,-0.130721,-0.008493,0.420697,-0.418815,-0.28308,-0.016965,-0.211771,-0.051936,0.312284,-0.158573,0.607321,0.161099,0.17023,0.159129,0.159789,0.182539,0.284774,0.058891,0.032117,0.321569,0.115303,0.085837,-0.41507,0.373448,-0.06367,-0.208349,-0.233082,-0.131875,#
12,0.393635,0.187672,-0.162812,-0.218022,0.112715,-0.224408,0.286687,0.004097,0.260616,0.279791,-0.117651,-0.099656,1.0,0.099169,0.111922,-0.035801,-0.274921,0.145244,0.06179,0.239437,-0.308214,0.231161,0.435975,-0.240745,-0.331245,-0.185472,-0.112164,-0.076245,0.306106,-0.079321,-0.55381,0.032652,-0.040903,-0.049146,0.032614,-0.029948,0.388679,-0.191923,0.019693,-0.243731,0.335273,0.500837,-0.188896,-0.11503,-0.144055,0.032068,0.472988,0.43557,0.203684,0.211453,0.268897,0.006977,0.2154,-0.188387,-0.089173,0.100278,0.331696,-0.053317,-0.019105,-0.108116,0.237375,0.228696,-0.025446,0.049069,0.007682,0.314264,0.395185,0.078878,0.39449,-0.206732,0.3693,-0.181624,-0.010755,-0.19493,-0.179882,0.216188,-0.034303,-0.512516,0.098561,-0.251188,-0.187623,-0.101537,-0.261816,-0.227962,0.044903,0.377329,-0.438339,-0.052545,-0.079467,0.087262,-0.333212,-0.169782,-0.332616,0.237652,-0.055885,-0.102989,0.082423,-0.211616,0.179439,-0.663387,0.336276,-0.270732,-0.365971,-0.257803,-0.191294,0.062131,-0.114142,-0.042709,-0.507689,0.020771,0.398162,-0.239969,-0.097657,-0.453747,-0.092206,-0.242625,-0.603595,0.092422,0.360372,-0.516059,0.141079,-0.513705,0.235515,-0.440611,-0.028124,0.226645,-0.453747,-0.077079,0.094486,-0.168879,-0.265419,-0.098956,0.130277,0.237387,-0.222624,0.078961,0.03796,0.033008,0.04651,-0.346964,-0.287913,-0.241189,-0.235964,0.063053,-0.054705,-0.083849,-0.511649,0.409644,-0.254969,-0.140816,-0.249344,-0.368032,-0.175276,0.018707,-0.135876,0.261204,0.281032,0.380494,-0.132072,-0.064192,-0.160755,-0.056389,-0.508121,0.19329,0.161098,-0.051411,-0.154326,-0.201278,-0.089854,0.030217,-0.106673,0.165226,0.242125,-0.176594,0.34115,-0.031591,0.237119,0.182846,0.015232,-0.318153,0.201457,0.319246,-0.346308,-0.352314,0.093338,-0.175918,0.137877,0.015607,-0.538396,0.422845,0.0967,-0.227863,0.178605,0.113276,-0.20053,-0.038208,0.439571,-0.232926,-0.14306,0.142196,#
13,0.141903,-0.072972,-0.196168,-0.153523,0.064074,0.384085,-0.104914,0.064151,0.034788,0.059888,0.152314,-0.54191,0.099169,1.0,0.228221,-0.130299,0.014583,0.040047,0.20163,0.162297,-0.180755,0.013989,0.401348,-0.129244,-0.214339,-0.423922,0.123807,0.469973,0.215024,-0.303071,0.178164,0.296383,0.178315,-0.161426,-0.118098,-0.096457,0.062326,0.196644,0.029869,-0.435113,0.255763,0.338549,0.022835,0.347541,-0.236394,-0.449461,0.354643,0.233018,0.184227,0.100286,0.358209,0.246655,-0.02595,-0.255439,-0.378832,-0.119401,0.089467,0.049545,-0.103809,-0.021991,0.261792,0.216506,-0.022359,0.108539,0.114418,0.526022,0.33705,0.478422,0.18361,0.211407,-0.016943,-0.14004,0.186804,-0.272503,-0.104175,0.259958,0.06007,-0.055221,-0.020168,0.01707,-0.252195,-0.023112,0.137641,0.085633,-0.076277,0.126928,-0.022873,0.027465,-0.136146,-0.021091,0.062744,-0.076523,-0.228075,0.165334,0.210765,-0.005365,-0.159775,0.053981,0.115206,-0.46722,0.072133,0.018896,0.116819,-0.14629,0.083388,-0.000678,-0.254306,-0.298309,-0.095321,0.144686,0.405025,0.07873,-0.02028,-0.154309,-0.032323,0.015563,-0.016746,-0.016372,0.26019,-0.086573,0.233853,-0.101635,-0.078108,0.027606,0.163047,0.146829,-0.31979,0.228058,0.04819,-0.076235,-0.004014,0.164021,-0.160277,0.319745,0.007466,-0.169635,-0.260963,-0.188706,0.11035,0.115065,-0.156905,-0.342828,-0.100324,-0.286502,0.000272,0.232382,-0.066735,-0.10927,0.203755,0.115463,0.023969,-0.065386,-0.066735,-0.204452,0.098884,0.346614,0.374587,0.267544,-0.087229,0.079396,-0.162682,-0.267844,0.015028,0.267384,0.067242,0.061199,0.356372,-0.104434,-0.129131,0.268995,0.026199,0.10265,-0.147195,-0.265658,-0.037949,0.22326,0.007287,-0.183438,0.299139,-0.2002,0.149015,-0.174422,-0.367037,-0.113709,-0.056682,-0.142618,-0.010494,-0.162002,-0.139662,0.043642,-0.00239,-0.2536,0.12165,-0.059925,0.23742,-0.055665,0.208046,0.048186,-0.045014,0.071153,#
14,-0.193475,0.10442,-0.535391,-0.406058,-0.065987,0.536391,0.221194,0.219556,0.354596,0.065845,0.313713,0.047525,0.111922,0.228221,1.0,-0.104959,-0.454613,-0.141522,-0.11062,0.168355,-0.004666,0.402465,0.236566,-0.141702,0.084943,0.194281,0.224759,0.278615,0.403636,0.085567,-0.063488,0.428373,0.159261,0.009269,-0.243757,-0.081426,0.062326,-0.092538,0.379054,0.195891,-0.233081,0.385404,-0.166645,0.019903,-0.197794,0.047823,0.11398,-0.167677,0.211254,0.100286,0.002979,-0.177746,0.162455,-0.341468,0.15148,0.211966,0.098785,0.049545,-0.158648,0.421451,0.290975,0.231683,0.037338,0.46496,0.203116,0.178116,-0.049091,0.176863,-0.089066,-0.1211,0.191427,-0.181991,0.390626,-0.147109,-0.294758,-0.246218,0.029728,0.0683,-0.208993,-0.356878,-0.127417,-0.207725,-0.2112,-0.444504,-0.283946,0.111152,-0.059834,-0.154621,-0.304902,-0.030507,-0.112756,0.068666,-0.390635,0.155394,0.027456,0.140191,-0.163093,-0.282197,0.088223,-0.165865,-0.202228,0.163423,-0.277612,-0.304251,-0.097395,0.143572,-0.292059,-0.150587,-0.110662,-0.325059,-0.012627,0.07873,-0.380207,-0.007922,-0.348767,-0.309857,-0.194993,-0.025733,-0.108276,-0.257854,0.069518,-0.284998,0.101952,-0.138411,-0.046769,0.130572,0.151194,-0.058709,-0.46667,-0.231526,-0.029478,-0.312657,-0.188118,0.035811,-0.349449,0.143604,-0.260963,-0.210181,0.31159,-0.093275,-0.007187,-0.363853,-0.450059,-0.090512,-0.186379,-0.327584,-0.076235,-0.027306,0.347114,-0.213621,0.000974,-0.316193,-0.076235,0.088525,-0.108633,0.016194,0.218302,0.209408,-0.294898,0.062634,-0.196716,-0.274618,-0.17282,-0.088034,-0.108875,0.037249,-0.031697,0.217819,0.05135,-0.051665,0.047497,-0.188865,-0.010543,-0.121913,0.624291,0.000974,-0.156995,0.107061,0.262674,-0.464864,0.508126,0.206488,-0.016791,0.045895,-0.068694,0.018694,0.300655,-0.204657,-0.149814,0.206531,-0.171907,0.077629,-0.038186,-0.397556,-0.104537,-0.083374,0.048747,-0.371151,0.176819,0.055719,#
15,-0.173851,-0.030503,-0.256711,0.061667,-0.276025,-0.115543,-0.10918,-0.256596,-0.172605,0.00373,0.074194,0.330698,-0.035801,-0.130299,-0.104959,1.0,0.030305,-0.202163,0.286376,0.204252,0.177625,-0.036141,-0.434585,-0.016795,-0.112514,0.192088,-0.298071,-0.229483,0.043855,0.018081,-0.284753,-0.099696,-0.060659,0.016644,0.63032,0.069993,-0.355168,0.235405,-0.340813,0.190536,0.283337,-0.035942,-0.167154,-0.164319,0.142189,0.167209,-0.497139,-0.348458,-0.046404,-0.090601,-0.183731,0.075753,-0.242199,0.260511,-0.322402,0.112959,0.030802,-0.131984,0.021028,0.086762,-0.073231,-0.177238,-0.027464,0.11966,0.346408,-0.350341,-0.036531,-0.01476,-0.054059,0.189092,-0.138295,0.202267,0.175804,0.066036,0.245896,-0.084014,-0.124257,-0.097803,0.368152,-0.004424,-0.076249,-0.181928,-0.010278,-0.25283,0.090808,0.001455,-0.076227,-0.123157,0.014404,0.315968,0.253045,-0.103536,0.245086,-0.367743,0.0284,-0.02481,0.161745,-0.467737,-0.455793,0.247277,0.282891,-0.028696,-0.096575,0.133022,0.034437,0.17449,-0.070293,0.035727,0.030186,0.157448,-0.213501,-0.258481,-0.00718,0.138761,-0.043498,0.006194,0.142776,0.319389,-0.386103,0.50346,0.307817,0.254355,-0.079485,0.331257,0.329988,-0.140916,0.138761,0.026432,0.00079,0.237071,-0.006096,0.152889,-0.16975,0.026235,-0.181665,0.164731,-0.258877,-0.210708,-0.312288,0.087486,0.135554,-0.00481,0.021575,0.272983,-0.164149,0.079003,0.061308,-0.205178,-0.181851,-0.070138,0.206914,0.154045,0.075033,-0.043488,0.101722,0.009093,-0.451504,-0.169697,0.097841,0.044904,-0.561759,-0.155988,-0.059389,-0.278348,-0.385029,0.075636,0.009688,0.045363,0.011787,0.142604,0.029769,0.268184,-0.30229,0.263484,0.074885,-0.168053,0.02278,-0.005899,-0.338886,0.307756,0.158041,0.042998,0.178065,0.357323,0.254895,-0.172033,0.125198,0.091214,0.357799,-0.197446,-0.211709,0.042572,-0.180188,0.187635,-0.255995,0.238281,0.246485,0.216297,-0.261038,-0.312509,#
16,0.146962,-0.084739,0.249676,0.310225,0.351614,0.017872,-0.304858,0.000721,-0.577496,-0.3255,-0.164354,0.159099,-0.274921,0.014583,-0.454613,0.030305,1.0,-0.387816,-0.165508,-0.282271,-0.356803,-0.037835,-0.306668,0.022259,-0.205638,-0.263503,-0.236366,-0.218147,-0.20932,-0.134792,0.131009,0.109819,-0.073453,-0.319942,0.067843,-0.111742,-0.420165,0.378015,-0.031085,0.029119,0.09899,-0.142095,0.013507,0.137822,-0.036554,-0.014954,-0.202869,-0.253022,-0.368952,-0.044488,0.11741,-0.002221,-0.040417,0.127215,0.050041,-0.145054,-0.196358,0.024818,-0.345897,0.042459,-0.135998,-0.208046,0.21318,-0.000337,0.104691,-0.008358,-0.030451,-0.038239,-0.219121,0.100491,-0.369668,0.138607,0.141252,-0.233743,-0.062245,0.133526,-0.100526,0.140029,0.014811,0.378966,-0.133963,0.024049,0.025849,0.43827,0.142715,-0.191259,0.179255,-0.256307,0.036598,-0.160451,-0.064341,-0.074598,0.274024,-0.524074,0.096421,-0.128934,0.025603,0.245143,-0.276302,0.204818,0.230316,-0.145714,0.323047,0.17033,-0.100108,-0.479824,0.397909,-0.032559,0.086323,0.356356,-0.26387,0.021622,-0.163344,0.010648,-0.177161,0.037419,0.34998,-0.168037,-0.245994,0.469345,-0.210342,0.285628,-0.439869,0.340381,-0.018242,0.008313,-0.14921,0.026177,0.051676,0.257587,-0.15827,0.200174,-0.358913,-0.23152,0.020031,-0.282701,0.327754,-0.376121,-0.710999,0.136547,0.142955,0.211281,0.259276,0.009523,-0.150239,-0.081792,-0.054796,-0.196951,-0.11816,0.148848,0.085614,0.19223,0.095218,-0.208165,-0.203019,-0.303197,-0.462862,-0.365502,0.149633,-0.084395,0.003716,0.073962,-0.007352,-0.263127,-0.09847,-0.102521,0.17881,-0.170957,0.090957,0.108199,0.347885,-0.183273,-0.168017,0.274303,-0.3981,0.078209,-0.13847,-0.355517,-0.187416,0.300934,-0.146456,-0.358918,0.53052,0.09226,0.056811,-0.123868,0.248397,0.079179,0.262944,-0.324503,0.166385,0.099818,0.126634,0.325457,0.063746,0.261746,-0.266487,0.251734,-0.359452,0.036531,#
17,-0.025148,0.258052,0.164705,0.020743,-0.105475,-0.318416,-0.156556,-0.009886,0.055801,0.403487,-0.305418,-0.303976,0.145244,0.040047,-0.141522,-0.202163,-0.387816,1.0,0.139257,0.2495,0.208806,-0.117305,0.466625,0.192604,0.160614,-0.060575,0.172404,0.212776,-0.30153,-0.043458,0.053962,0.106509,0.248368,0.43686,-0.265947,-0.127902,0.535626,-0.14749,0.022367,-0.377795,-0.078832,0.297186,0.590349,-0.145311,-0.023187,-0.349829,0.510586,0.311361,-0.049222,-0.026748,0.187477,0.234114,-0.363246,-0.106767,-0.042184,-0.143044,0.009171,-0.093699,0.019105,-0.278877,-0.199545,0.133067,-0.290221,-0.255506,-0.350875,0.036871,0.313108,0.247888,0.520799,-0.03712,0.166099,0.053982,-0.328011,0.239425,0.311928,-0.128067,-0.050476,-0.201008,0.16336,-0.016006,0.282919,0.108748,0.104013,0.203518,-0.170989,0.322408,-0.24245,0.48832,0.163493,0.059895,0.326041,0.101247,-0.07521,0.651116,0.179396,0.113803,0.210428,0.371607,0.361134,-0.297401,-0.271853,-0.271118,0.022101,0.334445,0.181751,0.111638,-0.325291,-0.113777,-0.180204,-0.160643,0.412242,0.189475,0.625683,0.064038,0.32539,0.221412,-0.257659,-0.131112,0.532016,-0.382023,-0.030441,-0.022496,0.070876,-0.342129,-0.236784,0.104183,0.064038,-0.225322,0.12945,-0.194693,0.301876,0.01184,0.587428,0.166117,0.178659,0.198914,-0.158943,0.440455,0.433651,0.026583,0.129715,-0.026417,0.199366,-0.224185,0.009164,0.24655,0.172112,0.029863,-0.200984,0.31347,-0.352982,0.188066,0.172919,0.271384,0.034139,0.219825,0.60792,0.011705,-0.337995,0.26637,0.065312,0.426959,0.37948,0.705746,0.240102,0.44577,0.022989,-0.011565,-0.492226,0.0848,-0.389898,0.370065,0.107038,-0.214096,-0.242895,-0.07264,0.382094,-0.112269,0.062174,0.112978,-0.20182,-0.293376,-0.6545,-0.190416,-0.151064,0.228012,-0.279211,0.01341,-0.408307,0.08289,-0.134292,-0.18066,-0.283812,-0.139551,0.19983,-0.344833,-0.064067,-0.11586,0.386522,-0.25541,#
18,0.104817,0.215398,-0.154168,0.180864,-0.130397,-0.145943,-0.066355,-0.115732,0.264245,0.087906,-0.060611,-0.264481,0.06179,0.20163,-0.11062,0.286376,-0.165508,0.139257,1.0,-0.019791,0.354057,-0.190581,-0.102903,0.071713,-0.230292,-0.104901,-0.183011,0.119652,0.160151,-0.258179,-0.104658,-0.079816,0.072123,0.090459,-0.018933,-0.142242,0.231004,0.303585,-0.368047,-0.296023,0.33908,-0.195528,0.023969,-0.024122,-0.222205,-0.160311,0.07489,-0.141683,0.402967,-0.010423,-0.100814,0.397731,-0.235486,-0.046183,-0.18376,-0.137658,-0.077022,-0.08144,0.083258,-0.325297,0.206448,0.172706,0.000781,0.017019,-0.237771,0.046974,0.415556,-0.044825,0.107886,0.4383,-0.251761,0.2127,-0.019482,0.158952,0.299565,-0.080157,-0.022434,-0.076131,0.547677,-0.005088,0.03442,0.216615,0.353391,-0.00619,0.092477,0.104793,-0.171059,0.203845,0.057673,0.427943,0.489502,0.104947,-0.02923,0.115694,0.113142,0.222887,0.054717,0.000498,-0.01466,0.09792,0.04349,-0.110046,0.057963,0.089863,-0.18821,0.273582,-0.415583,-0.095687,0.115686,0.065764,0.046501,-0.106422,0.251156,0.040986,0.14869,0.098617,0.363306,0.380657,0.157588,0.171722,0.481795,0.278697,0.331556,0.016957,0.129319,0.234435,0.061093,0.362488,0.50818,0.297753,0.233177,0.378434,0.067743,-0.017585,0.207461,0.372511,-0.358989,0.007704,-0.028298,0.060664,0.095534,-0.171046,-0.308697,0.266988,0.366555,0.380581,0.316607,0.017986,-0.213294,0.074151,0.166674,0.294022,0.147307,-0.033658,0.280351,0.076625,-0.109253,0.216812,0.249948,0.017207,-0.282347,0.01487,-0.194279,0.017027,0.181292,0.095448,0.126944,-0.180726,0.028835,0.451593,-0.627614,0.511791,-0.09779,0.110572,-0.32169,0.159552,0.247668,0.008962,-0.204234,0.226423,-0.175513,0.04137,-0.110265,-0.180754,0.190522,-0.293521,-0.075896,0.185879,-0.030567,-0.369837,-0.125408,-0.310051,-0.006399,-0.003838,-0.251227,-0.343499,0.258526,-0.031945,-0.025918,-0.117554,#
19,-0.374612,-0.052128,-0.208514,-0.116286,-0.433176,0.02629,0.005786,0.056072,-0.208373,-0.11584,-0.074621,-0.200394,0.239437,0.162297,0.168355,0.204252,-0.282271,0.2495,-0.019791,1.0,0.206473,0.30642,0.169405,-0.116283,-0.047966,-0.09308,0.420838,0.069547,-0.173239,-0.107687,-0.011277,0.041398,0.429935,0.065781,0.40165,-0.327688,0.086903,0.220477,-0.164242,-0.29433,0.227736,0.379169,-0.120604,-0.195499,-0.040967,0.033442,0.248064,0.141318,0.184745,-0.122814,0.186722,0.120252,-0.270286,-0.229971,-0.34929,0.353064,0.054685,-0.11488,0.036044,-0.150523,0.044807,-0.164376,-0.038556,0.048355,0.077859,-0.028048,0.152014,0.345384,0.154765,0.115072,0.184761,-0.069335,-0.026307,0.089469,0.274845,-0.114615,0.359137,0.112376,0.022642,0.042573,0.054611,0.188426,0.183504,-0.416308,0.291247,0.461988,-0.06115,0.385717,0.04011,0.144312,0.292085,-0.265388,-0.210997,0.140559,0.239987,0.193115,0.532629,0.086302,0.097006,-0.22021,-0.001174,-0.017291,-0.236177,0.037235,0.215662,0.361606,-0.059529,0.226116,-0.121355,-0.203203,0.39363,-0.259996,0.18348,-0.150237,0.297919,0.211069,-0.14562,0.148071,0.076571,-0.137396,0.110907,0.112684,0.09708,-0.12778,-0.056062,0.18348,0.014883,0.145679,0.052243,-0.043985,0.029623,0.179762,0.208852,-0.013115,0.017021,0.191093,-0.260394,0.433117,0.129717,0.285592,0.187806,-0.327153,0.089337,-0.08587,-0.000526,-0.005526,0.117166,-0.063465,0.171656,0.150512,0.217825,-0.237972,0.29436,0.481014,0.291034,0.517593,0.369487,-0.315362,0.279898,0.288481,-0.107834,0.097706,0.015796,0.438277,0.078885,0.058676,0.182909,0.318403,-0.308514,0.267693,-0.170728,-0.118756,0.331302,0.128014,0.05967,0.436477,0.370817,0.082541,0.094017,0.071823,0.093633,-0.049652,-0.376399,-0.2667,0.054315,0.145728,-0.057143,0.100912,-0.266997,0.137399,-0.012887,-0.086736,-0.231229,-0.297143,-0.065302,-0.073976,0.015903,-0.16941,0.112614,0.036678,#
20,-0.384469,-0.102146,-0.011344,-0.058613,-0.352608,-0.002748,0.00525,0.207698,-0.098805,-0.062396,-0.092087,-0.231542,-0.308214,-0.180755,-0.004666,0.177625,-0.356803,0.208806,0.354057,0.206473,1.0,0.024602,-0.274565,-0.034017,0.05577,0.430712,0.201554,-0.072575,-0.308153,0.023533,0.037406,-0.14373,0.042616,0.501366,-0.057616,0.013909,0.077105,0.022074,0.061327,-0.174444,-0.138643,-0.239011,0.338384,-0.094337,0.058148,0.229458,-0.288661,-0.136034,0.152845,-0.442434,0.024107,0.136376,-0.308982,0.055557,-0.20154,0.198044,0.005517,0.075302,0.003974,-0.01441,-0.000769,-0.075951,-0.116668,-0.127149,-0.2171,-0.194076,-0.308974,0.109577,-0.031764,0.036995,-0.13305,0.246027,-0.090024,0.340277,0.451127,-0.051009,0.275532,0.240664,0.280179,0.038939,0.245079,0.273402,0.347349,-0.285396,0.13707,-0.124186,0.054955,0.306637,0.332268,0.493318,0.460286,0.253437,0.450598,0.113711,0.007316,0.310982,0.008949,0.132555,-0.163147,0.275333,-0.202144,0.320886,0.005129,0.232242,0.010891,0.309274,-0.140452,0.017598,0.32832,-0.461722,-0.01774,-0.182015,0.300826,0.330958,0.376292,0.524767,0.289042,0.351602,-0.143368,0.097408,0.281253,0.446479,0.383465,0.141006,-0.032809,-0.035599,0.515557,0.168593,0.189787,0.25555,0.484541,0.013647,0.208977,-0.200661,0.406156,0.409117,-0.182294,0.469397,0.322958,0.158516,0.123957,0.004822,-0.017728,0.347544,0.406156,0.222059,0.580688,-0.017768,0.062241,-0.132502,0.108301,0.308523,0.435711,0.151189,0.374303,0.018282,-0.020244,-0.05816,0.145866,-0.019935,0.103064,0.156442,0.17293,0.040962,-0.049569,0.06209,-0.163439,-0.073714,0.083991,0.356718,-0.517562,-0.071213,-0.083413,0.305974,-0.328391,0.08947,0.201282,0.107793,-0.196037,0.017763,-0.200299,-0.133699,-0.161036,0.144606,-0.021542,-0.091669,-0.219514,0.268411,0.208482,-0.091502,-0.060107,0.137158,-0.434973,-0.337105,0.201579,-0.215661,-0.110484,0.113616,0.465972,0.001964,#
