0,1.0,0.555319,-0.018197,-0.329587,0.219388,0.102935,0.043123,0.099397,0.171939,0.296681,-0.043918,-0.01862,0.318,0.237793,0.237703,-0.240729,0.553126,0.385995,-0.118191,-0.368149,-0.060497,0.29939,0.260094,-0.021109,-0.31939,-0.191127,0.075108,-0.097488,0.11008,0.49179,-0.120675,0.211321,0.173039,-0.003273,-0.021696,0.325971,-0.182795,-0.305527,-0.102523,0.036091,-0.273442,-0.235344,-0.146158,0.292621,0.15198,-0.376998,0.068587,-0.02352,-0.245007,-0.194923,-0.044506,-0.475773,-0.020771,-0.336732,-0.019575,-0.210611,-0.116486,-0.037131,0.257984,0.318405,0.266154,-0.04325,-0.24203,-0.148378,0.081696,0.351314,0.072937,0.160301,0.237267,-0.144601,-0.346875,0.089674,-0.298857,-0.354872,-0.312402,0.211484,-0.247174,-0.325089,-0.37706,-0.3822,-0.258952,-0.158308,-0.329013,-0.113047,-0.332759,-0.384802,-0.488905,-0.208842,-0.144441,-0.513684,-0.320075,-0.629524,-0.282933,0.030487,-0.095431,-0.330004,-0.023329,-0.413008,-0.386851,-0.453573,0.286447,-0.385709,-0.266222,-0.097543,-0.379042,-0.215007,-0.536134,-0.026504,-0.536134,0.027574,-0.044391,0.274898,-0.481561,-0.279797,-0.532109,0.237552,-0.385709,-0.657091,0.021125,-0.33013,-0.559049,-0.293278,-0.387128,-0.085063,-0.210431,-0.23227,-0.120632,-0.085674,-0.159181,-0.273618,-0.311365,-0.219036,-0.193299,0.087077,-0.401451,-0.23044,0.122242,-0.457788,-0.06266,-0.339554,-0.160465,-0.21295,-0.49733,-0.290744,-0.208719,-0.455493,-0.178696,0.343587,-0.4427,-0.437294,-0.310676,-0.350893,-0.187546,-0.427107,-0.390337,-0.513586,0.362221,0.608203,-0.453366,-0.260548,-0.416091,-0.057595,0.170594,-0.749338,-0.223764,0.646066,-0.513523,-0.424288,-0.024658,-0.298887,0.261072,0.094701,-0.657561,-0.549535,0.317582,-0.821512,-0.379042,0.441672,0.368912,-0.371178,0.314262,0.309781,-0.032293,0.14774,0.476687,-0.392405,0.436127,-0.013504,0.048975,0.67023,-0.152058,0.528959,0.443375,0.421633,-0.273095,0.644615,0.106993,-0.445731,-0.073708,0.402755,#
1,0.555319,1.0,0.156177,-0.083326,0.216579,-0.02271,0.322667,0.203758,0.220278,0.338864,-0.085277,-0.320709,0.349875,0.243792,0.48136,-0.266008,0.289589,0.299708,0.349247,-0.529479,0.172513,-0.062381,0.277271,-0.03804,-0.236894,-0.328348,0.224257,0.123636,0.460763,0.523911,-0.435217,-0.175713,0.010596,-0.163756,0.052654,0.210703,-0.167358,-0.342698,0.086488,-0.030003,-0.421341,-0.05903,-0.265401,0.342228,0.226008,-0.277837,0.31905,-0.037984,-0.120578,0.2936,0.021789,-0.296415,-0.043332,-0.02956,0.134913,-0.481107,-0.160201,0.131539,-0.315041,0.164195,-0.039381,0.113838,-0.468448,0.036473,0.173797,0.273145,-0.26149,0.434949,0.251626,-0.288055,-0.319483,0.008935,-0.224709,-0.544484,-0.603125,0.576672,-0.449618,-0.541789,-0.626611,-0.519437,-0.459414,-0.458933,-0.560633,0.26824,-0.545288,-0.184813,-0.448069,-0.465377,-0.395785,-0.383999,-0.374103,-0.585458,-0.610034,-0.306442,-0.265925,-0.27939,0.019645,-0.633305,-0.205781,-0.293325,0.064073,-0.62203,-0.606817,-0.325572,-0.628214,-0.300295,-0.694735,0.124442,-0.830902,-0.082421,-0.026468,0.40578,-0.386584,-0.701724,-0.282346,-0.071842,-0.451802,-0.706549,-0.139867,-0.535053,-0.628214,-0.244357,-0.467007,-0.267904,-0.146099,-0.129635,-0.479484,-0.099319,-0.241287,-0.445123,-0.371062,-0.615847,-0.534176,0.119145,-0.491607,-0.429113,0.298424,-0.226241,0.104567,-0.483074,-0.545963,0.087608,-0.635045,-0.196384,0.029385,-0.328086,-0.343905,0.541135,-0.408748,-0.359479,-0.333333,-0.524308,-0.209325,-0.427786,-0.613942,-0.402125,0.318861,0.657122,-0.535815,-0.099061,-0.222659,-0.211294,0.407502,-0.458624,-0.41548,0.459139,-0.561581,-0.260767,-0.069424,-0.190329,0.277968,-0.060218,-0.293773,-0.635522,0.3087,-0.43523,-0.473626,0.715749,0.61061,-0.365131,0.372001,0.300547,-0.055199,0.047833,0.604329,-0.198346,0.369274,-0.143378,-0.079058,0.708922,0.028891,0.842308,0.553046,0.375381,-0.408388,0.343553,0.256867,-0.613225,-0.240039,0.268514,#
2,-0.018197,0.156177,1.0,0.315229,0.30288,-0.101816,-0.100121,-0.036883,-0.184875,-0.294989,0.065334,0.193041,-0.275247,-0.156886,-0.103902,0.038367,0.059325,-0.085813,-0.142202,0.024416,-0.230082,-0.241429,0.32283,-0.312001,-0.119247,-0.204503,0.142526,0.127808,0.265809,-0.013291,0.090063,0.203333,-0.458956,-0.221677,0.171932,0.126986,0.306312,-0.296069,0.082671,-0.137047,-0.283341,0.205503,-0.066677,0.130403,-0.016361,-0.090743,-0.115411,0.521758,0.053077,0.228977,0.039559,0.364817,0.192264,-0.031325,-0.183074,-0.010457,-0.237054,-0.079509,-0.373875,-0.095764,0.04009,-0.281554,0.214508,0.114669,-0.008473,0.045631,-0.122041,0.208076,0.208597,0.423055,0.345368,0.392012,-0.032688,-0.158491,-0.207489,0.313583,-0.21209,-0.472861,-0.2208,-0.137372,0.089422,-0.088365,-0.148512,0.387412,0.014753,0.162842,-0.066994,-0.080038,-0.118054,0.031531,0.008698,0.003547,-0.07534,0.106381,-0.041794,0.117927,0.278218,-0.550241,0.038912,-0.199979,0.024059,-0.059079,-0.219917,-0.226448,-0.050054,-0.20394,0.006633,0.398174,-0.308791,0.25294,0.310644,-0.116635,-0.15562,0.001605,0.457792,-0.131318,-0.065095,-0.157045,-0.055757,-0.049026,-0.065847,-0.237598,0.253242,0.037163,0.042528,-0.210116,-0.338603,0.089035,0.138077,-0.209245,0.349944,-0.225651,-0.324029,-0.113246,-0.102184,-0.126988,0.294693,0.207078,0.320582,0.106587,0.040124,0.48165,-0.077604,-0.212652,-0.052496,0.398092,-0.209562,0.053359,0.003173,-0.135511,-0.184543,-0.115403,0.022003,-0.146524,-0.247428,-0.138103,-0.228826,0.282925,0.015816,-0.144387,-0.151922,-0.249674,0.090489,-0.148496,-0.175561,-0.087684,-0.291729,-0.050557,0.066456,-0.017318,0.057,-0.138954,0.115645,-0.084533,-0.103492,-0.003409,-0.059455,0.200068,0.081845,0.057491,0.184552,-0.4273,-0.116054,0.418762,0.080664,-0.283787,-0.159225,-0.058089,-0.079595,0.012555,0.293558,0.304739,0.132554,0.152795,0.010641,-0.056743,0.345912,-0.174564,-0.065259,0.009587,#
3,-0.329587,-0.083326,0.315229,1.0,-0.247246,-0.177083,-0.332574,-0.357965,-0.388982,-0.129314,-0.004114,-0.070786,-0.215571,-0.188173,-0.302022,-0.241497,-0.211339,-0.080547,-0.119573,0.26411,0.02407,-0.265523,0.023639,-0.065989,0.053469,-0.015654,-0.168777,0.125546,-0.001254,-0.20882,0.390891,-0.323934,-0.445988,-0.093397,0.053338,-0.377693,0.234577,0.311649,0.200236,-0.092425,0.147403,0.403393,-0.214407,-0.047806,-0.189968,0.20485,-0.16494,0.043987,0.468308,-0.145174,0.151418,0.806438,0.068794,-0.001837,0.034227,-0.084625,0.147067,-0.121357,-0.301383,0.25991,-0.031009,-0.035814,0.03982,-0.016752,0.123477,-0.114615,0.05475,0.30366,0.136427,0.203754,0.344167,0.162828,0.259602,-0.000994,0.237908,-0.362658,0.143016,-0.00058,0.468194,0.075348,0.297618,0.548768,0.197197,0.235368,0.199323,-0.076181,0.21255,0.433228,0.055803,0.257817,0.375476,0.462613,0.483916,-0.029765,0.315211,0.225423,0.078132,-0.107168,0.276128,0.192645,0.090699,0.120629,0.132065,-0.002672,0.290443,0.503521,0.22817,0.220575,0.259449,0.246406,-0.044223,-0.02721,0.553881,0.315485,0.220326,0.027251,0.489309,0.177599,0.04707,-0.205142,0.27653,0.033002,0.422072,0.196539,0.071976,0.084006,0.059293,0.085126,0.160434,0.148117,0.376362,0.095668,0.253673,0.149776,0.246716,0.349729,0.194053,0.36582,0.413954,0.18448,0.436642,0.257886,0.063364,0.136392,0.470479,0.563483,0.339393,-0.106272,0.314753,0.19298,0.380405,0.365574,0.278927,0.158642,0.048794,0.044474,-0.339827,-0.106185,0.304855,0.167613,-0.278701,0.23059,-0.236114,0.189489,0.046105,-0.2214,-0.108125,-0.010074,0.151184,0.26021,-0.157286,0.008608,0.606533,0.242794,-0.256339,0.269887,0.290443,-0.115295,-0.279204,0.157229,-0.389874,-0.267885,-0.210005,-0.095464,-0.188604,0.047669,-0.160827,0.280851,0.218866,-0.215064,0.236822,-0.08955,-0.375802,0.008369,0.020741,-0.151437,-0.305982,0.046071,0.076257,-0.176616,#
4,0.219388,0.216579,0.30288,-0.247246,1.0,-0.058649,0.149697,0.017712,0.019743,-0.086112,0.084565,0.136092,-0.013151,-0.189682,0.448997,0.092405,0.300142,0.271359,0.207594,-0.061957,0.021374,-0.29039,-0.099025,-0.412636,-0.069988,-0.441916,0.061645,0.010555,0.409264,0.054273,-0.299555,-0.06721,0.019042,-0.185282,-0.098051,0.204824,-0.096585,-0.420706,-0.242056,0.282052,-0.227373,-0.129642,-0.141906,0.034146,-0.127467,-0.272699,0.161743,0.200288,-0.045362,0.198344,0.300979,-0.155628,0.210853,-0.226064,-0.027864,-0.199045,-0.448522,-0.308212,-0.104549,-0.37147,-0.209278,0.113666,0.107133,0.245045,-0.058434,0.215559,0.146215,-0.153402,-0.064876,0.109811,-0.244071,0.088545,-0.220938,-0.04436,0.019714,0.409564,-0.137597,-0.538107,-0.310924,-0.685629,-0.135314,-0.462516,-0.386454,-0.053326,-0.218546,0.006031,-0.288568,-0.462479,-0.218331,-0.058509,-0.043579,-0.40512,-0.132713,-0.295436,-0.280717,0.046184,0.048215,-0.318561,-0.205044,-0.140371,-0.011578,-0.3007,-0.453092,-0.31597,-0.149348,-0.15391,-0.531491,0.037346,-0.386077,0.169751,0.07227,-0.354057,-0.55275,-0.22413,-0.103028,-0.399209,-0.473938,-0.060629,-0.287982,-0.105056,-0.473938,0.092871,-0.293333,-0.089467,-0.259015,-0.45495,-0.098822,-0.013257,-0.222794,-0.42792,0.117593,-0.455019,-0.381101,-0.187568,-0.161382,-0.425872,0.309907,-0.05955,-0.284706,0.060394,-0.057673,-0.217752,-0.005047,-0.311161,-0.127147,-0.106186,-0.166839,0.145241,-0.225807,-0.377838,-0.346375,-0.343373,-0.35527,-0.257814,-0.451912,-0.231264,0.267096,0.497818,-0.202622,-0.089281,-0.217588,-0.207256,-0.081223,-0.023326,-0.604353,0.13996,-0.067339,0.084229,0.093498,0.017006,0.258447,-0.013834,-0.147744,-0.140901,0.156258,-0.25116,-0.467631,0.026608,0.311313,-0.159366,0.539114,-0.01777,0.461456,0.202565,0.132105,-0.455862,0.219265,0.030077,-0.219436,0.222812,0.038556,0.352253,0.070718,0.049682,-0.065464,-0.002884,0.088361,-0.243154,-0.530872,0.481483,#
5,0.102935,-0.02271,-0.101816,-0.177083,-0.058649,1.0,0.163798,0.248773,0.28009,-0.014264,0.309469,0.218281,0.130254,-0.079596,-0.082066,-0.03473,0.148107,0.243702,-0.390637,0.359453,-0.266106,0.463347,0.199595,-0.163782,0.153157,-0.211043,0.026717,-0.237067,-0.247976,-0.218312,-0.370694,0.047989,-0.157614,-0.113014,-0.037844,-0.056011,-0.339426,-0.013641,-0.211712,-0.499937,0.144601,0.308014,-0.000708,0.248537,0.298505,-0.164699,0.092653,0.125289,-0.083721,-0.195509,-0.073187,0.014617,0.272976,-0.028974,-0.277224,-0.268688,0.157302,-0.344206,0.11971,-0.140021,-0.268391,-0.188435,-0.12282,-0.090334,0.086277,-0.098568,-0.28685,-0.255246,-0.086085,0.134575,0.194986,0.233888,-0.187468,0.072681,-0.229751,0.21292,-0.20913,0.059177,-0.087564,-0.117156,0.450535,-0.217215,-0.010698,-0.305484,0.045678,0.257354,-0.053632,-0.006451,0.151683,-0.343011,0.202927,0.103334,-0.03686,0.210748,-0.032341,0.262223,0.157036,0.155318,-0.285865,-0.209335,-0.028894,0.095168,0.292458,0.260786,-0.07922,-0.090152,0.029579,-0.469788,-0.134747,-0.013753,0.087733,0.205516,0.020909,-0.305806,0.000155,-0.121726,-0.405264,0.194913,-0.201243,-0.059345,-0.078847,-0.397412,0.302879,-0.20591,-0.003818,0.166773,-0.032231,0.163223,-0.031115,0.287177,-0.128844,0.092187,-0.133746,-0.204382,-0.02256,-0.032637,0.002188,-0.161266,-0.114105,-0.181666,0.001317,-0.280724,-0.204116,0.031847,-0.029089,0.138638,-0.141561,-0.144776,0.066284,-0.148474,-0.06564,-0.005797,-0.118783,-0.202744,0.152354,0.005731,0.086348,0.103126,-0.095137,-0.032107,-0.128094,0.03856,0.36144,-0.130161,-0.068914,0.233665,0.169216,0.020047,0.007872,-0.182212,-0.065797,0.164853,-0.401273,0.295306,-0.080895,-0.100931,-0.072512,0.116397,0.107993,-0.022371,0.264214,0.065614,-0.022321,-0.169506,-0.234711,-0.078689,0.169788,0.138944,-0.152858,-0.201958,0.002446,-0.019963,0.015758,-0.157008,0.144982,0.097173,0.068472,-0.071442,0.132966,0.078413,#
6,0.043123,0.322667,-0.100121,-0.332574,0.149697,0.163798,1.0,0.307215,0.70382,0.101177,-0.011734,-0.204424,0.43011,-0.102865,0.41973,-0.156092,-0.064169,0.069119,0.153514,-0.023781,0.08627,0.059836,-0.036599,-0.09734,0.120173,-0.453479,0.039977,-0.122339,0.236286,0.056858,-0.523876,-0.222762,0.207648,-0.044923,-0.445689,0.007025,-0.013045,-0.325233,0.028328,0.026945,0.075916,0.229458,-0.179783,-0.060547,0.033236,-0.054937,0.364866,0.281137,0.044272,0.226301,-0.024511,-0.424363,0.010799,-0.217305,-0.320983,0.136497,0.395445,-0.033267,-0.011293,0.164576,-0.175015,0.034068,-0.104162,0.156844,0.314002,0.403685,0.096824,-0.083423,0.186339,-0.268794,0.117011,0.069343,-0.27811,-0.336354,-0.426283,0.5192,0.001544,-0.171563,-0.248056,-0.145006,0.032444,-0.448961,-0.316962,-0.066919,-0.412726,0.525639,-0.119407,-0.15234,-0.216157,-0.330399,-0.409692,-0.276883,-0.597304,0.137275,-0.149127,-0.281288,0.11815,0.070023,-0.009521,0.07214,0.019986,-0.091711,0.046256,0.096136,-0.082073,-0.247135,-0.170019,-0.070896,-0.323793,-0.558885,0.26654,0.337505,-0.230705,-0.487058,0.148418,-0.101698,-0.271756,-0.198985,-0.18379,-0.283019,-0.238985,-0.263277,-0.332206,-0.411876,-0.227957,0.217828,0.064055,0.392845,-0.20263,-0.115554,-0.449062,-0.723988,-0.381494,-0.00339,-0.15391,-0.332947,-0.054511,-0.013669,-0.018193,-0.407026,-0.327213,-0.112063,-0.309179,-0.148184,0.010149,-0.293204,-0.44242,0.603188,0.089932,-0.346726,-0.005889,-0.179846,-0.104164,-0.337244,-0.306972,0.19734,0.348357,0.337225,-0.27279,-0.338074,0.49156,-0.044258,0.612735,-0.046514,0.236979,0.439108,0.030492,-0.296646,-0.389916,-0.272681,-0.012133,-0.121116,-0.098391,-0.159894,-0.11838,0.088671,-0.068579,0.383052,0.589678,0.037755,0.25033,0.200859,0.051175,-0.20387,0.252492,0.031506,0.504076,-0.06901,-0.502514,0.073325,0.2891,0.342295,0.180351,-0.174047,-0.10998,0.014132,-0.048568,-0.131896,-0.06607,-0.250852,#
7,0.099397,0.203758,-0.036883,-0.357965,0.017712,0.248773,0.307215,1.0,0.32258,-0.094117,-0.046419,-0.180644,-0.064202,0.25918,0.217578,0.142138,0.134153,-0.160272,-0.209748,-0.04886,-0.08658,0.319378,0.080898,0.363992,0.00135,-0.140434,0.256606,-0.042765,0.099578,-0.195111,-0.473534,0.05876,0.177251,-0.173186,-0.152972,-0.028278,-0.164308,-0.377806,0.333196,-0.131401,-0.040254,0.114936,-0.302725,0.302803,-0.023052,0.166567,-0.017648,0.093961,-0.084496,0.222997,-0.098056,-0.274183,0.238942,0.266287,-0.225798,-0.060072,0.079972,-0.005114,0.023937,0.057017,-0.127819,-0.022904,-0.447484,0.314024,0.162667,0.014455,-0.110916,0.124835,0.3259,-0.205173,-0.132723,0.249063,-0.091927,0.204295,-0.311402,0.457591,-0.087798,0.04447,-0.392054,-0.007606,-0.101518,-0.147571,0.028426,-0.098094,-0.304233,0.212382,0.034076,-0.193933,-0.165063,-0.513523,-0.344548,-0.403798,-0.258716,0.059562,-0.244392,-0.137934,0.139689,-0.00107,-0.024676,-0.11368,-0.050445,-0.202433,0.104641,0.079691,-0.030426,-0.407932,-0.016362,-0.208858,-0.349309,-0.485253,0.008314,0.044957,-0.330441,-0.086447,-0.006754,0.086242,-0.37017,-0.163746,-0.475782,0.241931,-0.023437,-0.294869,-0.033085,-0.425911,0.151639,-0.19261,-0.11842,0.031075,-0.417741,-0.090275,-0.495763,-0.188455,-0.200542,-0.067007,0.133001,-0.04059,0.418383,0.065573,-0.104909,-0.338623,-0.513658,0.127375,-0.285465,0.17939,-0.241805,-0.212174,-0.384681,0.041375,-0.114479,-0.244351,-0.112678,0.02002,-0.371047,-0.245219,-0.007672,0.02126,0.29832,-0.002697,-0.254092,0.105343,0.242632,0.175358,0.193483,-0.150693,-0.00866,0.164813,0.01783,-0.188485,-0.316412,-0.298793,-0.060352,-0.077746,-0.510075,-0.223611,0.018104,-0.040943,-0.023437,-0.077363,0.228626,-0.075737,0.166392,0.17544,0.333181,0.166036,0.006561,0.274124,-0.054953,-0.41667,0.023144,0.010976,0.021155,0.218104,0.121783,-0.394205,-0.013959,0.241771,0.150349,-0.395655,-0.213727,0.160314,#
8,0.171939,0.220278,-0.184875,-0.388982,0.019743,0.28009,0.70382,0.32258,1.0,0.035955,-0.144169,-0.194053,0.574927,0.070924,0.185218,-0.331273,0.051544,0.162118,-0.029677,-0.047644,0.166743,0.223886,-0.005349,0.065385,0.231466,-0.281236,0.249535,-0.172407,0.153428,0.026656,-0.297568,-0.154,0.101222,-0.255111,-0.453802,0.169775,0.110966,-0.279277,0.005198,-0.09539,0.231966,0.018328,-0.201612,-0.053484,0.196691,-0.181049,0.312247,0.153506,-0.054577,0.229032,-0.057633,-0.395275,0.005705,0.076121,-0.477271,-0.005466,0.147969,0.049821,0.361174,0.102614,0.153919,-0.140508,-0.155426,0.17591,0.242716,0.451909,0.017872,0.12205,0.262561,-0.322489,0.123026,0.137327,-0.35584,-0.012417,-0.316693,0.36635,0.208392,-0.013186,-0.184781,-0.178208,0.062824,-0.302252,-0.114534,-0.219298,-0.34212,0.296569,0.019287,-0.087093,0.054438,-0.448069,-0.342508,-0.124771,-0.441805,0.318511,0.062079,0.011278,0.255472,0.107895,-0.052699,0.061962,-0.012982,0.158321,0.220218,0.308629,-0.022504,-0.328729,-0.202418,-0.147494,-0.195841,-0.271317,0.344271,0.477768,-0.175814,-0.396204,0.120435,0.074459,-0.16791,-0.175971,-0.122004,0.013586,-0.174248,-0.111257,-0.243387,-0.342017,-0.054502,0.282466,0.002517,0.248959,-0.022258,0.214374,-0.510048,-0.491158,-0.215894,-0.152452,-0.075909,-0.16235,-0.240092,-0.084408,-0.04131,-0.248153,-0.282446,-0.187102,-0.14432,-0.317559,-0.077442,-0.144738,-0.458173,0.356768,0.018924,-0.220045,0.185642,-0.226454,0.115738,-0.33402,-0.072568,0.064378,0.436265,0.328162,0.022861,-0.329006,0.364213,0.068928,0.436753,-0.270861,0.449651,0.502841,0.22145,-0.098543,-0.438952,-0.355876,-0.341889,-0.049698,-0.297543,-0.077696,-0.148921,0.061932,-0.015793,0.174407,0.68801,-0.164748,0.223267,0.1635,0.062022,-0.20512,0.164192,0.054593,0.590259,-0.086149,-0.396475,0.042375,0.310741,0.077616,0.110335,-0.229299,-0.074649,0.153106,0.034969,-0.112394,0.18983,-0.131259,#
9,0.296681,0.338864,-0.294989,-0.129314,-0.086112,-0.014264,0.101177,-0.094117,0.035955,1.0,-0.098654,-0.328199,0.361063,0.315258,0.028622,-0.09621,-0.098673,0.001601,0.174809,-0.327891,-0.180751,0.067434,0.329247,-0.049064,-0.374392,-0.171886,0.258809,-0.241171,-0.010701,0.614194,-0.088867,0.013918,0.038868,0.18671,-0.299009,-0.010791,-0.193876,-0.019282,-0.120113,0.038231,-0.148013,-0.014539,0.32384,0.210112,0.041144,-0.649915,0.307501,-0.270239,-0.575108,-0.310148,-0.235437,-0.262355,0.194285,-0.440665,0.040173,-0.381009,-0.019897,0.042909,-0.092484,-0.090844,0.203769,-0.108108,-0.352223,-0.024347,-0.081135,0.198498,-0.062918,-0.03361,0.042332,-0.296252,-0.468558,-0.273568,-0.217872,-0.610137,-0.079747,0.104366,-0.161757,-0.210249,-0.212832,0.07588,-0.370466,-0.287127,-0.176987,0.180445,-0.031239,-0.280528,-0.273007,-0.466772,-0.176987,-0.15563,-0.202737,-0.181451,-0.369337,-0.362311,0.044485,-0.271057,-0.248133,0.135711,-0.105371,0.053754,-0.177639,-0.407558,-0.170738,-0.139637,-0.215014,0.001741,-0.330764,-0.038104,-0.122982,-0.254614,-0.141825,0.462527,-0.202737,-0.249769,-0.435216,-0.03866,-0.195534,-0.204283,0.093571,-0.59856,-0.407558,-0.242448,-0.251213,-0.310595,-0.498698,0.357625,-0.012393,-0.357092,0.002392,0.029284,-0.201187,-0.215014,-0.328194,0.039839,-0.664135,-0.101033,-0.147002,-0.036181,0.073524,-0.35525,-0.174486,-0.307459,-0.301646,-0.23011,-0.029768,-0.43252,0.182696,0.36165,-0.297865,-0.027649,-0.383808,-0.584476,-0.121226,-0.311369,-0.043645,-0.374414,0.183792,0.355402,-0.082012,-0.310861,-0.242456,0.040202,0.000194,-0.174549,-0.185253,0.070065,-0.374368,-0.179087,0.010509,0.066316,0.065848,-0.073934,-0.060504,-0.249747,0.459117,-0.398485,-0.215014,0.289704,0.180094,0.267163,0.20651,0.259621,-0.298528,-0.256087,0.260174,0.205279,0.404227,-0.464678,0.180202,0.591262,-0.12441,0.118211,0.037214,0.412872,0.054009,0.124549,-0.030437,-0.223267,0.037999,-0.217116,#
10,-0.043918,-0.085277,0.065334,-0.004114,0.084565,0.309469,-0.011734,-0.046419,-0.144169,-0.098654,1.0,0.231935,-0.336307,-0.321896,-0.245707,0.421331,0.199436,0.129887,-0.030414,-0.139138,-0.243527,0.16241,0.172265,-0.180177,0.064244,-0.024647,-0.16525,-0.099292,0.031064,-0.333832,-0.040316,-0.08502,-0.035233,0.055847,0.331178,0.237508,-0.028453,0.112781,-0.150484,-0.101658,-0.171156,0.150028,-0.048643,0.082984,0.022573,0.114606,-0.200166,0.058631,0.128785,0.095661,0.171068,0.051351,0.002768,-0.237757,-0.312212,0.007155,0.002843,0.094376,-0.050441,-0.054587,-0.200261,-0.001563,0.173034,-0.29967,-0.052179,-0.421004,-0.308983,-0.116373,-0.049785,0.257236,0.036165,-0.081565,-0.049408,-0.024592,0.121111,0.199651,-0.156237,-0.02462,-0.156641,-0.282077,-0.009833,-0.041671,-0.084394,-0.190835,0.316294,-0.146789,-0.055018,-0.072241,-0.1105,-0.108206,-0.063303,-0.062202,0.028675,-0.184695,-0.151728,0.299102,-0.082515,0.081594,-0.098591,-0.191781,0.166748,0.023824,0.026627,-0.232807,-0.128101,-0.173861,-0.108392,-0.369412,0.065444,0.136247,-0.159081,0.04604,0.320443,-0.178854,0.111882,-0.156135,0.049284,-0.073132,-0.087852,0.005242,0.042188,-0.288633,0.086206,-0.193848,-0.333723,-0.117202,-0.311365,0.161164,-0.139567,-0.172082,0.137788,0.042188,0.082126,-0.141303,0.287498,0.026966,0.110795,-0.006077,-0.141982,-0.197781,-0.105888,-0.101393,0.131467,-0.0796,-0.298733,-0.016443,-0.154913,-0.12573,-0.172401,0.167091,0.000425,0.196091,-0.291722,-0.192984,-0.077703,-0.292384,-0.438097,-0.085946,-0.330957,-0.00691,0.059879,0.000134,0.249718,0.017771,-0.257322,-0.104493,-0.105543,0.169193,0.446841,-0.043505,-0.036499,0.215463,-0.09616,0.063413,-0.291788,0.128672,-0.128101,0.142215,-0.20057,0.2331,0.182055,-0.304272,-0.010854,0.095144,-0.283165,-0.27713,-0.148798,0.076624,0.10273,-0.334106,-0.203385,-0.071915,0.023583,-0.15927,-0.075948,-0.068787,0.329771,-0.08476,-0.086006,-0.046416,#
11,-0.01862,-0.320709,0.193041,-0.070786,0.136092,0.218281,-0.204424,-0.180644,-0.194053,-0.328199,0.231935,1.0,-0.3076,-0.204849,-0.278953,0.213596,-0.106242,0.06308,-0.476765,0.199802,-0.545475,0.233592,-0.053118,-0.315487,0.048167,-0.027279,-0.036292,-0.228762,-0.202632,-0.366305,-0.065807,0.173936,-0.011268,0.31962,0.191583,0.124656,-0.331036,-0.014129,-0.281376,0.206299,0.097387,0.011046,0.058845,-0.325901,-0.020671,0.01673,-0.409984,0.077106,0.093328,0.162394,0.000661,0.073204,-0.154976,-0.063271,-0.005663,-0.015121,-0.029486,0.070628,0.370849,-0.123207,0.012791,0.072247,0.149928,-0.49544,-0.00609,-0.105362,-0.107769,-0.276903,-0.143223,0.498131,0.17652,0.007678,-0.037425,0.353491,-0.072351,-0.067221,-0.23335,-0.144773,0.093025,0.011744,0.440181,0.088026,0.027509,-0.445305,0.306884,0.167609,0.094243,0.103126,0.03404,0.180882,0.178279,0.181338,0.247332,0.118237,-0.069357,0.270622,-0.195619,0.07365,-0.152726,-0.06122,-0.028616,0.438826,0.09832,0.153126,-0.06139,-0.048768,0.167809,-0.047304,0.158629,0.394388,-0.153561,-0.13572,-0.159038,0.169326,0.06555,-0.276139,0.088488,0.169617,0.099231,0.31746,0.257474,-0.135767,0.264756,0.228569,-0.143042,0.092154,0.073463,0.089731,0.426411,0.109845,0.006653,0.276584,0.007532,-0.275123,0.264006,-0.132861,0.028387,-0.135594,-0.034584,-0.09291,0.365939,0.02737,0.116853,0.104581,-0.225333,0.111101,-0.058484,-0.310797,0.014188,0.173208,0.148415,0.096846,-0.130554,0.208162,0.08887,0.200781,-0.21409,-0.231404,0.000157,0.056052,-0.117273,-0.453301,-0.100582,0.033904,-0.182577,-0.108261,0.207455,0.096642,0.190415,0.161467,0.079395,0.052454,-0.078643,0.257713,-0.126232,-0.00438,-0.20115,-0.192435,-0.105348,0.068588,-0.051429,-0.116701,-0.127708,0.261801,-0.107309,-0.46529,-0.190849,-0.056496,-0.044839,-0.349395,-0.400836,-0.198201,0.113689,-0.034229,0.098411,-0.191031,0.321956,0.170702,-0.004258,0.231481,#
12,0.318,0.349875,-0.275247,-0.215571,-0.013151,0.130254,0.43011,-0.064202,0.574927,0.361063,-0.336307,-0.3076,1.0,0.409089,0.167211,-0.359681,-0.12936,0.351549,0.107199,-0.13918,0.275362,0.259347,0.180181,0.056852,-0.031767,-0.203405,0.297476,-0.142023,0.184029,0.407588,-0.209872,-0.004436,0.295871,-0.218968,-0.201071,0.056046,0.14182,-0.045896,-0.169973,-0.37195,0.20631,0.048748,0.14574,0.106954,0.087405,-0.46454,0.510849,0.043671,-0.262382,-0.06175,0.113102,-0.263722,0.117136,-0.124115,-0.190245,-0.006152,0.197952,-0.10323,0.087941,0.047176,0.395248,0.025589,-0.014443,0.0297,0.247616,0.559064,-0.113835,0.228068,0.182529,-0.232493,-0.090745,0.069461,-0.178723,-0.21083,-0.221044,0.174376,0.054965,-0.055684,-0.166598,-0.144087,-0.091333,-0.383147,-0.228077,-0.050351,-0.240063,0.173132,-0.038637,0.000163,0.132641,-0.388207,-0.2069,0.006051,-0.44481,0.137864,-0.092121,-0.038707,0.369789,-0.000243,-0.159464,-0.076358,-0.168874,0.022796,0.067475,0.266631,-0.000868,-0.135788,-0.169673,-0.162673,-0.326978,-0.127232,0.236993,0.286943,-0.230384,-0.438013,-0.185506,0.070845,-0.322295,-0.21613,0.129105,-0.345585,-0.329,-0.119777,-0.154236,-0.16379,-0.217355,0.367285,0.111575,0.143792,0.145641,0.247084,-0.390647,-0.315591,-0.341482,-0.115747,-0.515463,0.011888,-0.42821,-0.26462,0.201824,-0.068714,-0.213212,-0.301523,-0.227323,-0.255214,0.200411,-0.147777,-0.026462,0.328371,0.0684,-0.245635,0.014457,-0.437372,0.35154,-0.349682,-0.158673,-0.038822,0.666627,0.527167,0.074283,-0.334844,0.082481,0.039333,0.346848,-0.115802,0.202428,0.585436,0.135229,-0.022747,-0.201421,-0.171604,-0.062534,0.06738,-0.200787,-0.161542,0.254261,-0.190511,0.012936,0.330243,0.696705,-0.16838,0.274066,0.233794,-0.115221,-0.303976,0.410382,0.091545,0.631152,0.010933,-0.512626,0.433005,0.3426,0.190416,-0.026458,0.114313,0.197691,0.14438,-0.096455,-0.012466,0.439035,-0.118129,#
13,0.237793,0.243792,-0.156886,-0.188173,-0.189682,-0.079596,-0.102865,0.25918,0.070924,0.315258,-0.321896,-0.204849,0.409089,1.0,0.016588,-0.066564,-0.242694,0.119718,0.001276,-0.19635,0.176041,0.428409,0.498675,0.368527,-0.209498,0.164017,0.640058,0.083917,-0.17297,0.315292,-0.202209,0.33767,0.253969,0.089371,-0.075163,0.112843,-0.105246,0.09125,0.17422,-0.322911,-0.14104,-0.138036,0.461167,0.10415,-0.226165,-0.422303,0.237792,-0.212406,-0.397704,-0.024197,0.182062,-0.255428,0.118662,0.064875,0.13614,0.048502,-0.031235,0.196349,0.094999,0.117871,0.506972,-0.067038,-0.305475,-0.038038,0.145585,0.077317,-0.439987,0.374834,0.097321,-0.175648,-0.206819,-0.064584,-0.026391,0.080503,-0.247695,0.108246,0.028475,0.073588,-0.195314,0.225721,-0.35548,-0.212754,0.017822,0.185757,-0.137353,0.040278,-0.01408,-0.073892,0.152596,-0.372053,-0.446457,-0.123586,-0.164868,0.043918,0.044859,-0.236458,-0.03199,0.122384,-0.01568,-0.147352,-0.128246,-0.18016,0.027618,-0.213187,0.01873,-0.287914,0.147454,-0.269876,-0.20508,-0.0006,-0.172578,-0.030781,-0.312055,-0.069915,-0.27323,-0.045543,-0.296899,-0.316075,-0.035186,0.136934,0.019163,-0.180295,-0.056227,-0.079393,-0.165039,0.112215,-0.184737,-0.177444,0.149975,0.016167,-0.293556,0.085315,-0.355352,0.059882,-0.455337,0.085769,-0.13128,-0.280232,0.176527,0.02639,-0.232522,-0.12895,-0.252363,-0.199971,-0.199422,-0.157166,0.082358,-0.098024,-0.237685,-0.221047,-0.123272,-0.390991,-0.028451,-0.289636,-0.196398,0.009842,0.432635,0.165173,0.189474,-0.270011,-0.160674,0.008091,0.000148,-0.046173,0.093261,0.217375,-0.032575,0.054981,-0.139009,-0.022047,0.009764,-0.206941,-0.258799,-0.467379,0.297709,-0.337971,0.033863,0.034204,0.313798,-0.316464,0.255208,0.08114,-0.233577,0.015384,0.27438,0.291518,0.067301,-0.463371,-0.172076,0.533424,-0.119016,0.041488,-0.038694,0.114025,0.215958,0.041924,0.182738,0.078228,0.342091,0.051404,#
14,0.237703,0.48136,-0.103902,-0.302022,0.448997,-0.082066,0.41973,0.217578,0.185218,0.028622,-0.245707,-0.278953,0.167211,0.016588,1.0,-0.061303,0.149282,-0.033828,0.401989,-0.15648,0.243261,-0.327702,-0.108541,-0.00896,-0.257535,-0.218056,0.117418,0.467482,0.537758,0.178321,-0.543021,0.003271,0.123983,-0.122709,-0.185512,0.17588,-0.258326,-0.135694,0.122631,0.277576,-0.399552,-0.03922,-0.105596,0.269168,0.199505,-0.078624,0.317948,-0.209401,-0.018503,0.283135,0.044577,-0.262864,0.058262,0.090253,0.085883,-0.199251,-0.054022,-0.173453,0.025022,-0.006471,-0.359142,0.318301,-0.293846,0.31696,0.059603,0.221271,0.024857,-0.104444,-0.19184,-0.499704,-0.345749,-0.279301,-0.106473,-0.177724,-0.383504,0.389597,-0.077616,-0.345976,-0.347147,-0.294071,-0.417764,-0.379641,-0.414556,0.219819,-0.532607,0.049419,-0.382467,-0.461255,-0.234398,-0.262638,-0.194125,-0.476136,-0.245028,-0.334925,-0.220635,-0.365269,-0.299014,-0.125273,-0.314724,-0.254557,0.39699,-0.498647,-0.405056,-0.322667,-0.185243,-0.009788,-0.475264,-0.043359,-0.468627,-0.232361,-0.294994,0.086241,-0.355124,-0.278577,-0.44779,-0.117956,-0.338371,-0.372714,-0.546906,-0.229935,-0.514449,0.023248,-0.635764,-0.053075,0.048722,-0.453168,-0.224616,-0.130561,-0.278396,-0.563759,-0.363712,-0.495261,-0.318379,0.110419,-0.318477,-0.402147,0.241066,-0.298769,-0.181158,-0.168994,-0.411314,-0.336116,-0.380862,0.006155,0.043522,-0.339544,-0.316746,0.19312,-0.428809,-0.438054,-0.298433,-0.380281,-0.468434,-0.054037,-0.460693,-0.093204,0.253856,0.382344,-0.390692,0.125837,0.09301,-0.104436,0.071926,-0.133989,-0.276817,0.216906,-0.08237,-0.101586,-0.098163,-0.327349,0.63298,0.064374,-0.221468,-0.481242,0.405683,-0.317609,-0.348153,0.388281,0.341871,-0.235522,0.191602,0.390276,0.500376,-0.10651,0.372097,-0.252291,0.105714,0.042064,-0.209511,0.370362,0.001153,0.466759,0.295856,0.274564,-0.401127,0.025544,-0.202992,-0.105173,-0.39709,0.380147,#
15,-0.240729,-0.266008,0.038367,-0.241497,0.092405,-0.03473,-0.156092,0.142138,-0.331273,-0.09621,0.421331,0.213596,-0.359681,-0.066564,-0.061303,1.0,9.8e-05,-0.426935,0.157678,-0.126423,-0.424353,0.201231,-0.024065,0.195947,-0.116016,-0.018178,0.004327,-0.094685,0.009682,-0.331822,-0.05532,0.139263,-0.032513,0.265582,0.14508,0.395201,0.150497,0.107692,0.056417,0.072693,-0.185376,-0.299881,0.192928,0.084354,-0.157308,0.109413,-0.375873,0.053298,-0.09737,0.060755,0.145404,0.097873,0.007597,0.101339,-0.079141,0.191384,0.009232,-0.144125,-0.062959,-0.34783,-0.169574,0.201343,0.245521,-0.333789,-0.033898,-0.64275,-0.308975,-0.121383,0.105388,0.255802,0.031642,-0.304983,0.421661,0.168805,-0.047856,0.016891,-0.139499,-0.023414,-0.159856,0.07691,-0.005673,-0.049589,0.291408,-0.015691,0.324841,-0.132366,0.122249,-0.263219,-0.095578,0.073714,0.121975,-0.054544,0.029867,-0.179551,-0.152573,0.136287,-0.077844,0.28009,-0.099435,-0.193118,0.141196,0.02614,0.031234,-0.045573,0.231312,-0.170013,0.076951,-0.117711,0.066608,-0.053013,-0.15684,-0.229867,0.137313,0.186802,0.045007,-0.166214,0.041338,0.118527,-0.0963,0.202681,0.041338,-0.029916,0.092842,-0.191619,-0.006447,-0.112949,-0.099125,-0.049511,-0.144997,-0.169774,0.140857,0.220758,0.076259,0.056613,0.098741,0.023901,0.114173,0.166633,-0.221889,0.012225,-0.109191,0.062179,-0.039646,0.250609,-0.289151,-0.082286,-0.152668,-0.476974,-0.167987,-0.007151,-0.270815,-0.005535,-0.308817,0.188688,0.110543,0.081033,-0.248719,-0.248822,-0.133053,0.191724,0.389016,0.00326,-0.133763,0.277295,-0.251949,-0.483926,0.260279,0.298036,0.085735,-0.04088,-0.031542,-0.209188,-0.09748,0.069774,-0.102355,0.138484,-0.130904,-0.056556,-0.396941,0.137656,0.032474,-0.300328,0.194124,0.098043,-0.467092,0.124663,-0.527289,-0.294401,0.087452,-0.332265,-0.386863,-0.256439,0.016806,-0.168022,0.296753,-0.055732,0.315527,0.137842,-0.078004,-0.043835,#
16,0.553126,0.289589,0.059325,-0.211339,0.300142,0.148107,-0.064169,0.134153,0.051544,-0.098673,0.199436,-0.106242,-0.12936,-0.242694,0.149282,9.8e-05,1.0,0.271036,0.126728,-0.301864,-0.008593,-0.150748,-0.014029,-0.180251,-0.091082,0.05316,-0.353689,0.021068,0.038196,0.070809,-0.055164,-0.055455,-0.016262,-0.350204,0.129985,0.229395,0.101032,-0.485286,-0.206369,0.102691,-0.237283,-0.40804,-0.391524,0.365298,0.206462,0.099442,-0.224532,-0.046621,0.118242,-0.291843,0.205968,-0.168474,0.082646,-0.145066,0.158398,-0.216767,-0.41733,-0.106896,-0.079783,-0.025735,-0.201635,-0.002997,0.027572,0.155683,-0.033043,0.031082,0.107009,-0.058865,0.142223,-0.077796,-0.229106,0.071488,-0.04012,-0.253948,-0.076148,0.18418,-0.171654,-0.22698,-0.329157,-0.474082,-0.180529,-0.093805,-0.285257,-0.202766,-0.224835,-0.350123,-0.42554,-0.28548,-0.096211,-0.284129,-0.056447,-0.497755,-0.194703,-0.209702,-0.340784,-0.249346,0.076664,-0.463478,-0.47502,-0.359924,0.201496,-0.331126,-0.350426,-0.053381,-0.331126,-0.159959,-0.474336,-0.014298,-0.300347,0.116018,0.204032,0.035509,-0.056447,-0.224078,-0.268792,0.141983,-0.331126,-0.23763,-0.060171,-0.060869,-0.508667,-0.040984,-0.295899,-0.202754,0.115713,-0.462241,-0.09281,-0.097576,-0.536729,-0.348634,-0.04678,-0.153585,0.053042,-0.174842,0.051513,-0.194649,0.454934,-0.382967,-0.45144,-0.21484,-0.283006,0.029725,-0.256741,-0.190091,-0.113218,-0.059779,-0.146841,0.220064,-0.169527,-0.204853,-0.391007,0.141224,-0.11732,-0.193069,-0.285219,-0.467301,-0.046875,0.315337,-0.528912,0.170588,-0.264481,-0.033964,0.100432,-0.559377,-0.283479,0.235063,-0.286389,-0.347909,-0.098145,-0.271951,0.035994,-0.008091,-0.433243,-0.111746,0.075216,-0.305808,-0.331126,0.161153,-0.030921,-0.179637,0.058864,0.066134,0.394328,0.094633,0.073369,-0.294325,0.026701,0.271793,0.364876,0.223914,-0.034365,0.297069,0.40035,0.188895,-0.14358,0.6887,0.093672,-0.483446,-0.523617,0.419426,#
17,0.385995,0.299708,-0.085813,-0.080547,0.271359,0.243702,0.069119,-0.160272,0.162118,0.001601,0.129887,0.06308,0.351549,0.119718,-0.033828,-0.426935,0.271036,1.0,0.080886,-0.086613,0.362958,0.103503,0.102324,-0.423292,0.137772,-0.056137,-0.01966,-0.043872,-0.144431,0.175265,-0.168947,-0.018709,0.120584,-0.292399,0.126809,-0.023689,-0.293163,-0.086182,-0.032498,-0.124952,0.15737,0.036625,-0.158293,-0.11345,-0.163171,-0.141679,0.166633,0.138183,0.005992,-0.138291,0.395765,-0.190359,-0.187049,-0.245351,0.076417,-0.114855,-0.308565,-0.013308,-0.063433,0.010617,0.090807,0.290397,-0.108475,0.012917,0.015107,0.378808,-0.056742,0.107891,0.051284,0.356393,-0.072909,0.243917,-0.530069,-0.056975,-0.085133,0.17872,-0.255796,-0.03215,-0.152803,-0.592124,-0.00992,-0.196965,-0.232131,-0.395692,-0.179561,0.101884,-0.164369,0.086165,-0.054195,-0.084934,-0.159923,-0.060881,-0.09713,0.068078,-0.200073,0.125994,0.268343,-0.289682,-0.133243,-0.382313,-0.248122,-0.139387,-0.193211,0.064485,-0.329557,-0.315236,-0.264912,-0.165722,-0.309003,0.16986,0.258846,-0.188852,-0.17633,-0.445493,-0.005839,-0.28545,-0.490238,-0.161235,0.340446,-0.191868,-0.306495,-0.075071,-0.210399,-0.224115,-0.272983,0.116863,0.022938,0.128707,0.194644,-0.012181,0.008061,-0.171523,-0.180055,-0.186177,-0.14802,-0.2099,-0.057896,-0.397533,0.043881,-0.001844,-0.043015,-0.094677,-0.06145,-0.308264,-0.092999,0.093051,-0.097243,0.3791,-0.011046,-0.264654,-0.115105,-0.003277,0.242737,-0.431905,-0.262983,-0.043728,0.447915,0.363149,-0.167816,-0.269361,-0.435303,0.133265,0.337158,-0.209107,-0.254965,0.700867,-0.088564,-0.085516,0.083201,-0.068944,-0.010536,-0.020076,-0.337588,-0.086549,0.003207,-0.293788,0.021293,0.0754,0.515004,-0.284793,0.149993,0.33255,-0.125606,-0.116309,0.199895,-0.324916,0.454097,0.221684,-0.401958,0.329234,0.059315,0.288026,0.088798,0.091807,-0.209084,0.010385,-0.02042,-0.082937,0.081472,0.278981,#
18,-0.118191,0.349247,-0.142202,-0.119573,0.207594,-0.390637,0.153514,-0.209748,-0.029677,0.174809,-0.030414,-0.476765,0.107199,0.001276,0.401989,0.157678,0.126728,0.080886,1.0,-0.260547,0.45854,-0.444383,-0.065251,0.043935,-0.100574,-0.084681,0.071407,0.217768,0.160608,0.249295,-0.126675,-0.143519,0.21031,-0.122722,-0.013971,0.224573,0.17661,0.019896,0.090553,0.280347,-0.296842,-0.379636,0.004528,-0.009342,0.044864,0.07411,0.267916,-0.081031,0.078909,0.143225,0.258878,-0.149591,-0.114174,0.061021,0.393956,-0.0066,-0.234024,0.096658,-0.39537,-0.20794,-0.216193,0.243906,0.044305,0.120141,-0.020725,-0.034298,-0.121644,0.105571,-0.088357,-0.291432,-0.332853,-0.597083,0.23197,-0.269308,-0.153841,0.090128,-0.187377,-0.104524,-0.186028,-0.336961,-0.486852,-0.330586,-0.270716,0.324201,-0.183946,-0.197487,-0.16326,-0.364132,-0.248694,0.133128,-0.060291,-0.2212,-0.31545,-0.534554,-0.291271,-0.30541,-0.170369,-0.139001,-0.0812,0.033883,-0.075958,-0.323175,-0.493031,-0.376464,-0.192776,-0.152561,-0.38525,0.076375,-0.202961,-0.031784,0.137485,-0.096914,0.097248,-0.38946,-0.101598,-0.276556,-0.143685,-0.064549,0.065863,-0.208865,-0.323175,0.393157,-0.454859,-0.247976,-0.052472,-0.106002,-0.314013,-0.324003,-0.278951,-0.304811,-0.005084,-0.284055,-0.113115,0.070824,-0.187228,-0.283682,0.002027,-0.06361,-0.176092,0.016802,-0.400585,-0.017683,-0.15271,-0.082603,-0.003681,-0.236638,-0.146108,0.232234,-0.095091,-0.169009,-0.314762,-0.188115,0.096161,0.092257,-0.305028,-0.103583,-0.021567,0.127814,-0.213339,0.091458,0.221492,-0.064736,0.110965,0.201987,-0.273929,-0.074909,0.053883,0.151205,-0.028213,-0.164472,0.125032,-0.440305,0.208713,-0.1441,0.162462,0.112817,-0.029777,0.243082,0.09962,-0.154429,0.06679,0.099311,0.237514,-0.087818,0.137893,0.069763,0.010653,-0.017698,-0.092834,0.234773,0.005119,0.204654,0.274994,0.272143,-0.043363,-0.172405,-0.052775,-0.041005,-0.230488,-0.012843,#
19,-0.368149,-0.529479,0.024416,0.26411,-0.061957,0.359453,-0.023781,-0.04886,-0.047644,-0.327891,-0.139138,0.199802,-0.13918,-0.19635,-0.15648,-0.126423,-0.301864,-0.086613,-0.260547,1.0,-0.008033,0.095697,-0.085658,-0.120695,0.370984,-0.162248,-0.002519,-0.170891,-0.461198,-0.35881,0.103223,0.076271,-0.002008,-0.027509,-0.208072,-0.354634,-0.024418,0.179065,-0.10357,-0.146597,0.405039,0.470778,-0.065092,-0.321672,-0.031824,0.121204,0.18458,0.395964,0.22837,-0.281763,-0.038947,0.321866,0.238208,0.000975,0.015742,0.329835,0.404782,-0.518164,0.161556,0.073336,-0.17628,-0.315644,0.225534,0.056058,0.035926,0.044414,0.244002,-0.156167,-0.146307,0.220708,0.479491,0.13932,0.199401,0.3955,0.111005,-0.418352,0.273978,0.21165,0.611129,0.2126,0.756795,0.281187,0.378058,-0.126001,0.205717,0.360678,0.281821,0.453904,0.400685,0.032771,0.51337,0.396715,0.442678,0.307979,0.260503,0.117784,0.114963,0.298664,0.022817,0.276507,-0.067695,0.472142,0.448254,0.324567,0.450074,0.439904,0.526112,-0.216353,0.347787,-0.059666,0.24496,-0.383767,0.17455,0.375616,0.299587,-0.095058,0.11436,0.676898,-0.031459,0.208206,0.456224,0.062577,0.61098,0.257816,0.161193,0.129679,0.272728,0.265726,0.099356,0.460695,0.164111,0.308626,0.192465,0.068395,0.28497,0.242281,-0.040526,0.180875,0.195663,0.29526,0.543001,-0.129661,0.143059,0.203269,0.273309,0.36557,0.159372,-0.261838,0.54229,-0.114114,0.328946,0.29675,0.202848,0.242975,0.286888,0.388074,-0.118409,-0.271404,0.537071,0.07486,0.008607,0.181052,-0.091706,0.410351,0.22529,-0.126621,0.403021,0.241209,-0.098402,-0.033285,-0.215623,-0.13152,0.253943,0.605706,-0.284369,0.201424,0.456224,-0.376319,-0.270408,-0.007047,-0.039541,-0.128831,0.0506,0.116114,-0.424634,0.089543,-0.043941,0.275307,-0.280079,-0.525831,0.289479,-0.369694,-0.386646,-0.3634,0.377308,-0.373221,-0.451444,0.416676,0.251305,-0.197042,#
20,-0.060497,0.172513,-0.230082,0.02407,0.021374,-0.266106,0.08627,-0.08658,0.166743,-0.180751,-0.243527,-0.545475,0.275362,0.176041,0.243261,-0.424353,-0.008593,0.362958,0.45854,-0.008033,1.0,-0.228232,-0.191111,0.170159,0.220754,0.102585,-0.098357,0.225283,0.057528,0.132333,0.173654,-0.269327,0.196417,-0.179478,0.021682,-0.182357,0.157457,0.062486,0.170925,-0.129508,-0.024771,-0.05893,-0.149426,-0.143503,-0.200877,0.213837,0.439533,-0.10463,0.280736,0.111644,0.192244,-0.107904,-0.121806,0.26339,0.179563,0.270702,-0.105675,0.107875,-0.202549,0.035758,0.048191,0.151909,-0.059803,0.194502,-0.146048,0.227681,0.136207,0.31051,-0.18875,-0.234653,-0.109404,0.060239,-0.045659,0.066845,0.182226,-0.150265,0.28953,0.239817,0.167135,-0.18933,-0.24161,0.058922,0.029001,0.064581,-0.154694,0.016422,0.17393,0.184398,0.222053,0.165097,0.024593,-0.041544,-0.050303,0.069029,-0.063808,-0.003193,0.137321,-0.170575,0.295742,0.081827,-0.051236,-0.019096,-0.059257,-0.092483,-0.011983,-0.012814,-0.015171,0.068212,-0.18246,0.043393,0.190782,-0.251382,0.060063,-0.067138,0.154919,0.096664,-0.019096,0.021263,0.176533,0.079823,-0.019096,0.532154,-0.219369,0.162689,0.255613,-0.046076,-0.121398,0.029274,-0.085956,0.078554,0.010142,-0.196913,0.174127,0.125552,0.018593,-0.024802,-0.200507,-0.107363,0.000889,0.417284,-0.148723,-0.048052,0.154422,-0.035964,0.323903,-0.000968,0.183612,0.149698,0.275492,-0.119719,0.086909,0.088149,0.30344,-0.021475,-0.037517,0.204035,0.292704,0.028823,0.083795,-0.011117,-0.03571,0.179514,0.054339,0.089362,0.218961,0.196826,0.043439,0.058125,0.003015,0.113335,-0.055585,0.013763,0.17892,-0.034361,-0.015371,0.165921,0.158722,-0.082327,0.215188,-0.405152,0.095996,0.034109,0.185508,-0.030235,0.145955,0.181528,0.095929,0.381839,-0.242091,0.138598,0.225303,0.193312,-0.209043,-0.097845,-0.22453,-0.08853,-0.309777,0.018013,0.108829,-0.045501,#
