0,1.0,-0.09785,-0.059707,-0.197838,0.150174,0.032463,0.571089,-0.297137,0.099331,-0.277056,0.641247,0.143149,0.21977,0.119924,0.18451,0.04039,0.141826,-0.370959,0.348528,0.24339,-0.00877,0.064099,-0.040411,-0.044669,-0.193682,0.142737,-0.03054,0.18151,0.375901,-0.136095,-0.24674,0.168202,0.046669,-0.288039,0.216414,-0.036463,-0.037159,-0.001734,-0.005401,0.215872,-0.064432,0.340588,0.116427,-0.049268,0.059213,-0.019153,0.251461,0.128503,-0.490923,0.029661,0.274835,-0.106726,0.012518,-0.261495,0.044998,0.049057,-0.16234,0.300273,0.20741,-0.234934,0.277228,0.156661,-0.09835,0.032133,-0.072075,-0.030493,-0.230794,0.084186,0.025897,-0.190983,0.309905,-0.142927,0.185467,-0.279761,-0.290322,0.326899,-0.690685,-0.242774,-0.295623,-0.276606,-0.237153,-0.119415,-0.191592,-0.455477,-0.248979,-0.04232,-0.063396,-0.121605,-0.162311,-0.279649,-0.712735,-0.178773,0.038073,-0.159472,-0.305122,-0.356919,0.164057,-0.672639,-0.323269,0.078077,0.454061,-0.213408,-0.172049,-0.493644,-0.273591,-0.184673,-0.338627,0.080995,-0.303633,-0.128133,-0.363517,-0.02288,-0.439148,-0.284498,0.044199,-0.221591,-0.045096,0.025576,0.145182,-0.492493,-0.343007,-0.004014,-0.124112,0.260071,-0.075855,-0.154249,-0.135381,0.338794,-0.274001,-0.205508,-0.479349,-0.46918,0.040468,0.160553,0.12547,-0.173606,-0.228686,-0.204244,0.288673,-0.058139,-0.206297,0.288489,0.175784,-0.191674,-0.446516,-0.040721,-0.212202,0.148162,-0.446516,-0.221591,0.034338,-0.269177,-0.120831,0.077597,-0.021276,-0.018759,-0.115223,0.098467,-0.346567,0.067724,0.068195,-0.267263,0.134874,-0.309005,0.042049,0.050236,0.176896,-0.043397,-0.453708,-0.121699,0.277159,-0.335008,-0.045875,0.119128,-0.042915,0.04117,-0.127087,0.221136,0.198774,-0.417987,0.035302,-0.059752,0.206419,0.289628,0.035572,-0.123817,0.130973,0.040785,0.390951,0.280994,-0.471477,0.272831,0.541522,0.146904,0.130998,-0.031333,-0.421473,-0.094782,0.05434,-0.306914,#
1,-0.09785,1.0,0.271444,-0.113519,0.109265,-0.085007,-0.060719,0.023908,-0.211898,0.011823,0.080609,0.315812,0.378441,0.059272,-0.304389,0.025213,-0.009888,0.110864,-0.100257,-0.243176,0.130997,0.034636,0.01543,-0.317779,0.006953,-0.513028,-0.236623,-0.154501,0.04042,0.142805,0.135123,-0.091131,-0.208466,0.232079,0.258956,0.184324,-0.182753,-0.235406,0.008388,0.082669,-0.263202,-0.107367,0.101731,-0.028857,-0.341053,0.166855,-0.217389,0.132772,0.379163,0.352696,-0.040331,0.066719,-0.008081,0.250802,-0.076909,-0.306039,0.070192,0.013266,0.065612,-0.051425,0.027286,-0.43852,0.144513,0.015711,0.278754,0.350517,-0.15089,0.367869,0.218702,0.110894,-0.065104,-0.191126,-0.35642,0.116064,0.15504,-0.106037,-0.051483,0.06961,0.203479,-0.365346,-0.19328,-0.21324,0.011816,-0.030455,-0.112152,0.026181,-0.015562,0.204595,0.079848,0.080822,-0.001998,0.23042,-0.028928,0.095376,-0.214133,0.048818,0.125263,0.273048,0.150989,0.191574,-0.007903,-0.232018,0.188518,0.272983,-0.051007,-0.009035,0.131374,0.025541,-0.405923,0.189611,0.331013,-0.362819,0.031465,0.035021,0.000445,-0.146827,-0.069879,0.205146,-0.075879,-0.061595,0.020416,0.177409,-0.25873,-0.131481,0.050189,-0.140886,-0.075922,-0.106196,-0.112757,-0.21025,0.298303,0.003298,-0.020984,0.04477,-0.132351,-0.164311,0.163974,0.004664,-0.05589,-0.202993,-0.104329,-0.259114,0.258719,0.10828,0.194657,-0.20907,-0.549503,0.041729,0.175887,0.151072,0.03021,0.11875,0.13539,-0.02915,-0.052535,-0.012303,-0.116217,0.028339,0.094152,0.232683,-0.027509,0.045261,-0.031113,0.350626,-0.119821,0.154558,0.20665,0.247625,0.15076,-0.093255,0.436464,0.090698,-0.219157,-0.146514,-0.019322,-0.053353,-0.067624,0.286643,-0.125997,0.123782,-0.039397,-0.142271,0.220599,-0.084083,0.37799,0.005453,-0.071295,-0.151077,0.179129,0.214648,0.145785,0.206045,-0.292491,-0.005366,0.111145,-0.20468,0.094195,0.040428,-0.010585,-0.040253,#
2,-0.059707,0.271444,1.0,-0.662217,-0.017388,-0.074228,0.189657,-0.155408,0.166715,0.316261,-0.231954,-0.4128,0.247545,0.078925,-0.323877,0.107155,-0.131979,0.543033,-0.07093,0.106409,-0.320241,-0.035214,0.065639,-0.140726,0.163805,-0.097808,-0.216315,-0.339083,0.132301,0.083906,-0.332878,0.051512,-0.431375,-0.020717,0.138685,0.3627,0.001857,0.32398,-0.000585,-0.326334,0.086375,-0.192257,0.135742,-0.094096,0.014475,-0.460656,-0.291794,-0.140712,0.098707,0.273103,0.444406,-0.402572,0.018571,-0.09884,-0.187279,0.16639,0.079512,-0.308876,0.257607,-0.160194,0.572147,-0.070093,0.119619,-0.186462,0.244217,0.4142,0.058179,0.011304,0.215525,0.08441,-0.132446,0.003059,-0.47458,-0.263173,-0.062114,-0.218153,-0.200747,-0.219586,0.045916,-0.159673,-0.018262,-0.075617,0.060905,0.040175,-0.349035,0.275056,-0.097515,-0.170058,-0.399375,0.008228,0.027014,-0.042821,-0.183401,0.067947,-0.246888,-0.0345,-0.297787,0.107461,-0.161587,-0.14015,-0.307865,-0.308409,-0.02603,-0.053248,0.131896,-0.368543,0.249784,-0.295665,0.027036,0.072025,0.145694,-0.311545,-0.000516,-0.109183,-0.002197,-0.210461,-0.058358,0.218471,-0.171421,-0.237791,-0.172584,0.02554,0.025518,-0.565046,-0.190153,-0.156732,0.311438,-0.079202,0.101533,-0.054845,0.136351,-0.097894,-0.145872,0.017866,-0.088296,-0.41802,0.272848,0.241523,-0.262454,0.00504,-0.271743,-0.132112,0.031092,-0.3812,-0.162994,-0.090217,-0.326334,0.166682,0.007723,-0.0169,-0.233147,0.101916,-0.084121,-0.233114,-0.193034,-0.166272,0.090126,0.15152,0.052734,-0.022185,0.197961,-0.281802,-0.254613,0.443282,-0.058538,0.08367,0.121921,-0.108314,0.032152,0.095436,0.010935,-0.059555,0.023915,-0.34051,-0.137509,0.025518,-0.002749,0.112379,0.102467,-0.310783,0.21867,0.099838,-0.065488,-0.017707,0.09978,0.03623,0.220478,-0.156732,-0.284784,-0.338819,0.124191,-0.125604,-0.039702,0.120499,-0.10667,0.000758,0.161458,0.40766,0.234497,0.186921,#
3,-0.197838,-0.113519,-0.662217,1.0,-0.115933,0.104691,-0.275741,0.250486,-0.28423,-0.166498,0.055907,0.231737,-0.212309,-0.298582,0.127682,-0.225569,0.20822,-0.170789,-0.043025,-0.227049,0.190411,-0.238399,-0.280803,0.200807,0.152829,0.008225,0.017122,0.299092,-0.20331,-0.079383,0.418086,-0.39495,0.326041,-0.063317,-0.163288,0.020666,-0.196812,-0.18744,0.025373,0.210932,-0.072518,-0.297155,-0.135088,0.055044,-0.066338,0.522288,-0.049173,-0.225648,0.185857,-0.201226,-0.457632,0.517519,0.148686,0.278711,0.282377,-0.116295,0.155901,0.221202,-0.214808,-0.077975,-0.483818,-0.002988,-0.071364,-0.218084,-0.213443,-0.208893,0.020111,-0.149352,-0.152791,-0.115181,-0.18477,-0.215442,0.197073,0.451383,0.282318,-0.321663,0.359031,0.221928,0.130966,0.122355,0.060444,0.093767,0.036783,-0.048719,0.106802,-0.130772,0.222573,0.298698,0.362539,-0.036711,0.198023,0.178422,0.135265,-0.216156,0.302373,0.511239,0.162076,0.15544,-0.009026,0.147252,0.215485,0.357614,0.201352,0.329568,-0.307131,0.043493,-0.117097,0.267593,-0.038823,-0.051499,-0.114269,0.205983,0.095097,0.295445,-0.043736,0.247339,0.221287,0.119633,-0.00483,0.258981,0.360832,0.037071,-0.201751,0.390816,0.313308,0.162876,-0.367169,-0.018825,-0.012754,0.351401,-0.037112,0.620085,0.278095,-0.259441,0.07513,0.356946,0.008185,-0.013056,-0.166335,0.043254,0.044023,-0.120438,0.205133,0.441724,0.458577,-0.042848,0.210932,-0.36514,0.292303,-0.189796,0.313607,0.082144,0.113421,-0.046868,0.29662,-0.126286,-0.274451,-0.275972,0.002577,0.12698,-0.202541,0.305494,0.179263,-0.276497,0.024519,-0.378218,0.006857,-0.106726,0.032787,-0.061256,0.036768,0.252833,0.051291,0.493862,0.372917,0.134429,-0.051442,-0.066781,-0.221286,0.587138,-0.381313,0.203231,0.007339,-0.1459,-0.05668,0.05542,-0.049093,0.344051,0.312763,0.11814,0.05814,-0.085146,-0.205529,-0.327145,-0.003228,-0.016362,-0.172078,-0.448204,-0.336107,-0.231771,#
4,0.150174,0.109265,-0.017388,-0.115933,1.0,-0.009635,0.099143,0.010264,-0.138439,-0.11534,0.363119,0.029257,-0.075201,-0.19587,-0.171073,-0.107971,0.310388,-0.253049,-0.206976,-0.083607,0.034771,-0.446972,-0.037205,-0.214272,-0.174812,-0.04594,-0.05049,-0.108263,-0.106072,-0.407624,-0.178979,-0.00649,0.231695,-0.316385,0.090378,-0.067834,-0.10933,-0.341514,0.159384,0.248255,-0.070995,-0.085431,-0.398004,-0.07628,-0.139454,0.025883,-0.077485,-0.239401,-0.059008,0.083991,-0.064891,0.090244,-0.16026,0.119825,-0.00881,-0.055159,-0.118362,0.468187,-0.092683,0.260385,-0.191248,-0.26338,0.143657,-0.165278,-0.088886,-0.067287,0.522426,0.025494,-0.079042,-0.256715,0.325205,-0.222968,-0.082483,-0.026083,0.311751,-0.03739,-0.261922,-0.01189,0.007011,-0.231907,-0.390823,0.245361,0.313536,0.014699,0.105423,-0.046519,-0.055068,0.185779,0.157215,0.096946,-0.034759,0.396926,0.185779,0.298831,0.042389,-0.003058,0.48854,-0.118423,0.293334,-0.200068,0.13194,-0.038482,0.233395,-0.128537,-0.018225,-0.042202,0.199923,0.066549,-0.059761,0.187087,0.025569,-0.05132,-0.207901,0.074988,-0.301794,0.297663,-0.077551,0.355315,-0.396406,-0.076568,-0.217637,-0.128006,-0.328066,0.201848,0.137893,-0.082367,-0.178187,-0.077509,-0.219577,-0.338514,-0.119271,-0.278398,0.014707,0.006994,0.020932,-0.006803,0.313336,-0.022034,0.006614,-0.017988,0.033469,-0.047497,0.147016,0.283937,-0.166333,-0.189386,0.2323,-0.069896,0.172738,-0.131234,0.050637,0.011578,-0.301209,0.384062,-0.294547,-0.212581,0.054764,0.012713,-0.105585,0.043,-0.310141,-0.266766,-0.060231,0.304208,-0.093999,-0.005303,-0.070675,-0.072264,0.087328,0.208441,0.270997,-0.079366,0.104903,-0.162973,-0.180874,0.014707,0.034844,-0.258801,-0.162295,-0.233036,0.011355,0.226748,-0.021949,-0.251061,0.160146,-0.274026,-0.20156,0.113227,0.263533,0.244618,0.016237,0.052122,0.241985,0.100699,-0.302153,-0.08394,0.153528,0.182769,-0.107287,-0.320194,#
5,0.032463,-0.085007,-0.074228,0.104691,-0.009635,1.0,-0.037359,0.272574,-0.047736,0.081279,-0.01147,-0.165445,0.030422,-0.194154,0.173625,0.043524,0.117624,-0.071921,0.057621,-0.136997,-0.02952,0.061829,0.136653,-0.06976,-0.036744,0.312749,-0.272646,-0.057459,0.216411,0.056293,-0.302731,0.181741,0.040889,0.221488,-0.116644,-0.057233,0.146285,-0.091368,-0.068563,-0.212017,-0.257901,0.222669,-0.087364,-0.056426,0.047486,0.096263,0.19208,-0.167186,0.218111,0.015069,0.102363,-0.008513,0.523983,0.046147,0.023126,0.085016,-0.010733,0.288429,-0.188707,0.028535,0.092624,0.121759,0.059216,0.18795,-0.330506,-0.337025,-0.023605,-0.227141,-0.038731,-0.490246,0.051198,-0.310364,-0.029022,0.166158,-0.139984,0.278987,0.098456,0.283482,0.02207,0.046943,-0.256112,-0.138867,-0.022037,0.333557,0.037954,-0.059811,-0.100494,0.186312,-0.035382,-0.123579,0.134817,0.227239,0.042472,-0.203495,-0.165334,0.275002,-0.176423,-0.154429,-0.145661,-0.303861,0.271133,0.122962,0.118843,-0.181855,-0.323897,-0.380353,-0.028213,0.219154,-0.31975,-0.142465,-0.007346,0.528273,-0.088258,-0.151565,0.216607,-0.249509,0.176126,0.189564,0.077439,-0.171614,0.135637,0.006123,0.038172,0.109868,-0.3661,0.036592,0.040833,-0.16185,-0.454377,0.116766,0.025167,-0.151976,0.007117,0.163727,-0.498973,-0.199039,-0.019227,0.472918,0.059716,0.277984,-0.206215,-0.086509,-0.369178,0.144819,0.010669,-0.307846,0.185913,-0.149843,-0.324354,-0.23753,-0.012614,-0.501298,0.355745,-0.288132,0.280282,-0.032588,0.184467,-0.38383,-0.550774,-0.11355,-0.265079,-0.109506,0.353831,-0.315408,0.252778,-0.101067,-0.013603,-0.388334,-0.019399,-0.519171,-0.057294,-0.312734,-0.06061,-0.11224,0.295518,0.001271,0.047757,-0.122262,0.029776,0.076527,0.191551,0.086728,-0.009648,-0.041635,0.171647,-0.220141,0.168638,-0.176054,-0.079477,0.066492,0.091574,0.073174,0.007981,-0.082865,-0.167558,0.33821,0.066608,-0.076093,0.044917,-0.29232,#
6,0.571089,-0.060719,0.189657,-0.275741,0.099143,-0.037359,1.0,-0.240004,0.37823,0.138938,0.215833,0.061455,0.29259,0.195485,-0.087464,0.151994,0.066105,0.068977,0.283123,0.352076,-0.274897,-0.02535,0.036984,0.071949,-0.10491,0.10329,-0.168812,0.03241,0.620631,-0.177758,-0.190409,0.213,-0.069141,-0.141749,0.117321,-0.07534,0.460724,-0.02295,0.252965,0.185123,0.189902,0.286567,-0.028508,-0.182368,0.009188,-0.26726,0.006332,-0.013875,-0.242944,-0.134776,-0.009742,-0.461774,0.298469,-0.22791,0.337958,-0.253402,-0.096426,-0.165388,0.26419,-0.253774,0.507618,0.080043,-0.235633,0.237182,0.230882,0.264086,-0.043282,0.056791,0.35681,-0.182301,0.154838,0.175722,-0.075934,-0.551587,-0.357764,-0.005341,-0.476314,-0.379451,-0.242306,-0.190267,-0.385126,-0.018204,0.091467,-0.40689,-0.349603,0.000963,-0.190718,-0.224151,-0.415545,-0.526768,-0.594867,-0.158011,-0.399891,-0.1397,-0.450333,-0.431482,-0.09831,-0.433223,-0.458195,-0.185238,-0.012357,-0.104076,-0.291785,-0.272631,-0.291502,-0.425934,-0.106505,-0.171795,-0.043608,-0.386529,0.099534,-0.058813,-0.223605,-0.364781,-0.056851,-0.491176,-0.092412,0.10885,0.150109,-0.482656,-0.416935,-0.068697,-0.245938,0.021479,-0.294037,-0.1061,0.123935,0.283094,-0.189134,-0.285824,-0.265801,-0.351896,-0.086961,0.17055,0.145673,-0.422017,-0.047759,-0.081118,0.208226,-0.212205,-0.303065,-0.023515,-0.087889,-0.41546,-0.406776,-0.197618,-0.229808,0.494071,-0.403515,-0.491176,-0.132368,-0.456128,-0.41557,-0.16737,0.008259,-0.104121,0.322911,0.326135,-0.323791,-0.357482,0.05719,-0.339314,0.299539,0.033847,-0.214691,0.14261,0.11832,0.008206,-0.49135,-0.163165,0.182049,-0.364036,-0.106186,-0.060081,0.085469,-0.264254,-0.011496,0.485835,0.293168,-0.502774,0.284445,0.04308,-0.230082,0.36059,-0.205507,-0.438392,0.209207,0.075332,-0.080428,0.256353,-0.461734,0.247475,0.256297,0.391785,0.17774,-0.258187,-0.159792,-0.028129,0.203924,0.027628,#
7,-0.297137,0.023908,-0.155408,0.250486,0.010264,0.272574,-0.240004,1.0,-0.383523,0.083783,-0.337909,-0.281928,0.239089,-0.168295,0.317291,-0.082721,0.203078,0.011086,0.090459,-0.412768,0.26111,0.119692,0.088286,0.166007,-0.07633,0.165996,-0.211053,-0.378483,-0.160837,0.110464,-0.15688,-0.113609,0.108445,0.202241,-0.160716,-0.201588,-0.186981,-0.23021,-0.097314,0.074074,0.17448,-0.125552,-0.157798,-0.264072,0.113583,0.003407,0.271255,-0.179389,0.093115,-0.116942,-0.183806,-0.208881,0.163224,-0.216377,-0.091991,-0.032946,0.554072,-0.200939,-0.173545,0.454421,-0.22141,-0.296768,-0.255588,-0.027161,-0.012154,-0.13261,0.143353,-0.166888,-0.234141,-0.143119,-0.122816,-0.130914,-0.583784,0.290212,0.032987,-0.124034,0.024246,0.134209,-0.200948,0.235638,-0.195887,-0.431565,-0.055859,0.002098,0.248057,-0.203892,0.326623,0.108954,0.274073,0.265788,0.213138,-0.112597,0.121436,-0.197254,0.109299,0.240244,-0.262516,0.163356,0.268098,-0.159974,-0.22634,0.159146,0.101124,0.121751,-0.092332,0.200551,-0.248856,-0.047422,-0.116262,0.166286,0.296762,0.090059,0.177434,0.241206,0.089131,0.143513,0.177952,-0.197857,0.019071,0.071743,0.237683,-0.201232,0.063865,0.237416,-0.241011,-0.143315,-0.023289,-0.125049,-0.152892,-0.042251,-0.201822,0.202289,0.053238,-0.181056,-0.143773,0.273911,0.143181,0.145965,-0.068553,-0.207445,-0.32286,-0.255187,-0.373382,0.17818,-0.21034,-0.177893,0.045139,0.091102,0.074791,0.127834,-0.228115,-0.103601,0.117168,-0.083255,-0.093232,-0.41369,0.133237,0.183573,-0.106285,0.202683,-0.263895,0.259985,0.15512,0.005544,0.226205,-0.286178,-0.478957,-0.164653,0.127444,0.181387,-0.204715,-0.026771,-0.296664,-0.159196,0.141556,-0.21508,-0.142337,-0.042369,-0.003449,0.036463,0.03793,8.8e-05,0.183057,0.037466,0.002549,-0.187231,0.005842,-0.155443,-0.183832,0.183343,-0.169497,-0.164517,-0.246357,0.068153,-0.021485,-0.041909,-0.020837,-0.148931,-0.199761,0.200635,#
8,0.099331,-0.211898,0.166715,-0.28423,-0.138439,-0.047736,0.37823,-0.383523,1.0,0.266261,0.103135,0.277926,-0.295844,0.131589,-0.0155,-0.126568,-0.443002,0.122957,0.024678,0.459828,0.057537,-0.057638,0.099856,-0.069999,0.005448,0.310707,0.013152,0.063178,0.192701,-0.27385,-0.308047,0.300997,0.191445,0.008997,-0.167951,-0.24824,0.303848,0.20746,0.132503,-0.16463,0.092812,0.164901,-0.231059,-0.105706,0.157328,-0.180236,-0.176405,0.34113,0.106506,-0.113816,-0.079597,-0.25027,0.296381,0.197482,0.229803,0.120879,-0.302498,-0.050748,-0.137749,-0.061335,0.139211,0.039263,0.138945,0.22043,0.253803,0.237822,-0.117108,0.311953,0.374196,0.077598,0.022178,0.269151,0.312041,-0.228813,-0.329564,-0.086798,0.084494,-0.19319,0.04388,0.131412,-0.00533,0.063792,0.16562,-0.018899,-0.049236,0.30283,-0.633653,-0.315585,0.031749,-0.539279,-0.003541,-0.249524,-0.322043,0.044789,-0.1293,-0.124578,-0.081163,-0.279232,-0.243177,-0.012065,-0.123569,0.156603,-0.059653,-0.149164,0.214783,-0.380788,0.247163,-0.09593,0.058688,-0.016006,0.04984,-0.14724,-0.069368,-0.161321,0.19086,-0.134293,-0.034577,-0.120709,-0.221777,-0.07112,-0.007466,0.09102,0.375097,-0.248337,-0.275257,0.137667,0.352526,-0.238325,-0.043732,0.194424,0.25083,-0.252339,-0.333807,-0.205508,0.04717,0.025817,-0.114892,0.171044,0.254743,0.190154,0.037184,0.229375,-0.021088,-0.377488,0.039978,-0.309397,-0.16463,0.091948,-0.134385,-0.134293,0.362983,-0.143939,-0.297706,-0.155339,0.222088,0.270686,0.235456,0.273207,-0.061717,-0.324735,0.149874,-0.089476,-0.049231,-0.066119,-0.310363,-0.143468,0.130713,-0.20408,-0.119477,-0.00081,-0.132464,-0.121001,-0.009406,-0.042861,0.109189,0.140076,0.363016,0.048796,0.282377,-0.148501,0.189381,0.185128,-0.443054,0.119977,-0.216139,-0.016494,0.158909,-0.06744,-0.365002,-0.050859,0.054563,0.12214,0.02673,0.107037,0.070977,-0.128549,-0.271915,-0.245926,0.160832,-0.122292,#
9,-0.277056,0.011823,0.316261,-0.166498,-0.11534,0.081279,0.138938,0.083783,0.266261,1.0,-0.101582,-0.094602,0.205088,0.368391,-0.233624,-0.073223,-0.482558,0.577985,-0.022253,0.156618,-0.228298,-0.053579,0.349151,-0.061952,-0.112589,0.146588,-0.263037,-0.36249,0.304182,0.342999,-0.151008,0.046621,0.085836,0.011592,-0.112915,0.213568,0.244084,0.025859,-0.180114,-0.293502,0.278786,-0.164733,0.059281,-0.378516,0.050237,-0.284256,-0.119209,0.31458,0.432702,-0.169884,-0.150894,-0.420146,0.511736,-0.170089,0.10146,-0.058175,-0.164224,-0.444913,-0.011634,0.356922,0.324434,-0.281498,-0.450348,0.07799,0.117826,0.332572,0.037426,0.277459,0.11846,0.012043,-0.072367,0.237111,-0.399052,-0.180875,0.045278,-0.232715,0.081899,-0.267985,-0.013821,0.252482,-0.055382,-0.224402,-0.223434,0.43649,-0.325472,0.024347,-0.237317,-0.329217,-0.285516,-0.138323,0.075917,-0.074926,-0.560017,-0.043504,-0.298209,0.069373,-0.57716,0.068437,0.202278,-0.288097,-0.458032,-0.279817,-0.219596,0.033206,0.04489,-0.304838,0.116724,-0.546391,0.372539,-0.088643,0.540577,0.208017,-0.288288,-0.24436,-0.034126,-0.392328,-0.192736,0.039827,0.219265,-0.178497,-0.246277,-0.145845,-0.035085,-0.352613,-0.466276,0.457828,0.546766,-0.210943,-0.242876,-0.285362,0.222461,0.001444,-0.579365,-0.128994,-0.379627,-0.290647,0.263616,0.305769,-0.049378,-0.239006,-0.031736,-0.376002,-0.242782,-0.401784,-0.159071,-0.386707,-0.293502,0.395541,-0.254778,-0.23254,-0.2435,-0.16088,-0.012879,-0.590383,0.159664,-0.302963,0.651363,0.450487,-0.209412,-0.573311,-0.092452,-0.005721,-0.009286,0.106707,0.115842,0.180953,-0.194766,-0.535223,0.308945,-0.121168,-0.241039,0.043166,-0.184939,-0.344122,0.334478,-0.356397,0.075386,-0.195089,0.379423,-0.168857,0.662348,0.372648,-0.487893,-0.28532,0.208633,-0.172795,0.130588,0.003435,-0.625443,0.164634,-0.165098,-0.273343,-0.082331,0.218182,-0.334469,-0.041568,0.229719,0.127809,0.058279,0.366267,#
10,0.641247,0.080609,-0.231954,0.055907,0.363119,-0.01147,0.215833,-0.337909,0.103135,-0.101582,1.0,0.337981,-0.072645,0.10427,-0.000755,-0.100979,0.155479,-0.271178,0.117098,0.232766,0.044728,-0.27218,-0.049925,-0.223161,-0.012071,0.29632,-0.042467,0.232905,0.209235,-0.220661,0.015622,0.065808,0.23559,-0.150238,0.070738,-0.063224,-0.389668,0.048853,0.007808,0.2528,-0.256115,-0.120119,-0.022391,0.087141,0.012658,0.231043,-0.105253,0.246539,-0.106812,0.073947,0.096469,0.115747,0.183637,0.006512,0.010459,0.104803,-0.307386,0.473704,0.067299,-0.031537,-0.021173,0.082839,-0.008392,-0.277336,-0.43982,-0.080654,0.096892,0.36322,-0.219229,-0.216122,0.25838,-0.039858,0.301281,-0.024824,-0.163311,-0.006317,-0.278331,-0.210837,-0.152914,-0.058066,-0.218357,0.04664,-0.042677,-0.00722,-0.058066,0.099554,-0.07731,0.021788,0.019208,-0.209202,-0.376519,0.161253,0.028377,0.049138,-0.149015,-0.144393,0.330084,-0.473611,-0.053285,0.203571,0.281821,-0.216005,0.078203,-0.306086,-0.086299,-0.199372,0.043297,0.074728,-0.091887,0.193779,-0.309175,0.121386,-0.416002,0.056004,0.011118,0.09866,-0.247995,0.021788,0.083915,-0.214975,-0.189834,0.314816,-0.171531,0.31975,-0.052508,0.102947,-0.364057,0.272777,-0.445886,-0.33397,-0.149015,-0.434476,0.001658,-0.147048,0.009901,-0.147348,0.101147,-0.222963,0.118253,-0.029979,0.01885,0.24337,0.496031,0.085117,-0.156119,-0.212485,-0.166384,0.031662,-0.162709,-0.128479,0.368519,-0.178552,-0.033533,0.031381,-0.055842,0.126226,-0.206948,0.040799,-0.286055,0.056506,-0.161242,-0.081501,0.132719,-0.345219,-0.028984,-0.023883,0.112199,-0.233779,-0.13168,0.007772,0.245297,-0.133773,0.27592,0.209247,-0.031344,0.168925,0.000387,0.057555,-0.043361,-0.225402,0.005023,0.041948,-0.047279,-0.102117,0.138771,-0.103814,0.05479,0.300597,0.353495,0.413557,-0.204789,0.190317,0.198087,-0.084367,0.021071,-0.262906,-0.197425,-0.217552,-0.128315,-0.508069,#
11,0.143149,0.315812,-0.4128,0.231737,0.029257,-0.165445,0.061455,-0.281928,0.277926,-0.094602,0.337981,1.0,-0.087261,-0.037086,-0.000755,-0.100979,-0.022911,-0.276539,-0.04987,0.07095,0.21625,0.031789,0.122125,0.125528,-0.024382,-0.22892,-0.042739,0.197652,0.045328,-0.018902,0.024936,0.017907,0.41297,0.042122,0.235876,-0.260508,0.049417,-0.427267,0.283606,0.2528,-0.116403,0.162472,-0.222163,-0.083032,-0.170454,0.556544,-0.113356,0.413177,0.149121,0.059204,-0.426015,0.286312,-0.046586,0.298781,0.291375,-0.162878,-0.307667,0.141021,-0.306402,-0.1019,-0.384346,-0.118745,0.100167,0.318679,0.043569,0.001868,-0.355678,0.48523,0.209786,-8.6e-05,0.013218,0.027862,0.308575,0.137921,-0.001894,-0.028942,0.079751,-0.003648,0.012434,-0.210295,-0.198231,-0.104103,0.137063,-0.16182,-0.033301,-0.225208,-0.234732,-0.156119,0.351662,-0.215694,-0.194197,-0.04305,0.028377,-0.127806,0.050092,0.020389,0.406937,-0.119375,-0.060825,0.203571,0.294922,0.172093,0.071715,0.230215,-0.05327,-0.026546,0.043297,0.074728,-0.073591,-0.194539,0.02698,-0.060827,0.140112,0.056004,-0.136338,-0.128479,0.154326,0.021788,0.025228,0.106207,-0.008819,0.084463,-0.146366,0.184131,0.091087,0.124063,-0.17672,-0.334422,-0.228381,0.186053,0.050092,-0.088325,-0.319555,0.208428,-0.17822,0.357358,-0.355662,-0.196678,0.371982,-0.190986,0.204909,0.092058,0.317537,0.025175,0.351247,-0.411145,-0.166384,-0.108999,0.002021,-0.128479,0.387855,0.023004,-0.033533,0.031381,0.287207,0.309776,0.020612,0.052091,0.09962,-0.129307,-0.134624,0.086059,-0.047459,-0.048163,-0.465131,-0.184144,0.308071,0.107182,0.083765,-0.199827,0.407379,0.069993,0.032681,0.231861,0.32053,0.168925,0.370561,0.239387,0.119555,0.36129,-0.152475,0.195216,-0.067552,-0.259318,0.142948,0.11315,-0.085042,-0.073587,0.194417,0.418755,-0.18235,0.406563,0.02332,0.084853,0.005454,0.074586,-0.204078,-0.224797,0.08224,-0.324977,#
12,0.21977,0.378441,0.247545,-0.212309,-0.075201,0.030422,0.29259,0.239089,-0.295844,0.205088,-0.072645,-0.087261,1.0,0.440052,0.105034,0.225744,-0.02343,0.43762,0.272907,0.05124,-0.015343,0.050231,0.378747,0.155102,-0.11632,-0.193728,0.095736,-0.039678,0.461948,0.246507,-0.015132,0.158607,-0.164929,0.127066,0.008335,0.068671,0.0338,-0.102463,-0.122868,0.119246,0.012276,0.288589,0.195872,-0.21049,-0.28105,-0.358942,0.410256,0.212131,0.063798,0.117996,0.165853,-0.281582,0.180921,-0.248303,-0.149105,-0.170964,0.316517,-0.387711,0.122168,0.175424,0.47034,-0.378332,-0.353443,0.353028,0.366069,0.080174,-0.254465,-0.012472,0.190369,0.027877,-0.114217,-0.130107,-0.543756,-0.208145,-0.173538,0.172817,-0.48433,-0.123094,-0.27231,-0.044972,-0.122894,-0.537524,-0.394756,-0.083749,-0.232772,-0.000584,0.15258,-0.071825,-0.103433,-0.081862,-0.440644,0.050723,-0.260595,-0.319102,-0.366601,-0.13145,-0.32468,-0.193616,0.14212,-0.408666,-0.207999,-0.403286,-0.10197,-0.014808,-0.151068,-0.024242,-0.189925,-0.15082,-0.076047,-0.204652,0.280277,-0.121585,-0.166079,-0.173901,0.153806,-0.513239,-0.129674,-0.071405,0.27987,-0.360526,-0.003287,-0.239799,-0.243175,-0.293446,-0.367066,-0.055256,0.218014,0.28008,-0.107728,-0.318801,-0.171478,-0.196143,-0.249975,0.234515,-0.017057,-0.106696,-0.017121,-0.015272,0.162269,-0.346642,-0.562335,-0.020037,0.002401,-0.316433,-0.27615,-0.023904,-0.362183,0.556912,-0.290445,-0.025507,-0.380764,-0.063849,0.204897,-0.06891,-0.154827,-0.214986,0.292589,0.169415,-0.099416,-0.07772,0.133809,0.029918,0.13043,0.157179,0.246476,0.23316,0.116151,0.184197,-0.279505,-0.184851,-0.103956,-0.090792,-0.570033,-0.030585,-0.024786,-0.285676,-0.285429,0.243494,0.032432,-0.301059,0.319651,-0.027355,0.321767,0.086757,0.389376,-0.209123,0.259779,0.163983,-0.10441,0.299395,-0.272949,-0.15385,0.013546,0.387439,-0.018247,0.086806,0.128434,0.055086,0.204173,0.347776,#
13,0.119924,0.059272,0.078925,-0.298582,-0.19587,-0.194154,0.195485,-0.168295,0.131589,0.368391,0.10427,-0.037086,0.440052,1.0,0.066922,0.094508,-0.527256,0.231088,0.485587,0.535295,0.024602,0.243738,0.492407,-0.184516,-0.202004,-0.014204,0.286556,0.188102,0.397914,-0.031725,0.27715,0.329037,-0.150034,0.101338,-0.288687,-0.151111,-0.055982,0.210033,-0.221509,-0.270509,-0.011362,0.224393,0.250926,-0.20845,-0.305084,-0.373568,0.014556,0.50934,-0.14812,-0.186108,0.166986,-0.221058,0.137038,-0.260094,-0.19941,0.031912,-0.196106,-0.22097,-0.032543,0.077942,0.479318,-0.223048,-0.205822,0.3017,0.255329,-0.040966,-0.112985,0.079457,-0.003644,0.248313,-0.065861,0.327024,-0.001475,-0.53937,-0.188919,0.116517,-0.024045,0.075203,-0.082413,0.312471,0.242716,-0.183353,-0.381469,0.060642,-0.189993,0.286217,-0.223128,-0.254592,-0.210347,0.008498,-0.384292,0.123071,-0.263624,-0.261522,-0.195485,-0.21659,-0.219805,0.041116,0.210083,-0.046189,-0.378408,-0.215715,-0.147874,-0.300761,0.058651,-0.026107,0.076288,-0.304919,0.140649,-0.052039,0.305572,0.015994,-0.447488,-0.089788,0.396868,-0.34465,-0.148904,-0.254216,0.337268,-0.218272,0.00843,0.106571,0.219325,-0.444895,-0.298235,0.345948,0.255571,0.218204,0.036182,-0.232541,0.164124,-0.301307,-0.298095,-0.162017,0.224406,-0.056021,0.099472,-0.061122,0.212029,-0.320084,0.017903,0.119534,-0.007623,-0.222961,-0.261366,0.088221,-0.270509,0.477482,-0.274162,0.091951,-0.169779,0.056806,0.280532,-0.288773,-0.224221,-0.002484,0.401065,0.182658,-0.007291,-0.263152,0.387175,-0.117862,0.25639,-0.157424,0.118487,0.593942,0.225935,0.157848,-0.135379,-0.033966,-0.296978,-0.041939,-0.357538,-0.165705,-0.208466,-0.419841,-0.081686,0.078542,0.264638,-0.160594,0.250854,-0.242528,0.032161,0.16696,-0.023105,-0.225441,-0.156419,0.365052,-0.298308,-0.001304,0.016001,-0.227013,-0.170904,0.171547,0.23734,-0.304989,-0.14269,-0.058134,0.039559,0.297529,#
14,0.18451,-0.304389,-0.323877,0.127682,-0.171073,0.173625,-0.087464,0.317291,-0.0155,-0.233624,-0.000755,-0.000755,0.105034,0.066922,1.0,-0.091182,0.022207,-0.099835,0.054554,0.114304,0.330801,0.15976,0.229196,0.370012,-0.015347,0.20979,0.261961,-0.02205,-0.200522,0.000966,-0.257171,-0.006558,0.316274,-0.050583,-0.243596,-0.327525,-0.097145,-0.012492,-0.016562,-0.249333,-0.282232,0.195826,-0.013002,0.06758,0.332576,-0.076712,0.362134,-0.004009,-0.072473,-0.073387,0.076693,0.118449,0.020524,-0.331628,-0.218279,0.330457,0.140607,0.074719,-0.290154,0.013508,0.042492,0.254552,0.029211,0.073019,-0.201412,-0.334876,-0.087908,-0.335631,-0.144252,-0.318832,-0.084877,0.006974,0.082218,0.030244,-0.310932,0.065275,-0.207048,0.409956,-0.477884,0.413826,0.083295,-0.236222,-0.302834,-0.173381,-0.086061,-0.050025,0.236328,0.003489,0.20063,0.065925,-0.312271,-0.133618,0.166361,-0.454064,0.00162,0.016435,-0.177333,-0.216192,-0.251594,-0.172761,-0.10748,0.212789,-0.184941,-0.386525,-0.186644,0.217654,-0.337549,-0.028344,0.208116,0.213198,-0.170085,0.229239,0.045635,0.113063,0.36859,0.142709,0.100958,-0.340226,-0.214221,-0.395085,0.07841,-0.288168,0.20957,0.145926,-0.271492,-0.26343,0.051328,0.189917,-0.312383,0.025049,-0.172151,-0.059718,-0.31163,-0.17792,0.038667,0.197684,-0.29936,0.054245,0.123132,-0.126672,-0.18785,0.4317,-0.282839,0.198414,-0.313268,-0.170594,0.162924,0.136208,-0.15414,0.366094,-0.025963,-0.166867,0.075754,0.176299,0.050721,0.040693,0.220933,0.072592,-0.240673,0.344419,-0.078361,-0.041163,0.032361,-0.252088,0.357442,-0.136565,-0.077362,0.083278,-0.092375,0.014664,-0.40336,-0.060542,-0.125947,0.197182,0.169948,-0.327527,0.144503,-0.236729,0.194918,0.075141,-0.347373,0.092952,0.468395,-0.030271,-0.006751,-0.289262,0.109795,-0.079413,-0.08918,0.169588,0.03529,0.183787,0.120838,0.190815,0.002038,0.232693,-0.096618,-0.177723,-0.24779,-0.213288,#
15,0.04039,0.025213,0.107155,-0.225569,-0.107971,0.043524,0.151994,-0.082721,-0.126568,-0.073223,-0.100979,-0.100979,0.225744,0.094508,-0.091182,1.0,0.35947,0.174433,-0.221112,-0.011902,-0.3778,0.167221,0.055458,-0.022487,0.057565,0.195298,-0.236059,0.148594,0.008758,0.026372,0.207425,0.064184,-0.215991,0.305938,0.095809,0.159309,-0.012166,0.362848,0.062695,-0.152886,-0.049817,0.10451,0.190157,0.39408,-0.299781,-0.127051,0.353861,-0.210683,-0.064814,0.223476,0.387284,-0.360527,-0.135764,-0.210794,0.178185,-0.205383,0.041195,-0.309751,0.038975,-0.015435,0.060133,0.323451,0.066008,0.1379,-0.049166,-0.357434,0.121716,-0.269474,-0.378499,-0.201011,-0.086247,0.363215,0.173804,0.014762,0.038526,0.185127,-0.155721,-0.286612,0.2789,0.010736,-0.076256,-0.032396,-0.163571,0.272119,0.186413,-0.271574,0.182912,-0.428933,-0.271226,0.323107,0.012127,-0.128869,-0.258386,0.011257,-0.543495,-0.113307,0.151042,-0.045581,0.039292,0.054741,0.025206,0.198818,-0.335267,0.491604,-0.096278,-0.002058,0.292557,-0.209554,0.155689,-0.373383,0.065976,-0.059319,0.06493,0.109073,-0.395321,-0.114158,0.337332,-0.258764,0.04186,-0.030788,0.032691,0.152708,-0.062632,0.047528,0.025727,-0.152097,-0.109744,0.212016,0.01479,-0.107583,-0.176226,-0.065839,0.109396,0.458458,0.167462,-0.269268,-0.100438,-0.513182,-0.071359,-0.090363,0.128765,-0.159238,-0.138536,-0.489634,-0.068973,0.193798,0.262564,0.269155,-0.265178,-0.114158,-0.040816,-0.053738,-0.000907,0.053072,-0.131198,0.556822,0.050648,0.069001,0.22007,0.072927,0.001533,-0.198732,0.39344,-0.155543,0.243651,0.051589,-0.009146,0.388102,-0.326883,-0.160393,0.137516,0.258559,0.082393,-0.068343,-0.198456,0.087272,-0.13026,0.471758,-0.310443,-0.106225,0.085109,-0.080426,0.138547,0.147773,-0.144242,0.30436,0.113163,0.036827,0.10023,-0.189891,-0.041725,-0.195286,-0.057552,0.050358,0.129739,0.124403,0.301493,0.244867,0.466821,0.285513,#
16,0.141826,-0.009888,-0.131979,0.20822,0.310388,0.117624,0.066105,0.203078,-0.443002,-0.482558,0.155479,-0.022911,-0.02343,-0.527256,0.022207,0.35947,1.0,-0.128253,-0.226407,-0.135405,-0.119903,-0.107478,-0.197178,0.240447,0.083795,0.24194,-0.142536,0.040491,-0.065634,-0.136561,-0.119344,-0.303334,0.108019,0.161826,0.283121,0.002068,-0.254986,-0.061655,0.330562,0.319831,-0.11802,-0.235831,-0.085247,0.320763,0.138638,0.31348,0.013116,-0.614394,-0.249253,0.177753,0.139536,-0.037188,-0.28561,0.04391,0.215743,0.03093,0.391122,0.158922,-0.024129,-0.0515,-0.376577,0.207707,0.140646,-0.288012,-0.404669,-0.41219,0.400795,-0.172832,-0.423889,-0.314807,0.108711,-0.089357,0.016119,0.310459,-0.040942,-0.125268,-0.06265,-0.149618,0.038257,-0.075598,-0.317793,0.208912,0.273261,0.041537,0.111321,-0.171504,0.519258,0.028227,-0.024547,0.253457,-0.101674,0.085173,0.216111,-0.007811,0.134074,0.133306,0.34239,-0.275058,-0.184375,0.109739,0.143696,0.261462,0.109959,0.288662,-0.08008,-0.099858,0.044019,0.218195,0.075524,-0.117639,-0.377948,-0.006247,0.427889,0.366998,-0.473104,0.159682,0.215989,0.028227,-0.04013,0.141369,-0.097211,0.19729,-0.481516,0.537518,0.235853,-0.38391,-0.539937,0.179025,-0.102597,-0.042049,-0.236222,0.005898,0.411255,0.309218,0.152618,-0.021523,0.174779,-0.285317,-0.263673,0.063011,0.043996,-0.030063,0.110368,0.175853,0.041648,0.090956,0.286995,-0.14687,0.034937,-0.298981,0.097098,-0.06935,0.029376,0.158411,-0.115676,0.074385,-0.297787,-0.217803,0.000565,0.334185,-0.288255,0.052829,0.23167,-0.138859,-0.010367,-0.380943,0.029358,0.15354,-0.062134,0.096544,0.431067,-0.023813,0.386208,0.128984,-0.13014,0.208507,-0.074507,0.367645,-0.378523,-0.087483,-0.333798,0.011669,0.237905,0.079147,-0.217296,-0.008386,0.196697,0.007896,0.356413,0.085843,-0.082045,0.079405,-0.09837,-0.070627,-0.003387,0.20132,0.221749,0.019561,0.128737,-0.225784,#
17,-0.370959,0.110864,0.543033,-0.170789,-0.253049,-0.071921,0.068977,0.011086,0.122957,0.577985,-0.271178,-0.276539,0.43762,0.231088,-0.099835,0.174433,-0.128253,1.0,-0.294778,0.20673,-0.270309,-0.156336,0.191507,0.203258,0.173043,0.12618,0.049143,-0.166861,0.145289,0.19366,-0.103273,-0.141715,-0.09217,0.211565,-0.145078,0.232669,0.111883,0.316332,0.055527,-0.227585,0.011967,-0.247006,0.142108,-0.004439,-0.018126,-0.325059,-0.096845,0.048503,0.505559,0.011828,0.15907,-0.402192,0.285607,-0.043168,0.038461,0.092864,0.232238,-0.554214,0.063107,0.061456,0.375753,-0.089824,-0.265709,-0.04543,0.236484,0.216967,0.172283,-0.043157,0.162219,-0.030011,-0.297388,0.104648,-0.424305,0.058228,-0.082997,-0.262495,0.018574,-0.211443,0.087048,0.290718,-0.007905,-0.151342,-0.251741,0.430992,-0.305694,0.218226,-0.053239,-0.134127,-0.259459,-0.101522,0.097553,0.028398,-0.450911,-0.088679,-0.273338,0.18249,-0.485133,0.039708,0.075845,-0.383762,-0.680067,-0.252268,-0.137748,0.239224,0.081356,-0.293776,0.257028,-0.3175,0.45708,-0.025277,0.267517,-0.096205,0.116151,-0.011142,-0.02172,-0.298766,-0.269696,-0.097057,0.025694,-0.017771,-0.047873,-0.064949,-0.183893,-0.613955,-0.404403,0.086573,0.306827,0.093514,-0.062574,-0.094793,0.268463,0.108538,-0.39928,-0.065046,-0.019335,-0.259101,0.393793,0.105178,-0.347356,-0.023551,-0.302675,-0.134501,-0.079431,-0.365151,0.041115,-0.104247,-0.227585,0.411307,0.075189,-0.079333,-0.11772,0.133508,0.049854,-0.347992,-0.007994,-0.05432,0.324933,0.224005,0.038162,-0.223859,-0.021542,0.114189,-0.058701,0.301564,0.199804,-0.04279,-0.036304,-0.179081,0.068758,0.043015,-0.316755,0.055043,-0.097185,-0.058478,0.046053,-0.080931,0.012539,-0.000269,-0.02692,-0.118218,0.330115,0.337199,-0.156677,-0.102912,0.249116,0.016981,0.342044,0.28011,-0.577199,0.017228,0.140106,-0.365856,-0.266045,0.133772,-0.289802,0.096826,0.405203,0.122203,0.25423,0.414609,#
18,0.348528,-0.100257,-0.07093,-0.043025,-0.206976,0.057621,0.283123,0.090459,0.024678,-0.022253,0.117098,-0.04987,0.272907,0.485587,0.054554,-0.221112,-0.226407,-0.294778,1.0,0.187596,0.123029,0.210324,0.338282,-0.025167,-0.123829,0.029696,0.083309,0.254437,0.532669,-0.125885,0.174443,0.410677,-0.117005,0.056689,-0.148773,-0.217878,-0.14461,-0.034437,-0.369311,0.13787,0.083159,0.184543,0.152217,-0.367376,0.051749,-0.187073,0.035417,0.180301,-0.426944,-0.17673,0.135462,0.030777,0.159842,-0.139504,-0.2444,0.102572,0.02764,0.062427,0.19873,0.036587,0.329166,-0.236554,0.005407,0.1853,0.008113,0.026974,-0.449173,0.100535,0.054027,0.365624,-0.02865,0.125485,-0.047258,-0.597855,-0.39955,0.022592,-0.063307,-0.088339,-0.45389,0.067167,0.298073,-0.166851,0.092812,-0.448756,-0.097906,0.268006,-0.061051,-0.013741,-0.176822,-0.260927,-0.344966,-0.025078,0.155571,-0.379431,0.153161,-0.328074,-0.202171,-0.124394,-0.130804,0.053553,0.109272,-0.181648,0.099673,-0.448199,-0.011787,-0.041006,-0.354034,-0.005946,-0.269609,-0.111251,-0.15532,0.171593,-0.282163,-0.051343,0.525845,-0.20666,0.000866,-0.026909,0.408775,-0.20432,0.210619,0.182832,0.217761,0.091122,-0.206689,0.198044,0.039268,0.179926,0.232017,-0.018014,-0.18818,-0.247558,0.177063,-0.137512,0.122119,0.164173,-0.223423,0.115537,0.347053,-0.123088,-0.245681,0.259192,0.126007,-0.15445,-0.162735,0.195007,-0.21012,0.144115,-0.46411,-0.018098,-0.136316,-0.285591,0.338083,-0.121986,-0.02769,-0.201895,0.030747,-0.045183,-0.161982,-0.105416,0.442128,0.041287,0.204339,-0.291778,-0.1053,0.367925,0.315712,0.090484,-0.263247,-0.083672,-0.075681,-0.21529,-0.265433,0.138234,-0.16299,-0.112388,-0.306268,0.234464,0.22876,-0.241962,0.079446,-0.471063,0.022547,0.301431,-0.28303,-0.262852,0.086073,0.053062,0.05004,-0.123187,-0.299678,0.041646,-0.15017,0.183489,0.439951,-0.297591,-0.415545,-0.243893,-0.216922,-0.072882,#
19,0.24339,-0.243176,0.106409,-0.227049,-0.083607,-0.136997,0.352076,-0.412768,0.459828,0.156618,0.232766,0.07095,0.05124,0.535295,0.114304,-0.011902,-0.135405,0.20673,0.187596,1.0,-0.044478,-0.071353,0.215069,0.022736,-0.251208,0.215046,0.491851,0.105374,0.506767,-0.190987,-0.049567,0.317919,0.009648,0.046205,0.003885,-0.05609,0.059845,0.407463,0.129616,-0.152558,0.158887,0.18858,-0.05789,-0.112621,0.074711,-0.379278,-0.088408,0.332078,-0.310275,-0.178522,0.035563,-0.178788,0.017765,-0.068267,-0.010224,0.120512,-0.157434,0.007609,-0.164993,-0.09253,0.30252,-0.027804,0.009325,0.199798,0.110162,-0.245139,0.152471,0.211805,0.059957,0.126149,0.099148,0.3747,0.360588,-0.432361,-0.422223,-0.057025,0.140397,0.080128,-0.038719,0.329478,0.076978,0.135742,-0.15657,0.103488,-0.156826,0.558724,-0.141638,-0.431722,-0.089187,-0.170359,-0.512403,0.090125,-0.264226,-0.338943,0.135244,-0.083251,-0.005076,-0.384656,-0.150471,0.033713,-0.307584,0.211442,-0.165166,-0.335886,0.230126,-0.361787,0.313461,-0.038083,0.348166,-0.011946,-0.069573,-0.07146,-0.086091,-0.007346,0.251887,-0.326066,-0.009526,-0.07622,0.180918,-0.170313,-0.143989,0.120829,0.25636,-0.283351,-0.140802,0.213905,0.214169,0.186244,0.039649,0.082669,0.325476,-0.377082,-0.237791,-0.101293,0.201722,-0.089634,0.147503,0.175346,0.068658,0.076978,0.254417,0.388464,0.204175,-0.044454,-0.083057,-0.003625,-0.152558,0.236531,-0.212952,-0.13572,-0.011892,0.182059,0.196702,-0.300614,-0.096967,0.034361,0.171291,0.03755,0.038324,-0.280485,0.418841,-0.063004,0.206685,-0.358455,-0.180845,0.048213,0.366624,0.03361,-0.138413,0.06136,-0.158432,-0.014204,-0.095405,-0.2364,-0.140268,-0.222049,0.103909,0.140817,0.088504,-0.253341,0.120864,-0.015409,-0.207974,0.187199,-0.277734,-0.405982,0.20211,0.26123,-0.218273,-0.146185,0.159191,-0.159575,-0.160109,0.04275,0.267464,-0.012406,-0.195086,-0.270491,0.320924,-0.066919,#
20,-0.00877,0.130997,-0.320241,0.190411,0.034771,-0.02952,-0.274897,0.26111,0.057537,-0.228298,0.044728,0.21625,-0.015343,0.024602,0.330801,-0.3778,-0.119903,-0.270309,0.123029,-0.044478,1.0,0.044867,0.208834,-0.132138,-0.282953,-0.143446,0.412574,0.165399,-0.1924,-0.273978,-0.086942,0.039382,0.483402,-0.051749,-0.409904,-0.539361,-0.253465,-0.420429,0.008181,0.215,0.051958,0.019861,-0.321347,-0.09735,-0.067573,0.063885,0.053527,0.219079,-0.068379,0.013039,-0.265811,0.398258,-0.025634,0.266417,0.051277,0.358693,-0.020834,0.235344,-0.434027,0.276687,-0.279456,-0.188484,-0.055578,0.139251,0.301445,0.063756,-0.197169,0.142104,0.174652,0.311374,-0.361374,-0.442526,0.018358,0.3054,-0.190848,0.050598,0.051635,0.42891,-0.172293,0.119343,0.071991,-0.068658,0.046546,-0.034961,0.286466,0.061121,0.070681,-0.014573,0.552119,-0.032039,0.023837,0.209148,0.144439,0.174997,0.331446,0.215652,-0.053185,-0.191154,-0.004107,-0.060344,0.07239,0.209985,0.397335,-0.00258,0.32076,0.206596,-0.106208,0.302664,-0.217929,0.109703,0.041148,-0.181471,-0.073572,0.141144,0.299007,0.02646,0.061029,-0.182559,-0.254121,0.066574,0.219592,-0.184366,0.150443,0.073709,0.278281,-0.016896,0.124189,-0.369468,0.128113,0.057165,0.315239,-0.043555,-0.019377,-0.430182,0.296552,0.544235,0.011993,0.364251,0.338726,0.071991,-0.114958,0.411427,0.048318,0.398841,-0.008112,-0.093236,-0.19603,-0.226273,0.305965,0.228717,0.342862,0.108568,0.136898,0.31718,0.025715,-0.127755,0.013918,-0.122956,-0.174091,0.302654,0.089662,-0.029793,-0.145402,-0.260986,-0.181298,-0.039246,0.218573,0.073684,0.02028,-0.072899,-0.097482,-0.054121,-0.417083,0.101471,0.036007,-0.164522,0.142026,-0.19969,0.284677,0.173234,-0.209125,-0.285224,0.407232,0.215389,0.110185,-0.142957,-0.0551,-0.016896,-0.120467,0.134668,0.290261,-0.057327,-0.031286,0.02774,0.026655,-0.193908,-0.398456,-0.630158,-0.389035,-0.242327,#
