0,1.0,0.009833,-0.1139,-0.216205,0.116474,0.223205,0.189987,-0.081602,-0.090939,0.113026,0.1438,0.201485,0.085813,0.341296,-0.034462,0.176708,-0.132261,-0.400069,0.209317,-0.362598,0.363225,-0.08602,0.215911,-0.362045,-0.112091,-0.402466,-0.008472,-0.191929,0.358999,0.325501,0.034606,0.000189,0.101435,-0.342121,0.0897,0.257986,0.276447,-0.23147,-0.088499,-0.035499,0.162788,0.230368,-0.163165,-0.038825,-0.075708,-0.093609,-0.248828,-0.102379,-0.155416,0.230672,0.104949,-0.385529,0.29949,0.265292,0.389535,-0.063604,-0.318381,-0.077895,-0.400223,0.136648,0.295519,0.265041,0.051527,0.246339,-0.081047,0.138232,-0.124291,0.468211,-0.275835,-0.423505,-0.07484,-0.085827,-0.301466,-0.164394,-0.282329,0.379596,-0.48538,-0.351367,-0.536416,-0.125771,-0.292156,-0.683046,-0.190117,0.027001,-0.196806,-0.382107,-0.349684,-0.010622,-0.245851,-0.292471,-0.353199,-0.365027,-0.268025,-0.322582,-0.086297,-0.597846,-0.498986,-0.164207,-0.201236,0.061222,0.319322,-0.090802,-0.479625,-0.295646,-0.121973,-0.375877,0.038651,0.317507,-0.305608,0.187993,-0.005505,0.402828,-0.554492,-0.453307,0.092813,0.137325,-0.419885,-0.236899,-0.251566,-0.159041,-0.518218,0.215479,0.05241,-0.388558,-0.110784,-0.264241,-0.480337,0.123845,-0.310488,-0.236748,-0.108852,-0.618898,-0.138187,-0.115906,-0.473746,-0.218821,-0.145508,0.00365,0.143278,-0.471191,-0.214902,0.234463,-0.183984,-0.017586,-0.203006,-0.285888,-0.120901,0.273595,-0.376077,-0.41879,-0.122538,-0.302253,-0.369407,-0.455375,0.220296,-0.185178,0.214399,0.202609,-0.300806,-0.118377,0.02605,-0.434241,0.012176,-0.391456,-0.175868,-0.299949,-0.518218,-0.074557,-0.220306,-0.384767,0.14338,0.179809,-0.310806,-0.087722,-0.169185,-0.074157,-0.305448,0.257853,0.075045,-0.111134,0.157219,-0.162557,-0.024097,0.451549,0.452902,0.167157,0.204616,-0.24156,0.152891,0.277443,-0.234071,0.158928,0.365084,0.082608,-0.3544,0.136702,0.112966,-0.4492,-0.172693,0.08563,#
1,0.009833,1.0,-0.020878,-0.224837,0.094638,0.046192,0.320616,0.208907,-0.151665,0.428738,-0.017789,-0.042007,0.196663,0.263878,0.546688,0.191212,-0.171378,0.20048,0.622125,0.179432,0.144146,0.021543,0.248428,0.12264,-0.067348,-0.178657,-0.078072,0.059495,0.021134,0.314345,-0.069007,0.287695,-0.018925,-0.064484,-0.213637,-0.117481,0.03031,-0.065025,0.025284,0.122649,0.317404,0.284061,-0.13849,0.040343,0.49226,-0.290376,0.232334,-0.077928,0.159583,0.284305,-0.023326,0.080802,0.28323,-0.179149,0.059716,-0.184445,0.00519,-0.423412,-0.239365,-0.205796,0.141315,0.027681,-0.426508,-0.078324,0.496708,0.152054,-0.049145,-0.282361,0.042555,-0.196188,0.230051,0.092623,0.16719,-0.141125,0.028237,0.04954,-0.246564,-0.196507,-0.022552,0.107861,0.109802,-0.314081,-0.184578,0.195193,-0.20049,-0.102831,-0.004634,-0.308974,0.14694,-0.086412,-0.10534,-0.210912,-0.071525,-0.196627,-0.033443,-0.00177,0.035315,0.185628,0.542159,0.032654,-0.26009,0.060429,-0.075343,-0.266572,-0.306534,0.06133,-0.434341,-0.185276,-0.408702,-0.066873,0.156295,0.35079,-0.228617,0.189048,-0.151933,-0.0574,-0.099359,0.180679,0.304587,-0.468903,-0.210702,-0.068182,-0.349601,-0.138378,-0.324904,-0.072014,0.094353,0.415354,-0.251322,-0.129719,0.094519,0.102473,-0.184717,-0.519535,-0.141807,-0.317347,0.05447,0.231252,-0.136741,-0.16233,-0.095779,-0.093026,-0.337392,-0.107042,-0.069268,0.026566,-0.366401,0.101923,-0.224717,-0.232568,-0.285329,-0.162103,0.177644,-0.063137,-0.243309,-0.238706,0.271403,-0.014589,-0.302305,-0.154591,-0.182728,0.007995,-0.203866,0.117139,0.190333,0.402622,0.069672,0.017743,-0.252168,-0.351721,-0.033998,0.109482,0.06299,-0.046275,0.121609,-0.137401,0.01039,0.17409,0.364336,-0.274623,0.270738,0.033178,-0.414413,0.155733,0.266988,-0.260892,0.531731,-0.372949,0.042574,0.113645,-0.000338,-0.116704,0.130413,0.368122,-0.183149,-0.182949,0.067377,0.037755,0.379141,0.032027,#
2,-0.1139,-0.020878,1.0,0.132372,-0.117531,-0.299312,-0.020623,0.042586,0.031603,0.079715,-0.033813,-0.233806,-0.13131,-0.093073,-0.08242,-0.065205,-0.577142,0.340389,-0.239854,0.057237,-0.133028,0.399281,-0.093473,-0.059187,0.479123,-0.038611,0.18954,0.04898,0.040569,-0.207894,0.233045,-0.087425,-0.381439,-0.16032,0.003038,-0.113079,-0.07712,0.175369,0.354471,-0.412282,0.18176,0.067932,0.1673,-0.083988,-0.105489,-0.038126,-0.057343,0.581207,-0.066406,-0.297472,-0.065966,0.016103,0.288795,0.055823,-0.26081,-0.076594,-0.128032,-0.145981,0.004304,0.29024,0.055573,-0.113254,0.010647,-0.365594,0.023803,-0.192888,0.276326,-0.006159,0.056255,0.522989,0.28565,0.299544,0.2125,0.227314,0.157912,-0.169936,0.083813,-0.073606,0.082711,0.054356,0.267499,0.082333,-0.092524,0.393913,-0.281283,0.191781,0.111609,-0.000302,0.119677,0.252419,0.202246,-0.049183,0.406289,0.423655,0.010615,0.17545,0.384608,0.182701,0.161183,0.146279,0.050689,0.0889,0.132392,0.231714,0.08065,0.373987,0.156681,0.200401,-0.295388,-0.03597,0.480002,-0.142223,0.207909,0.126141,0.376142,0.118148,-0.025002,-0.030698,0.230456,0.163113,0.355992,0.076697,0.040338,0.369997,0.18632,0.266611,0.296897,0.105723,-0.103242,0.338606,0.578427,0.233443,0.337555,0.177946,0.047574,-0.041166,-0.303619,0.321934,0.469243,0.371275,-0.029009,-0.042127,0.198141,-0.117582,-0.021631,0.232197,-0.281127,0.057876,0.383092,0.282042,0.041178,0.043385,0.245837,-0.136626,0.166419,0.276285,-0.042134,0.072579,0.304529,0.12606,0.420093,0.277343,-0.057264,0.360084,0.332721,-0.240979,-0.130397,-0.07002,-0.173211,0.154562,-0.180319,-0.175556,-0.077313,0.174085,-0.195001,0.154519,0.167791,0.001154,-0.005962,0.060039,0.213998,-7.1e-05,-0.306172,-0.205093,-0.243055,0.236142,0.108235,0.161054,-0.108593,0.062909,-0.029028,-0.266495,-0.177515,0.392723,-0.054438,-0.04134,-0.230375,0.296969,0.236779,0.163652,#
3,-0.216205,-0.224837,0.132372,1.0,0.173092,-0.568898,-0.522564,-0.530124,-0.036174,-0.422656,0.013216,-0.37627,-0.510681,-0.528761,-0.127841,-0.314118,-0.029542,0.130949,-0.079585,0.010077,-0.224106,-0.040482,-0.227266,0.030207,0.105864,0.439426,0.178476,0.312161,-0.204175,-0.371951,-0.067686,0.054282,-0.116335,-0.047756,0.275954,-0.133746,-0.276793,-0.01139,-0.052717,0.004021,-0.005682,-0.347685,0.153497,0.524939,-0.059902,0.64701,-0.112641,0.069404,-0.076489,-0.243364,0.069992,0.278196,0.043019,0.054958,-0.128597,-0.10893,0.323124,0.192634,0.355568,0.11328,-0.341504,-0.106587,0.151753,-0.154401,-0.183212,-0.468882,0.169058,-0.153084,-0.116049,0.054687,-0.156897,-0.062162,0.298414,0.060616,-0.057262,-0.125852,0.285491,0.138182,0.042066,-0.185972,-0.023526,0.545021,0.184647,-0.011977,0.372803,0.190538,0.334542,0.145454,0.059944,-0.040562,0.044487,0.376809,0.293907,-0.028157,0.236956,0.315406,0.495369,0.126958,-0.201621,0.43628,0.046918,0.114382,0.607224,0.111211,0.482018,0.204341,0.291612,0.17955,0.13136,0.144807,-0.145585,-0.262928,0.387155,-0.02422,0.154287,0.078591,0.211683,0.039607,-0.211878,0.340298,0.133465,0.49753,0.436275,0.410238,0.230594,0.286314,-0.003631,-0.235013,0.447786,0.378779,0.126964,0.15101,0.44613,-0.013438,0.302608,0.193396,-0.075055,0.239654,-0.08948,0.586857,0.204451,-0.22873,0.212013,0.127664,0.295389,0.174948,0.14402,-0.134673,0.380877,0.076075,0.089227,0.191923,0.050822,0.296729,0.212612,0.39491,-0.266192,-0.391485,0.475868,0.309808,-0.165689,0.277129,-0.069597,0.049095,-0.166527,-0.2075,0.325171,0.229257,0.014666,0.215371,0.060452,-0.219295,0.320045,0.389009,-0.341475,0.603254,0.135766,-0.112525,-0.435602,0.429401,-0.325832,-0.015323,0.361609,-0.130595,-0.283121,0.043076,-0.013587,0.08808,0.427814,-0.285113,0.191321,-0.09247,-0.205425,-0.163784,-0.024998,-0.121899,-0.100952,0.071584,0.112101,-0.391538,#
4,0.116474,0.094638,-0.117531,0.173092,1.0,-0.058741,-0.037097,-0.001691,-0.039555,-0.129611,0.19379,-0.156891,-0.022537,-0.193987,-0.090531,-0.422442,0.171986,-0.204339,0.11188,-0.257348,-0.315459,-0.264205,0.115269,-0.075632,-0.036663,-0.212167,-0.176154,0.216172,-0.196424,0.136415,-0.316515,-0.326646,-0.110349,-0.142181,0.088461,0.071994,-0.051816,-0.265813,0.158117,0.505639,0.063917,-0.370869,-0.344303,-0.012435,-0.028589,0.20348,-0.120401,0.124489,0.198336,0.288521,-0.034114,-0.044839,-0.010587,0.311481,0.166703,-0.065712,0.066419,0.170405,-0.098595,-0.330739,-0.271652,-0.163974,-0.118589,0.046445,-0.163066,0.135178,0.585901,-0.089519,0.252546,-0.238226,0.034357,-0.241152,-0.081343,0.190968,0.153563,0.162338,-0.212791,-0.563098,-0.268488,-0.321131,-0.213284,-0.172274,0.080549,-0.031221,-0.111126,-0.124772,0.179686,0.263183,-0.113294,-0.340019,0.067072,-0.139343,0.171877,-0.271739,-0.171281,-0.056568,0.136445,-0.046689,-0.093395,-0.032078,0.169604,0.233624,0.221282,-0.186824,-0.069274,0.048334,-0.059008,-0.05922,-0.353214,-0.009183,0.038158,0.203457,0.144995,-0.162887,-0.068252,0.022194,-0.079784,0.3735,-0.164496,0.085405,-0.375223,0.003417,0.40072,-0.084703,0.405882,0.161989,-0.211291,-0.048636,0.134163,-0.080901,-0.185045,-0.34679,-0.054861,-0.383,-0.065314,0.092537,-0.1415,0.153476,-0.131142,0.2438,0.103592,-0.210846,-0.25416,0.063098,-0.072732,-0.362714,-0.416007,0.26999,0.150824,-0.069506,0.025191,-0.014604,-0.243126,-0.167242,0.045838,-0.264537,-0.172351,0.080247,-0.067611,0.432365,-0.275906,-0.197731,-0.378353,0.102953,0.134381,-0.17574,0.034799,-0.084163,-0.262472,0.099712,-0.162621,-0.218006,0.031582,-0.023664,0.106611,0.132472,-0.012921,0.524765,0.00985,-0.046935,-0.307005,0.120859,0.257458,0.199412,0.158388,-0.035409,-0.255912,-0.397001,0.272401,-0.266721,-0.187425,0.083761,0.251574,-0.02827,-0.219608,0.288057,-0.19183,-0.002265,-0.312822,-0.146102,#
5,0.223205,0.046192,-0.299312,-0.568898,-0.058741,1.0,0.499706,0.527967,0.036713,0.245385,0.158348,0.444206,0.314347,0.589132,0.315796,0.290647,-0.024018,0.001657,0.455004,-0.071319,0.268141,0.097683,0.287904,0.214321,-0.089867,-0.000675,0.121497,-0.093765,0.207376,0.203393,-0.15996,-0.051568,-0.029611,-0.139892,-0.228434,-0.121044,0.22203,0.145048,-0.039358,-0.165577,-0.177293,0.330883,0.03315,-0.11273,0.136316,-0.454299,0.09561,-0.130024,0.082416,0.189618,-0.102206,-0.1922,-0.001056,0.129739,0.308228,0.375682,-0.281857,-0.163112,-0.270081,-0.247668,0.312687,-0.27067,-0.22393,0.575121,-0.056323,0.719436,-0.024538,0.270469,-0.103313,-0.191445,0.053818,0.246186,-0.423236,0.061168,-0.022773,0.287961,-0.418403,-0.095418,-0.027369,-0.092743,-0.046998,-0.437711,-0.239364,0.003815,-0.239364,-0.302953,-0.027369,0.011682,-0.044118,-0.332915,-0.129127,-0.372582,-0.341535,0.07562,-0.16803,-0.334156,-0.388682,-0.495168,0.000267,-0.556698,0.098041,-0.088218,-0.553428,-0.507579,-0.356475,-0.31667,-0.25794,0.041883,0.132344,-0.106682,-0.028855,0.233486,-0.510617,-0.405434,0.057485,0.108936,-0.597243,-0.024835,0.344084,-0.25582,-0.308059,-0.548795,-0.134389,-0.614602,-0.203848,-0.137401,-0.21431,-0.065487,-0.295943,-0.415016,-0.441052,-0.105552,-0.339213,0.015698,-0.46662,-0.203372,0.348926,-0.400709,-0.169375,-0.654303,-0.190068,0.111371,-0.221564,-0.257695,-0.216064,-0.29448,0.246393,0.18497,-0.326902,-0.138697,-0.130677,-0.044295,-0.265685,0.040017,-0.046591,-0.461297,0.33455,0.430935,-0.351536,-0.292638,0.024331,-0.211343,-0.102694,-0.244892,0.11179,0.162606,-0.079763,-0.003693,0.06859,0.179634,0.216765,-0.026443,-0.095418,-0.174118,0.331265,-0.422709,-0.026357,-0.001813,0.395864,-0.278126,0.415957,0.21633,-0.225229,0.154749,0.727648,0.201399,0.048131,-0.053016,-0.134201,0.29651,-0.076363,-0.003028,0.443866,-0.176631,-0.42416,-0.088526,0.525283,-0.249814,-0.247844,0.145411,#
6,0.189987,0.320616,-0.020623,-0.522564,-0.037097,0.499706,1.0,0.609546,0.35835,0.573032,0.142201,0.250951,0.402752,0.449933,0.128324,0.212001,-0.085601,-0.001757,0.32076,-0.316936,-0.085205,0.369131,0.336719,0.139813,0.222956,-0.052758,0.150521,0.16714,0.534326,0.255967,-0.428912,-0.183194,-0.036907,-0.413969,0.014391,0.018347,-0.084041,0.06425,0.252352,-0.25742,0.072947,0.169247,0.095651,-0.236385,0.103066,-0.350997,-0.027972,-0.259262,-0.070937,0.555122,0.229647,-0.239348,0.01432,0.011092,0.413236,0.243994,-0.206387,-0.443288,-0.30795,0.206339,0.180808,0.209358,-0.233859,0.359852,-0.014862,0.467052,0.087698,0.223106,0.026977,-0.13407,0.27383,0.175333,-0.355635,-0.089565,-0.082372,0.392276,-0.279195,-0.216142,-0.21509,-0.124237,-0.197347,-0.411812,-0.469583,0.16433,-0.469583,-0.006138,-0.199472,-0.28787,0.261513,-0.23228,-0.005142,-0.548339,-0.408681,-0.064561,0.037994,-0.332416,-0.204079,-0.31702,0.073819,-0.585498,0.023264,-0.002131,-0.515595,-0.399106,-0.44889,-0.020506,-0.43729,-0.18535,-0.193893,-0.126113,-0.375829,0.141159,-0.463529,-0.457978,-0.059265,-0.253832,-0.294916,0.124233,0.106251,-0.228445,-0.230862,-0.424614,-0.129442,-0.687217,-0.34865,-0.235401,0.14323,0.084506,-0.34409,-0.500697,-0.452287,-0.297184,-0.65491,-0.155437,-0.290123,-0.302637,0.209667,-0.310281,-0.214835,-0.468882,-0.288015,-0.195193,-0.495482,-0.194545,-0.354623,-0.339974,-0.199471,0.348366,-0.276373,-0.212264,-0.102912,-0.041458,-0.15766,-0.220535,0.083381,-0.678851,-0.004037,0.314928,-0.23159,-0.197092,-0.425782,-0.261005,-0.245424,-0.039838,0.218451,0.241804,0.005926,-0.007501,-0.301681,0.065939,0.237386,0.004759,-0.008977,-0.126339,0.644269,-0.340539,0.249405,0.124455,0.732725,-0.609251,0.50116,0.526105,-0.127147,-0.215787,0.54775,-0.12726,-0.03491,0.012412,-0.117502,0.292199,-0.171981,0.106533,0.477209,0.13362,-0.313081,0.02762,0.184459,-0.181033,-0.206136,0.280805,#
7,-0.081602,0.208907,0.042586,-0.530124,-0.001691,0.527967,0.609546,1.0,0.119263,0.543535,-0.104134,0.064762,0.760233,0.569121,0.280973,0.132381,-0.057553,0.294324,0.282182,0.12801,0.061446,0.468433,0.113231,0.08298,0.028332,-0.233126,-0.016827,-0.198802,0.1324,0.276717,-0.18477,-0.110556,0.082997,0.100436,-0.49437,0.027197,-0.110347,0.010301,-0.067072,-0.361524,0.008609,0.282903,0.140067,-0.126481,-0.105511,-0.642818,0.178122,-0.228766,0.081962,0.085252,-0.214146,0.007488,0.250551,-0.000166,0.408318,0.328205,-0.376244,-0.362842,-0.157889,-0.166469,0.47712,0.006062,-0.216241,0.259617,-0.008074,0.521712,-0.067117,0.324263,0.067552,0.007607,0.275059,0.384287,-0.580394,-0.270573,-0.051091,0.076267,0.047736,-0.00816,0.272735,-0.186834,0.182242,-0.454882,-0.48831,-0.111107,-0.48831,-0.000383,-0.123775,-0.049422,0.247391,-0.139327,-0.006286,-0.535941,-0.371134,0.293204,-0.193804,-0.113016,0.012429,-0.101797,0.146896,-0.67944,0.038142,-0.01114,-0.210548,-0.116961,-0.278327,-0.022718,-0.557836,-0.197983,0.013489,-0.595285,-0.134972,0.308907,-0.385171,-0.294223,0.006196,-0.163712,-0.164201,0.073659,0.273528,-0.445504,-0.020442,-0.829672,-0.2774,-0.424445,-0.292138,-0.031242,0.184467,0.144559,-0.215974,0.044529,-0.184033,0.017167,-0.307973,-0.082277,-0.262211,-0.173639,0.256301,-0.597955,-0.011761,-0.284139,-0.160378,-0.132067,-0.417989,-0.321274,-0.203855,-0.121102,-0.120495,0.211983,-0.165412,-0.144892,-0.123354,-0.197918,-0.103925,-0.357046,0.067281,-0.527931,0.102943,0.280446,-0.274482,-0.240929,-0.003381,-0.072695,-0.268909,0.156182,0.527471,0.342461,-0.001291,0.11029,-0.314116,0.268202,-0.193924,-0.177707,-0.261403,0.02698,0.593598,-0.315985,0.147648,-0.114564,0.65194,-0.387884,0.398687,0.518688,-0.094523,-0.322977,0.337624,0.011945,0.043546,-0.105378,-0.473983,0.362566,-0.241486,-0.295982,0.419036,-0.144441,-0.110953,-0.09633,0.108428,0.099998,-0.181244,0.182482,#
8,-0.090939,-0.151665,0.031603,-0.036174,-0.039555,0.036713,0.35835,0.119263,1.0,0.104769,0.109271,-0.095001,0.097175,-0.012003,0.140318,-0.027747,-0.112006,0.162434,-0.179696,-0.205784,-0.240416,0.424357,0.02362,0.228852,0.198251,0.406643,0.253353,0.333813,0.218182,0.01541,0.001494,-0.415847,-0.205484,-0.096614,0.217185,-0.014231,-0.232461,-0.094854,0.542701,-0.190158,0.232755,-0.125182,-0.145514,0.050143,0.2461,0.064287,-0.098089,0.071609,0.005166,0.017394,0.131949,-0.134058,-0.291298,0.159182,0.178248,0.496188,0.042234,-0.23066,-0.184875,0.396498,-0.059119,0.071145,0.032978,0.346333,-0.012819,-0.053431,0.005968,0.178402,0.292364,0.223394,0.242966,0.139471,0.038718,0.090529,-0.126061,0.15413,0.03499,0.092128,-0.051208,-0.287004,0.03498,0.074938,-0.21431,0.034719,-0.21431,0.275383,0.262763,-0.184124,-0.057568,-0.112854,0.298319,-0.079936,-0.117253,0.35029,0.090354,0.175762,-0.015283,-0.116488,-0.364208,-0.303083,0.131949,0.286351,0.008934,0.232418,-0.114234,-0.214181,0.028128,0.08309,-0.116394,-0.130362,-0.290203,-0.286934,-0.095996,-0.311904,0.172871,-0.083214,0.150248,-0.035126,0.02791,0.119199,0.267402,-0.152558,0.019592,-0.202809,0.049473,-0.09579,0.184342,0.033136,-0.250118,-0.195496,-0.122302,0.030396,-0.455405,-0.034314,0.022191,0.150248,0.102254,-0.013546,-0.243028,-0.153632,-0.03454,-0.090795,-0.017442,-0.059525,-0.316506,-0.445511,-0.135631,0.12886,0.098218,-0.049367,0.28445,-0.015275,0.136159,-0.121523,0.223708,-0.359518,0.100336,0.067917,-0.104469,0.05873,-0.205025,0.039712,0.077553,0.029827,-0.259489,0.038349,0.080115,0.00622,-0.233674,0.15731,0.119098,-0.187082,0.277341,0.260374,0.3489,0.107781,-0.125129,-0.047299,0.275639,-0.273031,0.253545,0.367257,-0.023177,-0.21732,-0.076037,0.078737,-0.323912,0.093035,-0.267476,-0.197818,-0.2304,-0.085312,0.19629,-0.060408,-0.110792,0.463681,0.109044,-0.080014,-0.314129,0.069801,#
9,0.113026,0.428738,0.079715,-0.422656,-0.129611,0.245385,0.573032,0.543535,0.104769,1.0,-0.105012,-0.039866,0.525344,0.661778,0.349442,0.447073,-0.190202,0.267417,0.299153,0.091058,-0.033359,0.428564,0.245385,0.187554,0.149192,-0.14687,-0.035128,-0.120425,0.277655,0.501942,0.11926,0.374997,0.377759,-0.173081,-0.233934,0.06292,0.1459,-0.031467,0.15697,-0.442317,0.280183,0.312098,0.033447,0.151573,0.152387,-0.677051,0.115311,-0.015312,-0.030633,0.491565,-0.040346,-0.011364,0.224572,-0.192718,0.391446,-0.057412,-0.118579,-0.496133,-0.239654,0.167551,0.567396,0.234944,-0.483736,0.075104,-0.131583,0.2883,-0.084902,0.306643,-0.33615,0.211779,0.16418,0.394497,-0.327869,-0.158996,-0.179658,0.145417,-0.0222,-0.170922,-0.130002,-0.061941,0.089366,-0.479881,-0.423409,0.269851,-0.423409,0.071674,-0.107986,-0.131375,0.350142,-0.368909,-0.090874,-0.285271,-0.34471,0.252428,0.160612,-0.065484,-0.276776,-0.225988,0.22833,-0.349,-0.245415,0.04928,-0.227397,-0.164034,-0.05369,-0.121048,-0.664604,-0.109539,-0.360256,-0.387633,0.051753,0.377334,-0.344328,-0.04605,-0.089188,-0.31987,-0.262624,-0.122104,0.438463,-0.6402,-0.185556,-0.367529,-0.031452,-0.451816,-0.443244,-0.059701,0.233335,0.259624,-0.219828,-0.263081,-0.211554,0.112268,-0.385149,-0.236349,-0.528504,-0.244298,0.016248,-0.270023,0.14955,-0.544327,-0.050477,0.098055,-0.443034,-0.291557,-0.409369,0.066463,-0.16581,0.241132,-0.333626,-0.144266,-0.257325,-0.115151,0.073801,-0.35428,-0.169559,-0.446203,0.281879,0.261119,-0.266201,-0.144281,0.053348,-0.187242,-0.2003,0.239554,0.409809,0.64902,-0.15887,0.084944,-0.492193,0.121905,-0.050391,0.141526,-0.152009,-0.002647,0.411937,-0.371607,-0.031005,0.034823,0.846239,-0.521593,0.569039,0.267914,-0.462226,-0.138474,0.321535,-0.171986,0.395402,-0.035603,-0.52307,0.036469,-0.187593,0.004554,0.244635,0.396722,-0.253422,-0.098318,-0.034097,-0.040099,0.197146,0.359079,#
10,0.1438,-0.017789,-0.033813,0.013216,0.19379,0.158348,0.142201,-0.104134,0.109271,-0.105012,1.0,-0.184939,-0.129478,-0.246544,-0.124547,-0.132288,-0.21993,-0.225648,0.014278,-0.314346,-0.199456,-0.143061,0.158348,0.227672,0.12458,0.091906,-0.131729,0.191987,0.103964,-0.142254,0.106469,-0.072573,-0.441644,-0.597636,0.30857,0.002908,0.471878,0.150545,0.112601,0.191705,-0.160055,-0.271668,-0.004718,-0.120822,0.24186,-0.090026,-0.341278,0.19525,-0.023498,0.192206,-0.123688,0.067446,-0.029337,0.262662,0.131148,0.275676,-0.377796,0.210818,-0.157198,-0.168864,-0.322579,-0.080889,0.065309,0.132799,0.157982,0.043549,0.210558,-0.055065,0.267026,-0.024663,0.329417,-0.258704,-0.032537,0.194557,-0.07012,0.398192,-0.234903,-0.275037,-0.126244,-0.210553,-0.046177,0.026205,-0.150759,0.258786,0.013789,-0.157255,0.182579,-0.043246,-0.115661,-0.071563,-0.118738,0.002796,-0.079389,-0.068409,-0.138016,-0.051909,-0.152441,-0.196866,0.15388,-0.072458,0.064953,-0.084592,-0.050151,-0.446962,-0.146173,-0.292573,-0.232054,0.26823,-0.067012,0.264338,0.038615,-0.054202,-0.306824,-0.247714,0.009397,-0.154225,-0.172995,-0.260391,0.05183,0.089218,-0.479763,0.075837,0.109549,-0.171109,-0.159766,-0.117469,-0.015506,0.085928,-0.099947,-0.354951,-0.224096,-0.217241,-0.224582,0.096132,-0.042412,-0.000407,-0.277093,0.006121,-0.100457,-0.051785,0.01248,0.278585,-0.34972,-0.253303,0.266371,-0.048395,-0.105122,0.345688,0.206734,0.007728,0.051967,0.178412,-0.148269,-0.045859,-0.037973,-0.159465,-0.197203,0.110222,0.058065,0.100944,-0.189718,0.095887,-0.106707,0.292006,0.145661,-0.057018,0.130473,-0.247521,-0.189423,0.028093,0.362463,0.06231,0.320567,0.01392,-0.024905,-0.134998,0.109627,0.19518,-0.112966,-0.055177,0.077333,-0.028407,-0.142028,0.185584,0.238902,0.078637,-0.06611,-0.139156,0.10257,0.240633,-0.04462,0.224722,0.352006,-0.241695,-0.118909,0.201133,0.223299,0.053746,-0.022884,-0.0577,#
11,0.201485,-0.042007,-0.233806,-0.37627,-0.156891,0.444206,0.250951,0.064762,-0.095001,-0.039866,-0.184939,1.0,0.038908,0.226924,-0.044678,-0.097842,0.001846,-0.268447,0.136886,-0.081508,0.510044,-0.093436,-0.062134,0.063247,0.190282,0.02517,-0.052938,-0.179651,-0.102332,-0.138691,-0.219782,-0.064908,-0.059266,0.158974,-0.217362,-0.043985,-0.129964,0.252456,0.0055,-0.075623,-0.112658,0.382938,-0.263392,-0.423899,0.062206,0.050447,0.118357,-0.238642,-0.026131,-0.028026,0.060088,-0.417288,-0.206691,0.198458,-0.175281,0.122436,-0.249117,-0.001861,-0.23107,0.092933,0.039706,-0.23228,-0.043679,0.287283,-0.123383,0.23089,-0.054263,-0.157633,0.055127,-0.282905,-0.114124,0.06567,0.082734,0.152958,-0.144863,-0.19399,-0.293348,0.149047,-0.183903,0.194258,-0.258955,-0.17649,0.102317,-0.278506,0.102317,-0.378297,-0.196389,0.134225,-0.046346,0.168902,-0.054109,-0.351499,-0.187774,-0.247743,-0.005459,-0.271886,-0.316388,-0.109812,-0.246259,-0.154426,0.26278,-0.031089,-0.419105,-0.178385,-0.152998,0.108334,0.026765,0.21519,0.16101,0.019747,-0.121011,-0.024971,-0.330067,-0.153784,0.072383,0.134187,-0.094497,0.283256,-0.00113,0.084189,0.155745,-0.175664,-0.112553,-0.117083,-0.000528,-0.144879,0.086644,0.066093,0.046514,-0.109809,-0.289259,-0.136931,-0.269381,0.260039,-0.09355,0.09507,0.363656,-0.166893,-0.192308,-0.25972,-0.301085,0.084087,0.06061,0.086506,-0.251846,-0.038166,0.158933,-0.135839,-0.166256,0.071361,-0.071152,0.334473,-0.24931,0.334731,0.199108,0.071083,0.121112,0.105329,-0.16142,-0.441633,-0.158829,-0.317845,0.178181,-0.365676,-0.227362,0.01733,-0.023176,0.124596,0.491894,0.066167,0.050706,0.387246,-0.035718,-0.333369,0.098864,-0.164832,-0.00157,-0.005122,0.022043,0.02108,-0.020039,-0.078506,-0.032244,-0.015556,0.220378,0.223775,-0.233925,0.18971,0.233661,0.163154,-0.061613,0.419646,-0.033683,-0.017893,-0.06812,-0.080504,0.389491,-0.503175,-0.227212,-0.005651,#
12,0.085813,0.196663,-0.13131,-0.510681,-0.022537,0.314347,0.402752,0.760233,0.097175,0.525344,-0.129478,0.038908,1.0,0.556385,0.304804,0.149039,-0.040459,0.13045,0.083604,0.144645,0.035245,0.244358,0.348,0.036042,-0.184629,-0.466051,-0.238581,-0.181168,-0.0317,0.234557,-0.021725,0.047649,0.247445,0.11545,-0.473279,0.238403,0.106231,-0.159445,-0.296568,-0.132691,-0.023979,0.289718,0.181875,-0.129118,-0.134129,-0.564376,0.174994,-0.197272,0.121627,0.074895,-0.168923,-0.06479,0.263352,0.024656,0.40057,0.320711,-0.344528,-0.382924,-0.097136,-0.176803,0.467374,0.268526,-0.184501,0.245741,-0.01608,0.249824,-0.264595,0.326466,0.04706,4.2e-05,0.292291,0.07454,-0.576763,-0.483019,-0.228026,0.066354,0.045891,0.003417,0.106764,-0.16729,-0.030841,-0.45351,-0.297463,-0.277476,-0.297463,-0.004387,-0.172691,-0.091085,0.030712,-0.125598,-0.179209,-0.538973,-0.565594,0.304364,-0.238127,-0.32565,-0.153828,-0.126297,-0.089159,-0.490322,0.02619,-0.292798,-0.254916,0.083627,-0.321519,-0.196929,-0.562824,-0.233546,0.025186,-0.601075,-0.112292,0.273011,-0.379419,-0.278442,-0.232837,-0.381669,0.045631,-0.140676,0.041609,-0.443405,-0.008934,-0.628876,-0.324764,-0.413672,-0.29189,-0.27884,0.164897,0.495546,-0.279724,0.057826,-0.164465,0.03782,-0.474642,-0.081561,-0.261838,-0.244835,0.269294,-0.591032,-0.293319,-0.283883,0.047546,0.028377,-0.407178,-0.323602,-0.199498,0.137715,-0.11256,0.209444,-0.158562,-0.343831,-0.346259,-0.41402,-0.088575,-0.344477,0.024188,-0.514846,0.090588,0.311638,-0.257477,-0.259051,0.025395,-0.252205,-0.033314,0.106003,0.262028,0.312704,-0.223482,0.079984,-0.305662,0.06249,-0.212758,-0.203698,-0.541162,-0.015901,0.381718,-0.359137,-0.032925,0.095264,0.433719,-0.605132,0.419788,0.348702,-0.080364,-0.16224,0.113321,-0.226586,0.067911,-0.093607,-0.452414,0.389215,-0.285327,-0.130409,0.407341,-0.122091,0.11754,0.061198,-0.112434,-0.071843,0.034018,0.200834,#
13,0.341296,0.263878,-0.093073,-0.528761,-0.193987,0.589132,0.449933,0.569121,-0.012003,0.661778,-0.246544,0.226924,0.556385,1.0,0.389132,0.451793,-0.141611,0.064078,0.313791,0.186447,0.343524,0.301414,0.395202,0.197742,-0.123666,-0.213732,0.096464,-0.395638,0.349869,0.373252,0.081392,0.3997,0.379541,-0.059916,-0.401436,0.0195,0.172123,-0.283074,-0.070588,-0.428134,0.055649,0.438843,0.02695,-0.039797,0.100203,-0.666467,0.252216,-0.163964,-0.002742,0.211456,-0.221798,-0.174419,0.256507,-0.219987,0.313956,0.163396,-0.082487,-0.426637,-0.221854,0.050764,0.774054,0.127462,-0.339296,0.175619,0.025363,0.601082,-0.37777,0.482594,-0.456047,-0.145858,-0.212079,0.49526,-0.457774,-0.251777,-0.251979,0.130898,-0.19883,-0.124292,-0.167536,-0.061881,-0.004723,-0.605844,-0.38205,-0.039595,-0.38205,-0.070858,-0.143162,-0.173623,0.188475,-0.406006,-0.071921,-0.334802,-0.462376,0.119049,0.052144,-0.299561,-0.375984,-0.122092,0.012775,-0.335232,-0.090815,-0.200451,-0.3566,-0.259152,-0.123145,-0.285776,-0.484517,0.002591,-0.119655,-0.530507,0.025378,0.416394,-0.512628,-0.177103,0.09557,-0.002844,-0.561737,-0.157811,0.310877,-0.525359,-0.137914,-0.404022,-0.083413,-0.555448,-0.363493,-0.136631,-0.025874,0.033783,-0.311433,-0.139046,-0.232274,-0.051212,-0.297642,-0.299136,-0.631915,-0.320618,0.341511,-0.441235,0.046842,-0.651859,-0.107301,0.251459,-0.25954,-0.40406,-0.47784,-0.049432,0.240352,0.177108,-0.502938,-0.255066,-0.205956,-0.193771,-0.021447,-0.198495,-0.04402,-0.409378,0.549611,0.305752,-0.360205,-0.417454,0.180144,-0.15238,-0.131763,-0.261955,0.123429,0.402994,-0.430899,0.222098,-0.204724,0.082185,-0.234914,-0.0072,-0.33125,-0.133122,0.264483,-0.210408,-0.082385,-0.070826,0.630292,-0.401861,0.557046,0.081569,-0.385182,0.100804,0.47106,0.058936,0.267711,-0.235667,-0.374286,0.233192,-0.214396,-0.075012,0.150508,0.107812,-0.402712,-0.125961,0.071368,-0.246352,0.109255,0.23571,#
14,-0.034462,0.546688,-0.08242,-0.127841,-0.090531,0.315796,0.128324,0.280973,0.140318,0.349442,-0.124547,-0.044678,0.304804,0.389132,1.0,0.206079,-0.059556,0.418466,0.563623,0.196189,0.293619,0.11188,0.155721,0.062495,-0.215384,-0.03674,-0.144733,0.063115,0.140821,0.219417,-0.006536,0.140374,-0.118331,0.293698,-0.306661,0.042542,-0.091338,-0.021877,-0.063323,-0.132073,0.274922,0.340979,-0.043676,0.380096,0.468812,-0.334439,0.054301,0.108366,0.452884,-0.002292,-0.09655,0.086016,0.133015,-0.098092,0.144693,0.235316,0.14121,-0.454178,-0.194131,-0.117185,0.274899,-0.083744,-0.192184,0.241355,0.291621,0.129553,-0.163304,0.023659,-0.121793,0.02723,0.263128,0.289461,0.06113,-0.149334,-0.05204,-0.131989,-0.03534,0.111905,0.035246,0.085354,0.117048,-0.284754,-0.135467,0.106049,-0.135467,0.050676,0.199346,-0.058084,-0.145699,-0.257623,0.044731,-0.1184,-0.062105,0.303916,0.033145,-0.054458,-0.086061,-0.054259,0.131894,-0.213032,0.090853,0.126082,-0.189623,-0.048712,-0.338857,-0.29861,-0.359756,-0.076947,-0.278676,-0.080314,0.203372,0.282299,-0.281689,0.086183,-0.099468,0.016484,-0.154689,0.029995,0.469303,-0.413702,-0.087132,-0.256717,-0.358259,-0.169401,-0.419544,-0.338645,-0.224041,0.308982,-0.537776,0.020704,-0.056775,0.257207,-0.210689,-0.195981,-0.344212,-0.154689,0.326547,0.020271,-0.230082,-0.361901,0.036877,-0.171678,-0.162403,-0.070955,-0.050552,-0.047892,-0.10672,-0.061184,-0.123662,-0.005794,-0.301617,-0.270175,0.195287,-0.07297,-0.255678,-0.16492,0.426873,0.194265,-0.150824,-0.065401,0.067512,0.110203,0.103797,-0.009497,-0.125218,0.428923,0.126082,-0.083333,-0.199329,0.013664,-0.116391,-0.017357,-0.072864,0.202941,0.123708,-0.117376,-0.244426,0.031996,0.385799,-0.222185,0.380006,0.280278,-0.334547,0.026961,0.234132,0.147154,0.57733,-0.137831,-0.023763,0.065947,-0.259302,-0.34935,0.166121,0.079453,-0.2234,-0.148742,0.241562,0.040344,0.253027,-0.047587,#
15,0.176708,0.191212,-0.065205,-0.314118,-0.422442,0.290647,0.212001,0.132381,-0.027747,0.447073,-0.132288,-0.097842,0.149039,0.451793,0.206079,1.0,0.03306,0.346222,0.245925,0.264666,0.0677,-0.040747,0.462766,-0.155827,-0.256024,-0.135424,0.070245,-0.025598,0.314389,0.256903,0.40556,0.253954,0.367552,-0.224886,0.150819,-0.202218,0.466021,0.04784,0.014865,-0.182434,0.082301,0.256434,0.210478,0.035338,0.098349,-0.39544,0.041036,-0.048951,0.022027,0.301491,0.342524,0.04836,0.145786,-0.221979,0.293893,0.032167,-0.067433,-0.561738,-0.221345,-0.010175,0.379207,0.105946,-0.445946,0.137804,0.097724,0.244214,-0.266557,0.292322,-0.47087,0.279016,-0.163485,0.25238,-0.199395,-0.271745,-0.146819,0.294943,0.085514,-0.124046,0.183766,0.225917,0.365292,-0.256259,-0.095858,0.306378,-0.095858,-0.02219,-0.298395,-0.229142,0.010677,-0.072716,-0.031418,0.190624,-0.231697,0.281789,0.144831,-0.045489,-0.233134,-0.550201,0.164068,0.015994,-0.512819,-0.121539,-0.307604,-0.044521,-0.099423,-0.221218,-0.079531,-0.041178,0.08157,0.079068,0.045985,0.153851,-0.19355,-0.154125,0.186495,-0.142817,-0.19193,-0.479253,0.193601,-0.499384,-0.141865,-0.069235,-0.184452,-0.385305,-0.356373,0.107485,-0.165808,-0.008147,-0.231084,-0.385209,0.058256,0.074828,-0.042922,-0.011112,-0.199261,-0.384439,-0.126376,-0.063208,0.066551,-0.548931,0.035453,0.403744,0.012161,-0.040728,-0.150998,0.093091,0.26925,0.273076,-0.204391,-0.467002,0.010425,-0.078477,0.24819,-0.046495,0.044141,-0.119664,0.246437,0.359431,-0.30176,-0.113492,0.311584,-0.159216,-0.139094,-0.216884,0.073944,0.225045,-0.121539,0.020218,-0.07229,-0.176843,0.157076,0.1139,-0.124046,-0.377748,0.054567,-0.1434,0.002331,0.039842,0.362284,-0.436515,0.370526,-0.185889,-0.26459,0.206721,0.261055,-0.374972,0.380339,0.04181,-0.367558,-0.043099,0.067185,-0.047288,0.012505,0.228999,-0.199274,-0.285211,0.075493,-0.156048,0.119756,0.364032,#
16,-0.132261,-0.171378,-0.577142,-0.029542,0.171986,-0.024018,-0.085601,-0.057553,-0.112006,-0.190202,-0.21993,0.001846,-0.040459,-0.141611,-0.059556,0.03306,1.0,-0.096504,0.011977,0.02318,0.006781,-0.436569,-0.003914,-0.415059,-0.50181,-0.184983,-0.441573,-0.059683,0.050093,-0.05886,-0.367632,-0.065392,0.273133,0.243448,0.076353,0.058181,-0.106541,-0.251928,-0.211025,0.367011,-0.248403,-0.293697,0.033311,-0.028857,-0.300465,0.148935,-0.186511,-0.197183,0.243639,0.329791,0.162374,0.002099,-0.19579,-0.017274,0.248417,0.021304,0.323757,0.036218,0.28611,-0.239727,-0.23062,0.240816,0.299026,0.003587,-0.261345,0.119702,0.002255,0.006762,-0.18886,-0.231432,-0.375061,-0.366943,-0.217644,-0.158455,-0.041694,-0.031091,0.165855,-0.196278,0.120256,0.178442,-0.231468,0.155233,0.195011,-0.436873,0.195011,0.048633,-0.241916,0.024579,-0.070303,-0.100321,0.041153,0.290442,-0.106608,-0.203889,0.031096,-0.112467,-0.16,-0.153986,-0.176682,0.135265,-0.041613,0.032613,-0.086317,0.064962,-0.05491,0.06392,-0.016793,-0.425101,0.055093,0.153696,-0.405228,-0.117626,0.216229,0.121362,-0.322773,-0.029438,0.340506,0.072101,-0.316251,-0.041718,-0.170758,-0.083569,-0.118396,-0.232548,0.071734,-0.223999,-0.408624,-0.461608,0.11532,-0.22891,-0.330437,-0.320683,-0.086448,0.077427,0.181999,0.142096,0.022972,-0.326725,-0.256952,0.032531,-0.056305,-0.205804,-0.208219,0.346898,-0.093,-0.179128,0.002792,-0.04824,-0.155964,-0.00187,0.016085,0.030567,-0.159701,-0.081222,-0.135297,-0.140497,-0.148962,0.258106,-0.067491,0.232258,-0.238152,-0.048225,-0.01368,-0.383396,-0.328112,0.103125,0.239665,-0.205558,0.141793,-0.037357,-0.114541,0.180118,-0.173072,-0.342661,0.069234,-0.105482,-0.038412,-0.06777,0.016003,-0.005016,-0.337104,0.012843,0.554268,-0.040171,-0.102351,-0.203324,-0.269847,0.073879,0.195256,-0.374457,-0.144338,0.197817,-0.202904,-0.293747,0.278576,-0.173349,-0.108886,-0.109835,-0.278095,0.122784,#
17,-0.400069,0.20048,0.340389,0.130949,-0.204339,0.001657,-0.001757,0.294324,0.162434,0.267417,-0.225648,-0.268447,0.13045,0.064078,0.418466,0.346222,-0.096504,1.0,0.21883,0.512451,-0.099377,0.363135,0.008132,-0.012288,0.178681,0.206355,-0.042587,0.004199,-0.148039,-0.17585,0.279351,0.059392,-0.00535,0.093883,-0.259673,-0.217234,-0.068437,0.071641,0.059386,-0.39113,0.029431,0.138228,0.221569,0.379518,0.037483,-0.239433,0.080228,0.326149,0.124345,-0.221014,-0.048692,0.213557,0.120319,0.08899,0.162917,0.162783,-0.005577,-0.406703,-0.084286,-0.120584,0.124139,-0.327057,-0.346361,0.205815,-0.050018,0.031388,-0.037669,0.048704,-0.004213,0.526317,0.289112,0.416657,0.042696,-0.242962,0.023557,-0.085434,0.400778,0.09919,0.479058,-0.101818,0.560006,0.089324,-0.181972,0.192437,-0.181972,0.287616,0.261187,-0.135318,-0.024204,0.065591,0.144441,-0.010018,0.063442,0.732811,-0.027964,0.215002,0.32765,-0.140485,0.203182,0.075883,-0.307007,0.283548,0.216998,0.276037,-0.033275,0.131126,-0.082793,-0.095574,-0.111147,-0.25048,0.194938,0.082931,0.094012,0.018032,0.196985,0.101824,0.194358,-0.193748,0.468902,-0.493678,0.283548,-0.450033,-0.278358,-0.015896,0.063525,0.15184,0.020646,0.079814,0.012702,0.17995,0.239255,0.36574,0.064645,0.058703,0.069682,-0.012234,-0.12636,-0.008199,0.075423,0.048045,0.000439,-0.036034,-0.010557,-0.216828,-0.096504,0.101982,-0.132188,0.124228,0.293062,-0.048593,-0.199734,-0.023777,0.172507,-0.114774,0.070542,-0.027707,0.066315,0.275406,0.094124,0.096256,0.267966,0.354366,-0.28726,0.242237,0.188689,0.370154,0.283548,-0.1426,-0.230245,0.154829,-0.113281,-0.263884,0.080288,0.115261,0.176737,0.139158,0.036959,-0.349374,0.274154,-0.11564,0.315449,0.010295,-0.221179,-0.059315,-0.073406,-0.133707,0.340829,0.276537,-0.26358,-0.211854,0.222838,-0.390885,0.020962,0.02131,-0.229852,-0.23949,0.113366,0.109012,0.169059,0.069955,#
18,0.209317,0.622125,-0.239854,-0.079585,0.11188,0.455004,0.32076,0.282182,-0.179696,0.299153,0.014278,0.136886,0.083604,0.313791,0.563623,0.245925,0.011977,0.21883,1.0,0.048429,0.347117,-0.004805,0.117709,-0.026208,-0.102478,0.005118,0.098269,0.0815,0.119975,0.315993,-0.267227,0.16736,-0.012256,-0.077385,-0.166914,-0.142302,0.018365,0.001739,-0.199283,-0.066294,0.297292,0.393888,-0.125005,0.339141,0.388812,-0.151675,0.036016,-0.184599,0.045174,0.279267,-0.054873,0.084158,0.356408,0.105608,0.406775,0.053501,-0.106625,-0.316195,-0.256172,-0.291196,0.197391,-0.197936,-0.240329,0.373838,0.153249,0.418027,-0.024314,0.080929,-0.256726,-0.346748,0.0499,0.107713,-0.168004,-0.022761,0.125777,0.080369,-0.232447,-0.23607,0.041594,-0.098466,-0.02096,-0.364216,-0.224109,0.145694,-0.016087,-0.177412,-0.04121,-0.093265,-0.023292,-0.277449,-0.337566,-0.226165,-0.160526,-0.149963,-0.071768,-0.15946,-0.087022,-0.22979,0.317633,-0.165556,0.128281,0.221182,-0.241886,-0.486538,-0.292512,0.041828,-0.342279,-0.045372,-0.16644,0.037716,-0.030468,0.370112,-0.30252,-0.244117,-0.113489,0.25459,-0.298986,0.109896,0.205372,-0.354573,-0.434567,-0.128568,-0.204446,-0.378466,-0.227055,-0.037658,-0.23746,0.011392,-0.243934,-0.128283,-0.262338,-0.049532,-0.017953,-0.152989,-0.336754,-0.133272,0.053553,-0.095753,-0.132531,-0.359192,-0.305408,-0.192113,-0.406719,-0.013766,-0.073089,-0.203581,-0.092659,0.168868,-0.401845,-0.33421,-0.307434,-0.072858,-0.213002,-0.073108,0.05379,-0.264306,0.29759,0.200476,-0.381761,-0.210397,-0.175103,-0.032163,-0.236347,-0.193978,0.00941,0.260248,0.269518,0.073805,-0.044162,-0.125754,0.133019,0.134406,0.012492,0.087663,0.115715,-0.158498,0.024381,0.032554,0.38752,-0.160234,0.10749,0.185589,-0.0388,0.165479,0.684025,-0.002429,0.58753,-0.227948,0.159748,0.145929,-0.047074,-0.284299,0.381562,-0.038332,-0.534824,-0.441316,0.480099,-0.213454,0.005608,0.007264,#
19,-0.362598,0.179432,0.057237,0.010077,-0.257348,-0.071319,-0.316936,0.12801,-0.205784,0.091058,-0.314346,-0.081508,0.144645,0.186447,0.196189,0.264666,0.02318,0.512451,0.048429,1.0,0.259543,0.208546,-0.085366,0.00697,-0.262724,-0.142573,-0.207297,-0.217816,-0.374952,-0.176892,0.468436,0.38291,0.380597,0.358919,-0.212396,-0.384154,0.149628,0.007228,-0.154338,-0.18629,0.018168,0.104882,-0.019379,0.015495,-0.078493,-0.399201,0.284755,0.225089,0.305033,-0.399214,-0.299189,0.074029,0.320142,-0.306045,-0.264056,-0.097265,0.082687,-0.189393,0.262054,-0.258903,0.133675,-0.130303,-0.157616,-0.246781,0.083889,0.082938,-0.324758,-0.167805,0.011833,0.323368,0.014345,0.249518,0.159429,-0.248269,0.033258,-0.530884,0.453115,0.309254,0.725388,0.091928,0.571667,0.096551,0.087807,-0.010169,0.274597,0.333086,0.210264,-0.197703,0.215317,0.150007,0.318087,0.390811,0.14546,0.500865,0.00174,0.323875,0.285355,0.143302,0.400733,0.374892,-0.504763,0.079199,0.391152,0.344885,0.360321,0.319865,-0.069441,-0.286181,0.089815,-0.422006,0.376608,-0.047367,-0.01463,0.395095,0.13373,0.244905,0.216304,-0.134798,0.420946,-0.449905,0.304554,-0.224446,-0.19077,0.213145,-0.001808,0.341399,0.21881,0.132359,0.344262,0.417531,0.428943,0.448602,0.32509,-0.014733,0.329544,0.235855,0.089715,-0.067706,0.050891,0.146961,0.22986,0.451178,0.019883,-0.387317,0.063583,0.407339,0.279401,-0.291083,0.161111,0.125452,-0.047704,0.116853,0.457632,0.15149,0.08962,0.08396,0.404912,-0.044534,-0.078091,-0.130302,0.326551,0.557101,0.142934,0.140234,0.10944,0.206165,0.296208,0.058321,0.172829,0.224488,-0.572873,-0.050935,0.086393,-0.001577,-0.29802,0.056831,0.037056,-0.471624,-0.004475,0.077695,0.14227,-0.367838,-0.309859,-0.123396,-0.304944,-0.338332,0.333631,0.060275,-0.37897,-0.067106,0.085056,-0.409367,-0.384087,0.005238,0.106293,-0.468452,-0.113251,0.240362,0.452164,0.03742,#
20,0.363225,0.144146,-0.133028,-0.224106,-0.315459,0.268141,-0.085205,0.061446,-0.240416,-0.033359,-0.199456,0.510044,0.035245,0.343524,0.293619,0.0677,0.006781,-0.099377,0.347117,0.259543,1.0,0.011936,-0.24178,-0.127189,-0.138621,-0.135657,-0.045544,-0.357384,-0.102901,0.06142,0.149567,0.278096,0.104317,0.346242,-0.397431,-0.212853,-0.020209,-0.096834,-0.161787,-0.277044,0.259949,0.29915,-0.109938,-0.050388,0.061625,-0.252519,0.019695,-0.155952,0.017528,-0.254675,-0.351603,-0.177847,0.396071,0.121505,-0.150492,0.10063,-0.268571,-0.178191,-0.235353,0.110045,0.233593,-0.037023,0.076321,-0.008695,0.156293,0.041065,-0.466415,0.002887,-0.1857,-0.31997,-0.240122,0.260858,0.085132,-0.034804,-0.319825,-0.422429,-0.13457,0.153219,0.097761,0.320831,0.201118,-0.33934,0.090542,-0.313918,0.090542,-0.212672,-0.026901,0.095355,0.100808,-0.024191,-0.058851,-0.048127,-0.012007,-0.105217,0.150418,-0.122206,-0.321522,0.212845,0.079997,0.175466,0.268624,0.167489,-0.246987,0.001379,0.021234,-0.063477,0.026302,0.221209,-0.045215,-0.016176,0.113981,0.153301,-0.498342,0.015855,0.230568,0.465245,-0.110336,0.123389,0.234397,-0.235577,-0.028192,-0.023952,-0.26769,0.066503,-0.295666,-0.187591,-0.110899,-0.033455,-0.207168,0.261537,0.16793,0.008389,0.185399,0.229271,-0.109673,0.286752,0.182155,-0.165351,0.10174,-0.264795,-0.114033,0.225759,0.064543,0.029688,-0.124463,-0.060364,0.16236,-0.25694,-0.34956,0.097183,-0.027815,-0.002793,0.072525,-0.013219,0.14704,0.237244,0.40695,0.01645,-0.378566,-0.239484,0.16116,0.013577,0.371271,-0.431892,-0.281803,-0.011618,-0.039703,0.27617,0.26844,-0.117925,-0.157478,0.338273,-0.032854,-0.007904,-0.422583,0.021224,-0.345438,-0.354731,-0.010253,0.341416,-0.039739,-0.26978,-0.082688,0.123228,0.017652,0.385862,0.237508,-0.186103,0.039132,0.140821,-0.291961,-0.102531,-0.250881,-0.212273,0.04696,-0.248431,0.192018,-0.369802,0.019058,-0.023703,#
