0,1.0,0.476097,-0.090934,-0.140395,0.302489,0.035298,0.030384,0.257716,0.270357,0.132032,-0.023163,0.097653,0.018869,0.454348,0.132874,-0.114936,0.242833,0.254597,0.336316,-0.386207,-0.113374,-0.004578,0.148238,0.206859,-0.306799,-0.198429,0.121424,0.167088,0.356138,0.447405,-0.209644,0.01386,0.269208,-0.252776,0.054482,-0.024271,-0.3344,-0.127298,-0.2049,0.292633,-0.005086,-0.114071,-0.013701,0.368214,-0.252865,-0.456982,0.104458,-0.012201,-0.018763,-0.121615,0.028586,-0.133079,0.084881,-0.084861,0.056082,-0.304966,-0.111597,-0.150167,0.092751,0.253235,0.119896,0.060259,-0.153984,0.185149,0.360274,0.438006,0.091015,0.223078,-0.081726,-0.14717,-0.227138,-0.150859,-0.201967,-0.05207,-0.144839,0.279881,-0.254522,-0.141857,-0.167257,-0.079704,-0.437109,-0.11713,-0.251189,0.235859,-0.247196,-0.065628,-0.037698,-0.192909,0.086097,-0.215052,-0.339786,-0.466508,-0.429681,0.045968,-0.101134,-0.353562,-0.110964,-0.299443,-0.190775,-0.194265,0.021281,-0.452251,-0.148349,-0.127786,-0.366324,0.13344,-0.284398,-0.169894,-0.31057,0.118775,0.073998,0.301328,-0.229926,-0.175708,-0.699007,-0.239126,-0.15637,-0.269942,0.023603,-0.320608,-0.316706,-0.224061,-0.445931,-0.051779,-0.087537,-0.2404,-0.197806,-0.03282,-0.34403,-0.606686,-0.207672,-0.214601,-0.167661,0.128391,-0.264005,-0.224731,0.409376,-0.616868,-0.388333,-0.221111,-0.048995,-0.444937,-0.558125,0.004449,-0.153216,-0.203528,-0.203274,0.163431,-0.194439,-0.173008,-0.03088,-0.291574,-0.322799,-0.210522,-0.349568,-0.359811,0.269615,0.300164,-0.423258,0.17491,-0.514091,-0.119773,-0.252707,-0.226485,-0.350451,0.057485,-0.15637,0.004531,-0.14332,-0.153346,0.202379,0.209482,-0.401846,-0.238481,0.535588,-0.176816,-0.370958,0.095921,0.363343,-0.590249,-0.017497,0.104441,0.020053,0.148353,0.488992,-0.123377,0.14056,0.205167,0.02754,0.525302,-0.080655,0.140852,0.505245,0.352355,-0.083215,0.402418,0.270389,-0.531225,-0.699677,0.238553,#
1,0.476097,1.0,0.067825,-0.023825,0.335265,-0.083204,0.335068,0.291833,0.080149,0.529536,-0.309846,-0.201847,0.311653,0.346772,0.31842,-0.210351,-0.075043,0.558607,0.452331,-0.157814,0.310364,0.192031,0.126604,0.287115,-0.442332,0.005183,0.253613,0.197952,0.207053,0.478831,-0.569296,0.009829,0.174412,-0.029443,-0.012911,-0.34845,-0.209249,-0.185389,0.093907,-0.016747,-0.149465,0.216976,-0.053635,0.267733,-0.300967,-0.268894,0.207216,0.250043,0.218345,0.197678,0.358346,-0.042591,0.107944,-0.094117,0.352734,-0.328692,-0.265982,0.156284,-0.216334,0.011418,-0.044166,0.398786,-0.534174,0.489207,0.048648,0.404874,-0.021029,0.308104,0.171618,-0.252915,-0.055635,-0.121743,-0.240387,-0.35105,-0.13964,0.311222,-0.285631,-0.202189,-0.203316,-0.273915,-0.445958,-0.124109,-0.436248,0.024068,-0.274679,0.100317,-0.281299,-0.093638,-0.076741,-0.045859,-0.163491,-0.354934,-0.433931,-0.035633,-0.289203,0.022293,0.186411,-0.267749,0.114564,-0.376331,-0.172297,-0.575816,-0.535603,-0.104379,-0.548771,-0.178982,-0.42098,-0.349192,-0.637034,-0.031853,0.296573,0.28333,-0.115617,-0.486508,-0.373914,-0.026443,-0.452535,-0.315437,0.060394,-0.531428,-0.300527,-0.063822,-0.26889,-0.367248,-0.049827,0.083344,-0.267296,-0.254381,-0.243576,-0.218866,-0.252027,-0.508081,-0.179572,-0.028111,-0.10374,-0.172595,0.352858,-0.266737,-0.007838,-0.371163,-0.343186,0.088576,-0.518054,0.021318,-0.055795,-0.137091,-0.092237,0.445813,-0.368475,-0.276657,-0.338164,-0.173491,0.015861,0.111466,-0.421207,0.051329,0.409772,0.391957,-0.531229,0.305822,-0.28086,-0.048964,0.007071,0.181907,-0.245504,0.400138,-0.290888,-0.060265,-0.05953,0.197498,-0.124261,0.092452,-0.010861,-0.328008,0.526687,-0.149633,-0.210486,-0.032601,0.231358,-0.435396,-0.15356,0.242052,-0.079642,-0.051134,0.273244,-0.083008,0.155776,0.089873,-0.136052,0.680625,0.214904,0.559211,0.147948,0.155604,-0.10545,-0.084202,0.095774,-0.42006,-0.464295,0.172622,#
2,-0.090934,0.067825,1.0,0.371054,0.231465,-0.514743,-0.236188,-0.179264,-0.348164,0.168381,-0.005534,0.272352,-0.050606,-0.065286,-0.112794,-0.048835,-0.271011,-0.187553,-0.048518,0.087045,-0.124206,-0.143324,0.281921,-0.116502,-0.327701,0.136296,0.337423,-0.384003,-0.257199,0.250909,-0.122763,0.400191,-0.201677,0.087798,-0.031981,-0.141898,0.093636,0.062896,0.109153,-0.097269,0.029016,0.179268,-0.01561,-0.153815,-0.189702,-0.263321,-0.032083,0.141025,-0.243971,-0.018234,-0.37741,0.274361,0.050064,0.133318,-0.127847,-0.132693,-0.426272,0.00436,-0.460649,-0.317794,-0.042896,-0.170756,-0.229182,-0.078671,-0.142978,-0.177953,-0.292032,0.045253,-0.020826,0.262109,0.141987,0.146019,0.247577,0.070657,0.048006,-0.15433,-0.136235,-0.247324,-0.082922,0.346242,0.015759,0.005886,0.021747,0.184158,0.182391,-0.016242,-0.014581,0.167334,-0.005785,-0.050206,-0.044106,-0.110862,0.00583,-0.105459,-0.149233,0.223701,0.359765,0.120237,0.083875,-0.055084,0.120477,-0.05543,-0.064512,-0.050533,-0.227535,-0.083847,0.093172,0.068632,0.010314,0.382441,0.146367,-0.229786,-0.017816,0.176287,0.259104,-0.099114,-0.201239,-0.239259,-0.005261,-0.098067,-0.124596,-0.326327,0.191789,-0.025561,-0.248059,0.032318,-0.444312,-0.426799,0.061384,0.140683,0.354996,-0.204493,-0.384417,-0.175297,-0.174338,0.25113,0.248568,0.181369,0.242978,0.236355,0.37665,0.212594,0.046558,-0.405562,-0.335164,0.263912,0.11184,-0.060671,-0.37138,0.167642,-0.570902,-0.101274,0.371288,-0.074103,-0.017737,-0.169092,-0.087362,0.045597,0.234723,-0.073538,-0.213218,-0.082781,0.20457,-0.079663,-0.0186,-0.194763,-0.342973,0.014289,0.081027,0.048998,-0.019669,-0.065304,0.214071,-0.112179,0.181104,0.044408,-0.052662,-0.250758,-0.292717,0.169725,0.071001,-0.486131,-0.085532,0.062456,-0.057117,0.145634,-0.252924,-0.357235,-0.045085,0.04821,0.093851,0.168037,-0.226442,0.16371,0.047508,-0.503082,0.255662,-0.027703,0.170309,-0.189613,#
3,-0.140395,-0.023825,0.371054,1.0,0.000255,-0.482746,-0.324734,-0.346341,-0.37611,0.07288,0.381429,-0.172029,-0.112817,-0.428565,-0.219413,-0.13673,-0.081859,0.041621,0.137942,-0.035706,0.230232,-0.543605,-0.087583,-0.097573,0.10141,0.2237,-0.097776,-0.13904,-0.107582,-0.136849,0.382272,0.011167,-0.589352,0.228119,-0.100094,-0.430987,0.081235,0.185549,0.312003,0.208571,0.054587,0.000244,0.090551,-0.379717,-0.062231,0.061661,-0.130277,-0.242905,0.211986,-0.331476,-0.275025,0.459051,-0.053959,0.142723,-0.071753,0.105675,-0.094529,0.163948,-0.147255,0.055692,-0.295755,0.284613,-0.126061,-0.283873,-0.208024,-0.389349,0.018238,-0.062763,-0.187396,0.304433,-0.028236,0.500528,0.164968,0.458995,0.253506,-0.263149,-0.038902,0.003248,0.389901,0.149502,-0.020557,0.479186,0.30656,0.177122,0.136394,-0.220741,-0.103623,0.409723,0.014555,0.46355,0.218933,0.287899,0.489368,-0.253343,0.309362,0.410825,0.000677,-0.013317,0.206442,0.29492,0.26926,-0.197811,0.372543,-0.178629,0.072059,0.328392,-0.137901,0.447504,0.205051,0.344813,-0.243075,-0.326369,0.437808,0.208379,0.19531,0.137778,0.43291,0.143678,0.128336,-0.011916,0.385073,0.153602,0.143539,-0.000618,-0.082711,0.086015,-0.267475,-0.301256,0.494284,0.177641,0.83804,-0.060352,0.024466,0.070229,0.244389,0.505907,-0.113657,0.505293,0.17411,0.269213,0.387509,0.261939,0.318056,-0.291275,0.025861,0.369374,0.17524,-0.138086,-0.038534,0.275646,-0.194466,0.303206,0.253499,0.10278,0.368426,-0.119034,-0.248552,-0.333288,0.261488,0.123118,-0.4691,0.04126,0.183157,-0.34613,-0.111938,0.010931,0.064432,-0.175687,0.052987,0.110833,-0.092109,-0.152824,-0.029694,0.078615,-0.317777,-0.183358,0.249685,0.044283,-0.324324,0.271966,-0.392466,-0.048975,-0.30047,-0.280428,-0.056035,-0.330123,-0.032594,0.035654,0.268051,-0.280526,-0.11954,-0.03704,-0.277795,0.020022,-0.268849,-0.27497,-0.26263,0.171073,-0.094128,-0.341246,#
4,0.302489,0.335265,0.231465,0.000255,1.0,-0.113926,0.294336,-0.058944,0.297373,0.299609,0.057923,0.085051,0.311007,0.111657,0.498556,-0.438766,0.109541,0.199452,-0.077106,-0.002827,-0.040757,-0.064137,0.187308,0.114192,-0.275596,-0.200333,0.081495,-0.305784,0.193698,0.139845,-0.272954,-0.187509,0.183903,-0.301094,-0.424085,-0.020271,-0.050485,-0.222796,-0.090089,0.164215,-0.143808,0.186973,-0.27193,0.25046,-0.3012,-0.500156,0.347613,0.099157,0.00857,0.14855,0.070043,-0.102532,0.296562,-0.167734,0.013729,-0.341917,-0.552108,-0.053448,-0.221483,-0.336351,-0.014066,0.189454,-0.1242,0.210941,0.093146,0.303457,0.295312,0.015613,0.104004,-0.167711,-0.220633,0.106487,0.055408,0.026245,0.007672,0.121603,0.030743,-0.35846,-0.048293,-0.442278,-0.292185,-0.131736,-0.282877,-0.126751,-0.275503,-0.220914,-0.101113,-0.095388,-0.245108,-0.211134,-0.169567,-0.160096,-0.28823,-0.012228,-0.124284,0.183613,0.194803,0.232489,0.136539,0.109761,0.066716,-0.089535,-0.034274,0.069947,-0.220168,-0.19277,-0.621191,-0.254645,-0.162356,0.311552,0.210369,-0.166529,-0.286087,-0.154249,-0.1488,-0.19977,-0.284812,-0.321895,-0.222114,-0.19014,-0.471303,-0.241365,-0.269596,-0.185118,-0.079263,-0.081555,-0.273722,-0.221146,-0.32337,0.094007,-0.094906,-0.508475,-0.518807,-0.34464,-0.108452,-0.186122,0.364802,-0.118028,-0.149352,0.030781,0.017224,-0.336449,-0.027689,-0.418725,-0.231019,-0.145045,0.100882,0.065081,-0.123029,-0.10641,-0.140522,-0.178165,-0.149324,-0.275916,-0.244553,-0.113351,0.593475,0.469853,-0.162226,-0.08032,-0.195364,-0.048478,0.017224,-0.009155,-0.246056,0.252316,0.054804,0.273739,0.120871,-0.011883,-0.126719,0.055628,-0.021077,-0.147367,0.36456,-0.139075,-0.378397,-0.564024,0.443447,-0.095027,0.179685,-0.122535,0.487672,0.106298,0.112099,0.025935,0.162626,-0.095323,0.026827,0.189667,0.035894,0.381534,-0.185638,-0.012773,0.217806,-0.263949,0.11815,-0.427339,-0.468527,0.182047,#
5,0.035298,-0.083204,-0.514743,-0.482746,-0.113926,1.0,0.297083,0.346612,0.368329,-0.09661,0.099632,0.025501,0.099205,0.451532,0.071574,0.165572,-0.015284,-0.02014,-0.180015,0.215982,-0.325961,0.410416,0.081025,-0.029179,0.285605,-0.346951,0.23874,0.526428,0.182317,-0.319768,-0.201144,0.120734,-0.009086,-0.276483,-0.098239,0.074243,-0.162966,-0.041002,-0.232396,-0.343026,0.145225,0.144147,0.216549,0.188898,-0.015913,-0.183647,0.249503,0.214904,0.101709,0.370731,0.327289,-0.122315,0.308911,-0.404827,-0.183985,0.13284,0.308656,-0.098799,0.411293,0.000488,0.165662,0.054696,0.223799,0.357258,0.110292,0.482754,-0.13941,-0.028794,0.0502,0.109433,0.141957,-0.160236,-0.220909,-0.172953,-0.220727,0.334168,0.167769,0.1144,-0.077494,-0.164358,-0.00401,-0.174455,-0.024151,-0.168604,0.155448,0.389222,0.056088,-0.471835,0.335132,-0.274303,-0.078482,0.151066,-0.179491,0.167182,0.157412,-0.076329,-0.179491,0.163437,-0.237989,-0.275455,-0.216734,0.192577,0.083505,0.018319,0.220955,-0.102495,0.216401,-0.408844,-0.040627,-0.269244,0.117597,0.306491,-0.144267,-0.374621,-0.123753,-0.268256,-0.224803,0.324364,-0.132316,0.107075,0.091014,-0.145193,0.142882,-0.076919,-0.11618,0.208762,0.179903,0.378872,0.232003,-0.004518,-0.496533,0.097605,-0.061501,-0.127337,-0.123686,-0.131246,-0.220144,-0.344072,-0.124212,-0.353831,-0.287952,-0.394053,-0.268409,-0.04634,0.101003,0.138028,-0.420536,0.052052,0.340649,-0.219986,0.282107,-0.024119,-0.227777,0.152906,-0.091239,0.305353,0.188088,0.062519,-0.160577,0.172901,0.181969,-0.151675,0.087941,0.216869,0.181619,0.019718,0.462117,0.331131,-0.15787,-0.152415,-0.024019,0.158728,-0.088427,0.214246,-0.015187,0.241756,0.206103,0.049538,0.430932,-0.136383,0.274721,0.186658,-0.019564,-0.095589,-0.257202,-0.194008,0.090324,0.107401,-0.289646,-0.023026,0.038998,-0.266261,0.248049,-0.163583,0.322454,0.158745,0.117601,0.10479,-0.036537,0.030088,#
6,0.030384,0.335068,-0.236188,-0.324734,0.294336,0.297083,1.0,0.258935,0.6659,0.13437,-0.017383,-0.098019,0.490299,0.017382,0.474746,-0.178493,-0.3132,0.332205,0.049071,0.327631,0.282961,0.455929,0.128039,0.067008,-0.068939,-0.015449,0.087495,-0.028725,-0.019687,0.026481,-0.601045,0.024824,0.294112,0.058709,-0.132206,-0.011608,0.071742,-0.216898,-0.134845,-0.148984,0.150426,0.400745,-0.104384,0.225404,0.054933,-0.103948,0.462764,0.432842,0.196074,0.147825,0.256798,-0.345239,0.08316,-0.285211,-0.058601,0.223507,0.132993,-0.100902,0.039228,0.132645,-0.036597,0.193455,-0.095873,0.215867,0.193557,0.26602,0.010484,-0.240253,0.171022,-0.217275,0.254709,-0.181301,-0.067114,-0.089299,-0.217544,0.277712,0.081789,-0.190042,-0.036537,-0.227772,0.098328,-0.405753,-0.246469,-0.439542,-0.399272,0.366098,0.0406,0.177978,-0.105408,-0.130173,-0.170227,-0.057412,-0.396107,0.463857,-0.260471,-0.050828,0.223832,0.198708,-0.03808,-0.154378,-0.035298,0.062795,-0.035394,0.377587,-0.150193,-0.34508,0.036625,-0.491064,-0.042542,-0.36524,0.45101,0.205322,-0.143972,-0.532742,0.044638,-0.019163,-0.419198,-0.020478,0.08314,-0.340457,-0.192695,-0.190326,-0.05752,-0.440541,0.034171,0.055423,0.083128,0.430868,-0.174272,0.062829,-0.302073,-0.573117,-0.15485,-0.155753,0.085154,-0.01136,-0.101024,-0.07229,-0.023908,-0.134538,-0.240808,-0.303209,-0.164418,0.003712,0.030693,-0.043731,-0.140123,0.487218,0.057277,-0.415455,0.136945,-0.043197,-0.052211,-0.110631,-0.153156,0.452783,0.588643,0.515069,-0.104729,-0.098558,0.327339,0.179887,0.308452,0.235354,0.197029,0.556722,0.087778,0.064995,-0.349848,0.212381,-0.245167,0.225558,-0.009859,-0.101564,0.164678,0.007965,-0.141915,0.053568,0.498498,-0.291092,0.047696,0.433998,0.08134,-0.132842,0.033666,-0.103238,0.181039,0.370838,-0.633767,0.158341,0.287184,0.13923,-0.09108,-0.174046,0.379415,-0.203104,0.100606,0.219393,0.087138,0.095699,#
7,0.257716,0.291833,-0.179264,-0.346341,-0.058944,0.346612,0.258935,1.0,0.348059,0.06792,-0.157058,0.058376,0.236299,0.433955,0.26907,0.067869,-0.125918,0.096976,-0.164839,0.082604,0.072287,0.640412,0.238252,0.260548,-0.32498,-0.033946,0.483543,0.32676,0.088437,-0.074631,-0.334039,0.416254,0.180837,-0.0635,-0.071002,-0.045925,-0.129754,-0.577586,0.067099,-0.243031,-0.067555,0.324645,0.004373,0.105145,-0.079372,0.01414,0.212725,0.412371,-0.104332,0.263855,0.191186,-0.203422,0.103105,-0.077286,-0.265147,0.044187,0.206288,-0.180481,0.430704,0.124055,0.222385,0.193019,-0.225233,0.281146,0.084273,0.320474,-0.25109,0.197055,0.271458,-0.221408,0.183217,-0.059379,-0.261126,0.10396,-0.360716,0.355864,-0.020673,-0.264839,-0.598713,-0.000426,-0.01267,-0.195865,-0.035033,-0.343056,-0.014391,0.376962,0.006523,-0.157501,0.025954,-0.428613,-0.112193,-0.256565,-0.354252,0.267303,-0.356115,-0.045005,0.143825,0.023076,-0.263537,-0.605772,-0.076398,-0.287178,-0.104987,-0.136623,-0.271962,-0.226205,-0.089148,-0.413334,-0.342595,-0.571485,0.228102,0.255552,-0.506052,-0.206173,-0.252071,-0.07148,-0.330619,0.084672,-0.238689,-0.123862,-0.046416,-0.336181,0.295896,-0.550139,0.058783,-0.010707,-0.11964,0.03278,0.00337,-0.136869,-0.495224,-0.182889,0.230727,-0.086457,0.161376,0.098678,0.06685,-0.328464,0.032588,-0.439778,-0.364749,-0.245433,-0.374555,0.148033,-0.004944,-0.11677,-0.497097,0.255476,-0.294189,0.010411,-0.217639,-0.104243,-0.196137,0.055002,0.02114,0.337773,0.327533,0.14958,-0.229412,0.243574,0.015516,-0.072229,-0.194848,0.202057,0.252677,0.192198,-0.014391,-0.168159,-0.262278,-0.021139,-0.140032,0.203681,-0.372401,-0.265692,0.314858,-0.021367,-0.116033,0.10455,0.115225,-0.359395,0.130216,0.321614,0.092358,0.06939,-0.097088,-0.065546,0.105824,-0.16534,-0.223362,0.308288,0.32418,0.013026,0.234468,-0.315848,-0.038222,0.189379,0.170776,-0.140794,-0.151269,0.42231,#
8,0.270357,0.080149,-0.348164,-0.37611,0.297373,0.368329,0.6659,0.348059,1.0,-0.025293,-0.076574,0.012042,0.562758,0.26067,0.319462,-0.307155,-0.380259,0.36443,0.058268,0.306378,0.186516,0.377919,0.334181,0.178866,0.079032,-0.287928,0.287356,-0.120464,0.295955,0.100443,-0.330891,0.029999,0.369067,-0.143809,-0.290809,-0.010414,-0.038083,-0.336875,-0.211414,-0.013789,0.28623,0.267212,-0.098491,0.067743,0.128565,-0.342479,0.515353,0.47346,-0.098535,-0.179294,0.150915,-0.394949,0.17078,-0.158341,-0.173815,0.014617,0.254765,-0.329524,0.32497,0.056967,0.099675,0.09919,0.040468,0.081313,0.128075,0.446987,0.015263,-0.083659,0.307939,-0.113881,0.259243,-0.139857,-0.304067,0.068468,-0.207838,0.224634,-0.033512,-0.178236,-0.142304,-0.394481,0.315911,-0.529579,-0.188031,-0.429101,-0.184641,0.343707,0.253734,0.134592,-0.002685,-0.262969,-0.162441,0.062684,-0.515644,0.70174,-0.266116,-0.041859,0.283016,0.21545,0.040636,-0.107538,-0.010249,0.238947,0.223334,0.327868,0.055275,-0.192134,-0.057544,-0.360313,-0.009248,-0.370685,0.486209,0.067328,-0.234812,-0.17141,0.061116,-0.204939,-0.27297,0.191565,0.03857,-0.261098,-0.182834,-0.384951,0.159168,-0.498983,0.044332,0.08015,0.119023,0.421609,-0.190473,-0.099162,-0.374725,-0.452823,0.013255,-0.245274,0.1594,-0.016697,-0.043288,-0.188581,0.011079,0.050905,0.077678,-0.511044,-0.165759,-0.066479,-0.081341,-0.109067,-0.214949,0.345123,0.228042,-0.25269,0.217861,-0.28892,-0.026411,-0.211895,-0.017769,0.254012,0.624614,0.398239,0.056209,-0.068417,0.090333,0.06922,0.077678,0.238541,0.108356,0.409745,0.237059,0.068685,-0.386072,0.09202,-0.267192,0.222381,-0.191816,-0.018022,0.288978,-0.035717,-0.273333,-0.055891,0.585234,-0.550714,0.140214,0.126717,0.010819,-0.151251,0.010892,-0.056803,0.444283,0.255319,-0.581881,0.114421,0.370525,-0.097803,0.047019,-0.210006,0.377981,0.046002,0.019751,-0.084277,-0.002103,0.169106,#
9,0.132032,0.529536,0.168381,0.07288,0.299609,-0.09661,0.13437,0.06792,-0.025293,1.0,-0.009369,-0.193136,0.364675,0.018126,0.068165,-0.067908,-0.244632,0.334647,0.399585,-0.110497,0.140269,0.168538,0.130941,0.241569,-0.325835,0.25853,0.28932,-0.095785,-0.076284,0.157406,-0.02778,-0.07018,0.126377,0.204103,0.028954,-0.159823,-0.085465,-0.333963,-0.244598,-0.298837,0.011209,0.21213,0.135908,0.067017,-0.16096,-0.346836,-0.047311,0.24832,-0.132191,0.209725,0.183707,0.23619,0.046568,-0.091311,0.035005,-0.42173,-0.360877,0.216797,-0.32215,-0.245239,0.167535,0.05506,-0.44835,0.255051,0.032183,0.160083,-0.057789,0.139465,-0.100048,0.085141,0.021092,-0.036882,-0.128561,-0.251899,0.047347,0.163338,-0.251629,-0.532898,0.116854,-0.251629,-0.064345,-0.039295,-0.050457,0.141166,-0.026955,0.181,-0.146924,0.01166,-0.146276,0.219472,0.151285,-0.171321,-0.250529,-0.209278,-0.282703,0.256871,0.170545,0.012675,0.112801,-0.222285,-0.148444,-0.385975,-0.325163,-0.19351,-0.453164,0.096977,-0.316855,-0.210833,-0.418347,0.08202,0.316383,-0.088992,0.080721,-0.417771,0.171743,-0.110131,-0.113858,0.080646,0.355529,-0.532396,0.021987,-0.002994,0.175451,-0.083658,0.098828,0.121294,-0.244697,-0.261663,-0.165087,0.081995,0.118806,-0.271726,-0.080664,-0.065207,-0.113006,0.094403,0.215185,-0.021204,0.165684,-0.284225,-0.271689,0.072052,-0.158604,-0.01022,0.048232,0.177293,0.246628,0.243579,-0.402937,0.122608,-0.290862,-0.156816,0.238011,0.275464,0.043491,0.131754,0.023339,0.311821,-0.012288,0.007417,-0.310525,-0.089314,-0.271689,0.230103,-0.313989,0.247867,-0.113858,0.136862,0.37222,0.355139,-0.119529,0.164232,0.311904,0.230337,0.218181,0.113628,-0.012222,-0.058289,-0.047541,-0.103447,-0.129918,-0.048028,-0.241523,-0.044002,-0.042457,-0.146081,-0.138841,0.011652,-0.025425,0.434784,0.239396,0.187007,-0.231792,-0.018423,0.129336,-0.326776,0.143289,-0.432846,-0.199168,-0.159927,#
10,-0.023163,-0.309846,-0.005534,0.381429,0.057923,0.099632,-0.017383,-0.157058,-0.076574,-0.009369,1.0,-0.187469,-0.377625,-0.195752,-0.125634,0.223636,0.078049,-0.295657,-0.11195,-0.315215,-0.196932,-0.114249,0.030774,0.112371,0.247151,0.293259,-0.120738,0.152747,-0.073445,-0.422878,0.373003,-0.071608,-0.227377,0.040605,-0.072788,0.255338,0.094391,0.118365,-0.09944,-0.038047,-0.073712,-0.208892,0.128749,0.231061,0.055125,-0.010817,-0.210945,-0.292004,-0.016716,-0.016014,-0.091066,0.236876,0.033642,-0.286372,-0.189977,0.290463,-0.032797,0.232914,-0.08475,0.123884,-0.048451,-0.082626,0.242847,-0.152826,-0.179904,-0.430616,-0.067256,-0.556956,-0.25828,0.130472,-0.195367,0.280318,0.152476,0.361226,0.286769,0.121955,0.059264,-0.039329,0.309344,0.001857,-0.205402,0.191929,0.358843,0.188283,-0.127217,-0.163261,0.094234,0.190564,-0.176182,0.034421,-0.077578,0.231915,0.375463,-0.088613,0.374586,0.090908,-0.308352,0.325729,-0.048542,0.220927,0.191118,-0.056681,0.505115,-0.04619,0.234978,-0.006277,0.047094,-0.023475,0.464782,0.196457,-0.49311,-0.125916,0.287508,-0.074184,0.012875,0.085633,0.454708,0.010732,-0.076254,0.330874,0.461016,0.012745,0.166842,0.172701,-0.197994,-0.451464,0.015568,0.259238,0.096218,-0.188812,0.465419,0.045783,-0.048718,-0.011197,0.095883,0.56219,-0.181272,0.18135,-0.143035,0.148288,-0.045225,-0.178556,0.394341,-0.237215,-0.039538,0.238976,0.229205,-0.316612,0.000115,0.241858,0.393552,0.435643,-0.291701,-0.140608,0.17965,-0.28089,-0.270419,-0.172708,0.137039,0.020051,-0.197378,0.313157,0.156673,-0.501855,-0.153449,0.019269,0.103921,0.175786,0.310401,-0.07639,-0.073402,0.153873,-0.321337,0.110147,-0.404842,-0.150039,0.224639,-0.023344,-0.001288,0.223111,0.00047,0.022842,-0.131551,0.112525,-0.082435,-0.373911,-0.304137,0.037011,0.379221,-0.402933,-0.293745,-0.182071,-0.264034,-0.048952,0.240913,-0.078934,0.133502,0.191383,-0.163793,-0.226282,#
11,0.097653,-0.201847,0.272352,-0.172029,0.085051,0.025501,-0.098019,0.058376,0.012042,-0.193136,-0.187469,1.0,-0.12277,-0.004174,-0.076054,-0.136964,0.047171,-0.040984,-0.458067,0.105689,-0.465432,0.100002,0.19372,-0.156099,-0.145102,0.041133,0.179177,-0.348797,-0.147498,0.0878,-0.202059,0.228902,0.150642,-0.093298,0.01408,-0.112295,-0.209973,0.018471,-0.12819,-0.089105,-0.085242,0.258871,-0.031675,-0.278007,0.166009,-0.341299,0.034401,0.067882,-0.199253,-0.035432,-0.37862,0.158771,0.11148,-0.108663,0.081735,-0.113112,-0.293086,-0.287848,0.055235,0.004347,0.053468,-0.241894,-0.0757,-0.322848,0.124069,0.005347,-0.130549,-0.054858,-0.100101,0.282757,0.160918,-0.244448,0.309826,0.111455,-0.538944,-0.042104,-0.205995,-0.101162,-0.141522,0.296495,0.267868,-0.215683,-0.203078,-0.04419,-0.051942,0.209876,-0.019492,-0.004278,0.188747,-0.45835,0.055255,-0.270349,-0.068699,0.090227,-0.040972,-0.214176,-0.029221,0.169019,-0.295679,0.028863,-0.189108,0.013475,0.062711,0.189009,-0.299095,-0.227796,0.244621,-0.023577,-0.06509,0.226169,0.12668,0.270906,-0.384229,0.100615,-0.093069,-0.240874,-0.182524,0.082949,-0.27305,0.202437,-0.06509,-0.254452,-0.036323,0.120366,-0.297286,0.166966,-0.106072,-0.229264,0.03112,0.324894,-0.196216,0.139464,-0.267723,-0.275088,-0.189224,-0.072472,0.334754,-0.221554,0.219749,-0.108141,0.162666,-0.09469,0.095169,-0.376892,-0.341959,0.125785,0.034616,-0.06066,-0.050457,0.175947,-0.139823,-0.277257,0.095076,-0.138033,-0.176224,-0.159786,0.087759,-0.031161,0.077294,0.081607,0.235115,-0.09459,-0.006123,-0.027114,0.046041,-0.154559,0.168014,0.161812,-0.118646,-0.441817,0.15737,-0.190793,-0.110086,0.278621,0.09606,-0.065665,-0.289788,-0.088544,-0.072235,0.045117,0.119599,-0.204426,0.057703,0.339599,0.190629,0.207744,0.09707,-0.180227,-0.103457,-0.205877,-0.063305,-0.039065,0.027461,0.078497,0.219923,0.021548,0.149946,-0.003738,0.209698,-0.091499,#
12,0.018869,0.311653,-0.050606,-0.112817,0.311007,0.099205,0.490299,0.236299,0.562758,0.364675,-0.377625,-0.12277,1.0,0.180146,0.319329,-0.549101,-0.305412,0.520549,0.07484,0.331327,0.361045,0.258623,0.197087,0.069026,-0.229649,-0.152211,0.254788,-0.211964,0.162803,0.200637,-0.374395,0.015643,0.296274,-0.176038,-0.203306,-0.329445,-0.006714,-0.353759,-0.133505,-0.316631,0.276907,0.537447,0.051732,-0.175434,-0.192678,-0.249489,0.499254,0.518843,-0.066333,-0.091695,0.225203,-0.278855,0.194784,0.00955,-0.237766,-0.104159,0.122471,-0.076745,0.030219,-0.185134,-0.029774,0.187427,-0.119717,0.188935,0.322254,0.439303,0.056139,0.340784,0.061156,-0.098148,0.375898,0.123196,-0.360709,-0.076115,-0.208583,0.277682,0.08566,-0.195543,-0.204311,-0.217508,0.26624,-0.403519,-0.393731,-0.253952,0.102649,0.536133,-0.103349,0.191164,0.062549,0.036786,-0.152574,0.122018,-0.56165,0.298061,-0.427019,0.284099,0.577223,0.042422,0.308809,-0.144878,-0.007502,-0.100711,-0.024826,-0.118203,-0.156557,-0.005692,-0.1538,-0.230798,-0.361928,-0.182659,0.653803,-0.249689,-0.149897,-0.366929,0.295761,-0.187753,-0.427858,0.166338,0.086754,-0.507764,-0.199485,-0.350396,0.124309,-0.440033,0.204641,0.41243,-0.301757,0.1533,-0.084074,0.239167,-0.111755,-0.401095,-0.153357,-0.164359,0.079933,-0.161991,-0.100424,-0.062242,0.067658,0.081135,-0.043938,-0.212984,-0.185196,-0.138549,0.051495,-0.01288,-0.130966,0.353915,0.083895,-0.055566,-0.249727,-0.387398,0.297156,-0.109208,0.049705,0.456692,0.568424,0.305785,0.109201,-0.30193,0.039909,-0.330284,0.133769,0.569826,0.213319,0.394955,0.254492,-0.12556,-0.162009,0.222843,-0.075613,0.002296,0.168872,-0.079838,0.318585,0.349183,-0.13907,0.042761,0.297725,-0.280423,0.033615,-0.036821,-0.106821,-0.463055,0.02057,0.024911,0.49838,0.198514,-0.626247,0.310312,0.691202,0.136842,-0.100747,-0.355009,0.019385,-0.226139,-0.128612,-0.143532,0.010211,0.097191,#
13,0.454348,0.346772,-0.065286,-0.428565,0.111657,0.451532,0.017382,0.433955,0.26067,0.018126,-0.195752,-0.004174,0.180146,1.0,0.169492,-0.020353,-0.029183,0.121076,0.092059,-0.096751,-0.185124,0.388331,0.562645,0.347329,-0.322171,-0.446727,0.456818,0.513906,0.386515,0.253925,-0.321581,0.222487,0.22892,-0.328417,-0.006998,0.161535,-0.309249,-0.149144,0.158315,-0.133722,-0.171413,0.061664,0.247831,0.441086,-0.303386,-0.319081,0.236115,0.37176,-0.221119,0.281702,0.385751,-0.223653,0.11206,-0.03675,-0.020616,-0.221614,-0.036659,0.01415,0.121287,-0.070483,0.351542,0.113181,0.030941,0.398762,0.242453,0.542322,-0.2853,0.455046,0.327186,0.020805,-0.02903,-0.270747,-0.159902,-0.3929,-0.320517,0.467279,-0.213128,0.01268,-0.586051,-0.166223,-0.417911,-0.362755,-0.352885,0.188893,0.13833,0.084382,0.120357,-0.45148,-0.02048,-0.416307,-0.481152,-0.07504,-0.587623,0.303154,-0.219644,-0.326343,0.121823,-0.035238,-0.005419,-0.466332,-0.187273,-0.200529,-0.183395,-0.343735,-0.097217,-0.385215,-0.046369,-0.340535,-0.316678,-0.102534,0.27393,0.173127,-0.350079,-0.271823,-0.307312,-0.393207,-0.448274,-0.251805,-0.135787,-0.174365,-0.334718,-0.481324,-0.035082,-0.410999,0.072122,0.056319,-0.240569,-0.156551,-0.113263,-0.386427,-0.505775,0.016064,-0.281877,-0.138878,-0.316336,-0.432003,0.188461,-0.580598,-0.157185,-0.184979,-0.267842,-0.178207,-0.608357,-0.034976,-0.336163,-0.105252,-0.486268,0.098088,-0.045325,-0.225111,-0.187902,-0.275343,-0.17069,-0.076593,-0.348152,0.097049,0.369079,0.195376,-0.383178,-0.046537,-0.088115,-0.3055,-0.066696,0.305134,-0.093989,-0.012288,0.04024,0.206138,-0.120295,-0.12383,0.120991,0.164051,-0.086243,-0.386976,0.500333,0.123239,-0.101173,-0.095268,0.465703,-0.411536,0.166435,-0.114146,-0.031241,0.147246,0.146079,0.202424,0.131197,-0.229585,-0.16073,0.481342,0.055899,0.214846,0.550768,0.287202,0.108175,0.157734,0.442255,-0.411472,-0.344891,0.269073,#
14,0.132874,0.31842,-0.112794,-0.219413,0.498556,0.071574,0.474746,0.26907,0.319462,0.068165,-0.125634,-0.076054,0.319329,0.169492,1.0,-0.439303,0.107288,0.011652,-0.135808,-0.026428,0.175027,0.166194,0.034877,0.29895,-0.276834,-0.042594,-0.08609,0.218965,0.202978,-0.048832,-0.303372,-0.132071,0.181954,-0.301015,-0.35934,0.164337,-0.192012,-0.23247,0.282342,-0.008249,-0.132579,0.238472,-0.573799,0.307748,-0.301121,0.067701,0.316717,0.096484,0.131386,0.369721,0.081408,-0.11812,0.013259,-0.189235,0.001941,-0.159433,-0.285517,-0.042381,-0.195293,-0.01805,-0.051598,0.610914,-0.278864,0.169582,0.084419,0.275444,0.117872,0.032933,0.179885,-0.335256,-0.034745,-0.181835,0.054233,-0.153759,-0.47215,0.096038,0.059011,-0.351325,-0.204717,-0.434728,-0.114401,-0.125334,-0.128399,-0.296613,-0.418402,0.115976,-0.088438,-0.089692,-0.395881,-0.197625,-0.188996,-0.147069,-0.290624,0.187863,-0.278723,-0.143434,0.024947,0.228686,0.148605,-0.375841,0.336852,-0.217639,-0.188996,0.076284,-0.190944,-0.346166,-0.390653,-0.089566,-0.2898,-0.193721,0.141549,-0.166485,-0.279439,-0.305453,-0.133876,-0.192019,-0.286017,-0.318105,-0.208296,-0.19325,-0.472401,-0.260213,-0.265453,-0.18633,0.242501,-0.256792,-0.274372,0.02881,-0.381704,-0.082771,-0.433381,-0.508341,-0.17556,0.030431,-0.078659,-0.187952,0.362336,-0.263346,-0.071207,0.043628,-0.330306,-0.346277,-0.340739,0.068025,0.121569,-0.223763,-0.105289,0.201681,-0.108101,-0.288067,-0.107811,-0.012452,-0.167709,-0.091343,-0.231077,0.397734,0.663872,0.389436,-0.331435,0.112824,0.184088,0.124476,0.025627,0.004652,-0.014204,0.404724,0.052179,-0.04899,-0.068922,-0.18676,0.219327,0.033801,-0.016812,-0.35473,0.366485,-0.120046,-0.223133,-0.217045,0.431509,-0.28624,0.006633,0.375902,0.484091,-0.05381,-0.050481,0.00267,-0.178034,0.112601,-0.142059,0.192264,0.048821,0.568441,-0.019913,-0.122104,-0.062988,-0.082736,-0.10961,-0.220516,-0.262397,0.483421,#
15,-0.114936,-0.210351,-0.048835,-0.13673,-0.438766,0.165572,-0.178493,0.067869,-0.307155,-0.067908,0.223636,-0.136964,-0.549101,-0.020353,-0.439303,1.0,0.000981,-0.347197,0.203197,-0.071969,-0.09958,0.220571,-0.087959,-0.021368,0.063779,-0.026106,0.026592,0.206171,-0.171182,-0.308775,0.138939,0.096644,-0.273297,0.500829,0.142025,0.419764,0.252203,0.119115,0.001857,0.004515,-0.230957,-0.410046,0.473149,0.21639,-0.015705,0.13933,-0.499121,-0.131065,-0.024525,0.096191,0.265228,0.323401,-0.099535,0.188763,-0.200953,0.385931,0.319966,-0.16962,0.24277,-0.080276,0.278223,-0.339496,0.139223,-0.036465,-0.109027,-0.333656,-0.310502,-0.120237,0.013497,0.124832,-0.063214,-0.099539,0.074181,0.048232,0.292008,0.014001,0.066104,0.100847,0.101637,0.32678,-0.036169,0.177784,0.49695,0.1588,0.210331,-0.125292,0.198249,-0.272219,0.231088,0.029157,0.264931,-0.041443,0.339189,-0.147737,0.163103,-0.051929,-0.284974,-0.020058,-0.435173,-0.154668,-0.02847,0.135643,0.082936,-0.015084,0.371469,0.059567,0.365354,-0.132219,0.083726,-0.143768,-0.306974,0.321609,0.233805,0.271467,-0.111978,0.141031,0.27767,0.137797,0.010012,0.269988,0.269258,0.357943,0.142225,0.065228,-0.023443,-0.081645,0.322953,0.073108,0.187287,-0.140981,0.038315,0.297676,0.283464,0.082881,-0.128578,0.062775,-0.217881,-0.019001,-0.153343,-0.178138,-0.160009,0.083778,-0.121126,0.371558,0.108217,0.127737,-0.082929,-0.370247,-0.141828,-0.24747,-0.011039,0.177444,-0.257696,0.19804,0.090699,-0.021363,-0.621026,-0.11519,0.027671,-0.066851,0.063514,0.173084,-0.336814,-0.123041,-0.018388,-0.284612,-0.032319,0.045566,0.006404,0.06927,-0.169833,0.114492,-0.073371,0.228205,-0.318613,-0.038041,0.218297,0.262586,-0.27735,0.272781,0.058177,-0.097261,0.011439,0.287824,-0.217085,0.00123,-0.39062,-0.193231,0.167193,-0.149419,-0.339679,-0.43282,-0.044907,0.154656,0.101975,0.171764,0.209587,0.289593,0.188134,-0.271981,#
16,0.242833,-0.075043,-0.271011,-0.081859,0.109541,-0.015284,-0.3132,-0.125918,-0.380259,-0.244632,0.078049,0.047171,-0.305412,-0.029183,0.107288,0.000981,1.0,-0.096258,-0.2151,-0.456537,-0.156703,-0.328602,-0.487429,-0.083205,-0.032376,-0.090359,-0.578378,0.14813,0.065919,-0.171665,0.079523,-0.517047,0.097562,-0.207091,0.136082,0.322756,-0.210176,0.059184,-0.124432,0.237193,-0.324028,-0.448136,-0.119939,0.234491,-0.207164,0.219214,-0.333466,-0.701934,0.240414,0.019689,-0.033938,-0.10134,-0.133318,0.069724,0.179881,-0.156763,-0.216995,0.270931,0.077067,0.190657,-0.146615,-0.072181,0.008816,-0.121167,0.303627,-0.065975,0.401085,0.075886,-0.289282,-0.436613,-0.691134,0.120752,0.159742,0.053347,0.047645,0.258834,0.315237,0.106931,0.103982,-0.069018,-0.451352,0.307071,-0.048407,0.147459,-0.043893,-0.401182,-0.352673,-0.300252,0.099276,-0.195885,-0.115025,-0.403204,0.295544,-0.624226,0.150852,-0.356682,-0.453576,-0.320151,-0.314784,0.158178,0.240272,-0.290663,-0.115025,-0.319105,0.005129,0.148898,-0.138864,0.07176,-0.160316,0.289863,-0.606506,-0.114538,-0.125351,0.004449,-0.519533,0.289284,-0.016973,-0.404566,-0.504882,0.434767,-0.153397,0.345536,-0.632108,0.522344,0.13687,-0.342646,-0.074964,-0.070543,-0.271609,-0.142292,-0.163486,0.298512,-0.109839,0.178708,-0.207244,-0.280864,0.185115,-0.276074,-0.590446,-0.132411,-0.34968,-0.022264,-0.092732,0.001478,0.149208,-0.384555,0.1019,-0.202068,0.006148,-0.053027,0.143614,0.171398,-0.53849,-0.072646,-0.27934,-0.420354,-0.122263,-0.07264,-0.345201,-0.125435,-0.031053,-0.191152,-0.153319,-0.386264,-0.193838,-0.128721,-0.016973,-0.126737,0.220408,-0.280198,0.56312,-0.018904,-0.248006,-0.100677,-0.158863,-0.153556,-0.172419,0.038966,0.103905,0.209827,0.130643,0.10065,0.543594,0.164203,0.356762,-0.055052,-0.065741,0.162751,0.573577,0.031843,-0.573781,0.266507,0.193349,0.200254,-0.4145,0.553454,0.001163,-0.275416,-0.460452,0.314055,#
17,0.254597,0.558607,-0.187553,0.041621,0.199452,-0.02014,0.332205,0.096976,0.36443,0.334647,-0.295657,-0.040984,0.520549,0.121076,0.011652,-0.347197,-0.096258,1.0,0.371259,-0.079858,0.462058,-0.05485,0.161569,-0.032822,-0.043387,0.023771,0.077871,-0.082924,0.258795,0.284556,-0.426384,-0.18757,0.231684,0.006193,0.065146,-0.546219,-0.166056,-0.20254,-0.037596,-0.106543,-0.005105,0.248043,0.212487,-0.123211,0.012689,-0.314048,0.161394,0.094268,0.15663,-0.245735,0.312184,-0.016705,-0.004479,0.030981,0.230475,-0.335172,-0.03274,-0.022772,0.055603,0.179019,0.043825,0.343762,-0.369639,0.185753,0.271476,0.381674,0.083177,0.221159,0.210777,-0.014791,-0.02329,0.147322,-0.42673,-0.186967,-0.065434,0.379882,-0.314988,-0.080917,-0.039041,-0.397,-0.043741,-0.293417,-0.429852,-0.100954,-0.256382,0.241295,-0.309411,0.175608,0.084288,-0.123551,-0.02724,-0.264086,-0.286558,0.076294,-0.295341,-0.005875,0.279421,-0.237877,-0.053015,-0.14882,-0.212331,-0.266023,-0.181666,-0.069406,-0.349135,0.032167,-0.256631,-0.259072,-0.525321,-0.145533,0.261386,0.134957,0.014805,-0.233392,-0.027052,-0.008981,-0.384719,-0.056621,0.019304,-0.442376,-0.164286,-0.075364,-0.204811,-0.380892,-0.058653,0.405011,0.161275,-0.027887,-0.0265,-0.040502,-0.113903,-0.351121,-0.073198,-0.274248,0.006788,-0.098069,0.192306,-0.235066,0.245248,-0.39486,-0.120581,0.118256,-0.127137,-0.240543,-0.079215,0.066434,-0.003897,0.579234,-0.097274,-0.160351,-0.18037,-0.139131,0.211465,-0.020903,-0.375327,0.008116,0.377963,0.377161,-0.326785,-0.030752,-0.147892,-0.097364,0.082124,0.244994,-0.149739,0.615345,-0.009702,-0.146839,-0.104528,0.148307,-0.048358,0.166002,0.035112,0.041724,0.153667,-0.224741,-0.134026,0.120872,0.383921,-0.179508,-0.161514,0.090678,-0.104817,-0.353377,0.352534,-0.039084,0.560908,0.303634,-0.331162,0.458215,0.233997,0.210784,0.005863,0.080328,-0.123732,0.08969,-0.098264,-0.400226,-0.10434,-0.102362,#
18,0.336316,0.452331,-0.048518,0.137942,-0.077106,-0.180015,0.049071,-0.164839,0.058268,0.399585,-0.11195,-0.458067,0.07484,0.092059,-0.135808,0.203197,-0.2151,0.371259,1.0,-0.242668,0.475554,-0.11769,-0.055103,0.198471,-0.059795,-0.154244,0.049512,0.01373,-0.022825,0.370554,0.055842,-0.155428,-0.016681,0.330251,-0.096628,-0.126915,0.066388,0.036271,-0.013086,0.091574,0.000782,-0.39656,0.226385,0.065091,-0.220359,-0.153828,-0.037085,0.000718,0.141508,-0.18093,0.144028,0.161125,-0.193339,0.137015,0.213597,-0.086036,0.137707,-0.147423,-0.242455,-0.01376,0.051019,0.112905,-0.153432,0.012642,0.060239,0.072405,-0.048088,0.037711,-0.038363,-0.091392,-0.101851,-0.122987,-0.062054,-0.238044,0.186296,-0.089805,-0.429638,-0.033173,0.206268,-0.113379,-0.147771,-0.024964,0.149211,0.380871,-0.154734,-0.022543,0.112438,0.093075,-0.028929,0.313892,0.262981,-0.181384,-0.188116,-0.023038,-0.059524,-0.110196,-0.012555,-0.211846,0.038823,-0.070402,-0.113642,-0.198495,-0.126276,-0.049292,-0.128193,0.266814,-0.200924,0.042201,-0.300574,-0.02166,0.184927,0.164891,0.270034,-0.099025,-0.068336,-0.112381,0.028136,0.041578,0.480854,-0.493133,-0.104064,0.350865,-0.095431,-0.12448,-0.03194,0.140354,0.18321,-0.11517,-0.104965,-0.339482,0.195754,-0.303573,0.209831,0.268925,-0.231497,-0.023217,-0.099242,-0.142279,-0.072291,-0.06303,0.119035,-0.008283,-0.408439,0.263448,0.23931,-0.037294,0.084888,0.223855,0.070006,-0.238324,-0.175501,-0.030357,0.252805,0.216225,-0.077708,0.013903,-0.022327,0.216461,-0.209108,0.039338,-0.433465,0.104029,-0.104477,-0.032973,-0.206207,0.128853,-0.198267,-0.14234,0.000526,0.221372,-0.14322,0.018567,0.111589,0.16815,0.123034,0.029076,0.064292,0.187162,0.101959,-0.385274,-0.081917,-0.016757,-0.240185,-0.209316,0.135559,0.076733,0.061046,0.213119,-0.083803,0.430602,-0.03423,0.077283,0.139203,0.389053,-0.020229,0.019683,-0.05463,-0.310411,-0.159329,-0.273224,#
19,-0.386207,-0.157814,0.087045,-0.035706,-0.002827,0.215982,0.327631,0.082604,0.306378,-0.110497,-0.315215,0.105689,0.331327,-0.096751,-0.026428,-0.071969,-0.456537,-0.079858,-0.242668,1.0,0.004943,0.360651,0.003324,-0.071679,0.265506,-0.242331,0.292974,-0.28465,-0.248024,-0.210203,-0.294644,0.328489,-0.02684,0.225877,-0.255859,-0.189318,0.062375,0.020378,0.113663,0.126882,0.537091,0.383369,-0.053545,-0.485129,0.212551,0.110612,0.262785,0.608269,0.142017,0.138157,0.05864,-0.218877,0.038794,0.161271,-0.284567,0.318256,0.308758,-0.069299,0.430764,-0.055856,-0.013413,-0.002425,-0.000663,0.167329,0.027602,0.215032,-0.024298,0.184895,0.332373,0.141124,0.552187,-0.012447,0.063481,0.313003,0.026553,-0.320627,0.379043,0.175087,0.175087,0.099523,0.56175,0.077202,0.078445,-0.595863,0.369516,0.157613,0.086411,0.17518,0.280445,0.105103,0.022592,0.366731,0.074491,0.387671,0.060809,0.37642,0.424176,0.294533,0.143158,0.132987,0.055067,0.569918,0.177983,0.290126,0.257619,0.000315,0.247328,-0.199385,0.32597,-0.163896,0.534699,-0.166079,0.106931,0.034357,0.354565,0.0106,-0.108801,0.388755,0.153558,0.032876,0.219718,-0.137584,0.39499,-0.321288,0.158521,0.474658,-0.067538,0.062502,0.337242,0.619409,-0.070315,0.042335,-0.013958,-0.145155,0.449528,0.012522,-0.239092,0.363036,0.080253,0.047836,0.391129,0.053034,0.014,-0.058267,-0.218886,0.078138,-0.456732,0.043178,0.123842,-0.256805,0.00716,0.068544,0.380518,0.324877,0.317587,0.585808,0.125499,-0.162832,0.44787,-0.055945,0.329527,-0.203811,0.233215,0.460966,0.422203,0.114747,0.432145,0.191294,-0.557286,0.168579,-0.485341,-0.048652,0.312131,0.119444,-0.162191,0.258049,0.311539,-0.245457,-0.111523,0.052595,-0.166274,0.051651,-0.07329,-0.174569,-0.515371,-0.095634,0.181908,-0.051467,-0.531827,-0.313733,0.285622,-0.33345,-0.068493,-0.432807,0.164007,-0.469335,-0.072356,0.507978,0.336203,-0.06496,#
20,-0.113374,0.310364,-0.124206,0.230232,-0.040757,-0.325961,0.282961,0.072287,0.186516,0.140269,-0.196932,-0.465432,0.361045,-0.185124,0.175027,-0.09958,-0.156703,0.462058,0.475554,0.004943,1.0,-0.063757,-0.176974,0.058233,0.066905,-0.061668,-0.248598,-0.137083,0.097575,0.208322,-0.104823,-0.335955,0.04951,0.324908,-0.122455,-0.161431,0.088299,-0.278667,0.234806,0.139469,-0.00941,-0.089137,-0.048486,-0.154057,0.053185,0.257492,0.177498,0.051535,0.048895,-0.123123,0.069437,0.085924,-0.444241,0.362322,-0.033153,0.040176,0.152246,-0.096247,-0.028243,-0.012687,0.116525,0.346728,-0.286732,-0.021528,-0.119344,0.061225,-0.053427,0.113805,0.279849,-0.362461,-0.181551,0.248883,-0.199454,0.040176,0.22264,0.05963,-0.043459,-0.107845,-0.059746,-0.26695,0.117858,-0.208225,0.114247,-0.313942,-0.132093,-0.029308,-0.042762,0.292909,-0.096266,0.170444,0.206444,-0.063573,-0.011057,0.136612,-0.399992,0.031363,0.403143,-0.238754,0.038054,-0.010881,0.083027,-0.219011,-0.122121,-0.029896,-0.15038,-0.04026,-0.231287,0.145549,-0.271025,-0.409712,0.204979,-0.138066,0.058306,-0.131426,0.063399,0.199233,-0.110691,0.095595,0.138158,-0.261039,-0.0843,0.330371,0.0689,-0.420208,0.240128,0.125285,0.062579,-0.008435,-0.050114,0.078288,0.148076,-0.421566,0.249548,-0.031681,0.06878,0.162841,-0.198764,0.121504,-0.046717,0.17023,-0.068713,0.092613,-0.044972,0.115436,0.424977,-0.217263,0.017373,0.435268,0.052953,-0.226813,-0.307519,0.189298,0.333325,0.049236,0.036875,0.231028,0.256144,0.197452,-0.023017,-0.160676,-0.007995,0.117995,-0.029147,0.056928,-0.068586,0.532573,-0.137211,-0.406454,-0.317588,0.305335,-0.178555,0.260366,0.129767,-0.015832,-0.002299,-0.151359,0.006649,0.267423,0.196748,-0.002285,-0.079651,0.380884,0.071091,-0.173815,0.126924,0.048023,0.279153,0.29271,-0.187992,0.168642,0.160825,0.351904,-0.184421,-0.02655,-0.361889,0.032867,-0.174403,-0.066947,0.045165,0.025665,#
