0,1.0,0.009957,-0.389441,0.204757,-0.021814,0.013309,0.259185,-0.374808,0.073771,-0.227727,0.612889,0.714911,0.018159,0.127275,0.347112,-0.219368,0.150567,-0.565938,0.280957,-0.207263,0.080088,-0.019467,-0.154995,0.211388,0.203328,0.182388,-0.081103,0.326727,0.117579,-0.206734,-0.161319,-0.123107,0.136876,-0.090291,0.252391,-0.223181,-0.200843,-0.028325,0.344967,-0.123834,0.012443,0.000615,0.018124,0.01657,0.196474,0.352617,-0.026382,0.087211,-0.401813,-0.155867,-0.212047,0.047596,0.028344,-0.108328,-0.007264,0.042336,-0.15471,0.545323,-0.169622,-0.379466,-0.085267,0.192606,-0.271398,-0.272698,-0.504907,-0.038239,0.210564,-0.179373,-0.29296,-0.26052,-0.021778,-0.202225,0.084084,-0.058158,0.115008,-0.15668,-0.357462,0.023864,-0.441357,-0.051846,-0.265713,-0.209041,0.216186,-0.521283,-0.025224,-0.19052,0.022427,-0.14402,0.095786,0.04577,-0.370621,-0.23388,0.129219,-0.352708,-0.128647,-0.118313,0.181907,-0.385631,-0.407821,0.088725,0.398184,-0.134621,-0.005044,-0.068658,-0.08892,-0.179451,-0.267754,-0.056549,-0.308134,-0.006588,-0.301,0.063054,-0.060317,-0.035187,-0.084894,0.138867,0.0811,-0.055761,-0.177188,-0.086162,-0.169958,0.215938,-0.114951,0.591444,-0.070807,-0.1249,-0.632131,0.162952,-0.506922,-0.114065,-0.518178,-0.298595,-0.115532,0.180116,-0.115532,0.073828,-0.12719,-0.552456,0.314348,-0.384238,-0.031721,-0.015357,0.201176,-0.092722,-0.053728,-0.27844,-0.010098,-0.040281,-0.290902,-0.306294,0.368334,-0.147764,-0.453598,0.107969,-0.024319,-0.108639,-0.140968,0.16634,-0.115012,0.056609,-0.165717,-0.25927,0.028358,-0.396745,-0.275886,0.032513,-0.011997,-0.024971,-0.307317,0.000878,0.350021,-0.512675,0.274952,0.220487,0.191654,0.040203,-0.136335,0.268672,0.086713,-0.284245,-0.153365,0.101508,0.01224,0.031781,0.066296,-0.177212,0.077317,0.010554,0.232263,0.213878,-0.542722,0.470173,0.331145,-0.101296,0.023626,0.040254,-0.349482,-0.398274,-0.170495,-0.544427,#
1,0.009957,1.0,-0.039535,-0.2421,-0.056667,-0.047376,-0.266759,-0.059022,-0.026699,0.118073,-0.208293,0.108352,0.435813,0.426845,-0.142179,0.308422,0.297865,0.111426,0.290323,-0.103561,-0.039444,0.170946,-0.199091,-0.16253,0.23858,-0.164568,-0.199822,0.133941,0.234182,-0.035478,0.159431,-0.134057,-0.067806,0.105093,0.241772,-0.023515,-0.169811,0.114271,0.280185,-0.497147,0.115204,-0.13981,0.043429,-0.260806,-0.437506,-0.044847,-0.195522,-0.015736,-0.158718,0.153624,0.034687,-0.309357,-0.188859,0.209848,-0.157595,-0.057944,0.221239,-0.133567,0.152597,-0.072851,0.041742,-0.164341,-0.191945,-0.043699,0.20169,0.092191,-0.092432,-0.045306,-0.258715,-0.181968,-0.090064,-0.124822,-0.31947,0.180952,0.07063,0.479292,0.008836,-0.040199,0.170149,-0.206679,-0.179458,-0.302962,0.089918,-0.044737,-0.194463,-0.142239,-0.060111,0.189489,0.055444,-0.047839,0.061077,0.024077,0.071552,-0.222172,-0.107695,0.094724,0.038356,0.276796,0.269314,-0.047824,-0.245949,-0.245468,-0.001237,0.269352,0.073077,-0.076862,0.177228,0.093584,-0.339202,-0.386268,0.405816,-0.216282,-0.103348,0.084387,-0.170493,-0.178296,-0.324422,-0.249573,-0.11787,-0.005017,-0.14306,0.200824,-0.328025,-0.17839,-0.331545,-0.227166,-0.393098,0.191498,-0.259594,-0.143102,-0.24203,-0.131661,-0.323921,0.044739,-0.323921,0.142416,0.152908,-0.157231,0.153763,-0.309079,-0.144257,-0.106008,0.243943,-0.187078,0.048215,-0.108565,-0.28038,-0.030077,0.296734,0.210964,-0.125755,0.375463,0.283104,-0.048435,0.119582,-0.361244,0.196118,0.260197,0.10179,0.113694,0.057274,-0.022697,0.073682,0.181546,-0.091499,0.329913,0.233918,0.420586,-0.213291,0.143012,0.113792,-0.203724,0.079882,0.129035,-0.10811,0.082386,-0.085886,0.367074,0.051476,-0.187801,0.338334,-0.373359,0.086811,0.030976,0.139186,0.118597,0.132655,-0.129573,-0.133791,0.320419,-0.216827,0.247544,-0.142342,0.223328,0.098799,0.325145,0.019999,0.021681,0.307813,0.138861,#
2,-0.389441,-0.039535,1.0,-0.282271,-0.13185,-0.225681,-0.148253,-0.141985,-0.038394,0.106901,-0.610004,-0.398096,-0.045481,-0.060728,-0.10241,0.219758,-0.225061,0.491027,-0.506192,0.084317,-0.30444,-0.168622,-0.140876,0.026402,0.386035,-0.237468,-0.080739,-0.109991,-0.171534,0.084732,-0.13102,-0.205053,-0.497194,0.21124,-0.153803,-0.117242,0.119842,0.314229,0.08789,-0.059535,-0.131822,-0.170574,-0.088391,0.092388,-0.024359,-0.275834,-0.381551,-0.314641,0.209134,0.218184,0.063428,-0.123712,0.031814,0.074771,-0.19571,-0.092864,0.258391,-0.343717,0.011653,-0.164187,0.160459,0.044612,0.217045,-0.132569,0.177636,0.203365,0.195435,-0.301507,0.089974,0.219843,-0.180195,-0.016153,-0.40043,0.143691,0.171335,-0.148274,-0.188955,-0.00049,0.144715,-0.032819,0.194294,0.071176,0.181534,0.218123,-0.018722,0.091969,0.198577,-0.019596,-0.092938,0.279143,0.142586,-0.148436,-0.156913,0.134326,-0.094759,0.207641,-0.160556,0.328883,0.07434,0.014807,-0.370355,-0.242463,0.133706,0.05898,-0.063131,0.233037,0.139225,-0.023328,0.243397,0.217116,0.298997,-0.100538,0.182673,0.173487,0.138936,0.169872,0.038562,0.143769,-0.269116,0.164307,0.167306,-0.013937,-0.090517,-0.510533,-0.220045,0.043244,0.221676,0.005564,0.244953,0.213575,0.289226,0.215118,-0.068247,0.192117,0.11936,-0.382736,0.169468,-0.006436,-0.429377,0.164126,-0.018266,-0.098363,-0.140334,-0.311568,0.062437,0.215183,0.126331,0.014065,0.120362,0.260368,-0.299799,0.389856,-0.055872,-0.003597,-0.049376,0.217519,0.151246,-0.064895,0.119933,-0.188896,-0.05037,-0.110795,-0.234015,0.370788,0.118712,0.056505,-0.161308,0.011909,0.311156,0.180318,-0.310092,0.123294,0.176808,0.001233,-0.370917,0.30567,0.295796,-0.114815,-0.17138,-0.008463,-0.282673,0.171426,0.142986,-0.194893,-0.074412,0.251523,0.136842,-0.28021,-0.229682,-0.475729,0.350126,-0.227927,-0.289045,0.054233,-0.256389,0.104978,0.259384,0.367982,0.362009,0.484447,#
3,0.204757,-0.2421,-0.282271,1.0,-0.039373,0.263192,0.017398,0.139294,-0.358802,-0.105255,0.127833,0.197129,-0.048454,-0.338253,0.059512,-0.256131,-0.078499,-0.107377,-0.025439,0.090118,0.331019,-0.391543,-0.254209,0.008504,-0.215861,0.046002,-0.218957,0.222883,0.218352,-0.318777,0.304035,0.062774,0.330887,-0.184794,-0.080512,0.068425,-0.143795,-0.528414,0.000213,0.175647,0.097508,0.114582,-0.037348,-0.093979,0.035504,0.344577,0.161193,-0.287351,-0.018036,-0.408839,-0.188018,0.487669,0.002761,0.133841,0.309207,-0.352785,0.075174,0.395003,-0.038573,-0.099288,-0.590924,-0.185308,-0.174693,0.153098,-0.152242,-0.313495,0.007022,0.02283,0.117305,-0.05926,0.019766,-0.352043,-0.049325,0.277372,0.25642,-0.228935,-0.058027,0.411936,0.023014,0.100594,0.015476,0.052311,0.004797,0.058071,0.111788,0.121106,0.250273,-0.087697,0.333691,-0.151339,0.226889,0.178322,0.135856,-0.104816,0.203932,0.482487,0.17676,-0.088188,0.030461,0.148243,0.321521,0.032853,0.421772,0.127317,0.015193,0.076632,-0.129316,0.289199,-0.192006,0.024129,-0.119071,-0.003483,-0.005031,-0.108979,0.028647,0.085358,0.358122,0.446878,0.073505,0.252489,0.237687,0.060053,0.045106,0.377533,0.203219,0.350777,-0.140151,-0.408967,0.178301,0.327518,-0.151283,0.304801,0.37396,0.073442,0.209033,-0.017061,-0.093373,0.057443,0.099056,0.309435,0.056167,0.094598,0.272198,0.084306,0.133667,-0.186102,0.309903,-0.586791,-0.109719,-0.243938,0.057272,-0.077318,-0.015112,0.148243,0.391196,0.011381,-0.158124,-0.396895,-0.100088,-0.005809,0.018005,0.188185,0.337238,-0.173644,0.000265,-0.295378,0.246749,-0.453071,-0.028268,-0.260971,0.212989,0.150905,-0.259653,0.201833,0.009177,0.218361,-0.03158,-0.236599,-0.203831,0.365623,-0.267979,0.246319,-0.251027,-0.132989,-0.028363,-0.087852,0.137687,0.172627,0.395098,-0.032915,0.074713,-0.252412,-0.082339,-0.152871,-0.153413,-0.044759,-0.373595,-0.439716,-0.088019,-0.065726,#
4,-0.021814,-0.056667,-0.13185,-0.039373,1.0,-0.137406,0.344519,0.09376,-0.127751,-0.282392,0.073387,-0.076571,-0.063406,-0.193573,-0.022683,-0.380251,0.15767,-0.300653,0.256954,-0.146435,-0.068009,-0.110447,0.27362,0.067682,-0.136299,-0.092661,0.002461,-0.317225,-0.027779,0.12547,-0.130249,0.0125,-0.0565,-0.252504,0.119369,-0.075656,-0.004215,-0.408018,0.099035,0.448112,-0.012246,-0.089252,-0.141434,-0.190592,-0.35584,-0.020288,0.074711,0.066483,-0.039652,0.032145,-0.096697,0.116499,-0.326269,-0.100579,-0.06409,-0.35565,-0.318531,0.027607,0.155493,0.194859,-0.161054,-0.093229,-0.061516,-0.224961,0.264749,-0.007829,0.105469,0.015827,0.176317,0.089194,-0.13088,0.23496,0.009843,-0.306583,0.153504,0.169205,-0.122116,-0.291123,-0.061629,-0.320228,-0.358297,0.010481,0.044133,-0.325651,0.200635,-0.095763,-0.145004,0.050919,0.036704,-0.070755,-0.206085,0.005189,-0.077071,-0.090367,0.163049,-0.450025,0.319995,-0.101219,0.14946,-0.21469,0.287706,0.246418,-0.131549,-0.252322,-0.195964,-0.007371,-0.230631,-0.329235,-0.269811,0.084033,0.091246,0.068585,-0.398573,-0.191013,-0.218481,0.130042,-0.009427,0.198165,0.049695,-0.047246,-0.035016,-0.355876,-0.162854,0.045674,0.058563,-0.094286,-0.052071,0.025796,-0.159989,-0.280066,-0.195301,-0.272282,0.183315,0.017434,0.00863,-0.08827,0.194979,-0.034995,0.124254,-0.414969,-0.210978,-0.270261,0.117286,0.185419,-0.27796,-0.035011,0.050812,0.210551,0.016852,-0.006805,0.010975,0.014436,-0.17625,0.210295,-0.312857,-0.11112,-0.041565,0.209438,-0.156561,-0.097825,-0.274867,0.078727,0.053822,0.082031,-0.123239,-0.016879,-0.07696,0.07644,-0.005492,0.365476,0.200401,0.137107,-0.239328,-0.086783,0.095398,-0.32469,-0.012636,0.169599,-0.075252,-0.021192,0.00408,0.178719,0.010211,0.132966,0.120466,-0.180273,-0.40783,0.370773,0.428561,0.07494,-0.298298,0.033975,0.358717,0.322923,-0.004003,-0.188574,0.214149,0.091957,-0.187912,-0.021381,#
5,0.013309,-0.047376,-0.225681,0.263192,-0.137406,1.0,0.153411,0.185832,0.135025,0.2472,-0.161766,0.015157,0.180548,-0.139877,0.475595,-0.076353,0.088796,0.228895,0.302947,-0.136615,-0.250362,-0.105125,0.228247,-0.058821,0.015537,0.465358,-0.371482,-0.154703,0.350659,0.163863,-0.012946,0.065555,0.217615,0.148708,-0.15715,0.368137,0.102481,-0.010907,-0.237225,-0.285825,-0.324612,-0.12217,0.021053,-0.018937,0.279871,-0.076284,0.235139,-0.15147,0.38522,-0.116355,0.079505,-0.196003,0.197581,0.111149,0.071711,0.013185,-0.107114,-0.022153,-0.060544,0.110922,0.076081,-0.050852,0.01363,-0.074278,-0.33486,-0.207242,-0.164197,0.087454,-0.007292,-0.321955,-0.112905,0.220292,-0.080767,0.111877,0.081244,-0.201423,0.15007,-0.1127,-0.085362,0.328581,0.035514,-0.142163,-0.217373,0.245165,-0.210289,-0.096633,-0.155196,0.080479,0.046991,-0.256912,0.111392,-0.231958,-0.252969,-0.41537,-0.06599,0.149241,-0.287884,0.013362,-0.224678,-0.075689,0.411885,0.249483,-0.202532,-0.112236,-0.165332,-0.323346,-0.414492,-0.047761,-0.049282,0.053134,-0.078457,0.225584,-0.162565,-0.098962,0.095628,-0.119494,0.130479,0.127937,0.145885,-0.30067,0.110831,-0.133897,-0.022587,0.223344,-0.124415,0.086493,0.191537,-0.272157,-0.38485,0.157255,-0.021654,0.141997,-0.052698,-0.088878,-0.405894,-0.011546,-0.021444,0.082065,0.285725,0.008743,0.106503,-0.208267,-0.218094,-0.057472,0.0698,-0.273719,0.201044,0.106085,-0.57716,-0.310451,0.117909,-0.504172,0.234006,-0.309513,0.381462,-0.014394,0.13858,0.008192,-0.206511,0.165332,-0.06844,0.257875,0.239332,-0.280122,0.473725,-0.01002,-0.000651,-0.020463,0.217909,-0.428762,-0.017911,-0.053639,-0.160251,-0.096404,0.329594,-0.227121,-0.118929,0.041996,0.091322,0.03949,0.332195,0.273247,-0.249851,-0.127017,0.370957,-0.07536,0.19701,-0.083584,0.069066,0.066087,-0.194566,0.131787,-0.039274,-0.020913,-0.303215,0.532584,0.024076,0.002683,-0.338606,-0.15249,#
6,0.259185,-0.266759,-0.148253,0.017398,0.344519,0.153411,1.0,-0.255003,0.393311,-0.070303,0.241346,0.274589,-0.242541,-0.289755,0.004992,-0.154486,0.218861,-0.074435,-0.019605,-0.039801,-0.352051,-0.201587,-0.115829,0.255129,-0.053208,0.225147,-0.304077,-0.01501,0.209894,-0.066483,-0.249836,0.046267,0.09539,-0.232319,0.09539,-0.071066,0.556278,-0.169823,0.428969,0.23523,-0.013827,0.022168,-0.165453,0.201992,0.015577,0.193265,-0.126121,-0.124517,0.016026,-0.262659,-0.216302,-0.371502,0.173854,-0.047183,0.441956,-0.270362,-0.238249,0.030052,0.214946,-0.250737,-0.086111,0.245888,-0.089587,-0.051194,0.051812,0.238815,0.270251,-0.01264,0.362894,-0.282003,0.022078,-0.042574,0.085558,-0.319256,-0.142217,-0.18788,-0.116499,-0.453027,-0.173184,0.049813,-0.431969,0.325498,0.263495,-0.258945,-0.112816,-0.216134,-0.28799,-0.035314,-0.200928,-0.183184,-0.129192,-0.38058,-0.37852,0.056858,-0.356043,-0.291331,0.280739,-0.140277,-0.36544,-0.161256,0.257526,0.356102,-0.308295,-0.20462,-0.354014,-0.227406,-0.170311,-0.31122,-0.108888,-0.22698,0.032203,0.00546,0.072112,-0.353407,-0.332689,0.006314,0.069875,0.056747,0.18313,-0.065805,-0.331345,0.013855,-0.165537,0.169583,0.008204,-0.082289,-0.067084,-0.036288,-0.307347,-0.106488,-0.193723,-0.095481,0.023756,0.142984,-0.168724,-0.259185,-0.04374,-0.345412,0.010937,-0.303489,0.025313,-0.355395,-0.29201,-0.183298,-0.216134,-0.253298,0.183376,0.308216,-0.151051,-0.588931,0.185403,-0.46783,-0.420255,-0.131238,-0.069254,0.075061,0.102608,0.239428,-0.147784,-0.095433,-0.350183,-0.169458,0.186372,0.03655,-0.252156,0.030195,-0.086286,0.010556,-0.030797,-0.13766,0.389696,-0.385938,0.14412,-0.073698,0.266873,-0.175305,0.041667,0.295968,0.157498,-0.245181,0.044242,0.212958,-0.331412,0.103843,-0.105857,-0.302722,-0.123028,-0.037945,0.048795,0.39204,-0.377175,0.296119,0.195502,0.195132,0.013573,-0.094947,0.083392,0.056976,-0.097706,-0.036313,#
7,-0.374808,-0.059022,-0.141985,0.139294,0.09376,0.185832,-0.255003,1.0,-0.423635,0.114326,-0.081265,-0.304907,0.495,-0.194934,0.069193,0.338489,0.202985,0.198492,-0.178954,-0.226312,0.157547,0.074268,0.338712,-0.032281,-0.273418,-0.024405,-0.116886,-0.169408,-0.255003,0.101075,0.070657,0.096737,0.175865,0.248845,-0.195557,0.134605,-0.199123,-0.237089,-0.509119,0.18256,-0.151726,0.127401,0.002865,-0.053278,0.076637,-0.041849,0.775746,-0.076999,0.410946,0.070973,0.035777,-0.040334,0.088393,-0.24862,-0.095859,0.021107,0.389879,-0.194233,-0.022103,0.63945,0.01948,-0.44861,0.113314,0.28038,0.033973,-0.158979,-0.134164,0.099831,-0.01727,-0.124895,0.24305,0.150797,-0.249251,0.207003,0.206891,-0.109006,-0.075272,-0.039488,0.025203,-0.031793,0.033951,-0.235528,-0.462972,0.233896,0.21012,-0.148259,0.247404,0.105309,0.242001,0.189603,0.091595,0.288827,0.0814,0.039557,-0.037124,0.125157,0.021196,-0.02698,0.352129,-0.247619,-0.080014,0.103592,-0.063142,0.257608,-0.089807,0.168504,-0.176149,-0.026633,0.265437,0.202903,-0.002413,0.097652,0.059952,0.352545,-0.167157,-0.090851,0.143025,-0.112507,-0.109486,-0.18868,0.278197,-0.388967,-0.106108,0.121133,0.075367,-0.139275,0.212427,-0.006123,0.202258,-0.083026,-0.120225,0.192687,0.112605,-0.184879,0.112605,0.331699,-0.003295,0.154234,-0.173893,0.131785,-0.165843,0.007144,-0.192956,0.178601,-0.09037,-0.117371,-0.010854,0.317999,-0.0619,0.127934,-0.088931,-0.16941,0.224406,0.143551,-0.084951,-0.073902,-0.033645,0.093304,0.111441,0.208446,-0.133774,0.268708,0.179829,0.125011,0.492758,-0.336883,-0.366764,-0.08264,0.090739,0.16183,-0.137081,0.254185,-0.583243,-0.17796,0.106063,0.028855,-0.325687,-0.184869,-0.329261,0.09977,0.207568,0.219838,0.236784,-0.135054,0.290923,0.054928,0.065936,0.061394,-0.01634,0.120998,0.135554,-0.378008,-0.169625,0.175667,-0.062887,-0.061031,0.080824,0.125676,-0.134355,0.025517,#
8,0.073771,-0.026699,-0.038394,-0.358802,-0.127751,0.135025,0.393311,-0.423635,1.0,0.390929,-0.024042,0.039243,-0.018002,0.216035,-0.056254,0.010132,-0.009526,0.123556,0.093457,0.215443,-0.189928,-0.05693,-0.039943,0.065497,0.080891,0.387476,0.138446,0.087614,0.204402,-0.020588,-0.094677,-0.139507,0.191021,-0.058334,-0.188064,0.056441,0.403661,0.217831,0.027364,-0.110262,0.102608,-0.14152,-0.051441,0.149898,-0.061236,-0.250479,-0.424959,0.13041,-0.148911,0.128886,-0.136712,-0.401347,0.294917,0.403061,0.231077,0.05119,-0.359176,-0.360368,-0.019732,-0.160643,0.078892,0.061271,0.031081,-0.155575,0.208584,0.155389,0.036289,0.153392,-0.152589,0.001259,-0.02168,-0.115002,0.128338,-0.316404,-0.50797,0.177855,-0.101851,-0.362495,-0.170545,0.222182,-0.341451,0.050411,0.293957,0.124501,-0.440793,-0.110429,-0.249576,-0.150276,-0.401717,-0.360077,-0.10845,-0.616369,-0.582103,0.151213,-0.19209,-0.187332,-0.349628,0.029282,-0.253828,-0.070996,-0.071311,0.13283,-0.102827,-0.141481,0.036254,-0.106965,-0.017803,-0.166196,0.070449,-0.201852,0.143578,-0.132874,-0.148913,-0.18819,0.108996,0.198622,-0.474711,-0.450749,0.212792,-0.363576,-0.468277,0.240931,-0.010542,-0.170616,-0.267808,-0.052781,0.16735,0.02419,-0.26547,-0.372131,0.242802,0.156853,-0.343399,-0.18268,-0.343399,-0.013826,-0.103872,-0.118666,0.200088,-0.247584,-0.146207,0.048766,-0.358361,-0.295519,-0.253698,0.003337,-0.280064,0.253033,-0.154641,-0.261447,-0.07585,-0.361876,-0.043978,-0.474636,0.159764,-0.103556,0.388461,0.453325,-0.493826,-0.184153,0.120018,-0.015408,-0.217527,-0.15933,0.011475,0.192158,0.030169,0.105687,0.13109,-0.280064,-0.226896,-0.348309,0.201152,0.153052,0.0821,-0.22067,0.259577,0.174135,0.683901,-0.33186,0.134327,-0.188789,-0.14084,0.010645,-0.125714,-0.217033,0.039046,-0.204859,-0.356129,0.262284,-0.162062,0.254932,0.106399,0.24897,0.023917,-0.027479,0.193225,-0.038849,-0.159802,0.231481,#
9,-0.227727,0.118073,0.106901,-0.105255,-0.282392,0.2472,-0.070303,0.114326,0.390929,1.0,-0.382316,-0.146838,0.330275,0.434576,0.018812,0.134791,-0.208089,0.34695,-0.108109,0.115016,-0.34973,0.015213,0.119736,0.080837,-0.104144,0.263101,-0.018252,-0.192199,0.48068,0.046958,-0.021156,0.078196,0.182194,0.239108,-0.224002,0.072679,0.410501,-0.041681,-0.247139,-0.225567,0.210596,-0.192064,0.199002,-0.185414,0.106708,-0.431124,-0.110841,0.147557,0.140023,-0.19274,-0.306894,-0.439551,0.476148,0.061459,0.031344,-0.305691,-0.063891,-0.349377,0.206424,0.182055,0.219102,-0.234777,-0.4417,0.233166,0.04975,0.063506,0.094384,0.051235,-0.1401,-0.180434,0.072201,-2.5e-05,-0.441966,-0.18232,-0.075853,0.211208,-0.085453,0.047664,-0.311683,0.177733,-0.198732,-0.225573,-0.154489,0.308221,-0.388931,0.043082,0.004402,-0.203956,-0.425828,-0.20517,-0.027159,-0.435861,-0.449194,-0.016353,-0.323805,-0.075044,-0.712861,0.149112,0.247247,-0.420726,-0.385584,-0.165703,-0.221099,-0.088987,-0.044376,-0.057419,-0.013136,-0.209071,0.358666,-0.105235,0.448689,0.332229,-0.038801,-0.026173,0.270767,0.006115,-0.647588,-0.279493,0.267322,-0.345376,-0.339761,-0.09378,-0.252301,-0.183773,-0.519189,0.132387,0.078507,-0.041367,-0.29532,-0.433578,0.160996,0.097206,-0.591202,-0.111342,-0.452188,-0.254197,0.248355,0.020239,0.122645,-0.168194,-0.190034,-0.163693,-0.535925,-0.229065,-0.31896,-0.263332,-0.382055,0.288684,-0.272824,-0.061162,-0.572767,-0.235689,-0.020625,-0.49922,0.124638,-0.3207,0.777258,0.432963,-0.434551,-0.481424,0.007193,-0.119936,-0.057982,-0.042933,0.328728,0.397724,-0.340498,-0.352153,0.149918,-0.133321,-0.407527,-0.123057,-0.111892,0.128972,0.107828,-0.368143,-0.014178,-0.292286,0.494391,-0.352086,0.530194,0.058592,-0.226856,-0.299284,0.119297,-0.546537,0.117309,-0.376739,-0.735402,0.157542,-0.201408,0.225498,-0.130195,0.236028,-0.368423,0.095315,0.364714,-0.056166,-0.157266,0.36724,#
10,0.612889,-0.208293,-0.610004,0.127833,0.073387,-0.161766,0.241346,-0.081265,-0.024042,-0.382316,1.0,0.619355,-0.18286,-0.096811,-0.018496,-0.318641,0.040918,-0.610744,0.198172,-0.163937,0.289613,0.116128,0.017587,0.10844,-0.06819,0.041685,0.067222,0.210664,-0.109822,0.013894,-0.178907,0.358488,0.245699,-0.222978,0.221434,-0.148467,-0.221784,-0.084381,0.055482,0.148934,-0.098545,0.399579,0.153208,0.190349,0.216983,0.608136,0.234495,0.452175,-0.233102,-0.197174,0.048549,0.207089,0.134823,-0.21747,0.060457,0.167303,-0.073657,0.491605,-0.035192,-0.01674,-0.099192,0.093487,-0.01235,0.113588,-0.439306,-0.030304,-0.008753,0.206681,-0.049666,-0.170052,0.296035,-0.243218,0.513323,-0.276858,-0.104095,-0.126041,0.031471,-0.022601,-0.200366,-0.123049,-0.044169,0.168938,-0.05626,-0.387966,0.05776,0.033466,-0.21116,-0.001608,0.135154,-0.035163,-0.139189,0.086219,0.230902,0.128575,-0.026849,-0.214451,0.437251,-0.38086,-0.251405,0.116198,0.387862,-0.031271,0.045174,-0.110874,0.06254,-0.13025,-0.052607,-0.014403,-0.258584,0.021664,-0.51128,0.12512,0.032057,0.010111,-0.100302,0.02196,0.138476,-0.102016,0.107157,0.014431,0.051018,0.228716,0.291429,0.498293,0.225633,-0.151104,-0.363172,0.139401,-0.161593,-0.051717,-0.363168,-0.221163,0.139525,-0.073002,-0.031968,0.295867,-0.354178,-0.152465,0.217596,-0.286495,0.00687,0.227286,0.220905,0.082432,-0.105492,-0.343449,0.014645,-0.156186,-0.038181,-0.273085,0.460855,-0.359624,-0.24717,0.134919,-0.228243,0.102992,-0.363945,-0.146278,-0.025449,0.135395,0.017997,-0.178677,-0.048317,-0.13521,-0.217513,-0.19188,0.210199,-0.2397,-0.418906,0.014645,0.464112,-0.236889,0.265008,-0.005046,0.283685,0.117905,-0.117939,0.025347,0.030129,-0.01112,-0.190427,0.009823,-0.103438,-0.031318,-0.115774,-0.042634,-0.303256,0.032376,0.327056,0.456597,-0.220884,0.310388,0.287475,-0.289988,0.281822,-0.331342,-0.247303,-0.208261,-0.230733,-0.625927,#
11,0.714911,0.108352,-0.398096,0.197129,-0.076571,0.015157,0.274589,-0.304907,0.039243,-0.146838,0.619355,1.0,0.136017,0.085302,0.111553,-0.159522,0.028824,-0.246475,0.118439,-0.133081,0.027984,-0.17726,-0.130567,0.121844,0.063601,0.036084,-0.077865,0.078282,0.289549,-0.245022,-0.00432,0.007817,0.250797,-0.043999,0.452115,-0.216757,-0.047775,-0.224201,0.423184,-0.013783,0.100818,0.276064,-0.15798,-0.158053,0.115925,0.513569,-0.111155,0.227883,-0.124112,-0.220916,-0.185893,0.072561,0.225413,0.051831,0.259362,-0.003769,-0.043456,0.311071,-0.364263,-0.150993,-0.248711,0.093805,-0.276298,-0.033627,-0.425425,-0.156487,0.10095,0.207736,-0.246137,-0.286283,-0.175377,-0.243783,0.036707,0.104343,0.016024,-0.260033,-0.216609,-0.003834,-0.327212,0.114064,-0.275913,-0.120751,0.289289,-0.226343,-0.040536,-0.176465,-0.201915,-0.184554,0.106528,-0.154663,-0.161775,-0.241959,0.185422,-0.198973,-0.075565,-0.034429,0.197533,-0.183189,-0.069226,0.247648,0.251167,-0.308322,0.114839,0.143173,0.129712,-0.106527,0.00204,0.170692,-0.237263,-0.103402,-0.158343,-0.080696,0.197275,-0.00446,-0.029335,0.000865,0.062797,0.120254,0.290943,0.240202,-0.139736,0.349081,-0.069497,0.676557,-0.155724,0.086401,-0.460073,-0.007364,-0.493268,-0.037696,-0.342931,-0.223625,-0.225409,0.443568,-0.225409,0.14088,-0.276446,-0.512995,0.390291,-0.291652,0.020624,0.038672,0.169797,-0.278463,0.158782,-0.420617,0.089831,-0.152313,-0.253955,-0.374129,0.102343,-0.212244,-0.263265,0.049388,0.097764,0.121567,0.002316,-0.044206,-0.062911,-0.031206,-0.18823,-0.138515,-0.068457,-0.02194,-0.340721,-0.082025,0.156666,-0.046386,-0.2801,-0.220756,0.43233,-0.302942,0.350855,0.102825,-0.055815,0.084109,0.003143,0.203429,0.121519,-0.089509,-0.089236,-0.005372,-0.318285,-0.132242,0.017818,-0.063347,0.000578,-0.095022,0.287146,0.430314,-0.559222,0.440901,0.069651,-0.297094,-0.118466,0.005699,-0.189648,-0.19756,0.067627,-0.293649,#
12,0.018159,0.435813,-0.045481,-0.048454,-0.063406,0.180548,-0.242541,0.495,-0.018002,0.330275,-0.18286,0.136017,1.0,0.212746,0.080771,0.301634,0.29111,0.356033,-0.072941,-0.311166,-0.029787,-0.062424,0.047132,0.050388,0.008399,-0.104185,0.059997,-0.091223,0.007136,-0.040126,0.188331,-0.1424,0.153766,0.329161,0.052489,0.218268,-0.088852,-0.133634,-0.181232,-0.18099,-0.051954,-0.034898,0.028662,-0.19494,-0.127182,-0.052896,0.27314,-0.051468,0.279861,0.158293,-0.168715,-0.242237,0.015972,0.166367,-0.139323,-0.103632,0.189695,-0.32114,-0.141499,0.225993,0.045955,-0.614305,-0.139224,-0.004159,0.080735,-0.156398,0.183065,-0.002992,-0.30663,-0.176676,0.013486,-0.124522,-0.581213,0.180635,0.300078,-0.098516,-0.408758,-0.034572,-0.247472,0.005161,-0.380098,-0.5055,-0.119677,0.176395,-0.19359,-0.353587,0.160237,-0.027925,0.059115,0.162009,0.064089,-0.201508,-0.129721,-0.216957,-0.100774,0.096726,-0.163895,0.280313,0.254887,-0.290029,-0.221358,-0.252189,0.007262,0.477923,0.076824,0.134947,-0.242608,-0.012798,0.099563,0.184065,0.186031,-0.220877,0.120429,0.310299,-0.165911,0.057066,-0.317158,-0.240127,-0.114435,-0.21495,-0.139467,-0.077007,-0.32027,0.080331,-0.275839,-0.221474,-0.18229,0.114685,-0.232907,-0.349495,-0.120862,0.304055,-0.316245,0.00194,-0.316245,0.356522,0.149291,-0.386283,0.157576,-0.302003,-0.35395,0.004217,-0.233983,-0.123365,-0.155311,-0.164357,-0.266361,0.339063,-0.128583,-0.049828,-0.333649,-0.074934,0.045283,-0.042167,0.122693,-0.348797,0.171765,0.452868,-0.103236,0.115581,-0.055705,0.187071,-0.174926,0.183676,0.273696,-0.071169,-0.248544,0.184298,0.025065,0.140058,-0.110848,-0.210386,-0.332242,-0.165415,-0.11469,-0.123999,-0.344074,0.15651,0.063718,-0.179365,0.326584,0.074897,0.08031,-0.178744,0.581099,-0.107319,0.114735,-0.125733,-0.14038,0.313661,-0.211745,-0.012523,-0.129922,0.208907,-0.308394,0.083525,0.239685,0.026063,-0.141294,0.131503,#
13,0.127275,0.426845,-0.060728,-0.338253,-0.193573,-0.139877,-0.289755,-0.194934,0.216035,0.434576,-0.096811,0.085302,0.212746,1.0,0.053887,0.186119,-0.203619,-0.143297,0.383979,0.207365,-0.010405,0.342806,0.228963,-0.287666,-0.046524,0.030935,0.230167,0.22918,0.279119,-0.340766,0.248952,0.000384,-0.046873,0.251039,-0.111506,-0.342218,-0.194449,0.238171,-0.143294,-0.487422,0.108675,-0.126212,0.211027,-0.209075,-0.170972,-0.280398,-0.346157,0.253115,-0.34038,-0.140603,-0.109686,-0.202417,0.090099,0.05371,-0.246275,0.0788,-0.117414,0.082421,-0.088217,0.028443,0.253637,-0.164934,-0.172233,-0.017789,0.03987,-0.07983,0.123776,-0.123634,-0.535835,0.129158,-0.066072,0.039689,-0.08048,-0.281263,0.01617,0.31276,0.05585,0.23893,-0.130872,0.188073,0.083101,-0.135388,0.045247,0.005752,-0.103745,0.190966,-0.171117,-0.136753,-0.273442,0.162928,-0.189176,-0.053576,0.065558,-0.252583,-0.103567,-0.131626,-0.227836,0.195043,0.325676,-0.014219,-0.425801,-0.21616,-0.071983,-0.115674,0.066902,-0.078482,0.208131,-0.096432,0.004385,-0.103868,0.341948,0.089769,-0.196229,0.190754,0.456372,-0.011862,-0.426809,-0.426353,-0.019189,-0.067676,-0.151691,0.351631,-0.095846,-0.103891,-0.3739,0.105765,-0.263783,0.275126,-0.185402,-0.319656,0.182416,-0.324308,-0.432503,-0.176329,-0.084552,0.040844,0.284384,-0.223299,0.122586,-0.244788,0.109005,-0.014882,-0.140353,-0.083912,-0.122681,0.1781,-0.389305,0.124854,-0.111013,0.188843,-0.271052,0.195517,0.107324,-0.236513,-0.120146,-0.270834,0.468956,0.264259,-0.081229,-0.130387,0.268523,-0.303291,0.139348,-0.221098,0.076017,0.755847,0.03565,0.195818,-0.114224,0.243315,-0.223486,-0.254733,-0.068721,0.128908,-0.293349,-0.25132,-0.234714,-0.022285,0.309395,-0.337169,0.224141,-0.512227,0.156503,0.122584,-0.199537,-0.307352,-0.051253,-0.053693,-0.432847,-0.072434,-0.045421,0.219463,-0.270928,0.080886,0.119316,-0.082179,-0.037452,-0.176773,-0.069853,0.098998,#
14,0.347112,-0.142179,-0.10241,0.059512,-0.022683,0.475595,0.004992,0.069193,-0.056254,0.018812,-0.018496,0.111553,0.080771,0.053887,1.0,0.026818,0.027661,-0.049054,0.099158,0.020403,-0.069204,-0.116215,0.290829,0.084185,-0.061842,0.36985,-0.181908,-0.129216,0.033856,-0.116085,-0.057725,-0.077875,0.239316,-0.075652,-0.135057,0.069784,-0.301928,-0.0513,-0.089899,-0.207624,-0.213416,-0.223698,-0.102756,0.083744,0.353634,-0.291142,0.324919,-0.042065,0.011674,-0.0381,0.101485,-0.060262,-0.125083,-0.391213,-0.271197,0.222187,-0.193805,0.178526,-0.164318,0.017974,0.006791,0.264639,0.025759,-0.242504,-0.475773,-0.281974,-0.07717,-0.092456,-0.354116,-0.326336,-0.194291,0.246904,-0.198704,0.128518,0.007576,-0.177787,-0.342797,0.138812,-0.585278,0.486555,0.07353,-0.328152,-0.252191,-0.035058,-0.01976,-0.200772,0.312037,-0.215482,0.180727,0.253904,-0.312481,-0.335362,0.102151,-0.458105,-0.158242,-0.045759,-0.118162,-0.087307,-0.133942,0.020773,0.311596,0.229791,-0.330813,-0.409812,-0.200763,0.178382,-0.408878,-0.248328,0.260086,0.370639,-0.124975,0.110787,-0.086612,0.050055,0.220993,0.207973,0.220735,-0.057618,-0.24245,-0.45356,-0.102724,-0.28338,0.031842,0.292033,-0.036566,-0.029243,0.030692,-0.168214,-0.398745,-0.040151,-0.292686,-0.235443,-0.32273,0.001506,-0.159708,-0.032688,-0.201171,-0.32289,0.209312,-0.087004,0.232413,0.043285,-0.086986,0.078708,-0.217103,-0.168298,0.250549,0.277443,-0.491006,0.20504,0.001846,-0.197603,0.003825,0.21068,0.048648,0.113763,0.163291,0.235192,0.033723,0.466403,-0.175613,-0.09211,0.108429,-0.335241,0.396951,0.157839,-0.286539,0.189467,0.328582,-0.048864,-0.178252,0.042689,-0.100126,0.065845,0.055639,-0.312374,-0.021197,-0.176578,0.081222,-0.141556,-0.022337,0.161852,0.221324,-0.293089,0.379549,-0.209649,0.237678,-0.160339,0.074157,-0.059526,-0.241616,0.169244,0.130667,0.190154,-0.276213,0.489935,-0.178726,0.087838,-0.350829,-0.170987,#
15,-0.219368,0.308422,0.219758,-0.256131,-0.380251,-0.076353,-0.154486,0.338489,0.010132,0.134791,-0.318641,-0.159522,0.301634,0.186119,0.026818,1.0,0.420484,0.323179,-0.373886,0.196122,-0.072218,0.341829,0.002856,-0.195661,0.114759,0.111871,-0.229564,0.166406,-0.109957,-0.203886,0.057729,-0.225014,-0.021695,0.404417,-0.081915,-0.205781,-0.150564,0.223486,0.025249,-0.252922,-0.048165,-0.023257,0.022117,0.254086,-0.088922,-0.12636,0.081965,-0.328007,0.027805,0.293888,0.085875,-0.448212,-0.006905,-0.039177,0.21006,0.139492,0.351526,-0.489396,-0.149832,0.06317,0.077723,-0.005225,0.166011,0.159542,0.11269,-0.19975,-0.059463,-0.00842,-0.416725,-0.169018,0.085883,0.190371,-0.122431,0.369507,-0.100415,0.101584,-0.110151,-0.064427,0.280044,0.061388,0.000465,-0.187948,-0.133998,0.317634,0.057889,-0.21999,0.291961,-0.253844,-0.023114,0.266728,-0.100118,0.062959,-0.082508,-0.004262,-0.278841,0.221099,0.003741,-0.000811,0.088586,0.115462,-0.43228,0.113319,-0.112831,0.437944,-0.063285,-0.028824,0.29136,0.082475,0.380174,-0.298834,0.288788,-0.258232,0.336424,0.452607,-0.245887,-0.267049,0.091671,-0.498704,-0.232473,-0.04687,-0.077457,0.200301,-0.295326,-0.037567,-0.087998,-0.233209,-0.003348,0.199924,0.14481,0.036769,0.075697,0.026012,-0.119457,0.118886,0.232838,0.046553,0.014397,-0.275287,-0.257202,0.181672,0.116214,-0.002606,-0.167577,-0.186986,-0.060622,-0.021132,-0.20201,0.248851,0.03791,0.08132,-0.144478,0.129024,0.1846,-0.138401,0.077219,0.204392,0.165067,0.199715,0.224721,0.199258,-0.067662,-0.059325,0.363311,-0.02132,0.141618,-0.100485,-0.165497,0.291464,-0.020791,0.11825,-0.146489,0.034789,0.064677,0.081812,-0.169237,0.216663,0.076105,0.320582,-0.076426,-0.022398,0.044864,-0.107598,0.428275,0.158937,-0.206649,0.276842,0.344119,-0.129944,-0.296815,-0.028569,0.218308,-0.118731,-0.335974,0.223848,0.069839,0.115186,-0.008126,0.176449,0.42435,0.347688,#
16,0.150567,0.297865,-0.225061,-0.078499,0.15767,0.088796,0.218861,0.202985,-0.009526,-0.208089,0.040918,0.028824,0.29111,-0.203619,0.027661,0.420484,1.0,-0.119049,-0.034417,-0.005346,-0.060959,0.207338,-0.203696,0.180829,-0.096308,0.094553,-0.015839,0.14158,0.060843,0.231968,-0.29072,-0.033263,0.172362,0.225818,0.226112,0.00689,-0.022369,0.062904,0.219526,0.023847,-0.172927,-0.248218,-0.011946,0.17249,-0.08302,0.229546,0.217925,-0.092778,-0.077538,0.288281,-0.090368,-0.436568,-0.376493,0.126767,0.198479,-0.077831,0.130489,-0.13289,0.113841,-0.046381,-0.107947,-0.156125,-0.023694,0.051022,0.050433,-0.208851,0.200805,0.06479,-0.165686,-0.170941,0.24659,0.109682,0.099671,0.198357,-0.105211,0.185344,-0.10826,-0.441641,0.098838,-0.296616,-0.35455,-0.01056,-0.143621,-0.057203,-0.105552,-0.404959,0.283059,-0.078151,0.166063,0.25022,-0.269802,-0.114054,-0.247313,-0.192506,-0.092598,0.018731,0.359848,-0.410648,-0.300955,-0.11282,0.183169,0.441092,-0.288835,0.280423,-0.256336,-0.199653,-0.240914,0.073764,0.011799,-0.298871,-0.085762,-0.059341,0.160032,0.247183,-0.711109,-0.296847,0.085705,-0.31436,0.02976,-0.164454,-0.271201,-0.046207,-0.459099,0.18792,0.160796,-0.35772,-0.352809,0.295107,-0.141575,0.022168,-0.14574,0.018731,0.069365,-0.018483,-0.119363,0.226635,0.283846,-0.271033,0.002511,-0.185003,0.100474,0.014348,0.042756,0.15274,-0.240712,-0.091197,-0.202034,0.245886,0.049054,-0.3424,0.223069,0.115658,0.141285,-0.11282,0.079621,-0.156138,-0.217177,0.289933,0.049054,0.206139,-0.183872,0.113855,0.148209,-0.269933,-0.192814,-0.284218,0.04687,0.329381,-0.061177,0.113644,0.417621,-0.211105,0.072168,-0.169593,0.221818,0.029672,-0.148391,0.678767,-0.044285,-0.187309,0.229807,0.100274,0.297086,0.34505,0.181513,0.008841,0.165124,-0.124263,0.042716,0.372849,-0.194959,0.122615,0.062145,0.237813,0.062067,0.277308,0.012768,-0.229484,0.136854,-0.200089,#
17,-0.565938,0.111426,0.491027,-0.107377,-0.300653,0.228895,-0.074435,0.198492,0.123556,0.34695,-0.610744,-0.246475,0.356033,-0.143297,-0.049054,0.323179,-0.119049,1.0,-0.457527,0.04257,-0.095803,-0.281617,0.037028,-0.132238,0.058043,-0.086118,-0.131745,-0.352994,-0.037374,-0.061944,0.248662,-0.20271,-0.005783,0.204683,-0.135181,0.28003,0.271104,0.133439,0.085939,-0.259236,0.188792,0.044901,-0.206113,0.004839,0.054706,-0.329359,-0.033432,-0.382278,0.405341,-0.093763,0.026397,-0.260135,0.202689,0.098733,0.11863,0.052116,0.269897,-0.653182,-0.121583,0.184747,0.06816,-0.059872,-0.006647,-0.053484,0.249057,0.143878,0.043206,0.031614,0.135582,-0.084321,-0.331082,-0.141598,-0.531411,0.351862,0.114664,-0.264471,-0.031243,0.050671,0.111122,0.306511,-0.084873,0.054419,0.006911,0.685779,-0.120568,-0.095822,0.094796,-0.129349,-0.113893,-0.107021,0.476799,-0.212816,-0.305088,0.26235,0.005448,0.325656,-0.345844,0.588006,0.161275,-0.052523,-0.40956,-0.0953,0.006196,0.430041,0.30222,0.204449,0.103071,0.008342,0.400765,0.055407,0.330545,-0.354799,0.170405,0.158723,-0.088477,0.086376,-0.109159,-0.033995,0.054237,0.042697,-0.03235,-0.187918,-0.075647,-0.323581,-0.163855,-0.146906,0.430104,-0.377757,0.114106,-0.003263,0.264636,0.489805,-0.176861,0.051085,-0.140103,-0.038751,0.035345,0.106387,-0.171936,0.07403,-0.043844,-0.019612,-0.40332,-0.401061,0.065121,0.027516,0.228005,0.122063,0.100891,0.125602,-0.418471,-0.094827,0.218873,-0.06544,0.175434,0.032337,0.36739,0.078406,-0.040609,0.097064,0.138789,0.108657,-0.118716,0.499798,0.357634,-0.0555,-0.064105,0.126671,0.285105,-0.078042,-0.285866,0.051415,-0.133719,-0.286189,-0.280687,-0.025747,0.166422,-0.148272,0.0575,0.03798,0.14279,-0.088412,-0.308788,-0.30896,0.17053,0.167791,0.199513,-0.249249,-0.351629,-0.039242,0.235135,-0.34659,-0.42405,0.123901,-0.311124,0.181088,0.290774,0.418458,0.146609,0.631499,#
18,0.280957,0.290323,-0.506192,-0.025439,0.256954,0.302947,-0.019605,-0.178954,0.093457,-0.108109,0.198172,0.118439,-0.072941,0.383979,0.099158,-0.373886,-0.034417,-0.457527,1.0,-0.161192,0.15568,0.204052,0.321706,-0.208826,0.063485,0.271061,-0.057311,0.237285,0.319062,-0.030204,0.132495,0.145877,0.021934,0.029037,-0.129983,-0.095002,-0.26004,-0.028269,-0.08618,-0.194102,-0.149885,-0.087952,0.116615,-0.307487,-0.070076,-0.006723,-0.077312,0.228843,-0.19511,-0.048264,0.186731,0.073907,-0.192386,0.141356,-0.275453,0.141742,-0.289042,0.389907,0.065964,0.104874,0.036188,-0.052933,-0.048594,-0.214268,-0.151266,-0.029625,-0.219127,0.022589,-0.125111,0.138135,-0.125059,0.239495,0.234513,-0.285976,-0.041542,0.290497,0.327042,-0.126388,-0.0196,0.011161,0.115846,-0.119642,0.125549,-0.235205,0.06222,0.15988,-0.434203,0.230852,0.007502,-0.315126,-0.047785,0.169883,0.130678,-0.32578,0.235348,-0.337248,-0.050085,-0.13485,-0.028246,-0.010597,0.271328,-0.041562,0.04452,-0.248433,0.131706,-0.290716,-0.23458,-0.083118,-0.5221,-0.03963,-0.171447,0.226716,-0.545009,-0.195413,0.155908,-0.110331,-0.167882,-0.00912,-0.001461,-0.056551,0.139589,0.168396,0.082633,0.197627,-0.130945,0.096197,-0.206494,0.048915,-0.257238,-0.197919,-0.142445,-0.472125,0.116931,-0.267234,-0.066067,0.166703,0.129241,0.078238,0.509426,-0.201892,0.023201,-0.023201,0.265666,0.034954,0.118067,0.117943,-0.071788,-0.015455,-0.270496,0.018001,0.439393,-0.118118,0.166349,0.024601,0.0606,-0.182676,-0.020419,0.070214,-0.124154,-0.003589,0.107172,0.136238,0.221332,-0.357591,-0.105913,0.445933,0.294815,0.226566,-0.202982,0.001465,0.101654,-0.234708,-0.060062,0.057341,0.041931,-0.222475,-0.21676,0.280528,0.059896,-0.197888,0.304508,-0.375157,-0.143928,0.352745,0.033835,-0.064657,-0.125715,0.287808,0.164102,0.009065,-0.286789,0.233575,0.118821,0.06378,0.275732,0.020772,-0.164295,-0.327166,-0.300241,-0.430251,#
19,-0.207263,-0.103561,0.084317,0.090118,-0.146435,-0.136615,-0.039801,-0.226312,0.215443,0.115016,-0.163937,-0.133081,-0.311166,0.207365,0.020403,0.196122,-0.005346,0.04257,-0.161192,1.0,0.087329,-0.106517,-0.097132,-0.146363,-0.321606,0.112195,0.213467,0.175902,0.304895,-0.287406,0.303412,0.052417,0.10508,0.049938,-0.149626,-0.095334,-0.035891,0.05661,0.070585,-0.042571,0.166939,0.08281,-0.127022,0.084123,0.059707,-0.251527,-0.345639,0.018911,-0.447986,-0.12464,-0.109396,-0.01677,-0.187469,0.149989,0.034108,-0.12233,0.060179,-0.057553,-0.105017,-0.062896,-0.37959,-0.101036,0.282858,0.230581,0.062169,-0.447773,0.065593,0.344924,-0.295967,0.190036,0.175788,-0.053143,0.205972,-0.082951,-0.353097,0.177246,0.201495,0.375903,0.143227,0.341836,0.130814,0.332953,0.061555,0.403856,-0.102149,0.375702,0.398387,-0.300475,0.055434,0.092702,-0.240664,-0.020201,-0.097108,0.105757,0.354894,0.244028,0.134417,0.086611,0.158959,0.431911,-0.275469,0.318412,0.19154,-0.241752,0.204875,0.307164,0.278485,0.23169,0.444838,0.067414,0.126347,-0.1735,0.108647,0.209831,0.201615,0.155056,0.013782,-0.137163,0.358903,-0.020376,-0.197842,0.279452,0.125595,-0.130882,0.102551,0.207257,0.148579,-0.096784,0.374742,0.096824,0.427817,0.072484,0.030931,-0.061705,0.21315,-0.069408,-0.025576,0.128183,-0.109067,0.294391,0.676413,0.389342,0.11767,0.186841,-0.086909,0.235625,0.064675,-0.202658,0.016914,0.189679,-0.322443,0.223126,0.423202,-0.204172,0.132378,0.095522,0.233738,-0.115436,0.024645,-0.079466,0.42471,0.108371,0.280005,-0.179555,-0.103529,0.142715,0.274592,0.089416,0.42758,0.088989,-0.169995,0.160543,0.093611,-0.059988,-0.425096,0.010684,0.447571,-0.148933,0.091216,-0.001525,-0.308589,-0.357504,-0.026145,-0.17042,-0.548123,-0.283832,0.094914,-0.23766,-0.127999,-0.151443,0.464843,-0.190304,-0.467894,0.156506,0.287337,0.047458,-0.205922,-0.060452,0.274963,0.366189,#
20,0.080088,-0.039444,-0.30444,0.331019,-0.068009,-0.250362,-0.352051,0.157547,-0.189928,-0.34973,0.289613,0.027984,-0.029787,-0.010405,-0.069204,-0.072218,-0.060959,-0.095803,0.15568,0.087329,1.0,-0.074974,0.120926,-0.325382,-0.354471,-0.128255,0.25525,0.245127,-0.344363,-0.306078,0.336754,0.054216,0.492144,0.01759,-0.154767,-0.307019,-0.511508,-0.065256,-0.181182,-0.071606,0.208877,-0.023798,-0.219739,-0.074834,0.060855,0.183253,0.178148,0.138555,-0.31521,-0.218622,-0.015053,0.476138,-0.156214,0.115515,0.039201,0.332616,0.095068,0.239475,-0.292625,0.315417,-0.34494,-0.174792,0.019449,0.057728,-0.052258,-0.003455,0.029554,0.206321,-0.134394,0.392656,-0.055803,-0.4036,0.157105,0.302266,-0.07669,-0.135826,-0.051404,0.257266,0.039169,0.110223,0.202373,0.236861,0.196138,0.260543,0.293091,-0.029422,0.27907,-0.066013,0.362024,0.036226,0.415104,0.37833,0.314721,0.308221,0.411119,0.347481,0.21826,-0.072293,0.028965,0.381712,-0.045687,-0.130528,0.461686,0.324167,0.463505,0.42407,0.034322,0.326174,-0.002741,0.060511,-0.140749,-0.206983,-0.325539,0.287895,0.049765,0.296645,0.176981,-0.20397,-0.036153,0.239787,0.27212,0.067494,0.232085,0.225763,0.183284,0.078438,0.038008,-0.139726,0.41562,0.013647,0.07368,0.1729,0.242977,-0.341374,0.407855,0.527561,-0.084597,0.241426,0.1207,0.166055,0.074066,0.645787,0.281114,0.040934,0.001901,0.278837,0.331422,-0.425378,0.229208,0.356682,0.258366,0.11129,0.331843,0.565976,0.183422,0.022503,-0.175928,-0.237475,-0.081152,0.350426,0.459231,0.216331,0.007825,-0.153756,0.034906,-0.124152,0.443557,0.068021,-0.005639,0.040905,0.086212,0.050475,-0.259914,-0.022604,-0.32155,0.258981,-0.028905,-0.206976,-0.035212,0.21568,-0.263027,-0.458869,0.084696,0.056717,-0.182666,0.280685,0.155947,0.198855,0.111829,-0.014163,0.304569,-0.439561,-0.26204,0.01071,0.18323,-0.377536,-0.43618,-0.430115,-0.165989,-0.07112,#
