0,1.0,0.386894,0.044832,-0.050832,0.436268,0.430906,0.185424,0.019931,0.189066,0.337904,0.219899,-0.015995,0.232222,0.239286,0.331229,0.175248,0.04893,0.002168,0.257652,-0.326816,0.23506,0.071232,0.28183,-0.069385,0.266519,-0.488055,0.186725,0.164597,0.064841,0.331559,-0.415895,0.149684,-0.160928,-0.276582,0.142233,0.267192,0.002071,-0.323336,0.24978,0.033489,0.184583,0.033997,0.01801,-0.137333,0.091901,-0.527459,-0.061731,-0.098715,0.068265,-0.36416,0.2112,-0.250718,-0.184457,-0.143168,0.061799,0.020704,-0.836154,0.283924,-0.410911,0.322323,0.136519,0.25441,-0.248456,0.076433,-0.013893,0.211397,-0.108814,0.270631,0.219976,0.129348,0.164697,0.142086,0.272582,-0.048295,-0.005651,0.147994,-0.415868,-0.301093,-0.285675,-0.269957,-0.300987,-0.415972,-0.301116,0.086102,-0.364272,-0.1375,-0.234684,-0.168727,-0.197254,-0.354277,-0.282938,-0.536951,-0.252838,-0.106817,-0.38375,-0.053555,-0.110484,-0.137574,-0.354124,-0.301043,0.218379,-0.451316,-0.035362,0.090827,-0.072675,-0.301093,0.045829,-0.140132,-0.252908,-0.136469,0.208569,-0.108791,-0.26349,-0.075634,-0.491292,-0.276595,0.117825,-0.389544,0.027487,-0.090048,-0.451379,-0.230006,-0.655189,-0.276628,0.13052,-0.166207,-0.000537,0.186306,-0.482092,-0.354277,-0.444126,-0.16099,-0.485637,0.123263,-0.051096,-0.301156,-0.075323,-0.301116,0.20373,-0.547711,-0.301087,0.043669,-0.383789,-0.956951,-0.385557,-0.504936,-0.427085,0.400934,-0.427085,-0.276092,-0.364272,-0.349276,0.001318,-0.252984,-0.245267,-0.276518,0.030739,0.282417,0.137937,-0.383584,-0.029089,-0.276595,0.08188,-0.075634,-0.165193,0.224743,-0.079433,0.081073,-0.276681,-0.276628,0.428931,0.138465,-0.134864,-0.074378,0.377569,-0.537166,-0.184414,0.234664,0.20229,-0.547252,0.40938,-0.042372,0.214044,0.299007,0.101131,-0.147448,0.050199,-0.016677,0.044276,0.318655,-0.400707,0.168228,0.140286,0.047546,-0.227524,0.21989,0.26548,-0.350478,0.195566,0.050518,#
1,0.386894,1.0,0.228777,-0.091951,0.238722,0.430931,0.452747,-0.384843,0.444354,0.161652,0.119749,0.165243,-0.259028,0.350758,0.267278,-0.114438,-0.315351,0.398081,0.155324,-0.138593,0.3012,0.231934,0.399343,-0.152265,0.168628,-0.336617,0.192569,-0.082029,0.285013,0.496634,-0.461386,-0.255181,0.022264,-0.244186,-0.221731,0.099999,0.138354,-0.476325,0.012983,0.051393,0.267071,0.207699,0.071256,0.028978,-0.096374,-0.204947,0.106361,0.044385,0.111751,0.086431,-0.235801,-0.401879,-0.055501,-0.404676,-0.045685,0.309147,-0.254442,0.339664,-0.264325,0.462584,0.226942,0.365264,0.195257,-0.114118,0.174981,0.284108,-0.165616,0.120664,0.300327,0.186926,-0.104868,0.210016,0.104128,-0.069209,-0.176576,0.201823,-0.282037,-0.07144,-0.430284,-0.033783,-0.084879,-0.633115,-0.458303,0.152345,0.091235,0.026298,0.04238,-0.384949,0.058407,-0.158459,-0.091937,-0.022144,-0.209969,0.38582,-0.189703,-0.420717,0.091168,-0.33856,0.026312,-0.288961,0.207953,-0.129869,-0.031077,0.100148,-0.066642,-0.07144,-0.218907,-0.616094,0.205201,0.010548,0.022336,-0.165582,-0.383295,0.055346,-0.368101,-0.21326,-0.169714,-0.186667,0.211214,-0.457334,-0.127727,-0.350073,-0.127283,-0.421032,0.128367,-0.083586,0.397195,0.235214,-0.47644,-0.33967,-0.193009,-0.245029,-0.264531,-0.201942,-0.231398,-0.458364,-0.114643,-0.254388,0.154936,-0.785645,-0.256694,-0.239347,-0.384298,-0.380087,-0.097571,-0.5719,0.03532,0.501868,0.03532,0.140831,-0.143576,-0.289737,-0.012509,-0.173343,0.014938,-0.037901,0.043358,0.504762,0.03717,-0.220213,-0.209034,-0.21326,-0.036388,0.257895,0.12081,0.161237,-0.289728,-0.209159,-0.421113,-0.421032,-0.112103,-0.012935,-0.23705,-0.272352,0.203749,-0.425218,-0.28068,0.345329,0.296145,-0.3031,0.428817,-0.074107,-0.066212,0.257495,0.338184,-0.111635,0.265879,-0.055096,-0.497343,0.472273,-0.354664,0.43966,0.397345,0.168542,-0.15635,-0.049035,-0.168826,-0.224971,-0.000727,-0.161997,#
2,0.044832,0.228777,1.0,0.257456,-0.018363,-0.012974,-0.152712,-0.035346,0.15347,0.221655,0.239696,0.283587,-0.25815,0.027937,-0.294993,-0.14845,-0.166526,0.378676,-0.259768,-0.350137,0.089447,-0.024823,0.225333,-0.090759,0.37047,0.106456,-0.321333,-0.093262,0.105116,-0.08673,-0.011829,0.178756,0.082815,-0.13447,0.059555,0.282458,0.192896,-0.330441,-0.032077,0.024052,0.114996,0.166786,-0.010342,-0.210347,0.035099,-0.099331,-0.230592,-0.236901,0.002747,-0.021841,0.097606,-0.053819,0.147436,0.433198,0.192337,-0.169703,-0.115244,0.139758,-0.296536,0.059535,0.234217,-0.02564,0.025543,-0.210999,0.243508,0.13505,-0.078753,0.28096,0.050447,0.052462,-0.113808,-0.102026,0.049236,-0.043183,0.304582,0.103548,-0.341125,0.097089,-0.304743,-0.177286,0.099944,0.001608,-0.219081,0.101726,-0.050664,-0.274641,0.165461,-0.0398,-0.116289,-0.073376,-0.029091,-0.157677,-0.227539,-0.122544,-0.022966,-0.097495,0.175637,0.092497,0.374096,0.08201,-0.148213,0.227419,0.005097,0.408365,-0.085212,-0.069002,0.088077,0.029142,-0.033548,0.025904,-0.069323,-0.060379,-0.392092,0.148809,0.114186,0.216863,-0.432357,-0.221439,-0.047947,0.129904,-0.099304,-0.106066,0.357633,0.013232,-0.006517,-0.008249,-0.012766,-0.427444,-0.360931,-0.089537,0.027476,-0.335154,-0.031369,-0.073451,0.03561,-0.23457,0.144927,0.093924,-0.026982,-0.107476,-0.05125,0.310362,-0.213026,-0.139657,-0.230933,-0.331285,0.008037,0.112833,0.016486,-0.133721,-0.063047,-0.286058,-0.024233,-0.020415,-0.027573,-0.142281,0.231342,0.137883,0.26769,0.095547,0.145816,0.07837,0.105103,0.142324,0.011238,0.046216,-0.098082,-0.38502,-0.124526,0.043948,0.119361,-0.238097,-0.09399,-0.083842,-0.123982,0.012274,-0.053472,0.208213,-0.074583,-0.214827,-0.195901,0.122086,0.110543,-0.13305,0.139684,-0.173693,-0.114388,-0.363363,0.243306,0.286523,-0.405368,0.159071,0.411659,0.319237,0.082708,0.099449,-0.056017,-0.271204,-0.160627,-0.204929,#
3,-0.050832,-0.091951,0.257456,1.0,0.07963,-0.239469,-0.242387,0.463504,-0.086612,0.040671,-0.041797,-0.102423,0.118664,-0.286935,0.197719,-0.090643,-0.066788,0.348169,-0.439234,0.265427,-0.152628,-0.33554,-0.007294,0.101052,0.566456,0.276389,-0.429218,-0.159786,-0.208243,-0.154961,0.384358,0.280375,0.288394,0.079788,0.006881,0.176909,0.123746,0.154836,-0.046512,-0.081767,0.092984,-0.173218,-0.442544,-0.374428,0.685866,-0.315111,-0.166067,0.038652,0.132862,-0.152514,0.238584,0.266691,0.204349,0.248867,-0.115578,-0.200979,0.116275,-0.043508,0.171176,-0.381365,-0.248205,0.416843,0.172353,-0.100605,-0.228285,0.238808,0.356199,-0.294474,-0.074797,-0.187954,-0.130904,-0.288241,0.183328,0.148828,0.422864,-0.116037,0.221299,-0.00399,0.208607,0.366474,0.320229,0.221536,-0.159265,-0.042793,0.034676,-0.304478,0.087135,-0.199038,0.31373,0.023724,0.260822,0.011118,0.133046,-0.135192,-0.04483,-0.259756,-0.129469,0.190241,0.34956,0.161346,-0.272769,0.162084,0.54707,0.498254,0.122542,0.137808,0.216651,-0.077729,0.301212,-0.15141,0.31411,0.04621,0.269602,0.25772,0.254868,0.380319,0.359706,0.201836,0.156914,-0.237981,0.320127,0.030712,0.051775,0.217104,0.270856,0.061055,-0.20092,0.200428,0.025855,0.347561,0.182704,-0.118935,0.358843,-0.086838,0.034314,0.313631,-0.166539,0.142464,-0.162708,0.111907,0.149496,0.072279,0.283952,0.109916,0.006757,0.07912,0.149681,0.05699,0.372061,0.076132,0.034676,0.129504,-0.021622,-0.057209,0.269602,0.225486,-0.012728,-0.065229,-0.015315,0.292967,0.185942,0.247993,-0.196488,0.083323,0.374235,-0.296002,0.160183,-0.376908,0.229097,0.22363,-0.145851,-0.171966,0.116501,-0.044963,-0.338345,0.3732,-0.223844,-0.136048,-0.209247,-0.244398,-0.273968,-0.031664,-0.413776,-0.379283,-0.09193,-0.018264,-0.368612,0.034336,0.141444,-0.377615,0.25659,-0.110112,-0.00865,0.290195,-0.06149,0.068002,-0.28488,0.47319,0.096139,0.116084,#
4,0.436268,0.238722,-0.018363,0.07963,1.0,0.174474,-0.003387,-0.075128,0.149292,0.021088,0.139619,0.197919,-0.030446,0.165475,0.172503,0.181283,0.084294,-0.124693,0.393443,-0.320345,0.335738,-0.215607,0.428876,-0.00794,0.168042,-0.154244,0.380156,-0.294009,0.222522,0.164169,-0.202246,0.161128,0.056754,-0.174447,-0.034086,0.163703,-0.140989,-0.165999,0.071209,-0.055937,0.362489,-0.24069,-0.028549,0.01276,0.242982,-0.349588,-0.27252,0.112209,0.102938,-0.085691,0.228496,-0.166053,0.350056,-0.127674,-0.159708,0.128497,-0.297427,0.214737,-0.057045,0.084193,-0.153001,0.422775,0.069468,0.183714,0.113352,0.192885,0.020653,-0.009945,0.042635,0.024854,-0.078197,0.263734,0.179815,-0.077621,-0.021569,0.266092,-0.224916,-0.382141,-0.118256,-0.124208,-0.256143,-0.344805,-0.403105,0.515505,-0.310925,-0.247028,-0.027592,-0.606229,0.034731,-0.381315,-0.229966,-0.292241,-0.098349,-0.09031,-0.287284,-0.176142,-0.307672,-0.376305,-0.400289,0.092453,0.315444,-0.116541,-0.124137,0.425366,-0.189837,-0.229864,0.200301,-0.33464,0.047207,0.269922,0.229995,0.050095,-0.043379,-0.158736,-0.384745,-0.15898,0.10172,-0.097117,0.423545,-0.543334,-0.142246,-0.352398,-0.467535,-0.319343,0.334002,-0.395012,0.057125,0.03686,0.008349,-0.543692,-0.40673,-0.186587,-0.059727,-0.102312,-0.127639,-0.080303,-0.180657,-0.409487,-0.32528,-0.308831,-0.564425,-0.309742,-0.61403,-0.346708,-0.26937,-0.084134,-0.211777,0.323703,-0.398996,-0.347316,-0.09348,-0.196819,0.225604,-0.441121,-0.049589,-0.356483,-0.110458,0.53954,0.000332,-0.316228,-0.027453,-0.344837,0.188701,-0.323558,-0.234409,0.011335,-0.070028,0.059353,-0.004836,-0.172682,0.199601,0.31095,-0.313568,-0.002998,0.434758,-0.299584,-0.242522,0.176581,0.250343,0.012493,0.501562,-0.069029,-0.306494,0.2286,0.021381,0.1969,0.061816,0.069678,-0.073129,0.163001,-0.11967,0.027901,0.261063,0.448376,-0.631097,0.318311,0.016073,0.122135,0.353394,0.26618,#
5,0.430906,0.430931,-0.012974,-0.239469,0.174474,1.0,0.344745,-0.407171,0.682573,0.345559,0.478192,-0.135351,0.158346,0.334383,-0.008439,0.225748,0.072115,0.090334,0.20951,-0.157685,0.063578,0.182491,0.457916,-0.260696,-0.159109,-0.656413,0.192493,-0.190275,0.080095,0.355666,-0.380011,0.106088,-0.157432,-0.184529,0.041797,-0.063782,0.297879,-0.338908,0.256936,-0.216741,0.028569,0.212813,0.109134,-0.015496,-0.309811,-0.344441,0.347084,-0.197684,0.327487,0.100871,0.24695,-0.173371,-0.057047,-0.18988,0.16925,0.444063,-0.545448,0.567738,-0.385771,0.274354,0.338915,0.132457,-0.251606,0.010645,0.192218,0.229736,-0.261036,0.388582,0.289592,-0.075252,0.024101,0.233608,-0.060216,-0.389436,-0.531275,0.297808,-0.221202,-0.234169,-0.451711,-0.283462,-0.250152,-0.513006,0.101926,0.363992,-0.29424,-0.073758,-0.194105,-0.107673,-0.139625,-0.198316,-0.188254,-0.290057,-0.281607,0.40014,-0.114136,0.013048,0.292822,-0.370601,-0.054744,-0.417124,0.371328,-0.273131,-0.277125,-0.141643,-0.19578,-0.564778,-0.080855,-0.113228,-0.286826,0.121385,-0.032291,-0.260982,-0.205677,-0.153976,-0.37448,-0.663529,-0.21496,-0.387196,0.072202,-0.28133,-0.298885,-0.015553,-0.257977,-0.49465,-0.050959,0.113923,0.408433,0.196509,-0.419921,-0.530667,-0.397788,0.0305,-0.482533,-0.27764,-0.293936,-0.563064,-0.180694,-0.399129,0.336625,-0.511976,-0.399836,-0.089448,-0.439515,-0.476212,-0.249269,-0.536875,-0.381499,0.52357,-0.390157,-0.024968,-0.085602,-0.386665,0.222892,-0.442394,-0.211844,-0.352209,0.189192,0.246601,-0.203604,-0.299062,-0.338276,-0.331233,0.189987,0.010072,-0.05144,0.172835,-0.088182,-0.282407,-0.506731,-0.501148,0.069245,0.136241,0.187521,-0.193704,0.437032,-0.457621,-0.442394,0.502194,0.242723,0.165411,0.498227,0.100003,0.025171,0.392095,-0.092952,0.018642,0.225687,0.045766,-0.230462,0.521576,-0.485135,0.183966,0.11668,0.288043,-0.313045,0.139822,0.006458,-0.456167,-0.164452,-0.232978,#
6,0.185424,0.452747,-0.152712,-0.242387,-0.003387,0.344745,1.0,-0.606755,0.361079,0.350028,0.126077,0.226218,0.30413,0.314571,0.157571,0.035391,-0.126924,-0.065713,0.343086,-0.147039,0.227136,0.177697,0.286785,-0.447708,-0.155526,-0.652641,0.294947,-0.184602,0.248188,0.164778,-0.375681,-0.307005,-0.38617,-0.009702,-0.142247,-0.06191,0.311777,-0.151739,-0.093049,0.145489,0.034393,0.412099,-0.086271,0.287141,-0.11963,-0.073318,0.144075,0.016157,0.087493,0.296619,-0.005523,-0.441576,-0.05429,-0.477803,-0.171327,0.36555,-0.278888,0.269031,-0.41335,0.417704,0.093634,0.403185,0.066277,0.070142,0.160779,0.227447,-0.261115,0.195222,0.074226,0.01144,0.286777,0.087467,-0.058317,-0.058504,-0.512909,-0.053964,-0.206333,-0.379721,-0.267184,-0.087352,-0.070103,-0.506705,-0.058129,0.047484,-0.068441,0.277158,0.001007,-0.085744,-0.116645,-0.177882,-0.147669,-0.089319,-0.102717,0.418805,0.379423,0.024757,-0.052832,-0.353977,-0.039442,-0.244097,0.311047,-0.593408,-0.431595,-0.139126,0.012657,-0.211683,-0.336099,-0.295504,-0.088215,-0.02882,0.068329,-0.261061,-0.356793,-0.139789,-0.185963,-0.31249,-0.203708,-0.338863,0.056297,-0.255436,-0.107207,-0.377599,-0.42007,-0.490503,-0.356273,0.298422,0.246659,0.202879,-0.19741,-0.191114,0.026503,0.253698,-0.113219,0.048385,-0.093482,-0.061452,-0.180749,-0.218136,-0.009289,-0.265811,-0.056805,0.31865,-0.104537,-0.208168,-0.213727,-0.319149,0.053476,0.694654,-0.161842,0.161854,-0.071469,-0.354307,0.228928,0.092106,-0.188253,0.005626,0.196614,0.243126,0.031692,0.036789,-0.209268,-0.149878,0.048064,0.19338,0.129595,0.172178,-0.076857,-0.321279,-0.166512,-0.153513,0.055262,0.13309,0.198507,-0.166929,0.265877,-0.272741,-0.035527,0.171265,0.243042,-0.034521,0.324615,0.105803,0.194908,0.216672,0.191404,0.13986,0.22184,0.058564,-0.412432,0.164425,-0.266727,0.190861,0.123562,0.295684,0.024299,0.301947,-0.172009,-0.139418,-0.145696,0.095508,#
7,0.019931,-0.384843,-0.035346,0.463504,-0.075128,-0.407171,-0.606755,1.0,-0.280225,-0.201899,-0.230757,-0.219413,-0.082537,-0.307013,0.167198,0.090111,-0.179803,0.046154,-0.344414,0.239773,-0.381189,-0.27631,-0.288915,0.394469,0.52742,0.316742,-0.423492,0.026912,-0.33802,-0.234557,0.405618,0.36848,0.366474,0.010155,0.210346,0.257991,-0.144383,0.244772,0.275227,0.023924,-0.096343,-0.28418,-0.088277,-0.176732,0.403914,-0.043428,-0.049525,0.379648,-0.032505,-0.641667,0.195415,0.246804,0.062531,0.301369,-0.106335,-0.466593,0.043374,-0.18659,0.1867,-0.503719,-0.318033,-0.295765,-0.311577,-0.222772,-0.468153,-0.029072,0.435759,-0.160982,-0.125909,0.161909,-0.218965,-0.200562,0.254482,0.120731,0.4861,-0.131445,0.243033,0.109917,0.256359,0.080381,0.12463,0.399131,-0.045772,-0.206692,0.149043,0.020269,-0.060004,0.115827,0.186904,0.177168,0.202025,0.069392,0.067009,-0.657524,-0.229579,-0.159525,-0.03937,0.347583,0.167486,0.297061,-0.245518,0.18292,0.447453,0.212257,0.212435,0.282348,0.161442,0.23341,0.251456,-0.154518,0.02772,0.110572,0.496549,0.068555,0.12357,0.518177,0.535657,0.149089,-0.092474,0.090881,0.17993,0.133563,0.140693,0.532012,0.228028,-0.100957,-0.469343,0.135541,0.130448,0.503038,0.087288,-0.29895,0.051789,-0.055752,0.263424,0.292194,-0.139871,0.287234,0.236061,0.257449,0.106092,-0.004647,0.28675,0.002197,0.291523,0.304216,0.083143,-0.421408,0.083143,0.019564,-0.050677,0.394599,-0.291636,0.048808,0.314273,0.366821,-0.125918,-0.390704,0.094962,-0.053162,0.237515,0.348567,-0.204309,0.061664,0.23878,-0.335575,0.12046,0.158502,0.352716,0.347059,-0.13832,-0.214601,-0.050225,-0.170147,-0.324256,0.256359,-0.141978,-0.528096,-0.408742,-0.260607,-0.439342,-0.060212,-0.339026,-0.322393,-0.23078,-0.350538,-0.324487,-0.276325,0.192283,-0.444765,0.35668,-0.280437,-0.174679,-0.268468,-0.138814,-0.150125,-0.040347,0.179968,0.214558,-0.132994,#
8,0.189066,0.444354,0.15347,-0.086612,0.149292,0.682573,0.361079,-0.280225,1.0,0.354325,0.145326,0.046586,-0.071044,0.157601,-0.20859,0.201312,-0.299488,0.218687,0.197421,-0.01181,0.07485,0.004981,0.3952,-0.287323,0.161302,-0.506259,-0.056295,-0.45588,0.24513,0.368796,-0.234743,0.0681,-0.154109,-0.350192,0.034932,0.16728,0.458897,-0.532838,0.415214,-0.211142,0.198936,0.203215,-0.158914,-0.173478,-0.124458,-0.0379,0.278271,-0.011795,0.268995,-0.059845,0.167559,-0.209455,0.136229,-0.050222,0.016477,0.101531,-0.311093,0.380134,-0.451625,0.223466,0.341204,0.129951,0.028587,-0.219811,0.00159,0.150019,0.022697,0.322634,0.216797,-0.047533,-0.23857,0.189488,-0.056352,-0.230286,-0.547478,0.264882,-0.072137,-0.242872,-0.29326,-0.122583,-0.104136,-0.369253,-0.05632,0.373568,0.07966,-0.071434,-0.039227,-0.270684,0.013183,-0.05341,-0.193926,-0.292186,-0.454733,0.251775,-0.117802,-0.158484,0.291094,-0.38817,0.092824,-0.100541,0.118924,-0.122808,-0.288918,0.227419,-0.20539,-0.255655,-0.084048,-0.120347,0.045133,-0.025852,-0.040291,-0.260965,-0.217372,-0.313883,-0.221247,-0.349126,-0.060822,-0.394583,0.252985,-0.463964,-0.148376,-0.193642,-0.080552,-0.175742,-0.079858,0.26664,0.242728,0.176615,-0.5001,-0.390557,-0.208389,-0.185167,-0.276794,-0.268389,-0.305966,-0.405501,-0.180683,-0.240119,0.247076,-0.523449,-0.410839,-0.092777,-0.296868,-0.242284,-0.342971,-0.575935,0.015791,0.539014,-0.201009,-0.19217,0.113628,-0.39903,0.053138,-0.439983,-0.054711,-0.029323,0.160334,0.401616,-0.211631,-0.154467,-0.434906,-0.185396,-0.121974,0.174845,0.099477,-0.179758,-0.259121,-0.312382,-0.345152,-0.182334,0.14079,-0.075374,0.03611,-0.203201,0.259905,-0.299256,-0.442366,0.330316,0.395274,0.044346,0.318477,0.084464,-0.172586,0.211689,0.055661,0.229713,0.203635,0.048254,-0.266899,0.514263,-0.498178,0.333703,0.266594,0.274691,-0.330697,0.334892,-0.017838,-0.279964,-0.05416,-0.227577,#
9,0.337904,0.161652,0.221655,0.040671,0.021088,0.345559,0.350028,-0.201899,0.354325,1.0,0.094542,0.211769,0.407035,0.068903,0.131584,0.349762,-0.165441,-0.131397,0.163813,-0.260959,0.29283,0.158901,0.226637,-0.514856,0.08415,-0.389707,0.094667,-0.005644,0.255249,0.131715,-0.332088,0.035161,-0.128499,-0.220848,-0.066032,-0.10874,0.022273,-0.468135,0.091219,0.157961,0.020855,0.048396,-0.027867,-0.205177,0.170549,-0.391793,0.196972,-0.292364,-0.094469,0.184826,0.170672,0.075186,-0.147287,0.033545,-0.008484,0.210128,-0.66766,0.231705,-0.574309,0.258883,0.136367,0.330465,-0.42045,0.157653,0.130368,0.170832,-0.086887,0.217765,0.177511,0.06293,-0.005648,0.214653,-0.108715,0.043539,-0.100773,0.085869,-0.332066,-0.24042,-0.428921,-0.128784,-0.240335,-0.332149,0.084298,0.29796,-0.196326,-0.282613,-0.104001,0.010372,-0.07498,0.03489,0.121104,-0.428749,-0.201888,-0.004993,0.007598,0.107764,0.177483,-0.282764,-0.282764,-0.24038,0.181094,-0.360371,-0.127699,0.169338,-0.16068,-0.24042,0.110658,0.169082,-0.201944,0.037944,-0.168391,-0.086869,-0.392286,0.021159,-0.392291,-0.220858,0.000453,-0.480164,0.112913,-0.091183,-0.360421,-0.183658,-0.151615,-0.220885,-0.461204,0.268841,-0.201818,-0.240166,-0.245598,-0.282887,-0.587385,-0.128549,0.153413,-0.077783,-0.428476,-0.24047,-0.060145,-0.240438,0.121542,-0.238432,-0.240415,0.123781,-0.306451,-0.425332,-0.510391,-0.266598,0.156254,0.56967,-0.24067,-0.220456,0.177613,-0.471367,-0.20187,-0.202005,-0.392286,-0.220796,0.224689,0.023576,-0.238344,-0.306288,-0.438993,-0.220858,0.292464,0.021159,-0.050522,-0.212576,-0.2402,-0.304182,-0.220927,-0.220885,0.324959,-0.032596,0.292621,-0.161762,0.284521,-0.428921,-0.147252,0.364616,0.040111,-0.201171,0.015515,0.061518,0.152616,0.221256,0.253706,0.169109,0.218722,-0.127699,-0.03701,0.445039,-0.523058,0.306675,0.284563,0.343283,-0.121296,0.380081,0.194412,-0.184703,-0.192199,0.13859,#
10,0.219899,0.119749,0.239696,-0.041797,0.139619,0.478192,0.126077,-0.230757,0.145326,0.094542,1.0,0.146506,0.168703,0.094397,0.049647,0.165248,0.523954,-0.157917,0.04607,-0.28025,0.267475,0.098666,0.101285,-0.146229,-0.14545,-0.257661,-0.023776,-0.008366,0.073941,0.228332,-0.295255,0.422798,-0.198049,-0.158529,0.444683,-0.030552,0.204229,-0.245954,-0.013694,0.10806,-0.265587,0.106318,-0.175879,0.182086,-0.13129,-0.361367,-0.219244,-0.280486,0.10015,-0.057508,0.40944,0.045785,-0.208066,-0.041269,0.559364,0.139748,-0.390978,0.174828,-0.373981,0.231489,0.055258,0.1735,-0.313819,-0.160267,0.293169,-0.080505,-0.238731,0.020427,0.096556,-0.418527,0.23035,0.218142,-0.026921,-0.320981,-0.274325,0.287684,-0.480731,-0.023807,-0.53653,-0.494723,-0.341431,-0.280086,-0.020128,0.337568,-0.737148,-0.182437,-0.417661,-0.170241,-0.485652,-0.428888,0.036469,-0.345162,-0.030034,0.030013,0.009519,-0.080133,-0.137896,-0.332815,-0.010572,-0.208062,0.300715,-0.024507,-0.194603,-0.282572,-0.244013,-0.3611,-0.088659,-0.216373,-0.39996,0.39606,-0.334057,-0.238681,-0.45967,-0.119218,-0.462506,-0.299975,-0.335965,-0.399576,-0.39243,0.010209,-0.554468,0.067773,-0.122353,-0.125655,-0.098241,-0.135778,0.138085,-0.215033,-0.284622,-0.495883,-0.040443,-0.130234,-0.519711,-0.023613,-0.376214,-0.381032,-0.165254,-0.376132,-0.310039,-0.113617,-0.491384,0.076974,-0.23706,-0.300011,-0.509125,-0.362178,-0.221681,0.362149,-0.238418,-0.123076,-0.125296,-0.438757,-0.046893,-0.434201,-0.465962,-0.335929,0.353211,0.026147,-0.23899,-0.093879,-0.137043,-0.313923,0.161227,-0.112418,-0.421365,0.084708,0.0096,-0.239941,-0.320032,-0.487568,0.350662,0.18733,-0.067723,-0.241294,0.416317,-0.371713,-0.404592,0.610942,0.202801,0.284472,0.293006,0.196238,0.327722,0.210794,0.152124,-0.167467,0.042366,-0.005097,0.336877,0.244616,-0.560298,0.298758,0.178345,0.235806,-0.249585,-0.097837,0.112556,-0.507688,-0.213656,-0.209304,#
11,-0.015995,0.165243,0.283587,-0.102423,0.197919,-0.135351,0.226218,-0.219413,0.046586,0.211769,0.146506,1.0,-0.237117,0.109281,0.163207,0.374537,-0.235865,-0.080804,0.05075,-0.417126,0.303151,-0.187018,0.02893,-0.425529,0.044004,-0.152044,0.277752,-0.293766,0.458361,0.202115,-0.062191,0.067288,-0.285293,-0.146321,0.07436,-0.040077,-0.307518,-0.072949,0.05499,0.413427,0.135873,-0.164019,0.096754,-0.025575,0.278877,0.041425,-0.089367,-0.18729,-0.365946,0.145881,0.230197,-0.254063,0.088449,0.218769,-0.330878,-0.027848,-0.090865,-0.179631,-0.308212,0.13172,-0.172053,0.239331,0.034229,0.15268,0.048637,-0.250061,0.158723,0.269769,-0.009504,-0.149789,0.230239,0.451565,0.232147,0.15402,-0.128527,0.152323,-0.4518,-0.231686,-0.295101,-0.241698,-0.219251,-0.231611,0.104328,0.17109,0.02412,0.024022,-0.295101,-0.367641,-0.148317,-0.452503,0.034767,-0.087074,0.0306,-0.097758,-0.189689,-0.236308,-0.358855,-0.311696,-0.331807,0.103344,0.046405,0.18968,-0.087526,0.134959,-0.225779,-0.245801,-0.193135,-0.086868,-0.160343,0.130471,-0.463915,0.185302,-0.54104,0.319848,-0.143883,-0.125281,-0.166967,-0.207229,0.042787,-0.226,-0.387985,-0.193509,-0.141746,-0.136843,0.053598,-0.0625,-0.130588,-0.340858,-0.262883,-0.349119,0.095967,-0.225387,-0.091432,0.103666,-0.279474,-0.091675,0.146013,-0.073143,-0.172833,-0.040768,-0.378509,0.182195,-0.293415,-0.061356,-0.323758,-0.31996,0.339258,0.402061,-0.117047,-0.112024,0.274643,-0.42771,-0.161498,-0.169856,-0.353665,-0.162697,0.025966,0.341554,-0.103814,-0.104706,-0.136055,-0.140595,0.147804,-0.025252,-0.027617,-0.255792,-0.561096,-0.080931,0.044966,-0.319673,0.246733,-0.15543,-0.115079,-0.385055,0.267569,0.0924,-0.109079,0.132712,-0.02048,-0.189245,0.016632,0.160052,0.006006,0.045488,0.290745,0.183773,0.048996,-0.095052,0.039095,0.220979,-0.40587,0.230891,0.401365,0.357094,-0.231741,0.106084,-0.11037,-0.23301,0.036061,0.435101,#
12,0.232222,-0.259028,-0.25815,0.118664,-0.030446,0.158346,0.30413,-0.082537,-0.071044,0.407035,0.168703,-0.237117,1.0,0.098039,0.089426,0.164547,0.335903,-0.350398,0.146566,0.060587,0.143953,0.008832,0.054352,-0.282728,-0.17105,-0.267382,-0.042744,0.072271,-0.128793,-0.135664,-0.150243,0.122253,-0.190277,0.063524,-0.195228,-0.297732,0.068003,0.014654,0.121287,-0.059377,-0.077937,0.32115,-0.308783,-0.059858,0.083325,-0.30788,0.114202,-0.215945,0.016589,-0.058185,0.09295,0.055753,-0.042623,-0.112019,0.182442,0.190417,-0.353091,0.004289,-0.109472,0.1867,0.014559,0.21672,-0.230069,-0.030376,-0.00098,0.093037,-0.237898,0.005137,0.034849,-0.128567,0.321107,-0.123194,-0.297666,-0.014984,-0.103297,-0.116488,0.032753,-0.055723,0.003687,-0.11739,-0.170648,-0.134739,0.174095,0.144718,-0.354754,0.022896,0.057655,0.162874,-0.167661,-0.111636,0.30203,-0.318353,0.006462,0.062496,0.307874,0.305055,0.064221,-0.010208,-0.178515,-0.225563,0.008656,-0.379935,0.007312,-0.10358,0.116225,-0.055723,-0.055543,0.164572,-0.227949,-0.072241,0.302551,-0.237848,0.081229,-0.072211,-0.106454,-0.169026,0.159254,-0.094741,-0.021783,0.036898,-0.035779,-0.308053,-0.518566,-0.166235,-0.33168,0.381385,-0.174447,0.065069,0.15265,-0.006905,-0.242795,0.555841,0.060639,-0.072475,0.010667,-0.008055,-0.164677,-0.358654,-0.039865,0.135004,-0.002743,0.296174,0.094784,-0.210987,-0.180433,0.15012,-0.023547,0.286958,-0.238669,-0.233753,-0.14433,-0.068087,0.001016,-0.056791,-0.280243,-0.163322,0.481701,-0.190594,-0.028423,0.094733,-0.022429,0.012679,0.195143,-0.122216,-0.101216,-0.046678,0.180748,-0.22001,0.177412,0.016664,0.302583,0.250836,0.321618,0.295571,0.259107,-0.18484,0.026344,0.113831,0.15887,0.071606,0.146159,-0.116073,0.330053,0.069512,-0.045134,0.050025,0.197642,0.186323,0.163296,-0.11014,0.052351,-0.061361,-0.129785,0.189397,0.123713,0.229645,0.095861,0.080209,-0.133403,0.188039,#
13,0.239286,0.350758,0.027937,-0.286935,0.165475,0.334383,0.314571,-0.307013,0.157601,0.068903,0.094397,0.109281,0.098039,1.0,0.291953,0.367435,0.168308,-0.005584,0.116742,-0.33946,-0.120025,0.271364,0.17846,-0.357983,-0.222728,-0.271835,0.118938,-0.192041,0.108927,0.093821,-0.534403,-0.023634,-0.326724,-0.05259,-0.272591,-0.276484,-0.056795,0.128011,0.380257,-0.125839,0.001154,0.19742,0.063742,0.165324,-0.226855,-0.301088,0.255251,-0.017115,0.017115,0.211311,-0.071337,-0.221592,0.240423,-0.304883,-0.175949,0.319908,-0.141338,0.477996,0.194114,0.472955,0.244432,0.22943,-0.015906,-0.066506,-0.01784,0.149831,-0.22092,0.286048,0.409901,-0.032141,0.29211,-0.011139,-0.276422,0.07728,0.032455,0.213875,-0.19756,-0.262277,-0.560524,-0.025981,-0.10919,-0.336299,-0.112911,0.370485,0.218422,0.27054,0.044874,-0.104634,-0.263018,-0.205851,-0.002203,-0.211477,-0.177086,0.430033,-0.109856,-0.044534,0.410029,-0.210108,0.119774,-0.288888,0.31091,-0.245806,-0.210439,0.148228,0.269026,-0.259209,-0.110375,-0.013651,0.019263,0.107038,-0.087917,0.09874,-0.153435,0.164684,0.025976,-0.200798,-0.389459,0.202797,0.167569,-0.191868,-0.081928,-0.280749,-0.158742,-0.20878,-0.108124,0.137185,0.01598,0.129829,-0.264068,-0.372713,-0.255296,0.104353,-0.346295,-0.309727,-0.033335,-0.265258,-0.152925,-0.086677,0.170337,-0.149501,-0.261216,0.236836,-0.265022,-0.225512,0.057717,-0.373822,-0.058641,0.276021,-0.25103,0.116196,-0.189386,-0.294435,0.180563,-0.145948,-0.139076,-0.043236,0.391783,0.161372,0.154398,-0.119782,-0.150995,-0.377641,0.530823,0.347086,-0.020864,0.317125,-0.119983,-0.253918,-0.223253,-0.20878,-0.124977,-0.055723,0.021697,0.091863,0.113507,-0.216394,0.039908,-0.041068,0.219246,0.188895,0.672121,-0.433789,0.11914,0.445307,-0.078783,-0.289034,0.616039,-0.046852,-0.381977,0.28151,-0.179109,0.011097,0.126943,0.200952,0.063384,-0.041415,-0.280538,-0.247261,-0.254135,-0.127126,#
14,0.331229,0.267278,-0.294993,0.197719,0.172503,-0.008439,0.157571,0.167198,-0.20859,0.131584,0.049647,0.163207,0.089426,0.291953,1.0,0.335574,0.064009,-0.151853,-0.011603,-0.047281,-0.134426,0.016082,0.077535,-0.253609,0.078912,-0.086378,0.25446,0.018866,-0.047109,0.19077,-0.199458,0.108912,-0.271619,-0.119473,-0.06652,-0.229852,-0.274575,0.20451,0.147036,0.333781,-0.196312,-0.213193,-0.194423,-0.08428,0.274929,-0.545199,0.150891,0.149109,-0.06514,-0.094901,0.033855,-0.081565,-0.094376,-0.329974,-0.345391,0.285729,-0.260084,-0.019866,0.166276,0.167541,-0.330715,0.577037,-0.197238,0.147487,-0.284362,0.072395,0.131185,-0.02751,0.313938,-0.114517,0.282287,0.048944,0.025731,0.190954,0.258346,0.186957,-0.200547,-0.142695,-0.356182,0.210249,0.023629,-0.363893,-0.165774,0.046658,-0.094721,0.100182,-0.448868,-0.112125,0.121069,-0.070638,0.182909,-0.174234,0.09956,0.100975,-0.285299,-0.283158,-0.083061,-0.058161,-0.246258,-0.171917,0.161656,-0.257556,0.406198,0.050478,0.163,-0.142695,0.145876,-0.353896,0.13398,-0.08328,-0.147584,0.124986,-0.121061,0.32099,-0.288423,-0.092343,0.280599,0.134651,-0.050219,-0.244508,-0.230327,-0.014208,-0.304913,-0.115757,0.225401,-0.003728,-0.255782,0.317965,0.036421,-0.070638,-0.165547,-0.271724,0.018423,-0.162336,-0.153396,-0.156628,-0.127132,-0.140593,-0.135084,-0.005049,-0.144781,-0.019154,0.055112,-0.279776,-0.064258,-0.018966,0.049246,0.222522,0.049246,0.259757,-0.115501,-0.032141,-0.25459,-0.223083,-0.105441,0.255438,-0.050409,-0.027509,-0.14995,-0.122497,-0.121118,-0.092343,0.226585,0.150907,0.168897,0.087105,-0.16362,-0.078279,-0.106134,-0.466902,-0.001395,-0.129326,-0.144944,-0.195529,-0.064331,0.021735,-0.311259,-0.117545,-0.168297,-0.227438,0.154656,-0.345123,-0.018923,0.126218,0.032189,-0.206526,0.314575,0.005784,-0.21461,-0.214336,0.117734,0.145925,-0.075083,-0.007679,-0.111139,-0.115281,-0.110906,0.037451,-0.062327,0.132591,#
15,0.175248,-0.114438,-0.14845,-0.090643,0.181283,0.225748,0.035391,0.090111,0.201312,0.349762,0.165248,0.374537,0.164547,0.367435,0.335574,1.0,0.069194,-0.290494,0.042993,-0.326693,0.055421,-0.294921,0.131637,-0.462447,-0.175208,-0.18139,0.189583,-0.214283,0.382559,0.334733,-0.388207,0.452725,-0.385877,-0.333273,0.198691,-0.101016,-0.223174,0.012923,0.598222,0.276818,-0.136209,-0.153603,-0.14695,-0.184722,0.242921,-0.133021,0.145749,-7.8e-05,-0.227813,-0.055715,0.44416,0.06786,-0.03808,0.217295,-0.159187,0.212254,-0.297691,0.218912,-0.147563,0.136421,-0.152962,0.155513,-0.412281,-0.013721,-0.066268,0.013417,0.302213,0.258133,0.47038,-0.301621,0.021154,0.370138,-0.097947,0.244798,-0.206009,0.275653,-0.222243,-0.404806,-0.296732,-0.114656,-0.247022,-0.216103,0.251554,0.394667,-0.09821,-0.065568,-0.358481,-0.272685,-0.306316,-0.059117,0.047606,-0.463292,-0.286202,-0.053212,-0.271605,0.008413,0.122115,-0.225702,-0.36293,-0.244291,0.317641,-0.114257,-0.114557,0.067218,-0.019792,-0.417492,-0.066098,0.259602,-0.281608,0.1498,-0.50085,0.326069,-0.205572,0.008694,-0.36891,-0.351249,0.08896,-0.093033,-0.089704,-0.34528,-0.453822,-0.035874,-0.256141,-0.022167,-0.077148,-0.042246,-0.244037,-0.029755,-0.25426,-0.399949,-0.399731,-0.18654,-0.268404,-0.323143,-0.45247,-0.086701,-0.180611,-0.249873,0.048158,-0.083499,-0.570589,0.118567,-0.15117,-0.247556,-0.247699,-0.278998,0.013983,0.37908,-0.396142,-0.192751,0.11918,-0.567971,-0.265487,-0.606612,-0.373208,-0.189131,0.046052,0.187901,-0.384457,-0.451062,-0.583095,-0.351249,0.203786,-0.133718,-0.057635,-0.306409,-0.55839,-0.09362,-0.011421,-0.336195,0.198719,-0.021763,-0.118869,-0.195058,0.278951,-0.1214,-0.242461,0.17155,0.07833,0.195666,0.350887,-0.076769,0.018155,0.392877,0.056244,0.028042,0.3865,-0.110578,0.077559,0.350619,-0.300754,0.178191,0.279199,0.396326,-0.200524,0.180324,-0.001433,-0.271107,-0.039174,0.077919,#
16,0.04893,-0.315351,-0.166526,-0.066788,0.084294,0.072115,-0.126924,-0.179803,-0.299488,-0.165441,0.523954,-0.235865,0.335903,0.168308,0.064009,0.069194,1.0,-0.394584,-0.037696,-0.099786,-0.052536,0.113823,-0.215025,-0.064646,-0.420963,0.267272,0.093059,0.286226,-0.093017,0.056548,-0.229436,0.131541,-0.244872,-0.012872,0.20562,-0.207218,0.022725,0.159808,0.000639,-0.184017,-0.494436,0.071903,-0.207144,0.156845,-0.098979,-0.149409,-0.096284,-0.37519,0.20302,0.122913,0.056599,0.243188,-0.280675,-0.152465,0.477701,0.037085,-0.009509,0.054289,0.246898,0.079862,-0.097227,0.085935,-0.010664,0.068069,0.210807,-0.240658,-0.165574,-0.244196,0.06379,-0.507793,0.286401,0.105133,-0.207172,-0.074157,0.04925,0.174697,-0.232355,0.137989,-0.198918,0.001837,-0.255789,0.15783,-0.067122,0.15782,-0.546958,-0.17838,-0.127443,0.155189,-0.275032,-0.145461,0.214563,-0.178295,0.2536,0.219289,0.183597,0.153711,-0.124663,-0.178476,0.043196,-0.24712,0.303488,-0.086422,-0.033078,-0.315428,-0.048897,-0.050851,0.191338,0.086509,-0.171524,0.198801,-0.111732,-0.16554,-0.160532,-0.108765,-0.141946,-0.003541,-0.191449,0.180959,-0.198713,0.210353,-0.282519,0.304881,-0.080775,0.193914,-0.133148,-0.048116,-0.171417,0.06553,0.078934,-0.145461,0.085674,0.279039,-0.194871,0.178365,-0.215003,-0.071934,-0.114614,-0.067122,-0.516811,0.254559,-0.06054,0.010973,0.175601,0.013038,-0.318998,0.028088,-0.163582,-0.158268,0.082246,-0.003089,-0.327755,-0.048897,0.044904,-0.176148,-0.331675,-0.213281,0.305786,-0.282834,-0.165438,0.175507,-0.056046,-0.216002,0.366838,-0.108765,-0.433335,0.177114,0.322343,-0.033106,-0.232203,-0.214706,0.307362,0.145124,-0.001059,0.355169,0.240516,-0.210728,-0.038464,0.397926,0.348355,0.457055,0.277016,-0.036822,0.378826,0.103135,0.060977,-0.029233,0.099752,0.225753,0.273518,-0.109663,-0.130137,0.103261,-0.139239,-0.069001,0.064154,-0.239746,0.057988,-0.059278,-0.346805,0.004754,#
17,0.002168,0.398081,0.378676,0.348169,-0.124693,0.090334,-0.065713,0.046154,0.218687,-0.131397,-0.157917,-0.080804,-0.350398,-0.005584,-0.151853,-0.290494,-0.394584,1.0,-0.45582,0.228965,0.080865,-0.013684,0.037519,0.211112,0.29846,0.038481,-0.320582,0.128729,0.126425,0.062787,0.048337,-0.119722,0.314623,0.174812,-0.136203,0.207078,0.13545,-0.024294,-0.130388,-0.081298,0.279756,-0.050673,0.035789,-0.009574,0.135889,0.12527,-0.026487,-0.115664,-0.031974,0.040013,0.090939,-0.030603,0.123425,-0.034124,-0.236241,0.149064,0.182021,0.331391,0.074258,-0.03523,0.261638,-0.051149,0.408572,-0.124416,-0.076163,0.091386,0.126559,0.102531,-0.166058,0.02613,-0.149292,-0.223903,0.256192,-0.148199,-0.007678,-0.240028,0.230787,0.246823,0.059892,0.432451,0.54291,0.231768,0.056998,-0.143838,0.387894,-0.211448,0.370007,-0.111124,0.294981,0.116441,-0.263872,0.067052,-0.071635,-0.014206,-0.113526,-0.217733,-0.005311,0.311807,0.466263,0.172666,0.028813,0.293265,0.263558,0.334684,0.133751,0.182999,-0.256571,-0.184835,0.242981,-0.004728,0.172653,0.200626,0.186387,0.467487,0.359142,0.11789,0.12206,0.10183,-0.098253,0.005451,0.476692,0.051375,0.17825,-0.070591,0.447896,0.060597,0.495394,0.259162,-0.349346,0.303752,0.065521,-0.133689,-0.141877,-0.13301,0.075207,0.181489,-0.295885,0.173579,0.391275,-0.316566,0.225413,-0.085527,0.190285,0.069966,0.18733,-0.333203,-0.164429,-0.119232,0.274132,0.162482,0.013279,-0.060584,0.105176,0.119643,0.355786,0.109523,-0.070633,0.006528,0.074065,0.180539,0.129291,0.330528,-0.296551,0.263664,0.416262,-0.011221,0.047522,-0.191969,0.00226,0.304174,-0.31196,-0.342359,0.03928,-0.049832,-0.190371,0.255538,-0.074771,-0.01847,-0.152366,-0.31517,-0.09157,0.177742,-0.194651,-0.373137,-0.158633,-0.186815,-0.367697,0.085275,-0.061701,0.233104,0.010749,0.085694,0.290218,0.023908,0.175367,-0.006501,-0.136145,0.161655,0.075836,-0.262324,#
18,0.257652,0.155324,-0.259768,-0.439234,0.393443,0.20951,0.343086,-0.344414,0.197421,0.163813,0.04607,0.05075,0.146566,0.116742,-0.011603,0.042993,-0.037696,-0.45582,1.0,-0.201353,0.319128,0.023629,0.340829,0.050822,-0.108995,-0.458353,0.403359,-0.009528,-0.122273,0.209349,-0.229336,-0.221568,-0.233268,0.039351,-0.242006,-0.27906,0.079,-0.428205,0.056078,-0.082154,0.008817,0.041128,-0.12798,0.089773,-0.313626,-0.144456,0.021011,0.118581,-0.188235,0.048726,-0.003651,0.016249,0.278959,-0.230368,0.057764,0.177348,-0.275736,-0.145991,-0.225133,0.397249,-0.144801,0.233257,-0.15156,-0.165015,0.035126,0.051303,-0.468558,0.162408,-0.027034,0.252084,0.244046,0.253178,-0.048973,0.332674,-0.266558,0.248145,-0.219895,-0.415002,-0.067512,-0.310887,-0.446923,-0.395196,-0.246037,0.462994,-0.171511,0.064148,-0.124368,-0.106353,-0.211997,-0.286386,-0.257024,-0.245628,0.004111,0.07237,0.067482,0.092664,-0.110848,-0.481546,-0.492286,0.098271,0.061175,-0.155044,-0.490074,0.101397,-0.193573,-0.397299,-0.156697,-0.01367,-0.176083,0.213703,0.055092,-0.120284,-0.146847,-0.410939,-0.504314,-0.45352,-0.004071,-0.207836,0.216066,-0.241306,-0.385285,-0.384478,-0.322306,-0.4206,-0.242009,-0.243195,0.214802,-0.147891,-0.012951,-0.523603,-0.322443,-0.004703,-0.086995,0.113963,-0.074739,-0.259909,0.166025,-0.572624,-0.168875,-0.301975,-0.259619,-0.062832,-0.629001,-0.312866,-0.192356,-0.073627,-0.111258,0.38513,-0.342262,-0.126524,0.244637,-0.215711,0.222712,-0.178899,-0.298314,-0.281417,-0.155156,0.381008,0.128754,-0.297288,-0.219129,-0.348397,0.105673,-0.014986,-0.267292,0.150942,0.097009,0.175157,0.038816,-0.13428,0.22064,0.317636,-0.130004,-0.18224,0.398041,-0.48497,0.096104,0.126107,0.369995,0.050661,0.418733,-0.061559,0.223478,0.450651,-0.055032,0.477041,0.431448,0.133716,-0.283747,0.220711,-0.188524,0.038703,-0.119924,0.152062,-0.165898,0.437842,0.283433,-0.131736,0.363669,0.212648,#
19,-0.326816,-0.138593,-0.350137,0.265427,-0.320345,-0.157685,-0.147039,0.239773,-0.01181,-0.260959,-0.28025,-0.417126,0.060587,-0.33946,-0.047281,-0.326693,-0.099786,0.228965,-0.201353,1.0,-0.185607,-0.069276,-0.316294,0.567629,0.154662,0.209872,-0.098649,-0.033867,-0.447346,-0.185693,0.441755,-0.065745,0.063199,0.522842,-0.242351,-0.088308,0.40389,0.246196,-0.091801,-0.146237,0.059752,-0.031361,0.034039,-0.208496,0.062463,0.183775,0.244413,0.108086,-0.047735,-0.281972,-0.177302,0.32365,-0.055948,-0.209194,-0.198681,-0.098578,0.382454,-0.277378,0.323683,-0.308639,0.033542,-0.116377,0.349842,-0.064927,-0.244672,-0.168726,0.323024,-0.256001,-0.235807,0.166452,-0.053437,-0.4313,-0.094363,-0.071165,0.155275,-0.094871,0.789831,0.269378,0.454004,0.437737,0.415659,0.470534,0.268904,-0.459711,0.289984,0.27474,0.173004,0.06203,0.380057,0.430967,0.079305,0.42652,0.436733,-0.047382,-0.10319,0.19839,0.110561,0.277769,0.268765,0.412386,-0.266969,0.380592,0.261291,0.049953,0.370853,0.424215,-0.050817,-0.000981,0.411284,-0.369164,0.231009,0.019581,0.677742,0.19161,0.326273,0.164847,0.440071,0.25536,0.079416,0.027872,0.559072,0.159523,0.278569,0.336295,0.052545,0.461236,0.263039,0.300651,0.339884,0.605247,0.236131,0.309635,0.311006,-0.104943,0.27821,0.274706,-0.180786,0.090807,0.147684,0.162721,0.267327,-0.212482,0.536528,0.449286,0.449035,0.348612,0.020425,-0.396791,0.428477,0.349452,-0.101612,0.548061,0.096513,0.092449,0.493606,0.654532,0.065093,-0.270814,0.050573,0.368621,0.093183,0.511263,-0.266537,0.169406,0.284638,0.000721,0.275134,0.348789,0.014904,0.352828,-0.341461,0.153323,0.221176,0.035426,-0.516865,0.249504,-0.013766,-0.321057,-0.231017,0.095232,-0.301234,0.102922,-0.150911,-0.430145,-0.132459,0.249461,-0.271452,0.443488,-0.10324,-0.374568,0.501149,-0.310931,-0.366189,-0.264358,0.13178,-0.322985,-0.183427,0.536983,-0.135292,-0.273825,#
20,0.23506,0.3012,0.089447,-0.152628,0.335738,0.063578,0.227136,-0.381189,0.07485,0.29283,0.267475,0.303151,0.143953,-0.120025,-0.134426,0.055421,-0.052536,0.080865,0.319128,-0.185607,1.0,0.092669,0.036987,-0.069936,-0.069495,-0.169703,0.095826,0.277957,0.508573,0.395955,-0.382644,-0.022967,0.128452,-0.068927,0.074338,-0.022066,-0.214139,-0.528397,-0.248328,0.294311,0.349505,-0.150996,-0.053202,0.224824,0.127904,-0.020742,-0.511837,-0.251315,-0.48296,0.080153,0.129344,0.029927,-0.184442,-0.142617,0.214944,0.216743,-0.233369,-0.077678,-0.371706,0.330575,0.097497,0.235061,0.122487,-0.039648,0.341796,-0.113132,-0.23802,-0.204563,-0.193724,-0.082551,-0.009514,0.330324,-0.018334,-0.022079,-0.368497,-0.032541,-0.211139,0.049077,-0.086034,-0.257999,-0.300547,-0.213753,-0.004995,0.283879,-0.282779,-0.301892,0.125979,-0.532011,-0.271843,-0.300875,-0.209556,-0.292314,-0.170478,-0.145162,-0.070046,-0.111308,-0.341545,-0.261675,-0.481962,0.054489,0.179035,0.030444,-0.262072,-0.053893,-0.194297,0.049077,-0.311373,-0.28048,-0.362527,0.359348,-0.086171,0.086063,-0.34918,-0.031531,-0.540938,-0.249508,0.083846,-0.287085,-0.169526,-0.150859,-0.282064,-0.303214,-0.328776,-0.247245,0.024642,-0.271049,0.327102,-0.405615,-0.24313,-0.433425,-0.393256,-0.113696,-0.112438,0.18204,-0.448506,0.033177,-0.164762,-0.492704,-0.251022,-0.502016,-0.477666,-0.281929,-0.334844,-0.236249,-0.438695,-0.257261,-0.012211,0.36528,-0.173299,-0.490062,0.270864,-0.512487,-0.194606,-0.191047,-0.370207,-0.433651,0.010204,0.361482,-0.177219,-0.334666,-0.297671,-0.249508,-0.195866,-0.254157,-0.432939,-0.219982,-0.29016,0.176702,0.104782,-0.069986,0.312971,0.373072,-0.202775,0.035523,0.52021,-0.44802,0.025133,0.551012,0.35925,-0.130845,0.289232,0.13888,0.311565,0.158835,0.426745,0.133683,-0.013968,0.287721,0.187534,0.551628,-0.431251,0.404648,0.511908,0.179597,-0.024151,0.228361,0.496219,0.002433,0.373378,0.175942,#
