0,1.0,0.56668,-0.116098,-0.256169,0.327503,-0.019318,0.218192,0.315027,0.309631,0.320484,0.044378,0.010925,0.09426,0.418815,0.232136,0.002981,0.191287,0.308732,0.465058,-0.393351,-0.096162,0.037359,0.219065,0.081938,-0.41461,-0.267386,0.23304,0.176878,0.393473,0.474457,-0.3048,0.140814,0.345417,-0.112173,0.09918,0.141636,-0.292627,-0.296579,-0.245244,0.401639,-0.018476,-0.085405,-0.005992,0.386902,-0.220764,-0.465582,0.121163,0.091933,-0.089166,-0.166304,0.076547,-0.294451,0.08734,-0.247292,-0.019008,-0.257299,-0.046163,-0.09503,0.156284,0.2955,0.146274,0.068535,-0.242613,0.146637,0.342159,0.496701,0.033475,0.162982,0.002334,-0.169677,-0.348468,-0.328079,-0.276519,-0.187349,-0.214145,0.393684,-0.335311,-0.377047,-0.25713,-0.228842,-0.450619,-0.266576,-0.332052,0.138761,-0.244313,-0.022964,-0.13836,-0.31208,-0.043566,-0.227592,-0.42671,-0.569338,-0.507551,-0.065902,-0.320916,-0.480859,-0.196757,-0.396676,-0.351082,-0.333253,0.071417,-0.511213,-0.307864,-0.193854,-0.378974,0.007204,-0.331107,-0.183443,-0.37738,-0.072109,0.089712,0.27725,-0.32726,-0.30636,-0.683628,-0.239214,-0.267568,-0.301589,0.089092,-0.480034,-0.383422,-0.283749,-0.459403,-0.219396,-0.171513,-0.331778,-0.236617,-0.051372,-0.320431,-0.719004,-0.305409,-0.366263,-0.191412,0.072035,-0.289751,-0.225153,0.375323,-0.567061,-0.326542,-0.353512,-0.216662,-0.463273,-0.662639,-0.01001,-0.196351,-0.334868,-0.296891,0.382636,-0.367043,-0.341244,-0.163354,-0.397442,-0.390974,-0.249161,-0.382733,-0.409705,0.247648,0.472679,-0.456857,0.049328,-0.424348,-0.11737,-0.199533,-0.28373,-0.497566,0.214802,-0.269514,-0.155288,-0.164104,-0.118635,0.307185,0.215334,-0.456247,-0.370523,0.608029,-0.433931,-0.384985,0.370425,0.445383,-0.569789,0.032354,0.297168,-0.018008,0.165797,0.558241,-0.40541,0.173856,0.14458,-0.109848,0.661765,-0.069419,0.196535,0.57038,0.445152,-0.062191,0.39107,0.294983,-0.47929,-0.65518,0.401089,#
1,0.56668,1.0,-0.037007,-0.201515,0.431721,-0.072156,0.454512,0.267882,0.226668,0.518743,-0.192465,-0.231325,0.312747,0.453401,0.493863,-0.229658,-0.072072,0.551201,0.511883,-0.282305,0.220976,0.125263,0.305865,0.206103,-0.499567,-0.163112,0.31853,0.288771,0.425823,0.569258,-0.573762,0.076992,0.285137,-0.14576,-0.039938,-0.119505,-0.218779,-0.268435,0.098205,0.155662,-0.254419,0.187834,-0.132934,0.41401,-0.240351,-0.358909,0.329231,0.292602,0.069152,0.12852,0.366168,-0.254916,0.193103,-0.329099,0.435373,-0.331543,-0.256808,0.159444,-0.208631,0.013513,-0.046851,0.391442,-0.470009,0.386731,-0.059521,0.503773,-0.016868,0.18762,0.259097,-0.245416,-0.238795,-0.354437,-0.301052,-0.547346,-0.30788,0.418409,-0.456386,-0.344945,-0.376547,-0.518303,-0.548541,-0.368102,-0.608008,0.031397,-0.369452,0.065915,-0.269258,-0.278441,-0.311943,-0.144801,-0.33391,-0.342864,-0.607853,-0.018668,-0.429634,-0.212822,0.018897,-0.314932,0.061926,-0.438472,-0.175094,-0.573297,-0.608679,-0.09627,-0.479052,-0.416961,-0.512604,-0.275809,-0.634689,-0.157914,0.252634,0.286852,-0.289547,-0.547889,-0.431092,-0.135718,-0.507706,-0.410647,0.046613,-0.604417,-0.471738,-0.211116,-0.367856,-0.478378,-0.168751,-0.078092,-0.264016,-0.244153,-0.283119,-0.454295,-0.426756,-0.611053,-0.278325,-0.133311,-0.203219,-0.28638,0.357495,-0.302451,0.054314,-0.35633,-0.455667,-0.018218,-0.575069,-0.024239,-0.155939,-0.310892,-0.154211,0.562873,-0.348785,-0.395133,-0.323298,-0.352466,-0.153595,-0.090618,-0.513006,-0.122375,0.50817,0.535874,-0.617893,0.219797,-0.19506,0.018406,0.094898,0.09089,-0.45199,0.47554,-0.34869,-0.125051,-0.041859,0.085911,0.042176,0.021189,-0.181943,-0.522269,0.691484,-0.44543,-0.316912,0.106945,0.472889,-0.5025,-0.048519,0.372743,-0.073739,0.045098,0.439419,-0.242012,0.250347,-0.014609,-0.18962,0.749947,0.163919,0.644836,0.310125,0.341036,0.001301,-0.020623,0.092073,-0.444272,-0.49086,0.378668,#
2,-0.116098,-0.037007,1.0,0.329659,0.214223,-0.44593,-0.134247,-0.111517,-0.088543,-0.028883,-0.042177,0.108148,-0.114492,-0.109492,-0.037124,-0.167229,-0.222955,-0.257597,-0.045662,0.047462,-0.163147,-0.317146,0.397436,-0.157829,-0.346061,0.047026,0.368227,-0.236108,-0.076157,0.217056,-0.04715,0.424683,-0.263995,-0.245898,-0.066977,0.018004,0.242483,-0.078173,0.156494,-0.039001,0.024766,0.151836,-0.159923,0.125447,-0.03435,-0.207413,-0.006628,0.199674,-0.240498,-0.17381,-0.399537,0.249214,0.218212,0.060696,-0.188364,-0.231075,-0.456944,-0.022397,-0.497631,-0.330674,-0.07345,-0.287666,-0.124225,0.051737,-0.174843,-0.081911,-0.233701,-0.138897,0.076152,0.21878,0.08736,0.091759,0.099288,0.024305,-0.037431,0.036977,-0.210127,-0.327676,-0.152618,0.189653,0.030908,-0.160366,-0.049711,0.27918,0.041255,0.06948,0.108916,0.115564,-0.18578,-0.043174,-0.111504,0.023034,-0.067782,0.028466,-0.228169,0.049861,0.282444,-0.045035,0.10993,-0.044888,0.101448,0.029646,-0.04025,0.029634,-0.048629,-0.272332,0.149832,0.251333,0.102205,0.273532,0.254108,-0.21206,-0.080735,0.180819,0.35922,-0.121501,-0.214891,-0.197454,-0.060045,-0.074912,-0.211473,-0.378842,0.208082,-0.148366,-0.135412,-0.210667,-0.394167,-0.382688,-0.017511,-0.038464,0.295504,-0.31117,-0.362072,-0.33307,-0.145117,0.240555,0.273007,0.279554,0.259738,0.400108,0.228058,0.226032,0.036062,-0.366368,-0.280296,0.285975,0.065926,0.039913,-0.16552,0.059381,-0.41487,-0.159138,0.281345,-0.230875,0.028311,-0.282141,-0.063919,0.198454,0.27964,-0.12008,-0.153608,0.057036,0.177524,-0.235649,-0.059525,-0.190568,-0.357323,-0.158233,-0.021392,-0.00821,0.05482,-0.136189,0.114161,-0.15765,0.270864,0.022557,-0.054449,-0.199756,-0.031787,0.109218,0.078517,-0.378348,-0.025755,0.081161,0.045828,0.084235,-0.249342,-0.303281,-0.029869,0.05536,0.22119,0.13693,-0.127782,0.286857,0.207276,-0.366828,0.235718,-0.062468,0.150865,-0.015915,#
3,-0.256169,-0.201515,0.329659,1.0,-0.112504,-0.301563,-0.410646,-0.275714,-0.281966,-0.177922,0.22532,-0.211369,-0.111254,-0.351889,-0.198864,-0.345956,-0.072922,-0.154902,-0.113389,0.060891,0.164727,-0.521292,-0.073333,-0.040372,0.141163,0.203398,-0.118354,0.016797,-0.080847,-0.252273,0.534421,-0.012163,-0.696465,-0.005528,-0.076278,-0.477832,0.168135,0.21355,0.32504,0.030299,0.189545,0.05565,-0.055521,-0.273618,-0.168832,0.190014,-0.062554,-0.238659,0.329394,-0.304481,-0.283569,0.444435,0.10591,0.130854,-0.170537,-0.022889,-0.116432,0.163405,-0.169759,0.05648,-0.315289,0.169829,0.003687,-0.180197,-0.141207,-0.376706,0.030325,0.003795,-0.20939,0.274375,0.172431,0.496326,0.204441,0.449537,0.234419,-0.333814,0.13027,0.110344,0.376215,0.189083,0.091776,0.528068,0.291009,0.1986,0.200019,-0.136569,0.08016,0.398693,0.045122,0.587132,0.202435,0.485699,0.476935,-0.063029,0.425966,0.449253,-0.00401,-0.031826,0.460379,0.342328,0.272611,-0.029214,0.431008,-0.18329,0.208176,0.358912,0.008189,0.596174,0.382489,0.43485,-0.139436,-0.326207,0.425966,0.250892,0.314818,0.073602,0.467478,0.263839,0.134916,0.032727,0.36867,0.119283,0.257525,0.092389,0.096162,0.010507,-0.282856,-0.232445,0.445441,0.209906,0.833679,0.033216,0.140284,0.150328,0.364697,0.458304,-0.109714,0.587176,0.111022,0.488147,0.45899,0.199591,0.355895,-0.217544,0.152083,0.464035,0.204617,-0.236559,0.213906,0.361458,0.017575,0.28971,0.249991,0.086133,0.487719,0.046997,-0.182363,-0.362687,0.386149,0.172515,-0.433462,0.001953,0.077332,-0.295293,0.107987,-0.215192,0.11664,-0.203285,-0.004121,0.26412,-0.077833,-0.180398,0.136621,0.062978,-0.301107,0.145369,0.208176,-0.066828,-0.339164,0.107313,-0.347347,-0.143079,-0.288777,-0.400866,-0.213484,-0.235264,-0.138466,0.163155,0.313715,-0.325904,-0.00679,-0.156837,-0.259311,-0.098341,-0.183971,-0.14048,-0.267787,0.182719,-0.083816,-0.148283,#
4,0.327503,0.431721,0.214223,-0.112504,1.0,-0.165606,0.49873,0.018202,0.365346,0.488653,0.107219,-0.034029,0.388084,0.017346,0.597187,-0.32397,0.063733,0.256362,0.078569,-0.005722,-0.005069,-0.03304,0.259969,-0.013844,-0.399086,-0.269431,0.206624,-0.293021,0.237654,0.170456,-0.369951,-0.046052,0.254905,-0.176339,-0.379979,0.155507,-0.011712,-0.43638,-0.133564,0.276215,-0.144049,0.219191,-0.281122,0.301555,-0.261112,-0.494274,0.357432,0.217151,-0.050193,0.121763,0.121763,-0.25857,0.318809,-0.32696,-0.089446,-0.308052,-0.484969,0.002557,-0.1543,-0.286222,0.014729,0.157941,-0.221811,0.197702,0.077887,0.383448,0.237752,-0.087459,0.182896,-0.20398,-0.341885,-0.071883,-0.082839,-0.105627,-0.060964,0.287106,-0.051176,-0.625103,-0.137426,-0.603301,-0.297764,-0.291464,-0.363833,-0.214583,-0.285964,-0.154697,-0.198441,-0.213455,-0.378422,-0.211929,-0.258314,-0.266782,-0.369119,-0.119396,-0.366783,0.039566,0.107806,0.096119,-0.030985,-0.040492,0.120549,-0.152168,-0.202782,0.003112,-0.22448,-0.320268,-0.633038,-0.256406,-0.23072,0.095172,0.24721,-0.180787,-0.382705,-0.296017,-0.164416,-0.188084,-0.404129,-0.339891,-0.155981,-0.360756,-0.539106,-0.296483,-0.275723,-0.365051,-0.144042,-0.188852,-0.313358,-0.23696,-0.309233,-0.043115,-0.192319,-0.663835,-0.525427,-0.436209,-0.125167,-0.174796,0.337228,-0.053814,-0.096929,-0.101386,-0.177865,-0.347141,-0.158453,-0.418566,-0.256815,-0.271608,-0.021212,0.317031,-0.29305,-0.300075,-0.268501,-0.28461,-0.220736,-0.315579,-0.270224,-0.165142,0.567245,0.668488,-0.197648,-0.198724,-0.125725,-0.034726,0.047213,-0.063156,-0.393462,0.423987,-0.076595,0.097873,0.064586,0.055524,-0.014851,0.065764,-0.078133,-0.278603,0.447428,-0.390771,-0.38416,-0.324372,0.538843,-0.054953,0.218079,0.096821,0.443445,0.116269,0.1939,-0.27207,0.187006,-0.12542,-0.118018,0.346097,0.063351,0.415253,-0.101173,0.098813,0.252379,-0.258509,0.148741,-0.379221,-0.428734,0.358358,#
5,-0.019318,-0.072156,-0.44593,-0.301563,-0.165606,1.0,0.250011,0.313996,0.322914,-0.089016,0.204382,0.009968,-0.066047,0.349809,-0.105431,0.184917,-0.009998,0.165147,-0.106213,0.29583,-0.084887,0.345139,0.061427,-0.089558,0.386061,-0.175774,0.124781,0.426818,-0.017814,-0.369872,-0.18949,0.005542,-0.086571,-0.11161,-0.090761,-0.043637,-0.197472,-0.040076,-0.229898,-0.340732,0.032908,0.155992,0.348674,0.134821,0.097573,-0.157726,0.173133,0.109108,0.145329,0.323199,0.323199,0.083607,0.197548,-0.173269,-0.145356,0.176175,0.300623,-0.113387,0.406194,-0.012484,0.172704,-0.081043,0.112317,0.305048,0.050016,0.320906,-0.134538,-0.085359,-0.073266,0.127377,0.132121,0.075471,-0.27658,0.031433,-0.054668,0.261348,0.15971,0.173134,0.100036,-0.057711,0.047222,-0.066483,0.148046,-0.159773,0.097259,0.351195,0.046856,-0.283531,0.446897,-0.230869,0.097067,0.144234,-0.008745,0.160413,0.214157,0.031104,-0.168023,0.159105,-0.325075,-0.171847,-0.234676,0.183165,0.201716,0.030917,0.118362,0.004753,0.273253,-0.530479,-0.054698,-0.222322,0.067028,0.312418,0.035693,-0.272776,-0.01475,-0.202595,-0.116211,0.378217,-0.137071,0.226427,0.264309,-0.011835,0.196336,-0.028987,-0.027342,0.294358,0.19363,0.38259,0.27133,0.102565,-0.325013,0.135876,-0.009477,-0.198386,-0.069623,-0.059738,-0.220099,-0.394968,-0.130563,-0.369795,-0.229171,-0.314715,-0.161574,-0.011744,0.15777,0.252514,-0.292808,-0.026115,0.338754,-0.172995,0.278113,0.164229,-0.218942,0.166096,-0.031767,0.297187,-0.025377,-0.021257,-0.094948,0.10184,0.014126,-0.091379,0.03951,0.159214,0.176374,0.093763,0.405995,0.367054,-0.09994,-0.113582,-0.193988,0.245658,-0.105724,0.424738,-0.177068,0.237928,0.282167,0.005624,0.312761,-0.024642,0.19712,0.150349,-0.013237,0.014658,-0.245627,-0.15205,0.041347,0.164825,-0.192657,-0.126472,-0.01097,-0.314746,0.090548,-0.186342,0.202915,0.037605,0.125886,0.110034,-0.032568,-0.22072,#
6,0.218192,0.454512,-0.134247,-0.410646,0.49873,0.250011,1.0,0.236703,0.67667,0.184914,-0.002701,-0.031032,0.507132,0.104043,0.593769,-0.2334,-0.214473,0.387963,0.178039,0.213532,0.125429,0.34236,0.158693,0.061392,-0.18828,-0.203358,0.200923,0.00034,0.109224,0.214333,-0.715331,0.122496,0.414894,-0.245059,-0.31482,0.033942,-0.029402,-0.137981,-0.038004,-0.030835,0.043909,0.442092,-0.153312,0.252461,0.001516,-0.28331,0.572623,0.540348,0.063947,0.189904,0.189904,-0.388052,0.126113,-0.392725,0.003008,0.237901,0.06328,-0.181903,-0.040788,0.077371,-0.111856,0.22702,-0.058556,0.304464,0.222898,0.449868,0.126357,-0.253832,0.182463,-0.202437,0.131244,-0.253145,-0.141511,-0.178616,-0.386193,0.370523,-0.074651,-0.1564,-0.171675,-0.294619,-0.134599,-0.477845,-0.386174,-0.24352,-0.495923,0.362413,-0.078072,0.07558,-0.20945,-0.380367,-0.300987,-0.164928,-0.539693,0.349894,-0.241351,-0.143564,0.24008,0.248481,-0.096267,-0.221149,-0.106475,-0.120567,-0.074688,0.363418,-0.221736,-0.459965,-0.149041,-0.574478,-0.211399,-0.385821,0.474249,0.237884,-0.266011,-0.609647,-0.087886,-0.142061,-0.532027,-0.218349,-0.082045,-0.385055,-0.361454,-0.314129,-0.285942,-0.482283,-0.16928,0.089506,-0.007982,0.336322,-0.217391,-0.041785,-0.421084,-0.603127,-0.376946,-0.179503,-0.134147,-0.130964,-0.049981,-0.22346,0.018875,-0.221396,-0.296882,-0.355565,-0.270301,-0.142702,-0.161806,-0.184326,-0.314137,0.513548,-0.007901,-0.439961,0.037882,-0.154332,-0.061343,-0.219086,-0.335634,0.220776,0.712629,0.529644,-0.280384,-0.097649,0.343317,0.2284,0.470557,0.232903,0.102043,0.619779,0.12644,0.181046,-0.244939,-0.25122,-0.133244,0.05798,-0.224727,-0.187326,0.305746,-0.054172,-0.054175,-0.021759,0.646369,-0.284917,0.094308,0.440447,0.167641,-0.05193,0.198247,-0.049817,0.377395,0.159821,-0.690577,0.217104,0.343347,0.307413,0.066457,-0.040844,0.315225,-0.347559,0.017364,0.093268,-0.026052,0.005761,#
7,0.315027,0.267882,-0.111517,-0.275714,0.018202,0.313996,0.236703,1.0,0.485858,-0.095097,-0.118459,0.039905,0.099104,0.454006,0.241284,0.013788,-0.034723,0.153793,-0.079847,-0.048468,0.078975,0.415844,0.278068,0.282577,-0.268621,-0.046973,0.431518,0.355776,0.218833,-0.021559,-0.310028,0.346447,0.141136,-0.32696,-0.202893,-0.029572,-0.077494,-0.615887,0.165956,-0.135176,-0.204935,0.230713,-0.009753,0.251337,0.089515,-0.055555,0.184695,0.371738,-0.165159,0.124826,0.124826,-0.053276,0.124605,0.020353,-0.16148,0.030536,0.131539,-0.27917,0.358163,0.064466,0.177645,0.120707,-0.172028,0.325462,0.017983,0.3256,-0.144161,0.07375,0.307633,-0.207898,0.067482,0.074932,-0.276692,0.211077,-0.385384,0.419615,-0.182012,-0.196907,-0.594959,-0.043449,-0.108853,-0.254144,-0.014589,-0.163757,-0.227865,0.341699,0.0572,-0.083346,-0.056789,-0.563756,-0.082734,-0.202268,-0.351569,0.343836,-0.307866,-0.118433,0.166573,0.00291,-0.315295,-0.513399,-0.160777,-0.322115,0.044942,0.013281,-0.218243,-0.332889,-0.111043,-0.374569,-0.366362,-0.565768,0.220193,0.30071,-0.481863,-0.106424,-0.211492,-0.052324,-0.269713,0.030345,-0.398129,0.024433,-0.05534,-0.31965,0.215991,-0.560111,0.056964,-0.0885,-0.024364,0.024241,-0.044814,-0.224988,-0.469093,-0.200107,0.154856,-0.247175,0.091246,0.131797,0.11989,-0.380695,0.063421,-0.356639,-0.379644,-0.161107,-0.304724,0.118893,-0.0492,-0.001176,-0.466941,0.195954,-0.150196,0.016423,-0.133632,-0.044763,-0.215844,-0.053257,-0.020853,0.117892,0.346056,0.131781,-0.257808,0.26151,-0.010297,0.102703,-0.147929,0.042496,0.166005,0.253352,0.050936,-0.160909,-0.262778,-0.326679,-0.190212,0.13952,-0.611284,-0.173814,0.32109,-0.090052,-0.058539,0.00242,0.284775,-0.346083,0.054322,0.313141,0.190157,0.191932,0.07953,0.046554,0.187972,-0.215665,-0.109042,0.209968,0.338771,0.054631,0.25179,-0.187216,0.000963,0.201515,0.117967,-0.253543,-0.246092,0.398645,#
8,0.309631,0.226668,-0.088543,-0.281966,0.365346,0.322914,0.67667,0.485858,1.0,0.056627,-0.226145,-0.041084,0.61165,0.210562,0.280838,-0.351031,-0.29144,0.443776,0.176682,0.366963,0.208449,0.303827,0.19887,0.185055,-0.035633,-0.312117,0.39411,-0.119761,0.22154,0.141745,-0.468383,0.119317,0.292124,-0.383363,-0.438532,-0.154274,0.021335,-0.368761,-0.11989,-0.070555,0.344225,0.371905,-0.11303,0.059483,0.059124,-0.363941,0.477736,0.630635,-0.029834,-0.14041,0.103357,-0.215941,0.198317,-0.034765,-0.284267,-0.005102,0.189048,-0.405895,0.250982,0.021253,0.025631,0.010248,-0.088712,0.355215,0.311665,0.560142,0.13089,0.031758,0.266628,-0.165532,0.328256,0.019372,-0.324423,0.180507,-0.21168,0.300629,-0.019471,-0.122811,-0.105048,-0.280772,0.24146,-0.421427,-0.162699,-0.245598,-0.238104,0.495964,0.126685,0.227412,0.08152,-0.368224,-0.123695,-0.058604,-0.50059,0.590644,-0.228714,0.054617,0.48421,0.167399,-0.010025,-0.171481,-0.066108,0.048328,0.199587,0.315586,-0.041711,-0.123103,-0.063076,-0.480336,-0.192086,-0.375493,0.671414,0.10295,-0.184134,-0.249047,0.109688,-0.170871,-0.390347,0.149198,-0.099392,-0.305979,-0.186021,-0.349675,0.083433,-0.522315,0.041199,0.188583,0.02332,0.329942,-0.219154,-0.016074,-0.326098,-0.476741,-0.057126,-0.244465,0.099935,0.028025,0.005737,-0.205327,-0.005107,-0.051961,0.026143,-0.405218,-0.270078,-0.123951,-0.110083,0.04756,-0.383909,0.380233,0.148681,-0.265352,0.10762,-0.223406,0.140312,-0.116703,-0.045391,0.206148,0.629696,0.403039,0.04072,-0.056827,0.063434,0.099466,0.117766,0.302496,0.22918,0.48312,0.289865,0.068624,-0.399444,-0.174409,-0.319721,0.137238,-0.237825,0.093928,0.283372,0.211493,-0.028888,-0.163064,0.557804,-0.536997,0.048924,0.121489,0.10715,-0.210065,0.026119,0.028718,0.513817,0.219015,-0.6491,0.177614,0.583998,-0.063661,0.052624,-0.238686,0.255475,-0.121076,-0.051503,-0.186842,-0.083094,0.063485,#
9,0.320484,0.518743,-0.028883,-0.177922,0.488653,-0.089016,0.184914,-0.095097,0.056627,1.0,0.195466,-0.077491,0.358547,0.222456,0.297615,-0.097044,-0.244736,0.325239,0.434628,-0.326997,-0.074104,0.119337,0.369349,0.200244,-0.35493,0.032192,0.323057,-0.054208,0.207795,0.345168,-0.026692,-0.039224,0.363698,0.095536,-0.030856,0.101168,-0.248335,-0.291579,-0.244702,-0.07,-0.185271,0.151773,0.081908,0.152336,-0.128586,-0.56257,0.157238,0.226715,-0.379786,0.171334,0.171334,-0.063147,0.096618,-0.412021,0.219184,-0.388473,-0.367227,0.206491,-0.328833,-0.273473,0.167988,0.204684,-0.28112,0.044834,-0.157633,0.270147,-0.053069,0.003974,-0.014279,0.156279,-0.229424,-0.35304,-0.161061,-0.526324,-0.183118,0.221486,-0.491275,-0.634412,-0.117562,-0.533219,-0.26021,-0.316804,-0.282312,0.153742,-0.101852,0.022744,-0.135236,-0.244733,-0.418401,0.030392,-0.079246,-0.15904,-0.491104,-0.198078,-0.360739,-0.006511,-0.059553,0.111502,0.094306,-0.25321,-0.171936,-0.386225,-0.363104,-0.188782,-0.418566,-0.174621,-0.529502,-0.169299,-0.418628,0.018405,0.144366,-0.08903,-0.157887,-0.452857,-0.056073,-0.326433,-0.14156,-0.118597,0.332095,-0.57987,-0.209374,-0.230119,-0.012469,-0.147643,-0.160718,0.012824,-0.24484,-0.259633,-0.200825,-0.184427,-0.116933,-0.32691,-0.278696,-0.137741,-0.315127,-0.108301,0.222077,-0.182105,0.248927,-0.271716,-0.326921,-0.136675,-0.186717,-0.12349,-0.15734,-0.224878,0.209886,0.285191,-0.388311,0.05856,-0.279082,-0.407971,0.00994,0.00233,-0.160636,-0.108301,0.195858,0.380554,-0.223074,-0.028413,-0.220278,-0.052848,-0.103966,0.163367,-0.606574,0.277556,-0.142779,0.265595,0.490867,0.133786,0.095,0.062673,0.083007,-0.028808,0.433013,-0.294617,-0.210354,-0.007124,0.225714,-0.161727,0.047018,0.006346,-0.248109,0.127721,0.166494,-0.234036,0.032832,-0.196629,-0.047841,0.464204,0.054522,0.369291,-0.025218,0.204019,0.236199,-0.29847,0.131096,-0.485584,-0.249024,-0.128532,#
10,0.044378,-0.192465,-0.042177,0.22532,0.107219,0.204382,-0.002701,-0.118459,-0.226145,0.195466,1.0,-0.080436,-0.285363,-0.073691,-0.01052,0.162423,0.028153,-0.215267,-0.137806,-0.15344,-0.224108,0.109976,0.098154,-0.002181,0.112505,0.187553,0.004437,0.151869,-0.231692,-0.332255,0.248852,0.061691,-0.057588,0.166729,-0.047577,0.243335,-0.151141,0.181055,-0.143061,-0.094287,-0.094456,0.036423,0.128875,0.057556,-0.200204,-0.062613,-0.005956,-0.17698,-0.03799,0.210628,-0.051608,0.003185,0.026425,-0.447298,-0.289821,0.316262,0.014423,0.27108,-0.032376,0.153083,-0.041143,-0.045546,0.170384,-0.163882,-0.14376,-0.300158,-0.122169,-0.417578,-0.386228,0.123776,-0.128456,0.082613,0.018527,0.188386,0.187228,0.038759,0.13619,-0.084449,0.186222,0.023188,-0.248281,0.211679,0.242852,0.087091,0.058784,-0.13298,-0.032166,0.037729,-0.128595,-0.00825,-0.189991,0.090722,0.259059,-0.220786,0.337541,0.123444,-0.39053,0.409227,-0.030715,0.058725,0.225912,-0.141306,0.32397,-0.303749,0.017721,0.042902,-0.057506,-0.236358,0.360616,0.178373,-0.45584,-0.138616,0.155556,-0.220898,-0.080475,-0.115703,0.301452,-0.06183,-0.021473,0.151486,0.356947,-0.142681,0.112395,0.168911,-0.312619,-0.342789,-0.243372,0.206271,0.122915,-0.141391,0.328513,0.052506,-0.10265,0.159803,0.029053,0.360227,-0.199556,0.014015,-0.145339,-0.018633,-0.027986,-0.409554,0.240963,-0.289671,-0.118144,-0.030718,0.090995,-0.234999,-0.207208,0.224125,0.223225,0.288805,-0.360665,-0.180909,0.087026,-0.157996,-0.2756,-0.160739,0.034954,-0.088808,-0.231239,0.13136,0.205563,-0.329817,-0.100806,-0.017835,-0.018144,0.266425,0.453398,-0.06715,0.037076,0.130824,-0.206229,-0.055598,-0.303456,-0.112549,0.186494,0.01849,-0.0983,0.18566,0.193738,0.020211,-0.179028,0.124577,-0.179556,-0.448254,-0.246074,-0.045721,0.217591,-0.253541,-0.275728,-0.100034,-0.175756,-0.125386,0.046513,-0.277566,0.143768,0.220943,-0.139634,-0.20012,#
11,0.010925,-0.231325,0.108148,-0.211369,-0.034029,0.009968,-0.031032,0.039905,-0.041084,-0.077491,-0.080436,1.0,-0.086024,-0.068601,-0.100854,0.017517,-0.083007,-0.035632,-0.476678,0.154311,-0.372694,0.274544,0.235632,-0.204037,-0.092414,0.148731,0.126246,-0.440984,-0.228983,0.000814,-0.163767,0.203528,0.153199,0.352097,0.204203,-0.046893,-0.205773,-0.087145,-0.259933,-0.080399,-0.055211,0.22722,0.053855,-0.364829,0.267671,-0.26892,-0.008635,-0.01769,-0.191217,-0.056564,-0.295429,0.039922,0.026655,-0.157046,0.058307,-0.058415,-0.186416,-0.184222,0.180533,0.079227,0.152409,-0.169038,-0.156264,-0.507632,0.044122,-0.134946,-0.290449,-0.12412,-0.082918,0.296178,0.145619,-0.343372,0.300631,0.067429,-0.46129,-0.107892,-0.15817,-0.271788,-0.106881,0.260637,0.41636,-0.261634,-0.157735,-0.306522,0.056231,0.161278,-0.006168,-0.026172,0.203518,-0.302426,0.089563,-0.280395,-0.017155,0.090697,-0.182787,-0.221555,-0.134902,0.153117,-0.365204,0.006508,-0.096713,0.12075,0.000771,0.144788,-0.298165,-0.195376,0.282928,-0.006725,0.021645,0.164852,0.000964,0.22584,-0.373515,0.097809,-0.101058,-0.181816,-0.129497,0.173586,-0.080042,0.146246,0.021645,-0.227035,0.10422,0.110062,-0.241825,0.161111,-0.056633,-0.170166,0.102174,0.339855,-0.184662,0.123737,-0.139777,-0.286303,-0.071972,-0.009107,0.269377,-0.141324,0.227467,-0.157971,0.149032,-0.11787,0.129593,-0.299286,-0.259683,0.000125,0.154333,0.000764,-0.157477,0.127854,-0.176646,-0.284036,0.028701,-0.087431,-0.099784,-0.012598,0.003975,0.011696,0.130316,0.026849,0.230958,-0.17219,-0.08604,-0.015141,-0.026509,-0.114142,0.058728,0.078319,-0.146687,-0.073676,0.148491,-0.034727,0.016535,0.233732,0.034524,-0.27702,-0.442289,0.118562,-0.183273,0.071888,0.147128,-0.126756,-0.067787,0.329668,0.113667,0.017943,-0.020574,-0.095489,-0.139453,-0.184351,-0.235539,-0.103506,-0.05298,0.040903,0.277413,0.114368,0.249941,0.143321,0.337847,-0.025499,#
12,0.09426,0.312747,-0.114492,-0.111254,0.388084,-0.066047,0.507132,0.099104,0.61165,0.358547,-0.285363,-0.086024,1.0,0.164176,0.320398,-0.411646,-0.300495,0.529654,0.184887,0.102972,0.324727,0.137873,0.205761,0.139167,-0.159436,-0.152285,0.17922,-0.300992,0.362025,0.273779,-0.364695,-0.062198,0.358716,-0.10573,-0.24022,-0.248492,0.029717,-0.364095,-0.126244,-0.138207,0.19659,0.321017,0.118376,-0.142013,-0.044254,-0.359375,0.419194,0.415366,-0.195665,-0.275514,0.209546,-0.252656,0.128655,0.006226,-0.083727,-0.042812,0.116964,-0.09991,0.021826,-0.212829,-0.013231,0.310447,-0.046923,0.037356,0.218233,0.375802,0.067943,0.212959,0.20895,-0.044248,0.182464,0.124932,-0.212794,-0.070026,-0.215852,0.299103,-0.096784,-0.230492,-0.207502,-0.328651,0.191041,-0.522157,-0.402059,-0.2392,-0.02182,0.40542,-0.102556,0.200958,-0.04286,-0.04473,-0.15435,0.129017,-0.574111,0.308586,-0.470726,0.183922,0.582051,0.073998,0.213291,-0.068168,-0.029602,-0.106813,0.059533,0.056881,-0.064477,-0.114537,-0.233644,-0.139212,-0.37284,-0.209049,0.493635,-0.24979,-0.150345,-0.295492,0.159176,-0.099723,-0.351962,0.086166,0.064731,-0.44214,-0.206541,-0.323691,0.047113,-0.449468,0.097504,0.401811,-0.11308,0.16178,-0.077426,0.136712,-0.11122,-0.414525,-0.235755,-0.304887,-0.000879,-0.07344,-0.097037,-0.046845,0.124254,0.090581,-0.074287,-0.110374,-0.109704,-0.179218,-0.029897,-0.116125,-0.048436,0.332887,0.098131,-0.082898,-0.248119,-0.39135,0.294615,-0.130654,-0.031002,0.271153,0.658709,0.302332,0.024558,-0.21467,0.110808,-0.23508,0.200567,0.46918,-0.002327,0.511252,0.322922,-0.101687,-0.194775,0.128607,-0.08025,0.006358,-0.019507,-0.073598,0.321544,0.042029,-0.204808,0.073146,0.405681,-0.217431,-0.050775,-0.007659,-0.101248,-0.397958,0.195844,0.002659,0.567668,0.113815,-0.56658,0.241752,0.498636,0.207084,-0.100138,-0.203774,0.150307,-0.127569,-0.134914,-0.169376,-0.01179,-0.039872,#
13,0.418815,0.453401,-0.109492,-0.351889,0.017346,0.349809,0.104043,0.454006,0.210562,0.222456,-0.073691,-0.068601,0.164176,1.0,0.024292,0.256343,-0.134279,0.29725,0.25501,-0.102004,0.075593,0.488347,0.590279,0.310944,-0.265624,-0.271968,0.403192,0.400701,0.281147,0.197961,-0.382559,0.164061,0.222828,0.178261,0.146322,0.178097,-0.286799,-0.321723,0.077478,-0.066655,-0.233402,-0.046337,0.499708,0.379969,-0.197165,-0.299294,0.062657,0.287681,-0.235418,0.215032,0.509113,-0.148761,-0.08223,0.115338,0.00058,-0.135834,0.046182,0.099422,0.235608,-0.025082,0.490272,0.117474,-0.173094,0.22509,0.176413,0.372267,-0.445326,0.453837,0.367542,0.040174,-0.1348,-0.188211,-0.147856,-0.307777,-0.149201,0.45587,-0.27736,-0.151211,-0.48543,-0.168171,-0.344488,-0.390002,-0.215816,0.01011,0.157634,0.016273,0.070721,-0.363605,0.043196,-0.329324,-0.370525,-0.16886,-0.478581,0.263981,-0.40277,-0.317395,0.1311,-0.104824,-0.22815,-0.49365,-0.141483,-0.220299,-0.203739,-0.351151,-0.161769,-0.349811,0.008849,-0.433581,-0.366931,-0.195227,0.163856,0.158654,-0.229419,-0.255544,-0.300262,-0.229604,-0.401565,-0.189492,0.004721,-0.192338,-0.165285,-0.367141,0.087505,-0.47402,0.122001,0.100652,-0.147748,-0.157751,-0.028935,-0.371255,-0.409481,-0.026499,-0.198781,-0.264066,-0.244624,-0.278552,0.159767,-0.558557,-0.148986,-0.334325,-0.324156,-0.040007,-0.598592,0.039463,-0.290953,-0.09222,-0.370807,0.174041,-0.234788,-0.317011,-0.328168,-0.155,-0.172144,0.041513,-0.306168,0.150746,0.205161,0.239036,-0.352379,-0.110114,-0.156439,-0.32457,-0.149661,0.270072,-0.256461,0.189487,-0.057131,0.116459,-0.186904,0.200441,-0.008917,0.39042,-0.074294,-0.304956,0.381521,-0.158683,-0.138566,0.100429,0.364752,-0.307144,0.061058,-0.022726,-0.12848,0.214829,0.182155,0.040454,0.043708,-0.16953,-0.155685,0.51951,-0.119966,0.169771,0.424471,0.330008,0.109746,0.191061,0.586837,-0.352347,-0.293476,0.185169,#
14,0.232136,0.493863,-0.037124,-0.198864,0.597187,-0.105431,0.593769,0.241284,0.280838,0.297615,-0.01052,-0.100854,0.320398,0.024292,1.0,-0.266912,0.111787,0.197899,0.126834,-0.110131,0.281273,0.098412,0.023995,0.21755,-0.337174,-0.031658,-0.038857,0.10741,0.195551,0.053169,-0.454311,-0.085838,0.295479,-0.142544,-0.406757,0.220785,-0.214086,-0.318249,0.288276,0.16708,-0.247273,0.200247,-0.484024,0.262173,-0.240526,-0.02803,0.24622,0.1307,0.029265,0.325073,0.083491,-0.084294,-0.106629,-0.177782,0.049963,-0.058658,-0.27682,-0.043621,-0.187357,-0.016942,-0.04622,0.584381,-0.461009,0.141266,0.032434,0.297006,0.123237,-0.063935,0.221187,-0.327519,-0.228721,-0.16901,-0.053189,-0.135631,-0.466912,0.239662,-0.108891,-0.502934,-0.192329,-0.500798,-0.215299,-0.183965,-0.115616,-0.291788,-0.519316,0.079183,-0.262797,-0.072137,-0.454148,-0.302831,-0.176377,-0.326962,-0.280556,0.010758,-0.418789,-0.200295,0.036378,0.191989,-0.095936,-0.438039,0.344163,-0.391949,-0.250467,0.086968,-0.297072,-0.402955,-0.486901,-0.198047,-0.463785,-0.317659,0.098885,-0.166534,-0.267311,-0.364468,-0.210818,-0.118387,-0.342125,-0.416274,-0.230456,-0.254997,-0.467166,-0.226471,-0.367241,-0.308154,0.085541,-0.244332,-0.271251,-0.042816,-0.348724,-0.138302,-0.4237,-0.611499,-0.277179,-0.071171,-0.181053,-0.114735,0.367203,-0.30187,-0.008282,-0.149205,-0.443667,-0.262663,-0.397686,0.005015,0.014938,-0.308367,-0.166879,0.338303,-0.333342,-0.406407,-0.305414,0.004994,-0.159909,-0.084875,-0.329842,0.228512,0.603782,0.464347,-0.427762,0.035886,0.166897,0.197848,0.115649,-0.105876,-0.220871,0.653448,-0.00942,-0.109862,-0.048843,-0.3557,0.21456,0.043378,-0.19097,-0.339583,0.363157,-0.420544,-0.150935,-0.099017,0.483984,-0.132943,-0.05392,0.507833,0.488987,0.044752,0.115782,-0.148576,-0.077834,0.004722,-0.195746,0.254238,0.006615,0.656535,-0.024055,0.0115,-0.137333,-0.205225,-0.116391,-0.240709,-0.285059,0.388737,#
15,0.002981,-0.229658,-0.167229,-0.345956,-0.32397,0.184917,-0.2334,0.013788,-0.351031,-0.097044,0.162423,0.017517,-0.411646,0.256343,-0.266912,1.0,0.006644,-0.536861,0.091473,-0.208358,-0.456596,0.321242,-0.070381,0.097973,0.00639,-0.223586,0.091192,0.294692,0.043143,-0.189152,0.135529,0.161862,-0.094705,0.342117,0.096541,0.512121,0.162811,0.283811,0.007532,0.011479,-0.184336,-0.455759,0.408738,0.184405,-0.218664,0.019219,-0.384424,-0.094965,-0.125284,0.258666,0.258666,0.109922,-0.027364,-0.049842,-0.165492,0.383129,0.320374,-0.187347,0.241142,-0.096736,0.270245,-0.077078,0.357448,-0.105439,-0.08778,-0.201842,-0.307961,-0.03341,0.095515,0.161788,-0.068511,-0.338949,0.221837,-0.167643,0.109384,-0.054404,0.055285,0.165554,-0.08983,0.261714,-0.16287,0.106383,0.320198,0.172342,0.303517,-0.185052,0.206143,-0.486364,0.157441,-0.098031,0.079487,-0.037739,0.156626,-0.146486,0.226835,-0.129432,-0.306029,0.127848,-0.329148,-0.220594,-0.042926,0.138467,0.024362,-0.019661,0.439203,-0.018536,0.210104,-0.074832,0.085988,-0.091857,-0.355478,0.328143,0.04291,0.214459,-0.306582,0.007568,0.211896,0.008933,-0.022487,0.218553,0.085988,0.200893,0.020157,0.111953,-0.187514,-0.064824,0.321226,0.065822,0.163302,-0.219455,-0.155357,0.333307,0.160038,0.205978,-0.258979,-0.072818,-0.217957,-0.086911,-0.148445,-0.174981,-0.10174,-0.05363,-0.18664,0.288067,-0.024922,-0.124772,-0.155962,-0.401581,-0.134575,-0.194162,-0.004981,-0.019305,-0.279917,0.176591,-0.041286,-0.038932,-0.363447,-0.147087,-0.107985,0.058339,0.210363,0.079681,-0.231509,-0.017844,-0.028158,-0.424199,0.077795,0.230599,0.043815,-0.103888,-0.005578,0.012631,-0.091122,0.017878,-0.158533,-0.048068,0.10546,0.212018,-0.206099,0.170719,0.169655,-0.166194,0.00518,0.227154,-0.226802,0.069641,-0.287797,-0.324381,0.113022,-0.108624,-0.371987,-0.313208,0.116916,0.166241,0.198267,0.254639,0.191212,0.266834,0.158258,-0.218573,#
16,0.191287,-0.072072,-0.222955,-0.072922,0.063733,-0.009998,-0.214473,-0.034723,-0.29144,-0.244736,0.028153,-0.083007,-0.300495,-0.134279,0.111787,0.006644,1.0,-0.096285,-0.165848,-0.420685,-0.107133,-0.369731,-0.486025,-0.129093,-0.079693,-0.087333,-0.520593,0.206629,0.072876,-0.212764,0.067696,-0.464502,0.025377,-0.244852,0.160167,0.381841,-0.080934,-0.075452,-0.124432,0.237193,-0.279839,-0.436747,-0.159885,0.328142,-0.165428,0.29542,-0.383949,-0.624599,0.27636,-0.028765,-0.018189,-0.087546,-0.085923,0.069756,0.098534,-0.191199,-0.206962,0.288801,0.088318,0.211962,-0.14677,-0.154466,-0.032083,-0.01374,0.355009,-0.027426,0.401085,0.025783,-0.227207,-0.483879,-0.690945,0.120807,0.064291,0.059865,0.053345,0.326054,0.323221,0.016639,0.110262,-0.112827,-0.401618,0.269252,-0.043589,0.147459,-0.079711,-0.312007,-0.3499,-0.29653,0.057453,-0.145867,-0.110616,-0.400495,0.303411,-0.623267,0.062632,-0.40066,-0.452905,-0.453396,-0.366728,0.117679,0.259552,-0.288546,-0.16139,-0.318244,0.054597,0.105648,-0.070852,0.12367,-0.156684,0.193148,-0.487371,-0.114538,-0.120843,-0.037517,-0.39243,0.351566,-0.059585,-0.342847,-0.501168,0.402132,-0.149696,0.379748,-0.583288,0.394095,0.194881,-0.460524,-0.072646,-0.062799,-0.287121,-0.183964,-0.159284,0.190162,-0.056647,0.128036,-0.151296,-0.238025,0.185115,-0.180467,-0.5841,-0.127162,-0.420587,0.031081,-0.134569,0.043645,0.201151,-0.223337,0.050897,-0.08246,0.013313,-0.140361,0.150873,0.178314,-0.53857,-0.07029,-0.215701,-0.42048,-0.171976,0.037902,-0.27345,-0.170278,-0.012763,-0.151607,-0.190899,-0.470371,-0.188541,-0.07464,-0.061889,-0.298669,0.1292,-0.244641,0.571613,-0.012992,-0.245631,-0.095227,-0.149373,-0.144948,-0.126193,0.156722,0.158042,0.227379,0.10155,0.20023,0.548278,0.131309,0.367988,-0.170679,-0.098847,0.215313,0.542861,0.084642,-0.42766,0.218406,0.200934,0.223442,-0.383991,0.601637,0.008761,-0.265013,-0.449766,0.511531,#
17,0.308732,0.551201,-0.257597,-0.154902,0.256362,0.165147,0.387963,0.153793,0.443776,0.325239,-0.215267,-0.035632,0.529654,0.29725,0.197899,-0.536861,-0.096285,1.0,0.303561,0.006836,0.414594,0.004776,0.355473,-0.160065,-0.152832,-0.164755,0.196041,0.049093,0.285566,0.337868,-0.434054,-0.065433,0.28675,-0.157772,0.047932,-0.42579,-0.288681,-0.23669,-0.037606,-0.099418,-0.069557,0.446787,0.093377,-0.048574,-0.08417,-0.350839,0.421952,0.206264,0.100389,-0.190496,0.325177,-0.280243,0.129197,-0.213422,0.180065,-0.378581,-0.02125,-0.01472,0.066533,0.19212,0.020096,0.238048,-0.338774,0.194416,0.270112,0.518901,0.0832,0.2914,0.114966,-0.032945,-0.025776,-0.095776,-0.534534,-0.400957,-0.246674,0.376904,-0.321626,-0.144868,-0.226086,-0.531736,-0.103318,-0.427858,-0.614112,-0.100982,-0.214919,0.29782,-0.30109,-0.026458,-0.040837,-0.185182,-0.211957,-0.254988,-0.471825,0.088096,-0.363856,-0.131726,0.0952,-0.243489,0.015303,-0.262931,-0.205641,-0.258573,-0.301675,-0.243579,-0.400508,-0.094562,-0.313209,-0.312479,-0.520358,-0.199101,0.306787,0.134995,-0.174812,-0.346204,-0.04005,-0.262636,-0.493544,-0.117159,0.011952,-0.569278,-0.346638,-0.292093,-0.264621,-0.414569,-0.13644,0.355294,-0.03608,-0.024585,-0.06834,-0.16517,-0.303177,-0.387861,-0.133358,-0.243303,-0.054931,-0.351622,0.192361,-0.355445,0.254199,-0.385468,-0.171286,-0.13919,-0.239077,-0.280113,-0.140609,-0.100321,-0.128567,0.64403,-0.083807,-0.211247,-0.169513,-0.335176,0.028314,-0.238842,-0.427931,0.004252,0.426761,0.470678,-0.37942,-0.162349,-0.153207,-0.152258,0.134315,0.335067,-0.155526,0.56438,-0.126218,-0.170548,0.010666,0.086059,0.128958,0.076824,0.031648,-0.168987,0.3243,-0.233196,-0.203797,0.192243,0.488209,-0.313289,0.059043,0.142035,-0.104096,-0.292799,0.355278,-0.111787,0.607872,0.231251,-0.44255,0.567688,0.271775,0.264587,0.175319,0.119355,-0.173754,0.017702,-0.108366,-0.414534,-0.115604,0.13146,#
18,0.465058,0.511883,-0.045662,-0.113389,0.078569,-0.106213,0.178039,-0.079847,0.176682,0.434628,-0.137806,-0.476678,0.184887,0.25501,0.126834,0.091473,-0.165848,0.303561,1.0,-0.282588,0.254054,-0.124073,0.075124,0.120079,-0.267549,-0.444976,0.263402,0.18852,0.175873,0.497661,-0.045485,0.058482,0.133601,-0.04208,-0.19628,0.067168,0.021395,-0.002625,0.031934,0.165468,-0.004511,-0.27252,0.064481,0.193775,-0.355632,-0.248036,0.167507,0.218812,0.03078,-0.119497,0.129455,-0.110715,-0.017772,-0.184626,0.144067,-0.130796,0.123672,-0.167601,-0.259124,-0.01793,-0.002212,0.124542,-0.059511,0.140843,0.115043,0.353472,0.007304,0.059213,0.032384,-0.124676,-0.17345,-0.420756,-0.17957,-0.50573,-0.089413,0.103911,-0.511861,-0.137424,-0.060834,-0.304365,-0.305229,-0.220582,-0.112877,0.462653,-0.163644,0.076174,0.048618,-0.174994,-0.23565,0.143404,-0.000648,-0.236276,-0.450213,-0.082502,-0.168067,-0.310963,-0.105917,-0.252945,0.043657,-0.253091,-0.127513,-0.288926,-0.301127,-0.149732,-0.110015,0.043122,-0.332207,0.055055,-0.382868,-0.151815,0.299483,0.17772,0.004699,-0.285756,-0.156174,-0.316631,-0.184272,-0.105736,0.399595,-0.670157,-0.376675,0.117331,-0.251402,-0.269263,-0.19519,0.03897,0.029177,-0.159064,-0.172835,-0.538595,-0.065978,-0.428994,0.048843,0.288849,-0.379824,-0.223178,-0.073728,-0.204871,-0.032716,-0.110669,-0.045405,-0.182146,-0.600804,0.160968,0.083729,-0.247109,-0.173972,0.398722,0.029714,-0.359575,-0.227007,-0.292104,0.143173,0.04343,-0.21626,-0.110393,0.151753,0.386391,-0.33749,-0.032302,-0.293644,0.091512,0.028974,2.1e-05,-0.265179,0.135453,-0.229072,-0.189579,0.030017,-0.05399,0.109397,-0.156991,-0.004725,-0.101947,0.378828,-0.026492,0.059837,0.295347,0.345449,-0.507174,0.083993,0.102445,-0.187225,-0.206316,0.230669,-0.032697,0.209223,0.05546,-0.252188,0.602463,0.114756,0.21618,0.3983,0.501088,0.011328,-0.008244,-0.100162,-0.371446,-0.215479,-0.089555,#
19,-0.393351,-0.282305,0.047462,0.060891,-0.005722,0.29583,0.213532,-0.048468,0.366963,-0.326997,-0.15344,0.154311,0.102972,-0.102004,-0.110131,-0.208358,-0.420685,0.006836,-0.282588,1.0,0.121216,0.214697,0.111265,-0.097961,0.418736,-0.18089,0.134735,-0.330744,-0.278606,-0.22024,-0.170201,0.162937,-0.082728,0.129685,-0.302841,-0.219758,-0.032381,0.118957,0.15392,0.175973,0.356815,0.357141,-0.039191,-0.421811,0.402329,0.084351,0.317065,0.442626,0.111933,0.011472,0.011472,-0.115232,0.013273,0.287008,-0.148556,0.311842,0.262096,-0.122557,0.384554,-0.104189,-0.032568,-0.111288,0.085707,0.071754,-0.123913,0.090743,0.023375,0.092078,0.206499,0.193021,0.50609,0.12617,-0.021599,0.431651,0.085648,-0.335735,0.314056,0.324434,0.254765,0.109148,0.56185,0.084926,0.150089,-0.521487,0.259275,0.037064,0.213706,0.280283,0.272469,0.093579,0.099877,0.50792,0.145944,0.529676,0.19287,0.376497,0.330345,0.35492,0.2017,0.318969,0.006026,0.674285,0.384432,0.360058,0.261498,-0.015848,0.264403,-0.207059,0.430553,-0.059354,0.412596,-0.153037,0.19287,0.211208,0.400449,-0.050582,0.054642,0.394467,0.099386,0.234677,0.282279,-0.117732,0.393173,-0.213695,0.19782,0.477276,-0.024864,0.106536,0.322446,0.614584,0.012941,0.128014,-0.016682,-0.240173,0.451712,-0.047193,-0.220317,0.254727,0.083302,0.209882,0.457473,0.018817,0.180863,-0.046382,-0.198647,0.163611,-0.282601,-0.128007,0.32843,-0.154615,0.166066,0.162177,0.275961,0.16123,0.327371,0.494982,0.02942,-0.274349,0.456458,-0.085087,0.184171,-0.101987,0.219697,0.382724,0.381,0.07027,0.418402,0.307865,-0.439055,0.111889,-0.575482,-0.044853,0.22283,0.235485,-0.230936,0.223838,0.271112,-0.429766,-0.067694,0.069013,-0.156726,-0.051204,-0.038621,0.002098,-0.446726,0.062633,0.175179,-0.035884,-0.366751,-0.495696,0.169396,-0.346853,-0.130348,-0.384815,0.140025,-0.513051,-0.092146,0.477602,0.309431,-0.220939,#
20,-0.096162,0.220976,-0.163147,0.164727,-0.005069,-0.084887,0.125429,0.078975,0.208449,-0.074104,-0.224108,-0.372694,0.324727,0.075593,0.281273,-0.456596,-0.107133,0.414594,0.254054,0.121216,1.0,-0.035825,-0.084235,0.061982,0.079683,-0.203284,-0.254047,-0.011628,0.074417,0.239636,-0.019048,-0.361603,0.015091,-0.014344,-0.223007,-0.246618,-0.085374,-0.124383,0.311552,0.002677,-0.053125,0.101815,-0.20662,-0.14256,-0.181493,0.245809,0.468462,0.071563,0.079556,0.02306,0.02306,-0.005835,-0.344503,0.307905,-0.029745,-0.051285,0.095582,-0.163962,-0.102909,-0.060095,0.056565,0.254336,-0.174703,0.042896,-0.094585,0.144794,0.016329,0.329386,0.090009,-0.377541,-0.029533,0.209837,-0.22733,-0.036506,0.114043,-0.091682,0.062299,0.109035,-0.170252,-0.233003,0.069429,-0.170055,0.014868,-0.214502,-0.07749,-0.018116,0.067922,0.22905,-0.072296,0.117383,0.119538,0.058084,-0.123081,0.27323,-0.227239,0.0726,0.354636,-0.118199,0.321493,0.019679,0.035219,-0.169724,-0.082858,-0.155823,-0.211734,-0.020924,-0.246279,0.101304,-0.217544,-0.256014,0.256916,-0.125661,-0.035206,-0.118677,0.091384,-0.074738,-0.119959,0.067962,0.051813,-0.235512,-0.217544,0.186,0.01822,-0.267181,0.235119,0.178514,-0.122777,0.004407,-0.117337,0.114758,0.06327,-0.274058,0.216122,0.116327,0.02854,-0.110742,-0.180906,-0.062162,-0.102659,0.341346,0.083785,-0.157603,-0.042696,0.083547,0.417041,-0.130286,-0.01491,0.260871,0.264144,-0.071719,-0.178096,0.112401,0.263347,-0.120629,0.014708,0.318464,0.371797,0.082972,-0.038718,-0.161998,-0.082091,0.048143,-0.009,0.220287,0.125664,0.309375,-0.114404,-0.267984,-0.159802,0.183044,-0.119999,0.156387,0.215963,-0.094422,0.090063,0.176356,-0.029789,0.036204,0.189776,-0.196605,0.104731,0.213931,0.123982,-0.156061,0.028433,0.33106,0.322876,0.277399,-0.170334,0.134807,0.228477,0.365017,-0.095671,-0.126517,-0.492896,-0.059242,-0.241258,-0.146887,-0.015247,0.199793,#
