0,1.0,0.60581,-0.020314,-0.256468,0.270986,0.102704,0.040753,-0.083549,0.060391,0.398289,-0.100701,-0.193861,0.491794,0.328462,0.169503,-0.240729,0.300137,0.498747,-0.050663,-0.258718,-0.016906,0.416235,0.299309,-0.021109,-0.368854,-0.216343,0.025305,-0.097488,0.080987,0.634968,-0.009531,0.157983,0.088409,-0.067138,-0.057787,0.265639,-0.120502,-0.300131,-0.176241,-0.145972,-0.32191,-0.174691,-0.027462,0.272301,0.120867,-0.364797,0.275018,0.088643,-0.268773,-0.217925,0.035597,-0.452779,-0.125837,-0.293806,-0.019575,-0.178612,-0.055285,0.020403,0.175494,0.262757,0.308497,-0.130383,-0.173276,-0.086621,0.00475,0.37479,0.072937,0.235805,0.224014,-0.118382,-0.362007,0.114245,-0.342352,-0.402992,-0.366937,0.25566,-0.138331,-0.390473,-0.428097,-0.327917,-0.276159,-0.308695,-0.262449,0.112176,-0.222277,-0.245002,-0.325021,-0.21136,-0.196968,-0.46997,-0.149212,-0.629524,-0.376446,0.02682,-0.039971,-0.275701,0.148328,-0.564167,-0.277187,-0.344265,0.231095,-0.436424,-0.219882,0.019623,-0.481598,-0.215007,-0.429924,-0.131652,-0.594523,-0.070049,0.09836,0.274898,-0.376559,-0.264224,-0.427435,0.237552,-0.385709,-0.656504,0.191481,-0.485187,-0.493911,-0.172379,-0.278571,-0.14154,-0.23819,-0.057036,0.015998,0.003481,-0.123977,-0.105117,-0.250164,-0.270814,-0.201972,0.012755,-0.535246,-0.158113,-0.139844,-0.457144,-0.027332,-0.266175,-0.160465,-0.308528,-0.499455,-0.318067,-0.096386,-0.426297,-0.120632,0.267137,-0.336946,-0.436424,-0.336893,-0.520557,-0.076923,-0.341641,-0.355669,-0.391459,0.400073,0.646763,-0.431052,-0.426937,-0.407543,-0.123162,0.237,-0.67025,-0.188046,0.650345,-0.513523,-0.341089,-0.021458,-0.252987,0.149596,0.058489,-0.60678,-0.525667,0.26639,-0.74002,-0.330156,0.482439,0.424341,-0.374443,0.376572,0.145224,-0.154902,-0.018064,0.42636,-0.278669,0.436127,-0.075962,-0.09756,0.589645,-0.031354,0.483013,0.398481,0.365073,-0.102687,0.415032,-0.022291,-0.445766,0.104849,0.412389,#
1,0.60581,1.0,0.076935,-0.238253,0.189383,0.15941,0.428039,0.254091,0.309497,0.29506,-0.107954,-0.414202,0.475956,0.152134,0.392961,-0.216364,0.259602,0.211813,0.334338,-0.365137,-0.007157,0.117628,0.290399,0.01398,-0.244963,-0.41042,0.246522,0.017053,0.228479,0.438822,-0.435878,-0.149945,0.159124,-0.004803,-0.139565,0.370375,-0.133701,-0.258253,-0.067928,-0.150299,-0.43548,0.015324,-0.22078,0.295556,0.37947,-0.328286,0.4288,0.040265,-0.056211,0.268963,-0.155146,-0.363216,-0.224792,0.003226,0.097918,-0.365722,0.081726,-0.029061,-0.099239,0.323403,0.023796,-0.044187,-0.41871,0.064396,0.044817,0.301209,-0.222479,0.408708,0.280117,-0.352911,-0.213518,-0.052161,-0.261456,-0.527834,-0.599203,0.592196,-0.278872,-0.513138,-0.458064,-0.520101,-0.273981,-0.535112,-0.473771,0.253917,-0.544695,-0.21055,-0.385148,-0.344847,-0.401853,-0.607209,-0.287972,-0.620891,-0.599529,-0.161499,-0.165122,-0.299902,0.131862,-0.534393,-0.192463,-0.289462,0.276471,-0.455228,-0.348566,-0.176668,-0.52865,-0.234776,-0.689299,-0.053481,-0.827948,-0.264475,-0.05098,0.441068,-0.366867,-0.629737,-0.255298,0.001782,-0.387848,-0.782856,-0.229093,-0.597821,-0.542695,-0.255046,-0.459191,-0.286955,-0.125995,-0.193156,-0.316643,0.135249,-0.301224,-0.368206,-0.523686,-0.617385,-0.354747,0.195834,-0.380135,-0.343237,0.201039,-0.325247,0.035843,-0.609655,-0.488548,-0.065043,-0.706666,-0.179921,0.070615,-0.389493,-0.442426,0.468296,-0.380135,-0.455228,-0.132402,-0.552209,-0.306111,-0.341223,-0.528551,-0.408138,0.332859,0.663726,-0.442043,-0.221503,-0.040714,-0.042664,0.396152,-0.415624,-0.279375,0.544434,-0.504364,-0.237885,-0.182295,-0.326864,0.252213,-0.058552,-0.471216,-0.551618,0.220042,-0.397372,-0.504364,0.760977,0.616535,-0.567405,0.367107,0.225127,-0.104355,-0.006192,0.521567,-0.166673,0.470742,-0.09697,-0.260944,0.55888,0.090621,0.763155,0.57936,0.290946,-0.318811,0.32754,0.111966,-0.511446,-0.235929,0.300159,#
2,-0.020314,0.076935,1.0,0.208651,0.214642,0.141259,-0.093011,-0.035588,-0.019576,-0.430855,0.145611,0.183988,-0.272054,-0.32807,-0.268044,0.036261,0.149479,-0.243772,-0.247162,0.101044,-0.297866,-0.166638,0.222916,-0.312951,-0.037608,-0.346182,0.229827,0.124836,-0.059301,-0.187866,0.166098,0.299602,-0.309807,-0.109609,0.046608,0.209619,0.4001,-0.159786,-0.105913,-0.146906,-0.187835,0.127782,0.022683,0.153928,0.198113,-0.120776,-0.141163,0.660081,0.105692,0.21468,-0.111248,0.353299,0.144179,-0.002183,-0.180449,0.174755,-0.015315,-0.183344,-0.204406,0.024768,-0.056111,-0.51357,0.388154,0.009167,-0.108548,-0.033437,-0.123215,0.017483,0.095684,0.410016,0.55812,0.380404,0.064832,-0.072713,-0.124492,0.224554,-0.137812,-0.389264,-0.128023,-0.218034,0.356723,-0.081072,0.012768,0.30494,0.088664,0.24022,-0.074756,-0.071943,-0.037534,-0.060227,4.6e-05,0.005613,-0.14717,0.113188,0.118236,0.031764,0.280017,-0.401555,0.122549,-0.129889,0.223556,0.029228,-0.054992,-0.140029,0.115948,-0.20586,0.082104,0.327432,-0.234706,0.173538,0.363888,-0.117423,-0.080145,0.008076,0.556608,-0.133693,-0.067473,-0.165803,-0.063628,-0.042672,0.089793,-0.160782,0.335827,0.120643,0.08412,-0.219355,-0.225965,0.170678,0.119914,-0.217749,0.256995,-0.146032,-0.080145,-0.001717,0.086353,0.042885,0.203052,0.199995,0.302821,0.008078,0.037608,0.409848,-0.070393,-0.169951,0.0335,0.382655,-0.330763,-0.082017,0.093784,-0.14322,0.072935,-0.096129,-0.144412,0.025949,-0.086489,-0.057138,-0.287065,0.208057,0.202572,-0.133196,0.073087,-0.116272,0.002536,-0.044383,0.019456,-0.083532,-0.293149,0.031659,0.059409,-0.151003,-0.029378,-0.087152,0.029106,0.087972,-0.260109,0.096657,-0.144261,0.355254,0.007428,-0.137391,0.106265,-0.418477,-0.208351,0.423416,-0.072078,-0.198674,-0.15589,0.033734,-0.197644,-0.081019,0.401929,0.150821,0.218967,-0.004715,0.029954,0.030012,0.235727,0.02044,-0.030322,0.028375,#
3,-0.256468,-0.238253,0.208651,1.0,-0.226629,-0.09543,-0.402652,-0.47525,-0.357488,-0.175412,0.112521,0.021182,-0.273417,-0.159045,-0.297031,-0.176972,-0.269665,-0.089588,-0.267315,0.410135,0.03343,-0.098358,-0.101045,-0.007374,0.176507,-0.03104,-0.189482,0.193969,-0.037323,-0.267274,0.516148,-0.331542,-0.504818,-0.172891,0.065233,-0.405151,0.217376,0.356298,0.135915,-0.026532,0.253502,0.259415,-0.221268,-0.114615,-0.13095,0.301691,-0.196356,0.116855,0.440025,-0.181094,0.269766,0.762155,0.088479,0.01086,-0.024508,-0.045041,0.347723,-0.023774,-0.224816,0.366431,-0.138838,-0.127984,0.093928,-0.145913,0.173993,-0.228408,0.097814,0.161507,0.045915,0.183927,0.435543,0.139804,0.338617,0.178199,0.184744,-0.457877,0.302242,-0.014938,0.394369,0.109617,0.406392,0.61867,0.366467,0.24354,0.360223,0.042009,0.283413,0.350716,0.178185,0.254757,0.464869,0.387877,0.510623,-0.084315,0.541461,0.239532,-0.001906,-0.05327,0.22896,0.341775,0.227993,0.066046,0.170522,0.117742,0.283413,0.560436,0.374704,0.038882,0.405163,0.261675,-0.02353,0.007115,0.719743,0.388203,0.198035,0.10635,0.54672,0.272871,0.122445,-0.08205,0.4502,0.166238,0.596607,0.299913,0.056435,0.19143,0.163704,0.084245,0.162277,0.235591,0.401052,0.222087,0.345267,0.15289,0.316003,0.489941,0.14853,0.425397,0.395291,0.239033,0.489849,0.099632,0.147602,0.114875,0.450152,0.541835,0.322774,-0.325546,0.305548,0.257714,0.506974,0.301192,0.240711,0.317024,0.096883,0.167445,-0.424639,-0.22081,0.380181,0.22254,-0.215652,0.0882,-0.230374,0.228284,0.151347,-0.291383,-0.036622,0.192421,0.204223,0.227426,-0.348803,0.081773,0.61169,0.29717,-0.455242,0.285676,0.301728,-0.107708,-0.391405,0.160481,-0.383466,-0.338338,-0.222694,-0.153449,-0.382648,0.025681,-0.235452,0.270075,0.244747,-0.404672,0.239037,-0.298975,-0.380424,-0.188035,0.092856,-0.200254,-0.38008,0.151196,0.271404,-0.109989,#
4,0.270986,0.189383,0.214642,-0.226629,1.0,-0.035258,0.247655,-0.110166,-0.048836,-0.176627,0.061017,0.052148,0.103232,-0.084995,0.518125,0.149666,0.091648,0.346559,0.209166,0.119659,0.006608,-0.107317,-0.087725,-0.363582,-0.076212,-0.367043,-0.086906,0.072906,0.358,0.101435,-0.295548,-0.046164,-0.036594,-0.21293,-0.13305,0.205156,-0.06792,-0.342032,-0.242703,0.168809,-0.245124,-0.061566,-0.096484,-0.021011,-0.135352,-0.150297,0.313822,0.286846,0.014397,0.155486,0.328301,-0.184362,0.024576,-0.203167,-0.084101,-0.046819,-0.309107,-0.265639,-0.138709,-0.33426,-0.151665,0.141986,0.252439,0.254435,0.004515,0.200423,0.192989,-0.062915,-0.016246,0.091533,-0.132683,0.066018,-0.256998,-0.008514,-0.138569,0.410201,0.050155,-0.522174,-0.313265,-0.53339,-0.099285,-0.540052,-0.297529,0.085104,-0.201328,0.151229,-0.220104,-0.353716,-0.223273,-0.100332,0.053302,-0.454656,-0.122611,-0.160985,-0.171928,0.033675,0.151451,-0.378469,-0.203604,-0.127351,0.162784,-0.302558,-0.356652,-0.161344,-0.220104,-0.083383,-0.362374,-0.162161,-0.371682,-0.010591,0.121565,-0.326775,-0.369807,-0.148013,-0.079893,-0.326581,-0.40859,-0.125768,-0.219936,-0.164614,-0.38391,0.090445,-0.272675,-0.111274,-0.253336,-0.357133,0.050897,0.22517,-0.228406,-0.347584,0.125311,-0.455068,-0.36398,-0.162868,-0.209574,-0.335289,0.210778,-0.15591,-0.304793,0.090264,0.008525,-0.390434,-0.074174,-0.309464,-0.10282,-0.119239,-0.253101,0.066255,-0.199192,-0.475654,-0.326614,-0.386075,-0.300527,-0.174455,-0.537275,-0.074996,0.270752,0.494455,-0.263871,-0.213254,-0.042306,-0.247435,0.062324,0.064221,-0.509921,0.22501,-0.001336,0.13456,-0.016571,-0.090901,0.22593,-0.024397,-0.166062,-0.199496,0.057574,-0.210097,-0.337354,0.100763,0.317524,-0.2012,0.532621,-0.098435,0.426464,-0.018641,0.036542,-0.448071,0.156762,0.073229,-0.408821,0.041371,0.091459,0.255547,0.089981,-0.041955,0.016356,-0.17875,-0.053027,-0.083757,-0.326741,0.51061,#
5,0.102704,0.15941,0.141259,-0.09543,-0.035258,1.0,0.068393,0.265397,0.223957,-0.023846,0.226663,0.133788,0.124716,-0.094038,-0.185991,-0.184498,0.241808,0.291056,-0.376846,0.178847,-0.191698,0.266574,0.268234,-0.31366,0.043086,-0.282145,0.140632,-0.142406,-0.34689,-0.242009,-0.376409,0.161385,-0.145359,-0.147086,-0.028908,-0.172924,-0.297529,-0.025538,-0.181935,-0.514731,0.069306,0.265954,0.053277,0.393635,0.289798,-0.214919,0.067659,0.128269,-0.008823,-0.134198,-0.108038,0.130254,0.336969,-0.001463,-0.15301,-0.364526,0.040898,-0.295158,-0.128603,-0.220236,-0.243526,-0.148998,-0.255696,-0.021938,-0.00722,-0.025501,-0.406345,-0.232014,-0.110087,0.240217,0.139748,0.346075,-0.187929,-0.002297,-0.221035,0.268937,-0.41835,0.005854,-0.200298,-0.2783,0.419434,-0.298003,-0.049433,-0.271097,-0.01446,0.364538,-0.125523,-0.151619,0.04079,-0.270669,0.074672,0.057668,-0.224476,0.013181,-0.172674,0.127008,0.180245,-0.013559,-0.136696,-0.251731,-0.157447,-0.021577,0.173078,0.163603,-0.125523,-0.28634,0.001812,-0.256754,-0.320474,0.007955,0.199826,0.117005,-0.045261,-0.367786,0.104012,-0.334284,-0.601793,0.065994,-0.111263,-0.193334,-0.136324,-0.377586,0.227813,-0.266811,-0.029848,0.180856,-0.064138,-0.00288,0.04133,0.180539,-0.164119,-0.035245,-0.176324,-0.310404,-0.037356,-0.031436,0.15753,-0.210079,-0.00704,-0.277671,-0.178964,-0.118423,-0.284141,0.015523,0.066093,0.225636,-0.179982,-0.069917,0.147536,-0.202364,-0.145742,-0.037356,-0.187695,-0.189782,0.161124,0.056923,0.155909,0.200005,-0.131085,-0.014725,-0.216094,0.035937,0.288078,-0.140495,-0.165836,0.299197,-0.010805,-0.119371,-0.002131,-0.182202,0.025633,0.085856,-0.385596,0.315421,0.01129,-0.07038,-0.181774,0.263891,0.22195,-0.073844,0.161384,0.136475,-0.083462,-0.165674,-0.147499,0.02833,0.059202,0.067972,-0.195941,0.009721,0.059877,0.085468,0.14315,-0.086091,0.102886,0.160079,0.085905,-0.168668,0.020254,0.18379,#
6,0.040753,0.428039,-0.093011,-0.402652,0.247655,0.068393,1.0,0.491441,0.682202,0.228985,-0.107672,-0.201442,0.437902,-0.073548,0.428691,-0.157627,0.025805,0.07129,0.248295,-0.116249,-0.019089,-0.033144,0.073843,-0.099061,0.024551,-0.468208,0.120917,-0.298138,0.311166,0.078963,-0.613877,-0.316658,0.290256,0.050501,-0.461422,0.086476,-0.097358,-0.515135,0.038954,0.032029,-0.024545,0.297032,-0.279036,-0.075061,-0.034151,-0.20714,0.352538,0.163028,-0.000813,0.261349,-0.126554,-0.450932,0.054658,-0.236356,-0.303254,-0.036969,0.208322,-0.110727,-0.052373,0.056837,-0.03783,0.057866,-0.260119,0.270536,0.214635,0.51875,0.0949,0.049926,0.280642,-0.297866,-0.047787,0.042741,-0.364595,-0.446203,-0.338415,0.603708,-0.091475,-0.257827,-0.160189,-0.220565,-0.067102,-0.457159,-0.485228,-0.140867,-0.512191,0.222615,-0.117637,-0.144,-0.303171,-0.417794,-0.408785,-0.262875,-0.513069,0.143606,-0.341443,-0.193037,0.130457,0.066403,-0.085565,-0.015831,-0.165149,-0.008162,0.040639,-0.0,-0.08567,-0.24901,-0.423251,0.027192,-0.41642,-0.4776,0.154609,0.335232,-0.49877,-0.494229,0.070467,-0.104256,-0.273554,-0.19789,-0.345729,-0.294692,-0.411645,-0.35296,-0.435104,-0.492831,-0.258674,0.049725,-0.044349,0.34594,-0.241511,-0.114158,-0.51715,-0.803835,-0.492829,-0.08054,-0.181963,-0.495727,0.172965,-0.011303,-0.057661,-0.470283,-0.32862,-0.020348,-0.319005,-0.178705,-0.070727,-0.325828,-0.360646,0.739052,0.008552,-0.345213,-0.111613,-0.181963,-0.088765,-0.50039,-0.329861,-0.063093,0.424804,0.422701,-0.300278,-0.345351,0.317035,0.063089,0.546206,-0.167331,0.044518,0.436563,0.027952,-0.413358,-0.388353,-0.168487,0.095017,-0.164547,-0.171501,-0.172842,0.063326,-0.000661,-0.148216,0.187464,0.663267,0.037846,0.35265,0.201388,0.159428,-0.036858,0.427905,-0.053546,0.671897,-0.157777,-0.385665,0.189092,0.214387,0.525645,0.090535,0.007504,-0.123364,0.093618,0.053373,-0.382249,-0.319611,-0.262415,#
7,-0.083549,0.254091,-0.035588,-0.47525,-0.110166,0.265397,0.491441,1.0,0.386339,-0.026738,-0.101337,-0.367789,0.127327,0.164625,0.14159,0.144906,0.078116,-0.214635,0.008581,-0.100966,-0.041406,0.273271,0.130912,0.367862,-0.05214,-0.172055,0.221552,-0.175142,0.06432,-0.085421,-0.527474,0.015686,0.312788,-0.025323,-0.188825,0.093902,-0.032728,-0.305622,0.300622,-0.327138,-0.095888,0.220501,-0.16602,0.339349,0.006935,0.055105,0.1526,0.171897,-0.146794,0.217383,-0.273615,-0.294981,0.121993,0.25594,-0.212972,0.062658,0.239535,-0.150271,-0.206026,-0.040586,-0.03737,-0.10457,-0.299262,0.358246,0.079418,0.057905,-0.109826,0.138699,0.304015,-0.226661,-0.041912,0.232529,-0.150263,-0.012818,-0.183777,0.512769,-0.140901,0.177742,-0.260577,0.049522,-0.088778,-0.306471,-0.079082,-0.038609,-0.362656,0.145369,0.040766,-0.005608,-0.215562,-0.469887,-0.34035,-0.19083,-0.361023,0.262544,-0.363895,-0.079082,0.332867,0.079776,0.106682,-0.165159,-0.219231,-0.074997,0.183457,0.023846,0.040766,-0.40726,-0.067344,-0.129679,-0.404528,-0.596317,0.08822,0.046401,-0.391547,-0.245776,0.133612,0.089596,-0.369309,-0.157905,-0.474211,0.076648,-0.128535,-0.347207,-0.084446,-0.468662,0.226099,-0.186562,-0.17364,0.210162,-0.445133,-0.084153,-0.431355,-0.238833,-0.19049,0.064912,0.041594,-0.148999,0.265454,0.072498,-0.131822,-0.261797,-0.513729,0.202482,-0.287678,0.25353,-0.110233,-0.235415,-0.342371,0.218607,0.026119,-0.240738,-0.101898,0.041594,-0.260577,-0.342412,0.076126,-0.031858,0.347392,0.055472,-0.19083,-0.076386,0.398232,0.312987,0.264186,0.02899,0.089943,0.172218,0.020399,-0.253956,-0.31431,-0.252943,0.009514,-0.095828,-0.457016,-0.155827,0.136683,0.119244,0.034709,-0.002563,0.285912,-0.121316,0.240421,0.182857,0.226874,0.171942,0.121748,0.431959,0.12447,-0.29169,-0.136015,0.086877,0.17486,0.339242,0.074059,-0.273682,-0.014294,0.188747,0.212402,-0.36171,-0.236121,-0.075138,#
8,0.060391,0.309497,-0.019576,-0.357488,-0.048836,0.223957,0.682202,0.386339,1.0,0.05681,-0.147833,-0.196217,0.509927,-0.020341,0.145223,-0.424137,0.205732,0.118176,0.056802,-0.290037,0.285239,-0.034421,0.012942,-0.034437,0.186562,-0.293057,0.310967,-0.131065,0.088663,0.056928,-0.366254,-0.092455,0.135234,-0.221248,-0.346546,0.123222,0.161224,-0.297972,0.08491,-0.046308,0.209317,-0.00495,-0.187662,0.07345,0.172574,-0.24677,0.226523,0.112705,-0.061001,0.276025,-0.12932,-0.323821,0.118357,0.051736,-0.382086,-0.067259,0.021123,0.026867,0.267922,0.059946,0.105177,-0.060805,-0.225797,0.170323,0.238765,0.431025,-0.061017,0.041321,0.196284,-0.259699,0.086,0.19821,-0.291866,-0.137246,-0.216265,0.359182,-0.050764,0.042764,-0.215887,-0.263986,-0.026716,-0.300166,-0.22244,-0.279763,-0.456936,0.278995,-0.129353,-0.124086,0.015137,-0.325484,-0.527907,-0.029542,-0.536638,0.242962,-0.119849,-0.061536,0.216672,0.073392,0.033209,-0.034523,-0.131182,0.11425,0.052309,0.110495,0.01689,-0.452196,-0.288703,0.127412,-0.282192,-0.184333,0.388195,0.410921,-0.293153,-0.53347,0.174699,-0.066856,-0.294232,-0.206471,-0.112705,-0.024894,-0.293757,-0.169256,-0.377114,-0.331127,-0.023179,0.233196,-0.160979,0.105033,0.010806,0.036936,-0.450544,-0.526952,-0.29655,-0.123231,-0.126251,-0.24067,-0.195921,-0.061887,0.014892,-0.22876,-0.396298,0.044807,-0.145592,-0.27493,-0.030194,-0.098015,-0.479744,0.474598,0.05533,-0.200871,0.092318,-0.126251,0.10592,-0.398294,-0.112523,0.024717,0.442375,0.354945,-0.029542,-0.252473,0.327191,0.108252,0.406152,-0.315087,0.412537,0.481924,0.098818,-0.254512,-0.386377,-0.354434,-0.200096,-0.07349,-0.212436,-0.11719,0.004545,0.07209,-0.069088,0.228404,0.704802,-0.078221,0.17347,0.314024,0.046235,-0.091578,0.306409,0.111288,0.561212,-0.0407,-0.34834,0.312353,0.342357,0.236466,0.174449,-0.087886,-0.213538,0.274292,0.187303,-0.228601,0.037095,-0.208252,#
9,0.398289,0.29506,-0.430855,-0.175412,-0.176627,-0.023846,0.228985,-0.026738,0.05681,1.0,-0.075432,-0.24363,0.315516,0.332709,0.232835,-0.037074,-0.076493,-0.022586,0.102017,-0.280989,-0.271682,0.162522,0.317428,0.01435,-0.355703,-0.024209,0.147113,-0.175647,0.065723,0.629396,-0.244419,0.109614,0.037857,0.209047,-0.296895,0.040561,-0.281113,0.062288,0.014789,0.127404,-0.127907,0.01694,0.258228,0.172614,0.041912,-0.563735,0.264191,-0.377544,-0.532653,-0.367589,-0.192927,-0.346607,0.111348,-0.498701,-0.025481,-0.349627,0.169229,0.032464,0.136733,0.1717,0.193571,0.028085,-0.463772,-0.048969,0.106839,0.163344,-0.014587,-0.022912,0.127159,-0.379438,-0.45442,-0.356848,-0.217806,-0.580391,-0.245576,0.072084,-0.089555,-0.135817,-0.177429,0.229944,-0.41182,-0.210986,-0.177429,0.102234,-0.171419,-0.271678,-0.418464,-0.364774,-0.144431,-0.298998,-0.320515,-0.269145,-0.245709,-0.22228,0.104974,-0.386175,-0.363842,0.233285,-0.268919,-0.084977,0.153253,-0.386085,-0.139071,-0.111382,-0.212927,0.090796,-0.283912,-0.153435,-0.055502,-0.379448,-0.296883,0.544761,-0.125712,-0.178502,-0.624625,0.05413,-0.124382,-0.321273,-0.022026,-0.522819,-0.418508,-0.440014,-0.412496,-0.298218,-0.507372,0.29947,-0.001989,-0.246331,-0.04054,-0.073667,-0.280486,-0.178502,-0.364057,0.154655,-0.697567,-0.111382,-0.08897,-0.17522,0.021288,-0.41182,-0.108616,-0.418344,-0.417968,-0.218182,-0.166373,-0.520426,0.040946,0.365217,-0.466185,-0.158679,-0.428261,-0.466185,-0.177429,-0.326809,-0.225402,-0.355718,0.159075,0.330655,-0.269145,-0.27162,-0.180212,0.037965,0.122971,-0.34017,-0.106519,0.179614,-0.326707,-0.298707,-0.145472,-0.160952,0.189317,-0.060825,-0.155031,-0.467139,0.462993,-0.584861,-0.112748,0.29106,0.139597,0.266969,0.128204,0.385285,-0.238083,-0.359243,0.247429,0.086294,0.344626,-0.410241,0.171948,0.567701,-0.265751,0.085788,0.117851,0.41642,-0.054267,0.169587,-0.041768,-0.154734,0.072578,-0.189459,#
10,-0.100701,-0.107954,0.145611,0.112521,0.061017,0.226663,-0.107672,-0.101337,-0.147833,-0.075432,1.0,0.310524,-0.447969,-0.30161,-0.223449,0.352768,0.24675,0.12872,-0.042447,-0.279189,-0.06808,0.006371,0.090682,-0.226656,0.116008,-0.008838,-0.144865,0.017541,0.051671,-0.293214,-0.005377,-0.069293,-0.134524,-0.058499,0.452173,0.101265,-0.019635,0.084152,-0.086286,0.018742,-0.084859,0.028954,-0.061337,0.138589,-0.028954,0.146451,-0.310883,0.040188,0.075704,0.113539,0.249887,0.108305,0.16932,-0.249008,-0.261852,-0.085468,-0.145639,0.192884,-0.331035,-0.12526,-0.289568,0.082451,0.138778,-0.359248,0.042761,-0.47188,-0.339918,-0.207305,-0.141869,0.304966,-0.020829,-0.02169,0.061501,-0.017335,0.149469,0.106823,-0.305246,-0.014062,-0.274337,-0.306058,-0.109027,0.041628,-0.08014,-0.205181,0.328647,-0.053938,-0.132321,-0.18573,-0.050507,0.070752,-0.162669,-0.015725,-0.019453,-0.316824,-0.187554,0.266297,-0.192943,0.026289,-0.068416,-0.16404,0.119174,-0.103032,-0.188335,-0.331533,-0.132321,-0.237017,-0.080077,-0.203003,0.088669,0.279424,-0.10682,0.012896,0.328159,-0.251806,0.119409,-0.225736,-0.022081,0.000292,0.007203,0.07218,0.03152,-0.232064,0.094472,-0.103625,-0.318398,-0.046635,-0.384991,-0.042724,-0.083224,-0.25964,0.258228,0.086002,-0.007027,-0.147582,0.22973,0.03702,0.277688,0.094842,-0.073263,-0.072776,-0.165929,0.032073,0.207655,-0.069878,-0.290102,0.036455,-0.140416,-0.132148,-0.173763,0.25709,-0.106989,0.22973,-0.260751,-0.161089,-0.134866,-0.222397,-0.467053,-0.132228,-0.414845,0.123752,-0.031955,-0.104526,0.243506,-0.018366,-0.386194,-0.191785,-0.16556,0.176038,0.550785,-0.001259,-0.043962,0.23364,0.052396,0.010883,-0.263178,0.11326,-0.140577,0.13805,-0.242195,0.36566,0.15977,-0.206731,-0.011529,0.14925,-0.255788,-0.265814,-0.242209,0.079628,0.226578,-0.189023,-0.216086,-0.046974,0.043962,-0.141213,-0.157716,-0.015471,0.394482,-0.193023,-0.061933,-0.092051,#
11,-0.193861,-0.414202,0.183988,0.021182,0.052148,0.133788,-0.201442,-0.367789,-0.196217,-0.24363,0.310524,1.0,-0.300326,-0.190877,-0.281837,0.218992,-0.203384,0.070316,-0.38065,0.125694,-0.311083,0.161086,-0.143013,-0.313587,0.130512,-0.00136,-0.115902,-0.185109,-0.075913,-0.203266,0.016439,0.090371,-0.113357,0.209602,0.347159,0.044286,-0.251459,0.013833,-0.311763,0.193666,0.180664,-0.052211,0.159997,-0.302865,-0.081865,0.041827,-0.381436,0.152619,-0.054985,0.145863,0.119769,0.09935,-0.062502,-0.092678,-0.00862,-0.017243,-0.037811,0.155662,0.187666,-0.319402,-0.080854,0.08201,0.327264,-0.574795,0.092073,-0.21885,-0.105308,-0.342829,-0.265905,0.530887,0.22799,0.033182,0.060582,0.281099,0.009321,-0.148768,-0.314665,-0.066036,0.009371,0.099969,0.377283,0.091701,0.025115,-0.361445,0.409214,0.248382,0.106297,0.106864,0.115721,0.459396,0.193025,0.377439,0.174211,0.123403,-0.071405,0.369227,-0.188397,0.075671,-0.070799,0.028073,-0.273295,0.352666,-0.065959,0.068839,-0.066436,-0.043871,0.25291,0.044611,0.243599,0.493474,-0.030426,-0.134256,-0.076181,0.013794,0.158418,-0.27231,0.094292,0.346018,0.272107,0.322552,0.253702,-0.044714,0.370729,0.308516,-0.101288,0.272939,-0.023987,0.030972,0.468163,0.123186,0.264035,0.356419,-0.082788,-0.209255,0.098889,-0.128396,-0.212187,0.035956,0.003651,0.18324,0.373154,0.114005,0.271931,0.147686,-0.143142,0.144411,0.049262,-0.294738,0.109276,0.343395,0.065507,0.098889,0.044607,0.193493,0.097862,0.280386,-0.277488,-0.301705,0.003023,0.056949,-0.141583,-0.519493,-0.007507,0.168258,-0.21542,-0.265296,0.21362,0.20912,0.370045,0.324806,-0.004163,0.1067,0.174416,0.279677,-0.121146,0.101967,-0.116031,-0.180799,-0.180839,0.271702,0.035865,-0.111367,-0.226242,0.26383,-0.102004,-0.386925,-0.18469,0.027392,-0.001299,-0.290457,-0.325064,-0.195871,0.03311,-0.027411,0.080249,-0.279704,0.402895,0.197524,0.163983,-0.005517,#
12,0.491794,0.475956,-0.272054,-0.273417,0.103232,0.124716,0.437902,0.127327,0.509927,0.315516,-0.447969,-0.300326,1.0,0.447482,0.237916,-0.359681,-0.060607,0.395311,0.042804,-0.089085,0.051938,0.314205,0.305639,0.056852,-0.149856,-0.171748,0.341306,-0.193976,0.167455,0.31168,-0.332665,0.047495,0.343125,-0.139262,-0.317408,0.113755,0.023898,-0.132003,-0.117688,-0.365741,0.073166,0.143961,0.021761,0.07373,0.068053,-0.486614,0.498913,-0.074979,-0.132328,-0.039088,0.01846,-0.290094,0.027031,-0.104806,-0.190245,-0.067987,0.159938,-0.155494,0.416842,0.180853,0.499548,0.105678,-0.214167,0.176061,0.18296,0.687131,-0.113835,0.369859,0.349512,-0.260895,-0.188679,0.044189,-0.305821,-0.175712,-0.336529,0.286814,0.106955,-0.166372,-0.10293,-0.193715,-0.101828,-0.39345,-0.286369,-0.112986,-0.377039,0.037731,-0.048705,0.010527,0.012775,-0.646708,-0.217985,-0.185866,-0.336712,0.148502,-0.163284,-0.099794,0.369789,-0.061225,-0.277598,-0.206932,-0.061388,0.08244,0.184164,0.311787,-0.055266,-0.135788,-0.286191,-0.232148,-0.44471,-0.204623,0.093793,0.286943,-0.355457,-0.281858,-0.314905,0.070845,-0.322295,-0.396366,-0.048291,-0.357176,-0.388154,-0.252649,-0.293368,-0.284406,-0.272774,0.184488,0.163625,0.208996,0.108786,0.238083,-0.616826,-0.42727,-0.359115,-0.227845,-0.437597,-0.056211,-0.296971,-0.446369,0.165112,-0.308914,-0.213212,-0.362849,-0.391514,-0.310205,0.082615,-0.179122,-0.103703,0.371193,-0.057437,-0.42166,0.010492,-0.437597,0.243566,-0.395535,-0.241793,-0.155441,0.749062,0.622387,0.006051,-0.344862,0.012962,0.110083,0.302025,-0.302735,0.160535,0.745186,0.135229,-0.173151,-0.388092,-0.290234,0.065973,-0.009151,-0.431408,-0.245049,0.315044,-0.346813,-0.038729,0.248308,0.79378,-0.296065,0.22296,0.227102,0.007384,-0.31049,0.468973,-0.036781,0.631152,-0.102607,-0.530299,0.40789,0.22609,0.252603,0.022351,0.172403,0.203215,0.199118,-0.157776,-0.088956,0.251783,0.102573,#
13,0.328462,0.152134,-0.32807,-0.159045,-0.084995,-0.094038,-0.073548,0.164625,-0.020341,0.332709,-0.30161,-0.190877,0.447482,1.0,0.106474,0.050318,-0.421327,0.196421,-0.049821,0.059447,0.056718,0.658509,0.454089,0.452103,-0.175467,0.217856,0.494205,0.030945,-0.002458,0.336423,-0.136253,0.217914,0.139136,0.038046,-0.117261,0.129702,-0.174009,0.054602,0.155672,-0.361251,-0.142561,-0.067642,0.403335,-0.050509,-0.252885,-0.314634,0.331757,-0.19042,-0.385656,-0.074413,0.26751,-0.308148,-0.01236,0.073289,0.028008,0.071416,0.071706,0.218081,0.34697,0.153316,0.498162,-0.111661,-0.303999,-0.007421,0.162351,0.084408,-0.317303,0.432147,0.170839,-0.225108,-0.203165,-0.128246,-0.089704,0.173381,-0.355589,0.105812,0.286026,-0.008619,-0.154984,0.341576,-0.32894,-0.197404,0.085095,0.271298,-0.035448,0.005302,0.149913,-0.011067,0.153882,-0.466873,-0.204033,-0.203513,-0.009841,0.132256,0.18839,-0.110539,0.016876,0.113656,-0.130468,-0.061538,-0.097296,-0.140008,0.164952,-0.016458,-0.0728,-0.119476,0.211082,-0.525805,-0.116984,-0.076231,-0.219444,0.037796,-0.189256,0.087776,-0.339836,0.116545,-0.127737,-0.254388,-0.040056,0.159299,0.100802,-0.131602,0.060059,-0.08941,-0.19289,0.156938,-0.013444,-0.011385,0.105538,0.207551,-0.286138,0.1083,-0.336559,0.00052,-0.46111,0.116189,-0.294433,-0.283209,0.104546,0.052671,-0.080135,-0.344409,-0.228555,-0.232071,-0.264396,-0.192097,0.110971,-0.193983,-0.290006,-0.222449,-0.092645,-0.46111,0.044222,-0.209435,-0.210432,0.024549,0.388377,0.130794,0.192852,-0.330146,-0.140084,-0.071226,0.078919,-0.055646,0.150726,0.207621,0.104432,0.1905,-0.181956,-0.032509,-0.113682,-0.17918,-0.301295,-0.479137,0.164666,-0.36493,0.125989,-0.090631,0.263018,-0.269368,0.325903,-0.093983,-0.182594,-0.110875,0.147609,0.192287,0.09037,-0.505563,-0.18511,0.244521,-0.161759,-0.081646,-0.137364,0.011347,0.342472,-0.133163,0.018622,0.134532,0.470658,0.11709,#
14,0.169503,0.392961,-0.268044,-0.297031,0.518125,-0.185991,0.428691,0.14159,0.145223,0.232835,-0.223449,-0.281837,0.237916,0.106474,1.0,0.041361,-0.026235,0.004938,0.511291,-0.067511,0.252203,-0.225973,-0.113048,0.092845,-0.213138,-0.198567,0.060256,0.295802,0.651556,0.340831,-0.460443,-0.224645,0.070872,-0.124494,-0.13951,0.217305,-0.296359,-0.259935,0.051532,0.215398,-0.370212,-0.000488,-0.114373,0.140632,0.110542,-0.134838,0.420123,-0.210918,-0.199977,0.243562,0.123648,-0.327348,0.070002,0.06292,0.010004,-0.330713,-0.176295,-0.13899,-0.060172,-0.237516,-0.270781,0.26057,-0.262757,0.298512,0.052334,0.208456,0.105404,-0.013257,-0.164298,-0.552786,-0.461323,-0.340658,-0.131468,-0.224546,-0.303124,0.368,0.025327,-0.395952,-0.292193,-0.191824,-0.511104,-0.372901,-0.442269,0.297423,-0.41361,-0.128957,-0.21583,-0.401979,-0.189983,-0.214768,0.013713,-0.358493,-0.131972,-0.24664,-0.206576,-0.117104,-0.238907,-0.088116,-0.382337,-0.147913,0.252239,-0.438074,-0.396766,-0.285458,-0.21583,0.12352,-0.537686,-0.139233,-0.375768,-0.148459,-0.324003,0.145063,-0.400763,-0.286311,-0.489007,0.028206,-0.199682,-0.162741,-0.536151,-0.19413,-0.530548,0.092431,-0.504645,-0.043563,0.032276,-0.387657,-0.227127,-0.106646,-0.307866,-0.367582,-0.226055,-0.432283,-0.411442,0.087689,-0.46681,-0.446744,0.172339,-0.145411,-0.236272,0.018515,-0.282213,-0.390613,-0.226173,-0.016199,0.012618,-0.380514,-0.127983,0.186377,-0.456617,-0.283054,-0.385477,-0.46681,-0.279687,-0.126438,-0.434934,-0.21195,0.233303,0.342881,-0.351289,0.044559,-0.030867,-0.136065,0.117268,-0.103094,-0.420614,0.067224,0.041306,0.062531,0.030686,-0.15183,0.50339,0.102845,-0.130904,-0.457064,0.415066,-0.319987,-0.288585,0.143591,0.290203,-0.071974,0.419072,0.231306,0.53169,-0.053683,0.382593,-0.294183,0.29331,0.00302,-0.10354,0.277902,-0.001056,0.470034,0.065556,0.296762,-0.276231,-0.111793,-0.156181,-0.224384,-0.315484,0.19754,#
15,-0.240729,-0.216364,0.036261,-0.176972,0.149666,-0.184498,-0.157627,0.144906,-0.424137,-0.037074,0.352768,0.218992,-0.359681,0.050318,0.041361,1.0,-0.054822,-0.320395,0.227424,-0.177285,-0.388283,0.153289,0.033082,0.195947,-0.164511,0.068653,-0.047598,-0.094685,0.177535,-0.241651,-0.105031,0.0839,-0.092933,0.192209,0.209812,0.338951,0.10135,0.019347,0.185771,0.077524,-0.231875,-0.239115,0.146485,0.068705,-0.289876,0.126481,-0.36471,-0.021021,-0.130193,0.070903,0.207248,0.105516,0.033444,0.082595,-0.079141,0.102609,-0.17356,-0.071527,-0.354147,-0.502609,-0.096248,0.349269,0.200007,-0.253005,0.026558,-0.563953,-0.308975,-0.003978,0.163428,0.264427,-0.070958,-0.298521,0.32929,0.113978,-0.097268,0.064467,-0.191666,-0.078279,-0.209548,0.125653,-0.168093,-0.054975,0.183166,0.037486,0.284381,-0.180805,0.12572,-0.265227,-0.144016,0.132924,0.125456,-0.054544,0.073037,-0.182157,-0.261205,0.190299,-0.077844,0.185763,-0.150218,-0.244421,0.075964,-0.026299,-0.072947,-0.095578,0.12572,-0.170013,0.028216,-0.071148,0.017794,-0.005108,-0.189474,-0.229867,0.088731,0.179271,-0.007021,-0.166214,0.041338,0.121975,-0.093858,0.195199,-0.05759,-0.07921,0.046261,-0.238354,-0.031559,-0.110347,-0.15078,-0.098971,-0.13437,-0.167583,0.19272,0.168839,-0.078325,-0.011455,-0.015198,-0.079994,0.311308,0.170571,-0.211678,0.067907,-0.109191,0.105186,-0.045132,0.225288,-0.350582,-0.073436,-0.099125,-0.36018,-0.229593,-0.0043,-0.460314,-0.015198,-0.209548,0.073714,0.008966,0.029252,-0.202734,-0.199773,-0.259976,0.182211,0.301494,-0.061447,-0.082975,0.235238,-0.430482,-0.479233,0.260279,0.255163,0.089387,0.034372,0.025452,-0.2413,-0.04574,-0.035079,-0.002285,0.086511,-0.082465,-0.154792,-0.342559,0.235195,0.083135,-0.297294,0.255457,0.094478,-0.369523,0.072291,-0.527289,-0.358193,0.159382,-0.282073,-0.464358,-0.159275,-0.035371,-0.066949,0.278859,-0.104913,0.348706,0.022301,-0.10335,-0.054639,#
16,0.300137,0.259602,0.149479,-0.269665,0.091648,0.241808,0.025805,0.078116,0.205732,-0.076493,0.24675,-0.203384,-0.060607,-0.421327,-0.026235,-0.054822,1.0,0.103417,0.265517,-0.438635,0.150712,-0.301769,-0.079722,-0.227692,-0.039713,-0.05465,-0.30505,0.000174,-0.140516,0.113802,-0.029456,-0.017007,0.104817,-0.221318,0.142769,0.269413,0.291002,-0.335775,-0.340248,0.023659,-0.154569,-0.397521,-0.204223,0.461403,0.315317,-0.002457,-0.186443,0.078736,0.04822,-0.274728,-0.009765,-0.12883,0.102583,-0.149429,0.207904,-0.085442,-0.36908,-0.206276,-0.342885,-0.101576,-0.263815,-0.117458,0.270927,0.058769,-0.088293,-0.053123,0.058847,-0.230199,-0.029158,-0.046233,-0.095885,0.100341,0.060002,-0.399604,0.134659,0.121811,-0.322847,-0.029582,-0.252403,-0.491509,-0.095327,-0.160357,-0.275745,-0.218506,-0.215714,-0.24868,-0.491771,-0.20079,-0.046013,-0.113392,-0.159355,-0.232153,-0.376703,-0.13836,-0.385257,-0.26924,0.148862,-0.33795,-0.253617,-0.337852,0.149957,-0.256061,-0.373445,-0.165024,-0.148526,-0.225251,-0.44328,0.175435,-0.275215,0.101067,0.350938,0.001506,-0.053406,-0.439203,-0.068135,0.058185,-0.389341,-0.16857,0.024228,-0.149713,-0.497454,-0.003878,-0.296171,-0.120603,0.210276,-0.389518,-0.188413,-0.086242,-0.501006,-0.432099,0.071464,-0.10923,0.145775,0.017989,0.023668,-0.171735,0.293255,-0.278412,-0.40764,-0.099819,-0.337395,0.189251,-0.171828,-0.07928,0.081063,-0.036835,-0.133027,0.275351,0.023668,-0.111828,-0.318194,0.211145,-0.093599,-0.169545,-0.154699,-0.394988,-0.079761,0.265727,-0.419515,0.121145,-0.13246,0.092466,0.092212,-0.375706,-0.178818,0.151479,-0.3406,-0.355491,0.012926,-0.253202,0.051658,0.029005,-0.283881,0.024279,0.111473,-0.116677,-0.3406,0.32957,-0.061755,-0.167323,0.047247,0.159585,0.223938,0.161004,0.107587,-0.083497,0.103529,0.45908,0.248958,0.382108,0.157368,0.331819,0.419717,0.20924,-0.211659,0.707997,0.195304,-0.401423,-0.494856,0.135057,#
17,0.498747,0.211813,-0.243772,-0.089588,0.346559,0.291056,0.07129,-0.214635,0.118176,-0.022586,0.12872,0.070316,0.395311,0.196421,0.004938,-0.320395,0.103417,1.0,-0.013107,0.159938,0.226465,0.362232,0.084561,-0.316833,0.163246,-0.038175,-0.078057,-0.081447,-0.082016,0.141605,-0.097151,-0.074755,0.065472,-0.283513,0.032854,0.01934,-0.35203,-0.092102,-0.11044,-0.167407,0.152786,0.057858,-0.192987,-0.235927,-0.139441,-0.073634,0.244334,0.175941,0.021014,-0.18432,0.40602,-0.253257,-0.294322,-0.214556,-0.011477,-0.071885,-0.237827,0.005801,0.229224,0.082121,0.119783,0.230536,-0.090284,0.011791,0.008241,0.354047,0.022306,0.165748,0.104305,0.291356,-0.036828,0.176124,-0.516338,0.074136,-0.18586,0.157996,0.006596,-0.095676,-0.108301,-0.495255,0.082279,-0.183364,-0.108301,-0.339694,-0.074117,0.088836,-0.01496,0.119378,-0.019939,-0.230795,0.030791,-0.166496,0.020996,0.131257,-0.021716,0.192044,0.293374,-0.266938,-0.224199,-0.290623,-0.208793,-0.094514,-0.019756,0.249186,-0.357439,-0.180687,-0.178744,-0.439371,-0.222267,0.08172,0.213243,-0.127047,-0.065582,-0.274341,-0.067354,-0.140835,-0.352082,-0.135724,0.317847,-0.146465,-0.171218,-0.019288,-0.089527,-0.207321,-0.302005,0.149928,0.188218,0.288735,0.156607,0.160819,-0.052105,-0.121319,-0.106037,-0.223921,-0.097622,-0.103213,-0.210914,-0.422765,-0.013623,-0.023398,0.075637,-0.322644,-0.063466,-0.342398,-0.150196,0.045932,-0.113061,0.199938,-0.056008,-0.28641,-0.016822,-0.097622,0.239525,-0.306833,-0.24392,-0.00988,0.411613,0.31581,-0.130452,-0.322375,-0.413651,0.074003,0.373062,-0.222975,-0.195019,0.695824,0.03095,0.058605,0.024589,-0.130279,-0.147448,0.001507,-0.430958,-0.059578,-0.146787,-0.324507,0.069431,0.001134,0.458561,-0.317848,0.196271,0.167988,-0.102235,-0.222367,0.051608,-0.392661,0.460067,0.168403,-0.442819,0.061928,0.030546,0.126774,0.026173,-0.044671,-0.060794,-0.112273,-0.17845,0.000615,0.218158,0.361291,#
18,-0.050663,0.334338,-0.247162,-0.267315,0.209166,-0.376846,0.248295,0.008581,0.056802,0.102017,-0.042447,-0.38065,0.042804,-0.049821,0.511291,0.227424,0.265517,-0.013107,1.0,-0.23197,0.279246,-0.417512,-0.044652,0.110096,-0.096718,-0.038312,0.078766,0.129404,0.180462,0.134337,-0.281329,-0.124943,0.329399,0.018529,-0.091504,0.38406,0.085348,0.000543,0.134287,0.376363,-0.30788,-0.306278,-0.138545,-0.071497,0.087416,0.056239,0.1824,-0.203681,0.143456,0.146024,0.097169,-0.240807,-0.165253,0.037891,0.355281,-0.00535,-0.30864,-0.030811,-0.207869,-0.081348,-0.154186,0.323916,-0.027171,0.149353,0.006541,0.006914,-0.07389,0.132126,0.025536,-0.386063,-0.375882,-0.701642,0.178269,-0.233512,-0.170548,0.10863,-0.147731,-0.07601,-0.030337,-0.334884,-0.477566,-0.247351,-0.334648,0.145069,-0.331154,-0.398876,-0.252992,-0.259503,-0.245808,-0.082848,-0.125339,-0.2848,-0.144035,-0.408573,-0.334822,-0.334648,-0.254464,1.7e-05,-0.25761,-0.108809,0.153225,-0.170379,-0.398684,-0.380565,-0.10666,-0.07252,-0.526819,0.017604,-0.171304,-0.063765,-0.064489,-0.061588,-0.013274,-0.315023,-0.26712,-0.193349,-0.063343,-0.128992,-0.188414,-0.098622,-0.382451,0.230862,-0.614827,-0.259961,-0.038806,-0.340283,-0.33636,-0.255062,-0.370818,-0.386101,-0.166369,-0.275137,-0.076055,0.141179,-0.061675,-0.35785,0.249263,-0.164251,-0.280785,-0.125908,-0.335196,-0.058084,-0.224487,-0.073967,-0.15938,-0.325803,-0.24462,0.292977,-0.254299,-0.267619,-0.287393,-0.061675,-0.005174,0.004998,-0.389095,-0.268093,-0.017384,0.125289,-0.2848,0.147415,0.249936,0.07213,0.090264,0.070639,-0.332471,-0.002859,0.133533,0.059306,-0.1472,-0.323334,0.255794,-0.442602,0.032905,-0.212059,0.205011,-0.023996,-0.044586,0.128547,0.084775,-0.210541,0.047667,0.1755,0.40098,0.004229,0.179403,-0.093968,0.09048,0.024015,-0.043386,0.201097,-0.14288,0.244432,0.293384,0.323207,-0.127921,-0.032116,-0.020821,-0.053431,-0.415026,0.012314,#
19,-0.258718,-0.365137,0.101044,0.410135,0.119659,0.178847,-0.116249,-0.100966,-0.290037,-0.280989,-0.279189,0.125694,-0.089085,0.059447,-0.067511,-0.177285,-0.438635,0.159938,-0.23197,1.0,0.009293,0.078043,0.062734,-0.171515,0.214954,-0.082526,-0.033597,-0.115298,-0.22442,-0.25458,0.097039,0.03986,-0.148288,-0.174042,-0.163746,-0.508242,-0.107824,0.035655,0.049684,-0.20217,0.247262,0.507423,-0.123924,-0.319643,-0.227123,0.168293,0.273103,0.336251,0.269633,-0.257776,0.137269,0.385958,0.229325,0.023863,0.05249,0.200476,0.258254,-0.340906,-0.136189,-0.036794,-0.033216,-0.19939,0.065062,0.210717,0.032091,0.182559,0.205804,0.08472,-0.019042,0.282193,0.345057,0.200089,0.044058,0.365998,-0.054647,-0.276811,0.258873,0.018228,0.444674,0.218767,0.589655,0.193783,0.290851,0.057945,0.190107,0.380379,0.370341,0.343193,0.245742,0.074149,0.588799,0.25669,0.429059,0.174997,0.157179,0.137029,0.17463,0.002635,0.009943,0.268684,-0.281105,0.308792,0.346515,0.336817,0.197145,0.377333,0.519252,-0.20862,0.17939,-0.04929,0.281188,-0.415958,0.151841,0.452853,0.276804,-0.166657,0.049601,0.590936,0.057363,0.101647,0.367728,0.067856,0.605371,0.102553,0.06517,0.196255,0.30159,0.193876,0.156356,0.541097,0.162473,0.152991,-0.004654,-0.172026,0.151327,0.161687,0.163902,0.117078,0.265707,0.264387,0.486403,-0.133315,0.05598,0.110525,0.248007,0.424668,0.242042,-0.198111,0.523626,-0.181752,0.126421,0.151327,0.306776,0.161866,0.173033,0.395209,-0.00334,-0.137739,0.440993,0.013181,-0.203576,0.017208,-0.05742,0.368355,0.064157,-0.050056,0.345524,0.181984,-0.154613,0.068425,-0.184632,-0.237535,0.276144,0.516321,-0.191963,0.151082,0.493171,-0.430525,-0.118532,0.050842,-0.020778,-0.2161,0.094108,0.001923,-0.336112,0.058106,-0.137375,0.072188,-0.263895,-0.507349,0.252601,-0.27714,-0.411149,-0.274937,0.458336,-0.511206,-0.476374,0.287981,0.252432,-0.010015,#
20,-0.016906,-0.007157,-0.297866,0.03343,0.006608,-0.191698,-0.019089,-0.041406,0.285239,-0.271682,-0.06808,-0.311083,0.051938,0.056718,0.252203,-0.388283,0.150712,0.226465,0.279246,0.009293,1.0,-0.210935,-0.350841,0.211967,0.390289,0.076314,-0.040433,0.279201,0.004164,-0.018889,0.230445,-0.253142,0.143442,-0.195,0.071478,-0.180379,0.093811,0.053377,0.140391,0.099951,0.145689,-0.213162,-0.266681,-0.182421,-0.117317,0.265498,0.21927,-0.137581,0.264114,0.102774,0.22698,-0.140205,0.033466,0.239844,0.140285,0.267228,-0.133843,0.133478,0.098802,0.164599,-0.130227,0.13264,-0.130369,0.006839,-0.055708,0.067415,0.169506,0.081493,-0.276718,-0.265639,-0.116172,0.031204,0.130998,0.267999,0.231726,-0.312415,0.319869,0.271899,0.164811,-0.243633,-0.161031,0.284837,0.147178,-0.134582,-0.091263,-0.004226,0.107612,0.091068,0.390475,0.13301,-0.031577,-0.084083,0.065145,-0.020792,0.083436,-0.024115,-0.093992,-0.016043,0.180438,0.146082,0.107898,-0.019255,-0.092002,-0.099104,0.107612,0.039668,0.002787,0.030537,0.002787,0.189805,0.10117,-0.230014,0.090965,-0.016452,0.048366,0.154586,0.033339,0.139533,0.107141,0.327441,0.103972,0.584643,-0.152391,0.329564,0.265439,-0.099469,-0.142572,-0.10826,-0.106086,0.018801,0.004039,-0.023551,0.272059,0.188273,0.18071,0.088449,-0.127235,-0.012681,-0.027806,0.417471,-0.101798,-0.07334,0.267783,-0.031701,0.226885,-0.024145,0.135041,-0.028937,0.18071,-0.026316,0.199713,0.18071,0.171948,0.092075,-0.019239,0.199249,0.150038,-0.129197,0.121481,0.213282,-0.056221,0.125772,-0.028847,-0.018393,0.251717,0.083834,0.092192,0.177422,0.091647,0.034394,-0.153783,0.119076,0.161392,-0.016075,-0.157952,0.071512,0.092192,-0.143641,0.036142,-0.287392,0.067886,0.096188,0.284759,0.098256,0.009555,0.070439,0.039852,0.426602,-0.059167,0.086731,0.132739,0.051669,-0.196871,-0.23195,-0.297854,0.068144,-0.26598,0.016091,0.113212,-0.029957,#
