0,1.0,0.243054,-0.164615,-0.297469,0.113823,0.073014,0.216926,-0.019929,-0.08971,0.308736,0.126928,-0.034082,0.180458,0.35188,0.042257,0.13991,-0.178548,-0.478132,0.316163,-0.313241,0.350764,-0.009495,0.207284,-0.288818,-0.046081,-0.531052,-0.140496,-0.138889,0.305028,0.321815,0.10998,0.000915,0.268225,-0.296781,0.082262,0.35201,0.256167,-0.15746,-0.006088,0.103263,0.204181,0.246997,-0.396544,-0.075665,0.072351,-0.12009,-0.220391,-0.031993,0.031037,0.194763,0.274582,-0.396759,0.30839,0.113581,0.351256,-0.093036,-0.192467,-0.202009,-0.494131,0.176151,0.341818,0.224926,-0.098624,0.244323,-0.129123,0.09733,-0.176451,0.416818,-0.133406,-0.20825,0.02106,-0.078118,-0.167492,-0.244233,-0.199696,0.214516,-0.315633,-0.246153,-0.298059,-0.046417,-0.03147,-0.621964,-0.137278,0.026135,-0.14363,-0.220425,-0.366298,0.035739,-0.143102,-0.209952,-0.274423,-0.298807,-0.111246,-0.223547,-0.057943,-0.355459,-0.484725,-0.22289,-0.039151,-0.160292,0.286431,0.06193,-0.28921,-0.322103,-0.263985,-0.312634,0.105487,0.157842,-0.298026,0.000385,0.157543,0.450314,-0.387642,-0.283094,0.030639,0.113418,-0.376231,-0.286227,-0.184142,-0.076315,-0.335776,0.061133,-0.027226,-0.288909,-0.199989,-0.245313,-0.318689,0.007809,-0.345066,-0.207303,-0.132038,-0.526494,-0.150752,-0.037976,-0.407125,-0.254684,-0.197437,0.036727,0.261324,-0.391371,-0.171819,0.161969,-0.140873,-0.018012,-0.085906,-0.255122,-0.282576,0.193553,-0.286102,-0.431572,-0.032624,-0.320365,-0.316504,-0.597422,0.201736,-0.158281,0.247427,0.063334,-0.338377,0.012385,0.00638,-0.362202,-0.019576,-0.324914,-0.093201,-0.222266,-0.240373,-0.088411,-0.266858,-0.477841,0.017624,0.202042,-0.223088,-0.046825,0.043447,-0.159872,-0.167736,0.255624,0.197112,-0.270446,-0.023238,0.036976,-0.083493,0.442361,0.272182,0.015042,0.176405,-0.302214,0.004871,0.382116,-0.267029,0.144641,0.462495,0.120902,-0.357201,0.290978,0.141833,-0.406863,-0.129529,0.05542,#
1,0.243054,1.0,-0.073717,-0.123583,-0.125558,0.012949,0.365521,-0.012632,-0.1815,0.383317,-0.064744,-0.131771,-0.017163,0.310172,0.422737,0.195831,-0.051298,-0.056384,0.742919,0.062263,0.341214,0.118157,0.28914,0.055444,-0.068153,-0.093393,-0.020011,0.026108,0.035537,0.096108,-0.073422,0.310927,0.193528,-0.121092,-0.052804,-0.141548,0.018477,-0.238105,0.013038,0.114637,0.35147,0.435056,-0.165872,0.146725,0.502731,-0.108747,0.279728,-0.282419,0.114286,0.228936,0.149856,0.012459,0.305337,-0.188021,0.019069,-0.013428,0.132737,-0.506241,-0.29507,-0.141279,0.247631,0.012125,-0.313416,-0.087155,0.413401,0.087529,-0.226558,-0.289035,-0.28686,-0.319091,-0.219768,0.036602,0.015273,-0.116699,-0.171236,-0.036146,-0.287262,-0.212881,0.057582,0.369129,0.206895,-0.105556,-0.012017,-0.04015,-0.026438,-0.061161,-0.057961,-0.184658,0.144793,-0.106393,-0.195305,-0.20585,-0.048085,-0.381681,0.14609,0.002327,0.001533,0.007682,0.45965,0.047031,-0.068999,0.156132,-0.012859,-0.331486,-0.381478,0.03937,-0.147172,-0.118516,-0.133583,-0.12045,0.095637,0.277921,-0.055601,0.20712,0.014297,0.078198,-0.044395,0.002916,0.165811,-0.246074,-0.084632,-0.009404,-0.324063,-0.137132,-0.339895,-0.068105,0.248262,0.009006,-0.26499,-0.081014,0.028652,-0.089036,-0.222806,-0.214566,-0.225311,-0.386049,0.047166,0.259142,0.004921,-0.150465,-0.040995,-0.163007,-0.061253,-0.105097,-0.143537,-0.00842,-0.142105,0.156221,-0.1967,-0.204457,-0.057484,-0.097171,0.230311,-0.004292,-0.118607,0.019794,0.332723,-0.107869,-0.105675,-0.044559,-0.12965,0.077236,-0.209291,-0.212951,-0.050236,0.255031,0.204595,0.124732,-0.120475,-0.538779,-0.033834,0.257358,0.006438,-0.062595,0.17668,-0.094265,0.119762,-0.062921,0.270281,-0.30678,0.090063,0.182661,-0.197522,0.274194,0.210675,-0.270371,0.392909,-0.211989,0.007074,0.207499,-0.04368,0.107286,-0.089255,0.127035,-0.299823,-0.04585,0.225084,-0.177196,0.14692,0.221607,#
2,-0.164615,-0.073717,1.0,0.153173,-0.232123,-0.106712,0.077194,-0.078359,-0.100602,-0.048087,-0.143054,-0.083602,-0.298738,-0.121635,-0.221109,0.239958,-0.249875,0.374181,-0.14133,-0.090867,-0.158968,0.299498,-0.145854,-0.129549,0.402999,0.137721,0.199791,-0.17813,-0.036974,-0.093295,0.101495,-0.094782,-0.274326,0.093622,-0.122597,0.11807,-0.192271,0.123474,0.264314,-0.301782,0.17431,0.074606,0.185927,0.127035,0.004963,0.003149,-0.067759,0.345529,-0.068119,-0.100692,-0.089407,0.1277,0.129058,-0.098439,-0.270203,-0.345941,0.048485,-0.023369,0.174495,0.312101,0.019498,0.041085,0.163297,-0.377209,0.013387,-0.20532,0.097064,0.102182,-0.323589,0.383309,0.106042,0.299545,-0.186502,0.159407,0.085611,0.00158,0.135055,-0.13362,-0.071708,0.04955,0.10676,0.016939,-0.148117,0.438039,-0.327699,-0.174241,0.006923,0.144977,0.048595,0.167993,-0.10348,-0.113384,0.192518,0.19639,0.061317,-0.066734,0.277918,-0.044215,0.171435,0.294618,0.049237,-0.054741,0.087183,0.274325,0.218584,0.297818,0.151784,0.249226,-0.296796,0.010787,0.196413,0.082027,0.270714,0.249595,0.386045,0.016788,-0.032371,-0.107255,0.165262,0.096852,0.194241,0.271141,-0.03115,0.108878,0.166607,0.14704,0.167892,0.135207,-0.073887,0.158474,0.292433,0.161592,0.239635,0.171213,-0.276311,0.017325,-0.183328,0.315877,0.341477,0.152808,-0.036374,0.176216,0.198265,-0.035248,-0.007558,0.194288,-0.126889,0.297893,0.160971,0.386624,-0.03161,-0.153457,0.23658,0.047692,0.002409,0.276031,-0.145235,0.180486,0.313602,-0.024668,0.597253,0.112717,0.066981,0.202334,0.199853,-0.254979,-0.373664,-0.013757,-0.087379,0.065528,-0.141664,-0.051019,-0.13691,0.061556,-0.081809,-0.107603,0.037158,0.045115,-0.028908,-0.042126,0.159181,-0.137758,-0.187327,-0.010679,-0.034853,0.113839,0.088914,0.139837,-0.211667,-0.111206,-0.019239,-0.160572,-0.340063,0.432581,-0.15886,-0.180757,-0.020089,0.182222,0.120607,0.268204,#
3,-0.297469,-0.123583,0.153173,1.0,0.107803,-0.605465,-0.444648,-0.446475,-0.120491,-0.355177,-0.052464,-0.381358,-0.443214,-0.575823,-0.10722,-0.24293,0.029777,0.159583,-0.072946,-0.129488,-0.287368,0.017439,-0.453031,0.028899,0.103775,0.429743,0.028057,0.275798,-0.214875,-0.305907,-0.122647,0.008183,-0.046892,0.127581,0.177936,0.018231,-0.371909,0.16512,0.109711,0.096478,-0.009007,-0.384484,0.148199,0.491678,0.015449,0.528801,-0.168347,0.096836,0.124234,-0.25596,0.053682,0.359737,-0.128666,-0.214838,-0.133578,-0.352019,0.473411,0.268392,0.233202,0.18886,-0.391155,-0.021623,0.239833,-0.157444,-0.207791,-0.470646,0.10002,-0.056973,0.104214,0.19194,0.106198,-0.004943,0.200298,0.053259,0.100504,-0.010214,0.518492,0.294784,0.056674,-0.196725,-0.009774,0.555874,0.173633,0.066276,0.351864,0.102728,0.273419,0.234036,0.217324,0.124652,0.045769,0.373232,0.351552,-0.010385,0.317377,0.316047,0.59048,0.142237,-0.000897,0.374765,0.049848,0.192889,0.683862,0.192266,0.365794,0.203179,0.278352,0.034913,-0.065262,0.055731,-0.211196,-0.203576,0.476144,0.220636,0.161429,0.010898,0.20716,0.190147,-0.112403,0.347734,0.210602,0.491136,0.432476,0.388958,0.204625,0.217576,-0.089353,-0.197199,0.42996,0.214478,-0.095729,0.303956,0.380093,-0.025981,0.32116,0.272445,0.015709,0.235737,-0.143019,0.611173,0.199966,-0.168536,0.200363,0.242215,0.469193,0.197475,0.019266,-0.104888,0.422354,0.14422,0.088491,0.111997,0.046395,0.291374,0.132792,0.222113,-0.379669,-0.440639,0.480041,0.19615,-0.080041,0.286105,0.011878,0.271545,-0.049045,-0.211053,0.288822,0.305217,0.104838,0.196433,0.13194,-0.126495,0.455438,0.494799,-0.100272,0.486565,0.050712,-0.033901,-0.44377,0.354352,-0.400973,0.058767,0.282923,-0.213117,-0.341105,-0.040784,-0.113417,-0.104105,0.358237,-0.275178,0.19789,-0.190081,-0.112395,0.077358,0.122186,-0.028489,-0.013087,0.180325,0.218676,-0.478728,#
4,0.113823,-0.125558,-0.232123,0.107803,1.0,-0.037557,-0.03386,-0.121164,-0.052127,-0.164234,0.175356,0.087912,-0.126587,-0.231312,-0.191715,-0.405483,0.281186,-0.310291,-0.036336,-0.341474,-0.325709,-0.434179,0.095738,0.028649,0.015936,-0.103692,-0.061854,0.152488,-0.001359,0.2054,-0.458303,-0.302433,-0.103042,-0.192188,0.0876,0.041181,-0.113739,-0.250267,0.054078,0.420414,0.023101,-0.410091,-0.293463,-0.061117,-0.168627,0.381638,-0.234707,-0.043169,0.048003,0.538742,0.0006,-0.186323,-0.086346,0.443486,0.179177,-0.191659,0.124314,0.154944,0.075994,-0.21891,-0.296315,-0.080182,-0.113029,0.031984,-0.179865,0.120625,0.696616,-0.148157,0.070238,-0.424969,-0.249639,-0.313123,-0.116976,0.247829,0.057638,0.072093,-0.389317,-0.416708,-0.523179,-0.237499,-0.490288,-0.14332,0.151881,-0.04799,-0.033915,-0.156795,0.166119,0.219288,-0.070522,-0.405591,0.095657,-0.092471,0.137693,-0.472317,-0.04739,-0.18176,-0.051278,-0.006525,-0.25049,0.014249,0.19706,0.069812,-0.106051,-0.160314,0.088679,0.109147,-0.127197,0.04192,-0.206,0.293195,-0.147926,0.140326,0.104111,-0.30921,-0.204063,0.008871,-0.123828,0.43221,-0.351555,0.129357,-0.508459,0.143583,0.467239,-0.166307,0.263847,0.090768,-0.253138,-0.0019,0.163974,-0.132252,-0.190302,-0.453482,-0.078658,-0.46769,-0.05877,0.118789,-0.069779,0.123045,-0.19526,0.126077,0.062838,-0.313805,-0.301435,0.229252,-0.184858,-0.40363,-0.360571,0.107133,0.00638,-0.034206,0.060277,0.099691,-0.29951,-0.039893,-0.043158,-0.15294,-0.192621,0.072143,-0.030389,0.447557,-0.439739,-0.428478,-0.335626,-0.061791,0.041881,-0.070932,-0.048605,-0.087912,-0.199569,0.192911,-0.033032,-0.076998,-0.047003,-0.073222,-0.063964,0.17165,-0.007758,0.520355,0.075581,0.103277,-0.279884,0.099186,0.340596,0.098426,0.166266,0.107054,-0.216369,-0.1635,0.414391,-0.368038,-0.157166,0.295431,0.182465,-0.055041,-0.159408,0.111151,-0.336418,-0.070625,-0.381097,-0.115576,#
5,0.073014,0.012949,-0.106712,-0.605465,-0.037557,1.0,0.681229,0.535061,0.352545,0.254811,0.127313,0.481413,0.285317,0.506778,0.22986,0.20356,-0.061349,0.068601,0.329479,-0.092606,0.102451,0.143341,0.365306,0.095571,-0.055015,0.011286,0.38198,0.106505,0.119112,0.265382,-0.246515,-0.162279,-0.179487,-0.14607,-0.06511,-0.061363,0.153958,0.115948,-0.056237,-0.112868,-0.036037,0.303962,0.07437,-0.098306,0.265169,-0.4828,0.129513,-0.15642,-0.107549,0.305664,-0.005375,-0.115271,-0.073915,0.211374,0.20196,0.557631,-0.430638,-0.226979,-0.199378,-0.100447,0.268989,-0.242377,-0.305848,0.404423,-0.008422,0.575502,0.045789,0.216631,-0.021738,-0.180345,0.27195,0.13613,-0.253221,0.146379,-0.034886,0.267673,-0.443184,-0.341294,-0.124671,-0.193898,-0.087457,-0.503622,-0.405735,0.154756,-0.405735,-0.197916,-0.051057,-0.204027,-0.157506,-0.344684,-0.130722,-0.468864,-0.434015,0.042647,-0.278176,-0.253609,-0.36369,-0.558696,-0.144944,-0.601691,-0.016311,-0.074801,-0.463623,-0.414592,-0.319778,-0.283405,-0.195487,-0.103157,0.054847,-0.110125,-0.047641,0.166893,-0.612941,-0.456501,0.082544,-0.101208,-0.427022,0.026317,0.412451,-0.330174,-0.266767,-0.550711,-0.061581,-0.446654,-0.112406,-0.183157,-0.002843,0.151598,-0.403347,-0.439237,-0.286508,-0.077585,-0.4854,0.092764,-0.419619,-0.15949,0.396056,-0.272298,-0.182964,-0.723178,-0.045987,0.068239,-0.256359,-0.296117,-0.40733,-0.391237,0.261136,0.306789,-0.373188,-0.028938,-0.191988,-0.055186,-0.087595,0.010424,0.052019,-0.437338,0.220065,0.485507,-0.450457,-0.251948,-0.113489,-0.188925,-0.052446,-0.264935,0.083468,0.167045,-0.161558,-0.02883,-0.153269,0.251827,0.281054,-0.2206,-0.17721,-0.284068,0.356412,-0.442743,0.057818,0.136326,0.524821,-0.44398,0.530998,0.1936,-0.128306,0.166337,0.765137,0.087345,0.04346,0.164966,-0.271495,0.205977,-0.178141,-0.032956,0.365994,-0.170159,-0.430086,-0.034788,0.421532,-0.322449,-0.353294,0.255585,#
6,0.216926,0.365521,0.077194,-0.444648,-0.03386,0.681229,1.0,0.526821,0.344617,0.413139,0.130877,0.161613,0.276389,0.49922,0.068955,0.374053,0.12428,0.097591,0.498892,-0.24548,-0.062582,0.370692,0.526432,-0.039615,0.108132,0.013628,0.207168,0.052896,0.277314,0.244586,-0.423236,-0.180146,-0.025314,-0.35438,0.001972,0.115089,-0.0545,-0.196715,0.103635,-0.111616,0.114669,0.286115,0.057982,0.035906,0.268382,-0.355143,0.137635,-0.37557,-0.132853,0.518728,0.188355,-0.082298,0.094063,0.042583,0.38672,0.368914,-0.253824,-0.390528,-0.184697,-0.116637,0.23952,0.187316,-0.19112,0.356014,0.021918,0.463115,-0.12647,0.27482,-0.304666,-0.376913,0.050963,0.176452,-0.486935,-0.192847,-0.206414,0.449252,-0.298041,-0.52142,-0.137404,-0.207192,-0.099569,-0.516726,-0.573356,0.149315,-0.573356,-0.21993,-0.21485,-0.20996,-0.01041,-0.358992,-0.309191,-0.650758,-0.600089,-0.166221,-0.120597,-0.43539,-0.215692,-0.581273,0.026415,-0.437562,-0.010161,-0.073255,-0.318531,-0.429993,-0.343926,-0.138925,-0.362068,-0.100788,-0.147453,-0.278177,-0.387355,0.388862,-0.458003,-0.472105,0.070152,-0.271259,-0.246901,-0.145696,0.140705,-0.336833,-0.283412,-0.370001,-0.236028,-0.771224,-0.19566,-0.209729,0.149388,0.046254,-0.325804,-0.449446,-0.466177,-0.406853,-0.660013,-0.073606,-0.610821,-0.34472,0.1806,-0.271662,-0.152179,-0.576361,-0.240111,0.054584,-0.444288,-0.380792,-0.414118,-0.35958,-0.034788,0.632539,-0.386189,-0.219637,-0.204931,-0.24594,-0.102133,-0.168775,0.1472,-0.614132,0.044753,0.475404,-0.268428,-0.250872,-0.208221,-0.202929,-0.290253,-0.309325,0.054904,0.130513,-0.160049,-0.035809,-0.353914,-0.09862,0.07978,-0.130487,-0.175742,-0.290271,0.654535,-0.46842,0.207191,0.108481,0.660096,-0.769661,0.494986,0.339417,0.034885,0.147294,0.738778,-0.305823,0.014934,-0.032677,-0.279633,0.21023,-0.204856,0.108223,0.333949,-0.042652,-0.610511,-0.032566,0.405441,-0.346305,-0.37714,0.426723,#
7,-0.019929,-0.012632,-0.078359,-0.446475,-0.121164,0.535061,0.526821,1.0,0.081406,0.503124,-0.218208,0.209166,0.707929,0.625023,0.190549,0.276279,0.014203,0.221552,0.228161,0.021237,0.134221,0.357261,0.13117,0.058151,-0.027126,-0.088254,0.139333,-0.209459,0.303755,0.235575,-0.169879,-0.066318,0.146226,-0.017677,-0.349157,-0.112265,0.006457,-0.056922,-0.059726,-0.520046,-0.037139,0.30582,0.27428,-0.160145,-0.233088,-0.554576,0.220805,-0.35548,-0.117064,0.123633,-0.186048,0.012802,0.17954,0.06351,0.505148,0.459422,-0.357762,-0.318118,-0.17015,-0.059753,0.510829,-0.07123,-0.139389,0.332848,-0.076515,0.635082,-0.061673,0.417813,-0.30316,-0.080048,-0.072497,0.421113,-0.343619,-0.097857,-0.046183,0.141549,0.008473,-0.014726,0.168065,-0.091154,0.045952,-0.358841,-0.316118,-0.179306,-0.316118,-0.00146,-0.234742,-0.037148,0.21831,-0.119583,0.021286,-0.42295,-0.363674,0.23891,-0.098906,-0.188414,-0.047293,-0.170508,-0.044495,-0.633205,0.077688,-0.005655,-0.365665,-0.140323,-0.278461,-0.073955,-0.455667,-0.09737,0.186387,-0.488479,-0.243011,0.20618,-0.330274,-0.426365,0.119204,-0.042609,-0.226998,0.079235,0.134497,-0.343525,-0.015154,-0.711029,-0.097838,-0.400415,-0.174474,0.059843,0.087978,-0.168423,-0.19495,-0.05618,-0.283728,0.013969,-0.21782,0.054282,-0.295925,-0.190246,0.219543,-0.691256,-0.014959,-0.383824,-0.222807,-0.172581,-0.248094,-0.231776,-0.373559,-0.130998,0.139309,0.171902,-0.289781,-0.247546,0.017158,-0.023504,-0.171474,-0.206694,0.257765,-0.453535,0.109804,0.353768,-0.244134,-0.301438,0.088531,-0.139648,-0.390196,-0.148496,0.421506,0.275709,-0.009597,0.278801,-0.037962,0.297233,-0.032207,-0.055524,-0.216161,-0.093605,0.5197,-0.228633,0.083698,-0.167533,0.566598,-0.278933,0.343546,0.485041,0.062955,-0.33434,0.351014,0.141112,-0.056381,-0.043317,-0.391906,0.266592,-0.212737,-0.239907,0.320278,-0.193735,-0.111581,-0.10925,0.118857,-0.036579,-0.336965,0.312847,#
8,-0.08971,-0.1815,-0.100602,-0.120491,-0.052127,0.352545,0.344617,0.081406,1.0,0.088413,-0.052579,-0.007534,0.034866,0.155671,0.247073,0.014544,0.121365,0.233303,-0.085207,-0.107267,-0.213642,0.374358,0.172175,-0.035603,-0.051916,0.359634,0.300691,0.274168,0.118905,0.272242,-0.100946,-0.303509,-0.197596,0.052452,0.216534,0.106773,-0.269121,-0.203118,0.274222,-0.140286,0.189308,0.055937,-0.091593,0.323526,0.27494,-0.080051,0.132284,-0.054228,-0.127514,0.055259,0.170483,-0.005282,-0.316376,0.112295,0.201596,0.539844,-0.071768,-0.075507,-0.018233,0.289674,0.088138,0.165317,0.029186,0.353945,-0.088912,-0.007205,-0.12851,0.224152,0.036108,-0.061498,0.198855,0.133902,-0.015563,-0.01944,-0.199202,0.266916,-0.13008,-0.156095,-0.129311,-0.360422,-0.063917,-0.204473,-0.44178,0.025678,-0.44178,0.098334,0.092715,-0.214384,-0.324304,-0.343821,0.030652,-0.172305,-0.429953,0.232604,-0.118031,0.080678,-0.206446,-0.227793,-0.514591,-0.280521,-0.029204,0.123392,-0.00049,0.075638,0.04081,-0.457081,-0.043381,0.032651,-0.153047,-0.123741,-0.29649,-0.04905,-0.30473,-0.289664,0.026658,-0.25666,0.105623,-0.136618,0.180822,-0.177862,0.105609,-0.203767,-0.084361,-0.265381,0.087572,-0.180241,-0.003479,0.114228,-0.224721,-0.242221,-0.118464,-0.059218,-0.469507,-0.117608,-0.279271,-0.00451,0.184333,-0.04905,-0.14222,-0.43206,-0.080233,-0.027207,-0.063157,-0.096013,-0.420947,-0.475483,-0.033141,0.132103,-0.216017,-0.023368,-0.01191,-0.22533,0.081402,-0.172834,0.033685,-0.414667,0.218372,0.189421,-0.272233,-0.087896,-0.191709,-0.02611,0.143782,-0.137684,-0.384334,0.147263,-0.164172,-0.171856,-0.360579,0.082717,0.087965,-0.294878,0.009342,0.051856,0.336325,-0.046807,-0.273834,-0.045197,0.342137,-0.273987,0.457671,0.178142,0.024775,-0.019796,0.266249,0.036984,-0.117836,0.15092,-0.286415,-0.294312,-0.195186,-0.067268,0.147748,-0.068541,-0.232359,0.281485,0.259974,-0.139404,-0.36506,0.09601,#
9,0.308736,0.383317,-0.048087,-0.355177,-0.164234,0.254811,0.413139,0.503124,0.088413,1.0,-0.12321,-0.10431,0.498809,0.795121,0.434224,0.33667,-0.304254,0.174412,0.339599,0.19427,0.147678,0.460368,0.386618,0.087852,0.040631,-0.203704,0.004156,-0.058585,0.337172,0.417546,0.225755,0.499345,0.40037,-0.405833,-0.072052,-0.139142,0.298199,-0.177731,0.066753,-0.611018,0.238163,0.44347,0.100571,0.19426,0.012138,-0.661292,0.271724,0.018109,-0.157752,0.309351,-0.002465,-0.04859,0.404293,-0.065442,0.444062,0.219189,-0.243299,-0.488751,-0.291411,0.221909,0.680583,0.133249,-0.479246,0.134895,-0.188655,0.355621,-0.119004,0.270142,-0.741074,0.129606,-0.049619,0.401812,-0.050074,-0.118802,-0.266505,0.091336,-0.196386,-0.225028,-0.055368,0.037038,0.148046,-0.464691,-0.331827,0.086279,-0.331827,0.203833,-0.134225,-0.158462,0.242838,-0.428143,-0.060365,-0.239485,-0.339941,0.292061,0.129384,-0.024503,-0.30865,-0.183501,0.078238,-0.323147,-0.205355,0.087967,-0.230157,-0.316673,-0.092423,-0.227994,-0.573252,-0.018371,-0.214275,-0.388466,0.199668,0.365445,-0.408871,-0.17496,-0.039215,-0.16748,-0.312125,-0.224133,0.421093,-0.636767,-0.133884,-0.423241,0.020727,-0.333961,-0.361409,0.057491,0.200119,-0.000504,-0.187445,-0.132418,-0.060716,0.008385,-0.252465,-0.150251,-0.557253,-0.390635,-0.105425,-0.309383,0.282835,-0.520603,-0.097324,-0.017177,-0.301814,-0.393429,-0.518729,0.092095,-0.057053,0.063425,-0.340057,-0.262493,-0.243377,-0.007815,0.018286,-0.410113,-0.047619,-0.340958,0.466066,0.238149,-0.227168,-0.104555,0.046633,-0.079565,-0.328221,0.121294,0.353984,0.594804,-0.038621,0.051772,-0.405983,0.036228,-0.075996,0.11976,-0.208023,-0.046314,0.249616,-0.201104,-0.030304,-0.141305,0.749924,-0.363796,0.623723,0.257959,-0.439348,-0.092868,0.325698,-0.0303,0.441354,0.022213,-0.387053,0.122553,-0.153417,0.042961,0.203901,0.22215,-0.316675,-0.067223,-0.007413,-0.106594,0.156405,0.401049,#
10,0.126928,-0.064744,-0.143054,-0.052464,0.175356,0.127313,0.130877,-0.218208,-0.052579,-0.12321,1.0,-0.103756,-0.224461,-0.29678,-0.226684,0.071226,-0.020032,-0.298578,0.0343,-0.364592,-0.218199,-0.316063,0.122432,0.332907,0.203901,0.205135,-0.196235,-0.027021,0.165965,-0.100059,0.055712,-0.043048,-0.283514,-0.519763,0.149451,0.11519,0.41212,0.183077,0.037956,0.264428,-0.202338,-0.322629,-0.135947,-0.08851,0.268357,0.091075,-0.460828,0.023459,0.031525,0.435463,-0.088552,-0.056426,-0.111185,0.224625,0.135135,-0.000227,-0.143392,0.179239,0.020786,-0.300111,-0.343063,-0.008017,0.054327,0.159746,0.146089,0.028379,0.192606,-0.07112,0.108844,-0.062798,0.166302,-0.276107,-0.279064,0.103866,-0.132198,0.27324,-0.222894,-0.123807,-0.205061,-0.123211,-0.144438,0.092874,-0.043741,0.259139,0.113728,-0.314412,0.180865,0.09671,-0.043613,-0.120842,-0.201849,0.079712,-0.054356,-0.211966,0.002816,-0.147259,-0.327531,-0.300247,0.197827,-0.041803,0.089418,-0.213562,-0.218248,-0.393601,-5e-05,-0.200538,-0.29958,0.374078,0.086673,0.403446,-0.131495,-0.009569,-0.171041,-0.225858,-0.122989,-0.152819,-0.215987,-0.3478,-0.151482,0.161837,-0.584105,0.214746,0.022317,-0.367163,-0.348165,-0.197385,-0.035145,0.069542,-0.037115,-0.406048,-0.380863,-0.291401,-0.234861,0.019649,-0.154416,0.044735,-0.233588,-0.026657,-0.132816,-0.148456,-0.02959,0.334199,-0.393693,-0.150319,0.33003,-0.036979,-0.006466,0.316859,0.096816,0.032893,0.118556,0.166955,-0.200448,0.082798,-0.283924,-0.045299,-0.225901,0.089116,0.096949,0.145677,-0.174363,-0.129363,-0.057444,0.22148,0.075831,0.05097,0.067677,-0.233625,-0.112761,-0.023409,0.336697,0.268187,0.241755,-0.017899,-0.033566,-0.30559,0.1268,0.195917,-0.047256,-0.056708,-0.083278,-0.035524,-0.105572,0.216714,0.197059,0.040956,-0.043617,-0.089541,0.08799,0.14307,-0.01095,0.424298,0.305161,-0.251449,-0.167956,0.042847,0.182364,0.006153,-0.060182,-0.036575,#
11,-0.034082,-0.131771,-0.083602,-0.381358,0.087912,0.481413,0.161613,0.209166,-0.007534,-0.10431,-0.103756,1.0,0.162426,0.15519,-0.021864,-0.02389,-0.110591,0.032424,0.012025,0.070123,0.295169,-0.215136,0.022155,0.069269,0.198488,0.015846,-0.015146,-0.136213,-0.240858,-0.036968,-0.128537,-0.134819,-0.294932,0.1737,-0.292923,-0.058725,-0.030492,0.283244,0.010265,0.006101,-0.113984,0.193721,-0.27608,-0.477482,0.135516,-0.060197,0.100224,-0.029632,-0.064395,-0.018338,-0.12101,-0.271447,-0.190946,0.308294,-0.144216,0.109242,-0.416158,0.077041,-0.126487,-0.155049,-0.070772,-0.3589,-0.155893,0.303197,-0.026107,0.290744,0.07859,-0.090592,0.312978,-0.22751,0.133695,0.117588,0.083288,0.173443,0.035541,-0.063131,-0.205102,-0.018855,-0.186245,-0.123185,-0.261856,-0.333065,-0.0492,-0.027725,-0.0492,-0.419787,-0.111824,0.031133,-0.188423,0.168188,-0.019107,-0.331045,-0.229761,-0.062146,-0.251816,-0.255652,-0.236371,-0.089406,-0.24452,-0.085799,0.068971,-0.114827,-0.345891,-0.07966,-0.049749,0.120376,-0.137394,0.229843,-0.029342,-0.015389,-0.028367,0.05118,-0.417072,-0.247575,0.061776,0.053954,-0.09591,0.302752,0.082186,-0.074023,0.058918,-0.176989,-0.097551,-0.106047,0.188833,-0.039005,0.012383,0.349575,0.068966,-0.111175,-0.195777,0.040596,-0.179727,0.093723,-0.063628,0.184404,0.281776,-0.167681,-0.282884,-0.25249,-0.301806,0.278199,-0.12197,-0.008658,-0.248843,-0.01477,0.03458,0.02842,-0.16627,-0.007018,-0.23917,0.294556,-0.250588,0.331686,0.260398,-0.096357,0.033048,0.304307,-0.359043,-0.496578,-0.071184,-0.321278,0.090528,-0.262629,-0.113391,0.03328,-0.179063,0.068826,0.359517,0.247713,-0.020397,0.155542,-0.018855,-0.417312,0.016183,-0.164673,-0.075122,0.247254,0.036667,-0.042862,0.07472,-0.312843,-0.132372,0.04994,0.278174,0.151601,-0.166867,0.023397,0.169892,0.004917,-0.053116,0.17552,0.082737,0.081469,-0.111966,-0.163646,0.263548,-0.416801,-0.127351,-0.087928,#
12,0.180458,-0.017163,-0.298738,-0.443214,-0.126587,0.285317,0.276389,0.707929,0.034866,0.498809,-0.224461,0.162426,1.0,0.612254,0.228046,0.279406,0.016603,0.016925,0.026924,0.069952,0.118971,0.095879,0.391875,0.049372,-0.234516,-0.359376,-0.135959,-0.205847,0.141679,0.172959,0.03461,0.124339,0.346721,-0.015596,-0.345099,0.110006,0.256058,-0.245467,-0.313296,-0.265394,-0.084456,0.304086,0.284204,-0.181173,-0.283891,-0.435185,0.195726,-0.311622,-0.056198,0.119654,-0.126894,-0.107262,0.225555,0.111948,0.499491,0.436029,-0.305123,-0.365891,-0.101105,-0.085621,0.505513,0.227688,-0.134146,0.328623,-0.086454,0.337611,-0.246914,0.390978,-0.339769,-0.06855,-0.073309,0.080256,-0.342406,-0.358836,-0.246491,0.081358,-0.011911,0.032666,0.006894,-0.045806,-0.171041,-0.336243,-0.087038,-0.382682,-0.087038,0.019989,-0.266203,-0.070009,0.00336,-0.116631,-0.138396,-0.401789,-0.526467,0.266802,-0.131256,-0.404233,-0.252818,-0.176942,-0.291148,-0.434975,0.073572,-0.301651,-0.43854,0.057357,-0.312949,-0.235014,-0.477296,-0.115163,0.239261,-0.475388,-0.196443,0.139236,-0.306569,-0.424238,-0.176971,-0.25466,-0.009451,-0.173711,-0.142165,-0.319275,-0.012807,-0.501543,-0.170373,-0.398237,-0.217962,-0.223497,0.082133,0.202262,-0.250786,-0.005877,-0.239003,0.018381,-0.379102,0.034014,-0.272174,-0.273767,0.221777,-0.690645,-0.280784,-0.362043,-0.007355,-0.025501,-0.246162,-0.234381,-0.351672,0.161343,0.140803,0.125311,-0.264744,-0.483364,-0.220601,-0.250251,-0.168888,-0.204428,0.176232,-0.407503,0.121735,0.359373,-0.215025,-0.279283,0.093519,-0.349712,-0.128379,-0.212748,0.108104,0.270519,-0.18898,0.226516,-0.035917,0.082352,-0.083307,-0.066358,-0.494738,-0.125697,0.261904,-0.264821,-0.082847,0.040754,0.341922,-0.488723,0.344347,0.319646,0.062262,-0.17048,0.09071,-0.111222,-0.010864,-0.017716,-0.347858,0.313636,-0.251465,-0.027041,0.318645,-0.192373,0.134485,0.040929,-0.136823,-0.220359,-0.079108,0.316295,#
13,0.35188,0.310172,-0.121635,-0.575823,-0.231312,0.506778,0.49922,0.625023,0.155671,0.795121,-0.29678,0.15519,0.612254,1.0,0.443608,0.277602,-0.26771,-0.023479,0.279502,0.199028,0.341965,0.387631,0.41843,0.117927,-0.123345,-0.311513,0.182021,-0.182861,0.377631,0.379418,0.08356,0.391342,0.381453,-0.133583,-0.218187,-0.015888,0.168406,-0.248533,-0.042413,-0.459097,0.109766,0.477514,0.009035,-0.0894,0.124748,-0.704602,0.308387,-0.123457,-0.060254,0.168954,-0.043399,-0.1823,0.25066,-0.235024,0.267611,0.356063,-0.154548,-0.494506,-0.311932,0.329166,0.792836,0.100726,-0.431901,0.117891,-0.028684,0.539424,-0.320432,0.401518,-0.487859,-0.039675,-0.198526,0.431857,-0.108431,-0.184299,-0.217271,0.046946,-0.221563,-0.157842,-0.10538,0.002976,0.078415,-0.584739,-0.379651,-0.052313,-0.379651,0.159651,-0.199523,-0.287598,0.190502,-0.364709,0.040024,-0.321362,-0.389181,0.172995,0.033728,-0.10537,-0.370897,-0.099199,-0.055034,-0.508631,-0.131191,-0.061887,-0.279194,-0.307248,-0.235729,-0.289053,-0.374107,-0.159493,-0.110348,-0.562105,0.150302,0.332074,-0.538936,-0.156032,0.067142,-0.063064,-0.488677,-0.101048,0.386487,-0.504491,-0.005245,-0.528574,-0.024425,-0.326431,-0.351183,-0.128367,0.121218,-0.02807,-0.38248,-0.12417,-0.111418,-0.015754,-0.335869,-0.179899,-0.511354,-0.37264,0.342568,-0.384236,0.144214,-0.631673,-0.047553,0.053777,-0.187301,-0.413233,-0.554847,-0.085581,0.224371,0.039712,-0.481377,-0.232601,-0.175991,-0.110258,0.048302,-0.318622,0.01954,-0.368838,0.565078,0.210652,-0.401349,-0.308555,0.026149,-0.068149,-0.144756,-0.254405,0.159547,0.434308,-0.236739,0.185586,-0.276071,0.065745,-0.191741,-0.069781,-0.300571,-0.153364,0.321838,-0.157259,0.016299,-0.083853,0.718228,-0.434635,0.57493,0.219765,-0.388685,0.013809,0.39288,0.050451,0.249648,-0.096312,-0.395441,0.304429,-0.253592,-0.078906,0.165704,0.105206,-0.335242,0.022811,0.037046,-0.25212,0.090321,0.257885,#
14,0.042257,0.422737,-0.221109,-0.10722,-0.191715,0.22986,0.068955,0.190549,0.247073,0.434224,-0.226684,-0.021864,0.228046,0.443608,1.0,0.130848,-0.143764,0.260439,0.475874,0.154963,0.354536,0.068628,0.211053,0.033795,-0.230541,-0.019207,0.023225,0.238993,0.309213,0.151495,0.048661,0.191266,-0.06101,0.140419,-0.027481,-0.118386,0.003428,-0.025496,-0.03318,-0.241308,0.286997,0.391346,-0.007859,0.292196,0.405202,-0.246743,0.1281,0.114919,0.271338,-0.007956,0.096908,0.007997,0.076071,-0.041889,0.161763,0.471413,0.127266,-0.509139,-0.293347,0.211987,0.351225,-0.201385,-0.253479,0.242432,0.199384,0.139005,-0.096343,0.006232,-0.311138,0.127487,0.1508,0.249478,0.296914,0.046652,-0.029197,-0.175575,-0.101357,0.085606,0.01387,0.239926,0.100104,-0.137369,0.018606,0.044402,0.018606,0.290088,0.100391,-0.157974,-0.152866,-0.222971,0.204148,0.033333,0.009612,0.327446,0.119351,0.099607,-0.145685,-0.054516,-0.066055,-0.300695,0.085306,0.229578,-0.255118,-0.122629,-0.426834,-0.314934,-0.179932,-0.117715,-0.122278,-0.000958,0.27559,0.018813,-0.221336,0.017226,-0.06739,0.086076,-0.14783,0.066686,0.400841,-0.264652,0.028157,-0.250196,-0.170942,0.022987,-0.350018,-0.268203,-0.162533,0.011797,-0.577555,-0.012996,0.009417,0.281271,-0.144873,-0.010918,-0.195821,-0.22814,0.261646,0.027364,-0.114604,-0.381916,0.046121,-0.383243,0.035234,0.040784,-0.230838,-0.070021,0.018489,-0.200691,-0.14024,-0.069549,-0.147191,-0.027444,0.208446,-0.064107,-0.143865,-0.022247,0.47987,0.13795,-0.153059,0.002413,-0.024023,0.127675,0.027231,-0.190929,-0.25891,0.423252,0.272198,-0.001649,-0.070537,0.031555,0.026348,0.042534,-0.047298,0.118813,0.069568,0.072561,-0.182063,-0.020742,0.391148,-0.145778,0.323134,0.372028,-0.246091,-0.053592,0.157125,0.25493,0.502619,0.03916,0.056123,0.062439,-0.260921,-0.286638,0.087425,0.038003,-0.165534,-0.028483,0.16548,-0.052403,0.168094,0.036078,#
15,0.13991,0.195831,0.239958,-0.24293,-0.405483,0.20356,0.374053,0.276279,0.014544,0.33667,0.071226,-0.02389,0.279406,0.277602,0.130848,1.0,-0.144941,0.462141,0.128353,0.159377,0.040773,0.120569,0.285274,-0.018577,-0.112857,-0.085122,0.047343,-0.049252,0.325138,0.160461,0.360647,0.103019,0.166869,-0.311623,0.007885,-0.232461,0.405604,0.091011,0.149879,-0.311163,0.135329,0.085898,0.374869,-0.077833,0.046483,-0.432948,-0.168501,-0.012388,0.127454,0.27176,0.097027,0.063969,0.23002,-0.139134,0.254454,-0.01078,-0.138208,-0.590883,-0.197586,0.149804,0.166833,0.241349,-0.28694,0.079488,0.269134,0.18652,-0.167454,0.255272,-0.349893,0.306705,0.245289,0.256972,-0.269395,-0.293046,-0.191195,0.294883,0.107658,0.007774,0.090747,0.13335,0.299686,-0.274749,-0.137857,0.354478,-0.137857,-0.103507,-0.095961,-0.228698,0.174214,0.059651,0.015783,-0.003779,-0.142286,0.329946,0.221328,-0.243604,-0.015999,-0.410116,0.3175,0.138888,-0.353867,-0.135454,-0.344974,0.145893,-0.090241,-0.0747,-0.184316,0.044299,-0.084038,0.106798,-0.105968,0.219198,-0.335107,-0.243743,0.345945,-0.115642,-0.149196,-0.338339,0.174073,-0.538356,-0.155185,-0.016197,-0.204153,-0.426678,-0.413324,-0.003539,-0.114556,0.317504,-0.289071,-0.350175,0.087449,0.045788,-0.18962,-0.10152,-0.1471,-0.187514,-0.028765,-0.026455,-0.156542,-0.406975,0.087357,0.481102,-0.139496,-0.144163,-0.057384,0.072943,0.148104,0.329865,-0.014887,-0.386693,0.021547,-0.143179,0.319839,0.007774,0.217117,-0.250888,0.065128,0.355417,-0.137923,-0.126804,0.292869,-0.100479,-0.048549,-0.062786,0.213508,0.092198,-0.183238,0.081884,-0.095253,-0.040927,0.216116,0.087991,0.007774,-0.145632,0.014877,-0.134645,0.018294,0.051812,0.286364,-0.423007,0.508713,-0.163354,-0.387411,0.087873,0.152738,-0.32652,0.294821,-0.012147,-0.343107,0.043692,0.018206,-0.120019,0.084731,0.248668,-0.101407,-0.283512,-0.022286,-0.090629,0.190211,0.335957,#
16,-0.178548,-0.051298,-0.249875,0.029777,0.281186,-0.061349,0.12428,0.014203,0.121365,-0.304254,-0.020032,-0.110591,0.016603,-0.26771,-0.143764,-0.144941,1.0,-0.001782,0.010436,0.027126,-0.055034,-0.241238,0.036601,-0.380928,-0.403614,-0.223112,-0.412011,0.071302,-0.107661,-0.280159,-0.430195,-0.271659,0.066464,0.175401,0.103143,0.024581,-0.168199,-0.396147,-0.120398,0.428646,-0.124588,-0.34646,0.08552,-0.098786,-0.246486,0.132413,-0.254905,-0.122553,0.293952,0.260233,0.05164,0.026934,-0.068304,0.175401,0.175068,0.291655,0.164251,-0.114963,0.219488,-0.313249,-0.346251,0.274384,0.342847,-0.109546,-0.10952,0.018164,0.054077,-0.073977,0.129169,-0.234822,-0.230338,-0.460923,-0.242758,-0.171313,-0.128119,-0.064582,0.186121,-0.350267,0.207939,0.06942,-0.118035,0.19444,0.08661,-0.445326,0.08661,0.138905,-0.049513,-0.089656,-0.069868,-0.037576,0.087978,0.095401,-0.086756,-0.147135,-0.037472,-0.12243,0.082493,-0.142522,-0.125734,0.191754,0.063096,0.11166,0.089579,0.187593,-0.15235,0.204681,0.015514,-0.478038,-0.050321,0.013512,-0.4224,-0.245201,0.153433,0.015315,-0.126698,-0.03376,0.540776,0.09132,-0.275171,-0.028398,-0.101956,-0.161431,-0.146604,-0.187429,0.149533,-0.277253,-0.165099,-0.261761,0.012724,-0.099914,-0.168753,-0.39896,-0.260392,0.159862,0.332352,0.24788,0.020147,-0.245201,-0.360677,0.238289,0.094054,-0.176617,-0.315719,0.171821,-0.134548,-0.266571,-0.165674,0.192428,0.107513,0.078943,0.063167,-0.007428,0.012465,-0.145566,0.158613,-0.187653,-0.25785,0.313259,0.011638,0.323706,-0.321829,0.152611,-0.009939,-0.344733,-0.334499,-0.062469,0.266351,-0.206458,-0.052899,0.006847,-0.205175,-0.03349,-0.149205,-0.241712,0.084885,-0.011245,0.118585,-0.058235,-0.000225,-0.17601,-0.270479,0.083302,0.664351,-0.057365,-0.149874,-0.300751,-0.377624,0.113965,0.097039,-0.283865,-0.301007,0.113689,-0.232748,-0.464856,0.247798,-0.057317,-0.152908,-0.133658,-0.372584,0.201808,#
17,-0.478132,-0.056384,0.374181,0.159583,-0.310291,0.068601,0.097591,0.221552,0.233303,0.174412,-0.298578,0.032424,0.016925,-0.023479,0.260439,0.462141,-0.001782,1.0,0.03668,0.317442,-0.161085,0.264114,-0.088637,-0.003857,0.193593,0.399846,0.165197,0.006775,-0.00539,-0.131056,0.146571,0.00819,-0.077043,0.101448,-0.190736,-0.219972,-0.131525,0.108272,0.061951,-0.515989,0.038564,0.055939,0.416167,0.353372,-0.034411,-0.15501,-0.01422,0.174654,-0.069539,-0.01328,-0.061506,0.212524,-0.067034,0.141935,0.155571,0.0993,0.014007,-0.339526,0.030273,0.229124,0.025264,-0.230724,-0.223343,0.149674,-0.044019,0.003185,0.053371,0.08525,-0.226817,0.488419,0.331078,0.365173,-0.013895,-0.09388,0.001513,0.016152,0.329449,0.095697,0.167959,-0.089119,0.24781,0.116312,-0.160915,0.264698,-0.160915,0.181858,0.202884,-0.193237,-0.009838,0.070471,0.127501,-0.023811,-0.013554,0.601505,0.084399,0.036787,0.268703,-0.156129,0.039498,0.18854,-0.287333,0.176774,-0.016002,0.368278,0.065162,0.147003,-0.069862,-0.057589,-0.099993,-0.008988,-0.073831,-0.001384,0.03354,-0.065751,0.23186,0.038637,0.205761,-0.048595,0.352391,-0.49603,0.176774,-0.251073,-0.13092,-0.051391,0.080747,0.055128,-0.042896,0.155106,-0.013785,0.003732,0.145317,0.346673,-0.026971,0.075696,0.06153,0.091779,-0.022453,-0.001384,-0.085784,-0.098497,0.009332,-0.053877,-0.001782,-0.065528,-0.247912,0.027322,-0.000935,0.14388,0.159469,0.037541,-0.187442,0.053561,0.185591,0.078693,0.120081,-0.012262,-0.083348,0.34304,0.132393,0.002144,0.218393,0.197343,-0.204852,0.122638,0.081136,0.350198,0.079982,-0.035041,-0.104657,0.295838,0.144025,-0.168638,0.078693,0.054087,0.107575,0.155859,-0.034883,-0.28759,0.263727,-0.045936,0.390065,-0.062923,-0.119291,-0.132524,0.009034,-0.047089,0.261517,0.458872,-0.193962,-0.37099,0.223099,-0.302047,-0.104889,0.085861,-0.13463,-0.319831,0.042143,0.010417,0.071077,0.163327,#
18,0.316163,0.742919,-0.14133,-0.072946,-0.036336,0.329479,0.498892,0.228161,-0.085207,0.339599,0.0343,0.012025,0.026924,0.279502,0.475874,0.128353,0.010436,0.03668,1.0,-0.056826,0.422543,0.202239,0.09035,-0.024494,-0.013365,-0.0075,0.116703,0.127598,0.086038,0.154462,-0.32536,0.10026,0.095973,-0.077761,-0.083544,-0.087301,-0.096237,-0.047401,-0.119722,-0.047443,0.383277,0.446477,-0.172507,0.342821,0.459308,-0.08599,0.024539,-0.295596,0.10596,0.238386,0.090722,0.016082,0.371385,0.062456,0.287048,0.181294,-0.030754,-0.455861,-0.325755,-0.179815,0.223105,-0.147884,-0.195149,0.269056,0.144901,0.269588,-0.121843,-0.003498,-0.270385,-0.342778,0.062798,0.031916,-0.185998,-0.043902,-0.025783,-0.040518,-0.211175,-0.201044,0.129431,0.076741,0.119299,-0.224798,-0.167885,0.017643,0.017282,-0.066498,-0.022402,-0.065597,0.077402,-0.215516,-0.330876,-0.320846,-0.0849,-0.23821,0.063347,-0.087338,-0.029481,-0.29555,0.356475,-0.258694,0.267623,0.322755,-0.11213,-0.448377,-0.399111,0.099303,-0.151345,-0.115278,-0.071609,-0.077064,-0.052568,0.321755,-0.212386,-0.163697,-0.001679,0.244722,-0.17245,0.058552,0.179989,-0.205831,-0.249176,-0.17736,-0.231593,-0.296598,-0.318256,-0.114892,0.039116,-0.093098,-0.3221,-0.06894,-0.241801,-0.15782,-0.183067,0.052462,-0.310285,-0.148773,0.121934,-0.006173,-0.049415,-0.272951,-0.178467,-0.281105,-0.272881,-0.05037,-0.078815,-0.245952,-0.082371,0.198721,-0.274823,-0.211206,-0.146411,-0.072846,-0.068433,-0.115953,0.188119,-0.126499,0.270218,0.047148,-0.217146,-0.063323,-0.241195,0.07159,-0.164943,-0.266999,-0.054033,0.174263,0.378193,0.119115,-0.104309,-0.25943,0.109905,0.179851,0.005291,0.173599,0.25945,-0.180051,0.189887,-0.104525,0.405131,-0.286156,0.021492,0.408718,0.05323,0.145243,0.513633,-0.073222,0.445787,-0.079158,0.043373,0.297659,-0.138875,-0.147256,0.286475,-0.153832,-0.530575,-0.226605,0.49762,-0.300835,-0.11599,0.119352,#
19,-0.313241,0.062263,-0.090867,-0.129488,-0.341474,-0.092606,-0.24548,0.021237,-0.107267,0.19427,-0.364592,0.070123,0.069952,0.199028,0.154963,0.159377,0.027126,0.317442,-0.056826,1.0,0.310949,0.148221,-0.045795,0.08648,-0.188742,-0.129719,-0.056208,-0.155081,-0.168142,-0.167598,0.388384,0.436165,0.452969,0.325291,-0.107679,-0.468277,0.07126,0.052148,-0.253834,-0.341131,0.027749,0.125736,-0.021888,-0.059147,-0.192591,-0.242218,0.198709,0.074389,0.145398,-0.186152,-0.106742,-0.153251,0.306458,-0.218155,-0.299669,-0.075413,0.111107,-0.326652,0.319325,0.083581,0.181072,-0.064771,-0.256655,-0.311621,0.030342,0.011756,-0.180287,-0.305464,-0.181036,0.367409,-0.225536,0.133812,0.159715,-0.209122,-0.101112,-0.668593,0.234814,0.34881,0.576753,0.279998,0.420784,0.182807,0.156372,-0.084728,0.337965,0.4928,0.173411,-0.304327,0.292527,0.036212,0.423259,0.441835,0.148573,0.407313,0.146397,0.379921,0.07763,0.19433,0.224188,0.280868,-0.490453,0.018021,0.11733,0.286541,0.397671,0.392542,-0.056172,-0.306696,0.31188,-0.178108,0.307277,-0.298314,-0.060243,0.291493,-0.037501,0.205486,0.230171,-0.092836,0.270984,-0.391594,0.232689,-0.218802,-0.148126,0.229404,-0.215214,0.292892,0.369731,0.11449,0.31949,0.435623,0.536428,0.320122,0.259188,0.002026,0.473556,0.173047,0.178944,-0.061846,0.086666,0.054539,0.244009,0.178375,0.029667,-0.281946,-0.101924,0.345408,0.449823,-0.462617,0.073433,0.192923,0.037954,0.303283,0.478607,0.165051,0.056122,0.281488,0.44507,-0.154471,-0.050323,0.02181,0.033345,0.399545,0.226428,0.037618,0.024045,0.367812,0.342723,0.012859,0.100028,0.250408,-0.480668,0.070264,-0.037001,-0.043109,-0.413977,0.134005,0.16884,-0.559616,0.166649,0.17639,0.175407,-0.237713,-0.261736,-0.321506,-0.316284,-0.22924,0.383932,0.438086,-0.287,-0.057554,0.073525,-0.17081,-0.502432,-0.076796,0.182255,-0.509276,-0.282387,0.175459,0.392642,0.103885,#
20,0.350764,0.341214,-0.158968,-0.287368,-0.325709,0.102451,-0.062582,0.134221,-0.213642,0.147678,-0.218199,0.295169,0.118971,0.341965,0.354536,0.040773,-0.055034,-0.161085,0.422543,0.310949,1.0,0.071666,-0.243393,-0.071788,-0.058932,-0.241185,-0.13771,-0.276075,-0.158919,0.022234,0.260855,0.265441,0.245079,0.440646,-0.37717,-0.17525,-0.023784,-0.016009,-0.045233,-0.164799,0.319622,0.291911,-0.332006,-0.125902,0.219156,-0.275204,0.019869,-0.063557,0.173618,-0.295748,-0.194962,-0.204101,0.40046,-0.011107,-0.187007,0.115252,-0.16291,-0.306918,-0.371363,0.199271,0.268341,-0.136783,-0.077244,-0.014242,0.119568,0.004648,-0.483508,-0.017169,0.023588,-0.048885,-0.260677,0.275352,0.131941,-0.057122,-0.209699,-0.488448,0.052886,0.189053,0.32715,0.389011,0.460909,-0.247188,0.151877,-0.290889,0.151877,-0.036906,-0.040474,0.116521,0.201674,0.071047,0.049307,0.043546,0.142932,0.034025,0.18957,0.142451,-0.286917,0.159853,0.2216,-0.026604,0.23467,0.325879,-0.060869,-0.013481,-0.146909,0.007185,0.118406,0.068566,-0.043223,-0.197133,0.282418,0.090394,-0.322486,0.175736,0.214599,0.463234,-0.059395,0.096182,0.278912,-0.129727,0.138582,-0.154146,-0.306822,0.165587,-0.339599,-0.13365,0.067514,-0.166034,-0.255285,0.278553,0.150206,0.129735,0.192504,0.340156,0.020263,0.253517,0.130562,-0.127738,0.206506,-0.174317,-0.063194,0.166205,0.127625,0.044027,-0.036674,-0.037083,0.066971,-0.230602,-0.24577,0.080238,0.10162,0.038322,0.140069,-0.133214,0.181609,0.272238,0.413394,-0.095236,-0.434172,-0.111792,0.161944,0.091319,0.344906,-0.394619,-0.224632,0.036076,0.18977,0.302811,0.217513,-0.203195,-0.262825,0.362155,0.053445,0.022478,-0.226213,-0.010776,-0.213843,-0.33338,0.094507,0.176617,-0.237153,-0.089978,-0.132253,0.090775,-0.144254,0.252322,0.179554,-0.256654,-0.111708,0.225105,-0.339033,-0.153985,-0.199898,-0.164583,0.052361,-0.057542,0.199423,-0.343669,0.055889,-0.042624,#
