0,1.0,0.144071,-0.086759,-0.259361,0.513954,0.069278,0.205023,0.145396,0.44238,-0.133571,-0.19221,0.29906,0.497644,-0.100306,0.484331,0.237284,0.26502,-0.035784,0.138757,-0.115236,-0.237802,0.385127,0.06567,-0.197468,-0.022648,-0.162445,-0.051441,-0.135182,0.200231,0.024146,-0.467301,0.024327,0.0,0.034398,-0.330534,0.020307,0.282417,-0.017329,0.417501,-0.08118,0.163251,-0.437997,-0.083228,0.181995,0.024998,0.204436,0.524513,0.096347,0.147454,0.150898,-0.086741,-0.218123,0.142658,-0.187244,0.132032,-0.012985,-0.523756,0.290185,-0.180784,-0.065441,0.123512,-0.066181,-0.131251,0.093188,0.214112,0.277531,-0.202075,-0.050742,0.336133,-0.168877,0.036259,-0.581559,-0.139909,-0.359544,-0.22779,0.002307,-0.154996,-0.166214,-0.513734,-0.271389,-0.028196,-0.498007,-0.092034,-0.394734,0.04622,-0.063193,-0.486044,-0.235662,-0.139387,-0.273809,0.187677,-0.247062,0.069853,-0.182556,-0.184696,-0.01615,-0.513774,-0.384189,-0.055543,-0.377337,0.161157,-0.469929,-0.341561,-0.427191,-0.15905,-0.299033,-0.390179,-0.113085,0.041234,-0.272757,-0.212882,-0.202075,0.013761,-0.333283,-0.339139,-0.192182,-0.298994,-0.435605,-0.007113,-0.597113,-0.384989,-0.263787,-0.300723,-0.234344,-0.312689,-0.065136,-0.086503,0.157777,-0.160257,-0.299027,0.077626,-0.469682,-0.100758,-0.053151,-0.367678,-0.513739,-0.202075,-0.513734,0.130855,-0.391657,-0.427195,-0.282508,-0.298994,-0.298567,-0.657007,-0.098538,-0.255379,0.151641,-0.483627,-0.468887,-0.243253,-0.363803,0.29097,-0.192513,-0.316615,-0.202028,0.450397,0.235321,-0.40317,-0.195949,-0.210958,-0.139909,-0.174605,-0.120421,0.010736,0.23548,0.032203,-0.184188,-0.427195,-0.298994,-0.008474,0.248332,-9.7e-05,-0.295206,0.339024,-0.002498,0.100753,0.242677,0.205664,-0.479864,0.115437,0.064901,0.150924,0.244829,0.264454,-0.212992,0.356766,0.098209,-0.05865,0.429659,-0.393339,0.326097,0.329431,0.167392,0.06725,0.193436,0.280469,-0.284511,-0.032454,0.085316,#
1,0.144071,1.0,0.000307,0.20679,0.279534,0.16946,-0.224522,-0.271876,-0.021257,-0.039544,-0.279941,0.058136,-0.107236,0.050108,0.242021,-0.178935,-0.23903,0.003215,-0.106323,-0.087633,0.030698,0.296534,0.179759,-0.144771,0.033905,-0.280018,-0.098975,0.094566,0.354362,0.294104,-0.410811,0.010624,0.0,0.115807,-0.241581,0.277659,0.177289,-0.111932,0.476201,-0.028633,0.42949,-0.552107,0.354739,0.27218,-0.297419,-0.069823,0.287713,0.191471,-0.142335,0.095472,-0.125321,-0.039904,0.155356,0.130308,0.076058,-0.072334,0.093817,0.262336,-0.179146,-0.121162,0.012405,-0.268578,0.03389,0.065755,0.024939,-0.025325,0.139738,0.181168,0.400213,0.192561,-0.033866,-0.30635,-0.12724,0.063395,0.064351,-0.136225,0.109175,0.137919,-0.110847,-0.011941,-0.152409,-0.240125,-0.195066,0.052243,-0.017435,-0.201992,-0.258799,-0.203094,0.147673,-0.010577,-0.055548,0.214503,-0.023142,0.056952,-0.350126,-0.10656,-0.294744,0.022937,-0.201441,0.086122,0.198941,0.131523,0.145714,-0.190576,-0.258968,-0.271954,-0.280497,0.186718,0.324668,-0.019491,0.035543,0.127296,-0.287278,-0.285536,0.261609,0.073022,-0.271918,0.009172,0.083203,0.193567,-0.15623,-0.196741,0.005292,0.064315,0.156021,0.04248,-0.036741,0.091218,0.303848,0.200025,0.028189,-0.053065,-0.000128,-0.104092,-0.03702,-0.109836,-0.183776,-0.292524,0.350079,-0.12516,-0.192187,0.010115,0.448654,-0.41804,-0.074959,-0.116083,0.18625,-0.053568,-0.060477,-0.050249,-0.173927,-0.03702,0.127314,0.060916,0.110675,0.124422,0.04736,-0.042816,0.055314,-0.140981,0.00531,-0.12724,-0.116822,-0.196602,-0.078968,0.20679,0.330889,-0.604064,0.000646,-0.043889,-0.269089,-0.064732,-0.229884,0.211049,0.065032,0.322561,0.165343,-0.010147,0.114112,-0.157682,-0.157939,0.000203,-0.073424,-0.000729,0.250041,-0.135168,0.241251,-0.129073,-0.164121,0.198006,0.213341,0.111528,0.107039,0.254858,0.176188,-0.087064,0.050145,-0.161522,-0.054623,0.136398,#
2,-0.086759,0.000307,1.0,0.173404,-0.181624,-0.347576,0.107606,-0.042748,0.137827,0.092064,0.16848,-0.12757,-0.045,0.076534,0.05447,-0.216111,-0.260605,0.371266,0.353125,0.244157,-0.182747,0.163977,0.149472,0.207225,-0.039313,-0.007047,0.106297,-0.123473,0.434999,-0.272346,0.069652,0.189335,0.0,-0.005126,-0.37131,0.15891,-0.14905,0.15934,0.246174,-0.436199,-0.163045,0.316253,-0.067307,-0.2511,0.161938,-0.52347,0.33335,0.219439,-0.399999,0.15894,-0.300873,0.019983,-0.267387,0.233098,-0.245883,-0.246228,-0.052079,-0.078323,-0.380259,-0.168106,0.220752,0.166581,-0.007696,-0.239453,-0.068615,0.347256,0.280415,-0.046088,-0.197679,0.004043,0.065176,-0.140843,0.147026,0.32807,-0.04072,0.193445,0.037966,-0.268858,-0.016341,-0.184819,-0.104427,0.034317,-0.34734,0.262055,0.000828,-0.005901,0.038501,-0.174971,-0.163126,-0.030156,0.08179,-0.347596,0.119766,0.291733,0.102823,0.49658,0.149553,0.216798,-0.183895,-0.002329,-0.319661,-0.256779,-0.215824,0.198105,-0.137699,0.180897,0.18561,0.187778,0.281324,0.301318,0.408412,-0.04299,0.021091,0.158897,0.340304,-0.272452,-0.267014,0.050834,0.221564,0.03436,-0.078226,0.305908,0.024713,-0.044297,-0.069889,0.391523,0.15352,-0.208184,0.067497,-0.048733,0.444727,0.252075,0.014077,-0.116958,0.328324,0.145977,-0.019858,0.32789,0.189794,-0.230187,0.366258,0.158829,0.149236,-0.124265,0.054571,0.057894,0.037684,-0.090262,-0.26884,0.299073,0.332687,0.503073,0.443949,0.127819,0.218069,0.257668,0.009275,0.161237,0.098821,-0.040995,0.151588,-0.229963,0.148823,0.151708,-0.096199,-0.18859,-0.154458,-0.197052,0.004399,0.165541,-0.167912,0.293947,-0.175084,0.096099,-0.058355,0.294423,-0.331589,0.164463,-0.017665,0.02103,0.240389,0.243203,-0.208096,0.101197,-0.448866,0.21045,0.033849,0.369281,-0.037721,-0.13674,0.25283,-0.178251,-0.263832,0.008685,-0.345591,-0.166132,-0.175602,-0.10836,0.259481,-0.392318,#
3,-0.259361,0.20679,0.173404,1.0,-0.332104,-0.174402,-0.387195,-0.054323,-0.509103,-0.274384,0.000958,-0.28396,-0.237921,-0.122166,0.066124,0.148406,-0.066419,-0.191717,-0.04131,-0.182109,-0.003892,-0.022734,-0.374498,-0.099471,0.172547,0.311948,-0.116823,0.171546,0.070466,-0.269361,-0.173182,-0.015496,0.0,-0.044518,-0.187861,-0.184782,-0.140023,0.158255,0.275526,0.254351,0.028665,-0.020165,0.14537,-0.048157,-0.009358,0.279021,-0.162868,-0.527471,-0.065179,-0.044946,-0.273236,0.188229,-0.035705,0.200541,-0.031307,0.251326,0.147523,0.04398,-0.210202,-0.104254,-0.141305,-0.082549,0.18049,0.169755,-0.117259,-0.386931,-0.332247,0.155109,-0.48005,-0.115046,0.059625,0.134889,0.144006,0.308441,-0.033842,0.378238,0.23616,0.429836,0.30242,-0.194653,0.062668,0.047235,0.000486,0.095259,-0.007643,0.01614,0.186078,0.015677,0.029547,-0.01863,0.271451,0.194575,0.119801,0.096079,-0.081952,-0.028696,0.138637,0.385175,0.008295,0.089623,-0.031905,0.260563,0.114843,0.173683,-0.130341,-0.064726,0.175302,0.279428,0.272471,0.122039,-0.11562,-0.045355,-0.338178,-0.029641,0.030552,0.289455,0.391489,0.037291,-0.495952,0.526839,0.117911,-0.367114,0.202844,0.622511,0.426712,-0.109216,-0.060014,-0.216006,0.012628,0.391298,-0.2616,-0.124688,0.022401,-0.134316,0.147896,0.141591,0.264488,0.14131,-0.179753,0.101552,-0.185504,0.246074,0.144073,-0.15215,0.03938,-0.050527,-0.167894,-0.312277,0.043476,0.088404,0.156719,0.310712,0.257753,0.110327,0.03043,0.264526,-0.122766,-0.524255,-0.047999,-0.038106,-0.057704,-0.230036,0.159964,-0.354525,-0.433749,-0.352341,-0.150654,-0.299281,0.180103,-0.281294,-0.138315,-0.311767,0.096752,0.255562,-0.061757,-0.038719,-0.010469,-0.20445,-0.528803,0.027314,-0.269367,-0.090334,0.169365,-0.084515,-0.07196,-0.230393,-0.148425,-0.236356,0.448002,-0.300934,0.097706,0.185328,-0.048929,-0.394702,-0.16875,0.000494,-0.354811,0.0386,-0.256195,-0.088533,#
4,0.513954,0.279534,-0.181624,-0.332104,1.0,0.168314,0.038449,0.070975,0.151691,0.069405,-0.555519,0.21303,0.286695,0.004787,0.105362,-0.080672,-0.012661,0.210209,-0.069009,-0.006086,0.273606,0.052457,0.482146,-0.399746,-0.077578,-0.311963,0.040377,-0.105153,-0.043539,0.260811,-0.240112,0.05794,0.0,0.078391,-0.253657,0.366498,0.182355,-0.390934,0.223747,-0.333136,0.210489,-0.356803,0.244628,0.192734,-0.14502,-0.170946,0.464657,0.438938,0.176986,-0.186582,-0.157863,-0.533274,0.077522,-0.242848,0.212396,-0.157696,-0.387351,-0.026422,0.110493,0.145292,0.248009,0.066236,-0.189218,-0.173589,-0.00232,0.481996,-0.090419,0.079272,0.428683,0.051795,0.089601,-0.62547,-0.271752,-0.502077,-0.228851,-0.027407,-0.272247,-0.272659,-0.472043,-0.179603,-0.07585,-0.61806,-0.355679,-0.225695,-0.377281,-0.304573,-0.780278,0.084781,0.172192,-0.036026,-0.470935,-0.277186,-0.36593,-0.181388,-0.167996,-0.34052,-0.652655,-0.412149,-0.099867,-0.20338,0.09419,-0.373696,-0.298191,-0.281874,-0.452145,-0.580824,-0.253752,-0.196727,0.118777,-0.520186,0.250181,0.212125,-0.171573,-0.662023,-0.301558,0.04288,-0.350793,-0.516985,0.177406,-0.518414,-0.359695,-0.05339,-0.50612,-0.41146,-0.048101,0.237452,-0.360863,0.347206,-0.094518,-0.364781,-0.200188,-0.033245,-0.349816,0.22298,-0.493584,-0.478807,-0.392499,-0.485092,0.111021,-0.388399,-0.473312,-0.329219,0.092082,-0.182804,-0.627411,-0.191354,-0.0933,0.579311,-0.458674,-0.23593,-0.529119,-0.325446,0.133904,-0.375357,-0.138692,-0.104669,0.427465,0.425304,-0.399694,-0.184386,-0.196236,0.171322,-0.343615,-0.030998,0.03652,0.26105,0.164662,-0.184878,-0.646443,0.088575,-0.206272,0.279338,-0.249138,-0.548322,0.271638,0.036368,0.22337,0.444797,0.461676,-0.448166,0.372295,-0.049465,-0.053658,-0.014948,0.538572,-0.260991,0.377841,-0.01005,-0.342328,0.511062,-0.406191,0.128509,0.448216,0.188612,-0.01898,0.391742,0.340808,-0.347833,-0.305937,-0.193959,#
5,0.069278,0.16946,-0.347576,-0.174402,0.168314,1.0,0.380652,0.274763,-0.156276,0.093791,-0.190077,0.286799,-0.097945,0.459148,-0.060118,0.027212,-0.112222,0.016369,-0.088407,-0.24051,0.201431,0.164718,0.025821,-0.382543,0.178593,-0.165256,-0.048102,-0.202183,-0.054913,0.27785,-0.01195,0.049497,0.0,-0.15132,-0.150093,0.189451,-0.006977,-0.162212,0.030019,-0.076186,0.337926,-0.129707,0.254037,0.202986,-0.160746,0.167044,-0.004728,0.326151,0.294738,-0.156688,0.272681,0.027748,0.262925,-0.342367,2.4e-05,-0.035365,0.244916,0.182364,-0.053144,0.064211,0.12602,-0.195704,-0.176354,0.211806,-0.070967,-0.183068,0.029799,0.236958,0.344752,-0.347837,-0.300823,-0.327383,-0.18085,-0.170747,-0.11658,-0.387047,-0.044901,0.043542,-0.320955,0.016969,-0.076203,-0.356123,0.337569,-0.441453,-0.003333,0.140925,-0.044343,-0.001224,-0.052997,-0.132849,-0.112718,0.156189,0.153684,-0.497723,-0.113528,-0.339411,-0.315803,-0.222513,0.167771,-0.286581,0.300309,-0.081733,0.21553,-0.374155,-0.045852,-0.386536,-0.184928,-0.72774,-0.114038,-0.464171,-0.219868,0.041439,-0.187101,-0.170845,-0.045852,-0.109485,-0.160617,-0.211118,-0.021218,-0.213434,-0.106141,-0.010456,-0.025696,-0.273717,0.061451,-0.084716,-0.174815,-0.060374,-0.011899,-0.170093,-0.285978,-0.087189,-0.024373,0.001291,-0.164864,0.014137,0.041439,-0.320955,-0.181883,-0.118753,-0.375606,-0.337892,-0.169305,-0.238755,0.106529,0.047488,-0.010944,0.13784,-0.067825,-0.120377,-0.213767,0.000286,-0.442607,0.056756,-0.04898,-0.261145,0.513796,0.192281,-0.115146,0.052115,-0.163451,0.245981,-0.018386,0.011097,-0.033395,0.552127,0.568675,0.201627,-0.018491,-0.15193,0.143432,0.085641,-0.064649,0.057585,0.561562,-0.103988,0.018129,0.204417,0.202765,-0.103369,0.109105,-0.0625,0.001732,0.291405,0.612918,-0.467334,0.258237,-0.002015,-0.137485,0.313432,-0.115207,0.164095,0.451637,0.053528,0.337068,0.140083,0.390005,-0.189176,-0.055085,0.244513,#
6,0.205023,-0.224522,0.107606,-0.387195,0.038449,0.380652,1.0,0.337725,0.404444,-0.005004,0.258347,0.305902,-0.125734,0.128402,-0.008956,0.212774,0.025609,0.00013,0.376223,0.028286,-0.102165,0.245374,0.048545,-0.163275,-0.015982,-0.070764,0.005916,-0.172601,0.317099,-0.094419,-0.15443,0.08296,0.0,-0.39223,-0.068638,0.249681,0.115957,0.074523,-0.063503,-0.296609,-0.039716,0.048874,-0.22191,0.171909,-0.065595,-0.212956,0.223743,0.249234,-0.073129,0.209952,0.085449,0.087811,-0.043192,0.044892,-0.225281,-0.158889,0.014015,-0.060471,-0.161819,0.34876,0.263299,0.096419,-0.180189,0.240301,-0.066728,-0.080683,0.244672,0.015085,0.452409,-0.24245,-0.093153,-0.175479,-0.249737,-0.230167,-0.299413,-0.139065,0.017771,-0.330848,-0.573656,-0.110478,-0.004932,-0.197099,0.055557,-0.459225,-0.107175,0.136937,-0.1835,-0.224688,-0.213546,0.046376,-0.000511,-0.039499,0.060656,-0.294609,-0.320751,0.09339,-0.387249,-0.510375,-0.223766,-0.096225,0.05096,-0.309245,-0.185581,-0.40924,0.137404,-0.070459,-0.301803,-0.327378,-0.175022,-0.25449,-0.166014,-0.051847,0.099487,0.106644,-0.029144,-0.32437,-0.303199,-0.214231,0.102756,-0.404155,-0.295205,0.219478,-0.234647,-0.47557,-0.269185,0.125978,-0.299593,0.102567,-0.077185,-0.312885,-0.034502,-0.140986,-0.238641,0.16374,-0.148589,-0.231647,-0.051847,-0.406505,-0.083901,-0.129904,-0.030052,-0.285177,-0.312065,-0.084304,-0.026894,0.16396,-0.384359,0.227729,-0.029476,-0.149478,-0.058406,0.016708,-0.228445,0.090083,-0.04821,-0.360618,0.240229,0.491531,0.026347,-0.128973,-0.103115,-0.249737,-0.079094,0.044954,-0.023993,0.573887,0.008432,0.181221,-0.030453,-0.08501,-0.044134,0.303219,0.05402,-0.199726,0.395209,-0.190458,-0.07548,0.401729,0.334588,-0.153163,0.497062,0.010554,0.064036,0.483762,0.299665,0.03118,0.265816,0.362617,-0.063314,0.272252,-0.124856,0.243116,0.198543,0.141691,-0.042781,0.254855,0.51465,-0.081372,0.061507,0.243009,#
7,0.145396,-0.271876,-0.042748,-0.054323,0.070975,0.274763,0.337725,1.0,-0.175892,-0.101749,-0.126844,-0.186704,-0.052245,0.285244,0.284906,0.000909,-0.08078,-0.27221,0.214181,-0.216799,-0.231885,0.078181,-0.200086,-0.355889,-0.011873,0.115638,0.102268,-0.177489,-0.284748,0.028213,0.027237,0.02402,0.0,-0.32519,0.081202,0.113545,-0.022231,0.114744,-0.12859,-0.298957,-0.092593,0.265306,0.225212,0.09733,-0.105104,0.308182,0.075753,-0.198434,-0.012925,-0.083637,-0.263397,0.074168,0.154688,-0.503233,-0.069417,0.126161,-0.037474,-0.000364,-0.145622,-0.0106,0.158714,0.403605,-0.320134,0.205147,0.290171,0.144985,-0.128588,0.149536,-0.135352,-0.505247,-0.079326,-0.251596,-0.08903,-0.326724,-0.229806,-0.011055,-0.21782,-0.302432,-0.32691,-0.16212,0.10361,-0.418498,0.261807,-0.453343,-0.183237,0.198687,0.019432,-0.025668,-0.21782,0.019539,-0.075094,-0.271682,0.072013,-0.245022,0.012448,-0.113799,-0.326935,-0.130832,-0.023634,-0.243257,0.029954,-0.299035,0.103438,-0.271839,-0.195462,-0.190287,0.067318,-0.51915,-0.080106,-0.386139,-0.355097,0.2933,0.117071,0.13283,-0.418502,-0.00709,-0.190262,-0.073103,-0.116161,-0.084389,-0.244984,0.040842,-0.268063,-0.023671,0.198166,-0.143901,-0.190093,-0.236502,0.137522,-0.190283,0.059668,-0.298878,-0.265988,0.03536,-0.203921,-0.100544,0.2933,-0.099102,-0.36679,-0.230893,-0.271841,-0.510256,-0.190262,0.143482,-0.004139,-0.318565,-0.271662,-0.104608,-0.002159,-0.088129,-0.042948,0.021871,0.040989,0.017782,0.207964,-0.128558,0.271759,0.205412,-0.453116,0.259114,-0.21704,-0.08903,0.111375,-0.185385,-0.194297,0.244558,-0.217327,0.281675,-0.271841,-0.190262,-0.019419,0.253084,-0.160851,0.054933,0.42386,-0.09833,-0.128374,0.2544,-0.041352,-0.075032,0.055523,-0.093151,0.084477,0.216241,0.27534,-0.242481,0.128798,0.193354,0.119656,-0.065034,-0.453356,0.303715,0.191642,0.13529,-0.059966,0.119103,0.15933,-0.287823,-0.019316,-0.066069,#
8,0.44238,-0.021257,0.137827,-0.509103,0.151691,-0.156276,0.404444,-0.175892,1.0,-0.104486,0.329097,0.257765,0.221679,-0.096811,0.111217,0.009944,0.245416,0.333928,0.333112,0.187593,-0.256394,0.014403,0.202399,0.10105,-0.175941,-0.168233,-0.044946,0.125362,0.147435,-0.110037,-0.043008,0.193362,0.0,0.000584,-0.116534,-0.174486,0.463628,-0.155535,0.336561,-0.259238,-0.142489,-0.150433,-0.151726,0.087354,0.163024,-0.228482,0.332241,0.344494,-0.074214,0.249116,0.250559,-0.055876,-0.133986,0.319497,-0.355936,0.107502,-0.168185,0.02451,-0.281767,0.260721,-0.239584,-0.168136,-0.153625,0.070373,0.05599,0.121827,0.336105,-0.117832,0.305148,0.282457,0.20019,-0.134163,-0.180813,-0.002426,-0.129141,-0.249571,0.158501,-0.252568,-0.331502,0.169298,-0.071634,-0.058999,0.019681,0.190402,0.025753,-0.011797,-0.201503,-0.206361,-0.050244,-0.296575,0.212265,-0.033542,-0.118397,0.258541,-0.136004,0.339094,-0.157055,-0.247632,-0.206976,0.006094,0.004642,-0.26873,-0.429813,-0.034226,0.270193,0.27428,-0.1877,0.222398,-0.110545,0.186946,0.107474,-0.261153,0.351714,0.175139,0.111964,-0.497533,-0.179889,-0.167127,0.189938,-0.346409,-0.128567,0.205012,-0.207495,-0.622494,-0.392148,0.097597,-0.15556,0.292571,-0.055968,-0.176915,0.44603,0.084532,0.110747,-0.05416,0.173346,-0.167152,0.020573,-0.166592,0.144619,0.032591,0.338504,0.077792,-0.167741,-0.157822,-0.191846,-0.042301,-0.00992,0.251319,-0.034059,-0.07605,0.155998,-0.16281,-0.049311,-0.110201,-0.036767,-0.261092,-0.043975,0.283108,0.185901,-0.125057,0.16936,-0.180813,-0.160583,0.341203,0.268975,0.023865,-0.045527,-0.028863,-0.021447,0.05627,-0.242646,0.147317,0.147527,-0.069845,-0.089447,-0.109263,0.020088,0.192446,0.086045,-0.20366,0.266647,0.079165,-0.191964,-0.015567,-0.101591,0.300072,0.048806,0.245895,-0.315457,0.144211,0.195324,-0.172037,-0.171396,0.139391,0.102972,0.005119,0.149751,-0.039881,0.078143,-0.043711,#
9,-0.133571,-0.039544,0.092064,-0.274384,0.069405,0.093791,-0.005004,-0.101749,-0.104486,1.0,-0.298345,0.294315,0.214343,0.489074,-0.667856,-0.357988,-0.663269,0.414395,-0.145378,0.201463,0.205219,-0.046767,-0.114172,0.002251,0.315321,0.252692,0.383244,-0.389996,-0.078031,0.275516,0.2852,-0.264836,0.0,0.270792,-0.138381,0.606827,-0.072903,-0.281877,-0.360364,-0.146592,0.103996,0.2287,0.189526,0.290671,0.100998,-0.480414,-0.281391,0.361733,-0.075414,-0.011609,-0.221257,-0.274321,-0.133551,-0.079287,-0.034596,-0.618559,-0.006882,-0.107674,0.540992,-0.03184,-0.192531,0.339567,-0.046965,-0.451048,-0.09159,-0.065929,0.250755,0.230877,0.053334,0.062558,-0.19901,-0.22619,0.141361,0.091271,0.520438,-0.27708,0.000686,-0.354782,0.0818,0.379117,-0.020067,0.111112,-0.112885,-0.126635,0.394765,-0.23662,-0.045928,-0.032488,-0.020163,0.371059,-0.368471,0.104028,-0.284919,0.249795,0.068945,0.258003,0.092197,0.148515,0.136031,0.151238,-0.265192,-0.161434,0.295114,0.118185,-0.03512,-0.094972,0.027381,-0.096708,0.020921,0.04988,0.369716,0.239685,0.076831,-0.096457,0.135938,0.057619,-0.097649,-0.089166,0.443136,-0.276826,0.068945,0.37648,0.097583,-0.013821,-0.377205,0.342762,0.126452,0.01458,0.050883,0.337441,-0.053842,0.550621,0.066263,0.605363,-0.156574,0.084947,-0.083628,0.266914,0.420435,-0.135768,0.307513,-0.02113,0.104709,0.139928,0.279231,0.041467,0.523805,-0.06917,-0.061062,0.376146,-0.258733,-0.156574,0.194505,0.262374,0.436809,0.239734,0.074288,0.099687,0.186927,0.264417,0.318706,0.190218,-0.26317,0.569891,0.125607,0.034767,0.018147,-0.035726,0.111032,0.372697,-0.059758,-0.220951,0.024624,-0.230694,-0.007191,0.334183,-0.072438,0.035743,0.667473,0.174353,-0.041515,-0.033863,-0.465575,-0.12751,-0.219501,0.012799,0.017983,-0.021059,-0.415058,0.269164,0.190328,-0.610683,-0.218831,-0.029452,0.089812,-0.227076,-0.333438,0.082806,0.445402,-0.095787,#
10,-0.19221,-0.279941,0.16848,0.000958,-0.555519,-0.190077,0.258347,-0.126844,0.329097,-0.298345,1.0,-0.167664,-0.382038,-0.182958,-0.062557,0.276665,0.174555,-0.173847,0.435406,0.384567,-0.34536,0.210444,-0.265765,0.266258,-0.288704,0.211902,-0.3469,0.396098,-0.017928,-0.39129,0.192105,0.10879,0.0,-0.314782,0.312845,-0.312901,0.01456,0.315552,-0.088756,0.334784,-0.27476,-0.014836,-0.361609,-0.242784,0.024592,-0.043168,-0.220015,-0.385798,0.004499,0.036793,0.364229,0.435373,-0.07895,0.517846,-0.320958,0.27543,0.239976,-0.202817,-0.074542,0.066413,-0.085336,-0.134663,0.281263,0.08509,0.147516,-0.238456,0.226346,-0.244217,-0.30615,0.118028,-0.04844,0.48087,0.140541,0.378882,-0.055801,-0.026138,0.177255,0.103889,0.205104,0.144886,0.282956,0.367093,0.011446,0.263842,0.185414,0.292842,0.378248,0.092118,-0.039081,-0.165805,0.413331,0.089825,0.359227,0.028014,0.194032,0.383204,0.210175,0.079269,-0.089759,0.110586,-0.161218,-0.027773,-0.255386,0.443158,0.545259,0.327199,-0.027343,0.367598,-0.203819,0.495682,-0.065638,-0.392634,0.068547,0.550005,0.21729,-0.169304,0.326531,0.200895,-0.098624,0.191162,0.027457,0.021181,0.329612,0.110528,0.023214,-0.061275,0.10509,-0.137679,0.114584,0.09191,0.397602,-0.025377,0.164517,-0.252151,0.633897,0.20094,0.215134,0.198931,-0.314334,0.434052,0.451237,0.341632,-0.140302,-0.05086,0.233935,0.35239,-0.082332,-0.212653,0.399775,0.001307,0.369524,0.285515,-0.254002,0.050734,-0.10713,-0.086294,-0.372197,-0.120914,0.425904,0.042598,0.15939,-0.271845,0.223275,0.164213,0.223999,-0.239789,-0.031645,0.162564,0.450828,-0.122172,0.018324,-0.256729,0.273785,0.409442,-0.197132,-0.264392,-0.39198,-0.052795,-0.400723,0.274852,-0.101976,0.057634,-0.017933,0.174875,-0.29475,0.646638,-0.333748,0.067052,0.32523,-0.267356,0.271513,0.003345,-0.131539,-0.271584,0.034399,0.054437,-0.044752,0.183793,0.160905,0.007791,#
11,0.29906,0.058136,-0.12757,-0.28396,0.21303,0.286799,0.305902,-0.186704,0.257765,0.294315,-0.167664,1.0,0.049193,0.071343,-0.122784,0.141048,-0.077631,0.124359,-0.175752,-0.2871,-0.147157,0.179107,-0.018863,0.032187,0.266153,-0.231228,0.091746,-0.392591,0.026323,0.013307,-0.202314,-0.024499,0.0,0.141003,-0.414647,0.32956,-0.092015,-0.349179,0.206271,-0.059409,0.355436,-0.107596,-0.120066,-0.071791,-0.198045,-0.042118,0.032993,0.43591,0.141837,-0.123844,0.143287,-0.148504,-0.199912,-0.089664,0.067839,-0.229013,-0.353862,0.014159,-0.086248,0.130974,-0.174324,0.240302,0.049143,0.058628,0.02735,-0.257987,-0.117673,0.105994,0.430142,0.07109,-0.139739,-0.249989,0.125892,-0.226601,-0.167314,-0.191301,-0.096834,0.135063,-0.202194,-0.115629,-0.33053,-0.050223,0.084592,-0.170471,0.052144,0.025684,-0.373836,-0.328006,-0.105499,0.061882,-0.053576,0.213899,-0.102343,-0.04145,-0.230768,0.11461,-0.20323,-0.153618,-0.146989,-0.211695,0.112485,-0.075359,0.11697,-0.176729,0.130902,-0.180196,-0.010418,-0.219975,-0.30165,-0.109876,-0.139028,-0.105214,-0.231607,-0.226335,0.133947,-0.029208,-0.173675,-0.282243,-0.054507,-0.289106,-0.006308,-0.121295,-0.11497,-0.352155,-0.057282,-0.008006,0.059356,0.048803,0.014823,-0.180636,-0.142924,0.083856,0.065651,0.174423,-0.261638,-0.020637,-0.129653,-0.394131,0.423316,-0.163639,0.013912,-0.050181,-0.182974,-0.233805,-0.037621,-0.073717,-0.147836,0.003382,-0.228879,-0.299982,-0.288097,-0.268862,-0.110399,-0.231881,0.113693,-0.429054,0.406226,0.11541,0.172405,-0.039048,0.242394,0.159733,-0.221914,0.229539,-0.034965,0.156468,0.355902,0.086363,0.217635,-0.164377,-0.158947,0.085987,0.247829,-0.317223,0.060023,-0.240841,-0.129915,-0.050522,0.396093,-0.029143,0.254425,0.140308,-0.004973,-0.156946,0.249292,-0.269513,-0.060294,0.025752,-0.158533,0.420074,0.182409,0.015792,0.281019,-0.112869,0.244991,-0.035185,0.158635,-0.116911,0.148585,-0.078382,#
12,0.497644,-0.107236,-0.045,-0.237921,0.286695,-0.097945,-0.125734,-0.052245,0.221679,0.214343,-0.382038,0.049193,1.0,0.194933,0.120416,-0.079823,0.139169,0.287945,0.145667,-0.093499,-0.128446,0.076234,0.149633,-0.00539,-0.110294,0.036091,0.372204,-0.035833,0.036836,-0.191992,-0.182825,0.265901,0.0,0.389167,-0.093528,0.048076,0.298086,-0.041961,-0.00444,-0.022304,0.04934,0.045083,0.050369,0.190749,0.365534,-0.106815,0.272913,0.155245,-0.128432,0.317885,-0.225641,-0.23997,0.178442,-0.081865,0.079839,-0.339636,-0.487651,0.438891,0.198378,-0.217098,-0.189517,-0.233006,-0.310707,-0.109438,0.211379,0.132972,-0.004667,-0.320811,0.165962,-0.192503,-0.008729,-0.30556,-0.212162,-0.119582,0.037029,-0.04848,0.080908,-0.308836,-0.11965,-0.113207,-0.202276,-0.197664,-0.116176,-0.269786,0.056476,-0.465924,-0.040057,-0.114473,-0.332254,-0.111199,0.010635,-0.312615,-0.126555,0.166052,-0.015834,-0.130085,0.049233,-0.035427,0.054217,-0.485412,0.280766,-0.041003,-0.316659,-0.302109,-0.178573,0.193295,-0.240734,-0.132933,-0.059762,-0.124759,0.143035,-0.02702,0.382372,-0.11042,-0.344379,-0.210403,-0.24858,-0.206861,0.224204,-0.539829,-0.036324,-0.121316,-0.1965,-0.164093,-0.376672,-0.046142,-0.241974,0.280507,-0.452938,-0.037827,0.033837,0.147185,0.087463,0.18811,-0.24312,-0.288913,-0.02702,0.059781,0.141711,-0.4263,-0.290815,-0.010934,-0.24858,0.17585,-0.346954,-0.046104,0.242546,0.244916,-0.513549,0.139296,0.089236,-0.249859,0.249348,-0.018681,-0.030098,-0.029568,0.272593,0.307058,-0.435282,-0.211198,-0.06202,0.214056,-0.282928,-0.099509,0.439836,0.109193,-0.11397,0.052988,-0.481263,0.219857,0.209465,0.244122,0.086993,-0.313235,0.025134,0.180736,-0.027421,0.273199,0.405639,-0.399535,0.026267,0.203235,-0.076428,0.031728,-0.157143,-0.052018,0.31704,-0.075236,-0.241482,0.278539,-0.275099,-0.076188,-0.097136,0.314037,0.09835,0.068223,0.003903,-0.068644,0.071898,0.019381,#
13,-0.100306,0.050108,0.076534,-0.122166,0.004787,0.459148,0.128402,0.285244,-0.096811,0.489074,-0.182958,0.071343,0.194933,1.0,-0.156328,-0.081238,-0.457552,0.262214,0.177187,-0.275421,0.031761,0.144628,-0.032017,-0.135758,0.074013,0.137811,0.314901,-0.039995,-0.191057,0.019003,0.347231,0.183707,0.0,-0.021346,-0.266173,0.325394,0.093165,-0.159077,-0.11527,-0.267433,-0.023327,0.256672,0.690724,0.27576,-0.034107,-0.166217,-0.00915,0.246421,-0.03084,-0.154253,-0.189606,0.043888,0.048855,-0.290366,-0.383324,-0.334914,0.292472,0.087893,0.160069,-0.298743,-0.164168,0.273317,-0.17392,0.045815,0.170138,-0.025498,0.210112,0.014443,-0.024626,-0.145887,-0.11808,-0.205135,0.128774,0.134943,0.207869,-0.534277,0.122193,-0.410082,-0.033894,0.252607,0.017023,-0.199562,-0.095694,-0.151264,0.269767,-0.178048,0.13333,-0.151852,-0.101201,0.081745,-0.234542,0.020517,0.070157,0.177357,0.171284,-0.037571,-0.029883,0.197939,0.031662,-0.025863,0.074709,-0.093748,0.102624,0.020173,-0.034464,0.062947,-0.021781,-0.380264,0.065546,-0.252593,-0.110621,0.198535,0.152399,0.321462,-0.034464,-0.023778,-0.413836,-0.114608,0.345431,-0.303515,-0.226681,0.237035,0.088065,-0.164965,-0.041265,0.028007,-0.182564,-0.231546,-0.095058,0.046768,0.066173,0.468765,-0.103981,0.327605,-0.051023,-0.040584,0.198535,0.329031,0.163872,-0.154321,0.027857,-0.132271,0.041186,-0.188838,0.13209,0.095865,0.245529,-0.089794,-0.220806,0.271979,-0.117585,0.119653,-0.318494,0.393753,0.479663,-0.130291,0.182237,0.314968,-0.148236,0.173141,0.163812,0.162842,-0.059271,0.267669,0.154476,0.122097,0.134328,0.296115,-0.170458,0.312639,-0.19092,0.108768,-0.280255,0.058313,0.179426,0.143251,-0.127834,0.308346,0.322087,-0.02066,-0.124865,0.099268,-0.198654,-0.068201,0.060347,-0.072582,0.137318,0.06666,-0.087221,0.085774,0.014799,-0.36126,0.042246,0.195836,0.249428,-0.207263,-0.086846,-0.266602,0.377556,-0.034776,#
14,0.484331,0.242021,0.05447,0.066124,0.105362,-0.060118,-0.008956,0.284906,0.111217,-0.667856,-0.062557,-0.122784,0.120416,-0.156328,1.0,0.327129,0.311241,-0.400164,0.110048,-0.405468,-0.377662,0.39252,0.168129,0.008911,-0.316879,-0.287476,-0.176275,0.048521,0.281429,-0.058132,-0.446807,0.281906,0.0,-0.075195,-0.070948,-0.275202,0.085704,0.27145,0.365405,-0.016556,-0.127906,-0.073319,-0.011244,-0.015181,-0.111213,0.449017,0.620412,-0.190946,0.035958,0.209739,-0.028074,0.24579,0.073641,-0.233323,0.011421,0.260808,-0.191535,0.337061,-0.552618,-0.324363,0.179331,-0.150609,-0.029371,0.377673,0.240126,0.324691,-0.240493,-0.259172,0.140127,-0.247728,0.116777,-0.044674,-0.166508,-0.284453,-0.351035,0.135132,-0.216431,0.181459,-0.264993,-0.387579,-0.156016,-0.282135,-0.054898,-0.0357,-0.228131,0.039152,-0.132176,-0.328175,-0.192563,-0.395613,0.178442,-0.317681,0.449179,-0.267702,-0.081222,-0.117455,-0.269371,-0.168283,-0.326481,-0.320288,0.202085,-0.026566,-0.163028,-0.326694,-0.132047,0.089991,-0.239938,-0.078703,0.124674,-0.223901,-0.496804,-0.240493,-0.081495,0.071607,-0.301515,-0.084217,-0.355837,0.081401,-0.272862,-0.080022,-0.262162,-0.379789,-0.103041,-0.033656,0.278005,-0.174739,0.093823,-0.090234,-0.047705,-0.355876,0.22405,-0.558976,-0.255556,-0.4934,-0.223596,-0.270187,0.068394,-0.274804,0.055257,-0.195672,-0.320965,-0.337305,-0.125311,-0.265034,-0.450434,-0.029628,-0.333745,-0.217271,-0.279448,-0.380419,0.078377,-0.058281,-0.012636,-0.265715,-0.304523,-0.240436,0.053328,0.091468,-0.356196,-0.070033,-0.320583,-0.166508,0.07033,-0.564611,-0.129586,0.154952,-0.026041,-0.037173,-0.320965,-0.355837,-0.115622,0.389962,-0.300831,0.034025,0.16718,-0.007696,0.08014,-0.048944,-0.31971,-0.201926,-0.138025,0.369477,0.432764,0.116988,0.210685,-0.195991,0.14526,0.217434,0.449252,-0.091104,-0.365836,0.596022,0.194511,0.397983,-0.10774,-0.105397,0.333791,-0.264098,-0.076263,0.135284,#
15,0.237284,-0.178935,-0.216111,0.148406,-0.080672,0.027212,0.212774,0.000909,0.009944,-0.357988,0.276665,0.141048,-0.079823,-0.081238,0.327129,1.0,0.251851,-0.536448,0.082139,-0.314901,-0.242572,0.286236,-0.157765,-0.233736,-0.190341,0.070024,-0.112527,0.065249,0.085549,-0.243767,-0.300102,-0.021749,0.0,-0.116757,-0.007691,-0.087346,-0.013044,0.076707,-0.147632,0.263928,-0.282348,-0.19558,-0.102457,-0.129129,0.090838,0.215927,0.283067,-0.391475,0.481698,0.134665,0.163261,0.05784,0.028455,-0.00656,-0.067296,0.117447,0.134591,0.000777,-0.07446,-0.173454,-0.034835,-0.027353,0.321934,0.343821,-0.0158,-0.242616,-0.471985,0.009824,-0.10623,-0.302731,-0.057879,0.16053,0.113389,-0.300403,-0.092562,0.210261,-0.143838,0.217891,-0.100856,-0.203838,0.141661,0.035234,-0.160114,-0.267433,0.002884,-8.9e-05,-0.135855,-0.210182,0.086074,-0.177399,0.207983,0.176835,0.366699,-0.299528,-0.099348,-0.132841,-0.290766,-0.244881,-0.222527,-0.086446,0.134003,0.043637,-0.154012,-0.035393,0.039189,0.013378,-0.299359,-0.019736,-0.172624,-0.183899,-0.616829,-0.471985,-0.0905,0.252461,-0.48908,0.126599,0.028382,-0.182229,-0.28874,-0.17132,-0.277147,-0.360571,0.135375,0.277826,0.005622,-0.271431,0.024169,-0.20911,-0.23163,-0.225591,-0.248038,-0.372753,-0.219854,0.065194,-0.223166,-0.288265,0.176735,-0.307575,-0.158815,0.091977,-0.235969,-0.161285,-0.218344,-0.173236,-0.473223,0.513923,-0.61974,-0.192671,-0.108407,-0.539129,-0.216475,-0.230683,-0.382038,-0.079832,-0.499439,-0.471874,-0.045051,-0.127112,-0.09578,-0.063848,-0.272872,-0.326785,-0.083158,-0.380767,-0.133426,0.022965,-0.145928,0.237859,-0.023987,-0.469907,-0.09818,-0.02644,0.226067,-0.232714,-0.023416,-0.363351,0.188886,-0.180644,-0.287883,-0.039076,-0.213735,0.218218,0.650482,0.045773,0.163865,0.002439,-0.037281,-0.123519,0.690214,-0.159687,-0.446527,0.486588,0.363167,-0.114932,0.001513,0.099166,0.23154,-0.043241,-0.199961,0.230521,#
16,0.26502,-0.23903,-0.260605,-0.066419,-0.012661,-0.112222,0.025609,-0.08078,0.245416,-0.663269,0.174555,-0.077631,0.139169,-0.457552,0.311241,0.251851,1.0,-0.216701,-0.038992,-0.098382,-0.183009,-0.133878,0.065089,0.15093,-0.037844,-0.155386,-0.14298,0.231842,-0.006503,-0.179807,-0.10994,0.143276,0.0,-0.331504,0.050499,-0.513533,-0.076181,-0.003853,0.113534,0.292175,-0.148207,-0.248302,-0.309892,-0.287402,0.198082,0.393575,0.156243,-0.178645,-0.042928,0.125261,0.210469,-0.057377,0.199354,0.009102,0.377936,0.453464,-0.080856,0.043343,-0.171117,-0.04011,0.219786,-0.297562,-0.038708,0.371111,0.007844,0.02775,-0.202035,-0.344254,-0.015569,0.03577,0.355577,0.076911,-0.139882,-0.13856,-0.554592,0.269041,-0.122613,0.061648,0.044999,-0.283989,0.135294,-0.125835,0.242405,-0.012936,-0.248544,0.154251,0.037034,0.143713,0.076361,-0.428059,0.394887,-0.059107,0.116475,-0.190159,0.023603,-0.330423,0.034928,-0.198608,0.12354,-0.172689,0.231842,0.096004,-0.317567,-0.022524,0.026965,0.18369,0.172652,-0.053722,-0.100353,0.101255,-0.224314,-0.202035,0.213493,0.034968,-0.146295,-0.17716,0.17646,-0.05753,-0.141697,0.118438,0.015895,-0.098857,-0.404477,-0.164243,0.055148,-0.556963,-0.059783,0.266105,-0.397132,-0.298967,-0.055101,-0.469589,0.257379,-0.317224,0.067208,-0.154815,-0.202035,-0.319192,-0.307612,-0.023297,-0.235471,0.063241,-0.298934,0.22553,-0.308298,-0.097424,-0.426828,0.242326,0.033237,-0.26542,0.277222,0.067208,-0.132416,-0.199732,-0.490062,-0.201988,-0.025076,0.074801,-0.364224,-0.384284,-0.349566,-0.139882,0.224445,-0.445847,0.043655,-0.144167,-0.119757,0.249847,-0.043831,-0.298934,0.396617,0.084677,0.020757,0.133357,0.000104,-0.316058,0.08932,0.060632,-0.321057,-0.263201,0.121028,-0.278506,0.52422,0.263501,0.108688,0.167889,0.007668,-0.075651,0.158659,-0.065638,-0.200138,0.344691,0.141896,0.101533,0.075392,0.204648,0.295845,0.098027,-0.365539,0.071081,#
17,-0.035784,0.003215,0.371266,-0.191717,0.210209,0.016369,0.00013,-0.27221,0.333928,0.414395,-0.173847,0.124359,0.287945,0.262214,-0.400164,-0.536448,-0.216701,1.0,0.117927,0.24368,0.294013,-0.123952,0.387701,0.096508,0.1718,-0.210949,0.297362,-0.148976,0.088461,0.107581,0.362105,0.009911,0.0,0.175458,-0.260433,0.154622,0.177771,-0.33556,0.291847,-0.325781,0.191509,0.27307,0.121493,0.069482,0.275058,-0.421791,0.041813,0.634687,-0.114001,-0.06335,0.077394,-0.322531,-0.307138,0.172205,-0.246326,-0.191652,-0.099553,-0.11643,0.014616,-0.005991,-0.155458,-0.045076,-0.230936,-0.383004,-0.238375,0.186234,0.303324,-0.098648,0.03797,0.410107,0.038126,-0.280582,-0.227511,0.268824,0.0814,-0.159314,0.172672,-0.427581,-0.072872,0.129694,-0.30634,0.030324,-0.073732,0.281317,0.277837,-0.218328,-0.167756,-0.032551,-0.133431,-0.034918,-0.129584,-0.180159,-0.371245,0.268829,0.120208,0.13875,0.099416,0.181264,-0.031159,0.016529,-0.186643,-0.133422,-0.296476,0.162677,-0.140813,0.144957,0.126629,0.060646,0.22947,0.135176,0.584804,0.187219,0.27542,-0.177473,0.203602,-0.417663,-0.131,-0.199138,0.529899,-0.21345,0.023456,0.261396,0.023862,-0.440299,-0.349636,0.418703,-0.296229,0.347629,-0.213473,0.044793,0.212781,0.41725,0.15055,0.216662,0.143454,-0.07092,-0.099144,0.27883,0.32251,-0.232303,0.162949,0.3081,-0.077571,-0.135013,-0.016214,-0.267128,0.325498,0.532376,-0.321975,0.535349,-0.028264,-0.001416,0.193906,-0.076078,0.193399,0.151493,0.030181,0.2957,0.106908,0.05164,0.488977,0.21001,-0.08205,0.621008,0.204864,-0.16294,0.09056,-0.23097,-0.210351,0.381522,-0.132329,0.092666,0.032124,-0.144759,-0.098357,0.29576,-0.031172,0.379991,0.327053,-0.320605,0.287004,-0.031428,-0.641173,-0.108611,-0.220977,-0.05462,0.200576,0.21181,-0.610861,0.241607,0.240961,-0.473148,-0.167374,-0.068976,-0.171615,-0.032065,-0.072873,0.030126,0.189697,-0.360324,#
18,0.138757,-0.106323,0.353125,-0.04131,-0.069009,-0.088407,0.376223,0.214181,0.333112,-0.145378,0.435406,-0.175752,0.145667,0.177187,0.110048,0.082139,-0.038992,0.117927,1.0,0.138585,-0.252121,0.379717,-0.071231,-0.226138,-0.640419,-0.138547,-0.102355,0.42031,0.224925,-0.370958,-0.035889,0.509106,0.0,-0.30206,0.088195,0.069015,0.235718,0.301222,-0.007563,-0.085406,-0.061554,0.021336,-0.09921,-0.046486,0.037273,-0.279672,0.279313,-0.154659,-0.396421,0.289886,-0.312017,0.272446,0.271734,0.297548,-0.435854,-0.032127,-0.07018,-0.095956,-0.006708,-0.160662,-0.106385,-0.007572,0.133663,-0.096889,0.108422,-0.077583,0.300848,-0.311366,-3.7e-05,-0.243513,0.029042,-0.069566,-0.210556,0.382837,-0.137931,-0.20819,0.454348,-0.491001,-0.308932,-0.12449,-0.051425,-0.04677,-0.271542,-0.138719,-0.10785,-0.081557,0.114506,0.077987,-0.292579,0.080472,0.176788,-0.109889,-0.111854,0.125923,-0.010648,0.211286,0.033193,-0.060573,-0.087271,-0.336126,-0.055898,-0.048041,-0.277394,0.049651,0.069254,0.159585,-0.031639,-0.023801,0.16905,-0.111957,0.003928,-0.019184,0.230389,0.203093,-0.016553,-0.391123,-0.044034,0.099571,0.2907,-0.185801,-0.056615,-0.076009,0.118864,0.04398,-0.088691,0.167175,-0.44957,0.047614,0.02233,-0.068571,0.361165,0.125687,-0.020989,-0.094177,0.312504,0.042035,0.232009,0.186904,-0.270362,-0.138719,0.036828,0.150835,-0.002261,-0.121067,-0.033305,0.239636,0.042371,0.139958,-0.182183,0.148473,0.270827,0.172633,0.094181,-0.00745,0.12122,-0.021784,0.105888,0.129112,0.03441,-0.044666,-0.019167,-0.210556,0.089652,0.049501,0.587381,0.143741,0.127686,0.114279,-0.11862,0.188912,-0.327175,0.324027,0.346105,0.063391,0.224996,0.078939,-0.303605,0.310831,0.009346,-0.055891,0.232969,0.182208,-0.218701,0.226972,-0.127463,0.273358,0.345059,-0.040477,0.066443,-0.186086,0.026086,-0.022308,-0.028806,0.081797,0.090325,0.242675,0.065508,-0.026026,0.15659,-0.033456,#
19,-0.115236,-0.087633,0.244157,-0.182109,-0.006086,-0.24051,0.028286,-0.216799,0.187593,0.201463,0.384567,-0.2871,-0.093499,-0.275421,-0.405468,-0.314901,-0.098382,0.24368,0.138585,1.0,0.083094,0.06768,0.138135,-0.026165,-0.159051,0.241928,-0.047853,0.155862,0.028761,0.129541,0.310391,-0.078268,0.0,0.07868,0.111579,0.056372,-0.144551,-0.063001,-0.146549,0.062812,-0.147785,-0.064346,-0.17151,-0.046306,0.011125,-0.443793,-0.23545,0.073133,-0.239951,-0.015511,0.155789,-0.056872,-0.213981,0.294617,0.012388,-0.036021,-0.00295,-0.071551,0.261325,0.207257,0.099904,-0.198669,0.024823,-0.184854,-0.034518,0.211108,0.614368,0.006885,-0.125489,0.211488,-0.02939,-0.01424,-0.101463,0.24337,0.06334,0.201738,0.021538,-0.213982,0.017159,0.154969,-0.016053,0.089099,-0.270425,0.282576,0.155741,-0.121838,-0.101426,0.10385,0.285765,-0.026795,-0.23927,-0.070467,-0.267278,-0.02586,-0.08773,0.450699,0.016764,-0.235182,-0.125129,0.106384,-0.110599,-0.340796,-0.214483,0.344572,-0.097777,0.068606,-0.041585,0.241475,0.069448,0.560405,0.603371,-0.146547,0.057182,-0.150778,0.115507,-0.033453,0.29189,0.040699,0.297128,0.038688,-0.08773,0.167334,0.019108,0.046764,-0.410764,0.410392,0.011593,0.184639,0.227208,0.011604,0.131122,0.120754,0.014351,0.107764,0.311447,0.019227,-0.146547,0.021722,-0.126049,0.069856,0.344099,0.181783,0.072675,0.152272,0.118236,0.153711,0.349228,0.19207,0.324061,0.304338,0.040655,0.099765,0.206745,-0.023365,-0.042032,0.157782,-0.239621,0.070996,0.266635,-0.076118,-0.024364,-0.101463,-0.197412,0.370034,0.142099,-0.073412,0.024656,-0.091415,0.108693,0.072675,0.07892,-0.320304,0.115297,0.146223,-0.136812,0.19937,-0.146302,0.179301,0.124594,0.252549,0.214776,0.039094,-0.400403,0.315217,-0.232184,0.418109,0.07074,0.001999,-0.324593,0.314548,0.07685,-0.18231,-0.15192,-0.185681,-0.314978,0.068405,0.051501,0.436329,0.075545,-0.083721,#
20,-0.237802,0.030698,-0.182747,-0.003892,0.273606,0.201431,-0.102165,-0.231885,-0.256394,0.205219,-0.34536,-0.147157,-0.128446,0.031761,-0.377662,-0.242572,-0.183009,0.294013,-0.252121,0.083094,1.0,-0.471637,0.283706,-0.169015,0.048728,-0.081133,0.010091,-0.033328,0.015968,0.307047,0.149204,-0.039279,0.0,0.0506,0.101244,0.009109,-0.032686,-0.187624,0.000832,-0.049482,0.183195,0.06701,0.082371,0.236847,-0.093026,-0.146856,-0.241185,0.333587,0.16589,-0.292495,0.049189,-0.304278,0.116595,-0.114257,-0.122651,-0.16746,0.300234,-0.346265,0.228154,0.236868,0.134552,-0.047904,-0.100046,-0.275612,-0.479017,0.131102,-0.011144,0.293989,0.18892,0.061412,0.181582,-0.037009,-0.211016,0.0756,0.196301,-0.274126,0.297364,0.025769,-0.088477,0.075606,-0.025637,0.008466,-0.09811,0.073518,0.016208,0.070574,-0.162674,0.43753,0.08546,0.230353,-0.435547,-0.100042,-0.32548,-0.019575,-0.00186,-0.250327,0.084873,-0.171953,0.266443,0.418628,-0.213077,-0.006924,0.008863,-0.104146,0.000567,-0.226285,-0.043605,-0.021282,0.155936,-0.409299,0.317056,0.270274,-0.130344,-0.441937,0.152799,0.008831,0.229224,-0.077153,0.157077,-0.200284,0.191932,0.192023,0.1262,-0.127274,-0.155299,0.329334,-0.062464,0.247973,-0.004881,-0.000863,-0.362434,0.152804,-0.337775,0.278622,-0.198153,-0.083184,-0.304777,0.079523,-0.073907,0.240976,-0.098243,0.119677,-0.016409,-0.262985,-0.01564,0.02716,0.219973,0.38628,-0.020679,0.139341,-0.359325,-0.031512,-0.098014,-0.017646,-0.195255,0.29485,-0.046946,0.009973,0.087898,0.114848,0.017348,0.220306,0.051136,0.233243,-0.065113,0.087659,0.249071,-0.116399,-0.266264,0.427251,0.011447,-0.0434,-0.116785,-0.181564,0.149795,0.022416,0.293744,-0.044762,0.113535,0.030582,0.225565,-0.308252,-0.23807,-0.039541,0.187246,-0.365967,0.19324,-0.250321,-0.222643,0.091854,0.072245,-0.229449,-0.086976,-0.243868,-0.225092,0.228423,0.009533,0.002745,-0.237646,0.131208,#
