0,1.0,0.200997,0.059723,-0.090642,0.306418,0.035162,0.18811,-0.06005,0.128156,0.132684,-0.091163,0.193236,0.30805,0.186065,-0.262439,-0.123634,0.062573,0.040954,0.073362,-0.33665,-0.380854,-0.258481,0.265344,-0.235882,-0.107155,-0.311291,-0.381728,0.001059,0.095976,0.214754,-0.25033,-0.114588,-0.201702,-0.364924,-0.263013,-0.009416,-0.030996,0.207541,-0.030396,-0.071626,0.134809,0.138802,-0.071322,0.032143,-0.112311,-0.334163,0.336003,0.272176,-0.161756,0.408452,0.194393,0.149283,0.206518,-0.058016,-0.03903,0.152415,0.046287,-0.038657,-0.15679,0.013859,0.170097,0.211399,0.224386,-0.308346,0.002646,0.294437,-0.000971,0.077814,0.124871,-0.166792,0.27483,-0.047096,-0.148741,-0.189589,-0.34774,0.357214,-0.123509,-0.199923,0.025264,0.091841,-0.331088,-0.138013,-0.167134,0.363127,-0.312649,-0.099298,-0.203503,-0.129694,0.041015,-0.319468,-0.314684,-0.038573,-0.189665,0.122313,0.041274,-0.257531,-0.143779,-0.06253,0.171993,-0.242065,0.019173,-0.359779,0.078643,-0.099592,-0.230046,0.017767,0.045082,0.021819,-0.427854,0.0558,0.225308,0.022887,0.02459,-0.357802,-0.395705,-0.407735,-0.11213,-0.041325,0.231044,-0.409149,-0.040377,-0.26525,-0.359014,-0.300347,-0.285393,-0.109636,-0.39514,-0.081794,0.099124,-0.189342,-0.250127,0.079519,-0.006001,0.229824,-0.242,-0.404542,0.122277,-0.20743,-0.175012,-0.25221,-0.110533,-0.103182,-0.208942,-0.014316,-0.051474,-0.093674,-0.469054,0.246605,-0.146383,0.001286,-0.315579,-0.322651,-0.281082,-0.10595,-0.446386,-0.02416,0.235178,0.270484,-0.268708,-0.075536,-0.074681,0.072742,-0.341958,-0.1208,0.107322,-0.179985,0.229337,0.038624,-0.02149,-0.289712,-0.050726,0.067194,-0.153369,-0.09634,0.11885,-0.110914,0.086435,0.157937,0.303408,-0.295014,0.006987,0.181336,-0.298949,-0.10905,0.37416,0.071538,0.111132,0.200027,-0.172934,0.316335,0.003287,-0.240084,0.260649,0.372883,-0.125737,0.219488,0.20995,-0.224754,-0.313538,0.040052,#
1,0.200997,1.0,0.165201,-0.040562,0.034127,-0.183869,0.157983,0.186963,0.12876,0.402984,-0.146653,0.285752,0.106398,-0.017613,0.020119,0.007153,-0.163196,0.320187,0.179048,-0.007177,-0.091261,0.197375,0.050384,0.038616,-0.200018,0.094977,0.195964,0.025899,0.05826,0.361923,-0.420652,0.333938,0.095701,0.069941,-0.195543,-0.141685,0.21444,-0.064366,-0.275142,-0.314411,-0.095916,0.418964,0.166174,-0.103005,-0.17526,-0.611096,0.369207,0.374378,0.073827,0.399809,0.118276,-0.171518,-0.021942,0.046968,-0.001342,0.077191,-0.40997,-0.401154,-0.090293,0.065458,-0.150544,0.284029,-0.167866,0.058482,0.067997,-0.148216,0.154864,0.127974,-0.077708,-0.166069,0.014962,-0.133417,0.050069,0.005073,-0.347579,0.17403,-0.380472,-0.278423,-0.291063,-0.363994,-0.079086,-0.273197,-0.243435,0.266912,-0.505159,-0.009551,-0.133806,0.160424,-0.076806,-0.1186,0.294199,-0.189761,-0.27005,0.158912,-0.262212,0.267128,0.134845,-0.158528,-0.116438,-0.193268,-0.027266,-0.391507,-0.572032,0.001876,-0.682673,-0.209439,-0.349628,-0.331016,-0.384887,-0.229823,0.182677,0.243097,0.0543,-0.225289,-0.150317,-0.127909,-0.057997,-0.302176,0.248783,-0.240836,-0.267434,0.11332,-0.326602,-0.452484,-0.01166,-0.208418,-0.27653,-0.138734,-0.084627,-0.037703,-0.207808,-0.185169,0.060489,0.325243,-0.168432,0.056641,-0.220248,-0.128816,0.016475,-0.258477,0.003938,0.10868,-0.226604,-0.063166,-0.203165,-0.316189,-0.200333,0.250958,-0.306746,-0.077421,-0.324183,-0.309978,-0.14889,0.008576,-0.253883,-0.034469,0.166638,0.274021,-0.066314,0.084807,-0.083024,0.03585,-0.005939,0.119371,0.179873,0.426272,0.133591,0.122022,-0.237783,-0.004742,-0.318286,-0.001476,-0.206064,-0.1998,0.247797,0.110987,-0.161479,0.03742,0.068748,-0.295933,0.202288,-0.025348,-0.158447,-0.083664,-0.057351,-0.057111,0.039032,-0.034963,-0.260575,0.254458,-0.230678,0.236038,0.139956,0.042089,-0.157784,-0.013177,0.248302,-0.207466,0.038531,-0.076758,#
2,0.059723,0.165201,1.0,0.360574,0.31827,-0.311012,0.059931,-0.119068,-0.066108,0.320092,-0.227859,-0.106698,-0.032963,-0.29283,-0.411494,-0.300618,0.226511,0.073617,-0.062744,-0.316846,-0.026465,-0.07054,-0.169475,0.124162,-0.159722,-0.144991,-0.004133,-0.457521,-0.400556,0.210705,-0.069998,-0.025696,-0.202,0.150605,-0.267508,-0.270583,0.146305,-0.158021,0.115129,-0.053053,-0.026274,-0.050909,0.09315,-0.103296,0.098229,-0.021154,-0.118243,0.261861,-0.039123,0.119425,0.037846,0.140951,0.023412,0.230794,-0.017698,-0.350704,-0.246537,0.043929,0.021268,-0.035571,-0.123332,-0.160385,-0.486227,-0.175657,-0.082079,-0.002469,-0.193808,-0.198086,-0.048707,0.13613,0.091322,0.11622,0.099865,0.14775,-0.215812,0.192664,-0.158805,-0.212034,-0.152133,0.296762,0.177134,0.030048,-0.131462,0.175493,0.041221,-0.252778,-0.196625,0.103276,0.008307,-0.14697,-0.265377,-0.231059,0.129498,-0.031209,-0.506623,-0.036228,0.024641,0.131014,0.194361,0.100665,-0.09199,-0.151565,0.096991,0.094227,-0.276378,-0.320154,0.078593,-0.100885,-0.099124,0.227806,0.110851,0.258133,0.022825,-0.177755,-0.025225,0.146443,0.076757,-0.378705,0.130202,-0.090473,-0.370269,0.100915,0.244975,-0.212008,-0.068355,0.126346,-0.399633,0.083615,0.077676,0.380841,0.076757,0.082521,-0.156511,0.025167,0.150499,-0.203654,0.432779,0.117686,-0.207947,-0.295729,0.065996,0.480835,0.029889,-0.299791,-0.023259,0.215362,-0.129759,0.261181,-0.333776,0.031333,-0.517882,0.347004,0.068602,-0.095344,-0.254807,-0.142153,-0.066171,0.162161,0.107957,-0.248601,0.269261,0.074066,0.278904,0.104883,0.162018,0.039767,-0.196663,-0.486847,0.029867,0.078887,-0.075229,0.025283,0.010863,-0.076679,-0.19766,-0.08065,-0.098022,-0.016683,-0.354886,0.291021,-0.089254,0.068306,0.076453,-0.129929,-0.289769,0.122767,0.020904,-0.295745,-0.159197,-0.021848,0.227576,-0.042552,0.093173,0.067807,0.021165,-0.343805,-0.123262,0.38812,0.090861,0.01418,#
3,-0.090642,-0.040562,0.360574,1.0,0.322254,-0.326883,-0.079556,-0.405321,-0.039537,0.212079,0.462598,-0.185617,-0.015236,-0.3317,-0.15454,-0.138475,0.208075,-0.073315,0.094194,-0.00139,0.046036,-0.152185,-0.032137,0.145546,-0.032724,0.06452,0.033285,-0.372184,-0.150765,-0.162823,0.270656,-0.14631,0.161275,-0.036111,-0.157727,-0.409369,-0.310572,-0.022083,-0.159951,0.24615,0.19553,-0.2973,-0.041925,-0.034287,0.253726,-0.001925,-0.290819,-0.123548,0.217998,-0.073913,-0.202731,0.275093,-0.192826,0.321901,0.169228,-0.066615,-0.217211,0.108552,0.105929,-0.224723,-0.144243,0.056519,-0.258514,-0.258884,-0.184511,-0.289665,0.025401,-0.222751,-0.345445,0.45418,-0.152188,0.298537,0.284024,0.300939,0.190431,-0.012167,-0.155402,-0.228271,0.306322,0.284251,0.042293,0.160353,0.177852,-0.0704,0.066574,-0.082002,0.095402,0.245704,-0.15376,0.156184,0.074868,-0.016545,-0.021527,-0.180359,-0.060816,0.314051,0.377415,0.270002,-0.028117,0.32388,0.03885,-0.268295,0.477375,0.015644,-0.097057,-0.053195,0.064791,-0.002487,0.101256,0.361315,0.063514,-0.131791,0.170466,-0.090377,-0.107555,-0.016032,0.348451,0.010643,0.156755,0.117787,0.184687,0.081756,0.332589,-0.110461,0.064527,0.074868,-0.239554,0.135467,0.18943,0.152121,0.333443,0.016641,-0.345025,-0.223064,0.216983,0.389915,0.147158,-0.020888,-0.201013,0.239881,0.099614,0.322269,0.253441,-0.249317,-0.078282,0.255315,0.091737,-0.233029,-0.097731,0.245848,-0.049971,0.453561,0.10041,0.025355,0.250307,-0.063743,-0.263535,-0.188497,0.501988,-0.176481,-0.162702,0.105569,-0.030885,-0.165325,-0.380639,0.280872,0.032849,-0.174746,0.041858,0.027283,-0.187389,-0.131986,-0.068714,0.07606,-0.202527,-0.030141,0.004097,-0.059497,-0.257979,0.61638,-0.620427,0.260945,0.092095,0.002218,-0.027943,-0.18319,-0.092512,-0.213713,0.080388,-0.378645,0.202727,0.060026,-0.236905,-0.044173,-0.106606,-0.464185,-0.172902,0.154162,-0.361266,0.028967,#
4,0.306418,0.034127,0.31827,0.322254,1.0,-0.176061,0.15624,-0.096388,-0.062753,0.286829,0.096019,0.092548,0.112715,-0.026013,-0.065987,-0.384936,0.347259,-0.081493,-0.30297,-0.27287,-0.273019,0.107383,0.095551,0.10678,-0.409358,0.10888,-0.067875,-0.183642,-0.042128,0.354856,0.092879,0.073569,-0.305582,-0.058687,-0.500867,-0.163477,-0.205658,-0.130822,0.247374,0.09451,-0.04485,0.037388,-0.140828,-0.215074,-0.110971,0.051462,0.00362,0.330313,-0.150161,0.032259,0.21178,-0.28351,-0.016867,0.053639,0.21848,-0.339835,-0.323968,0.261865,-0.491471,-0.261923,0.027358,0.151804,0.044857,-0.184572,0.088817,0.180141,-0.024411,0.176291,0.014998,-0.199649,0.025724,-0.36301,0.30845,-0.465822,-0.437767,0.416704,-0.528848,-0.503282,-0.266093,0.035251,-0.402596,-0.171382,-0.29586,0.013963,-0.288608,-0.387026,-0.42179,-0.261886,-0.243603,-0.338722,-0.172649,-0.108089,-0.210378,-0.067627,-0.308417,-0.281914,-0.117125,0.323952,0.170757,-0.10241,0.116408,-0.267313,0.199505,-0.128578,-0.384821,-0.455462,0.023815,-0.13764,-0.238206,0.230298,0.06179,-0.098498,-0.338192,-0.283569,-0.170008,-0.062662,0.093373,-0.408898,-0.132829,-0.068433,-0.212331,-0.333309,-0.080712,-0.091297,0.08114,-0.121683,-0.523823,-0.267207,-0.4173,0.055296,-0.237088,-0.110322,-0.303914,-0.126309,0.06491,-0.359099,0.280732,-0.402173,-0.089403,-0.185094,-0.045327,0.366142,0.158766,-0.2762,-0.392719,-0.305269,-0.234276,0.245987,-0.387914,0.123108,-0.310599,-0.104759,-0.214282,-0.288085,-0.350256,-0.126866,0.112494,0.060578,-0.159209,-0.299932,0.103273,-0.195028,0.055233,-0.17128,-0.089901,0.280663,-0.037951,-0.09093,0.172806,-0.278463,0.196733,-0.444677,-0.45878,-0.321154,-0.009606,-0.302762,-0.303953,-0.121461,-0.089444,-0.05333,-0.106433,-0.139092,0.138047,0.183829,0.083635,0.181113,0.235415,-0.188008,0.124267,0.15652,0.201463,0.38866,0.271021,0.353677,0.214387,-0.120194,0.032951,-0.181824,-0.442754,0.298703,#
5,0.035162,-0.183869,-0.311012,-0.326883,-0.176061,1.0,0.086612,0.163257,0.002197,-0.124009,0.121716,-0.01173,-0.291592,0.401243,0.452359,0.058489,-0.055452,-0.28754,-0.082947,-0.062991,0.032257,-0.034304,-0.037378,-0.2887,0.090875,-0.127791,0.040281,0.144629,0.166276,0.045038,0.256187,0.281511,-0.004206,-0.309837,-0.174289,-0.037035,-0.219407,0.290327,0.137316,-0.033192,-0.285222,0.12825,-0.084396,0.359576,-0.100284,-0.032739,-0.130028,-0.193599,0.083781,0.237492,-0.02116,0.051311,0.396864,-0.214006,-0.034228,0.273356,0.123995,0.129087,-0.068424,0.418132,0.281684,0.23868,0.060159,0.257045,0.225189,0.107349,-0.160766,0.325398,-0.286047,0.184501,-0.036068,-0.062732,0.143234,-0.065345,-0.126061,0.008017,0.340941,0.350207,-0.133112,-0.036342,-0.133599,0.099916,-0.052306,0.108186,-0.114426,0.046742,-0.032335,-0.373289,0.037151,-0.187708,-0.025329,0.039911,0.014968,-0.087968,0.290063,0.100811,-0.072486,-0.218192,-0.025218,-0.168937,-0.337066,0.115929,-0.048594,-0.199559,0.208467,0.263299,-0.012285,-0.086756,-0.117979,-0.360687,0.131775,0.196598,-0.205891,-0.052281,-0.19442,-0.287104,0.023511,0.050002,-0.221823,-0.106036,0.016054,0.129586,-0.115574,0.144096,-0.38933,0.145331,0.193264,0.25494,-0.215215,-0.22449,0.18212,-0.194853,-0.115077,0.222831,-0.136272,-0.147294,-0.015345,-0.136467,-0.01502,-0.030119,0.170731,-0.366086,-0.538557,-0.134177,0.145999,-0.025981,0.014766,0.002285,0.604667,-0.139562,0.094363,-0.130843,0.169877,0.253093,-0.200608,-0.049626,0.062536,0.086447,-0.369754,0.117636,-0.272191,-0.148302,-0.056372,-6.2e-05,0.050683,-0.270973,0.199983,0.165091,0.193526,-0.191808,0.305682,-0.241547,0.100498,0.28316,0.234916,0.27676,0.097481,-0.016023,0.296834,-0.291638,0.284712,0.154855,0.031419,0.130297,-0.012235,-0.124712,0.004758,0.100827,0.142789,0.388117,0.123554,-0.219911,0.069957,-0.306066,0.035677,0.14138,-0.003727,-0.19085,0.159336,0.186447,#
6,0.18811,0.157983,0.059931,-0.079556,0.15624,0.086612,1.0,0.342299,0.479973,-0.073921,0.124719,0.168743,0.213187,-0.075284,0.142572,-0.099467,-0.378108,-0.08472,-0.146791,0.091814,0.041129,0.369989,0.282212,-0.454759,-0.046735,0.037998,0.206768,-0.453319,0.150308,0.399518,-0.333297,0.018562,-0.00687,-0.114073,-0.029784,-0.042391,0.139992,-0.389058,-0.081826,0.286533,0.018833,0.123334,-0.294251,-0.14741,-0.080487,0.00918,-0.07391,0.374238,0.118043,0.26208,0.380271,-0.116462,0.228694,-0.099074,0.13218,0.21964,0.201341,0.042935,0.213934,0.21983,0.228712,0.234568,-0.350513,0.06351,0.2272,0.052404,-0.179132,-0.026268,0.002948,-0.237435,0.291244,-0.368338,0.129962,-0.197629,-0.618418,0.349185,-0.284755,-0.302263,-0.495275,-0.199961,-0.269846,-0.375606,-0.217616,-0.395493,-0.467574,-0.105423,-0.186252,0.110892,-0.441641,-0.199715,-0.210572,-0.466055,-0.288418,0.056705,-0.544539,-0.062443,-0.049338,-0.379919,-0.049023,-0.267887,-0.301816,-0.213522,-0.225759,-0.19044,-0.279893,-0.076049,0.192743,-0.013864,-0.435921,-0.034218,0.306124,0.191422,-0.372362,-0.554899,0.111503,-0.285584,-0.147032,0.034773,0.123285,-0.442276,-0.146199,-0.363937,0.069494,-0.533166,-0.187282,-0.028081,-0.30599,-0.146257,-0.327381,-0.216182,-0.279657,-0.225484,-0.12551,-0.126875,-0.118598,-0.131089,0.015647,0.031001,0.143795,-0.547403,-0.341208,-0.02554,-0.160137,-0.274384,-0.217565,-0.324838,-0.328044,0.718005,0.06116,-0.294265,-0.143113,-0.519119,-0.314483,-0.064352,-0.198456,-0.049393,0.057554,0.229772,-0.027691,-0.249217,0.237395,-0.166208,-0.268172,-0.179655,0.047669,0.196725,-0.015918,0.033576,0.001138,-0.04067,-0.021021,-0.325646,-0.050406,-0.050112,0.384458,-0.315425,-0.225779,0.590211,0.441495,-0.411908,0.301307,0.553281,-0.142615,-0.174028,0.469601,0.005808,-0.17351,-0.178772,-0.16998,0.546528,0.300532,-0.059099,0.368315,0.020888,-0.131491,0.283861,0.461005,-0.359321,-0.201266,0.024878,#
7,-0.06005,0.186963,-0.119068,-0.405321,-0.096388,0.163257,0.342299,1.0,0.003633,-0.181504,-0.285157,0.122697,-0.001097,0.008037,0.212189,-0.157366,-0.174175,0.000695,-0.077177,0.022661,0.296712,0.524306,-0.100118,0.066833,-0.189951,0.307399,0.483831,0.117833,-0.332285,-0.090145,-0.274776,0.52478,0.027412,0.06323,-0.076615,0.015,0.156738,-0.278961,0.178853,-0.135134,-0.041747,0.132226,0.214322,-0.053134,-0.227452,0.053207,0.086321,0.202946,-0.174926,-0.058247,0.230246,-0.187297,0.302754,-0.349211,-0.099943,0.177265,0.334794,-0.103651,-0.015586,0.332642,-0.220331,0.283149,-0.022561,0.405463,0.206739,0.255581,-0.173113,0.110885,-0.098427,-0.413041,0.359737,0.023067,-0.246307,0.029899,-0.202886,-0.200507,0.100285,0.229991,-0.197141,0.076877,0.094009,0.045115,0.040831,-0.052013,0.013878,0.300621,0.185363,0.17455,0.089213,0.213269,0.070089,0.119105,0.221774,-0.016989,0.029789,0.316495,-0.188775,0.167215,-0.12354,-0.11072,-0.151533,0.041144,-0.126755,0.149994,-0.226287,0.02528,-0.067339,-0.242307,0.106189,-0.195802,0.079908,0.112217,-0.133725,-0.04706,0.342836,-0.028647,-0.060925,0.312061,-0.131155,-0.21671,-0.040028,-0.083359,0.026306,0.112508,-0.134946,0.093875,0.213086,-0.347642,-0.000124,0.159223,-0.054293,-0.164492,0.176441,-0.167643,0.314471,0.069169,0.050744,0.0839,0.242736,-0.279514,-0.125991,-0.279534,-0.1181,0.21902,0.124057,-0.09255,0.035864,0.13946,0.010748,0.084021,0.02642,-0.183872,0.225569,-0.003752,0.254879,0.053018,0.025589,-0.097531,-0.25224,0.131009,0.238312,-0.127042,0.097564,0.089085,0.332763,-0.026642,0.023679,0.063928,0.077594,0.183749,-0.099173,-0.241274,-0.016153,0.075353,-0.020818,0.062222,-0.007818,-0.076388,-0.079122,-0.681417,0.063096,-0.168121,0.04428,-0.080242,-0.161975,-0.124995,-0.1029,0.058479,-0.001903,0.152672,0.38723,0.18284,-0.034576,-0.407814,0.194725,0.034502,-0.207914,-0.051536,0.086814,-0.105658,#
8,0.128156,0.12876,-0.066108,-0.039537,-0.062753,0.002197,0.479973,0.003633,1.0,0.18031,0.11976,0.156642,0.219582,0.018148,0.311216,-0.211756,-0.636971,0.113668,0.169935,-0.096473,-0.044902,0.050807,0.436175,-0.249535,0.234046,-0.177102,0.105315,0.103574,0.464448,0.315092,-0.2183,0.00898,0.31398,-0.044329,-0.201317,0.087407,0.1487,-0.224408,-0.237353,0.117468,0.004707,-0.125248,-0.29711,0.016702,0.092539,-0.237676,0.24786,0.230405,0.24139,0.379517,-0.161819,-0.057862,0.14359,0.06309,0.304448,0.003104,0.235375,-0.144617,0.449808,-0.065803,0.006303,0.225008,-0.143153,0.002738,-0.1525,-0.03446,0.133595,-0.164366,0.095251,-0.089025,0.20244,-0.261098,0.14235,-0.018278,-0.275862,0.038686,-0.21963,-0.297849,-0.265573,-0.380286,-0.068225,-0.355535,-0.323316,-0.230278,-0.284102,0.05947,-0.023986,0.018744,-0.472406,0.007026,-0.076647,-0.073175,-0.553922,0.415471,-0.218186,0.196224,0.016124,-0.331957,0.36882,-0.223758,-0.335332,-0.246731,-0.139115,-0.184324,-0.027919,-0.107105,-0.229712,0.134588,-0.237907,0.054117,0.227112,0.250801,-0.176878,-0.316985,0.010345,-0.526524,-0.095192,0.059706,0.323813,-0.272374,-0.181011,-0.431863,0.291931,-0.521837,-0.123662,-0.03816,-0.12139,-0.100838,-0.077939,-0.32674,-0.075786,-0.154817,0.04251,0.157078,-0.078939,0.100422,-0.300732,0.099838,0.329557,-0.168549,-0.233379,0.001763,-0.374294,-0.424308,-0.254738,-0.02555,0.078323,0.239381,0.076317,-0.069666,0.029563,-0.310795,-0.247015,-0.151541,-0.004312,-0.078778,0.319358,0.481984,-0.000665,-0.037818,0.151651,-0.125821,0.023144,-0.029064,0.029556,0.158696,-0.059181,-0.00377,-0.021579,0.035688,-0.214483,0.180256,0.033822,-0.397907,0.48269,-0.385242,-0.310875,0.352646,0.218188,-0.295113,0.26855,0.417698,-0.234243,-0.137529,0.233882,0.040364,-0.281087,-0.202826,-0.230353,0.148224,0.161244,-0.115656,0.231911,-0.097027,-0.234641,0.053045,0.373664,-0.233869,0.061291,0.015024,#
9,0.132684,0.402984,0.320092,0.212079,0.286829,-0.124009,-0.073921,-0.181504,0.18031,1.0,-0.026977,-0.130047,0.348987,0.060227,0.138028,-0.129346,-0.259693,0.380813,0.068087,-0.078108,-0.12871,-0.041167,0.355772,0.127085,-0.078293,0.011005,-0.214964,0.024529,-0.027435,0.113814,-0.159571,0.395031,0.075468,0.186651,-0.506121,-0.183373,0.218317,-0.192276,0.052697,-0.192406,0.008849,0.448212,0.194886,0.098853,0.179715,-0.330722,0.278767,0.540042,0.160121,0.302625,-0.154943,0.075525,0.094282,0.096606,-0.166162,-0.20399,-0.129228,0.030898,-0.208653,-0.08442,0.151328,0.236291,-0.387085,-0.011498,0.175832,0.003608,0.108647,0.251688,0.131149,-0.147667,0.201444,-0.078963,0.049818,0.081506,-0.126286,0.238558,-0.30032,-0.508597,-0.065343,-0.13034,0.001623,-0.052258,-0.177878,0.03188,-0.280912,0.048634,-0.378267,-0.061068,-0.31454,-0.207464,-0.006543,0.032385,-0.330888,0.234771,-0.208663,0.217027,0.225566,-0.081518,0.294195,-0.443049,0.047486,-0.286108,-0.158376,-0.079917,-0.280283,-0.101626,-0.307525,-0.278045,-0.314532,-0.124427,0.447602,-0.01192,-0.035083,-0.281971,-0.226601,-0.030307,-0.153284,-0.413612,0.391355,-0.335448,-0.013573,-0.021763,0.097681,-0.278199,-0.032066,0.027787,-0.507741,-0.200148,-0.167364,0.06214,0.195055,-0.250978,0.098956,0.684473,0.051473,0.152376,0.040046,-0.190148,0.283522,-0.212911,0.124843,0.181083,-0.086356,-0.4268,-0.170149,0.0734,-0.090718,0.214717,-0.423628,0.162152,-0.691369,0.15092,0.122835,-0.070686,-0.195261,0.232897,0.388599,0.450394,-0.184981,0.018117,-0.341548,-0.034322,-0.015876,0.190487,0.226677,0.517889,-0.269377,-0.234306,-0.097607,-0.071008,0.074644,0.221241,-0.104784,-0.334041,0.173325,-0.06661,-0.074091,-0.205278,-0.177321,-0.016271,-0.106681,0.030085,-0.400437,0.137478,-0.249994,-0.066445,0.153359,-0.269439,-0.346643,0.18141,0.004388,-0.000766,-0.118214,-0.021383,6.8e-05,-0.431948,0.148908,0.03445,0.201483,-0.106276,#
10,-0.091163,-0.146653,-0.227859,0.462598,0.096019,0.121716,0.124719,-0.285157,0.11976,-0.026977,1.0,-0.177583,-0.072588,0.118619,0.356833,-0.057862,-0.11719,-0.318295,-0.135707,0.012016,-0.103825,-0.096488,0.085726,-0.074102,0.180936,0.264494,0.141472,-0.104053,0.405771,-0.106038,0.246228,-0.224375,0.045706,-0.099123,0.068209,-0.199784,-0.293342,-0.115599,0.160632,0.364513,-0.243175,-0.147053,-0.1596,0.213278,0.352637,-0.080187,-0.300558,-0.129293,0.256713,-0.199205,-0.118366,0.208552,0.060934,0.232316,0.297806,0.396847,0.087374,-0.038501,0.157072,0.113162,0.26394,0.21145,-0.07787,-0.000742,-0.009459,-0.145347,0.052879,-0.196857,-0.496852,0.213058,-0.125717,0.066807,0.396673,0.185841,-0.037172,0.147692,-0.069547,0.093921,-0.022132,-0.072545,-0.379091,0.046597,0.207773,-0.33047,-0.19168,-0.220788,0.198265,0.167383,-0.215925,-0.122331,-0.107432,-0.184624,-0.064623,-0.179183,0.039324,0.144836,-0.012593,-0.121314,-0.267154,0.096238,0.102097,0.157089,0.265144,-0.288895,-0.032786,0.143744,-0.035813,-0.056122,-0.030576,0.202038,-0.142538,-0.046337,-0.127945,-0.007855,-0.285322,-0.069978,0.135675,-0.027354,-0.059344,0.12098,0.396713,-0.089536,0.178404,0.034418,0.264129,0.080141,-0.074546,0.255488,-0.170554,-0.160382,0.132386,-0.146559,-0.543461,-0.09699,-0.185069,0.24014,0.045706,-0.243957,0.120464,0.063804,-0.28189,0.095469,0.072021,-0.255719,-0.085565,-0.075521,-0.094056,-0.310308,0.540143,-0.061495,0.214883,0.031652,-0.268291,0.000397,0.231182,-0.02178,-0.196,-0.017832,0.24145,-0.026955,-0.252281,-0.283154,-0.225417,-0.445193,-0.517071,-0.036045,0.235978,0.238254,0.248206,-0.311767,0.050987,-0.448072,-0.182813,0.081424,0.281809,0.009998,-0.156272,0.059897,0.222267,0.089177,-0.160331,0.456458,0.076834,0.240049,0.043375,-0.130939,0.070932,-0.436534,0.225678,-0.043847,-0.089248,0.159955,-0.015324,-0.100304,-0.051451,-0.159367,0.078144,-0.065755,-0.350344,0.032554,#
11,0.193236,0.285752,-0.106698,-0.185617,0.092548,-0.01173,0.168743,0.122697,0.156642,-0.130047,-0.177583,1.0,-0.126145,-0.373767,0.009669,0.333746,0.112472,-0.257688,-0.193656,-0.255839,-0.342976,0.176488,-0.30361,-0.028778,0.061851,0.12231,-0.123652,-0.07054,0.190962,0.536394,-0.410989,0.17708,-0.181642,-0.175009,0.197207,0.01989,-0.491195,0.119136,-0.172394,0.362761,-0.145583,-0.057623,-0.367986,-0.311338,-0.086501,0.032983,-0.153564,-0.211464,-0.297832,0.325722,-0.329679,-0.361703,0.088759,0.137787,0.348152,0.039701,-0.046795,-0.188532,-0.05615,0.187773,-0.344536,-0.127607,0.130291,0.221462,0.26832,-0.351687,-0.198754,-0.232918,-0.172982,-0.318332,0.093644,-0.210059,0.137202,-0.340192,-0.332376,-0.204052,-0.297465,-0.011888,-0.263903,-0.004081,-0.125028,-0.450956,-0.452087,0.043431,-0.268628,-0.021846,0.018735,-0.422339,-0.115404,-0.274017,0.012814,-0.149513,-0.213319,-0.307696,-0.075146,-0.044222,0.051621,-0.347886,-0.081757,0.162575,-0.116075,-0.28135,-0.204532,-0.080143,-0.22567,-0.277713,0.214056,0.072264,-0.22758,0.043048,-0.352001,0.268536,-0.454131,0.020692,-0.351652,-0.502723,-0.031149,0.046535,-0.431474,0.143035,-0.323021,-0.178698,-0.453948,-0.013135,-0.086113,-0.178952,0.164196,-0.440155,-0.361932,0.028003,-0.394728,-0.243982,-0.056464,-0.127645,-0.334483,-0.193713,-0.181642,-0.380644,-0.293661,-0.194322,0.082532,0.186486,-0.147575,-0.051069,-0.52868,-0.470793,-0.105188,-0.015599,-0.237194,-0.1134,0.047479,-0.420086,-0.105188,-0.057716,-0.393965,-0.276559,-0.290536,-0.065332,-0.189087,0.168763,0.041923,-0.08014,0.056937,-0.376705,-0.129515,-0.051593,-0.005918,0.228301,0.067395,-0.245535,0.193827,-0.057482,-0.152795,0.008038,0.454163,-0.387708,-0.424193,0.098372,-0.081689,-0.183207,0.364869,-0.03871,0.485442,0.183592,0.290254,0.173331,0.26876,0.171585,0.159771,0.071725,0.101619,0.212204,0.177879,0.150591,-0.30426,0.495581,0.005138,-0.117979,-0.203254,-0.146379,#
12,0.30805,0.106398,-0.032963,-0.015236,0.112715,-0.291592,0.213187,-0.001097,0.219582,0.348987,-0.072588,-0.126145,1.0,0.02764,0.111922,-0.12861,-0.276393,0.166917,-0.064721,0.388814,-0.247302,0.223727,0.467659,-0.177771,-0.260505,-0.121281,-0.038203,-0.094375,0.168222,-0.079321,-0.411899,0.032652,0.073211,0.017238,0.015645,-0.103958,0.273383,-0.206045,0.019693,-0.243731,0.335273,0.478114,-0.191564,-0.143155,-0.013644,0.032068,0.464001,0.483769,0.130154,0.136711,0.207661,0.029439,0.128583,-0.10451,-0.173605,0.179255,0.322967,0.034774,-0.021888,-0.1502,0.156168,0.222534,-0.054186,-0.045286,0.011027,0.214568,0.289697,0.078878,0.35657,-0.238935,0.407956,-0.08836,-0.010755,-0.058895,-0.107922,0.212819,0.029124,-0.511368,0.094005,-0.166154,-0.120468,-0.034192,-0.191256,-0.286961,0.113919,0.388238,-0.366665,0.081104,-0.142983,0.151043,-0.330147,-0.097848,-0.334524,0.242483,-0.052182,0.039392,0.226387,-0.075078,0.308399,-0.589971,0.354124,-0.272891,-0.194053,-0.255243,-0.124263,0.057811,-0.109229,0.099424,-0.436252,0.020771,0.437072,-0.300561,-0.029788,-0.454723,-0.027736,-0.180845,-0.451888,0.096643,0.39819,-0.468239,0.141079,-0.511163,0.295656,-0.441564,0.04774,0.16865,-0.510517,-0.105638,0.099056,-0.105767,-0.124287,-0.10223,0.134875,0.232027,-0.07146,0.146409,0.03796,0.167495,0.050212,-0.176468,-0.226169,-0.162911,-0.104277,-0.038533,-0.132251,-0.052164,-0.397431,0.274115,-0.251456,-0.005867,-0.245194,-0.257237,-0.043628,0.083741,0.016757,0.408853,0.357395,0.248507,0.02035,0.01403,-0.157163,-0.052606,-0.407458,0.197989,0.101734,0.011381,-0.082441,-0.195029,-0.093376,0.098826,-0.107827,0.07897,0.242125,-0.17307,0.322271,-0.026936,0.23204,0.117419,-0.047332,-0.244642,0.04884,0.255653,-0.406001,-0.352314,0.02102,-0.172372,0.070192,0.02144,-0.476208,0.328147,0.169067,-0.167688,0.050275,-0.021086,-0.131296,-0.093275,0.317101,-0.135376,-0.13927,0.142196,#
13,0.186065,-0.017613,-0.29283,-0.3317,-0.026013,0.401243,-0.075284,0.008037,0.018148,0.060227,0.118619,-0.373767,0.02764,1.0,0.148884,0.0436,-0.058462,0.07018,0.278277,0.077333,-0.152666,-0.084125,0.290757,-0.12861,-0.232844,-0.431584,0.093305,0.539408,0.31631,-0.148454,0.058385,0.172593,0.017555,-0.159626,-0.034172,-0.038831,0.137188,0.285169,-0.023945,-0.50525,0.182031,0.274443,0.079997,0.448564,-0.290962,-0.4695,0.274475,0.251601,0.37745,0.083793,0.3518,0.263952,0.044017,-0.326733,-0.418543,-0.127558,0.116092,-0.147472,-0.052781,-0.008846,0.215515,0.20554,0.04902,0.078487,0.168148,0.545641,0.369439,0.463297,0.138666,0.19918,-0.027492,-0.204247,0.141258,-0.378815,-0.142717,0.311869,0.04433,0.040508,0.024112,-0.034215,-0.425552,-0.057755,0.097103,0.118341,-0.132809,0.03037,-0.041865,-0.074173,0.040114,-0.055224,0.113859,-0.116017,-0.132124,0.222987,0.272535,-0.087764,-0.255146,-0.062355,-0.022634,-0.480754,-0.094003,0.119426,-0.046429,-0.051699,0.052879,0.103362,-0.225159,-0.416656,-0.121079,0.078418,0.434294,0.194859,-0.054177,-0.048187,-0.052827,0.014079,-0.138143,0.03946,0.09891,-0.1432,0.160432,-0.050534,-0.134036,0.135,0.052812,0.126946,-0.117742,0.298723,0.033862,-0.070197,-0.12598,0.248957,-0.112854,0.40503,-0.133665,-0.16849,-0.28272,-0.285569,0.1704,-0.047885,-0.142993,-0.376331,-0.185882,-0.183691,0.14714,0.225935,-0.154905,-0.012294,0.246467,0.005648,0.057206,-0.144561,-0.154905,-0.209427,-0.062345,0.263928,0.36713,0.36517,-0.230884,0.108462,-0.102591,-0.143222,-0.057735,0.31692,0.05278,-0.114116,0.212568,-0.061816,0.014962,0.097576,-0.053834,0.056158,-0.209664,-0.213288,0.056735,0.254193,0.094459,-0.171033,0.30241,-0.314221,0.270241,-0.19764,-0.31509,-0.042865,-0.0177,-0.076133,-0.002856,-0.140333,-0.155234,0.222598,-0.035959,-0.232641,0.210938,0.022091,0.218937,-0.030243,0.293325,-0.026219,0.007561,0.021951,#
14,-0.262439,0.020119,-0.411494,-0.15454,-0.065987,0.452359,0.142572,0.212189,0.311216,0.138028,0.356833,0.009669,0.111922,0.148884,1.0,-0.203126,-0.455658,-0.121676,-0.257954,0.326873,0.079455,0.393318,0.266463,-0.071828,0.181579,0.263397,0.295985,0.256829,0.257799,0.085567,0.053376,0.428373,0.32505,0.082241,-0.260156,-0.159051,-0.095452,-0.10905,0.379054,0.195891,-0.233081,0.362875,-0.169643,-0.01446,-0.05997,0.047823,0.107255,-0.107034,0.130868,0.013764,-0.069441,-0.15532,0.072358,-0.247754,0.071471,0.302404,0.090057,0.122693,-0.161398,0.374297,0.208931,0.224978,0.006555,0.393459,0.205804,0.059945,-0.130846,0.176863,-0.156448,-0.155307,0.242223,-0.08107,0.390626,-0.000464,-0.213756,-0.248762,0.098455,0.072804,-0.212848,-0.261835,-0.054265,-0.132525,-0.136156,-0.504366,-0.192616,0.120491,0.018397,-0.01051,-0.372721,0.041351,-0.108666,0.139517,-0.392543,0.160286,0.031793,0.314478,-0.017168,-0.133074,0.232955,-0.092725,-0.100381,0.158233,-0.10082,-0.301597,-0.026196,0.138385,-0.287058,0.009735,-0.039535,-0.325059,0.034048,-0.048292,-0.300877,-0.012097,-0.276789,-0.243247,-0.044663,-0.021547,-0.073757,-0.213908,0.069518,-0.281441,0.174779,-0.141785,0.038075,0.063857,0.077403,-0.089584,-0.465212,-0.163867,0.115677,-0.315089,-0.184048,0.031192,-0.178517,0.217603,-0.260963,-0.069293,0.316427,0.068623,0.068943,-0.275025,-0.325477,-0.245021,-0.2771,-0.295028,0.072622,-0.187547,0.352642,-0.067017,0.00611,-0.202826,0.072622,0.159521,0.053902,0.166547,0.301219,0.062359,-0.116932,0.154891,-0.192893,-0.272084,-0.014926,-0.083857,-0.180312,0.106689,0.054757,0.229416,0.046071,0.02198,0.04801,-0.318091,-0.010543,-0.117886,0.599459,0.00611,-0.160272,0.035795,0.196642,-0.374799,0.323114,0.132403,-0.093934,0.045895,-0.143239,0.02338,0.228024,-0.198706,-0.084748,0.114174,-0.089536,0.155826,-0.178932,-0.560243,-0.029664,-0.1431,-0.092122,-0.258321,0.181998,0.055719,#
15,-0.123634,0.007153,-0.300618,-0.138475,-0.384936,0.058489,-0.099467,-0.157366,-0.211756,-0.129346,-0.057862,0.333746,-0.12861,0.0436,-0.203126,1.0,0.094751,-0.140871,0.326247,0.150647,0.069417,0.014465,-0.401692,-0.149829,-0.084182,0.035349,-0.278576,-0.17469,0.102625,0.031839,-0.341427,-0.079953,0.022447,-0.117646,0.655346,0.101866,-0.342154,0.296095,-0.399087,0.080729,0.177891,0.001079,-0.091803,-0.061663,0.1039,-0.034305,-0.403453,-0.324929,-0.050564,0.038416,-0.086365,0.114948,-0.161641,0.22787,-0.211904,0.147412,0.092513,-0.213434,0.106274,0.167203,0.027752,-0.168418,-0.025002,0.256218,0.375253,-0.242348,0.016558,0.043815,0.070193,0.169632,-0.170712,0.143568,0.111173,-0.025245,0.212122,-0.013267,-0.100607,0.044757,0.235643,-0.031051,-0.114357,-0.179185,-0.018324,-0.040087,0.04372,0.045476,-0.060872,-0.189032,0.062603,0.117089,0.325412,-0.290253,0.200348,-0.442811,0.12477,-0.060954,0.109444,-0.52962,-0.526543,0.067301,0.142936,-0.052104,-0.218812,0.090052,0.033675,0.143006,-0.017411,-0.085272,-0.139727,0.064927,-0.201545,-0.074893,-0.013346,0.10851,-0.03135,0.042985,0.034992,0.217892,-0.395928,0.491061,0.201415,0.324089,-0.299872,0.294903,0.1218,-0.016901,0.199751,0.030379,0.051913,0.1059,-0.103535,0.105294,-0.08972,0.126428,-0.283954,0.02672,-0.28274,-0.26834,-0.261313,-0.05629,0.013154,-0.030999,-0.00469,0.181142,-0.184099,0.094377,0.01698,-0.133829,-0.102317,-0.145289,0.25817,0.06945,0.030847,-0.01168,-0.043772,-0.04394,-0.428235,-0.096476,-0.047286,0.123677,-0.450798,-0.161817,-0.081737,-0.185704,-0.250898,0.042397,0.029348,0.146164,0.01723,0.106806,0.101206,0.347003,-0.201386,0.33212,0.060248,-0.10284,-0.019361,-0.011801,-0.173198,0.226943,0.271909,-0.006094,0.193867,0.27911,0.267396,-0.065987,0.110336,0.131349,0.354836,-0.09784,-0.206576,-0.06137,-0.098028,0.249531,-0.226829,0.441334,0.308936,0.144937,-0.169046,-0.364937,#
16,0.062573,-0.163196,0.226511,0.208075,0.347259,-0.055452,-0.378108,-0.174175,-0.636971,-0.259693,-0.11719,0.112472,-0.276393,-0.058462,-0.455658,0.094751,1.0,-0.411305,-0.166279,-0.320459,-0.292503,-0.235036,-0.457031,0.091404,-0.158432,-0.195903,-0.339503,-0.180509,-0.200187,-0.135998,0.185719,-0.075768,-0.260931,-0.253199,0.099554,0.006107,-0.426909,0.404534,-0.032837,0.026361,0.096192,-0.278829,0.027884,0.159,-0.035204,0.147871,-0.384032,-0.320366,-0.258221,-0.134636,0.04824,-0.025425,-0.119937,0.166915,-0.018299,-0.210486,-0.211929,0.104249,-0.3447,-0.00234,-0.272037,-0.21441,0.26685,-0.104705,0.160783,-0.083461,0.087188,-0.035836,-0.28887,0.066178,-0.426103,0.190944,0.139254,-0.258164,0.014528,0.145992,-0.028116,0.148275,0.200837,0.263263,-0.231748,0.096664,0.098115,0.362671,0.214417,-0.36026,0.084006,-0.286939,0.138615,-0.089249,-0.057486,-0.00363,0.439301,-0.523658,0.10345,-0.1698,-0.003178,0.211092,-0.293615,0.26926,0.269842,0.02751,0.263263,0.172196,-0.025885,-0.299957,0.404512,-0.061833,0.150644,0.352852,-0.313405,-0.095867,-0.085405,0.18455,-0.103075,0.110996,0.308475,-0.16771,-0.40181,0.495287,-0.212043,0.292156,-0.344115,0.515049,0.13239,-0.05974,-0.040804,0.078551,-0.003376,0.330643,-0.182138,0.368511,-0.35185,-0.20007,-0.012112,-0.216005,0.325708,-0.411235,-0.706159,0.092766,0.220707,0.279885,0.251067,0.229061,-0.039721,-0.116722,-0.087012,-0.202633,-0.111321,0.118902,0.092486,0.264231,0.070216,-0.134662,-0.217704,-0.342604,-0.549352,-0.371659,0.104788,-0.194588,0.010857,0.076731,-0.042197,-0.256145,-0.166488,-0.20577,0.073337,-0.192379,0.287314,0.010474,0.343284,-0.237669,-0.163183,0.280798,-0.4063,0.085091,0.032156,-0.429264,-0.263521,0.326255,-0.115419,-0.456057,0.604063,0.088543,-0.022746,-0.116434,0.171756,0.086855,0.327509,-0.229984,0.066161,0.176633,0.145107,0.353675,-0.036108,0.170599,-0.252342,0.124142,-0.352288,0.034721,#
17,0.040954,0.320187,0.073617,-0.073315,-0.081493,-0.28754,-0.08472,0.000695,0.113668,0.380813,-0.318295,-0.257688,0.166917,0.07018,-0.121676,-0.140871,-0.411305,1.0,0.248772,0.161623,0.174363,-0.095668,0.475841,0.164574,0.082032,-0.088912,0.130187,0.216447,-0.208205,-0.038349,-0.029857,0.130093,0.199294,0.414753,-0.268199,-0.087023,0.705661,-0.152931,0.037777,-0.360863,-0.05991,0.322792,0.58233,-0.13853,-0.134603,-0.336161,0.528421,0.28011,0.005275,0.022477,0.237024,0.216091,-0.281146,-0.179598,0.00376,-0.210282,0.00452,-0.135814,0.003087,-0.25922,-0.150273,0.140282,-0.278066,-0.214625,-0.374237,0.121099,0.329706,0.235485,0.577591,-0.00383,0.140192,-0.022034,-0.319877,0.150234,0.240401,-0.142904,-0.12122,-0.238334,0.166604,-0.056392,0.249325,0.041219,0.03688,0.218061,-0.230867,0.336318,-0.291774,0.40638,0.196547,0.036729,0.309126,0.07841,-0.08895,0.683757,0.157195,0.010876,0.119966,0.281673,0.26236,-0.322776,-0.289844,-0.288357,-0.065046,0.352048,0.113819,0.096029,-0.346495,-0.195877,-0.203434,-0.144409,0.389648,0.238131,0.552806,0.048374,0.257919,0.151351,-0.338672,-0.110552,0.541701,-0.420333,-0.010925,-0.044194,0.049931,-0.361092,-0.256504,0.142432,0.092185,-0.212637,0.12488,-0.235249,0.210046,-0.000147,0.575867,0.145324,0.084784,0.17081,-0.15371,0.360802,0.43037,-0.061192,0.095727,-0.092595,0.10305,-0.182619,0.062969,0.226556,0.079763,0.139895,-0.224258,0.225198,-0.376065,0.104566,0.080622,0.201882,-0.053696,0.131288,0.567389,0.114077,-0.399477,0.218768,0.042409,0.441582,0.303954,0.694514,0.279656,0.42129,-0.035404,-0.038207,-0.518524,0.046389,-0.420584,0.48162,0.081435,-0.238542,-0.219872,-0.091611,0.372811,-0.044593,0.089701,0.060289,-0.105416,-0.219809,-0.603342,-0.171943,-0.08287,0.205747,-0.211297,-0.002308,-0.47577,0.118847,-0.177254,-0.232175,-0.200273,-0.047423,0.158054,-0.339188,0.025401,-0.150356,0.370218,-0.244891,#
18,0.073362,0.179048,-0.062744,0.094194,-0.30297,-0.082947,-0.146791,-0.077177,0.169935,0.068087,-0.135707,-0.193656,-0.064721,0.278277,-0.257954,0.326247,-0.166279,0.248772,1.0,0.079585,0.428106,-0.2178,-0.12062,0.05068,-0.113062,-0.162812,-0.094474,0.187395,0.062271,-0.162059,-0.099864,-0.138276,0.238101,0.073019,0.055433,-0.191326,0.115399,0.417434,-0.487623,-0.453732,0.228056,-0.224123,0.118528,0.085162,-0.109294,-0.36965,0.096067,-0.043851,0.434957,-0.02643,-0.124727,0.507562,-0.243539,0.000682,-0.234574,-0.011819,-0.016879,-0.181411,0.192996,-0.318908,0.121159,0.170033,0.003645,-0.024268,-0.171962,-0.018483,0.370559,-0.000882,0.116117,0.403887,-0.21768,0.261311,-0.100164,0.209098,0.358365,0.007415,0.072968,0.111149,0.484352,0.056285,-0.009775,0.285797,0.4261,0.103503,0.118702,0.108966,-0.071254,0.288207,0.117754,0.351317,0.631066,0.001258,-0.015725,0.087634,0.254225,0.391872,0.162507,0.04459,0.006069,0.028362,-0.046847,-0.086654,0.047676,0.127093,-0.122289,0.318715,-0.370507,-0.084096,0.041661,-0.049609,0.140939,-0.038686,0.324608,0.073735,0.241245,0.228317,0.401587,0.364422,0.102571,0.204093,0.378789,0.404198,0.191289,0.053915,0.027513,0.258625,0.148026,0.392225,0.585546,0.304986,0.268456,0.403717,0.173489,0.12434,0.209323,0.373459,-0.426129,0.089267,0.050282,0.051102,0.105599,-0.132805,-0.203446,0.150762,0.369774,0.467234,0.46437,-0.071053,-0.12544,0.137926,0.25771,0.283348,0.276311,0.078958,0.263273,0.182034,0.004908,0.15369,0.23377,0.231838,-0.174168,0.091756,-0.049597,0.131791,0.21148,0.059099,0.181437,-0.060349,0.110497,0.448462,-0.656517,0.466556,-0.065402,0.225081,-0.301071,0.250171,0.265622,-0.082504,-0.163393,0.158369,-0.175649,-0.117366,-0.174443,-0.203392,0.146567,-0.17343,-0.182092,0.2567,0.051444,-0.299066,-0.044427,-0.317858,-0.071318,-0.097377,-0.151364,-0.23169,0.200601,0.005936,0.086297,-0.213476,#
19,-0.33665,-0.007177,-0.316846,-0.00139,-0.27287,-0.062991,0.091814,0.022661,-0.096473,-0.078108,0.012016,-0.255839,0.388814,0.077333,0.326873,0.150647,-0.320459,0.161623,0.079585,1.0,0.209051,0.349457,0.201475,-0.078414,-0.200071,-0.024968,0.355978,0.00226,-0.093914,-0.209991,-0.009736,0.114119,0.399602,0.111424,0.330878,-0.300552,0.230646,0.116584,-0.064455,-0.154419,0.376713,0.420128,-0.227326,-0.319999,-0.175306,0.238455,0.249911,0.060426,0.205018,-0.135664,0.202588,0.044191,-0.252108,-0.287062,-0.367235,0.25514,-0.013547,0.013521,-0.078004,-0.189822,0.170551,-0.159217,-0.048379,0.078992,-0.008832,0.020563,0.155216,0.301548,0.150348,0.187007,0.171469,-0.111627,0.058219,0.069827,0.219285,-0.219456,0.265668,-0.090118,0.107831,0.006299,0.116495,0.121952,0.117976,-0.559764,0.256611,0.499613,-0.153794,0.355211,-0.030936,0.261087,0.182464,-0.137368,-0.247377,0.203152,0.104881,0.097076,0.493877,0.066547,0.100407,-0.13097,0.07942,-0.062206,-0.188938,0.023204,0.138677,0.326047,-0.138117,0.236624,-0.024118,-0.083338,0.330034,-0.27551,0.113886,-0.201797,0.212293,0.086145,-0.153268,0.214733,0.16389,-0.179433,0.255178,-0.00093,0.265913,-0.184655,0.03805,0.175577,-0.087122,0.139515,0.00872,-0.014161,0.023313,0.16602,0.107119,-0.170313,0.038679,0.244605,-0.220305,0.39867,0.053869,0.308411,0.216472,-0.375141,-0.033613,0.090441,0.026621,-0.062367,0.034161,0.005812,0.069727,0.118149,0.138222,-0.229568,0.22802,0.376495,0.314241,0.479562,0.285664,-0.271036,0.303601,0.119413,-0.248329,0.040442,-0.145067,0.333696,0.049959,0.116929,0.171772,0.193045,-0.419407,0.326909,-0.212134,-0.029869,0.284268,0.016178,0.040648,0.366183,0.364573,0.186101,0.024823,0.118624,0.066491,0.12264,-0.34089,-0.246417,0.110053,0.002696,0.050505,0.03875,-0.369188,0.043555,-0.0776,-0.101146,-0.197937,-0.245871,-0.161659,-0.231944,0.074555,-0.174211,-0.006137,0.134206,#
20,-0.380854,-0.091261,-0.026465,0.046036,-0.273019,0.032257,0.041129,0.296712,-0.044902,-0.12871,-0.103825,-0.342976,-0.247302,-0.152666,0.079455,0.069417,-0.292503,0.174363,0.428106,0.209051,1.0,0.155269,-0.178173,-0.098661,-0.002037,0.409264,0.184106,-0.1503,-0.315985,-0.141794,0.060136,-0.003818,0.18028,0.471291,-0.138915,0.01254,0.136024,-0.069059,0.123817,-0.099588,-0.068453,-0.162885,0.293799,-0.199623,-0.014632,0.25733,-0.201955,-0.208873,0.025356,-0.386333,0.09815,0.108261,-0.312642,0.074359,-0.118131,0.165152,-0.017241,0.196788,-0.047878,0.010415,0.214395,-0.065173,-0.18288,-0.01171,-0.297103,-0.10496,-0.312637,0.124961,0.076213,0.080058,-0.16176,0.250214,-0.047347,0.369494,0.446964,-0.114317,0.246906,0.14602,0.233871,0.038771,0.404914,0.260318,0.337087,-0.2742,0.138535,-0.018593,0.026039,0.327765,0.201971,0.486503,0.425652,0.244027,0.360511,0.050782,-0.066742,0.319569,-0.005955,0.154087,-0.132709,0.253654,-0.07327,0.213656,0.055817,0.13915,-0.01774,0.197731,-0.182151,0.055942,0.312651,-0.415699,-0.093607,-0.20525,0.287266,0.221676,0.357378,0.50034,0.320291,0.306599,0.009733,0.13448,0.374315,0.413027,0.384711,0.016844,-0.009747,0.047464,0.367895,0.117822,0.218073,0.205293,0.519996,-0.094025,0.166453,-0.310442,0.443142,0.373733,-0.164123,0.50013,0.270461,0.203955,0.050586,-0.003542,-0.062478,0.354538,0.341154,0.217014,0.622147,-0.003749,0.012039,-0.131715,0.072913,0.317742,0.461349,0.106848,0.413027,0.005898,-0.076352,-0.051496,0.191952,-0.111281,0.04048,0.026162,0.150559,-0.018577,0.022603,0.215131,-0.064449,-0.130734,-0.080952,0.518888,-0.46222,0.068251,-0.016507,0.265029,-0.431719,0.05301,0.103677,0.164282,-0.15437,0.12193,-0.228125,-0.054132,-0.149043,0.075761,0.002706,-0.173103,-0.17697,0.25626,0.183407,-0.234432,-0.079766,0.055209,-0.453165,-0.343535,0.178075,-0.199689,-0.102909,0.129318,0.43125,0.055477,#
