0,1.0,0.226983,-0.229686,0.063948,0.471633,0.329122,-0.091183,-0.053958,-0.123052,0.527181,0.133825,0.000409,0.365451,0.285588,0.326234,0.429313,0.030124,-0.19491,0.077143,-0.386366,0.188317,4.1e-05,0.09557,-0.450462,-0.04712,-0.384101,0.222638,-0.075776,-0.003108,0.354603,-0.453682,0.246605,-0.006526,-0.326979,0.046833,-0.16106,-0.269721,-0.312957,0.15242,-0.116728,0.072036,0.126738,-0.378474,-0.03634,0.023614,-0.4186,0.162584,-0.312574,-0.090006,-0.102146,0.178883,-0.09628,0.013662,-0.207195,0.143203,0.380438,-0.615649,0.299281,-0.110717,-0.000668,0.140541,0.131022,-0.364824,-0.290424,0.145214,0.154652,-0.128641,0.26031,0.113326,0.181059,-0.075813,0.311689,0.1925,-0.159437,0.063353,0.138191,-0.491645,-0.125812,-0.219643,-0.221385,-0.355831,-0.12856,-0.124491,0.042564,-0.409993,-0.224062,-0.115294,-0.034803,-0.129854,-0.224522,0.127351,-0.633865,-0.056986,-0.027649,-0.249785,0.075701,0.169171,-0.256765,-0.418651,0.042017,0.014934,-0.532927,-0.001158,0.237218,-0.014292,-0.125812,0.134392,-0.002385,-0.1202,0.042424,-0.040102,-0.128614,0.00376,-0.160783,-0.580812,0.052612,0.198215,0.035677,0.129847,-0.112091,-0.580114,-0.245072,-0.445665,-0.089671,0.148777,-0.038921,-0.298502,-0.100895,-0.097785,-0.418832,-0.614283,-0.190325,-0.139575,-0.198126,-0.377568,-0.356031,-0.089048,-0.355983,-0.432839,-0.416112,-0.355949,-0.191093,-0.453721,-0.462529,-0.120991,-0.078545,-0.304298,0.351966,-0.107718,-0.326399,-0.394343,-0.228156,-0.271784,-0.094161,-0.34326,-0.326903,-0.055223,0.056367,-0.281832,-0.490834,-0.330584,-0.125812,0.229538,0.010896,-0.13147,0.137157,-0.12272,0.179513,-0.327097,-0.327034,0.203055,-0.048936,-0.194444,0.21781,0.506648,-0.327245,-0.218016,0.187294,0.29412,-0.37522,0.249264,0.112333,0.078418,0.346245,0.212039,-0.264136,0.116973,-0.170999,-0.044054,0.232697,-0.447594,0.146039,0.255152,0.263957,-0.123154,-0.034161,0.179055,-0.075323,0.150784,0.2046,#
1,0.226983,1.0,0.054325,-0.2091,0.172048,0.393574,0.281551,-0.427085,0.397109,0.593558,-0.027119,0.241507,-0.116298,0.521029,0.288128,-0.03175,-0.31146,0.403479,0.243785,-0.210049,0.318954,0.19838,0.447106,-0.243187,-0.050401,-0.319609,0.228797,-0.243424,0.269534,0.468495,-0.485192,-0.318814,-0.064445,-0.298698,-0.274375,0.044396,-0.041392,-0.576164,-0.047977,-0.005089,-0.013719,0.138396,-0.193136,0.143694,-0.141305,-0.189981,0.322218,0.070886,-0.23308,0.33945,-0.15613,-0.484408,0.067558,-0.449677,0.033027,0.335595,-0.110026,0.353324,-0.202941,0.24581,0.240633,0.462024,0.190163,-0.271407,0.096844,0.25728,-0.183795,-0.00372,0.237049,0.205821,-0.262913,0.283702,0.066754,-0.026116,-0.176928,0.205705,-0.368,-0.139915,-0.615442,-0.028654,-0.152697,-0.489639,-0.508607,0.161438,0.238891,-0.059376,-0.076863,-0.458368,0.248085,-0.127454,-0.056577,0.023059,-0.260424,0.408393,0.060717,-0.351243,0.238649,-0.300054,-0.059408,-0.227312,0.301733,-0.067417,-0.025488,-0.015453,-0.086863,-0.139915,-0.343229,-0.654358,0.189156,-0.0224,0.002734,-0.183756,-0.435147,-0.02521,-0.468014,-0.027046,-0.29766,-0.340866,0.090365,-0.596273,-0.120429,-0.350143,-0.206999,-0.467246,0.07171,-0.178844,0.305227,0.220745,-0.248022,-0.408231,-0.158979,-0.271925,-0.070123,-0.405062,-0.466497,-0.508675,-0.127226,-0.314273,-0.054855,-0.734296,-0.316464,-0.278544,-0.457803,-0.332261,-0.186227,-0.489159,0.059566,0.507803,0.012788,0.068347,-0.157814,-0.416957,-0.212801,-0.27172,-0.285604,-0.102089,0.16853,0.494733,-0.086863,-0.194881,-0.395055,-0.315366,-0.074398,0.292376,0.262554,0.09505,-0.302386,-0.177862,-0.467335,-0.467246,-0.233011,0.079657,-0.2664,-0.277683,0.165101,-0.39637,-0.311488,0.519206,0.341452,-0.245676,0.460682,0.042887,-0.143384,0.275806,0.409926,-0.228309,0.468277,-0.006238,-0.530363,0.592893,-0.258069,0.269411,0.293907,0.290208,-0.113344,-0.202759,-0.162997,-0.107999,-0.089425,-0.214514,#
2,-0.229686,0.054325,1.0,0.350201,-0.114426,-0.059602,-0.114242,0.131546,0.10414,-0.144171,0.126929,0.129326,-0.236633,0.033996,-0.280417,-0.163061,-0.116569,0.457716,-0.313754,-0.123391,-0.038123,0.132681,0.199892,0.055203,0.459866,0.180101,-0.427302,-0.040591,0.059038,-0.280151,0.189513,0.084565,0.0982,0.051558,-0.09852,0.096779,0.217091,-0.135225,0.134772,-0.166603,0.144967,0.001524,0.242949,-0.308243,0.169612,-0.182332,-0.191778,-0.14863,0.110912,-0.043542,-0.012799,0.213746,0.147271,0.329171,-0.03161,-0.157231,-0.00506,0.032158,-0.284713,0.171639,0.130547,-0.063999,0.095736,-0.076593,0.213177,0.168631,-0.004628,0.297092,0.081651,-0.039864,-0.058222,-0.370325,-0.138036,0.082127,0.38916,0.020053,-0.056378,0.131811,-0.21112,0.102509,0.29346,-0.035013,-0.187141,0.196467,0.241428,-0.03287,0.318958,0.043958,-0.042431,-0.080627,0.137701,0.048262,-0.220793,0.037565,-0.070721,-0.161009,0.263137,0.251252,0.59248,0.040234,-0.172096,0.373262,0.285257,0.400745,0.052188,-0.028261,0.138217,0.187399,-0.036098,0.014927,0.075625,0.013064,-0.243466,0.357437,0.431831,0.071851,-0.271075,0.235572,0.037315,0.135891,0.12973,-0.031928,0.47041,0.029982,0.057364,0.093379,-0.011134,-0.269788,-0.406742,0.145751,0.135426,-0.217563,-0.022014,0.005412,0.289746,-0.028819,0.189009,0.287744,0.244786,0.022503,0.147812,0.453219,0.046067,0.038858,0.005594,-0.206372,0.101307,-0.011081,0.226398,0.051958,0.172678,-0.063982,0.056628,0.053009,0.11893,0.043987,0.275316,0.052294,0.433763,0.275539,0.311791,0.163089,0.111745,0.27325,0.13906,0.03977,0.030987,-0.507818,0.061206,0.223539,0.084611,-0.233603,0.077072,0.048809,-0.298105,0.129547,0.069252,-0.043533,-0.294501,-0.126477,-0.237556,-0.185062,0.038727,-0.271448,-0.102648,-0.163022,-0.08009,-0.325002,0.117557,0.047155,-0.159877,0.04179,0.282449,0.114565,0.267487,0.113309,-0.068058,-0.233435,-0.169706,-0.191885,#
3,0.063948,-0.2091,0.350201,1.0,0.153802,-0.238774,-0.170629,0.397588,-0.08214,-0.090268,0.210802,-0.066777,0.051861,-0.476225,0.135355,-0.092257,-0.027895,0.14835,-0.463655,0.18615,-0.089472,-0.29495,-0.123588,0.03771,0.588638,0.277597,-0.388175,-0.023961,-0.152632,-0.163969,0.355487,0.392477,0.330597,0.015267,0.160533,0.149102,0.201397,0.062507,-0.103403,0.025837,0.193982,-0.090782,-0.22663,-0.389413,0.626393,-0.300761,-0.360468,-0.146795,0.2935,-0.225155,0.255622,0.361338,0.064133,0.32543,-0.030181,-0.191487,-0.06055,-0.049335,-0.239335,-0.322412,-0.197414,0.236957,0.080055,-0.007225,-0.116382,0.19408,0.325051,-0.262556,-0.115319,-0.147605,0.001414,-0.169182,0.14901,0.014791,0.437219,-0.071806,0.122486,0.10505,0.198625,0.173827,0.245873,0.179125,-0.046434,0.02006,-0.310043,-0.379828,0.154968,-0.108767,0.155852,0.056541,0.311972,-0.099352,0.259756,-0.280482,-0.113688,-0.199267,-0.257685,0.044875,0.262559,0.206541,-0.302869,0.069505,0.358491,0.531189,0.118992,0.244331,0.326597,0.06535,0.269633,0.021407,0.096605,0.020568,0.203717,0.178591,0.138252,0.354936,0.373993,0.160226,0.188324,-0.016056,0.152544,0.063319,0.182967,0.333375,0.243531,0.141502,-0.252182,-0.059962,-0.023274,0.26056,0.027162,-0.153556,0.37306,-0.014849,-0.017354,0.239353,-0.180769,0.071233,-0.252013,0.174469,0.078147,-0.011931,0.191347,0.123607,-0.111688,0.117026,0.214282,0.079826,0.365524,0.011787,0.053141,0.188033,-0.007771,-0.006242,0.326518,0.158394,-0.023368,-0.17614,-0.080319,0.140923,0.209039,0.279061,-0.030915,-0.059035,0.150905,-0.342657,0.168536,-0.343456,0.161904,0.156545,0.008052,-0.244469,0.10128,-0.059963,-0.167882,0.253591,-0.261948,-0.12319,-0.162931,-0.143702,-0.404225,0.07532,-0.264897,-0.374455,-0.006403,0.131991,-0.538337,-0.076205,0.285784,-0.416496,-0.054959,0.139047,0.082853,0.262413,-0.226174,0.157351,-0.232676,0.436059,0.121705,0.234737,#
4,0.471633,0.172048,-0.114426,0.153802,1.0,0.285964,-0.005176,-0.057019,0.083268,0.191969,0.064458,0.170274,0.182119,0.218563,0.14891,0.431501,-0.029509,-0.160488,0.30306,-0.303066,0.319355,-0.236915,0.491812,-0.268537,0.090302,-0.25794,0.372628,-0.439933,0.223753,0.14983,-0.284686,0.234841,0.113882,-0.15717,-0.188232,-0.089855,-0.185018,-0.161309,0.093346,-0.112042,0.344991,-0.132063,-0.133381,0.016971,0.266192,-0.356725,-0.070789,0.150347,0.09155,-0.002921,0.202025,-0.071862,0.467965,-0.189284,-0.197917,0.412975,-0.345574,0.340325,-0.032544,0.093468,-0.183348,0.296784,-0.103317,0.026283,0.255121,0.384753,0.029901,0.160714,0.158271,0.017937,-0.242219,0.241622,0.195614,-0.117709,-0.114864,0.245869,-0.197913,-0.430734,-0.026435,0.015263,-0.239162,-0.367449,-0.265175,0.53137,-0.270163,-0.225573,-0.052608,-0.470414,-0.010015,-0.304886,0.002749,-0.444317,-0.14618,0.0276,-0.27617,-0.094742,-0.09779,-0.423274,-0.383027,0.144547,0.232544,-0.26167,0.01563,0.482865,-0.300459,-0.274276,0.274384,-0.256489,0.053606,0.321166,0.226966,0.060149,0.153696,-0.137025,-0.356113,-0.169831,0.182074,0.077378,0.49196,-0.556078,-0.177447,-0.494304,-0.394917,-0.370112,0.281334,-0.249337,-0.087372,0.012049,0.147554,-0.530354,-0.577607,-0.178866,0.070861,-0.31374,-0.182038,-0.058482,-0.179608,-0.396706,-0.364855,-0.318984,-0.5559,-0.117726,-0.600268,-0.135756,-0.068675,0.129159,-0.221531,0.452347,-0.341892,-0.334825,-0.08067,-0.223491,0.15615,-0.36895,-0.056623,-0.34421,-0.205338,0.495136,-0.255435,-0.360516,-0.209755,-0.274276,0.237408,-0.212724,-0.18413,0.041578,-0.165449,-0.011971,0.017104,-0.155354,0.101261,0.204712,-0.218913,0.082767,0.489552,-0.208689,-0.234468,0.099191,0.15267,0.005138,0.471205,-0.102839,-0.424439,0.326903,-0.00257,0.070103,0.203128,-0.071765,-0.192709,0.188281,-0.039811,-0.031942,0.413665,0.573235,-0.504328,0.34564,0.02131,0.164254,0.237485,0.231279,#
5,0.329122,0.393574,-0.059602,-0.238774,0.285964,1.0,0.215073,-0.355559,0.495627,0.208248,0.394771,-0.17962,0.221135,0.433379,-0.075997,0.253327,0.218511,0.160186,0.225513,-0.083704,0.125081,0.26942,0.400531,-0.221882,-0.214175,-0.639905,0.173732,-0.309828,0.139615,0.258337,-0.220475,0.096497,-0.180473,-0.122927,-0.129954,-0.301131,0.179192,-0.395686,0.321678,-0.552292,-0.069406,0.134963,0.098826,-0.010622,-0.26702,-0.377348,0.424056,-0.211011,0.156881,0.212194,0.234397,-0.090918,0.107768,-0.379395,0.093956,0.487241,-0.414139,0.468517,-0.088519,0.158583,0.307287,0.067342,-0.105327,-0.196908,0.259649,0.157503,-0.240518,0.355617,0.190729,-0.087925,-0.114903,0.19025,-0.029287,-0.382905,-0.502172,0.274655,-0.127468,-0.167765,-0.421692,-0.062803,-0.184088,-0.404272,-0.009793,0.422798,-0.117962,0.008276,-0.082,-0.199473,0.075329,-0.35916,0.014143,-0.158432,-0.227521,0.589251,-0.033677,-0.165463,0.334138,-0.354196,0.02771,-0.261945,0.402316,-0.162196,-0.055791,-0.166836,-0.130491,-0.504896,0.001086,-0.082228,-0.351991,0.09428,0.050808,-0.240468,-0.070071,-0.079934,-0.265978,-0.562794,-0.203751,0.099535,0.067929,-0.353014,-0.263333,0.120728,-0.229515,-0.439155,0.149042,0.031879,0.314542,0.319933,-0.3559,-0.457567,-0.219494,0.069077,-0.451721,-0.257179,-0.266783,-0.503134,-0.166491,-0.335974,0.099825,-0.558419,-0.336702,0.065357,-0.357655,-0.226109,-0.082848,-0.347062,-0.430036,0.494022,-0.116083,0.039666,0.012937,-0.255043,0.189384,-0.448851,-0.269671,-0.293931,0.207475,0.230931,-0.130491,-0.274994,-0.235585,-0.334819,0.17125,0.183103,0.087981,0.241895,0.051941,-0.260551,-0.451462,-0.445782,0.005672,0.195081,0.168715,0.049764,0.428165,-0.435643,-0.407621,0.487717,0.249492,0.10725,0.51509,0.004454,-0.125785,0.269686,-0.167706,-0.139722,0.269686,0.187299,-0.404679,0.398045,-0.345917,0.062423,0.035545,0.176355,-0.107644,-0.007919,0.084225,-0.311994,-0.132595,-0.178121,#
6,-0.091183,0.281551,-0.114242,-0.170629,-0.005176,0.215073,1.0,-0.513632,0.231804,-0.023871,0.052434,0.134078,0.260216,0.325007,0.153564,-0.041181,0.043196,-0.068371,0.304177,0.002588,0.170528,0.360722,0.163025,-0.278457,-0.157352,-0.526197,0.228269,-0.120528,0.227765,-0.034599,-0.130824,-0.387284,-0.371629,0.122197,-0.242544,-0.276745,0.250466,-0.014748,0.023721,-0.113095,0.010396,0.210053,0.12551,0.21473,-0.025925,-0.153902,0.1372,-0.043614,0.095548,0.386777,-0.082533,-0.14397,-0.041733,-0.557084,-0.340348,0.319145,-0.093748,0.084864,-0.272241,0.398555,0.027419,0.348794,0.279278,0.075135,0.135826,0.106265,-0.22104,0.091578,-0.054256,-0.042031,0.319241,-0.079,-0.276573,0.029787,-0.368404,-0.111975,-0.016817,-0.253088,-0.271818,0.110359,0.070699,-0.459247,-0.107642,0.172912,0.135704,0.459244,0.236225,-0.092317,0.049449,-0.257581,0.04508,0.176137,0.013548,0.555174,0.421444,-0.08793,-0.102734,-0.255144,0.128194,-0.164397,0.28972,-0.398239,-0.26518,-0.114274,0.251079,-0.077332,-0.238135,-0.11456,-0.090995,0.013725,0.125386,-0.220994,-0.280371,0.010146,0.040578,-0.301339,-0.106517,0.190008,0.118645,-0.227304,0.051929,-0.228039,-0.258901,-0.380664,-0.299233,0.322612,0.210778,0.295112,-0.156891,-0.03037,0.193848,0.342383,-0.045432,0.164076,0.044336,0.079829,-0.153008,-0.084071,0.014284,-0.116777,0.084656,0.339679,0.074304,0.011434,-0.06459,-0.175134,0.189039,0.541903,0.124453,0.301396,0.152522,-0.08811,0.253822,0.146583,-0.137119,0.138198,0.317345,0.131697,0.251079,0.172581,-0.004696,-0.087097,0.108985,0.302106,0.236089,0.127822,0.130825,-0.374285,-0.041768,-0.028197,0.039231,0.137389,0.266984,0.048821,0.153491,-0.247478,0.051083,0.008507,0.150456,0.108707,0.250959,-0.103603,0.157111,0.016633,0.03336,0.137493,0.198726,0.157636,-0.507732,-0.109831,-0.107849,0.127041,-0.055022,0.087649,0.163138,0.223447,-0.179744,0.040764,-0.073149,0.220494,#
7,-0.053958,-0.427085,0.131546,0.397588,-0.057019,-0.355559,-0.513632,1.0,-0.224334,-0.252986,-0.103948,-0.19644,-0.08062,-0.407273,0.059803,0.053851,-0.121331,-0.013845,-0.268445,0.239773,-0.289083,-0.172476,-0.285751,0.441984,0.606082,0.265727,-0.425652,0.078258,-0.217299,-0.331257,0.461354,0.396835,0.299252,0.010155,0.249167,0.265,-0.043516,0.135541,0.275227,0.050042,-0.098208,-0.28418,0.145234,-0.209455,0.403914,-0.086688,-0.183198,0.361265,0.059608,-0.734009,0.23121,0.290303,-0.006621,0.286978,-0.097342,-0.539552,-0.159555,-0.234866,-0.048006,-0.382614,-0.302682,-0.336955,-0.505495,-0.096219,-0.354149,-0.066334,0.435759,-0.141068,-0.151854,0.157684,-0.141012,-0.206854,0.254482,0.072081,0.451694,-0.113724,0.243033,0.109917,0.201854,0.026812,0.12463,0.3139,-0.045772,-0.092743,0.039449,0.020269,-0.060004,0.115827,0.149722,0.130902,0.212725,0.080231,0.067009,-0.711992,-0.218357,-0.206947,-0.181181,0.302577,0.167486,0.247266,-0.130776,0.194657,0.409171,0.135253,0.168377,0.282348,0.223863,0.287016,0.132501,-0.09816,-0.031404,0.110572,0.409171,0.068555,0.12357,0.409582,0.475331,0.076887,-0.14334,0.193179,0.134791,0.208686,0.197648,0.532012,0.170242,-0.100957,-0.468868,0.075578,0.057375,0.503038,0.099859,-0.29895,-0.004634,0.068651,0.308156,0.292194,-0.139871,0.287234,0.289206,0.272103,0.106092,0.131272,0.28675,-0.024688,0.190055,0.297369,0.095645,-0.379525,0.021798,0.019564,0.076743,0.394599,-0.243635,-0.011229,0.305404,0.366821,-0.055584,-0.437931,0.160359,-0.102131,0.346569,0.282348,-0.147669,0.010285,0.145778,-0.332067,0.18358,0.095203,0.352716,0.347059,0.032602,-0.151475,0.007046,-0.238943,-0.271905,0.104185,-0.141978,-0.488408,-0.455867,-0.248984,-0.488618,-0.063321,-0.274187,-0.386098,-0.233106,-0.250872,-0.386098,-0.268535,0.247626,-0.444525,0.282324,-0.178154,-0.175401,-0.346948,-0.194112,-0.0411,0.068586,0.074243,0.192434,-0.132994,#
8,-0.123052,0.397109,0.10414,-0.08214,0.083268,0.495627,0.231804,-0.224334,1.0,0.198205,0.015628,-0.001496,-0.198314,0.253946,-0.094513,0.05385,-0.189131,0.283113,0.211419,0.069469,-0.051845,0.097121,0.327558,-0.06597,0.124644,-0.307578,-0.100861,-0.333316,0.133423,0.269275,-0.068538,-0.124977,-0.176011,-0.290182,0.029064,0.191595,0.351299,-0.412653,0.489072,-0.365321,0.105754,-0.065382,-0.090385,-0.178039,-0.075917,-0.080387,0.335887,-0.032505,0.108279,0.027434,0.141177,-0.11715,0.096111,-0.06238,-0.068618,-0.05852,-0.102364,0.241796,-0.393444,0.107362,0.309456,0.284703,0.253871,-0.143364,-0.191497,-0.007173,0.050446,0.092722,0.098192,-0.084836,-0.13441,0.081805,-0.301033,-0.073135,-0.361243,0.240523,0.029815,-0.173974,-0.425225,-0.05913,-0.031686,-0.260469,-0.171145,0.436619,0.32279,0.015076,0.082449,-0.365757,0.229902,-0.065567,-0.223612,-0.00149,-0.403346,0.288011,-0.049068,-0.194002,0.322463,-0.225504,0.183618,-0.086108,0.127135,0.145404,-0.237196,0.191458,0.034523,-0.187088,-0.238647,-0.084801,0.123593,-0.056524,0.031081,-0.240539,-0.251767,-0.240409,-0.104312,-0.2583,-0.04286,-0.28293,0.253576,-0.530522,0.050014,-0.069422,-0.052961,-0.11122,0.099019,0.191208,0.301198,0.291855,-0.467614,-0.312192,-0.03572,-0.149755,-0.228723,-0.247909,-0.27662,-0.340782,-0.16654,-0.171145,0.277745,-0.371145,-0.346276,-0.168569,-0.208719,-0.237591,-0.394918,-0.619025,0.162537,0.318013,-0.106842,-0.128205,0.205051,-0.26196,0.011358,-0.445706,-0.107527,0.038948,0.339788,0.383347,0.034523,0.023597,-0.328595,-0.187088,-0.147271,0.199553,0.242285,-0.296379,-0.124262,-0.304049,-0.284986,-0.117982,0.071132,-0.017811,0.015512,-0.135186,0.067506,-0.255772,-0.407741,0.291311,0.390903,0.222659,0.323465,-0.027489,-0.158954,0.070405,-0.031859,0.242939,0.236389,0.180588,-0.283417,0.374156,-0.371673,0.208725,0.007376,0.15024,-0.312963,0.202177,-0.120631,-0.111877,0.055369,-0.170531,#
9,0.527181,0.593558,-0.144171,-0.090268,0.191969,0.208248,-0.023871,-0.252986,0.198205,1.0,-0.249603,0.261931,0.23564,0.412779,0.24353,0.158642,-0.184495,0.232881,0.255855,-0.326989,0.289972,-0.144707,0.266015,-0.31814,0.01709,-0.280359,0.173174,-0.183936,0.118529,0.482293,-0.383961,-0.113999,-0.183043,-0.276729,-0.104434,0.242394,-0.22827,-0.436284,-0.001721,0.026333,-0.08566,0.034291,-0.485612,0.017678,0.080716,-0.186553,0.192357,-0.107631,-0.518799,0.202437,0.206487,-0.526025,0.092242,-0.101561,0.077057,0.05453,-0.297091,0.213119,-0.228064,-0.140362,0.132197,0.518799,0.147988,-0.216249,-0.115902,0.103255,-0.108872,-0.008039,0.048581,0.112008,-0.184025,0.350765,0.273126,0.130581,-0.049644,0.0923,-0.416089,-0.301253,-0.330134,-0.060154,-0.301147,-0.023024,-0.301276,-0.081216,0.098693,-0.354122,-0.24445,-0.383761,0.233696,-0.171351,-0.266502,-0.309828,-0.252972,0.09016,0.063931,-0.085027,0.098594,-0.170335,-0.354312,-0.101342,0.183376,-0.233697,-0.058401,0.040221,-0.124467,-0.301253,-0.262862,-0.360276,-0.082523,-0.326817,0.170685,-0.108849,-0.32737,-0.085103,-0.491553,0.127813,-0.142168,-0.584654,-0.011725,-0.472998,-0.269121,-0.207409,-0.590939,-0.276775,0.079279,-0.175664,-0.023488,0.151467,-0.193555,-0.354466,-0.175734,-0.161076,0.083696,-0.125353,-0.491341,-0.301316,-0.075363,-0.301276,-0.209529,-0.551964,-0.301247,-0.238943,-0.383993,-0.581395,-0.499118,-0.479767,-0.171117,0.45339,-0.198689,-0.276238,-0.279307,-0.590637,-0.230016,-0.276728,-0.491628,-0.276664,0.05339,0.399069,-0.124467,-0.201894,-0.461739,-0.301253,-0.113812,0.123802,0.230963,-0.014317,-0.276501,0.041845,-0.276828,-0.276775,0.003998,0.149045,-0.113874,-0.100905,0.161714,-0.174153,-0.184512,0.524621,0.407159,-0.556533,0.375793,0.205112,-0.028313,0.27035,0.337563,-0.137011,0.27035,0.208703,-0.17888,0.575878,-0.227979,-0.038883,0.128882,0.383477,-0.00975,0.024502,0.070607,0.11734,0.052167,0.039186,#
10,0.133825,-0.027119,0.126929,0.210802,0.064458,0.394771,0.052434,-0.103948,0.015628,-0.249603,1.0,-0.033156,0.149865,0.152763,0.185011,0.231141,0.576901,-0.11851,-0.186426,-0.114384,0.017876,0.123463,0.010135,-0.150334,-0.14167,-0.115221,-0.135993,0.030099,-0.140794,0.197647,-0.222076,0.376386,-0.046232,-0.009584,0.345608,-0.2496,0.144069,0.121297,0.136849,-0.043351,-0.154537,0.006666,-0.152859,0.105269,-0.021006,-0.412166,-0.109058,-0.309097,0.216077,-0.088319,0.286097,0.302141,-0.176143,-0.044719,0.414686,0.304805,-0.204716,0.156285,-0.054589,0.234893,-0.050321,0.158789,-0.297052,-0.139658,0.248348,-0.045954,-0.19936,0.050602,0.168593,-0.536169,0.266237,0.011588,-0.249445,-0.222316,-0.132779,0.225652,-0.2832,0.086622,-0.387261,-0.291576,-0.197758,-0.236042,0.090318,0.317167,-0.629771,0.010392,-0.237219,-0.024908,-0.533032,-0.379814,0.237758,-0.26678,0.047238,0.197272,-0.142738,-0.039932,0.056586,-0.205074,0.201108,-0.1668,0.050647,0.048921,0.055025,-0.089747,-0.045337,-0.287443,-0.050984,-0.068379,-0.247341,0.443683,-0.271546,-0.199318,-0.198013,0.064172,-0.217658,-0.331469,-0.08015,0.121655,-0.206098,-0.00841,-0.402441,0.055271,0.010512,-0.043165,0.086867,0.031841,0.123208,-0.108393,-0.280188,-0.337021,-0.057508,-0.047675,-0.565777,-0.101697,-0.219411,-0.241575,-0.138,-0.236164,-0.198998,0.027778,-0.363999,0.073545,-0.032243,-0.088829,-0.170403,-0.248024,-0.126705,0.198144,0.035115,0.02944,-0.078285,-0.206562,-0.033985,-0.239467,-0.266305,-0.206363,0.300242,-0.080811,-0.203286,0.080745,-0.124968,-0.098733,0.197657,0.021011,-0.329678,0.059877,0.044254,-0.299601,-0.188634,-0.374467,0.171128,0.018307,0.010267,-0.045197,0.280882,-0.128923,-0.337867,0.312397,0.082824,0.442909,0.266545,-0.054745,0.276106,0.192149,-0.043164,-0.205389,0.056793,-0.076856,0.243839,-0.01453,-0.400402,0.195411,0.156448,0.20067,-0.082754,-0.232581,-0.062682,-0.430301,-0.176888,-0.148792,#
11,0.000409,0.241507,0.129326,-0.066777,0.170274,-0.17962,0.134078,-0.19644,-0.001496,0.261931,-0.033156,1.0,-0.221496,0.25328,0.244131,0.415672,-0.326361,0.035694,0.013447,-0.390008,0.22091,-0.258488,0.066069,-0.437095,0.008676,-0.118998,0.268748,-0.345252,0.363567,0.275032,-0.090157,-0.007004,-0.259047,-0.119384,-0.015834,-0.041653,-0.424585,0.057857,0.08327,0.378018,0.113634,-0.192921,-0.091909,0.007341,0.306563,0.069305,0.039042,-0.109832,-0.4347,0.202483,0.202626,-0.31615,0.175712,0.168057,-0.388536,0.033522,0.104246,-0.166069,-0.333744,0.043095,-0.212078,0.303113,0.172634,0.041192,-0.020509,-0.233776,0.173493,0.26177,0.014521,-0.165575,0.131109,0.410895,0.251275,0.23685,-0.103154,0.125129,-0.41577,-0.27231,-0.247342,-0.132621,-0.191095,-0.161771,0.069787,0.072066,0.254518,0.062568,-0.317949,-0.400697,-0.071765,-0.447629,0.016426,-0.057547,-0.013665,-0.004822,-0.194507,-0.230504,-0.295961,-0.234466,-0.300105,0.122629,-0.015399,0.219231,0.031336,0.154941,-0.20021,-0.286698,-0.268662,-0.173767,-0.07766,0.031339,-0.370941,0.200583,-0.464282,0.361177,-0.093797,-0.059219,-0.127479,-0.133821,0.073021,-0.360229,-0.306822,-0.26697,-0.225369,-0.180421,0.213876,-0.08703,-0.117261,-0.221679,-0.227168,-0.317734,0.147458,-0.212413,-0.059221,0.002234,-0.279479,-0.06104,0.156934,-0.042155,-0.163146,-0.076898,-0.353414,0.068849,-0.25778,-0.040614,-0.218653,-0.329763,0.312385,0.377493,-0.058464,-0.084478,0.168103,-0.447882,-0.205478,-0.137343,-0.360914,-0.136082,-0.028281,0.423477,-0.121011,-0.018698,-0.218363,-0.106856,0.052577,0.066983,0.127206,-0.231629,-0.628807,-0.050213,0.075603,-0.296075,0.086852,-0.157209,-0.148364,-0.359469,0.176614,0.314126,-0.091341,0.081844,-0.002216,-0.248949,0.103778,0.114714,-0.081745,0.08618,0.258224,0.06716,0.146884,-0.066148,-0.059368,0.233171,-0.258656,0.076171,0.376863,0.405775,-0.129546,0.005423,-0.195602,-0.14569,0.061558,0.401849,#
12,0.365451,-0.116298,-0.236633,0.051861,0.182119,0.221135,0.260216,-0.08062,-0.198314,0.23564,0.149865,-0.221496,1.0,0.147986,-0.030296,0.112102,0.451719,-0.227435,0.226706,0.06387,0.325613,-0.007978,0.050024,-0.190027,-0.103147,-0.341374,-0.017844,-0.044006,0.000236,-0.077384,-0.079405,0.174665,-0.244314,0.066362,-0.279709,-0.298038,0.051084,-0.139995,0.124187,-0.254889,-0.077688,0.374804,-0.186537,-0.033792,0.085624,-0.280879,-0.026436,-0.172923,-0.067345,-0.122778,0.121678,-0.0964,0.093317,-0.266215,0.181429,0.135602,-0.380534,-0.068946,0.014008,0.129853,0.015129,0.114218,0.00455,-0.208882,0.089824,0.052787,-0.238047,0.020688,-0.045597,-0.109506,0.178934,-0.071617,-0.013237,-0.069254,-0.163447,-0.109211,0.036718,-0.053236,0.115292,-0.002405,-0.168714,-0.088384,-0.015884,0.094425,-0.346368,0.026246,0.062431,-0.021578,-0.049207,-0.357461,0.28344,-0.305692,0.008808,0.169432,0.310585,0.05504,-0.114079,-0.06371,-0.176133,-0.124167,0.096014,-0.370054,0.128522,-0.1723,0.063064,-0.053236,0.02447,0.018657,-0.344827,-0.194931,0.466292,-0.237998,0.132043,-0.069568,-0.102469,-0.116902,0.094417,0.14451,-0.081243,-0.034883,-0.091674,-0.246249,-0.627607,-0.164504,-0.158837,0.195966,-0.170007,0.234251,0.086416,-0.003695,-0.0204,0.55999,-0.038931,0.077103,0.077642,-0.005337,-0.164781,-0.357624,-0.20156,-0.100738,0.0,0.329806,0.098753,-0.166265,-0.154039,0.160656,-0.241206,0.362869,-0.114848,-0.232351,-0.187996,-0.063011,0.070494,-0.121968,-0.282944,-0.161577,0.389513,-0.052281,0.063064,0.043387,0.123939,-0.053236,0.07693,-0.01573,-0.052956,0.134897,0.259839,-0.123258,0.180799,0.019277,0.35423,0.354966,0.204445,0.439465,0.32875,-0.237578,0.028159,0.190125,0.271455,-0.21166,0.259798,-0.112822,0.209404,0.007029,-0.041186,-0.095772,0.141941,0.38345,0.043272,-0.107218,0.133087,-0.108937,-0.124855,0.08068,0.25175,0.183631,0.228709,0.16478,-0.046054,0.191251,#
13,0.285588,0.521029,0.033996,-0.476225,0.218563,0.433379,0.325007,-0.407273,0.253946,0.412779,0.152763,0.25328,0.147986,1.0,0.213086,0.339799,0.171671,0.035598,0.2959,-0.470963,0.064521,0.189156,0.296884,-0.345157,-0.268639,-0.40095,0.199184,-0.25997,0.230928,0.177051,-0.622216,-0.01494,-0.438983,-0.171716,-0.20862,-0.080384,-0.043326,-0.13528,0.257001,-0.030565,-0.143245,0.266624,-0.052922,0.257248,-0.309888,-0.255571,0.242272,0.050834,-0.17804,0.268432,0.058166,-0.482503,0.252808,-0.309078,-0.022167,0.208991,-0.34137,0.546707,0.003876,0.40751,0.310772,0.271618,-0.058581,-0.132895,-0.027989,0.157524,-0.261101,0.244306,0.416317,0.021455,0.157393,0.151821,-0.060231,0.020239,-0.10772,0.269233,-0.372722,-0.385115,-0.716884,-0.173603,-0.237092,-0.359135,-0.240745,0.345501,0.135051,0.106819,-0.171427,-0.268776,-0.216923,-0.280805,-0.191768,-0.282219,-0.281677,0.349191,0.032165,-0.085111,0.352064,-0.284484,-0.038997,-0.326083,0.482977,-0.285282,-0.358988,-0.033866,0.091366,-0.382149,-0.194995,-0.221337,-0.085995,0.023228,-0.092028,0.047895,-0.373407,0.016372,-0.189613,-0.144102,-0.603458,-0.25842,-0.017501,-0.267448,-0.204329,-0.306834,-0.337379,-0.322711,-0.240414,-0.049099,0.057993,0.129661,-0.29762,-0.515108,-0.192927,0.030508,-0.422057,-0.318358,-0.189761,-0.388024,-0.180739,-0.215388,0.058729,-0.310871,-0.384086,0.112018,-0.423911,-0.416679,-0.240097,-0.499574,-0.193481,0.437295,-0.499145,-0.008351,-0.273017,-0.542608,0.139551,-0.31938,-0.355245,-0.162646,0.429728,0.30919,0.091366,-0.210885,-0.215087,-0.548978,0.421089,0.280102,-0.039565,0.355686,-0.176391,-0.194302,-0.336725,-0.322711,-0.045314,0.105727,-0.073007,-0.076978,0.192637,-0.408066,-0.042024,0.257458,0.336738,0.032755,0.756285,-0.219091,0.110031,0.497675,0.078163,-0.314509,0.67052,0.046445,-0.332202,0.528301,-0.314377,0.011023,0.131439,0.265989,-0.024946,-0.017345,-0.160282,-0.381914,-0.319689,-0.233036,#
14,0.326234,0.288128,-0.280417,0.135355,0.14891,-0.075997,0.153564,0.059803,-0.094513,0.24353,0.185011,0.244131,-0.030296,0.213086,1.0,0.243473,0.056215,-0.254038,0.019508,-0.175394,-0.141743,-0.053239,0.04891,-0.222307,0.030745,-0.03247,0.303867,0.136384,-0.094851,0.266142,-0.293619,0.07809,-0.250827,-0.224667,0.142243,-0.008637,-0.27284,0.175707,0.040414,0.553166,-0.187574,-0.204337,-0.236728,-0.031959,0.181277,-0.477848,0.08367,0.047901,-0.071053,-0.101439,0.091205,-0.168676,-0.223765,-0.148783,-0.200137,0.157428,-0.458994,0.017166,-0.048061,0.107894,-0.25739,0.594034,-0.319199,0.219403,-0.366768,0.004406,0.082562,-0.137395,0.299013,-0.065267,0.361839,0.185052,-0.029486,0.161338,0.297271,0.234457,-0.357868,-0.127004,-0.501718,-0.07441,-0.097088,-0.359895,-0.148395,0.017917,-0.355181,-0.04471,-0.493683,-0.13298,0.043929,0.015283,-0.013472,-0.213755,0.131249,-0.099497,-0.268842,-0.149056,-0.165948,-0.100941,-0.377155,-0.205404,0.146332,-0.267752,0.121417,0.04261,0.18148,-0.127004,-0.002887,-0.366752,0.194947,-0.029887,-0.294373,0.076624,-0.32073,0.177941,-0.472184,-0.022463,0.194409,-0.318213,-0.08491,-0.179298,-0.31,-0.038251,-0.316271,-0.087358,0.217326,-0.040234,-0.183351,0.162534,0.031252,-0.208729,-0.255416,-0.324743,0.004862,-0.180517,-0.291641,-0.27009,-0.151939,-0.254691,-0.152439,0.050647,-0.258697,-0.274968,-0.099829,-0.48012,-0.349229,-0.182324,0.112005,0.191442,-0.169336,0.139356,-0.208221,-0.122989,-0.293556,-0.237197,-0.167812,0.135042,0.013217,-0.019578,-0.159144,-0.176398,-0.19062,-0.127004,0.256262,-0.040991,0.040116,-0.024007,-0.218716,-0.002209,-0.21191,-0.558004,0.058325,-0.12772,-0.230407,-0.360188,-0.019412,-0.090453,-0.371992,0.016556,-0.037147,-0.1139,0.13064,-0.150553,0.132535,0.18397,0.169483,-0.050829,0.241393,-0.037206,-0.024014,-0.106581,-0.116001,0.261553,-0.089406,0.073372,-0.342773,-0.105283,-0.173114,-0.023331,-0.024309,0.157022,#
15,0.429313,-0.03175,-0.163061,-0.092257,0.431501,0.253327,-0.041181,0.053851,0.05385,0.158642,0.231141,0.415672,0.112102,0.339799,0.243473,1.0,0.143569,-0.277886,0.050067,-0.380372,0.205824,-0.349498,0.046337,-0.451172,-0.141557,-0.215175,0.240401,-0.252101,0.46845,0.426224,-0.375132,0.555947,-0.360774,-0.379574,0.19653,-0.119797,-0.273763,-0.122514,0.569754,0.171239,-0.064862,-0.051275,-0.151547,-0.157129,0.215789,-0.078696,-0.019435,-0.075891,-0.207849,-0.136164,0.474766,-0.034424,0.047108,0.116282,-0.116086,0.21476,-0.324735,0.184909,-0.282904,0.044244,-0.134784,0.025564,-0.282403,-0.192767,0.046115,-0.063034,0.290657,0.287999,0.433706,-0.259308,-0.038896,0.498001,0.152594,0.13596,-0.232715,0.309256,-0.287575,-0.333102,-0.174811,-0.10932,-0.29563,-0.146949,0.148853,0.325925,-0.205378,-0.119271,-0.311751,-0.394179,-0.287334,-0.241362,0.05961,-0.540968,-0.199209,-0.022186,-0.343906,-0.162025,-0.026404,-0.351263,-0.421231,-0.085616,0.292458,-0.171488,-0.108873,0.082419,-0.049328,-0.345983,0.05859,0.170193,-0.33527,0.119677,-0.527032,0.314883,-0.158553,-0.039822,-0.447726,-0.2486,0.079633,0.136489,-0.087685,-0.323526,-0.612117,0.018772,-0.320086,0.062911,0.1758,-0.165728,-0.282429,-0.021258,-0.348316,-0.458843,-0.306791,-0.213376,-0.388281,-0.221987,-0.448456,-0.132871,-0.194602,-0.298544,-0.252821,-0.276382,-0.624186,0.076884,-0.210633,-0.179441,-0.228087,-0.241343,-0.155425,0.438732,-0.278941,-0.236819,-0.003153,-0.529504,-0.237411,-0.590387,-0.331356,-0.233206,-0.100626,0.283884,-0.371724,-0.58973,-0.478377,-0.345983,0.169379,-0.098316,-0.106059,-0.172355,-0.544246,0.053991,-0.05279,-0.382547,0.240254,0.001615,-0.281498,-0.0599,0.429304,-0.161678,-0.273644,0.22376,0.249508,-0.011403,0.400209,0.001071,-0.034323,0.380537,0.120432,-0.054759,0.258249,-0.00995,0.030372,0.32367,-0.4461,0.246641,0.347657,0.338271,-0.161807,0.120804,0.086853,-0.239314,0.089175,0.164727,#
16,0.030124,-0.31146,-0.116569,-0.027895,-0.029509,0.218511,0.043196,-0.121331,-0.189131,-0.184495,0.576901,-0.326361,0.451719,0.171671,0.056215,0.143569,1.0,-0.327098,-0.074976,-0.013764,-0.129797,0.098082,-0.075604,-0.082641,-0.342707,0.166503,0.039998,0.268826,-0.112725,0.040736,-0.306774,0.131379,-0.247748,0.065565,0.132307,-0.184493,0.186516,0.280146,0.073356,-0.114416,-0.439918,0.149263,-0.043674,0.104771,-0.047222,-0.177639,0.005395,-0.209858,0.326573,0.031358,0.012582,0.238513,-0.280747,-0.121952,0.424113,0.103676,-0.213253,0.184435,0.27564,0.297109,-0.147745,0.050797,-0.161086,0.188301,0.22593,-0.049763,-0.147357,-0.081722,0.300418,-0.6016,0.268956,-0.049111,-0.184378,-0.028789,-0.075477,0.151218,-0.131194,0.011664,-0.10889,0.121353,-0.189474,-0.004813,0.014089,0.143724,-0.569382,-0.09076,-0.22483,0.277591,-0.438795,-0.090561,0.186813,-0.268327,0.111072,0.303045,0.104222,0.207831,-0.035648,-0.126666,0.148323,-0.442082,0.289148,-0.18367,0.081888,-0.311412,-0.177481,-0.192049,0.195133,0.07247,-0.186667,0.137413,0.020104,-0.147327,-0.122783,-0.023466,-0.011998,-0.224416,-0.146383,0.108112,-0.177441,0.210409,-0.216416,0.207077,-0.102814,0.05795,-0.345697,0.067521,-0.110511,0.252674,-0.047224,-0.055148,0.037029,0.347262,-0.354703,0.178685,-0.036641,0.00891,-0.102004,0.014089,-0.125941,0.226658,0.021181,0.215333,0.299678,-0.056518,-0.291125,-0.033119,-0.232965,-0.067097,-0.02289,0.075977,-0.300928,-0.12933,0.166276,-0.15635,-0.219973,-0.150648,0.2532,-0.251707,-0.177481,0.268788,-0.064188,-0.192049,0.327602,-0.060863,-0.439494,0.258245,0.257228,-0.173131,-0.171012,-0.152153,0.344067,0.118317,0.151393,0.280695,0.174916,-0.228445,0.011481,0.326083,0.188624,0.411406,0.338899,-0.181437,0.361645,0.189471,-0.047794,-0.038267,0.189471,0.168314,0.240411,-0.064562,-0.042839,0.061733,-0.058602,-0.057544,0.147939,-0.104454,0.051456,-0.261089,-0.51835,-0.146851,#
17,-0.19491,0.403479,0.457716,0.14835,-0.160488,0.160186,-0.068371,-0.013845,0.283113,0.232881,-0.11851,0.035694,-0.227435,0.035598,-0.254038,-0.277886,-0.327098,1.0,-0.264152,0.157692,0.263662,0.1032,0.111952,0.193428,0.191522,-0.03922,-0.288943,0.017826,0.301572,-0.069512,0.081558,-0.13772,0.153073,0.113791,-0.148024,0.169961,0.122095,-0.299492,-0.19696,-0.110776,0.019854,-0.105676,0.077625,0.053942,0.090331,0.070814,-0.008151,-0.112906,-0.22942,0.234929,0.215511,-0.076619,0.148185,-0.118007,-0.154586,0.083904,0.150467,0.322103,-0.046348,-0.062033,0.324259,-0.003883,0.353883,-0.160079,-0.030031,0.013631,0.104694,0.02385,-0.287844,0.050885,-0.239392,-0.151383,0.243687,-0.18631,-0.089359,-0.212155,0.137847,0.18249,-0.212405,0.392726,0.489578,0.244983,-0.014377,0.026225,0.414347,-0.305666,0.263775,-0.208852,0.443849,0.074534,-0.229538,0.123322,-0.135996,-0.046434,0.14665,-0.250404,-0.063427,0.279125,0.397122,0.158404,0.288515,0.373803,0.210369,0.128969,0.041069,0.1163,-0.26211,-0.190387,0.085894,0.04273,0.085814,0.181512,-0.008935,0.405068,0.252553,0.150795,-0.094439,-0.132512,-0.282832,-0.028648,0.436481,0.153402,0.171402,-0.140721,0.339865,-0.038622,0.44509,0.168604,-0.273154,0.228549,0.112462,-0.177935,-0.044291,-0.168463,-0.10225,0.114718,-0.325237,0.106524,0.284384,-0.300843,0.160287,0.011165,0.103673,0.063684,-0.060764,-0.297542,-0.136325,-0.028672,0.18956,0.101123,0.152339,-0.206901,-0.005844,-0.075668,0.057445,0.046097,0.148952,-0.03904,0.049094,0.135184,0.092941,0.134167,-0.269127,0.249254,0.445302,-0.062784,0.114711,-0.264129,-0.065181,0.247937,-0.207872,-0.169948,0.080532,-0.141844,-0.147256,0.108988,-0.12255,0.241876,-0.165745,-0.271255,-0.111899,0.293925,-0.203706,-0.446182,-0.077272,-0.206273,-0.25686,0.152007,-0.045786,0.384493,-0.043527,0.087694,0.217731,0.032362,0.141919,0.008983,0.012985,0.14256,-0.059008,-0.333559,#
18,0.077143,0.243785,-0.313754,-0.463655,0.30306,0.225513,0.304177,-0.268445,0.211419,0.255855,-0.186426,0.013447,0.226706,0.2959,0.019508,0.050067,-0.074976,-0.264152,1.0,-0.110022,0.266566,0.02642,0.461593,0.110785,-0.113511,-0.473732,0.350589,-0.119522,-0.145226,0.174393,-0.187409,-0.331656,-0.288578,0.110741,-0.391775,-0.264016,0.032384,-0.375082,0.120807,-0.190619,-0.103118,-0.044603,-0.112876,0.105565,-0.25046,-0.160241,0.194393,0.308732,-0.319009,0.115149,-0.01907,-0.08535,0.366763,-0.30771,-0.037132,0.16195,-0.190221,-0.148003,-0.100982,0.370074,-0.192984,0.310944,-0.098484,-0.188177,-0.036268,0.135034,-0.42685,0.143013,0.015018,0.200725,0.100219,0.112283,-0.033526,0.452158,-0.291302,0.198821,-0.1047,-0.521473,-0.070444,-0.108266,-0.355453,-0.383528,-0.337172,0.429218,0.148129,0.155116,-0.193383,-0.175397,-0.059555,-0.31158,-0.288058,-0.124524,-0.136888,0.217512,0.145838,0.03477,-0.021673,-0.327941,-0.38561,0.025398,0.128121,-0.057361,-0.289608,0.007493,-0.205457,-0.504268,-0.257146,-0.125167,-0.173488,0.05195,0.281245,-0.088383,-0.090603,-0.313725,-0.361345,-0.455611,-0.033562,-0.186636,0.15956,-0.405179,-0.210504,-0.418889,-0.410235,-0.539508,-0.258091,-0.302066,0.259701,0.109185,0.027727,-0.416005,-0.166959,0.037628,-0.07294,0.054235,-0.002825,-0.173656,0.181097,-0.477582,0.018909,-0.343984,-0.173393,0.06612,-0.510702,-0.314216,-0.113204,-0.101201,-0.162382,0.382781,-0.34504,-0.050595,0.239992,-0.271776,0.217662,-0.227792,-0.354898,-0.201018,-0.118654,0.479963,0.193638,-0.140491,-0.220461,-0.381881,-0.045104,0.124961,-0.048462,0.195532,0.099979,0.112304,0.110247,-0.057992,0.101832,0.383924,-0.079317,-0.189045,0.220809,-0.408762,0.141738,0.112526,0.278037,-0.035383,0.524143,-0.182567,0.086321,0.428163,-0.150166,0.295792,0.603452,0.233703,-0.417496,0.260184,0.128972,-0.200491,-0.207252,0.133003,0.005083,0.397972,0.249582,-0.077912,0.333254,0.075044,#
19,-0.386366,-0.210049,-0.123391,0.18615,-0.303066,-0.083704,0.002588,0.239773,0.069469,-0.326989,-0.114384,-0.390008,0.06387,-0.470963,-0.175394,-0.380372,-0.013764,0.157692,-0.110022,1.0,-0.056089,0.056492,-0.311902,0.626542,0.238686,0.138589,-0.10243,0.039914,-0.291216,-0.316917,0.514071,-0.005946,-0.007438,0.522842,-0.185095,-0.085119,0.562597,0.096799,-0.091801,-0.121164,0.056603,-0.031361,0.291455,-0.251431,0.062463,0.125004,0.123037,0.086033,0.072109,-0.357502,-0.137076,0.379341,-0.13631,-0.189472,-0.187917,-0.203389,0.226399,-0.341699,0.244106,-0.155832,0.058572,-0.200339,0.319822,0.066639,-0.138806,-0.233872,0.323024,-0.230952,-0.277397,0.161093,0.022497,-0.43625,-0.094363,-0.133517,0.094182,-0.071216,0.789831,0.269378,0.38795,0.382622,0.415659,0.358299,0.268904,-0.315703,0.165054,0.27474,0.173004,0.06203,0.336836,0.372999,0.092289,0.443495,0.436733,-0.113375,-0.0847,0.133955,-0.04505,0.218086,0.268765,0.347937,-0.12119,0.39728,0.198455,-0.036454,0.319333,0.424215,0.071594,0.085405,0.253896,-0.298203,0.167243,0.019581,0.567267,0.19161,0.326273,0.032408,0.363297,0.185602,0.009793,0.165352,0.509671,0.25585,0.347699,0.336295,-0.102568,0.461236,0.269161,0.234397,0.264753,0.605247,0.25324,0.309635,0.269571,0.05476,0.337995,0.274706,-0.180786,0.090807,0.239153,0.180597,0.267327,0.028528,0.536528,0.412903,0.328847,0.339929,0.035989,-0.336864,0.379225,0.349452,0.065927,0.548061,0.173036,0.013931,0.481521,0.654532,0.158447,-0.321527,0.139338,0.311769,0.243463,0.424215,-0.193337,0.102904,0.163345,0.000713,0.359829,0.26611,0.014904,0.352828,-0.134473,0.208695,0.296317,-0.039552,-0.449063,0.038822,-0.013766,-0.259104,-0.298115,0.116847,-0.368658,0.09775,-0.076027,-0.512589,-0.136291,0.330206,-0.349266,0.461047,-0.028079,-0.376082,0.411922,-0.177063,-0.364946,-0.36979,0.06062,-0.190181,-0.038335,0.449879,-0.195214,-0.273825,#
20,0.188317,0.318954,-0.038123,-0.089472,0.319355,0.125081,0.170528,-0.289083,-0.051845,0.289972,0.017876,0.22091,0.325613,0.064521,-0.141743,0.205824,-0.129797,0.263662,0.266566,-0.056089,1.0,0.093146,0.117877,-0.152759,-0.093241,-0.224629,0.03656,0.047807,0.494745,0.362767,-0.351059,-0.053626,0.139403,0.043688,-0.202336,-0.251535,-0.315532,-0.475242,-0.151645,0.084719,0.30918,-0.156348,-0.100031,0.219829,0.218437,-0.037234,-0.362959,-0.09561,-0.526444,0.161227,0.062233,0.045371,0.040378,-0.311057,0.07547,0.41468,-0.037165,-0.066382,-0.256364,0.315152,0.019913,0.190665,0.258841,-0.216373,0.395456,0.01034,-0.200905,-0.103762,-0.147161,-0.134167,-0.217457,0.183121,0.037634,0.054001,-0.435369,-0.107605,-0.045477,-0.012278,0.075798,0.083352,-0.185684,-0.174932,-0.016287,0.248814,0.069175,-0.165067,0.142305,-0.523604,-0.162092,-0.347531,-0.030434,-0.269298,-0.269006,0.111952,-0.050529,-0.185372,-0.186043,-0.172284,-0.351197,0.100505,0.13804,0.039644,0.07924,-0.035566,-0.227509,-0.012278,-0.243878,-0.300275,-0.366126,0.257254,0.123637,0.134218,-0.102456,0.103216,-0.355167,-0.261776,0.175425,0.122399,-0.121294,-0.311239,-0.156689,-0.382739,-0.356621,-0.334773,0.131464,-0.241994,0.27008,-0.198502,-0.179019,-0.300941,-0.323202,-0.050654,-0.04455,0.073017,-0.353008,0.159487,-0.13907,-0.384338,-0.200258,-0.595047,-0.368799,0.0024,-0.186733,-0.015478,-0.138269,-0.09228,-0.093448,0.415628,0.041786,-0.392008,0.286347,-0.491671,-0.227692,-0.147691,-0.356669,-0.333497,-0.083256,0.415686,-0.227509,-0.237291,-0.345622,-0.197114,-0.307647,-0.010935,-0.216205,-0.113634,-0.315086,0.119259,0.22336,0.042612,0.136539,0.360919,-0.127906,0.214279,0.431578,-0.267702,0.102644,0.436219,0.249279,-0.26735,0.373585,-0.042971,0.090979,0.166359,0.294884,-0.096041,0.166359,0.333367,-0.060321,0.520102,-0.110628,0.181233,0.541203,0.192398,0.28361,0.160794,0.496111,0.151345,0.346808,0.097937,#
