0,1.0,0.159878,0.010814,-0.211699,0.21095,0.066523,0.193562,0.142323,0.347964,-0.009318,-0.217917,0.176665,0.421369,0.331496,-0.123397,-0.197905,-0.096635,0.227626,0.246941,-0.079574,-0.228928,-0.0621,0.398924,-0.099777,-0.09397,-0.356165,-0.082814,0.060532,0.259623,0.307789,-0.322195,0.037313,0.031833,-0.18849,-0.128759,-0.081313,-0.106528,0.255022,0.126225,0.002566,0.229224,0.186269,0.059335,0.037844,-0.189791,-0.320896,0.378347,0.324141,-0.257299,0.026613,0.068407,0.143046,-0.000278,-0.034169,-0.138829,0.139022,0.210605,-0.14562,-0.058977,0.062526,0.21516,0.182148,0.08432,-0.065506,0.074714,0.438771,0.036635,0.201667,0.237006,-0.025578,0.293047,-0.076577,-0.224234,-0.096663,-0.185082,0.290253,0.004718,-0.039073,0.079658,0.169023,-0.235187,-0.044473,-0.069341,0.210383,-0.061142,0.111945,-0.106602,-0.003371,0.269334,-0.215877,-0.428366,-0.044525,-0.311846,0.433775,0.129875,-0.242807,0.158557,0.042779,0.186655,-0.362145,0.073331,-0.347056,0.157043,-0.009376,-0.123856,0.155174,0.147628,0.010107,-0.329506,-0.040179,0.326875,0.061257,0.049917,-0.219463,-0.290173,-0.403407,-0.174978,0.048286,0.284357,-0.503968,-0.038948,-0.481893,-0.184313,-0.28098,-0.19566,0.132647,-0.279215,0.052824,0.032296,-0.337233,-0.103604,0.052139,-0.023018,0.071766,-0.229286,-0.220497,0.189521,-0.244721,-0.21473,-0.130629,0.128404,-0.412578,-0.507317,0.039582,-0.148642,-0.040173,-0.401254,0.242736,-0.126018,-0.133279,-0.157909,-0.333011,0.029749,0.017076,-0.323656,-0.029683,0.343163,0.188501,-0.228628,0.06045,-0.148365,0.117026,-0.282886,0.014235,0.066201,-0.196213,0.22232,0.098693,-0.211067,-0.170499,-0.087735,0.216735,-0.05393,0.008011,0.264007,-0.027404,0.216892,0.133435,0.315888,-0.501007,-0.126249,0.002092,-0.342918,-0.155938,0.432016,0.012184,0.174887,0.366209,-0.445438,0.381544,0.153666,-0.287897,0.382216,0.305177,-0.143467,0.119026,0.246513,-0.315495,-0.230455,0.014377,#
1,0.159878,1.0,-0.006473,-0.194234,0.195384,-0.066277,0.256925,0.188037,0.161361,0.483229,-0.19579,0.031009,0.311367,0.203511,0.231487,0.017915,-0.433468,0.429275,0.315092,0.354079,0.161866,0.459201,0.269265,0.073603,-0.307585,0.132164,0.408909,0.031905,0.249545,0.494316,-0.538611,0.219438,0.348639,0.201187,-0.109539,-0.155415,0.091128,-0.089567,-0.114402,-0.159063,-0.068735,0.568718,0.21631,0.015273,-0.211044,-0.536572,0.391683,0.51675,0.007245,0.248887,0.342053,-0.211824,-0.019974,-0.003357,0.097317,0.021497,-0.346037,-0.152484,-0.217203,-0.095561,0.174169,0.26642,-0.194271,0.482191,0.051623,0.214773,0.051731,0.387998,0.159194,-0.086778,0.007632,-0.236918,0.011167,-0.145858,-0.064422,0.261927,-0.330185,-0.218967,-0.269032,-0.488285,-0.264124,-0.228694,-0.388299,0.017117,-0.274166,-0.041487,-0.130405,0.002031,-0.088396,0.094127,0.086308,-0.077369,-0.482818,0.227795,-0.216283,0.322914,0.325064,-0.154605,0.012859,-0.228575,-0.189801,-0.343659,-0.684752,-0.020072,-0.632494,-0.17093,-0.506935,-0.385019,-0.378664,-0.226478,0.352064,0.089328,0.005901,-0.398853,-0.116843,-0.068689,-0.203915,-0.241256,0.329033,-0.410194,-0.200139,-0.015319,-0.194169,-0.476823,0.031255,0.002671,-0.26181,-0.217086,-0.176457,-0.118266,-0.123378,-0.344705,-0.188926,0.104461,-0.228694,-0.038183,-0.080558,-0.084327,0.152002,-0.206457,-0.102818,-0.027089,-0.343438,-0.00492,-0.327743,-0.25998,-0.075135,0.292704,-0.32612,-0.302236,-0.196136,-0.368395,0.042597,0.049665,-0.182914,0.011481,0.365418,0.303737,-0.09261,0.100524,-0.22962,-0.076508,-0.121135,0.264608,-0.101581,0.471688,-0.019451,0.447021,-0.181007,0.21478,-0.429818,0.036691,-0.031358,-0.136291,0.472229,0.145319,-0.136328,-0.035016,0.171862,-0.357267,0.068802,-0.049342,-0.32147,0.137177,0.108192,-0.014499,0.19506,-0.060125,-0.288164,0.41145,-0.142253,0.374533,0.062675,0.072921,0.050167,-0.197169,0.429715,-0.350218,-0.040983,-0.051991,#
2,0.010814,-0.006473,1.0,0.31567,0.345652,-0.386223,0.043575,-0.122372,-0.110863,0.177815,-0.214153,-0.146076,0.105836,-0.126147,-0.228834,-0.393497,-0.072677,0.021266,0.119996,-0.139253,0.268429,-0.0673,-0.02339,0.001447,-0.229459,-0.080836,0.239709,-0.633712,-0.425311,0.341539,-0.085187,-0.071054,-0.027487,0.13023,-0.303639,-0.266012,0.075904,-0.161362,0.228801,-0.104351,0.084616,0.038218,-0.041577,-0.120698,-0.07009,-0.107802,-0.011633,0.236692,-0.171981,-0.194651,-0.212624,0.151421,0.015476,0.193066,-0.045637,-0.326087,-0.285909,-0.015629,-0.306935,-0.175426,-0.108797,-0.222092,-0.465069,-0.031377,-0.146858,0.093779,-0.273547,-0.144987,-0.065914,0.170345,0.022975,0.170019,0.124993,0.226265,-0.043326,0.119932,-0.141388,-0.140612,-0.130121,0.320714,0.099184,0.121463,-0.019202,0.188294,0.070176,-0.185915,0.051095,0.220797,-0.043468,-0.03291,-0.246324,-0.213939,0.034776,-0.041607,-0.364663,0.05485,0.205975,0.268022,0.189257,0.116156,-0.217856,-0.070097,0.142914,0.208965,-0.299933,-0.115369,-0.064092,-0.024759,0.018835,0.287912,0.219824,0.023128,-0.138573,-0.144421,0.218785,0.197207,-0.128196,-0.249083,0.14064,-0.191675,-0.303259,-0.016684,0.327254,-0.076408,-0.289497,0.178722,-0.353467,-0.048399,0.026544,0.314826,0.374171,-0.227085,-0.344928,-0.02944,-0.036923,0.061405,0.3661,0.262579,0.033574,-0.050537,0.224654,0.149814,0.110537,-0.480767,-0.008188,0.366043,0.173583,0.290572,-0.18095,0.073381,-0.415065,0.146041,0.46746,-0.234178,0.002616,-0.262237,0.216265,0.098056,0.246642,-0.193967,-0.037856,0.206933,0.394979,0.019441,0.07527,-0.138984,-0.478688,-0.268887,0.194291,0.125259,-0.122539,-0.060035,0.010719,0.154261,-0.033114,0.091559,-0.062179,-0.184928,-0.192209,-0.007297,0.048293,-0.173677,-0.056031,-0.049009,-0.019507,0.294821,0.078183,-0.336517,-0.146019,0.04773,0.337177,0.101975,-0.093753,0.062552,0.24932,-0.526649,-0.0156,0.15554,0.198144,-0.090579,#
3,-0.211699,-0.194234,0.31567,1.0,0.16187,-0.273881,-0.222578,-0.313742,-0.194601,0.010067,0.443207,-0.221481,-0.06238,-0.307246,-0.232337,-0.004074,0.133783,-0.092627,0.086575,0.107722,0.26554,-0.33538,-0.208604,0.028626,-0.119661,0.107179,0.040893,-0.378509,-0.290558,-0.175159,0.4033,-0.042078,-0.196967,0.00346,-0.079877,-0.516582,-0.093493,-0.055423,-0.068826,0.189371,0.022879,-0.233211,0.056233,-0.263305,0.232347,0.090508,-0.157806,-0.263481,0.101879,-0.306426,-0.239115,0.221997,-0.02566,0.386428,0.026136,0.15464,-0.032966,0.04563,0.089884,-0.230947,-0.226988,0.056303,0.009669,-0.295409,-0.216432,-0.316575,0.073135,-0.198276,-0.36466,0.450967,-0.126163,0.531379,0.271471,0.551499,0.283436,-0.165846,-0.028762,-0.096639,0.220588,0.410478,0.028036,0.290909,0.238891,-0.046764,0.213466,-0.084017,-0.036452,0.310055,0.025365,0.29753,0.257104,0.087376,0.178347,-0.265589,0.078885,0.353952,0.234604,0.148054,-0.036401,0.500814,0.055118,-0.153933,0.592469,-0.008403,0.035503,0.197821,-0.214198,0.221682,0.159719,0.326475,-0.085437,-0.205754,0.132208,0.106004,0.04503,0.123821,0.394826,0.165054,-0.055997,0.281204,0.336986,0.20558,0.411196,-0.046605,0.052046,0.225038,-0.207048,0.062123,0.360399,0.323208,0.568058,0.071157,-0.214939,-0.268163,0.283743,0.353784,-0.112657,0.237189,-0.180664,0.281934,0.28187,0.295315,0.30386,-0.226007,0.084712,0.298796,0.137453,-0.346991,0.193185,0.468329,-0.079132,0.370277,0.117773,0.080733,0.492321,-0.009131,-0.223067,-0.396378,0.37457,-0.055363,-0.448649,-0.184632,0.264737,-0.189035,-0.165013,-0.007178,0.249479,-0.203571,0.005976,0.097999,-0.246732,-0.166208,-0.294506,0.121266,-0.257228,0.011672,0.073739,-0.058486,-0.365956,0.523213,-0.295727,0.177797,0.06379,-0.019086,-0.042242,-0.110357,0.101861,-0.250879,0.332867,-0.40319,0.107237,-0.055942,-0.221833,-0.14017,-0.087006,-0.380482,-0.232282,0.273268,-0.345661,-0.026739,#
4,0.21095,0.195384,0.345652,0.16187,1.0,-0.149716,0.364086,-0.089904,0.04758,0.223705,0.055111,0.048236,0.098626,-0.102915,0.190753,-0.504606,0.143481,0.075174,-0.304221,-0.046266,-0.237251,0.184932,0.165049,0.280777,-0.301904,0.081682,0.140226,-0.146527,-0.125207,0.394851,-0.025715,-0.098873,-0.065335,0.039593,-0.347236,-0.063545,-0.17106,-0.171141,0.416611,0.270642,-0.198326,0.091626,-0.126875,-0.118829,-0.151687,0.011687,0.148643,0.259328,-0.313675,0.155534,0.173794,-0.290379,-0.112346,-0.033115,0.491381,-0.312881,-0.426086,0.383203,-0.445566,-0.270943,-0.027148,0.131193,-0.096887,0.091795,-0.065314,0.22872,-0.000147,0.065141,0.11764,-0.121122,-0.000309,-0.30308,0.270556,-0.331945,-0.247665,0.202227,-0.290793,-0.42223,-0.201617,-0.065966,-0.4141,-0.086478,-0.354795,-0.028579,-0.198832,-0.392043,-0.302031,-0.125388,-0.245625,-0.240448,-0.347418,-0.091315,-0.279052,0.090033,-0.220561,-0.24409,0.05947,0.456353,0.328999,0.092111,-0.112885,-0.345131,0.0924,0.046972,-0.292782,-0.445172,-0.132963,-0.094102,-0.139912,0.298384,0.053453,-0.000944,-0.201044,-0.448774,-0.047821,-0.11894,-0.116444,-0.467504,-0.039917,-0.221252,-0.435663,-0.399293,-0.067912,-0.199754,0.090912,-0.036076,-0.452703,-0.349426,-0.405558,0.029889,-0.162139,-0.152167,-0.448303,-0.46036,-0.092817,-0.430122,0.314592,-0.06883,-0.146384,-0.14213,-0.092431,0.318134,0.008469,-0.260014,-0.463384,-0.269463,-0.115875,0.23276,-0.276771,0.057844,-0.163194,-0.085664,-0.18076,0.002575,-0.291536,-0.170264,0.344441,-0.020885,-0.22509,-0.270032,0.158216,-0.072815,0.288368,0.01972,-0.201858,0.207793,0.031584,0.377606,0.070642,-0.162429,0.023123,-0.154282,-0.105136,-0.269036,0.138433,-0.27728,-0.185291,-0.206377,0.116805,-0.014146,-0.069609,-0.001055,0.186171,0.231778,0.139584,0.408499,0.078955,-0.131552,0.044296,0.209422,0.082781,0.463727,0.190631,0.331184,0.262299,-0.353667,0.069274,-0.282417,-0.445442,0.190408,#
5,0.066523,-0.066277,-0.386223,-0.273881,-0.149716,1.0,0.058474,0.05586,0.005656,0.068625,0.206713,-0.07734,-0.284174,0.328282,0.332722,0.206607,0.120593,-0.209992,-0.205039,-0.046846,-0.366348,0.046867,0.046935,-0.0348,0.250608,-0.275028,-0.126058,0.443221,0.294855,-0.080461,0.276177,0.303014,-0.220297,-0.161381,-0.088628,-0.017672,-0.127896,0.182372,0.143669,0.079705,-0.298599,0.156302,0.020316,0.463765,0.017352,0.067548,-0.018539,-0.062754,0.231615,0.448152,0.127375,0.039176,0.257235,-0.39783,-0.11678,0.144119,0.170864,0.120834,0.1366,0.348602,0.355186,0.312458,0.114992,0.259724,0.220656,0.101893,-0.075811,0.146855,-0.088891,0.181642,-0.089362,-0.222971,0.076239,-0.205223,-0.127972,0.043867,0.22931,0.20035,-0.148556,-0.079113,-0.173306,0.026275,-0.016817,-0.017778,-0.137059,0.046955,-0.163908,-0.56071,-0.00097,-0.273533,-0.142357,0.036595,-0.118447,0.073951,0.214622,-0.17024,-0.120346,-0.237443,-0.002812,-0.291472,-0.210786,0.094406,-0.091238,-0.270622,0.283252,0.053673,0.146874,-0.095214,-0.099563,-0.429195,0.126548,0.436793,-0.18359,-0.159838,-0.469816,-0.3292,0.043884,-0.018454,-0.024421,-0.112285,-0.002452,0.081343,-0.08074,-0.03703,-0.186389,0.093006,0.161805,0.322121,-0.168846,-0.293656,-0.033642,-0.086708,0.089066,0.274692,-0.134049,-0.175255,-0.037936,-0.331026,-0.283438,-0.205449,0.126382,-0.352538,-0.465865,0.130254,0.128766,-0.133818,-0.343741,0.056893,0.41819,-0.25021,0.047386,0.085988,-0.124793,0.426269,-0.383277,0.239829,-0.004384,0.114502,-0.453361,0.351898,-0.152374,-0.029733,-0.20969,0.091154,0.032895,-0.084178,0.227722,0.045941,-0.113309,-0.264901,0.32824,0.015849,0.188586,0.119637,0.250755,0.156681,0.247864,0.073069,0.285512,-0.039452,0.154087,0.415691,0.088585,0.112197,-0.23196,-0.310559,-0.005971,0.156947,-0.044255,0.345188,-0.026745,-0.37398,0.337309,-0.20442,0.031265,0.199059,0.050724,-0.013165,0.013506,0.233862,#
6,0.193562,0.256925,0.043575,-0.222578,0.364086,0.058474,1.0,0.30875,0.352263,-0.054511,0.175921,0.068149,0.106872,0.064035,0.338589,-0.133881,-0.191909,-0.051215,-0.148395,0.304183,-0.067686,0.454499,0.263561,-0.079678,-0.144606,0.097357,0.154456,-0.11373,0.10136,0.216096,-0.398156,0.08603,-0.074249,0.252422,0.096438,-0.001809,0.111642,-0.188784,0.181186,0.244013,-0.02329,0.312558,-0.237777,0.113999,-0.157615,0.042987,0.044006,0.386667,0.195662,0.069745,0.290836,-0.121742,-0.058501,-0.389365,0.020363,0.129295,0.013206,0.207739,-0.025489,0.268973,0.137433,0.186136,-0.314149,0.136037,0.231819,0.105612,-0.023206,-0.145678,0.146219,-0.201453,0.1851,-0.453937,0.24355,-0.301068,-0.532982,0.387286,-0.105965,-0.260926,-0.199165,-0.065887,-0.34419,-0.223242,-0.04212,-0.506961,-0.491823,-0.196526,-0.149226,0.185241,-0.357659,-0.203081,-0.329058,-0.382867,-0.257343,0.278064,-0.388205,-0.254819,-0.118372,-0.034028,0.000474,-0.231153,-0.024246,0.012886,-0.090966,0.074433,-0.27624,-0.283069,0.301276,-0.252631,-0.103407,-0.070021,0.216072,0.308143,-0.323811,-0.444118,-0.02522,0.080521,-0.108977,-0.13629,0.095932,-0.367029,-0.087287,-0.376883,-0.041887,-0.375818,0.169586,-0.058847,-0.252462,0.111041,-0.374609,0.012894,-0.306578,-0.170575,-0.222879,-0.259768,-0.03864,-0.077115,0.059301,-0.031356,-0.058679,-0.465526,-0.287776,-0.078413,-0.15603,0.044496,-0.259628,-0.314711,-0.283195,0.606681,-0.119504,-0.447368,0.039885,-0.215753,-0.353939,0.010705,-0.263622,0.254018,0.184005,0.288247,-0.03833,-0.048323,0.372792,0.092794,-0.071367,-0.114972,0.002281,0.228025,0.012038,0.068715,-0.134884,0.202672,-0.14326,-0.103982,-0.090671,-0.119364,0.293864,-0.258102,-0.171566,0.285327,0.426315,-0.357192,0.095318,0.401575,0.009623,-0.070284,0.29078,-0.1335,-0.083732,0.113894,-0.340612,0.366964,0.078957,-0.020735,0.358201,0.025103,0.183678,-0.009426,0.440909,-0.057006,-0.140594,0.037444,#
7,0.142323,0.188037,-0.122372,-0.313742,-0.089904,0.05586,0.30875,1.0,0.088209,-0.009417,-0.248078,0.151407,0.17803,0.061218,0.032457,-0.055512,-0.161376,0.098769,-0.153643,0.005765,0.09512,0.521545,0.129996,0.211254,-0.223506,0.160499,0.353692,0.220965,-0.158424,-0.022016,-0.209742,0.534966,-0.201622,0.102829,0.001201,0.029473,0.228739,-0.584,0.144251,-0.055813,0.064375,0.269204,0.274283,-0.061158,-0.125202,-0.031355,0.258367,0.479793,-0.140404,-0.012226,0.080935,-0.18086,0.177336,-0.457776,-0.398548,0.034638,0.362093,-0.284888,0.206618,0.328845,0.135418,0.367319,0.009481,0.233537,0.376676,0.370705,-0.229938,0.082375,0.18884,-0.40935,0.442667,-0.108114,-0.341999,-0.065098,-0.371788,-0.021298,-0.185025,-0.095747,-0.386532,0.046257,0.095781,-0.191265,0.084692,-0.099987,-0.000943,0.337255,0.103731,0.051108,0.084942,-0.026231,-0.026682,-0.052977,-0.041071,0.160371,-0.217249,-0.093135,-0.182998,0.006112,-0.258624,-0.380667,0.059571,-0.029482,-0.154758,-0.050776,-0.319446,-0.028916,0.114124,-0.226253,-0.035067,-0.37414,0.234781,0.134689,-0.263506,-0.114698,0.162542,-0.085879,-0.216913,0.257771,0.017794,-0.376783,-0.104168,-0.295409,0.060533,-0.163019,0.014041,0.056216,-0.00409,-0.294522,0.047234,-0.029501,-0.24942,-0.228357,0.375895,0.003023,0.148542,0.093399,0.022109,-0.237171,0.226027,-0.438815,-0.170146,-0.419915,-0.052721,0.106977,0.11821,-0.135672,-0.46957,0.433171,-0.197269,0.017784,-0.214761,-0.147606,-0.0262,-0.044886,0.113246,0.315256,0.097629,0.051419,-0.289825,0.166891,0.189979,-0.17524,-0.199791,0.119766,0.3555,0.143948,-0.13784,-0.087865,-0.214831,-0.015214,0.082483,0.017001,-0.078642,-0.070896,0.16333,-0.04392,-0.048034,0.151957,0.048172,-0.561931,0.061202,0.056681,-0.04264,-0.133143,-0.207768,-0.11946,0.019294,0.12551,-0.218428,0.280254,0.304175,0.024495,0.261572,-0.133559,0.176589,0.258721,-0.000962,-0.057201,-0.038905,-0.106388,#
8,0.347964,0.161361,-0.110863,-0.194601,0.04758,0.005656,0.352263,0.088209,1.0,0.24139,0.052942,0.032067,0.329084,0.38137,0.389552,-0.201326,-0.675855,0.286568,0.313886,0.1249,0.021686,0.207614,0.632174,0.087743,0.056459,-0.185715,0.190076,0.319499,0.622645,0.341961,-0.280415,0.199887,0.267468,0.241975,-0.126162,-0.008224,0.075657,-0.182877,0.018469,0.10736,0.132534,0.117949,-0.100809,0.107171,0.038145,-0.322575,0.386062,0.427342,0.175109,-0.009389,-0.032004,-0.046621,-0.106372,-0.041654,-0.032775,-0.141691,0.222286,-0.164431,0.328922,0.027206,0.302973,0.209569,-0.11468,0.08744,0.036823,0.323165,0.057562,0.009279,0.460643,0.033856,0.300445,-0.332953,0.087383,-0.155419,-0.243233,0.128756,-0.254312,-0.327086,-0.174856,-0.258274,-0.025951,-0.40297,-0.179593,-0.376902,-0.174814,0.086758,-0.01526,0.050116,-0.259338,-0.052666,-0.228432,-0.049325,-0.739437,0.75077,-0.268101,-0.096941,0.055538,-0.205148,0.360607,-0.39376,0.00591,0.024887,-0.030182,-0.146893,-0.079174,-0.098156,-0.125273,-0.0664,-0.108969,-0.204155,0.355598,0.207056,-0.171813,-0.071497,-0.164416,-0.282946,-0.121558,0.003906,0.352473,-0.399531,-0.082317,-0.643076,0.282917,-0.539043,0.222147,0.062194,-0.128177,0.130824,-0.12086,-0.350714,-0.132304,-0.174076,0.058104,0.112887,-0.050926,0.103628,-0.188696,-0.189554,0.335797,-0.094606,-0.047069,-0.193294,-0.503199,-0.074722,-0.313913,0.018787,-0.117737,0.266244,-0.129256,-0.268597,-0.013582,-0.239572,-0.170264,-0.17054,-0.092152,0.25693,0.483727,0.671261,-0.029696,0.098786,0.065852,-0.14854,-0.072184,0.095115,-0.04694,0.240606,-0.14765,-0.077098,-0.279695,0.206995,-0.26783,0.39484,-0.085616,-0.488672,0.609218,-0.329149,-0.344351,0.247432,0.262463,-0.475993,0.065951,0.190174,-0.339034,-0.115804,0.113328,0.011782,0.050117,0.094795,-0.494643,0.193318,0.063919,-0.190858,0.332725,-0.00079,0.010717,-0.031152,0.426964,-0.136653,0.103944,0.052157,#
9,-0.009318,0.483229,0.177815,0.010067,0.223705,0.068625,-0.054511,-0.009417,0.24139,1.0,-0.006694,-0.183286,0.312604,0.060227,0.424857,-0.19537,-0.456926,0.442176,0.12017,-0.037741,0.168446,0.226946,0.348465,0.256037,0.064859,0.124284,0.100825,0.15013,0.063523,0.166529,-0.167267,0.240952,0.355459,0.423537,-0.514519,-0.149954,0.056091,-0.281589,0.363336,-0.131588,-0.222924,0.353999,0.226202,0.099285,0.179715,-0.20782,0.193506,0.430299,-0.074106,0.428013,0.094018,0.171691,-0.038629,0.15593,0.084049,-0.204954,-0.15374,0.12304,-0.204551,-0.118897,0.36,0.254419,-0.472777,0.340978,-0.080728,0.176089,-0.126778,0.282746,0.149548,-0.10469,0.145079,-0.073677,0.049818,0.021202,0.101022,0.059023,-0.167939,-0.392199,-0.094764,-0.3117,0.048016,-0.064942,-0.232482,-0.139579,-0.102918,0.108712,-0.28787,-0.14085,-0.246962,-0.045512,-0.089035,0.088754,-0.32705,0.254309,-0.22099,0.336509,0.326546,0.013053,0.367135,-0.383524,-0.215068,-0.338256,-0.338552,-0.188273,-0.296998,-0.161933,-0.490352,-0.22822,-0.372048,-0.190096,0.379101,0.093199,0.019911,-0.393566,-0.2607,-0.221818,-0.211347,-0.248117,0.431049,-0.417641,-0.032445,-0.031919,0.308487,-0.314353,-0.011746,0.185853,-0.276939,-0.292023,-0.243527,0.054469,0.222186,-0.342614,-0.03817,0.293997,-0.064942,0.133508,0.163145,-0.073715,0.328716,-0.205256,-0.086808,0.201559,-0.341331,-0.217964,-0.171145,0.031852,0.095207,0.074451,-0.31183,0.012761,-0.572307,0.134278,0.387796,0.21281,-0.167741,0.207469,0.374352,0.467085,-0.259047,0.084576,-0.209571,-0.090418,-0.082999,0.294756,-0.10244,0.487236,-0.203824,0.045395,-0.01833,0.056145,-0.101114,0.270046,0.299222,-0.15338,0.305995,-0.056516,0.037488,-0.192855,-0.155426,0.012447,-0.095687,0.122636,-0.333192,0.298605,-0.340731,-0.009821,0.068014,-0.264647,-0.303737,0.246602,0.049628,0.205523,-0.260391,-0.259396,0.003538,-0.547891,0.064003,-0.160828,0.237673,-0.039136,#
10,-0.217917,-0.19579,-0.214153,0.443207,0.055111,0.206713,0.175921,-0.248078,0.052942,-0.006694,1.0,-0.220459,-0.41658,-0.00825,0.388224,0.131496,0.034004,-0.370127,-0.075161,0.09936,-0.179953,-0.129603,-0.044656,0.092316,0.321637,0.166654,-0.056778,0.108033,-0.00105,-0.364884,0.375442,-0.005159,0.066828,-0.033822,-0.011506,-0.152751,-0.10273,0.083938,0.070994,0.311409,-0.163356,-0.254512,-0.231713,0.252758,0.372517,0.138208,-0.223019,-0.237749,0.300231,0.034397,-0.151138,0.263148,-0.087116,-0.075863,0.136086,0.390976,0.024454,0.020737,0.036624,0.069467,0.086612,0.213597,0.032369,-0.070415,-0.055899,-0.304457,0.152114,-0.366355,-0.498994,0.185627,-0.198475,0.047431,0.417425,0.261355,-0.005621,-0.086754,-0.064581,0.052237,0.117739,0.053825,-0.342699,0.169387,0.459186,-0.389501,-0.334299,-0.172778,0.104536,0.2411,-0.448627,-0.16399,0.105219,-0.151054,0.061229,-0.084742,0.164282,0.021003,-0.06569,0.14096,-0.212312,0.183576,0.051633,0.12055,0.383754,0.089127,0.091427,0.045497,-0.072245,0.041645,0.230618,0.193407,-0.192431,0.071783,-0.067456,-0.138563,-0.212959,-0.071223,0.400576,-0.073521,-0.044101,0.329163,0.374765,0.193796,0.193796,0.148671,0.137709,-0.074661,0.015327,0.312153,-0.126644,-0.007822,0.10838,0.173457,-0.309074,-0.080958,0.010792,0.36438,-0.053882,-0.184111,-0.081303,0.047172,0.003592,-0.009468,0.137254,-0.049918,0.045316,-0.076896,0.035044,-0.319746,0.477197,0.226587,0.286619,0.370001,-0.252345,0.163298,0.214109,0.1504,-0.154134,-0.198292,0.156157,0.215201,-0.23625,0.006841,0.036985,-0.468842,-0.212217,0.126978,0.371193,0.212773,0.056829,-0.197156,0.008355,-0.209624,-0.26582,0.061069,-0.080703,-0.003435,0.104638,-0.0823,0.110844,0.282533,-0.068642,0.535161,0.171912,0.26426,-0.063199,-0.181248,-0.162735,-0.329254,0.224784,-0.310641,-0.272697,0.019481,0.008611,-0.13216,-0.06232,-0.27822,-0.010768,0.078059,-0.349956,-0.050245,#
11,0.176665,0.031009,-0.146076,-0.221481,0.048236,-0.07734,0.068149,0.151407,0.032067,-0.183286,-0.220459,1.0,-0.049013,-0.279634,0.209089,0.128986,0.206545,-0.149133,-0.240672,-0.248786,-0.225582,0.178014,-0.228304,0.075578,-0.130596,0.233812,-0.241287,-0.109755,0.098069,0.346235,-0.245384,0.030699,0.026099,-0.192446,0.199085,0.050381,-0.519207,0.196712,-0.11375,0.150655,-0.121412,0.166428,-0.303155,-0.310725,-0.210155,-0.02606,-0.122075,-0.298983,-0.275267,0.022814,-0.407346,-0.104418,-0.151525,-0.069179,0.125476,-0.028172,-0.189425,-0.172362,-0.220858,0.309606,-0.176317,-0.179206,0.014987,-0.105244,0.425414,-0.269835,-0.182947,-0.11223,-0.168694,-0.211985,0.123214,-0.185705,0.183293,-0.258738,-0.535116,-0.185318,-0.182574,-0.037676,-0.102835,0.157615,0.067152,-0.370428,-0.234079,0.053096,-0.252363,0.126622,0.048969,-0.136473,-0.064338,-0.374125,0.104415,-0.218341,-0.194532,-0.187502,-0.032057,-0.209562,0.000758,-0.129472,-0.123593,0.102094,0.051272,-0.333653,-0.013407,-0.029127,-0.314367,-0.16334,0.3469,0.068956,-0.189004,-0.06369,-0.28616,0.090855,-0.453448,0.129055,-0.26836,-0.222373,-0.011613,0.052373,-0.596058,0.110386,-0.219958,-0.173283,-0.49495,0.182046,-0.028967,-0.153538,0.102553,-0.256274,-0.34264,0.18875,-0.264543,-0.153588,-0.008058,-0.050331,-0.376784,-0.025739,-0.079898,-0.403958,-0.119138,0.012299,0.120133,-0.11145,0.020544,-0.18868,-0.318878,-0.295653,0.107205,-0.022302,-0.2924,0.029545,0.048748,-0.353904,0.019678,-0.146713,-0.325479,-0.209093,-0.065938,-0.101519,-0.060306,0.10735,0.191183,0.120065,-0.086203,-0.298572,-0.065144,-0.023937,-0.013637,0.175375,0.132616,-0.330166,0.370971,-0.054304,-0.238589,0.185152,0.299104,-0.209276,-0.507784,0.129157,-0.005363,-0.183635,0.224043,-0.206379,0.388271,0.150498,0.427537,0.344328,0.353135,0.375386,0.068114,-0.100077,0.01472,0.214895,-0.090081,0.084228,-0.259322,0.429923,-0.114894,-0.156914,0.040569,-0.220866,#
12,0.421369,0.311367,0.105836,-0.06238,0.098626,-0.284174,0.106872,0.17803,0.329084,0.312604,-0.41658,-0.049013,1.0,0.268381,0.060068,-0.403086,-0.318472,0.411892,0.167268,0.353934,0.073471,0.064155,0.544364,-0.218943,-0.451741,-0.265432,0.135544,-0.171596,0.212264,0.113439,-0.381677,0.118261,0.271358,-0.092132,-0.026216,-0.257229,0.214059,-0.074994,-0.00883,-0.3655,0.34119,0.558599,0.03703,-0.134748,-0.135326,-0.320046,0.475132,0.494852,-0.112249,-0.027278,0.179478,0.099582,0.111628,0.051494,-0.280531,0.036441,0.144181,0.002471,-0.037009,-0.072139,0.070996,0.159343,-0.139509,-0.105552,0.042949,0.336738,0.260732,0.400165,0.33014,-0.069149,0.468095,0.112624,-0.132388,-0.066638,-0.14007,0.291714,0.122707,-0.389104,0.061456,-0.140001,0.048801,-0.146423,-0.272382,-0.070939,0.269754,0.36343,-0.212747,0.257833,0.037413,0.200432,-0.208586,0.025946,-0.366751,0.341034,-0.160695,0.321952,0.446816,-0.148769,0.417957,-0.456512,0.212338,-0.293361,-0.166068,-0.231182,-0.219515,0.124583,-0.172494,0.021202,-0.520787,-0.001699,0.611642,-0.306502,0.069322,-0.20973,0.11039,-0.20638,-0.377908,0.140301,0.362548,-0.634111,-0.031341,-0.462794,0.202183,-0.485831,0.1108,0.346375,-0.583477,-0.159738,0.146682,0.073508,-0.047357,0.028974,0.043559,0.074387,0.030843,-0.018146,0.06602,0.209646,0.121816,0.001098,-0.022823,-0.068659,-0.313257,-0.118597,-0.129486,0.011374,-0.212364,0.27099,-0.183332,0.106986,-0.398209,-0.479074,0.24462,0.057458,0.033567,0.304939,0.385537,0.375518,0.102527,-0.238196,-0.142829,-0.228326,-0.409771,0.411434,0.116113,-0.056756,0.07703,-0.230726,-0.057054,0.430428,-0.23499,0.086679,0.312926,-0.159612,0.346123,0.103778,0.051622,0.031357,0.01217,-0.359592,-0.026971,-0.176432,-0.490364,-0.491368,0.139073,-0.110401,0.239768,0.096187,-0.552925,0.424668,0.368704,-0.145128,-0.048161,-0.114649,-0.263627,-0.113977,0.185378,-0.325894,0.002987,0.094597,#
13,0.331496,0.203511,-0.126147,-0.307246,-0.102915,0.328282,0.064035,0.061218,0.38137,0.060227,-0.00825,-0.279634,0.268381,1.0,0.131684,-0.161988,-0.37423,0.323388,0.352601,0.175665,-0.137248,-0.049509,0.599676,-0.180435,-0.074711,-0.684046,0.417879,0.35353,0.581092,0.185738,-0.078233,0.067529,0.284494,-0.273941,0.10986,-0.0456,0.106986,0.039629,-0.168692,-0.282167,0.228328,0.256271,0.177391,0.446662,-0.290962,-0.671275,0.411581,0.405909,0.151362,0.172328,0.205213,0.218323,0.021726,-0.166771,-0.284879,-0.219432,0.112055,-0.259243,0.277447,-0.0407,0.243661,0.227853,-0.161755,0.242802,0.101744,0.667209,0.308775,0.485649,0.25275,0.32157,0.001004,-0.165482,-0.044576,-0.310517,-0.065115,0.313755,0.025342,0.021606,-0.169217,-0.197548,-0.369958,-0.223459,-0.059933,0.193248,0.040894,0.103388,0.184779,-0.018288,0.108046,-0.05767,-0.121212,-0.197966,-0.453562,0.435334,0.101148,0.000659,0.157693,-0.254543,0.040236,-0.52692,-0.344306,-0.066125,-0.209246,-0.161758,0.043332,0.17497,-0.186878,-0.363947,-0.298137,0.089714,0.670269,0.351662,-0.009028,-0.147371,0.026109,-0.328288,-0.466625,0.050356,0.401474,-0.534367,-0.164541,-0.362184,-0.033038,-0.245994,-0.009053,0.285619,-0.154714,0.073888,0.051321,-0.413965,-0.118378,0.093782,-0.181359,0.254137,-0.378152,-0.16364,-0.14225,-0.212049,0.213202,-0.057045,-0.163739,-0.497696,-0.440065,-0.326292,-0.019924,0.230762,-0.329729,0.189573,0.35118,-0.136822,-0.064044,-0.36786,-0.075189,-0.075238,-0.05394,0.113213,0.494773,0.484665,-0.153007,0.020476,-0.121701,-0.172061,-0.164321,0.512389,-0.110804,-0.131996,0.117832,0.169016,-0.14585,0.098098,-0.122055,0.271567,0.187976,-0.211442,0.449516,0.24509,0.098464,-0.019113,0.605505,-0.399222,0.2335,-0.095001,-0.418766,-0.196378,0.136533,0.049577,-0.088223,-0.139359,-0.448075,0.530969,0.135499,-0.231797,0.373885,0.109022,0.022448,-0.017543,0.514169,-0.373062,-0.043901,-0.062674,#
14,-0.123397,0.231487,-0.228834,-0.232337,0.190753,0.332722,0.338589,0.032457,0.389552,0.424857,0.388224,0.209089,0.060068,0.131684,1.0,-0.148355,-0.226679,-0.167406,-0.329859,0.156296,-0.366526,0.343851,0.277034,0.136758,0.109673,0.16712,0.012939,0.261255,0.262915,0.068157,-0.092129,0.326288,0.372255,0.055491,-0.19411,0.14213,-0.188092,-0.070892,0.174851,0.098775,-0.16116,0.442863,-0.364697,0.24824,0.020063,-0.059011,0.099459,0.106528,0.095959,0.430911,-0.134034,-0.165133,-0.082252,-0.288492,0.036661,0.035704,-0.207695,0.13834,-0.248482,0.327598,0.105282,0.25124,-0.219203,0.226287,0.324282,-0.092989,0.04986,0.03093,-0.154308,-0.224055,0.077434,-0.393472,0.484692,-0.216116,-0.4726,-0.014562,-0.104694,-0.342239,-0.191406,-0.408805,-0.178174,-0.304219,-0.193948,-0.377459,-0.491959,0.022822,-0.044403,-0.105015,-0.662842,-0.291881,-0.174616,-0.122605,-0.451858,0.209632,-0.143828,-0.007338,0.025527,-0.07592,0.154741,-0.296757,0.065923,-0.092735,-0.249754,-0.131233,-0.202012,-0.290237,-0.114172,-0.173812,-0.104694,-0.142366,0.102614,0.1109,-0.388525,-0.343629,-0.333496,-0.344815,-0.121962,-0.347162,0.005921,-0.155066,-0.177632,-0.274831,-0.080468,-0.094185,0.208263,-0.257547,-0.234293,-0.048015,-0.627462,-0.117838,-0.189306,-0.303481,-0.249231,0.297351,-0.281375,0.157066,-0.055131,-0.321971,0.101003,-0.060704,-0.052724,-0.170406,-0.287484,-0.209306,-0.39511,-0.373367,-0.017222,0.033296,0.01357,-0.092624,-0.014601,-0.100531,-0.131849,0.068671,-0.231557,0.245216,0.331948,0.339688,-0.136162,0.119964,-0.023464,-0.048023,-0.018022,-0.119744,-0.147319,0.381421,0.015667,0.251595,0.021565,-0.100926,0.306813,-0.025026,-0.00019,-0.254665,0.540666,-0.098402,-0.294426,-0.113564,0.249083,-0.244954,0.294883,0.243813,0.074009,0.23963,-0.110488,-0.069925,-0.031807,-0.086372,-0.214013,0.148443,-0.207766,0.27332,-0.009395,-0.24698,-0.040642,-0.142714,0.194027,-0.201597,0.080836,0.044447,#
15,-0.197905,0.017915,-0.393497,-0.004074,-0.504606,0.206607,-0.133881,-0.055512,-0.201326,-0.19537,0.131496,0.128986,-0.403086,-0.161988,-0.148355,1.0,0.196449,-0.25506,0.267785,0.129949,0.069556,0.165897,-0.45267,-0.128141,0.27797,0.036323,-0.201252,0.15925,-0.00105,-0.201422,-0.213232,0.074038,0.066794,-0.024954,0.45277,0.015539,-0.361803,0.318101,-0.381225,0.244966,0.178285,-0.319644,-0.009917,-0.003807,0.159265,0.180989,-0.467037,-0.532915,0.226715,0.246826,0.087724,0.128792,-0.250649,0.16245,-0.061905,0.271852,0.216904,-0.167211,0.278084,0.307767,0.102853,-0.139272,0.111748,0.303017,0.157083,-0.205587,-0.161541,-0.176119,0.015634,0.106111,-0.148183,0.234829,0.166666,-0.048752,0.343478,-0.328556,-0.025309,0.231472,0.322158,0.043516,-0.0091,-0.121619,0.17111,-0.206476,0.010421,0.017358,0.090554,-0.230312,0.070668,0.173917,0.317117,-0.153973,0.23621,-0.417261,0.186308,0.049602,-0.042131,-0.382294,-0.552914,0.161195,0.053148,0.120488,-0.140784,0.045842,0.082105,0.088338,0.149052,-0.149834,0.04751,-0.169664,-0.337647,0.071746,0.130453,0.209645,-0.356302,-0.047121,0.226161,0.271365,-0.270975,0.481548,0.23349,0.386515,-0.13739,0.141949,0.01698,-0.058534,0.592837,0.14434,0.137971,-0.000458,-0.202467,0.173368,0.059856,-0.066957,-0.143997,0.221245,-0.323447,-0.319773,-0.380502,-0.130059,0.00359,0.080415,-0.065813,0.405804,-0.085694,-0.009478,-0.135139,-0.310906,-0.087194,-0.272234,0.293075,0.370572,-0.051979,0.210167,-0.120325,-0.014668,-0.646006,-0.162341,-0.012259,0.232017,-0.147189,0.017379,-0.182495,-0.272068,-0.341538,0.129446,-0.033516,0.023184,-0.101952,0.180716,-0.161061,0.246413,-0.056984,0.266722,-0.065163,-0.158283,0.151141,0.090714,-0.210293,0.366631,0.105542,0.233991,0.361213,0.106432,-0.10202,-0.202703,-0.028686,0.123643,0.28397,-0.297181,-0.279778,-0.144373,-0.13933,0.010316,-0.307187,0.37651,0.004342,0.237586,-0.137264,-0.252257,#
16,-0.096635,-0.433468,-0.072677,0.133783,0.143481,0.120593,-0.191909,-0.161376,-0.675855,-0.456926,0.034004,0.206545,-0.318472,-0.37423,-0.226679,0.196449,1.0,-0.448121,-0.522246,-0.208756,-0.366401,-0.085523,-0.622113,-0.011847,-0.093582,0.021348,-0.490726,-0.170643,-0.351493,-0.279207,0.211384,-0.325854,-0.220328,-0.374018,0.263755,0.149404,-0.346649,0.317735,0.095899,0.241709,-0.134025,-0.242284,-0.019305,-0.035285,0.050896,0.418074,-0.453845,-0.576905,-0.160146,-0.049391,0.038589,-0.039752,-0.089296,0.059716,0.131346,0.142245,-0.070457,0.210065,-0.086554,0.256071,-0.191102,-0.183153,0.327433,-0.141594,0.274916,-0.162011,0.067505,-0.103129,-0.289293,0.009396,-0.246597,0.239345,0.210241,0.005587,-0.087452,0.053025,0.238545,0.252265,0.22783,0.270915,-0.17897,0.245299,0.036645,0.179166,0.235492,-0.28494,-0.144701,-0.210511,0.193324,-0.107012,-0.122335,-0.107129,0.580581,-0.617707,0.251765,-0.335566,-0.276112,0.138944,-0.360364,0.391301,0.296648,-0.063301,0.270915,0.063723,0.128921,-0.072128,0.383862,0.102302,0.087913,0.242378,-0.55917,-0.220777,0.025376,0.033335,-0.114924,0.210843,0.25614,-0.176199,-0.681158,0.585287,-0.145162,0.295256,-0.412377,0.526088,0.085351,-0.051654,-0.009254,0.069761,0.013838,0.251927,-0.185896,0.500165,-0.233463,-0.225516,-0.110175,-0.344835,0.251924,-0.191378,-0.670986,-0.022911,-0.055335,0.187963,0.283563,0.16507,-0.006254,-0.131668,-0.173453,-0.275703,0.066551,0.112158,0.277219,0.293685,-0.295017,0.097907,-0.178185,-0.373903,-0.512864,-0.626151,-0.078936,-0.326577,0.176008,-0.038962,-0.035527,-0.266928,-0.118212,-0.26394,0.262407,0.104219,0.248414,-0.293048,0.511815,-0.256795,-0.154356,0.344609,-0.451362,0.001387,0.111369,-0.104156,-0.219108,0.456202,-0.044576,0.01442,0.641043,0.111475,0.031396,0.119238,0.087386,0.175117,0.534024,-0.335376,-0.203109,0.137245,0.009698,0.26284,-0.182127,0.337511,-0.338001,0.161475,-0.385432,0.012541,#
17,0.227626,0.429275,0.021266,-0.092627,0.075174,-0.209992,-0.051215,0.098769,0.286568,0.442176,-0.370127,-0.149133,0.411892,0.323388,-0.167406,-0.25506,-0.448121,1.0,0.28173,0.030289,0.37764,-0.005124,0.562109,-0.028975,-0.179026,-0.104489,0.251162,0.078097,0.237409,0.258754,-0.213482,0.057855,0.219135,0.381308,-0.241115,-0.087159,0.423735,-0.271783,0.11032,-0.327749,-0.121825,0.35135,0.63508,-0.064386,-0.084703,-0.508224,0.39158,0.488554,-0.091701,-0.096726,0.291946,0.106358,-0.160222,0.274672,0.126854,-0.253254,0.06714,-0.155327,0.143505,-0.20098,0.119298,0.171412,-0.336248,-0.084165,-0.187931,0.357302,0.254966,0.596818,0.570314,0.016186,0.105599,-0.090122,-0.263905,-0.058764,0.160897,0.327352,-0.164274,-0.308243,-0.034434,-0.226485,0.088948,-0.155717,-0.253903,0.217091,-0.015479,0.180045,-0.291295,0.169524,0.39317,0.015939,0.179741,0.00216,-0.195981,0.570857,-0.050507,0.129723,0.248403,-0.052872,0.103816,-0.502698,-0.230652,-0.365336,-0.2345,-0.015548,-0.098067,0.032131,-0.28268,-0.384219,-0.517697,-0.18016,0.520597,0.207161,0.383377,0.053088,0.174052,0.094987,-0.479964,-0.100623,0.445178,-0.548398,-0.069467,-0.217803,0.007862,-0.460182,-0.037117,0.314965,-0.091579,-0.27451,0.051323,-0.307479,0.132826,-0.192688,0.278732,0.124394,0.006014,-0.044822,-0.019661,0.115248,0.548719,-0.116631,-0.18375,0.154039,-0.192524,-0.173389,-0.101403,0.152225,-0.056013,0.269258,-0.209238,-0.049733,-0.468108,-0.249848,0.088739,0.030963,-0.104607,-0.072767,0.452641,0.449609,-0.383701,-0.176233,0.035546,-0.031681,-0.035683,0.689323,0.019416,0.394736,-0.080129,-0.050144,-0.333913,0.065816,-0.30065,0.32235,0.088344,-0.283297,0.064033,-0.1284,0.02326,0.065219,0.140385,-0.157498,-0.187633,-0.287251,-0.59582,-0.042565,0.066307,0.147806,0.018912,0.042506,-0.438952,0.445283,0.071188,-0.022368,-0.072696,0.103363,0.085691,-0.133516,0.240546,-0.31369,0.276974,-0.066264,#
18,0.246941,0.315092,0.119996,0.086575,-0.304221,-0.205039,-0.148395,-0.153643,0.313886,0.12017,-0.075161,-0.240672,0.167268,0.352601,-0.329859,0.267785,-0.522246,0.28173,1.0,0.071753,0.427952,-0.175233,0.119943,0.023564,0.008436,-0.176769,0.231151,0.018526,0.299444,0.15315,-0.210911,-0.184939,0.229862,0.008989,0.092929,-0.194443,0.036568,0.125168,-0.568064,-0.296631,0.311213,-0.23492,0.07251,0.023697,-0.079466,-0.513251,0.143351,0.133498,0.232532,-0.014222,-0.054555,0.388223,-0.106383,0.227428,-0.131219,-0.06985,0.011767,-0.294246,0.271666,-0.348831,0.227328,0.18539,-0.111955,0.159504,-0.264254,0.188491,0.108165,-0.055164,0.252402,0.41709,-0.090805,0.264811,-0.238686,0.170312,0.416355,-0.016899,-0.139425,0.062825,0.245741,-0.117796,0.016099,0.066309,0.278437,0.170022,0.105835,0.109873,0.134455,0.245982,0.150893,0.307618,0.322748,-0.063723,-0.262041,0.146478,0.031714,0.347064,0.283762,-0.116189,0.026081,-0.065563,-0.097825,0.027528,-0.12566,-0.063546,-0.184519,0.392602,-0.418205,-0.103904,-0.108644,-0.061471,0.25775,-0.075066,0.32555,0.120642,0.162047,-0.018382,0.076523,0.337136,0.374252,-0.109181,0.30163,0.036913,0.283368,-0.224145,-0.0252,0.230472,0.167008,0.218392,0.466868,-0.080545,0.20034,0.035738,0.072093,0.092788,-0.05155,0.349349,-0.253247,0.042289,0.198263,0.011096,0.035688,-0.159354,-0.266477,-0.001531,0.177803,0.451535,0.168714,0.019425,-0.090494,-0.108096,0.080104,0.039059,0.302648,0.056812,0.204125,0.144523,0.048778,0.323867,0.277319,0.30246,-0.333618,0.01948,-0.132891,0.129661,-0.049857,-0.019303,-0.05744,0.038844,0.067515,0.310209,-0.726451,0.439742,0.120952,0.16794,0.136748,0.21035,0.246485,-0.016175,0.047424,-0.090252,-0.104558,-0.075591,-0.329658,-0.282553,0.078261,-0.072868,-0.144121,0.005172,-0.070338,0.022716,0.03886,-0.271467,0.01505,0.008005,-0.099444,-0.206029,0.376595,-0.176043,0.016733,-0.220775,#
19,-0.079574,0.354079,-0.139253,0.107722,-0.046266,-0.046846,0.304183,0.005765,0.1249,-0.037741,0.09936,-0.248786,0.353934,0.175665,0.156296,0.129949,-0.208756,0.030289,0.071753,1.0,0.012968,0.233238,0.15805,-0.31413,-0.347578,-0.17441,0.388916,-0.003987,0.090953,-0.059768,-0.297594,0.271198,0.208968,-0.023682,0.354532,-0.243348,0.125338,0.144005,-0.243178,-0.058384,0.444795,0.341367,-0.198249,-0.099161,-0.054185,0.018377,0.197939,0.284005,0.354002,0.090861,0.258788,-0.283843,-0.088461,0.150043,-0.260284,0.354413,0.043713,0.003517,0.154446,-0.024608,-0.014593,-0.124478,-0.046275,0.06941,0.075378,0.044063,0.294741,0.359041,0.05393,0.094285,0.15467,-0.147205,0.211417,-0.069779,0.154723,0.121291,0.283372,-0.191847,0.031284,-0.103141,-0.124882,-0.012369,-0.108782,-0.448762,0.184764,0.151567,-0.116488,0.20963,0.076656,0.137761,0.044873,-0.239339,-0.248012,0.127457,-0.041398,0.22431,0.509319,-0.226464,-0.094816,-0.207974,0.279021,0.024544,-0.315939,-0.087179,-0.016878,0.122671,0.013754,-0.14747,-0.111863,-0.046298,0.378183,-0.164998,0.120552,-0.19332,0.011937,0.025803,-0.256077,-0.07809,0.203173,-0.226479,0.032884,-0.101772,0.048072,-0.418147,0.265908,0.073385,-0.3141,0.182589,0.023421,-0.120245,-0.242239,0.040748,-0.119712,-0.060719,0.149745,0.022744,-0.206322,0.235784,-0.135647,0.140516,0.109923,0.133143,-0.348215,0.18574,-0.228921,-0.249631,-0.383492,0.140351,0.046121,-0.183936,0.055792,-0.300274,-0.118288,0.305976,0.146285,0.409429,0.06375,0.128044,0.321156,-0.244068,-0.178303,-0.314002,-0.101392,0.227345,0.020244,0.128984,0.179952,0.105095,-0.456222,0.448408,-0.284497,-0.086694,0.201365,-0.381906,0.15323,0.25782,0.083059,0.137607,0.063791,-0.013263,0.005551,0.213497,-0.138697,-0.296438,-0.019984,-0.251275,0.025152,0.048738,-0.424626,0.30681,-0.026848,-0.0239,0.105327,-0.025412,-0.289255,-0.133311,0.299384,-0.042966,-0.195491,0.381154,#
20,-0.228928,0.161866,0.268429,0.26554,-0.237251,-0.366348,-0.067686,0.09512,0.021686,0.168446,-0.179953,-0.225582,0.073471,-0.137248,-0.366526,0.069556,-0.366401,0.37764,0.427952,0.012968,1.0,-0.097915,0.085215,-0.077724,-0.029022,0.170844,0.124981,-0.295528,-0.02835,0.1267,0.105057,-0.178998,-0.14402,0.563648,0.045836,0.041585,0.257985,-0.548541,-0.212693,-0.14992,-0.064179,-0.068695,0.369944,-0.20916,0.074558,-0.095803,0.038419,0.128492,-0.158217,-0.271799,-0.079101,0.133864,-0.270141,0.416472,-0.277684,-0.185187,-0.15457,-0.044375,0.147465,-0.294779,0.280431,-0.012281,-0.320423,-0.19532,-0.33061,-0.108641,-0.303347,0.020417,0.266831,0.142166,-0.367157,0.208732,-0.244291,0.300181,0.333388,0.204499,-0.154271,-0.335207,-0.120583,-0.173357,0.408993,-0.101941,0.237318,-0.03009,0.129927,-0.084555,0.065493,0.217453,0.150602,0.337057,0.411575,0.09437,0.104403,0.10813,-0.508171,0.12133,0.212157,-0.192601,-0.204169,0.089054,-0.066195,-0.018432,-0.153588,-0.119774,-0.209591,0.024464,-0.168215,0.189784,0.031821,-0.33162,0.132154,-0.144313,0.129878,0.128888,0.400285,0.371327,0.034331,0.299644,0.346963,-0.080497,0.201104,0.257906,0.434914,-0.365726,0.151704,0.009281,0.031,-0.13275,0.320159,0.151376,0.468257,-0.304484,0.261426,-0.192597,0.159473,0.396842,-0.180457,0.408993,0.24953,0.121652,-0.064725,0.149042,0.151774,-0.088338,0.363698,0.226793,0.308993,0.366045,-0.153414,-0.117678,-0.363885,0.083553,0.347575,-0.035235,0.374196,0.057214,-0.022374,0.189443,0.345864,-0.21347,-0.111643,-0.006953,-0.078476,0.083294,-0.043584,0.302672,-0.24412,-0.312784,-0.220714,0.449243,-0.355406,0.361814,0.105053,0.195662,-0.150207,-0.028144,-0.037458,0.32547,0.028562,0.193084,-0.103786,0.019885,-0.273317,0.034323,0.087483,-0.196177,-0.130864,0.080964,0.033354,0.037622,-0.076138,0.014813,-0.177921,0.060357,0.115152,-0.007497,0.304827,0.00717,0.328869,-0.034389,#
