0,1.0,0.259573,-0.282025,-0.311097,0.264332,0.256504,0.077598,0.020003,0.163624,0.130733,0.034717,-0.064197,0.182384,0.296237,0.618164,0.1472,0.1808,-0.156062,-0.099891,-0.244989,-0.167359,-0.243386,-0.018604,-0.124391,0.216194,-0.476143,0.158359,-0.202624,0.035414,0.085012,-0.390123,0.258312,-0.099908,-0.315419,0.113381,0.182007,0.176098,-0.186537,0.105801,0.024431,0.107015,0.063861,-0.366372,-0.210588,0.404076,-0.425602,0.297035,-0.113695,-0.05602,-0.363216,-0.105833,-0.101595,-0.20738,-0.029611,0.008056,0.062972,-0.403058,0.020645,-0.241541,0.272515,0.12344,0.410195,0.052063,-0.280974,-0.292819,0.007919,0.0,0.192653,0.188812,-0.096253,0.210077,0.157014,0.095592,-0.027646,0.105371,0.108914,-0.315346,-0.382781,-0.231646,0.10396,-0.145033,-0.314871,-0.090119,-0.226487,-0.297343,0.015837,-0.137582,-0.149575,-0.077933,-0.420956,-0.084664,-0.457974,-0.207032,-0.020071,-0.168284,0.049035,0.017516,-0.12709,-0.302962,-0.17865,-0.078081,-0.420704,-0.271194,0.020011,-0.078949,-0.350018,-0.133812,-0.120694,-0.021865,-0.313468,0.305657,-0.114633,-0.245514,-0.222332,-0.301956,-0.421011,0.09719,-0.233848,0.113004,-0.305748,-0.315346,-0.09225,-0.417245,-0.029938,0.206822,-0.022041,-0.232688,0.326298,-0.288629,-0.280658,-0.105844,-0.165603,-0.563359,-0.139555,0.222881,-0.315431,-0.114633,-0.385015,0.225296,-0.237444,-0.207296,-0.180478,-0.145129,-0.659102,-0.32409,-0.300651,-0.193393,0.278702,-0.217396,-0.206696,-0.365829,0.076064,0.085581,-0.315437,-0.057332,-0.24443,0.211626,0.116007,-0.036269,-0.384792,-0.373553,-0.207293,0.009432,-0.069199,-0.138889,0.28097,-0.118965,0.366434,-0.120073,-0.385015,0.138874,0.051317,-0.087933,-0.112825,0.181961,-0.304484,-0.207293,0.014185,0.336023,-0.379381,0.197135,0.312933,-0.069876,0.256082,0.152396,-0.124105,0.216032,0.010579,0.084332,0.106496,-0.270359,0.009083,0.208612,0.251043,-0.038652,0.035209,-0.049145,-0.069802,-0.01143,0.069798,#
1,0.259573,1.0,-0.270839,-0.139494,0.033971,0.329082,0.181975,-0.385996,0.304912,0.079821,-0.15882,-0.158637,0.026803,0.234291,0.235464,-0.124467,-0.446824,0.319526,0.055234,0.025321,0.169296,0.200358,0.418552,-0.046712,0.152258,-0.501424,0.519095,-0.199115,0.046151,0.171404,-0.136895,-0.208168,0.149079,-0.329983,-0.424865,-0.04688,0.410635,-0.491744,0.076409,-0.008854,0.320817,0.559261,0.105187,-0.072479,0.084886,0.004352,0.102765,0.357751,0.036898,-0.190225,-0.238178,-0.535745,0.156186,-0.525372,-0.145406,0.210978,-0.065299,0.37443,-0.060296,0.429729,0.235054,0.148122,0.266218,-0.19831,0.008396,0.401966,0.0,0.403356,0.228487,0.108466,-0.121511,-0.069539,0.181631,-0.160104,-0.192114,0.1796,-0.147642,-0.224071,-0.16701,0.112565,-0.207311,-0.615868,-0.300888,-0.303104,0.055205,-0.160384,0.396848,-0.446985,0.07628,0.013133,-0.170357,-0.08379,-0.112757,0.331177,-0.021464,-0.180053,-0.183499,-0.233877,0.029412,-0.279446,0.255787,-0.181998,-0.032832,0.256728,0.315421,-0.196723,-0.291583,-0.557765,0.469917,-0.221677,0.217887,-0.180791,-0.175693,-0.181998,0.033673,-0.31963,-0.060754,0.233709,0.063324,-0.520965,0.054655,-0.302763,-0.260866,-0.316359,0.101814,-0.128448,0.330609,0.538099,-0.234808,-0.233943,-0.001751,-0.261176,-0.272042,-0.373935,-0.118896,-0.497473,-0.180791,-0.070826,0.213313,-0.778762,-0.071003,-0.25555,-0.362767,-0.112469,0.186246,-0.302267,-0.21487,0.438024,0.011634,0.406525,-0.299019,-0.219234,0.146255,-0.302763,0.011686,0.265385,-0.158664,0.420053,-0.092685,-0.277096,-0.149431,0.189748,-0.220685,0.258689,0.147855,0.294193,-0.132493,-0.137898,-0.326726,-0.250776,-0.125307,0.096704,-0.147642,-0.169775,0.096209,-0.427802,-0.326925,-0.058258,0.522255,-0.163671,0.474935,-0.049031,-0.489022,0.222833,0.243356,-0.225914,-0.016146,0.125378,-0.321635,0.428013,-0.192114,0.317428,0.314319,0.291702,-0.09814,-0.232504,-0.504022,-0.127133,-0.141607,-0.017239,#
2,-0.282025,-0.270839,1.0,0.04443,-0.154276,0.042864,0.252721,0.118781,0.263666,-0.124269,-0.134159,0.390159,-0.436028,0.153111,-0.343139,-0.274641,-0.127892,0.224088,0.00236,0.112232,-0.099212,-0.087883,-0.008555,-0.133184,0.369462,0.256141,-0.157717,0.005761,0.051098,-0.03324,0.026786,0.243429,-0.199402,0.265642,-0.139902,0.016844,-0.16396,0.035135,0.075541,-0.165997,0.081773,-0.081629,0.232822,0.015779,-0.317262,0.087509,0.092459,-0.120535,-0.177993,0.393612,0.07253,0.206615,0.019953,0.300198,-0.370147,-0.007489,0.093972,-0.046583,-0.349738,-0.188674,0.238066,-0.261587,-0.084892,0.079843,-0.351533,-0.140871,0.0,0.130603,-0.205728,0.513719,0.316732,0.204819,0.085482,0.133405,0.074095,-0.117614,0.248626,0.157623,-0.065066,-0.074429,0.131423,0.230932,0.27092,0.369851,0.311959,0.283263,-0.13928,0.079547,0.14648,-0.048279,0.203338,0.492852,0.257649,0.070242,-0.173397,-0.00245,0.41195,0.036099,0.390405,0.192966,-0.050082,0.23127,-0.099558,0.090808,0.087349,0.148834,0.482796,0.312874,-0.099102,0.108458,-0.037156,0.189448,0.099589,0.427785,0.1959,0.288469,-0.483104,-0.221857,0.062306,0.434588,0.248626,0.039192,0.485222,-0.093411,-0.150124,0.185849,0.119152,-0.358687,-0.338783,0.213827,0.219995,0.273682,0.118015,0.291412,0.023892,0.086568,0.157008,0.201643,0.062293,0.310452,0.294439,0.309201,-0.05187,-0.161356,-0.103599,-0.309354,0.40854,0.041065,-0.00093,0.284296,0.298342,-0.061583,0.285102,0.477514,0.230274,0.132514,0.149031,-0.021223,0.506804,0.180775,0.21588,0.074093,0.456906,0.317336,0.504645,-0.212375,0.036368,-0.318206,0.109298,0.052998,0.026024,0.032895,0.396919,0.069627,-0.218907,0.15434,0.293508,0.124564,-0.47859,-0.431935,-0.461329,0.028248,0.360784,-0.457928,-0.187963,0.352601,-0.11052,-0.118945,-0.291885,-0.006944,0.116436,-0.268334,-0.074968,-0.158086,-0.030345,0.168744,-0.126162,-0.08693,0.115124,-0.003905,#
3,-0.311097,-0.139494,0.04443,1.0,0.062379,-0.148178,0.176127,0.239985,-0.17198,0.237107,-0.035723,-0.017372,0.134709,-0.243231,-0.115767,-0.119291,-0.080128,0.151272,-0.133195,0.273954,0.211552,0.039968,-0.086532,0.146569,0.326318,0.12914,-0.429644,-0.021225,-0.166924,-0.030545,0.516909,-0.149555,0.169495,0.459155,-0.0258,0.160143,0.093721,0.341402,0.077099,-0.060647,0.313819,-0.085488,-0.103024,-0.248847,0.270827,-0.239513,-0.36159,0.016703,0.091892,-0.028458,0.256639,0.0096,-0.081828,0.103449,-0.177372,-0.314249,-0.101822,0.072937,0.220723,-0.364507,-0.32189,0.150163,0.044459,0.301294,0.053538,0.107022,0.0,-0.283489,-0.054055,0.068633,-0.165371,-0.354839,0.178794,0.175821,-0.05184,-0.28926,0.241539,0.299482,0.170221,0.134498,0.156618,0.368689,-0.117083,0.04951,0.042995,0.046961,0.06267,-0.128256,0.249672,0.010095,-0.200852,0.076732,0.163367,-0.191379,0.109702,-0.181942,-0.19832,-0.060305,0.340238,0.261477,0.049529,-0.168944,0.452388,0.265615,0.111047,0.155279,-0.128162,-0.148747,-0.175238,-0.188849,-0.067934,-0.18072,0.170492,0.344847,0.001079,0.513297,0.273007,0.027281,0.090847,-0.17398,0.036631,0.062758,-0.087833,0.170413,-0.181772,0.376145,0.020423,0.025579,0.119739,0.350007,0.017742,0.348701,0.484899,0.374615,0.081641,0.439173,-0.18072,0.066234,-0.015387,0.086628,-0.109176,0.307368,0.14962,0.139222,0.214828,0.142673,-0.031555,0.089317,0.443831,-0.086544,0.107801,-0.022139,-0.086789,0.242135,0.230438,0.252553,-0.080994,-0.00225,0.258009,0.251116,0.37828,0.163029,-0.041131,0.25625,0.31698,-0.184028,0.252477,-0.427349,0.259636,0.613054,0.042137,-0.06341,0.21582,0.021282,-0.385936,0.396517,-0.104989,-0.220595,-0.301339,-0.098304,-0.017275,-0.264185,-0.003488,-0.184991,-0.289428,0.069898,-0.384526,0.17625,-0.077032,-0.410602,0.126662,-0.180305,-0.365104,0.112954,0.242918,0.178397,0.152699,0.382426,0.029151,0.189748,#
4,0.264332,0.033971,-0.154276,0.062379,1.0,0.030507,0.194385,-0.064375,0.07691,0.047082,0.079997,-0.135128,-0.039048,-0.003314,0.182014,0.186493,0.39574,-0.105889,0.340247,0.125719,0.150442,-0.459704,0.29021,0.203014,-0.009564,-0.202106,0.173847,-0.019925,-0.015269,-0.044291,-0.099568,0.00892,-0.168797,0.069672,0.039189,0.013352,0.254803,-0.26075,-0.11447,-0.021788,0.134756,-0.032908,-0.246063,-0.322697,0.227714,-0.0376,-0.095687,0.04729,0.142723,-0.121381,0.158046,-0.169451,0.291305,-0.421276,-0.216835,0.106783,-0.021312,0.007361,0.088915,0.166299,-0.176737,0.392563,-0.109706,0.267016,-0.094359,-0.120912,0.0,-0.062902,-0.035806,-0.010739,0.291838,-0.03277,0.053386,-0.082591,-0.078085,0.230604,0.056922,-0.187821,-0.256436,0.226733,-0.051675,0.092139,-0.30033,0.351303,-0.347228,0.040617,-0.171863,-0.265634,0.323596,-0.059753,-0.17537,-0.165053,0.302452,-0.283505,-0.363542,-0.22494,-0.303933,-0.181144,-0.427985,0.028761,0.16358,-0.253759,-0.260665,0.342064,-0.068886,-0.207323,-0.027491,-0.118369,0.087775,0.242297,0.157135,0.171832,0.283241,-0.082146,-0.440769,-0.039443,0.164653,-0.235737,0.2639,-0.227311,-0.139814,-0.285482,-0.215282,-0.393842,0.030311,-0.146699,0.255507,0.251809,0.163359,-0.408249,0.018771,0.248233,0.101573,-0.032057,-0.208346,-0.122065,-0.249642,-0.467455,-0.326123,-0.218637,-0.451437,-0.310479,-0.414577,-0.188127,-0.165279,0.084221,-0.134383,-0.150059,-0.239882,-0.221069,-0.105728,-0.098701,0.291566,-0.293057,0.341597,-0.331198,-0.196186,0.417896,-0.216753,-0.331026,0.055485,-0.45143,0.129145,-0.178376,-0.054248,0.256059,0.289688,0.223633,-0.097203,-0.113558,0.211258,0.421653,-0.333053,0.221655,0.134033,-0.180434,-0.202264,0.292116,0.180078,-0.001568,0.225468,0.014605,0.0769,-0.018198,-0.248858,0.1385,-0.099311,0.216587,0.038676,-0.16895,0.087505,0.056303,0.05017,0.159676,-0.415763,0.116955,0.315658,0.164586,0.102516,0.160862,#
5,0.256504,0.329082,0.042864,-0.148178,0.030507,1.0,0.178975,0.075666,0.657737,0.093491,0.367708,0.034525,-0.122341,0.243914,0.067874,0.062093,-0.095758,-0.213484,0.057482,0.023856,-0.008787,0.127766,0.426596,-0.18733,0.150089,-0.460845,0.390181,-0.035877,0.040328,0.350812,-0.479832,0.138063,-0.223419,-0.142774,-0.219945,-0.048257,0.232313,-0.263836,0.454706,-0.165099,0.191911,0.20164,0.224867,-0.174243,-0.247147,-0.149059,0.443202,0.026449,0.25943,-0.009871,-0.021036,0.011303,-0.095881,-0.241702,0.071002,0.405219,-0.640775,0.40085,-0.378515,0.438412,0.204401,0.121411,-0.114943,0.027831,-0.197307,0.188257,0.0,0.411526,0.255293,0.094939,0.018386,0.274458,0.423499,-0.168449,-0.547106,0.24244,0.044931,-0.073365,-0.168691,-0.079121,-0.396855,-0.464008,-0.109017,0.348486,-0.299983,-0.011144,-0.293738,-0.134441,-0.104714,-0.327725,-0.012451,-0.256568,-0.113462,0.141992,-0.190141,0.17806,0.141375,-0.25549,0.010659,-0.287369,0.285142,-0.017621,0.105574,0.019676,-0.048109,-0.383355,0.204818,-0.063632,0.22532,0.268783,0.000628,-0.180711,-0.19103,-0.024381,-0.154833,-0.498795,-0.076416,-0.223314,0.061322,-0.205212,-0.148812,-0.314092,-0.27431,-0.327155,-0.090805,-0.14046,0.320153,0.395585,-0.479388,-0.242572,-0.398845,0.027213,-0.472221,-0.356556,-0.142371,-0.307185,-0.180711,-0.261882,0.374853,-0.44442,-0.326787,-0.304245,-0.373751,-0.378221,-0.215595,-0.544972,-0.044936,0.440734,-0.224232,0.128837,-0.117806,-0.241583,0.144519,-0.310777,-0.169274,0.021599,0.159203,-0.092594,-0.11767,-0.288163,-0.350186,-0.071969,0.090835,0.068515,0.138133,-0.039359,-0.149054,-0.267561,-0.496568,-0.431159,0.205826,0.104321,0.250729,-0.393501,0.416587,-0.616815,-0.326782,0.248484,0.183559,-0.084848,0.303086,0.068541,-0.15467,0.218343,-0.083972,0.039312,0.147387,0.104036,-0.161642,0.409114,-0.384035,0.136301,-0.042125,0.27595,-0.328081,0.142342,-0.070814,-0.413516,-0.340725,-0.01911,#
6,0.077598,0.181975,0.252721,0.176127,0.194385,0.178975,1.0,-0.171358,0.175203,0.260705,0.165247,0.200915,0.02976,-0.086428,0.224887,0.20864,-0.098845,-0.012227,0.046605,-0.188053,0.115149,-0.241725,0.248046,-0.256747,0.154371,-0.329702,0.093665,-0.065893,0.03709,0.16091,-0.276406,-0.052618,-0.221977,-0.140309,-0.070569,-0.236251,0.370207,-0.154393,0.07079,0.149068,-0.140462,0.215565,-0.113194,-0.190115,0.132893,-0.010176,0.119748,-0.021012,0.159227,0.143719,0.123566,-0.229552,-0.094275,-0.212817,-0.146749,0.18445,-0.081019,0.054592,-0.416672,0.21605,-0.238152,0.335805,0.042947,-0.003444,-0.020753,-0.039311,0.0,0.055673,0.230754,0.152085,0.356587,-0.202243,0.173991,-0.007117,-0.204943,0.165036,-0.135548,-0.345667,-0.341226,0.12833,-0.033684,-0.12958,-0.095339,0.209939,-0.269158,0.198421,-0.234778,0.046149,0.245306,-0.135647,0.1936,-0.065727,0.149443,0.157622,0.288023,-0.175105,-0.002831,-0.378742,0.029036,-0.104738,0.027766,-0.341095,-0.032712,0.259008,-0.024944,-0.178284,0.061943,-0.049479,0.057243,-0.001984,-0.250422,-0.180785,-0.336809,-0.010005,-0.308564,0.020527,-0.24598,-0.350529,0.031228,-0.177008,-0.12774,-0.302061,0.102908,-0.327904,-0.423572,0.36327,0.168933,0.341554,-0.259626,-0.031825,0.1875,0.029277,0.112629,-0.045773,-0.100071,-0.125097,-0.180785,-0.426612,-0.075371,-0.085565,-0.070091,0.30749,-0.017064,-0.189111,-0.322853,-0.32708,0.169519,0.424055,0.03647,0.40912,-0.255152,-0.188893,0.147934,-0.114171,0.214999,0.057243,0.008631,0.13561,-0.091925,-0.110838,-0.149258,-0.06515,0.119981,0.255563,0.331367,-0.04568,-0.131192,-0.406181,-0.106002,-0.246027,0.033615,-0.095046,0.064425,-0.323871,-0.065819,0.052634,-0.326916,0.416528,0.016737,-0.244806,-0.214882,0.084671,0.306523,0.005092,-0.128056,0.137836,0.16094,-0.374374,-0.249504,-0.087001,-0.195815,0.311344,0.314858,0.447827,0.025537,0.302331,-0.29838,0.031819,-0.32031,-0.198568,#
7,0.020003,-0.385996,0.118781,0.239985,-0.064375,0.075666,-0.171358,1.0,-0.326516,-0.243158,0.057428,-0.528388,0.092154,-0.104377,-0.030534,-0.207425,-0.058667,-0.150307,-0.286822,0.09506,-0.100105,0.295782,-0.14519,0.305355,0.297082,0.194516,-0.200421,0.245632,-0.354611,-0.271671,0.185162,0.230112,0.315667,0.258333,0.331564,0.035455,-0.195059,0.386043,0.020003,-0.267387,0.182586,-0.129542,0.243689,0.125299,-0.064216,-0.248489,-0.029324,0.204857,0.007082,-0.369439,-0.070697,0.295542,-0.160935,0.063363,0.185622,-0.155403,-0.198763,-0.042919,0.14393,-0.299092,0.004085,-0.250791,-0.380832,-0.03082,-0.254597,0.115007,0.0,-0.138164,-0.307177,0.216311,-0.161232,-0.053177,0.178666,-0.095538,0.139338,-0.44632,0.514633,0.217914,0.106033,-0.0521,-0.042627,0.247019,-0.006994,-0.009056,-0.117976,0.271999,-0.116262,0.258884,0.082725,-0.117111,0.24828,0.058896,-0.160665,-0.326483,0.004934,0.219161,0.308758,0.520975,0.250181,0.158902,-0.125923,-0.113013,0.373708,-0.190009,0.366519,0.178877,0.347118,0.252135,-0.189687,0.17097,0.312086,-0.08896,0.334865,0.122431,0.25352,0.319574,0.078536,-0.082896,-0.243801,0.369093,0.24472,-0.009237,0.039367,0.097788,-0.116546,-0.026822,-0.089478,0.079265,0.109416,0.565541,0.010033,0.273093,-0.03612,-0.002022,0.35003,0.500166,-0.08896,0.136588,0.259126,0.275122,0.148729,0.115896,0.186338,-0.119207,0.250835,0.228197,-0.151103,-0.295325,-0.076217,-0.160404,-0.031584,0.373098,-0.160859,0.486119,0.192513,0.103466,0.162843,-0.4749,0.278049,-0.079487,0.323232,0.15468,0.022997,0.08022,0.205811,-0.033058,0.253961,-0.054915,0.24929,0.136588,-0.215515,0.327045,0.24472,0.250999,-0.18233,0.110857,0.15468,-0.20138,-0.460162,-0.100931,-0.337535,-0.16621,0.010905,-0.314199,-0.431932,-0.320596,-0.337965,-0.125748,0.264693,-0.355398,0.366519,-0.580771,-0.364467,-0.237657,0.086425,0.006124,0.199213,0.15124,0.056129,-0.270237,#
8,0.163624,0.304912,0.263666,-0.17198,0.07691,0.657737,0.175203,-0.326516,1.0,0.191028,0.054494,0.303369,-0.195935,0.39046,-0.013612,0.056817,0.030588,0.190355,0.252131,0.346252,-0.165852,-0.203679,0.323787,-0.384005,0.239918,-0.337038,0.080955,-0.214046,0.182797,0.468849,-0.449097,0.132103,-0.148055,-0.037736,-0.210747,0.263238,0.173741,-0.487786,0.156327,-0.196368,0.155279,0.116291,-0.080387,-0.115752,0.003238,0.027763,0.49092,-0.095982,0.20689,0.214273,0.060431,0.092865,-0.037128,-0.125919,-0.216572,0.402546,-0.22486,0.325787,-0.516566,0.366532,0.185387,0.202454,-0.022931,0.030636,-0.173093,0.111895,0.0,0.305193,0.256236,0.032849,0.223816,0.344131,-0.013794,-0.034464,-0.539637,0.168601,-0.059582,-0.072462,-0.229612,0.121412,-0.103535,-0.31829,-0.018303,0.388262,0.079139,-0.012646,-0.272712,-0.318123,0.042654,-0.027584,-0.108592,0.055166,-0.055461,0.273559,-0.369005,-0.265464,0.21674,-0.466128,0.002213,-0.360956,0.226409,0.108075,-0.208715,0.093931,-0.363806,-0.29234,0.078392,-0.20141,0.307014,0.132051,0.037127,-0.152932,-0.050457,0.115083,-0.352851,-0.377029,-0.097391,-0.312568,0.385189,-0.355233,-0.059582,-0.230915,-0.024752,-0.390456,-0.014008,0.042983,0.102156,0.076585,-0.543679,-0.374424,-0.129376,0.101857,-0.373588,-0.056884,-0.460091,-0.420815,-0.152932,-0.145168,0.227315,-0.37326,-0.276552,-0.341735,-0.282375,-0.306105,-0.308996,-0.60715,0.367326,0.387324,-0.09358,0.19565,0.192306,-0.394489,0.212085,-0.21201,0.01316,-0.120761,0.207111,0.308473,-0.21843,0.011047,-0.477199,-0.276548,0.108582,0.222175,0.263163,-0.202,-0.036086,-0.268503,-0.420235,-0.320671,0.200765,0.12597,0.354655,-0.302972,0.40636,-0.419645,-0.276548,0.246227,0.178475,-0.154635,0.344928,0.243578,-0.127877,0.105452,0.158971,0.271832,0.181442,0.165632,-0.504921,0.371664,-0.357043,0.170903,0.172832,0.153067,-0.488264,0.046762,-0.16432,-0.299015,-0.092636,0.122473,#
9,0.130733,0.079821,-0.124269,0.237107,0.047082,0.093491,0.260705,-0.243158,0.191028,1.0,0.034182,0.141326,0.421936,-0.080114,0.018057,0.535573,-0.035858,0.011865,0.089057,-0.243398,0.177903,-0.063203,0.023176,-0.352799,-0.036351,-0.294816,-0.061245,-0.227832,0.030421,0.069079,-0.033198,0.020832,-0.015257,-0.085689,0.075692,0.189852,0.130506,-0.397576,0.075395,0.213868,-0.023421,0.094674,-0.107202,-0.289831,0.286299,-0.021038,-0.040921,-0.234501,0.049833,-0.177523,0.110826,-0.246728,-0.206033,-0.153185,0.03019,0.096296,-0.426625,0.265601,-0.230478,-0.139074,0.107464,0.204852,0.049718,0.260221,0.056184,0.066137,0.0,0.032469,0.202029,-0.12297,0.10331,-0.322754,-0.205994,-0.026804,-0.09314,0.056254,-0.313298,-0.024505,-0.210323,-0.063701,-0.127727,0.054505,0.106892,-0.030671,-0.143295,-0.174922,0.233289,0.062311,-0.057867,0.209836,-0.2848,-0.303775,0.024379,-0.224315,0.067657,-0.112079,-0.327126,-0.083718,-0.344308,-0.014489,0.194085,-0.212923,-0.032848,0.300029,-0.235594,0.033061,-0.270794,0.093875,-0.008185,-0.10134,-0.30355,-0.113889,-0.260035,-0.019265,-0.493957,0.141915,-0.06136,0.017173,-0.079546,-0.063831,-0.313298,0.084833,-0.211377,-0.059415,-0.387322,0.359196,-0.261007,-0.102981,0.036814,-0.036342,-0.315329,-0.164528,0.111033,0.143792,-0.153,-0.082773,-0.113889,-0.382514,0.216517,-0.215588,-0.20595,-0.104008,-0.127812,-0.117819,-0.096876,0.02265,0.002339,0.102837,0.010686,-0.205354,0.070091,-0.110707,-0.205936,-0.313388,-0.053385,-0.242842,0.111552,0.10123,-0.241967,-0.17181,-0.152892,-0.205946,0.010485,-0.060136,-0.14163,-0.252244,-0.071127,0.012966,-0.13273,0.202967,0.321283,-0.138236,0.162583,-0.109084,0.221902,-0.124251,-0.205946,-0.008923,-0.024668,-0.102254,0.033745,0.113946,0.15169,0.25133,-0.018787,0.072613,0.169129,-0.166167,0.118673,-0.065388,-0.477853,0.390801,0.193037,0.196565,0.149675,0.297723,0.201669,-0.044949,-0.218413,0.076249,#
10,0.034717,-0.15882,-0.134159,-0.035723,0.079997,0.367708,0.165247,0.057428,0.054494,0.034182,1.0,0.25474,0.023761,-0.233494,-0.032056,0.316349,0.351343,-0.420811,-0.05581,-0.211868,0.110881,-0.139702,-0.124938,0.023337,-0.107716,-0.305026,-0.071855,-0.062211,0.108948,0.102186,-0.097145,0.217324,-0.505811,-0.034964,0.41864,-0.03717,0.332194,0.002142,0.270729,0.368603,-0.47005,0.047989,-0.069068,0.100279,-0.21908,0.045071,-0.149021,-0.210054,0.262617,-0.174641,0.367277,-0.138346,0.012816,-0.094473,0.449018,-0.071421,-0.400307,-0.019979,-0.198048,-0.129836,-0.151918,0.133727,-0.142375,-0.028368,-0.043169,-0.345554,0.0,-0.134784,-0.190116,-0.454149,0.075997,0.251386,0.292715,-0.295715,-0.191963,0.282869,-0.231276,0.028519,-0.168991,-0.532566,-0.288107,-0.033344,-0.001392,0.145356,-0.474884,0.090748,-0.281952,0.188303,-0.412018,-0.444885,0.065199,-0.276704,0.284596,-0.318127,0.082561,-0.064068,-0.4319,-0.113324,-0.052912,0.114808,0.124761,0.008031,-0.208236,-0.375662,-0.185932,-0.111088,-0.13409,0.242031,-0.167812,0.373609,-0.387041,-0.269642,-0.17522,-0.188836,-0.223518,-0.160223,0.073182,-0.197756,-0.394648,0.166055,-0.432782,0.061446,-0.367179,0.195839,0.04518,-0.101501,0.234117,0.110471,-0.138675,-0.094753,0.019193,-0.089708,-0.246467,-0.071029,0.00991,-0.017554,-0.269642,-0.238438,-0.117877,-0.014002,-0.487603,0.000612,0.042304,0.001143,-0.328286,-0.182829,-0.085092,0.118876,-0.223535,-0.013295,-0.058163,-0.045477,0.002598,-0.416123,-0.297058,0.012423,0.22774,-0.374253,-0.181854,-0.093167,-0.025169,-0.045891,-0.091876,-0.300205,-0.282087,-0.149989,-0.164223,0.10342,-0.199319,-0.228081,0.164495,-0.160365,-0.017231,-0.505893,0.420929,-0.336695,-0.487595,0.409328,0.139017,0.22225,-0.019883,0.258619,0.168357,0.087985,0.023605,-0.077179,-0.04074,0.090423,0.399456,-0.043921,-0.38192,0.34582,-0.080087,0.046394,-0.216055,0.114578,0.132055,-0.40853,-0.207763,-0.113914,#
11,-0.064197,-0.158637,0.390159,-0.017372,-0.135128,0.034525,0.200915,-0.528388,0.303369,0.141326,0.25474,1.0,-0.330992,0.145786,0.009661,0.12157,0.265882,-0.131725,0.068474,-0.039334,-0.132119,-0.456454,-0.007027,-0.410542,0.016648,-0.045285,-0.168532,-0.12285,0.226211,0.190334,-0.275952,0.087351,-0.627794,0.086333,-0.216887,0.114978,-0.077156,0.05178,0.171491,0.404911,-0.243733,-0.155374,-0.180095,-0.148461,-0.000919,0.146625,0.004824,-0.39465,0.045706,0.518304,0.270544,-0.040279,-0.052873,0.258047,-0.295603,0.169648,-0.091346,-0.214312,-0.27239,-0.044908,-0.117819,0.292411,0.358638,0.1485,-0.079574,-0.279679,0.0,-0.01434,0.004286,-0.168034,0.517824,0.20017,-0.024765,0.109873,-0.044847,0.316898,-0.351195,0.058843,0.06857,-0.213065,0.203418,-0.005072,0.102097,0.155956,0.01017,0.156083,-0.168818,-0.123448,-0.208495,-0.229806,-0.213787,0.132368,0.236596,0.092357,-0.077985,-0.168027,-0.114239,-0.255853,-0.014551,-0.004577,-0.113523,0.252051,-0.23072,0.00291,-0.406797,-0.025171,0.016373,0.035468,0.010211,-0.173929,-0.395652,0.135762,-0.309662,0.234169,-0.212797,-0.101118,-0.064494,-0.118002,0.128836,-0.014243,-0.128075,-0.035757,-0.055122,0.073493,0.251728,0.071475,-0.084759,-0.397634,-0.293128,-0.18205,-0.043792,-0.12309,0.052678,0.244467,-0.004508,-0.123607,0.135762,0.027226,-0.250375,0.140942,-0.021086,0.088265,0.141543,-0.040682,-0.409312,-0.343631,0.440247,0.246998,0.097306,0.223978,0.038773,-0.229131,0.224612,-0.098167,-0.120245,0.202103,0.192933,-0.018973,0.144891,0.384425,-0.12374,0.172347,0.102571,-0.091608,-0.001786,-0.185038,-0.250419,-0.038427,-0.10067,0.027226,0.324607,-0.459326,0.083127,-0.410023,0.064527,-0.007211,-0.026212,0.067157,-0.060403,-0.189962,-0.091622,0.178088,0.419207,-0.087119,0.327485,0.266609,0.258543,0.039611,-0.242939,-0.027112,-0.403186,0.29918,0.036849,0.099837,0.058194,0.177092,-0.05301,-0.251102,-0.0813,0.413902,#
12,0.182384,0.026803,-0.436028,0.134709,-0.039048,-0.122341,0.02976,0.092154,-0.195935,0.421936,0.023761,-0.330992,1.0,-0.078645,0.227768,0.432622,-0.15396,0.024774,0.289442,-0.162955,0.338483,0.280032,0.02494,-0.14556,-0.015667,-0.213203,0.117056,0.105154,-0.21178,0.082248,0.048367,0.066476,0.171578,-0.075553,0.24112,-0.156233,-0.106173,-0.148751,-0.032652,0.075301,-0.224989,0.006113,0.002065,0.251252,0.35238,-0.396536,-0.127563,0.012652,-0.228761,-0.465294,0.201502,0.090851,-0.011343,-0.142222,0.137328,0.018047,-0.200002,0.135171,-0.115872,0.022701,-0.271257,0.030666,-0.264006,-0.095597,0.120897,0.315658,0.0,0.051251,-0.002455,-0.185711,-0.082444,-0.196943,-0.27461,0.135233,0.141167,0.112258,-0.279055,-0.419486,-0.077334,-0.147964,-0.265082,-0.189833,0.136785,-0.10106,-0.08966,-0.373328,0.093788,0.041244,-0.262208,0.175573,0.075871,-0.489236,-0.274203,-0.036445,0.148497,0.118927,-0.152971,0.0464,-0.364836,-0.009503,0.148175,-0.251385,0.132785,0.146801,0.141167,-0.140885,-0.097528,0.056282,-0.323734,-0.135125,0.125422,-0.151826,-0.074487,-0.083463,-0.184829,-0.078799,0.378134,0.161811,-0.214421,-0.010569,-0.279055,-0.009696,-0.388042,-0.069635,-0.221228,0.210007,-0.370921,-0.063213,0.136597,-0.010055,-0.288544,-0.219332,0.019674,0.032755,-0.25109,0.115019,-0.151826,-0.198074,-0.02391,-0.036718,-0.274552,0.270855,0.044571,-0.259822,-0.088599,0.154041,-0.337981,0.253965,-0.272156,-0.273758,0.027738,-0.193709,-0.274533,-0.284367,-0.474168,-0.1577,0.119425,-3.2e-05,-0.23016,-0.023345,-0.122381,-0.09583,-0.029584,0.03259,-0.284749,-0.133743,-0.013945,-0.018339,0.095023,-0.009509,0.079395,0.162735,0.133585,0.072246,0.321924,-0.08966,-0.274548,-0.037668,0.073902,0.082242,0.257217,-0.080313,0.084654,0.229772,0.128053,-0.042436,0.061324,0.033132,0.209181,0.090778,-0.037255,0.067329,0.194311,0.09304,-0.080556,0.267593,0.085413,0.137852,0.1657,-0.095102,#
13,0.296237,0.234291,0.153111,-0.243231,-0.003314,0.243914,-0.086428,-0.104377,0.39046,-0.080114,-0.233494,0.145786,-0.078645,1.0,0.483604,0.132003,0.14543,0.260424,-0.010612,0.084786,-0.458202,-0.059824,0.204773,-0.368841,-0.01893,-0.118429,0.16706,-0.329848,0.00719,0.036388,-0.357601,0.238161,-0.247569,0.10521,-0.349678,0.006957,-0.102886,0.096503,0.296521,-0.285989,0.007873,0.034188,-0.211674,0.043875,0.081562,-0.338911,0.562225,0.020773,-0.24256,0.094734,-0.091174,0.166274,0.185249,-0.162865,-0.621177,0.522013,0.031044,0.384988,0.164774,0.409176,0.12361,0.158598,-0.032229,-0.296733,-0.407598,0.159232,0.0,0.529279,0.293749,0.11159,0.337317,0.203157,-0.301167,0.241513,0.040742,0.143473,-0.098621,-0.136803,-0.441266,0.375449,0.216182,-0.225552,0.11348,0.276294,0.324336,0.24482,-0.017579,-0.235586,-0.012107,-0.091251,-0.057816,0.0,-0.085536,0.396686,-0.280592,0.033478,0.439016,-0.021719,0.267716,-0.058336,0.28007,0.047857,-0.124152,0.278348,0.212148,-0.320965,-0.022266,-0.153904,0.284546,0.019132,0.170233,0.252989,0.059473,0.393649,0.085322,-0.258211,-0.161947,0.156542,0.134002,-0.261693,0.105026,-0.077034,0.031894,-0.268012,0.221421,0.115324,-0.116692,0.084267,-0.228848,-0.197583,-0.052101,0.074121,-0.516152,-0.336896,-0.027473,-0.269487,-0.166508,-0.018889,0.197137,0.026126,-0.043468,-0.019687,-0.137919,-0.264046,0.122594,-0.294916,0.076004,0.151958,-0.029478,0.437167,0.035813,-0.132799,0.190719,-0.058605,-0.050264,0.089073,0.42756,0.154187,0.205845,0.134626,-0.292822,-0.038513,0.504191,0.491732,0.392227,0.22763,0.1029,-0.173774,-0.092323,-0.20004,-0.034558,-0.020561,0.086315,0.128744,0.010905,-0.005106,-0.053101,-0.317188,-0.062424,0.031282,0.425408,0.014234,-0.046557,-0.029144,-0.12932,-0.005857,0.441298,0.074484,-0.450743,0.150791,0.063083,-0.266089,0.081209,0.177757,-0.035559,-0.152483,-0.534263,-0.107189,-0.015082,0.066457,#
14,0.618164,0.235464,-0.343139,-0.115767,0.182014,0.067874,0.224887,-0.030534,-0.013612,0.018057,-0.032056,0.009661,0.227768,0.483604,1.0,0.13083,0.246487,-0.210871,-0.164089,-0.086564,-0.400401,-0.099854,0.081516,-0.40577,0.072616,-0.258496,0.223442,-0.330922,-0.112775,-0.056414,-0.376448,0.160882,-0.172352,-0.204931,-0.182441,-0.138152,-0.02572,0.178292,0.010113,0.024073,-0.110887,-0.085409,-0.446694,-0.007831,0.442762,-0.581171,0.425001,0.031516,0.003676,-0.061641,-0.232002,0.001503,-0.00374,-0.359122,-0.326223,0.453896,-0.097238,-0.078824,0.165272,0.315624,-0.322824,0.696277,0.132235,-0.220722,-0.353375,0.069827,0.0,0.060224,0.20563,-0.186009,0.319767,0.058028,-0.25306,0.010713,0.245957,0.085847,-0.206437,-0.329082,-0.33906,0.404116,0.127965,-0.442477,-0.173655,-0.062754,-0.150671,0.216776,-0.151434,-0.093764,0.114382,-0.327541,0.209364,-0.22382,-0.022884,0.366149,0.02468,-0.039061,0.143023,-0.048611,-0.093037,-0.117655,-0.075098,-0.357815,0.06985,0.139004,0.079728,-0.227022,0.018929,-0.311142,0.3847,-0.138677,0.336058,-0.139911,-0.178354,0.004167,-0.090351,-0.328747,0.124237,0.085436,0.180783,-0.417195,0.011041,-0.17566,-0.278102,-0.153875,0.276308,0.122619,-0.356644,0.415809,0.069328,-0.118195,0.004992,-0.202119,-0.256747,-0.34842,0.190425,-0.191234,-0.139911,-0.276458,-0.141944,0.082307,0.022128,-0.107775,0.145878,-0.246818,-0.175522,0.001249,0.106043,0.269211,0.073743,0.287932,-0.273064,0.234348,-0.008825,-0.17566,-0.059439,0.17595,0.3171,-0.036971,-0.090825,0.061716,-0.373808,0.027419,0.185887,0.127447,0.123407,0.239761,-0.00936,0.03692,-0.0024,-0.469912,-0.057303,-0.041371,-0.008941,0.025738,-0.004892,0.016767,-0.253002,-0.182799,0.105014,-0.09363,0.120435,-0.045729,-0.178768,0.089937,0.050083,-0.178884,0.5078,-0.060533,-0.194069,-0.238388,0.079728,-0.061766,0.124584,0.304132,0.033288,-0.091669,-0.44489,0.162895,-0.159025,0.120211,#
15,0.1472,-0.124467,-0.274641,-0.119291,0.186493,0.062093,0.20864,-0.207425,0.056817,0.535573,0.316349,0.12157,0.432622,0.132003,0.13083,1.0,0.29185,-0.048298,0.192288,-0.453747,0.067392,-0.277226,0.035105,-0.325675,-0.32212,-0.345745,-0.064384,0.009356,0.10055,0.225373,-0.41763,0.129001,-0.302395,-0.205096,0.226301,-0.129743,0.013692,-0.182539,0.350298,0.300882,-0.49747,-0.126772,-0.219775,-0.004569,0.18617,0.091216,-0.037153,-0.273548,-0.06561,-0.060545,0.433882,-0.096905,0.111264,-0.189253,0.099192,0.313728,-0.12244,0.20963,-0.037005,0.120574,-0.194676,0.251287,-0.084077,0.030785,0.063141,-0.151603,0.0,0.065522,0.311289,-0.497448,0.275741,-0.163953,-0.384017,0.033215,-0.049457,0.195783,-0.395744,-0.371812,-0.276694,-0.081124,-0.11603,0.042295,0.17668,0.201548,-0.12291,-0.134648,0.026861,0.211249,-0.370172,0.071159,-0.066319,-0.510662,-0.126674,-0.125108,-0.038301,-0.110503,-0.2241,-0.046414,-0.42909,-0.19074,0.169585,-0.10281,-0.209406,0.208937,-0.20186,-0.28122,-0.295165,0.405787,-0.261326,0.279546,-0.36898,0.198413,-0.097762,-0.11879,-0.435857,-0.270653,0.121596,0.10893,-0.235961,-0.016693,-0.395744,-0.019126,-0.304607,-0.113455,-0.094598,0.041519,-0.08868,0.067323,-0.153378,-0.314122,-0.25905,-0.306716,-0.160177,-0.076197,-0.30641,-0.026231,-0.212314,-0.368218,0.032202,-0.148367,-0.383936,0.094049,0.053325,-0.122427,-0.239253,-0.17826,-0.072835,0.008131,-0.31048,-0.156115,0.013212,-0.386702,-0.126244,-0.584225,-0.291458,-0.452711,0.012856,0.048711,-0.481091,-0.203393,-0.403187,-0.38393,-0.040468,-0.19799,-0.295017,-0.208532,-0.204127,0.11075,-0.009644,-0.013492,0.192962,-0.176513,-0.007618,-0.098366,0.43697,-0.138442,-0.141117,0.269672,0.170028,0.196295,0.26583,-0.0465,0.345786,0.515718,-0.146628,-0.12359,0.430107,-0.239271,0.223539,0.125554,-0.369683,0.421476,0.426233,0.202587,0.107079,0.233426,0.220046,-0.24032,-0.09501,-0.145083,#
16,0.1808,-0.446824,-0.127892,-0.080128,0.39574,-0.095758,-0.098845,-0.058667,0.030588,-0.035858,0.351343,0.265882,-0.15396,0.14543,0.246487,0.29185,1.0,-0.362277,-0.134769,-0.049485,-0.373876,-0.491154,-0.272769,-0.244595,-0.342581,0.071871,-0.279106,-0.158142,0.140232,-0.047124,-0.168016,0.230312,-0.339629,-0.173487,0.390651,0.085461,-0.066443,0.115916,0.211051,0.014323,-0.459647,-0.28377,-0.623389,-0.127601,0.244754,-0.003297,0.091151,-0.336107,0.250908,0.182443,0.225948,0.035207,-0.253067,-0.059726,0.104015,0.023216,0.106988,-0.197549,0.196468,-0.095704,-0.338171,0.28346,-0.062218,0.048509,-0.119555,-0.622316,0.0,-0.247702,-0.083801,-0.365498,0.421161,0.190167,-0.253019,-0.15677,-0.085888,0.11728,-0.384819,0.204832,-0.338074,0.071905,-0.037127,0.276254,0.019638,0.327371,-0.299977,0.222515,-0.322797,0.055312,-0.011318,-0.326772,0.035765,-0.004562,0.309557,-0.160395,-0.145132,-0.260241,-0.211527,-0.258706,-0.07516,-0.081453,0.058042,-0.136104,-0.275792,-0.298786,-0.429896,-0.0253,-0.137254,0.053711,-0.096521,0.235883,-0.258094,-0.139888,0.023964,-0.143156,-0.433144,0.043578,0.125818,-0.117561,0.016562,-0.076401,-0.384819,0.233708,-0.057442,0.215854,0.211825,-0.02239,-0.328698,0.011027,0.07565,-0.342489,0.231735,0.122695,-0.19491,0.21047,-0.180983,-0.19017,-0.139888,-0.092289,-0.402481,0.286412,-0.252965,-0.210815,0.13726,-0.027024,-0.372228,0.058043,0.336924,-0.298081,0.122188,-0.252233,-0.016643,0.06265,-0.252947,-0.174827,-0.035772,-0.298279,0.204332,-0.092348,-0.249201,0.088234,-0.164932,-0.252961,0.210165,-0.199596,-0.22442,-0.104545,0.233176,0.197759,0.02791,-0.088694,0.496528,-0.186661,-0.178666,0.214345,0.196385,0.036631,-0.252961,0.215585,0.14778,0.218307,-0.035402,0.165916,0.28671,-0.106397,-0.037612,-0.026399,0.15193,-0.014084,0.139983,-0.379433,-0.092693,0.160975,-0.031898,-0.153995,-0.134977,-0.256808,0.297563,-0.15839,-0.041383,0.333884,#
17,-0.156062,0.319526,0.224088,0.151272,-0.105889,-0.213484,-0.012227,-0.150307,0.190355,0.011865,-0.420811,-0.131725,0.024774,0.260424,-0.210871,-0.048298,-0.362277,1.0,0.052415,0.316758,0.118593,0.079675,-0.171689,0.129059,0.346336,0.171038,-0.296005,-0.07067,0.04939,0.274111,0.146351,0.020495,0.373499,0.217722,-0.229133,0.179157,-0.08486,-0.064948,0.022485,-0.1181,0.158141,-0.012377,0.096537,0.382257,-0.051157,0.092701,-0.173886,0.10604,-0.231673,-0.068565,0.119459,-0.091463,0.26757,-0.037873,-0.365683,-0.056864,0.399218,0.412224,0.032325,-0.175383,0.250729,-0.295638,0.213575,-0.089539,-0.215077,0.089322,0.0,-0.004611,0.092568,0.159392,-0.09461,-0.142311,-0.235416,0.04305,0.17919,-0.180601,0.196102,0.076291,0.0295,0.183714,0.286827,0.167681,0.224172,-0.072322,0.740947,-0.153382,0.437504,-0.153166,0.087806,0.402171,-0.107476,0.259876,0.005787,0.198274,-0.256531,-0.454928,0.112585,-0.042123,0.329983,0.148815,0.217424,0.188017,-0.00275,0.308301,0.172592,0.285664,-0.147027,-0.136866,0.11297,-0.154885,0.131367,0.147905,0.39724,0.373011,0.150168,0.229646,-0.048571,0.277759,0.054525,0.000264,0.407742,0.233456,0.18913,0.052915,0.183771,0.283258,0.202455,0.034225,-0.272091,0.168048,0.110044,-0.077909,-0.034632,0.202526,-0.084851,0.025906,-0.271912,0.165174,0.352648,-0.150252,0.019547,0.179756,0.106093,-0.011196,0.317247,-0.250185,-0.049078,-0.023763,0.06056,0.267876,0.159582,-0.143351,0.257909,0.029744,0.291933,0.11297,-0.105848,0.35858,0.193765,0.156455,0.119386,0.029378,0.048435,0.432758,0.263519,-0.146903,0.03424,-0.108519,0.226748,0.353435,-0.384366,-0.055581,0.188699,0.12024,-0.120882,0.24807,0.004672,-0.127071,-0.066477,-0.248402,0.296975,-0.223871,-0.16424,0.040552,-0.126882,0.051841,-0.050516,0.129978,-0.434803,0.25905,0.185421,-0.038099,0.31204,-0.267683,0.023396,-0.093552,-0.313359,0.178605,0.349034,-0.412254,#
18,-0.099891,0.055234,0.00236,-0.133195,0.340247,0.057482,0.046605,-0.286822,0.252131,0.089057,-0.05581,0.068474,0.289442,-0.010612,-0.164089,0.192288,-0.134769,0.052415,1.0,0.10796,0.266972,0.003692,0.482163,0.155378,-0.001347,-0.217712,0.344314,0.242228,-0.194856,0.318894,-0.104109,-0.093684,-0.171192,0.057072,-0.073666,0.012224,-0.148228,-0.452004,-0.128845,-0.165315,-0.07519,-0.133735,0.322693,0.068779,-0.151329,-0.032671,-0.073577,-0.009586,-0.050434,0.052995,0.338654,0.225405,0.300813,-0.197598,-0.149498,0.217235,-0.02745,0.00448,-0.261855,0.198604,-0.100088,-0.014046,-0.135094,0.097113,0.159274,0.344751,0.0,0.13088,0.059163,0.159881,0.187406,-0.042664,-0.18118,0.256963,-0.057837,0.327557,-0.132237,-0.506941,0.117711,-0.262129,-0.053667,-0.248594,-0.310255,0.327822,-0.007075,-0.258218,-0.139638,-0.251656,-0.02182,0.25915,-0.154657,0.007568,0.045178,0.080664,-0.192142,-0.032613,-0.12206,-0.134956,-0.605344,-0.144204,0.159694,0.296435,-0.088107,0.335985,-0.064287,-0.20746,0.157541,0.07334,-0.102409,0.111836,0.09433,0.176805,0.088682,-0.097598,-0.418977,-0.231184,0.150513,0.021396,0.269568,-0.046152,-0.132237,-0.288007,-0.205945,-0.556984,-0.016312,-0.331903,0.101619,-0.29811,-0.028412,-0.405115,-0.300143,-0.075257,0.097343,0.130973,-0.491674,-0.121626,0.192591,-0.292369,-0.333437,-0.222183,-0.179575,-0.007973,-0.405875,-0.32526,-0.132386,-0.106891,-0.102338,0.188488,-0.403793,0.017892,0.118321,-0.381655,0.31038,-0.295383,-0.303878,-0.327831,-0.156704,0.457519,-0.032386,0.019366,0.055378,-0.45103,-0.064656,-0.193166,-0.065778,-0.042159,0.263909,0.022305,-0.305708,-0.138989,0.201311,0.459066,-0.143306,-0.132473,0.47609,-0.348533,0.077624,0.134616,0.047884,0.045687,0.407952,0.023924,0.192346,0.204004,0.115143,0.411879,0.048985,0.06668,-0.254228,0.171508,-0.086504,0.068923,-0.108259,-0.006764,-0.608632,0.285167,0.097189,-0.011261,0.463611,0.159226,#
19,-0.244989,0.025321,0.112232,0.273954,0.125719,0.023856,-0.188053,0.09506,0.346252,-0.243398,-0.211868,-0.039334,-0.162955,0.084786,-0.086564,-0.453747,-0.049485,0.316758,0.10796,1.0,-0.091024,0.013181,0.053103,0.23799,0.308527,0.162874,-0.268704,-0.124004,-0.312449,-0.018804,0.194934,-0.072313,0.36125,0.511718,-0.282911,0.078145,-0.035119,0.074223,-0.244989,-0.261474,0.373772,-0.199757,-0.023141,0.039154,0.133102,-0.116334,0.15799,0.223907,0.131617,0.088192,-0.083859,0.277128,0.16161,-0.114016,-0.326082,0.051749,0.280695,-0.084804,0.109871,-0.067938,0.025382,0.028817,0.003174,0.063445,-0.077252,0.099871,0.0,-0.226778,-0.261953,0.194528,0.011729,0.032012,-0.161063,-0.086734,-0.08206,0.04207,0.496298,0.243916,0.124181,0.162038,0.206566,0.060218,0.002917,0.189817,0.33286,0.2656,-0.099022,-0.386208,0.296939,0.131781,-0.009687,0.5092,0.136557,0.097212,-0.418843,-0.271716,0.311118,-0.135794,0.255921,0.133233,-0.172426,0.319795,0.137917,0.078747,-0.08206,0.197843,0.10715,-0.40742,0.392418,-0.075006,0.310222,-0.089048,0.575944,0.341953,0.023059,0.12893,0.325475,-0.091391,0.559108,-0.274816,0.496298,-0.245033,0.271537,-0.105694,0.15241,0.181437,0.0999,-0.182466,0.149648,0.045214,0.016138,0.288824,0.218055,-0.002822,-0.111447,0.005301,-0.089048,0.177477,0.043183,0.049787,-0.161029,-0.259753,-0.033147,0.163261,0.253271,0.140358,0.314018,-0.104748,0.19631,0.154513,0.223604,0.137692,0.154951,0.270639,0.414936,0.392418,0.127448,0.169987,0.052077,0.387572,0.101662,0.167993,0.007969,0.293206,0.202631,-0.06457,0.261293,-0.051406,0.012719,0.177477,-0.238908,0.258724,0.241129,0.038696,-0.21427,0.116526,-0.161026,-0.215466,-0.251034,0.054592,0.091944,-0.128515,-0.279499,-0.354146,0.057268,0.119901,-0.144582,0.320457,-0.520072,-0.146034,0.368863,-0.365969,-0.137726,-0.18528,-0.403556,-0.269734,-0.105428,0.2722,0.197519,0.022109,#
20,-0.167359,0.169296,-0.099212,0.211552,0.150442,-0.008787,0.115149,-0.100105,-0.165852,0.177903,0.110881,-0.132119,0.338483,-0.458202,-0.400401,0.067392,-0.373876,0.118593,0.266972,-0.091024,1.0,0.075286,0.057159,0.262087,-0.005697,0.086877,0.235986,0.300255,0.227812,0.294636,0.126848,-0.074808,0.170836,0.093482,-0.034189,-0.210407,0.059643,-0.342198,-0.020603,0.214703,0.137474,0.145759,0.263695,0.107612,0.003901,0.172074,-0.558291,0.038123,-0.386553,-0.239468,0.147207,-0.094043,0.057842,0.015422,0.228692,-0.140125,-0.132539,0.102182,-0.165007,-0.16307,-0.107125,-0.212254,0.111183,-0.036741,0.283684,0.123294,0.0,-0.148695,-0.296785,0.086297,-0.288088,-0.000622,0.338495,0.182302,-0.145771,0.281902,0.108709,-0.044459,0.28432,-0.265591,-0.417688,0.04875,0.122209,0.098372,-0.133213,-0.520656,0.416186,-0.336936,-0.152492,0.072362,-0.13861,-0.26065,0.011337,-0.174835,0.185991,0.067425,-0.42057,-0.148739,-0.228782,0.336302,0.267138,0.074821,-0.052062,0.15242,0.209679,0.116285,-0.038003,0.03208,-0.31225,0.031584,-0.128953,0.181104,-0.095724,-0.068321,-0.139011,0.076898,0.179457,0.087118,-0.300008,0.026868,-0.117165,-0.00524,-0.204288,0.026301,-0.187472,-0.087385,0.410648,-0.105508,-0.043757,0.008245,-0.277439,-0.048603,0.239002,0.099092,-0.237058,0.289527,-0.266287,-0.343544,-0.128599,-0.346919,-0.481536,0.016528,-0.241382,0.031945,-0.060353,-0.02352,-0.422546,0.270295,-0.132891,-0.302341,0.147122,-0.28716,0.063318,-0.325786,-0.150957,-0.115099,-0.249786,0.140665,0.014858,-0.346732,0.025636,0.036866,-0.14841,-0.090696,-0.275428,-0.247244,-0.302058,0.043484,0.170465,0.178942,-0.033896,0.212266,-0.182321,-0.030322,0.247964,-0.25515,-0.217041,0.382615,0.318722,0.002716,0.183721,0.044699,0.126442,0.026231,0.183757,0.303205,-0.29064,0.417014,0.195138,0.413511,-0.141709,0.321362,0.265214,0.202915,0.020565,0.491907,0.260497,0.249947,0.249848,-0.056899,#
