0,1.0,0.110122,0.077349,-0.17841,0.130113,-0.040961,-0.036111,-0.220916,0.231083,0.060492,-0.278616,0.04212,-0.21113,0.286441,0.314731,-0.141375,0.068458,-0.074843,-0.285166,-0.068855,-0.313462,-0.286603,-0.41826,-0.041073,0.365486,-0.345464,0.159457,-0.388609,0.359507,0.01548,-0.573654,-0.013942,-0.114689,-0.121124,0.12307,0.015756,0.05375,-0.011874,-0.327035,0.086924,-0.194525,-0.124778,-0.461086,-0.099198,0.263192,-0.149382,0.229193,0.064778,0.018586,0.219597,-0.215742,-0.047202,0.121054,0.122595,0.026791,0.040026,0.237417,-0.248291,-0.12417,0.299668,0.213726,0.532995,0.34219,-0.542925,-0.265651,-0.143591,-0.026076,-0.080575,0.038219,-0.066122,-0.052675,0.093541,-0.036099,-0.079476,-0.053736,0.135093,-0.150953,-0.377407,0.021805,0.082467,0.165587,-0.13566,0.046407,-0.391765,-0.05019,0.030556,-0.203033,-0.050281,-0.149484,-0.336919,0.053211,-0.212,0.057526,0.294896,0.107661,-0.200086,0.059394,0.002453,0.063058,-0.079193,-0.119687,0.002833,-0.295849,0.025671,0.097277,-0.108497,0.207271,-0.036559,-0.065447,-0.477888,0.105667,0.0,-0.04712,-0.209941,-0.025989,-0.420967,-0.233749,-0.129936,0.123602,-0.362948,0.265311,0.014472,0.016409,0.063091,0.155956,-0.108128,-0.284442,-0.131112,-0.199626,0.028492,0.077335,-0.271569,-0.381712,-0.013,0.095174,-0.092019,0.08094,-0.037364,0.012958,0.084558,0.100345,-0.415608,0.26266,-0.166074,-0.177674,-0.034942,0.099529,0.255388,-0.012881,0.065098,-0.266661,0.260809,0.260497,-0.211699,0.180136,0.1289,0.066081,0.142867,-0.100517,0.01504,-0.326014,-0.024335,0.275236,0.036383,-0.284442,0.069353,-0.055653,0.335002,0.02042,-0.394152,0.046959,0.062471,0.102669,-0.173259,-0.093976,-0.083923,0.131115,0.103027,0.269708,-0.290523,0.07324,-0.011123,-0.183549,0.056994,0.126399,-0.160254,0.530611,-0.208585,-0.034298,0.173239,-0.324009,-0.046973,0.1323,0.284581,-0.269791,-0.072942,-0.264424,-0.23537,0.016409,-0.131405,#
1,0.110122,1.0,-0.280439,-0.159792,0.327876,0.137545,-0.015821,-0.220996,0.052953,0.231812,0.076536,-0.116205,0.340573,0.289487,0.09086,-0.112506,-0.118697,0.121254,-0.236856,0.159127,0.231895,0.413956,0.290965,-0.025104,-0.105818,-0.349888,0.362636,0.023381,0.234169,0.229977,-0.351892,-0.019227,0.123724,-0.606547,-0.060436,-0.000197,0.256153,-0.74554,-0.088162,0.12395,-0.00756,0.421536,0.081347,-0.153099,0.082904,0.107425,0.049775,0.528204,-0.172906,-0.10467,-0.157702,-0.551259,0.120673,-0.215173,-0.005308,-0.153348,-0.133176,0.376566,0.274802,0.25524,0.211985,0.16944,0.127598,0.078928,-0.140175,0.451389,-0.023915,0.470745,0.436573,-0.028109,-0.448155,-0.241417,0.248765,-0.241146,-0.3725,0.114815,-0.51394,-0.220881,-0.338957,-0.252122,-0.35502,-0.819102,-0.297811,-0.232511,-0.375812,-0.485481,0.006129,-0.39905,-0.339592,-0.149919,-0.480693,-0.553549,-0.29733,-0.273237,-0.390663,-0.035247,-0.569193,-0.506162,-0.288373,-0.438213,0.043962,-0.348441,-0.310007,-0.149217,0.12551,-0.312744,-0.295347,-0.566648,-0.237828,-0.128832,0.223743,0.0,-0.546066,-0.561891,0.156257,-0.22178,-0.412271,-0.027413,-0.044802,-0.363846,-0.291797,-0.17316,-0.568032,-0.436536,-0.144654,-0.121506,-0.286207,0.152236,0.173679,-0.51394,-0.161228,-0.288119,-0.352877,-0.224218,-0.361112,-0.283736,-0.220996,-0.220279,0.219226,-0.66657,-0.27918,-0.321581,-0.088887,-0.159366,0.012834,0.041154,-0.237828,0.435895,-0.513067,-0.10526,-0.453012,-0.270248,-0.374803,-0.24726,-0.217532,-0.076411,-0.084377,0.520529,-0.292671,-0.513916,-0.121904,-0.01237,-0.238623,0.205284,-0.463397,0.597379,-0.060965,-0.150152,-0.006792,-0.207353,0.060933,0.268058,-0.467199,-0.165621,0.254943,-0.465815,-0.327032,-0.083963,0.607188,-0.396793,0.761746,-0.168677,-0.399468,0.442492,0.486083,-0.54256,-0.136887,-0.045794,0.085968,0.571169,-0.438881,0.340013,0.479846,0.47315,0.149122,-0.393967,0.245108,-0.438881,-0.187587,0.320285,#
2,0.077349,-0.280439,1.0,0.393824,0.239898,0.148993,0.022963,0.078014,0.330889,-0.056484,-0.225066,0.240123,-0.445496,0.041718,-0.262223,-0.398972,-0.130171,0.13343,-0.096849,0.468739,-0.518768,-0.37338,-0.154051,0.068573,0.080696,-0.098306,-0.169658,-0.136325,0.117591,-0.194168,0.335485,0.231891,-0.450503,0.334499,-0.147151,-0.021758,-0.014091,0.174442,-0.12488,-0.328208,-0.23892,-0.12491,-0.244731,0.036578,-0.166798,-0.131442,0.14313,0.045835,-0.134039,0.399649,-0.001887,0.375335,0.122219,0.105645,0.021877,0.004692,0.076664,-0.167344,-0.379849,-0.25197,0.211938,0.086513,0.022409,-0.144021,-0.088381,-0.191256,0.197791,-0.242983,-0.079378,0.371017,0.265069,0.07005,-0.037137,0.2227,-0.151593,0.154294,-0.026454,0.085656,0.222841,0.021409,0.238785,0.263334,0.11113,0.583952,0.042675,0.452078,-0.326763,0.189161,0.272724,-0.216635,0.245498,0.359399,0.318867,0.190312,-0.023049,-0.072289,0.260476,-0.07853,0.452019,0.307192,-0.330828,-0.209097,0.245498,0.30366,-0.123575,0.160777,0.296263,0.268197,0.04996,0.020666,0.167423,0.0,0.349058,0.235567,0.049692,0.310013,-0.024756,-0.060322,0.258194,0.244487,0.042735,0.404832,0.252761,-0.04441,-0.101171,0.316841,0.255288,-0.170245,-0.047389,0.135551,0.358929,0.330088,0.101054,0.174882,0.172466,0.240541,0.053959,0.334073,-0.149213,0.315946,0.399229,0.009659,-0.067729,-0.061937,0.456298,0.299515,0.269861,-0.044316,0.074876,0.031317,0.1966,0.343089,0.376288,0.491942,0.47346,0.061991,-0.016903,0.087223,0.504812,0.123614,0.058311,-0.064439,0.67984,0.133211,0.429739,-0.158013,0.245914,-0.092017,0.510222,-0.094833,0.021074,0.132251,0.026913,0.358581,-0.139454,0.493698,0.267857,0.480881,-0.144445,-0.06993,-0.136446,-0.102181,0.067029,-0.220633,-0.26756,0.582966,0.202044,0.201408,-0.462829,0.105021,0.444456,-0.551688,-0.267509,0.044567,-0.433447,-0.099475,0.015757,0.073142,0.252761,0.124689,#
3,-0.17841,-0.159792,0.393824,1.0,0.045401,-0.149746,0.043589,-0.021314,-0.097365,0.269305,-0.064411,0.169259,0.021109,-0.257136,-0.418945,0.029966,-0.152673,0.056837,-0.23888,0.270035,-0.007949,-0.045035,-0.198616,0.355805,-0.26613,-0.04288,-0.127147,-0.182522,0.040065,-0.169808,0.203261,-0.072505,-0.047696,0.538734,0.233029,-0.402439,0.087273,0.081624,-0.040756,-0.035006,-0.171069,0.208717,0.126529,-0.19642,0.03911,0.343995,-0.509308,-0.315071,0.264953,0.317464,0.174513,0.051179,0.277435,0.06616,-0.337557,-0.254783,-0.135088,0.065699,-0.264836,-0.325347,-0.005152,-0.063503,0.164377,0.023202,-0.062988,-0.354902,-0.177429,-0.306632,-0.199492,0.273614,-0.070464,0.183011,0.337491,0.183488,-0.131989,0.186059,0.085783,0.518718,0.440228,-0.210946,0.12235,0.343075,0.079878,0.312242,0.207769,0.118811,0.237299,0.050849,0.0036,-0.072304,-0.01785,0.032765,0.367921,0.16899,0.09744,-0.168691,0.037445,-0.007139,0.12103,0.389605,-0.173862,0.247692,0.327245,0.241843,0.35596,0.229805,0.091944,0.22164,-0.529054,-0.103494,-0.344471,0.0,0.192735,0.32315,-0.165262,0.507559,0.242102,-0.002984,-0.157658,0.242523,0.362263,0.272123,0.235342,0.105731,-0.339014,0.296411,0.086765,-0.329961,-0.153935,0.266668,-0.163674,0.057658,0.257583,0.638552,0.092522,0.371965,0.254547,0.189482,-0.371383,0.327981,0.173051,0.39977,-0.009016,-0.164749,0.451706,0.365478,0.17236,-0.292999,-0.050104,-0.18958,-0.215429,-0.209621,0.01837,0.301291,0.255291,0.301082,-0.468678,0.000762,0.500117,0.257586,0.634793,0.318157,0.355135,0.110274,0.080807,-0.38465,-0.001109,-0.277436,0.261136,0.344441,0.089929,-0.310749,0.009447,0.034916,-0.285667,0.163762,-0.080184,0.027842,-0.445016,-0.153931,-0.113058,-0.503234,0.399738,-0.024306,-0.453004,0.207982,-0.386622,-0.089434,-0.034496,-0.276442,-0.080386,-0.170543,-0.637726,-0.131005,-0.063428,0.018022,-0.041501,-0.063196,0.035969,0.200258,#
4,0.130113,0.327876,0.239898,0.045401,1.0,0.036263,0.424659,0.24442,0.376714,0.100232,-0.021339,0.177134,0.017589,0.221916,-0.120217,0.021972,0.192909,0.107735,-0.097254,0.305137,-0.017845,-0.048801,0.271214,0.006936,-0.273945,-0.365408,0.053026,0.036666,0.491018,0.031678,-0.362945,-0.037475,-0.056843,-0.272692,0.061749,0.084499,0.42768,-0.471919,-0.26536,-0.056565,-0.023854,0.377979,-0.219394,-0.42629,0.215764,0.060654,0.242953,0.435006,0.262476,0.033768,-0.013214,-0.483352,0.277089,-0.386134,-0.14639,-0.203342,0.083484,0.171307,0.307982,0.122284,-0.016377,0.305968,-0.250542,-0.063048,-0.144102,0.142685,0.301007,0.158811,0.405796,0.005332,-0.069103,-0.318757,0.091347,-0.289764,-0.287511,0.154236,-0.281261,-0.304715,-0.545401,-0.241469,-0.203578,-0.327442,-0.24649,0.169479,-0.125552,0.252299,-0.354869,-0.130747,0.1345,-0.228521,-0.192045,-0.275672,0.030012,-0.535891,-0.425606,-0.3525,-0.38212,-0.374481,-0.218023,-0.359814,-0.202987,-0.450179,-0.360686,-0.094872,-0.126582,-0.29376,-0.078152,-0.210834,-0.210957,-0.101025,0.177163,0.0,-0.116434,-0.338958,-0.008563,0.151304,-0.255085,-0.389609,0.159189,-0.084558,-0.022536,-0.216371,-0.143996,-0.698185,-0.32743,0.264225,-0.220399,0.105387,0.18894,-0.439561,0.241498,0.054271,-0.108454,-0.004142,-0.401254,-0.17764,-0.055632,-0.127564,0.321372,-0.224456,-0.014189,-0.085485,-0.053828,-0.159565,-0.125001,-0.061648,0.320288,0.061431,-0.363784,-0.178486,-0.346169,0.045262,0.011171,-0.062526,0.235888,-0.206043,0.121514,0.463618,-0.385112,-0.263674,0.094372,-0.184782,0.036438,0.270439,-0.220399,0.257281,-0.011348,-0.125874,-0.078011,-0.002663,-0.100532,0.366271,-0.369577,0.025459,-0.138261,-0.036739,-0.285693,0.23174,0.17766,-0.430681,0.191145,-0.15226,0.099366,0.126633,0.017296,-0.241736,0.058361,-0.287582,-0.204755,-0.093814,-0.16411,0.287327,0.339323,0.236121,-0.056666,-0.049747,0.407923,-0.435753,-0.143996,0.190502,#
5,-0.040961,0.137545,0.148993,-0.149746,0.036263,1.0,0.151596,0.306373,0.361662,-0.160405,0.268089,0.190761,-0.385795,0.057623,-0.145368,-0.265518,0.139237,-0.175411,0.01668,-0.024885,0.068767,0.257669,0.34868,-0.387339,0.258377,-0.179932,0.131701,0.224633,-0.100494,0.15421,-0.047511,0.066214,-0.102777,-0.143986,-0.492538,0.376618,-0.080005,0.028247,0.054254,-0.147762,0.03486,-0.026966,0.223544,-0.257883,-0.398644,0.002021,0.10946,0.181309,-0.134918,0.017862,-0.16287,-0.017764,0.059092,-0.023052,0.363206,0.340959,-0.475478,0.134185,0.083684,0.122734,0.006634,0.226983,0.187831,0.144339,-0.254507,0.151797,0.144752,0.260614,-0.002081,0.250791,0.083835,-0.275445,0.16462,-0.317156,-0.178733,0.266568,-0.136112,-0.155978,0.077314,-0.175236,-0.244003,-0.312776,-0.249116,0.242277,-0.448416,0.223699,-0.26184,-0.125597,0.170823,-0.129744,0.0109,-0.166697,-0.023429,-0.110344,-0.073087,-0.036956,-0.033487,0.010353,-0.023024,-0.219063,-0.006415,-0.287415,0.181846,-0.196473,-0.083974,-0.209192,0.25075,-0.265106,0.234738,0.158634,0.031549,0.0,-0.178733,-0.430719,0.402846,-0.219711,-0.245506,-0.176229,0.316108,0.024164,-0.059224,-0.09875,-0.253139,-0.237612,0.143864,-0.043475,0.256166,0.426121,0.170828,-0.129395,0.136943,0.20705,-0.041478,-0.341583,0.21399,0.124456,0.000841,-0.013952,0.046183,-0.34803,0.05729,-0.207605,-0.043639,0.437881,-0.075365,-0.132998,-0.052408,0.244087,0.060604,-0.227169,-0.030469,0.1285,0.255123,-0.039782,-0.07551,-0.051685,0.040461,-0.038057,0.049208,0.043846,0.03733,0.17277,-0.174489,0.13919,0.252817,0.160543,-0.281142,-0.215711,-0.01918,-0.030061,0.054348,0.25092,-0.06095,-0.07838,-0.012079,-0.174259,-0.048639,0.222516,0.215002,-0.184324,0.053551,5.1e-05,-0.195868,0.204986,0.065154,-0.047411,-0.022227,0.094438,-0.105119,0.225732,0.057328,-0.029656,0.050783,0.409448,0.248697,0.282576,0.141227,-0.111869,-0.271863,0.233288,#
6,-0.036111,-0.015821,0.022963,0.043589,0.424659,0.151596,1.0,0.315818,-0.126024,0.012788,0.097166,-0.156545,-0.069412,-0.137988,0.004401,0.060738,0.151319,0.044968,-0.018419,0.031106,0.312162,0.264942,-0.047974,-0.131561,-0.189587,-0.070647,-0.076032,0.152405,0.088362,0.139847,-0.173796,0.105956,0.427771,-0.132794,-0.008684,-0.142716,-0.144455,-0.043906,-0.180673,-0.203995,-0.163796,-0.231739,0.229785,-0.429616,-0.179966,-0.064571,-0.064728,0.089624,0.290495,0.039339,0.035967,-0.219493,0.018132,-0.11339,0.10109,-0.193337,0.32457,-0.214731,0.07606,-0.080029,-0.05833,0.049764,-0.095483,0.020802,-0.329608,-0.342389,0.153006,-0.156074,-0.044425,0.353305,0.049411,-0.493184,0.173567,-0.032731,0.010857,0.214347,0.017515,-0.135938,-0.400348,-0.163455,-0.268393,0.027015,-0.092531,0.100869,-0.264505,0.264512,-0.23212,0.048857,0.347056,-0.28846,-0.124356,-0.002146,0.178837,-0.280762,0.087561,-0.063634,-0.21285,-0.162226,-0.353598,-0.041837,0.137206,-0.301401,0.027115,0.000888,-0.085607,-0.031795,0.405373,-0.082597,-0.110923,0.039515,-0.05378,0.0,-0.149363,-0.284843,-0.083055,0.191529,-0.257601,-0.137781,-0.021745,0.219134,0.128269,-0.059903,0.145354,-0.085218,-0.318668,0.332742,-0.071758,0.296145,0.271868,-0.290442,0.018621,-0.095264,0.174021,0.03029,0.01773,0.136598,0.005716,-0.351591,-0.054671,0.028752,0.068428,-0.166978,0.285245,0.05005,-0.366361,-0.271948,0.165389,0.065264,0.102394,-0.071286,-0.190094,-0.010146,0.061024,-0.207437,0.369682,-0.051814,-0.046457,0.086893,-0.288227,-0.304812,0.147859,-0.087244,-0.001962,0.180874,-0.078555,-0.007904,0.052413,0.079869,0.020032,-0.014649,0.035015,0.018443,-0.230629,-0.019426,-0.166989,0.223704,-0.076063,0.277641,0.044844,-0.26545,-0.247426,-0.004376,0.37447,0.267405,-0.269516,-0.023412,0.014435,-0.405819,0.064506,-0.286745,-0.111607,0.163093,0.243709,0.102233,0.487034,0.259041,0.028826,-0.104451,-0.061487,-0.412452,#
7,-0.220916,-0.220996,0.078014,-0.021314,0.24442,0.306373,0.315818,1.0,0.043345,-0.305224,-0.00388,-0.100284,0.06868,-0.002965,-0.145249,-0.1038,-0.183702,-0.356417,-0.070175,-0.164195,0.314186,0.260905,0.226193,0.009734,-0.128612,0.078719,0.173695,0.213991,0.19981,-0.147276,0.163036,0.051399,0.205359,0.088757,-0.068929,0.090463,0.314249,0.253438,-0.128669,-0.359386,0.382348,0.374557,0.189539,-0.0716,-0.181493,-0.218259,0.215887,0.147641,0.188263,-0.38892,-0.356408,-0.078486,-0.163907,-0.277106,0.106581,-0.080972,-0.226452,0.027714,0.056122,0.100972,-0.452797,-0.177661,-0.570302,0.093037,0.019129,0.17627,0.341198,0.174269,0.033243,0.188459,-0.125017,-0.187083,0.35995,0.027798,-0.002475,0.072803,0.425414,-0.016994,-0.261031,-0.045746,-0.260889,-0.072977,-0.022921,0.102113,-0.005123,0.294733,-0.191703,0.024926,0.225133,-0.202192,0.223296,-0.003805,0.050532,-0.183748,0.239681,0.387434,-0.034137,0.227375,0.002139,0.013114,0.080599,-0.202001,0.223296,-0.202122,0.026391,-0.240069,0.289786,-0.033985,0.075672,0.076605,0.199185,0.0,-0.002475,0.098114,0.266048,0.18976,-0.072984,-0.136595,-0.220016,0.319641,0.134944,-0.261002,0.16868,-0.306597,-0.385958,0.279362,0.003499,0.189164,0.185849,0.127001,0.133798,0.364446,0.164643,-0.323693,0.152485,0.156487,-0.086917,0.00159,0.17989,0.187922,0.132376,0.178069,-0.219927,0.233813,-0.160002,-0.286751,-0.220626,0.034012,0.110974,-0.183642,0.193725,0.246086,0.213592,0.19634,-0.156616,-0.220452,0.346446,-0.29756,-0.126737,-0.202122,0.211653,-0.108823,0.029351,0.289632,0.003499,-0.046221,-0.220596,-0.273451,-0.20173,0.068331,-0.238437,0.161087,0.129773,0.133668,-0.282999,0.181778,-0.128621,0.059632,-0.286117,0.137401,-0.282939,0.225802,0.276474,-0.145675,-0.332344,0.21396,-0.039429,0.205064,-0.040977,-0.201773,0.19525,0.034402,-0.034376,0.009264,0.177997,0.418351,-0.048374,0.19525,-0.19409,-0.127999,#
8,0.231083,0.052953,0.330889,-0.097365,0.376714,0.361662,-0.126024,0.043345,1.0,0.126487,-0.187514,0.446807,-0.110594,0.705197,-0.178715,-0.260041,0.044523,0.26687,0.276988,0.293196,-0.501953,-0.378349,0.168812,-0.59546,0.082163,-0.230662,0.190003,0.074188,0.077385,0.004808,-0.182454,0.241599,-0.250231,-0.050419,-0.298251,0.493099,0.195072,-0.327147,-0.356018,-0.179795,-0.081996,0.209525,-0.243317,-0.039849,0.226069,-0.234361,0.437983,0.335132,-0.055947,0.28627,0.06064,-0.021934,0.123673,0.00982,-0.234858,0.457556,0.059554,0.195166,0.161891,0.212521,-0.374429,0.284847,0.070249,-0.154523,-0.204558,0.169393,0.434757,0.29434,0.061862,0.148015,0.305934,-0.255627,-0.301174,-0.117248,-0.15935,0.138744,-0.065058,-0.27559,0.066256,-0.019203,-0.066144,-0.254043,-0.072612,0.236531,0.008709,0.26266,-0.375869,-0.323501,0.065035,-0.201615,-0.119114,0.186489,-0.034595,0.017941,-0.369769,-0.116081,0.00861,-0.121778,-0.053722,-0.284933,-0.280805,-0.225028,0.05672,0.118959,-0.31831,-0.04076,0.267899,-0.179414,0.206491,-0.194483,0.231997,0.0,0.175375,-0.102181,0.029874,-0.249288,-0.024774,-0.11028,0.448224,-0.129477,0.192961,-0.096281,-0.147821,-0.378383,0.269352,-0.047898,-0.232481,0.058534,-0.111338,-0.058288,0.293556,0.487103,-0.312047,0.044062,-0.121214,0.019745,0.351329,0.34108,0.276944,-0.0659,0.377115,-0.307984,-0.116156,0.078288,0.035171,-0.271417,0.398667,0.332031,-0.008396,0.21201,-0.042066,0.109379,0.386576,-0.069958,0.23659,-0.123238,0.345878,0.284598,-0.052323,0.303854,-0.157805,-0.063905,0.020891,0.448529,0.277918,-0.021761,0.060611,0.066598,0.135341,-0.108745,-0.018485,0.277703,0.188653,0.076355,-0.174246,-0.06734,0.075481,-0.015732,0.151601,-0.267724,0.16996,0.2316,-0.446449,-0.279519,0.041387,0.129374,0.26265,0.001543,-0.655435,0.10714,0.1431,-0.270426,0.025767,0.063686,-0.267529,0.003765,-0.036367,-0.11775,0.236261,0.343463,#
9,0.060492,0.231812,-0.056484,0.269305,0.100232,-0.160405,0.012788,-0.305224,0.126487,1.0,0.031325,0.103496,0.094309,0.139875,-0.29035,0.310311,0.033024,0.140522,-0.005098,0.143126,-0.103024,-0.088143,0.058571,-0.215704,-0.003166,-0.124618,-0.1264,-0.329568,-0.077189,0.286525,-0.250449,-0.021838,0.033861,0.114412,0.399005,-0.022194,-0.165139,-0.468733,-0.06475,0.196664,-0.239616,-0.024355,0.141014,-0.009609,0.130795,0.260468,-0.108854,-0.099399,-0.19765,0.287627,0.19377,-0.155184,0.156177,0.076035,-0.120912,0.364623,0.038684,0.17836,0.017339,-0.09369,-0.004627,-0.017761,0.507782,0.202199,-0.459442,-0.066551,0.10103,-0.228551,-0.132524,-0.098568,0.125646,-0.266143,-0.120886,-0.034543,-0.213201,-0.22613,0.153518,0.250862,0.230103,0.04422,-0.111759,-0.060507,0.001117,-0.159996,0.099295,-0.326673,0.185982,-0.048123,-0.031805,-4.6e-05,-0.245565,0.104469,0.284142,0.076419,-0.249415,-0.100946,-0.331775,-0.043975,-0.315946,0.141041,-0.145024,0.501318,0.149118,0.337361,-0.022252,0.261302,0.057368,0.050509,-0.11959,0.088127,-0.278573,0.0,-0.056175,0.054145,-0.197312,-0.04821,-0.113047,0.108402,0.09026,0.081019,0.262555,0.35428,-0.18238,-0.125603,0.032627,0.038664,-0.312593,-0.177811,-0.014028,0.329949,-0.012373,0.132206,-0.152906,0.634264,-0.062086,0.264203,-0.014146,-0.364048,-0.14487,-0.086069,0.074914,-0.224165,0.416906,0.079052,0.188557,0.124941,0.179385,-0.000434,-0.123402,0.240067,-0.303917,-0.168641,-0.324136,-0.013016,0.377148,0.254363,-0.095055,0.343559,0.093726,-0.025113,0.024719,0.119233,-0.23672,0.206265,-0.122087,-0.291049,0.231766,0.278719,0.130531,0.035899,0.114297,-0.145509,0.261782,-0.016883,0.303816,-0.062653,-0.24367,-0.032554,-0.205284,-0.32955,0.121743,-0.215782,-0.024847,0.096886,-0.203923,-0.028357,0.137098,-0.13121,-0.054755,-0.044007,-0.316361,0.017744,-0.07792,-0.209329,0.10958,-0.096103,-0.002534,0.006288,0.187964,-0.03274,#
10,-0.278616,0.076536,-0.225066,-0.064411,-0.021339,0.268089,0.097166,-0.00388,-0.187514,0.031325,1.0,0.280408,-0.244041,-0.343844,0.027507,0.009534,0.433594,-0.070749,-0.069099,-0.236561,0.294461,0.348107,0.090037,0.168743,0.002786,0.218344,-0.324934,0.076659,0.166536,0.312602,-0.182428,-0.132994,-0.34932,-0.064052,0.234898,0.162849,-0.048791,-0.131756,0.237933,0.274139,-0.21612,-0.109794,0.128871,-0.267538,-0.074383,0.390567,-0.268084,-0.352075,0.191559,-0.082287,-0.0747,-0.167637,-0.167083,-0.03351,0.128238,-0.059694,-0.379833,0.074955,0.155018,-0.203341,0.028097,-0.172374,0.177578,0.369964,0.268623,-0.135598,-0.13198,-0.206923,0.070974,-0.267992,-0.28098,-0.006916,0.126361,-0.225979,0.102099,0.231315,-0.192791,0.095432,-0.13532,-0.131596,-0.299193,-0.075567,-0.463301,0.198636,-0.166301,-0.157608,-0.163513,0.001046,-0.261267,0.002465,-0.06157,-0.233932,-0.384083,-0.168103,-0.318219,-0.101707,-0.293345,-0.071167,-0.400555,-0.182266,0.273079,0.000859,-0.233698,-0.252041,0.00248,-0.074536,-0.154147,0.009545,-0.16209,0.58571,-0.298821,0.0,-0.223756,-0.158905,-0.145931,0.122608,-0.14515,0.000757,0.050434,0.308144,-0.279891,-0.134945,-0.556786,0.013922,0.102223,-0.089739,0.043552,0.141276,0.153701,-0.011147,-0.011352,-0.176982,0.220271,-0.200533,0.070042,0.257166,-0.00388,-0.38243,0.01955,-0.435956,-0.164194,0.073115,0.074426,0.255318,0.010885,0.130419,0.227526,-0.282768,0.1066,-0.282838,0.058546,-0.095655,-0.379946,-0.263504,-0.207154,-0.437606,-0.226031,-0.103518,-0.052799,0.00086,0.213151,0.134375,-0.544837,-0.260584,-0.146502,0.094492,-0.347868,-0.01729,-0.050248,0.097357,0.008028,-0.325777,-0.285951,-0.434151,0.119078,-0.437655,-0.304064,0.202971,0.013201,0.118773,0.019566,0.055601,-0.025591,0.315558,0.179579,-0.371202,-0.1713,-0.162665,0.486147,0.036916,-0.208331,0.430472,0.007704,0.011551,0.364707,0.118443,0.421017,-0.22585,-0.356577,-0.032433,#
11,0.04212,-0.116205,0.240123,0.169259,0.177134,0.190761,-0.156545,-0.100284,0.446807,0.103496,0.280408,1.0,-0.290426,0.080882,-0.091099,-0.008564,0.308964,-0.114234,-0.060827,0.16485,-0.325391,-0.242728,-0.045831,0.032116,0.123874,-0.031608,-0.381157,-0.024544,0.33628,0.20465,-0.1884,0.2579,-0.524972,0.034135,-0.163956,0.370144,-0.0493,0.001749,0.1421,0.299227,-0.143365,-0.057486,-0.120857,-0.076631,0.12066,0.191856,-0.061455,-0.239937,0.308112,0.286808,0.248621,-0.062412,-0.146477,0.034375,-0.062544,0.260284,-0.269808,-0.11129,-0.167677,-0.241433,-0.24047,0.02647,0.330496,-0.000991,-0.030707,-0.16845,0.261253,-0.244596,0.08308,-0.059863,0.20333,-0.224878,-0.217477,-0.127567,-0.165746,0.260702,-0.219638,-0.005137,0.115404,-0.26258,0.149083,-0.067601,0.061522,0.360412,0.061441,0.052207,-0.083059,-0.273881,0.065072,-0.336713,-0.107408,0.015822,0.042041,-0.153351,-0.329637,-0.128198,-0.183439,-0.27513,-0.024493,-0.142416,-0.213276,0.000571,-0.101052,0.086613,-0.26953,0.220186,-0.1158,-0.164529,-0.022997,-0.119161,-0.308009,0.0,0.005939,0.002921,-0.327244,0.007048,0.191861,-0.130694,0.220817,0.052002,0.085686,0.108434,-0.271363,-0.083378,0.425439,0.126866,-0.265255,-0.281862,-0.305468,-0.195344,0.053709,-0.069922,-0.031394,0.146782,0.14458,0.099139,0.212852,0.175315,0.072458,-0.137391,0.395227,0.095457,0.061907,0.100333,-0.069985,-0.129299,0.397937,-0.033176,0.192097,-0.271626,-0.084808,0.23837,0.081606,-0.017003,-0.083844,-0.143466,0.008412,-0.1889,0.087041,0.181626,0.203048,0.025606,-0.148099,-0.216095,-0.099776,-0.238688,-0.011461,0.011144,0.308256,0.253774,-0.030489,-0.265469,-0.102728,-0.387432,0.007257,-0.14567,-0.208476,-0.059642,-0.111979,-0.145606,-0.083565,-0.030405,-0.052941,0.241411,0.043723,-0.054644,0.266566,-0.202516,-0.258506,-0.037191,-0.177964,0.192322,-0.157446,-0.064662,0.011818,0.024745,0.268837,-0.177539,-0.070532,0.369039,#
12,-0.21113,0.340573,-0.445496,0.021109,0.017589,-0.385795,-0.069412,0.06868,-0.110594,0.094309,-0.244041,-0.290426,1.0,0.246168,0.023082,0.372189,-0.465318,0.251422,0.031615,-0.036667,0.346148,0.259227,-0.112347,-0.007176,-0.325776,-0.01658,0.300582,0.191103,-0.097742,0.046528,0.076695,0.143954,0.485762,-0.2813,-0.028952,-0.159527,0.276318,-0.409847,-0.325919,0.08087,-0.029396,0.440608,0.244722,0.435012,0.107555,-0.082331,-0.164798,0.126674,-0.045563,-0.451736,0.018778,-0.237394,0.136948,-0.188686,-0.258252,-0.18465,0.021069,0.204406,0.205519,-0.076523,-0.387927,-0.035157,-0.277322,0.011552,0.023263,0.21933,-0.026344,0.275893,0.18992,-0.072241,-0.279873,-0.009253,-0.005563,0.081044,0.135412,0.093318,-0.028515,-0.038456,-0.159006,-0.245997,-0.02267,-0.317176,0.177417,-0.231331,0.127384,-0.322058,0.418518,-0.073743,-0.340579,0.049054,-0.131552,-0.264528,-0.12527,-0.085208,-0.071529,0.092871,-0.246264,0.025223,-0.309621,-0.019403,-0.033855,0.022271,0.011595,-0.147503,0.138388,0.044146,-0.156719,-0.060948,-0.249807,-0.259461,0.229448,0.0,-0.221216,-0.067441,-0.006673,-0.009942,0.074366,0.169754,-0.391438,-0.022746,0.075205,-0.150355,-0.009273,-0.122365,-0.171676,0.060592,-0.307562,-0.051502,-0.002703,-0.150095,-0.329301,-0.12736,-0.146928,0.010731,-0.12283,-0.091351,0.093252,0.079706,0.153438,0.059839,-0.107833,0.086166,-0.218982,-0.20593,-0.11988,-0.167912,-0.387828,0.177692,-0.492366,0.050131,-0.073008,-0.088294,-0.173358,-0.240926,-0.391374,-0.079381,0.076674,0.069944,-0.27015,-0.147503,0.089019,-0.275649,-0.084422,0.218981,-0.323972,0.074891,-0.229877,0.076279,-0.001493,-0.031685,-0.30591,0.003828,-0.110755,0.074065,0.087163,-0.109468,-0.136086,-0.305974,0.083805,-0.136289,0.297879,-0.050387,-0.14806,0.110277,0.142822,-0.110285,-0.275234,-0.032782,0.006498,0.036031,-0.098131,0.1945,0.304795,-0.098963,0.105605,-0.05957,-0.227492,0.100955,0.199777,-0.094473,#
13,0.286441,0.289487,0.041718,-0.257136,0.221916,0.057623,-0.137988,-0.002965,0.705197,0.139875,-0.343844,0.080882,0.246168,1.0,0.125899,-0.327304,-0.052568,0.234844,0.053378,0.408443,-0.257374,-0.190796,0.081979,-0.504977,0.013337,-0.093766,0.295643,-0.092096,0.075163,0.122089,-0.313776,0.259695,0.116933,-0.330464,-0.250708,0.37888,0.261812,-0.438445,-0.417556,-0.235081,0.044534,0.309757,-0.323141,0.219732,0.272119,-0.489701,0.579265,0.38888,-0.18568,0.10427,-0.152208,-0.073429,-0.014176,0.16816,-0.420435,0.320963,0.156147,0.205893,0.216657,0.261741,-0.325164,0.202055,-0.1275,-0.141986,-0.153738,0.349038,0.370408,0.380684,0.327145,0.29013,0.026996,-0.074433,-0.092197,0.025843,-0.283042,0.140374,-0.029009,-0.154499,-0.224872,0.10195,0.089195,-0.474009,0.078837,-0.040024,-0.11801,0.079763,-0.281046,-0.484048,-0.160002,-0.304293,-0.29989,0.166841,-0.157015,0.113816,-0.395424,0.084316,-0.017391,-0.183047,-0.059345,-0.281071,-0.234064,-0.163253,-0.168487,-0.149942,-0.286206,-0.184291,0.239612,-0.380159,0.227305,-0.316988,0.572913,0.0,-0.126205,-0.079699,0.032898,-0.331991,-0.231556,-0.091891,0.325344,-0.426019,0.096751,-0.209398,-0.058821,-0.378587,0.154473,-0.185893,-0.407016,-0.01733,-0.100454,-0.163327,-0.033256,0.352869,-0.577898,-0.144127,-0.041475,-0.242137,0.020777,0.169073,0.316079,0.031914,0.105175,-0.546148,-0.246839,-0.328217,-0.213466,-0.373007,0.117657,0.658607,-0.187181,0.43387,-0.112582,0.077601,0.109526,-0.155572,0.118841,-0.091959,0.50017,0.414243,-0.103489,0.031866,-0.38856,-0.119912,0.182681,0.609124,0.094858,0.262302,0.082075,0.130698,0.019984,-0.222833,-0.010899,0.243844,0.089131,0.142932,-0.02601,-0.142365,0.190073,-0.300584,0.145781,-0.31592,0.358483,0.364382,-0.619593,-0.320565,0.333267,0.0731,0.139005,0.104133,-0.58696,0.193613,0.070273,-0.233216,0.323316,0.089884,-0.203151,-0.127061,-0.371041,-0.018514,0.318846,0.270594,#
14,0.314731,0.09086,-0.262223,-0.418945,-0.120217,-0.145368,0.004401,-0.145249,-0.178715,-0.29035,0.027507,-0.091099,0.023082,0.125899,1.0,-0.057137,0.161093,-0.17186,-0.366691,-0.09186,-0.189512,-0.141093,-0.238256,0.007681,-0.214927,0.085446,0.132035,-0.23473,0.032471,-0.246116,-0.336771,0.36031,0.12991,-0.24334,0.10977,-0.107671,0.04295,0.0541,-0.215021,-0.019046,0.139816,-0.068327,-0.431494,-0.017525,0.396232,-0.162218,0.344387,-0.049419,0.101439,-0.318889,-0.603119,0.093034,-0.273908,-0.088443,0.166353,-0.052604,0.020821,-0.491626,-0.132315,-0.062077,0.177289,0.224474,-0.023691,-0.31253,0.245009,-0.118125,-0.181898,-0.121677,0.105675,-0.25167,0.056195,0.255692,-0.181898,0.086006,0.116002,0.085479,-0.146982,-0.035365,-0.289421,0.222367,0.109248,-0.103294,0.050331,-0.218762,-0.242001,0.223786,0.002886,-0.083632,-0.095117,-0.337887,-0.041123,-0.151123,-0.252334,0.114465,0.17912,0.056175,0.203691,-0.11925,-0.100654,0.061971,-0.082072,-0.337567,-0.318295,-0.18351,-0.239651,-0.066279,-0.185317,-0.108144,0.17019,-0.075136,0.319064,0.0,-0.32897,-0.035806,-0.318368,-0.11139,-0.05399,0.081534,-0.177871,-0.320058,-0.306941,-0.057678,0.026802,0.254272,0.067752,-0.070296,-0.188178,0.121368,-0.142067,-0.337785,-0.063096,-0.401781,-0.459729,-0.457701,0.21282,-0.307098,-0.145249,-0.144848,-0.026613,0.070862,-0.14482,-0.167573,-0.141661,-0.199703,-0.212406,-0.100838,0.052309,0.007042,0.138394,-0.104885,0.053024,0.231761,-0.061039,-0.108135,-0.019747,-0.176626,0.282536,-0.111431,-0.367646,-0.33777,-0.592373,-0.181856,0.088877,-0.276317,-0.188178,0.238262,-0.031501,0.404716,0.035252,-0.369301,-0.028923,0.015557,-0.307065,-0.107187,0.049732,0.062749,0.232335,-0.20355,0.353168,0.184061,-0.039744,0.44408,-0.146593,0.105513,0.273695,-0.103756,0.221023,0.082407,0.250558,-0.09441,-0.153081,-0.011062,0.280572,0.166228,0.193814,-0.19039,-0.169309,0.083361,-0.221474,0.049006,#
15,-0.141375,-0.112506,-0.398972,0.029966,0.021972,-0.265518,0.060738,-0.1038,-0.260041,0.310311,0.009534,-0.008564,0.372189,-0.327304,-0.057137,1.0,0.109789,-0.119272,-0.075189,-0.361695,0.112672,-0.186269,-0.12391,-0.104053,-0.10855,-0.148342,-0.209067,-0.040346,-0.207993,-0.019914,-0.084247,0.099029,0.224926,-0.056953,0.084253,-0.194636,-0.070496,-0.125069,0.126697,0.569906,-0.143609,-0.075148,0.252262,0.090049,-0.018829,0.412918,-0.43613,-0.252398,0.094293,-0.171705,0.27511,-0.208979,0.217575,-0.258316,-0.039855,0.138189,-0.044964,-0.042706,0.077547,-0.098577,-0.211423,0.216145,0.049054,0.20142,-0.265595,-0.317961,-0.2418,-0.09673,-0.219075,-0.446489,0.273816,0.066254,-0.22112,-0.152296,0.23812,-0.19882,0.123009,0.157209,0.011209,-0.12289,-0.020474,0.135547,0.256988,-0.135741,0.233268,-0.105794,0.551662,0.373042,-0.056695,0.19969,0.147996,-0.130953,0.28147,-0.265678,-0.116915,-0.169312,-0.161326,0.291282,-0.236705,0.068081,0.086042,0.367365,-0.062918,-0.00853,0.073142,0.272908,-0.261724,0.284387,-0.160581,0.121342,-0.391439,0.0,0.070147,-0.145851,-0.154498,-0.134128,0.21529,0.020533,-0.33425,0.208125,0.274303,0.009131,0.141361,0.103659,0.106851,0.105794,-0.053929,-0.004094,-0.07949,0.002017,-0.082264,-0.246071,0.204284,0.298449,0.052358,0.090476,0.208099,-0.15112,-0.115389,0.058482,-0.10468,0.166168,0.236574,0.071986,-0.198864,0.046855,0.028432,-0.468875,-0.292143,-0.114005,0.04106,0.027264,-0.265416,-0.160491,-0.060445,0.204304,-0.276012,-0.202342,-0.254718,-0.00853,0.150829,-0.224908,-0.315895,-0.395632,-0.247999,-0.30824,-0.302797,0.332519,-0.010433,0.07273,-0.097074,-0.242265,0.105508,0.099241,0.203674,-0.118868,-0.390175,0.062205,-0.160353,-0.109633,-0.276126,-0.371141,0.340103,0.282058,-0.191483,-0.217956,-0.074782,-0.361807,0.343744,-0.399777,-0.150286,0.353022,0.147711,-0.210312,0.223264,-0.001342,0.082511,-0.058421,-0.047565,-0.147472,#
16,0.068458,-0.118697,-0.130171,-0.152673,0.192909,0.139237,0.151319,-0.183702,0.044523,0.033024,0.433594,0.308964,-0.465318,-0.052568,0.161093,0.109789,1.0,0.020627,-0.060044,-0.114464,0.084858,-0.105103,0.170162,-0.029958,0.224425,0.1232,-0.524366,-0.299384,0.089872,0.146864,-0.367699,-0.192305,-0.08375,-0.101087,0.201848,0.34225,-0.100195,0.000771,0.214983,0.139728,-0.050042,-0.276422,-0.37925,-0.510399,0.170413,0.341961,0.071176,-0.254219,0.218047,0.130722,0.029997,-0.120677,-0.106419,0.071291,-0.040305,0.075028,-0.050693,0.046402,0.162761,0.021141,0.175147,0.076475,0.10776,0.192439,0.000384,-0.172912,-0.230052,-0.177417,0.163629,-0.033396,0.118784,0.00418,-0.230052,-0.40893,-0.053891,0.148963,-0.220851,0.016508,-0.353933,0.13563,0.003137,0.118994,-0.276447,0.11177,-0.042253,0.244908,-0.272592,-0.056443,0.100946,0.168722,-0.066124,-0.039615,-0.120046,-0.171551,-0.391802,-0.467068,0.015339,-0.276642,-0.094893,-0.256157,0.165445,-0.018956,-0.626931,-0.427189,-0.21699,-0.165357,-0.279707,-0.185156,-0.11627,0.204813,-0.35002,0.0,-0.036954,-0.274144,-0.315331,0.071708,-0.197022,-0.372689,0.457049,-0.20996,-0.16787,-0.176205,-0.028611,-0.104928,0.117482,0.078507,-0.085516,-0.107639,0.214781,-0.220851,0.263673,-0.117447,-0.035103,0.058412,-0.185247,-0.175067,-0.183702,-0.408253,-0.050019,-0.17906,-0.388389,-0.00857,0.08367,-0.169846,-0.277774,-0.007294,0.458574,-0.267468,0.213091,-0.388132,-0.070304,-0.060497,-0.311552,-0.130975,0.131728,-0.258521,-0.055461,0.30998,-0.162787,0.181432,0.078204,0.071247,-0.227205,-0.090594,-0.078576,0.141889,-0.114693,-0.021964,-0.228094,0.30463,0.400052,-0.164895,-0.171551,-0.200449,-0.075974,-0.186939,-0.271843,0.099462,-0.07484,-0.101368,-0.06714,0.023228,0.148315,0.18753,0.188418,-0.284548,0.003148,-0.341029,0.180523,-0.227185,-0.144061,0.329179,0.187599,0.015231,0.121137,0.08804,0.311606,-0.248067,-0.247936,0.214589,#
17,-0.074843,0.121254,0.13343,0.056837,0.107735,-0.175411,0.044968,-0.356417,0.26687,0.140522,-0.070749,-0.114234,0.251422,0.234844,-0.17186,-0.119272,0.020627,1.0,0.40505,0.019466,0.074939,-0.049514,-0.0083,-0.241104,-0.084674,0.028504,-0.070011,-0.061297,-0.053239,0.044722,0.309727,0.052254,0.137593,-0.052101,-0.039941,0.086043,-0.085831,-0.261777,-0.293318,-0.206871,-0.315138,-0.109554,-0.161643,0.026939,0.074057,-0.224166,0.045211,0.253983,-0.188008,0.040066,0.202165,0.102998,0.263942,0.149553,-0.012421,-0.095315,0.351915,0.335138,0.342323,-0.130668,0.129015,-0.140367,0.001568,-0.222309,0.002296,0.081213,0.012051,-0.003722,0.144793,0.204977,-0.050605,-0.115579,-0.446346,7.3e-05,0.15562,0.253392,-0.196929,-0.218147,-0.018532,0.001995,-0.128541,0.053194,-0.197954,0.0655,0.287658,0.023103,-0.075242,0.141351,-0.116944,0.259919,-0.16347,0.112112,-0.20409,0.090447,-0.146376,-0.238774,-0.025959,-0.287865,-0.004931,0.128724,-0.028454,-0.185285,0.014116,-0.019864,-0.051967,0.124862,0.003307,0.156712,-0.244609,-0.134128,0.043554,0.0,0.102534,-0.111288,-0.082405,0.132627,-0.042556,0.274995,0.29203,0.03475,-0.096212,0.217952,-0.113899,0.049483,0.000366,0.246292,0.000583,-0.120123,0.204046,-0.025602,0.088807,0.094758,-0.199115,0.265152,-0.314166,0.135217,0.169977,0.05885,0.178341,0.002601,-0.101692,-0.041327,-0.014581,-0.118301,0.307666,-0.019545,0.266113,0.164431,0.012364,0.089996,0.070709,-0.005229,-0.047721,-0.329055,0.101928,-0.105186,0.089112,0.579734,0.003726,0.334959,-0.008417,0.020099,0.106498,0.334208,0.124405,0.05647,0.10788,0.111398,0.164388,0.132436,0.229994,0.002881,-0.107026,0.093182,-0.157388,0.238765,0.092632,0.215569,0.329592,-0.074831,0.355937,-0.029225,-0.315363,-0.060395,0.160143,0.26643,0.058767,-0.005542,-0.264396,0.254811,0.230743,-0.185102,0.15776,-0.130681,-0.163797,0.093716,0.060132,-0.029472,0.496093,-0.074325,#
18,-0.285166,-0.236856,-0.096849,-0.23888,-0.097254,0.01668,-0.018419,-0.070175,0.276988,-0.005098,-0.069099,-0.060827,0.031615,0.053378,-0.366691,-0.075189,-0.060044,0.40505,1.0,0.050011,0.039487,0.147828,0.299622,-0.232556,0.145161,0.176109,-0.005464,0.399554,-0.327636,0.252768,0.346768,-0.216121,0.07778,0.177744,-0.073623,0.417399,-0.343842,0.017703,-0.094129,-0.289066,0.049078,-0.209228,0.276644,0.207124,-0.069239,-0.177163,-0.009686,0.040995,-0.025299,-0.107031,0.441594,0.158096,0.053265,-0.030276,0.045917,0.269552,0.313601,0.163713,0.148397,0.054303,-0.166689,-0.381912,-0.077771,0.045965,0.117538,0.243379,0.33524,0.082199,-0.161381,0.042938,0.242107,-0.40021,-0.483995,0.006929,0.16153,-0.126333,0.104071,-0.369281,0.09603,0.082455,0.005729,0.229634,-0.110094,-0.007605,0.196605,-0.107806,-0.045898,-0.130326,0.297735,0.559988,-0.085308,0.331903,-0.106343,0.011483,0.022231,-0.143001,0.030679,0.268741,-0.221491,-0.167687,0.079914,0.158992,0.254736,0.291109,-0.133037,0.025,0.205905,-0.018796,0.42189,0.101816,0.05746,0.0,0.324832,0.163623,0.060087,0.027018,0.185856,0.198187,0.291732,0.142926,0.032717,-0.031334,-0.095436,-0.157816,0.213308,-0.203157,0.074407,0.07435,0.273033,0.133976,0.164281,0.285706,0.169559,0.119746,-0.398498,0.034965,0.110281,0.164859,0.083886,-0.171874,0.220141,0.014893,0.067498,0.37402,-0.026764,-0.21915,0.009844,0.001814,0.222387,0.284618,0.220985,-0.236026,0.330257,-0.169234,-0.058978,-0.154275,0.139633,0.103104,-0.120501,0.467277,0.102189,0.006507,-0.334653,0.151331,0.379162,-0.187121,0.399146,-0.059048,-0.258636,0.254974,-0.070082,0.315595,0.256813,0.121595,0.114887,0.071693,0.272396,-0.203018,-0.078859,0.27261,-0.000241,0.191049,-0.100721,-0.236809,-0.07274,0.117771,-0.011801,0.065002,-0.26584,-0.097792,0.27973,-0.083753,-0.071437,-0.380606,-0.194034,0.34259,-0.009214,0.24103,0.339389,-0.307881,#
19,-0.068855,0.159127,0.468739,0.270035,0.305137,-0.024885,0.031106,-0.164195,0.293196,0.143126,-0.236561,0.16485,-0.036667,0.408443,-0.09186,-0.361695,-0.114464,0.019466,0.050011,1.0,-0.382565,0.008544,0.060811,0.051503,-0.242961,-0.12494,-0.071338,0.021266,0.053627,0.208147,-0.058551,0.059301,-0.129797,0.100494,-0.095659,0.067275,-0.029932,-0.25938,-0.243068,-0.311091,-0.175571,0.09783,-0.064132,0.149276,0.016472,-0.133264,0.154712,0.01405,-0.111877,0.375367,0.147006,0.156454,0.226598,0.176423,-0.421836,0.025487,0.120139,-0.047819,-0.217827,-0.14787,0.105668,0.092057,0.00098,0.017565,-0.114973,0.071908,0.340272,-0.069326,0.140687,0.302034,0.088916,-0.036676,0.101386,0.238141,-0.343283,0.04686,-0.225253,0.113102,0.000353,-0.103136,0.398264,-0.174545,0.092284,0.373672,-0.180403,0.129085,-0.204141,-0.38968,0.206165,-0.16119,-0.23612,0.221221,0.234625,0.031278,-0.33684,-0.200457,0.049643,-0.195745,-0.077137,-0.077131,-0.421875,-0.031151,-0.016503,0.206313,-0.207212,-0.104643,0.157973,-0.261025,0.163073,-0.042111,0.455968,0.0,0.014376,0.148731,0.065464,0.148614,0.030763,-0.236548,0.360967,-0.119283,0.024784,0.203838,0.037423,-0.388236,0.025886,-0.016561,-0.094009,-0.133515,0.007541,-0.225253,-0.033205,0.2774,-0.064653,0.133964,-0.0399,-0.115756,-0.164195,0.169869,-0.179955,0.086897,0.271539,-0.155764,-0.022924,-0.357676,0.072853,0.183313,0.183194,0.235083,-0.334226,0.258681,-0.194768,-0.163144,0.157231,0.327364,0.295208,0.089046,0.036667,0.303251,0.31822,0.001299,-0.019092,0.023021,0.348057,0.324087,0.327547,0.073669,0.375053,-0.099255,0.221272,-0.048636,-0.251472,0.265986,-0.182598,0.212374,0.199084,0.111242,0.225346,-0.131535,-0.196243,-0.266908,0.20287,-0.006243,-0.064686,-0.082792,0.115829,0.17902,-0.171339,0.162442,-0.555512,-0.013336,0.134861,-0.3167,-0.093135,0.032797,-0.249909,-0.27157,-0.121825,0.030437,0.284134,0.294752,#
20,-0.313462,0.231895,-0.518768,-0.007949,-0.017845,0.068767,0.312162,0.314186,-0.501953,-0.103024,0.294461,-0.325391,0.346148,-0.257374,-0.189512,0.112672,0.084858,0.074939,0.039487,-0.382565,1.0,0.736253,0.253101,0.264589,0.025922,0.184667,0.020349,0.112999,0.116621,0.313841,0.079458,-0.325854,0.496196,-0.27054,0.031068,0.009365,0.007774,0.014829,0.181438,0.037173,0.21854,0.139161,0.380432,-0.128326,-0.318878,0.067382,-0.327648,0.081641,0.226387,-0.50258,-0.019973,-0.413418,-0.016951,-0.14738,0.166371,-0.34824,-0.212458,0.371693,0.357619,-0.010572,0.013476,-0.3678,-0.294033,0.231168,0.070105,0.277002,-0.12897,0.145325,0.303275,0.185886,-0.587197,-0.171684,0.382402,-0.246097,-0.052311,0.254704,-0.011177,-0.035268,-0.385975,-0.2757,-0.274734,-0.187648,-0.197372,-0.266588,-0.061127,-0.269629,0.20475,-0.020191,-0.167867,0.205382,-0.205969,-0.38557,-0.208598,-0.301762,0.048004,0.012808,-0.416312,0.008203,-0.164294,-0.112337,0.391686,0.006878,-0.158479,-0.519892,0.315004,-0.225789,-0.096227,-0.229569,-0.2768,0.016139,-0.119095,0.0,-0.348284,-0.265992,0.146105,0.173932,-0.252422,0.007575,-0.231801,0.031379,-0.099709,-0.301599,-0.191283,-0.16438,-0.314077,0.037164,0.067195,0.055487,0.411185,-0.140519,-0.354912,-0.310778,0.08462,-0.148029,-0.154956,-0.057488,-0.302832,-0.348613,0.171099,-0.28021,-0.464454,0.10933,-0.101486,0.027337,-0.307849,-0.222593,-0.441572,0.126546,-0.075279,-0.326351,-0.109507,-0.153503,-0.31284,-0.367258,-0.510175,-0.125848,-0.106303,0.079592,-0.238956,-0.143859,0.456141,0.151078,-0.266988,0.063731,-0.398928,0.22427,-0.290204,-0.341889,-0.445296,0.410306,0.147541,-0.057193,-0.265866,-0.205485,0.006004,-0.258597,-0.257735,-0.113199,-0.023839,-0.050077,0.166196,-0.232115,0.144102,0.332314,0.132914,-0.304526,-0.3726,-0.115695,0.44481,0.025637,-0.218695,0.580705,0.25526,-0.000937,0.374736,0.457764,0.111922,-0.172585,-0.202939,-0.229797,#
