0,1.0,0.282945,-0.20061,0.184216,0.549576,0.243142,-0.195745,-0.330879,0.233251,0.400127,0.484394,0.119712,0.302246,0.343156,-0.212841,0.145989,-0.035873,-0.097813,-0.013332,-0.343089,0.473881,0.12243,0.213731,-0.185249,-0.099243,-0.302087,-0.200273,-0.321655,0.318968,0.369797,-0.56452,0.302559,-0.034992,-0.213239,-0.316173,0.133753,-0.243336,-0.399895,-0.172969,-0.037538,0.253166,0.047461,-0.271272,0.026139,-0.161011,0.061749,-0.204046,-0.050151,-0.039244,0.156993,0.045963,-0.042011,0.096907,-0.08836,0.306354,0.275364,-0.5867,0.283893,-0.262558,-0.006778,0.179637,-0.11134,0.260937,-0.726981,0.134599,0.204973,-0.057242,0.311833,0.283757,0.23074,-0.485845,0.209521,0.02749,-0.131671,-0.219902,0.14437,-0.208913,0.033199,-0.066723,-0.0882,-0.145579,-0.386985,-0.018261,-0.226996,-0.275486,-0.199686,-0.257646,-0.018261,-0.007802,-0.186387,-0.037754,-0.628647,-0.194656,0.172345,-0.322234,-0.195706,-0.092698,0.020532,-0.217329,-0.256508,-0.031692,-0.089422,-0.091283,0.033332,-0.532274,-0.038548,-0.038998,-0.217566,-0.083869,0.075043,0.040079,-0.202247,-0.143873,-0.21146,-0.451232,-0.081823,0.183716,0.186124,0.067735,-0.071514,-0.496252,-0.383982,-0.069951,0.086537,-0.039136,-0.076165,-0.342039,-0.087708,0.099994,-0.480966,-0.330258,-0.133829,-0.475158,-0.205387,-0.252674,-0.112654,-0.139999,-0.385228,-0.363054,-0.628007,-0.271511,-0.232644,-0.541658,-0.006199,0.160967,-0.245967,-0.088426,0.404034,-0.006274,-0.086725,-0.262837,-0.153249,-0.092196,-0.096626,-0.073638,0.010191,-0.330345,0.322741,-0.452276,-0.320201,-0.242368,-0.264551,-0.02269,0.184116,-0.205373,0.38372,-0.357904,0.310161,-0.442647,-0.226996,-0.216995,0.191371,-0.227197,0.187089,0.455217,0.135317,-0.06992,0.038899,0.161827,0.111963,0.236633,0.05218,0.043962,0.348905,0.444539,-0.296211,-0.012834,-0.268881,-0.098452,0.525769,-0.315868,0.342441,0.448023,0.109007,0.106477,-0.424637,0.160187,-0.315868,-0.179581,-0.106228,#
1,0.282945,1.0,-0.039897,-0.490666,0.269939,-0.051276,-0.207424,-0.274512,-0.073051,0.528201,0.15233,0.260482,0.199996,0.381222,0.121538,-0.103637,-0.205993,0.105064,0.126139,-0.09684,0.029971,-0.297803,0.289945,0.022526,0.017077,-0.030537,0.228426,-0.21307,0.138562,0.488816,-0.491729,-0.004306,-0.135074,-0.301229,-0.023672,0.066634,-0.229918,-0.078654,-0.276619,0.126462,-0.253012,0.032931,-0.537178,0.05216,0.10381,0.155757,0.05716,0.343654,-0.484738,0.267458,-0.104353,-0.601103,0.136264,-0.073205,0.350055,-0.175415,-0.14302,0.269396,0.193554,-0.20527,0.09023,0.574719,0.216297,-0.012134,0.02475,0.191861,-0.159134,0.036903,0.19009,0.231591,-0.120656,0.032375,0.273126,-0.234626,-0.405542,0.105622,-0.361712,-0.276728,-0.130125,-0.286392,-0.102205,-0.236505,-0.230831,-0.300932,0.084819,-0.131366,-0.416156,-0.491717,0.165062,-0.270784,-0.24646,-0.310744,-0.383952,-0.027556,0.00384,0.085177,0.218378,0.119125,-0.301316,-0.194351,0.245162,-0.308013,-0.287207,-0.276775,-0.3526,-0.301253,-0.115091,-0.257978,-0.112315,-0.326578,0.265338,-0.108872,-0.347587,-0.301253,-0.266442,-0.056795,-0.359218,-0.347587,-0.252546,-0.285474,-0.235426,-0.301253,-0.423476,-0.161093,0.14117,-0.268717,0.083084,0.12854,0.249329,-0.451731,-0.172273,-0.184512,0.096495,-0.301258,-0.269615,-0.252726,-0.075363,-0.207373,-0.284853,-0.554963,-0.327025,-0.003908,-0.383952,-0.222585,-0.476359,-0.211348,-0.153234,0.201417,-0.253096,-0.416135,-0.537617,-0.502545,-0.327038,-0.253126,-0.265553,-0.354129,0.218963,0.47133,-0.032686,-0.143017,-0.161336,-0.415631,-0.132474,-0.11538,0.170213,0.239401,-0.134677,0.12663,-0.327068,-0.300932,-0.113208,0.301104,-0.383419,-0.089644,-0.144734,-0.011873,-0.161055,0.400625,0.462473,-0.192366,0.673379,0.069724,0.045578,0.283196,0.332306,-0.320561,0.369612,-0.056795,0.108868,0.44963,-0.011873,0.038543,0.178016,0.198543,-0.145837,-0.228587,0.118487,-0.64488,-0.281851,-0.252652,#
2,-0.20061,-0.039897,1.0,0.256379,0.099103,-0.060868,-0.080483,0.540863,-0.050764,-0.138808,0.071232,0.006832,-0.091124,-0.167906,-0.14427,-0.056456,0.278422,0.046414,-0.203674,0.346074,-0.067601,-0.020566,0.212834,0.077853,0.51133,0.272761,-0.126996,-0.008515,-0.023934,-0.096034,0.102328,0.057209,-0.02286,-0.008837,-0.149972,0.198398,0.209912,-0.141779,0.208576,-0.321214,-0.03089,-0.024121,-0.144569,-0.321049,0.494879,-0.275342,-0.405115,-0.117284,-0.039062,-0.124886,0.084945,0.270799,-0.003724,0.039232,0.131969,-0.139551,-0.109955,0.027084,-0.028274,-0.08889,-0.045705,-0.162372,-0.030242,0.154868,0.010448,0.29539,0.064918,0.005688,0.073523,-0.44387,-0.042045,-0.232191,-0.053055,-0.01501,0.278202,0.190244,0.079147,-0.11922,-0.196775,-0.120255,0.526576,-0.08954,0.103685,0.159126,-0.182757,-0.040449,0.217592,0.083938,0.127063,-0.069254,0.324405,-0.14063,-0.047552,-0.246173,0.000783,-0.016085,0.41567,0.248214,0.352819,0.074366,0.052044,0.219196,0.203749,0.213456,-0.210025,0.137369,-0.045518,0.159548,0.275106,-0.084648,0.208052,-0.24021,0.270211,-0.011102,0.247548,0.200295,0.102044,-0.033049,-0.021987,-0.056941,0.192921,-0.008117,0.407222,0.061284,0.157543,0.035591,-0.179412,-0.065362,-0.161711,0.151167,-0.187728,-0.187539,0.120067,-0.169741,0.061113,-0.20624,-0.166278,0.115588,0.084177,0.131839,0.1086,0.246932,0.116446,0.051221,0.076734,0.053732,0.007229,-0.133733,0.305602,0.053445,0.012388,0.132218,0.112951,-0.238311,0.22247,-0.285371,0.246023,0.185015,0.061815,0.378102,0.36301,0.231497,0.295693,-0.11676,0.103741,-0.082335,0.448941,-0.435282,0.406659,0.010374,0.171407,-0.215285,-0.008763,0.07909,-0.283489,0.227916,-0.355345,-0.066199,0.00863,0.036377,-0.259131,0.007464,-0.147952,-0.08504,-0.094541,-0.049091,0.285839,-0.312202,0.397669,-0.398663,0.227916,0.037314,0.085338,0.117861,-0.105263,0.401629,0.118232,-0.219882,-0.127463,-0.052079,#
3,0.184216,-0.490666,0.256379,1.0,0.041536,-0.030325,-0.3643,0.347636,0.172647,-0.131568,0.178905,-0.077757,-0.187163,-0.244939,-0.048843,0.058498,0.191394,0.158402,-0.369902,-0.156418,0.156179,-0.099302,0.031565,-0.071065,0.15254,0.214777,-0.420722,-0.116597,-0.076412,-0.133989,0.272222,0.192189,0.28892,-0.083965,0.181859,0.2623,0.077475,-0.082743,-0.007169,-0.042162,-0.015418,-0.052093,-0.015439,-0.313079,0.197599,-0.402002,-0.244877,-0.351176,0.276009,-0.115415,0.03555,0.447621,-0.034097,0.439606,0.110202,0.170236,-0.132565,0.148597,-0.150324,-0.204413,0.064106,-0.29367,-0.306985,-0.38891,-0.080883,-0.035284,0.321248,-0.032865,0.056828,-0.277599,-0.220856,0.080342,0.001801,0.228407,0.546036,0.24032,-0.052708,0.228831,0.046922,0.222871,0.024999,0.145756,-0.047319,0.227506,-0.302117,-0.431668,0.165847,0.143235,0.008998,0.13378,0.201923,-0.172697,0.104938,-0.120298,-0.262548,-0.07104,-0.33294,0.062997,0.285238,0.025732,-0.389388,0.569969,0.367989,0.563046,-0.117576,0.070142,0.011276,-0.000687,0.176374,0.30091,-0.234303,0.190717,0.049816,0.086782,0.003939,0.373469,0.357298,0.07441,0.173054,0.096431,-0.091216,0.076949,0.444027,0.153082,0.070864,-0.169799,-0.223702,-0.255587,-0.140446,0.062649,-0.180216,-0.239173,-0.196525,-0.234973,-0.145694,-0.029317,0.123788,-0.176355,-0.02636,0.123552,-0.012337,-0.182104,-0.084219,-0.062455,0.159872,-0.062414,0.00858,-0.130435,0.227455,0.169078,0.174098,0.111453,0.012836,-0.041653,0.191389,0.211227,-0.310501,-0.074363,-0.183453,-0.085658,0.125649,0.321072,-0.062522,0.069543,-0.029364,-0.13304,-0.071153,0.077883,-0.049331,0.079805,-0.033668,-0.370714,-0.223398,0.169028,0.157745,0.291163,-0.135486,0.007283,-0.243036,0.139898,-0.565334,0.069585,-0.249609,-0.226496,0.000867,0.111262,-0.418308,-0.341798,0.188148,-0.039905,-0.162786,0.286435,0.308321,0.161217,-0.171283,-0.076185,-0.074682,0.291163,0.155345,-0.036146,#
4,0.549576,0.269939,0.099103,0.041536,1.0,0.229297,-0.041483,-0.019663,0.197717,0.381074,0.2305,0.437435,0.240046,0.271198,-0.293013,0.386168,-0.265742,-0.01933,0.072464,-0.23299,0.253056,-0.247004,0.34667,-0.092741,0.043149,-0.267837,0.026229,-0.278479,0.281167,0.27886,-0.290702,0.332733,0.169106,-0.256107,-0.236884,0.134701,-0.280914,-0.17801,0.12642,-0.29063,0.333686,0.159951,-0.177101,0.068812,0.210385,0.304896,0.02758,0.227171,0.035422,0.055227,0.139487,-0.283733,0.494954,0.069969,0.199503,0.155799,-0.345187,0.421096,-0.062407,-0.414249,-0.105779,-0.103622,0.187265,-0.290244,0.153055,0.447434,0.164124,0.546271,0.137118,0.252888,-0.668772,0.220484,0.27374,-0.384423,-0.196358,0.12151,-0.337622,-0.241821,-0.053915,-0.181852,-0.21141,-0.599433,-0.337788,-0.107833,-0.194673,-0.107629,-0.05061,-0.33079,0.069565,-0.327824,-0.037036,-0.55214,-0.478935,0.124718,-0.400058,-0.145473,0.122272,-0.045947,-0.100282,-0.034331,0.185645,-0.189783,-0.184897,-0.075992,-0.510118,-0.146941,-0.023817,-0.013661,-0.024073,-0.205414,0.305126,-0.219711,-0.151545,-0.436083,-0.0103,-0.229652,0.002834,0.177202,0.186678,-0.501001,-0.236922,-0.60795,-0.26795,-0.043596,0.281394,-0.237294,-0.371575,0.021717,0.154335,-0.392958,-0.250902,-0.172545,-0.468919,-0.25813,-0.179691,0.204373,-0.152088,-0.030534,-0.325772,-0.627186,-0.328564,0.033109,-0.613654,0.266489,0.14344,0.037618,-0.082719,0.606813,-0.255305,-0.328704,-0.362692,-0.155759,0.016301,-0.19224,0.131981,-0.231748,-0.049512,0.436609,-0.186747,-0.218646,-0.232387,-0.219078,0.024746,0.130385,0.078189,0.32695,-0.253673,-0.11322,-0.161072,-0.107833,-0.03249,0.29263,-0.127682,0.005938,0.304133,0.112828,-0.32502,-0.007003,0.212024,0.124604,0.375809,0.250992,-0.25939,0.195886,0.139959,-0.305513,0.07226,-0.358423,-0.071774,0.276228,-0.210794,0.052496,0.668063,0.495895,-0.308583,-0.12528,0.085715,-0.336647,-0.153866,-0.004328,#
5,0.243142,-0.051276,-0.060868,-0.030325,0.229297,1.0,0.234002,-0.331863,0.163774,0.298695,0.157464,0.080569,0.213359,0.267278,-0.330224,0.307545,0.03528,-0.152269,0.059083,-0.378147,0.432657,0.255361,0.40548,-0.335824,-0.441949,-0.335005,-0.227895,-0.238282,0.182419,0.024585,-0.167098,0.301442,-0.322213,-0.208222,-0.310239,-0.037812,-0.179586,-0.28679,0.199727,-0.356261,0.092929,0.275837,0.090455,0.069509,-0.318213,-0.199224,-0.098069,-0.300942,0.340542,0.116811,0.232231,-0.20454,0.195273,-0.113189,0.222331,0.506534,-0.231576,0.069879,-0.328147,-0.143725,0.294916,-0.144263,0.488823,-0.28487,0.162604,0.223791,-0.149942,0.202739,-0.091894,-0.035887,-0.368474,0.368961,-0.043846,-0.252987,-0.224886,0.205646,-0.056486,-0.168734,-0.362921,-0.08082,-0.171493,-0.254903,-0.02677,0.09669,-0.178713,-0.09985,-0.192302,-0.160539,0.109942,-0.118994,-0.206559,-0.088996,-0.434475,0.360098,0.064156,-0.267417,0.110826,-0.191127,-0.211052,-0.010112,0.33764,-0.275318,0.088906,-0.522283,-0.30704,-0.376021,-0.001364,-0.316999,-0.435366,-0.157241,-0.062196,0.035415,-0.07331,-0.225838,0.106115,-0.271968,-0.09454,-0.02244,-0.153177,-0.100993,-0.07405,0.247786,-0.165458,-0.219765,0.019791,-0.088919,-0.011059,0.294527,0.096886,-0.242857,0.053446,-0.033761,-0.364683,0.236808,0.078773,-0.081976,0.228805,-0.092446,-0.002998,-0.281421,0.182175,-0.066974,0.028228,0.114706,0.213773,-0.098975,-0.403614,0.517019,-0.170063,0.132667,0.075329,-0.066643,0.228994,-0.42899,-0.251611,-0.076953,-0.325173,0.103209,-0.413151,-0.035889,-0.286617,-0.194977,-0.250444,-0.027451,-0.208378,0.560764,-0.090036,-0.190985,0.024731,-0.234808,-0.295578,0.02392,0.211335,0.089828,0.313352,0.181453,-0.384189,0.309041,-0.033527,0.019408,0.102214,0.275278,0.228614,0.329868,-0.007762,-0.344538,0.076734,0.149962,-0.24684,0.360912,0.181453,-0.04358,0.072113,0.234286,0.325997,0.143522,0.082099,0.181453,0.094355,0.062209,#
6,-0.195745,-0.207424,-0.080483,-0.3643,-0.041483,0.234002,1.0,-0.017549,0.065807,-0.006624,-0.277392,-0.175681,0.246755,-0.030844,-0.097354,-0.210079,0.32434,-0.08548,0.331847,0.190775,0.24287,0.54456,-0.254089,-0.127865,-0.16613,-0.436672,-0.132754,0.096408,-0.04153,-0.239548,0.047143,-0.224691,-0.205543,0.129784,-0.221656,-0.134282,0.078266,0.135021,-0.048088,-0.310968,0.219591,0.232335,0.204419,0.171319,-0.080123,0.125803,0.060011,-0.044702,0.07335,0.333793,0.008629,-0.106201,-0.049429,-0.477851,-0.025485,0.197571,-0.00891,0.13023,0.071839,0.162132,0.202139,-0.072863,0.390917,0.17322,-0.140514,0.096642,-0.242155,0.011535,-0.006464,0.12314,0.087733,-0.129656,-0.207293,-0.299389,-0.318448,-0.397798,0.095749,-0.218509,-0.172527,-0.000735,0.022621,-0.219779,0.221673,-0.067525,-0.029039,0.354894,0.507314,0.03684,0.10892,-0.158352,-0.052279,0.211142,-0.192968,0.369697,0.294507,0.004771,0.201412,0.036378,0.119222,-0.045086,0.271202,-0.194221,-0.203158,-0.421171,-0.041674,0.123683,-0.258982,0.128001,-0.113864,-0.297086,0.279429,-0.165671,0.198321,-0.258154,0.20762,-0.196557,-0.107104,-0.163461,0.202983,0.002391,0.478044,-0.069016,-0.178084,-0.2347,-0.128808,0.181431,0.207018,0.223133,0.156333,-0.097928,0.071137,0.424177,-0.142144,0.322542,0.1976,0.243707,-0.11468,0.132912,0.138159,0.267769,0.261094,0.228063,0.187455,0.226356,0.189514,-0.057869,0.074488,0.242971,-0.052538,0.126482,0.18826,0.251439,0.246592,0.235038,-0.000735,0.033609,0.159342,0.108519,0.010548,0.223073,0.177099,-0.042645,-0.031408,0.036419,-0.117963,0.17685,0.184072,0.023151,0.261594,0.144969,0.138097,0.216325,0.556541,0.325432,-0.071405,-0.3211,0.287186,-0.307281,0.113368,0.176253,0.127593,0.091949,0.100873,0.036448,-0.24464,-0.050523,0.173949,0.198244,-0.250227,-0.266191,0.173542,-0.124968,-0.304016,-0.127807,0.132056,0.264526,0.189644,0.173542,0.023388,0.242237,#
7,-0.330879,-0.274512,0.540863,0.347636,-0.019663,-0.331863,-0.017549,1.0,-0.025394,-0.099106,-0.367112,0.137163,-0.374341,-0.481097,0.389266,0.179997,0.178165,0.073949,0.003011,0.398468,-0.03406,-0.154429,-0.308305,0.17223,0.525028,0.205661,-0.187616,0.132613,-0.159546,-0.07918,0.376507,-0.00579,0.002748,0.034728,0.103282,0.231093,0.10851,-0.000813,0.323922,0.204303,-0.139096,-0.164544,0.030628,-0.31619,0.509817,-0.066856,-0.134274,0.10429,-0.155019,-0.223924,0.23373,0.20548,0.031224,0.147482,-0.075435,-0.178186,0.047837,-0.115358,0.103912,-0.256427,-0.378969,-0.165275,-0.445009,0.052359,-0.436051,-0.027323,0.313801,-0.048607,0.131802,-0.223442,-0.091958,0.012247,0.230263,0.246148,0.416746,0.153472,-0.005652,-0.036791,-0.083076,0.116908,0.245037,0.07815,0.018667,0.098696,0.014332,-0.0903,0.183016,-0.005571,0.205117,0.072421,0.257808,0.018564,0.010929,-0.376394,-0.212265,-0.306391,0.15431,0.088552,0.191475,0.129725,-0.13463,0.513281,0.369674,0.26338,-0.106728,0.250866,-0.072335,0.245281,0.30603,-0.198947,-0.108575,0.097954,0.200892,0.079355,-0.057504,0.325669,0.1959,-0.127172,0.046945,-0.183948,0.127108,0.096304,0.340723,0.193439,0.205527,-0.183044,-0.370804,-0.157595,-0.380252,0.228724,0.010265,-0.371585,0.040218,-0.094812,-0.189865,0.031956,-0.151772,0.167057,0.091062,0.308595,0.002827,0.253112,0.241959,0.080896,-0.002603,-0.017357,0.221668,-0.093831,0.24083,0.185581,0.311933,0.132069,-0.210823,-0.14897,0.316152,0.139773,-0.010219,0.038038,-0.043226,0.066365,0.253308,0.312192,0.014399,0.08174,0.210867,-0.396623,0.01063,-0.008449,0.483656,0.025252,0.159357,-0.339923,-0.090711,-0.190839,-0.346523,0.145486,-0.324345,-0.318778,-0.169082,-0.270782,-0.444293,-0.068909,-0.408466,-0.171805,-0.225033,-0.007705,0.18269,-0.167287,0.11702,-0.397404,0.145486,0.076806,0.008778,-0.05941,-0.176907,0.339356,0.178074,0.145486,0.17632,0.011876,#
8,0.233251,-0.073051,-0.050764,0.172647,0.197717,0.163774,0.065807,-0.025394,1.0,0.278227,-0.073853,-0.114127,0.027124,0.249,-0.265681,0.100442,-0.159098,0.266678,0.377392,-0.07533,0.207494,0.209283,0.509016,0.093646,0.073844,-0.407308,-0.273169,-0.275695,0.187724,0.015673,-0.008002,-0.068077,-0.322903,-0.060357,-0.01851,0.549148,0.150371,-0.338995,0.157062,-0.130713,0.248198,-0.075538,-0.093245,0.045321,-0.156544,-0.22221,0.01382,0.282829,0.101236,-0.032398,0.407073,-0.249825,0.168246,0.015752,-0.109506,-0.16213,-0.21474,0.080741,-0.177331,-0.010458,0.229574,0.211378,0.165853,-0.44234,-0.206338,0.326913,0.2576,0.132159,0.259784,-0.09263,-0.448927,-0.288976,-0.325651,0.043077,-0.07756,0.115516,0.090104,-0.187543,-0.180788,0.0766,0.11307,-0.303461,-0.208433,-0.074255,0.032887,-0.1197,-0.036228,-0.029572,0.279972,-0.006443,-0.483249,-0.298589,-0.463163,0.176211,-0.138647,-0.134283,0.06582,0.431065,0.266996,-0.170563,0.075496,0.225928,-0.278365,0.146988,-0.002252,-0.076296,-0.348785,-0.081468,0.178753,-0.17006,0.398793,-0.260264,-0.404602,-0.420681,-0.089491,-0.122088,0.085165,-0.087184,0.075288,-0.477357,0.048187,-0.420681,-0.189983,-0.234745,-0.047949,-0.128434,-0.049341,0.150742,-0.154538,-0.120456,-0.014606,-0.047192,-0.418945,-0.250378,-0.115182,0.085619,-0.18016,-0.121146,0.122993,-0.111813,-0.173702,-0.072851,-0.314014,-0.423011,-0.373913,-0.418683,-0.234896,0.266215,-0.445556,-0.206313,0.072005,-0.314884,0.199409,-0.256025,0.090138,0.246093,-0.024249,0.423805,0.077654,0.230129,-0.025845,-0.030464,-0.279551,0.300571,0.135639,-0.003543,-0.269192,-0.087692,-0.1417,0.265082,0.08466,0.281245,-0.128702,0.090039,-0.076602,0.089111,-0.164486,0.045675,0.076339,0.371181,0.043339,-0.102216,-0.129452,-0.053933,0.091762,0.008652,0.027366,-0.077178,-0.172627,0.29956,0.089111,-0.068425,-0.150721,0.170432,-0.063723,-0.029039,0.039717,0.089111,0.162199,-0.274924,#
9,0.400127,0.528201,-0.138808,-0.131568,0.381074,0.298695,-0.006624,-0.099106,0.278227,1.0,-0.215384,0.293154,0.087367,0.438972,0.051091,0.239028,-0.053735,0.364645,0.435335,-0.253478,0.411692,-0.137169,0.329542,-0.145269,-0.298925,-0.22179,-0.228385,0.099414,0.016162,0.569208,-0.36119,0.056304,-0.159596,-0.133468,-0.099077,0.238683,-0.271659,-0.285018,0.102308,0.055611,0.142337,0.183842,-0.168727,0.297218,-0.242526,0.056232,-0.086748,-0.040747,-0.332913,0.037691,0.263067,-0.599261,0.070027,-0.190505,0.4056,0.192731,-0.065732,0.276661,-0.300562,-0.242535,0.136292,0.499086,0.149079,-0.428934,0.018004,0.233093,0.112292,0.107992,0.250272,-0.094727,-0.597664,0.252534,0.206631,-0.127052,-0.084358,0.049989,-0.535475,-0.326967,-0.608641,-0.188524,-0.213435,-0.450855,-0.368582,-0.159481,-0.262799,-0.248025,-0.285311,-0.368582,-0.062263,-0.167203,-0.245166,-0.431231,-0.453656,0.317359,-0.124402,-0.070311,0.225889,0.178045,-0.144891,-0.292364,0.238462,-0.001092,-0.190017,-0.327022,-0.271095,-0.147287,-0.590349,-0.624875,0.01591,-0.194464,0.088627,-0.128637,-0.355694,-0.355944,-0.431867,0.019063,-0.311885,-0.355694,-0.298394,-0.668014,-0.128604,-0.355944,-0.615518,-0.312931,0.119413,-0.416257,0.022395,0.104414,-0.063807,-0.533739,0.13646,-0.218009,-0.530653,-0.355949,-0.635097,-0.094268,-0.089045,-0.24502,-0.324639,-0.456797,-0.181122,-0.396403,-0.453656,-0.201986,-0.493692,-0.497737,-0.135249,0.707712,-0.541861,-0.286142,-0.414836,-0.719159,-0.180055,-0.299079,-0.431231,-0.016921,-0.111592,0.531323,-0.22249,-0.022727,-0.507771,-0.299256,-0.248917,0.199365,-0.057906,0.335546,-0.453659,0.121549,-0.178985,-0.159481,-0.172784,0.327973,-0.057134,-0.291012,0.153039,-0.088422,-0.190293,0.523129,0.315572,-0.160456,0.524034,0.337192,-0.101884,0.31578,0.374274,-0.671255,0.418171,0.019063,-0.135052,0.582847,-0.088422,-0.272554,0.262431,0.496125,-0.057523,-0.270086,0.191743,-0.088422,-0.157582,-0.298519,#
10,0.484394,0.15233,0.071232,0.178905,0.2305,0.157464,-0.277392,-0.367112,-0.073853,-0.215384,1.0,-0.065909,0.251976,-0.061171,-0.120277,-0.15606,-0.005957,-0.31324,-0.332892,-0.007189,0.105607,-0.02685,0.069731,0.245672,-0.093255,0.119331,0.266689,-0.200758,0.074143,0.022925,-0.417696,0.180347,0.017301,-0.169395,-0.189509,0.116838,-0.054002,0.060483,-0.369929,0.055737,-0.160739,0.05042,-0.310243,-0.327609,0.005972,-0.16194,-0.053829,-0.082241,0.107199,0.238567,-0.130789,0.24559,0.033127,0.37312,0.301619,0.070935,-0.603593,0.161272,0.285284,-0.115373,0.109036,-0.080153,0.293564,-0.126384,0.077972,0.078093,-0.212814,0.160352,0.117938,0.169219,0.015126,0.035106,-0.182175,-0.188327,-0.139282,0.147411,0.12674,0.448666,0.29605,-0.038673,-0.016197,-0.038669,0.16629,-0.402443,-0.347672,-0.284271,-0.16085,0.16629,0.138739,-0.004264,-0.103105,-0.28468,0.050006,-0.125334,-0.189797,0.118136,-0.041465,-0.004909,-0.167634,-0.157343,-0.119271,-0.03156,-0.04098,-0.015138,-0.344664,-0.235422,0.31561,0.39401,-0.268779,-0.093216,0.104041,-0.145597,-0.194274,0.00645,0.017915,-0.350982,0.057531,0.225869,-0.010861,0.381837,-0.368408,0.00645,0.288863,0.246565,-0.055115,0.130057,0.044746,-0.067915,0.295254,0.037571,-0.471189,0.0349,-0.07435,0.001799,0.195267,-0.090177,-0.100785,-0.277324,-0.088641,-0.351087,-0.034655,0.222319,-0.113583,-0.027188,0.231401,-0.033602,-0.268658,-0.215368,0.236957,0.075795,-0.286644,0.258992,0.022653,-0.162384,0.197588,-0.296364,0.095522,-0.167018,-0.218596,-0.069087,0.097562,-0.155708,0.107273,-0.239185,-0.061245,0.346551,0.165165,0.012587,-0.437396,-0.402443,-0.116049,0.08434,-0.282824,0.318755,0.038592,0.223034,-0.215382,0.030413,0.01534,0.488471,0.016815,0.049776,0.425303,0.177446,0.024649,0.276274,-0.263622,-0.222187,0.279696,0.285461,-0.190559,0.563454,0.200833,-0.008821,0.094415,-0.305695,-0.040282,-0.351401,-0.244063,0.010936,#
11,0.119712,0.260482,0.006832,-0.077757,0.437435,0.080569,-0.175681,0.137163,-0.114127,0.293154,-0.065909,1.0,-0.250843,0.219028,0.19528,0.564474,-0.501734,-0.176884,-0.008437,-0.303653,0.36274,-0.201654,0.032315,-0.149069,-0.025525,0.019218,0.172506,-0.24623,0.403968,0.424277,-0.173535,0.113874,0.075564,-0.378545,0.056576,0.292537,-0.818824,0.060819,0.192469,0.178579,0.16105,-0.34319,-0.137153,0.144754,0.311366,0.089594,-0.260952,-0.120682,-0.34931,-0.061127,0.132483,-0.246829,0.081223,0.21924,-0.086351,-0.043023,-0.227031,-0.175507,-0.092509,-0.381911,-0.13657,0.160223,-0.186627,0.102308,-0.043334,-0.133326,0.263848,-0.048345,-0.108539,0.087302,-0.346166,0.571843,0.248223,-0.028651,-0.100301,-0.088405,-0.278241,-0.179375,-0.302737,-0.301824,-0.266245,-0.28718,-0.05673,-0.04898,0.156074,-0.08319,-0.53759,-0.438606,0.061338,-0.428667,0.045562,-0.188423,-0.175438,-0.465159,-0.458648,-0.150817,-0.130324,-0.230051,-0.602356,0.178329,0.172449,0.033643,0.055283,-0.18002,-0.349436,-0.231446,-0.342571,-0.18915,-0.121544,0.148085,-0.274344,0.166878,-0.223632,-0.065096,-0.050216,-0.010889,0.194203,-0.16018,-0.147142,-0.445108,-0.371704,-0.108513,-0.335262,0.04322,0.23261,-0.42201,-0.27258,-0.002656,-0.007642,-0.226843,-0.253278,-0.45802,-0.290531,0.030114,-0.311736,-0.013888,0.115516,-0.124299,0.036576,-0.320226,-0.314114,-0.135194,-0.31174,-0.170079,0.01179,-0.13858,0.159107,0.281875,-0.240022,-0.310736,0.059953,-0.300746,-0.315984,-0.403219,-0.356161,-0.353752,-0.238322,0.28719,-0.332897,-0.260596,-0.310498,-0.275403,-0.135741,-0.272568,0.011708,-0.163069,-0.280273,0.201456,0.262208,-0.331286,-0.061688,-0.040157,-0.256309,-0.370943,0.294935,0.352846,-0.352144,0.127561,0.036403,-0.143802,0.123769,0.226111,-0.187781,0.42497,0.201784,-0.255953,0.160151,-0.315333,0.171564,0.276473,-0.037545,0.014895,0.389381,0.297109,-0.415919,-0.165474,0.102933,-0.189364,0.31324,0.297685,#
12,0.302246,0.199996,-0.091124,-0.187163,0.240046,0.213359,0.246755,-0.374341,0.027124,0.087367,0.251976,-0.250843,1.0,0.275626,-0.330887,-0.206856,0.280186,0.023565,0.038894,-0.01781,0.295796,0.148663,0.027703,0.039093,0.043312,-0.322167,-0.209939,-0.260227,0.407672,-0.136539,-0.029962,0.267735,-0.322278,0.141865,-0.654773,-0.341354,0.151551,-0.198117,-0.196157,-0.487576,0.090319,0.610422,-0.208505,-0.121533,-0.107436,0.080765,0.194074,0.181505,0.141651,0.227443,-0.009538,-0.142102,0.346919,-0.159262,0.350502,0.198963,-0.056297,0.291404,0.068287,0.253489,0.268825,-0.125014,0.576657,-0.289676,0.012804,0.332716,-0.150838,0.333621,0.263533,0.361471,-0.13935,-0.256736,-0.044916,-0.425275,-0.268898,-0.212301,-0.041162,-0.00071,0.073977,-0.058536,-0.040967,-0.258949,-0.157252,0.042634,0.082591,-0.077597,0.118805,-0.162409,0.133027,-0.328375,0.063413,-0.224621,-0.240309,0.373508,0.222318,-0.069186,0.073176,0.125948,-0.069084,-0.218749,0.364876,-0.092776,-0.092307,-0.359725,-0.161286,-0.076538,-0.005456,0.052559,-0.310825,-0.293023,0.433565,-0.25976,-0.051111,-0.202412,0.253739,-0.453458,-0.281149,-0.000422,0.07381,0.087932,0.05872,-0.396095,-0.363595,-0.063357,0.038805,-0.07423,-0.000488,0.33369,0.483243,-0.25073,-0.149174,0.590028,-0.223246,-0.053015,0.259004,0.113273,-0.179811,-0.292809,-0.043408,-0.498939,-0.138861,0.302394,-0.135231,0.341295,0.10569,0.350046,-0.181465,0.300041,-0.150851,-0.166374,-0.280877,-0.049611,0.061048,-0.060829,0.248699,-0.2303,0.323412,0.28455,0.111746,-0.200588,0.253789,-0.055742,-0.081301,0.112741,-0.028386,0.399619,0.202489,-0.176502,-0.176298,0.088057,0.193734,0.457197,0.216374,0.313855,0.031323,-0.222926,0.301923,0.129692,0.110668,-0.063805,0.499125,-0.054764,0.22577,0.029117,-0.130847,0.087022,0.204294,0.119279,0.082495,0.216446,0.21022,0.138036,-0.086045,-0.089295,0.17459,-0.055889,0.21582,-0.222926,-0.391816,-0.08246,#
13,0.343156,0.381222,-0.167906,-0.244939,0.271198,0.267278,-0.030844,-0.481097,0.249,0.438972,-0.061171,0.219028,0.275626,1.0,-0.354245,0.294216,-0.051029,-0.068858,0.094246,-0.363046,0.138723,0.155947,0.492841,-0.385314,-0.1914,-0.264911,-0.154363,-0.322477,0.287751,0.401741,-0.432821,0.191008,-0.18302,-0.184708,-0.191352,0.137372,-0.27604,-0.421118,0.06576,-0.350204,0.140883,0.030331,-0.176513,0.479748,-0.231653,0.158456,-0.148388,0.140615,-0.149053,0.153912,-0.218235,-0.398319,0.104513,-0.243653,0.208958,-0.016164,-0.172196,0.121842,-0.468757,0.053324,0.300717,0.216047,0.240571,-0.204784,0.138542,0.323014,-0.055144,-0.048975,0.089827,-0.128423,-0.331997,0.084007,-0.106659,0.176914,-0.013771,0.218843,0.005971,-0.48257,-0.305262,-0.173067,-0.173688,-0.444964,-0.25214,0.091648,0.109486,0.177167,-0.410128,-0.235791,-0.163473,-0.077697,-0.154245,-0.354106,-0.300501,0.345572,-0.16344,-0.00989,0.039901,-0.044649,-0.064603,-0.231899,0.38415,-0.37281,-0.341858,-0.31923,-0.107191,-0.174118,-0.243032,-0.598822,0.064148,0.004,0.212469,-0.016352,-0.333173,-0.385207,0.00487,-0.003617,-0.195756,-0.0223,-0.180869,-0.348451,-0.166621,-0.391708,-0.291231,-0.225118,-0.100214,-0.172586,-0.189848,0.256844,0.107933,-0.462744,-0.129788,0.077414,-0.328245,-0.172278,-0.16028,-0.188307,0.18843,-0.176483,-0.00742,-0.471087,-0.263554,-0.421193,-0.579946,-0.121417,-0.138177,-0.10366,-0.130546,0.430116,-0.367052,-0.221089,-0.173643,-0.441952,0.347224,-0.2339,-0.296251,-0.082328,-0.114821,0.47627,-0.017424,-0.188359,-0.419399,-0.539414,0.177991,0.262309,-0.016659,0.395032,-0.127223,0.004514,-0.111099,-0.028386,-0.377914,0.436501,-0.000121,-0.016847,0.256515,-0.280978,0.149101,0.370306,0.466624,0.086579,0.558298,-0.140202,-0.103871,0.467381,0.464199,-0.41093,0.387063,0.172726,-0.150728,0.298384,0.144059,-0.281353,0.179312,0.218098,-0.011135,-0.303916,0.011005,-0.280978,-0.258379,-0.3365,#
14,-0.212841,0.121538,-0.14427,-0.048843,-0.293013,-0.330224,-0.097354,0.389266,-0.265681,0.051091,-0.120277,0.19528,-0.330887,-0.354245,1.0,0.067095,0.098241,-0.197143,-0.142005,0.029217,-0.176074,-0.254414,-0.619263,0.077196,0.049105,0.334816,0.098929,0.273892,-0.213462,0.189705,0.035316,-0.003726,-0.009863,-0.092927,0.368074,0.038942,-0.17723,0.330421,-0.040956,0.812347,-0.206784,-0.081197,-0.202926,-0.182175,0.165028,0.074409,0.046146,0.014241,-0.191301,-0.021497,0.143296,-0.109433,-0.277151,0.311421,0.134938,-0.037686,0.203066,0.008254,0.24981,-0.308259,-0.187376,0.433287,-0.380216,0.265905,-0.584006,-0.21052,0.069778,-0.336102,0.144997,0.098069,0.296625,0.352766,0.104021,0.078623,0.295584,0.176783,-0.345821,0.104861,-0.220763,-0.371426,-0.186622,0.212355,0.188427,-0.108291,-0.062939,-0.230462,-0.131023,-0.21473,-0.066113,0.200077,-0.113263,0.184514,0.126845,-0.414961,-0.147123,-0.079074,0.149233,-0.13409,-0.452495,-0.067026,-0.153624,0.194512,-0.018105,-0.097076,0.122866,0.062057,-0.068214,0.078694,0.069233,-0.182164,-0.485686,0.216727,-0.21515,0.104383,-0.388338,0.146196,-0.101353,-0.559229,-0.043341,0.03971,-0.08665,0.294848,0.006977,0.278525,0.218224,-0.267615,-0.040095,-0.368106,0.028429,-0.121777,-0.172396,-0.277086,0.20192,-0.060855,-0.393202,-0.160482,-0.113175,-0.074651,-0.034641,0.212566,-0.288855,-0.101332,0.153427,-0.109303,-0.329572,-0.124994,0.256623,-0.241845,-0.12446,0.111162,-0.018116,-0.054725,-0.491122,-0.055246,0.157326,-0.119553,-0.028562,-0.044675,-0.226359,-0.344905,-0.078062,0.080944,-0.071775,-0.324575,-0.112834,-0.41552,-0.249697,0.368074,0.047393,-0.451917,-0.214499,-0.28721,-0.184238,-0.411471,-0.322774,0.076216,-0.24186,-0.062828,-0.075067,-0.203774,-0.059315,0.091277,0.079705,0.194518,-0.044098,0.189991,0.16938,-0.011569,0.273677,-0.013499,-0.327017,0.247805,-0.190355,-0.118771,-0.284062,0.063816,-0.053247,0.076216,0.232401,0.184928,#
15,0.145989,-0.103637,-0.056456,0.058498,0.386168,0.307545,-0.210079,0.179997,0.100442,0.239028,-0.15606,0.564474,-0.206856,0.294216,0.067095,1.0,-0.287582,-0.201664,-0.050541,-0.091865,0.167836,-0.168246,0.059409,-0.25855,-0.186025,-0.148494,0.021075,-0.176222,0.307193,0.391812,-0.072284,0.40229,-0.225055,-0.221556,0.141827,0.242105,-0.330231,-0.257472,0.552586,0.07699,0.305506,-0.049572,0.039477,0.163629,-0.03715,0.184186,-0.052854,-0.013432,-0.032455,-0.204722,0.267182,-0.180167,0.126,0.053243,-0.00272,0.125417,-0.015899,-0.208175,-0.341125,-0.344147,0.037547,-0.208248,-0.167362,-0.108489,0.046422,0.112743,0.441407,0.156885,0.053943,-0.151434,-0.55281,0.38776,0.144863,0.047211,0.179638,0.241061,0.018432,-0.184272,-0.140801,-0.106424,-0.054194,-0.225395,-0.110939,-0.053429,-0.083299,0.016679,-0.44268,-0.257544,-0.11463,0.083197,0.063102,-0.328604,-0.175481,-0.104731,-0.626309,-0.191418,0.15928,-0.182414,-0.344117,0.129783,0.120949,-0.159043,0.026765,-0.183114,0.071269,0.068956,-0.078456,-0.173586,0.055236,-0.009567,-0.251505,0.290991,-0.072536,-0.219083,-0.103114,-0.003286,0.030521,0.247351,-0.215566,-0.47134,-0.420412,-0.058536,-0.126831,0.055683,0.224517,-0.207208,-0.512211,-0.178012,0.009437,-0.133209,-0.081249,-0.318862,-0.341156,-0.163486,-0.446409,-0.015043,0.20143,0.005003,-0.25431,-0.252045,-0.254751,-0.205369,-0.149725,0.119229,0.201603,0.123984,-0.143123,0.458692,-0.156157,-0.215344,0.030522,-0.262439,-0.069597,-0.450456,-0.038018,-0.032336,-0.314633,0.166436,-0.344218,-0.320474,-0.475954,-0.118316,-0.013993,-0.001078,0.028588,0.084254,-0.443487,0.081502,0.191081,-0.187001,-0.167627,-0.003536,-0.262502,-0.227163,0.239143,0.159744,-0.448035,0.186954,0.112232,-0.153912,-0.007373,0.045362,-0.295662,0.405834,0.286513,-0.327463,0.191539,0.042393,-0.057353,0.102422,-0.155156,-0.143794,0.326381,0.364381,-0.05216,-0.152122,0.024649,0.159744,0.201789,-0.031008,#
16,-0.035873,-0.205993,0.278422,0.191394,-0.265742,0.03528,0.32434,0.178165,-0.159098,-0.053735,-0.005957,-0.501734,0.280186,-0.051029,0.098241,-0.287582,1.0,-0.113475,-0.226397,0.191008,0.007554,0.317695,-0.27555,-0.087488,0.038111,-0.018532,-0.307635,0.097411,-0.215136,-0.273821,0.078257,-0.029316,-0.204125,0.336356,-0.195916,-0.014189,0.528426,-0.01694,-0.0676,-0.127632,-0.039251,0.278273,0.170926,-0.11929,-0.061959,-0.112765,-0.119853,-0.229043,0.11258,0.263257,-0.08023,0.185293,-0.278902,-0.247925,0.358914,0.312298,0.017777,0.359136,-0.113758,0.160769,0.174591,-0.088474,0.170039,-0.064225,-0.106429,0.095042,-0.240485,-0.072853,0.207951,-0.274389,0.143313,-0.13106,-0.205863,0.054647,0.344389,0.114422,0.079583,-0.012151,-0.143794,-0.030541,0.179237,0.074137,0.214179,0.148,-0.285523,0.135653,0.505479,0.206396,-0.124678,0.219909,0.234681,0.249455,0.189914,0.357089,0.330417,0.026862,0.221413,0.000222,0.291162,-0.414802,0.026301,0.193892,0.180661,-0.031015,-0.016543,0.271054,0.024911,-0.031085,0.039606,-0.118795,0.066238,-0.164528,0.199991,0.126641,-0.150027,0.190636,-0.367969,-0.186732,0.223391,0.240366,0.279557,0.160196,0.289018,-0.017545,-0.125644,0.166014,-0.019981,-0.131077,0.206498,-0.075053,0.053807,0.439755,0.047468,-0.03954,0.031737,-0.16198,-0.113889,-0.075646,0.069491,0.268181,0.05402,0.075146,0.222695,0.238504,0.192027,-0.000425,0.053078,-0.049295,0.221742,0.500804,-0.037253,0.251944,0.235417,0.229523,0.249455,-0.002402,0.229013,0.087388,0.034481,0.01547,0.304314,0.168073,0.33504,0.000222,-0.141719,0.154933,0.219175,0.043148,0.055998,-0.059148,-0.187909,0.049061,0.361621,0.325117,-0.086705,-0.33336,0.270819,-0.068691,-0.09146,0.006679,-0.065138,-0.112976,-0.057703,0.050023,-0.086761,0.013901,0.186366,0.182493,0.0326,-0.262129,0.176499,-0.10644,-0.136295,-0.135517,0.298692,0.150002,-0.016728,0.176499,-0.376682,-0.164873,#
17,-0.097813,0.105064,0.046414,0.158402,-0.01933,-0.152269,-0.08548,0.073949,0.266678,0.364645,-0.31324,-0.176884,0.023565,-0.068858,-0.197143,-0.201664,-0.113475,1.0,0.247547,0.155297,0.054701,-0.125027,0.352305,0.130106,0.046509,-0.223273,-0.072203,0.24841,-0.010291,-0.030566,0.345006,-0.139668,0.146708,0.262261,0.101587,-0.001021,0.157008,-0.162008,-0.25757,-0.190157,0.029594,-0.022788,0.063594,0.134958,0.062107,-0.202395,0.221592,0.132315,-0.192401,0.018652,0.370205,-0.166133,0.061031,-0.225856,-0.216035,0.009504,0.346239,0.200813,0.005228,-0.0514,0.006465,0.160726,-0.19212,-0.12687,0.143421,0.240569,0.335735,0.127575,0.042107,-0.305196,-0.244178,-0.435518,0.359046,-0.106418,-0.010508,-0.292699,-0.1621,-0.137402,-0.029343,0.405026,0.327086,0.044992,-0.16486,-0.099195,-0.124302,-0.250415,0.159735,0.004727,0.213305,-0.056367,-0.132627,-0.092738,-0.01062,0.320234,0.131874,0.099043,-0.166401,0.645191,0.517055,0.013244,0.169936,0.38194,0.059884,0.132715,0.14862,0.007131,-0.405874,-0.226634,0.219393,-0.013497,0.390978,-0.033656,-0.030178,0.107013,0.070937,0.00814,-0.006848,-0.030178,-0.246875,-0.335113,0.388125,-0.242763,-0.308493,-0.51748,0.265755,-0.297026,0.486099,0.227223,-0.148446,0.09905,0.322016,0.078529,-0.142396,-0.408752,-0.261315,0.235319,-0.22838,0.080011,-0.131728,-0.001539,0.132138,-0.123342,-0.210933,-0.134693,-0.328341,-0.073518,-0.325848,0.148578,-0.127317,-0.152775,-0.102501,-0.431005,0.121623,0.113034,-0.123842,0.135036,-0.027728,0.171693,0.251667,0.321069,0.086831,0.184058,-0.216711,0.343693,0.421452,-0.031628,-0.015676,-0.179185,-0.19742,0.376353,0.261794,0.264605,0.112879,-0.158955,-0.150463,0.113465,0.189634,0.311577,-0.131977,-0.168794,-0.069931,0.385965,-0.368716,-0.689469,-0.045846,-0.274086,-0.239461,0.084408,-0.027709,0.024506,0.113465,-0.352327,-0.087988,0.247768,-0.138527,-0.172702,0.103271,0.113465,-0.096331,-0.252736,#
18,-0.013332,0.126139,-0.203674,-0.369902,0.072464,0.059083,0.331847,0.003011,0.377392,0.435335,-0.332892,-0.008437,0.038894,0.094246,-0.142005,-0.050541,-0.226397,0.247547,1.0,0.088122,0.28346,0.07655,0.139615,0.22142,-0.053571,-0.242731,0.016598,0.153002,-0.125241,0.238734,-0.096131,-0.473183,-0.147891,0.268517,-0.317316,0.099982,-0.106189,-0.029059,0.051558,0.041553,-0.05217,0.212074,0.024419,0.291245,-0.276052,-0.145272,0.108486,0.258525,-0.222072,0.068479,0.254902,-0.423196,0.26126,-0.191984,-0.116585,-0.251906,0.024021,-0.215863,0.114518,0.115051,-0.265625,0.214518,0.042553,-0.172895,-0.012918,0.035156,-0.053238,0.028506,0.243492,0.096905,-0.133765,-0.087354,0.09177,0.036852,-0.38277,-0.224063,-0.160929,-0.128077,-0.101745,0.178384,-0.231032,-0.241166,-0.23385,-0.226901,0.091682,-0.129194,-0.085389,0.083865,0.157927,-0.38758,-0.149203,-0.164971,-0.133916,0.22927,0.163321,-0.148147,0.188892,0.078842,0.120014,-0.105431,0.140916,-0.02087,-0.356132,-0.117076,-0.085336,-0.210621,-0.432695,0.042389,0.028029,-0.15138,0.311863,-0.305456,-0.043154,-0.22321,-0.193321,-0.147436,-0.220395,-0.043154,-0.022514,-0.521975,-0.014941,-0.344278,-0.480366,-0.356331,-0.375565,-0.14544,0.036039,0.230987,-0.318271,0.012465,0.285383,0.067902,-0.182671,0.103178,-0.169762,0.100814,-0.211442,-0.03389,-0.080174,-0.017127,0.174817,0.215844,-0.121619,-0.406321,-0.332786,-0.397001,-0.119949,0.43511,-0.397207,-0.205432,-0.007148,-0.453052,0.032251,-0.062572,-0.163796,0.149423,0.023544,0.14406,0.159612,0.407743,-0.026151,-0.101028,-0.128657,0.43323,-0.039708,0.0593,-0.166144,-0.130234,0.160204,0.261045,0.054818,0.238188,0.154877,-0.171856,-0.094282,-0.326759,-0.026765,0.164783,0.308689,-0.010655,0.374021,-0.186294,0.02223,0.136541,-0.0215,-0.192868,0.376071,0.004369,-0.533183,0.28783,0.117673,-0.281981,-0.309473,0.183148,0.098233,0.007588,0.167106,0.117673,0.040795,-0.047005,#
19,-0.343089,-0.09684,0.346074,-0.156418,-0.23299,-0.378147,0.190775,0.398468,-0.07533,-0.253478,-0.007189,-0.303653,-0.01781,-0.363046,0.029217,-0.091865,0.191008,0.155297,0.088122,1.0,-0.205031,-0.002306,-0.285948,0.589791,0.202001,0.067622,0.207892,0.307807,-0.165733,-0.080331,0.234455,-0.227609,-0.349739,0.393752,0.089272,0.068022,0.498184,0.214563,0.071763,0.03796,-0.157005,-0.079264,0.158862,-0.268628,0.203014,0.064042,0.076668,0.206611,-0.298646,0.000218,-0.057722,0.322304,-0.287415,-0.180278,-0.055084,-0.300963,-0.011483,-0.182649,0.293126,0.038624,-0.028388,-0.215562,-0.053077,0.320049,-0.007292,-0.01633,0.223822,0.1114,0.186914,-0.227049,0.11751,-0.656929,-0.119067,-0.059673,-0.027654,-0.230882,0.534345,0.128593,0.330941,0.308692,0.661901,0.026105,0.202084,-0.454524,-0.065838,0.287011,0.202034,0.202084,0.166365,0.206621,0.136273,0.018475,0.147958,-0.047485,-0.150795,0.350544,0.331901,0.536291,0.342314,-0.111195,-0.002414,0.142086,-0.042741,-0.061646,0.295,0.335569,-0.04064,0.554591,0.088899,-0.351034,0.317467,0.005988,0.306309,0.055391,0.188209,-0.224994,-0.050126,0.306309,-0.300389,0.094095,0.132075,0.03305,0.252869,0.06742,-0.004597,0.321518,0.163404,-0.013868,0.013861,0.472067,0.108411,0.168935,0.116782,-0.114145,0.016355,0.229112,-0.195133,0.213027,0.087029,0.193387,0.260472,0.487532,0.458171,0.149521,0.116931,0.148735,-0.101529,-0.249635,0.349643,0.021444,-0.07294,0.1976,-0.06369,0.053022,0.347835,0.179216,0.504122,-0.156532,0.395449,0.354937,0.384781,0.232774,0.122468,0.021501,0.36691,0.095844,0.310023,0.024021,0.085356,0.227749,0.385167,0.205045,-0.027794,0.169667,-0.613843,-0.186928,0.056068,-0.167421,-0.001652,0.133454,-0.147186,-0.20917,-0.009473,-0.303951,-0.147058,0.199029,0.095511,0.15413,0.180611,-0.475752,0.252711,-0.071615,-0.230383,-0.2347,0.185797,-0.051975,0.249413,-0.186928,-0.353978,-0.317913,#
20,0.473881,0.029971,-0.067601,0.156179,0.253056,0.432657,0.24287,-0.03406,0.207494,0.411692,0.105607,0.36274,0.295796,0.138723,-0.176074,0.167836,0.007554,0.054701,0.28346,-0.205031,1.0,0.444155,-0.010263,-0.069694,-0.136006,-0.402345,-0.219786,-0.306133,0.447027,0.14745,-0.231006,-0.043243,-0.248625,-0.0805,-0.416671,0.322244,-0.423201,-0.286005,-0.1667,-0.192004,0.086883,0.075145,-0.228058,0.121297,-0.05951,-0.312323,-0.306636,-0.295972,-0.199061,0.184766,0.308588,-0.050154,0.121201,-0.150261,0.177216,0.332188,-0.426653,0.003079,-0.036205,0.013534,0.226851,-0.087629,0.246428,-0.541784,-0.043221,-0.004477,0.055549,0.013991,0.082925,0.107809,-0.560489,0.263845,0.037538,-0.140204,-0.245176,-0.297338,-0.210327,0.067886,-0.300745,0.107582,-0.174543,-0.144785,-0.028687,-0.214861,-0.013089,-0.347026,-0.219305,-0.021044,0.213463,-0.519687,-0.054602,-0.39211,-0.222203,0.003819,-0.093095,-0.254356,-0.136445,-0.017594,-0.253269,0.079248,0.204453,0.294524,0.174724,-0.191527,-0.58353,-0.189523,-0.523485,-0.132689,-0.302353,0.037483,0.028965,-0.200395,-0.163096,-0.179095,-0.10737,-0.09295,0.178442,-0.149532,-0.108341,-0.212454,-0.27218,-0.179095,-0.294239,-0.065617,-0.129738,-0.409703,-0.104063,0.168983,0.091246,-0.14054,-0.274401,-0.112305,-0.621701,0.195207,-0.196683,0.09614,-0.138717,-0.381702,-0.087228,-0.393124,-0.058221,0.138831,-0.156595,-0.208491,0.165955,-0.277876,-0.258007,0.416256,0.008487,-0.029239,0.125929,-0.307301,-0.114367,-0.268487,-0.302966,-0.141594,-0.320621,0.287966,-0.502371,0.013396,-0.075001,-0.125002,-0.414493,0.158018,-0.215872,0.242628,-0.034454,0.315416,0.067352,-0.091608,0.099671,0.136804,-0.017056,0.196585,0.32542,0.141105,-0.047006,0.176551,-0.043765,-0.050483,0.044642,0.267471,0.088841,0.345857,0.072669,-0.320816,0.136009,-0.213335,0.00636,0.556016,0.141105,0.202673,0.13184,0.062816,0.160174,-0.193389,0.501826,0.141105,0.191173,0.105609,#
