0,1.0,0.547955,-0.032725,-0.134146,0.302489,0.035298,0.088453,0.319121,0.270357,0.241225,-0.023163,0.045624,0.025633,0.418101,0.132874,-0.109641,0.242833,0.309642,0.394686,-0.33633,-0.054231,0.00207,0.148238,0.135824,-0.356807,-0.198429,0.171405,0.167088,0.319473,0.447405,-0.269434,0.067138,0.269208,-0.252869,0.054482,-0.024271,-0.3344,-0.188141,-0.2049,0.292633,-0.005086,-0.044877,-0.007217,0.368214,-0.252865,-0.446313,0.104458,0.05089,-0.000364,-0.113596,0.038541,-0.130486,0.084881,-0.082218,-0.004748,-0.30191,-0.103485,-0.142287,0.100971,0.266238,0.114364,-0.005292,-0.256493,0.243507,0.39607,0.45303,0.091015,0.234931,-0.105807,-0.172952,-0.227138,-0.148318,-0.252917,-0.048502,-0.142379,0.320873,-0.252409,-0.201554,-0.164671,-0.076844,-0.435764,-0.114405,-0.249059,0.235859,-0.245049,-0.008243,-0.096387,-0.190019,0.089771,-0.212858,-0.337904,-0.544905,-0.428326,-0.012838,-0.158295,-0.352149,-0.108232,-0.352149,-0.251811,-0.250287,0.031298,-0.503833,-0.207672,-0.181713,-0.423237,0.13751,-0.281399,-0.225906,-0.364813,0.061436,0.133339,0.301328,-0.227482,-0.230039,-0.662718,-0.237306,-0.208628,-0.267497,0.027111,-0.383693,-0.315092,-0.221837,-0.4446,-0.108758,-0.087537,-0.237997,-0.248623,-0.056396,-0.34115,-0.606742,-0.205144,-0.264411,-0.165085,0.119846,-0.261698,-0.222819,0.409376,-0.616303,-0.383923,-0.303542,-0.105855,-0.443593,-0.60594,0.004449,-0.150201,-0.199098,-0.254087,0.242241,-0.301944,-0.224731,-0.100559,-0.289216,-0.321223,-0.208878,-0.347203,-0.358863,0.215361,0.34502,-0.420892,0.102357,-0.535198,-0.119773,-0.252707,-0.223281,-0.34759,0.115748,-0.208628,-0.059013,-0.14332,-0.151173,0.205254,0.209482,-0.400985,-0.235536,0.536518,-0.171539,-0.315092,0.160362,0.36366,-0.571488,-0.013889,0.160141,0.024048,0.151026,0.48993,-0.192366,0.143508,0.209476,-0.023584,0.58523,-0.012838,0.144304,0.506122,0.354102,-0.139119,0.324587,0.270389,-0.529484,-0.697849,0.238553,#
1,0.547955,1.0,0.046177,-0.080992,0.414934,-0.02004,0.324348,0.262639,0.172064,0.479049,-0.264003,-0.186331,0.24746,0.453985,0.39764,-0.343105,-0.028057,0.555608,0.442399,-0.218805,0.260442,0.097616,0.235431,0.259997,-0.441999,-0.093752,0.256999,0.267797,0.345638,0.550814,-0.554354,0.003075,0.210994,-0.276486,-0.08619,-0.28629,-0.267147,-0.149675,0.145204,0.042564,-0.249334,0.222794,-0.126453,0.379395,-0.276481,-0.343099,0.316463,0.249414,0.161607,0.160143,0.330851,-0.094772,0.180862,-0.168361,0.43747,-0.36907,-0.315818,0.116038,-0.269261,-0.021798,-0.082068,0.348702,-0.48875,0.49103,-0.003982,0.457182,0.037865,0.262202,0.164749,-0.24484,-0.117102,-0.177681,-0.276539,-0.416685,-0.238171,0.338891,-0.375394,-0.164971,-0.286858,-0.363327,-0.539788,-0.212026,-0.529021,0.122761,-0.361884,0.073836,-0.240697,-0.157592,-0.181731,-0.135549,-0.243672,-0.312143,-0.528872,0.027313,-0.262095,-0.073046,0.110074,-0.255849,0.166057,-0.357219,-0.218544,-0.569684,-0.513652,-0.08959,-0.535006,-0.296618,-0.484974,-0.330846,-0.629327,-0.023071,0.291923,0.308361,-0.190143,-0.474996,-0.39235,-0.140214,-0.451633,-0.387749,-0.015969,-0.509425,-0.404034,-0.152371,-0.355923,-0.374629,-0.097622,0.015389,-0.280362,-0.254103,-0.297238,-0.327415,-0.329209,-0.513413,-0.260917,-0.070828,-0.179217,-0.28899,0.387486,-0.355979,0.009249,-0.315148,-0.350681,0.007719,-0.514428,-0.016577,-0.116026,-0.183059,-0.1096,0.425653,-0.29264,-0.274455,-0.282313,-0.244245,-0.078838,-0.046895,-0.490754,-0.067247,0.478476,0.398687,-0.598876,0.273912,-0.293181,0.009455,0.061564,0.133072,-0.302534,0.378699,-0.28899,-0.017745,-0.001356,0.028086,-0.063819,0.0119,-0.122139,-0.391083,0.61814,-0.188346,-0.245034,-0.096058,0.383639,-0.498632,-0.089973,0.230246,-0.035117,0.034306,0.366136,-0.028344,0.227698,0.031322,-0.106541,0.671335,0.223848,0.624144,0.238007,0.243194,-0.086375,-0.089411,0.062463,-0.490901,-0.528431,0.209004,#
2,-0.032725,0.046177,1.0,0.321114,0.300169,-0.4503,-0.222955,-0.195935,-0.260134,0.093623,0.04675,0.267524,-0.120535,-0.018431,-0.043468,-0.167229,-0.222955,-0.159137,-0.035662,0.065223,-0.17155,-0.240273,0.384067,-0.157829,-0.344089,0.039715,0.355795,-0.320293,-0.201878,0.308535,-0.115695,0.411153,-0.170065,-0.148791,-0.102852,-0.072535,0.042364,0.079996,0.156494,-0.039001,-0.06443,0.21,-0.081779,-0.051607,-0.158062,-0.319922,0.069054,0.165613,-0.303968,-0.056904,-0.412043,0.226261,0.11819,0.065331,-0.099993,-0.161553,-0.464249,-0.035595,-0.503728,-0.346337,-0.080903,-0.220289,-0.175179,-0.02637,-0.185991,-0.088763,-0.233701,-0.004882,-0.041333,0.265029,0.083338,0.096374,0.099288,0.018544,-0.042058,-0.066434,-0.214075,-0.232336,-0.156956,0.269559,-0.061035,-0.074468,-0.054318,0.27918,0.10739,-0.018793,0.013748,0.109717,-0.104115,-0.134754,-0.115975,-0.077742,-0.072359,-0.073369,-0.138897,0.132502,0.282444,0.111202,0.104386,-0.049567,0.085813,-0.061871,-0.045107,-0.058645,-0.222017,-0.191573,0.044713,0.07187,0.01015,0.35998,0.165033,-0.21206,-0.085482,0.175138,0.263766,-0.20785,-0.218529,-0.299486,-0.079744,-0.079648,-0.215236,-0.409971,0.116809,-0.063333,-0.292831,-0.034575,-0.46858,-0.429868,0.017798,0.043682,0.289346,-0.232699,-0.457688,-0.218462,-0.243582,0.14576,0.273007,0.104249,0.260803,0.310121,0.323688,0.133527,0.030973,-0.442183,-0.391057,0.225817,0.059965,-0.048091,-0.325779,0.143331,-0.552405,-0.16375,0.281345,-0.230875,-0.071949,-0.285291,-0.069145,0.076303,0.185782,-0.12008,-0.229704,-0.024607,0.256998,-0.130619,-0.06538,-0.205307,-0.357323,0.029621,0.13892,-0.120641,0.04348,-0.145803,0.10855,-0.162769,0.259919,0.013646,-0.054449,-0.291134,-0.142718,0.140629,0.137207,-0.471159,-0.038239,0.147666,0.029807,0.178851,-0.183091,-0.415703,-0.035305,0.044489,0.131613,0.220172,-0.138559,0.246277,0.042713,-0.518642,0.220417,-0.083171,0.123297,-0.158174,#
3,-0.134146,-0.080992,0.321114,1.0,0.008762,-0.478004,-0.374901,-0.407213,-0.36775,-0.008605,0.390285,-0.126758,-0.128933,-0.393855,-0.212305,-0.160194,-0.076529,-0.010822,0.083116,-0.093732,0.179694,-0.570854,-0.075508,-0.04454,0.147773,0.213271,-0.140178,-0.132174,-0.046043,-0.130572,0.441248,-0.034735,-0.589256,0.200459,-0.109457,-0.425225,0.075466,0.244586,0.319835,0.217043,0.043444,-0.052876,0.077771,-0.369591,-0.058778,0.040207,-0.118669,-0.289903,0.193496,-0.348106,-0.291205,0.454538,-0.045909,0.133102,-0.014475,0.099754,-0.107962,0.153188,-0.161016,0.04258,-0.296736,0.31572,-0.055341,-0.32551,-0.244135,-0.395579,0.025463,-0.078816,-0.167299,0.33015,-0.035598,0.496233,0.201053,0.453687,0.242429,-0.291248,-0.051724,0.056658,0.381988,0.138688,-0.033087,0.471597,0.29758,0.189981,0.125711,-0.275141,-0.05223,0.403467,-0.000244,0.455412,0.209468,0.359531,0.482106,-0.206079,0.366992,0.401349,-0.011818,0.034564,0.265579,0.348629,0.25941,-0.150785,0.435866,-0.130557,0.122367,0.316332,-0.148745,0.502331,0.254885,0.390033,-0.291334,-0.326315,0.43099,0.258358,0.165941,0.123232,0.474309,0.134695,0.117499,0.040736,0.375479,0.142189,0.132931,0.047513,-0.088802,0.075673,-0.208601,-0.28207,0.490024,0.164869,0.835427,-0.011913,0.01289,0.071755,0.235436,0.496146,-0.111316,0.498265,0.173763,0.356949,0.423328,0.251956,0.363388,-0.297725,0.01613,0.363657,0.21651,-0.208313,0.041898,0.31898,-0.140639,0.295516,0.242315,0.081884,0.362169,-0.137745,-0.199191,-0.369821,0.254605,0.167493,-0.448265,0.04866,0.190819,-0.35939,-0.122341,-0.041688,0.110502,-0.121164,0.060465,0.088362,-0.087873,-0.163714,-0.046063,0.069833,-0.311574,-0.194115,0.200669,-0.012589,-0.308644,0.24908,-0.388332,-0.098363,-0.299268,-0.273317,-0.048571,-0.281744,-0.02743,0.025682,0.319929,-0.335485,-0.167196,-0.034166,-0.270647,0.027156,-0.220049,-0.21423,-0.268577,0.162752,-0.104692,-0.33959,#
4,0.302489,0.414934,0.300169,0.008762,1.0,-0.113926,0.361205,0.008448,0.297373,0.450603,0.057923,0.023137,0.321351,0.045891,0.498556,-0.436663,0.109541,0.267421,-0.002318,0.068677,0.034172,-0.056864,0.187308,0.036019,-0.33716,-0.200333,0.142487,-0.305784,0.128577,0.139845,-0.344401,-0.12104,0.183903,-0.301205,-0.424085,-0.020271,-0.050485,-0.296548,-0.090089,0.164215,-0.143808,0.256068,-0.266121,0.25046,-0.3012,-0.486712,0.347613,0.17094,0.031046,0.159813,0.082104,-0.099308,0.296562,-0.164815,-0.060665,-0.338239,-0.544753,-0.043299,-0.213522,-0.324392,-0.020127,0.103765,-0.239548,0.280986,0.129023,0.332893,0.295312,0.027571,0.0736,-0.198408,-0.220633,0.11023,-0.054164,0.030792,0.011489,0.18828,0.034686,-0.433507,-0.044583,-0.440355,-0.289619,-0.128455,-0.280272,-0.126751,-0.272868,-0.153176,-0.172701,-0.091465,-0.242617,-0.208311,-0.166382,-0.23778,-0.285649,-0.084877,-0.192421,0.188362,0.199472,0.166188,0.071216,0.045449,0.078897,-0.153095,-0.101875,0.004289,-0.286228,-0.190043,-0.61855,-0.321604,-0.226667,0.240856,0.278447,-0.166529,-0.283223,-0.218925,-0.107508,-0.197082,-0.345196,-0.318984,-0.219027,-0.261213,-0.469845,-0.238597,-0.266936,-0.248271,-0.079263,-0.077907,-0.332496,-0.248951,-0.319686,0.098315,-0.091318,-0.559314,-0.517035,-0.351856,-0.104884,-0.183359,0.364802,-0.114718,-0.14449,-0.047453,-0.053332,-0.333932,-0.092609,-0.418725,-0.227591,-0.139438,0.024096,0.160609,-0.237297,-0.169845,-0.230005,-0.174734,-0.146269,-0.274212,-0.241173,-0.110152,0.534997,0.520103,-0.158335,-0.151062,-0.223705,-0.048478,0.017224,-0.004425,-0.242097,0.32366,-0.012003,0.203043,0.120871,-0.007337,-0.121822,0.055628,-0.017334,-0.143419,0.367015,-0.132567,-0.311632,-0.511112,0.443717,-0.063345,0.183168,-0.054181,0.490912,0.109837,0.115656,-0.050416,0.166158,-0.091403,-0.034132,0.258606,0.110684,0.384872,-0.180451,-0.008471,0.150364,-0.329704,0.11815,-0.424572,-0.465082,0.182047,#
5,0.035298,-0.02004,-0.4503,-0.478004,-0.113926,1.0,0.358247,0.414794,0.368329,-0.012613,0.099632,-0.031252,0.107226,0.409496,0.071574,0.17542,-0.015284,0.046977,-0.110137,0.287423,-0.270867,0.422258,0.081025,-0.094432,0.217103,-0.346951,0.290964,0.526428,0.122933,-0.319768,-0.266266,0.177452,-0.009086,-0.276585,-0.098239,0.074243,-0.162966,-0.105786,-0.232396,-0.343026,0.145225,0.208731,0.225377,0.188898,-0.015913,-0.166713,0.249503,0.277149,0.124049,0.382439,0.339847,-0.119423,0.308911,-0.403012,-0.25947,0.137021,0.3199,-0.089782,0.421994,0.01318,0.159495,-0.016278,0.156422,0.412509,0.143734,0.498993,-0.13941,-0.018187,0.022668,0.081684,0.141957,-0.157445,-0.276638,-0.169441,-0.218343,0.376641,0.171986,0.054706,-0.074226,-0.161559,-0.000539,-0.171683,-0.020779,-0.168604,0.159545,0.453982,-0.005198,-0.469605,0.340457,-0.272083,-0.075247,0.091561,-0.176753,0.107401,0.098429,-0.07321,-0.176753,0.102855,-0.305344,-0.337177,-0.207224,0.132916,0.023902,-0.041678,0.163682,-0.099541,0.221422,-0.471132,-0.099523,-0.326337,0.181722,0.306491,-0.141176,-0.434182,-0.085872,-0.266306,-0.280946,0.329203,-0.129169,0.047789,0.094936,-0.142296,0.146927,-0.138468,-0.11618,0.2132,0.106046,0.352449,0.236935,-0.001049,-0.494788,0.031962,-0.058188,-0.13509,-0.120505,-0.128473,-0.220144,-0.342041,-0.119764,-0.451589,-0.341375,-0.392145,-0.324984,-0.04634,0.105207,0.144101,-0.46672,0.13987,0.293317,-0.275997,0.225639,-0.020455,-0.225426,0.158575,-0.087697,0.310979,0.126334,0.119109,-0.157041,0.094543,0.15317,-0.151675,0.087941,0.222002,0.186566,0.08299,0.392983,0.267698,-0.15787,-0.149863,-0.019892,0.158728,-0.0854,0.219001,-0.011209,0.248881,0.269335,0.118076,0.430938,-0.108045,0.277474,0.246993,-0.015059,-0.091362,-0.252068,-0.271456,0.093812,0.111696,-0.348893,0.039172,0.107401,-0.260965,0.25061,-0.158854,0.260196,0.08382,0.117601,0.10901,-0.032006,0.030088,#
6,0.088453,0.324348,-0.222955,-0.374901,0.361205,0.358247,1.0,0.253265,0.747801,0.06384,0.035315,-0.10699,0.420594,0.06135,0.53999,-0.296953,-0.262614,0.352784,0.067827,0.316417,0.259596,0.361505,0.230099,0.008423,-0.098005,-0.112135,0.117945,0.03485,0.049447,0.084638,-0.600358,0.048333,0.322889,-0.179463,-0.202325,0.05795,0.019742,-0.209668,-0.085855,-0.089271,0.055213,0.427154,-0.169863,0.325842,0.085892,-0.155536,0.56024,0.45296,0.143766,0.10961,0.223737,-0.391147,0.150989,-0.351842,-0.03529,0.193328,0.096961,-0.139738,-0.001598,0.106059,-0.075191,0.110769,-0.035949,0.258346,0.158495,0.334161,0.068476,-0.289683,0.144253,-0.21577,0.193755,-0.229781,-0.173194,-0.140842,-0.306963,0.334785,0.003877,-0.179302,-0.110193,-0.304237,0.021018,-0.484342,-0.321418,-0.33977,-0.472759,0.368788,0.063432,0.119251,-0.203468,-0.214074,-0.241143,-0.028833,-0.472499,0.506491,-0.256159,-0.142635,0.144576,0.181099,-0.026285,-0.154798,-0.069356,0.048669,-0.02178,0.356695,-0.149564,-0.451608,-0.011952,-0.492466,-0.048827,-0.380009,0.466924,0.220881,-0.210823,-0.535831,0.054131,-0.12759,-0.435793,-0.080107,0.008314,-0.330908,-0.282264,-0.27228,-0.13266,-0.465986,-0.011601,-0.011763,0.025628,0.419007,-0.216635,-0.035008,-0.366791,-0.591388,-0.226505,-0.199141,0.015904,-0.117876,-0.075093,-0.149524,-0.00452,-0.091957,-0.275151,-0.3816,-0.182473,-0.03389,-0.02473,-0.081576,-0.186145,0.498157,0.146506,-0.431836,0.189422,-0.105173,-0.143198,-0.267269,-0.206336,0.336092,0.609469,0.53466,-0.153172,-0.150852,0.300322,0.236603,0.358787,0.183466,0.149384,0.555605,0.057165,0.073167,-0.288388,0.042388,-0.178211,0.142513,-0.11638,-0.151237,0.24329,-0.02236,-0.136006,0.030063,0.636756,-0.321138,0.114472,0.443583,0.127933,-0.0445,0.120577,-0.084792,0.247766,0.311114,-0.6306,0.160714,0.321796,0.191294,-0.002654,-0.087042,0.363701,-0.236455,0.064762,0.162885,0.039643,0.126093,#
7,0.319121,0.262639,-0.195935,-0.407213,0.008448,0.414794,0.253265,1.0,0.439879,-0.046499,-0.107871,0.071388,0.171078,0.532046,0.341599,-0.048641,-0.080909,0.100913,-0.172614,0.043943,0.01585,0.56106,0.343455,0.223871,-0.329236,-0.129669,0.490013,0.394147,0.197478,-0.018396,-0.316888,0.417484,0.214548,-0.30116,-0.142211,0.021636,-0.182288,-0.563275,0.115136,-0.189451,-0.160906,0.334278,-0.062855,0.207514,-0.049703,-0.043119,0.315951,0.415805,-0.16904,0.228735,0.159452,-0.255703,0.172138,-0.147067,-0.227888,0.015325,0.171998,-0.226642,0.396603,0.096073,0.188919,0.142213,-0.149985,0.295835,0.038599,0.375074,-0.197932,0.148981,0.260522,-0.214463,0.128403,-0.110513,-0.301218,0.053195,-0.458313,0.384851,-0.098671,-0.237694,-0.684646,-0.078018,-0.089829,-0.28026,-0.111926,-0.25421,-0.090169,0.364304,0.052946,-0.218868,-0.07163,-0.521764,-0.186339,-0.215635,-0.439646,0.336265,-0.337416,-0.137759,0.068449,0.032081,-0.236761,-0.597094,-0.115861,-0.280502,-0.07122,-0.129452,-0.254997,-0.33826,-0.140078,-0.40173,-0.332078,-0.571328,0.229782,0.276663,-0.583865,-0.193816,-0.260067,-0.181095,-0.333672,0.026129,-0.318138,-0.091075,-0.137549,-0.425818,0.226289,-0.557613,0.015007,-0.078106,-0.142469,0.036056,-0.040899,-0.237087,-0.57148,-0.196991,0.162731,-0.128905,0.095469,-0.00531,0.09251,-0.412679,0.050211,-0.398712,-0.376288,-0.330265,-0.373556,0.113425,-0.060861,-0.158633,-0.508189,0.242826,-0.220363,0.006594,-0.161591,-0.168885,-0.291229,-0.099048,-0.033085,0.230274,0.378559,0.1629,-0.283542,0.203312,0.005056,-0.01603,-0.145725,0.154496,0.210044,0.170783,-0.018547,-0.139473,-0.209043,-0.191026,-0.08051,0.127215,-0.486637,-0.321726,0.39623,-0.054018,-0.137549,0.059457,0.259365,-0.410226,0.196476,0.316605,0.138554,0.153701,-0.013673,-0.020603,0.173456,-0.226817,-0.203359,0.293489,0.336265,0.064392,0.321065,-0.237538,-0.025959,0.170557,0.139102,-0.199349,-0.202218,0.459667,#
8,0.270357,0.172064,-0.260134,-0.36775,0.297373,0.368329,0.747801,0.439879,1.0,0.106157,-0.076574,-0.066031,0.577177,0.183833,0.319462,-0.30105,-0.380259,0.447739,0.151081,0.404953,0.292531,0.392161,0.334181,0.078378,-0.008277,-0.287928,0.360192,-0.120464,0.218404,0.100443,-0.421056,0.110075,0.369067,-0.140786,-0.290809,-0.010414,-0.038083,-0.431085,-0.211414,-0.013789,0.28623,0.353268,-0.089311,0.067743,0.128565,-0.320664,0.515353,0.553872,-0.072108,-0.167199,0.16651,-0.391517,0.17078,-0.154467,-0.274817,0.020069,0.269305,-0.318289,0.338368,0.074748,0.091619,-4.6e-05,-0.082799,0.180121,0.173629,0.480838,0.015263,-0.069439,0.268002,-0.152516,0.259243,-0.135813,-0.380774,0.074335,-0.204084,0.30293,-0.028836,-0.267377,-0.137954,-0.391348,0.322044,-0.527065,-0.184033,-0.429101,-0.180639,0.432015,0.174655,0.140461,0.002129,-0.259383,-0.158206,-0.024985,-0.513038,0.637772,-0.353676,-0.037245,0.289077,0.132119,-0.044605,-0.19057,0.004577,0.156952,0.143625,0.243346,-0.02555,-0.188375,-0.051806,-0.44512,-0.090248,-0.44927,0.567556,0.067328,-0.230699,-0.253139,0.112601,-0.20125,-0.350937,0.197335,0.043866,-0.351371,-0.178956,-0.381824,0.164583,-0.568677,0.044332,0.085464,0.023294,0.385393,-0.185178,-0.094885,-0.371154,-0.523456,0.018212,-0.255527,0.165092,-0.011906,-0.043288,-0.184566,0.016975,-0.047163,-0.013592,-0.508269,-0.246179,-0.066479,-0.076297,-0.101727,-0.295768,0.462508,0.132313,-0.330703,0.129482,-0.284819,-0.021739,-0.208359,-0.012541,0.260665,0.54787,0.467291,0.061946,-0.159628,0.051923,0.06922,0.077678,0.245396,0.11471,0.500879,0.149447,-0.025829,-0.386072,0.098993,-0.260575,0.222381,-0.188065,-0.012488,0.292928,-0.027055,-0.188234,0.034085,0.585324,-0.517281,0.144969,0.210822,0.016897,-0.145334,0.016067,-0.156322,0.447755,0.261615,-0.665338,0.200851,0.450295,-0.091486,0.052093,-0.203574,0.292464,-0.050873,0.019751,-0.07924,0.004301,0.169106,#
9,0.241225,0.479049,0.093623,-0.008605,0.450603,-0.012613,0.06384,-0.046499,0.106157,1.0,0.070115,-0.133277,0.301952,0.208191,0.185102,-0.273673,-0.207044,0.301536,0.360003,-0.275779,-0.012589,0.035388,0.309014,0.300749,-0.300256,0.147534,0.270203,-0.012422,0.152317,0.270413,0.084627,-0.148765,0.193276,-0.13623,-0.076511,-0.076433,-0.177072,-0.259212,-0.207016,-0.252921,-0.131609,0.176191,0.04293,0.23453,-0.136228,-0.519034,0.102086,0.207893,-0.274934,0.166478,0.142828,0.19166,0.158941,-0.215896,0.20519,-0.535777,-0.48834,0.172455,-0.449529,-0.346178,0.141649,0.076362,-0.296151,0.226222,-0.076449,0.227823,0.023105,0.065386,-0.101043,0.148579,-0.066121,-0.124625,-0.136256,-0.377452,-0.090705,0.170262,-0.415547,-0.490964,0.014432,-0.415547,-0.198729,-0.175476,-0.181598,0.30944,-0.15341,0.100383,-0.025059,-0.082614,-0.326564,0.116567,0.057331,-0.038354,-0.415386,-0.084185,-0.209038,0.148157,0.069686,0.100438,0.264687,-0.14902,-0.243566,-0.354068,-0.247548,-0.134775,-0.415687,-0.060097,-0.446924,-0.138375,-0.383562,0.168052,0.279158,-0.075319,-0.0177,-0.383041,0.143505,-0.300582,-0.06152,-0.00586,0.28823,-0.490477,-0.120015,-0.137337,0.079708,-0.045727,0.043385,0.030077,-0.229841,-0.263953,-0.264463,-0.062025,0.028194,-0.252969,-0.210825,-0.129173,-0.242751,-0.06152,0.285345,-0.150184,0.211453,-0.136203,-0.25296,-0.046443,-0.103681,-0.06954,-0.036556,0.135236,0.307011,0.147687,-0.228885,0.204893,-0.149951,-0.283096,0.127673,0.070775,-0.040119,-0.032386,0.16742,0.300714,-0.096981,0.043644,-0.336805,-0.012696,-0.229944,0.17901,-0.440847,0.169406,-0.06152,0.298268,0.516733,0.141781,-0.04571,0.063668,0.189441,0.18032,0.366392,0.072537,-0.120015,-0.229166,0.165369,-0.219312,-0.051745,-0.141201,-0.210988,0.076076,0.079112,-0.011787,-0.059309,-0.082558,0.079187,0.392469,0.211422,0.288637,-0.137411,0.10204,0.242327,-0.300607,0.110572,-0.590289,-0.310088,-0.135354,#
10,-0.023163,-0.264003,0.04675,0.390285,0.057923,0.099632,0.035315,-0.107871,-0.076574,0.070115,1.0,-0.233802,-0.374662,-0.260215,-0.125634,0.232961,0.078049,-0.233935,-0.054811,-0.269431,-0.14817,-0.109473,0.030774,0.051995,0.190479,0.293259,-0.070413,0.152747,-0.143146,-0.422878,0.324654,-0.022384,-0.227377,0.044105,-0.072788,0.255338,0.094391,0.067753,-0.09944,-0.038047,-0.073712,-0.142191,0.135647,0.231061,0.055125,0.005464,-0.210945,-0.226854,-0.000142,-0.008247,-0.082759,0.240077,0.033642,-0.284715,-0.253536,0.294231,-0.025119,0.24225,-0.078275,0.135018,-0.052906,-0.132814,0.194048,-0.082544,-0.157814,-0.373462,-0.067256,-0.55283,-0.27839,0.10769,-0.195367,0.283648,0.051364,0.365814,0.29104,0.169841,0.062399,-0.091257,0.313593,0.004748,-0.203396,0.195721,0.363196,0.188283,-0.124891,-0.112027,0.045206,0.194468,-0.174249,0.037455,-0.074966,0.187184,0.37998,-0.146626,0.329251,0.094256,-0.306792,0.274701,-0.101013,0.173278,0.201177,-0.104792,0.465419,-0.0952,0.188243,-0.003374,0.050796,-0.073329,0.417008,0.143554,-0.427728,-0.125916,0.291633,-0.123055,0.043742,0.089112,0.396379,0.013821,-0.07352,0.287207,0.466149,0.015746,0.170375,0.113,-0.197994,-0.450201,-0.039134,0.237561,0.100001,-0.186947,0.470166,-0.007108,-0.045983,-0.018138,0.09929,0.568455,-0.181272,0.18501,-0.139321,0.097614,-0.096395,-0.176295,0.340062,-0.237215,-0.03649,0.244404,0.163896,-0.239712,-0.07446,0.187995,0.357135,0.440338,-0.290286,-0.138632,0.183401,-0.279753,-0.330869,-0.119761,0.140795,-0.037826,-0.218427,0.313157,0.156673,-0.500012,-0.15035,0.0714,0.052225,0.121751,0.310401,-0.073725,-0.069789,0.153873,-0.320321,0.113848,-0.399633,-0.145257,0.276897,0.030837,0.002337,0.251595,0.003654,0.073587,-0.127463,0.115039,-0.078878,-0.444899,-0.29969,0.040364,0.336865,-0.353872,-0.22263,-0.177845,-0.259461,-0.045498,0.189714,-0.133027,0.133502,0.195212,-0.160526,-0.226282,#
11,0.045624,-0.186331,0.267524,-0.126758,0.023137,-0.031252,-0.10699,0.071388,-0.066031,-0.133277,-0.233802,1.0,-0.061373,-0.048696,-0.137644,-0.033437,0.004608,-0.061659,-0.46359,0.129185,-0.449912,0.186283,0.101642,-0.105544,-0.119464,0.127095,0.150364,-0.404398,-0.230663,0.035742,-0.210355,0.20894,0.122453,0.117833,0.077409,-0.1738,-0.163931,0.004875,-0.170412,-0.140818,-0.00166,0.212839,0.027119,-0.368513,0.137746,-0.299379,-0.055947,0.039308,-0.152575,-0.001166,-0.350444,0.201929,0.050333,-0.047939,0.056245,-0.087343,-0.261669,-0.253412,0.092349,0.028724,0.087376,-0.170949,-0.154643,-0.34762,0.162183,-0.06624,-0.181916,-0.010253,-0.080343,0.280241,0.212761,-0.200189,0.35444,0.158229,-0.460012,-0.105667,-0.13727,-0.120161,-0.075911,0.366402,0.337085,-0.144479,-0.135572,-0.129287,0.015274,0.212151,-0.045233,0.047403,0.277194,-0.384226,0.119453,-0.313371,0.000962,0.061908,-0.051716,-0.132777,0.040535,0.175364,-0.317576,0.024275,-0.158556,0.019904,0.045935,0.195505,-0.306645,-0.132848,0.28833,-0.025913,-0.064477,0.237635,0.103544,0.254937,-0.324605,0.101788,-0.098159,-0.14516,-0.159107,0.1365,-0.207229,0.188654,0.015309,-0.181272,0.030928,0.150679,-0.256314,0.227065,-0.059813,-0.224248,0.070108,0.413063,-0.137364,0.166647,-0.203629,-0.233085,-0.128121,0.02224,0.311871,-0.152828,0.202427,-0.166692,0.190874,-0.023818,0.107573,-0.342786,-0.293011,0.160319,0.074829,-0.070879,-0.138231,0.191546,-0.195111,-0.222134,0.176719,0.000295,-0.128092,-0.057473,0.072178,-0.059311,0.121338,0.122799,0.249608,-0.146233,-0.053281,0.018209,0.08783,-0.148461,0.184144,0.151548,-0.170265,-0.294118,0.100109,-0.118417,-0.015525,0.324008,0.02388,-0.038265,-0.289186,-0.063361,-0.202239,0.073523,0.059345,-0.211882,0.01552,0.260712,0.111967,0.189326,0.035436,-0.12887,-0.112992,-0.203619,-0.098525,-0.086272,-0.049824,0.003144,0.223461,0.052245,0.180716,0.045735,0.252225,-0.11909,#
12,0.025633,0.24746,-0.120535,-0.128933,0.321351,0.107226,0.420594,0.171078,0.577177,0.301952,-0.374662,-0.061373,1.0,0.269424,0.329736,-0.582909,-0.302415,0.441699,0.001081,0.267533,0.298568,0.244558,0.21035,0.134373,-0.16051,-0.164395,0.190231,-0.206466,0.272576,0.208848,-0.31046,-0.047006,0.302183,-0.210845,-0.213001,-0.324182,-0.012591,-0.290466,-0.129145,-0.312521,0.268459,0.445904,0.037051,-0.165209,-0.19064,-0.283717,0.51473,0.43506,-0.097073,-0.107894,0.212664,-0.290766,0.204103,-0.001656,-0.168831,-0.112813,0.109438,-0.092992,0.016605,-0.204757,-0.028077,0.244173,-0.022837,0.102497,0.292288,0.382351,0.06317,0.328727,0.088658,-0.067933,0.372224,0.115292,-0.213973,-0.087446,-0.225382,0.186857,0.074011,-0.13046,-0.21917,-0.232864,0.256878,-0.421632,-0.41101,-0.245098,0.091477,0.472833,-0.034535,0.182449,0.048313,0.023778,-0.166496,0.204389,-0.58134,0.38932,-0.367341,0.273459,0.571525,0.10735,0.388725,-0.08045,-0.023549,-0.036979,0.044541,-0.053278,-0.093127,-0.02195,-0.165821,-0.166684,-0.300423,-0.116197,0.573924,-0.249698,-0.163409,-0.304804,0.256521,-0.206703,-0.358901,0.157334,0.075227,-0.452412,-0.216176,-0.368187,0.113399,-0.359836,0.201109,0.40565,-0.222974,0.182278,-0.094656,0.227389,-0.124627,-0.325922,-0.167385,-0.160361,0.068985,-0.18029,-0.098382,-0.075707,0.065489,0.175342,0.023854,-0.228929,-0.119903,-0.143908,0.041503,-0.023597,-0.058077,0.255869,0.205729,0.008878,-0.17963,-0.403146,0.286776,-0.133533,0.039851,0.446188,0.660969,0.238742,0.100343,-0.21747,0.068041,-0.32629,0.140848,0.565738,0.205559,0.331703,0.315851,-0.0504,-0.156679,0.203054,-0.073171,-0.006873,0.155178,-0.090962,0.324342,0.3425,-0.209833,-0.03274,0.308889,-0.32414,0.037068,-0.103905,-0.106877,-0.458736,0.026293,0.107457,0.503762,0.18989,-0.574576,0.24531,0.592439,0.138694,-0.095446,-0.350737,0.086703,-0.147301,-0.133594,-0.155741,-0.0002,0.101504,#
13,0.418101,0.453985,-0.018431,-0.393855,0.045891,0.409496,0.06135,0.532046,0.183833,0.208191,-0.260215,-0.048696,0.269424,1.0,0.106786,0.106768,-0.079991,0.156613,0.140931,-0.023779,-0.100867,0.518591,0.485846,0.339971,-0.359321,-0.370406,0.491134,0.475658,0.298154,0.207082,-0.403876,0.262277,0.208592,-0.10105,0.066134,0.098429,-0.272565,-0.230979,0.117375,-0.200945,-0.083654,0.082401,0.337426,0.358671,-0.351762,-0.269818,0.143796,0.408027,-0.161458,0.346365,0.451857,-0.183272,0.047265,0.034582,-0.114451,-0.20042,0.00707,0.06459,0.178444,-0.035431,0.403627,0.117123,-0.125331,0.410796,0.32878,0.493854,-0.360185,0.544623,0.339862,-0.004912,0.029943,-0.231444,-0.108088,-0.357364,-0.242604,0.433177,-0.141996,-0.059562,-0.539875,-0.092413,-0.359165,-0.297244,-0.291163,0.100008,0.227286,0.145479,0.04712,-0.413592,0.083182,-0.349797,-0.431095,-0.176512,-0.537177,0.237813,-0.298664,-0.247022,0.212811,-0.079201,-0.078682,-0.55121,-0.152668,-0.253021,-0.270853,-0.401607,-0.160551,-0.293614,0.005048,-0.414656,-0.383717,-0.141251,0.316033,0.164307,-0.296738,-0.335791,-0.296715,-0.301122,-0.492076,-0.200815,-0.063217,-0.260862,-0.257577,-0.420222,0.044004,-0.430755,0.122788,0.131984,-0.250133,-0.181842,-0.07072,-0.304935,-0.462575,-0.0,-0.219825,-0.106407,-0.259804,-0.344158,0.172568,-0.530401,-0.180845,-0.330987,-0.286429,-0.102698,-0.667885,0.001914,-0.294354,-0.066503,-0.495785,0.165101,-0.226152,-0.262006,-0.328176,-0.223149,-0.083191,0.083893,-0.308246,0.22549,0.320352,0.216245,-0.350137,-0.052506,-0.096167,-0.381688,-0.124927,0.378694,-0.04709,0.049761,0.012406,0.146159,-0.186768,0.04809,0.064957,0.256219,0.021949,-0.352923,0.444431,0.16748,-0.051906,-0.013763,0.337156,-0.381419,0.108729,-0.077032,-0.077549,0.068648,0.066542,0.130283,0.070026,-0.179235,-0.229325,0.566575,0.072163,0.174036,0.490578,0.217321,0.066064,0.137116,0.501543,-0.373852,-0.31133,0.251012,#
14,0.132874,0.39764,-0.043468,-0.212305,0.498556,0.071574,0.53999,0.341599,0.319462,0.185102,-0.125634,-0.137644,0.329736,0.106786,1.0,-0.437209,0.107288,0.083947,-0.060392,0.044433,0.260189,0.175999,0.034877,0.211795,-0.338352,-0.042594,-0.021248,0.218965,0.138741,-0.048832,-0.375098,-0.066436,0.181954,-0.301126,-0.35934,0.164337,-0.192012,-0.306377,0.282342,-0.008249,-0.132579,0.305421,-0.570255,0.307748,-0.301121,0.090592,0.316717,0.168326,0.156083,0.382271,0.09353,-0.114934,0.013259,-0.186391,-0.072863,-0.155428,-0.276698,-0.032167,-0.187191,-0.004335,-0.05753,0.497997,-0.41183,0.2419,0.120111,0.306349,0.117872,0.045038,0.14884,-0.366225,-0.034745,-0.178814,-0.055119,-0.14982,-0.470696,0.164849,0.063074,-0.426206,-0.201661,-0.432774,-0.111086,-0.122026,-0.125152,-0.296613,-0.416354,0.185152,-0.159629,-0.08575,-0.394209,-0.19474,-0.185889,-0.224217,-0.288055,0.123004,-0.348882,-0.140344,0.02888,0.162424,0.083544,-0.443579,0.350659,-0.280578,-0.259905,0.010602,-0.256753,-0.344364,-0.387252,-0.155752,-0.354279,-0.257281,0.211075,-0.166485,-0.276551,-0.370223,-0.092637,-0.189284,-0.346361,-0.315181,-0.20515,-0.264372,-0.470949,-0.257534,-0.262778,-0.249419,0.242501,-0.253817,-0.333097,0.00063,-0.378192,-0.079411,-0.431075,-0.559167,-0.172395,0.020984,-0.074973,-0.185201,0.362336,-0.260659,-0.066444,-0.033713,-0.38784,-0.343808,-0.401728,0.068025,0.126185,-0.218425,-0.172283,0.29544,-0.220448,-0.34816,-0.195228,-0.008412,-0.164748,-0.087776,-0.227654,0.404288,0.607002,0.441947,-0.328075,0.03161,0.152842,0.124476,0.025627,0.009429,-0.0095,0.477662,-0.014561,-0.125672,-0.068922,-0.18422,0.222837,0.033801,-0.013044,-0.351453,0.36893,-0.11348,-0.155846,-0.151953,0.431899,-0.257503,0.010818,0.440186,0.487342,-0.049463,-0.046082,-0.074443,-0.173086,0.117262,-0.204759,0.2612,0.123004,0.571101,-0.015599,-0.117242,-0.129657,-0.155042,-0.10961,-0.217051,-0.258237,0.483421,#
15,-0.109641,-0.343105,-0.167229,-0.160194,-0.436663,0.17542,-0.296953,-0.048641,-0.30105,-0.273673,0.232961,-0.033437,-0.582909,0.106768,-0.437209,1.0,0.006644,-0.465215,0.078746,-0.200176,-0.242187,0.201093,-0.076985,0.097973,0.176121,-0.037914,-0.078016,0.216527,-0.038151,-0.306173,0.26084,-0.010325,-0.273392,0.479668,0.135575,0.43382,0.249644,0.244154,0.007532,0.011479,-0.245269,-0.525406,0.462062,0.231513,-0.012206,0.100123,-0.494062,-0.253306,-0.070154,0.075731,0.246539,0.317026,-0.092816,0.177968,-0.07925,0.381237,0.304101,-0.195692,0.226885,-0.108734,0.287052,-0.203589,0.339789,-0.169056,-0.175729,-0.388763,-0.307961,-0.149179,0.06159,0.17916,-0.071031,-0.113033,0.221837,0.035237,0.280349,-0.109707,0.051581,0.222329,0.088019,0.317015,-0.052452,0.164897,0.490454,0.172342,0.198734,-0.245377,0.327707,-0.291168,0.217363,0.013169,0.254558,0.082749,0.329563,-0.027892,0.282722,-0.07037,-0.306029,0.089848,-0.331462,-0.045914,-0.053366,0.24551,0.202719,0.095325,0.490454,0.04135,0.357869,-0.02178,0.19459,-0.032251,-0.426105,0.328143,0.223147,0.385764,-0.182424,0.124313,0.386156,0.126192,-0.00559,0.396634,0.257161,0.348132,0.129396,0.179119,-0.029144,-0.097829,0.429055,0.121611,0.177344,-0.161798,0.024362,0.403639,0.273338,0.094096,-0.145914,0.04477,-0.217957,-0.035086,-0.161073,-0.048572,-0.041127,0.068855,-0.011419,0.372292,0.096317,0.114946,0.037549,-0.534034,0.017593,-0.136982,0.132439,0.166186,-0.279917,0.176591,0.078672,-0.042259,-0.518576,-0.218381,0.014769,0.058339,0.112744,0.182388,-0.33523,-0.139376,-0.032385,-0.410142,0.077795,0.178486,0.01339,0.04282,-0.171527,0.106507,-0.094092,0.218569,-0.31922,-0.054225,0.10546,0.147377,-0.26912,0.220414,0.059459,-0.21182,0.008854,0.29356,-0.215766,0.136771,-0.393495,-0.210782,0.277235,-0.268906,-0.454472,-0.439025,-0.042245,0.158706,0.216923,0.292555,0.208375,0.280831,0.177122,-0.272075,#
16,0.242833,-0.028057,-0.222955,-0.076529,0.109541,-0.015284,-0.262614,-0.080909,-0.380259,-0.207044,0.078049,0.004608,-0.302415,-0.079991,0.107288,0.006644,1.0,-0.044108,-0.161876,-0.419381,-0.111282,-0.326729,-0.487429,-0.129093,-0.078212,-0.090359,-0.52179,0.14813,0.014866,-0.171665,0.033,-0.465608,0.097562,-0.207167,0.136082,0.322756,-0.210176,0.012274,-0.124432,0.237193,-0.324028,-0.376808,-0.115441,0.234491,-0.207164,0.237836,-0.333466,-0.629743,0.260123,0.026954,-0.026106,-0.099197,-0.133318,0.072369,0.13493,-0.154092,-0.21104,0.279782,0.083807,0.201217,-0.150322,-0.118027,-0.059769,-0.058226,0.333124,-0.031207,0.401085,0.084673,-0.30711,-0.458262,-0.691134,0.123446,0.064291,0.056593,0.050479,0.289928,0.319205,0.062661,0.107107,-0.066691,-0.450643,0.311117,-0.046007,0.147459,-0.041483,-0.35567,-0.410372,-0.298391,0.102442,-0.194179,-0.112827,-0.468266,0.299454,-0.698111,0.107107,-0.355864,-0.452905,-0.362884,-0.368004,0.114531,0.249822,-0.333299,-0.163486,-0.361911,-0.039054,0.152471,-0.136096,0.026837,-0.20462,0.240175,-0.543664,-0.114538,-0.123103,-0.039953,-0.489952,0.293741,-0.061889,-0.403204,-0.504296,0.397886,-0.151552,0.349818,-0.632112,0.454078,0.13687,-0.341236,-0.120613,-0.089792,-0.269219,-0.140438,-0.16139,0.241773,-0.107617,0.17127,-0.205318,-0.279871,0.185115,-0.274631,-0.586493,-0.196638,-0.38468,-0.019545,-0.136463,0.001478,0.152605,-0.381668,0.047545,-0.133213,-0.060921,-0.097026,0.097087,0.17484,-0.53857,-0.07029,-0.277379,-0.420402,-0.174458,-0.026869,-0.343258,-0.170278,-0.051339,-0.191152,-0.153319,-0.384341,-0.191194,-0.082847,-0.061889,-0.181224,0.220408,-0.28019,0.563885,-0.018904,-0.246818,-0.097959,-0.155156,-0.14926,-0.126193,0.090368,0.106134,0.235842,0.13301,0.14616,0.545141,0.166177,0.357759,-0.110021,-0.062572,0.166262,0.537428,0.078706,-0.495177,0.268787,0.195228,0.202139,-0.459368,0.481576,0.001163,-0.27345,-0.458562,0.314055,#
17,0.309642,0.555608,-0.159137,-0.010822,0.267421,0.046977,0.352784,0.100913,0.447739,0.301536,-0.233935,-0.061659,0.441699,0.156613,0.083947,-0.465215,-0.044108,1.0,0.392722,-0.0847,0.451095,-0.152297,0.265624,-0.100888,-0.086331,-0.077912,0.120452,-0.014868,0.335142,0.338965,-0.43188,-0.143785,0.259119,-0.242197,-0.01083,-0.461036,-0.215861,-0.204519,0.01319,-0.043094,-0.103038,0.294701,0.141999,-0.013355,0.045243,-0.360992,0.263779,0.141256,0.103346,-0.278992,0.275159,-0.066023,0.067246,-0.040227,0.245759,-0.357084,-0.067425,-0.061344,0.013784,0.151061,0.000777,0.229131,-0.347649,0.24502,0.237859,0.449607,0.141923,0.168343,0.173921,-0.020075,-0.084048,0.093052,-0.489165,-0.236802,-0.157862,0.440225,-0.389302,-0.079435,-0.114702,-0.469759,-0.122484,-0.371186,-0.500483,0.001505,-0.32957,0.253795,-0.300778,0.11259,-0.019334,-0.208783,-0.100962,-0.249504,-0.362147,0.094503,-0.298763,-0.101173,0.19313,-0.258098,-0.052451,-0.158981,-0.24221,-0.284137,-0.178753,-0.095021,-0.354971,-0.080006,-0.301192,-0.269901,-0.532455,-0.176366,0.293857,0.149996,-0.055345,-0.247672,-0.008461,-0.121426,-0.410106,-0.11717,-0.058081,-0.439211,-0.254954,-0.159711,-0.278985,-0.41873,-0.104787,0.327997,0.081984,-0.040013,-0.070462,-0.14104,-0.180196,-0.388166,-0.146724,-0.315722,-0.064507,-0.206959,0.214002,-0.31094,0.260123,-0.373818,-0.173531,0.033595,-0.157022,-0.274219,-0.134589,0.026447,-0.072965,0.598522,-0.038813,-0.194505,-0.154654,-0.200641,0.113046,-0.183291,-0.423537,-0.112053,0.377964,0.409908,-0.370658,-0.103141,-0.171359,-0.034197,0.135669,0.188169,-0.19447,0.617867,-0.050693,-0.151999,-0.04117,-0.030715,0.020387,0.077518,-0.076086,-0.010795,0.234628,-0.250588,-0.113644,0.109445,0.526389,-0.201489,-0.085979,0.117804,-0.051478,-0.252373,0.434618,-0.031595,0.618578,0.238141,-0.333758,0.465494,0.284417,0.262218,0.09748,0.167169,-0.144523,0.026398,-0.132495,-0.44927,-0.150469,-0.067357,#
18,0.394686,0.442399,-0.035662,0.083116,-0.002318,-0.110137,0.067827,-0.172614,0.151081,0.360003,-0.054811,-0.46359,0.001081,0.140931,-0.060392,0.078746,-0.161876,0.392722,1.0,-0.263426,0.457256,-0.219012,0.05531,0.127569,-0.091853,-0.255567,0.08397,0.080952,0.049605,0.428604,0.056159,-0.125029,0.01691,0.077337,-0.171424,-0.051617,0.011009,0.045401,0.037907,0.152689,-0.099109,-0.325716,0.155833,0.173378,-0.184471,-0.208448,0.071424,0.040644,0.085216,-0.220021,0.109118,0.108544,-0.11825,0.063454,0.244528,-0.115604,0.09922,-0.188188,-0.28429,-0.041318,0.00867,0.03058,-0.095916,0.072685,0.021615,0.158239,0.014246,-0.014917,-0.063302,-0.090986,-0.163171,-0.174717,-0.177669,-0.291532,0.089123,0.00766,-0.509167,-0.020532,0.12634,-0.195055,-0.228477,-0.110292,0.067228,0.47867,-0.233859,-0.01688,0.137076,0.030963,-0.133451,0.222052,0.184827,-0.155119,-0.270031,0.006201,-0.05472,-0.207381,-0.095652,-0.224663,0.051337,-0.07168,-0.149271,-0.210296,-0.113443,-0.065341,-0.128076,0.151092,-0.250776,0.037342,-0.305511,-0.04654,0.211235,0.181575,0.196244,-0.106726,-0.05623,-0.227201,-0.003502,-0.022251,0.398474,-0.484327,-0.199506,0.260593,-0.174968,-0.168275,-0.079967,0.068203,0.115605,-0.121916,-0.150244,-0.441353,0.123863,-0.336156,0.131364,0.215645,-0.303045,-0.136421,-0.071515,-0.223804,-0.050976,-0.0139,0.06413,-0.092951,-0.422633,0.220572,0.178736,-0.077457,0.021784,0.242568,0.164623,-0.261578,-0.137308,-0.096267,0.154288,0.049525,-0.134558,-0.109115,-0.009742,0.249907,-0.259589,-0.026358,-0.448764,0.164935,-0.046847,-0.086514,-0.25403,0.12751,-0.223177,-0.136293,0.062598,0.040073,-0.073139,-0.067861,-0.002308,0.11342,0.207192,-0.003284,0.070107,0.166019,0.257046,-0.416487,-0.008926,0.002425,-0.186074,-0.113884,0.226399,0.099808,0.133684,0.150149,-0.080179,0.432175,0.021923,0.133461,0.229715,0.472827,-0.032826,-0.027347,-0.091214,-0.366804,-0.208088,-0.236969,#
19,-0.33633,-0.218805,0.065223,-0.093732,0.068677,0.287423,0.316417,0.043943,0.404953,-0.275779,-0.269431,0.129185,0.267533,-0.023779,0.044433,-0.200176,-0.419381,-0.0847,-0.263426,1.0,-0.068765,0.27203,0.109713,-0.089658,0.268577,-0.348473,0.296209,-0.226957,-0.163312,-0.155616,-0.269408,0.324798,0.004791,-0.012621,-0.336064,-0.122783,0.011121,0.066011,0.165894,0.190378,0.454604,0.386177,-0.126948,-0.392436,0.250566,0.05209,0.374386,0.605845,0.081416,0.098492,0.021452,-0.276568,0.110451,0.094093,-0.239207,0.295645,0.276771,-0.117165,0.39804,-0.091558,-0.050846,-0.035805,0.122436,0.178836,-0.026614,0.273031,0.034889,0.134446,0.328668,0.160413,0.506344,-0.065703,-0.016,0.266506,-0.067531,-0.255054,0.308943,0.230999,0.102442,0.020804,0.497965,-0.005169,0.000527,-0.512887,0.301257,0.132247,0.148684,0.118793,0.186102,0.01946,-0.052585,0.45869,-0.005716,0.479669,0.102442,0.291635,0.354771,0.318251,0.196959,0.169667,0.015718,0.600928,0.234918,0.313294,0.299573,-0.112413,0.202511,-0.175968,0.36069,-0.156136,0.530779,-0.152562,0.038566,0.060282,0.352556,-0.102772,-0.105329,0.336854,0.079574,0.082464,0.131671,-0.229107,0.327512,-0.329096,0.11588,0.418164,-0.084563,0.070702,0.300119,0.53673,-0.142711,0.032622,-0.090935,-0.190487,0.390337,-0.09878,-0.219634,0.292399,0.099629,0.145006,0.375034,-0.029449,0.025003,-0.098506,-0.284473,0.03816,-0.465637,0.017097,0.278171,-0.254147,0.095203,0.004477,0.296681,0.173348,0.269271,0.484179,0.181372,-0.15476,0.40841,-0.076549,0.328481,-0.149131,0.29406,0.420278,0.384445,0.082236,0.439425,0.246126,-0.51193,-0.002984,-0.432689,-0.133409,0.210582,0.068999,-0.084498,0.231,0.291739,-0.323248,0.036432,0.008993,-0.102692,0.035969,-0.028417,-0.091251,-0.438343,-0.040802,0.254976,-0.114638,-0.516417,-0.355182,0.292807,-0.287998,0.017693,-0.357007,0.190048,-0.46991,-0.110268,0.464096,0.295297,-0.034493,#
20,-0.054231,0.260442,-0.17155,0.179694,0.034172,-0.270867,0.259596,0.01585,0.292531,-0.012589,-0.14817,-0.449912,0.298568,-0.100867,0.260189,-0.242187,-0.111282,0.451095,0.457256,-0.068765,1.0,-0.179147,-0.071231,0.053668,0.08641,-0.171697,-0.266311,-0.073557,0.254363,0.282811,-0.056356,-0.369391,0.086592,0.078137,-0.207136,-0.092276,0.035683,-0.233034,0.298824,0.210678,-0.113692,-0.097679,-0.129843,-0.048059,0.090498,0.201177,0.298312,0.035125,-0.024954,-0.179531,0.02849,0.034273,-0.389503,0.302707,0.049526,0.007218,0.112966,-0.152819,-0.081864,-0.052966,0.083193,0.320724,-0.178978,-0.022335,-0.194995,0.118953,0.008284,0.056326,0.287166,-0.356852,-0.255091,0.203758,-0.226847,-0.018786,0.131565,0.089181,-0.134427,-0.048658,-0.147539,-0.369538,0.036039,-0.311024,0.03304,-0.22283,-0.225275,-0.079156,0.031264,0.240721,-0.213222,0.083003,0.134759,0.019519,-0.101117,0.236505,-0.367086,-0.071703,0.334641,-0.214579,0.106895,0.038117,0.040592,-0.193494,-0.063375,0.002623,-0.108485,-0.16439,-0.300212,0.200166,-0.242022,-0.397387,0.186564,-0.125394,-0.016513,-0.096036,0.045667,0.086956,-0.094026,0.031284,0.05987,-0.212226,-0.1916,0.253112,-0.013868,-0.419937,0.201246,0.054673,0.059212,0.00481,-0.104249,-0.028466,0.079336,-0.421156,0.179369,-0.076359,-0.006894,0.050739,-0.180521,0.039065,-0.031317,0.308365,-0.065409,0.006167,-0.019846,0.079365,0.382301,-0.275213,0.013501,0.399265,0.230158,-0.213183,-0.229794,0.127056,0.247098,-0.124505,-0.024265,0.112671,0.344274,0.194518,-0.081846,-0.16572,-0.009118,0.188109,0.028183,0.000176,-0.127208,0.508417,-0.121282,-0.366675,-0.268144,0.131277,-0.119119,0.183102,0.015888,-0.075649,0.08378,-0.197907,-0.040029,0.206138,0.363701,-0.059286,-0.011813,0.362348,0.123113,-0.088637,0.225719,0.134974,0.364362,0.240557,-0.147084,0.128321,0.157075,0.423153,-0.099041,0.062596,-0.338842,0.04452,-0.221347,-0.134779,-0.00846,0.061447,#
