0,1.0,0.251527,-0.005544,-0.446331,0.151323,0.027982,0.367685,-0.251558,0.096544,0.188575,0.266191,-0.448488,0.453144,0.266368,-0.036541,0.110007,-0.25478,-0.122411,0.507317,0.01782,-0.054688,0.097476,0.299232,-0.193693,-0.033264,-0.182236,-0.276622,0.025801,0.339728,0.1517,-0.374016,0.011613,0.106826,-0.386177,0.307364,0.27093,0.124601,0.013955,-0.154085,0.249463,-0.168461,0.151201,0.079166,-0.177174,0.060008,-0.246496,0.430953,0.264547,-0.130331,0.046039,0.406053,-0.241617,0.075732,-0.205867,-0.048011,0.131273,0.089073,0.044823,0.003802,0.197855,0.421649,-0.098288,-0.076116,0.313314,-0.169828,0.090115,-0.292758,0.031519,-0.123073,0.063125,0.178363,0.22672,0.095561,-0.447336,-0.238129,0.268038,-0.509489,-0.157319,-0.093613,0.021869,0.228856,-0.039991,-0.366317,-0.438251,-0.121779,0.064688,-0.28896,-0.09828,-0.198759,-0.183643,-0.399865,-0.145496,-0.051162,-0.250345,-0.153834,-0.300243,-0.280987,-0.429137,-0.167677,-0.315044,0.204303,-0.240533,-0.081224,-0.362422,-0.172344,-0.173884,-0.164686,0.073844,-0.18336,-0.087521,0.046835,0.016421,-0.429668,-0.308031,0.037881,0.034343,-0.073936,-0.078629,-0.022437,-0.192144,-0.098904,-0.260966,-0.101429,-0.06718,-0.284862,0.067936,0.254623,0.15186,-0.05638,-0.238158,-0.193821,-0.38243,-0.159391,0.25884,0.046658,-0.288277,-0.107153,0.048936,0.406728,0.136324,-0.319023,0.207804,0.01202,-0.401533,-0.33547,0.175746,-0.260851,0.108618,-0.248222,-0.153042,-0.222254,-0.069592,-0.325766,-0.091711,0.140821,-0.195164,0.166558,0.100798,-0.376499,-0.014492,0.069218,-0.086416,-0.260966,0.0523,0.367982,0.207688,0.253789,0.146747,-0.299968,-0.221962,0.017974,-0.062125,-0.038112,0.005925,0.002333,-0.083536,-0.207014,-0.320147,0.115185,-0.556393,0.186067,0.139244,0.031056,0.279055,0.134622,-0.101597,0.304733,0.006573,0.142326,0.298927,-0.228266,0.068384,0.510224,0.073758,0.045906,0.332726,0.044593,0.16842,0.010217,0.060618,#
1,0.251527,1.0,-0.013799,0.116237,-0.015634,-0.14932,0.319234,-0.106427,-0.077343,0.222185,0.141232,-0.14932,-0.009574,0.03337,-0.056434,-0.080312,0.149033,0.022653,0.226011,-0.161299,0.343283,0.143054,0.141198,-0.561361,-0.029653,-0.338123,-0.303823,-0.054691,0.046985,-0.005579,-0.051119,-0.160096,0.083984,-0.049123,0.174469,0.294297,-0.174299,-0.347466,0.05773,0.106901,0.061219,0.198681,-0.083129,0.3029,0.022148,0.126763,0.002599,-0.047651,0.210294,0.253464,0.002891,0.026219,0.215902,0.224359,0.208925,-0.06455,0.121571,-0.075445,-0.145181,-0.129264,0.083764,-0.165359,0.172113,0.140918,0.084641,0.289785,-0.332363,0.274061,0.010186,0.033032,0.065624,-0.094762,-0.174798,-0.353189,-0.19069,0.010485,-0.104629,0.047935,0.202416,-0.15347,0.019704,-0.107028,-0.118551,-0.098177,-0.150686,0.003302,-0.080379,-0.019751,-0.114897,-0.110275,-0.405634,-0.090792,-0.304025,0.043403,-0.070112,-0.158617,-0.04196,-0.057427,-0.01185,0.04655,0.141521,0.152108,0.13764,-0.032535,-0.243637,-0.257548,0.16134,-0.089036,-0.24159,-0.020058,0.187522,-0.231648,-0.129508,-0.020903,-0.158176,-0.160008,0.084186,-0.185748,-0.164769,-0.20153,-0.169154,-0.217349,-0.398982,-0.130391,0.031191,-0.338911,0.085782,-0.187626,-0.188274,-0.19518,0.165795,-0.323351,-0.161733,-0.00328,-0.228421,-0.345872,0.056601,0.228563,0.219326,-0.219454,0.045434,-0.267841,0.164301,-0.014112,-0.037553,-0.202659,-0.588868,0.268073,0.089382,-0.050416,0.095092,-0.20849,-0.141371,-0.304179,-0.128869,-0.14029,-0.020805,0.143349,-0.01185,0.317774,-0.001179,-0.078565,-0.217349,-0.053343,-0.220245,0.30052,0.285422,0.032391,-0.187114,-0.39345,0.248172,0.200762,-0.250533,-0.152085,0.2957,-0.395064,-0.134262,-0.052118,0.052674,-0.230803,0.016898,0.074946,0.316469,0.195609,0.26183,-0.348581,0.02134,-0.155097,-0.018294,0.213694,-0.034111,0.285288,-0.07236,-0.031099,-0.048726,-0.039372,0.224842,-0.215916,-0.42134,0.112855,#
2,-0.005544,-0.013799,1.0,-0.381354,0.182452,-0.17085,0.160714,-0.101818,0.117861,0.025707,0.277847,-0.020931,0.169507,0.111379,-0.291363,-0.06177,0.072399,0.055635,0.154914,0.165422,0.032314,-0.008544,-0.104966,-0.002032,-0.271414,0.221816,0.173733,-0.172072,0.054243,-0.360057,-0.106469,0.410878,-0.078314,0.119077,-0.096207,0.143642,-0.099912,0.381431,-0.10575,-0.23071,0.34678,-0.065941,-0.032386,-0.207399,-0.035453,-0.37447,-0.185814,-0.109973,-0.243237,-0.028432,-0.018672,-0.251957,0.159424,-0.33222,-0.209452,-0.078583,-0.096871,-0.162215,0.155856,-0.140736,0.079985,-0.386869,-0.084435,-0.240414,0.389857,0.24399,0.096956,0.149824,0.189326,0.07009,-0.075058,0.152168,-0.430403,-0.043952,-0.041025,-0.193402,0.02677,0.038244,-0.062642,-0.0386,0.081342,0.038235,0.205923,-0.000832,-0.051628,0.25756,0.267795,-0.081563,0.019492,0.217063,-0.118331,0.165509,0.191023,0.070518,0.152537,-0.039036,0.146869,-0.317212,0.1757,0.108083,-0.200287,-0.100217,0.108086,0.176865,0.360554,-0.049468,0.07126,-0.219174,0.181803,-0.083799,-0.214682,-0.33329,-0.084424,0.132105,0.272621,-0.209073,0.017789,0.423478,-0.257605,-0.27876,-0.074687,0.268358,0.085973,-0.256724,-0.116759,0.081837,0.364156,-0.085078,0.246297,-0.120639,0.180935,-0.141621,-0.006731,-0.063973,0.351957,0.09633,0.322523,0.405577,-0.301549,0.189464,0.127289,0.29412,0.197473,0.029978,-0.111808,-0.253745,-0.041367,0.083887,-0.092993,0.101584,0.074024,0.273515,0.041378,0.088975,0.168612,-0.187058,-0.00263,0.054495,0.167788,-0.004701,0.271011,-0.112267,0.257006,0.226938,-0.122682,-0.216707,0.105633,0.013765,0.12922,0.191675,-0.10822,-0.13132,-0.129655,-0.004274,-0.315495,0.077206,0.026968,0.010038,0.054604,-0.288804,0.01744,0.053318,0.004865,-0.057399,-0.250231,0.055118,0.111363,0.158622,-0.103681,-0.425073,0.109589,-0.220299,-0.263724,0.230294,-0.015542,-0.185304,-0.135423,0.064813,0.0813,-0.101314,#
3,-0.446331,0.116237,-0.381354,1.0,-0.372577,-0.122195,-0.133307,0.214697,-0.379121,-0.235608,-0.024314,0.049808,-0.308539,-0.344415,0.126083,-0.050677,0.329639,0.227642,-0.1522,-0.297986,0.126083,-0.122306,-0.386796,0.083802,0.249534,0.235445,-0.138212,0.006411,-0.238497,-0.123962,0.339311,-0.40724,0.015507,-0.011453,-0.215589,-0.016474,-0.124647,-0.216477,0.260183,0.190049,-0.172526,-0.319714,-0.094666,0.183753,0.152991,0.339961,-0.268482,-0.215395,0.383869,0.109421,-0.141826,0.454858,-0.048506,0.374026,0.306872,-0.144156,0.354725,0.093309,-0.208594,-0.239436,-0.489889,0.3314,0.447481,-0.080788,-0.151219,-0.1361,-0.028529,0.068471,-0.248926,-0.003078,-0.011828,-0.058929,0.148637,0.201492,0.023875,-0.082874,0.43447,-0.068675,0.029128,0.049773,0.03823,0.115062,0.267716,0.178889,0.033618,-0.299468,0.039002,0.34711,0.115062,0.110975,0.126734,-0.084036,-0.040394,-0.218987,0.113206,0.039818,0.226808,0.203323,0.102476,0.367564,0.097113,0.301956,0.183474,0.276555,-0.278767,0.062309,0.244109,0.157336,-0.107044,-0.000352,-0.161909,0.274551,0.363334,0.211656,0.033618,0.218178,0.069658,0.013017,-0.089343,0.281094,0.150456,0.28573,0.013621,0.12757,0.286228,0.019503,-0.511218,-0.146848,-0.18199,0.130668,-0.197327,0.438947,0.101367,-0.175076,-0.0849,0.207221,-0.012807,-0.238908,-0.254423,-0.049477,0.048231,-0.134856,0.19073,0.224278,0.431309,0.019251,-0.024391,0.138285,0.357107,-0.013567,0.359432,-0.208164,0.099356,-0.024562,0.112792,0.057235,-0.392889,-0.056091,0.305074,0.07322,0.006057,0.159441,-0.306746,-0.229167,-0.073038,-0.298761,-0.031064,0.118355,0.161051,-0.026128,0.100351,0.454417,0.29277,0.277719,0.217212,0.024205,-0.11635,0.043257,-0.385908,0.48775,-0.449383,0.10246,0.220549,-0.196563,-0.048314,-0.126326,-0.2977,-0.220636,0.117224,0.123056,0.003236,-0.032078,-0.195323,-0.245447,0.073203,-0.076736,0.193097,-0.221595,-0.456727,-0.024245,#
4,0.151323,-0.015634,0.182452,-0.372577,1.0,0.141371,-0.189522,-0.198663,0.10538,0.019365,0.430458,-0.188147,-0.026761,-0.318805,-0.150364,0.264658,0.261229,0.028034,-0.029533,0.113287,-0.305248,-0.247935,0.208256,-0.168264,0.069816,-0.000278,-0.180113,0.042005,0.008265,-0.148402,-0.304764,0.038742,0.090525,-0.053219,0.044258,0.126991,-0.082609,0.025997,-0.106898,0.184301,-0.170875,-0.352917,-0.017163,0.187461,-0.245617,0.119986,-0.124093,-0.055052,-0.008416,0.373243,0.101087,-0.065521,0.179244,0.306591,0.069689,0.239692,-0.353775,0.175218,0.171195,0.261071,-0.085265,-0.165821,0.015916,-0.121202,-0.453705,-0.227141,0.592196,-0.153713,-0.265656,-0.202375,0.004991,0.074004,0.122414,0.12667,0.111321,-0.016714,0.034644,0.009008,0.098602,-0.041911,-0.070183,0.354311,0.045888,0.144807,0.283231,0.108505,0.114539,-0.066719,0.024746,0.054346,0.212498,0.521296,0.195509,0.297301,0.163447,0.123554,0.174889,0.070178,-0.218321,-0.054117,-0.01741,0.08317,0.124898,0.02694,0.371032,-0.026499,-0.109403,0.253311,-0.01545,0.230255,-0.062144,-0.044682,-0.089536,-0.014419,-0.184444,0.274675,0.033492,0.276257,-0.394763,-0.127908,-0.267403,0.254731,-0.22106,-0.098774,-0.010074,0.082641,0.047677,0.214528,0.140205,-0.104167,0.352653,-0.285906,0.188066,0.014715,0.171547,-0.033639,0.12452,0.172483,-0.265229,0.343986,-0.022239,-0.036789,-0.310269,0.260006,-0.135931,-0.080203,-0.052884,-0.200348,0.082592,-0.055308,0.088298,0.063625,-0.161004,0.080629,-0.021596,0.011015,-0.036796,-0.023313,-0.427028,0.203092,-0.19613,-0.259787,-0.033166,0.347964,0.148032,0.125905,0.112722,0.03115,-0.070518,0.23696,0.017873,-0.203561,0.222395,0.003657,-0.34859,0.266948,-0.00179,-0.179913,0.053738,-0.101863,-0.026119,0.207069,0.025154,-0.09748,0.059638,0.071605,0.452955,0.352358,0.174203,-0.250333,0.272305,-0.06609,0.070761,-0.034305,-0.126562,0.126375,-0.017366,0.305114,0.135494,-0.248648,#
5,0.027982,-0.14932,-0.17085,-0.122195,0.141371,1.0,0.212073,0.231414,0.094476,-0.313352,-0.081079,0.201998,-0.146153,-0.227456,-0.171396,-0.089259,0.256704,-0.055705,-0.163573,-0.170118,-0.016693,-0.320651,-0.017944,-0.232925,-0.220217,0.163359,-0.007273,0.041923,0.013039,0.156318,-0.506313,-0.073665,-0.073673,-0.163378,0.1382,0.071897,0.129248,-0.333513,0.08323,0.233133,-0.358405,0.085258,-0.319669,-0.239474,-0.1177,0.159439,0.137428,-0.315545,-0.073184,0.252224,0.073233,0.18772,-0.101436,0.184541,-0.006011,0.199792,-0.153414,0.559995,-0.356504,-0.135462,-0.080086,0.152095,0.213887,0.124765,-0.192189,-0.120177,-0.051602,-0.070006,-0.046313,-0.521241,0.16071,-0.363234,0.064772,0.024842,-0.110761,0.236568,-0.210773,0.139923,-0.256989,-0.139449,-0.425577,-0.207736,0.102652,0.181112,-0.136878,-0.412669,-0.289172,-0.115232,-0.207736,-0.057673,-0.065359,-0.157081,-0.204678,-0.068416,-0.175702,0.028992,-0.015523,-0.265074,-0.391375,-0.331182,0.198485,-0.094977,0.200351,-0.19975,-0.346925,-0.333771,0.276343,0.267775,-0.335873,0.084262,0.211887,0.313786,-0.259546,-0.337969,-0.287507,-0.154554,0.1434,0.229921,-0.019567,-0.005466,-0.132104,-0.261335,0.054526,0.095416,-0.156609,-0.082544,-0.029447,-0.086659,-0.46083,0.098122,-0.01126,-0.219871,-0.0192,0.123237,-0.365494,-0.136878,0.266734,0.277148,0.256642,-0.018539,-0.14884,0.185621,-0.037593,0.174268,-0.04769,-0.254382,0.325472,-0.122349,-0.102173,-0.162297,-0.10155,-0.295372,0.166559,0.080937,0.141797,-0.032439,-0.038637,-0.212071,-0.599838,-0.199907,-0.417812,-0.262412,0.037728,-0.212983,-0.139309,-0.099421,-0.304319,-0.213079,-0.118075,-0.221087,0.175047,-0.213398,-0.073249,-0.352989,-0.019549,-0.103367,0.164848,0.031396,-0.033308,0.085536,0.19461,-0.209886,0.213846,0.121839,0.444845,-0.255126,0.017657,-0.013733,-0.026589,0.250976,0.102193,0.263789,0.314127,-0.173023,-0.220102,0.146761,0.023846,0.142982,-0.151027,-0.271599,#
6,0.367685,0.319234,0.160714,-0.133307,-0.189522,0.212073,1.0,-0.144684,0.160105,0.082385,-0.014578,-0.103105,0.323869,0.240675,-0.194002,0.31894,0.159797,0.47712,0.226897,0.209818,-0.213215,-0.080675,0.273648,-0.264396,-0.178256,0.084877,0.149316,-0.111603,0.625485,0.076445,-0.355391,-0.096832,-0.141755,-0.231692,0.292504,0.360645,0.222438,-0.181283,0.132234,0.199671,0.261162,0.25382,-0.022773,-0.130433,0.157817,-0.260158,0.22712,-0.109097,-0.274766,0.124181,0.199794,-0.266787,0.031128,-0.01479,0.297886,-0.131939,0.184866,-0.072859,-0.050934,-0.187995,0.356005,0.098334,-0.036529,0.456378,0.292856,0.092877,-0.33076,0.220125,0.06604,-0.206456,0.269709,-0.004023,-0.201341,-0.75749,-0.464935,0.303317,-0.509913,-0.22766,-0.297179,-0.272996,-0.284991,-0.343749,-0.367844,0.009664,-0.591475,-0.133725,-0.28073,-0.483406,-0.671329,-0.367856,-0.848921,-0.416638,-0.67885,-0.45004,-0.421638,-0.591475,-0.345007,-0.562694,-0.320748,-0.231606,-0.069404,-0.18699,-0.278609,-0.206161,-0.281817,-0.61695,0.257589,-0.006113,-0.104162,-0.220284,0.008189,-0.020604,-0.328164,-0.439413,-0.126619,-0.61318,0.029726,-0.126476,0.133366,-0.309009,-0.393666,-0.306765,-0.311586,-0.264807,-0.258089,-0.316136,0.130908,0.254926,-0.347137,-0.195609,-0.189796,-0.529424,-0.396144,0.161266,-0.272959,-0.435583,0.169135,0.206681,0.283274,-0.356142,-0.28238,0.191754,0.020466,-0.477711,-0.376796,-0.108889,-0.306629,0.652084,-0.492189,-0.45386,-0.491841,-0.435061,-0.160033,-0.22133,-0.105717,-0.301884,0.103966,0.310742,-0.320748,-0.297579,0.199945,-0.379533,-0.009157,-0.340628,-0.186106,0.196527,-0.006747,-0.074652,-0.584594,-0.358524,0.270698,-0.019821,-0.343132,-0.384358,0.051714,-0.627027,-0.283167,0.37895,0.123891,-0.604491,0.523069,-0.184147,0.120512,0.623475,0.283993,-0.666248,0.165946,-0.046116,-0.188184,0.133498,-0.353582,0.179168,0.212825,0.173255,-0.2147,0.013692,0.190138,-0.223312,-0.112036,0.300026,#
7,-0.251558,-0.106427,-0.101818,0.214697,-0.198663,0.231414,-0.144684,1.0,-0.234675,-0.197834,-0.347945,-0.178447,-0.12665,-0.174243,0.19732,-0.302935,0.186316,-0.139027,0.181014,-0.282902,0.196088,0.227261,-0.230843,0.024597,0.048054,0.15084,-0.130984,-0.258762,-0.171395,0.109292,-0.187212,-0.126583,-0.168228,0.128872,-0.091312,-0.307172,-0.108714,-0.154627,0.189423,0.060284,0.144484,-0.094493,-0.056498,-0.233956,0.112745,0.115567,-0.108585,-0.16079,-0.21701,-0.146951,-0.192396,-0.066315,0.017721,-0.224968,-0.076503,0.128636,0.502505,-0.064036,-0.16805,-0.034131,-0.148716,0.019592,-0.090702,-0.12695,-0.157356,-0.055379,0.092077,-0.09128,-0.162373,-0.127929,0.004141,-0.100676,-0.331192,0.21512,-0.104245,-0.033899,0.237411,0.250315,-0.211912,0.139428,-0.181409,-0.246338,0.161085,-0.20181,0.140703,-0.178494,0.169677,0.175042,0.147816,0.236791,0.118279,-0.165941,0.162999,-0.117595,0.320594,0.140703,-0.127942,0.329119,-0.159217,0.146508,-0.16626,0.186556,0.276277,-0.14223,-0.130322,0.078493,-0.146078,0.086419,-0.332793,0.143986,0.234852,0.029793,0.251023,0.205926,0.215733,0.13857,0.150356,-0.089849,0.223438,0.200981,0.148571,0.05844,0.314165,0.22577,-0.059365,-0.173516,-0.236285,-0.111408,-0.141047,0.132479,-0.18229,0.221954,0.266414,-0.152056,-0.094905,0.21485,0.165938,0.128892,-0.034326,-0.201404,-0.199719,-0.153626,-0.233427,0.377117,-0.221507,-0.135742,0.059233,-0.075158,0.267662,0.128847,-0.159249,-0.095129,0.108712,-0.207279,-0.065718,-0.407584,-0.14584,-0.002531,-0.159217,0.082768,-0.112041,0.185476,0.087088,-0.10007,-0.131968,-0.274631,-0.420966,-0.086567,0.129566,0.224998,-0.103163,-0.226345,0.107818,-0.178263,0.118988,-0.183352,0.05028,0.173797,0.143706,0.213399,-0.207244,-0.256955,0.169516,0.209605,-0.195391,-0.16703,-0.274126,-0.163718,-0.196771,0.080373,-0.115211,0.0558,-0.180584,-0.144872,0.234847,-0.210516,-0.238463,-0.099218,-0.225684,0.135888,#
8,0.096544,-0.077343,0.117861,-0.379121,0.10538,0.094476,0.160105,-0.234675,1.0,0.395027,-0.095701,0.432038,-0.058005,0.142061,0.108522,-0.091996,-0.470149,0.215589,-0.019116,0.259829,-0.069954,-0.171976,0.28689,-0.017207,-0.178648,-0.02667,0.212018,0.198501,0.177918,0.09961,-0.415116,0.209091,0.299307,-0.0793,0.25843,0.019951,0.268544,0.158182,0.031518,-0.13996,0.135671,0.214068,-0.134565,-0.247273,0.004984,-0.067323,0.208191,0.368771,0.059785,-0.055444,-0.125766,-0.070943,0.217821,0.151931,0.217908,0.222519,-0.517278,0.054389,-0.206687,0.131967,0.12557,-0.260887,-0.16463,0.290497,0.163005,0.133269,-0.063975,0.278638,0.365211,-0.182177,0.041291,0.171236,0.207366,0.083117,-0.136155,0.124584,-0.147638,-0.01475,-0.13356,0.087714,-0.14355,-0.320775,-0.300175,0.000579,-0.267197,0.212151,-0.535154,-0.490249,0.03034,-0.481699,-0.034711,-0.12364,-0.152579,-0.147683,-0.151265,0.100256,-0.230101,-0.209721,-0.284004,-0.188707,-0.333252,0.079527,-0.184742,-0.078494,0.139411,-0.343395,-0.056137,-0.094924,0.026613,0.139801,0.070471,-0.202191,-0.264741,-0.163129,0.076817,-0.291317,0.174987,0.060062,-0.116564,-0.205702,0.008004,-0.202191,0.223969,-0.165393,-0.325731,0.1252,0.385182,0.031232,-0.037817,0.146733,0.26724,-0.142781,-0.556335,-0.086024,-0.076514,0.076817,-0.181347,0.408923,0.214803,0.088692,-0.087601,0.319138,-0.134261,-0.223564,-0.07276,-0.501136,-0.202101,-0.085366,-0.256711,-0.078252,-0.064657,0.316907,-0.252396,-0.129966,0.273776,-0.038311,0.29805,0.388694,-0.284004,-0.243543,-0.132587,0.062376,-0.202191,0.243817,-0.232584,-0.165805,0.027585,-0.214489,-0.182679,-0.047585,-0.006134,-0.105227,-0.153713,-0.201775,0.166267,0.039563,0.159887,0.052863,0.400051,-0.104202,0.469411,0.215629,-0.401568,0.147371,0.22743,0.118487,0.440992,0.173658,-0.25886,-0.191802,0.001477,0.012449,0.018435,0.275562,-0.195976,0.165728,-0.239327,-0.380693,0.313813,-0.104652,#
9,0.188575,0.222185,0.025707,-0.235608,0.019365,-0.313352,0.082385,-0.197834,0.395027,1.0,-0.184085,-0.13901,0.236089,0.499066,-0.000787,-0.065552,-0.40596,0.32998,0.076648,0.312736,-0.008916,-0.001144,0.308087,-0.04015,0.062241,-0.24223,-0.307412,0.046433,0.117876,0.396589,-0.061013,-0.09873,0.219284,-0.167178,0.189333,0.054185,0.204042,-0.028212,0.197897,-0.269925,0.413543,0.168985,-0.117606,-0.097004,0.001856,-0.248985,0.052695,0.3903,0.079493,0.065971,-0.095656,-0.342469,0.347313,-0.01671,0.367092,0.130753,-0.312346,-0.456747,-0.239806,0.195441,0.355855,-0.054744,-0.479214,0.011381,0.041364,-0.012917,0.119187,0.088962,-0.010557,0.060721,-0.100973,0.279585,-0.131141,0.029142,-0.259186,-0.194113,-0.117945,-0.370547,0.206462,0.366791,-0.070602,-0.296202,-0.236264,0.100232,-0.359331,0.20647,-0.230211,-0.284366,-0.081595,-0.282075,-0.042295,0.064132,-0.260884,-0.100924,-0.274127,0.370595,-0.520954,-0.053156,0.030201,-0.141227,-0.460286,-0.02634,-0.174076,0.001878,0.012586,-0.301501,-0.001899,-0.56598,0.202218,-0.23483,0.460031,-0.0853,-0.18944,-0.144055,-0.184734,-0.341465,0.307469,-0.03738,0.343801,-0.135282,-0.33673,-0.0853,-0.044961,0.003195,-0.196981,0.43483,0.428313,-0.095391,-0.144515,-0.208784,0.174094,0.082719,-0.559555,0.180065,-0.138708,-0.319155,-0.195936,0.126246,0.125336,-0.126606,0.151327,-0.352287,-0.104131,-0.448239,-0.27955,-0.274096,-0.38977,0.086054,-0.150738,-0.35245,-0.272133,0.399944,-0.217828,-0.744722,0.136142,-0.250677,0.665286,0.408266,0.030201,-0.267935,-0.318551,0.176021,-0.146228,0.092978,-0.065353,0.23266,0.251818,-0.21244,0.046444,-0.259959,-0.078803,0.078613,-0.032581,-0.350737,0.451768,-0.227024,0.122559,-0.011712,0.557638,-0.250153,0.459342,0.415699,-0.497239,-0.129633,0.039431,0.099697,0.34177,0.151513,-0.467245,0.096368,-0.385408,-0.35484,-0.022987,0.198096,-0.116671,0.08194,0.101121,-0.06267,0.471685,0.466086,#
10,0.266191,0.141232,0.277847,-0.024314,0.430458,-0.081079,-0.014578,-0.347945,-0.095701,-0.184085,1.0,-0.094325,0.127662,-0.06385,-0.281247,0.082813,0.098314,0.127481,0.032707,0.067866,-0.109587,-0.354286,-0.079767,-0.047991,0.129067,0.336136,-0.073912,0.061774,0.15051,-0.342606,-0.039178,-0.052497,-0.07543,-0.299284,-0.247454,0.425329,-0.265989,0.341165,-0.15527,0.301745,-0.422375,-0.494357,-0.134882,-0.091586,-0.182601,0.224725,-0.205156,-0.023492,0.204887,0.349663,0.395993,-0.146975,0.198169,0.154238,-0.089509,-0.066386,0.00737,0.249403,0.153981,-0.31214,-0.262377,-0.230417,0.107317,-0.05802,-0.137161,0.183567,0.251479,0.067774,-0.195052,-0.144758,0.050429,0.048058,0.025429,-0.08618,0.049817,-0.045428,-0.140955,-0.034851,0.043584,-0.087601,0.043584,0.196574,0.01407,0.152185,0.077217,0.04027,-0.025697,0.204293,0.020968,0.197091,-0.044315,0.240932,0.02417,0.067423,0.034843,-0.092948,0.220758,-0.209337,0.136509,0.031381,0.042465,-0.282184,-0.008728,-0.071706,0.139919,0.016221,0.102972,0.251862,0.019949,0.465627,-0.333622,-0.202247,-0.264409,-0.149134,-0.083494,0.267184,-0.425257,0.212965,-0.649157,0.02145,-0.180783,0.423638,-0.302299,-0.464716,-0.246606,0.111096,-0.143018,0.023339,-0.04595,-0.210954,0.088979,-0.31245,0.153359,-0.451954,0.339723,-0.083494,0.430501,-0.063208,-0.363953,0.266165,-0.251809,0.148473,0.222261,0.199623,0.254472,-0.078905,-0.202157,0.06791,0.11103,-0.059861,0.472527,0.063065,-0.252465,0.070496,0.027564,-0.041343,-0.409149,-0.094031,-0.085905,0.15116,-0.115493,-0.280817,-0.202247,0.113827,0.293317,-0.183909,0.008627,-0.173666,0.012161,0.147802,0.000958,0.057254,0.101024,0.166328,-0.422104,0.380794,-0.053874,-0.153987,-0.3098,-0.032307,-0.245552,0.220412,0.17492,-0.192116,0.216702,0.076308,0.164583,0.341278,0.433604,0.166875,0.379073,0.01996,0.186529,-0.116179,-0.105361,-0.173001,-0.067759,0.071868,-0.190433,-0.470273,#
11,-0.448488,-0.14932,-0.020931,0.049808,-0.188147,0.201998,-0.103105,-0.178447,0.432038,-0.13901,-0.094325,1.0,-0.161616,-0.046723,-0.171396,-0.089259,-0.256724,0.117778,-0.271064,-0.137977,-0.004317,-0.292314,-0.017944,0.135033,-0.068675,-0.024448,0.253654,0.361878,0.000172,0.171079,0.056359,0.02516,-0.073673,0.059966,-0.02004,0.071897,0.068019,-0.036782,0.05829,-0.180901,-0.217878,0.043343,0.014413,-0.117387,-0.315424,0.340681,-0.179037,0.045918,0.234721,0.046877,-0.415828,0.370067,-0.179636,0.20729,-0.007713,-0.076035,-0.399531,0.20877,-0.194063,-0.228901,-0.223294,-0.331566,0.168219,0.124765,0.277959,0.410211,-0.239108,0.345609,0.58409,-0.081926,-0.032357,-0.255823,0.07188,0.192357,0.227519,0.053922,0.11937,0.315361,-0.247983,-0.130498,-0.247983,-0.198943,0.111601,0.198963,-0.128017,-0.244695,-0.120238,-0.266853,0.123907,-0.055201,0.111959,-0.154347,-0.195846,0.161282,0.011374,0.037852,0.163788,0.12596,-0.160641,0.058554,0.029402,-0.078778,-0.120874,0.149905,-0.137918,0.015218,-0.028394,-0.086443,0.017565,0.283305,0.077795,-0.261335,-0.079211,-0.151183,-0.128017,-0.145571,0.013137,0.070424,-0.084177,0.014,0.077201,0.026226,0.079191,-0.196774,0.000845,-0.063612,0.130284,-0.21646,0.008997,0.113844,0.14709,0.128491,-0.183398,-0.203887,-0.156094,0.197342,-0.115608,0.055838,-0.083436,-0.175636,0.04209,0.209805,0.183942,0.111136,0.456136,-0.243262,0.046252,-0.036139,-0.083252,0.06205,0.256251,0.180629,0.166559,0.241405,0.165594,0.17425,-0.099567,0.052738,0.047822,-0.199907,-0.082821,0.085822,0.037728,0.030815,-0.365502,-0.07878,-0.110854,0.006182,0.247255,-0.060122,0.18502,0.172274,-0.061942,-0.005715,0.183515,0.07479,0.174652,0.377927,-0.029627,0.43291,0.07219,-0.199825,0.002935,-0.199265,0.307292,0.286853,-0.027161,-0.004494,-0.016018,-0.070374,0.297893,0.275047,-0.054263,0.275496,-0.095665,-0.001824,-0.120153,-0.059699,0.058842,-0.261908,#
12,0.453144,-0.009574,0.169507,-0.308539,-0.026761,-0.146153,0.323869,-0.12665,-0.058005,0.236089,0.127662,-0.161616,1.0,0.71426,-0.052174,0.126294,-0.285121,0.29368,0.455745,0.442276,0.139886,0.095,0.352113,0.072296,0.006105,-0.344633,0.084063,0.16985,0.461072,0.244915,-0.00713,0.042627,-0.129131,-0.047518,-0.213731,0.060425,0.388494,0.036023,0.093844,0.107892,0.073449,0.070707,0.135422,-0.223161,-0.19315,-0.563883,0.349649,0.432098,-0.228716,-0.013347,0.007653,-0.187814,0.217972,-0.336824,-0.137061,-0.098658,0.085122,-0.313799,0.038727,-0.149466,0.518508,-0.152554,-0.344864,0.06773,0.145243,0.181097,-0.114782,-0.055681,0.186596,0.14901,-0.132524,0.295603,-0.163349,-0.358307,-0.380193,0.008114,-0.313003,-0.146447,-0.212393,0.046786,0.012831,-0.111378,-0.308539,-0.287305,-0.155468,0.205646,-0.061428,-0.023167,-0.119263,-0.114666,-0.411278,0.134154,-0.32022,-0.209037,-0.085605,-0.155468,-0.352102,-0.274775,-0.259322,-0.414378,-0.096944,-0.284098,-0.24628,-0.242863,-0.003968,-0.047697,-0.228706,-0.296718,-0.036663,-0.220707,0.228299,-0.230932,-0.341601,-0.231087,0.238719,-0.164924,-0.160568,0.020448,0.28095,-0.243332,-0.167285,-0.230932,-0.179929,-0.163559,-0.281622,0.086772,0.285075,0.05014,-0.140041,-0.393652,-0.034623,-0.122205,-0.141167,0.184466,0.268663,-0.155909,0.05889,-0.044949,0.231342,-0.234913,-0.366295,0.130812,-0.028363,-0.311353,-0.434382,0.179177,-0.205873,0.365672,-0.329914,-0.048814,-0.325332,0.054931,-0.084408,-0.285712,0.007303,-0.334599,0.37967,0.016668,-0.259322,-0.349873,0.219899,-0.08833,0.155865,0.101539,0.390735,0.305068,0.288135,0.276219,-0.194378,0.00638,-0.171289,-0.212516,-0.259199,-0.143524,0.074402,-0.200212,-0.132088,0.149145,0.281565,-0.330239,0.033513,-0.116748,0.080218,-0.00045,0.069414,-0.140744,0.21641,0.268628,-0.227242,0.39612,-0.249977,-0.183036,0.169874,0.401971,0.299467,-0.036545,0.015455,0.080005,0.247704,0.329112,#
13,0.266368,0.03337,0.111379,-0.344415,-0.318805,-0.227456,0.240675,-0.174243,0.142061,0.499066,-0.06385,-0.046723,0.71426,1.0,0.042527,-0.070419,-0.485067,0.231342,0.236396,0.424685,0.211883,0.022573,0.256752,0.039,0.023084,-0.277654,0.244554,0.361001,0.235615,0.338341,0.242967,0.173357,-0.165259,0.004724,-0.206744,-0.00674,0.224493,0.267198,0.189067,-0.291012,0.206304,0.466854,-0.051568,-0.124694,-0.198544,-0.610405,0.440466,0.429427,-0.240729,-0.180922,0.016561,-0.267514,0.202945,-0.54678,-0.258473,-0.095854,-0.032739,-0.36329,-0.174808,-0.209077,0.605894,-0.018013,-0.480907,0.02083,0.287262,0.088767,-0.15369,-0.147252,0.230837,-0.011905,-0.094635,0.217533,-0.166754,-0.26509,-0.286115,-0.039734,-0.378324,-0.123651,-0.069075,0.198367,-0.055624,-0.416101,-0.41781,-0.080882,-0.30275,0.300661,-0.169874,-0.083784,-0.061535,-0.134836,-0.373784,-0.054816,-0.421648,-0.095339,-0.291909,0.054571,-0.3792,-0.226682,0.087389,-0.474144,-0.295529,-0.291208,-0.302904,-0.265889,-0.134128,-0.083775,-0.007796,-0.654057,0.185088,-0.172443,0.309553,-0.104596,-0.503825,-0.027057,0.077926,-0.347619,-0.055434,-0.193196,0.455336,-0.233004,0.041169,-0.420405,-0.001721,-0.126734,-0.329899,0.070692,0.252202,-0.084623,-0.259335,-0.370376,-0.118642,-0.032469,-0.352597,0.062084,0.104131,-0.270054,0.030685,-0.136108,0.353469,-0.474248,-0.098646,0.072681,0.225627,-0.422055,-0.398202,0.037566,-0.082543,0.336349,-0.296734,0.005033,-0.294342,0.387479,-0.068753,-0.412049,-0.16043,-0.206914,0.524667,0.101916,0.087389,-0.423011,-0.026466,0.039061,0.236478,-0.049908,0.191623,0.287358,0.106762,-0.008659,-0.183276,-0.154354,-0.297665,-0.096978,-0.321879,-0.350036,0.236373,-0.238108,0.056264,0.168647,0.240053,-0.368229,0.29033,-0.072698,-0.218634,-0.140572,0.161924,0.023286,-0.047252,0.3491,-0.390617,0.35738,-0.290054,-0.26961,0.039391,0.358376,0.165061,-0.16386,0.089484,-0.091528,0.373085,0.404704,#
14,-0.036541,-0.056434,-0.291363,0.126083,-0.150364,-0.171396,-0.194002,0.19732,0.108522,-0.000787,-0.281247,-0.171396,-0.052174,0.042527,1.0,-0.4499,-0.082916,-0.143517,0.133927,0.115515,0.344635,0.103185,-0.000608,0.195732,0.030212,0.035028,0.418487,0.138774,-0.006649,-0.155529,0.035814,0.332412,0.230046,-0.044357,-0.270817,-0.63118,-0.131951,-0.011648,-0.098816,-0.229271,-0.024303,0.342553,-0.004131,0.251172,0.127098,-0.200545,0.044227,0.018955,-0.040152,-0.06365,0.243284,0.051926,0.358902,0.118861,0.035613,0.350246,0.140093,-0.171032,-0.00088,0.151669,0.257513,0.047144,-0.193376,0.068099,0.024738,-0.219793,0.034235,-0.304953,0.168545,0.066807,-0.120366,-0.297105,0.128971,0.148323,-0.220145,-0.018512,-0.11008,0.172763,-0.103802,0.280358,0.251483,-0.144852,0.02459,-0.210301,-0.054127,0.416553,0.089869,0.251133,0.350764,-0.427599,0.038282,0.13573,0.186471,0.03841,-0.01991,0.276689,-0.252613,0.038604,-0.066504,-0.068411,-0.215908,0.099695,0.292625,-0.453839,0.135274,0.133854,-0.297528,0.231308,-0.047282,0.042592,-0.064786,-0.038828,0.21662,0.175944,0.482458,-0.039356,-0.120472,-0.199659,0.023274,-0.370607,0.325628,-0.331212,0.298341,0.079536,-0.026084,-0.106643,0.032569,0.089206,0.153266,0.199698,0.011449,0.067205,-0.000678,-0.24371,0.16877,0.144795,-0.436716,0.184864,0.430453,0.00336,-0.348439,-0.007768,-0.138625,0.235456,-0.162781,-0.079779,-0.047161,-0.158528,0.063486,0.18163,0.069119,-0.156112,0.072413,0.114376,-0.22236,0.15044,0.235118,-0.169046,-0.066504,0.354134,0.101752,0.105466,-0.331212,-0.01527,-0.028413,0.101139,0.287936,-0.140204,-0.252294,-0.084553,-0.462052,-0.155228,-0.149342,0.322724,0.007433,-0.079821,0.157565,-0.159077,0.350711,0.125175,-0.168633,0.173861,0.182145,0.082382,-0.116264,-0.110995,0.056558,-0.002991,0.010629,-0.130246,0.062519,0.095834,0.061274,-0.007297,-0.098239,0.040613,-0.188348,-0.399203,-0.05225,-0.083586,#
15,0.110007,-0.080312,-0.06177,-0.050677,0.264658,-0.089259,0.31894,-0.302935,-0.091996,-0.065552,0.082813,-0.089259,0.126294,-0.070419,-0.4499,1.0,0.089853,0.19742,-0.056838,0.068038,-0.610117,0.031112,0.0925,-0.044278,0.157193,-0.068221,-0.09329,0.052586,0.331264,0.103936,0.029562,-0.269526,-0.094357,-0.058635,0.118786,0.433123,0.343543,0.023951,0.22061,0.305967,0.192226,-0.157965,0.257072,0.073162,-0.203828,0.039248,0.206783,0.088526,-0.071946,0.112516,0.021111,-0.099134,-0.294535,-0.000523,0.194059,-0.220789,-0.004698,0.022074,0.157972,0.168395,-0.080385,0.259339,0.087785,0.264436,-0.182662,-0.265046,0.110827,-0.03052,-0.282979,-0.182578,0.277842,0.382498,0.220813,-0.275128,0.212663,0.350322,0.024418,-0.202059,0.200425,-0.272965,-0.139437,0.204884,-0.320165,0.140995,0.083901,-0.319511,-0.028912,-0.337172,-0.326909,0.198937,-0.220536,0.031884,-0.325309,0.052144,-0.141555,-0.445155,0.131979,0.168619,-0.089633,0.023557,0.221461,0.082069,-0.373607,0.266325,0.113906,0.011049,0.09182,0.094255,0.025176,-0.194428,-0.146965,0.107529,-0.090299,-0.162431,-0.279873,0.06435,0.125561,0.035131,0.050896,0.127785,-0.197683,0.107529,-0.32389,-0.027011,0.177795,-0.079521,-0.141356,0.366107,-0.031378,-0.207464,-0.241035,-0.157122,-0.012694,0.388438,-0.075719,-0.094741,0.01864,-0.299223,-0.106527,-0.081228,0.084386,-0.028912,-0.3211,-0.367111,-0.075513,0.281572,0.098637,0.330573,-0.259615,-0.299117,-0.256974,-0.16432,-0.252375,0.057852,-0.095078,-0.037551,-0.059812,0.216975,-0.089633,-0.427033,0.225684,-0.289482,0.119917,-0.016176,0.172719,0.128026,-0.176734,0.35175,-0.188547,-0.025611,0.311245,0.091108,0.27435,-0.194393,-0.061217,-0.133589,-0.247856,0.348505,-0.16282,-0.292713,0.238522,-0.130951,-0.219119,0.293345,0.031529,-0.074547,-0.056666,-0.00874,0.090046,-0.034042,-0.205339,-0.190513,0.172602,0.090243,0.000542,0.1877,0.240502,0.087879,0.362915,0.264643,#
16,-0.25478,0.149033,0.072399,0.329639,0.261229,0.256704,0.159797,0.186316,-0.470149,-0.40596,0.098314,-0.256724,-0.285121,-0.485067,-0.082916,0.089853,1.0,0.103692,0.031084,-0.098163,-0.254981,-0.077412,-0.243271,-0.23632,-0.241186,0.328342,-0.034626,-0.142651,-0.004332,-0.342524,-0.086598,-0.009378,-0.082429,0.159772,0.102815,0.229873,-0.25549,-0.158915,-0.154899,0.317865,-0.069865,-0.245365,0.0335,0.359434,0.020092,0.22429,-0.214701,-0.741237,-0.103248,0.138711,0.217387,0.058819,-0.088095,0.204435,0.217444,0.02075,0.24114,0.054531,0.167385,-0.216093,-0.276445,0.017758,0.246032,-0.192162,-0.331859,-0.245064,0.25933,-0.110301,-0.377493,-0.218699,0.082708,-0.284618,0.017369,-0.111445,0.026903,-0.084692,0.189863,-0.055127,0.033881,-0.103702,0.027223,0.362817,0.335571,0.122764,0.074531,-0.145556,0.293722,0.006972,-0.339186,0.194087,-0.053594,0.03561,0.008445,0.018828,0.220995,-0.108885,0.362525,-0.028544,-0.122319,0.196742,0.049801,0.254704,0.291527,0.086341,-0.091373,-0.178023,0.25209,0.268802,0.02,-0.034094,-0.175044,0.104878,0.273097,0.182558,-0.276287,0.085037,-0.040013,0.186914,-0.133439,0.003662,-0.199318,0.116689,-0.348345,0.058719,0.128957,-0.269819,-0.326622,0.033732,0.044157,0.124103,0.088884,-0.161333,0.492931,0.046823,0.107877,-0.102334,0.429813,-0.072018,-0.238374,0.079786,0.071454,-0.222643,0.012328,0.418037,0.069749,0.135159,0.096062,0.052829,0.087037,-0.081591,0.069566,-0.431572,0.247097,0.063811,-0.121043,0.10873,-0.407288,-0.27806,-0.122319,0.320492,0.03666,-0.108656,0.116689,-0.28678,-0.096258,-0.040963,0.001121,-0.025827,-0.182758,0.144828,0.168985,0.083452,0.089088,0.136158,-0.434337,0.017128,-0.249428,0.018179,-0.326821,0.1283,-0.267913,0.031439,0.540012,0.149726,-0.124306,-0.285232,0.083338,0.146712,0.264215,-0.195864,0.15815,0.215657,-0.198013,-0.314654,-0.144885,0.01167,0.249737,0.274069,-0.480125,-0.100808,#
17,-0.122411,0.022653,0.055635,0.227642,0.028034,-0.055705,0.47712,-0.139027,0.215589,0.32998,0.127481,0.117778,0.29368,0.231342,-0.143517,0.19742,0.103692,1.0,-0.111248,0.367321,-0.304829,-0.373445,0.197697,-0.028949,0.103292,0.262367,0.103815,0.029124,0.319588,0.143784,-0.120005,-0.392256,-0.13177,-0.087007,0.003564,0.175842,0.089114,-0.148849,0.272146,0.095637,0.14185,-0.197088,0.057265,0.011829,0.049252,-0.079999,-0.157237,0.143679,0.063158,0.196234,-0.159137,-0.095555,0.176967,0.254503,0.398689,-0.022475,-0.010679,-0.149573,-0.051713,-0.093762,0.095464,0.055477,-0.116353,0.030389,0.116978,-0.012132,0.199032,0.267169,-0.02435,-0.172313,0.133425,0.027017,-0.190432,-0.200319,-0.330841,0.037086,-0.119877,-0.388934,-0.266196,0.018449,-0.443346,-0.259134,-0.314425,0.407487,-0.479925,-0.056888,-0.221888,-0.289764,-0.410656,-0.329548,-0.420259,-0.092037,-0.589952,-0.363887,-0.288019,-0.195348,-0.221696,-0.266777,-0.153393,0.003954,-0.466746,-0.173845,-0.273299,0.026606,-0.135921,-0.466199,0.153059,-0.199147,0.070297,0.052236,0.049834,-0.062072,-0.169568,-0.279497,-0.111286,-0.358167,-0.046497,-0.124644,0.21048,-0.126105,-0.529576,0.200732,-0.240828,-0.332485,-0.2049,0.034192,-0.05456,0.28933,-0.388816,-0.242868,-0.009954,-0.125989,-0.456655,-0.091436,-0.171439,-0.164114,0.181408,-0.091868,-0.334585,-0.300184,-0.158556,0.008343,-0.013951,-0.269832,-0.232346,-0.150843,-0.387275,0.692098,-0.164686,-0.342702,-0.209924,-0.052061,-0.010623,-0.39639,-0.065992,-0.278386,0.030423,0.531544,-0.153393,-0.317439,-0.043783,-0.034536,-0.049557,-0.149813,-0.063537,0.110432,-0.118233,-0.130921,-0.197783,0.090895,0.086046,0.04347,-0.046883,-0.236537,0.110225,-0.306561,-0.258353,0.37245,0.075682,-0.221793,0.375409,0.048445,-0.005784,0.120157,0.330597,-0.34168,0.25516,0.293959,-0.397884,0.080432,-0.295523,-0.203255,-0.066571,0.183225,-0.176671,-0.148654,0.133966,-0.153072,0.017498,0.395478,#
18,0.507317,0.226011,0.154914,-0.1522,-0.029533,-0.163573,0.226897,0.181014,-0.019116,0.076648,0.032707,-0.271064,0.455745,0.236396,0.133927,-0.056838,0.031084,-0.111248,1.0,0.0279,0.087425,0.181504,0.158356,0.021686,0.015641,-0.183123,-0.267396,0.150566,0.298671,0.020707,-0.209024,0.196209,0.084259,-0.153285,-0.012578,0.253134,-0.028414,-0.032465,-0.188976,0.17646,0.182113,0.059434,0.059978,-0.167262,-0.104158,-0.162312,0.244036,-0.029119,-0.232756,0.057623,0.180604,-0.091769,0.206284,-0.287372,-0.066202,0.203725,0.281297,-0.365426,0.017701,-0.227193,0.315083,-0.326517,-0.023623,0.045532,-0.220433,0.102568,-0.344301,-0.124173,-0.007083,0.066505,-0.241343,0.150171,-0.161213,-0.467814,-0.428338,-0.136631,-0.220671,-0.041304,-0.312919,0.199484,0.371877,-0.124409,0.051279,-0.781065,-0.013242,0.054111,0.05599,-0.160656,-0.050498,-0.081979,-0.270714,-0.211084,0.091607,-0.312111,0.3317,-0.162212,-0.190431,-0.051514,-0.379385,-0.091783,0.168636,0.066567,0.037875,-0.334573,-0.16124,0.016309,-0.390883,-0.169505,-0.160848,-0.078457,0.049116,-0.25785,-0.12671,0.032745,0.207581,0.158844,0.232462,0.009019,0.033309,-0.219357,0.087855,-0.25785,-0.039379,-0.028941,-0.404411,-0.104895,0.292679,-0.157516,0.107602,0.096852,-0.236799,-0.190773,0.08781,0.116404,0.17749,0.065381,-0.16353,0.043005,0.394348,-0.091796,-0.440338,0.073732,0.016757,-0.205421,-0.26445,0.123191,-0.257736,0.096498,-0.271522,0.090691,-0.132676,-0.035684,-0.052427,-0.243491,0.105745,-0.208306,0.042028,-0.031498,-0.15812,0.151208,0.236981,0.107117,-0.25785,-0.218818,0.064765,0.072892,0.389035,0.192471,-0.328515,-0.04354,-0.201993,0.14741,-0.052881,0.137231,0.016381,0.011952,-0.208721,0.03865,0.322003,-0.137161,-0.228273,0.100845,0.312801,0.132982,-0.197633,0.066373,0.403434,0.163818,0.062172,0.062821,-0.342916,0.206994,0.096207,0.1812,0.189403,0.139528,-0.161944,0.12325,-0.131157,0.148821,#
19,0.01782,-0.161299,0.165422,-0.297986,0.113287,-0.170118,0.209818,-0.282902,0.259829,0.312736,0.067866,-0.137977,0.442276,0.424685,0.115515,0.068038,-0.098163,0.367321,0.0279,1.0,-0.015455,0.070515,0.275171,0.183681,-0.202077,-0.160262,0.2714,-0.195666,0.305578,-0.276396,-0.009288,0.254808,0.275856,0.30507,-0.210449,-0.146332,0.179403,0.115045,-0.153938,0.159785,0.345146,-0.058902,-0.024616,-0.193751,-0.10856,-0.44743,0.062142,0.351378,0.138536,-0.203167,0.026048,-0.352835,0.506464,-0.032407,-0.063568,0.133789,-0.162082,-0.384545,0.315497,0.077425,0.454727,-0.092486,-0.433561,-0.184873,0.181159,-0.095844,0.212413,-0.101605,0.113142,0.143754,-0.469291,0.106153,0.016313,-0.145242,-0.277582,-0.400879,-0.042553,-0.290599,0.237141,0.225022,0.071779,0.119095,-0.176715,-0.108501,0.023612,0.570125,-0.076342,-0.243708,-0.022345,-0.361299,-0.080449,0.350076,-0.189612,-0.244161,-0.14561,0.185588,-0.142789,-0.088051,-0.092683,-0.303265,-0.353724,0.074589,-0.113017,-0.010718,0.430572,-0.14544,0.165521,-0.123772,0.388798,-0.28184,0.225696,-0.259801,0.10068,0.038162,0.208625,-0.141242,-0.154133,0.05163,0.169478,-0.185704,-0.098105,-0.259801,-0.082356,-0.228834,-0.274352,0.251107,0.319639,0.206865,0.05932,0.274831,0.441714,-0.209347,-0.188817,0.058943,0.246082,0.023252,0.251419,0.065007,0.136525,0.138743,-0.099587,-0.067312,-0.111526,-0.206922,-0.178968,-0.139947,0.064588,0.149643,-0.063797,0.067419,-0.066618,-0.003079,0.216985,-0.258613,-0.150987,0.206871,0.433551,0.031555,-0.092683,-0.19118,0.263009,-0.0697,0.37101,0.145784,0.015674,0.032164,0.269229,-0.153566,-0.294742,0.235998,-0.386544,-0.310888,-0.439253,0.002678,-0.203943,0.043057,0.19321,-0.023629,0.274772,-0.090386,0.181892,0.273501,-0.236171,0.0785,-0.088124,-0.236165,0.429797,0.506776,-0.398944,0.0723,-0.067918,-0.304699,-0.282482,-0.079246,0.107496,-0.198511,-0.305726,-0.266921,0.417515,0.109218,#
20,-0.054688,0.343283,0.032314,0.126083,-0.305248,-0.016693,-0.213215,0.196088,-0.069954,-0.008916,-0.109587,-0.004317,0.139886,0.211883,0.344635,-0.610117,-0.254981,-0.304829,0.087425,-0.015455,1.0,0.23078,-0.007334,-0.029148,0.035852,-0.332481,0.095778,-0.028065,-0.353999,-0.170238,0.088516,0.146046,0.256486,0.182733,-0.463583,-0.445451,0.053241,-0.22743,0.184182,-0.229271,-0.024608,0.343342,-0.371567,0.028082,0.111656,-0.193709,0.098467,0.168725,0.217377,-0.064268,-0.254482,0.283603,0.358902,0.010918,-0.278618,0.023526,0.120872,0.007115,-0.343914,-0.245408,0.079631,0.046766,0.128134,-0.139814,0.332819,0.121133,-0.332401,-0.118518,0.351681,0.108578,-0.344005,-0.054019,-0.247415,0.170196,-0.349629,-0.217825,0.078228,0.365415,0.096183,0.141657,0.111933,-0.129475,0.204758,-0.209575,0.13002,0.261455,-0.038505,0.577902,0.539928,-0.094042,0.054007,0.166704,0.211258,0.068895,0.175109,0.298672,-0.069555,-0.103905,0.158136,-0.236762,0.14856,0.116166,0.333138,-0.115987,-0.027577,0.156808,0.037838,-0.101177,-0.189757,-0.142924,0.123476,-0.050524,0.096181,0.191926,0.497954,-0.023646,0.043039,-0.037486,-0.135515,-0.019887,0.343536,-0.331212,0.148234,0.080686,-0.07652,-0.096248,0.217355,-0.479924,-0.227673,0.070695,0.185336,0.067565,-0.166877,-0.057479,-0.032488,0.176147,-0.055438,0.409886,0.375567,0.02824,-0.009069,0.140133,0.164271,0.195029,0.023468,-0.276513,-0.018437,-0.178007,0.263949,0.409741,0.26703,0.053484,0.117963,-0.03227,0.084941,0.007732,0.244204,-0.345482,0.158136,0.185668,-0.036643,0.122437,-0.027133,0.123546,-0.041618,-0.084383,0.287936,0.029055,0.141451,-0.245308,-0.331916,-0.140337,-0.344779,0.024294,0.373449,-0.079454,0.368496,-0.350164,0.179381,0.142029,-0.369704,0.005679,0.169006,-0.258719,0.016602,-0.103574,-0.245234,-0.171703,-0.313987,0.346465,0.081369,0.076278,-0.17517,0.028245,0.106316,-0.127848,-0.035658,-0.39378,-0.200625,-0.083191,#
