0,1.0,-0.1008,-0.153227,0.097913,0.279369,0.223705,-0.15286,0.010656,-0.610631,-0.150908,0.003502,0.044225,0.304207,0.063695,-0.033063,-0.005809,0.074046,-0.432335,-0.172955,-0.095138,0.229311,0.310435,-0.075437,-0.256002,0.0634,-0.175586,-0.033852,-0.413126,0.303345,-0.183255,0.185673,-0.069865,0.093897,-0.128323,-0.267231,0.013502,-0.003537,-0.049096,-0.088237,-0.382521,0.174521,0.070622,0.017649,0.20836,-0.442047,0.071163,0.063694,0.118692,-0.406411,-0.236881,-0.086153,-0.083069,0.16994,-0.078343,0.323467,0.031908,-0.051024,0.274502,0.276802,0.241465,0.426986,0.294114,0.031414,-0.20588,-0.055101,-0.158449,-0.309258,0.208934,-0.161082,-0.362644,-0.075029,0.065336,-0.305633,-0.002217,-0.523115,0.335878,0.008751,0.046533,-0.515068,-0.018689,-0.049811,-0.337011,0.23703,-0.019874,-0.105936,-0.071868,0.050856,0.003969,-0.13692,-0.352082,-0.124941,-0.260698,0.018256,-0.273427,0.103871,-0.166229,-0.297897,0.170684,-0.039036,0.491054,0.192166,-0.110315,-0.163764,-0.191797,0.188886,-0.279826,0.072927,0.021951,-0.257153,-0.134219,0.117313,0.027593,-0.169179,-0.048642,0.050618,0.0861,-0.38232,-0.150035,-0.165888,0.057907,-0.184294,0.152283,0.2115,-0.270607,0.073871,0.022031,-0.163084,-0.256238,0.27293,0.379413,-0.186754,-0.194441,0.029318,0.07586,-0.381347,0.159229,-0.145657,-0.21447,0.495645,-0.214664,-0.276467,-0.08873,0.191494,0.322179,0.078309,0.129824,-0.075729,-0.046234,-0.290737,-0.253638,0.097162,-0.222823,-0.262842,-0.102307,0.194529,0.075808,0.058132,-0.059295,-0.137721,-0.382574,0.169095,-0.397724,-0.19553,-0.070874,-0.152609,-0.12953,-0.193701,-0.052817,-0.088035,-0.360734,-0.045064,0.136271,-0.108716,0.363803,-0.074645,-0.066926,-0.137232,-0.172678,-0.036402,0.437439,-0.086826,-0.335001,0.160655,0.409302,0.097054,0.04685,0.210564,-0.144708,-0.020064,0.085121,0.263363,0.067033,0.165422,-0.239327,-0.046696,0.107885,-0.034882,-0.127098,-0.080401,0.128699,#
1,-0.1008,1.0,0.279031,-0.15898,0.019625,0.255794,0.260778,0.261053,0.178837,0.286577,-0.254307,-0.030106,0.358702,0.331178,0.38282,-0.24828,-0.022488,0.463891,-0.037427,0.138203,-0.353577,0.287913,0.358741,-0.000389,0.03258,-0.257439,0.031837,0.023838,-0.368843,-0.002851,-0.323162,0.171726,0.400985,-0.160722,-0.328552,0.374608,0.262614,-0.032063,-0.14861,0.102939,-0.086418,0.175772,0.243665,0.133319,0.34477,-0.433317,0.105004,-0.131392,0.327566,0.288632,0.174685,-0.237451,0.089634,-0.389971,-0.057526,-0.217027,-0.292845,-0.490252,-0.033202,-0.397469,0.114546,0.305162,-0.346818,-0.122314,0.020581,0.198295,0.164346,-0.042992,0.231956,-0.007699,0.207237,-0.000365,-0.03315,-0.441367,-0.090519,0.232171,-0.101638,-0.537261,0.049222,-0.26413,0.040322,-0.290077,-0.187308,-0.04694,-0.208311,0.023948,-0.231296,-0.112307,-0.036253,-0.24294,-0.162907,-0.042109,-0.632809,-0.04164,-0.27686,-0.13859,0.155136,0.08193,0.278388,-0.108854,-0.109372,-0.172128,-0.090628,-0.258909,-0.090269,-0.175834,-0.333833,-0.275927,-0.32446,-0.367916,0.185801,0.443592,-0.118016,-0.110407,-0.067779,-0.350034,-0.259712,-0.419687,0.262188,-0.414561,-0.118321,-0.459871,-0.442668,-0.358867,-0.378073,-0.161551,0.361194,0.227564,0.283397,0.143526,-0.108166,0.108458,-0.260229,-0.212232,-0.154385,-0.10645,0.234336,-0.256178,-0.167124,-0.125523,-0.170081,-0.316381,-0.46577,-0.316011,-0.008516,0.335403,-0.181044,0.330019,0.096058,-0.094109,-0.471588,-0.447613,-0.013679,-0.042176,-0.072327,-0.346114,0.154188,0.16908,-0.075279,-0.146783,0.061654,-0.050193,0.074561,0.543067,0.183387,0.269052,0.105764,0.099988,-0.347901,0.054761,-0.18867,-0.077665,-0.171246,0.038044,0.336461,-0.043613,0.122039,0.282217,0.394677,-0.709622,0.326619,0.110383,-0.295132,-0.192251,-0.010328,-0.173687,0.108421,-0.124214,-0.450986,0.355838,0.321255,-0.00727,0.255006,0.375333,-0.095948,-0.20495,-0.005521,0.162148,0.55503,-0.079319,#
2,-0.153227,0.279031,1.0,0.431555,-0.212105,-0.18052,0.199539,0.003351,0.408665,0.071911,-0.240371,-0.263433,-0.097106,0.1572,-0.036945,-0.405554,-0.431884,0.522717,-0.104378,0.329694,0.007106,0.337997,0.111483,0.238996,0.316499,-0.024046,0.589059,0.284693,-0.060733,0.077075,-0.056147,0.299312,-0.013396,0.061653,0.123446,0.092626,0.183959,-0.270452,0.065184,-0.152662,0.176424,0.199225,0.180999,-0.026341,-0.009966,-0.302448,0.084219,0.190651,0.332159,-0.177201,-0.369321,-0.08861,0.312317,0.048833,-0.337413,-0.112025,0.000529,-0.406944,-0.30683,0.024932,-0.219366,-0.165011,-0.063868,0.109171,-0.175398,-0.148829,0.220711,0.299215,0.023788,0.274466,0.162645,0.191926,-0.007355,-0.046226,0.272168,-0.316468,0.178732,-0.303466,0.078734,-0.199266,0.10633,-0.060224,0.017621,-0.069437,0.022755,0.437685,0.013995,0.015014,0.20721,-0.037978,0.074839,0.025597,-0.030992,0.027055,0.118679,0.077979,0.490757,0.49801,-0.018067,-0.042095,-0.155017,0.252578,0.3638,0.137731,0.006671,0.221017,-0.098874,-0.065567,-0.448947,-0.127043,0.41904,0.069991,0.215958,0.113145,0.33221,-0.146145,-0.055123,-0.122176,0.030875,-0.002129,0.284306,0.10615,-0.125967,-0.135504,0.168268,-0.021729,0.072334,0.178302,0.006424,0.368785,0.597182,-0.178453,0.176791,-0.156015,0.263132,0.324288,-0.10926,0.345535,0.15727,0.106519,0.030464,-0.153002,-0.058575,-0.339896,-0.27761,0.141729,-0.144028,-0.080207,0.323268,0.18053,-0.127432,-0.194749,0.353104,0.026272,0.009026,0.054789,0.11797,0.045517,0.106168,0.365348,0.378035,0.143999,-0.112876,0.258902,-0.101864,-0.290335,0.121991,0.168476,0.056143,0.442743,-0.258562,-0.256452,-0.312338,0.198768,-0.227486,0.437249,0.188151,0.080432,0.058367,-0.378798,0.112659,-0.019511,-0.26675,-0.182015,-0.408524,0.34334,-0.198322,0.010551,0.047951,-0.10107,0.262461,-0.311474,-0.158553,0.287863,-0.385161,0.286364,-0.434882,0.087985,0.413286,-0.140188,#
3,0.097913,-0.15898,0.431555,1.0,-0.189376,-0.047624,-0.095265,-0.224398,0.03735,-0.047842,0.080231,-0.061206,-0.188227,-0.02304,-0.256761,0.050793,-0.099815,0.090149,0.012877,0.274285,0.311062,0.214915,-0.027582,0.284552,0.385708,0.356894,0.45648,0.31366,0.087606,-0.292361,0.455979,0.481213,0.12197,-0.054622,0.163966,-0.270207,-0.064072,-0.144188,-0.26848,-0.241845,0.049009,0.006163,0.084087,0.058067,0.002831,0.219469,-0.039907,0.010581,-0.08947,-0.08919,-0.206303,0.257756,0.161854,0.187583,-0.211388,0.177035,0.112759,-0.065151,0.101886,0.362854,-0.068429,-0.240104,-0.075979,-0.101417,-0.004027,-0.213231,0.078812,0.47501,-0.193242,-0.122682,-0.17312,0.201377,-0.081997,0.214602,-0.121679,-0.209918,0.008259,0.120786,-0.01207,-0.097957,0.329384,0.360345,0.224891,0.102543,0.117804,0.177219,0.428157,-0.062668,0.178418,-0.406263,0.161456,-0.045076,0.418379,-0.094823,0.465634,0.075338,0.222237,0.039636,-0.358221,0.093734,-0.042012,0.475117,0.534593,0.109381,0.394095,0.123901,0.05381,0.140109,0.048179,0.046928,-0.200424,-0.265255,-0.232142,0.085003,0.425769,0.09222,-0.142227,-0.152055,-0.161184,0.427397,0.053482,0.295244,0.398264,-0.065596,0.043727,0.130129,0.093112,-0.107593,0.078431,0.360366,0.189266,0.015874,0.195814,0.16205,0.289599,0.202374,-0.014253,0.028554,0.082976,0.335133,0.067635,0.177257,0.230639,0.003222,0.065767,0.016287,0.155094,-0.227166,0.240138,0.064122,0.09301,0.125435,0.161747,0.482241,0.24494,0.248239,-0.108933,-0.054439,-0.008699,0.29557,-0.058869,0.225183,-0.230669,-0.088752,-0.31373,-0.376001,0.173265,0.224882,0.15483,0.26084,-0.221063,-0.149865,0.107026,0.15639,-0.516472,0.439222,0.155889,0.049209,-0.393854,0.01575,-0.238401,-0.068337,-0.066566,-0.018112,-0.05054,0.325589,-0.028847,0.163295,0.388234,-0.275166,0.06725,-0.26565,0.044901,-0.269747,-0.395956,0.155784,-0.426791,0.214709,0.059944,-0.308177,#
4,0.279369,0.019625,-0.212105,-0.189376,1.0,0.072778,-0.216611,0.283561,-0.354026,-0.211008,0.088473,-0.046147,0.382242,-0.021431,-0.109638,-0.057353,0.000305,-0.213621,0.109001,-0.185143,-0.162608,-0.10526,0.174566,-0.148833,0.23179,-0.092344,-0.520426,-0.185877,-0.345317,-0.165403,-0.00228,-0.31267,-0.261554,-0.113773,-0.4615,0.008612,-0.167151,-0.008277,0.051781,0.101514,0.15848,-0.348891,-0.182803,0.149564,0.05229,0.222855,-0.262494,0.226919,-0.234097,-0.167116,0.341097,0.003887,0.139462,-0.131051,0.319114,0.24466,-0.270285,0.371116,0.289774,-0.16262,0.172686,0.081501,-0.162491,-0.02716,-0.071538,0.453714,0.021977,-0.324777,0.127906,0.023589,-0.072866,-0.005046,-0.045458,0.211256,-0.084056,0.332507,-0.082634,-0.194759,-0.113212,-0.098769,-0.162291,-0.123971,0.017991,0.108818,-0.03565,-0.306111,0.092792,0.075191,-0.177222,-0.082598,-0.164027,-0.202116,-0.05832,-0.232835,-0.25121,-0.081807,0.160205,-0.216871,0.278876,0.377387,0.253689,-0.181,0.067437,-0.257819,-0.25264,0.116104,0.147663,0.062056,-0.003477,-0.477168,0.026221,0.0483,0.257667,-0.089867,-0.237493,0.021256,-0.029422,0.099859,0.048783,0.108302,-0.111696,-0.069294,0.230745,0.028471,0.209262,0.080657,0.358286,-0.075897,0.238595,0.328542,-0.292542,0.079168,0.088712,-0.013013,-0.323924,0.129361,-0.169739,-0.452825,-0.013364,0.035736,-0.326257,-0.130516,-0.04095,0.255956,0.190469,0.292071,-0.330398,0.002073,-0.04497,-0.451814,-0.276755,-0.016729,-0.661481,-0.045298,-0.060445,-0.181117,-0.0428,0.091065,-0.074084,-0.416134,-0.099294,-0.254208,-0.175684,0.008844,0.404377,-0.040386,-0.229782,-0.080148,-0.133637,-0.266336,-0.1586,0.002903,0.016319,0.068428,0.198276,-0.030749,0.15031,0.294671,0.083518,-0.005822,-0.130108,-0.042862,0.096778,0.170805,0.167827,-0.240829,0.132351,-0.494327,-0.097419,0.094244,-0.250717,-0.152504,0.427002,-0.092416,0.093011,-0.145468,0.348948,-0.024403,-0.158528,0.02832,#
5,0.223705,0.255794,-0.18052,-0.047624,0.072778,1.0,0.122229,-0.077569,-0.341207,-0.157568,0.277862,0.027656,-0.0172,-0.042398,0.260826,0.088066,0.438374,0.007324,-0.142603,0.031058,-0.072443,0.295133,0.270292,0.136398,-0.428912,-0.229166,-0.038199,-0.269936,-0.1252,-0.486831,0.083993,0.2188,0.072281,0.038438,-0.189226,-0.065491,0.130981,0.124191,0.020619,0.216748,-0.201761,0.427557,0.017497,0.075467,0.300309,-0.029837,-0.056072,0.232624,0.230231,-0.24476,0.137074,-0.159841,-0.066618,-0.195991,0.166121,0.125487,-0.197157,-0.028111,0.14071,-0.257356,0.35157,-0.083568,-0.339066,0.141456,0.021069,0.287791,-0.095969,0.083513,0.478716,0.104022,-0.219368,0.32215,0.159102,-0.025762,-0.551383,0.18563,-0.405915,-0.186308,-0.291148,0.175962,0.249542,-0.119984,0.027323,-0.250038,0.031603,-0.129693,0.099375,-0.314598,-0.255543,-0.502231,-0.177775,-0.162604,-0.129542,-0.069041,-0.076088,-0.18902,-0.290107,-0.271364,-0.000983,0.250086,-0.10991,-0.298112,0.004826,-0.309283,0.019805,-0.343577,0.03212,-0.05709,-0.35751,-0.187556,0.076946,-0.192281,-0.31047,0.063533,-0.086184,-0.291096,-0.545558,-0.174994,0.190168,-0.204617,-0.21489,-0.325283,0.000865,-0.498557,-0.231199,0.029126,-0.076106,0.201076,0.464833,0.210204,-0.031613,-0.006197,-0.194256,-0.059453,-0.235702,0.070393,0.040162,-0.370823,-0.022628,-0.318186,-0.363246,-0.137685,-0.348503,0.160552,0.074629,0.175902,-0.084684,0.173615,-0.067759,0.062798,0.002845,0.039971,-0.053079,0.206356,-0.078541,-0.345566,-0.132735,0.043083,-0.223021,-0.068422,0.237216,-0.113109,-0.131213,0.494064,-0.200513,0.400741,0.212303,-0.060162,0.064851,-0.125771,0.340846,-0.319662,-0.300285,-0.103575,0.08417,-0.394375,-0.070113,-0.027237,-0.022835,-0.032579,0.010472,-0.172754,-0.08365,0.215536,0.165599,-0.008814,-0.015059,0.112607,-0.227611,-0.117961,0.177301,0.138749,0.12694,-0.100689,0.174666,0.037199,0.170376,-0.048207,-0.089951,-0.216213,#
6,-0.15286,0.260778,0.199539,-0.095265,-0.216611,0.122229,1.0,0.305783,0.29117,0.360898,0.177924,0.047467,0.224028,-0.237997,0.147829,-0.11881,-0.053552,-0.147098,-0.005353,-0.296475,-0.431983,0.310601,-0.057937,0.120342,-0.009664,0.019458,0.406528,0.133772,0.23054,-0.055782,-0.509822,-0.016828,-0.004302,-0.030177,0.289869,0.325237,-0.279679,0.259665,0.184617,0.053508,-0.114715,0.004296,0.060511,-0.394181,-0.04725,-0.147757,-0.18554,-0.20232,0.124138,0.113957,-0.110213,-0.020834,-0.150608,-0.188861,0.006164,-0.207241,0.05722,-0.250379,-0.238267,0.102259,0.164328,0.042027,-0.075762,0.116245,0.24342,-0.054538,0.312417,-0.328101,0.531489,0.018348,0.332628,-0.151774,-0.058585,-0.341215,0.153629,0.019157,-0.035659,-0.122277,-0.030151,-0.009295,-0.395985,-0.046525,-0.236287,-0.465838,0.212211,0.444576,-0.145695,-0.065084,0.060357,-0.147164,-0.187596,0.037537,-0.105511,-0.152482,0.200041,-0.049553,0.231955,0.163567,0.121917,-0.491936,-0.067687,-0.226837,-0.023237,-0.156914,-0.214619,-0.094527,-0.367754,-0.158252,-0.381669,0.082132,-0.212562,-0.007663,-0.053234,-0.341303,-0.320618,-0.402937,0.073125,0.175198,-0.206023,0.17407,0.144247,-0.010097,-0.014613,-0.227927,-0.258295,-0.104404,0.32918,0.588504,0.167466,-0.074522,-0.016222,-0.302459,-0.542827,0.232049,0.261149,0.25846,-0.009234,-0.120285,-0.362248,-0.055797,0.273178,-0.145172,-0.11614,0.001505,0.06214,0.08565,-0.242708,0.406519,0.018838,0.050808,-0.039019,-0.024142,0.245486,-0.115037,-0.161072,-0.247412,-0.147295,-0.215811,-0.0048,0.058179,-0.090193,0.091679,0.04404,0.38086,0.004688,0.039287,0.230734,0.372919,0.013987,0.498138,0.572624,-0.039676,-0.215314,0.12547,0.425581,-0.151633,0.393808,0.060832,-0.010666,-0.285081,0.459302,0.363694,0.169931,-0.071394,0.061979,-0.176497,-0.117124,0.311319,-0.061299,0.492829,0.067752,0.145451,0.000481,0.336901,0.051555,0.190471,-0.09412,0.014209,0.066161,-0.195591,#
7,0.010656,0.261053,0.003351,-0.224398,0.283561,-0.077569,0.305783,1.0,0.032395,0.033874,0.092715,-0.142128,0.459417,0.165093,0.059638,0.100493,-0.162097,0.007094,0.008295,0.023427,-0.063925,0.087876,-0.096999,0.330527,0.260406,0.15446,-0.235094,-0.211496,0.075673,0.124287,-0.126574,-0.315495,0.261065,0.27046,-0.140848,0.351539,0.034878,0.236601,0.269893,0.213237,-0.016891,-0.07183,-0.231846,0.141738,-0.259322,-0.282924,-0.051167,-0.166269,0.058697,-0.221148,-0.026873,0.090352,0.093855,-0.145138,-0.153522,-0.111794,-0.167298,-0.007805,-0.168577,0.026695,0.08351,0.193826,-0.20695,-0.178736,-0.095263,0.124233,0.339196,-0.326682,0.132244,0.075179,0.539373,-0.204156,-0.524016,-0.192061,0.196767,-0.13505,0.018525,0.026641,0.113914,0.002592,-0.121511,0.086566,0.029615,0.147117,0.042107,0.072319,0.130587,0.346658,0.11576,0.085429,-0.180704,0.217,-0.107955,0.125377,-0.276763,0.344774,0.221074,0.304356,0.31218,-0.301352,0.133999,-0.066124,0.025126,-0.2918,0.208185,0.239083,-0.140395,-0.022737,-0.140945,-0.191793,0.079534,0.278917,0.141938,-0.116243,0.112838,0.126615,0.314679,0.048278,0.029788,0.007929,-0.181524,-0.277397,0.028945,0.143338,-0.041101,0.037452,0.145586,0.10083,0.075929,0.032034,-0.016634,0.197601,-0.165284,-0.051027,-0.192101,0.087461,0.260757,0.075611,-0.216447,0.082975,0.41735,0.181454,0.089376,0.219568,0.114246,0.006099,-0.051547,0.171028,0.133888,-0.15946,-0.18712,0.163847,-0.055487,0.038437,-0.268873,-0.17033,0.201141,-0.379013,0.113257,0.202134,-0.136116,0.315459,-0.086306,0.021852,0.140802,-0.145785,0.396076,-0.293418,0.048137,0.267841,-0.02914,-0.081582,-0.052013,0.1272,0.269257,-0.145033,0.489382,-0.137174,0.036722,-0.098247,0.27802,0.226792,-0.099148,0.043166,0.170367,-0.072746,0.300448,-0.083115,0.043065,0.465525,0.185986,-0.058795,0.132469,0.081875,-0.403029,-0.156079,0.18748,-0.013184,0.337893,-0.394575,#
8,-0.610631,0.178837,0.408665,0.03735,-0.354026,-0.341207,0.29117,0.032395,1.0,0.391482,-0.262945,0.046148,-0.045414,0.224873,0.239999,-0.219202,-0.372176,0.570734,0.143858,0.065962,-0.358198,0.130894,0.133209,0.440119,0.233791,0.370081,0.397193,0.317921,0.092428,0.096029,-0.090916,0.173342,0.074313,-0.16782,0.297415,0.104792,0.159551,-0.133385,0.059281,-0.276496,-0.092926,-0.161386,0.338763,-0.171936,0.237168,-0.337836,-0.252224,-0.054264,0.385503,0.323461,-0.126934,-0.242646,-0.041512,-0.041541,-0.367716,0.210499,0.233646,-0.660556,-0.084166,0.091924,-0.205222,-0.290295,-0.161227,0.081649,0.239514,0.035369,0.423289,-0.070577,-0.028997,0.42648,0.197622,0.102889,0.092613,-0.250642,0.278071,-0.069945,0.157713,-0.107746,0.344554,-0.217198,-0.000357,0.165656,-0.400988,-0.163809,0.21757,0.361233,-0.038549,0.021771,0.156577,0.234934,0.228836,0.392067,-0.23869,0.27829,0.167661,0.080671,0.383805,0.096392,-0.090536,-0.278266,-0.16056,0.268015,0.166691,0.242009,-0.198498,0.054313,-0.022837,-0.175689,0.122487,-0.043543,0.158672,-0.160267,0.21202,-0.290823,0.112158,-0.100914,0.14355,-0.019034,0.171966,-0.163224,0.293997,-0.126985,-0.011719,0.079824,-0.108293,-0.117517,0.274786,0.136676,-0.280056,-0.398952,0.29073,0.207129,-0.188434,-0.003782,0.401894,-0.029838,0.242352,0.163114,-0.397062,-0.001305,0.329885,0.004992,-0.037509,-0.457238,-0.430958,-0.016775,0.06401,0.230593,0.27829,-0.0182,0.020835,0.079247,0.358109,-0.103479,-0.08227,0.111776,0.356948,0.161085,0.053388,0.242491,0.027051,0.379825,0.017715,-0.074837,0.285008,0.071637,0.035785,0.303166,-0.184899,0.592797,0.063102,0.202489,0.103877,0.230903,0.180529,0.277876,0.167657,-0.006749,0.257364,-0.468493,0.467144,0.070879,-0.279152,-0.210363,-0.297579,-0.075556,-0.182498,0.221307,-0.130257,0.087015,-0.091021,-0.0908,-0.228499,0.405641,-0.136026,0.21222,0.034705,-0.03365,0.231676,0.137927,#
9,-0.150908,0.286577,0.071911,-0.047842,-0.211008,-0.157568,0.360898,0.033874,0.391482,1.0,-0.522423,0.34673,0.305864,0.313732,0.447783,0.185913,-0.117488,0.220471,0.052513,-0.097979,-0.455847,0.242594,0.264454,0.053819,0.277709,-0.023552,0.318685,0.141586,0.116663,0.413282,-0.368761,-0.025546,0.148596,-0.117269,-0.219518,0.610908,-0.2851,-0.085451,0.105094,-0.134082,-0.067041,-0.148779,-0.213724,-0.144033,0.259657,-0.256172,0.109741,0.177663,-0.136687,0.462977,-0.052314,-0.028888,-0.077972,-0.278799,-0.034051,-0.259281,0.345292,-0.380881,0.066838,0.018993,0.169101,0.115479,-0.208116,-0.242906,0.229417,-0.028866,-0.168253,0.290868,-0.092367,-0.055231,0.182534,-0.030343,-0.007367,-0.36074,0.131961,0.25479,0.038703,-0.278774,-0.01516,-0.177383,-0.186138,-0.355162,-0.603589,-0.046685,-0.108543,-0.024097,-0.427394,0.013777,0.199191,-0.190786,0.08304,0.05803,-0.2038,0.390287,0.124308,0.127503,-0.054271,0.211036,0.059522,-0.354055,-0.154144,0.078361,-0.133371,-0.027752,0.043503,-0.103823,-0.595386,-0.022552,-0.278356,-0.32296,-0.020801,0.282812,0.033326,-0.360839,-0.267837,-0.461488,-0.218369,0.033425,0.402949,-0.321617,0.121258,-0.21495,-0.124245,-0.293797,-0.403272,-0.17053,0.049548,0.184772,0.037147,-0.452943,-0.184383,0.335408,-0.456937,-0.132609,-0.041876,-0.411716,0.076723,-0.203644,0.035112,-0.19889,0.093813,-0.193483,-0.388357,-0.350367,-0.039157,0.296163,-0.116159,0.289218,-0.281368,-0.225524,-0.256139,-0.406102,0.060467,-0.414585,0.040488,-0.083916,0.098116,0.351793,-0.310426,-0.11452,0.013496,-0.185672,0.106668,0.299075,0.404283,0.374455,-0.345399,0.062848,-0.519716,0.128984,-0.043402,0.206958,-0.103048,0.218649,0.280064,-0.240337,-0.286071,0.193835,0.501332,-0.422328,0.272327,-0.117681,-0.367689,-0.273423,0.279379,-0.202227,0.35059,0.216962,-0.33377,0.149493,0.333597,0.060847,0.199561,0.796493,-0.195119,0.024875,-0.054885,-0.06786,0.466581,-0.033973,#
10,0.003502,-0.254307,-0.240371,0.080231,0.088473,0.277862,0.177924,0.092715,-0.262945,-0.522423,1.0,-0.349171,0.035717,-0.552249,0.010377,-0.084607,0.087915,-0.387351,0.252664,-0.052351,0.097404,-0.031514,-0.22707,0.058121,-0.407941,-0.03942,-0.267443,0.01394,-0.028204,-0.506999,0.299686,-0.049643,-0.339241,-0.009675,0.453571,-0.50865,0.028935,0.188261,-0.029486,0.203456,-0.102544,0.05516,0.154251,-0.128513,-0.100688,0.26315,-0.157226,-0.127869,0.240904,-0.524243,-0.061582,0.317537,-0.032215,0.192896,0.294484,0.212288,-0.372072,0.291259,-0.068905,-0.08559,0.033043,-0.277472,-0.045287,0.360479,0.155994,-0.031237,0.08497,-0.351421,0.58983,-0.065165,0.118074,-0.07482,0.049704,-0.130042,-0.115024,0.012719,0.031327,0.444171,0.226126,-0.133159,0.201198,0.224642,0.068401,-0.149987,-0.010442,0.228546,0.481082,-0.103406,-0.216452,0.00101,-0.196054,-0.184952,0.294448,-0.185461,-0.216605,-0.130127,0.000364,-0.343325,0.119286,-0.012465,-0.106896,-0.175563,0.372149,-0.16989,0.017017,-0.039328,0.062478,-0.05615,0.073464,0.250191,-0.274285,-0.201595,-0.48179,-0.018969,-0.017189,0.028601,0.133701,0.034222,-0.342811,0.316905,-0.124546,0.018526,0.027167,0.029284,0.102785,0.129327,0.068298,0.465478,0.158163,0.230032,0.173351,-0.215889,0.004659,0.281746,0.271592,0.312951,-0.19668,0.085205,-0.290575,0.213146,0.046351,0.452994,0.112074,0.090926,0.316819,0.054631,-0.139698,0.114163,0.178348,0.100137,0.157785,0.292352,0.092715,0.121476,-0.007046,-0.30815,-0.453964,-0.443141,0.030224,-0.063581,-0.166229,0.301324,-0.058601,0.070052,-0.183354,-0.196026,0.3203,0.140323,0.217088,0.168751,0.437008,-0.193926,0.201383,-0.109444,0.088207,-0.045747,0.28583,-0.1252,-0.55175,0.341316,-0.009114,0.300943,0.521967,0.409882,0.111369,-0.210803,-0.223259,-0.123945,0.326566,0.183302,-0.365183,0.049389,0.185705,-0.655708,0.321549,0.034063,0.119473,0.206715,-0.568808,-0.155621,#
11,0.044225,-0.030106,-0.263433,-0.061206,-0.046147,0.027656,0.047467,-0.142128,0.046148,0.34673,-0.349171,1.0,0.125555,0.073012,-0.048651,-0.021152,0.388255,-0.107377,0.040503,-0.424795,0.021488,-0.261675,-0.069273,-0.13975,0.076279,-0.030503,-0.030222,0.196034,-0.072995,0.064862,-0.232318,-0.229411,-0.032325,-0.336902,-0.150732,0.247327,-0.183938,-0.157613,0.105068,-0.114476,0.008974,0.091798,0.045636,-0.328682,-0.24288,0.111169,-0.165214,0.16516,-0.260189,0.455237,-0.064729,-0.07424,-0.011283,0.19299,0.009853,0.127451,-0.034379,-0.215989,0.010922,0.21831,-0.035506,0.144336,0.267448,-0.388295,0.151334,0.06751,0.036415,-0.076706,-0.101893,-0.256535,-0.138532,-0.355793,-0.018874,0.279589,-0.175626,0.309884,-0.490248,-0.135891,-0.192362,0.301414,-0.214646,0.118715,-0.08693,-0.403359,-0.099264,-0.512868,-0.282168,0.217928,-0.132034,-0.011907,-0.126816,-0.114921,-0.026358,0.052794,0.104839,-0.051892,-0.065073,0.047505,-0.182138,-0.034258,0.415805,0.243064,-0.509329,-0.021486,-0.138241,0.216995,-0.108068,0.310628,0.209584,0.042721,-0.192142,-0.126223,0.044228,-0.220705,-0.111576,-0.105686,-0.011877,0.21205,0.194539,0.015634,0.127324,-0.34078,0.030299,0.052773,0.06118,-0.378414,-0.120835,-0.152136,0.041524,-0.297928,-0.199823,0.145255,-0.480144,0.367747,-0.044499,-0.411616,0.068652,-0.203595,0.028515,0.131951,-0.079402,-0.266579,-0.200514,0.131954,-0.052351,0.12355,-0.091689,-0.027479,-0.274691,-0.244407,-0.151363,0.09196,-0.103591,0.057667,-0.107097,0.086716,0.000889,0.65265,-0.074935,-0.114492,-0.156835,-0.381024,0.345428,0.066066,0.141691,0.198828,-0.168325,-0.095222,-0.104684,-0.043161,0.107203,0.388196,0.048434,-0.160681,-0.041299,-0.264513,-0.279422,0.189482,-0.006402,0.070073,-0.074576,0.044213,-0.03301,-0.273356,0.268555,0.216708,0.073091,0.590353,0.007015,-0.016828,0.052812,0.425597,0.024473,0.288283,-0.030418,-0.14858,0.260273,-0.282567,-0.090854,0.273712,#
12,0.304207,0.358702,-0.097106,-0.188227,0.382242,-0.0172,0.224028,0.459417,-0.045414,0.305864,0.035717,0.125555,1.0,0.232232,0.19242,-0.16741,-0.0234,-0.063003,0.135032,-0.045641,-0.360847,0.187826,0.155678,-0.132364,-0.009904,-0.298986,-0.150905,-0.084251,-0.073284,0.072082,-0.018611,-0.245499,0.007447,-0.214505,-0.269237,0.315415,0.05832,0.084249,0.038124,-0.093757,0.211891,-0.09599,0.062264,0.096087,-0.165301,-0.222331,0.003021,0.122952,0.053164,0.05697,-0.15755,0.270203,0.284947,-0.063891,0.227678,0.05794,-0.186456,-0.121206,0.230552,0.065568,0.199567,0.20393,-0.203583,-0.233089,0.102578,0.050151,0.077454,-0.297015,0.336497,-0.122058,0.553832,-0.165961,-0.588531,-0.305626,-0.077011,0.594051,0.083832,-0.071983,0.005283,-0.467355,-0.043494,-0.214401,-0.238136,-0.018865,-0.242858,-0.023858,0.029207,0.19891,-0.161223,-0.18905,-0.014819,-0.243299,-0.38467,0.015737,-0.250416,0.076988,0.034166,0.004527,0.361615,-0.202769,-0.010677,-0.139538,0.092286,-0.196909,0.081836,-0.043222,-0.222445,-0.296712,-0.230906,-0.277208,0.161198,0.249738,-0.028695,-0.210977,-0.005367,-0.344845,-0.165191,-0.089056,0.087684,-0.278552,0.090717,-0.367298,-0.101475,-0.340303,-0.065898,0.076996,0.306915,0.384919,0.175334,-0.038207,-0.31239,0.339396,-0.325411,0.062742,-0.135877,0.039213,-0.009453,-0.211011,-0.107179,-0.02024,-0.016101,-0.01909,-0.178421,0.000262,0.388768,0.53038,-0.544097,0.2686,0.017101,-0.699401,-0.133426,-0.159714,-0.144914,-0.249147,-0.016092,-0.062731,0.138281,0.084795,-0.150749,-0.403104,0.026551,-0.156825,-0.127733,0.32468,0.472237,0.141048,-0.048123,-0.055558,-0.463653,0.199679,-0.155686,0.313407,0.088898,0.411646,0.381175,-0.31812,0.052543,0.125433,0.253496,-0.127827,0.143038,0.127494,0.025179,0.181421,0.057526,-0.210348,0.421663,-0.260287,-0.172851,0.426438,0.221674,0.100636,0.433751,0.200896,-0.065166,-0.236374,0.264664,0.031271,0.105077,0.072147,#
13,0.063695,0.331178,0.1572,-0.02304,-0.021431,-0.042398,-0.237997,0.165093,0.224873,0.313732,-0.552249,0.073012,0.232232,1.0,0.296576,0.054987,-0.170004,0.452871,0.191533,-0.057292,-0.230324,0.324237,0.530627,0.303675,0.172948,-0.009043,0.200187,0.061766,-0.123842,0.480987,-0.085713,0.079005,0.425365,-0.020476,-0.297116,0.505265,0.277484,-0.452679,0.221271,-0.224325,0.006298,0.299659,0.14905,0.550943,0.067706,-0.33252,0.187108,-0.005,-0.039268,0.095775,-0.074844,0.051061,0.156936,-0.105434,-0.23466,-0.101652,0.091191,-0.194164,0.124794,0.101576,0.013159,0.218516,-0.263698,-0.016562,-0.219689,0.038807,-0.124018,0.281845,-0.316227,0.104758,-0.072527,0.365635,-0.389909,-0.163269,-0.25784,0.072123,-0.187855,-0.429299,-0.284818,-0.299874,0.173304,-0.355123,-0.354787,0.215492,-0.201101,-0.12358,-0.285866,0.126183,-0.057115,-0.292208,0.378119,-0.069945,-0.551314,0.236365,-0.186078,0.020615,-0.176477,0.051436,-0.095692,-0.118282,0.149942,-0.075553,0.063386,-0.281872,0.188772,-0.082963,0.008681,-0.001424,-0.181431,-0.326188,0.333464,0.402474,0.130203,-0.106698,0.219677,-0.140607,-0.375539,-0.367788,0.378156,-0.578395,-0.315936,-0.3925,0.004613,-0.335398,-0.289425,-0.108278,0.093004,-0.109648,-0.1084,-0.166477,-0.082209,0.303723,-0.170616,-0.510606,-0.535033,-0.3678,0.320514,0.044422,0.092748,-0.35423,-0.085719,-0.210568,-0.356557,-0.272911,-0.281633,-0.004601,-0.111754,0.189775,-0.304529,-0.371858,-0.308944,-0.185777,-0.186924,-0.237523,0.090108,0.076815,0.353951,0.172142,-0.024046,0.04501,0.271268,0.060321,0.030313,0.110232,0.219911,0.271327,-0.221283,-0.168652,-0.251172,-0.046577,-0.354077,0.097087,-0.317688,0.137688,-0.014878,-0.126847,-0.218316,0.09129,0.62312,-0.339186,0.145038,-0.248072,-0.398276,-0.105778,0.179861,0.168794,0.340169,-0.237139,-0.263643,0.144637,0.386523,0.107096,0.116437,0.459784,-0.374512,-0.249905,0.284362,-0.392799,0.435646,-0.121688,#
14,-0.033063,0.38282,-0.036945,-0.256761,-0.109638,0.260826,0.147829,0.059638,0.239999,0.447783,0.010377,-0.048651,0.19242,0.296576,1.0,-0.066952,-0.11461,0.307686,0.413251,-0.181938,-0.395019,0.358695,0.211426,0.251864,-0.00657,-0.035385,-0.038307,0.071308,-0.218878,0.039338,-0.172048,0.048473,-0.007512,0.000726,-0.138125,0.202723,0.06915,-0.078847,0.227053,-0.04728,-0.351539,0.230996,0.178145,0.179776,0.396893,-0.169407,0.133247,0.157278,0.371102,-0.092984,0.093975,-0.155346,-0.249057,-0.294353,0.251233,-0.244136,-0.04909,-0.232697,-0.059229,-0.318133,0.331034,-0.062145,-0.437633,0.274013,-0.062601,0.044344,-0.180264,0.155419,0.143075,0.029974,0.190101,0.081702,0.063689,-0.627596,-0.285808,0.249687,0.040422,-0.197367,-0.080727,-0.467176,0.075312,-0.590542,-0.611504,-0.12945,-0.374244,0.062871,-0.169518,0.044484,-0.071528,-0.169364,-0.194473,-0.035417,-0.266946,0.335467,-0.429667,-0.13544,-0.413332,-0.178815,-0.096112,-0.024229,-0.12655,-0.340607,0.031762,-0.335005,0.029155,-0.36602,-0.451642,-0.05506,-0.434165,-0.300728,0.062871,0.408313,-0.330151,-0.325547,-0.166213,-0.329456,-0.28902,-0.339812,0.376484,-0.413806,-0.135508,-0.35958,-0.339209,-0.344557,-0.322908,-0.317991,0.020079,0.367317,0.122859,-0.279824,0.030442,0.136245,-0.487787,-0.274646,-0.236168,-0.283294,0.198707,-0.068086,-0.043047,-0.43162,-0.259104,0.05786,-0.458136,-0.367422,-0.391717,0.16321,-0.162167,0.439329,-0.334571,-0.094108,-0.46822,-0.56316,-0.049287,-0.520653,-0.006487,-0.610603,-0.016336,0.137236,-0.461212,-0.301305,0.090691,-0.071951,0.197103,0.299766,0.275243,0.454764,-0.376121,0.172513,-0.407943,-0.006525,0.260726,0.094999,-0.315405,0.046975,0.552575,-0.218401,-0.24166,0.217832,0.442552,-0.319359,0.479485,-0.188586,-0.182892,0.23675,0.435812,-0.358832,-0.070288,-0.129571,-0.316279,0.175962,0.211544,0.384943,0.505881,0.336715,0.138058,0.152769,0.266201,-0.206629,0.178335,0.051954,#
15,-0.005809,-0.24828,-0.405554,0.050793,-0.057353,0.088066,-0.11881,0.100493,-0.219202,0.185913,-0.084607,-0.021152,-0.16741,0.054987,-0.066952,1.0,-0.024155,-0.051119,-0.211228,0.138244,0.060037,-0.281928,0.136418,0.07861,-0.045582,0.4202,0.022261,-0.215402,0.136577,0.090494,0.087519,-0.17656,0.116305,0.169346,-0.159213,0.074455,-0.137403,0.197974,0.156551,0.354097,-0.241956,-0.21517,-0.73725,0.01635,0.186096,0.131163,0.23778,-0.000291,-0.468367,0.005781,0.222995,0.161681,-0.311465,-0.032088,0.215407,-0.106637,0.244544,0.218245,-0.109434,-0.011614,0.216618,-0.196072,-0.099026,-0.012906,-0.031926,0.248814,-0.346946,0.188781,-0.330778,-0.028539,-0.151537,-0.093827,-0.165674,0.222887,0.025414,-0.11547,0.013751,-0.002783,-0.041682,0.219229,-0.042862,0.132751,0.167327,0.364579,0.363619,-0.250442,-0.096332,-0.106065,0.081052,-0.074247,0.209606,0.363619,0.128505,0.298323,0.084493,0.436159,-0.155972,-0.098658,0.038498,-0.054077,-0.13421,-0.124571,-0.194481,-0.074288,0.214672,-0.20597,-0.222416,0.445757,0.182285,-0.027488,-0.232046,-0.041934,0.120718,-0.06747,0.092789,0.275595,0.128315,-0.20098,0.226281,5.2e-05,-0.16525,0.125675,0.21454,0.07988,-0.147866,0.288555,-0.130226,-0.247138,0.167769,-0.228591,-0.355641,0.246267,0.005577,-0.098414,-0.149045,-0.10201,-0.036245,-0.099941,-0.03601,-0.25058,0.370034,0.141599,0.132214,0.047051,0.175361,-0.179005,0.513108,0.053737,-0.103216,-0.090896,0.232469,0.183869,-0.1179,0.178988,0.114407,0.193758,0.114355,-0.003409,-0.039906,0.067772,0.076028,0.120112,-0.206251,-0.201497,-0.302718,0.02733,0.016527,-0.190964,0.17244,-0.074205,0.080037,-0.222432,0.093125,-0.299835,-0.20786,-0.043629,-0.115844,-0.209273,0.01059,0.121799,-0.054056,-0.168628,-0.22447,0.007146,0.469681,0.000632,0.352797,0.127468,-0.235481,-0.023919,0.232672,-0.105928,-0.067083,-0.029929,-0.355732,-0.279028,0.084432,-0.153204,0.206369,-0.191688,#
16,0.074046,-0.022488,-0.431884,-0.099815,0.000305,0.438374,-0.053552,-0.162097,-0.372176,-0.117488,0.087915,0.388255,-0.0234,-0.170004,-0.11461,-0.024155,1.0,-0.265978,0.172707,-0.082788,0.178344,-0.273665,-0.14388,-0.31521,-0.373917,-0.315892,-0.238319,-0.183989,-0.058996,-0.13132,0.142392,0.237873,0.23367,0.256661,0.014045,0.071765,0.080306,0.082119,-0.372337,0.228303,0.176477,0.300199,0.100039,0.109193,-0.057272,0.05583,-0.090688,-0.01106,0.031516,0.103491,0.016716,0.032125,0.188952,-0.198661,-0.080693,-0.091448,-0.096569,0.217913,0.221059,-0.092933,0.095825,0.246541,0.27731,-0.256634,0.080568,0.135322,-0.113169,-0.103099,0.199584,-0.250124,-0.265583,-0.041196,0.081894,0.125267,-0.033126,0.218962,-0.344975,0.045943,0.003961,0.438892,0.015458,0.182189,0.159552,-0.248339,-0.078209,-0.299467,-0.042153,0.256175,-0.17076,-0.278226,-0.373786,0.087244,0.180409,-0.219988,-0.019246,-0.197772,-0.443031,-0.232852,-0.136405,0.100325,0.030674,-0.090177,-0.157873,-0.087842,0.193237,0.063856,0.336394,-0.146309,0.121832,0.120614,-0.138853,0.008586,-0.116387,0.230658,-0.193375,-0.084868,-0.226032,0.151719,-0.222016,0.106007,-0.026572,-0.051452,0.019713,-0.108416,0.002428,-0.059698,-0.283124,-0.089373,0.197445,-0.027197,-0.193215,0.030444,0.020365,0.400962,-0.108144,-0.20093,0.009554,-0.419848,0.159593,-0.001925,-0.378495,0.133668,0.005314,0.406307,0.273091,0.031508,-0.07499,-0.093509,-0.216277,-0.08275,-0.02312,0.096779,0.039266,0.243725,-0.379778,-0.180087,-0.162773,0.140629,-0.228685,-0.003898,-0.092386,-0.214979,0.170741,0.137345,0.017093,0.211339,0.219457,-0.105222,0.279483,-0.241642,0.043776,0.270629,-0.114451,-0.339789,0.159163,-0.434124,-0.1462,0.123652,-0.313739,0.141597,-0.482005,0.025609,0.288991,0.181001,0.042103,0.02742,0.219066,0.238667,0.131897,-0.282677,-0.028413,0.279281,0.09712,-0.103323,0.180535,0.092715,0.211199,0.169923,-0.439862,-0.067536,#
17,-0.432335,0.463891,0.522717,0.090149,-0.213621,0.007324,-0.147098,0.007094,0.570734,0.220471,-0.387351,-0.107377,-0.063003,0.452871,0.307686,-0.051119,-0.265978,1.0,-0.06335,0.505644,-0.142099,0.080682,0.269636,0.38005,0.082338,0.108342,0.261588,0.266694,-0.260065,0.111382,0.135168,0.304729,0.157641,0.050544,-0.179027,0.090618,0.386496,-0.136458,0.038658,0.058393,0.025765,0.184255,0.066298,0.149539,0.394395,-0.47108,0.138102,0.330895,0.534413,0.048272,-0.081659,-0.327223,0.201985,-0.122341,-0.285027,-0.047797,-0.013365,-0.584343,-0.275845,-0.220551,-0.171298,-0.161193,-0.186481,-0.016278,-0.084023,0.187932,0.024357,0.261874,-0.053733,0.482896,0.218484,0.281385,-0.008244,-0.081996,0.107425,-0.230777,0.194827,-0.296133,0.149123,-0.222194,0.456978,-0.06638,-0.149596,0.250965,0.00245,0.12115,0.026025,0.004422,0.173647,0.109723,0.281774,0.340181,-0.244235,0.521003,-0.105167,0.251718,0.305229,0.186973,0.026719,-0.027631,-0.180047,0.08584,0.199918,0.271683,0.022174,0.031468,-0.097086,-0.070958,-0.112459,-0.301413,0.474109,0.099479,0.183355,0.119883,0.35615,0.021058,-0.072721,-0.338661,0.547068,-0.515314,0.260307,-0.251052,-0.168163,0.028462,-0.070152,-0.003427,0.053744,-0.01114,-0.01571,0.031454,0.293792,0.334544,0.023926,-0.452497,0.109869,-0.063103,0.28273,0.162985,-0.013619,-0.062103,0.047171,-0.120683,-0.398811,-0.550156,-0.247327,0.142504,0.195814,-0.041636,0.333991,-0.024637,-0.121342,-0.201131,0.371496,0.02008,-0.126538,-0.092579,0.405,0.354238,-0.111498,0.325379,0.257913,0.329063,-0.092222,0.286173,0.178242,0.212637,0.129368,-0.072349,-0.166118,0.28126,-0.407999,-0.249995,-0.101207,0.038722,-0.032356,0.27155,0.009076,0.087745,0.408561,-0.527435,0.157939,-0.138631,-0.710754,-0.282634,-0.236771,0.108568,0.027064,0.010042,-0.443626,-0.189438,0.298376,-0.300061,-0.109604,0.293994,-0.373145,0.063249,-0.048608,0.112956,0.609707,0.035238,#
18,-0.172955,-0.037427,-0.104378,0.012877,0.109001,-0.142603,-0.005353,0.008295,0.143858,0.052513,0.252664,0.040503,0.135032,0.191533,0.413251,-0.211228,0.172707,-0.06335,1.0,-0.418814,-0.114132,-0.090649,0.077862,0.0528,0.097906,0.050933,-0.112399,0.428494,-0.332082,0.210006,-0.033288,0.103396,-0.031183,0.132054,0.298476,0.042477,0.146351,-0.247287,-0.057132,0.049988,0.069584,0.260735,0.409366,0.338191,0.051054,0.046401,-0.104831,-0.266325,0.184564,-0.085934,-0.034575,0.26022,0.035557,-0.145889,0.192164,-0.098655,-0.259797,0.151543,0.094178,-0.136693,-0.180774,-0.037807,-0.080695,0.465199,0.020241,-0.051584,0.035539,-0.246713,0.057816,-0.179102,-0.016163,-0.056852,-0.094679,-0.195426,-0.002471,0.196309,-0.072671,-0.015472,0.154681,-0.407652,-0.054004,-0.093647,-0.372156,-0.198709,-0.331781,-0.091083,-0.212492,0.381741,-0.109648,-0.159606,-0.093747,-0.135581,-0.003853,-0.169335,-0.400303,-0.146398,-0.273225,-0.375934,-0.246694,-0.14914,-0.04754,-0.156185,0.2819,-0.508905,0.04931,0.035158,-0.101809,-0.073911,0.119654,0.097571,-0.21485,0.353414,-0.204652,-0.131991,-0.1958,-0.206219,-0.03963,-0.167311,-0.255922,0.166545,-0.31726,-0.169385,-0.16975,-0.183088,-0.025196,-0.294181,0.235638,0.341521,-0.148437,-0.153689,0.005534,-0.072669,-0.325225,0.109083,-0.087949,-0.201761,0.072585,-0.025514,-0.202818,-0.08392,-0.381004,0.185108,-0.073395,-0.158393,-0.183022,0.013121,-0.352709,0.224527,-0.344051,-0.282515,-0.526416,-0.139911,-0.186387,-0.297697,-0.049802,-0.451707,-0.216152,0.034223,-0.303976,-0.311875,-0.161256,-0.044671,0.258306,0.029486,0.290312,-0.123512,-0.224203,0.276916,0.112565,0.08832,0.182022,0.477136,-0.136099,-0.235464,0.426852,-0.026,0.095711,0.434973,0.032656,-0.119416,0.058792,0.207606,0.363153,0.335985,0.393844,-0.232766,-0.037544,-0.147853,0.211631,0.236654,-0.159485,0.394465,0.550243,0.054548,0.053755,0.165678,0.556318,-0.08973,-0.434284,-0.040934,#
19,-0.095138,0.138203,0.329694,0.274285,-0.185143,0.031058,-0.296475,0.023427,0.065962,-0.097979,-0.052351,-0.424795,-0.045641,-0.057292,-0.181938,0.138244,-0.082788,0.505644,-0.418814,1.0,0.360678,0.028481,-0.008973,0.014883,-0.119199,-0.059985,0.089269,-0.235401,0.112759,-0.091804,0.509185,0.305245,0.154655,0.275139,-0.13874,-0.272096,0.424446,0.228589,-0.380517,0.05708,0.26901,-0.026533,-0.191753,0.178467,0.197202,-0.458582,0.280013,0.261188,0.326809,-0.173091,-0.236261,-0.066239,0.414304,-0.094114,-0.272511,0.141621,-0.012712,-0.235028,0.02474,-0.201283,-0.160567,-0.152745,0.007775,-0.243084,0.068022,0.040638,-0.111147,0.304472,-0.101581,0.262062,0.301713,0.191902,-0.009133,0.104233,0.269015,-0.218348,0.370184,0.197905,0.461046,0.114606,0.452161,0.269367,0.357918,0.424668,0.18913,0.117311,0.370097,-0.156837,0.361374,0.100307,0.279406,0.354327,0.157319,0.354361,0.126188,0.442513,0.317395,0.354351,0.247602,0.170664,-0.551867,0.274842,0.218509,0.439289,0.38085,0.043603,0.082664,-0.215956,0.058445,-0.144537,0.469243,-0.113005,0.022062,0.452062,0.519061,0.204188,-0.047699,-0.13884,0.209804,-0.276167,0.27187,0.098572,-0.128767,0.052171,0.013716,0.44814,-0.283563,-0.177405,0.021755,0.215743,0.289967,0.34786,0.547527,-0.233447,0.280029,0.142347,0.088353,0.130649,0.158494,0.101386,0.190821,0.211822,0.167619,-0.266358,0.292204,0.178454,0.382438,-0.37823,0.673395,0.159771,0.403604,0.073304,0.517773,0.354672,0.038451,0.237844,0.415877,-0.075048,0.132114,0.323289,0.253739,0.326366,-0.380891,0.071705,-0.035084,-0.098949,0.471142,-0.301992,0.046523,0.12287,-0.564554,-0.25053,0.25228,0.255993,-0.339889,0.283036,0.028426,-0.414469,-0.078356,-0.018504,-0.16793,-0.157282,-0.506674,-0.108087,-0.56004,0.200481,0.356211,0.02252,-0.129131,-0.369328,0.315276,-0.644616,-0.265673,-0.192085,-0.363204,0.121674,-0.364927,0.534256,0.425354,-0.164392,#
20,0.229311,-0.353577,0.007106,0.311062,-0.162608,-0.072443,-0.431983,-0.063925,-0.358198,-0.455847,0.097404,0.021488,-0.360847,-0.230324,-0.395019,0.060037,0.178344,-0.142099,-0.114132,0.360678,1.0,-0.307798,-0.5211,-0.199721,-0.041177,0.072909,-0.211773,-0.226704,0.172199,-0.040036,0.353705,0.215799,0.08071,0.348424,-0.045746,-0.38126,0.095356,0.085987,-0.274971,-0.09218,0.333709,0.182643,-0.040989,0.209237,-0.351828,-0.059987,-0.008332,-0.046608,-0.030391,-0.320663,-0.186609,-0.027157,0.339717,0.055292,-0.01579,0.03017,-0.106213,0.156032,-0.089539,0.139862,-0.16459,0.174285,0.419274,-0.163994,-0.128293,-0.135194,-0.177059,0.139505,-0.332721,-0.191795,-0.045622,-0.035307,0.031359,0.43302,-0.051549,-0.288712,-0.080895,0.520475,0.112045,0.433052,0.112009,0.438378,0.516413,0.056476,-0.105095,-0.350815,0.233926,0.128123,0.354706,0.088789,-0.062874,0.05482,0.456109,-0.10885,0.225196,0.278736,0.020985,0.391747,-0.07187,0.306694,-0.084702,0.328313,-0.09961,0.088838,0.43382,0.204005,0.181417,0.265918,0.318407,0.2971,-0.028068,-0.04264,-0.246945,0.576346,0.395365,0.523204,0.072782,0.082389,-0.098282,0.233734,-0.037708,0.130497,-0.068463,0.352771,0.156187,-0.057821,-0.551687,-0.345557,-0.325266,0.358248,0.270109,-0.091245,0.42964,0.048216,-0.026063,0.075386,0.155499,0.23414,0.274671,0.272493,-0.017037,0.158253,0.44847,0.163938,0.168455,-0.382956,0.365294,-0.687405,0.221881,0.420622,0.119164,0.268209,0.17219,0.36096,-0.107658,0.166669,0.17263,-0.188583,0.297905,0.151922,-0.07126,0.051026,0.130084,-0.260592,-0.418484,-0.46308,0.245191,-0.299952,0.362326,-0.079152,-0.202939,-0.050825,0.320669,-0.06139,-0.518147,0.368606,0.025553,-0.498169,-0.454907,0.685297,-0.232483,0.16264,-0.069119,-0.004676,-0.192002,0.571038,0.198305,0.28682,0.416065,-0.268922,-0.03997,-0.214592,-0.276449,-0.439769,-0.298962,0.020475,-0.032084,0.221519,-0.052356,-0.212047,#
