0,1.0,-0.13127,-0.002409,-0.272803,0.274522,0.063436,0.448017,-0.318163,0.165648,-0.205153,0.693581,0.015191,0.22303,0.261028,0.068735,0.027813,0.001539,-0.406959,0.505199,0.36095,-0.02826,0.155776,0.116825,-0.245265,-0.304044,0.084587,-0.032243,0.154681,0.37991,-0.178159,-0.308802,0.213694,0.113595,-0.303994,0.191021,0.077136,0.017539,0.089833,-0.235253,0.246763,-0.134546,0.062846,0.179963,-0.135359,-0.011988,-0.097542,0.261123,0.255111,-0.51032,-0.040939,0.2821,-0.095634,0.026217,-0.214866,0.010456,0.067598,-0.246788,0.291066,0.134309,-0.171402,0.189369,-0.033199,-0.06224,0.09878,-0.192944,-0.055901,-0.163926,0.174083,-0.161665,-0.03965,0.316381,0.152239,0.366924,-0.379367,-0.174248,0.293588,-0.422579,-0.155177,-0.15815,-0.141172,0.124048,0.096563,-0.265047,-0.495289,-0.113578,0.092293,-0.186045,-0.180852,-0.140344,-0.120582,-0.607252,-0.026831,0.045403,-0.253446,-0.082698,-0.314778,0.164243,-0.621551,-0.346119,0.07551,0.351364,-0.08341,-0.065711,-0.412501,-0.027835,-0.193444,-0.231513,0.126514,-0.248205,-0.12632,-0.216573,-0.032835,-0.514018,-0.243211,0.164045,-0.019225,-0.053881,0.132637,-0.013183,-0.389131,-0.23797,0.062562,-0.003837,0.147426,-0.070786,0.116848,0.023402,0.311323,-0.092221,-0.122208,-0.156457,-0.445315,0.082502,0.136231,0.312774,-0.048864,-0.024985,-0.099437,0.391599,0.096942,-0.059616,0.302758,0.10815,-0.07422,-0.403797,-0.000688,-0.180797,0.004621,-0.403797,-0.154746,0.021254,-0.162604,-0.144131,-0.012495,0.15497,-0.064693,-0.064038,0.0188,-0.437551,0.007455,0.2469,-0.263153,0.147142,-0.320439,0.214211,0.076305,0.262401,0.080206,-0.38656,0.071923,0.154103,-0.289723,-0.0832,0.139507,-0.183535,0.068065,-0.1229,-0.079556,0.214299,-0.305302,-0.096124,0.036451,0.220249,0.255181,-0.095099,-0.110644,0.16134,0.211064,0.40497,0.181305,-0.2384,0.157825,0.448329,0.023752,0.227449,0.049599,-0.426309,0.016493,-0.078661,-0.27874,#
1,-0.13127,1.0,0.213096,-0.089435,0.101218,-0.053557,-0.050696,0.029001,-0.225752,-0.00403,0.061559,0.299229,0.328999,0.060615,-0.29271,0.038842,-0.008039,0.146155,-0.109773,-0.205733,0.10222,0.04366,0.036803,-0.441695,-0.011197,-0.495031,-0.259491,-0.211497,0.062852,0.132863,0.111669,-0.120306,-0.221739,0.222789,0.245663,0.199919,-0.196548,-0.2531,-0.048121,0.080508,-0.287969,-0.129073,0.159409,-0.030043,-0.346066,0.166043,-0.232583,0.114005,0.398992,0.357314,0.001792,0.082047,-0.029057,0.301529,-0.072678,-0.273928,0.076357,0.034735,0.073359,-0.032898,0.03435,-0.488408,0.202272,0.028241,0.259357,0.350832,-0.154634,0.488118,0.165305,0.167304,-0.042364,-0.144165,-0.305898,0.050296,0.195153,-0.100444,-0.029739,0.072855,0.228559,-0.372785,-0.180249,-0.181579,0.001452,-0.011961,-0.120267,0.026891,-0.054774,0.157698,0.040188,0.091966,-0.008508,0.208103,-0.084014,0.075106,-0.227391,0.029056,0.133617,0.354603,0.154336,0.210732,0.000584,-0.214691,0.209985,0.2205,-0.081457,-0.052155,0.200072,0.047705,-0.427375,0.209285,0.378086,-0.402727,0.035485,0.017462,0.001292,-0.097757,-0.095372,0.177845,-0.090367,-0.0628,0.013846,0.17279,-0.246134,-0.179087,0.078754,-0.157381,-0.085597,-0.092986,-0.122584,-0.165129,0.330122,-0.016987,-0.015525,0.011028,-0.155441,-0.171628,0.18556,-0.001861,-0.059346,-0.222297,-0.11317,-0.30294,0.251051,0.116171,0.200043,-0.218141,-0.549977,0.058571,0.181263,0.146523,0.021222,0.039272,0.158682,-0.039684,-0.094525,-0.001876,-0.135011,0.029302,0.073202,0.246265,0.044143,0.004691,-0.050845,0.349453,-0.111594,0.195959,0.200761,0.216762,0.14621,-0.054115,0.442491,0.12453,-0.255816,-0.1484,-0.039235,-0.086719,-0.089439,0.273397,-0.135151,0.164661,-0.047675,-0.1395,0.258069,-0.058236,0.385261,-0.051621,-0.10162,-0.172719,0.18733,0.211335,0.204537,0.22253,-0.276458,-0.06017,0.097337,-0.204331,0.0868,0.066866,-0.07133,-0.03119,#
2,-0.002409,0.213096,1.0,-0.736463,0.12387,-0.226868,0.040677,-0.174286,0.250657,0.389343,-0.141694,-0.313821,0.264747,0.20447,-0.433879,-0.114072,-0.26234,0.300519,0.110233,0.02731,-0.132124,-0.158348,0.01316,-0.034843,0.05367,-0.15366,-0.017143,-0.113178,0.091563,0.091502,-0.144819,0.361403,-0.326459,0.014203,0.120674,0.233935,0.077416,0.431598,0.010529,-0.271484,0.20255,0.011867,-0.097151,-0.180044,-0.062888,-0.50358,-0.159388,0.001816,-0.060297,0.173851,0.192784,-0.368503,0.066433,-0.140514,-0.215969,0.017339,-0.022315,-0.349936,0.141029,-0.097966,0.436003,-0.262045,-0.10256,-0.121817,0.336584,0.361953,0.129626,0.046456,0.28485,0.250609,-0.179998,0.20193,-0.452154,-0.083611,-0.149396,-0.244104,-0.106281,-0.109761,-0.028397,0.002113,0.14247,-0.055231,0.190534,-0.019475,-0.175773,0.391669,0.020306,-0.007698,-0.127914,-0.012793,0.143176,0.126171,0.082771,0.192181,0.018086,0.044071,-0.283269,-0.052758,0.051218,-0.152445,-0.402759,-0.354678,0.073468,0.064119,0.402774,-0.116714,0.09332,-0.246908,0.117506,0.029778,0.092287,-0.283972,-0.085586,-0.029285,0.104788,-0.246638,-0.036394,0.345646,-0.124422,-0.123517,-0.044329,0.098943,0.137758,-0.434987,-0.229925,0.157782,0.471151,-0.131923,0.361294,-0.186389,0.271372,-0.030306,-0.092065,0.031207,0.168879,-0.252475,0.167392,0.34461,-0.220513,0.200755,-0.090406,0.157126,0.162027,-0.242887,-0.106281,-0.026509,-0.271484,-0.014575,0.054605,0.059085,-0.199396,0.441521,-0.141981,-0.100053,0.125874,-0.203748,0.157816,0.062285,0.175646,-0.091261,0.074484,-0.023795,-0.216904,0.402774,-0.128213,0.051675,0.21104,0.061013,0.105191,0.038406,-0.141078,-0.046209,0.023467,-0.237597,-0.262714,0.104798,0.039065,-0.01124,0.114867,-0.393421,0.246129,0.028862,-0.281045,-0.105766,-0.071645,0.211065,0.276319,0.079283,-0.252881,-0.43926,0.134629,-0.236442,-0.152664,0.21466,-0.022779,-0.065905,0.150402,0.289005,0.328858,0.160323,#
3,-0.272803,-0.089435,-0.736463,1.0,-0.182981,0.183402,-0.205542,0.267308,-0.293577,-0.136302,0.068174,0.25219,-0.25385,-0.343881,0.19219,-0.124233,0.257036,-0.029768,-0.127891,-0.14249,0.107998,-0.180611,-0.161224,0.077681,0.194792,0.123388,-0.047749,0.070564,-0.078898,-0.019682,0.261804,-0.427007,0.363472,-0.021744,-0.174744,-0.018518,-0.245852,-0.302777,-0.03943,0.193493,-0.129377,-0.330067,-0.0033,0.092337,0.05227,0.532586,-0.126979,-0.184366,0.286965,-0.157831,-0.324979,0.485076,0.188581,0.374439,0.313677,-0.029049,0.203055,0.202496,-0.166485,0.098741,-0.427128,0.050117,0.012741,-0.170621,-0.363025,-0.197807,-0.015971,0.030905,-0.249608,-0.146274,-0.127103,-0.211242,0.228648,0.292179,0.276701,-0.291495,0.347335,0.090813,0.111017,0.048924,0.01586,0.110432,-0.023514,0.082385,0.033415,-0.169009,0.1078,0.116427,0.220641,-0.104884,0.140869,-0.010596,-0.117485,-0.190691,0.181398,0.37394,0.085292,0.216968,-0.079277,0.184794,0.271601,0.302546,0.185966,0.199683,-0.309743,-0.10025,0.030256,0.279319,-0.034911,0.00133,-0.04426,0.265462,0.130483,0.305205,-0.0709,0.288339,0.092358,-0.055539,0.057846,0.234829,0.303226,0.000953,-0.231028,0.387464,0.29497,0.01586,-0.451962,0.022512,-0.237806,0.360149,-0.076877,0.4919,0.178247,-0.293968,-0.16986,0.28858,0.070815,-0.069588,-0.035499,-0.164483,-0.03532,-0.231987,0.146659,0.297728,0.358709,-0.131937,0.193493,-0.237698,0.192364,-0.225287,0.267316,-0.241437,0.174228,-0.103233,0.016695,-0.023758,-0.230169,-0.219239,-0.14846,0.077113,-0.067102,0.167421,0.059249,-0.277798,0.049492,-0.313978,-0.039536,-0.284498,-0.003336,-0.006101,0.114414,0.294643,0.119815,0.397579,0.41433,0.034589,-0.018472,-0.032474,-0.152321,0.584803,-0.313795,0.204392,0.064085,-0.149996,0.028742,-0.109764,-0.135382,0.104852,0.237255,0.274196,-0.008908,0.080099,-0.140834,-0.417646,-0.13678,-0.01009,-0.093604,-0.404652,-0.438837,-0.192498,#
4,0.274522,0.101218,0.12387,-0.182981,1.0,0.143381,0.093557,0.001008,-0.095015,-0.104872,0.430599,-0.0768,-0.003927,-0.267744,-0.175448,0.058291,0.382726,-0.176512,-0.206976,-0.065518,-0.126785,-0.255122,0.066528,-0.21713,-0.121112,-0.048491,-0.309198,-0.146389,-0.18326,-0.355758,-0.387414,-0.094873,0.231695,-0.255844,0.148763,0.119832,-0.015905,-0.166594,0.129688,0.248255,-0.247982,-0.252773,-0.300095,-0.063152,-0.139454,0.085778,0.024938,-0.239528,0.005205,0.077729,0.033697,-0.012968,-0.093882,-4.3e-05,-0.013266,0.013186,-0.121016,0.410734,-0.083837,0.188795,-0.195956,-0.198725,0.172841,-0.212402,-0.31343,-0.057604,0.522426,-0.099094,-0.23873,-0.474775,0.288208,0.058412,0.032702,-0.003058,0.418343,-0.046274,-0.163074,-0.007777,0.110902,-0.231907,-0.293006,0.34165,0.145578,-0.051364,0.105423,-0.115681,-0.090298,0.083357,0.058084,0.258937,-0.034759,0.396926,0.145624,0.107487,0.042389,0.062288,0.494647,-0.082367,0.036966,-0.258328,0.126061,0.135587,0.177088,0.003202,-0.025033,-0.154907,0.18157,0.004557,0.000728,0.10655,0.05352,0.02216,-0.207901,0.130787,-0.374676,0.395004,-0.002193,0.41317,-0.576427,-0.13451,-0.217637,-0.128006,-0.399028,0.097408,0.059689,-0.082367,-0.178187,-0.092678,-0.254142,-0.229347,-0.013211,-0.217637,0.018592,0.101136,0.093538,-0.006803,0.409547,-0.022034,-0.155084,0.050667,0.033469,-0.093728,-0.022034,0.280344,-0.163074,-0.323292,0.2323,-0.094919,0.177088,-0.131234,0.115047,-0.030198,-0.35504,0.207769,-0.050882,-0.209827,0.075891,0.031919,-0.293006,0.047449,-0.368186,-0.381597,0.005121,0.304208,0.123192,-0.145136,-0.070675,-0.007617,0.087328,0.309802,0.264989,-0.18213,0.194256,-0.078185,-0.119392,0.137143,0.105349,-0.374819,-0.167565,-0.127907,-0.159737,0.444213,0.084576,-0.320744,0.155517,-0.178798,-0.062985,0.178042,0.258192,0.244731,0.158469,0.040296,0.236792,0.060836,-0.211568,0.124835,0.149986,0.363867,-0.1456,-0.377765,#
5,0.063436,-0.053557,-0.226868,0.183402,0.143381,1.0,-0.009059,0.303472,-0.099065,-0.074658,0.082859,-0.071416,-0.032692,-0.298597,0.031138,-0.091737,0.245213,-0.158819,0.181001,-0.160386,-0.03794,-0.101672,0.058082,-0.135651,-0.260635,0.31523,-0.233786,-0.04823,0.316667,-0.032947,-0.304154,0.217987,0.048101,0.14563,-0.007308,-0.042176,0.037183,-0.240175,-0.218266,0.197072,-0.266519,0.043153,-0.193836,-0.230948,-0.118909,0.200368,0.081321,-0.170962,0.205904,0.041684,0.041111,0.069808,0.457696,0.191391,0.052422,0.080436,-0.000548,0.385592,-0.172627,0.236852,-0.069231,-0.147717,0.058297,0.318722,-0.333798,-0.27093,-0.028727,-0.052773,-0.06669,-0.377217,0.093491,-0.320803,0.054237,0.116019,-0.065358,0.309705,0.165203,0.269652,-0.059897,0.035499,-0.193529,-0.062167,0.13771,0.248929,0.193011,-0.164175,-0.07797,0.108794,0.041623,-0.11617,0.124862,0.225175,0.048707,-0.204959,-0.005824,0.201283,-0.009597,-0.17951,-0.084363,-0.215045,0.293776,0.12978,0.345192,-0.14393,-0.316083,-0.30597,0.029959,0.446521,-0.38953,-0.055537,0.117213,0.468829,-0.070982,-0.215286,0.119228,-0.132835,0.098225,0.271479,0.079926,-0.081346,0.125673,0.000673,0.097426,0.065326,-0.286408,0.207252,0.027555,-0.136255,-0.237168,0.192413,0.094927,-0.231181,0.169364,0.099795,-0.365808,-0.040515,0.075758,0.459216,0.179589,0.354521,-0.215766,-0.064034,-0.211418,0.341994,0.170939,-0.251313,0.181331,-0.131547,-0.161431,-0.240276,0.08815,-0.438693,0.411674,-0.118933,0.232223,-0.033428,0.019346,-0.388746,-0.55514,-0.112478,-0.222697,-0.030252,0.289532,-0.294171,0.053424,-0.101905,-0.020382,-0.287985,-0.024568,-0.39449,-0.020997,-0.226846,-0.151055,0.005836,0.073675,0.029039,-0.027737,-0.166709,-0.116358,0.15255,0.206866,0.041535,0.11111,0.059384,0.202934,-0.292199,0.196549,-0.072941,0.079887,0.098399,0.189936,0.103304,0.041988,-0.209155,-0.077142,0.281161,-0.077577,-0.063931,-0.103203,-0.374044,#
6,0.448017,-0.050696,0.040677,-0.205542,0.093557,-0.009059,1.0,-0.227563,0.330279,0.119928,0.155533,-8e-05,0.204436,0.251729,-0.07637,0.163191,0.018284,0.138077,0.275266,0.459287,-0.295219,-0.014264,0.10653,-0.15232,-0.159086,0.113735,-0.135238,-0.106065,0.711951,-0.274767,-0.205092,0.093934,-0.077841,-0.223069,0.067497,-0.057298,0.327914,-0.157146,0.116492,0.182904,0.172656,0.109847,0.071178,-0.193848,0.005263,-0.30484,-0.09439,-0.016529,-0.198299,-0.124445,0.077815,-0.431647,0.23832,-0.080353,0.342095,-0.191045,-0.089216,-0.100134,0.271597,-0.189949,0.512096,0.006397,-0.088723,0.28455,0.222888,0.256084,-0.045775,0.195054,0.244709,-0.076499,0.220505,-0.019847,0.006783,-0.750243,-0.283562,0.005027,-0.411287,-0.379555,-0.176914,-0.1948,-0.326218,0.052919,0.079091,-0.349311,-0.35332,0.053914,-0.31266,-0.301886,-0.503227,-0.510832,-0.596085,-0.17141,-0.527722,-0.15614,-0.45708,-0.501017,-0.095951,-0.318731,-0.4401,-0.106432,-0.002589,-0.089841,-0.236247,-0.378418,-0.304524,-0.527763,0.086125,-0.106274,-0.104389,-0.289925,0.219068,-0.134851,-0.219772,-0.420726,-0.005537,-0.358521,-0.174634,0.041687,0.13754,-0.446549,-0.419064,-0.07106,-0.189772,-0.064759,-0.217631,-0.116603,0.116832,0.311645,-0.207791,-0.203225,-0.202291,-0.42554,-0.086221,0.071665,0.056875,-0.424932,0.045127,-0.084966,0.337666,-0.274191,-0.307483,-0.152212,-0.101715,-0.396917,-0.405501,-0.151502,-0.229901,0.510267,-0.402246,-0.491374,-0.184554,-0.560377,-0.295941,-0.182564,-0.161016,-0.100563,0.299326,0.315559,-0.344517,-0.353329,0.288279,-0.431421,0.244961,0.033518,-0.199825,0.27959,0.114218,-0.05726,-0.491548,-0.06998,0.19725,-0.261061,-0.190462,-0.121676,0.022478,-0.374803,-0.078673,0.433086,0.290986,-0.425557,0.284917,0.000112,-0.104823,0.440198,-0.182125,-0.561833,0.084973,-0.00324,-0.070197,0.260384,-0.40386,0.2627,0.270423,0.24119,0.132744,-0.298843,-0.16139,-0.007191,0.04479,0.085317,#
7,-0.318163,0.029001,-0.174286,0.267308,0.001008,0.303472,-0.227563,1.0,-0.392715,0.06679,-0.35609,-0.299509,0.20155,-0.183241,0.325234,-0.066055,0.219508,0.042468,0.078594,-0.383257,0.227337,0.128932,0.105309,0.133335,-0.090119,0.181309,-0.243281,-0.43055,-0.152223,0.106364,-0.184603,-0.134961,0.09172,0.198749,-0.149836,-0.177507,-0.196423,-0.236534,-0.149459,0.071585,0.140781,-0.138188,-0.126523,-0.264323,0.106256,0.012338,0.203272,-0.200022,0.115446,-0.108924,-0.147606,-0.220652,0.15525,-0.192481,-0.087623,-0.006968,0.558897,-0.191213,-0.163524,0.634419,-0.212211,-0.329795,-0.210132,-0.019779,-0.033267,-0.126468,0.138068,-0.18187,-0.244665,-0.160587,-0.105211,-0.111452,-0.525814,0.241573,0.070637,-0.118722,0.040922,0.138696,-0.188416,0.22505,-0.190269,-0.399329,-0.067809,0.015186,0.237438,-0.219534,0.287185,0.064843,0.240379,0.277273,0.204864,-0.138154,0.071233,-0.220918,0.092572,0.228873,-0.252887,0.224082,0.268313,-0.129714,-0.215503,0.175014,0.115876,0.088948,-0.129485,0.168416,-0.204756,-0.028817,-0.131792,0.182585,0.336345,0.081882,0.181887,0.229542,0.082252,0.161789,0.175664,-0.213242,0.002675,0.064858,0.229348,-0.205677,0.078081,0.20287,-0.235845,-0.163049,-0.03499,-0.113972,-0.162406,-0.000865,-0.194064,0.192647,0.06036,-0.203049,-0.161446,0.264012,0.161499,0.137859,-0.08656,-0.221988,-0.332929,-0.292197,-0.3888,0.185695,-0.203664,-0.192933,0.04272,0.105917,0.081686,0.122588,-0.220769,-0.149898,0.137202,-0.095244,-0.110866,-0.402193,0.117485,0.189694,-0.130536,0.21915,-0.233803,0.228062,0.148805,0.005246,0.231749,-0.269263,-0.484146,-0.180388,0.122196,0.197015,-0.187258,-0.001493,-0.331286,-0.151666,0.132603,-0.232558,-0.160443,-0.054399,-0.014532,0.075369,0.026763,0.008479,0.222114,0.05752,0.017408,-0.212565,-0.015936,-0.172261,-0.171943,0.178821,-0.142315,-0.134896,-0.2308,0.018114,-0.028751,-0.034602,-0.030589,-0.116948,-0.242013,0.191981,#
8,0.165648,-0.225752,0.250657,-0.293577,-0.095015,-0.099065,0.330279,-0.392715,1.0,0.244832,0.104319,0.28027,-0.236786,0.145905,-0.057335,-0.191827,-0.466943,0.02216,0.078166,0.375722,0.109882,-0.097552,0.005181,0.055463,-0.015123,0.234148,0.047592,0.236009,0.102516,-0.326624,-0.204225,0.329706,0.162158,-0.00911,-0.138787,-0.220081,0.321692,0.291465,0.203117,-0.152926,0.12745,0.208865,-0.357209,-0.127534,0.07743,-0.177519,-0.090098,0.304804,0.033514,-0.139979,-0.184344,-0.23218,0.293534,0.120995,0.20697,0.055427,-0.330528,-0.045375,-0.166788,-0.241141,0.103157,0.018322,0.063789,0.185503,0.350273,0.231356,-0.093608,0.223347,0.426202,0.073235,-0.024245,0.205363,0.253186,-0.094838,-0.333836,-0.105444,0.081557,-0.105007,0.045467,0.1767,0.009841,0.037189,0.210422,-0.114805,-0.002779,0.319438,-0.517354,-0.185139,0.138885,-0.490564,0.032213,-0.128903,-0.131955,0.029332,-0.052628,-0.022574,-0.028015,-0.356788,-0.224115,-0.047684,-0.159293,0.186312,-0.056264,-0.050498,0.207854,-0.288681,0.124891,-0.111751,0.063752,-0.05562,-0.012184,-0.175539,-0.091423,-0.159807,0.198216,-0.1769,0.068359,0.002824,-0.260263,-0.064283,0.028313,0.113166,0.389804,-0.235006,-0.278886,0.229295,0.404416,-0.265689,0.106093,0.173932,0.269112,-0.154726,-0.265291,-0.163244,0.208988,0.06818,-0.159521,0.205646,0.18965,0.324179,0.086952,0.311524,0.022318,-0.281187,0.107304,-0.291491,-0.152926,0.011264,-0.066488,-0.110686,0.384964,0.097742,-0.325964,-0.116097,0.316999,0.206125,0.206639,0.240175,0.03945,-0.288496,0.028202,0.014176,0.041657,-0.064384,-0.329352,-0.214583,0.15914,-0.072444,-0.095959,-0.047202,-0.180998,-0.161026,-0.040694,0.013879,0.101336,0.215208,0.361086,0.03863,0.233816,-0.15429,0.145006,0.185065,-0.450044,0.112127,-0.266564,0.113007,0.226932,0.088941,-0.311857,-0.155857,0.093585,0.014134,-0.014701,0.187374,0.161884,-0.124851,-0.325677,-0.270132,0.249484,-0.14914,#
9,-0.205153,-0.00403,0.389343,-0.136302,-0.104872,-0.074658,0.119928,0.06679,0.244832,1.0,-0.139796,-0.132681,0.308777,0.423393,-0.252807,-0.098656,-0.550501,0.476289,-0.008306,0.090144,-0.079927,-0.073397,0.229305,0.160834,-0.036774,-0.015812,-0.204539,-0.126463,0.181643,0.316263,0.043015,0.007298,0.078991,-0.037594,-0.152758,0.209266,0.356634,0.116227,0.042542,-0.292476,0.436837,0.060377,-0.098996,-0.362538,0.029836,-0.331427,0.052484,0.304563,0.333407,-0.186459,-0.29802,-0.376628,0.489695,-0.289125,0.080332,-0.151863,-0.177295,-0.428875,-0.028274,0.19641,0.307842,-0.183599,-0.548683,-0.041041,0.323809,0.306868,0.04362,0.055051,0.275363,-0.069605,-0.130475,0.274032,-0.503669,0.016742,-0.051271,-0.252259,-0.02102,-0.241053,0.018412,0.26611,-0.173397,-0.330662,-0.204237,0.331272,-0.315321,0.067005,-0.133512,-0.059524,-0.161269,-0.132909,0.085752,0.135729,-0.307905,-0.03208,-0.280099,0.197149,-0.563612,-0.007917,0.287895,-0.388144,-0.476442,-0.277176,-0.315965,0.117425,0.047672,-0.17912,-0.071471,-0.640388,0.343012,-0.202827,0.356509,0.171322,-0.287243,-0.279448,0.00447,-0.500129,-0.057175,0.167092,0.226163,-0.14869,-0.238381,-0.140756,-0.12915,-0.248154,-0.458173,0.484865,0.564273,-0.239841,-0.182766,-0.385633,0.122608,0.131289,-0.561286,-0.019858,-0.201938,-0.281233,0.102072,0.316981,-0.23459,-0.090767,-0.018801,-0.266986,-0.224012,-0.392728,-0.13709,-0.34221,-0.292476,0.316918,-0.233682,-0.227971,-0.258656,0.133483,-0.144783,-0.580123,0.24258,-0.454119,0.645941,0.430586,-0.016603,-0.565173,-0.322755,0.130048,0.117279,0.121982,0.10531,0.094903,-0.188254,-0.397572,0.316774,-0.242977,-0.271788,-0.079392,-0.255801,-0.343898,0.446721,-0.266831,0.035081,-0.111571,0.364629,-0.270815,0.643077,0.321638,-0.592082,-0.273241,0.172878,-0.002355,0.193944,0.150092,-0.619913,0.120051,-0.30242,-0.476028,-0.113385,0.422936,-0.241689,-0.080987,0.211514,-0.02406,0.298225,0.387023,#
10,0.693581,0.061559,-0.141694,0.068174,0.430599,0.082859,0.155533,-0.35609,0.104319,-0.139796,1.0,0.147232,-0.037286,0.153811,-0.060409,-0.023395,0.110037,-0.2613,0.197723,0.317523,-0.046317,-0.131431,0.015106,-0.374434,-0.066224,0.19228,-0.166324,0.264382,0.110058,-0.326561,-0.046215,-0.066729,0.197352,-0.2215,0.084268,0.171247,-0.29383,0.141812,-0.145842,0.271817,-0.382818,-0.297364,0.085393,0.050644,-0.103451,0.215841,-0.039565,0.215459,-0.098716,0.036967,0.161349,0.164574,0.143195,-0.007231,-0.018711,0.155588,-0.354655,0.533727,0.039978,-0.205444,-0.070057,0.019372,0.11513,-0.334492,-0.515772,-0.090705,0.131693,0.276488,-0.356579,-0.230148,0.256154,0.129008,0.451477,-0.083612,0.026914,-0.031087,-0.086205,-0.087104,0.051524,0.00918,0.025024,0.214055,-0.167669,-0.119515,0.00918,0.147198,-0.170544,0.004928,-0.028347,0.023559,-0.328815,0.338805,0.069257,-0.175874,-0.039194,-0.02499,0.412447,-0.338692,-0.188779,0.173294,0.231893,0.013316,0.113233,-0.215504,-0.092352,-0.277074,0.11716,0.075523,-0.112621,0.1575,-0.210529,0.065843,-0.454663,0.035892,0.046793,0.256612,-0.147976,0.172405,-0.159993,-0.186346,-0.139668,0.352482,-0.13942,0.140932,0.006812,0.240686,-0.289008,0.257997,-0.290663,-0.157929,0.080348,-0.330125,0.099467,-0.132204,0.220615,-0.0866,0.259373,-0.173267,-0.070382,0.151361,0.092816,0.148949,0.386795,0.233233,-0.060903,-0.182147,-0.152897,-0.071207,-0.067601,-0.096657,0.385231,-0.081305,-0.077051,-0.106997,0.111977,0.03186,-0.267665,-0.01918,-0.346394,0.109708,-0.076484,-0.142326,0.246841,-0.347847,0.174207,-0.064333,0.156831,-0.073626,-0.099888,0.169108,0.185811,-0.150924,0.221133,0.24526,-0.077874,0.23066,-0.049258,-0.158271,-0.113551,-0.034614,-0.22157,0.194051,0.119366,-0.070754,0.073562,-0.077096,0.121618,0.483608,0.430964,0.276904,0.094011,0.038993,0.155614,-0.176219,0.182457,-0.126999,-0.27899,-0.066834,-0.224679,-0.513598,#
11,0.015191,0.299229,-0.313821,0.25219,-0.0768,-0.071416,-8e-05,-0.299509,0.28027,-0.132681,0.147232,1.0,-0.237486,0.006029,0.113511,-0.198106,-0.082084,-0.266837,-0.113331,0.016054,0.128018,-0.025209,0.015106,0.032165,-0.078743,-0.160908,-0.007015,0.227944,-0.062356,-0.104391,0.135319,0.071487,0.197352,-0.016115,0.245326,-0.223471,-0.12886,-0.289516,0.14927,-0.152897,-0.242,0.220647,-0.135226,0.001886,-0.288978,0.542937,-0.30458,0.149279,0.137352,0.022084,-0.380364,0.349835,-0.099308,0.297387,0.254346,-0.155855,-0.347551,0.187175,-0.344403,-0.302117,-0.249751,-0.198559,0.226099,0.2914,0.203258,-0.007548,-0.326848,0.428942,0.288289,-0.011561,0.009853,-0.240745,0.268837,0.083345,0.17277,-0.065392,0.106536,0.29235,0.044696,-0.145057,-0.153839,-0.109638,0.181049,-0.120281,-0.138415,-0.191961,-0.171283,-0.173271,0.315866,-0.153133,-0.144088,-0.099954,0.069257,-0.176734,-0.019722,0.144781,0.471119,0.03187,-0.007296,0.34314,0.245106,0.221764,0.087187,0.124977,-0.371925,-0.094596,0.097738,0.05602,-0.093975,-0.034849,0.130833,-0.129264,0.087648,0.035892,-0.105925,-0.164063,0.286266,0.00149,-0.054021,-0.038471,0.043735,0.11909,0.046617,-0.000777,0.160021,0.061823,-0.099199,-0.351645,-0.0689,0.343574,0.100549,0.029627,-0.246637,0.025362,-0.157372,0.252096,-0.374434,-0.146634,0.251124,-0.188935,0.281329,0.001766,0.366429,0.172905,0.435461,-0.402234,-0.152897,-0.14058,0.08049,-0.096657,0.384471,0.100613,0.122643,0.066982,0.136803,0.374929,-0.033386,-0.007542,0.224426,0.088635,-0.069512,0.03278,0.056876,-0.081651,-0.497728,-0.053202,0.355287,0.091782,0.118399,-0.224166,0.3477,0.239155,-0.044717,0.244402,0.290258,0.059833,0.340021,0.216397,0.052459,0.543535,-0.204088,0.176855,0.100574,-0.231285,0.077729,0.122213,-0.19158,-0.066834,0.270488,0.065248,0.093019,0.466479,-0.019364,-0.011283,-0.008093,0.055821,-0.285766,-0.095291,-0.022287,-0.334669,#
12,0.22303,0.328999,0.264747,-0.25385,-0.003927,-0.032692,0.204436,0.20155,-0.236786,0.308777,-0.037286,-0.237486,1.0,0.580917,0.02987,0.291114,-0.185368,0.419684,0.343828,0.188637,0.04962,0.194982,0.537291,0.082716,-0.074559,-0.300067,0.101812,-0.047895,0.436111,0.249238,-0.040453,0.084149,-0.036239,0.136877,-0.082285,0.129808,0.178105,-0.022389,-0.149233,0.129947,0.059321,0.102092,0.225047,-0.221744,-0.215068,-0.458641,0.492885,0.386033,0.036817,0.065187,0.152593,-0.270107,0.19522,-0.232659,-0.165868,-0.155547,0.249589,-0.403529,0.072627,0.275001,0.393615,-0.378114,-0.329201,0.334748,0.26877,0.027408,-0.205288,-0.032153,0.035954,0.115228,-0.1085,0.265547,-0.386594,-0.237152,-0.180277,0.139573,-0.317117,-0.154607,-0.105851,0.030464,0.077648,-0.384053,-0.504809,-0.098311,-0.147639,0.1513,0.004605,-0.019945,-0.085051,0.011725,-0.36127,0.236686,-0.231059,-0.353342,-0.227499,-0.095471,-0.388381,-0.144991,0.136273,-0.462455,-0.257799,-0.306275,-0.122719,0.029345,0.138191,-0.023017,-0.132581,-0.200148,-0.033675,-0.284341,0.26679,-0.116381,-0.193164,-0.135508,0.29001,-0.347579,-0.127476,-0.003219,0.181587,-0.222808,0.053503,-0.19139,-0.255857,-0.276037,-0.373511,0.094207,0.292598,0.247347,-0.109928,-0.334398,0.013811,-0.165985,-0.294012,0.293419,0.096861,-0.033792,0.082716,0.042103,0.229405,-0.227669,-0.454053,0.004351,-0.121677,-0.343791,-0.317117,0.005347,-0.326624,0.415507,-0.330717,0.011841,-0.428351,-0.004868,0.052953,-0.20789,0.001708,-0.305272,0.386399,0.116104,-0.145451,-0.192031,0.220543,0.037397,0.138151,0.151133,0.441403,0.214543,0.156542,0.242208,-0.229029,-0.065132,-0.173227,-0.150443,-0.590636,-0.09249,-0.007103,-0.235357,-0.266951,0.058937,0.11687,-0.305195,0.216628,0.032394,0.188782,0.04243,0.281427,-0.164508,0.264978,0.246918,-0.171363,0.32426,-0.239326,-0.31245,-0.046592,0.374255,0.035542,0.137137,0.198293,0.034088,0.208785,0.407013,#
13,0.261028,0.060615,0.20447,-0.343881,-0.267744,-0.298597,0.251729,-0.183241,0.145905,0.423393,0.153811,0.006029,0.580917,1.0,0.1168,0.183477,-0.499546,0.212339,0.418251,0.430547,0.108706,0.2935,0.447629,0.135849,-0.004105,-0.074345,0.253105,0.354767,0.341422,0.075581,0.326444,0.268095,-0.111521,0.195179,-0.300817,-0.20912,0.114162,0.300229,0.117005,-0.295542,0.103698,0.369003,0.161019,-0.13255,-0.193057,-0.363341,0.211407,0.553548,-0.182509,-0.168152,0.09255,-0.315325,0.219319,-0.482892,-0.198148,-0.032959,-0.163945,-0.309118,-0.004568,-0.170619,0.52884,0.053046,-0.381571,0.197645,0.309246,-0.052604,-0.151682,-0.128746,0.138638,0.028618,-0.146768,0.339281,-0.176222,-0.305825,-0.393633,0.121277,-0.237894,-0.043898,-0.1484,0.251212,-0.011631,-0.365072,-0.440664,0.009286,-0.267253,0.240784,-0.092529,-0.080958,-0.166772,-0.068747,-0.451677,0.154864,-0.132849,-0.222251,-0.318752,-0.177958,-0.297417,-0.162165,0.150389,-0.20238,-0.34833,-0.282778,-0.355547,-0.182874,0.063837,0.046516,-0.183549,-0.478985,0.182341,-0.214989,0.048402,0.105297,-0.41679,-0.056142,0.363718,-0.503473,-0.069015,-0.242869,0.432636,-0.283182,-0.046447,0.074876,0.019897,-0.266289,-0.431131,0.214171,0.180103,0.201296,-0.143539,-0.416135,-0.077307,-0.26022,-0.400505,0.025639,0.197772,-0.123445,-0.085353,-0.118181,0.176269,-0.32065,-0.05871,0.228997,-0.0497,-0.401546,-0.36256,0.011871,-0.295542,0.501961,-0.375805,0.059786,-0.16656,0.165176,0.099695,-0.338624,-0.074882,-0.050807,0.483169,0.249266,0.04706,-0.316714,0.110886,-0.060901,0.348806,-0.147647,0.136611,0.450703,0.187949,0.166183,-0.174795,-0.207184,-0.263602,-0.257641,-0.291768,-0.178133,0.009389,-0.299564,-0.016729,0.289411,0.335384,-0.364832,0.298793,-0.233593,-0.171746,0.096616,0.020926,-0.031824,-0.044338,0.34724,-0.395805,0.128095,-0.309566,-0.294943,-0.154869,0.438085,0.234953,-0.289166,-0.078175,-0.195456,0.336692,0.295317,#
14,0.068735,-0.29271,-0.433879,0.19219,-0.175448,0.031138,-0.07637,0.325234,-0.057335,-0.252807,-0.060409,0.113511,0.02987,0.1168,1.0,-0.252149,-0.023537,-0.179633,0.047657,0.081241,0.477623,-0.032094,0.120447,0.410064,-0.067625,0.219379,0.515235,0.016413,-0.13903,-0.078082,-0.058179,0.084825,0.305305,-0.124472,-0.282782,-0.50311,-0.171732,-0.142559,0.025571,-0.249375,-0.115962,0.335748,-0.144731,0.05689,0.326874,-0.121247,0.221283,-0.017051,-0.130939,-0.063716,-0.018029,0.226317,-0.046345,-0.228914,-0.211046,0.259099,0.146133,0.142755,-0.29237,0.164064,0.051015,0.194871,-0.002143,0.113694,0.018736,-0.336097,-0.090265,-0.291508,0.037543,-0.249527,-0.053508,-0.176458,-0.037273,0.017439,-0.410838,0.074829,-0.317875,0.408036,-0.596642,0.406024,-0.041429,-0.336713,-0.133042,-0.114466,-0.091315,-0.001413,0.277121,0.096411,0.30165,-0.094938,-0.315087,-0.147619,0.199738,-0.267897,-0.007745,-0.045394,-0.17459,-0.288973,-0.008244,-0.096927,-0.096852,0.040543,-0.130274,-0.480834,-0.201255,0.332496,-0.332514,0.032471,0.149817,0.273782,-0.199509,0.170999,0.048179,0.060778,0.424178,0.003701,0.033455,-0.395917,-0.039612,-0.360089,0.073602,-0.289503,0.272395,0.255617,-0.206247,-0.273501,0.044383,0.202437,-0.280421,-0.073839,-0.298398,-0.124769,-0.310205,-0.265778,-0.040106,0.191429,-0.398513,0.049563,0.301416,-0.189946,-0.193062,0.459732,-0.114073,0.200936,-0.311896,-0.080685,0.160781,0.163792,-0.15307,0.361422,-0.079047,-0.108976,0.150372,0.361739,-0.123475,0.044817,0.196773,0.059847,-0.060339,0.350598,-0.073264,0.059717,-0.029001,-0.250964,0.132978,-0.011437,-0.08058,0.017986,-0.094711,-0.104823,-0.388052,0.037966,-0.208471,0.120958,0.111868,-0.431345,0.085094,-0.118097,0.192298,-0.025757,-0.178494,-0.119579,0.331987,0.034138,0.001423,-0.322557,-0.016941,-0.146988,-0.078851,0.160846,-0.100439,0.200982,0.125181,0.218918,-0.081453,0.031827,-0.098585,-0.346238,-0.1902,-0.148798,#
15,0.027813,0.038842,-0.114072,-0.124233,0.058291,-0.091737,0.163191,-0.066055,-0.191827,-0.098656,-0.023395,-0.198106,0.291114,0.183477,-0.252149,1.0,0.28811,0.132262,-0.082786,0.170464,-0.229214,0.179233,0.164041,-0.177472,-0.027066,0.028058,-0.133302,0.111814,0.120257,-0.102174,0.231575,-0.086927,-0.042284,0.202541,0.009576,0.176403,0.092864,0.10843,0.024898,0.27556,0.116674,-0.092125,0.126885,0.248605,-0.301332,-0.202038,0.418003,0.021744,-0.082309,0.233365,0.341165,-0.24252,-0.250461,-0.011184,0.196695,-0.193589,0.041573,-0.20784,0.044286,0.221982,-0.117019,0.218371,0.117287,0.204396,-0.05968,-0.362776,0.117893,-0.13228,-0.4663,0.03955,-0.014477,0.347997,0.282915,-0.111279,-0.004392,0.21005,-0.050545,-0.458751,0.388926,0.004929,0.039735,0.07713,-0.161555,0.216048,0.353383,-0.187823,-0.006825,-0.366562,-0.217071,0.331741,0.007598,0.091272,-0.289354,0.01415,-0.364521,-0.214876,0.170649,0.006061,0.153198,-0.012232,0.03762,0.211296,-0.226235,0.445705,0.208621,0.061598,0.443021,-0.089199,0.060952,-0.419671,0.102167,-0.17727,0.088512,0.023876,-0.312442,0.030417,0.235403,-0.180237,0.04751,0.229608,0.027993,0.14863,-0.129355,0.111453,0.160401,0.039735,-0.115552,0.242153,0.038036,-0.147257,-0.06838,-0.170884,0.127227,0.498229,0.237062,-0.098108,0.043564,-0.513373,0.114184,-0.009952,0.121504,-0.174334,-0.136404,-0.471618,-0.050545,0.358263,0.259079,0.237772,-0.245756,-0.116034,-0.112166,-0.092896,-0.074928,0.05725,-0.121251,0.400042,0.012484,0.044808,0.215876,-0.094218,0.169721,-0.142701,0.303532,-0.119332,0.258814,0.083599,-0.012698,0.449401,-0.327004,-0.024146,0.149494,0.231509,-0.032989,-0.147419,-0.305704,0.07003,-0.239022,0.372588,-0.30985,-0.149556,0.079277,-0.150327,0.08145,0.25852,-0.12531,0.114817,0.092394,0.113121,0.11096,0.032442,-0.108122,-0.375557,-0.041953,0.011247,0.194151,0.051318,0.301063,0.095074,0.402517,0.369619,#
16,0.001539,-0.008039,-0.26234,0.257036,0.382726,0.245213,0.018284,0.219508,-0.466943,-0.550501,0.110037,-0.082084,-0.185368,-0.499546,-0.023537,0.28811,1.0,-0.08787,-0.150594,-0.014439,-0.231622,-0.143023,-0.124816,-0.102283,-0.130732,0.312924,-0.112928,-0.134524,0.01596,-0.27173,-0.181642,-0.260698,0.054975,0.08208,0.300628,0.079933,-0.412484,-0.170502,-0.033463,0.343977,-0.262403,-0.408585,0.053326,0.244475,0.008221,0.307254,-0.203473,-0.672959,-0.210646,0.160018,0.252577,0.030577,-0.384022,0.264376,0.214154,0.111747,0.36332,0.249799,-0.050657,0.208815,-0.419437,-0.084625,0.339831,-0.177554,-0.476055,-0.406187,0.445344,0.014603,-0.562679,-0.103406,0.196595,-0.239786,0.211374,0.038773,0.185087,-0.128357,0.166257,-0.020676,0.116305,-0.00742,-0.046693,0.408388,0.315834,0.09797,0.184168,-0.124337,0.370293,-0.175182,-0.101825,0.354997,-0.049952,0.051201,0.063187,-0.080134,0.252588,0.089378,0.433354,-0.070497,-0.13905,0.276517,0.108057,0.348576,0.324955,0.162835,-0.107959,-0.203815,0.336026,0.399752,0.034961,0.062461,-0.094378,-0.102167,0.393934,0.336191,-0.447308,0.351505,0.141397,0.012295,-0.145536,0.195502,-0.045379,0.236744,-0.283574,0.32897,0.370926,-0.253,-0.471162,0.20701,0.082833,0.167393,0.021426,-0.052646,0.525694,0.108893,0.163727,0.042525,0.366183,-0.238217,-0.25407,0.064089,0.121039,-0.16611,0.146707,0.367349,0.145557,0.190079,0.31032,-0.166228,0.138657,-0.271921,0.098395,-0.199292,0.208323,0.190593,-0.193398,0.129873,-0.38563,-0.285456,-0.070497,0.400839,0.032807,-0.030451,0.173668,-0.15757,-0.014397,-0.214282,0.074546,0.145721,-0.029145,0.288751,0.400907,0.202465,0.313022,0.14742,-0.380227,0.079841,-0.156991,0.158928,-0.46219,0.139162,-0.399493,0.012721,0.463023,0.168522,-0.259774,-0.204568,0.078661,0.017004,0.464416,-0.053514,0.275918,0.155174,-0.115258,-0.366972,0.007783,0.193534,0.14761,0.182853,-0.205792,-0.22828,#
17,-0.406959,0.146155,0.300519,-0.029768,-0.176512,-0.158819,0.138077,0.042468,0.02216,0.476289,-0.2613,-0.266837,0.419684,0.212339,-0.179633,0.132262,-0.08787,1.0,-0.257167,0.257193,-0.182526,-0.25933,0.14643,0.183329,0.089002,0.053544,0.161853,-0.178449,0.246007,0.084322,-0.031891,-0.241046,-0.050029,0.099054,-0.157323,0.205007,0.083435,0.052881,0.068164,0.106252,0.138519,-0.234234,0.066582,-0.102544,-0.063648,-0.313781,-0.100812,0.088294,0.505785,0.058817,0.12248,-0.310884,0.175819,0.120454,0.072563,0.09107,0.276974,-0.45239,0.103109,0.2119,0.276429,-0.187166,-0.224902,-0.006495,0.327301,0.24323,0.144003,0.084489,0.168226,0.136478,-0.240155,-0.049005,-0.40095,-0.012861,-0.114389,-0.227163,-0.019852,-0.327896,0.077653,0.232201,-0.080046,-0.160047,-0.162203,0.402404,-0.232247,0.200412,-0.104104,-0.091052,-0.228765,-0.158128,0.049756,0.099426,-0.472317,-0.053311,-0.232602,0.093918,-0.415213,0.06088,0.198514,-0.367105,-0.630756,-0.295335,-0.042829,0.177684,0.106668,-0.253595,0.347442,-0.188499,0.340819,-0.013454,0.286619,-0.226197,0.169368,-0.123513,-0.044292,-0.254649,-0.379346,-0.076662,0.095206,0.110682,-0.098492,-0.097827,-0.243038,-0.595868,-0.294601,0.126058,0.237452,0.135955,-0.03823,-0.106466,0.221804,0.021296,-0.346838,-0.075816,-0.027416,-0.179745,0.390472,0.057561,-0.327415,-0.018544,-0.3781,-0.178595,0.014834,-0.3254,0.101926,0.008654,-0.2468,0.46119,0.136774,-0.112495,-0.131246,0.064673,0.072071,-0.249184,-0.12379,-0.134633,0.21372,0.242149,0.108002,-0.270949,0.049889,0.169854,-0.140827,0.337956,0.058491,-0.003807,-0.07772,-0.163409,0.038462,0.05632,-0.24618,0.077023,-0.225297,-0.092291,-0.036431,-0.120605,-0.105651,0.062402,-0.098518,-0.147854,0.394816,0.219318,-0.117957,0.036286,0.327575,-0.129805,0.293762,0.269365,-0.517639,0.161004,0.061652,-0.420694,-0.210138,0.10192,-0.267163,-0.01706,0.353048,-0.008452,0.216845,0.435894,#
18,0.505199,-0.109773,0.110233,-0.127891,-0.206976,0.181001,0.275266,0.078594,0.078166,-0.008306,0.197723,-0.113331,0.343828,0.418251,0.047657,-0.082786,-0.150594,-0.257167,1.0,0.146951,-0.011131,0.365409,0.406098,0.095416,-0.055746,0.026063,-0.152416,0.285314,0.460758,-0.026738,0.000218,0.327971,-0.117005,0.157586,-0.068184,-0.060927,-0.029807,0.144255,-0.361885,0.13787,-0.067291,0.021509,0.240175,-0.352432,0.051749,-0.112531,0.148973,0.172771,-0.38445,-0.183582,0.190364,-0.088147,0.257921,-0.31395,-0.249868,0.136545,0.023927,-0.024903,0.20265,-0.15764,0.321076,-0.148581,-0.030903,0.14021,-0.183846,0.038582,-0.449173,-0.040683,-0.058529,0.246363,-0.085984,0.239671,0.016787,-0.504215,-0.342499,0.011225,-0.007489,-0.083333,-0.404813,0.067167,0.377752,-0.106303,-0.047028,-0.54235,-0.097906,0.1908,-0.034434,-0.069289,-0.237657,-0.12488,-0.344966,-0.025078,0.176703,-0.540039,0.153161,-0.251107,-0.198274,-0.159203,-0.403362,-0.03271,0.102113,-0.036248,0.024973,-0.26658,-0.020382,-0.104337,-0.464965,-0.083067,-0.194447,-0.195143,-0.180342,0.277714,-0.282163,0.017813,0.45403,-0.120602,0.102372,0.053363,0.263176,-0.279731,0.210619,0.182832,0.144131,0.032464,-0.329066,0.198044,0.039268,0.151622,0.212279,0.043318,-0.133836,-0.168241,0.182496,-0.016334,0.207545,0.164173,-0.135389,0.115537,0.258176,-0.032596,-0.245681,0.259198,-0.012396,-0.15909,-0.158472,0.084909,-0.21012,0.105784,-0.460817,-0.018098,-0.049138,-0.227424,0.211803,-0.273612,0.190276,-0.198008,0.056781,-0.022007,-0.315905,-0.100982,0.367007,-0.016532,0.298158,-0.291778,0.072755,0.202089,0.315712,0.167814,-0.263247,-0.01439,-0.081801,-0.345289,-0.184034,0.223165,-0.083308,0.04553,-0.230607,0.169447,0.224594,-0.181487,-0.067616,-0.256478,0.071982,0.213814,-0.285879,-0.109946,0.244837,0.139308,0.04453,-0.124237,-0.245184,0.027345,-0.156149,0.199133,0.522671,-0.099242,-0.423092,-0.09246,-0.184412,-0.157246,#
19,0.36095,-0.205733,0.02731,-0.14249,-0.065518,-0.160386,0.459287,-0.383257,0.375722,0.090144,0.317523,0.016054,0.188637,0.430547,0.081241,0.170464,-0.014439,0.257193,0.146951,1.0,-0.027403,0.035922,0.244025,0.16368,-0.134921,0.106154,0.376911,0.104966,0.53163,-0.189794,-0.141596,0.022626,0.100335,0.034731,-8.7e-05,0.017358,0.198884,0.250329,0.335336,0.164826,0.22272,0.045231,-0.082061,-0.127221,0.152946,-0.312739,0.100267,0.406095,-0.251183,-0.10661,0.059446,-0.195084,-0.007679,-0.09724,0.031946,0.150321,-0.077969,0.035734,-0.083956,-0.252684,0.228014,0.170163,0.010348,0.13592,0.022038,-0.221204,0.085063,0.192258,-0.000703,0.024546,0.099498,0.314377,0.330116,-0.376958,-0.502431,-0.015241,0.038337,-0.154093,0.007715,0.192345,-0.091479,0.089574,-0.24994,0.010823,-0.144745,0.455884,-0.18268,-0.36856,-0.138525,-0.162669,-0.604339,0.150184,-0.291416,-0.408507,0.065348,-0.135223,0.001527,-0.463897,-0.321706,-0.111118,-0.203766,0.248826,-0.259327,-0.239843,0.260887,-0.395343,0.26144,-0.070127,0.277716,-0.157833,-0.194616,-0.079337,0.006782,-0.059156,0.159299,-0.269858,-0.011451,-0.044822,0.179131,-0.112219,-0.242768,0.054029,0.004666,-0.187634,-0.137482,0.109782,0.056373,0.210049,-0.157698,0.032299,0.181364,-0.42,-0.268666,0.081483,0.15106,-0.068568,0.1552,0.070693,0.058285,0.067328,0.107691,0.30723,0.108873,-0.166745,-0.117974,-0.034596,-0.17993,0.303933,-0.245865,-0.19776,-0.004509,0.051875,0.042568,-0.384268,-0.069502,-0.063701,0.124558,0.111726,-0.034283,-0.365765,0.352227,-0.101038,0.198248,-0.310468,-0.116487,-0.102859,0.276689,0.047379,-0.200426,0.063458,-0.037107,-0.205433,-0.082735,-0.249901,-0.002846,-0.116978,0.084911,0.257627,0.082839,-0.330283,0.084403,0.037675,-0.201664,0.233149,-0.141259,-0.393269,0.284763,0.224547,-0.238214,0.141335,-0.055975,-0.241542,-0.070684,0.134955,0.304529,0.044668,-0.179696,-0.350713,0.404115,-0.056937,#
20,-0.02826,0.10222,-0.132124,0.107998,-0.126785,-0.03794,-0.295219,0.227337,0.109882,-0.079927,-0.046317,0.128018,0.04962,0.108706,0.477623,-0.229214,-0.231622,-0.182526,-0.011131,-0.027403,1.0,0.214811,0.291447,-0.077699,-0.05033,-0.144356,0.363814,0.160732,-0.30211,-0.194335,-0.096884,-0.029947,0.469837,0.038607,-0.490037,-0.539509,-0.133352,-0.208411,0.166318,-0.196015,0.050984,0.137155,-0.244547,0.083569,0.100158,-0.029384,0.136692,0.212319,-0.053347,-0.010006,-0.202785,0.337137,0.061044,0.113485,0.023468,0.361926,-0.025934,0.14422,-0.441872,0.151299,-0.112726,0.092949,-0.057596,0.011225,0.298641,0.006423,-0.196437,-0.066005,0.192517,0.136694,-0.407595,-0.049029,-0.068422,0.371953,-0.26455,0.017216,-0.024449,0.441201,-0.097642,0.122472,-0.011432,-0.145542,-0.12027,0.047932,0.122472,0.148976,0.059928,0.053197,0.479205,-0.033602,0.026043,0.196233,0.133218,0.168825,0.160069,0.29952,-0.217021,-0.202943,-0.099606,-0.134908,0.051071,0.206614,0.169175,-0.019819,0.296043,0.121538,-0.180697,0.059849,-0.145542,0.022358,-0.08995,-0.100643,-0.085803,0.210046,0.390143,-0.071576,0.161714,-0.268016,-0.264398,-0.039646,0.222417,-0.183593,0.084813,0.11992,0.189509,-0.205851,0.127811,-0.390162,-0.096794,-0.016479,0.245486,0.037513,-0.182104,-0.356787,0.17732,0.380859,-0.085284,0.367533,0.300106,-0.023948,-0.11234,0.374305,-0.117264,0.19301,-0.168944,-0.198336,-0.196015,-0.226281,0.147139,0.230796,0.242959,0.088652,0.035056,0.145422,-0.00216,-0.122016,0.177301,-0.115792,-0.177602,0.312667,0.016279,-0.121176,-0.070193,-0.279265,0.018809,-0.056223,0.22101,-0.016666,0.021701,-0.157667,-0.124249,-0.148476,-0.354456,-0.006312,0.279046,-0.178277,0.231302,-0.148404,0.429886,0.10144,-0.233324,-0.225391,0.262293,0.112097,0.080722,-0.026107,-0.078193,-0.112641,-0.277893,0.102317,0.223225,-0.079508,-0.06018,0.16149,-0.058087,-0.12803,-0.260167,-0.630062,-0.22044,-0.149655,#
