0,1.0,0.089709,-0.162532,0.181081,0.418186,0.211714,-0.042592,0.023432,-0.069685,0.246449,0.189827,-0.095174,0.239056,0.211769,0.459568,0.340639,0.095456,-0.267672,-0.00038,-0.326871,0.032211,0.107679,0.010947,-0.314074,0.031218,-0.25552,0.176777,0.179482,-0.130594,0.27946,-0.383821,0.177407,0.053631,-0.276629,0.149294,-0.136259,-0.24968,-0.10993,0.256268,-0.080752,0.189559,-0.042546,-0.241742,-0.147044,0.095753,-0.529022,0.108571,-0.415807,0.090835,-0.191709,0.122124,0.151191,-0.184488,-0.100707,0.052781,0.299311,-0.589419,0.237422,-0.016089,0.094844,0.115291,0.190159,-0.317342,-0.064743,0.023749,0.098358,-0.108832,0.195927,0.116811,0.148954,0.179591,0.192597,-0.108832,-0.071008,0.250182,0.122859,-0.415938,-0.041537,-0.263227,-0.266576,-0.301037,-0.187781,-0.070177,0.123831,-0.418867,-0.134748,0.0338,0.058284,-0.190797,-0.156858,0.11857,-0.536258,0.020012,-0.103664,-0.38324,0.151453,0.152471,-0.161902,-0.354184,-0.036976,-0.075862,-0.450863,-0.028936,0.344251,0.201838,-0.041537,0.124537,0.18497,-0.035371,0.124096,-0.063184,-0.108809,-0.023613,-0.072427,-0.491374,-0.036934,0.351534,0.092003,0.238508,-0.001469,-0.490784,-0.207334,-0.356531,-0.008925,0.148172,0.06443,-0.252537,-0.122015,-0.182375,-0.354337,-0.654201,-0.161017,-0.189498,-0.114807,-0.262182,-0.301207,-0.075336,-0.301167,-0.252977,-0.259807,-0.301138,-0.246127,-0.383854,-0.563928,-0.124853,-0.153722,-0.14881,0.184371,-0.104018,-0.276138,-0.309587,-0.060556,-0.229933,-0.014006,-0.223386,-0.276564,0.045914,-0.050957,-0.099952,-0.415252,-0.219047,-0.041537,0.344659,-0.072427,-0.191766,0.014708,-0.046297,0.133386,-0.276728,-0.276675,0.261626,-0.131239,-0.131696,0.217144,0.424941,-0.35235,-0.184445,0.022309,0.215143,-0.195925,0.172886,-0.032799,0.230836,0.287685,0.113752,-0.110454,0.027969,-0.225395,0.058638,0.056275,-0.458467,0.213009,0.151328,0.157175,-0.221795,0.004558,0.083329,-0.079536,0.234139,0.314819,#
1,0.089709,1.0,0.112242,-0.135232,0.111135,0.288929,0.310309,-0.384874,0.438853,0.349784,-0.016747,0.178208,-0.257763,0.490861,0.376346,-0.14575,-0.280677,0.393072,0.19015,-0.136227,0.207809,0.282154,0.394143,-0.104332,0.013086,-0.197876,0.187227,-0.0958,0.182979,0.427408,-0.411945,-0.416566,-0.020127,-0.243035,-0.235279,0.082603,-0.020683,-0.417518,0.01562,0.004677,0.070649,0.008562,-0.075613,0.080617,-0.09493,-0.235194,0.279816,0.035329,-0.131133,0.296184,-0.227769,-0.394536,-0.054013,-0.401471,-0.051738,0.258867,-0.066233,0.290402,0.001513,0.311532,0.217172,0.521897,0.199101,-0.127339,-0.00526,0.210199,-0.165629,-0.081023,0.23184,0.177238,-0.118787,0.183652,-0.165629,0.057975,-0.046397,0.189661,-0.279735,-0.068883,-0.622141,-0.028595,-0.082413,-0.520583,-0.497532,0.205545,0.259577,0.030042,0.047618,-0.431809,0.239203,-0.081495,-0.082533,0.164882,-0.208828,0.391976,-0.0206,-0.334259,0.217964,-0.216541,0.030058,-0.287863,0.238602,0.046932,-0.025873,0.043946,0.07959,-0.068883,-0.385351,-0.613007,0.278595,0.014187,0.010773,-0.165595,-0.441116,0.059011,-0.365616,-0.084128,-0.213847,-0.175394,0.16781,-0.566758,0.001395,-0.315537,-0.121532,-0.421065,0.114026,-0.128333,0.388597,0.22814,-0.316889,-0.338375,-0.138564,-0.245049,-0.103376,-0.342441,-0.364069,-0.4584,-0.114652,-0.253057,0.144209,-0.695797,-0.255379,-0.321385,-0.383004,-0.374756,-0.155424,-0.567322,0.213967,0.369235,0.042977,0.144558,-0.079198,-0.285728,-0.164536,-0.214538,-0.17291,-0.035367,0.242932,0.462577,0.07959,-0.097044,-0.296357,-0.254218,-0.032766,0.262918,0.254611,0.012524,-0.246991,-0.218414,-0.421146,-0.421065,-0.228198,0.033023,-0.234771,-0.268223,0.058926,-0.373385,-0.280702,0.404473,0.293638,-0.113121,0.427552,-0.079051,-0.068826,0.211828,0.33702,-0.124843,0.415999,-0.015407,-0.503465,0.469569,-0.221292,0.298359,0.204987,0.197863,-0.161659,-0.196633,-0.265628,-0.080608,-0.012757,-0.160542,#
2,-0.162532,0.112242,1.0,0.27922,-0.093437,0.047842,-0.0902,0.075977,0.1175,0.087087,0.15458,0.195734,-0.120204,0.054689,-0.342747,-0.066506,-0.158081,0.419631,-0.259826,-0.196578,0.067618,0.104858,0.266934,-0.073869,0.405773,0.062474,-0.390779,-0.168709,0.145977,-0.258246,0.105128,0.150529,0.058007,-0.009655,-0.122103,0.066959,0.225916,-0.29786,0.079192,-0.125705,0.073462,0.110686,0.188839,-0.267333,0.124337,-0.17113,-0.139643,-0.129272,0.047528,0.010255,0.042845,0.140428,0.223144,0.300909,0.044437,-0.084059,-0.089222,0.104077,-0.263875,0.167341,0.165322,-0.095461,-0.026782,-0.196396,0.303953,0.222528,-0.028826,0.364579,0.108329,-0.010491,-0.188638,-0.291178,-0.028826,0.009972,0.27186,0.045714,-0.14904,0.065524,-0.240354,0.062458,0.227948,-0.055361,-0.173242,0.20177,0.1556,-0.111662,0.211239,0.035829,-0.062029,-0.088676,0.16363,-0.070643,-0.277995,0.035671,0.005094,-0.146929,0.296465,0.167291,0.516549,0.048127,-0.100058,0.274836,0.238951,0.351512,-0.092828,-0.095291,0.165432,0.144738,-0.103055,0.020764,0.024442,-0.011047,-0.270755,0.286494,0.324677,0.085266,-0.357601,0.037508,-0.02385,0.115677,0.021305,-0.078135,0.448024,-0.031342,-0.071172,0.079946,-0.067286,-0.306322,-0.369366,0.067712,0.07234,-0.254343,0.009552,-0.066994,0.18198,-0.095866,0.173151,0.222176,0.173253,-0.06543,0.081601,0.483523,-0.038992,0.043442,-0.058006,-0.170627,0.038492,0.13059,0.140428,-0.009145,0.142501,-0.195441,0.005812,-0.008198,0.010307,-0.017247,0.263968,0.07358,0.290518,0.18457,0.210701,0.096947,0.110892,0.280215,0.115704,0.080762,-0.030272,-0.511574,1.5e-05,0.163114,0.111114,-0.205238,0.076192,0.000958,-0.204785,0.067093,0.0286,0.079294,-0.276208,-0.227285,-0.223099,-0.083762,0.002872,-0.207788,-0.022721,-0.239363,-0.014729,-0.343992,0.104371,0.183023,-0.213005,0.059023,0.373865,0.207057,0.264619,0.140333,0.007544,-0.27828,-0.248803,-0.248775,#
3,0.181081,-0.135232,0.27922,1.0,0.233645,-0.240608,-0.243177,0.397588,-0.157345,-0.093289,0.119809,-0.06977,0.048636,-0.409638,0.135355,-0.094756,-0.027895,0.223416,-0.46175,0.18615,-0.069563,-0.353665,-0.126265,0.03771,0.588638,0.277597,-0.378712,-0.105405,-0.154924,-0.094428,0.355487,0.396542,0.330597,0.015267,0.108074,0.149102,0.141486,0.062507,-0.103403,-0.058394,0.193982,-0.07078,-0.339457,-0.367613,0.626393,-0.271538,-0.363308,-0.122453,0.23463,-0.228084,0.250988,0.303334,0.158636,0.267789,-0.0354,-0.175587,0.062956,-0.058665,0.096698,-0.398649,-0.204809,0.240312,0.191662,-0.146447,-0.10842,0.189141,0.325051,-0.264964,-0.141063,-0.138223,-0.077022,-0.148079,0.325051,0.014791,0.437219,-0.076591,0.122486,0.10505,0.260687,0.23741,0.245873,0.242239,-0.119582,-0.055172,-0.20117,-0.379828,0.154968,-0.182779,0.2201,-0.017753,0.297971,-0.099352,0.259756,-0.213582,-0.120885,-0.269983,-0.267522,0.044875,0.262559,0.27055,-0.311191,0.069505,0.414852,0.531189,0.118992,0.244331,0.312368,-0.022229,0.269633,-0.053059,0.170021,0.020568,0.266334,0.178591,0.138252,0.425157,0.373993,0.236908,0.188324,-0.096197,0.152544,0.063319,0.105835,0.333375,0.312085,0.067982,-0.252182,0.034138,-0.01494,0.26056,0.102425,-0.153556,0.358503,-0.014849,-0.017354,0.239353,-0.180769,0.071233,-0.422669,0.082365,0.078147,-0.024212,0.191347,0.154156,-0.021225,0.12487,0.132372,0.079826,0.41594,0.011787,-0.027565,0.188033,-0.007771,-0.006242,0.326518,0.158394,-0.097581,-0.105076,-0.080319,0.140923,0.209039,0.279061,-0.104738,0.00729,0.214959,-0.279885,0.168536,-0.273593,0.161904,0.156545,-0.065019,-0.222834,0.026904,0.016064,-0.164381,0.314286,-0.261948,-0.119389,-0.092966,-0.299624,-0.337313,0.080348,-0.345827,-0.371363,-0.001923,0.042291,-0.535938,-0.004544,0.213901,-0.415354,0.03242,0.067949,0.087756,0.268485,-0.149041,0.075169,-0.229263,0.483602,0.16478,0.234737,#
4,0.418186,0.111135,-0.093437,0.233645,1.0,0.177253,-0.012805,0.001281,0.081876,-0.049329,0.044071,0.103733,0.062286,0.190955,0.216407,0.336625,0.013247,-0.147328,0.249842,-0.232246,0.218569,-0.203376,0.430188,-0.137043,0.151565,-0.137729,0.336443,-0.357426,0.136061,0.11033,-0.20012,0.170431,0.15913,-0.095272,-0.161044,-0.059612,-0.186333,0.006873,0.154645,-0.128984,0.428159,-0.259036,-0.049103,-0.038669,0.320178,-0.384963,-0.126767,0.127213,0.191149,-0.059292,0.147264,0.045269,0.425133,-0.142951,-0.280053,0.344367,-0.229069,0.269255,0.122426,0.115409,-0.221352,0.334518,0.000681,0.170343,0.168765,0.335169,0.056067,0.09316,0.136084,-0.014985,-0.131474,0.150859,0.068362,-0.043308,0.008856,0.22415,-0.104084,-0.368482,-0.000281,0.03981,-0.173149,-0.356499,-0.263958,0.542607,-0.19777,-0.146847,0.061863,-0.458418,-0.001439,-0.289581,-0.022227,-0.327086,-0.089645,0.017404,-0.357533,-0.093423,-0.132485,-0.341593,-0.307368,0.127662,0.161739,-0.160895,0.039814,0.546455,-0.152744,-0.208932,0.252036,-0.201674,0.125314,0.331898,0.252531,0.086907,0.174917,-0.062936,-0.247684,-0.200733,0.275868,0.176455,0.566567,-0.538185,-0.065626,-0.455353,-0.355482,-0.312412,0.31134,-0.226792,-0.029755,0.054542,0.105987,-0.457572,-0.507256,-0.144564,0.040887,-0.243324,-0.070219,0.011142,-0.165455,-0.333776,-0.290066,-0.247447,-0.496124,-0.149448,-0.521932,-0.14904,-0.013262,0.091136,-0.149958,0.311376,-0.263047,-0.276553,-0.030023,-0.089167,0.213268,-0.311238,0.057742,-0.286024,-0.180912,0.477243,-0.10683,-0.270063,-0.105438,-0.208932,0.256356,-0.23563,-0.174425,-0.012164,-0.103769,-0.018082,0.08247,-0.093409,0.082987,0.172588,-0.207171,0.114196,0.399271,-0.156042,-0.19576,-0.029465,0.117442,0.120496,0.453341,-0.215746,-0.393348,0.263984,-0.089098,0.162925,0.137229,-0.054988,-0.168358,0.049786,0.016785,-0.037755,0.329575,0.49045,-0.522772,0.321004,-0.059678,0.2044,0.310916,0.295086,#
5,0.211714,0.288929,0.047842,-0.240608,0.177253,1.0,0.323858,-0.356257,0.59783,0.219865,0.498722,-0.171015,0.228124,0.329186,-0.078065,0.259315,0.215984,0.034314,0.222872,-0.086194,0.098909,0.350875,0.404826,-0.226009,-0.215472,-0.641841,0.157848,-0.233815,0.146126,0.155515,-0.222882,0.09444,-0.181303,-0.124814,-0.05086,-0.301045,0.262495,-0.400358,0.318118,-0.400001,-0.071939,0.108945,0.242351,-0.051779,-0.267696,-0.42243,0.428854,-0.24834,0.282628,0.218081,0.24064,0.049165,-0.016204,-0.290192,0.104009,0.468708,-0.520191,0.479331,-0.310399,0.270846,0.318279,0.060169,-0.277704,-0.028771,0.251093,0.164844,-0.240449,0.36042,0.22902,-0.101548,-0.01629,0.159708,-0.240449,-0.384128,-0.504715,0.281311,-0.130547,-0.169675,-0.508421,-0.16633,-0.185929,-0.493871,0.100658,0.527587,-0.232624,0.005162,-0.08593,-0.090425,-0.028382,-0.248349,0.03368,-0.162427,-0.22876,0.486403,-0.018149,-0.051303,0.348913,-0.356033,0.024512,-0.355463,0.416329,-0.165432,-0.159946,-0.168132,-0.135627,-0.505383,0.0209,0.046948,-0.353119,0.203326,-0.071638,-0.240399,-0.173591,-0.082439,-0.269129,-0.664468,-0.206229,-0.11215,0.065241,-0.240974,-0.26649,0.118414,-0.113757,-0.439707,-0.085366,0.142843,0.311017,0.158123,-0.366995,-0.458716,-0.32081,0.067385,-0.42754,-0.258928,-0.269929,-0.503629,-0.166443,-0.337174,0.300944,-0.459386,-0.337899,0.084266,-0.359483,-0.270395,-0.19945,-0.356424,-0.318993,0.497485,-0.229671,0.037096,0.134556,-0.259101,0.186584,-0.449361,-0.272807,-0.295095,0.318108,0.124713,-0.135627,-0.277444,-0.238605,-0.336024,0.279644,0.084139,-0.015687,0.139802,0.049317,-0.355901,-0.451962,-0.446305,0.1147,0.161687,0.277187,-0.063096,0.425987,-0.522335,-0.407504,0.487296,0.145684,0.321012,0.413041,0.001762,-0.023144,0.265328,-0.171366,-0.004113,0.265328,0.07672,-0.296577,0.397918,-0.440661,0.162769,0.032436,0.173398,-0.218596,0.106747,0.080555,-0.410971,-0.202858,-0.179562,#
6,-0.042592,0.310309,-0.0902,-0.243177,-0.012805,0.323858,1.0,-0.558926,0.269611,0.224076,0.118684,0.20181,0.376955,0.310169,0.084149,0.064431,-0.001703,-0.125053,0.354736,-0.074888,0.275517,0.347045,0.230323,-0.408402,-0.212817,-0.637523,0.26221,-0.228542,0.314348,-0.033738,-0.217996,-0.308938,-0.4044,0.05322,-0.238573,-0.301149,0.276368,-0.18702,-0.036865,-0.032893,-0.066836,0.317325,0.091181,0.251133,-0.074289,-0.149642,0.190532,-0.031113,0.057124,0.433754,-0.018947,-0.22166,-0.013102,-0.573956,-0.245454,0.390136,-0.216343,0.162704,-0.345511,0.414614,0.067029,0.303394,0.047518,0.031494,0.222639,0.161967,-0.240532,0.161488,-0.011556,-0.013612,0.250164,0.008539,-0.240532,-0.048378,-0.484898,-0.079199,-0.114833,-0.317208,-0.322849,0.033742,-0.002594,-0.486973,-0.05865,0.20545,0.014439,0.362372,0.113113,-0.067443,-0.004033,-0.226868,0.076637,0.044148,-0.046718,0.506351,0.489979,-0.039229,-0.058753,-0.338636,0.040682,-0.179397,0.358754,-0.493689,-0.316133,-0.16549,0.089109,-0.146446,-0.195754,-0.137031,-0.159603,0.051445,0.030489,-0.240482,-0.330296,-0.067532,-0.076931,-0.310692,-0.194381,-0.061012,0.049892,-0.216097,-0.065763,-0.270657,-0.277454,-0.435365,-0.395685,0.333119,0.14499,0.164392,-0.112878,-0.113414,0.084444,0.294527,-0.004903,0.082208,-0.07323,0.006236,-0.166501,-0.152998,-0.051679,-0.175378,0.010942,0.366231,-0.018703,0.002685,-0.160148,-0.134029,0.166048,0.677575,0.003415,0.227445,0.149391,-0.225418,0.192163,0.076914,-0.249598,0.068782,0.326834,0.119757,0.089109,0.069348,-0.113862,-0.155933,0.136288,0.271038,0.172811,0.138381,0.061658,-0.395514,-0.10611,-0.092912,0.099065,0.15835,0.289218,-0.034933,0.250927,-0.316085,0.005956,0.137787,0.145364,0.089538,0.236238,0.006909,0.148962,0.084648,0.116889,0.119055,0.262316,0.089132,-0.482198,0.034298,-0.201843,0.169249,0.038747,0.181001,0.122585,0.274451,-0.096132,-0.066059,-0.184214,0.154538,#
7,0.023432,-0.384874,0.075977,0.397588,0.001281,-0.356257,-0.558926,1.0,-0.279069,-0.252842,-0.162708,-0.198333,-0.082537,-0.356349,0.059803,0.05144,-0.121331,0.048553,-0.266766,0.239773,-0.28087,-0.216795,-0.287293,0.441984,0.606082,0.265727,-0.419174,0.026896,-0.218738,-0.282727,0.461354,0.400231,0.299252,0.010155,0.210284,0.265,-0.087652,0.135541,0.275227,-0.016514,-0.098208,-0.275893,0.085703,-0.190917,0.403914,-0.063406,-0.185663,0.383309,0.002236,-0.734805,0.227524,0.246804,0.062531,0.243579,-0.10096,-0.535276,-0.046278,-0.240141,0.124458,-0.441639,-0.307808,-0.333514,-0.294221,-0.219411,-0.350892,-0.06946,0.435759,-0.143114,-0.171097,0.166028,-0.218831,-0.193038,0.423002,0.072081,0.451694,-0.117324,0.243033,0.109917,0.247906,0.080381,0.12463,0.358563,-0.102205,-0.149653,0.099943,0.020269,-0.060004,0.059325,0.198752,0.073655,0.202025,0.080231,0.067009,-0.657524,-0.222804,-0.260752,-0.188889,0.302577,0.167486,0.297061,-0.138436,0.194657,0.447453,0.135253,0.168377,0.282348,0.212995,0.23341,0.132501,-0.154518,0.031613,0.110572,0.447453,0.068555,0.12357,0.464942,0.475331,0.149089,-0.14334,0.135303,0.134791,0.208686,0.140693,0.532012,0.227833,-0.160012,-0.468868,0.138573,0.064179,0.503038,0.152927,-0.29895,-0.014262,0.068651,0.308156,0.292194,-0.139871,0.287234,0.24066,0.217716,0.106092,0.121017,0.28675,-0.001172,0.237932,0.304216,0.026145,-0.379525,0.083143,0.019564,0.015565,0.394599,-0.243635,-0.011229,0.305404,0.366821,-0.113423,-0.387659,0.160359,-0.102131,0.346569,0.282348,-0.204309,0.061664,0.194657,-0.285842,0.18358,0.145715,0.352716,0.347059,-0.024844,-0.134359,-0.050225,-0.170147,-0.27004,0.157174,-0.141978,-0.488652,-0.408742,-0.38783,-0.439342,-0.060212,-0.339026,-0.384113,-0.23078,-0.34683,-0.384113,-0.206571,0.192283,-0.444765,0.322373,-0.227122,-0.1729,-0.345393,-0.13429,-0.098466,0.072396,0.132298,0.219047,-0.132994,#
8,-0.069685,0.438853,0.1175,-0.157345,0.081876,0.59783,0.269611,-0.279069,1.0,0.436565,0.077364,0.069802,-0.068713,0.248083,-0.157177,0.155971,-0.228499,0.213908,0.2658,-0.009003,0.053362,0.082144,0.391346,-0.201653,0.062357,-0.426549,-0.059629,-0.468795,0.223166,0.277202,-0.157456,-0.054385,-0.215319,-0.349091,0.024557,0.155387,0.37063,-0.575528,0.418976,-0.276427,0.026965,0.041599,-0.144994,-0.136465,-0.123116,-0.075889,0.384712,-0.018418,0.064746,0.085108,0.198073,-0.201554,0.138348,-0.08301,0.015676,0.016516,-0.2137,0.31406,-0.372413,0.125843,0.341191,0.243695,0.041338,-0.229432,-0.099935,0.051372,0.023732,0.162571,0.133152,-0.055273,-0.250811,0.172281,-0.261048,-0.148458,-0.479744,0.263772,-0.06878,-0.241155,-0.462377,-0.118356,-0.1019,-0.294282,-0.126899,0.455081,0.190281,-0.068614,-0.035087,-0.342947,0.174695,-0.046608,-0.185981,-0.127747,-0.45423,0.255806,0.035284,-0.148269,0.353237,-0.310901,0.096261,-0.098292,0.202083,0.0361,-0.285315,0.133178,-0.120208,-0.253986,-0.199135,-0.114553,0.050133,-0.022861,-0.048501,-0.260993,-0.298998,-0.312208,-0.217789,-0.264625,-0.132331,-0.385222,0.1831,-0.52709,-0.066642,-0.116758,-0.075138,-0.173987,-0.093148,0.19911,0.235251,0.171346,-0.41896,-0.388929,-0.117273,-0.184456,-0.184823,-0.319365,-0.386344,-0.404392,-0.180702,-0.238391,0.240429,-0.465059,-0.409751,-0.127332,-0.294631,-0.238565,-0.450549,-0.570812,0.131046,0.461417,-0.19534,-0.19048,0.196829,-0.395374,-0.043036,-0.501272,-0.220953,-0.027021,0.344991,0.376998,-0.120208,-0.074703,-0.430233,-0.253986,-0.119086,0.17835,0.186259,-0.284131,-0.186684,-0.324272,-0.344031,-0.180604,0.123043,0.007814,0.039592,-0.198809,0.16718,-0.318306,-0.442414,0.416506,0.392867,0.205335,0.316088,0.080932,-0.17511,0.137618,0.0529,0.222823,0.30072,0.118066,-0.270311,0.511109,-0.43128,0.242383,0.099617,0.243066,-0.332265,0.249192,-0.039324,-0.195605,-0.062582,-0.226231,#
9,0.246449,0.349784,0.087087,-0.093289,-0.049329,0.219865,0.224076,-0.252842,0.436565,1.0,0.026116,0.271615,0.247587,0.179914,0.236664,0.170598,-0.18439,-0.033544,0.246844,-0.326803,0.229167,0.020296,0.27517,-0.321389,0.013572,-0.283485,0.136058,0.03892,0.130517,0.255607,-0.383742,-0.118486,-0.182939,-0.276572,0.067805,0.23734,-0.03899,-0.439842,-0.004983,0.290405,-0.088718,-0.031845,-0.229117,-0.071121,0.07693,-0.281282,0.204505,-0.18609,-0.299425,0.213497,0.218626,-0.259665,-0.18445,0.112269,0.097138,-0.00354,-0.613857,0.243537,-0.672705,0.102954,0.157884,0.497237,-0.302376,0.182137,-0.139817,0.118365,-0.10881,0.006115,0.134682,0.081013,0.038944,0.278139,-0.10881,0.124572,-0.055933,0.107979,-0.415852,-0.301082,-0.537311,-0.283313,-0.300975,-0.237304,-0.056827,0.159319,-0.176765,-0.353921,-0.24752,-0.146863,0.008382,0.066428,-0.220298,-0.312594,-0.252828,-0.119182,0.092888,0.153723,0.134264,-0.173003,-0.354111,-0.301032,0.22065,-0.236384,-0.282324,0.036689,-0.131271,-0.301082,-0.216342,-0.089417,-0.085308,-0.082836,-0.095252,-0.108787,-0.536923,-0.088193,-0.491273,-0.086596,-0.145225,-0.809439,-0.015151,-0.223948,-0.271847,-0.207291,-0.34094,-0.276618,-0.358902,0.062098,-0.026449,-0.149372,-0.216232,-0.354264,-0.409788,-0.160984,0.123558,-0.127888,-0.491061,-0.301145,-0.07532,-0.301104,0.154756,-0.25623,-0.301076,-0.193459,-0.383775,-0.670432,-0.715484,-0.49636,0.131657,0.455531,-0.442527,-0.276081,-0.025278,-0.590301,-0.229885,-0.276571,-0.491349,-0.276507,0.287118,0.166646,-0.131271,-0.20455,-0.461476,-0.301082,0.12286,-0.088193,0.006586,-0.24971,-0.276343,-0.17059,-0.276671,-0.276618,0.236607,0.073921,0.122926,-0.328559,0.15183,-0.409139,-0.184407,0.513681,0.17858,-0.191636,0.146421,0.195249,0.198976,0.256838,0.325057,0.167274,0.256838,-0.022122,0.058496,0.565416,-0.47227,0.179882,0.118852,0.371264,-0.249315,0.266869,0.060124,-0.160096,-0.12047,0.035382,#
10,0.189827,-0.016747,0.15458,0.119809,0.044071,0.498722,0.118684,-0.162708,0.077364,0.026116,1.0,0.044841,0.275533,0.127,0.108189,0.330839,0.505584,-0.184988,-0.117255,-0.191203,0.124836,0.116763,0.086576,-0.289479,-0.198839,-0.243657,-0.09147,-0.0597,-0.034672,0.184438,-0.308452,0.432772,-0.09001,-0.078399,0.342968,-0.272817,0.182033,-0.066512,0.067559,0.048024,-0.229113,0.115819,-0.189573,0.139406,-0.071984,-0.399652,-0.042594,-0.288933,0.18764,-0.021449,0.337815,0.273429,-0.160833,-0.049693,0.483184,0.372626,-0.328386,0.235036,-0.308401,0.264129,-0.003997,0.114169,-0.412958,-0.194211,0.333142,0.019204,-0.217903,0.125611,0.20615,-0.48727,0.193312,0.10057,-0.217903,-0.29434,-0.261174,0.247192,-0.374948,0.007476,-0.438499,-0.350429,-0.264476,-0.284063,0.141903,0.351833,-0.674827,-0.078657,-0.349899,0.010203,-0.561141,-0.328441,0.263004,-0.389357,-0.018112,0.14673,-0.045392,0.020054,0.09823,-0.292036,0.103695,-0.1891,0.13469,-0.066052,-0.032178,-0.143395,-0.207009,-0.350277,-0.010319,-0.076735,-0.3118,0.470426,-0.344503,-0.217858,-0.264399,-0.020421,-0.331144,-0.345393,-0.172718,-0.138479,-0.266214,0.012608,-0.507721,0.00097,0.00805,-0.110527,-0.143408,0.058572,0.054632,-0.21265,-0.22784,-0.411005,-0.158875,-0.085895,-0.49514,-0.178863,-0.332768,-0.306424,-0.150837,-0.301239,-0.277269,-0.005046,-0.423492,0.111808,-0.126906,-0.098188,-0.269513,-0.200267,-0.153323,0.349167,-0.093905,-0.040954,-0.070358,-0.345321,-0.090049,-0.298257,-0.377689,-0.26658,0.316561,-0.099539,-0.35807,-0.026704,-0.235037,-0.169796,0.23115,-0.013208,-0.371332,0.059272,-0.026852,-0.330418,-0.249665,-0.427381,0.233965,0.039207,0.05265,-0.135589,0.376256,-0.22256,-0.369294,0.43735,0.066536,0.466849,0.236755,0.061049,0.273536,0.256209,0.046997,-0.223331,0.126209,-0.143491,0.263226,0.135355,-0.473932,0.243598,0.247572,0.293161,-0.125807,-0.133961,0.022985,-0.498082,-0.289476,-0.205392,#
11,-0.095174,0.178208,0.195734,-0.06977,0.103733,-0.171015,0.20181,-0.198333,0.069802,0.271615,0.044841,1.0,-0.211952,0.189503,0.24074,0.419739,-0.327207,-0.040107,0.013186,-0.392057,0.21123,-0.215792,0.071391,-0.441496,0.006182,-0.123851,0.260508,-0.319041,0.367672,0.214982,-0.093637,-0.006893,-0.260075,-0.121733,0.033167,-0.04286,-0.365289,0.050577,0.080559,0.437234,0.110134,-0.215177,-0.017452,-0.016929,0.303647,0.041915,0.044653,-0.132564,-0.394178,0.206956,0.207426,-0.264416,0.107883,0.234546,-0.376919,0.019311,-0.020674,-0.151778,-0.295572,0.112599,-0.201594,0.296934,0.011239,0.169977,-0.025312,-0.226033,0.171926,0.266096,0.040271,-0.173591,0.213178,0.402852,0.185191,0.232975,-0.108081,0.130172,-0.418612,-0.274452,-0.302531,-0.193252,-0.193473,-0.220181,0.136731,0.14007,0.153607,0.058933,-0.321814,-0.333929,-0.13305,-0.37959,0.028956,-0.062608,-0.016091,-0.064819,-0.181459,-0.157308,-0.28179,-0.237519,-0.302683,0.064852,-0.00116,0.214195,-0.036586,0.152246,-0.206002,-0.288798,-0.253787,-0.102125,-0.080365,0.099249,-0.422806,0.198936,-0.510782,0.356937,-0.098315,-0.120878,-0.130849,-0.213364,0.070116,-0.294226,-0.310712,-0.268213,-0.15882,-0.182592,0.036228,-0.019552,-0.119382,-0.287634,-0.23351,-0.320262,0.064322,-0.213363,-0.04589,-0.000952,-0.283453,-0.063799,0.155742,-0.044969,-0.079109,0.014079,-0.355319,0.080948,-0.260771,-0.068251,-0.278122,-0.335184,0.427759,0.382612,-0.131199,-0.086925,0.24771,-0.452332,-0.207121,-0.139639,-0.364654,-0.138382,0.03863,0.362023,-0.127034,-0.022693,-0.222227,-0.109481,0.119999,0.006205,0.060916,-0.305899,-0.629668,-0.110841,0.072684,-0.297909,0.151663,-0.179,-0.079541,-0.408748,0.177254,0.219408,-0.092873,0.083281,-0.068466,-0.159071,0.03914,0.115483,-0.019312,0.084905,0.25817,0.160603,0.145687,-0.128671,0.008194,0.236003,-0.314785,0.137642,0.377594,0.406717,-0.197555,0.076417,-0.196737,-0.212208,0.006098,0.398218,#
12,0.239056,-0.257763,-0.120204,0.048636,0.062286,0.228124,0.376955,-0.082537,-0.068713,0.247587,0.275533,-0.211952,1.0,0.031464,-0.032653,0.119689,0.447874,-0.348497,0.223673,0.060587,0.302321,0.075584,0.05724,-0.194419,-0.104958,-0.344595,-0.035602,0.072227,0.008309,-0.196402,-0.08252,0.172139,-0.24481,0.063524,-0.195171,-0.297851,0.143437,-0.145966,0.121287,-0.107055,-0.080275,0.352943,-0.054973,-0.078717,0.083325,-0.32951,-0.017895,-0.213138,0.053296,-0.113997,0.129242,0.055753,-0.042623,-0.165098,0.191319,0.108997,-0.505994,-0.049192,-0.29632,0.251521,0.029573,0.106189,-0.208475,-0.025801,0.079099,0.061506,-0.237898,0.028394,-0.000366,-0.124233,0.320912,-0.112754,-0.237898,-0.071896,-0.167547,-0.099549,0.032753,-0.055723,-0.004329,-0.11739,-0.170648,-0.195087,0.103825,0.213723,-0.450832,0.022896,0.057655,0.096453,-0.157856,-0.237299,0.30203,-0.309112,0.006462,0.062496,0.322681,0.173592,-0.093543,-0.066895,-0.178515,-0.225563,0.116455,-0.372388,0.007312,-0.173569,0.056806,-0.055723,0.045663,0.164572,-0.345914,-0.072241,0.307815,-0.237848,0.010673,-0.072211,-0.106454,-0.225307,0.090469,-0.094741,-0.083369,0.091985,-0.095705,-0.246958,-0.518566,-0.166235,-0.331396,0.31701,-0.171493,0.068451,0.074517,-0.006905,-0.145123,0.555841,-0.017169,0.073764,0.072796,-0.008055,-0.164677,-0.358654,-0.035342,0.066347,-0.002743,0.347577,0.094784,-0.214387,-0.274741,0.15012,-0.102154,0.366941,-0.238669,-0.233753,-0.062444,-0.068087,0.068062,-0.123903,-0.286065,-0.163322,0.51024,-0.17073,0.056806,0.039397,0.119142,-0.055723,0.195143,-0.122216,-0.16105,0.020312,0.256077,-0.228657,0.177412,0.016664,0.458676,0.319377,0.321618,0.295571,0.325841,-0.347511,0.026344,0.188087,0.15887,-0.021658,0.146159,-0.116073,0.330053,0.002218,-0.045134,0.055149,0.13705,0.257177,0.163296,-0.11014,-0.014521,0.004225,-0.128464,0.077142,0.127233,0.299532,0.224561,0.015025,-0.12904,0.188039,#
13,0.211769,0.490861,0.054689,-0.409638,0.190955,0.329186,0.310169,-0.356349,0.248083,0.179914,0.127,0.189503,0.031464,1.0,0.278517,0.245685,0.21604,0.048565,0.243593,-0.404288,-0.044783,0.23524,0.233169,-0.21879,-0.215528,-0.286507,0.159714,-0.159103,0.145655,0.142694,-0.544991,-0.082186,-0.404365,-0.111788,-0.184633,-0.050801,-0.045573,0.027603,0.3182,-0.052158,-0.071958,0.165394,0.0329,0.21293,-0.267765,-0.278274,0.192434,0.026849,-0.108928,0.217499,0.002765,-0.434101,0.195853,-0.272757,-0.099003,0.135141,-0.222198,0.477674,0.138149,0.430191,0.280175,0.306661,0.038517,-0.029706,-0.119103,0.105428,-0.240511,0.179593,0.394404,-0.009834,0.315833,0.060511,-0.240511,0.094413,0.011903,0.247549,-0.284383,-0.322935,-0.670775,-0.142361,-0.172652,-0.344362,-0.241458,0.350602,0.181054,0.188545,-0.062875,-0.254637,-0.204186,-0.267534,-0.218408,-0.165265,-0.228819,0.345057,-0.043347,-0.086424,0.32311,-0.202189,0.040522,-0.349043,0.41428,-0.187693,-0.323363,0.01764,0.240691,-0.319923,-0.222955,-0.169133,-0.019311,0.028052,-0.051498,0.073248,-0.337413,0.090555,-0.081384,-0.169993,-0.525942,-0.071228,0.04469,-0.241438,-0.09646,-0.264666,-0.298346,-0.265103,-0.085388,-0.024392,0.116015,0.166256,-0.346807,-0.442901,-0.138438,0.067403,-0.456493,-0.249514,-0.081582,-0.325875,-0.166486,-0.150584,0.205551,-0.245574,-0.321891,0.083728,-0.34362,-0.432393,-0.171788,-0.548436,-0.125531,0.299729,-0.406532,0.053986,-0.237286,-0.41742,0.193718,-0.261732,-0.249555,-0.102593,0.467908,0.287569,0.240691,-0.120204,-0.113992,-0.489326,0.437605,0.269588,-0.027949,0.322855,-0.116587,-0.198481,-0.279321,-0.265103,-0.063436,0.072565,-0.062161,-0.038324,0.097872,-0.342912,-0.000948,0.137212,0.312127,0.142479,0.749026,-0.329806,0.163781,0.43953,-0.003289,-0.264512,0.615783,0.063785,-0.31475,0.402979,-0.236921,0.002587,0.04335,0.178002,-0.033905,-0.037304,-0.241808,-0.304607,-0.218284,-0.179608,#
14,0.459568,0.376346,-0.342747,0.135355,0.216407,-0.078065,0.084149,0.059803,-0.157177,0.236664,0.108189,0.24074,-0.032653,0.278517,1.0,0.240149,0.056215,-0.17824,0.02204,-0.175394,-0.127186,-0.098704,0.046234,-0.222307,0.030745,-0.03247,0.316064,0.086777,-0.09689,0.335024,-0.293619,0.080828,-0.250827,-0.224667,0.098251,-0.008637,-0.318273,0.175707,0.040414,0.457922,-0.187574,-0.191828,-0.335566,-0.008267,0.181277,-0.454321,0.080201,0.069519,-0.14296,-0.104132,0.087678,-0.278369,-0.163935,-0.211653,-0.20353,0.177321,-0.291044,0.008744,0.136675,0.04392,-0.263242,0.596212,-0.140309,0.140868,-0.363032,0.000765,0.082562,-0.139665,0.273096,-0.057146,0.339387,0.213618,0.082562,0.161338,0.297271,0.229918,-0.357868,-0.127004,-0.422226,-0.012018,-0.097088,-0.294699,-0.208041,-0.04533,-0.255632,-0.04471,-0.493683,-0.195347,0.099969,-0.047251,-0.023962,-0.213755,0.131249,-0.044011,-0.2734,-0.208813,-0.174485,-0.100941,-0.377155,-0.152766,0.134612,-0.267752,0.176061,0.04261,0.18148,-0.127004,-0.013489,-0.465611,0.194947,-0.09195,-0.210691,0.076624,-0.248213,0.177941,-0.472184,0.034121,0.194409,-0.129995,-0.08491,-0.249991,-0.31,-0.038251,-0.403957,-0.087358,0.271789,-0.103668,-0.183351,0.224492,0.038497,-0.208729,-0.173921,-0.324743,-0.005653,-0.180517,-0.291641,-0.27009,-0.151939,-0.254691,-0.285638,-0.038586,-0.258697,-0.28387,-0.099829,-0.455034,-0.252763,-0.176788,0.037217,0.191442,-0.086184,0.139356,-0.285061,-0.122989,-0.293556,-0.237197,-0.167812,0.135042,-0.048796,0.042159,-0.159144,-0.176398,-0.19062,-0.127004,0.193118,0.014766,0.096002,0.038002,-0.218716,0.053698,-0.21191,-0.558004,-0.004865,-0.108759,-0.291695,-0.280248,-0.015747,-0.019559,-0.371992,0.020724,0.023781,-0.244046,0.193561,-0.147701,0.075895,0.188676,0.174122,-0.138391,0.246342,0.022191,-0.087187,-0.103381,-0.036636,0.198734,-0.086144,0.077635,-0.276828,-0.165282,-0.17014,0.048138,0.020548,0.157022,#
15,0.340639,-0.14575,-0.066506,-0.094756,0.336625,0.259315,0.064431,0.05144,0.155971,0.170598,0.330839,0.419739,0.119689,0.245685,0.240149,1.0,0.141413,-0.375507,0.048235,-0.381773,0.185431,-0.285726,0.052689,-0.45453,-0.143225,-0.219006,0.226581,-0.181203,0.472254,0.338147,-0.377051,0.553866,-0.360995,-0.380541,0.270653,-0.120529,-0.192196,-0.128408,0.565376,0.275074,-0.067449,-0.079325,-0.042472,-0.196093,0.213158,-0.11916,-0.012102,-0.10915,-0.11811,-0.128467,0.478906,0.097119,-0.067486,0.210084,-0.104795,0.194857,-0.428357,0.198339,-0.353286,0.145672,-0.121441,0.019198,-0.396131,-0.044534,0.037525,-0.054718,0.2886,0.292941,0.46453,-0.27151,0.056818,0.480487,0.003797,0.132593,-0.236505,0.315106,-0.290107,-0.334459,-0.262285,-0.200331,-0.29713,-0.233792,0.245069,0.421284,-0.300106,-0.121904,-0.314851,-0.29614,-0.371094,-0.141879,0.076909,-0.543584,-0.200655,-0.10943,-0.325757,-0.059013,-0.009875,-0.353267,-0.422716,-0.169966,0.306585,-0.174767,-0.200196,0.080099,-0.054844,-0.347291,0.076033,0.299839,-0.336615,0.217367,-0.601843,0.312734,-0.247686,-0.042521,-0.450306,-0.339301,0.075982,-0.067498,-0.089759,-0.223008,-0.614065,0.016892,-0.221246,0.060258,-0.046126,-0.067158,-0.283556,-0.141047,-0.358294,-0.460185,-0.390727,-0.213967,-0.366729,-0.223985,-0.451032,-0.134992,-0.194517,-0.300034,-0.129787,-0.160966,-0.624434,0.093886,-0.213179,-0.219434,-0.320496,-0.249752,-0.036696,0.442625,-0.365952,-0.238325,0.105696,-0.532636,-0.238512,-0.59055,-0.33438,-0.23473,-0.003119,0.189346,-0.376011,-0.591105,-0.480581,-0.347291,0.26688,-0.186571,-0.194355,-0.276119,-0.544583,-0.03587,-0.055002,-0.383503,0.329554,-0.029306,-0.180481,-0.155846,0.427985,-0.255983,-0.27421,0.223144,0.156709,0.166909,0.307976,-0.000942,0.060078,0.377036,0.117719,0.072034,0.254699,-0.103309,0.13005,0.324063,-0.519853,0.332311,0.345725,0.336381,-0.260998,0.218771,0.083897,-0.332255,0.010537,0.1619,#
16,0.095456,-0.280677,-0.158081,-0.027895,0.013247,0.215984,-0.001703,-0.121331,-0.228499,-0.18439,0.505584,-0.327207,0.447874,0.21604,0.056215,0.141413,1.0,-0.27096,-0.073476,-0.013764,-0.121158,0.070231,-0.077098,-0.082641,-0.342707,0.166503,0.047082,0.256866,-0.113928,0.083418,-0.306774,0.13343,-0.247748,0.065565,0.103276,-0.184493,0.151899,0.280146,0.073356,-0.156012,-0.439918,0.167287,-0.100045,0.122971,-0.047222,-0.161186,0.003208,-0.196981,0.304714,0.029289,0.01036,0.210249,-0.249795,-0.164913,0.418659,0.11699,-0.115415,0.177072,0.203169,0.254221,-0.151773,0.052825,-0.052703,0.142576,0.233628,-0.052039,-0.147357,-0.083277,0.281941,-0.598371,0.257022,-0.03567,-0.147357,-0.028789,-0.075477,0.148181,-0.131194,0.011664,-0.064839,0.156287,-0.189474,0.033321,-0.027863,0.099681,-0.474418,-0.09076,-0.22483,0.237126,-0.390205,-0.132819,0.178863,-0.268327,0.111072,0.338275,0.098714,0.162389,-0.04178,-0.126666,0.148323,-0.407677,0.27903,-0.18367,0.118558,-0.311412,-0.177481,-0.192049,0.187051,0.025183,-0.186667,0.094016,0.063545,-0.147327,-0.07784,-0.023466,-0.011998,-0.18802,-0.146383,0.146545,-0.177441,0.1696,-0.216416,0.207077,-0.156357,0.05795,-0.186267,0.025908,-0.110511,0.282716,-0.042683,-0.055148,0.078076,0.347262,-0.359767,0.178685,-0.036641,0.00891,-0.102004,0.014089,-0.219433,0.190469,0.021181,0.207213,0.299678,-0.039408,-0.221829,-0.029066,-0.310063,-0.067097,0.025166,0.075977,-0.358254,-0.12933,0.166276,-0.15635,-0.219973,-0.150648,0.21428,-0.213987,-0.177481,0.268788,-0.064188,-0.192049,0.284606,-0.023466,-0.390969,0.309487,0.257228,-0.133912,-0.171012,-0.152153,0.291164,0.133083,0.109058,0.307312,0.178493,-0.169869,0.011481,0.331433,0.234068,0.388476,0.384708,-0.18004,0.33236,0.192909,-0.045486,-0.097364,0.192909,0.20218,0.200675,-0.06235,0.00747,0.021968,-0.056404,-0.055293,0.189454,-0.143443,0.054241,-0.193272,-0.453926,-0.146851,#
17,-0.267672,0.393072,0.419631,0.223416,-0.147328,0.034314,-0.125053,0.048553,0.213908,-0.033544,-0.184988,-0.040107,-0.348497,0.048565,-0.17824,-0.375507,-0.27096,1.0,-0.31629,0.232453,0.15603,0.110517,0.032934,0.329511,0.247085,0.092691,-0.320939,0.117,0.19336,-0.066899,0.17282,-0.204043,0.19275,0.17772,-0.147389,0.19763,0.077557,-0.110848,-0.128391,-0.179671,0.098758,-0.214712,0.120737,0.014137,0.138081,0.069315,-0.067575,-0.120843,-0.196675,0.165351,0.144426,-0.02164,0.12538,-0.10584,-0.234951,0.007282,0.271222,0.224013,0.249068,-0.091056,0.269947,0.032531,0.441312,-0.130518,-0.121267,-0.048104,0.127835,-0.052402,-0.31818,0.021427,-0.161494,-0.240978,0.201871,-0.100097,0.044942,-0.235274,0.235087,0.250119,-0.122313,0.438312,0.546881,0.286828,-0.062147,-0.018615,0.479361,-0.20872,0.37531,-0.22877,0.474177,0.044512,-0.255457,0.250515,-0.069504,-0.011027,0.053301,-0.286879,-0.103319,0.363607,0.470541,0.175792,0.191762,0.47168,0.269031,0.180969,0.199826,0.186149,-0.28822,-0.178763,0.156642,-0.001528,0.16816,0.202071,0.065651,0.471519,0.364419,0.165622,0.002729,0.113333,-0.205725,-0.040766,0.542033,0.199032,0.184601,-0.068243,0.434955,-0.05755,0.492006,0.255868,-0.30657,0.307659,0.199165,-0.132534,-0.083365,-0.082964,0.021465,0.184636,-0.295878,0.176707,0.38771,-0.281249,0.228659,-0.029002,0.194201,0.071484,0.054971,-0.326394,-0.112253,-0.183945,0.281436,0.165357,0.153565,-0.055367,0.050662,-0.005384,0.175874,0.112281,0.127159,-0.024983,0.207582,0.232345,0.202862,0.203417,-0.29375,0.26723,0.475674,-0.070153,0.178554,-0.213604,0.004776,0.307378,-0.261135,-0.189313,0.04285,-0.044587,-0.247354,0.195866,-0.073269,0.101955,-0.156756,-0.270901,-0.095503,0.174146,-0.197049,-0.503621,-0.162082,-0.192695,-0.319876,0.20625,-0.064351,0.228354,0.074201,0.030298,0.116074,-0.066989,0.174965,-0.062423,-0.069262,0.235741,0.070849,-0.260636,#
18,-0.00038,0.19015,-0.259826,-0.46175,0.249842,0.222872,0.354736,-0.266766,0.2658,0.246844,-0.117255,0.013186,0.223673,0.243593,0.02204,0.048235,-0.073476,-0.31629,1.0,-0.107312,0.254017,0.068818,0.460956,0.11631,-0.111477,-0.46998,0.342797,-0.068913,-0.146454,0.121442,-0.184359,-0.338279,-0.287577,0.113499,-0.3552,-0.263383,0.075936,-0.36933,0.123374,-0.119919,-0.10041,-0.068346,-0.048295,0.08361,-0.249152,-0.185358,0.195104,0.291226,-0.278299,0.115613,-0.018355,-0.012131,0.321857,-0.264502,-0.035967,0.147287,-0.244706,-0.142277,-0.170755,0.429668,-0.187792,0.309551,-0.172005,-0.110562,-0.047406,0.136031,-0.426836,0.142627,0.034495,0.19312,0.1779,0.091973,-0.155751,0.456145,-0.287108,0.201649,-0.101171,-0.519933,-0.120072,-0.156838,-0.353535,-0.426104,-0.276005,0.482298,0.075223,0.158676,-0.189371,-0.119642,-0.109568,-0.255707,-0.278797,-0.119951,-0.134909,0.166726,0.148107,0.090671,-0.014377,-0.325217,-0.38328,-0.023412,0.133139,-0.053408,-0.331439,0.009593,-0.200002,-0.502689,-0.247888,-0.060515,-0.17116,0.108222,0.206632,-0.087599,-0.140044,-0.311479,-0.357717,-0.512451,-0.030162,-0.22291,0.162424,-0.352049,-0.206538,-0.417965,-0.363201,-0.53823,-0.288685,-0.247726,0.262579,0.034441,0.019762,-0.413743,-0.213265,0.039173,-0.064408,0.057311,0.001618,-0.171323,0.182191,-0.475942,0.12453,-0.296339,-0.17106,0.074141,-0.508388,-0.338777,-0.164376,-0.109023,-0.0968,0.377874,-0.376175,-0.048209,0.314011,-0.267047,0.22024,-0.225805,-0.351255,-0.19897,-0.062848,0.431098,0.200002,-0.137049,-0.216783,-0.380022,0.011754,0.074209,-0.098473,0.14385,0.10271,0.060689,0.113005,-0.055618,0.153238,0.368867,-0.022373,-0.233774,0.215241,-0.439967,0.143732,0.104983,0.227183,0.068349,0.476267,-0.19186,0.146405,0.42467,-0.158023,0.397804,0.601101,0.174902,-0.364747,0.253846,0.05751,-0.145122,-0.215878,0.126836,-0.052785,0.440835,0.244759,-0.132755,0.275413,0.077498,#
19,-0.326871,-0.136227,-0.196578,0.18615,-0.232246,-0.086194,-0.074888,0.239773,-0.009003,-0.326803,-0.191203,-0.392057,0.060587,-0.404288,-0.175394,-0.381773,-0.013764,0.232453,-0.107312,1.0,-0.035086,0.004789,-0.314055,0.626542,0.238686,0.138589,-0.091042,-0.033846,-0.293042,-0.251319,0.514071,-0.002955,-0.007438,0.522842,-0.24228,-0.085119,0.498659,0.096799,-0.091801,-0.19864,0.056603,-0.00936,0.223496,-0.227121,0.062463,0.156186,0.118843,0.111951,-0.002394,-0.360084,-0.140539,0.32365,-0.055948,-0.264703,-0.19224,-0.187731,0.304816,-0.348141,0.271644,-0.232031,0.050159,-0.196273,0.378658,-0.059989,-0.13109,-0.237437,0.323024,-0.233454,-0.301392,0.171707,-0.053405,-0.423982,0.0252,-0.133517,0.094182,-0.076002,0.789831,0.269378,0.44228,0.437737,0.415659,0.417155,0.190456,-0.386905,0.233547,0.27474,0.173004,-0.011335,0.396852,0.299567,0.079305,0.443495,0.436733,-0.047382,-0.092147,0.05747,-0.056014,0.218086,0.268765,0.412386,-0.131654,0.39728,0.261291,-0.036454,0.319333,0.424215,0.058613,-0.000981,0.253896,-0.369164,0.236533,0.019581,0.615195,0.19161,0.326273,0.100184,0.363297,0.25536,0.009793,0.088851,0.509671,0.25585,0.278569,0.336295,0.0525,0.391003,0.269161,0.304818,0.274446,0.605247,0.313695,0.309635,0.25559,0.05476,0.337995,0.274706,-0.180786,0.090807,0.153186,0.089236,0.267327,0.016028,0.536528,0.443747,0.384072,0.348612,-0.061488,-0.336864,0.428477,0.349452,-0.014331,0.548061,0.173036,0.013931,0.481521,0.654532,0.086244,-0.252727,0.139338,0.311769,0.243463,0.424215,-0.266537,0.169406,0.227112,0.075522,0.359829,0.329993,0.014904,0.352828,-0.202651,0.234854,0.221176,0.035426,-0.447233,0.113588,-0.013766,-0.256403,-0.231017,-0.004672,-0.301234,0.102922,-0.150911,-0.51008,-0.132459,0.255406,-0.346067,0.516009,-0.10324,-0.374568,0.459697,-0.241481,-0.362461,-0.36733,0.135669,-0.259091,-0.034007,0.496312,-0.130476,-0.273825,#
20,0.032211,0.207809,0.067618,-0.069563,0.218569,0.098909,0.275517,-0.28087,0.053362,0.229167,0.124836,0.21123,0.302321,-0.044783,-0.127186,0.185431,-0.121158,0.15603,0.254017,-0.035086,1.0,0.183738,0.104763,-0.117081,-0.078607,-0.194719,0.007652,0.206792,0.485917,0.268803,-0.335725,-0.080398,0.156748,0.064444,-0.126497,-0.250242,-0.242651,-0.439834,-0.138928,0.192006,0.341994,-0.234299,0.045574,0.174599,0.240069,-0.086623,-0.384765,-0.1424,-0.445204,0.154171,0.052128,0.235185,-0.104899,-0.220568,0.061328,0.3843,-0.169291,-0.076451,-0.308523,0.436495,0.021317,0.201047,0.054938,-0.030038,0.372116,-3.6e-05,-0.199872,-0.123338,-0.120131,-0.162769,-0.100071,0.127728,-0.199872,0.07858,-0.41215,-0.111931,-0.017903,0.008361,-0.014067,-0.007401,-0.170725,-0.266477,0.085949,0.359401,-0.032243,-0.145733,0.181304,-0.434466,-0.254539,-0.250653,-0.021413,-0.24064,-0.260137,0.021719,-0.063753,-0.085434,-0.185566,-0.151146,-0.337939,0.010738,0.135682,0.072441,-0.011862,-0.020661,-0.189266,0.008361,-0.241061,-0.180073,-0.357097,0.367458,0.021502,0.14621,-0.191917,0.129427,-0.332454,-0.37328,0.207981,-0.038804,-0.10597,-0.205867,-0.127524,-0.380773,-0.247728,-0.326393,-0.047998,-0.140173,0.296559,-0.298716,-0.210824,-0.286028,-0.405278,-0.041061,-0.037758,0.098186,-0.330239,0.185748,-0.138355,-0.375868,-0.023661,-0.498527,-0.359823,0.010553,-0.166022,-0.061053,-0.228548,-0.118075,0.062216,0.384651,-0.056578,-0.385538,0.436519,-0.466502,-0.219075,-0.133194,-0.334,-0.325083,0.024179,0.323652,-0.189266,-0.216041,-0.324679,-0.182521,-0.210023,-0.108319,-0.308573,-0.241214,-0.306081,0.028506,0.250001,0.063337,0.23154,0.331882,-0.025064,0.119457,0.411541,-0.352186,0.118888,0.408443,0.149321,-0.089716,0.281016,-0.083691,0.212697,0.145036,0.274124,0.056292,0.145036,0.242776,0.049243,0.492389,-0.202549,0.275417,0.527672,0.164548,0.183054,0.259364,0.4843,0.04453,0.288185,0.118752,#
