0,1.0,0.212353,-0.031687,-0.203412,0.556398,0.069278,0.205023,0.145396,0.44238,-0.133571,-0.19221,0.29906,0.549207,-0.041836,0.484331,0.184702,0.26502,0.007607,0.136175,-0.115236,-0.184046,0.385127,0.063206,-0.197468,-0.022648,-0.215261,-0.051441,-0.136934,0.249187,0.024146,-0.522207,0.083301,0.0,-0.023579,-0.332251,0.078132,0.332221,-0.019548,0.260969,-0.13597,0.160134,-0.437997,-0.088137,0.197583,0.080862,0.16532,0.521058,0.074799,0.147454,0.147963,-0.258641,-0.283807,0.244972,-0.200474,0.126216,-0.06829,-0.525362,0.284659,-0.183208,-0.080852,0.112954,-0.063176,-0.117933,0.025997,0.254459,0.273809,-0.202075,-0.054485,0.364286,-0.111384,0.033215,-0.641092,-0.139909,-0.360524,-0.229917,0.129624,-0.157127,-0.22901,-0.513739,-0.325301,0.02794,-0.553132,-0.148176,-0.394734,-0.01287,-0.063193,-0.48689,-0.23723,-0.196122,-0.275519,0.183672,-0.29739,0.01117,-0.126812,-0.23723,-0.073881,-0.51384,-0.385167,-0.058563,-0.378679,0.157075,-0.469984,-0.343424,-0.469908,-0.15905,-0.342599,-0.326918,-0.115911,0.037557,-0.326799,-0.160299,-0.139909,0.010341,-0.383021,-0.340653,-0.192182,-0.342541,-0.419634,0.052527,-0.583693,-0.342599,-0.265551,-0.361915,-0.23644,-0.315523,-0.065136,-0.149413,0.153597,-0.17674,-0.298994,0.073923,-0.469636,-0.103504,-0.064876,-0.344929,-0.469929,-0.202075,-0.469908,0.11194,-0.45002,-0.427195,-0.284499,-0.299033,-0.303605,-0.656978,-0.121514,-0.205095,0.194112,-0.538783,-0.468816,-0.245406,-0.292419,0.39213,-0.194323,-0.31821,-0.202117,0.445263,0.272933,-0.461643,-0.195949,-0.172527,-0.139909,-0.1216,-0.120421,0.007539,0.279152,-0.037218,-0.263374,-0.427195,-0.253003,0.046382,0.244817,-0.078014,-0.29755,0.318526,-0.005721,0.100753,0.286937,0.255281,-0.546408,0.164116,0.00241,0.090867,0.288315,0.262817,-0.215245,0.346063,0.028842,-0.118155,0.428657,-0.394734,0.324768,0.329299,0.216343,0.059442,0.271281,0.226875,-0.345166,-0.036083,0.085316,#
1,0.212353,1.0,-0.033192,0.182211,0.270223,0.256957,-0.124625,-0.245019,0.057518,-0.110878,-0.172823,0.191836,-0.148778,0.041223,0.326504,-0.0981,-0.188247,-0.003493,-0.196969,-0.046884,-0.006592,0.377355,0.13782,-0.077919,0.091347,-0.266693,-0.179319,0.011299,0.358459,0.357942,-0.388836,0.000666,0.0,0.137013,-0.306869,0.226,0.15489,-0.177055,0.365128,-0.015904,0.326373,-0.497568,0.327742,0.229146,-0.385262,0.044407,0.236042,0.134155,0.026282,0.058746,0.124173,0.029369,0.019766,0.099735,0.037647,-0.003284,0.055567,0.245684,-0.232535,-0.122839,0.009908,-0.246082,0.007673,0.207836,-0.008121,-0.056017,0.172658,0.15859,0.430594,0.219088,-0.069883,-0.263385,-0.114671,-0.051186,-0.020765,0.093117,-0.065561,0.20869,-0.232296,0.020403,-0.22734,-0.210431,-0.169881,0.148203,0.012599,-0.155236,-0.35915,-0.350167,0.130716,-0.11343,-0.132137,0.218624,0.007193,-0.049519,-0.350167,-0.09057,-0.421147,-0.085178,-0.349907,-0.004015,0.186892,0.010399,0.077544,-0.18675,-0.184405,-0.280796,-0.305919,0.110922,0.20696,0.012333,-0.027596,-0.114671,-0.419973,-0.27284,0.180827,0.126921,-0.280749,-0.049454,0.0116,0.145733,-0.280796,-0.306973,0.060233,-0.020753,0.135586,0.117589,-0.057293,0.076406,0.31393,0.002917,-0.034056,-0.185216,-0.078332,-0.179096,-0.07108,-0.188166,-0.165622,-0.385139,0.348859,-0.083948,-0.144848,-0.076989,0.262748,-0.444562,-0.170173,-0.098451,0.10914,-0.048715,-0.023258,-0.183448,-0.259878,-0.040297,0.010205,-0.098485,0.020347,-0.165657,-0.00349,-0.011153,0.105285,-0.096931,0.013065,-0.114671,-0.198619,-0.126021,-0.174394,0.211718,0.307585,-0.567806,0.056786,-0.207363,-0.25913,-0.107492,-0.24484,0.157779,0.001495,0.26237,0.199388,-0.007513,0.087311,-0.108101,-0.164946,0.068204,-0.001853,0.013274,0.400021,-0.228648,0.179506,-0.016138,-0.093153,0.314636,0.137485,0.241632,0.299705,0.252232,0.107345,-0.193079,0.221292,-0.115437,-0.114131,0.204194,#
2,-0.031687,-0.033192,1.0,0.185156,-0.147401,-0.274782,0.204118,-0.007789,0.207293,0.030049,0.273184,-0.010998,-0.035275,0.109276,0.118936,-0.189778,-0.204357,0.390042,0.27188,0.281999,-0.173008,0.222264,0.102362,0.270667,0.010304,-0.033669,0.038623,-0.201023,0.462883,-0.225976,0.059487,0.22006,0.0,-0.033795,-0.418307,0.143869,-0.130478,0.102881,0.092765,-0.454637,-0.269534,0.384495,-0.107596,-0.292826,0.148917,-0.489501,0.271949,0.14338,-0.242662,0.119348,-0.253037,0.036435,-0.37717,0.185733,-0.28415,-0.229365,-0.091061,-0.106087,-0.419352,-0.175769,0.20797,0.197713,-0.021343,-0.201388,-0.067053,0.315607,0.301935,-0.075616,-0.12071,0.067358,0.031763,-0.123987,0.162247,0.217849,-0.120248,0.261237,-0.123351,-0.264115,-0.12211,-0.19765,-0.118039,0.024808,-0.358423,0.342882,-0.018551,0.043559,-0.043681,-0.298283,-0.214646,-0.122764,0.012741,-0.375384,0.099122,0.262697,0.04518,0.450914,0.043688,0.115261,-0.308381,-0.087537,-0.338441,-0.367283,-0.281571,0.144467,-0.060492,0.090825,0.207715,0.109326,0.159867,0.280212,0.401238,-0.212169,-0.089192,0.125077,0.253174,-0.225947,-0.316325,0.016952,0.205436,-0.000145,-0.125507,0.209235,0.026894,-0.12374,-0.096044,0.453451,0.06264,-0.226247,0.050996,-0.230518,0.381365,0.130955,-0.057626,-0.187853,0.319044,0.131333,0.003711,0.316255,0.16024,-0.232635,0.413297,0.077004,-0.033626,-0.134498,-0.029933,0.060061,0.004902,-0.044359,-0.275892,0.176221,0.256975,0.523318,0.421024,-0.01991,0.129265,-0.013522,-0.040372,0.218839,0.095079,0.003857,0.181721,-0.212169,0.133037,0.22091,-0.178994,-0.1354,-0.207307,-0.182539,0.053908,0.11029,-0.107676,0.253691,-0.244465,0.037568,-0.125981,0.22373,-0.305931,0.201919,-0.004777,0.025284,0.2688,0.255858,-0.195701,0.152351,-0.332034,0.127718,-0.034766,0.452013,-0.009283,-0.04555,0.172806,-0.071601,-0.104499,0.046095,-0.41204,-0.205158,-0.124842,-0.1056,0.203274,-0.33528,#
3,-0.203412,0.182211,0.185156,1.0,-0.292861,-0.103277,-0.28789,-0.019544,-0.435504,-0.333213,0.105913,-0.167123,-0.22561,-0.081726,0.129923,0.189333,-0.011915,-0.158663,-0.118007,-0.141579,0.004998,0.036341,-0.416433,-0.034422,0.220197,0.275908,-0.182338,0.091592,0.119299,-0.223223,-0.181626,0.02417,0.0,-0.072507,-0.236018,-0.205395,-0.120953,0.102144,0.116606,0.211283,-0.079159,0.049793,0.102998,-0.088578,-0.024172,0.360612,-0.219155,-0.580038,0.08861,-0.082458,-0.218161,0.206774,-0.115854,0.153814,-0.071581,0.278021,0.10702,0.015231,-0.250376,-0.112547,-0.150921,-0.049479,0.166477,0.239539,-0.114906,-0.411903,-0.306541,0.123899,-0.386473,-0.044513,0.026461,0.154806,0.159023,0.199141,-0.112796,0.305365,0.07236,0.439866,0.193141,-0.207827,0.052039,0.036912,-0.017202,0.176472,-0.027462,0.065024,0.102743,-0.109439,-0.037169,-0.110627,0.200712,0.139684,0.098472,0.056854,-0.129249,-0.058401,0.033662,0.282072,-0.11803,0.003943,-0.052922,0.143729,0.045974,0.120686,-0.053747,-0.1324,0.198088,0.200353,0.151919,0.103166,-0.12895,-0.212237,-0.442526,-0.058301,-0.052355,0.331572,0.279161,0.003863,-0.528247,0.496861,0.08211,-0.454583,0.204658,0.535679,0.396294,-0.044347,-0.130332,-0.233759,-0.003367,0.201468,-0.316961,-0.239486,-0.048846,-0.204269,0.139197,0.127677,0.285758,0.126995,-0.203727,0.097427,-0.135002,0.163702,-0.03731,-0.162047,-0.044306,-0.048147,-0.207643,-0.257296,0.032778,-0.03056,0.083409,0.339813,0.220614,-0.035999,-0.055489,-0.004916,-0.170636,-0.420054,-0.051993,0.006375,-0.021995,-0.212237,0.145228,-0.282243,-0.511692,-0.291386,-0.20406,-0.288928,0.227887,-0.383797,-0.079255,-0.346183,-0.008942,0.195663,-0.128871,-0.105267,0.012806,-0.150028,-0.508538,0.030753,-0.221871,-0.082957,0.189038,-0.0219,0.044375,-0.307233,-0.213566,-0.202912,0.490129,-0.210229,0.019974,0.291041,0.110349,-0.341366,-0.237446,-0.030297,-0.32729,0.041135,-0.306453,-0.033973,#
4,0.556398,0.270223,-0.147401,-0.292861,1.0,0.234212,0.133763,0.10368,0.217945,0.007154,-0.438479,0.322712,0.303835,0.055466,0.167138,-0.065935,0.041487,0.241624,-0.144777,0.033121,0.290444,0.110039,0.424543,-0.326715,-0.02705,-0.341245,-0.026728,-0.181017,0.02831,0.299028,-0.259549,0.109839,0.0,0.030097,-0.297966,0.366161,0.207567,-0.436415,0.048321,-0.366046,0.097014,-0.279245,0.196214,0.153989,-0.144608,-0.128461,0.394919,0.344846,0.325945,-0.220643,-0.095289,-0.53601,0.032637,-0.281643,0.164897,-0.152279,-0.417764,-0.055316,0.064953,0.128291,0.228352,0.097667,-0.195311,-0.149375,0.010314,0.441174,-0.065234,0.046645,0.475454,0.124666,0.054114,-0.619319,-0.249662,-0.593486,-0.302733,0.242795,-0.423057,-0.280878,-0.564362,-0.205651,-0.071617,-0.628067,-0.377265,-0.138973,-0.399886,-0.248925,-0.841098,-0.043243,0.074136,-0.127894,-0.52693,-0.321154,-0.388192,-0.215249,-0.224609,-0.371053,-0.73793,-0.49926,-0.223657,-0.283065,0.06967,-0.476556,-0.358638,-0.325034,-0.366664,-0.611352,-0.200343,-0.267858,-0.001874,-0.535915,0.253288,0.167511,-0.276359,-0.677285,-0.376609,0.086077,-0.40635,-0.540709,0.174669,-0.542725,-0.396802,-0.144728,-0.514282,-0.480404,-0.074353,0.296057,-0.415839,0.318325,-0.112486,-0.533541,-0.254048,-0.149503,-0.412277,0.137921,-0.486853,-0.480813,-0.360594,-0.487859,0.076149,-0.400531,-0.413792,-0.400335,-0.090207,-0.19116,-0.69433,-0.191582,-0.111678,0.603581,-0.472844,-0.347243,-0.587354,-0.247298,0.104787,-0.508377,-0.221102,-0.360669,0.366535,0.472995,-0.411914,-0.136205,-0.14478,0.183556,-0.347243,0.039152,-0.048346,0.304955,0.065964,-0.187776,-0.583072,0.047256,-0.126056,0.234476,-0.326521,-0.592078,0.188423,-0.032272,0.241538,0.477856,0.475738,-0.456938,0.404767,-0.058173,-0.055529,0.058875,0.645956,-0.334289,0.296606,0.020045,-0.334444,0.591726,-0.47262,0.231039,0.601909,0.231398,-0.091668,0.389808,0.42179,-0.357035,-0.352008,-0.135887,#
5,0.069278,0.256957,-0.274782,-0.103277,0.234212,1.0,0.380652,0.274763,-0.156276,0.093791,-0.190077,0.286799,-0.029351,0.517326,-0.060118,-0.054913,-0.112222,0.071338,-0.090922,-0.24051,0.270144,0.164718,0.022751,-0.382543,0.178593,-0.234449,-0.048102,-0.204361,0.024106,0.27785,-0.084451,0.125101,0.0,-0.221755,-0.152941,0.268474,0.060865,-0.164763,-0.085495,-0.147818,0.333303,-0.129707,0.246286,0.222794,-0.092884,0.109829,-0.00758,0.293473,0.294738,-0.159831,0.196037,-0.049203,0.405217,-0.358292,-0.006824,-0.107392,0.241135,0.175697,-0.056672,0.043983,0.112434,-0.191631,-0.159165,0.133069,-0.019749,-0.186963,0.029799,0.23149,0.385737,-0.266698,-0.30414,-0.395332,-0.18085,-0.17387,-0.120162,0.073454,-0.049464,-0.033466,-0.323129,-0.056051,-0.004432,-0.428026,0.260219,-0.441453,-0.078892,0.140925,-0.048149,-0.005668,-0.135319,-0.136268,-0.116458,0.070947,0.077072,-0.44284,-0.187864,-0.406174,-0.318021,-0.225372,0.161924,-0.289341,0.294897,-0.085445,0.210468,-0.436749,-0.045852,-0.44285,-0.109794,-0.728668,-0.117572,-0.532963,-0.150764,0.230173,-0.190145,-0.24121,-0.049682,-0.109485,-0.23694,-0.185084,0.055497,-0.18739,-0.027906,-0.01454,-0.101176,-0.276563,0.057037,-0.084716,-0.25038,-0.065406,-0.034045,-0.173166,-0.289349,-0.09092,-0.028361,-0.015043,-0.133789,0.087728,0.041439,-0.255465,-0.203501,-0.192577,-0.375606,-0.340602,-0.172386,-0.245419,0.101951,0.018173,0.069049,0.194614,-0.140592,-0.123878,-0.216971,0.074523,-0.386276,0.05136,-0.052856,-0.261261,0.507385,0.247722,-0.189176,0.052115,-0.115846,0.245981,0.055767,0.011097,-0.037299,0.599255,0.440809,0.116232,-0.018491,-0.064898,0.207284,0.081581,-0.157204,0.05299,0.532851,-0.107752,0.018129,0.265803,0.267273,-0.182743,0.173221,-0.146232,-0.081552,0.348957,0.613027,-0.469321,0.246267,-0.10285,-0.216742,0.31069,-0.118753,0.16052,0.451805,0.121901,0.32462,0.23526,0.324264,-0.265631,-0.059728,0.244513,#
6,0.205023,-0.124625,0.204118,-0.28789,0.133763,0.380652,1.0,0.337725,0.404444,-0.005004,0.258347,0.305902,-0.031036,0.223684,-0.008956,0.10824,0.025609,0.07644,0.37122,0.028286,-0.006701,0.245374,0.044281,-0.163275,-0.015982,-0.169561,0.005916,-0.175944,0.406507,-0.094419,-0.25419,0.186856,0.0,-0.485275,-0.072885,0.358492,0.208471,0.070324,-0.205138,-0.390142,-0.043731,0.048874,-0.230389,0.198112,0.031639,-0.322324,0.219259,0.208923,-0.073129,0.204822,-0.130502,-0.017182,0.101355,0.016836,-0.233854,-0.261537,0.009393,-0.068908,-0.166496,0.320294,0.244376,0.101416,-0.156205,0.126937,0.004085,-0.086353,0.244672,0.008184,0.510216,-0.142933,-0.098306,-0.263441,-0.249737,-0.234515,-0.303712,0.196833,0.010542,-0.443487,-0.575833,-0.210099,0.096176,-0.297052,-0.046957,-0.459225,-0.210179,0.136937,-0.188188,-0.229049,-0.317309,0.0404,-0.006303,-0.146378,-0.043329,-0.193055,-0.414983,-0.012676,-0.390611,-0.51314,-0.228146,-0.101564,0.044024,-0.313011,-0.190619,-0.500127,0.137404,-0.188079,-0.197085,-0.331833,-0.179774,-0.35317,-0.067767,0.169718,0.09288,0.001474,-0.034595,-0.32437,-0.401374,-0.177095,0.212835,-0.369894,-0.196069,0.212561,-0.340864,-0.479044,-0.27471,0.125978,-0.398627,0.095357,-0.107504,-0.316005,-0.040478,-0.145989,-0.243299,0.138457,-0.105251,-0.136306,-0.051847,-0.315124,-0.115103,-0.231705,-0.030052,-0.28982,-0.315228,-0.09376,-0.032376,0.123696,-0.291243,0.304924,-0.13013,-0.154436,-0.063819,0.118598,-0.11586,0.082514,-0.053661,-0.360778,0.232922,0.554311,-0.075172,-0.128973,-0.039702,-0.249737,0.021843,0.044954,-0.029491,0.646062,-0.111935,0.059548,-0.030453,0.049849,0.055109,0.297233,-0.091917,-0.205076,0.36239,-0.195469,-0.07548,0.481935,0.423345,-0.262905,0.575292,-0.103117,-0.049169,0.55888,0.295327,0.025174,0.250122,0.255019,-0.167961,0.267507,-0.129904,0.238298,0.193203,0.233985,-0.055186,0.389329,0.420789,-0.184988,0.054592,0.243009,#
7,0.145396,-0.245019,-0.007789,-0.019544,0.10368,0.274763,0.337725,1.0,-0.175892,-0.101749,-0.126844,-0.186704,-0.018466,0.312135,0.284906,-0.040153,-0.08078,-0.240143,0.212152,-0.216799,-0.197556,0.078181,-0.201181,-0.355889,-0.011873,0.077512,0.102268,-0.178317,-0.232921,0.028213,-0.008539,0.061251,0.0,-0.354093,0.079449,0.152979,0.011342,0.113047,-0.161033,-0.326865,-0.093657,0.265306,0.221008,0.107053,-0.072282,0.295479,0.074164,-0.20593,-0.012925,-0.085173,-0.451538,0.03784,0.227966,-0.507152,-0.072516,0.094859,-0.039043,-0.003424,-0.147098,-0.02047,0.15185,0.404755,-0.312582,0.175349,0.31626,0.14267,-0.128588,0.146775,-0.099561,-0.447712,-0.081081,-0.286965,-0.08903,-0.326729,-0.230763,0.079463,-0.21779,-0.345559,-0.326912,-0.196522,0.141754,-0.453348,0.222728,-0.453343,-0.218068,0.198687,0.017367,-0.027656,-0.244801,0.017392,-0.076856,-0.298848,0.034341,-0.218004,-0.027656,-0.147981,-0.326977,-0.132115,-0.025651,-0.244095,0.027464,-0.29907,0.100957,-0.299021,-0.195462,-0.218009,0.101014,-0.518853,-0.081671,-0.418502,-0.326139,0.483935,0.114167,0.093122,-0.418498,-0.00709,-0.217972,-0.059814,-0.081711,-0.071246,-0.218009,0.03858,-0.307766,-0.025591,0.195721,-0.143901,-0.21779,-0.238689,0.126004,-0.190262,0.057274,-0.298848,-0.2669,0.026735,-0.189283,-0.067005,0.2933,-0.065345,-0.375196,-0.267956,-0.271841,-0.509881,-0.190287,0.139931,-0.00612,-0.333749,-0.244792,-0.0711,-0.038063,-0.089639,-0.044786,0.057584,0.092255,0.015228,0.204887,-0.128615,0.268541,0.225952,-0.491076,0.259114,-0.191015,-0.08903,0.151154,-0.185385,-0.195359,0.268784,-0.244297,0.246673,-0.271841,-0.160996,0.016129,0.250652,-0.190093,0.052576,0.40708,-0.099995,-0.128374,0.278746,-0.008761,-0.114417,0.087033,-0.13563,0.045922,0.240676,0.275176,-0.2434,0.12289,0.160546,0.087745,-0.067695,-0.453343,0.303564,0.191322,0.16554,-0.063968,0.168442,0.122762,-0.327584,-0.02163,-0.066069,#
8,0.44238,0.057518,0.207293,-0.435504,0.217945,-0.156276,0.404444,-0.175892,1.0,-0.104486,0.329097,0.257765,0.289421,-0.022217,0.111217,-0.073039,0.245416,0.383215,0.329303,0.187593,-0.187,0.014403,0.198985,0.10105,-0.175941,-0.23735,-0.044946,0.122155,0.216288,-0.110037,-0.115413,0.263955,0.0,-0.073333,-0.119458,-0.105016,0.527075,-0.1581,0.168848,-0.325705,-0.144864,-0.150433,-0.157899,0.105932,0.238165,-0.31275,0.328593,0.311383,-0.074214,0.245223,0.165584,-0.134959,-0.042466,0.295822,-0.361387,0.039625,-0.171201,0.018233,-0.284794,0.240094,-0.252502,-0.164111,-0.136351,-0.02091,0.107539,0.117417,0.336105,-0.12256,0.348148,0.330388,0.195983,-0.197999,-0.180813,-0.00661,-0.132663,0.106588,0.151574,-0.33433,-0.333609,0.094912,0.000213,-0.131555,-0.054325,0.190402,-0.050169,-0.011797,-0.204579,-0.20917,-0.132743,-0.299098,0.207211,-0.110714,-0.191744,0.363024,-0.20917,0.255601,-0.160244,-0.250344,-0.209783,0.001843,-0.000332,-0.271146,-0.432268,-0.110888,0.270193,0.161139,-0.112523,0.217019,-0.114104,0.111964,0.183273,-0.180813,0.345052,0.096707,0.107382,-0.497533,-0.254483,-0.140424,0.273261,-0.322442,-0.051693,0.199752,-0.284771,-0.62371,-0.395829,0.097597,-0.232865,0.287045,-0.077919,-0.179889,0.439977,0.079549,0.106202,-0.069557,0.206234,-0.09811,0.020573,-0.097142,0.120372,-0.040586,0.338504,0.073017,-0.170843,-0.164569,-0.194983,-0.071807,0.070105,0.304423,-0.1069,-0.079878,0.151251,-0.082336,0.042755,-0.113926,-0.040704,-0.261207,-0.048548,0.332998,0.113038,-0.125057,0.210644,-0.180813,-0.090313,0.341203,0.263611,0.09086,-0.128939,-0.12313,-0.021447,0.167764,-0.161164,0.143132,0.028153,-0.073985,-0.106466,-0.113005,0.020088,0.254275,0.151229,-0.284306,0.326061,-0.001691,-0.280894,0.058404,-0.107346,0.294386,0.038764,0.166552,-0.401448,0.140458,0.190402,-0.178036,-0.179394,0.205061,0.09273,0.093592,0.053109,-0.114693,0.073013,-0.043711,#
9,-0.133571,-0.110878,0.030049,-0.333213,0.007154,0.093791,-0.005004,-0.101749,-0.104486,1.0,-0.298345,0.294315,0.154211,0.412077,-0.667856,-0.30333,-0.663269,0.358822,-0.142503,0.201463,0.144744,-0.046767,-0.111317,0.002251,0.315321,0.310767,0.383244,-0.386318,-0.140596,0.275516,0.347689,-0.323041,0.0,0.328993,-0.135288,0.558174,-0.131306,-0.278693,-0.202737,-0.078159,0.106161,0.2287,0.194686,0.278362,0.040962,-0.453451,-0.278229,0.374758,-0.075414,-0.008594,-0.148228,-0.213665,-0.245358,-0.06098,-0.028491,-0.574567,-0.003968,-0.10199,0.542987,-0.014259,-0.180538,0.335728,-0.062732,-0.406084,-0.13665,-0.062153,0.250755,0.234733,-0.000505,0.004503,-0.195299,-0.177815,0.141361,0.094356,0.521602,-0.21228,0.00511,-0.292759,0.084947,0.4392,-0.084354,0.174238,-0.047358,-0.126635,0.455524,-0.23662,-0.042217,-0.028347,0.056285,0.372645,-0.363322,0.168138,-0.216334,0.189877,0.135286,0.317135,0.095251,0.151272,0.138838,0.154147,-0.260468,-0.156586,0.297576,0.181365,-0.03512,-0.008729,-0.035331,-0.092474,0.024573,0.113227,0.313128,0.173933,0.080065,-0.029388,0.138818,0.057619,-0.010041,-0.116044,0.389583,-0.306739,-0.000663,0.378036,0.164129,-0.010162,-0.372834,0.342762,0.194691,0.01902,0.070013,0.337396,-0.049792,0.550413,0.069552,0.60939,-0.185278,0.023231,-0.083628,0.209495,0.437167,-0.072416,0.307513,-0.0172,0.107994,0.145807,0.281424,0.067203,0.478235,-0.120303,0.002686,0.377191,-0.254081,-0.215296,0.128008,0.263959,0.438203,0.239505,0.078156,0.035063,0.25179,0.264417,0.273866,0.190218,-0.335401,0.569891,0.128544,-0.025736,0.09243,0.044115,0.111032,0.325086,-0.118401,-0.217111,0.109318,-0.226044,0.009176,0.336492,-0.072438,-0.025939,0.606252,0.244625,-0.099,0.037343,-0.406545,-0.184451,-0.217012,0.016433,0.026183,0.064863,-0.366257,0.274797,0.193021,-0.610941,-0.216686,-0.08959,0.097052,-0.315242,-0.275291,0.148556,0.447998,-0.095787,#
10,-0.19221,-0.172823,0.273184,0.105913,-0.438479,-0.190077,0.258347,-0.126844,0.329097,-0.298345,1.0,-0.167664,-0.278315,-0.069703,-0.062557,0.165159,0.174555,-0.087674,0.429881,0.384567,-0.241089,0.210444,-0.269785,0.266258,-0.288704,0.098399,-0.3469,0.390624,0.097608,-0.39129,0.082583,0.22124,0.0,-0.418646,0.307342,-0.209781,0.116305,0.310448,-0.239584,0.214471,-0.278046,-0.014836,-0.370372,-0.218818,0.132596,-0.149309,-0.2238,-0.413953,0.004499,0.031564,0.231752,0.329811,0.074309,0.481813,-0.329993,0.176673,0.23453,-0.211664,-0.079855,0.03607,-0.105259,-0.128814,0.309231,-0.053991,0.225189,-0.244372,0.226346,-0.251186,-0.202348,0.20624,-0.054143,0.399379,0.140541,0.370176,-0.061743,0.244473,0.16755,-0.011246,0.19749,0.034043,0.39876,0.256985,-0.09963,0.263842,0.069356,0.292842,0.370459,0.08469,-0.165691,-0.171129,0.405352,-0.032155,0.242536,0.161436,0.063566,0.2608,0.202648,0.072562,-0.095775,0.103677,-0.168448,-0.034012,-0.260656,0.307405,0.545259,0.164421,0.080386,0.359356,-0.208895,0.380903,0.043665,-0.271845,0.061622,0.425388,0.210168,-0.169304,0.161434,0.247967,0.014598,0.238285,0.156252,0.01484,0.219821,0.103812,0.016689,-0.061275,-0.042096,-0.145177,0.080726,0.082288,0.389503,-0.031756,0.15769,-0.272425,0.68535,0.316053,0.215134,0.314924,-0.346499,0.325643,0.451237,0.333338,-0.146527,-0.061196,0.226698,0.308945,0.034815,-0.113779,0.28907,-0.005303,0.361823,0.386179,-0.131935,0.042968,-0.112789,-0.094843,-0.378063,-0.012584,0.316917,0.042598,0.223266,-0.271845,0.341561,0.164213,0.216805,-0.12869,-0.159714,0.028781,0.450828,0.021139,0.12332,-0.262037,0.087735,0.401382,-0.221593,-0.269619,-0.39198,0.053231,-0.299588,0.16107,0.002317,-0.065169,-0.143722,0.275473,-0.304568,0.637147,-0.345104,-0.078449,0.226268,-0.275893,0.264212,-0.003785,-0.14191,-0.157792,0.020134,0.18977,-0.224789,0.073975,0.153034,0.007791,#
11,0.29906,0.191836,-0.010998,-0.167123,0.322712,0.286799,0.305902,-0.186704,0.257765,0.294315,-0.167664,1.0,0.16134,0.187114,-0.122784,0.010998,-0.077631,0.212932,-0.179791,-0.2871,-0.033537,0.179107,-0.023787,0.032187,0.266153,-0.345742,0.091746,-0.395981,0.150303,0.013307,-0.320959,0.103391,0.0,0.016311,-0.418945,0.459873,0.020198,-0.353182,-0.010253,-0.178947,0.348775,-0.107596,-0.130713,-0.043544,-0.085062,-0.157784,0.02821,0.384613,0.141837,-0.129256,-0.097902,-0.279917,-0.046925,-0.121368,0.056321,-0.352297,-0.358676,0.003909,-0.092045,0.09769,-0.195951,0.246032,0.078706,-0.096443,0.111888,-0.264459,-0.117673,0.0976,0.504454,0.170557,-0.145818,-0.355518,0.125892,-0.232072,-0.173312,0.227951,-0.104063,0.009565,-0.207821,-0.234299,-0.216704,-0.169559,-0.037571,-0.170471,-0.072748,0.025684,-0.378691,-0.33271,-0.23945,0.054735,-0.060253,0.075661,-0.223977,0.099653,-0.350629,-0.01167,-0.208807,-0.15955,-0.153168,-0.217551,0.104156,-0.081867,0.109612,-0.297716,0.130902,-0.311848,0.106927,-0.22607,-0.306624,-0.22912,-0.020937,0.142812,-0.237118,-0.343213,0.126657,-0.029208,-0.307072,-0.238479,0.070918,-0.245357,0.132292,-0.127438,-0.239708,-0.357287,-0.064279,-0.008006,-0.09645,0.040328,-0.021709,-0.187106,-0.149661,0.076069,0.058662,0.144686,-0.210532,0.099174,-0.129653,-0.283102,0.381973,-0.284797,0.013912,-0.057142,-0.189365,-0.244918,-0.044115,-0.122214,-0.022509,0.103851,-0.348123,-0.304977,-0.293624,-0.136569,0.038225,-0.237495,0.106346,-0.429244,0.397136,0.218722,0.05216,-0.039048,0.310918,0.159733,-0.105297,0.229539,-0.041476,0.262149,0.18767,-0.063387,0.217635,-0.011362,-0.036006,0.079431,0.050978,-0.323305,0.02834,-0.246746,-0.129915,0.065092,0.501705,-0.157743,0.357529,0.007644,-0.142035,-0.028355,0.243251,-0.27518,-0.075505,-0.1374,-0.286194,0.415003,0.174935,0.008087,0.275252,0.005749,0.227447,0.108045,-0.011435,-0.24041,0.140083,-0.078382,#
12,0.549207,-0.148778,-0.035275,-0.22561,0.303835,-0.029351,-0.031036,-0.018466,0.289421,0.154211,-0.278315,0.16134,1.0,0.219158,0.183018,-0.044345,0.19166,0.306068,0.069538,-0.054914,-0.123769,0.133682,0.104673,0.057561,-0.062117,0.013258,0.306262,-0.111918,0.081639,-0.148296,-0.187082,0.289114,0.0,0.355342,-0.141772,0.027543,0.306476,-0.094977,-0.104371,-0.050137,-0.056003,0.113282,0.010623,0.151698,0.353747,-0.045998,0.215097,0.085219,0.021936,0.279572,-0.146094,-0.225578,0.11935,-0.121376,0.040005,-0.323012,-0.523554,0.409359,0.156373,-0.223853,-0.198491,-0.200617,-0.325357,-0.057582,0.209781,0.104786,0.018085,-0.348078,0.217432,-0.123697,-0.040358,-0.289539,-0.195861,-0.221071,-0.040639,0.187608,-0.075826,-0.301684,-0.221196,-0.123137,-0.221724,-0.201598,-0.127126,-0.188907,0.040997,-0.416746,-0.118865,-0.235181,-0.365382,-0.200297,-0.055348,-0.33769,-0.13843,0.126938,-0.060703,-0.151589,-0.051825,-0.130777,-0.069572,-0.56415,0.259095,-0.151024,-0.380393,-0.327329,-0.104095,0.109961,-0.212668,-0.205761,-0.172953,-0.134903,0.129179,-0.195861,0.272304,-0.131624,-0.422345,-0.166528,-0.293362,-0.244395,0.20546,-0.582201,-0.084974,-0.210284,-0.191723,-0.240254,-0.400791,0.016668,-0.28788,0.260475,-0.463864,-0.214282,-0.023099,0.031877,0.017668,0.113893,-0.25409,-0.316186,-0.004209,0.039811,0.115533,-0.425867,-0.241979,-0.088198,-0.418621,0.164715,-0.425537,-0.042089,0.215544,0.274148,-0.516115,0.023045,0.01893,-0.202207,0.207745,-0.159457,-0.113311,-0.282947,0.223157,0.350296,-0.435061,-0.167391,-0.030136,0.229239,-0.312232,-0.031089,0.355357,0.14457,-0.163717,0.08016,-0.431928,0.16797,0.24541,0.206663,-0.008458,-0.366887,-0.04137,0.114257,-0.004647,0.30173,0.410831,-0.395273,0.057741,0.220528,-0.057323,0.081427,-0.043794,-0.129308,0.247775,-0.02405,-0.217152,0.368099,-0.347837,0.02728,0.05837,0.33615,0.027776,0.035481,0.080702,-0.061986,0.019806,0.072081,#
13,-0.041836,0.041223,0.109276,-0.081726,0.055466,0.517326,0.223684,0.312135,-0.022217,0.412077,-0.069703,0.187114,0.219158,1.0,-0.08565,-0.072098,-0.388535,0.295329,0.091344,-0.227028,0.060362,0.200879,-0.0786,-0.065668,0.122103,0.081342,0.237386,-0.119818,-0.099153,0.06379,0.304114,0.235129,0.0,-0.072324,-0.310018,0.328385,0.126885,-0.210969,-0.238893,-0.309141,-0.133867,0.320812,0.623847,0.234309,-0.027703,-0.12623,-0.06918,0.155118,0.12759,-0.189407,-0.147065,0.036192,0.007764,-0.328486,-0.414316,-0.333569,0.242105,0.054147,0.110565,-0.30482,-0.174213,0.2991,-0.177869,0.077069,0.182658,-0.055231,0.227778,-0.018043,0.062153,-0.050058,-0.149042,-0.202829,0.141499,0.020917,0.118013,0.145123,-0.048004,-0.420916,-0.141956,0.204469,0.02689,-0.22495,-0.131971,-0.062621,0.215417,-0.122435,0.044274,-0.275821,-0.183015,-0.017107,-0.297426,-0.050761,0.025532,0.163395,0.080374,-0.08933,-0.13599,0.08903,-0.10052,-0.113109,0.049031,-0.207833,0.028532,-0.050205,0.044258,-0.046463,0.028932,-0.446364,-0.057911,-0.281799,-0.099863,0.158029,0.03351,0.252221,-0.119292,0.02241,-0.469887,-0.138882,0.347601,-0.325562,-0.251126,0.132825,0.065335,-0.242066,-0.068554,0.092997,-0.266458,-0.246107,-0.114724,-0.143222,0.002811,0.330465,-0.174644,0.232519,-0.048914,-0.035455,0.216542,0.332085,0.123409,-0.176048,0.077507,-0.210536,-0.145423,-0.196611,0.040868,0.086676,0.239287,-0.022318,-0.245911,0.139792,-0.188309,0.178127,-0.368603,0.228481,0.374026,-0.392588,0.124331,0.377425,-0.170533,0.213436,0.204301,0.174559,-0.055278,0.331319,0.062442,0.180602,0.028043,0.290918,-0.114947,0.296486,-0.102729,0.065786,-0.362849,-0.00358,0.094906,0.068391,-0.10022,0.354735,0.343821,-0.040091,-0.059004,0.082546,-0.2067,0.018149,0.177169,-0.153201,0.059729,0.093847,-0.080454,0.175102,-0.065588,-0.245855,0.203765,0.244083,0.163531,-0.216566,-0.057401,-0.281157,0.309069,0.021635,#
14,0.484331,0.326504,0.118936,0.129923,0.167138,-0.060118,-0.008956,0.284906,0.111217,-0.667856,-0.062557,-0.122784,0.183018,-0.08565,1.0,0.266816,0.311241,-0.342137,0.107144,-0.405468,-0.313542,0.39252,0.16502,0.008911,-0.316879,-0.348391,-0.176275,0.045778,0.337529,-0.058132,-0.512433,0.343307,0.0,-0.14152,-0.073723,-0.214229,0.147309,0.268146,0.201511,-0.084014,-0.130109,-0.073319,-0.017428,0.000914,-0.047905,0.416542,0.616309,-0.209277,0.035958,0.206191,-0.204224,0.180597,0.183113,-0.248945,0.005071,0.202984,-0.194245,0.330506,-0.554766,-0.342197,0.166707,-0.14691,-0.013027,0.32141,0.288105,0.320271,-0.240493,-0.263212,0.186936,-0.176843,0.113023,-0.101786,-0.166508,-0.286525,-0.353193,0.186207,-0.218596,0.112836,-0.267187,-0.451155,-0.091647,-0.348438,-0.122285,-0.0357,-0.294766,0.039152,-0.135256,-0.329661,-0.2582,-0.397268,0.173857,-0.376573,0.374967,-0.20467,-0.15086,-0.183737,-0.271544,-0.171128,-0.327964,-0.322542,0.197211,-0.030321,-0.166229,-0.385061,-0.132047,-0.000213,-0.169315,-0.082328,0.119747,-0.289177,-0.439214,-0.166508,-0.084908,0.001474,-0.303804,-0.084217,-0.407663,0.109595,-0.210176,-0.054229,-0.199977,-0.38153,-0.173327,-0.037296,0.273583,-0.174739,0.00098,-0.094819,-0.067936,-0.355837,0.219161,-0.558921,-0.258263,-0.500112,-0.19537,-0.209515,0.068394,-0.213974,0.033557,-0.264002,-0.320965,-0.339669,-0.128575,-0.271123,-0.452,-0.05678,-0.275302,-0.153905,-0.345871,-0.381648,0.074278,0.012313,0.075126,-0.267504,-0.306785,-0.240543,0.048808,0.14773,-0.425312,-0.070033,-0.273527,-0.166508,0.140975,-0.564611,-0.132703,0.211643,-0.104003,-0.124392,-0.320965,-0.301103,-0.045513,0.385584,-0.355521,0.029861,0.147028,-0.011513,0.08014,0.016632,-0.257325,-0.276378,-0.071895,0.301004,0.368691,0.178076,0.207882,-0.198949,0.13509,0.143587,0.39812,-0.095898,-0.367949,0.595942,0.191765,0.450019,-0.115265,-0.029377,0.270007,-0.335471,-0.080444,0.135284,#
15,0.184702,-0.0981,-0.189778,0.189333,-0.065935,-0.054913,0.10824,-0.040153,-0.073039,-0.30333,0.165159,0.010998,-0.044345,-0.072098,0.266816,1.0,0.200019,-0.545932,0.176184,-0.377699,-0.213383,0.230292,-0.113347,-0.32248,-0.258498,0.05038,-0.038843,0.159679,0.079257,-0.308893,-0.356628,-0.01082,0.0,-0.14011,0.049314,-0.018181,0.017159,0.14349,-0.079466,0.255006,-0.169012,-0.288964,-0.063584,-0.07573,0.16866,0.113603,0.363772,-0.33755,0.322768,0.18401,-0.084312,-0.013933,0.205832,0.029569,-0.026969,0.04828,0.185454,0.030017,-0.030333,-0.185813,-0.033473,-0.064537,0.368933,0.253229,0.019702,-0.223544,-0.523678,0.042134,-0.140469,-0.330409,-0.024584,0.104946,0.099893,-0.191118,-0.004981,-0.078637,0.037346,0.166835,0.017282,-0.247203,0.220312,-0.005701,-0.20059,-0.378942,-0.02973,-0.058694,-0.048102,-0.073071,0.096643,-0.078169,0.295368,0.173151,0.347424,-0.216268,-0.09676,-0.155767,-0.183437,-0.141688,-0.08435,0.007599,0.162334,0.177583,-0.083512,-0.040829,-0.049262,0.033897,-0.287739,0.066637,-0.043931,-0.226087,-0.592084,-0.362575,0.032819,0.238736,-0.415732,0.080073,0.048996,-0.132155,-0.230376,-0.119905,-0.195138,-0.269627,0.085752,0.3823,0.034431,-0.361781,0.045669,-0.199715,-0.239985,-0.020896,-0.193288,-0.252579,-0.148204,0.14266,-0.201766,-0.23602,0.1579,-0.256068,-0.15081,0.04667,-0.306664,-0.077033,-0.01704,-0.173622,-0.398333,0.516587,-0.581777,-0.201093,-0.155945,-0.424833,-0.14406,-0.229182,-0.295637,0.08604,-0.422886,-0.176377,0.008107,-0.157128,-0.151131,-0.119935,-0.288823,-0.362575,-0.012487,-0.483338,-0.042998,0.020044,-0.12902,0.16636,-0.083945,-0.387411,-0.107616,0.01406,0.243054,-0.178639,0.044015,-0.303251,0.170712,-0.184729,-0.267302,-0.103958,-0.212326,0.161966,0.621858,0.031534,0.030712,0.09463,0.034844,-0.278573,0.663045,-0.280164,-0.378527,0.384882,0.191457,-0.110136,0.080165,0.212264,0.103804,-0.104502,-0.149458,0.177739,#
16,0.26502,-0.188247,-0.204357,-0.011915,0.041487,-0.112222,0.025609,-0.08078,0.245416,-0.663269,0.174555,-0.077631,0.19166,-0.388535,0.311241,0.200019,1.0,-0.170087,-0.041027,-0.098382,-0.129347,-0.133878,0.062627,0.15093,-0.037844,-0.208337,-0.14298,0.228938,0.052811,-0.179807,-0.165757,0.198108,0.0,-0.381045,0.047918,-0.46971,-0.023049,-0.006102,0.008802,0.226894,-0.149866,-0.248302,-0.313921,-0.276792,0.257834,0.367413,0.153658,-0.193608,-0.042928,0.122374,0.15102,-0.118921,0.308899,-0.006425,0.371157,0.411669,-0.08328,0.038427,-0.173561,-0.055571,0.209056,-0.294162,-0.025032,0.328628,0.047629,0.024451,-0.202035,-0.347384,0.030577,0.082475,0.351966,0.03136,-0.139882,-0.140935,-0.555191,0.193952,-0.12512,0.002536,0.041464,-0.337776,0.194677,-0.181786,0.182773,-0.012936,-0.303781,0.154251,0.033758,0.139124,0.004396,-0.428926,0.390044,-0.117402,0.057246,-0.134928,-0.039615,-0.380387,0.031503,-0.200665,0.119068,-0.175074,0.227656,0.09203,-0.319527,-0.081996,0.026965,0.098613,0.224204,-0.056825,-0.102998,0.04366,-0.171976,-0.139882,0.208733,-0.023361,-0.148728,-0.17716,0.090758,-0.035772,-0.08629,0.142999,0.082274,-0.101521,-0.466691,-0.166666,0.051721,-0.556963,-0.12512,0.261774,-0.412593,-0.298934,-0.058317,-0.469543,0.253152,-0.3245,0.092291,-0.10204,-0.202035,-0.270365,-0.322986,-0.08011,-0.235471,0.059533,-0.298974,0.219951,-0.309952,-0.120394,-0.384611,0.281864,-0.023272,-0.266853,0.272895,0.12206,-0.06976,-0.201469,-0.490783,-0.202077,-0.028642,0.122189,-0.422536,-0.384284,-0.308513,-0.139882,0.28829,-0.445847,0.0403,-0.086218,-0.17817,0.187419,-0.043831,-0.252953,0.432948,0.0815,-0.059783,0.129486,-0.014306,-0.318029,0.08932,0.111836,-0.268338,-0.326949,0.16953,-0.347915,0.47509,0.305976,0.105773,0.1638,0.000175,-0.160061,0.107407,-0.0696,-0.202388,0.343498,0.139308,0.152535,0.067508,0.283035,0.244247,0.041557,-0.367951,0.071081,#
17,0.007607,-0.003493,0.390042,-0.158663,0.241624,0.071338,0.07644,-0.240143,0.383215,0.358822,-0.087674,0.212932,0.306068,0.295329,-0.342137,-0.545932,-0.170087,1.0,0.053765,0.270332,0.311646,-0.07512,0.343354,0.14568,0.207457,-0.241702,0.239515,-0.208363,0.142389,0.140589,0.329522,0.058552,0.0,0.127667,-0.295506,0.159751,0.202237,-0.3727,0.124429,-0.355368,0.101431,0.323438,0.085026,0.041267,0.281515,-0.40762,-0.005514,0.547934,0.009361,-0.092932,0.185431,-0.331276,-0.374586,0.128481,-0.27475,-0.193569,-0.129352,-0.137946,-0.019928,-0.017966,-0.164204,-0.017736,-0.234051,-0.388267,-0.221174,0.159052,0.316295,-0.121393,0.101174,0.446802,0.010656,-0.28153,-0.210715,0.178206,0.01579,0.17167,0.040329,-0.440052,-0.155315,0.096043,-0.298563,0.00472,-0.103097,0.341124,0.235639,-0.175647,-0.229121,-0.131595,-0.19312,-0.108083,-0.18127,-0.22382,-0.392986,0.266613,0.051829,0.090913,0.014467,0.09844,-0.131287,-0.051768,-0.20107,-0.220655,-0.344459,0.099423,-0.078448,0.050637,0.160561,-0.001649,0.130456,0.100885,0.594165,0.171246,0.181313,-0.211208,0.132736,-0.375168,-0.197977,-0.218342,0.538794,-0.233032,0.011227,0.18139,0.006929,-0.494164,-0.364878,0.46192,-0.34631,0.324174,-0.226547,-0.101451,0.161065,0.313478,0.090102,0.147426,0.142566,-0.067043,-0.078984,0.284982,0.287568,-0.249441,0.198914,0.237275,-0.217528,-0.14295,-0.082657,-0.268215,0.327485,0.554252,-0.340753,0.427745,-0.085193,0.050427,0.184301,-0.1894,0.120316,-0.062996,-0.010496,0.342862,0.084706,0.085695,0.508717,0.218991,-0.079267,0.665034,0.133388,-0.102205,0.010294,-0.242119,-0.167718,0.386779,-0.066421,0.060331,-0.069715,-0.187889,-0.153618,0.235315,-0.012257,0.411038,0.345316,-0.334767,0.319119,-0.044245,-0.655155,-0.038166,-0.127867,-0.117427,0.139416,0.243406,-0.617578,0.309047,0.174047,-0.385474,-0.04163,-0.01888,-0.225761,-0.036578,-0.052624,0.014228,0.142465,-0.311231,#
18,0.136175,-0.196969,0.27188,-0.118007,-0.144777,-0.090922,0.37122,0.212152,0.329303,-0.142503,0.429881,-0.179791,0.069538,0.091344,0.107144,0.176184,-0.041027,0.053765,1.0,0.136597,-0.326971,0.3762,-0.065751,-0.228009,-0.640406,-0.054602,-0.099393,0.423905,0.127283,-0.37158,0.044222,0.403606,0.0,-0.212007,0.093214,-0.009884,0.157847,0.304992,0.119156,-0.000524,-0.053456,0.018485,-0.089482,-0.06458,-0.039772,-0.225231,0.283246,-0.120477,-0.401321,0.293738,-0.237862,0.363108,0.189446,0.316723,-0.423684,0.04402,-0.064626,-0.087481,-0.000996,-0.137446,-0.090789,-0.012922,0.114711,-0.00048,0.051957,-0.071469,0.298997,-0.303124,-0.066919,-0.301377,0.034424,-0.004681,-0.210552,0.388048,-0.129175,-0.241515,0.459615,-0.412456,-0.297235,-0.04246,-0.132167,0.033562,-0.186259,-0.141562,-0.022452,-0.083262,0.121258,0.086993,-0.174165,0.08801,0.18283,-0.016928,-0.027456,0.039607,0.079879,0.289021,0.041552,-0.051571,-0.076345,-0.325385,-0.049348,-0.038359,-0.268136,0.134827,0.066024,0.246522,-0.110134,-0.015842,0.176738,-0.029626,-0.076217,-0.210552,0.237207,0.280422,-0.008693,-0.391689,0.062258,0.07005,0.214899,-0.218942,-0.150866,-0.067144,0.202082,0.051326,-0.082485,0.164106,-0.303883,0.053793,0.047127,-0.054089,0.365905,0.133828,-0.013525,-0.071507,0.27852,-0.036669,0.23037,0.110957,-0.240986,-0.058345,0.034755,0.1576,0.01086,-0.112549,-0.025268,0.271589,-0.042696,0.066227,-0.100778,0.156431,0.276211,0.082396,-0.001089,0.003702,0.128172,-0.002782,0.112349,0.044512,0.115264,-0.046292,-0.068893,-0.210552,0.010693,0.04657,0.590525,0.06167,0.21575,0.21967,-0.120216,0.098363,-0.390504,0.328115,0.415513,0.070062,0.243437,0.085636,-0.303599,0.220394,-0.063287,0.028979,0.150005,0.275371,-0.1337,0.131683,-0.127364,0.27903,0.354052,0.064412,0.148769,-0.185167,0.033392,-0.021404,-0.029156,0.000692,0.10222,0.158425,0.197995,0.055216,0.162968,-0.035504,#
19,-0.115236,-0.046884,0.281999,-0.141579,0.033121,-0.24051,0.028286,-0.216799,0.187593,0.201463,0.384567,-0.2871,-0.054914,-0.227028,-0.405468,-0.377699,-0.098382,0.270332,0.136597,1.0,0.12169,0.06768,0.136172,-0.026165,-0.159051,0.196205,-0.047853,0.153794,0.070105,0.129541,0.268897,-0.032169,0.0,0.035397,0.109537,0.099399,-0.10518,-0.064496,-0.183522,0.019654,-0.1488,-0.064346,-0.174639,-0.036891,0.05148,-0.512677,-0.2365,0.057428,-0.239951,-0.017409,0.11385,-0.101905,-0.18037,0.279981,0.008497,-0.076899,-0.004811,-0.074862,0.258711,0.195557,0.092229,-0.196232,0.034949,-0.25601,-0.005768,0.208393,0.614368,0.00408,-0.086172,0.235593,-0.031499,-0.048766,-0.101463,0.239477,0.060729,0.142273,0.018434,-0.261028,0.014692,0.112684,0.024745,0.04811,-0.309008,0.282576,0.111296,-0.121838,-0.103206,0.100524,0.217289,-0.028974,-0.240657,-0.11158,-0.306039,0.021556,-0.128201,0.39742,0.014332,-0.236144,-0.126631,0.103473,-0.113222,-0.340836,-0.215968,0.286481,-0.097777,0.012455,-0.000724,0.237911,0.066493,0.513987,0.657037,-0.101463,0.054385,-0.188973,0.112684,-0.033453,0.21519,0.057743,0.349862,0.055768,-0.045525,0.164097,-0.022905,0.044231,-0.412522,0.410392,-0.040819,0.181509,0.213778,0.00834,0.128162,0.117423,0.011998,0.096797,0.331054,0.060797,-0.146547,0.063662,-0.137984,0.029008,0.344099,0.178418,0.068606,0.148237,0.115385,0.137545,0.410803,0.220224,0.28228,0.299623,0.038187,0.137597,0.279719,-0.02584,-0.044134,0.149396,-0.241479,0.104349,0.226369,-0.076118,0.001067,-0.101463,-0.160898,0.370034,0.139132,-0.032551,-0.025783,-0.147215,0.108693,0.140073,0.114814,-0.321823,0.044197,0.143238,-0.144806,0.19623,-0.146302,0.211273,0.160722,0.212008,0.246177,-0.006386,-0.458864,0.339383,-0.236851,0.413715,0.064706,-0.054302,-0.378444,0.313839,0.074233,-0.186295,-0.157138,-0.14057,-0.317216,0.121299,-0.006917,0.399351,0.072551,-0.083721,#
20,-0.184046,-0.006592,-0.173008,0.004998,0.290444,0.270144,-0.006701,-0.197556,-0.187,0.144744,-0.241089,-0.033537,-0.123769,0.060362,-0.313542,-0.213383,-0.129347,0.311646,-0.326971,0.12169,1.0,-0.412698,0.238054,-0.105193,0.097019,-0.100341,-0.055539,-0.110178,0.061078,0.350204,0.144545,-0.0057,0.0,0.026487,0.051727,-0.013783,-0.021406,-0.240617,-0.099169,-0.075586,0.076081,0.135906,0.042227,0.197726,-0.115405,-0.087017,-0.297222,0.258954,0.317166,-0.328716,0.236415,-0.290212,0.047296,-0.153502,-0.161575,-0.145066,0.260817,-0.372358,0.185908,0.228513,0.124414,-0.016117,-0.114981,-0.236136,-0.482062,0.102863,0.01184,0.263951,0.238979,0.11581,0.149066,-0.014814,-0.194794,-0.028501,0.116985,0.132439,0.136409,0.038861,-0.191352,0.064663,-0.04345,0.004706,-0.108294,0.154378,0.002493,0.118903,-0.241493,0.310326,0.022755,0.137922,-0.499627,-0.133859,-0.333707,-0.072329,-0.0466,-0.26782,-0.017338,-0.267226,0.139518,0.332631,-0.233081,-0.118307,-0.057612,-0.137255,0.075315,-0.271913,-0.021156,-0.095612,0.039721,-0.415333,0.305265,0.202745,-0.236767,-0.454022,0.070595,0.052573,0.141995,-0.113968,0.135043,-0.239339,0.15466,0.09991,0.134797,-0.204546,-0.18071,0.392149,-0.124411,0.228241,-0.018676,-0.179622,-0.417774,0.036545,-0.405693,0.202518,-0.209857,-0.107389,-0.281347,0.058653,-0.097727,0.243943,-0.04954,0.040856,-0.191955,-0.272797,-0.097446,0.031706,0.190504,0.410363,-0.024691,0.022169,-0.427609,0.00632,-0.172567,-0.15978,-0.278183,0.029672,-0.094944,0.071569,0.090077,0.158358,0.047104,0.235873,0.028605,0.301728,-0.146648,0.123255,0.173299,-0.093625,-0.217306,0.39715,0.056232,-0.079862,-0.185262,-0.236711,0.080547,-0.043575,0.316227,-0.004092,0.120327,0.04065,0.250039,-0.298747,-0.221922,0.0134,0.303942,-0.442031,0.125152,-0.211845,-0.19634,0.181853,-0.003537,-0.125821,0.070196,-0.203982,-0.292565,0.201608,0.08975,0.011311,-0.288494,0.184286,#
