0,1.0,0.596609,-0.035058,-0.33202,0.371319,0.042693,0.152141,0.16654,0.150139,0.414917,-0.229103,-0.026662,0.303185,0.388669,0.276842,-0.227958,0.329696,0.379248,-0.015622,-0.143499,-0.204577,0.30087,0.289318,0.096321,-0.469932,-0.320836,0.133113,-0.184908,0.196485,0.594496,-0.418608,0.148618,0.299047,0.069419,-0.030423,0.138844,-0.370663,-0.196221,-0.097783,0.215135,-0.078118,-0.007021,-0.093241,0.419922,-0.033155,-0.487789,0.079961,0.106791,-0.250463,-0.347526,0.040771,-0.470342,0.110293,-0.276426,0.112752,-0.327262,-0.030265,-0.118494,0.128067,0.317029,0.092281,-0.052278,-0.371869,0.066417,0.292618,0.380353,0.240014,0.195891,0.256732,-0.127379,-0.303845,-0.051641,-0.299004,-0.383298,-0.202154,0.256613,-0.260521,-0.278563,-0.210388,-0.334277,-0.211753,-0.220115,-0.425535,-0.022343,-0.280797,-0.251654,-0.456222,-0.170224,-0.160752,-0.397132,-0.430271,-0.637963,-0.335256,0.068377,-0.163393,-0.394561,0.008171,-0.377158,-0.172249,-0.349017,0.282705,-0.448629,-0.332376,-0.103661,-0.26715,-0.048924,-0.373225,-0.229905,-0.494504,-0.07815,-0.015601,0.120425,-0.394159,-0.167537,-0.567135,0.122698,-0.513622,-0.59201,-0.05774,-0.512114,-0.559157,-0.459585,-0.432993,-0.158048,-0.102048,-0.236997,-0.117376,-0.061559,-0.449685,-0.441273,-0.327435,-0.214052,-0.305711,0.177089,-0.347195,-0.326348,0.418596,-0.34814,-0.151048,-0.330584,-0.042912,-0.253913,-0.657096,-0.087108,-0.318461,-0.480403,-0.106994,0.343009,-0.452316,-0.606946,-0.277237,-0.458832,-0.374494,-0.384944,-0.467542,-0.469843,0.42162,0.604022,-0.452632,-0.259633,-0.372246,-0.047409,-0.032697,-0.310448,-0.436756,0.518743,-0.513622,-0.340347,-0.087036,-0.082327,0.334331,0.134507,-0.448629,-0.561441,0.552964,-0.761477,-0.426429,0.27714,0.3039,-0.452871,0.142086,0.264917,-0.042949,0.063916,0.463854,-0.269445,0.364282,0.018216,-0.056803,0.770552,-0.114305,0.464164,0.370712,0.407448,-0.147032,0.51766,0.085868,-0.557802,-0.347234,0.413188,#
1,0.596609,1.0,0.068052,-0.129862,0.287081,-0.120413,0.359011,0.19088,0.265336,0.450577,-0.36723,-0.259319,0.448332,0.502307,0.484665,-0.366184,-0.026689,0.382974,0.347097,-0.367952,0.136252,0.01231,0.290769,0.090374,-0.439947,-0.414327,0.332812,0.183079,0.523059,0.660135,-0.615493,-0.167106,0.13476,-0.039269,-0.014751,0.09917,-0.390569,-0.238767,0.139501,0.189705,-0.252717,0.107284,-0.066945,0.360517,0.03885,-0.417003,0.302542,0.066485,-0.194894,0.078375,0.126426,-0.326983,-0.062914,0.029628,0.206874,-0.524414,-0.089898,0.221638,-0.115998,0.157526,0.003476,0.161014,-0.555947,0.212272,0.25348,0.448546,-0.084871,0.443666,0.255404,-0.273567,-0.302949,-0.115958,-0.386151,-0.55783,-0.451511,0.588337,-0.371961,-0.458477,-0.47511,-0.439219,-0.457597,-0.466856,-0.628858,0.263533,-0.384052,-0.052253,-0.386142,-0.394008,-0.350414,-0.238642,-0.505001,-0.455945,-0.600512,-0.123802,-0.260404,-0.283779,0.025605,-0.56248,0.034605,-0.270401,0.066164,-0.637637,-0.61025,-0.337606,-0.48252,-0.228773,-0.530708,-0.034611,-0.761897,-0.137368,-0.037975,0.359853,-0.379629,-0.553656,-0.356329,-0.092731,-0.488147,-0.673528,-0.161012,-0.617882,-0.565963,-0.324414,-0.508944,-0.305841,-0.03894,-0.030808,-0.442319,-0.124631,-0.240904,-0.516455,-0.43052,-0.55347,-0.542745,0.13091,-0.464351,-0.503277,0.326437,-0.218238,0.04538,-0.4085,-0.399151,0.039511,-0.706495,-0.079151,-0.099676,-0.377702,-0.274481,0.533818,-0.456431,-0.447467,-0.256584,-0.631814,-0.30194,-0.316566,-0.611711,-0.277783,0.426108,0.603777,-0.469618,-0.209801,-0.220669,-0.221449,0.133192,-0.076552,-0.472075,0.44231,-0.504242,-0.228495,-0.097052,0.047708,0.343296,0.080473,-0.146737,-0.696693,0.562422,-0.412067,-0.475221,0.580162,0.63774,-0.430664,0.132232,0.326998,-0.177503,-0.037317,0.676637,-0.175037,0.436018,-0.137522,-0.196859,0.843776,0.049601,0.759909,0.466631,0.45168,-0.419782,0.156529,0.206875,-0.604777,-0.399952,0.307823,#
2,-0.035058,0.068052,1.0,0.327133,0.29686,-0.261064,-0.12581,-0.119247,-0.202138,-0.206087,0.04598,0.190918,-0.293015,-0.092528,-0.187124,0.0137,-0.133917,-0.095668,-0.073582,-0.042906,-0.333057,-0.254459,0.215358,-0.238215,-0.208512,-0.082903,0.297325,-0.046224,0.042427,0.046513,0.004595,0.28757,-0.351195,-0.325656,0.135384,0.113143,0.290265,0.008682,0.08265,-0.126865,-0.025733,0.168249,-0.151122,0.201737,-0.270451,-0.190636,-0.141904,0.322907,0.046091,-0.02683,-0.130263,0.346105,0.276261,-0.056599,-0.123361,-0.049321,-0.311863,-0.022034,-0.491364,-0.137863,-0.077101,-0.289374,0.064471,0.075685,0.078307,-0.054055,-0.03978,0.043143,0.063943,0.441161,0.238016,0.271559,-0.028041,0.08797,-0.127122,0.211005,-0.211177,-0.331877,0.00761,0.022084,0.009826,-0.000301,0.015631,0.456232,-0.057474,0.233442,0.082289,0.082256,-0.123614,0.114459,-0.053702,0.012806,0.011769,0.00776,0.040833,0.199504,0.181646,-0.424304,0.188986,-0.114578,-0.026539,0.022717,-0.134638,0.010837,0.031679,-0.197425,0.202646,0.27489,-0.153604,0.356267,0.218659,-0.26865,-0.087107,0.083231,0.45514,-0.197065,-0.135036,-0.222548,0.009312,0.003179,-0.059439,-0.218658,0.102799,0.11423,-0.13698,-0.209035,-0.330643,0.071468,0.099906,-0.202837,0.356331,-0.225593,-0.390824,-0.03178,-0.168936,0.045406,0.272604,0.292388,0.313754,0.300572,0.123425,0.400028,-0.061214,-0.158671,-0.114308,0.402173,-0.034798,-0.054792,0.016721,-0.122976,-0.031459,-0.177694,0.011846,-0.239208,-0.162191,-0.219658,-0.100439,0.271536,0.184752,-0.137879,-0.204652,0.042002,0.097305,-0.162659,-0.166643,-0.186884,-0.291655,0.030232,0.143326,-0.015288,0.064882,-0.292397,0.030932,-0.08374,0.035435,0.090325,0.020586,-0.074252,0.152914,-0.071338,0.166091,-0.37219,-0.125945,0.235837,0.072459,-0.132907,-0.313446,-0.143483,-0.144416,0.073677,0.194248,0.135682,-0.032861,0.144985,0.195869,-0.334673,0.328816,-0.08562,0.088255,0.009585,#
3,-0.33202,-0.129862,0.327133,1.0,-0.230347,-0.295233,-0.405876,-0.420502,-0.390642,-0.260898,-0.029859,-0.249852,-0.211537,-0.117632,-0.332294,-0.264827,-0.149727,-0.086429,-0.055071,0.21808,0.175635,-0.442367,-0.024238,-0.186792,0.202179,0.10301,-0.049899,0.228027,-0.10989,-0.143737,0.51498,-0.073123,-0.562845,-0.162366,0.044083,-0.379239,0.415831,0.408549,0.202883,-0.087487,0.122823,0.161029,-0.061099,-0.179246,-0.187318,0.127509,0.034065,-0.101024,0.460665,-0.208028,0.038444,0.56674,0.12958,-0.007034,0.11533,0.112957,0.061629,-0.073234,-0.153215,0.25128,-0.083523,-0.032942,0.189453,-0.013336,-0.027866,-0.162049,0.10246,0.200102,0.029712,0.167324,0.283533,0.293354,0.262113,0.177052,0.292788,-0.413761,0.325122,0.114252,0.450473,0.185072,0.070919,0.59903,0.300029,0.299076,0.138795,-0.204164,0.143549,0.386496,0.242707,0.308401,0.317419,0.459483,0.549631,-0.083307,0.560794,0.273183,0.028169,-0.184424,0.215987,0.253718,0.08029,0.165814,0.18225,-0.024425,0.341832,0.507594,0.202887,0.324356,0.374426,0.322984,-0.094092,-0.137349,0.441373,0.36884,0.226799,0.136429,0.441183,0.12958,0.101931,-0.003801,0.280047,0.208751,0.302749,0.259035,-0.032573,0.078662,0.061177,0.04424,0.453318,0.145462,0.56528,0.098742,0.198001,0.232742,0.185513,0.440449,-0.110399,0.420614,0.41017,0.352533,0.48521,0.283237,0.231141,-0.136952,0.407411,0.565044,0.245666,-0.118956,0.313194,0.189715,0.32291,0.296194,0.284942,0.10763,0.100899,-0.007639,-0.242254,-0.120483,0.469298,0.172291,-0.362148,0.177227,-0.047532,-0.033964,0.250681,-0.277803,-0.105783,0.049048,0.021833,0.26179,-0.246953,-0.156955,0.392355,0.06569,-0.321908,0.139204,0.343268,-0.119721,-0.230583,0.051461,-0.216143,-0.216858,-0.202029,-0.198672,-0.189993,-0.015854,-0.091596,0.227467,0.160316,-0.149973,0.178777,-0.203654,-0.305665,0.009726,0.014393,-0.148346,-0.304989,0.341785,0.219866,-0.175537,#
4,0.371319,0.287081,0.29686,-0.230347,1.0,-0.051732,0.241824,-0.057207,0.161238,-0.000516,0.130134,0.296328,0.135491,-0.127607,0.363063,-0.047207,0.328572,0.42657,0.116318,-0.123264,-0.07826,-0.145988,-0.022336,-0.329658,-0.32748,-0.49619,0.051794,-0.181431,0.350617,0.113989,-0.401949,-0.165102,0.103084,-0.287736,0.029891,0.349051,-0.126502,-0.334234,-0.242116,0.290461,-0.134507,0.042525,-0.231729,0.277558,-0.229081,-0.374252,0.137407,0.195472,-0.013097,0.048474,0.17077,-0.124207,0.119742,-0.154362,-0.138669,-0.311811,-0.500535,-0.205771,-0.097702,-0.329832,-0.12087,0.115811,-0.042748,0.080127,0.18563,0.287434,0.222541,-0.028568,0.020985,0.178741,-0.336441,-0.017263,-0.206364,0.039768,-0.055026,0.469924,-0.142877,-0.568231,-0.232414,-0.698021,-0.20836,-0.38222,-0.370908,-0.134312,-0.138085,-0.083723,-0.142702,-0.328782,-0.231122,-0.134426,-0.106058,-0.404428,-0.206311,-0.220335,-0.368705,0.121555,0.114107,-0.342395,-0.216164,-0.207958,0.036771,-0.223278,-0.378163,-0.073524,-0.223278,-0.301066,-0.448429,-0.165088,-0.390718,0.268303,0.139316,-0.282792,-0.487829,-0.298984,-0.10836,-0.318369,-0.558725,-0.278269,-0.231221,-0.216673,-0.625444,-0.061324,-0.424224,-0.180945,-0.155129,-0.298109,-0.285383,-0.030844,-0.220796,-0.271206,-0.036174,-0.455131,-0.45495,-0.280665,-0.228055,-0.396061,0.310226,-0.123962,-0.285802,0.053728,-0.134048,-0.272125,-0.151239,-0.270669,-0.188198,-0.092598,-0.155212,0.193191,-0.212882,-0.371762,-0.201391,-0.397684,-0.373614,-0.356797,-0.379932,-0.316048,0.422408,0.639421,-0.236278,-0.253,-0.152568,-0.089723,-0.08164,-0.021308,-0.611566,0.207718,-0.067355,0.177242,0.170082,0.019368,0.2731,0.111815,-0.222541,-0.13446,0.315251,-0.167547,-0.538427,-0.072184,0.559212,-0.182534,0.400093,0.050439,0.464761,0.193193,0.28748,-0.41693,0.219598,0.103619,-0.272166,0.29154,-0.053034,0.358929,0.071735,0.208502,-0.001053,-0.097154,0.279474,-0.361175,-0.474329,0.481602,#
5,0.042693,-0.120413,-0.261064,-0.295233,-0.051732,1.0,0.07665,0.28029,0.257393,-0.002313,0.083823,0.222279,0.19581,0.150615,0.024166,-0.086135,0.035692,0.268881,-0.466598,0.442151,-0.101183,0.497264,0.176376,-0.123973,0.191175,-0.169263,0.099019,0.020823,-0.133618,-0.145991,-0.335111,0.193723,-0.15413,0.046534,-0.169268,-0.093486,-0.475093,-0.045828,-0.117257,-0.393938,0.044502,0.23916,0.320671,0.041364,0.318649,-0.233798,0.199539,0.123186,-0.259257,-0.015765,0.025263,-0.067758,0.130214,-0.01676,-0.251677,-0.15423,0.142579,-0.317118,0.402523,-0.163804,-0.042636,-0.086711,-0.080662,0.05785,-0.107374,0.043629,-0.262949,-0.206904,-0.101461,0.072422,0.160226,0.224795,-0.326739,0.104054,-0.136958,0.186866,-0.028649,0.149642,-0.131198,-0.067338,0.387995,-0.294386,-0.011752,-0.372729,0.137657,0.280576,-0.177312,-0.087341,0.283643,-0.285589,0.142705,0.205958,0.086242,0.352844,0.095272,0.205081,0.11534,0.275137,-0.244499,-0.243616,-0.030917,0.004652,0.265102,0.018343,-0.005262,-0.10919,0.061452,-0.427346,-0.085898,-0.114945,0.013033,0.127552,-0.160198,-0.22711,-0.112114,-0.097722,-0.401708,0.30315,-0.275513,0.095466,0.051597,-0.262572,0.311238,-0.169099,0.056139,0.217424,0.048155,0.07182,0.216011,0.310379,-0.082946,0.227809,-0.077372,-0.213259,-0.072728,-0.05944,-0.220041,-0.229754,-0.158416,-0.057208,0.063764,-0.375484,-0.060916,-0.154384,-0.079724,0.05739,-0.174025,-0.157334,-0.031012,-0.174748,-0.168455,-0.033906,-0.117113,-0.043326,0.147035,0.194677,0.182498,-0.007533,0.022794,-0.101167,-0.080937,-0.104339,0.15464,0.033326,0.026217,0.305758,0.296353,0.051488,-0.102952,-0.113551,-0.013438,0.247314,-0.345413,0.195475,-0.03178,-0.262248,-0.001897,0.083914,0.078143,0.009438,0.256195,0.194669,-0.089737,-0.16605,-0.245696,-0.17358,0.305122,0.09422,-0.195966,-0.133475,-0.013941,-0.072267,-0.01537,-0.151203,-0.011074,0.075056,-0.011899,0.16049,0.152711,0.15155,#
6,0.152141,0.359011,-0.12581,-0.405876,0.241824,0.07665,1.0,0.255179,0.792386,0.180224,-0.099086,-0.138347,0.546267,0.104003,0.430045,-0.277701,-0.114635,0.191772,0.150167,-0.049451,0.093865,0.109675,0.028528,-0.007847,-0.030792,-0.39645,0.122521,-0.197594,0.197219,0.205315,-0.638979,-0.20958,0.276527,-0.112121,-0.334027,0.113803,-0.063342,-0.192239,0.044856,0.056266,0.137003,0.291429,-0.132923,0.075865,-0.072442,-0.247438,0.456635,0.237903,-0.040116,0.071267,-0.096628,-0.489732,-0.061067,-0.138741,-0.303312,0.076043,0.167461,0.074594,-0.008944,0.189795,-0.082319,0.04816,-0.232777,0.132776,0.472213,0.441629,0.179025,0.02974,0.200429,-0.231367,-0.000667,-0.050153,-0.240929,-0.248879,-0.466161,0.551191,0.098302,-0.151753,-0.156337,-0.119997,-0.130363,-0.456962,-0.28416,-0.057461,-0.400355,0.405949,-0.075138,-0.101384,-0.127515,-0.375709,-0.536415,-0.359639,-0.628985,0.184683,-0.132216,-0.300553,0.164977,0.098591,0.003197,0.030546,0.06054,-0.120567,0.027574,0.189622,-0.136431,-0.362223,-0.042212,-0.239393,-0.296651,-0.469323,0.304429,0.321056,-0.250224,-0.524629,0.117055,-0.049487,-0.441234,-0.36731,-0.154524,-0.289409,-0.358642,-0.315417,-0.52582,-0.399991,-0.119364,0.276545,-0.110843,0.32913,-0.210243,-0.048016,-0.481493,-0.674348,-0.530994,0.013744,-0.300613,-0.293627,-0.049981,-0.059364,-0.043404,-0.334386,-0.37303,-0.174405,-0.354714,-0.243149,-0.138731,-0.29056,-0.393693,0.636994,0.007009,-0.426257,0.045223,-0.319239,-0.143778,-0.401386,-0.319107,0.145309,0.583555,0.463581,-0.190783,-0.470524,0.473885,0.03637,0.550267,0.020337,0.2085,0.465082,0.050624,-0.077352,-0.406221,-0.25122,0.056255,-0.007124,-0.135693,-0.239447,0.056864,0.083902,-0.124827,0.29826,0.786238,-0.090481,0.189224,0.286741,0.071471,-0.208836,0.365181,0.165995,0.465213,-0.005559,-0.612466,0.223799,0.169217,0.311182,0.153963,-0.044034,-0.037061,-0.101721,0.120971,-0.104736,0.048554,-0.229345,#
7,0.16654,0.19088,-0.119247,-0.420502,-0.057207,0.28029,0.255179,1.0,0.40846,-0.107758,-0.157763,-0.099649,0.058837,0.3817,0.214066,0.039057,0.140191,-0.064251,-0.35357,-0.075189,0.022551,0.425413,0.09884,0.365276,-0.04992,-0.15573,0.268996,0.142191,0.185188,-0.178954,-0.355923,0.113478,0.146082,-0.080019,-0.217107,0.043626,-0.224443,-0.568919,0.392945,-0.075969,-0.144747,0.088956,-0.117634,0.188707,0.031966,0.168571,-0.05221,0.135431,-0.161257,0.28985,0.010901,-0.312154,0.048766,0.281794,-0.349003,0.014666,0.099646,0.131347,0.32368,0.069354,0.115911,0.03934,-0.363462,0.307107,0.017869,0.209572,-0.116251,0.167296,0.352764,-0.216955,-0.125661,0.277073,-0.271828,0.175857,-0.290053,0.46471,0.004211,0.049412,-0.477807,-0.018802,-0.115352,-0.121177,-0.011919,-0.227578,-0.158632,0.202048,0.021849,-0.202355,-0.106439,-0.50834,-0.355866,-0.268107,-0.227581,0.245072,-0.210252,-0.110612,0.145825,0.007699,-0.035619,-0.232184,-0.027261,-0.187589,0.155232,-0.013353,-0.011913,-0.508213,-0.053501,-0.147131,-0.379173,-0.484415,-0.003522,0.178535,-0.453339,-0.063813,-0.056599,0.210356,-0.26929,-0.172735,-0.459127,0.309321,0.042207,-0.231309,0.015908,-0.425616,0.209289,-0.087249,-0.081148,-0.011704,-0.130516,-0.00135,-0.56568,-0.127467,-0.072058,-0.182223,0.134558,-0.094071,0.179579,-0.065201,-0.084751,-0.362673,-0.508499,0.141886,-0.21966,0.110019,-0.243937,-0.251472,-0.426953,0.07065,-0.161995,-0.179273,-0.120034,0.03107,-0.295309,-0.153762,0.053926,0.137653,0.329553,-0.053888,-0.265397,-0.017183,0.221074,0.015584,0.095583,-0.176482,0.139089,0.318316,0.079239,-0.293041,-0.308737,-0.271596,-0.060413,0.084814,-0.551631,-0.2791,0.01274,-0.137432,-0.007656,-0.036539,0.300476,-0.015843,0.085113,0.236128,0.221422,0.215863,0.100081,0.130528,0.1423,-0.41791,0.027556,0.034409,0.040407,0.255553,0.157739,-0.306521,-0.214438,0.338777,0.123971,-0.339179,-0.184797,0.200159,#
8,0.150139,0.265336,-0.202138,-0.390642,0.161238,0.257393,0.792386,0.40846,1.0,0.135492,-0.319634,-0.209761,0.566963,0.18589,0.235192,-0.318558,-0.190086,0.152021,0.055419,0.180098,0.065959,0.218417,0.042881,0.156232,0.133213,-0.429102,0.286903,-0.222646,0.260142,0.107056,-0.562603,-0.232618,0.200891,-0.189068,-0.471691,-0.009701,-0.04663,-0.242441,0.011202,0.072624,0.333659,0.242016,-0.126946,0.037912,0.075756,-0.263123,0.339901,0.298313,-0.049581,0.005795,0.053711,-0.39237,0.113699,0.130275,-0.406461,-0.100287,0.231197,-0.028005,0.258555,0.106493,0.013513,-0.147439,-0.250276,0.391416,0.425197,0.492078,0.164724,0.181158,0.300538,-0.312414,0.174591,0.027644,-0.355807,-0.046843,-0.223977,0.419738,0.210477,0.023826,-0.069911,-0.150613,0.117068,-0.375211,-0.23527,-0.146214,-0.277717,0.385151,0.03504,-0.074499,0.050258,-0.348811,-0.433136,-0.123176,-0.508241,0.364733,-0.003835,-0.055762,0.298409,0.150429,0.132282,0.161179,-0.008092,0.089966,0.159593,0.243986,0.073861,-0.172084,-0.063262,-0.312672,-0.16889,-0.388513,0.391081,0.39661,-0.100428,-0.302709,0.099593,-0.019615,-0.268186,-0.102553,-0.211089,-0.162967,-0.168401,-0.263386,-0.2635,-0.418079,0.061552,0.287006,0.007341,0.28086,-0.272226,0.061871,-0.520156,-0.488912,-0.308846,-0.09262,-0.012226,-0.282631,0.019733,0.009214,-0.123599,-0.258604,-0.182944,-0.200727,-0.289063,-0.167506,-0.169648,-0.164753,-0.405285,0.375434,0.016309,-0.377057,0.216056,-0.317261,-0.055017,-0.272769,-0.144338,0.143151,0.47248,0.319744,0.047554,-0.328383,0.336443,0.008456,0.253577,0.146542,0.266228,0.393675,0.231158,-0.020211,-0.515525,-0.150484,-0.258208,0.03933,-0.084573,-0.088256,0.030879,0.168315,-0.072682,0.030322,0.627457,-0.22857,0.067553,0.108164,0.054753,-0.250019,0.146358,0.196187,0.55656,-0.040821,-0.479522,0.123816,0.351308,0.027112,0.072065,-0.25525,0.011858,0.016237,0.016019,-0.198974,-0.044731,-0.128581,#
9,0.414917,0.450577,-0.206087,-0.260898,-0.000516,-0.002313,0.180224,-0.107758,0.135492,1.0,-0.137125,-0.234344,0.398918,0.310834,0.130556,-0.135882,-0.051037,0.079524,0.214405,-0.358313,-0.189307,0.131523,0.39299,0.028304,-0.384793,-0.154447,0.234709,-0.214946,0.116364,0.64074,-0.115826,-0.139909,0.148108,0.19085,-0.202917,0.091335,-0.287503,-0.157715,-0.16809,-0.03098,-0.144094,0.053437,0.214653,0.233525,0.110636,-0.669237,0.172588,-0.092144,-0.64747,-0.108933,-0.086784,-0.18743,0.068184,-0.393858,0.038467,-0.466737,-0.138762,0.042581,-0.149789,-0.04452,0.262264,-0.156825,-0.423594,0.035262,-0.050078,0.283657,-0.140471,0.074184,0.090542,-0.243239,-0.333516,-0.343748,-0.244833,-0.896658,-0.202367,0.204034,-0.250247,-0.416027,-0.23518,-0.107159,-0.238321,-0.400073,-0.31565,0.215253,-0.087595,-0.16797,-0.269241,-0.512523,-0.232085,-0.253238,-0.252066,-0.325212,-0.50039,-0.237863,-0.100415,-0.384644,-0.130453,0.099009,-0.113781,-0.093699,-0.129407,-0.496848,-0.307739,-0.147891,-0.315476,-0.069685,-0.370937,-0.041936,-0.300688,-0.2147,-0.015319,0.560326,-0.17976,-0.355965,-0.354712,-0.071501,-0.215746,-0.253605,0.130866,-0.685431,-0.457853,-0.313677,-0.255141,-0.22494,-0.296928,0.226354,-0.055458,-0.287164,-0.245646,-0.070666,-0.297794,-0.275258,-0.357357,0.023057,-0.685403,-0.233393,0.13062,-0.15596,0.126704,-0.438653,-0.271024,-0.242016,-0.371879,-0.311529,-0.098583,-0.368789,0.197343,0.444349,-0.409711,-0.103673,-0.407581,-0.621069,-0.04106,-0.315202,-0.207715,-0.38472,0.144429,0.459116,-0.133143,-0.349303,-0.124402,0.036232,-0.065141,-0.135412,-0.3287,0.192411,-0.420567,-0.12697,0.070567,0.028686,0.158905,0.082581,0.066472,-0.183917,0.432178,-0.419581,-0.316559,0.428328,0.195455,0.143093,0.134408,0.118381,-0.334347,-0.089054,0.328377,0.174446,0.375215,-0.330107,0.099261,0.610392,-0.024363,0.297846,0.02967,0.469373,0.014263,0.221976,0.006681,-0.444891,-0.010345,-0.24391,#
10,-0.229103,-0.36723,0.04598,-0.029859,0.130134,0.083823,-0.099086,-0.157763,-0.319634,-0.137125,1.0,0.25911,-0.511022,-0.357948,-0.153288,0.388764,0.145176,-0.034298,-0.100801,-0.235925,-0.185915,0.014238,-0.11114,-0.212395,0.096349,0.195243,-0.114695,0.032453,-0.219977,-0.366092,0.117262,0.031613,-0.078874,0.13944,0.153172,0.26445,-0.094464,0.28761,-0.137953,-0.085158,-0.164132,-0.069571,0.05416,-0.128347,-0.185657,0.105639,-0.190293,-0.207683,0.038199,0.11612,-0.094517,-0.037599,-0.086826,-0.396438,-0.191364,0.185792,-0.194005,0.225218,-0.085789,-0.099882,-0.300133,0.008833,0.168261,-0.341647,-0.309811,-0.537764,-0.170172,-0.506252,-0.401252,0.190877,-0.124826,-0.076953,-0.021311,0.192626,0.23266,0.099871,0.056541,0.042031,0.029777,-0.054719,-0.159092,0.056192,0.14546,-0.076285,0.221767,-0.044049,-0.004943,-0.011198,-0.090202,-0.008992,-0.031152,-0.08509,0.32773,-0.285834,0.1407,0.22882,-0.35483,0.367923,-0.040897,-0.073263,0.123607,-0.063707,0.133668,-0.235923,-0.03015,-0.198065,0.049351,-0.25636,0.315301,0.21787,-0.44303,-0.181824,0.088863,-0.081071,0.107703,-0.097052,0.059421,-0.033893,-0.174046,0.323237,0.192929,0.046011,-0.010631,0.111672,-0.48259,-0.278166,-0.15419,0.09772,0.06907,-0.152817,0.323791,0.067757,0.099073,-0.002085,0.144019,0.259091,-0.18133,0.113139,-0.179165,0.089392,-0.006067,-0.211875,0.464068,-0.312167,-0.266332,-0.035462,0.092499,-0.208473,-0.187573,0.314644,0.064043,0.238351,-0.335908,-0.133799,0.032372,-0.236954,-0.338542,-0.233426,-0.081954,-0.038252,0.03544,0.1925,0.229177,-0.134775,-0.075698,-0.229369,-0.0875,0.211985,0.551279,-0.028824,0.10278,0.040647,-0.188041,0.055134,-0.381017,0.081644,-0.03288,-0.097233,-0.242753,0.236129,0.332104,-0.176649,0.010533,0.042984,-0.278672,-0.303854,-0.22289,-0.007619,0.124194,-0.375369,-0.348498,-0.141862,-0.230662,-0.145816,-0.068432,-0.307482,0.165415,0.28596,0.027198,-0.035393,#
11,-0.026662,-0.259319,0.190918,-0.249852,0.296328,0.222279,-0.138347,-0.099649,-0.209761,-0.234344,0.25911,1.0,-0.322282,-0.127602,-0.033665,0.250091,0.082683,0.050704,-0.403376,0.132738,-0.473087,0.220679,0.020716,-0.238245,0.141271,0.107869,-0.050516,-0.22891,-0.171731,-0.288748,-0.160708,0.09998,0.070996,0.257643,0.335503,0.273426,-0.360177,-0.068844,-0.280289,0.054185,-0.013995,-0.022241,-0.006753,-0.270738,0.070775,-0.087252,-0.254638,0.057394,-0.072575,0.305532,-0.079858,0.08253,-0.242632,-0.050133,0.101073,-0.084763,-0.319673,0.000355,0.133012,-0.089353,0.106205,0.070737,0.011957,-0.460652,0.076431,-0.190627,-0.227738,-0.138215,-0.092362,0.463351,0.083479,-0.103888,0.174881,0.297877,-0.299931,0.027558,-0.220131,-0.321573,0.005349,-0.140589,0.350956,-0.146673,0.022205,-0.371718,0.077835,0.067105,-0.071363,-0.075113,0.041816,-0.054623,0.098923,-0.173055,0.176823,0.031987,-0.140377,0.034213,-0.121465,0.071625,-0.323925,-0.136701,0.012253,0.196924,-0.136216,0.04585,-0.288815,-0.201435,0.130019,-0.081194,0.010458,0.336806,-0.083103,-0.306192,-0.263066,-0.058477,0.059238,-0.360424,-0.147505,0.097001,0.007649,0.345571,0.10753,-0.135416,0.104341,0.282833,-0.033187,-0.070055,-0.113674,0.039532,0.142049,0.107426,0.01705,0.280057,-0.223604,-0.193559,0.022933,-0.130345,0.294589,-0.209335,-0.045419,-0.107009,0.126723,-0.00555,0.115854,-0.113542,-0.298216,0.103975,-0.064375,-0.210728,-0.150477,0.020337,-0.023882,0.011402,-0.144879,0.140332,-0.155108,0.135602,-0.073292,-0.045232,-0.001765,0.05225,0.110462,-0.30996,-0.105356,0.035641,-0.357179,-0.043154,0.210498,0.402902,0.09483,-0.036132,0.212016,0.117555,-0.002449,0.246951,-0.14323,-0.114224,-0.279253,-0.12327,-0.047725,0.017996,0.12988,-0.049112,0.05245,0.411448,-0.121504,-0.362298,-0.347662,0.023074,-0.115204,-0.28041,-0.474811,-0.043024,0.112809,-0.04755,0.160209,-0.122725,0.504232,0.100387,0.024912,0.233597,#
12,0.303185,0.448332,-0.293015,-0.211537,0.135491,0.19581,0.546267,0.058837,0.566963,0.398918,-0.511022,-0.322282,1.0,0.501821,0.265986,-0.3296,-0.285991,0.343756,0.149214,0.144407,0.228751,0.256585,0.279702,0.105963,-0.095253,-0.437609,0.240737,-0.076488,0.403823,0.4505,-0.424377,-0.129005,0.334247,-0.086396,-0.187813,-0.130267,-0.00735,-0.180552,-0.164842,-0.197201,0.169095,0.310164,0.271862,0.162823,0.102932,-0.485249,0.556574,0.30415,-0.249713,-0.099764,0.300424,-0.244756,0.171454,-0.04834,-0.134837,-0.075885,0.347096,-0.2396,0.150967,0.076227,0.29305,0.025114,-0.038565,0.272782,0.380854,0.655286,0.000619,0.356036,0.304105,-0.232599,0.026459,0.025137,-0.180101,-0.42272,-0.165182,0.28902,0.057198,-0.118189,-0.182863,-0.205891,0.012949,-0.50418,-0.447009,-0.015906,-0.120446,0.219972,-0.112676,-0.078208,0.131827,-0.327898,-0.257697,0.012832,-0.560692,0.247122,-0.21134,-0.154405,0.463889,-0.067435,-0.060136,-0.02354,-0.132445,-0.094612,-0.046837,0.061228,0.056029,0.032172,-0.13903,-0.254919,-0.394759,-0.315457,0.335068,0.241984,-0.198026,-0.382516,-0.208294,0.017534,-0.382043,-0.093217,-0.002523,-0.554942,-0.32294,-0.285232,-0.086298,-0.297095,0.029298,0.374262,0.117363,0.185992,-0.077704,0.085592,-0.397776,-0.309442,-0.391547,-0.104437,-0.393504,-0.222018,-0.154338,-0.213437,0.121393,-0.16364,-0.1538,-0.250936,-0.384425,-0.138365,0.143962,-0.170953,-0.097839,0.410639,0.065874,-0.409942,-0.061682,-0.477215,0.176429,-0.228079,-0.28463,0.090481,0.624571,0.517259,0.002028,-0.335724,0.122529,-0.175126,0.151063,0.330316,0.007812,0.52426,0.143697,0.003956,-0.32787,0.054482,0.00525,0.248014,0.073774,-0.172802,0.361614,-0.154053,-0.094262,0.395755,0.584284,-0.151372,0.122334,0.14106,-0.116514,-0.245851,0.400782,0.123006,0.692906,0.109955,-0.549983,0.472755,0.43678,0.247495,0.034477,0.100164,0.176781,0.162391,-0.110784,-0.15036,0.134398,-0.114522,#
13,0.388669,0.502307,-0.092528,-0.117632,-0.127607,0.150615,0.104003,0.3817,0.18589,0.310834,-0.357948,-0.127602,0.501821,1.0,0.032817,-0.080604,-0.214077,0.213476,-0.069204,0.036425,0.078773,0.546491,0.726668,0.359377,-0.358586,-0.223012,0.465208,0.151757,0.219587,0.281911,-0.320515,0.075991,0.2524,0.240119,0.047586,0.03517,-0.196481,-0.29125,0.130526,-0.216429,-0.287268,0.236991,0.497187,0.257227,-0.051028,-0.347851,0.14826,0.218818,-0.279271,-0.006712,0.480462,-0.172606,0.099148,0.167233,0.021475,-0.061716,0.244958,0.127329,0.254544,0.215766,0.481832,-0.122492,-0.237548,0.053303,0.322443,0.312656,-0.397657,0.62635,0.369372,-0.124726,0.014699,-0.016947,-0.075475,-0.335817,-0.317272,0.334687,-0.081583,-0.163039,-0.372655,0.029453,-0.145571,-0.279133,-0.361056,0.128305,0.096945,0.02465,-0.038635,-0.141841,0.085769,-0.4222,-0.430593,-0.070234,-0.442315,0.264048,-0.225614,-0.305475,0.177764,-0.130464,-0.046574,-0.235092,-0.041236,-0.228487,-0.036667,-0.369243,-0.017061,-0.194546,0.048986,-0.325368,-0.443544,-0.140274,0.046072,0.201102,-0.233867,-0.118161,-0.23776,0.027857,-0.23779,-0.293991,-0.106312,-0.238969,-0.053139,-0.481065,0.128121,-0.326774,0.195638,0.201479,-0.242815,-0.068992,-0.021562,-0.084299,-0.444299,0.017657,-0.317163,-0.090527,-0.245483,-0.290557,0.159705,-0.349971,0.172001,-0.303621,-0.274591,0.075432,-0.550848,-0.011251,-0.176108,-0.132515,-0.102059,0.083201,-0.189482,-0.316505,-0.182784,-0.381584,-0.142181,-0.201841,-0.302712,0.107701,0.223493,0.240095,-0.081548,-0.352685,-0.109394,-0.34395,-0.088064,0.247804,-0.072302,0.29016,-0.102511,-0.095689,-0.183449,0.200364,0.015435,0.16847,-0.032229,-0.437961,0.302233,-0.294909,-0.193109,0.328154,0.262661,-0.21538,0.024455,-0.140573,-0.301863,0.2078,0.391964,0.159823,0.290474,-0.2724,-0.14141,0.519778,0.081395,0.275857,0.184092,0.213722,0.079345,0.286295,0.250553,-0.289278,0.001256,0.015779,#
14,0.276842,0.484665,-0.187124,-0.332294,0.363063,0.024166,0.430045,0.214066,0.235192,0.130556,-0.153288,-0.033665,0.265986,0.032817,1.0,-0.150056,0.245127,0.052853,0.206089,-0.277298,0.221377,-0.089378,-0.058155,0.09844,-0.441663,-0.211297,0.005227,0.40435,0.459949,0.13274,-0.549117,-0.171019,0.216134,-0.155986,-0.119523,0.383615,-0.343503,-0.131161,0.169614,0.178596,-0.443922,0.094594,-0.221977,0.421358,0.234259,-0.05653,0.239711,-0.2178,-0.064994,0.410467,-0.032729,-0.070207,-0.16652,0.101721,-0.069512,-0.326975,-0.152375,-0.105293,0.029898,0.016579,-0.071354,0.370897,-0.406129,0.108975,0.198873,0.256631,-0.067174,0.002056,-0.07226,-0.469129,-0.459791,-0.385212,-0.0582,-0.206115,-0.538632,0.421691,-0.139421,-0.445144,-0.387093,-0.383238,-0.381637,-0.378864,-0.361786,0.045389,-0.480383,-0.014043,-0.327803,-0.400078,-0.336809,-0.437606,-0.144239,-0.498065,-0.24038,-0.274868,-0.377828,-0.370067,-0.25602,-0.04961,-0.417992,-0.3945,0.424929,-0.508951,-0.395526,-0.211781,-0.352377,-0.242611,-0.482562,-0.149213,-0.55979,-0.219294,-0.273372,0.294651,-0.347946,-0.440186,-0.498089,-0.102097,-0.336604,-0.472659,-0.569445,-0.251371,-0.594305,-0.059679,-0.618507,-0.111614,0.116814,-0.33781,-0.368582,-0.190554,-0.299068,-0.310482,-0.566404,-0.424065,-0.292591,-0.021235,-0.412684,-0.349724,0.261107,-0.450159,-0.158909,-0.27548,-0.583394,-0.443895,-0.445284,0.075501,0.09262,-0.360634,-0.276478,0.218249,-0.452603,-0.35602,-0.233043,-0.293737,-0.397565,-0.075034,-0.444034,-0.098126,0.337957,0.469271,-0.510697,0.006322,0.262311,-0.018563,-0.029515,-0.153552,-0.309946,0.384217,-0.022261,-0.059394,0.027598,-0.49092,0.679974,0.242947,-0.204276,-0.363231,0.457307,-0.28267,-0.36508,0.470494,0.507907,-0.072541,0.117028,0.534012,0.551521,0.026788,0.449999,-0.195075,0.063633,0.080244,-0.145532,0.321834,-0.109405,0.581331,0.248946,0.361623,-0.430969,0.042019,-0.046932,-0.261214,-0.281631,0.408931,#
15,-0.227958,-0.366184,0.0137,-0.264827,-0.047207,-0.086135,-0.277701,0.039057,-0.318558,-0.135882,0.388764,0.250091,-0.3296,-0.080604,-0.150056,1.0,-0.075769,-0.408455,0.089479,-0.226765,-0.381985,0.241826,-0.106444,0.164586,-0.098517,0.056316,0.064762,0.03514,-0.020199,-0.365039,0.157204,0.265449,-0.077506,0.367256,0.013071,0.439885,0.152942,0.104079,0.07426,0.091989,-0.177874,-0.473934,0.290377,-0.11686,-0.184481,0.159877,-0.528413,-0.003268,-0.139159,0.103241,0.171139,0.07628,-0.084645,0.050492,-0.159667,0.299883,0.056003,-0.031777,0.128144,-0.38911,-0.041022,0.230752,0.308837,-0.382847,-0.289711,-0.535294,-0.342762,-0.22026,0.008673,0.258816,0.075419,-0.233089,0.209664,0.203558,0.054084,-0.074716,-0.112379,0.039755,-0.15922,0.139011,0.031177,0.052956,0.337132,-0.08055,0.415616,-0.030024,0.186111,-0.21889,-0.076742,0.174892,0.159952,0.137521,0.138459,-0.080173,-0.049814,0.244817,-0.161473,0.379901,-0.044217,-0.264744,0.110676,0.126593,0.142512,-0.044685,0.336947,-0.19625,0.058103,0.019945,0.128139,0.029388,-0.250166,-0.181837,0.086662,0.294452,0.04059,-0.102245,0.243653,0.156396,0.007483,0.333236,0.189706,0.118124,0.179015,-0.088345,-0.105749,-0.079444,0.065782,-0.057336,0.159683,-0.146116,0.135091,0.248967,0.279725,-0.004728,0.141852,0.065947,-0.181343,0.102531,-0.166158,0.101624,-0.010673,0.064452,0.103107,0.244101,-0.252476,-0.090013,-0.100824,-0.554877,-0.179637,0.138696,-0.226398,0.03973,-0.165681,0.278611,0.237235,0.157971,-0.331706,-0.386559,-0.071881,0.16267,0.247879,-0.009637,-0.163043,0.124535,-0.065565,-0.417982,0.288041,0.124825,0.187233,-0.027388,-0.080573,-0.220172,-0.193266,0.063967,-0.172677,0.093796,-0.037128,-0.080748,-0.434565,0.144739,-0.010148,-0.319528,0.025926,0.059167,-0.452916,-0.064503,-0.408758,-0.382851,0.122625,-0.362145,-0.333737,-0.32199,-0.031268,-0.138012,0.163225,-0.069761,0.164578,0.299356,0.041558,-0.034001,#
16,0.329696,-0.026689,-0.133917,-0.149727,0.328572,0.035692,-0.114635,0.140191,-0.190086,-0.051037,0.145176,0.082683,-0.285991,-0.214077,0.245127,-0.075769,1.0,0.128466,-0.123441,-0.280308,-0.057336,-0.13674,-0.296537,-0.111713,-0.342724,0.109547,-0.476564,0.052241,-0.168416,-0.007333,-0.083316,-0.077587,0.022055,-0.249811,-0.090041,0.207176,-0.109232,-0.337503,-0.105076,0.270739,-0.250935,-0.395333,-0.296797,0.38945,-0.093386,0.151355,-0.226109,-0.302266,0.099068,-0.175616,-0.070337,-0.096784,-0.046111,-0.267631,0.264629,-0.181253,-0.47771,-0.021501,-0.023565,-0.08632,-0.23696,0.120851,-0.071931,0.085501,-0.052842,-0.058626,0.366734,-0.393361,-0.075139,-0.168005,-0.558067,-0.033104,0.043449,0.04807,0.077305,0.111571,0.027545,-0.085444,-0.122788,-0.213067,-0.319189,0.048841,-0.049142,-0.286682,-0.159261,-0.311341,-0.370457,-0.141795,-0.166185,-0.202319,0.029649,-0.423918,0.170975,-0.299381,-0.208521,-0.320024,-0.206684,-0.138659,-0.408829,-0.2128,0.187339,-0.442528,-0.211556,-0.044902,-0.241964,-0.20347,-0.240365,-0.107496,-0.01023,0.051422,-0.104509,-0.147255,-0.247813,-0.107243,-0.453282,0.19026,-0.374587,-0.164538,-0.31601,0.16316,-0.407795,0.151283,-0.364728,-0.12839,0.02509,-0.455113,-0.000991,-0.261548,-0.405278,-0.16872,-0.005537,-0.003965,0.117102,-0.148152,-0.028711,0.031477,0.237358,-0.284774,-0.651634,-0.010511,-0.201166,-0.202416,-0.086439,-0.12119,-0.014822,-0.174206,0.07756,0.118159,-0.098095,-0.055277,-0.292852,0.304428,-0.320024,-0.047266,-0.095404,-0.342658,0.13791,0.144714,-0.431202,0.106341,-0.159316,0.128296,-0.165571,-0.425841,-0.199865,0.109,-0.168903,-0.372849,-0.002349,-0.217879,0.237419,0.023596,-0.442528,-0.051585,0.211993,-0.264951,-0.243119,-0.256536,-0.047168,0.044946,0.017084,0.418489,0.555906,0.030701,0.079292,-0.150242,-0.074982,0.203963,0.509056,0.160165,-0.305111,0.200404,0.133606,0.229294,-0.120395,0.48221,-0.003881,-0.257029,-0.639862,0.567947,#
17,0.379248,0.382974,-0.095668,-0.086429,0.42657,0.268881,0.191772,-0.064251,0.152021,0.079524,-0.034298,0.050704,0.343756,0.213476,0.052853,-0.408455,0.128466,1.0,0.148181,0.171596,0.30153,0.095858,0.185973,-0.343376,0.062828,-0.244848,-0.047585,-0.012044,0.077832,0.241038,-0.402809,-0.125608,0.194627,-0.191305,0.147935,-0.204253,-0.458333,-0.144068,-0.030601,0.045351,0.182625,0.28143,-0.049131,-0.046492,-0.227315,-0.193001,0.19706,0.355792,0.01328,-0.198109,0.499139,-0.17883,-0.104031,-0.171196,0.176268,-0.196303,-0.162874,-0.121485,-0.026084,0.031587,-0.010638,0.282165,-0.163888,0.250302,0.159643,0.460237,0.069172,0.22164,0.144902,0.363849,0.024737,0.160184,-0.53038,-0.20098,-0.017178,0.275352,-0.257984,-0.06341,-0.114535,-0.637266,0.074324,-0.303441,-0.41705,-0.337909,-0.087695,0.172617,-0.206204,0.050986,-0.056516,-0.014432,-0.235386,-0.067616,-0.194103,0.159732,-0.30374,0.023329,0.346704,-0.341713,0.001414,-0.323621,-0.220741,-0.243566,-0.302473,-0.076292,-0.260139,-0.153992,-0.194919,-0.287009,-0.346056,0.012092,0.341637,-0.358154,-0.12575,-0.377566,-0.022921,-0.360646,-0.576188,-0.064422,0.234731,-0.392325,-0.30477,-0.23719,-0.183893,-0.326563,-0.058124,0.110934,0.024613,0.167891,-0.050791,-0.181673,0.002029,-0.169403,-0.253201,-0.153237,-0.058564,-0.39564,0.231506,-0.33278,-0.034952,-0.04039,0.027459,-0.052697,-0.216072,-0.19291,-0.16959,0.07541,-0.122032,0.4403,-0.023684,-0.432805,-0.162497,-0.08602,0.071682,-0.339955,-0.382103,0.060089,0.430069,0.36054,-0.220878,-0.272351,-0.352447,-0.03127,0.143744,0.225853,-0.456873,0.624178,-0.086414,-0.030996,-0.025646,0.153511,0.062566,0.134608,-0.083871,-0.099259,0.139461,-0.248073,-0.072638,0.021962,0.416999,-0.304762,-0.007303,0.246852,-0.133127,-0.097265,0.190026,-0.309486,0.473918,0.301899,-0.465624,0.392667,0.143678,0.313043,0.109489,0.080446,-0.189824,-0.051457,-0.033697,-0.208345,-0.247418,0.281197,#
18,-0.015622,0.347097,-0.073582,-0.055071,0.116318,-0.466598,0.150167,-0.35357,0.055419,0.214405,-0.100801,-0.403376,0.149214,-0.069204,0.206089,0.089479,-0.123441,0.148181,1.0,-0.26076,0.320127,-0.380092,-0.108976,0.071404,-0.251858,-0.152879,0.14,0.159205,0.155514,0.247383,-0.105757,-0.168413,0.254792,-0.07828,-0.106618,0.149845,0.093039,0.12926,0.040085,0.381349,-0.064401,-0.310387,-0.045692,-0.018843,-0.114045,0.09232,-0.021212,-0.008164,0.165335,-0.086707,0.30948,-0.107002,-0.060835,0.039055,0.356026,-0.055014,-0.066462,0.206987,-0.315226,-0.227839,-0.282838,0.188872,-0.005869,0.12336,-0.043224,0.097049,-0.027596,-0.002122,-0.155412,-0.214772,-0.188423,-0.589315,-0.02057,-0.314453,0.010272,0.041688,-0.290627,-0.04147,-0.011353,-0.268533,-0.323455,-0.164592,-0.316661,0.326259,-0.039932,0.035975,0.072085,-0.152366,-0.322453,0.319915,-0.063723,0.009647,-0.323437,-0.397009,-0.311946,-0.14287,-0.201097,-0.085613,0.15801,0.029765,-0.110883,-0.143136,-0.346957,-0.172556,-0.013883,-0.047335,-0.293116,0.048567,-0.131349,0.088916,0.119874,-0.003861,0.250618,-0.216083,-0.044069,-0.267252,0.042854,-0.068244,0.222438,-0.328367,-0.219542,0.324137,-0.367047,-0.204005,-0.124199,-0.050742,-0.145471,-0.232517,-0.238081,-0.395509,-0.104363,-0.349667,0.052663,0.012789,-0.032279,-0.308995,-0.028135,-0.047541,-0.120885,0.059365,-0.203366,0.022002,-0.218012,0.18099,-0.014787,-0.190694,-0.005342,0.164278,-0.033626,-0.075073,-0.090145,-0.204735,0.167734,0.138939,-0.167585,-0.081775,-0.152368,0.033027,-0.190404,0.052979,0.014691,0.005558,0.050115,0.233582,-0.235662,-0.086203,-0.007049,-0.072458,0.162105,0.01236,0.079839,-0.402021,0.213069,-0.078184,0.23797,0.267641,-0.009155,0.113627,0.076031,-0.236877,-0.185896,-0.061163,-0.000723,-0.196297,0.211027,-0.040948,0.083081,-0.050629,-0.108043,0.23975,0.133497,0.12185,0.180369,0.341441,-0.047582,-0.351458,-0.226131,-0.104691,-0.28424,-0.048087,#
19,-0.143499,-0.367952,-0.042906,0.21808,-0.123264,0.442151,-0.049451,-0.075189,0.180098,-0.358313,-0.235925,0.132738,0.144407,0.036425,-0.277298,-0.226765,-0.280308,0.171596,-0.26076,1.0,0.132716,0.183989,0.130301,-0.147295,0.361152,-0.227545,0.097847,-0.118392,-0.224883,-0.20987,0.123826,0.256337,-0.060289,-0.077625,-0.088585,-0.286845,0.099344,0.162323,-0.057583,-0.081112,0.335717,0.456814,0.140096,-0.308421,0.114662,-0.012608,0.337388,0.475609,0.208898,-0.282131,0.128275,0.146764,0.190964,0.16063,-0.112076,0.375224,0.436251,-0.449573,0.484911,0.109197,0.094647,-0.251108,0.301858,0.060752,0.058822,0.271531,0.203768,0.19633,0.089339,0.254668,0.502313,0.215343,0.026144,0.442767,0.106267,-0.36238,0.357332,0.316013,0.434855,0.141279,0.610819,0.275305,0.264244,-0.27808,0.369125,0.136115,0.209557,0.425835,0.614727,0.009146,0.367019,0.527004,0.295623,0.498534,0.270199,0.264462,0.296359,0.089159,-0.050387,0.134319,-0.013175,0.601901,0.460806,0.28248,0.428358,0.348118,0.439397,-0.266473,0.279031,-0.026168,0.413332,-0.282965,0.200411,0.361944,0.24666,0.041097,0.099387,0.527484,0.121297,0.160897,0.360282,-0.039235,0.532832,0.044103,0.265827,0.38656,0.119332,0.226712,0.418711,0.540171,0.103611,0.366394,0.192014,-0.067001,0.301516,0.110951,-0.282196,0.018433,0.218677,0.279615,0.508224,-0.097214,0.049912,0.086292,0.134854,0.339994,-0.135812,-0.190389,0.489482,-0.198022,0.277726,0.156296,0.283296,0.213744,0.315087,0.372698,-0.038353,-0.176117,0.533534,-0.046965,-0.065313,-0.075992,-0.030315,0.380241,0.356173,0.042927,0.455335,0.273666,-0.27234,0.000586,-0.378259,0.005289,0.106268,0.394874,-0.186073,0.08289,0.431038,-0.2709,-0.086309,-0.096235,-0.117134,-0.103361,-0.059415,0.065449,-0.331868,-0.054896,0.208642,0.297854,-0.382566,-0.358599,0.321342,-0.451461,-0.126674,-0.261546,0.246848,-0.266037,-0.282678,0.488579,0.420513,-0.164,#
20,-0.204577,0.136252,-0.333057,0.175635,-0.07826,-0.101183,0.093865,0.022551,0.065959,-0.189307,-0.185915,-0.473087,0.228751,0.078773,0.221377,-0.381985,-0.057336,0.30153,0.320127,0.132716,1.0,-0.131561,-0.195511,0.181112,0.155686,-0.095855,-0.296231,0.230799,0.128479,-0.027856,0.149833,-0.428851,0.172521,-0.083611,-0.043627,-0.303641,0.104631,-0.011377,0.235982,-0.067627,-0.123144,0.142914,-0.158837,-0.09487,-0.18505,0.415637,0.406222,-0.028131,0.421559,0.182284,0.238662,0.081273,-0.119535,0.272545,0.088384,0.223836,0.159306,0.027652,-0.078514,0.023534,0.068566,0.220432,-0.008777,0.162742,-0.081556,0.223024,0.139921,0.312565,-0.072511,-0.259867,-0.112137,0.080123,-0.009881,0.038677,0.234306,-0.155847,0.226495,0.280603,0.10443,-0.200861,-0.097656,0.104314,-0.001964,-0.081232,0.004573,0.015106,0.182788,0.236449,0.114656,0.191,0.182988,0.124901,0.002044,0.074018,-0.198003,0.039906,0.12739,-0.165288,0.320628,0.141834,-0.056552,0.008892,-0.003862,-0.175132,0.016272,0.062212,-0.039068,0.044269,-0.193505,-0.123451,0.16667,-0.182398,0.132121,-0.034715,0.093977,0.06415,0.107269,0.179325,0.044859,-0.0049,0.055668,0.459235,-0.006981,-0.011396,0.300372,0.078367,-0.080505,0.024112,-0.094952,0.186382,-0.064264,-0.130095,0.327454,0.02949,0.190421,-0.071887,-0.181902,-0.079683,-0.052222,0.313268,-0.132448,-0.073913,0.079585,0.244855,0.497583,-0.050006,0.123702,0.115402,0.42264,-0.042989,0.112546,0.280425,0.234339,0.094491,0.037599,0.342628,0.16776,-0.088525,-0.076629,0.042416,0.035685,0.026729,-0.072801,0.302375,0.182632,0.175447,0.114838,-0.097716,0.023675,0.165025,-0.067821,0.124229,0.326699,0.087497,-0.021476,0.304049,0.189585,-0.065295,0.108879,-0.125084,-0.000881,0.090903,0.249435,0.01061,0.070599,0.234783,0.122253,0.377275,-0.080224,-0.017798,0.229515,0.219682,-0.196693,-0.181136,-0.291533,-0.080497,-0.362778,-0.090963,-0.035702,-0.007251,#
