0,1.0,0.218296,-0.080988,-0.225756,0.189467,0.002398,0.070764,-0.152936,0.224385,0.067836,-0.303363,-0.026487,-0.15981,0.233502,0.311766,-0.153361,-0.067323,-0.057113,-0.215142,-0.108431,-0.305565,-0.391004,-0.342065,-0.153325,0.475097,-0.346738,0.153579,-0.230654,0.240703,0.070124,-0.363795,0.099728,-0.043066,-0.102371,0.031559,0.268085,0.096562,-0.060326,-0.374536,0.258024,-0.065198,-0.088672,-0.322584,-0.113134,0.237599,-0.176505,0.09808,0.219538,-0.008878,0.032969,-0.218434,-0.216635,-0.012546,0.18212,-0.082641,0.007616,0.170127,-0.158274,-0.146433,0.343155,-0.100709,0.527038,0.349806,-0.265884,-0.397736,-0.069359,0.0,0.080507,-0.050906,-0.072883,-0.006827,-0.077403,0.122733,0.038671,0.060728,-0.137842,-0.09118,-0.379343,0.146973,0.096601,0.057221,-0.240769,-0.002878,-0.501004,-0.099125,-0.081333,-0.241628,-0.111329,-0.13062,-0.33763,-0.126328,-0.207256,0.008072,0.106156,-0.067788,-0.019971,-0.115648,0.073414,-0.101841,-0.15337,0.065966,-0.174954,-0.209192,0.13608,-0.074031,-0.051293,0.199224,-0.277796,0.018034,-0.532694,0.241602,0.0,0.026172,-0.271461,-0.009469,-0.467103,-0.157643,-0.200924,0.081455,-0.238331,0.336816,-0.090269,-0.185872,0.059483,0.261972,-0.110979,-0.287876,0.075387,-0.032476,0.050332,0.136699,-0.163244,-0.228134,0.037103,0.300307,0.04269,0.271886,-0.087653,0.08985,-0.038768,0.250736,-0.493322,0.343202,-0.251881,-0.14542,-0.077295,-0.138523,0.252132,-0.073769,0.118899,-0.273449,0.204604,0.367912,-0.150839,0.348124,0.087517,-0.068267,0.185147,-0.039128,-0.101516,-0.204678,-0.220838,-0.016562,-0.01289,-0.274911,0.245016,-0.108531,0.470287,0.165524,-0.467103,-0.024251,0.065021,0.055151,-0.128856,-0.10375,-0.061291,-0.015751,0.034253,0.266717,-0.409498,0.126852,0.167222,-0.208953,0.132189,0.110279,-0.140257,0.424048,-0.143053,0.008253,0.158832,-0.159396,-0.116388,0.19621,0.284929,-0.081504,-0.072529,-0.228483,-0.142038,0.134581,-0.19411,#
1,0.218296,1.0,-0.349892,-0.121063,0.282078,0.08968,0.012075,-0.166592,0.147416,0.166136,-0.044449,-0.127557,0.332588,0.33623,0.046492,-0.055907,-0.296714,0.153638,-0.091296,0.058026,0.279047,0.192107,0.407503,0.066332,2.4e-05,-0.415687,0.543083,-0.014582,0.152493,0.208601,-0.347028,-0.085038,0.170719,-0.508677,0.034082,0.018731,0.513079,-0.675632,0.009642,0.183255,0.240334,0.701795,0.05921,-0.091197,0.215744,0.196229,0.01194,0.615716,-0.104125,-0.214172,-0.130349,-0.677915,0.161808,-0.31638,-0.091354,-0.064946,-0.104566,0.410025,0.125716,0.333305,-0.011883,0.110763,0.118194,-0.11505,-0.095535,0.540504,0.0,0.531894,0.396416,-0.003864,-0.400463,-0.217451,0.322986,-0.183219,-0.322761,-0.125174,-0.356188,-0.311336,-0.120867,-0.309053,-0.36119,-0.827763,-0.251737,-0.40765,-0.156992,-0.326964,0.181215,-0.535364,-0.395581,-0.204717,-0.41055,-0.438423,-0.238672,-0.133586,-0.318353,-0.073592,-0.484073,-0.323296,-0.201158,-0.409297,-0.0659,-0.219488,-0.301303,-0.125374,0.200161,-0.314659,-0.388904,-0.559786,-0.233014,-0.252914,0.276592,0.0,-0.379585,-0.508716,0.092154,-0.324219,-0.238635,-0.038282,-0.154378,-0.47976,-0.147898,-0.345674,-0.51253,-0.51436,-0.031765,-0.368761,-0.044103,0.295059,-0.189333,-0.407936,-0.042154,-0.225968,-0.490569,-0.120933,-0.188435,-0.407936,-0.166592,-0.170883,0.298461,-0.689606,-0.301249,-0.13978,-0.259362,-0.310898,0.085394,-0.225254,-0.352719,0.509787,-0.426939,0.065128,-0.571286,-0.395581,-0.141834,-0.225968,-0.12559,0.00135,-0.158028,0.585549,-0.166073,-0.508666,-0.041094,0.065134,-0.450339,0.246886,-0.345674,0.483797,-0.167755,-0.075302,-0.110729,-0.143177,-0.113042,0.326383,-0.407867,-0.256142,0.134034,-0.506751,-0.301249,-0.26414,0.483021,-0.451223,0.703458,-0.098018,-0.39809,0.374152,0.35382,-0.537041,-0.165679,-0.103382,-0.035897,0.437045,-0.346335,0.317889,0.420083,0.3569,0.119182,-0.294815,0.004358,-0.415239,0.002438,0.176616,#
2,-0.080988,-0.349892,1.0,0.137252,0.05871,0.244005,0.063531,0.215001,0.463051,-0.203188,-0.073139,0.350948,-0.361164,-0.021171,-0.373527,-0.199797,-0.118959,0.004976,0.030687,0.180903,-0.409704,-0.397588,-0.155179,-0.041529,0.088812,0.006766,0.017213,0.039498,0.140224,-0.101368,0.019996,0.439841,-0.509517,0.249185,-0.01287,-0.095471,0.030192,0.009858,0.071842,-0.261112,-0.262266,-0.029603,-0.057151,0.158474,-0.342885,0.117887,0.127648,-0.040541,-0.084421,0.414897,0.120992,0.352172,-0.103928,-0.002418,0.008488,0.017827,-0.006311,-0.09354,-0.492504,-0.200435,0.036525,-0.058642,-0.105442,-0.082678,-0.039957,-0.240984,0.0,-0.041813,-0.216323,0.295222,0.374056,0.309152,0.007809,0.167384,-0.059389,0.201084,0.00338,0.119522,0.199389,-0.190888,-0.041307,0.175591,0.187145,0.674559,0.139131,0.302983,-0.313858,0.186704,0.039689,-0.199534,0.419921,0.386466,0.309314,0.214979,0.029325,0.002521,0.309189,-0.192701,0.364651,0.191002,-0.109534,-0.035529,0.084411,0.192088,-0.178368,0.215626,0.341525,0.392205,-0.139045,0.208066,-0.067205,0.0,0.31769,0.231798,-0.145005,0.240647,-0.125271,-0.110128,-0.09611,0.417186,0.001663,0.252633,0.385271,0.005228,-0.161928,0.202632,0.191036,-0.2657,-0.341007,0.088906,0.315122,0.280576,0.042364,0.273375,-0.13387,0.0963,0.199192,0.262803,-0.141442,0.352721,0.351404,0.223296,-0.18801,-0.293359,0.135152,-0.066549,0.311605,-0.062329,-0.071374,-0.027784,0.331699,0.045735,0.40807,0.489052,0.142407,-0.103315,0.054023,-0.09921,0.381236,0.037596,0.003968,-0.305893,0.586237,0.041117,0.284392,-0.447399,0.069973,-0.218127,0.3733,-0.271549,0.120468,0.099953,0.259851,0.097865,0.008313,0.174936,0.074877,0.56972,-0.163658,-0.074611,-0.222776,0.120113,0.386445,-0.294492,-0.314499,0.634864,0.169047,0.08697,-0.455258,0.168987,0.158544,-0.299305,-0.23272,-0.096033,-0.494463,-0.101542,0.023539,-0.106333,0.196436,0.099221,#
3,-0.225756,-0.121063,0.137252,1.0,0.130098,-0.170169,0.096303,0.222529,-0.298191,0.347073,-0.315995,-0.054971,0.045342,-0.274813,-0.337719,0.062185,-0.213924,-0.036758,-0.270299,0.432113,-0.047146,0.011516,-0.093326,0.224405,-0.276242,-0.067512,-0.259434,-0.128386,-0.095537,-0.25696,0.465034,-0.183469,0.1502,0.639322,-0.015581,-0.221922,-0.014852,0.298276,-0.063665,-0.007948,-0.034398,0.075706,0.177491,-0.300935,-0.068855,0.174127,-0.435175,-0.074433,0.14235,0.179803,0.083459,-0.025709,0.284376,0.061187,-0.335979,-0.246253,-0.029403,0.057473,0.012077,-0.256199,-0.541652,0.028994,0.079361,0.212476,-0.272628,-0.193868,0.0,-0.265178,-0.247629,0.208371,-0.119111,-0.196761,0.241565,0.34016,0.016669,-0.379846,0.235574,0.536112,0.44319,-0.090231,0.182881,0.303717,0.084324,0.099066,0.204007,0.195907,0.29543,0.128082,0.280058,0.036584,-0.135879,0.104436,0.512246,-0.081061,0.123885,0.031297,-0.09512,0.190529,0.131197,0.418468,-0.156593,0.020571,0.51487,0.443385,0.187392,0.280158,-0.054686,0.006268,-0.296824,-0.208381,-0.186688,0.0,0.360198,0.299435,0.094547,0.476327,0.422194,0.020703,-0.041617,0.209351,0.442046,0.340328,0.142715,0.116029,-0.18056,0.458124,0.101329,-0.101231,0.343527,0.33386,-0.10442,0.321706,0.484587,0.451269,0.318485,0.522313,0.207032,0.182624,-0.260812,0.300299,0.365756,0.277108,0.206583,0.190905,0.56566,0.479338,-0.119193,-0.31509,0.108401,-0.20939,-0.140329,-0.019048,0.001542,0.515169,0.404223,0.44936,-0.420998,-0.004042,0.476933,0.118976,0.625337,0.298313,0.189813,0.11457,0.168395,-0.187003,0.125382,-0.048202,0.405,0.482006,-0.086211,-0.256276,-0.076018,0.234476,-0.365514,0.461588,-0.134335,-0.14245,-0.532466,-0.097509,-0.109592,-0.464939,0.392854,0.082368,-0.573547,0.219434,-0.273731,0.063964,-0.084193,-0.384714,0.228949,-0.333703,-0.626284,-0.067168,0.27296,-0.018703,0.002971,0.164683,0.124701,0.155519,#
4,0.189467,0.282078,0.05871,0.130098,1.0,-0.224004,0.231905,0.186094,0.110933,0.099096,-0.034975,0.041409,-0.009929,-0.016008,-0.086834,-0.057999,0.216681,0.025046,-0.066572,0.202654,0.028045,-0.240155,0.12678,0.120628,-0.116998,-0.121688,0.174734,0.134805,0.280549,-0.125491,-0.124279,-0.091981,-0.115659,-0.121019,0.239578,0.06957,0.401882,-0.500819,-0.313781,0.183633,0.061799,0.340886,-0.145486,-0.476758,0.313673,0.311267,-0.06047,0.345911,0.252487,-0.027308,-0.028455,-0.525456,0.241771,-0.323736,-0.345096,-0.372353,0.056563,0.036349,0.25034,-0.031,-0.42351,0.348612,-0.091958,0.101624,-0.17204,0.006673,0.0,0.110902,0.072242,-0.047703,-0.065896,-0.183413,0.208341,-0.222427,-0.032323,-0.410441,-0.240844,-0.05165,-0.314022,-0.211337,-0.212332,-0.12211,-0.308128,0.045557,-0.193603,0.092041,-0.173668,-0.148726,0.174796,-0.180718,-0.235869,-0.252787,0.131636,-0.647998,-0.465952,-0.399667,-0.452703,-0.234966,-0.293551,-0.13254,-0.12631,-0.370257,-0.379089,-0.027434,-0.045167,0.027268,-0.142727,-0.198184,-0.346764,-0.120405,0.09518,0.0,-0.018263,-0.280808,-0.141342,0.269784,-0.133321,-0.427074,0.054412,-0.049994,-0.046877,-0.206963,-0.178203,-0.445013,-0.144597,0.019387,-0.143636,0.079834,0.183589,-0.322411,0.291995,0.079367,0.035068,0.288729,-0.206157,-0.143557,0.170162,-0.199571,0.108325,-0.159376,-0.157709,-0.090374,-0.084635,-0.177211,-0.071853,0.119343,0.120708,-0.180985,-0.297947,-0.238387,-0.392343,0.000602,-0.034784,0.079367,0.411321,-0.14301,-0.084064,0.40588,-0.158165,-0.294407,0.3332,-0.306449,-0.049013,0.036478,-0.21351,0.339619,0.0756,0.139983,-0.030025,-0.0946,-0.044518,0.406689,-0.519589,0.101832,-0.146841,-0.144501,-0.383766,0.127812,0.167736,-0.507625,0.090772,-0.046579,0.121986,-0.132111,-0.006619,-0.249169,-0.263871,-0.227788,0.077927,-0.291867,-0.095423,0.193601,0.094091,0.092056,-0.061548,-0.136596,0.522723,-0.248149,0.011604,0.299816,#
5,0.002398,0.08968,0.244005,-0.170169,-0.224004,1.0,0.098717,0.180312,0.575937,-0.061313,0.337997,0.240967,-0.396418,0.090197,-0.231458,-0.113466,0.007144,-0.082445,0.060418,-0.149031,-0.076791,0.03755,0.414107,-0.453025,0.259526,-0.162048,0.269517,0.173945,-0.152691,0.240919,-0.354001,0.048747,-0.307508,-0.05138,-0.270558,0.197878,0.035293,-0.023103,0.278579,-0.007677,0.078511,0.130529,0.199809,-0.152848,-0.335457,0.231489,0.226027,0.13633,-0.107187,0.143715,-0.073105,0.049623,0.073207,0.111429,0.346654,0.520462,-0.50299,0.329968,-0.14553,0.312872,0.24534,0.110708,0.206853,0.025389,-0.119063,0.186932,0.0,0.408972,0.040026,0.09842,0.145437,-0.006435,0.190885,-0.304437,-0.328282,0.41161,-0.050984,-0.190805,0.271273,-0.117451,-0.314066,-0.283529,-0.064261,0.263054,-0.263002,0.138986,-0.319846,-0.044458,-0.115723,-0.064192,0.137678,-0.225541,-0.15068,0.144711,-0.097687,-0.041472,0.274523,-0.014255,0.122971,-0.259713,-0.096892,-0.054577,0.148906,-0.139714,-0.092907,-0.267092,0.240153,-0.049352,0.173884,0.265914,-0.128192,0.0,-0.15421,-0.221234,0.316611,-0.401464,-0.248778,-0.258036,0.20921,-0.010493,-0.053188,-0.169279,-0.154594,-0.259076,0.010925,-0.203694,0.396512,0.396532,-0.352561,0.0371,0.078791,0.234433,-0.287773,-0.171385,0.025323,0.029461,0.16398,0.002987,0.211816,-0.311881,-0.016426,0.027082,-0.079734,-0.059252,-0.065104,-0.311274,0.074904,0.280886,-0.103326,-0.056122,-0.098329,-0.231092,0.313994,-0.034682,-0.072531,0.006627,-0.034136,-0.039668,0.039615,0.192959,-0.175188,0.283279,-0.186911,0.145914,0.341168,-0.060552,-0.423925,-0.34707,-0.138958,-0.146858,0.048564,0.194599,0.261062,-0.270304,0.05182,-0.300407,-0.00677,0.211837,0.10358,-0.194842,0.034436,-0.02438,-0.175692,0.114432,-0.055007,-0.047216,0.059083,-0.061737,-0.097388,0.334698,-0.072388,-0.040099,0.017734,0.343025,0.087916,0.323624,0.088021,-0.317541,-0.334374,0.033754,#
6,0.070764,0.012075,0.063531,0.096303,0.231905,0.098717,1.0,0.202543,0.006611,0.175785,0.103778,-0.161724,-0.024152,-0.213484,-0.043459,0.138009,-0.095052,0.063631,0.128159,-0.054026,0.285516,-0.02106,0.128339,-0.080572,-0.096889,-0.153931,0.110973,0.050276,-0.008567,0.092333,-0.33744,0.021534,0.297038,0.010563,0.203721,-0.276607,0.0707,-0.165243,-0.09529,0.042118,-0.06637,0.000184,0.199922,-0.399699,-0.044609,0.103197,-0.029658,0.162635,0.345979,0.098013,0.082231,-0.203689,0.069521,-0.011517,0.014258,-0.037496,0.180995,-0.021733,-0.188188,0.091851,-0.200094,-0.006506,-0.117691,-0.138907,-0.185518,-0.15558,0.0,-0.046874,-0.05177,0.360465,0.053202,-0.314588,0.236832,0.047481,-0.074444,0.119811,0.168567,-0.242207,-0.155561,-0.191118,-0.270519,-0.0197,-0.000943,0.042268,-0.17419,0.256179,-0.173602,0.054091,0.129969,-0.160808,-0.049882,-7.6e-05,0.110528,-0.146401,0.161632,-0.027593,0.035274,-0.101515,-0.27486,-0.015739,0.054044,-0.18044,-0.086613,0.138273,-0.013401,-0.027916,0.312667,0.075461,-0.204898,0.062709,-0.14855,0.0,-0.070141,-0.194269,-0.260725,0.034256,-0.190101,-0.286798,-0.103675,0.09491,0.202277,-0.230066,0.194671,-0.184338,-0.421812,0.088804,0.161307,0.235019,-0.111266,-0.105319,-0.067977,-0.095833,0.022304,0.103693,-0.012947,0.079833,0.18605,-0.435609,0.07455,-0.010223,0.020396,0.030756,0.130683,-0.281674,-0.210848,-0.261601,0.186014,0.173937,-0.11078,0.17397,-0.303817,-0.283374,0.137195,-0.1705,0.426744,0.056637,-0.179136,0.16394,-0.158736,-0.289296,0.045348,0.003266,-0.084519,0.09264,0.074931,-0.121187,-0.024653,0.017923,-0.053681,-0.082213,-0.035817,0.093893,-0.084141,-0.277042,-0.1691,-0.010279,-0.007135,0.20024,-0.134446,-0.304171,-0.33912,0.072414,0.387133,0.145607,-0.33912,-1.6e-05,0.009335,-0.603796,0.089307,-0.235339,-0.144631,0.090536,0.154565,0.137523,0.278109,0.362489,-0.083183,-0.224461,-0.025835,-0.511493,#
7,-0.152936,-0.166592,0.215001,0.222529,0.186094,0.180312,0.202543,1.0,-0.166489,-0.165697,0.146238,-0.293969,-0.139357,-0.165946,-0.100567,-0.270805,-0.152944,-0.248936,-0.246213,-0.088624,0.202209,0.173218,0.173151,0.206587,-0.10201,0.278019,0.135966,0.153043,0.11242,-0.127158,0.158647,-0.206406,-0.100217,0.336979,0.17443,-0.127228,0.235779,0.205634,-0.10204,-0.248739,0.314657,0.281669,0.124783,-0.258748,-0.100617,-0.026602,0.201683,0.052142,0.053675,-0.269075,-0.534709,0.163713,-0.100845,0.040304,0.039151,-0.194853,-0.296433,0.050833,0.116682,0.088794,-0.146846,-0.105553,-0.394252,0.078588,0.147726,0.138526,0.0,0.118584,0.004027,0.134565,-0.319379,0.148085,0.473033,0.263326,-0.166559,-0.111742,0.467707,0.197242,-0.152872,0.223607,-0.166384,0.174373,-0.180619,0.240637,-0.166597,0.22959,-0.296294,0.206587,0.209963,-0.139993,0.163414,-0.153028,-0.139791,-0.127224,0.174373,0.367603,0.188057,0.227527,0.206587,0.238479,0.042628,-0.139868,0.22585,-0.089044,0.219905,-0.152667,0.212076,0.172644,-0.101798,0.242185,0.09089,0.0,-0.13995,0.334508,0.247182,0.330876,-0.180709,-0.266005,-0.126657,0.225258,-0.088965,-0.166463,0.127229,-0.212281,-0.519284,0.204769,0.210185,0.160742,0.117374,0.413851,0.120455,0.425284,0.15,-0.223075,0.160287,0.413851,-0.041667,-0.166477,0.140676,0.152909,-0.075346,0.133757,-0.139322,0.141017,0.166246,0.129781,-0.166283,-0.164934,0.116122,-0.088845,0.145361,0.209963,-0.089052,0.425284,0.174114,-0.126902,0.162225,-0.20564,0.154339,-0.127224,0.161901,-0.060166,0.194035,0.244923,0.261585,0.191097,-0.126974,-0.287253,-0.114406,-0.12726,-0.2179,0.19829,-0.102013,0.142604,-0.240795,0.177481,-0.075346,0.197832,-0.243626,0.120575,-0.221973,0.130114,0.167554,-0.398785,-0.301274,0.170453,-0.218117,0.169323,0.275913,-0.17048,0.216693,-0.238598,-0.264884,0.220695,0.173732,0.340283,0.160682,0.200048,-0.296651,-0.101583,#
8,0.224385,0.147416,0.463051,-0.298191,0.110933,0.575937,0.006611,-0.166489,1.0,0.01138,-0.036365,0.409166,-0.192337,0.51874,-0.184792,-0.060148,0.061769,0.292692,0.193884,0.079538,-0.42809,-0.407402,0.261108,-0.603486,0.193119,-0.237232,0.232533,0.121957,0.150903,0.235104,-0.528913,0.231037,-0.400441,-0.151726,-0.147395,0.396282,0.14686,-0.356461,-0.00297,-0.006392,-0.118766,0.169517,-0.208585,-0.085789,-0.01442,0.130376,0.535269,0.365219,-0.02163,0.295518,0.103486,0.016392,0.000646,0.071438,-0.070536,0.367437,-0.149974,0.363781,-0.170548,0.316784,-0.010566,0.260482,-0.003464,-0.098645,-0.142052,0.260384,0.0,0.518717,0.248937,-0.034038,0.244918,0.045718,-0.127797,-0.156273,-0.357918,0.114117,-0.355968,-0.286799,0.027905,-0.153566,-0.172827,-0.350361,-0.081121,0.260753,-0.006837,0.163073,-0.539038,-0.063081,-0.236001,-0.025716,-0.093739,-0.096809,-0.239187,0.030464,-0.340798,-0.254967,0.189588,-0.338227,0.106858,-0.428409,-0.095237,-0.206636,-0.170099,-0.153278,-0.466857,-0.155348,0.109603,-0.063378,-0.0329,-0.080613,0.013048,0.0,-0.048351,-0.136838,-0.100385,-0.315427,-0.246829,-0.327908,0.239979,-0.160535,-0.150209,-0.201176,-0.125142,-0.385002,0.013899,-0.044456,-0.072218,-0.042692,-0.444382,-0.217566,0.133122,0.192062,-0.487151,0.077275,-0.38243,-0.225171,0.223719,0.146248,0.367577,-0.15376,-0.070381,-0.14723,-0.059704,-0.339195,-0.111896,-0.435332,0.329362,0.346411,-0.251481,0.073097,-0.034195,-0.258312,0.291951,-0.002231,0.04989,-0.167993,0.305089,0.30208,-0.167392,0.202401,-0.392142,-0.240408,0.054558,0.254669,0.146613,-0.03645,-0.157688,-0.218157,-0.099998,-0.315427,0.20957,0.273107,0.204405,-0.271777,0.128125,-0.197068,-0.060769,0.219487,0.280628,-0.347642,0.36357,0.232055,-0.131774,-0.068262,0.213259,0.089997,0.345284,-0.111702,-0.531508,0.407019,-0.20088,-0.028164,0.239481,0.208601,-0.32603,0.024182,0.165701,-0.500311,-0.001189,0.22222,#
9,0.067836,0.166136,-0.203188,0.347073,0.099096,-0.061313,0.175785,-0.165697,0.01138,1.0,-0.073223,0.026643,0.36653,0.01078,-0.178729,0.462489,0.024582,-0.029876,-0.131076,0.070839,0.101876,0.02483,0.094711,-0.258281,0.004955,-0.259371,-0.148969,-0.41031,-0.056162,0.023085,-0.159596,-0.042121,0.266193,0.055517,0.267236,0.028109,-0.047175,-0.332074,-0.24927,0.335117,-0.245131,0.042837,0.121104,-0.138662,0.06402,0.28986,-0.120433,-0.006311,0.005822,0.111252,0.094207,-0.293644,0.187834,-0.046966,-0.075177,0.30589,-0.133886,0.169805,-0.087208,-0.081935,-0.24332,0.118731,0.197233,0.370397,-0.499032,0.029051,0.0,-0.176206,0.008006,-0.011332,-0.04274,-0.434948,-0.12174,-0.173771,-0.188171,-0.196794,0.106283,0.188175,0.097111,-0.118934,0.00153,-0.170173,0.075964,-0.261392,-0.019354,-0.182228,0.169975,0.123601,-0.030193,0.172075,-0.248406,-0.122471,0.287624,-0.120931,-0.116197,-0.049439,-0.35897,0.036267,-0.395968,0.069646,-0.108142,0.154636,0.061119,0.119384,-0.110231,0.189968,0.004873,-0.044995,-0.226226,-0.102284,-0.262258,0.0,-0.052102,-0.131393,-0.23289,0.004049,-0.050155,-0.057947,0.062632,0.04609,0.339433,0.142988,-0.121949,-0.204381,-0.197632,0.291826,-0.391805,-0.281058,0.309518,0.226124,-0.243694,-0.000932,0.042664,0.366177,-0.000404,0.226124,-0.165697,-0.329869,-0.129718,0.023846,-0.029963,-0.220167,0.324573,0.122896,0.069978,0.217076,-0.026222,0.047346,-0.232741,-0.130618,-0.286141,-0.08387,-0.354135,-0.000932,0.244703,0.24463,-0.102727,0.265965,-0.165796,-0.128335,0.148763,0.080667,-0.122861,0.100408,-0.333638,-0.182901,0.037664,0.192518,0.090091,0.193525,0.208381,-0.172729,0.249861,-0.079891,0.179007,-0.012833,-0.299632,-0.094065,-0.357258,-0.308953,0.052624,-0.271971,0.068091,0.380712,-0.171618,-0.083117,0.148631,-0.237036,0.076041,-0.084425,-0.278463,0.13682,0.063558,-0.05531,0.143043,0.100077,-0.016419,-0.051276,0.003587,-0.015537,#
10,-0.303363,-0.044449,-0.073139,-0.315995,-0.034975,0.337997,0.103778,0.146238,-0.036365,-0.073223,1.0,0.392905,-0.327811,-0.386086,-0.103503,0.030798,0.399797,-0.215885,0.113138,-0.416377,0.393249,0.360848,0.229715,0.189938,-0.021181,0.18514,-0.150731,0.085319,0.339077,0.317849,-0.332936,-0.095807,-0.402413,-0.137963,0.397661,0.102049,-0.021452,-0.092487,0.407092,0.150038,-0.055229,-0.023687,0.159552,-0.137067,-0.212321,0.449424,-0.103681,-0.316219,0.25455,-0.039837,0.047973,-0.163858,-0.204675,-0.20314,0.400625,-0.009276,-0.387956,0.090217,-0.03756,-0.169642,0.381985,-0.342496,0.065779,0.207871,0.314609,-0.042825,0.0,-0.200112,0.085112,-0.319803,-0.146774,0.070408,0.114645,-0.435236,0.076544,0.411285,-0.131464,-0.012632,-0.163432,-0.294299,-0.442114,-0.130445,-0.354978,0.160728,-0.044644,-0.161431,-0.158174,-0.013584,-0.268492,0.009136,0.134129,-0.164406,-0.219214,-0.141744,-0.117288,-0.144646,-0.251165,-0.150592,-0.348353,-0.197583,0.280112,0.196944,-0.309399,-0.428699,-0.068322,-0.166952,-0.07556,0.13281,-0.117025,0.64192,-0.361992,0.0,-0.24116,-0.147245,-0.129297,0.055222,-0.206984,-0.013027,-0.108936,0.367263,-0.343404,-0.088015,-0.417481,-0.076718,0.060514,-0.192456,0.102839,0.034191,-0.225851,-0.033743,0.004011,-0.238024,0.029001,-0.113426,-0.18709,-0.033743,-0.269212,-0.43929,0.056456,-0.33777,-0.319806,0.27833,-0.004479,-0.046191,-0.242262,-0.177868,0.297749,-0.1665,0.001389,-0.364649,0.050107,-0.194845,-0.20165,-0.313254,-0.450113,-0.453197,0.01294,-0.193979,-0.149172,-0.067902,0.066256,0.234477,-0.500312,-0.324051,-0.269357,-0.227183,-0.343033,-0.149897,-0.397195,0.11694,0.06042,-0.175931,-0.022007,-0.487632,0.254194,-0.480203,-0.319806,0.256344,-0.041556,0.136534,-0.107513,0.130463,0.245549,0.267327,0.121642,-0.227174,-0.001541,-0.071982,0.423282,0.066368,-0.372567,0.650491,0.018098,-0.178608,0.098762,0.251008,0.455183,-0.316041,-0.342631,-0.053812,#
11,-0.026487,-0.127557,0.350948,-0.054971,0.041409,0.240967,-0.161724,-0.293969,0.409166,0.026643,0.392905,1.0,-0.408742,-0.097955,-0.147702,0.064944,0.356027,-0.199573,-0.004181,-0.008725,-0.280062,-0.26036,-0.008766,0.038058,0.143993,0.070037,-0.299007,0.059465,0.396,0.274742,-0.338833,0.276333,-0.707059,-0.016643,-0.002176,0.264128,-0.186477,-0.071754,0.37683,0.361871,-0.167055,-0.166769,-0.036683,-0.065678,-0.077292,0.502814,0.003236,-0.26168,0.267003,0.377235,0.327372,0.0321,-0.287225,0.051366,0.09452,0.197045,-0.327753,-0.06464,-0.272168,-0.23388,-0.015394,-0.039895,0.319712,0.018386,-0.005799,-0.148924,0.0,-0.156004,0.034354,-0.197736,0.245191,-0.018941,-0.149197,-0.165856,-0.187572,0.206917,-0.400142,0.062469,0.098213,-0.369178,0.004103,-0.064954,0.048797,0.415336,0.049294,-0.093556,-0.144613,-0.142989,-0.038526,-0.221503,-0.017135,-0.041193,0.052936,-0.197967,-0.239323,-0.195803,-0.104435,-0.431783,0.04863,-0.140542,-0.068857,0.14518,-0.260934,-0.029742,-0.343907,0.273922,-0.180942,-0.016644,-0.162114,0.059528,-0.54007,0.0,-0.131994,0.000926,-0.425455,0.019627,0.031889,-0.2236,0.032979,0.10206,-0.173895,0.156462,-0.201437,-0.010159,0.280235,0.035802,-0.196757,-0.387306,-0.32147,-0.288165,0.018037,-0.29334,-0.101787,0.260642,-0.164953,-0.096306,0.11622,-0.016421,0.042196,-0.123148,0.150133,0.210398,0.11225,-0.152117,-0.210479,-0.201647,0.412067,-0.082081,0.046203,-0.411476,-0.016184,0.023377,-0.021481,0.061801,-0.231628,-0.16172,0.081971,-0.25406,0.071859,0.066357,0.031844,-0.100834,-0.108877,-0.412798,-0.191578,-0.369167,-0.005294,-0.120383,0.129075,0.083104,0.135773,-0.184815,-0.064479,-0.47462,0.289463,-0.26769,-0.35982,0.110609,-0.022663,-0.149702,-0.06286,0.06978,0.239498,0.257066,0.15278,0.00025,0.309694,-0.198086,-0.154763,0.090688,-0.400644,0.367976,-0.142762,-0.083737,-0.110709,-0.023697,0.488743,-0.33243,-0.134509,0.376298,#
12,-0.15981,0.332588,-0.361164,0.045342,-0.009929,-0.396418,-0.024152,-0.139357,-0.192337,0.36653,-0.327811,-0.408742,1.0,0.095488,0.060032,0.3312,-0.51153,0.182819,0.039243,0.144169,0.27418,0.250295,0.061154,-0.026764,-0.341179,-0.126216,0.258627,0.068417,-0.09429,-0.053413,0.085113,-0.011332,0.431861,-0.225682,-0.050788,-0.227741,0.19202,-0.357244,-0.34128,0.195511,-0.025776,0.352775,0.17077,0.362176,0.096625,-0.238725,0.016159,0.28137,-0.215146,-0.338899,-0.004099,-0.107615,0.266383,-0.039792,-0.138536,-0.127436,-0.069224,0.258387,0.087444,-0.012404,-0.065647,0.014293,-0.340833,0.025092,0.024617,0.4131,0.0,0.222607,0.326138,-0.091873,-0.362691,-0.0395,-0.055927,0.100342,-0.007082,-0.390251,-0.113578,-0.122215,-0.154629,-0.154571,0.097997,-0.329758,0.229661,-0.261009,-0.013265,-0.356892,0.271941,0.130873,-0.23205,0.297663,-0.179503,-0.369289,-0.125388,-0.225136,0.042449,0.199381,-0.13828,0.012205,-0.2366,0.049542,-0.186599,-0.10482,0.002824,-0.05139,0.040938,-0.009948,-0.216925,-0.009625,-0.162006,-0.232109,0.267677,0.0,-0.275795,-0.07387,0.085316,-0.031185,0.05635,0.013861,-0.241256,-0.103192,-0.075529,-0.030712,-0.041699,-0.210517,-0.347173,0.16863,-0.232295,-0.146056,0.253181,-0.119164,-0.48396,-0.146921,-0.045198,-0.106639,-0.103872,-0.119164,-0.139357,-0.067651,0.209192,0.082009,-0.252,0.02465,-0.107903,-0.028863,0.007115,0.183365,-0.363894,0.266266,-0.511428,0.135245,-0.109508,-0.05047,-0.297839,-0.146921,-0.23338,0.099074,0.124702,0.118919,-0.265365,-0.225136,-0.120762,-0.20123,0.061789,0.0817,-0.257504,0.182853,-0.067964,0.037883,-0.012228,-0.031185,-0.28038,0.143363,-0.107984,0.021957,0.194065,0.015306,-0.036082,-0.278278,0.004988,-0.069071,0.285522,-0.106968,-0.2253,0.159516,0.264474,-0.040553,-0.102681,-0.030045,0.055352,0.111522,-0.035126,0.068817,0.324323,0.10437,0.018414,0.022591,-0.065809,0.091392,0.078123,-0.124118,#
13,0.233502,0.33623,-0.021171,-0.274813,-0.016008,0.090197,-0.213484,-0.165946,0.51874,0.01078,-0.386086,-0.097955,0.095488,1.0,0.199989,-0.100553,0.074928,0.303661,-0.167475,0.325542,-0.319927,-0.163973,0.027005,-0.517749,-0.01243,0.042566,0.231384,-0.109651,0.004014,0.227711,-0.348412,0.053285,0.092171,-0.307832,-0.19429,0.223411,0.102532,-0.241452,0.005076,-0.222376,-0.018322,0.122266,-0.405506,0.125731,0.163136,-0.302645,0.67756,0.350956,-0.288717,0.155175,-0.199499,0.025772,-0.045365,0.221871,-0.392522,0.260896,0.215312,0.260929,0.294667,0.279431,-0.277408,0.290227,-0.08562,-0.18503,-0.170307,0.311673,0.0,0.488623,0.395543,0.018149,-0.099407,0.128161,-0.122851,0.151024,-0.328119,-0.226572,-0.178111,0.018552,-0.283977,0.165428,0.13356,-0.354305,0.063156,-0.052639,0.028543,0.163305,-0.192519,-0.244417,-0.240958,-0.203771,-0.237139,0.050308,-0.228851,0.233086,-0.351314,-0.104703,0.186995,-0.191075,0.280504,-0.265976,-0.160842,-0.035273,-0.175227,-0.354635,-0.284598,-0.164568,-0.071414,-0.24992,0.145659,-0.248623,0.374145,0.0,-0.198692,0.017519,0.091793,-0.310565,-0.25451,-0.074826,0.25401,-0.614132,-0.141552,-0.168668,0.052489,-0.219429,0.1197,-0.184936,-0.229302,0.041686,-0.209949,-0.213082,0.002375,0.203336,-0.66003,-0.133741,-0.196255,-0.406355,-0.165946,0.14356,0.336707,0.005994,-0.300082,-0.507247,-0.067789,-0.085837,-0.069094,-0.378594,0.009113,0.488732,-0.029941,0.495733,-0.03641,-0.089625,-0.130588,0.005819,0.053387,-0.00372,0.502224,0.401239,-0.122781,0.048449,-0.538346,-0.239624,0.204472,0.604834,0.144141,0.287837,-0.001602,-0.030854,-0.100669,-0.310565,0.025767,0.15703,-0.007597,0.094755,0.103316,-0.022409,0.151121,-0.262146,0.278727,-0.256468,0.562473,0.218758,-0.492198,-0.234186,0.383282,-0.079803,0.244392,0.067913,-0.532183,0.26525,-0.029969,-0.181673,0.401467,0.166739,0.023626,-0.312748,-0.331643,-0.179231,0.1893,0.233967,#
14,0.311766,0.046492,-0.373527,-0.337719,-0.086834,-0.231458,-0.043459,-0.100567,-0.184792,-0.178729,-0.103503,-0.147702,0.060032,0.199989,1.0,-0.063025,0.064723,-0.185391,-0.325659,-0.004732,-0.307359,-0.206086,-0.200772,-0.067272,-0.246212,0.085446,0.123323,-0.272719,-0.065958,-0.30691,-0.114968,0.329536,0.196327,-0.144761,0.05101,-0.071184,0.069404,0.139453,-0.246285,-0.022107,0.235108,-0.046933,-0.482543,0.003338,0.571861,-0.377282,0.358025,0.01125,0.056072,-0.323572,-0.612131,0.073389,-0.243399,-0.072394,0.113608,0.057076,0.108211,-0.433761,0.015166,-0.015394,0.142191,0.223119,-0.019697,-0.302497,0.19921,-0.079299,0.0,-0.139976,0.038099,-0.26147,0.087152,0.146345,-0.214985,0.168388,0.195304,-0.21856,0.022834,-0.035365,-0.215781,0.33771,0.149981,-0.06231,0.128098,-0.291671,-0.168204,0.258999,0.082358,-0.122021,0.026267,-0.337887,-0.045499,-0.037895,-0.181076,0.111038,0.173239,0.197072,0.20053,0.042092,-0.100654,0.119445,-0.218929,-0.337586,-0.147963,-0.018612,-0.241877,-0.027139,-0.185218,-0.154148,0.40916,-0.114707,0.423665,0.0,-0.184613,0.048502,-0.198393,-0.150044,0.103612,0.137112,-0.099861,-0.327252,-0.214726,-0.01727,0.021392,0.254272,0.141764,-0.070296,-0.186651,0.223567,0.110165,-0.24626,-0.007144,-0.246013,-0.33815,-0.458127,0.32349,-0.24626,-0.100567,-0.068321,0.020752,0.106499,0.04175,-0.206322,-0.100312,0.050371,-0.06701,-0.004704,0.006899,0.004363,0.207725,0.044336,0.050342,0.303557,-0.009823,-0.065213,0.11121,-0.099555,0.300507,-0.12359,-0.310884,-0.307068,-0.546252,-0.145218,0.007102,-0.199621,-0.072127,0.239852,0.05422,0.469969,0.134569,-0.307155,-0.18905,0.015563,-0.246218,0.042932,-0.071495,0.179023,0.320291,-0.369345,0.238998,0.213361,-0.12318,0.444388,-0.299605,0.02183,0.157347,-0.085406,0.267616,0.125411,0.197906,-0.211656,0.059664,-0.173183,0.21053,0.112839,0.286698,-0.191802,-0.267606,0.233753,-0.118227,-0.00178,#
15,-0.153361,-0.055907,-0.199797,0.062185,-0.057999,-0.113466,0.138009,-0.270805,-0.060148,0.462489,0.030798,0.064944,0.3312,-0.100553,-0.063025,1.0,0.045262,0.041338,-0.127644,-0.14792,-0.077285,-0.093892,-0.011639,-0.187862,-0.239572,-0.335061,-0.380732,-0.217419,-0.078672,0.120226,-0.173096,0.044609,0.16314,-0.100291,-0.010759,-0.264887,-0.101583,-0.084558,0.187213,0.38547,-0.291083,-0.103647,0.113181,0.104907,0.036199,0.297428,-0.128268,-0.202706,0.034068,-0.000934,0.263087,-0.037823,0.364428,-0.196826,0.050207,0.348329,0.014371,0.088114,0.095706,0.060841,-0.12757,0.200919,0.033457,-0.001967,-0.20962,-0.187606,0.0,-0.111458,0.083173,-0.423028,0.245544,-0.041118,-0.343794,-0.112751,-0.059817,-0.24795,0.048012,-0.031167,-0.124818,0.016637,0.074004,0.047234,0.308611,0.007953,0.280628,0.003374,0.35574,0.426853,-0.084128,0.19573,0.152461,-0.149863,0.147448,-0.073914,-0.113498,-0.186689,0.014041,0.189717,-0.082517,-0.049095,-0.129091,0.352453,0.025841,0.09966,0.063203,0.01949,-0.236548,0.34573,-0.082172,0.187739,-0.342694,0.0,-0.013796,-0.117136,-0.007035,-0.252225,0.123508,0.093406,-0.118888,0.0987,0.31578,0.098702,0.143328,-0.079939,-0.039126,0.284836,-0.061196,0.026762,-0.079894,-0.032385,-0.149343,-0.261945,0.057196,0.048092,-0.012534,0.15573,0.13138,-0.103598,0.067752,-0.01066,0.010303,0.119472,0.351906,0.198527,-0.033486,0.06118,0.272948,-0.277267,-0.189613,0.053836,0.052783,0.064027,-0.360676,-0.261945,-0.082695,0.24962,-0.168671,-0.10125,-0.317361,0.1033,-0.154188,-0.079922,-0.194352,-0.168317,-0.104823,-0.322918,-0.290296,0.08735,0.04275,0.123656,-0.184704,-0.292946,0.189251,0.04811,0.222253,0.033942,-0.279908,0.145051,-0.153028,0.049753,-0.158496,-0.536117,0.192287,0.481517,-0.175174,-0.233866,0.226289,-0.418562,0.13853,-0.180441,-0.113928,0.271244,0.29536,-0.017696,0.221781,0.012216,0.031432,-0.14232,-0.172256,-0.267382,#
16,-0.067323,-0.296714,-0.118959,-0.213924,0.216681,0.007144,-0.095052,-0.152944,0.061769,0.024582,0.399797,0.356027,-0.51153,0.074928,0.064723,0.045262,1.0,-0.039582,-0.030419,-0.078277,-0.074125,-0.031627,-0.002855,-0.145509,0.043888,0.32605,-0.504602,-0.219858,0.087044,0.097135,-0.146355,-0.106284,-0.10469,-0.076519,0.245634,0.264315,-0.271584,0.06816,0.25117,-0.084167,-0.072516,-0.400406,-0.332621,-0.3463,0.228733,0.246149,0.097112,-0.404982,0.123138,0.253812,0.09472,-0.000364,-0.130243,0.055121,-0.073993,0.12894,0.143295,-0.075803,0.318187,-0.08346,-0.027451,-0.035458,0.206544,0.188305,-0.052658,-0.359541,0.0,-0.268467,-0.045571,-0.151633,0.271806,-0.090417,-0.326953,-0.432071,0.082646,0.096439,-0.088565,0.171429,-0.369841,0.262195,-0.090758,0.290119,-0.15208,0.19698,0.074507,0.103971,-0.19313,-0.112366,0.230236,0.03863,0.061152,0.155787,0.058563,-0.086138,-0.394273,-0.420932,-0.026181,-0.227127,-0.103115,-0.137632,0.146355,0.227346,-0.373875,-0.326849,-0.1912,-0.047452,-0.090459,-0.090925,0.020607,0.333008,-0.37557,0.0,0.039621,-0.09628,-0.136316,0.100432,-0.14798,-0.112628,0.461966,-0.025517,-0.07809,0.092745,0.063283,0.066999,0.277587,0.056897,-0.255306,-0.061331,0.076588,-0.153594,0.373285,0.069345,0.007445,0.206962,-0.204886,-0.153594,-0.152944,-0.263373,-0.134136,0.004509,-0.27657,-0.04047,0.202192,0.168297,-0.314259,-0.02436,0.572802,-0.38824,0.357867,-0.326118,0.04367,0.037775,-0.326878,-0.156429,0.032758,-0.258566,0.117814,0.085914,-0.150828,0.298278,0.044448,0.110425,-0.153208,0.020755,-0.074196,-0.082893,0.083092,0.041245,-0.217248,0.289618,0.336042,-0.205732,0.052391,0.110326,-0.066025,-0.060168,-0.27657,0.056896,-0.069615,0.060457,-0.181907,0.010114,0.116534,-0.048066,0.016278,-0.194825,0.046825,-0.123946,0.116784,-0.320758,-0.064258,0.266197,0.034529,-0.269768,0.115173,-0.049952,0.332109,-0.032046,-0.167689,0.252568,#
17,-0.057113,0.153638,0.004976,-0.036758,0.025046,-0.082445,0.063631,-0.248936,0.292692,-0.029876,-0.215885,-0.199573,0.182819,0.303661,-0.185391,0.041338,-0.039582,1.0,0.350656,-0.133386,0.081048,-0.125639,0.076756,-0.299216,-0.005902,0.036592,-0.027178,0.004651,-0.11611,0.166905,0.155113,0.001152,0.261898,-0.021384,-0.035656,0.159789,-0.029328,-0.04659,0.000258,-0.206974,-0.096663,-0.047076,-0.147393,0.06149,-0.016213,-0.192668,0.113469,0.364925,-0.154261,-0.107102,0.198009,-0.03964,0.222614,0.066784,0.046319,-0.087555,0.362031,0.41244,0.271304,0.028953,0.02643,-0.170673,-0.035695,-0.222061,-0.074622,0.158655,0.0,0.174924,0.17633,0.021106,-0.016352,-0.183833,-0.308845,0.035586,0.190645,0.131228,-0.081334,-0.21549,0.062735,-0.001922,-0.185429,0.016346,-0.124352,-0.134315,0.524519,0.123622,-0.006286,0.168525,-0.158492,0.23129,-0.131068,0.115671,-0.16458,0.15144,-0.149279,-0.294554,0.012452,-0.171359,0.162126,0.049407,0.022775,-0.122486,0.102112,-0.089313,-0.168952,0.068402,-0.143302,0.088782,-0.199649,-0.227657,0.070667,0.0,0.223231,-0.022483,0.041546,-0.004278,0.061164,0.257739,0.165511,-0.033477,-0.082823,0.148979,-0.088945,0.04911,0.1365,0.190223,0.16537,0.145536,-0.213128,0.002207,0.205462,0.166629,-0.345453,0.311471,-0.214257,0.002207,0.148979,0.133172,0.321555,-0.045461,-0.214914,0.110898,0.058877,-0.178132,0.257157,-0.355264,0.026153,0.154949,0.057223,0.128946,0.04228,-0.151331,0.110745,-0.241082,0.07091,-0.05362,0.103209,0.566628,-0.049555,0.326476,-0.04416,-0.04032,-0.094328,0.392577,0.129721,-0.001946,-0.025079,0.078638,0.03131,0.18473,0.127076,-0.018251,-0.010327,0.046395,-0.174055,0.325819,0.044125,0.100937,0.313113,-0.145738,0.439409,-0.040075,-0.161798,0.020036,-0.009225,0.226159,0.156711,0.069063,-0.366394,0.235606,0.226843,-0.1214,0.248617,-0.264823,0.021443,0.094477,-0.026785,-0.106826,0.491396,-0.197963,#
18,-0.215142,-0.091296,0.030687,-0.270299,-0.066572,0.060418,0.128159,-0.246213,0.193884,-0.131076,0.113138,-0.004181,0.039243,-0.167475,-0.325659,-0.127644,-0.030419,0.350656,1.0,-0.103119,0.325283,0.155983,0.295679,0.002821,0.258435,0.097715,0.093521,0.418806,-0.237226,0.226983,0.124316,-0.181062,0.014538,0.057679,0.014671,0.386401,-0.263164,-0.239057,-0.175201,-0.158338,-0.046874,-0.145222,0.33031,0.115669,-0.185545,0.060849,-0.173079,0.020623,0.051699,-0.144144,0.423287,0.117639,-0.006832,-0.096466,0.106967,0.083545,0.100152,0.077315,-0.121566,-0.071331,0.272661,-0.323119,-0.105061,-0.014533,0.223519,0.252033,0.0,0.061744,-0.138345,0.231544,0.15204,-0.201537,-0.276328,-0.048163,0.121058,0.461757,-0.154956,-0.407818,0.04237,-0.206382,-0.017278,0.103234,-0.325242,0.061784,-0.015105,-0.106242,-0.035172,-0.172814,0.137026,0.569605,-0.116841,0.220367,-0.197692,-0.08266,0.109971,-0.325228,-0.030408,0.070178,-0.312503,-0.177097,0.269989,0.081118,-0.116454,0.053748,-0.009011,0.050301,0.13999,0.012689,0.164652,0.095073,-0.04756,0.0,0.126494,-0.085213,-0.27568,0.14959,-0.006339,0.025492,0.170925,0.092082,-0.158071,-0.216825,-0.115749,-0.20692,0.018302,-0.314053,0.143878,-0.189704,0.007015,-0.024274,0.041166,-0.019336,0.129345,0.097656,-0.443137,-0.062971,0.084718,-0.059324,-0.067108,-0.272404,-0.05395,0.035658,-0.166362,-0.124678,-0.119884,-0.159861,0.007165,0.056441,-0.02029,0.12077,0.170372,-0.290296,0.293489,-0.234749,-0.153656,-0.281802,0.041099,0.194478,-0.038796,0.287019,0.203137,-0.097484,-0.278189,-0.066124,0.249689,-0.099143,0.301567,-0.117934,-0.370153,0.150398,0.123288,0.413645,-0.025982,-0.173794,0.240197,-0.251183,0.212464,-0.00345,0.05912,0.112727,0.045753,0.309801,0.056611,-0.183409,0.224999,0.102679,-0.21382,-0.095132,-0.144122,0.002589,-0.008823,0.119658,-0.026435,-0.206341,-0.383847,0.378753,0.053937,0.04619,0.301486,-0.150315,#
19,-0.108431,0.058026,0.180903,0.432113,0.202654,-0.149031,-0.054026,-0.088624,0.079538,0.070839,-0.416377,-0.008725,0.144169,0.325542,-0.004732,-0.14792,-0.078277,-0.133386,-0.103119,1.0,-0.335963,-0.059977,-0.058187,0.035461,-0.216973,0.035092,0.011066,0.082274,-0.169996,-0.041157,0.032171,-0.035743,0.009049,0.243182,-0.076937,0.003383,0.043881,-0.113039,-0.217038,-0.109931,-0.136445,0.147067,-0.04305,0.083494,0.022374,0.088267,0.007443,-0.036968,0.023352,0.269826,0.082265,0.039734,0.219078,0.143543,-0.720905,-0.07562,0.093078,-0.064873,-0.137731,-0.178319,-0.542257,0.227716,-0.136781,0.208427,-0.170197,-0.009528,0.0,0.037003,-0.021411,0.211295,-0.02513,0.107885,0.121398,0.302367,-0.131844,-0.462618,-0.189486,0.359019,0.085511,-0.17538,0.505273,-0.066158,0.216222,0.244961,-0.112475,0.219047,0.005323,-0.28502,0.179432,-0.044768,-0.177902,0.146469,0.34581,-0.0275,-0.309741,-0.243911,0.125126,0.012999,-0.044534,0.000991,-0.419733,-0.078066,-0.028902,0.109578,-0.212248,0.082751,-0.02105,-0.270739,0.064957,-0.162723,0.371468,0.0,0.192114,0.235709,-0.004044,0.231701,0.248235,-0.335936,0.212003,-0.195822,0.095984,0.039453,0.201226,-0.232689,0.004314,-0.046313,-0.062868,-0.123914,0.15859,-0.217015,-0.07711,0.295293,0.078177,0.203272,0.014026,-0.217015,-0.088624,0.292689,-0.248722,0.261463,0.180292,-0.047004,-0.095093,-0.134016,0.07651,0.201593,-0.106714,0.031364,-0.291447,0.108801,-0.172257,-0.283104,0.122976,0.570651,0.307212,0.160121,-0.095053,0.177063,0.264325,-0.0033,0.20159,-0.127972,0.352604,0.238348,0.285274,0.086688,0.243507,-0.023499,0.225269,-0.007579,-0.265391,0.194143,-0.216979,0.236897,0.08017,0.106991,0.180292,-0.367614,-0.390375,-0.319915,0.119735,-0.023444,0.073488,-0.12709,0.00433,0.073373,-0.366069,0.081189,-0.417627,-0.236607,0.191203,-0.327945,-0.200281,-0.052564,-0.081321,-0.323487,-0.220132,0.046381,0.264325,0.353183,#
20,-0.305565,0.279047,-0.409704,-0.047146,0.028045,-0.076791,0.285516,0.202209,-0.42809,0.101876,0.393249,-0.280062,0.27418,-0.319927,-0.307359,-0.077285,-0.074125,0.081048,0.325283,-0.335963,1.0,0.622396,0.368087,0.332875,0.03108,0.193079,0.135369,0.130094,0.076024,0.297832,0.092402,-0.329808,0.347564,-0.193478,0.168644,-0.017334,0.009289,-0.243871,0.121876,0.087549,0.274079,0.206499,0.491521,-0.051804,-0.256549,0.024809,-0.358228,0.120866,0.027725,-0.361006,0.0767,-0.316129,-0.012995,-0.025626,0.116684,-0.243394,-0.173428,0.339312,0.206218,-0.022228,0.177246,-0.50958,-0.152598,0.114595,0.134204,0.34421,0.0,0.072023,0.147007,0.29467,-0.493476,-0.173427,0.384102,-0.131918,-0.046483,0.259705,0.124625,-0.09864,-0.227175,-0.233156,-0.384307,-0.192655,-0.265866,-0.198368,-0.108817,-0.446005,0.212655,-0.202211,-0.121315,0.203446,-0.228601,-0.172447,-0.17883,-0.31238,0.053556,0.148852,-0.435461,-0.022765,-0.270112,-0.000579,0.423343,0.18367,-0.187679,-0.320308,0.418036,-0.125793,-0.016685,-0.165709,-0.229898,0.179173,-0.11802,0.0,-0.351907,-0.24466,0.060997,0.138464,-0.276707,0.011941,-0.196108,0.087637,-0.101563,-0.225474,-0.27564,-0.219602,-0.24309,-0.221645,0.142299,0.014923,0.118685,0.035816,-0.27959,-0.176095,0.099403,-0.012101,-0.111658,0.035816,-0.265534,-0.547805,0.132714,-0.35803,-0.480167,0.090594,-0.156149,-0.132498,-0.175056,-0.068464,-0.272423,0.211392,-0.106792,0.013856,-0.155828,-0.199018,-0.337962,-0.41283,-0.318747,-0.079253,-0.128343,0.149603,0.043288,-0.19984,0.389615,0.27937,-0.392629,0.010142,-0.210689,0.162928,-0.067729,-0.19053,-0.429775,0.32528,0.048116,0.110591,-0.253701,-0.220164,0.105502,-0.417931,-0.254948,-0.106844,-0.061629,-0.041476,0.069078,-0.036233,0.021713,0.072681,0.1844,-0.173615,-0.446309,-0.124037,0.431856,0.010721,-0.163407,0.448293,0.08246,-0.036765,0.186957,0.444714,0.146192,-0.044063,0.003912,-0.225642,#
