0,1.0,0.221258,-0.254567,-0.369232,0.281277,0.285357,0.297302,0.02376,0.140844,0.399659,0.20328,-0.02808,0.228217,0.323773,-0.041163,0.179813,-0.234188,-0.393438,0.488043,-0.370105,0.170071,-0.008429,0.360023,-0.175964,0.039809,-0.520842,-0.30789,0.075498,0.143447,0.372442,-0.215105,-0.177251,0.224371,-0.338933,0.270653,0.222797,0.325,-0.012908,0.081389,0.18176,-0.01061,0.195942,-0.276426,-0.091635,0.159988,-0.084,-0.170725,0.083233,0.171355,0.236476,0.117571,-0.296764,0.215015,0.152665,0.378993,0.117506,-0.228389,-0.308189,-0.450607,0.19446,0.319973,0.076979,-0.192945,0.35215,-0.354078,0.171727,0.010926,0.341289,-0.199125,-0.15268,0.129547,-0.002706,-0.204795,-0.101572,-0.24994,0.250247,-0.296766,-0.271697,-0.214974,0.045737,0.029089,-0.374465,-0.278249,-0.134318,-0.043898,-0.281889,-0.288024,0.005858,-0.04678,-0.268824,-0.205276,-0.30934,-0.103913,-0.286288,0.028224,-0.205743,-0.457413,-0.486724,-0.164204,-0.293187,0.248194,0.110573,-0.270111,-0.302511,-0.256764,-0.21493,-0.064112,0.06787,-0.161319,0.014202,0.145005,0.423497,-0.454574,-0.341896,0.064624,0.180799,-0.170588,-0.267485,-0.049063,-0.024129,-0.306857,-0.059697,0.047819,-0.278518,-0.224516,0.014162,-0.136516,0.0912,-0.214345,-0.410994,-0.217112,-0.38445,-0.379217,0.128345,-0.331655,-0.227928,-0.141015,-0.002949,0.045209,-0.294721,-0.043521,0.228449,-0.281361,-0.134299,-0.146588,-0.306881,-0.212098,0.169175,-0.065402,-0.410558,-0.098313,-0.011121,-0.367161,-0.518862,0.421799,-0.290607,0.364878,0.209822,-0.354967,-0.032846,-0.282459,-0.173385,-0.058513,-0.264083,0.073473,-0.126732,-0.018621,0.094261,-0.224121,-0.314447,0.14418,0.181523,-0.017312,-0.047388,0.296871,-0.163741,0.061492,0.106086,0.278628,-0.429154,0.067189,0.230256,-0.216395,0.269628,0.344479,0.06563,0.205039,-0.059843,-0.058529,0.390601,-0.244641,0.153777,0.504047,-0.009561,-0.285092,0.301231,0.359944,-0.340314,-0.13452,0.138659,#
1,0.221258,1.0,-0.088087,-0.038229,-0.188298,0.094848,0.453134,0.012428,-0.184368,0.283235,-0.074701,-0.165669,-0.245648,0.242565,0.359472,0.183071,0.118886,0.110763,0.64447,-0.008557,0.405306,0.046465,0.115797,-0.10962,0.010656,-0.009307,-0.011685,0.025918,0.15937,0.108545,-0.16379,0.132386,0.113798,-0.169805,-0.002776,-0.15142,-0.050708,-0.30608,0.198082,0.009785,0.308184,0.385355,-0.193394,0.233287,0.449114,-0.058477,0.131873,-0.187291,0.126153,0.268006,0.073007,0.02946,0.245084,-0.101214,0.056155,-0.053539,0.268344,-0.408173,-0.374093,-0.126472,0.169069,0.003108,-0.149677,-0.02934,0.357689,0.13686,-0.288781,-0.229628,-0.224545,-0.3066,-0.136259,0.078388,-0.020013,-0.181908,-0.182848,0.009144,-0.353983,-0.17902,0.047632,0.307467,0.204728,-0.219687,-0.050293,0.06794,-0.214168,-0.076122,-0.054501,-0.197667,0.064689,-0.190676,-0.209584,-0.187962,0.02037,-0.3203,0.129424,-0.046993,-0.063021,-0.019177,0.512802,0.035735,0.01916,0.294587,-0.059481,-0.356473,-0.45286,-0.044004,0.070813,-0.181353,-0.386118,0.013064,0.147251,0.247542,-0.098316,0.161744,-0.030442,0.183555,-0.07434,-0.050604,0.300662,-0.223349,-0.192203,-0.120424,-0.35095,-0.095259,-0.325373,-0.219983,0.001259,-0.25133,-0.398685,-0.136985,-0.049921,-0.230115,-0.150772,-0.115985,-0.266412,-0.319604,-0.042624,0.237371,0.279299,-0.259662,-0.102733,-0.15867,0.02112,-0.119355,-0.176849,-0.213264,-0.362393,0.220444,-0.241614,-0.113799,-0.02576,-0.089226,0.181108,-0.188768,-0.192961,0.006758,0.274098,0.002833,-0.138326,0.124904,-0.151808,0.164437,-0.257542,-0.238911,-0.095663,0.276094,0.247458,-0.012466,-0.258806,-0.661626,0.063058,0.316592,0.103111,-0.12814,0.155957,-0.177231,0.00683,-0.124452,0.244318,-0.185475,0.103435,0.040761,-0.110287,0.342551,0.281806,-0.201068,0.283166,-0.249123,-0.002237,0.141149,-0.155694,0.089479,-0.064313,0.089719,-0.426724,-0.062325,0.296403,-0.152738,-0.037077,0.239231,#
2,-0.254567,-0.088087,1.0,-0.023092,-0.21898,-0.065634,-0.054653,-0.126075,-0.041425,-0.163838,0.252119,-0.023843,-0.116112,-0.14182,-0.214808,0.224086,-0.140212,0.179046,0.064587,0.031522,-0.135062,0.286263,-0.149182,0.026315,0.057291,0.198947,0.192992,-0.050627,-0.093205,-0.304071,0.397596,0.131471,-0.281132,0.172696,-0.151372,0.117291,0.083953,0.482692,0.030415,-0.085429,0.055586,0.050349,0.102178,-0.092058,-0.025791,-0.107343,0.018971,0.105003,-0.038991,-0.146179,0.085701,0.044724,0.137721,-0.261659,-0.289548,-0.263258,-0.178742,-0.181416,0.207687,-0.136704,-0.191437,-0.213188,-0.000236,-0.383436,0.230594,-0.160791,0.219617,-0.109722,0.008094,0.330435,0.10091,0.17864,-0.105917,0.326243,0.112158,-0.057557,0.266841,-0.042134,0.138544,0.201495,0.337816,0.297852,0.073037,0.36439,0.030442,-0.123036,0.057825,0.144787,0.131948,0.462449,0.125709,0.020245,0.259851,0.2043,0.150712,0.104844,0.439551,-0.205441,0.290596,0.299391,-0.151118,-0.034195,0.077686,0.266164,0.241938,0.36442,0.009092,0.207162,0.059827,0.086095,0.090578,-0.076251,0.183959,0.352113,0.468257,0.034759,-0.010868,0.04912,-0.059405,0.038184,0.210118,0.296746,-0.115873,-0.039201,-0.013912,0.306984,0.335454,0.056211,0.126911,0.058841,0.438914,0.26394,0.259392,0.09851,0.189623,0.051125,0.037737,0.374219,0.087365,0.241238,0.066012,0.288616,0.154616,0.144796,0.240874,0.236063,0.150939,0.128259,0.273761,0.420072,0.295552,0.030957,0.365401,0.222834,0.226173,0.283543,-0.160634,-0.072763,0.341756,-0.115505,0.565517,0.177973,0.136347,0.195948,0.25954,-0.470965,-0.122065,-0.049068,0.133895,0.164613,-0.156637,0.014122,-0.083136,0.088497,-0.176268,0.157839,0.210922,-0.040414,-0.098014,0.033764,-0.082366,0.070649,-0.137117,-0.169092,-0.151136,0.193566,0.201933,0.418399,-0.153527,0.006897,0.269713,-0.11207,-0.38435,0.322524,0.031475,-0.144378,0.041363,0.302495,0.111899,0.13578,#
3,-0.369232,-0.038229,-0.023092,1.0,-0.136776,-0.599257,-0.446962,-0.44799,-0.446258,-0.556149,-0.051244,-0.285802,-0.45827,-0.688696,-0.11671,-0.333079,0.231438,0.137571,-0.327217,-0.140134,-0.040517,-0.260239,-0.546937,-0.191312,-0.064385,0.353943,-0.08831,0.060709,-0.297506,-0.366878,0.214791,-0.098669,-0.22174,0.127581,0.113319,-0.056533,-0.198411,0.066676,0.100721,0.215919,0.024843,-0.21396,-0.051141,0.301504,-0.003861,0.435039,-0.133736,0.022923,0.083624,-0.256777,0.046655,0.326557,-0.223519,-0.006228,-0.132736,-0.478424,0.408591,0.470047,0.081998,-0.231028,-0.515392,0.092971,0.483596,-0.126309,0.141877,-0.452012,0.008642,-0.211265,0.171676,0.143712,0.231313,-0.289047,0.200298,-0.032919,0.105323,-0.009155,0.279253,0.278617,0.047113,-0.193298,-0.179765,0.359991,0.418392,0.140473,0.360579,-0.06811,0.100165,0.307,-0.122247,0.291814,-0.122313,0.281187,0.276434,-0.125187,-0.036474,0.056382,0.493445,0.15584,0.175857,0.449016,0.174794,0.107535,0.430584,0.270075,0.060331,0.041443,0.52647,0.045901,-0.097312,0.145131,-0.137372,-0.209818,0.450417,0.220636,-0.041099,-0.14106,0.299995,0.106396,-0.220561,0.350345,0.119055,0.421368,0.252048,0.449295,0.327821,-0.014716,-0.337634,-0.159562,0.169125,0.217476,-0.095729,0.208781,0.384727,0.017498,0.298256,0.192597,-0.10835,0.235737,-0.109668,0.436735,0.188969,-0.157853,0.424629,0.253942,0.458036,0.303137,-0.19601,0.009109,0.381644,0.05559,0.123654,0.01453,0.030906,0.311969,-0.126691,0.297948,-0.494688,-0.34626,0.530229,0.199133,0.103078,0.034747,0.011878,0.248872,-0.166878,-0.209516,0.233019,0.042851,0.219159,-0.084461,0.230186,0.149953,0.213614,0.20986,-0.281181,0.146523,-0.262263,0.057291,-0.772699,0.438603,-0.397437,-0.217096,0.407444,-0.103095,-0.341105,-0.231765,-0.359141,-0.277083,0.358199,-0.200494,0.058049,-0.091076,-0.112395,0.028092,0.306324,-0.103877,-0.025183,0.176783,-0.061863,-0.293508,#
4,0.281277,-0.188298,-0.21898,-0.136776,1.0,-0.080559,-0.236002,-0.216894,0.226472,-0.003937,0.2501,0.05819,-0.013604,-0.151112,-0.108744,-0.142055,0.023743,-0.34058,0.072736,-0.168928,-0.347599,-0.343191,0.161634,0.214864,-0.03095,-0.173296,-0.139217,0.119752,0.062097,0.22848,-0.336335,-0.151694,0.117689,-0.068891,0.125284,0.117683,0.116955,-0.164531,-0.017826,0.45568,-0.026345,-0.487639,-0.19908,-0.098536,-0.124858,0.24435,-0.219575,0.053337,0.156509,0.434095,-0.109665,-0.285864,-0.057621,0.373238,0.13423,-0.002467,0.051369,-0.041216,0.051823,0.174225,-0.116196,-0.272277,-0.311293,-0.045129,-0.23927,0.04431,0.685562,-0.114017,0.1399,-0.278423,-0.304199,-0.146899,-0.011355,0.293447,-0.05386,0.004943,-0.243048,-0.227721,-0.462977,-0.033061,-0.182635,0.003119,0.105967,-0.155717,0.155172,-0.061581,0.27003,-0.017388,0.04194,-0.391881,0.363312,0.104702,0.257326,-0.305677,0.138185,0.038058,-0.161603,0.146627,-0.369396,0.10463,-0.015473,0.121196,-0.063147,-0.071931,0.212911,0.007071,-0.288532,0.089745,-0.124406,0.285036,0.059155,0.025957,-0.055997,-0.139772,0.037363,0.254155,-0.085313,0.294186,-0.250849,-0.01346,-0.479639,0.20456,0.437726,-0.052137,0.019026,0.153613,-0.024364,0.178068,0.187663,-0.175321,0.042641,-0.268906,-0.110407,-0.420332,0.112213,0.188086,-0.07334,0.224984,-0.268157,0.07827,0.202765,-0.064655,-0.363969,0.071489,-0.211587,-0.418984,-0.195874,-0.035399,0.038819,0.027754,0.207035,0.189711,-0.11819,-0.074752,0.109602,-0.055742,0.100469,0.006522,-0.215834,0.400507,-0.331291,-0.157549,-0.225173,-0.08355,0.068948,-0.028358,0.000871,0.103958,-0.207026,0.317405,-0.087166,-0.061892,0.198162,0.029393,-0.102639,0.310387,-0.088185,0.36828,0.242008,0.118477,-0.226093,0.132323,0.027221,0.203906,-0.016828,0.338992,0.115116,0.045381,0.182141,-0.329037,-0.115475,0.229973,0.079916,-0.036514,-0.092474,0.365861,-0.344807,-0.001437,-0.079505,-0.104673,#
5,0.285357,0.094848,-0.065634,-0.599257,-0.080559,1.0,0.691594,0.546002,0.223903,0.279585,-0.017589,0.548863,0.283892,0.60501,0.081991,0.106627,-0.050394,0.036933,0.257615,-0.264665,0.143332,-0.065313,0.285407,-0.066709,-0.043215,-0.053438,0.301126,0.04971,0.212985,0.490492,-0.315806,-0.07667,-0.173642,-0.146105,-0.003493,0.183764,0.126882,-0.103257,-0.074942,-0.234339,-0.071125,0.411852,-0.084425,-0.160101,0.102522,-0.361365,0.159628,-0.305734,-0.303519,0.315734,-0.146997,-0.148639,0.020163,0.156277,0.190797,0.272717,-0.357364,-0.087551,-0.385746,-0.061202,0.36254,-0.139783,-0.192594,0.379725,0.008707,0.518637,-0.187899,0.39181,-0.154844,-0.387709,0.177894,0.138437,-0.253281,-0.06293,-0.025552,0.263225,-0.512884,-0.196711,-0.441706,-0.205657,-0.222859,-0.76347,-0.356126,0.217621,-0.593097,-0.337857,-0.187821,-0.28153,-0.273776,-0.364022,-0.264842,-0.693643,-0.505577,-0.065749,-0.243068,-0.446563,-0.425143,-0.446853,-0.173431,-0.527824,0.088628,-0.156475,-0.512016,-0.338097,-0.493155,-0.427847,-0.154543,-0.087061,-0.16376,-0.052924,0.160165,0.378315,-0.730295,-0.45661,-0.235386,-0.104274,-0.387366,-0.026297,0.326914,-0.339041,-0.359984,-0.473626,-0.043935,-0.396434,-0.231088,-0.280133,-0.061819,0.08689,-0.49133,-0.263352,-0.286577,-0.15093,-0.332185,0.009586,-0.55782,-0.241273,0.346859,-0.272364,0.057988,-0.830062,-0.058434,0.218341,-0.046616,-0.255261,-0.403401,-0.379816,0.180807,0.333012,-0.509402,-0.107258,-0.240548,-0.140283,-0.102776,-0.174549,0.049472,-0.367178,0.140466,0.450102,-0.527583,-0.252022,-0.143344,-0.266703,-0.052458,-0.306249,-0.034957,0.144924,-0.491773,0.025356,-0.272364,0.047033,0.194482,-0.057405,-0.277225,-0.315354,0.212092,-0.431239,-0.172443,0.210115,0.370826,-0.382318,0.504236,-0.000293,-0.014274,0.219359,0.76532,0.097264,0.133422,0.003366,-0.255478,0.27223,-0.214934,0.044123,0.366082,-0.073178,-0.447305,0.035796,0.26234,-0.168426,-0.415931,0.217098,#
6,0.297302,0.453134,-0.054653,-0.446962,-0.236002,0.691594,1.0,0.521609,0.222346,0.400597,-0.009431,0.238483,0.257279,0.582762,0.067042,0.428824,0.135929,0.228818,0.269998,-0.259797,0.135418,0.135089,0.429203,-0.217016,0.113816,-0.047474,0.114325,-0.122904,0.360078,0.31564,-0.287393,-0.251677,-0.037548,-0.353158,-0.045666,0.192204,0.114958,-0.396487,0.238795,-0.23208,0.125851,0.473063,-0.084947,-0.02707,0.258849,-0.356019,0.147727,-0.322876,-0.17308,0.513443,0.008436,-0.128422,0.024339,0.197635,0.403157,0.254359,-0.178482,-0.277739,-0.387929,-0.108575,0.35349,0.244597,-0.016928,0.380457,0.130574,0.458184,-0.374867,0.395784,-0.297526,-0.410908,0.153356,0.166698,-0.486844,-0.384871,-0.362855,0.468174,-0.526053,-0.366488,-0.302597,-0.21467,-0.230347,-0.77581,-0.521337,0.208509,-0.771083,-0.36961,-0.350896,-0.293383,-0.284073,-0.375838,-0.439239,-0.72652,-0.673584,-0.094442,-0.249517,-0.623047,-0.435295,-0.476189,-0.003576,-0.362949,0.077639,-0.15301,-0.523241,-0.34981,-0.523068,-0.44118,-0.167225,-0.079765,-0.415904,-0.217578,-0.191096,0.385338,-0.590794,-0.470368,-0.082065,-0.270804,-0.204201,-0.353053,0.220206,-0.381771,-0.376942,-0.472075,-0.368451,-0.586831,-0.245828,-0.463152,-0.068061,0.072849,-0.601769,-0.457218,-0.462689,-0.478077,-0.663526,-0.028921,-0.738593,-0.434688,0.109703,-0.270392,0.085724,-0.84368,-0.252367,0.214047,-0.21695,-0.459311,-0.567967,-0.357658,-0.229993,0.683697,-0.517009,-0.306839,-0.245798,-0.321872,-0.114035,-0.378445,-0.077619,-0.53923,0.114925,0.574525,-0.360984,-0.24873,-0.063053,-0.278785,-0.289096,-0.354398,-0.064457,0.267982,-0.491506,-0.121614,-0.491745,-0.358098,0.162015,0.093818,-0.27413,-0.477467,0.507767,-0.617765,-0.188798,0.178943,0.498239,-0.708339,0.632139,-0.01492,-0.03363,0.356846,0.738321,-0.288302,-0.050619,-0.176787,-0.412625,0.27383,-0.406195,0.188767,0.333497,0.05544,-0.627627,0.04367,0.40472,-0.367717,-0.446219,0.538055,#
7,0.02376,0.012428,-0.126075,-0.44799,-0.216894,0.546002,0.521609,1.0,0.032066,0.498499,-0.292374,0.253976,0.69383,0.684693,0.190763,0.296006,0.024202,0.298191,0.118041,0.007886,0.227773,0.233727,0.071472,-0.016476,-0.023719,-0.109448,0.096478,-0.296232,0.353363,0.261682,-0.084444,-0.091101,0.136245,-0.013509,-0.367403,-0.063241,0.083529,-0.153973,0.011211,-0.637451,-0.036695,0.406244,0.179549,-0.211864,-0.248822,-0.531354,0.212557,-0.335145,-0.13865,0.117366,-0.249365,-0.014137,0.151988,0.145395,0.51297,0.392895,-0.32397,-0.273377,-0.261892,-0.042449,0.594209,-0.045312,-0.058636,0.346151,-0.040806,0.643668,-0.183437,0.531632,-0.277442,-0.089077,-0.027925,0.423587,-0.341196,-0.18944,-0.122646,0.150276,-0.095083,0.062657,0.081874,-0.09562,-0.014157,-0.482909,-0.289018,-0.159797,-0.423171,-0.079609,-0.293745,-0.086929,0.091637,-0.128729,-0.037944,-0.46221,-0.393915,0.313369,-0.148964,-0.273113,-0.153497,-0.109306,-0.070352,-0.584794,0.130412,-0.036945,-0.460387,-0.100835,-0.355956,-0.225231,-0.360556,-0.076679,0.102953,-0.456894,-0.139446,0.199372,-0.395777,-0.422114,0.03989,-0.030294,-0.21249,-0.020339,0.181333,-0.373695,-0.04705,-0.790626,-0.157668,-0.310701,-0.199283,-0.102769,-0.022467,-0.167112,-0.325859,-0.054693,-0.276633,-0.016968,-0.206725,0.072303,-0.358005,-0.229129,0.205416,-0.690047,0.129375,-0.514495,-0.233435,-0.0879,-0.127062,-0.254414,-0.449452,-0.132335,0.098507,0.201645,-0.347534,-0.292025,0.00167,-0.05845,-0.177,-0.331925,0.111405,-0.408114,0.148724,0.399153,-0.29087,-0.293307,0.167104,-0.171852,-0.387922,-0.173691,0.318844,0.34059,-0.165404,0.247634,-0.101151,0.230517,0.00457,0.057922,-0.26843,-0.179544,0.438114,-0.291602,-0.123811,-0.134689,0.480093,-0.233545,0.409601,0.318206,0.030807,-0.213784,0.346292,0.17349,-0.087231,-0.10634,-0.451747,0.290783,-0.287632,-0.185476,0.318392,-0.14885,-0.121496,-0.063422,0.112669,-0.042575,-0.367593,0.350217,#
8,0.140844,-0.184368,-0.041425,-0.446258,0.226472,0.223903,0.222346,0.032066,1.0,0.143337,-0.0501,0.063985,0.194116,0.122313,0.080378,0.029888,0.012954,-0.048205,0.08298,-0.172131,-0.309018,0.317997,0.306319,-0.128988,-0.025251,0.051069,0.094081,0.335124,0.078557,0.412524,-0.367175,-0.31716,-0.052948,0.129002,0.279986,0.292988,-0.215596,-0.227719,0.126267,0.041667,0.225913,0.05548,-0.016497,0.194461,0.075893,-0.012151,0.263286,-0.109492,-0.20575,0.007298,0.088094,-0.042819,-0.166003,0.102019,0.127008,0.56278,-0.280622,-0.024067,0.000666,0.278334,0.096228,0.118326,0.043958,0.24358,-0.176323,-0.12139,-0.07714,0.135947,0.073527,-0.336046,0.016861,0.077468,0.051299,0.10716,-0.054162,0.187598,-0.071567,-0.20838,-0.142079,-0.05709,-0.039867,-0.155352,-0.375255,-0.186855,-0.336682,0.095336,-0.0573,-0.20205,-0.315828,-0.217878,0.042168,-0.235947,-0.381243,0.069571,-0.054612,0.026276,-0.247012,-0.026628,-0.591356,-0.239466,0.019893,0.128649,-0.061438,0.097482,0.031108,-0.320683,-0.280675,0.010592,-0.102825,-0.032519,-0.197104,0.023107,-0.219379,-0.180967,-0.067331,-0.098811,0.297092,-0.028629,-0.017499,-0.072365,0.110013,-0.02109,-0.203518,-0.207662,0.060373,-0.031658,0.268887,0.254647,-0.087042,-0.148994,0.030804,-0.134825,-0.4361,0.017921,-0.207236,0.007169,-0.075177,0.01886,-0.122311,-0.231916,-0.184074,-0.022688,-0.191374,-0.013086,-0.379082,-0.443671,-0.195954,0.001472,-0.286345,-0.015518,-0.062749,-0.235875,0.02294,-0.274436,0.192989,-0.369452,0.226587,0.171602,-0.405449,-0.177046,-0.18269,0.006953,0.209192,-0.144125,-0.284372,-0.060628,-0.193705,-0.111565,-0.200054,-0.07418,-0.106357,-0.243269,0.008156,0.023002,0.351149,-0.026413,-0.286325,0.042805,0.369738,-0.339072,0.241925,0.273302,0.037,0.024643,0.133089,0.128629,0.111665,0.218455,-0.276537,-0.199854,-0.120274,-0.019498,0.065038,0.012156,-0.072606,0.469224,0.138123,-0.029384,-0.204472,0.186181,#
9,0.399659,0.283235,-0.163838,-0.556149,-0.003937,0.279585,0.400597,0.498499,0.143337,1.0,-0.076657,-0.172681,0.500136,0.698111,0.255862,0.373228,-0.30437,0.169337,0.330052,0.167517,0.156644,0.39354,0.474031,-0.055355,0.186431,-0.460404,-0.258785,-0.03837,0.222671,0.479415,0.136529,0.088761,0.383139,-0.400996,0.06335,-0.226243,0.510321,-0.182731,0.202854,-0.531182,0.216876,0.376809,0.124032,0.084674,-0.015635,-0.701029,0.298213,0.29457,-0.11039,0.301849,-0.159615,-0.006262,0.364966,0.145527,0.430134,0.336639,-0.388767,-0.400193,-0.301018,0.203483,0.608156,0.156815,-0.349072,0.156614,-0.320539,0.350801,0.04169,0.152398,-0.684482,0.135171,0.006066,0.422849,-0.042344,0.042273,-0.222199,0.080331,-0.234209,-0.398987,0.1207,0.226368,0.193916,-0.364928,-0.401253,-0.024527,-0.307231,0.213993,-0.246351,-0.051134,0.162605,-0.412192,-0.015762,-0.165923,-0.236449,0.203415,0.020169,-0.038816,-0.47593,-0.234987,0.077883,-0.398374,-0.146101,0.222227,-0.408481,-0.235206,-0.131641,-0.154796,-0.561552,-0.161583,-0.212665,-0.292079,0.285571,0.369598,-0.361294,-0.163869,-0.014138,0.011175,-0.054894,-0.227902,0.507762,-0.491256,-0.207177,-0.519432,-0.089275,-0.177796,-0.195938,0.14062,0.187724,0.026784,-0.224021,-0.309061,-0.042976,-0.042976,-0.388886,0.228359,-0.478873,-0.290021,-0.450003,-0.304628,0.439054,-0.428068,-0.100682,-0.020468,-0.410088,-0.450455,-0.624199,0.007729,-0.248925,0.042878,-0.259047,-0.151472,-0.317775,0.127145,-0.137956,-0.608953,0.055188,-0.415383,0.550187,0.470628,-0.2902,-0.089131,0.001885,0.029073,-0.32373,0.150532,0.455763,0.518912,0.135491,-0.013663,-0.304628,0.011355,-0.038494,0.163109,-0.115622,-0.215809,0.418672,-0.351888,-0.024477,-0.265069,0.740543,-0.4367,0.548316,0.271499,-0.536602,-0.085259,0.29402,0.015899,0.390987,0.093405,-0.513103,0.165309,-0.297217,-0.050464,0.172707,0.132202,-0.134768,0.015722,0.130577,-0.066831,0.069877,0.647396,#
10,0.20328,-0.074701,0.252119,-0.051244,0.2501,-0.017589,-0.009431,-0.292374,-0.0501,-0.076657,1.0,-0.042852,-0.086302,-0.127468,-0.237228,-0.081822,-0.115004,-0.457029,0.108747,-0.433234,-0.13026,-0.203047,0.067086,0.468583,0.219534,0.243763,-0.048378,0.000337,0.144555,-0.110095,0.151606,0.305009,-0.304519,-0.442777,-0.132784,0.320657,0.356217,0.275997,0.032014,0.241973,-0.136478,-0.352865,-0.257678,-0.117529,0.237407,0.137591,-0.399991,0.036939,-0.130787,0.371449,0.005577,-0.168582,0.043734,0.090928,0.072242,-0.222778,-0.160657,0.07807,0.011812,-0.313464,-0.364342,-0.035393,-0.098835,0.033064,0.085817,-0.067162,0.231352,0.002576,0.080533,-0.116606,-0.037327,-0.129925,-0.210792,0.192315,-0.176577,0.198027,-0.188921,-0.17318,-0.416414,-0.154578,-0.12879,0.084956,0.00636,0.220255,0.048756,-0.332475,0.177739,0.237769,0.098108,-0.016747,-0.198627,0.011423,-0.0063,-0.209011,0.20366,-0.061013,-0.260781,-0.251488,0.102551,0.004404,0.140487,-0.234905,-0.145025,-0.349879,0.141609,-0.101095,-0.366335,0.502529,-0.092878,0.326457,-0.167895,0.066483,-0.125169,-0.115744,-0.048193,-0.137142,-0.387957,-0.130402,-0.358136,0.237927,-0.442801,0.418792,0.042886,-0.436545,-0.361699,-0.091266,0.045265,-0.096824,0.020723,-0.315798,-0.22701,-0.22048,-0.047548,-0.205536,-0.124774,0.054645,-0.080266,0.044877,-0.119848,-0.000146,-0.133696,0.354183,-0.322275,0.118269,0.332418,-0.017526,-0.18083,0.174323,-0.025941,0.03888,0.123941,0.114643,-0.264387,-0.030341,-0.105067,0.001908,-0.236664,-0.11833,0.091002,0.060045,-0.143866,-0.275397,0.013429,0.168025,0.089278,-0.144459,-0.176955,-0.166838,-0.170877,-0.035005,0.159395,0.200146,0.088659,0.097977,-0.203471,0.061359,0.136901,0.289162,-0.016983,0.037986,-0.278493,0.00899,-0.120785,0.110941,0.060312,0.319592,0.013968,-0.046999,0.260866,0.080621,0.158967,0.463496,0.221866,0.00486,-0.202154,0.093003,0.05534,-0.089723,0.083988,-0.235507,#
11,-0.02808,-0.165669,-0.023843,-0.285802,0.05819,0.548863,0.238483,0.253976,0.063985,-0.172681,-0.042852,1.0,-0.008042,0.139578,-0.08298,0.025497,0.037964,0.100197,0.114092,0.01848,0.158712,-0.223428,-0.159868,0.020735,0.125953,0.223723,0.13061,-0.004539,0.082605,0.024142,-0.299523,-0.001609,-0.196844,0.132809,-0.153993,0.144455,-0.185894,0.234146,-0.061471,-0.163971,-0.180288,0.096107,-0.201028,-0.367528,-0.080768,0.082318,-0.030831,-0.299779,-0.129005,0.026446,-0.074425,-0.270724,-0.157427,0.133985,-0.10045,0.052696,-0.261639,0.154208,-0.158888,-0.092999,-0.109242,-0.451331,-0.110703,0.332154,-0.103798,0.328566,-0.095299,0.125621,0.393537,-0.39563,0.11706,0.154845,0.048332,-0.026806,0.100936,-0.014399,-0.051291,0.260192,-0.281715,-0.205303,-0.196339,-0.432873,-0.053166,0.118819,-0.133776,-0.348011,-0.038822,-0.191047,-0.122056,0.092295,0.044741,-0.337418,-0.221792,0.082404,-0.028161,-0.265066,-0.111655,-0.029359,-0.223823,-0.06202,0.022331,-0.076791,-0.202774,-0.208628,-0.086751,0.028243,-0.130539,0.17515,-0.104458,0.13119,-0.038242,0.020288,-0.523359,-0.300604,-0.066139,0.123841,-0.237468,0.270618,0.067029,-0.169606,-0.076791,-0.146912,-0.036479,-0.211776,-0.122912,-0.186624,-0.021591,0.075556,0.068846,0.020662,-0.271075,-0.112794,0.034973,-0.035184,-0.029878,0.228111,0.401311,-0.201502,-0.152369,-0.359556,-0.342896,0.35925,-0.059495,0.006188,-0.047773,-0.134766,0.211032,0.036233,-0.287586,0.031702,-0.071509,0.248827,-0.145182,0.304746,0.210225,-0.073496,-0.142693,0.137031,-0.41174,-0.361125,-0.165283,-0.140765,0.055353,-0.273412,-0.193394,-0.000497,-0.195191,0.070531,0.225268,0.31862,-0.038363,0.16091,0.188881,-0.267106,-0.070933,-0.029854,-0.092785,0.253439,0.101647,0.104641,0.038401,-0.338657,0.102034,0.092542,0.354266,0.20493,0.004618,0.053722,0.213658,0.006808,0.046533,0.201208,0.136882,0.06109,-0.366191,-0.136592,0.177551,-0.215878,-0.149915,-0.285499,#
12,0.228217,-0.245648,-0.116112,-0.45827,-0.013604,0.283892,0.257279,0.69383,0.194116,0.500136,-0.086302,-0.008042,1.0,0.679514,0.007201,0.302926,0.009303,0.119265,0.108031,0.059988,0.218634,0.204345,0.335194,-0.025062,-0.025276,-0.407827,-0.14547,-0.06491,0.175989,0.207419,-0.100812,-0.106394,0.343191,-0.009311,-0.377641,0.157239,0.379907,-0.114486,-0.031687,-0.355354,-0.079247,0.069333,0.184973,-0.166517,-0.297407,-0.497844,0.195734,0.000769,-0.10892,0.100234,-0.209519,-0.090577,0.202336,0.123311,0.494588,0.35726,-0.28142,-0.335781,-0.219069,-0.090373,0.320806,0.223229,-0.065441,0.329501,-0.332723,0.323767,-0.144249,0.484479,-0.338793,-0.031281,-0.06586,0.417746,-0.338785,-0.233334,-0.324934,0.077926,0.103123,-0.099491,0.131868,-0.046228,-0.016659,-0.25246,-0.260727,-0.359783,-0.178353,0.15506,-0.318946,0.11066,0.087394,-0.122843,0.01113,-0.22894,-0.346695,0.358576,0.038861,-0.277128,-0.352854,-0.326437,-0.308746,-0.588386,0.113396,-0.097263,-0.52782,0.096214,-0.166816,-0.176024,-0.372807,-0.321606,0.169352,-0.435129,-0.290239,0.133616,-0.364917,-0.417868,-0.004928,-0.024182,0.008643,-0.06549,-0.096012,-0.10895,-0.042976,-0.568607,-0.221787,-0.304383,-0.254407,-0.102713,-0.025001,-0.187514,-0.342295,-0.239872,-0.228102,-0.008886,-0.36127,0.271017,-0.118735,-0.072377,0.209311,-0.688887,-0.161868,-0.283825,-0.012763,0.065319,-0.33532,-0.2721,-0.420408,-0.067743,0.100605,0.038507,-0.315122,-0.288357,-0.21904,-0.059344,-0.38001,-0.579651,0.336935,-0.55959,0.168548,0.391404,-0.251614,-0.263693,-0.056769,-0.166661,-0.12355,-0.210527,0.323579,0.087471,-0.106043,0.19781,-0.097816,0.235616,-0.08422,-0.21353,-0.325891,-0.202344,0.379554,-0.095841,-0.067058,-0.165511,0.468182,-0.438052,0.158737,0.355031,-0.012112,-0.296566,0.052624,0.17495,-0.052116,0.140599,-0.428067,0.330973,-0.31001,-0.225563,0.279796,-0.156757,0.118675,0.088725,0.055036,-0.216884,-0.111445,0.358437,#
13,0.323773,0.242565,-0.14182,-0.688696,-0.151112,0.60501,0.582762,0.684693,0.122313,0.698111,-0.127468,0.139578,0.679514,1.0,0.205908,0.247948,-0.107344,-0.016412,0.336869,0.146372,0.450153,0.298856,0.424586,-0.053344,-0.070618,-0.454337,0.036602,-0.042725,0.3216,0.35937,-0.096602,0.051397,0.288657,-0.173558,-0.197074,-0.036477,0.412935,-0.130638,0.134742,-0.388505,0.079677,0.452175,-0.074919,-0.260686,0.058347,-0.740038,0.410886,-0.00807,-0.095587,0.204354,-0.094958,-0.133264,0.178341,-0.125214,0.290206,0.343353,-0.263913,-0.37373,-0.407174,-0.117371,0.544489,0.119706,-0.261084,0.189713,-0.072998,0.626725,-0.198272,0.27574,-0.388441,-0.196416,-0.107116,0.470284,-0.142647,-0.071971,-0.216388,0.07035,-0.304248,-0.302923,0.061927,0.098198,0.062272,-0.535166,-0.385316,-0.095518,-0.404918,0.147125,-0.387031,-0.080694,0.079129,-0.247847,0.027719,-0.305206,-0.345711,0.088029,-0.027441,-0.176884,-0.445804,-0.30999,0.017859,-0.684896,-0.036294,0.040596,-0.531048,-0.306135,-0.328307,-0.237998,-0.29851,-0.399276,-0.080602,-0.441352,0.051418,0.309459,-0.559444,-0.209386,0.016849,0.011951,-0.32398,0.015793,0.338387,-0.296108,-0.107079,-0.695421,-0.215587,-0.279908,-0.307116,-0.084152,0.020768,-0.284657,-0.478038,-0.371375,-0.181081,-0.146684,-0.426814,0.105537,-0.357326,-0.309971,0.292391,-0.432076,0.235627,-0.587775,-0.100435,0.073233,-0.238969,-0.389184,-0.586398,-0.229,0.149132,0.027625,-0.497305,-0.152297,-0.200001,0.073322,-0.179091,-0.54644,0.14228,-0.539694,0.523871,0.326717,-0.387943,-0.355833,-0.133896,-0.035777,-0.180877,-0.239392,0.337305,0.260226,-0.097547,0.020857,-0.181765,0.040596,-0.123516,-0.020807,-0.287103,-0.406486,0.452723,-0.248055,0.060467,-0.156579,0.652004,-0.465233,0.402693,0.231956,-0.327059,-0.102544,0.445096,0.11774,0.097398,0.031969,-0.425596,0.434792,-0.319965,-0.117641,0.180505,0.062891,-0.23318,-0.002733,0.263654,-0.216933,-0.120888,0.444467,#
14,-0.041163,0.359472,-0.214808,-0.11671,-0.108744,0.081991,0.067042,0.190763,0.080378,0.255862,-0.237228,-0.08298,0.007201,0.205908,1.0,0.025723,0.047498,0.098792,0.343433,0.141533,0.279109,0.12951,0.120216,-0.174819,-0.238565,-0.11428,0.079563,0.13961,0.390283,0.040633,-0.074076,0.063915,-0.077562,0.142417,0.027229,-0.19344,-0.219943,-0.116625,-0.179991,-0.155745,0.436124,0.305896,0.134887,0.338029,0.230996,-0.193799,-0.038965,0.047831,0.259163,-0.009036,0.254303,0.003598,0.164931,0.079039,0.134123,0.487112,0.041571,-0.361968,0.013539,0.205126,0.265549,-0.095663,-0.099196,0.183096,0.26868,0.120565,-0.016792,0.000597,-0.132804,0.078829,0.06932,0.007091,0.299176,0.122754,0.28875,-0.199151,-0.040512,-0.07733,0.158069,0.249224,0.087027,-0.14365,0.111637,0.118626,0.010744,0.430561,0.090923,-0.065057,-0.171649,-0.214847,0.191705,0.094666,0.088549,0.249919,-0.051262,0.008038,-0.0715,0.109542,0.11133,-0.21521,0.212092,0.337203,-0.192289,-0.195686,-0.321085,-0.174159,-0.095378,-0.096934,-0.166705,0.09408,0.215747,0.024485,0.100926,0.019427,-0.080582,0.099527,-0.203626,0.149614,0.319832,-0.237844,-0.064565,-0.172159,-0.179092,-0.045773,-0.036677,-0.222238,-0.243442,-0.023667,-0.343299,0.17028,0.01246,0.043105,0.017997,0.058544,-0.19092,-0.15024,-0.068461,0.02882,0.016764,-0.223307,-0.146517,-0.704794,-0.020053,0.211202,-0.075655,-0.199328,-0.195128,-0.169899,-0.138079,0.019321,-0.096474,-0.269599,0.199186,-0.083008,-0.323401,0.058871,0.251994,0.156115,-0.060121,0.191002,0.156386,0.038728,0.028679,-0.196497,-0.345076,0.248665,0.424641,-0.260404,0.02882,-0.076045,-0.07176,-0.035588,-0.143,0.178211,0.040865,-0.028335,-0.146948,0.057199,0.349735,-0.061065,0.147937,0.436895,0.033585,0.035181,0.144857,0.083174,0.414622,-0.126462,0.199529,-0.034205,-0.132573,-0.352468,0.073742,-0.080885,-0.171436,-0.101312,-0.013432,-0.048919,0.063068,0.024801,#
15,0.179813,0.183071,0.224086,-0.333079,-0.142055,0.106627,0.428824,0.296006,0.029888,0.373228,-0.081822,0.025497,0.302926,0.247948,0.025723,1.0,-0.189714,0.446372,0.188284,0.080893,-0.026655,0.156365,0.384175,-0.169278,0.148042,-0.288189,-0.020613,0.065152,0.323036,0.247327,-0.019279,-0.17142,0.247942,-0.342677,-0.036127,-0.146795,0.367416,-0.041135,0.306192,-0.298637,0.266614,0.088918,0.479501,-0.009909,-0.043523,-0.263686,-0.07899,0.180926,0.131066,0.29098,0.036858,0.135377,0.252703,0.01916,0.247332,0.112611,-0.151486,-0.46918,-0.146692,0.143176,0.146981,0.305264,-0.153227,0.066468,0.007188,0.156072,-0.06434,0.233655,-0.318645,0.07533,0.235103,0.302967,-0.296241,-0.213599,-0.150214,0.306723,0.010622,-0.153621,0.104069,0.235321,0.118205,-0.319997,-0.245201,0.190204,-0.283048,-0.097543,-0.247204,-0.104565,0.116845,0.003959,-0.144721,-0.060219,-0.152589,0.32186,0.200833,-0.344612,-0.120071,-0.284959,0.15457,0.02812,-0.17559,-0.121857,-0.440757,0.028227,-0.058511,0.071839,-0.249574,-0.03251,-0.253075,0.158176,-0.184572,0.182078,-0.146218,-0.291602,0.274821,-0.033252,-0.052663,-0.253033,0.172227,-0.310972,-0.142148,-0.004719,-0.358887,-0.309502,-0.269871,-0.105175,-0.053124,0.330504,-0.318256,-0.38481,0.007537,-0.163166,-0.270386,0.11522,-0.315297,-0.180498,-0.252997,-0.060871,-0.044957,-0.267694,-0.170313,0.285759,-0.3211,-0.161582,-0.215521,0.069449,-0.139949,0.286134,-0.201965,-0.382967,-0.252053,-0.194312,0.073141,-0.127813,0.11851,-0.344119,0.050847,0.495567,-0.227945,-0.166059,0.259573,-0.113313,-0.082137,-0.041496,0.283568,0.061017,-0.299078,0.032859,-0.070039,-0.130351,0.191893,0.011904,-0.007534,-0.257866,0.179434,-0.265376,0.059845,0.232219,0.422539,-0.539985,0.458277,-0.171085,-0.388267,0.179512,0.193513,-0.245504,0.246502,-0.0207,-0.311588,0.041715,-0.145141,-0.065044,0.096902,0.424173,-0.191683,-0.210969,0.02597,-0.230422,0.280108,0.478502,#
16,-0.234188,0.118886,-0.140212,0.231438,0.023743,-0.050394,0.135929,0.024202,0.012954,-0.30437,-0.115004,0.037964,0.009303,-0.107344,0.047498,-0.189714,1.0,0.049509,-0.05735,0.021241,-0.002496,-0.291299,-0.118706,-0.311666,-0.584157,0.045774,-0.165156,-0.00429,0.052029,-0.315318,-0.277536,0.187471,0.059587,0.166645,-0.053354,0.171838,-0.313237,-0.418281,-0.235189,0.265967,-0.139557,-0.17617,-0.028101,-0.016032,-0.248756,0.215554,-0.282149,-0.440318,0.222089,0.266265,0.153448,-0.04817,-0.027204,0.005984,0.196387,0.092919,0.338265,-0.201506,0.130889,-0.317702,-0.200599,0.194588,0.246226,-0.114001,0.060465,0.038443,-0.219817,0.119512,0.143478,-0.267466,-0.263381,-0.507539,-0.242701,-0.404002,-0.238748,-0.043711,0.129733,-0.049658,-0.08311,-0.126734,-0.218247,-0.015801,0.21287,-0.318424,-0.01802,0.033641,0.029461,-0.252957,-0.085265,-0.047753,-0.016709,-0.054947,-0.235859,-0.001811,0.041869,-0.177505,0.200713,-0.062782,-0.145334,0.313743,0.017084,-0.058732,0.209656,0.126269,-0.199546,0.002102,0.053821,-0.276393,-0.207336,-0.04633,-0.408098,-0.245103,0.030744,0.007687,-0.230791,-0.229054,0.27149,0.025407,-0.34535,-0.237662,-0.058732,-0.120781,-0.066062,-0.303693,-0.064929,-0.430716,-0.218364,-0.287709,-0.031881,0.106619,-0.175778,-0.357086,-0.08882,-0.265351,0.202067,0.08622,0.371144,-0.245145,-0.440102,0.028113,0.090126,-0.087364,-0.044695,0.253347,-0.056116,-0.165955,-0.114656,0.227008,-0.014393,-0.092927,0.157178,-0.166861,0.195471,-0.06123,-0.030328,-0.054552,-0.32362,0.074459,0.040871,0.312552,-0.229668,0.002102,-0.014408,-0.391,-0.50666,0.062442,0.001338,-0.161077,-0.245145,-0.058732,-0.226162,0.053641,-0.314802,-0.10399,-0.187521,0.114617,-0.048174,0.113422,-0.095943,-0.051285,-0.137257,-0.058223,0.760035,0.015276,-0.112569,-0.315801,-0.326616,-0.009074,0.208025,-0.317709,-0.117949,0.287064,-0.191723,-0.332038,0.049488,-0.107485,-0.321155,-0.153112,-0.319531,-0.078735,#
17,-0.393438,0.110763,0.179046,0.137571,-0.34058,0.036933,0.228818,0.298191,-0.048205,0.169337,-0.457029,0.100197,0.119265,-0.016412,0.098792,0.446372,0.049509,1.0,-0.036534,0.223178,-0.10109,0.029033,-0.00172,-0.292543,0.233151,0.178744,0.005102,-0.024694,0.003835,0.078846,0.060726,-0.198801,-0.043337,0.034443,-0.124549,-0.092792,-0.039407,-0.154046,0.056797,-0.527439,0.134948,0.264819,0.324208,0.313883,-0.156892,-0.093882,0.185407,0.023987,-0.224003,0.053318,-0.153086,0.298886,-0.040598,0.251004,0.175934,-0.051155,0.009506,-0.093536,-0.134857,-0.07513,0.006848,0.031102,0.028676,0.178781,0.089616,-0.019246,-0.111781,0.002849,-0.335268,0.132137,0.358324,0.236116,-0.075347,-0.303569,0.042968,0.054922,0.164754,0.084826,0.064229,-0.042841,-0.059789,-0.171883,-0.104183,0.28923,-0.272089,0.060567,-0.107785,-0.153489,-0.286835,0.109804,-0.167273,-0.259449,-0.198192,0.408006,-0.115835,-0.337605,0.171442,-0.064469,0.102552,0.134525,-0.141693,0.029653,-0.25177,0.352361,-0.211711,0.085411,-0.048426,-0.196198,-0.179569,0.04262,-0.048792,0.167425,0.007474,-0.16443,-0.1585,-0.108908,0.397727,-0.108577,0.219046,-0.404938,0.029653,-0.251587,-0.306239,0.037779,0.076757,-0.145424,-0.09844,0.248228,-0.218836,0.079234,0.01511,0.143033,-0.082672,0.173177,-0.139867,-0.069428,-0.240217,-0.063016,0.059494,-0.206286,-0.075129,-0.066162,0.066375,-0.17653,-0.296017,0.203352,-0.247171,0.245498,-0.054488,-0.131059,-0.410216,-0.065823,0.052618,-0.012513,-0.008419,-0.070779,-0.226848,0.428898,0.099661,-0.111427,0.186508,0.027158,-0.273246,0.144373,0.064208,0.360127,-0.062985,-0.120507,-0.063016,-0.011813,0.134227,0.009434,-0.097999,-0.216838,0.143177,-0.183572,-0.20341,-0.10196,0.098178,-0.17542,0.399384,-0.259742,0.031134,-0.050123,0.114357,-0.312421,0.22742,0.237789,-0.226704,-0.17686,-0.00478,-0.227577,-0.051482,0.169919,-0.092182,-0.355698,0.006807,0.076797,-0.0433,0.373991,#
18,0.488043,0.64447,0.064587,-0.327217,0.072736,0.257615,0.269998,0.118041,0.08298,0.330052,0.108747,0.114092,0.108031,0.336869,0.343433,0.188284,-0.05735,-0.036534,1.0,-0.074176,0.466186,0.125445,-0.001273,-0.052594,-0.014695,-0.095926,0.017006,0.163092,0.158091,0.201757,-0.295497,0.193198,0.169101,0.046747,-0.16479,0.169064,0.080905,0.025904,-0.054757,-0.047971,0.297164,0.401097,-0.224073,0.229722,0.283445,-0.048017,0.03728,-0.169662,0.065629,0.129501,-0.036553,-0.119041,0.422672,0.042963,0.215389,0.158578,-0.107076,-0.481184,-0.412673,-0.102139,0.211064,-0.336274,-0.20833,0.168875,0.006976,0.172955,-0.145225,0.046318,-0.067296,-0.411547,-0.0162,0.170459,-0.071792,0.054482,-0.095029,-0.106928,-0.17262,-0.0656,0.039889,0.287912,0.266936,-0.198965,-0.093665,-0.121287,0.028813,-0.096869,-0.061851,-0.125497,0.069823,-0.072857,-0.171681,-0.252684,0.073246,-0.079424,0.258958,7.6e-05,-0.146401,-0.129178,0.183948,-0.159824,0.27176,0.412751,-0.190319,-0.342744,-0.330368,0.049399,-0.186719,-0.069629,-0.211608,0.079241,0.152424,0.205956,-0.314021,0.009657,0.064698,0.526535,-0.124412,0.09608,0.110348,-0.156793,-0.199753,-0.095686,-0.363658,-0.174092,-0.479059,-0.134572,0.116774,-0.215794,-0.345559,-0.099653,0.002099,-0.149561,-0.04452,0.126472,-0.129654,-0.041906,0.081506,0.099132,0.15625,-0.243765,-0.240784,-0.0431,-0.225449,0.040532,-0.112659,-0.321872,-0.226368,0.025456,-0.374202,-0.106352,-0.012126,0.011756,-0.077663,-0.374653,0.291222,-0.03562,0.385489,-0.009301,-0.416915,-0.075664,-0.14709,0.217881,-0.051368,-0.314628,-0.021441,0.003249,0.316609,0.142609,-0.101318,-0.347017,0.01773,0.289142,0.111254,0.126292,0.076522,0.024593,-0.002842,-0.106436,0.420699,-0.117133,-0.137314,0.305279,-0.065899,0.231082,0.290634,0.363432,0.614967,0.12425,-0.012991,0.296443,-0.103697,-0.058362,0.154379,0.021177,-0.458941,0.062855,0.445624,-0.224737,0.018774,0.097454,#
19,-0.370105,-0.008557,0.031522,-0.140134,-0.168928,-0.264665,-0.259797,0.007886,-0.172131,0.167517,-0.433234,0.01848,0.059988,0.146372,0.141533,0.080893,0.021241,0.223178,-0.074176,1.0,0.316693,0.305434,0.001703,0.012434,-0.024096,-0.272438,0.003205,-0.157632,-0.2446,-0.224227,0.288794,0.291257,0.445488,0.328543,-0.24638,-0.511977,-0.073092,0.038837,-0.191516,-0.297714,0.220711,0.065462,0.071536,-0.025028,-0.208824,-0.211213,0.202192,0.259119,0.127672,-0.201256,0.013294,-0.137693,0.385039,-0.116259,-0.333704,-0.0463,0.042573,-0.285914,0.436453,0.05589,0.106883,0.071033,-0.215501,-0.382973,-0.077658,-0.030282,-0.005537,-0.415768,-0.155866,0.343036,-0.320335,0.136234,0.161937,-0.035946,0.013639,-0.693091,0.231667,0.049462,0.698505,0.289053,0.348882,0.220713,0.115815,-0.145974,0.290223,0.597562,0.112075,-0.049776,0.338943,0.045886,0.356625,0.486633,0.208946,0.370083,0.076186,0.361057,0.074364,0.274729,0.229129,0.230138,-0.388338,0.086444,0.108317,0.227015,0.514453,0.65489,-0.044169,-0.308903,0.289067,-0.223685,0.163622,-0.298248,0.229466,0.295195,0.071749,0.218286,0.192142,0.076465,0.215936,-0.220336,0.315067,-0.164912,-0.209201,0.228297,0.074489,0.279944,0.349068,0.080261,0.341931,0.447232,0.54224,0.202658,0.272491,0.102538,0.396064,0.24707,0.019009,-0.060683,0.172183,0.275184,0.039894,-0.104354,-0.122841,-0.130058,-0.159901,0.331484,0.322118,-0.474773,0.007904,0.271365,-0.109484,0.180866,0.30651,0.112133,-0.034529,0.231667,0.398144,-0.096135,0.016627,0.027814,0.108031,0.28532,0.228981,0.043535,0.092049,0.225574,0.40756,-0.114187,0.186071,0.272729,-0.597912,-0.105994,-0.173825,-0.050183,-0.331208,0.107039,0.332407,-0.462092,0.250927,0.135686,0.033518,-0.159356,-0.224027,-0.322783,-0.343508,-0.221691,0.25064,0.353247,-0.173268,-0.142475,0.058967,-0.234606,-0.534482,0.011135,0.173302,-0.554491,-0.31001,-0.012007,0.431122,0.15293,#
20,0.170071,0.405306,-0.135062,-0.040517,-0.347599,0.143332,0.135418,0.227773,-0.309018,0.156644,-0.13026,0.158712,0.218634,0.450153,0.279109,-0.026655,-0.002496,-0.10109,0.466186,0.316693,1.0,0.18505,-0.148236,-0.044609,-0.0065,-0.159084,0.002265,-0.105038,-0.216049,-0.029812,0.111227,0.170802,0.190932,0.318162,-0.410409,-0.244616,-0.05881,0.091779,0.030114,-0.189385,0.344962,0.294003,-0.344906,-0.024471,0.34596,-0.316182,0.171813,-0.154737,0.102284,-0.199866,-0.057991,-0.064325,0.385174,-0.136184,-0.134381,-0.018593,-0.086734,-0.301909,-0.283619,-0.168755,0.093485,0.070313,-0.079282,0.060139,0.169328,0.081118,-0.45594,-0.114036,-0.139016,-0.13708,-0.22383,0.3767,0.029279,-0.107547,-0.253672,-0.413897,0.080896,0.036852,0.437221,0.183248,0.333868,-0.2013,0.039233,-0.170802,0.140804,0.04343,-0.112665,0.331449,0.271798,0.054261,-0.048215,0.022696,0.032102,-0.11385,0.182372,0.104047,-0.149346,-0.138248,0.353502,-0.259219,0.256953,0.300699,-0.070104,-0.098711,-0.078767,0.118357,0.128429,-0.140403,0.061922,-0.341734,-0.067414,0.192159,-0.296596,0.013848,0.168389,0.227539,-0.10719,0.227924,0.208343,0.008565,0.104761,-0.215166,-0.261345,0.049657,-0.302319,-0.012611,0.01785,-0.35034,-0.224918,0.150594,-0.075687,0.118345,0.082857,0.2912,0.022657,0.204821,0.386079,-0.228052,0.071792,-0.121081,-0.01433,0.069986,0.045716,-0.032337,0.012754,-0.032622,0.207522,-0.161314,-0.242311,0.029099,-0.026928,0.116954,-0.006473,-0.097893,0.222568,0.032145,0.301054,-0.173364,-0.201292,-0.237894,-0.113539,0.003556,0.238967,-0.329055,-0.011552,-0.00435,0.393314,0.301516,0.219784,-0.11423,-0.221269,0.201798,0.011123,-0.043377,-0.017527,0.017419,0.031399,-0.355439,0.107266,0.022529,-0.274865,0.059649,-0.025138,-0.188696,0.033323,0.035804,0.024738,-0.253572,-0.044861,0.346989,-0.260476,-0.266912,-0.100611,-0.18315,-0.026668,-0.308733,0.377874,-0.396069,-0.037649,-0.053135,#
