0,1.0,0.087653,0.101251,-0.131949,0.484556,-0.169808,0.197387,-0.181197,0.190197,0.123994,-0.234272,0.189346,0.417503,-0.022468,-0.190608,-0.202432,0.160157,0.063457,0.013222,-0.278081,-0.371314,-0.222011,0.276202,-0.262763,-0.17841,-0.30385,-0.508424,-0.115029,-0.013105,0.147827,-0.232611,-0.102733,-0.184209,-0.218941,-0.364502,-0.020553,0.137647,0.157658,0.152982,-0.031369,0.176705,0.103114,-0.203464,-0.231088,-0.143766,0.021533,0.299624,0.207096,-0.163183,0.318868,0.180018,0.045048,0.015756,-0.007803,0.062969,0.003256,-0.070829,0.206977,-0.373097,-0.100597,0.165123,-0.63007,0.176763,-0.317509,-0.104611,0.21177,0.055803,0.030054,0.327488,-0.267813,0.298963,-0.077408,-0.022806,-0.398563,-0.344851,0.259716,-0.114851,-0.407102,0.068036,0.059803,-0.222163,-0.198865,-0.231375,0.115699,-0.186156,-0.151521,-0.42982,-0.184015,0.007005,-0.413489,-0.379024,-0.018,-0.199745,0.157908,-0.149836,-0.373377,-0.107455,-0.059156,0.286265,-0.266844,0.222013,-0.229449,0.017115,-0.086924,-0.197295,-0.089113,0.140684,0.063488,-0.481983,0.048027,0.088825,-0.183935,-0.011047,-0.190907,-0.409306,-0.267072,-0.237695,-0.25975,0.154858,-0.447747,-0.206277,-0.3718,-0.186156,-0.401181,-0.226207,-0.040906,-0.40711,-0.187901,-0.038201,-0.113732,-0.450235,0.138601,0.023552,0.037723,-0.210632,-0.478365,0.233152,-0.156777,-0.173055,-0.202021,-0.009531,0.246123,-0.190907,0.038401,-0.15483,-0.239846,-0.478993,0.363991,-0.291123,-0.011047,-0.506019,-0.355043,-0.273533,-0.071799,-0.576152,-0.106122,0.181217,0.37875,-0.221979,-0.342072,0.091736,0.081682,-0.373985,-0.098517,0.183113,-0.145049,0.003888,-0.09618,-0.058693,-0.151111,-0.06535,0.123958,0.047891,-0.302697,-0.031268,-0.266906,0.050619,0.119317,0.142946,-0.040042,0.072904,0.121401,-0.109448,-0.236888,0.338773,0.23662,0.259855,0.178094,-0.296416,0.330276,-0.088691,-0.140198,0.198846,0.469401,-0.245834,0.067702,0.157477,-0.278498,-0.227436,0.217349,#
1,0.087653,1.0,0.176775,0.00362,0.126302,-0.327357,-0.005255,-0.049961,0.012249,0.370575,-0.232275,0.156768,0.180424,-0.028782,-0.015145,0.028318,-0.024976,0.189754,0.25105,-0.094665,-0.037805,0.026786,-0.005703,-0.118554,-0.189838,-0.039461,0.071971,0.056271,0.094772,0.160089,-0.475219,0.274022,0.021844,0.095417,-0.130774,0.174798,0.276422,-0.00809,-0.227048,-0.242184,0.153094,0.192696,0.178038,-0.205161,-0.158078,-0.442823,0.269826,0.213253,-0.092639,0.388582,-0.126013,-0.352189,-0.137051,0.247151,-0.044136,-0.155783,-0.480542,-0.202811,-0.133911,0.031902,-0.054893,0.023804,-0.17352,-0.017017,0.140308,-0.134306,0.167106,0.191473,-0.030738,-0.207144,-0.170352,-0.193869,0.101396,-0.003879,-0.184058,0.141579,-0.190822,-0.390176,-0.143932,-0.50726,0.010361,-0.333543,-0.301867,0.107365,-0.453884,-0.255401,-0.163928,0.083675,-0.051821,-0.000657,0.201687,-0.178377,-0.20049,0.106441,-0.44619,0.019854,0.148182,-0.239719,-0.189285,-0.034065,0.238153,-0.2158,-0.624381,-0.152753,-0.667323,-0.214312,-0.260887,-0.239956,-0.242113,-0.167229,0.00234,0.247852,0.18043,-0.159975,-0.167521,-0.106575,-0.175673,-0.368999,0.303003,-0.059577,-0.198441,0.197496,-0.453884,-0.274735,0.210339,-0.378781,-0.38922,-0.146222,-0.162347,0.0347,-0.224276,0.068486,-0.045462,0.321984,-0.245,0.024227,-0.201565,-0.108863,-0.168497,-0.268995,-0.047304,0.333125,-0.159975,0.058238,-0.170576,-0.416075,-0.18723,0.265378,-0.467897,-0.158751,-0.365706,-0.213161,-0.137092,0.041384,-0.186954,-0.130484,0.018333,0.287233,-0.049513,-0.291361,-0.124523,-0.093337,-0.021743,-0.10927,0.183114,0.46855,0.063644,-0.003096,-0.38399,0.136676,-0.13717,0.205084,-0.142086,-0.255406,0.087185,0.08764,-0.139713,0.174969,0.087551,-0.1526,0.333595,-0.086815,-0.046045,-0.046651,-0.067372,-0.036759,0.126472,-0.194357,-0.339235,0.103687,-0.437504,0.233556,0.117156,0.26338,-0.314645,0.099115,0.233737,-0.338816,0.057462,-0.025341,#
2,0.101251,0.176775,1.0,0.38408,0.130516,-0.204448,-0.093895,-0.137236,-0.250893,0.359448,-0.216167,-0.153322,-0.126669,-0.101496,-0.597241,-0.31939,0.186307,0.148248,-0.110534,-0.279438,0.074135,-0.252515,-0.17486,0.096766,0.011994,-0.207346,0.001172,-0.353542,-0.321946,0.261607,-0.106028,-0.153505,-0.093764,-0.043982,-0.147752,-0.193168,-0.059651,0.012851,-0.090131,-0.172154,-0.119767,-0.071891,0.158616,0.157526,0.273378,-0.356049,-0.105168,0.301419,-0.088653,0.215408,-0.086553,0.16246,0.120455,0.334695,-0.021557,-0.204824,-0.096262,-0.06928,0.232281,0.063546,-0.128754,0.131288,-0.382798,-0.260135,0.023909,0.055851,-0.209655,-0.055412,-0.12791,0.062404,0.1304,0.15211,-0.065733,0.300077,-0.118082,0.358259,-0.052469,0.031017,-0.12433,0.254589,0.125324,0.12895,-0.023408,0.459687,-0.013884,-0.25846,-0.026125,0.224913,0.002481,-0.215482,-0.1113,-0.400201,0.178813,-0.137619,-0.28338,0.124739,0.134006,0.20652,0.229835,0.069968,-0.226562,-0.141382,0.161427,0.043653,-0.207506,-0.241639,0.13177,-0.081747,-0.136457,0.155192,0.27068,0.37979,0.123297,-0.251406,0.130116,0.120635,0.11916,-0.293964,0.070763,0.023467,-0.279157,0.246344,-0.025175,-0.009982,-0.110291,0.088557,-0.316896,0.1547,0.162347,0.351913,0.207465,0.113184,-0.032331,0.230303,0.15428,-0.123273,0.310607,0.186668,-0.173213,-0.416518,0.015948,0.457131,0.122506,-0.339617,0.043058,0.264787,0.016132,0.114152,-0.193356,0.139113,-0.318431,0.432758,0.188819,0.031648,-0.284432,0.049887,-0.008269,0.043212,-0.006775,0.017704,0.273979,0.008465,0.431746,0.148748,0.141877,-0.013552,-0.072616,-0.358618,0.207714,-0.029988,0.070381,-0.094067,-0.048096,0.144811,-0.079924,0.088428,-0.072954,-0.105968,-0.18161,0.11949,-0.081913,-0.150108,-0.06541,-0.109543,-0.380219,0.191718,-0.166047,-0.248825,0.002325,0.019181,0.325289,-0.14248,0.039445,-0.028694,0.077783,-0.100069,-0.186544,0.287004,0.158126,-0.1653,#
3,-0.131949,0.00362,0.38408,1.0,0.1306,-0.217578,-0.146852,-0.481036,-0.191491,0.109251,0.34352,-0.10698,-0.227165,-0.188309,-0.452762,0.029393,0.280596,0.037827,0.14402,-0.089911,0.020534,-0.241578,-0.109425,-0.004214,0.02827,-0.140655,0.011824,-0.360103,-0.051367,-0.035629,0.105061,-0.287898,0.168263,-0.232151,-0.006996,-0.420821,-0.301233,0.202041,-0.352514,0.095775,0.040385,-0.372862,0.042134,0.1938,0.286722,-0.282286,-0.342647,-0.149467,0.331478,0.067696,-0.158819,0.344119,-0.141191,0.403504,0.371097,-0.050998,-0.14262,-0.211116,0.308969,-0.149312,-0.089852,-0.111297,-0.254347,-0.22716,-0.144035,-0.200457,0.12751,-0.16437,-0.281648,0.475714,-0.248778,0.232902,0.220772,0.188258,0.262142,0.139064,-0.146961,0.022264,0.260272,0.286009,-0.070916,0.16189,0.182161,0.21836,0.013191,-0.118937,0.167986,0.181078,-0.020249,-0.127297,0.304006,-0.392326,0.024065,-0.32601,0.101465,0.282649,0.395269,0.177934,-0.254039,0.188188,-0.237332,-0.23934,0.327473,0.061543,-0.102363,-0.070056,0.257922,-0.24217,-0.098694,0.273971,0.146945,0.14074,0.16596,-0.055135,-0.068704,0.056235,0.189871,-0.078676,-0.009862,0.199225,0.041189,0.315551,0.034489,-0.014852,-0.195925,0.235532,-0.008666,0.230624,0.276462,0.086816,0.20901,0.045623,-0.244024,-0.087405,0.04157,0.323301,0.105227,-0.093129,-0.13346,0.010333,0.011791,0.457897,0.243713,-0.31784,-0.009625,0.311622,0.077494,-0.149328,0.001841,0.16596,0.06589,0.46902,0.087364,0.093783,-0.024371,-0.150074,-0.323592,-0.094528,0.359111,-0.059636,0.022269,0.191263,0.005094,-0.031408,-0.300853,0.157314,-0.121311,-0.085367,0.200763,-0.111842,-0.129349,-0.14773,0.005094,0.261342,-0.182465,0.090013,-0.036721,-0.105303,-0.127959,0.674908,-0.477633,0.111604,0.18219,-0.012803,-0.026517,0.035922,-0.130582,-0.192873,0.11002,-0.262948,0.260194,-0.047251,-0.200748,0.071879,-0.123116,-0.229768,-0.137072,0.068767,-0.219832,-0.106392,#
4,0.484556,0.126302,0.130516,0.1306,1.0,-0.091371,0.170567,-0.177024,-0.089789,0.108086,-0.041786,0.144316,0.106369,0.140354,-0.149425,-0.192643,0.451025,-0.215718,-0.064213,-0.502708,-0.341014,0.05887,0.058798,-0.146867,-0.485357,-0.138248,-0.154119,-0.057791,0.14136,0.273702,-0.114614,0.065107,-0.382713,-0.139595,-0.416752,0.118832,-0.015152,-0.03244,0.250137,0.097632,0.123456,-0.108594,-0.032301,-0.194981,-0.261079,0.025807,0.004003,0.243667,-0.171497,0.128037,0.08342,-0.3638,0.076479,0.035039,0.225302,-0.475085,-0.325948,0.25919,-0.476669,-0.215819,0.166915,-0.370772,0.080066,-0.048499,0.19024,0.307886,-0.02187,0.208637,0.091827,-0.158719,-0.152125,-0.543718,0.31102,-0.64279,-0.472486,0.428969,-0.451322,-0.504503,-0.258302,-0.059755,-0.50575,-0.327822,-0.451675,0.017252,-0.39443,-0.552657,-0.441566,-0.513968,-0.075599,-0.33269,-0.276748,-0.175794,-0.204802,-0.069798,-0.381876,-0.602489,-0.2903,0.072852,-0.097096,-0.108924,0.150376,-0.182171,0.024977,-0.216728,-0.470953,-0.471549,0.143187,-0.258009,-0.250607,0.23341,-0.080208,0.148863,-0.332146,-0.27892,-0.340711,-0.140526,-0.149893,-0.409911,-0.074574,-0.034224,-0.210798,-0.263523,-0.365117,-0.004607,-0.012387,-0.202857,-0.524987,-0.231849,-0.42844,-0.036261,-0.416405,0.061128,-0.420909,-0.041492,-0.219119,-0.517709,0.282562,-0.573498,-0.240667,-0.393974,-0.21486,0.365365,0.047125,-0.097244,-0.279848,-0.346036,-0.394473,0.420587,-0.454524,-0.135361,-0.311667,-0.220483,-0.375793,-0.366541,-0.451636,-0.372497,0.013181,0.231871,-0.365117,-0.550223,0.102384,-0.197345,-0.138694,-0.346205,-0.006778,0.195252,-0.135671,-0.089268,-0.009383,-0.285198,0.279194,-0.124175,-0.457843,-0.32239,-0.080387,-0.303841,-0.298494,0.123182,0.072857,-0.11537,0.158089,-0.030776,0.240158,0.276144,0.284156,0.227683,0.404145,-0.269938,-0.022727,0.187872,0.022826,0.292523,0.451734,0.692734,0.125491,0.129161,0.206229,-0.301078,-0.502234,0.301436,#
5,-0.169808,-0.327357,-0.204448,-0.217578,-0.091371,1.0,0.101547,0.267233,0.063472,-0.215338,0.045807,-0.056754,-0.271161,0.279434,0.598201,-0.078997,0.058268,-0.311746,-0.210221,0.124436,-0.033936,0.214138,0.080603,-0.327348,0.082697,-0.119047,0.137671,0.035411,-0.05855,-0.0725,0.384496,0.488757,0.226912,-0.176088,-0.285911,-0.196705,-0.214969,0.178052,0.301996,0.030942,-0.261062,0.191032,-0.164114,0.113589,-0.091485,0.1549,-0.059378,-0.213928,-0.079703,0.151618,0.055891,0.028552,0.244322,-0.165458,0.016799,0.256757,0.032818,0.393841,-0.228655,0.358051,0.273463,0.048968,-0.079212,0.305507,0.120249,0.003544,-0.326607,0.284836,-0.124875,0.177164,-0.022859,-0.028362,0.277253,-0.079753,-0.096883,-0.137304,0.383495,0.230267,-0.28877,0.093048,0.097571,0.083952,-0.07362,-0.102628,0.037588,0.167159,-0.056914,-0.332043,-0.106366,-0.216019,-0.082733,0.102445,-0.114962,-0.103061,0.157768,0.128415,0.040723,-0.136422,0.120628,-0.191463,-0.155431,0.077132,0.029148,-0.221556,0.282251,0.081111,0.0307,0.066993,-0.125976,-0.367987,0.023006,0.022945,-0.236359,-0.040589,-0.220212,-0.15001,0.096814,-0.125976,-0.106304,-0.088464,-0.105727,0.08292,0.041078,-0.080335,-0.436158,0.217243,0.058005,0.118373,-0.276559,-0.221117,0.208837,-0.321674,-0.158961,0.045581,0.02526,-0.229737,0.059115,-0.003474,-0.030354,0.23522,0.208314,-0.206634,-0.379865,-0.298441,-0.100174,-0.053197,0.109899,-0.051369,0.526492,-0.073276,-0.017518,-0.121663,0.261135,0.267655,-0.068055,-0.034295,0.106774,0.027851,-0.151748,0.028292,-0.202369,-0.169399,-0.013835,0.008534,0.105359,-0.089971,0.254344,0.125786,-0.042906,0.077837,0.323443,-0.157519,0.29636,0.134604,0.069605,0.172571,-0.053626,-0.03309,0.19789,-0.036784,0.203292,0.171995,0.09898,0.041109,-0.049456,-0.081956,0.10487,0.103262,0.082284,0.240854,0.159476,-0.137954,-0.074069,-0.382205,0.083991,0.054417,-0.130325,-0.013879,0.251182,0.338073,#
6,0.197387,-0.005255,-0.093895,-0.146852,0.170567,0.101547,1.0,0.215159,0.482671,-0.23637,0.137847,0.093912,0.190203,-0.135097,0.19992,0.027692,-0.171018,-0.26968,-0.081484,0.024791,-0.085395,0.326197,0.152942,-0.559354,0.008893,-0.028668,0.004544,-0.439319,0.168175,0.235823,-0.221123,-0.097793,-0.066097,-0.045807,-0.015505,0.145568,0.192022,-0.426945,0.021084,0.444083,0.164223,-0.019093,-0.285936,-0.294265,-0.261088,0.348961,-0.264075,0.174202,0.12437,0.2236,0.392183,-0.120656,0.019718,-0.004339,0.062577,0.118857,0.125822,0.30457,0.127619,0.177606,0.287103,0.037373,-0.368464,0.188401,0.241923,0.050578,-0.144126,-0.030155,0.040044,-0.197663,0.065164,-0.315667,0.21798,-0.319791,-0.581502,0.28787,-0.190664,-0.338912,-0.406821,-0.217259,-0.318846,-0.334652,-0.172395,-0.508308,-0.295125,-0.250643,-0.319791,-0.095834,-0.328512,-0.1527,-0.402765,-0.336898,-0.155012,-0.057825,-0.60541,-0.265385,-0.194769,-0.589273,-0.227778,-0.224787,-0.084425,-0.15209,-0.318717,-0.28375,-0.16311,0.031345,0.304434,0.000427,-0.399042,0.091344,0.023177,-0.01008,-0.330653,-0.441721,0.005566,-0.217075,-0.185411,-0.072956,0.124058,-0.379315,-0.167811,-0.388273,0.097414,-0.479026,-0.062622,-0.062491,-0.343661,-0.164984,-0.386451,-0.286202,-0.396037,-0.07488,-0.307019,-0.188171,-0.29561,-0.285173,0.065999,-0.096204,-0.034645,-0.498765,-0.35829,0.04748,-0.265394,-0.072318,-0.206679,-0.377513,-0.467735,0.727273,0.044348,-0.505153,-0.211418,-0.511082,-0.454768,-0.136324,-0.199255,-0.279719,-0.165659,0.234694,0.083001,-0.559104,0.240679,-0.238012,-0.431925,-0.288448,0.004592,0.140511,-0.031744,0.031509,-0.083467,-0.024608,0.066056,-0.096355,0.075203,-0.147486,0.162547,-0.387525,-0.104671,0.690391,0.434006,-0.118747,0.343815,0.633867,0.042867,-0.211988,0.619276,-0.06695,-0.162528,-0.108648,-0.16181,0.537625,0.047603,-0.025352,0.5062,0.206559,-0.351829,0.274387,0.602075,-0.364407,-0.31115,0.120435,#
7,-0.181197,-0.049961,-0.137236,-0.481036,-0.177024,0.267233,0.215159,1.0,-0.095132,-0.411931,-0.369944,-0.016332,-0.100892,0.034956,0.19522,-0.122979,0.146186,-0.112997,-0.134098,0.079301,0.109255,0.549563,-0.150416,-0.099098,-0.008797,0.167253,0.369202,0.118558,-0.434872,-0.304084,-0.09546,0.47692,0.207794,0.071236,-0.05531,0.155584,0.067485,-0.28594,0.239777,-0.058129,0.03696,0.021175,0.24752,-0.182696,-0.287723,0.22474,-0.014633,0.034098,-0.301692,-0.046312,0.294892,-0.138794,0.038246,-0.164563,-0.134732,0.175347,0.304446,0.180157,-0.044862,0.327047,-0.086041,0.283358,-0.089409,0.517611,0.246546,0.23996,-0.19742,0.17389,0.025533,-0.421795,0.150261,0.161567,-0.207183,0.009324,-0.039168,-0.236311,0.306574,0.312124,-0.231631,0.14764,0.163734,0.172864,0.168425,-0.016787,0.298786,0.238618,0.158597,0.073088,0.144646,0.169977,-0.039168,0.143237,0.30699,-0.248053,0.04476,0.22495,-0.20623,0.084703,-0.22101,-0.146964,0.11847,0.048805,-0.131838,-0.013714,-0.017413,0.072665,0.064044,-0.165844,0.087517,-0.1329,-0.187383,-0.13495,-0.006065,0.023877,0.336668,0.155561,-0.012005,0.094515,-0.058924,-0.04287,-0.128255,-0.018167,-0.085488,0.117473,-0.035259,0.119262,0.116803,-0.42266,0.011139,0.02958,-0.071096,-0.081604,0.078689,-0.170532,0.283623,-0.151728,0.078823,0.071877,0.095338,-0.115707,-0.198883,-0.166108,-0.081783,0.056344,-0.01888,-0.089882,0.006843,0.028631,0.05045,-0.013011,0.012087,-0.073352,0.187988,0.027958,0.354682,-0.06472,-0.123478,-0.207193,-0.085488,-0.063813,0.325591,-0.257519,0.030895,0.049161,0.35496,0.013102,0.180148,0.148899,-0.05547,0.311197,0.099234,-0.035672,0.234025,0.042242,-0.333868,0.048628,0.048742,-0.084726,-0.018313,-0.341096,0.024866,-0.175207,0.190846,-0.209218,-0.143628,-0.120755,-0.176405,0.14323,0.095169,0.031081,0.216987,0.173326,-0.009826,-0.331097,0.069234,0.168312,-0.178227,0.035888,0.093483,-0.057419,#
8,0.190197,0.012249,-0.250893,-0.191491,-0.089789,0.063472,0.482671,-0.095132,1.0,-0.024871,0.097444,0.145824,0.159584,0.00975,0.337828,-0.029593,-0.443541,-0.046015,0.248394,-0.194534,-0.191779,0.044272,0.300857,-0.378426,0.256996,-0.283551,-0.082503,0.130731,0.497251,0.194355,-0.161751,-0.087737,0.184323,-0.002305,-0.17216,0.270363,0.21963,-0.219957,-0.149437,0.240783,0.125646,-0.244009,-0.258603,-0.085431,-0.145011,0.040155,0.099593,0.044345,0.261361,0.357992,0.007101,-0.044091,-0.01844,0.11731,0.245844,-0.06599,0.169442,-0.057715,0.373641,-0.090868,0.10861,-0.115957,-0.143579,0.173244,-0.123457,-0.000567,0.211913,-0.170432,0.134549,-0.028259,-0.030449,-0.246534,0.211558,-0.179549,-0.248231,-0.016945,-0.149297,-0.288687,-0.21592,-0.379667,-0.150033,-0.344936,-0.312363,-0.274929,-0.142635,-0.06466,-0.130041,-0.236459,-0.303366,0.017694,-0.248231,0.021186,-0.435587,0.313242,-0.246311,-0.061201,-0.171987,-0.580811,0.161116,-0.214522,-0.192628,-0.204471,-0.282123,-0.241563,0.061801,-0.018425,-0.166778,0.105395,-0.224637,0.158371,-0.04321,0.142174,-0.166098,-0.207807,-0.147085,-0.47411,-0.173299,-0.032463,0.307749,-0.230133,-0.227611,-0.429624,0.264668,-0.477504,-0.089939,-0.051653,-0.114554,-0.105824,-0.107854,-0.421136,-0.228535,-0.022377,-0.120379,0.133337,-0.315095,-0.096396,-0.258104,-0.072702,0.182549,-0.127316,-0.27588,0.014874,-0.480291,-0.185055,-0.219731,-0.058595,-0.119534,0.288402,0.07464,-0.320465,-0.026869,-0.34598,-0.421136,-0.256756,-0.04866,-0.347511,0.115688,0.519777,0.055298,-0.320502,0.15977,-0.146797,-0.21758,-0.119071,0.007362,0.060902,-0.095759,0.024382,-0.12917,0.016522,-0.152545,0.346561,0.138564,-0.475412,0.285429,-0.437895,-0.208087,0.471668,0.234649,-0.049734,0.354267,0.526952,-0.059977,-0.142434,0.411102,-0.010352,-0.230091,-0.115131,-0.250065,0.146824,-0.096458,-0.097587,0.402667,0.129909,-0.427814,0.088698,0.544658,-0.206974,-0.004566,0.09336,#
9,0.123994,0.370575,0.359448,0.109251,0.108086,-0.215338,-0.23637,-0.411931,-0.024871,1.0,-0.041452,-0.070227,0.204549,0.055136,-0.09524,0.012125,-0.318786,0.347646,0.045929,-0.113864,0.075808,-0.309831,0.146712,0.077435,0.032894,-0.061049,-0.337534,0.042221,0.070971,0.281025,-0.303209,0.128753,-0.09649,0.136727,-0.284043,-0.013728,0.096444,0.057392,-0.04651,-0.165843,0.043077,0.304515,0.165432,0.267246,0.295676,-0.297126,0.097459,0.461101,0.17838,0.284711,-0.272953,0.015953,0.08873,0.229015,-0.247746,-0.216159,-0.070179,-0.18978,-0.090286,-0.062637,0.064508,-0.005338,-0.272205,-0.223658,0.183644,0.005852,0.009341,0.326936,-0.058947,-0.208108,0.18772,-0.164642,-0.030124,0.088992,0.012332,0.343503,-0.210624,-0.300132,0.05215,-0.100772,-0.058972,-0.071592,-0.195211,0.087007,-0.262064,-0.126943,-0.213151,-0.105813,-0.154557,-0.234599,0.026215,-0.09484,-0.12447,0.17859,-0.145661,0.11644,0.272787,-0.157306,0.205251,-0.279869,-0.185491,-0.152835,-0.219932,0.033105,-0.204124,-0.058195,-0.128356,-0.237478,-0.16131,-0.055972,0.502328,0.174671,-0.064592,-0.231871,-0.220353,-0.07756,-0.239362,-0.280043,0.196757,-0.220262,0.029902,0.187248,-0.058316,0.044466,-0.050094,-0.110665,-0.297378,-0.086976,-0.187989,0.195407,0.190716,-0.063306,0.120353,0.754094,-0.072872,0.192185,-0.00736,-0.138443,0.264277,-0.276618,0.191863,0.205693,-0.070184,-0.153713,0.018617,0.048015,-0.012264,0.152346,-0.382249,0.101444,-0.588145,0.159608,0.183041,-0.128016,-0.349118,0.195407,0.293329,0.389957,-0.247511,0.011669,-0.31545,0.026025,0.101395,0.131138,0.082735,0.272145,-0.476995,-0.280691,0.013807,-0.207189,0.180501,0.089155,-0.221599,-0.213292,0.258055,0.022582,-0.05568,-0.13194,-0.191923,-0.067514,0.021796,-0.121134,-0.432738,0.364072,-0.219189,0.037115,0.139225,-0.282509,-0.336312,0.203182,-0.023291,0.000483,-0.14775,0.095774,-0.095388,-0.294649,0.102973,0.04025,0.351179,-0.193087,#
10,-0.234272,-0.232275,-0.216167,0.34352,-0.041786,0.045807,0.137847,-0.369944,0.097444,-0.041452,1.0,-0.048347,-0.223183,-0.027269,0.296831,0.057194,-0.190902,-0.279542,-0.208958,0.072814,-0.010372,-0.117229,-0.076801,-0.019235,0.204276,0.330835,0.057081,-0.20085,0.418221,0.115462,0.186203,-0.374105,-0.063527,-0.037212,0.18296,-0.301329,-0.253411,-0.02338,0.182426,0.398833,-0.395383,-0.103122,-0.279229,0.238047,0.334237,0.125233,-0.452154,-0.201417,0.427628,-0.249395,0.014029,0.220984,-0.033713,0.241389,0.370844,0.388918,0.083494,-0.316647,0.142756,0.095262,0.181681,-0.106702,-0.047435,-0.073799,-0.145125,-0.176909,0.050146,-0.219154,-0.518509,0.16477,-0.107143,0.00458,0.420598,0.026054,-0.033658,0.152078,-0.167889,0.223352,-0.029231,0.000396,-0.414513,0.030852,0.195537,-0.360764,-0.112871,-0.193971,0.196662,0.095078,-0.113797,-0.309604,-0.026611,-0.296614,0.068967,-0.202517,0.087919,0.120841,-0.001219,-0.200146,-0.368286,0.102549,-0.172861,0.223352,0.115172,-0.064274,0.038129,0.10048,0.085801,-0.143784,-0.030329,0.228475,-0.121773,-0.025741,-0.316243,0.129562,-0.292405,-0.009429,0.046677,-0.046887,-0.319145,0.11226,0.267573,-0.013269,0.289494,0.099984,0.226588,0.191731,0.221972,0.290713,-0.246606,-0.073943,-0.027248,-0.17878,-0.486399,-0.211136,-0.283648,0.23548,0.055329,-0.232229,0.248448,0.076356,-0.116536,0.190368,-0.027621,-0.069106,-0.014787,-0.134349,-0.080589,-0.262552,0.587907,-0.137376,0.207244,-0.065834,-0.246729,-0.094862,-0.03062,-0.099049,-0.283595,0.025464,0.27472,0.028195,-0.093928,-0.153829,-0.188665,-0.293603,-0.57323,-0.235089,-0.053382,0.185315,0.402159,-0.432889,0.004803,-0.53851,-0.165493,0.065895,0.350805,-0.001578,-0.215205,0.005658,0.073672,0.197564,-0.064957,0.359077,0.183962,0.331219,0.050556,0.003805,0.111319,-0.30748,0.20603,0.065181,-0.094574,0.223939,-0.028648,-0.082963,-0.142998,-0.257784,0.068838,0.02067,-0.186208,0.049544,#
11,0.189346,0.156768,-0.153322,-0.10698,0.144316,-0.056754,0.093912,-0.016332,0.145824,-0.070227,-0.048347,1.0,-0.09808,-0.499154,0.098489,0.386131,0.214558,-0.357401,-0.216192,-0.241955,-0.318718,0.018746,-0.432958,0.084793,0.179402,0.250164,-0.239196,-0.015967,0.117977,0.439599,-0.186195,0.018785,-0.226035,-0.067227,0.159278,0.110286,-0.528864,0.066161,-0.156967,0.422509,-0.117213,-0.220751,-0.316067,-0.378511,-0.116336,0.236142,-0.363142,-0.298705,-0.21214,0.202044,-0.259559,-0.316845,-0.074634,0.240695,0.199537,0.048491,-0.095343,0.075047,-0.092885,0.121736,-0.434782,-0.210172,0.158461,0.179231,0.371337,-0.483625,-0.084215,-0.2622,-0.252767,-0.330957,-0.020513,-0.018105,0.166722,-0.295372,-0.282677,-0.231649,-0.195184,-0.052184,-0.070094,-0.078954,-0.245925,-0.299289,-0.300997,-0.038141,-0.136113,-0.187824,-0.111272,-0.431886,-0.054687,-0.108819,-0.064626,0.079733,-0.062267,-0.349352,-0.056088,0.00508,0.010833,-0.361927,-0.066223,0.259669,0.1469,-0.181083,-0.139285,-0.173577,-0.113899,-0.029764,0.17789,0.12402,-0.168748,0.077148,-0.495716,-0.033547,-0.299671,0.189646,-0.308591,-0.415409,0.089509,0.026032,-0.485627,0.202119,-0.309981,-0.268157,-0.34711,0.102803,0.194403,-0.289179,0.13341,-0.445471,-0.416026,0.039723,-0.355737,-0.087729,-0.140974,-0.089013,-0.363197,-0.140423,-0.180497,-0.434639,-0.417189,-0.124413,0.139889,0.306324,-0.138535,0.072185,-0.489498,-0.487104,-0.147026,-0.119985,-0.20648,-0.106349,0.038661,-0.289696,-0.147026,0.053336,-0.284873,-0.274015,-0.387642,-0.168916,-0.11853,0.053506,-0.039241,-0.136768,-0.005699,-0.42048,-0.238332,-0.072134,0.075769,0.277487,0.238959,-0.320515,0.185782,-0.055274,-0.130721,-0.011481,0.385444,-0.421399,-0.191541,-0.014093,-0.164341,-0.051936,0.250611,-0.051279,0.607321,0.120504,0.234766,0.079315,0.113013,0.223196,0.327581,0.111728,-0.024551,0.321569,0.216179,0.090512,-0.41507,0.360211,0.032858,-0.208349,-0.379588,-0.131875,#
12,0.417503,0.180424,-0.126669,-0.227165,0.106369,-0.271161,0.190203,-0.100892,0.159584,0.204549,-0.223183,-0.09808,1.0,0.157839,0.01172,0.033659,-0.20817,0.063973,0.109274,0.191242,-0.260828,0.157477,0.43205,-0.41298,-0.321161,-0.353899,-0.101726,0.002512,0.30141,-0.135315,-0.623454,0.022202,-0.039876,-0.046496,0.14193,0.162171,0.3882,-0.095259,0.021771,-0.241849,0.508434,0.332409,-0.10619,-0.130462,-0.105446,0.013514,0.469037,0.411868,0.048156,0.206289,0.031637,-0.091692,0.210076,-0.093307,-0.168471,-0.004969,0.322549,-0.011756,-0.005289,-0.116054,0.247671,-0.193091,-0.026407,0.003676,0.096088,0.3092,0.295678,0.119905,0.404748,-0.227435,0.304305,-0.27011,-0.009189,-0.191538,-0.077768,0.223222,0.130067,-0.511927,0.103346,-0.247027,-0.161746,-0.191201,-0.347753,-0.338828,0.050795,0.215232,-0.346567,-0.118023,-0.009028,0.1591,-0.416758,-0.185219,-0.33131,0.241621,-0.147287,-0.269367,0.111339,-0.28248,0.114337,-0.575464,0.379233,-0.169766,-0.361305,-0.321919,-0.188113,0.039206,0.023671,0.07135,-0.419267,0.023259,0.32727,-0.062577,-0.022538,-0.453137,-0.158536,-0.240736,-0.682875,0.096345,0.427402,-0.424346,0.143099,-0.426586,0.050795,-0.332408,-0.02894,0.060891,-0.511056,-0.078327,0.083311,-0.137308,-0.261804,0.068829,0.062209,0.301588,-0.307714,0.012102,0.039061,0.062782,-0.068514,-0.34263,-0.349307,-0.194732,-0.130717,0.063979,-0.050098,-0.099234,-0.474399,0.409434,-0.341809,-0.208699,-0.243889,-0.36199,-0.143599,0.021358,-0.049402,0.193493,0.279859,0.380127,-0.126884,-0.234693,-0.157003,-0.054406,-0.446557,0.022445,0.164682,-0.05429,-0.205687,-0.221222,-0.274736,0.127517,-0.007221,0.2807,0.245504,-0.172562,0.269147,-0.025766,0.220671,0.348345,0.079907,-0.311715,0.301675,0.280855,-0.345452,-0.26053,0.175994,-0.117566,0.238174,-0.107236,-0.627,0.329055,0.030853,-0.226385,0.154335,0.286256,-0.203642,0.145338,0.416751,-0.227436,-0.120203,0.144567,#
13,-0.022468,-0.028782,-0.101496,-0.188309,0.140354,0.279434,-0.135097,0.034956,0.00975,0.055136,-0.027269,-0.499154,0.157839,1.0,0.206579,-0.156554,-0.010444,0.086894,0.210033,0.185085,-0.101021,0.056976,0.483671,-0.229044,-0.308598,-0.512148,0.249803,0.476208,0.151379,-0.314264,0.019211,0.414534,0.211133,-0.091112,-0.085401,-0.051805,0.1753,0.225848,0.081268,-0.525084,0.321344,0.257666,0.041151,0.269565,-0.151318,-0.465759,0.440542,0.296316,0.074308,0.046637,0.09379,0.094484,0.007106,-0.260206,-0.345254,-0.24895,0.057152,0.06497,-0.153422,-0.059047,0.229291,-0.090186,-0.067535,0.022883,0.134453,0.47917,0.283092,0.469666,0.313752,0.145579,0.029373,-0.287093,0.230419,-0.343545,-0.067307,0.213904,0.141668,-0.154709,-0.073948,-0.033593,-0.149817,-0.175742,-0.015805,-0.13785,-0.123842,0.058255,-0.004427,0.044295,-0.164845,-0.013305,0.112776,-0.153034,-0.329031,0.275448,0.04899,-0.111225,-0.064712,0.086375,0.167482,-0.45908,0.130048,0.171285,0.071136,-0.144008,0.017772,-0.144769,-0.19155,-0.267855,-0.071901,0.031071,0.411735,0.225547,-0.012863,-0.094871,-0.008795,0.088557,-0.169445,-0.078335,0.270396,-0.066447,0.136291,-0.064368,-0.120425,0.010484,0.124624,0.090095,-0.325162,0.18464,-0.019077,0.013108,-0.065845,0.234842,-0.112475,0.296908,0.066182,-0.166538,-0.240373,-0.089805,0.186336,0.069568,-0.165305,-0.175342,0.050518,-0.34854,-0.050992,0.179105,0.022543,-0.019201,0.050353,0.14041,-0.018427,-0.103922,0.022543,-0.12835,0.126073,0.350239,0.473765,0.355576,-0.134947,-0.035258,-0.040857,-0.215275,0.086201,0.216179,0.167554,0.135514,0.224253,-0.180951,-0.267754,0.443,0.023736,0.158515,-0.087658,-0.324752,-0.053247,0.18318,-0.114095,-0.121659,0.279673,-0.251497,0.292515,-0.265366,-0.326408,-0.093957,-0.111303,0.03113,0.159419,-0.297855,-0.30033,-0.002322,0.036498,-0.20706,0.007204,0.021236,0.327743,0.012552,0.102068,0.007858,0.117345,0.118176,#
14,-0.190608,-0.015145,-0.597241,-0.452762,-0.149425,0.598201,0.19992,0.19522,0.337828,-0.09524,0.296831,0.098489,0.01172,0.206579,1.0,0.032489,-0.325313,-0.253975,-0.126144,0.191268,-0.09437,0.436654,0.161154,-0.241676,0.172036,0.114662,0.175924,0.304721,0.343135,0.070321,0.002899,0.378878,0.191814,0.08196,-0.2037,-0.036564,0.01153,-0.060212,0.435315,0.271333,-0.165302,0.304851,-0.118867,-0.056558,-0.279424,0.199731,0.030419,-0.237819,0.190788,0.046637,0.09379,-0.117135,0.007106,-0.295887,0.04449,0.240706,0.057152,0.06497,-0.202015,0.3915,0.286368,-0.090186,0.015921,0.52615,0.220358,0.125465,-0.143166,0.166147,-0.103505,-0.089417,0.069164,-0.146477,0.437079,-0.207525,-0.257983,-0.278883,0.119855,0.136291,-0.254647,-0.230266,-0.178334,-0.191667,-0.194737,-0.508196,-0.142207,0.042388,-0.033122,-0.296297,-0.17118,-0.013305,-0.244131,0.155612,-0.329031,0.101207,0.033055,0.034481,-0.225162,-0.420795,-0.034747,-0.138016,-0.107501,0.158761,-0.31714,-0.302173,0.001785,0.19424,-0.220709,-0.100015,-0.078335,-0.26823,-0.166397,-0.007826,-0.361109,0.053555,-0.488776,-0.241393,-0.179075,-0.078335,-0.083261,-0.23368,-0.020259,-0.247501,0.061092,-0.144714,-0.065385,0.073726,0.1409,-0.083511,-0.482304,-0.295354,-0.08212,-0.241825,-0.323772,0.045011,-0.492684,-0.010266,-0.240373,-0.266803,0.222314,0.051144,-0.017576,-0.39475,-0.456254,-0.074549,-0.229641,-0.314579,-0.141123,-0.074605,0.365551,-0.354722,-0.030287,-0.345265,-0.141123,0.011639,-0.063962,-0.134228,0.162937,0.164382,-0.153312,-0.052014,-0.177429,-0.222142,-0.252786,-0.141785,-0.168957,-0.030418,-0.0089,0.28497,-0.088153,-0.037555,0.065947,-0.099648,0.050897,-0.169705,0.491366,-0.030287,-0.114095,0.197604,0.262545,-0.274903,0.487628,0.287304,0.039939,0.093907,0.069556,0.019607,0.332339,-0.112429,-0.157035,0.177615,-0.305082,0.139531,0.016229,-0.305377,-0.165006,-0.036971,0.110952,-0.212688,0.172987,0.102528,#
15,-0.202432,0.028318,-0.31939,0.029393,-0.192643,-0.078997,0.027692,-0.122979,-0.029593,0.012125,0.057194,0.386131,0.033659,-0.156554,0.032489,1.0,-0.001973,-0.122925,0.301619,0.228847,0.079245,0.121439,-0.353878,0.056042,-0.210732,0.280728,-0.188227,-0.205139,-0.016033,0.004234,-0.215385,0.032407,-0.031097,0.089762,0.527199,-0.077838,-0.241287,0.098749,-0.294681,0.102809,0.184622,0.042675,-0.128048,-0.237038,0.04031,0.146911,-0.412708,-0.247766,0.047909,-0.140454,-0.041084,0.117977,-0.204567,0.122137,-0.284648,0.136534,-0.00173,-0.101399,-0.049041,0.061122,-0.121824,-0.089204,-0.073848,0.216841,0.342188,-0.40405,0.091784,-0.096438,0.062977,0.210601,-0.090799,0.226408,0.219606,-0.011754,0.1217,-0.143596,-0.207618,-0.205053,0.307768,-0.062936,-0.124087,-0.186363,-0.016029,-0.330604,0.037738,0.086014,-0.224262,-0.110745,-0.017281,0.310895,0.309782,-0.031453,0.143913,-0.266555,0.013933,0.028285,0.10209,-0.45296,-0.433197,0.109011,0.321696,-0.031931,-0.156505,0.136661,-0.038832,0.204959,-0.228989,-0.102929,-0.109265,0.036558,-0.210055,-0.298102,-0.010829,0.202673,-0.02258,0.079373,0.135073,0.250868,-0.378368,0.372826,0.200822,0.131554,0.056473,0.143578,0.293115,-0.04087,0.129546,-0.020875,-0.010379,0.171618,-0.078431,0.057554,-0.125262,0.013133,-0.137198,0.164826,-0.238399,-0.266121,-0.222818,0.033742,0.124223,0.015373,0.010387,0.215721,-0.228545,0.088537,-0.003108,-0.110686,-0.170187,-0.051242,0.154349,0.104671,0.010537,0.031155,0.117135,0.010537,-0.357735,-0.082242,0.044875,0.092711,-0.581834,-0.101769,-0.144234,-0.169513,-0.2927,0.156226,0.012103,0.103426,0.04855,0.160699,-0.133198,0.252217,-0.244936,0.199759,0.089839,-0.22533,0.052677,-0.097754,-0.37892,0.253777,0.132102,0.103943,0.226195,0.234221,0.210874,-0.188115,0.142739,0.126478,0.343619,-0.080356,-0.183263,0.093056,-0.153647,0.109566,-0.166548,0.112417,0.290754,0.17012,-0.314661,-0.270927,#
16,0.160157,-0.024976,0.186307,0.280596,0.451025,0.058268,-0.171018,0.146186,-0.443541,-0.318786,-0.190902,0.214558,-0.20817,-0.010444,-0.325313,-0.001973,1.0,-0.319713,-0.150197,-0.266604,-0.426235,0.124565,-0.22122,0.098702,-0.312222,-0.179068,-0.122005,-0.196543,-0.276913,-0.146307,0.176659,0.251646,-0.0431,-0.249972,-0.069332,-0.268661,-0.303866,0.244103,0.021613,-0.064563,-0.008115,-0.061452,0.043998,0.068074,-0.126565,-0.036196,-0.110031,-0.146126,-0.266769,-0.095736,0.193985,0.04176,0.001742,-0.024312,0.116528,-0.112893,-0.233087,0.053527,-0.424014,0.014994,-0.188,-0.313088,0.169241,0.10674,0.106102,-0.058095,0.100943,-0.122638,-0.100086,0.118964,-0.332548,0.161962,0.186681,-0.318784,-0.206881,0.075485,-0.187154,0.032519,-0.052258,0.325079,-0.18182,0.015435,0.017653,0.388333,0.088704,-0.10497,0.035517,-0.243765,0.00227,-0.165562,-0.018735,-0.005131,0.16998,-0.422065,0.079596,-0.074083,-0.032667,0.285162,-0.241768,0.062012,0.276666,-0.147231,0.267172,0.176939,-0.178693,-0.508312,0.305621,-0.179028,-0.054317,0.234658,-0.258915,-0.05612,-0.168917,0.075186,-0.156653,0.114138,0.339164,-0.24563,-0.242939,0.335368,-0.327339,0.162286,-0.302856,0.148394,-0.062039,0.113876,-0.15432,-0.02297,0.040415,0.194423,-0.235716,0.102396,-0.322388,-0.256357,0.081928,-0.280683,0.359046,-0.434119,-0.669234,0.081774,0.133837,0.26712,0.247905,-0.054097,-0.217358,-0.077587,-0.117152,-0.099068,-0.110326,0.175856,0.029736,0.142085,0.032474,-0.132781,-0.179257,-0.300577,-0.366774,-0.278567,0.095748,-0.034765,0.050663,0.134131,-0.094218,-0.150314,0.000811,-0.021721,0.20038,-0.112068,0.12947,0.128755,0.18799,-0.176715,-0.10674,0.209063,-0.39109,0.022214,-0.119808,-0.463061,-0.2269,0.24551,-0.167188,-0.292613,0.587523,-0.04653,-0.004261,-0.131793,0.272534,0.115111,0.246211,-0.210459,0.213809,0.153504,0.161633,0.249286,0.161926,0.131923,-0.237202,0.204944,-0.421838,0.085292,#
17,0.063457,0.189754,0.148248,0.037827,-0.215718,-0.311746,-0.26968,-0.112997,-0.046015,0.347646,-0.279542,-0.357401,0.063973,0.086894,-0.253975,-0.122925,-0.319713,1.0,0.152067,0.229906,0.197042,-0.229972,0.396058,0.118323,0.291988,-0.1591,0.059591,0.244053,-0.281883,-0.06275,0.075995,-0.023365,0.244213,0.416699,-0.190793,0.006323,0.445442,-0.052447,-0.010299,-0.2984,0.028256,0.223287,0.616616,-0.108722,-0.032007,-0.319826,0.436987,0.226975,-0.109237,0.003304,0.148788,0.260195,-0.467521,0.009069,-0.168769,-0.122741,0.025516,-0.095075,0.071252,-0.279989,-0.171519,0.036008,-0.272066,-0.242859,-0.323965,0.070683,0.265099,0.319538,0.436814,-0.010243,0.060859,0.089065,-0.376783,0.309482,0.44795,-0.090259,0.040013,-0.097423,0.220008,0.072705,0.269662,0.156673,0.151311,0.310864,-0.092331,0.246574,-0.154793,0.436415,0.276328,0.098973,0.247086,0.128197,0.035639,0.575602,0.236946,0.045308,0.194426,0.306174,0.285361,-0.214736,-0.25459,-0.317908,0.066086,0.318439,0.289315,0.193313,-0.27684,-0.021666,-0.092363,-0.039692,0.355286,0.167471,0.689911,0.026984,0.260443,0.1871,-0.223968,-0.087972,0.584451,-0.305758,0.044011,0.077099,-0.059632,-0.22285,-0.218008,0.003921,0.040879,-0.201889,0.17511,-0.226512,0.371733,0.119504,0.531712,0.232772,0.07687,0.134478,-0.185487,0.439306,0.334519,0.118674,0.109235,-0.112158,0.176701,-0.176941,0.054594,0.290524,0.156144,-0.071761,-0.168218,0.246722,-0.33461,0.238145,0.156986,0.194764,0.059199,0.156986,0.538059,-0.084314,-0.270194,0.208077,0.004768,0.417038,0.36649,0.632428,0.146674,0.382357,0.114959,0.011231,-0.582175,0.043987,-0.293921,0.415269,0.07278,-0.17964,-0.33155,-0.03672,0.473558,-0.017645,0.123078,0.227537,-0.22919,-0.268527,-0.724235,-0.100899,-0.040755,0.197851,-0.343368,0.036007,-0.384671,0.002653,-0.24896,-0.222634,-0.258425,-0.050254,0.110021,-0.244411,-0.023815,-0.033507,0.38643,-0.302821,#
18,0.013222,0.25105,-0.110534,0.14402,-0.064213,-0.210221,-0.081484,-0.134098,0.248394,0.045929,-0.208958,-0.216192,0.109274,0.210033,-0.126144,0.301619,-0.150197,0.152067,1.0,-0.030452,0.337853,-0.137493,-0.036832,-0.040924,-0.29639,-0.200268,-0.072697,0.169543,0.099952,-0.29034,-0.202498,0.018034,0.09695,0.151367,0.005978,-0.069474,0.322388,0.315506,-0.317251,-0.361928,0.415827,-0.290564,0.083133,-0.096839,-0.188172,-0.180399,0.141809,-0.091804,0.285986,-0.057588,-0.219138,0.267006,-0.203496,-0.04274,-0.181036,-0.23453,-0.107995,-0.037685,0.040071,-0.351115,0.173066,-0.107282,-0.037785,-0.002481,-0.161391,-0.001344,0.37797,-0.057262,0.214338,0.396181,-0.260163,0.094595,0.016254,0.096242,0.333655,-0.120532,0.074501,-0.158826,0.489385,-0.04775,0.085485,0.083975,0.215665,-0.192967,0.05186,0.014157,-0.161684,0.177401,0.073281,0.453586,0.496039,0.074194,-0.111991,0.205129,-0.021304,0.095724,0.091152,-0.010812,-0.015289,0.110306,0.145858,0.016521,0.015727,0.053533,-0.241267,0.210258,-0.386276,-0.065012,0.131226,-0.034077,0.0129,0.03392,0.283477,0.093346,0.131051,0.15956,0.224411,0.318735,0.198848,0.183303,0.384111,0.312683,0.255172,-0.006328,0.091967,0.149791,0.015468,0.315722,0.464493,0.319367,0.174438,0.45977,0.076351,-0.005324,0.22097,0.325423,-0.331441,0.052362,-0.018914,0.020126,0.04587,-0.038728,-0.175192,0.212443,0.314156,0.344221,0.337493,0.095781,-0.319395,0.05525,0.125907,0.254875,0.174732,0.032977,0.326756,0.041193,-0.02714,0.284679,0.206412,-0.11179,-0.211781,0.063153,-0.161262,-0.059071,0.261772,0.156154,0.03846,-0.200371,-0.124404,0.581643,-0.627535,0.564233,-0.042858,0.059352,-0.358994,0.118932,0.191316,0.093874,-0.192775,0.181922,-0.050999,0.002677,-0.0687,-0.16694,0.191804,-0.183994,0.062775,0.041309,-0.159286,-0.403749,-0.131244,-0.261049,-0.06495,0.096112,-0.172432,-0.247077,0.203456,-0.065431,0.062343,-0.075671,#
19,-0.278081,-0.094665,-0.279438,-0.089911,-0.502708,0.124436,0.024791,0.079301,-0.194534,-0.113864,0.072814,-0.241955,0.191242,0.185085,0.191268,0.228847,-0.266604,0.229906,-0.030452,1.0,0.13883,0.260651,0.105543,-0.038638,0.024871,-0.027825,0.315612,0.048469,-0.121181,-0.091659,0.110749,-0.053923,0.408486,0.008157,0.392595,-0.366639,-0.007462,0.212258,-0.20611,-0.224113,0.183444,0.445942,-0.133609,-0.130173,-0.093005,0.051489,0.181362,0.095491,0.26443,-0.079807,0.29553,0.23076,-0.30491,-0.249578,-0.416252,0.446472,0.08143,-0.128158,0.075448,-0.122631,0.075314,0.093703,-0.00218,0.103873,0.052616,0.016044,0.233852,0.355835,0.04904,0.172352,0.1542,0.052348,-0.059294,0.144779,0.257086,-0.074865,0.298831,0.197402,0.066091,0.089417,-0.031624,0.309929,0.304279,-0.246802,0.336515,0.517115,-0.074493,0.372905,0.062901,0.133573,0.263947,-0.191309,-0.128875,0.049216,0.36892,0.276955,0.454693,0.061566,0.061314,-0.241603,-0.059637,-0.14121,-0.198987,0.038118,0.275859,0.502634,-0.142198,0.20292,-0.143076,-0.106359,0.384277,-0.351977,0.17252,-0.200498,0.28089,0.154226,-0.01805,0.198492,0.061145,-0.155887,0.191199,0.087204,0.1309,-0.109047,-0.023144,0.229939,0.024662,0.184638,0.10867,-0.113523,0.079637,0.127988,0.171766,0.009901,-0.030746,0.185323,-0.281484,0.357239,0.092661,0.33132,0.195491,-0.541757,-0.034294,-0.03758,0.040998,0.041056,0.045366,-0.141594,0.28677,0.132329,0.253475,-0.208212,0.220072,0.414776,0.251315,0.508733,0.291858,-0.389116,0.325092,0.378361,-0.229854,0.053304,-0.041814,0.481076,-0.005469,-0.00425,0.351255,0.373606,-0.192979,0.131828,-0.16717,-0.162962,0.284201,0.173911,0.070026,0.473064,0.482208,0.031065,0.116187,0.118946,-0.027085,0.027268,-0.415106,-0.293337,0.100995,0.008078,-0.196055,0.215392,-0.137322,0.176749,-0.046351,-0.127022,-0.142801,-0.369815,-0.140026,-0.127894,0.104242,-0.131171,-0.008066,8.9e-05,#
20,-0.371314,-0.037805,0.074135,0.020534,-0.341014,-0.033936,-0.085395,0.109255,-0.191779,0.075808,-0.010372,-0.318718,-0.260828,-0.101021,-0.09437,0.079245,-0.426235,0.197042,0.337853,0.13883,1.0,-0.165705,-0.271044,0.001163,0.074342,0.404825,0.113199,-0.096873,-0.155983,0.034338,-0.041491,-0.217531,-0.022476,0.318225,0.005091,0.109758,-0.003816,0.108859,-0.047363,-0.137892,-0.102258,-0.211051,0.248422,0.06344,0.190007,0.077963,-0.283612,-0.17494,0.084212,-0.306033,-0.125094,0.061171,-0.176475,0.122369,-0.165747,0.140126,0.079849,0.037549,0.116071,0.053248,0.057766,0.500679,-0.038289,-0.265187,-0.204759,-0.074523,-0.324575,0.186507,-0.144436,0.009384,-0.078611,0.201714,-0.167888,0.455261,0.497375,0.0422,0.243352,0.270449,0.36962,-0.031147,0.277744,0.270246,0.336496,-0.128212,0.04209,-0.125601,0.147899,0.387888,0.22622,0.453433,0.497375,0.111474,0.464918,0.046735,0.045176,0.344596,0.084118,0.202949,-0.101014,0.352416,-0.280709,0.270842,0.100774,0.189355,-0.01046,0.302863,-0.147711,0.072091,0.39466,-0.359592,0.110531,-0.03562,0.27867,0.182014,0.440285,0.339576,0.284453,0.452741,-0.138738,0.185072,0.464356,0.491879,0.263281,0.301058,0.031447,-0.072544,0.467365,0.231218,0.210073,0.317658,0.576163,0.02905,0.244523,-0.159269,0.433756,0.505832,-0.219411,0.497404,0.313676,0.0627,0.114312,-0.086464,-0.024287,0.371795,0.481993,0.200758,0.614263,-0.0739,0.05121,-0.031177,0.187714,0.36372,0.482009,0.135163,0.289374,0.143639,-0.068026,-0.102482,0.050282,0.054912,-0.010988,0.030324,0.281524,-0.016465,-0.092454,0.040574,-0.139982,-0.15499,0.186793,0.271196,-0.357204,-0.125473,-0.20389,0.398915,-0.190923,0.170216,0.161973,0.101426,-0.128152,-0.114545,-0.176597,-0.22032,-0.254267,0.212408,-0.077595,-0.140795,-0.276087,0.142542,0.245311,-0.151072,0.007562,0.015012,-0.455206,-0.344875,0.146827,-0.128111,-0.157872,-0.002733,0.467013,-0.092504,#
