0,1.0,0.228915,-0.177159,-0.016746,0.573297,0.183446,-0.200374,-0.129613,0.039234,0.455563,0.337163,-0.051635,0.393502,0.404657,-0.049722,0.245568,0.145714,-0.05176,0.030404,-0.320009,0.297598,0.050565,0.239203,-0.269035,-0.092272,-0.301667,-0.231938,-0.100694,0.193396,0.452241,-0.533537,0.415799,-0.003456,-0.195366,-0.126285,-0.084923,-0.242972,-0.336969,0.0087,-0.122258,0.263644,0.110555,-0.205244,0.08255,-0.117441,-0.070146,-0.144996,-0.015256,-0.063135,-0.009707,0.051254,-0.08295,-0.082912,-0.248916,0.401891,0.337067,-0.520355,0.394618,-0.330295,0.029428,0.164878,-0.163727,-0.171843,-0.622389,0.254821,0.333991,-0.020735,0.434828,0.391562,0.182735,-0.424407,0.064444,0.061828,-0.294858,-0.160296,0.146133,-0.40111,-0.181553,-0.19586,-0.288265,-0.111647,-0.480823,-0.030933,-0.091401,-0.468561,-0.047544,-0.166534,-0.053077,-0.204502,-0.212223,0.132357,-0.714945,-0.284047,0.194588,-0.353184,0.00507,0.118207,0.224871,-0.19851,-0.351795,0.110964,-0.292731,-0.175903,-0.081282,-0.376021,0.033379,-0.110002,-0.253666,-0.054447,0.097462,0.084844,-0.183853,0.057573,-0.327043,-0.536206,-0.090519,0.168688,0.138121,-0.044467,-0.100074,-0.464625,-0.467337,-0.261884,-0.073715,0.185012,-0.134504,-0.34944,-0.132374,0.168858,-0.648454,-0.387391,-0.094224,-0.527459,-0.427444,-0.343736,-0.211393,-0.127266,-0.350193,-0.406772,-0.601732,-0.336148,-0.328611,-0.598555,-0.04707,0.106725,-0.094393,-0.132319,0.370644,-0.211508,-0.299736,-0.465447,-0.220243,-0.200343,-0.038782,-0.141501,-0.081172,-0.18719,0.361017,-0.291862,-0.425495,-0.217115,-0.173846,0.141727,0.093295,-0.27061,0.399939,-0.352324,0.308789,-0.380733,-0.162753,0.017583,0.258174,-0.191206,0.172939,0.43751,-0.152584,-0.033457,0.089881,0.239017,0.012194,0.349278,0.0298,0.021356,0.294932,0.43344,-0.49654,0.15671,-0.347365,-0.002335,0.346355,-0.393958,0.151024,0.417035,0.141012,-0.041992,-0.386018,0.249939,-0.498897,-0.245528,-0.187735,#
1,0.228915,1.0,0.024659,-0.316354,0.33204,0.059732,-0.044272,-0.352902,0.080294,0.428639,0.328833,0.308977,0.083759,0.402319,0.196866,-0.201966,-0.27025,0.154448,0.178276,-0.016719,0.038996,-0.143775,0.299752,0.103475,0.126754,-0.147416,0.226115,-0.362122,0.078926,0.360452,-0.417607,-0.001847,-0.159596,-0.183009,-0.133331,0.0774,-0.075831,-0.053124,-0.355746,0.095985,-0.107979,-0.041551,-0.498358,0.04495,0.035013,-0.199687,0.092494,0.377019,-0.388036,0.319297,-0.055646,-0.510014,0.335954,-0.138103,0.207382,-0.143608,-0.194345,0.24186,0.234184,-0.042672,0.10661,0.679861,0.227811,-0.013649,-0.019725,0.200088,-0.188024,0.013365,0.214728,0.233473,-0.105139,-0.071877,0.206631,-0.260999,-0.381638,0.108259,-0.228646,-0.271884,-0.210625,-0.155301,-0.031382,-0.304199,-0.303679,-0.219456,0.140005,-0.100661,-0.491706,-0.533533,0.228391,-0.338632,-0.29919,-0.220582,-0.259985,0.067692,-0.086404,-0.065395,0.201807,-0.026347,-0.189071,-0.093458,0.200579,-0.17226,-0.196919,-0.121814,-0.381638,-0.355944,-0.057194,-0.332869,-0.029212,-0.220363,0.289326,-0.128637,-0.496106,-0.157222,-0.181253,-0.159898,-0.44255,-0.296444,-0.076367,-0.363688,-0.178329,-0.326982,-0.28223,-0.189526,0.141624,-0.184618,0.214839,0.154787,0.221749,-0.453705,-0.113536,-0.218009,0.114718,-0.299071,-0.182994,-0.271477,-0.089045,-0.24502,-0.290139,-0.580725,-0.355944,0.064802,-0.418792,-0.160216,-0.419884,-0.329682,-0.098512,0.328311,-0.136144,-0.259151,-0.377433,-0.422183,-0.190079,-0.299079,-0.179733,-0.21958,0.235031,0.496867,-0.045105,-0.031102,-0.093492,-0.491086,-0.102321,-0.002081,0.202419,0.299827,-0.067999,-0.04199,-0.386446,-0.355564,-0.188787,0.329262,-0.29449,-0.210484,-0.223705,0.056848,-0.190293,0.28202,0.312791,-0.101436,0.634847,-0.041882,-0.061077,0.323338,0.200312,-0.175309,0.35586,0.010419,-0.026139,0.529735,-0.003823,0.036344,0.089519,0.25071,-0.190884,-0.270086,-0.016492,-0.362525,-0.308333,-0.271319,#
2,-0.177159,0.024659,1.0,0.382213,0.105508,-0.006406,-0.044084,0.396148,0.082597,-0.168101,0.177312,0.11076,-0.154672,-0.181282,-0.176711,-0.130114,0.154223,0.035553,-0.212254,0.344625,0.052447,0.040438,0.206456,0.133308,0.518586,0.2393,-0.111175,-0.165608,0.03452,-0.146257,0.079384,0.014108,-0.047347,-0.001435,-0.269094,0.341709,0.229564,-0.197236,0.087878,-0.298683,-0.008501,-0.069574,-0.19318,-0.373378,0.458118,-0.109023,-0.444025,-0.126295,-0.018429,-0.0159,0.089078,0.297961,0.132715,0.102112,0.065415,-0.162403,-0.21647,-0.024037,0.012305,-0.071156,-0.029399,-0.015308,0.17374,0.061742,-0.049038,0.259845,0.036147,-0.050121,0.041752,-0.417356,-0.103186,-0.173953,-0.077776,0.053652,0.256627,0.194306,0.191265,-0.02024,-0.131895,0.00278,0.52401,-0.036399,0.088875,0.096673,-0.040925,-0.120294,0.142393,0.078308,0.240136,-0.080095,0.296816,-0.097131,0.01361,-0.230663,-0.005673,-0.153016,0.341983,0.11823,0.355944,0.133415,-0.027126,0.338649,0.25989,0.305315,-0.365946,0.082916,-0.001763,0.148867,0.27525,-0.077146,0.201198,-0.260136,0.231427,0.068808,0.293428,0.178072,0.075756,-0.000926,0.069977,-0.067502,0.175421,0.012058,0.499057,0.133748,0.080844,0.079009,-0.131255,-0.037106,-0.201167,0.2153,-0.155023,-0.221122,0.146974,-0.081565,0.113659,-0.180923,-0.180071,0.078122,0.090399,0.079625,0.124732,0.306452,0.120059,0.079927,0.111176,-0.066719,0.039773,-0.078721,0.392069,0.184051,0.132387,0.170193,0.187964,-0.284367,0.268681,-0.217834,0.175131,0.188156,-0.046838,0.450625,0.365731,0.156405,0.226122,-0.046757,0.142182,-0.06806,0.454435,-0.446903,0.347759,-0.044129,0.01612,-0.239467,-0.019857,0.053085,-0.287119,0.31278,-0.384822,-0.106571,-0.048372,0.107053,-0.281394,-0.004527,-0.156972,-0.036584,-0.099906,0.089313,0.208482,-0.269068,0.318861,-0.326771,0.262726,0.167081,0.096708,0.120364,-0.041815,0.360564,0.045367,-0.01788,-0.113295,-0.023298,#
3,-0.016746,-0.316354,0.382213,1.0,-0.015746,-0.126656,-0.22162,0.285778,0.180882,-0.090882,-0.014168,0.009669,-0.290189,-0.266473,-0.046495,-0.038903,0.122072,0.327932,-0.391503,-0.003025,0.052002,-0.203173,-0.003449,-0.142901,0.275929,0.258905,-0.481828,-0.108065,-0.116711,-0.06535,0.469248,0.195365,0.317473,0.055698,0.137076,0.172931,0.199115,-0.050317,-0.03592,-0.072119,0.115268,0.009135,-0.001106,-0.326687,0.244357,-0.074385,-0.252763,-0.36144,0.21901,-0.03657,-0.008214,0.390551,0.002818,0.374327,0.034378,0.168817,0.166266,0.118097,-0.210176,-0.247345,0.053371,-0.082419,0.017289,-0.29029,-0.060249,-0.019331,0.355154,-0.056354,0.054237,-0.388893,-0.187329,-0.003319,0.034636,0.173645,0.616179,0.196854,-0.000246,0.144651,0.028498,0.246529,0.17359,0.118313,-0.007441,0.265412,-0.179361,-0.371339,0.26392,0.00742,0.056827,0.166931,0.333677,-0.056693,0.18332,0.014468,-0.226803,-0.069714,-0.251467,0.055432,0.415196,0.111936,-0.412618,0.582149,0.301761,0.614694,-0.005612,0.141833,-0.041981,-0.132923,0.315963,0.271767,-0.237304,0.21432,0.214627,0.145212,0.118658,0.404269,0.215446,0.039341,0.228027,-0.038399,0.085023,0.072151,0.47396,0.096379,0.219509,-0.053467,-0.0915,-0.289111,-0.179181,0.014335,-0.019026,-0.191329,0.01637,-0.331146,-0.209411,-0.053578,0.14024,-0.123872,-0.119455,0.206679,-0.010307,-0.251417,-0.06693,0.164327,0.125095,-0.021179,0.168329,-0.005219,0.290123,0.176542,0.199583,0.068525,0.077851,0.019987,0.304689,0.281799,-0.273826,0.061738,-0.0897,-0.013681,0.119351,0.416854,0.003436,0.140626,0.11259,-0.186417,-0.082556,-0.059443,0.030253,0.151284,-0.165391,-0.372966,-0.065759,0.038738,-0.009045,0.35555,-0.094747,0.038895,-0.181229,0.057759,-0.512158,0.084158,-0.394727,-0.310419,0.010104,0.193342,-0.37046,-0.224718,0.13011,-0.249111,-0.193722,0.178963,0.295212,0.292336,-0.231695,-0.019982,-0.169679,0.35555,0.037761,-0.055958,#
4,0.573297,0.33204,0.105508,-0.015746,1.0,0.309773,0.019133,0.049276,0.155496,0.33204,0.383804,0.287916,0.178428,0.290527,-0.035637,0.306957,-0.167428,-0.020076,0.269497,-0.216153,0.156298,-0.131368,0.414013,-0.026641,0.082546,-0.312625,0.063831,-0.263617,0.127345,0.205488,-0.310861,0.314425,0.132344,-0.223476,-0.165902,0.013975,-0.212829,-0.001418,0.169072,-0.275489,0.357034,0.096156,-0.026947,-0.002173,0.155871,-0.300689,0.036211,0.234314,0.093781,-0.04797,0.171782,-0.24433,0.428569,-0.109724,0.112356,0.110152,-0.481265,0.4286,-0.008453,-0.106267,-0.093988,0.08639,-0.144566,-0.226906,0.275474,0.445916,0.121831,0.523679,0.340053,0.288929,-0.516817,0.043093,0.233674,-0.514301,-0.257945,0.128266,-0.407678,-0.366593,-0.246388,-0.24569,-0.201437,-0.7206,-0.36761,0.027278,-0.310237,0.000892,-0.147304,-0.363045,-0.027586,-0.536645,0.161064,-0.498433,-0.404273,0.148113,-0.42169,-0.124478,0.2244,-0.018611,-0.076863,-0.15082,0.187335,-0.252827,-0.140363,0.024597,-0.46655,-0.21374,0.002049,-0.064067,-0.010121,-0.009899,0.290611,-0.239023,0.059775,-0.339901,-0.156904,-0.269872,-0.069281,0.168522,0.287086,-0.53238,-0.251633,-0.607574,-0.351818,-0.179794,0.242443,-0.192288,-0.275866,0.044072,0.130349,-0.52061,-0.220568,-0.211065,-0.447461,-0.381436,-0.136865,0.024558,-0.165456,-0.078563,-0.31753,-0.509143,-0.334291,0.077401,-0.621236,0.007791,0.124851,-0.083409,-0.058013,0.625072,-0.363842,-0.369717,-0.418144,-0.139991,-0.080239,-0.246375,-0.017932,-0.151245,0.094373,0.439429,-0.104027,-0.140701,-0.048425,-0.310766,0.132352,0.024899,-0.100521,0.355641,-0.253871,-0.155053,-0.233551,-0.17569,0.10833,0.28994,-0.126876,-0.066893,0.268844,-0.133724,-0.353589,-0.061906,0.128175,0.166891,0.513215,0.028232,-0.277561,0.253915,0.09756,-0.414191,0.19333,-0.497461,-0.16021,0.215841,-0.228692,-0.055377,0.466265,0.495686,-0.437751,-0.175567,0.000777,-0.455728,-0.177405,0.005754,#
5,0.183446,0.059732,-0.006406,-0.126656,0.309773,1.0,0.299417,-0.211679,0.087487,0.281948,0.216956,-0.028931,0.208942,0.34375,-0.062767,0.297343,0.134735,-0.089243,0.175612,-0.308045,0.269551,0.291117,0.453292,-0.315166,-0.345663,-0.409168,-0.213429,-0.156283,0.017936,0.006917,-0.110514,0.371918,-0.323236,-0.136621,-0.201876,-0.235097,-0.091355,-0.168937,0.277515,-0.435137,0.162718,0.254062,0.194988,0.095567,-0.323665,-0.394516,-0.014502,-0.225306,0.357788,0.012719,0.262791,-0.199326,0.171144,-0.309738,0.203045,0.553902,-0.206108,0.149309,-0.310717,0.037608,0.290166,0.046231,0.026761,-0.134232,0.244626,0.322159,-0.156369,0.264547,0.04192,-0.051184,-0.253114,0.146875,-0.05127,-0.426004,-0.177611,0.212104,-0.172312,-0.363285,-0.527541,-0.18615,-0.110896,-0.438223,-0.11166,0.256586,-0.310798,0.057051,-0.213653,-0.240383,-0.017043,-0.242956,-0.092441,-0.095021,-0.428142,0.412973,-0.021627,-0.188537,0.292479,-0.109635,-0.142425,-0.052869,0.437672,-0.373706,0.081924,-0.508906,-0.155156,-0.386092,-0.014438,-0.393807,-0.36438,-0.051377,-0.005851,0.02788,0.102294,-0.217408,0.053016,-0.349895,-0.188092,-0.052447,-0.125977,-0.189104,-0.019442,0.171515,-0.279994,-0.392755,0.157052,-0.095196,0.074247,0.289791,0.13883,-0.412924,0.037431,-0.044399,-0.38147,0.06442,0.071569,-0.208841,0.218944,-0.103162,-0.037157,-0.183414,0.104282,-0.07171,-0.051126,0.035123,0.17033,-0.049895,-0.412025,0.561201,-0.301688,0.032093,-0.036115,-0.083803,0.188737,-0.434882,-0.29895,-0.073414,-0.141791,0.16091,-0.268615,-0.033228,-0.182423,-0.216234,-0.095286,-0.066439,-0.265515,0.61499,-0.032722,-0.26737,0.003952,-0.24807,-0.10861,0.097246,0.26533,-0.014889,0.228536,-0.082493,-0.385408,0.276336,-0.06016,0.001162,0.277704,0.136099,0.144804,0.333203,-0.095271,-0.461912,0.240575,0.095995,-0.256025,0.187974,0.133428,-0.254558,-0.054454,0.28734,0.138957,0.126129,0.05995,-0.082493,0.022524,-0.012166,#
6,-0.200374,-0.044272,-0.044084,-0.22162,0.019133,0.299417,1.0,-0.1348,0.201477,-0.044272,-0.091473,-0.062492,0.153539,-0.002023,-0.046726,-0.291875,0.195534,-0.054943,0.351695,0.220484,0.319267,0.59736,-0.212486,-0.052428,-0.082956,-0.480407,-0.10801,-0.066497,-0.039051,-0.293949,0.055892,-0.242284,-0.228086,0.172956,-0.32203,-0.083878,0.151998,0.129585,-0.157753,-0.307047,0.275488,0.162747,0.18917,0.15873,-0.124868,-0.097935,0.06795,-0.010904,0.102834,0.397701,0.030862,-0.072959,0.130277,-0.449443,-0.113204,0.204636,-0.076903,0.10208,0.119605,0.213237,0.214269,0.159599,0.3589,0.135975,-0.193126,0.084655,-0.268714,-0.024471,0.000736,0.146695,0.073256,-0.153438,-0.230027,-0.282255,-0.340113,-0.370467,0.183524,-0.180245,-0.187081,0.105512,0.05294,-0.230528,0.14669,-0.063546,0.068131,0.326297,0.386348,-0.020933,0.198629,-0.209049,-0.118771,0.255652,-0.110523,0.403893,0.225915,-0.133678,0.154068,-0.096032,0.159473,0.027597,0.217752,-0.073839,-0.137804,-0.296827,-0.11437,0.047117,-0.20477,0.058444,-0.068779,-0.240699,0.293511,-0.183841,0.162983,-0.150128,0.251624,-0.251699,-0.181525,-0.133196,0.314613,-0.065574,0.479203,-0.086331,-0.068507,-0.217807,-0.235379,0.225291,0.283665,0.247569,0.133506,-0.093408,0.106361,0.361545,-0.109854,0.360233,0.247939,0.23992,-0.127258,0.078048,0.11637,0.251379,0.227713,0.282891,0.140305,0.25116,0.20391,-0.179958,0.107687,0.324766,0.043672,0.242194,0.281843,0.276771,0.328898,0.164782,0.052006,0.119297,0.144264,0.146897,-0.045713,0.299351,0.201115,-0.13865,-0.05369,0.122844,-0.070051,0.220842,0.208309,-0.077079,0.172717,0.067516,-0.002039,0.233078,0.562366,0.214266,-0.122906,-0.127829,0.236268,-0.350558,0.027853,0.24535,0.138016,0.023772,0.033601,0.093547,-0.286693,0.056879,0.144162,0.244524,-0.341874,-0.231312,0.185101,-0.082519,-0.329633,-0.079696,0.119462,0.19872,0.080592,0.220628,0.000811,0.233812,#
7,-0.129613,-0.352902,0.396148,0.285778,0.049276,-0.211679,-0.1348,1.0,-0.050021,-0.135061,-0.148039,0.024788,-0.24286,-0.429298,0.358081,0.277841,0.241135,-0.09526,0.037809,0.236612,0.058926,-0.032962,-0.249863,0.239919,0.36629,0.126353,-0.111848,0.138657,-0.129299,-0.143968,0.184705,0.007859,-0.030228,-0.102215,0.153045,0.339808,-0.021764,-0.025243,0.353727,0.224783,-0.258154,-0.2202,0.026325,-0.322817,0.443091,-0.129188,-0.114372,0.122617,-0.094775,-0.294144,0.271955,0.251943,-0.014734,0.152657,0.007893,-0.166725,-0.259971,-0.069347,0.162728,-0.14387,-0.35703,-0.244277,-0.471914,-0.061834,-0.466242,-0.031263,0.264746,-0.014119,0.147624,-0.10985,-0.132993,0.070763,0.189532,0.263709,0.406839,0.190916,-0.07487,0.03791,-0.082176,0.061468,0.09144,0.046739,-0.031572,0.069742,-0.100107,-0.138215,0.075684,0.122436,0.122002,0.020564,0.219143,-0.105377,-0.076135,-0.487528,-0.243787,-0.285048,0.075937,0.108547,0.050048,0.032104,-0.102134,0.439275,0.426301,0.197689,-0.21909,0.169279,-0.019982,0.360892,0.155319,-0.158021,-0.10086,0.068229,0.139601,0.011115,-0.179427,0.250723,0.299406,-0.093369,-0.020257,-0.047459,-0.049382,0.090251,0.229285,0.221478,0.160992,-0.301845,-0.453413,-0.116715,-0.330696,0.244301,-0.160253,-0.404297,-0.184899,-0.031709,-0.123938,0.0441,-0.165133,0.11108,0.180592,0.282143,-0.009867,0.31569,0.207792,-0.160177,0.026459,-0.055455,0.045341,-0.19617,0.093595,0.153631,0.246263,0.168634,-0.278847,-0.205702,0.184335,0.057134,-0.014569,-0.096012,-0.133615,-0.014631,0.26831,0.200742,-0.034217,0.000508,0.053706,-0.310275,0.029727,0.120589,0.388134,-0.048844,0.291483,-0.330529,-0.243787,-0.061076,-0.171292,-0.073626,-0.352899,-0.338647,-0.219376,-0.188742,-0.366206,-0.092818,-0.238328,-0.081737,-0.235306,-0.13159,0.151758,-0.286277,0.175115,-0.313169,0.168185,0.200505,0.010464,-0.189226,-0.126809,0.272552,0.274108,-0.073626,0.285577,0.019917,#
8,0.039234,0.080294,0.082597,0.180882,0.155496,0.087487,0.201477,-0.050021,1.0,0.30737,-0.204437,-0.055969,-0.09186,0.235632,-0.175977,-0.011208,-0.187135,0.441873,0.407814,0.08083,0.075447,0.123554,0.486895,0.037662,0.214618,-0.359387,-0.330488,-0.266335,0.103915,0.065631,0.1815,-0.074975,-0.298615,0.085929,-0.038268,0.456762,0.285645,-0.27648,0.140646,-0.16461,0.384404,-0.030295,-0.04276,0.035824,-0.119544,-0.122194,0.01489,0.2835,0.065034,0.013329,0.371241,-0.295203,0.193138,-0.074981,-0.203899,-0.1882,0.047638,0.060378,-0.226039,-0.005673,0.222144,0.332923,0.212451,-0.328081,-0.165294,0.365033,0.286391,0.111592,0.317211,-0.195568,-0.388958,-0.409639,-0.301157,-0.048872,-0.055753,0.078862,0.108814,-0.335115,-0.23182,0.084322,0.265869,-0.330045,-0.182257,0.008064,0.076707,-0.024014,0.038865,-0.175884,0.290211,-0.027564,-0.433142,-0.177526,-0.37363,0.31446,-0.121432,-0.12757,0.210555,0.435093,0.408305,-0.114591,0.067803,0.230324,-0.337954,0.224659,0.151734,-0.02195,-0.400395,-0.228304,0.326338,-0.149575,0.412593,-0.240688,-0.341961,-0.34623,-0.011853,-0.091849,-0.062409,-0.125016,0.159412,-0.615635,0.224613,-0.441727,-0.149435,-0.330042,0.040302,-0.006266,0.089755,0.120537,-0.1985,-0.207512,0.148725,-0.013906,-0.210618,-0.386242,-0.170928,0.018206,-0.166609,-0.083755,0.028824,-0.011192,-0.181301,-0.13228,-0.308814,-0.260622,-0.417045,-0.471656,-0.073195,0.385009,-0.348993,-0.21384,0.080077,-0.35792,0.243032,-0.210414,0.168958,0.337523,0.04211,0.562903,0.223765,0.320855,0.013104,0.044536,-0.188805,0.349791,0.234129,-0.045881,-0.282753,-0.231381,-0.082714,0.319465,-0.02847,0.295929,0.028503,-0.056305,-0.247452,0.148893,-0.135466,0.062584,0.112162,0.307551,0.086817,-0.139159,-0.29018,-0.123991,0.086353,0.060856,0.110693,0.000335,-0.24978,0.137667,0.050989,-0.253197,-0.215483,0.309979,-0.167749,0.012206,-0.077081,0.148893,0.037947,-0.30637,#
9,0.455563,0.428639,-0.168101,-0.090882,0.33204,0.281948,-0.044272,-0.135061,0.30737,1.0,-0.215896,0.308977,0.083759,0.402319,-0.038882,0.234296,-0.089077,0.333749,0.403723,-0.28797,0.548114,-0.143775,0.299752,-0.144204,-0.326835,-0.176059,-0.226516,0.06508,0.078926,0.569208,-0.408544,0.024746,-0.159596,-0.166064,-0.133331,0.347595,-0.298864,-0.347047,0.066956,0.095985,0.101778,0.183842,-0.2094,0.29774,-0.242526,0.132071,-0.128571,-0.076129,-0.33618,0.067961,0.246779,-0.597328,0.070027,-0.10037,0.408074,0.181766,-0.11807,0.24186,-0.299567,-0.270258,0.136292,0.306311,0.167649,-0.560082,-0.004265,0.200088,0.112292,0.081403,0.214728,-0.08153,-0.697135,0.329439,0.206631,-0.05179,-0.126573,0.046635,-0.468556,-0.271884,-0.46405,-0.142537,-0.247003,-0.304199,-0.325152,-0.224114,-0.179707,-0.321701,-0.285311,-0.323416,-0.014239,-0.127052,-0.346578,-0.429725,-0.453462,0.2787,-0.086404,-0.104015,0.171267,0.145684,-0.17674,-0.290645,0.200579,0.041857,-0.183791,-0.326975,-0.387391,-0.147287,-0.587196,-0.572151,-0.016912,-0.224997,0.061502,-0.128637,-0.560981,-0.355818,-0.43034,0.056841,-0.254099,-0.343987,-0.298525,-0.609423,-0.165629,-0.326982,-0.533756,-0.240202,0.078399,-0.414582,-0.01755,0.107209,-0.087245,-0.453705,0.142401,-0.218009,-0.527394,-0.299071,-0.634522,-0.057603,-0.089045,-0.24502,-0.306121,-0.562017,-0.147287,-0.393206,-0.418792,-0.200271,-0.479699,-0.636899,-0.130925,0.619278,-0.429059,-0.247003,-0.364711,-0.715099,-0.177816,-0.299079,-0.429725,-0.012947,-0.175824,0.496249,-0.321146,-0.018865,-0.552152,-0.299256,-0.322465,0.205542,-0.053458,0.29927,-0.491217,0.158916,-0.178985,-0.159481,-0.189583,0.30068,-0.090494,-0.234122,0.190888,0.009319,-0.190293,0.524493,0.317276,-0.149784,0.406421,0.370414,-0.061613,0.322767,0.409928,-0.523652,0.355295,0.023579,-0.135052,0.847746,-0.068804,-0.216718,0.306518,0.46237,0.016223,-0.270086,0.194054,0.009319,-0.12422,-0.271319,#
10,0.337163,0.328833,0.177312,-0.014168,0.383804,0.216956,-0.091473,-0.148039,-0.204437,-0.215896,1.0,-0.23876,0.242676,0.100922,0.301317,-0.143057,0.179191,-0.169414,-0.116159,0.121803,-0.275287,0.05134,0.180833,0.248056,0.061641,-0.065117,0.260494,-0.036826,-0.224789,-0.000199,-0.279902,0.309186,0.005671,-0.026366,-0.001453,-0.244811,0.103923,0.289074,-0.185986,-0.090126,0.000612,0.027789,-0.12724,-0.272202,-0.010552,-0.628998,0.112391,0.064838,0.1435,0.045041,-0.053735,0.228225,0.006135,-0.042464,0.264479,0.142578,-0.516171,0.308639,0.280992,0.184973,0.10536,0.226172,-0.274579,0.208801,0.208382,0.261122,-0.213319,0.276672,0.347444,0.121117,0.260673,-0.34926,-0.182608,-0.514269,-0.014408,0.158154,-0.102873,0.102664,-0.135089,-0.236027,0.105082,-0.4397,-0.008949,-0.071808,-0.571475,0.021113,-0.184563,-0.013178,-0.093701,-0.222147,0.149993,-0.286195,0.041791,0.017304,-0.337501,0.256811,0.289617,0.142616,-0.029821,-0.210339,0.073357,-0.230843,-0.05966,-0.01033,-0.014408,-0.245855,0.269855,0.190391,-0.128521,0.085274,0.217225,-0.145942,0.107209,0.007534,-0.054801,-0.494042,-0.140324,0.154716,0.022041,0.170744,-0.237237,-0.146159,0.026299,-0.099796,0.215329,0.107337,0.20381,-0.066311,0.370492,-0.298464,-0.473875,0.018376,-0.10896,-0.339305,0.165854,-0.308,-0.101024,-0.277983,-0.156077,-0.148454,-0.184421,0.193156,-0.260214,-0.12729,0.141429,0.112042,-0.281856,-0.015725,-0.075466,-0.11207,-0.465084,0.207729,-0.031976,-0.173155,0.115712,-0.285143,0.399481,-0.032776,0.107816,-0.068929,0.273295,-0.17967,0.400019,-0.284148,-0.14243,0.463228,0.272903,-0.16826,-0.438435,-0.403399,0.143412,0.228227,-0.150325,0.096796,-0.116223,-0.224933,-0.215894,-0.008975,-0.02747,0.428371,0.355755,-0.174137,0.243117,0.172738,-0.146039,-0.076406,0.056718,-0.283165,0.244991,-0.154675,-0.268851,0.205256,-0.027765,0.113329,-0.245522,-0.306421,-0.068721,-0.624759,-0.375283,-0.141531,#
11,-0.051635,0.308977,0.11076,0.009669,0.287916,-0.028931,-0.062492,0.024788,-0.055969,0.308977,-0.23876,1.0,-0.377517,0.123681,0.076963,0.390249,-0.557822,-0.030009,-0.03732,-0.162859,0.354127,-0.296435,-0.022061,-0.20349,0.079393,0.12544,0.097022,-0.282721,0.391626,0.456418,-0.010014,0.046271,0.099422,-0.24121,-0.037081,0.27218,-0.641052,0.082318,0.101076,0.209959,0.249572,-0.268835,-0.129128,0.095346,0.335403,0.182572,-0.320279,-0.180767,-0.376897,0.054494,0.061693,-0.277023,0.105276,0.235937,-0.189004,-0.100764,0.021349,-0.254799,-0.140425,-0.410004,-0.13686,0.20721,0.188698,0.160513,-0.020984,-0.192485,0.281087,-0.132036,-0.121957,-0.009018,-0.321009,0.520246,0.261591,-0.002275,-0.132469,-0.131713,-0.143886,-0.19424,-0.191747,-0.191495,-0.130515,-0.160076,0.039625,-0.067842,0.285662,-0.082308,-0.416197,-0.505321,0.161231,-0.353651,0.131599,-0.025901,-0.04913,-0.324865,-0.341841,-0.192034,-0.108599,-0.272873,-0.451753,0.243175,0.073245,0.11704,0.00274,-0.074695,-0.33434,-0.153374,-0.362478,-0.272302,0.000899,0.114559,-0.317655,0.17952,-0.163413,0.03853,0.051984,0.090064,0.086531,-0.168391,-0.041942,-0.504654,-0.21219,-0.049484,-0.177623,0.059133,0.269166,-0.2465,-0.150917,-0.033846,-0.093009,-0.184449,-0.038378,-0.390543,-0.016144,0.024175,-0.344204,-0.024204,0.124267,-0.072734,-0.041419,-0.282948,-0.239384,-0.181322,-0.221758,0.035354,-0.001595,-0.206635,0.350143,0.334626,-0.045592,-0.228319,0.141679,-0.311936,-0.243471,-0.324643,-0.236873,-0.223545,-0.260203,0.376096,-0.3174,-0.135833,-0.307369,-0.17042,-0.132716,-0.196797,0.133946,-0.255838,-0.32818,0.083102,0.31505,-0.247076,-0.244536,-0.096085,-0.115441,-0.420697,0.142934,0.474243,-0.296207,0.148173,0.084547,-0.198482,0.034458,0.232687,-0.295261,0.328176,0.252206,-0.038426,0.128512,-0.198495,0.07058,0.251932,-0.044819,-0.027166,0.368786,0.385299,-0.379857,-0.106865,-0.033008,0.099077,0.212754,0.334721,#
12,0.393502,0.083759,-0.154672,-0.290189,0.178428,0.208942,0.153539,-0.24286,-0.09186,0.083759,0.242676,-0.377517,1.0,0.220001,-0.232692,-0.187591,0.378264,-0.055439,0.153046,-0.092835,0.288053,0.146434,0.055436,0.040048,-0.035916,-0.241576,-0.184685,-0.15943,0.353353,-0.140337,-0.112811,0.22096,-0.321989,0.065609,-0.525574,-0.435344,0.065816,-0.087272,-0.092203,-0.433458,0.009008,0.600828,-0.10138,-0.215685,-0.110201,-0.079131,0.137428,0.111708,0.159464,0.078288,-0.013031,-0.129842,0.131402,-0.18867,0.350682,0.122354,-0.16847,0.27441,0.075639,0.339974,0.255826,-0.217946,0.069268,-0.308908,0.139376,0.278193,-0.152416,0.303597,0.398749,0.400554,-0.018337,-0.255178,-0.046972,-0.450339,-0.380405,-0.213571,-0.150983,-0.033662,0.026043,-0.161412,-0.112567,-0.26422,-0.087492,0.071822,-0.066885,-0.050876,0.110378,-0.091884,0.013737,-0.429768,0.252588,-0.225068,-0.239093,0.291618,0.284646,0.025353,0.109975,0.220977,-0.139699,-0.39249,0.352074,-0.195692,-0.092254,-0.357704,-0.148545,-0.081276,-0.006627,0.120571,-0.379781,-0.189093,0.367626,-0.259528,0.171287,-0.200071,0.06784,-0.370754,-0.195185,-0.005326,0.06351,0.15609,-0.016922,-0.331843,-0.458215,-0.095377,-0.124494,-0.075022,-0.081709,0.327147,0.453784,-0.278074,-0.151632,0.581789,-0.227426,-0.08765,0.260497,0.001758,-0.17965,-0.294058,0.000576,-0.412118,-0.071615,0.304819,-0.068559,0.063357,0.09894,0.322557,-0.183876,0.193056,-0.272335,-0.26364,-0.377456,-0.05204,-0.110239,-0.064839,0.062193,-0.228673,0.355878,0.210362,0.152107,-0.198954,0.367902,-0.062697,-0.05484,-0.061999,-0.234631,0.336518,0.133608,-0.06131,-0.180661,0.081945,0.329918,0.39073,0.144023,0.370488,0.116615,-0.352719,0.296517,0.135033,0.113009,-0.066419,0.49834,-0.146072,0.303743,0.043978,-0.055764,-0.077876,0.246174,-0.068169,0.086347,0.242611,0.202415,0.132146,-0.180753,-0.15749,0.150644,-0.059503,0.227567,-0.352719,-0.346672,-0.011422,#
13,0.404657,0.402319,-0.181282,-0.266473,0.290527,0.34375,-0.002023,-0.429298,0.235632,0.402319,0.100922,0.123681,0.220001,1.0,-0.16528,0.226516,-0.000249,-0.097666,0.262384,-0.379526,0.106749,0.24401,0.548122,-0.323552,-0.17286,-0.287094,-0.115682,-0.34482,0.193398,0.338445,-0.49331,0.151718,-0.21423,-0.18647,-0.157492,0.087133,-0.245564,-0.303705,0.086207,-0.318881,0.150623,-0.027306,-0.060685,0.426184,-0.279041,-0.257211,-0.173335,0.126753,-0.094259,0.074203,-0.189596,-0.365635,0.05388,-0.341374,0.1309,-0.081201,-0.328048,0.112028,-0.418014,0.261656,0.309477,0.269253,-0.04195,-0.203647,0.244164,0.293563,-0.091777,-0.100831,0.258235,-0.081373,-0.212645,-0.015779,-0.138068,0.089367,-0.093329,0.226481,-0.051082,-0.570327,-0.406799,-0.208393,-0.194429,-0.53241,-0.264351,0.168328,0.002961,0.238022,-0.506154,-0.246464,-0.212832,-0.26625,-0.025701,-0.313252,-0.237178,0.343155,-0.170191,-0.017095,0.077603,-0.044338,-0.069734,-0.345133,0.36371,-0.404179,-0.299573,-0.223575,-0.093329,-0.243526,-0.213637,-0.607137,0.052207,0.168708,0.182059,-0.041396,-0.257229,-0.300674,-0.134932,-0.025666,-0.223944,-0.016214,-0.077016,-0.363264,-0.211981,-0.375816,-0.342966,-0.304278,-0.314031,-0.131976,-0.145257,0.281967,0.07155,-0.542518,-0.102903,0.03506,-0.315571,-0.237729,-0.11708,-0.344739,0.171264,-0.22431,0.007342,-0.39069,-0.250032,-0.377191,-0.577902,-0.365306,-0.140827,-0.28157,-0.105364,0.444593,-0.425377,-0.239506,-0.209183,-0.425891,0.260382,-0.292295,-0.438387,-0.005984,-0.025028,0.467093,0.015248,-0.115465,-0.27564,-0.635429,0.238327,0.167953,-0.185578,0.407681,-0.153899,-0.01228,-0.186388,-0.097596,-0.219689,0.419395,-0.026325,-0.052732,0.261007,-0.360247,0.112201,0.318074,0.392329,0.141979,0.631514,-0.314093,-0.102196,0.535488,0.453679,-0.464137,0.459948,0.034028,-0.239081,0.344519,0.139181,-0.359454,0.026798,0.209177,-0.091168,-0.356728,-0.065266,-0.360247,-0.260589,-0.310668,#
14,-0.049722,0.196866,-0.176711,-0.046495,-0.035637,-0.062767,-0.046726,0.358081,-0.175977,-0.038882,0.301317,0.076963,-0.232692,-0.16528,1.0,0.086377,0.140669,-0.262876,0.018321,-0.034402,-0.180046,0.025113,-0.411385,0.219269,0.045422,0.050664,0.180526,0.160211,-0.284817,0.02215,-0.099985,0.061581,-0.078637,-0.112544,0.330821,0.034707,-0.129582,0.359782,-0.032467,0.689881,-0.170979,-0.200923,-0.139084,-0.142586,0.037689,-0.466887,0.152281,0.13941,-0.058997,-0.084208,0.229126,-0.0152,-0.1089,0.099075,0.114875,0.031275,-0.132769,0.105381,0.337723,0.025086,-0.130907,0.481413,-0.460849,0.237283,-0.566868,-0.117654,-0.021568,-0.240687,0.242339,0.20915,0.317968,0.162581,0.020209,-0.049055,0.30644,0.218514,-0.359985,0.06835,-0.389055,-0.350308,-0.231573,-0.084277,-0.031756,0.012735,-0.192477,-0.150613,-0.330149,-0.18245,-0.122596,-0.020701,-0.16515,0.068786,0.083659,-0.375624,-0.301737,-0.130064,0.139925,-0.1608,-0.428575,-0.100195,-0.06082,0.137579,0.099294,-0.048079,0.098554,-0.101986,0.023509,0.061391,0.009788,-0.01444,-0.349764,0.132802,-0.36005,0.111501,-0.435309,-0.087564,-0.130286,-0.463073,0.020009,0.017946,-0.194756,0.162203,-0.086658,0.141166,0.226567,-0.330571,0.016557,-0.251487,0.101642,-0.223355,-0.314331,-0.337601,-0.060143,-0.101999,-0.236427,-0.22021,-0.137892,-0.172689,0.01724,0.195014,-0.371692,0.032789,-0.009395,-0.333105,-0.27385,-0.194728,0.060583,-0.128508,-0.245729,0.110692,-0.048251,0.00982,-0.429391,-0.179464,0.044889,-0.113345,0.101254,-0.077827,-0.21896,-0.31451,0.039648,-0.14479,-0.009158,-0.293315,-0.23481,-0.161671,-0.113247,0.258429,-0.128174,-0.550615,-0.000822,-0.154027,-0.245437,-0.391701,-0.235089,-0.199799,-0.294681,-0.163089,-0.220873,-0.047956,0.153335,-0.096397,0.096426,0.319063,-0.197569,-0.016975,0.231509,-0.102276,0.202203,0.03365,-0.281058,0.245275,-0.285637,-0.144702,-0.353004,-0.062779,-0.039916,-0.199799,0.238419,0.091701,#
15,0.245568,-0.201966,-0.130114,-0.038903,0.306957,0.297343,-0.291875,0.277841,-0.011208,0.234296,-0.143057,0.390249,-0.187591,0.226516,0.086377,1.0,-0.170405,-0.293699,0.054036,-0.177915,0.173757,-0.162939,0.079557,-0.255639,-0.269253,-0.06266,0.044889,-0.084859,0.27367,0.383824,-0.168333,0.349214,-0.225772,-0.302814,0.23518,0.232526,-0.4071,-0.162503,0.629975,0.164972,0.204258,-0.053719,0.14657,0.0793,-0.04057,-0.007373,-0.125975,-0.095994,-0.013532,-0.320144,0.25443,-0.166451,-0.089801,0.037662,-0.000123,0.038021,-0.138116,-0.235586,-0.330944,-0.211701,0.0264,-0.299828,-0.324174,-0.132874,0.168924,0.032288,0.435163,0.111607,0.173105,-0.111885,-0.477968,0.392772,0.141298,0.035738,0.086161,0.234885,-0.081357,-0.205061,-0.139838,-0.195884,-0.136688,-0.209325,-0.030261,-0.042935,-0.198335,0.024865,-0.446807,-0.171791,-0.209143,-0.017913,0.23784,-0.327751,-0.173121,-0.186861,-0.537082,-0.106612,0.180134,-0.09549,-0.421782,-0.044494,0.087372,-0.248061,0.030155,-0.179071,0.086161,0.062994,-0.076763,-0.086106,-0.028284,0.086504,-0.343712,0.286804,0.122188,-0.215626,-0.28899,0.077326,0.116428,0.24739,-0.22232,-0.372043,-0.515432,0.023638,-0.223142,0.045302,0.09426,-0.206535,-0.574983,-0.180904,-0.035251,-0.14088,-0.082361,-0.319755,-0.343364,-0.179748,-0.445531,-0.119791,0.198531,0.001223,-0.202874,-0.146606,-0.176376,-0.203185,-0.071099,-0.159441,0.200923,0.041222,-0.144186,0.32648,-0.261372,-0.300939,-0.062204,-0.261897,-0.241688,-0.451581,-0.224616,-0.029119,-0.281981,0.08319,-0.368147,-0.31791,-0.383937,-0.124912,-0.006534,-0.176537,-0.178423,0.018246,-0.529839,0.195624,0.18372,-0.191002,0.016957,-0.091333,-0.347358,-0.129432,0.334036,-0.051319,-0.447518,0.193239,0.116077,-0.153658,0.018773,-0.037212,-0.191975,0.422286,0.367259,-0.418493,0.212733,-0.145487,-0.052324,0.136601,-0.156867,-0.155629,0.245376,0.280135,-0.050653,-0.155084,0.041622,-0.051319,0.261669,0.054455,#
16,0.145714,-0.27025,0.154223,0.122072,-0.167428,0.134735,0.195534,0.241135,-0.187135,-0.089077,0.179191,-0.557822,0.378264,-0.000249,0.140669,-0.170405,1.0,-0.258223,-0.171568,0.051444,0.067929,0.40763,-0.209193,-0.014183,-0.073814,-0.094366,-0.227324,0.115717,-0.204064,-0.326445,-0.093208,-0.003622,-0.226652,0.200157,-0.115826,0.043023,0.381578,-0.024833,-0.007802,-0.124007,-0.145823,0.20705,0.178271,-0.110986,-0.107293,-0.181812,-0.084784,-0.189654,0.160894,0.141875,-0.024447,0.226679,-0.30968,-0.239986,0.421355,0.336497,-0.265324,0.399624,-0.049881,0.235309,0.175914,-0.161205,-0.158875,-0.153501,-0.115889,0.109791,-0.267024,-0.027646,0.23575,-0.166182,0.13118,-0.095329,-0.228581,0.051927,0.34121,0.151433,-0.010545,0.031596,-0.16246,-0.091853,0.042631,0.012157,0.140034,0.140309,-0.373,0.111101,0.385345,0.302993,-0.196999,0.146421,0.210924,0.119454,0.097938,0.224104,0.260254,0.051851,0.175543,0.034003,0.159349,-0.491841,0.07409,0.119553,0.233308,-0.089643,-0.08685,0.188332,0.069276,0.07803,-0.085239,-0.069231,0.083435,-0.182685,0.165919,0.056821,-0.264667,0.109294,-0.240787,-0.15585,0.149801,0.330293,0.117201,0.138043,0.164668,-0.010437,-0.230932,0.038957,-0.113871,-0.091722,0.254958,-0.071993,-0.114038,0.376847,-0.172282,-0.005254,0.087248,-0.16563,-0.126458,-0.120862,0.148201,0.252225,0.026844,0.134511,0.174303,-0.002119,0.20628,-0.017842,-0.114746,-0.136534,0.058961,0.440191,-0.098348,0.277172,0.155573,0.159937,0.119454,-0.080252,0.233083,-0.032872,-0.020212,-0.063025,0.325864,0.063151,0.306975,-0.077681,-0.283793,0.222156,0.242483,0.14648,-0.023156,-0.127028,0.021766,0.068803,0.211984,0.393109,0.058114,-0.432957,0.220964,-0.098409,-0.143384,0.078492,-0.006251,-0.146639,0.07624,0.128973,-0.115537,-0.13102,0.178866,0.055147,0.090765,-0.193479,0.187905,-0.036268,-0.144924,-0.244421,0.299526,0.089723,0.082467,-0.073613,-0.269125,-0.170056,#
17,-0.05176,0.154448,0.035553,0.327932,-0.020076,-0.089243,-0.054943,-0.09526,0.441873,0.333749,-0.169414,-0.030009,-0.055439,-0.097666,-0.262876,-0.293699,-0.258223,1.0,0.232772,0.14374,0.246152,-0.05299,0.339367,0.199734,0.059866,-0.235795,-0.053307,0.053976,0.08092,-0.091973,0.316548,-0.213994,0.118785,0.260975,-0.060612,0.173015,0.174244,-0.244891,-0.411111,-0.143404,0.043539,-0.078368,0.005635,0.102688,0.017641,-0.048425,0.180373,0.115851,-0.170453,0.153411,0.372628,-0.135939,0.227853,-0.113398,-0.300529,-0.015262,0.26925,0.130352,0.055354,-0.051993,0.026438,0.227528,0.149258,-0.305564,0.074002,0.178355,0.304897,0.056074,-0.011181,-0.267564,-0.354006,-0.338491,0.333553,0.000643,-0.075323,-0.292482,-0.002606,0.0078,0.053715,0.56358,0.315393,0.11687,-0.167929,-0.195011,0.054833,-0.378121,0.070011,0.012192,0.365762,-0.058611,-0.291638,-0.038908,0.065429,0.323026,0.136296,-0.075691,-0.349153,0.485614,0.515747,0.085892,0.064542,0.54372,0.129084,0.245718,-0.013778,-0.059191,-0.358651,-0.222028,0.211632,-0.012972,0.382239,-0.058082,-0.236582,0.208336,0.127318,-0.000856,-0.019158,0.013469,-0.137166,-0.332021,0.364486,-0.214906,-0.140463,-0.412813,0.175306,-0.248769,0.500022,0.266133,-0.20402,0.202789,0.37103,0.038846,-0.111175,-0.293272,-0.202255,0.305411,-0.24788,0.035307,-0.120398,-0.101179,0.165236,-0.055888,-0.198628,-0.101238,-0.288718,-0.262125,-0.290631,0.183246,0.047191,0.016213,0.058125,-0.392592,0.215504,0.058661,-0.070614,0.225392,-0.12815,0.167392,0.115207,0.413021,0.071449,0.094757,-0.343005,0.439647,0.476858,-0.025671,-0.030162,-0.199791,-0.272018,0.314769,0.052482,0.241957,0.091653,-0.167673,-0.145713,0.284665,0.156526,0.26523,-0.200309,-0.08609,-0.142299,0.382155,-0.368536,-0.642201,-0.04083,-0.061283,-0.365732,0.142875,-0.12438,0.280744,0.162189,-0.222037,-0.064611,0.243149,-0.039178,-0.225278,0.017625,0.284665,-0.067942,-0.215797,#
18,0.030404,0.178276,-0.212254,-0.391503,0.269497,0.175612,0.351695,0.037809,0.407814,0.403723,-0.116159,-0.03732,0.153046,0.262384,0.018321,0.054036,-0.171568,0.232772,1.0,0.080417,0.272681,0.202452,0.193938,0.28944,-0.03337,-0.446629,0.059405,0.143434,-0.178979,0.180808,-0.13705,-0.353431,-0.178023,0.270753,-0.283585,0.094459,-0.076999,-0.093385,0.071851,-0.090994,-0.031617,0.159558,-0.029734,0.448988,-0.322203,-0.267432,0.27363,0.42795,-0.17793,0.042734,0.333813,-0.396185,0.425313,-0.294485,-0.032599,-0.119428,-0.089828,-0.081036,0.164241,0.169806,-0.248068,0.273466,-0.129525,-0.162099,-0.110379,0.204122,-0.087884,0.173235,0.220735,0.142819,-0.222761,-0.186336,0.063081,-0.051037,-0.270631,-0.172184,-0.210301,-0.194011,-0.224671,0.138908,-0.246459,-0.356715,-0.421674,-0.14688,-0.008491,-0.075219,-0.175613,0.064549,0.098943,-0.391625,-0.336784,-0.306513,-0.240604,0.2359,-0.019681,-0.156757,0.248138,0.080872,0.120778,-0.036944,0.301578,-0.057277,-0.320151,-0.202299,-0.062769,-0.276983,-0.411514,0.018499,0.022986,-0.169051,0.471186,-0.331057,-0.289538,-0.314704,-0.142842,-0.347308,-0.254139,-0.039447,-0.08456,-0.542036,-0.047792,-0.510291,-0.521878,-0.440286,-0.257492,-0.286623,0.07363,0.267471,-0.195327,-0.075344,0.103089,0.028645,-0.425635,0.049916,-0.131503,0.154979,-0.229164,-0.078788,-0.070737,-0.141007,0.020924,0.266668,-0.290379,-0.37573,-0.341384,-0.314846,-0.307171,0.456368,-0.450386,-0.225425,-0.044785,-0.442365,0.121189,-0.117526,-0.112342,0.053146,0.111042,0.143581,0.216368,0.316114,-0.062596,-0.191248,-0.075336,0.526144,0.005412,0.244627,-0.020363,-0.183396,0.090899,0.19808,0.137683,0.406731,0.139108,-0.207699,-0.09473,-0.388586,-0.061638,0.117107,0.241203,0.03699,0.464589,-0.191774,0.015046,0.197799,-0.194544,-0.270672,0.453342,0.059295,-0.470246,0.323225,0.11162,-0.369211,-0.296501,0.181743,0.015817,-0.041586,0.255123,-0.058378,0.037563,-0.196677,#
19,-0.320009,-0.016719,0.344625,-0.003025,-0.216153,-0.308045,0.220484,0.236612,0.08083,-0.28797,0.121803,-0.162859,-0.092835,-0.379526,-0.034402,-0.177915,0.051444,0.14374,0.080417,1.0,-0.078807,0.068399,-0.281812,0.65683,0.221092,0.037207,0.226426,0.130701,-0.096255,-0.139089,0.211079,-0.291394,-0.378868,0.398767,-0.056439,0.21814,0.512069,0.174474,-0.067209,0.084206,-0.127874,-0.132514,0.11698,-0.322854,0.159828,0.016787,0.043446,0.201081,-0.273157,0.120706,-0.051542,0.354331,-0.128267,-0.096059,-0.133706,-0.33561,-0.121278,-0.2443,0.341833,0.045612,-0.009314,-0.037525,0.193898,0.227321,-0.078378,-0.079516,0.190438,0.050086,0.152438,-0.190782,0.060351,-0.578178,-0.148101,0.021683,-0.080398,-0.226479,0.648504,0.266007,0.349617,0.445326,0.659315,0.071346,0.18383,-0.52247,0.085204,0.203304,0.114168,0.194958,0.298419,0.1898,0.054431,0.070764,0.221512,-0.033119,-0.156792,0.194577,0.230082,0.385492,0.346328,-0.043958,-0.097632,0.284112,0.018987,0.04149,0.181391,0.272241,0.010756,0.537124,0.088962,-0.345155,0.311815,-0.017068,0.25691,0.149747,0.241274,-0.23984,-0.073837,0.347608,-0.191264,0.078736,0.109012,0.058086,0.373186,0.152849,-0.158356,0.374551,0.199551,0.0194,-0.027113,0.544132,0.148998,0.130094,0.148228,-0.005592,0.077146,0.281598,-0.211385,0.169408,0.094485,0.137392,0.282144,0.560498,0.464128,0.183467,0.157736,0.023706,-0.064198,-0.179554,0.452268,0.174332,0.069285,0.242684,0.021856,-0.000525,0.402789,0.263901,0.415771,-0.151522,0.29975,0.439103,0.386834,0.145064,0.033757,0.105153,0.413861,0.10958,0.311872,-0.017513,0.016192,0.164331,0.173765,0.189911,-0.041288,0.13667,-0.615525,0.031521,0.022031,-0.214111,-0.068184,0.218955,-0.187621,-0.219316,-0.022271,-0.24917,-0.152738,0.328534,0.001491,0.208687,0.088313,-0.393462,0.293627,0.065705,-0.221297,-0.230966,0.259934,-0.100477,0.163272,0.031521,-0.340261,-0.294292,#
20,0.297598,0.038996,0.052447,0.052002,0.156298,0.269551,0.319267,0.058926,0.075447,0.548114,-0.275287,0.354127,0.288053,0.106749,-0.180046,0.173757,0.067929,0.246152,0.272681,-0.078807,1.0,0.257331,-0.069008,-0.243025,-0.058963,-0.294754,-0.346447,-0.142521,0.418946,0.316567,-0.033941,-0.022404,-0.203499,0.031484,-0.353829,0.162777,-0.381079,-0.264843,-0.076936,-0.273949,0.182603,0.221563,-0.213754,0.168948,0.0462,0.066533,-0.354935,-0.373096,-0.315889,0.158883,0.269361,-0.152124,-0.025754,-0.225925,0.205512,0.378857,-0.073372,0.006632,-0.170943,-0.11969,0.217589,-0.127356,0.175778,-0.424084,0.048553,0.044501,0.149366,0.038213,0.106071,-0.044554,-0.576619,0.193121,0.116681,-0.244531,-0.226718,-0.389092,-0.293391,-0.118333,-0.306214,0.017051,-0.041674,-0.127782,0.070962,-0.158487,-0.03781,-0.266628,-0.016494,-0.134334,0.155828,-0.479018,0.133879,-0.361919,-0.239083,0.110396,-0.020489,-0.116683,0.057704,0.132968,-0.158538,0.105511,0.289,0.218474,0.050318,-0.276294,-0.474164,-0.046299,-0.709601,-0.250575,-0.19996,-0.02476,0.022601,-0.164023,0.07299,-0.241735,-0.050019,0.017031,0.120714,-0.242996,-0.183052,-0.329449,-0.100921,-0.202166,-0.361804,-0.176124,0.060041,-0.379264,-0.063717,0.106657,0.087739,-0.239211,-0.159374,-0.024143,-0.47501,0.056423,-0.365286,0.066801,-0.11354,-0.312422,-0.198301,-0.349011,-0.046299,0.002101,-0.123371,-0.012647,0.115154,-0.166667,-0.138693,0.464116,-0.008266,-0.174901,0.038431,-0.439751,-0.160275,-0.16089,-0.270646,-0.170368,-0.286831,0.443181,-0.390867,0.00743,-0.108492,0.088522,-0.343961,0.158009,-0.130856,0.1474,-0.076814,0.26947,0.254713,0.062863,0.076467,0.148415,0.151802,0.142497,0.212812,0.143786,0.035901,0.297483,0.105172,-0.244693,0.040636,0.362631,-0.030449,0.220919,0.140668,-0.33316,0.264536,-0.171503,0.053466,0.39651,0.092605,-0.007478,0.152744,0.194528,0.079096,-0.090497,0.544641,0.143786,0.087143,0.095315,#
