0,1.0,0.343462,0.043212,-0.314369,0.517327,-0.059133,0.347579,-0.112975,0.664827,0.110054,-0.020616,0.427289,0.477847,0.020137,0.287745,0.193509,0.101086,-0.039125,0.19268,-0.267351,-0.377191,0.233063,0.114151,-0.109628,-0.069341,-0.166941,-0.15517,-0.168013,0.191899,-0.018781,-0.437347,0.013895,-0.152852,-0.086918,-0.435627,0.166172,0.387683,-0.156332,0.110981,-0.006359,0.197865,-0.3964,-0.045055,0.197325,-0.076824,-0.016715,0.502687,0.069134,0.149109,0.350324,-0.023436,-0.221724,0.107402,-0.063968,0.046482,-0.189779,-0.536837,0.394727,-0.013759,0.170148,0.081438,0.084524,-0.170067,0.018177,0.227871,0.303824,-0.152852,-0.08616,0.37201,-0.097323,0.148682,-0.498733,-0.152852,-0.358084,-0.306609,0.082554,-0.304728,-0.330134,-0.515292,-0.187421,0.056435,-0.563291,-0.256289,-0.142962,-0.088376,-0.230281,-0.404847,-0.289464,-0.23514,-0.337584,0.05685,-0.185017,-0.064787,-0.045987,-0.387491,-0.011476,-0.561303,-0.404831,-0.184942,-0.236588,0.152446,-0.462403,-0.420276,-0.301978,-0.173802,-0.326696,-0.40336,-0.140487,-0.100714,-0.09261,-0.14855,-0.220769,-0.013196,-0.176155,-0.348832,-0.29723,-0.408296,-0.513027,0.101408,-0.722992,-0.513462,-0.294619,-0.32085,-0.374672,-0.421434,-0.18656,-0.243948,0.109539,-0.064393,-0.301978,-0.037548,-0.299112,-0.09843,0.03772,-0.319833,-0.561264,-0.152852,-0.513402,0.203402,-0.380942,-0.248092,-0.170486,-0.246446,-0.255059,-0.569185,-0.069412,-0.403545,0.232464,-0.492184,-0.456287,-0.390625,-0.400972,-0.111907,-0.23338,-0.327734,-0.301978,0.352827,0.442311,-0.267436,-0.346414,-0.096384,-0.122808,-0.343589,-0.032081,0.086455,0.278483,-0.079038,-0.158994,-0.374292,-0.30332,-0.06794,0.27111,-0.032835,-0.402295,0.265379,-0.069737,-0.174743,0.344927,0.395741,-0.361315,0.127846,0.18648,0.154827,0.02955,0.260405,-0.042348,0.296247,0.059446,-0.171761,0.474135,-0.348832,0.154934,0.332297,0.338508,0.059391,0.055436,0.279972,-0.348132,0.009795,0.113256,#
1,0.343462,1.0,0.148143,0.236062,0.393414,-0.150153,-0.307796,-0.350125,0.066709,0.030313,-0.34214,0.006127,0.030305,0.043146,0.231778,-0.181574,-0.172928,0.046833,-0.041832,-0.348691,0.075769,-0.081481,0.350428,-0.083894,-0.132868,-0.385153,-0.180573,0.101995,0.19874,0.13948,-0.389611,0.117962,-0.114671,0.134852,-0.315415,0.129004,0.318698,-0.146661,0.251411,-0.080715,0.456459,-0.347881,0.299483,0.230743,-0.277403,-0.215703,0.38271,0.175042,0.02427,0.194178,-0.11541,-0.183716,0.201202,-0.004471,-0.138407,-0.194447,-0.106921,0.31513,-0.205854,0.100472,-0.055217,-0.175854,-0.079543,-0.139956,0.026958,0.236906,-0.114671,0.160894,0.338142,0.135711,0.216411,-0.228967,-0.114671,-0.014364,-0.030369,0.014658,0.036641,0.009246,-0.139373,-0.121542,-0.090196,-0.348371,-0.312159,0.283599,-0.177769,-0.240579,-0.18587,-0.096516,-0.087921,-0.120589,-0.099781,0.018923,-0.181096,0.327158,-0.421147,-0.198864,-0.240714,-0.000576,-0.137433,0.225417,0.182984,0.09568,-0.027355,-0.146844,-0.325544,-0.245089,-0.231814,0.148854,0.191605,-0.139407,0.087555,0.159648,-0.129547,-0.191668,0.035251,-0.076395,-0.232296,-0.077448,0.154589,-0.101525,-0.200443,-0.219702,-0.036563,-0.075155,0.062506,-0.12215,-0.107407,-0.023202,0.302691,0.048623,-0.045282,0.055246,-0.134751,-0.032349,-0.104931,-0.239556,-0.114671,-0.19911,0.287142,-0.086182,-0.102668,0.134106,0.333562,-0.451761,-0.178782,-0.180373,-0.052697,0.107995,-0.303751,-0.085773,-0.318995,-0.161749,-0.090196,-0.106826,-0.13161,0.048623,0.037838,0.120913,0.009022,-0.188718,0.093303,0.006512,-0.146168,-0.129443,0.000448,0.136182,0.08728,-0.544887,-0.280796,0.045381,-0.298663,0.191763,-0.207099,-0.050553,-0.039115,0.170032,-0.035885,-0.098682,0.099807,-0.136178,-0.142167,0.069459,-0.081824,-0.399944,0.063171,-0.164116,0.267674,-0.271849,-0.23767,0.010638,0.035251,-0.030264,-0.030264,0.263814,0.021599,-0.076694,-0.079461,-0.356702,-0.126438,0.070712,#
2,0.043212,0.148143,1.0,0.45804,-0.323869,-0.347961,0.048528,-0.097081,0.055165,0.107831,0.092433,-0.015508,-0.041898,-0.038481,-0.045014,-0.17813,-0.199384,0.330421,0.081581,0.041852,-0.361469,0.108013,0.108301,0.103082,0.210502,-0.042572,0.213116,-0.254498,0.196219,-0.247267,-0.116188,0.019778,0.210308,-0.213502,-0.28678,0.164269,-0.142397,0.162064,-0.038972,-0.220414,-0.018054,0.273674,-0.106262,-0.09326,0.436591,-0.515335,0.330801,0.184098,-0.296321,0.367371,-0.338884,0.027298,-0.230727,0.280694,-0.159173,-0.160511,-0.156734,0.049363,-0.162956,0.093996,-0.21577,0.015749,0.009514,-0.331892,0.125589,-0.024894,-0.212186,-0.05202,-0.225402,-0.08026,0.089507,-0.015941,-0.212186,0.302992,-0.121705,0.214281,0.038229,-0.08875,0.027766,-0.285911,-0.017665,-0.050217,-0.139527,0.285784,-0.02049,-0.108543,0.266034,-0.049956,-0.414641,-0.294695,0.274562,-0.391048,0.096986,0.133929,-0.115514,0.474663,0.211042,0.269283,-0.126371,-0.016674,-0.302746,-0.060832,-0.136401,0.058619,-0.136816,0.179585,0.209783,0.198049,0.111564,0.266564,0.334389,-0.018417,0.215028,0.124142,0.173722,-0.206591,-0.123092,-0.202574,0.10291,0.005417,-0.20934,0.031429,-0.135148,-0.050441,-0.033405,0.027241,-0.040074,-0.240885,0.050544,0.041387,0.201141,0.032158,0.179429,0.096067,0.262315,0.030737,0.210308,0.312011,0.227297,-0.233719,0.14114,0.358612,0.152259,-0.21893,-0.053514,0.016143,-0.118844,-0.200025,-0.2828,0.302763,0.16627,0.363574,0.279759,0.166418,0.041675,0.231718,0.031998,0.089261,0.094257,-0.008933,0.38858,-0.04151,0.200807,0.047288,-0.188214,-0.063235,-0.206218,-0.198893,0.051302,-0.115711,-0.072671,0.040822,0.115695,0.02542,-0.008011,0.203066,-0.337507,0.110035,0.081109,-0.053436,0.021272,0.199615,-0.232205,-0.063513,-0.481502,0.245555,-0.244664,0.225192,0.084536,-0.074308,0.173722,-0.004329,-0.325186,-0.049148,-0.337228,-4.9e-05,-0.26163,-0.055647,0.277935,-0.465415,#
3,-0.314369,0.236062,0.45804,1.0,-0.185961,-0.271326,-0.333241,-0.090053,-0.446825,-0.160107,0.03353,-0.42328,-0.315239,-0.07034,-0.113587,-0.198737,0.061124,0.030087,0.105604,0.062145,0.034783,-0.019572,-0.104822,-0.091838,0.083011,0.131361,-0.145738,0.285333,0.184913,-0.182725,0.068066,0.186532,0.167002,-0.113312,-0.315924,-0.181311,-0.239724,0.10873,0.098259,0.029591,-0.042201,0.031477,0.23128,0.091676,-0.091562,-0.145177,-0.068175,-0.212946,-0.148286,0.036412,-0.272787,0.224776,-0.104368,0.319318,-0.187706,0.136531,0.157135,-0.284129,-0.162115,-0.169457,-0.121486,-0.097828,0.120949,-0.007997,-0.284054,-0.317263,0.118266,0.049729,-0.40769,-0.06412,0.053417,0.133264,0.134511,0.337773,-0.04438,0.327214,0.269857,0.144965,0.116531,-0.022254,-0.05086,0.048042,-0.098363,0.287423,-0.09614,-0.118394,0.2099,0.091978,0.020239,-0.014176,0.092478,0.139631,-0.13388,0.18962,0.011485,0.156652,0.197172,0.362661,-0.01917,0.035965,-0.270998,0.081662,0.037875,0.249704,-0.190184,-0.152149,0.386336,0.204776,0.369859,0.091298,0.290756,-0.093265,-0.335709,-0.050509,0.145595,0.236742,0.364798,0.017298,-0.097942,0.406104,-0.039291,-0.070561,0.117902,0.351987,0.365183,0.153369,-0.175096,-0.172876,0.108088,0.242386,-0.145893,0.045285,-0.103947,0.003722,0.258064,0.18773,0.167002,0.151497,-0.186748,0.150478,-0.004938,0.380249,0.401075,-0.166497,0.037865,0.01789,0.02087,-0.147436,0.006214,0.264151,0.212338,0.51702,0.258293,0.031594,0.146724,0.257022,-0.190726,-0.295251,0.215285,-0.010779,0.074303,0.052494,0.005333,-0.169361,-0.273664,-0.269116,-0.137695,-0.316699,0.152828,0.069138,-0.292556,-0.280101,0.057867,0.207846,-0.078401,0.21205,-0.062817,-0.170874,-0.337813,0.216387,-0.255108,-0.17403,0.014545,-0.146642,-0.093816,-0.150881,-0.072961,-0.089014,0.235847,-0.314718,0.310727,0.021558,-0.153993,-0.239119,-0.135243,-0.032496,-0.273455,0.128689,-0.240449,-0.085332,#
4,0.517327,0.393414,-0.323869,-0.185961,1.0,-0.017014,0.083456,-0.180925,0.244654,0.311408,-0.32097,0.264912,0.486286,0.179001,-0.029348,-0.057383,-0.034801,-0.03007,-0.037965,-0.314743,0.07527,-0.063628,0.370463,-0.318365,-0.131387,-0.106432,-0.079087,-0.076394,0.071857,0.021342,-0.318261,-0.016327,-0.296968,0.197472,-0.375925,0.378702,0.359406,-0.380364,0.05436,-0.168876,0.377641,-0.369643,0.297196,0.38643,-0.298348,-0.094962,0.174019,0.232859,0.392645,-0.09674,-0.072869,-0.48254,0.044225,-0.160699,0.195693,-0.42352,-0.386469,0.331296,0.092831,0.04684,0.234382,0.168417,-0.298919,-0.004859,0.164016,0.442531,0.108911,0.112164,0.321576,0.098362,-0.122456,-0.593983,0.125822,-0.655812,-0.166103,0.25135,-0.360089,-0.345485,-0.27342,-0.10226,-0.151105,-0.560549,-0.420793,-0.138988,-0.248754,-0.4271,-0.551456,-0.318255,-0.014862,0.051217,-0.484235,-0.104893,-0.397629,-0.041428,-0.394247,-0.301485,-0.575344,-0.391852,-0.284414,-0.076867,0.359028,-0.319755,-0.336675,-0.352705,-0.444673,-0.634719,-0.336471,-0.191176,-0.077515,-0.182674,0.12773,0.194181,-0.29687,-0.456824,-0.456319,0.018542,-0.399112,-0.468858,0.118703,-0.554385,-0.289856,-0.200012,-0.334565,-0.306278,-0.198403,0.044604,-0.425933,0.275976,-0.049494,-0.176632,-0.339673,0.030023,-0.426044,0.303269,-0.466605,-0.395181,-0.296968,-0.630455,0.118926,-0.281049,-0.440419,-0.180057,-0.037246,-0.125839,-0.401463,-0.236717,-0.219757,0.572852,-0.444965,-0.36372,-0.609198,-0.442195,-0.190944,-0.436945,-0.12014,-0.367096,0.159587,0.558119,-0.222031,-0.482768,-0.064358,0.065145,-0.641424,-0.114998,-0.051373,0.317332,-0.226025,-0.379519,-0.517805,0.021461,-0.06007,0.147106,-0.29199,-0.522649,0.032723,-0.14472,-0.10496,0.426686,0.454314,-0.371885,0.157017,0.103855,0.070718,-0.117968,0.478365,-0.342656,0.400749,-0.133141,-0.471582,0.524515,-0.284414,0.071163,0.439405,0.316686,-0.078829,0.187149,0.330412,-0.373804,-0.268631,0.063165,#
5,-0.059133,-0.150153,-0.347961,-0.271326,-0.017014,1.0,0.272805,0.466802,-0.077587,-0.085781,-0.116386,0.172869,-0.097983,0.580452,0.036015,0.011236,-0.139371,0.007602,-0.039318,-0.227619,0.358135,0.109403,-0.085995,-0.437917,0.127761,0.020968,0.177383,-0.135792,-0.181662,0.044527,0.134001,0.224801,0.212359,0.014549,-0.120443,0.044628,-0.018934,-0.222788,0.229002,-0.152565,0.020287,0.022101,0.292971,0.031549,-0.158505,0.130372,-0.12786,0.109793,0.147934,-0.187289,0.339099,-0.020655,0.226785,-0.19593,-0.049247,0.118854,0.354039,0.182947,-0.018673,0.263277,0.185358,-0.016332,-0.282235,0.333324,-0.181385,-0.02068,-0.196023,0.350435,0.197889,-0.353114,-0.17232,-0.114198,0.196651,0.027416,0.130741,-0.290442,0.293631,0.203693,-0.35479,0.116253,0.03082,-0.106498,0.286611,-0.291883,0.183818,0.263055,0.041205,0.0512,0.014983,-0.034813,-0.119946,0.02552,0.166418,-0.343069,0.117248,-0.148253,-0.203988,-0.107923,0.127671,-0.191502,0.312801,-0.119541,0.138548,-0.414553,0.122606,-0.197681,-0.204745,-0.548283,-0.297132,-0.596191,-0.399858,0.01758,-0.05579,0.018828,-0.031989,-0.111937,-0.043015,-0.132392,-0.069694,-0.177206,0.037098,0.098439,0.125714,-0.268557,-0.074564,0.110414,0.016288,-0.280572,0.010482,-0.237655,-0.044399,-0.050976,-0.180625,-0.050363,-0.101529,-0.045936,0.212359,0.039033,-0.192621,0.047896,-0.346731,-0.202467,-0.344897,-0.272393,0.038355,0.023768,0.126533,-0.04287,0.100617,-0.143692,-0.048654,-0.022504,-0.280423,0.213278,0.124346,-0.23058,0.396731,0.067058,-0.1131,0.194627,-0.035331,-0.182506,0.098397,0.117979,0.062502,0.250705,0.596517,0.422234,-0.083285,0.131385,0.10173,0.12848,0.156588,0.124821,0.336897,-0.188836,-0.084579,0.054534,0.107537,-0.024886,0.139485,-0.026579,0.046162,0.026933,0.302802,-0.406606,0.172234,-0.044101,0.055776,0.070925,-0.038375,-0.027972,0.151096,-0.253294,0.319571,0.17594,0.07421,-0.266342,0.010233,0.295554,#
6,0.347579,-0.307796,0.048528,-0.333241,0.083456,0.272805,1.0,0.144954,0.531653,-0.05317,0.324043,0.557027,0.111502,-0.019394,0.10845,0.464122,-0.056725,-0.240016,0.21337,-0.363133,-0.169431,0.037565,0.038556,-0.392209,-0.010512,-0.115946,-0.093528,-0.326887,0.282146,-0.102468,-0.425307,-0.075777,-0.180813,-0.402133,-0.093083,0.242936,0.052092,-0.056873,-0.175442,-0.105562,-0.04981,-0.050061,-0.364257,0.021943,0.123967,0.051727,0.222253,0.056301,0.126075,0.261864,0.040736,-0.109382,0.095684,0.04147,0.101006,0.014167,-0.031316,0.090513,0.038197,0.298851,0.21058,0.286837,-0.237342,0.331808,0.007753,-0.011351,-0.180813,0.058414,0.221351,-0.42339,0.079842,-0.338459,-0.180813,-0.269574,-0.459346,0.166109,-0.19981,-0.186867,-0.617131,-0.474451,-0.072887,-0.372833,-0.117024,-0.401153,-0.245664,0.156937,-0.204932,-0.39092,-0.322111,-0.169617,0.000818,-0.267153,0.098288,-0.497621,-0.499656,0.054298,-0.319903,-0.692822,-0.304569,-0.205045,0.191313,-0.386358,-0.284565,-0.552083,0.024508,-0.162218,-0.28474,-0.38454,-0.401599,-0.18727,-0.455159,0.043562,0.001583,-0.091664,-0.298097,-0.574426,-0.490818,-0.189235,-0.184127,-0.414979,-0.254955,-0.142678,-0.292929,-0.374813,-0.274473,-0.194558,-0.302093,-0.148668,-0.19956,-0.552083,-0.102974,-0.383452,-0.272742,0.004708,-0.356842,-0.154205,0.233019,-0.439729,-0.135824,-0.354427,-0.302309,-0.383533,-0.497533,-0.139875,-0.213766,0.011143,-0.663549,0.289988,-0.148809,-0.422093,-0.110677,-0.285389,-0.419528,-0.132625,-0.331012,-0.552083,0.338344,0.398681,-0.216911,-0.279705,-0.252274,-0.386449,0.008025,-0.175951,-0.204892,0.536052,-0.121306,0.321826,-0.032862,-0.552088,0.205461,0.396562,0.162127,-0.268337,0.583666,-0.636958,-0.254007,0.458936,0.157033,-0.323769,0.578836,0.342389,0.278721,0.441517,0.380258,-0.179998,0.161526,0.094202,0.07142,0.295126,-0.298097,0.423356,0.423356,0.048973,-0.265111,0.385399,0.536199,-0.36936,-0.074514,0.181977,#
7,-0.112975,-0.350125,-0.097081,-0.090053,-0.180925,0.466802,0.144954,1.0,-0.201149,-0.256603,-0.060079,-0.299955,-0.270445,0.457834,0.265899,-0.149108,-0.064323,-0.19398,0.231744,0.03229,-0.151039,0.305787,-0.39059,-0.311945,0.040993,0.330824,0.289122,0.011885,-0.358605,-0.128103,0.243899,0.187717,0.337351,-0.162899,0.01701,0.049632,-0.080294,0.125749,0.228368,-0.349968,-0.321761,0.261252,0.324528,0.021569,-0.18996,0.173407,-0.066742,-0.339139,-0.296155,-0.16456,-0.110049,0.213115,0.009361,-0.231532,-0.065702,0.267093,0.142126,0.056699,-0.149137,0.165819,0.223435,0.4766,-0.226708,0.346936,0.167273,0.13723,-0.127221,0.231134,-0.123404,-0.286385,-0.137906,0.035698,0.319483,-0.026047,0.094608,-0.31785,0.231209,-0.052009,-0.183259,0.185443,0.246048,-0.048911,0.335747,-0.317359,0.136489,0.279174,0.119152,0.053927,0.083863,0.15163,0.028651,-0.03093,0.143089,-0.126692,0.285792,0.14919,-0.274049,0.133177,0.007653,-0.123781,0.061297,-0.138119,0.234161,-0.179164,0.004754,-0.020182,0.03118,-0.285901,-0.059965,-0.386935,-0.432515,0.158326,0.179997,0.343103,-0.173975,0.223659,0.108399,0.010969,-0.089104,0.165341,-0.039328,0.259936,-0.097765,0.02128,0.177941,0.187094,0.07973,-0.311816,0.213801,0.022073,0.260261,-0.175605,-0.193607,-0.037965,0.022112,-0.096739,0.337351,0.159225,-0.215975,0.033865,-0.130918,-0.295108,-0.128817,0.113624,0.108532,-0.196224,0.112,-0.400799,0.341681,0.045227,0.175244,0.158308,0.232017,0.307544,0.524523,0.030123,0.098962,-0.01667,-0.228982,0.352193,-0.000968,-0.271909,0.168551,0.000699,-0.038328,-0.012489,0.096461,0.313672,-0.0903,0.226323,-0.179475,0.048334,0.060669,0.252379,0.085964,0.065075,-0.073362,0.010306,-0.023,0.083701,-0.053642,-0.194495,0.014474,0.042201,-0.045789,-0.018593,0.064657,0.283333,0.250997,-0.239465,-0.181241,0.038868,-0.154219,-0.169963,0.168285,0.058337,-0.213091,-0.080338,0.180014,0.005292,#
8,0.664827,0.066709,0.055165,-0.446825,0.244654,-0.077587,0.531653,-0.201149,1.0,-0.237502,0.322332,0.45626,0.303996,-0.280227,0.30124,0.266044,0.272973,-0.001694,0.055534,-0.181939,-0.329666,0.023649,0.20567,0.032501,0.023697,-0.247547,-0.148944,-0.147104,0.26724,-0.132995,-0.455699,-0.125992,-0.127256,-0.136243,-0.149533,-0.138971,0.4202,-0.050412,0.200299,-0.126787,0.048869,-0.415855,-0.341288,-0.038397,0.228618,0.088584,0.424615,0.196558,0.158853,0.247466,0.219981,-0.196457,0.00326,0.23652,0.145506,0.132017,-0.260118,0.349379,-0.166498,0.230125,0.107707,-0.169803,-0.185888,0.16736,0.195831,0.262748,-0.127256,-0.069331,0.314135,0.16628,0.13047,-0.317408,-0.127256,-0.252806,-0.31711,0.108834,-0.206429,-0.086837,-0.368277,-0.211743,0.026467,-0.255588,-0.046969,0.020751,-0.092819,0.081415,-0.242532,-0.330037,-0.157652,-0.384514,0.353403,-0.251557,0.120088,-0.143782,-0.28681,0.125519,-0.278371,-0.425464,-0.209969,-0.055138,0.202858,-0.323969,-0.530023,-0.388557,0.152397,-0.025721,-0.342673,0.144485,-0.267825,0.210389,-0.183908,-0.1838,0.153515,-0.045171,-0.028335,-0.50868,-0.467278,-0.33227,-0.108584,-0.375977,-0.233953,-0.115321,-0.318545,-0.545435,-0.40416,-0.215665,-0.135674,0.187313,-0.157076,-0.388557,0.227462,-0.3884,0.117062,-0.257891,-0.037909,-0.277156,-0.127256,-0.42743,0.140169,-0.179172,-0.135771,-0.049021,-0.350165,-0.221253,-0.412895,-0.128039,-0.467008,0.314535,-0.191116,-0.50774,-0.029644,-0.288382,-0.162064,-0.15581,-0.374304,-0.388557,0.108576,0.335978,-0.087046,-0.426583,0.005685,-0.271984,-0.022383,-0.043158,-0.074723,0.195893,-0.155464,-0.114024,-0.086532,-0.388561,0.191929,0.267524,0.02273,-0.151508,0.103632,-0.364977,-0.104471,0.380253,0.045533,-0.518828,0.345604,0.186817,0.174721,0.172017,0.136326,0.132922,0.004313,0.241183,-0.180641,0.317713,-0.028335,0.231813,0.231813,0.202278,-0.071971,0.195528,0.377378,-0.298535,-0.058758,0.024838,#
9,0.110054,0.030313,0.107831,-0.160107,0.311408,-0.085781,-0.05317,-0.256603,-0.237502,1.0,-0.481889,0.266831,0.356206,0.224513,-0.605257,-0.251352,-0.457804,0.42235,-0.20039,0.074309,0.192852,-0.206759,0.072811,0.027765,0.273548,0.009873,0.190279,-0.453692,-0.048749,0.399795,0.121834,-0.375161,-0.195862,0.205068,-0.107749,0.585137,-0.049503,-0.21598,-0.41854,-0.154664,0.352079,0.210835,0.054766,0.366833,0.223877,-0.359127,-0.107465,0.535066,0.200292,-0.029036,-0.322633,-0.368067,-0.029787,-0.350142,-0.055805,-0.689559,-0.21951,-0.14307,0.316384,-0.251609,-0.281916,0.286146,-0.035759,-0.631042,-0.000143,-0.051892,0.185688,0.129337,0.064008,-0.057676,-0.147873,-0.420956,-0.195862,-0.155059,0.258651,0.125481,-0.259664,-0.462318,0.09874,0.095473,-0.139654,-0.144132,-0.061515,-0.275832,0.166762,-0.244896,-0.129039,0.028049,-0.18506,0.229339,-0.33286,-0.008247,-0.303963,0.183101,-0.067219,0.006509,0.092938,0.023784,0.253016,0.051941,-0.312481,-0.144578,0.266385,0.095476,-0.211053,-0.215227,0.099724,-0.242737,0.159423,-0.095787,0.493956,0.302862,0.07243,-0.329523,-0.055102,0.004721,-0.075209,-0.15691,0.416684,-0.449227,0.014126,0.232869,-0.049243,-0.00477,-0.342595,0.085469,0.013072,0.129316,-0.070206,0.264576,-0.241291,0.454329,0.098646,0.65655,-0.312841,0.098072,-0.195862,0.025328,0.306265,-0.285945,0.187221,-0.128847,0.176126,0.121921,0.172799,-0.015934,0.263752,0.163073,-0.390699,0.32171,-0.406679,-0.246031,0.153709,-0.001256,0.077829,0.264576,0.34056,0.136146,0.025059,0.175347,0.156231,0.448574,-0.232517,0.42903,0.016677,0.211769,-0.160077,-0.186165,-0.089004,0.096942,0.031841,-0.077369,-0.124037,-0.409766,0.215501,0.276759,0.085697,0.02596,0.569409,0.013846,-0.045642,-0.058365,-0.45675,0.008109,-0.061201,-0.186371,0.126715,-0.078754,-0.520388,0.336143,-0.055102,-0.395251,-0.049082,0.121708,-0.044564,-0.137141,-0.13302,0.01178,0.268679,-0.222107,#
10,-0.020616,-0.34214,0.092433,0.03353,-0.32097,-0.116386,0.324043,-0.060079,0.322332,-0.481889,1.0,-0.061976,-0.259263,-0.438636,0.223785,0.317561,0.242772,-0.404973,0.297776,0.062992,-0.11619,0.176716,-0.229212,-0.005109,-0.319622,0.151083,-0.274621,0.218215,0.193767,-0.247531,-0.116281,-0.009095,-0.194223,-0.357919,0.270464,-0.339451,-0.165244,0.367207,0.020126,0.422194,-0.260085,-0.247666,-0.52446,-0.256874,0.179216,0.249237,-0.21919,-0.426877,0.247627,0.009057,0.246583,0.216977,0.073842,0.455785,0.079108,0.41886,0.157617,-0.289594,-0.047071,0.146801,0.004507,-0.275011,0.256665,0.060579,0.10079,-0.115485,-0.194223,-0.260969,-0.480666,-0.106633,-0.06326,0.2832,0.209064,0.149834,-0.238137,0.245458,0.062182,0.230046,0.087874,-0.248214,0.065972,0.156867,-0.042083,0.050085,0.010018,0.141598,0.327309,-0.001114,-0.023099,-0.241225,0.411693,-0.181753,0.518275,-0.40996,0.060208,0.32452,0.078477,-0.161635,-0.238558,-0.015125,-0.170895,-0.002215,-0.376219,0.072316,0.245155,0.171012,-0.020266,0.106586,-0.160124,0.341892,-0.226031,-0.280522,-0.070775,0.327155,-0.080413,-0.334938,0.080108,0.206556,-0.367944,0.114805,0.048205,-0.212493,0.245093,0.183104,0.077551,-0.197125,0.165927,-0.076904,-0.043564,-0.112996,0.30997,-0.474215,-0.056043,-0.452858,0.399533,0.249187,0.225195,-0.025608,-0.365861,0.176667,-0.02418,0.276606,-0.411085,-0.068482,0.022828,0.194495,-0.26443,-0.091084,0.257209,-0.3274,0.294922,0.156687,-0.178052,-0.219282,-0.404836,-0.294673,-0.380877,0.052488,0.159788,-0.181486,0.048611,-0.270704,0.252844,-0.250969,-0.095222,-0.228933,-0.153043,0.096615,0.467554,-0.412832,0.159212,-0.297909,0.144505,0.318873,0.125634,-0.404127,-0.342557,0.119331,-0.521934,-0.031433,0.073321,0.162948,0.267069,0.53116,-0.123028,0.30542,-0.242858,-0.022147,0.449827,-0.104115,0.083561,0.516789,0.053969,-0.284529,-0.189881,0.210616,0.150391,0.03423,0.01528,0.131879,#
11,0.427289,0.006127,-0.015508,-0.42328,0.264912,0.172869,0.557027,-0.299955,0.45626,0.266831,-0.061976,1.0,0.340666,-0.170808,-0.004073,0.183764,-0.18261,0.048846,-0.260139,-0.334963,0.078308,-0.039856,0.197981,-0.065938,0.209889,-0.266977,0.172329,-0.556817,0.263333,0.142483,-0.452781,-0.130916,-0.210298,0.110705,-0.243813,0.369972,-0.096564,-0.373928,-0.01899,0.017195,0.316547,-0.174047,-0.281138,-0.070149,-0.043776,0.022715,0.022867,0.482033,0.131232,0.08001,0.05902,-0.324006,-0.041733,-0.030365,0.225776,-0.24203,-0.352844,0.102145,0.156171,0.216614,-0.121074,0.242726,-0.23235,0.061415,0.04439,-0.109684,-0.210298,0.007866,0.427325,-0.149432,0.067273,-0.375131,-0.210298,-0.257835,-0.332105,0.175832,-0.17429,0.068004,-0.467312,-0.485683,-0.518283,-0.237198,-0.173356,-0.181126,-0.118001,-0.118682,-0.384363,-0.39087,-0.281288,-0.0138,-0.293323,-0.254617,-0.10122,-0.267589,-0.488938,0.067936,-0.142691,-0.554825,-0.315034,-0.232762,0.195486,-0.225042,-0.197475,-0.526879,0.013748,-0.086423,-0.193726,-0.26555,-0.435206,-0.095103,-0.115076,0.001263,-0.184396,-0.419059,0.012452,-0.41012,-0.491918,-0.249737,-0.133065,-0.530518,-0.170503,-0.350277,-0.166774,-0.435076,-0.332637,-0.143434,-0.082186,0.130795,-0.08088,-0.526879,-0.206018,-0.159247,-0.168194,0.136603,-0.457241,-0.138697,-0.210298,-0.412227,0.354297,-0.400383,-0.262599,-0.082679,-0.456846,-0.245019,-0.231852,-0.151455,-0.322272,0.268365,-0.333534,-0.432023,-0.344866,-0.404068,-0.268083,-0.27845,-0.175262,-0.526879,0.429217,0.35875,-0.077285,-0.268676,0.036617,-0.067015,-0.177055,-0.015648,-0.174395,0.335076,0.176308,0.196644,0.022005,-0.449909,0.175871,0.245397,0.109338,-0.372286,0.372354,-0.378939,-0.194982,0.30882,0.425947,-0.243409,0.572777,0.395984,0.122254,0.154206,0.384206,-0.375209,0.017942,-0.071925,-0.182468,0.74527,0.012452,0.334078,0.402942,0.054456,-0.17095,0.112817,0.502849,-0.27234,0.003756,0.099511,#
12,0.477847,0.030305,-0.041898,-0.315239,0.486286,-0.097983,0.111502,-0.270445,0.303996,0.356206,-0.259263,0.340666,1.0,0.198671,0.037034,0.153966,0.023404,0.139834,0.103859,-0.24331,-0.293885,0.139899,0.253417,0.033738,-0.056906,-0.167031,0.143364,-0.265878,0.30993,-0.144473,-0.329957,0.09201,-0.195815,0.211497,-0.135784,0.393093,0.288595,-0.194595,-0.199697,0.041428,0.188432,-0.114284,0.02543,0.026263,0.217151,-0.070307,0.430026,0.193196,0.036109,0.314945,-0.223553,-0.373763,0.217207,-0.035037,0.325632,-0.520412,-0.401455,0.451406,0.309833,-0.206955,0.200609,0.020945,-0.247278,-0.067443,0.169411,0.232802,0.185642,-0.282239,0.245245,-0.151722,-0.116766,-0.557365,-0.195815,-0.323839,-0.063781,0.201491,-0.42855,-0.459194,-0.217545,-0.220645,-0.139987,-0.300235,-0.366077,-0.282296,-0.139153,-0.397132,-0.282405,-0.291439,-0.363609,-0.067555,-0.146283,-0.341021,-0.134618,0.002565,-0.064649,-0.338554,-0.069701,-0.133911,-0.064783,-0.592692,0.190035,-0.29424,-0.399249,-0.256588,-0.205287,-0.203213,-0.2219,-0.145202,-0.159918,0.077935,0.152783,-0.001494,-0.058255,-0.316948,-0.217009,-0.310041,-0.568312,-0.292231,0.267346,-0.510127,-0.161843,-0.229088,-0.208425,-0.165784,-0.298171,-0.085565,-0.358601,0.188169,-0.443909,-0.266533,-0.04005,0.103731,0.101174,0.143609,-0.30998,-0.231808,-0.195815,-0.142406,0.145215,-0.601446,-0.368854,-0.217165,-0.188514,0.180708,-0.446232,-0.025434,-0.068077,0.408288,-0.687814,-0.151203,-0.074946,-0.243041,-0.011878,-0.181613,-0.058118,-0.266533,0.348466,0.380478,-0.451929,-0.327323,-0.26088,0.021623,-0.37047,-0.209202,0.345899,0.234825,-0.160039,-0.005202,-0.479495,-0.077475,0.395029,0.396785,-0.124006,-0.386902,0.131683,0.105556,-0.106494,0.522159,0.488337,-0.429985,0.144566,0.286905,0.179908,0.106213,0.281531,-0.101286,0.255312,-0.041382,-0.275051,0.390257,-0.217009,-0.04907,0.468769,0.582449,0.099681,0.03592,0.403269,-0.316799,-0.07882,-0.036597,#
13,0.020137,0.043146,-0.038481,-0.07034,0.179001,0.580452,-0.019394,0.457834,-0.280227,0.224513,-0.438636,-0.170808,0.198671,1.0,0.035401,-0.147081,-0.129074,0.252161,0.254012,-0.264883,0.008171,0.28962,0.094651,-0.228076,-0.062781,-0.032356,0.236031,-0.01649,-0.187066,-0.131219,0.309828,0.398097,0.15907,-0.08121,-0.332214,0.223854,0.123655,-0.058305,0.102781,-0.354429,0.09116,0.371524,0.609315,0.2462,-0.090791,-0.08682,0.2316,0.194884,-0.067242,-0.168155,-0.14024,0.033611,0.083867,-0.512863,-0.252995,-0.327889,0.1508,0.429949,-0.14736,-0.125161,0.230516,0.193942,-0.145839,0.115283,0.144046,0.287239,0.12593,0.079082,0.126805,-0.171279,-0.204719,-0.272453,0.1425,-0.027412,0.120956,-0.271467,0.093743,-0.390373,-0.013486,0.157431,0.104777,-0.274403,0.059465,-0.229991,0.21774,0.016188,0.050071,-0.055473,-0.162793,-0.024529,-0.11073,-0.038254,0.041655,0.023819,0.211471,-0.209957,-0.141824,0.220799,0.15503,-0.165104,0.27419,-0.068038,0.172883,-0.096542,-0.174708,-0.122905,-0.00813,-0.500774,0.183628,-0.490803,-0.19199,0.218017,0.162476,0.15378,-0.178835,0.098405,-0.136781,-0.190088,0.391153,-0.253564,-0.035984,0.255233,-0.051699,-0.177863,0.026442,0.146588,-0.16141,-0.216573,-0.139688,0.079705,0.01077,0.285314,-0.101644,0.20206,-0.094646,-0.146408,0.15907,0.168385,0.046732,-0.165943,-0.17542,-0.229595,0.016396,-0.210439,0.037334,0.062324,0.217747,-0.037285,-0.349347,0.256172,-0.129078,0.138338,-0.080439,0.234389,0.321177,0.087169,0.31325,0.276156,-0.28219,0.154217,0.047237,0.104909,-0.024568,0.171077,0.231235,0.255823,0.244463,0.131898,-0.460271,0.46472,-0.119066,0.297352,-0.221449,-0.002494,0.120475,0.19726,-0.055812,0.155104,0.296701,-0.071748,-0.121752,-0.017556,-0.185611,-0.075414,0.052368,-0.226759,0.38569,0.105549,-0.103554,-0.096437,-0.185572,-0.36599,-0.005192,0.175949,0.24757,-0.057584,-0.119413,-0.224338,0.322521,-0.072753,#
14,0.287745,0.231778,-0.045014,-0.113587,-0.029348,0.036015,0.10845,0.265899,0.30124,-0.605257,0.223785,-0.004073,0.037034,0.035401,1.0,0.3509,0.038113,-0.493354,0.241561,-0.409841,-0.290269,0.438132,-0.085413,0.043538,-0.409668,0.0145,-0.067383,0.087289,0.330495,-0.145823,-0.369377,0.329024,-0.195921,0.034933,-0.112291,-0.169427,0.143345,0.195508,0.453322,0.039572,-0.318598,-0.104469,0.08163,-0.121918,-0.285475,0.481734,0.408499,-0.42966,-0.079697,0.148246,0.05789,0.271607,0.004152,-0.024562,-0.002949,0.262399,-0.016455,0.471251,-0.380635,0.135128,0.246236,-0.002556,-0.009571,0.516996,0.139959,0.373044,-0.195921,-0.188782,0.048941,-0.141997,0.102445,0.082313,0.200359,-0.150651,-0.183122,-0.174388,-0.068952,0.237058,-0.195832,-0.195729,-0.116883,-0.111188,-0.179992,0.029312,-0.107328,-0.046965,-0.126719,-0.452678,0.042144,-0.196889,0.080241,-0.127102,0.543831,-0.153779,-0.058071,0.013997,-0.383387,-0.121978,-0.521017,-0.136001,0.202512,0.041631,-0.186811,-0.23403,-0.044341,0.242614,-0.370202,-0.011439,0.036515,-0.040235,-0.669634,-0.282974,-0.178018,0.372024,-0.207358,-0.133603,-0.381233,0.233128,-0.384415,0.027023,-0.138413,-0.332495,0.123643,0.050472,0.300215,-0.041428,0.215926,-0.1645,0.02209,-0.23403,0.340948,-0.409291,-0.344712,-0.620482,-0.112158,-0.218407,0.21621,-0.144529,0.156037,-0.113996,-0.150284,-0.295346,-0.342829,-0.156311,-0.265852,-0.013889,-0.218797,-0.347529,-0.028993,-0.44218,0.15131,-0.035402,-0.135554,-0.153665,-0.045808,-0.412551,-0.24232,0.152507,-0.278377,-0.132433,-0.263629,-0.418739,-0.039085,-0.522024,-0.111671,-0.098759,0.006723,0.048426,-0.079392,-0.236993,-0.270349,0.255876,-0.35384,0.15258,0.021635,-0.023686,-0.057252,0.046303,-0.328736,-0.125887,-0.034193,0.45348,0.520212,0.114463,0.14343,-0.069223,0.134399,0.231058,0.523335,-0.093509,-0.213803,0.484138,0.145838,0.316173,-0.037049,-0.304769,0.241756,-0.272683,0.037045,0.299054,#
15,0.193509,-0.181574,-0.17813,-0.198737,-0.057383,0.011236,0.464122,-0.149108,0.266044,-0.251352,0.317561,0.183764,0.153966,-0.147081,0.3509,1.0,-0.006246,-0.375254,0.251366,0.027299,-0.107661,0.254291,0.020168,-0.183273,-0.384385,0.047331,-0.192546,0.098337,0.31967,-0.034697,-0.312579,0.038102,-0.29397,0.013452,0.150333,0.002503,0.064038,0.01736,-0.15775,0.235857,-0.31997,-0.163053,-0.148168,-0.17644,0.033331,0.230796,0.360378,-0.208229,0.173877,0.13426,0.135222,0.061306,0.076642,-0.039223,-0.126687,0.061549,0.205597,0.138363,0.040269,-0.151232,0.087632,-0.153955,0.174047,0.46236,-0.056964,-0.090478,0.11622,-0.091884,0.097291,-0.329623,0.119948,-0.086842,-0.293969,-0.1299,-0.199451,-0.079148,-0.195525,-0.002753,-0.298812,-0.31517,-0.111154,-0.080121,-0.41795,-0.292245,-0.077628,-0.002087,-0.409306,-0.346729,0.140623,-0.127601,-0.085726,0.052087,0.27811,-0.277019,-0.269521,-0.156482,-0.257286,-0.595208,-0.310167,-0.162505,0.257713,-0.167304,-0.320552,-0.010437,0.040865,0.233481,-0.511305,0.002356,-0.092104,0.043788,-0.46309,-0.424589,-0.108866,0.057732,-0.303218,-0.1991,-0.24849,0.073789,-0.196523,-0.218842,-0.254881,-0.358631,0.149545,0.209804,-0.174229,-0.112223,-0.066686,-0.092066,-0.267411,-0.399261,-0.128298,-0.209962,-0.257285,-0.066169,-0.277902,-0.255242,0.150403,-0.316019,-0.182771,-0.129295,-0.077482,-0.463455,-0.282084,-0.086395,-0.399214,0.529148,-0.44081,0.081901,-0.095764,-0.362974,-0.080906,-0.240371,-0.389434,-0.071462,-0.484271,-0.399261,0.044065,-0.040578,-0.254265,-0.126465,-0.683109,-0.259302,-0.107022,-0.312745,-0.010269,0.1943,-0.006648,0.367123,-0.1438,-0.525932,0.018283,0.242879,-0.006173,-0.120155,0.234471,-0.350025,0.277051,0.138395,-0.268895,-0.083257,0.209008,0.469427,0.475114,0.492348,0.377135,0.000709,0.233977,-0.115212,0.447809,0.155348,-0.483898,0.459974,0.511688,0.120707,-0.211952,0.035155,0.593003,-0.032258,-0.254197,0.282051,#
16,0.101086,-0.172928,-0.199384,0.061124,-0.034801,-0.139371,-0.056725,-0.064323,0.272973,-0.457804,0.242772,-0.18261,0.023404,-0.129074,0.038113,-0.006246,1.0,-0.160717,0.07634,-0.034193,-0.415646,-0.011268,0.062606,0.180299,-0.040553,-0.139018,-0.208974,0.368982,-0.026698,-0.347569,0.142041,0.295442,0.218593,-0.313128,-0.141701,-0.53876,-0.052966,-0.040094,0.028638,0.230685,-0.12029,-0.151113,-0.129002,-0.116549,0.006453,0.101499,0.072971,-0.147297,-0.060523,0.136765,0.304414,0.103938,0.046959,0.155724,0.216158,0.276191,-0.007052,0.055022,-0.178469,-0.128099,0.238123,-0.276466,-0.001436,0.375114,-0.001541,-0.048421,0.203242,-0.281347,-0.000926,0.203877,0.086006,0.190781,0.233943,-0.120867,-0.352223,0.209761,-0.037902,-0.070265,0.128847,0.095664,0.184891,0.056807,0.28265,0.205009,-0.084504,0.116603,0.210096,0.026581,0.027988,-0.350936,0.430061,0.184743,-0.08097,0.004807,0.121353,-0.113033,0.120243,0.048268,0.088102,-0.155815,0.267192,0.044199,-0.191048,0.118053,0.107047,0.030517,0.339062,-0.014143,-0.116148,0.29608,-0.094163,-0.282906,0.129778,0.208009,-0.049904,0.041024,0.286085,-0.084912,0.146685,0.205154,0.025449,0.126841,-0.330755,-0.239113,0.013738,-0.34123,-0.147846,0.206485,-0.226397,-0.06482,0.015694,-0.252687,0.277369,-0.162546,0.2644,-0.047833,-0.195874,-0.295887,-0.25577,0.205612,0.004908,0.248896,0.017448,0.199001,-0.114394,-0.020375,-0.204998,0.128006,0.134158,-0.110303,0.319378,0.190502,-0.118226,-0.168977,-0.189227,-0.071735,-0.239025,0.081624,0.049401,-0.305477,-0.046337,0.001693,-0.021285,-0.209853,0.206982,-0.118133,-0.147337,0.092224,0.128547,0.116042,0.239595,-0.057226,0.154869,0.186814,-0.335924,-0.187552,-0.10453,-0.110694,-0.165165,0.048039,-0.179746,-0.351785,0.375742,-0.041795,-0.033251,0.254979,-0.047242,0.009209,0.015895,-0.265803,0.124858,-0.011213,-0.024484,0.128859,0.286212,0.054825,0.059935,0.231627,-0.213488,0.123143,#
17,-0.039125,0.046833,0.330421,0.030087,-0.03007,0.007602,-0.240016,-0.19398,-0.001694,0.42235,-0.404973,0.048846,0.139834,0.252161,-0.493354,-0.375254,-0.160717,1.0,-0.096726,0.322151,0.095635,-0.086595,0.215114,0.347846,0.503625,-0.146584,0.19771,-0.098429,-0.244066,0.042906,0.397763,-0.224105,0.188971,0.233553,-0.196206,0.041242,0.205168,-0.120025,0.155776,-0.348748,0.357505,0.283798,0.161591,0.044077,0.293135,-0.337835,0.034667,0.595728,-0.073867,-0.230573,0.06151,-0.138746,-0.35033,-0.024795,-0.310082,-0.189573,-0.146791,0.034803,-0.072401,-0.197864,-0.240158,-0.066842,-0.119286,-0.393249,-0.008725,-0.041271,0.172792,-0.053874,0.091977,0.502574,-0.028402,-0.171568,-0.247863,0.337947,0.180912,-0.222098,0.121785,-0.260863,0.191792,0.231684,-0.032269,0.133522,0.159969,0.167687,0.460513,0.067664,-0.073888,0.133641,-0.099787,0.034302,0.186777,0.044744,-0.216899,0.446584,0.27363,0.015671,0.226486,0.439085,0.362744,0.105734,-0.103059,-0.017409,-0.076493,0.319465,0.065167,0.150146,0.096772,0.261013,0.247815,0.122285,0.536515,0.157014,0.375502,-0.124147,0.36311,0.038064,0.096046,-0.291576,0.44513,-0.087186,-0.016626,0.297834,0.037677,-0.270502,-0.267408,0.226839,-0.128202,0.22451,-0.192815,0.267636,0.099185,0.500222,0.480455,0.298281,0.195132,-0.125044,-0.247863,0.356841,0.356054,-0.069226,0.246496,0.269171,0.23917,-0.158514,0.069197,-0.178026,0.247617,0.299629,-0.292283,0.619208,-0.043945,0.087523,0.304395,0.262661,0.22462,0.464427,0.321708,-0.08608,0.117154,0.203572,0.491215,0.378328,0.165016,0.735232,0.144519,-0.150686,0.127599,-0.275484,-0.241928,0.320357,-0.021059,0.095232,0.068195,-0.08317,-0.239655,0.316259,0.222994,0.07249,0.241871,-0.312708,-0.034136,-0.244348,-0.717354,-0.268844,-0.333061,0.08458,0.033274,0.315083,-0.537629,0.131105,0.185495,-0.560903,-0.195062,-0.195528,-0.000848,-0.014243,-0.306015,0.083039,0.243092,-0.555587,#
18,0.19268,-0.041832,0.081581,0.105604,-0.037965,-0.039318,0.21337,0.231744,0.055534,-0.20039,0.297776,-0.260139,0.103859,0.254012,0.241561,0.251366,0.07634,-0.096726,1.0,-0.053864,-0.344301,0.471267,-0.26883,-0.047965,-0.640564,-0.02682,-0.28434,0.445424,0.176833,-0.577766,-0.122215,0.43511,-0.210604,-0.184346,0.008763,-0.012466,0.363678,0.610262,0.185646,-0.047206,0.181887,0.014738,-0.123674,-0.102128,-0.155882,0.040717,0.255469,-0.390178,-0.192237,0.012139,-0.265947,0.361162,0.269612,-0.011602,-0.350787,-0.167465,-0.15915,0.201956,-0.310006,-0.191692,0.224794,-0.007408,0.287754,0.012341,0.231799,-0.028179,0.222803,-0.213719,0.015612,-0.178364,-0.210813,-0.095465,0.126491,0.170957,-0.109696,-0.243336,0.237018,-0.398056,0.02701,-0.12631,0.104633,-0.02009,-0.111225,-0.374152,-0.0031,0.101137,0.098495,-0.019367,-0.212404,0.237007,0.455389,0.145878,0.113138,0.175698,0.05888,-0.04939,-0.091971,0.10562,0.071054,-0.247822,0.152161,0.113031,-0.130603,0.081698,0.044311,0.010863,-0.137702,-0.050032,0.27298,-0.105156,-0.236197,-0.020057,0.081117,0.299436,-0.089576,-0.051332,0.047393,0.112931,0.093163,-0.060586,0.140866,-0.116627,0.229007,0.309844,0.084621,0.059948,-0.215888,-0.052952,-0.008622,0.216282,0.20086,0.076184,0.076109,-0.260655,0.305541,0.043662,0.206751,-0.011059,-0.314311,-0.051685,-0.017499,0.012818,-0.038003,-0.04524,0.122507,0.236849,-0.117006,0.045607,-0.257342,-0.005438,0.199484,0.224657,0.136515,0.000703,0.05606,0.064423,0.179079,0.031193,-0.059207,-0.157202,-0.123848,-0.027486,0.088462,-0.089785,0.450358,0.130175,0.015669,-0.170652,-0.134121,0.209297,-0.231359,0.381795,0.140359,0.071637,0.055213,0.037002,-0.083716,0.1227,-0.173184,-0.125429,0.048275,0.043763,-0.070781,0.312289,-0.115275,0.143962,0.5064,0.007346,0.08823,-0.34674,-0.128736,0.025377,0.067008,0.077328,0.171401,0.13012,-0.018987,-0.038426,0.143227,0.008916,#
19,-0.267351,-0.348691,0.041852,0.062145,-0.314743,-0.227619,-0.363133,0.03229,-0.181939,0.074309,0.062992,-0.334963,-0.24331,-0.264883,-0.409841,0.027299,-0.034193,0.322151,-0.053864,1.0,0.023919,0.133252,-0.181749,0.196066,0.173022,0.326629,0.091397,0.186778,-0.37654,0.007958,0.416931,-0.220997,0.343204,0.254825,0.392227,-0.130281,-0.091842,0.087757,-0.012802,0.042094,-0.123268,0.068134,-0.072665,-0.153033,0.159063,-0.180454,-0.23743,0.015788,-0.106516,-0.356993,0.085413,0.043112,-0.267203,0.098246,-0.266299,0.119656,0.088321,-0.381893,0.062796,-0.337418,-0.2562,-0.157448,0.254117,-0.230552,0.105872,-0.235344,0.3258,0.144834,-0.220318,0.279525,-0.155213,0.17204,-0.1267,0.322471,0.409233,-0.255844,0.228893,0.11266,0.320462,0.324205,0.227725,0.433267,0.136607,0.026223,0.477732,0.268258,-0.091653,0.390038,0.297655,0.169928,0.176131,0.150496,-0.07414,0.288391,0.427136,0.310294,0.237345,0.274867,0.328751,0.142333,-0.303081,-0.141732,0.042655,0.581856,0.324205,0.215391,0.038453,0.619199,0.095227,0.35481,0.455067,-0.182997,0.19132,-0.040828,0.328751,0.420589,0.630873,-0.005453,0.11776,0.270232,0.112085,0.242202,0.213272,0.348051,-0.178076,0.34225,0.246829,0.081396,0.172378,0.374523,0.232847,0.219733,0.305797,0.295054,0.376106,0.045203,-0.1267,0.317372,-0.149463,0.35887,0.448587,0.161965,0.282216,0.076615,0.091849,0.202666,0.443845,-0.214638,0.337148,0.401661,0.136456,0.140994,0.565357,0.308623,0.191569,0.586212,-0.042669,-0.581991,0.257617,0.533609,0.104527,0.205759,0.158427,0.531419,0.130425,-0.369553,0.103005,-0.03671,0.0824,0.224037,-0.004347,-0.429214,0.326071,0.243759,-0.365263,0.225447,0.368329,-0.302613,-0.184442,0.261877,-0.19301,-0.352625,-0.482006,0.070924,-0.36644,0.428955,-0.295127,0.024325,-0.009193,-0.045626,0.13769,-0.284512,-0.284512,-0.533313,0.012456,0.09311,-0.3478,0.451618,0.073439,-0.386932,#
20,-0.377191,0.075769,-0.361469,0.034783,0.07527,0.358135,-0.169431,-0.151039,-0.329666,0.192852,-0.11619,0.078308,-0.293885,0.008171,-0.290269,-0.107661,-0.415646,0.095635,-0.344301,0.023919,1.0,-0.377706,-0.207022,-0.218205,0.181432,0.296767,0.048972,0.065123,-0.102908,0.454571,0.117563,-0.279035,-0.228662,0.201025,0.011936,0.069488,-0.182561,-0.233222,0.194842,0.085472,0.020549,-0.219912,0.166337,0.204393,-0.058262,0.138756,-0.594289,0.079818,0.196377,-0.46097,0.017383,-0.199526,0.078717,0.017519,0.028411,0.122253,0.415209,-0.39396,0.234729,0.209197,-0.195855,-0.074168,0.086658,-0.126206,-0.457823,-0.191341,-0.228662,0.314054,-0.121183,0.111153,0.150948,0.012384,0.185581,0.279285,0.27616,-0.211921,0.386826,0.337073,0.167126,0.173368,-0.083577,0.093109,-0.037737,-0.071116,0.181297,0.00358,-0.094333,0.257117,0.518168,0.330645,-0.336613,0.290024,0.013633,-0.053306,0.027004,-0.058572,0.009491,-0.0783,0.163714,0.526478,-0.163344,0.253142,0.237965,0.042465,0.011766,-0.043296,-0.076231,-0.02316,0.236361,-0.314076,0.034878,0.244108,-0.203534,-0.237933,0.169702,0.102568,0.194698,0.161262,-0.251782,0.07802,0.294926,0.113907,0.291463,0.191807,0.04826,0.181178,0.282034,0.235971,-0.023467,0.222029,-0.296706,0.216198,-0.195685,0.079767,-0.141596,0.188151,-0.228662,0.114941,0.087023,0.232409,-0.03821,0.066394,-0.066725,-0.155377,0.234405,0.003512,0.313103,0.058303,0.309696,0.065416,-0.216654,-0.076806,-0.064443,0.123698,-0.011093,0.035415,-0.074565,-0.216281,0.090438,0.053992,0.024093,-0.030384,0.134936,0.168994,-0.295089,-0.2323,0.287193,-0.042854,0.257489,0.039734,-0.195443,-0.425988,-0.154001,0.046097,0.226248,-0.087957,0.262187,-0.113583,-0.118559,-0.03669,0.121752,-0.202688,-0.144198,0.100365,0.090547,-0.301046,0.086365,-0.339702,-0.018631,0.177607,0.162965,-0.093199,-0.097227,-0.506801,-0.06415,0.047871,-0.196643,0.059529,-0.093125,0.158587,#
