0,1.0,0.212353,-0.139898,-0.31668,0.556398,0.066929,0.255271,0.062357,0.564147,-0.079702,-0.117825,0.366366,0.549207,-0.043952,0.484331,0.257804,0.199008,-0.048202,0.240013,-0.17187,-0.294912,0.381091,0.063206,-0.249957,-0.139891,-0.164028,-0.121375,-0.122027,0.249187,0.024146,-0.472713,0.083301,-0.139909,0.020439,-0.397804,0.078132,0.332221,-0.123583,0.417501,-0.025537,0.163251,-0.431602,-0.078344,0.181995,-0.015601,0.221609,0.521058,0.055549,0.128756,0.200536,-0.058485,-0.2291,0.142658,-0.173815,0.132032,-0.027674,-0.519998,0.31588,-0.180784,0.031868,0.123512,-0.069197,-0.112636,0.146864,0.186377,0.293921,-0.139909,-0.050424,0.332491,-0.155311,0.057356,-0.645117,-0.139909,-0.359544,-0.286201,-0.041136,-0.210628,-0.22901,-0.513734,-0.271389,-0.085495,-0.553132,-0.148176,-0.340653,-0.01287,-0.1216,-0.541172,-0.334427,-0.137043,-0.326652,0.131219,-0.194323,0.014458,-0.182556,-0.286133,-0.01615,-0.559325,-0.434957,-0.16637,-0.395829,0.184963,-0.469929,-0.341561,-0.384982,-0.21512,-0.299033,-0.390179,-0.175768,0.044968,-0.16738,-0.246753,-0.202075,-0.045325,-0.333283,-0.393339,-0.293842,-0.342541,-0.377088,-0.007113,-0.580499,-0.342599,-0.316662,-0.300723,-0.234344,-0.289309,-0.065136,-0.147191,0.184429,-0.160257,-0.299027,0.077626,-0.427019,-0.100758,-0.101991,-0.367678,-0.469908,-0.139909,-0.559257,0.131233,-0.45002,-0.384962,-0.346879,-0.342537,-0.255657,-0.606206,-0.121514,-0.255379,0.197988,-0.483627,-0.468887,-0.243253,-0.445574,0.132484,-0.294957,-0.316615,-0.298994,0.396305,0.277059,-0.40317,-0.249271,-0.276051,-0.202028,-0.279961,-0.120421,0.064767,0.23548,0.032203,-0.183752,-0.384962,-0.342541,-0.077725,0.251138,-0.004955,-0.295206,0.358942,-0.058906,-9.7e-05,0.296847,0.205664,-0.460565,0.172964,0.175581,0.150924,0.248723,0.317858,-0.235303,0.414727,0.033272,-0.118155,0.449982,-0.393339,0.276698,0.377538,0.226098,0.063348,0.119207,0.329957,-0.284511,-0.032454,0.085316,#
1,0.212353,1.0,-0.129118,0.279189,0.270223,0.08064,-0.2542,-0.280711,-0.031193,-0.066703,-0.29163,0.065363,0.024821,0.039311,0.326504,-0.027642,-0.230116,-0.098654,-0.126524,-0.314061,0.079892,0.186883,0.13782,-0.122006,-0.013186,-0.226205,-0.03664,0.011513,0.358459,0.13948,-0.537599,-0.007191,-0.114671,0.173317,-0.157219,0.226,0.327067,-0.083006,0.524478,0.080652,0.51617,-0.494562,0.313231,0.260046,-0.277403,0.095805,0.236042,0.047374,0.012016,0.105867,-0.121303,-0.132714,0.201202,0.067559,0.033422,-0.144301,0.053687,0.270995,-0.240004,-0.015314,0.001414,-0.242161,-0.005971,0.075949,0.066278,-0.040103,-0.114671,0.249159,0.350379,0.144575,-0.070287,-0.270471,-0.114671,-0.05957,0.113764,-0.160368,0.093305,0.20869,-0.048429,-0.119584,-0.131755,-0.210431,-0.169881,0.006417,0.012599,-0.198619,-0.229763,-0.239556,-0.033017,0.023486,0.003919,0.131143,0.009878,0.110126,-0.385157,-0.239722,-0.282026,0.048916,-0.238262,0.157274,0.208863,0.19925,0.069837,-0.315534,-0.230218,-0.245089,-0.369453,0.255573,0.2044,-0.038667,-0.109695,0.159648,-0.275137,-0.231091,0.130329,0.018934,-0.280749,-0.030352,-0.047536,0.137748,-0.065911,-0.359336,0.106866,0.160725,0.135783,-0.076097,-0.054705,0.07602,0.263352,0.248431,-0.042636,-0.151343,-0.086484,-0.06402,-0.102395,-0.197772,-0.114671,-0.279976,0.298337,-0.083948,-0.315518,0.066123,0.181061,-0.435798,-0.133516,-0.185641,0.043995,-0.057193,-0.162741,-0.193248,-0.26881,-0.159227,0.055246,0.005459,0.01255,-0.00662,-0.064883,-0.020329,-0.034862,-0.144443,0.0415,-0.165583,-0.144334,-0.318492,-0.139652,0.149649,0.153364,-0.678139,-0.102668,-0.063459,-0.194415,-0.053315,-0.207099,0.149944,-0.026268,0.214661,0.097494,-0.026559,0.021934,-0.235582,-0.18479,0.006107,0.037439,-0.064034,0.233396,-0.25509,0.210831,-0.269141,-0.093153,0.129029,0.130329,0.18917,0.105629,0.235251,0.087162,-0.076694,0.057162,-0.254472,-0.123818,0.204194,#
2,-0.139898,-0.129118,1.0,0.315725,-0.348948,-0.416387,-0.052256,0.021827,0.10206,0.075371,0.132703,-0.171408,-0.029396,0.071102,-0.005896,-0.197659,-0.231732,0.420575,0.28258,0.259291,-0.211354,0.113207,0.034714,0.200535,0.054972,0.0893,0.250199,-0.076067,0.21691,-0.342248,0.128348,0.178016,0.182333,0.073575,-0.288181,0.033534,-0.140762,0.182785,0.228483,-0.408184,-0.222062,0.408141,-0.029686,-0.191896,0.316669,-0.508984,0.241576,0.184547,-0.375134,0.124976,-0.312945,0.057417,-0.304641,0.287617,-0.401545,-0.143661,-0.024362,-0.088152,-0.36642,-0.207735,-0.134789,0.138983,-0.001267,-0.253221,0.008404,0.131448,0.182333,-0.013407,-0.32481,-0.005875,0.065201,0.007241,0.134351,0.430234,0.105483,0.16552,0.260317,-0.137145,0.079602,-0.107374,-0.089356,0.18189,-0.193379,0.283188,0.162994,0.029205,0.185256,-0.081329,-0.234862,-0.044326,0.223589,-0.337705,0.10791,0.429154,0.189891,0.603742,0.315297,0.37952,-0.088679,0.026643,-0.329658,-0.157582,-0.159734,0.249504,0.00818,0.347818,0.243532,0.341881,0.212247,0.271442,0.380652,-0.06595,0.194842,0.258033,0.326284,-0.157451,-0.004806,0.040882,0.169396,0.076145,-0.012498,0.295832,0.089805,0.026312,-0.082272,0.337522,0.178547,-0.235052,0.058948,0.119694,0.503668,0.296963,0.077768,0.022681,0.377878,0.173051,0.182333,0.495024,0.187287,-0.092951,0.429183,0.315602,0.174096,-0.170621,0.057264,0.045965,0.154732,-0.257805,-0.199224,0.412697,0.402663,0.472675,0.507684,0.2163,0.299454,0.347662,-0.030262,-0.051245,0.169431,0.174413,0.342634,-0.091062,0.218724,0.239883,-0.074632,-0.318262,-0.194754,-0.135,0.040236,0.215016,-0.235029,0.128454,0.059327,0.147602,-0.17994,0.266412,-0.219614,-0.041932,-0.106973,0.061998,0.046678,0.167617,-0.317427,-0.068649,-0.637355,0.234833,-0.142869,0.317812,0.071244,-0.265407,0.326284,-0.238686,-0.488221,-0.191088,-0.288705,-0.129834,-0.418592,-0.047509,0.30962,-0.450911,#
3,-0.31668,0.279189,0.315725,1.0,-0.33479,-0.080741,-0.385743,0.008082,-0.567539,-0.281058,-0.032259,-0.323109,-0.382778,-0.121611,0.003905,-0.00446,-0.043199,-0.098046,-0.067875,0.052664,-0.032352,0.096102,-0.322315,-0.110983,0.248922,0.247387,-0.156072,0.245631,0.042361,-0.136401,-0.067988,-0.01276,0.177979,-0.098486,-0.282048,-0.150123,-0.288248,0.174786,0.257064,0.144473,-0.028674,-0.101661,0.197235,-0.031337,-0.028876,0.12162,-0.096067,-0.393881,-0.211643,-0.066195,-0.283616,0.274495,-0.06967,0.264033,0.023573,0.316361,0.188199,0.034695,-0.166254,-0.158187,-0.103146,-0.116119,0.209675,0.138394,-0.146643,-0.372304,-0.24955,0.108455,-0.412192,-0.071992,0.07921,0.11399,0.130476,0.422563,-0.053998,0.418678,0.25745,0.411362,0.236525,-0.104771,0.073911,0.033143,-0.006937,0.126676,-0.01343,0.047338,0.173668,0.095649,0.184372,-0.036194,0.247244,0.263695,0.104098,0.039652,0.012764,0.082143,0.141082,0.383083,0.089451,0.029161,-0.040305,0.198722,0.188528,0.240041,-0.146525,-0.115811,0.244474,0.258732,0.389726,0.098135,0.018892,-0.068951,-0.328987,-0.100849,0.179901,0.359799,0.40579,0.040531,-0.374051,0.596953,0.004949,-0.211974,0.106458,0.539593,0.444299,0.006231,-0.024037,-0.217132,0.064228,0.34704,-0.202873,-0.087474,0.097883,-0.1617,0.205932,0.183327,0.177979,0.144312,-0.125256,0.082678,-0.14639,0.226186,0.382715,-0.164813,0.055464,0.014854,-0.039889,-0.322627,0.130622,0.211834,0.234863,0.463504,0.334996,0.195156,0.120545,0.347478,-0.000796,-0.53861,0.031822,-0.008458,-0.064358,-0.093811,0.224335,-0.262165,-0.405428,-0.285606,0.029285,-0.259815,0.245727,-0.202155,-0.196441,-0.317601,0.083857,0.321374,0.009861,0.097922,0.050619,-0.207356,-0.439295,0.081528,-0.267211,-0.138441,0.074494,-0.039599,-0.071463,-0.117564,-0.134826,-0.122221,0.419533,-0.249537,0.179901,0.150132,-0.068478,-0.39056,-0.085306,0.02879,-0.364706,0.113671,-0.201968,-0.143001,#
4,0.556398,0.270223,-0.348948,-0.33479,1.0,0.077971,0.07398,-0.030655,0.262375,0.099128,-0.461828,0.287606,0.455408,0.051383,0.167138,0.081226,-0.06329,0.10003,0.027531,-0.273064,0.250572,-0.057697,0.424543,-0.420706,-0.237292,-0.249108,0.026871,-0.165831,0.02831,0.108284,-0.344969,0.102979,-0.249662,0.108749,-0.219113,0.366161,0.357899,-0.48647,0.241945,-0.176792,0.264373,-0.259732,0.194049,0.167006,-0.155617,-0.003552,0.394919,0.255165,0.291876,-0.095569,-0.11661,-0.609827,0.109636,-0.285054,0.167413,-0.228362,-0.413238,0.013049,0.062038,0.256499,0.232401,0.095968,-0.201721,-0.084482,0.001332,0.476966,-0.249662,0.130205,0.356698,0.016229,0.079989,-0.634082,-0.249662,-0.600798,-0.245706,-0.087364,-0.329717,-0.280878,-0.402626,-0.269117,-0.113005,-0.628067,-0.377265,-0.205292,-0.399886,-0.347243,-0.786165,-0.079605,0.009424,-0.063136,-0.477116,-0.307885,-0.38444,-0.133195,-0.318371,-0.444966,-0.667945,-0.435251,-0.249752,-0.16235,0.122646,-0.311491,-0.363616,-0.311703,-0.466501,-0.533611,-0.314599,-0.209459,0.000503,-0.419129,0.088037,0.230581,-0.210939,-0.588381,-0.478137,-0.132535,-0.40635,-0.477667,0.055993,-0.546288,-0.209181,-0.24528,-0.406386,-0.320693,-0.045915,0.126946,-0.41363,0.350548,-0.139883,-0.322374,-0.258697,-0.047013,-0.417429,0.207534,-0.53821,-0.487859,-0.249662,-0.50833,0.048814,-0.400531,-0.508252,-0.342451,-0.208028,-0.142605,-0.605711,-0.26771,-0.222853,0.601415,-0.535351,-0.353536,-0.593263,-0.505398,-0.071906,-0.507562,-0.225692,-0.325356,0.258009,0.46968,-0.471742,-0.244127,-0.230579,-0.038792,-0.466416,-0.128898,0.044077,0.197111,-0.007188,-0.222246,-0.686948,-0.014856,-0.196886,0.288618,-0.219074,-0.597888,0.200602,-0.137242,0.051407,0.473184,0.366377,-0.475833,0.399952,0.077295,0.047259,-0.070081,0.558836,-0.379977,0.396314,-0.196112,-0.334444,0.450217,-0.478137,0.125168,0.484811,0.225021,-0.106372,0.305205,0.391128,-0.414816,-0.357371,-0.135887,#
5,0.066929,0.08064,-0.416387,-0.080741,0.077971,1.0,0.288684,0.362927,-0.17539,0.003555,-0.252245,0.213852,-0.032216,0.520131,-0.062435,0.046928,-0.01566,0.002574,-0.124085,-0.301198,0.126152,0.171251,0.031145,-0.450007,0.18621,-0.169248,0.045506,-0.233537,-0.147021,0.087888,-0.024663,0.127247,0.228771,-0.166891,-0.089448,0.10416,0.057453,-0.18574,0.029008,-0.005215,0.334493,0.001485,0.247941,0.203148,-0.096423,0.182667,0.001058,0.221641,0.262485,-0.060213,0.312947,0.012828,0.260714,-0.322255,0.001605,-0.008114,0.25312,0.234354,-0.05116,0.182736,0.125994,-0.192067,-0.214686,0.283119,-0.033332,-0.208238,-0.180874,0.322365,0.349129,-0.37379,-0.342155,-0.234077,-0.180874,-0.165859,-0.025054,-0.448812,0.06585,0.138574,-0.322193,0.020585,0.01746,-0.265121,0.42359,-0.367062,0.089664,0.232511,0.044547,0.021296,-0.25395,-0.204755,-0.020532,0.060392,0.07842,-0.49779,-0.080573,-0.333873,-0.21706,-0.126963,0.178852,-0.316506,0.34024,-0.083576,0.217638,-0.497702,0.043839,-0.386588,-0.181697,-0.637005,-0.285861,-0.499975,-0.335965,0.04039,-0.087841,-0.172586,-0.11164,-0.076036,-0.032543,-0.300261,-0.016533,-0.179424,-0.029356,-0.076966,-0.029085,-0.276005,0.014778,-0.080299,-0.248892,-0.115037,-0.009995,-0.17087,-0.282546,-0.190588,-0.02133,0.077624,-0.162128,-0.07983,0.228771,-0.220608,-0.232306,-0.029315,-0.497677,-0.242003,-0.235328,-0.307022,0.016815,0.019564,-0.005738,0.051632,-0.064186,-0.115148,-0.210069,-0.078639,-0.364505,0.075391,-0.045277,-0.161426,0.442841,0.089877,-0.111581,0.153564,-0.05043,0.054732,0.003878,0.014932,0.039806,0.55256,0.573375,0.23591,-0.121963,-0.024653,0.257784,0.07996,0.185527,0.059818,0.415891,-0.17583,-0.094595,0.098944,0.205425,-0.066771,0.010667,-0.082615,-0.002191,0.093952,0.50341,-0.488129,0.161664,-0.095456,-0.053083,0.16651,-0.11164,0.086866,0.318484,-0.047411,0.332995,0.239155,0.249091,-0.185607,-0.052613,0.241582,#
6,0.255271,-0.2542,-0.052256,-0.385743,0.07398,0.288684,1.0,0.218682,0.504611,0.020924,0.317641,0.368848,0.044121,0.162305,0.054674,0.367557,-0.019209,-0.100099,0.4515,-0.230936,-0.112287,0.133142,0.002494,-0.186492,-0.165572,-0.015044,0.001112,-0.235509,0.357471,-0.238284,-0.260915,0.119355,-0.230068,-0.342895,-0.023338,0.243757,0.286199,0.018263,-0.039593,-0.150778,0.018881,0.141097,-0.266051,0.148074,-0.073125,-0.04997,0.162347,0.074782,0.050462,0.259816,0.113933,-0.006043,-0.00903,-0.001328,-0.261735,-0.228025,-0.019949,-0.024242,-0.204917,0.392453,0.24932,0.12627,-0.196354,0.287208,-0.059023,-0.07601,0.198926,0.067427,0.383953,-0.278203,-0.102491,-0.184996,-0.230068,-0.3355,-0.309688,-0.193366,-0.057097,-0.333607,-0.506629,-0.201402,-0.037461,-0.211648,0.028333,-0.443071,-0.132458,0.074753,-0.197934,-0.348886,-0.372752,0.024237,-0.001882,-0.070184,0.037259,-0.246421,-0.441576,-0.018952,-0.409451,-0.525846,-0.34887,-0.057425,0.077877,-0.251196,-0.254125,-0.454402,0.116561,-0.035432,-0.363076,-0.333353,-0.289443,-0.167039,-0.322108,-0.028114,0.055548,0.163372,-0.203157,-0.446402,-0.356397,-0.191347,-0.015122,-0.438613,-0.154193,0.030043,-0.143482,-0.387551,-0.266897,0.019872,-0.351341,0.109976,-0.12302,-0.274189,-0.096329,-0.16593,-0.309687,0.156441,-0.201403,-0.247459,0.183037,-0.428611,-0.142335,-0.140512,-0.058873,-0.293291,-0.563269,-0.053705,-0.020001,0.085207,-0.508885,0.262729,-0.115062,-0.268871,-0.132695,-0.143948,-0.3692,-0.077009,-0.136687,-0.491667,0.082271,0.526255,-0.054201,-0.185344,-0.133036,-0.332215,-0.202506,-0.053355,-0.022242,0.507633,-0.158243,0.136556,-0.05929,-0.16057,-0.021756,0.31358,0.072313,-0.257862,0.326695,-0.356512,-0.181512,0.427072,0.24532,-0.186921,0.514943,0.12001,0.161818,0.429319,0.3247,-0.094491,0.281584,0.214722,-0.044858,0.21282,-0.203157,0.250281,0.246732,0.173063,-0.128544,0.187538,0.543076,-0.154131,0.002905,0.292563,#
7,0.062357,-0.280711,0.021827,0.008082,-0.030655,0.362927,0.218682,1.0,-0.177633,-0.176436,-0.196386,-0.258907,-0.114983,0.361117,0.176137,-0.150083,0.034808,-0.150292,0.16346,-0.031895,-0.359352,0.213991,-0.120547,-0.442648,0.070801,0.026879,0.141645,-0.103823,-0.376007,-0.031581,0.133667,0.140802,0.420043,-0.374144,0.04693,0.069264,-0.095967,0.053329,-0.147322,-0.311392,-0.160584,0.314026,0.262795,0.116584,-0.050788,0.116529,0.146273,-0.15218,-0.220828,0.022749,-0.18545,0.148547,0.096902,-0.358057,-0.010854,0.223353,0.02512,0.067882,-0.072817,0.079933,0.157741,0.329879,-0.296662,0.269924,0.27159,0.113865,-0.101999,0.180579,-0.041498,-0.430831,-0.087647,-0.165889,-0.101999,-0.154672,-0.142662,-0.064647,-0.032021,-0.226118,-0.37453,-0.026015,0.184291,-0.309523,0.317994,-0.269123,-0.078415,0.295916,0.087861,0.05383,-0.249629,-0.111934,-0.017602,-0.280506,-0.064553,-0.280715,0.096482,0.042101,-0.19553,-0.027499,0.056526,-0.338485,0.080052,-0.342595,0.188022,-0.280665,-0.105916,-0.218005,0.147869,-0.417343,-0.141614,-0.374335,-0.311342,0.237072,0.205699,0.044349,-0.307671,0.082421,0.011709,-0.139435,0.047039,0.042093,-0.249766,0.122536,-0.359384,-0.127783,0.150719,0.005831,-0.24955,-0.264676,0.187075,-0.218001,0.136307,-0.311312,-0.144227,0.081022,-0.113431,-0.129671,0.420043,0.009631,-0.324376,-0.147714,-0.280651,-0.403625,0.014713,0.041334,-0.06099,-0.255964,-0.076212,-0.194574,0.111101,0.079589,0.059665,0.051286,0.136046,0.105327,0.306722,0.068899,0.27846,0.035803,-0.307508,0.363309,-0.0924,-0.147285,0.156876,-0.040601,-0.023824,0.298477,0.020874,0.353633,-0.280651,0.011709,0.007552,0.207907,0.142149,0.13043,0.299252,-0.037583,-0.184281,0.115476,0.072985,0.052608,-0.04845,-0.119684,-0.052814,0.013002,0.148462,-0.128243,0.038974,0.208192,0.135231,-0.165238,-0.307671,0.10777,0.027555,0.019729,0.048993,0.22848,-0.018642,-0.165,0.058195,-0.13016,#
8,0.564147,-0.031193,0.10206,-0.567539,0.262375,-0.17539,0.504611,-0.177633,1.0,-0.164386,0.304404,0.242884,0.296519,-0.135958,0.244886,0.115345,0.28746,0.20567,0.321166,-0.008369,-0.159438,-0.034846,0.290349,0.171357,-0.205148,-0.215108,-0.065823,-0.020214,0.306251,-0.217662,-0.199536,0.145013,-0.153015,-0.025705,-0.096852,-0.165432,0.554626,-0.057171,0.392901,-0.268324,-0.027007,-0.155385,-0.256568,-3.2e-05,0.078764,-0.125415,0.389009,0.288351,0.04807,0.239684,0.255998,-0.169019,-0.068662,0.208947,-0.245632,-0.047579,-0.247027,0.018789,-0.358375,0.304174,0.126471,-0.102253,-0.223661,0.066562,0.038643,0.333022,0.288374,-0.090261,0.387868,0.23568,0.154371,-0.192701,-0.153015,-0.216862,-0.189108,-0.208911,-0.030877,-0.296946,-0.38292,-0.00743,-0.007144,-0.1238,-0.059874,0.099313,-0.059501,0.016799,-0.268947,-0.229428,-0.178675,-0.221586,0.19096,-0.239227,-0.040419,0.169883,-0.1732,0.129685,-0.259468,-0.341988,-0.230618,0.053578,0.002707,-0.331696,-0.578776,-0.237217,0.212427,0.142439,-0.318596,0.18743,-0.180311,0.135314,0.036525,-0.221003,0.242243,0.137443,0.044805,-0.513938,-0.374626,-0.253699,0.135241,-0.482023,-0.16419,0.122071,-0.191794,-0.632237,-0.440508,0.058123,-0.156711,0.278243,-0.095435,-0.327036,0.339834,-0.088231,-0.030608,-0.117708,0.074997,-0.330379,-0.153015,-0.271468,0.088133,-0.017749,0.169728,0.030931,-0.374622,-0.155337,-0.307337,-0.071536,-0.268188,0.375405,-0.202835,-0.318453,0.014829,-0.169495,-0.110268,-0.152377,-0.211967,-0.327,-0.064517,0.454737,0.03521,-0.286901,0.069916,-0.220951,-0.165583,0.159059,0.166306,0.099685,-0.178214,-0.137445,-0.220535,0.039715,-0.043162,0.342488,-0.040153,-0.187633,-0.082306,-0.150676,-0.035535,0.331472,0.096484,-0.333619,0.391007,0.07057,0.016808,0.086674,0.019999,0.19096,0.141706,0.313256,-0.320405,0.180652,0.044805,-0.027576,0.015396,0.266228,-0.04358,0.047606,0.348182,-0.18398,-0.027427,0.064649,#
9,-0.079702,-0.066703,0.075371,-0.281058,0.099128,0.003555,0.020924,-0.176436,-0.164386,1.0,-0.272758,0.307666,0.229901,0.348437,-0.595138,-0.249206,-0.677666,0.339564,-0.183752,0.108735,0.349075,-0.156305,-0.162574,0.129808,0.300807,0.312605,0.396266,-0.444005,-0.017662,0.31302,0.202544,-0.380411,-0.229908,0.336518,-0.085015,0.600343,-0.044842,-0.188598,-0.332068,-0.159956,0.158338,0.170486,0.142228,0.267019,0.095748,-0.356692,-0.338042,0.362945,0.098772,-0.120667,-0.269064,-0.319547,-0.098878,-0.168212,-0.080488,-0.667555,-0.054291,-0.176375,0.48681,-0.142487,-0.214341,0.364379,-0.05538,-0.525462,-0.073716,-0.069938,0.202371,0.191848,-0.013757,0.025579,-0.197435,-0.23105,0.15434,-0.015913,0.502415,-0.209577,-0.066644,-0.353498,0.143219,0.282768,-0.054035,0.094727,-0.131611,-0.26613,0.358921,-0.278225,-0.058931,-0.014839,0.013092,0.495118,-0.36645,0.083323,-0.145313,0.295142,0.071411,0.145954,0.056513,0.116125,0.139769,0.255816,-0.313999,-0.100595,0.220724,0.098513,-0.049102,-0.052322,-0.037155,-0.099742,0.068499,-0.013996,0.373376,0.25783,0.038246,-0.032023,0.109174,0.060336,-0.165113,-0.066379,0.316084,-0.382926,0.044473,0.33542,0.186913,0.070829,-0.362533,0.229417,0.226845,0.035316,0.00225,0.373014,-0.113637,0.548838,-0.007443,0.597263,-0.207593,0.077433,-0.229908,0.223078,0.406238,-0.142525,0.295446,-0.027205,0.003911,0.177102,0.286463,0.027607,0.388455,-0.025457,-0.143612,0.251707,-0.327439,-0.149078,0.17054,0.24237,0.342758,0.152892,0.092554,0.157394,0.105872,0.184233,0.279222,0.269763,-0.223471,0.465437,-0.026438,-0.029092,-0.151547,-0.107317,0.091546,0.248695,-0.042763,-0.208722,-0.183901,-0.286345,0.055862,0.327377,0.061618,0.071991,0.567625,0.065572,-0.009156,-0.076285,-0.362595,0.00991,-0.180423,-0.038783,0.033825,0.006833,-0.401191,0.33965,0.109174,-0.448721,-0.147764,0.00286,0.013435,-0.268026,-0.239287,0.009468,0.381649,-0.042671,#
10,-0.117825,-0.29163,0.132703,-0.032259,-0.461828,-0.252245,0.317641,-0.196386,0.304404,-0.272758,1.0,-0.131627,-0.328246,-0.255496,0.024195,0.385823,0.135029,-0.260091,0.422339,0.226067,-0.221678,0.115773,-0.268156,0.356888,-0.297855,0.236846,-0.368759,0.315471,0.093483,-0.390095,0.081406,0.014814,-0.2474,-0.265978,0.360723,-0.302275,0.071822,0.423323,-0.056694,0.350032,-0.193196,-0.053125,-0.422408,-0.28369,-0.020908,0.077915,-0.242383,-0.422127,0.158009,-0.026199,0.323467,0.349074,-0.032677,0.42014,-0.307057,0.1611,0.182016,-0.239558,-0.127592,0.022364,0.027602,-0.089891,0.257477,0.017167,0.143217,-0.162755,0.19322,-0.254523,-0.320726,0.078326,-0.060364,0.43766,0.160582,0.230354,-0.098777,0.026777,0.035535,0.075763,0.230104,0.020746,0.257245,0.314362,-0.047781,0.144436,0.118128,0.231779,0.32618,0.055266,-0.054318,-0.058608,0.388988,0.027241,0.457267,0.027698,0.136621,0.231807,0.129995,0.010174,-0.11372,0.191363,-0.190424,-0.007993,-0.346361,0.397823,0.48932,0.302933,-0.113227,0.332284,-0.188631,0.472622,-0.09456,-0.357327,-0.012695,0.57132,0.162833,-0.194107,0.150701,0.200475,-0.197929,0.085084,0.016505,-0.042886,0.394093,0.168067,0.022656,-0.14685,0.15239,-0.119998,0.068407,0.068221,0.312026,-0.080606,0.064502,-0.288165,0.55575,0.164276,0.176901,0.117046,-0.337035,0.391053,0.406775,0.301272,-0.277805,-0.008607,0.219421,0.325909,-0.254906,-0.118905,0.281797,-0.16045,0.266628,0.294199,-0.275688,0.002832,-0.223939,-0.160525,-0.384249,0.010076,0.31563,-0.077084,0.080692,-0.162665,0.199217,0.033136,0.09572,-0.253418,-0.189621,0.074122,0.406347,-0.19209,0.087498,-0.181246,0.054231,0.32533,-0.146756,-0.297348,-0.279902,0.041202,-0.452661,0.167924,-0.017912,0.052596,0.119581,0.308093,-0.205196,0.550415,-0.268463,0.088869,0.337415,-0.207248,0.162833,0.158432,-0.003601,-0.179758,-0.067982,0.01054,0.093766,0.084466,0.084507,0.079881,#
11,0.366366,0.065363,-0.171408,-0.323109,0.287606,0.213852,0.368848,-0.258907,0.242884,0.307666,-0.131627,1.0,0.104296,-0.007053,-0.032837,0.253565,-0.114118,0.026797,-0.166784,-0.404273,-0.028461,0.081438,-0.02457,0.122413,0.190742,-0.197237,0.064028,-0.474012,0.144081,0.010002,-0.303956,-0.105969,-0.269144,0.172741,-0.399165,0.354207,-0.02413,-0.293907,0.233626,-0.044767,0.427976,-0.144166,-0.181425,-0.114491,-0.245625,0.083281,0.00633,0.396767,0.291178,-0.166758,0.110425,-0.223684,-0.149665,-0.187114,0.077079,-0.329344,-0.403768,-0.026846,-0.139158,0.077899,-0.05697,0.279639,0.028105,-0.001145,0.019386,-0.17631,-0.269144,0.088508,0.400676,0.032,-0.14713,-0.295867,0.145179,-0.368667,-0.215781,-0.14205,-0.226078,0.097608,-0.170423,-0.237748,-0.343258,-0.105014,0.014776,-0.277632,-0.020969,-0.029827,-0.420702,-0.345839,-0.119485,0.15935,-0.088352,0.162519,-0.000658,-0.040616,-0.262471,-0.037339,-0.276427,-0.223225,-0.180398,-0.121276,0.077608,-0.054023,0.019405,-0.241151,0.0712,-0.197584,-0.097719,-0.261912,-0.282472,-0.132733,-0.171353,-0.071453,-0.308419,-0.194066,0.071233,-0.08304,-0.309904,-0.265891,-0.155304,-0.392936,-0.010652,-0.189764,-0.043547,-0.28528,-0.053431,-0.095411,0.102481,0.066691,-0.031133,-0.19998,-0.222577,0.038864,-0.035484,0.128286,-0.32874,-0.054708,-0.269144,-0.460697,0.390254,-0.208981,-0.042647,-0.097723,-0.325943,-0.178235,-0.044445,-0.099122,-0.320944,0.096249,-0.339646,-0.458069,-0.382658,-0.288088,-0.165994,-0.265183,-0.008431,-0.428952,0.38969,0.237915,0.061491,-0.162797,0.148997,0.141262,-0.23782,0.093485,-0.15641,0.136807,0.187808,-0.003281,0.167984,-0.238897,-0.103525,0.158198,0.022748,-0.391676,0.115792,-0.278801,-0.072355,0.05318,0.330854,-0.135544,0.333463,0.145753,0.134586,-0.021771,0.327792,-0.342505,0.009946,0.034875,-0.164979,0.48591,0.071233,0.165676,0.389633,-0.015914,0.134986,-0.083044,0.290174,-0.213383,0.06969,-0.003475,#
12,0.549207,0.024821,-0.029396,-0.382778,0.455408,-0.032216,0.044121,-0.114983,0.296519,0.229901,-0.328246,0.104296,1.0,0.215539,0.183018,-0.096574,0.104661,0.229369,0.24508,-0.140873,-0.12696,0.129885,0.268963,-0.020161,-0.223913,-0.064002,0.229443,-0.089375,0.247624,-0.148296,-0.24481,0.289114,-0.195861,0.293591,-0.215383,0.188728,0.306476,-0.081329,0.018313,-0.050829,0.10668,-0.017509,0.010644,0.124849,0.207604,-0.128991,0.370924,0.177616,-0.162035,0.348497,-0.196037,-0.280509,0.211179,-0.124586,0.234653,-0.43759,-0.515079,0.452821,0.176562,-0.036439,0.179678,-0.20127,-0.318277,-0.050257,0.128784,0.361607,0.22924,-0.341252,0.292146,-0.182995,-0.007025,-0.465961,-0.195861,-0.217898,-0.11744,-0.031707,-0.15933,-0.461419,-0.218022,-0.195776,-0.21725,-0.351042,-0.278857,-0.263754,-0.114407,-0.484267,-0.193279,-0.221196,-0.290762,-0.118713,-0.135417,-0.36376,-0.134625,0.030155,-0.138035,-0.230349,-0.126198,-0.204984,-0.064801,-0.515222,0.297539,-0.147411,-0.377377,-0.351485,-0.333004,0.025006,-0.296028,-0.290265,-0.002036,-0.054315,0.167029,-0.004209,0.189363,-0.208816,-0.344973,-0.317732,-0.479528,-0.191055,0.28125,-0.577709,-0.084974,-0.12874,-0.262269,-0.236894,-0.364024,0.016668,-0.285696,0.303432,-0.441724,-0.211344,-0.01838,0.128224,0.022187,0.039621,-0.287161,-0.313731,-0.195861,-0.118678,0.142087,-0.576594,-0.3384,-0.171301,-0.291219,0.220138,-0.347052,-0.042089,0.122594,0.413148,-0.588611,0.028008,0.023465,-0.220361,0.079369,-0.145582,-0.109397,-0.214282,0.292119,0.502423,-0.504699,-0.421263,-0.261056,0.032868,-0.372701,-0.18683,0.438786,0.238349,-0.075239,-0.010043,-0.538914,0.13241,0.272059,0.418418,-0.126252,-0.363429,0.131257,0.201446,-0.121836,0.477429,0.495823,-0.434903,0.227093,0.30233,0.031993,0.185466,0.045442,-0.08656,0.500174,-0.01805,-0.367558,0.394264,-0.344973,-0.051365,0.153153,0.514917,0.032965,0.028067,0.266973,-0.132886,0.025145,0.072081,#
13,-0.043952,0.039311,0.071102,-0.121611,0.051383,0.520131,0.162305,0.361117,-0.135958,0.348437,-0.255496,-0.007053,0.215539,1.0,-0.088084,-0.092527,-0.312969,0.191059,0.149269,-0.330026,0.002734,0.206348,0.102533,-0.174116,0.065243,0.024769,0.313892,-0.138346,-0.104092,-0.134216,0.260096,0.237259,0.156996,-0.119124,-0.279411,0.325394,0.123227,-0.12396,-0.088733,-0.271218,0.035203,0.313551,0.618798,0.199357,-0.0956,-0.182864,0.103216,0.186359,-0.080908,-0.04721,-0.12923,-0.007323,0.080687,-0.318052,-0.207087,-0.387617,0.25945,0.141103,0.134556,-0.011381,0.227661,0.304116,-0.232877,0.133082,0.143759,0.173888,0.173487,0.081277,0.118543,-0.168827,-0.174524,-0.215506,0.140505,0.031856,0.186371,-0.528704,0.035352,-0.407276,-0.138603,0.161611,0.143188,-0.21194,-0.118676,-0.112513,0.228282,-0.05015,0.110102,-0.134078,-0.265807,0.04102,-0.233663,-0.182483,0.028772,0.028007,0.149406,-0.137146,-0.065913,0.155611,0.031856,-0.082369,0.119202,-0.204545,0.037851,-0.180604,-0.052885,-0.116206,-0.076931,-0.380963,-0.057663,-0.29791,-0.177975,0.215078,0.102648,0.205436,-0.056286,-0.024595,-0.450663,-0.240157,0.399626,-0.31521,-0.252148,0.197285,0.012195,-0.23977,-0.096875,0.097103,-0.262858,-0.278325,-0.079576,-0.137982,0.012053,0.287484,-0.165702,0.285395,-0.09391,-0.209367,0.156996,0.272343,0.106599,-0.163299,-0.170439,-0.140532,-0.053722,-0.237965,-0.013238,0.087992,0.118146,-0.029899,-0.290234,0.152184,-0.179365,0.138149,-0.283793,0.342026,0.384948,-0.131203,0.167362,0.367897,-0.214092,0.090453,0.120968,-0.061778,-0.040293,0.171463,0.177527,0.25618,0.177221,0.257352,-0.373117,0.385291,0.031642,0.280448,-0.222781,0.00556,0.113377,0.135978,-0.247985,0.355616,0.4109,-0.035785,-0.060054,0.082014,-0.083074,-0.116974,0.114881,-0.11526,0.175364,0.104189,-0.067265,0.031043,-0.056286,-0.36618,0.125032,0.244995,0.174288,-0.062558,0.019692,-0.322516,0.319154,0.019374,#
14,0.484331,0.326504,-0.005896,0.003905,0.167138,-0.062435,0.054674,0.176137,0.244886,-0.595138,0.024195,-0.032837,0.183018,-0.088084,1.0,0.35183,0.232805,-0.410257,0.230638,-0.456035,-0.446083,0.388018,0.16502,-0.056655,-0.434149,-0.288953,-0.261851,0.067898,0.337529,-0.058132,-0.454971,0.343307,-0.166508,-0.089298,-0.133674,-0.214229,0.147309,0.167757,0.365405,0.052336,-0.127906,-0.058484,-0.005015,-0.015181,-0.15986,0.470835,0.616309,-0.245641,0.015268,0.266816,0.004184,0.227183,0.073641,-0.217473,0.011421,0.237817,-0.185896,0.367848,-0.552618,-0.142226,0.179331,-0.154324,-0.006457,0.424063,0.207012,0.344195,-0.166508,-0.257546,0.136561,-0.232139,0.142146,-0.11613,-0.166508,-0.284453,-0.42074,0.085543,-0.280382,0.112836,-0.264993,-0.387579,-0.22201,-0.348438,-0.122285,0.027737,-0.294766,-0.035322,-0.198613,-0.442672,-0.190096,-0.458087,0.110482,-0.256303,0.380756,-0.267702,-0.213358,-0.117455,-0.331125,-0.233553,-0.441343,-0.344774,0.230245,-0.026566,-0.163028,-0.266072,-0.19893,0.089991,-0.239938,-0.15266,0.129684,-0.094863,-0.54146,-0.240493,-0.149265,0.071607,-0.365836,-0.217735,-0.407663,0.149185,-0.272862,-0.050371,-0.199977,-0.442324,-0.103041,-0.033656,0.305891,-0.174739,0.005728,-0.056875,-0.047705,-0.355876,0.22405,-0.508201,-0.255556,-0.554527,-0.223596,-0.207007,0.252989,-0.336844,0.055416,-0.264002,-0.260278,-0.413924,-0.195166,-0.215849,-0.386631,-0.05678,-0.333745,-0.150253,-0.279448,-0.380419,0.078377,-0.136099,-0.159387,-0.384296,-0.304523,-0.355837,-0.021197,0.152375,-0.356196,-0.143255,-0.39679,-0.240436,-0.065016,-0.564611,-0.065957,0.154952,-0.026041,-0.037085,-0.260278,-0.407663,-0.203794,0.393226,-0.30072,0.034025,0.184869,-0.074929,-0.033334,0.025931,-0.31971,-0.1731,-0.06355,0.495709,0.432764,0.118848,0.276492,-0.223518,0.215565,0.149201,0.39812,-0.080154,-0.365836,0.544295,0.262721,0.463359,-0.111556,-0.179293,0.392687,-0.264098,-0.076263,0.135284,#
15,0.257804,-0.027642,-0.197659,-0.00446,0.081226,0.046928,0.367557,-0.150083,0.115345,-0.249206,0.385823,0.253565,-0.096574,-0.092527,0.35183,1.0,0.130235,-0.547717,0.208807,-0.294077,-0.225196,0.302115,-0.119443,-0.21847,-0.310072,0.034998,-0.283478,0.080613,0.2649,-0.086516,-0.31631,-0.02996,-0.323158,-0.141389,-0.134089,0.063497,-0.026902,0.012036,-0.140366,0.244159,-0.263418,-0.314326,-0.108397,-0.153486,-0.038625,0.205421,0.315944,-0.336632,0.47246,0.119371,0.152791,0.046435,0.040589,-0.027257,-0.011894,0.050808,0.124139,-0.011432,-0.082594,-0.135874,0.097712,-0.021458,0.36454,0.315803,-0.093284,-0.132351,-0.323158,-0.064567,-0.065588,-0.27606,-0.013519,-0.002737,0.119767,-0.337796,-0.253476,0.236319,-0.339115,0.060784,-0.137022,-0.234951,0.028726,-0.12176,-0.321667,-0.285297,-0.163961,-0.124808,-0.292861,-0.325657,0.258426,-0.161585,0.052473,0.297676,0.382198,-0.350178,-0.224881,-0.169898,-0.451573,-0.406892,-0.337796,-0.090921,0.123231,0.005554,-0.177138,0.070801,-0.118623,-0.046955,-0.321367,-0.187151,-0.022513,-0.077292,-0.555928,-0.466746,-0.260302,0.218502,-0.474737,-0.018991,-0.191803,-0.074307,-0.269791,-0.195216,-0.33506,-0.344813,0.112353,0.253192,0.059339,-0.250553,0.022863,-0.141772,-0.229467,-0.289518,-0.268359,-0.285601,-0.244651,-0.075224,-0.240649,-0.196197,0.137484,-0.469838,-0.121276,-0.063375,-0.143088,-0.333264,-0.201863,-0.075733,-0.376391,0.527611,-0.666577,-0.032809,-0.136598,-0.58244,-0.241427,-0.207339,-0.484774,-0.210542,-0.531143,-0.534288,-0.018995,0.057593,-0.121786,-0.258234,-0.466174,-0.255393,-0.201742,-0.414683,-0.154341,0.069719,-0.133001,0.191335,0.082083,-0.581699,-0.209757,0.04191,-0.039677,-0.252538,0.139507,-0.347582,0.152364,0.011963,-0.256825,-0.060121,-0.029408,0.338195,0.693515,0.251449,0.339659,-0.001395,0.137164,-0.086918,0.5751,-0.003308,-0.474737,0.537046,0.553126,0.074976,-0.020529,-0.03685,0.436655,-0.066709,-0.217978,0.250957,#
16,0.199008,-0.230116,-0.231732,-0.043199,-0.06329,-0.01566,-0.019209,0.034808,0.28746,-0.677666,0.135029,-0.114118,0.104661,-0.312969,0.232805,0.130235,1.0,-0.135554,-0.014021,0.006078,-0.32744,-0.011974,0.11266,0.016209,-0.025331,-0.215726,-0.136714,0.286741,-0.084301,-0.22178,-0.020815,0.262455,0.279001,-0.390744,0.00168,-0.513554,-0.110307,-0.104541,0.085153,0.296645,-0.2068,-0.181504,-0.252524,-0.255641,0.210035,0.254531,0.214139,-0.170988,-0.222597,0.220348,0.254962,0.006023,0.156901,0.104604,0.409882,0.51528,-0.026982,0.113548,-0.116423,0.082591,0.22402,-0.322355,-0.030933,0.444428,-0.002327,0.019781,-0.152938,-0.294383,0.051049,0.071678,0.343838,0.099414,-0.152938,-0.01605,-0.511872,0.198769,-0.01702,0.075874,-0.0198,-0.174728,0.176314,-0.090637,0.272461,0.131922,-0.195102,0.214704,0.066474,0.137384,0.036573,-0.546612,0.403309,-0.043004,-0.022045,-0.231972,0.035075,-0.199829,0.084508,-0.143192,0.119317,-0.277082,0.278104,0.035075,-0.230393,-0.006027,0.057733,0.14122,0.239041,-0.032207,-0.152705,0.150031,-0.221291,-0.220893,0.257127,-0.029528,-0.106897,-0.141807,0.262029,-0.088043,-0.010931,0.22883,0.037484,-0.051196,-0.487545,-0.24717,0.040258,-0.42685,-0.161184,0.228311,-0.334036,-0.326874,0.01436,-0.466785,0.330798,-0.29335,0.125056,-0.154438,-0.152938,-0.249578,-0.290272,0.00209,-0.224617,0.085517,-0.155641,0.160424,-0.321187,-0.076944,-0.27221,0.168445,0.125787,-0.125121,0.350601,0.062874,-0.08919,-0.159858,-0.37827,-0.089475,-0.034749,-0.020468,-0.266078,-0.265306,-0.282435,-0.220842,0.204043,-0.326232,0.196439,-0.07722,0.064963,0.322489,-0.028423,-0.158129,0.393613,0.064915,0.253854,0.195839,-0.074436,-0.296038,-0.040555,-0.003137,-0.219808,-0.145135,0.063201,-0.24033,0.401019,0.104762,0.051852,0.220956,-0.027762,-0.102739,0.149909,-0.146339,-0.106897,0.168449,0.048842,0.043496,0.156572,0.260765,0.173531,0.175528,-0.291797,0.011048,#
17,-0.048202,-0.098654,0.420575,-0.098046,0.10003,0.002574,-0.100099,-0.150292,0.20567,0.339564,-0.260091,0.026797,0.229369,0.191059,-0.410257,-0.547717,-0.135554,1.0,-0.016138,0.302193,0.346998,-0.132448,0.355215,0.152562,0.312073,-0.180665,0.411964,-0.154279,-0.034583,0.088037,0.38041,-0.058354,0.203419,0.203616,-0.187514,0.058834,0.118549,-0.238388,0.282478,-0.383705,0.174989,0.280421,0.124305,0.084514,0.3558,-0.429531,0.019409,0.674526,-0.085604,-0.130413,0.04272,-0.290789,-0.311206,0.166539,-0.280887,-0.142993,-0.097,-0.150699,0.019616,-0.112288,-0.243299,-0.049019,-0.249591,-0.425216,-0.184298,0.109914,0.203419,-0.087562,0.009322,0.389464,0.013668,-0.17334,-0.228367,0.289343,0.182568,-0.120574,0.289576,-0.3257,-0.04786,0.148195,-0.22792,0.130064,0.031563,0.222727,0.377142,-0.128392,-0.065511,0.118098,-0.156462,0.022197,-0.02804,-0.254843,-0.306792,0.298327,0.262294,0.161457,0.201709,0.28105,0.120381,0.051558,-0.21255,-0.105707,-0.277586,0.103614,-0.037868,0.183958,0.138602,0.166904,0.20354,-0.001761,0.609088,0.179221,0.374464,-0.15109,0.255012,-0.22062,0.021962,-0.263093,0.508904,-0.232355,-0.029445,0.312853,0.039708,-0.416676,-0.374367,0.397933,-0.185658,0.303736,-0.213119,0.086529,0.2227,0.365421,0.164433,0.305641,0.152465,-0.135508,-0.228367,0.375878,0.317055,-0.13062,0.104181,0.414675,0.011539,-0.183682,-0.08067,-0.242458,0.350318,0.410188,-0.299128,0.555372,-0.011917,0.051072,0.334915,0.090005,0.210214,0.31559,0.090328,0.160138,0.122706,0.174704,0.599331,0.282519,0.064442,0.634218,0.149724,-0.192359,0.080004,-0.210784,-0.284717,0.437522,-0.073792,0.045338,0.097444,-0.130425,-0.143418,0.350118,0.082554,0.242856,0.300522,-0.340959,0.161137,-0.173966,-0.65915,-0.154202,-0.327608,-0.018444,0.08542,0.285964,-0.533322,0.199278,0.255012,-0.429062,-0.289519,-0.186957,-0.149247,0.052078,-0.208287,0.045435,0.198562,-0.368461,#
18,0.240013,-0.126524,0.28258,-0.067875,0.027531,-0.124085,0.4515,0.16346,0.321166,-0.183752,0.422339,-0.166784,0.24508,0.149269,0.230638,0.208807,-0.014021,-0.016138,1.0,-0.089228,-0.171196,0.308085,-0.018516,-0.174435,-0.658593,-0.156129,-0.117668,0.289841,0.355985,-0.493865,-0.189023,0.463075,-0.180021,-0.30532,0.131335,0.080564,0.345314,0.401572,0.036093,-0.042259,0.048837,0.0485,-0.191551,-0.123026,-0.033526,-0.148918,0.300244,-0.262683,-0.25916,0.28744,-0.295407,0.155338,0.335051,0.190152,-0.352143,-0.17454,-0.138103,-0.089668,-0.073854,0.00497,0.183977,0.057002,0.077378,-0.074808,0.097066,0.086344,0.221811,-0.270429,0.042285,-0.302535,-0.015555,-0.113175,-0.180021,0.182819,-0.183938,-0.184324,0.26016,-0.522746,-0.325322,-0.293146,-0.006198,-0.099293,-0.336188,-0.213352,-0.17933,-0.068534,0.062296,0.01285,-0.440578,0.139894,0.157287,-0.286504,-0.05181,0.062875,-0.083546,0.007608,-0.05569,-0.138478,-0.142543,-0.280772,-0.049402,-0.076654,-0.4052,-0.115588,0.01536,0.059418,-0.149202,-0.05798,0.085272,-0.144144,-0.09857,0.02449,0.128863,0.18593,-0.119223,-0.432977,-0.223413,0.03729,0.210243,-0.294081,-0.037944,-0.194272,0.160271,0.072403,-0.119639,0.10428,-0.440438,0.032775,-0.020869,-0.17316,0.249927,-0.017988,-0.15565,-0.142994,0.215384,-0.082905,0.237884,0.091785,-0.335426,-0.180667,-0.126781,0.112442,-0.248504,-0.109333,-0.119126,0.196973,-0.197548,0.244666,-0.338305,-0.075257,0.134763,0.143192,-0.011856,-0.08564,-0.041254,-0.176163,0.050857,0.281746,-0.110834,-0.188726,-0.104865,-0.259948,0.049456,-0.128765,0.500056,0.186348,-0.02308,0.017235,-0.290626,0.140595,-0.162203,0.477935,0.19628,-0.045189,0.218777,0.007617,-0.325243,0.420773,-0.00814,-0.162564,0.33224,0.197972,-0.022096,0.295693,-0.020632,0.145915,0.418734,-0.060726,0.089233,-0.18462,-0.119223,0.10213,0.13069,0.187099,-0.051697,0.253045,0.240008,-0.159439,0.055316,0.067837,#
19,-0.17187,-0.314061,0.259291,0.052664,-0.273064,-0.301198,-0.230936,-0.031895,-0.008369,0.108735,0.226067,-0.404273,-0.140873,-0.330026,-0.456035,-0.294077,0.006078,0.302193,-0.089228,1.0,0.126036,0.0,-0.013373,0.042777,0.124209,0.348418,0.204474,0.196507,-0.2917,0.06054,0.376656,-0.164163,0.379659,0.188027,0.301914,-0.172905,-0.195402,0.079391,-0.164825,0.042432,-0.207936,0.008339,-0.11879,0.035604,0.242678,-0.406568,-0.337931,0.081646,-0.164444,-0.129779,0.089975,0.012105,-0.240666,0.316156,-0.175658,0.109762,0.025706,-0.125501,0.270656,-0.07477,-0.351757,-0.221648,0.011087,-0.277386,0.09799,-0.095293,0.379659,0.038554,-0.268109,0.171018,-0.051545,0.240065,-0.114117,0.347247,0.305267,0.209835,0.369908,0.036986,0.135296,0.245349,0.067431,0.327274,0.005938,0.211065,0.409234,0.001279,0.147716,0.338346,0.204094,0.033844,0.009533,-0.098009,-0.188636,0.139402,0.185654,0.543954,0.283985,0.047434,0.139494,0.169559,-0.151863,-0.190743,-0.126675,0.313081,0.154051,0.266984,0.028582,0.480329,-0.015624,0.343569,0.572571,-0.164823,0.3322,-0.022105,0.157308,0.237144,0.627292,-0.038094,0.208865,0.05095,-0.089242,0.214678,0.097981,0.132294,-0.423532,0.308915,0.147424,0.112739,0.20084,0.220608,0.185868,0.083353,0.092027,0.331629,0.345879,-0.023516,-0.114117,0.292409,-0.121251,0.304511,0.311886,0.428828,0.1982,0.043074,0.050213,0.159855,0.471454,-0.090163,0.396031,0.419239,0.117275,0.103899,0.460118,0.250603,0.056494,0.485292,-0.190172,-0.253441,0.335141,0.269089,0.290037,0.168707,0.050185,0.452617,0.088058,-0.225174,-0.023319,-0.008145,0.078978,0.215162,0.085825,-0.514603,0.376985,0.198676,-0.276932,0.220124,0.080179,-0.157878,0.00655,0.252809,-0.107862,-0.196337,-0.506014,0.105854,-0.513496,0.451304,-0.219053,-0.009167,-0.115165,0.150693,0.157308,-0.155609,-0.497917,-0.4862,-0.212545,0.173494,-0.344334,0.486775,0.127056,-0.142192,#
20,-0.294912,0.079892,-0.211354,-0.032352,0.250572,0.126152,-0.112287,-0.359352,-0.159438,0.349075,-0.221678,-0.028461,-0.12696,0.002734,-0.446083,-0.225196,-0.32744,0.346998,-0.171196,0.126036,1.0,-0.536207,0.150169,-0.159542,-0.022242,0.024219,-0.032069,0.077136,-0.026093,0.460947,0.214964,-0.064894,-0.228696,0.139144,0.084638,0.040246,-0.03793,-0.310164,-0.02324,-0.013837,0.123229,0.016922,0.141777,0.307222,-0.053315,-0.123348,-0.353877,0.375092,0.199914,-0.329113,0.014491,-0.257866,0.082,-0.069716,-0.287362,-0.099699,0.332203,-0.37622,0.251794,0.022083,-0.255148,-0.090641,-0.025493,-0.312707,-0.479728,-0.059815,0.188024,0.226879,0.046439,0.099028,0.255562,-0.055222,-0.228696,0.180382,0.180871,-0.304292,0.318242,-0.003915,0.015578,0.163698,-0.18521,-0.00341,-0.10169,0.076041,0.013766,-0.08069,-0.175373,0.342541,0.256191,0.231512,-0.47631,0.138786,-0.322592,0.123746,-0.065724,-0.145014,0.090567,-0.167967,0.181161,0.451751,-0.241622,0.105812,0.074067,0.13192,-0.011008,-0.049737,0.015394,-0.047615,0.280628,-0.312664,0.376615,0.247493,-0.117825,-0.339574,0.147331,-0.056019,0.259999,0.08541,0.096813,-0.168136,0.262753,0.193228,0.19698,-0.050353,-0.08552,0.264542,0.000512,0.318598,-0.01552,0.182942,-0.30898,0.386904,-0.270527,0.288916,-0.151801,0.119248,-0.228696,0.086048,-0.021054,0.224758,0.135584,0.097928,0.041917,-0.180041,0.160488,0.019975,0.347348,0.348597,0.060116,0.257444,-0.291661,-0.086263,-0.146435,-0.080332,-0.112152,0.173327,-0.072324,-0.043805,0.163019,0.142092,0.014397,0.283883,-0.030317,0.327082,-0.056186,-0.048963,0.209575,-0.0846,-0.042632,0.244231,-0.257052,-0.219614,-0.152514,-0.128423,0.223441,-0.00316,0.339703,-0.077321,0.017476,0.066793,0.195552,-0.225932,-0.353785,0.004094,0.157889,-0.327425,0.182814,-0.351838,-0.286243,0.151872,0.147331,-0.275539,-0.134683,-0.26578,-0.157178,0.053461,-0.053422,0.070962,-0.189486,0.075989,#
