0,1.0,0.279104,-0.293704,-0.047167,0.483426,0.140219,-0.31567,-0.208936,-0.021583,0.376324,0.397709,-0.112977,0.491579,0.341748,0.009183,0.163969,0.092521,-0.101342,-0.049853,-0.34293,0.136823,-0.010083,0.191427,-0.214966,-0.028668,-0.243374,-0.14745,-0.173662,0.231987,0.414964,-0.426432,0.382525,0.029539,-0.168457,-0.058807,-0.242127,-0.192195,-0.250418,-0.049812,-0.135712,0.154358,0.177266,-0.280597,0.024919,-0.072525,-0.110695,-0.021304,0.048169,0.053234,-0.071731,0.007602,-0.074044,-0.092059,-0.196349,0.382929,0.259675,-0.445169,0.372166,-0.244375,0.032488,0.137821,-0.150926,-0.227169,-0.578115,0.307882,0.297443,0.017361,0.387796,0.34161,0.346669,-0.338045,0.030142,0.098144,-0.395509,-0.213443,0.147488,-0.473601,-0.133522,-0.114888,-0.368862,-0.201387,-0.421173,-0.102046,-0.054066,-0.388719,-0.075708,-0.250794,-0.080333,-0.212252,-0.294499,0.163543,-0.616522,-0.203065,0.140023,-0.267659,0.06286,0.072454,0.146905,-0.267286,-0.31535,0.091163,-0.375478,-0.191963,-0.062642,-0.293575,-0.02743,0.006649,-0.198469,-0.106896,0.143702,0.040117,-0.207445,0.044397,-0.309876,-0.495736,-0.112959,0.164653,0.118987,0.01548,-0.026828,-0.552653,-0.421163,-0.321668,0.009601,0.164203,-0.147821,-0.349555,-0.075089,0.329271,-0.584385,-0.370917,-0.053319,-0.451675,-0.385212,-0.286216,-0.206772,-0.114692,-0.315593,-0.400331,-0.661483,-0.421139,-0.272296,-0.539416,-0.082545,0.089276,0.161897,-0.119186,0.286882,-0.180663,-0.35351,-0.553631,-0.189041,-0.309876,0.021545,-0.066591,-0.136558,-0.115892,0.273078,-0.210868,-0.49682,-0.145789,-0.079917,0.07661,0.046718,-0.268377,0.305363,-0.266676,0.280975,-0.497753,-0.140406,0.058153,0.201789,-0.232283,0.127207,0.416253,-0.186018,-0.050704,0.146143,0.188144,-0.062864,0.366285,-0.003602,0.078184,0.237787,0.411956,-0.41655,0.087007,-0.425507,0.064102,0.285807,-0.431356,0.203827,0.320756,0.048441,-0.136341,-0.382688,0.171988,-0.548451,-0.233735,-0.140109,#
1,0.279104,1.0,0.02318,-0.276948,0.326333,0.094861,-0.006624,-0.324043,0.117285,0.528201,0.328833,0.303911,0.083759,0.397099,0.196866,-0.203451,-0.244852,0.144114,0.17446,0.010433,0.038996,-0.110976,0.295133,0.068591,0.126754,-0.192139,0.19583,-0.362122,0.041304,0.404619,-0.417607,-0.004782,-0.159596,-0.21679,-0.133331,0.134789,-0.075831,-0.105089,-0.326838,0.040063,-0.107979,-0.041551,-0.498358,0.054481,0.035013,-0.199687,0.092494,0.347055,-0.388036,0.3144,-0.059224,-0.521993,0.272403,-0.181164,0.240041,-0.143608,-0.297342,0.228552,0.204157,-0.080003,0.10661,0.678123,0.227811,-0.06565,-0.041346,0.195547,-0.188024,0.010068,0.21023,0.206564,-0.171094,-0.041969,0.206631,-0.260999,-0.381638,0.101373,-0.228646,-0.271884,-0.261819,-0.155301,-0.031382,-0.367813,-0.303679,-0.254457,0.104282,-0.064491,-0.491706,-0.491484,0.257177,-0.338632,-0.19774,-0.220582,-0.259985,0.105922,-0.086404,-0.10173,0.201807,-0.026347,-0.15609,-0.130104,0.185004,-0.17226,-0.155209,-0.154953,-0.4632,-0.326964,-0.108987,-0.37912,0.005674,-0.255277,0.307951,-0.161056,-0.496106,-0.190079,-0.226714,-0.121257,-0.388877,-0.296444,-0.076367,-0.414283,-0.178329,-0.326982,-0.28223,-0.189526,0.141624,-0.143609,0.165017,0.184148,0.194353,-0.453705,-0.065552,-0.218009,0.073476,-0.299071,-0.228494,-0.298681,-0.089045,-0.24502,-0.293017,-0.580725,-0.326964,0.028444,-0.418792,-0.160216,-0.419884,-0.531865,-0.05182,0.405654,-0.081922,-0.224486,-0.377433,-0.344071,-0.190079,-0.299079,-0.225237,-0.185722,0.235031,0.491146,-0.091727,0.00359,-0.119541,-0.491086,-0.102321,0.033564,0.231504,0.295704,-0.067999,-0.049272,-0.386446,-0.386025,-0.192528,0.329262,-0.257899,-0.210484,-0.191394,0.056848,-0.218006,0.28032,0.354232,-0.101436,0.574337,-0.009213,-0.098525,0.319714,0.233769,-0.263225,0.352009,0.010419,-0.060108,0.412635,-0.003823,0.033748,0.086677,0.247013,-0.192044,-0.297111,-0.018597,-0.362525,-0.33078,-0.271319,#
2,-0.293704,0.02318,1.0,0.275941,0.116346,-0.1026,-0.155576,0.300737,-0.014938,-0.325604,0.175053,0.121427,-0.156864,-0.168686,-0.178167,-0.117314,0.071371,0.060566,-0.199484,0.262536,0.058356,-0.057645,0.215612,0.240899,0.514196,0.356196,0.004372,-0.162575,0.137215,-0.247935,0.074457,0.02414,-0.048324,0.096865,-0.270618,0.238888,0.226499,-0.083707,-0.006631,-0.135553,-0.004213,-0.071459,-0.190127,-0.399683,0.454576,-0.107295,-0.446868,-0.025453,-0.022534,-0.004503,0.100845,0.331171,0.241523,0.215391,-0.028531,-0.158514,-0.072565,0.006798,0.15114,0.043734,-0.028069,-0.008902,0.174722,0.206717,0.010465,0.269428,0.03464,-0.038225,0.052917,-0.321053,0.030078,-0.257329,-0.078645,0.056486,0.25723,0.212195,0.192406,-0.022138,-0.027242,0.005121,0.524935,0.079572,0.090969,0.194721,0.099921,-0.216182,0.144518,-0.020323,0.124545,-0.07725,0.09561,-0.101364,0.01026,-0.336851,-0.009221,-0.055618,0.342449,0.120867,0.260503,0.233237,0.011047,0.339754,0.149299,0.398435,-0.267311,-0.014327,0.126793,0.255317,0.178004,0.021184,0.161495,-0.055141,0.231084,0.165474,0.409686,0.073906,-0.032447,-2.7e-05,0.067535,0.036728,0.177064,0.009634,0.498785,0.130192,0.08156,-0.024485,-0.013029,-0.184789,-0.088149,0.211164,-0.261325,-0.221849,0.340838,-0.083423,0.223383,-0.067606,-0.18002,0.076037,0.096266,0.080427,0.028079,0.423222,0.116547,0.080782,0.111529,0.142638,-0.078349,-0.215832,0.235368,0.086832,0.134201,0.032812,0.190742,-0.285438,0.384405,-0.317621,0.17165,0.196762,0.070176,0.354153,0.438671,0.152226,0.227754,-0.14648,0.024276,-0.0572,0.449099,-0.417771,0.349885,0.05538,0.023796,-0.236143,-0.116577,0.054761,-0.378777,0.312487,-0.231631,-0.100915,-0.144643,0.109285,-0.160482,-0.095685,-0.05532,-0.027387,-0.191855,0.266814,0.215799,-0.265854,0.417192,-0.139842,0.262373,0.172996,0.106044,0.129042,-0.032079,0.455659,0.05427,-0.016889,-0.046224,-0.02518,#
3,-0.047167,-0.276948,0.275941,1.0,-0.120057,-0.126087,-0.2596,0.278509,0.175208,-0.167307,0.026443,-0.048708,-0.214822,-0.3372,0.009259,-0.124542,0.109874,0.264937,-0.461938,0.023879,-0.106077,-0.211904,-0.059867,-0.13154,0.333874,0.284017,-0.468875,-0.168348,-0.137274,-0.07832,0.582643,0.142223,0.343596,0.036254,0.201592,0.128322,0.252733,-0.001282,-0.040605,-0.148825,0.004289,0.064538,-0.060423,-0.370152,0.286884,-0.107119,-0.132141,-0.357989,0.323986,-0.096048,-0.054811,0.379648,-0.066024,0.383907,0.048405,0.082879,0.280781,0.068531,-0.178474,-0.286307,0.02142,-0.066478,-0.025591,-0.269959,-0.055012,-0.06947,0.386155,-0.118299,-0.010685,-0.364765,-0.13849,0.005529,0.064375,0.093201,0.567663,0.180053,-0.048771,0.193862,0.063316,0.183025,0.095296,0.168414,-0.070176,0.249627,-0.127872,-0.336605,0.191797,0.033127,0.101344,0.099668,0.394127,0.062738,0.266086,0.005326,-0.132166,-0.068257,-0.294694,-0.024967,0.414328,0.114014,-0.442009,0.512906,0.329207,0.563329,0.048719,0.136075,0.007137,-0.120641,0.319274,0.256451,-0.260661,0.052171,0.197779,0.117995,0.146325,0.423346,0.252661,0.015824,0.281238,-0.020219,0.024141,0.132545,0.425413,0.173454,0.190371,-0.010815,-0.143232,-0.12746,-0.137626,0.099154,0.04865,-0.148217,0.110763,-0.271188,-0.19025,-0.098308,0.155254,-0.076502,-0.098264,0.175603,-0.01697,-0.236494,0.012315,0.132362,0.103396,0.117032,0.222859,-0.061094,0.343511,0.186784,0.137234,0.142834,-0.01343,0.075774,0.336966,0.28483,-0.198426,-0.035094,-0.052759,-0.008189,0.170399,0.503892,-0.061269,0.144003,0.162015,-0.285835,0.010442,-0.104359,-0.059642,0.12276,-0.132634,-0.430212,-0.045853,-0.010218,-0.000932,0.327582,-0.163315,0.081554,-0.195335,-0.011119,-0.532318,0.097686,-0.396159,-0.371422,0.018044,0.304678,-0.436361,-0.277926,0.144098,-0.314991,-0.208605,0.214379,0.184864,0.195383,-0.31432,-0.074038,-0.249508,0.327582,0.023843,-0.004468,#
4,0.483426,0.326333,0.116346,-0.120057,1.0,0.210993,-0.092183,-0.05621,0.05522,0.225565,0.377269,0.298415,0.171072,0.30065,-0.039822,0.317583,-0.257002,0.009066,0.279868,-0.291163,0.167774,-0.234439,0.422156,0.080362,0.076871,-0.208536,0.191795,-0.256382,0.232492,0.106948,-0.3179,0.323045,0.128794,-0.117727,-0.169875,-0.122733,-0.215578,0.130577,0.071648,-0.1055,0.362922,0.09083,-0.021896,-0.024585,0.150859,-0.295412,0.026344,0.342532,0.084243,-0.033206,0.184388,-0.206119,0.521783,0.003874,0.013798,0.116042,-0.380043,0.453031,0.131465,0.016744,-0.090646,0.091714,-0.139874,-0.098619,0.336606,0.45431,0.117937,0.530734,0.349822,0.448659,-0.427456,-0.044321,0.229246,-0.503578,-0.252414,0.147194,-0.400284,-0.36763,-0.143643,-0.238687,-0.193536,-0.642312,-0.359392,0.12937,-0.198469,-0.10147,-0.14045,-0.456481,-0.137616,-0.526797,-0.028307,-0.503868,-0.407757,0.044945,-0.425595,-0.022957,0.226257,-0.011972,-0.179029,-0.049748,0.223973,-0.245622,-0.242592,0.129049,-0.372032,-0.317229,0.133116,0.040608,-0.111568,0.092002,0.249844,-0.026524,0.060431,-0.230931,-0.053172,-0.366712,-0.176708,0.168969,0.280111,-0.436563,-0.244637,-0.607411,-0.345353,-0.18463,0.242547,-0.291096,-0.142563,-0.1266,0.273644,-0.523113,-0.328266,-0.212599,-0.352457,-0.382762,-0.032821,0.134864,-0.165412,-0.081629,-0.309819,-0.502509,-0.438917,0.189267,-0.622355,0.010165,0.125438,0.12254,-0.176054,0.54365,-0.460666,-0.466266,-0.40973,-0.257247,-0.072216,-0.248844,0.090444,-0.253636,0.08771,0.447713,0.012267,-0.241284,0.011979,-0.315613,0.136489,-0.078192,-0.211412,0.365126,-0.259202,-0.126411,-0.224296,-0.068805,0.11439,0.2925,-0.225905,-0.062385,0.171815,-0.130663,-0.194169,-0.057577,0.031856,0.171022,0.607446,-0.067001,-0.171846,0.262635,0.00147,-0.310666,0.20316,-0.48871,-0.067168,0.34091,-0.22536,-0.050298,0.474283,0.502605,-0.418555,-0.04567,0.013791,-0.449941,-0.106251,0.001574,#
5,0.140219,0.094861,-0.1026,-0.126087,0.210993,1.0,0.262579,-0.252564,0.061065,0.22013,0.258398,-0.083275,0.280757,0.274106,-0.010016,0.216659,0.10674,-0.13706,0.10328,-0.298091,0.120041,0.270259,0.403194,-0.290335,-0.29009,-0.38458,-0.165634,-0.217523,0.018537,-0.027117,0.003439,0.327779,-0.29774,-0.132895,-0.140013,-0.350697,-0.03815,-0.104702,0.258674,-0.450129,0.058379,0.31048,0.139646,0.049869,-0.283142,-0.43124,0.099162,-0.203068,0.465693,-0.04336,0.221478,-0.199356,0.121246,-0.28863,0.19759,0.478568,-0.121611,0.110286,-0.263863,0.009873,0.262944,0.062912,-0.01425,-0.076303,0.267348,0.277387,-0.123947,0.206995,-0.017725,0.027532,-0.186552,0.138206,-0.022638,-0.506378,-0.21936,0.204496,-0.221102,-0.31786,-0.502773,-0.246745,-0.185842,-0.403487,-0.173641,0.269255,-0.250648,0.059457,-0.282681,-0.236214,0.005666,-0.308708,0.002422,0.01889,-0.350491,0.394347,0.067115,-0.169197,0.250863,-0.187964,-0.169171,-0.029983,0.406501,-0.437988,0.095855,-0.51227,-0.088005,-0.425943,0.064208,-0.371627,-0.387844,-0.041439,-0.038147,-0.060375,0.089546,-0.218174,0.103543,-0.337758,-0.160056,-0.075311,-0.073201,-0.154953,-0.077586,0.23261,-0.324496,-0.321235,0.133048,-0.076703,0.040457,0.323328,0.236848,-0.335067,0.073822,-0.005351,-0.326592,0.119317,0.123357,-0.22546,0.237411,-0.059843,-0.016757,-0.213058,0.078585,-0.030507,0.024246,0.006454,0.15258,0.126289,-0.350959,0.535041,-0.228272,0.022852,-0.094539,-0.026464,0.103306,-0.385288,-0.266312,-0.092913,-0.073483,0.070497,-0.221622,-0.050534,-0.129707,-0.129512,-0.158874,-0.086319,-0.225541,0.519482,0.055974,-0.307504,-0.082649,-0.249295,-0.077813,0.038593,0.262569,-0.061976,0.218604,-0.106344,-0.40671,0.323414,-0.095678,-0.064814,0.253697,0.130895,0.16908,0.272932,-0.10952,-0.4234,0.173827,0.042941,-0.231101,0.101439,0.118216,-0.220459,-0.154774,0.201291,0.057289,0.093111,-0.018359,-0.106344,0.024639,0.036887,#
6,-0.31567,-0.006624,-0.155576,-0.2596,-0.092183,0.262579,1.0,-0.215225,0.150897,-0.207424,-0.05071,-0.124615,0.240984,-0.081738,0.012608,-0.39527,0.145304,-0.104867,0.284248,0.214929,0.158814,0.572837,-0.279411,0.018484,-0.01862,-0.436672,-0.008921,-0.138285,-0.008086,-0.385326,0.191177,-0.303828,-0.205543,0.21498,-0.263516,-0.242102,0.221604,0.28153,-0.22734,-0.310744,0.166315,0.232335,0.131969,0.105304,-0.080123,-0.140048,0.202297,0.053397,0.227638,0.352368,-0.013827,-0.063495,0.116664,-0.410423,-0.154888,0.12074,0.106582,0.069811,0.267988,0.216658,0.189488,0.188073,0.328298,0.277629,-0.164102,0.037606,-0.242155,-0.090527,-0.065377,0.306635,0.247576,-0.198621,-0.207293,-0.382992,-0.402127,-0.392223,0.138101,-0.131988,-0.104557,0.042968,-0.029546,-0.140787,0.083585,-0.024519,0.244838,0.310084,0.327709,-0.047558,0.19379,-0.291717,-0.056852,0.400147,-0.021046,0.363557,0.339106,-0.083804,0.109828,-0.189478,0.111688,0.087621,0.201605,-0.146818,-0.153638,-0.283529,0.005746,-0.013338,-0.100147,0.137802,-0.122551,-0.209781,0.260971,-0.207424,0.154752,-0.126669,0.362046,-0.278749,-0.1885,-0.165195,0.39184,0.011139,0.435117,-0.022125,-0.119592,-0.140901,-0.27609,0.217627,0.280411,0.260455,0.290067,-0.003071,0.113396,0.424177,0.064633,0.439732,0.358393,0.248388,-0.11468,0.132912,0.14819,0.23136,0.179214,0.39158,0.234405,0.229579,0.19102,0.042635,0.116061,0.233718,0.06394,0.212753,0.228304,0.287675,0.243717,0.235038,0.144607,0.074361,0.231523,0.050046,0.064772,0.266042,0.308051,-0.042645,-0.128325,0.077454,-0.068942,0.118715,0.320752,-0.119253,0.081062,0.097884,0.03779,0.175337,0.550829,0.170332,-0.172354,-0.160346,0.209857,-0.316243,-0.038407,0.180928,0.153129,-0.01028,0.09171,0.027624,-0.344372,0.25676,0.073653,0.19379,-0.298746,-0.242773,0.174697,-0.041092,-0.45634,-0.181773,0.031364,0.200106,-0.004741,0.204593,0.023412,0.301536,#
7,-0.208936,-0.324043,0.300737,0.278509,-0.05621,-0.252564,-0.215225,1.0,-0.09425,-0.274254,-0.109362,-0.032111,-0.173601,-0.512659,0.424051,0.195213,0.207655,-0.145405,-0.039482,0.2403,-0.103838,-0.077058,-0.310257,0.303441,0.438732,0.192861,-0.039665,0.077736,-0.118883,-0.198704,0.313075,-0.04125,0.000227,-0.088593,0.2256,0.271681,0.036086,0.073598,0.328951,0.1665,-0.378492,-0.167511,-0.034906,-0.388579,0.500875,-0.167274,0.005552,0.170212,0.015144,-0.358966,0.232059,0.263584,-0.044807,0.205462,-0.009656,-0.258144,-0.159912,-0.108641,0.279263,-0.157067,-0.398078,-0.232151,-0.527503,0.022655,-0.454328,-0.080942,0.307692,-0.076793,0.086754,-0.017401,-0.028207,0.052123,0.225422,0.188203,0.373466,0.186901,-0.12722,0.091896,-0.013622,-0.000233,0.014122,0.138975,-0.097808,0.093046,0.011906,-0.147447,0.005548,0.116505,0.132748,-0.047005,0.258615,0.015945,0.010626,-0.555829,-0.153675,-0.25901,0.029544,0.027973,0.015801,0.070196,-0.131631,0.384637,0.429495,0.200202,-0.140548,0.134597,0.078429,0.431015,0.130682,-0.139662,-0.143771,-0.01561,0.127981,0.020722,-0.127524,0.249874,0.308219,-0.119595,0.037563,0.007442,-0.112959,0.156228,0.189943,0.308231,0.137123,-0.292902,-0.462131,-0.035158,-0.264465,0.338648,-0.125014,-0.371235,-0.066549,0.025947,-0.068227,0.030913,-0.15163,0.161541,0.208321,0.258945,-0.052072,0.3946,0.294462,-0.195232,0.00601,0.158989,0.073381,-0.323706,0.129754,0.136237,0.189531,0.200144,-0.3796,-0.152137,0.25915,0.028444,0.060299,-0.194963,-0.059304,-0.043816,0.357088,0.301365,-0.102433,-0.030511,0.072512,-0.420542,0.126352,0.081693,0.303927,-0.04057,0.334947,-0.402604,-0.262346,-0.113068,-0.199862,-0.100109,-0.371231,-0.300332,-0.276251,-0.264271,-0.368932,-0.111243,-0.212326,-0.149841,-0.26557,-0.010618,0.081838,-0.351264,0.229352,-0.334421,0.154226,0.247083,-0.096511,-0.286055,-0.217241,0.247405,0.195095,-0.100109,0.300572,0.073369,#
8,-0.021583,0.117285,-0.014938,0.175208,0.05522,0.061065,0.150897,-0.09425,1.0,0.238215,-0.16789,-0.111804,-0.021885,0.165754,-0.124202,-0.094935,-0.233706,0.396676,0.338071,0.085002,-0.080065,0.090634,0.439798,0.084917,0.279557,-0.326085,-0.28313,-0.332566,0.112664,0.025927,0.303372,-0.123392,-0.274303,0.098374,0.026937,0.410295,0.346666,-0.213201,0.111627,-0.195893,0.28224,0.024461,-0.102661,-0.014175,-0.076469,-0.157932,0.132358,0.331182,0.173418,-0.043664,0.3329,-0.295914,0.150575,-0.037831,-0.220845,-0.275281,0.200143,0.022927,-0.16042,-0.024794,0.195012,0.356525,0.173826,-0.277612,-0.146326,0.322641,0.326737,0.053043,0.260202,-0.121272,-0.330223,-0.434286,-0.276638,-0.127866,-0.097821,0.071807,0.062456,-0.290513,-0.180438,0.025512,0.194789,-0.278725,-0.248197,0.025758,0.204692,-0.028501,-0.02916,-0.18017,0.299901,-0.093115,-0.297178,-0.062452,-0.295844,0.286702,-0.032048,-0.099889,0.168367,0.363618,0.389815,-0.086224,0.039781,0.172447,-0.325876,0.222778,0.263247,-0.059473,-0.350671,-0.192983,0.309642,-0.134409,0.389019,-0.276813,-0.362478,-0.342447,0.044492,-0.089867,-0.045085,-0.150276,0.218056,-0.596379,0.169076,-0.388797,-0.194935,-0.258156,0.014607,0.003799,0.062996,0.171207,-0.124683,-0.126634,0.173221,0.02653,-0.108811,-0.337504,-0.123603,0.002459,-0.153044,-0.039558,0.05136,-0.039914,-0.224675,-0.085831,-0.23631,-0.295306,-0.444833,-0.432687,-0.037595,0.331954,-0.281701,-0.234305,0.021784,-0.290033,0.157458,-0.15845,0.235588,0.320359,0.114768,0.476203,0.321803,0.304398,0.081351,0.137014,-0.256699,0.332582,0.249747,-0.146975,-0.196253,-0.272873,-0.173444,0.326271,0.004796,0.239899,0.018036,-0.105658,-0.27267,0.127967,-0.167635,0.108993,0.075336,0.245244,0.075336,-0.154081,-0.269295,-0.189536,0.068147,0.205616,0.042437,-0.055337,-0.218878,0.066217,0.034801,-0.219378,-0.320606,0.224276,-0.254362,-0.009096,-0.15863,0.127967,0.045285,-0.261347,#
9,0.376324,0.528201,-0.325604,-0.167307,0.225565,0.22013,-0.207424,-0.274254,0.238215,1.0,-0.182723,0.268754,0.195886,0.345733,0.03546,0.144055,-0.207231,0.312323,0.344332,-0.354341,0.385728,-0.27426,0.260513,-0.038897,-0.276617,-0.063557,-0.090058,-0.015369,0.157709,0.530556,-0.285217,-0.035606,-0.135074,-0.110754,-0.054105,0.200346,-0.252944,-0.210716,-0.028108,0.109102,-0.043045,0.283933,-0.317844,0.247759,-0.205262,0.099112,0.024635,0.026478,-0.220886,-0.001408,0.2177,-0.638414,0.092242,0.00807,0.37923,0.082667,0.156347,0.228439,-0.153133,-0.251678,0.107094,0.370034,0.125811,-0.471719,0.063145,0.1598,0.175303,0.00949,0.155715,0.117272,-0.62173,0.294841,0.273126,-0.169504,-0.199728,0.050634,-0.59103,-0.230109,-0.381333,-0.245157,-0.383832,-0.177462,-0.451731,-0.167464,0.028011,-0.41586,-0.416156,-0.415967,-0.053469,-0.234626,-0.305203,-0.309111,-0.383788,0.199779,0.034959,-0.01464,0.124785,0.048464,-0.301203,-0.225003,0.200819,-0.042311,-0.245011,-0.301278,-0.257712,-0.276726,-0.502442,-0.528925,-0.111133,-0.168391,-0.006967,-0.13631,-0.645118,-0.326936,-0.354442,0.007395,-0.309111,-0.415958,-0.252657,-0.565592,-0.269871,-0.276742,-0.65563,-0.155891,0.049455,-0.491496,0.010424,0.111144,0.108129,-0.383993,0.127355,-0.184512,-0.386331,-0.253119,-0.590637,-0.023503,-0.075363,-0.207373,-0.305963,-0.666706,-0.276726,-0.314227,-0.354445,-0.265846,-0.563042,-0.510637,-0.15585,0.538463,-0.444077,-0.354312,-0.491724,-0.736012,-0.326936,-0.253126,-0.353755,-0.108873,-0.092866,0.419433,-0.19824,-0.112253,-0.502976,-0.202005,-0.451365,0.135282,-0.086699,0.190748,-0.415742,0.131176,-0.327068,-0.111195,-0.158071,0.246842,-0.171258,-0.329914,0.131353,-0.023496,-0.18451,0.654673,0.24639,-0.264096,0.485759,0.340001,0.032048,0.27026,0.375877,-0.388307,0.297597,-0.053469,-0.040956,0.826404,-0.101141,-0.18154,0.195783,0.387316,-0.099444,-0.25146,0.10323,-0.023496,-0.090048,-0.229631,#
10,0.397709,0.328833,0.175053,0.026443,0.377269,0.258398,-0.05071,-0.109362,-0.16789,-0.182723,1.0,-0.241304,0.242676,0.097111,0.301317,-0.145338,0.217715,-0.176857,-0.118599,0.15069,-0.275287,0.092599,0.176374,0.212021,0.061641,-0.112262,0.226381,-0.036826,-0.263855,0.040206,-0.279902,0.304592,0.005671,-0.065908,-0.001453,-0.213272,0.103923,0.26055,-0.149871,-0.13469,0.000612,0.027789,-0.12724,-0.265168,-0.010552,-0.628998,0.112391,0.024147,0.1435,0.041171,-0.057841,0.214098,-0.041237,-0.088859,0.301437,0.142578,-0.687941,0.293111,0.248238,0.132141,0.10536,0.223594,-0.274579,0.167032,0.185524,0.255801,-0.213319,0.271466,0.341743,0.07723,0.232176,-0.315581,-0.182608,-0.514269,-0.014408,0.150263,-0.102873,0.102664,-0.187788,-0.236027,0.105082,-0.518265,-0.008949,-0.111654,-0.703784,0.060313,-0.184563,0.026178,-0.047909,-0.222147,0.185732,-0.286195,0.041791,0.059375,-0.337501,0.219939,0.289617,0.142616,0.009941,-0.25332,0.05768,-0.230843,-0.016966,-0.050508,-0.069436,-0.210126,0.239697,0.153454,-0.089557,0.045535,0.237024,-0.182723,0.107209,-0.031976,-0.10046,-0.443845,-0.09303,0.154716,0.022041,0.132935,-0.237237,-0.146159,0.026299,-0.099796,0.215329,0.14465,0.149278,0.004777,0.350242,-0.298464,-0.397892,0.018376,-0.198357,-0.339305,0.128989,-0.338863,-0.101024,-0.277983,-0.159094,-0.148454,-0.147582,0.156202,-0.260214,-0.12729,0.141429,0.054704,-0.218197,0.036765,-0.020547,-0.072941,-0.465084,0.238996,-0.031976,-0.173155,0.076572,-0.246996,0.399481,-0.035351,0.065509,-0.029772,0.257048,-0.17967,0.400019,-0.245915,-0.091446,0.457768,0.272903,-0.175383,-0.438435,-0.437958,0.140202,0.228227,-0.110103,0.096796,-0.0792,-0.224933,-0.247335,-0.011955,0.010929,0.428371,0.299467,-0.136602,0.203886,0.169436,-0.109072,-0.156549,0.05391,-0.283165,0.212501,-0.192604,-0.268851,0.202782,-0.030136,0.110122,-0.246688,-0.337082,-0.070856,-0.624759,-0.400657,-0.141531,#
11,-0.112977,0.303911,0.121427,-0.048708,0.298415,-0.083275,-0.124615,-0.032111,-0.111804,0.268754,-0.241304,1.0,-0.382296,0.133892,0.0713,0.398169,-0.612983,-0.011031,-0.025216,-0.204587,0.367159,-0.355444,-0.011526,-0.149979,0.073146,0.189396,0.168493,-0.275335,0.444867,0.409942,-0.021261,0.055206,0.096041,-0.181574,-0.043162,0.225864,-0.642884,0.15831,0.048592,0.270519,0.258627,-0.272647,-0.12279,0.085938,0.329263,0.184773,-0.32971,-0.125681,-0.385067,0.064644,0.071543,-0.255422,0.169316,0.302068,-0.241085,-0.092243,0.122046,-0.229669,-0.077429,-0.322822,-0.13314,0.208796,0.191726,0.248201,0.01223,-0.180119,0.276213,-0.119546,-0.1094,0.061262,-0.281344,0.470005,0.257304,0.005183,-0.127835,-0.118937,-0.138494,-0.198022,-0.140548,-0.1847,-0.122564,-0.106523,0.045378,-0.011025,0.396717,-0.1378,-0.40738,-0.552153,0.09135,-0.345527,0.015349,-0.037042,-0.056932,-0.386984,-0.348716,-0.137948,-0.103618,-0.263814,-0.510436,0.300486,0.096047,0.122324,-0.057848,-0.01388,-0.293156,-0.21025,-0.322622,-0.221265,-0.054647,0.169978,-0.34129,0.245186,-0.161167,0.094669,0.111614,0.029152,0.020139,-0.165286,-0.047026,-0.460315,-0.205349,-0.055033,-0.17258,0.051381,0.270223,-0.29783,-0.075773,-0.123243,-0.031481,-0.19152,-0.106287,-0.392298,0.069215,0.018721,-0.298134,0.039939,0.122007,-0.076698,-0.039281,-0.278691,-0.297337,-0.128056,-0.228004,0.038013,0.000334,-0.157835,0.256408,0.293689,-0.116508,-0.281997,0.146606,-0.35928,-0.233564,-0.3282,-0.186662,-0.280074,-0.265641,0.384546,-0.272182,-0.19118,-0.285263,-0.178231,-0.125852,-0.253625,0.060419,-0.239584,-0.335136,0.098312,0.321842,-0.18508,-0.241863,-0.089703,-0.16998,-0.413803,0.090111,0.47392,-0.197354,0.147839,0.033149,-0.190925,0.098426,0.178105,-0.238725,0.334869,0.199045,0.041764,0.137604,-0.192108,0.122964,0.30794,-0.042943,-0.026376,0.377861,0.39325,-0.364227,-0.032959,-0.021373,0.100794,0.249102,0.328073,#
12,0.491579,0.083759,-0.156864,-0.214822,0.171072,0.280757,0.240984,-0.173601,-0.021885,0.195886,0.242676,-0.382296,1.0,0.212983,-0.232692,-0.192112,0.447963,-0.071729,0.146572,-0.037251,0.288053,0.220845,0.048812,-0.034902,-0.035916,-0.329839,-0.285437,-0.15943,0.275214,-0.071806,-0.112811,0.214126,-0.321989,-0.005464,-0.525574,-0.379259,0.065816,-0.190379,-0.024344,-0.486789,0.009008,0.600828,-0.10138,-0.200039,-0.110201,-0.079131,0.137428,0.039281,0.159464,0.071416,-0.020739,-0.154608,0.039215,-0.273609,0.416795,0.122354,-0.334735,0.25024,-0.018975,0.245527,0.255826,-0.223218,0.069268,-0.435432,0.097053,0.269649,-0.152416,0.295394,0.389874,0.339715,-0.127773,-0.194941,-0.046972,-0.450339,-0.380405,-0.22651,-0.150983,-0.033662,-0.053873,-0.161412,-0.112567,-0.368934,-0.087492,0.000813,-0.18286,0.020034,0.110378,-0.020932,0.088455,-0.429768,0.318435,-0.225068,-0.239093,0.37214,0.284646,-0.045885,0.109975,0.220977,-0.070091,-0.469169,0.32133,-0.195692,-0.016725,-0.422304,-0.257415,-0.011315,-0.101827,0.048923,-0.311467,-0.25963,0.402609,-0.324935,0.171287,-0.267767,-0.00687,-0.291817,-0.113127,-0.005326,0.06351,0.083899,-0.016922,-0.331843,-0.458215,-0.095377,-0.124494,-0.000935,-0.156512,0.384063,0.399094,-0.278074,-0.059658,0.581789,-0.392399,-0.08765,0.193579,-0.073632,-0.17965,-0.294058,-0.004391,-0.412118,-0.001479,0.237716,-0.068559,0.063357,0.09894,0.264242,-0.090609,0.306472,-0.163136,-0.193987,-0.377456,0.03876,-0.110239,-0.064839,-0.013017,-0.158785,0.355878,0.20402,0.074236,-0.129778,0.334868,-0.062697,-0.05484,0.009463,-0.144868,0.329907,0.133608,-0.076223,-0.180661,0.010077,0.324425,0.39073,0.21266,0.370488,0.18331,-0.352719,0.187377,0.130216,0.184942,-0.066419,0.4028,-0.079931,0.232639,0.039204,0.010516,-0.211113,0.240527,-0.068169,0.020876,0.110135,0.202415,0.127078,-0.184102,-0.161123,0.14552,-0.137501,0.222005,-0.352719,-0.392967,-0.011422,#
13,0.341748,0.397099,-0.168686,-0.3372,0.30065,0.274106,-0.081738,-0.512659,0.165754,0.345733,0.097111,0.133892,0.212983,1.0,-0.168684,0.236426,-0.062781,-0.074136,0.271118,-0.429842,0.118623,0.174421,0.553178,-0.253626,-0.176697,-0.215351,-0.033634,-0.337883,0.26767,0.271866,-0.499831,0.160254,-0.215333,-0.110391,-0.161811,-0.002228,-0.248553,-0.234681,0.016499,-0.183584,0.158435,-0.031553,-0.055612,0.413481,-0.280993,-0.253014,-0.181648,0.204079,-0.102244,0.08475,-0.17588,-0.337319,0.140933,-0.264389,0.059724,-0.074053,-0.2554,0.134877,-0.351466,0.333634,0.310128,0.271902,-0.038311,-0.115904,0.288415,0.301729,-0.09403,-0.088022,0.26703,0.007533,-0.132976,-0.078278,-0.139644,0.095062,-0.089503,0.239475,-0.046924,-0.570986,-0.344872,-0.202344,-0.18722,-0.479632,-0.257792,0.240782,0.107679,0.159543,-0.49767,-0.314869,-0.284417,-0.259484,-0.140041,-0.320825,-0.242517,0.273466,-0.176484,0.055887,0.080813,-0.037741,-0.143139,-0.274806,0.386818,-0.39683,-0.367119,-0.141759,-0.007669,-0.319003,-0.137836,-0.544498,-0.020567,0.240835,0.153725,0.089547,-0.254566,-0.22169,-0.062178,-0.100584,-0.294488,-0.014286,-0.081001,-0.295522,-0.205968,-0.37845,-0.337521,-0.308684,-0.310059,-0.204159,-0.051928,0.117004,0.171438,-0.546048,-0.185583,0.031608,-0.249555,-0.240767,-0.043962,-0.249077,0.168922,-0.226624,0.010808,-0.386097,-0.325588,-0.310219,-0.580703,-0.360753,-0.138385,-0.214044,-0.187082,0.388403,-0.482403,-0.309785,-0.203177,-0.482871,0.266013,-0.295009,-0.37529,-0.079562,-0.03061,0.473947,0.102884,-0.187894,-0.240454,-0.638964,0.242048,0.094338,-0.260251,0.41542,-0.160294,0.007426,-0.17817,-0.021347,-0.214904,0.421804,-0.098726,-0.048567,0.191588,-0.356222,0.196858,0.319151,0.32877,0.146552,0.690375,-0.379363,-0.0265,0.540026,0.383583,-0.418238,0.465516,0.038265,-0.174976,0.411735,0.139719,-0.355714,0.039443,0.218675,-0.078838,-0.250329,-0.053467,-0.356222,-0.208374,-0.312861,#
14,0.009183,0.196866,-0.178167,0.009259,-0.039822,-0.010016,0.012608,0.424051,-0.124202,0.03546,0.301317,0.0713,-0.232692,-0.168684,1.0,0.081309,0.191175,-0.272642,0.013941,0.00776,-0.180046,0.08058,-0.414241,0.166849,0.045422,-0.008775,0.123134,0.160211,-0.338394,0.077832,-0.099985,0.056774,-0.078637,-0.166004,0.330821,0.114984,-0.129582,0.317818,0.020203,0.551937,-0.170979,-0.200923,-0.139084,-0.130309,0.037689,-0.466887,0.152281,0.084809,-0.058997,-0.088715,0.222033,-0.034266,-0.165827,0.03913,0.166127,0.031275,-0.26103,0.088151,0.289086,-0.036816,-0.130907,0.478087,-0.460849,0.176605,-0.604236,-0.12258,-0.021568,-0.244326,0.235895,0.153318,0.274458,0.209156,0.020209,-0.049055,0.30644,0.207737,-0.359985,0.06835,-0.471592,-0.350308,-0.231573,-0.156638,-0.031756,-0.041736,-0.299231,-0.094672,-0.330149,-0.126412,-0.06029,-0.020701,-0.056394,0.068786,0.083659,-0.326937,-0.301737,-0.186708,0.139925,-0.1608,-0.379225,-0.156345,-0.080139,0.137579,0.15246,-0.102233,0.034037,-0.049002,-0.047119,0.005546,0.064165,-0.068631,-0.330493,0.024066,-0.36005,0.056355,-0.511776,-0.030982,-0.068036,-0.463073,0.020009,-0.040886,-0.194756,0.162203,-0.086658,0.141166,0.226567,-0.265765,-0.044816,-0.129319,0.037194,-0.223355,-0.231377,-0.337601,-0.166381,-0.101999,-0.305033,-0.269807,-0.137892,-0.172689,0.013452,0.195014,-0.323575,-0.025939,-0.009395,-0.333105,-0.27385,-0.396043,0.119498,-0.066585,-0.158847,0.163811,-0.048251,0.075358,-0.429391,-0.179464,-0.012951,-0.059244,0.101254,-0.081123,-0.301087,-0.262384,0.005779,-0.14479,-0.009158,-0.240388,-0.163267,-0.164073,-0.113247,0.244098,-0.128174,-0.597785,-0.005773,-0.154027,-0.190253,-0.391701,-0.184758,-0.199799,-0.337597,-0.167639,-0.172594,-0.047956,0.087776,-0.045689,0.040425,0.314208,-0.147106,-0.112395,0.226983,-0.102276,0.154945,-0.048868,-0.281058,0.241797,-0.287238,-0.147353,-0.354502,-0.12182,-0.043103,-0.199799,0.20104,0.091701,#
15,0.163969,-0.203451,-0.117314,-0.124542,0.317583,0.216659,-0.39527,0.195213,-0.094935,0.144055,-0.145338,0.398169,-0.192112,0.236426,0.081309,1.0,-0.24451,-0.263642,0.066142,-0.240236,0.185299,-0.248405,0.090648,-0.172546,-0.272341,0.027699,0.149263,-0.079286,0.357513,0.306803,-0.176797,0.356406,-0.226626,-0.214258,0.228193,0.141598,-0.408807,-0.067552,0.55417,0.26603,0.211714,-0.05784,0.150356,0.061863,-0.043967,-0.0046,-0.134622,-0.010078,-0.022147,-0.303786,0.26433,-0.135514,0.020341,0.132691,-0.080287,0.044552,-0.011085,-0.202897,-0.241914,-0.103526,0.028753,-0.293389,-0.31847,-0.024518,0.219454,0.044415,0.429292,0.122939,0.183813,-0.010748,-0.412242,0.318679,0.137877,0.041836,0.088898,0.249626,-0.076864,-0.207762,-0.053359,-0.189621,-0.129568,-0.123463,-0.024965,0.041726,-0.101188,-0.060155,-0.438122,-0.25209,-0.292133,-0.012504,0.062926,-0.335091,-0.178796,-0.27594,-0.540798,-0.023339,0.182626,-0.088372,-0.507902,0.038908,0.119607,-0.241294,-0.05973,-0.087326,0.201015,-0.01966,0.024164,-0.000994,-0.111775,0.169759,-0.379434,0.37504,0.122498,-0.127313,-0.209366,-0.011207,0.019658,0.24754,-0.225304,-0.292476,-0.507008,0.018516,-0.21812,0.038655,0.095753,-0.286853,-0.445216,-0.287622,0.070076,-0.146783,-0.178938,-0.320842,-0.263021,-0.183036,-0.371262,-0.022231,0.195803,-0.002501,-0.197535,-0.143272,-0.261659,-0.119055,-0.076956,-0.155905,0.201165,0.246211,-0.235573,0.245555,-0.345945,-0.380994,-0.056916,-0.346423,-0.232696,-0.452984,-0.14255,-0.113529,-0.285865,0.095643,-0.289978,-0.400673,-0.344612,-0.131492,-0.001254,-0.261496,-0.265257,0.031575,-0.533612,0.214363,0.189694,-0.102055,0.021928,-0.085706,-0.425827,-0.124608,0.253989,-0.049041,-0.302486,0.195194,0.037378,-0.147071,0.113871,-0.115053,-0.105246,0.428339,0.287021,-0.346981,0.22146,-0.139954,0.024983,0.246471,-0.154387,-0.151594,0.255893,0.289353,-0.037934,-0.047113,0.053002,-0.049041,0.315836,0.049963,#
16,0.092521,-0.244852,0.071371,0.109874,-0.257002,0.10674,0.145304,0.207655,-0.233706,-0.207231,0.217715,-0.612983,0.447963,-0.062781,0.191175,-0.24451,1.0,-0.299771,-0.238222,0.049579,-0.066762,0.383823,-0.258158,0.032292,-0.022391,-0.045827,-0.17282,0.064835,-0.191281,-0.384968,0.007721,-0.04414,-0.205352,0.219851,-0.060992,-0.05005,0.437576,0.062641,-0.044363,-0.14325,-0.24344,0.259151,0.130573,-0.160657,-0.070185,-0.214492,0.015144,-0.157278,0.257059,0.095025,-0.061565,0.237469,-0.315345,-0.207057,0.409538,0.270705,-0.183595,0.371822,0.032577,0.220513,0.152372,-0.149257,-0.198921,-0.086986,-0.094554,0.071182,-0.24193,-0.079376,0.186877,-0.091774,0.259938,-0.117947,-0.2071,-0.014756,0.312439,0.148255,-0.052684,0.076232,-0.107242,-0.146026,-0.022381,0.091457,0.088553,0.165387,-0.316163,0.100898,0.333443,0.294551,-0.187724,0.092946,0.232243,0.224448,0.173288,0.190955,0.344894,0.088319,0.13912,-0.034214,0.13029,-0.473435,0.052636,0.068093,0.231297,-0.08354,-0.004599,0.156515,0.165945,0.129104,-0.11617,-0.04798,0.051664,-0.207231,0.156883,0.069451,-0.223282,0.103534,-0.229967,-0.178881,0.201111,0.400773,0.067814,0.193724,0.130882,0.056937,-0.258469,0.039988,-0.123061,-0.031208,0.37657,0.0,-0.090308,0.419665,-0.069708,0.043045,0.150021,-0.168377,-0.114574,-0.083621,0.170928,0.232539,-0.011174,0.196577,0.245568,-0.028092,0.192939,0.181477,-0.089962,-0.244598,0.084551,0.426943,-0.152135,0.288535,0.080615,0.21154,0.183701,-0.11213,0.300076,-0.113676,0.055189,-0.092846,0.407239,0.143895,0.25724,-0.11002,-0.263576,0.138416,0.326833,0.115332,-0.100979,-0.116235,0.052288,0.016888,0.198318,0.359067,0.035379,-0.462124,0.181328,-0.061096,-0.192498,0.021143,-0.006958,-0.166819,0.111466,0.076145,-0.142229,-0.026872,0.121571,0.00797,0.137045,-0.211135,0.176813,-0.002556,-0.235371,-0.325076,0.231157,0.077111,0.014306,-0.095598,-0.262817,-0.129543,#
17,-0.101342,0.144114,0.060566,0.264937,0.009066,-0.13706,-0.104867,-0.145405,0.396676,0.312323,-0.176857,-0.011031,-0.071729,-0.074136,-0.272642,-0.263642,-0.299771,1.0,0.250615,0.096305,0.280268,-0.100891,0.351211,0.251743,0.044668,-0.190698,-0.003087,0.06784,0.135468,-0.139556,0.28453,-0.194579,0.110252,0.308961,-0.075475,0.133391,0.158863,-0.209647,-0.458785,-0.043278,0.068874,-0.090499,0.019572,0.100382,0.006697,-0.039887,0.150365,0.166431,-0.193732,0.169333,0.38257,-0.11564,0.283867,-0.060172,-0.345549,0.004742,0.387888,0.152404,0.117835,0.017935,0.033502,0.224859,0.157478,-0.263387,0.102266,0.192122,0.292795,0.074396,0.008648,-0.234342,-0.334796,-0.378307,0.322293,0.019139,-0.064663,-0.275668,0.008883,-0.00432,0.103769,0.57088,0.329472,0.172699,-0.151011,-0.140676,0.118077,-0.422664,0.085428,-0.042182,0.284837,-0.042472,-0.342648,-0.066461,0.044563,0.277163,0.112898,-0.026839,-0.333906,0.498408,0.466948,0.13465,0.090283,0.55168,0.064375,0.294703,0.038011,-0.107109,-0.331647,-0.177064,0.160458,0.038617,0.366495,0.058119,-0.230268,0.257131,0.17814,-0.057521,-0.080912,0.018744,-0.148664,-0.290105,0.374093,-0.226696,-0.128588,-0.426152,0.179391,-0.297576,0.536985,0.120639,-0.166869,0.180206,0.271115,0.028722,-0.065361,-0.302855,-0.160364,0.353377,-0.248739,0.024033,-0.120361,-0.093166,0.11853,-0.008386,-0.214681,-0.092895,-0.28036,-0.266107,-0.341039,0.144515,-0.035857,-0.034701,0.071563,-0.433902,0.234159,0.044706,-0.024726,0.173953,-0.143591,0.190233,0.172053,0.360632,0.093243,0.071863,-0.323479,0.387137,0.380947,0.002155,-0.05151,-0.173883,-0.247502,0.361386,0.049036,0.253513,0.037538,-0.154142,-0.191867,0.286734,0.219819,0.256235,-0.247145,-0.068922,-0.071397,0.327359,-0.316152,-0.612844,-0.088043,-0.006696,-0.339454,0.154293,-0.082173,0.336179,0.164231,-0.224903,-0.035494,0.263545,-0.015066,-0.143018,0.039878,0.286734,-0.030972,-0.225116,#
18,-0.049853,0.17446,-0.199484,-0.461938,0.279868,0.10328,0.284248,-0.039482,0.338071,0.344332,-0.118599,-0.025216,0.146572,0.271118,0.013941,0.066142,-0.238222,0.250615,1.0,0.019708,0.283247,0.130347,0.202884,0.374357,-0.037909,-0.377291,0.153711,0.147347,-0.09625,0.109449,-0.145442,-0.339798,-0.17928,0.342969,-0.287021,0.002919,-0.080874,-0.004666,9.9e-05,0.023881,-0.022948,0.154315,-0.024967,0.435827,-0.323807,-0.263243,0.262906,0.511072,-0.185198,0.053688,0.341978,-0.366998,0.487968,-0.214542,-0.10409,-0.112225,0.029271,-0.054159,0.279844,0.248496,-0.244172,0.276264,-0.125454,-0.068528,-0.065378,0.213351,-0.090088,0.182939,0.230017,0.253908,-0.141172,-0.249627,0.060374,-0.044669,-0.265837,-0.155609,-0.205298,-0.196801,-0.152143,0.142771,-0.239097,-0.2907,-0.414311,-0.070392,0.097965,-0.149489,-0.169232,-0.011922,0.012002,-0.38425,-0.401828,-0.313883,-0.245749,0.162459,-0.026678,-0.082801,0.250241,0.086562,0.046682,0.037641,0.326492,-0.052115,-0.38892,-0.119129,0.028168,-0.354838,-0.348641,0.096523,-0.051735,-0.092877,0.443697,-0.144828,-0.286714,-0.233593,-0.068175,-0.41571,-0.32533,-0.037429,-0.088385,-0.477037,-0.042876,-0.512002,-0.51546,-0.443725,-0.253911,-0.355308,0.156846,0.102111,-0.115272,-0.081473,0.004271,0.025316,-0.374857,0.045284,-0.056695,0.231107,-0.229094,-0.081872,-0.066742,-0.137955,-0.053354,0.354982,-0.294726,-0.371178,-0.337794,-0.253796,-0.377195,0.398425,-0.507396,-0.297683,-0.039878,-0.500089,0.127461,-0.121163,-0.036339,-0.022307,0.104801,0.154408,0.318626,0.241776,-0.019885,-0.197232,-0.069886,0.451224,-0.081611,0.254278,-0.027362,-0.160738,0.097287,0.270639,0.141615,0.40909,0.062695,-0.202714,-0.164782,-0.384442,0.039771,0.118972,0.173226,0.042047,0.53214,-0.259993,0.093296,0.205733,-0.264311,-0.191661,0.458957,0.063267,-0.407954,0.395823,0.112287,-0.365216,-0.279906,0.191497,0.0269,0.049901,0.263366,-0.056194,0.088202,-0.199443,#
19,-0.34293,0.010433,0.262536,0.023879,-0.291163,-0.298091,0.214929,0.2403,0.085002,-0.354341,0.15069,-0.204587,-0.037251,-0.429842,0.00776,-0.240236,0.049579,0.096305,0.019708,1.0,-0.196665,0.072133,-0.32006,0.666137,0.264324,0.042523,0.253714,0.082419,-0.120684,-0.140701,0.298064,-0.324795,-0.351128,0.367969,-0.005711,0.204211,0.547381,0.215019,-0.062107,-0.000306,-0.20892,-0.088781,0.070574,-0.352824,0.191965,-0.008833,0.131692,0.197041,-0.188183,0.072226,-0.08686,0.341634,-0.180441,-0.10231,-0.112067,-0.394434,-0.093763,-0.275809,0.38898,-0.006856,-0.032842,-0.026314,0.159026,0.258001,-0.079543,-0.117057,0.214448,0.000786,0.10036,-0.176215,0.105656,-0.556637,-0.123312,-0.037813,-0.110417,-0.235175,0.603021,0.300853,0.378031,0.393511,0.592761,0.09722,0.133876,-0.533212,0.135275,0.225723,0.060508,0.217852,0.328506,0.137909,0.147355,0.159498,0.282654,-0.031135,-0.085213,0.18667,0.192042,0.320015,0.354,-0.05141,-0.128213,0.23317,0.057111,0.00711,0.22438,0.277314,0.039097,0.545739,0.100971,-0.358196,0.29743,-0.120098,0.242613,0.119228,0.256152,-0.198673,-0.024674,0.325465,-0.146422,0.084952,0.062307,0.103559,0.335692,0.209848,-0.176237,0.398259,0.133854,0.115442,0.000785,0.600916,0.198156,0.159168,0.225987,0.036798,0.088227,0.222233,-0.195908,0.201768,0.107773,0.113905,0.287259,0.578718,0.517062,0.158301,0.140322,0.119914,0.001449,-0.223117,0.48066,0.189897,0.023041,0.291196,-0.046688,0.041798,0.42136,0.274433,0.464602,-0.221377,0.335923,0.448596,0.425717,0.212571,-0.015544,0.116509,0.44069,0.029193,0.377126,-0.053924,-0.051655,0.132425,0.194704,0.140739,-0.017641,0.098181,-0.5944,0.01316,-0.048873,-0.18005,-0.069339,0.164469,-0.221399,-0.196128,-0.033027,-0.295154,-0.136694,0.42357,-0.053448,0.16364,0.090211,-0.427441,0.276649,0.09229,-0.296651,-0.296421,0.189135,-0.146145,0.097229,0.01316,-0.350411,-0.251897,#
20,0.136823,0.038996,0.058356,-0.106077,0.167774,0.120041,0.158814,-0.103838,-0.080065,0.385728,-0.275287,0.367159,0.288053,0.118623,-0.180046,0.185299,-0.066762,0.280268,0.283247,-0.196665,1.0,0.10532,-0.054764,-0.083135,-0.058963,-0.130491,-0.172309,-0.142521,0.576302,0.166742,-0.033941,-0.009314,-0.203499,0.18592,-0.353829,-0.039792,-0.381079,-0.078812,-0.229762,-0.041163,0.182603,0.221563,-0.213754,0.131145,0.0462,0.066533,-0.354935,-0.216892,-0.315889,0.172174,0.28505,-0.097608,0.158814,-0.053713,0.057571,0.378857,0.208526,0.051924,0.035751,0.059048,0.217589,-0.116485,0.175778,-0.231586,0.143781,0.059987,0.149366,0.052231,0.119856,0.166,-0.41222,0.060885,0.116681,-0.244531,-0.226718,-0.358869,-0.293391,-0.118333,-0.144155,0.017051,-0.041674,0.053738,0.070962,-0.003015,0.192955,-0.416751,-0.016494,-0.28495,-0.014683,-0.479018,-0.121672,-0.361919,-0.239083,-0.049515,-0.020489,0.038487,0.057704,0.132968,-0.316835,0.263252,0.342612,0.218474,-0.110765,-0.113475,-0.307428,-0.203523,-0.563036,-0.093339,-0.356178,0.129844,-0.044068,0.108278,0.07299,-0.08535,0.11742,-0.139636,-0.047423,-0.242996,-0.183052,-0.170977,-0.100921,-0.202166,-0.361804,-0.176124,0.060041,-0.525665,0.112171,-0.146461,0.305978,-0.239211,-0.330068,-0.024143,-0.287179,0.056423,-0.21067,0.229227,-0.11354,-0.312422,-0.187709,-0.349011,-0.203523,0.173055,-0.123371,-0.012647,0.115154,0.151987,-0.308892,0.296342,-0.196862,-0.326578,0.038431,-0.592309,-0.160275,-0.16089,-0.11123,-0.328325,-0.286831,0.451133,-0.224222,-0.146596,-0.011717,0.088522,-0.343961,0.00172,-0.29623,0.156247,-0.076814,0.300844,0.254713,0.21706,0.090804,0.148415,-0.001757,0.142497,0.068029,0.143786,0.221264,0.309926,-0.044374,-0.244693,0.21143,0.21766,0.131841,0.230049,-0.004398,-0.122035,0.27328,-0.171503,0.202152,0.570026,0.092605,0.004426,0.161681,0.203349,0.08819,0.090953,0.551558,0.143786,0.190959,0.095315,#
