0,1.0,0.155793,0.105704,-0.001129,0.37565,-0.066382,-0.016071,0.022685,0.350371,-0.063308,-0.281217,0.290019,0.28335,-0.117874,0.467512,0.030775,0.268125,-0.064122,-0.028987,-0.145218,-0.258179,0.129597,-0.084023,0.094302,0.109626,-0.220982,-0.183436,-0.277313,0.2868,0.034264,-0.40958,0.045681,-0.152932,0.000125,-0.180033,-0.164415,0.168235,0.049508,0.219586,-0.021595,0.021833,-0.330618,-0.235077,0.334922,0.159967,0.260626,0.400949,-0.023945,0.078498,0.230581,-0.257452,-0.075172,0.331938,-0.150534,0.171038,0.098459,-0.346828,0.175061,-0.370403,-0.121841,0.213139,-0.105577,0.018183,-0.017231,0.146139,0.101392,-0.101449,-0.319343,0.257047,-0.075256,0.253632,-0.425547,-0.152932,-0.226784,-0.410602,0.127782,0.011048,-0.078141,-0.202327,-0.112673,0.260328,-0.37691,0.066236,-0.352851,0.036409,0.079376,-0.269509,-0.085497,-0.037941,-0.448078,0.267061,-0.158168,0.224703,0.105241,-0.03151,-0.05702,-0.270728,-0.206564,0.198573,-0.093237,-0.126947,-0.206862,-0.142638,-0.202327,0.111876,-0.153172,-0.126197,0.019576,0.091972,-0.390456,-0.210042,-0.152932,0.078586,-0.14816,-0.244609,-0.234703,-0.082548,-0.206978,-0.002134,-0.472495,-0.018303,0.02168,-0.330055,-0.228524,-0.116051,-0.10989,0.111086,-0.027223,-0.2135,0.057811,0.151418,-0.442077,-0.112673,-0.032162,-0.256831,-0.267277,-0.220884,-0.258468,0.00956,-0.246798,-0.142521,-0.281951,-0.153172,-0.26138,-0.371396,-0.042078,-0.052056,-0.033131,-0.325685,-0.333573,-0.150244,-0.102021,0.354231,-0.090178,-0.163536,0.247504,0.21791,0.161222,-0.291626,-0.033441,-0.141315,0.080985,0.20087,-0.183716,-0.070169,0.081343,0.165529,-0.160755,-0.210007,-0.168551,0.040483,0.068642,-0.018303,-0.105243,0.379133,0.020065,0.226769,0.154212,0.043176,-0.340764,-0.015018,-0.232635,0.086966,0.192584,0.124229,-0.13062,0.299057,0.090985,-0.003969,0.29976,-0.24278,0.0754,-0.075493,0.107073,-0.102924,0.130299,-0.073183,-0.246697,0.040892,0.022468,#
1,0.155793,1.0,0.011455,0.138969,0.238171,0.215092,-0.074347,-0.28066,0.065406,-0.107827,-0.031687,0.160159,-0.146191,-0.04962,0.380684,-0.092505,-0.146124,0.045899,-0.241918,0.014701,-0.002966,0.384561,0.146551,-0.077919,0.07936,-0.224469,-0.184191,-0.034996,0.369042,0.417286,-0.487035,-0.053867,-0.114671,0.101232,-0.247431,0.23195,0.108736,-0.178455,0.365128,-0.015904,0.268519,-0.497568,0.261393,0.148698,-0.315607,0.080146,0.256491,0.133825,0.007515,0.112603,0.141884,0.021619,-0.045633,0.14738,0.035401,-0.073844,0.010032,0.25973,-0.226526,-0.070861,0.084355,-0.234837,0.060483,0.173051,0.029018,0.01903,0.005207,0.248486,0.439646,0.198194,-0.149442,-0.254805,-0.114671,-0.051186,0.023712,0.09766,-0.200304,0.253872,-0.231091,-0.023282,-0.268461,-0.166568,-0.212696,0.243766,-0.035159,-0.152038,-0.402716,-0.350167,-0.023968,-0.071866,-0.132211,0.070172,-0.03512,-0.145176,-0.421064,-0.046449,-0.414536,-0.172003,-0.384909,-0.001345,0.197083,-0.03487,0.035904,-0.227653,-0.18271,-0.280796,-0.357222,0.131608,0.159524,0.152284,-0.027613,-0.114671,-0.457447,-0.31402,0.187761,0.126921,-0.350129,-0.093367,0.00865,0.149077,-0.315518,-0.306017,0.012765,0.018308,0.076342,0.114272,0.004433,0.132639,0.3357,-0.052169,-0.034077,-0.267175,-0.034,-0.222781,-0.071128,-0.144848,-0.165622,-0.45838,0.359759,-0.127654,-0.185328,-0.097232,0.183355,-0.447828,-0.16841,-0.007026,0.113225,-0.070192,-0.065174,-0.18201,-0.25836,-0.088271,0.010216,-0.14508,-0.071412,-0.207363,-0.06579,0.035786,0.148203,-0.094793,-0.01148,-0.165583,-0.197294,-0.126092,-0.17622,0.296638,0.182895,-0.770297,0.114033,-0.280746,-0.14606,-0.088108,-0.315518,0.118098,-0.001422,0.218594,0.097494,-0.001225,0.141047,-0.156565,-0.061841,0.118112,-0.049541,0.06313,0.39974,-0.24505,0.092178,-0.016154,-0.044517,0.329538,0.120693,0.286943,0.304129,0.304367,0.066439,-0.232055,0.294823,-0.1155,-0.114216,0.204194,#
2,0.105704,0.011455,1.0,0.351431,-0.145177,-0.275468,0.059202,-0.06717,0.111866,0.115309,0.11841,0.019232,-0.119276,0.230525,0.107831,-0.226869,-0.237971,0.373746,0.258541,0.219196,-0.260325,0.109997,0.047217,0.341817,0.082772,-0.057763,-0.00563,-0.20342,0.415054,-0.271837,0.147643,0.262704,-0.195849,0.091954,-0.371612,0.02561,-0.14007,0.041973,0.122052,-0.388761,-0.300353,0.288354,0.07343,-0.205226,0.02281,-0.372759,0.22342,0.039887,-0.285611,0.156852,-0.27106,0.16995,-0.198933,0.21604,-0.326648,-0.137319,-0.012038,-0.133519,-0.463425,-0.202929,0.287568,0.222551,0.029636,-0.119781,-0.082877,0.135412,0.235571,-0.300231,-0.153802,0.040375,0.124573,-0.04539,0.178385,0.283776,-0.281866,0.227796,0.02529,-0.231608,-0.060874,-0.041316,0.026328,0.028793,-0.357698,0.265577,-0.020249,-0.093872,-0.03961,-0.241705,-0.056625,-0.135932,-0.049041,-0.210311,0.101062,0.453421,0.095133,0.286734,0.066613,0.182831,-0.164274,-0.004492,-0.350163,-0.216093,-0.26614,0.277558,0.017804,0.145936,0.235206,0.151982,0.120009,0.116365,0.283282,-0.195849,-0.100294,0.275052,0.16758,-0.181215,-0.242472,0.03057,0.25011,-0.064134,-0.166633,0.28286,0.047288,-0.110827,0.003632,0.360029,-0.010325,-0.355057,-0.020676,-0.07974,0.329428,0.176503,-0.195919,-0.036284,0.271118,0.113849,0.027132,0.360575,0.02223,-0.220172,0.371948,0.037575,0.112473,-0.158896,0.048413,0.133232,0.037417,-0.067027,-0.269249,0.220582,0.198794,0.584554,0.22304,0.125542,0.374273,0.130517,-0.06501,0.246301,0.104193,0.035749,0.112611,-0.009392,0.19083,0.118685,-0.109108,-0.188093,0.030184,-0.013987,0.025007,0.114213,-0.144577,0.238247,-0.166633,0.07736,-0.022921,0.247622,-0.119074,0.309371,-0.02123,0.051647,0.191083,0.097728,-0.153808,0.015001,-0.215753,0.09126,0.061795,0.421065,0.03925,0.023802,0.146756,-0.218797,-0.161859,0.038572,-0.408501,-0.244281,-0.135474,-0.164976,0.157194,-0.280784,#
3,-0.001129,0.138969,0.351431,1.0,-0.329754,-0.258069,-0.285326,-0.158378,-0.351163,-0.27489,0.110291,-0.035205,-0.298331,-0.224788,0.162171,0.250176,0.029314,-0.155743,-0.124856,-0.083351,-0.239077,-0.015352,-0.371731,0.061863,0.184425,0.13697,-0.134426,-0.076733,0.173965,-0.355671,-0.293306,-0.04631,-0.230036,0.089794,-0.080073,-0.256248,-0.140096,0.156615,0.088162,0.153357,-0.067191,-0.032952,-0.093576,-0.219675,0.110382,0.274679,-0.142032,-0.545145,0.064079,0.061475,-0.198489,0.245703,-0.031484,0.231035,-0.036501,0.226045,0.054735,0.068404,-0.439293,-0.071365,0.061392,-0.083775,0.306076,0.191274,0.014345,-0.438397,-0.279425,-0.064238,-0.326805,-0.02941,-0.071849,0.219916,0.144006,0.141149,-0.27966,0.327949,0.088957,0.429836,0.30242,-0.219382,0.062668,0.195458,-0.020785,0.112484,-0.039685,0.010595,0.099155,-0.159754,-0.014138,-0.097967,0.265164,0.137965,0.097413,0.177399,-0.19127,-0.033937,0.107173,0.19486,-0.091324,0.089623,-0.008545,0.331928,0.024348,0.135114,0.029912,0.035316,0.181441,0.312597,-0.006565,0.131469,-0.205833,-0.230036,-0.253287,0.116265,-0.135286,0.289455,0.193966,-0.010165,-0.415821,0.419855,0.125054,-0.367114,0.175837,0.531139,0.340573,-0.113975,-0.075231,-0.301111,0.022183,0.238974,-0.266429,-0.30432,-0.049825,-0.070102,0.189472,0.180103,0.264488,0.048966,-0.242242,0.082506,-0.103051,0.190651,0.028455,-0.153706,0.03938,0.127004,-0.268262,-0.276809,0.022743,-0.096883,2.8e-05,0.317542,0.166278,0.010235,0.014207,0.077487,-0.252387,-0.294964,0.101552,-0.051172,0.039857,-0.047967,0.266829,-0.370695,-0.440117,-0.200902,-0.072235,-0.292543,0.298626,-0.369338,0.004594,-0.268804,0.125054,0.166571,-0.188665,-0.142113,0.096752,-0.076905,-0.492978,0.005462,-0.130303,-0.090334,0.160741,-0.041961,-0.065225,-0.194839,-0.159805,-0.172025,0.448002,-0.139747,-0.025481,0.277727,-0.041858,-0.303774,-0.419044,-0.007833,-0.211952,0.101874,-0.261617,-0.088533,#
4,0.37565,0.238171,-0.145177,-0.329754,1.0,0.223394,0.141704,0.128718,0.302072,-0.097488,-0.376333,0.276482,0.229071,0.061766,0.228119,-0.210394,0.109528,0.237103,-0.192596,0.080309,0.393724,0.042315,0.47586,-0.2366,-0.093277,-0.303679,-0.000328,-0.203594,0.066589,0.386414,-0.27762,0.070383,0.12487,-0.163533,-0.302961,0.312927,0.178143,-0.3944,0.023452,-0.430181,0.085091,-0.031535,-0.009519,0.184053,0.018327,-0.160364,0.45074,0.441842,0.299799,-0.24107,-0.101753,-0.536711,0.075384,-0.348171,0.20745,-0.095936,-0.356389,-0.063306,0.094332,0.100962,0.093152,0.072929,-0.209715,-0.280175,0.027595,0.562838,0.068233,0.129492,0.549789,0.165816,0.196358,-0.575318,-0.271543,-0.664292,-0.283228,0.253354,-0.420079,-0.262611,-0.474413,-0.233007,-0.074986,-0.619207,-0.250916,0.002235,-0.437689,0.056347,-0.736808,-0.088901,0.017237,-0.254201,-0.476421,-0.371333,-0.259165,-0.29772,-0.161422,-0.342975,-0.628118,-0.467068,-0.214483,-0.201391,-0.188,-0.477591,-0.250569,-0.32414,-0.289502,-0.664933,-0.083457,-0.295865,0.166446,-0.475185,0.365901,0.157905,-0.289491,-0.699371,-0.143542,0.048614,-0.302051,-0.431335,0.120111,-0.477149,-0.183607,-0.051624,-0.587217,-0.616887,0.057318,0.236137,-0.144187,0.46582,-0.096059,-0.475169,-0.203563,-0.095794,-0.400108,-0.049357,-0.446595,-0.445338,-0.392198,-0.430136,0.241667,-0.292243,-0.23714,-0.379858,-0.247748,-0.175467,-0.628537,-0.267515,0.028927,0.569435,-0.360469,-0.237696,-0.528049,-0.143513,0.284642,-0.655347,-0.360175,-0.261109,0.336483,0.437071,-0.399738,0.012586,-0.175795,0.21711,-0.237696,0.131227,-0.126593,0.235742,-0.041598,-0.276711,-0.55238,0.137919,-0.194486,0.257977,-0.393964,-0.51224,0.092739,-0.08196,0.265392,0.193245,0.349082,-0.35352,0.345224,-0.062261,-0.119383,0.030925,0.548341,-0.31137,0.14373,0.063191,-0.330854,0.370955,-0.316874,0.228359,0.451449,0.214398,-0.126441,0.378625,0.243902,-0.303749,-0.30865,-0.188584,#
5,-0.066382,0.215092,-0.275468,-0.258069,0.223394,1.0,0.511695,0.310321,-0.071951,0.009087,-0.048054,0.272143,0.043106,0.444677,-0.0427,-0.014899,-0.085399,0.078991,-0.089014,-0.193547,0.352538,0.266677,0.069257,-0.443005,0.11248,-0.218696,-0.014131,-0.20087,0.072416,0.323214,-0.16593,0.10591,0.183295,-0.344511,-0.177277,0.376477,0.05825,-0.107351,-0.112893,-0.203442,0.347953,-0.039891,0.117835,0.138594,0.022683,0.035095,0.036059,0.38653,0.331326,-0.191826,0.213414,-0.167507,0.224096,-0.3867,0.033914,-0.199795,0.190574,0.200093,-0.032408,0.0727,-0.045492,-0.215423,-0.195786,0.067063,-0.01218,-0.037296,0.003047,0.403293,0.413586,-0.239344,-0.414755,-0.47075,-0.195936,-0.229459,0.02581,0.105054,-0.164692,-0.046997,-0.376507,-0.202321,-0.136794,-0.429842,0.26551,-0.364696,-0.081786,0.272953,-0.046325,-0.051987,-0.245494,-0.130938,-0.057663,-0.066165,0.082425,-0.59831,-0.225916,-0.245494,-0.347422,-0.286276,0.031824,-0.36225,0.315846,-0.210059,0.201358,-0.553157,-0.113278,-0.479791,-0.126806,-0.751236,-0.086758,-0.389811,-0.051937,0.214897,-0.171807,-0.373833,0.032426,-0.151175,-0.251832,-0.193948,-0.000237,-0.116076,0.024844,-0.076124,-0.126713,-0.283981,-0.031446,0.001325,-0.204087,0.090198,0.033397,-0.283163,-0.239695,-0.140571,0.108179,-0.160071,-0.087827,0.125835,0.019511,-0.298247,-0.075315,-0.205427,-0.330501,-0.302626,-0.284153,-0.22094,0.035246,-0.059692,0.032753,0.213466,-0.145262,-0.171159,-0.150526,0.048413,-0.216221,-0.07986,-0.281423,-0.354318,0.515638,0.195757,-0.195941,0.015972,-0.052493,0.033899,0.009741,0.095527,-0.112475,0.623254,0.197135,-0.040376,0.024016,-0.082174,0.240231,0.089133,-0.176394,0.026563,0.432323,-0.133406,-0.121134,0.158136,0.277129,-0.205133,0.229624,-0.000249,-0.113456,0.460213,0.499657,-0.426902,0.159395,-0.072386,-0.242333,0.245156,-0.089288,0.296212,0.495091,0.123955,0.321519,0.259233,0.294607,-0.209118,-0.015419,0.193577,#
6,-0.016071,-0.074347,0.059202,-0.285326,0.141704,0.511695,1.0,0.418294,0.307607,-0.059926,0.298639,0.158612,0.036469,0.333754,-0.012547,0.055389,0.009207,0.093887,0.352148,-0.020194,0.232828,0.29322,-0.007477,-0.256154,0.018239,-0.000602,-0.050074,-0.027853,0.352818,0.045472,-0.191483,0.24068,0.154378,-0.65461,-0.192608,0.40118,0.199113,0.008302,-0.171188,-0.321422,-0.083128,0.119771,-0.108439,0.290379,-0.0634,-0.20421,0.1425,0.160102,-0.060411,0.08456,-0.143139,-0.050064,-0.010047,-0.034552,-0.272781,-0.236613,0.052233,-0.120096,0.018411,0.298579,0.055327,0.142099,-0.263452,0.20668,-0.109499,0.013562,0.162529,0.216447,0.444338,-0.16718,-0.039818,-0.315542,-0.229965,-0.166967,-0.123908,0.175971,-0.084322,-0.39746,-0.678863,-0.212204,0.066789,-0.431552,-0.068032,-0.351197,-0.222468,0.180969,-0.206863,-0.172594,-0.363997,0.049771,-0.075794,-0.203192,-0.065868,-0.334048,-0.366918,-0.027186,-0.465573,-0.459857,-0.25971,-0.181718,0.012507,-0.507905,-0.194272,-0.516687,0.057591,-0.348982,-0.200858,-0.421827,-0.048436,-0.328293,-0.004635,0.186406,-0.118825,-0.185353,0.039132,-0.272631,-0.351065,-0.188646,0.097135,-0.288085,-0.265136,0.122924,-0.335645,-0.444049,-0.227507,0.187048,-0.49118,0.202758,-0.128727,-0.363827,-0.098972,-0.110689,-0.224777,-0.008627,-0.158924,-0.161513,-0.025561,-0.271379,-0.041517,-0.240014,-0.087856,-0.326975,-0.364844,-0.106782,-0.111675,-0.016177,-0.23602,0.312696,-0.143689,-0.088269,0.018898,0.139224,-0.080806,0.019564,-0.153073,-0.415854,0.276266,0.443488,-0.205738,-0.073215,-0.115803,-0.332067,-0.09532,0.119355,-0.09951,0.579148,-0.251851,-0.019216,-0.062025,0.031402,0.021283,0.223497,-0.265136,-0.196734,0.421528,-0.188683,-0.179475,0.416076,0.430492,-0.266315,0.513261,-0.074042,-0.033041,0.568813,0.412953,-0.098918,0.152667,0.21731,-0.103041,0.210893,-0.103694,0.258872,0.34633,0.235172,0.105193,0.330648,0.346006,-0.250575,0.00182,0.301315,#
7,0.022685,-0.28066,-0.06717,-0.158378,0.128718,0.310321,0.418294,1.0,-0.062863,-0.209267,-0.115991,-0.163999,0.071954,0.290404,0.231375,0.006556,-0.102066,-0.279699,0.258505,-0.216026,-0.084922,0.197814,-0.137901,-0.407658,-0.077433,0.036958,0.14525,-0.100015,-0.165383,0.012004,0.009276,0.100626,0.387526,-0.43884,-0.031589,0.274208,0.068411,0.180268,-0.184457,-0.374412,0.011005,0.361405,0.196529,0.102216,-0.051366,0.117826,0.104381,-0.068907,0.056673,-0.203243,-0.419298,-0.10861,0.098571,-0.571389,-0.011561,0.067372,-0.067942,0.01221,-0.114274,-0.046921,-0.163541,0.326766,-0.401742,0.157346,0.25568,0.194514,0.048728,0.228528,-0.068035,-0.354942,-0.086144,-0.376233,-0.101981,-0.374256,-0.083755,0.108723,-0.141361,-0.396751,-0.374463,-0.313402,0.017638,-0.479638,0.267457,-0.442308,-0.14233,0.346635,0.072921,-0.085388,-0.178497,-0.031525,0.004735,-0.253343,0.094153,-0.311408,0.032232,0.017274,-0.368661,-0.08763,-0.122254,-0.322986,0.038811,-0.374492,0.134704,-0.374463,-0.27197,-0.249721,0.134783,-0.555164,0.019791,-0.374463,-0.174441,0.428318,0.183544,-0.031346,-0.29133,-0.06044,-0.103113,-0.007188,-0.142691,0.023292,-0.062534,-0.046969,-0.256763,-0.087583,0.197761,-0.018528,-0.217819,-0.088437,0.180182,-0.249677,0.117195,-0.215269,-0.126734,-0.104733,-0.115942,-0.087593,0.243178,-0.009371,-0.227738,-0.209265,-0.141447,-0.39373,-0.249721,0.165607,-0.095779,-0.459296,-0.28041,-0.041315,0.01527,-0.147187,0.041754,0.078628,0.305261,-0.083844,0.016333,-0.184415,0.34472,0.086188,-0.519287,0.190869,-0.062324,-0.147259,0.077336,-0.062698,-0.273928,0.181331,-0.341722,0.192083,-0.280601,-0.015497,-0.049572,0.216217,-0.062534,0.074874,0.25873,-0.060951,-0.184248,0.112425,-0.066244,-0.071481,0.031331,-0.005899,0.067235,0.310938,0.10924,-0.150829,0.118134,0.188133,-0.024672,-0.166714,-0.362286,0.38855,0.2275,0.069333,-0.010501,0.24477,-0.01869,-0.23038,0.037181,-0.126752,#
8,0.350371,0.065406,0.111866,-0.351163,0.302072,-0.071951,0.307607,-0.062863,1.0,-0.110574,0.216372,0.173698,0.288308,0.163111,0.027466,-0.265754,0.164858,0.427191,0.413629,0.248476,-0.024131,0.003619,0.181475,0.099898,-0.181563,-0.158819,-0.04195,0.218911,0.198778,-0.036388,0.029147,0.237422,0.206508,-0.171044,-0.212965,-0.119415,0.620942,-0.165709,0.175817,-0.320664,-0.058983,0.004837,-0.144846,0.301447,0.235776,-0.354283,0.29869,0.303849,-0.042955,0.124349,0.133655,-0.146973,0.079671,0.237408,-0.367973,0.179021,-0.088528,-0.02852,-0.078709,0.144922,-0.326443,-0.161107,-0.232459,-0.126731,0.032568,0.178399,0.475579,-0.125521,0.336759,0.358169,0.363417,-0.226483,-0.180694,0.002773,-0.054178,0.096631,0.228387,-0.417988,-0.349178,0.18732,0.091554,-0.222675,0.018912,0.184935,0.035415,0.150179,-0.135767,-0.204136,-0.024746,-0.382088,0.200144,-0.011797,-0.120278,0.338259,-0.02947,0.166166,-0.143759,-0.080844,-0.113724,-0.003634,-0.288581,-0.353159,-0.368637,-0.019017,0.269604,-0.038086,-0.036356,0.165221,0.138218,0.016829,0.349946,-0.180694,0.249432,0.015898,0.257207,-0.497207,-0.050634,-0.066413,0.275804,-0.332611,0.02748,0.196688,-0.202873,-0.694466,-0.306565,0.10139,-0.179188,0.358535,-0.121146,-0.064197,0.43779,0.247556,0.017588,-0.147303,0.201356,-0.20129,0.024581,0.075314,0.193094,0.035106,0.407464,0.10632,-0.242719,-0.161377,-0.204192,-0.248827,0.257721,0.362668,-0.034626,0.092588,0.150313,0.000732,0.251811,-0.184397,-0.02333,-0.102166,0.067396,0.234244,0.024465,0.066843,0.156069,0.01065,-0.10277,0.507512,0.271209,-0.094502,-0.106398,-0.152895,-0.127255,0.341689,-0.340805,0.103382,0.02748,0.009885,-0.116877,-0.025587,0.144484,0.079645,0.055752,-0.21263,0.133747,-0.10427,-0.372102,-0.053186,-0.100494,0.247431,0.042475,0.163795,-0.467362,-0.011868,0.309361,-0.277151,-0.184935,0.07678,0.182413,0.164003,-0.168928,-0.125939,0.06652,-0.035658,#
9,-0.063308,-0.107827,0.115309,-0.27489,-0.097488,0.009087,-0.059926,-0.209267,-0.110574,1.0,-0.317661,0.384101,0.001454,0.411264,-0.577641,-0.289326,-0.579676,0.283967,-0.257765,0.112006,-0.016533,-0.216855,-0.113093,0.163893,0.327828,0.250328,0.366153,-0.481732,-0.142907,0.220945,0.319059,-0.286183,-0.249434,0.381943,-0.029282,0.396041,-0.240235,-0.288051,-0.20138,-0.073741,-0.011058,0.215895,0.205153,0.255612,0.064856,-0.330994,-0.265697,0.365351,-0.180649,0.099412,-0.142432,-0.056637,-0.135562,-0.045657,-0.036501,-0.548564,0.105089,-0.087975,0.328253,0.006812,0.045624,0.332065,0.05326,-0.329821,-0.070027,-0.145262,0.127089,0.017665,0.039665,-0.008884,-0.124117,-0.017018,0.143375,0.099632,0.297425,-0.237163,0.040173,-0.175707,0.252765,0.503176,-0.021437,0.27302,0.019589,-0.092112,0.354818,-0.250395,0.023509,-0.02449,0.085696,0.317724,-0.360537,0.194065,-0.150277,0.313484,0.090178,0.269747,0.236966,0.114021,0.19715,0.324796,-0.232511,0.083857,0.378424,0.238984,0.127277,0.205183,0.035498,-0.033568,-0.089167,0.089696,0.133034,0.176109,0.153633,0.204158,0.136155,0.061509,-0.051318,-0.048162,0.383522,-0.296734,0.072827,0.547228,0.067212,-0.063224,-0.329438,0.183361,0.340164,-0.100618,0.051701,0.383724,-0.043957,0.491578,0.018915,0.674829,-0.179544,0.140368,-0.082154,0.164405,0.345931,-0.005124,0.369639,-0.06014,0.188971,0.135214,0.446771,0.206608,0.469526,-0.260162,0.070434,0.368396,-0.243508,-0.148311,-0.113381,0.333915,0.576392,0.289426,-0.072151,0.12257,0.350445,0.251899,0.220174,0.243496,-0.165709,0.397299,0.126248,0.010178,0.224096,0.242547,0.239667,0.220676,-0.070418,-0.179331,0.057386,-0.159183,0.031213,0.243599,0.027112,-0.013854,0.54578,0.327927,-0.061364,-0.032948,-0.334292,-0.243282,-0.202812,0.052383,-0.008618,0.075789,-0.246672,0.272597,0.236745,-0.669698,-0.414503,0.000599,0.00482,-0.423893,-0.179353,0.154228,0.458151,-0.091878,#
10,-0.281217,-0.031687,0.11841,0.110291,-0.376333,-0.048054,0.298639,-0.115991,0.216372,-0.317661,1.0,-0.244735,-0.194514,0.096375,0.055684,0.215313,0.258216,-0.04393,0.40747,0.26092,-0.161525,0.214544,-0.221217,0.122748,-0.28456,0.218335,-0.317674,0.517097,-0.037803,-0.324352,0.031398,0.319667,-0.212246,-0.444208,0.21318,-0.208021,0.113504,0.113984,-0.141814,0.229727,-0.345009,-0.12746,-0.114068,-0.266367,-0.042797,0.035771,-0.20882,-0.458411,-0.066937,0.0241,0.218172,0.36281,0.02213,0.457315,-0.447511,0.134936,0.236441,-0.160304,0.054656,0.085021,0.038783,-0.013841,0.245233,0.19016,0.282755,-0.161785,-0.013875,-0.019475,-0.155116,0.094808,-0.077103,0.390156,0.183736,0.36893,-0.041699,0.1657,-0.025857,0.049268,0.036008,0.021745,0.300087,0.103659,-0.274962,0.351258,-0.111263,0.072739,0.188576,0.054765,-0.281857,-0.026382,0.191127,-0.12567,0.04972,0.055802,-0.135169,0.041585,0.087444,-0.063826,-0.202414,0.008844,0.059757,-0.126426,-0.383667,0.196412,0.432725,0.073388,-0.048043,0.240034,-0.285266,0.382747,-0.107844,-0.212246,-0.181404,0.348027,0.116272,-0.02833,-0.112106,0.089913,0.006095,0.161982,-0.213344,-0.103299,0.099587,0.115914,0.032507,-0.189786,-0.241892,-0.06317,0.023343,-0.133186,0.204719,-0.039215,0.024232,-0.256416,0.500616,0.220898,0.277038,0.116952,-0.295565,0.181272,0.133345,0.19822,-0.138409,-0.135732,0.125446,0.352169,-0.013652,-0.055037,0.125344,-0.009609,0.292625,0.297563,-0.453802,0.069346,-0.048708,-0.383813,-0.323541,0.14693,0.175947,-0.015218,0.000331,-0.306482,0.144603,0.049649,0.283283,0.053833,-0.198147,0.09044,0.333298,-0.113573,0.138834,-0.127707,-0.213344,0.309737,-0.108142,-0.378968,-0.383466,0.217715,-0.127992,0.034401,0.153126,0.000583,-0.058444,0.199801,0.056754,0.403266,-0.407786,-0.185813,0.331052,-0.145894,0.142323,0.06092,0.133453,0.065854,0.200373,0.08811,0.143884,-0.119804,-0.006115,0.170932,#
11,0.290019,0.160159,0.019232,-0.035205,0.276482,0.272143,0.158612,-0.163999,0.173698,0.384101,-0.244735,1.0,0.082678,0.18795,-0.247853,-0.149195,-0.193731,0.22909,-0.245021,-0.266003,0.068542,0.115965,-0.180684,0.143735,0.395795,-0.293248,-0.032328,-0.443948,0.191429,0.102216,-0.191909,0.044212,0.099373,-0.018237,-0.411402,0.417804,-0.028314,-0.307679,-0.037713,-0.06838,0.330411,-0.0168,-0.212882,0.136826,-0.076037,-0.115849,-0.112861,0.302312,0.187737,-0.149195,-0.119019,-0.246846,-0.01185,-0.104668,0.105811,-0.253342,-0.306162,-0.125228,-0.057571,0.034989,-0.198627,0.222559,0.077885,-0.259645,-0.066836,-0.299237,-0.001041,-0.026659,0.383722,0.212189,-0.040226,-0.343687,0.117119,-0.112605,-0.13416,0.259867,0.007457,0.045191,-0.104918,-0.099435,-0.050351,-0.139785,0.093807,-0.179476,0.067246,0.157575,-0.270904,-0.197787,-0.130834,-0.056985,0.004861,0.152155,-0.099938,0.156112,-0.125865,0.046589,-0.134416,0.033626,0.032761,-0.134134,-0.18019,-0.101066,0.238778,-0.126915,0.231328,-0.372329,0.235965,-0.170746,-0.145307,-0.292509,0.093442,0.134864,-0.274845,-0.38413,0.217692,-0.071647,-0.038105,-0.126499,0.012592,-0.170885,0.331553,-0.032365,-0.130193,-0.311699,0.064509,0.107717,0.007692,-0.004819,-0.051864,0.062022,-0.097364,0.106473,0.093623,0.115979,-0.164535,0.194177,-0.157499,-0.071179,0.325875,-0.183045,0.185838,-0.039909,-0.152623,-0.219033,0.046793,-0.204857,0.134838,0.011152,-0.243653,-0.187441,-0.226765,-0.035053,0.23144,-0.220811,0.128546,-0.07096,0.358155,0.033946,0.086856,0.12733,0.359544,0.183028,0.015714,0.341591,-0.123532,0.052197,0.234313,-0.128319,0.338528,0.063021,-0.076164,-0.134281,0.105558,-0.237927,0.106177,-0.137709,-0.071916,-0.047618,0.394677,-0.046862,0.157468,-0.157987,-0.222286,-0.031545,0.143893,-0.265059,-0.098846,-0.100516,-0.276346,0.334695,0.296296,-0.155439,0.120437,-0.162406,0.196617,0.08368,-0.294643,-0.186561,0.202467,-0.132142,#
12,0.28335,-0.146191,-0.119276,-0.298331,0.229071,0.043106,0.036469,0.071954,0.288308,0.001454,-0.194514,0.082678,1.0,0.24142,0.273787,-0.051572,0.287705,0.229874,-0.021634,-0.174912,0.032945,0.120725,0.10263,0.062975,-0.073773,0.102731,0.279697,-0.031974,0.079174,-0.073208,-0.186415,0.396584,0.184375,0.133007,-0.220163,0.012552,0.229715,-0.096851,-0.102711,-0.045788,-0.140235,0.275421,0.025476,0.166923,0.387779,0.033735,0.200597,0.134181,-0.015739,0.182925,-0.147643,-0.229112,-0.000195,-0.225371,0.040533,-0.306433,-0.474698,0.406092,0.15213,-0.221755,-0.280268,-0.197699,-0.396564,0.058833,0.154933,0.194095,0.012707,-0.067414,0.22212,-0.121991,0.084589,-0.266295,-0.195779,-0.217759,0.038608,0.179331,-0.152639,-0.20781,-0.214689,-0.192836,-0.291936,-0.268673,-0.0467,-0.025811,-0.037406,-0.245666,-0.040024,-0.232735,-0.411454,-0.277086,-0.051067,-0.399883,-0.057107,-0.056987,-0.058486,-0.07496,-0.007342,-0.128902,-0.143707,-0.559517,0.254812,-0.221048,-0.305422,-0.394732,-0.094824,0.113729,-0.132401,-0.305943,-0.087644,-0.050946,0.131647,-0.195779,0.187023,-0.201233,-0.268091,-0.164049,-0.267557,-0.164632,0.039877,-0.426332,0.0088,-0.202694,-0.274588,-0.306396,-0.322639,0.014183,-0.203231,0.344704,-0.450014,-0.289879,-0.017335,0.030261,0.09639,-0.093794,-0.249235,-0.239574,-0.002404,0.037976,0.211729,-0.353014,-0.152731,-0.120065,-0.479408,0.170927,-0.41979,-0.143754,0.227635,0.177244,-0.443633,0.032424,0.177583,-0.118917,0.207942,-0.237111,-0.265205,-0.354035,0.181011,0.269115,-0.500539,-0.161267,-0.067381,0.034897,-0.307396,-0.028757,0.21004,0.133066,-0.313337,0.080616,-0.362281,0.135811,0.220092,0.173622,-0.192928,-0.291234,-0.048987,0.038867,-0.120284,0.130446,0.330319,-0.318926,0.050627,0.289525,0.026555,0.149402,-0.034393,-0.159681,0.080769,-0.014022,-0.123994,0.224374,-0.241223,0.097622,0.054581,0.376334,0.110979,-0.056714,0.063071,-0.057702,0.027279,0.076763,#
13,-0.117874,-0.04962,0.230525,-0.224788,0.061766,0.444677,0.333754,0.290404,0.163111,0.411264,0.096375,0.18795,0.24142,1.0,-0.099187,-0.176359,-0.412563,0.418201,0.148493,0.004166,0.079136,0.271643,0.011438,-0.037204,-0.000844,0.089559,0.349953,-0.248113,-0.006941,0.104179,0.203747,0.060463,0.100299,-0.182563,-0.255958,0.421095,0.170662,-0.103297,-0.318764,-0.457938,-0.044045,0.540433,0.283605,0.142086,0.333636,-0.317869,0.040617,0.31198,0.171872,-0.159527,-0.137167,-0.081236,0.009157,-0.322231,-0.359028,-0.450592,0.196229,0.097091,0.184827,-0.307414,-0.190252,0.261767,-0.138897,-0.272132,0.300171,0.169879,0.252041,0.153419,0.157173,0.009713,-0.285673,-0.25045,0.118083,-0.102802,0.245385,0.207262,-0.175664,-0.525765,-0.102533,0.097846,-0.054682,-0.129607,-0.092176,0.022711,0.270715,0.151815,0.09375,-0.400999,-0.316772,-0.046884,-0.187787,-0.215141,0.08119,-0.023589,0.062457,0.064362,-0.039322,0.037045,-0.164326,-0.11585,-0.194056,-0.290889,0.042823,-0.124577,0.057925,-0.133596,0.043271,-0.42168,0.04638,-0.085064,0.114997,0.135866,0.113459,0.171973,0.051092,-0.069844,-0.444595,-0.12216,0.430897,-0.361359,-0.093576,0.169676,0.066652,-0.319478,-0.238064,0.125695,0.009228,0.025607,-0.043842,-0.161305,0.114898,0.309151,-0.086054,0.101763,0.05086,-0.013368,0.183645,0.310643,0.32296,-0.171831,0.204098,-0.130571,-0.371391,-0.169423,0.05425,0.029847,0.365591,0.002254,-0.232995,0.221726,-0.219698,0.180146,-0.013688,-0.004736,0.147394,-0.342872,0.134642,0.401137,-0.081666,0.347833,0.275475,0.18445,0.010302,0.546682,0.062258,0.213992,-0.159201,0.085238,-0.086586,0.308116,-0.090398,0.141284,-0.320059,-0.022169,-0.093863,0.069999,-0.070786,0.13689,0.33851,-0.037658,-0.016009,0.178229,-0.436704,0.068394,-0.050996,-0.066963,-0.057662,0.16976,-0.204214,0.026147,0.023228,-0.172334,0.102183,0.202097,0.032577,-0.124435,-0.093234,-0.175384,0.432526,-0.091123,#
14,0.467512,0.380684,0.107831,0.162171,0.228119,-0.0427,-0.012547,0.231375,0.027466,-0.577641,0.055684,-0.247853,0.273787,-0.099187,1.0,0.233287,0.271465,-0.198826,0.140993,-0.323978,-0.236941,0.472956,0.128205,-0.092989,-0.277762,-0.229253,-0.214647,0.065257,0.30395,0.048148,-0.56632,0.254406,-0.152942,-0.124809,-0.062169,-0.157754,0.176283,0.209767,0.236838,-0.02289,-0.133397,-0.169549,-0.004094,-0.016135,-0.042941,0.456369,0.596282,-0.312009,0.070004,0.233287,-0.203815,0.14517,0.106846,-0.13999,-0.039819,0.141706,-0.335095,0.319153,-0.36591,-0.307641,0.220039,-0.098421,0.01459,0.243154,0.278208,0.353551,-0.326929,-0.063047,0.129358,-0.225283,-0.008888,-0.174242,-0.152942,-0.229773,-0.21419,0.185052,-0.347817,0.10643,-0.388136,-0.439405,-0.090861,-0.382085,-0.276417,0.001317,-0.283178,-0.097497,-0.284982,-0.284397,-0.379843,-0.277336,0.101294,-0.488192,0.231053,-0.283189,-0.216879,-0.241814,-0.375337,-0.222205,-0.335557,-0.422463,0.186968,-0.212211,-0.310376,-0.388136,-0.225439,-0.17046,-0.313693,-0.052344,0.118416,-0.217766,-0.386084,-0.152942,-0.266102,-0.163801,-0.399386,-0.038861,-0.466985,-0.030312,-0.159987,-0.138368,-0.420822,-0.491356,-0.140602,0.10048,0.179888,-0.113202,-0.103036,-0.012517,-0.093588,-0.374445,0.157369,-0.611072,-0.282654,-0.489642,-0.262487,-0.286157,0.094618,-0.273636,0.028929,-0.411607,-0.513695,-0.374695,-0.162298,-0.301032,-0.553748,0.019284,-0.232299,-0.07651,-0.499937,-0.331142,-0.001035,-0.115474,0.113465,-0.283002,-0.356153,-0.276571,0.075912,0.178537,-0.451975,-0.020466,-0.332393,-0.220847,0.017997,-0.502813,-0.058214,0.281139,-0.183939,-0.345761,-0.420822,-0.374445,0.035454,0.377675,-0.420822,-0.09827,0.224895,0.027705,-0.003083,0.142,-0.110138,-0.4297,-0.001131,0.307102,0.263406,0.193417,0.334173,-0.31456,0.12149,0.099067,0.408413,0.013,-0.504874,0.603219,0.366246,0.460604,-0.082869,-0.029039,0.35504,-0.416537,-0.143805,0.195614,#
15,0.030775,-0.092505,-0.226869,0.250176,-0.210394,-0.014899,0.055389,0.006556,-0.265754,-0.289326,0.215313,-0.149195,-0.051572,-0.176359,0.233287,1.0,0.164423,-0.58648,0.024921,-0.47555,-0.02239,0.223199,-0.315582,-0.31536,-0.07264,0.216327,-0.240119,0.204537,0.074855,-0.171613,-0.271285,0.038113,0.084082,-0.254231,0.012905,-0.029666,-0.126526,0.144827,-0.075873,0.447042,-0.319249,-0.288526,0.06113,0.024551,0.090873,0.311801,0.170809,-0.485135,0.350418,0.134288,-0.083776,0.009631,-0.013926,0.039653,-0.02217,0.081995,0.264795,-0.11089,-0.021025,-0.178102,-0.081486,-0.058353,0.312566,0.349477,-0.229458,-0.256377,-0.531341,0.159202,-0.354985,-0.348055,0.052112,0.10842,0.102684,0.010439,0.143491,-0.069467,-0.032668,0.324743,0.026382,-0.189012,0.27692,-0.03702,-0.159104,-0.275701,0.019944,-0.063249,-0.005587,0.139484,0.024122,-0.114169,0.299328,0.105316,0.395183,-0.296731,-0.000795,-0.017015,-0.202846,-0.049148,-0.02239,0.019534,0.152755,0.031655,-0.037794,0.018986,-0.038611,0.03034,-0.248298,0.055688,0.006428,-0.169398,-0.591134,-0.36237,-0.12234,0.099573,-0.420354,0.086663,0.14034,-0.088499,-0.424965,0.068568,-0.14351,-0.262273,0.141401,0.540309,0.137205,-0.169889,0.00021,-0.222512,-0.256837,0.047239,-0.190433,-0.345,-0.008329,0.039985,-0.198048,-0.08591,0.162007,-0.155779,-0.215943,0.093816,-0.258335,-0.140243,0.039553,-0.155693,-0.391349,0.389713,-0.5749,-0.372541,-0.114221,-0.413992,0.04013,-0.187145,-0.297503,0.134137,-0.514871,-0.072635,-0.108158,-0.353535,-0.1815,-0.105647,-0.254497,-0.523259,-0.004441,-0.480112,-0.213942,-0.054831,-0.217371,0.087031,0.080237,-0.451119,0.007792,-0.256536,0.084624,-0.133901,0.220479,-0.256923,-0.072146,-0.16804,-0.301699,-0.057114,-0.280937,0.117331,0.694816,0.183095,0.053084,0.027222,-0.073719,-0.270507,0.794308,-0.278405,-0.366522,0.337803,0.201911,-0.146998,0.134509,0.055994,0.000841,-0.10283,-0.144462,0.186212,#
16,0.268125,-0.146124,-0.237971,0.029314,0.109528,-0.085399,0.009207,-0.102066,0.164858,-0.579676,0.258216,-0.193731,0.287705,-0.412563,0.271465,0.164423,1.0,-0.032176,0.000298,0.008916,-0.047207,-0.070103,0.02011,0.050507,0.003708,-0.094066,-0.182625,0.268577,0.007891,-0.092074,-0.184875,0.11559,-0.127156,-0.365063,0.045458,-0.42685,0.015033,-0.071593,0.041269,0.300341,-0.141933,-0.355424,-0.340772,-0.29394,0.273835,0.406008,0.112132,-0.302525,-0.005557,0.140006,0.157081,-0.159392,0.238691,0.093283,0.337682,0.383546,-0.202456,0.01093,0.028125,-0.032202,0.236186,-0.252693,-0.010887,0.269146,0.020727,0.067129,-0.271809,-0.162218,-0.034986,0.039972,0.284741,-0.041562,-0.127156,-0.080791,-0.435378,0.194457,-0.23367,-0.017972,-0.075179,-0.315475,0.211217,-0.227752,0.045556,0.000373,-0.283076,0.017693,-0.104763,0.198423,-0.108013,-0.32296,0.325127,-0.208422,-0.088284,-0.197644,-0.087986,-0.466662,-0.061964,-0.23247,0.119817,-0.27775,0.21836,-0.083271,-0.46878,-0.075179,-0.065866,-0.074372,0.108651,-0.033383,-0.094324,0.101497,-0.113139,-0.127156,0.035802,-0.183275,-0.246252,-0.134645,0.015536,-0.175259,-0.032864,0.062328,-0.140271,-0.209667,-0.4379,-0.038441,-0.070169,-0.506478,-0.271591,0.28126,-0.460978,-0.311313,-0.129562,-0.508044,0.226623,-0.30242,0.030571,-0.189698,-0.183655,-0.310401,-0.320105,-0.214912,-0.427086,0.030327,-0.311369,0.202827,-0.416538,-0.055703,-0.349634,0.414337,-0.160499,-0.215431,0.203132,0.011265,-0.034349,-0.20872,-0.528319,-0.229941,0.015075,0.143906,-0.46806,-0.349567,-0.366693,-0.183612,0.168371,-0.385209,0.121884,-0.031744,-0.231865,0.048534,-0.140271,-0.311313,0.472655,0.061085,-0.140271,0.017758,0.067625,-0.281059,0.022135,0.242235,-0.134375,-0.480531,0.214566,-0.361466,0.390152,0.30901,0.23602,0.052266,0.002842,-0.21552,0.112035,0.038958,-0.331837,0.342027,0.319575,0.158384,0.118196,0.300563,0.309797,-0.033326,-0.445369,0.133198,#
17,-0.064122,0.045899,0.373746,-0.155743,0.237103,0.078991,0.093887,-0.279699,0.427191,0.283967,-0.04393,0.22909,0.229874,0.418201,-0.198826,-0.58648,-0.032176,1.0,0.014918,0.207017,0.266744,-0.189244,0.443586,0.206786,0.120754,-0.237095,0.309171,-0.203597,0.096117,0.141391,0.264129,0.098679,-0.194311,0.062985,-0.267555,0.043649,0.173073,-0.446934,0.157824,-0.424121,0.03456,0.392098,0.081809,-0.019733,0.345979,-0.324416,0.084277,0.599467,-0.105931,-0.039636,0.185871,-0.229217,-0.233684,0.100538,-0.330324,-0.174304,-0.051619,-0.071881,-0.048226,0.002459,0.002502,0.022206,-0.183646,-0.320745,-0.077735,0.221491,0.215287,-0.074437,0.23276,0.410583,0.096253,-0.169039,-0.194311,0.104654,-0.113646,0.124204,-0.039754,-0.381726,-0.100805,0.093778,-0.3217,0.001673,-0.104481,0.461653,0.065052,-0.13009,-0.230481,-0.226972,-0.238642,-0.119375,-0.250086,-0.261,-0.399056,0.242952,-0.066679,-0.061373,0.111262,0.00509,-0.168671,0.027998,-0.204959,-0.10852,-0.333983,0.064928,-0.003971,0.094979,0.187547,-0.034717,0.099941,0.126047,0.484196,0.190464,0.126931,-0.090962,0.215245,-0.328523,-0.320451,-0.211746,0.556771,-0.274614,-0.044785,0.252327,-0.143067,-0.620675,-0.322464,0.226858,-0.243812,0.359604,-0.25397,-0.168935,0.105872,0.332958,-0.028857,0.111702,0.091703,-0.071144,-0.053631,0.166891,0.352189,-0.240416,0.15857,0.182843,-0.261435,-0.183736,-0.00831,-0.13974,0.37196,0.560394,-0.339424,0.484574,-0.120358,0.09278,-0.012683,-0.221782,0.175372,-0.165395,-0.053181,0.499175,0.088024,0.125599,0.337499,0.265767,-0.029979,0.572611,0.180438,-0.001938,0.021582,-0.154935,-0.187627,0.315618,-0.095424,0.229801,-0.248965,-0.15833,-0.187684,0.091203,0.087396,0.345623,0.33625,-0.321932,0.397857,-0.03595,-0.638264,-0.153565,-0.002301,-0.16875,0.035988,0.212294,-0.524283,0.247151,0.225294,-0.371395,-0.087331,0.140105,-0.211845,-0.104847,0.11367,-0.050382,0.093731,-0.253362,#
18,-0.028987,-0.241918,0.258541,-0.124856,-0.192596,-0.089014,0.352148,0.258505,0.413629,-0.257765,0.40747,-0.245021,-0.021634,0.148493,0.140993,0.024921,0.000298,0.014918,1.0,0.16432,-0.23671,0.30584,-0.03281,-0.124781,-0.69668,-0.022667,-0.067798,0.432335,0.165458,-0.343128,0.086908,0.399199,0.193331,-0.402102,0.058233,-0.083208,0.146639,0.365974,0.092262,-0.057694,-0.038834,0.290462,-0.310961,-0.002119,0.093877,-0.273276,0.322556,-0.027848,-0.440497,0.220139,-0.253603,0.378578,0.249874,0.220237,-0.385396,0.151353,0.076844,-0.099882,0.024447,-0.194374,-0.190622,-0.046686,0.059083,-0.082451,0.051655,0.066144,0.413605,-0.201982,-0.01042,-0.248736,0.21766,0.065486,-0.228364,0.33504,-0.123391,-0.244049,0.425703,-0.413165,-0.186843,-0.042626,-0.110191,0.039088,-0.019175,-0.038406,-0.026834,0.248232,0.288399,0.040373,-0.136783,-0.061677,0.255785,-0.009311,0.145399,-0.019107,0.184079,0.323382,0.204987,0.036074,-0.041687,-0.235166,-0.331461,-0.013006,-0.119416,0.158727,0.160686,0.211021,0.044368,-0.058002,0.376782,0.000546,0.035266,-0.228364,0.246859,0.293117,0.251593,-0.438705,0.186821,0.237001,0.155727,-0.134809,0.098434,0.034347,0.182746,-0.103605,0.101472,0.095702,-0.024168,0.211874,0.060486,0.011429,0.432151,0.231176,-0.013883,-0.251956,0.340353,0.008922,0.210335,0.208317,-0.063564,0.097582,0.246074,0.193363,-0.133481,-0.088882,0.067874,0.085763,0.108782,-0.022054,0.059082,0.287666,0.36252,0.240341,0.187954,-0.140579,0.037748,0.090623,0.105602,-0.010539,0.115274,0.114884,-0.088801,-0.033993,0.139278,0.144329,0.514148,-0.056788,0.139792,0.258321,-0.070723,0.243748,-0.495177,0.339386,0.297343,0.22883,0.138373,0.06291,-0.158627,-0.092959,-0.241977,0.192383,0.035927,0.242434,-0.178565,0.071982,-0.243335,0.315165,0.238222,0.110546,0.121112,-0.448391,0.242718,-0.052162,-0.205398,-0.045889,0.091223,0.163316,-0.013336,0.124249,0.2225,-0.08805,#
19,-0.145218,0.014701,0.219196,-0.083351,0.080309,-0.193547,-0.020194,-0.216026,0.248476,0.112006,0.26092,-0.266003,-0.174912,0.004166,-0.323978,-0.47555,0.008916,0.207017,0.16432,1.0,0.063619,-0.08234,0.268777,0.051996,-0.269267,0.165762,0.048941,0.248001,0.001147,0.072154,0.343223,0.097153,-0.088263,0.005169,0.06994,-0.054819,-0.088551,-0.166265,-0.159645,-0.067449,-0.173825,0.018091,-0.056646,0.011234,-0.048348,-0.509689,-0.170328,0.129432,-0.395543,-0.039776,0.098188,0.036721,0.051476,0.19359,-0.06036,0.054391,0.194647,-0.002194,0.239573,0.164938,0.123517,-0.176318,0.00685,-0.063306,0.134941,0.207335,0.662287,-0.164551,0.070027,0.239784,0.182428,0.086285,-0.088263,0.164489,-0.174944,0.085302,0.135243,-0.28477,0.088764,0.187236,0.059825,-0.016819,-0.281131,0.3285,-0.035791,-0.079029,-0.050389,-0.01594,0.338703,-0.109714,-0.35788,0.022951,-0.278419,0.181427,-0.153159,0.170756,0.108719,-0.248817,-0.119917,0.219734,-0.142611,-0.154245,-0.150027,0.334657,-0.011069,0.073139,0.09466,0.174777,0.099118,0.408526,0.574113,-0.088263,0.062336,0.020848,0.226546,0.02958,0.172301,0.146346,0.413646,0.005727,-0.050113,0.271487,-0.154828,-0.182191,-0.261538,0.13823,0.042509,0.180036,0.178464,-0.009107,0.06597,0.302847,-0.213596,0.124356,0.297104,-0.008506,-0.12748,0.05769,-0.083939,0.117741,0.389374,0.157621,0.073139,0.116474,0.226306,0.133778,0.507712,0.236316,0.390956,0.398507,-0.007558,0.282958,0.042553,-0.00419,0.162708,0.091348,-0.228693,0.268946,0.187236,-0.038398,-0.167598,0.176003,-0.115873,0.278655,0.220423,-0.051016,0.138129,0.159338,0.032653,0.286759,-0.070365,-0.160269,-0.050113,0.288784,-0.2018,0.092563,0.101098,0.137764,0.080828,0.344698,0.235124,-0.074242,-0.398773,0.123989,-0.099783,0.409935,0.070143,-0.104994,-0.371502,0.239089,0.176949,-0.26643,-0.245332,-0.034054,-0.268163,0.103601,0.029788,0.355665,0.013176,-0.011644,#
20,-0.258179,-0.002966,-0.260325,-0.239077,0.393724,0.352538,0.232828,-0.084922,-0.024131,-0.016533,-0.161525,0.068542,0.032945,0.079136,-0.236941,-0.02239,-0.047207,0.266744,-0.23671,0.063619,1.0,-0.249545,0.426764,-0.280191,-0.071642,-0.200495,0.103214,-0.021496,0.064801,0.274669,0.019432,0.101544,0.205513,-0.029354,-0.048786,0.155844,0.06893,-0.25013,-0.097456,-0.241342,0.166581,0.128971,0.078737,0.032401,-0.146149,-0.21551,-0.144709,0.445269,0.338308,-0.395355,0.252733,-0.442609,-0.063131,-0.259919,-0.169963,-0.289178,0.165449,-0.248762,0.172386,0.269717,-0.069929,-0.014276,-0.21579,-0.131739,-0.34619,0.199943,0.02015,0.40954,0.400923,0.117305,0.043149,-0.13368,-0.194837,-0.205135,0.177308,0.13889,0.040477,-0.053972,-0.367029,-0.177876,-0.29798,-0.088674,-0.197303,0.14626,-0.095438,0.110195,-0.330643,0.124341,-0.05458,0.217566,-0.518683,-0.198064,-0.426452,-0.233759,-0.217656,-0.215087,-0.158018,-0.43207,-0.126864,0.164819,0.067239,-0.18844,-0.149133,-0.390437,-0.089517,-0.270568,-0.111551,-0.226683,-0.053848,-0.374051,0.28852,0.205513,-0.151259,-0.52199,0.064303,0.056617,-0.059267,-0.206035,0.134574,-0.253649,0.043538,-0.068317,0.040288,-0.307804,-0.362754,0.370187,-0.26525,0.307092,0.054842,-0.477015,-0.435967,0.043672,-0.346262,0.135264,-0.226484,-0.214768,-0.281409,-0.114324,0.016734,0.163309,-0.14411,0.069432,-0.270568,-0.284217,-0.264167,-0.034299,-0.003846,0.568124,-0.111737,-0.159211,-0.443396,-0.087205,-0.202583,-0.23697,-0.430865,-0.352331,0.035732,0.158168,-0.003502,-0.04647,0.075178,0.040742,-0.152682,0.286505,-0.145175,0.279389,-0.003176,-0.109705,-0.339388,0.336975,0.044511,0.114066,-0.161039,-0.342976,-0.07105,-0.142626,0.150288,0.004772,0.208391,-0.050804,0.404839,-0.041633,-0.133656,0.094965,0.310004,-0.408183,0.144233,-0.229665,-0.274972,0.20507,-0.055938,0.124292,0.284185,-0.084273,-0.204376,0.29091,0.270904,-0.003494,-0.306277,0.19006,#
