0,1.0,0.555319,-0.020314,-0.256468,0.277791,0.046266,-0.015228,0.039602,0.114032,0.398289,-0.043918,-0.01862,0.318,0.289186,0.237703,-0.240729,0.469805,0.438327,-0.106954,-0.368149,-0.016906,0.29939,0.260094,-0.021109,-0.31939,-0.191127,0.075108,-0.097488,0.170618,0.564087,-0.066438,0.153763,0.088409,-0.067138,0.019894,0.265639,-0.19682,-0.373905,-0.102523,0.036091,-0.273442,-0.25294,-0.148169,0.272301,0.096128,-0.376998,0.086802,-0.02352,-0.301391,-0.194923,0.048931,-0.465612,0.027434,-0.336732,-0.019575,-0.293519,-0.218165,0.03054,0.206613,0.277587,0.266154,-0.045685,-0.265068,-0.148378,0.081696,0.351314,0.072937,0.188139,0.225623,-0.130832,-0.428542,0.103737,-0.298857,-0.354872,-0.312402,0.208669,-0.247174,-0.390473,-0.428097,-0.3822,-0.320075,-0.158308,-0.329013,-0.05631,-0.27159,-0.384802,-0.436424,-0.27567,-0.144441,-0.46997,-0.258952,-0.629524,-0.282933,-0.035432,-0.095431,-0.275701,-0.023329,-0.484913,-0.386851,-0.394649,0.251824,-0.436424,-0.327113,-0.097543,-0.429869,-0.215007,-0.536134,-0.026504,-0.536134,0.08829,-0.018557,0.274898,-0.481561,-0.279797,-0.532109,0.237552,-0.385709,-0.592894,0.080069,-0.33013,-0.559049,-0.23706,-0.322025,-0.085063,-0.23819,-0.169403,-0.120632,-0.161064,-0.140292,-0.215264,-0.250164,-0.219036,-0.251666,0.02383,-0.473382,-0.23044,0.122242,-0.407173,-0.043483,-0.266175,-0.160465,-0.21295,-0.447647,-0.318067,-0.208719,-0.441332,-0.120632,0.305271,-0.4427,-0.386676,-0.375239,-0.43512,-0.13079,-0.427107,-0.390337,-0.513586,0.362221,0.608203,-0.453366,-0.260548,-0.523686,-0.123162,0.170594,-0.749338,-0.309664,0.5953,-0.513523,-0.355571,0.03688,-0.252987,0.197228,0.094701,-0.60678,-0.549535,0.317582,-0.821512,-0.379042,0.37301,0.368912,-0.274475,0.376572,0.256664,-0.032293,0.14774,0.476687,-0.392405,0.436127,-0.075962,0.101747,0.67023,-0.152058,0.528959,0.392778,0.421633,-0.23006,0.572602,0.106993,-0.545829,-0.031552,0.402755,#
1,0.555319,1.0,0.158985,-0.175192,0.132181,0.06268,0.414676,0.285039,0.302026,0.255713,-0.085277,-0.320709,0.349875,0.137491,0.48136,-0.266008,0.369771,0.210251,0.335532,-0.529479,0.106752,-0.062381,0.277271,-0.03804,-0.236894,-0.328348,0.224257,0.123636,0.316914,0.44615,-0.521822,-0.085657,0.115849,-0.056662,-0.011291,0.292802,-0.140291,-0.256624,0.086488,-0.030003,-0.421341,-0.028329,-0.261181,0.360969,0.306079,-0.277837,0.29647,-0.037984,-0.044616,0.2936,-0.113359,-0.31915,-0.118174,-0.02956,0.134913,-0.3901,-0.045768,0.023627,-0.221475,0.351586,-0.039381,0.117648,-0.431292,0.036473,0.173797,0.273145,-0.26149,0.397441,0.271186,-0.312392,-0.235302,-0.011552,-0.224709,-0.544484,-0.603125,0.578798,-0.449618,-0.459483,-0.527122,-0.519437,-0.374103,-0.458933,-0.560633,0.18339,-0.628928,-0.184813,-0.539675,-0.383466,-0.395785,-0.492758,-0.459414,-0.585458,-0.610034,-0.218242,-0.265925,-0.370593,0.019645,-0.555811,-0.205781,-0.38168,0.301659,-0.524297,-0.523995,-0.325572,-0.530377,-0.300295,-0.694735,0.124442,-0.830902,-0.175745,-0.068103,0.40578,-0.386584,-0.701724,-0.282346,-0.071842,-0.451802,-0.788171,-0.23114,-0.535053,-0.628214,-0.344664,-0.54824,-0.267904,-0.104056,-0.21772,-0.479484,0.001859,-0.271834,-0.532147,-0.456917,-0.615847,-0.447062,0.223197,-0.409123,-0.429113,0.298424,-0.322123,0.075365,-0.560638,-0.545963,0.087608,-0.707167,-0.154086,0.029385,-0.354893,-0.479484,0.558501,-0.408748,-0.45367,-0.246437,-0.445723,-0.297887,-0.427786,-0.613942,-0.402125,0.318861,0.657122,-0.535815,-0.099061,-0.115884,-0.083844,0.407502,-0.458624,-0.333158,0.541196,-0.561581,-0.332504,-0.167281,-0.354242,0.356677,-0.060218,-0.385713,-0.635522,0.3087,-0.43523,-0.473626,0.777098,0.61061,-0.452122,0.297056,0.38353,-0.055199,0.047833,0.604329,-0.198346,0.369274,-0.052117,-0.159515,0.708922,0.028891,0.842308,0.639942,0.375381,-0.483012,0.419761,0.256867,-0.543675,-0.28276,0.268514,#
2,-0.020314,0.158985,1.0,0.208651,0.219341,-0.015906,-0.012092,0.051534,-0.097199,-0.430855,0.063139,0.189102,-0.272054,-0.24499,-0.107442,0.036261,0.149479,-0.170455,-0.161966,0.021031,-0.297866,-0.244185,0.323848,-0.312951,-0.121236,-0.206825,0.145005,0.124836,0.135624,-0.102961,0.007416,0.29701,-0.309807,-0.109609,0.103915,0.209619,0.327824,-0.209613,0.080429,-0.138976,-0.284374,0.233833,-0.060564,0.153928,0.066197,-0.094579,-0.141163,0.520583,0.130813,0.229221,-0.101119,0.346874,0.122197,-0.030931,-0.180449,0.099056,-0.135415,-0.175211,-0.296132,0.036061,0.041589,-0.279443,0.249221,0.116387,-0.012945,0.047864,-0.123215,0.169188,0.226654,0.403131,0.457506,0.374063,-0.033966,-0.16185,-0.203192,0.317558,-0.214971,-0.389264,-0.128023,-0.140222,0.178391,-0.091122,-0.150405,0.30494,-0.073636,0.16052,-0.153537,0.010235,-0.120047,-0.060227,-0.079714,0.005613,-0.078671,0.211405,-0.045238,0.031764,0.280017,-0.470543,0.042207,-0.28707,0.238048,0.029228,-0.133689,-0.22788,0.038071,-0.20586,0.003306,0.401064,-0.311078,0.165638,0.278136,-0.117423,-0.158995,-0.001211,0.459114,-0.133693,-0.067473,-0.24296,-0.144546,-0.052673,-0.068223,-0.335351,0.159028,0.035064,0.08412,-0.295978,-0.339075,0.19836,0.109087,-0.29542,0.256995,-0.2275,-0.236244,-0.017665,-0.011474,-0.12855,0.292785,0.120804,0.293114,0.008078,0.037608,0.483481,-0.150396,-0.169951,-0.049606,0.374554,-0.330763,0.092315,0.005689,-0.224118,-0.096251,-0.019641,-0.064774,-0.148022,-0.243944,-0.140029,-0.226104,0.284413,0.018196,-0.145888,-0.042882,-0.116272,0.087817,-0.146029,-0.080189,-0.007938,-0.293149,-0.130523,-0.024461,-0.151003,0.141904,-0.139737,0.029106,-0.081562,-0.099988,-0.001276,-0.061852,0.277352,0.084136,-0.058043,0.106265,-0.345557,-0.117399,0.41968,0.083444,-0.279875,-0.15589,0.033734,-0.159862,0.016523,0.294886,0.307034,0.214628,0.155159,-0.058319,0.030012,0.346304,-0.079201,-0.12141,0.008174,#
3,-0.256468,-0.175192,0.208651,1.0,-0.220307,-0.208581,-0.347072,-0.396745,-0.4156,-0.175412,0.052423,0.025667,-0.273417,-0.09559,-0.181223,-0.176972,-0.269665,-0.035085,-0.204061,0.349377,0.03343,-0.15538,-0.036479,-0.007374,0.119537,0.070246,-0.247106,0.193969,0.105981,-0.201981,0.402414,-0.334677,-0.504818,-0.172891,0.107809,-0.405151,0.167264,0.298244,0.249598,-0.021482,0.198494,0.346966,-0.269901,-0.114615,-0.223257,0.315769,-0.196356,0.026974,0.45927,-0.168742,0.275608,0.759492,0.07176,-0.010055,-0.024508,-0.086506,0.203004,-0.018325,-0.271651,0.373178,-0.076412,0.01593,0.019549,-0.075902,0.247525,-0.17866,0.097814,0.2927,0.140309,0.178421,0.360169,0.134628,0.290359,0.109642,0.126973,-0.415715,0.24022,-0.014938,0.394369,0.166926,0.26888,0.617139,0.258431,0.24354,0.231642,-0.022764,0.227389,0.422752,0.121796,0.254757,0.400332,0.387877,0.569596,-0.021068,0.406658,0.239532,-0.001906,-0.112813,0.169297,0.218619,0.238258,0.066046,0.108515,0.059497,0.227389,0.560436,0.314655,0.093424,0.34488,0.257311,-0.083998,0.007115,0.646006,0.384966,0.132244,0.10635,0.54672,0.211076,0.064422,-0.089733,0.341103,0.044769,0.450096,0.246226,0.056435,0.128305,0.10255,0.1047,0.154649,0.176122,0.401052,0.166328,0.217375,0.142446,0.236264,0.394391,0.214169,0.371462,0.389172,0.239033,0.489849,0.151777,0.090277,0.114875,0.377236,0.536912,0.322774,-0.20577,0.232177,0.20258,0.355847,0.378042,0.29704,0.209746,-0.028841,0.110849,-0.38443,-0.171579,0.225332,0.218322,-0.276042,0.0882,-0.16053,0.126787,0.067017,-0.239077,-0.036622,0.060763,0.147638,0.227426,-0.207911,0.043709,0.61169,0.157903,-0.337795,0.200362,0.354547,-0.171993,-0.342747,0.234565,-0.383466,-0.285407,-0.153702,-0.15776,-0.269029,-0.038715,-0.235452,0.270075,0.259499,-0.322019,0.16344,-0.180551,-0.38581,-0.073619,0.030109,-0.200254,-0.339343,0.066961,0.18723,-0.131314,#
4,0.277791,0.132181,0.219341,-0.220307,1.0,-0.058409,0.168436,-0.001381,0.014237,-0.178065,0.136682,0.222976,-0.072584,-0.151362,0.553666,0.144588,0.261428,0.272835,0.126415,0.023303,0.002603,-0.200672,-0.153929,-0.364801,-0.008751,-0.367927,-0.014372,0.076842,0.432153,0.022507,-0.318766,-0.04544,-0.039491,-0.215285,-0.070392,0.197994,-0.137258,-0.403502,-0.19302,0.346285,-0.178256,-0.152707,-0.198868,-0.019017,-0.13057,-0.167697,0.122151,0.187857,-0.016148,0.174125,0.338726,-0.189778,0.189021,-0.235552,-0.080572,-0.163641,-0.411077,-0.249869,0.007766,-0.314378,-0.253398,0.162481,0.10572,0.192742,0.057878,0.155542,0.18839,-0.175524,-0.050372,0.084072,-0.205601,0.059641,-0.186852,0.056036,-0.073901,0.353326,-0.045825,-0.526695,-0.316533,-0.605772,-0.119748,-0.387368,-0.327935,-0.081453,-0.218331,0.052419,-0.312158,-0.445158,-0.158366,-0.103931,-0.043487,-0.462513,-0.040945,-0.260895,-0.190141,0.027799,-0.021903,-0.296315,-0.295679,-0.148688,0.181393,-0.305905,-0.442912,-0.262123,-0.155814,-0.087933,-0.450263,-0.071425,-0.303598,0.149454,0.020737,-0.32666,-0.456576,-0.153074,-0.177415,-0.329734,-0.410697,-0.060118,-0.314736,-0.007095,-0.410697,0.066911,-0.283293,-0.038935,-0.255779,-0.44502,-0.058438,0.046607,-0.238786,-0.437082,0.117214,-0.391615,-0.374118,-0.158774,-0.134504,-0.378114,0.336853,-0.08963,-0.314628,0.080346,0.003702,-0.308399,-0.009362,-0.311227,-0.198773,-0.127615,-0.25437,0.059319,-0.293337,-0.412457,-0.331545,-0.312013,-0.372356,-0.208602,-0.525041,-0.17141,0.218331,0.439258,-0.267475,-0.038703,-0.172906,-0.248746,-0.020292,-0.074848,-0.585312,0.153073,-0.006083,0.111751,0.054385,-0.092561,0.234834,0.018294,-0.170434,-0.212017,0.075521,-0.308392,-0.404336,0.002676,0.247529,-0.112347,0.523568,-0.007137,0.510286,0.144617,0.054177,-0.537031,0.148223,0.06344,-0.203359,0.120679,-0.020713,0.269619,0.088401,-0.024339,-0.087156,-0.019792,0.049339,-0.197556,-0.419073,0.521486,#
5,0.046266,0.06268,-0.015906,-0.208581,-0.058409,1.0,0.165029,0.275266,0.295824,0.04467,0.25617,0.131826,0.187778,-0.124631,-0.180964,-0.085203,0.187158,0.220231,-0.313214,0.271762,-0.260678,0.368459,0.251348,-0.213193,0.090819,-0.286147,0.102107,-0.300507,-0.29899,-0.206595,-0.371683,0.043289,-0.065701,-0.048075,-0.074675,-0.032586,-0.286938,-0.0256,-0.260466,-0.556885,0.092968,0.331423,0.055392,0.299623,0.312223,-0.26938,0.130326,0.13824,-0.099616,-0.168297,-0.169723,0.041893,0.28777,-0.021284,-0.223124,-0.301844,0.106202,-0.380994,0.039756,-0.265985,-0.224387,-0.233586,-0.112449,-0.03585,-0.029815,-0.036646,-0.324913,-0.243507,-0.097026,0.157037,0.170307,0.259412,-0.221475,-0.027458,-0.13523,0.269392,-0.299231,0.052616,-0.059634,-0.200897,0.450683,-0.293589,-0.071695,-0.29963,0.027551,0.209474,-0.052629,-0.021124,0.089354,-0.328665,0.182046,0.155735,-0.128328,0.18835,-0.123926,0.264685,0.225416,0.143441,-0.195736,-0.217341,-0.19249,0.117424,0.291859,0.202775,-0.052629,-0.155888,-0.055412,-0.358179,-0.218389,-0.007551,0.134256,0.173761,-0.078953,-0.375386,0.072754,-0.192742,-0.468431,0.173803,-0.198975,-0.156511,-0.144692,-0.392585,0.27046,-0.254893,-0.001155,0.138838,-0.072695,0.132494,-0.023636,0.273411,-0.143691,0.024938,-0.126784,-0.224783,-0.036385,-0.083159,-0.021813,-0.152945,-0.094939,-0.213589,-0.059807,-0.190734,-0.212049,0.037471,0.040817,0.153028,-0.100017,-0.050077,0.130524,-0.142101,-0.070743,-0.035916,-0.122885,-0.251879,0.219498,-0.055401,0.136076,0.164351,-0.032019,-0.08256,-0.172347,0.11392,0.2976,-0.078401,-0.114244,0.236862,0.10675,-0.026203,0.032374,-0.122674,-0.028228,0.131648,-0.400163,0.36193,0.000845,-0.045706,-0.138409,0.151179,0.172754,-0.079788,0.284581,0.070561,-0.06645,-0.109157,-0.154689,-0.001741,0.240429,0.12774,-0.177655,-0.097526,0.061296,0.064815,0.015521,-0.082183,0.151837,0.127224,0.107204,-0.11687,0.030095,0.042347,#
6,-0.015228,0.414676,-0.012092,-0.347072,0.168436,0.165029,1.0,0.321958,0.706624,0.195561,-0.065178,-0.294968,0.494962,-0.133043,0.318253,-0.21063,-0.030386,0.06509,0.247993,-0.113036,0.106385,-0.035453,0.019243,-0.151428,0.056881,-0.537685,0.119756,-0.191995,0.161415,0.091949,-0.517363,-0.250332,0.25222,-0.000285,-0.466692,0.014482,0.030143,-0.364916,-0.02453,-0.037022,0.023466,0.253682,-0.122428,-0.004657,0.038264,-0.166807,0.416301,0.297964,0.015295,0.254936,-0.110683,-0.39808,0.03794,-0.211122,-0.268944,0.09798,0.349502,-0.076714,-0.149282,0.063242,-0.132404,-0.014971,-0.101864,0.214525,0.195101,0.470986,0.055076,-0.06502,0.17282,-0.244572,0.071092,0.10137,-0.317584,-0.443538,-0.332146,0.582955,-0.094955,-0.200198,-0.234886,-0.23514,0.015996,-0.534521,-0.383575,-0.042646,-0.413758,0.48152,-0.104117,-0.190175,-0.282006,-0.30225,-0.410722,-0.223013,-0.6983,0.093591,-0.246806,-0.268088,0.192276,0.039669,0.082679,0.078509,-0.17332,-0.0812,0.029401,0.038137,-0.071652,-0.318885,-0.260391,0.041831,-0.415331,-0.548522,0.329985,0.308461,-0.337244,-0.56653,0.225856,-0.178167,-0.34371,-0.200711,-0.167589,-0.387813,-0.310691,-0.242813,-0.338454,-0.468265,-0.234911,0.207579,0.021731,0.358637,-0.191665,-0.111068,-0.449773,-0.799374,-0.395234,-0.039048,-0.190648,-0.38886,-0.080134,0.013666,0.007185,-0.420143,-0.393934,-0.020744,-0.307642,-0.150781,0.083456,-0.276667,-0.405703,0.669673,0.158711,-0.330741,-0.028008,-0.24038,-0.093908,-0.3932,-0.237411,0.13463,0.404016,0.405029,-0.209336,-0.393949,0.467168,0.022613,0.553398,0.006417,0.190276,0.433463,-0.033477,-0.320567,-0.364061,-0.200718,0.009074,-0.155516,-0.0814,-0.088529,-0.034058,0.146523,-0.138991,0.39969,0.663156,-0.005912,0.290934,0.193193,0.004986,-0.143444,0.336497,0.111948,0.583619,-0.103056,-0.511247,0.181911,0.353174,0.433833,0.167562,-0.098072,-0.092148,0.033089,-0.007634,-0.205284,-0.150294,-0.289989,#
7,0.039602,0.285039,0.051534,-0.396745,-0.001381,0.275266,0.321958,1.0,0.350204,-0.063519,-0.096947,-0.262023,-0.002569,0.169022,0.109792,0.086315,0.192628,-0.192355,-0.128757,-0.13402,-0.093903,0.217397,0.133144,0.301942,-0.06106,-0.214949,0.326605,-0.10833,-0.009246,-0.198778,-0.483365,0.073266,0.259307,-0.078345,-0.197785,0.014299,-0.105777,-0.366836,0.27228,-0.19005,-0.090636,0.146678,-0.235459,0.353187,0.015982,0.053616,0.014883,0.105597,-0.081719,0.242883,-0.220068,-0.245044,0.232547,0.266417,-0.166535,-0.060283,0.046499,-0.088643,-0.042256,-0.002109,-0.081544,-0.068823,-0.416674,0.360083,0.040277,0.076453,-0.149072,0.124993,0.310179,-0.182486,-0.146219,0.265597,-0.125642,0.096912,-0.208063,0.50441,-0.179089,0.056884,-0.328561,-0.093885,-0.080179,-0.223235,-0.034748,-0.10779,-0.330198,0.159682,0.015302,-0.187507,-0.222803,-0.513705,-0.369054,-0.338082,-0.34516,0.052017,-0.33132,-0.153037,0.206906,0.00473,0.065656,-0.140153,-0.176458,-0.149068,0.121184,0.020401,0.015302,-0.464355,-0.102441,-0.09296,-0.426036,-0.493093,0.045394,0.01299,-0.422957,-0.157631,0.06757,0.010284,-0.42767,-0.195133,-0.484671,0.135419,-0.090675,-0.303533,-0.076577,-0.465692,0.159459,-0.228414,-0.156682,0.015652,-0.406502,-0.117902,-0.51459,-0.251059,-0.169586,-0.061292,0.139573,-0.091312,0.382142,0.055325,-0.089855,-0.378993,-0.561635,0.213336,-0.303335,0.189509,-0.163874,-0.197658,-0.374297,0.136918,-0.04511,-0.253109,-0.095688,0.012611,-0.386082,-0.290204,0.062383,-0.041713,0.341444,0.060761,-0.183301,0.050596,0.240852,0.259511,0.125888,-0.094698,-0.027286,0.182926,-0.045038,-0.240729,-0.315022,-0.27653,-0.002027,-0.108087,-0.518511,-0.146824,0.100385,0.015754,-0.090675,-0.014212,0.289238,-0.153515,0.163769,0.194492,0.278575,0.221577,0.086122,0.344339,0.020147,-0.407892,-0.02588,0.115614,0.080675,0.29838,0.137247,-0.308044,-0.022559,0.281727,0.18625,-0.427596,-0.303313,0.119641,#
8,0.114032,0.302026,-0.097199,-0.4156,0.014237,0.295824,0.706624,0.350204,1.0,0.091009,-0.192692,-0.275624,0.625321,0.011432,0.083601,-0.377222,0.100898,0.133738,0.050457,-0.131305,0.16738,0.13018,0.047846,0.013987,0.16751,-0.35382,0.321334,-0.235093,0.059169,0.036366,-0.302547,-0.153079,0.174728,-0.173517,-0.47885,0.192732,0.154895,-0.287216,-0.045111,-0.154822,0.178584,0.048489,-0.142325,0.006326,0.216631,-0.28406,0.347123,0.165305,-0.064592,0.251362,-0.164613,-0.366794,0.01326,0.082489,-0.419145,-0.021705,0.104029,-0.020852,0.333602,0.031004,0.193395,-0.184711,-0.141532,0.226965,0.124575,0.506503,-0.022587,0.130027,0.249601,-0.299024,0.101505,0.160758,-0.386316,-0.111289,-0.220169,0.419106,0.114172,-0.014254,-0.147656,-0.260036,0.068091,-0.375862,-0.173738,-0.217286,-0.357367,0.246955,0.014548,-0.096428,-0.007088,-0.440387,-0.357764,-0.070075,-0.527043,0.305385,-0.030164,0.007294,0.321278,0.100811,0.035368,0.045178,-0.155987,0.183747,0.224101,0.248795,0.008402,-0.390353,-0.283958,-0.038253,-0.277471,-0.27168,0.389768,0.441283,-0.272588,-0.462485,0.191016,0.001782,-0.23176,-0.195261,-0.124639,-0.083765,-0.238011,-0.108495,-0.266441,-0.387734,-0.048405,0.244381,-0.038041,0.228424,-0.016682,0.194467,-0.521355,-0.550564,-0.201484,-0.164199,-0.083898,-0.210653,-0.260654,-0.080749,-0.024018,-0.281915,-0.339369,-0.097284,-0.156896,-0.304255,-0.007059,-0.130367,-0.442641,0.428325,0.083123,-0.218844,0.187068,-0.256839,0.104243,-0.379972,-0.00352,0.002715,0.480451,0.38541,0.084571,-0.374945,0.354637,0.147631,0.37018,-0.216701,0.437926,0.507145,0.157635,-0.144105,-0.430905,-0.327023,-0.287137,-0.080706,-0.300302,-0.007927,-0.066206,0.115205,-0.081734,0.211274,0.74387,-0.217927,0.236166,0.172344,0.01708,-0.143638,0.239639,0.129761,0.653818,-0.094268,-0.417345,0.144051,0.365043,0.160738,0.11486,-0.152981,-0.072572,0.185868,0.073584,-0.152077,0.078747,-0.164699,#
9,0.398289,0.255713,-0.430855,-0.175412,-0.178065,0.04467,0.195561,-0.063519,0.091009,1.0,-0.039739,-0.2448,0.315516,0.302572,0.164375,-0.037074,-0.076493,-0.055985,0.064755,-0.244361,-0.271682,0.195367,0.287766,0.01435,-0.326728,-0.084753,0.181214,-0.175647,-0.014972,0.578769,-0.175908,0.111291,0.037857,0.209047,-0.327835,0.040561,-0.245572,0.084472,-0.063507,0.123345,-0.094001,-0.025142,0.280879,0.172614,0.097758,-0.567173,0.264191,-0.313487,-0.544826,-0.372572,-0.196286,-0.344568,0.12756,-0.490669,-0.025481,-0.294489,0.196104,0.029118,0.16423,0.165958,0.166383,-0.052756,-0.360777,-0.098429,0.065792,0.134809,-0.014587,-0.091457,0.079665,-0.377231,-0.396682,-0.354808,-0.190135,-0.532459,-0.210871,0.038422,-0.053671,-0.135817,-0.177429,0.196044,-0.321273,-0.208698,-0.111382,0.102234,-0.09588,-0.244813,-0.386085,-0.412496,-0.111382,-0.298998,-0.281297,-0.269145,-0.280172,-0.2742,0.171356,-0.386175,-0.363842,0.261348,-0.232335,-0.013449,0.145593,-0.386085,-0.10115,-0.077609,-0.179573,0.090796,-0.247487,-0.185664,-0.020826,-0.379172,-0.258238,0.544761,-0.087845,-0.176061,-0.571846,0.05413,-0.124382,-0.282113,0.013084,-0.522356,-0.355671,-0.374721,-0.322036,-0.271052,-0.507372,0.328953,0.040946,-0.25759,-0.035749,-0.038498,-0.280486,-0.145633,-0.282113,0.162863,-0.633359,-0.042293,-0.128287,-0.141775,0.026412,-0.41182,-0.108616,-0.452655,-0.385609,-0.218182,-0.125638,-0.518228,0.040946,0.298436,-0.411563,-0.125702,-0.33022,-0.528294,-0.210986,-0.271728,-0.139071,-0.326747,0.133044,0.304688,-0.172824,-0.271284,-0.115942,0.037965,0.081617,-0.258197,-0.054682,0.148348,-0.326707,-0.205729,-0.112263,-0.160952,0.105859,-0.038058,-0.155031,-0.364774,0.392413,-0.507435,-0.145633,0.334066,0.10867,0.24491,0.128204,0.355899,-0.266396,-0.358199,0.179378,0.121895,0.344626,-0.410241,0.152569,0.507548,-0.214438,0.0158,0.120627,0.352048,-0.016647,0.169587,-0.085749,-0.098932,0.108945,-0.189475,#
10,-0.043918,-0.085277,0.063139,0.052423,0.136682,0.25617,-0.065178,-0.096947,-0.192692,-0.039739,1.0,0.231935,-0.336307,-0.250457,-0.245707,0.421331,0.136253,0.179855,-0.018629,-0.139138,-0.20571,0.16241,0.172265,-0.180177,0.064244,-0.024647,-0.16525,-0.099292,0.091759,-0.288062,0.009428,-0.141519,-0.095418,-0.005576,0.360627,0.18348,-0.042953,0.059437,-0.150484,-0.101658,-0.171156,0.130682,-0.05067,0.067356,-0.026905,0.114606,-0.186838,0.058631,0.084693,0.095661,0.221805,0.06401,0.046966,-0.237757,-0.312212,-0.059435,-0.076495,0.147988,-0.152041,-0.157906,-0.200261,-0.003703,0.151151,-0.29967,-0.052179,-0.421004,-0.308983,-0.092982,-0.061146,0.272294,-0.021334,-0.06987,-0.049408,-0.024592,0.121111,0.197073,-0.156237,-0.079506,-0.206393,-0.282077,-0.063303,-0.041671,-0.084394,-0.140852,0.3662,-0.146789,-0.003546,-0.129992,-0.1105,-0.055541,-0.009833,-0.062202,0.028675,-0.254778,-0.151728,0.354844,-0.082515,0.02788,-0.098591,-0.138556,0.100729,-0.028578,-0.026057,-0.232807,-0.177953,-0.173861,-0.108392,-0.369412,0.065444,0.193256,-0.138366,0.04604,0.320443,-0.178854,0.111882,-0.156135,0.049284,-0.019778,-0.035558,0.005242,0.042188,-0.237976,0.137891,-0.193848,-0.359062,-0.061567,-0.311365,0.107046,-0.122373,-0.119203,0.189679,0.042188,0.029668,-0.205389,0.238226,0.026966,0.110795,0.048206,-0.1252,-0.134876,-0.105888,-0.101393,0.17509,-0.104616,-0.298733,-0.001549,-0.101539,-0.143664,-0.172401,0.222428,-0.0542,0.143793,-0.240589,-0.192984,-0.077703,-0.292384,-0.438097,-0.085946,-0.330957,-0.00691,-0.008604,-0.064288,0.249718,0.017771,-0.3389,-0.152842,-0.105543,0.211425,0.520024,0.031369,-0.086964,0.215463,-0.044405,0.063413,-0.291788,0.128672,-0.128101,0.087891,-0.20057,0.28391,0.236257,-0.354018,-0.010854,0.095144,-0.283165,-0.27713,-0.148798,0.022038,0.149507,-0.334106,-0.203385,-0.071915,-0.025408,-0.15927,-0.03495,-0.117637,0.329771,-0.155154,-0.04651,-0.046416,#
11,-0.01862,-0.320709,0.189102,0.025667,0.222976,0.131826,-0.294968,-0.262023,-0.275624,-0.2448,0.231935,1.0,-0.3076,-0.10094,-0.278953,0.213596,-0.193438,0.148079,-0.465775,0.199802,-0.483743,0.233592,-0.053118,-0.315487,0.048167,-0.027279,-0.036292,-0.228762,-0.080577,-0.285093,0.017174,0.08444,-0.11579,0.204265,0.249306,0.038368,-0.351624,-0.107676,-0.281376,0.206299,0.097387,-0.019023,0.055134,-0.344744,-0.102539,0.01673,-0.388692,0.077106,0.017306,0.162394,0.131343,0.09423,-0.083951,-0.063271,-0.005663,-0.127388,-0.165946,0.165414,0.289007,-0.301724,0.012791,0.068825,0.113759,-0.49544,-0.00609,-0.105362,-0.107769,-0.238494,-0.162348,0.523697,0.086154,0.028147,-0.037425,0.353491,-0.072351,-0.070554,-0.23335,-0.238068,0.003679,0.011744,0.355258,0.088026,0.027509,-0.364254,0.392163,0.167609,0.181888,0.01253,0.03404,0.28173,0.26484,0.181338,0.247332,0.0217,-0.069357,0.361173,-0.195619,-0.017535,-0.152726,0.027142,-0.251779,0.344722,0.010984,0.153126,-0.147096,-0.048768,0.167809,-0.047304,0.158629,0.492184,-0.116395,-0.13572,-0.159038,0.169326,0.06555,-0.276139,0.088488,0.255818,0.189443,0.31746,0.257474,-0.04403,0.348891,0.228569,-0.185019,0.180277,0.073463,-0.011346,0.457425,0.197105,0.095196,0.276584,-0.080274,-0.383192,0.176494,-0.132861,0.028387,-0.047578,-0.005033,0.003863,0.365939,0.02737,0.189886,0.062636,-0.225333,0.136648,0.045762,-0.336809,0.014188,0.263768,0.059433,-0.001238,-0.043875,0.208162,0.08887,0.200781,-0.21409,-0.231404,0.000157,0.056052,-0.246044,-0.519259,-0.100582,0.033904,-0.302751,-0.188697,0.207455,0.173853,0.292109,0.320327,-0.008665,0.052454,0.008592,0.257713,-0.126232,-0.00438,-0.20115,-0.269613,-0.105348,0.174167,0.030573,-0.198709,-0.127708,0.261801,-0.107309,-0.46529,-0.190849,-0.152115,0.037671,-0.349395,-0.400836,-0.198201,0.032559,-0.034229,0.169232,-0.270573,0.321956,0.07337,0.053082,0.231481,#
12,0.318,0.349875,-0.272054,-0.273417,-0.072584,0.187778,0.494962,-0.002569,0.625321,0.315516,-0.336307,-0.3076,1.0,0.324903,0.167211,-0.359681,-0.060607,0.288464,0.095062,-0.13918,0.231654,0.259347,0.180181,0.056852,-0.031767,-0.203405,0.297476,-0.142023,0.095977,0.355324,-0.268876,0.059242,0.343125,-0.139262,-0.239386,0.113755,0.157175,0.017585,-0.169973,-0.37195,0.20631,0.069039,0.147869,0.121839,0.143237,-0.46454,0.498913,0.043671,-0.213809,-0.06175,0.004291,-0.27978,0.068149,-0.124115,-0.190245,0.070807,0.3138,-0.165468,0.210942,0.163393,0.395248,0.028105,0.010375,0.0297,0.247616,0.559064,-0.113835,0.201755,0.196007,-0.249454,-0.026709,0.055796,-0.178723,-0.21083,-0.221044,0.176374,0.054965,0.006255,-0.10293,-0.144087,-0.030569,-0.383147,-0.228077,-0.112986,-0.298825,0.173132,-0.099036,0.064693,0.132641,-0.467465,-0.266032,0.006051,-0.44481,0.215164,-0.092121,-0.099794,0.369789,0.064156,-0.159464,-0.137318,-0.083969,0.08244,0.12927,0.266631,0.059173,-0.135788,-0.169673,-0.162673,-0.326978,-0.192551,0.214329,0.286943,-0.230384,-0.438013,-0.185506,0.070845,-0.322295,-0.27484,0.069077,-0.345585,-0.329,-0.187744,-0.212959,-0.16379,-0.188525,0.299294,0.111575,0.226172,0.125738,0.185931,-0.448478,-0.315591,-0.281515,-0.050091,-0.463127,0.011888,-0.42821,-0.332751,0.182745,-0.131113,-0.213212,-0.301523,-0.277476,-0.226015,0.200411,-0.165816,-0.103703,0.342001,0.0684,-0.310381,0.077727,-0.386953,0.292573,-0.349682,-0.158673,-0.038822,0.666627,0.527167,0.074283,-0.334844,0.171686,0.110083,0.346848,-0.115802,0.290498,0.642717,0.135229,-0.077792,-0.274356,-0.290234,-0.001382,0.06738,-0.263997,-0.161542,0.254261,-0.190511,0.012936,0.377494,0.696705,-0.233581,0.22296,0.290925,-0.115221,-0.303976,0.410382,0.091545,0.631152,0.076408,-0.558438,0.433005,0.3426,0.190416,0.030099,0.114313,0.151559,0.199118,-0.096455,0.061692,0.372605,-0.118129,#
13,0.289186,0.137491,-0.24499,-0.09559,-0.151362,-0.124631,-0.133043,0.169022,0.011432,0.302572,-0.250457,-0.10094,0.324903,1.0,0.12697,-0.006851,-0.307311,0.165489,-0.082807,-0.092745,0.1877,0.51041,0.416182,0.408259,-0.131698,0.242252,0.526272,0.153047,-0.031141,0.324488,-0.161549,0.298808,0.096534,-0.019563,-0.004684,0.050363,-0.158951,0.067948,0.22258,-0.239939,-0.078254,-0.173569,0.375032,0.025465,-0.265253,-0.284557,0.197701,-0.218257,-0.399171,-0.051672,0.315131,-0.268361,0.128238,0.053578,0.072041,0.033671,-0.005569,0.279908,0.165521,0.189345,0.437033,-0.013679,-0.314026,-0.096281,0.267694,0.005552,-0.374671,0.362247,0.098981,-0.185821,-0.206929,-0.083437,0.014497,0.187918,-0.339724,0.03619,0.129655,0.045935,-0.243807,0.309904,-0.374632,-0.115745,0.085188,0.203281,-0.078152,0.089515,0.017067,-0.090268,0.213773,-0.359664,-0.370275,-0.177349,-0.054861,0.040614,0.145325,-0.197889,-0.108286,0.101815,-0.112945,-0.096743,-0.074393,-0.228315,-0.004576,-0.141033,-0.041744,-0.200492,0.235281,-0.377762,-0.101066,0.025919,-0.204009,0.004195,-0.18645,0.013762,-0.341722,0.036933,-0.209047,-0.246733,-0.004711,0.23965,0.092503,-0.151879,0.00748,-0.019185,-0.17588,0.164864,-0.130793,-0.174884,0.146238,0.059489,-0.226035,0.155618,-0.378971,0.040084,-0.46466,0.138524,-0.098481,-0.250853,0.15934,0.102867,-0.15363,-0.220907,-0.201893,-0.212572,-0.26803,-0.158095,0.06744,-0.202056,-0.299085,-0.190654,-0.147499,-0.394927,0.009899,-0.219634,-0.263722,0.077574,0.356471,0.088304,0.111192,-0.201003,-0.166866,-0.12079,0.06809,-0.100637,0.101242,0.173767,0.037097,0.130803,-0.129843,-0.068466,-0.061766,-0.161886,-0.219833,-0.522991,0.193541,-0.383173,0.106528,-0.042837,0.226112,-0.176003,0.261562,0.041673,-0.173391,-0.051134,0.174609,0.192963,-0.016196,-0.472592,-0.098236,0.394212,-0.179263,-0.054865,-0.067052,0.026707,0.226631,-0.029152,0.130486,0.085962,0.431894,0.088582,#
14,0.237703,0.48136,-0.107442,-0.181223,0.553666,-0.180964,0.318253,0.109792,0.083601,0.164375,-0.245707,-0.278953,0.167211,0.12697,1.0,-0.061303,0.035367,0.067301,0.434498,-0.15648,0.324405,-0.327702,-0.108541,-0.00896,-0.257535,-0.218056,0.117418,0.467482,0.617804,0.289408,-0.448304,-0.105005,-0.01089,-0.229963,-0.107828,0.073986,-0.284201,-0.248404,0.122631,0.277576,-0.399552,-0.074104,-0.109548,0.236856,0.100692,-0.078624,0.352849,-0.209401,-0.110529,0.283135,0.191183,-0.240601,0.145854,0.090253,0.085883,-0.339319,-0.216841,-0.046126,-0.150406,-0.189788,-0.359142,0.314734,-0.335265,0.31696,0.059603,0.221271,0.024857,-0.057651,-0.2144,-0.476723,-0.478405,-0.25716,-0.106473,-0.177724,-0.383504,0.384545,-0.077616,-0.458658,-0.444024,-0.294071,-0.526376,-0.379641,-0.414556,0.328709,-0.424065,0.049419,-0.284142,-0.582727,-0.234398,-0.161143,-0.088588,-0.476136,-0.245028,-0.471094,-0.220635,-0.266037,-0.299014,-0.237922,-0.314724,-0.150345,0.293243,-0.592284,-0.512969,-0.322667,-0.284142,-0.009788,-0.475264,-0.043359,-0.468627,-0.128628,-0.253959,0.086241,-0.355124,-0.278577,-0.44779,-0.117956,-0.338371,-0.265859,-0.448878,-0.229935,-0.514449,0.134971,-0.520581,-0.053075,-0.000496,-0.340403,-0.224616,-0.263688,-0.244683,-0.459495,-0.256262,-0.495261,-0.422424,-0.003731,-0.436947,-0.402147,0.241066,-0.198061,-0.147487,-0.053128,-0.411314,-0.336116,-0.293591,-0.043067,0.043522,-0.311886,-0.213027,0.140973,-0.428809,-0.342131,-0.409905,-0.518934,-0.367723,-0.054037,-0.460693,-0.093204,0.253856,0.382344,-0.390692,0.125837,-0.042967,-0.22123,0.071926,-0.133989,-0.422151,0.123397,-0.08237,-0.002926,0.009613,-0.215608,0.51447,0.064374,-0.120308,-0.481242,0.405683,-0.317609,-0.348153,0.278301,0.341871,-0.090784,0.29401,0.295132,0.500376,-0.10651,0.372097,-0.252291,0.105714,-0.067699,-0.109218,0.370362,0.001153,0.466759,0.201715,0.274564,-0.323435,-0.074357,-0.202992,-0.239327,-0.305606,0.380147,#
15,-0.240729,-0.266008,0.036261,-0.176972,0.144588,-0.085203,-0.21063,0.086315,-0.377222,-0.037074,0.421331,0.213596,-0.359681,-0.006851,-0.061303,1.0,-0.054822,-0.370966,0.173288,-0.126423,-0.388283,0.201231,-0.024065,0.195947,-0.116016,-0.018178,0.004327,-0.094685,0.072125,-0.286003,-0.005669,0.086134,-0.092933,0.192209,0.178965,0.338951,0.133729,0.054234,0.056417,0.072693,-0.185376,-0.31509,0.190332,0.068705,-0.204752,0.109413,-0.36471,0.053298,-0.146078,0.060755,0.200291,0.110861,0.051875,0.101339,-0.079141,0.132953,-0.069334,-0.075775,-0.166967,-0.507565,-0.169574,0.199601,0.223466,-0.333789,-0.033898,-0.64275,-0.308975,-0.098029,0.094479,0.27085,-0.026071,-0.294785,0.421661,0.168805,-0.047856,0.014754,-0.139499,-0.078279,-0.209548,0.07691,-0.059104,-0.049589,0.291408,0.037486,0.374667,-0.132366,0.175428,-0.325861,-0.095578,0.132924,0.17373,-0.054544,0.029867,-0.249387,-0.152573,0.190299,-0.077844,0.231444,-0.099435,-0.139892,0.065763,-0.026299,-0.021403,-0.045573,0.175428,-0.170013,0.076951,-0.117711,0.066608,0.000927,-0.136074,-0.229867,0.137313,0.186802,0.045007,-0.166214,0.041338,0.170045,-0.04411,0.202681,0.041338,0.026162,0.144412,-0.191619,-0.031559,-0.057384,-0.099125,-0.116346,-0.127822,-0.116902,0.19272,0.220758,0.023788,-0.001568,0.044804,0.023901,0.114173,0.224393,-0.205724,0.067907,-0.109191,0.062179,0.004431,0.225288,-0.289151,-0.067726,-0.099125,-0.481354,-0.167987,0.045311,-0.329351,-0.067338,-0.257751,0.188688,0.110543,0.081033,-0.248719,-0.248822,-0.133053,0.191724,0.342578,-0.061447,-0.133763,0.277295,-0.333179,-0.533475,0.260279,0.335564,0.14566,0.034372,-0.082143,-0.209188,-0.04574,0.069774,-0.102355,0.138484,-0.130904,-0.104665,-0.396941,0.194674,0.083135,-0.350063,0.194124,0.098043,-0.467092,0.124663,-0.527289,-0.358193,0.134544,-0.332265,-0.386863,-0.256439,-0.032237,-0.168022,0.341788,-0.104913,0.315527,0.081773,-0.038999,-0.043835,#
16,0.469805,0.369771,0.149479,-0.269665,0.261428,0.187158,-0.030386,0.192628,0.100898,-0.076493,0.136253,-0.193438,-0.060607,-0.307311,0.035367,-0.054822,1.0,0.207576,0.205765,-0.381036,-0.024738,-0.243047,0.044316,-0.227692,-0.153392,-0.032173,-0.257228,-0.050546,-0.081269,0.055663,-0.083349,-0.028194,0.104817,-0.221318,0.059378,0.269413,0.153166,-0.456846,-0.252443,0.032384,-0.282027,-0.346286,-0.312516,0.414436,0.244585,-0.019397,-0.186443,-0.029564,0.12594,-0.252042,0.003399,-0.14005,0.069103,-0.130991,0.207904,-0.204681,-0.477509,-0.195394,-0.149479,-0.085604,-0.148052,-0.051797,0.048312,0.207376,-0.156509,0.095913,0.058847,-0.058091,0.13073,-0.058061,-0.231569,0.09008,-0.076914,-0.351119,0.027231,0.240844,-0.263877,-0.198112,-0.252403,-0.546075,-0.144866,-0.174476,-0.339523,-0.218506,-0.262121,-0.385128,-0.440044,-0.264837,-0.158312,-0.288381,-0.102255,-0.419515,-0.285922,-0.209165,-0.426035,-0.26924,0.148862,-0.439816,-0.360358,-0.385226,0.170504,-0.256061,-0.310532,-0.111616,-0.256061,-0.225251,-0.546367,0.102876,-0.379589,0.088884,0.235257,0.001506,-0.161964,-0.292786,-0.179105,0.058185,-0.389341,-0.27445,-0.085229,-0.163999,-0.559524,-0.061509,-0.335619,-0.249175,0.128027,-0.492068,-0.133027,-0.105483,-0.518364,-0.374647,-0.092888,-0.219158,0.087395,-0.15612,0.067886,-0.241532,0.410131,-0.394164,-0.425498,-0.2734,-0.337395,0.123362,-0.281262,-0.161472,-0.033151,-0.050009,-0.133027,0.310851,-0.09241,-0.221098,-0.354437,0.144172,-0.147419,-0.240027,-0.199402,-0.514022,0.009635,0.369423,-0.439548,0.108647,-0.269359,0.092466,0.030409,-0.481349,-0.297418,0.257898,-0.3406,-0.39774,-0.103335,-0.253202,0.10073,-0.042217,-0.447318,-0.032411,0.159816,-0.23428,-0.389341,0.220388,0.041385,-0.262137,0.047247,0.096985,0.330044,0.154499,0.154821,-0.199575,0.103529,0.284314,0.283273,0.325827,0.030751,0.376303,0.414303,0.260626,-0.155725,0.707997,0.132302,-0.501395,-0.59183,0.363719,#
17,0.438327,0.210251,-0.170455,-0.035085,0.272835,0.220231,0.06509,-0.192355,0.133738,-0.055985,0.179855,0.148079,0.288464,0.165489,0.067301,-0.370966,0.207576,1.0,-0.000874,7.8e-05,0.35849,0.194565,0.047191,-0.367366,0.1981,0.022225,-0.095964,0.022769,-0.054237,0.16465,-0.164085,-0.016234,0.028067,-0.333749,0.162655,-0.047873,-0.332984,-0.077835,0.018949,-0.061823,0.206725,0.005985,-0.213081,-0.168782,-0.181591,-0.032848,0.129843,0.122546,0.018973,-0.162715,0.441939,-0.216695,-0.198746,-0.250247,0.023146,-0.097869,-0.276252,0.051811,0.024014,0.109869,0.047525,0.334617,-0.117217,-0.04161,0.131711,0.312878,-0.015229,0.096983,0.0619,0.332497,-0.04559,0.217264,-0.488383,0.044374,-0.177961,0.116838,-0.160121,-0.027687,-0.176808,-0.500023,-0.012018,-0.115748,-0.167811,-0.405102,-0.156023,0.147102,-0.162869,0.099595,0.008206,-0.108511,-0.136751,-0.114112,-0.003212,0.09877,-0.104964,0.126495,0.194946,-0.281721,-0.220642,-0.364982,-0.186636,-0.162869,-0.194354,0.120331,-0.347831,-0.244565,-0.176293,-0.272983,-0.219908,0.166877,0.217412,-0.156387,-0.073543,-0.367737,-0.079247,-0.209495,-0.417663,-0.137686,0.340235,-0.090975,-0.235901,-0.083164,-0.177045,-0.170419,-0.274045,0.140351,0.063907,0.171711,0.186617,0.001247,0.027586,-0.102385,-0.187206,-0.176185,-0.139009,-0.156238,-0.033002,-0.409015,0.025229,0.040894,0.019294,-0.182394,-0.048342,-0.311792,-0.162499,0.078194,-0.15222,0.270473,-0.076488,-0.271383,-0.113251,0.024039,0.248125,-0.37584,-0.329362,0.01856,0.392045,0.296419,-0.229091,-0.215133,-0.425536,0.036692,0.395127,-0.258153,-0.229462,0.688871,-0.0258,-0.033385,0.063356,-0.15967,-0.048136,0.012373,-0.337515,-0.155492,-0.078875,-0.345671,0.088353,0.030151,0.443018,-0.200622,0.137646,0.322144,-0.079409,-0.174721,0.118708,-0.39863,0.376304,0.235792,-0.357578,0.221678,-0.0009,0.199292,0.086512,0.0164,-0.213719,-0.026001,-0.059965,-0.048345,0.172034,0.31182,#
18,-0.106954,0.335532,-0.161966,-0.204061,0.126415,-0.313214,0.247993,-0.128757,0.050457,0.064755,-0.018629,-0.465775,0.095062,-0.082807,0.434498,0.173288,0.205765,-0.000874,1.0,-0.245139,0.40284,-0.431165,-0.079624,0.057231,-0.087694,-0.067628,0.054384,0.238176,0.061091,0.164985,-0.214415,-0.053748,0.28437,-0.033382,-0.067965,0.306448,0.192021,0.118436,0.104733,0.300968,-0.290553,-0.360347,-0.005465,0.001015,0.123979,0.101528,0.240831,-0.086096,0.165038,0.139881,0.115019,-0.181238,-0.196393,0.060442,0.389306,0.112206,-0.115663,0.006541,-0.30037,-0.07103,-0.230805,0.264302,0.079299,0.109452,0.007049,-0.049929,-0.114242,0.064577,-0.068608,-0.327539,-0.247473,-0.640397,0.245375,-0.250462,-0.179607,0.080944,-0.168752,-0.014332,-0.103516,-0.323117,-0.410778,-0.318213,-0.261297,0.243981,-0.271319,-0.19032,-0.25665,-0.282687,-0.238826,0.038985,-0.146407,-0.238711,-0.299442,-0.460078,-0.274751,-0.404541,-0.190859,-0.047261,-0.104303,-0.052778,0.147594,-0.242029,-0.418007,-0.370469,-0.111211,-0.13942,-0.372378,0.051598,-0.186381,-0.127447,0.09107,-0.091538,0.123587,-0.379767,-0.121406,-0.264585,-0.130359,-0.150223,-0.023231,-0.189252,-0.313501,0.310981,-0.54027,-0.240638,-0.011636,-0.191699,-0.310449,-0.232689,-0.317427,-0.396649,-0.091075,-0.273586,-0.027894,0.179885,-0.096846,-0.277041,0.007929,-0.160986,-0.216049,-0.068925,-0.3938,-0.03947,-0.227504,-0.043095,-0.02078,-0.271704,-0.283447,0.244964,-0.112856,-0.266328,-0.231987,-0.089303,0.010969,0.106547,-0.327946,-0.090764,-0.034331,0.115246,-0.232911,0.105711,0.373083,0.02989,0.128098,0.193709,-0.177139,0.003701,0.069904,0.077635,-0.13208,-0.35048,0.202746,-0.441478,0.125182,-0.163903,0.145955,0.10182,-0.014135,0.315258,0.085606,-0.244792,-0.018854,0.18338,0.253174,-0.104011,0.121615,0.052537,-0.006732,0.080596,-0.168576,0.214435,-0.009162,0.188141,0.36626,0.25971,-0.117243,-0.093764,-0.063451,0.075743,-0.255901,-0.004448,#
19,-0.368149,-0.529479,0.021031,0.349377,0.023303,0.271762,-0.113036,-0.13402,-0.131305,-0.244361,-0.139138,0.199802,-0.13918,-0.092745,-0.15648,-0.126423,-0.381036,7.8e-05,-0.245139,1.0,0.05895,0.095697,-0.085658,-0.120695,0.370984,-0.162248,-0.002519,-0.170891,-0.317889,-0.277323,0.187324,-0.014776,-0.107432,-0.123173,-0.140761,-0.434242,-0.048918,0.089801,-0.10357,-0.146597,0.405039,0.436455,-0.068514,-0.340602,-0.113642,0.121204,0.213223,0.395964,0.155034,-0.281763,0.098264,0.344668,0.315938,0.000975,0.015742,0.232739,0.320568,-0.3869,0.039268,-0.067509,-0.17628,-0.319831,0.189152,0.056058,0.035926,0.044414,0.244002,-0.116837,-0.165457,0.244483,0.403477,0.160689,0.199401,0.3955,0.111005,-0.420841,0.273978,0.124277,0.512397,0.2126,0.674747,0.281187,0.378058,-0.039042,0.29201,0.360678,0.371352,0.372209,0.400685,0.128374,0.596911,0.396715,0.442678,0.22041,0.260503,0.206791,0.114963,0.213137,0.022817,0.364408,-0.305455,0.377399,0.364331,0.324567,0.355702,0.439904,0.526112,-0.216353,0.347787,0.030856,0.291481,-0.383767,0.17455,0.375616,0.299587,-0.095058,0.11436,0.758324,0.057245,0.208206,0.456224,0.158559,0.689262,0.257816,0.119389,0.217274,0.272728,0.175175,0.129239,0.547205,0.25133,0.308626,0.105019,-0.029517,0.197891,0.242281,-0.040526,0.275347,0.227017,0.378771,0.543001,-0.129661,0.216089,0.161193,0.273309,0.39243,0.280306,-0.289774,0.54229,-0.028211,0.242484,0.207997,0.290907,0.242975,0.286888,0.388074,-0.118409,-0.271404,0.537071,0.07486,-0.111844,0.056955,-0.091706,0.410351,0.131303,-0.207188,0.403021,0.313218,-0.007224,0.097426,-0.29559,-0.13152,0.344959,0.605706,-0.284369,0.201424,0.456224,-0.447825,-0.270408,0.103554,0.042819,-0.210944,0.0506,0.116114,-0.424634,0.089543,-0.043941,0.187835,-0.192611,-0.525831,0.289479,-0.369694,-0.471785,-0.3634,0.451214,-0.448215,-0.451444,0.33507,0.293023,-0.197042,#
20,-0.016906,0.106752,-0.297866,0.03343,0.002603,-0.260678,0.106385,-0.093903,0.16738,-0.271682,-0.20571,-0.483743,0.231654,0.1877,0.324405,-0.388283,-0.024738,0.35849,0.40284,0.05895,1.0,-0.158355,-0.235207,0.211967,0.271221,0.16438,-0.15914,0.279201,0.087906,0.104756,0.159362,-0.251665,0.143442,-0.195,0.037692,-0.180379,0.126489,0.094447,0.212531,-0.082446,0.01491,-0.07507,-0.194112,-0.182421,-0.197806,0.29981,0.4139,-0.116703,0.318251,0.092458,0.219931,-0.135851,-0.15121,0.260036,0.140285,0.328747,-0.03586,0.128297,-0.129401,0.15674,0.015576,0.191128,-0.059496,0.15385,-0.05615,0.181518,0.169506,0.297761,-0.17797,-0.26136,-0.068319,0.036224,-0.017971,0.146263,0.110678,-0.197051,0.364984,0.271899,0.164811,-0.124128,-0.226268,0.12134,0.07762,0.039645,-0.160518,0.052799,0.157265,0.223095,0.272537,0.13301,0.018822,-0.084083,0.021834,0.11988,0.008262,-0.024115,0.083515,-0.144532,0.229131,0.070921,0.097523,-0.019255,-0.040025,-0.049162,-0.012195,0.039668,0.051748,-0.016401,-0.117157,0.019311,0.152338,-0.230014,0.139533,-0.010739,0.098963,0.154586,0.033339,0.015813,0.15831,0.157872,0.033339,0.519855,-0.21769,0.204359,0.265439,-0.046692,-0.09034,0.085887,-0.099422,0.068261,0.004039,-0.146196,0.190761,0.165319,0.050687,0.015151,-0.183463,-0.138741,-0.020808,0.417471,-0.101798,-0.117907,0.147305,-0.031701,0.271899,-0.018243,0.135041,0.084102,0.226885,-0.148268,0.112891,0.139559,0.291935,0.018518,-0.092002,0.254345,0.255617,-0.020018,0.035274,0.02891,0.017394,0.125772,0.103036,0.05011,0.292134,0.213604,0.092192,0.074583,-0.037005,0.034394,-0.063448,0.039102,0.161392,-0.089333,-0.079679,0.124476,0.212873,-0.093259,0.165316,-0.360068,0.067886,0.048385,0.222366,-0.077183,0.085563,0.1229,0.039852,0.426602,-0.23429,0.058606,0.180892,0.128219,-0.194396,-0.156982,-0.249716,-0.094796,-0.343863,0.07612,0.164659,-0.017909,#
