0,1.0,0.369625,-0.104859,-0.068609,0.503661,0.282145,-0.157566,-0.156488,-0.115757,0.446296,0.346696,0.080051,0.382127,0.42155,0.187222,0.394375,-0.024044,-0.232587,-0.028284,-0.272167,0.089334,-0.074223,0.158807,-0.345439,0.018905,-0.327867,0.238471,-0.172158,0.103128,0.514347,-0.563327,0.277339,-0.055541,-0.374628,0.018993,-0.184531,-0.28054,-0.30025,0.172011,-0.174679,-0.021975,0.042666,-0.409049,-0.106955,0.104725,-0.309686,0.033372,-0.233037,-0.229739,-0.03057,0.009445,-0.038305,-0.043639,-0.151066,0.217495,0.214567,-0.69454,0.330369,-0.192187,-0.021597,0.160712,0.072158,-0.297363,-0.318387,0.205716,0.165939,-0.147387,0.346031,0.172686,0.18293,-0.026612,0.237745,0.139558,-0.195862,-0.136873,0.176199,-0.398113,-0.159871,-0.184009,-0.306736,-0.232914,-0.252221,-0.02767,-0.009187,-0.319419,-0.092816,-0.238817,-0.096552,-0.12675,-0.30962,0.163936,-0.726235,-0.120726,-0.04852,-0.33272,0.15562,0.209686,-0.171232,-0.407684,-0.091601,0.05896,-0.562471,-0.163011,0.155134,-0.134753,-0.196883,0.158768,0.087511,-0.191604,0.034072,-0.015305,-0.147357,-0.017646,-0.198463,-0.505408,-0.081786,0.206622,0.128459,0.005736,-0.057527,-0.726378,-0.280735,-0.338421,0.014063,0.157542,0.058554,-0.310946,-0.052685,-0.240816,-0.479866,-0.590431,-0.21806,-0.305125,-0.270763,-0.370369,-0.407914,-0.102024,-0.374645,-0.327028,-0.610337,-0.40782,-0.121509,-0.5198,-0.388175,-0.118571,-0.172252,-0.219032,0.332686,-0.046283,-0.374429,-0.451232,-0.256476,-0.311389,-0.161232,-0.336976,-0.374541,0.081277,0.126614,-0.190204,-0.518856,-0.300387,-0.235194,0.320046,-0.00415,-0.033541,0.207494,-0.05372,0.163095,-0.407914,-0.374691,0.176967,0.017973,-0.275122,0.228015,0.477776,-0.316111,-0.249787,0.210006,0.423801,-0.221981,0.370954,0.024935,0.133179,0.386153,0.291463,-0.219032,0.176878,-0.251946,0.07022,0.272609,-0.622055,0.259337,0.374917,0.191628,-0.161876,-0.137412,0.210402,-0.388533,-0.06478,0.074854,#
1,0.369625,1.0,0.046643,-0.254773,0.303686,0.280037,0.088912,-0.466999,0.331842,0.598288,0.020332,0.248854,-0.023703,0.577135,0.245694,-0.120973,-0.311379,0.296857,0.096759,-0.07395,0.155164,0.101051,0.442607,-0.196371,0.033643,-0.180502,0.272317,-0.261069,0.276909,0.532194,-0.538044,-0.243396,-0.06306,-0.297765,-0.325426,0.045959,-0.152396,-0.442591,-0.149534,-0.00272,-0.01068,-0.014058,-0.243658,0.082553,-0.038429,-0.173045,0.184755,0.122398,-0.30099,0.348754,-0.305248,-0.482746,0.069937,-0.398581,0.023108,0.165466,-0.304843,0.337234,-0.066286,0.165814,0.23009,0.462715,0.284963,-0.062072,0.093035,0.21792,-0.18381,0.044891,0.245594,0.16155,-0.208673,0.155616,0.068446,-0.168451,-0.237069,0.201051,-0.233958,-0.089731,-0.488051,0.030708,-0.014689,-0.48889,-0.36831,0.018909,0.233481,-0.063706,-0.271115,-0.40786,0.360189,-0.12451,-0.06297,-0.177856,-0.259499,0.326484,-0.128153,-0.211156,0.233247,-0.164624,-0.150689,-0.275509,0.281454,-0.207853,-0.023136,-0.013335,-0.234658,-0.137832,-0.115234,-0.639759,0.193132,-0.116231,0.192531,-0.183772,-0.380519,0.027763,-0.338387,-0.07625,-0.216747,-0.16039,0.045026,-0.465097,-0.175389,-0.350111,-0.213224,-0.321768,0.172745,0.006683,0.164914,0.27431,-0.178549,-0.407184,-0.238805,-0.271947,0.095863,-0.40496,-0.404125,-0.508718,-0.127237,-0.268125,-0.052231,-0.732123,-0.315399,-0.285577,-0.457572,-0.272359,-0.288987,-0.499413,0.05392,0.382193,0.006946,-0.104698,-0.299097,-0.361547,-0.211822,-0.270632,-0.210727,-0.100023,0.212244,0.438555,-0.089777,-0.141342,-0.31492,-0.360958,0.110657,0.210769,0.260987,0.212925,-0.207673,-0.113946,-0.508718,-0.467285,-0.187521,0.12748,-0.266109,-0.128452,0.092194,-0.247177,-0.311514,0.478832,0.392617,-0.219107,0.511141,-0.136372,-0.14923,0.270408,0.415632,-0.185862,0.463185,0.050901,-0.329938,0.570195,-0.187626,0.261234,0.341538,0.164748,-0.170548,-0.251225,-0.042805,-0.191761,-0.340856,-0.25891,#
2,-0.104859,0.046643,1.0,0.412546,-0.031482,-0.162768,-0.135515,0.199717,-0.061692,-0.145719,0.050541,0.114529,-0.083897,-0.03821,-0.216202,-0.332154,-0.098873,0.263252,-0.407549,-0.038029,-0.0285,0.076583,0.186607,0.075256,0.595551,0.292105,-0.415823,-0.188245,0.047989,-0.363113,0.259116,0.153461,0.094587,0.046606,-0.231603,0.093965,0.143834,-0.017367,-0.03037,-0.169956,0.138707,-0.00291,0.07388,-0.431614,0.324719,-0.191571,-0.358399,-0.124285,0.074921,-0.062599,-0.140945,0.222752,0.142989,0.364385,-0.026048,-0.17411,-0.133491,0.024928,-0.154988,0.012993,0.131788,-0.059554,0.168528,0.043778,0.092603,0.283301,-0.006445,0.204836,0.061099,0.113134,-0.013554,-0.424264,-0.139614,-0.014821,0.476743,0.02739,0.027668,0.06672,-0.126292,0.024012,0.371679,-0.025649,-0.081658,0.116689,0.247852,-0.038686,0.2955,-0.022047,0.132441,-0.086689,0.145149,0.024952,-0.223911,-0.119497,-0.089913,-0.072704,0.269372,0.334397,0.444147,0.111467,-0.182635,0.284876,0.291337,0.394746,-0.061322,-0.033208,0.269193,0.15596,-0.040995,-0.147842,0.190815,0.011155,-0.073486,0.293117,0.543433,0.142181,-0.110005,0.038805,0.101415,0.243168,0.206034,-0.015649,0.474727,0.131513,0.133997,0.115065,-0.117717,-0.223017,-0.255272,0.138989,-0.058072,-0.219143,0.332511,0.016634,0.481325,-0.033764,0.186741,0.224407,0.255349,0.030707,0.141939,0.45817,0.055575,0.086808,0.105486,0.005121,0.108713,-0.119366,0.232763,0.0481,0.081682,0.123712,0.05244,0.04805,0.300865,0.039077,0.206448,0.120576,0.420418,0.205145,0.50349,0.230556,0.134201,0.118109,0.130028,0.119341,0.191519,-0.356676,0.132907,0.217683,0.016597,-0.207697,0.086867,0.171376,-0.456223,0.270636,0.065767,-0.212121,-0.360905,-0.17084,-0.301778,-0.191615,0.047207,-0.25957,-0.121891,-0.067899,-0.070007,-0.386416,0.263937,-0.121957,0.073129,0.054098,0.220312,0.030247,0.135078,0.193608,0.023801,-0.157621,-0.198997,-0.114496,#
3,-0.068609,-0.254773,0.412546,1.0,0.006338,-0.07713,-0.063582,0.415267,0.020226,-0.118589,0.265389,-0.021338,-0.022133,-0.470174,0.146199,-0.004786,0.134494,0.18476,-0.47611,0.035759,0.006916,-0.160278,-0.232818,-0.111477,0.506461,0.250668,-0.508343,-0.017235,-0.086271,-0.14248,0.356331,0.388005,0.290819,-0.042997,0.223299,0.119856,0.219273,-0.000163,0.009902,-0.026845,0.124869,-0.006563,-0.198848,-0.328818,0.525351,-0.290966,-0.274416,-0.326948,0.366968,-0.194266,0.365646,0.39225,0.020257,0.341057,0.048841,-0.074683,0.077487,0.020876,-0.333649,-0.246007,-0.153721,0.202733,0.055847,-0.122943,-0.160936,0.116379,0.300895,-0.281444,-0.082935,-0.348874,0.00335,-0.001443,0.119781,0.02785,0.425699,-0.035786,-0.047082,0.119923,-0.01643,0.128621,0.097922,0.239778,-0.030136,0.197986,-0.268624,-0.452842,0.21836,-0.113814,0.057174,-0.024335,0.342725,-0.037915,0.205544,-0.206196,-0.03119,-0.337582,-0.216676,-0.117006,0.350612,0.218425,-0.234514,0.216082,0.40853,0.480742,0.071722,0.180024,0.208408,0.072357,0.205331,0.115171,-0.165891,-0.002406,0.090016,0.187842,0.117517,0.364217,0.297163,-0.017319,0.202255,-0.034006,0.138156,0.202802,0.232098,0.343893,0.205122,0.048789,-0.22783,-0.059767,-0.340481,0.184997,0.060811,-0.186842,0.265873,0.076731,-0.126192,0.175051,-0.195921,0.086132,-0.202822,0.211874,0.014483,0.025382,0.265735,0.11461,-0.191675,-0.07527,0.255308,0.131998,0.399954,0.108457,0.190755,0.072666,-0.05612,-0.064423,0.237811,0.09959,-0.036179,-0.161932,-0.21759,0.128591,0.117298,0.292645,-0.109213,0.024513,0.047091,-0.462865,0.106911,-0.42302,0.184263,0.097725,0.045474,-0.401502,0.18378,-0.113428,-0.086468,0.211874,-0.299743,-0.015547,-0.153717,-0.135633,-0.401432,0.166609,-0.20785,-0.30983,-0.062773,0.091741,-0.472402,-0.103474,0.245112,-0.330558,-0.305984,0.242872,0.087657,0.264936,-0.187173,0.200072,-0.234608,0.416727,0.181214,0.256759,#
4,0.503661,0.303686,-0.031482,0.006338,1.0,0.32676,-0.063041,-0.188961,0.190994,0.160453,0.299707,0.247725,0.136213,0.394224,0.018775,0.527214,-0.07283,-0.109404,0.262602,-0.279488,0.230723,-0.26111,0.548494,-0.228127,0.03903,-0.288307,0.393848,-0.378993,0.322334,0.347783,-0.447671,0.237121,0.072739,-0.216674,-0.12877,-0.119063,-0.173579,-0.229338,0.220124,-0.166043,0.270765,-0.193903,-0.123018,0.038932,0.212327,-0.285706,-0.031086,0.171703,-0.024186,0.062234,0.140137,-0.035324,0.418567,-0.173652,-0.126257,0.301821,-0.401453,0.390015,-0.188191,0.169022,-0.155815,0.25155,-0.109192,-0.035537,0.364055,0.385699,0.00574,0.299392,0.228274,-0.124047,-0.225588,0.232537,0.164087,-0.109738,-0.328933,0.280652,-0.198835,-0.42488,-0.058963,-0.029265,-0.208022,-0.475093,-0.23719,0.539725,-0.225809,-0.132404,-0.160201,-0.475436,-0.113671,-0.386629,0.03741,-0.558524,-0.200555,0.098882,-0.358103,-0.067316,-0.055434,-0.414597,-0.309896,-0.009925,0.276559,-0.277497,-0.118799,0.428367,-0.332301,-0.338208,0.278513,-0.161835,-0.012903,0.420016,0.198677,0.035745,0.037847,-0.133356,-0.380937,-0.317681,0.107639,0.220102,0.349294,-0.574328,-0.37676,-0.535724,-0.337447,-0.3287,0.259831,-0.172468,-0.058445,0.022179,-0.074834,-0.603878,-0.482978,-0.212785,-0.1946,-0.385184,-0.295482,-0.124195,-0.194692,-0.390309,-0.310397,-0.505565,-0.617524,-0.077152,-0.681037,-0.13051,-0.140567,-0.055603,-0.174325,0.521885,-0.299215,-0.399432,-0.113634,-0.379828,0.104342,-0.426719,-0.163358,-0.402167,-0.053273,0.503489,-0.198076,-0.370184,-0.30942,-0.411925,0.321571,-0.135871,-0.112066,0.064531,-0.205265,-0.110634,-0.124195,-0.214882,0.139498,0.234557,-0.29792,0.040199,0.5865,-0.282944,-0.27308,0.222188,0.317902,0.135581,0.627164,-0.170464,-0.372328,0.376893,0.089507,0.033115,0.254641,-0.104251,-0.169687,0.338787,-0.28102,0.068266,0.567967,0.572671,-0.455722,0.177848,0.01334,-0.141158,0.070848,0.090707,#
5,0.282145,0.280037,-0.162768,-0.07713,0.32676,1.0,0.264286,-0.205429,0.378999,0.256093,0.157002,-0.287283,0.319925,0.253889,0.070903,0.125829,0.239377,0.069488,0.250729,-0.057131,0.194396,0.270353,0.378285,-0.229022,-0.117131,-0.636459,0.134648,-0.306275,0.025189,0.045866,-0.036842,0.100239,-0.136772,-0.050164,-0.24221,-0.276033,0.159338,-0.34861,0.174343,-0.506261,0.019404,0.193135,0.069078,-0.073543,-0.179036,-0.473103,0.304589,-0.198328,0.246095,0.141617,0.225801,-0.138721,0.171235,-0.406563,0.005452,0.550344,-0.293921,0.421285,0.104923,0.035543,0.283551,0.127172,-0.084125,-0.123461,0.106407,0.310817,-0.220472,0.191682,0.113802,0.112142,-0.125366,0.156142,0.007926,-0.437839,-0.290804,0.239222,-0.079454,-0.208678,-0.359492,-0.024873,-0.168005,-0.312169,-0.017075,0.386632,-0.174631,-0.073797,0.017087,-0.212182,0.256248,-0.26676,-0.028409,-0.051516,-0.166146,0.494676,0.037924,-0.148929,0.296209,-0.325324,-0.10715,-0.092789,0.357975,-0.192402,0.076493,-0.109224,-0.088577,-0.442255,0.096945,-0.196651,-0.282661,-0.048495,0.185441,-0.220426,0.13313,-0.10715,-0.238635,-0.404027,-0.082249,-0.102204,0.224519,-0.336532,-0.047969,0.149821,-0.306013,-0.460812,0.2072,-0.0257,0.28239,0.329022,-0.101048,-0.377764,-0.281801,0.117711,-0.255029,-0.204283,-0.123276,-0.440396,-0.152615,-0.388484,0.04242,-0.383293,-0.266551,0.019053,-0.292086,-0.228542,0.013786,-0.127539,-0.504125,0.470325,-0.1696,0.101775,0.004862,-0.082687,0.262885,-0.390642,-0.126391,-0.228822,0.041707,0.235301,-0.166152,-0.282685,-0.093705,-0.175552,0.101761,0.05671,0.03812,0.26671,0.149718,-0.122483,-0.296175,-0.387422,-0.057106,0.205904,0.246632,0.138968,0.323157,-0.391813,-0.373648,0.369945,0.068993,-0.040692,0.357503,0.060985,-0.192594,0.20995,-0.263842,-0.077817,0.20995,0.217522,-0.367489,0.257542,-0.123268,-0.064697,-0.145653,0.17569,-0.165646,0.155219,0.113963,0.025743,0.026285,-0.027596,#
6,-0.157566,0.088912,-0.135515,-0.063582,-0.063041,0.264286,1.0,-0.385981,0.189075,-0.022746,-0.079536,0.112035,0.291801,0.218796,0.250915,-0.098014,0.261884,-0.116565,0.177656,-0.056765,0.195839,0.441515,-0.022424,-0.433178,-0.092792,-0.42568,0.04737,-0.126528,0.209915,-0.155468,-0.016177,-0.324697,-0.371685,0.125269,-0.267439,-0.276786,0.162364,0.130838,-0.0351,-0.111351,0.013391,0.219824,0.066058,0.176108,0.026513,-0.196904,0.059775,-0.218747,0.228953,0.366357,-0.027064,-0.143034,-0.040046,-0.506089,-0.338582,0.363247,-0.011356,0.091749,-0.083261,0.352761,0.035766,0.355722,0.342734,0.268848,-0.044972,-0.023201,-0.221073,-0.032749,-0.083848,-0.200538,0.353585,-0.008599,-0.276614,-0.089542,-0.252824,-0.118125,-0.07723,-0.19522,-0.353739,0.175573,0.009592,-0.27609,0.004895,0.23336,0.129186,0.28313,0.234557,-0.030593,0.112896,-0.255294,0.038118,0.174319,0.015904,0.506047,0.419853,-0.146912,-0.109583,-0.316709,0.073756,-0.046727,0.301122,-0.337811,-0.068509,-0.112716,0.112896,-0.074958,-0.161813,-0.180427,-0.088689,-0.045833,0.056277,-0.221027,-0.246112,0.073756,0.161704,-0.183387,-0.054221,-0.074217,0.221903,-0.110922,0.178697,-0.025685,-0.265464,-0.258588,-0.239434,0.323019,0.088986,0.32992,-0.112039,-0.027297,0.112896,0.345423,0.059722,0.340233,0.106913,0.082929,-0.153031,-0.022015,0.015138,0.124041,0.087777,0.332984,0.247591,0.051397,-0.168432,-0.135443,0.182902,0.442444,0.118092,0.313101,0.208219,-0.031407,0.257078,0.149768,-0.086796,0.141344,0.198836,0.066294,0.0447,0.235228,0.056122,0.028055,0.108665,0.252403,0.050249,0.068337,0.177936,-0.314949,0.076179,-0.025818,0.110121,-0.029522,0.441161,0.193206,0.10953,-0.114092,0.052992,-0.047939,0.045973,0.01894,0.148136,-0.104783,0.162165,0.02123,-0.111791,0.162083,0.203405,0.221226,-0.36234,-0.184434,-0.043685,0.12939,-0.160668,-0.022915,0.119368,0.346575,-0.068692,0.225077,-0.076071,0.328303,#
7,-0.156488,-0.466999,0.199717,0.415267,-0.188961,-0.205429,-0.385981,1.0,-0.168191,-0.276606,-0.090523,-0.149704,-0.11192,-0.41368,0.091618,0.101234,0.05951,-0.011562,-0.307151,0.094563,-0.164373,-0.041486,-0.39742,0.2717,0.553967,0.256646,-0.552405,0.02293,-0.146207,-0.330322,0.474651,0.402037,0.24887,-0.053096,0.26951,0.226251,-0.045557,0.103409,0.370415,-0.008292,-0.16928,-0.180059,0.084869,-0.200742,0.362319,-0.078937,-0.17065,0.160379,0.147198,-0.691757,0.311226,0.31961,-0.053615,0.306406,-0.00914,-0.385859,-0.025997,-0.156769,-0.073426,-0.338989,-0.247364,-0.362886,-0.497834,-0.200688,-0.411173,-0.16322,0.398263,-0.189921,-0.120853,0.102612,-0.122376,-0.036771,0.216059,0.060245,0.453692,-0.070058,0.078704,0.099667,-0.008531,-0.040621,-0.011272,0.372052,-0.001798,0.077246,0.082446,-0.060883,0.010961,0.083568,0.092033,0.03984,0.243517,0.143923,0.007502,-0.663068,-0.123224,-0.32738,-0.131104,0.1438,0.208219,0.277991,-0.056719,0.323155,0.454303,0.078961,0.084165,0.205568,0.095676,0.276388,0.06021,-0.048015,-0.290914,0.08258,0.355948,0.052481,0.124538,0.433282,0.429932,-0.131842,-0.096891,0.19873,0.141057,0.353965,0.24728,0.550203,0.143783,-0.195303,-0.466094,0.083776,-0.130784,0.407706,0.073675,-0.326862,-0.226955,0.166536,0.254817,0.215112,-0.15293,0.275428,0.33219,0.306931,0.034462,0.169298,0.360637,-0.019889,0.16821,0.221431,0.140228,-0.36851,0.062851,0.127648,0.199199,0.339987,-0.288846,-0.073855,0.251959,0.293167,-0.089717,-0.385013,0.006868,-0.132999,0.297486,0.314385,-0.226285,0.05343,0.029867,-0.431361,0.160855,0.066346,0.387676,0.273957,0.047489,-0.310487,0.098344,-0.268688,-0.225032,0.07745,-0.179807,-0.439831,-0.459479,-0.249724,-0.495422,0.040843,-0.204135,-0.305095,-0.289912,-0.256369,-0.305095,-0.309639,0.24431,-0.392218,0.20283,-0.056287,-0.18867,-0.362378,-0.185142,0.049529,0.088915,0.044292,0.251686,-0.07017,#
8,-0.115757,0.331842,-0.061692,0.020226,0.190994,0.378999,0.189075,-0.168191,1.0,0.277975,-0.23037,-0.128253,-0.168169,0.118011,-0.014147,-0.037372,-0.342578,0.286054,0.336876,0.175705,-0.091573,0.018451,0.412777,0.047936,0.12512,-0.328326,0.035377,-0.207302,-0.032427,0.102669,0.05938,-0.18785,-0.096993,-0.172251,-0.021905,0.270943,0.387628,-0.404609,0.406176,-0.265339,0.272646,-0.100009,0.006015,-0.141782,-0.10102,-0.163558,0.352079,0.132612,0.137504,-0.066768,0.119981,-0.208691,0.204437,-0.121743,-0.243899,-0.077901,-0.042909,0.127205,-0.331904,0.04001,0.249689,0.38812,0.265004,-0.042926,-0.204578,0.123754,0.107304,0.02302,0.004875,0.094538,-0.182318,-0.066432,-0.253033,-0.052341,-0.188121,0.168183,0.180521,-0.166154,-0.235615,0.084662,0.055192,-0.225867,-0.271292,0.30615,0.246091,0.000859,0.133888,-0.323503,0.387433,0.119243,-0.318851,0.059074,-0.304314,0.23972,-0.05388,-0.1146,0.245844,-0.108917,0.114705,0.010539,0.013606,0.051995,-0.165663,0.317008,0.193971,-0.05052,-0.109914,-0.180745,0.279662,-0.167249,0.330049,-0.202185,-0.117455,-0.223786,-0.120725,-0.170207,0.028317,-0.159199,0.348462,-0.594291,0.240949,-0.184413,-0.177717,-0.224852,0.1388,0.22421,0.315388,0.27359,-0.308065,-0.157352,0.00051,-0.079894,0.086849,-0.287224,-0.182312,-0.213951,-0.139985,-0.163933,0.177869,-0.229256,-0.219827,-0.270522,-0.213675,-0.273002,-0.391334,-0.533907,0.068859,0.312589,-0.203958,-0.17392,0.138967,-0.128313,0.125432,-0.33766,0.008896,0.177763,0.253108,0.322307,0.135901,0.102483,-0.257654,-0.106648,-0.164508,0.129753,0.299475,-0.237007,-0.111057,-0.240583,-0.221006,0.010915,0.05112,0.113242,0.007754,-0.107653,-0.025495,-0.229256,-0.342726,0.176844,0.271508,0.114652,0.21286,-0.065761,-0.288889,-0.061384,-0.058329,0.283982,0.114417,0.311332,-0.354055,0.255923,-0.184914,-0.017992,-0.124687,0.209998,-0.305894,0.237775,-0.1678,0.231063,0.173351,-0.112049,#
9,0.446296,0.598288,-0.145719,-0.118589,0.160453,0.256093,-0.022746,-0.276606,0.277975,1.0,-0.226947,0.273407,0.175742,0.452955,0.215273,0.22772,-0.184432,0.280887,0.282155,-0.354382,0.27255,-0.121988,0.267954,-0.325077,-0.046915,-0.325077,0.167696,-0.099378,0.127697,0.532812,-0.416116,-0.135783,-0.183043,-0.276729,-0.052185,0.242394,-0.207229,-0.516024,0.067666,0.026333,-0.08566,0.029962,-0.377471,0.073699,0.008386,-0.181219,0.24007,-0.11864,-0.476552,0.21337,0.23968,-0.526987,0.092242,-0.112986,0.077039,0.056833,-0.20603,0.218795,-0.319636,-0.080345,0.132126,0.517624,0.123276,-0.299412,-0.067628,0.079165,-0.108872,0.027111,0.058992,0.072559,-0.197126,0.370349,0.273126,0.164907,-0.085854,0.090022,-0.451619,-0.276726,-0.3821,-0.026502,-0.326891,-0.024727,-0.327025,-0.052036,0.096037,-0.354122,-0.24445,-0.354258,0.178682,-0.171351,-0.26833,-0.309828,-0.252972,0.151526,0.063931,-0.114474,0.09594,-0.201894,-0.301147,-0.131355,0.189836,-0.20104,-0.060113,0.040221,-0.084234,-0.301253,-0.33887,-0.347783,-0.082523,-0.276569,0.141093,-0.108849,-0.442209,-0.056373,-0.537236,0.095277,-0.2069,-0.371973,-0.039576,-0.515595,-0.309111,-0.207373,-0.59087,-0.301253,0.054236,-0.176638,0.010424,0.136017,-0.442042,-0.354466,-0.089922,-0.161076,-0.016177,-0.126394,-0.590548,-0.301316,-0.075363,-0.276742,-0.211784,-0.552574,-0.301247,-0.240728,-0.383964,-0.595444,-0.60184,-0.748956,-0.172714,0.517949,-0.20042,-0.276582,-0.240832,-0.735888,-0.230016,-0.276728,-0.590939,-0.276664,0.081096,0.365661,-0.124467,-0.171258,-0.54944,-0.327025,-0.114957,0.18889,0.230963,-0.043732,-0.326714,-0.020255,-0.301316,-0.276775,0.037075,0.136087,-0.115019,-0.147508,0.225631,-0.233043,-0.184512,0.636863,0.441618,-0.541081,0.407082,0.200894,-0.030151,0.267297,0.340086,-0.172714,0.267297,0.233696,-0.219736,0.712617,-0.417742,-0.04053,0.157849,0.415534,0.036278,-0.014139,0.040917,0.083696,0.052167,0.00771,#
10,0.346696,0.020332,0.050541,0.265389,0.299707,0.157002,-0.079536,-0.090523,-0.23037,-0.226947,1.0,-0.110591,0.341498,0.088858,0.226558,0.032696,0.405516,-0.277709,-0.21101,0.115637,-0.082462,-0.064566,0.144961,0.046367,0.018469,-0.02402,0.046851,-0.069753,-0.254624,0.120949,-0.18085,0.420663,0.001751,0.066623,0.201701,-0.226944,0.095741,0.297048,-0.113196,0.023386,-0.073738,-0.088967,-0.226519,-0.026852,0.136459,-0.460539,-0.265982,-0.07626,0.086428,-0.152834,0.04855,0.279558,-0.129289,-0.052137,0.336273,0.167592,-0.410241,0.06859,0.116009,0.049294,-0.108968,0.219569,-0.245071,0.041564,0.242067,0.154934,-0.181264,0.024473,0.119687,-0.440398,0.300271,-0.232761,-0.226803,-0.307732,-0.049113,0.195088,-0.036808,0.028368,-0.087534,-0.297258,0.02334,-0.320135,0.12509,0.066801,-0.713964,0.101377,-0.327877,-0.064594,-0.348201,-0.296484,0.212227,-0.355042,0.120305,0.015227,-0.251723,0.187477,0.011832,0.036822,0.011444,-0.137262,-0.044265,-0.182559,0.000572,-0.031356,-0.046087,-0.221317,0.207689,-0.108468,-0.178915,0.266387,0.101988,-0.181226,0.067987,0.011444,-0.15048,-0.309737,0.119256,0.170707,-0.18674,0.069833,-0.353263,-0.114718,-0.052434,-0.021139,0.18913,0.149244,0.034689,-0.091145,0.176433,-0.259141,-0.209485,-0.005876,-0.289826,-0.217145,0.003279,-0.172643,-0.125474,-0.321282,-0.265533,-0.007079,-0.302526,0.032729,-0.123744,-0.057974,-0.038355,0.129018,-0.186699,0.104074,-0.007895,-0.080575,-0.304563,0.056788,0.027776,-0.17723,-0.049445,-0.142132,0.280385,-0.053256,-0.043438,0.052973,0.104667,-0.07184,0.307084,-0.187312,-0.221866,0.269839,0.214189,-0.129339,-0.172643,-0.320421,0.088903,0.239773,-0.088554,0.079193,0.102309,0.00372,-0.307199,0.102361,0.022153,0.424949,0.227086,-0.165309,0.222762,0.125233,0.010581,-0.107655,-0.017754,-0.08894,0.34975,-0.3022,-0.08053,0.070384,0.109912,0.173071,-0.194934,-0.233019,-0.016704,-0.333074,-0.256132,-0.13612,#
11,0.080051,0.248854,0.114529,-0.021338,0.247725,-0.287283,0.112035,-0.149704,-0.128253,0.273407,-0.110591,1.0,-0.120636,0.204284,0.285879,0.317193,-0.362149,-0.068591,-0.026087,-0.312932,0.211575,-0.314504,0.088337,-0.389004,0.111684,-0.063665,0.269852,-0.385221,0.343722,0.225284,-0.040006,0.026379,-0.251512,-0.104481,-0.109343,-0.034091,-0.476748,0.144502,-0.042117,0.397746,0.13441,-0.204109,-0.156866,-0.083772,0.386194,0.057243,-0.080678,-0.051458,-0.443568,0.183761,0.096178,-0.32406,0.190302,0.181702,-0.415183,0.003727,0.000487,-0.194223,-0.276682,-0.067136,-0.225948,0.322728,0.216898,0.141501,-0.07214,-0.1887,0.182199,0.207278,-0.010285,-0.070764,0.151644,0.344261,0.262609,0.195101,-0.043094,0.119312,-0.33971,-0.327559,-0.156727,-0.163546,-0.113126,-0.170195,0.111285,-0.011719,0.249256,0.076792,-0.332243,-0.444866,0.052473,-0.430617,0.011059,-0.067349,0.001189,-0.113147,-0.212537,-0.152489,-0.306541,-0.155371,-0.422297,0.170963,-0.041349,0.142728,0.028041,0.170609,-0.231487,-0.272496,-0.225686,-0.20288,-0.060792,-0.084006,-0.277456,0.209636,-0.375071,0.325396,-0.040937,-0.011196,-0.017732,-0.151564,0.115256,-0.315549,-0.257831,-0.295665,-0.239051,-0.136197,0.268788,-0.067087,-0.184716,-0.202611,-0.058707,-0.300771,0.026789,-0.205582,0.203284,-0.013363,-0.172353,-0.043924,0.163436,-0.090663,-0.172203,-0.074802,-0.340073,0.062688,-0.271387,-0.015876,-0.161007,-0.220969,0.306467,0.34177,-0.066144,-0.095877,0.090295,-0.358059,-0.194462,-0.122672,-0.259962,-0.121399,-0.072601,0.465015,-0.092676,-0.057661,-0.100169,-0.060331,0.070015,-0.043322,0.149967,-0.159407,-0.505981,0.060216,0.12001,-0.283448,0.034416,-0.104891,-0.163005,-0.314357,0.077756,0.425805,-0.081556,-0.036126,-0.053325,-0.290487,0.057226,0.102839,-0.09477,0.07277,0.256311,0.130871,0.134002,-0.100927,0.025478,0.127568,-0.121731,0.050083,0.336522,0.377969,-0.199592,0.052349,-0.155216,-0.066252,0.055657,0.438905,#
12,0.382127,-0.023703,-0.083897,-0.022133,0.136213,0.319925,0.291801,-0.11192,-0.168169,0.175742,0.341498,-0.120636,1.0,0.260789,-0.085861,0.127911,0.546135,-0.278957,0.085136,0.022075,0.338632,0.027761,0.00891,-0.257266,-0.030265,-0.316942,-0.120293,-0.180597,0.14363,0.063049,-0.171553,0.242716,-0.316777,-0.049382,-0.287587,-0.350349,0.018441,-0.162633,0.197817,-0.354977,-0.211419,0.383299,-0.293694,-0.119046,0.168769,-0.212199,-0.134029,-0.279633,-0.114137,-0.047921,0.065438,-0.020195,0.005941,-0.202672,0.321688,0.121109,-0.422595,0.036233,-0.050319,0.128401,0.080083,0.044747,0.036433,-0.310744,0.066506,-0.001823,-0.279829,0.058966,0.031941,-0.244651,0.225088,0.021508,-0.069561,-0.12572,-0.32254,-0.032013,-0.041124,-0.103641,-0.027581,-0.157504,-0.191236,-0.141608,0.097234,0.186608,-0.256979,0.052533,0.008295,-0.106088,-0.08655,-0.511465,0.350144,-0.367322,-0.096263,0.16348,0.293646,0.02556,-0.028806,-0.126828,-0.170453,-0.187213,0.191023,-0.320457,0.040545,-0.2653,-0.110808,-0.177453,-0.080864,0.086834,-0.464696,-0.178183,0.309629,-0.27977,0.073896,-0.130189,-0.060768,-0.180576,0.097797,0.022675,-0.131503,0.019513,-0.229642,-0.160764,-0.512294,-0.029901,-0.156868,0.189792,-0.195382,0.274703,-0.099611,-0.150692,-0.117739,0.485208,-0.295977,0.084394,0.043497,-0.130262,-0.193703,-0.408925,-0.096296,-0.253754,-0.124972,0.404059,0.078755,-0.127507,-0.184509,0.038839,-0.147684,0.382285,-0.034117,-0.200027,-0.165326,-0.14261,-0.02593,-0.235035,-0.334328,-0.274055,0.452754,0.049497,-0.004991,-0.053552,0.112817,-0.108217,0.098432,-0.007188,-0.07274,0.112946,0.297359,-0.137532,0.130025,-0.095818,0.35447,0.263019,0.195735,0.464465,0.359126,-0.262178,-0.048786,0.271537,0.380908,-0.11649,0.354009,-0.089763,0.308235,0.12251,-0.014309,-0.078322,0.254952,0.2302,0.16001,-0.031582,0.005532,0.095226,-0.029227,0.011866,0.178773,0.160681,0.290201,-0.096828,-0.160423,0.14748,#
13,0.42155,0.577135,-0.03821,-0.470174,0.394224,0.253889,0.218796,-0.41368,0.118011,0.452955,0.088858,0.204284,0.260789,1.0,0.221705,0.221151,0.001223,-0.052112,0.304896,-0.299388,-0.028958,0.041084,0.418443,-0.182923,-0.171912,-0.363488,0.345191,-0.263605,0.157801,0.131779,-0.613825,-0.008233,-0.404377,-0.109817,-0.312951,-0.049813,-0.075832,-0.049945,0.110774,0.02778,-0.069406,0.184065,-0.077167,0.177435,-0.205198,-0.275973,0.132142,0.253449,-0.271506,0.234007,-0.106919,-0.526058,0.306634,-0.327393,-0.110538,0.087997,-0.451223,0.481038,0.111307,0.297728,0.269399,0.318364,-0.01974,-0.010359,0.001561,0.335948,-0.240518,0.246262,0.38509,0.242146,0.164706,-0.037156,-0.029287,-0.010975,-0.058914,0.235052,-0.182258,-0.431267,-0.503271,-0.145052,-0.067154,-0.42622,-0.239095,0.148123,0.094556,0.185666,-0.239544,-0.283095,-0.075848,-0.195864,-0.230333,-0.348932,-0.227521,0.240909,-0.052436,0.084818,0.315136,-0.098919,-0.167653,-0.321355,0.416566,-0.462107,-0.41515,0.019719,0.116247,-0.318567,-0.027779,-0.245721,-0.016761,-0.114578,0.215193,0.07449,-0.22905,-0.008271,-0.152422,-0.137761,-0.498275,-0.083976,-0.015211,-0.237811,-0.168217,-0.458125,-0.398304,-0.32537,-0.188771,0.047021,0.002906,0.139457,-0.043483,-0.44157,-0.254102,0.069077,-0.238795,-0.417485,-0.046974,-0.324541,-0.166491,-0.25587,0.00923,-0.348762,-0.320543,0.073516,-0.507781,-0.405595,-0.17086,-0.358471,-0.243116,0.401063,-0.547462,-0.107101,-0.436377,-0.42228,0.196498,-0.260358,-0.226197,-0.100586,0.426587,0.315652,0.239453,-0.217519,-0.077791,-0.548449,0.509449,0.1634,0.068286,0.50947,-0.077628,-0.086301,-0.340603,-0.263743,-0.108085,0.285025,-0.159864,-0.004884,0.074151,-0.356918,0.000659,0.117748,0.314051,0.008136,0.75048,-0.317063,0.051559,0.437671,0.131735,-0.255242,0.613151,0.062279,-0.264169,0.414664,-0.104485,-0.10544,0.108526,0.259944,-0.082188,-0.047922,-0.145641,-0.322113,-0.384109,-0.240494,#
14,0.187222,0.245694,-0.216202,0.146199,0.018775,0.070903,0.250915,0.091618,-0.014147,0.215273,0.226558,0.285879,-0.085861,0.221705,1.0,0.319554,0.203987,-0.205925,-0.01045,-0.301789,-0.049215,0.06166,-0.05179,-0.352044,-0.000861,-0.05829,0.132827,0.108093,-0.034428,0.291397,-0.285421,0.085857,-0.284021,-0.276122,0.189173,-0.034821,-0.265458,0.135038,0.142977,0.500465,-0.248636,-0.123748,-0.216667,-0.012978,0.137851,-0.467163,0.093146,-0.117235,0.017254,-0.073754,0.192726,-0.135122,-0.261878,-0.128088,-0.126193,0.24436,-0.273846,0.080802,-0.099991,0.169759,-0.21592,0.560648,-0.334266,0.161234,-0.396815,-0.088942,0.060913,-0.163991,0.328495,-0.210935,0.360641,0.330714,-0.055483,0.168776,0.288663,0.264895,-0.508345,-0.121621,-0.719914,-0.111741,-0.219505,-0.298408,-0.124011,0.175058,-0.314766,-0.112552,-0.431023,-0.142269,-0.039175,-0.058705,0.017288,-0.156088,0.081444,-0.041562,-0.191485,-0.269957,-0.127725,-0.242656,-0.318096,-0.181507,0.208928,-0.13228,0.168599,-0.002057,0.127357,-0.183986,-0.151893,-0.361576,0.135414,0.042411,-0.552374,0.055028,-0.464841,0.180133,-0.493676,-0.002691,0.13387,-0.361917,-0.062145,-0.190346,-0.325114,0.091334,-0.266077,-0.05774,0.186085,-0.123272,-0.164735,0.16251,-0.204316,-0.275288,-0.205707,-0.353099,-0.247826,-0.093977,-0.393249,-0.325907,-0.165205,-0.250315,-0.106856,0.085883,-0.314595,-0.237223,-0.028657,-0.478703,-0.438931,-0.430808,0.150082,0.238582,-0.133195,0.225485,-0.078779,-0.246654,-0.335447,-0.288549,-0.262798,0.080643,-0.004341,-0.002554,-0.283827,-0.18912,-0.273033,-0.100577,0.181262,0.024287,-0.054748,-0.134089,-0.245409,-0.056301,-0.174065,-0.606727,0.088292,-0.270343,-0.150683,-0.417345,0.048693,-0.145422,-0.404473,0.113938,-0.032725,-0.10967,0.129431,-0.064249,0.181727,0.238505,0.112551,-0.079186,0.29522,-0.068857,-0.02974,-0.009162,-0.345556,0.3544,-0.090558,0.068693,-0.308262,-0.04169,-0.168373,-0.078614,0.030817,0.184045,#
15,0.394375,-0.120973,-0.332154,-0.004786,0.527214,0.125829,-0.098014,0.101234,-0.037372,0.22772,0.032696,0.317193,0.127911,0.221151,0.319554,1.0,0.010095,-0.239165,0.17611,-0.303834,0.166121,-0.42441,0.109014,-0.352915,-0.163805,-0.235472,0.3583,-0.105966,0.326162,0.284818,-0.275193,0.494699,-0.286303,-0.2617,0.175464,-0.059595,-0.268897,-0.087931,0.517462,0.294114,0.085726,-0.083775,-0.029511,-0.09384,0.148147,-0.153291,0.052884,0.076352,-0.168717,-0.229836,0.458083,-0.117312,0.146031,0.061434,-0.282673,0.194336,-0.216872,0.068327,-0.22019,0.000388,-0.214544,0.105376,-0.30745,-0.122734,0.049249,0.031783,0.351056,0.234226,0.360774,-0.18673,-0.084551,0.374464,0.221439,0.182111,-0.063448,0.234541,-0.171449,-0.316029,0.022947,0.043138,-0.228744,-0.104074,0.047598,0.19692,-0.303852,-0.137536,-0.277657,-0.332022,-0.22171,-0.068946,-0.017688,-0.500398,-0.086744,-0.063664,-0.356482,-0.093397,-0.119668,-0.251228,-0.499661,-0.004262,0.18935,-0.257934,-0.031065,0.193109,0.117554,-0.21552,0.23184,0.096415,-0.204698,0.055446,-0.321676,0.376043,-0.042604,0.004412,-0.494042,-0.170171,0.127369,0.182102,-0.022732,-0.374054,-0.484014,-0.087744,-0.445867,-0.056015,0.203446,-0.150333,-0.309853,-0.061127,-0.179452,-0.306985,-0.22171,-0.144524,-0.240065,-0.252376,-0.396582,0.004415,-0.165409,-0.28053,-0.370948,-0.128758,-0.502594,-0.009549,-0.210123,-0.211619,-0.209003,-0.052129,-0.259387,0.451758,-0.374372,-0.280369,-0.059683,-0.468303,-0.136945,-0.479233,-0.268127,-0.110698,-0.190928,0.19959,-0.289043,-0.517927,-0.44203,-0.279314,0.164931,-0.161339,-0.069608,-0.117837,-0.549341,0.117214,0.004415,-0.264746,0.246675,0.122654,-0.298007,-0.039919,0.388631,-0.137194,-0.195706,0.1259,0.13007,-0.121641,0.300635,-0.035366,-0.15092,0.260646,0.101853,-0.046158,0.134983,0.121853,-0.064188,0.222549,-0.335939,0.024663,0.247091,0.410973,-0.127951,0.135806,0.040423,0.051405,0.201109,0.213856,#
16,-0.024044,-0.311379,-0.098873,0.134494,-0.07283,0.239377,0.261884,0.05951,-0.342578,-0.184432,0.405516,-0.362149,0.546135,0.001223,0.203987,0.010095,1.0,-0.439895,-0.034001,-0.058307,0.087999,0.134325,-0.078936,-0.101232,-0.179196,0.134043,-0.075176,0.071245,-0.142624,-0.137215,-0.131265,0.139574,-0.247663,0.062234,-0.007167,-0.18443,0.219082,0.255512,-0.067896,-0.11606,-0.439767,0.334946,-0.148303,-0.057203,0.094257,-0.219107,-0.154051,-0.229894,0.367537,-0.007107,0.023452,0.24411,-0.280651,-0.13415,0.432255,0.258411,-0.093768,0.192797,0.352356,0.166013,-0.132685,0.066616,-0.172749,0.088867,0.049559,0.19098,-0.147307,-0.268182,0.258716,-0.388882,0.258156,0.022681,-0.184315,0.010625,0.115618,0.16291,-0.178326,-0.156556,-0.16825,-0.062973,-0.229635,0.008347,-0.013619,0.202577,-0.547999,-0.093649,-0.001332,0.112135,-0.314316,-0.09375,0.201168,-0.036183,0.107625,0.179627,0.319809,0.157793,-0.020163,-0.172032,0.025364,-0.256491,0.298638,-0.124451,0.094319,-0.311305,-0.127654,-0.193604,0.027459,-0.006721,-0.18826,0.012891,-0.043539,-0.147276,0.027953,-0.191048,-0.04326,-0.044163,-0.011824,-0.229724,-0.014967,0.180961,-0.03382,0.221471,-0.088547,0.028322,-0.362678,-0.139634,-0.070179,0.242336,0.233533,-0.058321,-0.10713,0.342893,-0.237887,0.190504,0.106961,0.005774,-0.101968,-0.155168,-0.113965,0.23921,0.01795,0.229274,0.309241,-0.063789,-0.063878,0.188859,-0.2163,-0.024503,-0.007768,0.291328,-0.233542,0.019084,0.162629,-0.157936,-0.086271,-0.152278,0.089236,-0.077597,-0.182741,0.099504,0.085041,-0.013619,0.117805,-0.188476,-0.441032,0.22236,0.378378,-0.020588,0.013794,-0.153772,0.173549,0.094469,0.163142,0.258169,0.05621,-0.286957,0.009513,0.215216,0.029606,0.300294,0.180007,0.039452,0.371091,0.201081,-0.091088,0.047772,0.201081,-0.012772,0.233722,-0.21714,0.181795,0.076747,-0.215947,-0.011666,0.04159,0.114637,0.027253,-0.026448,-0.227122,0.031189,#
17,-0.232587,0.296857,0.263252,0.18476,-0.109404,0.069488,-0.116565,-0.011562,0.286054,0.280887,-0.277709,-0.068591,-0.278957,-0.052112,-0.205925,-0.239165,-0.439895,1.0,-0.072262,0.184502,0.188112,0.05535,0.166666,0.268583,0.051881,-0.096036,-0.107025,0.213853,0.13695,-0.185202,0.142264,-0.225683,0.2274,0.233426,-0.090331,0.221853,0.169929,-0.319719,-0.223565,0.010494,0.167397,-0.134409,0.24565,0.184633,-0.069898,0.004187,0.167572,0.027764,-0.156204,0.149868,0.257474,-0.155915,0.233973,-0.184054,-0.303771,0.066675,0.245962,0.189721,-0.027579,-0.013734,0.230452,0.068678,0.281015,-0.130526,0.037767,0.05897,0.14806,0.019287,-0.34829,0.119197,-0.287543,-0.243366,0.290986,-0.093645,0.043581,-0.283154,0.209718,0.250857,-0.054525,0.547991,0.475599,0.272136,-0.160209,-0.07141,0.293868,-0.30088,0.290393,-0.081642,0.431573,0.245454,-0.295528,0.172045,-0.011806,0.004383,0.136018,-0.206683,-0.152873,0.326493,0.416479,0.182389,0.168288,0.30777,0.272722,0.226314,0.248925,0.247005,-0.176933,-0.236916,0.218251,0.062468,0.281092,0.220122,0.014746,0.47273,0.170961,0.176018,-0.138117,0.064735,-0.237687,-0.112082,0.531077,0.035419,0.043825,-0.291718,0.304412,-0.019119,0.484129,0.097817,-0.241472,0.376676,0.251885,-0.093217,0.094087,-0.183658,-0.108442,0.24555,-0.270652,0.178043,0.150997,-0.133187,0.288272,-0.079668,0.10045,0.009492,-0.079025,-0.259789,-0.227583,-0.005426,0.088784,0.046069,0.128079,-0.189887,0.099799,0.055669,0.050795,0.169884,0.09361,-0.16852,0.138184,0.252506,0.055877,0.149385,-0.262481,0.273849,0.456614,-0.045286,0.001968,-0.287463,-0.04936,0.359307,-0.168788,-0.055974,0.063942,-0.17491,-0.127856,0.088792,-0.030526,0.219068,-0.244181,-0.334755,-0.177597,0.234153,-0.305925,-0.546766,-0.080843,-0.235576,-0.369874,0.311858,-0.208624,0.356352,0.052774,-0.14333,0.134892,0.12559,0.225536,-0.027198,-0.079914,0.398998,0.050951,-0.301417,#
18,-0.028284,0.096759,-0.407549,-0.47611,0.262602,0.250729,0.177656,-0.307151,0.336876,0.282155,-0.21101,-0.026087,0.085136,0.304896,-0.01045,0.17611,-0.034001,-0.072262,1.0,-0.139289,0.14162,0.060122,0.387738,0.064164,-0.273574,-0.474327,0.357003,0.129257,-0.210225,0.172557,-0.202568,-0.373594,-0.238068,0.173955,-0.245323,-0.225222,0.028955,-0.364331,0.237493,-0.126525,-0.023267,-0.139075,0.082319,0.289988,-0.409879,-0.184913,0.380826,0.267847,-0.2103,0.091012,0.09896,-0.132112,0.407326,-0.318723,-0.118803,0.116458,-0.035381,-0.197924,-0.07644,0.496428,-0.226531,0.332179,-0.11644,-0.100313,0.028372,-0.059629,-0.390674,0.194448,-0.007303,-0.057271,0.067252,0.092799,-0.000292,0.453545,-0.2858,0.139942,-0.116228,-0.337595,-0.053681,0.146297,-0.381574,-0.262869,-0.367828,0.421386,0.084404,0.052429,-0.26116,0.023717,-0.185895,-0.212805,-0.334636,-0.190631,-0.073378,0.338423,0.04946,-0.007269,-0.080729,-0.341145,-0.266345,-0.010754,0.080359,-0.029474,-0.148426,0.062084,-0.124489,-0.420435,-0.137642,-0.134392,-0.097723,0.167008,0.32333,-0.060347,-0.218923,-0.124328,-0.365123,-0.474211,-0.166772,0.030758,0.118075,-0.412941,-0.209905,-0.363084,-0.468506,-0.564686,-0.259162,-0.201104,0.245826,0.078815,-0.129299,-0.321626,0.046177,0.075068,-0.278231,0.123628,-0.123922,-0.097754,0.194684,-0.293528,-0.047198,-0.143493,-0.097513,0.005342,-0.411283,-0.327264,-0.348344,-0.263426,-0.220064,0.364315,-0.392695,-0.161272,0.269094,-0.413888,0.267186,-0.156442,-0.489216,-0.130326,-0.095539,0.254625,0.129095,0.066886,-0.362626,-0.406122,0.033952,0.244159,-0.123755,0.137893,-0.065646,-0.013555,0.055928,0.009289,0.276844,0.328726,0.00077,-0.175272,0.331172,-0.401864,0.182255,0.216681,0.27944,-0.04991,0.526963,-0.294972,0.020512,0.345267,-0.197023,0.196217,0.515635,0.456456,-0.478735,0.377992,0.029093,-0.314628,-0.192753,0.135687,0.134118,0.281249,0.229239,-0.035766,0.257361,0.020523,#
19,-0.272167,-0.07395,-0.038029,0.035759,-0.279488,-0.057131,-0.056765,0.094563,0.175705,-0.354382,0.115637,-0.312932,0.022075,-0.299388,-0.301789,-0.303834,-0.058307,0.184502,-0.139289,1.0,-0.13211,0.022688,-0.248702,0.649639,0.178894,0.118373,-0.036409,0.02682,-0.194508,-0.127794,0.343711,0.005211,-0.048545,0.455345,-0.126311,-0.114933,0.577936,0.0484,0.019114,-0.176196,-0.017089,-0.09648,0.246488,-0.2087,0.031134,0.193538,0.133295,0.109406,-0.045468,-0.291119,-0.17698,0.410696,-0.181612,-0.172627,-0.114306,-0.279881,0.070729,-0.289575,0.12267,-0.082446,0.084516,-0.243915,0.311425,0.012132,-0.001117,-0.336632,0.295294,-0.075812,-0.206982,0.066194,0.035885,-0.436566,-0.124066,-0.126707,-0.117994,-0.031915,0.790264,0.280394,0.372081,0.318177,0.431452,0.238648,0.28238,-0.312656,0.205274,0.365516,0.060638,0.050028,0.25121,0.282987,0.126744,0.318359,0.375444,-0.043118,-0.170081,0.157372,-0.002106,0.224201,0.349943,0.186525,-0.075907,0.364784,0.058374,-0.087853,0.25121,0.352188,0.045572,0.18019,0.183686,-0.218951,0.135597,-0.005104,0.494371,0.19493,0.311621,-0.121682,0.289958,0.299467,-0.12457,0.153671,0.31778,0.199416,0.397374,0.352188,-0.126183,0.530348,0.310756,0.241779,0.102181,0.519436,0.25121,0.270294,0.108749,-0.023574,0.252659,0.204163,-0.19593,0.100933,0.285752,-0.016441,0.196873,0.068436,0.438344,0.411696,0.298191,0.221384,0.081393,-0.310351,0.414229,0.264862,0.025228,0.473598,0.119552,-0.048468,0.403638,0.585731,0.306216,-0.297298,0.194544,0.289636,0.157218,0.266768,-0.100983,0.183898,0.23397,0.026584,0.294738,0.172337,-0.128299,0.287023,-0.10561,0.23942,0.208109,-0.087762,-0.378425,-0.016441,-0.05514,-0.164923,-0.13251,0.249262,-0.209458,0.026368,-0.02669,-0.449945,-0.03908,0.290126,-0.288928,0.40642,-0.015302,-0.28616,0.316084,-0.07183,-0.207315,-0.375867,0.080412,-0.320583,-0.044896,0.168012,-0.36193,-0.39802,#
20,0.089334,0.155164,-0.0285,0.006916,0.230723,0.194396,0.195839,-0.164373,-0.091573,0.27255,-0.082462,0.211575,0.338632,-0.028958,-0.049215,0.166121,0.087999,0.188112,0.14162,-0.13211,1.0,0.184398,-0.057094,-0.304594,-0.0298,-0.13361,-0.141379,-0.003832,0.492041,0.271848,-0.243626,0.002841,0.123313,0.024243,-0.217756,-0.253135,-0.384838,-0.39645,-0.196822,0.06583,0.278808,-0.111687,-0.143488,0.16266,0.246072,-0.066036,-0.372111,-0.274199,-0.352277,0.146098,0.113426,0.057683,0.02558,-0.251971,0.102644,0.45809,0.040769,-0.03858,-0.111908,0.269096,0.03991,0.178457,0.299822,-0.138575,0.198275,-0.11236,-0.202183,-0.211827,-0.158476,-0.291793,-0.176415,0.273742,0.027591,-0.043749,-0.335961,-0.095236,-0.130669,0.023376,-0.030353,0.098818,-0.254071,-0.015576,0.084812,0.332027,0.076739,-0.31346,0.158122,-0.479032,-0.126791,-0.362554,-0.021932,-0.242372,-0.277755,0.065315,-0.023438,-0.253658,-0.170245,-0.250732,-0.391752,0.200282,0.162011,0.114999,0.236742,-0.049633,-0.333573,-0.031698,-0.233314,-0.343692,-0.375175,0.217539,0.000662,0.12315,-0.071199,0.134968,-0.257663,-0.147971,0.214515,-0.138101,-0.021942,-0.209237,-0.056084,-0.174711,-0.331286,-0.211133,0.175617,-0.264311,0.174552,-0.159208,-0.207265,-0.31542,-0.344836,-0.059749,-0.008231,0.228996,-0.325082,0.135044,-0.139955,-0.344217,-0.174786,-0.388846,-0.377802,0.011246,-0.029447,0.018825,-0.21896,-0.073512,-0.07939,0.330049,0.049544,-0.326558,0.345442,-0.493872,-0.236141,-0.161544,-0.328861,-0.341917,-0.182205,0.372487,-0.416712,-0.201562,-0.303491,-0.084924,-0.323488,-0.054156,-0.379194,-0.179184,-0.243853,0.17568,0.31989,0.023196,0.184683,0.17777,0.030727,0.324494,0.399753,-0.16984,0.087531,0.42947,0.158421,-0.333524,0.277414,-0.008983,0.111345,0.186202,0.155429,-0.070874,0.186202,0.337565,0.045034,0.532625,-0.09556,0.213677,0.442276,0.095808,0.224712,0.280327,0.579513,0.29219,0.355398,0.198203,#
