0,1.0,0.326548,0.024117,-0.180768,0.246734,0.153987,0.163827,-0.152936,0.333154,0.127176,-0.31975,0.015563,-0.039416,0.408503,0.386362,-0.153361,-0.125863,0.041891,-0.182487,-0.043186,-0.351097,-0.287259,-0.30022,-0.284489,0.476813,-0.406549,0.283082,-0.104697,0.125759,0.056556,-0.343665,0.123367,-0.120195,-0.178913,-0.108916,0.268085,0.160567,-0.184385,-0.228741,0.14255,-0.013957,-0.024933,-0.286377,-0.22872,0.267761,-0.319619,0.208512,0.147905,-0.162619,0.013231,-0.141223,-0.230401,0.06944,0.186557,-0.246899,-0.039442,-0.026417,-0.075236,-0.147837,0.260149,0.121247,0.629803,0.332005,-0.265884,-0.432427,-0.014599,0.0,0.268464,0.017578,0.009326,0.048374,-0.087145,0.122733,0.032258,0.231067,-0.214315,-0.326875,-0.437961,0.020295,-0.026498,0.058472,-0.293132,-0.006425,-0.391144,-0.163318,0.033488,-0.184307,-0.172821,-0.081953,-0.389533,-0.136643,-0.336326,0.005366,0.033544,-0.182985,-0.164106,-0.011942,0.01534,-0.163318,-0.164492,-0.289817,-0.362919,-0.21923,0.235395,-0.080797,-0.123689,0.135498,-0.186272,0.018034,-0.588733,0.335853,0.0,-0.101516,-0.226145,0.046655,-0.421031,-0.167697,-0.277141,0.196906,-0.302542,0.097266,-0.100852,-0.235146,0.00166,0.240495,-0.062831,-0.231367,0.226095,-0.165462,-0.101108,0.053229,-0.101108,-0.310018,0.031005,0.278679,-0.173507,0.271886,-0.09852,0.251018,-0.099254,0.271886,-0.345503,0.150055,-0.416915,-0.201921,-0.215383,-0.143335,0.384142,-0.168839,0.118899,-0.363899,0.084346,0.511138,-0.220936,0.27364,0.018887,0.084896,0.232018,0.071572,-0.160479,-0.218213,-0.220838,0.090118,0.153125,-0.048393,0.28187,-0.194624,0.37775,0.10656,-0.467103,-0.106787,0.158721,0.047673,-0.139968,-0.130277,-0.120852,0.088578,-0.056681,0.310633,-0.64387,0.160549,0.216973,-0.234612,0.099234,0.156492,-0.151093,0.306686,-0.153504,-0.115673,0.151218,-0.223063,-0.156519,0.241673,0.390369,0.06555,-0.022399,-0.216125,-0.152158,0.124045,-0.029555,#
1,0.326548,1.0,-0.288989,-0.131662,0.217075,0.133336,-0.004838,-0.180844,0.165498,0.180078,-0.168638,-0.181416,0.195464,0.269126,0.081969,-0.159159,-0.416665,0.159012,-0.022882,0.15791,0.317938,0.344436,0.341837,0.216909,0.157849,-0.377344,0.54106,-0.054537,0.236218,0.253654,-0.353157,-0.122643,0.233967,-0.442725,-0.008685,-0.030244,0.319998,-0.681265,0.067172,-6.9e-05,0.351527,0.537621,0.184347,-0.129732,0.167969,0.15045,0.02015,0.434454,0.027294,-0.176534,-0.234633,-0.595102,0.014207,-0.431058,-0.172439,-0.027433,-0.049199,0.374998,-0.068763,0.363255,0.196824,-0.017615,0.175309,-0.083729,-0.061062,0.477156,0.0,0.401699,0.313182,0.119858,-0.420584,-0.193981,0.285494,-0.085862,-0.229073,-0.013214,-0.182133,-0.244971,-0.098213,-0.213759,-0.385599,-0.755838,-0.268429,-0.381212,0.020698,-0.412826,0.303318,-0.617546,-0.24152,-0.165091,-0.343841,-0.270005,-0.255524,0.082039,-0.33325,-0.035375,-0.358136,-0.257605,-0.286274,-0.43194,0.240055,-0.10564,-0.211704,0.169089,0.278853,-0.229236,-0.227161,-0.512548,-0.07448,-0.234689,0.348582,0.0,-0.198037,-0.321373,-0.058206,-0.307279,-0.143139,0.114409,-0.092645,-0.416173,0.035748,-0.368117,-0.434077,-0.451777,0.022228,-0.368212,-0.050493,0.276962,-0.243513,-0.386524,-0.181772,-0.386524,-0.359733,-0.159734,-0.216932,-0.442761,-0.180844,-0.181538,0.28921,-0.761696,-0.180844,-0.216605,-0.308023,-0.346286,0.12855,-0.246825,-0.308463,0.38989,-0.307063,0.03039,-0.445113,-0.394067,-0.086664,-0.261253,-0.070334,-0.060324,-0.24276,0.534721,-0.114578,-0.607393,-0.043664,0.041392,-0.381986,0.179192,-0.334608,0.299556,-0.06361,-0.015498,-0.187363,-0.190489,-0.117564,0.294222,-0.251688,-0.198945,0.211677,-0.588705,-0.261137,-0.259517,0.425857,-0.408134,0.65148,-0.105459,-0.342346,0.4262,0.284263,-0.466419,-0.066769,-0.037413,-0.108176,0.512338,-0.368212,0.354674,0.358739,0.191064,0.002235,-0.33042,-0.090713,-0.334423,0.061626,0.059806,#
2,0.024117,-0.288989,1.0,0.046028,0.088039,0.294219,0.185471,0.248513,0.518741,-0.182559,0.009368,0.336289,-0.320465,0.107819,-0.308341,-0.162688,-0.071077,0.14219,0.102048,-0.061278,-0.299339,-0.279613,-0.121333,-0.112039,0.156032,-0.086238,0.013043,0.071537,0.258283,-0.061419,-0.011411,0.347738,-0.487522,0.174644,-0.04181,0.003019,0.126809,-0.058817,0.237731,-0.318805,-0.131121,0.028733,-0.077057,-0.078305,-0.211631,-0.098603,0.212253,-0.07982,-0.122164,0.324193,0.187098,0.255891,-0.146379,0.063335,-0.162805,-0.158041,-0.114855,0.149561,-0.463016,-0.133142,0.17846,-0.039873,-0.208961,-0.144238,0.046818,-0.178655,0.0,0.210978,-0.099353,0.312965,0.329263,0.313165,0.077143,0.131641,0.076019,0.12897,-0.153333,-0.029357,-0.100208,-0.197366,-0.188741,0.1884,0.074899,0.603895,0.18204,0.304071,-0.333094,0.175642,-0.036857,-0.159971,0.313181,0.263829,0.16606,0.056809,-0.023773,-0.024937,0.290482,-0.224315,0.354781,0.0827,0.27042,-0.107205,-0.073387,0.152662,-0.04459,-0.005827,0.277635,0.438753,-0.2469,0.133579,-0.113667,0.0,0.174234,0.240825,-0.084875,0.268587,-0.297391,-0.151042,-0.069893,0.402536,-0.164941,0.133966,0.267208,-0.005888,-0.253075,0.273456,0.132097,-0.262975,-0.432909,0.049957,0.202703,0.282424,0.028314,0.223846,-0.169511,-0.031688,0.232623,0.142399,0.143826,0.227413,0.232623,0.265449,-0.270923,-0.441706,0.00994,-0.219834,0.380808,0.031919,-0.047867,0.041191,0.343571,-0.036857,0.420066,0.359009,0.011161,-0.236635,0.229537,-0.06018,0.408028,0.058552,-0.006868,-0.260648,0.58878,0.18588,0.34634,-0.322883,-0.031366,-0.316994,0.084407,-0.173933,0.217099,0.056446,0.322252,0.00688,-0.125867,0.0405,0.017962,0.527105,-0.115495,-0.152514,-0.189482,0.216283,0.457752,-0.377162,-0.249718,0.524784,0.113681,-0.026038,-0.372636,0.157065,-0.029373,-0.187073,-0.177903,0.026765,-0.380906,0.029065,0.116891,-0.244919,0.096155,0.100287,#
3,-0.180768,-0.131662,0.046028,1.0,0.229282,-0.208036,0.294988,0.240026,-0.308354,0.315786,-0.174287,-0.007334,0.181266,-0.218028,-0.122495,0.155358,-0.065233,-0.004251,-0.145251,0.174357,0.170266,0.041392,0.006335,0.05669,-0.247494,-0.063998,-0.233114,-0.06822,0.040815,-0.093283,0.30266,-0.240956,0.075199,0.564944,0.013272,-0.17371,-0.015513,0.302642,0.067911,-0.005666,0.028288,0.057385,0.016303,-0.460926,0.178328,-0.06077,-0.437277,-0.045033,0.147984,0.146483,0.176533,-0.071427,0.234265,0.052382,-0.434459,-0.304277,-0.077567,0.198095,0.23146,-0.160212,-0.326551,0.172065,0.019999,0.183132,-0.163681,-0.075861,0.0,-0.146834,-0.097748,0.087583,-0.09998,-0.157421,0.277614,0.403549,0.08758,-0.473103,0.052737,0.301121,0.263496,-0.015488,-0.010603,0.225822,-0.104634,0.110965,0.1829,0.118539,0.150412,0.034725,0.122774,0.018604,-0.191303,-0.083034,0.343937,-0.111253,0.134435,-0.03748,-0.197526,0.098178,0.037863,0.253117,0.20275,-0.101644,0.438982,0.406398,0.248761,0.004083,-0.048027,-0.031431,-0.441719,-0.195934,-0.158108,0.0,0.169157,0.264369,0.083956,0.467701,0.339152,0.047992,-0.071271,0.118344,0.25418,0.163358,-0.080412,0.029506,-0.236814,0.445325,-0.039423,-0.040421,0.206223,0.280765,-0.137459,0.280765,0.546922,0.474193,0.152964,0.557302,0.22444,-0.011,-0.194175,0.228352,0.22444,0.353239,0.251368,-0.034784,0.329321,0.330793,0.042639,-0.136463,0.191311,-0.176038,-0.103765,-0.183636,-0.077786,0.346748,0.167434,0.334687,-0.341215,0.083413,0.39066,0.255011,0.475469,0.323445,0.106408,0.183709,0.160042,-0.171858,-0.016276,-0.256923,0.294107,0.534303,0.071786,-0.256465,-0.058861,0.190213,-0.435484,0.384084,-0.261071,-0.137262,-0.443822,-0.132566,-0.00683,-0.458244,0.523148,0.039556,-0.486517,0.163981,-0.243526,0.00762,-0.013782,-0.466058,0.115083,-0.159844,-0.542874,0.126021,0.397124,0.196208,0.144073,0.096729,0.074798,0.275688,#
4,0.246734,0.217075,0.088039,0.229282,1.0,-0.275265,0.262552,0.157767,0.044301,0.076885,-0.114624,0.047312,-0.052426,-0.146198,0.080564,-0.107312,0.161813,-0.098181,0.009406,0.315212,0.024924,-0.22135,0.074877,0.201753,0.001439,-0.029575,0.184922,0.118631,0.378307,-0.014448,-0.188247,-0.039694,-0.093455,-0.010068,0.276291,-0.028367,0.153068,-0.431344,-0.310386,0.090325,0.077026,0.134848,-0.115375,-0.416387,0.356609,0.292114,-0.155235,0.210498,0.422889,0.055458,-0.100516,-0.413379,0.098712,-0.473074,-0.3429,-0.236035,0.164866,-0.237687,0.051082,-0.062972,-0.217233,0.318272,0.008523,0.165435,-0.15596,-0.099358,0.0,-0.140977,-0.103899,-0.045234,-0.019055,-0.156768,0.143438,-0.034669,-0.006041,-0.338478,-0.104367,-0.029627,-0.1697,-0.090135,-0.220956,-0.120092,-0.333247,0.123694,-0.106486,-0.020066,-0.127501,-0.274556,0.273217,-0.226039,-0.122963,-0.119693,0.204005,-0.336517,-0.408849,-0.409628,-0.420611,-0.200428,-0.422939,-0.14504,-0.070295,-0.31957,-0.22038,0.285859,-0.040493,0.126547,0.068608,-0.238319,-0.235262,-0.047485,0.218579,0.0,0.149957,-0.11124,-0.34566,0.292247,0.044409,-0.25888,0.030106,-0.008091,0.106093,-0.215807,-0.2132,-0.428654,-0.058255,-0.042611,-0.212398,0.062636,0.134814,-0.312885,0.205684,-0.074439,0.212622,0.337131,-0.273464,-0.029546,0.141469,-0.206823,-0.159608,-0.172689,0.141469,-0.121643,-0.016627,-0.185192,-0.075328,0.133461,0.175403,-0.220486,-0.169588,-0.313361,-0.247444,-0.060376,0.034187,0.25146,0.405988,-0.219332,-0.262213,0.369775,-0.170898,-0.32289,0.27065,-0.360549,-0.028529,-0.099932,-0.251025,0.088999,0.220598,0.133778,0.142442,-0.196328,-0.005032,0.431166,-0.416382,0.205684,-0.00565,-0.137171,-0.360549,0.179392,0.111434,-0.443204,0.043401,-0.125509,0.243689,-0.041756,-0.119725,-0.13154,-0.125696,-0.110185,0.03189,-0.283822,-0.042611,0.209635,0.018939,-0.030657,-0.171148,-0.140248,0.479436,-0.106671,0.122886,0.283509,#
5,0.153987,0.133336,0.294219,-0.208036,-0.275265,1.0,0.03654,0.172669,0.608017,0.014518,0.194507,0.181943,-0.489871,0.068423,-0.25248,-0.145399,-0.101503,-0.033418,0.066102,-0.176321,-0.060486,0.128285,0.370748,-0.31071,0.438839,-0.213187,0.198216,0.087051,-0.051105,0.254674,-0.341136,-0.020974,-0.192786,0.015049,-0.309648,0.179408,-0.06817,-0.062766,0.323072,-0.104881,0.198045,0.033159,0.305896,-0.218961,-0.321763,0.184056,0.265095,0.000824,-0.037467,0.164035,-0.138923,0.081778,-0.028488,0.037188,0.200797,0.509979,-0.469059,0.386976,-0.323792,0.432927,0.286807,-0.011729,0.233868,0.03476,-0.169181,0.135478,0.0,0.363096,-0.045628,0.200923,0.090482,0.00922,0.177232,-0.266888,-0.294601,0.476073,0.150855,-0.134201,0.247373,-0.003669,-0.342091,-0.228876,-0.075384,0.20067,-0.054881,0.033721,-0.190212,-0.039388,0.005964,-0.011388,0.162438,-0.098978,-0.174077,0.253017,-0.137259,0.054988,0.33773,0.039203,0.125991,-0.277792,0.192308,0.098014,0.181043,0.050658,0.041239,-0.210905,0.335745,0.009665,0.221855,0.200345,-0.134676,0.0,-0.019369,-0.082238,0.22829,-0.448454,-0.209232,-0.166742,0.259594,0.042518,0.15783,-0.186717,-0.095128,-0.207164,0.041418,-0.130924,0.349799,0.322527,-0.391657,0.150855,-0.057434,0.150855,-0.20131,-0.197005,0.003505,0.023016,0.156562,-0.00329,0.291515,-0.401617,0.156562,-0.077223,-0.090847,-0.133421,-0.01399,-0.334301,0.09687,0.189905,-0.003184,-0.066338,-0.003501,-0.156887,0.311645,-0.041419,-0.01967,0.029727,-0.061529,-0.08144,0.083792,0.074888,-0.153248,0.271926,-0.130805,0.124884,0.306338,-0.141432,-0.392182,-0.269844,-0.28136,-0.160573,0.095323,0.095187,0.446765,-0.242249,0.086331,-0.392453,-0.049707,0.268094,0.06263,-0.174771,-0.005731,-0.061632,-0.15233,0.142801,-0.115503,-0.018822,0.152328,-0.033527,-0.149129,0.458735,-0.143432,-0.02124,-0.02978,0.223387,-0.04212,0.274447,0.042363,-0.282333,-0.304264,-0.070155,#
6,0.163827,-0.004838,0.185471,0.294988,0.262552,0.03654,1.0,0.17896,-0.009639,0.354106,0.021535,0.00889,0.143101,-0.135255,0.069027,0.324896,-0.100239,-0.015142,0.032779,-0.161935,0.210453,-0.193683,0.152017,-0.233097,0.052607,-0.287163,0.070368,-0.014109,-0.029932,0.069516,-0.310506,0.14528,0.096461,0.02485,0.189963,-0.339648,0.041278,-0.138484,-0.061228,0.161806,-0.164935,-0.002769,0.125118,-0.352599,0.086055,0.026873,-0.062533,0.086809,0.196542,0.178111,0.231704,-0.14968,0.142946,0.063075,-0.081835,0.086779,0.081743,-0.147763,-0.360139,0.124475,-0.22539,0.183531,-0.059547,-0.096863,-0.407549,-0.171045,0.0,-0.040717,-0.102711,0.261101,0.22652,-0.31312,0.188383,0.177156,-0.109419,0.007354,0.129354,-0.286032,-0.089833,-0.151413,-0.209048,-0.07242,0.067493,0.060986,-0.184365,0.219473,-0.173029,0.118064,0.156518,-0.315737,0.022657,-0.095672,0.238982,-0.072425,0.172349,0.020863,0.006656,-0.129855,-0.208106,0.049214,-0.292189,-0.247266,0.018975,0.324182,0.044584,-0.036125,0.327962,0.172349,-0.391139,-0.068627,-0.158349,0.0,-0.162509,-0.107343,-0.269547,-0.054242,-0.074796,-0.301795,-0.089253,0.068436,0.163752,-0.16686,0.078262,-0.219805,-0.371416,0.218639,0.026169,0.185046,-0.200996,-0.047601,0.003461,-0.047601,-0.00065,0.275983,0.003493,0.225997,0.162631,-0.386133,-0.100294,0.072706,0.162631,0.133247,0.238075,-0.312543,-0.267408,-0.294466,0.146193,0.31486,-0.182613,0.126268,-0.348088,-0.30206,0.072043,-0.036326,0.343472,0.215827,-0.152138,0.169624,-0.066226,-0.267392,0.022498,-0.02789,0.023611,0.149866,0.123935,-0.17095,-0.008471,-0.064503,0.187281,-0.147219,0.070164,0.040734,0.06411,-0.214098,-0.097838,0.086768,-0.088519,0.295795,-0.147186,-0.456457,-0.344227,-0.074954,0.457137,0.173554,-0.402279,0.075082,0.056583,-0.523115,0.026174,-0.196866,-0.150517,0.000533,0.1473,0.243417,0.284969,0.404667,-0.118021,-0.131061,0.041326,-0.25496,#
7,-0.152936,-0.180844,0.248513,0.240026,0.157767,0.172669,0.17896,1.0,-0.180741,-0.152181,0.139554,-0.271726,-0.152397,-0.165946,-0.114215,-0.270805,-0.166502,-0.271844,-0.293731,-0.075364,0.164378,0.159348,0.146028,0.220475,-0.102004,0.255251,0.123188,0.141263,0.086973,-0.166459,0.1936,-0.186296,-0.112536,0.415687,0.188252,-0.127228,0.252048,0.222626,-0.114647,-0.229155,0.266457,0.303712,0.13611,-0.238333,-0.125661,0.005858,0.18614,0.032453,0.048245,-0.271686,-0.462948,0.161041,-0.087821,0.067092,0.05698,-0.197662,-0.296611,0.030261,0.104782,0.065546,0.010687,-0.121162,-0.394252,0.078588,0.131108,0.11325,0.0,0.118584,-0.044041,0.137599,-0.291133,0.130573,0.473033,0.265818,-0.166559,-0.107704,0.475381,0.227527,-0.139902,0.195682,-0.12714,0.203078,-0.13986,0.221973,-0.180817,0.263759,-0.271243,0.238603,0.225613,-0.153028,0.163506,-0.139967,-0.101928,-0.139948,0.189103,0.413851,0.190795,0.266112,0.238603,0.300544,-0.015204,-0.13986,0.225969,-0.075346,0.221859,-0.126981,0.199359,0.189103,-0.101798,0.225258,0.065563,0.0,-0.127224,0.372085,0.264048,0.363242,-0.180805,-0.290488,-0.139386,0.263326,-0.088995,-0.127236,0.15,-0.180807,-0.519284,0.220018,0.22384,0.149013,0.118734,0.475381,0.142697,0.475381,0.139988,-0.209541,0.199033,0.419643,-0.041667,-0.127223,0.127085,0.177481,-0.041667,0.135152,-0.139386,0.138543,0.192202,0.137554,-0.211963,-0.17793,0.106761,-0.088845,0.135637,0.225613,-0.075344,0.692219,0.200849,-0.101756,0.162225,-0.240728,0.179012,-0.139944,0.192304,-0.060166,0.22384,0.242828,0.280034,0.20108,-0.10176,-0.242841,-0.088863,-0.12726,-0.241225,0.191728,-0.102012,0.142697,-0.241098,0.204874,-0.060166,0.183035,-0.293141,0.122204,-0.265066,0.145964,0.171891,-0.399521,-0.374832,0.170559,-0.237527,0.16942,0.273345,-0.17112,0.220018,-0.317613,-0.321977,0.20471,0.175144,0.304307,0.135035,0.200155,-0.29683,-0.114008,#
8,0.333154,0.165498,0.518741,-0.308354,0.044301,0.608017,-0.009639,-0.180741,1.0,0.022611,-0.161348,0.328784,-0.310255,0.449001,-0.118058,-0.163998,-0.068567,0.299023,0.271285,0.180782,-0.452126,-0.258146,0.192113,-0.43475,0.348421,-0.202925,0.220312,0.091364,0.235993,0.279361,-0.522238,0.197625,-0.274295,-0.04911,-0.182578,0.34283,-0.042256,-0.367339,0.056309,-0.186856,0.013841,0.001038,-0.066866,-0.125228,-0.026491,0.089462,0.539279,0.180138,0.11825,0.32306,-0.029213,0.089861,-0.162289,-0.080758,-0.156581,0.383775,-0.093473,0.32046,-0.459375,0.345486,0.197192,0.122969,0.055293,-0.067233,-0.112242,0.175761,0.0,0.387511,0.136049,0.092541,0.199174,0.064715,-0.160768,-0.058337,-0.263047,0.215667,-0.180575,-0.221305,0.052856,-0.055934,-0.185116,-0.293612,-0.091604,0.275403,0.170295,0.076063,-0.38831,-0.150915,-0.083153,0.008711,-0.029661,0.079092,-0.257665,0.24193,-0.355649,-0.227565,0.288739,-0.273067,0.017424,-0.453112,0.171684,-0.091989,-0.081113,0.13897,-0.38355,-0.061576,0.273573,-0.04396,0.124607,-0.064265,0.097002,0.0,0.144294,0.06744,-0.251344,-0.298369,-0.150486,-0.179494,0.27951,-0.094171,0.034689,-0.215326,-0.084632,-0.323334,0.067762,-0.048477,-0.07861,-0.081809,-0.468323,-0.180575,-0.029392,0.05468,-0.354403,0.032391,-0.3987,-0.259979,0.205182,0.15684,0.36565,-0.259735,0.205182,-0.224298,-0.10917,-0.369594,-0.060353,-0.441749,0.358471,0.235702,-0.115188,0.038007,0.116409,-0.258736,0.399516,0.052499,0.096853,-0.250655,0.214807,0.245127,-0.116444,0.072293,-0.368828,-0.260988,0.112157,0.186307,0.157777,-0.204023,-0.052759,-0.150524,-0.176632,-0.361075,0.212669,0.2391,0.362064,-0.213897,0.206319,-0.290847,0.020964,0.228865,0.216276,-0.304855,0.305256,0.217462,-0.073489,-0.010544,0.131241,0.154886,0.43074,-0.045156,-0.563134,0.483699,-0.227929,-0.020372,0.168531,0.041081,-0.439434,-0.019537,0.08387,-0.417839,0.058422,0.102038,#
9,0.127176,0.180078,-0.182559,0.315786,0.076885,0.014518,0.354106,-0.152181,0.022611,1.0,0.019459,0.012744,0.361803,0.0814,-0.018546,0.411265,0.028996,0.031543,0.003391,-0.012382,0.219051,0.237148,0.079432,-0.284263,0.044818,-0.25247,-0.096236,-0.359242,-0.061366,0.057509,-0.175548,-0.086554,0.203398,0.057937,0.266299,0.082749,-0.060558,-0.359861,-0.082133,0.165489,-0.136414,0.011013,0.124844,-0.337203,0.149636,0.071937,-0.098659,-0.146992,0.062582,0.031375,0.113522,-0.341607,0.109597,-0.072621,-0.246901,0.13546,-0.207568,0.295556,-0.110512,-0.156992,0.103756,0.104845,0.137668,0.346353,-0.398879,0.030254,0.0,-0.042746,0.036623,0.058645,-0.044776,-0.442533,-0.087027,-0.121686,0.041678,-0.230303,-0.085978,0.07179,-0.128842,-0.170043,-0.096481,-0.125224,-0.004235,-0.241373,-0.020227,-0.145707,0.176018,0.002948,-0.052142,0.170917,-0.314223,-0.185756,0.213225,-0.144644,-0.129531,-0.145538,-0.314585,0.062234,-0.53047,-0.008492,0.176877,0.032415,-0.023559,0.25225,-0.04297,0.035437,0.023578,-0.015994,-0.188733,-0.08635,-0.188146,0.0,-0.123148,-0.032962,-0.26325,0.126559,-0.144839,-0.021577,0.053964,0.072711,0.146559,0.062305,-0.202076,-0.179206,-0.261914,0.278658,-0.407402,-0.217821,0.162065,0.144102,-0.308449,-0.085978,0.098318,0.312799,-0.042064,0.061203,-0.152181,-0.464661,-0.001673,-0.07524,-0.152181,-0.125272,0.198785,-0.132437,-0.035237,0.066122,0.030721,0.100455,-0.169082,-0.096224,-0.248338,-0.269274,-0.275181,-0.219846,0.133958,0.064865,-0.009805,0.268512,-0.095684,-0.137071,0.142935,0.108192,-0.080827,0.1848,-0.208545,-0.179656,0.030266,0.096713,-0.13966,0.252319,0.239489,-0.162117,0.286529,-0.131824,0.108379,-0.122374,-0.219748,-0.240665,-0.401588,-0.364413,0.031222,-0.121813,0.193691,0.343513,-0.194821,-0.14721,0.079331,-0.304952,0.11714,-0.163249,-0.410563,0.243572,0.057749,-0.015259,0.285215,0.207623,-0.02055,-0.127774,-0.051571,-0.029123,#
10,-0.31975,-0.168638,0.009368,-0.174287,-0.114624,0.194507,0.021535,0.139554,-0.161348,0.019459,1.0,0.498992,-0.276838,-0.403315,-0.165897,0.16174,0.424409,-0.375132,-0.089601,-0.491736,0.19748,0.11052,0.152717,0.148988,-0.038652,0.093295,-0.268061,-0.047525,0.268628,0.100777,-0.153009,0.060121,-0.515406,-0.043972,0.527311,0.084979,0.063052,0.047635,0.250723,0.380932,-0.294004,0.067338,0.098983,0.034333,-0.253804,0.553774,-0.231674,-0.302795,0.167854,-0.019508,0.192495,-0.163086,-0.088155,-0.010681,0.487625,0.02913,-0.364877,-0.070279,-0.186277,-0.243488,-0.085843,-0.289076,0.079059,0.215788,0.126177,-0.145884,0.0,-0.239275,-0.03649,-0.388203,0.001358,0.013582,0.102276,-0.396818,-0.053271,0.32731,-0.135206,0.060098,-0.018247,-0.365662,-0.26937,-0.05199,-0.177083,0.076036,-0.162299,-0.090013,-0.191638,0.166436,-0.295309,-0.114535,0.150511,-0.18447,-0.015381,-0.203315,0.013451,-0.034086,-0.323193,-0.067904,-0.165612,-0.015606,0.116977,0.185132,-0.280963,-0.491619,-0.08679,-0.083693,-0.151195,0.195206,-0.265458,0.556818,-0.491081,0.0,-0.263892,-0.16709,-0.051948,0.036848,-0.177354,-0.0991,-0.240973,0.455027,-0.348068,0.107608,-0.312498,0.003567,0.071208,-0.114371,0.065496,-0.102631,-0.101794,0.096644,0.244875,-0.135206,-0.061762,0.028665,-0.000873,0.155323,-0.271867,-0.26625,-0.192822,-0.091751,-0.271867,0.334694,0.160538,0.154588,-0.163454,-0.053388,0.1146,-0.168877,-0.119132,-0.372341,-0.04602,-0.115612,-0.244016,-0.095572,-0.361056,-0.254862,-0.015655,-0.275013,-0.073426,-0.023609,0.189179,0.224599,-0.41891,-0.348259,-0.300521,-0.156211,-0.266207,-0.085371,-0.11202,0.099722,0.094428,-0.2632,-0.027435,-0.468473,0.264768,-0.239854,-0.392573,0.276978,-0.14445,0.155122,-0.205178,0.093941,0.273412,0.26791,0.013263,-0.206761,-0.046141,-0.053006,0.506762,0.012539,-0.282327,0.497654,-0.088736,-0.159396,0.100309,0.177593,0.378489,-0.290845,-0.323163,-0.012763,#
11,0.015563,-0.181416,0.336289,-0.007334,0.047312,0.181943,0.00889,-0.271726,0.328784,0.012744,0.498992,1.0,-0.29021,-0.049724,0.027201,0.135195,0.431354,-0.22786,0.060263,-0.216946,-0.225816,-0.247523,0.002074,-0.080365,0.167278,0.048584,-0.289948,0.090482,0.464814,0.268102,-0.33175,0.301098,-0.733896,-0.050307,0.079317,0.288344,-0.172421,-0.010797,0.42962,0.35518,-0.175956,-0.170149,-0.138264,-0.156197,0.090779,0.29064,-0.048105,-0.306909,0.266378,0.321041,0.406856,-0.001667,-0.349052,0.085758,-0.029603,0.100294,-0.357831,-0.065464,-0.307659,-0.241817,-0.148478,0.057769,0.261532,-0.003401,0.073278,-0.130116,0.0,-0.062835,0.092569,-0.247413,0.304321,-0.017443,-0.119674,-0.067415,-0.084998,0.093294,-0.580768,-0.093589,-0.035168,-0.361367,-0.069294,-0.054149,-0.01609,0.394603,-0.014673,-0.09223,-0.22416,-0.186866,-0.140312,-0.27758,-0.053897,-0.170366,-0.034798,-0.213145,-0.167481,-0.237717,-0.168328,-0.431942,-0.002164,-0.205734,0.122918,0.007572,-0.305616,-0.014895,-0.282794,0.085373,-0.176346,-0.001633,-0.26532,0.051774,-0.500127,0.0,-0.273554,0.029838,-0.414479,0.051923,-0.028193,-0.209341,-0.050126,0.093224,-0.369586,0.090539,-0.314688,-0.011967,0.225715,0.038595,-0.287989,-0.373241,-0.34554,-0.349039,0.049851,-0.340127,-0.081787,0.300438,-0.185832,-0.069906,0.123033,-0.090746,0.027631,-0.093951,0.123033,0.313438,0.143079,-0.245944,-0.338804,-0.263304,0.437708,0.03659,0.091154,-0.372148,0.008411,-0.131073,-0.00119,-0.07176,-0.363134,-0.274814,0.139353,-0.245246,0.084108,0.151606,0.013553,-0.08089,-0.098745,-0.343991,-0.141195,-0.336081,-0.041667,-0.24837,0.101658,0.114138,0.245894,-0.194524,-0.038992,-0.488377,0.226219,-0.241925,-0.392369,0.057908,-0.011996,-0.172802,-0.056582,0.118286,0.377512,0.212596,0.186561,-0.03873,0.266436,-0.22965,-0.038189,-0.024766,-0.455158,0.455756,-0.131057,0.046178,0.020481,0.118498,0.53485,-0.36746,-0.164253,0.428104,#
12,-0.039416,0.195464,-0.320465,0.181266,-0.052426,-0.489871,0.143101,-0.152397,-0.310255,0.361803,-0.276838,-0.29021,1.0,0.026078,0.315219,0.381975,-0.445095,0.033896,0.14175,-0.015878,0.345319,0.249762,0.011958,-0.067909,-0.162971,-0.090146,0.236608,0.033733,0.002166,0.055362,0.001191,0.067915,0.26149,-0.156211,0.078152,-0.272872,-0.024343,-0.211726,-0.236647,0.148024,-0.041906,0.156534,0.078246,0.331471,0.297759,-0.358076,-0.12162,0.092865,-0.137504,-0.286744,0.07519,-0.032424,0.094167,-0.118413,-0.255151,-0.081128,-0.016017,0.060704,-0.109473,0.006447,-0.267787,0.084465,-0.287319,0.056074,0.102513,0.361044,0.0,0.085626,0.257985,-0.157399,-0.218561,-0.014876,-0.090304,0.363032,0.088028,-0.409426,-0.143834,-0.244139,-0.144365,-0.023015,0.057191,-0.294636,0.184625,-0.216941,0.025335,-0.469603,0.211345,0.007689,-0.243119,0.168435,-0.108918,-0.368996,-0.176481,0.022663,0.162191,0.233607,-0.186364,0.054626,-0.350479,-0.000962,0.073002,-0.155813,0.093773,0.245627,0.123065,-0.114422,-0.029309,-0.013418,-0.198659,-0.195298,0.329342,0.0,-0.270335,0.126579,-0.087833,-0.019098,0.152731,0.189722,-0.330394,-0.060691,-0.106196,-0.078499,-0.206842,-0.172243,-0.301896,0.145242,-0.405293,-0.188527,0.115997,-0.089267,-0.425033,-0.325723,0.123554,0.010362,-0.182702,0.043875,-0.152397,-0.117515,-0.044339,0.089827,-0.152397,0.108847,0.020837,-0.181874,-0.133165,0.104583,-0.268286,0.317002,-0.363124,0.095824,0.061651,-0.226904,-0.275571,-0.220157,-0.360293,0.00648,0.030617,0.068011,-0.230883,-0.152282,-0.152884,-0.22006,0.093246,0.012754,-0.25534,-0.026174,0.017923,-0.097942,0.110399,-0.081609,-0.107533,0.097661,0.057169,0.078861,0.261807,0.040957,0.029221,-0.262968,-0.051717,-0.026702,0.238673,-0.139068,0.025609,0.202232,0.201991,0.029215,0.010763,0.03899,0.122266,0.023664,-0.07595,0.120536,0.271112,0.121098,0.030805,0.154475,-0.146089,0.16961,0.138277,-0.03429,#
13,0.408503,0.269126,0.107819,-0.218028,-0.146198,0.068423,-0.135255,-0.165946,0.449001,0.0814,-0.403315,-0.049724,0.026078,1.0,0.266929,-0.100553,0.00878,0.25644,-0.15657,0.231537,-0.398078,-0.072348,-0.104808,-0.441438,0.191501,-0.02961,0.159478,-0.211847,0.043095,0.17253,-0.273053,0.088382,-0.005168,-0.184465,-0.10703,0.223411,-0.002395,-0.168704,0.112454,-0.315374,0.009119,0.018889,-0.321798,0.031267,0.178393,-0.389514,0.615409,0.091857,-0.242926,0.132569,-0.119725,0.044428,-0.184195,0.204085,-0.471904,0.17104,0.20915,0.190146,0.125046,0.283558,0.115238,0.200284,-0.08562,-0.18503,-0.194034,0.189825,0.0,0.488623,0.285818,0.09588,-0.0199,0.108415,-0.122851,0.317509,-0.168572,-0.218382,-0.17556,-0.003476,-0.385027,0.202977,0.191038,-0.218311,0.111119,-0.109584,0.126166,0.139141,-0.111516,-0.266484,-0.167987,-0.263833,-0.227678,0.122509,-0.212612,0.332468,-0.280426,-0.029814,0.224147,-0.061325,0.259267,-0.236003,0.026899,-0.031544,-0.166021,-0.0558,-0.125729,-0.199753,0.027758,-0.132985,0.145659,-0.31084,0.354176,0.0,-0.132906,0.278364,0.001533,-0.252085,-0.245306,0.0286,0.176969,-0.493886,-0.138471,-0.136341,0.024841,-0.0902,0.1197,-0.112757,-0.316476,-0.049856,-0.306468,-0.143218,-0.022113,0.098597,-0.580239,-0.092958,-0.141905,-0.406287,-0.165946,0.201918,0.296349,-0.016385,-0.165946,-0.42546,-0.064156,-0.2344,-0.088443,-0.442804,-0.023543,0.44461,0.100512,0.495733,0.076351,-0.174671,-0.046027,0.082616,0.029365,-0.032369,0.502224,0.30199,0.021726,-0.020857,-0.421534,-0.239624,0.338008,0.607571,0.216688,0.193207,0.161243,-0.040262,-0.148726,-0.310565,0.122058,0.044824,0.194666,0.105146,0.109398,-0.043452,0.295678,-0.330566,0.153712,-0.252314,0.446052,0.284639,-0.311028,-0.22602,0.26699,-0.069784,0.257225,0.077664,-0.421846,0.253399,-0.142827,-0.244936,0.28345,0.102086,0.028529,-0.277974,-0.509391,-0.16992,0.199359,0.159153,#
14,0.386362,0.081969,-0.308341,-0.122495,0.080564,-0.25248,0.069027,-0.114215,-0.118058,-0.018546,-0.165897,0.027201,0.315219,0.266929,1.0,0.170101,0.109167,-0.185377,-0.267212,-0.206586,-0.193492,-0.325269,-0.030058,-0.309266,-0.034777,-0.02176,0.132582,-0.248629,0.062497,-0.065631,-0.269215,0.34608,0.038864,-0.279611,-0.039592,-0.141399,-0.040939,0.081935,-0.1014,0.06309,0.206978,-0.113684,-0.545817,-0.027755,0.731238,-0.500854,0.336997,-0.0028,-0.119869,-0.162969,-0.34672,0.133367,-0.240732,-0.08619,-0.12222,0.235458,-0.015979,-0.48379,0.079106,0.145692,-0.349074,0.49368,0.050915,-0.217207,0.11195,0.064366,0.0,-0.116228,0.180629,-0.346388,0.210325,0.184364,-0.244162,0.300743,0.128889,-0.313291,-0.032169,-0.211704,-0.179784,0.46984,0.035473,-0.241854,0.004877,-0.166633,-0.104978,0.064521,-0.000621,-0.152226,-0.00464,-0.419475,0.046302,-0.217116,-0.279401,0.239239,0.10298,0.165863,0.105956,-0.12415,-0.133414,-0.003272,-0.530519,-0.383381,-0.004647,0.082511,-0.147812,-0.170748,-0.088399,-0.101651,0.134127,-0.195475,0.428794,0.0,-0.348742,0.084258,-0.246153,-0.314434,0.22707,0.175682,-0.000846,-0.455062,-0.243952,-0.123374,-0.229946,0.055352,0.179911,0.034678,-0.379287,0.224814,-0.093516,-0.244116,-0.065962,-0.244116,-0.274804,-0.223123,0.098589,-0.048383,-0.114215,-0.172529,-0.085255,0.063295,-0.114215,-0.082285,0.036048,-0.186755,-0.258677,-0.128757,0.148573,0.264401,0.203166,-0.016074,0.076583,0.179033,-0.20653,-0.164999,-0.10846,-0.074236,0.294336,-0.001135,-0.284735,-0.184204,-0.629994,-0.164926,0.011645,-0.100849,-0.064845,0.084223,-0.081298,0.177995,0.263785,-0.348841,0.018116,0.006844,-0.045725,0.110041,0.024196,0.148222,0.12555,-0.146988,0.356095,-0.001569,0.030232,0.146567,-0.192982,0.059711,0.277597,0.014829,0.377956,0.200102,0.025772,-0.128571,0.006474,-0.072967,0.329797,0.303084,0.258768,0.012477,-0.135764,0.314902,-0.023836,0.334817,#
15,-0.153361,-0.159159,-0.162688,0.155358,-0.107312,-0.145399,0.324896,-0.270805,-0.163998,0.411265,0.16174,0.135195,0.381975,-0.100553,0.170101,1.0,0.10232,-0.058006,-0.037119,-0.230451,-0.083957,-0.041731,-0.061133,-0.26015,-0.234995,-0.279342,-0.345297,-0.168635,-0.146723,0.113331,-0.160151,0.13646,0.003045,-0.053141,0.104963,-0.264887,-0.163536,0.018775,0.241556,0.322664,-0.335479,-0.168286,0.030599,0.063795,0.170696,0.145659,-0.232095,-0.335095,0.075544,-0.035295,0.330433,-0.030457,0.318688,-0.192524,-0.053812,0.258236,-0.001085,-0.030913,0.008517,-0.051653,-0.174923,0.257765,0.016553,-0.001967,-0.1135,-0.259361,0.0,-0.111458,0.029049,-0.437715,0.348921,-0.052942,-0.343794,0.047209,0.101943,-0.31634,-0.170185,-0.144552,-0.190123,-0.033792,0.069357,0.089174,0.315641,0.067326,0.173168,0.054639,0.286746,0.314863,-0.140603,0.085548,0.152547,-0.217527,0.158358,-0.014675,-0.012558,-0.273062,-0.01631,0.238518,-0.195314,-0.061768,-0.193594,0.180642,0.025854,0.268462,0.060197,-0.10609,-0.185126,0.328375,-0.082172,0.243427,-0.252049,0.0,-0.08057,-0.007813,-0.061501,-0.145783,0.123574,0.153713,-0.225198,0.145106,0.092177,0.095808,0.010851,-0.036879,-0.059522,0.228313,-0.113882,0.094889,-0.122564,-0.115703,-0.080883,-0.351792,0.118691,0.100306,-0.021663,0.153351,0.13138,-0.123103,-0.07596,0.037377,0.131381,0.263382,0.350989,0.031581,-0.145628,-0.000319,0.278856,-0.190143,-0.135234,0.053836,0.11783,-0.152651,-0.242417,-0.391213,-0.195561,0.13474,-0.168671,-0.151114,-0.253869,0.160247,-0.130236,-0.079922,-0.145766,-0.164178,0.0037,-0.377868,-0.271864,-0.025624,0.116436,0.123656,-0.144448,-0.267311,0.187255,0.048141,0.214508,0.079549,-0.142146,0.026766,-0.221628,0.045478,-0.222306,-0.431106,0.379264,0.472244,-0.262123,-0.234011,0.170841,-0.418803,0.232203,-0.341189,-0.140881,0.293961,0.251219,0.04093,0.365443,0.119049,-0.030941,-0.142397,-0.17236,-0.186308,#
16,-0.125863,-0.416665,-0.071077,-0.065233,0.161813,-0.101503,-0.100239,-0.166502,-0.068567,0.028996,0.424409,0.431354,-0.445095,0.00878,0.109167,0.10232,1.0,-0.215454,-0.116739,-0.03997,-0.243516,-0.198,-0.066073,-0.173978,0.000151,0.336251,-0.544629,-0.279947,-0.012353,-0.002265,-0.058648,0.049297,-0.216602,0.020128,0.363551,0.209926,-0.289443,0.204895,0.123146,0.045327,-0.261383,-0.40435,-0.372527,-0.174124,0.193969,0.323709,-0.044799,-0.416474,0.102595,0.283011,0.16607,0.042012,-0.092749,0.100442,0.049128,0.190496,0.189135,-0.333683,0.242248,-0.194408,-0.250869,0.019613,0.245889,0.215657,-0.154846,-0.47529,0.0,-0.390726,-0.200252,-0.233606,0.388807,-0.117902,-0.355936,-0.328951,0.016122,0.049234,-0.118448,0.205819,-0.196242,0.216031,0.04537,0.312636,-0.02874,0.209273,-0.051513,0.152049,-0.230599,-0.066915,0.206819,-0.081324,0.114516,0.167001,0.242146,-0.027967,-0.257523,-0.407716,-0.084456,-0.171643,-0.057814,-0.016736,-0.086451,0.173865,-0.288322,-0.301087,-0.261837,0.029386,-0.076392,-0.087842,-0.019521,0.347259,-0.373212,0.0,0.05799,-0.074275,-0.14457,0.123211,-0.059728,-0.118311,0.309324,0.02997,-0.1079,0.237249,0.062543,0.113814,0.307517,0.035872,-0.271958,-0.110102,0.148844,-0.118448,0.499811,0.110496,-0.007633,0.313018,-0.103449,0.004214,-0.166502,-0.138282,-0.460329,0.180606,-0.166502,0.040263,0.323494,0.262156,-0.272473,0.075331,0.454995,-0.365561,0.340703,-0.355027,0.024386,0.018015,-0.301077,0.064655,0.058694,-0.177324,0.027739,0.024495,-0.121474,0.333146,0.099774,0.084963,-0.111179,-0.053687,-0.077979,-0.122476,0.199576,0.054018,0.09819,0.234768,0.345878,-0.208876,0.016435,0.154002,-0.004353,0.126885,-0.240427,0.050581,-0.154852,0.099622,-0.257443,-0.017334,0.176043,-0.014817,-0.093471,-0.134778,0.031277,-0.065203,0.18443,-0.400713,0.045246,0.136698,-0.056789,-0.272823,0.126276,-0.079913,0.251766,0.037422,-0.114282,0.290276,#
17,0.041891,0.159012,0.14219,-0.004251,-0.098181,-0.033418,-0.015142,-0.271844,0.299023,0.031543,-0.375132,-0.22786,0.033896,0.25644,-0.185377,-0.058006,-0.215454,1.0,0.345247,0.027587,-0.03634,-0.026835,-0.053485,-0.121199,0.14404,0.018656,-0.078103,-0.074712,-0.170807,0.10961,0.210103,0.026146,0.27617,0.170045,-0.059392,0.10291,-0.170331,-0.043533,0.012729,-0.347188,-0.045709,-0.167412,0.030088,0.085536,-0.120312,-0.132371,0.105279,0.15695,-0.081079,-0.073819,0.086587,0.035631,0.159467,-0.017489,-0.003532,-0.050881,0.401436,0.328743,0.0294,-0.062053,0.286802,-0.313302,0.031929,-0.188681,-0.142874,0.000535,0.0,0.053722,-0.042771,0.17392,-0.007209,-0.1997,-0.354644,0.122942,0.271742,0.233196,0.097365,-0.075299,0.147539,0.019733,-0.076502,0.113296,-0.019584,-0.13646,0.668408,0.116197,0.167852,0.157814,0.037517,0.223289,-0.060363,0.332128,-0.030902,0.325021,-0.155001,-0.241953,0.148693,-0.05111,0.151315,0.162665,0.065737,-0.013004,0.205404,0.258408,-0.104741,0.274179,-0.026032,0.157902,-0.044729,-0.256945,0.113414,0.0,0.466722,0.218731,-0.066776,0.051551,0.171736,0.375564,0.196226,0.090502,0.105405,0.287356,0.024954,0.164736,0.200367,0.228473,0.204374,0.081079,-0.239019,0.097851,0.113023,0.097851,-0.26981,0.292448,-0.140364,-0.038139,0.131725,0.273726,0.262921,-0.087852,0.131725,0.037227,0.001738,-0.182806,0.37639,-0.338824,-0.047082,0.02393,0.150952,0.089473,0.140764,-0.109373,0.247532,-0.07789,0.19913,-0.016689,0.02237,0.478979,0.065266,0.151965,0.032782,-0.068864,0.038519,0.339016,0.188441,-0.136458,0.172163,0.203219,0.09646,0.12819,0.077673,-0.083296,0.142152,0.109794,-0.088097,0.294379,0.202197,0.082072,0.186538,-0.131252,0.326216,-0.031751,-0.132264,0.078404,-0.196087,0.305268,0.19834,0.145435,-0.412922,0.329481,0.222027,-0.259562,0.108664,-0.481298,-0.09627,-0.025946,-0.203967,-0.018655,0.566979,-0.311143,#
18,-0.182487,-0.022882,0.102048,-0.145251,0.009406,0.066102,0.032779,-0.293731,0.271285,0.003391,-0.089601,0.060263,0.14175,-0.15657,-0.267212,-0.037119,-0.116739,0.345247,1.0,-0.000581,0.301102,0.029558,0.385295,-0.059031,0.38189,0.037611,0.100078,0.431309,-0.276023,0.279657,0.054715,-0.133323,0.01129,0.052753,-0.11447,0.283309,-0.370409,-0.311558,-0.20197,-0.107549,-0.061296,-0.20712,0.341553,0.234641,-0.117459,0.093155,-0.138585,0.017194,-0.070458,-0.006348,0.378655,0.228069,0.050098,-0.14509,0.056279,0.327294,0.061541,-0.018444,-0.264602,-0.037851,-0.076169,-0.182821,0.010634,0.057417,0.075461,0.313499,0.0,-0.053204,-0.200453,0.205259,0.222325,-0.179114,-0.368683,0.004046,0.005019,0.463515,-0.009049,-0.364289,0.244123,-0.117229,0.043066,-0.022274,-0.312964,0.144439,0.058996,-0.205365,0.02663,-0.152089,0.262097,0.510324,0.007282,0.256498,-0.12902,0.083463,0.035811,-0.328401,0.011738,-0.007421,-0.297161,-0.153248,0.191759,0.143647,0.065991,0.204506,-0.02191,0.201146,0.215274,0.042716,0.127134,0.023447,0.008302,0.0,0.176856,-0.041742,-0.347409,0.017949,0.195805,0.055837,0.298646,0.015369,-0.002242,-0.1829,-0.134936,-0.312912,0.123017,-0.247597,0.098239,-0.242215,-0.05217,0.028655,-0.009247,0.019358,0.143553,0.201974,-0.478768,0.049854,0.049413,-0.00414,-0.224778,-0.267535,0.049413,-0.004093,-0.112616,-0.119821,-0.097057,-0.150405,0.01862,0.128316,-0.078461,0.04328,0.17876,-0.213202,0.221514,-0.11451,-0.12634,-0.170634,-0.016236,0.250566,-0.036636,0.229348,0.10607,-0.156577,-0.239338,-0.075977,0.248816,-0.22589,0.344637,-0.112782,-0.208648,0.038568,0.139945,0.449958,0.091041,-0.072724,0.393656,-0.224639,0.14426,0.170613,0.108571,-0.009366,0.107824,0.084426,-0.015613,-0.109871,0.265855,0.240442,-0.093014,0.034986,-0.345694,0.148032,0.06188,0.066347,0.00275,-0.2235,-0.52493,0.34579,0.072295,0.210663,0.43212,0.026673,#
19,-0.043186,0.15791,-0.061278,0.174357,0.315212,-0.176321,-0.161935,-0.075364,0.180782,-0.012382,-0.491736,-0.216946,-0.015878,0.231537,-0.206586,-0.230451,-0.03997,0.027587,-0.000581,1.0,-0.057216,0.034166,0.036655,0.215,-0.184498,0.109458,-0.068354,0.022267,0.193518,0.185021,-0.153332,-0.336961,0.34202,0.135525,-0.1588,0.064813,-0.016339,-0.217847,-0.207367,-0.164008,0.132223,0.073072,-0.0057,-0.022252,-0.008811,0.112301,0.119212,0.139195,0.250497,0.286137,-0.142756,0.009326,0.08006,-0.003702,-0.605899,-0.065603,0.269179,0.193305,0.105558,0.163352,-0.004264,0.047586,-0.175162,0.186572,-0.07346,0.127568,0.0,-0.017184,0.186433,0.226979,-0.320509,0.20178,0.173503,0.166607,-0.301262,-0.313701,0.156254,0.369561,0.005307,0.086639,0.30808,-0.127229,-0.015096,0.138877,0.168028,-0.03492,-0.013155,-0.32705,0.143369,0.23124,-0.246962,0.270405,0.094608,0.001591,-0.416173,-0.184545,0.080643,-0.071859,-0.067774,-0.25321,0.14655,0.237646,-0.117234,-0.136282,-0.133237,0.035824,0.052655,-0.416173,0.118866,-0.116865,0.316776,0.0,0.319299,0.093511,-0.073291,0.087981,0.173174,-0.270237,0.304566,-0.300269,0.48177,-0.230137,0.226961,-0.327032,-0.008081,-0.097319,-0.1183,-0.220254,0.189335,-0.161078,-0.299931,0.187843,0.206907,0.04603,-0.188362,-0.184514,-0.075364,0.059975,0.02283,0.038527,-0.075364,-0.339482,-0.033761,-0.051827,0.082537,0.226906,0.117011,-0.105037,-0.166274,0.159834,-0.063962,-0.117049,-0.136277,0.35625,0.320583,0.104395,-0.167896,0.301508,0.040375,0.024946,0.068621,-0.108825,0.127269,0.159075,-0.009055,0.081687,0.141317,0.001839,-0.160731,0.053029,-0.187167,0.134837,-0.184512,0.211599,0.046611,-0.126097,-0.108825,-0.217237,-0.275593,-0.131559,0.283572,-0.114698,-0.022757,-0.133948,0.21255,0.021431,-0.180689,0.029529,-0.440261,-0.075161,0.13656,-0.051225,-0.049964,-0.141947,-0.314154,-0.324802,-0.063533,-0.023478,0.234556,0.134807,#
20,-0.351097,0.317938,-0.299339,0.170266,0.024924,-0.060486,0.210453,0.164378,-0.452126,0.219051,0.19748,-0.225816,0.345319,-0.398078,-0.193492,-0.083957,-0.243516,-0.03634,0.301102,-0.057216,1.0,0.600783,0.392257,0.368677,0.123327,0.222328,0.198662,0.14683,-0.060953,0.304733,0.093281,-0.207856,0.305854,-0.101499,0.088941,-0.19856,-0.182341,-0.271491,0.045373,0.070975,0.204656,0.107005,0.590364,0.159148,-0.247422,0.130861,-0.427875,0.014815,-0.042193,-0.232097,0.019786,-0.173975,0.019815,-0.140096,0.104107,0.020259,-0.196285,0.102659,-0.058122,-0.183071,-0.078532,-0.441907,0.007738,0.237291,-0.007947,0.309359,0.0,-0.176186,-0.036558,0.331179,-0.397769,-0.186439,0.298243,-0.000713,-0.102228,0.314938,0.286787,0.03908,0.080456,-0.237796,-0.265067,-0.280422,-0.148887,-0.054394,-0.101996,-0.510547,0.355338,-0.255647,0.081411,0.090592,-0.055924,-0.061165,0.048207,-0.042732,0.032915,0.176929,-0.352535,-0.023601,-0.330697,0.15301,0.304467,0.224282,0.078412,-0.043797,0.374208,0.144942,0.121564,-0.147727,-0.145051,0.188163,0.02542,0.0,-0.23535,-0.099113,-0.059385,0.12461,0.00393,0.09498,-0.110733,0.099425,0.045545,-0.079826,-0.250036,-0.268242,-0.117252,-0.230201,0.181216,0.018887,0.092013,0.076424,-0.283053,-0.192506,0.158693,0.101567,-0.097789,0.129598,-0.351784,-0.460503,-0.200469,-0.315801,-0.351784,0.085312,-0.159168,-0.0968,-0.088628,-0.015897,-0.368505,0.229481,-0.166239,-0.110008,-0.151514,-0.186211,-0.348928,-0.135366,-0.23368,0.047628,-0.293891,0.125451,0.106324,-0.335673,0.367213,0.223436,-0.300931,-0.067373,-0.155652,-0.055417,0.060388,-0.126126,-0.105685,0.179476,-0.042908,0.184567,-0.190863,-0.078589,0.34124,-0.348,-0.213116,-0.030684,-0.145125,-0.151171,0.032218,-0.226587,-0.014029,0.20596,0.07814,0.013041,-0.392306,0.067452,0.220611,0.104861,-0.019662,0.329954,-0.001931,-0.164417,0.07934,0.361582,0.042266,0.200186,0.18676,-0.089925,#
