0,1.0,0.33694,-0.128656,-0.1881,0.394007,0.347824,-0.092421,0.147966,-0.124064,0.270038,-0.308037,0.069556,0.617675,0.388914,0.043515,-0.017427,0.0202,0.23408,-0.414411,-0.037406,-0.202335,0.591129,0.392498,0.095648,0.009666,-0.122851,-0.016295,-0.412114,0.238404,0.15398,0.147982,0.010257,-0.028885,-0.317432,-0.342119,0.171871,0.025125,-0.103233,0.169467,-0.442275,0.033625,-0.072612,-0.163082,0.113699,-0.063364,-0.251192,0.149981,0.403391,-0.400289,-0.133443,0.15586,-0.344413,-0.07191,-0.319858,-0.131428,0.106262,-0.064545,-0.048134,0.316668,0.268947,0.520718,0.05718,-0.406665,-0.226331,0.084217,0.431297,-0.103972,0.340575,0.278182,0.069628,0.040541,0.289174,-0.381115,-0.114818,-0.588554,0.303916,-0.008122,-0.261376,-0.449278,-0.035382,-0.017898,-0.263499,0.091573,0.15305,-0.023398,-0.175469,-0.042131,-0.020673,-0.047852,-0.354224,-0.056443,-0.273534,-0.229505,0.32189,0.179998,0.040359,0.259378,-0.256309,-0.011445,0.029092,0.261958,-0.158186,-0.124959,0.174514,-0.121665,-0.258462,-0.136604,-0.051522,-0.422879,-0.359049,0.34735,0.045953,-0.060023,-0.230326,-0.09133,0.173829,-0.38564,-0.308154,0.416232,-0.36045,-0.299161,-0.288222,0.197501,-0.294106,-0.283292,0.226407,0.147954,-0.109677,0.33255,0.243778,-0.265558,0.100595,-0.250462,-0.105237,-0.60636,-0.0301,-0.069801,-0.349112,0.379858,-0.257912,-0.064177,-0.235565,-0.331979,-0.041288,-0.169672,0.055123,-0.074594,0.198493,-0.261062,-0.56106,-0.096817,-0.366506,0.007748,-0.223318,0.059814,-0.141023,0.440013,0.452535,-0.163977,-0.496896,-0.085025,-0.241098,0.05513,-0.361582,0.154544,0.604055,-0.238797,-0.282286,-0.347797,-0.380209,-0.110893,0.003879,-0.445597,0.025431,0.124508,-0.638249,-0.016634,0.085889,0.525951,-0.169965,0.155818,-0.275947,-0.338106,-0.045722,0.237011,-0.325849,0.449633,-0.149485,-0.40394,0.208892,0.232769,0.168746,0.229373,0.141084,0.018,0.184126,0.033133,-0.271507,0.424312,0.267141,#
1,0.33694,1.0,0.380868,-0.17532,0.032585,0.181259,0.404312,0.118258,0.383642,0.106553,-0.341063,-0.09043,0.467044,0.243788,0.372097,-0.264982,0.173663,0.248732,0.072337,-0.204627,-0.384901,0.122304,0.399385,-0.092779,-0.028884,-0.312633,0.338758,-0.091143,0.04697,0.184565,-0.408807,0.035044,0.161749,-0.089257,-0.176869,0.519161,0.339207,-0.20222,-0.033988,-0.232554,-0.145522,0.205808,0.068666,0.267775,0.473966,-0.448761,0.23139,0.138332,-0.045115,0.377279,-0.064333,-0.42906,-0.028085,-0.180139,-0.191204,-0.413816,-0.031328,-0.39114,-0.142987,0.262877,0.322203,0.055674,-0.137908,-0.039984,0.10334,0.206471,-0.279908,0.355715,0.40517,-0.037158,0.147935,0.034238,-0.169571,-0.440352,-0.58617,0.489909,-0.184135,-0.578545,-0.446823,-0.358137,-0.017912,-0.600388,-0.270082,0.166628,-0.537486,-0.171543,-0.373618,-0.171359,-0.396753,-0.52042,-0.228003,-0.078642,-0.552151,0.017126,-0.168253,-0.146545,0.237719,-0.249108,-0.174448,0.024196,0.255885,-0.168272,-0.266281,-0.17201,-0.452816,-0.258573,-0.465029,0.041044,-0.592352,-0.338254,0.240598,0.512377,-0.290451,-0.399209,0.056611,-0.150503,-0.243066,-0.865265,-0.107227,-0.55245,-0.303372,-0.467417,-0.380008,-0.314066,-0.115843,-0.260392,-0.065719,0.18841,-0.066452,0.085344,-0.271299,-0.388402,-0.598124,0.230904,-0.283431,-0.218911,0.14815,-0.169741,0.345746,-0.586584,-0.384755,-0.087263,-0.515388,-0.220161,-0.178725,-0.130343,-0.436451,0.407081,-0.287243,-0.385068,-0.248919,-0.685875,0.01014,-0.400999,-0.423692,-0.50125,0.273641,0.672008,-0.341461,-0.332928,0.265163,-0.233645,0.451854,-0.00853,-0.049652,0.465532,-0.242988,0.188618,-0.323105,-0.201576,-0.052061,0.011282,-0.312936,-0.383147,0.286854,-0.092704,-0.212058,0.748763,0.683123,-0.572688,0.335937,0.066852,-0.208895,0.10865,0.233781,-0.064346,0.303144,-0.178234,-0.607205,0.370047,0.22007,0.519405,0.557535,0.302291,-0.204284,0.314156,0.370027,-0.258953,0.182132,0.135303,#
2,-0.128656,0.380868,1.0,0.280286,-0.14126,-0.056316,0.226894,-0.059634,0.369106,-0.19829,-0.140992,0.019127,-0.134136,-0.090197,0.056349,-0.147486,0.048037,0.366864,0.072159,0.093896,-0.05348,-0.029208,0.036282,-0.028722,0.248055,-0.24277,0.446331,0.439384,-0.083553,0.071253,0.006364,0.174613,0.097022,0.161679,0.274711,0.238605,0.378445,-0.332779,-0.129912,0.067973,0.005684,0.217277,-0.0779,0.022557,0.146945,-0.162651,0.005366,0.439434,0.348663,0.132597,-0.180505,0.015,-0.068966,0.054258,-0.145469,-0.111994,0.024319,-0.339397,-0.330697,0.172558,-0.372296,-0.30711,0.229893,0.107088,-0.099062,-0.093861,0.080853,0.145037,0.04269,0.386971,0.510757,0.333784,0.010797,-0.139041,0.013814,0.013436,-0.078857,-0.454507,-0.127051,-0.525363,0.448304,-0.157671,-0.048299,0.084656,-0.090063,0.370124,-0.230045,0.091747,-0.05277,-0.070112,0.097073,0.007011,-0.213146,0.106439,-0.073793,0.003648,0.344558,-0.147103,-0.060538,-0.27239,-0.221092,0.052682,0.035542,0.021067,0.034679,-0.145537,-0.292724,0.224217,-0.457883,0.228209,0.400109,-0.013564,-0.208742,-0.049488,0.499618,-0.148636,-0.076802,-0.42942,0.004357,-0.122233,0.011306,0.040765,-0.106481,-0.017422,0.24088,-0.309278,0.062711,0.379942,-0.055689,-0.195967,0.352737,-0.365639,-0.169966,0.059001,0.338294,0.04775,0.102279,0.398792,0.313516,-0.156919,-0.065877,0.308458,-0.148388,-0.253917,-0.090883,0.231627,-0.224925,0.089568,0.161037,-0.047198,0.007786,-0.239555,0.198391,-0.054299,-0.134839,0.038318,0.02991,0.258577,-0.095334,0.14993,0.310317,0.07328,0.181333,0.09991,-0.203744,-0.049965,-0.132716,0.061862,0.201884,0.216541,-0.090693,-0.033577,-0.295872,-0.099032,-0.348159,0.179601,-0.132023,0.507288,0.236768,-0.574969,0.087689,-0.123942,-0.339247,0.263991,0.036976,-0.017522,-0.03391,0.285585,-0.329803,0.042266,0.496002,0.372997,0.214936,0.115508,-0.326129,0.37401,-0.070415,0.013361,0.105005,0.003476,#
3,-0.1881,-0.17532,0.280286,1.0,-0.224799,-0.081154,-0.278608,-0.469625,-0.203277,-0.05973,0.031629,0.095094,-0.351231,-0.117841,-0.17797,-0.033688,-0.142323,0.100918,-0.207278,0.541943,0.261017,0.064309,0.016081,0.003552,0.261262,0.121443,-0.03416,0.268577,-0.102193,-0.150892,0.375907,-0.019267,-0.054826,0.005407,0.096018,-0.289098,-0.009042,-0.019943,-0.477438,0.180561,0.051504,0.217786,-0.243764,-0.006272,0.043292,0.300494,-0.051346,0.124458,0.137963,-0.054622,0.353026,0.3916,0.104932,-0.00317,-0.10788,0.000949,0.395838,0.021052,-0.028948,0.168907,-0.274315,-0.438059,0.18842,-0.199466,0.264836,-0.129954,0.115775,0.273404,-0.19962,-0.074856,0.10383,0.079694,0.338563,0.280388,0.085374,-0.452685,0.113359,-0.111891,0.127113,0.229739,0.447902,0.433523,0.325088,0.200383,0.323553,0.026185,0.239765,0.109463,0.259939,-0.124938,0.3707,0.194092,0.447052,-0.223865,0.248895,0.005623,-0.018231,-0.002542,-0.250929,0.316659,-0.206927,0.369898,0.20953,0.204938,0.163577,0.411203,0.151219,-0.160261,0.270305,0.195242,-0.155092,-0.114972,0.141688,0.419469,0.060715,0.028842,0.30869,0.112223,0.031802,0.197524,0.14958,0.167623,0.453022,0.147697,-0.088181,0.067926,0.128588,0.070843,-0.076831,0.269556,0.196903,0.104489,0.190661,0.068164,0.348228,0.259776,0.020691,0.045797,0.343657,0.227377,0.080222,-0.07613,0.063348,0.221281,0.448137,0.297619,0.333662,-0.457657,0.388839,0.460109,0.217202,0.035043,0.032859,0.296893,0.067926,0.213656,-0.422463,-0.045268,0.031443,0.240609,-0.215501,-0.067158,-0.157052,0.144041,-0.12139,-0.450747,-0.023729,0.05452,0.406002,0.04246,-0.424259,-0.000585,0.32708,0.056362,-0.474209,0.338792,0.075058,0.077924,-0.388466,0.11545,-0.333615,-0.263444,-0.268866,0.04422,-0.087566,0.175974,-0.136077,0.210266,0.339758,-0.391551,0.250502,-0.285748,-0.096208,-0.188166,0.057472,0.024466,-0.50128,0.335536,0.213297,-0.233591,#
4,0.394007,0.032585,-0.14126,-0.224799,1.0,0.110385,-0.085008,0.119447,-0.432915,-0.195973,0.048374,0.211378,0.057952,-0.127555,0.184616,0.275539,0.047748,-0.120032,0.037832,-0.032743,-0.17234,-0.014613,-0.141393,-0.206147,0.06154,-0.063863,-0.344046,-0.106482,0.299339,-0.269427,0.014559,-0.084682,-0.117597,-0.406162,-0.092609,0.062175,-0.311105,-0.182033,-0.07678,-0.142541,-0.209617,-0.321801,-0.080489,-0.247104,-0.095466,0.194489,-0.211834,0.331131,-0.13083,0.130793,0.403711,-0.185352,-0.269616,-0.144973,0.388067,0.240099,-0.274026,0.025876,0.142741,-0.171796,0.078573,0.278299,-0.124464,0.101975,0.085679,0.189965,0.085759,-0.069193,0.096552,0.173239,-0.014924,0.158083,-0.075754,0.049237,-0.442006,0.560083,-0.06536,-0.288857,-0.285659,-0.197985,-0.088448,-0.280648,-0.188237,0.150665,-0.047302,0.035093,0.114959,-0.2204,-0.344748,-0.036747,-0.053393,-0.319714,-0.038976,-0.200175,0.129025,-0.079475,0.19744,-0.494416,0.107281,0.166585,0.206732,-0.294403,-0.319659,-0.094641,-0.282683,-0.154634,0.030904,-0.043657,-0.129289,-0.2288,-0.025886,-0.453451,-0.179558,-0.217033,-0.151721,-0.111369,-0.347143,0.101221,0.031926,0.061856,-0.115747,0.071012,0.281743,0.040475,-0.051242,-0.267377,0.265641,0.027946,0.023718,-0.208501,-0.000945,-0.020245,-0.157388,0.061595,-0.186327,-0.120589,0.096468,-0.304884,-0.13471,0.040865,-0.012063,0.05717,0.045812,0.113797,-0.073912,0.276849,-0.198636,0.004563,-0.305624,-0.386254,-0.131592,-0.123969,-0.443657,0.113871,-0.296144,0.05121,0.132356,0.113032,-0.077951,-0.234072,-0.167746,-0.308471,-0.037696,-0.014405,-0.213464,0.141497,-0.12397,0.172179,-0.285576,-0.12752,0.254733,0.003993,0.024871,0.092184,-0.00916,-0.212031,-0.113659,-0.072601,0.036474,-0.091785,0.215811,-0.256543,0.254686,0.105829,0.036675,-0.559418,-0.009562,-0.106218,-0.333408,-0.070214,-0.104617,0.051282,0.195311,-0.18747,0.224771,-0.315829,0.13252,0.008877,-0.320309,0.444161,#
5,0.347824,0.181259,-0.056316,-0.081154,0.110385,1.0,-0.070619,0.06864,-0.311188,-0.176754,0.355716,0.11944,-0.107148,-0.092716,-0.150215,0.144104,0.368758,0.081787,-0.399391,-0.141452,-0.256917,0.464206,0.24744,0.061476,-0.12151,-0.375798,-0.14455,-0.451359,-0.237834,-0.294401,-0.170017,0.124885,-0.03069,0.031338,-0.104436,0.053629,-0.142846,0.09952,0.161113,-0.053785,0.076068,0.170116,-0.180577,0.359559,0.205366,0.056655,-0.16581,0.264519,-0.043963,-0.25278,0.130654,-0.088471,0.052948,-0.229532,-0.072386,-0.2132,0.06971,-0.151626,-0.044473,-0.113402,0.151432,0.242178,-0.376493,-0.225957,0.015479,-0.112262,-0.327202,0.068812,0.338145,0.413632,-0.19115,0.453863,0.044712,0.090334,-0.417293,-0.018841,-0.610336,0.040514,-0.535132,-0.131326,0.455566,-0.255585,0.128211,-0.295984,-0.034352,-0.162041,-0.147896,-0.237901,-0.263835,-0.311826,0.034513,-0.193329,-0.096739,-0.027992,-0.121178,0.00662,-0.00453,-0.181219,0.107078,0.059438,0.277615,-0.156715,0.043829,-0.146127,-0.184675,-0.318772,-0.042785,-0.007501,-0.42782,-0.25147,0.131382,-0.090545,-0.10439,-0.097599,-0.133561,-0.335389,-0.591645,-0.094315,0.201071,-0.284703,-0.37511,-0.398558,0.223715,-0.403573,-0.310581,0.050332,-0.065739,0.018378,-0.016797,0.422362,0.021511,0.081399,-0.019617,-0.073432,-0.222898,0.059933,0.007452,-0.153795,0.077634,-0.304753,-0.250288,-0.284833,-0.497381,0.372305,0.047036,-0.091925,-0.223665,-0.040567,-0.141686,-0.103352,-0.16952,0.099204,-0.313704,-0.096739,0.060417,-0.307548,-0.105924,0.059347,-0.409557,-0.002531,0.071713,-0.047692,0.014,0.248421,-0.365522,0.399799,-0.052841,-0.125371,0.028071,-0.307032,0.090512,-0.349414,-0.391488,0.042944,0.061567,-0.300022,-0.112756,0.190841,0.111228,-0.04621,-0.018795,0.126421,-0.102882,0.022831,-0.07816,0.057451,-0.077334,-0.004961,-0.188033,-0.003116,-0.198345,0.049808,0.247896,-0.139029,0.040789,0.201379,0.283605,-0.274496,-0.006331,-0.062123,#
6,-0.092421,0.404312,0.226894,-0.278608,-0.085008,-0.070619,1.0,0.432332,0.442847,0.280174,-0.062816,-0.193779,0.158299,-0.143835,0.259591,0.131944,-0.125286,-0.262523,0.124385,-0.467447,-0.504326,-0.101933,0.100561,0.071711,-0.124301,-0.080137,0.219039,-0.163542,0.216893,0.11587,-0.482959,-0.285038,-0.05657,0.236294,-0.176014,0.398301,-0.090727,-0.253439,0.356918,0.136792,-0.407964,0.08986,-0.256597,-0.287251,0.058509,-0.180777,-0.078178,-0.031303,0.011488,0.129581,-0.279807,-0.24841,-0.24405,-0.089712,-0.098319,-0.28349,0.159083,-0.031902,-0.370822,0.232515,0.165837,-0.269507,-0.146459,0.319683,0.123693,0.253531,0.152511,-0.082382,0.435875,-0.124308,0.154739,-0.052345,-0.185415,-0.643645,-0.146853,0.363272,-0.121229,-0.453218,-0.154535,-0.068272,-0.283375,-0.360894,-0.474692,-0.112803,-0.11229,0.15404,-0.282759,-0.087882,-0.508571,-0.237532,-0.298479,0.009165,-0.447674,0.035697,-0.098636,-0.212414,0.116985,0.057343,0.148197,-0.172748,0.225064,-0.230465,0.000172,-0.223967,-0.341461,-0.32006,-0.499272,0.44295,-0.475356,-0.23205,-0.040049,0.474406,-0.164826,-0.44589,-0.089794,0.052652,0.190831,-0.404901,-0.237965,-0.222191,-0.170785,-0.227047,-0.283375,-0.236152,-0.142072,-0.144444,0.136557,0.42592,-0.186908,-0.141991,-0.233456,-0.769861,-0.518178,0.235659,-0.010631,-0.043689,-0.115421,0.14525,-0.142524,-0.554004,0.08046,0.203028,-0.272489,-0.119662,-0.075055,-0.317684,-0.311504,0.739299,-0.196076,-0.135156,-0.151351,-0.225791,-0.123982,-0.447674,-0.331517,-0.204264,0.092931,0.199584,-0.275356,-0.168829,0.389341,0.16221,0.328136,-0.053165,0.000308,0.029947,-0.271419,-0.077801,-0.244553,0.325017,0.420159,-0.192578,-0.179171,-0.273265,0.115396,0.015157,-0.043689,0.308548,0.244444,-0.083865,0.453741,0.049594,-0.032192,0.152107,0.445177,0.003975,0.183422,-0.172415,-0.223919,0.482754,0.043088,0.409904,0.108539,0.352108,-0.215332,0.200768,0.243189,-0.398482,-0.147803,-0.255372,#
7,0.147966,0.118258,-0.059634,-0.469625,0.119447,0.06864,0.432332,1.0,0.134371,0.230009,-0.061885,-0.18088,0.183999,-0.029411,-0.036179,0.306567,-0.223559,-0.212896,0.062831,-0.161652,-0.121007,0.054845,-0.19943,0.402857,0.089681,-0.023174,0.055474,-0.453957,0.250831,-0.03663,-0.244722,-0.122358,0.315447,0.209478,-0.142136,-0.056676,-0.003822,0.082693,0.530808,-0.285586,-0.177712,0.088899,-0.254356,-0.089678,-0.38987,-0.176071,0.225484,0.045928,0.156426,-0.095363,-0.405627,-0.264733,-0.073961,-0.062122,-0.091254,-0.011826,0.285286,-0.160127,-0.352883,0.253914,0.206561,0.022963,-0.298136,0.092692,0.069343,0.112416,0.118483,0.097853,0.260833,-0.01749,0.175946,-0.015395,-0.201634,-0.191235,-0.025494,0.223412,0.042455,0.146733,-0.022945,0.046941,-0.140204,-0.191235,0.025914,0.061707,-0.117885,0.270229,0.040043,0.218286,-0.134797,0.20468,-0.456927,-0.026839,-0.29467,0.241889,-0.101351,0.11267,0.317838,0.150512,0.414745,-0.066086,0.246337,-0.053778,-0.033414,0.117227,0.11202,-0.050473,-0.205969,0.222123,-0.347942,-0.417745,0.157688,0.047866,0.141368,-0.30156,0.123079,0.133904,0.018417,0.046058,-0.024121,-0.094368,-0.032318,-0.168884,0.046189,-0.023776,0.049522,0.141649,-0.083318,-0.100875,-0.15841,-0.142886,-0.224862,-0.291707,-0.188188,-0.025912,-0.035212,-0.076663,0.362688,0.265019,-0.055603,-0.35056,0.208014,0.250684,-0.204677,0.127797,-0.283896,-0.288914,0.020954,0.290316,-0.040077,-0.468014,-0.02069,0.019546,-0.058501,-0.130956,-0.178601,-0.053214,0.477215,0.036781,-0.096988,-0.01142,0.067443,0.316937,0.021264,-0.22028,0.010518,0.072503,0.103347,-0.371997,-0.398198,0.111972,0.30474,-0.232921,-0.208691,0.053263,0.226733,-0.03437,0.272795,-0.078383,0.186555,-0.032183,0.35202,0.003265,0.102365,-0.126013,0.149658,0.107429,-0.07714,-0.126303,-0.175406,0.168501,0.056165,0.124304,-0.022661,-0.246355,-0.071306,0.1082,0.091985,-0.394587,-0.031648,0.196241,#
8,-0.124064,0.383642,0.369106,-0.203277,-0.432915,-0.311188,0.442847,0.134371,1.0,0.264411,-0.148909,-0.132153,0.283257,0.094144,0.063032,-0.442274,0.013567,0.062793,0.358218,-0.54209,-0.098401,-0.057136,0.072461,0.078296,0.156817,0.016442,0.471547,0.163159,0.02733,0.348239,-0.105437,0.197441,0.144667,0.097799,0.13608,0.347578,0.381471,-0.178373,-0.029677,-0.034195,0.059817,-0.17045,0.265861,0.044119,0.192154,-0.4798,-0.098032,-0.249261,0.047401,0.357903,-0.426308,-0.294745,-0.03043,0.004974,-0.397196,-0.092327,-0.020927,-0.045141,0.095219,0.231187,-0.012585,-0.218349,-0.096449,0.054612,0.200219,0.002539,0.153089,-0.046227,0.127747,-0.096839,0.187144,-0.012204,-0.158368,-0.466241,0.03456,0.168153,-0.015188,-0.098407,0.023828,-0.365255,-0.187708,-0.133327,-0.27979,-0.231177,-0.211113,0.17024,-0.365167,-0.015188,-0.095738,-0.053622,-0.387413,0.089589,-0.569306,-0.002561,0.001652,-0.171298,0.086855,0.073212,0.002125,-0.275505,-0.131908,0.148381,0.066783,-0.0085,-0.15547,-0.425455,-0.300303,0.130481,-0.12735,0.134422,0.249776,0.521816,-0.081237,-0.414888,0.064967,0.017307,0.087653,-0.524072,-0.109622,-0.052005,-0.140267,-0.132665,-0.536613,-0.137442,-0.003998,0.062729,-0.041871,0.059145,0.046462,-0.238079,-0.111035,-0.410217,-0.260305,0.211798,0.08019,-0.024685,-0.091882,0.171116,-0.027241,-0.279372,-0.227648,0.264619,-0.017587,-0.415295,-0.331126,-0.285368,-0.447791,0.442284,-0.10834,-0.06958,-0.089061,-0.314819,0.159228,-0.410217,-0.111975,-0.036411,0.289329,0.258441,-0.152604,-0.137166,0.291071,0.163442,0.291194,-0.370516,0.389532,-0.00834,-0.256315,0.060805,-0.176536,0.159028,-0.087027,0.30322,-0.13334,-0.185476,0.136248,0.118568,-0.03161,0.499121,0.407337,-0.263914,0.248941,0.223213,-0.190534,0.129591,0.084629,0.028393,0.130227,-0.181443,-0.065649,0.519802,0.027332,0.205792,0.25075,0.297835,-0.336666,0.504938,0.375959,-0.081297,0.084195,-0.063536,#
9,0.270038,0.106553,-0.19829,-0.05973,-0.195973,-0.176754,0.280174,0.230009,0.264411,1.0,-0.513474,0.136078,0.467608,0.413236,0.114084,0.103462,-0.341218,-0.024263,0.022393,-0.150337,-0.217897,0.159004,0.189127,0.048018,-0.044441,0.014174,0.287996,-0.098642,0.064337,0.571698,-0.267418,-0.169631,-0.137932,-0.166312,-0.415105,0.196118,-0.064797,-0.131755,0.325871,-0.117682,0.114052,-0.038367,-0.064818,-0.181655,-0.250116,-0.509088,0.219357,-0.027104,-0.422038,0.029807,-0.417906,-0.097664,0.075368,-0.156695,0.014949,-0.16428,0.179454,-0.211162,0.003856,0.183029,0.232917,-0.183241,-0.323377,0.107643,0.335024,0.163578,-0.002386,0.158223,0.132825,-0.371104,-0.08208,-0.309372,-0.295059,-0.191323,-0.035673,0.217314,0.149273,-0.143087,0.075211,0.22439,-0.404779,-0.207993,-0.098173,-0.118085,-0.087403,-0.159865,-0.475213,-0.039028,-0.045873,-0.136917,-0.151145,-0.079659,-0.204694,0.172562,0.240596,0.075982,0.099367,0.469991,0.16624,-0.012746,-0.199736,0.002846,-0.164822,0.00957,-0.099864,0.050639,-0.439281,0.105144,-0.02962,-0.484708,0.110036,0.431929,0.189451,-0.226607,-0.304037,-0.078597,-0.03595,-0.194721,0.21359,-0.312856,-0.088624,-0.410279,-0.330418,-0.369341,-0.481955,0.224418,0.060886,-0.051957,0.038128,-0.053187,-0.151527,-0.042855,-0.456003,0.14621,-0.27166,-0.070705,-0.252935,0.024896,0.108899,-0.323241,0.1541,-0.328108,-0.323659,-0.459673,-0.136183,-0.195006,-0.100848,0.262355,-0.325179,-0.373276,-0.251273,-0.397272,0.00957,-0.373276,0.039289,0.033881,0.400903,0.538669,-0.066202,-0.384697,0.224402,-0.1394,0.034018,-0.05361,0.308766,0.049929,-0.342431,-0.207326,-0.513684,0.123971,-0.045803,0.140122,-0.083068,-0.159276,0.191087,-0.21455,-0.070705,0.010861,0.293312,0.063599,0.210372,0.131486,-0.254558,-0.476754,0.213487,0.316814,0.361669,-0.087751,-0.082587,0.4436,0.134614,-0.128741,0.037064,0.413755,-0.227081,0.042655,0.035659,-0.234177,0.323124,0.138159,#
10,-0.308037,-0.341063,-0.140992,0.031629,0.048374,0.355716,-0.062816,-0.061885,-0.148909,-0.513474,1.0,0.040035,-0.533332,-0.574598,-0.174886,0.225888,0.291115,-0.164118,0.039132,-0.265412,0.047556,-0.108838,-0.241674,-0.030005,0.06204,0.027821,-0.551378,-0.206211,-0.087733,-0.561279,0.123019,-0.202487,-0.374661,-0.064048,0.543803,-0.214838,-0.177865,-0.066001,0.039781,0.24697,-0.090262,-0.186123,-0.253274,-0.010953,0.07781,0.683741,-0.424171,-0.048668,0.290003,-0.27229,0.407648,0.263773,-0.086257,0.203721,-0.002832,-0.093536,-0.057977,0.331397,-0.243883,-0.306047,-0.180187,0.089425,-0.018265,-0.194794,-0.031772,-0.325584,-0.128017,-0.218775,0.145478,0.300854,-0.063927,0.145855,0.305422,0.025932,0.041189,-0.158188,-0.308541,0.258405,-0.17318,-0.242941,0.192161,0.213424,0.008101,-0.340736,0.160624,0.142432,0.273881,-0.1312,-0.116792,0.272246,-0.075399,-0.026577,0.044365,-0.316557,-0.280515,0.003735,-0.211981,-0.397482,0.029917,0.017957,0.096373,-0.057318,0.104865,-0.026545,-0.171913,-0.111333,0.167434,0.003408,0.03888,0.317254,-0.165191,-0.096285,0.20119,-0.120905,0.073578,-0.13939,0.073881,0.356846,0.083797,0.325695,-0.000246,0.13862,0.260736,0.065069,0.207278,0.102845,-0.146378,0.139156,-0.165682,0.066892,0.243434,0.050694,0.322689,-0.049258,0.309229,0.100379,-0.038452,0.121648,-0.358221,0.089878,-0.105736,0.326428,0.134522,0.365833,0.064007,0.071393,-0.17076,-0.133871,0.086353,0.387306,-0.03027,0.470083,-0.214208,0.051089,-0.081765,-0.064958,-0.635837,-0.525496,-0.27633,0.336349,-0.090596,0.05073,0.155448,-0.034334,-0.365006,-0.216461,0.034964,0.173195,0.295826,0.093061,0.071265,-0.207786,0.146149,0.079078,-0.203106,0.193971,-0.082559,-0.071756,-0.461582,0.379881,-0.091392,0.070059,0.469075,0.280793,-0.220737,-0.163271,-0.538223,-0.088278,0.461533,-0.334243,-0.485887,-0.038426,0.114732,-0.488869,0.245402,-0.073429,0.296371,-0.178801,-0.413837,-0.128351,#
11,0.069556,-0.09043,0.019127,0.095094,0.211378,0.11944,-0.193779,-0.18088,-0.132153,0.136078,0.040035,1.0,-0.122335,-0.158623,-0.118986,0.099879,0.046466,0.213725,-0.217739,-0.027377,0.117031,-0.028412,-0.319172,-0.40083,0.058307,-0.251895,-0.180632,0.120734,-0.060022,-0.098063,0.037558,-0.240618,-0.115129,-0.221075,0.064117,0.239081,-0.257454,-0.13959,-0.06562,0.057162,0.237274,-0.037803,-0.114911,-0.264876,-0.199667,0.027719,-0.410188,0.327233,-0.01591,0.3672,0.023049,0.063717,-0.077676,-0.093169,0.118543,-0.016442,-0.043018,-0.17071,0.066767,-0.204622,-0.121059,0.337662,0.128882,-0.506572,0.215312,-0.127045,-0.140796,-0.137123,-0.271175,0.277366,0.107856,0.000723,-0.064506,0.356615,0.013027,0.206579,-0.235837,-0.148196,0.017002,-0.043019,0.098507,0.171737,-0.023692,-0.392858,0.100611,-0.12084,-0.047984,0.108554,-0.04217,0.27271,0.118435,0.186083,0.119695,0.140112,0.101202,0.541618,0.049512,0.181985,0.270208,0.035965,-0.182304,0.191808,-0.333197,-0.106886,-0.124431,0.034711,-0.141333,0.153308,0.159888,0.066734,0.010003,-0.013962,0.027437,-0.064908,0.037749,-0.261834,-0.055194,0.099829,0.368552,0.05854,0.188075,-0.158412,0.120961,0.184956,0.113651,-0.120674,-0.144184,-0.012309,0.410191,-0.040752,0.185814,0.295673,-0.001406,0.062159,0.166739,-0.309272,-0.127614,-0.104459,0.125345,0.173293,0.144141,-0.077322,0.041213,-0.057493,0.101248,0.398093,-0.035352,-0.319679,-0.14765,0.097085,0.023051,0.05717,-0.106886,0.119695,0.02626,0.220882,-0.038186,0.221081,-0.084981,-0.214071,-0.127303,-0.519459,0.003203,0.273907,-0.0003,-0.012208,-0.12154,0.082107,0.207802,0.210282,-0.024429,0.389014,0.174486,0.09873,-0.18153,0.173564,-0.302301,-0.063826,0.027339,0.025918,0.001016,0.041411,-0.153284,-0.049515,0.044693,-0.186249,0.142169,0.515736,-0.198348,-0.113075,-0.057765,-0.103167,0.045662,0.122747,-0.485338,-0.306938,0.297713,-0.020283,0.141339,0.311191,#
12,0.617675,0.467044,-0.134136,-0.351231,0.057952,-0.107148,0.158299,0.183999,0.283257,0.467608,-0.533332,-0.122335,1.0,0.490723,0.133933,-0.282847,-0.190519,0.068555,0.002871,-0.183774,-0.317583,0.236096,0.500962,0.012501,-0.327589,-0.110732,0.292652,-0.281662,0.192846,0.344945,-0.106911,0.046126,0.121305,-0.381029,-0.305072,0.351592,0.25421,-0.026604,0.173425,-0.503331,0.032899,0.028766,0.122307,0.104709,0.03089,-0.475153,0.309674,0.113854,-0.260363,0.085387,-0.148502,-0.166686,0.014157,-0.092183,0.028416,0.083275,0.115069,-0.233185,0.310963,0.404784,0.67456,-0.075696,-0.205803,0.051061,0.174842,0.62244,-0.141782,0.290586,0.381901,-0.24883,0.056807,-0.125462,-0.371807,-0.307537,-0.310254,0.447605,0.180872,-0.198779,-0.076427,-0.173029,-0.344018,-0.314106,-0.267877,0.07783,-0.265792,-0.206803,-0.189592,0.194508,-0.151517,-0.3658,-0.202891,-0.083945,-0.474751,0.218428,-0.030195,-0.081068,0.278729,-0.09548,0.034361,-0.137633,0.017161,-0.027502,-0.043963,0.14277,-0.093902,-0.194426,-0.25808,-0.138872,-0.309408,-0.319009,0.223203,0.324164,0.01057,-0.332243,-0.204435,0.097705,-0.131241,-0.504441,0.129613,-0.509995,-0.08646,-0.390534,-0.221036,-0.315672,-0.129232,0.143948,0.109784,0.074947,0.268653,0.02891,-0.566008,0.025794,-0.28923,0.00137,-0.460915,0.026159,-0.26852,-0.381327,0.245503,-0.375151,-0.116369,-0.231574,-0.373874,-0.294454,-0.022495,-0.037053,-0.262822,0.409228,-0.210005,-0.649506,0.089983,-0.443796,0.142369,-0.481472,-0.037426,-0.213978,0.546023,0.585624,0.103818,-0.611852,0.166623,-0.079366,0.015752,-0.228765,0.41154,0.540129,-0.297739,-0.097499,-0.546023,-0.156268,0.056837,0.189032,-0.2386,-0.055289,0.521874,-0.36867,0.033474,0.14623,0.71369,-0.238812,0.190584,0.062782,-0.115301,0.000655,0.351587,-0.16464,0.522298,-0.321463,-0.480843,0.503904,0.301364,0.209944,0.178747,0.445021,0.108434,-0.005746,0.181925,-0.181213,0.291222,0.396463,#
13,0.388914,0.243788,-0.090197,-0.117841,-0.127555,-0.092716,-0.143835,-0.029411,0.094144,0.413236,-0.574598,-0.158623,0.490723,1.0,0.310355,-0.390159,-0.441376,0.368856,0.062619,0.113959,-0.059489,0.537277,0.533101,0.304891,-0.027851,0.04312,0.507238,0.122876,0.061043,0.653929,-0.041727,0.109619,0.137511,-0.084928,-0.057649,0.143769,0.23898,-0.03681,0.26964,-0.388487,0.04411,0.310113,0.403388,0.101688,-0.120559,-0.630064,0.583052,-0.178478,-0.210968,-0.033119,-0.278045,-0.229115,0.076878,0.005271,-0.069016,-0.053175,-0.004884,-0.155445,0.220434,0.285244,0.328511,-0.155545,-0.394907,0.209548,0.080116,0.020164,-0.055862,0.434584,0.014814,-0.04882,-0.086573,0.045535,-0.274469,-0.001851,-0.302664,-0.058913,0.353425,-0.217407,-0.107966,0.112647,-0.149297,-0.350657,-0.028876,0.231325,-0.235305,-0.06603,-0.246711,0.011325,0.106111,-0.250879,0.145417,-0.244765,-0.155864,0.216413,0.195424,0.019674,-0.060749,0.107077,-0.141086,0.00128,-0.090599,-0.088362,-0.005887,-0.13356,-0.155987,0.147481,0.016246,-0.418482,-0.179387,-0.148391,0.282332,0.179891,0.071996,0.112413,-0.212904,-0.140635,-0.170443,-0.314622,0.127992,-0.345886,-0.15256,-0.308259,-0.17723,-0.188738,-0.282562,0.127362,-0.01347,-0.039185,0.216511,0.12694,0.023862,0.115562,-0.449377,-0.149979,-0.561608,-0.043907,-0.015283,-0.047926,0.34854,-0.208324,0.013638,-0.564885,-0.252254,-0.427026,-0.352063,-0.061714,-0.024667,0.055331,-0.395354,-0.316025,-0.0754,-0.510456,0.231368,-0.37185,0.002964,-0.06599,0.41692,0.329567,0.17682,-0.2928,0.119043,-0.21253,-0.072653,0.03661,0.277209,0.302435,-0.052736,0.090052,-0.225591,-0.050611,-0.09269,0.165899,-0.303277,-0.210075,0.282498,-0.502797,0.084295,0.03447,0.550476,-0.352732,0.330826,-0.152557,-0.216396,-0.179317,0.055966,0.135359,0.121884,-0.227971,-0.315245,0.294113,0.188137,-0.021676,-0.11855,0.292348,0.000132,-0.009889,0.020792,-0.126135,0.506635,0.180427,#
14,0.043515,0.372097,0.056349,-0.17797,0.184616,-0.150215,0.259591,-0.036179,0.063032,0.114084,-0.174886,-0.118986,0.133933,0.310355,1.0,-0.06853,-0.16887,-0.114306,0.390436,-0.21017,-0.394239,-0.018404,0.243916,0.288121,-0.02331,0.022781,0.183166,0.321662,0.376086,0.193489,-0.419574,-0.154516,-0.056366,-0.114754,0.16994,0.347997,0.061569,-0.325402,0.189287,0.14647,-0.382525,0.069018,0.287417,0.115319,0.366008,-0.055818,0.167245,-0.17936,-0.189152,0.094693,0.103771,-0.264579,-0.022575,0.028708,0.071046,-0.419918,-0.286398,-0.064896,-0.100783,-0.168798,-0.027627,0.013981,-0.320037,0.352689,-0.064849,-0.06576,-0.067101,0.000808,-0.084711,-0.329453,-0.291952,-0.348466,0.074071,-0.432112,-0.28815,0.31111,-0.01898,-0.430219,-0.301228,-0.200788,-0.375587,-0.606209,-0.606813,0.332339,-0.379769,-0.012996,-0.381231,-0.190181,-0.390124,-0.221729,-0.068471,-0.092534,-0.069937,-0.171371,-0.342524,-0.310083,-0.442746,-0.092696,-0.358951,0.177027,0.210546,-0.338407,-0.280506,-0.663311,-0.315303,0.061918,-0.310257,-0.072634,-0.282409,-0.09024,-0.183665,0.3035,-0.284387,-0.398971,-0.288435,-0.153352,-0.083292,-0.380956,-0.432662,-0.13225,-0.301389,-0.13944,-0.383163,-0.151644,0.069021,-0.584802,-0.069522,0.004176,-0.171653,-0.234958,0.213,-0.066943,-0.621097,0.193608,-0.293005,-0.205089,-0.101252,0.158155,0.043914,-0.26698,-0.230903,-0.110718,-0.024445,-0.149949,-0.537492,-0.236292,-0.272294,0.327421,-0.620428,-0.066569,-0.433051,-0.535266,-0.147352,-0.241711,-0.280638,-0.50582,-0.185519,0.124082,-0.353814,0.046828,0.368142,-0.44219,0.265354,0.097022,-0.278495,-0.012731,-0.043347,0.389148,0.001864,-0.031602,0.447579,0.237046,-0.154979,-0.403755,0.452872,-0.287802,-0.205089,0.266823,0.196778,-0.21026,0.346826,-0.089063,0.335917,0.264964,0.395275,-0.407785,-0.02111,-0.192828,-0.090545,0.222301,0.011831,0.518484,0.403847,0.468033,-0.020737,-0.009133,0.196624,-0.267085,-0.156017,0.104571,#
15,-0.017427,-0.264982,-0.147486,-0.033688,0.275539,0.144104,0.131944,0.306567,-0.442274,0.103462,0.225888,0.099879,-0.282847,-0.390159,-0.06853,1.0,0.028343,-0.198133,-0.109412,0.078471,0.014959,-0.193941,-0.207181,-0.060762,0.119452,0.180254,-0.185165,-0.17969,0.296287,-0.154294,-0.324427,-0.320363,-0.249804,-0.085477,-0.044311,0.040416,-0.391459,0.175091,0.244095,0.245798,-0.216041,-0.248016,-0.751012,-0.181032,-0.074964,0.334912,0.076614,0.169282,-0.195976,-0.128367,0.028465,0.184473,-0.087896,0.243633,0.195257,-0.198374,-0.164896,0.139809,-0.403435,-0.411322,-0.193653,0.206112,0.173648,0.020737,0.028844,-0.200826,-0.246449,-0.023441,-0.059278,-0.120259,-0.045192,-0.277208,0.055073,0.306091,0.081653,0.04441,-0.236556,0.013142,-0.22733,0.149027,-0.268344,-0.106758,0.100519,0.056196,0.264876,-0.168026,-0.065062,-0.236556,0.012289,0.129242,0.113201,-0.080372,0.215783,-0.009614,-0.096247,0.395782,0.137924,0.152236,-0.007206,-0.114518,0.073065,-0.14859,-0.408024,0.053613,-0.027669,-0.006268,-0.442462,0.300568,-0.108584,-0.069883,-0.147231,-0.217959,0.284306,-0.205512,-0.006272,-0.023203,0.012268,0.383746,0.036035,0.1668,-0.032023,0.193983,0.105065,-0.095036,0.04265,0.031003,-0.249646,-0.122626,-0.318618,-0.201628,-0.017364,0.01474,-0.073695,-0.184276,0.116618,-0.092556,0.100441,0.026226,-0.284394,0.010724,0.225061,-0.000738,0.056305,0.204895,0.093432,0.002537,0.097289,-0.146092,-0.010963,-0.005601,-0.059268,0.234024,-0.170815,0.215783,0.031003,0.079994,-0.110613,-0.102887,-0.216453,0.392965,0.090468,-0.007678,-0.064558,0.076023,-0.551388,-0.262401,0.24005,-0.162872,0.035647,-0.092556,0.138009,-0.374541,-0.04669,0.099205,-0.269277,0.03181,-0.092556,-0.301866,-0.320595,0.33467,0.041002,-0.109653,0.13864,-0.284568,0.022027,0.095537,-0.063312,0.257933,0.130631,-0.216959,0.009378,-0.167108,0.005896,-0.137908,-0.134274,-0.191585,-0.115004,-0.175496,-0.060367,-0.038056,#
16,0.0202,0.173663,0.048037,-0.142323,0.047748,0.368758,-0.125286,-0.223559,0.013567,-0.341218,0.291115,0.046466,-0.190519,-0.441376,-0.16887,0.028343,1.0,0.043453,0.080816,-0.219878,0.068059,-0.281007,-0.048808,-0.420495,0.083894,-0.174662,-0.321235,-0.146005,-0.276153,-0.20081,-0.001283,0.227112,0.057827,-0.202702,0.011159,0.138532,0.311075,-0.110102,-0.371491,0.03189,0.319774,-0.229898,-0.05023,0.340687,0.423276,0.060564,-0.382141,0.200348,-0.058687,0.015715,0.21543,-0.11871,0.257161,-0.353957,0.02627,0.066746,-0.4192,-0.205589,-0.044477,-0.275535,-0.12969,0.414358,0.308724,-0.187378,-0.122525,-0.069314,-0.202392,-0.176517,0.183016,0.260716,-0.051727,0.186147,0.305984,-0.138045,-0.120897,0.037636,-0.479382,0.09391,-0.16688,-0.236367,0.213346,0.02633,0.008464,-0.324256,-0.191826,-0.395656,-0.234057,-0.298359,0.057221,-0.233151,-0.069098,-0.033399,-0.116971,-0.11802,-0.291682,-0.162973,0.146515,-0.204785,-0.309715,-0.129899,0.127075,-0.040183,-0.230898,-0.050533,0.006876,-0.262918,-0.012387,0.192829,0.022729,-0.035419,0.282975,-0.105149,-0.19764,-0.114089,0.100441,-0.010109,-0.44385,0.006531,0.087572,-0.049041,-0.343408,-0.165132,-0.122295,-0.134015,0.055878,-0.252273,-0.167347,-0.086484,-0.259697,0.067028,0.089504,0.054642,0.143415,0.085699,-0.043205,-0.108076,0.23016,-0.226487,-0.045054,0.07981,-0.446428,0.240584,-0.06807,0.034789,0.063797,0.148286,-0.163747,0.131245,0.086142,0.044749,-0.382396,0.289068,0.126526,0.044749,-0.06785,-0.395419,-0.175551,0.108931,-0.264077,0.14235,-0.056213,0.050488,0.362467,-0.023217,-0.137343,0.267825,0.035045,0.026797,-0.053822,-0.467085,-0.227092,-0.139632,-0.028982,0.082749,-0.051418,0.001996,-0.101036,0.261993,-0.128146,0.052907,-0.237714,0.214255,0.089114,0.101502,-0.232682,-0.041337,0.113854,0.351072,-0.01747,-0.020574,-0.051991,0.131062,0.27664,-0.005075,0.041571,0.464403,0.283733,0.020673,-0.228361,-0.286909,#
17,0.23408,0.248732,0.366864,0.100918,-0.120032,0.081787,-0.262523,-0.212896,0.062793,-0.024263,-0.164118,0.213725,0.068555,0.368856,-0.114306,-0.198133,0.043453,1.0,-0.078805,0.286559,0.11856,0.311289,0.043561,-0.065971,0.090763,0.16351,0.117619,0.235173,-0.09252,0.261591,0.229714,0.252127,0.09231,-0.054628,0.274448,0.222505,0.202992,-0.072375,-0.133815,-0.195617,0.203636,0.191274,0.11101,0.0175,-0.20927,-0.352784,0.10984,0.111569,0.199747,-0.078622,0.009479,-0.190152,-0.103606,-0.162416,-0.140445,-0.23119,-0.331156,-0.365203,-0.130236,-0.12781,0.026302,0.210592,0.155191,-0.119362,-0.167061,-0.058447,0.037902,0.296083,0.06052,0.519507,0.289793,0.226406,-0.445014,0.154171,-0.011599,-0.163338,0.273882,-0.176487,-0.096949,-0.216599,0.306952,0.030075,0.297258,-0.082102,0.05812,0.047294,-0.044697,0.286762,0.274334,0.084542,0.279327,0.156614,0.083953,0.30277,0.111604,0.488813,0.386403,-0.022772,-0.219855,-0.419875,-0.212427,0.064029,0.0336,0.37102,-0.135626,0.049634,-0.095771,-0.365094,-0.147792,0.286971,0.369669,0.001546,0.173272,0.287446,0.214956,0.023546,-0.06133,-0.265768,0.376816,-0.081083,0.0326,-0.059709,-0.056536,0.006954,0.083987,0.028156,0.081891,0.16854,0.26935,0.303936,0.357757,0.115697,-0.012995,-0.25487,-0.005946,0.029667,0.126223,-0.098837,0.133373,0.15487,0.121576,-0.301236,-0.159332,-0.351383,-0.245202,0.305209,0.118004,-0.250512,0.023159,-0.081115,-0.15336,-0.243879,0.555016,-0.087463,-0.14279,-0.096369,0.246385,0.287414,-0.071466,-0.089375,-0.220254,0.041638,0.035556,-0.013758,-0.147184,0.148962,0.202817,0.08429,0.17768,0.227177,-0.350944,0.01251,-0.428429,-0.080726,-0.056471,-0.014993,0.209296,0.019741,0.267441,-0.475607,0.067524,-0.006633,-0.365902,-0.192897,-0.287241,-0.101467,-0.017622,0.298659,-0.273043,-0.096548,0.137071,-0.099358,-0.129566,0.098736,-0.296167,0.100101,-0.063825,0.154646,0.492315,0.325504,#
18,-0.414411,0.072337,0.072159,-0.207278,0.037832,-0.399391,0.124385,0.062831,0.358218,0.022393,0.039132,-0.217739,0.002871,0.062619,0.390436,-0.109412,0.080816,-0.078805,1.0,-0.363782,-0.03706,-0.39152,-0.010064,0.100949,0.07493,0.204552,0.13043,0.37167,0.070164,0.109427,-0.174784,0.103724,0.215755,-0.236952,0.408898,0.260356,0.379616,-0.392736,-0.070858,-0.081356,-0.195528,-0.06129,0.351974,-0.072522,0.127158,-0.097499,-0.020311,-0.31595,0.279127,0.143334,-0.155853,-0.04047,-0.060995,0.142074,0.212709,0.044427,-0.309524,-0.174833,-0.115351,-0.245722,-0.124281,0.006612,-0.052108,0.599406,0.015683,-0.091084,0.040666,0.0934,0.105071,-0.091829,-0.204255,-0.321554,0.180763,-0.288352,0.018576,0.267968,0.108352,-0.031447,0.175899,-0.364773,-0.260647,-0.312737,-0.56008,-0.104185,-0.400249,0.025285,-0.267719,-0.102025,-0.205576,-0.052008,-0.208936,-0.147797,-0.211925,-0.394345,-0.404187,-0.268826,0.027114,-0.117156,-0.226802,-0.126214,-0.237079,0.184626,-0.032009,-0.306687,-0.180863,0.036441,-0.183084,-0.171566,0.029051,-0.014718,0.082552,0.022998,0.013962,-0.208282,-0.143116,-0.322782,-0.057365,-0.108649,-0.257408,0.123899,-0.2602,-0.125135,-0.493926,-0.147217,0.07086,-0.48878,-0.133032,0.107053,-0.333319,-0.349424,0.229965,-0.209975,-0.213129,0.024765,0.188821,-0.136606,0.078521,0.060764,-0.208562,-0.142064,-0.365339,0.200573,0.008976,-0.402291,-0.433501,0.043055,-0.40025,0.232821,-0.348607,-0.029473,-0.384014,-0.100721,0.0743,-0.211925,-0.34493,-0.325393,-0.100907,0.105359,-0.108601,0.139365,0.299126,0.007886,0.238164,0.074502,-0.001552,-0.197436,0.052907,0.38287,-0.296563,0.096727,0.234387,0.115753,0.045382,-0.142488,0.257544,0.217608,0.014848,0.184266,0.065305,-0.191969,0.127699,0.058725,0.57925,0.064364,0.026962,-0.081069,-0.348269,-0.055344,0.038929,0.069296,-0.086784,0.049493,0.226024,0.148611,0.19003,0.022182,0.300982,0.012192,-0.465522,0.137707,#
19,-0.037406,-0.204627,0.093896,0.541943,-0.032743,-0.141452,-0.467447,-0.161652,-0.54209,-0.150337,-0.265412,-0.027377,-0.183774,0.113959,-0.21017,0.078471,-0.219878,0.286559,-0.363782,1.0,0.355787,0.039564,-0.019501,-0.018289,0.107782,0.106457,-0.138805,0.046485,0.02879,-0.044935,0.31939,0.059723,0.135497,0.167631,-0.065849,-0.535024,-0.020439,0.264142,-0.332501,-0.127839,0.233882,0.369916,-0.121767,0.099851,-0.274454,0.113115,0.38179,0.148366,0.15434,-0.139709,0.14347,0.197293,0.331606,-0.046743,0.057458,0.124762,0.227393,-0.240323,-0.104498,0.108104,-0.250989,-0.043502,0.383211,-0.182797,-0.030453,-0.113416,0.128031,0.197145,-0.314742,-0.028525,0.244304,0.110887,0.068101,0.451442,0.261501,-0.412727,0.381532,0.140491,0.289719,0.353818,0.382018,0.439079,0.528028,0.499229,0.198537,-0.081264,0.360093,0.387948,0.521298,0.177426,0.534118,0.136135,0.528718,0.209978,0.240178,0.278849,0.124905,0.134707,-0.127038,0.164065,-0.282876,0.147476,0.134674,0.426795,0.43226,0.618576,0.304482,-0.327533,0.303398,0.156639,-0.080816,-0.417673,0.15264,0.685914,0.266867,0.282381,0.187594,0.377631,-0.036043,0.018982,0.418986,0.247153,0.426825,0.298802,0.255822,0.119113,0.121547,-0.052301,-0.187506,0.213214,0.119018,0.402224,0.317613,-0.145146,0.128802,0.102592,0.385672,0.087176,0.174376,0.463685,0.328492,-0.261829,0.140946,0.210189,0.401704,0.217652,0.701067,-0.557256,0.598871,0.019391,0.306748,0.185694,0.266879,0.35795,0.160668,0.298455,0.042987,-0.101798,0.275049,0.185648,-0.412001,0.077334,-0.360279,0.138,-0.192442,-0.277852,0.304081,-0.175445,0.273326,0.077895,-0.394764,-0.037954,0.286321,0.262708,-0.267962,0.145426,0.281541,-0.416077,-0.320739,0.069379,-0.217759,-0.234153,-0.242699,-0.122658,-0.366175,0.177464,0.030483,0.275095,0.133315,-0.523782,0.268648,-0.228769,-0.517806,-0.271431,0.088779,-0.190585,-0.637568,0.35828,0.252718,0.07265,#
20,-0.202335,-0.384901,-0.05348,0.261017,-0.17234,-0.256917,-0.504326,-0.121007,-0.098401,-0.217897,0.047556,0.117031,-0.317583,-0.059489,-0.394239,0.014959,0.068059,0.11856,-0.03706,0.355787,1.0,-0.351864,-0.350754,0.094037,0.398023,0.320279,0.025154,0.261123,-0.036624,-0.100315,0.561844,0.280239,0.213171,0.09325,0.241976,-0.440398,0.075208,0.211198,-0.226715,-0.006551,0.3502,-0.119531,-0.015132,-0.214514,-0.16783,0.119902,0.165187,-0.016433,0.111187,0.020236,0.079317,-0.102061,0.278139,0.117806,0.030858,0.331014,-0.115312,0.189735,0.015575,0.108739,-0.129813,0.065384,0.30041,-0.363339,-0.070288,-0.103914,-0.18203,0.192893,-0.408623,-0.08206,0.044349,0.012251,0.288718,0.616115,0.279363,-0.477554,0.282277,0.502344,0.249347,0.368619,0.096009,0.616115,0.496828,0.220806,0.070341,-0.106646,0.374307,0.113783,0.834151,0.355841,-0.134582,0.039643,0.341148,0.108234,0.320726,0.276599,0.038745,0.209743,0.095741,0.162351,-0.269521,0.408425,-0.005456,0.247323,0.43894,0.342751,0.260075,0.09366,0.447887,0.381342,-0.072387,-0.355888,0.083378,0.497378,0.336293,0.279932,0.179629,0.445177,0.331597,0.573464,0.420453,0.390361,0.16194,0.641583,0.27983,0.165375,-0.407627,-0.382382,0.188141,0.184586,0.154714,0.344275,0.383284,-0.149629,0.202093,0.037344,0.21988,0.070323,0.257554,0.662715,-0.002705,0.085795,0.39823,-0.081598,0.135878,0.137266,0.506177,-0.635164,0.335716,0.317698,0.205092,0.274143,0.408587,0.513904,0.002838,0.237761,-0.057017,-0.216503,0.389498,0.31213,-0.36882,-0.007774,-0.074722,-0.065963,0.128833,-0.296184,0.421593,-0.026367,0.232208,0.01948,-0.364905,-0.110692,0.422587,-0.024963,-0.440199,0.261689,0.232568,-0.277476,-0.330498,0.175289,-0.277332,-0.038804,-0.153956,-0.150556,-0.161331,0.232522,-0.13631,0.407151,0.183209,-0.423495,0.016525,-0.450029,-0.343229,-0.437203,-0.155932,-0.102047,-0.236179,0.451479,0.322715,-0.153566,#
