0,1.0,0.008479,0.032934,-0.076686,0.322908,-0.075932,0.046,0.066799,0.262544,-0.014291,-0.185236,0.21545,0.257212,0.017531,0.466495,0.186001,0.299671,-0.101684,0.081547,-0.218906,-0.183129,0.205025,-0.077353,0.053181,0.035074,-0.214135,-0.268626,-0.247026,0.336553,0.07876,-0.373083,0.002504,-0.139874,-0.105291,-0.074547,-0.109897,0.099938,0.172018,0.088044,0.042875,-0.031861,-0.26126,-0.281771,0.378236,0.299188,0.221046,0.39411,-0.086581,0.129604,0.209867,-0.229481,-0.000642,0.280852,-0.178765,0.136018,0.068939,-0.15376,0.181101,-0.182239,0.100563,0.204817,-0.134458,0.121941,-0.05201,0.157151,0.126218,-0.066634,-0.375768,0.218514,-0.132047,0.238863,-0.383289,-0.139874,-0.166426,-0.39434,0.102793,0.070934,-0.209206,-0.191171,-0.02579,0.228094,-0.303325,-0.065203,-0.456196,0.186933,0.015653,-0.238108,-0.086703,-0.080533,-0.390995,0.214583,-0.139403,0.277268,-0.027637,0.036145,0.006341,-0.262711,-0.245465,0.206468,-0.117806,-0.025109,-0.092727,-0.151407,-0.141016,0.198696,-0.165423,-0.131675,-0.052362,0.164262,-0.469802,-0.365792,-0.139874,0.155938,-0.072937,-0.337415,-0.244167,-0.138548,-0.105863,0.065184,-0.507872,0.029949,-0.007139,-0.283936,-0.149699,-0.135518,-0.094012,0.006409,-0.051729,-0.372797,0.103013,0.105482,-0.433499,-0.138805,-0.017629,-0.313434,-0.221292,-0.202024,-0.243453,0.058874,-0.268206,-0.141016,-0.363397,-0.114421,-0.273584,-0.408879,0.139391,-0.004871,-0.025107,-0.29604,-0.233122,-0.17089,-0.086296,0.165944,-0.146625,-0.299603,0.191184,0.179548,0.18055,-0.322131,0.014305,-0.193141,0.109081,0.212025,-0.16426,-0.036272,0.144121,0.167741,-0.05254,-0.267895,-0.130279,0.096944,0.031469,0.029949,-0.154449,0.386585,-0.034758,0.160951,0.171036,0.036845,-0.2972,-0.073548,-0.133044,0.102732,0.235371,0.088967,-0.0884,0.413505,0.067092,0.155009,0.249376,-0.386082,0.126923,-0.029282,0.108755,-0.187705,0.199409,-0.028498,-0.201653,0.145599,0.021425,#
1,0.008479,1.0,0.013354,0.135718,0.23191,0.33014,-0.103419,-0.280621,0.056397,0.033184,-0.014389,0.126766,-0.113477,0.153183,0.264879,0.119746,-0.280583,0.057375,-0.231877,0.0934,0.000474,0.397133,0.180598,-0.223948,-0.083442,-0.263883,-0.202346,0.103159,0.246966,0.421731,-0.381796,-0.071296,-0.114655,-0.091995,-0.253508,0.235897,0.101079,-0.171889,0.175076,0.168052,0.126404,-0.321154,0.200969,0.275468,-0.28078,0.076629,0.290454,0.165588,-0.102649,0.122138,0.157241,0.153132,0.127611,0.184357,0.036077,-0.034093,0.023054,0.274205,0.02349,-0.094328,0.087382,-0.056715,0.242609,0.164725,-0.098442,0.064073,0.006821,0.241253,0.462288,0.162737,-0.15548,-0.126496,-0.114655,-0.046425,-0.017141,0.075537,-0.199085,0.203234,-0.096408,-0.019663,-0.180197,-0.162349,-0.272773,0.238503,0.016158,-0.053962,-0.279137,-0.207502,0.062023,-0.069368,-0.1424,0.029423,0.100919,-0.350109,-0.421001,-0.044027,-0.276035,-0.310888,-0.246619,0.088677,-0.022528,0.015771,0.13597,-0.225138,-0.180386,-0.119689,-0.491632,0.124247,0.167065,0.013495,-0.147369,-0.114654,-0.457459,-0.311837,0.17824,0.074577,-0.245667,-0.087276,0.204868,0.011641,-0.315473,-0.22122,0.156797,0.024613,0.072723,0.245651,0.103622,0.12997,0.259987,-0.050687,-0.042701,-0.136518,-0.16795,-0.139867,-0.080224,-0.143504,-0.165599,-0.327602,0.389419,-0.043382,-0.225138,-0.107494,0.186323,-0.458068,-0.085508,0.201389,0.115973,-0.036105,-0.107265,-0.136261,-0.393678,-0.046191,-0.245142,-0.049697,-0.129767,-0.015908,-0.077458,0.066749,0.240201,-0.093358,-0.041708,-0.16556,-0.056351,0.005844,-0.047271,0.42764,0.135514,-0.684191,0.196319,-0.280706,-0.226889,-0.093918,-0.315473,0.111471,0.074127,0.213386,0.026952,0.035733,0.214171,-0.207466,-0.07076,0.113224,-0.187385,0.144182,0.39201,-0.114466,0.119863,-0.025089,-0.016296,0.322199,0.066033,0.193045,0.32811,0.338972,0.021523,-0.230804,0.319321,0.018537,0.046538,0.346961,#
2,0.032934,0.013354,1.0,0.34092,-0.137671,-0.150887,0.120895,-0.063168,0.118451,0.209734,0.090407,0.088493,-0.203095,0.234018,-0.007692,-0.226591,-0.479085,0.284216,0.238458,0.360701,-0.253897,0.092531,-0.035835,0.255746,0.002314,0.020209,0.003118,-0.149039,0.232832,-0.269721,0.211949,0.272578,-0.195768,0.094479,-0.354864,0.032186,-0.134401,0.029194,0.007153,-0.397762,-0.385317,0.282122,0.069921,-0.034248,-0.084627,-0.396597,0.139835,0.068785,-0.260275,0.124951,-0.324085,0.243107,-0.085035,0.190566,-0.340333,-0.165254,-0.023212,-0.191673,-0.463017,-0.262676,0.281416,0.295739,0.112136,-0.12863,-0.125364,0.031705,0.241781,-0.287212,-0.125517,0.014246,0.10819,-0.004936,0.181919,0.271073,-0.205191,0.205462,0.031862,-0.158115,-0.004636,-0.032082,0.177805,0.015014,-0.288492,0.250848,-0.106737,0.068216,0.017542,-0.156056,0.094528,-0.12965,-0.067231,-0.133204,0.163136,0.456621,0.079471,0.296311,0.123932,0.095041,-0.082009,0.154368,-0.44942,-0.316036,-0.1155,0.264625,0.026846,0.202309,0.142876,0.144452,0.104318,0.022375,0.33226,-0.195768,-0.118322,0.263853,0.174299,-0.091439,-0.077959,0.017825,0.238357,-0.156892,-0.162975,0.437075,0.114208,-0.126913,-0.016509,0.4412,0.164776,-0.378445,0.082049,-0.075852,0.317992,0.256985,-0.28739,0.075111,0.258783,0.120666,0.03011,0.420033,-0.075068,-0.071074,0.444656,0.01982,0.118135,-0.186444,0.201514,0.267344,0.042955,-0.145044,-0.193935,0.134023,0.110781,0.480033,0.220725,0.274157,0.462354,0.220422,-0.05778,0.164574,0.261888,0.04127,0.134634,-0.006752,0.247401,0.201172,-0.054111,-0.120519,0.108922,0.095904,0.180417,0.11989,-0.292179,0.223784,-0.162975,0.062112,0.121795,0.234909,-0.006386,0.215979,0.022629,0.146383,0.192642,0.085122,-0.232283,0.053136,-0.213973,0.154321,-0.005079,0.410108,-0.013521,0.024114,0.228978,-0.36805,-0.247983,-0.049727,-0.360161,-0.239604,-0.221082,-0.109564,0.247793,-0.185556,#
3,-0.076686,0.135718,0.34092,1.0,-0.330082,-0.149206,-0.245134,-0.154976,-0.356037,-0.19984,0.092304,0.012573,-0.371203,-0.211738,0.063069,0.268477,-0.146295,-0.2497,-0.143913,0.067956,-0.232092,-0.027137,-0.428202,-0.025834,0.111683,0.199562,-0.129951,-0.018807,0.026615,-0.353773,-0.245195,-0.039664,-0.229909,0.079281,-0.061567,-0.25188,-0.140094,0.152951,-0.031635,0.161448,-0.142859,-0.030882,-0.102327,-0.074774,0.035345,0.263255,-0.208347,-0.517668,0.065162,0.033053,-0.243013,0.322646,0.060902,0.210138,-0.04545,0.203337,0.053941,0.017735,-0.421457,-0.191828,0.054316,0.003179,0.410753,0.185644,-0.030048,-0.48326,-0.277532,-0.056641,-0.305481,-0.055181,-0.088506,0.277063,0.146991,0.133441,-0.216093,0.309638,0.095963,0.504246,0.359341,-0.211462,0.19307,0.190836,0.035858,0.096204,-0.105201,0.145389,0.159961,-0.082685,0.115659,-0.091195,0.253522,0.202974,0.159485,0.164297,-0.203654,-0.02728,0.16458,0.115648,-0.016926,0.229351,-0.143325,0.275618,0.175849,0.127223,0.038999,0.095264,0.098082,0.305427,-0.016672,0.04707,-0.183002,-0.229909,-0.265816,0.109808,-0.13813,0.346206,0.317136,-0.015935,-0.428158,0.33993,0.131194,-0.238147,0.248656,0.530561,0.327742,-0.040545,0.083533,-0.320702,0.102381,0.245414,-0.285288,-0.231634,-0.130955,0.025895,0.177338,0.187233,0.26923,0.10599,-0.308475,0.229431,-0.036168,0.177041,0.033287,-0.176913,0.171574,0.259785,-0.265131,-0.337046,0.091307,-0.177777,-0.080609,0.234866,0.146395,0.142711,0.07295,0.162231,-0.252629,-0.348223,0.238195,-0.046382,0.057453,-0.045612,0.322829,-0.298246,-0.390775,-0.138932,-0.005643,-0.220431,0.414376,-0.367546,-0.126384,-0.288962,0.131194,0.154244,-0.068921,-0.159256,0.167949,-0.146966,-0.449509,0.082967,-0.135006,-0.09661,0.079057,-0.004747,-0.067199,-0.139679,-0.211585,-0.189175,0.434956,-0.144604,0.032641,0.138808,-0.117473,-0.375759,-0.385996,-0.000975,-0.276059,0.167662,-0.20338,-0.005589,#
4,0.322908,0.23191,-0.137671,-0.330082,1.0,0.216215,0.07675,0.130646,0.29786,-0.038638,-0.34604,0.205474,0.329645,0.243765,0.21225,-0.020342,0.190678,0.339117,-0.166353,-0.002301,0.397761,0.054298,0.564979,-0.297606,-0.1701,-0.402285,-0.027687,-0.141409,0.109503,0.388959,-0.233937,0.042478,0.125831,-0.337493,-0.324208,0.315897,0.173968,-0.384119,-0.087172,-0.26642,0.023499,0.137582,-0.061744,0.144961,0.157778,-0.156548,0.546264,0.448107,0.176668,-0.208701,-0.024113,-0.505951,0.139641,-0.291436,0.211988,-0.037398,-0.339701,0.006401,0.319679,0.154694,0.100204,0.137949,-0.140238,-0.286092,-0.050107,0.64411,0.069812,0.125267,0.555446,0.150742,0.206261,-0.517663,-0.271529,-0.661315,-0.386383,0.253947,-0.418859,-0.38661,-0.410728,-0.230191,-0.125387,-0.614412,-0.36705,0.001671,-0.324255,-0.001768,-0.689351,-0.030169,-0.034412,-0.252165,-0.480768,-0.47193,-0.200484,-0.48109,-0.154039,-0.341362,-0.561047,-0.525293,-0.15509,-0.257949,-0.193905,-0.374839,-0.324288,-0.318176,-0.28708,-0.571513,-0.134851,-0.297747,0.176871,-0.548336,0.22679,0.158944,-0.282935,-0.695682,-0.15101,-0.068273,-0.339919,-0.423906,0.306345,-0.531553,-0.182223,-0.102571,-0.543516,-0.612113,0.068121,0.290208,-0.187711,0.477826,-0.29446,-0.474682,-0.20444,-0.040489,-0.453411,-0.058723,-0.449307,-0.444378,-0.392177,-0.369615,0.35523,-0.361761,-0.338052,-0.383848,-0.246717,-0.162067,-0.688477,-0.225854,0.030817,0.653454,-0.469123,-0.121911,-0.579154,-0.025362,0.056639,-0.674349,-0.480993,-0.165791,0.33265,0.516852,-0.461756,0.014436,-0.224388,0.218584,-0.171151,0.187058,-0.067416,0.299024,-0.147549,-0.247696,-0.569186,0.13987,-0.134083,0.267349,-0.393082,-0.515369,0.041267,-0.081989,0.091944,0.29614,0.380539,-0.47971,0.34611,-0.061929,-0.172416,0.065418,0.548462,-0.255005,0.223746,0.066358,-0.282672,0.371851,-0.43752,0.274932,0.544692,0.319078,-0.221606,0.381959,0.348223,-0.249257,-0.251702,-0.121309,#
5,-0.075932,0.33014,-0.150887,-0.149206,0.216215,1.0,0.396971,0.251392,-0.031538,-0.085879,-0.090273,0.270863,0.161539,0.415241,0.056294,-0.071115,0.035551,0.203013,-0.135139,-0.13498,0.234031,0.292816,0.122926,-0.369929,0.139774,-0.300063,0.069093,-0.171448,0.054879,0.264558,-0.165827,0.156634,0.160609,-0.357243,-0.281473,0.294442,0.065626,-0.174491,-0.030991,-0.149549,0.349714,0.001585,0.129055,0.051977,0.058955,0.12442,0.116664,0.397626,0.198759,-0.13308,0.211548,-0.193448,0.243834,-0.331578,0.110826,-0.129979,0.033697,0.232379,-0.126235,-0.132044,-0.003808,-0.164544,-0.239962,0.115724,-0.040088,-0.006073,-0.055021,0.334859,0.381347,-0.166614,-0.375024,-0.489054,-0.227962,-0.22236,-0.083108,0.163675,-0.260051,-0.034886,-0.302703,-0.345807,-0.161689,-0.46115,0.308272,-0.230324,-0.127977,0.273133,-0.0134,-0.064904,-0.259295,-0.242718,0.047915,-0.166726,0.126731,-0.578022,-0.2187,-0.351364,-0.266668,-0.224922,0.008953,-0.429433,0.188525,-0.227273,0.123926,-0.555461,-0.243934,-0.331882,-0.096699,-0.70183,-0.073025,-0.303635,-0.002726,0.19299,-0.171763,-0.392227,0.057128,-0.198852,-0.236706,-0.244897,0.083166,-0.061983,-0.049385,-0.111948,-0.129679,-0.309458,0.009459,-0.040783,-0.132724,0.14449,-0.037957,-0.35673,-0.156284,-0.186125,0.169794,-0.244758,-0.006274,0.045883,-0.019294,-0.236396,-0.047945,-0.306252,-0.399968,-0.193487,-0.357757,-0.198115,-0.00973,-0.191704,-0.04123,0.264887,-0.28464,-0.173898,-0.10387,0.105304,-0.132582,-0.069168,-0.271236,-0.286333,0.493543,0.224123,-0.264662,-0.058411,-0.002105,-0.004542,0.106493,0.045839,-0.070686,0.55102,0.126911,-0.128589,0.041733,-0.150791,0.23593,0.167052,-0.25558,0.109077,0.396216,-0.041047,-0.128377,0.209773,0.251019,-0.391369,0.230633,-0.052626,-0.11502,0.490641,0.470916,-0.415385,0.125251,-0.017956,-0.300674,0.247936,-0.066679,0.30288,0.494686,0.203668,0.319746,0.165771,0.303579,-0.206165,-0.041524,0.177854,#
6,0.046,-0.103419,0.120895,-0.245134,0.07675,0.396971,1.0,0.402217,0.27222,-0.230513,0.357485,0.094088,0.083308,0.25513,0.163715,-0.040379,0.219757,0.171002,0.41628,-0.118783,0.18682,0.382547,0.012359,-0.097311,0.098588,-0.028459,-0.026897,-0.066866,0.457485,0.019309,-0.237159,0.26912,0.147363,-0.605829,-0.186012,0.374471,0.147059,0.051848,-0.054287,-0.371163,-0.029377,0.08289,-0.085718,0.138784,0.021223,-0.166351,0.174168,0.082148,-0.029055,0.114976,-0.138733,-0.100507,-0.150926,-0.032416,-0.243539,-0.234854,0.074199,-0.106199,-0.106864,0.12137,0.083232,0.004945,-0.36737,0.235529,-0.01264,0.021575,0.143011,0.105925,0.350687,-0.10981,-0.008556,-0.373989,-0.247359,-0.096986,-0.167435,0.228361,-0.12414,-0.467023,-0.709123,-0.274883,-0.055023,-0.386164,-0.109794,-0.292994,-0.183478,0.059874,-0.250168,-0.300714,-0.482775,0.00648,-0.023175,-0.243587,-0.101849,-0.257269,-0.303601,-0.068965,-0.489136,-0.319921,-0.39143,-0.328284,0.16273,-0.474309,-0.378904,-0.457696,0.006572,-0.343154,-0.059304,-0.425821,0.027757,-0.168329,0.014929,0.180256,-0.050977,-0.126539,-0.006825,-0.282587,-0.454189,-0.142822,0.075836,-0.142111,-0.303069,-0.000696,-0.407471,-0.397552,-0.204557,0.054949,-0.550816,0.241613,-0.232278,-0.401033,-0.053265,-0.248096,-0.081513,-0.142087,-0.11757,-0.200023,-0.042404,-0.299195,-0.017998,-0.41363,-0.11159,-0.278316,-0.402083,-0.080471,-0.247341,-0.133808,-0.273145,0.337311,-0.199653,-0.020111,0.166723,0.168223,0.042549,-0.094494,-0.2042,-0.52815,0.213118,0.454779,-0.353923,-0.105938,-0.084615,-0.357184,-0.108273,-0.017993,-0.132821,0.456649,-0.275334,-0.12773,-0.170647,0.004869,0.139,0.272071,-0.303069,-0.157666,0.31746,-0.144185,-0.164133,0.443881,0.335987,-0.348904,0.472549,-0.023508,0.097518,0.570922,0.352215,-0.141044,0.191321,0.262379,-0.029529,0.163447,-0.151284,0.380261,0.348915,0.278353,0.062995,0.298523,0.349449,-0.309244,-0.069409,0.159839,#
7,0.066799,-0.280621,-0.063168,-0.154976,0.130646,0.251392,0.402217,1.0,-0.061504,-0.254688,-0.10517,-0.203205,0.113098,0.290404,0.303645,0.006556,-0.013235,-0.236253,0.27178,-0.27786,-0.084922,0.203046,-0.089849,-0.374444,-0.03422,-0.003302,0.137637,-0.136918,-0.071988,0.012004,-0.025002,0.092679,0.387526,-0.43884,-0.041675,0.274208,0.070198,0.184434,-0.147296,-0.374412,0.053936,0.367308,0.199256,0.016241,-0.003933,0.12447,0.144441,-0.078074,0.049121,-0.188094,-0.369056,-0.150112,0.041154,-0.553682,-0.009658,0.08041,-0.063981,0.043646,-0.114274,0.096948,-0.161177,0.256527,-0.474924,0.160024,0.264071,0.229457,0.048728,0.231173,-0.074798,-0.348317,-0.079282,-0.417646,-0.101981,-0.37425,-0.123396,0.121083,-0.141361,-0.445364,-0.407509,-0.313402,-0.060169,-0.479624,0.232761,-0.442164,-0.100478,0.244104,0.039375,-0.122254,-0.251261,-0.031525,0.009542,-0.29133,0.059714,-0.311408,0.034823,0.017274,-0.401608,-0.046588,-0.158253,-0.409142,0.112471,-0.342533,0.058718,-0.374484,-0.27197,-0.28041,0.175469,-0.552717,0.022352,-0.342528,-0.198361,0.428318,0.187027,-0.029194,-0.290295,-0.101401,-0.177254,-0.004813,-0.139734,0.0661,-0.062534,-0.124293,-0.303484,-0.085699,0.207476,-0.056111,-0.280444,-0.081592,0.155408,-0.249677,0.123013,-0.251261,-0.085783,-0.164325,-0.111509,-0.087593,0.243178,-0.044475,-0.164356,-0.302506,-0.1786,-0.392258,-0.249721,0.178091,-0.173974,-0.601591,-0.28041,0.001032,-0.024412,-0.107049,0.083251,0.123384,0.305261,-0.159382,-0.021369,-0.217744,0.348285,0.122865,-0.610642,0.190869,-0.076151,-0.147259,0.039336,-0.100478,-0.311437,0.152827,-0.373657,0.154064,-0.342353,-0.015497,0.03085,0.224434,-0.062534,0.080542,0.191291,-0.056542,-0.217819,0.154447,-0.083321,-0.118212,0.036469,-0.003196,0.104795,0.291295,0.114093,-0.189707,0.15107,0.195479,-0.00337,-0.16115,-0.40637,0.455592,0.263198,0.113467,-0.040464,0.24477,0.032091,-0.27308,-0.004092,-0.165451,#
8,0.262544,0.056397,0.118451,-0.356037,0.29786,-0.031538,0.27222,-0.061504,1.0,-0.01948,0.246139,0.122985,0.353852,0.341538,-0.048829,-0.08036,0.167165,0.490718,0.441639,0.220922,-0.021189,0.012076,0.242981,0.013313,-0.301321,-0.224523,-0.06301,0.316892,0.163823,-0.034933,0.109949,0.215377,0.207898,-0.3414,-0.225855,-0.11767,0.618547,-0.157016,0.037294,-0.160665,-0.1585,0.16788,-0.198631,0.352525,0.346149,-0.35773,0.359781,0.320763,-0.139575,0.145686,0.173022,-0.068773,0.183213,0.278923,-0.368377,0.22356,-0.074489,0.012675,0.141164,0.073033,-0.324217,-0.042906,-0.129681,-0.134048,-0.062054,0.245157,0.478675,-0.132745,0.350005,0.337719,0.3688,-0.13415,-0.180696,0.009416,-0.121498,0.086159,0.231383,-0.511326,-0.258244,0.191292,0.104993,-0.217426,-0.059816,0.183031,0.114635,0.155984,-0.049601,-0.111571,-0.010118,-0.380878,0.198852,-0.078413,-0.030945,0.160847,-0.023145,0.169141,-0.051302,-0.168055,-0.025491,0.011847,-0.344303,-0.285635,-0.379143,-0.012562,0.273619,0.064367,-0.123004,0.162604,0.146337,-0.07443,0.232708,-0.180696,0.25865,0.02297,0.250989,-0.551775,-0.034047,-0.05884,0.456809,-0.421449,0.029361,0.211727,-0.11482,-0.693238,-0.30635,0.18644,-0.140702,0.363853,-0.279404,-0.062843,0.439146,0.331607,-0.066803,-0.115312,0.200314,-0.200037,0.025605,0.164549,0.264546,0.053742,0.328171,0.103777,-0.242006,-0.158145,-0.192745,-0.15763,0.260429,0.41556,-0.102339,0.182796,0.065413,0.072782,0.02908,-0.160718,-0.103335,0.019019,0.060205,0.285975,0.040421,0.068863,0.113404,0.011623,-0.008712,0.594352,0.363343,-0.012801,-0.174455,-0.061271,-0.10441,0.344504,-0.341519,0.105706,0.029361,0.006963,-0.111583,-0.029157,0.033118,0.145607,0.106029,-0.294557,0.130427,-0.106104,-0.447467,-0.001674,-0.10315,0.345141,0.093141,0.162598,-0.446668,-0.015401,0.234936,-0.283414,-0.095722,0.142999,0.123435,0.16697,-0.083431,-0.037459,0.185188,0.061265,#
9,-0.014291,0.033184,0.209734,-0.19984,-0.038638,-0.085879,-0.230513,-0.254688,-0.01948,1.0,-0.382389,0.387083,0.190558,0.467489,-0.536115,-0.254345,-0.454924,0.495135,-0.334184,-0.00329,-0.095068,-0.276324,0.04614,0.223692,0.424955,0.085458,0.414374,-0.522178,-0.038914,0.18475,0.282614,-0.283814,-0.271517,0.318212,-0.173789,0.348433,-0.17663,-0.39641,-0.084619,0.027239,0.034049,0.31716,0.198601,0.09848,0.157816,-0.279008,-0.096327,0.427184,-0.336654,0.187629,-0.0456,-0.130844,-0.088654,0.050116,0.008614,-0.4482,-0.06885,0.018766,0.3671,0.134766,0.072075,0.358838,-0.014694,-0.305612,-0.129926,0.027489,0.094083,0.061061,0.082869,0.03984,-0.085881,-0.04073,0.129739,0.047021,0.120036,-0.202078,-0.015084,-0.229496,0.256249,0.428863,-0.139856,0.207287,-0.011702,-0.002439,0.392595,-0.343466,-0.00278,-0.017878,-0.026603,0.257831,-0.302865,0.020813,-0.180678,0.269173,0.037272,0.214189,0.242009,0.149853,0.197556,0.198417,-0.212532,0.141449,0.239945,0.190306,0.051419,0.2312,0.042822,0.043089,-0.146963,0.149332,0.107234,0.163177,0.097119,0.142886,0.218725,-0.100436,-0.151712,-0.14203,0.524484,-0.280116,0.02839,0.433669,0.02199,-0.137718,-0.301339,0.173977,0.20838,-0.062204,-0.068262,0.351043,0.013022,0.486195,0.043936,0.622523,-0.1304,0.092337,-0.108068,0.161038,0.479572,-0.16635,0.204474,0.013599,0.152095,0.171877,0.330776,0.078319,0.433651,-0.113841,-0.126762,0.46034,-0.228898,0.015465,-0.151566,0.219886,0.55987,0.313229,-0.031274,0.248646,0.22779,0.211353,0.195182,0.22459,-0.158996,0.387156,0.110058,-0.029548,0.059203,0.129476,0.129286,0.184489,0.031938,-0.129832,0.012618,-0.111036,-0.105595,0.312158,-0.147209,0.138652,0.56762,0.10916,0.002152,-0.132899,-0.348355,-0.280626,-0.159543,0.023408,0.011914,0.115538,-0.32513,0.343248,0.208344,-0.555939,-0.246552,0.167627,-0.049178,-0.494382,-0.027109,0.120587,0.423885,-0.083824,#
10,-0.185236,-0.014389,0.090407,0.092304,-0.34604,-0.090273,0.357485,-0.10517,0.246139,-0.382389,1.0,-0.197396,-0.244768,-0.033418,0.109358,0.08387,0.315865,-0.080188,0.389305,0.192051,-0.139932,0.181083,-0.251646,0.178744,-0.190111,0.260939,-0.319932,0.425484,0.012579,-0.31671,-0.060956,0.323369,-0.210347,-0.316817,0.217924,-0.193928,0.147322,0.093849,-0.007555,0.094437,-0.249626,-0.267329,-0.074542,-0.322115,-0.1275,0.019083,-0.247896,-0.453852,0.019702,0.00658,0.200662,0.289817,-0.071256,0.427734,-0.47413,0.099689,0.228097,-0.176598,-0.098063,0.103296,0.025278,-0.101787,0.144433,0.190498,0.342336,-0.18603,-0.003087,0.040769,-0.132625,0.101629,-0.08966,0.305481,0.191692,0.340356,0.0063,0.169779,-0.008979,0.113467,-0.078369,0.048281,0.267847,0.076786,-0.226205,0.333091,-0.167475,0.028468,0.090786,-0.011259,-0.313258,-0.006247,0.175865,-0.080556,-0.0568,0.189657,-0.174728,0.061108,-0.029864,-0.013665,-0.263725,-0.019463,0.160913,-0.195097,-0.440255,0.163729,0.463535,-0.068165,0.012978,0.24624,-0.329231,0.449941,-0.024884,-0.210347,-0.220138,0.323617,0.147641,0.013117,-0.147146,0.06603,-0.149169,0.220393,-0.202448,-0.135233,-0.000533,0.08855,0.024017,-0.248703,-0.265816,-0.075288,0.157306,-0.122624,0.192746,-0.096333,0.077866,-0.300528,0.496348,0.23999,0.288708,0.007338,-0.324847,0.171278,0.17395,0.18111,-0.127925,-0.145666,0.101029,0.290475,0.000289,-0.087067,0.182561,-0.080501,0.351568,0.252482,-0.303609,0.026697,0.008402,-0.449123,-0.288114,0.115936,0.157477,-0.001304,0.00812,-0.303739,0.023199,-0.005665,0.185168,0.012964,-0.153732,-0.009789,0.271482,-0.102711,0.170542,-0.145754,-0.202448,0.301725,-0.132891,-0.405041,-0.303297,0.177289,-0.15059,0.100284,0.18595,-0.014887,0.012249,0.141487,0.095921,0.311557,-0.442373,-0.199486,0.297411,-0.117289,0.205379,0.093911,0.091442,0.024201,0.264422,0.108348,0.102794,-0.228618,-0.124673,0.096703,#
11,0.21545,0.126766,0.088493,0.012573,0.205474,0.270863,0.094088,-0.203205,0.122985,0.387083,-0.197396,1.0,0.159165,0.305449,-0.243267,-0.052873,-0.150674,0.320901,-0.195266,-0.2458,0.016354,0.219152,-0.139944,0.191081,0.342231,-0.363697,-0.022082,-0.365296,0.189686,0.078827,-0.110686,0.058907,0.093252,-0.140446,-0.423128,0.402266,-0.105789,-0.270713,-0.170677,0.067739,0.254655,0.120155,-0.261011,0.100158,0.057614,-0.079323,-0.062138,0.261937,0.10956,-0.126107,-0.111573,-0.179252,0.019423,-0.073992,0.154618,-0.224426,-0.290348,-0.107773,0.050866,-0.080669,-0.179685,0.250636,0.198175,-0.260285,-0.096946,-0.254717,-0.026824,-0.172261,0.313684,0.256378,-0.012938,-0.267645,0.112053,-0.029128,-0.213721,0.301762,-0.03249,-0.050548,0.021892,-0.16662,-0.073731,-0.075959,0.013627,-0.121869,0.159865,0.150141,-0.181786,-0.196806,-0.15206,-0.108397,0.057944,0.093769,0.00819,0.056063,-0.043215,0.005201,-0.0043,0.060293,0.036584,-0.178621,-0.21002,-0.002526,0.216368,-0.043477,0.188525,-0.206862,0.252181,-0.181957,-0.061436,-0.279648,0.010243,0.130854,-0.206107,-0.330036,0.165044,-0.120438,-0.045945,-0.06921,0.181624,-0.163328,0.318169,-0.060027,-0.039293,-0.257178,0.095239,0.107148,0.015848,0.024445,-0.260284,0.036252,-0.058112,0.105427,0.118247,0.094151,-0.132486,0.168988,-0.184247,0.05068,0.379278,-0.253221,0.137086,0.015473,-0.191166,-0.209351,0.019072,-0.150406,0.109774,0.056087,-0.344207,-0.085083,-0.224659,0.019408,0.129035,-0.228508,0.045838,-0.03244,0.286558,0.069145,0.057847,0.101826,0.381268,0.176541,0.159504,0.350783,-0.017863,0.025552,0.187015,-0.066044,0.329974,0.03731,-0.061612,-0.10397,0.078729,-0.211846,0.078358,-0.098894,-0.107313,0.00324,0.381678,-0.154031,0.094529,-0.112813,-0.235083,0.035167,0.061579,-0.175327,-0.048931,-0.075071,-0.191661,0.282678,0.226857,-0.139817,0.161218,-0.106986,0.123236,0.044488,-0.251324,-0.099132,0.337745,-0.127716,#
12,0.257212,-0.113477,-0.203095,-0.371203,0.329645,0.161539,0.083308,0.113098,0.353852,0.190558,-0.244768,0.159165,1.0,0.373228,0.111847,0.092368,0.158487,0.20057,-0.076512,-0.126245,0.110784,0.017425,0.126159,-0.126504,-0.13365,0.091436,0.234027,-0.022126,0.012633,-0.033105,-0.185045,0.351431,0.202323,0.035372,-0.243869,0.06835,0.314121,-0.151244,-0.260883,0.014801,-0.175125,0.345082,-0.009637,0.324861,0.358249,-0.024343,0.207926,0.231021,-0.059401,0.166091,-0.102624,-0.218024,0.137666,-0.213692,-0.011303,-0.298751,-0.495892,0.420404,0.339866,0.043763,-0.317541,-0.05624,-0.370229,0.028531,0.042504,0.23267,0.048273,0.099732,0.356242,-0.203759,0.047689,-0.257345,-0.180623,-0.323079,0.046861,0.129898,-0.098057,-0.198534,-0.235777,-0.109754,-0.214862,-0.350272,-0.04432,-0.125362,-0.04436,-0.17482,-0.034703,-0.095182,-0.335104,-0.212893,-0.126869,-0.398685,-0.055011,-0.184715,-0.161677,-0.01461,-0.031085,-0.30316,-0.005222,-0.479245,0.10261,-0.260411,-0.203353,-0.50364,-0.017512,0.056411,-0.281599,-0.319168,-0.194358,-0.255425,0.072247,-0.180623,0.092807,-0.290423,-0.204007,-0.19156,-0.197082,-0.233445,0.086141,-0.59553,0.054524,-0.122451,-0.260164,-0.39075,-0.359422,0.16052,-0.135251,0.311598,-0.455796,-0.251381,-0.083068,0.176256,-0.064913,0.021588,-0.314435,-0.190665,0.021546,0.023996,0.235772,-0.260273,-0.16786,-0.204492,-0.442294,0.145385,-0.33975,-0.075579,0.274936,0.191548,-0.431246,-0.008203,0.020378,-0.097863,0.023199,-0.167748,-0.261618,-0.188158,0.286363,0.290068,-0.421195,-0.116832,-0.131905,0.059115,-0.334901,0.123974,0.213321,0.309945,-0.325734,0.170023,-0.286132,0.177436,0.145884,0.124878,-0.148686,-0.355388,0.034686,-0.029111,-0.177299,0.144491,0.444042,-0.292117,0.131531,0.222662,-0.107743,0.151432,0.070419,-0.154511,0.076815,-0.061349,-0.212486,0.305153,-0.238832,0.022677,0.093224,0.375974,0.142829,0.003785,0.100312,-0.040038,0.079156,0.220122,#
13,0.017531,0.153183,0.234018,-0.211738,0.243765,0.415241,0.25513,0.290404,0.341538,0.467489,-0.033418,0.305449,0.373228,1.0,-0.105447,-0.176359,-0.370092,0.560894,-0.001,-0.106221,0.079136,0.092604,0.1485,-0.083264,0.150633,-0.038845,0.362877,-0.379159,0.08154,0.104179,0.063105,0.037147,0.100299,-0.182563,-0.422179,0.421095,0.343938,-0.280218,-0.143976,-0.457938,0.091531,0.540658,0.291644,0.057341,0.298434,-0.318545,0.174089,0.453664,0.04468,-0.107761,-0.023703,-0.240267,0.065593,-0.246856,-0.37058,-0.369466,-0.024013,0.196589,0.184827,0.180641,-0.205877,0.300669,-0.309414,-0.26495,0.210324,0.318312,0.252041,0.394344,0.332183,0.005255,-0.285091,-0.381801,0.118083,-0.282881,0.118845,0.212422,-0.175664,-0.492751,-0.23629,0.097846,-0.138302,-0.302131,-0.049626,0.017526,0.222855,0.053809,-0.036141,-0.345111,-0.392886,-0.046884,-0.194744,-0.339574,-0.053148,-0.023589,-0.116674,0.064362,-0.176247,-0.01113,-0.116725,-0.20536,-0.162664,-0.350662,-0.047355,-0.306071,0.057925,-0.281373,-0.007134,-0.345868,-0.136187,-0.139245,0.141838,0.135866,-0.064963,-0.001519,0.220202,-0.206696,-0.507361,-0.303825,0.431604,-0.411062,-0.093576,0.085242,-0.072061,-0.495394,-0.236726,0.168429,-0.091688,0.027911,0.015847,-0.161305,0.109865,0.350425,-0.134088,0.07594,0.045185,-0.013368,0.183645,0.177545,0.426207,-0.270153,0.068166,-0.137368,-0.371391,-0.166749,-0.028776,-0.211515,0.365591,0.123069,-0.364141,0.177641,-0.267217,0.304033,-0.013688,-0.091701,0.193968,-0.252499,0.305001,0.503193,-0.168164,0.347833,0.20685,0.18445,-0.129352,0.589403,-0.067987,0.265768,-0.286195,-0.112942,-0.169445,0.308116,-0.0121,0.144275,-0.320059,-0.028326,-0.182416,0.06489,-0.237108,0.254654,0.421851,-0.180676,0.148339,-0.000223,-0.476206,-0.028225,0.120625,-0.203889,-0.084065,0.163312,-0.411257,0.19004,0.068036,-0.09187,0.232349,0.320599,0.067833,-0.124435,0.046031,-0.316654,0.296573,-0.03881,#
14,0.466495,0.264879,-0.007692,0.063069,0.21225,0.056294,0.163715,0.303645,-0.048829,-0.536115,0.109358,-0.243267,0.111847,-0.105447,1.0,0.25913,0.100014,-0.407333,0.211349,-0.235966,-0.140169,0.528435,0.00034,-0.19805,-0.38061,-0.091493,-0.293019,0.078519,0.226482,0.109311,-0.578097,0.240299,-0.138468,-0.094569,0.073962,-0.087532,0.142623,0.315411,0.122087,-0.108429,-0.180416,-0.253483,-0.00456,0.170506,-0.128392,0.404714,0.470149,-0.361569,0.224424,0.161622,-0.272165,0.223858,0.083112,-0.237393,-0.108748,0.046125,-0.169782,0.245094,-0.350628,-0.135866,0.196497,-0.126402,0.090369,0.214677,0.320477,0.221614,-0.29599,-0.053146,0.133185,-0.316192,-0.062775,-0.173923,-0.138468,-0.220043,-0.053949,0.141156,-0.28916,0.143203,-0.435926,-0.345059,0.009799,-0.354824,-0.286939,-0.129901,-0.30545,-0.017368,-0.295256,-0.276157,-0.29675,-0.19931,0.011647,-0.351813,0.256667,-0.295315,-0.206265,-0.169261,-0.425432,-0.309016,-0.322903,-0.323708,0.188913,-0.270177,-0.174801,-0.389535,-0.127376,-0.247151,-0.363158,-0.139456,0.150499,-0.342989,-0.420446,-0.138468,-0.25101,-0.131766,-0.485548,0.091191,-0.388588,0.045382,-0.284115,-0.205364,-0.380997,-0.4066,-0.113286,0.158659,0.146271,-0.076407,-0.037568,-0.065986,0.010527,-0.339009,0.085699,-0.600366,-0.360303,-0.429718,-0.356891,-0.230962,0.134715,-0.307346,-0.081391,-0.298913,-0.389535,-0.507982,-0.113947,-0.358533,-0.470863,0.208914,-0.18105,-0.200704,-0.342944,-0.42187,-0.053157,-0.254447,0.087098,-0.203548,-0.364895,-0.295651,0.072758,0.082038,-0.356823,0.043655,-0.351637,-0.199947,-0.020585,-0.480958,-0.060116,0.389754,-0.048602,-0.25797,-0.34193,-0.339009,-0.046681,0.331111,-0.380997,-0.179255,0.376283,-0.057581,0.119957,0.019082,-0.105008,-0.232675,-0.039156,0.408468,0.26682,0.226067,0.342802,-0.323559,0.127108,0.052576,0.506188,-0.025328,-0.527613,0.529128,0.252109,0.334694,-0.042825,0.056477,0.245356,-0.423257,-0.087955,0.220147,#
15,0.186001,0.119746,-0.226591,0.268477,-0.020342,-0.071115,-0.040379,0.006556,-0.08036,-0.254345,0.08387,-0.052873,0.092368,-0.176359,0.25913,1.0,0.307159,-0.45691,-0.131304,-0.55158,-0.02239,0.036047,-0.151299,-0.362403,0.091666,0.071809,-0.224217,0.067421,0.178987,-0.171613,-0.439266,0.012471,0.084082,-0.254231,-0.165269,-0.029666,0.054236,-0.038349,0.17518,0.447042,-0.175174,-0.293914,0.069543,-0.093643,0.045928,0.317091,0.31671,-0.325483,0.205749,0.193808,0.039461,-0.159986,0.036934,0.117834,-0.032978,0.165057,0.035404,0.003879,-0.021025,0.258321,-0.09699,-0.000337,0.157593,0.358615,-0.289793,-0.055726,-0.531341,0.411652,-0.169062,-0.354554,0.056169,-0.019134,0.102684,-0.176693,0.002956,-0.064204,-0.032668,0.371925,-0.121682,-0.189012,0.168951,-0.216553,-0.122964,-0.283239,-0.022893,-0.169111,-0.150256,0.175191,-0.080109,-0.114169,0.296808,-0.034407,0.251918,-0.296731,-0.188105,-0.017015,-0.352021,-0.091864,0.016673,-0.087994,0.143816,-0.011379,-0.155618,-0.169407,-0.038611,-0.139146,-0.287402,0.138038,-0.184328,-0.219678,-0.574586,-0.36237,-0.309939,-0.081857,-0.245068,-0.072803,0.025813,-0.277865,-0.436783,0.025502,-0.14351,-0.365784,-0.008694,0.361081,0.142376,-0.130631,-0.122814,-0.219966,-0.230551,0.047239,-0.196782,-0.305003,-0.049922,-0.001136,-0.204557,-0.08591,0.162007,-0.301754,-0.066654,-0.010423,-0.396667,-0.146386,0.039553,-0.150402,-0.499702,0.19097,-0.5749,-0.227924,-0.257675,-0.480605,-0.001907,-0.035919,-0.297503,0.019092,-0.485658,-0.015035,0.069922,-0.210688,-0.290377,-0.105647,-0.314533,-0.523259,-0.157837,-0.440896,-0.360211,-0.01192,-0.357238,-0.132737,-0.035405,-0.451119,0.101515,-0.254999,0.084624,-0.139978,0.120167,-0.263574,-0.257465,-0.026618,-0.20687,-0.21637,-0.107348,-0.068336,0.611185,0.078483,0.23315,-0.121368,-0.094368,-0.278334,0.629864,-0.105235,-0.333644,0.422177,0.342105,-0.010127,0.168089,0.055994,0.15041,-0.25561,-0.336906,0.223331,#
16,0.299671,-0.280583,-0.479085,-0.146295,0.190678,0.035551,0.219757,-0.013235,0.167165,-0.454924,0.315865,-0.150674,0.158487,-0.370092,0.100014,0.307159,1.0,-0.223046,0.019855,-0.000961,0.141716,-0.156439,-0.050731,-0.160721,-0.047265,0.006516,-0.326602,0.266889,-0.025729,-0.001877,-0.22116,0.050951,-0.101967,-0.438782,0.167192,-0.342293,0.052117,-0.032127,-0.147276,0.28042,-0.161947,-0.442461,-0.408522,-0.138844,0.234769,0.322642,0.01204,-0.295566,0.129507,0.06324,0.17506,-0.158422,0.279155,0.027068,0.262044,0.335323,-0.042039,-0.029702,0.216524,0.205016,0.19609,-0.244919,0.045921,0.231577,0.007351,0.038273,-0.217965,-0.000828,0.077362,-0.094617,0.237825,-0.057898,-0.101967,-0.162941,-0.335715,0.125578,-0.124016,-0.010496,-0.193893,-0.144066,0.322185,-0.277149,0.032092,-0.231225,-0.291946,0.056596,-0.160112,0.303188,-0.046925,-0.19845,0.199357,-0.093508,-0.150079,-0.311367,-0.171164,-0.374218,-0.187143,-0.442527,0.231718,-0.187646,0.23922,-0.127191,-0.36259,-0.158051,0.121668,-0.280373,0.003756,-0.130816,-0.182711,-0.120358,-0.203402,-0.101967,-0.016618,-0.245042,-0.27397,-0.079382,0.057438,-0.179096,-0.137677,-0.08609,-0.043724,-0.133621,-0.505816,-0.065336,-0.150375,-0.440813,-0.280407,0.234984,-0.435932,-0.249644,-0.293286,-0.442105,0.100109,-0.193965,-0.101084,-0.086983,-0.147274,-0.442348,-0.377452,-0.074096,-0.374434,-0.154565,-0.249688,0.176524,-0.355278,0.121293,-0.280373,0.383258,0.009424,-0.310662,0.085079,-0.069605,-0.218015,-0.182711,-0.610119,-0.217715,0.114387,0.116146,-0.402415,-0.280319,-0.489477,-0.147239,0.053745,-0.291946,0.082567,0.172248,-0.159961,0.207057,-0.122446,-0.249644,0.458213,-0.050548,-0.043724,-0.111666,0.210598,-0.474049,0.034551,0.190209,-0.055796,-0.307758,0.287035,-0.376331,0.357085,0.334966,0.364581,0.02702,0.031564,-0.339673,0.129545,0.086845,-0.389439,0.306652,0.309403,0.062243,0.189828,0.492748,0.301116,-0.046605,-0.483049,0.238421,#
17,-0.101684,0.057375,0.284216,-0.2497,0.339117,0.203013,0.171002,-0.236253,0.490718,0.495135,-0.080188,0.320901,0.20057,0.560894,-0.407333,-0.45691,-0.223046,1.0,-0.026227,0.206404,0.37342,-0.298358,0.453487,0.019708,0.07502,-0.23315,0.256035,-0.210424,0.037684,0.197313,0.28567,0.048717,-0.178925,-0.026881,-0.274538,0.115862,0.253995,-0.498644,0.045648,-0.391457,0.010741,0.459568,0.049546,0.132437,0.318703,-0.409449,0.077577,0.696741,-0.119307,-0.072555,0.221232,-0.221729,-0.098848,0.100653,-0.405422,-0.186093,-0.034968,-0.060777,0.144547,0.141597,-0.038534,0.131954,-0.143081,-0.369339,-0.16833,0.253249,0.26681,0.096103,0.371059,0.336295,0.053356,-0.163055,-0.178925,0.010078,-0.08717,0.068703,0.029991,-0.390905,-0.139001,0.204132,-0.25159,-0.067427,-0.112929,0.357164,0.070697,-0.074066,-0.242222,-0.100362,-0.172198,-0.038581,-0.351747,-0.244987,-0.421932,0.123449,-0.167496,0.014352,0.073836,-0.170264,-0.03766,0.128249,-0.264436,-0.14251,-0.230395,-0.032264,0.095231,0.015117,0.042817,-0.059722,0.001825,-0.077679,0.43483,0.217219,0.040192,-0.173422,0.280309,-0.343922,-0.259612,-0.271872,0.607766,-0.449726,0.012025,0.342512,-0.12855,-0.713739,-0.372916,0.37736,-0.188234,0.326544,-0.228206,-0.1222,0.029759,0.485908,-0.193625,0.247434,0.019929,-0.008736,-0.0247,0.144438,0.369545,-0.136389,0.156565,0.088156,-0.217424,-0.22185,0.08363,-0.055586,0.441044,0.567784,-0.306372,0.480929,-0.281527,0.097725,-0.206101,-0.163337,0.18835,-0.036755,0.049141,0.515996,0.195238,0.187393,0.265892,0.304128,-0.077865,0.741924,0.178106,0.180657,0.018651,-0.085823,-0.13408,0.37667,-0.156494,0.174893,-0.198189,-0.237123,-0.106371,0.01056,0.018084,0.350661,0.455367,-0.269498,0.484708,-0.088436,-0.75213,-0.162943,0.103395,-0.174345,0.04094,0.16399,-0.632794,0.328695,0.237294,-0.440227,-0.048946,0.127565,-0.194382,-0.030389,0.143604,-0.03755,0.155157,-0.113854,#
18,0.081547,-0.231877,0.238458,-0.143913,-0.166353,-0.135139,0.41628,0.27178,0.441639,-0.334184,0.389305,-0.195266,-0.076512,-0.001,0.211349,-0.131304,0.019855,-0.026227,1.0,0.114831,-0.221563,0.281502,-0.079532,-0.066089,-0.62564,0.031024,-0.062409,0.335867,0.20044,-0.33826,-0.003714,0.40839,0.199982,-0.255942,0.066385,-0.071122,0.1745,0.353955,0.288844,-0.211731,0.070982,0.144472,-0.268954,-0.030979,0.013421,-0.293345,0.270972,-0.03156,-0.324574,0.204431,-0.269491,0.304332,0.130145,0.183408,-0.40706,0.11058,0.066341,-0.124698,-0.15569,-0.013511,-0.206057,-0.142766,-0.063353,-0.084434,0.131035,0.010768,0.427826,-0.157393,0.002815,-0.244855,0.212584,-0.04191,-0.227611,0.312577,-0.067328,-0.24655,0.444906,-0.357842,-0.302023,-0.023123,-0.13886,0.016427,0.045589,-0.059897,-0.090832,0.201283,0.192318,-0.035724,-0.165157,-0.046787,0.24657,0.046565,0.040676,0.133791,0.158516,0.342391,0.089173,0.1012,-0.114085,-0.268492,-0.166714,-0.084401,-0.151205,0.132381,0.181488,0.068978,0.116094,-0.057584,0.354446,0.063678,0.136437,-0.227611,0.223851,0.273347,0.280035,-0.370477,0.145183,0.220431,-0.009965,-0.068866,0.110671,0.0077,0.084131,-0.129567,0.095273,0.027724,-0.0662,0.206776,0.210443,0.021252,0.428833,0.164961,0.050838,-0.299301,0.336014,0.021099,0.218977,0.100124,-0.116815,0.082916,0.296521,0.181301,-0.125683,-0.097597,0.044588,-0.036607,0.121156,-0.065233,0.122496,0.226966,0.433283,0.183618,0.374835,-0.169011,0.106491,-0.02288,0.140723,-0.049414,0.09643,0.127342,-0.070492,-0.028769,0.019157,0.078465,0.420765,-0.1149,0.191581,0.175604,-0.103186,0.25682,-0.45076,0.334164,0.312362,0.222534,0.126014,0.051047,-0.082196,-0.140595,-0.273555,0.273992,0.06034,0.234067,-0.093872,0.010382,-0.215464,0.218529,0.201998,0.105564,0.075086,-0.429923,0.31767,-0.021548,-0.244071,-0.098437,0.156087,0.180089,-0.061105,0.024117,0.118768,-0.168954,#
19,-0.218906,0.0934,0.360701,0.067956,-0.002301,-0.13498,-0.118783,-0.27786,0.220922,-0.00329,0.192051,-0.2458,-0.126245,-0.106221,-0.235966,-0.55158,-0.000961,0.206404,0.114831,1.0,-0.111436,-0.003869,0.167389,0.144861,-0.312053,0.16248,0.16502,0.335881,-0.169468,-0.024172,0.396643,0.174013,-0.113526,0.05342,0.000566,-0.168481,-0.12362,-0.185765,-0.163972,-0.033962,-0.254816,0.015719,-0.028414,0.049496,-0.094367,-0.346577,-0.170702,0.087947,-0.408812,0.000726,-0.01586,0.093582,0.110997,0.19301,0.045747,0.083353,0.015451,-0.055173,0.018586,-0.429754,0.164067,-0.073713,0.055104,0.001503,0.092373,0.04996,0.506601,-0.323353,-0.036338,0.312732,0.216951,0.141581,-0.113526,0.21295,-0.174418,0.132368,-0.001122,-0.162707,0.251746,-0.017484,0.166012,0.006996,-0.134572,0.480478,-0.167278,0.100825,0.067368,-0.01023,0.41668,-0.239523,-0.18168,0.012192,-0.126078,0.262868,-0.068482,0.018928,0.277746,-0.152455,-0.113649,0.279224,-0.30757,-0.227039,-0.109538,0.365086,-0.178089,0.324405,0.097183,0.217724,0.158904,0.488606,0.643989,-0.113526,0.110595,0.056104,0.17913,0.094622,0.302301,0.118665,0.416281,0.054448,-0.142658,0.338528,-0.063339,-0.136587,-0.192291,0.0852,0.267634,0.213868,0.178306,-0.095693,0.172351,0.227908,-0.136082,0.102369,0.368178,-0.116832,-0.163969,0.208795,-0.18101,0.151301,0.369569,0.291275,-0.02329,0.120188,0.284719,0.106815,0.348579,0.148391,0.298313,0.293953,0.034106,0.17827,0.225625,0.157089,0.247585,0.156057,-0.302685,0.150608,0.237062,-0.132257,-0.021984,0.103262,0.097387,0.196563,0.322739,-0.165661,0.154984,0.17168,0.204588,0.16482,-0.203021,-0.05548,-0.142658,0.357305,-0.115607,0.203547,0.225393,0.055408,0.018909,0.223657,0.144096,-0.083229,-0.358623,0.178193,-0.197356,0.477525,-0.049028,-0.02589,-0.385949,0.149567,0.266169,-0.360449,-0.321234,-0.057213,-0.209505,-0.040232,-0.091938,0.410148,0.064008,-0.006181,#
20,-0.183129,0.000474,-0.253897,-0.232092,0.397761,0.234031,0.18682,-0.084922,-0.021189,-0.095068,-0.139932,0.016354,0.110784,0.079136,-0.140169,-0.02239,0.141716,0.37342,-0.221563,-0.111436,1.0,-0.245376,0.492991,-0.202154,0.01497,-0.272754,0.089747,-0.089374,0.218585,0.274669,-0.04601,0.087099,0.205513,-0.029354,-0.068146,0.155844,0.072177,-0.245029,0.025894,-0.241342,0.252044,0.136114,0.083352,-0.145323,-0.05898,-0.206113,-0.062062,0.418118,0.309301,-0.366459,0.307286,-0.532394,-0.152338,-0.233307,-0.166696,-0.26081,0.173742,-0.183299,0.172386,0.301586,-0.06484,-0.09777,-0.316423,-0.127399,-0.285412,0.280561,0.02015,0.414534,0.383552,0.138842,0.057413,-0.188855,-0.194837,-0.201884,0.10182,0.16191,0.040477,-0.130214,-0.432483,-0.177876,-0.442012,-0.08473,-0.271329,0.156699,-0.014482,-0.052515,-0.402448,0.046314,-0.200722,0.217566,-0.513526,-0.271988,-0.501192,-0.233759,-0.214484,-0.215087,-0.225918,-0.356336,-0.197706,0.014229,0.209096,-0.110819,-0.323737,-0.388376,-0.089517,-0.337268,-0.027719,-0.218526,-0.049566,-0.301714,0.248934,0.205513,-0.147623,-0.520318,0.069008,-0.029586,-0.20833,-0.202329,0.146554,-0.171984,0.043538,-0.216077,-0.029525,-0.304897,-0.34802,0.295339,-0.404991,0.32277,-0.028799,-0.477015,-0.429336,-0.028135,-0.268301,0.035813,-0.218047,-0.214768,-0.281409,-0.181305,0.112582,0.016607,-0.218352,0.079379,-0.270568,-0.26315,-0.414609,-0.151806,-0.003846,0.632098,-0.189599,-0.076841,-0.3625,0.005875,-0.202583,-0.377038,-0.511007,-0.416008,0.040883,0.228476,-0.151671,-0.04647,0.043419,0.040742,-0.220921,0.213445,-0.212827,0.223779,-0.081388,-0.236471,-0.471469,0.336975,0.192454,0.127585,-0.161039,-0.335212,-0.212857,-0.134383,0.029216,0.091122,0.169955,-0.137125,0.413856,-0.03627,-0.050382,0.05258,0.318739,-0.48488,0.207682,-0.21876,-0.245019,0.214552,-0.130149,0.271382,0.362481,0.002313,-0.266694,0.29091,0.348477,-0.072365,-0.411224,0.102492,#
