0,1.0,0.431456,-0.090934,-0.209989,0.315522,0.092578,0.083647,0.31256,0.282097,0.067471,-0.023163,0.153493,0.072491,0.494665,0.191092,-0.059942,0.242833,0.198735,0.275801,-0.33633,-0.156709,0.004307,0.200953,0.135824,-0.306799,-0.254378,0.116516,0.105245,0.368206,0.369534,-0.270836,0.069466,0.269208,-0.298739,0.054482,-0.015687,-0.332499,-0.127298,-0.2049,0.292633,-0.005086,-0.042433,-0.013701,0.420098,-0.252865,-0.524913,0.104458,-0.009646,-0.078155,-0.110408,0.04165,-0.050346,0.151057,-0.084861,-0.007059,-0.19427,-0.036019,-0.237748,0.098254,0.253235,0.119896,0.060259,-0.151361,0.182413,0.369714,0.450628,0.091015,0.219813,-0.08473,-0.14717,-0.156996,-0.066808,-0.201967,-0.048502,-0.198813,0.279881,-0.196545,-0.141857,-0.167257,-0.02227,-0.435764,-0.174434,-0.19353,0.183472,-0.245049,-0.008243,0.021109,-0.192909,0.089771,-0.271053,-0.337904,-0.464761,-0.429681,0.049584,-0.101134,-0.299443,-0.05324,-0.297874,-0.251811,-0.250287,0.034466,-0.401846,-0.089274,-0.070801,-0.31057,0.13344,-0.201717,-0.225906,-0.364813,0.118775,0.133339,0.301328,-0.294845,-0.119673,-0.696769,-0.290902,-0.208628,-0.203801,-0.034876,-0.318654,-0.316706,-0.282482,-0.4446,-0.051779,-0.084402,-0.177732,-0.197806,-0.029521,-0.34403,-0.558895,-0.271647,-0.214601,-0.227536,0.074472,-0.330109,-0.224731,0.409376,-0.680674,-0.408219,-0.218109,-0.048995,-0.513694,-0.558125,0.009608,-0.150201,-0.203528,-0.254087,0.11413,-0.10727,-0.173008,-0.100559,-0.363328,-0.322799,-0.210522,-0.347203,-0.310841,0.260738,0.300164,-0.420892,0.17491,-0.512536,-0.119773,-0.301944,-0.223281,-0.34759,0.000427,-0.100164,0.004531,-0.14332,-0.153346,0.202379,0.180456,-0.401846,-0.163918,0.60339,-0.171539,-0.370958,0.035612,0.411242,-0.589171,0.040523,0.062878,0.092115,0.148353,0.488992,-0.120279,0.14056,0.151961,-0.027136,0.525302,-0.012838,0.073537,0.447044,0.29338,-0.083215,0.402418,0.270389,-0.529484,-0.697849,0.128287,#
1,0.431456,1.0,0.123498,-0.066329,0.410214,-0.0635,0.320132,0.303504,0.136031,0.540594,-0.35113,-0.193169,0.297243,0.307132,0.341641,-0.192093,-0.112294,0.552074,0.446849,-0.14007,0.314014,0.256481,0.116369,0.306911,-0.492448,0.006852,0.305154,0.210506,0.225027,0.486843,-0.581035,0.001777,0.150267,0.039281,-0.106783,-0.283844,-0.166491,-0.266158,0.056907,-0.062143,-0.212834,0.185897,-0.005266,0.258426,-0.325844,-0.32388,0.265256,0.307964,0.184024,0.211895,0.366568,-0.083238,0.138256,-0.037702,0.339103,-0.336289,-0.296491,0.086425,-0.181894,-0.204521,-0.001717,0.372101,-0.494395,0.493874,-0.032068,0.433562,-0.066198,0.307518,0.192028,-0.211891,-0.074781,-0.15565,-0.260257,-0.311744,-0.143001,0.352027,-0.285775,-0.283393,-0.284522,-0.274078,-0.388296,-0.138502,-0.436436,0.011582,-0.217125,0.106162,-0.288368,-0.199597,-0.000295,-0.054205,-0.108137,-0.309282,-0.509069,0.013551,-0.364175,0.033171,0.185864,-0.191181,0.098968,-0.387215,-0.164587,-0.571202,-0.536965,-0.089645,-0.546978,-0.233205,-0.432926,-0.356851,-0.641846,-0.085825,0.276934,0.270232,-0.144206,-0.482035,-0.344163,-0.017642,-0.431022,-0.325277,0.040931,-0.477634,-0.364482,-0.075652,-0.211304,-0.408907,-0.010235,0.071045,-0.304838,-0.218327,-0.205343,-0.207629,-0.285419,-0.550079,-0.202757,-0.083442,-0.131383,-0.226831,0.333921,-0.284596,0.008783,-0.332825,-0.384937,0.072709,-0.572751,0.057373,-0.012598,-0.10127,-0.055231,0.423691,-0.385893,-0.326648,-0.405147,-0.212331,-0.047639,0.074471,-0.380677,0.080764,0.45541,0.4318,-0.495001,0.269122,-0.231889,-0.094355,0.033288,0.22274,-0.209904,0.404508,-0.273354,-0.012767,-0.104955,0.164733,-0.169493,0.120095,-0.064862,-0.343396,0.552358,-0.125913,-0.279602,-0.005482,0.196345,-0.38482,-0.132552,0.22534,-0.029887,0.0186,0.209845,-0.022864,0.106626,0.055258,-0.143777,0.623432,0.17617,0.56628,0.14829,0.157864,-0.023656,-0.133939,0.134203,-0.378597,-0.429409,0.21809,#
2,-0.090934,0.123498,1.0,0.466801,0.22368,-0.596584,-0.298571,-0.245365,-0.362732,0.230433,-0.005534,0.208382,-0.115939,-0.133079,-0.183238,-0.121725,-0.271011,-0.114854,0.031798,0.015685,-0.069384,-0.156012,0.211367,-0.036103,-0.327701,0.205352,0.341008,-0.30381,-0.271296,0.316464,-0.050315,0.326997,-0.201677,0.171247,-0.031981,-0.154754,0.090457,0.062896,0.109153,-0.097269,0.029016,0.089945,-0.01561,-0.220594,-0.189702,-0.215568,-0.032083,0.138301,-0.186234,-0.032524,-0.394072,0.164398,-0.025874,0.133318,-0.052449,-0.23533,-0.472209,0.089271,-0.468785,-0.317794,-0.042896,-0.170756,-0.233579,-0.075354,-0.168813,-0.191388,-0.292032,0.049277,-0.016972,0.262109,0.060402,0.045922,0.247577,0.066307,0.11398,-0.15433,-0.205913,-0.247324,-0.082922,0.275067,0.011917,0.074318,-0.047841,0.254746,0.179264,-0.087005,-0.085612,0.167334,-0.009748,0.016119,-0.048262,-0.115423,0.00583,-0.110074,-0.149233,0.155031,0.288392,0.116934,0.155652,0.011511,0.104651,-0.127618,-0.134495,-0.124427,-0.297949,-0.083847,0.006206,0.136654,0.07627,0.382441,0.06857,-0.229786,0.052987,0.107164,0.254586,-0.030747,-0.129748,-0.305706,0.067006,-0.102455,-0.124596,-0.261502,0.1887,-0.025561,-0.252957,-0.040087,-0.444312,-0.432133,0.061384,0.071802,0.436403,-0.204493,-0.323555,-0.110432,-0.107635,0.25113,0.248568,0.251363,0.269445,0.232562,0.37665,0.289993,0.046558,-0.413506,-0.340624,0.263912,0.180639,0.008292,-0.429302,0.167642,-0.52354,-0.03121,0.371288,-0.074103,-0.022099,-0.24989,-0.078271,0.045597,0.230931,-0.073538,-0.218514,-0.082781,0.268862,-0.084843,-0.023549,-0.123078,-0.430573,0.014289,0.081027,0.048998,-0.019669,-0.032967,0.214071,-0.184947,0.112702,0.037402,-0.052662,-0.172094,-0.357465,0.166189,0.001395,-0.442125,-0.178788,0.062456,-0.057117,0.141808,-0.252924,-0.297415,0.021871,0.04821,0.010947,0.234185,-0.156277,0.232402,0.047508,-0.503082,0.255662,-0.03213,0.16568,-0.067945,#
3,-0.209989,-0.066329,0.466801,1.0,0.103531,-0.444264,-0.307131,-0.31213,-0.317391,0.077139,0.345387,-0.122719,-0.086987,-0.424461,-0.166212,-0.066366,-0.137136,-0.043768,0.074384,0.041159,0.21172,-0.486786,-0.05825,-0.101894,0.038823,0.190067,-0.033936,-0.166656,-0.081744,-0.154153,0.346284,0.046476,-0.653756,0.237183,-0.234173,-0.356551,0.147904,0.084784,0.277391,0.15723,-0.029233,0.023769,0.161802,-0.358931,-0.099041,-0.030877,-0.057856,-0.176452,0.123332,-0.322262,-0.269684,0.445308,0.029673,0.227836,-0.167308,0.139219,-0.108479,0.014574,-0.102489,-0.237819,-0.25291,0.262114,-0.072788,-0.295305,-0.294308,-0.368372,-0.042765,-0.070202,-0.171503,0.377219,-0.005834,0.487788,0.146827,0.544053,0.219007,-0.221564,0.005277,-0.107642,0.299291,0.202948,0.06352,0.447936,0.366274,0.125687,0.227834,-0.178766,-0.075294,0.285956,0.123694,0.435919,0.311216,0.371967,0.412766,-0.197033,0.223256,0.499365,0.047415,0.096263,0.149926,0.257222,0.306288,-0.143048,0.427427,-0.119617,0.128618,0.271546,-0.130396,0.420185,0.167911,0.288877,-0.219228,-0.362034,0.392156,0.283858,0.252819,0.10993,0.420354,0.17193,0.061039,0.067949,0.318083,0.102494,0.235385,-0.057099,-0.029871,0.121994,-0.332502,-0.264186,0.573179,0.258878,0.82574,-0.120148,-0.046142,-0.045742,0.182956,0.45834,-0.146319,0.475541,0.185153,0.342366,0.351212,0.208029,0.260696,-0.254245,0.089873,0.438191,0.171047,-0.271538,-0.042385,0.222037,-0.335272,0.238341,0.179599,0.057166,0.450279,-0.0414,-0.199345,-0.296863,0.332181,0.078586,-0.423382,-0.018784,0.173716,-0.307471,-0.06447,-0.021922,0.159439,-0.119583,-0.006469,0.071275,-0.158779,-0.139111,-0.105354,0.089873,-0.270927,-0.155293,0.168331,0.033947,-0.312716,0.362888,-0.342027,-0.118193,-0.206645,-0.199313,-0.146547,-0.262825,-0.102082,-0.066835,0.229569,-0.375111,-0.107636,-0.041287,-0.337229,-0.021624,-0.170463,-0.357496,-0.223847,0.24326,-0.04488,-0.283549,#
4,0.315522,0.410214,0.22368,0.103531,1.0,-0.208878,0.21393,-0.142579,0.280262,0.368815,0.066744,0.001301,0.230306,0.026689,0.426034,-0.551579,0.118338,0.312808,0.024439,-0.09918,0.025311,-0.091631,0.105654,0.196744,-0.269612,-0.115607,0.07845,-0.21742,0.17744,0.224952,-0.185745,-0.27148,0.191204,-0.163301,-0.411389,-0.048199,-0.064169,-0.20999,-0.084008,0.175375,-0.133341,0.083948,-0.285159,0.167153,-0.300489,-0.44664,0.340982,0.085701,0.107611,0.130706,0.049858,-0.198176,0.208667,-0.181141,0.118974,-0.457146,-0.604326,0.061924,-0.240248,-0.29844,-0.022622,0.197394,-0.139198,0.217069,0.064597,0.288759,0.308209,0.02105,0.106026,-0.178135,-0.308376,-0.002879,0.060001,0.012901,0.090573,0.115319,-0.056254,-0.347418,-0.033032,-0.53422,-0.314126,-0.047554,-0.372087,-0.042723,-0.296855,-0.314098,-0.18735,-0.075867,-0.269837,-0.130835,-0.188592,-0.177378,-0.277492,-0.027419,-0.111308,0.097339,0.109177,0.216575,0.232169,0.197102,0.04605,-0.184172,-0.121327,-0.021989,-0.311647,-0.184776,-0.689204,-0.173746,-0.081973,0.326398,0.118241,-0.166136,-0.204583,-0.24882,-0.164046,-0.117902,-0.201477,-0.404999,-0.136238,-0.209645,-0.465218,-0.159789,-0.290843,-0.179545,-0.093603,-0.168739,-0.270136,-0.237261,-0.33536,0.004991,-0.005657,-0.507274,-0.447177,-0.266899,-0.018813,-0.178033,0.37359,-0.034591,-0.117555,0.017715,0.025573,-0.253517,-0.017454,-0.44107,-0.248903,-0.154104,0.183388,0.170478,-0.21497,-0.098102,-0.038834,-0.089056,-0.138857,-0.272359,-0.262427,-0.217836,0.598196,0.468518,-0.178204,-0.074105,-0.21429,-0.040222,0.101338,-0.023281,-0.263534,0.336325,-0.042346,0.2681,0.131434,-0.005542,-0.119579,0.088662,-0.010743,-0.233792,0.283646,-0.155116,-0.370007,-0.469483,0.341689,-0.112381,0.093068,-0.055682,0.415415,0.09401,0.126175,0.008812,0.174552,0.003561,0.112526,0.203694,-0.057603,0.454198,-0.101041,0.073461,0.204646,-0.257778,0.112225,-0.448575,-0.490375,0.267634,#
5,0.092578,-0.0635,-0.596584,-0.444264,-0.208878,1.0,0.291434,0.325889,0.309528,-0.117579,0.152895,-0.009634,0.091367,0.456126,0.031228,0.120418,0.030554,0.037365,-0.143779,0.175411,-0.320583,0.345056,0.070927,-0.045448,0.354203,-0.333164,0.179884,0.528152,0.162253,-0.322213,-0.174652,0.109662,0.021049,-0.29889,0.016117,-0.0134,-0.22284,0.058149,-0.191919,-0.29503,0.227381,0.143712,0.161607,0.177527,0.014103,-0.123409,0.183815,0.149266,0.192031,0.359935,0.322024,-0.090305,0.268691,-0.485176,-0.136239,0.126279,0.328313,0.025349,0.376734,0.269205,0.116848,0.089971,0.176388,0.361992,0.194515,0.461293,-0.086684,-0.026871,0.027236,0.060627,0.141444,-0.127647,-0.202069,-0.23034,-0.201184,0.292202,0.149122,0.217893,0.021267,-0.190139,-0.080309,-0.143024,-0.045956,-0.136742,0.085147,0.370786,0.047444,-0.351799,0.248191,-0.25137,-0.152035,0.094957,-0.091212,0.10913,0.254054,-0.115627,-0.206138,0.069477,-0.203288,-0.252722,-0.238274,0.158276,0.068847,-0.025859,0.198888,-0.037881,0.226065,-0.391713,-0.016362,-0.208785,0.110504,0.33086,-0.097594,-0.424621,-0.167998,-0.259988,-0.220694,0.321761,-0.088969,0.038265,0.17229,-0.114256,0.072218,-0.027648,-0.170302,0.200426,0.230567,0.341726,0.189709,-0.047147,-0.468882,0.151346,-0.017925,-0.047801,-0.076349,-0.067311,-0.20137,-0.318488,-0.137337,-0.41514,-0.243727,-0.36597,-0.207911,-0.09446,0.048336,0.096612,-0.426917,0.142707,0.350087,-0.163711,0.390788,0.0382,-0.154354,0.202911,-0.148123,0.264542,0.134277,0.015196,-0.214657,0.223384,0.122899,-0.099025,0.077422,0.171704,0.139365,0.030863,0.430231,0.280087,-0.105349,-0.115046,0.031444,0.133959,-0.023436,0.221209,-0.058794,0.215776,0.296801,0.039495,0.431656,-0.20758,0.234269,0.239593,-0.120077,-0.184806,-0.184164,-0.276762,0.15399,0.190256,-0.268135,0.048806,0.048758,-0.276611,0.275505,-0.147429,0.22844,0.224393,0.072859,0.052194,-0.085542,-0.025955,#
6,0.083647,0.320132,-0.298571,-0.307131,0.21393,0.291434,1.0,0.263051,0.600822,0.06306,0.031242,-0.094181,0.505018,0.066341,0.473604,-0.192177,-0.264621,0.349738,0.045088,0.323665,0.257268,0.384172,0.151814,0.004467,-0.009326,-0.034674,0.022335,-0.065699,-0.036161,-0.023648,-0.606324,0.050779,0.318716,-0.050099,-0.019091,-0.091599,0.020065,-0.118365,-0.088879,-0.093056,0.223038,0.427898,-0.160251,0.245043,0.083081,-0.070801,0.387601,0.361472,0.241779,0.133997,0.249218,-0.239733,0.07281,-0.348036,-0.048818,0.267743,0.202487,-0.026881,-0.001809,0.386535,-0.086426,0.222927,-0.143635,0.207004,0.282782,0.236188,0.063803,-0.236516,0.143154,-0.263135,0.28698,-0.091922,-0.043009,-0.13571,-0.227753,0.225851,0.098705,-0.091416,0.059845,-0.205384,0.026971,-0.407386,-0.223013,-0.440861,-0.464068,0.373853,0.070929,0.300738,-0.194629,-0.136592,-0.234046,-0.111911,-0.302055,0.40136,-0.168348,-0.045296,0.238028,0.104954,-0.034481,-0.160972,-0.040712,0.06274,-0.009806,0.377613,-0.135977,-0.276111,0.096168,-0.496562,-0.055067,-0.296019,0.469999,0.218327,-0.134314,-0.525434,0.008238,-0.045614,-0.438399,0.019314,0.090656,-0.403041,-0.114633,-0.193848,-0.12593,-0.385385,-0.012346,0.084821,0.125925,0.382804,-0.217438,0.062775,-0.294095,-0.515865,-0.150564,-0.120154,0.09731,0.052759,-0.076504,-0.073037,-0.050173,-0.179362,-0.188421,-0.302198,-0.098115,-0.037316,-0.020058,-0.085763,-0.188981,0.550406,0.129056,-0.350638,0.176175,-0.025163,0.023805,-0.064994,-0.200709,0.44752,0.516704,0.461017,-0.148195,-0.053112,0.265129,0.230945,0.243113,0.186657,0.152469,0.512415,0.075194,0.007673,-0.291023,0.248433,-0.188214,0.176193,0.054238,-0.040278,0.164603,-0.019241,-0.058327,0.002557,0.522035,-0.349657,0.035766,0.448289,0.041636,-0.213598,0.108751,-0.172967,0.236887,0.411054,-0.637185,0.224957,0.32461,0.07265,-0.107635,-0.191519,0.276789,-0.14136,0.053777,0.166478,0.043432,-0.022882,#
7,0.31256,0.303504,-0.245365,-0.31213,-0.142579,0.325889,0.263051,1.0,0.289748,0.027989,-0.110877,0.039851,0.240375,0.445914,0.249959,0.034757,-0.08377,0.139426,-0.145043,0.052524,0.071643,0.580503,0.240827,0.21839,-0.27014,-0.029222,0.424637,0.308415,0.068622,-0.094466,-0.323694,0.417186,0.210702,-0.122777,0.037544,-0.12923,-0.182239,-0.488754,0.110835,-0.19228,0.005317,0.333603,-0.051926,0.106135,-0.051611,0.070627,0.147345,0.350829,-0.049509,0.250083,0.183408,-0.147032,0.069025,-0.143683,-0.238232,0.064016,0.243506,-0.092222,0.393964,0.37619,0.174786,0.226318,-0.277021,0.278985,0.16895,0.293747,-0.200677,0.200318,0.249965,-0.271368,0.195503,-0.014156,-0.240586,0.057045,-0.354342,0.311884,-0.02692,-0.172946,-0.509578,-0.006569,-0.083206,-0.178777,-0.040568,-0.328947,-0.083651,0.368685,0.012925,-0.035753,-0.063579,-0.419596,-0.179369,-0.315158,-0.270543,0.212699,-0.27237,-0.065161,0.138092,-0.068222,-0.243215,-0.599645,-0.088499,-0.319235,-0.104881,-0.167248,-0.286836,-0.165328,-0.052025,-0.405585,-0.33604,-0.513502,0.233754,0.273374,-0.489098,-0.229439,-0.291946,-0.074501,-0.336243,0.096415,-0.215042,-0.191746,0.027057,-0.323279,0.230483,-0.506865,0.012744,-0.004831,-0.077428,-0.010438,-0.041473,-0.165116,-0.477551,-0.136428,0.266538,-0.023595,0.202896,0.162266,0.090021,-0.313452,0.016106,-0.49194,-0.319797,-0.224708,-0.314928,0.107455,-0.055968,-0.159619,-0.508293,0.338602,-0.227331,0.068157,-0.172335,-0.06498,-0.123893,0.098663,-0.028486,0.312713,0.272746,0.105152,-0.277442,0.288779,-0.04346,-0.020128,-0.212851,0.157531,0.212374,0.186883,-0.05514,-0.22488,-0.211725,0.017121,-0.088804,0.171127,-0.312704,-0.228238,0.297852,-0.050687,-0.036982,0.078246,0.134586,-0.425802,0.09813,0.361091,0.026718,-0.01121,-0.023707,-0.137411,0.164113,-0.121838,-0.21217,0.378494,0.338377,-0.018797,0.241826,-0.313177,-0.133826,0.248634,0.127665,-0.193436,-0.19679,0.300376,#
8,0.282097,0.136031,-0.362732,-0.317391,0.280262,0.309528,0.600822,0.289748,1.0,0.037579,-0.069403,-0.055492,0.497932,0.190235,0.258642,-0.394094,-0.377036,0.463243,0.141911,0.241463,0.239083,0.363732,0.26967,0.238498,0.089547,-0.22192,0.283857,-0.052887,0.284157,0.166053,-0.263632,-0.035345,0.37776,-0.048264,-0.275545,-0.035014,-0.050477,-0.324712,-0.206398,-0.005063,0.301622,0.183605,-0.109012,0.002163,0.134711,-0.294843,0.509538,0.465833,-0.026094,-0.198308,0.13584,-0.446808,0.097312,-0.171083,-0.098546,-0.089427,0.166832,-0.274599,0.316622,0.099806,0.092419,0.105576,0.02912,0.084585,0.106659,0.437108,0.024253,-0.080415,0.310521,-0.123186,0.182333,-0.209402,-0.303481,0.056923,-0.14533,0.21913,-0.102189,-0.164306,-0.127993,-0.465862,0.305021,-0.472958,-0.25703,-0.370386,-0.202715,0.278708,0.184532,0.156717,-0.021626,-0.200959,-0.179716,0.050224,-0.506553,0.698063,-0.254365,-0.114424,0.216474,0.199726,0.11396,-0.042453,-0.027761,0.172952,0.155574,0.263212,-0.012974,-0.183622,-0.127926,-0.298518,0.055696,-0.364078,0.410564,0.070686,-0.16962,-0.246724,0.050635,-0.140555,-0.20713,0.121077,0.114847,-0.279939,-0.172355,-0.324291,0.146175,-0.496243,0.033081,0.011527,0.127553,0.415943,-0.200044,-0.174621,-0.315689,-0.449566,0.084915,-0.179271,0.24065,-0.006316,-0.039944,-0.124738,0.035867,0.039306,0.086571,-0.452291,-0.156972,-0.080648,-0.095217,-0.117271,-0.140886,0.45093,0.135283,-0.245677,0.324009,-0.224788,-0.014269,-0.20688,-0.030542,0.186673,0.625462,0.39479,0.044994,-0.06188,0.077441,0.078818,0.14074,0.229319,0.097892,0.473885,0.168528,0.060109,-0.381308,0.099462,-0.261221,0.245787,-0.183296,-0.087706,0.224126,-0.047967,-0.262781,0.008637,0.49859,-0.573271,0.07078,0.187049,-0.083632,-0.166511,0.023485,-0.074001,0.458662,0.355245,-0.524526,0.127016,0.286292,-0.028003,0.115208,-0.143401,0.365971,0.056193,0.012473,-0.098203,-0.014509,0.229802,#
9,0.067471,0.540594,0.230433,0.077139,0.368815,-0.117579,0.06306,0.027989,0.037579,1.0,-0.060878,-0.220896,0.278353,-0.070428,0.036345,-0.088178,-0.279269,0.353539,0.428257,-0.134275,0.179066,0.232329,0.061448,0.316148,-0.371969,0.298163,0.343685,-0.014012,-0.060909,0.231721,0.019137,-0.126852,0.088768,0.323126,-0.092054,-0.07281,-0.028267,-0.419186,-0.27923,-0.341148,-0.069784,0.102556,0.190566,0.00314,-0.183749,-0.353717,0.028658,0.306118,-0.138921,0.205821,0.171576,0.08462,0.021523,-0.014574,0.060523,-0.493229,-0.440938,0.180036,-0.266033,-0.507538,0.213001,0.017491,-0.375576,0.24944,-0.095208,0.176241,-0.112276,0.133911,-0.065906,0.133443,-0.064639,-0.153433,-0.146763,-0.19088,0.090351,0.206266,-0.29093,-0.608349,0.007781,-0.29093,0.012464,-0.002787,-0.101051,0.1701,0.046679,0.126358,-0.204775,-0.123694,-0.044375,0.249286,0.21269,-0.105745,-0.332438,-0.139473,-0.363004,0.206712,0.108391,0.109027,0.138358,-0.172078,-0.142452,-0.405906,-0.365442,-0.219896,-0.47758,0.023247,-0.389146,-0.157408,-0.351862,0.009109,0.220428,-0.101592,0.100107,-0.440075,0.199391,-0.042229,-0.038125,-0.001889,0.372634,-0.437634,-0.060031,0.034198,0.239399,-0.131693,0.141585,0.045462,-0.279343,-0.204629,-0.107407,0.045399,0.136351,-0.310199,-0.050957,-0.076668,-0.087955,0.020776,0.179281,0.012491,0.198154,-0.222747,-0.310157,0.101474,-0.219083,0.031331,0.09801,0.213986,0.319761,0.23556,-0.476051,0.05312,-0.288824,-0.139808,0.144807,0.213894,0.092319,0.108382,0.089469,0.345692,0.034178,-0.040268,-0.234632,-0.142401,-0.160626,0.266149,-0.25555,0.295144,-0.132284,0.190373,0.295226,0.294672,-0.17071,0.213412,0.227022,0.111982,0.177052,0.133832,-0.099207,0.031822,-0.133571,-0.034199,-0.147468,-0.034292,-0.240208,0.047167,-0.121498,-0.065334,-0.194532,0.019737,0.017333,0.338192,0.120769,0.266388,-0.166591,0.038392,0.226994,-0.373044,0.18463,-0.359679,-0.146069,0.026914,#
10,-0.023163,-0.35113,-0.005534,0.345387,0.066744,0.152895,0.031242,-0.110877,-0.069403,-0.060878,1.0,-0.140323,-0.323621,-0.136836,-0.077713,0.28261,0.078049,-0.363769,-0.17345,-0.269431,-0.235349,-0.107576,0.079567,0.051995,0.247151,0.240785,-0.124007,0.096993,-0.064107,-0.462121,0.321682,-0.020513,-0.227377,-0.033538,-0.072788,0.266835,0.097165,0.118365,-0.09944,-0.038047,-0.073712,-0.140314,0.128749,0.278864,0.055125,-0.054713,-0.210945,-0.290613,-0.070198,-0.005612,-0.079521,0.283979,0.091804,-0.286372,-0.254995,0.35328,0.029655,0.200022,-0.080468,0.123884,-0.048451,-0.082626,0.246289,-0.155211,-0.147313,-0.423932,-0.067256,-0.559949,-0.260724,0.130472,-0.13249,0.324636,0.152476,0.365814,0.238762,0.121955,0.110585,-0.039329,0.309344,0.053357,-0.203396,0.144235,0.408542,0.140775,-0.124891,-0.112027,0.144972,0.190564,-0.174249,-0.014328,-0.074966,0.235799,0.375463,-0.085842,0.374586,0.144199,-0.255792,0.33047,-0.101013,0.173278,0.203388,-0.005303,0.552013,0.006477,0.286921,-0.006277,0.104482,-0.073329,0.417008,0.196457,-0.427728,-0.125916,0.243525,-0.022784,0.016798,0.035242,0.396379,0.063789,-0.131324,0.335148,0.461016,-0.037448,0.170375,0.172701,-0.195524,-0.391069,0.015568,0.263007,0.096218,-0.139663,0.427193,0.045783,-0.100472,-0.06847,0.045948,0.56219,-0.181272,0.134424,-0.162799,0.152131,-0.045225,-0.235886,0.394341,-0.233546,-0.03649,0.238976,0.163896,-0.389337,0.06456,0.241858,0.357135,0.398258,-0.291701,-0.140608,0.183401,-0.235316,-0.274633,-0.172708,0.140795,0.020051,-0.19491,0.313157,0.097949,-0.500012,-0.15035,-0.031665,0.163103,0.175786,0.310401,-0.07639,-0.073402,0.128321,-0.321337,0.162335,-0.359359,-0.145257,0.224639,-0.073757,0.054832,0.227101,0.053222,-0.015972,-0.078723,0.112525,-0.082435,-0.372419,-0.304137,-0.018458,0.332091,-0.402933,-0.22263,-0.227856,-0.314294,-0.099853,0.240913,-0.078934,0.133502,0.195212,-0.160526,-0.267667,#
11,0.153493,-0.193169,0.208382,-0.122719,0.001301,-0.009634,-0.094181,0.039851,-0.055492,-0.220896,-0.140323,1.0,-0.119107,0.018929,-0.108268,-0.182255,0.092543,-5.6e-05,-0.443154,0.0727,-0.466452,0.026178,0.1947,-0.180059,-0.087044,0.049109,0.117754,-0.354928,-0.17195,0.065461,-0.186996,0.228775,0.181815,-0.148364,0.127529,-0.200968,-0.26608,0.115851,-0.084827,-0.035355,-0.009988,0.268185,-0.090517,-0.279482,0.197404,-0.299958,-0.0349,-6e-05,-0.146213,-0.053966,-0.39437,0.188785,0.0737,-0.178168,0.128124,-0.087952,-0.220162,-0.207528,0.012212,0.265072,0.002761,-0.211746,-0.128088,-0.330912,0.209641,-0.027431,-0.077555,-0.053651,-0.125194,0.236023,0.171944,-0.189222,0.336927,0.062974,-0.533126,-0.091291,-0.216746,-0.004654,-0.045475,0.289909,0.198865,-0.196301,-0.212846,-0.020284,-0.124611,0.196971,-0.015377,0.123409,0.098477,-0.448124,-0.012343,-0.332239,0.02045,0.031417,0.048548,-0.241753,-0.038927,0.076646,-0.273505,0.047999,-0.204045,-0.014539,0.060039,0.164289,-0.31833,-0.165263,0.264416,-0.007808,-0.053156,0.293846,0.131554,0.290311,-0.359833,0.080195,-0.133063,-0.241486,-0.18809,0.092719,-0.247469,0.136548,0.010837,-0.237407,-0.108749,0.17138,-0.350214,0.169299,-0.062439,-0.277922,-0.015104,0.3058,-0.16366,0.190856,-0.243843,-0.2222,-0.157305,-0.008136,0.362059,-0.201407,0.204274,-0.158777,0.214317,-0.066041,0.161367,-0.427002,-0.400105,0.083743,0.004148,0.00544,-0.003061,0.237813,-0.083963,-0.242639,0.172841,-0.094757,-0.230756,-0.210914,0.031272,-0.078921,0.031111,0.127379,0.177166,-0.040967,-0.027871,-0.076402,0.001675,-0.155857,0.131349,0.106221,-0.065274,-0.406967,0.213548,-0.220443,-0.04618,0.294207,0.069997,-0.097077,-0.210042,-0.108025,-0.049203,-0.018695,0.083339,-0.17704,-0.01695,0.259215,0.269816,0.137282,0.157782,-0.133209,-0.087776,-0.137994,-0.036757,-0.06728,0.036701,0.085048,0.123517,0.081682,0.105442,-0.056901,0.167224,-0.148866,#
12,0.072491,0.297243,-0.115939,-0.086987,0.230306,0.091367,0.505018,0.240375,0.497932,0.278353,-0.323621,-0.119107,1.0,0.22067,0.317422,-0.5683,-0.256839,0.542037,0.07121,0.327151,0.3339,0.187155,0.218855,0.006443,-0.167516,-0.168671,0.186193,-0.241738,0.144277,0.141682,-0.381296,0.04168,0.320993,-0.253202,-0.088792,-0.409416,-0.057643,-0.252944,-0.087425,-0.258111,0.347972,0.557389,-0.006611,-0.145909,-0.160838,-0.220091,0.423392,0.446323,-0.030995,-0.10291,0.217985,-0.179457,0.186198,-0.057817,-0.231047,-0.034277,0.192979,0.000497,-0.010883,0.074269,-0.079883,0.217128,-0.167399,0.180493,0.403818,0.407829,0.108987,0.336132,0.034982,-0.145935,0.402469,0.185439,-0.332285,-0.122869,-0.218739,0.225696,0.102321,-0.09653,-0.105171,-0.195532,0.192906,-0.404968,-0.367821,-0.255313,0.032305,0.541982,-0.068623,0.314199,-0.02855,0.029373,-0.216848,0.065331,-0.464951,0.237206,-0.332216,0.288197,0.585184,-0.050239,0.314594,-0.151342,-0.013342,-0.101406,0.000324,-0.120754,-0.142508,0.058539,-0.081016,-0.238743,-0.370092,-0.11591,0.665504,-0.230014,-0.140038,-0.360537,0.256325,-0.209536,-0.446695,0.198564,0.094614,-0.568893,-0.12109,-0.35317,0.053739,-0.384779,0.155985,0.430589,-0.253224,0.108394,-0.128732,0.23927,-0.100693,-0.346246,-0.148808,-0.128801,0.092336,-0.095471,-0.075847,-0.062754,0.039269,0.033689,0.005736,-0.211202,-0.118393,-0.178253,0.000325,-0.055514,-0.180328,0.411503,0.153133,0.004187,-0.228275,-0.377279,0.368373,-0.063455,-0.000339,0.451244,0.496836,0.254675,0.063111,-0.253402,-0.019453,-0.271629,0.07754,0.517299,0.168437,0.355463,0.244922,-0.180313,-0.105767,0.258912,-0.020963,-0.040108,0.230605,-0.019966,0.318701,0.317964,-0.055259,-0.007615,0.331945,-0.339376,0.021158,-0.024405,-0.159237,-0.539342,0.096114,-0.046328,0.549868,0.232992,-0.629604,0.374994,0.704646,0.070504,-0.116949,-0.368623,-0.078315,-0.163887,-0.172268,-0.192563,-0.032801,-0.021597,#
13,0.494665,0.307132,-0.133079,-0.424461,0.026689,0.456126,0.066341,0.445914,0.190235,-0.070428,-0.136836,0.018929,0.22067,1.0,0.182782,-0.011612,0.018847,0.109861,0.062478,-0.082692,-0.213631,0.306253,0.582982,0.234378,-0.247613,-0.468946,0.368349,0.42165,0.359477,0.161765,-0.343422,0.259599,0.251201,-0.412203,0.111873,0.075398,-0.35172,-0.041839,0.199332,-0.071385,-0.085201,0.132072,0.177344,0.466699,-0.261165,-0.298915,0.154325,0.28908,-0.205206,0.263194,0.372023,-0.093964,0.121091,-0.106847,-0.031788,-0.101463,0.078774,0.081754,0.075696,0.205068,0.284678,0.14341,-0.021217,0.376788,0.339541,0.499323,-0.217595,0.437175,0.286609,-0.032283,0.042083,-0.137262,-0.129259,-0.428764,-0.341851,0.398825,-0.164823,0.114457,-0.461901,-0.119811,-0.477896,-0.375865,-0.298267,0.162694,0.061192,0.114185,0.168032,-0.300874,-0.114916,-0.430719,-0.533908,-0.130117,-0.471508,0.232869,-0.117222,-0.291518,0.156427,-0.131055,-0.021374,-0.479602,-0.182309,-0.17609,-0.128156,-0.318246,-0.060558,-0.302626,0.047586,-0.3599,-0.338169,-0.030554,0.316901,0.183733,-0.354844,-0.238474,-0.333465,-0.421819,-0.478139,-0.173769,-0.147545,-0.238007,-0.24194,-0.492697,-0.106425,-0.343672,0.02163,0.10713,-0.184629,-0.195732,-0.157797,-0.358089,-0.508441,0.067601,-0.291303,-0.118147,-0.322139,-0.347637,0.206001,-0.587075,-0.186792,-0.226792,-0.205702,-0.193101,-0.517457,-0.075723,-0.377221,-0.14684,-0.528461,0.123068,0.067343,-0.154033,-0.181031,-0.276296,-0.084033,-0.026771,-0.387596,0.103381,0.28724,0.138445,-0.416375,0.002146,-0.146532,-0.236811,-0.135208,0.247021,-0.134495,-0.061835,0.046503,0.138298,-0.058502,-0.077431,0.173403,0.101155,-0.014796,-0.274115,0.510085,0.092128,-0.010435,-0.160041,0.506075,-0.462325,0.172198,-0.114177,-0.05571,0.053521,0.221246,0.121667,0.188697,-0.225926,-0.184494,0.536891,0.132043,0.113758,0.48929,0.232343,0.000568,0.21454,0.377341,-0.449997,-0.377243,0.085438,#
14,0.191092,0.341641,-0.183238,-0.166212,0.426034,0.031228,0.473604,0.249959,0.258642,0.036345,-0.077713,-0.108268,0.317422,0.182782,1.0,-0.507722,0.154956,0.06356,-0.104271,-0.072506,0.183616,0.092583,0.029869,0.266426,-0.221066,-0.028593,-0.150488,0.213415,0.183632,-0.061006,-0.28482,-0.139459,0.215319,-0.326776,-0.25049,0.081081,-0.250559,-0.137715,0.333224,0.047418,-0.057329,0.242255,-0.643957,0.302097,-0.276596,0.138936,0.251513,0.028006,0.216261,0.358028,0.070611,-0.078354,-0.037238,-0.262289,0.053249,-0.143214,-0.221862,0.081907,-0.245012,0.247292,-0.104849,0.655697,-0.337452,0.168438,0.170575,0.247398,0.175572,0.035804,0.158752,-0.392347,-0.027004,-0.139726,0.079244,-0.208657,-0.462131,0.048165,0.043894,-0.258252,-0.108946,-0.457369,-0.191988,-0.097498,-0.145393,-0.274038,-0.501463,0.095232,-0.091343,0.038844,-0.500988,-0.177025,-0.263396,-0.209651,-0.204312,0.130288,-0.192137,-0.177757,0.008875,0.136723,0.193431,-0.360016,0.329703,-0.261279,-0.200238,0.040937,-0.216991,-0.28615,-0.35183,-0.068608,-0.276147,-0.130944,0.140113,-0.152926,-0.245059,-0.344549,-0.176649,-0.187518,-0.286311,-0.311499,-0.174147,-0.268348,-0.402952,-0.238052,-0.345061,-0.139168,0.197721,-0.260756,-0.233714,-0.01725,-0.4362,-0.121609,-0.406123,-0.46694,-0.142574,0.11716,-0.035109,-0.124996,0.392933,-0.23911,-0.085388,-0.005849,-0.285636,-0.320542,-0.280649,0.023838,0.069713,-0.272193,-0.12472,0.296874,-0.065045,-0.232363,-0.041034,0.043665,-0.092646,-0.047311,-0.289449,0.366919,0.613999,0.348288,-0.38725,0.160598,0.125026,0.18252,0.00977,-0.045541,-0.060892,0.411328,0.002281,-0.108433,-0.014412,-0.149532,0.278785,0.005539,0.049292,-0.326307,0.34342,-0.154367,-0.142588,-0.228482,0.436058,-0.358828,-0.04212,0.429799,0.442856,-0.140681,0.027076,-0.072999,-0.120564,0.187611,-0.121192,0.267385,0.064668,0.528049,-0.004297,-0.110588,-0.164963,-0.023222,-0.158731,-0.279878,-0.315141,0.367267,#
15,-0.059942,-0.192093,-0.121725,-0.066366,-0.551579,0.120418,-0.192177,0.034757,-0.394094,-0.088178,0.28261,-0.182255,-0.5683,-0.011612,-0.507722,1.0,0.048782,-0.305766,0.260815,-0.13219,-0.088183,0.146005,-0.103189,-0.035766,0.129251,-0.002724,-0.038246,0.211526,-0.203425,-0.310115,0.18054,0.082758,-0.249804,0.403963,0.26684,0.343793,0.202779,0.226092,0.049677,0.063004,-0.1564,-0.40706,0.424493,0.203328,0.015275,0.227033,-0.587792,-0.209467,0.060648,0.07687,0.258377,0.330177,-0.169137,0.121474,-0.150199,0.366109,0.338499,-0.049311,0.202595,0.195171,0.231572,-0.314227,0.088126,-0.041507,-0.018178,-0.383084,-0.261408,-0.120846,-0.010936,0.075195,-0.065057,-0.072969,0.101428,-0.004672,0.329445,-0.037494,0.042242,0.207824,0.208637,0.30961,-0.116265,0.227192,0.484785,0.207706,0.13984,-0.162809,0.188493,-0.143967,0.138565,0.065502,0.199828,-0.105361,0.444811,-0.217656,0.263699,-0.094398,-0.318459,-0.12316,-0.407208,-0.125227,-0.046162,0.095493,0.065502,-0.064997,0.351658,0.130693,0.36913,-0.104073,0.114856,-0.078558,-0.3195,0.348272,0.306602,0.242069,-0.157939,0.157578,0.288229,0.133345,0.064831,0.204444,0.358728,0.412356,0.06948,0.120005,-0.076964,-0.09543,0.380061,0.026108,0.14306,-0.193999,0.100052,0.359334,0.34836,0.188665,-0.077623,0.134024,-0.199152,0.023061,-0.16689,-0.237176,-0.111571,0.138354,-0.055244,0.335239,0.054181,0.085094,-0.095564,-0.312526,-0.107385,-0.190834,0.07744,0.258422,-0.18343,0.251551,0.037306,-0.086447,-0.69289,-0.169027,-0.022884,-0.021003,-0.001026,0.236371,-0.340574,-0.180236,-0.068085,-0.274897,-0.099036,-0.014324,0.064905,0.113784,-0.116791,0.090139,-0.006053,0.233321,-0.380589,-0.073336,0.313101,0.253325,-0.269072,0.212082,0.001347,-0.05393,-0.092164,0.206344,-0.141295,-0.078478,-0.338386,-0.129015,0.20695,-0.078891,-0.325523,-0.438671,-0.020681,0.180523,-0.000485,0.240537,0.16639,0.241385,0.144455,-0.294069,#
16,0.242833,-0.112294,-0.271011,-0.137136,0.118338,0.030554,-0.264621,-0.08377,-0.377036,-0.279269,0.078049,0.092543,-0.256839,0.018847,0.154956,0.048782,1.0,-0.15236,-0.272954,-0.419381,-0.191794,-0.325242,-0.436449,-0.129093,-0.032376,-0.136515,-0.579009,0.09719,0.074929,-0.215329,0.031086,-0.465119,0.097562,-0.244747,0.136082,0.334444,-0.208447,0.059184,-0.124432,0.237193,-0.324028,-0.375891,-0.119939,0.277716,-0.207164,0.189163,-0.333466,-0.702081,0.206192,0.029264,-0.023344,-0.03415,-0.085923,0.069724,0.13269,-0.072149,-0.14466,0.248388,0.081579,0.190657,-0.146615,-0.072181,0.011346,-0.123342,0.310956,-0.058046,0.401085,0.073204,-0.291429,-0.436613,-0.61739,0.171188,0.159742,0.056593,0.003667,0.258834,0.36111,0.106931,0.103982,-0.021952,-0.450643,0.265432,-0.001769,0.103923,-0.041483,-0.35567,-0.298904,-0.300252,0.102442,-0.24191,-0.112827,-0.401847,0.295544,-0.623736,0.150852,-0.313089,-0.405291,-0.319284,-0.368004,0.114531,0.251586,-0.248006,-0.066691,-0.2766,0.05174,0.148898,-0.076427,0.026837,-0.20462,0.289863,-0.543664,-0.114538,-0.176691,0.052002,-0.517542,0.240806,-0.061889,-0.345673,-0.565702,0.439198,-0.153397,0.30365,-0.632112,0.522344,0.140058,-0.288852,-0.074964,-0.067961,-0.271609,-0.09708,-0.215701,0.298512,-0.158308,0.139584,-0.26114,-0.280864,0.185115,-0.325068,-0.604297,-0.129792,-0.34968,-0.071514,-0.092732,0.005695,0.152605,-0.384555,0.047545,-0.262974,0.064285,-0.053027,0.097087,0.128618,-0.53849,-0.072646,-0.277379,-0.384509,-0.127008,-0.07264,-0.343258,-0.125435,-0.028211,-0.191152,-0.195667,-0.384341,-0.191194,-0.173004,0.032962,-0.126737,0.220408,-0.280198,0.56312,-0.039456,-0.248006,-0.043952,-0.113812,-0.14926,-0.172419,-0.009033,0.150803,0.213483,0.182613,0.066891,0.645179,0.164203,0.356762,-0.052287,-0.065741,0.118888,0.532069,0.031843,-0.495177,0.204096,0.146329,0.152472,-0.4145,0.553454,0.001163,-0.27345,-0.458562,0.208141,#
17,0.198735,0.552074,-0.114854,-0.043768,0.312808,0.037365,0.349738,0.139426,0.463243,0.353539,-0.363769,-5.6e-05,0.542037,0.109861,0.06356,-0.305766,-0.15236,1.0,0.338359,-0.023856,0.460502,0.034962,0.179092,-0.014589,-0.115235,-0.000914,0.152609,-0.08752,0.297827,0.289237,-0.483083,-0.175633,0.204831,0.060776,-0.06616,-0.46868,-0.10872,-0.323924,-0.091701,-0.174702,-0.095114,0.246693,0.288613,-0.108463,-0.021646,-0.423414,0.249003,0.179773,0.075731,-0.230344,0.339727,-0.042897,0.063893,0.112482,0.177417,-0.320222,-0.072905,-0.187644,0.110904,-0.122126,0.105791,0.31663,-0.321908,0.196484,0.168686,0.438506,0.021784,0.225568,0.245115,0.043593,-0.022269,0.115298,-0.468968,-0.133798,-0.098236,0.450165,-0.297576,-0.198761,-0.155465,-0.382106,0.041778,-0.352508,-0.416746,-0.151216,-0.180566,0.286235,-0.302352,0.03102,0.198689,-0.166578,0.05333,-0.204874,-0.402265,0.151091,-0.41141,0.037309,0.315736,-0.13412,-0.109606,-0.192571,-0.201724,-0.229572,-0.16617,-0.020006,-0.328194,-0.043507,-0.267701,-0.303976,-0.574423,-0.227181,0.274723,0.120312,-0.048294,-0.200579,0.018738,-0.023834,-0.397882,-0.052968,-0.038353,-0.376939,-0.260216,-0.121791,-0.127028,-0.452309,-0.002524,0.424682,0.113892,0.025564,0.027497,0.0076,-0.185829,-0.421717,-0.131991,-0.409595,-0.056238,-0.178192,0.171155,-0.292807,0.263428,-0.35072,-0.183352,0.070318,-0.208183,-0.19607,-0.018615,0.119929,0.013218,0.535286,-0.123658,-0.236331,-0.295733,-0.224228,0.128268,-0.074472,-0.327111,0.077879,0.452905,0.445817,-0.282105,-0.084638,-0.079895,-0.165136,0.090698,0.312946,-0.101085,0.613171,0.05981,-0.084123,-0.172571,0.106314,-0.114085,0.197633,-0.040495,0.029497,0.212461,-0.195518,-0.236456,0.129706,0.374421,-0.109323,-0.106577,0.0433,-0.002578,-0.26605,0.273731,0.047519,0.509684,0.242863,-0.380793,0.390976,0.22066,0.225035,-0.020855,0.058995,-0.011348,0.022151,-0.047127,-0.351589,-0.05328,-0.033908,#
18,0.275801,0.446849,0.031798,0.074384,0.024439,-0.143779,0.045088,-0.145043,0.141911,0.428257,-0.17345,-0.443154,0.07121,0.062478,-0.104271,0.260815,-0.272954,0.338359,1.0,-0.208326,0.478798,-0.028945,-0.056692,0.227927,-0.133028,-0.165626,0.125753,0.026483,0.003567,0.386739,0.034307,-0.156036,-0.052584,0.373841,-0.235279,-0.026953,0.131967,-0.080641,-0.067524,0.026878,-0.091401,-0.407425,0.300934,0.067225,-0.259754,-0.23604,0.046583,0.084122,0.071179,-0.16277,0.159714,0.102441,-0.1512,0.221889,0.172775,-0.104468,0.066105,-0.31395,-0.194448,-0.329274,0.113947,0.075003,-0.094397,0.018234,-0.050623,0.113831,-0.114798,0.036118,-0.009825,-0.032502,-0.117496,-0.163038,-0.091597,-0.182227,0.17411,-0.032411,-0.424419,-0.151856,0.091624,-0.103823,-0.062345,-0.055785,0.161277,0.362088,-0.071068,-0.003229,0.107692,-0.05985,0.083475,0.298533,0.351292,-0.11514,-0.300063,0.049285,-0.169367,-0.085641,-0.001125,-0.101399,0.001864,-0.094759,-0.100865,-0.17076,-0.123623,-0.013904,-0.112571,0.192534,-0.230019,0.023413,-0.321698,-0.100753,0.176771,0.147946,0.233873,-0.074184,-0.022934,-0.111925,0.036335,0.028099,0.457888,-0.419982,-0.198551,0.332997,-0.010517,-0.186617,0.026262,0.136544,0.132061,-0.062519,-0.050399,-0.316557,0.155575,-0.368925,0.178192,0.201173,-0.290233,-0.102423,-0.129314,-0.17822,-0.053579,-0.004977,0.060819,-0.047133,-0.494078,0.322522,0.308368,0.014665,0.117366,0.156035,0.012622,-0.314739,-0.270007,-0.091189,0.164328,0.165624,-0.016454,0.067781,0.046184,0.277446,-0.156068,-0.01423,-0.368044,0.03962,-0.075942,0.025487,-0.15587,0.131104,-0.15462,-0.075268,-0.065657,0.17685,-0.211407,0.055662,0.034656,0.132603,0.162398,0.066511,-0.03508,0.209569,0.074408,-0.315306,-0.035685,-0.058298,-0.166951,-0.11093,0.044705,0.167773,-0.010012,0.156972,-0.107041,0.352915,-0.062503,0.110509,0.130057,0.385633,0.09907,-0.052419,0.000348,-0.252469,-0.107406,-0.158771,#
19,-0.33633,-0.14007,0.015685,0.041159,-0.09918,0.175411,0.323665,0.052524,0.241463,-0.134275,-0.269431,0.0727,0.327151,-0.082692,-0.072506,-0.13219,-0.419381,-0.023856,-0.208326,1.0,0.015914,0.289071,-0.006996,-0.089658,0.338102,-0.226958,0.231444,-0.284425,-0.282239,-0.216508,-0.271012,0.321153,0.004791,0.14815,-0.138224,-0.293154,0.005244,0.127617,0.165894,0.190378,0.635003,0.381946,-0.119178,-0.506094,0.250566,0.194849,0.193206,0.550117,0.239799,0.12,0.045753,-0.178506,-0.019528,0.090576,-0.241145,0.306646,0.333102,0.066552,0.394642,0.228913,-0.07012,0.033651,-0.05768,0.167399,0.120231,0.183695,0.034889,0.192523,0.314899,0.089992,0.55084,0.015772,0.091033,0.266506,0.052893,-0.382592,0.365613,0.286963,0.286963,0.079589,0.497965,0.119443,0.058961,-0.580421,0.301257,0.132247,0.079017,0.320081,0.186102,0.141146,-0.052585,0.313527,0.175218,0.332584,0.161233,0.353214,0.411455,0.198711,0.196959,0.169667,0.040277,0.551264,0.165443,0.257187,0.236639,0.071849,0.259182,-0.175968,0.36069,-0.096753,0.530779,-0.152562,0.169615,-0.001758,0.321653,0.02155,-0.105329,0.388096,0.21321,-0.042624,0.309721,-0.105679,0.327512,-0.275278,0.109056,0.469974,-0.02008,0.013751,0.295013,0.602919,-0.017181,0.098139,0.033398,-0.063203,0.530769,0.084409,-0.219634,0.418234,0.069109,-0.005393,0.456151,0.103214,0.085868,-0.109758,-0.284473,0.032459,-0.465637,0.137255,0.149682,-0.19787,0.095203,0.139614,0.474782,0.382723,0.269271,0.560486,0.066943,-0.219193,0.40841,-0.008188,0.27119,-0.149131,0.219009,0.420278,0.384445,0.126358,0.396909,0.133279,-0.51193,0.21685,-0.438465,-0.07736,0.391943,0.131134,-0.213683,0.231,0.410984,-0.254511,-0.100332,-0.017377,-0.233889,0.100473,-0.184345,-0.271718,-0.44444,-0.180568,0.252169,0.022307,-0.518136,-0.244905,0.292807,-0.34536,-0.04799,-0.422589,0.059723,-0.415986,-0.125022,0.464096,0.295297,-0.116109,#
20,-0.156709,0.314014,-0.069384,0.21172,0.025311,-0.320583,0.257268,0.071643,0.239083,0.179066,-0.235349,-0.466452,0.3339,-0.213631,0.183616,-0.088183,-0.191794,0.460502,0.478798,0.015914,1.0,-0.005576,-0.191821,0.098306,0.018386,-0.049278,-0.19402,-0.105977,0.11182,0.234627,-0.101105,-0.347381,0.025473,0.360381,-0.212892,-0.096247,0.129872,-0.355114,0.197191,0.094465,-0.070732,-0.11956,-0.00108,-0.167973,0.029087,0.233643,0.232474,0.106065,0.016005,-0.111886,0.073635,0.023308,-0.441671,0.414953,-0.047899,-0.006599,0.07619,-0.182486,0.005544,-0.22252,0.157097,0.317985,-0.245334,-0.016947,-0.193904,0.084449,-0.096957,0.112633,0.298034,-0.319884,-0.205989,0.174012,-0.217139,0.079243,0.228191,0.098466,-0.053789,-0.185795,-0.138006,-0.275147,0.175537,-0.211932,0.101831,-0.318738,-0.074908,-0.034362,-0.063296,0.188154,-0.021911,0.172533,0.260033,-0.017887,-0.083407,0.183614,-0.469873,0.031507,0.388953,-0.16285,0.031134,-0.00864,0.088473,-0.216758,-0.136069,-0.024385,-0.155803,-0.092452,-0.262776,0.14968,-0.262993,-0.459482,0.175149,-0.150307,0.045622,-0.132025,0.092941,0.213463,-0.084876,0.065036,0.130674,-0.20584,-0.145496,0.331155,0.125606,-0.457466,0.277383,0.10127,0.026062,0.027086,-0.01228,0.083662,0.136941,-0.458944,0.244629,-0.074369,0.056867,0.109314,-0.216387,0.118935,-0.025753,0.208002,-0.108365,0.087153,-0.097113,0.149174,0.46528,-0.180846,0.059015,0.420747,-0.009503,-0.273548,-0.356662,0.175208,0.269425,0.012799,0.077472,0.253324,0.300555,0.234349,0.013995,-0.195745,0.04048,0.073181,0.008271,0.094861,-0.033348,0.540838,-0.124677,-0.357573,-0.359606,0.271233,-0.221192,0.287085,0.076454,-0.055487,0.002514,-0.12816,-0.060278,0.291618,0.151243,0.048585,-0.066736,0.372339,0.118566,-0.104836,0.064091,0.106269,0.229353,0.278732,-0.184686,0.110993,0.112689,0.375809,-0.172067,-0.013239,-0.279894,-0.015572,-0.136057,-0.025087,0.080412,0.102176,#
