0,1.0,0.28196,-0.228396,0.029824,0.471633,0.3422,-0.090144,-0.089022,-0.087995,0.527181,0.183742,0.008366,0.333471,0.326416,0.292529,0.471506,-0.014941,-0.150018,0.11363,-0.386366,0.17224,-0.009727,0.131035,-0.40324,-0.084176,-0.437566,0.236941,-0.037788,0.00388,0.403364,-0.491677,0.221565,-0.006526,-0.326979,0.072692,-0.16106,-0.244858,-0.388123,0.197504,-0.116728,0.072036,0.120641,-0.320448,-0.004665,-0.016886,-0.410416,0.195688,-0.262014,-0.115119,-0.094157,0.189988,-0.097907,0.013662,-0.221464,0.141446,0.360796,-0.61323,0.299281,-0.197,0.035567,0.138203,0.12939,-0.390912,-0.396523,0.189511,0.166574,-0.128641,0.29188,0.123976,0.178199,-0.088939,0.299942,0.1925,-0.124794,0.024863,0.138191,-0.491645,-0.125812,-0.219643,-0.221385,-0.355831,-0.171025,-0.158818,0.042564,-0.409993,-0.189667,-0.115294,-0.034803,-0.172547,-0.224522,0.127351,-0.633865,-0.056986,0.00881,-0.249785,0.075701,0.169171,-0.256765,-0.386303,0.004613,0.014934,-0.532927,-0.044084,0.237218,0.027221,-0.125812,0.120124,0.016647,-0.1202,0.080896,-0.040102,-0.128614,-0.038931,-0.160783,-0.634851,0.015297,0.161814,0.093094,0.095052,-0.153663,-0.63399,-0.271917,-0.445665,-0.124491,0.127553,-0.038921,-0.271397,-0.113995,-0.179999,-0.418832,-0.5345,-0.190325,-0.229193,-0.232529,-0.426306,-0.356031,-0.089048,-0.355983,-0.433574,-0.523291,-0.355949,-0.191093,-0.491724,-0.477581,-0.120991,-0.143102,-0.304298,0.416609,-0.107718,-0.326805,-0.394343,-0.28167,-0.271784,-0.094161,-0.391147,-0.326903,-0.019115,0.056367,-0.228176,-0.490834,-0.375842,-0.159997,0.229538,0.048202,-0.091608,0.137157,-0.156821,0.140142,-0.356031,-0.327034,0.203055,-0.017767,-0.230133,0.186512,0.547705,-0.405467,-0.218016,0.231043,0.332105,-0.353995,0.284648,0.109418,0.07583,0.342526,0.245217,-0.282973,0.114205,-0.170999,-0.090599,0.282547,-0.558716,0.142736,0.2902,0.300171,-0.092903,-0.075731,0.144528,-0.139575,0.150784,0.163126,#
1,0.28196,1.0,-0.044098,-0.178326,0.266836,0.306433,0.163099,-0.420808,0.348562,0.662701,-0.143172,0.192825,-0.084355,0.490861,0.333309,-0.098454,-0.315375,0.398265,0.224824,-0.136227,0.226724,0.152881,0.435999,-0.215467,-0.03734,-0.255757,0.276468,-0.172272,0.196951,0.423417,-0.460286,-0.326995,-0.020127,-0.243035,-0.307951,0.082603,-0.107862,-0.515575,-0.149913,0.060111,0.070649,0.04841,-0.15527,0.170377,-0.140728,-0.241129,0.319995,0.120296,-0.22297,0.312742,-0.215421,-0.555017,0.125698,-0.467052,-0.057544,0.273582,-0.15866,0.299589,-0.058809,0.206789,0.208956,0.529094,0.249517,-0.108896,0.069547,0.229082,-0.165629,-0.025769,0.201896,0.180225,-0.269393,0.185142,0.106198,-0.101122,-0.100459,0.16625,-0.279735,-0.068883,-0.495291,0.124514,-0.082413,-0.448925,-0.497532,0.048956,0.195718,-0.126092,-0.160889,-0.383663,0.349486,-0.034183,-0.109355,-0.051678,-0.208828,0.378377,-0.03806,-0.292276,0.19552,-0.216541,-0.126161,-0.200214,0.249081,-0.160747,0.078693,0.043946,-0.097889,-0.068883,-0.165668,-0.740904,0.278595,-0.097165,0.187464,-0.165595,-0.374679,0.059011,-0.42521,0.009043,-0.261832,-0.20786,0.123001,-0.566758,-0.049061,-0.350101,-0.287846,-0.458339,0.14681,-0.079956,0.231058,0.242885,-0.097144,-0.338375,-0.159696,-0.245049,0.124965,-0.385736,-0.423667,-0.4584,-0.114652,-0.253057,-0.118604,-0.695797,-0.255379,-0.349131,-0.431234,-0.330006,-0.255388,-0.405105,0.00285,0.447149,-0.04015,-0.040298,-0.243644,-0.354241,-0.164536,-0.214538,-0.227605,-0.035367,0.132811,0.409363,-0.097889,-0.097044,-0.352881,-0.296736,0.014187,0.24812,0.238752,0.163523,-0.288637,-0.131248,-0.4584,-0.421065,-0.188508,0.115206,-0.234771,-0.187962,0.112131,-0.309952,-0.280702,0.47408,0.301281,-0.324171,0.434461,-0.071495,-0.215967,0.216837,0.387472,-0.222861,0.419307,0.13399,-0.502197,0.548593,-0.131189,0.154821,0.257379,0.251717,-0.12021,-0.200598,-0.117454,0.041029,-0.169161,-0.202469,#
2,-0.228396,-0.044098,1.0,0.429502,-0.109598,-0.084687,-0.127629,0.211521,0.016628,-0.142759,0.031679,0.109459,-0.165982,-0.051092,-0.208507,-0.253153,-0.013635,0.358594,-0.39558,-0.118583,-0.020171,0.149785,0.109978,-0.005758,0.533358,0.281884,-0.465022,-0.104026,0.038525,-0.380951,0.27639,0.133259,0.101959,0.056623,-0.158353,0.09973,0.15261,-0.031774,0.047385,-0.163389,0.151454,0.00564,0.156646,-0.360236,0.249948,-0.211302,-0.279715,-0.202821,0.169918,-0.066898,-0.037745,0.215849,0.151761,0.36428,-0.034774,-0.134978,-0.018928,0.027553,-0.155334,0.08884,0.132675,-0.057754,0.151722,0.043184,0.081737,0.144066,-0.002795,0.199755,0.057928,-0.036969,-0.027982,-0.359286,-0.136587,-0.004695,0.502505,0.016847,-0.049618,0.137808,-0.202354,0.113274,0.300488,0.056824,-0.101787,0.189779,0.239271,-0.119698,0.315789,0.050806,0.049762,-0.07458,0.135341,0.043604,-0.217874,-0.047337,-0.077848,-0.156893,0.261122,0.259416,0.516276,0.124885,-0.177745,0.369796,0.403553,0.407241,-0.041853,-0.023287,0.260153,0.144663,-0.031182,-0.07365,0.088165,0.01501,-0.15392,0.365314,0.538161,0.155955,-0.187569,0.026785,0.11289,0.232324,0.226809,0.059996,0.468895,0.113702,0.117739,0.101093,-0.111234,-0.240296,-0.319472,0.152747,0.032017,-0.216196,0.13379,0.089768,0.391591,-0.023847,0.191506,0.294737,0.246341,0.161924,0.153911,0.452527,0.131449,0.07395,0.001798,-0.09862,0.09803,-0.114549,0.224338,0.058129,0.168754,0.034453,0.060926,0.058083,0.215303,0.049003,0.192851,0.045231,0.324728,0.284407,0.413756,0.244446,0.118519,0.190907,0.051091,0.044147,0.115043,-0.419603,0.144775,0.229703,0.088916,-0.284504,0.16168,0.161812,-0.383633,0.262498,0.072852,-0.133377,-0.380222,-0.193246,-0.319222,-0.187747,0.039711,-0.271735,-0.180422,-0.117008,-0.079953,-0.317894,0.224825,-0.042722,-0.043546,0.038488,0.209123,0.036824,0.201521,0.204469,0.014229,-0.126526,-0.175669,-0.106399,#
3,0.029824,-0.178326,0.429502,1.0,0.084879,-0.15706,-0.063582,0.415267,-0.064742,-0.118589,0.259975,-0.02478,0.058414,-0.47139,0.146199,-0.086299,0.034718,0.106506,-0.47611,0.116654,0.006916,-0.234467,-0.146379,-0.02129,0.600755,0.258769,-0.44001,-0.111243,-0.089081,-0.144904,0.356331,0.408169,0.290819,-0.042997,0.143163,0.119856,0.219273,0.008239,-0.076506,-0.026845,0.124869,-0.006563,-0.279624,-0.426247,0.639391,-0.283105,-0.391597,-0.21315,0.30438,-0.19766,0.284452,0.397045,0.020257,0.336978,0.045778,-0.114662,-0.032902,0.009982,-0.333649,-0.323174,-0.157895,0.20637,0.070728,-0.128171,-0.152004,0.217675,0.300895,-0.284006,-0.086966,-0.114269,0.011782,-0.070224,0.119781,0.02785,0.425699,-0.030544,0.034496,0.041281,0.073545,0.048873,0.181581,0.165304,-0.025844,0.117601,-0.263373,-0.376741,0.21836,-0.189064,0.14211,-0.024335,0.350584,-0.037915,0.205544,-0.281036,-0.03119,-0.26173,-0.211264,-0.035927,0.269951,0.218425,-0.245773,0.141127,0.340437,0.480742,0.071722,0.180024,0.217159,0.077865,0.205331,0.034572,-0.051973,-0.002406,0.17891,0.109136,0.122679,0.364217,0.375446,-0.009177,0.202255,-0.029334,0.138156,0.109383,0.237811,0.350435,0.221323,0.053463,-0.22783,-0.051603,-0.115942,0.184997,-0.025332,-0.186842,0.345589,7.3e-05,-0.036037,0.175051,-0.195921,0.007589,-0.198781,0.122439,0.014483,0.032193,0.192178,0.124475,-0.064147,0.05759,0.261687,0.131998,0.407196,0.108457,0.114714,0.161712,-0.05612,-0.064423,0.315355,0.09959,-0.031104,-0.084535,-0.117807,0.053006,0.204396,0.292645,-0.105289,-0.053064,0.12943,-0.392012,0.190681,-0.340352,0.184263,0.097725,-0.038252,-0.294116,0.108253,-0.10823,-0.158416,0.218628,-0.299743,-0.095187,-0.153717,-0.129227,-0.401432,0.170799,-0.20785,-0.30983,-0.010158,0.141643,-0.472402,-0.188788,0.299678,-0.394597,-0.133463,0.242872,0.087657,0.268689,-0.251007,0.200072,-0.234608,0.416727,0.181214,0.256759,#
4,0.471633,0.266836,-0.109598,0.084879,1.0,0.305546,-0.002255,-0.129256,0.162705,0.191969,0.15413,0.188037,0.119336,0.295396,0.085113,0.51144,-0.113813,-0.078321,0.373109,-0.303066,0.288696,-0.252922,0.555894,-0.201727,0.008736,-0.346691,0.409311,-0.339303,0.240969,0.230887,-0.359203,0.187703,0.113882,-0.15717,-0.133379,-0.089855,-0.129113,-0.271732,0.175804,-0.112042,0.344991,-0.13995,-0.057739,0.076463,0.173438,-0.337187,0.026683,0.200352,0.038445,0.014727,0.223124,-0.075391,0.467965,-0.219425,-0.200014,0.381492,-0.337003,0.340325,-0.180239,0.166878,-0.187002,0.293546,-0.150664,-0.076573,0.346715,0.409353,0.029901,0.235664,0.179152,0.012974,-0.26838,0.22475,0.195614,-0.043991,-0.201039,0.245869,-0.197913,-0.430734,-0.026435,0.015263,-0.239162,-0.455832,-0.334175,0.53137,-0.270163,-0.153799,-0.052608,-0.470414,-0.089899,-0.304886,0.002749,-0.444317,-0.14618,0.101461,-0.27617,-0.094742,-0.09779,-0.423274,-0.312885,0.068386,0.232544,-0.26167,-0.070092,0.482865,-0.204401,-0.274276,0.246153,-0.220133,0.053606,0.40321,0.226966,0.060149,0.074557,-0.137025,-0.443811,-0.241929,0.108134,0.191722,0.418757,-0.646564,-0.261028,-0.54845,-0.394917,-0.435663,0.238139,-0.249337,-0.008054,-0.014923,0.040795,-0.530354,-0.456343,-0.178866,-0.048538,-0.384114,-0.265368,-0.058482,-0.179608,-0.396706,-0.367976,-0.471107,-0.5559,-0.117726,-0.675824,-0.165982,-0.068675,0.033913,-0.221531,0.566417,-0.341892,-0.34147,-0.08067,-0.319983,0.15615,-0.36895,-0.136763,-0.34421,-0.132126,0.495136,-0.16142,-0.360516,-0.294865,-0.342894,0.237408,-0.140208,-0.105022,0.041578,-0.236314,-0.092246,-0.058482,-0.155354,0.101261,0.251786,-0.29157,-0.003402,0.564454,-0.327285,-0.234468,0.176697,0.222851,0.059437,0.542315,-0.10665,-0.427491,0.320943,0.064348,0.029037,0.197681,-0.071765,-0.284218,0.274791,-0.158112,-0.036296,0.48355,0.646638,-0.437503,0.234943,-0.050301,0.070861,0.237485,0.152535,#
5,0.3422,0.306433,-0.084687,-0.15706,0.305546,1.0,0.193569,-0.264113,0.415748,0.218052,0.305821,-0.214017,0.301901,0.352589,3.3e-05,0.164607,0.303128,0.067864,0.131282,-0.070677,0.130929,0.283416,0.30628,-0.273391,-0.118324,-0.569038,0.08336,-0.351146,0.112322,0.16904,-0.132072,0.148268,-0.175584,-0.112839,-0.195137,-0.300489,0.107376,-0.303362,0.234025,-0.551115,-0.056209,0.130236,0.02365,-0.07473,-0.167403,-0.418007,0.294393,-0.260458,0.221516,0.189238,0.210026,-0.095697,0.118925,-0.347358,0.082761,0.497386,-0.441853,0.464449,0.092325,0.069441,0.309173,0.079749,-0.047085,-0.074993,0.122195,0.129226,-0.240005,0.255857,0.164931,-0.089905,-0.08448,0.186118,-0.02376,-0.496211,-0.419666,0.270935,-0.111267,-0.157393,-0.403009,-0.03767,-0.174014,-0.317851,0.079251,0.409775,-0.129692,-0.086783,-0.096997,-0.186005,0.183216,-0.348576,0.005983,-0.174183,-0.22037,0.508717,-0.051623,-0.155077,0.330549,-0.343529,-0.066841,-0.17222,0.397736,-0.180304,0.057335,-0.159611,-0.222637,-0.500588,0.128663,-0.135729,-0.344955,-0.001338,0.083039,-0.239955,0.042106,-0.066841,-0.17442,-0.475493,-0.113964,-0.071098,0.149316,-0.263209,-0.170751,0.209076,-0.245382,-0.346815,0.222563,0.050941,0.222097,0.357358,-0.238066,-0.450042,-0.309242,0.077479,-0.353586,-0.168057,-0.174964,-0.498792,-0.166136,-0.328626,0.095874,-0.479875,-0.329369,0.057219,-0.272327,-0.19217,-0.094293,-0.240016,-0.447963,0.416348,-0.127275,0.035255,0.000115,-0.156138,0.203014,-0.444625,-0.177924,-0.286921,0.120183,0.215872,-0.222637,-0.261477,-0.137258,-0.24665,0.190072,0.092053,-0.004609,0.256956,0.141065,-0.164568,-0.358253,-0.441499,0.015552,0.128369,0.262716,0.17949,0.354139,-0.342656,-0.406752,0.415306,0.169151,0.038627,0.442316,-0.010175,-0.133324,0.26622,-0.254836,-0.092145,0.26622,0.21452,-0.285395,0.318939,-0.236193,0.046648,-0.048956,0.093325,-0.170846,0.093213,0.177575,-0.197363,-0.147654,-0.090625,#
6,-0.090144,0.163099,-0.127629,-0.063582,-0.002255,0.193569,1.0,-0.385981,0.116644,-0.022746,-0.081823,0.108994,0.3582,0.21552,0.250915,-0.159857,0.173652,-0.184849,0.177656,0.005564,0.195839,0.385373,0.040728,-0.351197,-0.030706,-0.422296,0.09201,-0.207549,0.206808,-0.157154,-0.016177,-0.315613,-0.371685,0.125269,-0.324162,-0.276786,0.162364,0.137941,-0.100467,-0.111351,0.013391,0.219824,0.015542,0.112779,0.097976,-0.190594,-0.01497,-0.132016,0.176756,0.362476,-0.115386,-0.140189,-0.040046,-0.507762,-0.339942,0.344787,-0.111487,0.082708,-0.083261,0.286817,0.032236,0.358144,0.356462,0.263686,-0.037802,0.072487,-0.221073,-0.035276,-0.086944,-0.035779,0.36164,-0.062229,-0.276614,-0.089542,-0.252824,-0.114258,-0.013123,-0.251525,-0.267715,0.116224,0.073756,-0.347816,0.008397,0.169503,0.13437,0.349322,0.234557,-0.089265,0.176934,-0.255294,0.043572,0.174319,0.015904,0.443891,0.419853,-0.085611,-0.105166,-0.252846,0.013156,-0.046727,0.288646,-0.403175,-0.14161,-0.112716,0.112896,-0.074958,-0.15613,-0.177005,-0.088689,-0.106051,0.132352,-0.221027,-0.157598,0.013156,0.165981,-0.183387,0.009665,-0.068048,0.221903,-0.107607,0.178697,-0.090153,-0.26249,-0.256566,-0.228596,0.327872,0.088986,0.337764,0.026953,-0.027297,0.048952,0.345423,0.157593,0.278689,0.170188,0.082929,-0.153031,-0.081728,0.018849,0.048936,0.087777,0.339347,0.190457,0.058952,-0.066919,-0.019616,0.187833,0.442444,0.12317,0.313101,0.150563,0.043511,0.257078,0.149768,-0.016742,0.141344,0.203979,0.128386,0.112896,0.177144,0.124956,0.028055,0.112699,0.188767,0.114348,0.130596,0.245032,-0.250733,0.076179,-0.025818,0.041406,0.042734,0.382494,0.19813,0.049597,-0.109693,0.052992,-0.108448,0.045973,0.024852,0.148136,-0.100562,0.162165,0.02123,-0.07161,0.201006,0.203405,0.163229,-0.348452,-0.238932,0.059918,0.12939,-0.160668,-0.018927,0.074372,0.346575,-0.068692,0.225077,-0.076071,0.328303,#
7,-0.089022,-0.420808,0.211521,0.415267,-0.129256,-0.264113,-0.385981,1.0,-0.228076,-0.276606,-0.092734,-0.152025,-0.050114,-0.414444,0.091618,0.035574,-0.015386,-0.076921,-0.307151,0.158381,-0.164373,-0.099129,-0.324044,0.33014,0.631327,0.263258,-0.496008,-0.048006,-0.148141,-0.33119,0.474651,0.41883,0.24887,-0.053096,0.205694,0.226251,-0.045557,0.110395,0.284972,-0.008292,-0.16928,-0.180059,0.035458,-0.275142,0.449144,-0.07197,-0.259452,0.22475,0.090353,-0.693124,0.249905,0.32338,-0.053615,0.303144,-0.011402,-0.426986,-0.128895,-0.164054,-0.073426,-0.397694,-0.250401,-0.358942,-0.490029,-0.204459,-0.404887,-0.047263,0.398263,-0.192005,-0.123845,0.189411,-0.116317,-0.090016,0.216059,0.060245,0.453692,-0.066073,0.141276,0.038174,0.061503,-0.108393,0.052481,0.319328,0.001667,0.01555,0.087478,0.00162,0.010961,0.02514,0.15673,0.03984,0.24958,0.143923,0.007502,-0.718702,-0.123224,-0.269296,-0.126758,0.206531,0.146044,0.277991,-0.066468,0.266727,0.408109,0.078961,0.084165,0.205568,0.102269,0.281506,0.06021,-0.108149,-0.190783,0.08258,0.408109,-0.007823,0.128682,0.433282,0.489143,-0.125857,-0.096891,0.203268,0.141057,0.272009,0.251959,0.556959,0.156355,-0.192638,-0.466094,0.090656,0.012566,0.407706,0.007773,-0.326862,-0.060165,0.106064,0.312906,0.215112,-0.15293,0.210306,0.336909,0.255045,0.034462,0.175113,0.304449,-0.01262,0.235457,0.281086,0.145021,-0.36851,0.067762,0.127648,0.141321,0.392254,-0.288846,-0.073855,0.310179,0.293167,-0.086074,-0.326796,0.076735,-0.193649,0.360818,0.314385,-0.223927,-0.007572,0.094248,-0.377183,0.227609,0.12176,0.387676,0.273957,-0.018399,-0.226783,0.03934,-0.265183,-0.27787,0.082446,-0.179807,-0.48172,-0.459479,-0.24577,-0.495422,0.044473,-0.204135,-0.305095,-0.25236,-0.21722,-0.305095,-0.382779,0.289652,-0.434056,0.267054,-0.056287,-0.18867,-0.356833,-0.235685,0.049529,0.088915,0.044292,0.251686,-0.07017,#
8,-0.087995,0.348562,0.016628,-0.064742,0.162705,0.415748,0.116644,-0.228076,1.0,0.235836,-0.062174,-0.056062,-0.18526,0.222934,-0.084702,0.017743,-0.212927,0.289483,0.208781,0.149048,-0.148558,0.044278,0.326342,-0.02251,0.114551,-0.263298,-0.018444,-0.238577,0.059483,0.227039,-0.041641,-0.13369,-0.137122,-0.232023,0.025043,0.22905,0.324788,-0.353991,0.455026,-0.315497,0.185821,-0.156148,-0.036369,-0.13381,-0.094681,-0.11267,0.348554,0.030961,0.114974,-0.010876,0.106764,-0.161258,0.147962,-0.067505,-0.154755,-0.130742,-0.140855,0.18132,-0.330494,0.08168,0.27524,0.328191,0.292696,0.005467,-0.179963,-0.042144,0.077662,0.094059,0.060988,-0.12151,-0.138147,-0.020137,-0.276569,-0.122064,-0.321752,0.200524,0.129537,-0.106924,-0.295888,0.079811,0.039085,-0.221775,-0.164842,0.337759,0.279885,-0.021076,0.012278,-0.284138,0.293569,0.023888,-0.274515,-0.070549,-0.353816,0.267186,-0.143127,-0.127625,0.279602,-0.140293,0.15372,-0.073987,0.06726,0.067962,-0.181573,0.251206,0.046932,-0.120383,-0.072344,-0.117302,0.198361,-0.104721,0.199443,-0.220991,-0.197241,-0.169002,-0.056708,-0.248389,-0.015935,-0.125219,0.264793,-0.508269,0.104935,-0.090219,-0.117157,-0.110783,0.153458,0.295151,0.249736,0.300785,-0.407739,-0.236129,-0.012522,-0.115398,-0.119135,-0.237868,-0.238373,-0.278109,-0.153006,-0.104015,0.227736,-0.299386,-0.283764,-0.222837,-0.185923,-0.233026,-0.458574,-0.58446,0.112289,0.25847,-0.158363,-0.233598,0.140609,-0.207621,0.06635,-0.391642,-0.060313,0.105758,0.326653,0.290652,0.046932,0.122992,-0.300619,-0.180675,-0.066934,0.169237,0.234436,-0.246889,-0.124168,-0.282837,-0.284918,-0.055278,0.125316,0.030571,0.037171,-0.059799,0.029862,-0.180969,-0.374605,0.243884,0.366864,0.191602,0.302058,-0.135012,-0.22286,0.004171,-0.055809,0.252478,0.173819,0.31295,-0.269295,0.325273,-0.300427,0.095493,-0.024664,0.121947,-0.301729,0.169737,-0.093489,-0.005884,-0.010978,-0.173697,#
9,0.527181,0.662701,-0.142759,-0.118589,0.191969,0.218052,-0.022746,-0.276606,0.235836,1.0,-0.226802,0.271312,0.208803,0.449972,0.215273,0.191918,-0.207303,0.256546,0.282155,-0.326989,0.27255,-0.150717,0.291417,-0.280978,-0.016369,-0.323957,0.186842,-0.141767,0.126087,0.529133,-0.416116,-0.131053,-0.183043,-0.276729,-0.081175,0.242394,-0.207229,-0.514923,0.031259,0.026333,-0.08566,0.029962,-0.425642,0.042127,0.043365,-0.178584,0.216157,-0.075286,-0.536076,0.21138,0.216335,-0.526501,0.092242,-0.114076,0.075701,0.044046,-0.294121,0.213119,-0.319636,-0.110177,0.130189,0.518091,0.129716,-0.300677,-0.064207,0.113134,-0.108872,0.025745,0.05719,0.109683,-0.194713,0.339292,0.273126,0.164907,-0.085854,0.0923,-0.416089,-0.301253,-0.330134,-0.060154,-0.301147,-0.056795,-0.327038,-0.081216,0.098693,-0.326757,-0.24445,-0.383761,0.206059,-0.171351,-0.266502,-0.309828,-0.252972,0.121458,0.063931,-0.085027,0.098594,-0.170335,-0.326936,-0.131355,0.183376,-0.233697,-0.097468,0.040221,-0.084234,-0.301253,-0.33699,-0.347061,-0.082523,-0.301105,0.170685,-0.108849,-0.379263,-0.085103,-0.537287,0.095277,-0.173713,-0.369985,-0.039576,-0.515785,-0.309111,-0.230129,-0.590939,-0.301276,0.060356,-0.175664,0.010424,0.139777,-0.282115,-0.354466,-0.128847,-0.161076,0.042993,-0.154953,-0.537028,-0.301316,-0.075363,-0.301276,-0.210657,-0.667269,-0.301247,-0.238943,-0.416156,-0.594166,-0.499118,-0.584648,-0.171117,0.517949,-0.198689,-0.276582,-0.279307,-0.65515,-0.230016,-0.276728,-0.537359,-0.276664,0.083542,0.399069,-0.084234,-0.201894,-0.5025,-0.327025,-0.113812,0.156708,0.259241,-0.014317,-0.300978,0.00827,-0.301316,-0.276775,0.003998,0.16551,-0.144275,-0.145827,0.192493,-0.231431,-0.184512,0.575752,0.441618,-0.542172,0.407082,0.201953,-0.030151,0.267297,0.365642,-0.153394,0.267297,0.208703,-0.215039,0.636995,-0.303528,-0.04053,0.157849,0.415536,0.013707,-0.014139,0.040917,0.083696,0.052167,0.00771,#
10,0.183742,-0.143172,0.031679,0.259975,0.15413,0.305821,-0.081823,-0.092734,-0.062174,-0.226802,1.0,-0.100184,0.192824,0.098302,0.221974,0.184899,0.548468,-0.129199,-0.214575,-0.03373,-0.084488,0.072928,-0.010513,-0.118132,-0.133664,-0.034381,-0.064404,0.096538,-0.242461,0.130791,-0.183873,0.394733,-0.000129,0.063347,0.342221,-0.226799,0.092977,0.282366,0.05543,0.020676,-0.076556,-0.090925,-0.111225,0.134932,-0.024094,-0.475549,-0.095413,-0.249832,0.244227,-0.142024,0.255095,0.272555,-0.130531,-0.043245,0.341926,0.238897,-0.258572,0.090052,0.114784,0.197618,-0.09835,0.208151,-0.270384,0.053497,0.224561,-0.093022,-0.181148,0.033521,0.128837,-0.601013,0.285586,-0.099356,-0.226658,-0.308721,-0.0548,0.186029,-0.187945,0.171217,-0.251153,-0.150379,-0.128431,-0.176603,0.120897,0.210986,-0.720895,-0.048655,-0.330677,0.075608,-0.49756,-0.298392,0.200255,-0.358115,0.116909,0.15702,-0.253932,0.037718,0.0023,-0.114324,0.15438,-0.139946,-0.017206,-0.03917,0.164603,-0.033492,-0.051796,-0.222894,0.193677,-0.115336,-0.180774,0.406169,-0.099089,-0.18111,-0.114708,0.15438,-0.156178,-0.311253,-0.034421,0.156179,-0.188544,0.063652,-0.356349,0.05003,-0.059022,-0.02487,0.161304,0.143946,0.032109,-0.10486,-0.140065,-0.261005,-0.05436,-0.00748,-0.491935,-0.071986,-0.158263,-0.17455,-0.125394,-0.16886,-0.270855,0.204733,-0.303553,0.021867,0.016887,-0.07385,-0.238979,-0.12206,-0.194358,0.101516,-0.01737,-0.082853,-0.160434,-0.12364,0.02524,-0.178855,-0.208907,-0.143994,0.27369,-0.199873,-0.210656,0.195321,-0.066682,-0.074692,0.302247,-0.038918,-0.372509,0.127035,0.064554,-0.26269,-0.17455,-0.321077,0.238687,0.05716,0.053139,0.070557,0.23809,-0.005786,-0.307003,0.248843,0.026505,0.414922,0.229698,-0.175594,0.223654,0.127107,-0.088185,-0.200079,-0.014912,0.061458,0.291955,-0.122526,-0.302271,0.074753,0.113274,0.158501,-0.085604,-0.234005,-0.013654,-0.340645,-0.262051,-0.138014,#
11,0.008366,0.192825,0.109459,-0.02478,0.188037,-0.214017,0.108994,-0.152025,-0.056062,0.271312,-0.100184,1.0,-0.184396,0.209823,0.282145,0.374876,-0.263831,-0.006245,-0.030846,-0.377809,0.208495,-0.257138,0.02185,-0.443998,0.050634,-0.066799,0.217001,-0.339921,0.347786,0.231315,-0.044006,0.016358,-0.25263,-0.106928,-0.046609,-0.035344,-0.477488,0.139849,0.029285,0.394187,0.130832,-0.206027,-0.113897,-0.018551,0.334258,0.052051,-0.009034,-0.124406,-0.404751,0.187992,0.18725,-0.325205,0.187731,0.185526,-0.407345,0.030492,0.092771,-0.18163,-0.276347,-0.003413,-0.220097,0.316155,0.208194,0.146918,-0.078504,-0.257335,0.180624,0.211682,-0.004629,-0.171289,0.147016,0.393522,0.260543,0.191594,-0.0488,0.116773,-0.399432,-0.260191,-0.220662,-0.104787,-0.178159,-0.112202,0.112242,0.049879,0.246419,0.014546,-0.336188,-0.385803,-0.018754,-0.433223,0.007244,-0.072462,-0.001312,-0.052498,-0.215739,-0.217992,-0.309619,-0.217911,-0.35571,0.166999,-0.028685,0.204573,0.097038,0.167869,-0.236677,-0.274724,-0.230583,-0.204688,-0.063595,-0.01994,-0.339902,0.207987,-0.427468,0.380975,-0.042104,-0.01466,-0.08141,-0.156698,0.111972,-0.316805,-0.262422,-0.213587,-0.240691,-0.135621,0.258365,-0.067372,-0.186477,-0.207787,-0.162474,-0.303447,0.095865,-0.206609,0.036331,0.046655,-0.234415,-0.046779,0.162243,-0.027706,-0.173562,0.002884,-0.342116,0.059198,-0.213957,-0.021795,-0.231926,-0.284612,0.304222,0.339039,-0.06917,-0.098346,0.1553,-0.410696,-0.1962,-0.125068,-0.318777,-0.123799,-0.073437,0.406417,-0.160308,0.001624,-0.168739,-0.063395,0.070597,0.018402,0.081485,-0.222075,-0.576808,0.000499,0.116706,-0.285404,0.098593,-0.173046,-0.103527,-0.316859,0.134625,0.423007,-0.083155,0.030593,-0.048824,-0.294128,0.061083,0.095438,-0.092187,0.075204,0.218411,0.091299,0.136268,-0.040319,-0.00157,0.187761,-0.203001,0.054632,0.339572,0.368082,-0.156492,0.049725,-0.151948,-0.075576,0.0481,0.434979,#
12,0.333471,-0.084355,-0.165982,0.058414,0.119336,0.301901,0.3582,-0.050114,-0.18526,0.208803,0.192824,-0.184396,1.0,0.159318,-0.0187,0.119304,0.472363,-0.25117,0.19762,0.001046,0.400166,0.042002,0.024774,-0.233001,-0.066405,-0.378485,-0.100497,-0.121472,0.059472,-0.058043,-0.078612,0.192053,-0.278614,0.013156,-0.289954,-0.32322,0.065898,-0.206119,0.156676,-0.301979,-0.139696,0.444809,-0.236186,-0.084059,0.123714,-0.264998,-0.078962,-0.230613,-0.053287,-0.097505,0.147582,-0.061462,0.053301,-0.250444,0.249303,0.197336,-0.355711,-0.014893,-0.041101,0.129197,0.049925,0.086673,-0.00432,-0.355193,0.045272,0.073889,-0.258161,-0.007705,-0.019506,-0.079396,0.187159,0.016653,-0.039286,-0.058523,-0.191725,-0.071552,-0.043087,-0.110767,0.001739,-0.115565,-0.225868,-0.10653,0.002186,0.183022,-0.30389,0.031693,0.120507,-0.09501,-0.06586,-0.429797,0.318819,-0.24915,-0.03967,0.169188,0.384343,-0.00271,-0.072363,-0.136931,-0.172197,-0.108626,0.146641,-0.303446,0.103405,-0.215832,0.022429,-0.110767,-0.119024,0.029962,-0.401361,-0.186171,0.329895,-0.258107,0.107082,-0.131968,-0.12192,-0.101932,0.096056,-0.009057,-0.06445,-0.047462,-0.109893,-0.186638,-0.575077,-0.135875,-0.185605,0.115692,-0.145215,0.240147,0.019837,-0.071572,-0.065199,0.527404,-0.128414,0.089241,0.062601,-0.063029,-0.178704,-0.414217,-0.153447,-0.179224,-0.057696,0.36892,0.099493,-0.164622,-0.110664,0.112828,-0.196537,0.428001,-0.075259,-0.139221,-0.131159,-0.09755,0.026222,-0.17459,-0.306174,-0.214064,0.379635,0.030675,0.022429,-0.036307,0.119032,-0.034874,0.008859,-0.009885,-0.068662,0.088331,0.27697,-0.120958,0.200192,-0.033792,0.310997,0.277932,0.209958,0.425614,0.343004,-0.308476,-0.007267,0.226333,0.284655,-0.199453,0.265325,-0.024137,0.258089,0.063091,-0.044388,-0.085194,0.197027,0.279477,0.061569,-0.074751,0.083189,-0.011917,-0.121283,0.085794,0.2173,0.219755,0.227847,0.121535,0.008704,0.212018,#
13,0.326416,0.490861,-0.051092,-0.47139,0.295396,0.352589,0.21552,-0.414444,0.222934,0.449972,0.098302,0.209823,0.159318,1.0,0.218226,0.321569,0.120124,0.052687,0.299432,-0.404288,-0.031045,0.135571,0.301475,-0.28838,-0.280116,-0.370526,0.261084,-0.163212,0.163903,0.139263,-0.615009,-0.02685,-0.404365,-0.111788,-0.207903,-0.050801,-0.077333,-0.059229,0.216972,0.025496,-0.071958,0.181153,0.005439,0.293597,-0.32769,-0.286789,0.266694,0.11425,-0.180664,0.239374,0.024429,-0.52863,0.303614,-0.319304,-0.103154,0.136245,-0.380529,0.491575,0.110492,0.396285,0.274772,0.309599,-0.036909,-0.001478,-0.009616,0.130678,-0.240511,0.251484,0.389972,-0.011784,0.15546,0.052385,-0.030356,-0.013548,-0.06381,0.229324,-0.284383,-0.322935,-0.594295,-0.042665,-0.172652,-0.333383,-0.241458,0.24588,0.088248,0.083363,-0.242871,-0.186143,-0.185771,-0.198423,-0.237537,-0.352213,-0.228819,0.336462,-0.055562,-0.01844,0.308659,-0.202189,-0.066287,-0.323159,0.430304,-0.366974,-0.32213,0.01764,0.110656,-0.319923,-0.036692,-0.250196,-0.019311,-0.010475,0.065889,0.073248,-0.337469,0.090555,-0.156179,-0.140292,-0.596133,-0.093256,-0.017765,-0.241438,-0.172216,-0.3256,-0.40231,-0.327795,-0.207572,0.044206,0.000897,0.130091,-0.222563,-0.442901,-0.153175,0.067403,-0.369758,-0.315219,-0.156572,-0.325875,-0.166486,-0.150584,0.005301,-0.245574,-0.321891,0.066358,-0.412915,-0.416377,-0.29445,-0.460082,-0.248323,0.397892,-0.553168,-0.109081,-0.343649,-0.517029,0.193718,-0.261732,-0.328938,-0.102593,0.423384,0.216206,0.110656,-0.120204,-0.191797,-0.549117,0.507675,0.260396,-0.040399,0.415662,-0.183209,-0.178655,-0.341873,-0.265103,0.003736,0.154065,-0.062161,-0.010298,0.167944,-0.36285,-0.000948,0.216754,0.31664,0.001707,0.751038,-0.323331,0.0534,0.438254,0.065204,-0.318292,0.613037,0.168518,-0.326615,0.498153,-0.25007,-0.100894,0.111595,0.248493,-0.006703,-0.049917,-0.14256,-0.329207,-0.389106,-0.241938,#
14,0.292529,0.333309,-0.208507,0.146199,0.085113,3.3e-05,0.250915,0.091618,-0.084702,0.215273,0.221974,0.282145,-0.0187,0.218226,1.0,0.244552,0.113906,-0.28184,-0.01045,-0.236935,-0.049215,-0.000271,0.017141,-0.267394,0.068515,-0.052736,0.179412,0.037058,-0.036923,0.28743,-0.285421,0.100298,-0.284021,-0.276122,0.121588,-0.034821,-0.265458,0.142681,0.063435,0.500465,-0.248636,-0.123748,-0.287562,-0.087336,0.220011,-0.461778,0.014207,-0.030603,-0.05229,-0.07683,0.115055,-0.132013,-0.261878,-0.130713,-0.128317,0.219957,-0.432554,0.07117,-0.099991,0.100766,-0.21929,0.562889,-0.324402,0.156043,-0.38991,0.023636,0.060913,-0.166357,0.323995,-0.034497,0.369248,0.2686,-0.055483,0.168776,0.288663,0.270061,-0.43507,-0.183986,-0.611434,-0.187611,-0.154295,-0.37585,-0.120912,0.107165,-0.310621,-0.045527,-0.431023,-0.205805,0.035399,-0.058705,0.023104,-0.156088,0.081444,-0.105403,-0.191485,-0.205738,-0.122986,-0.173948,-0.378738,-0.181507,0.196342,-0.199716,0.102145,-0.002057,0.127357,-0.183986,-0.145677,-0.358502,0.135414,-0.02445,-0.427673,0.055028,-0.357277,0.113506,-0.491396,-0.002691,0.200997,-0.356139,-0.062145,-0.187046,-0.325114,0.016241,-0.262798,-0.05426,0.199806,-0.120024,-0.164735,0.170223,-0.034555,-0.275288,-0.291472,-0.353099,-0.067009,-0.157673,-0.307257,-0.325907,-0.165205,-0.310627,-0.103244,-0.001279,-0.314595,-0.232342,-0.092708,-0.472649,-0.303216,-0.261022,0.155255,0.238582,-0.128488,0.225485,-0.149934,-0.152829,-0.335447,-0.288549,-0.181285,0.080643,7.4e-05,0.063848,-0.195133,-0.25496,-0.191184,-0.100577,0.185937,-0.041175,0.016188,-0.070221,-0.18069,0.006503,-0.174065,-0.606727,0.01547,-0.182583,-0.214705,-0.413949,-0.014541,-0.140744,-0.404473,0.04076,-0.032725,-0.104233,0.129431,-0.059889,0.181727,0.238505,0.159333,-0.037013,0.29522,-0.14027,0.004005,-0.079529,-0.18612,0.3544,-0.090558,0.072569,-0.364844,-0.04169,-0.168373,-0.078614,0.030817,0.184045,#
15,0.471506,-0.098454,-0.253153,-0.086299,0.51144,0.164607,-0.159857,0.035574,0.017743,0.191918,0.184899,0.374876,0.119304,0.321569,0.244552,1.0,0.087618,-0.248635,0.060057,-0.309591,0.104609,-0.40373,0.057635,-0.385805,-0.160022,-0.177592,0.303519,-0.150066,0.406113,0.401881,-0.365688,0.540788,-0.322909,-0.320358,0.201877,-0.089831,-0.31141,-0.048366,0.548416,0.230845,0.009216,-0.139913,-0.082874,-0.101961,0.173392,-0.105046,0.027333,-0.001053,-0.212873,-0.173746,0.449657,-0.075371,0.095435,0.10776,-0.199461,0.138691,-0.362451,0.12237,-0.225808,0.029712,-0.177119,0.05965,-0.267237,-0.075601,0.067267,-0.094116,0.319184,0.298148,0.40665,-0.296192,-0.044599,0.393454,0.185778,0.109282,-0.198017,0.268058,-0.195173,-0.267686,-0.040782,0.025454,-0.229793,-0.11561,0.142876,0.222918,-0.257604,-0.14457,-0.38552,-0.310488,-0.261698,-0.15592,0.016721,-0.614243,-0.14332,-0.038283,-0.437838,-0.094717,-0.076452,-0.26716,-0.453376,-0.085686,0.234703,-0.252237,-0.059362,0.136383,-0.020557,-0.28072,0.262464,0.151685,-0.269993,0.092481,-0.37103,0.343692,-0.112029,0.034994,-0.427101,-0.248362,0.095053,0.208426,-0.091515,-0.302122,-0.598201,-0.018513,-0.384713,0.049559,0.221168,-0.071905,-0.356745,-0.024216,-0.286358,-0.382667,-0.255441,-0.178818,-0.332764,-0.221747,-0.428043,-0.06506,-0.179559,-0.232712,-0.310377,-0.209428,-0.562231,0.029538,-0.198588,-0.176361,-0.282377,-0.169212,-0.210082,0.401186,-0.32943,-0.338631,-0.070831,-0.504774,-0.187262,-0.533676,-0.306477,-0.172266,-0.108778,0.187706,-0.331977,-0.501077,-0.465087,-0.349213,0.252954,-0.1243,-0.102242,-0.118914,-0.549718,0.069737,-0.06506,-0.323356,0.293773,0.058025,-0.275936,0.004629,0.413496,-0.094315,-0.234405,0.183496,0.229105,-0.041335,0.388415,-0.103309,-0.093838,0.317006,0.111169,-0.057964,0.193777,0.113519,0.027749,0.281882,-0.402785,0.133486,0.33495,0.324697,-0.138541,0.07534,0.105924,-0.171244,0.024565,0.146208,#
16,-0.014941,-0.315375,-0.013635,0.034718,-0.113813,0.303128,0.173652,-0.015386,-0.212927,-0.207303,0.548468,-0.263831,0.472363,0.120124,0.113906,0.087618,1.0,-0.394475,-0.157299,-0.099786,0.017256,0.173417,-0.158315,-0.186292,-0.202387,0.183455,-0.139936,0.067897,-0.034158,0.011805,-0.229436,0.181094,-0.278376,-0.012872,0.062837,-0.207301,0.151513,0.278644,0.050926,-0.172598,-0.494303,0.248581,-0.174392,-0.024792,0.076767,-0.158613,-0.139817,-0.323123,0.35734,0.052009,0.032422,0.271252,-0.315454,-0.070523,0.489825,0.200965,-0.170913,0.245786,0.318204,0.22098,-0.085151,0.011896,-0.128322,0.134706,0.063365,-0.033621,-0.165574,-0.171392,0.302921,-0.511702,0.281625,0.085272,-0.207172,-0.067303,-0.043312,0.192038,-0.232355,-0.069365,-0.258238,-0.044767,-0.255789,0.03181,0.092198,0.256753,-0.470275,-0.132944,-0.127443,0.155189,-0.379196,-0.186008,0.223559,-0.171482,0.035636,0.226582,0.200447,0.112644,0.024433,-0.219442,0.091007,-0.330482,0.338802,-0.079294,0.101064,-0.34991,-0.270647,-0.258204,0.060486,0.054695,-0.253084,0.089649,-0.168894,-0.16554,-0.097711,-0.108765,0.02319,-0.132075,-0.078276,-0.186243,-0.091128,0.241352,-0.169301,0.304881,-0.025014,0.141445,-0.323934,-0.048116,-0.124518,0.263716,-0.065631,-0.145461,-0.096264,0.279039,-0.403108,0.237231,0.000348,-0.071934,-0.114614,-0.067122,-0.04808,0.227674,-0.06054,0.255386,0.334437,-0.028308,-0.21026,-0.04466,-0.154924,-0.069499,0.0333,0.201216,-0.200786,-0.10594,0.092919,-0.218584,-0.173975,-0.213281,0.170023,-0.118278,-0.270647,0.138607,-0.007657,-0.096652,0.209423,-0.104597,-0.480841,0.175262,0.322343,-0.09806,-0.064441,-0.214706,0.260395,-0.018931,0.204162,0.288454,0.128662,-0.226318,-0.038464,0.300051,0.140837,0.367223,0.272501,-0.042046,0.407078,0.256313,-0.098751,0.008625,0.256313,0.013195,0.316154,-0.068168,-0.051518,0.193516,-0.09852,-0.09823,0.053926,0.042656,0.099331,-0.271727,-0.404611,-0.04163,#
17,-0.150018,0.398265,0.358594,0.106506,-0.078321,0.067864,-0.184849,-0.076921,0.289483,0.256546,-0.129199,-0.006245,-0.25117,0.052687,-0.28184,-0.248635,-0.394475,1.0,-0.189261,0.228902,0.133753,0.028835,0.165194,0.26405,0.106314,-0.039612,-0.11611,0.141182,0.227632,-0.064673,0.048323,-0.173545,0.190602,0.174763,-0.103099,0.195892,0.125866,-0.286007,-0.200073,-0.048002,0.095566,-0.197077,0.173459,0.137566,-0.001588,0.056866,0.096809,0.008097,-0.256445,0.203584,0.186215,-0.117476,0.191622,-0.142056,-0.234337,-0.009936,0.118717,0.2444,-0.038431,-0.029773,0.267415,0.028366,0.336222,-0.091586,0.063498,-0.003668,0.126524,0.088397,-0.304333,0.010722,-0.252365,-0.254986,0.266942,-0.166978,-0.093883,-0.250334,0.230722,0.246755,-0.06578,0.517524,0.542759,0.230222,-0.064946,-0.083853,0.348591,-0.274422,0.182736,-0.111093,0.425583,0.162021,-0.265788,0.050626,-0.071615,-0.014834,0.049631,-0.170693,-0.111925,0.359211,0.410255,0.104171,0.215603,0.279971,0.215562,0.178425,0.117063,0.182948,-0.142805,-0.183335,0.153521,0.057987,0.248409,0.20057,-0.005925,0.467357,0.239305,0.097645,-0.12324,0.101334,-0.314893,-0.045326,0.419489,0.05136,0.103124,-0.191863,0.344148,0.06058,0.44341,0.14243,-0.261958,0.303667,0.193303,-0.133652,-0.001361,-0.206538,-0.112088,0.181439,-0.295803,0.17353,0.214023,-0.2895,0.22535,-0.038514,0.069899,0.047843,-0.111242,-0.284273,-0.185338,-0.048277,0.134566,-0.017702,0.077786,-0.204615,0.048452,-0.007872,0.045828,0.109492,0.180796,-0.139284,0.124448,0.227994,0.065341,0.076589,-0.176154,0.265871,0.47355,-0.003865,0.047508,-0.290156,-0.121566,0.304089,-0.148655,-0.061487,0.039269,-0.13226,-0.129656,0.13651,-0.07475,0.23555,-0.147189,-0.261725,-0.086897,0.172183,-0.259024,-0.499073,-0.043509,-0.226217,-0.317325,0.272724,-0.105512,0.374139,-0.011956,-0.035661,0.233193,0.053225,0.190301,-0.086999,-0.014427,0.183628,-0.123937,-0.374534,#
18,0.11363,0.224824,-0.39558,-0.47611,0.373109,0.131282,0.177656,-0.307151,0.208781,0.282155,-0.214575,-0.030846,0.19762,0.299432,-0.01045,0.060057,-0.157299,-0.189261,1.0,-0.029538,0.14162,-0.041386,0.487641,0.181383,-0.166454,-0.467031,0.430519,0.009775,-0.213804,0.167485,-0.202568,-0.355414,-0.238068,0.173955,-0.348581,-0.225222,0.028955,-0.354238,0.107117,-0.126525,-0.023267,-0.139075,-0.008907,0.17745,-0.304549,-0.172848,0.265587,0.382605,-0.337828,0.085475,-0.045428,-0.126843,0.407326,-0.322807,-0.122521,0.067923,-0.215292,-0.211364,-0.07644,0.381216,-0.232267,0.337088,-0.097262,-0.107734,0.0413,0.112172,-0.390674,0.189273,-0.013164,0.157551,0.079153,-0.003314,-0.000292,0.453545,-0.2858,0.147656,-0.003134,-0.437226,0.071945,0.034996,-0.275221,-0.383038,-0.363625,0.308418,0.093106,0.164654,-0.26116,-0.079827,-0.059708,-0.212805,-0.326201,-0.190631,-0.073378,0.231666,0.04946,0.105502,-0.072563,-0.228805,-0.368669,-0.010754,0.061747,-0.137347,-0.279012,0.062084,-0.124489,-0.420435,-0.127072,-0.127659,-0.097723,0.055593,0.442221,-0.060347,-0.075529,-0.228357,-0.359842,-0.474211,-0.053194,0.042167,0.118075,-0.40794,-0.209905,-0.462338,-0.463249,-0.561744,-0.239265,-0.195785,0.245826,0.090713,0.100081,-0.321626,-0.074656,0.075068,-0.012915,0.01771,-0.001228,-0.097754,0.194684,-0.394385,-0.040877,-0.322145,-0.097513,0.014644,-0.519051,-0.315559,-0.163801,-0.054955,-0.21307,0.364315,-0.385511,-0.161272,0.164304,-0.259685,0.267186,-0.156442,-0.353729,-0.130326,-0.08877,0.36552,0.247335,-0.038227,-0.230549,-0.406122,0.040291,0.134335,-0.007092,0.248192,0.046222,0.087444,0.055928,0.009289,0.151756,0.440834,-0.10376,-0.168155,0.222356,-0.394718,0.182255,0.095462,0.27944,-0.040068,0.526963,-0.287069,0.020512,0.345267,-0.12601,0.265055,0.515635,0.35584,-0.445809,0.238945,0.195226,-0.314628,-0.192753,0.141924,0.053196,0.281249,0.229239,-0.035766,0.257361,0.020523,#
19,-0.386366,-0.136227,-0.118583,0.116654,-0.303066,-0.070677,0.005564,0.158381,0.149048,-0.326989,-0.03373,-0.377809,0.001046,-0.404288,-0.236935,-0.309591,-0.099786,0.228902,-0.029538,1.0,-0.075919,0.035782,-0.227294,0.653946,0.151143,0.063963,-0.01656,0.100834,-0.280895,-0.249635,0.441755,-0.050286,-0.007438,0.522842,-0.129923,-0.085119,0.630878,0.008366,-0.016156,-0.121164,0.056603,-0.040455,0.339622,-0.178473,-0.020495,0.147679,0.206187,0.140712,0.018835,-0.342417,-0.118621,0.374873,-0.13631,-0.219818,-0.190061,-0.220868,0.237392,-0.341699,0.133665,-0.082801,0.054342,-0.204423,0.275699,-0.029595,-0.023078,-0.21384,0.323024,-0.143359,-0.260106,0.155765,-0.00477,-0.441261,-0.094363,-0.059599,0.014826,-0.071216,0.789831,0.269378,0.38795,0.382622,0.415659,0.287736,0.190456,-0.315703,0.165054,0.352305,0.173004,0.06203,0.265006,0.372999,0.092289,0.443495,0.436733,-0.039579,-0.0847,0.133955,-0.04505,0.218086,0.34631,0.268848,-0.12119,0.39728,0.120883,-0.036454,0.3878,0.424215,0.009468,0.124774,0.253896,-0.227353,0.167243,0.019581,0.507283,0.19161,0.255884,-0.042497,0.289301,0.271601,-0.057517,0.088851,0.442934,0.159523,0.347699,0.25278,-0.153994,0.461236,0.366099,0.206682,0.177204,0.605247,0.325255,0.309635,0.18391,-0.020318,0.267587,0.274706,-0.180786,0.090807,0.234056,0.089236,0.267327,0.028528,0.464447,0.382571,0.328847,0.269578,0.035989,-0.27222,0.379225,0.330398,0.065927,0.488314,0.173036,0.013931,0.414788,0.654532,0.230654,-0.321527,0.215975,0.311769,0.163937,0.343787,-0.193337,0.179583,0.23741,0.000713,0.275134,0.185951,-0.06112,0.352828,-0.134473,0.25594,0.221176,-0.134226,-0.387661,-0.05895,-0.013766,-0.194919,-0.234072,0.173186,-0.303951,0.092649,-0.080406,-0.515099,-0.068933,0.287547,-0.352453,0.461047,-0.123977,-0.317255,0.348275,-0.180421,-0.300841,-0.304249,0.114983,-0.266751,-0.110762,0.388451,-0.195214,-0.339377,#
20,0.17224,0.226724,-0.020171,0.006916,0.288696,0.130929,0.195839,-0.164373,-0.148558,0.27255,-0.084488,0.208495,0.400166,-0.031045,-0.049215,0.104609,0.017256,0.133753,0.14162,-0.075919,1.0,0.132354,0.001664,-0.232671,0.028284,-0.129304,-0.096924,-0.070417,0.488213,0.26837,-0.243626,0.014333,0.123313,0.024243,-0.269988,-0.253135,-0.384838,-0.392085,-0.24843,0.06583,0.278808,-0.111687,-0.201271,0.10479,0.321606,-0.059625,-0.466599,-0.190517,-0.432246,0.142998,0.043657,0.060662,0.02558,-0.253914,0.10027,0.44502,-0.040908,-0.045985,-0.111908,0.209345,0.036668,0.180983,0.312281,-0.142159,0.205407,-0.011615,-0.202183,-0.213627,-0.161082,-0.113266,-0.171139,0.221201,0.027591,-0.043749,-0.335961,-0.091668,-0.071466,-0.031698,0.03478,0.042123,-0.200031,-0.074242,0.088439,0.272015,0.081348,-0.258991,0.158122,-0.533501,-0.060452,-0.362554,-0.017115,-0.242372,-0.277755,0.010675,-0.023438,-0.199694,-0.166428,-0.192418,-0.441656,0.200282,0.151464,0.060926,0.185271,-0.049633,-0.333573,-0.031698,-0.22842,-0.341227,-0.375175,0.157236,0.073764,0.12315,0.000473,0.078736,-0.25517,-0.147971,0.270415,-0.132679,-0.021942,-0.206631,-0.056084,-0.226687,-0.328861,-0.209135,0.187322,-0.262234,0.174552,-0.15383,-0.055369,-0.31542,-0.426206,-0.059749,0.096403,0.1732,-0.252514,0.135044,-0.139955,-0.392888,-0.171995,-0.521138,-0.377802,0.016088,-0.08375,0.025624,-0.119524,0.0245,-0.075661,0.330049,0.054014,-0.326558,0.297264,-0.397048,-0.236141,-0.161544,-0.25611,-0.341917,-0.179391,0.431922,-0.333573,-0.257631,-0.232521,-0.084924,-0.321912,-0.108638,-0.313792,-0.126133,-0.18966,0.22375,0.31989,0.023196,0.118106,0.235476,-0.023336,0.329451,0.338621,-0.166022,0.087531,0.351693,0.158421,-0.330668,0.277414,-0.005473,0.111345,0.186202,0.195937,-0.035145,0.186202,0.288393,0.077264,0.440202,0.008059,0.213677,0.442276,0.098919,0.185678,0.280327,0.579513,0.29219,0.355398,0.198203,#
