0,1.0,0.14112,-0.182364,-0.085223,0.538619,0.194628,0.208567,-0.305424,0.269027,0.397391,0.534136,0.199921,0.326492,0.054988,-0.151009,0.144322,-0.100048,0.070967,0.032888,-0.295531,0.63681,0.027541,0.296424,-0.175548,0.037507,-0.334706,-0.183296,-0.452231,0.289171,0.267445,-0.354804,0.236792,0.244533,-0.247141,-0.32392,-0.077295,-0.323777,-0.433777,-0.259295,0.114208,0.287926,0.002013,-0.286904,0.148561,-0.137189,-0.033256,-0.285824,-0.010969,-0.029461,0.296795,0.23707,-0.254198,0.144533,0.052496,0.218969,0.333368,-0.385447,0.238778,-0.095219,-0.099319,-0.227507,0.163995,0.321563,-0.496616,0.158405,0.261661,-0.193544,0.338141,0.265439,0.389248,-0.435984,-0.03488,0.147669,-0.357697,-0.552182,-0.189686,-0.224675,0.026241,-0.201941,-0.128784,-0.371761,-0.445037,-0.124017,-0.239255,-0.23136,-0.29909,-0.278284,-0.129725,-0.196873,-0.359603,-0.049623,-0.608639,-0.21092,-0.004604,-0.452037,-0.440634,-0.224389,-0.214647,-0.397244,-0.287945,0.056507,-0.289087,-0.21414,-0.048646,-0.628305,-0.126482,-0.265019,0.018512,-0.20626,0.032601,0.038831,-0.283181,-0.28022,-0.247876,-0.29996,-0.398459,-0.123641,-0.144321,0.11054,-0.108605,-0.610219,-0.362263,-0.317534,0.049389,0.089016,-0.127938,-0.418063,0.032952,0.142056,-0.597456,-0.328389,-0.117601,-0.461518,-0.243502,-0.188379,-0.175516,0.150839,-0.479919,-0.384752,-0.453473,-0.30908,-0.161492,-0.690864,0.112629,0.019624,-0.108258,-0.289587,0.655768,-0.258902,-0.213614,-0.031881,-0.37175,-0.142214,-0.161211,-0.280616,-0.228223,-0.320462,0.366227,-0.524665,-0.376111,-0.171815,-0.378854,-0.05366,0.095787,-0.200557,0.452627,-0.520066,0.072285,-0.430112,-0.242843,0.202436,0.352969,-0.25166,-0.022106,0.536639,0.177194,0.012512,0.229094,0.306436,0.1665,0.39407,0.163026,0.154575,0.425629,0.325992,-0.226765,-0.033211,-0.117216,-0.174151,0.554675,-0.240195,0.284584,0.460427,0.259165,0.141391,-0.075083,0.137655,-0.240195,-0.303964,0.02879,#
1,0.14112,1.0,-0.071212,-0.490582,0.309097,-0.083092,-0.253164,-0.250958,-0.134418,0.384328,0.023436,0.273482,0.198011,0.409603,0.116258,-0.106236,-0.22872,0.045868,0.204122,-0.095998,-0.063643,-0.297803,0.238881,0.052515,0.015783,-0.069489,0.268455,-0.120339,0.136904,0.492143,-0.451759,-0.028462,-0.159441,-0.230072,-0.084603,0.066634,-0.252944,0.022533,-0.229993,0.075778,-0.230035,0.032931,-0.416166,0.050276,0.101635,0.19634,0.176182,0.372309,-0.564308,0.239179,-0.109815,-0.494494,0.257542,-0.111442,0.269271,-0.212262,-0.153349,0.246643,0.184763,-0.182472,0.05291,0.256876,0.17763,0.016053,-0.009775,0.132487,-0.159134,0.094309,0.155878,0.238892,-0.043225,0.073025,0.267728,-0.171351,-0.308726,0.088172,-0.35864,-0.252686,-0.014904,-0.246,-0.072254,-0.234656,-0.162562,-0.276404,0.117661,-0.043491,-0.354445,-0.415932,0.265338,-0.309828,-0.177225,-0.201894,-0.327025,0.003448,0.09308,0.116776,0.223459,0.152387,-0.276775,-0.132411,0.244549,-0.199963,-0.212977,-0.276664,-0.267152,-0.301253,-0.036532,-0.255889,-0.111133,-0.300809,0.29707,-0.108872,-0.175435,-0.230109,-0.307134,-0.051644,-0.227655,-0.126331,-0.229701,-0.311204,-0.142013,-0.326863,-0.423128,-0.227128,0.14117,-0.228845,0.135192,0.12854,0.218555,-0.354445,-0.0849,-0.136282,0.115184,-0.230134,-0.197475,-0.207003,-0.13631,-0.18451,-0.13441,-0.552574,-0.301109,0.057756,-0.327025,-0.222585,-0.307816,-0.209907,-0.004685,0.059294,-0.181334,-0.383952,-0.537118,-0.269615,-0.301109,-0.207373,-0.161354,-0.326712,0.257793,0.396871,0.089476,-0.112253,-0.129662,-0.326636,-0.074898,-0.086323,0.226613,0.110114,-0.076205,0.123713,-0.230129,-0.276428,-0.171583,0.29028,-0.276291,-0.089644,-0.149903,-0.003322,-0.160967,0.221791,0.355228,-0.268707,0.540899,0.00629,-0.017936,0.226922,0.257588,-0.288751,0.36234,-0.088255,0.058443,0.29088,-0.003322,-0.026482,0.108899,0.147858,-0.182235,-0.275304,0.11595,-0.636754,-0.145899,-0.207387,#
2,-0.182364,-0.071212,1.0,0.145054,-0.071273,-0.033115,0.098137,0.566707,-0.095912,-0.314769,-0.023498,0.149303,-0.168222,-0.184944,0.037072,0.029406,0.323856,-0.008412,-0.238745,0.436657,0.01163,-0.090426,0.127033,0.220836,0.448975,0.258467,-0.096681,-0.055818,-0.116085,-0.157164,0.069354,0.212411,-0.13786,-0.028176,-0.177771,0.140409,0.249252,-0.0252,0.310841,-0.208501,0.177901,0.106005,-0.186558,-0.29297,0.444568,-0.19708,-0.375269,-0.126165,-0.168736,-0.149132,0.13701,0.369742,-0.084116,0.026853,-0.004491,-0.105033,-0.076474,-0.212547,0.010956,-0.05096,-0.215945,-0.068479,0.05753,0.290043,0.093761,0.208709,0.025941,0.04188,0.057569,-0.34378,-0.021335,-0.334055,-0.32627,-0.13893,0.086269,-0.206299,0.130216,-0.102544,-0.253629,-0.151089,0.51003,-0.034329,0.133322,0.166381,-0.017718,0.08396,0.267309,-0.044912,0.100038,-0.075561,0.421034,-0.191324,0.010728,-0.238959,-0.050016,-0.031943,0.290835,0.237393,0.185639,-0.037403,0.001127,0.137622,0.221516,-0.018722,-0.168795,0.240632,-0.210686,0.235465,0.034481,-0.074437,0.18221,-0.260701,0.18871,-0.030184,0.254484,-0.08993,0.00699,0.051861,-0.007214,-0.151768,0.134684,0.027502,0.243844,0.169711,0.199175,0.162427,-0.13912,-0.021856,-0.084007,0.093574,-0.146444,-0.062917,-0.023301,-0.198984,0.258255,-0.306602,-0.061004,-0.043059,0.07075,0.18871,-0.053301,0.276049,0.166187,0.091518,-0.066274,0.097368,-0.010048,0.007264,0.170893,0.029336,0.088357,0.075565,-0.053301,-0.339373,0.134956,-0.294002,0.257757,0.134574,0.06343,0.208021,0.516373,0.183233,0.343906,-0.121396,-0.057657,-0.07358,0.334855,-0.363053,0.491277,-0.150247,0.388273,-0.019404,0.02525,0.318285,-0.184065,0.282112,-0.385447,-0.030514,0.071879,0.096322,-0.235679,-0.04873,-0.047683,0.009537,-0.238132,-0.063076,0.363037,-0.136941,0.332541,-0.407249,0.282112,0.024778,0.05236,0.129327,-0.096785,0.356726,0.206532,-0.156264,-0.037035,0.07071,#
3,-0.085223,-0.490582,0.145054,1.0,-0.032203,0.034996,-0.375793,0.289359,-0.059626,-0.362677,-0.015893,0.046476,-0.19319,-0.143425,0.177543,0.228773,0.256543,-0.058465,-0.230749,0.028335,-0.007259,-0.10164,-0.241251,0.049181,0.158826,0.097939,-0.150025,0.040634,-0.083647,-0.132393,0.388259,0.265994,0.092867,0.079444,0.126833,0.259639,-0.040718,0.087098,0.232643,0.041893,0.301571,-0.054144,0.158362,-0.369109,-0.006366,-0.260486,0.019277,-0.407737,0.167842,-0.261929,0.023054,0.542286,0.030707,0.325553,-0.040656,0.108031,-0.164203,-0.259981,-0.156438,-0.078906,-0.181638,-0.243467,-0.360031,-0.261628,-0.115859,-0.339265,0.319029,-0.000976,-0.08585,-0.254333,-0.149187,-0.16525,-0.252909,0.264131,0.541487,-0.235779,-0.037125,0.367891,0.207893,0.162751,0.133583,0.169022,0.171772,0.165474,-0.101648,-0.116839,0.383995,0.191535,0.269628,0.214994,0.344495,-0.003696,0.152568,-0.0115,-0.105182,0.037726,-0.325468,0.174792,0.224619,0.079496,-0.302191,0.690529,0.39742,0.396053,0.119079,0.250648,0.061119,0.025577,0.012082,0.424658,-0.285059,0.189274,0.106727,0.262802,-0.085494,0.211742,0.474162,0.23743,0.309124,0.099552,0.062847,0.149757,0.456379,0.125075,0.084026,-0.048722,-0.093467,-0.24167,-0.220164,0.211454,-0.102643,0.029376,-0.308769,-0.088337,0.084282,0.025626,0.018162,-0.26347,0.041219,0.155563,-0.064067,0.059704,0.126593,-0.05091,0.346531,-0.054964,0.273857,-0.271252,0.129561,0.104268,0.200834,0.356652,-0.044729,0.01126,0.324375,0.315828,-0.206196,-0.295808,0.088623,-0.138368,0.24828,0.475502,-0.021463,0.005081,0.036556,-0.375531,-0.024497,0.306345,0.231651,0.028508,-0.074626,-0.276225,0.035494,0.373184,0.161018,0.347097,-0.12344,-0.251115,-0.385766,0.056287,-0.55599,-0.142555,-0.307959,-0.294251,-0.344688,0.096065,-0.428129,-0.261154,0.162551,-0.372723,-0.10598,0.053215,0.09198,0.01333,-0.288041,-0.274953,0.097639,0.347097,0.253816,0.238454,#
4,0.538619,0.309097,-0.071273,-0.032203,1.0,0.077698,-0.103696,-0.086219,0.171733,0.448456,0.241698,0.215424,0.332831,0.253353,-0.255406,0.487266,-0.276295,-0.037402,0.168179,-0.15663,0.31707,0.004099,0.182796,-0.102619,-0.089018,-0.200234,0.117008,-0.185853,0.388081,0.354397,-0.298207,0.249534,0.106993,-0.226012,-0.097077,0.190999,-0.285312,-0.215906,0.138405,-0.303026,0.292101,0.031079,-0.234075,0.08916,0.052329,0.411746,0.003612,0.03564,-0.141088,-0.071398,0.088706,-0.224029,0.312739,-0.025676,0.321608,0.194686,-0.386347,0.343477,-0.090027,-0.336686,0.132936,-0.225583,0.268759,-0.28942,-0.024214,0.309231,0.20552,0.586686,0.214095,0.231348,-0.519603,0.19165,0.043647,-0.353088,-0.119405,0.145773,-0.19034,0.039223,-0.089056,-0.009618,-0.079902,-0.656861,-0.116888,-0.347241,-0.140959,-0.026208,-0.189511,-0.281379,0.066706,-0.288029,-0.218946,-0.596813,-0.470822,0.072947,-0.481142,-0.004047,0.254161,0.093328,-0.16062,0.164885,0.18721,-0.078295,-0.128643,-0.021892,-0.423537,-0.081661,-0.131537,-0.076158,0.043563,-0.261332,0.127529,-0.200883,-0.215311,-0.424583,-0.13299,-0.292683,0.126217,0.097052,-0.080562,-0.35343,-0.316267,-0.438647,-0.321605,0.111853,0.282575,-0.229072,-0.296566,0.018426,0.176335,-0.304411,-0.338874,-0.251458,-0.42677,-0.223979,-0.293741,0.219234,-0.251511,-0.132559,-0.381667,-0.68711,-0.217712,-0.089229,-0.436448,0.264989,0.187426,0.011949,-0.059893,0.361775,-0.185033,-0.359781,-0.435107,-0.104772,-0.029539,-0.227417,0.061234,-0.102906,-0.100361,0.410061,-0.19103,-0.095053,-0.443034,-0.140604,-0.119719,0.093035,0.147241,0.353965,-0.237026,0.252674,-0.23819,-0.165671,-0.13402,0.402692,-0.174471,-0.037413,0.082834,0.092404,-0.06952,0.005539,0.140541,0.068403,0.302847,0.283677,-0.093277,0.234306,0.284318,-0.305719,0.004575,-0.312978,0.099572,0.308675,-0.240695,-0.00033,0.650715,0.352628,-0.093822,-0.330806,0.187373,-0.370234,-0.225817,-0.231503,#
5,0.194628,-0.083092,-0.033115,0.034996,0.077698,1.0,0.192238,-0.322126,-0.06775,0.232108,0.214073,0.223233,0.141373,0.091734,-0.141145,0.226889,0.094885,-0.064173,0.009673,-0.113878,0.44108,0.179596,0.321833,-0.184567,-0.132435,-0.384399,-0.17037,-0.106578,0.097527,0.131409,-0.01678,0.260469,-0.164654,-0.044268,-0.339364,-0.0917,-0.304481,-0.316287,0.134402,-0.042581,0.136195,0.034193,0.201144,0.051571,-0.363148,-0.364472,-0.052103,-0.31523,0.297478,0.092785,0.279782,-0.05423,0.169185,-0.181958,0.240517,0.509621,-0.188726,-0.17962,-0.282285,-0.103057,-0.174585,0.177858,0.401108,-0.299977,0.279438,0.114138,-0.185551,0.061203,-0.307143,-0.010732,-0.487909,-0.05511,0.172656,-0.19845,-0.18411,-0.216728,-0.20258,-0.148127,-0.211437,-0.115638,-0.176059,0.00153,-0.135883,-0.060942,-0.227391,-0.117833,-0.114388,0.04351,0.111241,0.031868,-0.046025,0.029747,-0.368705,0.20891,0.03095,-0.275749,-0.013339,-0.194058,-0.206656,0.0509,0.44645,-0.142262,0.118169,-0.578652,-0.252495,-0.261944,0.012907,-0.243546,-0.504313,0.022881,-0.085765,0.008703,-0.062426,-0.067044,0.095426,-0.240183,0.016338,-0.124367,-0.130442,0.061021,-0.102578,0.271987,0.068728,-0.298187,0.041435,-0.12737,0.050669,0.308445,-0.033753,-0.112129,0.066038,-0.095306,-0.463354,0.423495,0.124972,0.028264,0.404772,-0.05636,0.000467,-0.229899,0.188323,0.154403,0.089302,0.134755,0.323456,-0.071378,-0.321972,0.314873,-0.041393,0.104681,0.142188,-0.051471,0.07238,-0.347813,-0.281706,-0.084836,-0.308108,-0.124027,-0.349092,-0.036754,-0.279138,-0.058764,-0.343744,-0.035499,-0.159263,0.486014,-0.028414,-0.125827,0.107082,-0.060828,-0.016977,-0.015689,0.276986,-0.042429,0.378585,0.215921,-0.416044,0.240246,-0.157663,-0.091477,0.068697,0.350976,0.301467,0.236627,-0.194524,-0.363304,-0.018486,0.141688,-0.192693,0.189419,0.215921,-0.088854,0.002247,0.108541,0.30141,0.099731,0.319125,0.215921,-0.034911,0.178012,#
6,0.208567,-0.253164,0.098137,-0.375793,-0.103696,0.192238,1.0,0.100038,0.161187,0.198029,0.127552,-0.160371,0.073814,-0.320829,0.053199,-0.172052,0.321612,0.155361,0.129696,0.175032,0.461009,0.343548,-0.005569,-0.107792,0.103911,-0.147079,-0.265838,-0.144683,-0.212104,-0.172542,0.042177,-0.176556,0.218724,-0.045584,-0.069236,-0.23204,0.089815,-0.174528,-0.253911,0.021321,-0.043285,0.101296,-0.092504,0.223594,0.041535,-0.140889,-0.296472,-0.004353,0.153229,0.395169,0.131759,-0.189595,-0.253162,-0.196789,0.155561,0.274175,0.108931,0.247863,0.157519,-0.107805,-0.275874,0.302375,0.360079,0.165582,-0.010403,0.34252,-0.295555,-0.097687,0.087777,0.176351,-0.11251,-0.234513,0.009233,-0.371386,-0.438864,-0.273901,-0.048179,-0.310688,-0.457574,-0.0323,-0.27621,-0.143815,-0.107042,-0.141105,-0.13168,-0.043415,0.203966,-0.107042,-0.317479,-0.083469,-0.152957,-0.081806,-0.256409,0.085447,-0.131413,-0.306326,0.093378,-0.266679,0.01518,-0.148809,0.250142,-0.425286,-0.315092,-0.347839,-0.37779,-0.02918,-0.405444,0.224376,-0.099018,-0.369611,0.085256,-0.202204,-0.172285,-0.427375,0.242694,-0.282137,-0.384653,-0.513641,0.128342,0.033327,0.03047,0.081974,-0.096252,-0.003706,-0.058976,-0.041841,-0.062997,0.251105,0.116257,-0.315509,-0.1429,0.014185,-0.17263,0.140639,0.047802,0.025747,0.285862,0.085989,-0.178298,0.295916,0.117435,0.067756,-0.086041,0.258389,-0.076919,0.005224,-0.369925,0.531912,-0.184172,0.136722,0.274208,-0.273788,0.117435,0.01789,-0.246184,-0.088984,-0.110574,0.205843,-0.359549,0.068786,0.02755,-0.255468,-0.095878,0.093121,-0.291263,0.49764,-0.088743,-0.086368,-0.050454,0.025779,0.377984,0.253464,0.200449,-0.00468,-0.070375,-0.291966,0.165841,0.165453,0.331281,0.288617,0.28368,0.295696,0.300958,0.250641,-0.069061,-0.099968,0.158821,0.237137,-0.235234,0.095169,0.152863,0.035218,-0.004146,0.088983,0.209211,0.535753,0.160497,0.152863,-0.341345,0.026613,#
7,-0.305424,-0.250958,0.566707,0.289359,-0.086219,-0.322126,0.100038,1.0,0.12045,-0.182966,-0.461103,0.151301,-0.311221,-0.353275,0.209576,0.086393,0.155075,0.07641,-0.091598,0.314458,0.035411,-0.090291,-0.331199,0.171927,0.223386,0.097817,-0.29634,0.058382,-0.078213,-0.207064,0.195274,0.07956,-0.293545,-0.088088,0.047896,0.290005,0.289102,0.13271,0.348752,-0.049548,-0.025067,0.087318,-0.03126,-0.307862,0.581712,0.064149,-0.157407,0.090442,-0.213645,-0.146821,0.194929,0.242196,0.003391,0.064873,-0.161265,-0.146689,0.012992,0.026469,0.07107,-0.160975,0.168582,-0.25331,-0.289159,0.05612,-0.339576,-0.002753,0.359358,0.011147,0.20866,-0.22371,0.00192,0.0973,0.010452,0.113925,0.277734,0.144759,0.157391,-0.092109,-0.114784,0.12584,0.394013,0.051073,0.067605,0.238175,0.064338,-0.015296,0.221521,-0.124017,0.18854,-0.051775,0.288244,-0.041991,0.043461,-0.274544,-0.116135,-0.170636,0.101217,0.233104,0.152648,-0.000993,-0.280446,0.433247,0.422497,0.164206,-0.040028,0.327338,-0.176108,0.202973,0.2243,-0.247342,0.060311,0.125798,0.293429,-0.031633,0.022357,0.290402,0.128925,0.100936,-0.018752,-0.306981,0.226941,-0.061488,0.097065,0.193722,0.191197,-0.001004,-0.295915,-0.179338,-0.163654,0.156067,0.100028,-0.250906,0.059955,-0.223487,-0.128398,0.032421,-0.250958,0.092449,0.20579,0.293429,-0.029474,0.127906,0.27579,0.062853,-0.216869,-0.034223,0.201897,-0.031554,0.278831,0.171775,0.27403,0.127571,-0.256455,-0.170513,0.238915,0.103384,0.113744,0.176438,-0.052433,0.042943,0.420813,0.237474,0.043461,0.049893,0.094037,-0.359402,0.043366,-0.082084,0.494556,-0.016536,0.261784,-0.288135,-0.134775,0.156942,-0.237443,0.151699,-0.296354,-0.271304,-0.078937,-0.182882,-0.478533,-0.054589,-0.42772,-0.170264,-0.117878,0.015722,0.29147,-0.103968,0.12919,-0.288897,0.151699,0.206576,-0.003648,-0.03842,-0.12457,0.282751,0.112199,0.151699,0.372249,0.023171,#
8,0.269027,-0.134418,-0.095912,-0.059626,0.171733,-0.06775,0.161187,0.12045,1.0,0.359205,-0.043583,-0.096306,0.056305,-0.00379,-0.357336,-0.072215,-0.33278,0.433641,0.427175,-0.073848,0.337919,0.242801,0.482426,0.130448,0.126924,-0.399574,-0.332379,-0.220179,0.185803,0.060966,0.030432,-0.207845,-0.200782,0.064672,-0.137271,0.434164,0.132921,-0.290172,0.038967,-0.111067,0.053363,-0.174877,-0.062111,0.164107,-0.043904,-0.118813,-0.022308,0.345044,-0.01619,-0.011684,0.496021,-0.269757,0.107071,0.058027,-0.214147,-0.105267,-0.127486,0.060777,-0.100021,-0.001247,0.184886,0.100638,0.123841,-0.381153,-0.179574,0.272907,0.179514,0.25974,0.315743,0.010147,-0.307195,0.070812,-0.131057,0.00204,-0.169475,0.184249,0.171447,-0.070843,-0.175311,0.261423,0.034207,-0.245963,-0.248561,-0.115948,-0.033407,-0.203334,-0.216207,0.07642,0.158119,-0.164063,-0.486528,-0.255929,-0.301737,-0.032641,-0.242117,-0.22194,-0.011451,0.352586,0.210846,-0.031856,0.066596,0.23087,-0.154754,0.180995,-0.07819,-0.213522,-0.421162,0.024789,0.184637,-0.237606,0.4434,-0.305484,-0.26187,-0.325537,-0.078159,-0.209977,0.065472,-0.120044,-0.123167,-0.467039,-0.062011,-0.475214,-0.337889,-0.274792,0.017929,-0.099872,-0.026309,0.207073,-0.235751,-0.072099,0.065743,-0.140567,-0.260003,-0.145926,-0.165272,0.163755,-0.134418,-0.126787,0.163169,-0.055185,-0.081128,-0.13118,-0.320959,-0.353609,-0.422279,-0.34627,-0.290362,0.253361,-0.2413,-0.14461,0.171952,-0.360422,0.130705,-0.206817,-0.057966,0.162316,-0.058823,0.450205,0.019807,0.310156,-0.122227,0.031588,-0.276861,0.3884,0.200563,0.037963,-0.277183,-0.231547,-0.123431,0.385378,0.240536,0.317614,-0.131115,-0.198407,-0.090013,0.091738,-0.019507,0.123791,0.031779,0.277045,-0.040622,0.023175,-0.006016,-0.102292,0.158561,0.118828,0.027117,-0.062713,-0.237061,0.443918,0.091738,0.008992,-0.12677,0.137759,0.155421,0.042558,0.02067,0.091738,0.097282,-0.434953,#
9,0.397391,0.384328,-0.314769,-0.362677,0.448456,0.232108,0.198029,-0.182966,0.359205,1.0,0.041215,0.170694,0.296084,0.226925,-0.063633,0.201512,-0.194192,0.407122,0.49682,-0.212745,0.457416,-0.0688,0.344624,-0.318557,-0.185391,-0.332865,-0.184781,-0.005705,0.203153,0.54661,-0.122,-0.072201,0.039998,-0.140541,-0.108456,0.08958,-0.384863,-0.371734,0.046279,0.121425,0.046195,0.030624,-0.069477,0.292497,-0.312271,-0.004858,-0.127821,-0.014055,-0.280508,0.105965,0.32484,-0.841172,0.096225,-0.079063,0.410003,0.205242,0.024681,0.309017,-0.172746,-0.277638,0.154301,0.387242,0.170907,-0.382226,-0.084677,0.241605,0.015694,0.122514,0.32423,-0.020427,-0.472316,0.244321,0.392058,-0.242023,-0.274595,0.09914,-0.383153,-0.210344,-0.437836,-0.191027,-0.319542,-0.575567,-0.282137,-0.248762,-0.345762,-0.278221,-0.363834,-0.282137,-0.152618,-0.265089,-0.334715,-0.291885,-0.497581,0.184659,-0.193807,-0.208316,0.304489,0.021473,-0.236373,-0.192598,0.307777,-0.119424,-0.32275,-0.238724,-0.218413,-0.279236,-0.488105,-0.430507,0.027011,-0.291379,0.075677,-0.165652,-0.332191,-0.350119,-0.328529,-0.084317,-0.393824,-0.468638,-0.349499,-0.51568,-0.197398,-0.323744,-0.686815,-0.407765,0.174115,-0.384264,-0.016425,0.154832,-0.083426,-0.539301,0.073727,-0.207358,-0.334084,-0.350157,-0.687311,-0.121971,0.076866,-0.280738,-0.28967,-0.341665,-0.101516,-0.310141,-0.497581,-0.10569,-0.246868,-0.370291,-0.220526,0.680052,-0.561477,-0.409195,-0.253756,-0.630597,-0.101516,-0.315525,-0.468944,-0.150195,-0.004341,0.578063,-0.251713,0.024219,-0.603038,-0.331767,-0.321354,0.036961,0.131313,0.325453,-0.497584,-0.044921,-0.153371,-0.060815,-0.053574,0.359147,-0.066448,-0.582276,0.093165,-0.086813,-0.004802,0.485489,0.340478,-0.140164,0.603617,0.353679,-0.041619,0.319545,0.366362,-0.497476,0.336425,0.079647,-0.084329,0.595837,-0.086813,-0.241147,0.14891,0.435862,0.056946,-0.057347,0.147082,-0.086813,-0.315538,-0.315548,#
10,0.534136,0.023436,-0.023498,-0.015893,0.241698,0.214073,0.127552,-0.461103,-0.043583,0.041215,1.0,-0.033439,0.335961,-0.280165,0.005666,-0.022076,0.004903,-0.111876,-0.217176,0.108398,0.305336,-0.050477,0.152769,0.091406,0.134653,0.025998,0.260894,-0.327053,0.14575,0.002405,-0.077179,0.052377,0.387319,-0.21309,-0.0712,-0.073269,-0.264894,-0.215672,-0.422581,0.297117,-0.059441,-0.145024,-0.270362,-0.206953,-0.149159,-0.308518,-0.171392,-0.140224,0.174676,0.33688,0.055472,-0.14431,0.030838,0.427283,0.36803,0.136517,-0.359674,0.054058,0.360586,-0.194087,-0.34735,0.325522,0.330202,-0.040394,0.052319,0.136497,-0.292388,0.052085,0.047432,0.246176,-0.143499,-0.247624,0.027077,-0.371821,-0.433894,-0.275043,0.016137,0.404095,0.095225,-0.183387,-0.22241,-0.159666,0.057981,-0.507856,-0.33323,-0.362081,-0.136607,0.057981,-0.103164,-0.046611,-0.159666,-0.259153,-0.136433,-0.258506,-0.317702,-0.1313,-0.064378,-0.211721,-0.312209,-0.155032,0.099617,-0.233434,-0.300606,-0.040418,-0.381937,-0.218481,0.060614,0.506457,-0.29107,-0.06813,-0.016954,-0.200037,-0.422871,-0.057808,0.137205,-0.521817,-0.22146,-0.297998,0.064526,0.42875,-0.461462,0.093527,0.138055,0.155451,0.059745,-0.05074,-0.031557,0.039886,0.282937,-0.136607,-0.518124,0.032318,-0.190777,-0.063702,0.076478,-0.157206,0.319673,-0.339012,-0.325898,-0.184393,-0.046336,0.285491,-0.271268,0.076916,0.275234,0.06166,-0.412917,0.191751,-0.177922,-0.192185,-0.061051,-0.096151,-0.000408,-0.223171,-0.061183,-0.454299,0.111161,-0.100563,-0.320981,-0.094087,0.024473,-0.271583,-0.091488,-0.407052,-0.003764,0.402465,-0.041964,-0.053264,-0.422831,-0.328987,0.193443,0.207353,-0.311662,0.001165,0.084897,0.217806,-0.064408,0.22531,0.174517,0.482399,0.340071,0.154455,0.475471,0.243879,-0.09821,0.210039,-0.327048,-0.062672,0.325322,0.291744,-0.120948,0.348476,0.18166,0.108734,0.070633,0.029885,0.048637,-0.252686,-0.49928,0.156978,#
11,0.199921,0.273482,0.149303,0.046476,0.215424,0.223233,-0.160371,0.151301,-0.096306,0.170694,-0.033439,1.0,-0.352877,0.240942,0.250124,0.433998,-0.325412,-0.148785,-0.26477,-0.192379,0.348786,-0.330137,0.10906,-0.065287,0.051142,0.013615,-0.029574,-0.290257,0.27091,0.46571,-0.29225,0.316277,-0.109191,-0.498644,0.027428,0.323568,-0.619341,0.025454,0.147572,0.288853,0.167106,-0.247687,-0.174115,0.044441,0.346062,-0.127917,-0.347815,-0.05535,-0.341063,-0.048046,0.086495,-0.055948,-0.017591,0.212431,-0.01584,-0.020669,-0.235319,-0.130589,-0.118796,-0.414196,-0.123054,0.286071,-0.173989,-0.021252,0.175707,-0.049882,0.281673,-0.227565,-0.110268,0.03197,-0.468307,0.121475,0.262057,-0.032844,-0.065207,-0.115042,-0.311438,-0.353945,-0.273049,-0.397646,-0.231452,-0.055098,-0.228861,-0.021475,0.039615,-0.150612,-0.501079,-0.402773,-0.039738,-0.223533,0.194905,-0.214497,-0.178546,-0.437156,-0.486569,-0.116272,-0.189517,-0.199302,-0.563843,-0.034349,0.084037,-0.024498,0.061275,-0.300227,-0.293448,-0.141404,-0.255275,-0.227619,-0.228729,0.164418,-0.203667,0.17997,-0.081255,-0.173191,-0.044939,0.098591,0.121409,-0.099358,-0.146154,-0.424723,-0.406773,-0.143031,-0.130641,0.089828,0.172015,-0.309861,-0.319669,-0.045,0.049979,-0.271181,-0.174424,-0.635663,-0.321819,-0.073904,-0.2443,-0.088912,0.261679,-0.143826,0.096602,-0.325881,-0.472604,-0.103349,-0.314392,-0.200282,-0.106814,-0.161266,0.039432,0.236618,-0.06742,-0.236609,0.008599,-0.297189,-0.462066,-0.484908,-0.353089,-0.302899,-0.220185,0.256852,-0.395306,-0.413821,-0.227808,-0.331273,-0.130126,-0.21906,-0.168602,-0.044578,-0.291678,0.144509,0.116085,-0.3179,0.148821,-0.074161,-0.380805,-0.174418,0.392473,0.32949,-0.560137,0.188069,0.095559,-0.052951,0.074117,0.255253,-0.143484,0.477034,0.277642,-0.308592,0.25979,-0.296363,0.194762,0.235447,-0.035459,0.181509,0.363107,0.252321,-0.427918,-0.152076,0.198461,-0.177383,0.243246,0.250817,#
12,0.326492,0.198011,-0.168222,-0.19319,0.332831,0.141373,0.073814,-0.311221,0.056305,0.296084,0.335961,-0.352877,1.0,0.18433,-0.332998,-0.202588,0.180538,0.036092,0.099914,-0.031188,0.224177,0.145425,0.061823,-0.070765,0.214201,-0.226466,-0.206818,-0.219136,0.411823,0.036141,0.038309,0.211615,-0.13052,0.199276,-0.596884,-0.342092,0.068388,-0.307446,-0.233404,-0.333813,-0.198487,0.427309,-0.163408,-0.147304,-0.111515,0.013143,0.13944,0.248222,0.193719,0.148155,-0.014251,-0.271369,0.389754,-0.05051,0.482818,0.171342,-0.049245,0.400736,0.067606,0.14286,0.186871,-0.042456,0.460106,-0.385348,-0.09287,0.41193,-0.151691,0.290875,0.380253,0.308734,-0.153042,0.0641,0.204904,-0.279444,-0.101267,0.221401,-0.058988,0.053244,0.101299,-0.000547,-0.144207,-0.286587,-0.185193,-0.051413,-0.074657,-0.201384,-0.075203,-0.033591,0.061974,-0.250826,-0.090845,-0.174881,-0.274173,0.285256,0.096336,-0.173146,0.240762,0.021598,-0.00048,-0.092968,0.40125,-0.051359,-0.12266,-0.197614,-0.186812,-0.253646,0.145337,0.032749,-0.153358,-0.403949,0.325452,-0.259746,-0.085554,-0.178933,0.166099,-0.300854,-0.21366,-0.153852,-0.021151,0.167366,-0.063899,-0.308611,-0.178735,-0.05398,0.027932,-0.178752,-0.141406,0.321562,0.321203,-0.209439,-0.171914,0.438818,-0.067036,-0.017212,0.049173,0.086334,-0.073854,-0.226208,-0.080619,-0.525888,-0.084971,0.250482,-0.168763,0.331077,0.167141,0.335057,-0.206372,0.192037,-0.062616,-0.099474,-0.301457,-0.094993,0.130461,-0.103532,0.27956,-0.163237,0.232914,0.305066,0.051621,-0.146916,-0.026176,-0.019214,-0.102309,0.181112,0.109119,0.413389,0.170017,-0.186901,-0.250093,0.150386,-0.062259,0.364185,0.171389,-0.075359,-0.147094,-0.273233,0.292719,0.14545,0.055355,-0.141374,0.471346,-0.055789,0.236889,0.045009,-0.029744,0.107803,0.191886,0.025128,0.100624,0.296739,0.158551,0.138487,-0.075159,-0.133334,0.25024,-0.028044,0.193911,-0.273233,-0.516748,-0.330198,#
13,0.054988,0.409603,-0.184944,-0.143425,0.253353,0.091734,-0.320829,-0.353275,-0.00379,0.226925,-0.280165,0.240942,0.18433,1.0,-0.312977,0.204918,-0.095143,-0.14195,0.218208,-0.285788,-0.05852,0.218814,0.277846,-0.19796,-0.140036,-0.244911,-0.01338,0.00724,0.209923,0.464921,-0.399965,0.078024,-0.248833,0.127211,-0.287383,0.185352,-0.300007,-0.177388,0.129462,-0.382286,0.116576,-0.092235,0.02035,0.483202,-0.190261,0.277318,0.11195,0.145248,-0.321683,0.00366,-0.270431,-0.06456,0.16567,-0.408875,0.058521,-0.089545,-0.222425,-0.089572,-0.510585,0.208293,0.189961,-0.098643,0.062786,-0.174465,0.087106,0.09279,-0.021374,0.052964,-0.068957,-0.150906,-0.16611,0.162185,-0.081353,0.417815,0.276026,0.174447,-0.01876,-0.347918,-0.042033,0.030354,-0.01929,-0.260823,-0.138179,0.075255,0.182034,0.340917,-0.321909,0.031732,0.133518,-0.053592,-0.05131,-0.145394,-0.066218,0.329438,0.009729,0.152201,-0.003428,0.112776,0.077756,0.016906,0.380129,-0.009757,-0.059412,-0.257151,0.022304,-0.1101,-0.079982,-0.64526,0.138421,0.150906,0.234694,0.006725,-0.045431,-0.096045,-0.121838,0.125237,0.18847,0.258884,-0.221964,-0.296013,0.006702,-0.398842,-0.134687,-0.297828,-0.129981,-0.129729,-0.055162,0.229296,-0.082524,-0.131116,0.029125,0.143983,-0.250082,0.132122,-0.047497,0.035617,-0.115022,-0.04755,0.183926,-0.491501,-0.112711,-0.295539,-0.34726,-0.149537,0.030157,-0.126732,0.17909,-0.059425,-0.024759,-0.057251,-0.215966,-0.046247,0.347254,-0.016662,-0.098947,0.069511,-0.133551,0.213897,0.24416,-0.029633,-0.408688,-0.218598,0.256154,0.416452,0.123448,0.128697,0.10729,0.150538,0.122037,0.126511,-0.482226,0.328943,0.241982,-0.056785,0.184101,-0.271369,0.200538,0.040556,0.12999,-0.156377,0.214143,-0.21655,-0.177319,0.259233,0.340526,-0.359371,0.305717,0.05087,-0.206992,0.043871,0.153411,-0.380313,0.07904,0.014582,-0.006077,-0.542579,0.087455,-0.271369,-0.025649,-0.335699,#
14,-0.151009,0.116258,0.037072,0.177543,-0.255406,-0.141145,0.053199,0.209576,-0.357336,-0.063633,0.005666,0.250124,-0.332998,-0.312977,1.0,0.086176,0.289175,-0.066324,-0.235933,0.048227,-0.076292,-0.256695,-0.51164,0.12642,0.067412,0.292419,0.176005,0.183869,-0.219506,-0.036577,0.089758,-0.089338,0.238507,-0.184015,0.472663,0.033048,-0.219877,0.20391,-0.180495,0.706635,0.080382,-0.085487,-0.273413,-0.139109,0.154125,-0.08509,0.011132,-0.156999,-0.040225,0.190596,0.157892,-0.032731,-0.204171,0.222235,0.22295,0.001003,0.214814,0.100138,0.256855,-0.273318,-0.397167,0.46632,-0.271561,0.316451,-0.389853,-0.067022,0.064897,-0.444768,-0.151875,0.110174,0.116135,-0.252911,0.095034,-0.047445,0.13116,-0.408634,-0.582249,-0.057638,-0.269466,-0.526922,-0.146932,0.233139,0.061493,-0.06957,0.02818,-0.307404,0.176382,-0.323081,-0.093129,0.17536,-0.016396,0.095193,0.007264,-0.378525,-0.01838,-0.040107,-0.076041,-0.093997,-0.414571,-0.183648,-0.050922,0.101152,-0.14062,-0.099606,-0.012434,0.28568,-0.19757,0.102698,0.063451,0.089846,-0.435066,0.210379,-0.325327,0.03112,-0.199157,0.140644,-0.17098,-0.477301,0.243269,0.12234,0.040062,0.265216,0.026298,0.213464,0.217568,-0.425278,0.016403,-0.358614,0.222164,-0.193019,-0.288636,-0.204131,-0.071679,-0.144173,-0.261255,-0.073373,0.142405,-0.029026,-0.20442,0.237354,-0.248028,0.01533,0.033556,-0.104304,-0.138603,-0.117368,0.173004,-0.093149,-0.333783,-0.05535,0.006793,-0.081367,-0.451019,0.038781,0.064257,-0.285607,0.012648,-0.141398,-0.243316,-0.302846,0.20094,0.00292,-0.191382,-0.489235,-0.230782,-0.344332,-0.166774,0.379359,0.017919,-0.414051,0.025594,-0.318691,-0.221241,-0.153414,-0.098706,0.120902,-0.241107,-0.002488,0.016921,-0.104902,0.092878,0.231288,0.017971,0.130225,-0.189131,0.079679,-0.03165,-0.034942,0.405332,-0.145806,-0.275418,0.145214,-0.053481,0.045575,-0.523289,0.181788,-0.023287,0.120902,0.185596,0.562606,#
15,0.144322,-0.106236,0.029406,0.228773,0.487266,0.226889,-0.172052,0.086393,-0.072215,0.201512,-0.022076,0.433998,-0.202588,0.204918,0.086176,1.0,-0.169432,-0.025751,0.009746,-0.077243,0.250223,0.002849,0.07116,-0.165874,-0.172111,-0.054576,0.201908,-0.096041,0.302729,0.212796,0.028344,0.124069,0.182969,-0.148706,0.310124,0.233444,-0.408233,-0.319792,0.40335,-0.012698,0.420092,-0.234901,-0.050076,0.282018,-0.045991,0.172068,-0.047009,-0.265775,0.003353,-0.102801,0.276607,-0.052836,0.149291,-0.0748,0.088683,0.164804,0.005962,-0.274449,-0.318224,-0.263892,-0.172232,-0.108501,-0.134844,0.003366,0.012195,0.133161,0.43251,0.149664,-0.231104,-0.128494,-0.489654,-0.050412,0.132794,0.038568,0.15169,-0.200579,-0.170234,-0.110236,-0.203426,-0.025671,0.0223,-0.208356,-0.10836,-0.142648,0.047485,-0.061602,-0.261749,-0.246178,-0.100046,0.009041,-0.03401,-0.383599,-0.175878,-0.197708,-0.530402,-0.113987,-0.019514,-0.10419,-0.271005,0.28697,0.233688,-0.070094,0.02108,-0.023209,-0.099525,0.242343,-0.251855,-0.155427,0.208018,0.248229,-0.327616,0.28502,-0.273404,-0.14547,-0.003965,-0.002373,0.105081,0.061101,-0.132349,-0.277333,-0.330109,0.030884,-0.116726,0.061328,0.238013,-0.446445,-0.446805,-0.160641,0.065897,-0.051584,-0.251721,-0.378846,-0.469048,-0.086254,-0.405102,0.173575,0.135796,0.099538,-0.430087,-0.232966,-0.018117,-0.174966,-0.150212,0.131735,0.314309,0.131193,-0.120184,0.294356,-0.251952,-0.297758,0.047527,-0.206745,0.004979,-0.301563,-0.120532,-0.119581,-0.401081,-0.00059,-0.318887,-0.083842,-0.370009,-0.036997,-0.175878,-0.088847,0.027194,0.098643,-0.287148,0.279565,0.21492,-0.103081,-0.099893,-0.049395,-0.266522,-0.215682,0.253655,0.184555,-0.23451,0.18166,0.05292,-0.205837,0.026736,0.2316,-0.281466,0.278163,0.221365,-0.372857,-0.120941,-0.029105,0.105512,0.01392,-0.127271,-0.294372,0.486127,0.429297,-0.119682,-0.126667,0.04886,0.184555,0.112577,0.149866,#
16,-0.100048,-0.22872,0.323856,0.256543,-0.276295,0.094885,0.321612,0.155075,-0.33278,-0.194192,0.004903,-0.325412,0.180538,-0.095143,0.289175,-0.169432,1.0,-0.122635,-0.175445,0.289851,-0.01437,0.225586,-0.334163,0.040494,0.175278,-0.014755,-0.113466,0.128494,-0.299873,-0.327415,0.197597,-0.044987,0.000668,0.434397,-0.156587,-0.070321,0.372663,-0.003538,-0.029884,0.015672,0.161011,0.200107,0.184757,-0.093344,-0.111535,-0.153337,-0.025249,-0.26775,0.12053,0.267455,-0.020804,0.254117,-0.228718,-0.27118,0.29255,0.282175,0.049567,0.181877,-0.067701,0.176074,-0.319287,0.067908,0.137015,0.064197,-0.044871,0.03905,-0.267018,-0.09235,0.000704,-0.205076,0.066684,-0.374231,-0.228627,0.038053,0.253159,-0.360839,-0.079638,-0.022967,-0.112704,-0.102572,0.133411,0.12536,0.180368,0.11735,-0.125921,0.184641,0.657499,0.173228,-0.042974,0.24181,0.308794,0.24967,0.18392,0.329544,0.345713,-0.01846,0.081795,-0.036142,0.25443,-0.392122,0.120808,0.198431,0.136913,-0.096163,-0.044468,0.375672,-0.028748,0.050833,-0.041634,0.050552,0.005614,-0.182681,0.050654,0.212761,-0.121674,0.055483,-0.300653,-0.145849,0.422877,0.253517,0.298509,0.218996,0.326832,-0.026012,-0.083361,0.078347,0.000512,-0.091655,0.172344,-0.032292,-0.002228,0.603851,-0.129701,0.039675,0.192217,-0.118752,0.063083,-0.070719,-0.033186,0.313661,0.023993,0.242931,0.215105,0.258734,0.26831,0.035064,0.09548,-0.027955,0.038663,0.414159,0.042597,0.230576,0.19543,0.285148,0.241913,-0.041657,0.205628,-0.096129,0.106224,-0.019768,0.433052,0.206519,0.318134,-0.038923,-0.159383,0.065496,0.211149,0.116167,0.188196,-0.077319,-0.043366,0.089153,0.462196,0.366799,-0.000501,-0.259004,0.229694,-0.11084,-0.119516,-0.018023,-0.008716,-0.13708,-0.081191,0.013999,-0.355816,-0.033115,0.077263,0.20835,0.00503,-0.407663,0.222984,-0.246924,-0.122105,-0.090133,0.133477,0.161517,0.078079,0.222984,-0.314397,0.097554,#
17,0.070967,0.045868,-0.008412,-0.058465,-0.037402,-0.064173,0.155361,0.07641,0.433641,0.407122,-0.111876,-0.148785,0.036092,-0.14195,-0.066324,-0.025751,-0.122635,1.0,0.247968,0.157825,0.145129,-0.272103,0.499032,0.021468,0.111656,-0.22071,-0.120909,0.014328,-0.025929,0.017871,0.396657,0.041722,0.179054,0.104113,0.119527,-0.10508,0.132367,-0.262952,-0.179857,0.022451,0.01906,0.062661,-0.034635,0.115905,-0.018435,-0.25735,0.071413,0.231464,-0.184613,0.009811,0.4738,-0.409861,0.038813,-0.01683,-0.208775,0.039272,0.424658,0.196613,0.081362,-0.258242,-0.18966,0.270214,-0.160929,-0.071514,0.105933,0.370283,0.273041,0.1143,0.27056,-0.246235,-0.283348,-0.295933,0.297408,-0.270744,-0.242152,-0.218568,-0.094782,-0.188673,-0.185488,0.268259,0.099828,-0.122449,-0.189727,-0.127972,-0.147985,-0.308163,0.005842,-0.195869,-0.001464,-0.045039,-0.166822,-0.198888,-0.153671,0.323405,-0.106976,-0.150732,-0.065641,0.430582,0.334046,-0.152435,0.165426,0.10151,-0.140611,0.006108,0.088393,-0.13746,-0.450413,-0.128631,0.073022,-0.239286,0.287072,-0.084476,-0.181494,-0.071533,0.066047,-0.257215,-0.312346,-0.235355,-0.276291,-0.458344,0.152305,-0.148274,-0.45224,-0.429832,0.338338,-0.270146,0.354351,0.292868,-0.167063,-0.139819,0.216094,0.037551,-0.133623,-0.646788,-0.280205,-0.028635,0.035411,-0.094416,-0.232052,0.055192,-0.095269,-0.156015,-0.367952,-0.077668,-0.373439,-0.019849,-0.491968,0.476494,-0.400488,-0.235519,-0.004257,-0.581238,0.077252,-0.164482,-0.206509,0.08325,-0.071146,0.343973,0.080759,0.090156,0.002747,-0.03876,-0.186138,0.306942,0.325095,0.110214,-0.333354,-0.286572,-0.31611,0.166281,0.329603,0.477592,0.007675,-0.267169,-0.182189,0.125097,0.104959,0.466036,0.098013,-0.028681,0.161022,0.338034,-0.305587,-0.474807,-0.040801,-0.285756,-0.086661,0.274058,-0.126626,0.159766,0.125097,-0.307389,-0.090803,0.369871,-0.111612,0.033339,0.083004,0.125097,-0.282228,-0.355568,#
18,0.032888,0.204122,-0.238745,-0.230749,0.168179,0.009673,0.129696,-0.091598,0.427175,0.49682,-0.217176,-0.26477,0.099914,0.218208,-0.235933,0.009746,-0.175445,0.247968,1.0,-0.010573,0.239867,0.288406,0.183762,0.113902,-0.231112,-0.125794,0.056336,0.167667,-0.028843,0.225087,-0.1875,-0.596637,-0.096611,0.21543,-0.105542,0.230776,-0.043159,-0.110376,0.003294,-0.136888,-0.162801,0.172403,-0.096537,0.272481,-0.318749,-0.017909,0.035876,0.09181,-0.203256,0.039747,0.127394,-0.372946,0.188031,-0.263568,0.084333,-0.24856,-0.055674,-0.080832,0.030957,0.162372,0.131915,-0.042896,0.109459,-0.244854,-0.157528,0.100114,0.039074,0.007967,0.306887,-0.021066,-0.068741,0.066834,-0.040147,0.122336,-0.183289,0.074211,-0.119139,-0.046378,-0.143011,0.261975,-0.094737,-0.338537,-0.115368,-0.297963,0.084029,-0.171405,-0.148685,0.058848,0.125347,-0.345796,-0.338537,-0.26076,-0.210929,0.29355,0.177212,0.004198,0.3301,0.214792,0.224243,-0.006602,0.103376,0.030688,-0.34883,0.070011,-0.100119,-0.174233,-0.374749,-0.112993,0.243103,-0.174958,0.197949,-0.240594,-0.123546,-0.313733,-0.248768,0.029524,-0.104857,-0.037498,-0.144904,-0.401317,0.00314,-0.233964,-0.418226,-0.255465,-0.442049,-0.238962,0.060252,0.167976,-0.297309,0.032577,0.115896,-0.035624,-0.115157,0.042355,-0.333286,0.103582,-0.301229,0.002794,-0.19763,-0.115607,0.325385,0.022104,-0.063264,-0.470176,-0.190718,-0.47411,-0.094141,0.214801,-0.330516,-0.193649,-0.157048,-0.323727,0.15193,-0.072282,-0.127258,0.256976,-0.049192,0.190529,0.099908,0.574058,-0.168433,-0.100861,-0.233006,0.400974,-0.011837,0.124922,-0.082523,0.108912,0.013579,0.232462,-0.241554,0.169886,0.043179,-0.138014,-0.272871,-0.384261,0.106032,0.159558,0.290102,0.006146,0.325142,-0.15541,0.03553,0.144202,0.214165,-0.231443,0.281739,-0.07509,-0.379916,0.318203,0.057648,-0.268849,-0.204898,0.159989,0.162476,-0.115327,0.103686,0.057648,-0.006455,-0.25777,#
19,-0.295531,-0.095998,0.436657,0.028335,-0.15663,-0.113878,0.175032,0.314458,-0.073848,-0.212745,0.108398,-0.192379,-0.031188,-0.285788,0.048227,-0.077243,0.289851,0.157825,-0.010573,1.0,-0.270529,-0.180554,-0.092407,0.48891,0.381254,-0.014269,0.170107,0.197064,-0.178505,-0.088579,0.301573,-0.166141,-0.167224,0.317191,0.101493,0.070174,0.401892,0.08268,0.068494,0.152804,-0.080595,-0.077393,0.197007,-0.355878,0.200238,-0.196961,0.051525,0.275092,-0.085376,0.105329,-0.057709,0.168849,-0.118372,-0.121237,0.046214,-0.334804,-0.010098,-0.047675,0.287744,-0.081799,-0.257269,0.137863,-0.093358,0.21676,0.095246,0.22311,0.225902,-0.082933,0.0967,-0.28274,-0.100022,-0.531624,0.119523,-0.064815,-0.030954,-0.274845,0.337075,-0.128471,0.337404,0.042327,0.576493,0.018675,0.023394,-0.383249,-0.161886,0.188639,0.353512,0.168698,0.118639,0.309813,0.216785,0.065385,-0.02834,0.035755,-0.09083,0.258639,0.332693,0.44815,0.431261,-0.287201,0.080548,0.030132,-0.221932,-0.055208,0.249529,0.339219,0.124898,0.557472,0.096944,-0.276665,0.374596,0.006932,0.193268,-0.054199,0.290008,-0.070407,-0.150712,0.083972,-0.034795,0.097043,0.188103,-0.024043,0.459115,-0.065991,-0.029416,0.208091,0.047654,-0.038646,0.005414,0.36215,0.066721,0.177575,0.03089,-0.237035,0.009988,0.229823,0.152181,0.322536,0.029618,0.193268,0.175975,0.616667,0.285061,0.128963,0.221698,0.133674,-0.112709,-0.100232,0.174069,-0.059373,-0.07589,0.128133,0.018986,0.035631,0.397048,0.096998,0.581859,-0.157174,0.344812,0.271014,0.466446,0.129572,0.116613,-0.062685,0.315246,0.099986,0.295022,-0.152133,0.062886,0.295582,0.288762,0.090778,-0.058258,0.175784,-0.476443,-0.188716,-0.172617,-0.137649,0.078556,0.224375,0.034072,-0.232703,-0.182019,-0.320141,-0.248772,0.123036,0.078196,0.074344,0.19348,-0.503518,0.252651,-0.077322,-0.220478,-0.127369,-0.07117,0.110177,0.240453,-0.188716,-0.374382,-0.163591,#
20,0.63681,-0.063643,0.01163,-0.007259,0.31707,0.44108,0.461009,0.035411,0.337919,0.457416,0.305336,0.348786,0.224177,-0.05852,-0.076292,0.250223,-0.01437,0.145129,0.239867,-0.270529,1.0,0.219583,0.232194,-0.148657,0.054212,-0.284256,-0.257243,-0.536948,0.324875,0.118878,-0.130025,0.02934,0.119446,-0.256697,-0.339953,0.146589,-0.426064,-0.412567,-0.205431,0.028399,-0.018357,0.086983,-0.344526,0.168595,0.005611,-0.386427,-0.47755,-0.153953,-0.06689,0.277024,0.433525,-0.310332,0.200916,0.139124,0.204573,0.35049,-0.266824,0.09163,0.078324,-0.26421,-0.204138,0.201238,0.242786,-0.396484,-0.015555,0.227368,-0.055212,0.005369,0.210383,0.202637,-0.555129,0.030326,0.183676,-0.284912,-0.461032,-0.193056,-0.27892,-0.065662,-0.461841,-0.016994,-0.503482,-0.273386,-0.212687,-0.164836,-0.060849,-0.551467,-0.340934,-0.218047,-0.09909,-0.56704,-0.116136,-0.491529,-0.334837,-0.111544,-0.342601,-0.595643,-0.147724,-0.358844,-0.373529,-0.070732,0.218513,-0.04109,-0.053723,-0.194315,-0.754997,-0.378109,-0.547801,0.032256,-0.33577,-0.115823,-0.055165,-0.259108,-0.34597,-0.357795,-0.025931,-0.29679,-0.202789,-0.410093,-0.016385,-0.300559,-0.506138,-0.101913,-0.372343,0.01761,-0.036725,-0.501376,-0.382524,0.232121,0.063613,-0.385696,-0.349244,-0.324342,-0.526423,0.020192,-0.213345,-0.123599,0.177064,-0.439121,-0.251469,-0.282772,-0.214014,0.082429,-0.435416,-0.113257,-0.027424,-0.176248,-0.498437,0.725316,-0.29659,-0.074638,0.267488,-0.553416,-0.094495,-0.493534,-0.392846,-0.300786,-0.440064,0.421593,-0.664823,-0.163256,-0.11154,-0.356105,-0.344362,0.146494,-0.280857,0.412783,-0.32084,0.043574,-0.052513,-0.241035,0.243361,0.23314,-0.171127,-0.068509,0.337146,0.143804,-0.162827,0.407663,0.207037,0.089705,0.285288,0.313951,0.139997,0.549982,0.077896,-0.301133,0.184679,-0.124058,-0.121464,0.639014,0.143804,0.219725,0.262063,0.300506,0.124888,0.191952,0.363577,0.143804,-0.095206,0.092797,#
