0,1.0,0.171769,-0.112336,0.021249,0.596971,0.181975,0.093412,-0.252651,0.262642,0.362611,0.513963,0.14423,0.232853,0.132224,-0.107444,0.22792,-0.050798,0.005245,0.040497,-0.381208,0.547075,0.016674,0.320029,-0.157437,-0.0033,-0.196584,-0.146638,-0.450235,0.209077,0.24245,-0.421922,0.259947,0.280897,-0.268871,-0.255243,-0.028188,-0.27069,-0.417687,-0.210797,0.056075,0.245748,0.056742,-0.360733,0.141356,-0.093303,0.031768,-0.2838,-0.01628,0.008354,0.249351,0.192147,-0.19432,0.175204,0.081957,0.229812,0.30136,-0.42065,0.268171,-0.130801,-0.144094,-0.262692,0.066451,0.284576,-0.479547,0.111296,0.293338,-0.16008,0.367434,0.279118,0.349601,-0.411801,-0.034484,0.047461,-0.276352,-0.438845,-0.020009,-0.266141,0.002363,-0.253197,-0.102436,-0.373389,-0.476513,-0.109162,-0.180503,-0.169536,-0.305308,-0.275283,-0.195885,-0.178564,-0.324063,-0.08052,-0.675852,-0.212568,0.050497,-0.450212,-0.43913,-0.193703,-0.218275,-0.339433,-0.285937,0.013118,-0.278206,-0.195731,0.011396,-0.686942,-0.134153,-0.224371,-0.035355,-0.136359,0.022496,-0.030716,-0.261261,-0.312022,-0.269118,-0.34681,-0.350815,-0.096623,-0.083956,0.161366,-0.153278,-0.608797,-0.293298,-0.244946,0.156571,0.059934,-0.18365,-0.441845,0.006499,0.110548,-0.595668,-0.377916,-0.176193,-0.448403,-0.264204,-0.168353,-0.206712,0.053079,-0.442771,-0.431961,-0.485508,-0.315196,-0.225951,-0.691235,0.085116,-0.003246,-0.136126,-0.268459,0.64114,-0.289059,-0.131234,-0.083708,-0.347461,-0.077445,-0.192158,-0.191783,-0.158425,-0.432429,0.359716,-0.520534,-0.378139,-0.164562,-0.380867,0.017335,0.167661,-0.255123,0.452388,-0.520755,0.159938,-0.445083,-0.348001,0.031652,0.316009,-0.263353,0.03723,0.469855,0.165538,-0.049399,0.211958,0.305721,0.180101,0.370851,0.113974,0.106031,0.445126,0.343696,-0.259688,-0.035363,-0.165673,-0.215009,0.537569,-0.252867,0.263803,0.549632,0.308634,0.082079,-0.101297,0.062849,-0.252867,-0.279413,-0.009173,#
1,0.171769,1.0,-0.071212,-0.490582,0.309097,-0.053314,-0.253164,-0.250958,-0.104478,0.447235,0.059454,0.273482,0.198011,0.409603,0.116258,-0.106236,-0.22872,0.043187,0.180091,-0.097654,-0.064619,-0.323361,0.260743,0.021235,0.049054,-0.069489,0.246409,-0.150602,0.136904,0.538053,-0.451703,0.002915,-0.159441,-0.253064,-0.084603,0.066634,-0.252944,-0.009923,-0.229993,0.120981,-0.253012,0.032931,-0.415967,0.029068,0.101635,0.166649,0.144769,0.400817,-0.515615,0.239179,-0.109815,-0.601605,0.257542,-0.073085,0.293484,-0.213253,-0.152054,0.266602,0.184763,-0.20527,0.049797,0.361316,0.165016,-0.017444,-0.000593,0.159932,-0.159134,0.063846,0.184371,0.222888,-0.081096,0.083671,0.374995,-0.171351,-0.308726,0.119231,-0.360593,-0.276264,-0.018451,-0.285404,-0.102205,-0.238122,-0.195424,-0.276404,0.084711,-0.073581,-0.383952,-0.41613,0.237752,-0.271543,-0.180977,-0.203715,-0.354439,0.003448,0.061925,0.085177,0.245363,0.119125,-0.276775,-0.162778,0.244549,-0.233431,-0.24869,-0.276664,-0.268802,-0.327025,-0.005748,-0.25782,-0.111133,-0.326536,0.291169,-0.108872,-0.17919,-0.253119,-0.309057,-0.024727,-0.266442,-0.17919,-0.229701,-0.313167,-0.172273,-0.326863,-0.36345,-0.227128,0.136299,-0.230831,0.083084,0.123764,0.202077,-0.383952,-0.088195,-0.161076,0.128269,-0.25316,-0.232692,-0.229707,-0.108849,-0.18451,-0.1369,-0.554413,-0.326863,0.053824,-0.354439,-0.225409,-0.312307,-0.212673,-0.037833,0.094924,-0.185086,-0.383952,-0.537287,-0.313369,-0.301109,-0.230109,-0.161354,-0.326712,0.253583,0.427204,0.058224,-0.141936,-0.162368,-0.35398,-0.074898,-0.086323,0.221325,0.13535,-0.105787,0.097038,-0.253126,-0.276404,-0.171681,0.274569,-0.300774,-0.133581,-0.152356,-0.011833,-0.184383,0.252124,0.379851,-0.24642,0.585739,0.00234,-0.021658,0.246165,0.277411,-0.292626,0.387419,-0.091522,0.056348,0.327745,-0.011833,0.000256,0.107608,0.153344,-0.18458,-0.252013,0.111073,-0.642727,-0.190336,-0.230149,#
2,-0.112336,-0.071212,1.0,0.145054,-0.071273,0.039727,0.098137,0.566707,-0.023734,-0.247692,0.058942,0.149303,-0.168222,-0.184944,0.037072,0.029406,0.323856,-0.014191,-0.297497,0.428231,0.008677,-0.16295,0.204812,0.147473,0.54432,0.258467,-0.18061,-0.129089,-0.116085,-0.085929,0.063398,0.276621,-0.13786,-0.10563,-0.177771,0.140409,0.249252,-0.104864,0.310841,-0.129665,0.090949,0.106005,-0.19316,-0.340416,0.444568,-0.326556,-0.447181,-0.056863,-0.098289,-0.149132,0.13701,0.303144,-0.084116,0.105627,0.066977,-0.108007,-0.072895,-0.116271,0.010956,-0.135422,-0.222209,0.047051,0.032088,0.218158,0.117516,0.282785,0.025941,-0.033963,0.135788,-0.367502,-0.108175,-0.308025,-0.260474,-0.13893,0.086269,-0.013667,0.119936,-0.175507,-0.260729,-0.234239,0.431466,-0.045251,0.060178,0.166381,-0.133192,0.008749,0.193697,-0.052701,0.024828,-0.00501,0.407847,-0.198018,-0.062118,-0.238959,-0.12356,-0.106137,0.350845,0.159339,0.185639,-0.111322,0.001127,0.063003,0.148963,-0.018722,-0.176171,0.163315,-0.132203,0.225118,0.034481,-0.147225,0.172425,-0.260701,0.176625,-0.106862,0.243853,-0.026675,-0.071502,-0.04374,-0.007214,-0.159878,0.060385,0.027502,0.303358,0.169711,0.188112,0.152895,-0.218987,-0.03199,-0.114434,0.020422,-0.154707,-0.153296,0.010243,-0.267989,0.187692,-0.371702,0.055174,-0.043059,0.0628,0.176625,-0.126169,0.265573,0.091932,0.08259,-0.080313,0.08877,-0.089392,0.086573,0.159013,0.029336,0.079032,-0.002532,-0.053301,-0.402317,0.134956,-0.294002,0.250589,0.204027,-0.011647,0.131715,0.439477,0.107156,0.343906,-0.121396,-0.066147,-0.011987,0.259567,-0.484816,0.391904,-0.156922,0.365722,-0.046777,-0.05031,0.247858,-0.191392,0.26057,-0.441517,0.033961,0.133577,0.140774,-0.173938,-0.057768,-0.056566,0.07441,-0.166033,-0.07658,0.424734,-0.145238,0.327015,-0.350849,0.26057,0.090609,0.048187,0.145468,-0.104952,0.429881,0.195535,-0.176049,-0.131547,-0.012333,#
3,0.021249,-0.490582,0.145054,1.0,-0.032203,0.145263,-0.375793,0.289359,0.049038,-0.25439,0.108943,0.046476,-0.19319,-0.143425,0.177543,0.228773,0.256543,-0.066901,-0.318841,0.019872,-0.011604,-0.211265,-0.099651,-0.065656,0.282458,0.097939,-0.276368,-0.069922,-0.083647,-0.022319,0.377803,0.364576,0.092867,-0.042187,0.126833,0.259639,-0.040718,-0.029563,0.232643,0.187172,0.169384,-0.054144,0.144606,-0.440996,-0.006366,-0.451962,-0.091227,-0.303353,0.257277,-0.261929,0.023054,0.440548,0.030707,0.431253,0.067465,0.103163,-0.158904,-0.11887,-0.156438,-0.205672,-0.191551,-0.097492,-0.392484,-0.392754,-0.084033,-0.17766,0.319029,-0.115974,0.037168,-0.294169,-0.285186,-0.126482,-0.107115,0.264131,0.541487,0.0327,-0.051257,0.241085,0.193455,0.047752,0.021845,0.151509,0.061533,0.165474,-0.284366,-0.2258,0.273404,0.177836,0.158627,0.310615,0.32611,-0.016025,0.041845,-0.0115,-0.215603,-0.074193,-0.211677,0.059752,0.224619,-0.032186,-0.302191,0.582709,0.289516,0.396053,0.105284,0.136241,0.164453,0.01224,0.012082,0.305971,-0.295178,0.189274,0.089462,0.134788,-0.098624,0.294474,0.368272,0.107683,0.309124,0.08548,-0.048284,0.149757,0.539866,0.125075,0.068333,-0.06108,-0.224727,-0.256075,-0.264498,0.10132,-0.115831,-0.121052,-0.256331,-0.200353,-0.027494,-0.099837,0.213646,-0.26347,0.029601,0.13805,-0.173856,0.046693,0.016105,-0.063675,0.323246,-0.067225,0.161961,-0.164642,0.112315,0.104268,0.186376,0.248264,-0.044729,-0.111538,0.324375,0.315828,-0.212165,-0.193364,-0.024228,-0.248109,0.1318,0.358964,-0.021463,0.005081,0.022939,-0.282046,-0.133111,0.198144,0.103832,0.015129,-0.09014,-0.313822,-0.07801,0.260467,0.146367,0.315028,-0.250694,-0.157191,-0.291299,0.124165,-0.469208,-0.155683,-0.3198,-0.185883,-0.236704,0.074485,-0.332228,-0.273272,0.15514,-0.281042,-0.136233,0.152485,0.085777,0.040008,-0.299244,-0.17888,0.083148,0.315028,0.123554,0.106991,#
4,0.596971,0.309097,-0.071273,-0.032203,1.0,0.134783,-0.103696,-0.086219,0.227876,0.546893,0.317645,0.215424,0.332831,0.253353,-0.255406,0.487266,-0.276295,-0.041686,0.123491,-0.159823,0.313637,-0.053126,0.237876,-0.163562,-0.032132,-0.200234,0.060401,-0.241818,0.388081,0.423065,-0.300936,0.295668,0.106993,-0.27694,-0.097077,0.190999,-0.285312,-0.282126,0.138405,-0.253013,0.218307,0.031079,-0.238373,0.050057,0.052329,0.36129,-0.053015,0.088906,-0.086373,-0.071398,0.088706,-0.33754,0.312739,0.037088,0.369926,0.191983,-0.384129,0.387042,-0.090027,-0.378751,0.12707,-0.170579,0.246247,-0.361784,-0.007366,0.354885,0.20552,0.536978,0.268995,0.205157,-0.610052,0.211234,0.152622,-0.353088,-0.119405,0.207872,-0.196614,-0.020882,-0.095207,-0.070956,-0.135701,-0.662143,-0.17558,-0.347241,-0.245486,-0.082636,-0.245185,-0.285483,0.008575,-0.22638,-0.226406,-0.59838,-0.522608,0.072947,-0.536097,-0.061315,0.299471,0.034303,-0.16062,0.107095,0.18721,-0.137444,-0.189854,-0.021892,-0.427087,-0.136906,-0.072254,-0.082394,0.043563,-0.313887,0.120094,-0.200883,-0.22279,-0.467038,-0.139178,-0.235996,0.068884,0.028376,-0.080562,-0.358321,-0.37189,-0.438647,-0.241948,0.111853,0.273491,-0.234036,-0.339734,0.010479,0.149306,-0.359781,-0.34376,-0.297207,-0.397903,-0.274368,-0.35739,0.143212,-0.200841,-0.132559,-0.385584,-0.692192,-0.270898,-0.094977,-0.488546,0.257435,0.175441,0.005531,-0.122359,0.438777,-0.192671,-0.359781,-0.439028,-0.17098,-0.029539,-0.277762,0.061234,-0.102906,-0.103465,0.464773,-0.249266,-0.15105,-0.503731,-0.196131,-0.119719,0.093035,0.139366,0.40001,-0.290778,0.205597,-0.288547,-0.170157,-0.139299,0.375611,-0.227913,-0.11013,0.075321,0.076306,-0.134173,0.055643,0.187783,0.102726,0.364862,0.2746,-0.09976,0.276304,0.326397,-0.314396,0.053012,-0.318051,0.09573,0.37011,-0.255459,0.049998,0.650669,0.361683,-0.09997,-0.2848,0.178629,-0.384479,-0.306157,-0.281105,#
5,0.181975,-0.053314,0.039727,0.145263,0.134783,1.0,0.074338,-0.268869,-0.079905,0.180964,0.172894,0.166763,0.044321,0.171561,-0.096697,0.313911,0.147022,-0.131807,0.019287,-0.202074,0.349654,0.169635,0.343182,-0.163991,-0.185041,-0.243848,-0.129643,-0.101281,0.014232,0.098451,-0.08519,0.281952,-0.130448,-0.071742,-0.269808,-0.041589,-0.250616,-0.293964,0.18719,-0.118784,0.101904,0.090718,0.124983,0.046159,-0.32052,-0.326226,-0.047142,-0.325552,0.32422,0.042935,0.234652,0.037662,0.201301,-0.14583,0.249686,0.479101,-0.223858,-0.129642,-0.320822,-0.146268,-0.210804,0.075824,0.364587,-0.272205,0.233615,0.154922,-0.151607,0.087659,-0.281901,-0.046571,-0.463748,-0.055827,0.070208,-0.11435,-0.065719,-0.041285,-0.245398,-0.16583,-0.264386,-0.085695,-0.17649,-0.029755,-0.118641,0.000437,-0.159446,-0.124035,-0.108517,-0.024285,0.14038,0.055957,-0.077512,-0.039973,-0.368566,0.267481,0.036668,-0.272165,0.010463,-0.195953,-0.146544,0.056343,0.40564,-0.126535,0.14821,-0.522012,-0.313478,-0.26677,0.043062,-0.29918,-0.435809,0.015175,-0.156942,0.033182,-0.09459,-0.09303,0.048007,-0.198874,0.051476,-0.057104,-0.080173,0.01572,-0.097573,0.34776,0.117112,-0.191172,0.011913,-0.184673,-0.014272,0.28316,-0.063619,-0.106242,0.015604,-0.155293,-0.452304,0.383607,0.156537,-0.011497,0.350773,-0.015532,-0.047231,-0.262756,0.179778,0.088485,0.089494,0.107213,0.301814,-0.099801,-0.299314,0.279675,-0.071744,0.191697,0.089627,-0.009506,0.140531,-0.369048,-0.191197,-0.012404,-0.423849,-0.138585,-0.34176,-0.038042,-0.270691,-0.060013,-0.273641,0.037371,-0.215487,0.485121,-0.027874,-0.052112,0.0747,-0.17001,-0.187203,-0.049755,0.258432,0.020049,0.311658,0.205319,-0.43966,0.221241,-0.162309,-0.077808,0.030469,0.30185,0.252752,0.260909,-0.167138,-0.397628,-0.022816,0.092628,-0.235099,0.15658,0.205319,-0.122972,0.088536,0.16016,0.241446,0.075017,0.242905,0.205319,0.00577,0.13561,#
6,0.093412,-0.253164,0.098137,-0.375793,-0.103696,0.074338,1.0,0.100038,0.043104,0.066838,-0.00307,-0.160371,0.073814,-0.320829,0.053199,-0.172052,0.321612,0.164044,0.22539,0.182867,0.464039,0.458649,-0.144385,0.01634,-0.020121,-0.147079,-0.146374,-0.023987,-0.212104,-0.301541,0.051099,-0.288269,0.218724,0.085069,-0.069236,-0.23204,0.089815,-0.049495,-0.253911,-0.13178,0.088122,0.101296,-0.078227,0.303288,0.041535,0.030412,-0.175035,-0.117525,0.042762,0.395169,0.131759,-0.029874,-0.253162,-0.318868,0.035551,0.278888,0.103049,0.09637,0.157519,0.04518,-0.26344,0.15082,0.39582,0.304378,-0.047109,0.168664,-0.295555,0.025943,-0.045958,0.221319,0.022678,-0.276279,-0.202028,-0.371386,-0.438864,-0.41585,-0.032293,-0.175597,-0.440378,0.096592,-0.153263,-0.124951,0.01381,-0.141105,0.037627,0.078063,0.322706,-0.09291,-0.197056,-0.192335,-0.134047,-0.067698,-0.135058,0.085447,-0.010259,-0.183239,-0.022418,-0.140494,0.01518,-0.026966,0.250142,-0.304991,-0.195547,-0.347839,-0.360969,0.091408,-0.50481,0.237192,-0.099018,-0.242015,0.098119,-0.202204,-0.153206,-0.282166,0.256076,-0.370361,-0.265957,-0.394704,0.128342,0.047832,0.151061,0.081974,-0.213705,-0.003706,-0.042033,-0.02775,0.095875,0.266833,0.166354,-0.195393,-0.126877,0.172504,-0.225954,0.260824,0.172107,0.159278,0.131126,0.085989,-0.164975,0.312616,0.23615,0.080896,0.033764,0.271581,-0.053042,0.018751,-0.249946,0.426414,-0.165192,0.136722,0.286749,-0.151565,0.117435,0.149935,-0.246184,-0.088984,-0.101365,0.093871,-0.237124,0.189145,0.15486,-0.131484,-0.095878,0.093121,-0.274693,0.395567,0.030485,0.053115,0.080112,0.039596,0.386584,0.29507,0.318114,0.144231,-0.055299,-0.2574,0.301401,0.061642,0.228758,0.21051,0.179625,0.309063,0.314066,0.135125,-0.17381,-0.076507,0.055425,0.250629,-0.227011,-0.013602,0.185646,-0.07094,0.003104,0.058558,0.22219,0.435215,0.173719,0.185646,-0.202022,0.155324,#
7,-0.252651,-0.250958,0.566707,0.289359,-0.086219,-0.268869,0.100038,1.0,0.176361,-0.127399,-0.418903,0.151301,-0.311221,-0.353275,0.209576,0.086393,0.155075,0.071516,-0.136618,0.308122,0.033041,-0.145674,-0.246889,0.115556,0.292049,0.097817,-0.370217,0.001697,-0.078213,-0.154793,0.189943,0.13219,-0.293545,-0.144793,0.047896,0.290005,0.289102,0.075201,0.348752,0.019417,-0.084829,0.087318,-0.037316,-0.343674,0.581712,-0.016529,-0.213241,0.143534,-0.156206,-0.146821,0.194929,0.185849,0.003391,0.12347,-0.103038,-0.148878,0.015862,0.089029,0.07107,-0.216488,0.162604,-0.203983,-0.304401,-0.004673,-0.327529,0.066766,0.359358,-0.047497,0.263597,-0.242596,-0.063991,0.11694,0.112651,0.113925,0.277734,0.206918,0.149162,-0.147772,-0.120756,0.068102,0.333589,0.04229,0.010997,0.238175,-0.014923,-0.071783,0.164882,-0.129317,0.132622,0.002269,0.278282,-0.047977,-0.012867,-0.274544,-0.172379,-0.226991,0.151143,0.172458,0.152648,-0.057945,-0.280446,0.378808,0.371183,0.164206,-0.046351,0.265583,-0.115218,0.194869,0.2243,-0.300014,0.053442,0.125798,0.283384,-0.090238,0.015238,0.326246,0.071795,0.032769,-0.018752,-0.312123,0.169337,-0.061488,0.148821,0.193722,0.182526,-0.007487,-0.338988,-0.186487,-0.185574,0.099601,0.092283,-0.296554,0.08517,-0.273766,-0.188807,-0.032856,-0.2004,0.092449,0.198912,0.283384,-0.085692,0.1205,0.217356,0.056015,-0.226851,-0.040475,0.14623,0.027766,0.268992,0.171775,0.265523,0.070095,-0.256455,-0.223798,0.238915,0.103384,0.108915,0.230122,-0.110319,-0.014443,0.361732,0.177921,0.043461,0.049893,0.086548,-0.311003,-0.012677,-0.158401,0.413186,-0.02297,0.245471,-0.305262,-0.189068,0.097065,-0.242279,0.135398,-0.339465,-0.225333,-0.031028,-0.145608,-0.439926,-0.061426,-0.43205,-0.114133,-0.064322,0.004908,0.338865,-0.110355,0.125276,-0.244834,0.135398,0.261027,-0.007084,-0.024168,-0.130472,0.339142,0.10419,0.135398,0.314846,-0.039109,#
8,0.262642,-0.104478,-0.023734,0.049038,0.227876,-0.079905,0.043104,0.176361,1.0,0.32442,-0.09065,-0.154438,-0.040907,0.074352,-0.312824,0.011661,-0.282772,0.364959,0.432589,-0.161032,0.244232,0.223512,0.500564,0.150469,0.093781,-0.257826,-0.305781,-0.221113,0.102883,0.032545,-0.037832,-0.164202,-0.165854,0.025783,-0.065625,0.485522,0.189298,-0.272799,0.090054,-0.182398,0.014289,-0.119632,-0.137946,0.15292,0.001515,-0.06726,-0.024168,0.344448,0.025888,-0.061888,0.44986,-0.216091,0.137529,0.092592,-0.191416,-0.139751,-0.160337,0.105541,-0.13578,-0.059445,0.14912,-0.00443,0.085492,-0.362312,-0.232645,0.309204,0.215188,0.281684,0.332201,-0.028343,-0.279347,0.073101,-0.281751,0.087084,-0.050999,0.259531,0.128264,-0.097033,-0.22721,0.294695,0.026288,-0.277297,-0.23917,-0.054902,0.048573,-0.21449,-0.216562,0.00806,0.179673,-0.128084,-0.517179,-0.324245,-0.306468,0.02333,-0.243305,-0.223751,0.018789,0.339174,0.272676,-0.033784,0.022261,0.244271,-0.138647,0.242736,-0.138479,-0.224196,-0.36873,-0.030629,0.257444,-0.248567,0.369555,-0.281995,-0.29374,-0.348097,-0.125943,-0.162611,0.09394,-0.061905,-0.072492,-0.511252,-0.063512,-0.403747,-0.25706,-0.166753,-0.012506,-0.156616,-0.092615,0.179081,-0.265539,-0.072527,0.014484,-0.203394,-0.243656,-0.174574,-0.14827,0.108841,-0.281937,-0.086142,0.114759,-0.087664,-0.094072,-0.196709,-0.325557,-0.381989,-0.445295,-0.374373,-0.272449,0.221093,-0.271577,-0.059774,0.117966,-0.338447,0.197759,-0.240489,0.034056,0.235116,-0.173156,0.446783,0.023656,0.298942,-0.118793,0.022833,-0.204933,0.461664,0.14346,0.040154,-0.281808,-0.175943,-0.154476,0.272007,0.06443,0.277277,-0.149454,-0.155615,-0.156863,0.077994,-0.085334,0.107616,0.033997,0.29195,-0.075802,-0.027354,-0.05592,-0.062444,0.183893,0.083868,0.028966,-0.112276,-0.278091,0.424586,0.077994,-0.015643,-0.042776,0.189461,0.09389,0.022763,-0.055651,0.077994,0.13414,-0.45626,#
9,0.362611,0.447235,-0.247692,-0.25439,0.546893,0.180964,0.066838,-0.127399,0.32442,1.0,-0.071807,0.111521,0.197283,0.337691,-0.012659,0.317738,-0.145404,0.354599,0.580013,-0.328314,0.375012,-0.034885,0.337298,-0.265984,-0.31128,-0.181281,-0.094807,0.047921,0.115175,0.50624,-0.208568,-0.084902,0.085872,-0.128468,-0.027961,0.157207,-0.342418,-0.316243,0.111679,-0.008553,0.061962,0.100601,-0.160401,0.33492,-0.277832,0.155098,-0.082737,-0.068436,-0.285391,0.05187,0.289162,-0.816844,0.139641,-0.095844,0.397609,0.179147,-0.01592,0.305964,-0.22783,-0.27788,0.1261,0.244607,0.153578,-0.320615,-0.16965,0.239315,0.05984,0.21175,0.306251,-0.046226,-0.410638,0.243881,0.250923,-0.154573,-0.148082,0.129805,-0.451533,-0.194185,-0.522157,-0.117533,-0.291602,-0.642182,-0.232766,-0.190757,-0.22349,-0.25358,-0.332926,-0.375705,-0.085039,-0.287537,-0.386313,-0.388171,-0.479816,0.265572,-0.152388,-0.16812,0.299424,0.067447,-0.177429,-0.151232,0.274297,-0.058129,-0.269504,-0.179969,-0.299095,-0.254555,-0.508903,-0.517437,0.117245,-0.267552,-0.000469,-0.147383,-0.384313,-0.342654,-0.400478,-0.082939,-0.339506,-0.384313,-0.310954,-0.596662,-0.156177,-0.257151,-0.669663,-0.302729,0.155682,-0.470967,-0.029324,0.138657,-0.103863,-0.519767,0.022939,-0.218053,-0.360969,-0.34271,-0.665663,-0.11661,-0.147352,-0.249776,-0.360487,-0.394377,-0.06811,-0.403163,-0.479816,-0.14117,-0.280956,-0.422588,-0.150031,0.644909,-0.625987,-0.332926,-0.327552,-0.592982,-0.026861,-0.311506,-0.388171,-0.0719,-0.140776,0.560015,-0.207783,0.071143,-0.581426,-0.30473,-0.254555,0.127893,0.077402,0.302681,-0.47983,0.109084,-0.141503,-0.190757,-0.254175,0.354324,-0.038599,-0.524755,0.023033,-0.093469,-0.017414,0.454562,0.318207,-0.160737,0.570363,0.320628,-0.098169,0.324414,0.366708,-0.559057,0.312819,0.030584,-0.13653,0.562589,-0.093469,-0.342392,0.266852,0.510649,-0.00704,-0.138088,0.069351,-0.093469,-0.239188,-0.31156,#
10,0.513963,0.059454,0.058942,0.108943,0.317645,0.172894,-0.00307,-0.418903,-0.09065,-0.071807,1.0,-0.101911,0.239658,-0.20334,0.058209,0.073878,0.063693,-0.191008,-0.19137,0.014819,0.212814,-0.028775,0.155653,0.160119,0.059139,0.191872,0.376656,-0.302392,0.056533,-0.074223,-0.156054,0.054294,0.446658,-0.212168,0.008448,-0.018556,-0.212803,-0.158905,-0.383906,0.210248,-0.058421,-0.087748,-0.364296,-0.199405,-0.103748,-0.217802,-0.140509,-0.186075,0.188539,0.295058,0.003607,-0.007259,0.067209,0.426414,0.359867,0.104826,-0.416905,0.06296,0.336793,-0.206155,-0.399832,0.192592,0.312411,0.038513,-0.014362,0.147819,-0.265628,0.117598,0.033751,0.225673,-0.060503,-0.270803,-0.181572,-0.291426,-0.317445,-0.133731,-0.027077,0.418869,0.043173,-0.123307,-0.199018,-0.197329,0.117038,-0.461376,-0.229851,-0.348635,-0.103078,-0.013654,-0.046145,-0.048968,-0.197329,-0.345439,-0.109408,-0.206169,-0.292782,-0.098669,-0.068911,-0.188904,-0.256279,-0.123185,0.053032,-0.192434,-0.25622,0.028479,-0.462611,-0.200517,0.064963,0.468081,-0.221391,-0.046111,-0.095182,-0.18173,-0.472386,-0.055915,0.09238,-0.51389,-0.163965,-0.204742,0.126418,0.398634,-0.442809,0.181681,0.161523,0.288292,0.032866,-0.114191,-0.057786,0.015384,0.271671,-0.103078,-0.593096,-0.007504,-0.19954,-0.061088,0.146891,-0.162899,0.18768,-0.307985,-0.390899,-0.223774,-0.023361,0.22495,-0.249409,0.051757,0.266989,0.036056,-0.370095,0.115353,-0.215127,-0.103078,-0.120186,-0.018162,0.07666,-0.227648,0.04227,-0.392379,-0.014061,-0.150904,-0.291036,-0.066445,0.073108,-0.250369,-0.01214,-0.342896,-0.063818,0.389003,-0.011061,0.077163,-0.422521,-0.461376,0.007361,0.187322,-0.301761,0.116488,0.015283,0.222898,-0.088218,0.18264,0.150654,0.494595,0.289903,0.107724,0.442449,0.252659,-0.101794,0.186557,-0.374088,-0.117717,0.295026,0.238671,-0.130632,0.307897,0.29183,0.16403,0.008292,-0.028941,-0.03248,-0.268116,-0.453695,0.151224,#
11,0.14423,0.273482,0.149303,0.046476,0.215424,0.166763,-0.160371,0.151301,-0.154438,0.111521,-0.101911,1.0,-0.352877,0.240942,0.250124,0.433998,-0.325412,-0.143315,-0.218509,-0.186687,0.349805,-0.264781,0.034775,-0.004775,-0.009512,0.013615,0.033088,-0.230463,0.27091,0.418554,-0.28623,0.245959,-0.109191,-0.41433,0.027428,0.323568,-0.619341,0.089337,0.147572,0.234963,0.22313,-0.247687,-0.166006,0.083944,0.346062,-0.049293,-0.287576,-0.11065,-0.378859,-0.048046,0.086495,0.026669,-0.017591,0.138977,-0.072629,-0.018133,-0.238672,-0.189486,-0.118796,-0.311395,-0.117014,0.239142,-0.151971,0.043252,0.160484,-0.11818,0.281673,-0.169928,-0.170832,0.054829,-0.421514,0.100798,0.209592,-0.032844,-0.065207,-0.189834,-0.302036,-0.281237,-0.264323,-0.344373,-0.170351,-0.045947,-0.171623,-0.021475,0.135129,-0.089023,-0.441411,-0.393165,0.021139,-0.270988,0.202813,-0.206202,-0.118709,-0.437156,-0.425675,-0.056227,-0.238877,-0.136722,-0.563843,0.025081,0.084037,0.035984,0.123564,-0.300227,-0.28443,-0.08036,-0.301671,-0.219075,-0.228729,0.220852,-0.195361,0.17997,-0.071938,-0.103652,-0.037397,0.047023,0.187532,-0.027909,-0.146154,-0.415094,-0.346155,-0.143031,-0.182546,0.089828,0.179431,-0.301024,-0.213934,-0.036644,0.074583,-0.212121,-0.165902,-0.482585,-0.346147,-0.009498,-0.18854,-0.017837,0.209146,-0.143826,0.102188,-0.315321,-0.40565,-0.09587,-0.253324,-0.192697,-0.094797,-0.154111,0.103727,0.183967,-0.058245,-0.236609,0.015547,-0.243447,-0.462066,-0.393627,-0.353089,-0.302899,-0.214336,0.202694,-0.335779,-0.350044,-0.165953,-0.268366,-0.130126,-0.21906,-0.160315,-0.093512,-0.231224,0.229129,0.173964,-0.306793,0.154034,-0.050969,-0.311449,-0.112818,0.396297,0.344505,-0.433375,0.13885,0.045646,-0.088815,0.021295,0.261063,-0.135214,0.408054,0.217436,-0.295371,0.208624,-0.287139,0.197962,0.1877,-0.018982,0.132947,0.368549,0.234648,-0.417583,-0.208337,0.20378,-0.160338,0.327015,0.301809,#
12,0.232853,0.198011,-0.168222,-0.19319,0.332831,0.044321,0.073814,-0.311221,-0.040907,0.197283,0.239658,-0.352877,1.0,0.18433,-0.332998,-0.202588,0.180538,0.043727,0.178551,-0.023577,0.227248,0.242513,-0.056061,0.031544,0.117173,-0.226466,-0.108143,-0.119593,0.411823,-0.064724,0.045623,0.105912,-0.13052,0.296512,-0.596884,-0.342092,0.068388,-0.20872,-0.233404,-0.486135,-0.083349,0.427309,-0.150911,-0.079134,-0.111515,0.165212,0.237654,0.154952,0.100284,0.148155,-0.014251,-0.154219,0.389754,-0.155795,0.376812,0.175297,-0.054309,0.264336,0.067606,0.250681,0.195655,-0.224289,0.487354,-0.288531,-0.124312,0.259002,-0.151691,0.398329,0.260589,0.34308,-0.044768,0.029503,0.070246,-0.279444,-0.101267,-0.021762,-0.045822,0.154136,0.112379,0.106051,-0.04399,-0.270246,-0.0869,-0.051413,0.06859,-0.098764,0.023029,-0.022394,0.166467,-0.334522,-0.075477,-0.162426,-0.173863,0.285256,0.195117,-0.072356,0.140517,0.122296,-0.00048,0.007045,0.40125,0.050178,-0.021994,-0.197614,-0.173887,-0.150813,0.045143,0.044305,-0.153358,-0.297347,0.333927,-0.259746,-0.070158,-0.06673,0.1773,-0.370908,-0.113436,-0.032651,-0.021151,0.178483,0.035556,-0.308611,-0.268657,-0.05398,0.041526,-0.1662,-0.002137,0.334034,0.359021,-0.110852,-0.158388,0.518654,-0.111414,0.086796,0.151522,0.192379,-0.259692,-0.226208,-0.070003,-0.508255,0.015641,0.259782,-0.069409,0.341507,0.185637,0.345085,-0.105279,0.094396,-0.047441,-0.099474,-0.287732,0.010268,0.130461,0.011385,0.27956,-0.163237,0.237862,0.213569,0.152795,-0.045765,0.078372,0.080591,-0.102309,0.181112,0.120315,0.329483,0.265917,-0.082442,-0.133917,0.160041,-0.044776,0.396143,0.26793,0.042359,-0.133961,-0.244692,0.389385,0.060269,-0.028144,-0.201005,0.392926,-0.042837,0.247729,-0.044262,-0.116612,0.125807,0.106708,0.037298,0.106602,0.213654,0.185363,0.05348,-0.069573,-0.155579,0.260319,-0.118686,0.204185,-0.244692,-0.41124,-0.206703,#
13,0.132224,0.409603,-0.184944,-0.143425,0.253353,0.171561,-0.320829,-0.353275,0.074352,0.337691,-0.20334,0.240942,0.18433,1.0,-0.312977,0.204918,-0.095143,-0.147466,0.155564,-0.289819,-0.061441,0.134758,0.353782,-0.284228,-0.060913,-0.244911,-0.100164,-0.072101,0.209923,0.560219,-0.403884,0.153241,-0.248833,0.036833,-0.287383,0.185352,-0.300007,-0.267094,0.129462,-0.309021,0.026005,-0.092235,0.011284,0.42552,-0.190261,0.180407,0.032162,0.219784,-0.240178,0.00366,-0.270431,-0.193137,0.16567,-0.304332,0.134367,-0.092792,-0.218791,0.005929,-0.510585,0.096725,0.181729,0.021228,0.035309,-0.268213,0.112541,0.182972,-0.021374,-0.028799,0.019643,-0.180029,-0.266561,0.189739,0.043192,0.417815,0.276026,0.269903,-0.028957,-0.418904,-0.05118,-0.05447,-0.098402,-0.271504,-0.220144,0.075255,0.081929,0.255512,-0.399769,0.022705,0.052752,0.021693,-0.063032,-0.15311,-0.144161,0.329438,-0.069922,0.071213,0.071185,0.030297,0.077756,-0.063148,0.380129,-0.09174,-0.143037,-0.257151,0.012854,-0.187577,-0.000956,-0.650364,0.138421,0.068316,0.223818,0.006725,-0.057213,-0.176203,-0.130902,0.185623,0.108439,0.173401,-0.221964,-0.30401,-0.07298,-0.398842,-0.044032,-0.297828,-0.14043,-0.137969,-0.150615,0.217357,-0.115496,-0.209481,0.018978,0.021459,-0.212204,0.043952,-0.129825,-0.055485,0.001073,-0.04755,0.174799,-0.501015,-0.190459,-0.302278,-0.422655,-0.158315,0.014502,-0.135252,0.09826,0.023201,-0.036583,-0.057251,-0.224014,-0.135295,0.347254,-0.103534,-0.098947,0.069511,-0.137957,0.289151,0.163383,-0.10923,-0.493371,-0.296164,0.256154,0.416452,0.112991,0.19448,0.028193,0.066708,0.032105,0.115505,-0.4814,0.294371,0.15511,-0.158958,0.173008,-0.292319,0.081858,0.111236,0.196419,-0.105245,0.29477,-0.22523,-0.186105,0.320512,0.401152,-0.371993,0.372609,0.040646,-0.211457,0.118729,0.130759,-0.317566,0.074652,0.033679,-0.015635,-0.479469,0.076879,-0.292319,-0.127144,-0.40463,#
14,-0.107444,0.116258,0.037072,0.177543,-0.255406,-0.096697,0.053199,0.209576,-0.312824,-0.012659,0.058209,0.250124,-0.332998,-0.312977,1.0,0.086176,0.289175,-0.069607,-0.272828,0.044461,-0.077826,-0.298422,-0.429207,0.08034,0.118916,0.292419,0.133463,0.13728,-0.219506,0.009771,0.085787,-0.040521,0.238507,-0.225335,0.472663,0.033048,-0.219877,0.159482,-0.180495,0.819068,0.027345,-0.085487,-0.276174,-0.169144,0.154125,-0.162739,-0.034871,-0.113569,0.001292,0.190596,0.157892,-0.106653,-0.204171,0.262364,0.262965,-0.000957,0.217486,0.146291,0.256855,-0.307466,-0.400177,0.63881,-0.28349,0.275953,-0.381768,-0.005475,0.064897,-0.499628,-0.097001,0.090151,0.06787,-0.236582,0.195271,-0.047445,0.13116,-0.208929,-0.584919,-0.103492,-0.273198,-0.589999,-0.191406,0.225041,0.015507,-0.06957,-0.039256,-0.348408,0.130311,-0.325684,-0.142837,0.212434,-0.023254,0.089288,-0.038307,-0.378525,-0.064434,-0.086423,-0.030521,-0.13979,-0.414571,-0.229196,-0.050922,0.054611,-0.190951,-0.099606,-0.017725,0.235123,-0.14593,0.096526,0.063451,0.041954,-0.436679,0.210379,-0.330633,-0.018915,-0.203626,0.173208,-0.224648,-0.581656,0.243269,0.116018,-0.006243,0.265216,0.0719,0.213464,0.210245,-0.427699,-0.043592,-0.36359,0.199047,-0.238111,-0.292514,-0.241269,-0.050274,-0.186562,-0.313354,-0.120818,0.249381,-0.029026,-0.208133,0.229188,-0.290008,0.009988,-0.012254,-0.109328,-0.146909,-0.122159,0.127938,-0.047898,-0.339105,-0.05535,0.001275,-0.134977,-0.451019,-0.014169,0.064257,-0.285607,0.009367,-0.098833,-0.290733,-0.345829,0.15263,-0.043441,-0.191382,-0.489235,-0.234739,-0.304777,-0.21063,0.356442,-0.031941,-0.414015,0.017555,-0.331417,-0.262662,-0.220476,-0.103425,0.10765,-0.27618,0.038084,0.055613,-0.075106,0.138661,0.223912,0.012109,0.16643,-0.142873,0.070431,0.007785,-0.040455,0.401351,-0.107381,-0.287083,0.189047,-0.056539,0.056143,-0.524918,0.226841,-0.028706,0.10765,0.134429,0.484583,#
15,0.22792,-0.106236,0.029406,0.228773,0.487266,0.313911,-0.172052,0.086393,0.011661,0.317738,0.073878,0.433998,-0.202588,0.204918,0.086176,1.0,-0.169432,-0.032372,-0.057985,-0.083117,0.245906,-0.083304,0.165816,-0.257873,-0.087855,-0.054576,0.117702,-0.180994,0.302729,0.306946,0.021705,0.203382,0.182969,-0.233653,0.310124,0.233444,-0.408233,-0.419423,0.40335,0.096118,0.30979,-0.234901,-0.059195,0.221913,-0.045991,0.056831,-0.132105,-0.1852,0.07736,-0.102801,0.276607,-0.189061,0.149291,0.021368,0.169701,0.160923,0.010274,-0.161009,-0.318224,-0.346099,-0.179777,0.019909,-0.161767,-0.091117,0.038313,0.227559,0.43251,0.063209,-0.13087,-0.160347,-0.612212,-0.020549,0.310216,0.038568,0.15169,0.012025,-0.180347,-0.195229,-0.21225,-0.11837,-0.063195,-0.220198,-0.196066,-0.142648,-0.078258,-0.146245,-0.34569,-0.253728,-0.191054,0.087877,-0.04672,-0.39008,-0.258737,-0.197708,-0.613951,-0.199757,0.061203,-0.190057,-0.271005,0.199737,0.233688,-0.158779,-0.067331,-0.023209,-0.108788,0.153185,-0.160462,-0.164547,0.208018,0.157937,-0.334549,0.28502,-0.284931,-0.22991,-0.014484,0.067431,0.016486,-0.049805,-0.132349,-0.286168,-0.414479,0.030884,-0.021114,0.061328,0.225141,-0.453242,-0.511841,-0.171871,0.028144,-0.136082,-0.260778,-0.447771,-0.426842,-0.172065,-0.500291,0.067937,0.309921,0.099538,-0.436722,-0.244698,-0.103444,-0.183313,-0.233304,0.121281,0.296096,0.121151,-0.215058,0.399182,-0.263588,-0.297758,0.037058,-0.308302,0.004979,-0.379634,-0.120532,-0.119581,-0.403734,0.079427,-0.406675,-0.168859,-0.460943,-0.122574,-0.175878,-0.088847,0.016684,0.169512,-0.368732,0.199762,0.114663,-0.111768,-0.110696,-0.080787,-0.346946,-0.335635,0.241264,0.16012,-0.31968,0.259663,0.124653,-0.150404,0.107364,0.219212,-0.290333,0.344073,0.290724,-0.386519,-0.047551,-0.039564,0.099841,0.09345,-0.150457,-0.22456,0.483492,0.444303,-0.129109,-0.050994,0.037921,0.16012,0.008783,0.050051,#
16,-0.050798,-0.22872,0.323856,0.256543,-0.276295,0.147022,0.321612,0.155075,-0.282772,-0.145404,0.063693,-0.325412,0.180538,-0.095143,0.289175,-0.169432,1.0,-0.126049,-0.216628,0.284054,-0.016355,0.169513,-0.255477,-0.012762,0.236777,-0.014755,-0.174202,0.076572,-0.299873,-0.283795,0.192635,0.007554,0.000668,0.360665,-0.156587,-0.070321,0.372663,-0.059014,-0.029884,0.083114,0.098489,0.200107,0.177374,-0.127495,-0.111535,-0.245397,-0.076626,-0.219005,0.160576,0.267455,-0.020804,0.206842,-0.228718,-0.20307,0.336487,0.279559,0.052246,0.229371,-0.067701,0.1005,-0.323094,0.171676,0.117936,0.009224,-0.029895,0.09921,-0.267018,-0.147412,0.056769,-0.222268,0.009651,-0.355842,-0.182522,0.038053,0.253159,-0.164583,-0.085874,-0.075699,-0.118094,-0.160753,0.080603,0.116964,0.130037,0.11735,-0.2207,0.129827,0.604672,0.166196,-0.09761,0.281902,0.299485,0.241913,0.131276,0.329544,0.292704,-0.070469,0.12762,-0.088306,0.25443,-0.442346,0.120808,0.147057,0.085748,-0.096163,-0.050173,0.318134,0.021645,0.044352,-0.041634,-0.002231,-0.000241,-0.182681,0.0426,0.149339,-0.127297,0.095592,-0.363616,-0.228763,0.422877,0.245766,0.245654,0.218996,0.358189,-0.026012,-0.090146,0.071905,-0.064963,-0.098454,0.147585,-0.083293,-0.008675,0.46425,-0.105358,-0.015734,0.142984,-0.169826,0.164598,-0.070719,-0.038337,0.304271,-0.028096,0.235208,0.162178,0.251802,0.256932,0.029147,0.042492,0.026144,0.030727,0.414159,0.036188,0.182421,0.19543,0.212761,0.241913,-0.041657,0.200402,-0.048204,0.053715,-0.071422,0.379292,0.152353,0.318134,-0.038923,-0.164505,0.108252,0.158595,0.06338,0.125196,-0.082364,-0.050359,0.068499,0.398292,0.326832,-0.006704,-0.272269,0.143283,-0.066961,-0.075686,0.014157,0.039211,-0.142737,-0.08711,0.0592,-0.29985,-0.042652,0.121072,0.200599,0.001762,-0.371674,0.207788,-0.206201,-0.125854,-0.076407,0.126241,0.211265,0.071011,0.207788,-0.391611,0.036948,#
17,0.005245,0.043187,-0.014191,-0.066901,-0.041686,-0.131807,0.164044,0.071516,0.364959,0.354599,-0.191008,-0.143315,0.043727,-0.147466,-0.069607,-0.032372,-0.126049,1.0,0.301217,0.168099,0.154008,-0.195207,0.384946,0.09212,0.04531,-0.230984,-0.054069,0.0829,-0.019084,-0.050043,0.403117,-0.030698,0.175235,0.17548,0.113089,-0.108566,0.127133,-0.196167,-0.182983,-0.059242,0.095007,0.057845,-0.020324,0.161679,-0.021997,-0.178548,0.139489,0.165455,-0.239415,0.013794,0.475022,-0.360087,0.03617,-0.093649,-0.271484,0.044693,0.422189,0.101928,0.083779,-0.149718,-0.178566,0.211243,-0.131943,1.2e-05,0.090108,0.251173,0.268717,0.185516,0.183754,-0.210637,-0.218279,-0.31817,0.24261,-0.276114,-0.250397,-0.291333,-0.081396,-0.107923,-0.170919,0.34557,0.167497,-0.108242,-0.122085,-0.132208,-0.066279,-0.231288,0.07391,-0.180243,0.068859,-0.109522,-0.152154,-0.182929,-0.082967,0.317136,-0.036996,-0.079588,-0.130111,0.493787,0.327291,-0.081618,0.168103,0.171821,-0.072453,0.001138,0.100189,-0.064839,-0.499268,-0.11444,0.066799,-0.16352,0.296631,-0.085959,-0.166574,0.00742,0.077637,-0.306042,-0.247419,-0.166574,-0.278887,-0.441152,0.219912,-0.1533,-0.495377,-0.436234,0.347008,-0.254387,0.410949,0.301889,-0.131467,-0.070575,0.226223,0.130627,-0.164282,-0.543432,-0.215144,0.053879,-0.067614,-0.097194,-0.218676,0.067628,-0.023145,-0.140842,-0.29415,-0.066616,-0.354232,-0.009654,-0.429986,0.424841,-0.383587,-0.241089,0.00825,-0.526827,0.071459,-0.07525,-0.2128,0.076967,-0.056214,0.279566,0.150347,0.158488,0.075056,0.031718,-0.19096,0.299445,0.333897,0.051778,-0.260558,-0.232255,-0.224832,0.180059,0.343258,0.496935,0.079135,-0.202417,-0.165998,0.14407,0.186281,0.411083,0.039105,-0.072196,0.103431,0.34678,-0.289385,-0.519426,-0.102709,-0.266515,-0.144777,0.283403,-0.117956,0.102503,0.14407,-0.370974,-0.093462,0.341971,-0.096982,-0.02723,0.096314,0.14407,-0.207097,-0.258216,#
18,0.040497,0.180091,-0.297497,-0.318841,0.123491,0.019287,0.22539,-0.136618,0.432589,0.580013,-0.19137,-0.218509,0.178551,0.155564,-0.272828,-0.057985,-0.216628,0.301217,1.0,0.060015,0.314441,0.295698,0.137871,0.101377,-0.209115,-0.240972,0.025117,0.168017,0.038281,0.256784,-0.131885,-0.603034,-0.125277,0.23541,-0.163717,0.190503,-0.088453,-0.133913,-0.037821,-0.096474,-0.126581,0.127847,-0.034419,0.278733,-0.355971,-0.070185,0.036988,0.092975,-0.228798,0.080269,0.165678,-0.49009,0.163973,-0.281742,0.067941,-0.220868,-0.029747,-0.114648,0.059665,0.196648,0.160281,0.050049,0.137942,-0.279786,-0.119785,0.047203,0.010688,-0.00618,0.277235,0.01002,-0.107057,0.065208,0.052787,0.053979,-0.279403,-0.048663,-0.084377,-0.022404,-0.099927,0.247794,-0.088111,-0.311639,-0.127257,-0.347874,0.024485,-0.157743,-0.148494,0.113225,0.112432,-0.360166,-0.311639,-0.202855,-0.204189,0.248855,0.177779,0.005771,0.296617,0.219978,0.175131,-0.005312,0.139405,0.021934,-0.371417,0.020664,-0.050665,-0.160989,-0.390343,-0.067871,0.185127,-0.160802,0.253972,-0.260458,-0.096856,-0.273065,-0.208932,-0.003721,-0.129586,-0.096856,-0.186212,-0.362707,0.004095,-0.292791,-0.438426,-0.343467,-0.416403,-0.19167,0.109545,0.189809,-0.267078,0.032588,0.156376,0.03185,-0.12642,0.067892,-0.356974,0.134532,-0.260403,-0.030189,-0.158347,-0.088945,0.331517,0.075352,-0.057621,-0.446101,-0.170668,-0.450391,-0.117975,0.260702,-0.304604,-0.262615,-0.113408,-0.365738,0.098348,-0.033031,-0.201758,0.19899,0.043563,0.196858,0.096848,0.575197,-0.172506,-0.093424,-0.29186,0.343243,0.033443,0.123171,-0.0771,0.056609,0.041721,0.317713,-0.098283,0.196991,0.059014,-0.192986,-0.216746,-0.372507,0.150297,0.177147,0.28802,-0.007946,0.363016,-0.114032,0.075573,0.110259,0.184797,-0.202587,0.280057,-0.034605,-0.34638,0.354956,0.068362,-0.254482,-0.274792,0.115261,0.210413,-0.100568,0.16423,0.068362,-0.03369,-0.211465,#
19,-0.381208,-0.097654,0.428231,0.019872,-0.159823,-0.202074,0.182867,0.308122,-0.161032,-0.328314,0.014819,-0.186687,-0.023577,-0.289819,0.044461,-0.083117,0.284054,0.168099,0.060015,1.0,-0.257096,-0.084903,-0.193151,0.585527,0.301109,-0.025018,0.269858,0.284319,-0.170975,-0.180208,0.309939,-0.249304,-0.168794,0.399791,0.095343,0.065869,0.394937,0.178165,0.064157,0.053237,0.022321,-0.081105,0.209768,-0.289414,0.195437,-0.081283,0.140277,0.189097,-0.162155,0.10844,-0.053731,0.31724,-0.119879,-0.214934,-0.043096,-0.32565,-0.012083,-0.149445,0.288522,0.03676,-0.243447,0.016844,-0.058745,0.318869,0.072726,0.090837,0.221706,0.007856,-0.006088,-0.238012,-0.003081,-0.558842,-0.006421,-0.070849,-0.039784,-0.368188,0.347741,-0.028626,0.347592,0.137363,0.656624,0.034357,0.113015,-0.385346,-0.049478,0.274874,0.438731,0.181319,0.211806,0.212901,0.230163,0.079718,0.060914,0.031254,-0.00026,0.346103,0.234216,0.531455,0.423708,-0.193997,0.08339,0.121431,-0.132996,-0.059505,0.261114,0.421622,0.031096,0.564842,0.090789,-0.179047,0.384506,0.005049,0.206985,0.04566,0.300993,-0.143401,-0.060149,0.206985,-0.038436,0.110232,0.275781,-0.029395,0.329439,-0.073811,-0.014402,0.219903,0.161287,-0.023733,0.046235,0.447288,0.080908,0.280314,-0.011184,-0.130323,0.100089,0.318953,0.034068,0.317267,0.042129,0.206985,0.26246,0.622997,0.369395,0.1403,0.238408,0.144557,-0.020795,-0.196504,0.187853,-0.065451,-0.060223,0.227411,0.013781,0.135522,0.387384,0.09084,0.588176,-0.239916,0.434007,0.356731,0.558224,0.217824,0.110317,-0.067774,0.326019,0.024362,0.378888,-0.061111,0.15781,0.308539,0.305949,0.125208,0.036123,0.292414,-0.453445,-0.160898,-0.038002,-0.216114,0.0024,0.163488,-0.046027,-0.214432,-0.164698,-0.388716,-0.321413,0.140912,0.000965,0.088294,0.200442,-0.594794,0.275759,-0.155766,-0.221205,-0.150561,-0.054752,0.031505,0.253298,-0.160898,-0.275556,-0.054638,#
20,0.547075,-0.064619,0.008677,-0.011604,0.313637,0.349654,0.464039,0.033041,0.244232,0.375012,0.212814,0.349805,0.227248,-0.061441,-0.077826,0.245906,-0.016355,0.154008,0.314441,-0.257096,1.0,0.311012,0.106677,-0.052023,-0.043243,-0.28892,-0.165782,-0.438328,0.327004,0.02538,-0.118905,-0.066792,0.117576,-0.141914,-0.341568,0.144011,-0.426719,-0.320241,-0.20671,-0.088953,0.086039,0.084421,-0.326557,0.231231,0.003761,-0.276476,-0.378993,-0.242353,-0.148033,0.278001,0.433796,-0.206354,0.198947,0.027851,0.106806,0.354072,-0.269736,-0.023741,0.079458,-0.126538,-0.192196,0.078664,0.272066,-0.304321,-0.04252,0.090585,-0.056423,0.103361,0.098739,0.237845,-0.469973,-0.003011,0.056236,-0.28726,-0.464078,-0.315941,-0.262285,0.036274,-0.443805,0.0838,-0.401566,-0.255418,-0.118525,-0.166681,0.074585,-0.444465,-0.244752,-0.20234,-0.001988,-0.636115,-0.099537,-0.472364,-0.236497,-0.113378,-0.244869,-0.494665,-0.23278,-0.255838,-0.374594,0.025415,0.21948,0.056047,0.043351,-0.196052,-0.733165,-0.275387,-0.616763,0.045432,-0.33742,-0.01731,-0.040961,-0.259106,-0.327265,-0.2398,-0.012035,-0.3642,-0.106941,-0.317946,-0.018371,-0.284286,-0.407109,-0.104444,-0.446288,0.013178,-0.022058,-0.482956,-0.220982,0.24462,0.104585,-0.289228,-0.331717,-0.15585,-0.564194,0.119756,-0.120135,-0.007934,0.05009,-0.439117,-0.237544,-0.264624,-0.113978,0.094916,-0.33579,-0.100181,-0.007699,-0.163191,-0.408297,0.654784,-0.278559,-0.07778,0.278177,-0.468902,-0.096824,-0.358503,-0.395075,-0.302569,-0.423702,0.333037,-0.566626,-0.065091,-0.011196,-0.255052,-0.345984,0.143033,-0.26414,0.330652,-0.223285,0.160025,0.052543,-0.22143,0.257599,0.266045,-0.068822,0.042605,0.347215,0.169549,-0.025073,0.329078,0.125581,0.02878,0.205401,0.324807,0.152432,0.443098,-0.009922,-0.278647,0.102251,-0.108982,-0.113046,0.568462,0.169549,0.140165,0.264752,0.270201,0.137389,0.108893,0.373435,0.169549,0.020235,0.191968,#
