0,1.0,0.13123,-0.239789,0.127418,-0.026174,0.029911,0.367414,-0.252049,0.007875,0.108492,0.375739,0.623376,0.396125,0.075745,0.272948,0.048559,0.23682,-0.283909,0.030637,-0.208995,-0.162525,-0.0035,0.047296,0.384146,0.234562,0.114294,-0.139104,0.268205,0.047701,-0.117426,-0.179684,-0.125757,-0.03152,0.165001,0.257018,-0.115505,0.063833,-0.039566,0.457552,-0.108949,0.10925,-0.012035,0.032556,0.122187,0.355749,0.354202,0.163089,0.022076,-0.239722,-0.25438,-0.042482,-0.286554,-0.134318,-0.214938,-0.252978,-0.203809,0.030913,0.38936,-0.153403,0.059341,0.000834,0.03916,-0.374925,0.042806,-0.260165,-0.115854,0.439492,-0.194459,-0.304315,-0.463901,-0.080053,-0.131045,-0.017198,-0.157588,0.172339,-0.195911,-0.348356,-0.045214,-0.350056,-0.050617,-0.251181,-0.271034,0.118786,-0.326463,-0.272082,-0.269889,0.20305,-0.21166,0.005067,0.14038,-0.448664,-0.29824,-0.039125,-0.532125,-0.193316,-0.22166,0.011386,-0.320173,-0.272132,-0.10918,0.246968,-0.139929,-0.17716,0.096454,0.114864,-0.18814,-0.183262,-0.139006,-0.304962,0.060263,0.034243,-0.019667,0.104785,-0.044635,-0.061736,0.112027,0.166774,-0.225196,0.060463,-0.046317,-0.177682,0.22151,-0.184572,0.538616,-0.319793,-0.021245,-0.444523,0.329399,-0.518853,-0.18365,-0.357915,-0.205275,-0.184808,0.475682,-0.271208,-0.177669,-0.129063,-0.583645,0.156906,-0.543536,-0.10918,-0.17291,-0.092245,-0.004539,-0.013935,-0.093344,-0.004012,0.197928,-0.316101,-0.383555,0.100769,-0.171613,-0.377115,-0.091135,-0.025902,-0.195712,0.078308,0.164045,-0.043229,-0.03736,-0.104083,-0.024646,0.180535,-0.337055,-0.395377,0.130747,-0.197982,0.021266,-0.305319,-0.306416,0.279585,-0.452141,0.185212,-0.017207,0.256505,-0.140601,-0.415145,0.469165,-0.073248,-0.376886,0.014571,0.19072,-0.06437,0.021389,0.170178,-0.229439,0.176228,0.213996,-0.004841,0.189168,-0.663263,0.272721,0.249245,0.070892,0.016188,0.019643,-0.018113,-0.286344,-0.00014,-0.290325,#
1,0.13123,1.0,-0.006387,-0.104222,-0.191013,0.198979,0.080439,-0.191086,0.236523,0.23265,0.074924,0.028812,0.14717,0.436426,0.148713,0.074975,0.367234,0.183641,0.236921,0.130711,0.005868,0.399628,0.099968,-0.067581,-0.060798,0.08303,-0.110526,0.309925,0.097113,-0.376674,0.077073,-0.147878,-0.058536,0.122125,0.166296,0.091071,0.132875,-0.093521,0.070356,-0.500998,0.132489,-0.261847,-0.014324,-0.339819,-0.180917,-0.063136,-0.236661,-0.062343,-0.179733,-0.102117,-0.252104,-0.314163,0.118307,-0.015801,-0.137169,-0.11501,-0.013164,0.047731,0.080602,0.109431,0.186566,0.06039,-0.449528,-0.152621,-0.056743,0.015346,-0.06287,-0.148229,-0.35015,-0.061196,-0.18262,-0.238937,-0.311906,0.056424,-0.170054,0.420383,0.005457,-0.155391,-0.120633,-0.030711,-0.031229,-0.357163,-0.22155,0.074619,-0.16141,0.047475,0.063995,0.181806,0.154586,-0.209718,0.151068,-0.106173,-0.219318,-0.291175,-0.235346,-0.052855,-0.270374,-0.001185,0.030899,-0.345918,-0.196434,-0.07517,-0.232482,0.444153,0.131505,-0.195539,0.292117,0.132375,-0.258366,-0.50322,0.450702,0.038512,-0.384769,-0.090634,-0.067142,-0.228061,-0.424955,-0.449415,0.149046,-0.213575,-0.190977,0.237183,-0.438529,0.055387,-0.339722,-0.257116,-0.152983,0.224251,-0.307939,-0.206528,-0.187552,-0.128141,-0.433791,-0.263811,-0.275633,0.11312,0.1642,0.0449,0.028799,-0.374468,-0.337093,-0.055617,-0.128727,-0.011487,-0.097304,0.102921,-0.326871,-0.085879,0.288922,0.176625,-0.185453,0.160341,0.295468,0.093841,0.206348,-0.30753,0.427722,0.380515,-0.161533,-0.121077,0.211888,-0.219651,0.237288,-0.158307,0.178734,0.491819,0.043197,0.17779,-0.134915,0.145528,0.059109,-0.279252,0.070874,0.202344,0.10238,-0.144623,0.036445,0.337807,0.361711,-0.349416,0.52511,-0.238215,0.15478,0.006608,0.079093,0.218497,0.172103,-0.026552,-0.359321,0.462979,-0.348856,0.272236,-0.169541,0.348624,-0.08907,0.319165,-0.016058,-0.090211,0.066346,0.232883,#
2,-0.239789,-0.006387,1.0,-0.143633,-0.085897,-0.074516,0.179688,-0.3073,-0.040316,0.242222,-0.525736,-0.432647,-0.358459,-0.160587,0.335051,0.099899,0.033875,0.707864,-0.342048,0.356056,-0.11151,-0.06375,0.150157,0.034303,0.179455,-0.134055,-0.014033,0.074599,-0.195823,-0.098223,-0.260824,-0.29443,-0.359583,0.319945,-0.09752,-0.078173,0.243071,0.132627,-0.002094,-0.018098,4.8e-05,-0.390768,-0.232064,0.031074,0.265361,-0.053737,-0.537555,-0.401209,0.267235,-0.094403,-0.166882,0.010739,0.281295,-0.007581,-0.241601,-0.211298,-0.004919,-0.066102,-0.119851,0.169052,0.148182,0.290201,-0.172124,-0.300748,0.037893,0.096729,0.265009,-0.407172,-0.092222,0.29326,-0.327558,-0.271579,-0.336614,0.181089,-0.207586,-0.188542,-0.239105,-0.08022,-0.113543,-0.010221,0.364055,-0.036685,-0.130392,0.352236,-0.03117,-0.002357,0.354789,-0.031766,-0.040231,0.235823,0.174451,-0.180128,-0.364045,0.145751,-0.01597,-0.006226,-0.408199,0.018952,-0.170852,-0.101935,-0.375523,-0.223504,-0.018633,0.114911,-0.141764,0.067664,0.066841,0.104902,0.217418,-0.263474,0.303546,0.204544,-0.228654,0.142213,0.220971,0.098313,0.018,-0.010599,-0.131694,-0.10933,-0.091651,-0.131699,-0.009913,-0.203596,-0.311502,0.155316,0.491551,0.291017,0.047499,0.262765,0.214758,0.386951,-0.185511,0.108683,0.093542,-0.286183,0.243469,0.224071,-0.5261,0.115409,-0.301115,-0.075534,-0.472017,-0.287715,0.003991,0.194108,0.073366,-0.144136,0.032308,0.263,-0.429803,0.136576,0.04089,0.072529,-0.003924,0.331454,0.348751,0.034896,-0.214219,-0.122446,0.206496,-0.375099,-0.132068,0.069604,0.274842,0.160668,-0.196858,-0.202928,0.446553,-0.066836,-0.280226,-0.033276,0.178404,0.054043,-0.29598,0.198046,0.246348,-0.239267,0.131164,-0.073061,-0.091274,0.180944,0.333833,-0.308704,-0.034203,0.242264,0.117506,-0.089028,-0.368994,-0.334379,0.178182,-0.31146,-0.235191,0.064782,-0.603016,0.030676,0.080596,0.293911,0.051035,0.514726,#
3,0.127418,-0.104222,-0.143633,1.0,0.068915,-0.021659,-0.196477,0.11283,-0.360685,-0.214234,0.119649,0.046585,0.119368,-0.333836,-0.123266,-0.043135,-0.209269,-0.149205,-0.06692,0.002048,0.179839,-0.343467,-0.364345,-0.054805,0.125894,0.084436,0.095201,0.29727,0.348564,-0.247516,0.327071,0.092192,0.253087,-0.180181,0.163836,0.106141,-0.055476,-0.166843,0.225378,0.139126,0.134406,0.255218,0.007557,-0.127451,-0.099268,0.27497,0.057997,-0.291868,-0.291041,-0.264872,-0.109674,0.451623,-0.083841,0.140103,0.23359,-0.366288,0.148429,0.428837,0.008915,-0.160526,-0.417451,-0.25604,-0.005534,0.260546,-0.134645,-0.221922,-0.000278,0.063468,0.162476,-0.035143,0.107061,-0.232167,0.028667,0.138932,0.286113,-0.212215,0.199176,0.542752,0.19434,-0.132529,0.088303,0.083139,0.197801,0.127584,0.114215,0.270836,0.152863,0.197308,0.352979,-0.146692,0.241027,0.308516,0.370916,-0.046359,0.193332,0.339659,0.421869,0.062911,0.103213,0.10375,0.215816,-0.011894,0.501355,0.034675,0.24217,0.347739,-0.121796,0.313731,-0.406036,0.332287,-0.19233,-0.149731,0.229863,0.022562,-0.122034,-0.129302,0.401481,0.5333,0.187366,0.282354,0.170031,0.226083,0.03596,0.25093,0.128343,0.132598,-0.224252,-0.099817,0.214778,0.167101,0.173009,0.163228,0.513908,0.029398,0.432713,-0.151612,-0.126441,0.006276,0.093479,0.371688,0.280409,0.330796,0.484156,0.259751,0.252782,0.016605,-0.012946,-0.625108,-0.032218,-0.108965,0.057556,-0.008985,0.022593,0.095196,0.295891,0.023692,-0.361609,-0.550772,0.055943,-0.12866,0.080835,0.208413,0.472879,-0.011665,-0.245745,-0.319349,0.189487,-0.377017,-0.080415,0.005066,0.184157,0.293178,-0.195759,0.047154,-0.109735,0.296449,0.023973,-0.150539,-0.452704,0.378374,-0.365924,0.105502,-0.359337,-0.209545,-0.224371,-0.079318,-0.040718,0.188927,0.542115,-0.216469,0.286674,-0.079766,-0.2614,-0.102776,0.083224,-0.260977,-0.280072,-0.471583,-0.009774,-0.211878,#
4,-0.026174,-0.191013,-0.085897,0.068915,1.0,-0.116355,0.392438,-0.136846,-0.06028,-0.090126,-0.031459,-0.142229,-0.417966,-0.317298,0.033764,-0.320363,0.084294,-0.235133,0.422913,-0.031339,-0.170222,-0.143453,0.206235,0.070319,0.016623,-0.013723,0.033762,-0.307471,0.21264,0.229582,-0.165744,0.014549,-0.017138,-0.203005,0.323334,-0.146922,0.335122,-0.36051,0.183334,0.608013,0.06136,-0.098317,-0.14639,-0.291539,-0.297427,0.175225,-0.165851,0.03814,0.003342,0.137505,-0.095856,0.222601,-0.155328,0.046419,0.123204,-0.216244,-0.492704,0.118308,0.150508,0.259157,-0.090525,0.042644,0.042286,-0.305917,0.145221,-0.005439,-0.100731,0.042493,0.199451,0.042418,-0.085082,0.247295,0.32604,-0.324265,-0.230198,0.132358,0.167956,-0.396229,-0.132161,-0.293558,-0.280855,-0.065926,0.143018,-0.155126,0.08147,-0.078133,-0.151633,0.076866,-0.214698,-0.350276,-0.099383,0.058449,-0.077238,-0.109231,0.21357,-0.429118,0.146815,-0.198917,-0.002593,0.027234,0.153961,0.270977,-0.106475,-0.404565,-0.221622,-0.004809,-0.30306,-0.267879,-0.277645,0.008938,-0.079482,0.330866,-0.398316,-0.196644,-0.24191,-0.18687,0.113935,0.398734,0.263868,-0.077547,-0.342954,-0.355859,0.062191,0.115746,-0.079055,0.22694,0.076463,0.287852,-0.188863,-0.342954,0.028188,-0.126156,0.064755,0.157569,0.125204,-0.287455,0.190304,0.113935,0.143854,-0.075632,-0.15225,-0.131489,0.034413,0.074231,-0.051002,0.061963,-0.145667,0.150377,-0.129192,-0.061707,0.104209,-0.144774,-0.105289,0.031585,-0.06257,0.132436,0.025826,0.042176,-0.236029,-0.129273,-0.322466,0.049398,0.100641,-0.034591,-0.317841,0.023781,-0.079112,-0.006734,0.181584,0.051942,-0.045395,0.19641,-0.166497,-0.073269,0.049912,-0.311031,0.098865,0.148489,0.087111,-0.055252,0.14545,0.09824,-0.08043,0.161903,-0.126836,-0.192293,-0.307381,0.269644,0.366825,-0.039956,-0.145916,0.018633,0.284797,0.331707,-0.033049,-0.280077,0.253432,-0.033903,-0.164473,-0.09362,#
5,0.029911,0.198979,-0.074516,-0.021659,-0.116355,1.0,0.213836,0.014645,0.105208,-0.002323,-0.022482,0.104581,0.098413,0.143688,0.444787,-0.286856,0.20956,0.143913,0.344335,0.02411,-0.29769,0.111045,0.23216,-0.19623,-0.00975,0.342096,-0.393953,-0.093492,0.213836,-0.081883,0.103548,0.158602,-0.116843,0.179746,-0.26717,0.344874,-0.152038,-0.057776,-0.246622,-0.440528,-0.563198,-0.077012,0.130271,0.030946,0.196593,-0.152998,0.045073,-0.124175,0.29554,-0.175925,0.051709,-0.242767,0.018309,0.042461,-0.155556,-0.049195,-0.104747,-0.049834,0.028754,-0.171577,0.128937,-0.087591,0.056201,-0.183319,-0.428312,-0.28254,-0.018785,0.040923,-0.04743,-0.113005,-0.062657,0.245195,-0.251012,-0.019502,0.305757,-0.146331,0.082738,-0.019474,-0.029299,0.276405,0.049489,-0.054658,-0.332368,0.00496,-0.067583,0.128798,-0.217467,0.06819,0.198637,-0.10099,0.033666,-0.169968,-0.295824,-0.334285,0.046684,0.057229,-0.12366,0.188091,-0.25748,-0.070166,0.518001,0.207695,-0.129251,-0.047361,-0.156847,-0.497705,-0.188485,-0.041767,0.015198,0.040787,-0.057653,0.089491,-0.234657,-0.031787,0.088743,0.053065,-0.126762,0.045714,-0.098501,-0.234658,0.281128,0.025068,-0.106732,0.09118,0.132155,-0.192948,-0.070331,-0.257605,-0.281285,0.266544,-0.252629,-0.039725,0.05765,-0.223957,-0.366585,0.179292,0.189117,-0.135654,0.323014,-0.243644,0.153299,-0.343513,-0.069707,-0.008685,-0.074514,-0.236943,0.243399,0.076095,-0.391349,-0.379059,0.138921,-0.33783,0.097466,-0.061738,0.151932,-0.020958,0.073448,0.144141,-0.025234,0.172135,0.093102,0.061405,0.26382,-0.190135,0.472563,0.183024,0.106174,0.166336,0.121882,0.164536,0.187868,-0.261849,0.085888,-0.193875,0.180022,-0.207387,0.066346,0.174722,0.083445,-0.016533,0.220724,0.22273,-0.148341,-0.059789,0.424914,0.007345,-0.084033,-0.100555,0.100709,0.154935,-0.189128,0.294351,-0.021498,-0.114596,-0.26494,0.609076,-0.079197,0.267026,-0.329691,-0.078004,#
6,0.367414,0.080439,0.179688,-0.196477,0.392438,0.213836,1.0,-0.288528,0.239466,0.045075,0.279147,0.221164,-0.24293,-0.205472,0.404022,-0.370106,0.312783,0.13176,0.06766,0.088994,-0.315056,-0.067275,0.271829,0.495321,-0.142267,0.011796,-0.278261,0.061603,-0.111311,-0.141509,-0.323396,0.006437,-0.226498,-0.080589,0.044168,0.040763,0.479169,-0.335274,0.236109,0.12434,-0.198882,-0.083569,-0.204377,0.074353,0.242453,0.206831,-0.084477,-0.11118,0.23109,-0.269182,-0.105614,-0.384422,0.067769,-0.362877,-0.190906,-0.272396,-0.208166,0.26894,0.174771,0.174841,0.034826,0.22012,-0.118249,-0.229452,-0.07219,0.076379,0.292297,-0.245572,0.088316,-0.237309,-0.044567,-0.218463,-0.154635,-0.504564,-0.261192,-0.178896,-0.316885,-0.521832,-0.553634,0.065473,-0.186499,-0.081722,-0.175029,-0.316532,-0.267544,-0.096668,0.041937,0.096554,-0.072028,0.019643,-0.200592,-0.455262,-0.432642,-0.197387,-0.272503,-0.460015,0.007672,-0.131731,-0.335045,-0.352025,0.179308,0.169788,-0.448312,-0.18263,-0.262901,-0.150433,-0.205653,-0.293397,-0.039101,-0.107482,0.098483,0.193579,-0.186361,-0.290267,-0.042641,0.177185,-0.040028,-0.09887,0.106169,-0.372952,-0.315034,-0.174858,-0.09633,0.170113,-0.152312,-0.060777,0.093569,0.377326,-0.37791,-0.144478,-0.390712,-0.035092,-0.272647,0.118019,-0.338131,-0.185752,-0.018059,-0.212921,-0.198753,-0.531268,-0.344443,-0.318132,-0.530641,-0.053859,-0.307918,-0.055535,0.062564,0.384406,-0.102667,-0.284182,-0.015183,-0.420252,-0.230346,0.049989,-0.246548,0.079522,0.324318,0.38141,-0.161756,-0.035064,-0.115571,-0.275586,0.03975,0.094912,0.022125,0.320015,-0.226285,0.019395,0.218031,-0.120101,0.1873,-0.494628,0.113585,-0.253342,0.131997,-0.318556,-0.054924,0.256836,0.2579,-0.509743,0.200253,0.317442,-0.03035,-0.216368,0.258477,-0.213458,-0.219868,0.018099,-0.134472,0.427,-0.494159,0.113435,0.187439,0.315254,-0.179931,0.023234,0.103376,0.331466,-0.253488,0.0799,#
7,-0.252049,-0.191086,-0.3073,0.11283,-0.136846,0.014645,-0.288528,1.0,-0.393026,-0.112851,0.166493,-0.157554,0.099713,-0.158309,-0.195892,0.261411,0.125854,-0.210962,-0.224807,-0.00452,0.028039,0.284015,-0.012742,-0.272168,-0.173477,-0.207344,-0.113816,0.021907,-0.288528,0.030498,0.251583,0.309708,0.060847,0.092513,-0.204367,0.110067,-0.151726,-0.284451,-0.496603,0.228378,-0.427571,0.336748,0.18873,0.039008,0.135504,0.289099,0.585732,0.128126,0.33772,0.220868,0.205846,0.242732,-0.103932,-0.072644,0.03434,0.210293,0.228828,-0.196525,0.091052,0.116998,0.161706,-0.367843,0.434202,0.36511,-0.15584,-0.219396,-0.400231,0.382311,0.232997,-0.138499,0.494282,0.385387,0.274057,0.225429,0.22128,-0.080524,0.137438,0.137253,0.309928,-0.18375,0.224121,0.075014,-0.382457,0.020796,0.04297,-0.080446,0.059558,0.135957,0.23049,-0.028252,-0.065646,0.57404,0.319238,0.209557,0.161151,0.146307,0.234578,0.033849,0.117323,0.164381,0.172147,0.076133,0.169358,0.104122,-0.048848,0.030262,-0.009043,0.268917,0.288925,0.253549,-0.312639,0.050814,0.221153,0.324028,-0.1831,-0.284036,0.118771,0.13721,-0.027836,0.019128,0.264945,-0.035428,0.038126,0.081187,0.521635,0.020416,0.041839,-0.080174,0.497792,0.221828,-0.103449,0.181487,0.380199,-0.21437,0.33223,0.373102,-0.154916,0.092481,0.039347,0.44172,0.18885,0.224028,0.16574,0.450457,0.095079,-0.102961,0.014493,0.060549,0.141526,-0.053443,0.143089,-0.085196,0.141636,0.139555,0.163657,0.135237,-0.359942,-0.219069,0.354251,0.183191,-0.123322,0.264357,0.06256,0.218656,-0.113664,-0.402516,-0.151309,-0.020118,-0.055244,0.125999,-0.028462,0.229634,0.004416,-0.073384,0.182569,0.256703,0.044252,-0.135087,-0.23907,0.511181,-0.047853,0.156833,0.163614,0.14769,0.074277,0.310059,-0.118737,0.113006,0.178592,0.139478,0.254206,-0.084279,0.04508,-0.112629,0.096315,-0.176727,-0.153361,0.162567,0.013672,-0.216505,#
8,0.007875,0.236523,-0.040316,-0.360685,-0.06028,0.105208,0.239466,-0.393026,1.0,0.296217,0.146877,0.048368,0.313898,0.247257,-0.050257,-0.054759,-0.025849,0.099978,-0.110931,0.088761,-0.21043,0.015455,0.063886,0.307095,-0.098235,0.339477,0.314783,-0.141068,0.049181,-0.051951,-0.14496,-0.175762,0.169425,-0.12786,-0.0415,0.197481,0.408689,0.141271,-0.009349,-0.240802,0.072944,-0.098323,-0.101325,-0.01892,-0.153119,-0.480122,-0.326496,0.146899,-0.231337,0.183247,-0.210399,-0.573621,0.197092,0.074041,0.135034,0.040463,-0.258831,-0.288739,-0.056258,-0.077993,0.133009,-0.056423,0.039146,-0.04007,0.176435,0.100128,0.105297,0.095768,-0.214343,-0.084037,-0.009236,-0.109876,-0.15082,-0.463453,-0.304818,0.18341,-0.202462,-0.314348,-0.331586,0.156657,-0.475197,-0.104328,0.101985,0.064657,-0.457438,0.046902,-0.121189,0.023198,-0.240022,-0.221984,-0.135227,-0.730477,-0.482042,-0.080684,-0.332692,-0.149843,-0.255775,0.099952,-0.121601,-0.356144,-0.075105,0.235483,-0.332947,-0.036385,0.168336,0.127811,-0.014323,-0.203482,0.142884,0.163015,0.209867,-0.192598,-0.036794,-0.134469,0.045736,0.256136,-0.492339,-0.509516,0.37072,-0.506568,-0.376983,0.052352,-0.330561,-0.219197,-0.301418,-0.397704,0.063833,-0.006385,-0.320503,-0.537763,0.235806,-0.00828,-0.488366,-0.357648,-0.414049,-0.00471,-0.078109,-0.08357,0.054286,-0.470857,-0.173227,0.149223,-0.363461,0.030282,-0.460652,0.098693,-0.382372,0.422852,-0.022388,-0.05492,-0.211551,-0.22788,0.092183,-0.361938,-0.083799,-0.325279,0.384405,0.477653,-0.474318,-0.334529,0.097178,-0.001041,-0.380353,-0.05532,0.285392,0.159079,-0.106058,0.091488,0.182459,0.039583,-0.196378,-0.228782,0.085171,-0.094375,0.095821,-0.456552,0.205824,0.225057,0.621966,-0.470857,0.192487,-0.020666,-0.138127,-0.219515,0.084371,-0.254832,-0.092232,-0.223338,-0.333725,0.327146,-0.204329,0.312764,-0.024953,0.359317,0.091158,0.07286,0.293225,-0.000932,-0.217182,0.214184,#
9,0.108492,0.23265,0.242222,-0.214234,-0.090126,-0.002323,0.045075,-0.112851,0.296217,1.0,-0.287873,-0.086454,0.221794,0.373661,0.116099,0.075515,-0.107182,0.281664,-0.174827,0.205852,-0.425549,0.052163,0.161643,0.07471,0.123717,-0.028273,-0.037633,-0.085704,0.198536,-0.090306,0.003345,0.087328,-0.058079,0.199996,-0.210756,-0.049048,0.382662,-0.23113,-0.105394,-0.029911,0.169404,-0.26692,0.208667,-0.05505,-0.006307,-0.130379,-0.402433,0.187965,0.067353,-0.16718,-0.154783,-0.378276,0.268222,0.055791,-0.235506,-0.259255,-0.09214,-0.279166,0.234349,0.324034,0.333331,-0.21441,-0.400409,0.015582,0.082355,0.00602,0.122008,-0.022425,-0.208527,-0.30975,0.028074,-0.126383,-0.33708,-0.220703,-0.012038,0.202937,-0.20683,-0.001292,-0.398033,-0.050768,-0.134615,-0.294104,-0.285322,0.134996,-0.606769,0.030226,0.221658,-0.25139,-0.338362,-0.246097,-0.159101,-0.470433,-0.467798,-0.006434,-0.183302,-0.099617,-0.691092,0.242797,0.234662,-0.235774,-0.286125,-0.173111,-0.111677,-0.117617,0.019266,-0.070501,0.066755,-0.11381,0.206861,-0.028232,0.465196,0.261716,-0.218057,0.185985,0.257979,0.135685,-0.527089,-0.340082,0.22755,-0.331002,-0.371166,-0.108705,-0.156538,-0.262911,-0.391263,0.190911,-0.067115,0.33633,-0.264821,-0.36098,-0.062677,0.281236,-0.622296,-0.029439,-0.38583,-0.223433,0.291161,-0.135463,0.154791,-0.373441,-0.424749,-0.133134,-0.442807,-0.0754,-0.349467,-0.054244,-0.3234,0.165556,0.060477,-0.020826,-0.528504,-0.082548,-0.109875,-0.292038,0.039056,-0.236851,0.716576,0.308943,-0.35993,-0.265756,0.10515,-0.282021,-0.326159,0.068701,-0.00334,0.5413,-0.350251,-0.250392,0.138084,-0.075382,-0.497976,-0.171742,0.143924,0.361693,0.115453,-0.269429,0.049035,-0.253825,0.636211,-0.351983,0.397046,0.117361,0.003787,-0.330181,0.17146,-0.30293,-0.080635,-0.05635,-0.692785,0.223201,-0.319141,0.199646,0.090227,0.231763,-0.507699,-0.011994,0.332543,0.071685,-0.200504,0.445591,#
10,0.375739,0.074924,-0.525736,0.119649,-0.031459,-0.022482,0.279147,0.166493,0.146877,-0.287873,1.0,0.603209,0.121963,-0.044956,-0.184225,-0.198049,0.016173,-0.426233,0.010021,-0.295581,0.108672,0.212768,0.124259,0.334225,-0.24641,0.191915,0.091905,0.026742,-0.057841,-0.024799,-0.222671,0.341029,0.216778,-0.10797,0.359247,-0.002254,0.08016,-0.097454,0.020806,-0.033947,-0.1338,0.446756,0.123351,0.041384,0.196742,0.364964,0.452073,0.359292,-0.135696,-0.150013,-0.015589,-0.1562,0.213672,-0.376508,0.275841,0.035793,0.059357,0.388345,-0.066966,0.05347,-0.050747,-0.020945,-0.002383,0.311164,-0.396878,-0.065104,0.052804,0.212276,-0.043663,-0.215441,0.306332,-0.139925,0.278153,-0.432754,-0.110709,-0.165949,0.109693,-0.156919,-0.193611,-0.02688,-0.154185,0.01317,-0.064219,-0.26774,0.043391,0.191747,-0.27425,0.162918,0.094439,-0.067174,0.006827,-0.053723,0.159928,-0.102788,-0.334063,-0.192184,0.356732,-0.35044,-0.139552,-0.190841,0.218765,0.062147,-0.186245,0.153935,0.185944,-0.071806,0.111637,-0.044893,-0.192003,0.14875,-0.286714,0.081073,0.308747,-0.120572,-0.145133,-0.105253,0.075334,-0.163579,0.417304,0.034464,0.105042,0.269521,-0.030873,0.473731,0.025317,-0.297977,-0.2963,0.045055,-0.210555,-0.22521,-0.12621,-0.377634,-0.010254,-0.047261,-0.10313,0.11767,-0.32687,-0.11693,0.071772,-0.330266,-0.008776,0.15179,0.001338,0.163962,-0.131867,-0.190728,-0.173041,0.038717,-0.092064,-0.326797,0.324552,-0.434441,-0.127325,-0.011419,-0.310981,0.072291,-0.178685,-0.08548,-0.004859,-0.202766,-0.062908,-0.010248,0.091215,-0.0519,0.033781,-0.198622,0.073603,-0.240788,-0.373483,0.035601,0.48782,-0.133733,0.198413,-0.321351,0.274623,-0.107174,-0.141069,0.25419,-0.035414,-0.14474,0.040117,0.158804,-0.283875,-0.085748,-0.095399,-0.046238,-0.278941,-0.024418,0.191205,0.480076,-0.252914,0.366127,-0.015376,-0.171026,0.36646,-0.234097,0.017677,-0.172682,-0.113325,-0.471209,#
11,0.623376,0.028812,-0.432647,0.046585,-0.142229,0.104581,0.221164,-0.157554,0.048368,-0.086454,0.603209,1.0,0.324361,0.207278,0.069832,-0.147063,-0.095228,-0.291258,0.24902,-0.241332,0.176821,-0.207276,0.063925,0.231186,-0.009713,0.058325,-0.155011,0.081899,0.221693,-0.161274,0.032865,0.033437,0.163953,-0.049566,0.110816,-0.32115,-0.264106,-0.160027,0.261596,-0.198993,0.101665,0.399385,-0.093506,-0.013255,0.233108,0.13237,0.150265,0.230268,-0.014212,-0.226336,-0.098005,-0.173351,0.12514,-0.273632,0.227166,0.05181,0.044751,0.307727,-0.307041,0.003678,-0.302523,0.012643,-0.244236,0.052392,-0.364957,-0.13968,0.092074,0.125137,-0.302691,-0.24306,-0.084977,-0.124896,-0.130122,-0.164843,0.087679,-0.237565,-0.323415,-0.049132,-0.44628,0.212156,-0.258859,-0.244657,0.14876,-0.353394,0.10066,-0.061073,-0.151278,-0.238718,-0.022711,0.00657,-0.282015,-0.283016,0.095805,-0.341061,-0.102584,-0.103002,0.115403,-0.22021,0.006916,0.039046,0.16452,-0.347107,-0.09691,0.071476,0.11356,-0.173495,-0.131325,0.013562,0.041004,-0.020951,-0.066399,-0.063434,0.258321,-0.062638,0.159737,0.138301,-0.061988,-0.089281,0.076943,0.108697,0.00901,0.086548,-0.099659,0.693577,-0.225356,0.053877,-0.411891,-0.004134,-0.426463,-0.154742,-0.3896,-0.469585,-0.248018,0.406759,-0.342623,0.031997,-0.301015,-0.457944,0.280325,-0.392164,0.039046,-0.096047,0.049372,-0.303962,-0.117984,-0.446771,0.083499,0.083863,-0.49882,-0.300948,0.0969,-0.312002,-0.248057,-0.143861,-0.077564,-0.040251,0.098469,0.086263,-0.059974,-0.128515,-0.155458,-0.087327,0.131511,-0.107003,-0.025766,0.033387,0.117227,-0.105105,-0.326216,-0.240423,0.257455,-0.452856,0.22061,-0.0709,-0.139104,-0.158701,-0.293886,0.29577,0.041346,-0.378636,0.11054,0.050183,-0.411532,-0.170127,0.185993,-0.323216,0.032708,-0.085893,0.141621,0.227883,-0.488751,0.197215,0.083572,-0.245569,0.108445,-0.01056,-0.243456,-0.059129,-0.004109,-0.255426,#
12,0.396125,0.14717,-0.358459,0.119368,-0.417966,0.098413,-0.24293,0.099713,0.313898,0.221794,0.121963,0.324361,1.0,0.232222,-0.078078,0.219999,0.014132,-0.091413,-0.123463,-0.273731,0.062948,-0.060518,-0.219089,-0.022532,0.138338,0.026518,0.275476,0.226645,0.028204,-0.071655,0.240404,-0.124016,0.349264,-0.020388,-0.148393,0.218458,-0.074108,0.141907,-0.050737,-0.423152,0.076515,0.087307,0.100766,0.086504,0.121035,-0.094738,0.139469,0.145614,-0.046173,0.020428,-0.096999,-0.162036,-0.133004,0.131655,-0.055963,-0.059481,-0.193855,-0.142634,-0.136892,-0.151353,0.090286,-0.357343,-0.264864,0.33351,0.040337,-0.031841,0.151004,0.156677,-0.159074,-0.216714,0.005631,-0.000214,-0.148447,-0.007595,0.331931,-0.051414,-0.423429,0.254696,-0.118529,-0.072867,-0.215087,-0.14517,0.052452,0.000944,-0.408924,-0.413276,-0.011175,-0.047905,0.028904,0.042892,-0.250157,-0.210028,-0.034899,-0.215057,-0.06844,-0.078384,-0.06997,0.126202,-0.138443,-0.287791,0.194546,-0.34071,-0.06684,0.209169,0.323251,0.064714,-0.361469,0.127377,-0.00524,0.195721,0.094533,-0.366614,0.22309,-0.008743,0.070268,0.040197,-0.347712,-0.326927,0.045475,-0.256768,-0.175331,0.182397,-0.315532,0.236376,-0.176142,-0.174376,-0.161585,-0.074467,-0.210394,-0.194408,0.091844,0.087956,-0.064072,-0.17002,-0.344813,0.138215,-0.268262,-0.359343,0.32559,-0.272952,-0.006303,0.283349,-0.016529,0.216145,-0.280673,-0.186469,-0.161357,0.182584,-0.246599,-0.23615,-0.279903,-0.217161,-0.053759,-0.302519,0.333771,-0.552639,-0.075724,0.196429,-0.253602,-0.123429,0.1407,0.198387,-0.161664,-0.113445,-0.143597,-0.094196,-0.070786,-0.023857,-0.325319,-0.335897,-0.005959,-0.34271,0.036147,-0.115052,0.129455,-0.255244,-0.385557,0.245236,0.162571,0.013887,0.13731,0.015546,-0.221836,-0.047323,0.531052,-0.264604,0.048109,0.114861,-0.029706,0.109798,-0.25657,0.210057,0.234239,0.031195,-0.062246,-0.137428,-0.072688,-0.236752,-0.274851,-0.185561,#
13,0.075745,0.436426,-0.160587,-0.333836,-0.317298,0.143688,-0.205472,-0.158309,0.247257,0.373661,-0.044956,0.207278,0.232222,1.0,0.098112,-0.043639,-0.08717,-0.118625,0.283066,0.181524,0.007438,0.352303,0.19117,-0.224487,-0.404606,0.027304,-0.037148,0.093457,0.144593,-0.387034,0.226555,-0.007474,0.045415,0.224991,-0.181664,-0.190153,-0.24119,-0.031163,-0.359532,-0.413348,-0.062108,-0.231162,0.170697,-0.313963,-0.243082,-0.232204,-0.320084,0.277048,-0.127194,-0.15678,-0.197668,-0.134328,0.183421,0.180043,-0.155651,0.087698,-0.07662,-0.059556,-0.125973,-0.125843,0.134732,-0.223659,-0.199526,-0.083208,-0.004427,-0.142978,0.129497,-0.091282,-0.482389,0.126319,-0.12806,-0.033733,-0.30267,-0.039059,0.087704,0.310506,-0.145363,0.122504,-0.161254,0.417045,-0.079792,-0.124179,-0.007024,-0.043065,-0.083289,0.093421,-0.215999,-0.232823,-0.140764,0.145238,-0.068624,-0.156419,-0.020648,-0.27949,-0.212632,0.092177,-0.318357,0.200908,0.415943,-0.012409,-0.319833,-0.146844,-0.036428,0.09493,-0.114676,-0.192074,0.330302,-0.108974,0.086135,-0.20408,0.382509,0.097986,-0.2744,0.036263,0.406567,0.163401,-0.473885,-0.370303,-0.076153,0.032338,0.035404,0.378129,-0.208362,-0.094605,-0.296759,0.157809,-0.28646,-0.183774,-0.199157,-0.171308,-0.08453,-0.218368,-0.526147,-0.185663,-0.267449,0.281601,0.289984,-0.297715,0.178865,-0.276001,-0.048668,-0.188844,-0.193706,-0.203072,-0.101655,0.018296,-0.07292,0.107648,-0.055552,0.058371,-0.249219,0.280496,0.07563,-0.023799,0.071619,-0.289247,0.513761,0.417891,-0.101023,-0.04602,0.066882,-0.199734,-0.036299,-0.228209,0.325872,0.642565,0.081454,0.261918,-0.071057,0.243429,-0.041654,-0.213538,-0.248669,0.380999,-0.137956,-0.201973,-0.084258,-0.106635,0.417326,-0.214244,0.188149,-0.36636,0.245835,0.202327,-0.033658,-0.184768,0.121918,-0.227899,-0.441042,0.243771,-0.218988,0.261979,-0.229613,0.044324,-0.070066,0.261877,0.005775,-0.131164,-0.013452,0.205415,#
14,0.272948,0.148713,0.335051,-0.123266,0.033764,0.444787,0.404022,-0.195892,-0.050257,0.116099,-0.184225,0.069832,-0.078078,0.098112,1.0,0.191543,0.324838,0.369395,0.116059,0.314459,-0.237324,0.079147,0.421968,-0.028866,-0.003842,0.370125,-0.23423,0.040508,0.081855,-0.349354,-0.088627,-0.097705,-0.010406,0.281957,0.005822,0.015122,-0.06657,-0.085422,0.076269,-0.171271,-0.226763,-0.358001,-0.143194,0.139917,0.328944,-0.06215,-0.08163,-0.250495,0.099804,-0.20968,0.027848,-0.234805,-0.034336,-0.251484,-0.274498,-0.119292,-0.277003,0.1378,-0.190377,0.128563,0.059591,0.361765,-0.161812,-0.255697,-0.385406,-0.363377,0.168872,-0.162446,-0.421507,-0.123215,-0.276002,0.13251,-0.262137,0.078821,-0.22081,-0.234737,-0.244422,-6.1e-05,-0.428697,0.37878,0.201725,-0.333563,-0.287755,0.091357,-0.01993,-0.164294,0.259026,-0.160062,0.120577,0.252454,-0.172639,-0.272427,-0.153329,-0.308778,-0.126712,-0.280551,-0.212832,-0.062899,-0.235876,0.024998,0.050154,0.118379,-0.278331,-0.164043,-0.193532,-0.101656,-0.087763,-0.094674,0.155418,-0.153504,0.123281,0.086382,-0.157589,0.097011,0.175637,0.066012,0.130236,-0.173069,-0.150422,-0.3604,-0.233788,-0.021101,0.050816,0.277593,-0.160434,0.011733,0.143959,0.209677,-0.42908,0.095491,-0.191923,-0.105314,-0.28977,0.232794,-0.046299,-0.084745,0.080979,-0.448129,0.088422,-0.153346,0.032251,-0.180767,-0.334421,-0.090627,-0.11006,-0.045034,0.175931,0.211703,-0.425885,0.068233,-0.174054,-0.303028,-0.029279,0.196214,-0.016835,0.446528,0.325236,0.247,0.031569,0.383517,0.09898,-0.292565,0.368709,-0.316861,0.231385,0.351478,-0.24148,0.225787,0.374118,-0.036401,-0.019749,-0.133914,0.162965,-0.007386,-0.158865,-0.250883,0.096832,0.064869,0.162511,-0.173935,0.08147,0.106713,0.319797,-0.230304,0.220986,-0.065348,0.067327,0.048517,-0.100637,-0.043246,-0.251819,0.185967,-0.039388,0.129553,-0.514562,0.324612,-0.115332,0.316023,-0.275661,0.146947,#
15,0.048559,0.074975,0.099899,-0.043135,-0.320363,-0.286856,-0.370106,0.261411,-0.054759,0.075515,-0.198049,-0.147063,0.219999,-0.043639,0.191543,1.0,0.252616,0.085352,-0.354435,0.177065,0.060022,0.15224,-0.145472,-0.134081,0.323612,0.016113,0.089936,0.255818,-0.127001,-0.011176,-0.026614,-0.300918,0.202578,0.137013,0.078175,-0.211772,-0.181735,0.298795,0.159799,-0.08041,0.080879,-0.024632,-0.049661,0.235652,0.043084,0.032942,0.090348,-0.208002,-0.181402,0.389304,0.179232,-0.162631,-0.111253,-0.109427,0.141107,0.352213,0.19484,-0.194246,-0.216241,0.080255,0.105899,0.180287,0.210289,0.112372,0.017234,-0.157977,-0.268688,0.013647,-0.407853,-0.292727,0.069943,0.128977,0.228701,0.429551,-0.191986,0.112197,-0.119103,0.112135,0.13043,-0.142422,0.11277,-0.17592,-0.121908,0.258149,-0.182036,-0.353557,0.438699,-0.156617,-0.021235,0.228988,-0.288239,0.053726,0.205494,-0.067433,-0.129683,0.2228,0.098384,-0.120709,-0.084924,0.237083,-0.221787,0.092053,-0.132082,0.083517,0.007505,0.237798,-0.043833,0.214481,0.266462,-0.070421,0.006276,-0.164685,0.280327,0.538496,-0.162614,-0.305501,0.293649,-0.346426,-0.11845,-0.253972,-0.308861,-0.010493,-0.144785,0.070374,-0.066516,-0.154374,0.003343,0.26397,0.060284,0.050509,0.173305,0.126696,-0.153899,0.069528,0.256002,-0.037292,-0.229966,-0.128738,-0.221781,0.303511,0.237083,0.406203,0.031276,0.094566,-0.042116,0.002958,-0.271712,0.079186,0.052472,0.324627,-0.095064,0.175613,0.327847,-0.199817,0.195893,0.139856,-0.038196,-0.077569,0.108771,0.299598,-0.030867,-0.129683,0.217275,-0.162142,-0.094439,-0.224486,-0.122415,0.125944,0.037012,-0.183675,-0.288662,0.153957,0.30143,0.201691,-0.084749,0.243157,0.052651,0.135054,0.013713,0.108771,-0.115255,-0.112854,0.456356,-0.043118,-0.16448,0.246462,0.328468,-0.038033,-0.089388,-0.187315,0.260886,-0.096048,-0.117538,0.16351,0.078685,-0.024687,-0.225265,-0.02759,0.264816,0.003343,#
16,0.23682,0.367234,0.033875,-0.209269,0.084294,0.20956,0.312783,0.125854,-0.025849,-0.107182,0.016173,-0.095228,0.014132,-0.08717,0.324838,0.252616,1.0,0.006341,0.219926,0.219547,-0.070423,0.312468,-0.015875,0.116143,-0.007541,0.115525,-0.141823,0.467345,-0.010925,0.108736,-0.270451,0.011545,-0.069725,0.387006,0.089014,0.076122,-0.026084,-0.014036,0.033951,0.049547,-0.364696,-0.320947,0.038537,0.095533,0.179982,0.365398,0.13058,-0.066691,0.064147,0.284974,-0.015205,-0.265664,-0.271256,0.195831,-0.274969,-0.057929,0.057607,0.010784,0.148058,0.080904,0.01729,-0.093153,0.009457,-0.198391,-0.143933,-0.247971,0.120976,-0.05976,-0.277181,0.026593,0.210229,0.000485,0.141088,0.154229,-0.338598,0.211216,-0.072156,-0.48156,-0.049811,-0.152906,-0.026055,-0.152079,-0.263459,-0.003662,-0.127283,-0.306373,0.334197,-0.001162,0.217895,0.232861,-0.193364,-0.001251,-0.334117,-0.148605,0.033586,-0.173929,0.088501,-0.451282,-0.419318,-0.081808,0.091973,0.224622,-0.14865,0.232525,-0.244544,-0.260482,-0.200862,0.077999,-0.052051,-0.373543,-0.16143,0.14697,-0.135496,0.186224,-0.444356,-0.272094,-0.032479,-0.336219,-0.140305,-0.293789,-0.258471,0.135377,-0.142946,0.199,0.060536,-0.17966,-0.143944,0.308195,-0.11293,0.065561,-0.252532,0.112558,0.011889,-0.084304,-0.098676,0.304233,0.250468,-0.210087,-0.005123,-0.119028,-0.088809,0.028775,-0.074806,0.006716,-0.088442,0.042911,-0.10107,0.204841,-0.007571,-0.276478,0.225091,0.045176,0.166315,0.10483,0.234835,0.030906,-0.086042,0.393396,0.05322,0.286063,-0.014015,0.020066,0.123014,-0.385685,-0.162691,-0.001195,-0.003477,0.358389,0.085212,0.087163,0.245059,-0.325781,0.257771,-0.087253,0.133048,0.15013,-0.043731,0.591772,0.040609,-0.2979,0.267424,-0.024715,0.498477,0.308503,0.184062,0.162097,0.24354,-0.134813,-0.102909,0.3697,-0.185086,0.070249,0.068433,0.306019,-0.073268,0.305697,-0.006978,-0.096898,0.075372,-0.150435,#
17,-0.283909,0.183641,0.707864,-0.149205,-0.235133,0.143913,0.13176,-0.210962,0.099978,0.281664,-0.426233,-0.291258,-0.091413,-0.118625,0.369395,0.085352,0.006341,1.0,-0.19687,0.371969,0.081445,-0.12189,0.211908,-0.224001,0.145014,-0.131247,-0.002238,0.026501,-0.171169,-0.294353,0.174732,-0.235556,-0.137966,0.216233,-0.170047,0.214556,0.185883,0.075025,0.054133,-0.223291,0.157659,-0.103492,-0.254318,0.024478,0.304675,-0.101433,-0.403891,-0.378113,0.300206,-0.272071,-0.04911,0.003769,0.269656,0.008866,-0.236048,0.029717,-0.031261,-0.258625,-0.162068,0.271158,0.167243,0.231886,-0.18805,-0.34073,0.02027,0.096178,0.040658,-0.139421,-0.055276,0.138653,-0.409302,-0.376711,-0.379589,0.246162,-0.182343,-0.248158,-0.090289,0.086549,-0.131775,0.178295,0.275079,-0.024331,-0.245534,0.592357,-0.132844,-0.024312,0.229361,-0.025355,0.013908,-0.084035,0.383029,-0.145044,-0.36352,0.356505,0.218706,0.004396,-0.452876,0.423918,-0.140512,-0.051967,-0.368763,-0.251089,0.037534,0.290165,0.24512,0.110614,0.051553,0.177855,0.282569,-0.22074,0.198428,-0.145723,-0.276925,0.204242,0.118622,0.107484,-0.191838,-0.145835,-0.057085,-0.225999,-0.200221,-0.157256,0.146795,-0.17009,-0.132327,-0.116981,0.551518,0.181135,0.043022,0.117416,0.123585,0.545414,-0.178405,-0.133056,-0.02779,0.057503,0.065289,0.237366,-0.225151,0.002632,-0.256768,0.12958,-0.453984,-0.298905,0.007997,0.124158,0.124021,-0.145428,0.156993,0.30922,-0.439033,-0.197125,0.229454,0.142031,0.100643,0.205011,0.368057,0.092905,-0.214283,0.183283,0.482407,-0.299342,-0.16967,0.341076,0.298802,0.196408,-0.027532,-0.005087,0.369183,-0.05389,-0.324683,-0.182314,0.159482,-0.227507,-0.354883,0.0263,0.267053,-0.269283,0.309804,-0.040432,0.107567,-0.165287,-0.017149,-0.447327,0.17164,0.281649,-0.020704,-0.044464,-0.375571,-0.071652,0.188224,-0.324396,-0.264722,0.066137,-0.536172,0.014526,-0.02312,0.46587,-0.164131,0.553862,#
18,0.030637,0.236921,-0.342048,-0.06692,0.422913,0.344335,0.06766,-0.224807,-0.110931,-0.174827,0.010021,0.24902,-0.123463,0.283066,0.116059,-0.354435,0.219926,-0.19687,1.0,-0.086202,0.255379,0.091614,0.273779,-0.18914,-0.232101,0.115139,-0.09118,-0.034422,0.430108,0.058744,0.036902,0.039298,0.189764,0.133128,0.135594,-0.205675,-0.317966,-0.127546,0.009614,-0.057816,-0.072418,-0.196282,-0.028338,-0.392226,-0.32042,0.079213,-0.231229,0.082426,-0.045913,-0.115925,-0.02832,0.068856,-0.132572,0.212212,0.140658,0.062206,-0.299655,0.318219,-0.044521,0.02502,-0.201978,-0.052914,-0.1737,-0.313285,-0.068094,-0.134844,-0.099909,0.017632,-0.14218,0.195852,-0.15017,0.124862,0.066505,-0.081828,-0.116626,0.22642,0.244452,-0.185968,-0.025029,-0.04304,-0.168557,-0.121316,0.073693,-0.237201,0.18315,0.004798,-0.435676,0.09553,-0.1319,-0.189985,0.022147,0.112046,0.100236,-0.272681,0.305204,-0.162752,0.043419,-0.156078,0.007355,0.175193,0.165657,0.025252,-0.024681,-0.146906,-0.214781,-0.43712,-0.237769,0.016062,-0.28415,-0.438224,-0.150917,0.308069,-0.520628,-0.050486,0.009019,-0.103126,-0.137627,0.138692,-0.020692,0.000651,-0.052558,-0.157551,-0.021291,0.246706,-0.088502,0.101198,-0.311831,-0.053554,-0.366933,-0.052558,-0.199893,-0.329131,-0.020739,-0.031101,-0.130018,0.272478,0.469419,0.065258,0.404882,-0.167729,-0.01693,-0.227473,0.138246,-0.18982,0.07468,-0.164649,0.045701,-0.087266,-0.297326,-0.1174,0.329678,-0.060499,0.235865,-0.049856,0.025947,-0.081351,0.061066,0.101701,-0.207351,0.110967,0.018768,-0.024482,0.273169,-0.347109,0.072427,0.269273,0.468808,0.204862,-0.025913,0.053943,0.330718,-0.23523,-0.179368,-0.054767,-0.18835,-0.245937,-0.129593,0.283822,0.176994,-0.139762,0.376926,-0.292656,-0.091049,0.290302,0.108556,-0.223463,-0.219619,0.082938,0.194483,0.012399,-0.210056,0.159125,0.008406,-0.140748,0.027395,0.121291,-0.24861,-0.158498,-0.277819,-0.311831,#
19,-0.208995,0.130711,0.356056,0.002048,-0.031339,0.02411,0.088994,-0.00452,0.088761,0.205852,-0.295581,-0.241332,-0.273731,0.181524,0.314459,0.177065,0.219547,0.371969,-0.086202,1.0,0.115708,-0.082516,0.133624,-0.189259,-0.33925,0.102493,-0.082924,0.317,0.088709,-0.425242,0.263071,0.007432,0.025742,0.282069,-0.261814,-0.031255,-0.162639,-0.162766,-0.159296,0.098123,-0.031918,-0.145477,-0.211739,0.020092,-0.035846,-0.035644,-0.354464,-0.088508,-0.165655,-0.098052,-0.063497,0.066039,-0.010312,0.371174,-0.273079,-0.212167,0.22253,-0.126235,-0.162343,0.231785,-0.37429,-0.249725,0.257921,-0.064638,0.094169,-0.505277,0.082945,0.203337,-0.45997,0.253816,0.039814,-0.308921,-0.073345,0.160679,-0.417232,0.140279,-0.018213,0.141812,0.044263,0.443005,0.227169,0.058178,-0.063184,0.491952,-0.06874,0.243654,0.497048,-0.233344,0.279689,0.13414,-0.001322,-0.044228,-0.244863,0.198462,0.300334,0.260646,-0.066988,0.145552,0.359589,0.355169,-0.368745,0.181059,0.428437,-0.006151,0.040425,0.291403,0.373149,0.237365,0.248651,-0.120271,0.258246,-0.17286,-0.215104,0.320525,0.249171,0.335771,0.017813,-0.236494,0.090771,-0.051014,-0.022284,0.35856,0.254672,-0.15876,-0.017519,0.299734,0.294173,0.07235,0.313479,0.164079,0.098526,0.381833,-0.072193,-0.025072,0.173476,0.240207,0.037523,0.026068,-0.115127,0.197027,0.147712,0.204825,-0.05206,-0.114399,0.048538,0.234146,0.174737,-0.250071,0.111192,0.286272,-0.353247,0.206255,0.45421,0.167849,0.242252,0.298019,0.372327,0.099456,0.018499,0.232039,0.400052,0.110575,0.20752,-0.079424,0.148322,0.206211,0.168427,0.21052,0.583012,0.136722,-0.209272,0.146208,-0.139362,0.248684,-0.455024,0.29833,0.451335,-0.271938,0.115807,0.000727,-0.320688,-0.308351,0.379175,-0.264212,-0.393309,0.045187,0.206074,-0.176468,-0.186953,0.095953,0.287686,-0.323649,-0.513874,0.272386,-0.095216,0.173626,-0.105492,0.112051,0.223954,0.621033,#
20,-0.162525,0.005868,-0.11151,0.179839,-0.170222,-0.29769,-0.315056,0.028039,-0.21043,-0.425549,0.108672,0.176821,0.062948,0.007438,-0.237324,0.060022,-0.070423,0.081445,0.255379,0.115708,1.0,-0.127566,0.042394,-0.267929,-0.405483,-0.182699,0.235712,0.231262,-0.139935,-0.137191,0.268661,0.009528,0.50421,0.139714,-0.012716,-0.326512,-0.506711,0.114415,-0.049898,-0.196711,0.182957,0.028554,-0.272672,-0.049456,-0.00755,0.121765,-0.078106,0.059578,-0.187375,-0.193134,0.062749,0.330959,-0.237539,0.166518,0.256607,0.185006,0.070464,0.267573,-0.350104,0.100095,-0.486728,-0.152343,0.035194,0.234413,0.065136,-0.016949,0.09738,0.248858,-0.094192,0.44327,-0.031897,-0.340548,0.09281,0.223948,-0.228324,-0.166249,0.000373,0.267407,0.20086,0.064685,0.235179,0.238073,0.3443,0.211784,0.277305,-0.066024,0.055486,0.073957,0.148914,0.174773,0.384713,0.385359,0.401171,0.258221,0.410155,0.228925,0.295798,-0.018157,0.005577,0.404653,-0.299233,-0.344852,0.395812,0.293424,0.346373,0.323776,0.03572,0.474982,0.074455,-0.199489,-0.069232,-0.274478,-0.049752,0.163724,0.158537,0.202241,0.126252,-0.099624,-0.006968,0.306064,0.170025,0.091831,0.226983,0.193703,-0.007102,0.160288,0.101405,-0.089526,0.342956,0.170025,0.238565,0.02487,0.238126,-0.065879,0.301861,0.366572,-0.058375,0.305563,0.026829,0.278931,0.216443,0.538284,0.226899,-0.097756,0.077324,0.051504,0.30063,-0.502858,0.022197,0.447273,0.123195,0.0886,0.491278,0.204884,0.265364,0.152329,-0.188344,-0.318406,-0.060885,0.191396,0.47431,0.253818,0.140052,-0.061906,0.018637,-0.169131,0.680421,0.05379,0.046042,-0.240633,0.275047,-0.059708,-0.166571,-0.329148,-0.611469,0.219326,-0.072449,-0.019158,-0.114363,0.272081,-0.205195,-0.470369,-0.098928,-0.001906,-0.150831,0.114305,0.068247,0.105348,0.12493,-0.232454,0.379071,-0.405543,-0.408087,-0.225289,0.240952,-0.402013,-0.506104,-0.210753,-0.034149,-0.072698,#
