0,1.0,-0.236352,-0.033329,-0.142169,0.104184,0.029314,0.027093,0.108797,-0.274142,-0.083722,0.129328,0.050102,0.271965,0.225684,-0.197491,0.170004,-0.075949,-0.484427,0.13371,-0.217299,0.561282,-0.072421,-0.145705,-0.46058,-0.168412,-0.445866,-0.082877,-0.330666,0.234224,0.234858,0.254972,0.013976,0.197954,-0.035269,-0.007856,0.118802,0.281131,-0.184566,-0.116793,-0.130984,0.255123,0.294622,-0.075794,0.014401,-0.324062,-0.137797,-0.268874,-0.211892,-0.128466,-0.081736,-0.10619,-0.120169,0.291479,0.213722,0.476162,-0.033818,-0.361692,-0.015999,-0.332106,0.306922,0.42314,0.328872,0.086515,0.134202,-0.1397,-0.036938,-0.163707,0.378932,-0.218596,-0.289173,-0.03969,-0.138592,-0.442463,-0.082932,-0.417632,0.285522,-0.200514,-0.022572,-0.369514,-0.101703,-0.138406,-0.44683,0.050098,-0.148449,-0.225603,-0.278303,-0.280206,0.010167,-0.13504,-0.203311,-0.217682,-0.356279,-0.081204,-0.343689,-0.065373,-0.253844,-0.352818,-0.005333,-0.242734,0.115947,0.201567,-0.099264,-0.249859,-0.209,0.074903,-0.248263,0.069917,0.301745,-0.184994,0.106419,-0.031882,0.302356,-0.492159,-0.137025,0.295131,0.187884,-0.232027,-0.324224,-0.439314,-0.002516,-0.389115,0.105779,0.048906,-0.194471,-0.031742,-0.188355,-0.290699,0.182224,-0.257699,0.189465,0.079664,-0.599765,-0.075253,0.052004,-0.318831,0.083023,-0.120151,0.012268,0.241312,-0.300992,-0.127917,0.309542,0.108023,0.14965,-0.167778,-0.189095,-0.162587,0.066961,-0.256454,-0.359692,0.015506,-0.157912,-0.231067,-0.391269,0.28755,-0.030829,0.2056,-0.017059,-0.22194,-0.209,0.142612,-0.391433,0.072719,-0.337885,-0.168621,-0.433333,-0.394691,0.101441,-0.061828,-0.200657,0.056911,0.282429,-0.306682,-0.06196,-0.211958,0.138793,-0.082784,0.098251,-0.057982,0.175805,0.073607,-0.013248,0.207288,0.438997,0.186707,0.301294,0.095269,-0.140392,0.022001,0.319467,-0.332934,0.114385,0.265599,-0.201525,-0.201097,0.119248,0.030081,-0.353553,-0.289704,0.066201,#
1,-0.236352,1.0,0.070862,-0.280569,-0.22447,0.026767,0.149191,0.204336,-0.048608,0.3561,-0.255634,0.07407,0.194642,0.269793,0.482291,0.101385,-0.459683,0.285177,0.227874,0.16764,0.046078,0.13975,0.182834,0.269939,-0.004888,-0.107691,0.103743,-0.020313,-0.166711,0.276512,-0.049205,0.204476,0.051613,0.000315,-0.443565,0.006462,-0.127764,-0.009732,-0.08862,0.072257,0.022868,0.289305,-0.078826,-0.202787,0.470377,-0.230037,0.350095,-0.22347,0.052389,0.150951,-0.01877,0.075563,0.0305,-0.099258,-0.226933,-0.138266,-0.082012,-0.417939,-0.207871,-0.218002,0.196897,-0.076862,-0.440036,-0.231754,0.64229,-0.013587,-0.075295,-0.162137,0.155974,-0.149407,0.192983,0.178238,0.18443,-0.304362,0.042783,-0.169747,-0.192919,-0.02301,0.090446,0.040759,0.331167,-0.276193,-0.279538,0.099922,-0.224223,-0.142797,-0.06395,-0.292139,0.024296,0.243892,-0.111434,-0.304668,-0.192614,0.016365,-0.126392,0.013135,0.139095,0.304086,0.479599,-0.2486,-0.062771,0.058873,-0.030285,0.045813,-0.296936,-0.042366,-0.336834,-0.103012,-0.108555,-0.131045,0.146212,0.308678,-0.187914,0.082708,-0.132156,-0.030523,-0.071328,0.142199,0.373097,-0.421304,-0.00129,-0.272189,-0.467908,0.164018,-0.338633,-0.019911,0.233807,0.4166,-0.23099,-0.016728,0.2245,0.372993,-0.060074,-0.452408,-0.045159,-0.411128,0.223989,0.225437,-0.119626,0.05986,0.081591,-0.166966,-0.20001,-0.127133,0.053001,0.089531,-0.144012,0.12499,-0.156236,-0.099116,-0.212101,-0.279358,0.165085,-0.042406,-0.040051,0.069831,0.186074,-0.131543,-0.263412,-0.20089,-0.066149,0.084126,-0.051654,0.172648,0.202703,0.367431,-0.117284,0.094983,-0.313883,-0.36808,-0.103292,-0.173233,0.04961,0.072699,0.018581,-0.125958,-0.069157,0.09203,0.214224,-0.234646,0.246204,-0.055891,-0.502154,-0.049055,0.124739,-0.199426,0.303516,-0.326622,-0.15009,0.317073,0.119792,-0.242734,-0.040011,0.347221,0.063341,-0.247954,-0.085874,0.110361,0.507784,-0.081248,#
2,-0.033329,0.070862,1.0,0.185624,-0.102789,-0.165277,0.135596,-0.016328,0.02904,0.116267,0.045002,-0.222699,-0.178577,-0.147862,-0.055425,-0.13128,-0.539804,0.3122,-0.223831,0.130069,-0.125199,0.410077,-0.032824,-0.050234,0.415855,-0.10917,0.292293,0.043576,0.191738,-0.211141,0.164997,-0.014396,-0.408062,-0.299732,0.135711,-0.115296,0.000659,0.195536,0.299528,-0.415105,0.202381,0.074048,0.159136,-0.134894,-0.053094,-0.113944,-0.071557,0.619362,0.012291,-0.220352,-0.143993,-0.057267,0.352884,0.072408,-0.278215,-0.055468,-0.056787,-0.21986,-0.006789,0.188949,0.045539,-0.200436,-0.026725,-0.331327,0.035625,-0.137352,0.340472,0.035899,0.083288,0.51311,0.291954,0.318645,0.25869,0.189388,0.257842,-0.104156,0.023738,-0.118464,0.086709,0.083735,0.167641,0.030761,-0.086681,0.386243,-0.184485,0.258825,0.179259,-0.043068,0.084791,0.138614,0.075167,-0.019745,0.386695,0.320519,0.081936,0.062016,0.388197,0.186294,0.251498,0.162776,-0.043143,0.174193,0.07869,0.165613,0.012019,0.353047,0.143646,0.126781,-0.536335,-0.001814,0.611442,-0.146029,0.16557,0.077691,0.298819,0.0379,-0.256323,0.051921,0.229689,0.121795,0.343529,0.162941,0.068274,0.274451,0.191025,0.265952,0.094454,0.111969,-0.073749,0.294988,0.584321,0.160406,0.398442,0.181851,0.050959,-0.03314,-0.400125,0.345589,0.464434,0.280008,0.00317,-0.002688,0.160513,-0.148256,0.003045,0.237759,-0.312725,0.065599,0.385203,0.305093,0.043466,0.056306,0.311487,-0.034822,0.016003,0.247814,0.027008,0.101937,0.304016,0.174205,0.445093,0.220405,-0.144487,0.356801,0.257516,-0.198274,0.017628,-0.080478,-0.184702,0.225697,-0.115225,-0.214787,-0.031775,0.239592,-0.218908,0.081071,0.140153,-0.00605,-0.034105,0.000767,0.251718,-0.013808,-0.303564,-0.132452,-0.254083,0.238096,0.180995,0.16185,0.030573,-0.005028,-0.001067,-0.331284,-0.212926,0.449006,-0.233444,-0.003252,-0.262394,0.297742,0.270256,0.139153,#
3,-0.142169,-0.280569,0.185624,1.0,0.074669,-0.499065,-0.413152,-0.366197,-0.1124,-0.505459,0.091333,-0.27262,-0.346054,-0.389715,-0.366366,-0.289815,0.077931,-0.02572,-0.22678,0.206772,-0.14194,-0.001819,-0.255308,0.146688,-0.041897,0.310723,0.25204,0.254657,-0.050935,-0.415411,0.086894,0.229121,0.061528,-0.121742,0.442005,-0.190609,-0.143919,-0.025448,-0.020933,-0.037331,-0.037966,-0.319527,0.207962,0.268213,-0.209622,0.508777,-0.189693,0.120115,0.08496,-0.341452,-0.173099,0.41891,0.093923,-0.06074,-0.34646,-0.054548,0.485943,0.16276,0.389532,0.240137,-0.295977,-0.032048,0.106636,-0.378654,-0.134604,-0.364096,0.20745,-0.159077,0.040597,0.080907,-0.142173,-0.087581,0.142514,0.049133,0.046694,-0.154322,0.29197,0.282963,0.120313,-0.092546,0.051416,0.691934,0.294351,-0.088587,0.392862,0.367502,0.50034,0.095017,0.062458,-0.09799,0.078208,0.464393,0.34258,-0.124106,0.397504,0.387745,0.568588,0.199711,-0.063974,0.366226,-0.085105,0.167699,0.745516,0.080734,0.586126,0.39316,0.382437,0.021911,0.117633,0.159177,-0.064901,-0.310457,0.357712,0.166079,0.28372,0.014336,0.093348,0.04501,-0.256078,0.408361,0.285863,0.42903,0.516535,0.363489,0.263705,0.324721,-0.09224,-0.209656,0.498406,0.447123,0.212369,0.095024,0.443897,0.061538,0.377662,0.331216,-0.009362,0.289556,-0.067047,0.685875,0.36321,0.13168,0.339616,0.225165,0.453138,0.229487,0.156591,-0.314192,0.440158,0.026752,0.152244,0.430231,0.244118,0.560793,0.03499,0.45409,-0.145764,-0.481544,0.517405,0.277581,-0.13326,0.426653,0.010626,0.077223,-0.215383,-0.261605,0.421322,0.13498,0.18373,0.42654,-0.068438,-0.205917,0.359872,0.375157,-0.451815,0.540679,0.409311,-0.179385,-0.606459,0.4371,-0.304503,-0.117973,0.304819,-0.05565,-0.397941,0.101991,-0.025137,0.135757,0.605574,-0.292253,0.378089,-0.068558,-0.354888,-0.15876,-0.193887,-0.249403,-0.233034,0.118084,0.231598,-0.554544,#
4,0.104184,-0.22447,-0.102789,0.074669,1.0,-0.197986,-0.159034,0.104622,-0.049361,-0.302363,0.184752,-0.16209,0.085973,-0.139612,-0.255626,-0.341032,0.175914,-0.282502,0.117131,-0.333844,-0.3044,-0.291088,0.006274,-0.077134,0.05109,-0.125228,-0.21663,0.21305,-0.31366,0.134284,-0.192005,-0.468514,-0.189466,0.082381,0.007139,0.065415,-0.127976,-0.18194,0.25861,0.502435,0.092681,-0.327722,-0.310758,0.097766,-0.123953,0.306205,-0.101668,0.094367,0.104472,-0.078504,0.064432,0.093499,-0.065736,0.092581,0.176906,-0.081846,-0.020612,0.431306,-0.095159,-0.167404,-0.242291,-0.045035,0.009869,0.038652,-0.206746,0.171212,0.334007,-0.167014,0.335346,-0.186589,0.090686,-0.266712,-0.189133,0.288085,0.138186,0.249275,-0.101202,-0.346065,-0.25086,-0.310649,-0.184477,-0.065731,0.101045,-0.034352,-0.189264,-0.198953,0.10377,0.360004,-0.010994,-0.153717,0.192899,-0.130695,0.295439,-0.238779,-0.258279,0.143126,0.154381,-0.029015,-0.19566,-0.023115,0.162295,-0.067838,0.32411,-0.182464,0.057054,0.14788,0.113637,0.045052,-0.158129,-0.097413,-0.131657,0.200933,0.242596,-0.052289,0.052383,0.045181,0.067409,0.291257,-0.28264,0.278743,-0.161578,0.009619,0.405023,0.061495,0.436261,0.181537,-0.005862,-0.003096,0.131424,0.054635,-0.167031,-0.336423,-0.126505,-0.3654,-0.047596,0.116307,-0.032863,0.039724,-0.071374,0.272411,-0.077858,-0.118625,-0.048111,0.165379,0.017094,-0.354814,-0.412957,0.067275,0.168484,-0.241817,0.043447,-0.002083,-0.313544,-0.162172,0.073832,-0.34491,-0.267228,-0.06963,-0.047663,0.219144,-0.298214,-0.19142,-0.285235,0.130087,0.246027,-0.332935,-0.152799,-0.080212,-0.034534,0.012895,-0.190862,-0.111734,-0.067838,-0.101439,0.275257,0.246423,0.173303,0.530988,-0.061882,0.06507,-0.393552,0.125323,0.279479,0.196275,0.164891,-0.015998,-0.330437,-0.378572,0.177428,-0.179601,-0.080373,0.18465,0.452402,-0.117873,-0.10296,0.372589,-0.005446,0.015929,-0.445492,-0.231137,#
5,0.029314,0.026767,-0.165277,-0.499065,-0.197986,1.0,0.587874,0.665002,0.132804,0.351138,-0.025452,0.255859,0.441062,0.456964,0.276581,0.305738,0.185322,0.265678,0.259242,0.180578,0.245734,0.266326,0.159586,0.087925,-0.217073,-0.06583,0.076201,-0.353306,0.262968,0.066352,-0.030087,-0.021401,0.032771,0.018252,-0.315388,-0.171623,0.198945,0.046216,-0.107573,-0.362777,-0.144794,0.403952,0.181529,-0.179754,-0.065944,-0.630999,0.157363,-0.16287,0.148406,0.139407,-0.261696,-0.097796,0.121022,0.191622,0.452891,0.543486,-0.335249,-0.406332,-0.17085,-0.205709,0.518524,-0.298614,-0.153488,0.537743,-0.036721,0.673902,-0.024329,0.342286,-0.117302,0.000287,-0.007644,0.338741,-0.467006,-0.106043,-0.149837,0.412922,-0.195249,-0.01496,0.283672,0.037289,0.09915,-0.282786,-0.281675,-0.310764,-0.210319,-0.145494,-0.07891,-0.075557,0.021303,-0.254914,-0.13456,-0.310906,-0.425039,0.206232,-0.139882,-0.193544,-0.176566,-0.288018,-0.025382,-0.450189,-0.069475,0.034522,-0.434477,-0.21694,-0.293368,-0.241677,-0.342762,-0.024251,0.185969,-0.35941,-0.049112,0.081924,-0.393466,-0.342551,0.19489,-0.045476,-0.39702,-0.067559,0.246333,-0.453125,0.006615,-0.691192,-0.257921,-0.73678,-0.174809,-0.017115,-0.174958,-0.077325,-0.182792,-0.255257,-0.173668,-0.062032,-0.26487,0.123316,-0.252478,-0.178702,0.22192,-0.522941,-0.059501,-0.566279,-0.1653,0.051703,-0.201816,-0.231977,-0.370445,-0.166739,0.171947,0.21934,-0.155999,-0.162994,0.098532,0.016633,-0.04541,-0.045211,-0.046249,-0.382825,0.378106,0.469,-0.260099,-0.226412,0.244503,-0.149743,-0.368099,-0.179208,0.215203,0.364623,0.096131,0.104093,-0.042365,0.306805,0.128277,0.031157,-0.215146,-0.13949,0.415988,-0.34578,-0.054638,-0.300301,0.404927,-0.240503,0.448704,0.321278,-0.069855,-0.038054,0.35099,0.243976,-0.027808,0.126113,-0.357285,0.127883,-0.194626,-0.111853,0.20382,-0.277633,-0.253862,-0.038826,0.343856,-0.107342,-0.371703,0.335624,#
6,0.027093,0.149191,0.135596,-0.413152,-0.159034,0.587874,1.0,0.693664,0.299531,0.509124,-0.007013,0.217219,0.491302,0.281879,0.05555,-0.002451,-0.080775,0.041875,0.103375,-0.074299,0.026263,0.487802,0.040679,0.174945,0.128594,-0.133858,0.326909,-0.038835,0.480174,0.124554,-0.317974,-0.163961,0.016394,-0.130712,-0.116493,-0.010474,-0.124551,0.115558,0.023887,-0.432794,0.123771,0.217932,0.223892,-0.314375,-0.076057,-0.489031,-0.000571,-0.263266,0.006039,0.340198,-0.11676,-0.149186,0.140019,0.043021,0.277737,0.37569,-0.216373,-0.501614,-0.221083,0.233664,0.340157,0.034885,-0.160428,0.270561,0.012855,0.387062,0.107869,0.269739,0.150285,0.057872,0.25578,0.254059,-0.35222,-0.088461,0.011057,0.227235,-0.042344,0.073795,0.059354,0.009292,-0.091195,-0.247267,-0.320643,-0.105707,-0.238833,0.201559,-0.063503,-0.191522,0.350144,-0.139698,-0.011068,-0.470856,-0.280169,0.025533,0.125019,-0.20321,0.036602,-0.075021,0.094285,-0.635879,0.033001,0.12862,-0.375594,-0.106046,-0.375734,0.095019,-0.329762,-0.294582,-0.033261,-0.335998,-0.209979,-0.017474,-0.326763,-0.385122,0.052163,-0.276291,-0.289074,0.294266,0.079555,-0.195325,0.093064,-0.488585,-0.051466,-0.591116,-0.306616,-0.115661,0.173608,0.107127,-0.261054,-0.139992,-0.176159,-0.116617,-0.404312,0.107598,-0.043673,-0.061265,0.27348,-0.378167,-0.09963,-0.349617,-0.049365,-0.252964,-0.285406,-0.15385,-0.291943,-0.200398,-0.065207,0.16753,-0.088332,-0.026146,0.123938,0.028959,0.090052,-0.090846,0.057228,-0.428354,-0.00114,0.161944,-0.105704,-0.114474,-0.155479,-0.216025,-0.251796,0.068587,0.300569,0.253779,0.194184,0.253949,-0.194809,0.381624,0.191815,-0.07386,-0.093517,0.128933,0.561841,-0.245739,0.26546,-0.122204,0.554095,-0.427167,0.360021,0.642654,0.043471,-0.396874,0.16148,0.076548,-0.090015,0.193162,-0.266647,0.274741,-0.257928,-0.159337,0.24755,-0.071005,-0.130773,0.09533,-0.029977,-0.021101,-0.278547,0.251822,#
7,0.108797,0.204336,-0.016328,-0.366197,0.104622,0.665002,0.693664,1.0,0.030193,0.429743,0.077487,0.145553,0.791105,0.561773,0.1568,0.148451,0.039412,0.144521,0.422799,0.044042,0.134263,0.37832,0.100966,0.132062,0.058882,-0.204336,-0.005696,-0.116031,0.184529,0.306434,-0.052876,-0.103758,0.124629,0.061914,-0.383937,0.104787,-0.044326,0.023281,-0.03898,-0.288845,0.078374,0.310628,0.095111,-0.011181,-0.169027,-0.588437,0.079897,-0.234509,0.06449,0.105589,-0.288712,0.166471,0.327517,0.135942,0.364084,0.291918,-0.369031,-0.255489,-0.173257,0.032182,0.418006,0.015134,-0.232499,0.334735,-0.085493,0.465234,0.043981,0.274491,0.154112,-0.085484,0.357629,0.320295,-0.644362,-0.190044,-0.06051,0.322194,-0.109422,0.030891,0.167527,-0.256707,0.185969,-0.356917,-0.400968,-0.014096,-0.509133,-0.056607,0.019486,0.068948,0.099427,-0.421535,-0.069857,-0.573635,-0.347006,0.113229,-0.202014,-0.101558,-0.065323,-0.175975,0.154968,-0.738332,0.09464,0.082731,-0.121347,-0.388386,-0.119322,0.029813,-0.429161,-0.169503,-0.06948,-0.442369,-0.129853,0.341973,-0.446755,-0.258984,0.113866,-0.16971,-0.338236,0.030241,0.160269,-0.318484,-0.17451,-0.745378,-0.151158,-0.655853,-0.236101,-0.067755,0.099815,0.198761,-0.22166,0.036871,-0.267794,0.009243,-0.334607,0.017435,-0.326865,-0.116768,0.246717,-0.444177,-0.024345,-0.264299,-0.104246,0.044121,-0.352465,-0.136936,-0.034912,-0.158243,-0.342703,0.190896,-0.217001,-0.301051,-0.18502,-0.073283,-0.165699,-0.16552,-0.105014,-0.508436,0.11451,0.224411,-0.296962,-0.166931,-0.066737,-0.084021,-0.30524,0.1188,0.375149,0.20158,0.145887,0.008452,-0.245564,0.34291,-0.180279,-0.097974,-0.150761,-7.2e-05,0.481444,-0.393956,0.209107,-0.017224,0.47211,-0.340104,0.294748,0.581736,-0.013521,-0.127497,0.460936,0.149662,0.201449,-0.150109,-0.220288,0.396442,-0.225691,-0.235071,0.562145,-0.175408,-0.436993,-0.145902,0.252944,0.043167,-0.217258,-0.004801,#
8,-0.274142,-0.048608,0.02904,-0.1124,-0.049361,0.132804,0.299531,0.030193,1.0,0.277565,-0.066108,0.070734,0.009424,0.135842,0.295002,-0.109441,-0.104876,0.255088,-0.192681,-0.106824,-0.24438,0.39903,0.121224,0.381885,0.116022,0.329427,0.262983,0.326847,0.143102,0.011864,-0.079624,-0.332452,-0.104515,-0.10506,0.110024,-0.009467,-0.218203,-0.235143,0.473882,-0.19248,0.186543,-0.215992,-0.167103,-0.055068,0.316559,-0.026587,-0.115914,0.230329,0.118978,0.156167,0.03069,-0.221126,-0.21373,0.164519,-0.088719,0.511973,0.129963,-0.315365,-0.171736,0.252708,-0.07467,-0.026944,0.056744,0.14384,0.074487,0.127289,0.049686,0.17426,0.2132,0.236112,0.101544,0.172053,0.132082,0.162832,0.034824,-0.199882,-0.041963,-0.104813,-0.039757,-0.114465,0.054825,0.009039,-0.213563,0.028107,0.039874,0.364136,0.346885,-0.086702,0.02537,-0.116323,0.424554,0.088779,-0.032948,0.51042,0.189172,0.024743,-0.004611,-0.105423,-0.276607,-0.30259,0.30274,0.37089,-0.05735,0.482801,-0.186446,-0.119225,0.028963,-0.013296,-0.137096,-0.213644,-0.125038,-0.289061,-0.006386,-0.395483,0.088466,0.088639,0.086516,0.201323,0.335396,-0.055453,0.278046,-0.172534,0.17899,-0.137096,-0.034869,-0.086406,0.191895,-0.075663,-0.284633,-0.309629,-0.110238,0.206857,-0.376854,-0.029199,0.033035,0.152957,0.220808,-0.109525,-0.286513,-0.13303,0.171366,-0.166104,-0.201305,-0.191591,-0.403815,-0.433723,0.089357,0.128534,0.107636,0.136938,0.294102,-8.6e-05,0.228923,-0.107689,0.200845,-0.271753,0.19409,0.214451,-0.094885,0.265931,-0.153496,0.23996,0.214488,0.040612,-0.134132,0.213054,0.073806,0.011455,-0.234966,0.247075,-0.064588,-0.222019,0.17052,0.352695,0.188071,0.019489,-0.283957,-0.052957,0.352963,-0.358711,0.170183,0.209279,-0.21053,-0.386122,-0.085497,0.082044,-0.243404,0.102035,-0.365294,-0.270543,-0.372554,-0.163466,-0.002119,0.029868,0.000841,0.330307,-0.072822,-0.070545,-0.161308,0.165138,#
9,-0.083722,0.3561,0.116267,-0.505459,-0.302363,0.351138,0.509124,0.429743,0.277565,1.0,-0.294437,0.126678,0.41309,0.669474,0.341496,0.385009,-0.350621,0.366354,0.083031,0.006711,-0.202797,0.475871,0.342745,0.342396,0.235551,-0.060247,0.131352,-0.124761,0.18338,0.495632,0.038042,0.277749,0.319899,-0.174981,-0.376465,0.233094,0.018427,-0.010107,0.084559,-0.443325,0.078363,0.272761,0.049038,0.031573,0.218685,-0.594341,0.197213,0.007871,-0.15269,0.427229,0.067391,-0.10439,0.093073,-0.193207,0.120445,-0.023166,-0.187342,-0.401056,-0.233966,0.058607,0.554528,0.166551,-0.390063,0.046886,-0.033436,0.331958,-0.172854,0.401799,-0.262772,0.227654,0.10888,0.480074,-0.200978,-0.233165,-0.027778,0.161109,-0.084139,-0.163932,-0.108628,-0.049979,0.130732,-0.525137,-0.591912,0.261868,-0.328921,-0.002084,-0.186073,-0.018875,0.278923,-0.179576,-0.14869,-0.271546,-0.442144,0.441893,0.083923,-0.197018,-0.255682,-0.204971,0.147641,-0.513574,-0.015768,-0.04096,-0.27454,0.068046,-0.112266,-0.182071,-0.490474,-0.00924,-0.167178,-0.4756,0.043419,0.371327,-0.231555,-0.287518,-0.143695,-0.309279,-0.414782,-0.046698,0.561348,-0.63857,0.034833,-0.387027,-0.02711,-0.41641,-0.467099,-0.038408,0.27488,0.214806,-0.212233,-0.363269,-0.189561,0.315687,-0.301945,-0.221048,-0.506916,-0.43158,0.137104,-0.356283,0.15368,-0.504051,-0.029407,0.015611,-0.43995,-0.355197,-0.328925,0.073605,0.06167,0.254167,-0.312897,-0.138195,-0.236038,-0.259686,-0.001822,-0.338795,-0.111491,-0.343512,0.208941,0.266681,-0.243925,-0.131505,0.108107,-0.15865,-0.086004,0.266821,0.499667,0.657473,-0.326152,0.072054,-0.492144,0.031982,-0.067589,-0.049644,-0.243265,0.087469,0.422158,-0.425414,-0.190996,0.039195,0.75559,-0.595521,0.484463,0.120017,-0.608997,-0.310218,0.321483,-0.156896,0.310884,-0.015302,-0.650278,0.118557,-0.07781,-0.056663,0.244589,0.487899,-0.122887,-0.047998,-0.032254,-0.019964,0.251803,0.291689,#
10,0.129328,-0.255634,0.045002,0.091333,0.184752,-0.025452,-0.007013,0.077487,-0.066108,-0.294437,1.0,-0.332184,0.058285,-0.325232,-0.281335,-0.155934,-0.15977,-0.306584,-0.055965,-0.168809,-0.014053,-0.128423,-0.188553,0.138409,0.071589,0.06475,-0.201621,0.061848,-0.015938,-0.233973,0.310991,-0.060579,-0.360926,-0.339884,0.235021,-0.132854,0.487316,0.209651,0.089267,0.10121,-0.052546,-0.208131,0.081926,-0.065596,0.005718,-0.135758,-0.359755,0.0857,0.016645,-0.11304,-0.31791,0.276524,-0.002138,0.206787,0.210766,0.302081,-0.415069,0.265818,-0.086537,0.023318,-0.210476,-0.058674,0.098786,0.013952,0.097981,-0.117842,0.164075,-0.13845,0.328467,0.117828,0.366497,-0.306036,-0.187392,0.272575,-0.192818,0.341604,0.045725,0.045456,0.042091,-0.182675,0.091116,0.255364,0.082174,0.090967,-0.010452,-0.052201,0.258823,-0.021824,-0.00608,0.036473,0.022906,0.017572,0.111022,-0.103418,-0.114776,0.284877,-0.00506,-0.043002,0.145524,-0.016291,-0.032814,-0.09161,0.168365,-0.391717,0.041678,-0.165652,-0.200035,0.244572,0.094403,0.184863,0.021809,-0.155934,-0.246572,0.063656,0.20248,-0.124905,0.071457,-0.335332,-0.13945,0.244038,-0.347194,-0.013585,0.109344,0.065504,-0.081159,-0.04131,0.153132,0.142983,-0.047199,0.040719,-0.042963,-0.185962,-0.160707,0.260402,0.113949,0.294534,-0.269468,0.014566,-0.006056,0.112162,0.096945,0.353949,-0.071442,-0.077777,0.319132,0.047686,-0.144603,0.141275,0.32916,0.072513,0.187153,0.321734,-0.012906,0.006785,0.044556,-0.016291,-0.225319,-0.102442,0.138779,0.013429,-0.07409,0.16687,-0.070014,0.350903,0.130591,-0.185512,0.195693,-0.082912,-0.030739,0.195855,0.308926,0.160905,0.299929,0.047047,-0.060846,0.068142,0.330485,0.039699,-0.239438,0.219176,-0.003094,0.117502,0.082446,0.173371,-0.021195,0.205733,-0.165468,-0.039126,-0.015155,0.272906,-0.107689,0.178177,0.257531,-0.511546,0.05057,0.188645,0.14699,0.152864,-0.135734,-0.086198,#
11,0.050102,0.07407,-0.222699,-0.27262,-0.16209,0.255859,0.217219,0.145553,0.070734,0.126678,-0.332184,1.0,0.122192,0.328664,-0.047479,-0.026805,0.170803,-0.025284,0.127329,-0.149773,0.342813,-0.057936,0.038888,0.067155,0.260583,0.097584,-0.19771,-0.18149,-0.155648,-0.139921,-0.128341,-0.129438,0.019839,0.144782,-0.298407,0.128736,-0.237276,0.049615,0.080639,-0.077083,-0.133874,0.35137,-0.260718,-0.330293,-0.014456,0.128198,0.106997,-0.241798,-0.134825,0.11436,0.130474,-0.273938,-0.119849,0.412938,-0.182625,0.149414,-0.328175,-0.101168,-0.186915,0.181419,0.034968,-0.15294,0.01518,0.119131,-0.120906,0.185882,0.007417,-0.133696,0.004836,-0.295959,-0.15426,0.095445,-0.018096,0.051833,-0.277213,-0.281365,-0.394362,-0.04682,-0.176492,0.19215,-0.104134,-0.098988,-0.072761,-0.28071,0.02782,-0.438618,-0.261854,0.206285,-0.147903,0.164347,-0.010952,-0.349154,-0.307921,-0.085937,-0.077879,-0.296863,-0.309249,-0.102574,-0.346193,-0.159412,0.397423,0.089301,-0.336534,-0.014881,-0.05548,0.180447,0.030397,0.305006,0.166718,-0.050339,-0.262796,-0.026805,-0.249118,-0.261318,0.153549,0.109627,0.205007,0.211919,0.041155,-0.0881,0.161529,-0.307578,-0.112559,-0.080131,-0.024659,-0.137849,0.201538,0.033674,0.0497,-0.232589,-0.281766,0.011144,-0.334191,0.267715,-0.086274,-0.099542,0.271559,-0.237328,-0.193662,-0.109939,-0.292114,0.009409,-0.122071,0.118756,-0.322792,-0.039645,-0.070129,0.072243,-0.159383,-0.111203,-0.063996,0.336142,-0.309441,0.17796,0.147845,0.165061,0.0495,0.251138,-0.154277,-0.224149,-0.184544,-0.17902,0.057364,-0.356157,-0.121367,0.178871,0.010921,-0.013707,0.269975,-0.00849,-0.116872,0.453436,-0.111069,-0.410891,0.089773,-0.259578,-0.174933,-0.007873,0.084491,-0.071167,-0.10007,-0.072462,-0.043701,-0.156316,0.214854,0.231163,-0.139001,0.196263,0.195708,0.081064,-0.167233,0.491923,-0.03887,0.071653,-0.028387,-0.159894,0.383418,-0.496002,-0.253823,0.069722,#
12,0.271965,0.194642,-0.178577,-0.346054,0.085973,0.441062,0.491302,0.791105,0.009424,0.41309,0.058285,0.122192,1.0,0.549093,0.178674,0.162967,0.055915,-0.010497,0.239318,0.060613,0.110371,0.172956,0.329863,0.088673,-0.143952,-0.429681,-0.218461,-0.099324,0.03243,0.26768,0.090843,0.055241,0.277522,0.073155,-0.358235,0.301871,0.16752,-0.13629,-0.261822,-0.075202,0.050555,0.318224,0.13414,-0.014904,-0.19428,-0.515858,0.076409,-0.205336,0.105867,0.097715,-0.252056,0.104703,0.341718,0.16002,0.357202,0.285837,-0.336716,-0.275453,-0.116915,0.022406,0.408753,0.280574,-0.205809,0.325243,-0.093092,0.216095,-0.13153,0.278396,0.137365,-0.094206,0.375609,0.034728,-0.640724,-0.388358,-0.217244,0.317155,-0.114128,0.041936,0.011457,-0.239203,-0.013609,-0.357504,-0.221818,-0.169015,-0.33556,-0.058943,-0.023787,0.03074,-0.106399,-0.413466,-0.251506,-0.577442,-0.538973,0.118904,-0.243078,-0.306193,-0.221792,-0.199692,-0.077942,-0.564205,0.081336,-0.162295,-0.163889,-0.183428,-0.15877,-0.136122,-0.433834,-0.206087,-0.061919,-0.446035,-0.105027,0.309141,-0.444261,-0.245862,-0.100958,-0.383728,-0.087778,-0.167794,-0.048726,-0.316554,-0.164807,-0.565853,-0.194706,-0.65215,-0.235375,-0.29989,0.074432,0.52522,-0.279373,0.047957,-0.250362,0.025552,-0.491108,0.018535,-0.32744,-0.183887,0.257804,-0.436257,-0.286284,-0.268001,0.091727,0.198149,-0.342596,-0.139298,-0.02824,0.082507,-0.336997,0.188714,-0.21128,-0.491358,-0.394651,-0.274494,-0.150551,-0.150342,-0.145295,-0.498266,0.104539,0.253643,-0.281739,-0.183428,-0.039849,-0.26588,-0.06032,0.071677,0.144425,0.174037,-0.034343,-0.0214,-0.237703,0.162385,-0.195521,-0.12342,-0.397324,-0.039832,0.284686,-0.43608,0.039956,0.179214,0.273105,-0.549349,0.316124,0.422377,0.000145,0.028383,0.252776,-0.073106,0.226938,-0.139653,-0.19289,0.420569,-0.269584,-0.080741,0.55281,-0.153154,-0.202479,-0.003788,0.047783,-0.118073,-0.016927,0.010003,#
13,0.225684,0.269793,-0.147862,-0.389715,-0.139612,0.456964,0.281879,0.561773,0.135842,0.669474,-0.325232,0.328664,0.549093,1.0,0.383314,0.463326,-0.129371,0.21475,0.38267,-0.120618,0.161973,0.245667,0.467521,0.25844,0.103862,0.004201,0.038435,-0.26538,0.152065,0.415415,0.110916,0.183261,0.335854,-0.046221,-0.550164,0.300234,-0.012093,-0.356212,-0.029498,-0.325931,-0.013384,0.391179,-0.026828,0.167475,0.090729,-0.401694,0.239315,-0.232489,-0.260455,0.26122,-0.019479,-0.063401,0.208788,0.09507,0.245043,0.131913,-0.265339,-0.289589,-0.216526,0.149117,0.65595,0.132064,-0.245383,0.151449,-0.020546,0.458718,-0.304358,0.472341,-0.430487,-0.233814,-0.169765,0.487953,-0.483182,-0.252399,-0.3412,0.250299,-0.394985,-0.253815,-0.274873,-0.198857,0.122465,-0.551731,-0.548481,0.093257,-0.463088,-0.318386,-0.204648,0.07625,-0.029063,-0.473463,-0.077111,-0.439575,-0.551055,0.247817,-0.156914,-0.353309,-0.452267,-0.221907,-0.186069,-0.483189,0.28843,-0.137658,-0.310003,-0.220277,-0.030619,-0.315056,-0.331095,0.241589,0.011851,-0.480875,-0.156428,0.463326,-0.443317,-0.412342,0.141707,0.064144,-0.489877,-0.222692,0.335099,-0.509207,-0.250503,-0.491038,-0.040118,-0.491799,-0.359177,-0.172142,0.132766,0.029391,-0.349945,-0.253261,-0.345637,0.197955,-0.334576,-0.232307,-0.696447,-0.539911,0.330722,-0.45198,0.010348,-0.503774,-0.125563,0.092078,-0.357537,-0.291006,-0.3928,-0.121667,0.051767,0.381577,-0.548254,-0.445606,-0.283116,-0.287939,-0.299069,-0.306345,-0.022489,-0.275561,0.361335,0.373335,-0.382005,-0.220277,0.081269,-0.089763,-0.162424,-0.267074,0.185708,0.37837,-0.441946,0.091231,-0.362402,-0.07299,-0.288285,-0.00611,-0.346075,-0.156611,0.238086,-0.327038,-0.323996,0.063559,0.57944,-0.41873,0.346844,0.13673,-0.359695,0.015908,0.646556,0.15186,0.363218,-0.283987,-0.372432,0.312868,-0.28227,-0.006891,0.374424,0.138473,-0.441202,-0.151841,0.27404,-0.292218,0.012723,0.156472,#
14,-0.197491,0.482291,-0.055425,-0.366366,-0.255626,0.276581,0.05555,0.1568,0.295002,0.341496,-0.281335,-0.047479,0.178674,0.383314,1.0,0.295899,-0.235249,0.492754,0.360992,0.108053,0.130412,0.152699,0.248113,0.062495,-0.140568,0.042699,-0.143082,0.063115,0.066551,0.219417,-0.1062,0.032335,-0.20749,0.321594,-0.425344,0.039336,-0.215309,0.019804,0.018576,-0.132073,0.083878,0.299108,-0.01929,0.247119,0.551065,-0.256652,0.16278,0.080436,0.371832,-0.1258,0.186265,-0.046521,-0.13255,-0.310754,0.116723,0.208975,0.085409,-0.367961,-0.206742,-0.227185,0.272409,0.009079,-0.131304,0.297719,0.370112,0.164718,-0.370571,0.056127,-0.152395,0.067218,0.20458,0.312743,0.162891,-0.229571,-0.047576,-0.225846,0.05116,0.125381,0.039843,0.080459,0.117015,-0.361296,-0.29999,0.106049,-0.213071,-0.026288,-0.033564,-0.146983,-0.07014,0.102722,0.128106,-0.122239,-0.158834,0.45049,-0.047202,-0.05352,-0.081893,-0.050043,0.046974,-0.216249,0.06924,-0.151441,-0.265933,0.139837,-0.409426,-0.391534,-0.359756,0.013144,-0.10672,-0.153019,0.049742,0.282299,-0.199507,0.004707,-0.182812,0.013941,-0.091786,-0.049198,0.49331,-0.407805,0.107179,-0.254939,-0.516887,-0.10672,-0.450582,-0.333866,-0.068961,0.261099,-0.529217,-0.070306,-0.052581,0.263479,-0.284538,-0.352934,-0.341152,-0.338791,0.460811,-0.068174,-0.233301,-0.365208,-0.14363,-0.258513,-0.155108,-0.167281,-0.126133,-0.051872,0.120331,-0.061184,-0.119443,0.004253,-0.297989,-0.429547,0.111922,-0.222708,-0.028116,-0.254664,0.362645,0.189008,-0.145636,-0.268545,0.032423,0.108968,0.238002,-0.001648,-0.022354,0.426913,-0.230967,-0.096444,-0.199329,-0.244949,-0.112322,-0.108632,-0.151441,0.132973,0.290488,-0.023006,-0.241247,0.031996,0.457089,-0.30121,0.468828,0.128888,-0.490104,-0.12223,0.234132,-0.029437,0.335796,-0.13327,-0.262516,0.132692,-0.159945,-0.274466,0.166121,0.170428,0.045905,-0.078181,0.241562,0.045346,0.298905,0.03534,#
15,0.170004,0.101385,-0.13128,-0.289815,-0.341032,0.305738,-0.002451,0.148451,-0.109441,0.385009,-0.155934,-0.026805,0.162967,0.463326,0.295899,1.0,-0.087599,0.320477,0.400142,0.092129,0.146283,-0.123844,0.380904,-0.113485,-0.140601,-0.025797,0.075915,0.042809,0.094045,0.31402,0.400747,0.152913,0.345127,-0.075439,-0.029602,-0.140413,0.410949,0.106666,-0.05122,-0.140446,0.108057,0.263748,0.171266,0.230831,0.124205,-0.287123,0.04265,-0.121493,-0.097735,0.235827,0.353726,0.068479,0.108334,-0.094195,0.286596,-0.007239,-0.195557,-0.40675,-0.255676,0.032044,0.361197,-0.002597,-0.42392,0.211452,0.037331,0.16302,-0.265029,0.262347,-0.505826,0.250735,-0.138199,0.248265,-0.22622,-0.13442,-0.184258,0.221687,0.049989,-0.080018,0.10736,0.135971,0.410916,-0.284047,-0.037444,0.406393,-0.092146,-0.174176,-0.275298,-0.02633,-0.027554,-0.105722,0.019835,0.107022,-0.138674,0.327631,0.036537,-0.022654,-0.314683,-0.647819,0.07273,-0.098086,-0.209767,-0.134513,-0.328202,-0.077209,-0.072755,-0.286774,-0.006244,0.092073,0.310397,0.10988,0.034524,0.21289,-0.205131,-0.224872,0.196291,0.040325,-0.229354,-0.463546,0.25033,-0.409895,-0.311614,-0.116187,-0.103827,-0.230254,-0.375233,0.078177,-0.033034,0.000462,-0.319088,-0.311397,-0.030291,0.263789,-0.000833,0.079922,-0.283888,-0.349335,-0.027778,-0.08265,0.047024,-0.551242,0.089115,0.275338,0.068662,-0.013943,-0.100791,0.044754,0.351105,0.283739,-0.269853,-0.424913,-0.054095,-0.156241,0.081152,-0.094614,0.135378,-0.007593,0.174731,0.328172,-0.34793,-0.077209,0.302671,-0.184389,-0.035498,-0.24434,0.09714,0.121971,-0.184271,0.118109,-0.037211,-0.182594,0.197986,0.102309,-0.134513,-0.33522,-0.008448,-0.133577,-0.107494,0.129768,0.355099,-0.327889,0.228863,-0.088347,-0.211167,0.207548,0.414772,-0.254405,0.441913,-0.003377,-0.457507,0.101771,-0.028166,-0.093134,0.174416,0.104155,-0.176163,-0.283022,0.220929,-0.207478,0.039608,0.320653,#
16,-0.075949,-0.459683,-0.539804,0.077931,0.175914,0.185322,-0.080775,0.039412,-0.104876,-0.350621,-0.15977,0.170803,0.055915,-0.129371,-0.235249,-0.087599,1.0,-0.202131,0.016507,-0.014494,0.018129,-0.426184,-0.068494,-0.25122,-0.449302,-0.132032,-0.215019,-0.066592,0.062922,-0.063431,-0.258021,-0.144573,0.17042,0.440486,0.101414,0.23113,-0.125185,-0.130516,-0.338295,0.356664,-0.182919,-0.22256,0.052983,0.047279,-0.363562,0.209168,-0.198636,-0.120646,0.191727,0.018194,0.011469,0.107524,-0.013646,-0.023683,0.010458,0.073896,0.290712,0.273858,0.290072,-0.102459,-0.217922,0.133302,0.396387,0.082657,-0.288216,0.20281,-0.057531,0.038555,0.053752,-0.227026,-0.276283,-0.300747,-0.271407,-0.0852,0.194934,0.101703,0.081452,0.03701,0.152591,0.202404,-0.259336,0.242459,0.215096,-0.440915,0.323669,0.019799,-0.104699,0.296644,-0.161606,-0.167122,-0.125174,0.311517,-0.023298,-0.232314,-0.002691,-0.138241,-0.125937,-0.119942,-0.228513,-0.02383,0.092588,-0.023411,0.005741,0.032916,0.049509,0.152841,0.342686,-0.370434,0.24516,0.08599,-0.326789,-0.122015,0.294996,0.032138,-0.206902,-0.084635,0.209039,0.200648,-0.355624,0.1524,0.075491,-0.002378,0.069855,-0.276247,0.130136,-0.187998,-0.495055,-0.377238,0.145291,-0.139682,-0.293156,-0.194042,0.051593,0.275965,0.212965,0.167379,0.101009,-0.373558,-0.176962,-0.000389,-0.038281,-0.053415,0.006704,0.420276,0.219121,-0.155212,0.021097,-0.248566,-0.122906,-0.187223,0.048712,0.058993,-0.180137,0.171629,-0.369018,-0.061949,-0.190786,0.110133,-0.032865,0.237712,-0.142502,-0.090426,0.073674,-0.333907,-0.197061,-0.050297,0.295743,-0.209926,0.379858,0.118363,-0.04873,0.131113,-0.231034,-0.203488,0.087956,-0.195872,-0.01764,-0.053773,-0.255034,0.075606,-0.551151,0.022553,0.585671,0.030666,-0.091527,0.0213,-0.126518,0.105039,0.37616,-0.304654,0.038746,0.103462,0.016775,-0.3341,0.142122,-0.02099,0.093021,-0.076948,-0.389086,-0.182235,#
17,-0.484427,0.285177,0.3122,-0.02572,-0.282502,0.265678,0.041875,0.144521,0.255088,0.366354,-0.306584,-0.025284,-0.010497,0.21475,0.492754,0.320477,-0.202131,1.0,0.149965,0.47888,-0.194673,0.352424,0.236247,0.190944,0.163878,0.181187,0.082421,0.067062,-0.12517,-0.131817,0.122066,0.102942,-0.001203,-0.05748,-0.278476,-0.142458,-0.051945,0.043415,0.027585,-0.346621,-0.109758,0.064945,0.182804,0.185549,0.193857,-0.272185,0.091893,0.453809,0.170953,-0.140835,0.002945,0.033846,0.055589,0.013308,-0.142047,0.164367,0.065697,-0.387165,-0.124334,-0.24299,0.062376,-0.426193,-0.33233,0.187859,0.059192,0.255741,-0.057297,0.105831,0.007821,0.47385,0.207966,0.461119,0.168961,-0.236543,0.257757,-0.202821,0.22685,-0.0578,0.406639,-0.020915,0.491517,-0.055343,-0.294263,0.273204,-0.025874,0.286422,0.276808,-0.083573,-0.034508,0.117107,0.127998,0.075889,0.021054,0.809088,0.014076,-0.030317,0.264731,-0.207827,0.290494,-0.036895,-0.133738,0.234647,0.075113,0.367542,-0.15741,0.121983,-0.007118,-0.133955,-0.103107,-0.25344,0.302955,0.131511,0.114798,-0.179489,0.056743,0.176532,-0.088051,-0.02307,0.705698,-0.572256,0.330101,-0.389108,-0.184588,-0.103107,-0.012669,0.12438,-0.064343,0.002699,-0.028337,-0.064724,0.159737,0.451471,0.08278,-0.011856,0.002258,-0.152569,0.009182,-0.062572,0.010414,-0.02462,0.068531,-0.011788,-0.14955,-0.345291,-0.068373,0.062338,0.126047,0.125629,0.243352,0.014877,-0.256709,-0.082011,0.158285,-0.036508,0.02013,-0.049148,0.132026,0.384856,0.065089,0.14784,0.239574,0.444836,-0.159111,0.228268,0.236184,0.44007,0.135121,-0.23879,-0.195749,0.123955,-0.166327,-0.395097,0.031659,0.156644,0.11995,-0.007798,-0.067165,-0.268033,0.292569,-0.29385,0.313211,-0.221164,-0.49304,-0.128053,0.058421,-0.185874,0.359558,0.236785,-0.248377,-0.19229,0.354133,-0.407767,-0.020656,0.209215,-0.287621,-0.276176,0.069535,0.070127,0.343772,0.037743,#
18,0.13371,0.227874,-0.223831,-0.22678,0.117131,0.259242,0.103375,0.422799,-0.192681,0.083031,-0.055965,0.127329,0.239318,0.38267,0.360992,0.400142,0.016507,0.149965,1.0,-0.087802,0.358265,-0.055194,-0.05016,-0.028223,0.032864,0.14741,-0.002641,0.078229,-0.105338,0.312963,-0.089808,-0.00328,-0.079962,0.280778,-0.361722,-0.149848,-0.114383,0.07973,-0.056548,-0.068217,0.310239,0.425826,-0.078943,0.487707,0.237529,-0.003059,0.061542,-0.230675,-0.115105,-0.221975,0.098615,0.276957,0.215394,-0.159678,0.418259,0.02286,-0.254091,0.042664,-0.242731,-0.069148,0.242509,-0.015324,-0.057401,0.335229,0.08814,0.436656,-0.334911,-0.044302,-0.179644,-0.270305,0.102198,0.059278,-0.328759,0.126216,0.051304,-0.02696,-0.063312,0.040417,0.06524,-0.089787,0.070465,-0.203663,-0.198595,0.141356,-0.145972,-0.295973,-0.161364,0.077359,0.130168,0.041499,-0.124283,-0.216875,0.006674,-0.058019,-0.204696,0.142796,-0.063758,-0.206818,0.185549,-0.155208,0.191821,-0.17429,-0.079644,-0.44003,-0.090514,0.190162,-0.131641,0.117265,0.219599,-0.097296,-0.2966,0.366684,-0.143456,-0.078635,0.068299,0.351732,-0.04921,-0.018013,0.060364,-0.1186,-0.174937,-0.170704,-0.195851,-0.151816,-0.19036,-0.011632,0.129338,0.05329,-0.256755,0.073944,-0.238824,0.036111,-0.131538,-0.129469,-0.313825,-0.103958,0.244838,-0.2481,-0.061621,-0.270391,-0.526653,-0.111851,-0.153866,0.133227,0.008381,-0.196837,-0.04978,-0.077074,-0.378752,-0.543169,-0.283691,-0.057449,-0.330506,-0.132504,0.161139,-0.324215,0.173889,0.01594,-0.355211,-0.460803,-0.217612,0.050036,-0.049718,-0.157596,0.192627,0.057364,-0.047883,0.089237,0.232103,-0.250772,0.059979,0.285986,-0.138,-0.03232,0.318863,0.02525,0.252623,0.041868,0.314692,0.006152,-0.035566,0.195225,-0.010203,0.104701,0.690498,0.023121,0.460651,-0.203748,-0.052,0.274978,0.064969,-0.134756,0.625446,-0.178603,-0.321283,-0.334576,0.70458,-0.18942,-0.171325,-0.058821,#
19,-0.217299,0.16764,0.130069,0.206772,-0.333844,0.180578,-0.074299,0.044042,-0.106824,0.006711,-0.168809,-0.149773,0.060613,-0.120618,0.108053,0.092129,-0.014494,0.47888,-0.087802,1.0,0.175976,0.31097,-0.081628,-0.040609,-0.273714,-0.144303,0.106537,-0.279729,-0.116027,-0.219163,0.371033,0.365919,0.185747,0.275488,0.015571,-0.260155,0.174256,0.178921,-0.334381,-0.228384,0.017859,0.185415,0.020638,-0.043779,-0.041708,-0.404715,0.332599,0.195157,0.294351,-0.476151,-0.355182,-0.033929,0.398403,-0.213253,-0.218524,-0.02663,0.090905,-0.224373,0.261196,-0.322682,0.150964,-0.320489,-0.165506,0.098662,0.080447,-0.010001,-0.238756,0.000535,0.187636,0.335267,0.109996,0.335858,0.250226,-0.434925,0.184504,-0.247044,0.430459,0.459975,0.795399,0.026105,0.396881,0.065928,0.020346,-0.098505,0.319202,0.360455,0.23094,-0.242576,0.023425,0.038696,-0.092138,0.307936,-0.025066,0.30374,0.002884,0.181301,0.356208,0.22169,0.388564,0.310382,-0.632116,0.158372,0.340603,0.26628,0.2488,0.15052,0.035949,-0.289887,-0.023755,-0.383539,0.501974,-0.099147,-0.049324,0.212574,0.05919,-0.072675,-0.008831,-0.097769,0.206315,-0.374511,0.470634,-0.040799,-0.259866,-0.023755,0.086272,0.372636,-0.152232,0.217705,0.447971,0.4578,0.514361,0.33011,0.504707,0.072167,0.403474,0.175096,-0.102732,0.022333,0.12888,0.007503,0.169275,0.464358,0.15292,-0.351365,0.243695,0.447726,0.207621,-0.268445,0.220736,0.04307,0.025112,0.024987,0.488032,0.304353,-0.162408,0.086132,0.394841,-0.139447,-0.032761,-0.150986,0.450348,0.279733,-0.06631,0.167334,0.016828,0.150507,0.463797,0.107176,0.130139,0.282437,-0.287937,-0.228529,0.150762,0.177153,-0.208222,-0.018145,-0.034546,-0.53354,-0.210498,0.056392,0.182333,-0.286894,-0.15134,0.012136,-0.426467,-0.261714,0.35087,0.112346,-0.137711,-0.108802,0.291378,-0.575683,-0.320792,0.040055,-0.148997,-0.19554,-0.056647,0.286051,0.360931,-0.143434,#
20,0.561282,0.046078,-0.125199,-0.14194,-0.3044,0.245734,0.026263,0.134263,-0.24438,-0.202797,-0.014053,0.342813,0.110371,0.161973,0.130412,0.146283,0.018129,-0.194673,0.358265,0.175976,1.0,0.034281,-0.33478,-0.280728,-0.068847,-0.065083,-0.032172,-0.357297,0.005606,0.061405,0.220853,0.200307,-0.003387,0.372427,-0.272618,-0.214737,-0.02938,0.041855,-0.089434,-0.276977,0.287965,0.392214,-0.086735,0.045509,-0.012131,-0.179319,0.036109,-0.295092,-0.082316,-0.418776,-0.248651,-0.062379,0.330973,0.105616,0.110815,0.078476,-0.351473,-0.090784,-0.250656,0.187565,0.252318,0.061437,0.050826,0.265864,0.068231,-0.122594,-0.492022,0.009343,-0.097588,-0.334372,-0.097678,0.228478,-0.014892,-0.116447,-0.444776,-0.193375,-0.06614,0.353691,0.093606,0.162029,0.161833,-0.273197,0.086269,-0.313841,-0.144274,-0.28911,-0.104973,-0.001582,0.017129,-0.053822,-0.189947,-0.203999,-0.107014,-0.290773,0.070369,0.015235,-0.327292,0.209091,-0.011895,0.186484,0.031432,0.059656,-0.179102,-0.229962,0.095752,-0.153761,0.032816,0.314694,-0.087108,0.064614,-0.037662,0.153263,-0.571319,0.086499,0.293281,0.282238,-0.062597,-0.10125,-0.089997,-0.068492,-0.020218,0.02474,-0.420982,-0.077515,-0.205366,-0.193544,-0.151117,0.078145,-0.153083,0.370688,0.164111,-0.182865,0.112982,0.225569,-0.11465,0.28394,0.074328,-0.058236,0.152126,-0.305151,-0.326377,0.319324,0.247551,0.162537,-0.038347,-0.063645,-0.067433,-0.26439,-0.355282,-0.101875,-0.032738,-0.011511,-0.010521,-0.000823,0.089409,0.132048,0.348732,-0.128541,-0.384959,-0.441417,0.117977,-0.192439,0.274803,-0.440522,-0.362515,-0.180049,-0.017081,0.269089,0.276879,-0.198917,0.031965,0.371187,0.059656,-0.088097,-0.256025,0.094852,-0.184908,-0.354238,-0.106941,0.418028,0.043795,-0.1195,0.105431,0.302566,0.018101,0.381898,0.171843,-0.191609,0.152703,0.197221,-0.199871,-0.030879,-0.055018,-0.287798,-0.098715,-0.114236,0.372289,-0.375691,-0.130264,-0.124861,#
