0,1.0,0.309915,-0.282025,-0.227055,0.269213,0.214089,0.0817,-0.037754,0.118221,0.284167,0.080727,-0.113086,0.244307,0.251817,0.559785,0.155903,0.1808,-0.058352,-0.099891,-0.28069,-0.067474,-0.131663,-0.014942,-0.066647,0.151077,-0.476143,0.113265,-0.129524,0.03988,0.08272,-0.389035,0.159624,-0.044838,-0.315442,0.210774,0.260784,0.227853,-0.24151,-0.003055,0.028146,0.107015,0.063861,-0.368673,-0.23104,0.48497,-0.437965,0.221604,-0.185745,-0.009093,-0.419958,-0.098427,-0.099904,-0.245097,-0.085157,0.104881,0.020111,-0.463438,0.097952,-0.225793,0.308328,0.16619,0.414253,0.066799,-0.270689,-0.08281,0.068605,0.0,0.158494,0.202671,-0.156692,0.163301,0.054362,0.095592,-0.025155,0.108428,0.108759,-0.385001,-0.382064,-0.271644,0.10706,-0.098453,-0.271691,-0.177278,-0.272654,-0.348073,-0.073076,-0.087091,-0.147763,-0.119358,-0.385015,-0.204832,-0.538856,-0.24476,-0.06471,-0.121567,0.049035,-0.079448,-0.081293,-0.302962,-0.17717,-0.049496,-0.420753,-0.221764,0.097663,-0.122822,-0.315415,-0.236043,-0.166961,-0.021865,-0.313468,0.259552,-0.114633,-0.327614,-0.221078,-0.344576,-0.350053,0.100456,-0.2288,0.054728,-0.287929,-0.349971,-0.090119,-0.415894,-0.027433,0.158981,-0.01707,-0.232688,0.287059,-0.27251,-0.280655,-0.160188,-0.207296,-0.560779,-0.098071,0.184503,-0.280699,-0.114633,-0.385015,0.212338,-0.293818,-0.207296,-0.172364,-0.143448,-0.659102,-0.320473,-0.297285,-0.305379,0.229973,-0.147178,-0.24443,-0.443594,0.034762,0.011991,-0.315437,-0.100448,-0.280134,0.228215,0.143719,-0.084021,-0.349813,-0.318441,-0.245005,-0.078949,-0.066966,-0.222332,0.323869,-0.068915,0.370828,-0.206566,-0.315431,0.185867,-0.004595,-0.176767,-0.110315,0.191597,-0.301569,-0.207293,0.019696,0.341457,-0.335484,0.246334,0.358571,-0.00629,0.269224,0.200292,-0.172888,0.175101,-0.034083,0.16478,0.111332,-0.371962,0.102724,0.251292,0.256913,0.018219,0.049705,0.018151,-0.064946,-0.035227,0.014238,#
1,0.309915,1.0,-0.173948,-0.108806,-0.030244,0.34561,0.09407,-0.407428,0.303623,0.095806,0.017001,-0.096902,-0.013822,0.24168,0.224441,-0.198964,-0.3966,0.385421,-0.009316,-0.024873,0.236354,0.27688,0.37369,-0.026454,0.108528,-0.417115,0.426883,-0.14791,0.219232,0.221713,-0.219392,-0.269089,0.065826,-0.287228,-0.310949,0.083089,0.395104,-0.473275,-0.031312,0.075627,0.241764,0.457297,0.048542,0.033447,0.023339,-0.094998,0.078223,0.236157,0.07426,-0.150598,-0.281513,-0.409809,0.078583,-0.507389,-0.022585,0.229179,-0.196871,0.411197,-0.079067,0.445311,0.280819,0.196352,0.236066,-0.225373,0.15397,0.428122,0.0,0.303405,0.219711,-0.019998,-0.280029,0.172738,0.214889,-0.097103,-0.09827,0.173847,-0.234397,-0.144886,-0.168577,0.036629,-0.088024,-0.665685,-0.375428,-0.287708,0.098912,-0.218153,0.39939,-0.378405,-0.090441,-0.028325,-0.204665,-0.144538,-0.162325,0.325442,-0.041435,-0.131088,-0.223993,-0.102924,0.103197,-0.224391,0.269892,-0.11946,-0.041884,0.174679,0.183436,-0.077647,-0.34313,-0.540611,0.512879,-0.131892,0.256749,-0.166531,-0.243131,-0.11946,0.043033,-0.3211,0.009867,0.19763,0.02892,-0.409502,0.024383,-0.258767,-0.323287,-0.256653,0.248533,-0.208586,0.397505,0.42861,-0.263462,-0.193533,-0.134066,-0.301144,-0.321554,-0.385028,-0.083775,-0.407779,-0.166531,-0.01506,0.213209,-0.765708,-0.041461,-0.287067,-0.314904,-0.164022,0.139758,-0.348969,-0.258431,0.427895,0.048755,0.297463,-0.242863,-0.193629,0.065377,-0.260667,-0.139009,0.194918,-0.044062,0.343777,-0.039573,-0.158742,-0.146753,0.111045,-0.274408,0.161028,0.056455,0.295029,-0.22756,-0.051677,-0.401137,-0.260735,-0.132128,-0.049412,-0.234397,-0.22738,0.186369,-0.503053,-0.30114,0.024246,0.460979,-0.160778,0.492502,0.077582,-0.425587,0.205745,0.431498,-0.191918,0.025331,0.179757,-0.205766,0.500974,-0.238588,0.390317,0.323156,0.221416,-0.07573,-0.172843,-0.404563,-0.205404,-0.061314,-0.043464,#
2,-0.282025,-0.173948,1.0,0.255794,-0.14726,-0.048475,0.262198,-0.012698,0.166529,0.132177,-0.030612,0.314317,-0.337919,0.060305,-0.431857,-0.262512,-0.127892,0.419463,0.00236,-0.018819,0.111888,0.13005,-0.000487,-0.013639,0.234363,0.256141,-0.285273,0.131077,0.060696,-0.037084,0.034393,0.022823,-0.078161,0.271709,0.096669,0.152442,-0.057753,-0.07421,-0.146083,-0.159359,0.081773,-0.081629,0.222852,0.001894,-0.21255,0.045822,-0.094207,-0.267038,-0.069198,0.309235,0.090862,0.211276,-0.115136,0.189369,-0.117509,-0.105206,0.009945,0.13226,-0.31366,-0.06214,0.338802,-0.24563,-0.054885,0.107715,0.046517,0.002813,0.0,0.043584,-0.179249,0.431653,0.209467,-0.14277,0.085482,0.140015,0.080071,-0.117446,0.019018,0.164036,-0.157681,-0.069023,0.25856,0.344424,0.045668,0.276404,0.22678,0.089335,-0.030835,0.085573,0.054876,0.063116,-0.009146,0.295537,0.098837,-0.028604,-0.069567,-0.00245,0.22824,0.143472,0.390405,0.200359,0.012516,0.238673,0.008542,0.266312,-0.002955,0.274321,0.300546,0.226075,-0.099102,0.108458,-0.149023,0.189448,-0.098459,0.436478,0.099505,0.529781,-0.480212,-0.209128,-0.053878,0.495121,0.128132,0.046074,0.492813,-0.088166,-0.353337,0.198694,0.119152,-0.49272,-0.300993,0.223275,0.126986,0.088569,0.131839,0.382593,-0.070653,0.220512,0.157008,0.201643,0.03468,0.224094,0.294439,0.331191,-0.045988,-0.161356,-0.091752,-0.300553,0.223923,-0.053291,0.124074,0.113125,0.207601,-0.15521,0.113372,0.477514,0.140791,-0.00361,0.178622,0.026666,0.428619,0.301592,0.324017,-0.064852,0.269603,0.324869,0.275915,-0.105962,0.167886,-0.314026,-0.110138,0.295134,0.13035,-0.092644,0.154805,0.07611,-0.201367,0.166993,0.293508,0.135601,-0.46567,-0.338235,-0.339001,0.125609,0.471439,-0.438158,-0.063307,0.264849,-0.215387,-0.220441,-0.079066,0.005497,-0.078103,-0.054625,0.034156,-0.144831,0.091774,0.203779,0.021368,-0.075807,0.069944,-0.11661,#
3,-0.227055,-0.108806,0.255794,1.0,0.102984,-0.057972,0.165265,0.222885,-0.106779,0.084579,0.070265,0.004377,-0.03235,-0.168324,-0.061763,-0.285389,0.034591,0.14277,-0.274397,0.255243,0.194681,0.0499,-0.020108,0.09707,0.330382,0.139428,-0.445506,-0.036947,-0.04044,-0.111886,0.369867,-0.094477,0.125466,0.373009,-0.011192,0.121766,0.151316,0.330624,0.028356,-0.070765,0.33503,-0.128623,-0.219638,-0.251453,0.279803,-0.349179,-0.307246,0.046433,0.102656,0.146222,0.17628,0.087933,-0.10087,0.058573,-0.102989,-0.24567,-0.105653,0.094382,0.165447,-0.165775,-0.148853,0.241782,-0.053501,0.24812,0.096105,0.106742,0.0,-0.300418,-0.106069,0.104491,-0.187083,-0.294865,0.249611,0.133762,-0.036268,-0.317467,0.190265,0.303094,0.058531,0.156259,0.148463,0.251298,-0.148827,0.172886,0.019004,0.081502,-0.020311,-0.156103,0.161554,-0.164697,-0.071772,0.100035,0.127563,-0.128944,-0.007023,-0.082109,-0.106737,-0.043202,0.506453,0.205622,0.021607,-0.230753,0.369867,0.218272,0.075754,0.14878,-0.046358,-0.19223,-0.107428,-0.00322,0.08079,-0.15292,0.17667,0.307414,0.09405,0.457673,0.245854,-0.067581,0.110872,-0.138894,0.061519,-0.039646,-0.026472,0.125833,-0.131168,0.226014,0.150152,0.030969,0.04641,0.237233,0.035623,0.262988,0.406468,0.280298,0.054576,0.449117,-0.15292,0.186943,-0.073839,0.095271,-0.050066,0.251987,0.067903,0.041199,0.110414,0.056218,0.07845,0.147839,0.416244,-0.107428,0.155196,-0.067305,-0.107662,0.34866,0.183387,0.231249,-0.067816,-0.013829,0.280429,0.266105,0.310068,0.127186,0.005465,0.231363,0.288798,-0.104898,0.239147,-0.44817,0.205809,0.561015,0.112585,-0.063369,0.165759,0.102994,-0.411699,0.270652,-0.045711,-0.064844,-0.299878,-0.163748,-0.077913,-0.235422,-0.02502,-0.272891,-0.159973,0.047458,-0.400531,0.171671,-0.025019,-0.287418,0.215208,-0.183162,-0.254747,0.126928,0.186072,0.094773,0.158249,0.236108,0.055075,0.219566,#
4,0.269213,-0.030244,-0.14726,0.102984,1.0,0.088212,0.184817,-0.178866,0.134075,0.098238,0.188747,-0.062995,0.054164,0.054052,0.086226,0.186574,0.402054,-0.064333,0.336878,-0.003866,0.188024,-0.394576,0.283742,0.126271,-0.119061,-0.196033,0.055254,-0.093566,0.184915,-0.044351,-0.105559,-0.032437,-0.284641,0.078448,0.081587,0.152763,0.18981,-0.196689,-0.147756,-0.008168,0.128962,-0.041558,-0.251981,-0.241357,0.160497,-0.083368,-0.134171,-0.091494,0.265586,-0.061851,0.160042,-0.156289,0.337149,-0.350252,-0.150328,0.095321,-0.136565,0.138506,0.095662,0.088262,0.047638,0.401788,-0.084773,0.273281,-0.01004,0.003447,0.0,-0.177469,-0.032634,-0.14082,0.179044,0.157321,0.056005,-0.072899,-0.06589,0.216322,0.01025,-0.177858,-0.187093,0.065955,0.069173,0.034175,-0.31942,0.417222,-0.287723,0.004322,-0.078102,-0.257004,0.215025,-0.126542,-0.238356,-0.199635,0.141607,-0.21947,-0.279368,-0.222065,-0.36428,-0.074535,-0.42443,0.039543,0.176382,-0.245953,-0.321356,0.285726,-0.178108,-0.098011,-0.06585,-0.051073,0.090984,0.250652,0.232093,0.173977,0.237795,-0.072366,-0.380888,-0.003883,0.17753,-0.239192,0.317988,-0.17359,-0.068572,-0.279433,-0.384723,-0.38764,0.156025,-0.152806,0.261539,0.141699,0.195144,-0.40471,-0.10079,0.295711,0.101496,-0.079957,-0.14307,-0.000241,-0.249562,-0.465368,-0.299655,-0.152932,-0.451293,-0.312647,-0.409793,-0.192894,-0.169008,0.083541,-0.18187,-0.090312,-0.291417,-0.330042,-0.02695,-0.031931,0.336965,-0.290906,0.238723,-0.42569,-0.02059,0.400572,-0.150748,-0.229537,0.151528,-0.533387,0.095492,-0.344361,-0.090795,0.198851,0.227659,0.238098,-0.131668,-0.085028,0.154702,0.314066,-0.348586,0.215397,0.297624,-0.185882,-0.200899,0.299117,0.177586,0.072035,0.32285,0.107018,0.01872,-0.01001,-0.123715,0.217027,-0.046833,0.298709,0.074381,-0.160911,0.055335,0.099329,-0.006455,0.15679,-0.461223,0.311399,0.234372,0.163106,0.235197,0.221602,#
5,0.214089,0.34561,-0.048475,-0.057972,0.088212,1.0,0.262012,-0.056488,0.662578,0.281538,0.343003,-0.00183,0.061044,0.250133,-0.059959,0.136717,-0.147037,-0.144869,0.116569,-0.104035,0.060325,0.176914,0.474432,-0.21318,0.016877,-0.54327,0.35983,-0.086834,0.071953,0.29892,-0.405414,0.048168,-0.17601,-0.182483,-0.146206,0.011961,0.242512,-0.286725,0.369782,-0.231849,0.267495,0.301116,0.270189,-0.200063,-0.217997,-0.11311,0.369813,-0.022883,0.363144,-0.040136,0.024342,-0.105098,-0.009546,-0.259112,0.097013,0.350188,-0.698721,0.483583,-0.341756,0.36058,0.292495,0.090613,-0.039708,0.065411,-0.086222,0.297586,0.0,0.399595,0.285948,0.055522,-0.012018,0.192778,0.395315,-0.221318,-0.629095,0.235019,-0.001213,-0.141434,-0.142337,-0.159602,-0.375004,-0.455958,-0.142913,0.344666,-0.322358,-0.08048,-0.149585,-0.197292,-0.087801,-0.309162,-0.153058,-0.316138,-0.228608,0.157451,-0.035507,0.131143,0.040546,-0.240605,-0.055741,-0.336127,0.317465,-0.069626,0.106373,0.112448,-0.056967,-0.361182,0.114969,-0.077254,0.192416,0.184264,-0.012042,-0.195807,-0.242619,-0.076423,-0.148199,-0.421227,-0.133747,-0.178528,0.103004,-0.254098,-0.099945,-0.354079,-0.379687,-0.380846,-0.195729,-0.06477,0.263626,0.378286,-0.413441,-0.277467,-0.457459,0.112704,-0.426725,-0.357009,-0.158783,-0.275163,-0.195807,-0.312987,0.391314,-0.492269,-0.354084,-0.269625,-0.418651,-0.332614,-0.163259,-0.50335,-0.158536,0.451948,-0.253127,-0.018792,-0.173356,-0.253026,0.205226,-0.352534,-0.171564,-0.10809,0.233437,-0.011877,-0.151395,-0.265359,-0.203639,-0.191793,0.01555,0.011818,0.082271,-0.045587,-0.104494,-0.341045,-0.495313,-0.345149,0.20354,0.070807,0.187008,-0.345891,0.4993,-0.554367,-0.354079,0.178509,0.2529,0.025576,0.429573,0.078964,-0.183049,0.261043,-0.103246,0.024311,0.117513,0.087184,-0.115458,0.349419,-0.488718,0.190444,-0.059529,0.350906,-0.337115,0.275261,-0.11901,-0.341331,-0.341662,0.022586,#
6,0.0817,0.09407,0.262198,0.165265,0.184817,0.262012,1.0,-0.244079,0.256801,0.277567,0.245134,0.320468,0.094088,-0.004513,0.155468,0.205394,-0.095179,-0.027959,0.041921,-0.259534,0.096601,-0.246088,0.239557,-0.347715,0.067068,-0.324963,0.002879,-0.170101,0.23406,0.162202,-0.286886,-0.034243,-0.382587,-0.135435,-0.083461,-0.159081,0.278926,-0.058296,0.079614,0.162768,-0.147852,0.208618,-0.116905,-0.096506,0.026846,-0.045016,0.143525,-0.127415,0.256104,0.239557,0.120562,-0.218509,0.029087,-0.104007,-0.145612,0.202878,-0.174965,0.132513,-0.429806,0.104829,-0.04354,0.341841,0.061703,-0.008109,-0.040101,0.042383,0.0,-0.026968,0.229731,0.066656,0.281072,-0.026715,0.177539,0.001776,-0.195934,0.150948,-0.11029,-0.339558,-0.246868,-0.033713,0.055142,-0.222807,-0.074058,0.300252,-0.182918,0.214961,-0.171106,0.056441,0.162534,-0.236386,0.243554,-0.049699,0.041075,0.242121,0.35544,-0.172364,0.017645,-0.308558,0.034857,-0.097479,0.022125,-0.336646,-0.120926,0.147013,-0.107635,-0.100074,0.085023,0.044794,0.060402,0.005129,-0.155213,-0.180742,-0.31309,-0.001074,-0.223746,0.000861,-0.239746,-0.359809,0.127388,-0.136802,-0.02827,-0.298694,-0.064337,-0.323267,-0.329293,0.361935,0.174856,0.269336,-0.245996,-0.024119,0.107727,0.147275,0.109359,-0.118141,-0.006402,-0.039086,-0.180742,-0.425215,-0.040803,0.013047,-0.068233,0.307437,-0.008739,-0.194244,-0.332461,-0.335006,0.203387,0.500934,-0.063212,0.264462,-0.158501,-0.099911,0.24721,-0.111396,0.136109,-0.035419,0.181241,0.091497,0.006623,-0.029964,-0.082771,-0.151521,0.138643,0.09414,0.328445,-0.1271,-0.263052,-0.400289,-0.082761,-0.296799,-0.050173,-0.198822,0.074087,-0.336928,0.089543,0.047171,-0.326837,0.420395,0.010271,-0.197373,-0.143818,0.150853,0.202937,0.007129,-0.039874,0.242759,0.249595,-0.289505,-0.243747,-0.082814,-0.186093,0.291189,0.223142,0.443499,-0.059953,0.496791,-0.368069,0.025309,-0.196892,-0.091763,#
7,-0.037754,-0.407428,-0.012698,0.222885,-0.178866,-0.056488,-0.244079,1.0,-0.407212,-0.215957,-0.036372,-0.500261,0.058653,-0.213523,0.063954,-0.103503,-0.12223,-0.180092,-0.184148,0.239624,-0.131735,0.195007,-0.276275,0.384423,0.393522,0.282967,-0.171168,0.314467,-0.522292,-0.088956,0.268211,0.236326,0.324612,0.415944,0.217116,0.035951,-0.239262,0.409149,0.09781,-0.149603,0.056584,-0.205535,0.290129,0.112081,-0.083398,-0.153887,-0.028011,0.221599,-0.187442,-0.526951,-0.016051,0.336709,-0.217956,0.120395,0.06116,-0.175571,-0.171308,-0.222163,0.161852,-0.396693,-0.278628,-0.287259,-0.333982,0.003909,-0.300715,-0.056064,0.0,-0.112977,-0.261661,0.225543,-0.118419,-0.195989,0.126911,0.040275,0.215182,-0.379924,0.509021,0.303437,0.187461,0.041386,-0.058246,0.38454,0.067986,-0.15244,-0.07126,0.278823,-0.183015,0.347705,0.154992,0.065052,0.222574,0.089876,0.050471,-0.407295,-0.049049,0.1387,0.291782,0.450222,0.140924,0.289501,-0.114761,0.028002,0.473729,-0.184332,0.390315,0.155471,0.333417,0.280501,-0.217363,0.044579,0.117033,-0.10194,0.34472,0.245257,0.104137,0.324345,0.195372,-0.024331,-0.310108,0.358349,0.115595,0.164553,0.100799,0.221241,-0.130456,0.070285,-0.156815,0.104552,0.105099,0.720617,0.027498,0.128691,0.022031,0.137466,0.372232,0.4853,-0.10194,0.056737,0.277957,0.288255,0.099475,0.142275,0.332616,-0.049126,0.294757,0.261391,-0.159058,-0.370011,0.027518,0.062574,-0.022403,0.397552,-0.217837,0.389535,0.236533,0.250914,0.03972,-0.548465,0.29159,-0.101293,0.209043,0.308182,0.042578,0.193334,0.241259,-0.104833,0.243404,0.048242,0.286814,0.159671,-0.262917,0.345674,0.282454,0.073362,-0.264385,0.183691,0.104931,-0.280261,-0.528338,-0.15565,-0.396094,-0.201165,0.099396,-0.250956,-0.485202,-0.261215,-0.298417,-0.083557,0.14591,-0.405422,0.354047,-0.563739,-0.416854,-0.327628,0.185471,-0.046669,0.24151,0.232886,0.001552,-0.340557,#
8,0.118221,0.303623,0.166529,-0.106779,0.134075,0.662578,0.256801,-0.407212,1.0,0.360023,0.02094,0.290344,-0.024597,0.403178,-0.129129,0.130293,-0.022435,0.218199,0.309117,0.200701,-0.118177,-0.161191,0.367101,-0.413138,0.110692,-0.417195,0.046382,-0.267412,0.2118,0.409572,-0.367919,0.069016,-0.108279,-0.077908,-0.164756,0.331548,0.166532,-0.49433,0.126038,-0.263322,0.230673,0.216696,-0.029897,-0.134593,0.031004,0.066851,0.436759,-0.135689,0.30626,0.200793,0.104176,-0.027937,0.062801,-0.122805,-0.184193,0.353778,-0.248681,0.393624,-0.478955,0.27202,0.257676,0.165801,0.050964,0.064991,-0.108149,0.210586,0.0,0.296456,0.280475,0.003746,0.214601,0.383522,-0.041934,-0.088209,-0.617258,0.159039,-0.068586,-0.141941,-0.186109,0.03734,-0.078685,-0.317446,-0.032254,0.392658,0.077474,-0.057129,-0.13659,-0.379806,0.07078,-0.012136,-0.230207,0.014387,-0.161482,0.296742,-0.222554,-0.309525,0.144643,-0.464331,-0.065758,-0.407381,0.247689,0.053325,-0.220234,0.176451,-0.360992,-0.276235,0.007111,-0.202865,0.269286,0.044018,0.039445,-0.166443,-0.080776,0.06028,-0.327343,-0.312962,-0.155684,-0.26503,0.420288,-0.410391,0.00134,-0.268966,-0.132529,-0.44142,-0.083811,0.119787,0.043253,0.059225,-0.475185,-0.407498,-0.158203,0.196759,-0.323418,-0.068691,-0.465198,-0.407562,-0.166443,-0.195737,0.245349,-0.400117,-0.300985,-0.304758,-0.324776,-0.255573,-0.253618,-0.558227,0.303638,0.408023,-0.14709,0.05314,0.170016,-0.390864,0.282554,-0.252129,0.025091,-0.222252,0.277583,0.397763,-0.240447,0.032017,-0.334777,-0.355736,0.056451,0.161184,0.222579,-0.217039,0.001408,-0.340981,-0.393006,-0.248166,0.181673,0.108392,0.305373,-0.250964,0.483086,-0.350443,-0.30098,0.169883,0.245451,-0.051887,0.453746,0.238017,-0.174733,0.143662,0.111162,0.272674,0.163181,0.161384,-0.449651,0.304563,-0.430967,0.195155,0.131228,0.226255,-0.504448,0.174531,-0.222567,-0.221873,-0.074045,0.171829,#
9,0.284167,0.095806,0.132177,0.084579,0.098238,0.281538,0.277567,-0.215957,0.360023,1.0,0.139862,0.259669,0.229589,0.059079,0.140616,0.422408,0.11488,-0.093838,-0.075525,-0.216136,0.081427,-0.156029,0.112798,-0.520199,0.027342,-0.338306,0.010209,-0.33088,0.216094,-0.018856,-0.271666,0.216441,-0.186846,-0.242896,-0.003516,0.109433,0.171609,-0.46944,0.121895,0.246828,-0.021271,0.054476,-0.273222,-0.321171,0.271666,-0.145914,0.151402,-0.205099,0.03676,0.063693,0.000395,-0.186244,-0.188729,-0.194591,0.014876,0.286642,-0.48757,0.232824,-0.384377,0.039747,0.141562,0.350354,-0.088529,0.207965,-0.030292,0.015785,0.0,0.089072,0.162214,-0.069524,0.168166,0.084354,-0.159656,-0.097078,-0.085035,0.044127,-0.296458,-0.040616,-0.352876,-0.062442,-0.24275,-0.172241,0.163436,0.169629,-0.162046,-0.072996,0.111405,0.047106,-0.159846,-0.028456,-0.051405,-0.238113,0.0548,-0.127051,-0.131854,0.010073,-0.164049,-0.118349,-0.205247,-0.106448,0.161956,-0.323987,-0.225395,0.193698,-0.302714,-0.036865,-0.116175,0.117685,0.090276,0.137687,-0.110792,-0.08827,-0.201448,-0.092646,-0.414952,-0.075946,-0.124452,-0.114381,-0.007827,-0.035563,-0.269484,-0.036865,-0.172393,-0.139083,-0.325437,0.199488,-0.137745,-0.074313,-0.081054,-0.216109,-0.329803,-0.159622,-0.008603,-0.017677,-0.180128,-0.216143,-0.08827,-0.296468,0.194225,-0.213634,-0.159622,-0.226802,-0.269591,-0.278185,-0.274565,-0.101716,0.25397,0.238935,-0.071494,-0.188215,0.19388,-0.144354,-0.188626,-0.242892,-0.104822,-0.215708,0.152559,0.081344,-0.247288,-0.269363,-0.336684,-0.188658,0.166914,-0.128339,-0.094118,-0.23525,-0.215843,0.015779,-0.100784,-0.034886,0.417145,-0.111314,0.220686,-0.030217,0.25014,-0.347685,-0.159619,0.200646,-0.021498,-0.246337,-0.093989,0.147702,0.081515,0.185092,0.10113,0.102876,0.272205,-0.176909,0.106196,0.099211,-0.390353,0.348513,0.318852,0.235075,0.03578,0.228865,0.172722,-0.280292,-0.211156,0.181234,#
10,0.080727,0.017001,-0.030612,0.070265,0.188747,0.343003,0.245134,-0.036372,0.02094,0.139862,1.0,0.108183,0.02013,-0.251798,-0.071273,0.247668,0.401864,-0.264535,-0.120309,-0.278791,0.242914,0.024732,0.006273,0.078113,-0.172542,-0.386493,-0.043115,0.023559,0.073931,-0.030768,-0.173367,0.090885,-0.362462,-0.183827,0.549779,-0.089481,0.522893,-0.184607,0.069341,0.280654,-0.369361,0.119277,-0.128166,0.00013,-0.045057,-0.000227,-0.244954,-0.187768,0.29535,-0.159865,0.330994,-0.191851,-0.094105,-0.312713,0.570078,-0.096202,-0.374329,0.117447,-0.200847,0.150196,0.053345,0.182239,-0.16791,-0.041795,0.220117,-0.218278,0.0,-0.105904,-0.192239,-0.436665,0.092466,-0.010901,0.318049,-0.401044,-0.263611,0.269174,-0.373255,-0.059322,-0.374905,-0.425588,-0.329304,-0.025391,-0.161814,0.134741,-0.646082,-0.030319,-0.240813,0.093013,-0.425362,-0.459121,-0.015778,-0.390395,0.145881,-0.342821,0.097273,-0.011171,-0.547998,-0.120173,0.021578,-0.007401,0.152585,-0.104224,-0.178131,-0.221665,-0.182347,-0.14353,-0.237931,0.070641,-0.128607,0.460066,-0.390695,-0.247779,-0.300665,-0.298776,-0.240431,-0.070172,-0.03208,-0.231873,-0.434475,0.136229,-0.467894,-0.085435,-0.234506,0.082423,-0.181952,-0.174172,0.292043,0.132888,-0.147007,-0.259828,0.054922,-0.197782,-0.283132,-0.074191,-0.163593,-0.058575,-0.247779,-0.177157,-0.19803,-0.179467,-0.448068,-0.01907,-0.093765,-0.048898,-0.370991,-0.217996,-0.183972,0.076262,-0.128389,-0.120708,-0.230192,-0.220153,-0.107248,-0.361896,-0.299573,-0.07996,0.153746,-0.240609,-0.352257,-0.116016,0.01473,-0.143301,-0.201893,-0.222627,-0.410035,0.044968,0.004689,0.017751,-0.345605,-0.150007,0.345303,-0.143707,-0.180831,-0.358998,0.339617,-0.39516,-0.448061,0.484952,0.231296,0.252043,0.026302,0.270112,0.230847,0.059003,0.07776,-0.253759,-0.182423,-0.07881,0.516376,0.031684,-0.489981,0.463051,0.133566,0.1433,-0.157767,-0.019683,0.214256,-0.476309,-0.334184,-0.169911,#
11,-0.113086,-0.096902,0.314317,0.004377,-0.062995,-0.00183,0.320468,-0.500261,0.290344,0.259669,0.108183,1.0,-0.289999,0.120853,-0.009184,0.203629,0.225819,-0.145189,0.135911,-0.026394,-0.142227,-0.476346,0.062031,-0.401344,0.019333,-0.15275,-0.077781,-0.121626,0.056727,0.135928,-0.213823,0.080593,-0.573634,0.027049,-0.237189,0.02031,-0.00942,-0.02842,0.200781,0.335586,-0.160656,-0.04102,-0.135931,-0.298652,0.119426,0.243603,-0.020476,-0.317988,0.027067,0.490095,0.330227,-0.189726,-0.027963,0.187528,-0.322075,0.149236,0.014018,-0.224232,-0.262773,-0.029521,-0.14682,0.265618,0.42741,0.188031,-0.11515,-0.284432,0.0,0.094578,0.025695,-0.070936,0.700849,-0.1036,-0.055913,0.038384,-0.156053,0.342364,-0.306,-0.032386,0.029877,-0.133089,0.11344,0.052452,0.131468,0.116528,-0.07214,0.162849,-0.145326,-0.220053,-0.067393,-0.178396,-0.312999,0.141699,0.243519,0.071802,-0.033859,-0.227763,-0.167215,-0.399162,-0.086687,-0.078869,-0.111079,0.189362,-0.204595,0.196628,-0.310516,-0.141007,-0.010612,-0.042474,-0.024266,-0.274276,-0.488632,0.12705,-0.304959,0.170337,-0.260369,-0.076747,-0.152491,-0.081544,0.126737,-0.141929,-0.13268,-0.103797,0.015515,-0.000528,0.107221,0.154415,-0.149898,-0.317562,-0.278732,-0.256792,0.066902,-0.078793,0.102426,0.287361,-0.087359,-0.254393,0.12705,-0.026446,-0.27564,0.052363,-0.052019,0.125107,0.08084,0.005512,-0.382786,-0.322064,0.460403,0.236102,0.096619,0.231066,-0.087489,-0.321021,0.23157,-0.148998,0.007095,0.207607,0.080978,0.112091,0.056831,0.309012,-0.100334,0.182996,0.100686,0.019819,0.022769,-0.150161,-0.148348,-0.141042,-0.062692,0.08117,0.390221,-0.381516,0.114335,-0.363043,-0.026764,0.059413,-0.057436,-0.006628,0.020435,-0.177816,-0.081469,0.080373,0.413146,-0.065488,0.16152,0.202184,0.197044,-0.048603,-0.272548,-0.093117,-0.463995,0.28472,0.069036,0.196343,0.073365,0.113229,-0.07469,-0.191271,-0.208062,0.408964,#
12,0.244307,-0.013822,-0.337919,-0.03235,0.054164,0.061044,0.094088,0.058653,-0.024597,0.229589,0.02013,-0.289999,1.0,0.100408,0.242886,0.357628,-0.094753,-0.108027,0.226167,-0.185373,0.202215,0.147447,0.142587,-0.341629,-0.03308,-0.308417,0.212083,-0.093491,-0.057131,-0.048676,-0.049595,0.249375,0.069094,-0.238179,0.099186,-0.296572,-0.150755,-0.107332,0.079813,-0.008134,-0.142661,0.074823,-0.055363,0.301996,0.301024,-0.44003,0.029016,0.116361,-0.121065,-0.258918,0.14878,0.043949,0.171608,-0.106326,0.027934,0.132541,-0.159826,0.134527,-0.184824,0.055751,-0.106014,0.075105,-0.327527,-0.155704,-0.077015,0.318749,0.0,0.118998,-0.047695,-0.117335,-0.01777,0.175592,-0.25104,0.027141,0.072849,0.091983,-0.157148,-0.530166,-0.085471,-0.232392,-0.381697,-0.431616,0.240151,0.10361,-0.052109,-0.247716,0.063228,-0.053298,-0.268768,-0.065081,0.330244,-0.371006,-0.296348,0.144019,0.10183,0.183984,0.027323,-0.005705,-0.295562,-0.138336,0.098865,-0.382448,-0.068431,0.018379,0.184653,-0.24137,0.076058,0.100675,-0.295947,-0.033026,0.382765,-0.138794,0.050546,-0.206081,0.001046,-0.291773,0.287403,0.107278,-0.032679,-0.062319,-0.102723,-0.166975,-0.459388,-0.190383,-0.106703,0.119674,-0.315037,0.00699,0.099713,-0.1889,-0.242274,-0.007032,-0.044156,-0.166014,-0.226542,0.024889,-0.138794,-0.140757,-0.039839,0.023747,-0.250987,0.23271,-0.097858,-0.329021,-0.165015,0.10313,-0.179283,0.429618,-0.451619,-0.295947,0.121304,-0.171854,-0.065092,-0.242713,-0.475192,-0.18129,0.199163,0.035097,-0.187148,-0.100467,-0.156645,-0.130539,0.11713,-0.072057,-0.165949,-0.155654,-0.121599,-0.105704,0.200274,-0.240031,0.054689,0.263137,0.237106,0.206762,0.400776,-0.182605,-0.250983,0.044104,0.155786,0.055153,0.238423,-0.123014,-0.101912,0.182868,0.126411,0.001002,0.136063,0.08739,0.108303,0.162276,0.129135,-0.062414,0.192185,0.17738,-0.278794,0.301603,-0.09428,0.045183,0.26841,0.090394,#
13,0.251817,0.24168,0.060305,-0.168324,0.054052,0.250133,-0.004513,-0.213523,0.403178,0.059079,-0.251798,0.120853,0.100408,1.0,0.348765,0.205905,0.092763,0.300425,0.048895,-0.041458,-0.38982,-0.013262,0.250424,-0.392409,-0.134856,-0.200938,0.130028,-0.365134,0.038242,-0.0137,-0.280573,0.162933,-0.210005,0.065713,-0.279673,0.063861,-0.102271,0.087664,0.238553,-0.352469,0.08398,0.134123,-0.161685,0.03246,0.121493,-0.295197,0.502062,-0.020512,-0.079234,0.073311,-0.04663,0.048247,0.247295,-0.169703,-0.528308,0.473497,0.010192,0.457147,0.203582,0.323301,0.223308,0.125524,0.042279,-0.261198,-0.272675,0.26196,0.0,0.525087,0.321177,0.079893,0.32557,0.086551,-0.326839,0.188666,-0.040447,0.135425,-0.118714,-0.204971,-0.402181,0.293437,0.264401,-0.218135,0.074353,0.276526,0.321353,0.184599,0.118341,-0.298088,0.010167,-0.070407,-0.188931,-0.051711,-0.195471,0.411248,-0.131481,-0.013687,0.369294,-0.00767,0.199111,-0.105968,0.306789,-0.004704,-0.129769,0.398013,0.212414,-0.300739,-0.110392,-0.162588,0.249728,-0.065602,0.166334,0.235809,0.011588,0.340881,0.09622,-0.175445,-0.219365,0.20163,0.178294,-0.313604,0.147823,-0.115191,-0.073881,-0.320405,0.177522,0.191924,-0.172275,0.059937,-0.161659,-0.231428,-0.085086,0.161876,-0.468406,-0.34116,-0.034944,-0.24087,-0.180702,-0.070407,0.214691,0.004281,-0.070968,0.015379,-0.180866,-0.216791,0.1755,-0.25118,-0.016502,0.174525,-0.077941,0.257491,-0.002202,-0.13567,0.253903,-0.100505,-0.045124,-0.039733,0.503018,0.241915,0.190761,0.167713,-0.151713,-0.153984,0.44145,0.433398,0.331391,0.208731,0.158164,-0.246586,-0.112601,-0.103894,-0.040952,-0.05268,0.049419,0.176527,0.090986,0.060982,-0.080532,-0.380264,0.00733,0.135528,0.540366,0.018282,-0.08907,0.010557,-0.153638,-0.015835,0.422971,0.06243,-0.390418,0.091575,-0.013781,-0.207841,0.052342,0.251351,-0.058971,-0.031023,-0.549109,-0.032307,0.001903,0.110889,#
14,0.559785,0.224441,-0.431857,-0.061763,0.086226,-0.059959,0.155468,0.063954,-0.129129,0.140616,-0.071273,-0.009184,0.242886,0.348765,1.0,0.204193,0.186661,-0.178271,-0.097915,0.013832,-0.355897,-0.07894,-0.030751,-0.25518,0.143291,-0.169689,0.215765,-0.178798,-0.263427,0.069918,-0.290756,0.11169,-0.142363,-0.059502,-0.153577,-0.108403,-0.040469,0.18378,0.011097,0.102929,-0.196266,-0.152314,-0.383316,-0.020552,0.477571,-0.515502,0.377616,0.008722,-0.124914,-0.230975,-0.184282,0.054353,-0.110917,-0.346514,-0.293835,0.407747,-0.109707,-0.166171,0.197513,0.211643,-0.404331,0.633928,0.154191,-0.18392,-0.271564,-0.020096,0.0,0.049965,0.227307,-0.217104,0.319075,-0.127699,-0.276618,0.114049,0.312012,0.106515,-0.184213,-0.240193,-0.281455,0.469293,0.153693,-0.289015,-0.157148,-0.204015,-0.146676,0.179346,-0.177043,-0.003942,0.147961,-0.15969,0.134703,-0.241584,0.086248,0.233069,0.012709,-0.087522,0.078986,-0.049427,-0.161073,-0.000862,-0.054541,-0.24545,0.203308,0.216241,0.090847,-0.214242,-0.04135,-0.303762,0.341576,-0.224506,0.163885,-0.152935,-0.18767,0.11072,-0.216462,-0.272895,0.221366,0.129486,0.055679,-0.390417,-0.098746,-0.034162,-0.219809,-0.045785,0.258657,0.199589,-0.407942,0.413676,0.083395,0.040782,-0.011243,-0.276559,-0.204824,-0.20454,0.197582,-0.17067,-0.152935,-0.324552,-0.114329,0.074884,-0.007609,-0.072154,0.272812,-0.193563,-0.118906,0.044842,0.040484,0.147721,0.178195,0.359533,-0.311626,0.245515,-0.117401,-0.216205,-0.039409,0.251106,0.234716,-0.09787,-0.10131,0.075746,-0.395926,0.130158,0.144738,0.221627,0.1064,0.200908,0.021417,0.116297,-0.001172,-0.420825,-0.07841,-0.056424,-0.007437,-0.097853,-0.075769,0.084298,-0.276554,-0.250685,0.021397,-0.114805,0.075713,-0.054992,-0.056502,0.126922,-0.002434,-0.175676,0.496596,-0.061258,-0.180605,-0.292792,0.027679,-0.039601,0.074954,0.2137,0.152692,-0.126499,-0.29966,0.23789,-0.218648,-0.004501,#
15,0.155903,-0.198964,-0.262512,-0.285389,0.186574,0.136717,0.205394,-0.103503,0.130293,0.422408,0.247668,0.203629,0.357628,0.205905,0.204193,1.0,0.303743,-0.196361,0.184591,-0.331734,-0.088218,-0.420547,0.034816,-0.403083,-0.222439,-0.349301,0.019801,-0.084741,0.104836,0.22386,-0.442834,0.303603,-0.449106,-0.219803,0.047907,-0.246204,-0.061441,-0.110267,0.475511,0.300074,-0.502498,-0.131096,-0.222918,0.00778,0.107422,0.113005,0.106882,-0.195165,-0.120192,0.021009,0.422311,-0.095631,0.195389,-0.113066,-0.061764,0.406134,-0.064414,0.060829,-0.072053,0.043906,-0.257895,0.248331,-0.115789,0.00646,-0.18535,-0.238786,0.0,0.138043,0.292734,-0.44934,0.378693,0.105236,-0.38375,0.025901,-0.053085,0.196493,-0.216239,-0.382752,-0.215877,-0.08547,-0.213643,-0.046143,0.311959,0.284885,-0.061027,0.008215,-0.058152,0.209039,-0.312645,-0.021157,0.110959,-0.367782,-0.019933,-0.04776,-0.126097,-0.103957,-0.078126,-0.124743,-0.422871,-0.203679,0.124082,-0.112892,-0.29909,0.11729,-0.143517,-0.387846,-0.155073,0.486675,-0.25884,0.296779,-0.286774,0.20322,0.047672,-0.129159,-0.361886,-0.463757,0.116548,0.093497,-0.14108,-0.051953,-0.299341,-0.031986,-0.308728,-0.123607,0.025763,0.021858,-0.080309,0.157727,-0.192645,-0.336008,-0.198089,-0.161265,-0.179968,-0.151727,-0.25008,-0.125132,-0.212167,-0.36381,0.048539,-0.083195,-0.383669,0.075916,0.043264,-0.131358,-0.261129,-0.195292,0.085998,0.080842,-0.388924,-0.040508,0.099082,-0.333448,-0.013698,-0.583819,-0.234794,-0.326561,-0.004878,0.014789,-0.434092,-0.298112,-0.490145,-0.251553,0.102982,-0.208256,-0.136315,-0.276939,-0.320253,0.108257,0.142238,-0.199145,0.121686,-0.094463,0.143186,-0.098526,0.430014,-0.160068,-0.138095,0.272924,0.163619,0.125689,0.175905,-0.115633,0.234314,0.502925,-0.218893,-0.0587,0.52261,-0.179649,0.072446,0.12676,-0.23592,0.260672,0.347361,0.195778,0.012339,0.217287,0.10424,-0.266089,-0.061758,-0.054227,#
16,0.1808,-0.3966,-0.127892,0.034591,0.402054,-0.147037,-0.095179,-0.12223,-0.022435,0.11488,0.401864,0.225819,-0.094753,0.092763,0.186661,0.303743,1.0,-0.238021,-0.134769,-0.113862,-0.248497,-0.344113,-0.269335,-0.170303,-0.385029,0.071871,-0.362238,-0.075576,0.145999,-0.049141,-0.164835,0.108089,-0.29611,-0.172153,0.492849,0.16887,-0.00637,0.056507,0.070573,0.018756,-0.459647,-0.28377,-0.625342,-0.144217,0.328766,-0.025991,-0.012291,-0.4392,0.268247,0.133663,0.237666,0.037642,-0.299093,-0.12813,0.211784,-0.030879,0.062303,-0.075735,0.221175,-0.02513,-0.152378,0.289762,-0.045467,0.064229,0.088711,-0.499729,0.0,-0.311212,-0.068709,-0.456059,0.371058,0.063571,-0.253019,-0.154501,-0.083061,0.117113,-0.469819,0.209014,-0.386135,0.075447,0.027924,0.34333,-0.096819,0.275682,-0.360254,0.113039,-0.260204,0.058759,-0.06235,-0.275669,-0.09362,-0.111468,0.202214,-0.212381,-0.087317,-0.260241,-0.34634,-0.205513,-0.07516,-0.078663,0.093739,-0.133686,-0.215364,-0.252952,-0.489625,0.039276,-0.260682,0.001972,-0.096521,0.235883,-0.325113,-0.139888,-0.086508,-0.140784,-0.484849,0.170771,0.129847,-0.110349,-0.047817,-0.048733,-0.427072,0.239583,-0.054277,0.220543,0.146699,-0.016285,-0.328698,-0.054644,0.099569,-0.342485,0.185325,0.023183,-0.188735,0.261899,-0.239014,-0.132957,-0.139888,-0.092289,-0.417535,0.242646,-0.252965,-0.200855,0.14199,-0.027024,-0.367658,0.064019,0.240503,-0.34477,0.185461,-0.298279,-0.08089,0.011703,-0.29893,-0.174827,-0.088003,-0.341849,0.223467,-0.068979,-0.316339,0.155649,-0.100891,-0.298981,0.104261,-0.197534,-0.322984,-0.044885,0.323858,0.201923,-0.092717,0.035426,0.550947,-0.268698,-0.281053,0.218576,0.208004,0.043363,-0.252961,0.22039,0.154659,0.269337,0.029506,0.221088,0.344568,-0.093965,0.029822,-0.08231,0.098866,-0.069477,0.235153,-0.369337,-0.208,0.269665,0.02921,-0.146483,-0.063674,-0.250833,0.349582,-0.15314,-0.071678,0.253695,#
17,-0.058352,0.385421,0.419463,0.14277,-0.064333,-0.144869,-0.027959,-0.180092,0.218199,-0.093838,-0.264535,-0.145189,-0.108027,0.300425,-0.178271,-0.196361,-0.238021,1.0,-0.07996,0.235487,0.162221,0.154272,-0.096917,0.110741,0.289329,0.170901,-0.316657,-0.037516,0.180196,0.186049,-0.019616,0.007215,0.382094,0.110236,-0.118662,0.176563,0.003488,-0.132531,-0.094452,-0.119807,0.16168,-0.050233,-0.018514,0.413366,-0.029495,-0.024624,-0.157624,0.09185,-0.149659,0.069229,0.033354,-0.012527,0.161541,-0.12729,-0.1863,-0.000615,0.382056,0.435303,-0.019322,0.061444,0.323189,-0.197102,0.123072,-0.144029,-0.007937,0.128091,0.0,-0.027998,0.051913,0.153494,-0.143359,-0.044376,-0.167298,-0.004532,0.193826,-0.191349,0.066395,0.066589,-0.11486,0.196152,0.311365,0.066865,0.097525,0.013735,0.680964,-0.180657,0.375857,-0.16874,-0.038719,0.274067,-0.039235,0.205849,-0.061563,0.220599,-0.33525,-0.338324,0.156212,0.013906,0.467186,0.081567,0.204026,0.13385,-0.064704,0.302152,0.099624,0.310784,-0.12851,-0.199922,0.181865,0.035891,0.239776,0.177442,0.313182,0.314619,0.202839,0.201379,-0.084,0.183397,0.033246,0.061631,0.364778,0.129226,0.249063,0.002922,0.234873,0.118431,0.320742,-0.001388,-0.329592,0.040953,0.093255,-0.156191,-0.126998,0.120858,-0.147392,0.02835,-0.23011,0.274067,0.277052,-0.184289,0.080203,0.114951,0.020107,-0.110766,0.203761,-0.330075,-0.012585,0.000927,0.078804,0.155531,0.162399,-0.214746,0.146735,0.122042,0.198974,0.050564,-0.078497,0.368954,0.163214,0.189643,0.075091,-0.041232,0.030515,0.388949,0.153746,-0.025563,0.036165,-0.105236,0.091634,0.319876,-0.268363,-0.093324,0.059814,0.197027,-0.119362,0.106626,0.065761,0.038477,-0.047408,-0.269154,0.263187,-0.146759,-0.128548,-0.028259,0.045176,-0.00723,-0.073933,0.080706,-0.278034,0.384905,0.196092,0.029814,0.438028,-0.24616,0.003678,-0.179442,-0.220727,0.01947,0.360046,-0.387095,#
18,-0.099891,-0.009316,0.00236,-0.274397,0.336878,0.116569,0.041921,-0.184148,0.309117,-0.075525,-0.120309,0.135911,0.226167,0.048895,-0.097915,0.184591,-0.134769,-0.07996,1.0,0.177807,0.126013,-0.134591,0.478906,0.075066,0.071665,-0.217712,0.441375,0.142706,-0.201603,0.319847,-0.10956,0.05062,-0.282434,0.054618,-0.216117,-0.073489,-0.219839,-0.390737,0.022215,-0.171378,-0.07519,-0.133735,0.326857,0.08287,-0.240313,-0.006013,0.046807,0.078607,-0.100201,0.117744,0.329686,0.223223,0.352711,-0.125863,-0.270261,0.287647,0.028619,-0.108237,-0.290692,0.11182,-0.180175,-0.023243,-0.1564,0.080257,-0.084824,0.232181,0.0,0.197011,0.041575,0.246449,0.273538,0.265677,-0.18118,0.254829,-0.061751,0.327091,0.014112,-0.513089,0.176703,-0.266991,-0.134202,-0.324291,-0.153801,0.392745,0.053176,-0.132196,-0.208459,-0.256601,0.03712,0.195796,-0.01981,0.130588,0.124956,0.142406,-0.263501,-0.032613,0.007239,-0.207433,-0.605344,-0.149133,0.119809,0.294569,-0.158453,0.282027,-0.005913,-0.29495,0.29959,0.13607,-0.102409,0.111836,0.168017,0.176805,0.212146,-0.102052,-0.355136,-0.390777,0.147658,0.01238,0.327649,-0.080677,-0.055565,-0.29495,-0.2105,-0.564376,0.096481,-0.342102,0.101619,-0.235632,-0.055362,-0.414298,-0.248566,0.029409,0.089453,0.072565,-0.442181,-0.213411,0.192591,-0.292369,-0.315216,-0.167136,-0.179575,-0.021013,-0.413431,-0.32526,-0.141397,-0.113946,0.028697,0.245324,-0.461399,0.104143,0.199345,-0.32861,0.360951,-0.295383,-0.247629,-0.21817,-0.177115,0.44631,0.031084,-0.05287,-0.016851,-0.316956,0.058983,-0.197976,0.066923,-0.108176,0.201181,0.018713,-0.143212,-0.306655,0.131756,0.567019,0.003976,-0.136964,0.466549,-0.358665,0.077624,0.125379,0.03976,-0.014158,0.326761,-0.039063,0.098034,0.190395,0.034634,0.48728,0.116306,0.132106,-0.356235,0.162071,0.039152,-0.065651,-0.174029,-0.015271,-0.674142,0.277882,0.00029,-0.019093,0.517526,0.224452,#
19,-0.28069,-0.024873,-0.018819,0.255243,-0.003866,-0.104035,-0.259534,0.239624,0.200701,-0.216136,-0.278791,-0.026394,-0.185373,-0.041458,0.013832,-0.331734,-0.113862,0.235487,0.177807,1.0,-0.123604,-0.049828,-0.09387,0.325277,0.403446,0.254023,-0.237429,0.000953,-0.483632,0.141788,0.277276,-0.046739,0.37089,0.649798,-0.309028,0.078719,-0.091077,0.116939,-0.122364,-0.144029,0.231703,-0.269947,0.046766,0.028004,0.10816,-0.034448,0.150892,0.240386,-0.087731,-0.09387,-0.028155,0.319804,0.044047,-0.046419,-0.356225,0.020639,0.28948,-0.255969,0.130288,-0.198191,-0.264677,-0.032584,0.021508,0.091042,-0.17105,-0.069014,0.0,-0.197834,-0.219906,0.204202,0.04688,-0.045922,-0.184534,0.048515,0.01145,0.067175,0.493629,0.327441,0.203931,0.238602,0.183558,0.209683,0.076424,0.031129,0.352727,0.272972,-0.16736,-0.246591,0.350266,0.302185,-0.04328,0.49653,0.293365,-0.0261,-0.442721,-0.311312,0.294041,-0.167516,0.146076,0.2659,-0.157593,0.427437,0.257241,0.099338,-0.028489,0.17378,0.102214,-0.338233,0.316173,-0.180995,0.115105,-0.102024,0.558656,0.44788,-0.106245,0.136834,0.423168,-0.032111,0.38492,-0.243671,0.334831,-0.053471,0.314363,0.033622,0.157069,0.262946,0.016716,-0.146355,0.142329,0.2383,0.033415,0.140848,0.256486,0.136847,-0.06122,-0.002905,-0.102024,0.094139,0.080246,0.072725,-0.184494,-0.204188,0.129833,0.209846,0.297021,0.180536,0.297218,-0.198874,0.262947,0.316173,0.228191,0.177867,0.036082,0.191914,0.442708,0.492402,0.006493,0.069025,0.075487,0.345774,0.008084,0.319183,0.028682,0.389765,0.238542,-0.133301,0.250605,0.051563,0.088753,0.201,-0.284192,0.279559,0.279471,-0.122043,-0.293874,0.188979,-0.184491,-0.293099,-0.336859,-0.01367,-0.009417,-0.166547,-0.152587,-0.287807,-0.05486,0.154306,-0.116157,0.338973,-0.51525,-0.215122,0.356225,-0.374149,-0.215601,-0.279715,-0.253822,-0.309441,-0.014173,0.344835,0.137028,-0.085996,#
20,-0.067474,0.236354,0.111888,0.194681,0.188024,0.060325,0.096601,-0.131735,-0.118177,0.081427,0.242914,-0.142227,0.202215,-0.38982,-0.355897,-0.088218,-0.248497,0.162221,0.126013,-0.123604,1.0,0.143021,0.128744,0.230668,-0.026882,0.090122,0.238191,0.292757,0.360145,0.205828,-0.043679,-0.077034,0.157699,-0.014181,0.049544,-0.246038,0.143468,-0.407592,-0.125795,0.206686,0.143094,0.103193,0.141736,0.131943,0.021764,0.050786,-0.541281,0.02743,-0.286822,-0.09448,0.057932,-0.013359,-0.014241,-0.071254,0.322763,-0.078501,-0.156771,0.166506,-0.218289,0.073373,0.066921,-0.116087,0.019069,-0.096043,0.369618,0.154543,0.0,-0.171694,-0.333591,0.083984,-0.337355,0.254889,0.394941,0.131149,-0.123845,0.258862,-0.003757,-0.052157,0.131237,-0.243932,-0.421955,-0.059643,0.013841,0.189404,-0.188161,-0.531443,0.351831,-0.351962,-0.271777,-0.068204,-0.059851,-0.286172,-0.052459,-0.130443,0.093462,0.173004,-0.38982,-0.096981,-0.072043,0.265258,0.251419,0.021832,-0.120757,0.119804,0.140253,0.133016,-0.006471,-0.029303,-0.231083,0.223771,-0.008898,0.212435,-0.143303,-0.119287,-0.070924,0.030595,0.13868,-0.005897,-0.289202,0.087773,-0.11589,-0.108581,-0.133924,-0.024871,-0.177435,-0.251522,0.530796,-0.139596,-0.110399,-0.120629,-0.301593,-0.128362,0.138403,0.013846,-0.298352,0.300096,-0.225756,-0.218742,-0.191635,-0.382752,-0.408243,-0.047512,-0.325477,-0.072142,-0.170174,-0.112826,-0.392439,0.288505,-0.104668,-0.328481,0.156308,-0.357341,-0.014233,-0.222626,-0.235592,-0.147613,-0.22371,0.146959,-0.013982,-0.328207,-0.021648,-0.030252,-0.15471,-0.124404,-0.333705,-0.124603,-0.325129,0.043149,0.049751,0.120797,0.066863,0.188153,-0.264764,0.052626,0.24183,-0.393305,-0.149188,0.536825,0.328917,-0.031907,0.150296,0.112605,0.133975,-0.045647,0.336036,0.249391,-0.311843,0.375431,0.279916,0.541335,-0.124044,0.36053,0.395972,0.211915,-0.005597,0.411109,0.286686,0.085452,0.264348,-0.05434,#
