0,1.0,0.009891,-0.137844,-0.055586,0.206108,0.372768,-0.049376,0.062158,-0.503589,-0.06929,0.146309,-0.056367,0.340963,0.179496,0.124212,0.0415,0.126984,-0.498363,0.074944,-0.255369,0.286831,0.26815,0.026543,-0.20967,-0.181428,-0.367336,-0.036607,-0.29727,0.357178,-0.027427,0.307906,0.11318,0.241639,-0.178029,-0.090876,-0.038403,0.227791,-0.240681,-0.11819,-0.353158,0.272525,0.349049,0.356055,0.234545,-0.358986,-0.079582,-0.03646,-0.023093,-0.294707,-0.146118,-0.050446,-0.104992,0.294581,-0.161286,0.378314,0.046645,-0.208271,0.035317,0.078921,0.208669,0.516615,0.413948,-0.10133,-0.161877,0.073596,-0.090669,-0.222791,0.267889,-0.123485,-0.360962,-0.22474,0.148939,-0.276768,-0.097286,-0.600846,0.388327,-0.225341,0.022544,-0.538367,0.033066,0.044598,-0.424569,0.137652,-0.114877,-0.354879,-0.128134,-0.015321,0.056289,-0.164464,-0.461756,-0.336527,-0.361991,-0.031402,-0.370199,0.040579,-0.360024,-0.419328,-0.004757,-0.098691,0.386862,0.151474,-0.145714,-0.225341,-0.277889,0.120253,-0.37426,0.059733,-0.013191,-0.232741,-0.063762,0.096889,0.165548,-0.398722,-0.073558,0.025681,-0.049028,-0.536365,-0.222055,-0.23747,0.025488,-0.352842,0.034508,0.138031,-0.348479,-0.069021,-0.150096,-0.19763,-0.047297,-0.245278,0.349434,0.045093,-0.240854,-0.050005,0.032214,-0.523547,-0.066813,-0.108765,-0.139752,0.447047,-0.305737,-0.31425,0.009428,0.137626,0.289016,-0.090575,-0.011792,-0.137848,0.06824,-0.43232,-0.293617,-0.016836,-0.347326,-0.109385,-0.194587,0.041243,-0.230551,0.028216,-0.030563,-0.271747,-0.262453,0.217024,-0.488518,-0.053459,-0.016013,-0.078114,-0.14977,-0.293105,0.107637,-0.139416,-0.371947,0.126705,0.114405,-0.25422,0.227146,0.007614,-0.118146,-0.148201,0.05344,-0.038879,0.246675,0.049458,-0.097661,0.210367,0.52787,0.181994,-0.001826,0.184607,-0.209937,-0.086235,0.133395,-0.061472,0.103946,0.254091,-0.185441,0.036386,0.23626,-0.034202,-0.085632,-0.245289,0.219302,#
1,0.009891,1.0,0.134987,-0.263015,0.051877,0.167929,0.198577,0.255594,0.135315,0.457668,-0.334511,0.174586,0.359506,0.303479,0.43368,0.045132,-0.15075,0.270976,-0.086447,0.079289,-0.173763,0.23511,0.358503,-0.106142,0.02713,-0.305119,-0.092435,-0.004069,-0.412252,0.150457,-0.227457,-0.001056,0.332136,-0.159215,-0.461012,0.419897,0.142109,-0.073552,-0.002475,0.043139,0.079961,0.206535,-0.054461,-0.01222,0.419127,-0.424836,0.12449,-0.065453,0.140855,0.272569,0.207911,-0.189578,0.068552,-0.366596,-0.082154,-0.112436,-0.282831,-0.48241,-0.100813,-0.324125,0.223251,0.321893,-0.331444,-0.290982,0.305236,0.124305,0.01251,-0.101433,0.148574,-0.050698,0.140035,-0.112365,0.219674,-0.279046,-0.127459,0.169023,-0.335509,-0.452725,0.080246,0.060258,-0.02842,-0.321544,-0.128953,-0.044734,-0.164627,-0.2049,-0.26202,-0.265685,-0.130222,-0.211976,-0.144084,-0.103367,-0.445679,0.052638,-0.197895,-0.072896,0.168678,0.166369,0.363281,-0.023543,-0.009603,-0.018793,-0.335108,-0.217107,-0.2307,-0.189198,-0.387669,0.047359,-0.261276,-0.409385,0.223094,0.419452,-0.203203,-0.14148,-0.183932,-0.316046,-0.158358,-0.312479,0.390729,-0.385451,-0.166476,-0.444533,-0.439728,-0.172088,-0.400712,-0.255998,0.325526,0.288158,-0.114785,0.13855,0.008636,0.233213,-0.336888,-0.146712,-0.260065,-0.30021,0.156238,-0.186932,-0.136112,-0.150454,-0.011183,-0.217962,-0.285554,-0.252218,0.025898,0.196903,-0.17767,0.264022,-0.02954,-0.112477,-0.525729,-0.427616,0.015413,-0.001677,-0.035203,-0.259276,0.298528,0.217994,-0.083631,-0.224942,0.091988,-0.17903,0.321607,0.550808,0.138915,0.272411,-0.049564,0.040641,-0.341643,-0.187134,-0.184293,-0.004845,-0.093505,0.023952,0.125133,-0.117998,-0.130517,0.339895,0.30528,-0.638764,0.436239,0.064444,-0.427962,-0.251794,0.115196,-0.149291,0.364313,-0.030476,-0.533459,0.421772,0.105987,-0.099213,0.233405,0.548152,-0.082029,-0.210706,0.019781,0.126233,0.607747,-0.078374,#
2,-0.137844,0.134987,1.0,0.403543,-0.119241,-0.245169,0.203381,0.020577,0.472237,0.150838,-0.227545,-0.151661,-0.242094,0.009652,-0.054893,-0.169941,-0.463021,0.416345,-0.136004,0.191064,0.122827,0.360591,0.005375,0.093794,0.460262,0.047306,0.587565,0.350738,-0.024189,0.178756,-0.089383,-0.03599,-0.150972,0.019638,0.147373,0.062868,-0.051524,-0.252,0.331671,-0.250941,0.267502,-0.015774,-0.078416,-0.101264,0.032411,-0.234213,-0.102695,0.334468,0.140967,-0.143896,-0.313939,-0.007321,0.240672,0.120823,-0.313203,0.00781,0.001853,-0.347166,-0.328065,0.140104,-0.244915,-0.150465,-0.00926,0.02593,-0.017049,-0.163581,0.205591,0.239814,-0.011786,0.319305,0.139571,0.166111,0.225099,0.209568,0.342321,-0.292764,0.011786,-0.2965,0.186534,0.047372,0.116494,-0.008084,0.017097,0.031853,-0.014205,0.313893,0.057162,-0.025608,0.218181,-0.064282,0.234164,0.049489,0.28005,0.202183,0.249581,0.243053,0.536172,0.501081,0.089669,-0.026675,-0.018739,0.533874,0.191007,0.121424,-0.055242,0.305248,-0.049866,0.223415,-0.465506,-0.061807,0.374136,0.024685,0.189584,0.019985,0.325897,0.012766,0.009176,0.057543,0.205381,0.131008,0.170242,0.072351,-0.077517,0.016577,0.129135,-0.057763,-0.021779,0.065689,-0.196732,0.310625,0.664019,-0.1164,0.168157,0.00715,0.22142,0.25867,-0.23847,0.337299,0.254042,0.168899,0.142435,-0.146899,0.072581,-0.226958,-0.201461,-0.164712,-0.191078,-0.127153,0.280184,0.304268,-0.09532,-0.108233,0.326045,-0.019736,0.116343,0.11456,0.115441,0.131319,0.111991,0.3894,0.331951,0.142123,0.122683,0.267541,-0.102434,-0.413445,0.085641,0.020403,0.012286,0.31565,-0.204288,-0.240081,-0.103666,0.25042,-0.40709,0.43179,0.036468,0.051299,0.013907,-0.226846,0.136646,0.00503,-0.300685,-0.303662,-0.250818,0.464384,-0.036476,0.164559,0.034253,-0.13417,0.076282,-0.469109,-0.143709,0.390365,-0.480034,0.234083,-0.385785,0.085668,0.336543,-0.228793,#
3,-0.055586,-0.263015,0.403543,1.0,-0.228257,-0.086309,-0.023214,-0.206941,0.03298,-0.132048,0.048285,0.056035,-0.291294,-0.083334,-0.307327,-0.105407,-0.03395,0.147787,-0.029868,0.284534,0.206748,0.303712,-0.098098,0.333079,0.46716,0.461328,0.544905,0.202368,0.108941,-0.334845,0.214563,0.422168,0.08753,0.071697,0.183809,-0.108262,-0.218418,-0.041018,-0.142652,-0.206163,-0.076264,-0.004242,-0.077236,0.067656,-0.09039,0.215349,-0.036733,0.029547,-0.197172,-0.200027,-0.379807,0.205407,0.081532,0.161759,-0.301909,0.094709,0.225349,0.075228,0.204002,0.318592,-0.24697,-0.31957,0.000586,0.018041,-0.019699,-0.306606,0.083541,0.245064,-0.061872,-0.074572,-0.141204,0.35822,0.002672,0.140447,-0.078882,-0.301911,0.125826,0.137286,-0.002464,-0.167383,0.243882,0.446737,0.103354,-0.03341,0.234667,0.245776,0.347719,-0.074572,0.156825,-0.336276,0.26926,0.021055,0.315595,-0.014289,0.436893,0.236771,0.283197,0.239009,-0.366528,0.021615,-0.088714,0.380639,0.654655,-0.000612,0.533483,0.207515,0.018523,0.118041,-0.034354,0.055297,-0.151409,-0.318957,-0.083682,0.093454,0.314525,0.111106,-0.099539,-0.027482,-0.19988,0.430314,0.06267,0.206752,0.348844,-0.09383,0.16258,0.226104,0.053463,-0.130921,0.369151,0.361252,0.086125,-0.022567,0.15206,0.151405,0.318932,0.312145,0.028905,0.034849,0.030652,0.421964,0.053536,0.081468,0.141996,-0.037159,0.139348,0.067164,0.126257,-0.149221,0.235214,0.189195,0.086601,0.363031,0.118466,0.42736,0.259187,0.364011,-0.130725,-0.158217,0.103125,0.217223,-0.080643,0.391872,-0.281104,-0.00087,-0.374912,-0.316049,0.356706,0.097242,0.262795,0.389734,-0.192033,-0.163437,0.154467,0.212944,-0.44751,0.375769,0.294992,-0.21874,-0.388389,0.219298,-0.242212,-0.164013,0.007627,-0.039401,-0.091685,0.324615,-0.029889,0.308921,0.497999,-0.192995,0.342456,-0.203558,-0.179068,-0.200081,-0.55875,0.074728,-0.232374,0.067688,0.127032,-0.55751,#
4,0.206108,0.051877,-0.119241,-0.228257,1.0,0.172807,-0.025642,0.491581,-0.218284,-0.208392,0.135701,-0.206756,0.371968,0.024655,-0.051163,-0.158752,0.118074,-0.045367,0.275075,-0.260043,-0.342344,-0.069001,0.193222,-0.049935,0.190501,-0.074007,-0.444811,-0.141536,-0.196885,-0.144345,-0.092428,-0.306201,-0.043424,-0.125132,-0.32433,0.01365,-0.008966,-0.10177,0.030075,0.158754,0.101108,-0.30112,0.118759,0.293651,-0.168235,0.097528,-0.31087,0.123555,-0.065649,-0.119444,0.31484,-0.040222,0.123497,-0.17623,0.349179,0.1739,-0.166021,0.234318,0.100318,-0.232402,0.093103,0.020842,-0.27617,0.109115,-0.148509,0.504269,0.286117,-0.237713,0.23577,0.030108,0.0721,0.032593,-0.277726,0.056093,0.064635,0.359127,-0.032852,-0.269811,-0.166512,-0.250962,-0.121654,-0.108106,-0.026178,0.077599,-0.1986,-0.12215,0.127517,0.357125,-0.115322,-0.123762,-0.170601,-0.197683,-0.054685,-0.209895,-0.318271,-0.178584,0.162858,-0.280242,0.219837,0.18181,0.161823,-0.158715,0.130486,-0.284704,-0.209126,0.115184,0.189917,-0.244129,-0.052457,-0.323227,0.004444,0.217071,0.340599,-0.198562,-0.166713,0.094252,-0.137492,0.153071,-0.051638,0.040176,-0.202074,-0.25867,0.273234,-0.152267,0.319986,0.138446,0.199157,-0.075892,0.040507,0.20226,-0.273021,-0.061772,-0.011958,-0.104473,-0.351753,0.114613,-0.08956,-0.316551,-0.072907,0.047623,-0.304323,-0.235604,-0.042261,0.227949,0.005389,-0.208854,-0.348311,0.228046,0.067886,-0.420964,-0.276961,-0.031351,-0.577217,-0.19556,-0.109766,-0.439836,-0.162975,0.073168,-0.013624,-0.083924,-0.12044,-0.153689,-0.416089,0.069697,0.426893,-0.119153,-0.117775,-0.130724,-0.141779,-0.057375,-0.04083,-0.070013,-0.067646,0.077418,0.541486,0.051275,0.363524,0.252857,0.168882,-0.076221,-0.082213,0.126811,0.2201,0.355852,0.205089,-0.332293,0.026255,-0.399927,-0.039533,0.055368,-0.025263,-0.055956,0.454074,-0.13141,-0.0679,0.032022,0.31671,0.017598,-0.346496,0.040951,#
5,0.372768,0.167929,-0.245169,-0.086309,0.172807,1.0,0.214262,0.194817,-0.340434,0.030349,0.317573,-0.061827,0.154615,-0.037627,0.201895,0.30943,0.434807,-0.096565,-0.22015,-0.012195,-0.066239,0.201586,0.273938,0.133884,-0.361582,-0.186362,-0.071911,-0.330013,0.130553,-0.411822,0.092352,0.078743,0.115569,-0.138181,-0.271123,-0.125821,0.199698,0.140399,-0.052365,0.214987,-0.220859,0.163405,0.095669,0.018111,0.099752,-0.076465,-0.0792,0.22089,0.140385,-0.040493,0.195143,-0.122021,-0.010675,-0.150334,0.365972,0.221288,-0.239054,-0.117083,0.088628,-0.252571,0.422981,-0.006314,-0.326361,-0.070419,-0.035089,0.449852,0.003628,0.306675,0.260309,-0.049953,-0.134342,0.097006,-0.237983,-0.025274,-0.471691,0.383043,-0.410396,-0.225263,-0.256696,0.176803,0.150904,-0.121126,0.034517,-0.155653,-0.058134,-0.240939,0.106365,-0.226271,-0.030008,-0.504211,-0.337987,-0.091099,-0.067246,0.007127,-0.07824,-0.163675,-0.319441,-0.321651,-0.003769,0.176241,-0.105566,-0.22943,-0.198698,-0.299878,0.108723,-0.34302,-0.10857,-0.040368,-0.25945,-0.203081,-0.09394,-0.12652,-0.316298,-0.171773,0.071481,-0.195803,-0.546527,-0.17698,0.189309,-0.169119,-0.25729,-0.333522,0.109788,-0.564191,-0.211487,0.08514,-0.23367,-0.006977,-0.029861,-0.032242,-0.13268,0.03373,-0.195282,-0.021751,-0.271043,-0.101593,0.03827,-0.442453,0.006653,-0.31815,-0.220505,-0.069489,-0.278565,0.204011,0.018968,-0.105135,0.085088,0.27231,-0.023353,-0.112477,0.118033,-0.079693,-0.116202,0.127406,-0.04272,-0.472064,-0.132144,0.177016,-0.254788,0.05145,0.155403,-0.221081,-0.322731,0.32321,0.020235,0.276047,0.088206,-0.096603,-0.110774,-0.088244,0.391337,-0.291284,-0.297092,-0.066942,0.165564,-0.38354,-0.034026,-0.021261,0.010866,-0.083952,0.047868,-0.089508,-0.086592,0.251029,0.348051,-0.032858,0.011654,0.108338,-0.232356,-0.126243,0.164774,0.136022,0.312263,-0.212765,0.07123,0.085585,0.012382,0.011089,-0.143817,-0.033243,#
6,-0.049376,0.198577,0.203381,-0.023214,-0.025642,0.214262,1.0,0.29903,0.215536,0.378715,0.266089,-0.069495,0.239111,-0.293198,0.012466,-0.0155,-0.012749,-0.23043,-0.074492,-0.370349,-0.429292,0.237525,-0.077445,0.021705,-0.033849,-0.04368,0.389208,0.200274,0.230861,-0.091916,-0.424449,-0.081754,-0.083335,-0.248759,0.22959,0.183052,-0.306147,0.202606,0.075103,-0.006152,-0.161695,-0.294358,0.230814,-0.496445,-0.02087,-0.052784,-0.377979,-0.160484,0.117293,0.317046,0.065304,0.078261,-0.172815,-0.089175,0.216369,-0.079722,0.008971,-0.253269,-0.223794,0.173568,0.270068,0.060753,-0.089216,0.017194,0.095415,0.176658,0.321592,-0.028727,0.475225,0.001782,0.254898,-0.330453,-0.168748,-0.203491,0.104949,0.230043,-0.107971,-0.194362,-0.018144,-0.016997,-0.353292,-0.082552,-0.194618,-0.333458,0.103425,0.388911,-0.021539,-0.246214,0.1348,-0.292734,-0.214137,-0.041896,0.043919,-0.284086,0.27361,-0.177537,0.228843,-0.093552,0.177496,-0.442282,0.015719,-0.093989,-0.107558,-0.126154,-0.403652,-0.11799,-0.285934,-0.130691,-0.310029,-0.00359,-0.400176,-0.02068,-0.166629,-0.395108,-0.227972,-0.401484,-0.017905,0.10563,-0.119171,0.217435,0.103466,0.016386,0.151433,-0.231594,-0.321772,-0.236231,0.278766,0.409959,-0.143846,-0.098229,-0.083939,-0.376678,-0.47425,0.301745,0.323688,0.213723,-0.094275,-0.267274,-0.26047,-0.090316,0.294048,-0.13318,-0.141873,0.043072,0.081371,-0.158612,-0.23732,0.329838,0.038639,0.002239,0.003209,-0.193573,0.094069,-0.074752,-0.163836,-0.35258,-0.273871,-0.030128,-0.040455,0.131593,-0.189965,-0.075688,0.036816,0.327514,0.19963,0.030326,0.046852,0.486577,-0.204029,0.430444,0.608184,-0.105701,-0.155273,0.08659,0.361122,-0.061479,0.311853,0.280125,0.012802,-0.396558,0.377964,0.478924,0.199257,-0.155684,0.164853,-0.091319,-0.250572,0.209614,-0.144292,0.37353,-0.198787,0.0384,0.29556,0.12761,0.187741,0.172756,-0.303983,0.164079,-0.075744,-0.021922,#
7,0.062158,0.255594,0.020577,-0.206941,0.491581,0.194817,0.29903,1.0,-0.081327,-0.064381,0.249743,-0.344886,0.459438,0.256974,-0.092361,0.05309,-0.04722,-0.018522,0.023569,-0.117157,-0.159778,0.05369,-0.011362,0.293398,0.019563,-0.08006,-0.245131,-0.11215,-0.039406,0.116781,-0.071494,-0.193288,0.23962,0.030643,-0.243632,0.283166,0.124618,0.069939,0.107453,0.192272,-0.138692,-0.165027,0.125797,0.10865,-0.191677,-0.299411,-0.326206,-0.193939,0.242673,0.010418,0.078131,0.175702,0.092268,-0.070595,0.111145,-0.0112,-0.201429,-0.034145,-0.148966,0.056169,0.244103,0.213125,-0.291923,-0.087725,-0.294639,0.36692,0.361125,-0.010518,0.212627,0.222335,0.345746,-0.148104,-0.577475,-0.134608,-0.013491,0.129363,-0.141545,-0.133714,0.020714,-0.115957,0.019334,-0.044732,-0.050068,0.140065,-0.150651,0.037454,0.196421,0.112663,0.064785,-0.200977,-0.197242,-0.006995,-0.142856,-0.134237,-0.283062,0.092659,0.190638,-0.051119,0.337532,-0.314907,0.183885,-0.108177,0.071823,-0.397986,-0.075408,0.126028,0.001803,-0.094807,-0.122403,-0.320399,-0.011602,0.282557,-0.042227,-0.059943,0.148183,-0.075956,0.035839,-0.119301,0.068441,-0.087313,-0.340442,-0.400598,0.196421,0.023779,-0.192507,-0.178518,0.121393,0.058589,-0.129468,0.112061,-0.048587,-0.039262,-0.140609,-0.134689,-0.195265,0.063838,0.230417,-0.109145,-0.14465,-0.048954,0.340102,0.134225,-0.142898,0.179023,0.098554,-0.139881,-0.173995,0.138441,0.05006,-0.191344,-0.253906,-0.006548,-0.233101,0.035735,-0.399198,-0.381757,0.037492,-0.212024,0.050954,0.240777,-0.154355,0.118141,-0.086156,0.100777,0.353115,-0.000943,0.204759,-0.077749,-0.187522,0.238509,0.052903,-0.264042,-0.146623,-0.017062,0.24061,-0.116935,0.468549,0.181086,0.157181,-0.292672,0.232051,0.403856,-0.009281,-0.00583,0.227031,0.05404,0.041465,-0.292947,-0.113987,0.404267,-0.161315,-0.142696,0.405793,-0.144278,-0.219248,-0.155993,0.077162,0.057917,0.139451,-0.29806,#
8,-0.503589,0.135315,0.472237,0.03298,-0.218284,-0.340434,0.215536,-0.081327,1.0,0.369848,-0.275417,0.039833,-0.165834,0.134004,0.208444,-0.00489,-0.4369,0.538616,0.081072,-0.023906,-0.294776,0.232417,0.097543,0.221325,0.332191,0.373866,0.424417,0.459237,0.019316,0.167525,-0.055827,-0.143315,-0.107958,-0.201897,0.275854,-0.008057,-0.029301,-0.075903,0.340362,-0.383703,0.093098,-0.36609,0.143053,-0.15063,0.356504,-0.218394,-0.38248,0.129854,0.303592,0.311719,0.033308,-0.120628,-0.113576,0.059106,-0.333849,0.322586,0.171609,-0.541996,-0.139243,0.229941,-0.241676,-0.247543,-0.097792,0.038139,0.273589,0.01132,0.357124,-0.078597,-0.037312,0.523065,0.182503,0.130841,0.288025,0.088116,0.277678,-0.092629,0.030108,-0.187999,0.359609,-0.036165,0.118096,0.1141,-0.276774,0.084887,0.207191,0.315242,0.065207,-0.1215,0.094556,0.134547,0.523704,0.356668,0.059528,0.381084,0.318285,0.16991,0.407367,-0.039388,0.047794,-0.195399,0.025631,0.486769,0.030498,0.307383,-0.357637,0.036169,0.145562,0.008992,0.047032,0.041781,0.173515,-0.20047,0.203535,-0.293045,0.171266,0.043331,0.155999,0.036302,0.384294,-0.098131,0.222204,-0.06013,0.040082,0.163285,-0.158555,-0.098211,0.312594,0.037069,-0.345075,-0.369965,0.287505,0.228115,-0.144368,0.104582,0.363686,0.067993,0.070733,0.156813,-0.25825,-0.041172,0.347436,-0.083176,0.070789,-0.300183,-0.302012,-0.259849,-0.043932,0.126063,0.290201,0.084937,0.131192,0.037981,0.294367,-0.106401,0.105401,0.237168,0.365964,0.254506,0.049109,0.284051,0.046675,0.331159,0.241542,-0.043306,0.22801,-0.013715,-0.020445,0.185722,-0.220562,0.373663,0.037586,0.187526,0.25395,0.332205,-0.043487,0.289067,-0.051651,0.075729,0.303923,-0.409146,0.416182,0.040089,-0.3656,-0.357589,-0.230864,0.07796,-0.066524,0.20978,-0.262386,-0.008762,-0.269062,-0.28222,-0.133045,0.447333,-0.075575,0.130216,0.018392,0.018224,0.168405,0.150363,#
9,-0.06929,0.457668,0.150838,-0.132048,-0.208392,0.030349,0.378715,-0.064381,0.369848,1.0,-0.435414,0.183802,0.380171,0.483092,0.513815,0.185913,-0.117488,0.224193,0.193233,-0.17783,-0.457501,0.247416,0.42707,0.053819,-0.021626,-0.276294,0.382867,0.248145,0.027955,0.484271,-0.19564,0.203504,0.227305,-0.209783,-0.18521,0.549548,-0.049429,-0.263285,-0.009873,-0.134082,0.030475,0.085091,0.114784,-0.120925,0.361276,-0.355751,0.056689,0.09491,0.096152,0.525171,0.028668,-0.013666,0.018484,-0.302315,0.094768,-0.232609,0.153474,-0.531845,-0.052832,0.014541,0.336214,0.218828,-0.320767,-0.175973,0.224018,0.067414,-0.155529,0.38471,-0.054307,0.02085,0.029269,0.078196,-0.063142,-0.385516,-0.033883,0.336765,-0.143226,-0.370083,-0.122157,-0.201327,-0.041963,-0.527374,-0.604677,-0.064204,-0.277462,-0.029086,-0.434019,-0.134527,0.103783,-0.363037,-0.022802,-0.12509,-0.291976,0.216998,0.095203,-0.140371,-0.158008,-0.046095,0.027776,-0.380836,-0.15762,-0.024529,-0.142837,-0.032467,-0.166838,-0.277018,-0.500981,-0.106784,-0.301599,-0.326791,0.01648,0.357844,-0.163105,-0.288168,-0.263335,-0.630376,-0.417211,-0.15268,0.378708,-0.43925,0.034779,-0.24235,-0.123763,-0.415697,-0.513118,-0.346316,0.117017,0.361337,-0.277268,-0.381319,-0.039893,0.225156,-0.483232,-0.245198,-0.134403,-0.485427,0.076723,-0.187689,0.036936,-0.37384,0.009629,-0.182145,-0.462713,-0.382471,-0.151266,0.082174,-0.222052,0.306217,-0.376062,-0.314994,-0.340377,-0.615203,0.125687,-0.424223,-0.063989,-0.281972,0.087189,0.412001,-0.399548,-0.091865,0.122528,-0.348222,0.178111,0.423377,0.446227,0.455603,-0.498993,0.287919,-0.584119,0.045162,0.014659,0.139022,-0.295698,0.10787,0.271056,-0.249567,-0.366811,0.52026,0.582865,-0.682144,0.333489,0.024443,-0.378485,-0.207591,0.263042,-0.190226,0.244618,0.013777,-0.503946,0.135835,0.024417,0.049293,0.352297,0.757488,0.004139,0.112643,-0.164225,0.006636,0.344435,0.141193,#
10,0.146309,-0.334511,-0.227545,0.048285,0.135701,0.317573,0.266089,0.249743,-0.275417,-0.435414,1.0,-0.441597,0.152272,-0.480182,-0.105962,0.062767,0.02629,-0.464868,0.101322,-0.064212,0.034166,0.046494,-0.150656,0.007241,-0.322763,-0.007176,-0.179531,-0.039461,0.12251,-0.426998,0.170598,-0.177295,-0.467203,-0.132059,0.337023,-0.49759,-0.004592,0.367163,0.045153,0.170902,-0.17162,-0.208882,0.083591,-0.163975,-0.12427,0.221618,-0.167084,-0.045564,0.08908,-0.352301,-0.077395,0.365525,0.033232,0.256644,0.364457,0.289533,-0.421893,0.31463,0.08931,-0.049256,0.035671,-0.154989,0.072444,0.284819,0.024991,0.032112,0.042702,-0.149049,0.490933,-0.089252,0.297965,-0.15887,-0.256228,-0.05319,-0.183152,0.133089,0.077849,0.273791,0.219309,-0.209211,0.116601,0.135042,0.00267,-0.045243,0.047337,0.143629,0.37387,-0.187464,-0.048083,-0.064915,-0.126363,-0.110202,0.153715,-0.124048,-0.18308,0.031504,-0.063113,-0.358505,0.142243,-0.090863,-0.060892,-0.286257,0.248868,-0.236355,0.080064,-0.117399,-0.072424,0.006276,0.007797,0.193097,-0.325081,-0.307328,-0.441159,-0.171282,0.083889,0.001662,0.086608,-0.078315,-0.291428,0.313127,-0.131855,0.101252,0.065062,-0.115245,-0.039396,0.290277,0.097085,0.261717,0.019502,0.079312,-0.056609,-0.181784,0.052204,0.287269,0.232337,0.337052,-0.234446,-0.124635,-0.24964,0.123751,0.062752,0.396919,-0.018967,0.11744,0.420672,-0.004628,-0.111257,0.192794,0.160296,-0.03014,0.342597,0.222839,-0.049477,0.027303,0.134977,-0.230103,-0.360661,-0.3218,-0.065073,-0.063297,-0.148079,0.240502,-0.181838,-0.002943,-0.045273,-0.221706,0.257277,0.112687,0.077661,0.183134,0.437874,-0.180964,0.152655,0.022481,0.010463,-0.172417,0.292971,-0.17735,-0.391304,0.318388,0.016446,0.237454,0.44577,0.270086,0.172175,-0.115415,-0.207333,-0.25924,0.206558,0.281409,-0.352319,-0.006016,0.251173,-0.686491,0.312739,-0.085964,0.100198,0.155123,-0.427592,-0.084492,#
11,-0.056367,0.174586,-0.151661,0.056035,-0.206756,-0.061827,-0.069495,-0.344886,0.039833,0.183802,-0.441597,1.0,0.113184,0.107,0.030283,-0.318492,0.349216,0.084413,0.056787,-0.189905,0.004867,-0.22704,-0.060826,-0.04127,0.068217,0.006115,-0.019598,0.191176,-0.275277,-0.104337,-0.147849,0.050547,0.024424,-0.129014,-0.139319,0.257897,-0.078875,-0.117554,-0.067881,-0.056026,0.00804,0.342221,0.107439,-0.222322,-0.127494,0.161861,0.075972,0.112303,-0.046227,0.236817,-0.09115,-0.162811,-0.00928,0.11639,-0.185623,-0.035781,0.02929,-0.181658,0.057734,0.146857,-0.124076,0.068936,0.258593,-0.356737,0.063633,-0.075575,-0.030358,-0.236243,-0.003531,-0.268529,-0.088123,-0.315957,0.095274,0.125072,-0.165046,0.064653,-0.260218,-0.050695,-0.227364,0.148596,-0.161865,0.149564,0.028106,-0.411311,0.040675,-0.321224,-0.243972,0.347428,-0.221868,0.118628,-0.129496,-0.080654,-0.186943,-0.060452,0.03504,-0.128999,-0.054238,0.143608,-0.24183,0.089228,0.32698,0.085024,-0.259827,0.10428,-0.051352,0.233922,-0.046823,0.131404,0.158536,0.045219,-0.055735,-0.127312,0.131078,-0.002049,-0.104552,-0.14388,0.077818,0.103233,0.093842,-0.030976,0.352453,-0.202836,-0.102447,0.064483,0.127131,-0.371469,0.091582,0.008386,0.263478,-0.088613,-0.168603,0.187553,-0.40295,0.299542,0.083104,-0.197772,0.1491,-0.079027,-0.035644,0.160949,-0.240191,-0.281073,-0.18661,0.06042,-0.05762,0.292557,-0.107552,-0.139215,-0.158183,-0.206264,-0.230468,0.085688,-0.001642,0.214,-0.153027,0.192683,0.032663,0.466995,-0.023578,-0.223369,-0.094928,-0.240335,0.289296,0.145948,-0.044585,0.264468,-0.029698,-0.018,0.086653,0.016014,-0.076453,0.424389,-0.018945,-0.160472,0.003792,-0.180502,-0.208613,0.164947,-0.062137,0.006753,-0.174766,-0.082429,-0.063492,-0.219898,-0.002951,0.129035,-0.005493,0.503298,0.082621,-0.058166,0.280206,0.524879,-0.089659,0.280868,0.049622,-0.145692,0.253901,-0.254939,0.059072,0.270711,#
12,0.340963,0.359506,-0.242094,-0.291294,0.371968,0.154615,0.239111,0.459438,-0.165834,0.380171,0.152272,0.113184,1.0,0.345298,0.197675,-0.105779,0.045764,-0.244136,0.305835,-0.177393,-0.262125,0.004185,0.25527,-0.06774,-0.346188,-0.551821,-0.239782,-0.123139,-0.081718,0.170414,0.124325,0.035058,0.126595,-0.316863,-0.258813,0.315582,0.245577,-0.174317,-0.193221,-0.054319,0.128177,0.151844,0.36946,-0.051424,-0.12843,-0.3314,-0.086835,-0.03628,0.179503,0.190985,-0.172055,0.248149,0.352208,-0.084681,0.376961,0.122122,-0.257688,-0.268617,0.122281,0.019859,0.475409,0.286944,-0.314627,-0.208476,0.195981,0.179996,0.017089,-0.060965,0.327755,-0.124374,0.325326,-0.178119,-0.513812,-0.402332,-0.269977,0.66344,-0.192251,-0.038262,-0.057934,-0.376035,-0.049516,-0.301991,-0.345893,-0.241722,-0.413457,-0.207727,-0.06137,0.075877,-0.221385,-0.302629,-0.347482,-0.43765,-0.46212,-0.185381,-0.307698,-0.189231,-0.084173,-0.133549,0.269464,-0.232565,-0.061461,-0.239078,0.00726,-0.298337,-0.119819,-0.150438,-0.282825,-0.248947,-0.065871,-0.386856,0.090257,0.315029,-0.300608,-0.181529,-0.126955,-0.563824,-0.334187,-0.170205,-0.004171,-0.34204,-0.060873,-0.479419,-0.06137,-0.349664,-0.197642,-0.196394,0.175386,0.517462,-0.12866,-0.026902,-0.132603,0.210202,-0.391507,-0.032442,-0.252743,-0.282881,0.036375,-0.239983,-0.139353,-0.12359,0.003719,0.136441,-0.271946,-0.086574,0.223558,0.301197,-0.538063,0.296291,-0.208286,-0.740522,-0.299725,-0.264224,-0.11621,-0.241009,-0.253064,-0.30875,0.092912,0.154707,-0.237523,-0.392111,0.043827,-0.392265,-0.041366,0.32956,0.536063,0.272759,-0.275281,0.188814,-0.531937,0.11686,0.005961,0.23858,-0.088675,0.163948,0.369008,-0.367993,-0.012147,0.379458,0.193227,-0.270646,0.247747,0.303782,0.088494,0.267568,0.162455,-0.231519,0.318511,-0.32075,-0.229426,0.470716,-0.17227,0.142017,0.514337,0.142256,0.082907,-0.114356,0.213487,0.017657,-0.030361,0.163542,#
13,0.179496,0.303479,0.009652,-0.083334,0.024655,-0.037627,-0.293198,0.256974,0.134004,0.483092,-0.480182,0.107,0.345298,1.0,0.311632,0.255778,-0.17203,0.250552,0.298907,-0.119708,-0.060182,0.11576,0.533165,0.30086,0.042199,-0.117176,0.0469,0.00362,-0.053375,0.529683,0.100446,0.130714,0.482114,-0.148618,-0.349867,0.451293,0.374255,-0.581256,0.02445,-0.224965,0.029598,0.301071,0.263529,0.419823,0.04765,-0.353515,0.153007,-0.078602,-0.129746,0.22553,-0.000811,0.076878,0.221768,-0.095274,-0.021328,0.001584,-0.027422,-0.314751,0.029331,0.105828,0.279313,0.300294,-0.312369,-0.212826,-0.098801,0.171941,-0.156183,0.422104,-0.560418,-0.022083,-0.24717,0.207958,-0.382414,-0.173852,-0.297878,0.235214,-0.366153,-0.331005,-0.241625,-0.149538,0.121785,-0.362731,-0.343496,0.169491,-0.329807,-0.342724,-0.282789,0.189084,0.003356,-0.294144,0.035449,-0.123477,-0.448938,0.194198,-0.201462,-0.099847,-0.244911,-0.022073,-0.112844,-0.082275,0.153866,-0.006561,-0.129109,-0.271803,0.145676,-0.09193,-0.100771,0.160141,0.032981,-0.404993,0.197624,0.450845,-0.06383,-0.182982,0.242309,-0.185154,-0.376423,-0.377091,0.365533,-0.538775,-0.377186,-0.405206,0.047064,-0.234644,-0.336228,-0.291371,-0.032008,-0.103251,-0.269567,-0.247237,0.029506,0.355727,-0.183144,-0.464781,-0.589772,-0.652521,0.31805,-0.007383,0.108145,-0.361866,0.025674,0.001839,-0.264332,-0.257558,-0.357313,0.056401,0.011353,0.155201,-0.410337,-0.480253,-0.393684,-0.307989,-0.175126,-0.199935,-0.022351,-0.062101,0.355577,0.268699,-0.115505,-0.009427,0.210061,-0.17322,0.08924,-0.063243,0.327712,0.246039,-0.428884,-0.060405,-0.361403,-0.153258,-0.314464,0.136318,-0.323252,0.008498,-0.06439,-0.126393,-0.324113,0.264098,0.522381,-0.415053,0.200229,-0.128945,-0.400074,-0.047074,0.342612,0.126916,0.38769,-0.248902,-0.267674,0.139543,0.078788,0.104594,0.281389,0.395235,-0.341884,-0.163172,0.168913,-0.350917,0.3431,0.045179,#
14,0.124212,0.43368,-0.054893,-0.307327,-0.051163,0.201895,0.012466,-0.092361,0.208444,0.513815,-0.105962,0.030283,0.197675,0.311632,1.0,0.181421,-0.29329,0.215157,0.366335,-0.183062,-0.269936,0.401236,0.263581,0.096109,-0.024999,-0.110579,-0.080653,0.140691,-0.345511,0.161069,-0.013998,-0.10612,-0.122168,-0.016495,-0.269949,0.147734,-0.012982,-0.089179,0.344769,-0.135653,-0.086817,0.243655,-0.069716,0.123428,0.542339,-0.108861,0.180908,0.278101,0.303148,-0.08073,0.194435,-0.068561,-0.265484,-0.217337,0.15284,-0.138599,-0.077721,-0.201842,-0.134231,-0.198663,0.3532,-0.021632,-0.402018,0.219141,0.112346,-0.014035,-0.301637,0.07741,0.078235,0.061727,0.126709,0.066887,0.282995,-0.367817,-0.349531,0.153628,-0.131768,-0.195775,-0.123249,-0.212638,0.120309,-0.684257,-0.432676,0.014179,-0.287878,-0.047293,-0.125193,-0.146628,-0.213078,-0.191896,-0.001246,-0.138564,-0.101873,0.380297,-0.300949,-0.124093,-0.346575,-0.208096,0.008609,0.124865,0.015353,-0.194039,-0.148393,-0.186296,-0.173982,-0.444141,-0.359327,0.195711,-0.464386,-0.303322,0.169873,0.352426,-0.36194,-0.268749,-0.183217,-0.288188,-0.220675,-0.328099,0.535073,-0.427807,-0.11743,-0.229959,-0.312102,-0.217177,-0.373257,-0.357276,0.122219,0.420413,-0.221938,-0.200445,0.111815,0.215523,-0.493526,-0.250166,-0.290575,-0.298131,0.073204,-0.006134,0.039326,-0.52732,-0.179378,0.065388,-0.280058,-0.273829,-0.316951,0.07304,-0.224332,0.294626,-0.376356,-0.12247,-0.430222,-0.623131,-0.03023,-0.433881,0.114466,-0.457195,0.138461,0.196789,-0.416436,-0.311259,0.199862,-0.189372,0.416735,0.323794,0.203972,0.458242,-0.507921,0.145177,-0.39189,-0.283906,0.190272,0.132038,-0.273989,0.098103,0.278077,-0.234196,-0.530625,0.362261,0.429192,-0.339116,0.510727,-0.289777,-0.364832,0.129902,0.444681,-0.272567,0.11521,-0.168597,-0.486683,0.151509,0.008017,0.235325,0.530832,0.455009,0.269325,0.115562,0.204069,-0.207791,0.241988,0.143295,#
15,0.0415,0.045132,-0.169941,-0.105407,-0.158752,0.30943,-0.0155,0.05309,-0.00489,0.185913,0.062767,-0.318492,-0.105779,0.255778,0.181421,1.0,-0.024155,0.05245,0.07363,-0.007474,0.058044,-0.196698,0.328938,0.07861,-0.315617,0.16667,0.150126,0.076327,0.092514,0.251851,0.288477,0.045984,0.262422,0.102991,0.111971,-0.092147,0.215121,0.012866,0.184859,0.354097,0.08535,0.14189,-0.327166,0.212038,0.350372,-0.032926,0.147322,-0.116672,-0.136624,0.059944,0.383683,0.159162,-0.125576,-0.125848,0.252573,-0.123369,-0.038252,-0.084803,-0.330139,-0.01398,0.283833,0.028714,-0.250039,0.145027,0.017405,0.253752,-0.205714,0.241523,-0.226481,0.090379,-0.247686,0.09747,-0.1625,0.193401,-0.064506,-0.023936,-0.19878,-0.159679,-0.118035,0.189865,0.242111,-0.067391,0.163572,0.438356,0.064479,-0.149045,-0.100916,-0.08633,0.011304,-0.275471,0.14109,0.256714,0.065921,0.190741,0.046615,0.170173,-0.327403,-0.450907,-0.002734,-0.177936,-0.135988,-0.171417,-0.19878,-0.07649,0.098942,-0.40494,-0.068003,0.303608,0.074093,0.162164,-0.161893,0.131322,-0.108754,-0.027245,0.20737,0.140236,-0.103974,-0.414456,0.19412,-0.085896,-0.318821,0.089908,0.092789,-0.101933,-0.331863,0.215993,0.006412,0.036002,-0.476939,-0.189648,-0.078885,0.167177,-0.027112,-0.183442,-0.303818,-0.148679,-0.036245,0.02238,-0.064979,-0.451835,0.222559,0.13499,0.074046,0.056039,-0.024366,-0.261279,0.364271,0.164379,-0.153497,-0.14148,0.187027,-0.110877,0.113434,0.067404,0.041878,-0.134911,0.101589,0.026923,-0.246526,0.187078,0.231093,0.013667,-0.006324,-0.042444,-0.24714,-0.044356,-0.076448,0.019474,0.107311,-0.117836,0.200427,-0.268034,-0.130226,-0.412048,-0.138461,-0.049141,-0.159679,0.163637,0.130328,-0.241,0.059623,0.099664,-0.237082,0.126325,0.44627,-0.009769,0.276712,-0.106065,-0.434281,-0.047026,-0.128514,-0.119426,0.101945,0.034538,-0.181597,-0.100171,0.015448,-0.002737,0.006392,0.017064,#
16,0.126984,-0.15075,-0.463021,-0.03395,0.118074,0.434807,-0.012749,-0.04722,-0.4369,-0.117488,0.02629,0.349216,0.045764,-0.17203,-0.29329,-0.024155,1.0,-0.22981,-0.038471,-0.022576,0.013127,-0.238038,-0.145835,-0.31521,-0.235497,-0.203668,-0.17361,-0.290223,0.056764,-0.193552,-0.03388,0.091313,0.169197,0.166128,-0.175018,0.145984,-0.005139,0.21662,-0.336002,0.228303,-0.065681,5.5e-05,0.024503,0.092269,-0.223001,0.070136,-0.058052,0.060865,-0.141489,0.167535,-0.050166,0.057547,0.108702,-0.11847,0.014484,-0.07672,0.014937,0.329571,0.312759,-0.095943,0.0214,0.12549,0.322408,-0.339918,-0.116884,0.214325,-0.059152,-0.001101,0.124691,-0.300014,-0.184681,-0.135062,-0.216332,0.138713,0.006478,0.265389,-0.17134,-0.051392,-0.042532,0.29275,-0.101952,0.187549,0.154959,-0.194433,0.041387,-0.269327,-0.039217,0.318566,-0.057469,-0.278226,-0.233548,0.141229,0.106988,-0.178301,-0.003038,-0.085394,-0.338225,-0.167441,-0.118914,0.063798,0.027895,-0.146248,-0.154055,-0.090838,0.271822,0.069621,0.264347,-0.23421,0.091935,0.04025,-0.177895,-0.062463,0.071088,0.127985,-0.124865,-0.027578,-0.226032,0.157728,-0.208576,0.06328,0.031972,-0.041394,0.148454,-0.227666,0.085094,0.100071,-0.33438,-0.319435,0.276923,-0.136439,-0.471963,-0.024496,0.034385,0.35785,-0.039611,-0.078429,0.009554,-0.512303,0.196619,0.004176,-0.324811,0.005817,-0.063142,0.39172,0.344782,-0.055644,-0.005018,-0.052892,-0.117655,-0.14188,0.131467,0.134709,-0.138725,0.205844,-0.275018,-0.05695,-0.163539,0.193651,-0.11459,0.046789,-0.124905,-0.154235,-0.154743,0.078522,0.117758,0.237804,0.249407,-0.209483,0.189436,-0.135666,-0.008096,0.232251,-0.106852,-0.226263,0.214004,-0.428618,-0.042207,-0.037932,-0.204049,0.210553,-0.539171,-0.091779,0.288991,0.123704,0.050985,0.072497,0.165659,0.245112,0.131897,-0.283761,0.266671,0.279281,0.105858,-0.216628,0.067892,0.020071,0.157337,0.117758,-0.353088,-0.07082,#
17,-0.498363,0.270976,0.416345,0.147787,-0.045367,-0.096565,-0.23043,-0.018522,0.538616,0.224193,-0.464868,0.084413,-0.244136,0.250552,0.215157,0.05245,-0.22981,1.0,-0.146285,0.446934,-0.121585,0.027796,0.096347,0.28765,0.264456,0.233201,0.176458,0.244625,-0.287017,0.089504,0.072654,-0.025395,0.097153,0.054643,-0.250646,0.106266,0.104969,-0.175803,0.187455,-7.5e-05,0.012861,-0.05236,-0.217284,0.07293,0.281775,-0.344821,0.008848,0.459055,0.44126,0.02615,-0.065727,-0.276326,-0.003561,-0.030778,-0.295703,0.021459,0.201446,-0.428499,-0.307052,-0.151921,-0.236772,-0.323662,-0.17902,-0.048371,0.011544,0.187093,0.071302,0.145627,-0.051132,0.526296,0.180389,0.248759,0.242989,0.103212,0.252598,-0.24809,0.141748,-0.204245,0.210275,-0.035867,0.439451,0.072231,-0.091059,0.279662,0.038827,0.079277,0.162489,-0.03907,0.112315,0.154982,0.464639,0.333463,0.113855,0.695762,-0.000552,0.356427,0.488279,0.270418,0.125105,0.046096,-0.092349,0.410987,0.13504,0.322379,-0.060487,0.186011,0.013296,0.096186,-0.040241,-0.293172,0.438012,0.098544,0.291864,0.088878,0.307037,0.228962,0.037006,-0.051235,0.693663,-0.449567,0.216162,-0.365991,-0.022294,0.236647,0.119115,-0.034579,-0.131706,-0.160012,0.057629,0.012217,0.293471,0.318525,-0.026661,-0.356048,0.159464,-0.074838,0.20773,0.219204,0.063114,0.080634,0.213723,-0.163572,-0.207175,-0.477474,-0.202065,-0.161029,0.227294,-0.127215,0.389286,0.147586,-0.123195,-0.018256,0.292118,0.047945,-0.070298,0.002237,0.325416,0.390535,0.093093,0.381603,0.150716,0.361723,-0.024833,0.289904,0.146217,0.189268,0.151703,-0.285978,-0.153457,0.213726,-0.406977,-0.277367,0.155693,0.052976,-0.085458,0.380558,-0.072855,-0.036211,0.317774,-0.288291,0.10321,-0.181441,-0.68386,-0.328165,-0.120635,0.157913,0.12594,0.299362,-0.356312,-0.31168,0.377707,-0.392303,-0.149749,0.316428,-0.538701,0.06083,-0.016022,0.103242,0.493486,-0.113909,#
18,0.074944,-0.086447,-0.136004,-0.029868,0.275075,-0.22015,-0.074492,0.023569,0.081072,0.193233,0.101322,0.056787,0.305835,0.298907,0.366335,0.07363,-0.038471,-0.146285,1.0,-0.43194,-0.176147,0.003163,0.201049,-0.096922,0.190264,0.068064,-0.064015,0.430554,-0.370007,0.345811,-0.049382,-0.192272,-0.220094,0.041761,0.067993,0.066495,0.046242,-0.125412,0.112507,-0.03596,0.086345,0.043762,0.157756,0.337335,0.088488,0.085674,0.010489,-0.115018,-0.103656,-0.002787,-0.008617,0.423211,-0.023207,-0.012531,0.231104,0.015606,-0.258762,0.273522,0.130631,-0.042573,-0.108444,-0.046139,-0.018065,0.453156,0.024677,-0.028644,-0.077414,-0.204376,-0.149713,-0.239404,0.08848,-0.208977,-0.19736,0.043444,-0.049839,0.237659,-0.099853,-0.15651,0.077897,-0.365434,-0.152979,-0.266106,-0.263627,-0.007193,-0.175205,-0.204072,-0.246433,0.382467,-0.135143,-0.217608,0.188597,-0.200708,0.030136,-0.092821,-0.329472,-0.020469,-0.232164,-0.405609,-0.166074,-0.098422,0.09037,-0.158989,0.089451,-0.446511,-0.070359,-0.093373,-0.154791,0.11229,0.067246,0.022884,-0.156955,0.292832,-0.094989,-0.244516,-0.141498,-0.172762,0.015812,-0.230823,-0.113414,0.116866,-0.294224,-0.019695,-0.082106,-0.240686,-0.097805,-0.178775,0.349796,0.246564,-0.170924,-0.250763,-0.198123,-0.017146,-0.392556,0.087143,-0.145429,-0.166317,-0.042999,-0.116971,-0.130777,-0.253133,-0.294677,0.099648,-0.001702,-0.096425,-0.070821,-0.016122,-0.414834,0.189537,-0.362158,-0.474953,-0.397262,-0.258311,-0.355466,-0.337432,0.217056,-0.224356,-0.024677,0.173548,-0.293789,-0.337845,-0.067799,-0.159137,0.207573,-0.053829,0.378176,-0.140409,-0.397028,0.198104,0.019659,-0.098696,0.085163,0.584914,-0.170855,-0.06543,0.256478,-0.098038,-0.108521,0.513972,0.183062,-0.141815,0.10164,0.014443,0.181174,0.228292,0.492729,-0.143494,0.13636,-0.259682,0.010669,0.308085,-0.104167,0.313181,0.695207,0.119573,0.072196,0.08727,0.531879,-0.181379,-0.295644,0.094149,#
19,-0.255369,0.079289,0.191064,0.284534,-0.260043,-0.012195,-0.370349,-0.117157,-0.023906,-0.17783,-0.064212,-0.189905,-0.177393,-0.119708,-0.183062,-0.007474,-0.022576,0.446934,-0.43194,1.0,0.427741,-0.026713,-0.080936,0.064853,-0.160769,-0.081575,0.006211,-0.308504,-0.023833,-0.127495,0.458995,0.42824,0.139113,0.395623,-0.140837,-0.143431,0.300801,0.16511,-0.358864,0.086864,0.165315,0.183656,-0.36748,0.084969,0.228841,-0.438591,0.274844,0.228322,0.402487,-0.296568,-0.38647,-0.122134,0.344207,-0.149209,-0.377428,0.089739,0.089406,-0.128231,0.099088,-0.235267,-0.165703,-0.203881,0.022556,-0.145534,0.206534,-0.104228,-0.224216,0.082699,0.054991,0.339818,0.168887,0.365241,0.305699,0.028163,0.195424,-0.333326,0.317095,0.351758,0.489906,0.197158,0.40462,0.354584,0.247886,0.164483,0.271383,0.057362,0.294672,-0.357523,0.203136,0.166106,0.216441,0.30761,0.097016,0.326923,0.094164,0.463827,0.344565,0.529712,0.222097,0.233541,-0.594798,0.21721,0.334071,0.337335,0.380169,0.122433,0.058135,-0.125259,0.107474,-0.216686,0.536784,-0.158365,-0.019079,0.601221,0.285109,0.093232,-0.002564,-0.026404,0.161749,-0.264301,0.268062,0.015163,-0.190255,0.190936,0.062002,0.370212,-0.293023,-0.028342,0.27647,0.363043,0.380459,0.327661,0.500532,-0.230878,0.289008,0.098012,0.128706,0.167235,0.102182,0.18703,0.166329,0.277651,0.114468,-0.3357,0.327923,0.33018,0.354043,-0.454966,0.539813,0.286941,0.247396,0.289008,0.531787,0.425838,-0.095919,0.317142,0.396898,-0.192156,0.190367,0.09333,0.247959,0.353879,-0.17326,0.180103,-0.168047,0.055039,0.51365,-0.28441,0.181829,0.110649,-0.542745,-0.251723,0.295359,0.144283,-0.403895,0.22359,0.023397,-0.514089,-0.223903,0.155,-0.161199,-0.220597,-0.438051,-0.112879,-0.611279,0.18147,0.378713,0.159863,-0.013927,-0.299464,0.296419,-0.590513,-0.485859,-0.09612,-0.368566,0.066322,-0.165955,0.438264,0.461457,-0.409353,#
20,0.286831,-0.173763,0.122827,0.206748,-0.342344,-0.066239,-0.429292,-0.159778,-0.294776,-0.457501,0.034166,0.004867,-0.262125,-0.060182,-0.269936,0.058044,0.013127,-0.121585,-0.176147,0.427741,1.0,-0.131907,-0.355306,-0.200965,-0.119942,-0.002328,-0.087677,-0.179406,0.094496,0.060552,0.350904,0.333052,0.004372,0.434685,-0.075567,-0.318367,0.16747,0.210281,-0.112166,-0.093017,0.39431,0.449535,-0.178184,0.282128,-0.125172,-0.159339,0.172328,-0.02391,0.011984,-0.405393,-0.261313,-0.055611,0.426452,-0.005533,-0.159616,-0.025417,-0.22878,0.132798,-0.002877,0.145263,-0.163936,0.270648,0.45543,-0.116397,-0.041479,-0.325367,-0.319148,-0.026276,-0.295416,-0.11487,0.04704,0.15419,0.097804,0.430521,-0.196811,-0.387527,-0.085204,0.431505,0.039732,0.430526,0.136575,0.281556,0.504678,0.060327,0.033516,-0.338036,0.069865,0.065082,0.266287,0.08589,0.052873,0.064611,0.176781,-0.1064,0.218959,0.365316,-0.080514,0.457598,-0.078301,0.304282,-0.078403,0.065866,-0.085204,0.081284,0.483239,0.048955,0.114603,0.330926,0.139202,0.317073,0.191578,-0.124694,-0.25167,0.66623,0.377138,0.356351,0.070747,-0.083686,-0.1023,0.154956,0.028674,0.281226,-0.251096,0.268453,-0.029336,0.05108,-0.267084,-0.126361,-0.126958,0.454054,0.290793,-0.006453,0.424985,-0.031197,-0.111522,0.178467,0.15336,0.233891,0.227957,0.114911,-0.123069,0.111351,0.340935,0.142038,0.236976,0.13383,0.267616,-0.715492,0.144792,0.325685,0.163502,0.22007,0.274923,0.344779,-0.028718,0.338131,0.398156,-0.270016,0.145819,-0.056507,0.140366,0.07435,0.253046,-0.149284,-0.511156,-0.410921,0.258396,-0.245925,0.447014,-0.150633,-0.272543,0.007131,0.147689,0.03081,-0.677901,0.188223,-0.047577,-0.484117,-0.360626,0.593006,-0.132521,0.029354,-0.22929,-0.071483,-0.349985,0.613976,0.304058,0.10414,0.255362,-0.103602,-0.050452,-0.215965,-0.429768,-0.235639,-0.208389,-0.062022,0.07604,0.133523,0.189491,-0.217404,#
