0,1.0,0.260017,0.043212,-0.388866,0.517327,-0.059133,0.284844,-0.04728,0.664827,0.051834,-0.081927,0.36819,0.477847,0.020137,0.350782,0.193509,0.101086,0.024761,0.257867,-0.209848,-0.313373,0.207643,0.114151,-0.105696,-0.134428,-0.163568,-0.159558,-0.103114,0.131732,-0.018781,-0.376015,0.089248,-0.152852,-0.022833,-0.432675,0.090384,0.394957,-0.15152,0.221904,-0.072354,0.132646,-0.336572,-0.050695,0.137868,-0.076824,-0.01077,0.524885,0.069134,0.091906,0.296544,-0.023436,-0.221724,0.107402,-0.138156,-0.0257,-0.127257,-0.544001,0.394727,-0.083618,0.170148,0.093055,0.080386,-0.164413,0.018177,0.19122,0.350622,-0.152852,-0.08616,0.37201,-0.097323,0.216772,-0.498733,-0.152852,-0.304728,-0.304541,-0.237457,-0.249382,-0.327772,-0.514517,-0.184942,0.060322,-0.562512,-0.253771,-0.142962,-0.085292,-0.171284,-0.463794,-0.232246,-0.174743,-0.335917,0.060903,-0.182658,-0.061607,0.029689,-0.334258,-0.011476,-0.561303,-0.403334,-0.124815,-0.234299,0.152446,-0.461519,-0.418057,-0.246446,-0.171252,-0.276408,-0.40336,-0.137542,-0.038664,-0.153495,-0.14855,-0.220769,0.051107,-0.173738,-0.3472,-0.295432,-0.355472,-0.448981,0.101408,-0.722473,-0.466761,-0.232907,-0.318844,-0.37278,-0.415173,-0.125617,-0.184582,0.121689,-0.082898,-0.300642,0.028953,-0.242966,-0.095294,-0.024943,-0.317043,-0.561264,-0.152852,-0.466714,0.181163,-0.379042,-0.188998,-0.234093,-0.246446,-0.245376,-0.568518,-0.069412,-0.350472,0.232464,-0.491287,-0.402583,-0.324081,-0.398191,-0.04959,-0.231615,-0.326012,-0.246446,0.400548,0.401519,-0.326433,-0.291939,-0.16254,-0.122808,-0.285993,0.032598,0.150105,0.218319,-0.006188,-0.097643,-0.420604,-0.248092,-0.141872,0.333287,-0.032835,-0.400012,0.265379,-0.066258,-0.106513,0.283395,0.327806,-0.361315,0.176663,0.18648,0.094011,0.013884,0.199745,-0.039028,0.35734,0.064373,-0.171761,0.407181,-0.405772,0.091672,0.274641,0.275069,0.059391,0.055436,0.220601,-0.345814,0.01394,0.045486,#
1,0.260017,1.0,0.048338,0.25035,0.244654,-0.050175,-0.239976,-0.350136,0.007932,0.068365,-0.277642,0.044401,-0.056608,0.110445,0.186701,-0.107095,-0.249954,-0.010142,-0.07922,-0.348574,0.024889,0.021871,0.190728,0.029884,-0.026797,-0.238583,-0.107611,0.051548,0.206099,0.082802,-0.412219,0.021272,-0.127256,0.112814,-0.235563,0.21332,0.392866,-0.085844,0.307606,0.021218,0.488751,-0.367366,0.327653,0.243772,-0.33607,-0.149944,0.250022,0.069023,-0.012797,0.200999,-0.078491,-0.09986,0.153048,0.040137,-0.149246,-0.253601,-0.052904,0.349379,-0.184088,0.128266,-0.032732,-0.186235,-0.027881,-0.079071,0.073316,0.024954,-0.127256,0.192938,0.391895,0.202275,0.093454,-0.124456,-0.127256,-0.020618,0.057261,-0.365258,0.038766,0.077129,-0.035066,-0.018069,0.023083,-0.243819,-0.225887,0.197136,-0.073302,-0.249847,-0.139278,-0.115064,-0.078612,-0.013549,-0.039658,0.147709,-0.078348,0.34768,-0.42748,-0.250155,-0.295731,0.090269,-0.160431,0.316629,0.202858,0.196812,0.035449,-0.145742,-0.213128,-0.230122,-0.349891,0.231774,0.15041,-0.042815,0.005528,0.125603,-0.15199,-0.056697,0.132784,0.034247,-0.242054,-0.121313,0.080467,-0.020533,-0.205647,-0.250253,0.050533,0.007949,0.0965,-0.14477,-0.09897,0.00965,0.330713,0.18886,-0.113509,0.058666,-0.057085,0.019648,-0.045812,-0.294624,-0.127256,-0.204139,0.328396,-0.006143,-0.094133,0.163028,0.267267,-0.401444,-0.078509,-0.126614,-0.065397,-0.01169,-0.192391,-0.103371,-0.355768,-0.105351,-0.108203,0.058666,-0.024034,0.050819,-0.059907,0.111294,0.048309,-0.192804,0.145156,-0.032661,-0.168647,-0.1515,-0.033583,0.144679,0.101505,-0.573132,-0.149602,0.046998,-0.282727,0.054709,-0.229829,0.013304,-0.127152,0.223957,-0.014847,-0.055627,0.150953,-0.12059,-0.193135,-0.008578,-0.040665,-0.330829,0.092041,-0.059575,0.179049,-0.218794,-0.173785,0.063549,0.079999,-0.012471,-0.012471,0.288864,0.103733,-0.145265,-0.068741,-0.275327,-0.064012,0.147598,#
2,0.043212,0.048338,1.0,0.378558,-0.323869,-0.347961,-0.035519,-0.002583,0.055165,0.026924,0.006979,-0.100344,-0.041898,-0.038481,0.039223,-0.17813,-0.199384,0.415808,0.170919,0.14551,-0.273189,0.078084,0.108301,0.110636,0.105707,-0.03595,0.205063,-0.164425,0.110032,-0.247267,-0.028143,0.124363,0.210308,-0.127136,-0.280875,0.062415,-0.136713,0.170587,0.088248,-0.301896,-0.103815,0.369402,-0.113939,-0.185531,0.436591,-0.509777,0.378184,0.184098,-0.420705,0.28816,-0.338884,0.027298,-0.230727,0.181,-0.274621,-0.076692,-0.170503,0.049363,-0.264574,0.093996,-0.201194,0.009863,0.018632,-0.331892,0.077032,0.107376,-0.212186,-0.05202,-0.225402,-0.08026,0.190444,-0.015941,-0.212186,0.411598,-0.117427,0.048568,0.141391,-0.084047,0.032706,-0.282603,-0.01284,-0.045724,-0.135177,0.285784,-0.01567,-0.019484,0.186524,0.037646,-0.337507,-0.291425,0.280849,-0.388759,0.102356,0.254508,-0.028696,0.474663,0.211042,0.275351,-0.040758,-0.01175,-0.302746,-0.056353,-0.13172,0.163023,-0.132734,0.333859,0.209783,0.204114,0.200364,0.166965,0.334389,-0.018417,0.308683,0.130114,0.179456,-0.202908,-0.035438,-0.115246,0.10291,0.010397,-0.123868,0.118995,-0.130946,-0.045785,-0.021684,0.117207,0.064361,-0.226698,0.023575,0.047088,0.287229,0.137106,0.185016,0.008847,0.268504,0.030737,0.210308,0.419958,0.197156,-0.229886,0.25905,0.275815,0.152259,-0.204584,-0.048964,0.016143,-0.030548,-0.200025,-0.279479,0.402366,0.25146,0.37032,0.377289,0.173821,0.046796,0.346018,0.120085,0.006342,0.013194,0.089288,0.291789,-0.04151,0.292282,0.138918,-0.102969,-0.167335,-0.112615,-0.114202,-0.045236,-0.022061,-0.174438,0.151154,0.115695,0.030681,-0.008011,0.20897,-0.252673,0.02229,-0.007911,-0.053436,0.091926,0.199615,-0.31928,-0.084401,-0.577689,0.251775,-0.1453,0.232477,0.084536,-0.161369,0.091843,-0.099081,-0.430079,-0.145036,-0.337228,-4.9e-05,-0.371863,-0.050875,0.28466,-0.536883,#
3,-0.388866,0.25035,0.378558,1.0,-0.31933,-0.186774,-0.356848,-0.015882,-0.5138,-0.190891,0.012209,-0.466638,-0.408333,-0.003449,-0.08448,-0.139029,-0.021926,0.047826,0.141783,0.151216,0.059532,0.055039,-0.248938,0.019668,0.097628,0.272285,-0.091857,0.320751,0.131479,-0.237035,0.102667,0.183169,0.153456,-0.064142,-0.254584,-0.156145,-0.155464,0.172255,0.256617,0.048307,-0.050818,0.075406,0.273538,0.042637,-0.165556,-0.087284,-0.113377,-0.315239,-0.282271,-0.02713,-0.249081,0.305005,-0.145152,0.292543,-0.298603,0.126568,0.196093,-0.242559,-0.231513,-0.141593,-0.092915,-0.123896,0.179862,0.045357,-0.278413,-0.338136,0.103416,0.090589,-0.348989,0.006684,0.036858,0.229324,0.120096,0.432371,0.043617,0.244992,0.376086,0.22116,0.221438,0.078144,0.059832,0.141657,-0.025888,0.223144,0.000542,-0.064155,0.189192,0.14715,0.121099,0.090164,0.154659,0.276975,-0.040308,0.310517,0.070395,0.100405,0.136296,0.467991,0.023286,0.141263,-0.24971,0.19253,0.104192,0.354294,-0.095174,-0.038358,0.268463,0.304049,0.420837,0.102138,0.221485,-0.12178,-0.305248,0.077631,0.252333,0.354762,0.446579,0.040061,-0.166539,0.498474,0.026618,-0.042383,0.210184,0.445912,0.422981,0.206275,-0.095959,-0.134388,0.133636,0.396192,-0.14368,0.135136,-0.032268,-0.016198,0.323962,0.126605,0.153456,0.231712,-0.152693,0.234453,0.09172,0.358688,0.362238,-0.1285,0.134495,0.06292,0.082898,-0.264758,0.107419,0.332711,0.230833,0.585576,0.324677,0.197216,0.256336,0.362238,-0.207676,-0.398085,0.195403,0.063158,0.057347,0.015397,0.049458,-0.130054,-0.24738,-0.361299,-0.052213,-0.318907,0.174154,0.156918,-0.379367,-0.289443,0.026881,0.279337,-0.169626,0.283751,0.047991,-0.209264,-0.357291,0.231041,-0.259753,-0.252658,-0.016673,-0.12051,-0.138799,-0.0553,-0.066919,-0.046151,0.293974,-0.338081,0.298549,-0.036259,-0.222203,-0.291982,-0.056429,-0.105021,-0.362521,0.201233,-0.187012,-0.073542,#
4,0.517327,0.244654,-0.323869,-0.31933,1.0,-0.017014,-0.034281,-0.05116,0.244654,0.198486,-0.439288,0.147496,0.486286,0.179001,0.088795,-0.057383,-0.034801,0.093657,0.086125,-0.191211,0.197711,-0.100175,0.370463,-0.311591,-0.257996,-0.097644,-0.088631,0.049903,-0.056468,0.021342,-0.195957,0.131708,-0.296968,0.332219,-0.367517,0.228636,0.370984,-0.371387,0.247511,-0.289599,0.251043,-0.247245,0.284913,0.270997,-0.298348,-0.083754,0.253378,0.232859,0.290709,-0.230991,-0.072869,-0.48254,0.044225,-0.30516,0.062641,-0.300467,-0.404653,0.331296,-0.039038,0.04684,0.25731,0.160383,-0.28777,-0.004859,0.096201,0.555716,0.108911,0.112164,0.321576,0.098362,0.032408,-0.593983,0.125822,-0.550429,-0.160096,-0.116227,-0.239319,-0.339756,-0.268131,-0.096083,-0.145104,-0.556547,-0.415596,-0.138988,-0.243167,-0.311791,-0.665323,-0.201419,0.136079,0.058341,-0.478365,-0.098439,-0.39284,0.109361,-0.279855,-0.301485,-0.575344,-0.38705,-0.166364,-0.070276,0.359028,-0.314798,-0.330645,-0.231439,-0.440275,-0.537018,-0.336471,-0.185043,0.04429,-0.300858,0.12773,0.194181,-0.177042,-0.452942,-0.451981,0.025471,-0.283758,-0.346063,0.118703,-0.549787,-0.170104,-0.07851,-0.329348,-0.300781,-0.182832,0.170639,-0.307052,0.300012,-0.08614,-0.170613,-0.203913,0.176,-0.420868,0.180298,-0.460677,-0.395181,-0.296968,-0.5243,0.079381,-0.275498,-0.322535,-0.302239,-0.037246,-0.104555,-0.396701,-0.236717,-0.09795,0.572852,-0.440571,-0.245393,-0.481432,-0.435736,-0.069201,-0.433349,-0.113955,-0.246652,0.277393,0.463773,-0.33612,-0.367822,-0.194055,0.065145,-0.529081,0.009605,0.070074,0.190206,-0.090141,-0.258788,-0.619609,0.162731,-0.200838,0.295081,-0.29199,-0.517285,0.032723,-0.137996,0.052015,0.305603,0.325878,-0.371885,0.253549,0.103855,-0.048802,-0.146962,0.360121,-0.337585,0.523322,-0.124345,-0.471582,0.397619,-0.396735,-0.059008,0.320871,0.188295,-0.078829,0.187149,0.20593,-0.368201,-0.261632,-0.062806,#
5,-0.059133,-0.050175,-0.347961,-0.186774,-0.017014,1.0,0.354668,0.392657,-0.077587,-0.004765,-0.030794,0.258496,-0.097983,0.580452,-0.048357,0.011236,-0.139371,-0.080755,-0.128466,-0.34208,0.269791,0.133948,-0.085995,-0.448226,0.216706,0.014119,0.183654,-0.226265,-0.094846,0.044527,0.045989,0.110898,0.212359,-0.077453,-0.128668,0.136009,-0.025669,-0.231612,0.128019,-0.053151,0.106082,-0.069151,0.300011,0.122257,-0.158505,0.122699,-0.184454,0.109793,0.259137,-0.101107,0.339099,-0.020655,0.226785,-0.095397,0.05208,0.036174,0.366537,0.182947,0.077164,0.263277,0.170626,-0.010442,-0.292768,0.333324,-0.132111,-0.146187,-0.196023,0.350435,0.197889,-0.353114,-0.268798,-0.114198,0.196651,-0.067004,0.126501,-0.336909,0.209332,0.199429,-0.361435,0.11206,0.026069,-0.111726,0.282838,-0.291883,0.179854,0.179162,0.121641,-0.036445,-0.092622,-0.039897,-0.125716,0.020541,0.16239,-0.480157,0.030409,-0.148253,-0.203988,-0.113219,0.042008,-0.197594,0.312801,-0.125033,0.13387,-0.539387,0.118446,-0.354476,-0.204745,-0.556114,-0.387972,-0.483937,-0.399858,0.01758,-0.146522,0.013867,-0.03698,-0.117461,-0.136106,-0.218754,-0.069694,-0.182915,-0.055514,0.011362,0.121465,-0.274594,-0.086887,0.022956,-0.08999,-0.298327,0.036915,-0.244999,-0.134415,-0.157143,-0.186221,0.036684,-0.107194,-0.045936,0.212359,-0.054213,-0.162917,0.043306,-0.479919,-0.118157,-0.344897,-0.290036,0.033726,0.023768,0.038416,-0.04287,0.096346,-0.239112,-0.135108,-0.028185,-0.378043,0.209705,0.120134,-0.344897,0.288114,0.157881,-0.032004,0.105219,0.058186,-0.182506,0.011936,0.029595,-0.024083,0.363466,0.533265,0.332619,0.015136,0.038526,0.204737,0.005937,0.156588,0.120094,0.336897,-0.194694,-0.213447,0.14339,0.194499,-0.024886,0.065799,-0.026579,0.132203,0.04814,0.396522,-0.413681,0.074402,-0.050825,0.055776,0.158085,0.042986,0.065837,0.250564,-0.161888,0.319571,0.17594,0.176506,-0.272289,0.004561,0.373262,#
6,0.284844,-0.239976,-0.035519,-0.356848,-0.034281,0.354668,1.0,0.191169,0.477725,-0.048144,0.330755,0.55819,0.033473,0.043494,0.108734,0.520202,-0.133599,-0.25175,0.21164,-0.340753,-0.177056,0.114096,-0.090654,-0.290334,0.038532,0.00531,-0.037852,-0.331624,0.264026,-0.146843,-0.426628,-0.110626,-0.195983,-0.392484,-0.030252,0.280899,0.133922,-0.004667,-0.115863,-0.049622,-0.025743,-0.043931,-0.323957,0.004816,0.057819,0.1058,0.146265,-0.032232,0.064731,0.24275,0.068741,-0.040898,0.060348,0.042741,0.059453,-0.023031,0.006994,0.134744,0.018715,0.326319,0.234156,0.266037,-0.189881,0.37836,0.033056,-0.111046,-0.195983,0.094073,0.283315,-0.354252,0.023887,-0.25169,-0.195983,-0.248566,-0.37838,-0.043799,-0.169487,-0.122593,-0.525377,-0.383006,0.02798,-0.28958,-0.049498,-0.464011,-0.155929,0.184517,-0.200296,-0.382445,-0.292443,-0.075456,0.053108,-0.148102,0.185666,-0.480058,-0.490095,-0.00123,-0.378022,-0.607332,-0.298881,-0.111506,0.216012,-0.288759,-0.225948,-0.539276,0.11503,-0.102028,-0.39973,-0.300938,-0.40014,-0.136355,-0.522274,0.019515,0.011866,0.025025,-0.206151,-0.474783,-0.480788,-0.197545,-0.243037,-0.342799,-0.234156,-0.145444,-0.213087,-0.299831,-0.236308,-0.186571,-0.271443,-0.113779,-0.16539,-0.422156,-0.129664,-0.361807,-0.205292,0.01702,-0.304349,-0.213481,0.214949,-0.42499,-0.090191,-0.282678,-0.271667,-0.386206,-0.539276,-0.105627,-0.127942,0.051716,-0.657858,0.184505,-0.05806,-0.413176,-0.125756,-0.237845,-0.410944,0.015004,-0.23655,-0.539276,0.268962,0.373819,-0.210851,-0.257669,-0.231878,-0.418872,0.017054,-0.167061,-0.20303,0.526384,-0.077162,0.283503,0.026095,-0.539249,0.185947,0.30513,0.131305,-0.209776,0.498251,-0.577058,-0.212079,0.459981,0.172187,-0.313412,0.536628,0.272495,0.27975,0.468665,0.377003,-0.089775,0.129442,0.133054,0.118199,0.305656,-0.283528,0.413167,0.413167,0.043941,-0.188038,0.317316,0.526555,-0.307248,-0.020822,0.215284,#
7,-0.04728,-0.350136,-0.002583,-0.015882,-0.05116,0.392657,0.191169,1.0,-0.152375,-0.22278,-0.018099,-0.264355,-0.193235,0.408274,0.225845,-0.228134,0.024308,-0.243456,0.188554,-0.080105,-0.206716,0.240146,-0.25835,-0.458445,0.046793,0.202871,0.243301,-0.039724,-0.298268,-0.081386,0.201756,0.165822,0.375605,-0.259878,-0.06179,0.050395,-0.187357,0.06604,0.087347,-0.349992,-0.303834,0.210967,0.303113,0.104313,-0.122579,0.113786,-0.031983,-0.252732,-0.189548,-0.085478,-0.149882,0.144105,0.051235,-0.179639,0.052724,0.264575,0.113686,0.006307,-0.07368,0.139715,0.197763,0.530474,-0.302622,0.307799,0.175433,0.158168,-0.114643,0.200878,-0.205998,-0.381156,-0.147378,-0.063015,0.35675,-0.129106,0.00179,0.037101,0.142418,-0.134437,-0.305704,0.085458,0.137656,-0.153279,0.272299,-0.256554,0.034963,0.214711,0.175224,-0.018685,-0.039094,0.045601,-0.035633,-0.178449,0.044041,-0.280816,0.225098,0.223227,-0.217184,0.037883,-0.060577,-0.245943,0.033619,-0.265557,0.175774,-0.315456,-0.106209,-0.207312,0.17247,-0.405422,-0.125927,-0.383685,-0.372544,0.1954,0.121392,0.222016,-0.296842,0.116126,0.030217,-0.034208,-0.022209,0.087185,-0.141124,0.220824,-0.201249,-0.068942,0.135829,0.129133,-0.041863,-0.383451,0.204333,-0.135941,0.24276,-0.315371,-0.28782,0.003336,-0.041177,-0.030079,0.375605,0.075903,-0.257934,-0.051648,-0.280677,-0.254556,-0.081977,0.069343,0.010027,-0.255566,0.033186,-0.299531,0.251301,-0.032633,0.145242,0.10844,0.171279,0.147393,0.441204,-0.081977,0.100383,0.089919,-0.193664,0.283715,0.041816,-0.245024,0.111365,-0.073168,-0.10205,0.08996,-0.026425,0.304839,-0.095195,0.138153,-0.099608,0.043805,0.099438,0.195068,0.187736,-0.003385,-0.244864,0.068394,0.013388,0.078678,-0.070208,-0.124722,0.071033,0.018088,0.017804,-0.130273,0.036624,0.248737,0.208463,-0.209931,-0.149585,0.130008,-0.08019,-0.112009,0.087852,0.139563,-0.134109,-0.161014,0.123091,0.01535,#
8,0.664827,0.007932,0.055165,-0.5138,0.244654,-0.077587,0.477725,-0.152375,1.0,-0.286613,0.270322,0.407519,0.303996,-0.280227,0.354174,0.266044,0.272973,0.051229,0.109154,-0.131719,-0.276505,0.006722,0.20567,0.036791,-0.034324,-0.245852,-0.152507,-0.093079,0.221231,-0.132995,-0.40518,-0.058064,-0.127256,-0.084676,-0.145864,-0.188063,0.426887,-0.046019,0.307606,-0.175914,-0.003539,-0.367366,-0.344935,-0.093271,0.228618,0.094095,0.44282,0.196558,0.114331,0.200999,0.219981,-0.196457,0.00326,0.177336,0.092692,0.175694,-0.267296,0.349379,-0.229661,0.230125,0.117567,-0.173582,-0.181408,0.16736,0.165243,0.300232,-0.127256,-0.069331,0.314135,0.16628,0.186791,-0.317408,-0.127256,-0.206429,-0.315675,-0.045536,-0.157652,-0.084146,-0.367317,-0.209969,0.029581,-0.253944,-0.044215,0.020751,-0.090353,0.139796,-0.291344,-0.284468,-0.104471,-0.383694,0.35781,-0.250309,0.123625,-0.089061,-0.241396,0.125519,-0.278371,-0.424642,-0.160833,-0.052438,0.202858,-0.322891,-0.52882,-0.350165,0.156063,0.049002,-0.342673,0.148252,-0.218116,0.148727,-0.183908,-0.1838,0.210145,-0.042439,-0.025595,-0.50869,-0.427411,-0.279243,-0.108584,-0.374591,-0.187137,-0.063383,-0.31711,-0.544869,-0.399241,-0.166059,-0.081276,0.198083,-0.171536,-0.388591,0.276466,-0.35007,0.12045,-0.308517,-0.034837,-0.277156,-0.127256,-0.388561,0.122041,-0.177031,-0.081343,-0.101118,-0.350165,-0.213251,-0.412039,-0.128039,-0.427163,0.314535,-0.189235,-0.46645,0.022759,-0.285924,-0.111928,-0.153952,-0.373428,-0.350165,0.157142,0.3004,-0.13592,-0.387847,-0.050208,-0.271984,0.03005,0.010359,-0.023213,0.144158,-0.101806,-0.063346,-0.137803,-0.350147,0.140294,0.316296,0.02273,-0.14895,0.103632,-0.363182,-0.043398,0.329613,-0.007821,-0.518828,0.381821,0.186817,0.12436,0.15776,0.084681,0.136576,0.060554,0.245883,-0.180641,0.262589,-0.07687,0.182394,0.182394,0.148263,-0.071971,0.195528,0.334121,-0.296637,-0.055552,-0.029062,#
9,0.051834,0.068365,0.026924,-0.190891,0.198486,-0.004765,-0.048144,-0.22278,-0.286613,1.0,-0.480794,0.262137,0.282041,0.285761,-0.601783,-0.194343,-0.533576,0.413814,-0.19421,0.128755,0.193191,-0.129551,-0.051999,0.12791,0.298204,0.128597,0.241941,-0.452034,-0.086474,0.356874,0.130353,-0.387693,-0.212172,0.238331,-0.047017,0.597101,0.030099,-0.16617,-0.383635,-0.108568,0.360191,0.230434,0.089211,0.350866,0.161052,-0.308438,-0.158752,0.450696,0.138916,-0.066382,-0.295846,-0.303161,-0.063438,-0.363509,-0.116901,-0.698204,-0.183343,-0.09987,0.297316,-0.223451,-0.25884,0.26789,0.010498,-0.584905,0.019591,-0.129015,0.17012,0.164541,0.125683,0.006336,-0.178394,-0.33999,-0.212172,-0.122324,0.338252,-0.252057,-0.225429,-0.402765,0.187763,0.184425,-0.042572,-0.064771,0.003723,-0.340006,0.255021,-0.221298,-0.134416,0.052359,-0.137995,0.322554,-0.283395,0.107661,-0.220739,0.260637,-0.039355,-0.04692,0.034625,0.105786,0.275152,0.143216,-0.287855,-0.051128,0.324253,0.150761,-0.124293,-0.152698,-0.013449,-0.163635,0.173398,-0.060498,0.426787,0.280445,0.093281,-0.21889,0.033595,0.101116,-0.046545,-0.157538,0.359157,-0.382666,0.053082,0.24044,0.027612,0.067387,-0.307328,0.106551,0.074421,0.165886,-0.042477,0.394461,-0.25527,0.534142,0.164273,0.657213,-0.264347,0.039773,-0.212172,0.065497,0.341515,-0.218656,0.261853,-0.141106,0.132638,0.157771,0.257223,0.023429,0.304856,0.063139,-0.305314,0.357202,-0.410672,-0.201698,0.183091,0.14278,0.169966,0.329876,0.284936,0.093474,0.021408,0.22679,0.161037,0.415403,-0.219023,0.458833,0.028421,0.181945,-0.110337,-0.202258,-0.038836,0.151271,-0.002598,-0.118688,-0.153046,-0.35564,0.137111,0.334757,0.171733,0.018241,0.572295,0.021711,-0.064102,-0.123886,-0.46804,0.038619,-0.077332,-0.10008,0.10745,-0.040456,-0.475583,0.339389,-0.052621,-0.438333,-0.080528,0.108551,0.028238,-0.200768,-0.177141,0.071342,0.322575,-0.183854,#
10,-0.081927,-0.277642,0.006979,0.012209,-0.439288,-0.030794,0.330755,-0.018099,0.270322,-0.480794,1.0,-0.063883,-0.337143,-0.373522,0.229405,0.377044,0.163439,-0.411544,0.301773,0.113023,-0.120418,0.249528,-0.359787,0.09935,-0.259258,0.276344,-0.217387,0.215555,0.168468,-0.292721,-0.113896,-0.042195,-0.210399,-0.343804,0.335433,-0.273445,-0.08219,0.421347,0.113653,0.447163,-0.236234,-0.239382,-0.484431,-0.285426,0.112268,0.305437,-0.271099,-0.515365,0.191021,-0.02315,0.274675,0.285278,0.038351,0.454486,0.030339,0.372345,0.193946,-0.243108,-0.074219,0.17647,0.029813,-0.294439,0.305572,0.110151,0.122759,-0.194452,-0.210399,-0.223517,-0.414656,-0.038984,-0.106112,0.368288,0.19174,0.192002,-0.157033,0.207731,0.111714,0.295346,0.180551,-0.156372,0.169004,0.241223,0.026481,-0.016892,0.10118,0.174575,0.326992,0.018452,0.033461,-0.146044,0.465403,-0.061059,0.608815,-0.381406,0.088145,0.267471,0.016822,-0.076276,-0.228589,0.079987,-0.143907,0.096787,-0.317567,0.122435,0.338149,0.281968,-0.139271,0.191376,-0.153922,0.366557,-0.296941,-0.303885,-0.056836,0.447566,0.012682,-0.234997,0.109904,0.1994,-0.428165,0.187489,0.084803,-0.211506,0.326282,0.258899,0.116777,-0.18521,0.234758,-0.04092,-0.012901,0.019615,0.275724,-0.453413,0.011929,-0.44104,0.452039,0.18705,0.207825,0.008849,-0.317728,0.24907,0.031252,0.272055,-0.455948,-0.033125,0.110009,0.235314,-0.244382,-0.196112,0.350131,-0.313008,0.278309,0.204277,-0.160895,-0.069915,-0.310035,-0.26443,-0.408937,0.007809,0.160445,-0.150581,0.059754,-0.305688,0.270059,-0.239243,-0.088893,-0.274749,-0.105232,0.068754,0.492952,-0.389232,0.133316,-0.331494,0.11388,0.378027,0.042509,-0.345427,-0.303372,0.116592,-0.500781,-0.023112,0.047414,0.093792,0.264834,0.558636,-0.135088,0.39792,-0.259828,0.018102,0.496666,-0.092286,0.090186,0.505854,0.029767,-0.298418,-0.112791,0.143474,0.122103,0.09645,0.069976,0.164047,#
11,0.36819,0.044401,-0.100344,-0.466638,0.147496,0.258496,0.55819,-0.264355,0.407519,0.262137,-0.063883,1.0,0.264006,-0.108047,0.007871,0.244691,-0.261697,0.045239,-0.252194,-0.300711,0.081424,0.035879,0.068321,0.037764,0.236846,-0.146812,0.226631,-0.554153,0.234471,0.097474,-0.447062,-0.150637,-0.227909,0.145358,-0.181783,0.39242,-0.013826,-0.323657,0.080228,0.05449,0.324074,-0.158208,-0.245611,-0.102576,-0.110082,0.078947,-0.034699,0.394994,0.057475,0.042929,0.087939,-0.256921,-0.077029,-0.04375,0.179472,-0.262286,-0.315847,0.148047,0.12788,0.247544,-0.095669,0.223932,-0.185755,0.111192,0.063297,-0.178503,-0.227909,0.044426,0.493606,-0.083111,0.026874,-0.291391,-0.227909,-0.22588,-0.253635,-0.113989,-0.130313,0.133764,-0.379473,-0.398071,-0.421014,-0.155334,-0.106146,-0.248457,-0.028056,-0.086709,-0.394531,-0.374528,-0.236601,0.081823,-0.241966,-0.136316,-0.012853,-0.221109,-0.472164,0.012405,-0.20447,-0.474387,-0.30088,-0.140025,0.222753,-0.128407,-0.140012,-0.504745,0.10626,0.001245,-0.31308,-0.183533,-0.426772,-0.061262,-0.186798,-0.022772,-0.165897,-0.305096,0.105817,-0.313546,-0.474808,-0.248421,-0.194637,-0.462607,-0.13549,-0.344464,-0.087519,-0.363389,-0.296133,-0.124003,-0.022447,0.169782,-0.052837,-0.400689,-0.219545,-0.112866,-0.10151,0.136991,-0.408307,-0.200453,-0.227909,-0.387977,0.390877,-0.331604,-0.217036,-0.097642,-0.504745,-0.210967,-0.146945,-0.110986,-0.298518,0.164839,-0.244523,-0.41553,-0.348063,-0.359399,-0.247181,-0.131859,-0.081219,-0.504745,0.371429,0.323893,-0.084066,-0.235346,0.039972,-0.102898,-0.159607,0.007858,-0.162359,0.307322,0.259508,0.174919,0.065462,-0.423263,0.14346,0.183367,0.079779,-0.316254,0.291712,-0.322892,-0.132375,0.301324,0.429088,-0.236336,0.546757,0.329455,0.113007,0.184947,0.373024,-0.287201,0.002923,-0.031852,-0.135429,0.745655,0.012541,0.31232,0.383687,0.036835,-0.095569,0.047127,0.483998,-0.212269,0.058695,0.125737,#
12,0.477847,-0.056608,-0.041898,-0.408333,0.486286,-0.097983,0.033473,-0.193235,0.303996,0.282041,-0.337143,0.264006,1.0,0.198671,0.11535,0.153966,0.023404,0.220048,0.186481,-0.163921,-0.212492,0.111279,0.253417,0.040205,-0.14179,-0.162229,0.136176,-0.182781,0.235287,-0.144473,-0.250023,0.185742,-0.195815,0.302619,-0.129603,0.286901,0.296564,-0.188403,-0.104991,-0.04549,0.105943,-0.031585,0.017919,-0.05591,0.217151,-0.062959,0.468122,0.193196,-0.051014,0.240924,-0.223553,-0.373763,0.217207,-0.12966,0.251301,-0.43231,-0.412493,0.451406,0.230902,-0.206955,0.215945,0.015523,-0.240185,-0.067443,0.123949,0.316324,0.185642,-0.282239,0.245245,-0.151722,-0.012674,-0.557365,-0.195815,-0.249663,-0.059608,0.059023,-0.359827,-0.456308,-0.214251,-0.217368,-0.13627,-0.297273,-0.363,-0.282296,-0.135338,-0.325017,-0.357259,-0.216294,-0.290978,-0.063415,-0.14183,-0.338763,-0.130808,0.104339,0.016754,-0.338554,-0.069701,-0.130148,0.015079,-0.59138,0.190035,-0.291439,-0.395908,-0.178001,-0.20193,-0.110065,-0.2219,-0.141254,-0.080756,-0.007565,0.152783,-0.001494,0.023344,-0.3145,-0.213707,-0.30733,-0.502102,-0.211314,0.267346,-0.507706,-0.08168,-0.149392,-0.20493,-0.162003,-0.288823,-0.004616,-0.285949,0.204059,-0.464311,-0.263817,0.044945,0.205052,0.106079,0.062825,-0.306079,-0.231808,-0.195815,-0.060904,0.118255,-0.599472,-0.29692,-0.298638,-0.188514,0.196505,-0.443985,-0.025434,0.014785,0.408288,-0.686961,-0.070809,0.005987,-0.23863,0.071285,-0.178167,-0.053923,-0.188514,0.41454,0.318893,-0.527705,-0.25196,-0.344328,0.021623,-0.295501,-0.129722,0.429815,0.152171,-0.071298,0.069076,-0.538823,0.010579,0.319557,0.472896,-0.124006,-0.383517,0.131683,0.110711,-0.006869,0.443839,0.401518,-0.429985,0.207459,0.286905,0.10189,0.085579,0.203082,-0.097282,0.336333,-0.035438,-0.275051,0.306228,-0.290944,-0.137936,0.396269,0.503422,0.099681,0.03592,0.329118,-0.31336,-0.073844,-0.116818,#
13,0.020137,0.110445,-0.038481,-0.003449,0.179001,0.580452,0.043494,0.408274,-0.280227,0.285761,-0.373522,-0.108047,0.198671,1.0,-0.027737,-0.147081,-0.129074,0.183864,0.188993,-0.356068,-0.057507,0.302842,0.094651,-0.234977,0.011306,-0.037979,0.240257,-0.084188,-0.123972,-0.131219,0.245141,0.304105,0.15907,-0.1527,-0.339752,0.282687,0.119504,-0.064388,0.017606,-0.268464,0.154187,0.308632,0.613244,0.320048,-0.090791,-0.093578,0.174429,0.194884,0.000146,-0.104666,-0.14024,0.033611,0.083867,-0.44082,-0.191826,-0.377782,0.160906,0.429949,-0.079875,-0.125161,0.219913,0.19864,-0.15339,0.115283,0.177549,0.147608,0.12593,0.079082,0.126805,-0.171279,-0.272835,-0.272453,0.1425,-0.100208,0.117887,-0.456896,0.023394,-0.395661,-0.017151,0.154656,0.101704,-0.279226,0.056026,-0.229991,0.215193,-0.052787,0.110376,-0.123303,-0.256624,-0.028329,-0.115122,-0.042404,0.038214,-0.056822,0.150207,-0.209957,-0.141824,0.218279,0.091841,-0.169789,0.27419,-0.072032,0.169626,-0.177817,-0.179209,-0.236996,-0.00813,-0.507093,0.11989,-0.40503,-0.19199,0.218017,0.098355,0.151056,-0.18339,0.095318,-0.209888,-0.254496,0.391153,-0.258351,-0.107971,0.19079,-0.055548,-0.182285,0.017663,0.082275,-0.253826,-0.229916,-0.118539,0.076356,-0.05774,0.225317,-0.105704,0.265984,-0.098951,-0.146408,0.15907,0.104395,0.06645,-0.170198,-0.268957,-0.167162,0.016396,-0.223697,0.033909,0.062324,0.155816,-0.037285,-0.354748,0.194433,-0.192898,0.13457,-0.150279,0.232467,0.319276,0.016396,0.231123,0.355508,-0.221799,0.087649,0.116587,0.104909,-0.091003,0.106534,0.168241,0.343401,0.181301,0.068782,-0.364071,0.415537,-0.049701,0.191163,-0.221449,-0.006378,0.120475,0.194087,-0.151557,0.222385,0.359401,-0.071748,-0.172763,-0.017556,-0.122466,-0.058742,0.120091,-0.231648,0.306711,0.100944,-0.103554,-0.029948,-0.123952,-0.306626,0.065574,0.249929,0.24757,-0.057584,-0.050272,-0.228882,0.319427,-0.003864,#
14,0.350782,0.186701,0.039223,-0.08448,0.088795,-0.048357,0.108734,0.225845,0.354174,-0.601783,0.229405,0.007871,0.11535,-0.027737,1.0,0.293537,0.11646,-0.49224,0.23117,-0.495116,-0.297644,0.356534,0.044225,-0.06031,-0.425946,-0.109331,-0.121511,0.079338,0.388696,-0.101337,-0.387701,0.339474,-0.180755,0.002152,-0.178402,-0.198383,0.061499,0.143957,0.413858,0.003047,-0.324091,-0.129171,0.046452,-0.092932,-0.221623,0.431784,0.447367,-0.343775,0.001726,0.198575,0.029734,0.205191,0.039205,-0.008636,0.062947,0.28018,-0.05221,0.42939,-0.358623,0.106255,0.222227,0.017818,-0.058745,0.471418,0.121629,0.399627,-0.180755,-0.226611,-0.014868,-0.209893,0.130942,-0.002347,0.218439,-0.205692,-0.266835,0.141162,-0.131413,0.174522,-0.29067,-0.290515,-0.221112,-0.196554,-0.250729,0.095872,-0.199751,-0.088463,-0.118047,-0.496731,-0.025221,-0.29513,0.027352,-0.250217,0.461323,-0.239371,-0.097245,0.069814,-0.325224,-0.209085,-0.557163,-0.232829,0.177694,-0.056693,-0.247974,-0.30726,-0.137221,0.173273,-0.254735,-0.096132,0.019239,-0.066583,-0.60353,-0.26107,-0.208446,0.258651,-0.303171,-0.236123,-0.434712,0.229563,-0.326423,-0.045257,-0.190984,-0.3482,0.044362,-0.024497,0.263914,-0.068216,0.16395,-0.204768,-0.004681,-0.370619,0.349626,-0.497241,-0.416723,-0.619332,-0.165948,-0.159036,0.234407,-0.198336,0.116421,-0.187539,-0.232243,-0.283633,-0.299656,-0.195775,-0.356202,-0.055061,-0.266639,-0.245569,-0.121582,-0.490404,0.153115,-0.083647,-0.171893,-0.306895,-0.142154,-0.497376,-0.196327,0.218656,-0.271966,-0.190441,-0.263495,-0.386327,-0.064193,-0.56327,-0.131088,-0.056093,-0.06475,0.063348,-0.11686,-0.309055,-0.239756,0.280961,-0.326451,0.095137,0.103956,-0.083134,-0.151348,0.060715,-0.330498,-0.134984,-0.018195,0.525006,0.540495,0.083828,0.167885,-0.161779,0.143941,0.192731,0.479418,-0.093507,-0.211848,0.540066,0.188507,0.345102,-0.113311,-0.240955,0.2999,-0.338024,-0.017516,0.263909,#
15,0.193509,-0.107095,-0.17813,-0.139029,-0.057383,0.011236,0.520202,-0.228134,0.266044,-0.194343,0.377044,0.244691,0.153966,-0.147081,0.293537,1.0,-0.006246,-0.434569,0.189959,-0.042889,-0.169539,0.267279,0.020168,-0.189533,-0.299029,0.042813,-0.186648,0.034423,0.398185,-0.034697,-0.377326,-0.037997,-0.29397,-0.051621,0.145847,0.068693,0.059769,0.011962,-0.273627,0.289801,-0.253754,-0.230432,-0.141955,-0.117466,0.033331,0.22612,0.299939,-0.208229,0.258812,0.205518,0.135222,0.061306,0.076642,0.032865,-0.06118,0.003644,0.214743,0.138363,0.109871,-0.151232,0.076993,-0.149981,0.168518,0.46236,-0.022935,-0.167941,0.11622,-0.091884,0.097291,-0.329623,0.038335,-0.086842,-0.293969,-0.20322,-0.203806,0.241558,-0.278264,-0.00634,-0.303766,-0.320205,-0.115309,-0.083846,-0.423074,-0.292245,-0.08153,-0.067894,-0.353565,-0.417698,0.074295,-0.131767,-0.089815,0.048811,0.276076,-0.376784,-0.341809,-0.156482,-0.257286,-0.601449,-0.377437,-0.16697,0.257713,-0.171656,-0.325364,-0.082663,0.03768,0.172261,-0.511305,-0.001225,-0.155187,0.105504,-0.46309,-0.424589,-0.174432,0.054533,-0.308232,-0.203703,-0.32146,0.012105,-0.196523,-0.223279,-0.332003,-0.422151,0.146812,0.207256,-0.183624,-0.177735,-0.147727,-0.103914,-0.246177,-0.406391,-0.18967,-0.29565,-0.261753,-0.004355,-0.282591,-0.255242,0.150403,-0.396528,-0.161119,-0.133206,-0.159392,-0.4067,-0.282084,-0.098179,-0.404591,0.529148,-0.520792,0.081901,-0.099654,-0.437546,-0.141666,-0.245099,-0.463407,-0.07624,-0.490401,-0.493715,-0.021559,0.019334,-0.197142,-0.202445,-0.610636,-0.259302,-0.171262,-0.383305,-0.072144,0.274929,-0.084914,0.302172,-0.069303,-0.626128,0.089092,0.145215,-0.006173,-0.124249,0.234471,-0.35495,0.220855,0.201957,-0.203408,-0.083257,0.154781,0.469427,0.538676,0.503469,0.445825,-0.002774,0.162202,-0.120237,0.447809,0.216234,-0.424306,0.541577,0.594926,0.189969,-0.211952,0.035155,0.68857,-0.035902,-0.259173,0.334447,#
16,0.101086,-0.249954,-0.199384,-0.021926,-0.034801,-0.139371,-0.133599,0.024308,0.272973,-0.533576,0.163439,-0.261697,0.023404,-0.129074,0.11646,-0.006246,1.0,-0.077902,0.158817,0.057293,-0.333996,-0.036137,0.062606,0.187971,-0.126233,-0.133927,-0.214551,0.452636,-0.114153,-0.347569,0.224794,0.381523,0.218593,-0.236646,-0.135551,-0.597918,-0.04721,-0.033149,0.155036,0.134681,-0.197768,-0.068955,-0.135982,-0.202535,0.006453,0.109791,0.127202,-0.147297,-0.15631,0.055895,0.304414,0.103938,0.046959,0.062772,0.134335,0.341312,-0.020657,0.055022,-0.27318,-0.128099,0.25364,-0.282303,0.006928,0.375114,-0.044935,0.077514,0.203242,-0.281347,-0.000926,0.203877,0.178998,0.190781,0.233943,-0.037902,-0.349385,0.090187,0.053151,-0.065878,0.133944,0.100585,0.19054,0.061435,0.28829,0.205009,-0.0804,0.206168,0.136599,0.109137,0.130418,-0.348351,0.43646,0.190865,-0.076884,0.106787,0.208471,-0.113033,0.120243,0.052907,0.170507,-0.152056,0.267192,0.048895,-0.18696,0.218086,0.112028,0.154885,0.339062,-0.009535,-0.036497,0.202229,-0.094163,-0.282906,0.21494,0.214184,-0.04572,0.04576,0.379905,-0.004614,0.146685,0.210595,0.113318,0.208098,-0.327817,-0.235647,0.024803,-0.26505,-0.059616,0.222505,-0.248796,-0.060418,0.099344,-0.172853,0.282963,-0.24172,0.270186,-0.047833,-0.195874,-0.22082,-0.277422,0.210857,0.104488,0.171705,0.017448,0.214925,-0.110513,-0.020375,-0.126647,0.128006,0.139273,-0.028788,0.396337,0.196274,-0.037732,-0.165401,-0.185752,0.017448,-0.144895,0.005041,-0.025498,-0.22904,-0.131846,0.001693,0.059645,-0.13036,0.289519,-0.216965,-0.057574,0.164404,0.034844,0.214888,0.157891,0.051418,0.154869,0.192255,-0.335924,-0.183447,-0.004667,-0.193034,-0.244631,0.048039,-0.110835,-0.351785,0.298861,-0.061215,-0.116199,0.26087,0.040519,0.015313,0.015895,-0.344588,0.049427,-0.09891,-0.1126,0.04297,0.286212,0.054825,-0.028929,0.237061,-0.209005,0.037096,#
17,0.024761,-0.010142,0.415808,0.047826,0.093657,-0.080755,-0.25175,-0.243456,0.051229,0.413814,-0.411544,0.045239,0.220048,0.183864,-0.49224,-0.434569,-0.077902,1.0,-0.094074,0.29588,0.105034,-0.165871,0.349162,0.239913,0.423865,-0.274938,0.137515,-0.08975,-0.223764,0.090063,0.399371,-0.172584,0.204675,0.219876,-0.261648,-0.016648,0.118513,-0.174397,0.090074,-0.382905,0.323752,0.279605,0.121114,0.062562,0.359422,-0.393774,0.101314,0.683511,-0.005132,-0.209468,0.031166,-0.208926,-0.310792,-0.026965,-0.279051,-0.143149,-0.184649,-0.012781,-0.053409,-0.227323,-0.264448,-0.046193,-0.168343,-0.44139,-0.035784,0.07333,0.188635,-0.091426,0.024248,0.428527,0.028119,-0.259044,-0.228415,0.318029,0.096069,-0.136468,0.086107,-0.326692,0.095677,0.135483,-0.138359,0.046228,0.088481,0.235459,0.364899,0.045523,-0.078142,0.12081,-0.160007,-0.064723,0.130735,-0.080819,-0.308386,0.422768,0.258,0.073656,0.288159,0.34899,0.357338,0.007191,-0.129619,-0.119584,-0.136805,0.293276,-0.030465,0.084983,0.219236,0.172828,0.246043,0.071022,0.606011,0.180689,0.369262,-0.246897,0.265589,-0.066242,0.075578,-0.276646,0.50476,-0.1616,-0.047307,0.300653,-0.045817,-0.347249,-0.30624,0.219103,-0.188924,0.18751,-0.222276,0.129925,0.128261,0.482577,0.408052,0.280343,0.140229,-0.06036,-0.228415,0.337855,0.302876,-0.143371,0.209952,0.270509,0.284789,-0.194107,-0.020991,-0.219343,0.230339,0.40609,-0.386587,0.613035,-0.024475,0.038157,0.293159,0.107078,0.124946,0.445211,0.358253,-0.046227,0.110449,0.177187,0.464434,0.41211,0.157728,0.732605,0.142883,-0.125225,0.081812,-0.235784,-0.287082,0.294571,0.005045,0.152382,0.098897,-0.143449,-0.15189,0.253901,0.175172,0.070083,0.217326,-0.318551,-0.003586,-0.171119,-0.717591,-0.300211,-0.329411,-0.010413,0.061957,0.27208,-0.582849,0.112403,0.170586,-0.552891,-0.178724,-0.191901,-0.080112,0.054787,-0.287038,0.018532,0.185619,-0.574966,#
18,0.257867,-0.07922,0.170919,0.141783,0.086125,-0.128466,0.21164,0.188554,0.109154,-0.19421,0.301773,-0.252194,0.186481,0.188993,0.23117,0.189959,0.158817,-0.094074,1.0,-0.116513,-0.349968,0.384238,-0.133662,-0.158312,-0.650588,-0.157454,-0.341611,0.441415,0.227959,-0.533494,-0.135858,0.445141,-0.194466,-0.224411,-0.058871,-0.052098,0.280387,0.560532,0.104111,-0.083885,0.169361,-0.006399,-0.161471,-0.07262,-0.087572,-0.017605,0.303984,-0.299063,-0.119155,0.056376,-0.297619,0.291539,0.308072,0.003158,-0.309834,-0.137254,-0.19696,0.155596,-0.285023,-0.224253,0.199243,0.013832,0.239702,-0.039453,0.210845,0.063228,0.241629,-0.253321,-0.051695,-0.249693,-0.163092,-0.185621,0.144719,0.131743,-0.196405,-0.09713,0.193377,-0.470448,-0.069606,-0.224627,-0.001831,-0.108469,-0.184412,-0.306783,-0.098685,0.065684,0.108108,-0.049668,-0.30209,0.139365,0.403412,0.02062,0.020718,0.117107,0.024194,0.008827,-0.028485,0.016952,0.049709,-0.350501,0.125471,0.010624,-0.193867,0.028136,-0.052056,-0.093751,-0.014406,-0.139299,0.260644,-0.132698,-0.163052,0.005013,0.058055,0.178785,-0.188386,-0.157685,0.011005,0.110376,0.157627,-0.137364,0.101444,-0.128372,0.146753,0.233848,0.043677,0.036392,-0.304045,-0.09314,-0.037247,0.079957,0.21446,0.020439,0.005431,-0.260251,0.253313,0.107985,0.225477,-0.058507,-0.353285,-0.127993,-0.08976,0.028625,0.009761,-0.084622,0.032511,0.195177,-0.160528,0.155676,-0.357051,-0.038354,0.202918,0.176594,0.109311,-0.157288,-0.04376,0.009761,0.211484,0.091287,-0.052028,-0.216813,-0.125919,0.009626,0.067062,-0.118387,0.441277,0.185145,-0.056311,-0.149819,-0.172847,0.16456,-0.198586,0.402871,0.172734,0.010357,0.141861,-0.024695,-0.182495,0.136796,-0.177438,-0.13479,0.065614,0.115662,-0.059476,0.279108,-0.097151,0.049429,0.512408,-0.03525,0.038602,-0.348056,-0.128002,0.063109,0.106322,0.099821,0.092643,0.200313,0.026198,-0.104177,0.087026,-0.021005,#
19,-0.209848,-0.348574,0.14551,0.151216,-0.191211,-0.34208,-0.340753,-0.080105,-0.131719,0.128755,0.113023,-0.300711,-0.163921,-0.356068,-0.495116,-0.042889,0.057293,0.29588,-0.116513,1.0,-0.023907,0.06216,-0.036285,0.080712,0.180975,0.197065,0.035061,0.143833,-0.316636,0.062958,0.38479,-0.251101,0.382892,0.191835,0.3362,-0.129242,-0.201323,0.024962,-0.206364,0.044959,-0.096816,0.002353,-0.115211,-0.083203,0.247198,-0.263174,-0.204655,0.123303,0.031225,-0.294995,0.056125,-0.036304,-0.240696,0.173642,-0.171298,0.112857,0.057149,-0.458198,0.159518,-0.392646,-0.312089,-0.139501,0.207073,-0.302974,0.112162,-0.177022,0.364483,0.109568,-0.309854,0.215623,-0.166179,0.079891,-0.114131,0.253041,0.334937,0.308638,0.137832,0.039132,0.227823,0.23186,0.117009,0.357535,0.060456,0.107163,0.396569,0.20132,-0.046608,0.343274,0.201517,0.063792,0.11999,0.012718,-0.188085,0.189381,0.377816,0.394901,0.324048,0.187321,0.282848,0.035166,-0.352067,-0.27143,-0.027985,0.532442,0.23186,0.071224,0.182167,0.554562,0.038091,0.371021,0.566363,-0.164843,0.132159,-0.188131,0.235674,0.324448,0.598839,-0.052987,0.197368,0.197738,0.02321,0.201004,0.127604,0.27692,-0.243214,0.294907,0.145239,0.033645,0.161433,0.237761,0.213851,0.12491,0.2408,0.355056,0.333582,0.120813,-0.114131,0.248317,-0.189225,0.292332,0.374328,0.234312,0.353208,0.029351,-0.008938,0.165194,0.393952,-0.1019,0.245737,0.352542,0.103675,0.089584,0.531373,0.146755,0.086744,0.537312,-0.042915,-0.535669,0.322852,0.483255,0.153851,0.260125,0.099062,0.497543,0.076443,-0.30259,-0.021675,-0.058008,0.077797,0.133621,0.094885,-0.426202,0.380794,0.185487,-0.28798,0.16596,0.267363,-0.26298,-0.154112,0.267207,-0.215924,-0.29134,-0.455561,0.048171,-0.324479,0.343987,-0.336667,-0.026152,-0.066908,-0.005704,0.187222,-0.220601,-0.220601,-0.500634,-0.077798,0.177564,-0.280863,0.402391,0.009404,-0.383423,#
20,-0.313373,0.024889,-0.273189,0.059532,0.197711,0.269791,-0.177056,-0.206716,-0.276505,0.193191,-0.120418,0.081424,-0.212492,-0.057507,-0.297644,-0.169539,-0.333996,0.105034,-0.349968,-0.023907,1.0,-0.447152,-0.071706,-0.327084,0.128044,0.171509,-0.00801,0.06621,-0.072456,0.500886,0.114108,-0.234891,-0.211025,0.181375,-0.054125,0.017725,-0.269481,-0.288912,0.126419,0.034741,0.001835,-0.235707,0.127781,0.233655,0.010156,0.082034,-0.502998,0.171891,0.294897,-0.443098,-0.012253,-0.270001,0.11484,0.023081,0.087031,0.151705,0.373046,-0.440153,0.269532,0.177864,-0.222604,-0.053667,0.03715,-0.177109,-0.474939,-0.064432,-0.211025,0.275711,-0.187411,0.041701,0.188871,-0.07595,0.202426,0.252433,0.193028,-0.051789,0.3594,0.270762,0.072541,0.078854,-0.189695,0.006868,-0.108414,-0.002265,0.08814,-0.026857,-0.093106,0.241338,0.495254,0.233253,-0.392172,0.166605,-0.078273,-0.119909,-0.00036,-0.000756,0.072633,-0.166667,0.151419,0.430519,-0.19028,0.152217,0.177714,-0.003956,-0.083277,-0.14179,0.046326,-0.110233,0.229669,-0.340132,0.108377,0.268483,-0.223573,-0.361602,0.074297,-0.000851,0.171239,0.16547,-0.188308,0.00357,0.269516,0.111757,0.209131,0.114555,0.008165,0.167644,0.242217,0.199619,-0.053867,0.08641,-0.263503,0.178178,-0.266078,0.071922,-0.195663,0.250947,-0.211025,0.081911,0.042599,0.158622,-0.101047,0.074443,-0.01927,-0.192933,0.145462,-0.039031,0.292888,0.166441,0.215725,0.043075,-0.201979,-0.125853,-0.08882,-0.030562,-0.10976,-0.011394,-0.023394,-0.177114,0.090591,0.015087,0.012908,0.006434,0.121837,0.154438,-0.305801,-0.204167,0.246686,-0.016636,0.189089,-0.005981,-0.168949,-0.338883,-0.122644,-0.014473,0.310911,-0.148825,0.211587,-0.109738,-0.130078,-0.045083,0.143416,-0.131676,-0.140567,0.065327,0.10374,-0.39646,0.1068,-0.38158,-0.068068,0.165936,0.15554,-0.068306,-0.072454,-0.501553,-0.142731,0.116194,-0.168187,-0.004373,-0.149581,0.11527,#
