0,1.0,-0.086347,0.129029,-0.105377,0.167041,0.03006,-0.162722,0.110084,0.218965,0.095189,-0.374689,0.054963,0.158874,0.131736,0.226193,-0.010863,0.193279,-0.067984,0.04054,-0.179516,-0.278245,0.01156,-0.272313,-0.026317,0.226674,-0.201696,-0.069778,-0.328356,0.18066,0.122431,-0.201025,-0.204209,-0.18294,-0.035869,-0.101219,0.084644,0.078928,0.115753,-0.127202,-0.083057,-0.14213,-0.195906,-0.321092,0.318513,0.349466,0.068382,0.32402,-0.037512,-0.057564,0.350247,-0.257958,-0.05811,0.330113,-0.222298,0.259584,-0.058706,-0.021119,0.147634,-0.086877,0.07547,0.195369,0.073103,0.132108,-0.088641,0.107747,0.086522,-0.032578,-0.264489,0.160237,-0.19525,0.211171,-0.35027,-0.127202,-0.269905,-0.18687,0.109109,-0.038856,-0.40495,0.007517,0.143062,0.260224,-0.153161,-0.02726,-0.508229,0.162581,0.049576,-0.20633,0.05134,-0.06169,-0.196964,0.208199,0.01743,0.128672,0.165882,0.177463,-0.095104,-0.115171,-0.096284,0.346973,-0.187861,-0.062116,-0.038856,0.076021,-0.083309,0.044546,-0.174576,0.052081,-0.124985,0.198614,-0.427241,-0.216114,-0.127202,0.361052,-0.053438,-0.240201,-0.199985,-0.131679,-0.064488,0.264829,-0.438554,0.077256,0.078365,-0.205688,0.007181,-0.168397,-0.13384,0.137174,-0.087674,-0.244736,0.294735,0.109144,-0.236658,0.069182,0.078905,-0.230164,-0.176429,-0.183722,-0.093781,0.002302,-0.188838,-0.083309,-0.384417,-0.076551,-0.10369,-0.195926,0.171546,0.04136,-0.080086,-0.126705,-0.089453,-0.142703,0.004586,0.359781,-0.08914,-0.12938,0.147275,0.109143,0.148337,-0.202701,0.213101,-0.239597,0.136708,0.245538,-0.062058,-0.003318,0.087432,0.068226,0.04907,-0.219307,-0.092892,0.147412,-0.050253,0.221493,-0.057634,0.185279,0.170273,0.267988,0.161598,0.070977,-0.095053,-0.10032,-0.206202,0.077565,0.084731,0.035924,-0.046179,0.492897,0.038938,-0.030404,0.230461,-0.32763,-0.038099,-0.076269,0.207272,-0.275556,-0.051283,-0.164322,-0.013625,0.108627,-0.05369,#
1,-0.086347,1.0,-0.089758,0.090484,0.248301,0.260034,-0.147426,-0.249669,-0.014214,0.16945,-0.035012,0.155806,-0.021708,0.067452,0.199743,0.123508,-0.21788,-0.101778,-0.347011,0.155864,-0.10959,0.40388,0.174975,-0.125719,-0.074672,-0.237752,-0.172302,0.029283,0.263945,0.501194,-0.382679,-0.103678,-0.146707,-0.009872,-0.080259,0.271621,0.067231,-0.249273,-0.102008,0.27344,0.001963,-0.254107,0.177209,0.226412,-0.249811,0.108951,0.226296,0.028228,-0.13328,0.312362,0.166265,0.093673,0.186201,0.150789,0.203272,-0.053305,-0.078646,0.271744,0.226099,-0.109029,0.092887,-0.050269,0.246943,0.152405,-0.177786,0.028634,0.05124,0.179942,0.432872,0.101755,-0.194824,-0.049869,-0.102008,-0.169135,0.047089,0.090692,-0.342627,0.184628,-0.060459,0.003652,-0.137632,-0.157812,-0.222698,0.194187,-0.039482,-0.221462,-0.229041,-0.22701,0.112135,-0.031738,-0.180176,0.047648,0.106311,-0.342658,-0.442648,-0.167823,-0.290494,-0.321883,-0.262723,0.014195,-0.051193,0.085916,0.240581,-0.16518,-0.208168,-0.113485,-0.508612,0.046957,0.01156,0.083482,-0.158103,-0.102008,-0.441877,-0.283131,0.097723,0.142506,-0.224942,-0.015561,0.236235,0.115507,-0.280677,-0.132001,0.06836,0.042059,0.059049,0.200605,0.063543,0.110868,0.215372,-0.049502,-0.059726,-0.096045,-0.122119,-0.031204,-0.193612,-0.090632,-0.147334,-0.339743,0.345186,-0.151062,-0.16518,-0.151708,0.249529,-0.361661,-0.018006,0.211471,0.18051,-0.090073,-0.077392,-0.162128,-0.359164,-0.155788,-0.249869,0.022306,-0.103478,-0.027193,-0.14042,0.085173,0.187513,-0.086603,-0.114253,-0.147299,-0.222496,-0.090293,0.012619,0.382786,0.020715,-0.614476,0.27889,-0.249745,-0.168855,-0.117459,-0.311467,0.022017,0.038672,0.295878,-0.033507,0.002944,0.291328,-0.1736,-0.125901,0.036725,-0.008213,0.168831,0.351157,-0.045137,0.050579,-0.059722,-0.030897,0.291953,-0.047598,0.19172,0.294552,0.481204,0.168279,-0.342518,0.347077,0.074508,0.003221,0.498135,#
2,0.129029,-0.089758,1.0,0.257094,-0.134837,-0.15783,0.058953,-0.061819,0.198963,0.214504,0.090783,0.082132,-0.183922,0.172228,-0.082977,-0.285971,-0.418099,0.196032,0.230241,0.363548,-0.411437,0.09712,-0.098154,0.349091,0.088619,-0.055631,0.006273,-0.151992,0.22646,-0.269017,0.228705,0.167256,-0.281522,0.097492,-0.26166,0.113541,-0.059985,0.027273,-0.195748,-0.385191,-0.549838,0.285744,-0.165777,-0.036862,-0.083345,-0.366958,0.138288,-0.016746,-0.365378,0.316648,-0.281547,0.234961,-0.083771,0.201795,-0.257853,-0.188374,-0.152683,-0.154714,-0.402029,-0.222973,0.303776,0.374862,0.195962,-0.103608,-0.107856,0.053047,0.243887,-0.423064,-0.109534,0.005245,0.107649,0.08199,0.183119,0.110252,-0.126309,0.228725,-0.132143,-0.235254,0.075512,-0.032774,0.253539,0.014943,-0.370559,0.176749,-0.184327,-0.015565,-0.059569,-0.150281,0.016556,-0.048959,0.012703,-0.134523,0.16313,0.525971,0.076065,0.134202,0.119996,0.094019,-0.080397,-0.007551,-0.428537,-0.314902,-0.12805,0.26777,0.027765,0.105498,0.150474,0.141271,0.021073,0.024566,0.321686,-0.195748,-0.03681,0.185577,0.17582,-0.089796,-0.155385,0.098184,0.316781,-0.154216,-0.161747,0.44165,0.032854,-0.128106,-0.017134,0.368665,0.14789,-0.380489,-0.022789,0.01938,0.391468,0.336222,-0.209643,0.07898,0.18083,0.122971,0.031116,0.416862,-0.084747,-0.158633,0.448364,-0.058075,0.12005,0.031737,0.286909,0.334645,0.044825,-0.147078,-0.203458,0.123363,0.187151,0.411913,0.30161,0.27733,0.486115,0.103068,-0.091492,0.256955,0.264365,0.129791,0.051261,-0.005862,0.158973,0.202563,0.021071,-0.12318,-0.052264,0.174391,0.183101,0.121811,-0.213861,0.224862,-0.069851,-0.024959,0.037284,0.252061,-0.008093,0.286178,0.107365,0.163612,0.264517,0.082799,-0.146906,0.04173,-0.216727,0.236585,-0.007476,0.408493,-0.089066,0.095969,0.150982,-0.37996,-0.250484,0.11275,-0.349143,-0.331012,-0.212131,-0.116472,0.245848,-0.109599,#
3,-0.105377,0.090484,0.257094,1.0,-0.208589,-0.224243,-0.208281,-0.113032,-0.368534,-0.088978,0.184295,0.150133,-0.279759,-0.354974,0.056705,0.330516,0.001973,-0.430996,-0.224749,0.113731,-0.31349,0.041841,-0.365061,0.126871,0.060191,0.177948,-0.210783,-0.085297,0.13687,-0.311044,-0.329808,-0.011211,-0.305091,0.151685,0.14381,-0.274421,-0.121519,0.098525,-0.212136,0.252725,-0.252728,0.042551,-0.132861,-0.12741,0.076587,0.378909,-0.275335,-0.691001,0.079985,0.186609,-0.204116,0.263867,0.101579,0.157117,0.009381,0.223523,-0.102972,0.033953,-0.3896,-0.161378,0.04676,-0.052963,0.447289,0.190044,-0.079695,-0.500319,-0.240357,-0.211413,-0.349744,-0.114316,-0.111682,0.296248,0.163326,0.026723,-0.213083,0.301938,-0.020854,0.511735,0.337598,-0.296796,0.182894,0.103941,0.041164,0.092538,-0.10389,-0.053325,0.167636,-0.19393,0.099818,-0.105387,0.270346,0.114383,0.255234,0.119847,-0.303901,-0.132516,0.052835,0.018777,-0.124965,0.154903,-0.142154,0.331317,0.132103,0.188782,0.125069,0.03822,0.026425,0.226074,-0.205178,0.103639,-0.286234,-0.212136,-0.278019,0.095038,-0.215494,0.396479,0.280416,-0.006397,-0.446997,0.423329,0.177183,-0.151371,0.108336,0.441193,0.311129,-0.045463,-0.065697,-0.342548,-0.04278,0.173333,-0.239112,-0.238893,-0.132382,0.123027,0.033867,0.238109,0.292607,0.00838,-0.365737,0.090406,0.026014,0.191266,0.074534,0.041036,0.184108,0.320112,-0.217662,-0.378063,0.022202,-0.293439,-0.081319,0.094146,0.062846,0.204157,0.000946,0.072264,-0.314934,-0.269607,0.177331,-0.094621,0.053332,-0.021041,0.11945,-0.377995,-0.39102,-0.19952,-0.112107,-0.189081,0.469516,-0.324779,-0.115896,-0.26461,0.078965,0.011427,-0.047961,-0.239361,-0.025346,-0.123003,-0.450452,0.023438,-0.126547,-0.165531,0.280388,0.119195,-0.12275,-0.131154,-0.274513,-0.222555,0.456374,-0.13706,-0.122901,0.225927,-0.163214,-0.284,-0.261184,-0.022624,-0.121324,0.109328,-0.246615,0.143002,#
4,0.167041,0.248301,-0.134837,-0.208589,1.0,0.232001,0.04018,0.210518,0.190588,0.184789,-0.330609,0.281611,0.320107,0.258726,0.07338,0.008269,0.182562,0.211138,-0.28469,0.090732,0.401507,0.018372,0.540694,-0.255242,-0.166257,-0.342725,0.017758,-0.278739,0.158466,0.461685,-0.209046,0.021013,-0.027525,-0.181254,-0.15588,0.31795,0.118278,-0.48918,-0.229839,-0.300371,-0.024488,0.28181,0.136028,0.020177,0.236941,-0.041233,0.386394,0.338601,0.178393,-0.112872,-0.023135,-0.600631,0.218367,-0.397075,0.215291,-0.090753,-0.326919,-0.031549,0.373781,0.138388,0.046406,0.099975,-0.102857,-0.320365,-0.17149,0.566647,0.140804,0.194269,0.433639,0.034209,0.142598,-0.583254,-0.229839,-0.676736,-0.293162,0.20783,-0.459124,-0.398911,-0.349456,-0.234926,-0.225999,-0.620872,-0.266641,0.080871,-0.225673,-0.140405,-0.581889,-0.102516,0.019379,-0.196808,-0.497806,-0.482548,-0.157865,-0.445703,-0.205438,-0.370403,-0.5851,-0.541623,-0.207294,-0.219331,-0.233501,-0.249783,-0.28319,-0.184008,-0.268377,-0.540296,-0.120294,-0.440428,0.032548,-0.418445,0.154471,0.188635,-0.2272,-0.616277,-0.143046,0.037824,-0.29568,-0.489753,0.303153,-0.345692,-0.083258,0.073699,-0.573464,-0.619939,0.022848,0.362579,-0.27888,0.407508,-0.248832,-0.45869,-0.20553,0.018844,-0.368918,0.139276,-0.474429,-0.327806,-0.331963,-0.392203,0.235304,-0.389284,-0.20333,-0.244346,-0.156286,-0.027041,-0.578572,-0.091896,0.123781,0.538818,-0.458234,-0.204951,-0.653046,-0.053158,0.004731,-0.530362,-0.471916,-0.196575,0.189821,0.487898,-0.402713,-0.000627,-0.132078,0.261763,-0.298137,0.180232,-0.1531,0.167261,-0.18525,-0.251592,-0.438772,0.219511,-0.203294,0.245047,-0.373076,-0.53907,-0.00127,-0.051155,-0.076855,0.248963,0.270727,-0.45654,0.274479,-0.200134,-0.008999,0.149046,0.420468,-0.321923,0.20845,-0.007871,-0.278562,0.298057,-0.489613,0.28972,0.43623,0.32312,-0.158154,0.243903,0.415582,-0.22326,-0.335669,-0.075072,#
5,0.03006,0.260034,-0.15783,-0.224243,0.232001,1.0,0.350001,0.253708,0.058933,-0.081895,-0.071348,0.274756,0.193386,0.3535,0.000711,-0.122605,0.166073,0.102186,-0.145245,-0.133601,0.085455,0.335055,0.070894,-0.283319,0.211369,-0.38507,0.053048,-0.174503,0.074713,0.266914,-0.197997,0.063378,-0.022163,-0.355481,-0.176586,0.361199,0.151829,-0.177066,-0.227971,-0.125827,0.178879,0.004408,-0.113231,0.051026,0.060716,0.138381,0.115651,0.298885,0.071385,0.063039,0.261999,-0.203168,0.246112,-0.31767,0.222047,-0.146473,-0.107778,0.28269,-0.034171,-0.083264,0.016883,-0.067882,-0.121035,0.149042,-0.019052,0.019442,-0.053792,0.263487,0.413173,-0.176401,-0.377013,-0.423098,-0.227971,-0.384519,-0.011051,0.184504,-0.426881,-0.107959,-0.227926,-0.374785,-0.094184,-0.486636,0.220166,-0.30147,-0.197929,0.168937,-0.104146,-0.084516,-0.347679,-0.169071,0.138281,-0.189451,0.147334,-0.483582,-0.234012,-0.513325,-0.282364,-0.245257,-0.013503,-0.59405,0.222076,-0.225748,0.113913,-0.554682,-0.226611,-0.41581,-0.123803,-0.701478,-0.165345,-0.302331,-0.02543,0.194198,-0.097842,-0.479158,0.058231,-0.197444,-0.32397,-0.178313,0.157265,-0.058907,-0.047741,-0.108971,-0.235014,-0.333186,0.008895,-0.110757,-0.14564,0.144021,-0.183045,-0.254827,-0.056894,-0.11381,0.241815,-0.241728,-0.11227,0.047998,-0.018412,-0.256571,-0.057798,-0.417481,-0.398739,-0.261402,-0.357201,-0.063576,0.063886,-0.036772,-0.039564,0.264027,-0.321276,-0.185912,-0.037554,0.008411,-0.033409,-0.066985,-0.307034,-0.375054,0.436013,0.331588,-0.262542,0.025777,-0.078556,-0.003618,0.008017,0.046898,-0.00432,0.550263,-0.040292,-0.098231,0.044034,-0.149637,0.31573,0.175446,-0.167378,0.008194,0.316497,-0.066621,-0.137049,0.292355,0.328426,-0.458885,0.314656,-0.055442,-0.019516,0.473814,0.470132,-0.352343,0.123163,-0.020305,-0.360394,0.332002,-0.163332,0.316485,0.49434,0.372362,0.339516,0.09417,0.293671,-0.243222,-0.044082,0.276823,#
6,-0.162722,-0.147426,0.058953,-0.208281,0.04018,0.350001,1.0,0.458695,0.108752,-0.089697,0.302086,0.073934,0.122204,0.29321,0.091377,-0.013354,0.180774,0.134155,0.331021,-0.06007,0.243575,0.312883,0.019809,-0.111074,0.055374,0.099465,0.084921,-0.155338,0.413004,0.073011,-0.155271,0.289397,0.20162,-0.516169,-0.122162,0.347197,0.019729,-0.019339,-0.227306,-0.363595,0.011957,0.178394,0.139717,0.062528,0.074934,-0.164181,0.081654,0.060981,0.035966,0.095238,-0.194434,-0.168076,-0.099083,-0.095755,-0.221268,-0.263742,0.173325,-0.184905,-0.047873,0.060781,0.055434,-0.047184,-0.446255,0.177285,-0.112651,-0.049913,0.190808,0.177539,0.257456,-0.17969,-0.041836,-0.388954,-0.227306,-0.049161,-0.146578,0.214151,-0.083873,-0.439376,-0.708104,-0.214273,-0.084303,-0.332839,0.05357,-0.276853,-0.158156,0.012679,-0.089715,-0.263999,-0.344881,0.004609,-0.143912,-0.188503,-0.144762,-0.279615,-0.262944,-0.021469,-0.441199,-0.270504,-0.348379,-0.233268,0.102046,-0.404336,-0.292198,-0.38075,-0.049196,-0.223279,0.025731,-0.51588,-0.016285,-0.096112,0.050886,0.203449,-0.053581,0.009887,-0.065436,-0.217882,-0.324681,-0.152288,0.049975,-0.033529,-0.24512,0.110441,-0.395281,-0.34433,-0.229238,0.075206,-0.497569,0.210749,-0.188095,-0.431717,-0.160244,-0.242393,-0.066342,-0.017278,-0.086872,-0.134717,-0.011129,-0.249855,-0.08554,-0.401006,-0.032104,-0.228548,-0.351483,0.301424,-0.220035,-0.200627,-0.215018,0.2821,-0.121719,-0.004289,0.149519,0.203744,-0.029219,-0.014951,-0.126914,-0.388345,0.176917,0.349614,-0.388231,-0.145766,-0.063454,-0.328227,-0.15042,-0.080529,-0.152674,0.380894,-0.227078,-0.006463,-0.098484,0.058446,0.129995,0.242923,-0.330817,-0.126882,0.320956,-0.053242,-0.154009,0.321017,0.308889,-0.261417,0.339388,-0.113364,0.164638,0.53109,0.282566,-0.149938,0.142163,0.227073,-0.002441,0.028363,-0.148364,0.335895,0.291692,0.225415,0.157498,0.257755,0.325082,-0.230344,-0.119269,0.158547,#
7,0.110084,-0.249669,-0.061819,-0.113032,0.210518,0.253708,0.458695,1.0,-0.017536,-0.254688,-0.022089,-0.097677,0.126733,0.272801,0.391608,0.064175,0.04149,-0.274577,0.272134,-0.27786,-0.07654,0.30608,-0.034811,-0.342475,-0.076123,-0.043946,0.052937,-0.136918,0.013555,0.012004,-0.115941,0.130262,0.237334,-0.43884,0.001341,0.225891,0.109534,0.184434,-0.101981,-0.372896,0.051991,0.367308,0.199256,0.020129,-0.003933,0.201866,0.148515,-0.120888,0.081214,-0.185293,-0.337345,-0.150112,0.041154,-0.557412,-0.069302,0.106879,-0.132537,0.072405,-0.191556,0.125821,-0.166653,0.191725,-0.398827,0.180479,0.273874,0.247759,0.048728,0.214054,-0.061303,-0.348317,-0.079282,-0.472309,-0.101981,-0.374492,-0.164132,0.109508,-0.144301,-0.397478,-0.442406,-0.401067,-0.101988,-0.563103,0.192211,-0.407457,-0.062698,0.190564,-0.002341,-0.197891,-0.290295,-0.070699,0.046895,-0.373834,0.137292,-0.342564,-0.047019,0.012324,-0.472732,-0.127017,-0.233765,-0.410554,0.132326,-0.342533,-0.036017,-0.374484,-0.197999,-0.311178,0.09631,-0.552677,-0.023081,-0.342528,-0.275588,0.428318,0.144746,-0.070223,-0.29133,-0.101401,-0.215269,-0.048828,-0.177973,0.0661,-0.062534,-0.124293,-0.362304,-0.167469,0.207476,-0.018528,-0.342288,-0.081592,0.127626,-0.280615,0.158089,-0.289419,-0.125,-0.164325,-0.167578,-0.087593,0.243178,-0.125212,-0.164356,-0.361179,-0.1786,-0.348615,-0.249721,0.263594,-0.216609,-0.449014,-0.28041,0.001032,-0.111746,-0.184432,0.041754,0.078628,0.229816,-0.159382,-0.109386,-0.249471,0.317984,0.170922,-0.610942,0.135184,-0.034995,-0.147259,-0.007138,-0.102366,-0.354187,0.152827,-0.373825,0.084411,-0.342353,-0.015497,-0.009758,0.258058,-0.103113,0.032574,0.229509,-0.150467,-0.280456,0.191159,-0.125254,-0.231424,0.075267,-0.003196,0.141749,0.355015,0.114093,-0.236141,0.15107,0.188133,0.034838,-0.121816,-0.45711,0.536989,0.263198,0.111487,-0.035319,0.292241,0.112767,-0.381078,-0.009875,-0.128484,#
8,0.218965,-0.014214,0.198963,-0.368534,0.190588,0.058933,0.108752,-0.017536,1.0,0.10109,0.124439,0.022439,0.281633,0.452627,-0.312262,-0.229885,0.083264,0.499276,0.399616,0.276905,-0.100242,-0.152298,0.09146,-0.034415,-0.140238,-0.219938,0.109106,0.244363,0.057089,0.009711,0.279689,0.041042,0.072772,-0.269768,-0.212804,0.043219,0.615181,-0.227273,-0.166515,-0.274924,-0.269342,0.252565,-0.217729,0.286834,0.400055,-0.425815,0.28161,0.343548,-0.282912,0.285155,0.165656,-0.133146,0.232644,0.231718,-0.325794,0.120381,0.029828,-0.017755,0.266039,0.057836,-0.351281,0.119448,-0.095697,-0.167178,-0.124012,0.212035,0.53002,-0.020181,0.296491,0.281261,0.341171,-0.108562,-0.166515,-0.090153,0.066885,0.085188,0.123012,-0.67327,-0.091196,0.32405,0.11227,-0.108697,-0.02828,0.172013,0.10643,0.149585,-0.016537,-0.021582,0.001401,-0.216188,0.199205,0.03476,-0.139388,0.316295,0.070589,0.070412,0.048179,-0.063097,0.068265,-0.051027,-0.38599,-0.23019,-0.236978,0.055343,0.165549,0.035724,0.014348,0.084366,0.141753,-0.01385,0.329781,-0.166515,0.432006,0.035695,0.342479,-0.50847,-0.036741,-0.035226,0.617214,-0.338583,0.081185,0.311278,-0.060777,-0.597549,-0.343413,0.174678,-0.054209,0.336611,-0.172856,0.093836,0.449364,0.514104,0.113961,-0.011219,0.283136,-0.148183,0.053057,0.274542,0.207341,0.118175,0.404361,0.111098,-0.202404,0.187114,0.001415,-0.065469,0.317837,0.367832,0.036106,0.255677,0.080853,0.137718,0.185251,-0.096474,0.035304,-0.030536,-0.01949,0.274206,0.151724,0.226115,0.09857,0.038729,-0.013095,0.692332,0.387505,-0.080305,-0.27814,0.011798,-0.04459,0.398358,-0.328591,0.044281,0.183101,0.079004,-0.285668,0.128051,0.095154,0.144028,0.120727,-0.143375,0.115839,-0.18486,-0.434282,-0.092102,-0.167013,0.38492,0.148635,0.130188,-0.595188,-0.033923,0.282603,-0.414343,-0.148829,0.237017,0.071525,-0.056476,-0.162889,0.118919,0.14156,0.020895,#
9,0.095189,0.16945,0.214504,-0.088978,0.184789,-0.081895,-0.089697,-0.254688,0.10109,1.0,-0.162895,0.597987,0.224453,0.402236,-0.419445,-0.090827,-0.350027,0.384668,-0.334619,-0.00329,-0.070281,-0.058644,0.188366,0.344846,0.290069,-0.02409,0.193063,-0.522178,0.184577,0.18475,0.063099,-0.163415,-0.390491,0.318212,-0.057579,0.229918,-0.069491,-0.39641,0.146458,0.058581,0.02937,0.31716,0.198601,0.109139,0.157816,-0.026243,-0.088248,0.312257,-0.22136,0.198317,0.034113,-0.130844,-0.088654,0.020753,-0.14719,-0.385368,-0.238526,0.09452,0.246615,0.211705,0.05742,0.206599,0.1132,-0.256422,-0.111305,0.069742,0.094083,-0.053303,0.124292,0.03984,-0.085881,-0.164116,0.129739,0.033918,0.014761,-0.232167,-0.027815,-0.127981,0.147223,0.219857,-0.251295,-0.005577,-0.125533,0.097875,0.494614,-0.45324,-0.114988,-0.233971,-0.137265,0.149609,-0.197814,-0.19492,0.028919,0.147272,-0.178758,0.198969,0.016102,-0.066635,-0.024983,0.1839,-0.163691,0.141449,-0.002419,0.190306,0.256629,0.096478,-0.187689,0.030141,-0.261608,0.149332,-0.118738,0.163177,-0.010447,0.031543,0.211632,-0.100436,-0.260836,-0.261092,0.394611,-0.280116,0.02839,0.433669,-0.107269,-0.355045,-0.301339,0.276485,-0.045652,-0.062204,-0.229679,0.207924,0.116222,0.378197,-0.059987,0.622523,-0.272641,0.092337,-0.108068,-0.05655,0.479572,-0.301139,0.204474,0.116269,0.152095,-0.242721,0.228374,0.229148,0.433651,-0.113841,-0.362282,0.201724,-0.340776,-0.114009,-0.271928,0.219886,0.354552,0.147199,-0.07772,0.377361,0.220797,0.078783,0.308048,0.22459,-0.274256,0.379059,-0.000501,-0.029548,0.045797,-0.088951,0.129286,0.184489,-0.076959,-0.04782,-0.10347,-0.253325,0.005936,0.092759,-0.378865,0.240926,0.457697,-0.147552,0.105796,-0.132899,-0.234599,-0.043778,-0.159543,-0.092436,0.011914,0.098119,-0.213663,0.445786,0.087987,-0.347191,-0.246552,0.161556,-0.035062,-0.39676,0.196653,-0.109953,0.405745,0.023305,#
10,-0.374689,-0.035012,0.090783,0.184295,-0.330609,-0.071348,0.302086,-0.022089,0.124439,-0.162895,1.0,-0.135064,-0.26765,-0.00973,-0.065169,0.079036,0.301382,-0.177458,0.271601,0.289687,-0.142597,0.110842,-0.280798,0.20747,-0.16992,0.326669,-0.254465,0.289067,0.023823,-0.237096,0.015173,0.275266,-0.257707,-0.172943,0.34654,-0.150774,0.077092,-0.022184,-0.179189,0.057433,-0.299693,-0.12138,0.123364,-0.454769,-0.044742,0.072529,-0.405234,-0.535773,0.017895,0.097161,0.187279,0.184142,0.01148,0.315828,-0.501677,0.034093,0.339269,-0.234569,-0.055039,0.077463,-0.023173,-0.097201,0.13839,0.143913,0.222932,-0.267118,0.070952,0.12926,-0.264111,-0.010784,-0.149982,0.270776,0.229545,0.302214,0.114125,0.139132,-0.064791,0.059363,-0.011799,0.086534,0.187087,0.101257,-0.114404,0.401348,-0.099206,-0.088736,0.212568,-0.043296,-0.239646,0.060996,0.116756,-0.061002,-0.062965,0.213915,-0.190414,0.020639,-0.041461,-0.006664,-0.278427,0.012746,0.110573,-0.081928,-0.375932,0.293734,0.449256,-0.056071,0.077457,0.094799,-0.436901,0.573851,-0.039863,-0.179189,-0.154633,0.402261,0.153833,0.119175,-0.096316,0.018678,-0.109323,0.39781,-0.11045,0.038665,-0.002702,0.111004,-0.019641,-0.195426,-0.313337,-0.134441,0.309496,-0.118024,0.155935,-0.017441,0.17389,-0.106068,0.5338,0.349818,0.343577,0.013739,-0.442019,0.179575,0.304125,0.287204,-0.045181,0.165749,0.227208,0.31366,0.095599,-0.186462,0.260753,-0.127157,0.29107,0.263002,-0.30276,0.154308,0.073207,-0.438343,-0.396882,0.080705,0.206188,0.008875,0.07533,-0.258747,-0.092378,-0.005249,0.122369,-0.112198,-0.196101,0.053353,0.392361,-0.019563,0.125896,-0.184186,-0.181726,0.332063,-0.19631,-0.356719,-0.36663,0.121662,-0.232801,0.226246,0.10592,-0.157276,0.148059,0.181823,-0.016967,0.273152,-0.458942,-0.271553,0.260341,-0.20299,0.175351,0.075257,-0.001788,0.037432,0.327592,-0.047969,0.15756,-0.164445,-0.216846,0.125343,#
11,0.054963,0.155806,0.082132,0.150133,0.281611,0.274756,0.073934,-0.097677,0.022439,0.597987,-0.135064,1.0,0.14747,0.2917,-0.379983,0.008464,-0.150128,0.15108,-0.313336,-0.126845,0.028042,0.215568,-0.103538,0.24725,0.273508,-0.303562,-0.014947,-0.490285,0.267444,0.163125,-0.113409,0.050691,-0.09572,0.028724,-0.198949,0.364092,-0.132942,-0.375299,-0.294097,0.032243,0.18259,0.270983,-0.029587,-0.036419,0.143505,0.078632,-0.215824,0.118416,0.129698,-0.017241,-0.088994,-0.283199,0.107179,-0.199144,0.119493,-0.256678,-0.280889,-0.128537,0.050178,-0.074392,-0.223636,0.167487,0.221076,-0.277146,-0.219209,-0.302781,0.053969,-0.137652,0.176199,0.115716,-0.074504,-0.348447,0.140444,-0.073576,-0.125007,0.231674,-0.093874,-0.065307,0.050716,-0.201116,-0.199841,-0.128255,0.094464,-0.010903,0.262654,-0.036071,-0.085825,-0.290464,-0.101181,-0.067702,0.028055,0.027413,0.080755,0.036826,-0.140494,-0.043368,-0.100183,-0.019287,-0.070503,-0.134254,-0.234154,0.121434,0.252656,0.095119,0.22551,-0.217471,0.222956,-0.334639,-0.220048,-0.134771,-0.092087,0.157825,-0.15818,-0.262957,0.154243,0.001176,-0.031777,-0.162102,0.159326,0.033717,0.395542,0.131776,-0.089395,-0.299565,0.04121,0.201497,-0.148904,-0.038955,-0.212985,-0.015949,-0.048567,0.141753,0.170394,0.299102,-0.171484,0.268746,-0.117116,-0.029277,0.23183,-0.291673,0.262052,0.165449,-0.086503,-0.234119,0.107871,0.011411,0.202809,-0.052275,-0.350883,-0.213706,-0.322479,-0.033337,0.037467,-0.076062,0.024305,-0.104609,0.115668,0.075055,0.100491,0.053616,0.469088,0.216424,-0.02568,0.320901,-0.129637,-0.109671,0.12157,-0.088829,0.42877,0.124711,-0.152928,-0.101963,0.041222,-0.244711,0.045851,-0.101529,-0.292264,-0.016246,0.226844,-0.139055,0.038981,-0.255412,-0.027375,0.164107,-0.064784,-0.260117,-0.055019,-0.149675,-0.1678,0.2107,0.127204,-0.071196,0.048313,-0.088712,0.180703,-0.0869,-0.064031,-0.099976,0.207745,-0.053116,#
12,0.158874,-0.021708,-0.183922,-0.279759,0.320107,0.193386,0.122204,0.126733,0.281633,0.224453,-0.26765,0.14747,1.0,0.498347,0.151277,0.138992,0.047027,0.285417,-0.084238,-0.116556,0.261101,-0.001985,0.168184,-0.225596,-0.195093,0.168386,0.282349,-0.04239,0.005221,-0.022645,-0.182004,0.414917,0.261246,0.055786,-0.317969,0.010466,0.242294,-0.17093,-0.17999,-0.033373,-0.028727,0.372403,0.243647,0.315964,0.377227,-0.02525,0.192586,0.319869,0.044701,0.001755,-0.146186,-0.230784,0.151716,-0.246237,-0.124194,-0.309139,-0.419352,0.388246,0.275642,0.00252,-0.354107,-0.129633,-0.436055,-0.003101,0.007604,0.209379,0.059081,0.243751,0.334481,-0.216612,0.039635,-0.363691,-0.17999,-0.182379,0.001274,0.104408,0.047521,-0.143108,-0.290226,-0.100456,-0.308473,-0.348257,0.040865,-0.042518,0.043116,-0.09905,0.04998,-0.087838,-0.259534,-0.266797,-0.206392,-0.397583,-0.066633,-0.243078,-0.153165,0.129839,-0.023327,-0.297206,0.001243,-0.328528,0.07323,-0.250747,-0.204628,-0.497841,-0.031654,0.132165,-0.283063,-0.344495,-0.119706,-0.245652,0.078693,-0.17999,0.041126,-0.215123,-0.190248,-0.181791,-0.119329,-0.330868,0.024862,-0.585611,0.068271,-0.101917,-0.179283,-0.389205,-0.37464,0.25222,-0.124506,0.309414,-0.392297,-0.311942,-0.160552,0.128973,-0.113891,0.048328,-0.233284,-0.180877,0.028608,0.034118,0.233214,-0.179887,-0.154751,-0.111943,-0.440744,-0.069687,-0.397445,-0.150045,0.293473,0.181402,-0.44378,-0.005106,-0.066262,-0.007986,-0.057507,-0.154651,-0.261784,-0.091904,0.295401,0.198677,-0.405814,-0.181658,-0.040048,0.066994,-0.257852,0.143243,0.131854,0.30018,-0.183582,0.12717,-0.277036,0.192474,0.059199,0.121106,-0.20968,-0.276885,0.089807,-0.010874,-0.157196,0.072507,0.357297,-0.303838,0.058272,0.208788,-0.178391,0.149974,0.056873,-0.248353,0.09269,-0.07287,-0.157792,0.235153,-0.161282,0.019477,0.082774,0.233416,0.121561,0.04453,0.101282,-0.022715,0.067182,0.142909,#
13,0.131736,0.067452,0.172228,-0.354974,0.258726,0.3535,0.29321,0.272801,0.452627,0.402236,-0.00973,0.2917,0.498347,1.0,-0.051201,-0.184924,-0.270987,0.526432,0.030543,-0.151649,-0.032397,0.153873,0.161238,0.007038,0.162102,-0.090464,0.366677,-0.339574,0.091539,0.075352,0.027806,0.033499,0.083019,-0.2552,-0.386137,0.432365,0.417318,-0.245311,-0.360472,-0.390312,-0.000402,0.511001,0.055039,0.117004,0.281294,-0.321415,0.25178,0.408431,-0.001234,-0.01264,0.001986,-0.213981,0.034845,-0.192069,-0.308943,-0.351122,-0.212506,0.251778,0.337385,0.222633,-0.17251,0.319905,-0.278019,-0.248509,0.287436,0.383392,0.236571,0.288128,0.421647,0.047744,-0.27325,-0.294622,0.110856,-0.389303,0.096751,0.264501,-0.27347,-0.496905,-0.260803,0.081284,-0.022331,-0.340941,-0.125834,-0.091768,0.121037,0.006904,-0.111785,-0.344321,-0.466841,-0.062685,-0.150762,-0.379877,-0.039927,-0.020449,-0.121028,-0.025833,-0.186145,-0.023909,-0.120629,-0.341439,-0.138326,-0.419879,-0.119228,-0.377095,0.086558,-0.311988,-0.044245,-0.296075,-0.18843,-0.195746,0.142318,0.129709,-0.081042,-0.05646,0.16108,-0.262881,-0.568981,-0.213557,0.443072,-0.50761,-0.138629,0.01755,-0.181613,-0.545258,-0.227222,0.069157,-0.069942,0.058186,-0.202972,-0.143899,0.155679,0.350654,-0.16742,-0.001949,-0.06228,-0.057921,0.173995,0.174518,0.492727,-0.398814,0.019651,-0.274986,-0.428814,-0.124444,-0.067306,-0.188496,0.348181,0.175881,-0.442017,0.186414,-0.168123,0.230237,0.01293,-0.149786,0.178763,-0.262638,0.353903,0.599092,-0.267571,0.361524,0.098608,0.174854,-0.181025,0.550566,0.043156,0.333582,-0.393014,-0.036247,-0.227737,0.291568,0.10093,0.176227,-0.31455,-0.145591,-0.179004,0.02896,-0.181397,0.310601,0.575727,-0.270237,0.21271,0.058523,-0.445954,-0.04038,0.175207,-0.107247,-0.138894,0.206463,-0.417589,0.257573,-0.010047,-0.082428,0.285493,0.455454,0.134926,-0.077995,0.026744,-0.403117,0.354955,0.049022,#
14,0.226193,0.199743,-0.082977,0.056705,0.07338,0.000711,0.091377,0.391608,-0.312262,-0.419445,-0.065169,-0.379983,0.151277,-0.051201,1.0,0.224109,-0.026298,-0.428636,0.128153,-0.188217,-0.109064,0.382569,-0.062228,-0.29048,-0.382772,0.102499,-0.086845,-0.015579,0.088383,0.180327,-0.43705,0.229611,0.068107,0.005154,0.091731,-0.061147,-0.044995,0.260855,-0.125476,-0.113064,-0.145511,-0.166745,0.254454,0.091832,-0.078158,0.280226,0.401094,-0.360452,0.254409,0.147442,-0.397648,0.166735,0.151139,-0.31342,0.001644,-0.011208,-0.025488,0.142654,-0.262108,-0.256533,0.188355,-0.12365,-0.083742,0.13872,0.227226,0.140253,-0.268218,0.061924,0.009965,-0.423094,-0.106379,-0.137025,-0.125476,-0.175809,0.020544,0.150559,-0.258414,0.124981,-0.418222,-0.196136,0.033055,-0.214236,-0.068657,-0.168955,-0.352242,-0.010265,-0.079246,-0.149736,-0.107545,-0.163881,-0.176157,-0.210197,0.123471,-0.287749,-0.072271,-0.121415,-0.297093,-0.169628,-0.194424,-0.234023,0.109373,-0.209503,0.076781,-0.331431,-0.306149,-0.074273,-0.196103,-0.248069,0.168252,-0.28868,-0.289914,-0.125476,-0.219814,0.069136,-0.589856,0.175792,-0.216375,0.101131,-0.270287,-0.097517,-0.345249,-0.314603,-0.029508,0.347671,0.132457,-0.111861,0.08605,-0.109207,0.189191,-0.345267,-0.085603,-0.589682,-0.322386,-0.322862,-0.294366,-0.174525,0.182736,-0.16746,-0.165861,-0.23752,-0.331431,-0.541253,-0.062455,-0.192921,-0.428408,0.012446,-0.127873,-0.284444,-0.174365,-0.296955,-0.024303,-0.188064,0.07451,-0.129267,-0.198452,-0.114504,0.065464,-0.096418,-0.421364,0.054203,-0.415196,-0.181186,-0.01313,-0.589121,-0.031418,0.333045,0.007901,-0.039418,-0.287572,-0.307201,-0.011011,0.283229,-0.383122,-0.09038,0.355075,0.169552,0.221926,-0.167931,-0.09379,-0.000107,-0.248889,0.341258,0.309539,0.112481,0.289875,-0.305715,0.080196,0.024127,0.51318,-0.234922,-0.512472,0.416557,0.205542,0.30463,0.053281,-0.049858,0.136346,-0.255044,-0.144466,0.183465,#
15,-0.010863,0.123508,-0.285971,0.330516,0.008269,-0.122605,-0.013354,0.064175,-0.229885,-0.090827,0.079036,0.008464,0.138992,-0.184924,0.224109,1.0,0.301007,-0.507673,-0.222645,-0.466646,0.041858,-0.000752,-0.093454,-0.336652,0.007741,0.174507,-0.186556,-0.030199,0.194837,-0.107328,-0.412825,0.07464,0.103594,-0.143041,-0.057113,-0.081442,-0.054847,-0.11429,0.140416,0.472757,-0.124441,-0.180394,0.31134,-0.172077,0.102116,0.33952,0.206726,-0.369788,0.281417,0.167509,0.001205,-0.226282,0.092802,0.034926,-0.031231,0.154248,0.087601,-0.057371,0.007643,0.204741,-0.128355,-0.094368,0.073582,0.296132,-0.383614,-0.119676,-0.461038,0.472062,-0.265297,-0.416035,0.018169,-0.059482,0.122505,-0.120553,-0.003047,-0.087452,0.007867,0.396044,-0.149326,-0.175649,0.09756,-0.209171,0.025789,-0.223231,0.036804,-0.242261,-0.000723,0.12348,0.038574,-0.141481,0.179376,-0.033714,0.254703,-0.340518,-0.202682,0.031101,-0.352809,-0.097746,-0.012829,0.014556,0.086061,0.068451,-0.101369,-0.076291,-0.038046,-0.050404,-0.262285,0.030098,-0.25384,-0.1321,-0.561385,-0.325248,-0.328934,0.036902,-0.300056,0.002097,0.122569,-0.31252,-0.466572,0.143063,-0.073122,-0.232028,-0.015686,0.34815,0.11202,-0.076078,-0.170069,-0.247066,-0.210397,-0.049112,-0.270242,-0.316233,-0.061404,0.134957,-0.205786,-0.010528,0.190126,-0.29843,-0.137048,-0.016185,-0.295096,-0.056883,0.095973,-0.081185,-0.483941,0.110252,-0.488507,-0.281807,-0.230919,-0.480589,-0.054884,-0.042762,-0.375533,0.10512,-0.461807,0.049393,0.018448,-0.274918,-0.316033,-0.180209,-0.248445,-0.469655,-0.230827,-0.491895,-0.400412,-0.096994,-0.292767,-0.062791,0.045277,-0.376456,0.054029,-0.260364,0.00156,-0.138804,0.152787,-0.231042,-0.299582,-0.122882,-0.264924,-0.17143,-0.218444,-0.162746,0.679237,0.12686,0.146387,-0.158836,-0.145518,-0.310226,0.645989,-0.217543,-0.354609,0.417328,0.264749,-0.073116,0.268399,0.032889,0.199385,-0.222152,-0.380683,0.245331,#
16,0.193279,-0.21788,-0.418099,0.001973,0.182562,0.166073,0.180774,0.04149,0.083264,-0.350027,0.301382,-0.150128,0.047027,-0.270987,-0.026298,0.301007,1.0,-0.180352,-0.0339,0.061298,0.276167,-0.270911,-0.09376,-0.298869,-0.027373,0.061754,-0.296374,0.193666,-0.048272,0.053988,-0.179112,0.019658,-0.127992,-0.382964,0.137619,-0.326638,-0.006351,-0.117433,-0.088996,0.163357,-0.095247,-0.386176,-0.149801,-0.242348,0.313636,0.333116,-0.092306,-0.247612,0.15295,-0.008496,0.161897,-0.241978,0.361705,-0.06725,0.188241,0.292612,0.1833,-0.086135,0.150897,0.18841,0.154165,-0.242995,0.028627,0.20996,-0.083775,-0.017596,-0.190238,0.23921,-0.006524,-0.174297,0.215371,-0.203923,-0.088996,-0.097779,-0.288416,0.087538,-0.062691,-0.062957,-0.154567,-0.113566,0.19908,-0.267909,0.125532,-0.122637,-0.180211,0.101476,-0.08667,0.318784,0.010871,-0.159461,0.158824,-0.06574,-0.195948,-0.298947,-0.170679,-0.326787,-0.18384,-0.453456,0.255746,-0.075068,0.216705,-0.062691,-0.333378,-0.089382,0.088572,-0.271558,0.071439,-0.248711,-0.151999,-0.055195,-0.202152,-0.088996,0.037301,-0.203988,-0.19424,-0.017219,0.106389,-0.333584,-0.109271,0.020256,0.014992,-0.030309,-0.447512,-0.03499,-0.202059,-0.354481,-0.298706,0.212878,-0.269134,-0.244885,-0.352025,-0.41824,0.183717,-0.081128,0.023363,-0.025564,-0.128539,-0.453265,-0.482776,0.04214,-0.326803,-0.002608,-0.217926,0.26472,-0.30247,0.14351,-0.244707,0.348754,0.07927,-0.326133,-0.047427,0.046876,-0.217994,-0.116513,-0.633494,-0.217707,0.043588,0.047591,-0.305535,-0.271523,-0.39428,-0.128509,0.098783,-0.213969,-0.049351,0.106213,-0.094692,0.149167,-0.057526,-0.217886,0.376168,-0.09395,-0.023546,0.013988,0.173711,-0.474314,-0.009392,0.157244,-0.21666,-0.269373,0.248173,-0.506767,0.344562,0.351623,0.324437,-0.102664,0.105837,-0.423696,0.097722,0.028327,-0.335751,0.301541,0.276924,-0.039049,0.12611,0.427996,0.320667,0.026394,-0.593007,0.15961,#
17,-0.067984,-0.101778,0.196032,-0.430996,0.211138,0.102186,0.134155,-0.274577,0.499276,0.384668,-0.177458,0.15108,0.285417,0.526432,-0.428636,-0.507673,-0.180352,1.0,0.012524,0.160221,0.27685,-0.393596,0.38965,0.040042,0.119951,-0.200147,0.361539,-0.137596,-0.079725,0.155711,0.385484,0.009923,-0.000514,-0.097175,-0.29829,0.14517,0.230217,-0.435808,-0.193965,-0.301537,-0.045023,0.385034,-0.164465,0.190343,0.276194,-0.516007,0.148198,0.700149,-0.177286,-0.021848,0.191324,-0.171278,-0.137773,0.185556,-0.251436,-0.1676,-0.117107,-0.068396,0.349273,0.119971,0.014914,0.18927,-0.198506,-0.367381,-0.115032,0.271767,0.229791,0.001131,0.418002,0.384228,0.085975,0.010329,-0.193965,-0.038804,-0.086858,0.122749,-0.01383,-0.392918,-0.116853,0.300757,-0.069697,0.031826,-0.10707,0.199646,-0.093179,-0.032228,-0.238489,0.031789,-0.144615,-0.018904,-0.364834,-0.143666,-0.513982,0.15914,-0.041572,-0.034539,0.189344,-0.06047,0.083864,0.041775,-0.260812,-0.196466,-0.175568,-0.09218,0.008232,0.076014,0.133694,0.025208,0.038849,-0.132121,0.539196,0.199208,0.059293,-0.14693,0.199298,-0.391367,-0.213509,-0.105154,0.621259,-0.528474,-0.033141,0.256687,-0.148284,-0.609892,-0.343121,0.219553,-0.016674,0.356666,-0.398329,-0.05477,-0.006767,0.492565,-0.187084,0.151303,-0.001511,-0.058691,-0.048176,0.249877,0.415901,-0.157122,0.095234,-0.095343,-0.255909,0.040932,0.0776,-0.169577,0.392691,0.615314,-0.232412,0.583827,-0.110405,0.083693,-0.113964,-0.222217,0.284231,0.052475,0.132352,0.484493,0.094292,0.229897,0.091742,0.278192,-0.036558,0.655292,0.346543,0.238561,-0.030171,0.125233,-0.18807,0.333737,0.00627,0.153734,-0.139188,-0.26985,-0.126911,0.095443,0.194855,0.311791,0.633002,-0.211718,0.462056,-0.020591,-0.759692,-0.285678,0.15673,-0.008553,-0.01485,0.210234,-0.63635,0.308902,0.23861,-0.537145,-0.003795,0.208874,-0.136394,-0.001631,-0.011145,0.043164,0.210096,-0.099246,#
18,0.04054,-0.347011,0.230241,-0.224749,-0.28469,-0.145245,0.331021,0.272134,0.399616,-0.334619,0.271601,-0.313336,-0.084238,0.030543,0.128153,-0.222645,-0.0339,0.012524,1.0,0.114981,-0.272506,0.170716,-0.167553,-0.110925,-0.519845,0.07767,0.074551,0.336563,0.07231,-0.3387,0.127589,0.316629,0.23416,-0.256275,0.023014,0.004634,0.127809,0.354682,0.200242,-0.223792,0.039792,0.14466,-0.318282,-0.036503,0.013438,-0.398958,0.268351,0.011424,-0.377909,0.239171,-0.304806,0.303318,0.130315,0.201037,-0.32938,0.072637,0.133469,-0.160449,-0.05395,-0.048714,-0.19283,-0.045873,-0.114491,-0.108639,0.125291,-0.008269,0.428383,-0.135875,-0.015319,-0.246598,0.213256,0.046114,-0.227907,0.284267,0.003938,-0.224129,0.413675,-0.414221,-0.227073,0.09636,-0.057595,0.134794,0.095457,-0.134372,-0.165759,0.242846,0.243326,0.085713,-0.115461,0.024935,0.201197,0.166014,-0.07403,0.205261,0.271953,0.31354,0.207796,0.219271,0.008805,-0.292209,-0.191325,-0.084511,-0.01983,0.132553,0.07109,0.118419,0.250018,-0.049793,0.39122,0.063761,0.255095,-0.227907,0.293328,0.31885,0.277372,-0.370959,0.190795,0.308237,0.067126,-0.068956,0.110815,0.00771,0.138482,-0.010622,0.095865,-0.046658,0.069397,0.207439,0.300104,0.102667,0.372966,0.235532,0.121388,-0.29969,0.404812,0.021126,0.219262,0.2186,-0.118482,0.136968,0.296906,0.103369,-0.125846,0.2717,0.117715,-0.103647,0.121313,-0.064901,0.25524,0.336071,0.515305,0.241381,0.43402,-0.169231,0.239542,0.038857,0.15694,-0.103558,0.094403,0.202939,-0.153215,-0.028806,0.066225,0.076355,0.502724,-0.115049,0.164219,0.345856,-0.10332,0.257154,-0.377674,0.292108,0.376904,0.287172,0.049819,0.187051,0.070119,-0.183851,-0.192529,0.451367,0.015188,0.234372,-0.130577,-0.112784,-0.215744,0.305767,0.197727,0.114991,0.004641,-0.474213,0.370312,-0.13986,-0.244389,-0.061791,0.158142,0.110853,-0.180288,0.157525,0.127234,-0.21409,#
19,-0.179516,0.155864,0.363548,0.113731,0.090732,-0.133601,-0.06007,-0.27786,0.276905,-0.00329,0.289687,-0.126845,-0.116556,-0.151649,-0.188217,-0.466646,0.061298,0.160221,0.114981,1.0,-0.102423,0.09489,0.224621,0.197034,-0.346319,0.114881,0.071764,0.335881,-0.071749,-0.024172,0.322885,0.213136,-0.163272,0.05342,0.047193,-0.209698,-0.078494,-0.185765,-0.113526,-0.022067,-0.255543,0.015719,-0.028414,0.053999,-0.094367,-0.2233,-0.168075,0.040027,-0.343489,0.00483,0.017453,0.093582,0.110997,0.178539,-0.015721,0.112746,-0.049893,-0.024025,-0.048927,-0.397329,0.157919,-0.123361,0.104918,0.023002,0.101476,0.068054,0.506601,-0.414455,-0.020401,0.312732,0.216951,0.093271,-0.113526,0.205164,-0.220028,0.119486,-0.006516,-0.118448,0.204423,-0.108674,0.118352,-0.08251,-0.183372,0.525664,-0.12534,0.046862,0.021179,-0.100451,0.365923,-0.280784,-0.136817,-0.077993,-0.037988,0.206568,-0.155978,0.013422,0.17837,-0.241127,-0.199881,0.271515,-0.288867,-0.227039,-0.235626,0.365086,-0.094414,0.255776,0.004493,0.210589,0.104225,0.488606,0.530305,-0.113526,0.064745,0.009584,0.175781,0.094622,0.247637,0.071466,0.355812,0.054448,-0.142658,0.338528,-0.119774,-0.227789,-0.192291,0.128155,0.144526,0.213868,0.14834,-0.141033,0.210294,0.182615,-0.179812,0.102369,0.326575,-0.116832,-0.163969,0.116486,-0.18101,0.102347,0.369569,0.330552,-0.02329,0.049508,0.243952,0.158619,0.348579,0.148391,0.216903,0.17866,-0.01227,0.129795,0.151172,0.157089,0.162372,0.084345,-0.311764,0.20397,0.233664,-0.176028,0.024351,0.103262,0.043929,0.193015,0.277473,-0.165661,0.147777,0.094161,0.204588,0.16482,-0.251911,-0.021202,-0.184549,0.315892,-0.067837,0.116653,0.085503,0.098213,-0.027528,0.135096,0.186909,-0.083229,-0.305843,0.258421,-0.197356,0.435978,-0.049028,-0.032781,-0.331641,0.192423,0.21789,-0.273744,-0.321234,-0.060508,-0.20495,0.004764,0.008044,0.337944,0.057138,0.039316,#
20,-0.278245,-0.10959,-0.411437,-0.31349,0.401507,0.085455,0.243575,-0.07654,-0.100242,-0.070281,-0.142597,0.028042,0.261101,-0.032397,-0.109064,0.041858,0.276167,0.27685,-0.272506,-0.102423,1.0,-0.270555,0.550856,-0.114599,-0.05757,-0.199832,0.110956,-0.101772,0.22404,0.289838,-0.040408,0.155289,0.262564,-0.012355,0.040399,0.089651,0.005721,-0.257149,-0.194432,-0.105642,0.232088,0.156381,0.077458,-0.156229,-0.050103,-0.180759,-0.075118,0.328302,0.355305,-0.332883,0.287673,-0.556327,-0.145334,-0.225829,-0.05709,-0.221878,0.082804,-0.215522,0.346935,0.282576,-0.04805,-0.169317,-0.373668,-0.15097,-0.319688,0.268489,0.029249,0.326495,0.372484,0.127133,0.060975,-0.10411,-0.194432,-0.219407,0.049393,0.185266,0.022251,-0.057336,-0.495109,-0.179257,-0.369056,-0.083044,-0.195396,0.087092,-0.087803,-0.146347,-0.331529,0.042292,-0.125417,0.159838,-0.581307,-0.274809,-0.498991,-0.298163,-0.212217,-0.232851,-0.223983,-0.357938,-0.19558,0.006391,0.194351,-0.099208,-0.352632,-0.38072,-0.087736,-0.248963,-0.020808,-0.22986,-0.141746,-0.293703,0.244895,0.213467,-0.208616,-0.44861,-0.075102,-0.017688,-0.131933,-0.122031,0.076633,-0.15478,0.055583,-0.199421,-0.118123,-0.308359,-0.348633,0.228727,-0.380791,0.33143,-0.199338,-0.535009,-0.490096,-0.086324,-0.329118,0.059962,-0.32193,-0.206363,-0.280824,-0.181068,0.100597,-0.068843,-0.207491,0.009479,-0.265681,-0.089324,-0.482187,-0.224745,0.007298,0.642401,-0.193534,-0.077554,-0.29013,-0.080867,-0.27643,-0.369182,-0.536324,-0.303592,0.065686,0.202599,-0.296419,-0.121158,-0.037048,0.047401,-0.31179,0.067485,-0.137315,0.213244,-0.098443,-0.072456,-0.466666,0.353316,0.281263,0.136908,-0.228708,-0.447161,-0.150746,-0.135001,0.014376,0.020599,0.25366,-0.139633,0.346831,-0.053681,0.063353,0.062863,0.311276,-0.414703,0.102617,-0.218003,-0.170571,0.144582,-0.220293,0.282215,0.358165,0.029835,-0.108812,0.366491,0.341219,-0.067556,-0.416064,0.20046,#
