0,1.0,0.600577,-0.025912,-0.449506,0.327865,0.037261,0.057016,0.160709,0.160938,0.407013,-0.190488,-0.086551,0.309063,0.39335,0.355812,-0.189153,0.452863,0.381297,0.054234,-0.312877,-0.058512,0.290391,0.295283,0.090781,-0.269936,-0.123486,0.189514,-0.095275,0.153304,0.601268,-0.288585,0.216402,0.292716,-0.001411,-0.018529,0.2591,-0.290931,-0.249801,-0.100946,0.038769,-0.147205,-0.234175,-0.14153,0.286303,0.095451,-0.490878,0.089446,0.027539,-0.379865,-0.224737,0.027423,-0.476108,0.047466,-0.308599,0.123195,-0.288228,-0.174378,-0.128225,0.080803,0.302245,0.260648,-0.051093,-0.356842,0.056495,0.129862,0.341576,0.021522,0.204786,0.234467,-0.153915,-0.289964,-0.044298,-0.298927,-0.416542,-0.310698,0.2175,-0.303248,-0.322567,-0.320017,-0.437718,-0.216584,-0.329483,-0.377138,-0.008637,-0.444379,-0.253299,-0.557725,-0.284696,-0.142631,-0.513651,-0.433498,-0.725293,-0.340071,0.021321,-0.149036,-0.447947,0.020112,-0.384059,-0.282511,-0.453475,0.266942,-0.513489,-0.436386,-0.164151,-0.378139,-0.163238,-0.497729,-0.096658,-0.593617,-0.03879,-0.001914,0.11725,-0.435061,-0.278187,-0.547463,0.064284,-0.513489,-0.593617,0.011208,-0.391134,-0.559013,-0.346956,-0.436191,-0.038357,-0.20284,-0.344923,-0.119542,-0.081883,-0.456312,-0.444379,-0.310942,-0.217363,-0.309066,0.198046,-0.452249,-0.279193,0.412441,-0.457958,-0.073755,-0.31502,-0.158731,-0.25655,-0.551265,-0.284729,-0.323448,-0.470009,-0.110504,0.336558,-0.551775,-0.60679,-0.386008,-0.463956,-0.198897,-0.427079,-0.565892,-0.513552,0.426897,0.627835,-0.435838,-0.210263,-0.367595,0.010394,0.043933,-0.535583,-0.419985,0.637488,-0.513489,-0.28666,-0.091601,-0.298867,0.315957,0.066809,-0.501818,-0.56472,0.426518,-0.838579,-0.378139,0.405722,0.30591,-0.491262,0.309607,0.264271,-0.038368,0.131992,0.412662,-0.286032,0.312091,-0.026365,-0.06428,0.770676,-0.101445,0.518817,0.374288,0.357187,-0.1863,0.621361,0.088336,-0.539535,-0.16505,0.406146,#
1,0.600577,1.0,0.073977,-0.221586,0.226184,-0.122328,0.264769,0.188295,0.270674,0.447298,-0.316503,-0.33246,0.451589,0.505491,0.523862,-0.315233,0.08401,0.384384,0.428281,-0.522388,0.228678,0.008798,0.294888,0.087939,-0.262511,-0.236479,0.398489,0.189257,0.479822,0.663561,-0.518393,-0.078701,0.13275,-0.1195,-0.007906,0.188006,-0.299923,-0.232836,0.137101,0.030287,-0.280584,-0.099756,-0.138369,0.263855,0.130197,-0.419285,0.30701,-0.028428,-0.289935,0.277641,0.10321,-0.328529,-0.084796,0.005332,0.211609,-0.496297,-0.19057,0.200544,-0.208858,0.134491,0.123841,0.162553,-0.546041,0.191985,0.134631,0.392486,-0.282186,0.448061,0.240104,-0.293034,-0.295045,-0.110502,-0.386189,-0.532143,-0.529699,0.53877,-0.438085,-0.446699,-0.554204,-0.512443,-0.459266,-0.545926,-0.565738,0.26955,-0.534576,-0.054009,-0.461968,-0.46639,-0.337929,-0.326051,-0.50678,-0.52273,-0.602261,-0.198695,-0.251013,-0.294643,0.032948,-0.565523,-0.050115,-0.34822,0.038556,-0.663385,-0.680371,-0.35759,-0.566567,-0.3154,-0.628381,0.05891,-0.828425,-0.096771,-0.029493,0.357711,-0.376949,-0.635028,-0.346307,-0.165789,-0.48881,-0.674732,-0.080752,-0.524158,-0.566567,-0.243723,-0.510709,-0.214814,-0.164506,-0.114622,-0.442363,-0.140914,-0.25808,-0.518189,-0.420002,-0.554117,-0.543876,0.152668,-0.538713,-0.442903,0.324411,-0.300807,0.113728,-0.398441,-0.489093,0.012333,-0.632746,-0.219171,-0.103135,-0.37143,-0.275674,0.501083,-0.526659,-0.448692,-0.335535,-0.634175,-0.144142,-0.380337,-0.676116,-0.344312,0.430598,0.618195,-0.459485,-0.138568,-0.231781,-0.151209,0.223901,-0.283635,-0.461809,0.532067,-0.50485,-0.192134,-0.099247,-0.156388,0.298615,-0.045259,-0.21826,-0.698452,0.470638,-0.481112,-0.410937,0.648693,0.637913,-0.475016,0.281015,0.330158,-0.173242,-0.02142,0.609294,-0.170755,0.365984,-0.205466,-0.199926,0.844541,0.056577,0.761522,0.468426,0.384289,-0.417882,0.247212,0.207715,-0.593658,-0.212738,0.305424,#
2,-0.025912,0.073977,1.0,0.226457,0.374413,-0.259475,-0.086695,-0.117623,-0.196168,-0.204928,-0.014982,0.268266,-0.285215,-0.082391,-0.03289,-0.048167,-0.02544,-0.092076,-0.152567,-0.049279,-0.228554,-0.251671,0.223533,-0.23676,-0.202643,-0.075848,0.214794,0.130735,0.142326,0.055412,0.079855,0.207798,-0.350681,-0.220508,0.142681,0.197132,0.206903,-0.172571,0.084886,-0.135039,-0.202471,0.170121,-0.061764,0.119707,-0.175996,-0.194505,-0.133428,0.40893,-0.04952,0.223606,-0.093041,0.34322,0.106828,-0.077622,-0.113016,-0.012834,-0.391472,0.011366,-0.422984,-0.100921,0.035441,-0.285278,0.067035,0.105897,-0.021454,0.037128,-0.041917,0.055801,0.057029,0.419609,0.239234,0.267474,-0.026732,-0.074842,-0.205007,0.311944,-0.130837,-0.470287,-0.071344,-0.055752,0.006816,-0.079158,-0.062511,0.456995,-0.055496,0.229099,0.004432,-0.003611,-0.115991,0.034018,-0.05662,-0.072135,0.009199,0.100587,0.043028,0.048455,0.190248,-0.427576,0.107236,-0.191443,0.018976,-0.13344,-0.210582,-0.147661,-0.047587,-0.282631,0.1557,0.350932,-0.228939,0.328898,0.226395,-0.268536,-0.23612,0.004439,0.457412,-0.122335,-0.139586,-0.22596,-0.063515,0.038751,-0.063424,-0.149479,0.100416,0.184413,-0.009344,-0.277487,-0.337963,0.054076,0.121688,-0.199862,0.358386,-0.223679,-0.395323,-0.043931,-0.245452,-0.035828,0.274384,0.214191,0.315489,0.305078,0.042635,0.430291,0.006033,-0.267445,-0.117192,0.398237,-0.039513,0.047065,-0.06387,-0.126792,-0.112004,-0.18043,0.015208,-0.144945,-0.237315,-0.136096,-0.091,0.295231,0.188616,-0.23858,-0.113561,-0.047882,0.019116,-0.157938,-0.162981,-0.101089,-0.290157,0.062708,0.139828,-0.015972,0.179513,-0.149696,0.107122,-0.086321,-0.039496,-0.004252,-0.057013,0.030163,0.157731,-0.026427,0.182225,-0.366429,-0.118987,0.411529,0.152669,-0.21142,-0.235895,-0.059888,-0.146869,0.076851,0.197159,0.296384,-0.029777,0.230124,0.0644,-0.225598,0.336298,-0.081371,0.03031,0.011005,#
3,-0.449506,-0.221586,0.226457,1.0,-0.25971,-0.219316,-0.38117,-0.351043,-0.482482,-0.202583,-0.020673,-0.095481,-0.264839,-0.160837,-0.296409,-0.250354,-0.234762,-0.159567,-0.206787,0.292608,0.084936,-0.329027,-0.083793,-0.120371,0.062744,0.001425,-0.174273,0.193969,-0.098256,-0.239821,0.450426,-0.202917,-0.49903,-0.039389,-0.041151,-0.409363,0.257389,0.373485,0.249598,-0.021482,0.071475,0.32246,-0.062735,-0.129328,-0.243258,0.226906,-0.03566,-0.089704,0.478709,-0.140453,0.022355,0.713755,0.062726,-0.033806,0.066547,0.051572,0.148504,-0.092709,-0.128504,0.229438,-0.061131,0.022966,0.1317,-0.049922,0.031745,-0.168504,0.148994,0.134788,0.039034,0.143198,0.208256,0.223272,0.290714,0.172173,0.316799,-0.411424,0.302242,0.110168,0.467877,0.225803,0.159035,0.610438,0.312233,0.201076,0.234437,-0.142493,0.180094,0.433018,0.121796,0.317024,0.404277,0.50695,0.636425,-0.077124,0.471281,0.242021,-0.039582,-0.038494,0.254299,0.290327,0.07378,0.127719,0.222974,-0.061709,0.354547,0.511835,0.27124,0.253321,0.405163,0.205179,-0.175028,-0.106712,0.408689,0.384966,0.153995,0.099505,0.49064,0.223192,-0.041959,-0.029983,0.341103,0.176304,0.390114,0.192857,0.011176,0.131644,0.10255,0.012013,0.406516,0.238369,0.47627,0.166328,0.274564,0.178946,0.225532,0.441867,-0.080802,0.434846,0.341556,0.300535,0.489849,0.200196,0.20624,0.070202,0.49938,0.499352,0.29657,-0.151356,0.358834,0.260105,0.365807,0.412293,0.192562,0.209746,0.160817,0.110849,-0.272861,-0.203819,0.408946,0.16326,-0.283989,0.168613,-0.232244,0.163662,0.197514,-0.300376,-0.036622,-0.016182,0.091965,0.29095,-0.151948,-0.048821,0.510531,0.179417,-0.268711,0.224477,0.354547,-0.20458,-0.28819,0.241836,-0.302296,-0.115321,-0.145066,-0.155611,-0.210515,0.056782,-0.120567,0.213575,0.259499,-0.246827,0.117875,-0.179199,-0.389712,-0.010151,-0.004706,-0.223826,-0.337403,0.29088,0.111213,-0.131314,#
4,0.327865,0.226184,0.374413,-0.25971,1.0,-0.110745,0.204123,-0.106316,0.106295,-0.044697,0.14839,0.282485,0.031051,-0.270601,0.436771,-0.030942,0.367033,0.337868,0.13307,-0.208463,-0.032241,-0.234106,-0.126532,-0.383897,-0.201981,-0.400977,0.038081,-0.052617,0.316969,0.056496,-0.236811,-0.163063,0.063862,-0.22975,-0.053987,0.363707,-0.125616,-0.425672,-0.291149,0.223406,-0.196654,-0.110627,-0.267719,0.103949,-0.184668,-0.300828,0.027534,0.167779,-0.048382,0.216411,0.161562,-0.124616,0.083629,-0.2579,-0.094811,-0.232015,-0.525302,-0.206848,-0.170561,-0.342583,-0.189556,0.06566,0.009985,0.093922,-0.033024,0.261997,0.173243,-0.206096,-0.12984,0.156797,-0.272195,0.031431,-0.240929,-0.066586,-0.05584,0.456414,-0.154784,-0.635078,-0.231949,-0.700715,-0.139954,-0.381268,-0.362569,-0.048842,-0.227891,0.033931,-0.149155,-0.350145,-0.277632,-0.117623,-0.044646,-0.427779,-0.148751,-0.259514,-0.299314,0.052868,0.028698,-0.301347,-0.22548,-0.217937,0.013429,-0.287244,-0.385911,-0.133646,-0.213789,-0.287153,-0.490412,0.019372,-0.398488,0.322601,0.069598,-0.306275,-0.557969,-0.294072,-0.042635,-0.308552,-0.463935,-0.217657,-0.217818,-0.124735,-0.538781,0.097254,-0.364378,0.009438,-0.268189,-0.464512,-0.138302,0.009022,-0.2133,-0.36012,0.031731,-0.519838,-0.380546,-0.235879,-0.237452,-0.380135,0.287394,-0.118271,-0.234758,0.097657,-0.116801,-0.213032,-0.005942,-0.318187,-0.132384,-0.058128,-0.048611,0.189732,-0.233728,-0.293665,-0.22003,-0.350934,-0.293577,-0.307224,-0.395875,-0.29058,0.322976,0.564578,-0.189113,-0.220048,-0.204757,-0.048724,-0.04092,-0.197036,-0.562652,0.212184,-0.126445,0.0779,0.260834,-0.017326,0.315148,0.04915,-0.223506,-0.083883,0.143881,-0.209588,-0.532466,-0.009584,0.459437,-0.186171,0.482438,-0.036586,0.419625,0.262777,0.281943,-0.498298,0.217911,0.089724,-0.228747,0.22586,0.003675,0.440149,-8.2e-05,0.19698,-0.063782,-0.03885,0.128414,-0.317309,-0.440639,0.447849,#
5,0.037261,-0.122328,-0.259475,-0.219316,-0.110745,1.0,0.044764,0.28029,0.254008,-0.002313,0.132194,0.166547,0.192841,0.14737,-0.097009,-0.039597,-0.039613,0.268881,-0.406701,0.445774,-0.163274,0.497264,0.173475,-0.123973,0.187782,-0.171204,0.157345,-0.113627,-0.215768,-0.149614,-0.392062,0.24742,-0.15413,-0.024985,-0.171322,-0.153615,-0.405017,0.096806,-0.117257,-0.393116,0.179323,0.235292,0.258993,0.104151,0.245257,-0.233798,0.196287,0.068105,-0.190348,-0.216383,-0.003625,-0.06482,0.293404,0.000689,-0.258925,-0.178798,0.205281,-0.342766,0.352589,-0.19343,-0.130169,-0.089454,-0.083804,0.033696,-0.028456,-0.025717,-0.263881,-0.209881,-0.091787,0.092073,0.157182,0.228079,-0.326739,0.217414,-0.08047,0.122714,-0.092844,0.260051,-0.074246,-0.010382,0.387995,-0.236803,0.048505,-0.374539,0.13362,0.280576,-0.119951,-0.023692,0.278305,-0.231345,0.142705,0.256757,0.086242,0.294883,0.09135,0.320282,0.111369,0.275137,-0.183539,-0.183108,-0.065836,0.1235,0.316534,0.139089,0.051213,-0.052748,0.08775,-0.482177,-0.028586,-0.091496,0.0094,0.127552,-0.038219,-0.171053,-0.115389,-0.154341,-0.401708,0.30315,-0.217836,0.073177,0.051597,-0.318792,0.311238,-0.222974,-0.047849,0.269465,0.048155,0.084053,0.198525,0.310379,-0.086219,0.227809,-0.077372,-0.206536,-0.014858,0.002184,-0.220041,-0.173471,-0.158416,-0.061437,0.123441,-0.397475,-0.114399,-0.017573,-0.079724,0.061095,-0.174025,-0.236041,0.027981,-0.174748,-0.104763,-0.033906,-0.117113,-0.107401,0.200155,0.127934,0.178323,-0.026364,0.018683,-0.035798,-0.176367,-0.039609,0.220578,0.028539,0.022071,0.244162,0.296353,0.030139,-0.102952,-0.116713,-0.101876,0.144583,-0.402805,0.195475,0.026978,-0.179968,0.058123,0.005448,0.078143,-0.025575,0.240322,0.191844,-0.094222,-0.297909,-0.308784,-0.08541,0.244317,0.029526,-0.195966,-0.133475,-0.017617,-0.194856,-0.01537,-0.217002,0.088321,0.003977,-0.011899,0.15576,0.181851,0.15155,#
6,0.057016,0.264769,-0.086695,-0.38117,0.204123,0.044764,1.0,0.23362,0.70904,0.159518,-0.060909,-0.126844,0.426002,-0.061143,0.477743,-0.246101,-0.120564,0.074221,0.136387,-0.103415,0.074262,0.061978,-0.103529,-0.039025,0.041392,-0.349876,0.085773,-0.133884,0.129448,0.107051,-0.529134,-0.239827,0.261112,-0.053479,-0.462794,0.086889,-0.092455,-0.234473,0.017987,0.014527,0.131446,0.207996,-0.203476,-0.052975,-0.090629,-0.135752,0.325594,0.194221,-0.032065,0.222002,-0.129288,-0.4333,-0.081196,-0.251201,-0.286998,0.115207,0.17551,0.054898,-0.101644,0.165671,-0.178744,0.01886,-0.206292,0.123952,0.312964,0.398891,0.152631,-0.176878,0.059358,-0.261548,0.037246,-0.024817,-0.266924,-0.284306,-0.436843,0.522343,0.056274,-0.189332,-0.119799,-0.089485,-0.026386,-0.426961,-0.245988,-0.008111,-0.462081,0.559426,-0.041429,-0.076793,-0.225761,-0.338679,-0.44715,-0.331368,-0.542588,0.134536,-0.094056,-0.33501,0.052535,0.200401,0.036436,0.063282,0.020796,-0.146947,0.05962,0.180026,-0.094305,-0.325005,-0.053654,-0.105267,-0.267532,-0.471645,0.203712,0.316059,-0.284671,-0.4957,0.159114,-0.081814,-0.328223,-0.274305,-0.17603,-0.227788,-0.249396,-0.19749,-0.437571,-0.257971,-0.264717,0.148977,0.055236,0.373837,-0.227642,-0.100192,-0.451496,-0.72877,-0.433854,0.046833,-0.270468,-0.250426,-0.064573,-0.017249,-0.013821,-0.31477,-0.335533,-0.16241,-0.248135,-0.185196,-0.041397,-0.280376,-0.270024,0.603082,0.032468,-0.325334,0.07291,-0.227472,-0.098496,-0.343403,-0.291796,0.182937,0.47793,0.356908,-0.166327,-0.432837,0.51526,0.113623,0.57566,-0.081611,0.242939,0.440415,0.018027,-0.212116,-0.294917,-0.276565,0.095827,-0.116979,-0.112757,-0.146302,-0.073143,0.096236,-0.080968,0.272375,0.676838,-0.034181,0.236745,0.243178,0.043801,-0.198253,0.330508,0.090943,0.434536,-0.055978,-0.540748,0.120235,0.207474,0.352069,0.045449,-0.098,-0.064224,-0.11093,-0.048851,-0.08011,0.023213,-0.254964,#
7,0.160709,0.188295,-0.117623,-0.351043,-0.106316,0.28029,0.23362,1.0,0.40489,-0.107758,-0.120338,-0.148688,0.056609,0.378469,0.120342,0.079189,0.069726,-0.064251,-0.303666,-0.073511,-0.03367,0.425413,0.096534,0.365276,-0.051719,-0.157288,0.313551,0.021229,0.136943,-0.181556,-0.402943,0.159242,0.146082,-0.132422,-0.218565,-0.008242,-0.169048,-0.399788,0.392945,-0.074231,-0.043033,0.086062,-0.181621,0.239753,-0.02115,0.168571,-0.054311,0.090557,-0.103744,0.240984,-0.013178,-0.309785,0.178387,0.299209,-0.354251,-0.009281,0.152967,0.110002,0.281158,0.045692,0.056461,0.037303,-0.365337,0.285433,0.081427,0.159497,-0.117872,0.163774,0.360477,-0.202246,-0.127535,0.280009,-0.271828,0.264157,-0.242199,0.422152,-0.048909,0.1451,-0.428855,0.02793,-0.115352,-0.073798,0.038185,-0.229455,-0.160949,0.202048,0.067649,-0.144175,-0.108808,-0.467086,-0.355866,-0.203023,-0.227581,0.195131,-0.212474,-0.014759,0.142346,0.007699,0.012344,-0.181349,-0.056332,-0.093603,0.19915,0.086308,0.035021,-0.466996,-0.028042,-0.196675,-0.326104,-0.470983,-0.006479,0.178535,-0.33998,-0.017,-0.059451,0.160487,-0.26929,-0.172735,-0.410239,0.299665,0.042207,-0.278127,0.015908,-0.465095,0.147868,-0.037627,-0.081148,-0.002006,-0.14442,-0.00135,-0.566641,-0.127467,-0.072058,-0.17666,0.179464,-0.044023,0.179579,-0.018152,-0.084751,-0.36543,-0.467209,0.110467,-0.265558,0.173631,-0.243937,-0.249014,-0.426953,0.006644,-0.108607,-0.179273,-0.067628,0.03107,-0.295309,-0.201481,0.100293,0.082772,0.325691,-0.068429,-0.268107,0.040725,0.176582,0.074683,0.1496,-0.179964,0.135338,0.267154,0.079239,-0.305316,-0.308737,-0.271774,-0.133771,-0.02865,-0.597911,-0.2791,0.061351,-0.074292,0.042207,-0.094778,0.300476,-0.044907,0.074008,0.234215,0.218686,0.119322,0.049638,0.177372,0.091621,-0.47995,0.027556,0.034409,0.037195,0.147841,0.157739,-0.363854,-0.129859,0.264356,0.123971,-0.341996,-0.132807,0.200159,#
8,0.160938,0.270674,-0.196168,-0.482482,0.106295,0.254008,0.70904,0.40489,1.0,0.133179,-0.27278,-0.277217,0.569733,0.191233,0.281696,-0.271488,-0.055452,0.154216,0.131546,0.021096,0.172324,0.21401,0.048843,0.153445,0.310606,-0.246128,0.348022,-0.168577,0.206939,0.117105,-0.456076,-0.147397,0.19852,-0.25343,-0.461071,0.091084,0.031517,-0.253554,0.009185,-0.091327,0.320537,0.029089,-0.192947,-0.06536,0.175791,-0.265901,0.344475,0.21388,-0.155656,0.205465,0.033371,-0.393957,0.090435,0.103754,-0.394782,-0.080092,0.098279,-0.045587,0.205364,0.086297,0.148142,-0.145093,-0.241472,0.371712,0.289835,0.444417,-0.04029,0.187802,0.283358,-0.334683,0.180055,0.032718,-0.355816,-0.072348,-0.312935,0.371634,0.154446,-0.005493,-0.16116,-0.238782,0.113301,-0.46388,-0.174291,-0.136254,-0.432387,0.381671,-0.05592,-0.170493,0.059619,-0.446626,-0.435045,-0.218215,-0.510161,0.312148,0.0044,-0.081904,0.304352,0.144757,0.036384,0.065481,-0.032886,0.06526,0.064471,0.222817,-0.017473,-0.267361,-0.184967,-0.202692,-0.256716,-0.352812,0.396624,0.394131,-0.123622,-0.393516,0.107079,-0.088416,-0.269532,-0.105746,-0.13531,-0.047015,-0.170346,-0.173662,-0.266068,-0.315173,-0.038116,0.185271,0.00572,0.263906,-0.287476,0.058045,-0.508137,-0.489613,-0.310705,-0.071905,-0.104744,-0.222804,0.01872,-0.082856,-0.052854,-0.248559,-0.279769,-0.216693,-0.204622,-0.305526,-0.172886,-0.158981,-0.405894,0.350578,-0.079816,-0.378414,0.112257,-0.320661,0.105998,-0.332533,-0.234411,0.069632,0.47713,0.344799,0.055305,-0.269424,0.401383,0.083082,0.341408,-0.066673,0.272644,0.493329,0.227873,0.015407,-0.516114,-0.355745,-0.288244,-0.079747,-0.151169,-0.092155,-0.064858,0.048631,-0.010712,0.148777,0.627429,-0.270947,0.222917,0.111284,0.059601,-0.225207,0.082997,0.154299,0.491711,-0.101007,-0.481495,0.127071,0.356845,0.0602,0.075258,-0.324221,-0.004013,0.125951,0.017542,-0.189368,0.108388,-0.129466,#
9,0.407013,0.447298,-0.204928,-0.202583,-0.044697,-0.002313,0.159518,-0.107758,0.133179,1.0,-0.103355,-0.279872,0.39611,0.307992,0.043865,-0.101922,-0.101963,0.079524,0.260479,-0.357678,-0.230979,0.131523,0.390224,0.028304,-0.384749,-0.155796,0.274999,-0.298875,0.069489,0.632657,-0.15913,-0.09315,0.148108,0.127937,-0.204207,0.043828,-0.236159,-0.039106,-0.16809,-0.029257,-0.053271,0.050909,0.16759,0.279013,0.060006,-0.669237,0.170087,-0.13874,-0.597375,-0.297099,-0.108903,-0.185269,0.187435,-0.38452,0.031764,-0.476533,-0.07681,0.023357,-0.226759,-0.066345,0.222663,-0.159082,-0.425043,0.017212,0.008462,0.242727,-0.141636,0.071247,0.097663,-0.230273,-0.334642,-0.342452,-0.244833,-0.746122,-0.159553,0.158201,-0.300688,-0.306327,-0.191921,-0.06349,-0.238321,-0.356162,-0.274233,0.211672,-0.089892,-0.16797,-0.224714,-0.446809,-0.233393,-0.213152,-0.252066,-0.262244,-0.50039,-0.299123,-0.102736,-0.298298,-0.132661,0.099009,-0.069241,-0.049853,-0.156971,-0.420567,-0.260445,-0.06189,-0.275258,-0.027225,-0.336964,-0.088267,-0.253605,-0.199138,-0.017927,0.560326,-0.086142,-0.314223,-0.356224,-0.113943,-0.215746,-0.253605,0.172757,-0.731395,-0.457853,-0.356227,-0.255141,-0.263468,-0.427168,0.263852,-0.055458,-0.280279,-0.257904,-0.070666,-0.299411,-0.275258,-0.357357,0.029248,-0.631567,-0.192378,0.13062,-0.113757,0.126704,-0.440865,-0.231051,-0.259631,-0.414665,-0.167778,-0.098583,-0.366871,0.197343,0.389484,-0.353279,-0.103673,-0.351709,-0.621069,-0.04106,-0.349794,-0.157808,-0.420619,0.141284,0.434035,-0.135849,-0.314712,-0.203625,0.090599,-0.020329,-0.138606,-0.330906,0.146209,-0.420567,-0.140263,0.070567,0.024741,0.091894,-0.018182,0.021661,-0.183917,0.473037,-0.343249,-0.275258,0.345343,0.195455,0.116485,0.123459,0.116102,-0.338607,-0.186545,0.284542,0.211154,0.329775,-0.38522,0.099261,0.610392,-0.027076,0.199604,0.02967,0.428424,0.088535,0.159546,0.006681,-0.447098,0.022592,-0.24391,#
10,-0.190488,-0.316503,-0.014982,-0.020673,0.14839,0.132194,-0.060909,-0.120338,-0.27278,-0.103355,1.0,0.28773,-0.426313,-0.239567,-0.178602,0.373293,0.111358,0.042111,-0.125073,-0.176963,-0.192515,0.085038,-0.022484,-0.171745,0.00355,0.127913,-0.113069,-0.029719,-0.172909,-0.315913,0.001383,0.023743,-0.048282,0.110897,0.227994,0.268266,-0.102911,0.328104,-0.100491,-0.03715,-0.164725,0.046759,0.09722,-0.006606,-0.190435,0.042095,-0.097519,-0.176138,0.045361,0.092654,-0.080218,-0.043599,-0.094843,-0.324864,-0.224966,0.13254,-0.164051,0.235566,-0.021685,-0.085185,-0.256522,0.050363,0.128461,-0.348806,-0.153673,-0.519518,-0.138362,-0.359552,-0.283138,0.208527,-0.176555,-0.117668,0.006008,0.2355,0.216461,0.146691,0.081838,0.087828,0.011307,-0.061751,-0.221177,0.037957,0.123559,-0.144258,0.291889,-0.144692,-0.017179,-0.003546,-0.046399,-0.043976,-0.08595,-0.067031,0.280264,-0.257291,0.087878,0.258498,-0.283631,0.333661,-0.049704,-0.081222,0.155169,-0.048794,0.125333,-0.228505,-0.058722,-0.237481,0.081838,-0.384866,0.306288,0.180226,-0.384899,-0.165449,0.128513,-0.105656,0.057013,-0.089463,-0.021547,-0.088199,-0.194582,0.267459,0.12018,-0.067791,-0.064129,-0.025911,-0.46482,-0.150045,-0.280646,0.063262,0.068511,-0.083546,0.273077,0.12018,0.035174,-0.04137,0.134747,0.232091,-0.164999,0.090849,-0.22042,0.056029,-0.041522,-0.241551,0.368397,-0.200629,-0.319681,-0.064458,0.002567,-0.187706,-0.181403,0.250591,0.062685,0.198048,-0.399606,-0.144789,0.034511,-0.237481,-0.256858,-0.171496,-0.11934,-0.095528,0.088634,0.150929,0.193774,-0.000608,-0.113917,-0.215211,-0.041201,0.300298,0.480214,-0.005149,0.087495,0.158867,-0.17812,0.009903,-0.261079,0.097842,-0.058722,-0.114279,-0.159868,0.243916,0.267766,-0.108435,0.049945,0.026156,-0.262657,-0.198258,-0.209122,0.021093,0.086027,-0.321762,-0.396292,-0.180642,-0.170531,-0.122248,-0.042385,-0.314497,0.295328,0.255072,0.027867,-0.008352,#
11,-0.086551,-0.33246,0.268266,-0.095481,0.282485,0.166547,-0.126844,-0.148688,-0.277217,-0.279872,0.28773,1.0,-0.440386,-0.284736,-0.157865,0.27905,-0.067758,-0.042676,-0.396076,0.211028,-0.602749,0.136482,-0.094858,-0.293352,0.085507,0.019732,-0.060173,-0.29102,-0.260348,-0.364264,-0.166432,0.086121,0.0331,0.282067,0.241518,0.117231,-0.362976,0.010913,-0.330771,0.15345,0.117723,0.030919,-0.058487,-0.267903,-0.071479,-0.008852,-0.378406,0.048591,0.080449,0.150669,-0.105144,0.089609,-0.107359,-0.106711,0.127419,-0.060607,-0.155151,-0.01309,0.054917,-0.115411,-0.176636,0.014807,0.054592,-0.459896,0.073607,-0.256608,-0.075292,-0.332761,-0.219908,0.491451,0.139364,-0.057186,0.142829,0.346358,-0.144288,-0.024407,-0.252844,-0.237099,0.164698,0.004494,0.427688,0.011724,0.044273,-0.299657,0.140355,0.19001,0.077668,0.063784,-0.021008,0.127672,0.16632,-0.034681,0.241425,-0.017247,-0.08382,0.127512,-0.221583,0.119716,-0.172824,0.010983,-0.027806,0.312283,0.009778,0.158125,-0.122549,-0.02412,0.227674,-0.073514,0.15437,0.385483,-0.167373,-0.331823,-0.180169,0.105987,0.113801,-0.351583,-0.049084,0.163738,0.012919,0.311367,0.200327,-0.13101,0.170511,0.309259,-0.15313,-0.083293,0.0374,0.112988,0.147333,0.021506,0.073945,0.219677,-0.146151,-0.160346,0.17043,-0.099516,0.274665,-0.045296,-0.06439,-0.076484,0.315042,0.030965,0.11837,0.102243,-0.239878,0.139395,0.046276,-0.285018,-0.009737,0.103531,0.119252,0.064347,-0.226531,0.164647,-0.015133,0.147831,-0.18694,-0.162945,0.033097,0.111229,-0.036797,-0.274102,-0.074941,0.065204,-0.323688,-0.21475,0.154596,0.241457,0.19087,0.131214,0.184513,-0.00491,-0.006746,0.305357,-0.150916,0.024448,-0.264068,-0.265319,-0.153094,0.016913,0.047217,-0.146762,-0.004944,0.311803,-0.139837,-0.347017,-0.361978,-0.010676,-0.067785,-0.354206,-0.432459,-0.134344,0.036927,-0.072199,0.229772,-0.254027,0.352775,0.131784,-0.085168,0.202224,#
12,0.309063,0.451589,-0.285215,-0.264839,0.031051,0.192841,0.426002,0.056609,0.569733,0.39611,-0.426313,-0.440386,1.0,0.504094,0.21913,-0.242607,-0.195861,0.345898,0.277905,-0.021178,0.281123,0.252238,0.283,0.103418,0.091779,-0.247512,0.355088,-0.137244,0.298611,0.454375,-0.360597,0.003716,0.331796,-0.216135,-0.181198,-0.070776,0.123402,-0.090143,-0.166542,-0.368517,0.250797,0.083227,0.157085,0.102859,0.158051,-0.488132,0.558808,0.168789,-0.306454,-0.084515,0.25656,-0.24507,0.271222,-0.063491,-0.132386,-0.078062,0.257455,-0.278066,0.017336,0.032119,0.392461,0.025294,-0.03343,0.234925,0.301266,0.554958,-0.215939,0.359582,0.294143,-0.240992,0.03118,0.032735,-0.181149,-0.32819,-0.215547,0.177885,-0.053572,-0.047707,-0.233709,-0.253895,0.009425,-0.552863,-0.337098,-0.009354,-0.28785,0.21737,-0.162553,-0.131828,0.138247,-0.38484,-0.260887,-0.046481,-0.5635,0.131779,-0.20428,-0.090363,0.466946,-0.072645,-0.1121,-0.07571,-0.187346,-0.030632,-0.098201,0.129822,0.00461,-0.020144,-0.242285,-0.190959,-0.43905,-0.257166,0.33925,0.240434,-0.126891,-0.433953,-0.201333,-0.10119,-0.383676,-0.096788,0.120601,-0.467463,-0.324933,-0.234945,-0.089884,-0.237572,-0.170531,0.310985,0.115413,0.177433,-0.108679,0.081613,-0.389672,-0.311466,-0.393864,-0.076368,-0.438912,-0.107295,-0.154967,-0.265379,0.195208,-0.157458,-0.20909,-0.292945,-0.338401,-0.20944,0.13952,-0.162294,-0.099915,0.323548,0.008945,-0.411968,-0.115062,-0.480994,0.345588,-0.346998,-0.329453,-0.033953,0.626689,0.524445,0.007292,-0.217463,0.096137,-0.04976,0.29067,0.101145,0.013114,0.580669,0.140846,0.024729,-0.329843,-0.169411,-0.098974,0.042726,-0.044962,-0.176874,0.304142,-0.205841,0.018474,0.437959,0.58547,-0.224667,0.276058,0.141474,-0.114815,-0.31929,0.286508,0.144108,0.576806,-0.004012,-0.552753,0.4756,0.439897,0.179589,0.038059,-0.019088,0.237014,0.216618,-0.108855,-0.144291,0.313184,-0.115717,#
13,0.39335,0.505491,-0.082391,-0.160837,-0.270601,0.14737,-0.061143,0.378469,0.191233,0.307992,-0.239567,-0.284736,0.504094,1.0,-0.075946,0.041399,-0.144392,0.216458,0.103147,-0.155861,0.123986,0.540984,0.727939,0.355952,-0.139746,-0.004154,0.616408,0.014209,0.053816,0.287088,-0.268869,0.246323,0.249921,0.042647,0.052862,0.078736,-0.017779,-0.127447,0.127829,-0.415275,-0.170336,-0.02802,0.342567,0.209809,-0.003467,-0.3518,0.152455,0.036008,-0.319928,-0.017784,0.419104,-0.17216,0.260172,0.157726,0.019756,-0.075363,0.176723,0.072176,0.074316,0.15415,0.579219,-0.123227,-0.231919,0.002691,0.26051,0.150936,-0.647151,0.628174,0.361315,-0.12698,0.01932,-0.007076,-0.077027,-0.192534,-0.354736,0.179259,-0.235302,-0.036349,-0.410332,-0.011413,-0.149341,-0.31736,-0.209326,0.133699,-0.100931,0.022159,-0.077792,-0.180218,0.092517,-0.467811,-0.434115,-0.112275,-0.446186,0.103047,-0.218872,-0.188419,0.18219,-0.13645,-0.086759,-0.271353,-0.116662,-0.11323,-0.076402,-0.256508,-0.056686,-0.23702,-0.068675,-0.273306,-0.475185,-0.06009,0.052009,0.199531,-0.108397,-0.157813,-0.231074,-0.131698,-0.240232,-0.297796,0.058562,-0.131765,-0.056224,-0.442983,0.123442,-0.278754,-0.054019,0.154759,-0.244269,-0.075932,-0.064219,-0.088533,-0.436379,0.014425,-0.320265,-0.054748,-0.281763,-0.134522,0.158224,-0.389804,0.258026,-0.297553,-0.318813,0.002996,-0.517334,-0.087799,-0.180533,-0.121156,-0.104532,-0.04867,-0.225637,-0.319318,-0.22007,-0.386487,0.055798,-0.367915,-0.334873,-0.059942,0.226905,0.250959,-0.076512,-0.187085,-0.20141,-0.179054,0.091288,-0.020375,-0.067233,0.333632,-0.105233,-0.077135,-0.186255,-0.064547,-0.138525,-0.156963,-0.191444,-0.442268,0.257837,-0.323711,-0.040524,0.359847,0.265077,-0.313493,0.201609,-0.142667,-0.301661,0.093417,0.236017,0.208991,0.133611,-0.435276,-0.145832,0.523294,0.085942,0.151659,0.18798,0.052618,0.187389,0.319502,0.251983,-0.283332,0.239486,0.014044,#
14,0.355812,0.523862,-0.03289,-0.296409,0.436771,-0.097009,0.477743,0.120342,0.281696,0.043865,-0.178602,-0.157865,0.21913,-0.075946,1.0,-0.174776,0.237096,0.033818,0.333355,-0.291704,0.193045,-0.27476,-0.116865,-0.009569,-0.383439,-0.211512,0.076728,0.41228,0.468991,0.163369,-0.488578,-0.095785,0.142623,-0.171175,-0.137784,0.325544,-0.265734,-0.160598,0.074803,0.222567,-0.391492,-0.009075,-0.237942,0.35206,0.202417,-0.079427,0.192449,-0.213039,0.007877,0.309904,-0.024038,-0.231105,-0.056115,0.06414,0.003443,-0.234695,-0.138058,-0.083504,-0.03087,0.025681,-0.345466,0.276284,-0.32541,0.167138,0.090398,0.275838,0.038186,-0.135705,-0.220041,-0.462668,-0.354918,-0.295071,-0.131456,-0.228423,-0.470099,0.446072,-0.11653,-0.453204,-0.311624,-0.332188,-0.409325,-0.303232,-0.418457,0.207641,-0.529034,0.056532,-0.265468,-0.374613,-0.300612,-0.329479,-0.177724,-0.483961,-0.289021,-0.303446,-0.264118,-0.348396,-0.297907,-0.138796,-0.362958,-0.340971,0.433776,-0.478135,-0.343775,-0.160335,-0.255793,-0.125984,-0.480543,-0.049252,-0.511947,-0.099648,-0.282196,0.257383,-0.350118,-0.356761,-0.394915,-0.026182,-0.311305,-0.51878,-0.485855,-0.278803,-0.592181,0.007379,-0.670591,0.006193,0.05567,-0.45191,-0.270255,-0.103128,-0.26451,-0.505331,-0.460132,-0.572574,-0.304043,0.054539,-0.358552,-0.385592,0.222744,-0.365957,-0.13116,-0.212737,-0.481415,-0.32405,-0.410336,0.01527,0.05427,-0.297208,-0.231941,0.244725,-0.419913,-0.360002,-0.192503,-0.37418,-0.413609,-0.106027,-0.412162,-0.156337,0.276267,0.456062,-0.448748,0.025655,0.095764,-0.002531,0.140379,-0.316683,-0.238918,0.299613,-0.145259,-0.146101,0.056067,-0.370049,0.651347,0.134138,-0.304528,-0.432542,0.384405,-0.281186,-0.422257,0.448894,0.484234,-0.239008,0.13923,0.369026,0.468711,-0.046549,0.520929,-0.317583,0.128685,0.104681,-0.203749,0.360904,-0.012041,0.571312,0.272497,0.419549,-0.422933,0.034928,-0.164718,-0.19924,-0.325434,0.353009,#
15,-0.189153,-0.315233,-0.048167,-0.250354,-0.030942,-0.039597,-0.246101,0.079189,-0.271488,-0.101922,0.373293,0.27905,-0.242607,0.041399,-0.174776,1.0,-0.096327,-0.336344,0.067553,-0.167359,-0.382415,0.315994,-0.017191,0.210247,-0.193392,-0.012607,0.064473,-0.026907,0.043835,-0.314638,0.041232,0.25482,-0.046724,0.328089,0.087116,0.443684,0.142993,0.159729,0.114631,0.143284,-0.180101,-0.360819,0.344987,0.005362,-0.1891,0.09665,-0.43846,0.03733,-0.135164,0.075108,0.190243,0.071704,-0.093179,0.132484,-0.193284,0.245139,0.073421,-0.024441,0.214824,-0.3793,0.029849,0.275894,0.270292,-0.390326,-0.133225,-0.516457,-0.311555,-0.070004,0.132291,0.277812,0.02537,-0.276458,0.240105,0.245641,0.036182,-0.035644,-0.090492,0.085372,-0.17968,0.130675,-0.028928,0.034313,0.319634,-0.149005,0.48801,-0.13115,0.173765,-0.205669,-0.03258,0.144403,0.107233,0.146471,0.088372,-0.0411,-0.104652,0.274386,-0.088138,0.345687,-0.053369,-0.272253,0.142306,0.148351,0.133858,-0.030047,0.315096,-0.236207,0.090492,-0.11093,0.11985,-0.01397,-0.190217,-0.165413,0.126091,0.274737,-0.010993,-0.094373,0.164535,0.104161,-0.011933,0.277772,0.116506,0.005064,0.127592,-0.225239,-0.023279,0.046879,-0.058727,-0.09508,0.160195,-0.076361,0.082444,0.304064,0.217753,-0.044359,0.132306,0.030681,-0.164963,0.079694,-0.207569,0.068223,-0.04678,0.03009,-0.000441,0.243824,-0.306075,-0.120036,-0.193776,-0.540635,-0.173965,0.072081,-0.223221,-0.003295,-0.22772,0.253241,0.23514,0.152042,-0.249515,-0.322536,-0.109412,0.117946,0.330578,-0.064898,-0.214046,0.262216,-0.103932,-0.406148,0.339409,0.214228,0.111231,-0.003549,-0.097006,-0.164918,-0.183088,0.018574,-0.051199,0.109178,-0.063549,-0.098504,-0.353673,0.151914,-0.07339,-0.253581,0.065865,0.043678,-0.439978,0.020826,-0.397197,-0.36471,0.084231,-0.308141,-0.381793,-0.359454,0.031726,-0.113794,0.189719,-0.08697,0.29537,0.268523,0.040931,-0.006779,#
16,0.452863,0.08401,-0.02544,-0.234762,0.367033,-0.039613,-0.120564,0.069726,-0.055452,-0.101963,0.111358,-0.067758,-0.195861,-0.144392,0.237096,-0.096327,1.0,0.20439,0.03598,-0.353169,0.057132,-0.23566,-0.206675,-0.170359,-0.169835,0.210967,-0.311779,0.10026,-0.159317,0.108789,-0.008844,0.059608,-0.028046,-0.315505,0.010571,0.265123,0.031894,-0.348973,-0.157872,0.181351,-0.230784,-0.552182,-0.258696,0.291109,0.01377,0.024715,-0.13237,-0.281138,0.032172,-0.316023,-0.039406,-0.277433,-0.013503,-0.226954,0.296481,-0.093927,-0.544032,0.013227,-0.031234,-0.055431,-0.241262,0.052317,-0.009291,0.128316,-0.138508,-0.027067,0.282114,-0.299088,-0.084579,-0.142212,-0.444632,0.035311,-0.002037,-0.012941,0.012815,0.129333,0.063186,-0.121007,-0.171974,-0.26945,-0.397697,-0.013101,-0.088089,-0.168243,-0.259031,-0.349874,-0.407062,-0.230631,-0.028815,-0.227401,-0.082032,-0.490994,0.040044,-0.271306,-0.116774,-0.312028,-0.115903,-0.284136,-0.447861,-0.26882,0.193054,-0.420947,-0.267976,-0.041148,-0.270633,-0.228607,-0.317003,-0.017446,-0.084298,0.163906,-0.001014,-0.16548,-0.259316,-0.150824,-0.347322,0.228609,-0.420947,-0.262469,-0.155476,0.195325,-0.458266,0.188123,-0.448489,-0.039895,0.011603,-0.496225,-0.049503,-0.214121,-0.337189,-0.266207,0.070441,-0.083,0.01551,-0.089025,-0.100504,0.002629,0.192006,-0.315956,-0.545519,0.034608,-0.226195,-0.099305,-0.042789,-0.318139,-0.132669,-0.111606,0.005457,0.176425,-0.181723,-0.137462,-0.354706,0.141565,-0.20584,-0.143448,-0.179404,-0.420999,0.173555,0.238445,-0.351172,0.093343,-0.257102,0.114212,0.028099,-0.612054,-0.135378,0.158025,-0.229812,-0.264087,-0.081248,-0.245005,0.154328,-0.07296,-0.539018,-0.177365,0.132139,-0.362191,-0.270633,-0.090372,0.029653,-0.161143,0.128045,0.286639,0.463595,0.023529,0.123802,-0.228668,-0.013485,0.225165,0.356035,0.262838,-0.221301,0.209044,0.230132,0.259265,-0.123381,0.544552,0.044779,-0.194676,-0.464662,0.485521,#
17,0.381297,0.384384,-0.092076,-0.159567,0.337868,0.268881,0.074221,-0.064251,0.154216,0.079524,0.042111,-0.042676,0.345898,0.216458,0.033818,-0.336344,0.20439,1.0,0.254121,0.009665,0.366213,0.095858,0.188473,-0.343376,0.243686,-0.060351,0.051523,-0.041421,-0.027369,0.244765,-0.326061,-0.014853,0.194627,-0.29145,0.150498,-0.129258,-0.34269,-0.09496,-0.030601,-0.122909,0.226994,0.063579,-0.153627,-0.119844,-0.146525,-0.193001,0.199667,0.239702,-0.060701,-0.163283,0.464411,-0.174081,-0.076412,-0.193447,0.177338,-0.190026,-0.236337,-0.154174,-0.149689,-0.005016,0.086266,0.285766,-0.159573,0.218445,0.066794,0.372746,-0.144194,0.225179,0.133583,0.35249,0.027754,0.165049,-0.53038,-0.154969,-0.082296,0.184331,-0.354441,-0.028312,-0.179917,-0.691269,0.074324,-0.367947,-0.324083,-0.332315,-0.249923,0.172617,-0.268519,-0.021303,-0.051943,-0.082773,-0.235386,-0.135934,-0.194103,0.061917,-0.298467,0.054422,0.349639,-0.341713,-0.065129,-0.384072,-0.267626,-0.217741,-0.362673,-0.045954,-0.3279,-0.223791,-0.300701,-0.208146,-0.405182,0.063329,0.34426,-0.358154,-0.089767,-0.443955,-0.018559,-0.460676,-0.576188,-0.064422,0.335544,-0.294271,-0.30477,-0.173494,-0.183893,-0.253807,-0.237865,0.041537,0.024613,0.155287,-0.078342,-0.181673,0.006188,-0.169403,-0.253201,-0.129846,-0.123777,-0.303784,0.231506,-0.399597,0.036753,-0.03519,-0.04073,-0.094295,-0.155988,-0.274128,-0.16959,0.081385,-0.122032,0.374596,-0.090696,-0.432805,-0.22649,-0.08602,0.237355,-0.431166,-0.437465,-0.041446,0.433538,0.374231,-0.215592,-0.171931,-0.408297,0.08088,0.258873,0.007516,-0.45093,0.697384,-0.086414,-0.006535,-0.025646,-0.067743,-0.013992,-0.046081,-0.179679,-0.099259,0.070117,-0.307704,0.023979,0.105673,0.416999,-0.360722,0.147597,0.252945,-0.128689,-0.129487,0.091569,-0.263387,0.375199,0.209625,-0.465624,0.392667,0.147594,0.279168,0.109489,-0.02169,-0.153931,0.029564,-0.033697,-0.20277,-0.050031,0.281197,#
18,0.054234,0.428281,-0.152567,-0.206787,0.13307,-0.406701,0.136387,-0.303666,0.131546,0.260479,-0.125073,-0.396076,0.277905,0.103147,0.333355,0.067553,0.03598,0.254121,1.0,-0.342484,0.45854,-0.290054,0.019612,0.127224,-0.191844,-0.059256,0.156665,0.217768,0.243873,0.331189,-0.108283,-0.143519,0.295937,-0.122722,0.00135,0.308882,0.106047,0.050819,0.090553,0.280347,-0.19712,-0.366686,0.004528,-0.01353,0.035747,0.001882,0.114608,0.001201,0.00759,0.150948,0.336539,-0.120211,-0.226447,0.10432,0.326876,-0.080192,-0.216195,0.221196,-0.250403,-0.203747,-0.002021,0.24937,-0.051134,0.120141,-0.029789,0.158484,-0.18863,0.211527,-0.01563,-0.235953,-0.246948,-0.641979,0.014867,-0.353541,-0.153841,0.096956,-0.266553,-0.104524,-0.177861,-0.414723,-0.407938,-0.330586,-0.342197,0.247221,-0.105723,-0.099878,-0.084146,-0.289003,-0.248694,0.133128,-0.140313,-0.127359,-0.397023,-0.361047,-0.372379,-0.231711,-0.090044,-0.142917,0.000325,-0.123861,-0.070625,-0.251633,-0.493031,-0.284361,-0.192776,-0.238469,-0.389529,0.031862,-0.279732,0.051632,0.214002,0.02009,0.17174,-0.38946,-0.101598,-0.276556,-0.068792,-0.144139,0.224289,-0.292518,-0.323175,0.311116,-0.442878,-0.239918,-0.026837,-0.026803,-0.314013,-0.311225,-0.242585,-0.304811,-0.164507,-0.284055,-0.037467,-0.025058,-0.186063,-0.35384,-0.004301,-0.221689,-0.101614,0.025822,-0.400585,-0.018257,-0.228802,-0.057236,-0.085752,-0.227042,-0.129418,0.238114,-0.175991,-0.169009,-0.236655,-0.267759,0.252633,0.092257,-0.305028,-0.103583,-0.027612,0.162188,-0.227607,-0.000759,0.180011,-0.049847,0.02409,0.201987,-0.273929,0.091931,0.053883,0.101213,0.055605,-0.164472,0.100203,-0.346633,0.208713,-0.1441,0.253003,0.112817,-0.029777,0.261272,0.193548,-0.244537,-0.097504,0.040263,0.060294,-0.089191,0.22837,-0.013704,0.092907,-0.017698,-0.165301,0.321999,0.085074,0.206184,0.268556,0.370009,-0.112243,-0.19037,-0.053942,-0.13758,-0.139831,-0.012843,#
19,-0.312877,-0.522388,-0.049279,0.292608,-0.208463,0.445774,-0.103415,-0.073511,0.021096,-0.357678,-0.176963,0.211028,-0.021178,-0.155861,-0.291704,-0.167359,-0.353169,0.009665,-0.342484,1.0,0.044069,0.18796,-0.034374,-0.145645,0.359403,-0.227318,0.010972,-0.108991,-0.343709,-0.36716,0.200614,0.168994,-0.058944,0.015528,-0.254611,-0.359807,0.016794,0.150178,-0.055862,-0.088842,0.356351,0.458881,0.057091,-0.389927,0.03274,0.160606,0.159557,0.419977,0.262164,-0.267754,0.081657,0.308007,0.211099,0.048276,-0.116769,0.365805,0.500838,-0.493322,0.426349,0.062762,0.002534,-0.253596,0.304716,0.020641,-0.042901,0.18334,0.20072,-0.040724,-0.045391,0.230886,0.503815,0.210947,0.027557,0.418205,0.184013,-0.462223,0.286874,0.304448,0.513022,0.217622,0.76804,0.353589,0.348458,-0.276012,0.370977,0.307102,0.285363,0.495151,0.456679,0.089981,0.523558,0.588672,0.456023,0.43561,0.272466,0.267886,0.144056,0.263382,0.030262,0.211704,-0.069552,0.621349,0.532922,0.293397,0.510978,0.434126,0.469179,-0.179972,0.35341,-0.061385,0.259452,-0.282917,0.196929,0.442015,0.249207,-0.027186,0.258083,0.683859,0.046697,0.223438,0.517108,0.052361,0.688586,0.137318,0.172653,0.304102,0.310043,0.249601,0.384768,0.545242,0.105987,0.369994,0.34767,-0.058237,0.376987,0.197782,-0.282148,0.097411,0.220071,0.284274,0.598554,-0.13051,0.138743,0.21219,0.293036,0.33567,0.028407,-0.293624,0.557451,-0.046029,0.353523,0.324673,0.28733,0.289835,0.387724,0.444108,-0.179249,-0.33457,0.537748,0.043064,-0.074266,0.011733,-0.113922,0.385468,0.360254,-0.033287,0.459,0.096345,-0.114298,0.000174,-0.324509,-0.080825,0.184013,0.557451,-0.272237,0.170476,0.517108,-0.34566,-0.250543,0.054185,-0.127981,-0.105776,-0.063109,0.070958,-0.416894,-0.048051,0.127942,0.22593,-0.239995,-0.523373,0.324438,-0.442793,-0.289907,-0.350547,0.244013,-0.336455,-0.477734,0.493387,0.332449,-0.163165,#
20,-0.058512,0.228678,-0.228554,0.084936,-0.032241,-0.163274,0.074262,-0.03367,0.172324,-0.230979,-0.192515,-0.602749,0.281123,0.123986,0.193045,-0.382415,0.057132,0.366213,0.45854,0.044069,1.0,-0.225034,-0.124993,0.112634,0.281973,0.007993,-0.15289,0.225283,0.121974,0.077928,0.191829,-0.269327,0.120844,-0.179478,0.043542,-0.231186,0.232588,-0.038163,0.170925,-0.129508,-0.080425,-0.033961,-0.149426,-0.137956,-0.09613,0.292059,0.45758,-0.033751,0.365687,0.117199,0.246893,-0.092594,-0.061664,0.289483,0.129586,0.26684,0.043235,0.050993,-0.10771,0.039104,0.051085,0.155924,0.043235,0.194502,-0.141696,0.234013,0.081148,0.357072,-0.080709,-0.232356,-0.04137,0.137856,-0.048164,0.011821,0.182226,-0.150222,0.238688,0.239817,0.058987,-0.244706,-0.185729,0.058922,-0.026499,0.010294,-0.098275,-0.040802,0.12458,0.135691,0.222053,0.165097,0.075157,0.01996,-0.106493,0.072792,-0.120028,0.050787,0.189591,-0.299929,0.247015,0.078303,-0.047405,0.036193,-0.059257,-0.143608,-0.011983,0.039726,-0.122145,0.100927,-0.237814,-0.00904,0.245311,-0.200734,0.113628,-0.067138,0.154919,0.096664,0.036193,0.071663,0.180572,0.023811,-0.019096,0.471652,-0.106664,0.046871,0.292541,0.010125,-0.121398,0.053765,-0.059277,0.078554,0.006861,-0.196913,0.228295,0.075412,0.124244,-0.081464,-0.200188,-0.110042,0.004788,0.338634,-0.148723,-3.5e-05,0.099741,-0.000659,0.367798,-0.000968,0.057617,0.153865,0.319554,-0.119719,0.035324,0.139455,0.307861,-0.021475,-0.037517,0.204035,0.201069,0.010754,-0.029794,0.048925,-0.064177,0.032541,0.112135,0.089362,0.218961,0.205847,0.043439,-0.026607,-0.049491,0.113335,-0.144195,0.019168,0.17892,-0.034361,-0.065164,0.165921,0.158722,0.045885,0.171283,-0.312359,0.099143,-0.00877,0.188682,-0.02332,0.099475,0.125615,0.154697,0.381839,-0.183578,0.087001,0.274231,0.202455,-0.091567,-0.15085,-0.265557,0.02277,-0.303105,-0.048051,0.048793,-0.045501,#
