0,1.0,0.417355,-0.206627,-0.231767,0.382222,0.18943,-0.01633,0.033132,-0.145888,0.328915,-0.207617,0.031394,0.581262,0.262958,-0.061068,-0.013705,0.091286,0.324988,-0.36539,-0.016944,-0.131168,0.428448,0.346112,-0.189484,-0.124007,-0.156361,0.012971,-0.39877,0.193106,0.314196,0.03877,0.098761,0.001913,-0.224103,-0.350066,0.166098,-0.202726,0.092652,0.080874,-0.274502,-0.018537,-0.142568,-0.227404,0.042488,0.02365,-0.284945,0.20918,0.336469,-0.472574,0.00849,0.111768,-0.412288,-0.092295,-0.391188,-0.080208,0.072216,-0.056126,0.068944,0.299586,0.313308,0.461506,0.097872,-0.268719,-0.276783,0.120561,0.459787,-0.090105,0.213617,0.242056,-0.007617,-0.061705,0.096983,-0.40292,-0.155808,-0.505511,0.304005,-0.153477,-0.251874,-0.376637,-0.079274,-0.244033,-0.169962,0.014953,0.153919,7.5e-05,-0.336554,-0.120681,-0.095967,-0.105381,-0.375068,-0.101601,-0.314954,-0.222405,0.214879,0.22269,-0.010198,0.229345,-0.312612,-0.0883,-0.135531,0.262453,-0.321966,-0.280698,0.179365,-0.274715,-0.321062,-0.226098,-0.033114,-0.33453,-0.277856,0.180031,0.088254,-0.113008,-0.28965,-0.198104,0.267193,-0.317694,-0.365443,0.352737,-0.432345,-0.2215,-0.211427,0.054331,-0.201861,-0.356023,0.264551,0.088956,-0.155755,0.252409,0.084118,-0.424606,0.00863,-0.220478,-0.002015,-0.569948,-0.080041,-0.037,-0.464659,0.339119,-0.220478,0.014717,-0.248276,-0.26859,-0.100896,-0.100329,-0.185663,-0.078863,0.270657,-0.223581,-0.558856,-0.065894,-0.328424,0.011234,-0.216126,-0.065195,-0.148722,0.502029,0.500176,-0.188201,-0.508075,-0.259953,-0.128179,0.194227,-0.489821,0.012684,0.693093,-0.322823,-0.261313,-0.207895,-0.458012,-0.063696,-0.001482,-0.372881,-0.113008,0.097356,-0.676012,0.010753,0.167464,0.44631,-0.092119,0.21786,-0.029254,-0.432502,-0.076157,0.23138,-0.376287,0.637166,-0.167839,-0.380383,0.357285,0.08563,0.223363,0.223313,0.233629,-0.0898,0.082791,-0.024269,-0.221783,0.454863,0.212066,#
1,0.417355,1.0,0.223525,-0.325338,0.108209,0.096205,0.408676,0.112896,0.30801,0.106553,-0.10478,-0.232904,0.478883,0.182593,0.376195,-0.287218,0.173663,0.248732,0.196359,-0.277944,-0.384901,0.05723,0.419348,-0.200608,-0.205559,-0.409202,0.271761,-0.157228,0.056553,0.263873,-0.414805,0.013219,0.161749,-0.069839,-0.099298,0.440379,0.189874,-0.138959,0.067972,-0.118942,-0.225015,0.201419,0.074927,0.267775,0.473966,-0.375592,0.345594,0.134517,-0.065096,0.334949,-0.054865,-0.447595,-0.110363,-0.203217,-0.075555,-0.370749,0.006274,-0.220637,-0.119999,0.334949,0.315931,0.056908,-0.231648,-0.029486,0.032188,0.270518,-0.323395,0.294775,0.424504,-0.059624,0.027696,-0.088479,-0.246931,-0.594662,-0.584727,0.541319,-0.262758,-0.500232,-0.445088,-0.504172,-0.182797,-0.599068,-0.403017,0.232884,-0.623214,-0.194568,-0.37606,-0.173553,-0.53158,-0.453065,-0.374123,-0.236091,-0.616131,-0.066038,-0.24241,-0.289903,0.077841,-0.445591,-0.176754,-0.064229,0.277779,-0.388843,-0.344664,-0.24016,-0.523735,-0.26187,-0.466872,-0.032423,-0.590974,-0.335871,0.147723,0.512377,-0.274334,-0.534552,0.006006,-0.147144,-0.240311,-0.866722,-0.116468,-0.688409,-0.300869,-0.46594,-0.452515,-0.311412,-0.212947,-0.193739,-0.174535,0.157963,-0.105346,-0.144559,-0.35042,-0.39049,-0.508277,0.236372,-0.353313,-0.317307,0.14815,-0.173033,0.349799,-0.672091,-0.382833,-0.015533,-0.514549,-0.223806,-0.269653,-0.283782,-0.497626,0.552516,-0.366231,-0.451141,-0.169452,-0.586065,-0.061458,-0.466872,-0.510712,-0.566704,0.220437,0.607037,-0.345804,-0.39551,0.170513,-0.156426,0.51973,-0.14345,-0.148071,0.621385,-0.374975,0.134102,-0.249961,-0.299096,0.097726,-0.034781,-0.31049,-0.454858,0.361295,-0.26586,-0.242988,0.749521,0.675825,-0.48596,0.339345,0.230832,-0.13343,0.181018,0.30219,-0.240072,0.389008,-0.363571,-0.516539,0.458292,0.10368,0.681953,0.622732,0.305127,-0.175048,0.148278,0.370027,-0.370728,0.014986,0.202514,#
2,-0.206627,0.223525,1.0,0.125931,-0.057332,0.029205,0.225755,0.109243,0.458675,-0.372125,-0.042749,-0.156246,-0.129003,-0.179862,0.053459,-0.228584,0.053059,0.202374,0.037545,0.175405,-0.048662,-0.114832,0.054915,-0.127532,0.061775,-0.333911,0.369604,0.374346,-0.07698,-0.008142,-0.001,0.15182,-0.108648,-0.03448,0.241135,0.143416,0.395812,-0.409717,-0.013915,-0.033356,-0.10595,0.279424,-0.065817,0.197044,0.153794,-0.064857,0.104922,0.495349,0.338607,0.015528,-0.174159,0.230532,0.02307,0.291194,-0.220787,-0.064995,0.041395,-0.323671,-0.31099,0.015528,-0.365372,-0.453851,0.392577,0.281153,-0.181278,-0.001896,0.145177,0.040873,0.057636,0.36245,0.577117,0.395259,-0.101951,-0.145297,0.025504,0.120131,0.013354,-0.35795,-0.117905,-0.533931,0.445653,-0.147774,-0.051687,0.173266,-0.159741,0.580791,-0.064122,0.103099,-0.056378,0.020544,0.094383,0.017895,-0.292537,0.193107,-0.141226,-0.000443,0.356496,-0.3414,-0.044391,-0.354183,-0.198443,-0.033368,0.125063,0.107263,0.109583,-0.14333,-0.125437,0.141463,-0.451241,0.241986,0.480381,-0.010897,-0.174939,-0.053152,0.633671,-0.139686,-0.067461,-0.255168,-0.15108,-0.103656,0.02205,0.051998,-0.00536,-0.005903,0.395704,-0.221456,-0.02924,0.401543,-0.092105,-0.277273,0.269844,-0.365847,-0.068734,-0.074729,0.262903,-0.031727,0.105234,0.398016,0.211064,-0.0695,-0.056437,0.405035,-0.140311,-0.179869,0.008043,0.305916,-0.304212,0.073305,0.25686,-0.127665,0.104156,-0.130857,0.113995,-0.13472,-0.056881,0.107893,-0.035155,0.162942,0.115154,0.051431,0.227176,0.206623,0.09799,-0.023491,-0.072872,-0.028633,-0.126114,-0.001326,0.134157,0.146682,-0.061204,-0.076455,-0.288664,0.001253,-0.249543,0.193283,-0.130377,0.362817,0.250819,-0.453299,0.107512,-0.097238,-0.045755,0.368124,-0.020316,-0.02083,-0.094599,0.094964,-0.223262,-0.013202,0.563886,0.39893,0.154975,-0.024536,-0.160203,0.196754,-0.051575,-0.065273,-0.076147,0.097461,#
3,-0.231767,-0.325338,0.125931,1.0,-0.265075,-0.123537,-0.432498,-0.413678,-0.249956,-0.220354,0.15658,-0.119665,-0.346608,-0.228468,-0.326485,-0.207505,-0.142323,-0.056357,-0.193257,0.428039,0.261017,-0.039077,-0.122733,0.140723,0.260667,0.237876,-0.293374,0.225836,-0.095635,-0.252008,0.553711,-0.205134,-0.24493,-0.054906,0.252135,-0.542154,0.000942,0.069608,-0.372613,0.044616,0.110235,0.065775,-0.230896,-0.006272,0.043292,0.541801,-0.174538,-0.01287,0.325731,-0.252788,0.362849,0.569914,-0.026585,0.197394,0.070638,-0.004193,0.403835,0.191523,-0.03499,0.326831,-0.265904,-0.406915,0.202127,-0.082135,0.304565,-0.196578,0.262976,0.211981,-0.150097,-0.108416,0.204469,0.171919,0.368898,0.22015,0.243721,-0.478285,0.213207,0.150913,0.287035,0.166518,0.43296,0.59565,0.243134,0.300313,0.237072,0.087527,0.385511,0.31878,0.190563,0.134233,0.307386,0.196505,0.489673,-0.191277,0.362872,-0.058552,-0.015176,-0.237341,-0.026748,0.409838,-0.191383,0.248574,0.308383,0.249627,0.196121,0.55968,0.298922,-0.109543,0.430896,0.360034,-0.210747,-0.114972,0.356931,0.345067,0.078672,0.191539,0.473396,0.26494,0.041041,0.203546,0.30971,0.334393,0.542859,0.312491,0.209882,0.12588,0.297914,0.0806,-0.135407,0.151721,0.297004,0.253446,0.454865,0.103709,0.457725,0.406743,0.020691,0.201753,0.21104,0.281921,0.241878,0.188971,0.230987,0.281291,0.526883,0.37472,0.374293,-0.417604,0.446684,0.502566,0.477643,0.314665,0.080805,0.341395,0.105417,0.235423,-0.493245,-0.310849,0.213057,0.282485,-0.341766,0.077423,-0.25472,-0.021788,0.015628,-0.446203,-0.091608,-0.004408,0.313902,0.178443,-0.354446,0.071478,0.48978,0.162599,-0.516435,0.341201,0.167151,-0.067599,-0.533675,0.166142,-0.482358,-0.252169,-0.153159,0.005251,-0.125303,0.112345,-0.2315,0.213269,0.589414,-0.433974,0.166349,-0.280603,-0.134591,-0.328214,0.201904,0.033575,-0.490325,0.246183,-0.015928,-0.080756,#
4,0.382222,0.108209,-0.057332,-0.265075,1.0,0.129268,-0.015002,0.026015,-0.455402,-0.13858,0.008474,0.315693,0.001643,-0.11177,0.25225,0.370927,0.111898,-0.032571,-0.017157,0.13347,-0.103671,-0.028193,-0.02856,-0.478849,-0.063565,-0.252417,-0.170312,-0.078389,0.249268,-0.124969,-0.194813,0.03167,-0.075589,-0.32731,-0.246533,0.204404,-0.353723,-0.197615,-0.169463,0.000591,-0.258443,-0.166025,-0.138489,-0.153994,-0.015524,0.059776,-0.000693,0.459646,-0.334611,0.282208,0.358137,-0.209422,-0.110839,-0.169898,0.186931,0.215361,-0.286093,-0.033318,0.129561,-0.286099,0.017674,0.238955,0.083729,0.019299,-0.004577,0.229549,-0.092403,-0.054533,0.006232,0.148199,-0.103604,0.027402,-0.137715,0.149575,-0.523534,0.569626,-0.195599,-0.435749,-0.380443,-0.108639,-0.131199,-0.362906,-0.11479,0.160372,-0.039827,-0.076582,0.032375,-0.428574,-0.261806,-0.205434,0.037284,-0.364304,-0.04688,-0.166969,-0.005704,0.004609,0.152287,-0.402215,-0.113865,0.021805,0.190069,-0.292331,-0.455095,-0.11479,-0.277337,-0.211833,-0.059894,-0.044216,-0.209278,-0.322742,-0.005832,-0.418595,-0.372799,-0.135939,-0.092684,-0.207877,-0.452603,0.043387,-0.030559,-0.013035,-0.208798,-0.027871,0.144223,-0.043026,-0.188266,-0.265915,0.0031,-0.014577,0.025553,-0.204499,-0.13661,-0.11142,-0.293039,-0.012828,-0.315104,-0.356205,0.128432,-0.408625,-0.028202,0.062211,-0.111937,-0.110862,-0.065452,0.064646,-0.03098,0.067883,-0.21636,-0.041646,-0.293124,-0.391562,-0.265032,-0.261532,-0.45221,0.104825,-0.271138,0.042931,0.13162,0.27766,-0.111648,-0.263713,-0.145248,-0.418704,0.087587,0.079884,-0.315681,0.216365,-0.062758,0.167513,-0.153337,-0.363523,0.172418,-0.098157,-0.068408,-0.036414,-0.020561,-0.246023,-0.276952,0.011185,0.124249,-0.021718,0.274074,-0.183738,0.215928,0.097334,0.051457,-0.46405,0.147323,-0.126151,-0.455224,-0.091544,-0.023274,0.107192,0.208943,-0.095052,0.115267,-0.411037,0.079103,0.062179,-0.205219,0.284502,#
5,0.18943,0.096205,0.029205,-0.123537,0.129268,1.0,0.013226,0.180471,-0.133906,-0.282703,0.354814,0.01479,-0.15213,-0.261786,-0.240456,0.019469,0.424193,0.003406,-0.449045,0.006329,-0.184203,0.260494,0.18706,-0.171453,-0.248512,-0.3682,-0.140998,-0.396047,-0.277283,-0.318153,-0.198004,0.212273,-0.185311,-0.141568,-0.187002,0.016387,-0.195606,0.131172,0.119401,-0.124922,-0.029749,0.166928,-0.213854,0.444653,0.280003,0.066426,-0.1621,0.245942,-0.044625,-0.190878,0.090382,0.063732,0.171208,-0.056371,-0.176713,-0.232044,0.060896,-0.198441,-0.066295,-0.190878,0.104794,-0.060218,-0.246581,-0.035171,0.075037,-0.022636,-0.25025,-0.123849,0.297925,0.328107,-0.044796,0.465467,-0.05844,0.145923,-0.318735,0.053731,-0.526214,0.080723,-0.448134,-0.080921,0.390409,-0.159323,0.141134,-0.262241,-0.012917,-0.051047,-0.058023,-0.234286,-0.218162,-0.286089,0.082187,-0.054721,-0.124602,-0.016705,-0.042636,0.047479,0.130019,-0.265559,0.090777,-0.074714,0.277343,-0.17929,0.090149,-0.007272,-0.200579,-0.374481,0.038574,-0.031516,-0.329133,-0.163322,0.15974,-0.052558,-0.082666,-0.058962,-0.088517,-0.251138,-0.509999,0.025367,-0.013953,-0.177587,-0.290241,-0.31445,0.2826,-0.305465,0.054318,0.072692,-0.097054,0.023677,-0.100843,0.378533,-0.10286,-0.016761,0.038214,-0.104404,-0.1495,0.055042,0.038025,-0.259112,-0.179799,-0.127425,-0.172975,-0.255008,-0.422663,0.384604,0.271108,0.053662,-0.258592,-0.101879,0.035635,-0.131009,-0.104073,0.157092,-0.339384,-0.124602,0.064333,-0.176371,-0.085809,0.062746,-0.22685,-0.06674,-0.097898,0.133362,-0.035452,0.139368,-0.21752,0.3239,-0.044042,-0.109542,0.006575,-0.323219,0.07013,-0.331721,-0.306451,0.11323,0.094189,-0.13136,-0.010265,0.122596,0.049689,0.053976,0.068263,0.230632,0.07728,0.05721,-0.185159,0.146013,-0.0809,-0.032578,-0.126583,0.02538,-0.092436,-0.043989,0.127968,-0.186959,0.066665,0.085247,0.248589,-0.220697,-0.083491,-0.035072,#
6,-0.01633,0.408676,0.225755,-0.432498,-0.015002,0.013226,1.0,0.427753,0.356899,0.283432,0.010542,-0.180773,0.160262,-0.047509,0.427451,0.225093,-0.123305,-0.260124,0.117054,-0.372557,-0.503521,-0.006812,0.290686,-0.025003,-0.30832,-0.354199,0.315248,-0.227762,0.219674,0.201716,-0.621927,-0.275242,-0.055151,0.227071,-0.2683,0.48163,-0.055857,-0.38226,0.513456,0.232201,-0.467977,0.313686,-0.264068,-0.11218,0.061795,-0.230629,0.222229,0.170699,-0.176096,0.017436,-0.28165,-0.218812,-0.126663,-0.058159,-0.217379,-0.234992,0.175132,-0.031927,-0.339718,0.017436,0.164508,-0.182056,-0.239529,0.257156,-0.085101,0.310476,-0.078617,0.005946,0.40318,-0.09564,0.03636,-0.129356,-0.266788,-0.636464,-0.31632,0.431591,-0.207551,-0.549022,-0.32609,-0.048898,-0.270981,-0.534495,-0.432494,-0.036659,-0.199338,0.145615,-0.290631,-0.264636,-0.479793,-0.340018,-0.280454,-0.158633,-0.516658,0.133868,-0.36427,-0.19122,-0.052377,0.081494,-0.037806,-0.259221,0.232007,-0.287232,-0.089522,-0.301224,-0.248558,-0.320624,-0.507075,0.366986,-0.649072,-0.409014,0.046136,0.477567,-0.341865,-0.41724,0.035532,-0.120593,0.01838,-0.412435,-0.244471,-0.37452,-0.342581,-0.406534,-0.366428,-0.413105,-0.220184,-0.076416,-0.198867,0.395859,-0.136657,-0.202252,-0.313162,-0.770319,-0.608062,0.057999,-0.270925,-0.341632,-0.114643,0.142581,0.040255,-0.648799,-0.091268,0.102331,-0.454603,-0.116325,-0.168792,-0.362366,-0.379764,0.733863,-0.281709,-0.206924,-0.248929,-0.325474,-0.195823,-0.516658,-0.243199,-0.261293,-0.000467,0.261749,-0.283163,-0.243479,0.500171,0.04764,0.405252,0.018683,-0.107669,0.194003,-0.221566,-0.173215,-0.16791,0.047131,0.407883,-0.346942,-0.352779,-0.356012,0.190296,-0.168792,-0.270789,0.316033,0.413675,0.03687,0.453844,0.045846,0.051996,0.226226,0.520621,0.028881,0.275636,-0.360907,-0.303478,0.402614,0.139467,0.58309,0.188956,0.359589,-0.191915,0.03255,0.241571,-0.529866,-0.143879,-0.380474,#
7,0.033132,0.112896,0.109243,-0.413678,0.026015,0.180471,0.427753,1.0,0.184229,0.183168,-0.230889,-0.142885,0.08122,-0.065042,-0.056868,0.305096,-0.104721,-0.208486,-0.108535,0.090771,0.01099,-0.039777,-0.149701,0.216336,0.014956,-0.15408,0.187569,-0.353576,0.156786,0.021383,-0.359812,-0.066129,0.209643,0.137808,-0.32909,0.000191,0.046186,0.063364,0.545812,-0.272416,-0.185811,0.247971,-0.352969,0.097271,-0.242661,-0.251591,0.419141,0.162971,0.029913,-0.001481,-0.511507,-0.115818,0.135126,0.107494,-0.277353,-0.106276,0.245099,-0.27755,-0.415357,-0.001481,0.112688,-0.112686,-0.096482,0.120909,0.000497,0.092619,-0.03839,0.138841,0.130895,-0.086594,0.223217,-0.001702,-0.208341,0.009688,-0.021634,0.203741,0.001941,0.081919,-0.045911,0.240396,-0.078515,-0.19404,0.166304,0.148433,-0.153127,0.214171,0.034121,0.076946,0.030187,0.106011,-0.27572,0.044398,-0.229696,0.413728,-0.121506,0.291707,0.393727,0.301125,0.267974,-0.139628,0.222342,0.012176,-0.090086,0.166304,0.197631,-0.011307,-0.23007,0.310768,-0.354128,-0.446613,0.254842,0.120872,0.026779,-0.135736,0.300943,0.111648,-0.018856,0.094519,-0.133192,-0.094131,-0.055552,-0.204858,0.027972,-0.026839,0.182198,0.123476,-0.355895,-0.156016,-0.195162,-0.066056,-0.277062,-0.323003,-0.226999,-0.144313,-0.06887,-0.27423,0.431493,0.224084,0.026785,-0.233939,0.177938,0.156718,-0.263878,0.099865,-0.110459,-0.116227,0.063917,0.107327,0.090264,-0.404591,-0.057812,-0.014961,-0.003071,-0.064517,-0.042199,0.012183,0.459646,0.168885,0.026123,0.004437,0.056455,0.305285,0.048113,-0.151102,0.041436,0.074841,0.203547,-0.433312,-0.337167,-0.07175,0.138451,-0.304152,-0.238532,0.03663,0.135845,0.07252,0.188065,-0.068697,0.211995,0.019071,0.320533,0.010264,0.098885,-0.22177,0.100226,0.401352,0.016441,0.010129,-0.206439,0.058596,0.263659,0.088018,-0.074503,-0.218593,-0.185985,0.067612,0.000936,-0.387008,0.107177,0.050455,#
8,-0.145888,0.30801,0.458675,-0.249956,-0.455402,-0.133906,0.356899,0.184229,1.0,0.159534,-0.202106,-0.178393,0.239121,0.138933,0.140265,-0.388339,0.075839,-0.012763,0.238722,-0.370137,-0.032286,-0.049978,0.197955,0.021992,0.03063,-0.187595,0.520742,0.176916,-0.018569,0.345557,-0.168188,0.149292,-0.007671,-0.008731,0.016129,0.343266,0.508938,-0.322445,0.109594,-0.070064,0.000648,0.046704,0.237187,0.311472,0.273095,-0.465724,0.144145,-0.066998,-0.042682,0.284365,-0.478122,-0.092024,0.130234,0.230921,-0.513569,-0.115284,-0.042685,-0.098613,0.085102,-0.002256,-0.052459,-0.31458,-0.09792,0.133818,0.031378,0.009053,-0.047783,0.04361,0.047475,-0.115807,0.222324,0.047455,-0.199378,-0.358924,-0.046736,0.202096,-0.006894,-0.108964,-0.071823,-0.258122,-0.071829,-0.220145,-0.180669,-0.079545,-0.34323,0.209956,-0.300244,-0.105348,0.004919,-0.084478,-0.280228,0.042515,-0.569003,0.21105,-0.148075,-0.065299,0.038045,0.083927,-0.089896,-0.287794,-0.139849,0.151803,0.066288,-0.020126,0.010686,-0.333198,-0.24083,0.140757,-0.213263,0.041086,0.412517,0.565576,-0.150797,-0.310626,0.298801,-0.082031,-0.016329,-0.431124,-0.162589,-0.127822,-0.239267,-0.239501,-0.49953,-0.228858,0.181814,0.098296,-0.355788,0.021763,0.057232,-0.224404,-0.10446,-0.350655,-0.253373,-0.002094,-0.072228,-0.273429,-0.062661,0.230039,0.132605,-0.260338,-0.33628,0.242195,-0.133895,-0.397438,-0.297055,-0.083808,-0.454036,0.322676,-0.08288,-0.068305,-0.083256,-0.301155,0.153637,-0.409605,0.085547,-0.030236,0.169047,0.295695,-0.002772,-0.160742,0.356302,0.085289,0.269034,-0.338431,0.411346,0.078288,-0.156265,-0.069426,-0.171815,-0.077602,-0.186734,0.196491,-0.233949,-0.157916,0.128618,0.081458,-0.218689,0.438322,0.510914,-0.186594,0.155743,0.154363,-0.072562,0.123404,0.100185,0.193785,0.156054,-0.208923,-0.046154,0.354102,0.2621,0.279947,0.266631,0.247413,-0.319331,0.400169,0.340194,-0.200785,0.09742,-0.129645,#
9,0.328915,0.106553,-0.372125,-0.220354,-0.13858,-0.282703,0.283432,0.183168,0.159534,1.0,-0.290715,0.030736,0.477447,0.371586,0.116643,0.093768,-0.341218,-0.024263,0.122796,-0.207113,-0.217897,0.108377,0.216577,-0.083704,-0.234582,-0.105152,0.236517,-0.186182,0.071929,0.6713,-0.322199,-0.189375,-0.137932,-0.09368,-0.350446,0.138624,-0.209498,-0.043495,0.444704,0.020239,0.030272,-0.041111,-0.065754,-0.181655,-0.250116,-0.454043,0.36415,-0.029612,-0.473734,-0.05504,-0.412853,-0.114403,0.006465,-0.174351,0.081842,-0.11815,0.218529,-0.029867,0.02933,0.244297,0.22389,-0.062885,-0.42169,0.051321,0.264822,0.212934,-0.046276,0.08175,0.148479,-0.385095,-0.200011,-0.436328,-0.338575,-0.308228,-0.032668,0.260378,0.037016,-0.086363,0.078806,0.113123,-0.573271,-0.205762,-0.206831,-0.064821,-0.150898,-0.226586,-0.476265,-0.087172,-0.15607,-0.083159,-0.264159,-0.246955,-0.256998,0.111792,0.123264,-0.03707,-0.070039,0.375582,0.110194,-0.124319,-0.184183,-0.215387,-0.269782,-0.045873,-0.158466,0.0472,-0.44031,0.047873,-0.026563,-0.484088,-0.00428,0.431929,0.120052,-0.333361,-0.351798,-0.075784,-0.032901,-0.19741,0.203507,-0.458392,-0.085904,-0.40943,-0.431059,-0.367928,-0.472409,0.328236,-0.07221,-0.071974,0.007438,-0.271927,-0.25778,-0.045873,-0.386662,0.150288,-0.369066,-0.192145,-0.252935,0.021338,0.064772,-0.386662,0.158234,-0.273454,-0.322501,-0.461486,-0.206443,-0.375355,-0.154494,0.393608,-0.388499,-0.423467,-0.188101,-0.324621,-0.045873,-0.423467,-0.022957,-0.03197,0.363947,0.468826,-0.070005,-0.426937,0.148292,-0.075468,0.140229,-0.163985,0.149027,0.213207,-0.427028,-0.255869,-0.416768,0.012371,0.070091,0.079462,-0.0803,-0.26652,0.248527,-0.398229,-0.137061,0.014401,0.290179,0.214568,0.213216,0.304913,-0.201002,-0.422828,0.265987,0.206059,0.472465,-0.284907,-0.022005,0.515279,-0.002674,0.039338,0.093106,0.41495,-0.188074,-0.124436,0.035659,-0.326382,0.209515,0.142938,#
10,-0.207617,-0.10478,-0.042749,0.15658,0.008474,0.354814,0.010542,-0.230889,-0.202106,-0.290715,1.0,0.207076,-0.623484,-0.56315,-0.111415,0.253659,0.372223,0.100931,0.113184,-0.243341,0.125324,-0.101034,-0.161952,-0.137456,0.125491,-0.020879,-0.361503,-0.066892,-0.153895,-0.391441,0.016768,-0.071619,-0.130853,0.050998,0.486672,-0.034792,-0.281282,-0.055789,-0.08841,0.421328,-0.120947,-0.09277,-0.328121,-0.09075,0.168634,0.535458,-0.38981,0.025259,0.194259,-0.15516,0.367403,0.002409,-0.095511,-0.084778,0.019831,-0.181092,-0.085668,0.278039,-0.295681,-0.15516,-0.265452,0.163892,-0.028185,-0.301406,-0.025851,-0.296596,-0.2505,-0.152742,0.040455,0.283151,-0.2441,-0.024959,0.248696,0.011975,-0.043005,-0.165101,-0.501328,0.073319,-0.282766,-0.27589,0.134492,0.134335,-0.04542,-0.367723,0.186083,-0.050215,0.014144,-0.261356,-0.155726,0.072108,-0.101695,-0.094899,0.06555,-0.452424,-0.281195,-0.027057,-0.288979,-0.254403,-0.102043,0.000455,0.071766,-0.051607,-0.092356,-0.205239,-0.320355,-0.175712,-0.106929,0.032816,-0.047027,0.229832,-0.191595,-0.059463,0.075621,-0.160877,-0.020782,-0.25139,-0.03537,0.119668,0.183774,0.216485,-0.102179,0.034348,0.072211,-0.025374,-0.214233,-0.041155,-0.299265,0.041185,-0.168841,0.079667,0.237831,-0.04542,0.144025,0.013933,0.304635,0.014152,-0.005604,0.013685,-0.201379,-0.041052,-0.221075,0.126921,0.016911,0.240858,-0.055601,-0.151891,-0.166987,-0.079981,-0.043798,0.417406,-0.209157,0.286341,-0.205239,0.072449,-0.20651,-0.221075,-0.66623,-0.326768,-0.544413,0.321088,-0.054754,-0.067669,0.320294,0.091586,-0.533205,-0.158757,-0.050215,0.187342,0.47498,0.006164,0.080141,-0.249445,0.048884,-0.106242,-0.276466,0.143108,-0.129953,0.17362,-0.40064,0.295649,-0.056542,0.142224,0.195966,0.231239,-0.086638,-0.176158,-0.373429,0.089521,0.296613,-0.247971,-0.438327,0.006833,0.26006,-0.25233,-0.072057,-0.017644,0.224469,-0.1326,-0.264347,-0.262985,#
11,0.031394,-0.232904,-0.156246,-0.119665,0.315693,0.01479,-0.180773,-0.142885,-0.178393,0.030736,0.207076,1.0,-0.021939,-0.135414,-0.100001,0.215954,-0.07126,0.055049,-0.208374,-0.112028,-0.009508,0.061171,-0.334448,-0.417943,-0.049264,-0.306279,-0.305341,-0.100027,0.035688,-0.153592,-0.005179,-0.304486,-0.197112,-0.155733,0.126549,0.187012,-0.257868,-0.127519,-0.016091,0.055424,0.233366,-0.121657,-0.039393,-0.28791,-0.354,0.095462,-0.425104,0.283996,-0.074321,0.336827,0.114951,0.140129,-0.091949,-0.014171,0.077997,0.127221,0.012578,-0.067183,0.148852,-0.245484,-0.022319,0.395968,0.215565,-0.536495,0.189357,-0.101575,-0.182129,-0.234485,-0.139926,0.355088,0.10397,-0.006642,-0.044418,0.329758,0.005981,0.228394,-0.179335,-0.087556,0.035876,-0.072528,0.054387,0.171377,0.000138,-0.479618,0.150419,-0.032711,0.117289,0.094915,-0.04533,0.379988,0.093874,0.136747,0.050839,0.160221,-0.036854,0.534109,-0.000822,0.091496,0.255887,-0.042135,-0.157358,0.140389,-0.262912,0.006661,-0.050751,-0.006479,0.037504,0.068934,0.158462,0.082279,-0.062567,-0.083429,-0.027381,-0.066501,0.042298,-0.247833,-0.023709,0.222799,0.331872,0.091922,0.211983,-0.136356,0.152888,0.18948,0.031329,0.065485,-0.110119,0.097914,0.463539,-0.100899,0.086758,0.323233,0.035818,0.04191,0.046012,-0.319499,-0.189181,-0.066612,-0.003447,0.219393,0.179757,0.015619,0.090475,0.046455,0.106115,0.212882,-0.081981,-0.269595,-0.117085,0.02798,0.057461,0.088075,-0.166014,0.050839,0.053398,0.315554,0.004396,0.058255,-0.009101,-0.229234,-0.100826,-0.533455,-0.021583,0.231604,-0.01,0.000248,-0.043542,0.137044,0.147694,0.239347,0.005603,0.376172,0.199695,0.129289,-0.06843,0.091192,-0.403425,-0.2152,0.028377,0.181724,0.061758,0.049977,0.049686,0.062883,-0.038828,-0.291673,0.06539,0.20824,-0.168552,-0.145411,-0.234142,-0.054402,-0.039647,-0.041269,-0.20127,-0.417888,0.416045,-0.04476,0.039844,0.339807,#
12,0.581262,0.478883,-0.129003,-0.346608,0.001643,-0.15213,0.160262,0.08122,0.239121,0.477447,-0.623484,-0.021939,1.0,0.553062,0.135336,-0.088627,-0.184231,0.079334,-0.078919,-0.121718,-0.311442,0.27751,0.515413,-0.062233,-0.334844,-0.173049,0.361451,-0.308524,0.182604,0.398233,-0.201313,0.059782,0.127081,-0.242402,-0.363236,0.405093,0.265745,0.012298,0.114505,-0.410726,0.091721,0.041588,0.104736,0.11018,0.04053,-0.545652,0.391665,0.124132,-0.366569,0.194804,-0.163063,-0.15413,0.07899,-0.07839,-0.057822,0.079098,0.1098,-0.24944,0.31131,0.194804,0.67037,0.076926,-0.095044,-0.081672,0.15329,0.540175,-0.326726,0.373888,0.373251,-0.235987,0.022635,-0.167977,-0.274676,-0.20622,-0.319597,0.370915,0.125444,-0.255996,-0.084959,-0.068609,-0.333482,-0.323771,-0.151043,0.034167,-0.22648,-0.329628,-0.197263,0.084506,-0.045294,-0.430915,-0.098144,-0.08101,-0.419913,0.284236,-0.082293,0.024712,0.282771,0.01949,-0.071474,-0.180854,0.000685,0.030227,-0.095989,0.185329,-0.041776,-0.192879,-0.266677,-0.084452,-0.318925,-0.33032,0.183357,0.330597,-0.098568,-0.221526,-0.171857,0.090903,-0.141586,-0.510318,0.129406,-0.50199,-0.095115,-0.403826,-0.266086,-0.325914,-0.158646,0.189264,0.038583,0.086747,0.294273,0.08654,-0.604241,0.023871,-0.341569,-0.00409,-0.503025,-0.040175,-0.266538,-0.384356,0.402886,-0.335083,-0.126326,-0.295219,-0.388636,-0.298543,0.035362,-0.100557,-0.205799,0.321163,-0.165575,-0.59358,0.030127,-0.491885,0.192057,-0.426592,0.018732,-0.15347,0.601197,0.664867,0.103266,-0.53169,0.232435,-0.163661,0.069342,-0.150375,0.319608,0.545856,-0.154769,-0.061898,-0.496721,-0.233045,-0.052144,0.159879,-0.249251,-0.106025,0.472068,-0.364794,-0.088627,0.152772,0.714404,-0.226123,0.187794,0.06041,-0.193185,-0.054461,0.303064,-0.048102,0.580351,-0.307423,-0.531511,0.462251,0.245412,0.20979,0.130409,0.452843,0.111696,0.004181,0.176314,-0.134285,0.457216,0.26407,#
13,0.262958,0.182593,-0.179862,-0.228468,-0.11177,-0.261786,-0.047509,-0.065042,0.138933,0.371586,-0.56315,-0.135414,0.553062,1.0,0.242639,-0.195727,-0.509674,0.299571,0.023808,0.10648,-0.12312,0.528296,0.455631,0.195963,-0.086374,0.083349,0.500613,-0.005761,0.106312,0.662301,-0.132111,0.163323,0.102951,0.004234,-0.059069,0.147979,0.157389,0.09265,0.166536,-0.338721,0.081593,0.168175,0.444691,0.007008,-0.19546,-0.678081,0.562682,-0.304919,-0.291617,0.111218,-0.246803,-0.2105,0.101051,0.028136,-0.127593,0.017254,0.026818,-0.111626,0.261512,0.111218,0.38087,0.022089,-0.275013,0.094372,0.158924,0.023519,-0.008717,0.346995,0.102064,-0.028261,-0.063845,-0.006955,-0.212006,0.035043,-0.229124,-0.080119,0.363501,-0.209248,-0.015579,0.158403,-0.254077,-0.276445,0.040002,0.088289,-0.105343,-0.069551,-0.160298,-0.040597,0.160553,-0.230207,0.192579,-0.180196,-0.165871,0.180338,0.191707,0.069268,0.009763,0.129195,-0.190842,-0.13864,-0.086788,-0.082733,0.012701,0.040002,-0.170994,0.048536,0.115596,-0.442046,-0.100735,-0.057137,0.145254,0.15126,-0.007103,0.16787,-0.285709,-0.045876,-0.071044,-0.251261,0.025061,-0.237516,-0.0615,-0.214666,-0.173936,-0.105411,-0.234609,0.26479,0.091732,0.052847,0.218345,0.1273,-0.133626,0.046677,-0.449708,-0.072924,-0.555166,0.028939,-0.043779,-0.11528,0.212238,-0.077244,0.117065,-0.554843,-0.146123,-0.384054,-0.244291,-0.16513,-0.020731,0.037481,-0.274071,-0.328045,-0.07796,-0.510742,0.230434,-0.384573,-0.03591,0.090133,0.573756,0.286188,0.232743,-0.267045,0.078113,-0.131451,-0.056158,-0.006065,0.235634,0.235317,0.045969,0.231385,-0.236323,0.021718,-0.132963,0.197211,-0.215261,-0.206875,0.327438,-0.450441,0.112271,-0.038654,0.477526,-0.277959,0.460616,-0.06545,-0.154863,-0.150385,-0.092844,0.172531,0.112855,-0.388437,-0.331982,0.355934,-0.025384,-0.082938,-0.272447,0.21663,0.16187,-0.061086,0.080966,-0.004491,0.583979,0.103034,#
14,-0.061068,0.376195,0.053459,-0.326485,0.25225,-0.240456,0.427451,-0.056868,0.140265,0.116643,-0.111415,-0.100001,0.135336,0.242639,1.0,0.054778,-0.167105,-0.111456,0.374702,-0.116154,-0.393059,-0.093104,0.257427,-0.002257,-0.200527,-0.066857,0.277996,0.251828,0.380077,0.277759,-0.593034,-0.002544,-0.05499,-0.089498,0.073817,0.431299,-0.080258,-0.261666,0.074347,0.240557,-0.438683,0.071249,0.27993,0.112792,0.370268,-0.155122,0.271499,-0.177891,-0.353261,0.290244,0.105353,-0.27917,0.082922,0.010521,-0.073855,-0.372841,-0.26172,-0.065555,-0.079564,-0.276568,-0.037836,0.037607,-0.112317,0.282625,-0.064601,0.042841,-0.065703,-0.167676,-0.080533,-0.343619,-0.310706,-0.443179,-0.026105,-0.416479,-0.283093,0.369185,-0.087577,-0.505891,-0.29698,-0.178347,-0.522721,-0.603774,-0.55402,0.24556,-0.292217,-0.013803,-0.369496,-0.342875,-0.359544,-0.303834,-0.044949,-0.072964,-0.137629,-0.241779,-0.408742,-0.284111,-0.423203,-0.078276,-0.507463,-0.056384,0.216508,-0.387616,-0.345221,-0.55402,-0.374216,-0.09426,-0.298577,-0.142764,-0.277305,-0.08383,-0.255628,0.305943,-0.429471,-0.367228,-0.331534,-0.147755,-0.077291,-0.368163,-0.596437,-0.10293,-0.297142,-0.133719,-0.440789,-0.145424,-0.093771,-0.50902,-0.180021,0.036563,-0.197562,-0.288531,-0.029158,-0.223837,-0.687494,0.20338,-0.36128,-0.303851,-0.100446,-0.006729,-0.117558,-0.170561,-0.226316,-0.192978,-0.017995,-0.146563,-0.451376,-0.358055,-0.336631,0.331309,-0.533249,-0.134291,-0.502868,-0.60356,-0.214126,-0.307848,-0.349818,-0.403426,-0.104829,0.180876,-0.337676,-0.032385,0.295826,-0.386007,0.343458,0.060632,-0.338322,-0.011599,-0.014209,0.480856,0.077703,-0.120953,0.442028,0.192569,-0.149413,-0.459971,0.536595,-0.265952,-0.236366,0.273925,0.202518,-0.076846,0.524582,0.078155,0.447596,0.345596,0.311109,-0.408098,0.06926,-0.375021,-0.172591,0.310659,-0.071778,0.524298,0.317668,0.474814,0.017493,-0.167778,0.206494,-0.168277,-0.148014,-0.006631,#
15,-0.013705,-0.287218,-0.228584,-0.207505,0.370927,0.019469,0.225093,0.305096,-0.388339,0.093768,0.253659,0.215954,-0.088627,-0.195727,0.054778,1.0,-0.165684,-0.258942,-0.068491,-0.052162,-0.194054,0.073379,-0.151873,0.065156,0.130338,0.167697,-0.16909,-0.382049,0.404096,-0.20504,-0.340963,-0.253165,-0.131892,0.048391,-0.004046,0.132021,-0.283947,0.104144,0.1769,0.216638,-0.122023,-0.29878,-0.537848,-0.275781,-0.304154,0.221641,0.001621,0.109197,-0.257611,-0.140694,0.16045,0.066564,-0.08174,0.102904,0.075218,0.009603,-0.083667,0.105227,-0.243149,-0.449235,-0.009779,0.387187,0.121203,-0.133773,0.049629,-0.136611,-0.25046,-0.002145,0.131269,0.043475,-0.067455,-0.227907,0.090547,0.235663,-0.029315,0.053704,-0.132691,-0.075139,-0.257185,0.116537,-0.213571,-0.190699,0.152488,-0.177915,0.392431,-0.041056,0.041127,-0.253492,0.037765,0.085973,0.086522,-0.077828,0.08963,-0.053213,-0.236991,0.348096,0.114001,0.187175,-0.060733,-0.147271,0.089448,-0.023432,-0.254097,0.152488,0.034415,-0.151271,-0.260814,0.137209,-0.193002,-0.130566,-0.173367,-0.299026,0.099615,-0.143272,-0.074258,-0.076223,-0.027363,0.348042,0.042709,0.250447,-0.087507,0.11889,0.117845,-0.175666,-0.16911,0.171152,-0.074804,0.04979,-0.151038,-0.08356,-0.10353,-0.030498,-0.194119,-0.141489,-0.034138,0.004207,-0.006841,0.003824,-0.361399,-0.006665,0.155629,-0.03732,0.032289,0.270834,-0.006047,-0.1379,0.025284,-0.082536,-0.026973,-0.099319,-0.184209,0.046007,-0.220803,0.08963,0.004547,0.165735,0.03814,-0.147341,-0.271256,0.309665,0.245951,-0.068816,-0.08007,0.130687,-0.478359,-0.303424,0.326684,0.002403,-0.059807,0.004207,0.11802,-0.32777,-0.098457,0.110257,-0.079359,-0.026048,-0.130995,-0.343649,-0.203182,0.347584,0.199167,-0.190248,0.232537,-0.099278,-0.061503,-0.01374,-0.181661,-0.082721,-0.029748,-0.184685,-0.202113,-0.161755,-0.076952,-0.23266,0.159549,-0.17187,0.060254,-0.092329,-0.010959,-0.083291,#
16,0.091286,0.173663,0.053059,-0.142323,0.111898,0.424193,-0.123305,-0.104721,0.075839,-0.341218,0.372223,-0.07126,-0.184231,-0.509674,-0.167105,-0.165684,1.0,0.043453,0.174911,-0.281765,0.068059,-0.33453,-0.060416,-0.374068,0.086934,-0.113631,-0.386698,-0.095761,-0.27001,-0.256039,0.110495,0.218552,0.057827,-0.314821,0.07418,0.0769,0.284828,-0.164003,-0.323992,-0.040324,0.208944,-0.23228,-0.033635,0.340687,0.423276,0.12684,-0.468316,0.196841,0.076091,-0.080494,0.225116,-0.136907,0.172356,-0.37112,0.117406,0.063611,-0.415561,-0.199371,-0.047822,-0.080494,-0.12485,0.143734,0.212693,-0.015809,-0.088834,-0.001485,-0.070364,-0.247755,0.19101,0.238791,-0.016349,0.228455,0.195588,-0.264779,-0.117978,0.108836,-0.413268,0.152792,-0.164279,-0.359813,0.200015,0.029966,-0.116486,-0.264397,-0.252131,-0.292698,-0.236496,-0.171942,-0.06578,-0.174833,-0.192508,-0.037004,-0.17555,-0.191441,-0.216959,-0.283954,0.142338,-0.361712,-0.182295,-0.078773,0.145304,-0.106107,-0.17317,-0.110052,-0.058977,-0.265555,-0.015857,0.129715,0.02633,-0.032022,0.327849,-0.105149,-0.057527,-0.234185,0.058881,-0.006601,-0.44295,0.002867,0.087522,-0.059191,-0.341752,-0.162491,-0.06078,-0.131097,0.125562,-0.316708,-0.100947,-0.107859,-0.291294,-0.002428,0.141192,0.050787,0.201364,0.089811,0.019915,-0.044023,0.23016,-0.228741,-0.142263,0.019539,-0.445506,0.302369,-0.064862,0.030931,-0.002078,0.196578,-0.221035,0.214072,0.026262,-0.015857,-0.3102,0.343674,0.063655,-0.015857,-0.137507,-0.451901,-0.229696,0.084814,-0.26781,0.068666,-0.132283,0.140899,0.294045,-0.128841,-0.060374,0.273004,-0.104112,-0.021764,-0.104442,-0.421178,-0.101136,-0.107057,-0.025612,0.135023,0.010012,-0.002078,0.035045,0.264568,-0.126777,0.01676,-0.232652,0.224443,0.166908,0.162827,-0.168897,-0.189258,0.060195,0.345881,0.047023,0.04697,0.008351,0.135911,0.334626,-0.001221,0.019767,0.44243,0.283733,-0.047748,-0.40047,-0.118429,#
17,0.324988,0.248732,0.202374,-0.056357,-0.032571,0.003406,-0.260124,-0.208486,-0.012763,-0.024263,0.100931,0.055049,0.079334,0.299571,-0.111456,-0.258942,0.043453,1.0,0.068066,0.198651,0.11856,0.234637,0.065755,-0.165895,-0.093418,0.080619,0.035435,0.167393,-0.082255,0.335506,0.20349,0.227147,0.09231,-0.05597,0.356995,0.137031,0.046439,-0.008121,-0.025479,-0.089412,0.074172,0.186312,0.120441,0.0175,-0.20927,-0.265707,0.21373,0.107281,0.186752,-0.231141,0.021053,-0.21496,-0.195831,-0.189919,-0.012563,-0.18717,-0.291548,-0.185081,-0.106663,0.073229,0.019259,0.150595,0.163436,-0.079793,-0.262239,0.032971,0.088606,0.215574,0.078214,0.487701,0.155961,0.092412,-0.510646,-0.014697,-0.006875,-0.069358,0.186038,-0.091436,-0.092653,-0.386351,0.129004,0.035057,0.110164,-0.00254,-0.029182,0.05234,-0.04931,0.283174,0.100433,0.167406,0.110274,-0.009659,0.000147,0.212074,0.032215,0.314144,0.217853,-0.226287,-0.204629,-0.500232,-0.188659,-0.183995,-0.047526,0.280648,-0.224233,0.044543,-0.10016,-0.448512,-0.14366,0.293498,0.277233,0.001546,0.165802,0.111071,0.159568,0.028594,-0.056776,-0.269915,0.366847,-0.231845,0.037592,-0.055057,-0.139424,0.011949,-0.088591,0.097001,-0.006833,0.133923,0.221663,0.047954,0.2694,0.110164,0.07275,-0.250967,-0.07864,-0.050635,0.126223,-0.103321,0.057622,0.07275,0.127162,-0.218167,-0.155355,-0.355309,-0.353229,0.047013,0.029909,-0.06153,-0.061404,-0.162852,-0.064518,-0.146527,0.46116,-0.169121,-0.239477,-0.190374,0.182655,0.189459,-0.077264,-0.177007,-0.338983,0.163428,0.111598,-0.170114,-0.232943,0.311192,-0.006533,0.018214,0.244842,0.156858,-0.177539,-0.031191,-0.425922,-0.161992,0.02827,-0.197305,0.249222,0.025062,0.264584,-0.382086,0.072853,0.165581,-0.284188,-0.109613,-0.199786,-0.308394,0.064609,0.102594,-0.177998,-0.004927,0.029656,0.067317,-0.042416,0.10346,-0.269468,-0.070561,-0.063825,0.057256,0.327882,0.436609,#
18,-0.36539,0.196359,0.037545,-0.193257,-0.017157,-0.449045,0.117054,-0.108535,0.238722,0.122796,0.113184,-0.208374,-0.078919,0.023808,0.374702,-0.068491,0.174911,0.068066,1.0,-0.306017,0.068093,-0.467362,0.043461,-0.105069,-0.035315,0.071061,0.217821,0.418747,-0.007269,0.305348,-0.276929,0.142664,0.290668,-0.1082,0.359258,0.287701,0.220487,-0.291071,-0.102143,0.112539,-0.215738,0.013396,0.27262,-0.061454,0.245027,-0.140879,0.153017,-0.262163,0.147473,0.235715,-0.224447,-0.123116,-0.065173,0.047414,0.220127,-0.024088,-0.311209,-0.081912,-0.148969,-0.063533,-0.218862,0.080728,0.105457,0.436928,-0.074817,-0.074394,-0.101534,0.099208,-0.001334,-0.153586,-0.34337,-0.48262,0.115086,-0.297452,0.016255,0.242918,-0.094407,-0.074593,0.150089,-0.378698,-0.390907,-0.311129,-0.582101,-0.021741,-0.460599,-0.193499,-0.408494,-0.217787,-0.23726,-0.125136,-0.226302,-0.276122,-0.172068,-0.436702,-0.427183,-0.292088,-0.108704,-0.082296,-0.337578,-0.208654,-0.251516,0.032402,-0.241109,-0.414486,-0.263762,0.059319,-0.338488,-0.121346,0.02534,-0.033695,-0.00797,0.078266,-0.084958,-0.241025,-0.166282,-0.343255,-0.091406,-0.217807,-0.222506,-0.059543,-0.278729,-0.153131,-0.652202,-0.152312,-0.200033,-0.512315,-0.383683,0.003666,-0.369892,-0.469077,0.150527,-0.232082,-0.226483,0.044641,0.124628,-0.321258,0.124007,0.016644,-0.14172,-0.20162,-0.392809,0.126212,-0.038324,-0.483634,-0.475852,-0.194262,-0.367984,0.279118,-0.407114,0.004142,-0.38662,-0.114144,0.094425,-0.172068,-0.393625,-0.416182,-0.151072,0.183345,-0.185694,0.1197,0.240036,-0.012128,0.400152,0.088974,-0.181029,-0.035575,-0.055991,0.32563,-0.101092,-0.081513,0.249757,0.045328,0.020321,-0.320778,0.181319,0.089358,-0.089648,0.313768,0.07085,-0.152458,0.085058,0.22769,0.436153,-0.005279,0.120772,-0.065395,-0.121536,0.001859,0.020913,0.120648,-0.100066,0.181782,0.314687,0.291608,-0.010899,-0.054564,0.203469,-0.000466,-0.457128,0.019419,#
19,-0.016944,-0.277944,0.175405,0.428039,0.13347,0.006329,-0.372557,0.090771,-0.370137,-0.207113,-0.243341,-0.112028,-0.121718,0.10648,-0.116154,-0.052162,-0.281765,0.198651,-0.306017,1.0,0.285793,0.061689,0.030666,0.03678,0.058899,0.122175,-0.150806,0.021621,0.088119,-0.186551,0.340486,0.119394,0.092983,-0.070606,-0.085317,-0.501701,0.038801,0.090664,-0.290831,-0.255569,0.067405,0.433332,-0.059478,0.177514,-0.352355,0.118492,0.366401,0.220551,0.210519,-0.27275,0.200127,0.228701,0.363759,-0.00986,-0.022947,0.201403,0.246623,-0.353155,-0.06353,-0.049141,-0.182763,-0.274124,0.313506,0.05286,0.005841,0.037482,0.347912,0.161719,-0.260416,0.005327,0.32235,0.233533,-0.081949,0.375126,0.178719,-0.237462,0.511666,0.120021,0.220181,0.279438,0.435259,0.356455,0.450555,0.480179,0.205435,0.214139,0.447762,0.423801,0.447083,0.179411,0.459206,0.19458,0.369161,0.18917,0.189601,0.207837,0.185231,0.026625,-0.068646,0.144015,-0.249384,0.166426,0.282143,0.450555,0.434008,0.506593,0.400616,-0.487571,0.220716,0.082232,0.07751,-0.452391,0.172973,0.606134,0.290949,0.213078,0.124103,0.441778,-0.138318,0.107262,0.349528,0.178956,0.544751,0.216623,0.326223,0.119395,0.199572,-0.000807,-0.170679,0.226002,0.08961,0.325307,0.274485,-0.241188,0.091783,0.148593,0.353005,0.018724,0.099399,0.464304,0.265026,-0.263012,0.083164,0.267303,0.388626,0.321024,0.538148,-0.496237,0.601483,-0.131554,0.262927,0.140418,0.115332,0.201281,0.145174,0.30604,0.031238,-0.102368,0.317997,0.038689,-0.428126,0.156668,-0.473487,0.068766,-0.041362,-0.346058,0.238535,-0.185715,0.137905,0.122763,-0.30708,-0.038296,0.216888,0.386624,-0.083651,0.195215,0.460262,-0.48409,-0.225585,0.088185,-0.086876,-0.307043,0.00392,0.058033,-0.36726,0.072504,-0.116964,0.100453,0.101644,-0.506167,0.375228,-0.279342,-0.516029,-0.349435,0.211154,-0.26353,-0.570083,0.345367,0.1495,0.267698,#
20,-0.131168,-0.384901,-0.048662,0.261017,-0.103671,-0.184203,-0.503521,0.01099,-0.032286,-0.217897,0.125324,-0.009508,-0.311442,-0.12312,-0.393059,-0.194054,0.068059,0.11856,0.068093,0.285793,1.0,-0.409925,-0.361048,0.184924,0.403053,0.396385,-0.040717,0.30917,-0.02829,-0.16224,0.653028,0.270761,0.213171,-0.056559,0.306743,-0.497482,0.05159,0.164268,-0.154885,-0.082531,0.229365,-0.122555,0.003392,-0.214514,-0.16783,0.192561,0.098909,-0.019473,0.250356,-0.08385,0.0889,-0.122144,0.185936,0.093177,0.129798,0.326677,-0.11089,0.199298,0.011795,0.211098,-0.124501,-0.133593,0.179242,-0.162628,-0.027438,-0.028508,-0.030071,0.164335,-0.405687,-0.102294,0.073821,0.071354,0.172991,0.491083,0.284398,-0.377193,0.332113,0.561328,0.254484,0.236451,0.082981,0.622838,0.335421,0.281335,0.009459,0.022299,0.368819,0.234952,0.682984,0.423051,-0.269058,0.035502,0.271525,0.033663,0.378517,0.139882,0.034563,0.078622,0.218619,0.214316,-0.251107,0.32284,0.05235,0.176822,0.360869,0.337656,0.254929,0.025627,0.453771,0.387346,-0.016869,-0.355888,0.209873,0.351493,0.29667,0.285398,0.184599,0.43975,0.331406,0.553975,0.426509,0.396673,0.216147,0.648759,0.266381,0.105717,-0.356114,-0.400478,0.150646,0.106157,0.209816,0.33853,0.44001,-0.146303,0.263844,0.114887,0.21988,0.065822,0.24308,0.609251,0.001128,0.152459,0.404921,-0.085381,0.067622,0.195788,0.425624,-0.517188,0.275699,0.248368,0.265945,0.334966,0.335032,0.442115,-0.071909,0.15222,-0.112956,-0.263251,0.383925,0.224274,-0.457146,0.084307,-0.135292,-0.183186,0.188311,-0.293494,0.226556,-0.080217,0.175775,0.096121,-0.228401,-0.075199,0.428755,0.036919,-0.375452,0.256597,0.421593,-0.271752,-0.326967,0.143641,-0.271746,-0.030588,-0.082383,-0.084781,-0.093159,0.09064,-0.194901,0.401442,0.248395,-0.358621,0.077001,-0.448704,-0.270996,-0.430607,-0.181703,-0.112912,-0.236179,0.406806,0.195282,0.041846,#
