0,1.0,-0.051611,-0.111098,-0.030566,0.122753,0.391815,0.068309,0.102513,-0.422967,0.014516,0.146857,-0.079537,0.361491,0.213395,0.209475,0.08735,0.097253,-0.491337,0.232201,-0.273763,0.270753,0.386693,0.045651,-0.216771,-0.209133,-0.363,0.025722,-0.271318,0.376373,0.027774,0.254634,0.094389,0.225035,-0.134004,-0.000876,0.006855,0.187307,-0.293,-0.13748,-0.385109,0.231256,0.375105,0.326532,0.211845,-0.369019,-0.073417,-0.052791,-0.072883,-0.237638,-0.190396,-0.108372,0.019189,0.25209,-0.092301,0.406199,0.094991,-0.220882,0.055992,0.064696,0.171612,0.5306,0.373236,-0.077892,0.078612,0.04889,-0.046172,-0.220531,0.333446,-0.144426,-0.410719,-0.222763,0.105151,-0.320278,-0.18303,-0.513839,0.352166,-0.200046,0.009969,-0.443303,-0.051585,-0.019897,-0.49744,0.030579,-0.207156,-0.285688,-0.021253,-0.082788,0.023962,-0.252755,-0.499828,-0.358499,-0.429911,-0.059699,-0.341803,-0.002795,-0.44302,-0.432084,-0.078983,-0.137239,0.265339,0.179478,-0.091244,-0.194957,-0.310464,0.071882,-0.382005,-0.038179,-0.01319,-0.295371,-0.055157,0.025187,0.212305,-0.446396,-0.182966,-0.035995,-0.085561,-0.494825,-0.279633,-0.296747,0.040352,-0.3773,0.023331,0.071072,-0.494825,-0.085285,-0.183322,-0.215445,0.063058,-0.279761,0.321564,0.062058,-0.351275,-0.108602,0.109719,-0.512006,-0.016825,-0.198729,-0.159125,0.41353,-0.38021,-0.328174,0.061537,0.104274,0.26702,-0.148149,-0.046498,-0.215165,0.123392,-0.494957,-0.314644,-0.077143,-0.388589,-0.183154,-0.285688,0.149288,-0.25306,0.030848,-0.014531,-0.309368,-0.293442,0.279412,-0.436492,-0.018717,-0.05285,-0.116612,-0.184154,-0.326047,0.119213,-0.094893,-0.302911,0.172789,0.161354,-0.384285,0.259206,0.016222,-0.170513,-0.162977,0.038879,-0.04102,0.168861,0.127555,-0.09653,0.277795,0.514122,0.293194,0.004364,0.172082,-0.163971,-0.046563,0.202139,-0.088345,0.070947,0.356822,-0.18179,0.021566,0.174418,-0.017056,-0.124162,-0.308849,0.204858,#
1,-0.051611,1.0,0.206591,-0.204122,0.051877,0.091677,0.198577,0.167929,0.135315,0.457668,-0.271297,0.114233,0.27414,0.250453,0.43368,0.045132,-0.21887,0.205861,-0.086447,0.018217,-0.239871,0.23511,0.425626,-0.055366,0.093448,-0.259796,-0.042253,0.044539,-0.461098,0.150457,-0.227457,-0.006933,0.274068,-0.159215,-0.439864,0.419897,0.124607,-0.093141,0.062914,0.121075,0.009853,0.082566,-0.058088,-0.051272,0.462423,-0.375274,0.152521,-0.086285,0.089529,0.272569,0.207911,-0.133224,-0.005343,-0.347502,-0.156398,-0.165438,-0.267518,-0.426073,-0.089939,-0.324125,0.13769,0.265213,-0.38844,-0.290982,0.334168,0.037933,0.061243,-0.151539,0.180447,-0.065812,0.099735,-0.112365,0.275549,-0.27418,-0.127459,0.172127,-0.388345,-0.515711,0.080246,0.063451,-0.024614,-0.316738,-0.124537,-0.04088,-0.164627,-0.2049,-0.257417,-0.259552,-0.126003,-0.277931,-0.067219,-0.099413,-0.360266,-0.011278,-0.192881,-0.068983,0.14035,0.1692,0.36696,-0.019573,-0.077455,-0.018793,-0.276583,-0.282665,-0.225809,-0.24849,-0.381962,0.089644,-0.341643,-0.345598,0.225768,0.419452,-0.198507,-0.13691,-0.179414,-0.389421,-0.158358,-0.307643,0.393092,-0.322133,-0.228451,-0.371106,-0.434424,-0.166239,-0.429554,-0.249893,0.380529,0.390084,-0.114785,0.07636,0.073877,0.235337,-0.331893,-0.146712,-0.199317,-0.30021,0.088095,-0.114579,-0.155025,-0.146278,0.053984,-0.185045,-0.207597,-0.276525,0.029559,0.196903,-0.266453,0.350053,-0.02581,-0.037357,-0.519684,-0.458389,0.018878,0.001816,-0.035203,-0.179467,0.205014,0.161786,-0.078645,-0.136338,0.133188,-0.17903,0.321607,0.554338,0.143272,0.218011,-0.112062,0.09786,-0.341643,-0.187134,-0.117125,0.000682,-0.088854,-0.048126,0.063266,-0.113713,-0.191706,0.401016,0.241328,-0.632202,0.442603,0.002415,-0.42572,-0.181497,0.12016,-0.145499,0.306725,-0.095154,-0.487466,0.427794,0.112093,-0.024593,0.238976,0.613642,-0.0187,-0.119421,-0.041454,0.130628,0.609179,-0.143622,#
2,-0.111098,0.206591,1.0,0.376779,-0.028302,-0.260694,0.077824,-0.011213,0.390875,0.061304,-0.247217,-0.118084,-0.257929,-0.022068,-0.149697,-0.224685,-0.434189,0.43182,-0.312982,0.228682,0.168488,0.240627,-0.030494,0.091731,0.471413,0.028927,0.547975,0.317197,-0.044251,0.121941,-0.030178,-0.013579,-0.117349,-0.030049,0.040011,0.014037,0.001299,-0.204959,0.337733,-0.17117,0.375278,-0.070814,-0.043393,-0.064976,0.034899,-0.260079,-0.093288,0.407521,0.097535,-0.099691,-0.25816,-0.190366,0.355033,0.035941,-0.339675,-0.034021,0.011379,-0.397892,-0.321914,0.186372,-0.264548,-0.043887,-0.015709,-0.241017,0.001219,-0.181309,0.194622,0.135047,0.003927,0.382428,0.149331,0.22001,0.265988,0.307665,0.249812,-0.258156,0.004422,-0.276642,0.081657,0.14131,0.189655,0.070096,0.13524,0.133552,-0.094041,0.202466,0.132156,0.008571,0.319077,-0.023104,0.251862,0.123535,0.29137,0.194065,0.30224,0.338072,0.567755,0.592874,0.132717,0.106356,-0.039465,0.485917,0.14112,0.170099,-0.003378,0.333301,0.05682,0.217828,-0.426757,-0.089429,0.460806,-0.02513,0.24374,0.140555,0.400327,0.067798,-0.040911,0.120709,0.273584,0.103038,0.211222,0.068767,-0.005392,0.178934,0.156706,-0.024303,-0.012193,-0.070463,-0.16551,0.396235,0.653002,0.002647,0.235554,-0.078232,0.18758,0.209335,-0.158187,0.343571,0.313935,0.25303,0.149428,-0.222062,0.086978,-0.199828,-0.143382,-0.130551,-0.116863,-0.211472,0.35298,0.316549,-0.031609,-0.068243,0.413348,0.079446,-1.6e-05,0.130015,0.13431,0.127551,0.153674,0.406213,0.281361,0.084179,0.086891,0.312855,-0.063623,-0.385316,0.132721,-0.004548,-0.037827,0.24421,-0.280173,-0.299071,0.037956,0.2083,-0.405858,0.497785,0.066669,0.049274,0.031748,-0.145524,0.054023,0.01906,-0.382583,-0.312875,-0.380247,0.468513,-0.005863,0.135602,-0.027998,-0.213582,0.105879,-0.444873,-0.259172,0.377282,-0.480736,0.255754,-0.389626,0.128667,0.412261,-0.20094,#
3,-0.030566,-0.204122,0.376779,1.0,-0.144483,-0.107019,-0.146393,-0.230116,-0.054008,-0.222275,0.037184,0.092339,-0.306126,-0.114041,-0.40102,-0.154816,0.011718,0.15545,-0.193379,0.318781,0.249225,0.188413,-0.132096,0.334897,0.477283,0.454737,0.506387,0.165724,0.083205,-0.398967,0.276459,0.45287,0.124938,0.025976,0.089886,-0.157716,-0.175074,0.010205,-0.129572,-0.12905,-0.006523,-0.061534,-0.04416,0.106086,-0.086394,0.203455,-0.025404,0.085455,-0.233801,-0.158995,-0.327364,0.080721,0.170921,0.085724,-0.328346,0.049236,0.238586,0.045414,0.220619,0.364906,-0.266739,-0.249132,-0.00867,-0.232863,-0.000914,-0.31903,0.072434,0.141054,-0.045729,-0.028819,-0.138639,0.411852,0.065669,0.230748,-0.175423,-0.268115,0.114851,0.165243,-0.105421,-0.082368,0.31419,0.527305,0.215492,0.061186,0.164618,0.138473,0.42253,-0.042928,0.249841,-0.310736,0.286162,0.090075,0.326639,-0.023897,0.488464,0.324944,0.303724,0.319119,-0.333785,0.147391,-0.109124,0.330322,0.636563,0.037222,0.592101,0.228002,0.120025,0.112064,0.028173,0.035071,-0.079521,-0.372531,-0.037964,0.207676,0.382929,0.164491,-0.148725,0.030383,-0.143,0.414595,0.094471,0.20592,0.423673,0.05769,0.187548,0.262719,0.064526,-0.282187,0.41034,0.440848,0.059724,0.091119,0.214499,0.074018,0.293137,0.26575,0.129767,0.0462,0.078253,0.504182,0.063326,0.024461,0.156598,-0.006481,0.200379,0.104467,0.221052,-0.226365,0.301754,0.205189,0.149852,0.415116,0.195966,0.52709,0.152217,0.374426,-0.117647,-0.164994,0.141832,0.241906,-0.148082,0.34172,-0.323106,0.036371,-0.342266,-0.287069,0.408046,0.078129,0.220572,0.322739,-0.25871,-0.215776,0.290965,0.169838,-0.447155,0.435065,0.326918,-0.216091,-0.380202,0.303445,-0.329515,-0.15556,-0.060514,-0.042944,-0.207765,0.323901,-0.003616,0.273037,0.469354,-0.268233,0.374611,-0.181042,-0.287646,-0.219972,-0.553686,0.10513,-0.237326,0.107601,0.193531,-0.543694,#
4,0.122753,0.051877,-0.028302,-0.144483,1.0,0.070552,-0.025642,0.362016,-0.218284,-0.208392,0.21881,-0.296492,0.260293,-0.036144,-0.051163,-0.158752,0.03307,-0.130051,0.275075,-0.346911,-0.435034,-0.069001,0.282313,0.01896,0.274424,-0.010989,-0.391635,-0.077651,-0.281972,-0.144345,-0.092428,-0.314855,-0.130808,-0.125132,-0.268045,0.01365,-0.035839,-0.128771,0.119103,0.254887,0.003947,-0.390423,0.114121,0.244356,-0.097107,0.16632,-0.267669,0.098054,-0.126,-0.119444,0.31484,0.077086,0.02366,-0.137344,0.195829,0.081975,-0.145625,0.323337,0.11465,-0.232402,-0.011772,-0.10988,-0.36055,0.109115,-0.099833,0.363942,0.352781,-0.296836,0.279246,0.010266,0.017129,0.032593,-0.129937,0.060642,0.064635,0.36313,-0.117968,-0.354636,-0.166512,-0.24495,-0.116086,-0.102852,-0.02105,0.082153,-0.1986,-0.12215,0.131935,0.363482,-0.109836,-0.211515,-0.066147,-0.192021,0.03984,-0.289897,-0.311217,-0.172819,0.123649,-0.274142,0.225751,0.185667,0.059889,-0.158715,0.232309,-0.374788,-0.202746,0.032931,0.193695,-0.184792,-0.149141,-0.234938,0.009424,0.217071,0.34516,-0.192241,-0.160821,0.007991,-0.137492,0.157701,-0.046246,0.131502,-0.287189,-0.164405,0.277077,-0.145053,0.284854,0.145436,0.283356,0.010467,0.040507,0.116996,-0.185665,-0.056314,-0.00671,-0.104473,-0.267918,0.114613,-0.210571,-0.214853,-0.097691,0.052293,-0.205493,-0.18832,0.050999,0.199393,0.010541,-0.208854,-0.477823,0.339909,0.072634,-0.304683,-0.27039,-0.066633,-0.569903,-0.189748,-0.109766,-0.326177,-0.280782,-4.5e-05,-0.007043,0.022626,-0.071194,-0.153689,-0.416089,0.076788,0.432189,-0.205061,-0.204796,-0.052504,-0.141779,-0.057375,0.05969,-0.062653,-0.061743,-0.024705,0.450515,0.05647,0.282231,0.342483,0.082111,-0.0709,-0.076956,0.041013,0.226623,0.440479,0.212266,-0.327112,-0.056915,-0.471353,0.050027,0.061317,-0.01636,0.04334,0.46261,-0.037408,0.018387,0.134801,0.225447,0.024125,-0.339871,-0.047278,#
5,0.391815,0.091677,-0.260694,-0.107019,0.070552,1.0,0.334582,0.281149,-0.230721,0.122202,0.250634,-0.032262,0.234279,0.043427,0.285527,0.344919,0.439937,-0.034871,-0.036077,0.022769,-0.036925,0.320909,0.232446,0.076451,-0.422024,-0.206899,-0.045624,-0.322611,0.212113,-0.330639,0.026454,0.057969,0.13907,-0.081353,-0.221835,-0.06935,0.15852,0.098377,-0.126573,0.036105,-0.227381,0.292341,0.057841,0.018619,0.038234,-0.10629,-0.116843,0.175172,0.218246,-0.086371,0.122022,-0.051952,-0.018232,-0.091236,0.452725,0.303516,-0.25167,-0.142073,0.059272,-0.283084,0.483612,-0.033067,-0.221822,0.200464,-0.087211,0.508743,-0.03279,0.412611,0.192066,-0.084192,-0.091851,0.042661,-0.35039,-0.121466,-0.347796,0.31871,-0.305466,-0.180135,-0.134757,0.070816,0.068475,-0.196855,-0.088967,-0.252216,0.024111,-0.109985,0.023282,-0.255193,-0.128671,-0.466694,-0.403053,-0.163116,-0.148897,0.080492,-0.126033,-0.248848,-0.290747,-0.389873,-0.049698,0.028987,-0.001576,-0.1569,-0.2094,-0.268123,0.04568,-0.283203,-0.214119,-0.073125,-0.25757,-0.236412,-0.171688,-0.069998,-0.354385,-0.286457,-0.003722,-0.177064,-0.469867,-0.233738,0.111766,-0.200366,-0.218042,-0.376329,0.026527,-0.698067,-0.197424,0.040338,-0.294678,0.06447,-0.064613,-0.025123,-0.16301,-0.093175,-0.25295,0.064823,-0.2889,-0.040826,0.019175,-0.486757,-0.025561,-0.385839,-0.280416,-0.043186,-0.340873,0.184597,-0.048445,-0.138382,0.075629,0.268679,-0.092718,-0.195841,0.041939,-0.09394,-0.194315,0.017383,0.078597,-0.519902,-0.047915,0.225537,-0.286024,-0.066829,0.180784,-0.148897,-0.268279,0.261561,-0.026967,0.285055,0.107893,-0.127634,-0.055029,-0.004581,0.370211,-0.232386,-0.427867,0.047895,0.214,-0.424475,0.002893,-0.092019,0.059209,-0.169336,0.128165,-0.032805,-0.014156,0.171367,0.450407,-0.027579,0.043917,0.193405,-0.235555,-0.049743,0.121667,0.033739,0.405616,-0.252723,-8e-05,-0.038571,0.079801,-0.035645,-0.20893,0.000379,#
6,0.068309,0.198577,0.077824,-0.146393,-0.025642,0.334582,1.0,0.417519,0.215536,0.378715,0.147419,0.050099,0.357903,-0.200543,0.012466,-0.0155,0.109629,-0.109083,-0.074492,-0.254866,-0.314326,0.237525,-0.199214,-0.073603,-0.161874,-0.131584,0.303675,0.111478,0.351288,-0.091916,-0.424449,-0.07064,0.036116,-0.248759,0.131948,0.183052,-0.273046,0.240994,-0.052532,-0.164251,-0.027794,-0.070838,0.237999,-0.42915,-0.115901,-0.148423,-0.430398,-0.124839,0.200213,0.317046,0.065304,-0.080931,-0.033999,-0.156047,0.352205,0.038845,-0.018702,-0.376186,-0.243501,0.173568,0.391686,0.253773,0.043463,0.017194,0.02942,0.3157,0.227534,0.089956,0.403185,0.029816,0.329707,-0.330453,-0.306646,-0.209204,0.104949,0.222886,0.014838,-0.079536,-0.018144,-0.023592,-0.358994,-0.088909,-0.200292,-0.338567,0.103425,0.388911,-0.028299,-0.255785,0.1273,-0.179326,-0.335659,-0.048544,-0.086245,-0.156312,0.26433,-0.183518,0.284504,-0.099953,0.167819,-0.446221,0.145928,-0.093989,-0.246564,-0.010261,-0.410226,-0.003626,-0.291068,-0.211618,-0.193045,-0.127137,-0.405421,-0.02068,-0.173919,-0.399522,-0.234396,-0.289065,-0.017905,0.098079,-0.125981,0.092334,0.219979,-0.10803,0.143991,-0.237208,-0.272246,-0.24583,0.142915,0.324641,-0.143846,0.027494,-0.209616,-0.381214,-0.479776,0.301745,0.204085,0.213723,0.05461,-0.384863,-0.230032,-0.09671,0.160602,-0.212639,-0.263514,0.085889,0.07389,-0.158612,-0.107105,0.206126,0.031552,-0.131538,-0.00443,-0.14752,0.086902,-0.081045,-0.163836,-0.467751,-0.100343,0.070383,-0.04944,-0.017652,-0.269365,-0.075688,0.036816,0.316279,0.189877,0.14684,0.1658,0.378793,-0.204029,0.430444,0.488927,-0.116761,-0.161423,0.216433,0.470425,-0.068738,0.429502,0.139624,0.132175,-0.401634,0.372005,0.592818,0.192326,-0.279325,0.158123,-0.098725,-0.136585,0.32613,-0.276381,0.367269,-0.210506,-0.098009,0.289699,-0.002926,0.065669,0.014261,-0.180268,0.154433,-0.082769,0.101214,#
7,0.102513,0.167929,-0.011213,-0.230116,0.362016,0.281149,0.417519,1.0,0.021802,0.03771,0.172807,-0.291313,0.517214,0.320806,0.011545,0.102724,-0.021924,0.04929,0.204332,-0.066741,-0.115713,0.185904,-0.051414,0.213671,-0.090427,-0.111561,-0.220507,-0.114968,0.071912,0.17387,-0.13156,-0.198724,0.264529,0.081422,-0.194164,0.318331,0.084939,0.029804,0.007016,-0.003194,-0.133265,0.045189,0.083476,0.10932,-0.241096,-0.322149,-0.350756,-0.222176,0.318542,-0.040493,0.006285,0.272307,0.094428,-0.012579,0.253097,0.107804,-0.216095,-0.070864,-0.166652,0.007779,0.334644,0.208957,-0.173586,0.198828,-0.333119,0.445055,0.29369,0.156574,0.137415,0.174225,0.364635,-0.190981,-0.644643,-0.22844,0.093624,0.073192,-0.043407,-0.081251,0.134521,-0.210125,-0.060778,-0.128384,-0.174848,0.019911,-0.057718,0.16048,0.101428,0.062101,-0.045375,-0.160901,-0.287012,-0.087608,-0.228628,-0.036809,-0.319415,-0.012589,0.197408,-0.13751,0.266324,-0.437827,0.271343,-0.036803,0.046752,-0.348482,-0.131316,0.1703,-0.115771,-0.130415,-0.110774,-0.353737,-0.098128,0.317779,-0.096978,-0.186585,0.062748,-0.049916,0.086434,-0.181103,-0.007754,-0.130809,-0.284041,-0.444524,0.101428,-0.153332,-0.172873,-0.209995,0.017935,0.12814,-0.15936,0.124582,-0.091435,-0.168411,-0.202961,-0.036367,-0.222034,0.118525,0.223797,-0.190942,-0.1685,-0.134721,0.21972,0.150812,-0.227588,0.160154,0.021768,-0.171354,-0.176367,0.123637,-0.027853,-0.278061,-0.311016,-0.021063,-0.306422,-0.0756,-0.248817,-0.445522,0.12461,-0.125258,0.000566,0.082921,-0.124021,0.175356,-0.039888,0.046132,0.280834,0.023945,0.226566,-0.11737,-0.122784,0.306955,0.025268,-0.200844,-0.291673,0.106828,0.291286,-0.173429,0.48632,0.080863,0.205647,-0.367817,0.304623,0.437255,0.062847,-0.080151,0.33646,0.054079,0.081077,-0.152517,-0.12544,0.454591,-0.188016,-0.231222,0.494145,-0.196725,-0.278392,-0.265217,0.149896,0.005015,0.053434,-0.240494,#
8,-0.422967,0.135315,0.390875,-0.054008,-0.218284,-0.230721,0.215536,0.021802,1.0,0.369848,-0.357025,0.126539,-0.064747,0.189453,0.208444,-0.00489,-0.361166,0.616781,0.081072,0.060314,-0.212506,0.232417,0.01233,0.150968,0.223394,0.311754,0.37072,0.403047,0.112271,0.167525,-0.055827,-0.135534,-0.023378,-0.201897,0.215904,-0.008057,-0.003121,-0.051476,0.239944,-0.453543,0.201235,-0.184787,0.148143,-0.09961,0.282942,-0.286813,-0.418842,0.158976,0.354014,0.311719,0.033308,-0.265957,-0.013781,0.016049,-0.182959,0.385454,0.151328,-0.634334,-0.15337,0.229941,-0.128438,-0.145926,-0.001954,0.038139,0.223289,0.117944,0.28973,0.012034,-0.083331,0.548235,0.235917,0.130841,0.139743,0.082893,0.277678,-0.09718,0.114727,-0.106284,0.359609,-0.040758,0.112576,0.108853,-0.279955,0.079483,0.207191,0.315242,0.060062,-0.12849,0.089209,0.221929,0.401283,0.350421,-0.03458,0.455613,0.311272,0.164219,0.44771,-0.044076,0.041121,-0.199118,0.11791,0.486769,-0.064921,0.397308,-0.362101,0.117653,0.139924,-0.049145,0.142838,-0.046364,0.167807,-0.20047,0.197337,-0.296126,0.165391,0.132854,0.155999,0.031047,0.377734,-0.189261,0.306979,-0.147562,0.035036,0.155999,-0.122815,-0.105269,0.211769,-0.053094,-0.345075,-0.291834,0.20088,0.221591,-0.149016,0.104582,0.280669,0.067993,0.189315,0.061116,-0.237323,-0.045837,0.247856,-0.139559,-0.023009,-0.272451,-0.306085,-0.259849,0.057732,0.032332,0.284189,-0.014582,0.125231,0.073114,0.288286,-0.11062,0.105401,0.133162,0.479053,0.321116,0.042471,0.164406,-0.004464,0.331159,0.241542,-0.050433,0.220789,0.068697,0.063516,0.108214,-0.220562,0.373663,-0.062372,0.180693,0.246542,0.407904,0.039223,0.282779,0.030824,-0.021481,0.387568,-0.412186,0.41268,0.12393,-0.372703,-0.441578,-0.238188,0.072724,0.015766,0.290002,-0.362699,-0.014465,-0.277067,-0.366068,-0.139461,0.352619,-0.158166,0.016555,0.101135,0.011634,0.162515,0.240168,#
9,0.014516,0.457668,0.061304,-0.222275,-0.208392,0.122202,0.378715,0.03771,0.369848,1.0,-0.515971,0.272644,0.454895,0.52767,0.513815,0.185913,-0.033034,0.306173,0.193233,-0.094714,-0.37772,0.247416,0.345569,-0.01468,-0.113189,-0.339474,0.327058,0.187122,0.120522,0.484271,-0.19564,0.211919,0.316832,-0.209783,-0.285425,0.549548,-0.023513,-0.241385,-0.098977,-0.232282,0.134878,0.203623,0.119823,-0.069458,0.287622,-0.424287,0.016155,0.123515,0.15488,0.525171,0.028668,-0.139842,0.127389,-0.359196,0.198382,-0.137839,0.133245,-0.624077,-0.0672,0.014541,0.414369,0.37852,-0.2177,-0.175973,0.174472,0.17048,-0.222002,0.428397,-0.100094,0.041065,0.083415,0.078196,-0.16863,-0.388421,-0.033883,0.331278,-0.053619,-0.289361,-0.122157,-0.205124,-0.046858,-0.529999,-0.60579,-0.068799,-0.277462,-0.029086,-0.437197,-0.141482,0.098388,-0.284908,-0.116453,-0.129469,-0.371544,0.296244,0.08889,-0.144577,-0.119041,-0.050756,0.021162,-0.38316,-0.056493,-0.024529,-0.244478,0.051347,-0.171936,-0.195058,-0.502973,-0.164538,-0.221713,-0.415549,0.011442,0.357844,-0.168176,-0.291282,-0.267535,-0.559721,-0.417211,-0.157278,0.372166,-0.532833,0.117578,-0.326242,-0.128164,-0.417211,-0.479244,-0.352658,0.022754,0.308241,-0.277268,-0.303604,-0.129475,0.218649,-0.486655,-0.245198,-0.226399,-0.485427,0.195867,-0.271782,0.061164,-0.37709,-0.079422,-0.241479,-0.53501,-0.355437,-0.155872,0.082174,-0.132686,0.221342,-0.37966,-0.395352,-0.344486,-0.588401,0.12032,-0.426801,-0.063989,-0.362888,0.20568,0.475687,-0.404907,-0.185672,0.073685,-0.348222,0.178111,0.41474,0.438348,0.548419,-0.423636,0.210736,-0.584119,0.045162,-0.086183,0.131991,-0.298561,0.19771,0.34892,-0.254071,-0.286071,0.411895,0.665027,-0.683923,0.32956,0.108437,-0.385644,-0.294218,0.259284,-0.19556,0.329422,0.103719,-0.613373,0.130778,0.015573,-0.04909,0.349027,0.661438,-0.080213,0.000209,-0.077122,7.9e-05,0.337852,0.230919,#
10,0.146857,-0.271297,-0.247217,0.037184,0.21881,0.250634,0.147419,0.172807,-0.357025,-0.515971,1.0,-0.43765,0.094188,-0.509836,-0.188779,0.017245,0.046081,-0.474784,-0.054528,-0.063747,0.042453,-0.069262,-0.155443,0.026239,-0.254636,-0.004263,-0.238661,-0.063627,0.066794,-0.478986,0.224419,-0.158132,-0.463461,-0.176047,0.280244,-0.539338,0.035749,0.41223,0.0803,0.238374,-0.138572,-0.271977,0.114837,-0.146504,-0.097388,0.224883,-0.141501,-0.00166,0.027679,-0.307146,-0.019883,0.306228,0.081819,0.196568,0.236595,0.207361,-0.402817,0.310889,0.105315,-0.010729,-0.024509,-0.100412,0.033578,0.043616,0.055942,-0.026889,0.049979,-0.236827,0.509964,-0.049736,0.283044,-0.113372,-0.129937,0.032896,-0.272403,0.170456,0.040691,0.272472,0.119828,-0.122114,0.180212,0.205207,0.109597,0.047293,-0.024048,0.035912,0.43746,-0.152196,0.040367,-0.053983,-0.066147,-0.042185,0.190656,-0.154089,-0.137168,0.113257,-0.06079,-0.280274,0.179701,0.031497,-0.107003,-0.339319,0.232309,-0.227759,0.128566,-0.124461,0.02631,0.015806,0.042275,0.197666,-0.249412,-0.350369,-0.390367,-0.059914,0.145025,0.021489,0.041031,-0.020484,-0.229726,0.313896,-0.128119,0.123954,0.131935,0.03347,-0.030167,0.320963,0.131026,0.190358,0.051749,0.11013,-0.057998,-0.069349,0.110364,0.20883,0.225203,0.284811,-0.193564,-0.081735,-0.213298,0.196035,0.096423,0.363654,0.025492,0.138959,0.473902,0.029683,-0.069486,0.166769,0.219934,0.020093,0.399521,0.252348,0.024583,0.117577,0.027385,-0.172007,-0.374224,-0.341036,-0.027305,0.004872,-0.196458,0.183853,-0.215403,0.034704,-0.005958,-0.209154,0.271396,0.114954,0.03205,0.110868,0.42799,-0.224416,0.280308,-0.039471,-0.01197,-0.118416,0.291628,-0.142461,-0.398685,0.393292,-0.059363,0.218911,0.381218,0.286812,0.06571,-0.119951,-0.20613,-0.296467,0.184763,0.215198,-0.321159,0.039139,0.15378,-0.667761,0.33199,-0.015858,0.066943,0.192494,-0.360057,-0.081137,#
11,-0.079537,0.114233,-0.118084,0.092339,-0.296492,-0.032262,0.050099,-0.291313,0.126539,0.272644,-0.43765,1.0,0.136961,0.139294,0.116923,-0.276625,0.321826,0.082284,0.217743,-0.216086,-0.025317,-0.111241,-0.03623,-0.04388,0.037466,0.019198,0.051204,0.239651,-0.239188,-0.049262,-0.20674,0.03046,-0.004428,-0.0846,-0.045921,0.30821,-0.129527,-0.171326,-0.081989,-0.112247,-0.060914,0.362112,0.075325,-0.261745,-0.134981,0.176975,0.062908,0.063059,-0.001847,0.196135,-0.1513,-0.037508,-0.08546,0.204405,-0.108379,0.010825,0.019251,-0.159152,0.044728,0.109596,-0.083683,-0.030045,0.267542,-0.115042,0.042776,-0.040527,-0.021657,-0.129336,-0.021971,-0.321309,-0.090898,-0.366441,0.017146,0.039306,-0.074099,0.026889,-0.242696,-0.071747,-0.129563,0.063868,-0.229228,0.078448,-0.080785,-0.508743,0.114607,-0.215777,-0.315053,0.318834,-0.313424,0.088953,-0.154792,-0.149268,-0.204231,-0.045816,-0.008547,-0.21376,-0.067295,0.069663,-0.283058,-0.033759,0.343028,0.143011,-0.224033,0.074652,-0.101372,0.224546,-0.146982,0.137752,0.10913,0.062656,-0.129455,-0.082636,0.086044,-0.113387,-0.168351,-0.192971,0.125392,0.046832,0.035618,-0.00933,0.336094,-0.205406,-0.172017,-0.085271,0.110911,-0.408498,0.073715,0.136003,0.233932,-0.146125,-0.148614,0.07679,-0.46664,0.382889,0.118651,-0.1491,0.074248,-0.093579,-0.081254,0.087856,-0.250724,-0.236297,-0.203539,0.032137,-0.116315,0.261476,-0.193539,-0.087537,-0.221908,-0.225119,-0.294041,0.050163,-0.076296,0.123741,-0.045181,0.162719,0.025561,0.475084,-0.060535,-0.251033,-0.03956,-0.187069,0.329436,0.110641,-0.083557,0.236803,-0.063725,-0.001181,0.134453,0.089552,-0.03077,0.479632,-0.151793,-0.114827,0.005833,-0.235132,-0.232876,0.157198,-0.071908,-0.072937,-0.098604,-0.088891,0.002178,-0.220244,0.108368,0.137752,-0.02819,0.515732,0.139019,0.009823,0.257053,0.487454,0.01028,0.295797,0.041655,-0.176185,0.261533,-0.296355,-0.003974,0.25153,#
12,0.361491,0.27414,-0.257929,-0.306126,0.260293,0.234279,0.357903,0.517214,-0.064747,0.454895,0.094188,0.136961,1.0,0.396498,0.281273,-0.050371,0.059829,-0.173459,0.4641,-0.135398,-0.225993,0.132726,0.214241,-0.113402,-0.408141,-0.55538,-0.213727,-0.121431,0.019851,0.223353,0.057017,0.016379,0.149927,-0.251505,-0.209486,0.350614,0.202917,-0.205022,-0.256389,-0.191151,0.125112,0.282917,0.318967,-0.048347,-0.175688,-0.349219,-0.124067,-0.073085,0.253968,0.134035,-0.227298,0.362924,0.351237,-0.026639,0.46204,0.214564,-0.269335,-0.288312,0.091213,-0.023697,0.530516,0.28125,-0.210865,0.068456,0.129268,0.268418,-0.020138,0.0981,0.255273,-0.15556,0.343663,-0.219059,-0.580875,-0.478329,-0.156025,0.585029,-0.103664,-0.000967,0.054164,-0.45257,-0.121368,-0.368087,-0.44844,-0.333435,-0.314222,-0.078637,-0.13556,0.031611,-0.309646,-0.271002,-0.411667,-0.491466,-0.509209,-0.097363,-0.343606,-0.272833,-0.066173,-0.211421,0.209635,-0.356842,0.038474,-0.166206,-0.006659,-0.266375,-0.17099,-0.099993,-0.378762,-0.271047,-0.064588,-0.411759,0.003043,0.350105,-0.339361,-0.29539,-0.191696,-0.536844,-0.267856,-0.227159,-0.071573,-0.366296,-0.028897,-0.51257,-0.13556,-0.49552,-0.18405,-0.226752,0.081409,0.620172,-0.15855,-0.019551,-0.163135,0.073933,-0.438856,0.05445,-0.271381,-0.213475,0.017628,-0.300649,-0.165909,-0.201259,-0.073788,0.158377,-0.334902,-0.094211,0.145708,0.248411,-0.558081,0.292278,-0.267924,-0.764947,-0.353931,-0.271633,-0.19413,-0.3312,-0.121859,-0.371456,0.162372,0.204782,-0.269535,-0.45998,0.07111,-0.311933,-0.000574,0.267637,0.462541,0.282065,-0.244045,0.144741,-0.455946,0.190432,-0.010564,0.273803,-0.230807,0.253872,0.404732,-0.409569,0.024024,0.279643,0.231986,-0.345983,0.319144,0.338523,0.153003,0.18666,0.272179,-0.21673,0.338478,-0.19468,-0.232925,0.520732,-0.198137,0.039075,0.598873,0.083543,0.010661,-0.215347,0.266754,-0.029328,-0.101215,0.189996,#
13,0.213395,0.250453,-0.022068,-0.114041,-0.036144,0.043427,-0.200543,0.320806,0.189453,0.52767,-0.509836,0.139294,0.396498,1.0,0.361593,0.280024,-0.144862,0.291844,0.40045,-0.078562,-0.025187,0.194632,0.485822,0.243486,-0.039435,-0.14446,0.050071,-0.010102,0.028784,0.552356,0.058041,0.117477,0.508065,-0.111921,-0.347164,0.469434,0.350773,-0.589532,-0.044355,-0.307892,0.047218,0.37744,0.235373,0.423613,-0.002956,-0.377255,0.112179,-0.096495,-0.051136,0.187923,-0.041506,0.118384,0.245614,-0.067915,0.094862,0.084214,-0.046174,-0.343919,0.009664,0.075238,0.340549,0.335793,-0.224679,-0.03522,-0.137828,0.24559,-0.187034,0.479465,-0.577396,-0.040882,-0.205265,0.169727,-0.443914,-0.230864,-0.223941,0.197665,-0.280863,-0.283884,-0.164065,-0.206865,0.068878,-0.40334,-0.409359,0.095327,-0.268745,-0.255762,-0.323399,0.155382,-0.061782,-0.259802,-0.048551,-0.169151,-0.490502,0.24643,-0.228831,-0.157171,-0.221318,-0.076594,-0.139732,-0.167986,0.22,0.032929,-0.156765,-0.237502,0.102854,-0.045893,-0.169188,0.121168,0.051852,-0.437328,0.136851,0.46901,-0.097409,-0.256359,0.187147,-0.15814,-0.332534,-0.407153,0.308547,-0.567538,-0.334643,-0.443548,-0.005093,-0.332534,-0.317279,-0.30874,-0.098323,-0.083697,-0.284293,-0.226713,-0.011072,0.261451,-0.221095,-0.39562,-0.615683,-0.596461,0.344034,-0.075348,0.090092,-0.403916,-0.042255,0.007386,-0.318502,-0.25302,-0.388402,0.03015,0.024898,0.136454,-0.442159,-0.521349,-0.425669,-0.306472,-0.223683,-0.25961,0.05457,-0.13338,0.409178,0.307667,-0.141096,-0.099622,0.217732,-0.128496,0.11131,-0.091275,0.28577,0.270104,-0.39244,-0.096365,-0.317916,-0.097724,-0.345851,0.160522,-0.405843,0.095072,-0.008013,-0.161834,-0.27717,0.184914,0.551032,-0.458596,0.246545,-0.07466,-0.346457,-0.102684,0.407861,0.124357,0.415462,-0.150809,-0.290373,0.180053,0.052238,0.020829,0.341376,0.330785,-0.382641,-0.239872,0.219411,-0.369716,0.283691,0.081909,#
14,0.209475,0.43368,-0.149697,-0.40102,-0.051163,0.285527,0.012466,0.011545,0.208444,0.513815,-0.188779,0.116923,0.281273,0.361593,1.0,0.181421,-0.213571,0.297295,0.366335,-0.099935,-0.187209,0.401236,0.180176,0.027096,-0.116451,-0.173527,-0.159839,0.077179,-0.235009,0.161069,-0.013998,-0.098265,-0.037723,-0.016495,-0.377609,0.147734,0.01344,-0.06491,0.244131,-0.23374,0.0106,0.340191,-0.065016,0.178485,0.465864,-0.177259,0.139174,0.309471,0.353641,-0.08073,0.194435,-0.204656,-0.176044,-0.270997,0.250111,-0.04918,-0.097231,-0.289947,-0.148385,-0.198663,0.430381,0.108213,-0.296271,0.219141,0.0645,0.094303,-0.36788,0.152297,0.030514,0.082358,0.180431,0.066887,0.135229,-0.370811,-0.349531,0.148536,-0.042439,-0.114033,-0.123249,-0.216384,0.114776,-0.686243,-0.434878,0.009155,-0.287878,-0.047293,-0.129591,-0.153552,-0.216856,-0.110527,-0.096088,-0.142893,-0.189372,0.454921,-0.306019,-0.128381,-0.308048,-0.212061,0.002048,0.118729,0.108207,-0.194039,-0.250289,-0.105209,-0.179059,-0.361891,-0.362121,0.136882,-0.39189,-0.392094,0.164176,0.352426,-0.366402,-0.271992,-0.18773,-0.207886,-0.220675,-0.332088,0.527963,-0.521361,-0.036206,-0.314144,-0.315763,-0.220675,-0.338622,-0.36359,0.027727,0.374019,-0.221938,-0.115654,0.023541,0.209078,-0.496915,-0.250166,-0.38543,-0.298131,0.192101,-0.096408,0.063594,-0.52992,-0.262576,0.013369,-0.359778,-0.245845,-0.320976,0.07304,-0.135062,0.209121,-0.379956,-0.21212,-0.433981,-0.596411,-0.034939,-0.436412,0.114466,-0.530363,0.256035,0.264539,-0.42175,-0.390029,0.153344,-0.189372,0.416735,0.315474,0.196818,0.551164,-0.432676,0.067465,-0.39189,-0.283906,0.095926,0.124974,-0.277035,0.188615,0.35588,-0.238754,-0.45075,0.257796,0.512233,-0.342485,0.507706,-0.203114,-0.371937,0.03734,0.442232,-0.277934,0.199026,-0.06958,-0.595513,0.146518,-0.000786,0.128743,0.528716,0.360184,0.17914,0.002858,0.282473,-0.213707,0.235805,0.233096,#
15,0.08735,0.045132,-0.224685,-0.154816,-0.158752,0.344919,-0.0155,0.102724,-0.00489,0.185913,0.017245,-0.276625,-0.050371,0.280024,0.181421,1.0,0.022542,0.097568,0.07363,0.038078,0.105858,-0.196698,0.28602,0.041049,-0.350258,0.133048,0.11712,0.042043,0.138818,0.251851,0.288477,0.050413,0.31284,0.102991,0.076336,-0.092147,0.232373,0.026795,0.130563,0.252638,0.145892,0.192575,-0.325164,0.243883,0.308196,-0.069838,0.124317,-0.10374,-0.097361,0.059944,0.383683,0.12087,-0.076062,-0.155146,0.286324,-0.072301,-0.048798,-0.132068,-0.337078,-0.01398,0.319848,0.103848,-0.191878,0.145027,-0.007759,0.295532,-0.241402,0.26171,-0.248381,0.102081,-0.2172,0.09747,-0.203833,0.189865,-0.064506,-0.026453,-0.146892,-0.115844,-0.118035,0.186372,0.238431,-0.069698,0.159876,0.433301,0.064479,-0.149045,-0.103159,-0.090048,0.008618,-0.234741,0.082412,0.25309,0.013667,0.231451,0.04322,0.166723,-0.306945,-0.451589,-0.006255,-0.179401,-0.078906,-0.171417,-0.258038,-0.032273,0.095562,-0.360291,-0.070223,0.271163,0.128092,0.114754,-0.163885,0.131322,-0.11143,-0.029765,0.203753,0.19189,-0.103974,-0.415783,0.190623,-0.135376,-0.277687,0.040266,0.089782,-0.103974,-0.313851,0.211399,-0.042601,-0.010895,-0.476939,-0.147028,-0.127795,0.163361,-0.029808,-0.183442,-0.357675,-0.148679,0.021215,-0.027229,-0.052837,-0.452527,0.16766,0.109861,0.021913,0.072899,-0.027056,-0.261279,0.44606,0.118473,-0.155621,-0.186271,0.183349,-0.093569,0.110341,0.064479,0.041878,-0.179401,0.164554,0.064986,-0.249333,0.120112,0.209729,0.013667,-0.006324,-0.046234,-0.249929,-0.000639,-0.032255,-0.022684,0.107311,-0.117836,0.153133,-0.27322,-0.132018,-0.333917,-0.091986,-0.051858,-0.115844,0.108033,0.175713,-0.242551,0.05688,0.14432,-0.241088,0.075368,0.446438,-0.012618,0.323684,-0.051858,-0.499497,-0.050296,-0.132888,-0.166185,0.099605,-0.015768,-0.223159,-0.149416,0.060031,-0.006261,0.003541,0.064867,#
16,0.097253,-0.21887,-0.434189,0.011718,0.03307,0.439937,0.109629,-0.021924,-0.361166,-0.033034,0.046081,0.321826,0.059829,-0.144862,-0.213571,0.022542,1.0,-0.247476,0.123407,-0.057571,-0.029352,-0.123304,-0.112745,-0.31316,-0.245988,-0.18754,-0.103429,-0.253604,0.069569,-0.141225,-0.092517,0.071553,0.134173,0.217769,-0.074018,0.197302,-0.058345,0.170639,-0.337042,0.160881,-0.15669,0.046072,-0.009945,0.055243,-0.223736,0.094518,-0.067141,0.006125,-0.10437,0.127168,-0.111374,0.247152,0.027527,-0.036762,0.05745,-0.03987,0.007509,0.38281,0.308499,-0.13866,0.041988,0.015767,0.321353,-0.097922,-0.1329,0.222814,-0.042037,0.074965,0.114012,-0.360991,-0.198369,-0.18539,-0.248166,0.053962,0.101657,0.233443,-0.168941,-0.085071,0.059217,0.212249,-0.170388,0.118576,0.047832,-0.293253,0.117134,-0.164571,-0.109116,0.294079,-0.149067,-0.337288,-0.24481,0.076259,0.09541,-0.175894,-0.047027,-0.171571,-0.366144,-0.247322,-0.159957,-0.060007,0.041854,-0.092498,-0.100477,-0.14048,0.228786,0.04729,0.169203,-0.226641,0.025492,0.070782,-0.255684,-0.016805,0.026218,0.018043,-0.19081,-0.085151,-0.184941,0.103619,-0.273048,0.10087,-0.004157,-0.03294,0.082904,-0.383413,0.063644,0.070286,-0.335609,-0.223684,0.250467,-0.212217,-0.452225,-0.138514,-0.024376,0.447928,0.00453,-0.028088,-0.097145,-0.512183,0.155419,-0.071117,-0.32566,0.072086,-0.071696,0.371371,0.294571,-0.093153,-0.098405,0.018761,-0.182796,-0.151681,0.073099,0.096727,-0.217163,0.117134,-0.170488,-0.067292,-0.188678,0.195461,-0.153783,0.018121,-0.064099,-0.100649,-0.122432,0.043803,0.082391,0.199938,0.215357,-0.187506,0.241937,-0.064773,0.056166,0.288707,-0.243161,-0.192939,0.206997,-0.491589,-0.075584,-0.0307,-0.229801,0.134824,-0.474875,-0.111357,0.366942,0.136491,0.166879,0.082131,0.136943,0.25746,0.206218,-0.221681,0.247466,0.265629,0.213851,-0.196336,0.07231,-0.005803,0.156312,0.082391,-0.425335,-0.112663,#
17,-0.491337,0.205861,0.43182,0.15545,-0.130051,-0.034871,-0.109083,0.04929,0.616781,0.306173,-0.474784,0.082284,-0.173459,0.291844,0.297295,0.097568,-0.247476,1.0,0.012885,0.449354,-0.12485,0.144569,0.095224,0.257507,0.191898,0.224064,0.230682,0.267048,-0.214549,0.14407,0.016019,-0.043207,0.095055,0.099506,-0.189359,0.150724,0.065746,-0.217712,0.136378,-0.096049,-0.023095,0.05805,-0.246881,0.057294,0.245498,-0.349681,-0.01697,0.417048,0.480378,-0.017572,-0.122749,-0.205687,-0.044488,0.034777,-0.166332,0.089519,0.182065,-0.428175,-0.320484,-0.188836,-0.155146,-0.425317,-0.128989,0.194951,-0.023505,0.237045,0.05854,0.239549,-0.082362,0.485923,0.19235,0.200688,0.109084,0.014477,0.341336,-0.283956,0.176094,-0.196909,0.30716,-0.121461,0.366366,-0.001872,-0.198194,0.181176,0.11045,0.186612,0.091065,-0.072882,0.020951,0.149214,0.37562,0.260055,0.057362,0.707748,-0.045652,0.266851,0.483861,0.190352,0.083435,-0.07793,-0.031064,0.461807,0.156432,0.317914,-0.109914,0.196548,-0.086481,0.081466,-0.0706,-0.301054,0.357435,0.14311,0.23997,-0.023748,0.238935,0.217786,0.082205,-0.108606,0.622963,-0.453422,0.216489,-0.385557,-0.09077,0.082205,0.111201,-0.068458,-0.169563,-0.081083,0.024089,-0.010588,0.288438,0.200695,-0.0861,-0.274141,0.164839,-0.023237,0.169359,0.165373,0.02651,0.004331,0.162645,-0.126734,-0.246097,-0.495552,-0.257589,-0.193861,0.197027,-0.103234,0.320722,0.083766,-0.182995,-0.044764,0.212499,-0.045068,0.038773,-0.050562,0.345753,0.41068,0.053635,0.280698,0.195806,0.413189,0.010753,0.246886,0.10419,0.179942,0.146254,-0.290876,-0.105867,0.283208,-0.399672,-0.231013,0.020419,0.116132,-0.055656,0.321371,-0.066379,-0.070332,0.329667,-0.363431,0.179025,-0.157489,-0.614461,-0.347544,-0.012303,0.161092,0.128927,0.339031,-0.342177,-0.243122,0.343362,-0.421905,-0.05051,0.294298,-0.554205,-0.014829,0.020213,0.061861,0.421401,-0.112297,#
18,0.232201,-0.086447,-0.312982,-0.193379,0.275075,-0.036077,-0.074492,0.204332,0.081072,0.193233,-0.054528,0.217743,0.4641,0.40045,0.366335,0.07363,0.123407,0.012885,1.0,-0.27819,-0.017443,0.003163,0.042838,-0.222043,0.008828,-0.048431,-0.206797,0.316428,-0.177745,0.345811,-0.049382,-0.177671,-0.063122,0.041761,-0.082301,0.066495,0.096271,-0.079783,-0.057351,-0.242693,0.282188,0.28001,0.167019,0.441187,-0.039458,-0.041182,-0.063955,-0.066224,0.01679,-0.002787,-0.008617,0.269152,0.175262,-0.097263,0.417631,0.166037,-0.294645,0.11806,0.103301,-0.042573,0.081384,0.194329,0.154833,0.453156,-0.061358,0.172777,-0.201359,-0.029964,-0.234118,-0.204574,0.188964,-0.208977,-0.383681,0.034323,-0.049839,0.228304,0.061939,-0.003505,0.077897,-0.372534,-0.161785,-0.273905,-0.271127,-0.016343,-0.175205,-0.204072,-0.254549,0.367707,-0.143495,-0.063863,0.002352,-0.208971,-0.141498,0.068673,-0.339612,-0.02944,-0.159584,-0.412893,-0.177714,-0.107333,0.259885,-0.158989,-0.086787,-0.29769,-0.080628,0.058361,-0.162875,0.003869,0.244449,-0.141088,-0.165518,0.292832,-0.105057,-0.252203,-0.150648,-0.013417,0.015812,-0.239553,-0.122617,-0.050437,-0.144146,-0.184055,-0.09087,-0.248806,-0.030313,-0.191909,0.170128,0.099248,-0.170924,-0.088529,-0.365744,-0.026359,-0.400748,0.087143,-0.31455,-0.166317,0.161959,-0.281107,-0.087969,-0.261055,-0.450436,0.002366,-0.170719,-0.040901,-0.080122,-0.016122,-0.248869,0.013055,-0.370067,-0.629624,-0.405825,-0.197189,-0.362942,-0.344554,0.217056,-0.388105,0.199166,0.302993,-0.305031,-0.500713,-0.16759,-0.159137,0.207573,-0.067167,0.364887,0.010274,-0.247396,0.053499,0.019659,-0.098696,-0.100115,0.573164,-0.179311,0.118295,0.405037,-0.107621,0.044752,0.32389,0.340641,-0.150333,0.091673,0.170825,0.171618,0.056568,0.485773,-0.153334,0.291441,-0.078387,-0.157078,0.298933,-0.120181,0.120613,0.68939,-0.053512,-0.086002,-0.112999,0.673898,-0.192985,-0.304204,0.259018,#
19,-0.273763,0.018217,0.228682,0.318781,-0.346911,0.022769,-0.254866,-0.066741,0.060314,-0.094714,-0.063747,-0.216086,-0.135398,-0.078562,-0.099935,0.038078,-0.057571,0.449354,-0.27819,1.0,0.414842,0.089833,-0.063789,0.05667,-0.189361,-0.074667,0.07113,-0.282839,0.010974,-0.072958,0.406772,0.412312,0.120195,0.443899,-0.055445,-0.098885,0.261784,0.121209,-0.372071,0.007766,0.116676,0.231756,-0.403678,0.058936,0.214003,-0.435287,0.257813,0.184102,0.436623,-0.342011,-0.446933,-0.000955,0.305411,-0.079565,-0.270989,0.135948,0.07801,-0.110783,0.084946,-0.275615,-0.114912,-0.326715,0.042862,0.095378,0.180718,-0.058945,-0.221948,0.165911,0.032751,0.302083,0.171865,0.322986,0.19483,-0.057395,0.288352,-0.373219,0.330698,0.3434,0.592603,0.112804,0.341263,0.2841,0.14079,0.072597,0.345236,0.165734,0.228159,-0.39171,0.115525,0.144339,0.169139,0.241875,0.064292,0.340315,0.05096,0.38277,0.339247,0.456984,0.184876,0.111922,-0.536047,0.274402,0.388767,0.320376,0.332779,0.117548,-0.0399,-0.125672,0.062901,-0.209409,0.466322,-0.113914,-0.065226,0.492178,0.224249,0.061682,0.042919,-0.083317,0.103856,-0.253588,0.25475,0.004243,-0.258394,0.042919,0.047361,0.339232,-0.308309,0.084515,0.245753,0.335734,0.402959,0.217466,0.443885,-0.155199,0.32125,0.14927,0.061604,0.139666,0.062222,0.113945,0.14079,0.339827,0.081887,-0.367703,0.271853,0.297933,0.314489,-0.42953,0.480648,0.242087,0.1879,0.26052,0.459875,0.335926,0.011263,0.27406,0.395041,-0.174271,0.154742,0.040249,0.31162,0.412123,-0.139353,0.144018,-0.206981,0.026645,0.50119,-0.276996,0.228757,0.183294,-0.526641,-0.208881,0.164562,0.181024,-0.391899,0.172513,0.01079,-0.518477,-0.226425,0.076854,-0.085631,-0.219365,-0.378047,-0.120027,-0.511512,0.189078,0.369137,0.190118,0.029097,-0.235744,0.271105,-0.597982,-0.393238,-0.092168,-0.377443,0.015444,-0.14663,0.401932,0.400185,-0.435625,#
20,0.270753,-0.239871,0.168488,0.249225,-0.435034,-0.036925,-0.314326,-0.115713,-0.212506,-0.37772,0.042453,-0.025317,-0.225993,-0.025187,-0.187209,0.105858,-0.029352,-0.12485,-0.017443,0.414842,1.0,-0.013846,-0.337948,-0.203857,-0.143886,0.011109,-0.020372,-0.14434,0.117753,0.118552,0.299139,0.317668,-0.025842,0.488078,0.025743,-0.276375,0.123366,0.165414,-0.125124,-0.145385,0.353689,0.455847,-0.215466,0.257185,-0.132396,-0.14877,0.16002,-0.077841,0.054831,-0.456166,-0.324637,0.092767,0.386141,0.076905,-0.085236,0.020581,-0.241914,0.164811,-0.016629,0.107771,-0.122117,0.19863,0.46069,0.130739,-0.062143,-0.278414,-0.313905,0.062284,-0.313961,-0.164443,0.045291,0.110349,0.019616,0.34737,-0.105723,-0.431508,-0.070681,0.419914,0.142303,0.348212,0.072008,0.211483,0.399255,-0.033471,0.107965,-0.2322,0.001661,0.033004,0.178868,0.054385,0.020881,-0.002915,0.150052,-0.091599,0.17733,0.285037,-0.094425,0.386652,-0.117958,0.182066,-0.048913,0.124082,-0.039588,0.050172,0.439268,0.03657,0.015196,0.340156,0.087668,0.339863,0.119996,-0.079697,-0.30166,0.559907,0.318332,0.328219,0.118649,-0.142667,-0.163209,0.181533,0.00337,0.276879,-0.322971,0.118649,-0.049093,0.018827,-0.277727,-0.014858,-0.162601,0.425241,0.322667,-0.119646,0.370279,0.047915,-0.081648,0.233214,0.077654,0.213814,0.188866,0.040853,-0.135257,0.174589,0.310784,0.115345,0.181292,0.100234,0.212425,-0.700565,0.084035,0.289359,0.1038,0.187908,0.202769,0.255296,0.081823,0.304358,0.388774,-0.259329,0.11071,-0.093119,0.207379,0.132751,0.293139,-0.188323,-0.556212,-0.464792,0.233277,-0.2328,0.500821,-0.07906,-0.236351,0.054976,0.014955,0.06678,-0.676157,0.137512,-0.069276,-0.484723,-0.374017,0.518999,-0.05494,0.02304,-0.166365,-0.071781,-0.245633,0.630542,0.287957,0.130515,0.322074,-0.03597,-0.077699,-0.231099,-0.336528,-0.22558,-0.214129,-0.097065,0.084973,0.096451,0.127499,-0.25029,#
