0,1.0,0.203654,0.179819,-0.209673,0.550174,-0.23924,0.27123,-0.211387,0.375496,0.166117,-0.278018,0.281457,0.552056,-0.163923,-0.226159,-0.180856,0.021505,0.183508,0.064276,-0.186293,-0.349667,-0.177147,0.331879,-0.311607,-0.118921,-0.312929,-0.373131,-0.316664,0.081141,0.085484,-0.394827,-0.239506,-0.229845,0.06536,-0.391887,0.242999,0.351617,-0.075506,0.167856,-0.186997,0.388107,-0.093239,-0.19109,-0.326803,-0.168894,-0.063998,0.360723,0.327467,-0.05208,0.365758,0.235444,-0.267004,-0.01178,0.142574,0.046036,-0.08573,-0.414425,0.272008,-0.284532,-0.062104,0.205435,-0.29356,-0.113204,-0.366516,-0.096502,0.234475,-0.028924,0.132444,0.40593,-0.206447,0.112715,-0.328644,-0.11001,-0.462518,-0.273172,0.343338,-0.188267,-0.422941,-0.227206,-0.171215,-0.208828,-0.283433,-0.244902,0.066706,-0.215875,-0.283758,-0.60109,-0.261657,-0.039782,-0.253473,-0.308504,-0.078552,-0.323979,0.192626,-0.391713,-0.335707,-0.33541,-0.166435,0.074054,-0.413208,0.285793,-0.35033,-0.304372,-0.249103,-0.338887,-0.238315,-0.084816,0.158688,-0.544897,0.060599,0.260915,-0.229504,-0.055784,-0.349431,-0.295707,-0.261249,-0.322763,-0.408953,0.181794,-0.511025,-0.284161,-0.473768,-0.152517,-0.42917,-0.308618,-0.09683,-0.507969,-0.107347,0.146136,-0.224236,-0.342305,-0.03617,0.110552,0.116498,-0.102099,-0.550769,0.153849,-0.190152,-0.115917,-0.348891,-0.204911,0.294608,-0.258885,0.108991,-0.236013,-0.314042,-0.507969,0.604399,-0.452521,-0.287712,-0.586562,-0.484375,-0.118704,-0.186372,-0.397333,-0.168275,0.323827,0.495926,-0.18188,-0.426817,0.143118,-0.003081,-0.507959,-0.053034,0.167188,-0.067184,-0.086241,-0.318249,-0.201804,-0.17108,-0.01117,0.232328,0.147232,-0.410329,-0.125482,-0.160414,-0.036964,0.354092,0.2639,-0.269699,0.216021,0.140587,-0.159083,-0.258975,0.391742,-0.006834,0.183373,0.222987,-0.434174,0.562992,-0.149374,-0.014156,0.345398,0.422433,-0.166341,0.182388,0.350524,-0.31087,-0.254702,0.258952,#
1,0.203654,1.0,-0.008188,0.048555,0.20974,-0.231496,-0.090675,-0.091376,0.133154,0.174302,-0.271295,0.215891,0.184998,0.036905,0.131216,-0.16676,0.061853,0.136586,0.027373,-0.17957,-0.156929,-0.170082,0.160314,-0.119876,0.053056,-0.139844,-0.003328,0.065647,0.206305,0.101656,-0.37117,0.369402,0.050489,0.050869,-0.203432,0.21457,0.330225,-0.075947,-0.032102,-0.180411,0.214645,0.08366,0.1964,0.00908,-0.205545,-0.354918,0.303282,0.113064,-0.215027,0.320031,-0.138252,-0.450791,-0.040713,0.129339,0.007981,-0.036929,-0.452537,-0.217407,-0.262943,0.182046,-0.091272,-0.042897,-0.214295,-0.068813,0.089421,-0.170435,0.20425,0.143584,0.010534,-0.168516,-0.115764,-0.305825,0.141807,-0.149666,-0.30606,0.103913,-0.209141,-0.255332,-0.24323,-0.53603,-0.030685,-0.653711,-0.231467,0.073834,-0.631311,-0.318869,-0.074667,0.080122,-0.244644,-0.090644,0.10302,-0.078264,-0.338115,0.347478,-0.427568,-0.171652,-0.018684,-0.166684,-0.111458,-0.033325,0.225811,-0.158672,-0.503589,-0.083458,-0.531399,-0.427457,-0.084327,-0.078444,-0.183806,-0.130962,0.072324,0.281744,-0.066612,-0.156664,-0.13357,-0.240013,-0.126796,-0.416494,0.164719,0.019867,-0.291615,0.057078,-0.553637,-0.31315,0.242425,-0.486473,-0.336148,-0.108008,-0.148108,-0.033413,-0.353534,0.137521,-0.092987,0.185226,-0.296662,-0.046292,-0.183815,-0.210918,-0.233017,-0.173931,-0.039365,0.281323,-0.05447,0.064948,-0.236367,-0.633427,-0.163567,0.206193,-0.304664,-0.124806,-0.179982,-0.263113,-0.128929,-0.027929,-0.069341,-0.15464,0.135669,0.266635,-0.171341,-0.245933,-0.149803,0.004629,-0.165536,-0.240255,-0.008128,0.277639,0.103136,-0.109532,-0.388592,0.186027,-0.055842,0.133595,-0.241913,-0.230192,0.206335,0.048458,-0.243355,0.13615,0.248225,-0.279287,0.438033,-0.265525,0.016647,-0.1176,0.167472,-0.232801,0.154686,-0.236683,-0.417739,0.131834,-0.353751,0.140005,0.141964,0.332028,-0.133625,0.212492,0.141494,-0.515014,-0.140079,-0.041711,#
2,0.179819,-0.008188,1.0,0.08357,0.056844,-0.236576,0.021548,-0.273959,-0.03773,0.14881,-0.040194,0.005706,-0.017337,-0.061398,-0.418825,-0.208593,0.263927,0.061465,-0.190869,-0.358965,-0.082866,-0.329015,0.131783,0.099505,0.038612,-0.431327,-0.008641,-0.4684,-0.092083,0.088903,-0.182778,-0.202488,-0.153977,-0.106757,-0.056353,-0.0371,-0.084225,0.040921,-0.109866,-0.149708,-0.08715,-0.072025,-0.032875,0.146525,0.472606,-0.355628,0.059794,0.273419,-0.148948,0.251203,0.001902,0.042385,0.17483,0.310848,0.066732,-0.19826,-0.129811,0.035061,0.17853,0.245291,-0.068108,0.3125,-0.315769,-0.341317,0.073493,0.11852,-0.281305,-0.152903,-0.064798,0.073337,0.127475,0.088359,-0.14682,0.131764,-0.334862,0.458853,-0.211089,0.032066,-0.202538,-0.089787,-0.029078,0.008773,-0.075198,0.488794,-0.174253,-0.35931,0.119461,0.056866,-0.292581,-0.296596,-0.115634,-0.468088,0.210012,-0.151523,-0.388472,0.065155,0.035673,0.078451,0.004717,-0.038324,-0.129526,0.065263,0.06387,0.06724,-0.144951,-0.256492,0.187701,0.042266,-0.136579,0.325413,0.263873,0.322166,0.100979,-0.118705,0.107539,-0.078141,-0.047407,-0.241832,0.060355,0.070666,-0.339079,0.006939,-0.077547,0.014336,-0.142516,-0.136409,-0.286449,0.292634,0.101422,0.119127,0.243222,-0.02935,0.064161,0.089332,0.249319,-0.199893,0.26456,0.128864,-0.095326,-0.441847,-0.044367,0.436025,0.102684,-0.221878,-0.086295,0.159171,-0.112141,0.203761,-0.152301,0.025951,-0.222058,0.286652,0.090401,-0.206958,-0.394309,-0.095015,-0.041212,0.195609,-0.074441,-0.093097,0.289108,-0.016349,0.389039,-0.06126,0.048102,-0.076959,-0.153664,-0.456558,0.186365,-0.094897,0.297435,0.011478,-0.085564,0.156653,-0.122167,-0.026471,-0.289136,0.001056,-0.032806,-0.206985,0.128303,-0.04413,0.057815,-0.038918,-0.312262,0.130997,-0.158558,-0.174718,0.045185,0.086586,0.247222,-0.017665,0.154807,0.088277,0.06341,0.059452,-0.004986,0.276905,0.170456,-0.26544,#
3,-0.209673,0.048555,0.08357,1.0,0.059566,0.087885,-0.316716,-0.206263,-0.272743,-0.063432,0.016451,-0.375116,-0.07118,0.152391,-0.219725,-0.326296,0.23568,-0.041083,-0.040802,-0.070028,-0.019108,-0.10455,-0.120818,-0.035437,0.12109,-0.132311,0.027673,0.072665,-0.073197,-0.001773,0.40423,-0.008502,0.18832,-0.373953,-0.103088,-0.433215,-0.175889,-0.028121,-0.184601,0.178641,0.130341,-0.221588,0.178833,0.484465,-0.057229,0.041444,-0.325556,-0.214139,0.242702,0.040767,-0.171863,0.26154,0.183861,0.125045,0.13611,0.128015,0.073827,-0.222807,0.351528,-0.170756,-0.137918,-0.112061,-0.239223,-0.062737,-0.23732,-0.177425,0.159263,-0.256085,-0.365772,0.472303,0.021403,0.096532,0.248651,0.213778,0.078926,0.0383,0.122029,-0.038333,0.133858,0.356649,0.1398,-0.131079,0.057217,0.102789,0.172094,-0.034993,0.278332,0.191628,-0.010921,-0.0813,0.004306,-0.093013,-0.130823,0.027427,0.251629,-0.093248,0.26033,0.366629,0.116575,0.03292,-0.251029,-0.12588,0.21095,0.155825,-0.001401,-0.207989,0.511688,-0.141001,0.212966,0.026597,0.261678,0.163852,-0.17184,-0.162592,-0.003177,0.029657,0.224349,0.020828,0.071347,0.135077,-0.160552,0.101762,0.141008,-0.05055,0.107349,0.124589,-0.153655,0.193937,0.032379,0.131926,-0.08012,0.134153,-0.264352,-0.041595,-0.007474,0.11023,0.124539,0.149603,-0.208213,0.107099,-0.098033,0.248132,0.263156,-0.284131,0.029298,0.03816,0.104522,-0.068058,0.110435,0.322602,0.290109,0.355949,0.0091,0.13784,0.258451,0.111886,-0.146222,-0.095899,0.159515,0.019698,0.059479,0.210902,-0.099223,0.063113,-0.153442,-0.235991,-0.054789,-0.131828,0.017189,0.116086,-0.132516,-0.281159,0.058323,0.188628,0.112718,0.328589,-0.003837,-0.048447,-0.06537,0.337956,-0.489288,-0.052113,0.10325,-0.290097,0.041997,-0.241444,-0.152163,-0.202689,0.008982,-0.185544,0.383393,-0.292846,-0.062679,0.003357,0.158905,-0.176989,-0.261471,-0.032156,-0.28452,0.194285,#
4,0.550174,0.20974,0.056844,0.059566,1.0,-0.068225,0.361118,-0.061629,0.040573,0.150364,-0.141916,0.137542,0.285374,0.066884,-0.233751,-0.184117,0.249851,-0.146923,-0.043823,-0.342096,-0.272133,0.082419,0.113932,-0.381268,-0.391913,-0.099292,-0.151798,-0.251573,0.141378,0.169582,-0.244142,0.027586,-0.415714,0.064738,-0.350402,0.380645,0.251869,-0.309364,0.261922,0.010043,0.390155,-0.208398,-0.019231,-0.114414,-0.337023,0.005956,-0.078596,0.327928,-0.075276,0.120284,0.157328,-0.516595,0.16,0.090847,0.075247,-0.446162,-0.393233,0.346877,-0.354975,-0.066298,0.178677,-0.17789,-0.210973,-0.165247,0.242915,0.247854,-0.064449,0.266346,0.201511,-0.183468,-0.248206,-0.68232,0.259477,-0.692399,-0.364946,0.470501,-0.367786,-0.589347,-0.412922,-0.10831,-0.377003,-0.523894,-0.400937,-0.202213,-0.405694,-0.562198,-0.557661,-0.431844,-0.107696,-0.133985,-0.337174,-0.143374,-0.283095,0.030703,-0.589763,-0.590897,-0.485724,-0.126759,-0.183242,-0.275717,0.226128,-0.260651,-0.149448,-0.308675,-0.48659,-0.606216,0.133986,-0.227818,-0.31518,0.103745,0.161897,0.111473,-0.423148,-0.43671,-0.233687,-0.087355,-0.212219,-0.432186,0.020879,-0.232837,-0.199194,-0.338027,-0.263725,-0.111762,-0.083118,-0.163351,-0.600603,-0.221637,-0.215578,-0.037345,-0.454627,-0.026147,-0.366953,0.060966,-0.167689,-0.518753,0.251294,-0.536068,-0.269056,-0.462636,-0.382936,0.380353,0.073028,-0.028194,-0.251706,-0.395514,-0.443014,0.689445,-0.480516,-0.356423,-0.465557,-0.399868,-0.235149,-0.367473,-0.238259,-0.284769,0.091388,0.341906,-0.263725,-0.612847,0.138705,-0.180896,-0.436138,-0.245603,-0.003563,0.22579,-0.183435,-0.401008,-0.163682,-0.107406,0.249042,-0.074956,-0.274085,-0.40013,-0.068711,-0.256271,-0.280986,0.320015,0.281217,-0.232419,0.239628,0.003619,0.060786,0.134128,0.411221,-0.145679,0.326266,-0.229343,-0.271694,0.473066,0.058134,0.143134,0.471504,0.589793,0.214966,0.337345,0.32047,-0.323749,-0.507697,0.369386,#
5,-0.23924,-0.231496,-0.236576,0.087885,-0.068225,1.0,0.046857,0.291818,-0.063616,-0.088699,0.011921,-0.183269,-0.452283,0.176106,0.386595,-0.064408,-0.033425,-0.166794,-0.058668,0.110992,0.213736,0.180214,-0.126009,-0.367565,0.156225,0.139317,0.037658,0.025487,-0.217656,0.050709,0.459251,0.431751,0.268224,-0.04573,-0.344238,-0.298788,-0.163329,0.141618,0.291689,0.111884,-0.391364,0.097984,0.065366,0.146622,-0.141897,0.145532,-0.289055,-0.311864,-0.073858,0.018104,-0.009186,0.202456,0.147444,-0.030176,0.066137,0.296187,0.065886,0.329585,-0.162184,0.301616,0.27013,-0.031291,-0.152006,0.264071,-0.028782,-0.191218,-0.298772,0.245941,-0.131479,0.210726,-0.164884,0.097818,0.332067,0.13835,0.164973,-0.184428,0.423017,0.196304,-0.154681,0.293452,0.247734,0.145768,0.037519,-0.164081,0.047609,0.142182,-0.140209,-0.127613,0.080694,-0.126913,0.00218,0.193656,-0.045394,-0.063076,0.20906,0.145549,0.078374,-0.082467,0.171854,-0.022553,-0.230716,-0.035836,0.190493,-0.143089,0.266805,0.07343,-0.008207,0.005897,-0.087037,-0.521427,-0.068482,0.057016,-0.131638,-0.03283,-0.18922,0.097368,0.317084,-0.143113,-0.06304,-0.035,0.022175,0.331203,0.110898,-0.117292,-0.333005,0.353964,0.13367,0.05128,-0.199853,-0.086478,0.293273,-0.253174,-0.217999,0.072026,-0.024256,-0.094983,0.087799,0.078574,-0.053986,0.287684,0.225821,-0.076063,-0.275457,-0.360539,0.017299,0.035094,0.317016,-0.113978,0.522807,-0.024647,-0.072832,0.079773,0.31298,0.425395,0.051087,-0.022698,0.041985,-0.082254,-0.073515,0.091149,-0.256607,-0.062517,-0.008959,0.06165,0.088611,0.050325,0.308308,0.172413,-0.056556,0.162751,0.078854,-0.18222,0.257224,0.221995,0.017294,0.132588,0.074273,-0.069822,0.142464,0.293171,-0.040876,0.137598,-0.017544,0.090051,0.009423,-0.079442,0.074114,0.066464,0.138872,0.113608,0.099804,-0.23723,-0.233368,-0.413124,0.13895,-0.013238,-0.231114,0.006158,0.2591,0.368425,#
6,0.27123,-0.090675,0.021548,-0.316716,0.361118,0.046857,1.0,0.044689,0.549235,-0.120322,0.276366,0.301146,0.007657,-0.250183,0.141879,0.035727,-0.119235,-0.318596,-0.08507,0.008031,-0.233965,0.284903,0.12908,-0.447902,-0.083282,-0.101043,0.044895,-0.437154,0.214802,0.393774,-0.26554,-0.256692,-0.035713,-0.078697,-0.069024,0.142588,0.067534,-0.180119,0.005505,0.37279,0.047301,-0.122204,-0.457782,-0.426976,-0.140796,0.102779,-0.13851,0.25123,0.137837,0.274586,0.336128,-0.197812,-0.094275,0.02339,0.316276,-0.107586,-0.071502,0.233743,0.001111,0.074921,0.272924,-0.16184,-0.074534,0.126733,0.307332,0.172975,-0.10991,0.109627,0.079832,-0.235898,-0.08073,-0.379471,0.26685,-0.445319,-0.500649,0.257207,-0.345179,-0.219134,-0.473001,-0.207503,-0.504498,-0.149741,-0.243677,-0.382008,-0.299723,-0.284738,-0.399302,-0.22524,-0.344019,-0.237732,-0.376976,-0.402714,-0.262536,-0.175556,-0.591925,-0.109027,-0.179816,-0.568019,-0.151118,-0.046428,-0.155814,-0.260534,-0.164692,-0.37834,-0.172818,0.008931,0.00728,0.040957,-0.51159,0.242171,-0.090977,0.021675,-0.250121,-0.434973,-0.118512,-0.329467,-0.128131,-0.257375,-0.015923,-0.342134,-0.218878,-0.298028,-0.030966,-0.382349,-0.26892,0.031724,-0.274735,-0.178576,-0.27435,-0.330782,-0.380096,6.1e-05,-0.388918,-0.161679,-0.375017,-0.325068,0.093272,-0.346816,-0.036369,-0.384888,-0.177509,0.066901,-0.326841,-0.192401,-0.241104,-0.221091,-0.451185,0.549768,0.051012,-0.484127,-0.261062,-0.563052,-0.465202,-0.17695,-0.411843,-0.450293,-0.063198,0.143298,0.143298,-0.513744,0.285296,-0.288225,-0.257535,-0.244492,-0.032753,0.291992,0.010755,0.223395,0.087445,-0.284953,0.13675,-0.136926,-0.000616,-0.283474,0.123537,-0.476408,-0.171792,0.533954,0.403286,0.006234,0.438453,0.60923,0.075971,-0.012502,0.518307,0.364138,-0.044929,-0.176698,-0.099464,0.425333,-0.021137,0.187747,0.52802,0.256307,-0.473027,0.237011,0.534809,-0.346255,-0.305247,0.119532,#
7,-0.211387,-0.091376,-0.273959,-0.206263,-0.061629,0.291818,0.044689,1.0,-0.152558,-0.414878,-0.340688,-0.092592,-0.412575,-0.005491,0.054139,-0.241873,0.140751,-0.026816,-0.079826,-0.043648,0.24231,0.442555,-0.279305,-0.050078,0.140863,0.362643,0.244905,0.252307,-0.50798,-0.153508,0.175361,0.373794,0.292392,0.103564,-0.168937,0.17453,0.052196,-0.25973,0.297327,0.104063,-0.204749,-0.177546,0.416928,-0.041601,-0.275705,0.166289,-0.14045,-0.15965,-0.410981,-0.279418,0.189801,-0.039525,-0.044346,-0.13777,0.080461,0.168199,0.27946,0.04283,-0.057154,0.207935,-0.127362,0.095728,0.134184,0.419146,0.010076,0.107224,-0.129809,0.06335,0.009267,-0.38709,-0.034396,0.224119,-0.128429,0.149674,0.160564,-0.337195,0.250873,0.370158,-0.16679,0.294442,0.233824,0.166589,0.217217,-0.024773,0.254746,0.129199,0.200332,0.207149,0.232998,0.187786,-0.016475,0.349416,0.286673,-0.100888,0.204351,0.123655,-0.281791,0.290063,-0.030132,0.142694,-0.00754,0.008525,0.192695,0.165118,0.069108,-0.082109,-0.019957,-0.087065,0.247404,-0.223657,-0.408079,-0.075469,0.025427,0.105256,0.305775,0.324887,0.322602,0.004917,-0.100831,0.142431,-0.127439,0.174178,-0.073832,0.166276,-0.011952,0.181995,0.278777,-0.478668,-0.00046,0.07478,-0.083262,0.078858,-0.032619,-0.246267,0.192555,-0.123899,0.140021,0.064686,0.06172,0.09988,-0.116524,-0.097376,0.115763,-0.00889,0.029502,-0.05077,0.303274,-0.185516,0.174178,0.160436,0.143261,0.083575,0.142561,0.071753,0.402165,-0.169773,-0.091294,-0.415542,-0.073832,0.060465,0.333964,-0.09773,0.108793,0.028787,0.270505,0.0708,0.287083,0.303336,-0.018265,0.317902,-0.070387,-0.131014,0.053193,0.056391,-0.349413,-0.054281,0.049424,-0.231941,-0.014589,-0.037755,-0.161917,-0.310486,0.127442,-0.063479,-0.037441,0.051663,-0.12975,0.059575,0.243504,-0.249192,0.092628,0.128739,-0.103337,-0.266263,0.229585,0.175758,-0.39843,0.000189,0.042745,-0.07357,#
8,0.375496,0.133154,-0.03773,-0.272743,0.040573,-0.063616,0.549235,-0.152558,1.0,0.080746,0.12058,0.434458,0.238647,-0.183787,0.333522,0.07651,-0.326106,-0.014302,0.174345,-0.114434,-0.3067,-0.043322,0.314365,-0.328429,0.249128,-0.393876,0.008224,-0.169952,0.450417,0.110366,-0.523039,-0.047819,0.175449,0.099306,-0.188676,0.084711,0.180399,-0.123477,-0.042964,0.064033,0.274081,-0.270194,-0.320842,-0.32476,-0.116938,-0.075072,0.140889,0.185549,0.298042,0.504818,0.046131,-0.0793,-0.177529,0.224748,0.312964,-0.08265,-0.019219,-0.009442,0.145528,0.059253,0.094279,-0.169075,-0.416201,0.21625,0.116482,0.116018,0.201524,0.081441,0.190079,-0.082089,0.043614,-0.246915,0.200165,-0.350006,-0.249208,-0.004985,-0.199841,-0.098665,-0.230594,-0.306988,-0.358474,-0.236079,-0.151449,-0.199392,-0.251967,-0.014572,-0.324235,-0.271529,-0.317606,-0.105837,-0.13492,-0.265721,-0.434969,0.105617,-0.337681,0.198967,-0.084639,-0.652815,-0.054104,-0.286211,-0.153833,-0.388931,-0.298254,-0.422687,-0.060157,0.079983,-0.21646,-0.000565,-0.572337,0.352371,0.097032,0.133986,-0.150041,-0.278567,-0.157654,-0.601527,-0.342584,-0.154317,0.095629,-0.290512,-0.16041,-0.403066,0.025843,-0.463201,-0.239659,0.097483,-0.119019,-0.159096,0.064785,-0.360633,-0.11818,-0.036186,-0.123786,0.11442,-0.316615,-0.030319,-0.258675,-0.354322,0.156198,-0.317015,-0.177243,0.095281,-0.601609,-0.269786,-0.314437,-0.144083,-0.29471,0.243635,-0.055529,-0.416996,-0.235349,-0.324989,-0.176499,-0.196814,-0.166626,-0.401425,0.113184,0.501566,0.022645,-0.326327,0.106731,-0.247616,-0.25568,-0.143394,-0.094454,0.14636,-0.102205,-0.028359,-0.019098,-0.131677,-0.051475,0.375492,0.19065,-0.398699,0.166323,-0.44811,-0.145277,0.386468,0.160406,-0.053544,0.508543,0.442204,0.051288,-0.172905,0.395978,0.031193,-0.186002,-0.1228,-0.397406,0.303024,0.053829,0.044728,0.333558,0.06102,-0.636915,-0.024673,0.550223,-0.308875,-0.120507,-0.150563,#
9,0.166117,0.174302,0.14881,-0.063432,0.150364,-0.088699,-0.120322,-0.414878,0.080746,1.0,0.042836,-0.076874,0.180937,0.118214,-0.17562,-0.018246,-0.468694,0.292786,0.048066,0.004226,0.061649,-0.277686,0.24938,-0.136914,0.086215,-0.074039,-0.454362,0.077782,0.138015,0.265454,-0.159952,0.020387,-0.070605,0.121742,-0.151038,0.288538,0.201013,0.106165,-0.081918,-0.103943,0.096481,0.20024,0.019896,0.51639,0.351863,-0.399772,0.063745,0.395422,0.207775,0.176956,-0.28655,-0.057896,0.238609,0.156903,-0.298588,-0.291413,-0.039299,-0.204867,0.025852,0.025768,0.030977,-0.048678,-0.016398,-0.465862,0.151034,-0.068533,0.039639,0.265734,-0.007808,-0.26253,0.022237,-0.263384,0.004647,0.005567,0.111746,0.297935,-0.170168,-0.379556,-0.035483,-0.100869,0.008472,-0.219618,-0.285969,-0.166092,-0.219702,-0.152918,-0.127738,-0.057798,-0.279705,-0.078215,-0.115632,0.078058,-0.24546,0.281557,-0.14314,0.072164,0.090414,-0.28385,0.309958,-0.247449,-0.206002,-0.095765,-0.09591,0.099507,-0.043201,-0.282027,-0.207395,-0.097585,-0.053353,-0.137032,0.567136,0.199903,-0.136163,-0.249611,-0.292709,-0.113348,-0.138212,-0.289244,0.278006,-0.35224,-0.018631,0.107643,0.055155,0.106056,-0.198694,-0.036338,-0.239979,-0.05744,-0.140675,0.160029,0.055213,-0.001645,0.070893,0.827054,-0.12142,0.155542,0.013152,-0.151383,0.193528,-0.126419,0.168554,0.112395,0.060604,-0.142388,0.026768,0.087736,0.068608,0.197793,-0.196483,0.11233,-0.611165,-0.101705,0.164696,-0.166945,-0.308929,0.237882,0.405898,0.377428,-0.119226,0.059304,-0.252933,0.144976,-0.061143,0.218422,0.087127,0.281853,-0.441244,-0.40352,-0.030663,-0.094191,0.205833,0.012141,-0.115961,-0.389445,0.394405,-0.023662,-0.116026,-0.127508,0.082353,-0.125392,0.096887,-0.08813,-0.565041,0.416248,-0.171159,0.004162,0.224279,-0.325829,-0.40993,0.249128,-0.107521,-0.126915,-0.126423,0.026351,0.006862,-0.002086,0.036764,0.076465,0.36583,-0.165968,#
10,-0.278018,-0.271295,-0.040194,0.016451,-0.141916,0.011921,0.276366,-0.340688,0.12058,0.042836,1.0,-0.04063,-0.098189,0.001768,0.316862,0.189028,-0.236218,-0.356394,-0.112566,0.155321,-0.077554,0.111679,-0.077111,-0.003519,-0.094361,0.241384,0.23629,-0.168343,0.458166,0.119269,0.054516,-0.398326,-0.123537,-0.08442,0.265519,-0.218071,-0.295187,0.019463,-0.017518,0.247443,-0.351013,0.06712,-0.464365,0.025662,0.371255,0.065915,-0.284095,-0.005382,0.539371,-0.058433,0.075158,0.114375,-0.008471,0.264535,0.315424,0.214489,0.033649,-0.243056,0.237206,0.037193,0.231125,0.057471,0.060216,0.009852,-0.007468,-0.018894,-0.022456,-0.131095,-0.493627,0.108585,-0.105144,-0.039171,0.33253,-0.005513,-0.107737,0.231586,-0.168548,0.08879,-0.100506,-0.162555,-0.432459,0.247493,0.002602,-0.254706,0.070102,-0.116679,0.167525,-0.085231,-0.080748,-0.250523,-0.014225,-0.399455,0.105483,-0.402178,-0.018772,0.251084,0.081436,-0.343539,-0.413085,-0.022388,-0.095735,0.258736,-0.171686,-0.221072,-0.069424,0.263936,-0.089728,-0.241556,-0.07428,0.260931,-0.11892,-0.086177,-0.175909,0.09108,-0.305703,-0.072984,-0.151028,0.000746,-0.18377,-0.013838,0.227835,-0.078686,0.348798,0.120669,0.115438,0.139631,0.09108,0.32074,-0.234004,-0.147429,0.010595,-0.322248,-0.384201,-0.061949,-0.186536,0.168997,0.005958,-0.163238,0.3326,-0.012631,-0.157432,0.141741,-0.241062,-0.023349,0.007462,0.085535,-0.240897,-0.120713,0.427807,-0.259956,0.090166,-0.207221,-0.324515,-0.167606,-0.176796,-0.087874,-0.302114,0.176146,0.342463,-0.085242,-0.015707,-0.346058,-0.052486,-0.168665,-0.348246,-0.142527,-0.134885,0.24269,0.38202,-0.522475,0.105715,-0.434122,-0.03077,-0.081926,0.302622,0.078692,-0.254773,0.110978,-0.001261,0.050445,0.018021,0.561734,0.163167,0.367493,-0.221221,0.138238,0.078239,-0.227107,0.229929,0.150198,-0.145671,0.360991,0.09988,-0.11738,-0.309017,-0.284016,0.26563,0.195916,0.01726,0.193087,#
11,0.281457,0.215891,0.005706,-0.375116,0.137542,-0.183269,0.301146,-0.092592,0.434458,-0.076874,-0.04063,1.0,0.006892,-0.654373,0.104214,0.431231,0.124597,-0.344147,-0.220694,-0.224846,-0.317483,-0.064971,-0.251552,0.060791,0.123578,0.144288,-0.106099,-0.341923,0.252763,0.322829,-0.472394,-0.104009,-0.296285,0.134215,0.146802,0.35182,-0.308772,-0.138922,-0.16477,0.139557,0.049931,-0.284865,-0.411026,-0.530772,-0.05784,0.112363,-0.177129,-0.028702,-0.121292,0.299323,-0.117446,-0.562124,-0.124964,0.330724,0.19959,-0.077475,-0.360209,0.196631,-0.149568,0.199739,-0.296963,0.089017,-0.0932,0.130538,0.433094,-0.388561,-0.188915,-0.068878,0.012882,-0.294649,-0.144681,-0.19431,0.015631,-0.441415,-0.316974,-0.047658,-0.316706,-0.033218,-0.278163,-0.402014,-0.269935,-0.306582,-0.225926,0.045217,-0.300645,-0.209252,-0.233277,-0.542645,-0.137279,-0.042033,0.034596,-0.049186,-0.086573,-0.326157,-0.417245,0.104016,-0.147011,-0.574322,-0.313242,0.139996,0.260862,-0.190228,-0.376994,-0.404454,-0.16682,-0.058742,-0.002448,0.177319,-0.352836,0.144756,-0.355386,-0.12652,-0.228129,0.087962,-0.099118,-0.43088,-0.109203,-0.067918,-0.452625,0.142442,-0.24212,-0.290211,-0.389968,-0.088463,0.064805,-0.430896,0.087962,-0.304064,-0.076939,-0.152591,-0.19606,-0.310043,0.022713,-0.057658,-0.179734,-0.126448,-0.236594,-0.484889,-0.252769,-0.192585,0.02826,0.292158,-0.258323,0.169349,-0.398381,-0.427615,-0.25832,0.075464,-0.290211,-0.492092,-0.046916,-0.371794,-0.106212,-0.14,-0.237953,-0.370958,-0.293952,0.061002,-0.006871,-0.133167,0.010135,-0.245116,-0.083323,-0.414277,-0.292285,0.097796,-0.064394,0.081253,0.186252,-0.367131,0.258508,0.134549,-0.069994,-0.086149,0.195756,-0.470915,-0.306456,0.165737,-0.081101,-0.178919,0.452671,0.080281,0.506271,0.125652,0.244404,-0.113978,-0.083712,0.310942,0.171809,0.309195,-0.022078,0.440957,0.276949,0.149294,-0.381506,0.400659,0.334062,-0.179561,-0.301777,-0.125759,#
12,0.552056,0.184998,-0.017337,-0.07118,0.285374,-0.452283,0.007657,-0.412575,0.238647,0.180937,-0.098189,0.006892,1.0,0.076849,-0.042814,0.05146,-0.143331,0.320095,0.267004,0.028849,-0.318395,0.09258,0.536378,-0.285162,-0.20817,-0.393738,-0.133538,-0.046039,0.456544,-0.101081,-0.512081,-0.234141,-0.066958,0.121318,-0.024067,0.298596,0.405677,-0.074731,0.083798,-0.147118,0.430371,0.063833,0.004835,-0.269564,0.04284,-0.088906,0.58176,0.263345,-0.002089,0.1552,0.016327,-0.229962,0.042173,0.132176,0.146182,-0.059448,-0.063823,-0.032543,-0.003326,-0.284294,0.316763,-0.043809,-0.010866,-0.134376,-0.076418,0.312354,0.262258,-0.021392,0.35325,-0.090664,0.070176,-0.398799,-0.045991,-0.145774,-0.052329,0.309501,-0.161428,-0.538493,-0.030037,-0.465562,-0.320388,-0.212842,-0.45068,-0.165933,-0.033751,-0.158017,-0.448908,-0.233811,-0.112607,0.087488,-0.28048,-0.234111,-0.403538,0.274333,-0.136508,-0.413332,-0.054034,-0.115137,-0.042876,-0.585211,0.374529,-0.242741,-0.490933,-0.221104,-0.382148,-0.099535,-0.215375,0.231314,-0.369021,0.176874,0.222629,-0.089523,0.036657,-0.399864,-0.293484,-0.286611,-0.613531,-0.124357,0.436411,-0.25302,-0.025766,-0.547324,0.047017,-0.202878,-0.140961,-0.056424,-0.569145,0.014763,0.017659,-0.316464,-0.114659,0.003234,0.086911,0.188536,-0.284935,-0.167807,0.01714,0.002738,-0.004874,-0.473186,-0.475471,0.005228,-0.112607,0.117561,-0.300662,-0.176061,-0.409268,0.494093,-0.547324,-0.205629,-0.201838,-0.323616,-0.139229,-0.158154,-0.129418,-0.092295,0.36839,0.406442,-0.296718,-0.284314,-0.16099,-0.037733,-0.395342,-0.138461,0.112343,-0.048439,-0.241635,-0.21352,-0.379219,-0.091686,0.033613,0.384448,0.062904,-0.200901,0.105634,-0.006855,0.054822,0.511127,0.127234,-0.463419,0.258042,0.243304,-0.247513,-0.05013,0.316714,-0.025219,0.397945,-0.09509,-0.473879,0.269671,-0.283192,0.02085,0.343947,0.476221,-0.164374,0.16704,0.512198,-0.306536,-0.201042,0.069007,#
13,-0.163923,0.036905,-0.061398,0.152391,0.066884,0.176106,-0.250183,-0.005491,-0.183787,0.118214,0.001768,-0.654373,0.076849,1.0,0.057574,-0.054864,-0.033735,0.284891,0.452662,0.10422,0.105081,0.106733,0.344306,-0.191064,-0.307272,-0.319441,0.172962,0.53126,0.052553,-0.249711,0.1877,0.357822,0.215162,-0.01783,-0.120707,-0.140728,0.136957,0.224426,0.009539,-0.365746,0.146318,0.252667,0.289062,0.220438,-0.107485,-0.369195,0.290004,0.156661,0.060018,-0.05495,0.054803,0.314386,-0.143065,-0.099674,-0.332147,-0.177379,0.133294,0.016855,-0.012022,-0.245561,0.263727,-0.054072,-0.095189,0.025855,-0.016846,0.35589,0.288119,0.282435,0.189921,0.216952,-0.056173,-0.105905,0.235429,-0.034245,0.092503,0.225047,0.10782,-0.278266,0.121083,0.049869,-0.052945,-0.067763,-0.004345,-0.094158,-0.043304,-0.046184,-0.010202,0.188483,-0.027744,0.023427,0.254489,-0.123506,-0.160314,0.234621,0.15729,-0.168029,0.04049,0.202488,0.118536,-0.379438,0.095934,0.164477,0.08302,0.029739,-0.086457,-0.031563,-0.191008,-0.390097,0.057135,-0.062347,0.25244,0.229687,0.169691,0.010545,-0.04406,0.312899,-0.02867,-0.013641,0.405408,0.045515,0.216053,0.086237,0.034662,0.057594,0.212233,0.107894,-0.322547,0.160647,-0.133031,0.087584,0.052991,0.242344,-0.109377,0.266381,0.071786,-0.094478,-0.240404,0.103464,0.225954,0.024154,-0.227509,0.006907,0.13052,-0.334839,-0.016639,0.279874,0.163275,-0.002686,-0.057261,0.254189,-0.022436,0.135483,-0.02763,-0.055756,0.15234,0.324706,0.32008,0.325846,-0.157818,-0.03117,-0.09607,-0.1538,0.183784,0.17774,0.234849,0.211344,0.229211,-0.08858,-0.326646,0.493306,-0.17395,0.204915,-0.20056,-0.218412,-0.160923,0.191224,-0.040612,-0.059565,0.16709,-0.035601,-0.024601,-0.217187,-0.330643,-0.010967,-0.100936,0.092546,0.176635,-0.294922,-0.094505,-0.179296,-0.141418,-0.223351,-0.059148,0.080264,0.322802,-0.097346,0.105328,0.087832,0.192599,0.078361,#
14,-0.226159,0.131216,-0.418825,-0.219725,-0.233751,0.386595,0.141879,0.054139,0.333522,-0.17562,0.316862,0.104214,-0.042814,0.057574,1.0,0.159006,-0.189194,-0.140533,-0.055885,-0.035092,0.019028,0.27704,0.151455,-0.046663,0.207627,0.187295,0.171126,0.124515,0.368174,0.070328,-0.086887,0.358068,0.131585,0.191891,-0.307852,-0.191143,-0.050011,-0.188601,0.412998,0.28404,-0.301635,0.293374,0.067308,-0.286183,-0.20083,0.284629,0.020945,-0.248641,0.114544,0.050139,0.128121,-0.029279,-0.21061,-0.130098,0.189086,0.330077,-0.006122,0.103543,-0.27766,0.360982,0.369069,0.059661,-0.242451,0.633273,0.154117,0.072724,-0.209072,0.090277,-0.070997,0.011659,0.080061,-0.011954,0.353129,-0.069934,-0.302497,-0.165014,-0.059844,0.177595,-0.13013,-0.374209,-0.223255,-0.123423,-0.047289,-0.213514,-0.318533,-0.05926,-0.064247,-0.306998,-0.144791,-0.132429,-0.02385,0.024218,-0.119995,0.043667,-0.05996,0.019022,-0.130348,-0.381099,-0.286839,-0.081508,-0.054634,0.186288,-0.392565,-0.281747,-0.112989,0.357846,-0.148185,-0.186187,-0.13286,-0.173876,-0.331216,-0.06514,-0.202524,0.191862,-0.351702,-0.152101,-0.205834,-0.040026,-0.127242,-0.000855,0.105879,-0.124708,-0.03622,-0.247042,0.119445,-0.1261,0.182731,-0.043341,-0.410346,-0.364855,0.15032,-0.376238,-0.218127,-0.129568,-0.388917,0.091569,-0.282889,-0.217485,0.352001,-0.047093,-0.05137,-0.234439,-0.500037,0.001712,-0.204967,-0.297083,-0.137209,-0.081105,0.207026,-0.463322,0.05288,-0.028374,-0.198694,-0.058592,-0.058603,-0.305047,-0.025203,0.24649,-0.224477,-0.158071,-0.265925,-0.258387,-0.106761,-0.363729,-0.282478,0.054707,-0.086456,0.351132,-0.068022,-0.138707,-0.003034,0.068937,-0.163919,0.048548,0.270058,-0.147279,-0.15082,0.280059,0.073494,-0.137592,0.350958,0.318739,0.196057,0.183307,0.155257,-0.02685,0.200311,-0.02636,0.040031,0.063635,-0.361094,0.274717,-0.033211,-0.116965,-0.202651,-0.24619,0.285694,-0.208364,0.164684,-0.012442,#
15,-0.180856,-0.16676,-0.208593,-0.326296,-0.184117,-0.064408,0.035727,-0.241873,0.07651,-0.018246,0.189028,0.431231,0.05146,-0.054864,0.159006,1.0,0.058187,-0.266904,0.284929,0.197477,-0.160267,0.246209,-0.233308,0.176532,-0.437808,0.06107,-0.06195,-0.054169,0.159102,0.041648,-0.178098,-0.01768,-0.060675,-0.082932,0.547911,0.056612,-0.377034,0.335495,-0.404381,0.029357,0.112269,0.125328,-0.415157,-0.355909,0.188463,0.022407,-0.110075,-0.16446,0.067562,0.004256,-0.028924,-0.058335,-0.16598,0.036953,-0.224666,-0.086069,-0.104525,-0.088306,-0.036156,-0.050146,-0.086171,-0.05306,0.32433,0.225181,0.458134,-0.196222,0.054994,-0.0738,0.038026,0.185654,-0.129105,0.102371,0.175851,-0.14976,-0.057202,-0.090478,-0.329887,-0.229758,0.165725,-0.302984,-0.284764,-0.030529,-0.290048,-0.143497,0.143746,0.060075,-0.140861,-0.407953,-0.131487,0.23495,0.284418,-0.082261,0.068696,-0.385719,0.019874,0.054691,0.106811,-0.466818,-0.373246,0.079178,0.338062,0.079628,-0.290849,0.056927,-0.055915,0.240195,-0.450513,-0.034922,-0.066544,0.202989,-0.309552,-0.323794,0.0482,0.239803,-0.149619,-0.138193,0.006063,0.203996,-0.343218,0.378436,0.028497,-0.03558,0.052068,0.26065,0.118422,-0.168575,0.068188,0.066653,-0.103106,-0.018028,-0.101121,-0.01524,-0.08361,0.057819,-0.097084,-0.019288,-0.258945,-0.322774,-0.141579,0.058472,0.159818,-0.102816,-0.155731,0.236002,-0.287049,0.211919,-0.110291,-0.12425,-0.195453,-0.051919,0.20988,-0.091486,-0.15596,-0.159054,-0.149889,-0.106794,-0.270143,0.001365,0.048819,0.03562,-0.489095,-0.250677,0.073182,-0.146137,-0.162213,0.149322,-0.028629,0.26652,0.114808,-0.060381,0.090995,0.278676,-0.257366,-0.002247,0.096302,-0.196577,-0.128075,-0.099404,-0.397851,0.004504,0.285845,0.229646,0.28685,0.400968,-0.017295,0.130896,0.238645,0.154394,0.445273,-0.1229,-0.302984,0.333708,0.058215,0.184606,-0.269565,0.13989,0.391085,0.271237,-0.173873,-0.166653,#
16,0.021505,0.061853,0.263927,0.23568,0.249851,-0.033425,-0.119235,0.140751,-0.326106,-0.468694,-0.236218,0.124597,-0.143331,-0.033735,-0.189194,0.058187,1.0,-0.343737,-0.153747,-0.419563,-0.388219,0.078273,-0.152066,0.199645,-0.340807,-0.177846,-0.070428,-0.265602,-0.180172,-0.204762,0.101514,0.296177,-0.130948,-0.215084,-0.103375,-0.24316,-0.275515,0.004981,-0.041084,-0.109182,-0.038162,0.032549,0.098503,-0.063899,-0.122387,0.134266,-0.033956,-0.050627,-0.294956,-0.034273,0.275877,-0.010673,-0.010472,0.009237,0.082338,-0.046235,-0.202798,0.150828,-0.392632,-0.028487,-0.087253,-0.040104,-0.036383,0.248788,0.059436,-0.060278,-0.005902,-0.186678,-0.02986,0.186605,-0.280433,0.175933,0.062952,-0.251419,-0.366999,0.209598,-0.264555,-0.014899,-0.057729,0.028654,-0.125555,-0.019963,0.047439,0.542096,-0.026624,-0.121479,0.085522,-0.335537,-0.023476,-0.184639,0.062537,-0.037346,0.308864,-0.378542,-0.103746,-0.160816,-0.027686,0.216525,-0.40632,0.002991,0.376613,0.0,0.024593,0.121855,-0.213476,-0.352524,0.413556,-0.207965,-0.01711,0.210959,-0.331793,-0.143572,-0.107518,0.150662,0.045669,0.161951,0.204972,-0.119239,-0.182043,0.452286,-0.272059,0.133571,-0.286687,-0.030173,0.170319,-0.199368,-0.182468,0.064948,0.038267,0.046165,-0.125993,-0.112321,-0.157367,-0.338912,0.23572,-0.257588,0.280935,-0.267966,-0.503222,0.038407,0.01381,0.296087,0.157858,0.093537,-0.125247,-0.097329,-0.182115,0.033536,-0.186281,-0.030871,0.163536,0.260106,-0.119251,-0.276963,-0.093155,-0.362822,-0.484479,-0.076561,0.06059,-0.198812,0.039568,0.047632,-0.016106,-0.293701,-0.021005,-0.017644,0.076486,-0.129889,0.075601,0.140051,0.189027,-0.003589,-0.193902,0.301998,-0.503769,-0.034926,-0.214299,-0.279363,-0.321527,0.135796,-0.16269,-0.155244,0.629053,-0.077175,0.025958,-0.356345,0.04198,0.246357,0.349445,-0.196946,0.202718,0.221998,0.209288,0.402146,0.206005,0.053583,0.036422,0.241061,-0.319728,0.18609,#
17,0.183508,0.136586,0.061465,-0.041083,-0.146923,-0.166794,-0.318596,-0.026816,-0.014302,0.292786,-0.356394,-0.344147,0.320095,0.284891,-0.140533,-0.266904,-0.343737,1.0,0.094399,0.338883,0.045868,-0.068069,0.531342,0.026538,0.304142,-0.327693,0.146162,0.38527,-0.201915,-0.143739,0.13344,0.054855,0.242343,0.373268,-0.204734,0.166985,0.527102,-0.100018,0.051843,-0.29375,0.237617,0.219354,0.517937,0.007993,-0.109128,-0.273466,0.56652,0.202717,-0.075333,0.072071,0.176027,0.057769,-0.314606,-0.107017,-0.310612,-0.117196,-0.058132,-0.062074,0.161891,-0.238061,-0.188761,0.148282,-0.240437,-0.276348,-0.30006,0.189914,0.262939,0.286128,0.338808,-0.004107,0.130831,-0.133851,-0.377807,0.190433,0.303497,-0.091439,0.123481,-0.186706,-0.00778,0.000435,0.248412,-0.007216,-0.049198,0.188552,0.056541,0.181161,-0.151167,0.326899,0.162632,0.133275,0.083457,0.167532,-0.165843,0.660445,0.287886,-0.115143,0.035003,0.364158,0.355684,-0.470265,-0.230289,-0.31254,-0.162808,0.322017,0.236542,0.018836,-0.280341,0.099949,0.003444,-0.024236,0.560713,0.165766,0.478742,-0.116577,0.148062,0.025795,-0.324101,-0.144005,0.659633,-0.46596,-0.216161,-0.252551,0.036738,-0.117153,-0.265703,-0.007916,-0.155173,-0.16525,0.041904,-0.291604,0.223145,0.116013,0.528276,0.308103,0.071741,-0.122254,-0.186171,0.473498,0.269721,-0.005792,-0.044361,-0.239395,0.131734,-0.155208,-0.118613,0.106248,0.053245,0.117569,-0.215098,0.300319,-0.331679,-0.040274,0.204645,0.132366,0.092137,0.245148,0.736741,-0.032295,-0.371105,0.205126,0.079164,0.381929,0.200827,0.688084,0.277945,0.145744,0.112889,-0.131927,-0.712087,0.084388,-0.136831,0.360368,0.225071,-0.348593,-0.194618,0.19595,0.421657,0.116651,0.296999,-0.203629,-0.101824,-0.304655,-0.702048,-0.234251,-0.034835,0.082327,-0.226116,0.029056,-0.52299,0.208059,-0.258195,-0.24602,-0.023025,-0.135365,0.186993,-0.088356,-0.026386,-0.103247,0.294792,-0.234088,#
18,0.064276,0.027373,-0.190869,-0.040802,-0.043823,-0.058668,-0.08507,-0.079826,0.174345,0.048066,-0.112566,-0.220694,0.267004,0.452662,-0.055885,0.284929,-0.153747,0.094399,1.0,0.123566,0.157162,0.076806,0.075181,-0.141017,-0.390227,-0.387628,-0.049448,0.375295,0.152517,-0.379729,-0.062154,0.077762,0.127526,-0.034853,0.125465,0.016675,0.248282,0.593138,-0.345535,-0.280662,0.495145,-0.203723,-0.1111,0.029412,-0.09535,-0.241304,0.24318,-0.205632,0.320668,-0.011224,-0.225975,0.233783,-0.057985,-0.194812,-0.260984,-0.283758,-0.017086,-0.043847,0.162155,-0.32116,0.129234,-0.164577,0.282537,-0.092819,-0.05162,0.118635,0.413379,-0.124001,0.057458,0.333627,-0.225537,0.024839,0.057904,0.011513,0.250311,-0.172972,0.155477,-0.25451,0.427122,-0.017694,0.001198,0.087772,-0.029036,-0.311505,0.273997,0.013033,-0.052385,0.095124,-0.054654,0.45686,0.355502,0.083269,-0.217794,0.131425,0.163035,0.062227,0.083707,0.007769,0.101859,-0.056065,0.128364,0.091369,-0.031091,0.14007,-0.218347,0.151372,-0.420599,-0.015779,0.232256,0.036279,0.100253,0.064621,0.201009,0.071151,-0.120453,-0.037284,0.144904,0.332539,0.296074,0.02155,0.192308,0.046081,0.364708,0.235007,-0.095371,0.257558,-0.0859,0.327874,0.210189,0.308135,0.015313,0.532443,0.020153,0.073294,0.167011,0.143256,-0.305921,0.050387,-0.097136,-0.035046,0.023826,-0.169852,-0.202701,0.198247,0.136372,0.354077,0.247034,0.152333,-0.276267,0.251318,0.079569,-0.032901,0.170689,0.01887,0.15221,0.116618,0.061984,0.263222,0.132072,-0.054223,-0.152741,0.046936,-0.190227,0.046336,0.436182,-0.010058,0.080011,-0.206367,-0.167734,0.59732,-0.447589,0.459419,0.11007,-0.094487,-0.209729,0.277136,0.160397,0.088686,-0.052483,-0.128256,0.028846,0.03025,-0.09554,-0.182014,0.067905,-0.057813,0.318586,-0.005648,-0.19998,-0.332889,-0.197492,-0.270631,0.083213,-0.019026,-0.249193,-0.085933,0.111464,-0.013859,0.099616,-0.047472,#
19,-0.186293,-0.17957,-0.358965,-0.070028,-0.342096,0.110992,0.008031,-0.043648,-0.114434,0.004226,0.155321,-0.224846,0.028849,0.10422,-0.035092,0.197477,-0.419563,0.338883,0.123566,1.0,0.240801,0.250178,0.065546,-0.123527,0.074729,0.091038,0.238912,0.073624,-0.089456,0.037638,0.237964,-0.347812,0.429935,0.136138,0.379734,-0.149528,0.098296,0.275822,-0.235795,-0.164853,0.097545,0.198585,-0.123382,-0.033747,-0.017179,-0.136668,0.139062,0.009078,0.296148,-0.236497,0.227465,0.153039,-0.385375,-0.162192,-0.305537,0.281508,-0.098331,-0.208334,0.173216,-0.291241,0.073257,0.05937,0.240173,-0.145168,-0.148311,-0.098702,0.26081,0.295325,0.096529,0.187965,-0.190432,-0.050583,-0.026307,0.187928,0.478592,-0.08998,0.20467,0.103216,-0.025443,0.078233,0.027405,0.304123,0.210681,-0.341303,0.343665,0.346816,-0.132847,0.416443,0.087815,0.282762,0.286893,-0.027234,-0.249927,0.143985,0.368989,0.23234,0.268996,0.073601,0.162641,-0.079536,-0.125462,-0.224028,-0.081645,0.100321,0.287516,0.252319,-0.436922,0.365327,-0.046335,-0.183414,0.305751,-0.325605,0.236277,-0.221178,0.190924,0.269409,0.203088,0.037834,0.140194,-0.150689,0.144565,0.145965,0.222582,-0.043736,-0.188157,0.305709,0.07779,0.206516,0.167715,-0.152076,0.080879,0.184946,0.115005,0.08714,-0.085782,0.146468,-0.260394,0.335781,0.071463,0.416108,0.168054,-0.518819,0.094383,-0.053796,0.037834,0.130821,0.254983,-0.145165,0.305176,0.138004,0.212231,-0.295942,0.203286,0.377217,0.234939,0.416503,0.422421,-0.468709,0.400805,0.42067,-0.172827,0.169558,-0.071051,0.546995,-0.00489,0.143028,0.381534,0.374929,-0.22743,0.112427,-0.268933,-0.185234,0.267305,0.00848,0.06263,0.418613,0.436947,0.051659,0.268004,0.194084,-0.080004,0.035055,-0.549023,-0.128035,0.151352,0.145779,-0.122839,0.163751,-0.101399,0.089115,-0.279123,-0.108519,-0.109615,-0.349774,-0.031866,0.030854,0.051138,-0.091318,0.018214,0.054462,#
20,-0.349667,-0.156929,-0.082866,-0.019108,-0.272133,0.213736,-0.233965,0.24231,-0.3067,0.061649,-0.077554,-0.317483,-0.318395,0.105081,0.019028,-0.160267,-0.388219,0.045868,0.157162,0.240801,1.0,-0.134216,-0.322029,0.006452,0.090747,0.334179,0.144145,0.19347,-0.216735,0.097852,0.124985,-0.062383,0.071306,0.097774,-0.012309,-0.004032,-0.101154,0.356288,0.054509,-0.120988,-0.0926,-0.156407,0.151981,0.297084,0.083209,0.083794,-0.268814,-0.249908,0.054582,-0.342734,-0.224174,0.074526,-0.006591,-0.139342,-0.272862,0.153156,0.221658,-0.056305,0.053432,0.104127,-0.056068,0.246962,0.244063,-0.24955,-0.169515,0.03609,-0.244965,0.265482,-0.255089,-0.048722,0.0987,0.166088,-0.055473,0.362599,0.450743,-0.121417,0.445895,0.411343,0.374212,0.21198,0.269427,0.247963,0.287527,-0.213221,0.177757,0.006098,0.268293,0.411066,0.235405,0.417255,0.341283,0.230716,0.32247,0.133391,0.298452,0.325604,0.120565,0.395731,0.243656,0.410365,-0.418598,0.300905,0.329885,0.245256,0.140488,0.219449,-0.074909,0.142881,0.507394,-0.375899,0.20048,0.056645,0.07977,0.127353,0.354733,0.22651,0.372705,0.469854,-0.262781,0.138029,0.375459,0.437742,0.222159,0.44443,-0.001094,0.070408,0.516774,0.192334,0.095333,0.459459,0.399654,0.262503,0.113916,-0.129113,0.329645,0.455329,-0.165595,0.448677,0.196152,0.218695,0.284659,-0.311734,-0.00024,0.275047,0.469854,0.124559,0.694695,-0.29109,0.254931,0.239722,0.300768,0.267983,0.557208,0.254779,0.275804,0.317607,0.092349,-0.289221,0.004811,0.239173,0.019204,0.063956,0.30871,0.109531,-0.064855,-0.181545,-0.02477,-0.07399,0.282766,0.318256,-0.298663,-0.374145,-0.185837,0.358472,0.047421,0.308926,0.228342,-0.133678,-0.111874,-0.140527,-0.117615,-0.423953,-0.25535,0.15272,-0.162234,0.002847,-0.149515,0.032674,0.163939,-0.206045,0.184345,-0.100012,-0.485981,-0.509036,0.209834,-0.130445,-0.485759,-0.082694,0.387494,-0.007314,#
