0,1.0,-0.010787,0.125281,0.012622,0.215337,-0.000572,0.073471,-0.183689,0.154731,0.008238,-0.339943,0.099301,-0.287922,0.060823,0.099821,-0.094438,0.12017,-0.057923,-0.191008,-0.037315,-0.304324,-0.254867,-0.467296,-0.064141,0.36413,-0.364602,0.031213,-0.260094,0.294697,0.103697,-0.604353,-0.168774,-0.153471,-0.091442,0.07504,-0.044167,-0.024944,0.068375,-0.230081,0.231161,-0.275722,-0.28833,-0.458437,-0.056605,0.149113,-0.008847,0.120281,0.015825,0.10212,0.420523,0.118357,-0.060502,0.225928,0.16818,0.104465,0.050041,0.312725,-0.064549,-0.185363,0.188513,0.160014,0.388348,0.334443,-0.378299,-0.29025,-0.345186,-0.033888,-0.258621,-0.002591,-0.012093,-0.036061,-0.037688,-0.041128,-0.149688,-0.119049,0.133254,-0.092607,-0.305012,0.12778,-0.090532,0.231167,-0.012785,0.151524,-0.376267,-0.064673,0.110321,-0.229418,0.117393,0.022924,-0.373504,0.152248,-0.05548,0.207765,0.10335,0.098003,-0.315559,0.033999,0.024452,0.120816,-0.139577,-0.095655,0.122643,-0.137101,0.041451,-0.008819,0.026677,0.310989,0.073827,-0.049539,-0.508443,-0.078292,0.0,0.117454,-0.236793,-0.119032,-0.349966,-0.035319,-0.183984,0.146966,-0.219372,0.391194,-0.059536,0.063331,0.12088,0.20063,-0.113087,-0.118986,-0.094022,-0.316322,0.150034,0.025906,-0.292971,-0.093338,0.121423,0.033861,-0.040983,0.137633,-0.022843,-0.054803,0.119948,0.044633,-0.404326,0.351036,-0.120148,-0.201822,-0.126421,0.128584,0.184845,0.018051,0.115208,-0.31333,0.148736,0.364593,-0.223337,0.280594,0.267767,-0.013514,0.0262,-0.087145,0.081734,-0.153149,0.038541,0.335479,-0.064031,-0.225435,-0.010187,0.071397,0.280258,0.024172,-0.333018,0.033616,-0.095038,0.218107,-0.160146,-0.045564,-0.009652,0.215741,0.21782,0.114037,-0.403326,-0.093313,-0.151982,-0.063919,0.06872,0.037571,-0.174433,0.512368,-0.393992,-0.092813,0.115192,-0.342994,0.044284,0.045361,0.131554,-0.292606,0.052343,-0.227998,-0.180516,0.091525,-0.270958,#
1,-0.010787,1.0,-0.249583,0.034455,0.426184,0.191362,0.09675,-0.183756,-0.03115,0.189374,0.039409,-0.069389,0.296685,0.062587,-0.226901,-0.063294,-0.101635,0.151966,-0.134235,0.191671,0.260528,0.493304,0.300254,-0.046883,-0.095189,-0.369855,0.246844,0.2506,0.163243,0.333623,-0.338991,-0.176843,0.108834,-0.593476,-0.112141,-0.061849,0.181798,-0.699083,0.057541,0.270709,-0.075906,0.280859,0.252565,-0.112034,-0.063098,0.256056,-0.073358,0.500614,-0.098004,0.069115,0.222801,-0.616702,0.226949,-0.23266,0.076445,-0.161018,-0.10845,0.279922,0.237548,0.132812,0.157845,0.019431,0.122061,0.284421,-0.164515,0.316883,-0.031255,0.362753,0.406288,0.033468,-0.474969,-0.396684,0.233197,-0.322922,-0.461779,0.111879,-0.467207,-0.140154,-0.253404,-0.454834,-0.319964,-0.792762,-0.220848,-0.210741,-0.414048,-0.437618,-0.018842,-0.254727,-0.183706,-0.184059,-0.40881,-0.420282,-0.171383,-0.467197,-0.447045,-0.143762,-0.649588,-0.530734,-0.256664,-0.52695,0.052199,-0.250813,-0.150726,-0.135913,0.021662,-0.189919,-0.234566,-0.516336,-0.23655,-0.142244,0.04464,0.0,-0.413158,-0.598384,0.082578,-0.135414,-0.22397,-0.079874,-0.023524,-0.219372,-0.201348,-0.260241,-0.603786,-0.415857,-0.072464,-0.127709,-0.119524,0.174591,0.084009,-0.427336,-0.229093,-0.309442,-0.059897,-0.10097,-0.453384,-0.237914,-0.183756,-0.21985,0.168456,-0.724927,-0.324867,-0.297552,-0.014477,-0.109104,-0.010115,-0.046165,-0.23655,0.376266,-0.455701,-0.057523,-0.506206,-0.417439,-0.311645,-0.257592,-0.168746,0.050516,-0.171697,0.397889,-0.30297,-0.467171,0.092108,0.051987,-0.220848,0.1202,-0.418745,0.53985,0.067085,-0.252656,-0.006292,-0.136538,0.048421,0.129788,-0.388472,-0.153622,0.324178,-0.417777,-0.271924,0.020205,0.473033,-0.519155,0.640006,-0.324435,-0.294776,0.450923,0.418116,-0.598858,-0.193813,-0.215925,0.031909,0.541369,-0.472116,0.468245,0.418949,0.331495,0.132372,-0.288912,0.314564,-0.397484,-0.139447,0.181266,#
2,0.125281,-0.249583,1.0,0.188261,0.128632,0.078278,-0.03359,0.031362,0.455026,0.04438,-0.14622,0.177703,-0.368446,0.304569,-0.163834,-0.456263,-0.268987,0.114342,-0.121803,0.461157,-0.491171,-0.451647,-0.079931,0.137387,0.100797,-0.072577,-0.023707,-0.248591,0.156949,-0.268815,0.344835,0.340257,-0.472793,0.367555,-0.101237,0.042249,0.050595,0.109358,-0.354122,-0.52075,-0.239563,0.049139,-0.271832,-0.013002,-0.114362,-0.31081,0.222978,0.043364,-0.202504,0.288385,-0.263051,0.433203,0.034578,0.171716,-0.156594,-0.012684,0.079715,-0.238703,-0.316566,-0.042689,0.264473,0.257397,-0.007144,-0.319167,-0.093299,0.022922,0.243887,-0.065789,-0.082386,0.369368,0.307688,0.195,0.00855,0.314169,-0.068115,0.158496,-0.032303,-0.045646,0.153167,0.231291,0.251977,0.225571,-0.066127,0.600649,0.041029,0.327416,-0.326463,0.027209,0.140506,-0.06008,0.093122,0.183842,0.165422,0.425697,0.023036,0.060809,0.327568,-0.056416,0.343122,0.38285,-0.348668,-0.312254,0.112375,0.340683,0.053343,0.032659,0.290845,0.246706,0.00303,0.028239,0.355408,0.0,0.195862,0.355607,0.209947,0.194081,-0.213564,-0.053421,0.315594,0.071671,-0.054204,0.494019,0.262591,-0.150124,-0.177664,0.312653,0.06815,-0.185103,0.036143,0.027677,0.406043,0.441624,-0.202542,0.095662,0.231751,0.210436,0.007631,0.436924,-0.123081,0.339658,0.524487,-0.030084,-0.105684,-0.048303,0.405439,0.373001,0.223064,0.078703,-0.012104,0.037512,0.182088,0.452783,0.293877,0.538969,0.478456,-0.054502,0.025689,0.1909,0.5355,0.100867,-0.102923,-0.120663,0.587541,0.303823,0.446567,-0.104638,0.126864,-0.039152,0.458523,-0.123124,0.027096,0.347166,-0.069851,0.269533,-0.216102,0.418797,0.196765,0.41241,0.024098,0.044866,0.030142,0.013137,-0.045365,-0.288228,-0.208526,0.626874,0.162192,0.405439,-0.462676,0.170771,0.476463,-0.725501,-0.234512,0.209615,-0.454106,-0.21329,-0.027881,0.020842,0.213255,0.271666,#
3,0.012622,0.034455,0.188261,1.0,-0.023099,-0.05102,-0.22092,-0.018749,-0.186174,0.178533,-0.174432,0.16075,0.024311,-0.194663,-0.22518,0.020167,-0.151718,-0.107152,-0.44476,0.151982,-0.171031,0.056308,-0.291737,0.242475,-0.169631,-0.062476,-0.114579,-0.241032,-0.031822,-0.166494,0.082172,-0.156423,0.044751,0.498549,0.147513,-0.399198,0.007962,0.063821,-0.159507,-0.013142,-0.006267,0.188318,0.02221,-0.222864,0.247814,0.434813,-0.411485,-0.306836,0.270136,0.056275,-0.179179,0.133156,0.28472,-0.026686,-0.060097,-0.086455,-0.266353,0.220849,-0.275591,-0.260809,0.015456,0.003246,0.245016,0.004504,0.038578,-0.295779,-0.276903,-0.214108,-0.244648,0.195679,-0.168347,0.179581,0.38452,0.250648,-0.235541,0.19996,-0.0056,0.582699,0.506644,-0.157093,0.099324,0.159627,0.105685,0.107044,0.197026,0.184449,0.303931,-0.105729,0.077095,-0.186076,0.066756,0.019746,0.357267,0.13283,0.176591,-0.103205,0.109475,0.054751,0.203124,0.293595,-0.027419,0.255943,0.41306,0.207477,0.339948,0.061641,0.072338,0.026407,-0.451002,-0.138761,-0.34573,0.0,0.031735,0.197728,-0.194577,0.495539,0.255287,0.070555,-0.333521,0.231637,0.370822,0.172315,0.133698,0.187641,-0.170992,0.143891,0.074996,-0.38901,-0.174964,0.27507,-0.188438,-0.060167,0.250679,0.364006,0.069112,0.428095,0.259239,0.075617,-0.325185,0.234857,0.037183,0.275946,0.056758,-0.264397,0.508605,0.360374,0.082344,-0.369972,0.051832,-0.277333,-0.135811,-0.232953,0.02314,0.243863,0.133698,0.310325,-0.235419,-0.123862,0.418403,0.167843,0.493564,0.324026,0.444485,0.091228,-0.091153,-0.280919,0.005808,-0.252024,0.340388,0.085611,0.071354,-0.269813,0.015289,0.120056,-0.19542,-0.00431,-0.076764,-0.224069,-0.438271,-0.129707,-0.103647,-0.349726,0.326657,0.000894,-0.355973,0.10899,-0.364709,-0.028212,0.091943,-0.271919,-0.199139,-0.16408,-0.571829,-0.120606,0.034796,0.025052,-0.198821,-0.049133,-0.029718,0.164615,#
4,0.215337,0.426184,0.128632,-0.023099,1.0,0.03818,0.39619,0.267823,0.343318,-0.048004,-0.194367,0.110264,0.075413,0.21214,-0.086779,-0.043336,0.081892,0.197962,0.003952,0.228457,0.052031,0.12244,0.284119,-0.001244,-0.320968,-0.452222,0.173808,-0.014878,0.497323,0.072844,-0.340498,-0.060372,0.071035,-0.371487,0.079167,0.140819,0.415385,-0.524386,-0.383882,-0.116481,0.035624,0.420989,-0.231785,-0.353269,0.273149,-0.047503,0.415816,0.482304,0.212965,0.040378,-0.111446,-0.470407,0.321949,-0.279105,-0.129765,-0.282947,0.130747,-0.1085,0.273249,0.241398,-0.023158,0.235478,-0.181606,-0.346126,-0.234767,0.18445,0.183538,0.235675,0.402679,0.080065,-0.202432,-0.327915,0.001689,-0.290958,-0.300659,0.140761,-0.304887,-0.439902,-0.549584,-0.216431,-0.136378,-0.428221,-0.160821,0.044472,-0.210418,0.102226,-0.454009,-0.062024,0.164118,-0.25405,-0.162166,-0.361439,-0.074534,-0.461112,-0.249382,-0.366289,-0.372037,-0.347192,-0.212258,-0.370838,-0.319405,-0.391767,-0.343676,-0.043576,-0.054497,-0.401386,0.000856,-0.307891,-0.219976,-0.347059,0.265585,0.0,-0.206661,-0.358319,0.080104,0.007378,-0.153,-0.502544,0.198615,-0.174594,0.029049,-0.234516,-0.111724,-0.693901,-0.183144,0.339772,-0.3005,0.164463,0.137788,-0.381155,0.215047,0.025924,-0.154501,0.01579,-0.430289,-0.207249,-0.031044,-0.144389,0.277853,-0.204584,-0.061421,-0.00437,-0.076559,-0.241878,-0.235059,-0.105021,0.134585,0.197905,-0.437051,-0.213172,-0.453368,-0.01485,0.052455,-0.192616,0.101444,-0.143423,0.13284,0.433223,-0.373178,-0.123905,0.119116,-0.153542,0.035683,0.3557,-0.148362,0.282419,0.050544,-0.217016,-0.128573,-0.039456,-0.349909,0.377974,-0.316601,-0.092083,-0.130239,0.083898,-0.248504,0.209396,0.262851,-0.402487,0.275335,-0.189703,0.079632,0.085009,0.195105,-0.230566,-0.004329,-0.25242,-0.177585,-0.031141,-0.143052,0.207836,0.355906,0.329195,0.007288,0.011989,0.342073,-0.304093,-0.15452,0.004973,#
5,-0.000572,0.191362,0.078278,-0.05102,0.03818,1.0,0.154316,0.333154,0.182198,-0.329323,0.118764,0.133174,-0.329233,-0.101605,-0.180738,-0.326904,0.188112,-0.075267,-0.025272,-0.065004,0.114845,0.417556,0.211827,-0.402003,0.183803,-0.140703,0.071239,0.237878,-0.086311,0.196465,0.04769,0.046147,0.009148,-0.222495,-0.494223,0.263081,-0.112613,0.10659,0.210207,-0.068692,0.066747,-0.135495,0.156194,-0.123294,-0.435218,0.030242,0.104704,0.230249,-0.215907,0.051479,-0.258751,0.022893,0.105156,0.023139,0.44806,0.265473,-0.441344,0.217079,0.043589,-0.02117,-0.013046,-0.001954,0.179301,0.110391,-0.21462,0.020524,0.063294,0.163944,0.050711,0.3806,-0.062969,-0.335048,0.085735,-0.310383,-0.166943,0.271589,-0.153167,-0.141152,0.080524,-0.301907,-0.311421,-0.372688,-0.020368,0.158571,-0.371325,0.232106,-0.198189,-0.044256,0.216098,-0.278245,0.196881,-0.085861,0.047622,-0.200145,-0.039853,-0.045483,-0.005994,-0.110822,0.139017,-0.204607,0.075534,-0.233729,0.227945,-0.276016,-0.144022,-0.144255,0.204517,-0.324879,0.216373,0.079171,-0.047847,0.0,-0.101594,-0.567815,0.373346,-0.172525,-0.1474,-0.132963,0.217517,0.106518,-0.008679,-0.0916,-0.198533,-0.07885,0.158112,0.045516,0.349102,0.399764,0.150409,-0.07432,0.127538,0.060407,0.108647,-0.332184,0.200034,0.098212,0.025007,-0.14994,0.057702,-0.307965,-0.115787,-0.111131,-0.054582,0.348095,-0.019066,-0.168611,-0.077368,0.244362,0.146082,-0.248454,0.012884,0.081041,0.298279,-0.145098,-0.199004,0.009147,0.040159,-0.081998,0.115157,0.026586,0.091262,0.204496,-0.020752,0.08954,0.203224,0.181066,-0.222233,-0.273594,0.110869,-0.038645,-0.021692,0.086773,-0.010399,0.003144,-0.013557,-0.040296,-0.013305,0.240983,0.152492,-0.245076,-0.009732,-0.035701,-0.185457,0.311209,0.081841,-0.000134,0.072314,-0.019066,-0.092185,0.300581,0.120982,0.036007,0.072979,0.350112,0.308362,0.346005,0.098543,0.015994,-0.177567,0.046146,#
6,0.073471,0.09675,-0.03359,-0.22092,0.39619,0.154316,1.0,0.288503,0.076014,0.045038,0.100814,-0.279018,0.062758,0.052301,0.257371,-0.063316,0.096801,0.12169,0.059018,0.097917,0.383786,0.259009,0.119686,-0.130198,-0.309424,-0.130964,0.184436,0.024633,0.235553,0.096326,-0.266398,0.293299,0.472681,-0.178832,0.136619,-0.027284,0.019508,-0.153832,-0.379806,-0.310415,-0.094036,0.020211,0.225822,-0.362023,-0.070855,-0.256573,0.097656,0.208113,0.139726,0.022905,-0.271337,-0.236308,-0.029342,-0.077174,-0.119412,-0.271876,0.296668,-0.265711,0.109146,0.11963,-0.028775,0.091213,-0.15706,-0.18653,-0.375725,-0.183918,0.23396,-0.026389,0.08575,0.299399,0.036179,-0.363867,0.020312,-0.011855,0.019761,0.193,0.060595,-0.328833,-0.55159,-0.010799,-0.341277,-0.086294,-0.188985,0.041388,-0.334645,0.072162,-0.270402,-0.044749,0.152325,-0.230732,-0.321849,-0.254785,-0.069018,-0.121723,0.069878,-0.021473,-0.21223,-0.206003,-0.528979,-0.036894,0.03019,-0.357647,-0.175007,-0.05585,0.014503,-0.093944,0.32017,-0.186474,-0.100814,-0.037044,0.220776,0.0,-0.223339,-0.238517,0.005459,-0.053963,-0.359945,-0.169093,0.102438,-0.036143,0.074315,-0.044001,0.10661,-0.260687,-0.389939,0.413008,-0.332019,0.402107,0.327084,-0.346802,0.044466,-0.063861,-0.177737,0.032863,0.048935,-0.00516,-0.019432,-0.339148,-0.067085,-0.00673,0.11322,-0.174448,0.131782,0.076049,-0.397441,-0.22569,0.184705,0.249552,-0.001567,-0.01366,-0.222657,0.051351,0.018015,-0.21377,0.326246,-0.115133,-0.076714,0.268937,-0.339333,-0.269326,0.018776,-0.11807,-0.17288,0.280183,0.010426,0.14337,-0.011677,0.100242,-0.153137,0.010038,-0.033405,0.171972,-0.282097,-0.092783,-0.167276,0.275637,-0.112686,0.282865,0.296799,-0.179653,0.003576,0.078351,0.198524,0.28902,-0.120414,-0.04913,0.086538,-0.265571,0.032443,-0.155263,-0.151142,0.076951,0.221296,0.360207,0.388253,0.193825,0.083264,-0.034473,-0.159546,-0.188966,#
7,-0.183689,-0.183756,0.031362,-0.018749,0.267823,0.333154,0.288503,1.0,0.016903,-0.33216,-0.02843,-0.099569,0.06737,-0.02754,-0.107325,-0.103092,-0.147337,-0.356501,-0.12742,-0.182253,0.293623,0.285494,0.203419,-0.026214,-0.147354,0.064075,0.173695,0.183787,0.219194,-0.147276,0.148097,0.075842,0.236038,0.037294,-0.053636,0.090463,0.314211,0.236592,-0.108868,-0.305499,0.429179,0.360089,0.138126,-0.060082,-0.146064,-0.179684,0.241417,0.180867,0.178251,-0.424766,-0.67266,-0.108083,-0.163907,-0.356231,0.141353,-0.076146,-0.270333,0.067452,0.051073,0.075366,-0.451015,-0.195927,-0.515397,0.091381,0.034082,0.15593,0.272876,0.16464,0.066559,0.182511,-0.163803,-0.185859,0.293626,0.004858,-0.024198,0.072697,0.387434,0.004868,-0.282928,-0.072977,-0.306334,-0.129088,0.026456,0.052737,-0.003805,0.315396,-0.157919,0.026391,0.20722,-0.26118,0.246494,-0.002475,0.052242,-0.220985,0.223423,0.357774,-0.059054,0.205435,0.027871,-0.008852,0.103893,-0.202001,0.205435,-0.240558,-0.019612,-0.240069,0.248862,-0.085192,0.098409,0.071484,0.194342,0.0,-0.002475,0.024939,0.227637,0.193078,-0.072984,-0.108334,-0.260015,0.322636,0.134944,-0.282884,0.15367,-0.283033,-0.310482,0.281917,0.00487,0.183787,0.191999,0.127001,0.131974,0.287128,0.166713,-0.34885,0.150601,0.127001,-0.086917,-0.070775,0.202263,0.172912,0.048899,0.176159,-0.239478,0.224693,-0.127914,-0.286074,-0.202122,0.011706,0.127721,-0.202005,0.209424,0.244153,0.213592,0.129269,-0.198799,-0.220452,0.355829,-0.273881,-0.159142,-0.220973,0.205557,-0.108823,0.056039,0.248724,-0.044594,-0.01974,-0.220596,-0.267509,-0.183674,0.043962,-0.235948,0.129489,0.129773,0.149403,-0.257153,0.183847,-0.128621,0.039683,-0.283265,0.120522,-0.280115,0.238571,0.265664,-0.084407,-0.305069,0.198575,0.013929,0.183847,-0.003793,-0.199454,0.180233,0.085209,-0.006736,0.01244,0.202493,0.418351,-0.045282,0.19525,-0.220492,-0.128211,#
8,0.154731,-0.03115,0.455026,-0.186174,0.343318,0.182198,0.076014,0.016903,1.0,0.129967,-0.160156,0.327013,0.018886,0.718568,-0.322233,-0.367509,-0.03001,0.512608,0.382468,0.346681,-0.265932,-0.388823,0.174302,-0.430256,-0.049384,-0.146197,0.25819,-0.043407,0.219859,-0.03855,-0.000468,0.42954,-0.233111,-0.079899,-0.174763,0.423367,0.300888,-0.285582,-0.326867,-0.292583,-0.19511,0.280847,-0.311461,0.080945,0.137442,-0.464187,0.41455,0.3897,-0.223985,0.461548,0.215654,-0.026401,0.072928,0.186893,-0.396984,0.180874,0.23555,-0.059639,0.182725,0.179773,-0.350758,0.142397,-0.04784,-0.341916,-0.259695,0.162252,0.488039,0.254777,0.179373,0.319327,0.273848,-0.172101,-0.386068,-0.088284,0.030239,0.132314,-0.01072,-0.436394,-0.081509,-0.003136,-0.122346,-0.172932,-0.014102,0.360995,0.106363,0.092824,-0.377097,-0.241931,-0.127036,-0.120496,-0.149492,0.103949,-0.100866,0.172113,-0.385094,-0.064694,0.017903,-0.303021,-0.06639,-0.095206,-0.322007,-0.279622,-0.135517,0.073332,-0.200544,0.074064,0.194852,-0.080333,0.057089,-0.219233,0.342664,0.0,0.266689,-0.036276,0.135526,-0.290704,-0.130142,-0.117822,0.559052,-0.205616,0.134952,0.099254,0.018475,-0.38647,0.049443,0.199529,-0.314935,0.137515,-0.025968,-0.116429,0.352816,0.522885,-0.455844,0.239763,-0.047713,-0.106683,0.318405,0.383025,0.269251,0.103272,0.416037,-0.105332,-0.246642,-0.057172,0.004236,-0.211515,0.438727,0.510583,-0.070569,0.260629,-0.057728,0.198557,0.335143,-0.06812,0.233522,-0.185393,0.154623,0.4535,0.116294,0.322952,-0.092122,-0.094522,0.015183,0.559528,0.381892,-0.029853,-0.005457,0.046726,0.149105,0.100349,-0.061504,0.248818,0.130713,0.019703,-0.327676,0.170415,0.036115,0.181434,0.246539,-0.243608,0.26343,0.153789,-0.472069,-0.211911,0.025598,0.304443,0.328877,0.004236,-0.740262,0.241208,0.320598,-0.354828,0.015446,0.160005,-0.308493,-0.060784,0.04006,-0.052512,0.368229,0.329069,#
9,0.008238,0.189374,0.04438,0.178533,-0.048004,-0.329323,0.045038,-0.33216,0.129967,1.0,0.044988,-0.000373,0.206222,0.286712,-0.410149,0.203876,-0.152983,0.239694,0.022104,0.178063,-0.007851,-0.101584,0.02379,-0.056764,0.035095,-0.014247,-0.076606,-0.386712,-0.057268,0.232523,-0.10615,0.040706,0.065528,0.180822,0.369606,-0.091967,-0.145704,-0.399977,-0.170505,-0.032241,-0.332641,0.035394,0.255548,0.04017,0.0703,0.02161,-0.120046,-0.130096,-0.323639,0.287607,0.326288,-0.03464,0.09777,0.277459,-0.249712,0.224908,0.193397,-0.030883,0.05125,0.011573,0.029169,-0.001343,0.404782,0.006966,-0.442391,0.047478,0.165465,-0.153274,-0.14822,0.036799,0.102252,-0.190268,-0.059997,0.107199,-0.035293,-0.20966,0.166612,0.101557,0.198708,0.172291,-0.06954,-0.009267,-0.044344,-0.044353,0.205734,-0.458276,0.167331,-0.110905,-0.106232,0.145581,-0.248155,0.03458,0.229602,0.332893,-0.150256,0.068393,-0.207862,-0.109245,-0.299318,0.31653,-0.182875,0.426124,0.07785,0.3847,0.187776,0.229813,0.082488,0.12018,-0.261329,0.062818,-0.173962,0.0,-0.101114,0.190123,-9.2e-05,-0.072183,-0.236766,0.112045,0.171101,0.013257,0.196193,0.535541,-0.043371,-0.109619,-0.090033,0.143918,-0.387947,-0.220322,0.05786,0.256492,0.047827,0.261249,-0.299442,0.646011,0.005125,0.256492,-0.04411,-0.246455,-0.136219,0.060897,0.229675,-0.119681,0.39369,0.032511,0.168704,0.179996,0.095029,0.155376,-0.152215,0.257755,-0.286294,-0.071151,-0.371831,0.091848,0.357617,0.175345,-0.113777,0.394913,0.247684,-0.022033,-0.003162,0.080293,-0.212484,0.416099,-0.076136,-0.297339,0.152934,0.274467,0.182108,0.08134,0.073862,-0.052027,0.195403,-0.044593,0.137339,0.010215,-0.285693,-0.002045,-0.127558,-0.244752,0.195438,-0.179339,-0.071957,0.014061,-0.220783,0.12575,0.091712,-0.014106,-0.135428,0.073657,-0.176621,-0.174831,-0.0685,-0.133648,0.059279,-0.171144,-0.07624,0.043593,0.308021,-0.031095,#
10,-0.339943,0.039409,-0.14622,-0.174432,-0.194367,0.118764,0.100814,-0.02843,-0.160156,0.044988,1.0,0.16193,-0.115505,-0.168168,0.022782,-0.111027,0.248151,0.004382,-0.017044,-0.165784,0.363235,0.354379,0.081382,0.313161,0.057603,0.30336,-0.249058,0.128709,0.158223,0.271857,-0.044725,-0.104986,-0.321841,0.032377,0.206917,0.106233,-0.049548,-0.076763,0.109548,0.020616,-0.297016,-0.030619,0.293685,-0.206948,-0.1419,0.142797,-0.262921,-0.391942,0.053451,-0.111243,-0.102847,-0.012352,-0.213805,0.178781,-0.056145,-0.177827,-0.266574,-0.0927,0.186086,-0.047094,0.058178,-0.131475,0.103659,0.166997,0.241061,0.014767,-0.033867,-0.092673,0.024296,-0.164045,-0.320968,0.062651,0.178006,-0.05946,0.260028,0.2431,-0.154183,-0.069519,-0.138666,0.025433,-0.232789,-0.040702,-0.545838,0.278837,-0.08141,-0.315654,-0.176441,-0.089812,-0.309809,0.170093,-0.086432,-0.326579,-0.466776,0.123919,-0.192492,0.088325,-0.141374,-0.103926,-0.409927,-0.028709,0.162734,-0.056169,-0.281752,-0.155769,0.24009,-0.135693,-0.104553,0.061183,-0.292926,0.531371,-0.178308,0.0,-0.297675,0.008172,0.082295,0.064564,-0.247323,-0.006659,0.1501,0.220543,-0.332495,0.02769,-0.460175,0.008588,-0.022651,-0.010537,-0.053727,0.058438,0.21056,-0.068244,0.038266,-0.016182,0.060888,-0.207501,0.125139,0.272275,-0.02843,-0.241366,0.015684,-0.323641,0.032058,0.177728,0.084055,0.307009,-0.01114,0.175632,0.110367,-0.108843,0.041116,-0.2286,0.044663,-0.017459,-0.422578,-0.119231,-0.273093,-0.501015,-0.217147,-0.034555,0.080976,0.016919,0.188203,0.104011,-0.552584,-0.030082,-0.080132,0.097378,-0.411078,-0.041041,-0.035817,0.110959,-0.057491,-0.200146,-0.338592,-0.439166,-0.027574,-0.388032,-0.34119,0.202907,0.106095,0.225102,0.111448,0.119671,-0.092944,0.196769,0.177963,-0.247026,-0.242836,-0.01114,0.388296,0.166274,-0.080449,0.216265,-0.004429,0.104008,0.289739,0.056789,0.323131,-0.158774,-0.284304,-0.023023,#
11,0.099301,-0.069389,0.177703,0.16075,0.110264,0.133174,-0.279018,-0.099569,0.327013,-0.000373,0.16193,1.0,-0.291696,0.141301,-0.032161,-0.013943,0.191137,-0.120466,-0.109547,0.030198,-0.336201,-0.132414,-0.159686,0.07394,0.19197,-0.050819,-0.377296,-0.085554,0.259077,0.20687,-0.123681,0.181899,-0.438706,-0.013128,-0.238809,0.373431,-0.128893,-0.017733,0.057555,0.167522,-0.124658,-0.084204,-0.113027,-0.110718,0.156564,0.104259,0.051951,-0.276676,0.322,0.167963,0.258655,0.010183,-0.145015,0.16328,0.007742,0.253434,-0.218377,-0.212236,-0.178073,-0.173349,-0.216487,0.089607,0.413233,-0.268732,-0.056442,-0.104869,0.093724,-0.147387,-0.019475,0.047706,0.101557,-0.229684,-0.11567,-0.065035,-0.114422,0.276475,-0.323248,-0.064788,0.178605,-0.194659,0.272977,-0.133615,0.105489,0.293438,0.054782,-0.008361,-0.143938,-0.283074,0.136076,-0.306878,-0.000785,0.008779,0.034318,-0.017171,-0.096934,-0.063407,-0.120283,-0.206369,0.077356,-0.090289,-0.285322,0.002861,-0.035626,0.207833,-0.149262,0.038502,0.008201,-0.232731,-0.077278,-0.284708,-0.29497,0.0,-0.169475,0.016032,-0.210788,-0.003009,0.196462,-0.190147,0.163599,0.044996,0.087998,0.161306,-0.223276,0.017949,0.500474,0.120893,-0.274113,-0.355339,-0.323363,-0.19358,0.056882,-0.055222,-0.03777,0.055875,0.147748,0.161669,0.21441,0.193516,0.084272,-0.081591,0.375959,0.13459,0.125672,0.032284,-0.131065,-0.13555,0.159464,0.027134,0.093133,-0.375859,-0.144391,0.239103,0.083496,-0.066199,-0.223755,-0.141355,0.118174,-0.245627,0.15576,0.242118,0.183703,0.026908,-0.046997,-0.094655,-0.14832,-0.286253,-0.008993,-0.02659,0.412248,0.132079,-0.203235,-0.232093,-0.100923,-0.427729,-0.052396,-0.152697,-0.207581,-0.175215,-0.10648,-0.097336,-0.078035,-0.018465,-0.023065,0.10059,0.15123,0.003074,0.13463,-0.131065,-0.182857,-0.032346,-0.124385,0.063913,-0.059704,-0.058534,0.12942,0.027298,0.09881,-0.172767,-0.042574,0.12595,#
12,-0.287922,0.296685,-0.368446,0.024311,0.075413,-0.329233,0.062758,0.06737,0.018886,0.206222,-0.115505,-0.291696,1.0,0.192616,-0.076947,0.369434,-0.37306,0.256431,0.095687,0.107263,0.357906,0.139627,0.015006,-0.043354,-0.373104,0.008514,0.301895,0.29822,-0.025544,0.044646,0.0,0.22379,0.38702,-0.209129,0.057115,-0.16103,0.348313,-0.376705,-0.275657,0.196151,-0.057845,0.466395,0.285499,0.45855,0.083231,-0.006344,-0.286054,0.159395,-0.068905,-0.325452,0.184782,-0.309564,0.134442,-0.325247,-0.285285,-0.174899,-0.046512,0.256964,0.216292,-0.183044,-0.414588,-0.095413,-0.37358,0.288629,0.047521,0.167171,0.135183,0.184025,0.280175,-0.194384,-0.168454,-0.002996,-0.083455,0.026252,0.084351,0.076113,0.096973,0.013345,-0.219182,-0.313011,-0.143125,-0.26773,0.119626,-0.156858,0.13435,-0.267248,0.458534,-0.073521,-0.41614,0.05087,-0.249292,-0.264283,-0.124578,-0.196476,-0.31952,0.036531,-0.308143,-0.048519,-0.426867,-0.071893,0.072523,0.01989,-0.055042,-0.261765,0.025657,0.23207,-0.282789,0.006155,-0.199836,-0.081833,0.222849,0.0,-0.039055,-0.060382,-0.125491,-0.007911,0.06995,0.224964,-0.308027,-0.022426,0.072774,-0.200677,-0.076219,-0.239263,-0.297497,0.067306,-0.307469,0.061537,0.011111,-0.151644,-0.330646,-0.120165,-0.148572,0.107216,-0.124898,-0.151644,0.091823,0.084602,0.139659,0.000895,-0.093113,0.059611,-0.276628,-0.138764,-0.050562,-0.162052,-0.141754,0.123687,-0.35904,0.178262,-0.008955,-0.088214,-0.174179,-0.151817,-0.270576,-0.081478,-0.041526,0.139428,-0.345574,-0.205905,0.144392,-0.275541,-0.203909,0.106476,-0.26595,0.129099,-0.231248,0.113685,-0.109807,0.094596,-0.12788,-0.024989,-0.112288,0.137338,0.144063,-0.10323,-0.136876,-0.182782,0.083439,-0.181012,0.296616,-0.05937,-0.185305,0.222489,0.026311,-0.172575,-0.145937,-0.10323,-0.0809,0.037181,-0.164481,0.322271,0.191854,-0.098696,-0.035174,-0.061753,-0.051105,0.102872,0.180166,0.152356,#
13,0.060823,0.062587,0.304569,-0.194663,0.21214,-0.101605,0.052301,-0.02754,0.718568,0.286712,-0.168168,0.141301,0.192616,1.0,-0.188825,-0.267565,-0.105356,0.309916,0.12817,0.446126,-0.162194,-0.36299,0.079989,-0.330546,0.075658,0.013086,0.179672,-0.048004,0.06135,0.079906,-0.179805,0.291784,-0.010251,-0.210897,-0.251822,0.320097,0.251975,-0.36491,-0.382585,-0.321398,-0.171682,0.256289,-0.231593,0.161544,0.062772,-0.555049,0.404714,0.279473,-0.137806,0.271722,0.218422,-0.103438,-0.060481,0.271138,-0.514838,0.208209,0.315315,-0.040743,0.247515,0.20625,-0.318867,0.239388,-0.176108,-0.084505,-0.179219,0.327878,0.422329,0.330882,0.260051,0.45386,0.160188,-0.061296,-0.010015,0.027985,-0.120267,0.151098,0.012369,-0.150366,-0.219876,0.093384,0.16773,-0.261167,-0.009343,0.233899,-0.032151,0.088316,-0.29334,-0.404206,-0.197175,-0.099238,-0.327466,0.247005,-0.058241,0.22289,-0.441619,0.104126,-0.033484,-0.209832,-0.07226,-0.120272,-0.279264,-0.219695,-0.206285,-0.043275,-0.210095,-0.066908,0.310784,-0.145582,0.095109,-0.185163,0.499356,0.0,-0.027567,0.1054,0.101744,-0.194834,-0.332548,-0.102339,0.426174,-0.341955,0.04438,-0.039127,0.08325,-0.39239,0.025827,-0.106293,-0.332639,-0.078279,-0.047121,-0.219806,0.017149,0.523005,-0.537874,0.043871,0.01427,-0.20343,-0.003898,0.341457,0.311316,0.178741,0.299507,-0.475399,-0.223152,-0.359658,-0.230078,-0.328104,0.175217,0.663103,-0.227377,0.464111,-0.126144,0.155875,0.067359,-0.004631,0.298328,-0.153926,0.336158,0.44264,0.035523,0.05381,-0.257946,-0.150183,0.179536,0.693614,0.179633,0.083372,0.019323,0.143193,0.062282,-0.022648,0.093453,0.247417,0.036771,0.082378,-0.179015,-0.090353,0.152876,-0.120617,0.065329,-0.321347,0.278146,0.250515,-0.501755,-0.409904,0.151066,0.223204,0.04936,0.082776,-0.677295,0.137485,0.220612,-0.303806,0.305347,0.001606,-0.261659,-0.188609,-0.29818,-0.14217,0.439643,0.263555,#
14,0.099821,-0.226901,-0.163834,-0.22518,-0.086779,-0.180738,0.257371,-0.107325,-0.322233,-0.410149,0.022782,-0.032161,-0.076947,-0.188825,1.0,0.017324,0.173916,-0.196667,-0.172879,0.005465,-0.186552,-0.160921,-0.289446,0.05948,-0.181952,0.120705,-0.059778,0.15992,-0.150637,-0.181856,-0.287946,0.170528,0.078988,-0.14341,0.026622,-0.249519,-0.109886,0.239336,-0.13443,0.101026,-0.022661,-0.345019,-0.242627,0.033377,0.189432,-0.036564,0.192886,-0.239958,0.293507,-0.067517,-0.181891,0.179266,-0.202392,0.017138,0.189158,-0.077372,0.169918,-0.345709,-0.258199,-0.312597,0.114699,0.092049,-0.071629,-0.076614,0.237197,-0.416373,-0.158843,-0.4137,-0.016893,-0.202542,0.197342,0.105841,-0.158778,0.059605,0.1037,0.097211,-0.02375,0.059731,-0.152684,0.059376,0.353039,0.21595,0.12392,-0.125656,-0.349493,0.381533,-0.09543,0.177199,0.247467,-0.322504,0.047779,0.086029,-0.094545,-0.069036,0.26773,-0.052048,0.285397,-0.061391,-0.106694,0.043824,-0.156206,-0.249429,-0.061391,-0.098105,-0.410097,0.154584,0.00463,0.162499,0.216944,-0.101487,0.10713,0.0,-0.155549,0.083967,-0.484343,0.020317,0.293478,-0.036789,-0.076137,-0.14674,-0.2268,-0.154542,0.179943,0.374679,0.134082,-0.093981,0.059762,0.15992,-0.378235,-0.24959,-0.177364,-0.378395,-0.085836,-0.319098,0.175293,-0.24959,-0.107325,0.00463,-0.199634,0.204302,-0.096962,-0.093642,0.002385,-0.006331,-0.36703,-0.292338,0.055925,-0.08373,0.147104,0.011056,-0.055927,0.094717,0.067523,-0.041811,0.179943,-0.013946,0.190231,-0.338187,-0.417775,-0.272856,-0.415828,-0.134374,0.12392,-0.444993,-0.000521,0.1117,0.181641,0.379311,-0.006554,-0.297045,-0.074527,-0.172197,-0.226891,-0.181472,0.101446,0.218339,0.44353,-0.041051,0.171507,0.137138,-0.354595,0.344193,0.060162,0.030758,0.140295,-0.082455,0.087158,-0.098581,0.147257,-0.255734,-0.121897,0.029549,0.148653,-0.077708,0.139403,-0.033452,-0.143933,0.232378,-0.16087,-0.158314,#
15,-0.094438,-0.063294,-0.456263,0.020167,-0.043336,-0.326904,-0.063316,-0.103092,-0.367509,0.203876,-0.111027,-0.013943,0.369434,-0.267565,0.017324,1.0,-0.026871,-0.125459,-0.127056,-0.465647,0.089917,-0.075047,-0.239875,-0.062167,-0.023276,-0.163951,-0.204747,-0.106487,-0.27366,-0.018305,-0.008515,0.022046,0.340624,-0.103886,-0.000737,-0.192868,-0.148477,-0.143047,0.042174,0.436959,-0.123088,-0.10175,0.340597,0.051067,0.006187,0.319771,-0.324562,-0.287165,0.110402,-0.303953,0.2957,-0.143397,0.219997,-0.167092,0.028405,0.128547,0.021217,-0.173613,0.06648,-0.008047,-0.187207,0.269083,0.151196,-0.065313,-0.279018,-0.263186,-0.35714,0.008292,-0.309781,-0.378508,0.174128,0.06247,-0.12065,-0.091156,0.292001,-0.183661,0.009158,0.097496,0.073361,-0.053701,0.101053,0.082865,0.306301,-0.191716,0.227951,-0.164903,0.46166,0.368724,0.008926,0.199407,0.252452,-0.13899,0.275918,-0.125772,0.119951,-0.105239,-0.099026,0.373979,-0.136162,0.121737,-0.027591,0.370611,0.002387,0.113857,0.195335,0.09208,-0.143981,0.236783,-0.216,-0.046361,-0.377961,0.0,-0.104394,-0.131131,-0.03392,-0.145754,0.219924,-0.042512,-0.371714,0.202411,0.277096,0.060461,0.218693,0.20756,0.228227,0.099753,-0.061181,-0.106487,-0.094367,0.004303,-0.079563,-0.231767,0.199335,0.206528,0.055204,0.151898,0.209627,-0.143196,-0.106991,0.1243,-0.086328,0.209338,0.295952,-0.005626,-0.252376,0.041601,-0.214371,-0.40779,-0.335854,-0.225233,-0.021743,0.027836,-0.264451,-0.199998,-0.199702,0.207329,-0.160376,-0.257737,-0.207353,0.054899,0.124123,-0.224271,-0.217078,-0.281271,-0.301783,-0.353123,-0.301104,0.305612,0.083241,-0.047021,-0.269313,-0.209944,0.107859,0.020873,0.144595,-0.125639,-0.389749,-0.053445,-0.154892,-0.061945,-0.271109,-0.364741,0.373398,0.141347,-0.082715,-0.168675,-0.201587,-0.298001,0.412879,-0.397456,-0.096552,0.232188,0.250558,-0.204466,0.332749,0.001131,-0.08686,-0.053345,-0.018748,-0.361284,#
16,0.12017,-0.101635,-0.268987,-0.151718,0.081892,0.188112,0.096801,-0.147337,-0.03001,-0.152983,0.248151,0.191137,-0.37306,-0.105356,0.173916,-0.026871,1.0,0.046277,0.104879,-0.067457,0.111841,0.122399,0.190439,-0.042094,0.253873,0.118944,-0.508765,-0.107194,-0.003936,0.25764,-0.347983,-0.40533,0.052404,-0.042181,0.143158,0.312585,-0.209218,0.087892,0.125327,0.075467,-0.005745,-0.322426,-0.301898,-0.386346,0.186937,0.318587,0.131108,-0.301545,0.12492,0.146632,0.166485,0.098143,-0.01209,0.310529,0.019088,0.08796,0.00323,0.073116,0.123669,0.20414,0.14509,-0.076649,0.088304,0.127515,-0.015764,-0.151374,-0.218062,-0.142126,0.10827,0.044867,0.007278,-0.080094,-0.217972,-0.310235,-0.113854,0.15344,-0.153072,-0.094875,-0.261742,0.179006,0.092279,0.105947,-0.23011,-0.022369,-0.0598,0.139396,-0.327602,-0.076512,0.333654,0.182483,0.016841,-0.057798,-0.183414,-0.148808,-0.244546,-0.407786,0.209928,-0.273421,-0.063455,-0.332424,0.148776,0.109333,-0.496169,-0.40778,-0.13682,-0.234798,-0.194715,-0.275699,-0.120722,0.017745,-0.373569,0.0,-0.057798,-0.273612,-0.221553,-0.040592,0.014434,-0.467504,0.537573,-0.25387,-0.067382,-0.263787,0.031102,-0.074624,0.151942,0.089228,-0.094925,-0.093277,0.126508,-0.114141,0.231645,-0.094925,0.069039,0.01081,-0.277401,-0.114141,-0.147337,-0.39725,-0.142934,-0.166656,-0.407811,0.070797,0.189252,-0.130405,-0.330797,-0.106044,0.311211,-0.178928,0.224399,-0.342426,-0.132908,-0.205738,-0.249878,-0.12065,0.00754,-0.144032,0.014992,0.19196,-0.146766,0.282422,0.119729,0.149101,-0.23011,0.019257,0.031193,0.245763,0.015322,-0.170061,-0.311353,0.230244,0.225497,-0.170925,-0.071411,-0.210092,-0.039532,-0.121444,-0.21803,0.038005,-0.073421,-0.068941,-0.064993,0.075066,0.104852,0.175575,0.285561,-0.309898,-0.080248,-0.330797,0.112608,-0.11641,-0.130601,0.24327,0.087311,0.037029,0.088042,0.239099,0.202769,0.024328,-0.205216,0.076786,#
17,-0.057923,0.151966,0.114342,-0.107152,0.197962,-0.075267,0.12169,-0.356501,0.512608,0.239694,0.004382,-0.120466,0.256431,0.309916,-0.196667,-0.125459,0.046277,1.0,0.598351,0.110566,0.106772,-0.123686,0.249925,-0.30053,-0.197436,-0.103425,0.118235,-0.088342,0.042488,0.046444,0.194061,0.14713,0.069902,-0.066865,0.097183,0.263536,0.049692,-0.392863,-0.446537,-0.182083,-0.276574,0.083465,-0.140197,0.001179,0.133666,-0.24979,0.136643,0.325638,-0.174106,0.122345,0.273262,0.001443,0.266475,0.11406,-0.195757,-0.066664,0.252094,0.017839,0.356006,-0.017701,0.118207,-0.053264,-0.046972,-0.209486,-0.090687,0.174005,0.112833,0.057721,0.226527,0.06042,0.052468,-0.06427,-0.527412,-0.091166,0.054999,0.220932,-0.109216,-0.30219,-0.110983,0.064001,-0.152752,0.032109,-0.35717,0.038984,0.12203,-0.063649,-0.165496,0.134993,-0.217653,0.299614,-0.414049,-0.055644,-0.38237,0.059038,-0.255736,-0.328444,-0.122069,-0.231086,-0.252107,0.026624,-0.128526,-0.183632,-0.082089,-0.044452,-0.076613,0.127819,-0.020882,0.139665,-0.157571,-0.146848,0.208285,0.0,0.105893,-0.054715,-0.110078,-0.06296,-0.038777,0.174218,0.434031,-0.137015,-0.094501,0.116657,-0.247619,-0.197281,-0.060773,0.240915,-0.168813,0.068886,0.191093,-0.023488,0.066899,0.147051,-0.395421,0.344586,-0.337391,0.033138,0.171407,0.115848,0.122686,-0.115128,-0.039009,-0.113415,-0.110223,0.063105,0.199603,-0.025597,0.361937,0.230971,-0.10199,0.172123,-0.022264,-0.023455,-0.046263,-0.317921,0.185298,-0.103103,0.005146,0.662454,-0.11355,0.399793,-0.025378,0.021335,-0.143893,0.318317,0.278498,0.142086,0.110578,0.12081,-0.096158,0.201114,0.224289,0.116476,-0.105345,-0.0186,-0.065997,0.23364,0.09429,0.276941,0.484808,-0.048283,0.509527,-0.033098,-0.398038,-0.045433,0.240622,0.165978,0.068652,0.061429,-0.297567,0.248705,0.126097,-0.176525,0.067786,0.029874,-0.262352,0.096361,0.213028,-0.024541,0.366477,0.151323,#
18,-0.191008,-0.134235,-0.121803,-0.44476,0.003952,-0.025272,0.059018,-0.12742,0.382468,0.022104,-0.017044,-0.109547,0.095687,0.12817,-0.172879,-0.127056,0.104879,0.598351,1.0,0.020226,0.157266,0.099545,0.345114,-0.258698,-0.087401,0.152466,0.13618,0.037167,-0.074526,0.179241,0.33913,0.118213,0.10775,-0.028963,0.121343,0.509989,-0.127258,-0.104746,-0.007497,-0.261806,0.117594,-0.054114,-0.027584,0.24494,0.076688,-0.310565,0.115172,0.249027,-0.151738,-0.101556,0.272762,-0.023052,-0.042966,-0.143717,-0.057611,0.120987,0.319712,0.026872,0.200796,-0.051804,-0.120718,-0.420751,-0.115722,-0.138429,0.090913,0.255792,0.330239,0.056209,0.086917,-0.00999,0.209947,-0.275044,-0.686004,-0.102126,0.2446,-0.140964,0.044743,-0.472081,-0.180186,0.095644,-0.223298,0.132097,-0.042295,-0.022818,0.227749,-0.182678,-0.012942,-0.130797,-0.050804,0.432072,-0.183939,0.188928,-0.253158,0.026098,-0.139063,-0.21866,-0.121216,0.089045,-0.287456,-0.115473,0.066403,0.046291,-0.09808,0.106502,-0.201655,0.071528,-0.039353,-0.122871,0.434501,0.12714,0.254731,0.0,0.357629,0.022757,-0.023283,-0.064245,-0.02147,0.263478,0.280287,-0.010305,-0.076822,0.052208,-0.14369,-0.21931,0.077579,-0.039478,-0.100336,0.225913,0.429755,0.019617,0.245888,0.13901,-0.129752,0.190916,-0.341032,-0.20207,0.064432,-0.012706,0.170657,-0.208305,0.095956,0.060041,-0.188397,0.194739,0.004368,-0.131884,0.187556,0.087686,0.18909,0.242026,0.275558,-0.108759,0.261543,-0.328946,-0.125685,-0.29797,0.044585,0.36707,-0.151585,0.418663,-0.000492,-0.059206,-0.395874,0.091716,0.329957,-0.101508,0.290312,0.037551,-0.279571,0.373918,-0.03195,0.304211,0.16138,0.118935,0.078453,0.195019,0.211444,-0.126906,0.104689,0.27962,0.186231,0.204836,-0.217579,-0.051584,0.030521,0.136746,0.238103,0.048504,-0.209712,-0.024587,0.302565,0.010303,0.043385,-0.217522,-0.153896,0.230851,0.132579,0.180361,0.319571,-0.160762,#
19,-0.037315,0.191671,0.461157,0.151982,0.228457,-0.065004,0.097917,-0.182253,0.346681,0.178063,-0.165784,0.030198,0.107263,0.446126,0.005465,-0.465647,-0.067457,0.110566,0.020226,1.0,-0.273379,-0.041307,0.097328,0.070484,-0.30898,-0.019518,0.013071,-0.040038,0.181577,0.147268,-0.069278,0.237651,-0.131966,0.116331,0.014352,-0.002663,0.088197,-0.191801,-0.228281,-0.301513,-0.16394,0.186843,-0.209837,0.255355,0.061428,-0.213006,0.097692,0.1006,-0.291895,0.396895,0.072335,0.180212,0.159159,0.168176,-0.413967,-0.072823,0.126682,0.135821,-0.169745,-0.180294,0.114222,-0.020996,-0.140927,0.072241,-0.047086,0.093063,0.443438,-0.10018,0.275689,0.270727,0.085686,0.050679,-0.010341,0.281552,-0.263611,0.04021,-0.117512,0.043704,-0.132889,-0.069102,0.18992,-0.200448,0.090904,0.373263,-0.06327,0.067235,-0.07192,-0.456802,0.016093,-0.155436,-0.288933,0.118727,0.14562,0.077775,-0.491764,-0.104166,0.087582,-0.376429,-0.119331,-0.016047,-0.212377,-0.094937,-0.199165,0.023725,-0.187091,0.028123,-0.049761,-0.267381,0.127703,0.074561,0.535553,0.0,0.118727,0.115355,0.058054,0.089537,-0.088456,-0.09226,0.358394,-0.200767,-0.036522,0.259084,0.04636,-0.413147,-0.196848,0.083867,-0.185855,-0.034579,0.094866,-0.276996,0.01587,0.229189,-0.228307,0.143747,0.015672,-0.213941,-0.182253,0.120527,-0.137818,0.10354,0.230391,-0.115349,-0.14141,-0.504632,0.173083,0.231381,0.358228,0.287956,-0.177226,0.332996,-0.060707,-0.070146,0.099479,0.337148,0.29428,0.011773,-0.03318,0.409577,0.331958,-0.113098,-0.110048,-0.01382,0.293041,0.313291,0.311941,0.195716,0.279925,-0.04451,0.197733,0.035842,-0.117488,0.266949,-0.231016,0.285499,0.150363,0.173083,0.169466,-0.054306,-0.079289,-0.237517,0.294055,0.075874,-0.202367,0.087775,0.060259,0.202621,0.039191,0.173083,-0.594313,0.133899,0.153205,-0.282115,-0.133908,0.135034,-0.328602,-0.326081,-0.033975,0.098067,0.321162,0.485238,#
20,-0.304324,0.260528,-0.491171,-0.171031,0.052031,0.114845,0.383786,0.293623,-0.265932,-0.007851,0.363235,-0.336201,0.357906,-0.162194,-0.186552,0.089917,0.111841,0.106772,0.157266,-0.273379,1.0,0.640857,0.449914,0.225976,-0.096132,0.082539,0.187705,0.048115,0.224755,0.285306,-0.018179,-0.187616,0.443009,-0.286247,0.161279,0.146937,0.14448,-0.100505,0.11719,0.02924,0.238655,0.309896,0.457655,-0.13218,-0.291846,-0.01032,-0.238793,0.158331,0.195176,-0.428722,-0.111013,-0.513915,-0.03814,-0.192232,-0.052795,-0.367688,-0.300504,0.035374,0.368538,0.085814,0.016601,-0.277319,-0.317844,0.18723,-0.014554,0.360197,-0.018251,0.199249,0.383163,0.082446,-0.517847,-0.095679,0.214069,-0.310683,-0.093363,0.222516,0.047931,-0.128739,-0.488953,-0.208844,-0.309832,-0.217409,-0.314067,-0.248948,-0.17237,-0.352999,0.118339,-0.02806,-0.308052,0.23538,-0.41021,-0.536091,-0.363304,-0.25939,-0.047712,-0.050752,-0.495897,0.02118,-0.359457,-0.155041,0.231465,-0.020037,-0.298672,-0.518926,0.308871,-0.209489,-0.146858,-0.249524,-0.22611,0.010292,0.050651,0.0,-0.335558,-0.205635,0.14065,0.006646,-0.292819,-0.055514,-0.084269,-0.131131,-0.121124,-0.332232,-0.278865,-0.359647,-0.342017,0.07137,-0.098171,0.19754,0.421433,-0.163197,-0.342663,-0.254714,-0.130012,-0.061744,-0.145956,-0.163197,-0.305588,-0.308355,0.135393,-0.358368,-0.360744,0.082439,-0.209289,0.148224,-0.354231,-0.198198,-0.34545,0.204657,-0.163803,-0.238512,-0.166102,-0.128019,-0.323308,-0.345243,-0.47295,-0.151372,-0.188334,0.21899,-0.316092,-0.088157,0.467437,0.132325,-0.46242,0.060253,-0.280229,0.284776,-0.311005,-0.322426,-0.64577,0.475752,0.144617,0.036376,-0.282495,-0.26959,0.04558,-0.230019,-0.267308,-0.039002,0.129393,-0.020163,0.312367,-0.232358,0.063368,0.321983,0.197255,-0.37066,-0.323029,-0.054637,0.393503,0.040641,-0.293473,0.580567,0.19696,0.156215,0.263727,0.415523,0.242927,-0.17666,-0.331378,-0.015776,#
