0,1.0,0.260017,-0.073376,-0.317653,0.558493,-0.001517,0.227409,0.023311,0.58093,-0.006654,-0.14189,0.259664,0.534319,0.017668,0.413633,0.133,0.227899,0.024761,0.312862,-0.149157,-0.311911,0.317462,0.111401,-0.160424,-0.194006,-0.160056,-0.15837,-0.038378,0.186122,-0.018781,-0.38248,0.15458,-0.152852,0.029207,-0.430987,0.024706,0.39849,-0.072996,0.38754,-0.072354,0.197865,-0.335355,-0.053471,0.252521,-0.076824,0.087559,0.52138,0.092799,0.095687,0.244165,-0.027591,-0.162757,0.107402,-0.211355,-0.022859,-0.124801,-0.549315,0.353087,-0.241455,0.074744,0.098983,-0.104552,-0.155587,0.079612,0.200718,0.326472,0.0,-0.090234,0.392199,-0.1105,0.094114,-0.565008,-0.152852,-0.356976,-0.302467,-0.175612,-0.190068,-0.325405,-0.459793,-0.182446,-0.059358,-0.56175,-0.127986,-0.257733,-0.021676,-0.171284,-0.462391,-0.287617,-0.172454,-0.334248,0.125914,-0.120998,-0.058397,-0.042327,-0.332948,-0.007818,-0.561303,-0.401841,-0.124815,-0.313926,0.214333,-0.408296,-0.342301,-0.300642,-0.228958,-0.276408,-0.40108,-0.201337,0.087302,-0.161773,-0.14855,-0.220769,0.051107,-0.228038,-0.40429,-0.237945,-0.248092,-0.388027,0.101408,-0.653664,-0.374292,-0.230585,-0.316833,-0.308859,-0.404598,-0.062854,-0.182406,0.208119,-0.116611,-0.186873,0.032724,-0.297788,-0.095294,-0.048836,-0.314247,-0.513378,-0.152852,-0.56126,0.136841,-0.377141,-0.246446,-0.272562,-0.246446,-0.229544,-0.511455,-0.090168,-0.242261,0.232464,-0.490404,-0.350148,-0.26069,-0.395409,0.082806,-0.286991,-0.324289,-0.188998,0.383405,0.366587,-0.324448,-0.291939,-0.200109,-0.047511,-0.341937,-0.028687,0.150105,0.276518,-0.006188,-0.227633,-0.420575,-0.188998,-0.144387,0.286856,-0.032835,-0.324704,0.267912,0.000833,-0.028076,0.232678,0.273891,-0.380712,0.123422,0.140805,0.045427,0.158783,0.207039,-0.160066,0.478584,0.069334,-0.23352,0.40884,-0.40429,0.157792,0.230807,0.282511,0.07208,0.055436,0.227765,-0.213396,0.018117,0.113256,#
1,0.260017,1.0,-0.04842,0.292078,0.284857,-0.00221,-0.288941,-0.31152,-0.043959,0.019877,-0.328984,-0.055255,-0.010017,0.10819,0.237928,-0.16729,-0.152143,-0.010142,-0.033889,-0.309926,0.026992,0.111211,0.188277,-0.016293,-0.079052,-0.236675,-0.106809,0.106537,0.247466,0.082802,-0.416229,0.077366,-0.127256,0.157541,-0.23386,0.15393,0.395993,-0.022214,0.472636,0.021218,0.549319,-0.366672,0.324508,0.333309,-0.33607,-0.061491,0.247466,0.088999,-0.010045,0.154971,-0.081904,-0.053711,0.153048,-0.017019,-0.147207,-0.251863,-0.059266,0.306016,-0.328215,0.03162,-0.028144,-0.274896,-0.019847,-0.023119,0.086091,0.004213,0.0,0.189198,0.409315,0.18876,-0.022486,-0.176368,-0.127256,-0.072151,0.060447,-0.315402,0.106878,0.080469,0.016979,-0.015274,-0.076081,-0.242123,-0.120916,0.096905,-0.020369,-0.249847,-0.137039,-0.162506,-0.075898,-0.010676,0.017584,0.212695,-0.075816,0.267243,-0.42743,-0.248907,-0.295731,0.093586,-0.160431,0.239008,0.235648,0.254617,0.088985,-0.193607,-0.260866,-0.230122,-0.348043,0.181639,0.262315,-0.0513,0.005528,0.125603,-0.15199,-0.103559,0.083264,0.08901,-0.147681,-0.069584,0.080467,0.032753,-0.107213,-0.248608,0.053671,0.060414,0.107819,-0.093618,-0.096515,0.104057,0.298257,0.339898,-0.11091,0.000305,-0.057085,-0.001701,-0.042758,-0.249183,-0.127256,-0.293522,0.293169,-0.003289,-0.145742,0.143613,0.267267,-0.389344,-0.026821,-0.143884,0.046161,-0.01169,-0.190516,-0.05303,-0.302727,-0.102314,-0.002934,0.000305,-0.021218,0.114931,-0.069885,0.087989,0.051406,-0.192804,0.122558,0.038564,-0.216019,-0.200008,-0.033583,0.195548,0.101505,-0.704772,-0.147681,0.114931,-0.282642,-0.003427,-0.229829,0.067391,-0.123006,0.272859,0.059894,-0.104292,0.105341,-0.139959,-0.242714,-0.04756,-0.085384,-0.164005,0.098382,-0.160437,0.284357,-0.215531,-0.226551,0.066463,0.083264,0.045984,-0.061661,0.294822,0.114984,-0.145265,-0.060848,-0.165482,-0.060816,0.208155,#
2,-0.073376,-0.04842,1.0,0.394778,-0.284682,-0.414723,-0.124055,0.023456,0.027869,0.070095,0.058811,-0.167726,-0.10239,0.066145,-0.003348,-0.193216,-0.160186,0.417261,0.276526,0.187949,-0.280455,0.11586,0.029884,0.197555,0.057467,0.017511,0.167185,-0.079644,0.134159,-0.34141,0.122984,0.173055,0.183465,-0.001922,-0.352611,0.035778,-0.144136,0.181275,0.230025,-0.407325,-0.145982,0.405579,-0.037522,-0.198926,0.32007,-0.504968,0.324279,0.180625,-0.317149,0.120506,-0.320585,0.052299,-0.304109,0.194424,-0.39631,-0.140004,-0.102908,-0.096441,-0.426305,-0.226803,-0.146815,0.133025,0.095321,-0.321315,0.0144,0.126443,0.0,-0.011756,-0.332815,0.008763,0.063811,0.001559,0.135354,0.368368,0.033339,0.105638,0.18881,-0.133349,0.146104,-0.115791,-0.021363,0.112144,-0.126486,0.278084,0.090932,0.031433,0.179651,-0.012821,-0.233924,-0.11843,0.304533,-0.248489,0.111208,0.424136,0.192557,0.548066,0.249627,0.445878,-0.019678,0.019577,-0.337496,-0.085901,-0.091987,0.312137,-0.062776,0.284163,0.325065,0.263344,0.276911,0.203537,0.375848,-0.065201,0.188432,0.252036,0.256804,-0.084696,0.071527,-0.030831,0.162234,0.079818,-0.01096,0.29068,0.017975,0.029646,0.030439,0.270867,0.180598,-0.236805,0.053895,0.192622,0.41816,0.290622,0.148253,0.016573,0.373708,0.175672,0.183465,0.433619,0.187461,-0.100345,0.424213,0.310677,0.240909,-0.171969,0.050066,0.040162,0.078763,-0.265015,-0.273546,0.407874,0.331135,0.468963,0.511009,0.144562,0.23024,0.40269,0.038355,-0.060307,0.163615,0.176838,0.364427,0.022799,0.222091,0.234026,-0.082844,-0.320996,-0.193712,-0.198279,0.042109,0.206824,-0.298794,0.127131,0.060646,0.070316,-0.180689,0.261501,-0.219047,-0.114078,-0.110242,0.055135,-0.026744,0.104081,-0.316444,-0.144138,-0.634863,0.229437,-0.146211,0.312655,0.076304,-0.335118,0.256804,-0.237537,-0.483878,-0.19411,-0.223625,-0.127632,-0.470536,-0.054636,0.304755,-0.574944,#
3,-0.317653,0.292078,0.394778,1.0,-0.390882,-0.155451,-0.373818,-0.032913,-0.544144,-0.208245,-0.017748,-0.438578,-0.362824,-0.056672,-0.063215,-0.13498,-0.045596,-0.020368,0.01572,0.146777,-0.016584,0.036571,-0.274686,-0.021052,0.192673,0.31047,-0.153963,0.339254,0.033862,-0.185424,0.022327,0.067481,0.164932,-0.048408,-0.2909,-0.209771,-0.215836,0.230977,0.23822,0.096194,-0.027147,-0.007829,0.231609,0.049153,-0.096274,-0.016984,-0.15072,-0.359649,-0.333802,-0.015024,-0.25487,0.350942,-0.106611,0.264216,-0.141506,0.217052,0.153177,0.084452,-0.187603,-0.107691,-0.120873,-0.153794,0.137001,0.120397,-0.133938,-0.338241,0.0,0.06653,-0.35011,-0.038468,0.121934,0.194766,0.116423,0.500133,-0.035438,0.263342,0.372241,0.310884,0.234697,-0.012411,0.060235,0.057549,-0.028704,0.217408,0.021232,-0.00801,0.257838,0.093075,0.147121,-0.003971,0.208809,0.276782,0.027479,0.194384,-0.043449,0.142736,0.191505,0.373907,0.087174,0.115517,-0.003333,0.201648,0.153965,0.253492,-0.125906,-0.007945,0.20592,0.273672,0.392474,0.158757,0.125345,-0.0947,-0.231418,0.008831,0.20889,0.36243,0.417796,0.067139,-0.264384,0.51869,-0.036125,-0.126198,0.127512,0.465483,0.385643,0.055409,-0.06569,-0.192366,0.112543,0.364729,-0.201817,0.048453,0.065541,-0.107157,0.265719,0.130729,0.164932,0.196426,-0.119228,0.159385,-0.001369,0.310257,0.395651,-0.144997,0.153783,0.050002,0.031978,-0.286915,0.165861,0.344034,0.257694,0.524817,0.290765,0.274954,0.157967,0.365121,-0.066015,-0.450209,0.11449,-0.05989,-0.014715,-0.01327,0.156263,-0.168814,-0.320243,-0.242445,-0.011145,-0.272032,0.204661,-0.041681,-0.218296,-0.280585,0.055262,0.319531,-0.07668,0.166838,0.021309,-0.213027,-0.370456,0.166209,-0.267622,-0.134062,-0.032134,-0.065118,-0.1813,-0.03995,-0.060154,-0.082216,0.300818,-0.240056,0.20889,0.033628,-0.213656,-0.333112,-0.119211,-0.037491,-0.379361,0.191822,-0.149763,-0.07491,#
4,0.558493,0.284857,-0.284682,-0.390882,1.0,0.005646,0.093131,-0.072963,0.331279,0.18203,-0.453892,0.183485,0.500746,0.121209,0.102503,-0.049177,-0.064436,0.183388,0.11472,-0.21124,0.269661,-0.121212,0.490011,-0.335849,-0.304426,-0.211774,0.026723,-0.079687,0.018449,0.06378,-0.260123,0.186944,-0.271782,0.169711,-0.230962,0.316454,0.444701,-0.443247,0.222287,-0.232382,0.266065,-0.167842,0.228442,0.253182,-0.226415,-0.146574,0.365312,0.304681,0.225179,-0.044412,-0.083489,-0.553273,0.075963,-0.281409,0.003174,-0.340358,-0.424416,0.062751,0.026131,0.320392,0.219914,0.061287,-0.318276,-0.098526,0.01724,0.531191,0.0,0.088083,0.438256,0.051532,0.123181,-0.570044,-0.271782,-0.579782,-0.231658,-0.204336,-0.273224,-0.397168,-0.404866,-0.179793,-0.128408,-0.619718,-0.406002,-0.122034,-0.37925,-0.411383,-0.725036,-0.081526,-0.032056,-0.0327,-0.551606,-0.277336,-0.472094,0.018029,-0.382057,-0.414725,-0.65356,-0.456413,-0.251643,-0.079869,0.163767,-0.305082,-0.420618,-0.282037,-0.454184,-0.491474,-0.38084,-0.200094,0.007255,-0.387847,0.197572,0.210692,-0.108708,-0.490452,-0.465791,-0.12587,-0.361249,-0.46474,0.179324,-0.649478,-0.255144,-0.159122,-0.39555,-0.413846,-0.204706,0.181153,-0.463727,0.387432,-0.095748,-0.261334,-0.258645,0.09182,-0.467176,0.27163,-0.495689,-0.555,-0.271782,-0.486382,0.0586,-0.33491,-0.372279,-0.271984,-0.169548,-0.121916,-0.52344,-0.238638,-0.165962,0.65908,-0.521272,-0.235916,-0.586001,-0.466824,-0.125343,-0.476489,-0.200483,-0.265938,0.209645,0.58722,-0.400737,-0.301003,-0.178363,0.036894,-0.549668,-0.03066,0.142329,0.250959,-0.0489,-0.236464,-0.747812,0.153794,-0.220467,0.338796,-0.254295,-0.596816,0.11563,-0.073366,0.021692,0.457026,0.452973,-0.404391,0.394988,0.08248,-0.061221,-0.096138,0.455839,-0.307913,0.482898,-0.157323,-0.470466,0.466035,-0.465791,0.006669,0.34304,0.296154,-0.13997,0.243702,0.338518,-0.348908,-0.308139,-0.067736,#
5,-0.001517,-0.00221,-0.414723,-0.155451,0.005646,1.0,0.362133,0.362927,-0.102113,0.006354,-0.174393,0.213852,0.042033,0.524371,-0.062435,0.046928,-0.086289,0.005367,-0.119265,-0.231694,0.197564,0.171251,0.034242,-0.450007,0.18621,-0.098192,0.125211,-0.233537,-0.062407,0.087888,-0.021986,0.130781,0.228771,-0.093125,-0.005014,0.10416,0.057453,-0.18574,0.029008,-0.005215,0.251863,0.001485,0.255424,0.206722,-0.096423,0.182667,-0.075492,0.225316,0.193454,-0.057131,0.318603,0.015751,0.260714,-0.223555,0.001605,-0.008114,0.322064,0.241377,0.043909,0.199502,0.138871,-0.183848,-0.330272,0.35333,-0.040152,-0.204515,0.0,0.322365,0.353731,-0.387059,-0.342155,-0.231915,-0.180874,-0.092731,0.049643,-0.353502,0.163477,0.138574,-0.387121,0.024801,-0.052823,-0.192841,0.354253,-0.364754,0.167458,0.232511,0.048782,-0.049304,-0.25395,-0.131697,-0.096142,-0.020678,0.07842,-0.497944,-0.080573,-0.265794,-0.146762,-0.195895,0.105084,-0.31385,0.345979,-0.152997,0.149152,-0.552317,0.117181,-0.327081,-0.262006,-0.551303,-0.35131,-0.437794,-0.333706,0.04039,-0.084133,-0.169445,-0.0384,-0.14645,-0.111228,-0.227235,-0.012207,-0.179424,-0.029356,-0.073199,0.045284,-0.276005,-0.110124,-0.004155,-0.248892,-0.115037,-0.006294,-0.244616,-0.197763,-0.187602,-0.092455,0.08207,-0.15811,-0.07983,0.228771,-0.14974,-0.232306,-0.025344,-0.497702,-0.23867,-0.30261,-0.307022,0.021053,0.024523,0.080013,0.056158,0.009049,-0.111564,-0.135593,-0.074096,-0.364505,0.162444,0.029674,-0.235328,0.390962,0.09532,-0.107993,0.153564,-0.082727,-0.060795,0.003878,0.019252,0.044146,0.55256,0.573375,0.298738,-0.121963,-0.019846,0.324226,0.07996,0.185527,0.135677,0.418293,-0.172202,-0.094595,0.172718,0.205425,-0.062725,0.086093,-0.017079,0.002555,0.17236,0.504534,-0.48615,0.161664,-0.090131,-0.053083,0.239198,-0.0384,0.091019,0.320391,-0.047411,0.265734,0.239155,0.316168,-0.182273,-0.047928,0.351394,#
6,0.227409,-0.288941,-0.124055,-0.373818,0.093131,0.362133,1.0,0.259941,0.490881,-0.059155,0.324684,0.478315,0.036875,0.094205,0.122894,0.499209,-0.040374,-0.180631,0.368021,-0.307065,-0.103751,0.195403,-0.05265,-0.279852,-0.102499,-0.041252,0.026856,-0.3248,0.378939,-0.190661,-0.353734,0.038496,-0.212298,-0.383569,0.020754,0.300514,0.205488,-0.035195,-0.014766,-0.098109,-0.008204,0.04303,-0.293864,0.066431,-0.004962,0.093821,0.191379,0.031713,0.124404,0.207098,0.079492,-0.076158,0.027081,0.026229,-0.092512,-0.119509,0.037411,-0.071947,-0.127437,0.343903,0.268399,0.164237,-0.148201,0.316187,-0.076908,-0.118164,0.0,0.11223,0.311807,-0.315506,-0.143961,-0.263431,-0.212298,-0.374408,-0.302839,-0.032806,-0.120973,-0.22155,-0.517418,-0.297307,-0.04571,-0.211006,0.026758,-0.531505,-0.143753,0.131874,-0.277976,-0.362606,-0.329807,0.015858,0.02481,-0.113634,0.117354,-0.40272,-0.382839,-0.049592,-0.43711,-0.529573,-0.362896,-0.143219,0.040907,-0.27217,-0.239981,-0.478348,0.116663,-0.130924,-0.345973,-0.314869,-0.310867,-0.201644,-0.4295,-0.00332,-0.051296,0.050943,-0.203452,-0.462587,-0.389841,-0.19258,-0.136142,-0.344859,-0.111852,-0.06146,-0.137083,-0.299406,-0.204614,-0.002974,-0.308471,0.079783,-0.169319,-0.32046,-0.067783,-0.306305,-0.300652,0.098385,-0.25564,-0.189281,0.199623,-0.458281,-0.15076,-0.215219,-0.209841,-0.371881,-0.584169,-0.077265,-0.117185,0.051402,-0.583743,0.219983,-0.122691,-0.396908,-0.125956,-0.193239,-0.315919,-0.119742,-0.146474,-0.519763,0.128039,0.424588,-0.136189,-0.132664,-0.190387,-0.383899,-0.127829,-0.154277,-0.118569,0.456108,-0.116022,0.172243,-0.01204,-0.33028,0.038971,0.268173,0.103008,-0.224173,0.413687,-0.423024,-0.150078,0.446131,0.165108,-0.269811,0.527745,0.134262,0.271352,0.45768,0.43379,-0.175295,0.201894,0.172943,0.085101,0.222678,-0.203452,0.369732,0.392186,0.105699,-0.121504,0.25506,0.565893,-0.229521,-0.053701,0.26045,#
7,0.023311,-0.31152,0.023456,-0.032913,-0.072963,0.362927,0.259941,1.0,-0.138994,-0.175394,-0.15207,-0.258907,-0.074123,0.363686,0.176137,-0.150083,-0.005813,-0.149175,0.167679,0.017695,-0.317029,0.213991,-0.119111,-0.442648,0.070801,0.070493,0.183696,-0.103823,-0.318148,-0.031581,0.135686,0.143028,0.420043,-0.34224,0.090241,0.069264,-0.095967,0.053329,-0.147322,-0.311392,-0.198769,0.314026,0.267334,0.118606,-0.050788,0.116529,0.107231,-0.150631,-0.291767,0.024617,-0.183091,0.150581,0.096902,-0.297221,-0.010854,0.223353,0.071306,0.07159,-0.01594,0.08915,0.164688,0.332812,-0.37685,0.30453,0.267263,0.116521,0.0,0.180579,-0.039699,-0.436337,-0.087647,-0.164772,-0.101999,-0.115459,-0.100235,-0.029666,0.017776,-0.226118,-0.407726,-0.023836,0.143688,-0.269123,0.27898,-0.268119,-0.036248,0.295916,0.090522,0.0133,-0.249629,-0.070694,-0.060418,-0.311312,-0.064553,-0.280802,0.096482,0.088541,-0.157536,-0.066579,0.015711,-0.337759,0.083015,-0.374533,0.150771,-0.311464,-0.064903,-0.184448,0.109953,-0.368352,-0.179057,-0.342415,-0.310825,0.237072,0.209348,0.047036,-0.267118,0.039474,-0.03441,-0.098138,0.049886,0.042093,-0.249766,0.125511,-0.316507,-0.127783,0.105946,0.050172,-0.24955,-0.264676,0.189611,-0.249761,0.17692,-0.311398,-0.186259,0.083651,-0.111238,-0.129671,0.420043,0.052801,-0.324376,-0.146014,-0.280665,-0.403,-0.032044,0.041334,-0.058981,-0.253766,-0.032021,-0.192587,0.153814,0.082708,0.101114,0.054152,0.136046,0.157358,0.352849,0.014713,0.250414,0.038773,-0.306588,0.363309,-0.108845,-0.184445,0.156876,-0.038446,-0.021624,0.298477,0.020874,0.380705,-0.280651,0.014713,0.053959,0.207907,0.142149,0.170805,0.300227,-0.035301,-0.184281,0.155099,0.072985,0.055328,-0.004558,-0.081862,-0.049773,0.059686,0.15007,-0.126456,0.038974,0.212029,0.135231,-0.121729,-0.267118,0.109643,0.030253,0.019729,0.009659,0.22848,0.029854,-0.16337,0.061165,-0.085892,#
8,0.58093,-0.043959,0.027869,-0.544144,0.331279,-0.102113,0.490881,-0.138994,1.0,-0.257283,0.287112,0.369095,0.26605,-0.214958,0.326193,0.260876,0.302784,0.126076,0.240778,-0.116849,-0.190352,0.030807,0.240635,0.07701,-0.145348,-0.292779,-0.077549,-0.116897,0.304838,-0.174994,-0.307252,0.062636,-0.139973,-0.097385,-0.088361,-0.109765,0.488286,-0.116105,0.432663,-0.221733,-0.019928,-0.26489,-0.299031,-0.088599,0.153957,0.023586,0.47689,0.251307,0.172348,0.190792,0.22629,-0.251455,-0.032499,0.196381,-0.07424,0.065891,-0.22027,-0.03429,-0.320888,0.255755,0.14601,-0.067485,-0.135886,0.071614,0.023815,0.298163,0.0,-0.045326,0.323614,0.206168,0.11507,-0.284908,-0.139973,-0.300022,-0.225226,-0.068497,-0.142392,-0.188521,-0.377768,-0.111507,0.017102,-0.162636,-0.030209,0.007787,-0.109599,0.078549,-0.366353,-0.221642,-0.140083,-0.277062,0.267718,-0.248347,0.04378,0.010239,-0.117781,0.068584,-0.331286,-0.326929,-0.223077,-0.037755,-0.038954,-0.330107,-0.556114,-0.246108,0.185347,0.016819,-0.274772,0.168736,-0.178465,0.075404,-0.077521,-0.202167,0.135803,0.020422,0.010988,-0.513996,-0.385137,-0.299979,0.009673,-0.399757,-0.125079,0.027181,-0.227367,-0.56092,-0.359758,-0.000635,-0.117384,0.255846,-0.150173,-0.342746,0.333251,-0.243009,0.015262,-0.186141,0.017856,-0.28032,-0.139973,-0.345934,0.081712,-0.099917,0.014259,-0.053292,-0.385156,-0.185934,-0.425162,-0.112506,-0.384876,0.341564,-0.254419,-0.46921,-0.013693,-0.230672,-0.058303,-0.246913,-0.267027,-0.342692,0.009623,0.360446,-0.052773,-0.241037,0.020909,-0.253114,-0.092164,0.055875,0.068195,0.049657,-0.139721,-0.127085,-0.177817,-0.14051,-0.018304,0.306672,-0.008549,-0.19788,0.00893,-0.229073,-0.003761,0.331241,0.014934,-0.436807,0.38693,0.058304,0.133586,0.103574,0.138141,0.110307,0.062366,0.277621,-0.192794,0.162805,0.010988,0.099742,0.171971,0.203952,-0.003221,0.12185,0.360569,-0.273239,-0.091206,-0.027605,#
9,-0.006654,0.019877,0.070095,-0.208245,0.18203,0.006354,-0.059155,-0.175394,-0.257283,1.0,-0.353175,0.31274,0.152086,0.344746,-0.594359,-0.244973,-0.591518,0.335579,-0.194756,0.015377,0.270894,-0.154423,-0.168771,0.126673,0.304061,0.239544,0.301106,-0.448717,-0.101765,0.315724,0.197387,-0.389237,-0.229957,0.262104,-0.16689,0.604304,-0.047975,-0.19117,-0.332139,-0.158476,0.234607,0.167332,0.134583,0.262457,0.098587,-0.352371,-0.264941,0.359589,0.209535,-0.126759,-0.27712,-0.327137,-0.09782,-0.259204,-0.074405,-0.665512,-0.140496,-0.185986,0.35566,-0.162405,-0.227842,0.357434,0.04724,-0.591341,-0.067063,-0.076467,0.0,0.194114,-0.020273,0.041876,-0.199596,-0.238495,0.155446,-0.102564,0.422242,-0.2387,-0.174295,-0.350389,0.216672,0.277091,0.021656,0.016463,-0.056751,-0.275895,0.28156,-0.276909,-0.066728,0.060522,0.014703,0.420501,-0.296304,0.162394,-0.142739,0.287946,0.073783,0.064174,-0.024063,0.190801,0.213234,0.250085,-0.322404,-0.022228,0.305702,0.1764,-0.128535,-0.182979,0.043672,-0.183194,0.14489,-0.101239,0.368135,0.259533,0.02999,-0.041172,0.030283,0.136111,-0.070948,-0.147083,0.309977,-0.380605,0.04618,0.330217,0.106862,0.074309,-0.287145,0.150846,0.229098,0.034301,-0.003505,0.435959,-0.194448,0.545018,0.069454,0.594313,-0.215869,0.079824,-0.229957,0.146008,0.407127,-0.150761,0.288373,-0.035177,0.08953,0.176744,0.280751,0.021172,0.317033,-0.031951,-0.225521,0.244802,-0.406995,-0.157033,0.173013,0.1627,0.265867,0.23235,0.174571,0.14981,0.099171,0.186744,0.306436,0.33973,-0.221361,0.461154,-0.034735,-0.031059,-0.150434,-0.179596,0.093588,0.240485,-0.127787,-0.21102,-0.183293,-0.362683,0.053848,0.322486,0.062964,-0.012194,0.566346,0.058265,-0.089763,-0.144799,-0.362046,-0.079603,-0.180573,-0.046653,0.030965,-0.000779,-0.397522,0.257502,0.030283,-0.447127,-0.146777,0.000359,0.090264,-0.266276,-0.312204,0.002275,0.376821,-0.148937,#
10,-0.14189,-0.328984,0.058811,-0.017748,-0.453892,-0.174393,0.324684,-0.15207,0.287112,-0.353175,1.0,-0.017644,-0.332344,-0.323606,0.093904,0.518524,0.105201,-0.341016,0.335181,0.1861,-0.2067,0.17892,-0.322886,0.258182,-0.231592,0.220083,-0.325533,0.221099,0.130001,-0.339132,-0.013496,-0.067774,-0.228019,-0.298722,0.390993,-0.241234,-0.010389,0.365497,-0.030999,0.400753,-0.218808,-0.152548,-0.448356,-0.365753,0.048713,0.224154,-0.226542,-0.463443,0.236085,-0.079592,0.286896,0.275855,0.004458,0.438248,-0.1325,0.270124,0.231869,-0.287026,-0.048571,-0.029294,0.049259,-0.048725,0.337175,0.065026,0.122914,-0.204768,0.0,-0.206583,-0.39306,0.034525,-0.102592,0.355662,0.176844,0.211529,-0.087899,0.170935,-0.017452,0.188749,0.198328,-0.076593,0.240836,0.317621,-0.053276,0.054738,0.113286,0.288614,0.243815,0.028483,-0.011098,-0.063023,0.420167,-0.02702,0.535752,-0.129886,0.194323,0.212226,0.116425,-0.002065,-0.136807,0.103488,-0.226889,-0.040512,-0.336224,0.324632,0.491457,0.254593,-0.092916,0.344814,-0.217341,0.45973,-0.202835,-0.329334,-0.121813,0.455358,0.166299,-0.221664,0.079613,0.20317,-0.321202,0.178982,0.059208,-0.136124,0.400253,0.255747,0.130681,-0.168803,0.194016,-0.149622,0.020876,-0.013778,0.333353,-0.222909,0.073548,-0.346055,0.498269,0.221764,0.193039,0.102431,-0.343488,0.313718,0.25395,0.220858,-0.321495,-0.03278,0.119888,0.289943,-0.310557,-0.16163,0.279815,-0.289747,0.274349,0.242834,-0.220199,-0.032207,-0.229,-0.221468,-0.358162,-0.095637,0.231162,-0.023189,0.013049,-0.249573,0.273435,-0.069676,-0.002661,-0.302662,-0.145477,0.11729,0.451366,-0.364568,0.146833,-0.225355,0.085404,0.346673,-0.052659,-0.363583,-0.246163,0.079391,-0.530474,0.083365,0.01496,0.071874,0.231722,0.349253,-0.087035,0.466526,-0.347044,0.046039,0.467547,-0.186335,0.166299,0.281132,0.148876,-0.246736,-0.0643,0.080029,0.153946,0.007558,0.026607,0.038502,#
11,0.259664,-0.055255,-0.167726,-0.438578,0.183485,0.213852,0.478315,-0.258907,0.369095,0.31274,-0.017644,1.0,0.216368,-0.002799,-0.032837,0.253565,-0.217567,0.031022,-0.159497,-0.297542,0.078832,0.081438,-0.020122,0.122413,0.190742,-0.089923,0.182722,-0.474012,0.25743,0.010002,-0.300893,-0.101709,-0.269144,0.297084,-0.261765,0.354207,-0.02413,-0.293907,0.233626,-0.044767,0.306702,-0.144166,-0.171715,-0.110511,-0.245625,0.083281,-0.107443,0.402361,0.179833,-0.162348,0.118026,-0.219996,-0.149665,-0.048831,0.077079,-0.329344,-0.252699,-0.01787,0.006988,0.100838,-0.036922,0.289673,-0.114186,0.12244,0.009122,-0.170449,0.0,0.088508,0.407127,0.006971,-0.14713,-0.29249,0.145179,-0.263888,-0.104208,-0.052592,-0.105441,0.097608,-0.272515,-0.23289,-0.44579,0.00319,-0.089072,-0.27291,0.092752,-0.029827,-0.416513,-0.444419,-0.119485,0.273448,-0.202565,0.038443,-0.000658,-0.033762,-0.262471,0.080015,-0.170772,-0.325634,-0.282259,-0.115638,0.085098,-0.159038,-0.088886,-0.345483,0.18035,-0.058649,-0.212136,-0.142196,-0.383764,-0.0194,-0.165951,-0.071453,-0.303988,-0.188986,0.180942,-0.188596,-0.411794,-0.156523,-0.14981,-0.392936,-0.010652,-0.184544,0.067115,-0.28528,-0.252882,0.018553,0.102481,0.066691,-0.025663,-0.3141,-0.101235,0.046106,-0.141373,0.134943,-0.323053,-0.054708,-0.269144,-0.358411,0.390254,-0.203751,-0.035938,-0.091531,-0.427509,-0.178235,-0.038515,-0.09203,-0.21118,0.103033,-0.233016,-0.454913,-0.271619,-0.281872,-0.165994,-0.153303,0.103782,-0.524155,0.301159,0.246718,0.067857,-0.162797,0.094745,-0.040043,-0.23782,0.100322,-0.151105,0.136807,0.187808,0.103634,0.167984,-0.234067,0.026936,0.158198,0.022748,-0.266847,0.122309,-0.273468,-0.072355,0.166074,0.330854,-0.129699,0.437778,0.240094,0.140669,0.104876,0.332494,-0.337808,0.009946,0.04336,-0.164979,0.591758,0.180942,0.171565,0.393371,-0.015914,0.031253,-0.083044,0.395382,-0.208161,0.077213,0.13587,#
12,0.534319,-0.010017,-0.10239,-0.362824,0.500746,0.042033,0.036875,-0.074123,0.26605,0.152086,-0.332344,0.216368,1.0,0.149505,0.25359,0.035674,0.094901,0.151111,0.162791,-0.229299,-0.132883,0.194143,0.216469,-0.114657,-0.163393,-0.106096,0.237425,-0.180647,0.262255,-0.102709,-0.34177,0.211309,-0.180725,0.26271,-0.179278,0.248393,0.229455,-0.135806,0.04332,0.001093,0.09189,-0.11576,-0.018449,0.044002,0.278008,0.013907,0.42417,0.136051,-0.091454,0.299579,-0.233942,-0.355136,0.249619,-0.110574,0.406275,-0.333849,-0.447019,0.410374,0.210752,-0.091564,0.199285,-0.164944,-0.267048,-0.020445,0.11292,0.323139,0.0,-0.299633,0.222941,-0.221022,-0.049036,-0.551499,-0.180725,-0.270481,-0.126525,0.103459,-0.249811,-0.354675,-0.225004,-0.295419,-0.214306,-0.368069,-0.271085,-0.356466,-0.140846,-0.431751,-0.276954,-0.227842,-0.251749,-0.143505,-0.100554,-0.383265,-0.055497,-0.125259,-0.081767,-0.285354,-0.163592,-0.201413,-0.072924,-0.6099,0.263411,-0.160416,-0.357399,-0.371195,-0.350383,-0.08255,-0.267642,-0.290232,-0.019118,-0.100498,0.06228,0.020563,0.08428,-0.326608,-0.363103,-0.328855,-0.497266,-0.208157,0.163986,-0.49086,-0.043789,-0.223448,-0.271993,-0.151972,-0.301292,-0.020183,-0.246643,0.276598,-0.494602,-0.250021,-0.00606,-0.010138,0.048143,-0.018948,-0.346314,-0.2593,-0.180725,-0.157209,0.1347,-0.660585,-0.497291,-0.253086,-0.3184,0.198624,-0.450856,-0.077397,0.067954,0.374896,-0.620605,-0.099584,0.016364,-0.273682,0.132638,-0.208496,-0.133997,-0.252195,0.362974,0.406096,-0.595243,-0.373296,-0.312099,-0.057935,-0.302188,-0.291811,0.348325,0.19056,-0.034083,0.018769,-0.497266,-0.034616,0.301652,0.378096,-0.096539,-0.345305,0.221192,0.137113,-0.092066,0.487139,0.42116,-0.525224,0.237356,0.306369,0.142854,0.216976,0.15755,-0.169598,0.426186,-0.061326,-0.241026,0.393758,-0.363103,0.070314,0.301554,0.453148,0.05432,0.096702,0.297579,-0.211073,-0.032217,0.01001,#
13,0.017668,0.10819,0.066145,-0.056672,0.121209,0.524371,0.094205,0.363686,-0.214958,0.344746,-0.323606,-0.002799,0.149505,1.0,-0.085673,-0.087641,-0.243742,0.186467,0.142171,-0.442884,-0.063177,0.209312,0.098121,-0.178204,0.067834,-0.045274,0.233538,-0.142188,-0.172516,-0.132755,0.255557,0.232706,0.15807,-0.19785,-0.340087,0.328471,0.120463,-0.126351,-0.088011,-0.269913,0.101972,0.310601,0.614666,0.19468,-0.093225,-0.177793,0.177782,0.182548,-0.001066,-0.052433,-0.135735,-0.012728,0.082294,-0.390502,-0.20112,-0.384468,0.168306,0.134577,0.043373,-0.027191,0.215972,0.298363,-0.161567,0.05273,0.149517,0.169252,0.0,0.08323,0.113299,-0.154035,-0.176598,-0.2224,0.141536,-0.040393,0.118007,-0.518391,-0.049316,-0.404054,-0.072385,0.155426,0.206959,-0.279951,-0.05501,-0.120476,0.161093,-0.048066,0.104072,-0.068359,-0.264887,-0.028074,-0.171202,-0.104211,0.031947,0.017904,0.15202,-0.216779,-0.13746,0.218906,0.095458,-0.09014,0.113871,-0.135461,0.106624,-0.103167,-0.120476,-0.237689,-0.009464,-0.449204,0.009943,-0.382807,-0.187657,0.216599,0.095509,0.199027,-0.12426,0.041396,-0.353648,-0.309971,0.39481,-0.312465,-0.251192,0.191453,-0.055883,-0.237037,0.006866,0.027104,-0.261931,-0.280213,-0.085188,-0.049357,-0.058825,0.281089,-0.102967,0.280986,-0.100753,-0.207697,0.15807,0.208792,0.106538,-0.171043,-0.182759,-0.14869,0.021979,-0.239509,-0.020912,0.082598,0.044258,-0.035743,-0.361948,0.144744,-0.24692,0.132643,-0.282522,0.280665,0.320729,-0.044334,0.241339,0.362897,-0.222551,0.092707,0.146532,0.042043,-0.037535,0.165113,0.17143,0.254918,0.179301,0.183871,-0.372279,0.379555,-0.044492,0.279465,-0.222173,-0.064641,0.112037,0.130346,-0.247442,0.275223,0.408908,-0.043261,-0.127246,0.022527,-0.082754,-0.185289,0.114338,-0.123077,0.172776,0.098004,-0.062423,-0.037003,-0.12426,-0.363944,0.124896,0.243054,0.241751,-0.060092,-0.056254,-0.33139,0.31451,-0.067473,#
14,0.413633,0.237928,-0.003348,-0.063215,0.102503,-0.062435,0.122894,0.176137,0.326193,-0.594359,0.093904,-0.032837,0.25359,-0.085673,1.0,0.35183,0.163299,-0.408931,0.237292,-0.405522,-0.377662,0.388018,0.168178,-0.056655,-0.434149,-0.227398,-0.180891,0.067898,0.399057,-0.058132,-0.453995,0.347325,-0.166508,-0.019163,-0.053677,-0.214229,0.147309,0.167757,0.365405,0.052336,-0.193475,-0.058484,0.001269,-0.01254,-0.15986,0.470835,0.563269,-0.243108,-0.067925,0.270389,0.008739,0.230462,0.073641,-0.128936,0.011421,0.237817,-0.096405,0.374911,-0.427554,-0.130009,0.190955,-0.146845,-0.096524,0.481304,0.200339,0.348911,0.0,-0.257546,0.14018,-0.24536,0.142146,-0.113838,-0.166508,-0.221499,-0.351035,0.123619,-0.216431,0.112836,-0.325324,-0.385841,-0.285389,-0.282135,-0.186676,0.031615,-0.228131,-0.035322,-0.195754,-0.499738,-0.190096,-0.393961,0.044693,-0.316149,0.380756,-0.265917,-0.213358,-0.048149,-0.269371,-0.296459,-0.498521,-0.342587,0.235325,-0.091702,-0.233694,-0.32522,-0.132047,0.204259,-0.316009,-0.078703,0.058704,-0.025182,-0.540822,-0.240493,-0.14627,0.075989,-0.299218,-0.278738,-0.45815,0.218066,-0.27074,-0.050371,-0.199977,-0.440761,-0.034371,-0.033656,0.24359,-0.107408,0.005728,-0.056875,-0.044388,-0.407723,0.290313,-0.508342,-0.324464,-0.552489,-0.220144,-0.207007,0.252989,-0.274804,0.055416,-0.26132,-0.258388,-0.411753,-0.258388,-0.215849,-0.384907,-0.052383,-0.273557,-0.146587,-0.214145,-0.379202,0.146098,-0.132119,-0.159387,-0.325384,-0.23858,-0.407658,-0.087007,0.157855,-0.354036,-0.143255,-0.416837,-0.301098,-0.065016,-0.563953,-0.06251,0.154952,-0.026041,0.030387,-0.260278,-0.407658,-0.114019,0.393226,-0.30072,0.104382,0.188238,-0.071256,-0.033334,0.096005,-0.31971,-0.169917,0.007714,0.549279,0.43405,0.189031,0.27887,-0.220665,0.215565,0.154857,0.39812,-0.01097,-0.299218,0.544408,0.264803,0.463359,-0.177704,-0.179293,0.443479,-0.261416,-0.072053,0.2306,#
15,0.133,-0.16729,-0.193216,-0.13498,-0.049177,0.046928,0.499209,-0.150083,0.260876,-0.244973,0.518524,0.253565,0.035674,-0.087641,0.35183,1.0,0.001175,-0.544394,0.220186,-0.151509,-0.095459,0.302115,-0.114304,-0.21847,-0.310072,0.171725,-0.131964,0.080613,0.397817,-0.086516,-0.312464,-0.024516,-0.323158,-0.004167,0.015628,0.063497,-0.026902,0.012036,-0.140366,0.244159,-0.390308,-0.314326,-0.096455,-0.148759,-0.038625,0.205421,0.188072,-0.33145,0.34943,0.125396,0.161963,0.051722,0.040589,0.132983,-0.011894,0.050808,0.267698,-0.000574,0.086605,-0.110712,0.121181,-0.008023,0.221964,0.449842,-0.105414,-0.125124,0.0,-0.064567,-0.059671,-0.303287,-0.013519,0.002386,0.119767,-0.208516,-0.119525,0.303214,-0.199413,0.060784,-0.260801,-0.228851,-0.09683,0.00817,-0.446728,-0.279397,-0.02925,-0.124808,-0.28691,-0.445557,0.258426,-0.028686,-0.079985,0.143837,0.382198,-0.344999,-0.224881,-0.033361,-0.327412,-0.529198,-0.457953,-0.083888,0.132297,-0.122255,-0.311364,-0.071109,0.011891,0.145248,-0.464755,-0.044859,-0.15278,0.06158,-0.551616,-0.466746,-0.254309,0.227522,-0.344726,-0.147817,-0.324618,0.057962,-0.263797,-0.195216,-0.33506,-0.339145,0.244773,0.253192,-0.157881,-0.117448,0.022863,-0.141772,-0.223347,-0.422549,-0.122638,-0.279791,-0.374729,-0.067983,-0.233308,-0.196197,0.137484,-0.345032,-0.121276,-0.056326,-0.135921,-0.326843,-0.335144,-0.075733,-0.37102,0.537576,-0.55084,-0.025039,-0.005964,-0.578896,-0.108778,-0.199435,-0.484774,-0.071161,-0.402465,-0.647091,-0.145788,0.066625,-0.115025,-0.258234,-0.513482,-0.406313,-0.201742,-0.409497,-0.147792,0.069719,-0.133001,0.312308,0.082083,-0.579285,-0.047572,0.04191,-0.039677,-0.10807,0.147329,-0.341229,0.152364,0.149235,-0.256825,-0.052604,0.10656,0.44954,0.697048,0.386375,0.345691,0.006117,0.137164,-0.077138,0.5751,0.129484,-0.344726,0.541414,0.556703,0.074976,-0.146926,-0.03685,0.557059,-0.059651,-0.210069,0.435177,#
16,0.227899,-0.152143,-0.160186,-0.045596,-0.064436,-0.086289,-0.040374,-0.005813,0.302784,-0.591518,0.105201,-0.217567,0.094901,-0.243742,0.163299,0.001175,1.0,-0.057228,0.066154,0.043177,-0.34291,-0.071562,0.162853,0.105559,-0.084634,-0.209769,-0.173014,0.367429,-0.130398,-0.262571,0.067368,0.335145,0.257602,-0.385708,-0.056919,-0.559088,-0.032033,-0.051656,0.060014,0.241391,-0.156616,-0.08497,-0.223441,-0.174448,0.141347,0.112768,0.209026,-0.127859,-0.284185,0.266329,0.282657,0.072245,0.119603,0.054076,0.2416,0.402951,-0.096729,0.156123,-0.184528,0.127859,0.196507,-0.353956,-0.073297,0.357805,0.01654,0.058833,0.0,-0.331999,0.118596,0.112103,0.377471,0.172138,-0.166499,-0.005842,-0.522567,0.030328,0.018947,-0.031572,0.016455,-0.082251,0.195544,-0.105479,0.284396,0.212887,-0.201217,0.156069,0.140816,0.167552,-0.00407,-0.551076,0.398395,0.021573,-0.098215,-0.083602,-0.02043,-0.191669,0.087283,-0.117496,0.150609,-0.19247,0.307926,0.075637,-0.233001,0.055258,0.040839,0.219839,0.232349,-0.06139,-0.101188,0.163235,-0.118062,-0.240479,0.355259,0.077793,-0.120984,-0.092287,0.312413,-0.101873,0.103703,0.136369,-0.003198,0.035996,-0.498834,-0.325778,-0.030221,-0.425304,-0.198226,0.252693,-0.28528,-0.210022,-0.027888,-0.330198,0.332805,-0.234392,0.173901,-0.206502,-0.166499,-0.247677,-0.276572,0.072333,-0.07996,0.157913,-0.072479,0.180153,-0.225232,-0.04456,-0.255983,0.205579,0.115227,-0.003717,0.321491,0.107907,-0.13743,-0.144829,-0.383879,0.002564,-0.06089,0.077721,-0.185124,-0.310279,-0.203721,-0.059648,0.129598,-0.226861,0.284923,-0.028016,0.023908,0.249711,-0.072855,0.002564,0.286801,0.106229,0.219744,0.145383,-0.159473,-0.229539,-0.069333,-0.052529,-0.13991,-0.065357,0.018241,-0.26246,0.283815,0.024772,-0.057744,0.294018,0.048053,-0.062465,0.023237,-0.170357,-0.120984,0.046389,-0.095755,0.106547,0.16299,0.191055,0.082852,0.243957,-0.234583,0.039552,#
17,0.024761,-0.010142,0.417261,-0.020368,0.183388,0.005367,-0.180631,-0.149175,0.126076,0.335579,-0.341016,0.031022,0.151111,0.186467,-0.408931,-0.544394,-0.057228,1.0,-0.025587,0.223503,0.268401,-0.130499,0.351731,0.149502,0.315362,-0.269992,0.315987,-0.158118,-0.118618,0.090063,0.376396,-0.065136,0.204675,0.123725,-0.26563,0.061166,0.115911,-0.24111,0.284257,-0.382905,0.251347,0.277606,0.116522,0.078803,0.359422,-0.425441,0.104189,0.672689,0.009091,-0.136575,0.036291,-0.298231,-0.310792,0.066173,-0.275418,-0.13938,-0.181173,-0.160168,-0.078673,-0.131888,-0.256865,-0.055643,-0.163636,-0.495837,-0.177755,0.104338,0.0,-0.086139,0.002937,0.40368,0.012144,-0.180452,-0.228415,0.213295,0.101757,-0.158626,0.209619,-0.322517,0.028831,0.141383,-0.151374,0.051559,0.107504,0.216764,0.299632,-0.126629,-0.073377,0.191987,-0.155364,-0.059791,0.053572,-0.160252,-0.304711,0.291155,0.265241,0.079801,0.124416,0.355853,0.19455,0.044205,-0.220431,-0.02681,-0.204161,0.181739,-0.117668,0.084983,0.22559,0.080749,0.277073,-0.089013,0.606011,0.180689,0.369262,-0.161391,0.176578,-0.137982,0.106261,-0.345594,0.50476,-0.229588,-0.027963,0.307449,-0.040817,-0.41467,-0.300415,0.324048,-0.184649,0.303533,-0.220047,0.172346,0.13423,0.359435,0.244772,0.300836,0.146451,-0.133762,-0.228415,0.302492,0.317681,-0.138793,0.094658,0.410095,0.097204,-0.185125,-0.089501,-0.250343,0.276099,0.40609,-0.383439,0.551678,-0.091937,0.044333,0.337884,0.002239,0.13094,0.383287,0.172659,0.152558,0.116114,0.177187,0.61884,0.35115,0.067415,0.631401,0.142883,-0.194817,0.081812,-0.279868,-0.28381,0.432038,-0.157382,0.043806,0.098897,-0.210639,-0.144895,0.345364,0.083963,0.15305,0.298448,-0.351493,0.076338,-0.241997,-0.657424,-0.234546,-0.327176,-0.026181,0.082721,0.280054,-0.530063,0.117643,0.176578,-0.427606,-0.287482,-0.190029,-0.074144,0.054787,-0.283692,0.03848,0.192475,-0.497919,#
18,0.312862,-0.033889,0.276526,0.01572,0.11472,-0.119265,0.368021,0.167679,0.240778,-0.194756,0.335181,-0.159497,0.162791,0.142171,0.237292,0.220186,0.066154,-0.025587,1.0,-0.207211,-0.253802,0.314804,-0.026333,-0.182658,-0.658094,-0.251089,-0.206588,0.2849,0.256954,-0.49349,-0.201083,0.457935,-0.179884,-0.411753,0.036933,0.085428,0.341493,0.400115,0.038195,-0.03858,0.13181,0.041425,-0.203268,-0.133757,-0.028602,-0.139011,0.400783,-0.271871,-0.172491,0.282266,-0.306273,0.148135,0.339935,0.085098,-0.341665,-0.167504,-0.223592,-0.101231,-0.169216,-0.015961,0.170703,0.051478,0.201344,-0.164227,0.104071,0.079055,0.0,-0.268765,0.033275,-0.285674,-0.018814,-0.123484,-0.179884,0.097397,-0.270215,-0.214655,0.170589,-0.517705,-0.241887,-0.308532,0.073952,-0.184018,-0.258476,-0.227061,-0.271816,-0.064638,0.052283,0.092006,-0.440244,0.054932,0.251339,-0.188193,-0.046077,0.046612,-0.079736,-0.086153,-0.145363,-0.059244,-0.061241,-0.295235,-0.058283,0.004902,-0.330841,-0.025115,-0.068794,-0.066983,-0.066266,-0.146966,0.165535,-0.243415,-0.112865,0.026516,0.117504,0.174887,-0.205088,-0.343361,-0.123187,-0.04782,0.198857,-0.288976,-0.035019,-0.208241,0.075757,0.079452,0.013034,0.015867,-0.440104,0.030726,-0.028847,-0.064631,0.157682,-0.034147,-0.076447,-0.153607,0.208149,-0.079091,0.240708,0.005357,-0.338251,-0.192923,-0.145727,0.102647,-0.145727,-0.11183,-0.132663,0.190473,-0.312848,0.238576,-0.429291,-0.091037,0.050666,0.135328,-0.007982,-0.189362,-0.129547,-0.06894,0.137744,0.272057,-0.122955,-0.185996,-0.068477,-0.105331,0.055379,-0.142833,0.493929,0.183759,-0.020069,-0.062816,-0.288935,0.124532,-0.243917,0.477642,0.199879,-0.131386,0.220124,-0.002262,-0.324997,0.323328,-0.014206,-0.175676,0.240945,0.123775,-0.01912,0.186512,-0.017578,0.13658,0.415461,-0.070956,0.099626,-0.268601,-0.205088,0.105624,0.135272,0.183244,0.02936,0.25982,0.133488,-0.171545,0.045978,-0.039018,#
19,-0.149157,-0.309926,0.187949,0.146777,-0.21124,-0.231694,-0.307065,0.017695,-0.116849,0.015377,0.1861,-0.297542,-0.229299,-0.442884,-0.405522,-0.151509,0.043177,0.223503,-0.207211,1.0,0.079903,0.077758,-0.085573,-0.070552,0.211272,0.28543,0.173958,0.099641,-0.33084,0.123369,0.288926,-0.280355,0.429507,0.100914,0.29158,-0.114614,-0.309293,0.01908,-0.146568,0.110471,-0.184398,-0.112262,-0.168819,-0.065613,0.345315,-0.258893,-0.274156,0.031677,-0.023385,-0.208009,0.049884,-0.076571,-0.214009,0.284201,0.020231,0.251923,0.019666,-0.20014,0.264273,-0.158466,-0.363146,-0.195936,0.179902,-0.306097,0.088827,-0.158874,0.0,0.097313,-0.382132,0.146763,-0.10727,0.159039,-0.101477,0.279612,0.267116,0.332608,0.27092,0.177682,0.179887,0.143099,0.124361,0.28807,0.067036,0.115692,0.364916,0.072545,0.056917,0.394851,0.271454,-0.041428,0.110947,-0.088634,-0.103296,-0.044756,0.270983,0.496652,0.220541,0.103491,0.184303,0.073112,-0.213951,-0.170604,-0.050383,0.333335,0.100653,0.113076,0.131972,0.457417,0.011882,0.274566,0.483671,-0.146566,0.222765,-0.168022,0.103436,0.277309,0.639133,-0.108886,0.072102,0.169605,-0.043958,0.114643,0.045466,0.250298,-0.287342,0.242147,0.210497,0.084146,0.155586,0.210675,0.157399,-0.0868,0.179534,0.28189,0.301886,0.046047,-0.101477,0.228079,-0.141352,0.232616,0.14744,0.362411,0.203635,0.016884,-0.069998,0.125987,0.400028,-0.15409,0.355286,0.292895,0.066964,0.04666,0.559614,0.158404,-0.016832,0.474329,-0.097113,-0.407431,0.256692,0.354098,0.25724,0.118778,0.145944,0.360636,-0.028,-0.304294,0.02677,-0.021537,0.143369,0.020521,0.085357,-0.608626,0.443751,0.172006,-0.188876,0.151627,0.124594,-0.190473,-0.091651,0.166831,-0.147293,-0.246599,-0.406561,0.100897,-0.413011,0.383654,-0.333477,-0.066874,0.037316,0.109453,0.103436,-0.0187,-0.349786,-0.605841,-0.157704,0.271051,-0.345175,0.428615,0.062498,-0.309902,#
20,-0.311911,0.026992,-0.280455,-0.016584,0.269661,0.197564,-0.103751,-0.317029,-0.190352,0.270894,-0.2067,0.078832,-0.132883,-0.063177,-0.377662,-0.095459,-0.34291,0.268401,-0.253802,0.079903,1.0,-0.472917,0.096414,-0.249817,0.038555,0.001951,-0.003812,-0.010456,0.010979,0.50426,0.124908,-0.143167,-0.211016,0.116643,0.124505,0.095759,-0.115205,-0.360465,0.000832,0.036874,0.091782,-0.077846,0.114624,0.227619,0.012823,0.016513,-0.340209,0.332417,0.281191,-0.379161,-0.018731,-0.325235,0.116595,-0.038111,-0.122651,0.005353,0.366867,-0.421949,0.294435,-0.02728,-0.232562,-0.05201,0.032035,-0.253302,-0.494446,-0.100456,0.0,0.269423,-0.023652,0.057838,0.213852,-0.13106,-0.211016,0.159814,0.186793,-0.134717,0.285566,0.103819,-0.007348,0.071378,-0.193618,-0.000817,-0.104796,-0.008761,0.006449,-0.024717,-0.252502,0.312994,0.29557,0.226918,-0.46424,0.083797,-0.243296,-0.025271,-0.00969,-0.176198,0.075295,-0.175846,0.15454,0.368813,-0.27673,0.07373,0.091323,0.078238,-0.008761,-0.14103,0.039535,-0.031275,0.240346,-0.348013,0.274191,0.270274,-0.22162,-0.44959,0.148937,-0.084473,0.187974,0.086452,-0.020095,-0.077655,0.302123,0.104632,0.20306,0.03427,0.00204,0.250124,0.041097,0.288112,-0.060328,0.097813,-0.272647,0.253369,-0.26293,0.232253,-0.203946,0.174397,-0.211016,0.069823,-0.029517,0.152458,-0.009604,0.022368,-0.017504,-0.202174,0.066533,-0.012658,0.321988,0.306582,0.055873,0.135378,-0.281489,-0.133733,-0.095105,-0.119458,-0.119084,0.090736,-0.035777,-0.144291,0.083686,0.191975,-0.046563,0.133586,0.041667,0.229812,-0.149438,-0.097275,0.249071,-0.038967,0.003217,0.082799,-0.179397,-0.261718,-0.121826,-0.096667,0.308312,-0.067188,0.368056,-0.038834,-0.059695,-0.013084,0.218195,-0.204822,-0.241709,0.060551,0.265069,-0.40542,0.105463,-0.391684,-0.159003,0.163957,0.148937,-0.153454,0.011797,-0.329345,-0.15231,0.119194,0.011641,-0.001868,-0.244029,0.034259,#
