0,1.0,-0.087595,0.253825,0.019498,0.164405,0.027859,-0.164385,-0.04778,0.217578,0.090124,-0.50383,0.187946,0.03427,-0.014398,0.08653,-0.014402,0.036962,0.057688,0.01284,-0.180458,-0.280015,0.00937,-0.275391,-0.028523,0.223326,-0.331907,0.081884,-0.341551,0.302199,0.120062,-0.068147,-0.178586,-0.182965,0.089603,-0.245384,0.081625,-0.061075,0.103502,-0.127219,0.040662,-0.143919,-0.197889,-0.310553,0.159344,0.21367,0.015093,0.192519,0.097207,-0.060878,0.344984,-0.26811,-0.034313,0.325871,-0.225805,0.26562,-0.119921,-0.026968,0.137124,-0.078194,0.064384,0.179062,0.204765,0.296133,-0.249483,-0.055258,-0.065861,-0.033898,-0.269827,0.038928,-0.091244,0.190824,-0.250084,-0.127219,-0.140219,-0.062711,0.120523,-0.040995,-0.406948,0.13136,0.010545,0.128026,-0.031327,-0.031717,-0.375486,0.28622,0.046512,-0.21052,0.048261,0.061665,-0.198937,0.203827,0.013479,0.125077,0.162645,0.174108,-0.097161,0.01045,0.026815,0.343623,-0.060325,-0.068209,-0.040995,0.247686,0.044646,0.041463,-0.035415,0.190033,0.000704,0.194756,-0.427298,-0.21818,-0.127219,0.357782,-0.18362,-0.116679,-0.201047,-0.005266,0.001925,0.260849,-0.311365,0.210736,0.07446,-0.073568,0.131987,-0.194654,-0.006287,0.263716,-0.109034,-0.208251,0.291232,0.104116,-0.238674,0.065261,0.208455,-0.236032,-0.038234,0.032858,0.029829,0.155991,-0.194257,0.044646,-0.256692,0.070914,-0.233839,-0.07159,0.19999,0.177662,-0.197198,-0.131764,-0.091534,-0.146693,-0.001237,0.483655,-0.091226,0.001983,0.283165,-0.012103,0.030268,-0.07987,0.341668,-0.097595,0.134966,0.242613,-0.065007,-0.007473,-0.044725,0.065298,0.075526,-0.082928,-0.094105,0.017281,-0.068909,0.218171,-0.063937,0.054468,0.320117,0.264628,0.163514,0.193428,-0.019334,-0.110871,-0.216213,0.079623,0.086805,-0.098273,-0.050904,0.492891,-0.130283,-0.036605,0.216433,-0.20351,-0.167113,-0.21583,0.209363,-0.271341,-0.05572,-0.161159,-0.019028,0.281512,-0.055744,#
1,-0.087595,1.0,-0.129888,0.050989,0.250516,0.262321,-0.146221,-0.217896,-0.012639,0.16945,0.005081,0.119536,0.018438,0.108105,0.261215,0.125508,-0.184409,-0.141739,-0.342334,0.155864,-0.10959,0.40388,0.174975,-0.125719,-0.074672,-0.199881,-0.234481,0.034443,0.229929,0.501194,-0.447753,-0.109743,-0.146707,-0.049723,-0.03301,0.271621,0.113049,-0.246435,-0.102008,0.230386,0.001963,-0.254107,0.174621,0.261792,-0.218053,0.129654,0.263396,-0.014801,-0.131757,0.314791,0.170111,0.086177,0.197933,0.152782,0.200856,-0.033778,-0.076461,0.275907,0.223512,-0.105534,0.098779,-0.090496,0.21189,0.189258,-0.124737,0.073074,0.05124,0.182676,0.451215,0.070178,-0.189149,-0.088981,-0.102008,-0.205717,0.007317,0.086858,-0.342627,0.184628,-0.099707,0.045143,-0.095971,-0.199865,-0.221229,0.152363,-0.07932,-0.220428,-0.227586,-0.225976,0.07285,-0.031738,-0.178612,0.047648,0.109259,-0.342658,-0.442667,-0.167823,-0.330114,-0.36394,-0.2618,-0.027354,-0.048894,0.085916,0.20843,-0.202226,-0.207025,-0.151452,-0.572565,0.006873,0.01156,0.083482,-0.158103,-0.102008,-0.441978,-0.244141,0.058615,0.142506,-0.261942,-0.038901,0.236235,0.075395,-0.311467,-0.13028,0.025946,0.002543,0.06841,0.158217,0.020162,0.119238,0.204071,-0.049502,-0.057519,-0.096045,-0.120362,-0.073118,-0.19156,-0.129191,-0.184428,-0.38198,0.316919,-0.148995,-0.202226,-0.194467,0.190416,-0.355645,-0.059453,0.201762,0.128451,-0.050263,-0.075191,-0.162128,-0.358361,-0.153735,-0.280828,0.022306,-0.151471,-0.071418,-0.099111,0.119331,0.150955,-0.126857,-0.156426,-0.147299,-0.221462,-0.090293,0.014998,0.415451,0.020715,-0.61998,0.230416,-0.249745,-0.125804,-0.111987,-0.311467,0.024814,0.079237,0.265091,-0.033507,0.002944,0.253005,-0.214373,-0.122642,0.039134,-0.008213,0.168831,0.38252,-0.042883,0.050579,-0.002658,-0.028277,0.292981,-0.091305,0.234964,0.324522,0.481204,0.168279,-0.342531,0.347077,0.074508,-0.050027,0.498135,#
2,0.253825,-0.129888,1.0,0.252476,-0.07006,-0.090997,0.129739,0.002022,0.294551,0.107467,0.104758,0.047451,-0.173928,0.120021,-0.037751,-0.241464,-0.383359,0.19726,0.29449,0.318658,-0.487805,0.04712,-0.204637,0.293811,0.038517,-0.042833,-0.047525,-0.071482,0.212854,-0.309072,0.195888,0.208225,-0.304982,0.104198,-0.267683,0.053257,-0.05133,0.097314,-0.21206,-0.362691,-0.609438,0.214397,-0.140307,-0.074037,-0.023107,-0.323282,0.123064,-0.021862,-0.311406,0.357738,-0.274431,0.267606,0.099094,0.23032,-0.227267,-0.181612,-0.121057,-0.129841,-0.381156,-0.210351,0.333636,0.403007,0.15702,-0.170846,-0.113803,-0.002859,0.208689,-0.394104,-0.149927,-0.056069,0.156924,0.037813,0.166619,0.125629,-0.141252,0.232248,-0.187194,-0.33303,0.081164,-0.04331,0.258636,0.00026,-0.302531,0.186731,-0.175647,0.088196,0.007126,-0.052009,0.015934,-0.120035,0.087754,-0.225021,0.254259,0.470589,0.168114,0.073881,0.121429,0.087323,0.011664,-0.024571,-0.403397,-0.369862,-0.209173,0.28143,0.127027,0.134824,0.120527,0.131807,-0.044501,-0.030562,0.245826,-0.21206,0.058025,0.196075,0.174988,-0.139859,-0.141417,0.036842,0.256525,-0.158521,-0.113207,0.525807,-0.011425,-0.143802,0.027798,0.376845,0.170941,-0.335756,-0.020827,-0.025783,0.457608,0.258938,-0.131776,0.064687,0.231945,0.151184,0.120953,0.412715,-0.14135,-0.107562,0.458627,-0.066669,0.162757,0.133042,0.272378,0.340514,0.084662,-0.167025,-0.147264,0.063168,0.261294,0.465752,0.335627,0.216987,0.468897,0.148192,-0.120686,0.225334,0.248602,0.161453,0.063898,-0.029554,0.262688,0.125418,0.094062,-0.142429,-0.112389,0.195695,0.204302,0.081575,-0.226043,0.293764,-0.11992,0.024019,0.027792,0.219307,-0.053216,0.351346,0.104781,0.06458,0.179441,-0.015757,-0.088752,0.101053,-0.239303,0.303577,0.054427,0.316154,-0.035755,0.012828,0.129114,-0.37444,-0.283002,0.187867,-0.284708,-0.215428,-0.158455,-0.244985,0.201589,-0.164529,#
3,0.019498,0.050989,0.252476,1.0,-0.145301,-0.159005,-0.139462,-0.045077,-0.277382,-0.196299,0.208048,0.111708,-0.265751,-0.375862,0.119501,0.378529,0.093239,-0.439073,-0.167002,0.069864,-0.392007,-0.007738,-0.473825,0.072713,0.010628,0.202645,-0.289567,-0.00406,0.115934,-0.35323,-0.400828,0.029747,-0.33068,0.151906,0.143173,-0.336363,-0.106333,0.17062,-0.229928,0.259846,-0.314172,-0.028236,-0.108871,-0.153209,0.160663,0.445558,-0.27977,-0.712502,0.135665,0.229113,-0.197794,0.296898,0.291241,0.187002,0.03905,0.236743,-0.07166,0.059986,-0.371989,-0.149248,0.077001,-0.010683,0.418607,0.101232,-0.07719,-0.516779,-0.276969,-0.183322,-0.376186,-0.189688,-0.063819,0.256932,0.148036,0.036627,-0.237936,0.306873,-0.076006,0.417436,0.336969,-0.298995,0.196576,0.084235,0.11127,0.097072,-0.103735,0.050071,0.236605,-0.097053,0.092906,-0.177054,0.348624,0.024752,0.348902,0.065628,-0.215614,-0.193539,0.047597,0.0046,-0.033777,0.134392,-0.117365,0.278512,0.065818,0.198042,0.225978,0.062599,-0.015934,0.211934,-0.271984,0.049318,-0.363699,-0.229928,-0.186167,0.112852,-0.225272,0.349107,0.284026,-0.075482,-0.509961,0.416978,0.203694,-0.070596,0.060606,0.429398,0.362862,-0.039415,-0.044498,-0.298741,-0.043113,0.12942,-0.176541,-0.317457,-0.054892,0.102945,0.085188,0.256535,0.334462,-0.005627,-0.451375,0.143182,0.037192,0.178733,0.112181,0.150523,0.161477,0.326604,-0.174994,-0.38872,0.079565,-0.355415,-0.00849,0.14811,0.104053,0.145426,-0.04285,0.111422,-0.332889,-0.284294,0.153753,-0.062316,0.058449,-0.044832,0.224039,-0.457411,-0.322092,-0.210996,-0.172891,-0.16881,0.478838,-0.367042,-0.123164,-0.201763,0.029482,0.060985,-0.049655,-0.307217,-0.070557,-0.058636,-0.46486,-0.090555,-0.209607,-0.262874,0.340228,0.179222,-0.141505,-0.066083,-0.214559,-0.256207,0.515066,-0.219207,-0.160625,0.246106,-0.193242,-0.210861,-0.198783,0.095647,-0.068662,-0.018271,-0.343123,0.089075,#
4,0.164405,0.250516,-0.07006,-0.145301,1.0,0.227988,0.034983,0.139251,0.185434,0.189468,-0.402104,0.363904,0.259036,0.17738,-0.003936,0.003692,0.106766,0.276319,-0.307954,0.092723,0.405545,0.020383,0.546267,-0.253727,-0.164713,-0.41597,0.103197,-0.29333,0.224582,0.464446,-0.143797,0.030286,-0.026667,-0.11607,-0.229831,0.321132,0.046474,-0.505508,-0.229781,-0.234216,-0.022195,0.285331,0.138964,-0.052683,0.168921,-0.073773,0.318059,0.41168,0.174137,-0.117961,-0.029543,-0.588705,0.207669,-0.40263,0.21772,-0.123576,-0.333387,-0.038453,0.377268,0.132533,0.036626,0.162569,-0.025421,-0.369606,-0.253919,0.46021,0.142544,0.190037,0.360774,0.099043,0.130329,-0.548343,-0.229781,-0.604076,-0.23194,0.214303,-0.458129,-0.39608,-0.284507,-0.299846,-0.296383,-0.566981,-0.275011,0.143815,-0.160002,-0.149627,-0.592096,-0.111061,0.083328,-0.194514,-0.508036,-0.480219,-0.166524,-0.444675,-0.214412,-0.368979,-0.52127,-0.482786,-0.216342,-0.155439,-0.239307,-0.248253,-0.21953,-0.116904,-0.27831,-0.456451,-0.052475,-0.380409,0.03521,-0.417347,0.157843,0.189763,-0.236618,-0.691745,-0.079983,0.039891,-0.229353,-0.469359,0.306292,-0.282115,-0.011017,0.067189,-0.528485,-0.564862,0.00713,0.423108,-0.205411,0.398276,-0.231283,-0.458086,-0.213372,0.021925,-0.378368,0.20962,-0.48365,-0.251471,-0.191381,-0.33148,0.333452,-0.39774,-0.135921,-0.179712,-0.076841,-0.098455,-0.525018,-0.077031,0.187589,0.468064,-0.467245,-0.20311,-0.664164,-0.059724,0.078185,-0.52935,-0.419083,-0.113039,0.125728,0.420454,-0.34586,0.068851,-0.060133,0.263364,-0.30865,0.183723,-0.160774,0.098003,-0.183357,-0.238467,-0.362698,0.221652,-0.265662,0.234811,-0.372058,-0.548587,-0.067184,0.022518,-0.075276,0.247031,0.336073,-0.442314,0.272802,-0.199782,-0.011306,0.147093,0.341476,-0.330585,0.206549,-0.089656,-0.286826,0.296301,-0.434679,0.225927,0.342506,0.320989,-0.161085,0.237183,0.414538,-0.218774,-0.275381,-0.073101,#
5,0.027859,0.262321,-0.090997,-0.159005,0.227988,1.0,0.34641,0.183618,0.052823,-0.077869,-0.140864,0.359043,0.128255,0.265525,-0.083829,-0.127896,0.085352,0.169326,-0.166636,-0.132182,0.088721,0.33793,0.07531,-0.281886,0.213919,-0.461259,0.143642,-0.188098,0.141241,0.26922,-0.129747,0.072806,-0.021286,-0.287468,-0.252867,0.364551,0.078114,-0.190197,-0.227927,-0.059901,0.181732,0.007246,-0.110466,-0.025499,-0.02593,0.109545,0.048033,0.373939,0.066474,0.058624,0.25634,-0.192245,0.235915,-0.32306,0.224606,-0.180706,-0.113426,0.277124,-0.031138,-0.090147,0.006611,0.005194,-0.042121,0.046261,-0.105044,-0.056934,-0.052543,0.259446,0.339252,-0.121965,-0.395694,-0.378898,-0.227927,-0.313937,0.056921,0.191145,-0.42583,-0.104361,-0.161281,-0.440775,-0.165845,-0.428325,0.214918,-0.233038,-0.130284,0.162286,-0.111419,-0.093079,-0.283029,-0.1667,0.13234,-0.186362,0.140947,-0.482682,-0.243389,-0.512301,-0.216024,-0.181305,-0.021174,-0.535712,0.218014,-0.224162,0.217368,-0.479665,-0.236379,-0.333792,-0.053805,-0.643089,-0.163184,-0.300949,-0.022494,0.195366,-0.106375,-0.555208,0.124179,-0.195981,-0.255338,-0.144593,0.160069,0.008768,0.025262,-0.116996,-0.169146,-0.271178,-0.007475,-0.043443,-0.073414,0.131401,-0.164791,-0.253713,-0.063927,-0.111052,0.236567,-0.176464,-0.119499,0.114829,0.079278,-0.192423,0.023869,-0.4263,-0.326172,-0.194802,-0.264568,-0.140689,0.134934,-0.02136,0.033668,0.196575,-0.329643,-0.184021,-0.044628,0.002058,0.04482,-0.064774,-0.244996,-0.278924,0.363349,0.265469,-0.200116,0.09655,-0.004933,-0.002687,0.0,0.05008,-0.011134,0.471285,-0.038012,-0.084999,0.110646,-0.148441,0.244638,0.163888,-0.165836,0.001739,0.246459,0.008652,-0.135623,0.290541,0.396219,-0.443384,0.312791,-0.05577,-0.021872,0.472721,0.387573,-0.361394,0.121034,-0.103867,-0.369368,0.330081,-0.096319,0.250871,0.395368,0.370371,0.33787,0.085567,0.292327,-0.238767,0.044214,0.279743,#
6,-0.164385,-0.146221,0.129739,-0.139462,0.034983,0.34641,1.0,0.403169,0.102769,-0.085623,0.235105,0.153381,0.052492,0.204295,0.008298,-0.01833,0.096716,0.204836,0.31714,-0.058431,0.247372,0.315801,0.024181,-0.109159,0.057559,0.027986,0.18218,-0.169211,0.489589,0.074848,-0.080789,0.298411,0.203152,-0.444124,-0.202844,0.350629,-0.059694,-0.031176,-0.227291,-0.291341,0.014416,0.181788,0.142993,-0.018358,-0.015098,-0.202554,0.010951,0.137731,0.030673,0.090794,-0.201982,-0.156728,-0.120918,-0.100469,-0.219079,-0.30049,0.168752,-0.193125,-0.044685,0.054137,0.044927,0.028532,-0.384602,0.066906,-0.202618,-0.126141,0.192775,0.172917,0.186426,-0.122211,-0.057323,-0.340024,-0.227291,0.020121,-0.07736,0.221228,-0.081881,-0.436668,-0.636784,-0.285198,-0.159571,-0.268415,0.046941,-0.205279,-0.087246,0.004348,-0.097168,-0.274412,-0.276879,0.007502,-0.152139,-0.185373,-0.153798,-0.278182,-0.272878,-0.01909,-0.371735,-0.203439,-0.359081,-0.163894,0.097277,-0.40326,-0.221893,-0.305089,-0.057759,-0.14385,0.105832,-0.451419,-0.013676,-0.094154,0.054097,0.204695,-0.062041,-0.06375,0.003384,-0.216475,-0.252692,-0.11556,0.052552,0.037829,-0.160076,0.103811,-0.334248,-0.279098,-0.249431,0.144148,-0.412883,0.198258,-0.168922,-0.431122,-0.168256,-0.239963,-0.074082,0.055867,-0.09424,-0.058673,0.090518,-0.182247,-0.001351,-0.410069,0.038148,-0.158026,-0.255371,0.256261,-0.152262,-0.184637,-0.130433,0.211103,-0.12914,-0.001866,0.143509,0.198345,0.052754,-0.012556,-0.053507,-0.287604,0.108088,0.280094,-0.325451,-0.064755,0.013759,-0.328206,-0.16015,-0.077639,-0.1608,0.301789,-0.225291,0.007292,-0.024944,0.06024,0.057793,0.231709,-0.329733,-0.134447,0.247422,0.02677,-0.152621,0.319289,0.380026,-0.228199,0.337366,-0.113642,0.162756,0.530204,0.201712,-0.157932,0.140062,0.119932,-0.009435,0.0271,-0.07724,0.267005,0.199023,0.223014,0.155345,0.250718,0.323841,-0.225795,-0.032816,0.161227,#
7,-0.04778,-0.217896,0.002022,-0.045077,0.139251,0.183618,0.403169,1.0,-0.150787,-0.132851,-0.113246,0.015443,0.052198,0.265177,0.298053,0.006133,-0.160897,-0.230718,0.201327,-0.242499,0.02033,0.401642,0.106476,-0.298891,-0.015168,-0.139769,0.224362,-0.270529,0.106309,0.06759,0.008024,0.095791,0.290913,-0.415174,-0.068829,0.328095,0.028797,0.099475,-0.089002,-0.354284,0.137903,0.497256,0.187064,-0.006336,-0.190252,0.122782,0.107549,-0.049749,0.011356,-0.260898,-0.384559,-0.196867,-0.216182,-0.650505,-0.11254,0.072284,-0.192123,0.038806,-0.232033,0.113727,-0.23132,0.209211,-0.303778,0.187332,0.214741,0.243515,0.100721,0.189674,-0.066516,-0.252067,-0.165901,-0.407824,-0.089002,-0.35578,-0.092315,0.121082,-0.082686,-0.300878,-0.418498,-0.491186,-0.19179,-0.53347,0.112293,-0.386052,-0.007205,0.064121,-0.097416,-0.355579,-0.246753,0.019282,-0.054466,-0.285022,0.023884,-0.298969,-0.179969,0.095147,-0.446961,-0.059916,-0.385843,-0.359374,0.105711,-0.298942,0.146466,-0.355801,-0.355775,-0.298755,0.235311,-0.523385,0.063721,-0.298937,-0.197999,0.489513,0.025777,-0.162781,-0.247775,-0.042676,-0.178803,0.072864,-0.112665,0.149003,-0.04455,-0.251929,-0.272453,-0.095743,0.151951,0.032757,-0.326623,-0.167757,0.15625,-0.244903,0.080977,-0.211166,-0.247775,-0.088183,-0.256814,-0.062988,0.201679,-0.058101,-0.033057,-0.469678,-0.146023,-0.299715,-0.244908,0.110705,-0.141208,-0.481422,-0.271598,-0.034133,-0.203706,-0.119662,-0.057943,0.010126,0.245022,-0.092238,0.002255,-0.244725,0.314489,0.153317,-0.580402,0.168453,0.021348,-0.128519,-0.151479,-0.007205,-0.490984,0.120278,-0.326251,0.076235,-0.326676,0.037569,-0.06069,0.182544,-0.04455,-0.035654,0.188494,-0.02956,-0.244765,0.119982,-0.063976,-0.071529,0.190372,0.124726,0.075881,0.306825,0.086176,-0.352647,0.080871,0.177444,-0.039336,-0.02475,-0.402535,0.506404,0.254064,0.019692,-0.125667,0.155926,0.05038,-0.24139,0.170294,-0.065609,#
8,0.217578,-0.012639,0.294551,-0.277382,0.185434,0.052823,0.102769,-0.150787,1.0,0.105819,0.030187,0.125374,0.19027,0.330314,-0.451191,-0.2372,-0.046651,0.595326,0.381413,0.279784,-0.09752,-0.150856,0.096136,-0.03231,-0.138746,-0.322101,0.23878,0.232892,0.149932,0.011379,0.405253,0.055284,0.074009,-0.174872,-0.321203,0.045829,0.517393,-0.244756,-0.166489,-0.1806,-0.267948,0.256426,-0.213759,0.169495,0.307389,-0.482472,0.184984,0.449236,-0.291334,0.280773,0.157284,-0.117844,0.217751,0.227497,-0.322796,0.074369,0.023199,-0.027294,0.27142,0.049048,-0.368254,0.213008,0.01988,-0.272982,-0.245232,0.092613,0.533482,-0.027202,0.202595,0.388777,0.326056,-0.024424,-0.166489,0.003403,0.164149,0.094322,0.125722,-0.671886,0.00228,0.224056,0.013046,-0.016378,-0.036954,0.263777,0.200618,0.141183,-0.024936,-0.031346,0.094586,-0.214134,0.192237,0.038569,-0.149964,0.319749,0.062035,0.073128,0.142673,0.030015,0.05964,0.047359,-0.394714,-0.228838,-0.129236,0.148502,0.157582,0.132276,0.120626,0.182158,0.144959,-0.011667,0.334121,-0.166489,0.426642,-0.062792,0.437114,-0.508392,0.056632,0.019825,0.622026,-0.245202,0.178755,0.30507,0.046332,-0.513031,-0.37071,0.266936,0.044326,0.321453,-0.147055,0.096029,0.444463,0.519211,0.106264,0.087049,0.276729,-0.046731,0.181006,0.371817,0.341077,0.110869,0.492443,0.210742,-0.087304,0.106814,0.099351,-0.043687,0.406024,0.2727,0.028226,0.259101,0.07302,0.130481,0.282645,-0.094402,0.142141,0.077472,-0.105528,0.184651,0.252681,0.319732,0.200506,0.039839,-0.02306,0.698121,0.382178,-0.175369,-0.276769,0.030558,0.052435,0.401521,-0.419847,0.02621,0.185839,0.071141,-0.380558,0.245953,0.097351,0.141932,0.21456,-0.084321,0.112945,-0.186651,-0.438309,-0.094864,-0.260933,0.379507,0.146694,-0.000948,-0.608286,-0.036617,0.392775,-0.518159,-0.247133,0.234878,0.069192,-0.06903,-0.16569,0.124594,0.283102,0.023207,#
9,0.090124,0.16945,0.107467,-0.196299,0.189468,-0.077869,-0.085623,-0.132851,0.105819,1.0,-0.057108,0.508749,0.334907,0.499653,-0.313473,-0.086327,-0.235448,0.277629,-0.313442,-0.00329,-0.070281,-0.058644,0.188366,0.344846,0.290069,0.085458,0.071163,-0.51438,0.085282,0.18475,-0.056142,-0.180366,-0.390491,0.209757,0.066732,0.229918,0.049735,-0.386547,0.146458,-0.045669,0.02937,0.31716,0.192108,0.225127,0.31377,0.021475,0.019416,0.199142,-0.21697,0.2036,0.044078,-0.148551,-0.074305,0.025573,-0.152542,-0.334303,-0.232764,0.104201,0.240145,0.221586,0.072349,0.08198,-0.014694,-0.085245,0.026989,0.188429,0.094083,-0.046968,0.214749,-0.057151,-0.066926,-0.26958,0.129739,-0.071481,-0.092622,-0.242207,-0.027815,-0.127981,0.041047,0.328023,-0.139856,-0.111258,-0.119705,-0.008626,0.384473,-0.449642,-0.109181,-0.229084,-0.242308,0.149609,-0.192413,-0.19492,0.03541,0.147272,-0.173533,0.198969,-0.090247,-0.172483,-0.018921,0.075931,-0.157615,0.141449,-0.145956,0.080158,0.264347,-0.018314,-0.312362,-0.077651,-0.261608,0.149332,-0.118738,0.163177,-0.004215,0.142886,0.107468,-0.100436,-0.363208,-0.331184,0.394611,-0.389387,-0.088406,0.442031,-0.235171,-0.466905,-0.28093,0.166866,-0.155082,-0.043068,-0.259356,0.207924,0.12318,0.378197,-0.054112,0.522545,-0.266351,-0.021499,-0.249075,-0.162695,0.376869,-0.295305,0.094066,0.00706,0.02368,-0.158925,0.123919,0.203805,0.297245,-0.010606,-0.35697,0.201724,-0.336023,-0.107529,-0.379264,0.219886,0.251527,0.016373,0.023485,0.464832,0.117374,-0.040892,0.187167,0.22459,-0.269558,0.379059,0.005686,0.080849,0.045797,-0.110692,0.016549,0.184489,0.031938,-0.030295,-0.10347,-0.246916,0.114765,-0.02509,-0.378865,0.240926,0.354648,-0.232652,0.1121,-0.124993,-0.234599,-0.043778,-0.042477,-0.086325,0.011914,0.229482,-0.207168,0.450282,-0.022431,-0.240492,-0.112604,0.161556,-0.035062,-0.392298,0.196653,-0.109953,0.297193,0.023305,#
10,-0.50383,0.005081,0.104758,0.208048,-0.402104,-0.140864,0.235105,-0.113246,0.030187,-0.057108,1.0,-0.089438,-0.30094,0.019722,-0.137711,0.034285,0.237809,-0.167408,0.214388,0.338695,-0.06719,0.162755,-0.176988,0.265878,-0.121647,0.30789,-0.202963,0.211422,0.055264,-0.199685,0.076485,0.236623,-0.23732,-0.167815,0.340578,-0.09198,0.054107,-0.094883,-0.165014,0.054136,-0.243244,-0.051109,0.100241,-0.41688,-0.13573,0.016409,-0.405602,-0.526237,-0.037701,0.05696,0.181389,0.153408,-0.177244,0.291191,-0.537198,0.020452,0.311493,-0.264836,-0.07531,0.064451,-0.054561,-0.126802,0.218396,0.190761,0.213277,-0.216743,0.107314,0.100603,-0.223817,0.063475,-0.204721,0.347136,0.249177,0.297288,0.144534,0.138495,-0.010009,0.158993,-0.004447,0.083474,0.171886,0.132841,-0.187261,0.403416,-0.093451,-0.196159,0.147896,-0.14495,-0.228925,0.133596,0.0423,0.029621,-0.156176,0.272424,-0.287341,0.08175,-0.029876,0.014246,-0.377794,0.044571,0.08558,-0.027374,-0.326472,0.287102,0.357001,-0.073793,0.132807,0.122285,-0.376539,0.637158,0.036035,-0.165014,-0.254321,0.388326,0.170617,0.171357,-0.095086,0.092922,-0.050106,0.42256,-0.133565,-0.044484,0.059332,0.141951,-0.068646,-0.19493,-0.321837,-0.188327,0.315361,-0.074011,0.092378,0.060187,0.096746,-0.079314,0.490763,0.324172,0.221259,0.034776,-0.406944,0.129679,0.297439,0.316041,-0.077742,0.070717,0.269919,0.313999,0.065115,-0.174446,0.206956,-0.068141,0.221261,0.213364,-0.325051,0.217154,0.128587,-0.453729,-0.370819,0.09336,0.249163,-0.013663,0.076799,-0.238278,-0.198821,0.072468,0.050109,-0.103051,-0.137987,0.034274,0.374748,0.020738,0.127418,-0.258206,-0.133565,0.287156,-0.202007,-0.318231,-0.325962,0.057346,-0.220267,0.368118,0.190196,-0.060331,0.091394,0.124334,-0.00154,0.210269,-0.527566,-0.211077,0.209731,-0.122114,0.223368,0.053646,0.028902,-0.037966,0.267083,-0.169508,0.105576,-0.03683,-0.154409,0.18253,#
11,0.187946,0.119536,0.047451,0.111708,0.363904,0.359043,0.153381,0.015443,0.125374,0.508749,-0.089438,1.0,0.207454,0.284933,-0.318102,0.058028,-0.032021,0.119695,-0.256675,-0.179176,-0.051808,0.17134,-0.220311,0.198833,0.231476,-0.265802,-0.123033,-0.423502,0.227171,0.12713,-0.215047,0.090406,-0.124488,-0.0012,-0.168931,0.314917,-0.086219,-0.31496,-0.323168,0.012647,0.126558,0.20649,-0.006392,-0.033224,0.285313,0.156336,-0.19685,0.07666,0.194866,0.026818,-0.081404,-0.26337,0.316707,-0.1756,0.153804,-0.240977,-0.256702,-0.103922,0.071229,-0.060432,-0.19765,0.174034,0.141035,-0.287558,-0.183308,-0.30621,0.01903,-0.109854,0.163137,0.025773,-0.019829,-0.4643,0.128689,-0.09519,-0.185011,0.241066,-0.155895,-0.171422,0.020512,-0.178124,-0.163507,-0.189612,0.174291,-0.036806,0.2401,0.074406,-0.016576,-0.196759,-0.144217,-0.14558,0.110892,-0.067257,0.182255,-0.019991,-0.047668,-0.108809,-0.141081,-0.06639,0.026311,-0.200511,-0.214506,0.067993,0.160549,0.078002,0.342928,-0.224052,0.160342,-0.403078,-0.298143,-0.198421,-0.175802,0.146763,-0.062632,-0.226299,0.121498,-0.051762,-0.058262,-0.26534,0.102127,-0.008108,0.394289,0.226946,-0.190963,-0.369596,0.099471,0.181923,-0.161983,0.016947,-0.230166,-0.064329,0.020183,0.065858,0.26345,0.25953,-0.122802,0.263982,-0.060999,-0.076623,0.153496,-0.247336,0.248407,0.124821,-0.076141,-0.123532,0.053072,0.009652,0.20308,-0.040999,-0.303679,-0.285808,-0.25684,0.023396,0.047436,-0.142754,-0.054453,-0.092476,0.118987,0.084193,0.044671,0.050155,0.452594,0.199994,0.084181,0.252223,-0.056017,-0.094835,0.06281,-0.076553,0.421838,0.0872,-0.133789,-0.030314,-0.010115,-0.200802,0.077264,-0.203984,-0.351629,0.052166,0.195512,-0.29988,-0.045495,-0.364905,0.032949,0.233398,-0.055441,-0.199243,0.008241,-0.155444,-0.115806,0.13311,0.067358,-0.025066,0.043249,-0.012758,0.255856,0.036837,-0.009936,-0.239911,0.113788,-0.113373,#
12,0.03427,0.018438,-0.173928,-0.265751,0.259036,0.128255,0.052492,0.052198,0.19027,0.334907,-0.30094,0.207454,1.0,0.509821,0.095692,0.095255,-0.047459,0.30043,-0.151144,-0.073054,0.341476,0.048251,0.277519,-0.173022,-0.147211,0.145716,0.376328,-0.127407,0.035489,0.017504,-0.133979,0.376922,0.288321,0.061792,-0.325707,0.0712,0.223872,-0.246503,-0.165772,-0.036931,0.031151,0.448795,0.221858,0.329943,0.329732,-0.084539,0.192782,0.345173,-0.010281,-0.039736,-0.156588,-0.264416,-0.030397,-0.27883,-0.155127,-0.328168,-0.458278,0.3676,0.259265,-0.011487,-0.390848,-0.15834,-0.40134,0.058718,-0.002471,0.236647,0.095129,0.216815,0.358355,-0.157386,-0.010616,-0.324123,-0.165772,-0.186021,0.027986,0.103216,0.103584,-0.046431,-0.285388,-0.103356,-0.331885,-0.329943,-0.029026,-0.041689,0.049216,-0.206223,-0.017273,-0.189918,-0.249502,-0.198656,-0.286183,-0.311523,-0.159527,-0.190712,-0.248953,0.192122,-0.012065,-0.282849,-0.092526,-0.307911,0.047758,-0.198484,-0.138092,-0.500548,-0.132746,0.109826,-0.247364,-0.328437,-0.055262,-0.193326,0.155865,-0.165772,-0.054507,-0.242576,-0.179005,-0.133688,-0.118584,-0.274473,0.085649,-0.578467,0.038893,-0.187251,-0.129585,-0.37256,-0.431412,0.252376,-0.136283,0.265489,-0.395358,-0.270484,-0.22924,0.208211,-0.195821,0.079044,-0.288859,-0.195916,-0.050947,0.054974,0.319057,-0.235455,-0.159453,-0.092559,-0.456155,-0.189377,-0.376911,-0.15521,0.25574,0.190601,-0.508973,0.055336,-0.142056,-0.061946,-0.092728,-0.096044,-0.224775,-0.124047,0.310211,0.210475,-0.385034,-0.199302,-0.039019,0.091689,-0.366985,0.222589,0.059965,0.305812,-0.125397,0.108615,-0.285889,0.235351,0.061347,0.054871,-0.161937,-0.331596,0.085861,0.049538,-0.113791,0.007716,0.378893,-0.20963,0.141885,0.307792,-0.239105,0.092172,0.071451,-0.319901,0.031588,-0.025244,-0.215208,0.31913,-0.127748,-0.002829,0.110524,0.160751,0.05845,-0.074534,0.048669,0.106364,0.156431,0.200055,#
13,-0.014398,0.108105,0.120021,-0.375862,0.17738,0.265525,0.204295,0.265177,0.330314,0.499653,0.019722,0.284933,0.509821,1.0,-0.054104,-0.22356,-0.31361,0.456164,-0.026708,-0.095423,0.052886,0.201029,0.269893,0.066943,0.208975,-0.058274,0.377698,-0.410723,0.066619,0.115639,0.027132,-0.021781,0.104798,-0.291706,-0.305194,0.477263,0.439223,-0.306469,-0.325069,-0.424804,0.065073,0.564091,0.022328,0.197094,0.273986,-0.350606,0.293641,0.350546,-0.059018,-0.054536,-0.001971,-0.247125,-0.161651,-0.212096,-0.3286,-0.322454,-0.234909,0.21641,0.296108,0.20198,-0.190429,0.191125,-0.279228,-0.067258,0.333682,0.448908,0.263459,0.244971,0.472164,0.075707,-0.307335,-0.279634,0.123426,-0.425029,0.06488,0.243496,-0.199966,-0.36581,-0.295536,0.13257,0.019234,-0.355191,-0.193532,-0.141623,0.063748,-0.104363,-0.177424,-0.43534,-0.485904,0.018082,-0.22358,-0.262464,-0.134431,0.040803,-0.213545,0.041292,-0.221163,-0.056922,-0.213997,-0.356695,-0.157259,-0.339282,-0.104766,-0.41528,-0.02303,-0.367239,-0.051517,-0.316119,-0.107624,-0.126007,0.218184,0.141365,-0.178917,-0.019532,0.112879,-0.195364,-0.590491,-0.163887,0.487311,-0.52416,-0.217148,-0.070636,-0.180375,-0.553672,-0.258306,0.008435,-0.138712,0.011358,-0.207057,-0.087564,0.080476,0.417976,-0.243624,-0.028885,-0.111889,-0.132902,-0.025083,0.132759,0.501331,-0.434332,-0.044672,-0.299131,-0.486999,-0.194489,-0.086663,-0.196223,0.22372,0.22934,-0.481545,0.243126,-0.238471,0.164999,-0.096471,-0.07671,0.169487,-0.339832,0.401217,0.623403,-0.279999,0.24313,0.031343,0.192288,-0.283176,0.608123,-0.036004,0.378258,-0.308214,-0.067436,-0.283182,0.321364,0.15459,0.104075,-0.244536,-0.189726,-0.115358,0.029915,-0.123273,0.224153,0.511044,-0.184396,0.295372,0.165256,-0.487848,-0.103303,0.238457,-0.172205,-0.199838,0.301441,-0.45449,0.336819,-0.026508,-0.04514,0.355765,0.351205,0.058135,-0.201043,-0.033119,-0.243027,0.379792,0.106759,#
14,0.08653,0.261215,-0.037751,0.119501,-0.003936,-0.083829,0.008298,0.298053,-0.451191,-0.313473,-0.137711,-0.318102,0.095692,-0.054104,1.0,0.180704,-0.204131,-0.404731,0.050464,-0.144686,-0.021582,0.467139,0.064906,-0.240372,-0.344463,0.040741,0.033194,-0.123606,0.165868,0.240641,-0.373599,0.19858,0.101234,0.047409,0.047404,0.009153,-0.117369,0.186873,-0.112918,-0.088451,-0.08076,-0.089355,0.241568,0.082686,-0.241373,0.216936,0.385106,-0.323101,0.2009,0.10435,-0.435618,0.142724,-0.070828,-0.370004,-0.032503,-0.046244,-0.069181,0.116191,-0.299524,-0.292723,0.158093,-0.128109,0.033548,0.158899,0.181411,0.145048,-0.241373,0.026451,0.01936,-0.350453,-0.182754,-0.045722,-0.112918,-0.154154,0.090144,0.15993,-0.20635,0.252849,-0.397937,-0.245547,-0.023886,-0.161547,-0.161406,-0.14132,-0.328691,-0.14165,-0.169591,-0.284454,-0.06296,-0.086448,-0.282833,-0.111652,0.017598,-0.237458,-0.192687,-0.054734,-0.265602,-0.121571,-0.323894,-0.17839,0.08171,-0.154475,0.243296,-0.31675,-0.451374,-0.06301,-0.115746,-0.200586,0.259015,-0.238453,-0.214466,-0.112918,-0.354227,0.009804,-0.575037,0.24802,-0.191035,0.220002,-0.212822,-0.047307,-0.344777,-0.439367,0.082408,0.442498,0.075215,-0.082006,0.108434,-0.185158,0.212505,-0.310711,-0.173898,-0.530664,-0.443144,-0.27594,-0.37891,-0.165439,0.124436,-0.119438,-0.059992,-0.319325,-0.31675,-0.516151,-0.065745,-0.396014,-0.386284,0.017173,-0.124894,-0.315106,-0.25854,-0.241062,-0.119113,-0.26814,0.068464,-0.063123,-0.118207,-0.118564,0.059056,-0.114672,-0.378302,0.065744,-0.394548,-0.163052,-0.143426,-0.530159,-0.126035,0.31966,0.082294,-0.058229,-0.276463,-0.276454,-0.044199,0.213354,-0.344777,-0.159935,0.332133,0.304202,0.29083,-0.258363,-0.045967,0.172081,-0.163229,0.476605,0.256932,0.046377,0.280099,-0.409961,0.008994,0.029749,0.476917,-0.149661,-0.472347,0.382052,0.204631,0.230722,-0.022454,-0.202535,0.078782,-0.112516,-0.018046,0.262149,#
15,-0.014402,0.125508,-0.241464,0.378529,0.003692,-0.127896,-0.01833,0.006133,-0.2372,-0.086327,0.034285,0.058028,0.095255,-0.22356,0.180704,1.0,0.266992,-0.463365,-0.240046,-0.465607,0.04529,0.001431,-0.088977,-0.334902,0.009946,0.130552,-0.14036,-0.039593,0.242348,-0.105781,-0.380872,0.080023,0.10483,-0.09797,-0.10837,-0.078968,-0.106427,-0.124148,0.141409,0.509107,-0.122067,-0.177634,0.313005,-0.213904,0.048424,0.32553,0.160243,-0.324149,0.278209,0.164307,-0.003286,-0.21911,0.080456,0.031782,-0.030211,0.132725,0.083934,-0.062695,0.009365,0.200768,-0.13656,-0.043834,0.137471,0.207319,-0.438764,-0.16193,-0.46041,0.469834,-0.293247,-0.395783,0.007959,-0.018734,0.123464,-0.075452,0.042731,-0.083501,0.010294,0.401104,-0.104747,-0.220105,0.050672,-0.167682,0.020243,-0.177309,0.0812,-0.251485,-0.006285,0.11748,0.082833,-0.138649,0.1746,-0.029819,0.24995,-0.338776,-0.210757,0.033798,-0.308457,-0.054073,-0.019572,0.06238,0.082582,0.070996,-0.047406,-0.031001,-0.0453,-0.003328,-0.222153,0.076468,-0.251471,-0.129949,-0.559177,-0.325169,-0.33822,-0.009753,-0.257102,0.004293,0.165182,-0.296159,-0.46486,0.18957,-0.023193,-0.23984,0.036927,0.399341,0.101541,-0.031191,-0.120246,-0.260102,-0.19826,-0.047233,-0.277407,-0.313481,-0.06783,0.184467,-0.212144,0.034958,0.224084,-0.25646,-0.087854,-0.021393,-0.24622,-0.010784,0.138954,-0.138157,-0.44832,0.120529,-0.419773,-0.317609,-0.237431,-0.478903,-0.061047,-0.048181,-0.302348,0.10796,-0.430114,0.095612,-0.022261,-0.308453,-0.277139,-0.125878,-0.196999,-0.469541,-0.239873,-0.489491,-0.408681,-0.140196,-0.290711,-0.054282,0.088984,-0.375438,0.008686,-0.274298,0.003755,-0.144734,0.106343,-0.189884,-0.298197,-0.125981,-0.22222,-0.148533,-0.216933,-0.160688,0.678031,0.124513,0.096283,-0.165405,-0.148512,-0.341953,0.644212,-0.216087,-0.316506,0.375546,0.202446,-0.076548,0.266115,0.024732,0.197433,-0.216964,-0.350558,0.248218,#
16,0.036962,-0.184409,-0.383359,0.093239,0.106766,0.085352,0.096716,-0.160897,-0.046651,-0.235448,0.237809,-0.032021,-0.047459,-0.31361,-0.204131,0.266992,1.0,-0.120263,-0.145765,0.13223,0.416628,-0.229293,0.048661,-0.252957,0.041399,-0.03445,-0.169742,0.089754,0.049129,0.117623,-0.051439,-0.024981,-0.10833,-0.351369,0.068522,-0.27646,-0.112791,-0.241963,-0.075324,0.234733,-0.019922,-0.326852,-0.197465,-0.294604,0.172458,0.266821,-0.164015,-0.181015,0.088044,-0.071556,0.16204,-0.301985,0.134678,-0.119183,0.16997,0.275289,0.153564,-0.13925,0.143207,0.183809,0.119297,-0.236658,0.211371,0.210465,-0.188206,-0.037533,-0.161013,0.218938,-0.01606,-0.039741,0.156816,-0.092256,-0.075324,-0.050897,-0.222973,0.099666,0.00942,0.070488,-0.098432,-0.19422,0.129766,-0.199464,0.035638,-0.070933,-0.127176,-0.040478,-0.197435,0.20927,0.093717,-0.075151,0.064795,0.056883,-0.353302,-0.253023,-0.326871,-0.276586,-0.1245,-0.415979,0.148235,0.024967,0.199543,0.00942,-0.193536,-0.042209,-0.04802,-0.252842,0.224042,-0.180445,-0.074804,0.017746,-0.115976,-0.075324,-0.099479,-0.326871,-0.134257,0.05275,0.180558,-0.244328,-0.035178,0.111113,0.045715,-0.156646,-0.362843,0.062732,-0.309341,-0.325748,-0.276427,0.154717,-0.278679,-0.207266,-0.490545,-0.353991,0.087374,0.015511,-0.052083,0.011294,-0.136184,-0.415806,-0.394064,-0.032178,-0.301121,0.093546,-0.20727,0.098623,-0.22965,0.169043,-0.229858,0.334767,0.001824,-0.276033,-0.163031,-0.028564,-0.207367,-0.043069,-0.589656,-0.207115,0.016692,0.014442,-0.232792,-0.252815,-0.361337,-0.108768,-0.041996,-0.127176,-0.164409,0.062551,-0.018906,0.15016,-0.015607,-0.184415,0.350904,-0.214825,0.045715,-0.060349,0.120589,-0.39427,0.054301,0.080993,-0.156874,-0.105082,0.388727,-0.424186,0.29945,0.305481,0.305101,-0.2144,0.028777,-0.454814,0.026481,0.144481,-0.259187,0.240539,0.264054,-0.151212,0.04791,0.303791,0.279374,0.213751,-0.511403,0.256179,#
17,0.057688,-0.141739,0.19726,-0.439073,0.276319,0.169326,0.204836,-0.230718,0.595326,0.277629,-0.167408,0.119695,0.30043,0.456164,-0.404731,-0.463365,-0.120263,1.0,0.073355,0.115466,0.200198,-0.443008,0.283004,-0.014958,0.069904,-0.189831,0.331937,-0.057161,-0.097748,0.11547,0.360924,0.052071,-0.02405,-0.088463,-0.304393,0.084955,0.241164,-0.369559,-0.210131,-0.279741,-0.104689,0.313625,-0.138947,0.142421,0.366398,-0.475839,0.132266,0.699161,-0.123009,0.018656,0.19835,-0.135941,0.043053,0.213869,-0.220783,-0.160964,-0.085487,-0.043452,0.368687,0.132672,0.043615,0.227416,-0.261393,-0.405716,-0.121527,0.201642,0.194572,0.030521,0.35542,0.344394,0.134793,-0.036303,-0.210131,-0.020384,-0.100657,0.126337,-0.068784,-0.490144,-0.109465,0.285772,-0.066518,0.017941,-0.038252,0.209743,-0.084604,0.071144,-0.172488,0.130704,-0.144729,-0.089793,-0.291289,-0.233839,-0.426129,0.104003,0.04966,-0.094596,0.191092,-0.067701,0.176397,0.026195,-0.235463,-0.251231,-0.259944,-0.071217,0.10709,0.106801,0.10371,0.015015,-0.026578,-0.186952,0.463144,0.182637,0.154297,-0.139968,0.198907,-0.440938,-0.198236,-0.17323,0.560683,-0.533353,0.010043,0.339656,-0.201049,-0.631335,-0.301284,0.230044,0.011572,0.407094,-0.395637,-0.099745,0.057803,0.415149,-0.109269,0.138672,0.048902,-0.023792,0.054048,0.24499,0.390907,-0.106135,0.112573,-0.103623,-0.191193,0.142278,0.059293,-0.162503,0.416592,0.577719,-0.176366,0.523254,-0.037548,0.136368,-0.052863,-0.282031,0.259722,0.101092,0.095957,0.44689,0.075427,0.257822,0.104289,0.254274,0.065772,0.577781,0.420331,0.21043,-0.09013,0.146772,-0.156253,0.293327,-0.009885,0.221524,-0.189014,-0.221588,-0.135324,0.055362,0.149648,0.376604,0.632079,-0.337715,0.375764,-0.118187,-0.700985,-0.226198,0.121948,0.057374,0.046899,0.133177,-0.5846,0.224549,0.219616,-0.533374,-0.049879,0.28363,-0.072164,0.116309,0.042293,-0.085105,0.163635,-0.15398,#
18,0.01284,-0.342334,0.29449,-0.167002,-0.307954,-0.166636,0.31714,0.201327,0.381413,-0.313442,0.214388,-0.256675,-0.151144,-0.026708,0.050464,-0.240046,-0.145765,0.073355,1.0,0.127612,-0.257828,0.185454,-0.143998,-0.099099,-0.515313,0.013744,0.171123,0.317483,0.137466,-0.333896,0.216764,0.319061,0.243398,-0.19928,-0.0456,0.019423,0.060189,0.33838,0.20722,-0.16845,0.055015,0.164207,-0.325123,-0.095058,-0.083071,-0.454711,0.211116,0.078691,-0.400684,0.230419,-0.31697,0.308225,0.081112,0.194598,-0.337886,0.042138,0.124367,-0.174754,-0.056086,-0.058129,-0.211918,0.009428,-0.033724,-0.160604,0.04917,-0.065405,0.443304,-0.149023,-0.058596,-0.19243,0.195234,0.116768,-0.227274,0.339476,0.068866,-0.222488,0.433276,-0.396432,-0.170354,0.036134,-0.12417,0.202931,0.076685,-0.077446,-0.107758,0.218923,0.227965,0.059704,-0.057116,0.042682,0.183154,0.190609,-0.101235,0.221774,0.2515,0.332913,0.271093,0.286322,-0.017158,-0.234054,-0.204324,-0.072292,0.077106,0.188524,0.044764,0.171756,0.339526,0.013468,0.413041,0.078177,0.277377,-0.227274,0.27251,0.260992,0.341924,-0.364208,0.248741,0.374695,0.082809,-0.007513,0.163448,-0.015832,0.229075,0.053583,0.073844,0.01084,0.12514,0.189394,0.320974,0.115224,0.360424,0.257871,0.100988,-0.242256,0.395715,0.076173,0.256211,0.285706,-0.039266,0.122959,0.352257,0.170901,-0.064031,0.216614,0.189552,-0.092316,0.173807,-0.116435,0.242279,0.355749,0.503665,0.228986,0.470795,-0.157023,0.328362,0.094374,0.105761,-0.151429,0.165113,0.255226,-0.08987,-0.023442,0.038838,0.096317,0.49096,-0.171552,0.181354,0.356624,-0.045904,0.270784,-0.43526,0.273162,0.394735,0.276257,-0.009969,0.280975,0.082188,-0.202538,-0.135482,0.561748,0.03181,0.256219,-0.146708,-0.12896,-0.269246,0.29166,0.185527,0.042265,-0.012534,-0.462427,0.457081,-0.208549,-0.293016,-0.08108,0.144779,0.080024,-0.196053,0.191284,0.237232,-0.203823,#
19,-0.180458,0.155864,0.318658,0.069864,0.092723,-0.132182,-0.058431,-0.242499,0.279784,-0.00329,0.338695,-0.179176,-0.073054,-0.095423,-0.144686,-0.465607,0.13223,0.115466,0.127612,1.0,-0.102423,0.09489,0.224621,0.197034,-0.346319,0.16248,0.020196,0.344623,-0.115783,-0.024172,0.287821,0.20403,-0.163272,0.008623,0.098506,-0.209698,-0.029186,-0.181815,-0.113526,-0.064936,-0.255543,0.015719,-0.030966,0.102126,-0.04308,-0.208308,-0.121364,-0.007808,-0.342288,0.006893,0.021622,0.085303,0.121274,0.18077,-0.018031,0.13512,-0.047392,-0.020118,-0.051455,-0.393759,0.164692,-0.164656,0.055104,0.080201,0.158111,0.115277,0.506601,-0.412503,0.020352,0.288765,0.227126,0.056191,-0.113526,0.157928,-0.268039,0.115213,-0.006516,-0.118448,0.159236,-0.061281,0.166012,-0.127907,-0.181473,0.475554,-0.169119,0.049835,0.023877,-0.098423,0.322466,-0.280784,-0.134796,-0.077993,-0.035542,0.206568,-0.154222,0.013422,0.13371,-0.287029,-0.198359,0.229865,-0.28666,-0.227039,-0.316798,0.313799,-0.092351,0.200354,-0.044395,0.167815,0.104225,0.488606,0.530305,-0.113526,0.067737,0.056104,0.132355,0.094622,0.200728,0.04871,0.355812,0.009491,-0.184549,0.342782,-0.177141,-0.275695,-0.184409,0.082165,0.094173,0.223979,0.135809,-0.141033,0.213839,0.182615,-0.178054,0.057973,0.330709,-0.159209,-0.205253,0.073142,-0.247809,0.105536,0.318201,0.287385,-0.072075,0.098762,0.203428,0.147929,0.283831,0.187311,0.220409,0.17866,-0.009729,0.133103,0.089496,0.157089,0.11985,0.028283,-0.261194,0.239487,0.193527,-0.217599,-0.024719,0.103262,0.046862,0.193015,0.28123,-0.116073,0.147777,0.084468,0.153451,0.16482,-0.203021,-0.013887,-0.184549,0.319974,-0.021713,0.071402,0.085503,0.098213,-0.071336,0.114172,0.188777,-0.079744,-0.305843,0.258421,-0.144398,0.440433,-0.049028,0.028037,-0.329807,0.194271,0.176714,-0.230392,-0.25376,-0.060508,-0.20495,0.00812,0.008044,0.337944,0.002351,0.039316,#
20,-0.280015,-0.10959,-0.487805,-0.392007,0.405545,0.088721,0.247372,0.02033,-0.09752,-0.070281,-0.06719,-0.051808,0.341476,0.052886,-0.021582,0.04529,0.416628,0.200198,-0.257828,-0.102423,1.0,-0.270555,0.550856,-0.114599,-0.05757,-0.124008,0.021837,-0.093496,0.154487,0.289838,-0.130066,0.141198,0.262564,-0.088359,0.128657,0.089651,0.091707,-0.249856,-0.194432,-0.178013,0.232088,0.156381,0.072903,-0.06281,0.047415,-0.150371,0.002134,0.247924,0.359748,-0.329986,0.294985,-0.566275,-0.137423,-0.222684,-0.060998,-0.185109,0.087398,-0.20922,0.342103,0.289803,-0.037712,-0.242204,-0.494164,-0.031995,-0.218728,0.339984,0.029249,0.331678,0.425777,0.063202,0.075638,-0.179051,-0.194432,-0.290842,-0.026969,0.177955,0.022251,-0.057336,-0.567807,-0.098163,-0.290157,-0.159914,-0.191656,0.010631,-0.16365,-0.142663,-0.328344,0.047,-0.200668,0.159838,-0.579369,-0.274809,-0.497118,-0.298163,-0.208919,-0.232851,-0.299873,-0.436129,-0.192189,-0.073174,0.199174,-0.099208,-0.48706,-0.450124,-0.083775,-0.320203,-0.105649,-0.309965,-0.141746,-0.293703,0.244895,0.213467,-0.205275,-0.373416,-0.150023,-0.017688,-0.205873,-0.169868,0.076633,-0.232833,-0.029639,-0.195889,-0.211857,-0.389236,-0.335324,0.149846,-0.44937,0.34844,-0.220572,-0.535009,-0.487369,-0.086324,-0.326203,-0.017967,-0.317858,-0.278729,-0.351528,-0.258119,0.011868,-0.064183,-0.280069,-0.069378,-0.336478,-0.021363,-0.570692,-0.242309,-0.076399,0.700647,-0.1895,-0.077554,-0.286923,-0.076225,-0.348112,-0.369182,-0.641105,-0.372853,0.134572,0.266785,-0.380468,-0.199662,-0.119978,0.047401,-0.309131,0.067485,-0.133462,0.287055,-0.098443,-0.087984,-0.532539,0.353316,0.354103,0.151373,-0.228708,-0.443455,-0.071444,-0.229799,0.014376,0.020599,0.179623,-0.203104,0.349886,-0.048288,0.063353,0.062863,0.382045,-0.411722,0.102617,-0.100918,-0.165984,0.148729,-0.307172,0.363825,0.425973,0.029835,-0.108812,0.37537,0.341219,-0.067556,-0.552825,0.20046,#
