0,1.0,0.46609,-0.112586,-0.183736,0.30037,0.119757,0.065177,0.043787,-0.024179,0.563947,-0.214557,-0.104748,0.578886,0.248584,0.076638,-0.020594,0.041953,0.421464,-0.186829,-0.114757,-0.003538,0.35322,0.297642,-0.154529,-0.194636,-0.155433,0.102862,-0.149117,0.191126,0.554247,0.013951,-0.024187,-0.111942,-0.118984,-0.191069,0.179894,-0.289709,-0.060025,0.089711,-0.286915,-0.264187,-0.129807,-0.26723,0.05008,-0.013737,-0.394523,0.338832,0.184591,-0.390863,-0.187421,-0.096123,-0.259812,-0.174972,-0.174605,-0.036016,-0.098212,-0.02347,0.002134,0.192322,0.282613,0.299759,-0.019947,-0.329453,-0.155454,0.004227,0.396453,-0.060659,0.242056,0.090626,-0.083381,-0.123901,0.025027,-0.41647,-0.299937,-0.368531,0.257089,-0.102549,-0.403463,-0.307409,-0.223714,-0.317577,-0.199533,-0.091865,0.156736,-0.019382,-0.236217,-0.21708,-0.175104,-0.078977,-0.318129,-0.00634,-0.461342,-0.271786,0.159075,0.165102,0.015608,0.229614,-0.28584,-0.165867,-0.419716,0.246496,-0.374638,-0.258384,0.204729,-0.313053,-0.15103,-0.511779,0.057441,-0.557401,-0.143259,0.098409,0.233669,-0.106338,-0.330375,-0.272341,0.233968,-0.261403,-0.440216,0.347313,-0.553239,-0.381143,-0.115164,-0.149007,-0.119644,-0.219318,0.202492,0.038522,-0.104366,0.17198,-0.135462,-0.337423,-0.217196,-0.225764,-0.035876,-0.547876,-0.160573,-0.152878,-0.411329,0.254798,-0.292223,0.089971,-0.258906,-0.384825,-0.293302,-0.009878,-0.22393,-0.010537,0.253453,-0.294732,-0.554073,-0.173905,-0.484632,-0.03288,-0.261744,-0.086496,-0.084667,0.570065,0.647704,-0.236054,-0.420551,-0.340056,-0.019566,0.175025,-0.676208,-0.114245,0.611249,-0.466788,-0.402792,-0.085616,-0.276566,0.146075,0.086316,-0.535804,-0.248359,0.069169,-0.740792,-0.278355,0.33975,0.436131,-0.247738,0.303692,0.001161,-0.352862,-0.244472,0.391899,-0.2696,0.555094,0.011203,-0.262393,0.511247,0.101825,0.365523,0.225279,0.388285,-0.225277,0.226644,-0.255106,-0.381663,0.37696,0.360858,#
1,0.46609,1.0,0.25492,-0.175707,0.103609,0.130042,0.403879,0.025789,0.340215,0.182503,-0.061097,-0.456799,0.425868,0.099912,0.433885,-0.241134,0.199357,0.257072,0.289581,-0.292496,-0.223761,0.041265,0.490336,-0.128197,-0.227708,-0.348504,0.285147,-0.003538,0.187627,0.378165,-0.341017,0.001008,0.12044,0.097224,-0.016294,0.357164,0.039159,-0.180842,-0.131229,-0.092315,-0.417506,0.149095,-0.008845,0.375063,0.530359,-0.415797,0.413575,-0.037589,-0.061532,0.232547,-0.12039,-0.364895,-0.131065,-0.054594,-0.078305,-0.457287,0.025164,-0.20941,-0.145233,0.277073,0.063052,-0.026858,-0.335849,0.024237,0.023934,0.205755,-0.273604,0.334032,0.242311,-0.192033,-0.083261,-0.016684,-0.233924,-0.655625,-0.545461,0.445719,-0.285224,-0.566819,-0.487001,-0.569371,-0.143575,-0.553355,-0.45006,0.325317,-0.59195,-0.236217,-0.397252,-0.333896,-0.443617,-0.513631,-0.198788,-0.444075,-0.60676,-0.191358,-0.188906,-0.32763,0.018472,-0.470341,-0.337844,-0.261543,0.238881,-0.381311,-0.23668,-0.169833,-0.489888,-0.166922,-0.684235,-0.044795,-0.73841,-0.130044,-0.022942,0.515377,-0.330783,-0.503191,-0.135599,-0.117215,-0.268187,-0.847378,-0.203012,-0.74711,-0.56141,-0.316172,-0.583416,-0.298264,-0.137634,-0.154282,-0.175852,0.151489,-0.252772,-0.291799,-0.353094,-0.548799,-0.407499,0.158249,-0.401342,-0.343841,0.240799,-0.240394,0.198239,-0.646703,-0.43622,-0.12821,-0.572204,-0.199932,-0.033813,-0.37455,-0.420666,0.467339,-0.330783,-0.379719,-0.167938,-0.636598,-0.217881,-0.448068,-0.463659,-0.450952,0.224293,0.656059,-0.448994,-0.250675,0.040123,-0.014529,0.349036,-0.353112,-0.348636,0.459665,-0.466788,-0.07267,-0.065461,-0.276566,0.219007,-0.0163,-0.398149,-0.487818,0.258872,-0.378213,-0.466788,0.850174,0.59722,-0.514659,0.316615,0.18985,-0.155558,0.089893,0.389872,-0.204625,0.388054,-0.207791,-0.303812,0.509037,0.07019,0.741277,0.579762,0.386238,-0.26449,0.360584,0.144357,-0.368984,-0.130794,0.164583,#
2,-0.112586,0.25492,1.0,0.196536,0.124467,0.053804,0.081406,-0.038949,0.241509,-0.570398,0.052821,-0.082603,-0.180182,-0.230821,-0.012798,-0.151025,0.153721,-0.001598,-0.119459,0.182007,-0.212504,-0.078769,0.134524,-0.137748,0.047198,-0.429513,0.225895,0.155487,0.029187,-0.187866,0.081188,0.218059,-0.220231,-0.109609,-0.013052,0.209619,0.561441,-0.140625,-0.000504,0.037707,-0.003793,0.185002,-0.083434,0.241182,0.14263,-0.028259,-0.042812,0.630968,0.30525,0.20585,0.016822,0.264126,0.144179,-0.002176,-0.29986,0.094416,-0.03325,-0.304798,-0.204406,0.01857,-0.184328,-0.380497,0.40335,0.10518,-0.155151,-0.010303,0.12903,0.049327,0.234498,0.380195,0.581491,0.411021,-0.00836,-0.082463,-0.049084,0.13995,0.023955,-0.298496,-0.127953,-0.483992,0.441709,-0.081028,0.093677,0.209199,-0.010745,0.350184,-0.074716,0.090059,-0.042364,-0.065132,0.080514,0.092987,-0.14709,0.182043,0.024759,0.02149,0.267567,-0.409847,0.11142,-0.134472,0.21468,-0.054923,0.037333,-0.058282,0.194942,-0.288898,0.087418,0.135344,-0.323913,0.173538,0.471751,-0.117423,-0.089869,0.013133,0.623272,-0.061526,-0.072103,-0.261844,-0.240961,-0.047642,0.084409,0.008902,0.162162,-0.063191,0.162943,-0.228043,-0.134969,0.3252,-0.049426,-0.126602,0.263104,-0.233553,0.003074,0.085683,0.168173,0.134524,0.203052,0.38786,0.224105,0.090795,-0.060154,0.325078,-0.075023,-0.08937,0.022625,0.29287,-0.411477,0.068063,0.252392,-0.222616,0.143861,-0.062899,0.02713,-0.061438,-0.096899,-0.066514,-0.159462,0.127469,0.104785,-0.039786,0.266461,0.112642,0.008185,0.067693,0.005874,0.003428,-0.12565,0.098283,0.059409,-0.151003,-0.215147,-0.12534,-0.056301,0.076352,-0.181946,0.182925,0.032651,0.265034,0.173782,-0.389534,0.100941,-0.247307,-0.118801,0.503652,-0.23959,-0.209422,-0.067787,0.022773,-0.28545,-0.087234,0.455273,0.34239,0.139849,-0.097483,-0.063137,0.120052,0.147344,0.02042,-0.042541,0.028375,#
3,-0.183736,-0.175707,0.196536,1.0,-0.16624,-0.21475,-0.512886,-0.453445,-0.357348,-0.214734,0.161092,0.013543,-0.311926,-0.212548,-0.290908,-0.225041,-0.086588,-0.1048,-0.191138,0.357726,0.197245,-0.152162,-0.250409,0.078822,0.133773,0.028301,-0.3707,0.185934,-0.086996,-0.272309,0.569538,-0.292424,-0.393179,-0.177947,0.095963,-0.411252,0.258382,0.202725,-0.157408,0.035029,0.149549,0.069816,-0.181536,-0.005534,-0.103615,0.434605,-0.194503,0.084612,0.471932,-0.17193,0.407047,0.665805,0.081738,-0.034168,0.051953,-0.036569,0.357855,0.053625,-0.220679,0.370282,-0.088979,-0.323514,0.259541,-0.204195,0.191683,-0.181951,0.222237,0.22203,0.011926,-0.047325,0.265667,0.044608,0.372029,0.169312,0.28881,-0.403038,0.35386,0.103165,0.402918,0.099263,0.33048,0.624726,0.323961,0.296647,0.246886,-0.012933,0.291729,0.395905,0.191609,0.255382,0.218325,0.311931,0.516686,-0.144397,0.428399,0.072579,-0.008205,-0.238997,0.22094,0.502349,0.23373,0.119261,0.105926,0.076732,0.23912,0.605419,0.372152,-0.03204,0.460827,0.251203,-0.128519,0.00338,0.536022,0.375221,0.142349,0.225106,0.542117,0.157547,0.052878,0.098008,0.45868,0.237087,0.576693,0.401203,0.09289,0.014318,0.096861,0.030559,-0.062542,0.175194,0.385208,0.275743,0.452192,0.271495,0.422928,0.446087,0.145484,0.322665,0.288836,0.349145,0.350161,0.166025,0.146623,0.151282,0.436525,0.425837,0.370643,-0.411537,0.344838,0.2999,0.416416,0.258141,0.134018,0.379661,-0.090663,0.000562,-0.528595,-0.171499,0.257638,0.174694,-0.346027,-0.048896,-0.226335,0.098616,0.135708,-0.346759,-0.155971,0.131987,0.19537,0.222195,-0.398702,0.120975,0.65851,0.10634,-0.346545,0.395354,0.201332,-0.055322,-0.495167,0.082667,-0.386077,-0.278556,-0.100388,-0.041075,-0.271069,0.007357,-0.281074,0.258948,0.478661,-0.407067,0.155923,-0.240544,-0.151355,-0.31029,0.14551,-0.090724,-0.356647,0.154582,0.055634,0.119078,#
4,0.30037,0.103609,0.124467,-0.16624,1.0,0.120649,0.149025,0.008357,-0.228687,0.024588,0.088447,0.238564,0.070697,-0.118385,0.339495,0.279242,0.024142,0.185326,0.140341,0.111245,0.04332,-0.126791,-0.115089,-0.479229,-0.055631,-0.330624,-0.012174,0.153481,0.304727,0.044077,-0.292757,-0.073278,-0.207061,-0.262309,-0.163812,0.130345,-0.353208,-0.296248,-0.185887,-0.080248,-0.332964,-0.064247,-0.154758,-0.201764,-0.16676,-0.170356,0.226558,0.355272,-0.098245,0.173482,0.195242,-0.022141,-0.026274,-0.144795,0.068782,0.045856,-0.280867,-0.129386,-0.115892,-0.304415,-0.214849,0.126598,0.082167,0.191948,-0.063939,0.235083,-0.091555,-0.043772,-0.09628,0.112579,-0.105174,0.000805,-0.221088,0.061943,-0.290575,0.573846,-0.044137,-0.5287,-0.218786,-0.356336,-0.138164,-0.450403,-0.281549,0.109511,-0.037474,0.191396,-0.135156,-0.435341,-0.116451,-0.142486,0.040979,-0.469374,-0.043481,-0.173756,-0.01264,0.139586,0.219858,-0.30519,-0.116997,-0.220191,0.181374,-0.28421,-0.382356,-0.133458,-0.210443,-0.059494,-0.300987,-0.036703,-0.378842,-0.082192,-0.008995,-0.354169,-0.286546,-0.225465,-0.099725,-0.301447,-0.457832,0.036406,-0.114815,-0.093,-0.290575,0.012399,-0.032768,0.018127,-0.301054,-0.272766,-0.096339,0.094907,-0.03292,-0.364136,0.026576,-0.42728,-0.375813,-0.190331,-0.238317,-0.323649,0.192034,-0.240743,-0.152298,0.055217,0.053867,-0.221703,-0.14032,-0.35394,-0.035051,0.071638,-0.164435,-0.035344,-0.299916,-0.468398,-0.328338,-0.367264,-0.387442,0.020205,-0.462029,0.040893,0.263867,0.490482,-0.11864,-0.186255,-0.197184,-0.354277,0.177056,-0.023428,-0.45477,0.21389,-0.07227,0.077201,-0.077983,-0.120479,0.339298,-0.033131,-0.148106,-0.128917,-0.107191,-0.252922,-0.426254,0.114745,0.219607,-0.139414,0.469921,-0.203813,0.294451,-0.214619,0.127747,-0.45676,0.143603,0.139415,-0.437814,-0.018033,0.054836,0.187664,0.068228,-0.028023,0.035362,-0.33647,-0.113917,-0.04914,-0.257451,0.470127,#
5,0.119757,0.130042,0.053804,-0.21475,0.120649,1.0,0.189223,0.219925,0.289865,-0.085981,0.231983,0.083555,0.113182,-0.095137,-0.142502,-0.252218,0.363099,0.323752,-0.265972,0.020752,-0.143447,0.277551,0.233568,-0.365661,-0.093097,-0.448358,0.04913,-0.23627,-0.35245,-0.115958,-0.414182,0.120244,-0.070683,-0.200651,-0.073672,-0.079404,-0.19911,-0.172661,-0.105266,-0.403678,0.056601,0.284408,-0.021306,0.405196,0.25517,-0.216674,0.055108,0.111056,0.07338,-0.117609,-0.163955,0.05344,0.289755,-0.003942,-0.23866,-0.327202,0.08361,-0.387829,-0.123285,-0.197402,-0.134966,-0.17458,-0.233489,0.146621,0.204204,0.014392,-0.25025,-0.209853,0.067123,0.300263,-0.038224,0.472752,-0.174608,0.046301,-0.222363,0.232286,-0.485994,-0.019043,-0.285557,-0.340619,0.393056,-0.390476,-0.192595,-0.438978,-0.226532,0.260886,-0.215971,-0.229323,-0.192595,-0.334504,0.082187,-0.158639,-0.322792,-0.012401,-0.225386,0.058807,0.230124,-0.14055,-0.075159,-0.207406,-0.140385,-0.043265,0.157971,0.033963,-0.273363,-0.300048,-0.095925,-0.192063,-0.37076,-0.064377,0.331059,0.087669,-0.150598,-0.292303,-0.08398,-0.491636,-0.678478,0.02942,-0.066449,-0.309593,-0.379284,-0.444575,0.079208,-0.356295,-0.063807,0.076571,0.001822,0.120425,-0.143602,0.182733,-0.10286,-0.209809,-0.198822,-0.338127,-0.076424,-0.162415,0.142383,-0.259112,-0.221145,-0.304058,-0.168204,-0.305842,-0.371065,-0.014981,0.109984,0.128176,-0.326656,0.019803,0.039637,-0.220641,-0.163401,0.051441,-0.235379,-0.357926,0.034729,-0.005522,0.242801,0.324619,-0.221237,-0.142926,-0.100031,0.04633,0.232329,0.02577,-0.148159,0.484915,-0.039296,-0.147788,-0.064344,-0.215044,0.109301,0.00418,-0.408236,0.189754,0.042142,-0.126297,-0.223191,0.260564,0.335074,-0.074737,0.280436,0.256618,0.178903,-0.173703,-0.085866,0.162178,0.079861,0.113005,-0.245891,0.131738,0.02305,0.059793,0.116432,-0.095128,0.100986,0.204241,0.222293,-0.37263,-0.135099,0.149768,#
6,0.065177,0.403879,0.081406,-0.512886,0.149025,0.189223,1.0,0.42884,0.593807,0.278592,-0.074349,-0.091664,0.396676,0.067073,0.336509,-0.032256,-0.046292,-0.012658,0.077999,-0.178479,-0.41512,0.074955,0.427836,-0.22244,-0.095789,-0.409261,0.330428,-0.325481,0.283045,0.190358,-0.679642,-0.183353,0.276303,0.151866,-0.352151,0.230467,-0.058875,-0.471833,0.022441,-0.041216,-0.110907,0.397811,-0.08503,0.009013,0.083786,-0.447834,0.300043,0.127504,-0.155559,0.231285,-0.297453,-0.456181,0.154619,-0.282202,-0.317678,-0.087048,0.157493,-0.106525,-0.079671,0.011968,-0.006494,-0.098657,-0.221962,0.244882,0.215437,0.373888,-0.078617,-0.096824,0.208102,-0.118042,0.045067,0.092444,-0.340025,-0.548328,-0.417568,0.605898,-0.2305,-0.456433,-0.339831,-0.117049,-0.088808,-0.622358,-0.597505,-0.087407,-0.373217,0.239324,-0.280333,-0.267902,-0.336519,-0.481126,-0.280454,-0.251352,-0.665387,0.128723,-0.367649,-0.200982,0.022125,0.154804,-0.216526,-0.150028,-0.195206,-0.098274,0.005475,-0.142235,-0.178755,-0.352779,-0.397409,0.018076,-0.474689,-0.335294,0.210356,0.39484,-0.438277,-0.508718,0.030786,-0.214838,-0.306171,-0.231142,-0.328954,-0.432734,-0.417568,-0.553396,-0.375475,-0.517284,-0.322756,0.104073,-0.057506,0.329056,-0.178205,-0.176119,-0.494279,-0.730425,-0.685458,-0.279916,-0.362503,-0.475366,0.205954,-0.046236,-0.009903,-0.650885,-0.268021,-0.100031,-0.327051,-0.250748,-0.166748,-0.29742,-0.350856,0.752358,-0.101503,-0.270549,-0.119149,-0.229836,-0.121997,-0.611645,-0.237571,-0.085624,0.337596,0.388325,-0.287735,-0.357997,0.392448,-0.083191,0.484968,-0.086222,-0.006547,0.360967,-0.030012,-0.373966,-0.266189,-0.10817,0.224391,-0.141382,-0.263917,-0.08233,0.113774,-0.173354,-0.217071,0.247366,0.665414,0.165319,0.478488,0.023601,-0.041092,0.081725,0.426865,-0.075337,0.599573,-0.255352,-0.4414,0.313304,0.209336,0.501939,0.045144,0.259907,-0.066706,0.123054,0.279937,-0.447096,-0.192906,-0.410281,#
7,0.043787,0.025789,-0.038949,-0.453445,0.008357,0.219925,0.42884,1.0,0.217786,0.248339,-0.157057,-0.188582,0.184915,0.041657,-0.035947,0.382541,-0.111542,-0.373919,-0.199587,-0.044283,-0.174958,0.154632,0.261769,0.126565,0.005989,-0.049207,0.227209,-0.344277,0.125513,-0.087278,-0.415044,-0.046158,0.177299,-0.027257,-0.234172,0.090546,-0.103376,-0.136966,0.406112,-0.427016,-0.171785,0.20973,-0.251223,0.213763,-0.034584,-0.066512,0.207884,0.216074,-0.375467,0.227893,-0.397577,-0.154684,0.119398,0.307094,-0.292777,0.115478,0.26203,-0.2191,-0.204201,-0.031166,0.12016,-0.212792,-0.163603,0.211918,0.197552,0.028654,-0.250267,0.098126,0.104083,-0.187313,0.13969,0.13533,-0.193903,0.013993,-0.117272,0.473295,-0.180478,0.074694,-0.245544,0.241846,-0.201324,-0.291538,-0.013733,0.082327,-0.228538,0.023444,0.053727,-0.050324,-0.202488,-0.27692,-0.268645,-0.111278,-0.346055,0.3301,-0.226911,0.108022,0.355554,0.282718,0.131853,-0.150478,-0.205833,0.04689,0.067671,0.093215,0.104294,-0.276101,-0.23142,0.13138,-0.284963,-0.596397,0.091059,0.044969,-0.194753,-0.245544,0.195082,-0.004893,-0.190621,-0.019923,-0.224372,-0.079174,-0.117272,-0.395907,0.001502,-0.369833,0.201758,0.008917,-0.118452,0.043055,-0.29879,-0.193745,-0.431504,-0.117272,-0.282859,-0.043475,-0.063767,-0.270901,0.263541,0.013751,0.058243,-0.352452,-0.19341,0.16064,-0.111871,0.229668,-0.081655,-0.060287,-0.176668,0.159641,-0.023164,-0.293262,-0.015554,0.009163,-0.32719,-0.375045,0.278824,0.15689,0.397774,0.165831,-0.037409,-0.210617,0.274053,0.294209,0.082399,-0.105526,0.122071,0.067752,-0.04082,-0.354082,-0.315303,-0.252976,0.08575,-0.010624,-0.328959,0.050208,0.0203,-0.002209,-0.025676,-0.05144,0.231479,0.189626,0.24541,-0.046051,0.110162,0.053051,0.183916,0.454356,0.181376,-0.260673,-0.195844,0.092215,0.247467,0.115143,0.016302,-0.148474,-0.064752,0.068913,0.167232,-0.344818,-0.003593,-0.076218,#
8,-0.024179,0.340215,0.241509,-0.357348,-0.228687,0.289865,0.593807,0.217786,1.0,0.001759,-0.048067,-0.138348,0.412289,0.039617,0.098776,-0.394756,0.199724,0.085101,-0.055288,-0.280841,-0.042031,-0.017429,0.31484,-0.128264,0.131791,-0.167066,0.451319,-0.094684,0.00461,0.039588,-0.341194,0.17123,0.138043,-0.076728,-0.150732,0.17395,0.277711,-0.280501,-0.131297,-0.092362,0.181982,0.077027,0.178515,0.235869,0.397833,-0.401822,0.15558,0.024384,-0.147821,0.230132,-0.121839,-0.366454,0.272784,-0.047739,-0.455433,-0.176045,-0.064933,0.004031,0.228478,-0.01334,0.113692,-0.24888,-0.119027,0.080703,0.141908,0.285409,-0.273745,-0.098148,0.095986,-0.134702,0.186571,0.187008,-0.226435,-0.314388,-0.230297,0.318781,-0.118882,-0.06498,-0.327156,-0.222695,0.0524,-0.394432,-0.279635,-0.151907,-0.392094,0.346822,-0.214596,-0.172211,0.049164,-0.342844,-0.507724,0.094129,-0.61982,0.160351,-0.202672,-0.172685,0.047553,0.104679,-0.177651,-0.065689,-0.192732,0.11663,0.112938,0.025586,-0.007952,-0.486139,-0.179733,0.037407,-0.238387,0.021932,0.343196,0.515643,-0.315052,-0.494034,0.240274,-0.117276,-0.268325,-0.309322,-0.167753,-0.062984,-0.230297,-0.316335,-0.365528,-0.29058,-0.058274,0.223273,-0.155849,0.079293,0.134413,0.05489,-0.350599,-0.38802,-0.40771,-0.211681,-0.197658,-0.174239,-0.152957,-0.054744,0.120533,-0.319626,-0.449416,0.062437,-0.079301,-0.327508,-0.190692,-0.058867,-0.420883,0.429607,0.040987,-0.047055,0.004712,-0.245717,0.129256,-0.4483,-0.085303,-0.105071,0.228399,0.278125,-0.040687,-0.232657,0.320977,-0.014537,0.416406,-0.290353,0.329954,0.319749,0.084596,-0.111163,-0.21733,-0.276709,-0.165949,-0.01156,-0.222997,-0.091248,0.106134,0.03873,-0.100237,0.371844,0.621302,-0.007463,0.181017,0.20447,-0.135235,0.110667,0.241637,0.022163,0.412305,-0.205085,-0.29773,0.318689,0.275758,0.23863,0.252072,0.076685,-0.089383,0.367024,0.386579,-0.110886,0.106586,-0.325719,#
9,0.563947,0.182503,-0.570398,-0.214734,0.024588,-0.085981,0.278592,0.248339,0.001759,1.0,-0.234226,-0.15834,0.436263,0.26175,0.141988,0.16901,-0.1931,-0.086388,-0.010169,-0.218977,-0.086062,0.153375,0.161209,-0.005166,-0.226868,-0.020107,0.096563,-0.294676,0.219623,0.62129,-0.264463,-0.20533,-0.004418,0.062868,-0.489686,0.059422,-0.393808,0.153432,0.233399,0.069371,-0.154022,-0.115399,-0.172932,-0.012938,-0.191394,-0.461406,0.360064,-0.193338,-0.584229,-0.257548,-0.271281,-0.261849,-0.019418,-0.304192,0.047774,-0.17058,0.226454,0.096618,0.166366,0.215985,0.240231,0.060723,-0.554775,-0.078619,0.224469,0.244458,0.015659,0.056335,0.027603,-0.490129,-0.333653,-0.372416,-0.312184,-0.342654,-0.168154,0.156733,-0.020386,-0.114646,-0.120709,0.276859,-0.560967,-0.164507,-0.079154,0.086215,-0.038561,-0.315329,-0.344464,-0.260129,-0.079154,-0.174241,-0.25543,-0.272544,-0.209129,-0.011383,0.207466,-0.106749,-0.156687,0.32873,-0.047967,-0.101341,0.190462,-0.344464,-0.314164,0.011378,-0.126626,0.079589,-0.453818,0.031063,-0.108406,-0.488743,-0.194327,0.398727,0.046334,-0.317986,-0.531035,0.1208,-0.063184,-0.154563,0.106752,-0.470399,-0.344647,-0.271888,-0.331798,-0.251765,-0.397378,0.411332,-0.058376,-0.297398,-0.03601,-0.225784,-0.450965,-0.168154,-0.305809,0.105827,-0.606959,-0.194957,-0.114596,-0.232972,0.002216,-0.358536,0.122827,-0.387206,-0.342291,-0.144064,0.000304,-0.494532,0.118579,0.338419,-0.35989,-0.34356,-0.175087,-0.342846,-0.23593,-0.257127,-0.063631,-0.063184,0.42186,0.399812,-0.173906,-0.315243,-0.154781,0.059076,-0.019482,-0.372148,0.006719,0.212816,-0.349902,-0.50545,-0.264804,-0.207313,0.153647,-0.032779,-0.144517,-0.268391,0.302304,-0.540629,-0.154562,0.066639,0.203673,0.309039,0.18375,0.249987,-0.263617,-0.491842,0.345185,0.132235,0.515142,-0.204622,0.069748,0.569714,-0.057093,0.028935,0.031221,0.336127,-0.227944,0.052725,-0.194387,-0.293365,0.181328,-0.001937,#
10,-0.214557,-0.061097,0.052821,0.161092,0.088447,0.231983,-0.074349,-0.157057,-0.048067,-0.234226,1.0,0.203909,-0.480318,-0.339723,-0.126942,0.14065,0.363226,0.210373,0.152386,-0.30418,0.141863,-0.033175,-0.10122,-0.155884,0.105667,-0.136679,-0.244464,0.096753,-0.0187,-0.341915,0.007783,-0.070742,-0.105336,-0.108547,0.436361,0.025074,-0.007071,-0.032733,-0.055744,0.089683,-0.010959,0.062227,-0.086988,0.104179,-0.042245,0.273713,-0.350546,0.020451,0.259763,0.115408,0.321753,0.076655,0.1137,-0.246184,-0.29863,-0.071139,-0.124778,0.170233,-0.315708,-0.105891,-0.349914,0.237536,0.038863,-0.216465,0.050704,-0.387932,-0.27373,-0.129087,0.030086,0.314045,-0.166282,0.058848,0.106682,0.025861,0.110445,0.098245,-0.276161,0.092958,-0.184682,-0.411624,0.0065,0.115378,-0.095755,-0.325472,0.142926,-0.04036,-0.055185,-0.167523,-0.119603,0.008099,-0.198735,-0.092663,0.0495,-0.36792,-0.201693,0.176578,-0.143073,-0.113858,-0.009959,-0.104478,0.121534,-0.078511,-0.067287,-0.333014,-0.15283,-0.198069,-0.013424,-0.22763,0.0891,0.199558,-0.108888,-0.018046,0.1999,-0.160993,0.055868,-0.241803,-0.092103,-0.007621,-0.039797,0.126942,-0.052154,-0.192382,0.006262,-0.111787,-0.30778,-0.16166,-0.374518,0.059371,-0.214212,-0.125747,0.319525,-0.052154,0.099691,-0.033034,0.311914,0.036439,0.253109,0.145882,-0.155227,0.033312,-0.283907,0.046769,0.118339,-0.064976,-0.242657,-0.029746,-0.23822,-0.116725,-0.164347,0.274644,-0.171316,0.287115,-0.21415,-0.116987,-0.269757,-0.287613,-0.474376,-0.13065,-0.473043,0.142329,-0.052767,0.003972,0.359751,0.075746,-0.362393,-0.057998,-0.107079,0.253938,0.473632,-0.031832,-0.060017,0.144656,0.073243,-0.129015,-0.281763,0.192767,-0.08125,0.162705,-0.212628,0.288028,0.085753,-0.006675,0.204749,0.090225,-0.28406,-0.215283,-0.26829,0.115369,0.225313,-0.254316,-0.282876,0.003457,0.044092,-0.284051,-0.119039,-0.016541,0.375785,-0.167109,-0.22913,-0.12554,#
11,-0.104748,-0.456799,-0.082603,0.013543,0.238564,0.083555,-0.091664,-0.188582,-0.138348,-0.15834,0.203909,1.0,-0.194334,-0.255926,-0.243522,0.204401,-0.206353,0.111099,-0.276025,0.117208,0.025302,0.145064,-0.463999,-0.277157,0.210549,-0.134709,-0.25079,-0.244581,0.015327,-0.192786,-0.024089,-0.188757,-0.12011,0.058078,0.139596,-0.004828,-0.376781,-0.0077,-0.106389,0.253288,0.265404,-0.137823,-0.230073,-0.485089,-0.313643,0.195801,-0.305361,0.253298,0.025673,0.208349,0.108811,0.122446,-0.221443,0.012615,0.022921,0.097083,0.051365,0.196932,0.245526,-0.251478,-0.087638,0.287427,0.241162,-0.480991,0.222396,-0.057401,0.055358,-0.211708,-0.166947,0.410853,0.145267,0.032513,-0.013804,0.470603,0.018097,-0.090652,-0.244602,0.043684,0.120582,0.05067,0.297209,0.18496,0.082065,-0.502454,0.346098,0.225196,0.196824,0.158041,0.088703,0.485708,0.171747,0.248173,0.250192,0.208773,0.009405,0.501691,-0.01001,0.057455,0.149118,0.056536,-0.222689,0.365631,-0.130096,0.173899,-0.03642,-0.018336,0.135365,0.144828,0.196748,0.288922,0.014829,-0.233087,-0.054343,-0.051246,0.097472,-0.231115,0.065639,0.466328,0.339836,0.367588,0.190433,0.099711,0.361183,0.266996,-0.067831,0.306923,-0.047576,0.053359,0.525412,0.109052,0.149638,0.209921,0.026831,-0.118304,0.17102,-0.22049,-0.271727,0.029111,-0.088541,0.275391,0.436506,0.102683,0.21096,0.198577,0.020368,0.122773,0.008799,-0.247013,0.118574,0.184393,0.159402,0.221608,0.033473,0.243816,0.079001,0.432113,-0.033855,-0.219235,0.019149,0.019524,-0.159871,-0.491374,-0.00235,0.151308,-0.121796,-0.08877,0.26316,0.059377,0.192508,0.242118,-0.035249,0.044534,0.18544,0.267191,-0.240513,0.127984,-0.099709,-0.331846,-0.076653,0.236161,0.034171,0.009974,-0.069476,0.052177,-0.029148,-0.304042,-0.015059,0.199411,-0.081687,-0.298087,-0.251854,-0.197548,-0.038005,-0.199532,-0.056897,-0.381681,0.262494,0.076869,0.108613,0.106218,#
12,0.578886,0.425868,-0.180182,-0.311926,0.070697,0.113182,0.396676,0.184915,0.412289,0.436263,-0.480318,-0.194334,1.0,0.473223,0.141743,-0.144219,-0.187524,0.303065,-0.151646,-0.045226,-0.152154,0.338,0.494229,-0.030104,-0.131572,-0.037139,0.43403,-0.271898,0.226157,0.355044,-0.337016,0.041007,0.320398,-0.086401,-0.307122,0.17897,0.00638,-0.007383,-0.147161,-0.452311,0.004933,0.11109,0.035306,0.093586,0.074897,-0.59536,0.528377,-0.050456,-0.312987,-0.042094,-0.091422,-0.260942,0.073948,-0.092523,-0.172771,-0.070681,0.139264,-0.13331,0.398413,0.160495,0.566299,-0.000511,-0.138368,0.046328,0.179537,0.59956,-0.287587,0.289384,0.165419,-0.269076,-0.031924,-0.039202,-0.341015,-0.207337,-0.289808,0.297314,0.091484,-0.261453,-0.175687,-0.084263,-0.204568,-0.45026,-0.255141,0.020032,-0.187237,0.025465,-0.115231,0.00679,0.085495,-0.557774,-0.159141,-0.088936,-0.389242,0.215455,-0.140897,-0.007524,0.316374,0.086562,-0.317498,-0.255978,-0.064265,0.059565,0.064251,0.319797,-0.023336,-0.157329,-0.344859,-0.179317,-0.438115,-0.130469,0.097638,0.30652,-0.218094,-0.360037,-0.23462,0.091634,-0.237117,-0.37573,0.00317,-0.403336,-0.289808,-0.277566,-0.214383,-0.246445,-0.260128,0.300691,0.146883,0.095118,0.253965,0.106435,-0.668959,-0.277102,-0.443544,-0.315729,-0.502781,-0.054595,-0.271686,-0.493537,0.276696,-0.38967,-0.067103,-0.366016,-0.29302,-0.300075,0.04585,-0.125936,0.018032,0.342292,-0.04235,-0.43805,0.08588,-0.485406,0.200402,-0.409519,-0.08691,-0.065893,0.768157,0.61105,0.055527,-0.364973,0.038331,0.012224,0.174377,-0.353847,0.146205,0.600244,0.080784,-0.251152,-0.317681,-0.252326,0.077975,0.069225,-0.436215,-0.089933,0.325479,-0.4031,-0.098305,0.206288,0.746275,-0.2093,0.282962,0.027199,-0.2101,-0.253664,0.486228,-0.077133,0.646133,-0.133206,-0.53248,0.462345,0.29483,0.205989,0.015324,0.310556,0.15729,0.192913,-0.135807,-0.104157,0.417679,0.133103,#
13,0.248584,0.099912,-0.230821,-0.212548,-0.118385,-0.095137,0.067073,0.041657,0.039617,0.26175,-0.339723,-0.255926,0.473223,1.0,0.170918,0.049636,-0.54015,0.267175,-0.108407,0.08646,-0.167206,0.67168,0.656284,0.395167,-0.170509,0.162951,0.589499,-0.047627,0.057787,0.383476,-0.153197,0.21887,0.10207,0.088287,-0.104262,0.198981,-0.011765,0.165724,0.359492,-0.269459,-0.035437,0.101152,0.440656,-0.025213,-0.238033,-0.447816,0.36109,-0.211087,-0.381916,-0.093652,0.107875,-0.287767,0.038573,0.067922,-0.158686,0.00577,0.041673,0.044534,0.315812,0.121352,0.560978,-0.014202,-0.261545,0.06215,0.237907,-0.00149,-0.280321,0.337131,0.209357,-0.009056,-0.055344,-0.004899,-0.133608,0.115858,-0.32416,-0.070488,0.243502,-0.129209,-0.241602,0.277248,-0.249616,-0.2758,0.091258,0.213675,-0.030603,-0.008516,0.063285,-0.030434,0.044286,-0.401059,0.019864,-0.119798,-0.087079,0.187491,0.198918,-0.030016,-0.035726,0.244995,-0.190269,-0.129753,-0.116542,-0.166421,0.212026,-0.021742,-0.055691,-0.154043,0.141744,-0.466442,-0.127225,-0.002468,-0.02839,0.067117,-0.069492,0.165206,-0.273575,-0.047246,-0.062893,-0.246933,0.00369,-0.087174,0.008616,-0.179927,-0.037558,-0.247797,-0.199858,0.264377,0.165769,0.085025,0.241282,0.241006,-0.179857,0.066737,-0.440272,-0.120463,-0.543168,0.117148,-0.269463,-0.160799,0.190405,-0.067349,0.048079,-0.523494,-0.148713,-0.241637,-0.301819,-0.149052,0.010152,-0.047876,-0.269583,-0.241247,-0.023435,-0.436074,0.167497,-0.413,-0.067748,0.094185,0.455747,0.118003,0.238956,-0.352528,0.123336,0.034896,-0.04291,0.081395,0.122861,0.232709,0.224148,0.237709,-0.115385,-0.001216,-0.090191,-0.185016,-0.32364,-0.327178,0.165504,-0.438179,0.246432,-0.127766,0.388578,-0.188156,0.376763,-0.133856,-0.221201,-0.07039,0.011458,0.221172,0.122072,-0.535666,-0.362402,0.296612,-0.073013,-0.1533,-0.325086,0.152882,0.286087,-0.138053,0.046464,0.097425,0.619135,-0.071844,#
14,0.076638,0.433885,-0.012798,-0.290908,0.339495,-0.142502,0.336509,-0.035947,0.098776,0.141988,-0.126942,-0.243522,0.141743,0.170918,1.0,0.038613,-0.040843,-0.016775,0.407965,-0.046198,-0.073732,-0.203917,0.173268,0.032228,-0.279123,-0.074331,0.190406,0.355374,0.559359,0.327832,-0.437353,0.026721,0.071641,0.024624,0.065253,0.267362,-0.160597,-0.235232,-0.160893,0.208145,-0.45432,0.084836,0.252033,0.307574,0.325066,-0.278486,0.349484,-0.303738,-0.275219,0.192221,0.116228,-0.372125,0.22059,-0.036634,-0.028481,-0.438206,-0.266052,-0.183464,-0.109885,-0.316661,-0.312209,0.175739,-0.168238,0.209622,-0.064391,0.051691,-0.036334,-0.151919,-0.253984,-0.429544,-0.372933,-0.321052,-0.066867,-0.399892,-0.309279,0.316025,-0.032061,-0.49545,-0.400487,-0.160762,-0.422236,-0.462816,-0.495447,0.42324,-0.346275,-0.087513,-0.299899,-0.430518,-0.159269,-0.225744,0.048025,-0.217713,-0.198422,-0.313155,-0.296932,-0.227594,-0.4161,-0.060821,-0.596986,-0.18023,0.199004,-0.450291,-0.331512,-0.38141,-0.239743,0.094579,-0.42969,-0.240527,-0.336106,0.060284,-0.351807,0.237348,-0.419425,-0.232026,-0.412874,-0.014549,-0.168159,-0.266025,-0.60863,-0.234241,-0.466021,-0.032472,-0.513633,-0.01963,0.003559,-0.40855,-0.217887,-0.118845,-0.306619,-0.350765,-0.113778,-0.29047,-0.510881,0.003258,-0.522044,-0.380166,0.225072,-0.130026,-0.21979,-0.066158,-0.336433,-0.387469,-0.159237,-0.055245,-0.146604,-0.405567,-0.087513,0.147333,-0.432915,-0.133501,-0.455896,-0.588327,-0.266256,-0.175808,-0.410421,-0.343512,0.006741,0.254629,-0.396077,0.096154,0.022843,-0.300831,0.113386,-0.085768,-0.520653,-0.107178,0.0329,0.202294,0.212819,-0.064911,0.501844,0.163485,-0.14248,-0.433912,0.541368,-0.328782,-0.324263,0.275041,0.200853,-0.014694,0.428739,0.125301,0.412023,0.154735,0.303492,-0.391596,0.138865,-0.159893,-0.042334,0.277766,-0.05376,0.499024,0.127773,0.46117,-0.156132,-0.03578,-0.004965,-0.103479,-0.251826,0.091734,#
15,-0.020594,-0.241134,-0.151025,-0.225041,0.279242,-0.252218,-0.032256,0.382541,-0.394756,0.16901,0.14065,0.204401,-0.144219,0.049636,0.038613,1.0,-0.167301,-0.307402,0.145233,-0.126394,-0.209581,0.173058,-0.101193,0.232048,-0.059322,0.04334,-0.071754,-0.212868,0.328778,-0.149282,-0.165507,-0.217943,-0.105307,0.070528,-0.026042,0.336465,-0.021117,0.114138,0.414118,0.075113,-0.222402,-0.333151,-0.25573,-0.065577,-0.497105,0.149326,-0.177691,0.093049,-0.1931,0.116683,0.080731,0.135931,-0.074982,0.18938,-0.035955,0.18555,-0.088524,-0.032649,-0.282795,-0.402463,-0.068575,0.48449,0.165364,-0.238485,0.134777,-0.427456,-0.273655,0.073307,0.105374,0.084247,-0.00807,-0.324957,0.163843,0.242493,-0.035693,0.126879,-0.088098,-0.053919,-0.164831,0.131509,-0.33053,-0.035612,0.256433,0.014528,0.350006,-0.219358,0.129852,-0.164018,-0.092992,0.195174,0.145294,-0.078224,0.069191,0.012403,-0.162689,0.375978,0.067498,0.287956,0.026601,-0.252868,0.122809,-0.055935,-0.227863,0.028381,0.185144,-0.171484,-0.165294,0.042883,-0.057271,-0.154777,-0.095479,-0.276421,0.220631,0.016865,0.001713,-0.069408,0.076566,0.210527,-0.009609,0.157233,-0.042195,0.063762,0.052135,-0.255955,0.020234,0.040223,-0.177922,-0.13983,-0.199368,-0.284974,-0.012407,0.120359,-0.053949,-0.011487,-0.025051,-0.145551,0.253039,0.131873,-0.307064,0.063797,0.077504,0.053321,-0.029017,0.263723,-0.193638,-0.085707,-0.028713,-0.259379,-0.150712,-0.212165,-0.228697,0.047019,-0.23453,0.064502,0.124335,0.244432,0.088746,-0.102613,-0.213803,0.134535,0.256508,0.003971,-0.192151,0.115166,-0.309162,-0.375258,0.248965,-0.003312,-0.046082,-0.031823,-0.018321,-0.211358,-0.071826,0.085105,-0.082088,0.028637,-0.088424,-0.330775,-0.201772,0.241298,0.143475,-0.32538,0.244647,-0.065744,-0.256395,0.118025,-0.261495,-0.197909,0.058086,-0.189523,-0.242975,-0.162535,-0.120882,-0.100282,0.069244,-0.169383,0.183911,-0.127316,0.012289,0.097468,#
16,0.041953,0.199357,0.153721,-0.086588,0.024142,0.363099,-0.046292,-0.111542,0.199724,-0.1931,0.363226,-0.206353,-0.187524,-0.54015,-0.040843,-0.167301,1.0,0.117092,0.374094,-0.380516,0.210058,-0.424995,-0.140134,-0.342395,0.016853,-0.108629,-0.30378,0.152531,-0.268199,-0.081319,0.083259,0.108832,-0.052886,-0.22035,0.23188,0.093455,0.210968,-0.321668,-0.296606,-0.052785,-0.038358,-0.222015,-0.067216,0.340506,0.407613,0.045076,-0.318599,0.04767,0.16639,-0.29887,0.054691,0.017847,0.105099,-0.160077,0.144418,-0.094498,-0.394274,-0.301504,-0.361352,-0.119344,-0.377757,0.02975,0.162741,0.108242,-0.19591,-0.049304,-0.0412,-0.225853,0.050453,0.17022,-0.076249,0.16149,0.157617,-0.407104,0.021248,0.057746,-0.373061,0.021035,-0.090713,-0.507295,0.137896,0.001085,-0.224124,-0.270806,-0.281854,-0.196885,-0.333333,-0.25168,-0.046536,-0.11428,-0.10184,-0.15933,-0.215815,-0.255318,-0.283319,-0.271138,0.139847,-0.339139,-0.261543,-0.343646,0.127034,-0.149426,-0.144153,-0.112489,-0.095405,-0.114968,-0.280639,0.2239,-0.170523,0.104415,0.252502,0.002724,-0.055537,-0.277488,-0.008335,-0.051962,-0.389511,-0.062718,0.075384,-0.155484,-0.497449,-0.067949,-0.263877,-0.060023,0.161529,-0.390694,-0.132035,-0.049724,-0.38402,-0.21106,0.241364,-0.162757,0.19294,0.071568,0.075963,-0.116838,0.295352,-0.171372,-0.227896,-0.045676,-0.387615,0.29805,-0.171855,-0.127532,0.072287,0.166282,-0.189354,0.202921,-0.038128,-0.002099,-0.428257,0.232581,0.018725,-0.057354,-0.156231,-0.39605,-0.219743,0.203491,-0.317272,0.194297,-0.185916,0.277022,0.278586,-0.269035,-0.188038,0.184113,-0.242172,-0.107969,0.015442,-0.253222,0.094194,-0.027269,-0.175369,0.022391,-0.02774,-0.051068,-0.242172,0.431544,-0.140142,-0.120229,-0.155214,0.254721,0.28166,0.02414,-0.02466,-0.092903,-0.028262,0.449219,0.18835,0.177228,0.022361,0.267131,0.35523,0.141988,-0.106702,0.605072,0.114086,-0.180137,-0.495419,-0.092068,#
17,0.421464,0.257072,-0.001598,-0.1048,0.185326,0.323752,-0.012658,-0.373919,0.085101,-0.086388,0.210373,0.111099,0.303065,0.267175,-0.016775,-0.307402,0.117092,1.0,-0.104184,0.161247,-0.076794,0.395041,0.358272,-0.405743,0.092602,0.074657,0.027354,-0.055701,-0.14681,0.150192,-0.077941,0.164126,0.102607,-0.143537,0.228125,0.086015,-0.195149,-0.089196,-0.351483,-0.180867,0.111479,0.114501,0.140549,-0.054754,0.050868,-0.202115,0.18652,0.084503,-0.040842,-0.23523,0.373358,-0.323287,-0.156375,-0.315942,-0.043335,-0.177936,-0.317376,-0.018001,0.185991,0.013388,0.134268,0.120147,0.073554,-0.059192,-0.08631,0.209598,-0.095148,0.041431,0.023886,0.385444,0.027675,0.166759,-0.451867,-0.089867,-0.172303,0.101594,-0.041205,-0.187373,-0.228481,-0.484119,0.140922,-0.285315,-0.168694,-0.222063,-0.017617,0.128449,-0.11277,0.085052,-0.003893,-0.24785,0.043355,-0.059707,-0.061714,0.058566,-0.127464,0.065444,0.127559,-0.265972,-0.423367,-0.30641,-0.261696,-0.11277,0.022759,0.155987,-0.397402,-0.219459,-0.082595,-0.543712,-0.190565,0.280463,0.18488,-0.0439,-0.103061,-0.228481,-0.020165,-0.172952,-0.329062,-0.25821,0.245382,-0.174992,-0.119033,-0.132669,-0.081327,-0.184858,-0.323515,0.109803,0.223241,0.274266,0.241828,0.163858,0.049116,0.011223,-0.197597,-0.291831,-0.153892,-0.036385,-0.165871,-0.435169,0.00459,-0.099517,0.006316,-0.33354,-0.006504,-0.374042,-0.301393,0.052359,-0.07903,0.168906,-0.047389,-0.146939,-0.090252,-0.203249,0.259053,-0.368027,-0.241805,-0.155212,0.215217,0.240238,-0.187272,-0.30834,-0.296472,-0.056617,0.355883,-0.189881,-0.286534,0.546264,0.005589,0.170709,0.194933,-0.047093,-0.130983,0.058977,-0.452618,-0.058614,-0.022528,-0.325372,0.046779,0.119576,0.381029,-0.319109,0.224579,0.074277,-0.255004,0.00238,-0.011882,-0.475538,0.317371,0.013645,-0.374851,0.083222,-0.018445,0.145852,0.104738,0.102576,0.052219,-0.012051,-0.011888,0.086769,0.252218,0.290892,#
18,-0.186829,0.289581,-0.119459,-0.191138,0.140341,-0.265972,0.077999,-0.199587,-0.055288,-0.010169,0.152386,-0.276025,-0.151646,-0.108407,0.407965,0.145233,0.374094,-0.104184,1.0,-0.29755,0.156486,-0.483966,0.061259,0.013804,-0.209938,-0.007854,0.079365,0.233498,-0.019724,0.056466,-0.17936,0.1488,0.308513,0.090242,0.109295,0.339219,0.0811,-0.105096,-0.074585,0.318402,-0.415874,-0.236206,0.213184,-0.023389,0.287351,0.014134,-0.001726,-0.278825,0.144418,0.1084,0.122409,-0.225277,-0.091584,-0.050821,0.383573,-0.040398,-0.34621,-0.018573,-0.23846,-0.122023,-0.14027,0.243989,0.025557,0.131555,-0.059778,-0.065367,-0.272534,0.072192,0.025182,-0.230835,-0.454003,-0.59681,0.321995,-0.320487,-0.253049,0.101141,-0.279892,-0.101014,-0.029602,-0.243785,-0.334811,-0.23387,-0.436713,0.169816,-0.386112,-0.419021,-0.238447,-0.375414,-0.282568,-0.146438,-0.189729,-0.297024,-0.123101,-0.570146,-0.355969,-0.491658,-0.341773,-0.112513,-0.361587,-0.072404,0.114487,-0.094538,-0.273855,-0.511471,-0.197848,-0.007585,-0.356768,0.016459,-0.069117,0.037837,-0.179736,-0.017967,-0.138152,-0.175755,-0.309728,-0.2969,-0.103311,-0.155751,-0.168422,-0.065554,-0.397034,0.047432,-0.583208,-0.123769,-0.115102,-0.459269,-0.372882,-0.256579,-0.365423,-0.288461,-0.000188,-0.22867,-0.101071,0.116417,-0.06812,-0.349153,0.268848,-0.214021,-0.236228,-0.139059,-0.435771,0.023875,-0.243603,-0.154438,-0.242007,-0.304599,-0.242527,0.159869,-0.349934,-0.057113,-0.46062,-0.110093,-0.048374,0.05912,-0.492084,-0.437669,-0.309709,0.096873,-0.282184,0.143525,0.085172,-0.058119,0.205938,0.092987,-0.383635,-0.072088,0.074672,0.223883,-0.058475,-0.275485,0.355336,-0.434655,0.103822,-0.319998,0.219285,-0.010322,-0.111671,0.32192,-0.081424,-0.139627,-0.022561,0.167398,0.434746,0.066003,0.178001,-0.117961,-0.135325,-0.064638,0.064251,0.124015,-0.31455,0.180983,0.404343,0.358105,0.072987,-0.026098,0.144961,0.07321,-0.5159,-0.117021,#
19,-0.114757,-0.292496,0.182007,0.357726,0.111245,0.020752,-0.178479,-0.044283,-0.280841,-0.218977,-0.30418,0.117208,-0.045226,0.08646,-0.046198,-0.126394,-0.380516,0.161247,-0.29755,1.0,-0.014819,0.09201,0.08585,-0.124051,0.210326,0.059496,-0.108053,-0.201668,-0.165836,-0.199784,0.105368,0.057137,-0.003337,-0.124736,-0.143771,-0.435738,0.019345,0.008341,-0.219973,-0.134907,0.153666,0.327661,-0.091155,-0.145927,-0.207236,0.194864,0.348325,0.304797,0.199495,-0.257665,0.217955,0.256969,0.274181,-0.017533,0.098005,0.156407,0.244037,-0.313783,-0.140625,-0.04939,0.026304,-0.43399,0.327057,0.067967,0.030785,0.158208,0.33603,0.077274,-0.146197,0.046761,0.333703,0.061351,0.010376,0.304267,0.112331,-0.260328,0.352435,0.051172,0.365,0.20961,0.445791,0.123082,0.292641,0.197549,0.207845,0.357953,0.299273,0.436075,0.308514,0.13622,0.431686,0.298624,0.36203,0.202763,0.017745,0.050154,0.115557,-0.043448,-0.05779,0.368841,-0.281322,0.305271,0.211718,0.330306,0.204572,0.362703,0.449634,-0.299243,0.199577,0.017755,0.23404,-0.383825,0.093119,0.37145,0.304514,-0.017958,0.121439,0.451913,-0.026333,0.196153,0.439934,0.159537,0.587291,0.14793,0.128144,0.135674,0.277994,0.111517,-0.031613,0.396923,0.098506,0.295902,0.029081,-0.119273,0.19197,0.143339,0.177972,0.036936,0.130312,0.294045,0.44375,-0.131803,0.138611,0.170112,0.192574,0.306762,0.350518,-0.227495,0.608521,-0.189413,0.154927,0.06367,0.233777,0.138436,0.124675,0.295743,-0.034541,-0.118089,0.326548,-0.024926,-0.210238,-0.148506,-0.176869,0.191017,0.031827,-0.190482,0.266782,0.068772,-0.095988,0.096024,-0.290027,-0.133455,0.27169,0.461868,-0.029492,0.206966,0.422287,-0.436653,-0.170639,-0.005837,0.045508,-0.278069,0.07783,0.195906,-0.266199,0.000323,-0.117722,0.01851,-0.088081,-0.438785,0.282006,-0.208612,-0.234625,-0.275243,0.436573,-0.374269,-0.456029,0.266646,0.207412,0.229124,#
20,-0.003538,-0.223761,-0.212504,0.197245,0.04332,-0.143447,-0.41512,-0.174958,-0.042031,-0.086062,0.141863,0.025302,-0.152154,-0.167206,-0.073732,-0.209581,0.210058,-0.076794,0.156486,-0.014819,1.0,-0.453993,-0.291676,-0.050687,0.360304,0.311282,-0.124615,0.333466,-0.200632,-0.174281,0.494475,0.005452,0.006886,-0.146455,0.277898,-0.305696,-0.082708,0.017945,-0.242945,-0.147543,-0.100008,-0.324068,0.058841,-0.241989,0.073049,0.243331,0.049271,-0.175183,0.053801,0.090895,0.243586,-0.012492,0.093144,0.192054,0.27293,0.318417,-0.155981,0.270406,0.079313,0.146927,-0.009631,-0.209295,0.034231,-0.228959,-0.127381,0.016845,-0.205188,0.044019,-0.545678,-0.28574,-0.139185,-0.125744,0.301284,0.218791,0.215025,-0.25633,0.175217,0.266292,0.26473,0.078149,-0.188929,0.39792,0.112427,0.095568,-0.002966,-0.107819,0.211433,-0.053453,0.50138,0.220535,-0.253306,-0.063391,0.174412,-0.210493,0.176543,-0.114666,-0.159909,-0.057873,0.112164,0.277205,0.095495,0.211433,-0.124893,-0.167542,0.078987,0.268686,0.101185,0.21823,0.262723,0.28177,-0.203337,-0.207263,0.040478,0.058089,0.048596,0.126354,0.1277,0.225749,0.307771,0.465138,0.215025,0.430937,0.094667,0.695343,0.194409,-0.159605,-0.280739,-0.382856,0.158783,-0.026199,0.10241,0.215025,0.266441,0.187409,0.184842,0.016632,-0.11465,-0.229882,0.267001,0.419819,-0.066681,0.163338,0.386524,-0.119769,0.181392,0.189771,0.359411,-0.349013,0.040478,0.188865,0.008173,0.061899,-0.022243,0.317801,-0.060677,0.109139,-0.213647,-0.076331,0.265908,0.129742,-0.462511,-0.207326,0.024865,-0.254918,0.23431,-0.167709,-0.133417,0.212615,0.166885,0.070993,0.008471,0.234812,0.40235,-0.057988,-0.24639,0.091323,-0.133417,0.067538,-0.341519,-0.025066,-0.066178,-0.116068,0.184534,0.071369,0.173227,0.00771,-0.199028,0.388598,0.192477,-0.05246,-0.055159,-0.182884,0.04111,-0.198114,-0.088969,-0.011561,-0.201392,0.242341,0.085541,0.009441,#
