0,1.0,0.180728,-0.266496,-0.280366,0.208018,0.198927,0.282843,-0.069713,0.14563,0.29427,0.21509,-0.014147,0.16235,0.189429,-0.037368,0.1273,-0.170228,-0.340536,0.547842,-0.179898,0.182852,0.073907,0.342805,-0.124297,0.046995,-0.398907,-0.369461,0.032284,0.113981,0.252411,-0.343008,-0.1686,0.223652,-0.292865,0.355095,0.243762,0.27907,0.066558,0.011361,0.236186,0.049947,0.111326,-0.33167,-0.197515,0.261144,0.033511,-0.076551,0.181077,0.133278,0.058645,0.169394,-0.361659,0.182964,0.060258,0.322938,0.149006,-0.173904,-0.240433,-0.334662,0.21978,0.144119,0.033878,-0.1193,0.379656,-0.384045,0.092504,-0.143612,0.305129,-0.25218,-0.101941,0.186002,0.069464,0.005682,-0.175076,-0.222174,0.182205,-0.173975,-0.24354,-0.100152,0.055995,0.10762,-0.277995,-0.354215,-0.217589,0.089682,-0.282572,-0.364131,-0.092347,-0.11128,-0.148027,-0.278265,-0.216887,-0.088719,-0.387054,0.09755,-0.192061,-0.446311,-0.417717,-0.205119,-0.264738,0.178478,0.203471,-0.165341,-0.27567,-0.1153,-0.178766,-0.057659,0.147791,-0.082348,-0.05683,0.121285,0.320516,-0.393516,-0.311563,-0.008698,0.21119,-0.118335,-0.250267,-0.081105,0.131852,-0.256933,0.008585,-0.050003,-0.258119,-0.244853,0.068747,-0.060042,0.142647,-0.070083,-0.167329,-0.203276,-0.373584,-0.293564,0.288816,-0.187174,0.008373,-0.046487,-0.030798,0.051471,-0.124579,-0.199729,0.262525,-0.358852,-0.150226,-0.050534,-0.191747,-0.229876,0.100509,-0.072004,-0.373893,-0.149571,0.053043,-0.458911,-0.49078,0.473768,-0.262861,0.314783,0.196288,-0.389476,-0.191054,-0.250521,-0.059847,0.046815,-0.23801,-0.011715,-0.195803,0.083399,0.096555,-0.155016,-0.157169,0.029575,0.179206,0.050063,0.025079,0.153555,-0.109005,0.022735,-0.049062,0.189979,-0.340584,-0.005004,0.250772,-0.148368,0.276349,0.263664,0.018969,0.314355,0.002158,0.03689,0.39244,-0.258923,0.091546,0.490297,-0.008019,-0.219078,0.303046,0.365191,-0.297279,-0.074099,0.058888,#
1,0.180728,1.0,-0.212405,0.050079,-0.092857,0.191823,0.408121,0.045015,-0.324199,0.191628,0.06171,-0.123954,-0.231897,0.165144,0.192716,0.236037,0.215587,0.006536,0.513374,-0.100641,0.426791,-0.052284,0.089959,-0.207055,0.052405,-0.15204,-0.132206,-0.02628,0.140349,0.097296,-0.045149,0.083634,0.056505,-0.198288,-0.096757,-0.021579,-0.037734,-0.382445,0.177935,0.10993,0.049381,0.205982,-0.208993,0.212411,0.308661,0.022716,0.060733,-0.233876,0.206151,0.460804,0.011301,0.140772,0.271991,0.06812,0.126953,-0.098133,0.191036,-0.257483,-0.362381,-0.147583,0.117979,0.041421,-0.001505,-0.07139,0.187575,0.193459,-0.291636,-0.156541,-0.246343,-0.328115,-0.193123,0.023021,0.019858,-0.187931,-0.166923,0.051074,-0.269661,-0.164682,0.118721,0.138753,0.109329,-0.122838,-0.08144,0.062563,-0.142272,-0.234003,-0.084928,-0.16692,0.134952,-0.114114,-0.22516,-0.08558,-0.156074,-0.235995,0.047857,-0.012029,-0.030098,0.112696,0.356934,0.045689,0.139632,0.28409,0.022969,-0.339366,-0.455134,-0.039176,0.113246,-0.066189,-0.468708,-0.006271,0.196149,0.230032,-0.167093,0.164613,-0.122303,0.219324,-0.084256,-0.022584,0.155984,-0.216818,-0.222985,-0.139796,-0.420479,-0.069328,-0.194865,-0.269288,-0.085316,-0.297302,-0.434486,-0.216231,-0.015107,-0.188311,-0.042302,-0.12745,-0.277746,-0.381995,0.063107,0.166483,0.250269,-0.291614,-0.119796,-0.212125,-0.028518,-0.024843,-0.075104,-0.226344,-0.326639,0.266469,-0.163736,-0.134009,0.068938,-0.155754,0.129446,-0.220811,-0.234168,0.017831,0.150976,-0.041493,-0.235963,0.113011,-0.199703,0.027881,-0.329649,-0.25488,-0.068673,0.340716,0.229908,0.124452,-0.313789,-0.601345,0.212095,0.353565,0.092408,-0.203125,0.183197,-0.230976,0.051414,-0.069584,0.142056,-0.083029,-0.011356,-0.030966,0.005826,0.275325,0.377036,-0.246968,0.159152,-0.306751,0.084339,0.300922,-0.062453,0.15781,-0.04979,-0.055141,-0.272573,-0.111525,0.330159,-0.196062,-0.103206,0.11525,#
2,-0.266496,-0.212405,1.0,-0.107407,-0.303712,-0.139388,-0.052651,-0.072277,-0.031273,-0.060366,0.221865,-0.019641,-0.061735,-0.01142,-0.205004,0.097717,-0.195545,0.127618,0.029489,0.014141,-0.125511,0.198949,-0.141825,0.158031,0.067234,0.257343,0.253804,-0.162705,-0.079716,-0.36832,0.289746,0.293746,-0.292036,0.131377,-0.229857,0.076881,0.145382,0.56743,-0.033445,-0.159777,0.016312,0.128839,0.125304,-0.171712,0.046639,-0.215573,-0.027964,0.061696,-0.18399,-0.189191,0.034301,-0.068804,0.168754,-0.338945,-0.262921,-0.260518,-0.224397,-0.241372,0.257201,-0.157883,-0.033249,-0.168205,-0.067501,-0.405777,0.275103,-0.149448,0.195342,-0.047461,0.15125,0.305936,0.044806,0.147939,-0.304555,0.260075,-0.079601,-0.00844,0.145674,-0.061772,0.027795,0.199195,0.248791,0.201153,-0.008626,0.298834,-0.095433,-0.12749,-0.023463,0.093025,0.192907,0.340272,0.054831,-0.067506,0.250462,0.152545,0.072538,0.105824,0.265183,-0.267575,0.324791,0.28497,-0.266894,-0.314703,-0.022784,0.072253,0.252733,0.348325,-0.148672,0.112989,0.179936,0.013714,-0.045846,-0.156708,0.107876,0.335257,0.512035,-0.12259,-0.052566,-0.124024,-0.019752,0.036614,0.170956,0.26779,-0.03185,-0.04785,-0.161118,0.240828,0.414372,0.005441,0.159386,-0.005818,0.26968,0.263587,0.173982,0.079984,0.191268,-0.012974,-0.062302,0.283055,0.070707,0.213224,0.023617,0.405502,0.060723,-0.016438,0.147429,0.392107,0.164333,0.198862,0.120217,0.399147,0.169934,0.134506,0.281719,0.184099,0.165963,0.26934,-0.101009,-0.020485,0.373158,-0.171577,0.499622,0.231992,0.073639,0.145469,0.337505,-0.39653,-0.211115,-0.061535,0.078134,0.159387,-0.209774,0.034357,-0.132272,0.007246,-0.169013,0.091314,0.246164,-0.021644,0.004986,-0.051426,0.004615,0.038958,-0.195839,-0.172085,-0.219394,0.295526,0.107567,0.342955,-0.239604,-0.001115,0.117382,-0.047858,-0.351155,0.34474,-0.033277,-0.160735,0.055534,0.242871,0.223204,0.200026,#
3,-0.280366,0.050079,-0.107407,1.0,0.022705,-0.440206,-0.36921,-0.378043,-0.531279,-0.556149,0.031981,-0.36902,-0.389054,-0.688696,-0.201458,-0.160483,0.3136,0.118804,-0.338051,-0.240138,-0.124156,-0.255952,-0.472244,-0.272451,-0.144224,0.174359,-0.126031,0.061009,-0.217773,-0.294216,0.157841,-0.229161,-0.13745,0.028501,0.113319,0.028067,-0.092385,-0.100838,0.097221,0.299684,-0.086648,-0.309428,0.040099,0.29517,-0.168859,0.435039,-0.155285,-0.00665,0.185774,-0.038798,0.046655,0.405368,-0.223519,0.146988,0.006957,-0.426247,0.401827,0.470047,0.014744,-0.231028,-0.510238,0.097061,0.483596,-0.105519,0.033404,-0.350006,0.10511,-0.087854,-0.054539,0.142192,0.231313,-0.309442,0.200298,-0.037777,0.192625,0.128649,0.279253,0.197428,0.047113,-0.280963,-0.176136,0.359991,0.432576,0.134283,0.360579,-0.152212,0.099795,0.28978,-0.122247,0.291814,-0.129924,0.281187,0.202713,-0.11762,-0.032034,-0.027251,0.581734,0.15584,0.07843,0.372991,0.25746,0.223866,0.430584,0.364969,-0.01843,-0.050096,0.606472,0.084982,-0.188801,0.143523,-0.065477,-0.117758,0.456723,0.136088,-0.08396,-0.071388,0.214826,0.188588,-0.303552,0.286871,0.018001,0.346746,0.257577,0.369489,0.406141,-0.010066,-0.499558,-0.159562,0.064133,0.123411,-0.016617,0.126195,0.384727,-0.051796,0.226083,0.099814,0.011929,0.310493,-0.104824,0.359991,0.305142,-0.286666,0.455528,0.337446,0.458036,0.180759,-0.19601,0.098968,0.456469,-0.050406,0.241299,-0.153315,0.028924,0.228536,-0.121142,0.217106,-0.558757,-0.304174,0.418053,0.319544,0.149173,-0.13563,-0.126103,0.260228,-0.05316,-0.209516,0.135744,0.121233,0.122313,-0.065822,0.405191,0.06306,0.124639,0.215258,-0.210331,0.151795,-0.262263,0.126424,-0.775356,0.438603,-0.402888,-0.131401,0.477098,-0.027484,-0.180554,-0.306398,-0.364943,-0.273486,0.358199,-0.112757,0.141637,-0.091076,-0.020354,-0.072156,0.35293,-0.023424,-0.111227,0.182527,-0.236549,-0.290701,#
4,0.208018,-0.092857,-0.303712,0.022705,1.0,-0.080559,-0.317841,-0.362559,0.142441,-0.172359,0.334436,0.13556,-0.134433,-0.336345,-0.197051,-0.142055,0.12222,-0.364283,0.04921,-0.09609,-0.269527,-0.34518,0.084005,0.106991,0.044643,-0.175719,-0.284209,0.121169,-0.01942,0.134753,-0.267937,-0.197888,0.038725,0.029491,0.125284,0.20224,0.00917,-0.164531,-0.026148,0.523498,-0.147442,-0.56232,-0.301448,-0.109714,-0.127478,0.422193,-0.190771,0.084817,0.232841,0.434095,-0.109665,-0.203926,-0.057621,0.410417,0.024282,-0.042915,0.051369,0.134858,0.135,0.174225,-0.320937,-0.284279,-0.122275,-0.063582,-0.34015,-0.048689,0.618873,-0.226537,-0.005775,-0.279785,-0.304199,-0.12941,0.223103,0.28834,0.028387,-0.10871,-0.06773,-0.149748,-0.290867,-0.12061,-0.179022,0.169752,0.102037,-0.162375,0.334058,-0.149306,0.273235,-0.025194,0.04194,-0.21862,0.363954,0.272881,0.179028,-0.283986,0.143346,0.117962,-0.081796,0.325124,-0.447959,0.195934,0.082801,0.238739,0.104996,0.011289,0.318049,0.095617,-0.206971,0.230398,-0.212973,0.282582,0.128528,-0.102638,-0.051694,-0.056722,-0.08794,0.349958,0.009242,0.379305,-0.337153,0.104719,-0.418647,0.324738,0.277232,0.03146,0.113669,0.158822,-0.020027,0.178068,0.268885,-0.06417,0.123026,-0.191512,0.058384,-0.32189,0.210971,0.282366,0.047866,0.289375,-0.273914,0.169752,0.10677,-0.0969,-0.404295,0.161769,-0.041316,-0.371945,-0.195874,-0.122501,0.119529,0.134792,0.245578,0.195113,-0.141705,0.02552,0.116017,0.028563,0.010652,-0.089333,-0.300492,0.319202,-0.361365,-0.153954,-0.129797,-0.073485,-0.035967,-0.028358,0.1236,0.185879,-0.11544,0.297912,-0.073912,0.019371,0.311707,0.034011,-0.182424,0.316233,-0.088185,0.288464,0.077603,0.284031,-0.38682,0.056058,0.125133,0.132056,-0.005439,0.230028,0.124871,0.050208,0.34547,-0.238843,-0.025944,0.229973,-0.006883,-0.117393,0.04035,0.286947,-0.261625,0.003738,-0.074979,-0.275984,#
5,0.198927,0.191823,-0.139388,-0.440206,-0.080559,1.0,0.6077,0.474321,0.153848,0.111615,0.05482,0.642726,0.179107,0.420276,0.009658,0.106627,0.036093,0.018865,0.228545,-0.202856,0.236489,-0.068834,0.19609,-0.172384,0.045602,-0.057119,0.150109,0.077698,0.121135,0.435207,-0.213976,-0.131815,-0.263941,-0.036453,-0.003493,0.2527,-0.000869,-0.103257,-0.055867,-0.125309,-0.176899,0.272104,-0.197887,-0.132724,0.098395,-0.184,0.179007,-0.274353,-0.191506,0.315734,-0.146997,-0.058672,0.020163,0.217118,0.068131,0.211042,-0.357364,0.08805,-0.339454,-0.061202,0.161509,-0.152131,-0.004083,0.354884,-0.087931,0.460413,-0.287159,0.350383,-0.191416,-0.394389,0.177894,0.148771,-0.019454,-0.043668,0.072259,0.162698,-0.338037,-0.102699,-0.270059,-0.28168,-0.218652,-0.597286,-0.351044,0.235602,-0.414692,-0.416487,-0.174972,-0.249335,-0.273776,-0.191227,-0.251124,-0.525916,-0.596723,-0.036344,-0.238687,-0.357172,-0.334411,-0.268836,-0.243172,-0.444448,0.195284,-0.046512,-0.344325,-0.24894,-0.423598,-0.342675,-0.05909,0.05302,-0.265959,-0.032921,0.246165,0.317747,-0.727864,-0.37227,-0.342287,0.005909,-0.296598,0.067796,0.243393,-0.248463,-0.269175,-0.391202,-0.205348,-0.305548,-0.106448,-0.275555,-0.056875,0.08689,-0.444092,-0.163327,-0.195371,-0.058422,-0.163848,0.103156,-0.487614,-0.142411,0.404176,-0.332434,0.053474,-0.748201,-0.156544,0.175217,-0.027714,-0.136479,-0.233588,-0.347452,0.180807,0.260681,-0.404961,0.006607,-0.17748,-0.135363,-0.09017,-0.065172,0.056718,-0.278648,0.063236,0.341262,-0.582001,-0.368767,-0.182557,-0.263069,0.094364,-0.295227,-0.171695,0.144924,-0.416123,0.093732,-0.168502,0.025906,0.203589,0.037894,-0.181336,-0.311436,0.146549,-0.427177,-0.172443,0.144165,0.203752,-0.217209,0.332994,-0.086998,0.069975,0.131621,0.767966,0.004779,0.141138,0.008846,-0.092588,0.353826,-0.107009,0.044123,0.278647,-0.140139,-0.311498,-0.052719,0.356748,-0.162874,-0.411882,0.049069,#
6,0.282843,0.408121,-0.052651,-0.36921,-0.317841,0.6077,1.0,0.487041,0.246087,0.305452,-0.013855,0.26176,0.186478,0.461647,0.090129,0.377906,0.164524,0.299188,0.335115,-0.077766,0.152835,0.222162,0.410727,-0.166684,0.126068,0.080672,0.057449,-0.164522,0.334525,0.207198,-0.379067,-0.246093,-0.042349,-0.301584,0.039637,0.198599,0.035685,-0.318428,0.190276,-0.164166,0.226438,0.386739,-0.137528,-0.108648,0.365834,-0.251052,0.239829,-0.22579,-0.196044,0.332283,0.061656,-0.200285,-0.010627,0.098014,0.341648,0.279259,-0.121932,-0.221701,-0.286679,-0.085151,0.188661,0.202816,0.046573,0.409984,0.098493,0.405967,-0.542844,0.353947,-0.301363,-0.361837,0.213146,0.23816,-0.289886,-0.447745,-0.33548,0.422311,-0.415733,-0.338098,-0.198209,-0.195601,-0.152501,-0.694795,-0.593328,0.142767,-0.655008,-0.356617,-0.412558,-0.365624,-0.354611,-0.265774,-0.503711,-0.649744,-0.66879,-0.195523,-0.181478,-0.614758,-0.420787,-0.42004,-0.03261,-0.33321,0.023581,-0.079181,-0.431364,-0.320648,-0.405567,-0.412367,-0.15786,-0.008372,-0.315926,-0.277617,-0.209025,0.297425,-0.530939,-0.442622,-0.138983,-0.239711,-0.147751,-0.334521,0.202418,-0.257715,-0.327288,-0.435323,-0.464242,-0.573004,-0.262881,-0.413527,0.012631,0.126714,-0.48402,-0.222533,-0.450619,-0.466351,-0.592512,0.117018,-0.620412,-0.201115,0.160975,-0.360688,0.09407,-0.688635,-0.412969,0.249178,-0.267804,-0.463885,-0.486961,-0.270951,-0.249675,0.65625,-0.517986,-0.253495,-0.293966,-0.259863,-0.151743,-0.32841,-0.029524,-0.518742,0.087671,0.564232,-0.379519,-0.412591,-0.033556,-0.1628,-0.21366,-0.329233,-0.176988,0.200326,-0.45149,-0.137924,-0.451679,-0.21509,0.040661,0.096107,-0.221294,-0.409094,0.378268,-0.568415,-0.232167,0.032648,0.418916,-0.634173,0.56857,0.009234,0.007175,0.35868,0.654802,-0.311982,0.062174,-0.114001,-0.330517,0.256204,-0.414635,0.124888,0.29709,0.072566,-0.569027,0.042779,0.416155,-0.324359,-0.388629,0.476841,#
7,-0.069713,0.045015,-0.072277,-0.378043,-0.362559,0.474321,0.487041,1.0,0.132803,0.409518,-0.400522,0.382378,0.613144,0.576263,0.317623,0.247935,-0.00032,0.447727,0.216134,0.221066,0.348377,0.388317,-0.037104,-0.040533,0.055428,0.068155,0.055743,-0.245414,0.275411,0.198028,-0.121641,-0.132863,0.077264,0.207643,-0.28372,-0.12592,-0.14072,-0.048012,0.068135,-0.662899,0.179861,0.43754,0.060241,-0.172194,-0.123454,-0.432512,0.354347,-0.251463,-0.119628,-0.150605,-0.200359,-0.045761,0.117751,0.049892,0.350598,0.409561,-0.275657,-0.217662,-0.22742,-0.010384,0.419829,-0.122589,0.030018,0.411446,-0.000909,0.554069,-0.3479,0.379615,-0.214602,-0.064497,0.055713,0.55802,-0.077739,-0.15899,-0.003862,-0.078064,0.069233,0.215947,0.254979,0.006499,0.111072,-0.406122,-0.255513,-0.13631,-0.286268,0.023767,-0.261737,-0.072437,0.002218,0.028162,0.02384,-0.390175,-0.323777,0.308202,-0.055401,-0.207774,-0.065043,-0.02927,-0.037345,-0.53364,0.145593,0.182707,-0.369258,0.02582,-0.271312,-0.106704,-0.31746,-0.012007,0.107059,-0.45796,-0.094609,0.140354,-0.337827,-0.335257,-0.000847,0.07491,-0.057564,0.089766,0.256815,-0.286953,0.170279,-0.748708,-0.308932,-0.231829,-0.170015,-0.025941,0.101755,-0.108148,-0.226017,0.198388,-0.210806,0.083908,-0.112838,0.243464,-0.263088,0.010961,0.210069,-0.788665,0.160694,-0.396847,-0.401924,-0.071408,-0.041684,-0.219004,-0.372482,-0.045635,0.085483,0.033879,-0.318581,-0.139418,-0.03976,0.039497,-0.088593,-0.177469,0.205248,-0.330163,0.191962,0.335402,-0.275496,-0.477516,0.198347,-0.007464,-0.201421,-0.140273,0.145319,0.275915,0.06844,0.193014,0.140001,0.250273,-0.188795,0.137572,-0.122547,-0.083636,0.349162,-0.235457,-0.200892,-0.31121,0.404026,-0.137388,0.349966,0.298055,0.012901,-0.307422,0.247145,0.142193,0.064228,-0.017031,-0.37636,0.220282,-0.264327,-0.308286,0.181139,-0.074454,-0.114036,-0.137109,0.209312,0.030545,-0.312782,0.292658,#
8,0.14563,-0.324199,-0.031273,-0.531279,0.142441,0.153848,0.246087,0.132803,1.0,0.242837,-0.051291,0.051846,0.315726,0.24947,0.066002,-0.09102,-0.028522,-0.105704,0.049632,-0.173787,-0.321379,0.234393,0.340643,0.031335,-0.030774,0.109866,0.148528,0.214171,0.115003,0.376947,-0.339449,-0.140701,-0.053895,0.062048,0.197438,0.275237,-0.157203,-0.139629,0.02695,-0.018519,0.169976,0.104733,0.023979,0.062781,0.144955,-0.119867,0.218211,-0.14405,-0.362079,-0.031063,0.036466,-0.170174,-0.132442,-0.011348,0.26557,0.555276,-0.333423,-0.082781,0.074728,0.255833,0.250503,0.163743,-0.018391,0.215028,-0.135048,-0.084651,-0.137967,0.289841,0.159529,-0.33672,-0.039905,0.054816,-0.148064,0.006693,-0.269718,0.297091,-0.187061,-0.25569,-0.249439,-0.088975,-0.129813,-0.245705,-0.519878,-0.280221,-0.462672,0.068715,-0.184004,-0.277198,-0.25214,-0.332241,-0.067338,-0.322063,-0.440251,-0.006497,-0.135572,0.010807,-0.443667,-0.087936,-0.545349,-0.290721,-0.131151,-0.162981,-0.158696,-0.117594,0.058428,-0.383321,-0.457682,-0.060682,0.054224,-0.146864,-0.352836,-0.075173,-0.299453,-0.238383,-0.013984,-0.270526,0.255002,-0.221083,-0.005947,-0.059871,0.03991,-0.09631,-0.126789,-0.241259,-0.110278,-0.097622,0.350965,0.204311,-0.04326,-0.187733,-0.153385,-0.153385,-0.51712,0.015469,-0.194577,-0.037705,-0.135668,-0.261169,-0.140399,-0.239648,-0.270756,0.11024,-0.358305,-0.185809,-0.468353,-0.376812,-0.180786,0.0856,-0.445343,-0.09172,-0.179143,-0.137632,-0.141369,-0.385974,0.134244,-0.424325,0.24914,0.247227,-0.365649,-0.2667,-0.222948,0.05725,0.129602,-0.197295,-0.239227,0.008816,-0.326916,-0.103622,-0.327054,-0.013903,-0.155309,-0.238568,-0.059564,-0.061088,0.344322,-0.094722,-0.247965,0.045858,0.468777,-0.423092,0.324188,0.254971,-0.00996,0.035054,0.066798,0.232578,0.02066,0.146705,-0.364267,-0.185727,-0.273624,0.045525,0.153615,0.022457,-0.116759,0.462974,0.135958,-0.088575,-0.097079,0.249399,#
9,0.29427,0.191628,-0.060366,-0.556149,-0.172359,0.111615,0.305452,0.409518,0.242837,1.0,-0.175517,-0.075878,0.410715,0.698111,0.358712,0.190955,-0.401549,0.193882,0.339302,0.26211,0.257419,0.388107,0.380674,0.032902,0.282229,-0.27079,-0.202523,-0.00771,0.123098,0.425305,0.143876,0.219395,0.280939,-0.304494,0.06335,-0.321713,0.411965,-0.005824,0.233782,-0.608734,0.373363,0.480228,0.016745,0.124517,0.158213,-0.701029,0.315218,0.316712,-0.20441,0.071648,-0.159615,-0.098422,0.364966,-0.022675,0.318612,0.275508,-0.381624,-0.400193,-0.255924,0.203483,0.604068,0.152462,-0.349072,0.131599,-0.182329,0.214181,-0.042531,-0.017963,-0.283256,0.124963,0.006066,0.43957,-0.042344,0.071834,-0.304967,-0.073723,-0.234209,-0.303621,0.1207,0.332931,0.190785,-0.364928,-0.388417,0.005574,-0.307231,0.31955,-0.226337,-0.018794,0.162605,-0.412192,0.013459,-0.165923,-0.14286,0.215972,0.01611,0.061934,-0.555991,-0.234987,0.184247,-0.301847,-0.221652,0.147306,-0.408481,-0.320544,-0.062871,-0.049348,-0.63357,-0.204527,-0.098494,-0.267559,0.223729,0.310287,-0.366805,-0.057703,0.040851,-0.050898,0.069058,-0.304162,0.60307,-0.441217,-0.091795,-0.430855,-0.09365,-0.073995,-0.27191,0.13685,0.35864,0.026784,-0.126043,-0.21898,-0.115604,0.058248,-0.388886,0.295294,-0.418242,-0.200954,-0.531886,-0.359605,0.435046,-0.358673,-0.200054,0.113762,-0.411521,-0.517507,-0.624199,0.176033,-0.248925,-0.060779,-0.328044,-0.031313,-0.428034,0.305676,-0.118138,-0.53145,0.049963,-0.320251,0.628814,0.412323,-0.168635,-0.190264,-0.053974,0.210207,-0.208683,0.141734,0.350794,0.518912,0.31015,-0.107751,-0.19356,-0.026134,-0.226583,0.263687,0.001655,-0.220794,0.355402,-0.357419,-0.024477,-0.325681,0.742511,-0.4367,0.550869,0.165014,-0.617308,-0.175293,0.123485,0.109877,0.395423,0.089561,-0.513103,0.059042,-0.364173,-0.050464,0.060806,0.246807,-0.199341,-0.079782,0.233462,-0.07172,0.25512,0.647241,#
10,0.21509,0.06171,0.221865,0.031981,0.334436,0.05482,-0.013855,-0.400522,-0.051291,-0.175517,1.0,-0.044525,-0.170225,-0.253979,-0.236843,0.041139,-0.048721,-0.402414,0.142222,-0.406166,-0.135206,-0.114601,0.057011,0.29803,0.208327,0.181759,-0.111107,0.12033,0.129409,-0.065975,0.131002,0.131497,-0.283548,-0.418871,-0.04643,0.340222,0.330382,0.183226,0.104101,0.295672,-0.089473,-0.392733,-0.289724,-0.024151,0.165528,0.245141,-0.34311,0.077497,0.026154,0.407178,0.058262,-0.043305,0.008354,0.1829,-0.001646,-0.206245,-0.107935,0.136549,-0.039642,-0.286267,-0.518888,-0.079265,-0.034766,0.06486,0.028747,-0.10644,0.280462,-0.091331,-0.079226,-0.10061,0.020412,-0.100425,-0.007406,0.265524,0.018741,0.158787,-0.071237,-0.154985,-0.305554,-0.14352,-0.038807,0.17443,0.100172,0.27984,0.173275,-0.324501,0.276649,0.277341,0.030838,0.09738,-0.120999,0.096673,0.018752,-0.150978,0.283082,-0.06037,-0.084108,-0.187697,0.05398,0.028839,0.26012,0.032277,-0.046046,-0.154111,0.133725,-0.074653,-0.200847,0.558686,-0.211088,0.412945,-0.026522,0.154035,-0.047027,-0.088812,-0.108066,0.025071,-0.365501,0.046766,-0.375898,0.2446,-0.418907,0.50364,-0.03791,-0.430871,-0.188672,-0.025441,-0.035554,-0.043465,-0.011834,-0.237471,-0.056241,-0.219691,0.031676,-0.191178,-0.129963,0.112908,0.017611,0.29517,-0.102648,0.021529,-0.090854,0.217492,-0.231098,0.269777,0.417237,-0.146934,-0.195995,0.118177,0.122654,0.097138,0.228942,0.011498,-0.160752,0.029889,-0.04439,0.025116,-0.270829,-0.173555,0.042718,0.118844,-0.091284,-0.326705,0.106637,0.217421,0.039492,-0.213803,-0.117761,-0.160632,-0.113169,-0.051958,0.208621,0.177092,0.144345,0.181889,-0.205764,0.128851,0.095088,0.267833,-0.115892,0.120199,-0.35523,0.034695,-0.04949,0.11441,0.127902,0.18484,0.106929,0.027101,0.345418,0.079361,0.293954,0.393894,0.174899,-0.02002,-0.135767,0.11016,0.041326,-0.030795,-0.027959,-0.297302,#
11,-0.014147,-0.123954,-0.019641,-0.36902,0.13556,0.642726,0.26176,0.382378,0.051846,-0.075878,-0.044525,1.0,0.085569,0.265922,-0.099253,0.080678,-0.005146,0.038779,0.047532,-0.163988,0.151216,-0.308104,-0.138551,-0.025421,0.121718,0.098117,0.183993,0.037283,0.118381,0.167863,-0.060234,-0.011689,-0.197998,0.067354,-0.238815,0.128342,-0.12532,0.154461,0.002336,-0.208105,-0.274978,0.142068,-0.169462,-0.273516,-0.183533,-0.024084,-0.12253,-0.39374,-0.089272,0.209876,-0.126757,-0.166733,-0.123949,0.209774,0.011941,0.016907,-0.320687,0.097002,-0.292019,-0.11779,0.056924,-0.41102,-0.173611,0.303426,-0.065417,0.465421,0.044289,0.262298,0.380236,-0.439136,0.061286,0.082935,-0.149736,0.037609,0.068746,0.084753,-0.165846,0.232741,-0.389139,-0.231334,-0.27802,-0.524249,-0.002429,0.195213,-0.257486,-0.3777,0.012774,-0.09291,-0.057429,-0.019268,0.105363,-0.423455,-0.262916,0.19547,-0.098653,-0.284405,-0.132549,-0.090257,-0.17993,-0.104644,0.075533,-0.164579,-0.300218,-0.254979,-0.232719,-0.01599,-0.135716,0.098874,-0.161387,0.199105,-0.013519,0.173179,-0.59638,-0.363196,-0.003149,0.097176,-0.320016,0.254819,0.087816,-0.325191,-0.164579,-0.232158,0.050857,-0.244635,-0.083199,-0.243759,-0.101434,0.024316,-0.074801,-0.200646,-0.291089,-0.130302,-0.042359,-0.184812,-0.176958,-0.001222,0.291842,-0.261234,-0.160091,-0.524249,-0.229909,0.317017,-0.022168,0.028994,-0.134195,-0.319658,0.228716,0.122269,-0.27463,-0.038985,-0.012798,0.185921,-0.125297,0.254818,0.164554,-0.115121,-0.108403,0.153642,-0.360649,-0.248972,-0.195005,-0.261,-0.049081,-0.305665,-0.124237,0.068884,-0.326998,0.079563,0.157299,0.166988,0.080138,0.16421,0.13674,-0.344271,0.06865,-0.087757,-0.053335,0.401878,0.179208,0.024107,0.099447,-0.356305,0.051026,0.080813,0.436759,0.231351,-0.106371,-0.00955,0.129692,0.023999,0.068925,0.267168,0.20166,0.049242,-0.401298,-0.140814,0.175893,-0.265538,-0.214552,-0.218953,#
12,0.16235,-0.231897,-0.061735,-0.389054,-0.134433,0.179107,0.186478,0.613144,0.315726,0.410715,-0.170225,0.085569,1.0,0.569606,0.109,0.255347,-0.01528,0.245036,0.205482,0.280129,0.337557,0.355826,0.265524,-0.048691,0.05322,-0.264621,-0.208616,0.037196,0.070754,0.130846,-0.137988,-0.149519,0.308503,0.212533,-0.29469,0.117287,0.228288,-0.003159,0.018072,-0.371705,0.12739,0.093476,0.066879,-0.123131,-0.177201,-0.394149,0.336295,0.121433,-0.088443,-0.170872,-0.155237,-0.126532,0.174118,0.026416,0.325908,0.371304,-0.227448,-0.287424,-0.176062,-0.064107,0.110241,0.179666,0.022717,0.393062,-0.312577,0.155127,-0.3027,0.316412,-0.266099,-0.000207,0.013385,0.551958,-0.073883,-0.21018,-0.238684,-0.169644,0.292642,0.027135,0.311719,0.062929,0.108649,-0.146519,-0.223589,-0.360006,-0.010345,0.293342,-0.292618,0.139035,-0.002923,0.035411,0.079,-0.127431,-0.269012,0.351961,0.156964,-0.212699,-0.292387,-0.272963,-0.294785,-0.538038,0.127088,0.10828,-0.444423,0.254483,-0.05102,-0.049281,-0.33162,-0.276268,0.174837,-0.43429,-0.263285,0.055069,-0.302578,-0.330494,-0.050217,0.081435,0.208307,0.037811,-0.04813,0.024293,0.175039,-0.478716,-0.381781,-0.224906,-0.229444,-0.025587,0.099298,-0.13076,-0.243695,0.001598,-0.156107,0.092647,-0.286073,0.472076,0.012985,0.18082,0.214967,-0.788595,-0.167026,-0.137211,-0.135889,0.098177,-0.297023,-0.238808,-0.339271,0.041361,0.087731,-0.164112,-0.283284,-0.135158,-0.27931,0.038823,-0.344244,-0.483124,0.459858,-0.506602,0.212711,0.32707,-0.233989,-0.442844,-0.048943,-0.000942,0.144295,-0.181704,0.151412,-0.009031,0.144238,0.13726,0.144016,0.257099,-0.288416,-0.164686,-0.192095,-0.108961,0.281755,-0.014308,-0.13729,-0.346788,0.390308,-0.366753,0.071169,0.338351,-0.031453,-0.398099,-0.080471,0.143408,0.103905,0.261915,-0.34918,0.266355,-0.289227,-0.353646,0.135059,-0.083583,0.146615,0.032605,0.14431,-0.165759,-0.023359,0.301465,#
13,0.189429,0.165144,-0.01142,-0.688696,-0.336345,0.420276,0.461647,0.576263,0.24947,0.698111,-0.253979,0.265922,0.569606,1.0,0.336695,0.047483,-0.248511,0.011742,0.34378,0.234876,0.580009,0.29261,0.301276,0.021512,0.052577,-0.246871,0.097693,0.034028,0.194944,0.31028,0.019787,0.184461,0.159225,-0.018832,-0.197074,-0.16421,0.261056,0.063925,0.204357,-0.512798,0.2622,0.58769,-0.221218,-0.166439,0.2485,-0.740038,0.423035,0.014296,-0.180824,-0.048823,-0.094958,-0.201632,0.178341,-0.278909,0.100032,0.26009,-0.256058,-0.37373,-0.387882,-0.117371,0.541167,0.113954,-0.261084,0.157722,0.086464,0.480147,-0.282616,0.070845,-0.010816,-0.210796,-0.107116,0.483201,-0.142647,-0.004027,-0.287088,-0.12787,-0.304248,-0.173557,0.061927,0.231958,0.05917,-0.535166,-0.329534,-0.024072,-0.404918,0.281256,-0.331252,-0.006016,0.079129,-0.247847,0.098272,-0.305206,-0.225474,0.15746,-0.031048,-0.048867,-0.513883,-0.30999,0.159667,-0.567527,-0.107156,-0.036392,-0.531048,-0.381751,-0.276793,-0.104507,-0.359582,-0.447095,0.005279,-0.378059,0.008981,0.259162,-0.565097,-0.073233,0.088023,-0.040405,-0.183,-0.045205,0.470091,-0.249035,0.055781,-0.584277,-0.219899,-0.147956,-0.363642,-0.088009,0.208926,-0.284657,-0.394638,-0.290311,-0.24371,-0.01778,-0.426814,0.160405,-0.305208,-0.231862,0.093555,-0.461065,0.232104,-0.528286,-0.185438,0.211418,-0.180444,-0.44537,-0.586398,-0.113204,0.149132,-0.107468,-0.550648,0.005326,-0.316066,0.270489,-0.115603,-0.424306,0.138226,-0.417969,0.631444,0.238741,-0.229436,-0.464411,-0.201364,0.164042,0.005028,-0.248224,0.176631,0.260226,0.088665,-0.099686,-0.012599,-0.042705,-0.332424,0.11071,-0.146949,-0.411656,0.399775,-0.252547,0.060467,-0.208241,0.65339,-0.465233,0.40559,0.096377,-0.45343,-0.22202,0.254105,0.21893,0.103914,0.028549,-0.425596,0.301047,-0.374023,-0.117641,0.028774,0.207377,-0.313753,-0.124939,0.395089,-0.221565,0.083187,0.443707,#
14,-0.037368,0.192716,-0.205004,-0.201458,-0.197051,0.009658,0.090129,0.317623,0.066002,0.358712,-0.236843,-0.099253,0.109,0.336695,1.0,-0.097682,0.005556,0.042322,0.308267,0.138831,0.270825,0.043878,0.15226,-0.006755,-0.247635,-0.054611,0.134809,-0.008015,0.441088,-0.030074,-0.120467,0.24454,-0.076856,0.073028,-0.058729,-0.203048,-0.158046,-0.026162,-0.290527,-0.199627,0.397811,0.332254,0.18527,0.200168,0.30244,-0.305392,-0.082343,0.01209,0.079686,-0.048326,0.203245,-0.131933,0.201797,-0.035384,0.279978,0.48423,-0.010026,-0.424946,0.092476,0.182054,0.425227,-0.051334,-0.164027,0.154804,0.288456,0.189189,-0.077162,0.13295,0.007208,0.074118,0.011869,-0.015211,0.097956,0.017022,0.080582,-0.138257,-0.158278,-0.122228,0.050852,0.22483,-0.003263,-0.236087,-0.013706,0.01842,-0.115454,0.412518,-0.03447,-0.150557,-0.105975,-0.331993,0.081307,0.009221,0.04785,0.151478,-0.134074,-0.009878,-0.270739,0.04811,0.13081,-0.268748,0.041454,0.058714,-0.292853,-0.429738,-0.304989,-0.232824,-0.277237,-0.165635,0.001779,-0.022666,0.053863,-0.078428,0.022777,-0.030532,-0.027146,-0.077174,-0.288914,-0.044325,0.324181,-0.231736,-0.156689,-0.265228,-0.100923,-0.077348,-0.208582,-0.292077,-0.166152,-0.077017,-0.307056,0.120229,-0.177704,0.025367,-0.061544,0.05878,-0.176005,-0.188179,-0.12881,-0.260062,-0.000672,-0.229903,-0.234147,-0.562163,-0.178532,0.026196,-0.164841,-0.082356,-0.18002,-0.097431,-0.304207,-0.057601,-0.215575,-0.170293,0.048845,-0.178937,-0.389637,0.019231,0.273086,0.235573,-0.034507,0.131095,0.113297,0.090488,-0.087327,-0.251955,-0.303969,0.322176,0.37818,-0.252471,-0.07185,-0.010716,-0.121643,-0.033677,-0.22697,0.094357,0.028891,-0.098251,-0.107116,0.058804,0.451893,-0.145039,0.233035,0.415405,-0.011958,0.047826,0.077703,0.191505,0.321231,-0.203789,0.113645,-0.01482,-0.291092,-0.289076,0.167707,-0.071354,-0.212646,-0.103866,-0.017827,-0.109755,0.175632,0.08713,#
15,0.1273,0.236037,0.097717,-0.160483,-0.142055,0.106627,0.377906,0.247935,-0.09102,0.190955,0.041139,0.080678,0.255347,0.047483,-0.097682,1.0,-0.037242,0.423223,0.166967,0.181144,0.029703,0.153537,0.33401,-0.225053,0.201849,-0.289007,-0.195463,-0.007632,0.27259,0.108786,-0.106054,-0.203882,0.190226,-0.299092,-0.036127,-0.020524,0.320716,-0.041135,0.242499,-0.122455,0.122953,-0.090246,0.427066,-0.1018,-0.045587,-0.071219,-0.041401,0.223966,0.184722,0.29098,0.036858,0.153878,0.252703,0.079039,0.198531,0.092056,-0.151486,-0.278626,-0.020061,0.143176,-0.076163,0.294884,0.051336,0.052562,-0.151084,0.103233,-0.217827,0.245036,-0.405001,0.082081,0.235103,0.325696,-0.042503,-0.28293,-0.094956,0.264382,0.200358,-0.097601,0.290333,0.115068,0.121921,-0.13966,-0.327882,0.11936,-0.089452,-0.225167,-0.329203,-0.169998,0.116845,0.191468,-0.216519,0.121791,-0.286214,0.212652,0.204945,-0.290914,-0.06311,-0.091783,0.011308,0.091643,-0.091819,-0.057494,-0.258787,0.09039,0.076274,0.13799,-0.191214,0.138786,-0.299078,0.090392,-0.143966,0.019209,-0.143563,-0.240939,0.112753,0.047292,0.015482,-0.199574,0.033872,-0.166676,-0.079694,0.068728,-0.537896,-0.255724,-0.187204,-0.102173,-0.050188,0.330504,-0.218504,-0.22464,0.064751,-0.107591,-0.087714,0.257632,-0.188903,-0.029961,-0.065327,-0.202174,-0.052749,-0.13966,-0.341917,0.256809,-0.42535,-0.089105,-0.031248,0.255925,-0.139949,0.24884,-0.140317,-0.34072,-0.209809,-0.191747,-0.00047,-0.063398,0.123242,-0.294488,-0.072883,0.431266,-0.35455,-0.341998,0.230251,-0.11075,-0.001081,-0.034234,0.235849,0.061017,-0.253071,0.148545,0.005378,-0.039634,0.20832,0.06934,0.062627,-0.255767,0.0678,-0.262916,0.059845,0.121638,0.246812,-0.360817,0.279391,-0.20621,-0.222602,0.135212,0.207716,-0.334522,0.259312,-0.017455,-0.134827,0.175086,-0.079006,-0.065044,0.048124,0.301984,-0.02445,-0.262322,0.084049,-0.227452,0.284667,0.29508,#
16,-0.170228,0.215587,-0.195545,0.3136,0.12222,0.036093,0.164524,-0.00032,-0.028522,-0.401549,-0.048721,-0.005146,-0.01528,-0.248511,0.005556,-0.037242,1.0,0.103973,-0.003545,0.074299,-0.048991,-0.172163,-0.085481,-0.383768,-0.598184,-0.023233,-0.244819,0.039939,0.071819,-0.311266,-0.290078,0.004406,0.113824,0.187692,0.04833,0.231772,-0.335446,-0.498396,-0.220137,0.366039,-0.13062,-0.293262,-0.01122,-0.018343,-0.31129,0.328559,-0.194467,-0.345882,0.330438,0.295501,0.205415,0.035033,-0.066093,0.104144,0.189374,0.130873,0.377868,-0.121361,0.128179,-0.270636,-0.373704,0.134477,0.304926,-0.059665,-0.054512,0.052171,-0.223593,0.111363,-0.140264,-0.21106,-0.181563,-0.42967,0.004616,-0.380515,-0.043948,-0.06102,0.256376,-0.065688,0.045949,-0.150906,-0.105191,0.08936,0.232019,-0.3049,0.127438,0.003451,0.05088,-0.25273,-0.157099,0.086811,-0.004316,0.046927,-0.246237,-0.052376,0.13003,-0.208192,0.355438,0.012245,-0.229369,0.289938,0.118444,0.217624,0.310412,0.316044,-0.165213,-0.008087,0.196463,-0.13941,-0.271813,-0.034999,-0.271317,-0.230052,0.116469,-0.001743,-0.307338,-0.063863,0.27638,0.18942,-0.39833,-0.194763,-0.043152,-0.112949,-0.157912,-0.321796,0.068155,-0.333653,-0.302,-0.210097,-0.031038,0.209194,-0.009903,-0.378729,0.007511,-0.200131,0.230017,0.190736,0.466212,-0.183743,-0.398392,0.08936,0.100289,-0.211249,-0.004073,0.363749,0.048378,-0.269218,-0.127191,0.194327,0.116405,-0.0841,0.246895,-0.278724,0.258825,-0.045083,0.037878,-0.070133,-0.384736,0.055546,-0.061614,0.328835,-0.138079,-0.060056,0.022444,-0.316834,-0.543748,-0.022749,0.034189,-0.108412,-0.230096,0.012021,-0.145772,-0.01313,-0.31063,-0.003153,-0.217385,0.184227,-0.092384,0.051447,-0.198892,0.047115,-0.217665,0.02451,0.788419,0.066617,-0.020558,-0.420331,-0.190911,0.074479,0.296059,-0.261025,0.01326,0.1942,-0.202642,-0.373604,0.138933,-0.040199,-0.357532,-0.079637,-0.433441,-0.148925,#
17,-0.340536,0.006536,0.127618,0.118804,-0.364283,0.018865,0.299188,0.447727,-0.105704,0.193882,-0.402414,0.038779,0.245036,0.011742,0.042322,0.423223,0.103973,1.0,-0.027552,0.27764,-0.166147,0.017835,0.066323,-0.168581,0.17439,0.199208,-0.008174,-0.199286,0.075229,-0.005533,-0.13276,-0.124894,0.018067,-0.057766,-0.139484,-0.038403,0.064562,-0.133694,-0.082997,-0.428301,0.060109,0.173953,0.415847,0.123509,-0.136783,-0.119641,0.195838,0.041117,-0.316635,0.03836,-0.162993,0.170053,-0.035272,0.179469,0.337529,0.008716,0.00153,-0.111174,-0.034695,-0.079787,0.034433,0.041939,0.010912,0.189211,0.024252,0.062046,-0.204079,0.154487,-0.340641,0.163253,0.352157,0.250917,-0.118353,-0.451207,-0.063787,0.165746,0.140168,0.014457,0.040301,-0.111439,-0.079152,-0.194864,-0.263638,0.145059,-0.302095,-0.004181,-0.266283,-0.291823,-0.278573,0.085166,-0.318173,-0.282481,-0.277512,0.215866,-0.134528,-0.409099,0.072035,-0.082373,0.035636,0.064956,-0.240616,-0.110151,-0.276752,0.256614,-0.152499,0.012599,-0.14847,-0.179117,-0.048996,-0.107388,-0.159443,0.080079,-0.00913,-0.2518,-0.179475,-0.198569,0.339508,-0.213156,0.151196,-0.362608,-0.064382,-0.368297,-0.294376,-0.032481,-0.037949,-0.162065,-0.083799,0.241883,-0.158764,0.134801,-0.084917,0.079859,-0.103115,0.231099,-0.079501,-0.00834,-0.155148,-0.35631,0.05336,-0.149697,-0.173348,-0.010452,-0.095205,-0.28119,-0.319815,0.362521,-0.246644,0.347788,-0.151845,-0.238346,-0.461604,-0.046997,-0.12094,-0.112323,-0.023748,-0.148441,-0.270334,0.52641,0.03311,-0.215766,0.205746,0.039025,-0.444229,0.128648,0.174057,0.374746,-0.186346,-0.068342,-0.181331,0.130881,0.127509,-0.053607,-0.195477,-0.237446,0.086492,-0.201153,-0.198598,-0.156409,0.12973,-0.197146,0.426974,-0.179399,0.085561,0.022337,0.104541,-0.283876,0.219827,0.224587,-0.249468,-0.117683,-0.105249,-0.218902,0.053351,0.119339,-0.061529,-0.296501,-0.05788,0.063529,-0.022619,0.392726,#
18,0.547842,0.513374,0.029489,-0.338051,0.04921,0.228545,0.335115,0.216134,0.049632,0.339302,0.142222,0.047532,0.205482,0.34378,0.308267,0.166967,-0.003545,-0.027552,1.0,0.005836,0.392336,0.143164,0.064927,0.051665,-0.080237,-0.057641,0.009094,0.034317,0.226882,0.130403,-0.410529,0.240241,0.234494,-0.02619,-0.145103,0.201769,0.177744,0.049114,-0.179838,0.012437,0.286198,0.296834,-0.157959,0.051948,0.308793,-0.061607,0.067696,-0.129104,-0.027308,0.080902,-0.025367,-0.217254,0.409205,-0.023087,0.346161,0.217825,-0.093401,-0.49784,-0.322302,-0.095627,0.210518,-0.336062,-0.230925,0.187509,-0.042213,0.253225,-0.232929,0.165529,-0.151578,-0.356261,-0.004374,0.195387,-0.077811,-0.071843,-0.170528,-0.03927,-0.182305,-0.13478,0.025883,0.252376,0.276086,-0.211715,-0.227674,-0.249416,0.01712,-0.135635,-0.194113,-0.254469,0.055365,-0.084067,-0.30008,-0.265908,0.038518,-0.223711,0.266031,-0.067109,-0.221581,-0.151139,0.120455,-0.232293,0.140292,0.358258,-0.201972,-0.424288,-0.264253,-0.017881,-0.261096,-0.054597,-0.074109,-0.053189,0.054125,0.13409,-0.300991,-0.059406,0.03939,0.447999,-0.206948,0.022599,0.056658,-0.095104,-0.292642,-0.178535,-0.347998,-0.24458,-0.546442,-0.126182,0.134396,-0.201926,-0.277148,-0.005114,-0.072229,-0.21617,-0.062337,0.188966,-0.059956,0.049013,0.132355,-0.07227,0.152721,-0.166832,-0.339599,0.002568,-0.379054,-0.056421,-0.127987,-0.270376,-0.226295,0.084567,-0.443036,-0.191075,-0.070997,0.027702,-0.230692,-0.483134,0.291821,-0.10462,0.32388,0.074888,-0.446158,-0.166488,-0.105383,0.243096,-0.152463,-0.315078,0.056615,-0.011021,0.267981,0.172751,-0.196795,-0.162273,-0.008597,0.209533,0.04394,0.135799,0.007996,0.031507,-0.011002,-0.17212,0.435137,-0.132445,-0.104826,0.371768,-0.010427,0.30089,0.265125,0.341419,0.626608,0.131402,-0.028588,0.330469,-0.186385,-0.070741,0.254019,-0.009888,-0.415022,0.128538,0.365069,-0.217291,0.034272,0.113428,#
19,-0.179898,-0.100641,0.014141,-0.240138,-0.09609,-0.202856,-0.077766,0.221066,-0.173787,0.26211,-0.406166,-0.163988,0.280129,0.234876,0.138831,0.181144,0.074299,0.27764,0.005836,1.0,0.122102,0.383566,0.181727,0.118396,-0.209122,-0.303282,0.062646,-0.291445,-0.068066,-0.203209,-0.033668,0.25349,0.632375,0.160734,-0.166666,-0.465457,0.148718,-0.035258,-0.31981,-0.197822,0.285909,-0.011992,0.265381,-0.209204,-0.251539,-0.307328,0.241708,0.291449,0.049129,-0.17268,0.059971,-0.230072,0.347803,-0.140031,-0.151631,0.099697,0.087884,-0.422964,0.465432,0.076895,0.182489,0.04804,-0.364263,-0.30135,-0.112299,0.165616,0.017098,-0.265304,-0.309848,0.403575,-0.264195,0.170265,0.080154,-0.165719,-0.013076,-0.557933,0.137945,-0.13071,0.593195,0.29002,0.413695,0.11366,-0.005286,-0.284734,0.199455,0.600319,-0.008873,-0.203792,0.274478,-0.04453,0.233559,0.369371,0.222208,0.136506,0.135495,0.172502,0.033078,0.128442,0.162784,0.051176,-0.469053,0.090246,0.008148,0.204612,0.509813,0.491932,-0.09657,-0.333056,0.387441,-0.358784,0.073862,-0.275133,0.284722,0.12165,0.086471,0.156892,0.007758,0.039161,0.167006,-0.254127,0.144952,-0.37006,-0.105248,0.041007,-0.02899,0.323142,0.269453,0.125727,0.335164,0.472388,0.496333,0.014642,0.152156,0.092872,0.393145,0.284441,0.098284,-0.219749,0.183606,0.287189,0.077191,-0.128923,-0.251689,-0.209844,-0.267267,0.299363,0.30221,-0.367882,-0.058789,0.093284,-0.120949,0.083301,0.215079,-0.07534,0.004793,0.054137,0.335235,0.082927,-0.03773,0.066228,0.230757,0.232753,0.032883,0.062321,0.312798,0.159285,0.242207,-0.105982,-0.001218,0.423517,-0.544673,-0.3093,-0.3715,0.01443,-0.338214,0.154425,0.290966,-0.473609,0.348625,0.02437,0.153408,0.066431,-0.148282,-0.119582,-0.279922,-0.224029,0.327772,0.403366,-0.273529,-0.140808,-0.026012,-0.289389,-0.364562,-0.01234,0.140639,-0.347043,-0.506581,0.027537,0.322458,0.278087,#
20,0.182852,0.426791,-0.125511,-0.124156,-0.269527,0.236489,0.152835,0.348377,-0.321379,0.257419,-0.135206,0.151216,0.337557,0.580009,0.270825,0.029703,-0.048991,-0.166147,0.392336,0.122102,1.0,0.098494,-0.129424,-0.092465,-0.007755,-0.287725,0.06205,-0.062474,-0.193011,0.11811,0.269989,0.157079,0.184508,0.272761,-0.49749,-0.258313,0.012569,0.008816,0.10472,-0.23712,0.303782,0.328262,-0.321687,0.084753,0.240017,-0.426644,0.074456,-0.25327,0.137446,-0.012442,-0.111338,0.033264,0.421505,-0.03528,-0.031687,-0.057042,-0.145859,-0.362337,-0.430046,-0.19403,0.265996,0.115632,-0.143303,0.029866,0.199976,0.186568,-0.329115,-0.031914,0.002031,-0.18671,-0.282352,0.299534,-0.174075,-0.034609,-0.295081,-0.370141,-0.036047,0.003519,0.329976,0.172317,0.254886,-0.292791,0.104335,-0.082349,0.015149,0.02916,-0.054708,0.420689,0.339554,-0.060592,0.019177,-0.063342,0.005664,0.030445,0.11184,0.093547,-0.166847,-0.200875,0.380866,-0.306077,0.297514,0.253024,-0.168934,-0.136992,-0.231787,0.081359,0.127766,-0.209891,-0.018543,-0.275968,-0.036789,0.377875,-0.367756,-0.029319,0.228489,0.202711,-0.17591,0.213777,0.231001,-0.146163,0.038086,-0.302383,-0.173007,0.027487,-0.247512,-0.069222,-0.063444,-0.404278,-0.385904,-0.086238,-0.088778,0.107626,0.003544,0.141218,-0.130667,-0.034046,0.270115,-0.281904,0.065514,-0.292791,0.135208,0.028282,0.102588,-0.003018,-0.075538,-0.208743,0.224863,-0.093848,-0.22474,-0.038638,0.034228,0.050855,0.040764,-0.18604,0.1753,-0.00196,0.325037,-0.165082,-0.151594,-0.104939,-0.145911,-0.117539,0.168604,-0.360927,0.076831,0.066794,0.349322,0.307999,0.153521,-0.233882,-0.099294,0.208271,-0.052131,-0.119711,0.129805,-0.041322,0.072526,-0.197176,0.185907,-0.060666,-0.209803,0.021652,-0.07435,-0.201067,0.118193,0.072299,-0.089788,-0.320414,-0.132439,0.365098,-0.223559,-0.201236,-0.058674,-0.188515,-0.076035,-0.314918,0.379091,-0.446958,-0.102384,0.018509,#
