0,1.0,-0.089068,-0.228343,0.015539,0.28683,0.229592,-0.166447,-0.000515,-0.587471,-0.074185,-0.00382,0.115249,0.308901,0.073028,0.045855,0.084194,0.066737,-0.504566,-0.088741,-0.170179,0.305286,0.238893,-0.06363,-0.25938,-0.03822,-0.25916,-0.103111,-0.380165,0.326854,-0.082367,0.270076,-0.059249,0.170214,-0.131681,-0.212506,0.007817,0.027924,-0.19528,-0.076753,-0.382588,0.26343,0.187351,0.028816,0.15474,-0.452348,0.039502,0.043278,0.075206,-0.397943,-0.226717,-0.075593,-0.078068,0.16355,-0.085739,0.337126,0.063148,-0.047557,0.189325,0.102469,0.246788,0.498419,0.306879,-0.06406,-0.195027,0.118239,-0.147314,-0.282402,0.183118,-0.153884,-0.370905,-0.223109,0.049743,-0.211602,0.006741,-0.525238,0.349459,-0.161906,0.113914,-0.523692,0.134479,-0.041007,-0.34777,0.249992,-0.08731,-0.177839,-0.142611,0.057192,-0.006012,-0.224687,-0.356396,-0.187861,-0.351114,0.103391,-0.289609,0.106684,-0.255553,-0.289663,0.158317,-0.034918,0.513647,0.198427,-0.019748,-0.242997,-0.173592,0.090236,-0.290384,0.08299,0.10196,-0.186026,-0.128356,0.12844,0.120239,-0.268729,-0.045094,-0.021404,0.066714,-0.3841,-0.075651,-0.157482,0.043077,-0.256859,0.078519,0.214248,-0.194377,0.075297,-0.088421,-0.251062,-0.1228,-0.094096,0.406714,-0.025988,-0.198922,-0.057057,0.062119,-0.451333,-0.021237,-0.148894,-0.106192,0.483235,-0.226924,-0.187003,-0.016958,0.270709,0.318044,-0.013296,0.033403,-0.080639,-0.054362,-0.36577,-0.259775,0.020495,-0.236894,-0.178774,-0.098769,0.123535,0.000357,0.065721,-0.048827,-0.13304,-0.302458,0.179956,-0.471467,-0.084001,-0.065851,-0.147738,-0.120966,-0.277699,-0.036355,-0.091758,-0.442852,0.027341,0.137989,-0.117818,0.293075,-0.087503,-0.060562,-0.225248,-0.081286,-0.118492,0.416454,-0.010279,-0.262045,0.157889,0.476023,0.173198,0.012409,0.283069,-0.066825,-0.032681,0.082537,0.168418,0.066613,0.166613,-0.16042,-0.036993,0.191169,-0.041605,-0.121115,-0.160559,0.14224,#
1,-0.089068,1.0,0.190995,-0.227085,0.02485,0.2594,0.253396,0.276512,0.154765,0.357303,-0.256166,0.054626,0.361869,0.33469,0.446918,-0.155982,-0.024757,0.381299,0.051319,0.068698,-0.269054,0.205135,0.362266,-0.002319,-0.072302,-0.343219,-0.048708,0.021973,-0.437503,0.077559,-0.213623,0.174018,0.464876,-0.161839,-0.284586,0.371663,0.283688,-0.178518,-0.149942,0.101514,0.015735,0.282054,0.248568,0.068745,0.383133,-0.466309,0.085409,-0.176753,0.328443,0.292298,0.178879,-0.235316,0.087667,-0.402029,-0.042212,-0.18685,-0.291002,-0.546993,-0.138917,-0.390713,0.231458,0.321971,-0.411166,-0.116188,0.190799,0.203007,0.132456,-0.067029,0.23592,-0.018287,0.113053,-0.016166,0.183082,-0.434156,-0.107761,0.245405,-0.270649,-0.452433,0.040238,-0.108499,0.041551,-0.296955,-0.17733,-0.129185,-0.273791,-0.059674,-0.227572,-0.155536,-0.127615,-0.244829,-0.24338,-0.133744,-0.5165,-0.062445,-0.274522,-0.230524,0.15402,0.077903,0.276074,-0.095298,-0.104053,-0.089435,-0.165005,-0.248826,-0.197196,-0.183088,-0.325923,-0.192405,-0.244442,-0.368992,0.191384,0.496897,-0.228287,-0.096892,-0.154056,-0.361722,-0.260762,-0.360133,0.260699,-0.420185,-0.185754,-0.537862,-0.43777,-0.276022,-0.383304,-0.308627,0.300463,0.318248,-0.060829,0.171556,0.050114,0.106033,-0.328241,-0.218642,-0.225021,-0.289936,0.232151,-0.15773,-0.182013,-0.133481,-0.093251,-0.22784,-0.359979,-0.313296,-0.086908,0.131055,-0.182492,0.333421,0.012511,-0.101057,-0.577961,-0.454444,0.058245,-0.026264,-0.158955,-0.426777,0.159308,0.174267,-0.075384,-0.136746,0.068267,-0.147389,0.252307,0.538585,0.181457,0.289139,0.008644,0.129149,-0.348525,-0.037785,-0.125374,-0.073031,-0.177187,-0.063632,0.328943,-0.042558,0.029048,0.38383,0.308418,-0.71419,0.393774,0.18027,-0.293477,-0.12172,0.058724,-0.209446,0.175909,-0.051226,-0.454233,0.35849,0.228033,-0.004269,0.253218,0.440664,-0.077912,-0.113453,-0.005081,0.160978,0.459824,-0.070655,#
2,-0.228343,0.190995,1.0,0.412065,-0.143272,-0.137637,0.260398,0.031364,0.485217,0.061937,-0.147688,-0.261231,-0.256276,0.053161,-0.027942,-0.348436,-0.32798,0.516045,0.009698,0.173591,0.024553,0.323278,0.023554,0.189755,0.343921,-0.004887,0.577855,0.369448,-0.034049,0.109078,-0.084378,0.144004,-0.004313,0.021473,0.247242,0.042324,0.1035,-0.351241,0.186361,-0.183555,0.224718,0.096593,0.229368,-0.014106,-0.042518,-0.28443,-0.137713,0.204322,0.327277,-0.143898,-0.310655,-0.059584,0.26881,0.058491,-0.304622,-0.069736,0.028213,-0.417341,-0.356226,0.059361,-0.256788,-0.187931,-0.095462,0.147655,-0.122674,-0.104137,0.31751,0.319639,0.094553,0.317551,0.112987,0.212656,0.186177,0.033815,0.343023,-0.282606,0.061207,-0.304012,0.141521,-0.119421,0.177181,0.002952,-0.038703,-0.053719,-0.132187,0.429396,0.077572,0.049585,0.20735,-0.104642,0.119957,0.011817,0.18297,0.081476,0.155476,0.072486,0.527023,0.401047,0.012737,-0.100909,-0.111648,0.442168,0.326925,0.075827,-0.036231,0.291782,0.005787,-0.032111,-0.434644,-0.030456,0.332382,0.113675,0.171278,0.061811,0.317378,-0.046248,-0.101096,0.006704,0.083401,0.072197,0.136961,-0.034002,-0.073855,-0.095929,0.206871,-0.117935,-0.060658,0.117347,-0.177054,0.342752,0.678171,-0.235244,0.144171,-0.069557,0.237001,0.280298,-0.150584,0.369941,0.191342,0.171912,0.046344,-0.159829,-0.015983,-0.28742,-0.304122,-0.217411,-0.19541,-0.04133,0.308004,0.325995,-0.168316,-0.13889,0.355748,-0.046651,-0.01298,-0.083465,-0.014169,0.090941,0.130615,0.456263,0.292968,0.173763,-0.006817,0.293681,-0.077614,-0.364802,0.139541,0.112023,0.015717,0.446548,-0.142137,-0.300344,-0.18941,0.153912,-0.192218,0.484428,0.18859,0.101409,0.031889,-0.315946,0.110314,0.125863,-0.171301,-0.173632,-0.298186,0.378369,-0.208123,0.144496,0.09102,-0.168661,0.176662,-0.364414,-0.107584,0.288505,-0.466422,0.315535,-0.385607,0.124782,0.200359,-0.213125,#
3,0.015539,-0.227085,0.412065,1.0,-0.256374,-0.091702,-0.027766,-0.131035,0.061168,-0.060632,0.145962,-0.039821,-0.223676,-0.087293,-0.281303,-0.018672,-0.036226,0.073344,0.022818,0.287089,0.315072,0.211756,-0.101378,0.33018,0.471494,0.464292,0.463046,0.229079,0.202897,-0.336074,0.306021,0.420765,0.084476,-0.012585,0.190828,-0.213607,-0.113823,-0.013105,-0.234939,-0.206756,-0.053516,-0.080972,0.044528,0.059907,-0.07026,0.219439,-0.058343,-0.003622,-0.134196,-0.122911,-0.263265,0.213125,0.204442,0.138176,-0.233431,0.134287,0.082581,-0.021509,0.209836,0.31921,-0.178221,-0.213181,0.030167,-0.139239,-0.064959,-0.255597,0.08095,0.459433,-0.199414,-0.164259,-0.083518,0.17586,-0.249203,0.125031,-0.075697,-0.232934,0.127969,0.140504,0.084566,-0.177969,0.245528,0.448502,0.107498,0.058014,0.135769,0.165118,0.349604,0.050385,0.313008,-0.331194,0.068272,0.10753,0.320025,-0.029719,0.413567,0.219504,0.176749,0.139666,-0.384513,0.026564,-0.08661,0.384535,0.558623,0.003495,0.600154,0.21023,-0.055905,0.130032,0.045718,0.067076,-0.272653,-0.319846,-0.212543,0.018323,0.42197,0.115357,-0.093272,-0.138583,-0.21318,0.506167,0.066269,0.294383,0.332569,-0.087501,0.063081,0.200163,0.072475,-0.186669,0.254666,0.295405,0.096417,0.07206,0.237189,0.234374,0.320872,0.244735,0.027239,-0.045054,0.045966,0.423882,0.023363,0.202799,0.146849,-0.004808,0.122208,0.054439,0.203309,-0.160736,0.237168,0.11276,0.102957,0.234324,0.12793,0.429936,0.241011,0.242341,-0.135043,-0.100597,-0.037328,0.21503,-0.137988,0.328125,-0.356987,-0.125518,-0.33517,-0.418175,0.289173,0.178889,0.19305,0.385837,-0.207719,-0.107637,0.159406,0.191637,-0.45994,0.376984,0.291124,-0.128808,-0.400314,0.117965,-0.254365,-0.073251,-0.001185,-0.048139,-0.034619,0.301465,-0.043548,0.204067,0.498714,-0.205239,0.214919,-0.212371,-0.018185,-0.2875,-0.51775,0.072747,-0.314051,0.168788,0.109796,-0.400735,#
4,0.28683,0.02485,-0.143272,-0.256374,1.0,0.077208,-0.086864,0.506832,-0.20592,-0.142056,0.085703,-0.112553,0.385287,-0.0161,-0.037727,0.024314,-0.002019,-0.148031,0.162822,-0.253594,-0.232216,-0.034549,0.179082,-0.150364,0.289938,-0.026625,-0.455737,-0.129361,-0.222896,-0.077353,-0.068447,-0.424305,-0.18677,-0.115015,-0.369711,0.006653,-0.138391,0.007712,0.198069,0.100098,0.235576,-0.33444,-0.165651,0.234845,-0.064004,0.153159,-0.283642,0.229777,-0.231725,-0.161448,0.344432,0.005371,0.13737,-0.141582,0.3316,0.236699,-0.268513,0.293612,0.132437,-0.156947,0.078052,0.080445,-0.187527,-0.021531,-0.035878,0.457057,0.167804,-0.34942,0.132179,0.01324,0.103591,-0.020762,-0.230146,0.219661,0.049482,0.344906,-0.08693,-0.25714,-0.112252,-0.086814,-0.149726,-0.122923,0.026068,0.180399,-0.101601,-0.235782,0.102365,0.268037,-0.11441,-0.084912,-0.067952,-0.142957,0.029974,-0.100122,-0.237936,-0.020228,0.170165,-0.220092,0.288682,0.255224,0.257303,-0.088608,-0.002443,-0.247786,-0.195229,0.115875,0.157594,-0.005786,-0.069217,-0.318326,0.032886,0.127624,0.359742,-0.230453,-0.167849,0.150551,-0.031085,0.184718,0.058817,0.108191,-0.178698,-0.140174,0.239089,-0.043981,0.282175,0.1956,0.297921,-0.097898,-0.077528,0.204422,-0.277728,0.076829,0.018523,-0.0118,-0.380439,0.127274,-0.170841,-0.342921,-0.027237,0.035826,-0.245936,-0.195256,0.04091,0.304077,0.113397,-0.153324,-0.331449,0.148482,0.027306,-0.44302,-0.207136,-0.016734,-0.581818,-0.172158,0.012159,-0.257163,-0.036826,0.096652,-0.060559,-0.165144,-0.091553,-0.173132,-0.329688,0.020804,0.41454,-0.1679,-0.158895,-0.204619,-0.134834,-0.200645,-0.094778,0.007581,0.01842,0.159701,0.340888,-0.019857,0.210768,0.231761,0.149775,-0.005591,-0.060996,0.025029,0.09902,0.235632,0.242194,-0.267201,0.199424,-0.432788,-0.101604,0.096445,-0.17075,-0.149649,0.425483,-0.023503,-0.048379,-0.057994,0.350896,-0.012936,-0.226428,0.036022,#
5,0.229592,0.2594,-0.137637,-0.091702,0.077208,1.0,0.214262,0.017516,-0.245394,-0.114534,0.274362,-0.01435,-0.01337,-0.037627,0.300959,0.133766,0.434807,0.04929,-0.12003,-0.012195,-0.115713,0.344775,0.273938,0.133884,-0.361582,-0.186362,0.008889,-0.225667,-0.040493,-0.411822,0.041994,0.10401,0.115569,0.03656,-0.13104,-0.067624,0.145763,0.129747,0.113111,0.214987,-0.121859,0.347118,0.027619,0.12877,0.243572,-0.076465,-0.068401,0.234561,0.231825,-0.240049,0.140888,-0.157785,-0.068499,-0.202367,0.174806,0.121348,-0.195542,-0.070864,0.046665,-0.252571,0.266665,-0.084386,-0.342071,0.145109,0.042801,0.291012,0.003628,0.069175,0.480645,0.099009,-0.159089,0.314308,0.118431,-0.016992,-0.471691,0.194218,-0.410396,-0.225263,-0.291365,0.18248,0.255231,-0.121126,0.034517,-0.197118,-0.010142,-0.085351,0.106365,-0.254788,-0.218329,-0.504211,-0.111046,-0.129218,-0.067246,0.015651,-0.067681,-0.153528,-0.280219,-0.275269,0.007152,0.176241,-0.105566,-0.22943,-0.038468,-0.299878,0.058011,-0.34302,0.041438,-0.10179,-0.404487,-0.093825,0.082309,-0.12652,-0.277107,-0.017778,-0.041888,-0.195803,-0.546527,-0.129831,0.196244,-0.204754,-0.25729,-0.374465,0.008491,-0.564191,-0.185839,0.097002,-0.126911,0.166976,0.072637,0.135066,-0.022475,-0.008669,-0.23059,-0.05991,-0.271043,0.068221,0.03827,-0.295752,-0.030629,-0.31815,-0.308581,-0.177886,-0.278565,0.190772,0.027361,-0.098306,-0.086771,0.27483,-0.023353,0.062815,0.051392,0.0374,-0.007444,0.127406,-0.033916,-0.398897,-0.128049,0.04764,-0.21292,0.05145,0.241701,-0.067246,-0.22963,0.498691,-0.190555,0.321824,0.243963,-0.13683,0.062913,-0.088244,0.394699,-0.31812,-0.297092,-0.056388,0.169857,-0.38354,-0.034026,-0.067747,0.017075,-0.034377,0.053476,-0.13198,-0.08386,0.255098,0.213663,-0.023756,0.026991,0.175358,-0.232356,-0.11832,0.346598,0.13981,0.12717,-0.056972,0.098133,0.085585,0.169303,-0.040003,-0.133716,-0.207503,#
6,-0.166447,0.253396,0.260398,-0.027766,-0.086864,0.214262,1.0,0.166329,0.27983,0.261888,0.212377,-0.012268,0.108999,-0.293198,0.074134,-0.145844,-0.012749,-0.109083,-0.02494,-0.370349,-0.494361,0.354018,-0.077445,0.021705,-0.033849,-0.04368,0.436406,0.2708,0.098954,-0.091916,-0.464204,-0.061135,-0.083335,-0.115824,0.2803,0.236627,-0.357427,0.19011,0.216178,-0.006152,-0.100712,-0.092202,0.135611,-0.396872,0.059128,-0.052784,-0.36689,-0.137889,0.172371,0.185018,0.004527,0.049592,-0.252177,-0.121045,0.043839,-0.156681,0.117639,-0.198938,-0.252827,0.173568,0.136392,-0.021212,-0.105579,0.195535,0.162394,0.030811,0.321592,-0.277166,0.633368,0.126035,0.221582,-0.088438,0.142852,-0.191273,0.104949,0.059396,-0.107971,-0.194362,-0.066034,-0.007228,-0.266748,-0.082552,-0.194618,-0.383373,0.159821,0.506381,-0.021539,-0.283685,-0.037277,-0.292734,-0.006564,-0.08929,0.043919,-0.271251,0.283846,-0.165545,0.316061,-0.034764,0.189595,-0.442282,0.015719,-0.093989,0.022367,-0.126154,-0.436288,-0.11799,-0.167715,-0.169988,-0.424945,0.070581,-0.237765,-0.02068,-0.105353,-0.277812,-0.323839,-0.401484,-0.017905,0.174078,-0.107731,0.16769,0.103466,-0.031072,0.091071,-0.231594,-0.301956,-0.220303,0.386079,0.520294,-0.055718,0.035424,-0.009619,-0.434012,-0.508711,0.253773,0.323688,0.370779,-0.094275,-0.142607,-0.287148,-0.090316,0.215331,-0.235419,-0.141873,0.025888,0.090992,-0.150275,-0.360321,0.332873,0.038639,0.152224,-0.046066,-0.08218,0.165452,-0.074752,-0.15213,-0.273979,-0.268186,-0.138355,0.043298,0.131593,-0.10417,0.054933,0.19403,0.46869,0.053234,0.090542,0.173863,0.436587,-0.069824,0.430444,0.611195,-0.136893,-0.155273,0.098137,0.36744,-0.061479,0.311853,0.231241,0.020295,-0.338714,0.380842,0.420057,0.20384,-0.15268,0.055299,-0.079717,-0.234319,0.295584,-0.144292,0.375938,-0.126231,0.042531,0.127117,0.259075,0.197069,0.172756,-0.164444,0.089437,-0.06451,-0.181309,#
7,-0.000515,0.276512,0.031364,-0.131035,0.506832,0.017516,0.166329,1.0,-0.054164,-0.14806,0.140186,-0.210482,0.372362,0.135159,-0.067518,0.037482,-0.133525,0.033984,-0.03901,-0.011808,-0.084594,0.094642,-0.135341,0.251898,0.216458,0.059879,-0.324536,-0.08306,-0.207579,0.052374,-0.039439,-0.310873,0.16409,0.208311,-0.258378,0.275659,-0.058513,0.160484,0.256682,0.169155,-0.053269,-0.174592,-0.183199,0.136376,-0.114405,-0.164127,-0.266117,-0.100163,0.1216,-0.176011,0.120188,0.196271,-0.009875,-0.063847,-0.13766,-0.046067,-0.121928,0.100001,-0.164554,0.113434,0.105604,0.142731,-0.249632,-0.116384,-0.235828,0.254361,0.312226,-0.281716,0.246843,0.23012,0.412206,-0.139141,-0.466745,-0.016779,0.087815,-0.113726,-0.068038,-0.021158,0.086515,0.002169,0.04148,0.05555,0.098754,0.252526,0.002648,0.091686,0.31304,0.114682,-0.027769,-0.075894,-0.012637,0.056933,0.02804,-0.052857,-0.231047,0.22357,0.344693,0.091738,0.435535,-0.170062,0.264678,0.053701,0.120682,-0.291966,-0.042345,0.251432,0.106805,0.010587,-0.153792,-0.302356,0.070992,0.246447,0.073296,0.053207,0.120891,0.074984,0.246208,-0.004956,0.166999,-0.011413,-0.240636,-0.319668,0.164504,0.235748,-0.124114,-0.129181,0.247192,0.067353,-0.04062,0.266589,-0.014012,0.082914,-0.096956,-0.047309,-0.114929,0.227804,0.196393,0.012187,-0.123122,0.05381,0.35594,0.134904,0.025829,0.255629,0.197904,-0.100239,-0.193711,-0.021719,0.144919,-0.06008,-0.270364,0.115895,-0.21479,0.169449,-0.330855,-0.175458,0.087174,-0.330851,0.186782,0.207708,-0.172385,0.266194,0.119738,0.109342,0.21875,-0.040973,0.334742,-0.219609,-0.051415,0.162986,-0.086401,-0.219474,0.025909,0.058688,0.129715,-0.04908,0.405646,0.085863,0.051031,-0.167069,0.160026,0.274233,-0.087403,-0.084117,0.154309,0.064497,0.176157,-0.216832,-0.05133,0.358693,-0.078448,-0.212419,0.318382,-0.058168,-0.254599,-0.231345,0.135379,0.074561,0.24954,-0.429864,#
8,-0.587471,0.154765,0.485217,0.061168,-0.20592,-0.245394,0.27983,-0.054164,1.0,0.307339,-0.230096,-0.053852,-0.162198,0.176965,0.194181,-0.181826,-0.318205,0.640356,0.157295,-0.032296,-0.423747,0.192277,0.114079,0.325443,0.235382,0.328849,0.437739,0.449345,0.034882,0.100085,-0.077223,0.019495,0.036658,-0.242387,0.323968,0.000762,0.101237,-0.191117,0.183325,-0.326786,-0.020172,-0.248612,0.402315,-0.099604,0.275779,-0.276584,-0.420259,0.020696,0.412495,0.376569,-0.006202,-0.16637,-0.129535,0.028187,-0.309954,0.258362,0.280628,-0.608332,-0.171491,0.153959,-0.238256,-0.342971,-0.194427,0.151242,0.161265,0.120376,0.48284,-0.016411,0.045749,0.509967,0.149543,0.159116,0.238834,-0.078787,0.29623,-0.021548,0.085261,-0.204396,0.301345,-0.201148,0.143842,0.129647,-0.332847,-0.020166,0.11102,0.428094,0.092235,-0.059859,0.094465,0.095559,0.423302,0.298437,-0.026414,0.270632,0.238093,0.009716,0.444788,-0.103993,-0.021683,-0.270953,-0.070338,0.419208,0.1609,0.271078,-0.347596,0.036525,0.187321,-0.215169,0.066427,0.030833,0.140603,-0.110047,0.226535,-0.284129,0.172242,-0.012987,0.048358,0.014437,0.272664,-0.168631,0.199354,-0.185947,0.095092,0.053712,-0.08938,-0.156257,0.254372,0.059036,-0.324844,-0.384663,0.289933,0.08971,-0.173114,0.009167,0.394318,0.065495,0.153635,0.173433,-0.30352,-0.029275,0.291156,-0.11491,-0.013451,-0.380217,-0.412014,-0.318472,-0.038289,0.208496,0.334785,0.080179,0.063967,0.024557,0.298484,-0.132468,-0.01799,0.062214,0.238935,0.241701,0.104543,0.369022,0.019114,0.358886,0.079176,0.001383,0.327449,0.039217,0.01511,0.260309,-0.259325,0.522851,0.092904,0.109536,0.168408,0.249624,0.167355,0.364642,0.105585,0.105627,0.322863,-0.48688,0.394328,0.141002,-0.245068,-0.236403,-0.267955,0.013917,-0.243,0.232292,-0.202011,-0.050746,-0.228982,-0.191014,-0.103714,0.340916,-0.101268,0.223339,-0.025294,0.04454,0.04783,0.157109,#
9,-0.074185,0.357303,0.061937,-0.060632,-0.142056,-0.114534,0.261888,-0.14806,0.307339,1.0,-0.591839,0.351015,0.344832,0.377755,0.452521,0.216197,-0.179175,0.216031,0.029201,-0.092506,-0.446344,0.225652,0.337859,0.003501,0.123476,-0.168251,0.298687,0.182633,-0.032275,0.431088,-0.208885,0.028497,0.156207,-0.158478,-0.286861,0.563302,-0.238994,-0.217443,0.042023,-0.16493,0.003939,-0.030015,-0.18115,-0.177348,0.390369,-0.236853,0.137076,0.191298,-0.091429,0.498625,0.007389,0.010229,-0.123645,-0.231736,-0.012081,-0.218664,0.374875,-0.39175,-0.031278,0.053461,0.295642,0.094023,-0.284931,-0.205455,0.274638,0.016229,-0.21703,0.311238,-0.084416,-0.009196,0.032121,-0.00223,0.186498,-0.279383,0.042236,0.277873,-0.079775,-0.279315,-0.111954,-0.097484,-0.114281,-0.452567,-0.493802,-0.031315,-0.106358,-0.039359,-0.362762,-0.169262,0.038404,-0.258386,0.127721,-0.114841,-0.156756,0.2934,0.16117,-0.039199,-0.017996,0.11237,0.090416,-0.253916,-0.110699,0.103084,-0.157251,0.073013,-0.17685,-0.193648,-0.487061,0.012509,-0.259825,-0.383329,0.053977,0.313898,-0.024398,-0.261649,-0.296601,-0.516323,-0.265298,-0.009389,0.455138,-0.411281,0.132127,-0.195145,-0.072048,-0.261775,-0.451692,-0.286336,0.102327,0.27024,-0.149888,-0.353272,-0.099797,0.281275,-0.47278,-0.209533,-0.062212,-0.45973,0.036325,-0.149865,0.07666,-0.296077,0.108618,-0.200036,-0.330021,-0.357039,-0.074298,0.12734,-0.167481,0.182132,-0.31085,-0.276101,-0.302099,-0.518954,0.064499,-0.32939,0.019163,-0.053822,0.124941,0.39806,-0.286336,-0.133154,0.091834,-0.31996,0.25712,0.333913,0.42906,0.470592,-0.484794,0.148188,-0.563302,-0.026833,-0.08597,0.167191,-0.159027,0.175089,0.177445,-0.192548,-0.447089,0.403315,0.498124,-0.525978,0.270424,-0.138309,-0.436546,-0.264427,0.249919,-0.175638,0.345308,0.165933,-0.452359,0.084223,0.274271,0.011119,0.264793,0.796848,-0.063159,0.067654,-0.16351,-0.031001,0.425193,0.063896,#
10,-0.00382,-0.256166,-0.147688,0.145962,0.085703,0.274362,0.212377,0.140186,-0.230096,-0.591839,1.0,-0.438322,0.032502,-0.553521,-0.056204,-0.153816,0.087915,-0.30028,0.176664,0.013368,0.00596,0.059901,-0.229005,0.058121,-0.28113,0.054121,-0.188402,0.018677,-0.002047,-0.557607,0.191736,-0.073415,-0.400981,-0.009675,0.416752,-0.50865,0.005555,0.330893,0.000734,0.203456,-0.178718,-0.084017,0.14777,-0.059125,-0.130499,0.290019,-0.138428,-0.080776,0.240904,-0.526769,-0.06408,0.317537,-0.032215,0.205675,0.279819,0.183301,-0.372072,0.349362,0.044089,-0.088902,-0.102258,-0.296157,0.038976,0.355824,-0.016503,-0.034976,0.104158,-0.330033,0.585351,-0.054013,0.307273,-0.059323,-0.166565,-0.127321,-0.093311,-0.000687,0.198003,0.356091,0.230623,-0.282744,0.201109,0.229155,0.064068,-0.057008,0.052668,0.319722,0.47908,-0.089377,-0.124411,0.00101,-0.082072,-0.096407,0.206857,-0.170248,-0.213509,-0.038969,0.002298,-0.343325,0.120815,-0.036046,-0.109651,-0.234039,0.433404,-0.172727,0.118851,-0.033842,0.063317,-0.153322,-0.014845,0.263555,-0.276915,-0.265477,-0.405606,-0.042682,0.072743,0.062996,0.133701,-0.034067,-0.338922,0.320976,-0.061089,0.086195,0.028655,-0.070883,0.111913,0.277868,0.146465,0.313905,0.220861,0.220613,0.016654,-0.215889,0.076949,0.285763,0.335615,0.497096,-0.19668,0.003363,-0.278482,0.217735,-0.02276,0.357955,0.031797,0.095851,0.377672,-0.025747,-0.139698,0.145858,0.271514,0.105693,0.259874,0.296962,0.024026,0.100193,0.083404,-0.247513,-0.457679,-0.44603,0.032468,-0.023219,-0.169324,0.38793,-0.238608,0.071774,-0.180174,-0.221987,0.406168,0.105151,0.217088,0.258111,0.385174,-0.200602,0.205754,-0.007682,0.119572,-0.043734,0.375531,-0.221799,-0.465327,0.345567,-0.074373,0.239071,0.519823,0.341147,0.048121,-0.17861,-0.288061,-0.209411,0.326566,0.179733,-0.28234,0.0449,0.190774,-0.716689,0.317932,-0.04138,0.11597,0.207556,-0.479518,-0.158718,#
11,0.115249,0.054626,-0.261231,-0.039821,-0.112553,-0.01435,-0.012268,-0.210482,-0.053852,0.351015,-0.438322,1.0,0.276576,0.17227,-0.063317,-0.064922,0.285964,-0.101714,-0.077415,-0.266055,0.012191,-0.251753,0.015103,-0.091183,0.022185,-0.054654,-0.010083,0.088436,-0.132203,0.019898,-0.187127,-0.070104,-0.047537,-0.297522,-0.279269,0.295406,-0.108087,-0.078601,-0.04547,-0.085502,-0.063001,0.15522,-0.002866,-0.345601,-0.21253,0.095956,0.049232,0.152225,-0.253317,0.42073,-0.121858,-0.102297,0.031927,0.186834,-0.023218,0.087412,-0.060775,-0.187426,0.112889,0.18429,0.035722,0.165123,0.287734,-0.423557,0.096892,0.02368,-0.090337,-0.090917,-0.169626,-0.294502,-0.105941,-0.373326,-0.19591,0.199362,-0.255111,0.273832,-0.376033,-0.12803,-0.251597,0.221704,-0.28131,0.057158,-0.032799,-0.415377,0.056145,-0.510077,-0.341152,0.202892,-0.138125,0.05165,-0.174015,-0.109035,-0.236018,-0.010529,0.06789,-0.053077,-0.10024,0.142652,-0.211454,0.033112,0.371902,0.028884,-0.459417,0.037379,-0.109831,0.147924,-0.206753,0.292485,0.195795,-0.061736,-0.108104,-0.171866,0.095304,-0.160895,-0.099396,-0.203426,0.031813,0.082382,0.141786,-0.055934,0.27801,-0.203067,-0.020507,0.018568,0.017597,-0.346631,0.012495,-0.091018,0.205194,-0.251611,-0.278265,0.19835,-0.430528,0.282077,-0.016553,-0.367105,0.107464,-0.240565,-0.000167,0.068433,-0.100467,-0.248354,-0.235655,0.077509,-0.008318,0.313158,-0.043129,-0.087774,-0.264827,-0.38184,-0.12992,0.037281,-0.113769,0.140648,-0.09514,0.230348,0.127111,0.605758,-0.098975,-0.262159,-0.074634,-0.404761,0.301658,0.031192,0.116283,0.281531,-0.190012,-0.027164,-0.065548,-0.055803,-0.017813,0.427965,-0.069267,-0.123657,-0.102518,-0.308721,-0.284747,0.184441,0.013622,0.008601,-0.078727,-0.101696,-0.127252,-0.283312,0.148869,0.192738,0.074057,0.489012,-0.033926,0.046337,0.230332,0.47372,-0.025167,0.278261,0.027829,-0.189835,0.208866,-0.316705,0.111712,0.340931,#
12,0.308901,0.361869,-0.256276,-0.223676,0.385287,-0.01337,0.108999,0.372362,-0.162198,0.344832,0.032502,0.276576,1.0,0.235754,0.228059,-0.114473,-0.026245,-0.215881,0.219895,-0.083204,-0.207625,0.03179,0.159883,-0.134518,-0.19085,-0.454176,-0.310253,-0.112285,-0.231279,0.113257,0.152149,-0.089153,0.046163,-0.216037,-0.283948,0.312439,0.07256,-0.113666,-0.097013,-0.095013,0.243604,0.107329,0.061016,-0.044784,-0.062581,-0.205088,-0.007226,0.063723,0.055244,0.060368,-0.152534,0.271572,0.282292,-0.068338,0.234925,0.103995,-0.184808,-0.156321,0.130451,0.068955,0.393718,0.225415,-0.275441,-0.228124,0.289373,0.054268,-0.056364,-0.310661,0.338498,-0.127328,0.375084,-0.174604,-0.407445,-0.305256,-0.194271,0.598895,-0.126185,0.073229,-0.008255,-0.278644,-0.04662,-0.226789,-0.228776,-0.173248,-0.278061,-0.178933,0.025,0.068049,-0.32091,-0.191858,-0.185558,-0.405018,-0.324933,-0.110266,-0.255372,-0.08476,0.027186,-0.000201,0.351443,-0.089589,-0.006848,-0.098039,0.039683,-0.188439,-0.096034,-0.056188,-0.221407,-0.142639,-0.082547,-0.38517,0.165948,0.279772,-0.219782,-0.098583,-0.162893,-0.457256,-0.167058,-0.060482,0.082164,-0.290242,0.054521,-0.411492,-0.105441,-0.181113,-0.125409,-0.147478,0.280395,0.511207,-0.029268,0.087528,-0.11983,0.336138,-0.363746,0.04952,-0.180047,-0.188683,-0.011366,-0.152001,-0.114407,-0.033793,0.024295,0.131409,-0.123974,-0.041104,0.321557,0.368887,-0.545513,0.15809,-0.139594,-0.704466,-0.30712,-0.173616,-0.103948,-0.13777,-0.174353,-0.102737,0.141652,0.088942,-0.159044,-0.468596,0.032307,-0.324933,0.137804,0.314767,0.460094,0.258062,-0.212325,0.070679,-0.464746,0.035874,-0.124081,0.315459,0.075388,0.246006,0.274006,-0.32093,-0.109259,0.300436,0.096618,-0.141312,0.179912,0.165929,0.024662,0.216078,0.096207,-0.236873,0.458704,-0.241677,-0.178063,0.426875,-0.082976,0.101113,0.43524,0.236766,0.069424,-0.178098,0.263424,0.024309,0.05994,0.078534,#
13,0.073028,0.33469,0.053161,-0.087293,-0.0161,-0.037627,-0.293198,0.135159,0.176965,0.377755,-0.553521,0.17227,0.235754,1.0,0.355401,0.123775,-0.17203,0.355196,0.289384,-0.119708,-0.129226,0.225926,0.533165,0.30086,0.042199,-0.117176,0.107126,0.050985,-0.190684,0.529683,0.030802,0.115396,0.482114,-0.022058,-0.265546,0.501923,0.296075,-0.604483,0.152383,-0.224965,0.090532,0.401714,0.153192,0.464282,0.111734,-0.353515,0.169999,-0.053819,-0.037315,0.100033,-0.069538,0.052514,0.154712,-0.114652,-0.219393,-0.067697,0.092076,-0.251675,0.003715,0.105828,0.16155,0.236573,-0.33321,-0.011268,-0.038426,0.044073,-0.156183,0.261115,-0.31094,0.096069,-0.281474,0.352963,-0.269884,-0.160428,-0.297878,0.085254,-0.366153,-0.331005,-0.292848,-0.136507,0.171947,-0.362731,-0.343496,0.110932,-0.260204,-0.224155,-0.282789,0.090643,-0.163834,-0.294144,0.241284,-0.177161,-0.448938,0.204574,-0.185997,-0.087208,-0.176503,0.047284,-0.096856,-0.082275,0.153866,-0.006561,-0.010347,-0.271803,0.074765,-0.09193,0.010373,0.105682,-0.084073,-0.351718,0.337831,0.450845,0.016084,-0.070323,0.121576,-0.185154,-0.376423,-0.315463,0.374403,-0.584043,-0.377186,-0.462473,0.004215,-0.234644,-0.306661,-0.27273,0.027814,0.022679,-0.200411,-0.133461,0.08331,0.300693,-0.235893,-0.515853,-0.589772,-0.560937,0.31805,0.116816,0.081012,-0.361866,-0.017937,-0.108756,-0.264332,-0.279429,-0.342215,0.065361,-0.113511,0.159589,-0.410337,-0.376452,-0.427737,-0.195388,-0.11973,-0.199935,-0.010338,0.013976,0.357807,0.177006,-0.026406,-0.009427,0.276175,-0.059127,0.227988,0.107642,0.215861,0.31274,-0.32515,-0.117141,-0.252173,-0.153258,-0.303101,0.101209,-0.323252,0.02261,-0.060456,-0.126393,-0.324113,0.205658,0.526064,-0.347323,0.206499,-0.188613,-0.397415,-0.043015,0.24814,0.13762,0.401185,-0.180753,-0.267674,0.146371,0.277974,0.109618,0.115048,0.517836,-0.353751,-0.163172,0.285406,-0.391092,0.351999,-0.112874,#
14,0.045855,0.446918,-0.027942,-0.281303,-0.037727,0.300959,0.074134,-0.067518,0.194181,0.452521,-0.056204,-0.063317,0.228059,0.355401,1.0,-0.002603,-0.173886,0.31705,0.416514,-0.192625,-0.395834,0.357681,0.281146,0.197835,-0.124298,-0.159694,-0.047235,0.126534,-0.358549,0.093966,-0.035632,0.052841,0.021091,-0.039756,-0.172088,0.14911,0.116842,-0.203203,0.189789,-0.07666,-0.223038,0.283598,0.210227,0.166297,0.493177,-0.16524,0.152381,0.168581,0.411731,-0.056596,0.152897,-0.113984,-0.290674,-0.245112,0.272358,-0.201596,-0.020741,-0.260379,-0.16632,-0.277754,0.411434,-0.083284,-0.502425,0.308774,-0.001994,0.089773,-0.183079,0.164455,0.150564,0.073034,0.094199,0.104809,0.23458,-0.531155,-0.336703,0.271757,-0.078518,-0.211772,-0.174718,-0.37525,0.146978,-0.675533,-0.489022,-0.089836,-0.383956,0.068009,-0.100081,-0.081687,-0.211789,-0.233371,-0.105774,-0.189836,-0.188381,0.270146,-0.38184,-0.281828,-0.366448,-0.275823,-0.060529,0.052967,-0.079802,-0.267255,-0.015461,-0.226752,-0.170966,-0.44775,-0.333639,-0.039858,-0.429423,-0.316708,0.137429,0.446779,-0.382095,-0.257632,-0.168691,-0.346718,-0.330574,-0.366956,0.423628,-0.494172,-0.143174,-0.355981,-0.278009,-0.329033,-0.343553,-0.415647,0.04889,0.421792,-0.16222,-0.204072,0.115498,0.078536,-0.51189,-0.344962,-0.266145,-0.324975,0.1552,0.002016,-0.006132,-0.519424,-0.213408,0.029963,-0.366438,-0.352004,-0.425499,0.01696,-0.21044,0.376728,-0.338091,-0.142033,-0.490834,-0.663931,-0.024038,-0.462183,-0.008046,-0.606222,0.01166,0.181392,-0.425028,-0.232414,0.168246,-0.188381,0.326024,0.331674,0.297846,0.50584,-0.487925,0.219156,-0.44287,-0.142122,0.244942,0.054209,-0.363392,0.015379,0.491777,-0.164078,-0.378735,0.401621,0.447092,-0.415228,0.487886,-0.187565,-0.244944,0.256421,0.423606,-0.334838,-0.058941,-0.175365,-0.428299,0.108957,0.150738,0.332055,0.562685,0.349726,0.25347,0.207444,0.157882,-0.163122,0.122044,0.149676,#
15,0.084194,-0.155982,-0.348436,-0.018672,0.024314,0.133766,-0.145844,0.037482,-0.181826,0.216197,-0.153816,-0.064922,-0.114473,0.123775,-0.002603,1.0,-0.090292,-0.008624,-0.204693,0.088087,0.027034,-0.244269,0.211357,0.018805,-0.139451,0.279074,0.045003,-0.109665,0.087735,0.177576,0.191262,-0.199958,0.16937,0.116015,-0.148345,0.014553,-0.063382,0.054599,0.186433,0.302955,-0.070382,-0.094983,-0.649093,0.041931,0.22393,0.102015,0.240869,0.016076,-0.393946,0.04561,0.27926,0.196832,-0.345642,0.016948,0.237945,-0.061332,0.262769,0.134613,-0.261598,0.029578,0.284357,-0.210512,-0.208779,0.032854,0.048116,0.288357,-0.262239,0.181538,-0.301459,0.015422,-0.257602,-0.070393,-0.127267,0.303628,0.022933,-0.073641,-0.11788,-0.049277,-0.143337,0.299361,0.044142,0.021669,0.281202,0.408096,0.299206,-0.203655,-0.014631,-0.185516,-0.051976,-0.14394,0.30015,0.205052,0.213493,0.273794,0.127603,0.278708,-0.100164,-0.203769,0.078189,-0.026664,-0.076415,-0.02182,-0.257212,0.043937,0.021003,-0.290848,-0.087757,0.424318,0.15613,-0.00139,-0.133948,0.074081,0.119702,-0.040462,0.118372,0.262704,0.071347,-0.185402,0.277668,-0.095583,-0.195509,0.098392,0.265944,0.075492,-0.136798,0.283588,-0.131227,-0.12654,-0.238456,-0.194118,-0.236155,0.172108,-0.073559,-0.174864,-0.208017,-0.147383,-0.079434,0.016405,-0.00031,-0.340985,0.413208,0.075938,0.219429,0.070934,0.070576,-0.190714,0.431232,0.021815,-0.071566,-0.138913,0.245899,0.053377,-0.05457,0.171129,0.139771,0.172786,0.141042,0.050003,-0.002075,0.132612,0.161195,0.006459,-0.182311,-0.144031,-0.250505,0.034559,-0.095725,-0.179875,0.118714,-0.191571,0.084658,-0.253372,0.028887,-0.303312,-0.236057,0.017726,-0.237996,-0.035788,0.038749,0.004572,-0.004526,-0.132581,-0.282769,0.063154,0.467568,0.014811,0.375648,0.123638,-0.352426,-0.093102,0.227738,-0.152838,0.002655,0.021933,-0.312978,-0.145405,-0.035068,-0.096874,0.106078,-0.06991,#
16,0.066737,-0.024757,-0.32798,-0.036226,-0.002019,0.434807,-0.012749,-0.133525,-0.318205,-0.179175,0.087915,0.285964,-0.026245,-0.17203,-0.173886,-0.090292,1.0,-0.166133,0.094584,-0.022576,0.07579,-0.173932,-0.145835,-0.31521,-0.235497,-0.203668,-0.145549,-0.163935,-0.015116,-0.193552,0.027702,0.164353,0.169197,0.256661,-0.021362,0.071765,0.058036,0.234566,-0.283701,0.228303,0.08027,0.11671,0.095422,0.189719,-0.100422,0.070136,-0.07307,0.038299,0.031516,0.100135,0.014251,0.032125,0.188952,-0.190083,-0.092515,-0.124918,-0.096569,0.27225,0.279236,-0.095943,-0.061708,0.227077,0.341824,-0.259591,-0.093366,0.131466,-0.059152,-0.082323,0.195665,-0.241426,-0.149803,-0.026813,-0.152673,0.12667,0.006478,0.205673,-0.17134,-0.051392,0.00994,0.278826,0.017946,0.187549,0.154959,-0.140709,-0.020193,-0.200962,-0.039217,0.352235,-0.067104,-0.278226,-0.233548,0.189873,0.106988,-0.187813,-0.015944,-0.094772,-0.437525,-0.232852,-0.132263,0.063798,0.027895,-0.146248,-0.084853,-0.090838,0.315216,0.069621,0.334899,-0.25866,0.022757,0.156921,-0.141749,-0.062463,-0.001373,0.199814,-0.093965,-0.027578,-0.226032,0.094393,-0.21783,0.111701,0.031972,0.009217,0.022325,-0.227666,0.020749,0.083776,-0.228191,-0.200799,0.2233,-0.071912,-0.351866,0.030444,0.087302,0.405087,-0.039611,-0.009097,0.009554,-0.465785,0.17439,0.004176,-0.432297,0.030963,-0.063142,0.412706,0.33079,-0.063848,-0.07499,-0.057247,-0.117655,-0.074442,0.086445,0.102779,-0.023236,0.205844,-0.283177,-0.12164,-0.166643,0.136419,-0.223767,0.046789,-0.095497,-0.092123,0.013439,0.140063,0.020933,0.168985,0.320195,-0.156812,0.279483,-0.135666,-0.01624,0.266159,-0.106852,-0.237659,0.211492,-0.428618,-0.042207,0.020457,-0.210162,0.147321,-0.540606,-0.034332,0.286222,0.120317,-0.017972,0.0604,0.16089,0.183718,0.131897,-0.287904,0.209141,0.275982,0.101469,-0.162161,0.145474,0.020071,0.208698,0.172218,-0.360874,-0.07082,#
17,-0.504566,0.381299,0.516045,0.073344,-0.148031,0.04929,-0.109083,0.033984,0.640356,0.216031,-0.30028,-0.101714,-0.215881,0.355196,0.31705,-0.008624,-0.166133,1.0,0.051948,0.355478,-0.12485,0.057747,0.186464,0.334664,0.116406,0.121131,0.238578,0.349102,-0.261903,0.14407,0.105973,0.155255,0.168122,0.012041,-0.066099,0.042562,0.309127,-0.221005,0.157197,0.02998,0.089268,0.092188,0.113462,0.158566,0.389411,-0.461173,-0.074859,0.343852,0.532453,0.081339,-0.024612,-0.301594,0.160254,-0.116232,-0.253758,-0.005424,0.013121,-0.595551,-0.331317,-0.188836,-0.207068,-0.182963,-0.213816,0.02044,-0.028383,0.232492,0.130959,0.281001,0.013912,0.528165,0.183294,0.302606,0.18604,-0.005226,0.173438,-0.198311,0.075976,-0.294308,0.209821,-0.139996,0.525279,-0.006088,-0.203802,0.258252,-0.149182,0.105727,0.087123,0.035316,0.170878,0.046775,0.30876,0.328988,-0.023969,0.601272,-0.070167,0.244839,0.340909,0.092801,0.056364,-0.083107,-0.138885,0.2786,0.165882,0.213096,-0.022062,0.099118,0.003168,-0.035734,-0.087858,-0.203823,0.392477,0.14311,0.135282,0.07195,0.340461,0.109051,-0.117214,-0.22143,0.598497,-0.446129,0.116632,-0.398281,-0.118576,0.078023,-0.034916,-0.09853,-0.077939,-0.050321,-0.18567,-0.015494,0.379895,0.283672,-0.006553,-0.371046,0.084807,-0.114883,0.245934,0.199209,0.016125,8.8e-05,0.065176,-0.124431,-0.33952,-0.498947,-0.27734,-0.205849,0.148811,-0.00223,0.317525,0.115813,-0.16456,-0.148289,0.377882,-0.049505,-0.154529,-0.23354,0.280448,0.399874,-0.088595,0.417697,0.177021,0.347239,0.018946,0.320373,0.202269,0.145359,0.142822,-0.126762,-0.206629,0.283208,-0.300973,-0.292685,0.015897,-0.018973,0.010584,0.317753,0.00614,0.111973,0.390339,-0.469061,0.159093,0.001262,-0.625334,-0.271947,-0.122273,0.137662,0.022278,0.142141,-0.406174,-0.255653,0.226425,-0.351623,-0.060738,0.29825,-0.451952,0.105577,0.003345,0.148596,0.397527,-0.034671,#
18,-0.088741,0.051319,0.009698,0.022818,0.162822,-0.12003,-0.02494,-0.03901,0.157295,0.029201,0.176664,-0.077415,0.219895,0.289384,0.416514,-0.204693,0.094584,0.051948,1.0,-0.37514,-0.235341,0.014943,0.174953,0.019929,0.091213,0.032624,-0.017052,0.481363,-0.431587,0.214511,-0.013889,0.064554,-0.044872,0.110484,0.248369,0.00886,0.207936,-0.219077,-0.020134,0.031409,0.087471,0.208638,0.44976,0.43219,0.080329,0.042754,-0.021362,-0.226535,0.240772,-0.067364,0.005132,0.30437,0.005541,-0.104826,0.210302,-0.107852,-0.254105,0.162183,0.052797,-0.120448,-0.1796,-0.072462,-0.100812,0.514787,-0.079283,-0.023416,0.058747,-0.242534,0.049119,-0.151954,0.074313,-0.033036,-0.319473,-0.141452,-0.005935,0.21526,-0.007972,-0.133367,0.059142,-0.502735,0.000169,-0.201659,-0.269862,-0.06823,-0.287315,0.017806,-0.170911,0.420244,-0.147199,-0.215072,0.08468,-0.186111,-0.038967,-0.204537,-0.385717,-0.19102,-0.253031,-0.466371,-0.228446,-0.141378,-0.019811,-0.194633,0.294948,-0.419947,-0.012533,-0.061503,-0.026094,-0.184772,0.024318,0.111356,-0.130818,0.360297,-0.12063,-0.122756,-0.098849,-0.191304,-0.074012,-0.27351,-0.224081,0.075759,-0.268396,-0.100632,-0.134353,-0.306446,-0.027601,-0.228125,0.36621,0.31732,-0.129673,-0.143035,-0.07195,-0.11599,-0.324974,0.024252,-0.079495,-0.076595,0.047679,-0.016758,-0.180002,-0.191942,-0.39987,0.06537,-0.066137,-0.149305,-0.183671,-0.078293,-0.407281,0.22868,-0.258502,-0.374463,-0.462172,-0.262814,-0.210468,-0.307239,0.058369,-0.400547,-0.167763,0.06678,-0.292163,-0.217421,-0.071614,-0.05551,0.186742,0.063846,0.331092,-0.122383,-0.249404,0.280039,0.089802,0.064096,0.106295,0.473393,-0.221058,-0.152425,0.452453,0.013231,0.068108,0.530617,0.155417,-0.234448,0.041449,0.146414,0.293625,0.336729,0.337241,-0.21079,-0.063555,-0.279377,0.098331,0.202077,-0.05419,0.380196,0.630704,0.03937,0.097909,0.174914,0.469723,-0.060314,-0.395321,0.070224,#
19,-0.170179,0.068698,0.173591,0.287089,-0.253594,-0.012195,-0.370349,-0.011808,-0.032296,-0.092506,0.013368,-0.266055,-0.083204,-0.119708,-0.192625,0.088087,-0.022576,0.355478,-0.37514,1.0,0.514324,-0.118896,-0.080936,0.064853,-0.160769,-0.081575,-0.048071,-0.323152,0.081498,-0.127495,0.518174,0.40547,0.139113,0.315405,-0.139929,-0.222067,0.373955,0.186899,-0.474476,0.086864,0.173121,0.054583,-0.231325,0.048753,0.247821,-0.438591,0.258007,0.197276,0.281652,-0.206706,-0.295146,-0.105058,0.459289,-0.144455,-0.294079,0.141535,-0.040096,-0.208596,0.114395,-0.235267,-0.06792,-0.11195,0.044102,-0.280708,0.157075,-0.004296,-0.224216,0.2909,-0.110175,0.218978,0.210177,0.166277,0.215743,0.014665,0.195424,-0.241027,0.317095,0.351758,0.545756,0.181584,0.368328,0.354584,0.247886,0.232993,0.190652,-0.033717,0.294672,-0.226346,0.355288,0.166106,0.022465,0.367258,0.097016,0.309899,0.076973,0.444656,0.267945,0.453137,0.202795,0.233541,-0.594798,0.21721,0.233381,0.337335,0.434022,0.122433,-0.031248,-0.086684,0.195639,-0.23939,0.39347,-0.158365,-0.11904,0.527076,0.381588,0.093232,-0.002564,-0.11579,0.146105,-0.196758,0.268062,0.080285,-0.189921,0.190936,-0.028225,0.348189,-0.341838,-0.114164,0.18208,0.280034,0.354928,0.403338,0.552749,-0.166306,0.289008,-0.000733,0.128706,0.075489,0.120469,0.18703,0.165752,0.377677,0.114468,-0.31384,0.310982,0.318414,0.432773,-0.459106,0.539813,0.19745,0.271233,0.173677,0.504079,0.425838,-0.108843,0.216939,0.388973,-0.119981,0.092569,0.09333,0.175183,0.271985,-0.280053,0.023646,-0.074021,-0.028963,0.434928,-0.216926,0.086831,0.110649,-0.549089,-0.210938,0.295359,0.126623,-0.411903,0.22359,0.023397,-0.450263,-0.232103,0.073274,-0.169459,-0.145694,-0.445024,-0.118344,-0.544412,0.164909,0.361193,0.071241,-0.013927,-0.305638,0.20612,-0.598042,-0.329191,-0.196331,-0.349402,0.066322,-0.261485,0.483173,0.442604,-0.260406,#
20,0.305286,-0.269054,0.024553,0.315072,-0.232216,-0.115713,-0.494361,-0.084594,-0.423747,-0.446344,0.00596,0.012191,-0.207625,-0.129226,-0.395834,0.027034,0.07579,-0.12485,-0.235341,0.514324,1.0,-0.287659,-0.438579,-0.152297,-0.07488,0.060225,-0.18262,-0.309607,0.178057,-0.06575,0.367163,0.303314,0.078421,0.392449,-0.156199,-0.335704,0.174707,0.169373,-0.358103,-0.063632,0.249753,0.229888,-0.087858,0.20631,-0.355994,-0.095136,0.209212,-0.059406,-0.024188,-0.356952,-0.24697,-0.056546,0.388239,0.046422,-0.047096,-0.013272,-0.134742,0.164811,0.009114,0.107771,-0.094414,0.198055,0.430273,-0.202754,-0.17232,-0.180481,-0.262014,0.122581,-0.405656,-0.235627,0.054576,-0.055758,-0.166529,0.356215,-0.105723,-0.322872,0.034895,0.518276,0.051615,0.357036,0.043035,0.379977,0.575025,0.048666,0.040256,-0.336654,0.173024,0.137279,0.363483,0.155324,-0.100421,0.076352,0.231558,-0.153361,0.191336,0.294671,-0.013614,0.494534,-0.101687,0.366121,-0.128479,0.124082,-0.077128,0.150679,0.506122,0.13652,0.079644,0.235082,0.296912,0.211587,0.057919,-0.079697,-0.198492,0.650398,0.436467,0.424356,0.118649,-0.037449,-0.149768,0.162618,0.103086,0.268556,-0.119226,0.319419,0.128519,0.036723,-0.457896,-0.276618,0.030112,0.422291,0.18901,-0.037302,0.44203,-0.036306,-0.011173,0.12133,0.197475,0.18866,0.247461,0.210784,-0.026105,0.159507,0.398214,0.120331,0.192874,0.114168,0.419472,-0.773526,0.258189,0.277419,0.167683,0.215442,0.175114,0.424032,-0.081744,0.304358,0.305419,-0.234487,0.277276,-0.015646,0.012725,0.021528,0.018256,-0.295494,-0.444385,-0.409979,0.228676,-0.259194,0.406729,-0.07906,-0.330768,-0.010046,0.201987,0.000446,-0.582135,0.324705,0.031799,-0.542969,-0.436441,0.628653,-0.225371,0.029765,-0.166365,-0.005261,-0.319314,0.551899,0.215785,0.186075,0.378787,-0.207198,0.143825,-0.16796,-0.332984,-0.436538,-0.296402,-0.016338,-0.086102,0.187635,0.139477,-0.14091,#
