0,1.0,-0.072187,-0.049662,-0.055586,0.044583,0.372768,0.043224,0.14472,-0.429656,0.016482,0.153185,-0.056367,0.340963,0.276314,0.207919,0.134436,0.041496,-0.414431,0.266488,-0.269001,0.364706,0.33975,0.03567,-0.194325,-0.074561,-0.355461,-0.020598,-0.281632,0.422267,0.055962,0.307906,0.148224,0.238198,-0.091766,-0.067589,0.057994,0.251072,-0.223209,-0.196645,-0.417438,0.184811,0.414524,0.34692,0.23295,-0.30721,-0.142467,-0.120245,-0.120357,-0.218008,-0.149561,-0.138468,0.031504,0.205618,-0.038781,0.378314,0.149158,-0.282199,0.032242,-0.026516,0.204239,0.516615,0.33672,-0.107392,0.117188,0.075808,-0.123211,-0.207426,0.382599,-0.309372,-0.346114,-0.180215,0.148939,-0.347165,-0.184761,-0.521679,0.315253,-0.145785,0.015019,-0.45537,0.023781,0.034749,-0.505378,0.04837,-0.124424,-0.28311,-0.048708,-0.1026,0.041984,-0.253531,-0.399691,-0.338446,-0.442442,-0.035996,-0.287005,0.028884,-0.446952,-0.458662,-0.092356,-0.24055,0.208362,0.226469,-0.066813,-0.229283,-0.298381,0.016345,-0.383239,-0.028639,0.02678,-0.267349,0.011257,0.057449,0.251842,-0.473961,-0.168163,0.01554,-0.060973,-0.477078,-0.305285,-0.341296,0.0208,-0.440246,0.029701,0.047957,-0.477078,-0.155926,-0.251259,-0.274085,-0.007529,-0.359592,0.269118,0.040394,-0.408934,-0.139687,0.138063,-0.525992,-0.066813,-0.145117,-0.143465,0.427869,-0.389409,-0.316688,0.132612,0.131724,0.314596,-0.188225,-0.038608,-0.171978,0.129939,-0.441702,-0.296029,-0.111946,-0.32608,-0.195253,-0.28311,0.203304,-0.141733,0.016212,0.011161,-0.28408,-0.264907,0.236671,-0.423067,-0.053459,-0.169564,-0.090711,-0.155386,-0.31425,0.036085,-0.056403,-0.371947,0.142439,0.217306,-0.43164,0.193826,0.002518,-0.12841,-0.083516,0.084008,-0.01231,0.11679,0.110036,-0.188618,0.212696,0.519658,0.278815,0.069789,0.180515,-0.121898,0.036997,0.217871,-0.078358,0.100132,0.348711,-0.242522,-0.035984,0.227705,-0.039744,-0.187198,-0.255286,0.132366,#
1,-0.072187,1.0,0.275094,-0.197747,-0.029283,0.019807,0.144231,0.216977,0.158434,0.440069,-0.305835,0.103375,0.216906,0.325106,0.414039,0.060772,-0.284015,0.290205,-0.057141,0.061796,-0.14418,0.234979,0.398173,0.011949,0.235166,-0.22416,-0.049326,0.067164,-0.421976,0.228106,-0.175039,0.052566,0.333661,-0.076109,-0.446971,0.426787,0.196445,-0.025572,0.000383,0.086996,-0.037746,0.128648,-0.036903,-0.011515,0.466035,-0.460435,0.112763,-0.170975,0.128865,0.319992,0.154424,-0.135402,-0.053245,-0.296249,-0.314451,-0.117278,-0.290422,-0.421972,-0.123552,-0.298114,0.059769,0.234344,-0.387414,-0.258806,0.350129,-0.072052,0.12153,-0.101194,0.024386,-0.001784,0.141915,-0.067946,0.252218,-0.251609,-0.11366,0.039341,-0.341496,-0.49667,0.092396,0.14798,0.035067,-0.306287,-0.077059,0.047761,-0.133301,-0.201592,-0.249952,-0.244948,-0.096899,-0.179113,0.002807,-0.090183,-0.319053,0.047598,-0.162493,-0.04403,0.122412,0.191413,0.283953,-0.079015,-0.028971,0.047232,-0.283234,-0.243168,-0.237969,-0.225027,-0.354228,0.093773,-0.284644,-0.284015,0.284653,0.426344,-0.213022,-0.088691,-0.128015,-0.348424,-0.081372,-0.310207,0.34877,-0.312403,-0.305226,-0.344928,-0.429421,-0.090009,-0.436081,-0.277927,0.327059,0.315301,-0.190371,0.024947,0.087816,0.177706,-0.333437,-0.155651,-0.196718,-0.362399,0.236563,-0.064398,-0.140939,-0.131148,0.111164,-0.112792,-0.157324,-0.231846,-0.041345,0.198034,-0.186117,0.308954,0.030179,0.030226,-0.520215,-0.405825,0.037411,0.039653,0.024173,-0.06475,0.24425,0.144207,-0.053066,-0.059596,0.065148,-0.126145,0.293524,0.500379,0.177451,0.210113,-0.063186,0.012689,-0.284644,-0.268662,-0.210374,0.059519,-0.14501,-0.063354,0.01434,-0.070867,-0.109614,0.428096,0.25078,-0.667756,0.437536,-0.098439,-0.510868,-0.209012,0.065382,-0.078107,0.288783,-0.051725,-0.414347,0.418228,0.129185,-0.027742,0.198935,0.570679,-0.083307,-0.040456,-0.10601,0.086341,0.686868,-0.223677,#
2,-0.049662,0.275094,1.0,0.306204,-0.031417,-0.204698,0.145989,-0.006698,0.332054,0.12218,-0.186643,-0.054581,-0.201993,-0.016918,-0.092523,-0.143774,-0.435382,0.433773,-0.289618,0.1705,0.172022,0.170842,0.03139,0.02922,0.475583,-0.030979,0.451783,0.250588,-0.039438,0.061859,-0.027832,-0.014224,-0.178963,-0.107526,-0.039875,0.081921,0.006701,-0.198517,0.334417,-0.172193,0.372503,-0.06496,-0.038833,-0.100916,0.100041,-0.262302,-0.169015,0.474466,0.074444,-0.094762,-0.201647,-0.167751,0.352313,0.024874,-0.292401,-0.013916,-0.074899,-0.449635,-0.372871,0.190136,-0.20784,-0.041783,-0.078494,-0.234139,0.034822,-0.137712,0.134872,0.139762,0.094959,0.38402,0.155588,0.2213,0.264126,0.249812,0.189007,-0.201463,0.003025,-0.338934,0.02097,0.141248,0.188439,0.011129,0.07764,0.133714,-0.153117,0.137017,0.070555,0.004059,0.260746,-0.022672,0.197226,0.062346,0.237826,0.192812,0.29919,0.277717,0.472796,0.527907,0.229989,0.103824,-0.034717,0.438626,0.07102,0.112962,-0.070566,0.275446,-0.001438,0.275499,-0.520294,-0.090341,0.442545,0.044812,0.164574,0.082449,0.399008,0.005847,-0.114752,0.054964,0.344548,0.040518,0.207992,0.009201,-0.064685,0.118867,0.056827,-0.104334,-0.014643,0.023716,-0.218364,0.393187,0.582538,0.00016,0.165832,0.000778,0.122804,0.206751,-0.264449,0.290192,0.31387,0.19154,0.092146,-0.22347,0.027292,-0.193667,-0.089338,-0.108869,-0.206684,-0.107273,0.35174,0.262849,-0.096007,-0.069353,0.35034,0.0217,-0.001393,0.131445,0.047309,0.204022,0.149905,0.360345,0.327345,0.023966,0.085239,0.461694,-0.067229,-0.314712,0.074749,-0.007927,-0.109099,0.240669,-0.224622,-0.289001,0.035796,0.129948,-0.350767,0.495761,0.0634,0.088651,0.072305,-0.174805,0.053204,0.019365,-0.381945,-0.24994,-0.325887,0.468215,0.057514,0.133512,-0.052353,-0.145587,0.099846,-0.368124,-0.200146,0.406964,-0.479603,0.198295,-0.336769,0.041866,0.411008,-0.203368,#
3,-0.055586,-0.197747,0.306204,1.0,-0.062334,-0.086309,-0.133453,-0.270099,-0.030448,-0.232436,0.017835,0.056035,-0.291294,-0.178783,-0.405586,-0.210045,0.068047,0.077126,-0.230391,0.321592,0.145941,0.225652,-0.132817,0.323993,0.329587,0.453709,0.534164,0.187596,0.030219,-0.422169,0.214563,0.390165,0.124818,-0.01104,0.163877,-0.212225,-0.239175,-0.059152,-0.065299,-0.090516,0.039595,-0.105176,-0.067697,0.092033,-0.138822,0.271042,0.066801,0.123929,-0.247657,-0.196368,-0.318207,0.062168,0.213521,0.032188,-0.301909,-0.013501,0.312692,0.07766,0.29433,0.321612,-0.24697,-0.209998,0.036076,-0.268977,-0.035548,-0.273003,0.067073,0.083422,0.067057,-0.091584,-0.177736,0.35822,0.09441,0.240453,-0.143492,-0.22958,0.058771,0.169962,-0.068987,-0.157774,0.253827,0.539612,0.210257,-0.023516,0.170422,0.17278,0.441488,-0.059858,0.258628,-0.408161,0.271221,0.120253,0.317319,-0.077735,0.448505,0.336993,0.347103,0.336447,-0.295788,0.201133,-0.157271,0.320394,0.656511,0.030599,0.617382,0.237763,0.120523,0.053788,-0.00225,-0.03285,-0.107446,-0.412482,0.030754,0.201801,0.324726,0.151599,-0.189401,0.076862,-0.122308,0.432347,0.160125,0.209526,0.442593,0.026288,0.262417,0.335491,0.125129,-0.257932,0.481981,0.48391,0.089723,0.151213,0.251548,0.023305,0.321653,0.312145,0.080962,0.038788,0.058959,0.516767,0.05727,-0.048358,0.145115,-0.058464,0.229447,0.09077,0.188913,-0.250391,0.244971,0.191966,0.192875,0.34655,0.216717,0.529582,0.094387,0.256239,-0.084366,-0.198891,0.115966,0.219561,-0.10567,0.332626,-0.281104,0.134598,-0.361521,-0.312969,0.403698,0.161143,0.197771,0.389734,-0.241438,-0.271078,0.3369,0.223034,-0.446122,0.386144,0.243007,-0.261039,-0.403081,0.344928,-0.306168,-0.059585,0.00568,-0.064774,-0.200402,0.252508,-0.025567,0.22679,0.395904,-0.291817,0.359304,-0.217036,-0.286561,-0.166087,-0.487122,0.078835,-0.229562,0.186403,0.137381,-0.460358,#
4,0.044583,-0.029283,-0.031417,-0.062334,1.0,-0.016402,-0.112612,0.357843,-0.145436,-0.287894,0.141695,-0.370595,0.183186,-0.039103,-0.1268,-0.237199,0.03307,-0.130051,0.249302,-0.272794,-0.435034,0.012081,0.206401,0.106854,0.26962,0.067529,-0.285098,0.004413,-0.284703,-0.065096,-0.092428,-0.311959,-0.055265,-0.03452,-0.152313,-0.073006,-0.039228,-0.131748,0.119103,0.254887,0.003947,-0.394189,0.10952,0.294383,-0.176986,0.16632,-0.138667,0.034984,-0.095382,-0.12295,0.240471,0.049711,0.02366,-0.121421,0.10173,0.05849,-0.024087,0.393198,0.209722,-0.23606,-0.109445,-0.114645,-0.271191,0.10362,-0.140512,0.314475,0.446856,-0.300217,0.21484,0.010266,0.009933,0.032593,-0.129937,0.13651,0.138199,0.291,-0.113691,-0.281576,-0.088574,-0.241585,-0.111785,-0.027559,0.057751,0.087142,-0.124981,-0.042584,0.20568,0.370874,-0.033679,-0.208141,0.017326,-0.113982,0.123939,-0.28618,-0.306373,-0.096237,0.202001,-0.19641,0.145859,0.185667,0.05645,-0.080013,0.304476,-0.304506,-0.108482,0.10875,0.273869,-0.261291,-0.066394,-0.231313,0.042142,0.120284,0.411126,-0.11687,-0.156509,0.092925,-0.051836,0.231246,-0.127809,0.207921,-0.287189,-0.0883,0.348741,-0.05989,0.36087,0.231383,0.283356,-0.127909,0.12961,0.116996,-0.106429,-0.056314,0.072339,-0.198548,-0.185725,0.114613,-0.120155,-0.139704,-0.097691,0.127308,-0.1313,-0.184189,0.134724,0.194891,-0.068137,-0.235422,-0.416699,0.206969,0.077451,-0.230474,-0.178822,-0.062288,-0.490263,-0.11604,-0.105442,-0.323617,-0.168862,-0.101445,-0.001044,0.116724,-0.123961,-0.076316,-0.416089,-0.036102,0.439111,-0.281524,-0.130176,-0.052504,-0.058592,-0.057375,-0.029992,-0.069304,-0.061743,0.061383,0.378162,0.061556,0.29397,0.282675,0.029141,-0.029202,-0.076956,0.036053,0.222449,0.360553,0.132904,-0.323589,-0.138134,-0.467674,0.086682,-0.022076,-0.008267,-0.039253,0.389351,-0.069289,0.012884,0.240237,0.148162,0.116208,-0.336149,-0.047278,#
5,0.372768,0.019807,-0.204698,-0.086309,-0.016402,1.0,0.274451,0.342993,-0.205928,0.077874,0.219327,-0.061827,0.154615,0.11957,0.249059,0.346034,0.397743,0.04929,-0.008039,0.086063,0.073551,0.342632,0.181032,0.178235,-0.288663,-0.153866,-0.03744,-0.297486,0.277989,-0.27066,0.092352,0.127183,0.214574,0.03656,-0.228528,-0.067624,0.240596,0.179066,-0.203458,-0.003194,-0.291352,0.353569,0.084795,0.074614,0.033231,-0.193183,-0.124949,0.093536,0.276808,-0.047317,0.042727,-0.058242,-0.071459,-0.02174,0.365972,0.364715,-0.265396,-0.122303,0.030827,-0.259656,0.422981,-0.078423,-0.209917,0.252605,-0.086421,0.436881,0.04278,0.490901,0.001477,-0.016257,-0.054018,0.097006,-0.402354,-0.079165,-0.330356,0.184111,-0.256183,-0.132853,-0.11321,0.165853,0.139308,-0.172669,-0.021411,-0.166825,0.081241,-0.093391,0.050491,-0.242661,-0.084811,-0.373563,-0.344236,-0.14308,-0.075704,0.150612,-0.091833,-0.217501,-0.292003,-0.371907,-0.234982,-0.034041,0.053079,-0.081369,-0.206804,-0.213534,0.042913,-0.249853,-0.164621,-0.08462,-0.17331,-0.16868,-0.12321,-0.068268,-0.358923,-0.232553,0.059576,-0.103405,-0.407095,-0.226936,0.027812,-0.176816,-0.30602,-0.339977,0.053851,-0.662514,-0.208881,0.002386,-0.380127,-0.110931,-0.13862,-0.085111,-0.140451,-0.168411,-0.245247,0.03762,-0.278309,-0.101593,0.192188,-0.447989,-0.006561,-0.36815,-0.227588,0.041278,-0.285275,0.249517,-0.148006,-0.154786,0.231233,0.199079,-0.03462,-0.120888,0.054742,-0.024345,-0.168518,0.0741,0.150018,-0.416439,0.008631,0.192339,-0.269297,0.040775,0.103153,-0.075704,-0.322731,0.111535,0.005368,0.267947,0.191666,-0.23047,0.052237,-0.088244,0.301767,-0.179783,-0.508275,0.046107,0.157174,-0.395401,0.102758,-0.073971,0.058474,-0.201597,0.115218,-0.146233,-0.093753,0.139268,0.404241,0.050892,0.002305,0.255524,-0.133812,-0.084802,0.144571,0.015771,0.36259,-0.360676,-0.071232,0.074002,0.002695,-0.056955,-0.155618,-0.082786,#
6,0.043224,0.144231,0.145989,-0.133453,-0.112612,0.274451,1.0,0.478788,0.249911,0.353769,0.118219,0.031308,0.299814,-0.137103,-0.03102,-0.005667,0.052589,-0.03166,-0.046496,-0.21682,-0.219699,0.246746,-0.267864,0.002343,-0.022232,-0.082014,0.301611,0.144811,0.417122,-0.021272,-0.379443,-0.011085,0.093715,-0.16479,0.10606,0.189901,-0.211593,0.322021,-0.121483,-0.209628,-0.078677,-0.028079,0.270113,-0.404175,-0.113025,-0.231542,-0.428942,-0.222841,0.250078,0.370039,-0.007688,-0.08497,-0.084983,-0.094125,0.261489,0.089969,-0.055743,-0.367961,-0.258517,0.215658,0.329653,0.223054,0.05306,0.058674,0.037722,0.227914,0.309414,0.149201,0.287855,0.09954,0.381789,-0.293589,-0.35092,-0.178451,0.131626,0.084484,0.077543,-0.03477,-0.000319,0.061552,-0.310699,-0.067438,-0.149633,-0.259232,0.154566,0.40721,-0.010693,-0.242054,0.174722,-0.074041,-0.278595,-0.031911,-0.018238,-0.100797,0.313466,-0.155685,0.273353,-0.076847,0.03917,-0.524629,0.203504,-0.023677,-0.248968,0.05355,-0.415339,0.03608,-0.253321,-0.214637,-0.112868,-0.056311,-0.373282,-0.011153,-0.183916,-0.360523,-0.184314,-0.23393,0.08456,0.102743,-0.219003,0.117444,0.155367,-0.062979,0.165654,-0.158039,-0.284927,-0.269189,0.081433,0.222578,-0.211914,-0.027217,-0.194554,-0.462839,-0.478769,0.285693,0.218295,0.166184,0.214331,-0.344317,-0.219595,-0.073992,0.234492,-0.139779,-0.209532,0.142568,-0.003104,-0.171166,0.006023,0.146646,0.092383,-0.061341,-0.000349,-0.083194,0.11518,-0.038941,-0.107329,-0.362633,-0.057759,0.042985,-0.021782,0.08176,-0.373874,-0.006894,-0.000574,0.196821,0.229095,0.132005,0.241043,0.301821,-0.124957,0.367743,0.440875,-0.060047,-0.223402,0.204547,0.437939,-0.022836,0.544086,0.164539,0.137132,-0.437516,0.367835,0.513954,0.12618,-0.319883,0.097053,-0.027409,-0.175674,0.3883,-0.18416,0.352268,-0.20379,-0.109699,0.245563,-0.084648,0.001401,0.118304,-0.26535,0.117126,-0.025286,0.026096,#
7,0.14472,0.216977,-0.006698,-0.270099,0.357843,0.342993,0.478788,1.0,-0.018365,0.081031,0.215139,-0.242477,0.590475,0.32397,0.05289,0.147236,-0.024357,0.052493,0.216011,-0.110732,-0.111177,0.135415,-0.008089,0.175662,-0.082018,-0.156265,-0.261773,-0.159416,0.075673,0.134756,-0.128828,-0.198469,0.226421,0.034691,-0.235021,0.351539,0.089399,0.034507,0.004297,-0.004767,-0.135022,0.049562,0.086695,0.08597,-0.182828,-0.324657,-0.379875,-0.196399,0.304351,-0.03653,0.052815,0.286295,0.092239,-0.019994,0.345682,0.120645,-0.253306,-0.111776,-0.21117,0.011527,0.406906,0.209923,-0.214239,0.202559,-0.303768,0.518889,0.255495,0.160513,0.228373,0.176661,0.368331,-0.18861,-0.644713,-0.270738,0.051134,0.159918,-0.043622,-0.124398,0.089824,-0.209675,-0.060987,-0.168673,-0.221714,0.021146,-0.099632,0.113203,0.057219,0.059166,-0.087849,-0.159627,-0.345606,-0.128524,-0.280462,-0.037014,-0.321173,-0.054996,0.139332,-0.178527,0.355883,-0.439458,0.274268,-0.083465,-0.00158,-0.399926,-0.173362,0.129072,-0.159341,-0.078306,-0.165638,-0.353956,-0.115851,0.35102,-0.140067,-0.234584,0.062484,-0.097013,0.041942,-0.220052,0.034173,-0.172741,-0.286446,-0.492507,0.057219,-0.212985,-0.216342,-0.246301,0.015193,0.221265,-0.192409,0.122088,-0.133184,-0.170793,-0.241714,0.019681,-0.260164,0.116044,0.190481,-0.239467,-0.167396,-0.175569,0.18193,0.15167,-0.278797,0.163884,0.064587,-0.155583,-0.247829,0.20048,-0.02811,-0.3352,-0.347402,-0.020874,-0.345568,-0.11766,-0.249289,-0.445408,0.062357,-0.065495,-0.001677,0.038888,-0.102783,0.136756,-0.041379,0.11914,0.278671,0.068593,0.188817,-0.120843,-0.178342,0.30316,0.076008,-0.192976,-0.293365,0.052474,0.342214,-0.174411,0.488556,0.108257,0.23175,-0.382925,0.30329,0.437855,0.062938,-0.036208,0.393315,0.054456,0.125904,-0.153484,-0.145329,0.494109,-0.19189,-0.17866,0.550166,-0.186618,-0.278532,-0.332882,0.199987,-0.050483,0.053197,-0.243223,#
8,-0.429656,0.158434,0.332054,-0.030448,-0.145436,-0.205928,0.249911,-0.018365,1.0,0.369938,-0.360502,0.105884,-0.032173,0.127738,0.212563,-0.051173,-0.30831,0.545721,0.044582,0.052991,-0.300651,0.254587,0.024023,0.126883,0.098589,0.303545,0.392867,0.409762,0.065666,0.145816,-0.106787,-0.185775,-0.03538,-0.266044,0.258887,-0.053649,-0.064055,-0.113132,0.294734,-0.41879,0.241907,-0.223405,0.125818,-0.11981,0.230845,-0.220803,-0.314539,0.208269,0.336282,0.273416,0.061167,-0.274834,0.027782,-0.034404,-0.132446,0.325748,0.212775,-0.602508,-0.060555,0.196789,-0.092905,-0.113304,0.026169,0.001404,0.194299,0.196893,0.278169,-0.036765,0.027976,0.488386,0.196813,0.088826,0.166229,0.0833,0.287252,-0.018444,0.064774,-0.113395,0.371216,-0.110744,0.061605,0.120438,-0.30336,0.002963,0.203525,0.331577,0.077353,-0.145122,0.08868,0.129642,0.384444,0.362384,-0.060948,0.405195,0.280984,0.168424,0.469208,-0.031692,0.129225,-0.147014,0.071965,0.47567,-0.023876,0.387382,-0.29673,0.118063,0.130748,-0.082068,0.10832,-0.107981,0.13896,-0.235662,0.233948,-0.321296,0.117283,0.110131,0.120378,0.061578,0.425388,-0.170393,0.36658,-0.156351,0.052801,0.120378,-0.038307,-0.011799,0.266726,0.016198,-0.175936,-0.243885,0.21459,0.276502,-0.113305,0.073002,0.298286,0.114248,0.138044,0.043247,-0.252317,-0.03312,0.235108,-0.205866,-0.048415,-0.317037,-0.283409,-0.26455,0.003311,0.029978,0.236056,-0.044028,0.153965,0.016145,0.296885,-0.116017,0.05441,0.029965,0.484954,0.291597,0.020259,0.130473,0.043427,0.315733,0.272829,0.043591,0.196563,0.046387,0.046601,0.184168,-0.275037,0.438112,-0.027636,0.12521,0.291982,0.431873,0.054693,0.243695,-0.043403,-0.062895,0.355081,-0.358084,0.426177,0.209913,-0.312706,-0.446566,-0.222715,0.01176,0.00799,0.250904,-0.45481,-0.030832,-0.285018,-0.382563,-0.127441,0.413706,-0.104539,-0.024999,0.126451,0.07752,0.113535,0.305045,#
9,0.016482,0.440069,0.12218,-0.232436,-0.287894,0.077874,0.353769,0.081031,0.369938,1.0,-0.523651,0.279115,0.429171,0.594574,0.506876,0.216197,-0.08905,0.382216,0.227452,-0.076933,-0.282473,0.220726,0.330058,0.029168,0.020085,-0.322996,0.283468,0.185778,0.170477,0.546879,-0.140794,0.269267,0.347894,-0.158478,-0.317698,0.563302,0.042463,-0.174741,-0.160523,-0.26914,0.090191,0.24712,0.143083,-0.043337,0.308769,-0.497135,-0.041611,0.07312,0.182808,0.566056,-0.011321,-0.131821,0.082787,-0.308027,0.128828,-0.082887,0.047387,-0.628552,-0.127661,0.048586,0.382875,0.34552,-0.232675,-0.137395,0.194562,0.097351,-0.197775,0.482031,-0.279652,0.103801,0.123096,0.123797,-0.199152,-0.382248,-0.037943,0.271109,0.000899,-0.276755,-0.130604,-0.130109,0.008843,-0.532128,-0.593817,0.014654,-0.266003,-0.044519,-0.4428,-0.122954,0.110931,-0.186483,-0.074101,-0.138154,-0.347335,0.353748,0.122598,-0.140095,-0.150807,-0.053028,-0.081805,-0.441061,-0.007869,0.015801,-0.266944,0.084025,-0.202915,-0.18692,-0.4916,-0.133236,-0.177231,-0.3515,0.04952,0.380138,-0.200692,-0.268925,-0.216932,-0.542564,-0.384495,-0.177051,0.342139,-0.535768,0.051602,-0.313366,-0.136563,-0.384495,-0.497729,-0.388985,-0.038177,0.254413,-0.346668,-0.356071,-0.136612,0.158769,-0.49787,-0.222186,-0.239265,-0.538856,0.318256,-0.24839,0.079065,-0.378956,-0.051403,-0.170833,-0.517599,-0.306175,-0.211668,0.08566,-0.066154,0.208901,-0.330205,-0.370058,-0.359891,-0.530991,0.117307,-0.41767,-0.008404,-0.253756,0.209167,0.477298,-0.382898,-0.138044,0.017271,-0.323073,0.143693,0.362026,0.468231,0.553214,-0.405814,0.128429,-0.563397,-0.026833,-0.145748,0.189646,-0.351009,0.151228,0.331187,-0.2134,-0.207892,0.441597,0.677989,-0.713143,0.314494,0.015347,-0.455419,-0.295785,0.233026,-0.130261,0.327303,0.147269,-0.548749,0.136383,0.026573,-0.029442,0.331396,0.617364,-0.140193,0.060143,-0.116433,-0.05981,0.394668,0.160135,#
10,0.153185,-0.305835,-0.186643,0.017835,0.141695,0.219327,0.118219,0.215139,-0.360502,-0.523651,1.0,-0.416851,0.054812,-0.443863,-0.198904,0.060568,-0.008826,-0.401522,-0.017633,-0.050915,0.138075,-0.093821,-0.176083,0.064969,-0.121923,0.014595,-0.265106,-0.069963,0.115599,-0.462159,0.279317,-0.10406,-0.453969,-0.129162,0.201302,-0.468765,0.1008,0.47728,0.020295,0.203305,-0.183183,-0.228624,0.137364,-0.124827,-0.056736,0.155447,-0.191718,-0.052487,0.050875,-0.267835,-0.055075,0.315132,0.037276,0.254442,0.180502,0.258236,-0.435394,0.290367,0.019969,0.022999,-0.078876,-0.135482,0.007913,0.082259,0.079258,-0.109555,0.076348,-0.184115,0.472221,0.011736,0.321317,-0.068925,-0.159022,0.037631,-0.279288,0.089701,0.094537,0.287636,0.103354,-0.047216,0.235599,0.194389,0.136623,0.129929,-0.014117,0.01408,0.416335,-0.133696,0.046395,0.045331,-0.027757,-0.0566,0.229907,-0.100858,-0.105378,0.112983,-0.099981,-0.285836,0.106387,-0.023413,-0.058535,-0.31733,0.187737,-0.208672,0.078434,-0.120426,0.043515,0.047132,0.096334,0.264837,-0.218109,-0.289199,-0.416086,-0.036031,0.197134,0.056974,0.098295,-0.048567,-0.280668,0.298397,-0.193571,0.13884,0.115265,0.090243,-0.097251,0.204473,0.070971,0.127806,-0.072419,0.060123,-0.070674,-0.129355,0.079404,0.226134,0.198645,0.234774,-0.130636,-0.057917,-0.195969,0.186459,0.123123,0.436728,0.058336,0.188252,0.451963,0.034662,-0.005078,0.162395,0.272003,0.057694,0.355961,0.314549,0.016374,0.128912,0.082334,-0.061802,-0.376315,-0.31767,-0.003247,0.057743,-0.2582,0.222869,-0.250127,-0.077786,0.019793,-0.188451,0.30319,0.032896,0.085499,0.039822,0.404738,-0.166042,0.230252,-0.080807,-0.033568,-0.077056,0.374699,-0.096667,-0.369347,0.340947,-0.075898,0.127831,0.318209,0.289884,0.038365,-0.054732,-0.202711,-0.255538,0.279787,0.224687,-0.31128,0.06223,0.136078,-0.743947,0.275477,0.035195,0.039318,0.11093,-0.308528,-0.151925,#
11,-0.056367,0.103375,-0.054581,0.056035,-0.370595,-0.061827,0.031308,-0.242477,0.105884,0.279115,-0.416851,1.0,0.113184,0.203132,0.121038,-0.198325,0.26133,0.1555,0.253304,-0.216252,0.072332,-0.147806,-0.039831,-0.022441,0.170799,0.024394,-0.005335,0.212976,-0.184824,-0.030166,-0.147849,0.084816,-0.000428,-0.046486,-0.118118,0.348559,-0.060357,-0.100272,-0.141824,-0.146238,-0.105449,0.40009,0.098036,-0.245875,-0.075253,0.103839,-0.02641,0.025338,0.015777,0.232935,-0.1743,-0.021733,-0.129514,0.257215,-0.185623,0.06961,-0.081218,-0.183928,-0.05521,0.14284,-0.124076,-0.064345,0.217251,-0.072707,0.073635,-0.110975,-0.011665,-0.073467,-0.152682,-0.254142,-0.047917,-0.315957,-0.012721,0.029993,-0.09523,-0.0581,-0.18615,-0.073354,-0.154436,0.139117,-0.171731,0.054095,-0.071138,-0.420827,0.11084,-0.243466,-0.33465,0.332555,-0.318667,0.188699,-0.132975,-0.173801,-0.189912,0.008481,0.023183,-0.224693,-0.121125,0.046711,-0.393175,-0.08912,0.387014,0.16633,-0.263291,0.086416,-0.154772,0.213411,-0.144071,0.178398,0.14993,0.128767,-0.09981,-0.017491,0.019622,-0.103286,-0.114756,-0.177289,0.170165,0.001564,0.008852,-0.03506,0.264621,-0.205825,-0.195704,-0.051006,0.008386,-0.457388,0.011591,0.086332,0.059437,-0.194853,-0.172024,0.014621,-0.489192,0.407575,0.078635,-0.197772,0.149761,-0.082835,-0.062505,0.064192,-0.242803,-0.162145,-0.189574,0.08285,-0.14789,0.267217,-0.155464,-0.069097,-0.167859,-0.20909,-0.326025,0.111195,-0.096316,0.119933,0.010291,0.273892,0.000825,0.493016,-0.036335,-0.225861,-0.087135,-0.17241,0.289296,0.030657,-0.057397,0.260965,-0.053478,-0.084609,0.176382,0.016014,-0.062903,0.529643,-0.200448,-0.16695,-0.000946,-0.190873,-0.151524,0.202253,-0.037007,-0.121519,-0.114014,-0.181198,-0.062587,-0.197707,0.095837,0.202267,-0.010211,0.551105,0.225497,0.036968,0.262466,0.507311,0.003878,0.242726,-0.016588,-0.149171,0.251042,-0.351382,0.048736,0.175864,#
12,0.340963,0.216906,-0.201993,-0.291294,0.183186,0.154615,0.299814,0.590475,-0.032173,0.429171,0.054812,0.113184,1.0,0.489447,0.244418,-0.048624,-0.001478,-0.096533,0.511718,-0.08234,-0.125376,0.15059,0.161414,-0.029509,-0.274554,-0.527033,-0.206092,-0.087368,0.076275,0.333612,0.124325,0.083237,0.226347,-0.155687,-0.216149,0.351424,0.286945,-0.138994,-0.33972,-0.241895,0.079137,0.343598,0.358757,0.003293,-0.182768,-0.448276,-0.131447,-0.178713,0.31474,0.183728,-0.338459,0.376073,0.316888,0.046883,0.376961,0.272547,-0.281434,-0.273429,0.061215,0.01229,0.475409,0.252612,-0.198459,0.114162,0.13789,0.164515,0.056576,0.161257,0.082143,-0.09142,0.401812,-0.178119,-0.644502,-0.455761,-0.130448,0.517027,-0.043607,0.05784,0.082677,-0.386668,-0.060967,-0.350876,-0.408453,-0.252819,-0.277726,-0.060909,-0.113797,0.059147,-0.275957,-0.167003,-0.35364,-0.482875,-0.467369,-0.037002,-0.321068,-0.242539,-0.066753,-0.185601,0.072476,-0.439315,0.09494,-0.091415,-0.00158,-0.211547,-0.173305,-0.056281,-0.340415,-0.285693,0.041675,-0.353841,0.063062,0.350905,-0.34363,-0.242087,-0.138708,-0.4956,-0.180929,-0.21998,-0.17302,-0.348929,-0.107119,-0.484965,-0.113797,-0.435772,-0.195799,-0.246221,0.015188,0.564102,-0.221446,-0.079125,-0.140373,0.007332,-0.434768,0.026749,-0.260079,-0.282881,0.190419,-0.247019,-0.154083,-0.175511,-0.00494,0.253876,-0.278706,-0.042817,0.064566,0.250853,-0.496739,0.223879,-0.219421,-0.743223,-0.347289,-0.211903,-0.168138,-0.295748,-0.061445,-0.259706,0.228621,0.170718,-0.252015,-0.397748,-0.016115,-0.25287,-0.041366,0.119101,0.520718,0.264647,-0.187516,0.055942,-0.394178,0.11686,-0.120544,0.349162,-0.301119,0.252369,0.362057,-0.379837,0.124981,0.30554,0.237031,-0.3828,0.315953,0.246612,0.082809,0.155085,0.210732,-0.148855,0.310787,-0.153433,-0.131113,0.50659,-0.191827,0.020975,0.570254,0.001207,-0.059759,-0.123502,0.2054,-0.050466,-0.042208,0.116648,#
13,0.276314,0.325106,-0.016918,-0.178783,-0.039103,0.11957,-0.137103,0.32397,0.127738,0.594574,-0.443863,0.203132,0.489447,1.0,0.426376,0.339338,-0.146665,0.293994,0.415655,-0.145125,-0.021335,0.121474,0.560998,0.181621,-0.031178,-0.212058,-0.028644,-0.078535,0.033375,0.502272,0.060069,0.116524,0.451367,-0.201499,-0.402968,0.518704,0.354347,-0.580895,-0.046617,-0.30849,0.045329,0.381182,0.239089,0.390563,0.068792,-0.379037,0.01141,-0.046067,-0.077214,0.191745,0.027991,0.140759,0.243222,-0.081187,0.202108,0.10341,-0.132077,-0.40106,-0.08435,0.079656,0.440701,0.33804,-0.286325,-0.02914,-0.099561,0.326535,-0.261358,0.482471,-0.600625,-0.038344,-0.19646,0.171052,-0.443931,-0.294464,-0.283842,0.348143,-0.282827,-0.350903,-0.225148,-0.207944,0.067177,-0.461546,-0.483967,0.094972,-0.333711,-0.315047,-0.38186,0.150295,-0.126082,-0.260625,-0.121425,-0.229859,-0.574211,0.244823,-0.232162,-0.220899,-0.282546,-0.13954,-0.069927,-0.16973,0.223667,-0.035452,-0.21965,-0.30894,0.025212,-0.109161,-0.235331,0.187344,-0.019902,-0.439087,0.11261,0.51831,-0.163725,-0.328843,0.185273,-0.233167,-0.43041,-0.460803,0.385734,-0.6252,-0.336379,-0.513507,-0.06892,-0.43041,-0.375143,-0.362144,-0.100448,0.017054,-0.32396,-0.228112,-0.075714,0.258405,-0.281353,-0.30055,-0.665776,-0.596914,0.291652,-0.143999,0.090546,-0.463262,-0.108655,0.006044,-0.395804,-0.246416,-0.339239,0.052768,-0.058566,0.252194,-0.444189,-0.612351,-0.481083,-0.308215,-0.28477,-0.324507,0.052858,-0.133596,0.313269,0.385974,-0.14508,-0.181034,0.26474,-0.200583,0.109648,-0.006028,0.281571,0.332394,-0.467411,-0.099367,-0.410806,-0.100286,-0.28805,0.167385,-0.406784,0.017437,0.060199,-0.164333,-0.283484,0.223166,0.585312,-0.482308,0.245258,-0.074225,-0.345303,-0.036433,0.491272,0.123067,0.481525,-0.153306,-0.326472,0.246895,0.045772,0.089428,0.417851,0.361412,-0.380874,-0.333537,0.295615,-0.419502,0.281928,0.078895,#
14,0.207919,0.414039,-0.092523,-0.405586,-0.1268,0.249059,-0.03102,0.05289,0.212563,0.506876,-0.198904,0.121038,0.244418,0.426376,1.0,0.206707,-0.268967,0.371215,0.398226,-0.079558,-0.095486,0.377078,0.158279,0.07542,0.010884,-0.150691,-0.179678,0.080236,-0.189127,0.212561,0.039508,-0.045795,-0.0123,0.052557,-0.397843,0.174127,0.076696,-0.000929,0.187681,-0.269904,-0.032876,0.383161,-0.043851,0.211213,0.476826,-0.24648,0.078797,0.268293,0.38616,-0.043979,0.159845,-0.199049,-0.220996,-0.220597,0.186336,0.001448,-0.150649,-0.294582,-0.192914,-0.167589,0.399255,0.074784,-0.30589,0.257655,0.082754,0.014831,-0.346849,0.203386,-0.119849,0.143038,0.218897,0.110805,0.107971,-0.362405,-0.349842,0.051371,0.010032,-0.095692,-0.128035,-0.145084,0.1702,-0.686288,-0.416517,0.090243,-0.274494,-0.05822,-0.134341,-0.136063,-0.205356,-0.014377,-0.050795,-0.147866,-0.15604,0.513239,-0.277398,-0.120734,-0.327334,-0.210923,-0.104441,0.066168,0.155572,-0.159279,-0.26818,-0.075169,-0.20463,-0.353356,-0.345981,0.154657,-0.357855,-0.331619,0.205898,0.370319,-0.385536,-0.247305,-0.138953,-0.17379,-0.172711,-0.343949,0.505209,-0.521986,-0.100417,-0.299042,-0.319413,-0.172711,-0.363739,-0.391805,-0.030609,0.329705,-0.291157,-0.165415,0.019302,0.152292,-0.5047,-0.233189,-0.392552,-0.349439,0.316386,-0.064982,0.080998,-0.529349,-0.238401,0.083887,-0.334263,-0.199291,-0.387619,0.075294,-0.067365,0.191184,-0.333633,-0.176607,-0.443242,-0.543303,-0.033957,-0.425821,0.169919,-0.429382,0.2655,0.265031,-0.40193,-0.355456,0.100673,-0.15604,0.386361,0.244633,0.224751,0.553314,-0.41395,-0.012007,-0.357855,-0.355637,0.045503,0.180347,-0.328184,0.148739,0.336632,-0.200218,-0.379373,0.287731,0.525059,-0.375128,0.495897,-0.296899,-0.440334,0.032567,0.421743,-0.216801,0.193384,-0.029143,-0.53412,0.148203,0.010055,0.140485,0.51502,0.309482,0.124349,0.065231,0.25515,-0.250532,0.290533,0.165991,#
15,0.134436,0.060772,-0.143774,-0.210045,-0.237199,0.346034,-0.005667,0.147236,-0.051173,0.216197,0.060568,-0.198325,-0.048624,0.339338,0.206707,1.0,-0.040199,0.174714,0.122797,0.007294,0.207819,-0.256204,0.302742,0.033513,-0.18158,0.105438,0.014293,-0.014153,0.188349,0.239318,0.335556,0.10698,0.278135,0.116015,-0.052252,0.014553,0.295076,0.101709,0.056648,0.200576,0.088417,0.232834,-0.280317,0.235155,0.369419,-0.144162,-0.022596,-0.121602,-0.085586,0.1023,0.388479,0.140989,-0.122177,-0.096953,0.276816,0.005805,-0.188032,-0.183489,-0.429121,0.026881,0.318968,0.062221,-0.250627,0.183786,0.043513,0.25659,-0.255207,0.308489,-0.379913,0.165887,-0.157238,0.142387,-0.2262,0.14346,-0.113182,-0.076864,-0.082269,-0.141759,-0.169784,0.259812,0.286003,-0.117878,0.137943,0.50329,0.030415,-0.205783,-0.155923,-0.068484,-0.02877,-0.115039,0.07929,0.177305,0.003247,0.278073,0.073969,0.114645,-0.372641,-0.477118,-0.053138,-0.231938,-0.018774,-0.177911,-0.321614,-0.048766,-0.010651,-0.381391,-0.092536,0.331261,0.13481,0.181367,-0.137167,0.216214,-0.198368,-0.046015,0.249327,0.180036,-0.097491,-0.459663,0.187309,-0.184362,-0.337128,0.009226,0.024636,-0.097491,-0.406104,0.030068,-0.107802,-0.036162,-0.566758,-0.195677,-0.17831,0.087746,-0.103326,-0.087486,-0.399899,-0.19723,0.054182,-0.04323,-0.030778,-0.47808,0.145518,0.182167,0.010962,0.127048,-0.028989,-0.226732,0.482694,0.184321,-0.093073,-0.191872,0.087472,-0.022923,0.052325,0.030415,0.098803,-0.049288,0.088031,0.135922,-0.21353,0.127566,0.173043,0.003247,-0.045029,-0.113251,-0.212288,0.063806,-0.048737,-0.113587,0.113898,-0.191571,0.153558,-0.189972,-0.181435,-0.398268,-0.066446,-0.00543,-0.025951,0.175192,0.219409,-0.296361,0.035432,0.037155,-0.299407,0.120352,0.453571,0.058916,0.355729,-0.00543,-0.413713,0.0135,-0.119516,-0.08056,0.120498,-0.065476,-0.274481,-0.147333,0.073343,-0.132267,0.059686,-0.01787,#
16,0.041496,-0.284015,-0.435382,0.068047,0.03307,0.397743,0.052589,-0.024357,-0.30831,-0.08905,-0.008826,0.26133,-0.001478,-0.146665,-0.268967,-0.040199,1.0,-0.247476,0.105829,-0.002074,-0.029352,-0.063519,-0.172727,-0.264258,-0.246944,-0.135097,-0.035161,-0.19377,0.067051,-0.086227,-0.092517,0.074393,0.192081,0.305547,-0.000283,0.126259,-0.060662,0.167761,-0.337042,0.160881,-0.15669,0.042529,-0.013103,0.089179,-0.274391,0.094518,0.013725,-0.041583,-0.082697,0.124273,-0.177171,0.226976,0.027527,-0.024647,-0.019764,-0.055056,0.081625,0.430267,0.351614,-0.141314,-0.024333,0.012566,0.370082,-0.101376,-0.161067,0.184701,0.016961,0.071738,0.050051,-0.360991,-0.202727,-0.18539,-0.248166,0.108059,0.153572,0.177273,-0.16617,-0.030991,0.112193,0.216316,-0.167616,0.170578,0.105536,-0.291421,0.172207,-0.106261,-0.053671,0.299403,-0.095241,-0.336,-0.194388,0.12875,0.157649,-0.173147,-0.043172,-0.117017,-0.289118,-0.191565,-0.258037,-0.060007,0.039406,-0.035657,-0.038971,-0.087155,0.2777,0.101413,0.226842,-0.27785,0.092326,0.074295,-0.236233,-0.077236,0.084136,0.075842,-0.187985,-0.028069,-0.129602,0.156266,-0.341255,0.155224,-0.004157,0.02242,0.135597,-0.341032,0.131634,0.13526,-0.335609,-0.358361,0.279492,-0.212217,-0.39154,-0.138514,0.032496,0.365356,0.058885,-0.028088,-0.026158,-0.468439,0.155419,-0.016849,-0.277286,0.075983,-0.015699,0.367573,0.250693,-0.112175,-0.032273,-0.078612,-0.180083,-0.096147,0.129608,0.100348,-0.16187,0.172207,-0.167716,-0.06432,-0.109013,0.119121,-0.149789,0.085277,-0.102161,-0.045223,-0.122432,-0.038575,0.086866,0.139402,0.277808,-0.187506,0.321729,-0.064773,-0.006965,0.282241,-0.243161,-0.123103,0.152846,-0.489383,-0.06983,-0.065722,-0.263071,0.160317,-0.474875,-0.115766,0.364853,0.08029,0.110858,0.08595,0.078606,0.261662,0.238962,-0.277629,0.253508,0.200798,0.158985,-0.223121,0.068637,0.062811,0.101117,0.14257,-0.423289,-0.112663,#
17,-0.414431,0.290205,0.433773,0.077126,-0.130051,0.04929,-0.03166,0.052493,0.545721,0.382216,-0.401522,0.1555,-0.096533,0.293994,0.371215,0.174714,-0.247476,1.0,0.034395,0.380714,-0.12485,0.065449,0.17411,0.185644,0.193931,0.153686,0.135686,0.187815,-0.210936,0.069117,0.016019,-0.046855,0.022827,0.012041,-0.266157,0.22485,0.068869,-0.213905,0.136378,-0.096049,-0.023095,0.062455,-0.242333,0.013951,0.315118,-0.349681,-0.115215,0.499152,0.454732,-0.014,-0.045434,-0.179238,-0.044488,0.018455,-0.07459,0.109182,0.061791,-0.492649,-0.387758,-0.184634,-0.073196,-0.421882,-0.201641,0.199385,0.016659,0.32993,-0.020001,0.242879,0.01767,0.485923,0.19842,0.200688,0.109084,-0.057195,0.267965,-0.203974,0.172243,-0.272735,0.23105,-0.126183,0.363137,-0.072491,-0.27844,0.177709,0.039779,0.109605,0.017966,-0.079449,-0.051836,0.145703,0.310697,0.18485,-0.019156,0.705622,-0.051039,0.194161,0.381417,0.117083,0.197474,-0.07793,-0.027853,0.398844,0.073623,0.250229,-0.184613,0.125662,-0.160941,0.157328,-0.161844,-0.306544,0.331764,0.217633,0.149125,-0.100754,0.235122,0.14566,-0.002252,-0.179616,0.72475,-0.522113,0.216489,-0.465167,-0.161261,-0.002252,0.001134,-0.157866,-0.169563,0.039147,-0.070207,-0.010588,0.211743,0.200695,-0.158489,-0.173731,0.088745,-0.023237,0.079741,0.092991,0.02651,-0.067285,0.091413,-0.132069,-0.33224,-0.49049,-0.193405,-0.167965,0.115064,0.025574,0.317344,0.004938,-0.25548,-0.049283,0.139411,-0.11732,0.034451,-0.055496,0.23907,0.498302,0.048029,0.210026,0.250414,0.349038,0.010753,0.411499,0.09866,0.252777,0.074188,-0.290876,-0.199223,0.283208,-0.333524,-0.223195,0.020419,0.02992,0.021538,0.317543,-0.075621,-0.020596,0.373633,-0.393222,0.179025,-0.153521,-0.612219,-0.271973,0.069231,0.157127,0.205816,0.33525,-0.388427,-0.161557,0.336031,-0.333786,0.028022,0.330772,-0.551224,-0.107692,0.101175,-0.032585,0.418194,-0.112297,#
18,0.266488,-0.057141,-0.289618,-0.230391,0.249302,-0.008039,-0.046496,0.216011,0.044582,0.227452,-0.017633,0.253304,0.511718,0.415655,0.398226,0.122797,0.105829,0.034395,1.0,-0.31213,0.01105,-0.041939,0.076018,-0.258585,0.049059,-0.080164,-0.248587,0.270596,-0.159404,0.325629,-0.032585,-0.161849,-0.094861,0.015299,-0.137441,0.115767,0.115879,-0.057489,-0.074487,-0.250439,0.265933,0.291107,0.173811,0.427883,0.012715,-0.061273,-0.125528,-0.051799,0.008635,0.01044,0.021481,0.281007,0.160195,-0.089306,0.49465,0.188116,-0.331195,0.075294,0.018798,-0.030153,0.115548,0.184432,0.104323,0.461013,-0.033082,0.197215,-0.236833,-0.012189,-0.26607,-0.184178,0.201247,-0.193578,-0.388163,1.8e-05,-0.086409,0.301367,0.075186,-0.03627,0.036154,-0.34987,-0.146544,-0.306222,-0.304917,0.005995,-0.207549,-0.239981,-0.288038,0.366697,-0.177118,-0.036242,-0.025887,-0.243456,-0.173966,0.081861,-0.329846,-0.065117,-0.202397,-0.443237,-0.175806,-0.122426,0.272377,-0.192664,-0.131146,-0.332194,-0.128401,0.023874,-0.194946,0.052013,0.228544,-0.122578,-0.17109,0.328556,-0.151137,-0.286306,-0.136478,-0.043207,-0.011567,-0.275188,-0.101288,-0.089354,-0.161974,-0.217383,-0.128445,-0.290423,-0.096685,-0.24024,0.150529,0.151889,-0.221914,-0.102367,-0.397004,-0.043841,-0.430312,0.136201,-0.346744,-0.179313,0.151183,-0.315952,-0.081907,-0.294017,-0.486725,0.021161,-0.203576,-0.023779,-0.057906,-0.001799,-0.297786,0.075461,-0.354128,-0.678035,-0.436046,-0.179771,-0.393983,-0.376776,0.229471,-0.355897,0.142876,0.345767,-0.297998,-0.5538,-0.164295,-0.19202,0.195043,-0.054094,0.366472,0.052565,-0.281135,0.028643,-0.007137,-0.118652,-0.074757,0.584236,-0.192173,0.058717,0.442313,-0.096734,0.064224,0.347554,0.362829,-0.176957,0.085786,0.145138,0.153808,0.093643,0.528065,-0.13516,0.326524,-0.067738,-0.151695,0.334254,-0.119815,0.161623,0.730854,-0.057527,-0.099925,-0.148925,0.719151,-0.23857,-0.288616,0.235269,#
19,-0.269001,0.061796,0.1705,0.321592,-0.272794,0.086063,-0.21682,-0.110732,0.052991,-0.076933,-0.050915,-0.216252,-0.08234,-0.145125,-0.079558,0.007294,-0.002074,0.380714,-0.31213,1.0,0.32264,0.10115,-0.0327,0.005194,-0.325006,-0.111171,0.090299,-0.292965,-0.03851,-0.12821,0.356188,0.362736,0.091537,0.404092,-0.010225,-0.124236,0.198518,0.055139,-0.31583,0.043794,0.164138,0.191654,-0.431359,0.027685,0.18611,-0.370309,0.283236,0.259369,0.417623,-0.385203,-0.419324,-0.006275,0.355434,-0.141853,-0.199491,0.084232,0.130635,-0.108321,0.132761,-0.312868,-0.052036,-0.295418,0.052997,0.057673,0.163954,0.032575,-0.272517,0.115251,0.213123,0.243333,0.134598,0.282015,0.227475,-0.077152,0.285784,-0.308328,0.28052,0.326,0.593599,0.036741,0.290158,0.281202,0.106766,-0.011406,0.32931,0.171953,0.229249,-0.418393,0.097741,0.04421,0.120948,0.243281,0.018677,0.290336,0.017874,0.37433,0.355607,0.453991,0.330497,0.169838,-0.591406,0.237566,0.400998,0.293005,0.350398,0.101101,-0.072557,-0.140444,-0.002187,-0.282227,0.438086,-0.138726,-0.031819,0.471439,0.174272,0.013709,-0.027115,-0.067034,0.166876,-0.256533,0.325556,-0.023678,-0.257156,-0.027115,0.095898,0.368842,-0.251121,0.219582,0.312007,0.391787,0.402909,0.282139,0.451276,-0.158956,0.326937,0.202654,-0.040488,0.103857,0.045383,0.108993,0.106766,0.272007,0.037893,-0.422213,0.345015,0.301456,0.256506,-0.409063,0.435356,0.201821,0.200186,0.201414,0.457184,0.319772,-0.04569,0.164762,0.382435,-0.170851,0.131404,-0.027712,0.392769,0.383722,-0.105659,0.317502,-0.237899,0.02391,0.481126,-0.196787,0.176101,0.258761,-0.498488,-0.268104,0.218186,0.203394,-0.369436,0.131801,-0.073105,-0.544953,-0.24021,0.113208,-0.069872,-0.12813,-0.317902,-0.111251,-0.489622,0.124277,0.385526,0.149704,-0.065915,-0.233397,0.263356,-0.600685,-0.370791,-0.028116,-0.324071,-0.054629,-0.107369,0.423631,0.352339,-0.369187,#
20,0.364706,-0.14418,0.172022,0.145941,-0.435034,0.073551,-0.219699,-0.111177,-0.300651,-0.282473,0.138075,0.072332,-0.125376,-0.021335,-0.095486,0.207819,-0.029352,-0.12485,0.01105,0.32264,1.0,-0.111751,-0.243508,-0.320502,-0.139023,-0.086381,-0.130586,-0.244512,0.121634,0.017908,0.299139,0.313882,-0.122978,0.400819,-0.095023,-0.155955,0.127339,0.169093,-0.125124,-0.145385,0.353689,0.460596,-0.20966,0.203127,-0.023043,-0.14877,0.0153,0.00234,0.015873,-0.450684,-0.229822,0.126077,0.386141,0.055962,0.051118,0.047804,-0.34539,0.069539,-0.148246,0.112632,-0.009749,0.204671,0.349453,0.136861,-0.009219,-0.203365,-0.427265,0.067355,-0.227096,-0.164443,0.053979,0.110349,0.019616,0.255215,-0.196792,-0.338365,-0.076693,0.329002,0.046503,0.344227,0.066431,0.117331,0.310784,-0.039327,0.015196,-0.322872,-0.092228,0.024629,0.084613,0.048954,-0.085507,-0.096249,0.052618,-0.097675,0.170835,0.189999,-0.194416,0.289845,0.002003,0.182066,-0.044697,0.023663,-0.138589,-0.047737,0.313116,-0.057154,-0.079996,0.431257,-0.020853,0.335554,0.081329,0.030992,-0.389825,0.474887,0.313366,0.235556,0.008956,-0.235489,-0.071273,0.082664,0.00337,0.183425,-0.412205,0.008956,-0.173675,-0.110258,-0.277727,0.156574,-0.255716,0.425241,0.223113,-0.119646,0.261837,0.167096,-0.174755,0.233214,-0.057404,0.119114,0.188866,-0.05305,-0.23708,0.169189,0.219508,0.119998,0.287171,0.13348,0.101045,-0.53892,0.07859,0.193641,-0.002229,0.182899,0.107782,0.164025,0.076276,0.300483,0.249652,-0.128043,0.103457,-0.213907,0.277061,0.034715,0.293139,-0.064943,-0.564842,-0.357291,0.140138,-0.2328,0.417036,-0.07906,-0.134034,0.063347,0.014955,-0.041808,-0.589048,0.131754,-0.081195,-0.408853,-0.304068,0.457459,-0.05494,0.029656,-0.16069,0.025439,-0.146561,0.627102,0.388164,0.124738,0.291521,0.066997,-0.087847,-0.124073,-0.240114,-0.192545,-0.208098,-0.223432,0.192727,-0.028325,0.121908,-0.25029,#
