0,1.000000,-0.031064,-0.126133,0.087686,0.153913,0.069154,-0.021226,0.149208,0.049119,0.020668,0.075210,-0.054853,0.335230,-0.444291,0.156243,-0.024556,0.157489,-0.091194,-0.161264,0.124684,-0.152930,-0.068012,0.017423,-0.024298,0.165087,-0.042868,0.356423,0.126205,-0.145331,0.099235,-0.013631,-0.063115,-0.110874,-0.184499,0.222417,0.053112,0.181828,-0.177296,0.175205,0.115113,-0.258817,0.013194,0.082779,0.179902,0.010508,-0.095080,0.209025,-0.130245,-0.106087,0.096206,0.293233,-0.087210,0.238193,0.100502,-0.181167,0.158285,-0.019915,0.032387,0.037666,-0.194695,0.300051,-0.013117,-0.043844,0.081846,0.060571,0.122433,-0.239042,0.355097,-0.177779,0.152078,0.180444,0.074000,0.097539,-0.139048,-0.056332,0.067720,-0.210668,-0.167084,-0.161082,0.198800,0.331354,0.208239,-0.160689,-0.083867,-0.069768,0.302388,0.141985,-0.274472,-0.134748,0.098244,-0.123914,-0.205965,-0.074596,-0.128427,0.019165,0.180001,-0.113852,0.004784,0.020409,-0.137205,-0.017202,0.088458,-0.378172,-0.088256,0.116729,-0.213886,-0.325577,0.096833,0.070398,0.091535,0.231860,-0.162484,-0.027797,0.014969,-0.036643,0.242505,-0.127835,0.111359,0.144607,0.070400,0.083638,0.291484,0.220662,-0.004864,-0.011012,0.062453,0.140508,0.015920,0.008657,0.075979,-0.050750,-0.057623,-0.298809,-0.190243,0.021285,-0.133098,0.109604,0.236308,-0.193117,-0.228290,-0.276376,0.153087,-0.048626,0.230279,0.102748,0.082913,-0.013920,-0.089668,0.038373,-0.121345,-0.189839,-0.062358,-0.003230,-0.251836,0.065163,-0.087267,0.053386,0.030682,0.204723,0.128824,0.115354,0.352433,-0.133589,-0.080880,0.161701,0.107591,0.047688,-0.039050,0.210823,0.181450,0.000579,-0.052092,0.368140,-0.093938,0.189337,-0.217734,-0.089201,0.112199,0.062779,0.188147,-0.025031,0.132001,-0.115493,0.153979,0.077208,0.094224,0.043890,0.162042,0.120351,0.215410,-0.067976,-0.116768,-0.122880,-0.014149,0.097654,-0.152498,-0.130743,-0.094665,-0.073769,0.106091,#
1,-0.031064,1.000000,0.003275,0.208726,-0.086987,0.224179,0.085223,0.130977,-0.057433,0.048358,-0.078012,-0.262955,0.188442,0.263795,-0.088284,-0.211733,0.169726,-0.035747,0.089860,0.010575,0.268070,0.238304,0.231640,0.278197,-0.021320,0.377528,0.119454,-0.332649,0.040547,0.108274,-0.058296,0.052386,0.076324,0.028134,0.136929,0.291344,-0.061218,0.133857,0.014807,0.182438,-0.161380,0.113859,0.046537,0.032077,-0.011414,0.287199,-0.074341,0.206765,0.172364,0.074482,0.081002,0.238734,0.103147,0.083201,0.034038,0.121304,-0.200032,-0.245874,0.183784,-0.007225,-0.041443,0.003694,-0.132177,-0.051775,-0.058135,-0.029053,0.030192,0.054455,0.112368,0.290761,0.123220,0.173629,0.274592,-0.036781,0.052086,0.087011,0.317181,0.209382,0.000410,-0.069993,0.090511,0.102602,0.225205,-0.123436,0.017730,0.237471,0.055755,-0.114753,0.057778,0.011306,0.134811,-0.029129,0.056334,-0.125856,0.039190,-0.025336,0.084944,0.052684,-0.006531,0.171751,0.070202,0.129223,0.096859,0.206831,0.295602,-0.013717,-0.188263,0.267081,-0.013106,-0.026685,0.200193,0.159546,0.058023,0.125418,-0.121016,0.098517,0.377648,0.412995,0.203736,-0.107112,0.276576,0.108047,-0.088747,0.022269,0.170024,0.010017,0.329154,0.034294,-0.081108,-0.083311,-0.005798,-0.225926,-0.184231,0.253985,-0.170823,-0.320200,-0.062847,0.179769,0.152321,0.006215,0.037767,-0.030946,-0.311310,-0.196715,-0.075181,0.020147,0.115257,0.114180,0.059297,-0.041638,0.164429,0.051068,-0.051709,0.025341,0.188300,-0.024829,0.172715,0.003470,0.007347,0.053536,-0.139427,0.139977,0.238214,0.004077,-0.092883,-0.255545,0.024983,0.354805,-0.069153,-0.042188,0.311779,-0.107849,0.122548,0.036713,0.259891,0.203895,0.104869,0.127846,-0.015541,-0.328395,0.013743,-0.098111,-0.035884,-0.052961,-0.030601,0.290997,-0.127804,-0.189005,0.243728,0.137771,0.045777,0.259555,0.026881,0.249341,0.173178,0.040432,0.161653,-0.058123,0.025699,0.132990,#
2,-0.126133,0.003275,1.000000,0.023174,-0.109394,0.077797,0.121380,0.047160,-0.165997,0.044846,0.045904,-0.110971,-0.121632,-0.046815,-0.077463,-0.004135,-0.096574,0.094197,0.077729,0.080400,-0.030697,0.128388,-0.193378,-0.003573,-0.083112,-0.188337,-0.028240,0.046356,-0.166021,-0.026493,-0.047424,0.284494,0.305230,0.209828,0.001635,-0.086233,0.180909,-0.034930,0.148266,0.255824,0.282689,0.133367,-0.208707,0.043510,-0.000293,0.268036,0.162211,-0.027115,0.038234,0.234912,-0.000932,-0.185714,-0.083341,0.260920,0.161906,0.128071,0.179255,-0.042871,-0.056634,0.057503,0.035736,0.053150,-0.109171,0.286095,-0.016384,-0.326322,0.417023,-0.071640,0.248867,0.245531,0.183120,-0.012604,-0.166321,0.247896,-0.066408,-0.017078,0.122456,0.147718,0.151274,0.260207,-0.020130,0.208413,0.090090,0.153842,-0.025443,0.245658,0.236075,0.416768,0.224214,0.016223,0.311499,0.026023,0.122424,-0.066935,0.255305,-0.164417,-0.046417,0.071963,-0.134870,-0.042135,-0.046758,-0.180676,-0.161590,0.109056,0.104314,0.242001,-0.077156,-0.168049,0.178523,-0.027531,0.116702,0.011807,0.067096,-0.145690,0.079756,-0.216467,-0.089016,-0.074798,-0.066000,-0.056602,0.167686,0.273494,0.018234,-0.002161,-0.034823,0.160471,0.115809,0.026352,-0.079836,0.190604,-0.093763,0.138417,-0.056894,0.291433,0.069255,-0.067567,-0.216018,-0.101388,-0.123171,0.137175,0.088841,-0.014988,0.130323,-0.057502,0.137693,0.131753,0.005710,-0.031193,0.301629,-0.092198,0.170048,-0.065730,-0.003728,0.063595,-0.213030,0.122576,0.107454,0.004752,-0.163349,0.024049,-0.062956,-0.081119,0.050824,0.009095,-0.151818,0.067245,0.106823,-0.042767,-0.060656,0.089962,0.095213,-0.102577,0.011466,-0.051010,-0.040016,0.255608,0.318176,-0.005735,0.073343,-0.060815,-0.027602,0.171831,0.138518,0.266274,-0.012134,0.160185,0.002111,0.206422,0.028167,-0.057400,-0.120130,-0.017800,-0.063691,0.235829,0.185586,0.148869,0.193584,-0.006126,-0.080198,0.005424,#
3,0.087686,0.208726,0.023174,1.000000,0.176932,0.000103,-0.147133,0.096035,-0.163525,0.136670,-0.151085,0.136965,0.147796,-0.046792,-0.037009,-0.245194,0.095987,-0.086097,-0.163365,-0.074168,0.269690,0.117963,0.031049,-0.032988,0.282863,0.249483,0.221476,0.223351,0.052168,0.105621,-0.095632,0.169252,0.079168,0.054658,0.087277,-0.011254,-0.156205,-0.074712,-0.037526,0.316170,0.140758,0.215416,-0.060714,-0.021093,0.212846,-0.071765,0.046592,0.357019,0.066228,-0.000125,-0.030046,0.092835,0.153379,0.057854,0.344768,0.028644,-0.258026,0.027962,0.222649,0.054936,0.178655,0.061128,-0.052451,0.029849,0.094933,0.050157,-0.045880,-0.109640,0.034830,0.223674,-0.129680,0.033025,0.267205,0.180300,0.067378,0.014619,0.017840,0.065313,0.028516,0.103368,0.139429,0.393834,0.030472,-0.191858,0.002728,0.059819,0.097184,0.091944,-0.010055,0.148476,-0.112844,0.005740,0.036739,-0.064658,0.101690,0.118729,-0.078996,0.138360,-0.377131,0.154608,0.393679,0.062198,-0.166212,0.137894,0.133641,-0.044800,0.139793,0.343694,0.045046,-0.079396,-0.153857,0.383556,0.192332,0.075939,0.011504,0.138337,0.236887,0.288940,-0.017991,0.008415,-0.062088,0.238368,-0.106257,0.311477,0.074162,0.082519,0.155916,0.260805,-0.119389,0.245566,0.226993,0.005203,0.120829,0.176685,0.032710,-0.203926,0.119641,0.171755,0.116343,0.263750,0.087876,0.025833,-0.153539,0.190633,-0.199858,0.127161,0.275323,-0.011914,0.148777,-0.185280,-0.105195,-0.036399,0.123790,-0.011006,0.053971,-0.167590,0.318504,0.344824,0.056856,0.338963,0.323940,0.357364,0.191846,0.412124,0.018264,0.086079,0.115591,0.023894,0.089511,0.141594,0.391984,-0.128329,0.077572,-0.120850,-0.037735,0.119595,0.108849,0.010182,0.030005,-0.105008,0.103058,0.137070,0.115697,0.208530,0.123220,0.304453,-0.078701,-0.139330,0.302693,0.043115,0.095665,0.088321,0.301421,0.203975,0.364011,0.200550,0.223655,0.222592,0.004019,0.056722,#
4,0.153913,-0.086987,-0.109394,0.176932,1.000000,0.048245,0.161601,0.030997,0.163310,0.070036,0.035792,0.119708,0.091647,-0.312292,0.110977,0.049315,-0.227247,-0.041772,-0.280164,-0.068472,0.285390,0.327522,0.243727,0.101955,0.074741,-0.074130,-0.140886,-0.018493,0.264292,0.101415,0.051808,-0.041984,-0.016261,0.036268,0.105613,0.301959,-0.146424,-0.140527,-0.082204,0.131798,-0.110387,-0.065920,0.244950,0.210477,0.300163,-0.276330,0.306421,0.011943,-0.212366,-0.111066,0.188941,0.125271,0.085416,-0.186357,0.075832,-0.023148,-0.155870,0.106058,0.234633,-0.168856,0.169066,0.088679,0.217628,0.046565,0.052532,0.475365,0.063504,-0.210125,-0.026637,0.170696,0.049622,-0.017611,-0.019832,-0.176134,0.031700,0.123519,0.097534,-0.008318,0.040371,-0.003231,-0.129366,0.298841,-0.027908,-0.191407,0.144803,-0.088702,0.111879,0.075205,-0.015496,0.071538,-0.006304,-0.059308,0.079917,0.007157,0.198359,0.287328,0.230930,0.028777,-0.046695,-0.035804,-0.131752,0.214876,-0.115040,0.215885,-0.065405,-0.172647,0.180477,0.098834,0.085827,0.311953,-0.065842,0.108372,0.159102,0.191769,-0.060245,0.083432,-0.204116,0.317026,-0.097216,0.203580,0.193392,0.043906,0.080310,0.108206,-0.033580,-0.007540,0.134802,-0.127065,0.175623,0.265427,0.222036,0.171668,0.026832,0.065208,0.096866,-0.147463,0.059728,0.245720,0.109692,0.248254,-0.088008,0.167702,-0.117652,0.132427,-0.072698,0.177393,-0.039978,0.035458,0.077564,0.144168,-0.105487,0.067670,-0.041129,-0.124499,0.171503,-0.049223,0.191144,0.389355,0.217263,0.125321,-0.148572,0.248419,-0.039108,0.120455,0.084701,-0.057146,0.181202,0.077408,-0.171829,0.058743,0.179493,-0.056154,0.076990,-0.173170,-0.072558,0.049862,0.098847,0.165663,0.068664,0.138492,0.294547,-0.013703,0.023338,0.070798,0.230622,0.214967,0.008170,0.059966,-0.027785,0.111756,0.087775,0.045180,0.247086,-0.012271,0.071991,-0.234345,-0.162882,-0.045788,0.030468,0.147573,#
5,0.069154,0.224179,0.077797,0.000103,0.048245,1.000000,-0.058787,0.117866,-0.013102,0.055312,-0.062416,0.029990,0.212818,-0.077329,0.170074,-0.265915,-0.054894,0.013052,0.075162,0.377665,0.083247,-0.014479,-0.025762,0.170555,0.290726,0.156312,-0.016088,-0.051325,-0.094022,0.351871,0.081433,0.209154,0.121938,0.405460,0.066912,0.114949,0.139000,-0.145154,-0.058272,-0.017424,-0.052749,0.288990,0.000282,-0.000176,0.170199,0.191179,0.044286,0.280546,-0.079593,0.178597,0.154227,-0.047917,0.117724,0.013411,0.198902,0.223791,-0.123297,-0.111147,0.037831,0.028347,0.027224,-0.197372,0.187059,0.156464,0.103188,-0.116923,-0.014980,0.000098,-0.015134,0.163821,0.278271,0.121697,0.207168,0.088369,0.207164,-0.069161,-0.028460,0.309523,0.089297,0.110161,0.016567,0.236208,0.153148,-0.070226,-0.043951,-0.134244,-0.086191,0.083558,0.162280,0.114231,0.202163,-0.216779,0.095035,0.094788,0.051425,-0.267602,0.260727,0.144438,0.124281,-0.267126,0.108633,0.073743,0.107190,0.192321,-0.015028,0.187471,0.222201,0.077834,-0.145322,0.108121,-0.013192,0.040000,0.088908,0.035950,-0.227486,-0.094944,0.213636,0.398491,0.237871,0.000290,0.167481,0.170634,-0.053015,0.209958,0.076719,-0.026215,0.254629,-0.068550,0.113556,-0.093372,-0.073792,0.207327,0.032251,0.213678,0.264494,-0.119902,-0.291213,0.201330,-0.156188,-0.012479,-0.012347,-0.147957,-0.000266,0.047945,0.215788,-0.063952,-0.059238,0.053637,0.058804,0.075908,0.291363,-0.028343,0.316071,-0.000044,0.323471,-0.129664,0.380629,-0.026423,0.041814,0.099204,0.079156,0.292037,-0.131863,0.058312,0.147819,-0.131907,-0.165942,0.105345,0.114498,-0.105326,0.203699,0.011682,0.026680,-0.048746,-0.089177,0.255284,0.261013,0.237262,0.062153,0.157974,0.000542,-0.029841,-0.171375,-0.053489,-0.000133,0.427229,-0.000559,-0.042853,0.226523,0.188680,0.026053,0.185111,0.094405,0.312542,0.138999,0.203732,-0.039241,0.104184,-0.134688,0.014806,#
6,-0.021226,0.085223,0.121380,-0.147133,0.161601,-0.058787,1.000000,-0.082899,0.000111,0.047092,0.112485,0.009612,-0.176543,-0.286610,-0.184602,0.322215,0.227943,0.129554,0.048100,0.024905,-0.049824,0.000122,-0.072217,-0.001811,-0.129308,-0.105807,-0.077989,-0.020914,-0.042593,-0.154174,-0.004025,0.118752,-0.158159,-0.098435,0.099275,0.073771,-0.009726,0.105213,-0.037576,0.105288,-0.113047,0.018904,0.257717,-0.007411,-0.155962,-0.004764,-0.103208,-0.090908,-0.329801,-0.137078,-0.118250,0.008487,-0.052595,-0.146744,-0.118673,-0.033423,-0.248643,-0.122316,-0.104162,-0.026227,-0.035274,0.155288,-0.163920,0.062306,0.070643,0.161893,0.052415,0.044976,-0.099011,0.061651,0.162086,0.155203,-0.186988,-0.104203,-0.074573,0.088579,0.438000,-0.046914,0.183098,0.011141,-0.298527,0.070060,-0.031461,0.073164,0.131354,-0.077598,0.065368,-0.070236,-0.208331,-0.299992,-0.256492,-0.025584,0.045645,-0.164714,0.110912,0.155016,0.134896,0.002428,-0.163809,0.026131,-0.171047,0.060172,-0.105246,-0.050743,0.049918,-0.125426,-0.092131,0.055941,0.228125,0.017905,-0.028810,-0.174834,0.066622,0.411142,0.033127,0.211435,-0.093049,0.106189,-0.144620,0.124962,-0.070588,-0.026387,-0.283846,-0.184414,0.030869,-0.020060,-0.031416,-0.169457,0.027986,0.075123,0.129714,0.067784,0.151300,0.059430,0.104041,-0.031535,0.160542,-0.205550,0.082605,0.098334,-0.032238,-0.007058,-0.243110,-0.149663,-0.073561,0.062423,-0.110174,0.264817,-0.013760,0.026411,0.026610,-0.054295,-0.183497,0.192982,-0.045943,0.145531,-0.238880,-0.145367,-0.209358,-0.045373,-0.263458,0.051902,-0.018966,-0.088732,-0.165803,0.125084,0.058638,0.112213,-0.129590,-0.005398,-0.120874,0.258856,-0.294527,-0.153767,0.058476,0.048798,0.027705,0.054702,0.113766,-0.081641,0.257896,0.189542,-0.038633,0.028346,-0.027316,-0.132828,0.096842,-0.185929,0.055950,-0.035889,-0.070476,0.224872,-0.058227,0.048423,-0.040152,-0.136113,-0.028313,-0.207923,0.018803,-0.067318,#
7,0.149208,0.130977,0.047160,0.096035,0.030997,0.117866,-0.082899,1.000000,-0.046327,-0.163697,-0.321017,-0.068385,0.137830,-0.039460,0.019911,0.013165,0.142240,0.128126,0.222344,0.089215,0.227680,0.109401,0.144884,-0.020176,0.133865,0.119814,-0.000456,-0.157476,0.034590,0.106760,-0.007172,0.128298,0.161958,0.142617,0.156708,-0.022209,-0.268064,0.192576,0.399362,0.043637,0.080378,0.344547,-0.057858,0.005823,0.126663,0.212138,0.167108,0.128776,0.238526,0.182705,0.057826,0.036837,-0.030119,-0.128273,0.152715,0.006841,-0.019074,-0.134753,0.246710,0.281958,0.219494,0.101148,0.058729,-0.139384,0.188055,-0.007479,0.069980,-0.111901,-0.347532,-0.021039,0.150819,-0.133053,0.097568,0.007556,0.097916,-0.078381,-0.057865,-0.112317,-0.113432,0.024069,0.235694,0.023857,0.130450,0.108466,-0.074912,0.177982,-0.056684,0.078391,0.020752,0.117006,0.144836,-0.124261,0.164069,-0.072587,0.284564,0.261091,0.186905,0.201816,0.113493,0.201706,0.175081,0.037719,-0.294229,-0.067626,0.279796,0.020255,-0.044489,0.103263,0.135319,-0.166447,0.035048,-0.006754,0.236068,-0.042760,0.418719,0.062131,0.131241,0.023211,0.184989,0.233386,0.098835,0.241549,0.107180,0.015198,-0.052593,0.081664,0.144740,0.160974,0.158410,0.224688,0.038140,0.052651,-0.057245,-0.184461,-0.092525,0.000183,-0.038583,0.250490,-0.026206,0.031521,-0.152872,-0.006153,0.178520,-0.030650,0.198915,0.245762,-0.075911,-0.116500,-0.132698,-0.175214,-0.019390,0.141261,-0.014262,-0.256948,0.158031,0.148556,0.100872,0.218660,-0.193076,0.043525,0.101632,0.106001,0.193147,0.126672,-0.007819,0.060039,-0.144525,-0.154852,-0.170702,-0.087517,0.136558,-0.005855,0.229581,0.216845,0.030623,0.019340,0.059104,-0.195879,0.015759,-0.040250,0.154334,0.007977,-0.094656,0.081392,0.235888,0.179008,0.146097,0.176356,0.202440,0.296102,0.033581,0.087867,0.123666,0.068016,0.276762,-0.056159,0.155352,0.253382,-0.103071,0.113860,#
8,0.049119,-0.057433,-0.165997,-0.163525,0.163310,-0.013102,0.000111,-0.046327,1.000000,0.095738,-0.065839,0.183340,0.020242,0.149862,0.181134,0.120919,-0.033729,-0.194858,-0.299337,-0.041710,-0.007048,-0.008524,0.093985,0.067336,-0.020404,-0.036252,0.051466,-0.248847,0.029673,-0.180076,0.079440,-0.075955,0.002495,-0.074459,0.063475,0.400439,0.051979,-0.115185,-0.161329,-0.099209,-0.066203,-0.007760,0.185036,0.217357,0.000964,-0.116934,-0.133957,-0.376900,-0.025036,0.029761,0.139902,-0.043240,0.200026,-0.154379,-0.219973,0.073592,0.018667,0.075867,-0.118388,-0.138706,0.052803,0.157634,0.108509,0.113381,0.054122,0.187545,0.039762,0.159934,0.131311,0.069786,0.269273,0.127258,0.143306,-0.176676,0.124787,-0.076534,0.188103,0.044599,0.123347,0.154293,-0.114916,0.132165,-0.132902,-0.021234,-0.012007,-0.090868,0.025051,0.010938,-0.206327,-0.143454,0.074432,-0.065039,-0.185473,-0.180279,-0.312065,-0.065187,0.382646,0.224953,0.276008,0.243429,-0.248285,-0.259793,0.250655,0.379562,-0.251157,0.098223,-0.046249,0.056817,-0.036311,0.180945,-0.140704,-0.106318,-0.048213,0.030764,-0.141538,0.098378,0.283439,0.032570,-0.165007,0.198982,-0.039897,-0.022214,0.096293,0.373908,0.212526,0.185020,-0.077944,-0.018325,0.367198,0.094774,-0.055501,0.101936,-0.004975,-0.126551,-0.171351,0.130273,0.114523,-0.051805,-0.001661,-0.043150,-0.116181,-0.105081,-0.147339,-0.291886,-0.039281,0.218904,0.069183,0.157075,0.071229,0.006904,-0.069345,0.189996,-0.184639,0.040166,0.315106,-0.087709,0.093147,0.289840,0.272574,-0.215633,0.170218,-0.091057,-0.287151,-0.268998,-0.109103,-0.020937,0.152607,0.161431,0.171789,-0.174421,-0.169128,0.318519,-0.233505,-0.001211,0.172986,0.018340,0.148120,0.128876,0.075281,0.071240,0.196541,-0.090466,0.123970,-0.161216,0.011130,-0.092397,0.052626,0.125122,-0.179942,0.061526,0.202784,-0.100607,-0.009266,-0.021335,0.034658,-0.217977,-0.335746,0.108470,-0.181033,0.091705,#
9,0.020668,0.048358,0.044846,0.136670,0.070036,0.055312,0.047092,-0.163697,0.095738,1.000000,0.061268,-0.157271,-0.018920,-0.031621,0.092381,-0.213030,-0.159932,0.131625,-0.294235,-0.084497,0.038572,0.028281,-0.206807,0.038429,0.083643,-0.236103,0.075744,0.176223,-0.123823,-0.387102,-0.243478,0.184313,-0.061110,-0.184428,-0.148204,-0.003751,-0.051365,-0.286368,-0.050515,-0.030802,-0.069316,-0.063508,-0.181136,0.034941,-0.037733,0.016959,0.048306,0.006286,-0.056311,0.145116,0.261751,0.010264,0.016628,-0.119049,-0.207311,0.089458,0.046426,0.054033,-0.290891,0.142876,0.157823,0.048652,0.069484,-0.056206,-0.206004,0.121217,0.034792,-0.057590,0.112241,0.143519,0.209100,0.095901,0.157411,-0.021372,-0.178448,-0.052654,0.147251,-0.046026,-0.014100,0.096146,0.066877,0.221355,-0.160535,-0.129665,0.100707,0.032949,0.292494,0.070209,0.039257,0.219943,0.212041,0.043714,0.162109,-0.151876,0.141130,-0.202464,-0.038393,-0.186295,0.078315,0.342130,-0.107304,0.088428,0.087473,-0.109563,-0.005167,0.202768,-0.144506,0.134509,0.003797,-0.215939,-0.161634,0.258176,0.154249,0.041942,-0.002989,0.062193,0.115227,0.151040,0.166213,-0.040046,-0.235517,0.057368,-0.127748,0.137725,0.131129,0.003458,0.067985,0.116494,0.026748,-0.148928,-0.074681,0.022944,-0.069480,0.269631,0.162724,-0.237064,0.054563,0.012215,0.024236,0.044203,0.297004,0.260081,0.025552,0.142969,0.003037,0.142235,-0.127399,0.261111,-0.025755,0.099634,-0.106950,-0.127767,0.077118,-0.036288,-0.135581,0.050727,0.035592,0.145526,0.164819,0.147208,-0.121897,0.136865,0.198777,0.163734,-0.194374,0.003186,-0.097922,0.289556,0.026652,0.066342,-0.006668,-0.041524,-0.115534,-0.422241,-0.109622,-0.019050,0.243941,0.038387,0.058518,0.011347,-0.174090,0.162278,-0.015875,-0.027753,-0.023155,-0.010064,0.086848,-0.062703,0.213420,0.035101,-0.246689,-0.180776,0.000044,-0.012231,-0.248117,-0.004205,-0.042806,0.044310,-0.322199,-0.119249,#
10,0.075210,-0.078012,0.045904,-0.151085,0.035792,-0.062416,0.112485,-0.321017,-0.065839,0.061268,1.000000,0.138860,-0.030236,-0.147785,-0.124532,0.050080,0.027748,-0.005911,0.194679,-0.084933,-0.054031,0.013966,-0.395983,0.128329,-0.023873,0.070116,-0.274316,0.059029,0.046458,-0.140278,-0.046537,0.034376,-0.119759,-0.099237,-0.009534,-0.186481,0.181065,-0.038732,-0.204251,-0.162577,0.004787,-0.248265,-0.013159,-0.022482,-0.022607,-0.139776,0.218560,0.080314,-0.231381,0.000319,-0.184325,0.000199,0.173429,-0.091544,-0.039423,0.287322,0.000132,0.060844,-0.167275,-0.030921,-0.030683,0.044800,0.127428,0.200908,-0.114320,0.068491,-0.033406,-0.081841,-0.018427,-0.116731,0.040478,0.149607,-0.300686,-0.035860,-0.130203,0.102567,-0.215443,-0.058089,0.199872,-0.291041,-0.125054,-0.127231,0.045620,-0.068450,-0.125186,0.154653,0.169093,0.150033,-0.217974,0.073402,-0.033065,0.037449,0.023491,-0.170107,-0.002992,0.028656,0.134156,0.022811,-0.080250,-0.052668,-0.072530,-0.126231,-0.022239,0.053333,-0.543597,0.006987,0.130460,-0.044936,0.039343,-0.015088,0.093771,-0.158888,-0.082895,0.114311,0.004159,-0.056235,-0.272196,-0.057051,-0.127638,-0.133266,-0.025103,0.083356,-0.109584,-0.066176,0.066312,0.117057,0.281228,0.033667,-0.119195,-0.114104,-0.072469,0.228818,-0.027320,-0.023368,0.040994,-0.042022,-0.092966,0.088732,0.021636,0.104072,0.043396,0.135875,0.160704,0.199450,0.151332,0.117970,-0.065319,0.010082,-0.014267,0.136437,0.167652,-0.307383,-0.050514,0.173115,-0.045012,-0.102075,-0.023300,-0.025580,0.099603,-0.086131,-0.029253,0.110689,-0.076402,0.043084,-0.399004,0.143707,0.130833,0.229036,0.089825,-0.147297,-0.152611,0.081361,-0.143552,-0.008312,0.182454,0.165376,0.082410,-0.017009,-0.049638,0.161654,-0.277697,-0.137173,-0.054947,0.026341,-0.060734,0.000342,0.296399,0.102567,-0.024407,0.039767,-0.182901,0.003985,-0.062493,0.233150,-0.050476,-0.220224,-0.167507,-0.114107,0.028712,0.243442,#
11,-0.054853,-0.262955,-0.110971,0.136965,0.119708,0.029990,0.009612,-0.068385,0.183340,-0.157271,0.138860,1.000000,0.006133,-0.004923,0.107769,0.118244,-0.093974,-0.076046,0.080670,0.003871,-0.032974,-0.028512,0.052890,-0.034768,0.086508,0.097648,-0.215307,0.177220,0.060526,-0.053845,0.413183,0.148779,0.132697,-0.009186,-0.000006,-0.183996,-0.023271,-0.031240,-0.193991,-0.198520,0.201279,-0.073667,0.146528,-0.094030,0.128394,-0.232674,-0.086362,0.044682,-0.086538,-0.155140,-0.294473,-0.155128,0.222886,-0.001808,0.099180,0.040561,-0.150025,0.343625,0.212620,0.244434,-0.013956,0.091243,0.167802,0.088149,0.014010,-0.016065,-0.092582,-0.026207,-0.019605,-0.099981,-0.136304,-0.078103,-0.131127,0.098031,0.157712,0.265779,-0.208930,0.250906,0.224932,0.055821,-0.168787,-0.125068,-0.080535,-0.073786,-0.145615,-0.209944,-0.020771,0.114505,0.063701,-0.035410,-0.257884,-0.098007,0.032931,0.105079,-0.232978,0.159090,0.037500,0.168956,-0.066161,0.039199,0.003974,-0.180140,-0.203862,0.284611,-0.228174,0.002414,0.114947,0.122741,-0.054023,-0.094563,-0.081218,0.116511,-0.008039,0.022752,0.112785,-0.078356,-0.021833,0.134858,-0.237057,0.283299,0.050472,-0.112576,0.040023,0.411176,0.149379,-0.078462,0.066753,0.299820,0.160435,0.149475,0.057880,0.141383,0.238990,-0.008091,-0.065298,0.202075,0.161298,0.146654,-0.034094,0.299902,-0.153680,-0.192503,0.064178,0.275266,-0.032860,0.096554,0.212125,-0.095981,-0.136907,-0.211162,-0.049190,0.078122,0.018936,0.167755,-0.058924,0.048275,-0.111884,0.035456,0.101705,-0.055500,0.139898,0.106987,-0.272153,0.228814,-0.104825,0.121943,0.014932,0.044390,0.017989,0.016345,0.194196,0.199654,-0.151994,0.092839,-0.014058,0.154063,0.139863,-0.094176,-0.005849,-0.002951,-0.029830,-0.236093,0.056600,0.183765,0.076670,-0.070336,0.140975,0.122380,-0.135895,-0.146996,0.188693,0.228702,0.072188,-0.005746,0.088695,-0.013813,-0.079115,0.068748,-0.010542,0.116324,#
12,0.335230,0.188442,-0.121632,0.147796,0.091647,0.212818,-0.176543,0.137830,0.020242,-0.018920,-0.030236,0.006133,1.000000,-0.058749,0.179330,-0.172029,-0.029268,-0.154501,-0.006823,-0.030370,0.097414,0.085343,0.064485,-0.059097,0.162236,0.160974,-0.003235,-0.144900,-0.064542,0.124124,0.111058,-0.194189,-0.016469,0.007566,0.422930,-0.020921,-0.080603,-0.164615,-0.120601,-0.056779,-0.154259,-0.245928,-0.120955,0.085366,0.046978,-0.014465,0.197264,0.242869,0.227660,0.279751,0.082084,-0.136880,-0.050691,-0.005614,-0.083560,0.119906,-0.061003,-0.196794,0.217075,-0.109370,-0.162267,-0.116200,0.090930,-0.158962,-0.049386,-0.112495,-0.225551,0.248483,0.054563,0.013887,-0.078838,0.091293,0.205074,-0.132290,-0.006874,0.330617,0.023085,-0.001047,-0.102515,0.070524,0.249943,0.122992,0.075482,-0.304101,-0.035734,0.106071,0.084543,0.108340,-0.028844,0.099306,0.142247,-0.274938,0.120382,0.272270,-0.102607,0.013345,-0.084211,-0.081240,-0.224254,-0.202578,0.019196,-0.057298,-0.163022,-0.064824,0.064321,-0.013974,-0.022683,0.238514,-0.114121,-0.024186,-0.000401,0.002930,0.194225,0.002720,-0.109013,-0.099275,-0.180422,0.173766,0.079330,-0.086915,0.177320,0.259704,0.013034,0.109066,0.109367,0.326275,0.057994,0.034510,-0.224116,0.027775,-0.304403,-0.233121,-0.000685,-0.134967,-0.112770,-0.049023,-0.154052,0.057557,0.040478,-0.190633,-0.204879,-0.224351,-0.137475,0.158338,-0.169428,0.148713,0.243504,0.102902,-0.208617,-0.052966,0.143416,-0.166928,0.142612,-0.284842,0.140644,-0.203080,0.016711,0.129362,0.208152,-0.262212,-0.038726,0.293944,0.010586,-0.034147,0.086897,0.168350,-0.105127,0.072494,0.221411,0.014945,0.230609,-0.213866,0.066698,0.029186,0.138595,0.128623,0.119541,-0.056059,-0.488787,-0.034499,-0.094129,0.161326,-0.083373,0.097951,-0.012344,0.087662,0.174279,-0.076669,0.207157,0.013048,-0.070336,-0.026726,-0.225621,-0.013074,-0.038036,-0.154489,-0.117508,0.022581,-0.108148,0.053662,#
13,-0.444291,0.263795,-0.046815,-0.046792,-0.312292,-0.077329,-0.286610,-0.039460,0.149862,-0.031621,-0.147785,-0.004923,-0.058749,1.000000,-0.028895,0.038105,-0.042894,-0.099374,0.161668,-0.177678,0.126109,0.113544,0.244005,0.156707,-0.097269,0.389773,-0.081766,-0.071815,-0.051667,0.023435,-0.030386,0.040474,0.056177,0.140036,-0.060673,0.213062,-0.007027,0.102892,-0.178318,-0.190333,0.142575,-0.006945,0.035856,-0.177828,0.017225,0.121925,-0.233627,0.151491,0.282957,0.017697,-0.151165,0.037953,0.072518,0.050517,0.143689,0.165940,0.141113,0.142650,-0.088076,0.064428,-0.047177,0.159025,-0.147660,-0.073556,-0.011550,-0.101830,0.209081,0.118904,0.150680,0.213191,-0.166132,-0.069300,0.347685,0.051968,0.017806,0.024952,0.031637,0.077523,-0.005331,-0.014688,-0.121211,-0.044668,0.160094,0.093819,-0.234032,0.190064,-0.193704,0.105107,0.313841,-0.049890,0.122118,0.123463,0.165869,0.102375,-0.203250,-0.167604,0.122370,0.046874,0.101811,0.137721,-0.020931,0.080376,0.134794,0.079945,-0.037575,-0.054258,-0.063923,0.305731,-0.227598,0.044716,-0.158255,0.063665,-0.222418,-0.080744,0.060285,-0.069757,0.105550,-0.056697,-0.033789,-0.147678,0.156149,-0.100226,0.121188,0.092954,0.038254,-0.094052,-0.077346,0.103738,0.088666,0.046835,-0.127089,-0.158599,0.084686,0.073971,-0.197544,0.069983,-0.076624,0.045379,0.233595,0.036491,0.200929,-0.171560,-0.033955,-0.168163,-0.074095,0.085247,0.060714,0.167804,0.028520,-0.147486,0.097782,0.052059,-0.093041,0.229583,-0.099956,0.036407,-0.025851,-0.236360,0.094934,-0.047801,0.114360,-0.110568,0.205974,-0.009505,0.023068,-0.117142,-0.103373,0.186762,-0.069162,-0.043770,-0.028005,0.044678,-0.213068,0.335363,-0.029168,0.115790,0.067788,-0.132641,-0.072260,-0.038424,0.021381,-0.129390,0.121287,-0.095899,-0.224636,-0.014099,-0.141394,-0.270789,-0.143633,0.153752,0.245851,0.121937,0.027158,0.024875,0.059084,0.261751,-0.090305,0.310319,-0.004935,0.158867,#
14,0.156243,-0.088284,-0.077463,-0.037009,0.110977,0.170074,-0.184602,0.019911,0.181134,0.092381,-0.124532,0.107769,0.179330,-0.028895,1.000000,-0.177302,0.040504,0.176324,-0.086469,-0.034836,-0.132273,0.054917,0.169389,0.118993,-0.121052,-0.101690,-0.004141,0.134132,-0.081704,0.218902,0.458132,0.019674,-0.003185,0.000836,0.093378,0.114960,0.188811,-0.028289,0.230488,-0.042354,0.027433,-0.008903,-0.045633,0.139558,0.206929,0.040721,0.045062,-0.089262,0.104304,-0.015696,-0.001530,0.092251,0.253004,-0.263939,-0.023672,0.263428,0.244720,0.012541,0.220344,-0.194001,0.196772,-0.182356,0.179893,0.075980,-0.078805,0.125468,-0.152588,-0.159881,0.080793,0.081867,0.309973,0.136073,0.267423,0.073294,0.106248,0.176953,-0.113090,0.057931,-0.246111,0.070355,0.068843,0.131902,0.131594,0.122158,0.011582,-0.036163,-0.015620,0.020028,0.019281,0.332217,0.240750,-0.173978,0.229449,0.276370,0.015433,0.016772,-0.154887,0.021031,0.012178,0.056602,-0.275819,-0.037894,0.037008,0.084808,-0.017283,0.017024,0.076992,0.042846,0.085410,0.160925,-0.128511,0.119175,0.244131,-0.017214,-0.060941,-0.040008,0.112094,0.120755,-0.049483,0.218705,0.218389,-0.101025,0.072697,0.255971,0.082232,-0.163424,-0.082700,0.045710,0.090715,0.107054,-0.273878,-0.022757,-0.021029,0.048666,-0.101891,-0.272197,0.142105,0.096528,-0.015863,0.109689,-0.095194,0.056117,0.165198,0.326348,0.236405,0.022598,0.014620,-0.017408,-0.012266,-0.108966,0.304993,0.034664,0.313481,-0.081910,-0.015454,-0.075503,0.169778,-0.068957,0.097326,0.089373,-0.027631,-0.036217,0.103320,-0.132328,0.396822,0.080234,-0.110883,0.168236,0.042651,0.032326,0.102973,-0.263252,-0.019203,-0.109296,-0.070418,0.037572,-0.100179,0.181708,0.059321,0.209570,0.032460,-0.041419,-0.053367,0.100278,-0.075224,0.133293,0.234795,0.212369,-0.086148,0.124562,0.011788,0.085013,0.157719,-0.006684,-0.049864,-0.026341,-0.084450,0.250820,-0.165578,-0.038460,#
15,-0.024556,-0.211733,-0.004135,-0.245194,0.049315,-0.265915,0.322215,0.013165,0.120919,-0.213030,0.050080,0.118244,-0.172029,0.038105,-0.177302,1.000000,0.071839,0.169518,0.122321,-0.035908,-0.083695,-0.034988,-0.011123,0.134364,-0.053476,0.063563,-0.177107,-0.069007,0.063162,-0.312952,0.003911,0.101563,-0.135274,0.080942,0.052372,-0.000379,0.021857,0.147020,-0.141565,-0.001758,-0.019210,-0.139390,0.136220,0.011146,-0.148500,-0.051053,-0.029528,-0.216141,-0.210790,-0.044169,0.009727,-0.027819,0.041808,0.052451,-0.027468,-0.021729,0.121467,-0.002056,-0.013774,0.207257,0.112670,0.140422,0.157623,-0.106935,0.111017,-0.012163,0.142511,0.159275,-0.107201,0.086345,-0.103056,-0.184267,-0.175623,0.049997,0.030067,0.082450,-0.019029,-0.148570,0.207948,-0.152229,-0.319787,0.083003,-0.018537,0.167196,0.040484,-0.026755,-0.314711,-0.162814,-0.051344,-0.341447,-0.093314,0.147580,0.056559,-0.054688,-0.141599,0.208017,0.076690,0.144697,0.186558,0.216982,-0.223435,-0.087645,-0.057396,-0.014105,-0.023670,-0.048347,-0.145707,-0.127518,0.012709,0.022931,0.009104,-0.142996,0.180656,0.003662,0.417537,0.067126,-0.318340,-0.149335,-0.157068,0.369542,-0.104841,0.107175,0.055216,-0.039016,-0.213620,-0.029770,-0.082622,-0.030183,0.032555,0.215475,0.147357,-0.095818,-0.069152,-0.143631,0.040906,0.326855,0.262376,-0.147398,-0.023882,0.115355,-0.187471,-0.084969,0.044035,-0.169146,-0.098527,-0.040751,-0.079602,0.008976,0.023501,-0.158996,-0.021354,0.232093,-0.116570,0.200199,-0.099784,0.167124,-0.245937,-0.229566,-0.102958,0.017111,-0.048914,-0.093527,0.072711,0.074099,0.025851,0.020339,0.058479,-0.079407,-0.093461,0.118786,-0.310844,0.182198,-0.191284,0.093548,0.093727,0.010748,-0.033101,-0.069820,0.189695,0.086194,0.019496,-0.026039,-0.137372,0.037458,0.266164,-0.183470,-0.089840,-0.116373,-0.161247,-0.010988,-0.001863,0.234293,-0.115990,-0.083645,-0.041032,0.004098,-0.225997,-0.088281,0.247732,-0.064426,#
16,0.157489,0.169726,-0.096574,0.095987,-0.227247,-0.054894,0.227943,0.142240,-0.033729,-0.159932,0.027748,-0.093974,-0.029268,-0.042894,0.040504,0.071839,1.000000,0.030585,0.270670,0.242400,0.072039,-0.298489,0.019662,0.101920,-0.066227,0.209542,-0.044865,0.051440,-0.214880,0.040937,0.204039,0.108984,-0.087257,-0.005418,0.157299,0.045069,0.055974,0.312458,0.154941,0.140890,-0.100760,0.090108,0.109135,-0.026175,-0.034511,-0.185951,0.032436,-0.055211,0.070561,0.128688,-0.074248,0.075133,0.048786,-0.022038,-0.063839,0.056375,-0.079282,-0.186551,0.022427,0.208793,0.117238,0.198129,-0.088702,0.041246,0.268311,-0.009228,-0.042164,0.133096,-0.058597,0.092067,0.014402,0.162098,0.146735,0.115489,0.078126,0.030556,0.076112,-0.132443,-0.037740,0.108486,0.194827,-0.066953,0.103721,-0.075643,0.053664,0.114198,-0.009551,-0.099440,-0.257173,0.016719,-0.276691,0.155305,0.276211,-0.180079,-0.058847,0.076935,-0.057489,0.163489,-0.133309,0.106740,0.092261,0.080018,-0.029469,0.084998,0.147742,0.044946,-0.078445,0.049667,0.326839,-0.092734,0.101801,-0.067938,0.112291,0.128488,0.092828,-0.041537,0.325108,-0.044763,0.083057,-0.018013,-0.177023,0.097062,-0.016202,-0.160917,0.266947,-0.041728,-0.194611,-0.082441,-0.052654,-0.011668,0.057282,0.053120,0.051311,0.166408,-0.016327,0.095732,0.137093,0.028130,-0.078075,-0.243743,-0.091408,-0.026333,-0.072904,-0.116852,-0.013385,-0.221279,0.011275,0.086248,0.127674,-0.028146,0.177821,-0.097882,-0.115826,-0.040093,-0.027911,-0.092500,0.178787,-0.018437,-0.172404,0.085969,0.198616,-0.084894,0.079615,-0.007935,0.134280,0.098124,-0.041562,0.208236,0.016127,0.005865,-0.209005,0.103559,-0.113855,0.343573,0.180455,-0.075690,-0.000703,0.260974,0.052184,-0.059633,0.158719,0.144147,-0.137509,0.180077,-0.056079,-0.058688,-0.157493,-0.058667,0.142524,0.123519,0.106577,0.170084,-0.133535,0.224920,0.195645,-0.015519,0.027807,-0.050432,0.052151,-0.069053,#
17,-0.091194,-0.035747,0.094197,-0.086097,-0.041772,0.013052,0.129554,0.128126,-0.194858,0.131625,-0.005911,-0.076046,-0.154501,-0.099374,0.176324,0.169518,0.030585,1.000000,-0.066662,0.033741,-0.086626,0.106147,0.033891,-0.058126,0.016776,-0.033460,-0.190747,0.156630,-0.070647,-0.130201,0.113896,0.131275,-0.233381,-0.051501,-0.137511,-0.369431,-0.067721,0.195058,0.341930,-0.158579,-0.108416,0.216517,-0.075044,0.106343,0.130073,0.267916,0.030836,-0.005888,0.006112,0.045946,0.012386,-0.112435,0.003563,0.055843,0.087889,0.171421,0.120252,-0.150367,0.070639,0.027987,0.214761,-0.153094,0.354642,-0.055564,-0.182895,-0.028904,0.261767,-0.075878,0.029320,-0.130732,0.265459,-0.068958,-0.066923,0.329693,0.210134,0.050179,-0.229032,-0.002210,0.108037,-0.062959,-0.132798,0.051009,-0.018284,0.253323,-0.099006,-0.130577,0.259390,-0.127468,-0.137323,-0.060660,0.021080,0.109100,0.187828,0.109388,0.231974,-0.016131,-0.127225,-0.092883,0.096964,0.230250,-0.059945,0.053469,-0.043545,-0.192195,-0.080719,0.208497,-0.100916,-0.034494,-0.020446,-0.003950,0.025517,-0.156450,0.267154,0.142993,0.255807,-0.055363,-0.078073,0.043693,0.080964,0.172680,-0.101176,0.008507,-0.072119,-0.158887,0.027115,-0.001936,-0.086024,0.082813,0.008372,0.063938,0.063784,0.079142,-0.002485,-0.040905,-0.057549,-0.031302,0.234141,-0.017436,-0.279355,0.085437,0.081690,0.044385,0.277381,0.083787,0.074415,0.019986,-0.422903,-0.235652,-0.024163,-0.056585,0.216390,0.053816,-0.067627,0.104550,-0.162637,0.116571,0.146264,-0.160639,0.003952,0.110565,-0.093730,0.007377,0.282267,0.038530,-0.138201,-0.296863,-0.310686,-0.054881,0.004501,0.028251,-0.115848,-0.104428,-0.106459,-0.269455,-0.058356,0.109801,0.108740,-0.008225,0.201767,0.159378,-0.081373,0.151115,-0.044249,0.094220,-0.008594,-0.155290,0.075645,0.049861,0.039422,-0.129738,-0.021635,0.085420,-0.185270,-0.143115,-0.220682,0.197878,0.011452,-0.192883,-0.112493,-0.261517,#
18,-0.161264,0.089860,0.077729,-0.163365,-0.280164,0.075162,0.048100,0.222344,-0.299337,-0.294235,0.194679,0.080670,-0.006823,0.161668,-0.086469,0.122321,0.270670,-0.066662,1.000000,0.041320,0.077721,0.150638,-0.174134,0.117823,-0.140005,0.105220,-0.179164,-0.124311,0.011245,-0.020334,0.037152,0.052063,-0.051202,0.303840,0.068693,-0.093940,-0.192297,0.354130,0.072786,-0.016941,0.206087,-0.038493,0.167035,-0.277843,-0.127164,0.004127,0.260348,0.396309,0.160904,-0.069435,-0.358249,0.081530,-0.022718,-0.023919,0.105428,0.007026,-0.021042,0.000578,0.142683,0.200377,-0.059289,0.063653,-0.146464,-0.084072,0.213366,-0.240202,0.158674,-0.149240,-0.177652,0.059188,-0.194278,-0.017654,-0.064554,0.081168,-0.046758,-0.088842,-0.216846,0.006140,-0.015288,-0.147976,-0.020246,-0.282997,0.162360,-0.007770,-0.044678,0.248390,-0.290826,0.225801,-0.080495,-0.031663,-0.070556,-0.003582,0.166760,0.091391,0.064702,-0.021153,-0.016806,0.007554,-0.030958,-0.070082,0.171918,0.043377,-0.133465,-0.111676,0.185175,0.243220,-0.033991,0.152849,0.029273,-0.090873,-0.040366,-0.018767,-0.044799,-0.104848,0.223790,-0.068719,-0.131929,-0.125824,0.102527,0.010540,-0.018016,-0.170879,-0.018028,-0.155507,0.108712,-0.107086,0.054290,-0.049394,0.029316,-0.082003,0.018283,0.031557,-0.197669,-0.088268,0.006159,0.183543,-0.162182,0.030862,0.127989,-0.153779,-0.302754,-0.121767,-0.031845,-0.077354,0.027363,0.004144,-0.022111,-0.039798,-0.041075,-0.082173,0.065813,-0.097252,0.243869,0.032064,0.078329,0.086093,-0.184431,-0.300921,-0.292635,-0.171475,-0.072342,-0.184312,-0.039178,-0.084541,0.067206,0.037984,0.003932,-0.089911,-0.110363,0.044623,0.109317,0.011642,-0.019155,0.276108,0.159593,0.045375,-0.152881,-0.069078,-0.089423,-0.002445,0.015507,-0.190385,-0.256200,-0.038628,-0.082144,-0.161033,-0.096227,-0.097030,-0.143522,0.079073,0.030665,0.200409,0.075905,0.147207,0.154284,-0.000223,-0.054445,0.218508,0.115570,0.228055,#
19,0.124684,0.010575,0.080400,-0.074168,-0.068472,0.377665,0.024905,0.089215,-0.041710,-0.084497,-0.084933,0.003871,-0.030370,-0.177678,-0.034836,-0.035908,0.242400,0.033741,0.041320,1.000000,-0.007922,-0.127076,-0.091123,-0.098233,0.089507,0.025534,-0.003587,0.086760,-0.284011,-0.023137,0.056154,0.163658,0.176418,0.146601,0.072028,0.060932,0.150746,0.211170,0.057374,0.044125,0.163418,0.297074,-0.047098,0.035781,-0.106911,0.113952,-0.033853,0.049888,0.201483,0.353496,0.112829,-0.235064,0.114622,0.299190,-0.119366,0.147765,0.097408,-0.078053,0.032568,0.164281,0.010323,-0.066135,-0.024984,0.085941,-0.002611,-0.136518,0.135905,0.132789,0.286375,0.068191,0.307546,-0.073905,0.090583,0.039819,-0.149604,0.125439,-0.018320,0.135062,0.070758,0.119623,0.259455,-0.086359,0.043514,0.191493,0.194938,-0.049485,0.132074,-0.067022,0.087689,0.066098,-0.168155,0.093853,0.000090,-0.145340,-0.006932,-0.084943,0.143882,0.252402,0.173476,0.222391,0.068067,0.049890,0.179537,0.136437,0.123777,0.184304,0.212833,-0.090500,-0.063678,-0.229861,0.319975,-0.037634,-0.047644,-0.109588,-0.046707,-0.026931,0.260257,0.156069,0.288275,-0.009127,0.226758,-0.034919,-0.035072,-0.014122,0.021400,0.105966,0.071944,0.198053,0.128861,-0.069201,0.160600,0.094355,0.015440,0.254970,-0.066596,0.065715,-0.100439,0.009751,0.149434,-0.157182,-0.080076,-0.027883,-0.198957,-0.096558,0.361659,-0.228916,-0.162342,-0.199250,0.133723,0.185393,0.056206,0.155023,-0.009524,-0.036628,0.185592,0.034442,0.293879,-0.054927,0.287133,0.147343,0.264786,0.206235,-0.113699,0.295465,0.314924,0.171668,-0.031147,0.108033,-0.045026,0.085429,-0.192315,0.203477,0.270196,0.148004,0.141385,0.058149,0.079578,0.195750,0.143533,0.054091,0.090397,0.197827,0.128502,0.181621,0.008647,0.067519,-0.186807,-0.010740,0.122690,0.136736,0.000591,0.050027,-0.142943,0.149746,0.125931,0.121399,0.132129,-0.136756,0.052608,-0.128411,#
20,-0.152930,0.268070,-0.030697,0.269690,0.285390,0.083247,-0.049824,0.227680,-0.007048,0.038572,-0.054031,-0.032974,0.097414,0.126109,-0.132273,-0.083695,0.072039,-0.086626,0.077721,-0.007922,1.000000,0.115215,0.194088,0.279295,0.265075,0.340393,-0.188627,0.112591,0.237685,-0.002332,0.025384,0.008616,0.307474,0.229127,-0.072006,0.219167,-0.325941,-0.005019,-0.131622,0.260681,0.096279,0.124065,0.036266,-0.338590,0.280649,-0.081599,0.015947,0.173810,0.145001,0.226089,-0.116486,0.147863,0.094591,0.122942,0.192344,-0.277321,-0.361114,-0.193331,0.153279,0.062950,0.025761,0.010243,0.029606,0.118029,0.053929,0.109238,0.041209,-0.161270,-0.128506,0.023843,0.096270,0.033728,0.297471,0.073646,-0.050541,-0.030374,0.176219,-0.074616,0.350721,-0.086990,-0.131840,0.113105,0.186911,-0.368075,-0.140223,0.087514,-0.001255,0.134062,0.071437,0.314554,0.117044,0.044353,0.014610,-0.163296,-0.013355,0.255657,0.198845,0.040664,0.019888,0.135284,0.177727,0.064293,-0.023790,0.197806,-0.038488,0.241746,0.321823,0.006234,-0.014178,0.311373,-0.068028,0.200824,0.032499,-0.017154,0.083951,-0.000494,0.024985,-0.027163,-0.048354,-0.048802,0.073316,0.138214,-0.046839,0.123705,0.138357,0.134289,0.290974,-0.116584,-0.000472,0.138679,0.066081,0.153523,0.163467,0.157957,-0.045233,-0.026619,-0.055121,0.302737,0.008023,0.226630,0.017231,0.093548,-0.004853,-0.046986,-0.016425,-0.111586,-0.105826,0.048626,0.076840,-0.073630,0.064072,0.043440,0.098344,0.045246,0.076399,0.020625,0.195063,0.165563,0.098226,0.012186,0.182573,0.195820,0.080837,0.092531,-0.109627,0.041072,0.007802,0.215918,0.027584,-0.258552,0.231368,-0.075859,-0.026760,0.232413,0.089994,0.168162,-0.025455,0.176957,0.010080,-0.080120,0.191178,-0.020136,0.036730,0.088709,0.100557,0.202795,-0.057494,-0.058027,0.070163,0.158426,0.186759,0.267957,0.259434,0.172159,0.210912,0.113378,0.005539,0.139860,-0.036107,0.007201,#
