0,1.000000,0.006482,-0.126653,0.066830,0.186879,0.066496,-0.000283,0.136130,0.108189,0.104558,0.015866,-0.141644,0.335590,-0.382644,0.160533,0.053186,0.130778,-0.089479,-0.181563,0.110927,-0.226730,-0.038526,0.105608,-0.097866,0.134701,-0.062118,0.443127,-0.004815,-0.081371,-0.000220,0.001365,-0.090955,-0.098396,-0.207699,0.357348,0.004223,0.123158,-0.172465,0.254525,0.283162,-0.264368,-0.027797,-0.038102,0.103434,-0.105836,0.035496,0.269259,-0.179801,-0.140732,0.173329,0.446412,-0.073008,0.177601,0.067553,-0.125249,0.154216,0.058532,0.105895,0.075721,-0.177673,0.196961,0.025350,-0.099612,0.015867,0.101700,0.131842,-0.223677,0.315237,-0.013154,0.098353,0.115147,0.101806,0.027572,-0.109560,-0.025623,0.132734,-0.184497,-0.070242,-0.122647,0.186452,0.345237,0.179580,-0.116266,-0.033573,-0.002100,0.294967,0.171554,-0.193136,-0.118439,0.032170,-0.062320,-0.178605,-0.125978,-0.177043,-0.017534,0.154253,-0.054266,-0.022258,0.020588,-0.022133,-0.126450,0.048937,-0.258584,0.080410,0.222643,-0.242043,-0.453190,0.042212,0.143347,0.008959,0.238789,-0.155463,0.054927,0.191412,-0.051486,0.233624,-0.003372,0.105362,0.229879,0.124844,0.015249,0.282980,0.182200,-0.022351,-0.020189,0.052603,0.104615,0.158301,0.073187,-0.055151,0.087176,-0.237011,-0.198746,-0.088197,0.023424,-0.217386,0.104005,0.110945,-0.091630,-0.294706,-0.276746,0.129200,-0.118371,0.116341,-0.055988,0.176112,0.064316,-0.043731,0.058569,-0.096085,-0.211261,0.073273,0.023771,-0.370127,0.166830,0.028158,0.054438,0.140123,0.185698,0.098955,0.080564,0.216670,-0.008661,-0.060560,0.187472,0.022301,0.118169,0.006948,0.194924,0.159979,-0.039549,0.104389,0.370855,-0.118195,0.135171,-0.329896,-0.008608,0.106149,0.012159,0.117608,-0.140349,-0.052738,-0.079305,0.093253,0.100281,0.131205,0.040545,0.164281,0.159875,0.202845,0.038946,-0.071487,-0.171082,-0.017236,0.054375,-0.125711,-0.067491,-0.091598,-0.099128,0.124383,#
1,0.006482,1.000000,0.029843,0.326112,-0.136266,0.244546,0.087608,0.069252,0.047809,0.017138,0.039842,-0.215838,0.172989,0.240405,-0.224631,-0.209080,0.279124,0.009737,0.209780,-0.144426,0.262224,0.162997,0.188018,0.245038,0.063862,0.322605,0.156346,-0.197710,-0.004313,0.171955,-0.161014,0.088589,0.010333,-0.052268,0.138201,0.276616,-0.078714,0.215888,0.086227,0.189346,-0.069947,-0.013490,0.144735,0.071648,0.120979,0.188101,-0.089823,0.169131,0.091310,0.117385,0.091234,0.241095,0.047196,0.097663,0.037864,0.215894,-0.188454,-0.030270,0.161640,-0.059977,0.137404,-0.012011,-0.115637,0.002889,-0.088468,0.116999,0.039628,0.035670,0.148754,0.261380,0.122707,0.216935,0.245628,-0.004895,0.019967,0.004107,0.181702,0.220181,0.064312,0.031464,0.146142,0.141207,0.190046,-0.061144,-0.039099,0.224835,0.082079,-0.224891,0.032696,-0.064332,0.123354,-0.002978,0.079927,-0.173160,0.078706,0.006911,-0.027463,0.029124,0.012620,0.202972,0.050552,0.034101,0.159741,0.109572,0.248760,-0.027833,-0.252061,0.249862,-0.024919,0.068173,0.183681,0.155623,0.106701,0.092510,-0.137210,0.058416,0.393549,0.398648,0.160282,-0.032508,0.279493,0.104408,-0.234674,0.096377,0.158816,0.054668,0.343447,0.061884,-0.073167,-0.040215,-0.088866,-0.238605,-0.125859,0.179970,-0.189920,-0.089061,-0.056545,0.147153,0.114050,-0.033087,-0.037096,-0.006418,-0.273875,-0.218881,-0.015081,-0.024668,0.119589,0.176984,-0.031812,-0.160176,0.125157,-0.025181,-0.013516,0.038517,0.048409,-0.022562,0.172583,-0.072834,-0.119849,0.009621,-0.112215,0.109302,0.339850,0.063296,-0.201864,-0.319414,0.000033,0.266042,-0.089296,0.007925,0.328258,-0.145775,0.091102,0.000288,0.294382,0.203697,0.108858,0.113311,0.013872,-0.173322,0.020798,-0.160728,-0.126634,0.146578,-0.112692,0.167162,0.075601,-0.122789,0.233506,0.159006,-0.063893,0.236731,0.057493,0.271375,0.223740,0.170682,0.195602,-0.039526,0.039341,0.221313,#
2,-0.126653,0.029843,1.000000,0.108880,-0.089472,0.078607,0.105526,0.084176,-0.171679,0.061008,0.067368,-0.076709,-0.068466,-0.073636,-0.097468,-0.068880,-0.065691,0.123470,0.114053,0.096248,-0.034452,0.120809,-0.174463,-0.032430,-0.083671,-0.193785,-0.000037,0.082305,-0.141741,0.026064,-0.046394,0.291445,0.317691,0.215056,0.054271,-0.111843,0.208913,-0.006043,0.194648,0.269487,0.372700,0.119482,-0.194456,0.035703,0.037255,0.252559,0.161340,-0.017448,0.046570,0.243287,-0.063028,-0.134133,-0.050334,0.269433,0.172409,0.096476,0.162811,-0.029684,-0.033891,0.038132,0.037774,0.022452,-0.138408,0.307297,-0.013300,-0.293438,0.396247,-0.123608,0.263152,0.260230,0.200205,0.021685,-0.162680,0.267304,-0.124366,-0.065626,0.085676,0.139858,0.188133,0.269775,-0.015706,0.244927,0.086389,0.154891,-0.032488,0.211492,0.173295,0.335318,0.204469,0.080294,0.293899,-0.030573,0.136629,-0.053114,0.239200,-0.107536,-0.112365,0.063542,-0.156342,-0.027955,-0.082558,-0.264026,-0.232225,0.067363,0.064995,0.239492,-0.111550,-0.050748,0.200603,-0.032824,0.112148,0.068857,0.085864,-0.169665,0.071262,-0.204805,-0.117503,-0.061062,-0.097129,-0.051234,0.203132,0.243342,-0.009261,0.053186,-0.042463,0.209699,0.147530,0.080392,-0.125008,0.237785,-0.161455,0.185320,-0.022600,0.245458,0.025963,-0.046063,-0.183975,-0.070607,-0.135846,0.186868,0.056462,-0.011273,0.111902,-0.036528,0.153000,0.097053,0.014391,-0.006362,0.254477,-0.089407,0.126602,-0.108102,0.000560,0.089929,-0.219043,0.116160,0.151855,-0.031867,-0.215035,-0.031070,-0.052443,-0.095806,0.063439,0.011262,-0.180735,0.069403,0.068069,-0.039027,-0.091309,0.060998,0.160952,-0.096739,0.036079,-0.049392,-0.031121,0.249975,0.263532,0.046571,0.076923,-0.076748,0.013518,0.147437,0.126475,0.287419,-0.035729,0.145258,0.011114,0.255328,0.000044,-0.097478,-0.131405,-0.017115,-0.064739,0.197864,0.168840,0.177704,0.192151,-0.011996,-0.062249,-0.024606,#
3,0.066830,0.326112,0.108880,1.000000,0.170675,0.049749,-0.167907,0.148608,0.093033,0.121812,-0.220659,-0.082136,0.143288,0.069228,-0.145164,-0.180230,0.202157,-0.019130,-0.077845,-0.035717,0.347782,0.128753,0.010844,-0.058000,0.224863,0.169315,0.253515,0.243605,-0.039895,0.076797,-0.170146,0.066522,0.161993,-0.043914,-0.002459,0.061128,-0.120357,-0.060731,-0.020989,0.373092,0.043763,0.169276,0.085960,0.015887,0.251940,-0.019093,0.095002,0.270201,0.018609,0.017750,0.141902,0.177337,0.128846,0.145357,0.265718,0.027726,-0.121917,0.066941,0.194915,-0.012414,0.218410,0.081370,-0.000837,0.154109,0.031084,0.279992,0.060842,0.015228,0.073008,0.201985,-0.095734,-0.102728,0.305875,0.161107,-0.040411,0.036876,0.054353,0.120975,0.166064,0.135948,0.282005,0.406834,0.072261,-0.121834,0.000551,0.172300,0.116295,0.154239,-0.031219,0.099405,-0.032830,0.163780,-0.027526,-0.177006,0.159216,0.170626,0.071456,0.152187,-0.246025,0.258907,0.349109,0.013378,-0.041862,0.190418,0.103382,-0.135334,0.057379,0.309841,0.007184,0.013858,-0.066383,0.324559,0.170565,0.152246,-0.019060,0.216505,0.273410,0.289442,0.036069,0.167766,0.024770,0.171439,-0.061134,0.291805,0.087777,0.262199,0.175010,0.296637,0.055224,0.204222,0.245888,0.085843,0.220340,0.091414,-0.034521,-0.160026,0.048004,0.017083,0.140997,0.191251,0.009707,0.081126,-0.275131,-0.062015,-0.240464,0.178076,0.315029,0.099037,0.203900,-0.207358,-0.084000,0.035614,-0.057698,-0.055265,0.069889,-0.015855,0.329071,0.300782,0.124518,0.233874,0.260016,0.322826,0.207301,0.446683,0.006145,-0.003844,0.193299,0.036837,0.017780,0.188419,0.299653,-0.000470,0.056768,-0.070239,0.101785,0.152844,0.170918,0.030577,0.052972,-0.022781,0.218439,0.197268,0.070319,0.378750,0.161497,0.165051,-0.015239,-0.154528,0.152174,0.131034,0.077323,0.109835,0.244677,0.146231,0.327903,0.336165,0.066353,0.104867,-0.048678,0.138722,#
4,0.186879,-0.136266,-0.089472,0.170675,1.000000,0.130873,0.188289,0.043497,0.113310,0.141616,0.022459,-0.025890,0.057625,-0.227515,0.119830,0.104981,-0.120156,0.033810,-0.266807,-0.124224,0.146929,0.244559,0.261131,0.100907,0.272553,-0.073478,-0.040530,0.066205,0.276588,0.123719,-0.082358,-0.025026,-0.105928,0.034372,0.096321,0.195815,-0.092825,-0.141489,-0.003472,0.275458,-0.078779,-0.098174,0.283297,0.110048,0.223182,-0.245485,0.291981,0.090289,-0.288483,-0.058994,0.229946,0.119535,0.029854,-0.179803,0.101080,0.047208,-0.061368,0.210079,0.252683,-0.181146,0.086571,0.126630,0.184877,0.029021,0.118631,0.457238,0.065081,-0.280734,0.002576,0.100762,0.058830,-0.136428,-0.140949,-0.033578,0.039038,0.108072,0.024140,0.043870,0.112687,0.076551,-0.078459,0.381136,-0.060351,-0.081312,0.013004,-0.096711,0.074364,0.095170,0.028611,0.061876,0.005828,-0.080326,0.115602,-0.077638,0.137631,0.274319,0.191972,0.041886,-0.026228,-0.039839,-0.168864,0.240202,-0.092340,0.175149,-0.097176,-0.281761,0.080435,0.000967,0.110704,0.277941,-0.172385,0.115022,0.255251,0.212142,-0.008635,-0.001048,-0.219510,0.299224,-0.018525,0.256199,0.039551,0.058464,-0.010166,0.085424,0.010498,0.002513,0.136267,-0.193193,0.129478,0.211940,0.232246,0.141482,0.053747,0.096192,0.097544,-0.218080,-0.001640,0.172991,0.035232,0.237179,-0.131358,0.233678,-0.085586,0.156876,-0.157807,0.176998,-0.020385,0.122891,0.131315,0.014626,-0.144054,0.102701,-0.019042,-0.240343,0.176166,-0.092490,0.146592,0.371648,0.152591,0.108454,-0.078970,0.177980,-0.072729,0.121727,0.002038,-0.105981,0.267336,-0.051540,-0.139591,0.070768,0.205344,0.064524,0.024751,-0.130926,-0.163643,0.048176,0.193740,0.172665,0.095138,0.219639,0.198613,-0.168647,-0.012438,0.127310,0.172490,0.228433,0.127893,0.084791,0.087182,0.271886,0.134428,0.021290,0.276839,-0.040308,-0.024069,-0.112573,-0.144179,-0.027150,0.002399,0.100756,#
5,0.066496,0.244546,0.078607,0.049749,0.130873,1.000000,0.017175,0.095350,0.105143,0.022817,0.009919,-0.120883,0.191808,-0.078005,0.087906,-0.133802,0.033107,0.065397,0.124343,0.251639,0.023843,-0.116528,0.024127,0.096470,0.267228,0.172486,0.077731,0.000124,-0.053286,0.287038,0.088377,0.159838,0.165305,0.225474,0.146075,0.077925,0.026913,-0.019566,0.003087,0.081442,-0.027393,0.172104,0.056213,-0.016106,0.261036,0.308000,0.090399,0.228839,-0.107184,0.205051,0.198448,0.022771,-0.079881,-0.046524,0.295700,0.251180,-0.064773,0.101765,0.100403,-0.026103,0.128087,-0.120260,0.210723,0.232050,0.147703,0.118177,-0.036286,-0.007821,0.095033,-0.013551,0.286131,0.090388,0.030517,0.135229,0.268822,-0.055312,-0.142640,0.411110,0.172545,0.196217,0.020121,0.221461,0.145391,-0.007629,0.033515,-0.122437,-0.027495,0.097660,0.089079,0.000371,0.358917,-0.157411,0.029752,-0.014752,0.149996,-0.229614,0.277690,0.106930,0.047663,-0.207502,0.026243,0.006287,0.264211,0.261464,0.024835,0.023152,0.181131,-0.029045,-0.125366,0.128388,0.013321,0.005054,0.244608,0.140855,-0.149290,-0.055381,0.240159,0.270208,0.171115,0.173708,0.132041,0.153281,-0.134887,0.225774,0.060921,0.058487,0.293617,0.129341,0.176443,-0.238191,-0.075392,0.092557,0.076396,0.141133,0.207129,-0.098886,-0.333627,0.082214,-0.037951,-0.022846,-0.051338,-0.133158,-0.140594,-0.070414,0.233079,0.081800,0.112443,0.064752,0.049521,0.036398,0.321424,-0.058485,0.358847,-0.069492,0.318717,-0.031517,0.313872,0.013516,-0.027607,0.027176,0.053603,0.178354,0.021839,0.144864,-0.000328,-0.308321,-0.127498,0.071446,0.086071,-0.063415,0.093583,0.011958,0.000402,0.023041,0.056651,0.224179,0.345858,0.177969,0.048210,0.229133,0.029816,-0.225356,-0.239656,0.095774,0.032988,0.458322,0.231327,-0.028370,0.162710,0.138572,0.008422,0.144957,0.082146,0.342893,0.181486,0.304632,-0.037089,0.081587,-0.052465,0.178496,#
6,-0.000283,0.087608,0.105526,-0.167907,0.188289,0.017175,1.000000,-0.109076,-0.061787,0.092469,0.164892,-0.019473,-0.156259,-0.283816,-0.188436,0.338917,0.212182,0.157945,0.055479,-0.040316,-0.128721,-0.003178,-0.026372,0.029814,0.009627,-0.065305,0.013731,-0.079275,0.012640,-0.098165,-0.050988,0.174403,-0.181110,-0.114831,0.101914,0.053961,-0.059960,0.161749,-0.044606,0.116778,-0.032366,-0.009301,0.275047,-0.008644,-0.129221,0.018295,-0.114246,-0.080570,-0.301477,-0.091030,-0.137313,-0.066391,-0.100045,-0.193902,-0.061708,0.021405,-0.273842,-0.041455,-0.093584,-0.009964,0.031810,0.166700,-0.192978,-0.020281,0.133039,0.123379,0.027834,-0.022762,-0.046629,0.030132,0.195595,0.151417,-0.240084,-0.066668,0.020513,0.098406,0.330340,0.088645,0.166654,0.065114,-0.325519,0.116105,-0.046579,0.093332,0.106853,-0.116270,0.078342,-0.114993,-0.164532,-0.263721,-0.201477,-0.048534,0.087115,-0.177335,0.121138,0.132249,0.141552,0.052191,-0.133809,0.046118,-0.118387,0.109386,-0.148083,-0.049031,0.069624,-0.089503,-0.079232,0.015223,0.243656,0.018183,0.025992,-0.196100,0.135309,0.377674,0.066722,0.206286,-0.049550,0.125608,-0.096964,0.119460,-0.090084,0.052687,-0.410831,-0.183398,0.088903,-0.063233,-0.021119,-0.168979,0.028475,0.036618,0.111396,0.015958,0.153924,0.095433,0.090074,-0.064282,0.127809,-0.231103,0.041461,0.132911,-0.044774,-0.021552,-0.169760,-0.066994,-0.021561,0.069660,-0.106596,0.244700,0.010004,0.015705,0.016255,-0.035636,-0.102615,0.145759,-0.045476,0.078386,-0.226480,-0.162280,-0.222672,-0.025357,-0.208690,0.044897,0.029516,-0.074838,-0.193826,0.060102,0.128945,0.093627,-0.085206,-0.006803,-0.131288,0.272393,-0.329851,-0.121676,0.037258,0.043063,0.120165,0.107840,0.111676,-0.072005,0.141304,0.080028,-0.072513,-0.002248,-0.007910,-0.064158,0.187730,-0.130024,0.129648,-0.003718,-0.068262,0.171283,-0.021944,0.083359,0.007317,-0.116628,0.034424,-0.117595,0.024229,0.000938,#
7,0.136130,0.069252,0.084176,0.148608,0.043497,0.095350,-0.109076,1.000000,-0.038956,-0.119417,-0.367724,-0.197386,0.220521,-0.010321,0.046617,-0.001683,0.093815,0.166386,0.223483,0.154904,0.167832,0.110594,0.160242,-0.088900,0.072173,0.158422,0.046102,-0.125114,0.106169,0.050252,0.028515,0.020247,0.199483,0.136676,0.208010,-0.044299,-0.167461,0.162125,0.407618,0.126703,0.107833,0.326827,-0.033906,-0.068726,0.097259,0.280012,0.195678,0.147647,0.236711,0.167417,0.036600,0.151985,0.020802,-0.114645,0.220133,-0.068810,-0.006111,-0.210885,0.261379,0.214709,0.112001,0.105047,-0.017068,-0.078037,0.205694,0.052901,-0.003274,-0.169258,-0.363617,-0.063498,0.153556,-0.169885,0.028282,0.105631,-0.029907,-0.127429,-0.108447,-0.055756,-0.035255,0.080608,0.236781,0.066133,0.124446,0.096353,-0.037706,0.220383,-0.190378,0.105755,-0.037622,0.150275,0.169038,-0.140902,0.170692,-0.008251,0.248274,0.271207,0.182436,0.190830,0.076156,0.160764,0.071199,-0.052324,-0.331394,-0.075114,0.196963,-0.086494,-0.178936,0.194933,0.163860,-0.249126,0.002683,0.064351,0.231530,-0.052026,0.367292,0.099688,0.028546,-0.036910,0.153566,0.277754,0.080746,0.137904,0.144059,0.016789,-0.080710,0.208051,0.105871,0.231583,0.097950,0.190202,-0.053253,0.077689,0.048125,-0.295805,-0.182013,-0.123926,-0.076819,0.209736,0.017804,0.075993,-0.147651,0.010705,0.028113,-0.118677,0.107615,0.299747,0.015049,-0.015847,-0.070458,-0.150253,-0.029736,0.130416,-0.098067,-0.261827,0.210069,0.222913,0.211622,0.224966,-0.212010,-0.100642,0.123451,0.002964,0.159010,0.097532,-0.039361,0.029743,-0.139232,-0.153070,-0.206535,-0.141929,0.208969,0.043631,0.247468,0.255547,0.062280,0.000088,0.034689,-0.142670,-0.020780,-0.079916,0.219818,-0.042425,-0.098414,0.100864,0.246382,0.213732,0.073373,0.191513,0.087638,0.270592,0.100826,0.075368,0.063725,-0.069832,0.192178,-0.014488,0.116166,0.195433,-0.078185,0.037480,#
8,0.108189,0.047809,-0.171679,0.093033,0.113310,0.105143,-0.061787,-0.038956,1.000000,-0.016569,-0.005007,0.228651,0.065446,0.097273,0.071134,0.049408,0.123629,-0.204935,-0.121675,-0.067261,0.160273,-0.005676,0.068038,0.104374,-0.003946,0.041600,-0.020848,-0.122245,-0.034531,-0.149243,0.056392,-0.036137,0.021571,-0.048448,0.046906,0.436358,0.025831,-0.054128,-0.088065,-0.104684,-0.055568,-0.016214,0.239343,0.258680,0.137008,-0.177318,-0.071608,-0.323527,-0.100694,0.075326,0.127174,0.034363,0.295050,-0.132977,-0.151404,0.195751,-0.123886,0.108178,-0.063193,-0.138031,0.163890,0.077355,0.125118,0.198140,-0.030972,0.257234,0.024786,0.117492,0.106498,0.104553,0.270685,0.289930,0.181423,-0.095779,0.023136,-0.174771,0.005939,0.050735,0.115672,0.222766,-0.090877,0.095564,-0.065059,-0.027151,-0.032567,-0.032027,0.064570,-0.044050,-0.234416,-0.244348,-0.040510,-0.085024,-0.154711,-0.117954,-0.200039,-0.060751,0.274905,0.205262,0.211125,0.183902,-0.178896,-0.282268,0.230504,0.378389,-0.257672,0.075833,-0.018331,0.124084,-0.058860,0.221696,-0.159875,-0.122114,-0.043524,-0.012576,-0.175485,0.031427,0.383743,0.058143,-0.246717,0.134298,-0.006671,-0.028659,0.110100,0.380936,0.137288,0.159084,-0.027547,0.011877,0.293164,0.212050,-0.098454,0.182219,0.015800,-0.147356,-0.203346,0.274393,0.110717,0.026358,-0.018175,-0.027849,-0.117925,-0.093699,-0.157991,-0.250271,0.024041,0.162959,0.129314,0.135268,-0.001785,0.006137,-0.049172,0.209335,-0.098480,0.142902,0.204746,-0.044534,0.162758,0.248327,0.237408,-0.223216,0.241596,0.051742,-0.073506,-0.268736,-0.129751,-0.058843,0.051631,0.174233,0.183489,-0.079232,-0.049968,0.216259,-0.186816,-0.042772,0.191771,0.024816,0.117001,0.069016,0.158020,0.167705,0.254777,-0.061059,0.050669,0.003457,-0.069139,-0.104621,0.071909,0.179812,-0.116416,0.029643,0.112195,-0.023520,0.006447,0.092146,0.129340,-0.114400,-0.221926,0.101311,-0.216527,0.192735,#
9,0.104558,0.017138,0.061008,0.121812,0.141616,0.022817,0.092469,-0.119417,-0.016569,1.000000,0.076973,-0.188242,-0.035188,-0.086204,0.095478,-0.237833,-0.180057,0.220155,-0.295893,-0.119333,-0.059249,0.053617,-0.140685,-0.000398,0.101038,-0.169560,0.193260,0.176315,-0.047532,-0.272564,-0.257869,0.140030,-0.043961,-0.196396,-0.109624,0.012220,-0.003981,-0.226731,-0.019699,-0.038688,-0.034586,-0.012955,-0.151914,0.045320,-0.006612,0.027292,0.065025,-0.027912,-0.030714,0.113448,0.124795,-0.002255,-0.033862,-0.127397,-0.178016,0.023506,-0.029261,0.013662,-0.325248,0.084127,0.143158,0.052828,0.005184,0.013464,-0.099860,0.069739,0.042470,-0.092411,0.049337,0.163840,0.257717,0.041481,0.074467,-0.004998,-0.070604,-0.126167,0.072149,0.037571,0.004723,0.119890,0.038329,0.272268,-0.161439,-0.152456,0.093459,-0.016439,0.217137,-0.010706,0.009092,0.293548,0.236683,-0.059841,0.147274,-0.157918,0.175247,-0.128219,-0.116107,-0.147574,0.121568,0.311555,-0.103755,0.070814,-0.092589,-0.184441,-0.075623,0.143436,-0.227429,0.157887,0.012202,-0.178814,-0.112171,0.265270,0.186912,-0.014659,0.005139,0.113630,-0.024536,0.136582,0.182277,0.002719,-0.197733,0.070019,-0.036747,0.136766,0.079053,-0.027336,0.101946,0.099879,-0.009249,-0.165223,-0.144748,0.095482,-0.094325,0.189154,0.134710,-0.283867,0.048419,0.096192,-0.041275,0.163273,0.250464,0.232642,0.044702,0.246509,0.089445,0.142697,-0.153395,0.212137,-0.018993,0.071586,-0.111369,-0.137179,0.049515,-0.047007,-0.177530,-0.033881,0.091327,0.092189,0.171914,0.110021,-0.160068,0.202282,0.148515,0.113476,-0.217836,-0.089025,-0.080688,0.277600,0.052363,0.020531,-0.063126,-0.056847,0.001583,-0.410818,-0.079261,-0.000409,0.214967,0.118245,0.164159,0.002236,-0.169168,0.097943,-0.058142,-0.050267,0.012269,0.033258,0.041687,0.028237,0.133288,0.010539,-0.211299,-0.225365,0.021912,0.002282,-0.218141,0.035170,-0.121403,0.003392,-0.270142,-0.121376,#
10,0.015866,0.039842,0.067368,-0.220659,0.022459,0.009919,0.164892,-0.367724,-0.005007,0.076973,1.000000,0.118915,-0.066394,-0.100522,-0.210710,0.076747,0.053732,0.024957,0.218889,-0.135891,-0.044434,0.094030,-0.363133,0.163795,0.027809,0.051004,-0.197648,-0.074443,0.035245,-0.087583,-0.111083,0.072498,-0.104808,-0.087909,-0.056817,-0.108525,0.116564,0.022891,-0.219048,-0.158277,0.001839,-0.270632,0.014064,0.037358,-0.006370,-0.141829,0.216683,-0.002872,-0.240112,0.045441,-0.129350,-0.083990,0.137489,-0.089777,-0.066819,0.326354,0.003601,0.106447,-0.222276,-0.016775,0.065751,0.034007,0.104796,0.155608,-0.106480,0.058735,0.058412,-0.087109,0.064418,-0.065543,0.052616,0.164365,-0.237088,-0.086383,-0.040582,0.125536,-0.211703,0.075621,0.194920,-0.284216,-0.122547,-0.116611,0.104167,-0.044912,-0.129730,0.124293,0.233886,0.089610,-0.157903,0.032436,-0.000303,0.091496,0.022026,-0.218675,0.032871,0.014929,0.248742,0.076768,0.075673,0.038723,-0.016667,-0.077220,0.009589,0.117900,-0.501737,0.094034,0.146867,-0.045419,0.031007,0.068696,0.216962,-0.223570,-0.077512,0.137237,-0.038937,-0.072815,-0.145521,0.024414,-0.033729,-0.130118,0.041482,0.135772,-0.176340,-0.082654,0.093240,0.055248,0.269256,-0.002140,0.000470,-0.139263,-0.009022,0.235345,0.025562,0.053864,0.046709,0.008987,-0.109811,0.034734,-0.022734,0.090608,0.014534,0.088939,0.216115,0.187256,0.198776,0.086510,-0.120822,0.002461,-0.010523,0.172915,0.171099,-0.220077,-0.047915,0.160106,-0.067414,-0.100250,-0.016687,-0.073200,0.137399,-0.053383,-0.070382,0.118574,0.019825,0.045653,-0.357960,0.054181,0.211748,0.275846,0.098076,-0.121930,-0.244700,0.153566,-0.167587,-0.048389,0.167239,0.173195,0.158368,0.050965,-0.017079,0.184975,-0.366756,-0.170978,-0.079768,0.008412,-0.037322,-0.062482,0.313365,0.134484,-0.021066,0.071540,-0.190803,0.020970,-0.049121,0.299602,0.015441,-0.167635,-0.168968,-0.086031,-0.012889,0.309669,#
11,-0.141644,-0.215838,-0.076709,-0.082136,-0.025890,-0.120883,-0.019473,-0.197386,0.228651,-0.188242,0.118915,1.000000,-0.139267,0.009775,0.025267,0.103572,-0.180665,-0.091570,0.024604,-0.087107,-0.008274,0.071153,-0.019434,-0.058729,0.005322,-0.036856,-0.207150,0.065743,-0.017460,0.008843,0.347768,0.123626,0.074343,0.053118,-0.079736,-0.044319,-0.016120,-0.062424,-0.249637,-0.325906,0.048602,-0.064724,0.107165,0.017983,0.088130,-0.366861,-0.144724,-0.126885,-0.102559,-0.198835,-0.235372,-0.252491,0.148817,0.067841,-0.071213,0.007671,-0.099017,0.270322,-0.000187,0.207347,0.047191,0.074924,0.173487,0.097265,-0.038391,-0.100767,0.067158,0.103552,-0.058480,0.043946,-0.207873,-0.107447,0.064475,-0.099748,0.265335,0.250042,-0.009343,0.114293,0.091407,-0.058782,-0.115400,-0.179225,-0.073868,-0.110999,-0.153766,-0.205127,0.040537,0.015312,0.107926,-0.072482,-0.272285,0.002956,-0.009008,0.067334,-0.246458,0.116339,0.131772,0.158902,0.145270,0.084007,0.035471,-0.117219,-0.142536,0.234240,-0.218981,0.141968,0.086849,0.077248,-0.124966,0.061953,-0.006012,0.068820,-0.163306,0.006916,-0.028689,-0.116774,-0.036760,0.193993,-0.157691,0.312703,0.134620,-0.099063,0.109944,0.379165,0.089529,-0.192667,-0.020379,0.096772,0.337933,0.156300,0.120106,0.156516,0.189952,0.025138,0.032007,0.325255,0.188500,0.127121,-0.122413,0.173129,-0.150308,-0.246437,0.202072,0.199708,0.001043,-0.020910,-0.021302,-0.102842,-0.187103,-0.284930,-0.033808,0.105952,-0.095643,0.172238,-0.179063,-0.009072,-0.123320,-0.020598,0.098230,0.048228,-0.017222,0.090525,-0.309388,0.203519,0.009239,0.141159,0.023043,-0.016161,0.008465,-0.000573,0.025133,0.161818,-0.154065,-0.063331,-0.100382,0.182236,0.025377,-0.094310,0.061722,0.055146,-0.090459,-0.091094,0.070931,0.078392,0.062859,-0.280968,0.027755,0.064272,-0.248795,-0.130895,0.145384,0.228489,0.086864,0.026198,0.096486,-0.040500,-0.186648,0.027345,-0.027191,0.089533,#
12,0.335590,0.172989,-0.068466,0.143288,0.057625,0.191808,-0.156259,0.220521,0.065446,-0.035188,-0.066394,-0.139267,1.000000,-0.048067,0.096596,-0.138331,-0.064598,-0.071015,0.077748,-0.071356,0.066985,0.171890,0.093004,-0.129937,0.110929,0.230727,0.102210,-0.215499,0.029267,0.103082,0.112889,-0.302782,0.037822,0.004926,0.446227,0.074935,-0.071447,-0.088650,-0.106788,-0.044215,-0.159463,-0.263163,-0.052508,0.088659,0.094436,0.039791,0.238444,0.159745,0.231566,0.272983,0.077629,-0.066936,-0.066684,-0.033980,0.015117,0.078885,-0.101185,-0.267500,0.155933,-0.187060,-0.048657,-0.094133,-0.010641,-0.090767,0.011243,-0.024078,-0.244484,0.201911,0.011570,0.000177,-0.065592,0.063565,0.169097,-0.077762,-0.005002,0.244096,-0.093468,0.142145,-0.081036,0.160251,0.250012,0.137595,0.103686,-0.318066,0.027504,0.177752,-0.031939,0.047714,-0.082925,0.057082,0.208176,-0.244266,0.140416,0.299352,-0.027255,0.029709,-0.064762,-0.022291,-0.151236,-0.221900,-0.008385,-0.084846,-0.220033,-0.068716,0.006471,-0.076843,-0.188187,0.321982,-0.100562,-0.031030,0.088182,0.000340,0.179977,-0.048596,-0.175260,-0.073876,-0.220391,0.130573,0.084171,-0.004319,0.227570,0.206509,0.050173,0.082610,0.035331,0.373201,-0.011901,0.040866,-0.195189,-0.012317,-0.381322,-0.219948,0.132619,-0.290513,-0.218929,-0.089556,-0.220547,-0.004193,0.040808,-0.153749,-0.219127,-0.263308,-0.216768,0.060523,-0.158018,0.233003,0.253276,0.168801,-0.156382,-0.050327,0.163613,-0.147113,0.039617,-0.292889,0.105996,-0.109971,0.187473,0.115550,0.204185,-0.368246,-0.050248,0.220928,0.093499,-0.061098,0.075478,0.035316,-0.064634,0.046336,0.185634,-0.047156,0.226335,-0.203087,0.116155,0.040573,0.180142,0.124920,0.117397,-0.008745,-0.489132,-0.012835,-0.068743,0.103761,-0.154978,0.103344,0.056039,0.087041,0.111105,-0.008959,0.029811,-0.021066,-0.022298,-0.044436,-0.252411,-0.075314,0.034367,-0.095207,-0.148258,0.007575,-0.080217,0.117183,#
13,-0.382644,0.240405,-0.073636,0.069228,-0.227515,-0.078005,-0.283816,-0.010321,0.097273,-0.086204,-0.100522,0.009775,-0.048067,1.000000,0.016417,0.008319,0.025313,-0.093521,0.143668,-0.173288,0.125264,0.014328,0.273733,0.169846,-0.107077,0.452381,-0.100727,0.081579,-0.067856,0.057571,0.001721,0.047047,0.074035,0.078924,-0.018320,0.146804,0.016657,0.118411,-0.133734,-0.169242,0.190899,0.006549,0.070219,-0.192648,0.079709,0.134941,-0.224668,0.229211,0.298091,-0.007083,-0.270740,0.092802,0.075892,0.052751,0.165599,0.160324,0.111144,0.188408,-0.001185,0.049548,-0.065725,0.159855,-0.103544,-0.000507,-0.002111,-0.054673,0.169203,0.140015,0.123135,0.170378,-0.131544,-0.073813,0.255222,0.091296,-0.005836,0.011837,-0.031675,0.027802,0.041416,0.000207,-0.136907,-0.024121,0.148475,0.103229,-0.266766,0.161591,-0.179378,0.110269,0.272638,-0.000128,0.107093,0.042394,0.141883,0.076862,-0.178163,-0.106225,0.018023,0.010138,-0.034206,0.091418,-0.032588,0.032803,0.062539,0.036158,-0.065412,-0.140362,-0.016272,0.242701,-0.233889,0.048201,-0.221543,0.084324,-0.157115,-0.092462,0.151066,-0.029500,0.031243,-0.118783,-0.134728,-0.155610,0.144564,-0.106987,0.189553,0.127041,0.029791,-0.059280,0.021865,0.203498,-0.011343,0.078862,-0.181232,-0.128118,-0.009368,0.031383,-0.189917,0.053172,-0.049833,0.154520,0.284745,0.109907,0.187835,-0.126376,-0.074915,-0.089674,-0.020916,0.086880,0.137606,0.110222,0.002094,-0.186112,0.093789,-0.025623,-0.046691,0.263947,-0.108020,-0.006481,-0.074856,-0.252286,0.097141,-0.046221,0.153746,-0.024200,0.167683,-0.006462,-0.051428,-0.109193,-0.169693,0.210158,-0.057106,-0.007930,-0.006125,-0.021650,-0.172686,0.397974,0.078747,0.130614,0.042652,-0.149099,-0.050245,-0.034159,0.121350,-0.152754,0.115457,-0.009407,-0.257475,0.059100,-0.076022,-0.256421,-0.125726,0.137325,0.221751,0.105734,0.042282,0.055419,0.040068,0.285945,-0.123090,0.276508,0.050071,0.129429,#
14,0.160533,-0.224631,-0.097468,-0.145164,0.119830,0.087906,-0.188436,0.046617,0.071134,0.095478,-0.210710,0.025267,0.096596,0.016417,1.000000,-0.105490,-0.043580,0.134732,-0.213642,0.024641,-0.183813,0.010721,0.152500,0.101658,-0.144793,-0.074869,-0.032037,0.156552,-0.056523,0.120420,0.462181,-0.041313,-0.024654,0.034206,0.088002,0.042039,0.216169,-0.132102,0.192886,-0.005352,-0.094921,0.071286,-0.119753,0.039020,0.045473,0.084635,0.041895,-0.019081,0.093172,-0.065762,0.002376,0.090523,0.214572,-0.236349,-0.031516,0.182065,0.309001,-0.058208,0.210491,-0.167887,-0.030824,-0.112637,0.183258,0.082983,-0.025340,0.023272,-0.150358,-0.111334,0.011587,0.025238,0.251850,0.004230,0.169077,0.102766,0.134104,0.212383,-0.009833,-0.058494,-0.250862,0.009509,0.062727,0.087808,0.110610,0.107099,-0.012940,-0.023255,-0.052514,0.148168,0.023075,0.299173,0.224721,-0.174142,0.178008,0.243478,-0.053722,-0.016901,-0.150309,-0.004892,-0.056598,-0.020570,-0.287370,0.050022,0.050718,0.096469,-0.012729,-0.094697,0.052049,-0.087266,0.075265,0.067494,-0.239537,0.116686,0.204512,0.027222,-0.005166,-0.066172,-0.002667,0.040368,-0.025638,0.206665,0.068092,-0.117296,0.204578,0.164267,0.065832,-0.184712,-0.109875,-0.020585,0.033080,0.028644,-0.164991,-0.053822,-0.097869,0.070068,-0.023418,-0.362718,0.107873,0.088666,0.000094,0.084707,-0.039289,0.085053,0.133180,0.314945,0.116358,0.067999,0.020690,-0.032776,0.063869,-0.156191,0.296176,0.047987,0.256974,-0.148868,0.048619,-0.093860,0.074555,0.021975,0.118623,0.125850,-0.036510,-0.071916,-0.073905,-0.163591,0.391109,0.134534,-0.080931,0.132930,0.074561,0.012175,0.068546,-0.215460,-0.010465,-0.062873,-0.109834,0.036607,-0.105004,0.085131,0.062044,0.154330,0.017563,-0.035639,0.012433,-0.014303,-0.055260,0.185286,0.120664,0.113867,-0.045592,0.176029,0.111221,0.072462,0.138606,-0.054813,-0.167194,-0.077748,-0.118854,0.184147,-0.149166,-0.149971,#
15,0.053186,-0.209080,-0.068880,-0.180230,0.104981,-0.133802,0.338917,-0.001683,0.049408,-0.237833,0.076747,0.103572,-0.138331,0.008319,-0.105490,1.000000,0.117314,0.117159,0.103008,-0.003805,-0.045401,-0.062289,0.008224,0.236041,0.034084,0.172953,-0.216024,-0.056773,0.060843,-0.335246,0.026911,0.166137,-0.118525,0.090379,0.024210,-0.012418,-0.042678,0.146965,-0.168586,-0.012500,-0.038002,-0.099080,0.138608,0.004906,-0.126707,-0.010680,-0.000242,-0.113948,-0.201396,-0.019683,0.001300,-0.052379,0.085488,-0.017663,0.044028,0.069597,0.040034,-0.000389,0.074390,0.269578,0.100250,0.141165,0.183535,-0.158228,0.118183,-0.036602,0.074929,0.132654,-0.112570,0.039467,-0.058356,-0.131059,-0.220015,0.111938,0.059225,0.126942,-0.118444,-0.085791,0.147346,-0.112415,-0.374854,0.060112,0.003268,0.152865,0.036672,-0.021584,-0.229336,-0.100088,-0.035614,-0.363125,-0.111482,0.115968,0.085724,-0.025872,-0.085410,0.153415,0.061300,0.168304,0.087365,0.150945,-0.121143,0.031740,-0.113710,0.050573,0.032523,-0.067990,-0.022272,-0.187258,0.016538,-0.018524,-0.005409,-0.204751,0.216217,-0.006033,0.476846,0.049641,-0.222767,-0.149170,-0.176369,0.280586,-0.164176,0.171977,0.044593,-0.093295,-0.183138,-0.097344,-0.045614,-0.001827,-0.050786,0.218837,0.177813,-0.118725,-0.134059,-0.071854,0.054347,0.234371,0.229919,-0.097528,-0.018631,0.155120,-0.134637,-0.067226,0.044361,-0.046680,-0.056173,-0.003880,-0.005267,-0.079167,0.069189,-0.122452,0.018045,0.282730,0.010756,0.210674,-0.067930,0.129859,-0.276449,-0.184623,-0.045088,0.068910,0.051838,0.040082,0.116287,0.067208,0.022577,0.024044,0.069392,-0.042595,-0.014851,0.171240,-0.262370,0.133845,-0.195201,0.144150,0.115729,0.012110,0.049350,-0.100682,0.202567,0.076248,-0.012070,-0.036010,-0.141018,0.000221,0.275480,-0.037622,-0.050576,-0.120810,0.002970,0.009849,-0.009047,0.233048,-0.092100,0.009646,-0.000009,-0.048318,-0.113235,-0.025263,0.228511,0.003738,#
16,0.130778,0.279124,-0.065691,0.202157,-0.120156,0.033107,0.212182,0.093815,0.123629,-0.180057,0.053732,-0.180665,-0.064598,0.025313,-0.043580,0.117314,1.000000,0.069933,0.287119,0.200767,0.106181,-0.359336,0.065485,0.078948,-0.072410,0.160187,-0.009143,0.139442,-0.253680,0.028166,0.139968,0.096442,-0.032641,-0.131496,0.171235,-0.010042,0.010262,0.336036,0.242136,0.262739,-0.071412,0.016564,0.155579,-0.032454,0.023541,-0.090221,0.086710,-0.061778,-0.011108,0.172602,0.004146,0.140286,-0.054072,0.012104,-0.061546,0.108530,0.000492,0.060975,0.108343,0.179386,0.115334,0.187843,-0.009144,0.122714,0.203701,0.177311,0.037930,0.148868,0.081878,0.000242,0.025938,0.132360,0.043792,0.146954,0.035465,0.055895,0.022052,-0.036907,0.122689,0.121817,0.235072,-0.055315,0.153920,0.038924,0.038897,0.092070,0.103956,-0.021888,-0.252490,-0.052425,-0.211545,0.187839,0.165965,-0.306216,0.006474,0.123658,-0.066698,0.100146,-0.158015,0.206492,0.023844,-0.012847,0.110257,0.163910,0.163567,-0.069261,-0.069110,-0.046712,0.301279,-0.023698,0.083183,-0.096122,0.215722,0.260380,0.141655,-0.033164,0.399473,-0.077814,0.062988,0.080695,-0.168716,0.062271,-0.039578,-0.125179,0.255186,0.039186,-0.065455,0.065887,0.000074,-0.067465,0.123890,0.039130,0.069660,0.191050,-0.021081,0.116924,0.110248,-0.066428,0.000267,-0.241258,-0.140574,0.033793,-0.155074,-0.223029,-0.035466,-0.158841,0.140972,0.087379,0.090979,-0.044203,0.156746,-0.027328,-0.080438,-0.069878,-0.017270,0.004837,0.080849,-0.021010,-0.204270,0.046667,0.148157,-0.132032,0.192832,0.042203,0.035226,-0.027216,-0.015008,0.225026,-0.015274,0.098171,-0.286856,0.191246,-0.121421,0.343376,0.287433,-0.088870,0.098445,0.205980,0.087518,-0.004446,0.196303,0.018064,-0.154400,0.338835,-0.086532,-0.072160,0.029191,-0.030654,0.153162,0.122417,0.068298,0.198409,-0.131552,0.277404,0.149316,0.155739,0.008747,-0.122559,0.040360,0.052067,#
17,-0.089479,0.009737,0.123470,-0.019130,0.033810,0.065397,0.157945,0.166386,-0.204935,0.220155,0.024957,-0.091570,-0.071015,-0.093521,0.134732,0.117159,0.069933,1.000000,-0.030099,0.080074,-0.132421,0.057682,0.075901,-0.067274,0.081930,-0.068639,-0.123446,0.171002,-0.039149,-0.069780,0.101597,0.172235,-0.230815,-0.099418,-0.081397,-0.446802,-0.032331,0.217421,0.377777,-0.047788,0.074094,0.169882,-0.045715,0.063625,0.136578,0.304024,0.015207,0.030329,0.038744,0.083299,-0.023180,-0.078212,0.032677,0.062108,0.093955,0.131953,0.162080,-0.074754,0.137608,0.031724,0.162570,-0.164007,0.306801,-0.103149,-0.153983,0.006112,0.223217,-0.143129,0.109065,-0.148792,0.315661,-0.070500,-0.119899,0.355374,0.114062,0.060142,-0.240274,0.051859,0.210401,-0.036619,-0.127915,0.142947,-0.053065,0.293337,-0.117195,-0.171792,0.200907,-0.137698,-0.131215,0.066801,0.052409,0.052530,0.210350,0.059867,0.185956,0.047720,-0.152354,-0.091699,0.091687,0.301783,-0.116363,-0.050260,-0.075946,-0.222619,-0.093721,0.211539,-0.106068,0.037144,0.035136,-0.042337,0.039867,-0.086212,0.326043,0.151529,0.296283,0.003194,-0.083466,0.069562,0.085862,0.198227,-0.073563,0.010959,-0.202308,-0.089347,0.114495,0.109118,-0.016502,0.203286,-0.016650,0.076206,-0.002180,0.091362,0.044006,-0.038764,-0.096681,-0.082426,0.249210,-0.027570,-0.282558,0.143016,0.034470,0.075766,0.234486,0.111562,0.068352,0.003336,-0.357098,-0.184028,-0.032817,-0.019227,0.142479,0.022393,-0.042370,0.088808,-0.085996,0.111220,0.139122,-0.197499,-0.011640,0.039673,-0.057808,-0.036733,0.255332,0.068920,-0.195963,-0.289592,-0.292114,-0.017449,-0.041201,0.000236,-0.061489,-0.023085,-0.147700,-0.200679,-0.025891,0.091286,0.138035,0.089987,0.148500,0.116235,-0.059763,0.075983,-0.039330,0.142928,-0.017511,-0.112381,0.165742,0.099117,0.058298,-0.139293,-0.030686,0.057081,-0.188806,-0.197226,-0.229447,0.224270,-0.008543,-0.164607,-0.104369,-0.269663,#
18,-0.181563,0.209780,0.114053,-0.077845,-0.266807,0.124343,0.055479,0.223483,-0.121675,-0.295893,0.218889,0.024604,0.077748,0.143668,-0.213642,0.103008,0.287119,-0.030099,1.000000,0.027238,0.152763,0.190619,-0.159309,0.102613,-0.183501,0.090572,-0.130559,-0.163337,0.001618,-0.012220,0.038937,0.029461,0.024701,0.227869,0.055479,-0.000721,-0.216076,0.409514,0.063433,-0.027568,0.239680,-0.113624,0.261301,-0.182551,0.013928,0.023013,0.274310,0.292541,0.164791,-0.029658,-0.302615,0.114678,-0.000066,-0.019498,0.122752,0.024170,-0.044514,0.013472,0.130545,0.153346,0.118903,0.036933,-0.148086,-0.048651,0.150911,-0.054593,0.148426,-0.147408,-0.123923,0.058982,-0.138006,0.044535,-0.008002,0.050228,-0.114203,-0.110351,-0.278751,0.126612,0.049836,-0.070623,0.003801,-0.239886,0.183389,-0.011125,0.028170,0.278135,-0.242452,0.133811,-0.113874,-0.058024,-0.011733,0.062012,0.168779,0.078998,0.151577,0.016305,0.045845,0.034848,0.038408,0.000916,0.162429,-0.040484,-0.111646,-0.083400,0.166352,0.250065,-0.050928,0.241113,0.027056,-0.030908,0.104500,-0.041720,-0.038343,-0.115558,0.159723,0.003399,-0.042538,-0.097253,0.072643,0.067947,0.119767,-0.165215,-0.085226,-0.109894,0.109727,0.011735,0.063189,0.041671,0.123202,-0.056300,-0.060405,0.066399,-0.069718,-0.171509,-0.093689,0.230946,-0.168856,-0.021324,0.164453,-0.142317,-0.314785,-0.134786,-0.108594,-0.176809,0.095358,0.035554,0.026346,0.007022,-0.058003,-0.006275,0.071139,-0.096747,0.193671,0.076021,0.054885,0.182094,-0.065715,-0.325700,-0.272029,-0.245578,-0.080698,-0.222533,0.112127,-0.045486,0.044032,-0.045750,0.006631,-0.032260,-0.160476,0.047767,0.108478,0.006467,-0.026572,0.266011,0.270820,0.042112,-0.100381,-0.008769,-0.112861,0.032256,0.084550,-0.167094,-0.299572,0.078548,-0.038610,-0.191876,-0.022350,-0.039545,-0.254051,0.025496,-0.037098,0.188391,0.036808,0.127517,0.242779,0.054982,-0.074045,0.203608,0.107509,0.318549,#
19,0.110927,-0.144426,0.096248,-0.035717,-0.124224,0.251639,-0.040316,0.154904,-0.067261,-0.119333,-0.135891,-0.087107,-0.071356,-0.173288,0.024641,-0.003805,0.200767,0.080074,0.027238,1.000000,-0.108777,-0.210261,-0.106725,-0.258983,0.046809,0.055938,0.051471,0.240255,-0.221459,-0.069743,0.045394,0.055158,0.122002,0.155481,0.178404,-0.009106,0.216133,0.192262,0.175361,0.145889,0.125546,0.294544,-0.099829,-0.077424,-0.158744,0.132275,-0.017543,0.074260,0.134089,0.345434,0.078359,-0.112647,0.024715,0.305630,-0.037625,0.115194,0.163037,-0.045091,0.019705,0.092064,-0.079067,-0.018482,-0.075345,0.216205,0.059656,-0.098397,0.103490,0.088106,0.248110,-0.016190,0.232500,-0.154541,-0.027269,0.175315,-0.157354,0.021358,-0.080568,0.057827,0.068508,0.180858,0.314185,-0.091038,0.013257,0.216071,0.188054,-0.018606,0.003731,-0.047563,0.017632,0.000487,-0.186147,0.071641,-0.020750,-0.121876,-0.050753,-0.079767,-0.004425,0.198257,0.083915,0.158963,-0.072434,-0.032406,0.259178,0.067758,0.058033,-0.022374,0.006584,-0.094495,-0.051203,-0.310672,0.140155,0.052602,0.004961,-0.099636,-0.068928,-0.121535,0.113387,0.009566,0.250117,0.098123,0.085521,-0.141479,0.034766,-0.003642,-0.114184,0.133056,0.010513,0.233399,0.030971,-0.138856,0.121054,0.036447,0.054643,0.142300,-0.089706,0.019216,-0.131604,-0.046886,0.203726,-0.191075,-0.092669,-0.009371,-0.277081,-0.196968,0.257771,-0.163989,-0.099192,-0.128862,0.121831,0.034032,0.047762,0.114242,-0.060561,-0.115312,0.123479,0.068691,0.348666,0.012241,0.140272,0.066414,0.285079,0.048608,-0.134923,0.310070,0.239041,0.137873,-0.077801,-0.055798,-0.065507,0.037525,-0.225918,0.200073,0.330787,0.134876,0.098562,0.030918,0.001369,0.096559,0.201936,0.119669,0.111732,0.068049,0.110075,0.228720,-0.053224,0.076752,-0.206617,-0.006630,0.054540,0.134709,0.082801,0.049879,-0.152935,0.073374,0.038536,0.207643,0.154913,-0.204293,0.130391,-0.187292,#
20,-0.226730,0.262224,-0.034452,0.347782,0.146929,0.023843,-0.128721,0.167832,0.160273,-0.059249,-0.044434,-0.008274,0.066985,0.125264,-0.183813,-0.045401,0.106181,-0.132421,0.152763,-0.108777,1.000000,0.104747,0.109557,0.220092,0.148397,0.308908,-0.247783,0.177281,0.161387,-0.092578,0.027409,-0.038638,0.289602,0.204550,-0.085341,0.269630,-0.343308,0.003455,-0.096075,0.201771,-0.018549,0.051952,0.032335,-0.284670,0.320172,-0.124605,0.045181,0.120864,0.053385,0.216936,-0.018642,0.209701,0.065609,0.121417,0.205422,-0.182109,-0.361359,-0.114548,0.117579,0.032475,0.113578,0.009897,0.069611,0.202949,-0.042060,0.227838,0.049370,-0.127674,-0.132307,-0.000084,0.005120,0.114567,0.329176,0.076463,-0.097386,-0.082760,0.126902,-0.120682,0.254300,-0.048008,-0.073650,0.003351,0.207454,-0.347639,-0.089716,0.171553,0.029994,0.122132,0.016046,0.081603,0.081048,0.150485,-0.004361,-0.106621,0.041108,0.187831,0.165479,-0.021566,-0.032988,0.111651,0.139003,0.016286,0.142586,0.215626,-0.021499,0.165276,0.262578,0.004971,-0.052875,0.321691,-0.119819,0.170555,-0.011946,0.012889,-0.001262,-0.079295,0.102031,-0.088378,-0.132721,-0.009387,0.052311,0.061062,-0.026343,0.123897,0.030915,0.127428,0.209136,-0.102782,0.026432,0.142543,0.073230,0.102997,0.199389,0.089997,-0.058691,0.152732,-0.061635,0.239508,0.077084,0.105026,0.034759,0.077249,-0.070257,-0.189613,-0.056946,-0.069646,-0.039291,0.093323,0.009376,-0.129688,0.102368,0.020393,0.080261,0.076950,-0.043251,0.135708,0.207245,0.203388,0.014728,-0.016120,0.157766,0.149336,0.213300,0.126293,-0.127573,0.012021,-0.064745,0.172385,-0.000876,-0.185970,0.232038,-0.158232,-0.055700,0.148546,0.085076,0.145278,-0.075586,0.016710,0.023717,0.027272,0.227364,0.012474,0.000051,0.179072,0.042980,0.089923,-0.034121,-0.095077,0.013215,0.109445,0.127926,0.307427,0.226295,0.190599,0.240463,0.144760,0.069966,0.103945,-0.040604,0.108475,#
