0,1.000000,-0.165205,0.248735,0.069028,0.150438,-0.053722,-0.014053,-0.032230,0.076184,0.060853,0.209689,-0.117449,0.017629,0.136232,0.223949,0.046156,-0.026662,0.156927,0.220119,0.187832,0.126194,0.353431,0.066737,0.174649,0.241808,-0.029898,0.156829,0.125709,0.385906,0.354010,-0.054849,0.093701,0.138993,0.155338,-0.113362,0.008134,0.111953,0.090292,0.259398,0.303674,0.165948,0.012216,0.047184,0.125677,-0.113198,0.106825,0.036026,0.121697,0.269102,0.189555,0.222210,-0.156764,0.149929,0.246609,0.161798,0.329362,0.089389,0.114047,-0.207048,-0.102403,0.180179,-0.105833,0.233557,-0.052152,0.026749,0.158981,0.027056,0.016603,0.141711,0.028218,0.134876,0.054697,0.226232,0.156956,-0.028705,-0.097038,0.204413,0.059718,-0.044268,0.102297,0.161807,0.021105,-0.003359,0.194708,0.343786,-0.043601,0.113422,0.278339,0.123987,-0.016539,-0.078187,-0.059796,0.052792,0.236806,0.302643,0.156718,0.369819,0.186843,0.066713,0.226487,0.212447,0.192104,0.141592,0.186110,0.103032,0.229990,0.183825,0.058419,0.102378,-0.133047,0.013958,0.043031,-0.096377,0.254675,-0.073919,-0.141678,0.113189,0.198923,0.160795,-0.026304,0.269810,0.281113,0.087758,0.099281,0.000652,0.227673,0.081920,-0.064471,0.252724,0.120758,0.251505,0.097025,0.225244,0.204324,0.068564,-0.148813,0.353209,0.061176,0.126668,0.285950,0.194476,0.119306,0.091750,-0.124374,0.065776,0.145677,0.155897,0.235338,0.139814,0.082270,0.055998,0.048608,0.375063,0.031023,0.179704,0.122803,-0.044167,-0.012993,0.128642,0.300804,0.117373,0.187430,-0.023624,-0.021624,0.269305,-0.021695,0.089041,0.180035,0.049049,0.150353,0.326756,-0.005107,0.112547,0.225389,-0.015397,0.163260,0.366596,0.067075,0.021804,0.051766,-0.025051,0.230102,0.023280,0.040852,0.213275,0.062163,0.332253,0.253986,0.236613,0.100179,0.115136,0.070432,0.241060,0.239004,0.314390,-0.077170,-0.021990,0.127452,0.396490,0.277337,#
1,-0.165205,1.000000,0.094194,0.209256,0.154566,-0.010153,0.070029,-0.069569,0.236672,-0.143185,0.367916,0.160779,0.005567,0.053543,-0.135299,-0.159261,0.119163,0.168598,-0.092757,0.256119,-0.075517,0.174305,-0.028431,0.075798,-0.010365,0.304498,0.217773,0.306904,0.004776,0.066018,0.076713,0.198763,0.052097,0.070682,-0.007174,0.175252,0.015773,0.048830,0.295224,-0.032925,-0.166689,0.121915,0.252436,0.099770,-0.111391,0.217988,0.275376,0.282198,0.020043,0.033369,0.242023,0.166961,0.148648,0.076767,-0.136952,0.113695,0.078289,-0.183556,-0.113723,0.276804,-0.099865,0.055891,0.047474,0.094408,0.046712,0.105731,-0.348659,0.090905,0.133183,0.332273,0.019402,0.025025,0.263544,-0.107499,0.234790,0.202549,0.091200,0.051195,0.197852,-0.020551,0.208972,0.030936,0.238236,0.052251,-0.011806,-0.364193,0.111988,-0.007959,0.256431,0.037648,0.042176,0.170109,0.013939,0.069478,-0.067698,-0.022847,0.025931,-0.173629,0.081313,0.026596,0.165213,-0.013731,0.044948,0.055430,0.011203,0.059036,0.056350,0.299112,-0.209378,0.137089,0.280815,0.126876,-0.056030,0.271037,0.210573,0.136175,-0.005677,0.119383,-0.162129,0.073294,0.055447,0.103214,0.171049,0.149681,0.136993,0.258345,0.100277,0.197971,-0.142720,0.146842,0.116614,0.075889,0.094730,0.282703,0.236881,0.320942,-0.119379,0.187708,0.366183,0.131655,-0.101195,-0.144022,0.232047,0.080024,0.135538,0.122276,0.173368,-0.093891,0.028348,0.000250,-0.055317,0.110993,0.102954,-0.066527,0.345405,0.090460,-0.027799,-0.150188,0.023520,-0.141970,0.021759,0.236469,0.247899,0.192373,0.072184,0.065135,-0.027175,-0.131218,0.118999,0.333481,0.111067,0.249524,-0.048222,0.077419,-0.047340,-0.178272,0.030354,0.205840,0.117142,-0.015001,0.041871,0.167718,0.119688,-0.267101,0.034001,0.209706,-0.028706,-0.010946,0.062358,0.083785,0.316752,-0.153327,-0.078417,0.090445,0.185019,0.080891,-0.016270,0.040291,0.075083,0.102356,#
2,0.248735,0.094194,1.000000,0.215648,0.064050,-0.082474,0.194373,0.141680,-0.084270,-0.119311,-0.042715,0.190011,0.016620,0.284316,0.048672,0.178383,0.158976,-0.021234,0.074958,0.065226,0.294697,0.301476,-0.010314,0.042849,0.327834,0.211225,0.257537,0.151011,0.142921,0.352960,-0.112280,-0.220130,-0.012180,-0.029696,-0.224156,0.072063,0.026410,-0.142004,0.000043,0.102101,0.081064,0.167104,0.410719,0.004420,-0.107516,0.047741,0.091264,0.150425,0.080375,0.133505,0.384484,0.057853,0.134425,-0.073224,-0.107112,0.076994,0.007446,0.037619,0.021981,0.158284,0.102189,-0.071876,0.032935,0.246462,0.168166,0.132216,0.021064,0.034866,0.188017,0.379009,-0.101519,0.179696,0.104741,0.121093,0.152547,0.053471,0.196259,0.180052,0.069393,-0.089095,0.185975,-0.136037,-0.030299,0.085045,-0.126199,-0.029030,0.194818,0.209318,0.134081,-0.008878,-0.025263,0.160567,0.204042,0.159487,0.018053,-0.019732,0.306414,0.040318,0.266143,0.056521,0.202162,-0.026898,0.023255,0.205068,-0.038803,0.045561,0.045633,0.053378,0.184706,0.177490,0.067453,-0.029592,0.189521,-0.008891,0.108826,0.170780,0.214352,0.209414,-0.257099,-0.012267,0.197127,0.046978,-0.006001,0.052943,0.072310,-0.018897,0.176919,0.012720,0.032909,0.172904,0.078679,0.231677,0.158737,0.020608,0.238657,0.221804,0.169602,-0.067022,0.020362,0.015423,-0.107780,-0.064272,0.335925,0.134567,0.323286,0.207380,0.040374,0.084174,0.253936,-0.060658,0.003106,0.179502,0.042390,0.065676,-0.011046,-0.026192,-0.099167,-0.075707,-0.002626,0.167012,0.137597,0.493492,0.045365,0.113278,0.100755,0.017661,0.078766,0.135295,-0.233855,0.125083,-0.043438,0.319772,0.043896,-0.150633,0.127791,0.018553,0.283897,0.047246,-0.005450,0.073870,0.126506,0.056899,-0.149214,0.319180,-0.028681,0.068880,0.158524,0.012359,0.165833,-0.190284,-0.196010,0.194311,0.400877,-0.007817,0.119150,-0.008278,-0.075213,0.158307,0.250102,0.116971,#
3,0.069028,0.209256,0.215648,1.000000,0.254799,0.024769,0.291059,-0.074543,0.118175,-0.139574,0.199872,0.138154,0.176542,0.042600,-0.008493,-0.086031,0.129851,0.018338,0.191507,0.238705,0.181965,0.106755,0.043112,0.270140,0.191005,0.233453,0.203626,0.195700,0.157629,0.255437,0.102182,0.300943,0.306988,-0.021399,-0.079056,0.134391,0.441286,-0.017732,0.250947,0.015257,0.150302,0.263654,0.159687,0.397966,-0.142350,0.191930,0.395375,0.244410,-0.055395,0.141116,0.142416,0.040287,0.198701,-0.058833,-0.120457,0.247650,0.109326,0.164610,-0.087249,0.130357,0.065928,-0.107373,0.132567,0.075574,0.217626,0.106883,0.023004,0.103990,0.040593,0.192854,0.162931,0.003450,0.211487,0.081824,0.160674,0.309676,0.125643,0.072555,0.304625,0.060061,0.450743,0.188429,-0.107647,0.125531,0.231491,0.090894,0.118019,-0.011900,0.114311,0.066575,0.145760,0.198930,0.187364,0.113932,-0.005968,0.034144,0.339646,-0.077465,0.266070,0.351932,0.353534,0.016895,0.131079,0.229990,0.378888,0.088959,0.010580,0.138067,0.031327,0.199968,0.116827,0.037542,0.129157,0.066708,0.046674,-0.052249,0.285010,0.055366,0.007914,0.125952,0.273124,-0.047054,0.159052,0.278146,-0.000654,0.029360,0.239131,0.132247,-0.107366,0.362106,0.202192,0.215622,0.199286,0.129804,0.252409,-0.048362,-0.103331,0.032647,0.407282,0.173034,0.198838,0.151286,0.194799,0.311000,0.013678,0.069345,0.237671,0.228746,0.219231,-0.043187,-0.238782,0.136199,-0.093475,-0.017286,0.162352,0.104848,0.041739,-0.058048,0.036030,0.242586,0.194221,0.338025,0.194474,0.310002,0.138342,-0.026860,0.039634,-0.014668,-0.046882,0.003407,0.281446,0.087152,0.045387,-0.112610,-0.125623,0.106061,0.051471,0.262160,0.206581,0.024896,0.114500,0.266068,0.248559,-0.039061,0.124767,0.027413,0.134496,0.173065,-0.144084,0.119351,0.027906,0.199951,0.380165,0.061542,0.191399,0.178522,0.226823,0.275732,0.288312,0.190464,#
4,0.150438,0.154566,0.064050,0.254799,1.000000,0.124549,0.011882,-0.011935,0.405039,-0.207194,-0.103563,-0.110798,0.234278,-0.070605,-0.002658,-0.007022,0.010524,-0.007419,0.270856,0.207795,0.270844,0.200883,0.035560,0.183112,0.273366,0.366557,0.001803,0.145048,0.042662,-0.065455,-0.091029,0.048580,0.188412,-0.172083,-0.092433,0.153098,0.337950,-0.027089,-0.021626,-0.012836,0.006532,0.283881,0.159582,0.082285,0.343503,-0.065481,0.297892,0.170969,0.094158,0.034199,0.073589,0.007048,0.164727,0.143576,0.122174,0.186389,0.098701,0.011687,0.063014,-0.061575,0.213112,-0.005176,0.004836,-0.158721,0.175403,-0.024505,0.009408,0.013691,-0.066649,0.072847,0.145509,-0.014379,0.140409,0.181436,-0.124504,-0.153766,0.026189,0.108350,0.087432,-0.033902,0.283086,0.121370,-0.097049,-0.060449,0.214183,0.071846,0.032293,0.112912,0.241189,0.312255,0.161472,0.103232,-0.095504,-0.070080,-0.067522,0.157306,0.181821,0.072315,0.228375,0.091009,0.034401,-0.152455,0.164748,0.074433,0.107800,-0.010518,-0.075417,0.192420,-0.264940,0.096411,0.488061,0.019366,0.091644,0.294145,0.032104,-0.215321,0.056044,-0.256508,0.000342,0.000351,0.231314,-0.044321,0.195026,-0.201035,0.199622,-0.061417,0.167919,0.025884,-0.030930,-0.085101,0.037175,-0.057222,0.049790,0.103198,0.188585,-0.070905,0.121815,-0.046433,0.139947,0.260039,0.231492,-0.216499,0.046533,-0.096267,-0.003737,-0.018264,0.100932,0.136554,0.210343,-0.168243,0.006416,-0.102345,-0.018567,-0.054985,-0.047047,-0.043726,0.290853,0.121829,-0.087634,0.267250,-0.086539,0.099092,-0.201008,0.130707,-0.052614,0.138709,-0.208511,0.049099,-0.209075,0.085071,-0.079003,-0.069156,0.160559,0.208847,0.007822,-0.082312,0.207331,0.150601,0.292536,-0.007873,-0.178747,-0.025835,0.069177,-0.004463,0.052481,-0.093825,0.058817,0.350229,0.036472,0.079278,0.131475,-0.043430,0.243536,-0.049416,0.048217,0.217650,0.004361,0.316625,0.064850,0.165033,#
5,-0.053722,-0.010153,-0.082474,0.024769,0.124549,1.000000,0.101616,0.000236,0.182970,0.019955,0.118807,-0.056562,0.166598,0.136656,0.265502,-0.105128,-0.011245,-0.124959,-0.049318,-0.135687,-0.022527,-0.022334,-0.041723,0.109896,0.144121,0.006019,0.009608,0.064046,0.097480,0.120027,-0.048782,0.221459,0.229695,0.079943,0.006819,-0.055222,0.206961,0.129926,0.037438,-0.019188,-0.111450,0.059785,-0.055730,0.192025,-0.168994,0.036889,0.061430,-0.090820,0.053838,0.227090,-0.018416,-0.039438,0.020898,-0.049909,-0.066363,0.132365,-0.188395,-0.188034,-0.013286,-0.029901,-0.026114,0.130439,-0.064293,-0.222816,-0.133318,0.018331,0.182303,-0.092728,-0.037579,0.067553,0.049433,0.080182,0.048624,0.191239,-0.079491,-0.173242,0.183335,-0.091421,-0.013722,0.003245,-0.004024,0.007826,0.068438,-0.081197,0.054502,0.107724,-0.157703,-0.143170,0.015795,0.104617,0.041932,0.093838,-0.070063,0.026550,0.011417,-0.009842,-0.076444,-0.196537,0.190317,-0.189302,0.097038,0.029615,-0.120961,-0.017242,-0.039456,-0.045818,-0.135503,0.169502,-0.109865,-0.052292,0.122018,-0.174772,0.101128,0.038342,0.076256,-0.223334,0.068255,-0.136385,0.039860,-0.119735,0.174522,0.042573,-0.076975,0.015665,-0.089257,-0.115562,-0.283075,-0.075413,0.081513,0.055953,0.178647,-0.043200,-0.029095,0.016173,0.180008,0.143222,-0.047195,-0.159796,-0.018073,0.010521,0.249837,0.017045,0.128218,0.223901,0.013072,0.036252,0.081062,-0.168064,-0.244840,0.083794,0.087653,-0.273030,-0.105343,0.139674,-0.045636,0.010993,0.076849,-0.043203,0.245921,-0.271810,-0.164928,-0.029983,-0.004449,-0.022672,-0.128547,-0.008921,-0.021246,-0.012373,0.165301,0.256665,0.035149,0.054017,-0.094011,0.071080,-0.082465,-0.013512,0.154420,0.064078,0.308541,-0.279344,0.029019,-0.200978,0.144287,-0.027676,0.010254,0.187240,0.296937,-0.061374,-0.350948,-0.042099,-0.189847,-0.039047,0.129064,0.118056,0.104787,-0.193791,-0.152748,0.297955,-0.170989,0.118393,#
6,-0.014053,0.070029,0.194373,0.291059,0.011882,0.101616,1.000000,0.101540,0.085449,-0.006559,0.118593,0.059935,-0.103497,0.253509,0.052994,-0.042924,0.118752,0.026386,0.179760,0.114405,0.279669,0.011899,-0.108678,-0.042170,0.029567,0.232717,0.155097,0.248127,0.181445,0.324929,-0.043921,0.145021,0.111973,0.265300,-0.239678,0.018276,0.159659,0.136924,0.014285,0.203644,0.001439,0.163529,-0.176166,0.068068,-0.256922,0.282047,0.133413,0.138871,0.056900,-0.012378,0.141455,0.137706,0.274632,0.189836,-0.092174,0.140326,0.030694,0.040651,0.133236,0.242396,-0.123386,-0.109954,0.047212,0.274390,0.129084,0.175760,0.121542,0.168417,0.254666,0.095288,-0.076541,0.114076,0.112319,-0.068582,0.193482,0.128313,0.127441,0.353077,0.305940,0.044023,0.124584,0.093395,0.239484,0.074994,0.194620,-0.041096,0.003366,0.171033,-0.021159,0.019719,0.164044,0.202373,-0.020093,0.088363,0.008059,0.137612,0.093082,-0.023444,0.227206,0.256792,0.232599,0.010435,-0.125670,-0.177715,-0.093293,0.350096,-0.206803,0.101168,0.180738,0.133471,0.090942,0.084459,0.202601,-0.103479,0.042574,0.149619,0.185930,0.040790,0.059572,0.120026,0.131627,0.161613,-0.152832,0.111741,0.074173,-0.004279,0.029321,0.293956,0.015412,0.176515,0.187894,-0.113442,0.085838,-0.102302,0.361047,0.157635,0.042979,0.291912,0.258691,0.181170,-0.061771,-0.039291,0.003853,0.215964,-0.029542,0.143852,0.298535,-0.002756,0.111065,-0.271472,-0.023995,0.066827,0.030202,-0.032230,0.249609,-0.003496,0.043192,0.014628,0.170419,0.009839,0.139439,0.271649,0.283041,0.242147,0.227772,0.041378,-0.107558,0.084346,0.204228,0.159814,0.071903,0.093957,0.170199,0.007886,-0.102746,0.180175,0.015565,0.213666,0.430001,-0.147071,-0.111550,-0.068193,0.260138,0.344429,0.322093,0.150438,0.303896,0.059065,-0.134058,0.184507,-0.222064,-0.019385,0.207590,0.178288,0.024441,-0.102805,0.142524,0.274979,0.076866,0.335420,#
7,-0.032230,-0.069569,0.141680,-0.074543,-0.011935,0.000236,0.101540,1.000000,0.083722,0.127023,0.060295,0.278266,-0.117608,0.075927,0.204189,0.237426,0.080321,0.320531,0.048847,0.103766,0.157931,0.270535,0.238340,-0.065658,0.100474,-0.022867,0.240307,0.252618,0.000314,0.165380,-0.023363,-0.114447,-0.003233,0.032242,-0.112448,0.057415,-0.183691,-0.178507,0.098673,0.137603,0.060447,0.263194,0.028456,0.080929,0.243304,0.179075,-0.048616,0.182848,0.116453,0.017213,-0.092808,-0.033242,-0.084324,-0.021031,0.114590,0.067424,0.259131,0.263538,0.149308,-0.063483,0.193641,-0.040164,0.022340,0.093847,0.220156,0.048985,0.089539,-0.121259,0.121641,0.155711,0.106802,0.049473,0.201793,0.105150,-0.092917,0.081890,-0.082626,0.134157,0.044861,0.295429,0.200838,0.035135,0.153313,0.086416,0.144554,-0.049317,-0.076918,-0.113177,0.141817,0.312270,-0.063423,0.161512,0.128447,0.169841,-0.154910,-0.101256,-0.055354,0.045147,-0.053256,0.011836,0.114622,-0.041353,0.011704,-0.080504,-0.276392,0.227189,0.419739,-0.003026,0.006909,0.169519,-0.099049,0.068972,-0.162867,-0.055194,0.317209,0.089941,-0.233338,-0.104976,0.009018,0.292052,0.231019,0.113099,-0.035703,0.068777,0.082911,-0.104023,0.009629,0.190938,-0.036998,0.147460,0.044688,0.135652,0.110825,-0.029540,0.478252,0.064569,-0.149791,0.415785,0.080345,0.028079,0.229335,-0.006969,-0.031761,0.012288,0.008100,0.096422,0.296019,0.057075,-0.043536,-0.076023,0.051331,0.046153,-0.013981,0.061725,-0.215338,0.157888,0.139269,0.032698,0.198607,0.049126,-0.017492,0.116362,0.155425,-0.062507,-0.085383,0.215821,0.277277,0.130735,0.112763,0.044589,-0.011791,0.055573,0.072269,-0.005332,0.093292,-0.106285,0.081574,0.005318,-0.127867,0.039226,0.140114,-0.010514,-0.013499,0.230008,-0.411973,-0.133374,0.036199,-0.035175,0.017686,0.314200,0.150264,-0.139942,0.210051,0.083628,0.076270,0.039688,-0.066568,0.046692,0.258915,-0.066482,#
8,0.076184,0.236672,-0.084270,0.118175,0.405039,0.182970,0.085449,0.083722,1.000000,-0.057733,0.269248,-0.007841,0.091571,0.108665,0.270164,-0.278908,-0.123007,0.126295,0.164032,0.205253,0.232929,0.148018,-0.077804,0.240857,0.090579,0.067970,0.079638,0.179367,0.092636,0.054542,-0.236004,0.094384,0.189177,-0.132193,-0.150978,0.146798,0.290641,0.008221,0.123775,0.002170,0.156797,0.130483,-0.040902,0.042564,0.145331,0.104787,0.140971,0.346818,0.196225,0.112878,0.001019,0.318370,0.096900,0.379098,0.012678,0.244035,0.216053,0.151016,-0.209732,0.021421,0.033941,0.234170,0.019581,-0.151319,0.068447,0.180464,-0.005375,-0.029022,0.317144,0.150319,0.058744,0.113918,0.265660,-0.188149,-0.036597,0.022810,0.123482,0.254052,0.223873,-0.127558,0.243457,0.378650,0.215530,0.112380,0.279773,0.048124,0.070467,0.123471,0.316240,0.443815,0.138867,0.250257,-0.009774,-0.153980,0.408927,0.199669,0.107452,0.019507,0.278064,0.052280,0.100698,0.054274,0.156529,0.102065,0.026469,0.112745,0.026021,0.336744,-0.124707,0.208200,0.176816,0.076122,-0.019959,0.266392,0.111174,0.013185,0.062809,0.235371,0.079676,0.158350,0.287804,0.120104,0.259830,0.076851,0.156248,0.248994,0.028952,0.221746,-0.072667,0.169112,0.161648,-0.081270,0.145264,0.208533,0.202941,-0.076922,0.104762,0.184134,0.445075,0.270007,0.372197,0.102937,0.201796,-0.024706,0.040792,-0.100181,0.210898,0.131814,-0.160393,-0.076856,0.247432,-0.101642,0.024985,0.022415,0.312558,0.216446,0.250136,0.091022,0.132586,0.178277,-0.029071,0.071466,-0.061656,0.181512,0.101268,0.037047,0.120324,0.118780,0.147436,0.106857,0.116058,0.222318,0.025821,0.113737,-0.010693,0.022414,0.103794,0.240293,0.456986,-0.091674,-0.101399,0.262479,0.005652,-0.075447,-0.012598,0.147809,0.050583,0.077534,0.093058,0.395667,0.207987,-0.010735,0.269938,0.027980,0.322614,0.026458,0.106372,0.074131,-0.069723,0.101639,#
9,0.060853,-0.143185,-0.119311,-0.139574,-0.207194,0.019955,-0.006559,0.127023,-0.057733,1.000000,0.194820,-0.188214,-0.130085,0.314837,0.217360,-0.052268,-0.102944,-0.153182,-0.326784,0.283896,-0.128879,0.010747,0.016109,-0.114051,-0.076819,-0.149233,0.280681,0.053165,0.147044,-0.056491,0.172521,0.152349,0.061349,-0.004007,0.141516,-0.051236,-0.238890,0.280415,-0.034810,-0.128090,0.203026,0.109515,-0.092980,-0.237741,-0.033317,0.033598,0.087295,0.054078,0.023460,-0.165115,-0.046996,0.121819,-0.185770,-0.067859,0.148284,0.239453,0.111862,0.194102,0.075144,-0.145218,0.140857,-0.070185,0.056061,-0.107141,0.234841,0.143032,-0.121287,-0.140649,0.076688,-0.089101,0.042861,0.239862,0.099225,0.036666,0.127508,0.041890,0.054585,-0.064781,0.256319,-0.036815,-0.130761,0.132727,-0.107432,0.053096,0.146793,0.195956,0.055398,0.054151,-0.262532,0.089041,-0.165067,-0.130568,-0.034436,-0.106811,-0.105439,-0.041520,-0.007391,0.058376,0.019319,0.059871,0.231134,0.179654,0.195918,-0.087376,0.236140,0.134448,0.012679,0.066960,0.241222,-0.113130,-0.168050,-0.144277,-0.094437,0.089118,0.037233,-0.081058,-0.056247,0.185000,0.210876,-0.145490,0.306973,0.214833,-0.086225,0.207111,-0.051403,0.052206,-0.228045,0.063446,0.083839,0.266712,0.118395,-0.085469,-0.136449,0.031355,-0.065361,0.053256,0.235384,0.189408,0.142398,-0.180768,0.060842,0.129877,0.015482,-0.093205,-0.066392,0.152830,0.214696,-0.002507,-0.070044,0.418363,0.103943,-0.197896,0.203874,0.100210,-0.050199,0.100387,0.016568,0.049843,0.413104,-0.133471,0.109140,0.079375,-0.187073,0.226212,0.029904,0.074159,-0.123960,0.098077,0.300700,0.094078,0.128260,0.292831,0.046701,0.055340,-0.041523,0.004070,0.136232,-0.206144,-0.162911,0.025790,-0.035103,0.008815,0.080965,0.185009,-0.007152,-0.038459,0.096524,0.154780,0.136757,-0.062525,0.079944,0.006903,-0.104851,0.190543,-0.121706,0.106135,0.220415,-0.240440,0.130382,0.137104,#
10,0.209689,0.367916,-0.042715,0.199872,-0.103563,0.118807,0.118593,0.060295,0.269248,0.194820,1.000000,-0.032427,-0.186513,0.253815,0.138886,-0.135578,-0.037580,0.075201,0.051548,0.007523,-0.088687,0.202033,-0.229003,0.069645,-0.018378,-0.146852,0.263878,0.253613,0.180703,0.186822,0.226026,0.250808,0.129969,0.155081,-0.103897,0.024970,-0.051238,0.106282,0.335060,0.159993,0.103831,0.056774,-0.007428,0.024108,-0.261657,0.123443,0.110039,0.196661,0.096644,-0.028464,-0.052404,0.035246,-0.008549,0.067947,-0.103740,0.282815,0.184567,0.122520,-0.217585,0.093786,-0.160345,-0.091937,0.169228,0.008216,0.349689,0.279733,-0.085356,-0.061736,0.226188,0.183743,0.164903,0.120723,0.356600,0.111951,0.026419,-0.017475,0.241715,-0.139617,0.160054,0.238952,0.129558,-0.009347,0.256387,0.177119,0.190963,-0.156999,0.218016,-0.059256,0.061578,0.109592,-0.220219,0.053445,0.122612,-0.060578,0.062887,-0.036410,0.236071,-0.120808,0.037230,0.131252,0.150889,-0.032227,0.162996,-0.113026,0.074780,0.015226,0.161893,0.275929,0.141784,0.055011,0.015077,0.083529,-0.182920,0.080990,0.305414,0.074328,0.101693,0.058298,0.081238,0.032410,0.107857,0.248586,-0.036456,0.131713,0.027015,0.078519,-0.024337,0.127256,0.008558,0.323404,0.379044,-0.045058,0.036263,0.081907,0.090749,0.104808,-0.060910,0.252515,0.373721,-0.052332,0.282354,0.022946,0.242241,0.139849,-0.155143,0.095041,0.308194,-0.134064,-0.198777,0.083682,-0.050532,0.149040,0.154348,-0.189019,0.297217,0.221930,0.085149,-0.219045,0.218617,0.079564,0.093882,0.007802,0.291271,0.000531,0.127201,0.023103,-0.008364,0.172339,0.213789,0.160271,0.349533,0.234278,-0.063488,0.139922,-0.200825,0.095178,0.066756,0.101075,0.084551,0.007768,0.087573,0.051183,0.158604,-0.048798,0.146061,0.120180,0.015650,-0.078633,0.147438,0.229961,0.115397,-0.015038,0.060574,0.026730,0.210824,-0.007956,0.016224,0.111828,0.313768,0.247209,#
11,-0.117449,0.160779,0.190011,0.138154,-0.110798,-0.056562,0.059935,0.278266,-0.007841,-0.188214,-0.032427,1.000000,0.080371,-0.084493,-0.155202,0.004014,0.008028,0.298930,0.240356,-0.041658,0.024189,0.016810,-0.194361,0.035182,0.287411,0.141340,-0.036001,0.113010,-0.375312,0.149390,0.096536,-0.071026,0.072688,-0.032818,-0.005471,0.077493,0.000141,-0.133534,0.113172,0.056685,-0.126957,0.266638,0.240760,0.218857,-0.081725,0.160686,0.112404,0.041503,0.098103,0.011793,0.267955,-0.092132,0.117222,0.120891,-0.278990,-0.189183,0.354185,0.265622,0.138221,-0.187599,-0.288538,0.008065,0.193793,0.175928,-0.138163,0.131655,0.086830,0.256448,-0.039850,0.099524,-0.092506,-0.070078,0.270372,-0.055195,-0.098342,0.223715,-0.021455,-0.092785,0.111748,0.223569,0.153912,-0.156276,0.215204,0.193330,0.138565,-0.221597,0.104018,0.186574,0.208279,-0.016031,0.112535,0.260503,0.279081,0.492646,-0.097256,0.036143,-0.082496,0.078243,-0.067621,0.078618,0.097011,-0.024334,-0.097346,0.129617,-0.027896,0.190004,0.251004,0.226269,0.135866,0.017211,0.179881,0.138540,0.087080,0.058390,-0.176867,0.203922,0.007617,0.081103,-0.032161,-0.057655,-0.003699,0.060586,0.232074,0.054667,0.191781,-0.028000,0.150555,0.259264,0.155359,0.112174,-0.008540,0.212985,0.133945,0.154569,0.136971,-0.044816,-0.451148,0.389822,-0.017618,0.184630,0.063977,0.025821,0.187992,0.081622,-0.002118,-0.033685,-0.013827,-0.075383,-0.073743,-0.158506,-0.044325,0.288743,0.006955,0.165907,0.055062,0.127158,-0.049632,-0.271361,-0.018595,0.064621,0.012676,0.127070,-0.066391,-0.172529,0.043543,0.048102,0.369071,0.073835,0.186581,-0.025007,0.035792,-0.025124,-0.192398,-0.189590,0.019254,0.169884,0.208935,0.161590,-0.006913,-0.113334,0.083818,0.142618,-0.124918,0.016974,-0.184281,-0.035504,0.080009,0.023466,-0.101176,0.027630,0.046450,0.021441,0.154411,0.036605,0.155839,0.086263,-0.004192,0.065748,0.058114,0.032303,#
12,0.017629,0.005567,0.016620,0.176542,0.234278,0.166598,-0.103497,-0.117608,0.091571,-0.130085,-0.186513,0.080371,1.000000,-0.193747,0.056123,-0.113459,0.327915,-0.045360,0.050239,0.305463,0.056086,-0.084995,0.203383,0.116214,0.045339,0.104918,0.106707,-0.000294,0.087625,0.361087,-0.107024,0.262730,0.100697,0.098382,0.035100,0.267152,0.218383,-0.054202,0.150277,-0.019689,0.140388,-0.033453,0.099433,0.222874,0.242760,0.191544,0.186957,-0.152371,0.068295,0.012108,0.322750,0.136516,0.149002,0.151152,-0.010252,0.127818,0.027332,0.100910,0.046716,-0.180697,-0.114218,0.173274,0.094281,0.048452,-0.016352,0.235644,0.047087,0.007187,-0.068917,-0.021596,0.091482,0.199480,-0.069999,-0.042978,0.196401,0.100775,0.170538,0.039781,0.236438,-0.031601,0.108321,0.247864,-0.000480,-0.031244,0.139782,0.213189,-0.013845,0.291009,0.122195,-0.048007,0.144056,0.238565,-0.123767,0.209353,0.224742,0.061396,0.150352,0.041391,0.096457,-0.000241,0.107765,0.220577,0.058132,0.007007,0.268740,0.069566,0.075438,-0.095511,-0.058982,0.066730,0.290327,-0.104517,0.010659,0.237386,0.010508,-0.075535,-0.054068,0.050915,0.168652,0.040704,0.033369,-0.060323,0.279483,0.066842,0.108127,0.203194,0.191182,-0.058117,0.078396,0.092051,0.157834,0.122392,0.109826,0.138914,-0.079558,0.011724,0.073655,0.090760,0.097236,0.138981,0.143319,-0.115580,0.105180,0.094910,-0.172006,0.141812,-0.117407,0.100898,-0.041734,-0.138648,-0.011628,0.278735,0.023343,0.226744,-0.059400,-0.102302,0.060149,-0.235210,-0.062385,0.016951,-0.101616,0.192042,0.127686,0.251609,-0.156577,-0.101750,0.219177,-0.074808,-0.144773,0.124905,0.070364,-0.066460,0.109081,-0.087674,0.173546,-0.113952,0.183110,0.192135,0.023261,0.174983,0.114842,0.108942,0.261082,-0.007956,0.035667,0.173613,0.018966,0.095397,0.009184,0.038571,0.042183,-0.076117,-0.018335,0.069731,-0.107499,-0.044065,0.234661,0.229371,0.066929,0.017675,#
13,0.136232,0.053543,0.284316,0.042600,-0.070605,0.136656,0.253509,0.075927,0.108665,0.314837,0.253815,-0.084493,-0.193747,1.000000,0.245853,0.035953,0.157013,-0.192002,0.127940,0.172534,0.006691,0.097116,-0.146932,0.167636,0.134569,0.206144,0.358130,0.112570,0.234906,0.023360,0.152966,0.219625,0.225259,0.143716,0.083655,0.020487,-0.178398,0.020066,0.062415,0.124562,-0.157161,0.119740,0.249885,0.023278,-0.216189,0.173950,0.137150,0.123275,0.092171,0.062448,0.100926,0.148432,0.156862,-0.075154,0.043069,0.253992,0.068531,0.186088,0.050823,0.293363,0.070881,-0.034892,0.109172,0.019537,0.098749,0.179338,0.285863,0.080977,0.389247,-0.007746,-0.171440,0.020632,0.140473,0.019166,0.137582,-0.074753,0.272303,0.172571,0.199225,-0.108342,0.047005,0.099177,-0.073840,0.584637,0.246582,0.019105,0.214947,0.163884,0.214877,0.009712,-0.024116,0.147864,0.036269,0.147683,-0.182197,-0.040638,0.270998,-0.128132,0.245363,0.215084,0.241885,0.169323,0.016244,0.076899,-0.034140,0.199565,0.023349,0.120202,0.138795,0.005869,-0.035493,-0.024703,0.215593,0.010522,0.136034,0.099135,0.343100,0.096079,0.016946,0.041725,0.326786,0.116552,0.045778,0.155026,0.119247,-0.057117,-0.055865,-0.078224,0.200259,0.293429,0.202427,-0.009150,-0.101911,-0.010382,0.309598,0.040142,-0.007464,0.074704,0.443339,0.106718,-0.062870,0.004646,0.358552,0.263315,0.162013,0.164905,0.298736,0.177963,-0.034441,0.225633,0.085094,0.016361,0.085719,0.212631,0.097964,0.344687,-0.241846,0.266941,0.343533,-0.011004,-0.035700,0.376235,0.017844,0.368616,0.119767,0.007831,-0.057094,-0.001772,0.159624,0.252726,0.090317,0.335231,0.157267,-0.137967,-0.073714,0.143963,0.072286,-0.039453,0.272161,-0.165113,0.262007,0.155930,0.048307,0.119613,-0.037739,0.033354,0.269335,0.176279,0.040424,0.132814,-0.042746,0.093214,0.254113,-0.037150,0.003826,-0.017291,-0.088063,0.043748,0.141338,0.245516,#
14,0.223949,-0.135299,0.048672,-0.008493,-0.002658,0.265502,0.052994,0.204189,0.270164,0.217360,0.138886,-0.155202,0.056123,0.245853,1.000000,0.255699,0.017593,-0.046384,0.168810,0.233842,0.129557,0.174444,0.125504,0.269023,0.065477,-0.127037,0.251094,0.341577,0.270168,0.228150,-0.166207,0.051007,0.133213,0.035073,0.206282,0.128597,0.182400,0.337451,0.016141,0.318249,0.196408,0.084515,0.197266,-0.098260,-0.005634,0.337444,0.108417,0.160373,0.156605,0.069779,0.190132,0.091435,0.273785,0.208050,0.186844,0.176418,0.186338,-0.025331,-0.136818,0.033481,0.251001,0.169033,0.002509,-0.076018,0.105638,0.198983,0.125365,-0.058571,0.256129,0.071506,0.077909,0.052067,0.168213,0.364451,0.080024,0.152113,0.248416,0.180908,0.087290,0.189652,0.269530,0.129536,0.074392,0.133524,0.177859,0.229115,-0.034231,0.065833,0.187106,0.212419,0.196585,0.236860,0.023354,0.161723,0.238061,-0.189808,0.194717,-0.117556,0.205429,0.066482,0.117984,0.207807,0.186300,0.060422,-0.128590,0.237608,0.133133,0.319293,-0.046591,0.228665,-0.050482,-0.093243,-0.057002,0.094032,0.101372,0.057194,0.093006,0.236681,0.272321,0.122663,0.421054,0.267033,-0.008087,0.161864,0.186681,0.223166,0.179814,0.169761,0.113821,0.348433,0.215912,0.180203,0.026156,-0.095381,0.049660,-0.102302,0.156403,0.019405,-0.010466,0.051676,0.407318,0.125508,0.249128,-0.004045,0.114164,0.336323,0.168513,0.119669,-0.025776,0.150358,0.152860,-0.029324,-0.121031,0.128640,-0.001636,0.126831,0.272629,0.071313,0.250148,0.060698,-0.028902,0.233461,-0.016394,0.144112,0.256457,0.015011,0.062035,0.107969,0.008330,0.398006,0.304576,0.392933,0.207655,0.073110,0.074389,0.022600,0.442138,0.212638,0.358870,0.120584,0.085139,0.202931,0.221671,0.033547,0.020042,0.142090,0.222040,-0.042208,0.103052,0.314002,-0.025952,0.051562,0.208813,0.362241,0.121401,-0.116485,-0.076519,0.116064,0.270611,0.124250,#
15,0.046156,-0.159261,0.178383,-0.086031,-0.007022,-0.105128,-0.042924,0.237426,-0.278908,-0.052268,-0.135578,0.004014,-0.113459,0.035953,0.255699,1.000000,0.083859,0.267551,0.125813,0.097832,0.098215,0.078905,0.015568,0.048422,0.100170,0.288777,0.197123,0.058628,0.235079,0.005230,-0.098958,-0.026127,0.071817,0.057589,-0.095010,-0.279020,-0.135332,-0.054077,0.054213,0.050651,0.002168,0.049956,0.100866,-0.037302,0.111005,0.048057,-0.061577,0.013390,-0.213849,-0.008587,-0.088339,0.061741,0.046934,-0.090191,0.046433,0.063864,0.155143,0.025358,-0.022798,0.080859,0.010205,-0.183367,0.048118,-0.144340,-0.014643,-0.106812,0.002816,0.022100,0.078357,-0.136873,0.185996,0.106433,0.008214,0.122762,-0.045882,0.124442,-0.265916,0.163470,-0.188376,0.330231,0.140025,-0.103249,0.168763,0.315198,-0.024846,0.037625,0.078134,-0.064861,0.129047,0.218810,-0.097630,0.032729,0.065766,0.191770,-0.172532,-0.331369,0.079591,0.084968,0.039098,0.000055,0.001398,-0.016285,-0.096599,-0.087970,-0.307079,0.011043,0.014823,0.098534,-0.010403,0.168586,-0.064405,0.258062,0.052805,-0.184152,0.042439,0.292197,0.055910,-0.234446,0.006067,0.047667,0.111628,0.273517,-0.031065,0.065915,0.176738,-0.380120,-0.019949,-0.102634,0.094827,-0.057515,-0.024633,0.228863,-0.108913,-0.004603,-0.017181,0.066103,0.009008,0.012303,-0.301903,-0.065733,-0.134284,0.178110,0.032060,-0.014560,0.279960,0.101026,-0.021412,0.185977,0.246613,0.022135,0.076881,-0.159648,-0.142881,0.334846,-0.276070,0.370725,-0.041222,-0.024056,0.031791,-0.025608,-0.116445,0.034425,0.204438,0.005821,0.002981,0.074453,-0.013531,0.071626,-0.120946,0.020725,-0.166259,0.035234,0.280203,-0.236457,0.011508,-0.232664,0.279050,-0.169039,-0.149952,0.055225,0.174732,-0.031611,-0.017845,0.241094,-0.116532,-0.156002,-0.096680,-0.034762,-0.006929,0.045169,-0.176372,0.032224,0.051077,0.164669,0.007810,-0.080476,-0.080788,-0.012503,-0.036897,-0.117388,#
16,-0.026662,0.119163,0.158976,0.129851,0.010524,-0.011245,0.118752,0.080321,-0.123007,-0.102944,-0.037580,0.008028,0.327915,0.157013,0.017593,0.083859,1.000000,0.054930,0.064660,0.277701,0.238170,0.283556,0.044447,0.001024,-0.147786,0.220388,0.144807,-0.024901,0.226028,0.187182,0.122803,0.299844,-0.048248,0.270743,-0.056332,0.114636,0.097664,-0.162009,0.122914,0.021386,-0.153011,0.096256,0.184409,0.099037,0.033665,0.401999,0.074343,-0.075601,0.118395,-0.182884,0.122463,0.062471,0.251466,-0.035945,0.148621,-0.048337,-0.001545,0.007952,0.068745,-0.219588,-0.088315,0.298844,0.305294,0.184275,0.089652,0.040087,0.046407,0.340630,0.063643,0.061581,-0.068208,0.192731,0.299180,-0.076629,-0.009177,0.121592,0.096710,0.190153,0.091486,-0.045756,-0.010146,-0.101847,-0.051283,0.058455,0.100362,0.025436,0.150672,0.016611,0.012770,-0.039845,0.072503,0.303459,-0.072865,0.058200,-0.036807,-0.191144,0.156210,0.045938,0.125666,0.094646,0.070598,-0.086375,-0.325982,-0.043500,0.065463,0.108886,-0.056505,-0.206344,-0.120319,0.197777,0.224112,0.015995,-0.037493,0.077768,0.128388,0.398922,-0.062951,-0.044551,-0.154079,0.367992,-0.050667,-0.014712,-0.073786,0.074938,0.056228,-0.134999,0.133839,-0.154476,0.003722,0.066480,0.101703,-0.066306,0.275233,-0.091431,0.278024,0.235946,-0.201753,0.256556,0.235720,0.245615,-0.083795,0.073802,-0.007600,0.054205,0.195050,0.117808,0.056680,0.188184,0.270933,-0.112365,-0.132636,0.286749,0.019551,-0.064684,0.209365,0.048753,-0.135829,-0.004095,-0.012252,-0.032323,-0.021522,0.312776,0.239278,0.294137,-0.052368,0.023728,0.154135,-0.074330,-0.200173,0.093100,-0.098093,-0.011120,0.135707,-0.102582,0.071458,0.028463,-0.081274,0.008720,0.176183,0.058105,0.244586,0.153852,0.101471,-0.134071,-0.168834,0.066202,0.193813,0.068316,0.052310,0.099635,0.276190,-0.255792,0.025209,0.069155,0.079728,0.179199,-0.207528,0.194045,-0.053101,0.149792,#
17,0.156927,0.168598,-0.021234,0.018338,-0.007419,-0.124959,0.026386,0.320531,0.126295,-0.153182,0.075201,0.298930,-0.045360,-0.192002,-0.046384,0.267551,0.054930,1.000000,0.016587,0.088893,0.308830,0.058451,0.048425,0.053475,0.111218,0.136266,0.064377,-0.060053,0.090297,0.185320,-0.001602,0.048339,0.230037,0.146179,-0.119975,0.131356,-0.077439,-0.065212,0.288963,-0.055320,-0.003039,-0.060528,-0.131752,0.194896,0.016583,0.270803,0.163232,-0.095189,-0.135275,-0.051256,-0.032914,0.004818,-0.035566,0.071612,-0.026026,0.100480,0.301542,0.282169,-0.148396,0.004239,0.105166,0.063832,0.282367,-0.116575,-0.057023,0.104820,0.005007,0.045013,0.036240,0.090789,0.003687,0.033244,0.144797,-0.108563,-0.092840,0.159768,-0.147846,0.087489,-0.264871,0.310671,0.060317,0.060250,0.450689,0.197234,0.033862,-0.168181,-0.004309,0.084623,0.095572,0.270269,-0.013523,0.100947,0.002403,0.122233,-0.130392,-0.209901,0.127342,0.218189,0.118364,0.079479,-0.038822,-0.123806,0.007613,0.074890,-0.202382,0.267259,0.141839,0.126801,-0.053697,-0.018178,0.066599,0.315914,-0.152082,0.225528,-0.089846,0.243832,-0.248756,0.023556,-0.114939,0.176181,-0.095872,0.028553,0.137223,0.157396,0.205983,-0.108521,-0.034765,0.193426,-0.076587,-0.019018,0.028027,0.060682,0.090086,0.055497,0.232227,0.125909,-0.036755,0.249382,0.140714,0.181981,-0.101306,0.120298,-0.040184,0.131556,0.176990,0.032198,-0.005374,-0.103797,0.010619,-0.123564,0.050485,-0.169683,-0.051548,0.068240,-0.022541,0.321436,0.031672,-0.165069,0.246126,0.169044,0.035417,0.176469,0.233001,0.023749,0.058790,0.254208,0.166408,0.228119,0.054644,-0.071977,0.168530,0.005819,-0.058652,-0.052466,0.096396,-0.226342,0.196132,0.052810,-0.184055,0.208639,0.005007,0.230102,0.091221,-0.064949,-0.119654,-0.147921,-0.030179,0.154935,-0.038069,0.319572,0.164944,0.089448,0.204295,-0.020460,0.265538,-0.143172,0.022655,-0.006231,-0.002175,-0.010023,#
18,0.220119,-0.092757,0.074958,0.191507,0.270856,-0.049318,0.179760,0.048847,0.164032,-0.326784,0.051548,0.240356,0.050239,0.127940,0.168810,0.125813,0.064660,0.016587,1.000000,-0.067586,0.251469,0.164892,-0.143623,0.343099,0.300249,0.037195,0.111800,0.405816,0.076134,0.143828,0.046915,-0.060482,0.127253,-0.045000,0.041140,0.179751,0.302229,0.008916,0.063158,0.299164,0.029264,0.258422,0.122699,0.192770,0.097311,0.127323,0.137160,-0.035970,0.052271,0.193727,0.276118,-0.173439,0.251197,0.330752,-0.004814,0.124822,0.192609,0.111487,-0.029820,-0.132003,-0.037060,-0.132257,0.143748,-0.027838,-0.114797,0.117988,0.250041,0.245502,0.057931,-0.113892,-0.106192,-0.067114,0.076562,0.063766,-0.077417,-0.001947,-0.056460,0.144155,0.097805,0.092965,0.261565,-0.118868,0.014606,0.341023,0.187842,-0.017855,0.174912,-0.042331,0.263655,0.014212,0.217371,-0.011840,0.012270,0.304886,0.047054,0.119781,0.281603,0.236311,0.020081,0.297751,0.073791,0.151027,0.130316,0.217747,0.100533,0.230872,0.080940,0.124884,0.133985,0.313493,0.222949,0.304396,0.173154,0.132712,-0.034704,0.096388,0.092378,-0.136399,0.070009,0.170653,0.141784,0.195151,0.050031,-0.062631,0.249843,-0.021703,0.331268,-0.017746,0.228210,0.039767,0.244488,0.258798,0.119424,0.085626,0.111203,-0.314836,-0.188807,0.147993,0.111294,0.202180,0.216846,-0.015950,0.027283,0.025807,0.069693,0.051849,0.075784,0.007449,0.062953,-0.092250,-0.024444,0.211648,0.023887,-0.060002,0.076973,0.273633,0.195373,0.043415,-0.162678,0.494731,0.079134,0.072402,0.075966,0.073768,0.135398,0.019116,0.148679,0.027141,-0.177013,0.055786,-0.013880,0.068453,0.308186,-0.133252,-0.155695,0.169728,0.129035,0.149421,0.371203,0.011041,0.103567,0.039009,0.213908,-0.012542,0.067144,0.024795,0.155482,0.145201,0.003699,0.194385,0.038072,0.307292,0.277367,-0.038099,0.086858,-0.167003,-0.015860,0.305361,0.242756,0.077088,#
19,0.187832,0.256119,0.065226,0.238705,0.207795,-0.135687,0.114405,0.103766,0.205253,0.283896,0.007523,-0.041658,0.305463,0.172534,0.233842,0.097832,0.277701,0.088893,-0.067586,1.000000,0.181679,0.298526,0.253243,0.205480,0.002927,0.293290,0.335022,0.136950,0.353575,0.225575,0.001078,0.461487,0.228113,0.238734,-0.009607,0.220301,-0.000133,0.000065,0.428111,0.168111,0.017508,0.204119,-0.056878,0.108968,0.190152,0.437595,0.287639,0.416770,0.068112,-0.154188,0.171722,0.238523,0.128529,0.379247,0.167465,0.190839,0.233024,0.189822,0.175756,-0.054762,0.179134,0.175254,0.131675,0.229321,0.230604,0.348523,-0.092501,0.222282,0.200209,0.228956,0.118438,0.259422,0.232287,-0.145122,0.211958,0.437622,0.144798,0.305991,0.457372,0.005849,0.184642,0.231502,0.084872,0.261410,0.442473,-0.079063,0.213938,0.201412,0.214559,0.293210,-0.011746,0.229621,0.097623,0.122827,0.096896,0.041173,0.137346,0.172243,0.118928,0.154273,0.202934,0.098014,0.258607,0.163116,0.230115,0.491596,0.011475,0.369211,-0.100567,0.029394,0.286099,0.111296,-0.108948,0.192892,0.170556,0.249884,0.210235,0.289098,0.320460,0.118200,0.491949,0.190500,0.347920,0.302371,0.321496,0.299187,0.270771,0.265000,-0.056486,0.363705,-0.036998,-0.025171,0.258625,0.374422,0.148536,0.115219,0.192106,0.322940,0.368587,0.228440,0.105826,0.295259,0.208449,-0.092109,0.106864,0.047913,0.134140,0.233680,0.291773,0.074415,0.162134,0.100658,0.058365,0.258289,0.127027,0.150373,0.131722,-0.024230,0.194421,-0.092642,0.204303,0.357535,0.277263,0.318398,0.287253,0.211275,-0.004802,0.099024,0.239152,0.156125,0.172401,0.228409,0.304156,-0.001435,0.158452,0.100560,0.366065,0.104165,0.014448,0.084266,0.121408,0.465893,0.213004,0.018992,0.121086,0.158746,0.262878,0.397179,0.218108,0.274640,0.328983,0.040889,0.080351,0.310922,0.275142,0.091056,0.248008,0.056986,0.075325,0.362107,#
20,0.126194,-0.075517,0.294697,0.181965,0.270844,-0.022527,0.279669,0.157931,0.232929,-0.128879,-0.088687,0.024189,0.056086,0.006691,0.129557,0.098215,0.238170,0.308830,0.251469,0.181679,1.000000,0.127374,0.086093,0.145366,0.327814,0.197008,-0.019419,0.121234,0.085345,0.260084,0.069346,0.021950,0.051519,0.079885,-0.169872,0.002984,0.165312,-0.134385,-0.050223,0.027578,0.212866,0.339561,-0.046968,-0.002223,0.155152,0.143743,0.315785,0.014330,0.105345,-0.147696,0.005384,0.099221,0.233521,0.103557,-0.033535,-0.048103,0.179600,0.120274,0.145016,-0.199960,0.201304,0.053044,0.248468,0.199636,0.276840,0.092176,0.128972,0.044681,0.310995,0.145167,-0.045390,0.298851,0.156969,0.031410,-0.114487,-0.142213,0.110120,0.377801,0.207573,-0.061531,0.209115,-0.153161,0.129022,0.006391,0.049052,0.199739,0.189390,0.141169,0.186754,0.100431,0.103484,0.169558,0.088103,0.016142,0.012831,-0.048837,0.352138,0.223724,0.171278,-0.014543,0.072904,-0.106922,0.048299,0.172293,0.009723,0.199340,-0.143323,0.126370,-0.043323,0.199474,0.111186,0.042432,-0.072200,0.218284,-0.022232,0.197967,0.118213,-0.162448,-0.213552,0.202279,0.133994,0.081565,-0.024876,-0.176774,0.066043,-0.108689,0.228452,0.201414,-0.086662,0.163649,0.035564,0.072693,0.213815,-0.106816,0.267162,0.156800,0.227700,0.187104,0.255301,0.115910,0.109309,0.009737,0.023843,0.058560,0.271229,0.060895,-0.188022,0.197427,0.457042,0.001221,0.112193,-0.082003,-0.123954,-0.109908,0.062271,0.008219,0.219764,-0.055028,0.233464,0.384810,0.111821,0.223801,0.221542,0.242786,0.196072,0.167791,-0.108706,0.289449,-0.046236,-0.097019,0.126865,0.178780,-0.102174,-0.091334,-0.022155,-0.012163,0.144235,-0.044757,0.292519,0.245246,0.014066,0.143740,-0.039252,0.105068,0.041146,-0.206405,0.188355,0.173375,0.047135,0.310064,-0.084447,0.181246,0.317122,-0.014439,0.271941,0.084010,-0.001707,0.286011,0.072453,0.114707,#
