0,1.000000,0.071834,0.041488,-0.279105,0.016802,0.144393,0.211087,-0.132469,-0.113926,-0.012271,0.234615,-0.029866,-0.132784,-0.026327,0.048204,0.244597,0.284866,0.160540,-0.048331,0.261509,-0.105606,-0.120478,-0.088875,0.319149,0.026416,-0.181736,-0.009506,-0.219326,-0.108250,0.110524,-0.019605,0.249559,-0.148235,-0.004409,0.363111,0.063990,-0.161936,-0.177643,0.132431,-0.111263,0.131692,-0.127737,0.213478,-0.449196,0.115928,0.036087,-0.029548,0.190709,0.221635,0.117605,-0.056674,0.173227,0.057073,0.030585,0.285148,-0.016006,0.060705,0.093200,0.049955,-0.082363,0.171355,0.263657,0.054297,0.190120,-0.022965,0.013960,0.188662,0.048649,-0.001856,-0.094487,-0.052932,-0.040321,-0.001760,0.236498,-0.126638,-0.039693,0.209610,0.068262,-0.087261,0.055046,0.062316,-0.095975,-0.063108,0.097237,0.175689,0.119684,0.215312,0.177961,0.169287,0.056493,-0.171666,-0.173132,0.182324,-0.181603,-0.289267,-0.056047,0.142234,-0.021882,0.054763,0.241297,0.028790,-0.001526,0.205408,0.177558,-0.252442,0.049987,0.006656,0.055481,0.188026,-0.093315,-0.066211,0.159087,-0.051526,0.157188,0.054318,0.063710,0.096326,-0.021948,0.104153,0.137684,-0.049549,0.006615,0.182790,0.070550,0.203943,0.165570,0.069465,-0.136156,-0.037549,0.107390,-0.029163,-0.013817,-0.117630,-0.092024,0.079142,0.039154,0.033833,-0.152978,-0.253937,0.129138,0.154576,-0.215704,-0.138699,0.044732,0.054863,-0.363717,0.021572,0.035538,0.020792,-0.267033,-0.068720,0.198114,0.195046,-0.154917,-0.180503,0.091656,0.222799,0.210707,0.174063,-0.023502,0.319189,0.181447,0.186021,-0.056544,0.030157,0.103005,0.059105,0.156041,0.068740,0.019056,-0.213253,0.001575,0.041241,-0.040275,-0.005265,0.122826,0.253097,0.082983,0.208012,0.019099,-0.064407,0.168559,0.251080,-0.003036,0.113635,-0.326650,-0.183111,0.168194,0.104531,-0.110548,-0.259517,0.105255,-0.170947,0.185035,0.122481,0.395952,-0.023164,0.026414,-0.156114,0.157742,#
1,0.071834,1.000000,-0.070914,-0.149853,-0.068148,-0.076058,-0.054029,0.077219,0.087040,0.092813,0.156560,0.246896,0.030909,-0.405668,-0.090006,-0.002869,-0.023064,0.044504,-0.097094,0.028052,-0.270206,0.088525,-0.024570,-0.090361,0.026148,-0.078004,-0.333168,-0.054956,-0.188456,-0.154810,0.104855,-0.031492,-0.250919,0.070713,-0.081541,-0.061160,0.107899,-0.019228,0.045195,0.107342,0.023030,0.037597,0.092247,-0.037502,-0.179820,-0.082749,0.234132,0.071905,0.179065,0.022804,0.000973,0.098084,-0.029552,-0.098663,0.045820,-0.176448,-0.130313,-0.193417,-0.220705,0.011747,-0.022016,0.009821,-0.030888,-0.072935,-0.086450,0.324368,0.150858,0.233033,0.113894,0.063980,0.056524,0.199375,0.249138,-0.074165,-0.037006,0.043672,-0.062267,-0.086467,0.198502,-0.153408,-0.130864,0.048825,-0.230659,0.161541,0.172248,0.017903,0.032387,0.223603,0.106314,-0.023071,0.006653,0.143601,-0.224230,0.019920,0.055870,0.164373,-0.090978,-0.034665,-0.064475,-0.058514,0.101271,-0.012863,-0.160936,-0.145117,-0.130146,0.113173,0.022846,0.143497,0.278394,0.031907,-0.186604,0.067441,0.017533,0.222132,-0.035910,0.254152,0.036942,-0.118600,0.003349,-0.186200,-0.031059,0.091445,0.166778,0.066496,0.203688,0.109487,-0.074169,0.136294,0.191777,0.068988,-0.174958,0.167177,-0.000169,-0.142453,-0.037073,0.034220,0.093178,0.185794,-0.077022,0.156816,0.209786,-0.185211,-0.096596,0.125358,0.165582,-0.172690,-0.133953,0.067821,-0.136853,-0.297089,0.161703,0.093836,-0.069493,-0.168785,0.251148,0.125658,0.044066,0.099800,-0.195216,0.004726,-0.161692,0.218050,-0.064877,0.133349,0.013326,0.060165,0.088380,-0.125983,-0.111914,0.015973,-0.080311,-0.005158,-0.001455,0.089917,0.004446,0.135243,0.091569,-0.107733,-0.056490,-0.073878,0.112457,-0.089440,0.181249,-0.097687,0.036440,0.123143,-0.080892,-0.311176,0.340271,0.218635,0.091735,0.257471,0.033248,-0.101313,-0.042293,-0.126627,0.112741,0.339557,-0.155362,0.236561,#
2,0.041488,-0.070914,1.000000,0.169219,0.343790,0.090969,0.121330,0.081342,0.073219,0.189992,0.124024,0.064563,-0.109554,0.221421,-0.045532,0.094643,-0.118844,0.108274,0.087791,0.171139,0.250974,0.073253,0.197111,0.107315,-0.070024,0.233415,0.231843,-0.193957,-0.226238,0.123092,0.028339,0.017693,0.273091,0.241932,0.271182,0.047476,0.060848,0.102607,0.165186,0.014183,-0.037444,-0.026743,0.051088,-0.031393,-0.015679,0.306154,0.043601,-0.027768,-0.110525,-0.086338,-0.049795,0.222224,0.088479,-0.004274,0.147181,0.215107,0.231833,-0.181237,0.329480,0.239474,0.390076,0.058488,0.073009,-0.025783,0.121344,0.151871,-0.130640,0.068717,-0.004677,-0.039572,0.389772,0.218710,-0.095606,0.200120,0.359766,0.027178,-0.031446,0.038473,0.058051,0.267096,0.151537,0.038454,0.332573,-0.358315,0.279167,0.185209,0.092135,0.082852,-0.061075,-0.018651,0.269035,0.136297,0.091047,0.090029,0.105578,-0.012738,-0.076725,0.001728,0.066015,0.049030,0.394219,0.147309,0.013299,0.134737,0.053960,0.245780,0.328767,0.252577,0.223888,-0.020490,0.012782,0.038419,0.321403,0.123720,0.060450,0.135964,-0.094311,0.108019,0.009380,0.166660,-0.176359,-0.109491,0.058077,0.245338,0.088499,0.049835,0.146264,0.057587,0.199811,0.189949,-0.047573,0.229721,0.160461,0.273003,0.126163,-0.202587,0.250409,0.044387,-0.046378,0.022452,-0.002556,0.233565,-0.090406,0.146210,0.128131,-0.046395,0.025793,-0.057890,0.020008,0.168434,0.097345,0.119197,0.241111,0.165013,-0.181148,0.067166,-0.031071,0.035427,0.243526,0.062898,-0.219521,0.135087,0.272942,0.101232,-0.001679,0.223238,-0.119752,-0.113551,0.100002,0.135739,0.006819,0.132184,0.218218,-0.042258,0.018357,0.142685,0.028196,-0.014968,-0.012170,-0.067369,-0.001618,0.308128,0.105250,0.128464,0.072705,0.028636,0.172510,-0.032445,0.039314,0.176407,0.019373,0.120834,0.148506,0.308011,0.056235,0.117873,-0.104647,0.017760,0.119906,0.098190,#
3,-0.279105,-0.149853,0.169219,1.000000,0.108778,-0.242891,-0.089780,-0.036189,0.208957,0.240334,0.080138,0.070687,-0.265141,0.052701,-0.010423,-0.095605,-0.301846,-0.124321,0.246502,0.012481,0.078697,0.292868,0.112173,0.111541,0.034220,0.123949,0.234067,0.013736,0.096087,0.163395,0.183568,-0.068748,0.011756,0.035283,0.028307,0.176990,0.059702,0.056189,0.250945,-0.009015,-0.037209,0.218855,-0.032985,-0.095593,-0.050254,0.099040,-0.251538,0.003826,-0.225305,-0.095001,-0.062290,-0.143934,0.016095,-0.090537,0.062779,0.112282,0.285361,0.149040,0.107135,0.077209,0.207887,-0.225366,-0.001635,-0.088403,0.196282,-0.239427,-0.061909,-0.246580,-0.308418,0.070754,0.112007,0.139035,0.078169,-0.053329,-0.048537,-0.025030,-0.100517,0.015245,-0.209166,-0.040178,-0.036595,0.173004,0.238347,-0.136553,0.073008,-0.146185,-0.008897,0.079029,-0.067496,-0.024428,0.379705,0.168228,-0.129763,0.051638,0.096178,0.096791,0.043625,-0.065493,-0.091218,-0.253494,0.149625,0.079544,-0.018625,-0.202713,0.390185,-0.077195,0.242424,0.136958,0.029058,0.053770,0.153455,-0.256177,0.083621,0.110800,-0.101993,0.188282,-0.145806,0.184334,0.107891,-0.076017,-0.122270,0.070163,0.070069,-0.261657,-0.138027,0.102035,0.031915,0.293253,0.090315,-0.212133,0.004258,0.154153,0.008491,-0.056327,-0.120329,0.089456,-0.153493,-0.074372,-0.118868,0.048844,-0.194111,0.248587,0.134025,-0.157741,-0.013832,0.119082,0.077752,0.396937,-0.103596,0.079797,-0.016714,-0.294286,-0.047726,0.110584,0.157874,-0.126994,-0.080162,-0.126638,0.435168,-0.018598,-0.116291,-0.045028,-0.231098,0.131505,-0.017862,-0.018905,0.154322,-0.006685,0.130068,0.266576,-0.126366,-0.249687,-0.023576,0.096327,0.046701,0.207621,-0.079836,-0.014036,-0.159587,0.109468,-0.188172,0.169281,-0.090778,-0.006772,0.013456,-0.282433,0.020497,-0.058126,0.120394,0.264492,0.188860,0.114842,0.189211,0.228153,0.097975,-0.008432,0.094272,0.043699,0.042646,0.045120,#
4,0.016802,-0.068148,0.343790,0.108778,1.000000,0.133674,0.046901,0.157917,0.099579,0.288066,-0.032942,0.334638,0.183533,0.255839,0.203052,0.152490,0.224715,0.095058,0.155538,0.313644,0.440329,0.263700,0.168775,0.305358,-0.161361,0.196869,0.197104,-0.093452,0.134897,0.032562,0.152555,0.248449,0.465505,0.343288,0.154158,0.096796,0.284886,0.122669,0.436865,0.178647,0.014265,0.039498,0.153945,0.126739,0.211600,0.333000,0.240012,0.273403,-0.061228,-0.023519,-0.033354,0.128405,0.211941,0.304760,0.293006,0.025397,0.045195,0.176633,0.275982,0.352023,0.246845,0.212762,0.212102,0.020393,0.145483,0.173688,-0.111193,0.252658,0.050293,0.173698,0.301046,0.302810,0.297946,0.100141,0.352919,0.097728,0.014354,0.197133,0.063846,0.301180,0.016840,0.262961,0.152414,0.078402,0.279002,0.234081,0.170490,0.175391,0.166967,-0.093530,0.267976,-0.068197,0.197593,0.057175,0.306133,0.135244,0.105306,0.067447,0.116756,0.189929,0.345490,0.291342,0.150182,0.140400,0.048682,0.313264,0.144962,0.053453,0.251900,0.360925,0.081755,0.198923,0.315164,0.198211,-0.004862,0.187056,0.304998,0.242288,0.033738,0.177567,-0.143778,0.168695,0.145185,0.136175,0.149716,-0.066798,0.225941,0.219794,0.420178,0.293661,0.154759,-0.045443,0.188259,0.454521,0.338182,0.077617,-0.022371,-0.105204,0.136696,-0.101665,-0.083501,0.110423,0.186793,0.036333,0.198030,0.119580,0.220665,0.076688,-0.067476,0.411368,0.013693,0.253160,0.248550,0.250117,0.296438,0.205148,0.217907,0.033368,0.078357,0.190744,0.132491,0.230658,0.150291,0.074502,-0.187513,0.038691,-0.049025,0.088101,0.089474,0.299690,-0.068059,0.138686,0.406132,0.170073,0.230491,0.248625,0.250134,0.131236,0.134944,0.104430,-0.029124,0.161729,0.072416,0.051815,0.230975,0.267464,-0.091968,0.132465,0.108174,0.376707,-0.169762,0.086716,0.040191,0.353554,0.042084,0.285818,0.201253,-0.114100,0.342491,0.430283,#
5,0.144393,-0.076058,0.090969,-0.242891,0.133674,1.000000,-0.140587,0.078080,0.012415,0.093208,0.231024,-0.003188,-0.016139,0.012769,-0.014423,0.314037,0.073869,0.263547,-0.249553,0.341283,0.020348,-0.087528,0.206906,0.414978,0.094163,0.031259,0.250420,0.017862,0.065603,0.059555,0.296529,0.256078,0.244156,0.311402,-0.036357,0.138303,0.080710,0.052997,0.136993,-0.057174,0.178613,0.076216,-0.162560,0.207685,0.206267,0.266992,0.311678,0.394806,0.217025,-0.033449,0.055442,0.157054,0.064803,0.141897,-0.225236,0.264640,0.284899,-0.024673,0.454868,0.271526,0.160708,0.328327,0.159078,0.117879,0.219294,0.148052,-0.128007,0.257413,0.212581,-0.286825,0.192048,0.175115,0.161518,0.024956,0.116060,0.378010,0.217960,0.454965,0.140805,0.132117,0.332600,0.064748,0.037742,0.199942,-0.104796,0.213260,0.184092,0.325587,0.246440,-0.105815,0.013858,0.146934,0.362550,0.267958,0.096171,0.013337,-0.010851,0.308895,0.368294,0.358239,0.219902,0.271735,0.005715,0.279203,0.123224,0.332964,0.262393,0.226979,0.211060,0.167841,-0.202534,0.269600,0.094375,0.146991,0.176591,0.074493,0.127216,0.047088,0.095279,0.142455,-0.037117,0.148552,0.112678,0.119613,-0.107250,0.018858,0.373624,0.055767,0.001469,0.098532,0.164548,0.266898,0.252572,0.247933,0.099602,0.182832,0.197319,0.129527,0.146314,-0.165817,0.121894,-0.056860,0.175152,0.246846,0.226892,-0.096908,-0.096513,0.055662,0.177140,-0.069731,0.161470,-0.013720,0.097807,0.106890,-0.118721,0.189303,0.394625,0.130579,0.204339,0.140477,0.160459,0.118416,0.104517,0.108687,0.216129,0.171945,-0.256294,0.273751,0.211516,0.189991,0.323293,0.146042,0.004871,0.303421,0.110891,0.040957,0.153397,0.189758,0.193928,0.262572,0.385341,0.165241,0.298325,0.063377,0.240877,0.102359,0.101203,0.203365,-0.035661,0.067465,-0.041132,0.174972,0.034259,0.121577,-0.109414,0.229606,0.106534,0.091995,0.183779,0.137384,#
6,0.211087,-0.054029,0.121330,-0.089780,0.046901,-0.140587,1.000000,-0.065123,0.037789,-0.152411,-0.032579,-0.082869,0.117284,0.096782,-0.019714,0.057167,0.038765,0.226033,-0.002540,-0.029321,0.210837,0.182918,-0.154387,0.124432,-0.010447,-0.033843,0.098565,-0.111712,-0.050532,0.270820,0.050719,-0.159546,-0.042700,-0.010322,0.279798,0.207332,-0.131142,-0.046714,0.075886,0.074887,0.023037,-0.059914,0.183478,-0.258874,0.302601,0.099855,-0.023120,-0.152757,0.151210,0.127233,-0.051096,0.239363,0.067375,-0.037702,0.197603,0.068358,0.140091,0.038673,0.085982,-0.069880,0.243292,-0.117947,0.007937,0.107677,0.324425,0.004928,0.198566,-0.044006,-0.105286,-0.054059,0.113158,0.077953,-0.129009,0.283807,0.079541,0.099671,-0.066872,-0.150812,-0.086084,0.094319,0.173096,-0.013556,-0.008298,-0.324765,-0.132277,0.218544,0.099112,-0.105250,-0.041871,-0.022969,-0.075258,-0.229167,-0.147137,-0.178848,-0.143283,-0.155700,0.393899,0.053946,-0.180370,0.334791,0.089911,0.031885,0.349415,-0.021737,-0.174004,-0.187502,0.047413,-0.176244,-0.107188,-0.102888,-0.028445,0.078768,-0.179910,-0.031420,0.177409,-0.243565,0.361586,-0.079367,0.135216,0.017571,0.188177,-0.047558,0.055774,0.150488,0.240272,0.364728,-0.108677,0.145252,-0.009375,0.094612,0.022113,-0.006466,0.172866,-0.082335,0.059894,-0.031600,-0.007154,-0.213021,0.184020,0.003865,0.169783,-0.032937,-0.072908,-0.209035,-0.058059,0.093153,0.001180,0.140791,-0.031269,-0.135490,0.208413,0.085280,-0.100049,-0.201150,-0.045879,0.021224,-0.064700,0.227725,0.126158,0.013905,-0.145306,0.163224,0.100198,0.094791,-0.009730,0.159010,0.110896,-0.034866,-0.017906,-0.130330,0.112456,-0.046028,-0.203318,-0.177694,0.194083,0.052259,-0.028878,-0.043646,0.020318,-0.024663,0.091851,-0.060144,0.145234,0.004102,0.224796,-0.092543,-0.099647,-0.008237,-0.268690,0.110994,-0.170440,0.137862,-0.156248,0.280621,0.036596,-0.035384,0.127145,0.104497,0.173440,0.000000,#
7,-0.132469,0.077219,0.081342,-0.036189,0.157917,0.078080,-0.065123,1.000000,0.374490,0.186792,0.070134,0.005519,0.079901,0.106447,0.262518,-0.087934,0.151330,0.011816,-0.001613,-0.009490,0.047420,0.201716,0.224394,0.208670,0.179981,0.113748,0.009686,-0.009682,0.005658,-0.133346,-0.170851,0.215069,-0.089991,0.109517,-0.017198,0.047603,0.056714,0.088457,0.278759,0.150245,-0.239671,0.042241,0.005067,0.220027,0.159023,0.285560,0.221106,0.112101,-0.115831,0.053020,0.145978,0.042877,-0.133719,0.125752,0.068332,0.052149,-0.080154,0.095413,0.092305,0.092387,0.066969,0.129735,-0.047574,-0.146324,-0.062815,0.164576,-0.132352,0.195017,0.230084,0.363427,0.017597,0.015738,0.459152,-0.013795,0.328753,0.082571,-0.137489,0.012837,0.172399,0.165385,0.060963,0.157950,-0.046186,0.039897,0.046654,0.012226,0.076301,0.103499,-0.012871,0.084131,-0.152914,0.069671,0.038565,0.001680,0.214259,-0.271587,0.007784,0.125517,0.047957,0.063154,0.161485,0.151624,-0.036902,0.016088,0.104311,0.260537,-0.052198,-0.146161,0.074954,-0.004353,0.223470,-0.019535,0.152853,0.014360,0.325823,0.046518,0.130096,-0.262409,0.037054,0.314383,0.009162,0.050969,0.006185,0.311188,0.199855,-0.070415,0.204582,0.206559,0.087050,-0.118249,0.020674,-0.044810,0.323924,0.069054,0.090629,0.114561,-0.147440,0.041833,-0.115584,0.002992,0.189427,0.099209,0.267134,0.034529,0.090333,0.144446,0.019173,0.059834,0.108037,0.211410,-0.062925,0.078769,0.072894,0.204959,-0.101974,0.281272,0.043080,0.198703,-0.088203,0.231516,0.146199,-0.138672,0.081193,0.107012,-0.124584,0.213761,0.002169,-0.251792,-0.013708,0.051590,0.224387,0.104029,0.143455,0.179116,0.162406,0.032319,0.061669,-0.048821,-0.028604,0.119851,0.355917,0.040435,0.008389,-0.052893,0.056380,0.256514,-0.122009,-0.188916,0.091447,0.330090,-0.027130,0.099488,-0.084229,-0.161640,-0.016105,0.125608,0.016366,0.221270,-0.009792,0.126311,#
8,-0.113926,0.087040,0.073219,0.208957,0.099579,0.012415,0.037789,0.374490,1.000000,0.250504,0.005179,0.099253,-0.009314,0.264991,0.266020,0.192857,-0.144754,0.092611,0.033927,0.126532,-0.018223,0.368510,0.292801,0.125541,-0.085590,0.323299,0.153200,0.187075,0.017841,0.174018,0.018766,0.012805,0.056786,0.098477,-0.133877,0.098721,0.184332,0.101782,0.118143,0.181047,-0.024748,0.363154,0.097436,0.034284,0.070604,0.032217,-0.036123,0.294795,0.072160,0.188186,0.145815,0.200824,-0.130861,0.130992,0.056918,0.266531,0.056777,0.291183,-0.021944,0.292403,0.329229,0.003812,0.304827,0.064311,0.089230,0.209683,0.039745,0.145955,0.236417,0.337266,0.207287,0.122038,0.216329,0.310389,0.092994,0.139822,-0.032835,0.053587,0.229147,0.228823,0.157982,0.172592,0.013524,-0.067175,-0.045150,0.110636,-0.079009,-0.009432,-0.113539,0.221417,0.118900,0.089272,-0.014492,0.305473,0.214555,0.054561,0.122129,0.105834,-0.011501,-0.040787,0.295627,0.154380,0.019364,0.237548,0.161548,0.167444,0.233722,0.209167,0.186380,0.191963,0.157820,0.184215,0.181259,0.059720,0.442174,0.270972,0.180952,-0.115966,0.043604,0.218303,0.120958,0.071879,0.239307,0.140010,0.099782,0.299809,0.206972,0.201747,0.185196,0.004321,0.067234,0.044021,0.342532,0.259395,0.328717,-0.037971,-0.138494,-0.060136,-0.199485,0.002794,-0.054040,0.123117,0.319568,0.134297,0.083894,0.096152,0.284976,0.224294,0.079363,-0.069534,0.079268,-0.036259,0.089547,0.308369,0.257841,0.277269,0.052351,0.304160,0.003171,0.353131,-0.000810,0.069283,0.194630,0.153168,0.168930,0.234974,0.130387,-0.065944,0.145997,0.285826,0.192222,0.263011,0.186094,0.286065,0.351445,-0.048402,0.026114,0.084301,0.167260,0.211651,0.222415,0.233388,-0.152632,0.157908,0.308441,0.155948,0.063500,0.027877,0.101951,0.194153,0.073011,0.011304,0.210666,0.118622,-0.015746,0.202578,0.129489,0.202790,0.340410,0.102374,#
9,-0.012271,0.092813,0.189992,0.240334,0.288066,0.093208,-0.152411,0.186792,0.250504,1.000000,0.092367,0.041113,0.066939,-0.010985,0.266007,0.198689,-0.068532,-0.071880,0.281836,0.219870,0.201139,0.154587,0.433735,0.484505,-0.045972,0.153039,0.207609,0.114702,0.178885,-0.021212,0.084557,0.227776,0.050155,0.165809,0.188849,0.076777,0.101266,-0.035834,0.322971,0.026893,0.263714,-0.059170,0.151747,0.074046,0.192640,0.059097,0.099485,0.099786,-0.190858,-0.040600,-0.098138,0.015025,-0.060174,0.058593,0.130071,0.119548,0.116102,0.038108,0.259130,0.225847,0.178818,-0.025543,0.190780,0.165886,0.177786,0.235840,0.095824,0.160476,0.177041,0.094708,0.345046,0.062109,0.198502,0.029822,0.224638,0.014454,-0.189759,0.157455,0.179298,0.198249,-0.064704,0.121259,-0.079320,-0.018028,0.225288,-0.005483,-0.012741,0.319202,-0.042457,-0.087553,0.074848,0.334289,0.047730,0.089184,0.065604,-0.049533,0.147892,0.301828,0.276665,-0.133317,0.230815,0.130509,0.128417,0.002489,0.268349,0.145793,0.177743,-0.098480,0.140032,0.211942,0.188436,0.222818,0.462045,0.316352,-0.018298,0.212573,0.105882,-0.169579,-0.076923,-0.096311,0.034564,0.017170,0.216568,0.174090,0.075790,0.005000,0.086975,0.115529,0.260202,0.106876,0.171027,0.065998,0.263644,0.436944,0.157474,0.089682,-0.005436,-0.097151,-0.124685,0.167899,-0.098963,0.198096,0.149056,0.195355,-0.040956,-0.091986,0.090379,-0.028280,-0.151691,-0.042773,0.035559,-0.145225,0.096602,0.130862,0.186281,0.077852,0.150010,0.076958,0.280284,0.116481,0.071353,-0.058006,0.134894,0.215114,0.104374,0.111424,0.026346,0.155534,0.206758,0.155484,0.162708,0.278539,-0.015515,0.215758,0.200739,0.294304,0.076439,0.123196,0.116657,0.262825,0.114105,-0.070379,0.027813,0.056524,0.100037,0.217968,-0.083677,-0.047414,0.394599,0.162468,0.024430,0.113010,0.209413,0.000388,-0.146237,-0.059617,0.052275,0.239587,0.066653,0.069999,#
10,0.234615,0.156560,0.124024,0.080138,-0.032942,0.231024,-0.032579,0.070134,0.005179,0.092367,1.000000,-0.003661,-0.484222,-0.165275,-0.068013,0.189141,-0.067925,-0.091083,-0.234109,-0.010306,-0.006101,-0.142625,0.059760,0.218846,-0.119699,-0.123979,0.011019,0.183769,-0.144893,0.092973,0.059256,0.158291,0.020951,0.139074,0.091869,0.037236,-0.084086,0.050609,0.063299,-0.129170,0.169817,-0.010936,-0.214380,-0.150926,0.201141,0.060423,0.100769,0.338438,0.202563,0.325636,-0.250016,0.098766,0.134271,-0.034780,-0.036697,0.047830,0.073012,-0.126751,0.025993,0.046064,0.096562,0.058364,0.220726,0.133276,0.035731,-0.059886,0.010587,-0.100190,-0.085702,-0.075545,-0.031070,0.265437,0.083910,-0.022502,-0.012904,0.086537,-0.064269,0.066129,0.011063,-0.035653,0.148531,0.105848,0.073523,0.067156,0.108269,0.026320,-0.031472,0.346817,0.007758,0.165675,0.189376,0.274078,-0.068789,0.121616,0.110124,0.095292,-0.227579,-0.119029,0.464614,0.248155,0.217645,0.219684,-0.037432,0.089551,0.348204,-0.191543,0.246284,0.184535,0.167200,0.090874,-0.299388,0.080232,-0.075823,0.037276,0.044599,0.357937,0.065871,0.013063,0.127884,0.036892,-0.020454,0.109775,-0.061514,-0.054970,-0.159983,0.099722,0.303727,0.270001,0.068507,-0.132807,-0.224124,-0.019127,0.075333,0.049035,0.147478,0.128142,-0.111338,0.109652,-0.175364,0.141876,0.202250,-0.252199,-0.091083,-0.000903,-0.142823,-0.267013,-0.078696,-0.082802,-0.006418,-0.048728,0.053801,-0.098530,0.136016,0.110263,-0.197623,-0.041948,0.258628,0.093730,0.220147,0.052649,0.129447,-0.003291,-0.018923,0.107545,-0.187903,0.124175,0.089288,0.224880,0.339891,0.191134,-0.038776,-0.132886,-0.111999,0.137354,0.202406,-0.016089,0.250113,0.217362,-0.132163,0.252179,-0.052125,-0.106178,0.221581,-0.071661,0.042705,-0.104989,-0.139061,-0.165965,-0.021408,0.135616,-0.076188,0.133737,0.119196,-0.031877,0.143235,-0.036499,-0.080975,0.258061,-0.031025,0.164771,#
11,-0.029866,0.246896,0.064563,0.070687,0.334638,-0.003188,-0.082869,0.005519,0.099253,0.041113,-0.003661,1.000000,0.006404,-0.015357,0.035400,-0.125984,-0.063911,0.242511,0.115928,-0.103166,0.100198,0.138421,-0.132403,-0.191511,0.021301,0.152054,-0.239010,0.141348,-0.106601,-0.037352,0.073027,0.082871,0.052614,0.321442,0.043802,-0.072956,0.204450,0.085148,0.113600,0.346615,0.090015,0.158339,0.171280,-0.178943,0.024275,0.128203,0.391121,-0.065899,0.026447,0.117252,-0.027851,0.124850,0.117891,0.387363,0.114646,0.017970,-0.186585,0.192653,0.033199,0.049783,-0.005837,0.029614,0.011326,-0.244165,-0.069216,-0.002030,0.142685,0.249476,0.124878,0.209157,0.216187,0.251015,0.026292,0.003394,0.080760,-0.117502,0.110464,0.127117,-0.101710,-0.124456,0.026975,0.226469,0.142633,0.022876,0.284376,-0.040316,0.118696,-0.018454,0.254328,0.073827,0.064413,0.150749,-0.011046,-0.037747,0.273575,0.203884,-0.137491,-0.129749,-0.058084,0.088863,0.065628,0.214609,-0.031918,0.059662,0.261393,0.269175,0.035826,0.139939,0.120643,0.281702,0.139503,0.206381,0.176743,-0.006674,-0.065231,0.233468,0.029227,0.236326,-0.119472,0.149267,-0.096760,0.041455,0.082693,-0.046034,0.222596,-0.200545,-0.121570,-0.099749,0.203149,0.132846,0.157081,0.131721,0.056946,0.251212,0.080453,-0.042656,0.035629,0.095828,-0.066577,0.230108,0.117175,-0.168044,0.184581,0.216783,0.295834,-0.072882,0.037012,0.079482,-0.058928,0.105158,0.039577,0.011249,-0.082428,0.243637,0.294814,0.106556,-0.045899,0.052578,0.118442,-0.007504,-0.082825,0.077630,-0.230161,0.061985,0.024629,-0.200403,0.105163,0.012175,0.192300,0.177560,-0.108287,-0.015239,0.104946,0.006914,0.078083,-0.063624,0.066055,0.013739,-0.104550,0.229519,0.094249,0.065600,0.169172,-0.114286,0.296580,-0.010119,-0.040247,-0.084402,0.195530,0.245387,0.127469,0.070147,0.362586,0.160210,0.119060,0.004166,-0.014447,0.135913,-0.096737,0.476842,#
12,-0.132784,0.030909,-0.109554,-0.265141,0.183533,-0.016139,0.117284,0.079901,-0.009314,0.066939,-0.484222,0.006404,1.000000,0.153623,0.268307,0.001061,0.251536,0.160862,0.049322,0.104769,0.011678,0.195641,0.063958,0.094309,-0.091846,0.068797,0.026260,-0.015383,0.243258,-0.142940,0.020501,-0.083558,0.205330,-0.081664,0.029916,-0.066737,0.116034,-0.114180,0.024549,0.241682,-0.092466,-0.189535,0.148489,0.332125,0.027119,0.155187,0.128803,-0.092551,-0.037272,-0.149469,0.138870,-0.077390,-0.145013,0.084310,0.076762,-0.011872,-0.103744,0.043040,0.012137,-0.147342,0.036308,0.229668,-0.241003,-0.015983,0.083450,0.129059,-0.134038,0.075399,0.177753,0.003085,0.150268,-0.080814,0.120506,-0.053767,0.223931,0.233860,0.101583,-0.070511,-0.076073,0.038790,0.092307,0.081831,-0.030393,0.043128,-0.142804,0.005964,0.043150,-0.062057,0.211885,-0.049830,-0.199008,-0.197857,-0.049394,-0.125829,-0.030810,0.192179,0.452389,0.295734,-0.238455,-0.053822,-0.126560,0.037301,0.119102,0.363469,-0.185165,0.126262,-0.070991,-0.204974,0.003729,0.060959,0.255405,-0.093068,0.099887,0.033568,0.116391,-0.059648,0.264435,-0.171978,-0.076477,-0.231982,0.049603,-0.044697,0.053910,0.280915,0.156975,-0.079850,-0.246269,-0.225459,-0.131387,0.043830,0.059481,-0.004753,-0.080722,0.074397,-0.030721,-0.212697,0.077891,0.252012,0.288216,-0.053595,-0.048879,0.206189,0.138336,-0.060418,0.132622,0.339255,0.129671,0.055292,-0.050414,0.180377,-0.021702,0.251099,0.081880,-0.057075,0.235944,0.281338,0.028547,-0.127815,-0.062103,-0.031201,0.031109,0.261092,0.245609,0.004962,0.169575,0.031089,0.019758,0.233403,-0.300373,-0.124177,-0.028562,0.209551,-0.043214,0.082205,0.032921,0.078923,-0.020873,-0.009584,0.065957,-0.184877,0.057500,0.094580,-0.016616,-0.033566,-0.097676,0.282300,0.105431,0.221679,-0.036214,-0.055840,-0.102266,-0.104012,0.086051,0.089611,-0.163681,-0.028302,0.071196,0.031747,0.093948,-0.101691,#
13,-0.026327,-0.405668,0.221421,0.052701,0.255839,0.012769,0.096782,0.106447,0.264991,-0.010985,-0.165275,-0.015357,0.153623,1.000000,0.095477,0.012839,0.076542,0.154573,0.092104,0.063774,0.144423,0.276189,0.236234,0.181182,-0.285976,0.062503,0.235986,0.179612,0.081781,0.226826,-0.024239,0.068143,0.243622,0.008697,0.199479,0.186967,-0.045463,0.058195,-0.081654,0.017670,0.015847,0.323869,0.230584,0.072754,0.268681,0.193681,-0.035166,0.194885,0.198232,-0.201437,0.157761,0.093893,-0.028201,0.311149,0.118995,0.211156,-0.015122,0.145503,0.055817,0.176016,0.164541,0.108073,0.119582,0.202206,0.107380,-0.012979,0.035634,0.130254,0.209902,0.017632,0.045254,0.005939,0.061545,0.231346,0.161865,0.182912,-0.136254,0.065002,-0.028204,0.485634,0.109477,0.211183,0.294702,-0.041088,-0.023554,-0.006484,0.021733,-0.118732,0.030598,0.092257,0.137171,-0.115469,0.240248,0.169588,-0.076531,-0.166644,0.099511,0.079798,0.096237,0.253137,0.092691,0.257244,0.161907,0.294598,0.017032,0.157360,0.006055,-0.094317,0.192050,0.144705,-0.016978,0.196511,0.163912,0.173203,0.331681,0.131521,0.113547,0.229892,0.058788,0.414694,-0.108521,-0.005964,0.100690,0.035683,0.126573,-0.216631,0.057076,-0.106982,0.048503,0.137464,-0.017952,0.064890,0.129957,0.218200,0.375930,-0.102047,-0.057896,-0.035864,0.077672,0.093890,-0.213389,0.205140,0.315278,0.107883,-0.043238,0.136545,0.437078,0.061113,0.126680,0.200275,-0.141647,0.188927,0.062389,0.100729,0.195967,0.414262,-0.153173,-0.022389,0.300462,0.067786,0.255457,0.063992,0.219804,0.105584,0.001438,0.199194,-0.127470,0.080622,0.026391,0.062670,0.064533,0.221134,0.221193,-0.068980,0.282943,-0.081428,-0.057098,0.311611,0.261296,0.100776,0.041641,0.321960,0.044714,0.065060,0.186807,0.191487,0.172261,0.021228,-0.134891,0.068683,0.060771,0.116507,0.165976,0.297986,0.146510,0.268519,0.060044,-0.132570,0.215562,0.124985,#
14,0.048204,-0.090006,-0.045532,-0.010423,0.203052,-0.014423,-0.019714,0.262518,0.266020,0.266007,-0.068013,0.035400,0.268307,0.095477,1.000000,0.348527,0.032419,-0.071334,0.186892,0.003618,0.144581,0.150875,0.090350,0.204853,-0.020012,-0.012922,-0.040381,0.027835,0.430295,0.043047,0.010388,0.294967,-0.013730,0.166080,0.195092,0.151008,0.096559,0.145009,0.186821,0.019735,-0.327009,-0.053009,-0.068738,0.207638,0.266894,0.018689,0.037385,0.098938,-0.133707,0.066903,0.001637,-0.010720,-0.020060,0.157381,0.160873,-0.114233,0.125348,0.213169,0.200225,0.072765,0.148875,0.103866,0.117685,0.171697,-0.165094,0.004893,-0.226759,0.111163,0.005362,0.221170,0.177964,0.104569,0.281672,0.128958,0.229163,0.041486,0.356078,0.183690,-0.027801,-0.083724,0.126064,0.269357,0.066070,0.244788,-0.010420,-0.116118,-0.044164,0.213132,0.051355,-0.059947,-0.159420,-0.060538,0.116609,0.158589,-0.008048,0.062729,0.419932,0.122044,0.181654,-0.015938,0.095726,0.201863,0.203598,0.042769,0.070894,-0.033235,-0.081254,-0.078656,-0.180805,0.217902,0.198467,-0.048439,0.094738,0.226968,0.157521,0.138092,0.251398,-0.055176,0.045200,-0.028112,0.079613,0.041199,0.153678,0.146838,0.046063,0.025460,0.004613,0.242911,0.014845,0.166968,-0.053983,-0.085032,0.062806,0.183373,0.146875,0.085980,-0.327345,0.065970,0.065657,-0.072832,0.033678,-0.025052,0.193524,0.037658,-0.079997,0.269284,0.094949,-0.024543,0.097775,-0.045509,0.071301,-0.124844,0.192328,0.125278,0.100530,0.275393,0.180434,0.227634,-0.071970,0.097574,0.022348,0.002832,0.196615,0.028098,-0.031517,0.187615,0.197878,0.066251,0.069889,0.265429,0.044045,0.007945,0.104216,0.148629,-0.017065,0.163874,0.136995,0.138727,0.061721,0.040845,0.386271,0.342340,-0.037012,-0.076130,-0.091564,-0.118827,-0.109157,-0.060049,-0.118663,0.152899,-0.253035,-0.106853,0.180645,0.230195,0.224374,0.027309,0.168538,0.075404,0.155718,-0.212201,#
15,0.244597,-0.002869,0.094643,-0.095605,0.152490,0.314037,0.057167,-0.087934,0.192857,0.198689,0.189141,-0.125984,0.001061,0.012839,0.348527,1.000000,0.044246,0.187170,0.062815,0.130074,0.174229,0.036357,0.142934,0.211729,-0.003533,0.062633,-0.030363,-0.030029,0.170384,0.341413,-0.011854,0.179448,0.034589,0.153944,-0.007089,0.392888,0.133362,-0.047657,0.322094,0.019396,0.042138,0.011521,-0.005211,-0.071472,0.214051,0.026042,-0.000597,0.269310,0.058442,0.057013,-0.243258,0.491011,-0.059143,-0.030653,0.221310,-0.012526,0.145691,-0.032812,0.165834,0.205174,0.353165,0.051189,0.158931,0.096040,-0.115181,0.330171,-0.045786,-0.053075,0.064213,-0.189144,0.179288,0.040114,-0.022838,0.091494,-0.003321,0.160750,0.128575,0.133723,0.032311,0.004056,0.334997,0.206863,-0.020740,0.128795,0.185406,0.026522,0.022399,0.377502,0.048632,-0.048744,0.068392,-0.048565,-0.012357,0.101666,-0.001655,0.012409,0.173612,0.079618,0.113386,0.139644,0.250312,0.053454,0.286106,0.201528,0.070584,0.060864,0.276653,0.078042,-0.011860,0.260613,-0.126931,0.233320,0.144514,0.105790,0.029934,0.139683,0.157639,0.037589,-0.049734,0.026603,0.015206,0.018413,0.235447,-0.050590,-0.135820,0.200921,0.245938,0.220449,0.059542,0.331494,-0.243239,-0.035540,-0.049309,0.293232,0.126768,-0.053886,-0.198785,-0.130235,-0.065021,-0.076004,0.038897,-0.078405,0.105857,-0.035793,0.009833,-0.078350,0.124903,0.001222,-0.014714,-0.181281,0.174056,-0.162100,0.318364,0.107308,-0.008639,0.147789,0.330233,0.221310,-0.074632,0.298835,-0.044273,0.084954,0.379973,-0.137590,0.144076,0.227870,0.116698,0.322342,0.228618,-0.003564,-0.081924,0.271764,-0.181505,0.258479,-0.021609,0.175882,0.127103,0.280386,0.240752,0.070631,0.088102,0.041809,0.131336,0.231891,0.027423,0.037210,-0.098514,0.183089,-0.162420,0.047799,-0.367200,0.051164,0.263506,0.206581,-0.047416,0.183010,0.206756,0.177207,0.181758,0.081867,#
16,0.284866,-0.023064,-0.118844,-0.301846,0.224715,0.073869,0.038765,0.151330,-0.144754,-0.068532,-0.067925,-0.063911,0.251536,0.076542,0.032419,0.044246,1.000000,-0.058376,-0.267978,0.249853,0.290811,0.034595,-0.247805,0.228664,-0.028112,-0.045836,0.230141,-0.246575,0.064973,0.132220,-0.115210,0.293356,0.077416,0.069040,0.119834,-0.038132,0.124847,-0.094357,0.147243,0.073005,-0.162812,-0.030588,0.108440,0.081724,-0.085173,0.004107,-0.017712,-0.007380,0.012890,0.191283,-0.069911,-0.069499,0.028589,0.226602,0.243565,-0.202281,-0.217422,-0.090249,0.024864,-0.128659,-0.138387,0.231550,-0.013010,-0.117458,-0.231451,0.063978,-0.257902,0.229719,0.215149,0.132742,-0.140362,-0.162597,0.208842,0.178404,0.145752,-0.000241,-0.167276,0.151123,-0.059231,0.120349,0.009109,-0.134280,-0.178798,0.374481,0.033033,0.189487,0.080579,0.090884,0.184134,0.160885,-0.023767,-0.093067,0.151218,-0.125129,-0.004701,0.137782,0.028872,0.128665,0.044631,0.190679,-0.305840,0.002326,0.087127,0.229784,-0.194772,0.219223,0.055959,-0.156740,0.158347,0.097437,0.145145,0.072654,0.101050,-0.012808,0.255234,0.040523,0.343587,0.046731,0.131612,-0.010476,0.243874,0.246525,0.183028,0.143977,0.268149,0.140127,0.220537,-0.148576,0.043204,0.122222,0.249230,-0.154458,-0.038374,-0.151266,0.234459,0.051010,-0.071006,-0.144527,-0.078068,0.120340,0.108791,0.021811,-0.258031,-0.027092,0.105815,-0.096033,0.210169,-0.011298,0.067588,0.352895,-0.215160,0.365186,0.114248,-0.049363,0.039913,0.260426,0.230916,-0.069691,-0.095604,0.167814,0.082882,0.089570,0.115195,-0.115564,-0.088744,-0.076999,0.029250,0.166076,-0.095033,-0.146853,-0.004483,0.174836,0.134240,-0.113439,-0.121391,-0.009985,-0.012998,0.190119,0.345737,-0.130753,-0.058470,0.032169,-0.080857,-0.089880,0.203769,0.195141,-0.124906,0.264386,0.115193,0.070506,-0.010907,-0.097991,-0.054372,-0.028042,-0.145792,0.141880,0.150986,-0.177763,-0.065409,0.242111,#
17,0.160540,0.044504,0.108274,-0.124321,0.095058,0.263547,0.226033,0.011816,0.092611,-0.071880,-0.091083,0.242511,0.160862,0.154573,-0.071334,0.187170,-0.058376,1.000000,-0.191709,-0.061006,0.167721,0.149282,0.015857,0.130334,0.104978,0.229788,0.064071,-0.138190,-0.111038,0.003076,0.142686,0.048862,0.029652,0.039070,0.111484,0.266200,-0.071300,-0.126303,0.393011,0.185978,0.254785,0.226437,0.292184,-0.042059,0.075495,0.202344,0.070824,0.250567,0.097680,-0.040672,0.087140,0.268348,0.003978,0.135847,0.144164,0.199862,-0.063387,-0.103047,0.150579,0.080640,0.169953,0.069404,-0.089278,0.072716,-0.082611,0.321061,0.170877,0.255017,0.137433,-0.098478,0.107875,0.193462,-0.186124,-0.006540,0.125119,0.125973,0.009239,0.029888,-0.071916,0.080590,0.228936,0.089392,-0.056574,-0.035498,-0.137196,0.081491,0.423508,-0.055129,0.121899,0.148406,-0.085993,-0.194549,0.119439,0.113904,-0.045168,0.045465,0.161055,-0.030553,-0.218932,-0.064848,0.207731,-0.147333,0.049857,0.177521,-0.149576,0.011780,0.137234,0.164976,0.126033,0.150936,0.027034,0.159869,-0.204323,0.166186,0.221743,-0.072623,0.011163,0.105270,-0.077523,0.205082,-0.026185,-0.090024,0.019479,0.032233,0.130311,0.206367,0.188259,-0.224118,-0.044055,0.101189,0.353862,0.206032,0.196396,0.077742,-0.165757,-0.020861,-0.018546,0.019357,0.278705,0.178079,0.180455,0.134495,0.225791,0.134009,0.273831,0.003344,0.088225,0.223571,0.025831,-0.115815,0.236903,-0.069199,0.078199,-0.030549,0.191356,0.165437,0.122247,0.030196,0.145746,-0.108359,-0.011451,0.086277,0.281361,0.195897,0.195535,-0.027020,-0.026800,0.091715,0.030172,0.138016,0.055993,-0.138131,-0.004092,0.136181,0.060347,-0.014273,0.180198,0.031620,0.152893,0.289660,0.340001,0.214374,0.140410,0.076610,0.170806,-0.043559,0.053022,0.243969,-0.042250,0.107695,-0.290801,0.131027,0.108824,0.408561,0.088542,0.306281,-0.052290,0.362902,-0.047329,0.257689,#
18,-0.048331,-0.097094,0.087791,0.246502,0.155538,-0.249553,-0.002540,-0.001613,0.033927,0.281836,-0.234109,0.115928,0.049322,0.092104,0.186892,0.062815,-0.267978,-0.191709,1.000000,0.117641,-0.095853,0.093839,0.117511,0.042268,0.097905,-0.063822,-0.124727,0.138370,0.153310,-0.044845,-0.139082,0.013154,-0.046773,-0.107095,0.037316,-0.048425,-0.088276,-0.086371,0.014806,0.170746,0.035264,-0.258846,-0.013940,-0.115565,0.304053,0.019507,0.069428,-0.059007,-0.356060,-0.130412,-0.154229,-0.024634,0.159358,0.033194,0.192756,0.135998,-0.016086,0.054106,-0.117486,0.005125,0.268593,-0.117554,0.048631,-0.080241,-0.011875,0.049955,-0.134102,-0.155121,-0.164474,0.011693,0.065275,-0.012602,0.080965,0.016630,0.126783,-0.088592,0.127528,-0.026937,-0.033375,0.133728,-0.079374,-0.000005,0.013892,0.018633,0.011366,-0.244771,-0.096392,0.088291,-0.116633,-0.101521,0.035962,-0.133963,-0.098115,-0.226296,0.098557,-0.126251,0.224602,-0.063659,-0.215822,-0.055469,0.245800,0.106066,0.124644,0.024922,0.064687,0.061612,-0.153843,-0.262126,-0.273091,-0.178184,0.194297,-0.228452,0.321124,0.104849,-0.271520,-0.148511,-0.111550,0.006486,-0.240336,-0.137547,-0.144437,-0.006468,0.015363,-0.223188,-0.017614,-0.215231,-0.352110,0.171416,0.146436,-0.079634,-0.242947,0.121884,-0.086081,0.198821,0.082017,0.091275,-0.065142,0.071969,0.010849,-0.097070,-0.121447,0.037247,0.056908,0.209055,-0.042095,0.171098,0.171708,0.004454,-0.237835,0.104888,-0.225867,0.034136,0.062412,-0.007362,-0.089415,-0.016205,-0.114875,0.132911,0.017651,0.095653,0.040330,-0.136666,-0.020992,0.114232,-0.068626,0.190380,0.059644,-0.030577,0.015032,0.069306,-0.193707,0.013760,0.062252,-0.050579,0.030621,0.151384,-0.137977,-0.066276,-0.131853,0.190169,-0.141211,-0.114561,-0.125364,0.046391,0.004432,-0.173963,0.266294,-0.179830,0.005836,-0.029266,-0.001450,0.037543,0.095404,0.173003,-0.002529,-0.020137,-0.013243,0.003161,0.052409,-0.091697,#
19,0.261509,0.028052,0.171139,0.012481,0.313644,0.341283,-0.029321,-0.009490,0.126532,0.219870,-0.010306,-0.103166,0.104769,0.063774,0.003618,0.130074,0.249853,-0.061006,0.117641,1.000000,-0.018293,0.055504,0.114277,0.273098,-0.027872,-0.047506,0.179475,-0.081335,-0.021146,0.094084,0.152881,0.083037,0.016734,0.073686,-0.078150,-0.131705,0.215382,-0.043641,0.226844,0.088478,0.002812,0.017594,-0.015684,-0.060710,0.116567,0.073028,0.147012,0.156207,0.241961,-0.011740,-0.207139,0.134319,-0.126812,0.132732,0.085506,0.032482,0.142075,0.000295,0.247480,0.131312,0.293475,0.333622,0.191076,0.070914,0.101509,0.052048,-0.202246,0.174822,-0.028302,-0.085345,0.144470,0.043691,0.169141,0.142911,0.127842,0.195539,0.104705,0.062668,0.321126,0.136704,-0.007207,-0.137484,0.056497,0.128277,-0.011761,0.165499,-0.175356,0.337274,0.141427,-0.229145,-0.010753,-0.130645,0.155213,-0.099815,-0.044316,-0.038585,0.075387,0.107426,-0.007493,0.125322,0.254161,0.160289,0.066380,0.143522,-0.046242,0.433999,0.153937,0.138078,0.191238,-0.060356,-0.086269,0.067926,0.159308,0.156091,0.013297,0.059600,0.267591,0.108629,0.019751,-0.253101,-0.188111,0.181712,0.112295,-0.023263,0.234602,0.027202,0.332455,0.050744,0.087346,0.108119,0.018863,0.037804,-0.079042,0.161320,0.312486,0.021345,0.109168,0.009198,-0.139930,-0.091117,-0.126416,-0.077248,0.105199,-0.006670,0.102720,0.016338,0.098229,-0.021753,0.083395,0.116693,0.036401,0.242823,0.143257,-0.007589,0.039635,0.309751,0.102776,0.112913,0.219327,0.302619,0.185395,0.069682,-0.016808,-0.056991,0.170643,0.227091,-0.104089,0.202613,0.139699,0.047044,-0.003425,0.069864,0.265460,0.366643,0.136635,0.041164,0.054864,0.252882,0.181462,0.097604,-0.138592,0.262205,0.088874,0.266109,0.272306,-0.009675,0.044531,0.078791,0.134380,0.022736,0.140929,0.221176,0.047312,0.214104,-0.110977,0.318219,-0.128781,-0.001770,0.246198,0.035827,#
20,-0.105606,-0.270206,0.250974,0.078697,0.440329,0.020348,0.210837,0.047420,-0.018223,0.201139,-0.006101,0.100198,0.011678,0.144423,0.144581,0.174229,0.290811,0.167721,-0.095853,-0.018293,1.000000,0.173080,0.049648,0.154923,-0.028794,0.283909,0.336216,-0.140214,0.027828,0.124307,0.018905,0.172141,0.119897,0.311790,0.255797,0.361844,0.224597,0.113579,0.385292,0.199993,-0.109919,0.150388,-0.018635,0.021501,0.224169,0.111690,0.153780,-0.022863,-0.253236,0.126208,-0.101263,0.100178,-0.046290,0.299107,0.287931,0.037948,0.039761,0.060867,0.095744,0.108844,0.180637,0.045274,0.123779,0.079619,0.110265,0.019731,-0.051000,0.040220,-0.049951,0.205935,0.360597,0.063617,-0.020125,0.059020,0.369116,-0.005012,-0.124314,0.137877,-0.065850,0.089449,0.212424,0.229601,0.047276,-0.017581,0.031009,0.138502,0.026657,0.071702,-0.121317,0.024618,0.262770,0.015622,0.136024,0.096359,0.232027,-0.125954,0.059305,0.170622,0.059974,0.061255,0.132783,0.065486,0.255478,0.010570,0.129642,0.008644,0.236803,-0.036082,-0.088220,0.335936,0.130943,0.165999,0.040844,-0.034869,0.083614,0.015625,0.253434,0.193036,-0.047364,0.144286,0.243239,0.108550,0.025587,0.373802,0.073186,0.127550,0.278787,0.029006,0.358070,0.231237,0.451313,-0.110682,0.140551,0.285545,0.187532,0.018800,-0.199170,-0.222642,0.159905,0.154141,-0.069196,0.246693,0.040713,-0.042622,0.064658,0.076970,0.164510,0.067946,-0.083813,0.230067,0.163440,0.095507,0.176978,0.285859,0.043367,0.158359,0.082685,-0.182423,0.173196,0.138136,-0.068580,0.132129,0.188901,0.058093,0.017526,-0.194547,0.073815,0.045228,0.207671,-0.019451,0.015930,-0.034456,0.250371,-0.136360,0.001991,0.025906,-0.143592,0.027037,0.227560,0.128981,0.164154,0.070709,0.126709,0.102260,0.191991,0.021432,-0.084555,0.197158,-0.036307,0.194928,-0.207433,-0.107995,0.063318,0.341703,0.040675,-0.130028,0.045939,0.067744,0.226813,0.324707,#
