0,1.000000,0.288558,0.219185,-0.001475,0.106176,0.141974,0.458301,0.089860,0.160032,0.219742,0.314339,0.172636,0.110545,0.231457,0.138100,0.233694,0.286963,0.263902,0.175059,0.337059,0.126992,0.029634,0.205262,0.406799,0.146070,-0.075649,-0.020340,-0.011543,0.032900,0.277121,0.107367,0.344511,0.118176,0.212750,0.435936,0.147941,-0.079592,0.040168,0.361408,0.175736,0.211892,0.063860,0.335246,-0.216784,0.262719,0.065669,0.221801,0.104351,0.371568,0.288701,0.156380,0.391164,0.213792,0.130619,0.302794,0.226257,0.137303,0.244593,0.199337,0.061262,0.182934,0.410476,0.245865,0.087672,0.258785,0.196934,0.299671,0.211445,0.103976,0.104654,0.242860,0.142438,0.134570,0.314307,0.179106,0.235953,0.293844,0.120982,0.228049,0.161788,0.201832,0.072040,0.172799,0.139602,0.272461,0.428779,0.314493,0.380849,0.296235,0.104741,0.064479,0.027804,0.101504,-0.017130,0.083010,0.054174,0.284446,0.167297,0.224965,0.341770,0.124349,0.129378,0.311534,0.323286,0.095027,0.258304,0.075957,0.224486,0.381463,-0.052957,-0.014159,0.322412,0.129815,0.244086,0.332223,0.227347,0.189210,0.048078,0.280941,0.360083,0.057754,0.204475,0.362416,0.224483,0.361040,0.274293,0.246752,0.014036,0.122657,0.344108,0.044124,0.203999,0.132952,0.159000,0.296267,0.241699,0.127042,-0.004568,-0.023424,0.314151,0.105701,0.043515,0.086709,0.206486,0.137435,-0.240297,0.214905,0.134867,0.130738,-0.044433,0.224790,0.269904,0.268229,0.099133,0.067988,0.191666,0.192655,0.379439,0.366708,0.256046,0.353428,0.280012,0.241751,0.171086,0.149736,0.323632,0.290651,0.113373,0.318050,0.084795,0.075874,0.228927,0.239043,0.324829,0.217232,0.233017,0.392279,0.327946,0.324060,0.076389,0.100205,0.211611,0.292065,0.125140,0.152328,0.044987,-0.047061,0.259675,0.241290,-0.021407,-0.115290,0.149295,0.068780,0.374131,0.290370,0.363766,0.106735,0.251877,-0.076938,0.180923,#
1,0.288558,1.000000,-0.099904,0.047243,0.009487,-0.098389,-0.013628,0.156634,0.258087,0.249018,0.220022,0.189580,0.156015,-0.165985,0.086104,0.082010,0.126845,0.034250,0.101735,0.197125,-0.128197,0.109887,0.228136,0.120714,0.211379,-0.027960,-0.150751,0.095231,0.075901,-0.064216,0.166551,0.104210,-0.097264,0.140847,-0.098257,-0.091085,0.215695,0.023247,0.263880,0.077872,0.019571,0.028997,0.163393,-0.059650,-0.010601,-0.023010,0.205905,0.170085,0.097561,0.368827,0.056453,0.144620,-0.013663,-0.063806,0.158691,-0.139485,0.100054,0.007372,-0.160691,0.030815,0.119956,0.175180,0.096379,-0.098536,0.004317,0.186703,0.134538,0.144930,0.132375,0.238290,0.260249,0.200183,0.336484,-0.035654,0.175485,0.076503,0.230696,0.002150,0.263034,-0.159347,0.066275,0.008623,-0.109716,0.197387,0.232923,0.114387,0.246191,0.296945,0.237005,0.074035,0.037889,0.134286,-0.165973,0.125933,0.112890,0.254845,0.104007,0.095879,0.062484,-0.132531,0.220733,-0.063687,-0.084984,0.050308,-0.082543,0.214167,0.111988,0.256765,0.264862,0.173454,-0.014193,0.015680,-0.011491,0.297698,0.075559,0.333650,0.095031,-0.007160,0.104000,-0.046092,-0.030996,0.173774,0.164177,0.028707,0.269261,0.134904,0.039082,0.046288,0.109867,0.136815,-0.165412,0.150426,0.011646,-0.085620,0.056539,0.202485,-0.037305,0.174867,0.030827,0.067540,0.309306,-0.111144,0.085388,0.129592,0.100289,-0.106114,-0.040983,0.079915,0.036789,-0.196101,0.110267,0.187769,0.220684,-0.037040,0.326334,0.130434,0.281413,0.226081,-0.014182,0.063811,0.142904,0.299471,-0.008905,0.167130,-0.050568,0.199738,0.155334,-0.067507,0.046908,0.177968,-0.176544,0.036621,0.084099,0.235906,0.000398,0.246378,0.196983,0.043389,0.020152,-0.045762,0.078919,-0.021423,0.251865,-0.039073,-0.098760,0.013979,-0.023929,0.049307,0.417863,0.076892,0.179315,0.276427,0.058424,0.013261,0.229257,-0.094698,0.132238,0.394442,0.039361,0.225436,#
2,0.219185,-0.099904,1.000000,-0.017581,0.193375,0.043395,0.194514,0.102811,0.123974,0.138625,-0.093609,-0.015350,0.054002,0.348704,0.193611,0.100192,-0.084091,0.021983,0.105573,0.217308,0.196056,-0.083041,0.142987,0.266429,0.071460,-0.053647,0.159275,0.061155,0.109382,0.169890,0.039435,0.044902,0.215960,-0.034565,0.155653,-0.071006,0.012934,0.027800,0.128467,0.114301,-0.161987,-0.005664,0.208058,0.014440,0.090814,0.192387,0.192121,-0.067417,-0.150602,0.187230,0.173506,0.128956,0.217855,0.251071,0.200933,0.179296,0.207469,-0.094682,0.148368,0.087683,0.449824,0.277852,0.114490,-0.045432,0.038328,0.161399,-0.175530,0.166816,0.155962,0.119545,0.218845,0.098389,-0.066819,0.255810,0.229306,0.043583,0.105016,0.034413,0.042204,0.168202,0.140151,0.163501,0.278679,0.036733,0.282400,0.075749,0.013998,0.310352,-0.047721,0.024843,0.200390,-0.085086,0.252956,0.066369,0.124902,0.070642,0.255374,-0.023755,0.244939,0.065524,0.225676,0.241385,0.042685,0.188545,-0.176711,0.236975,0.309547,0.249725,0.007422,-0.202894,0.133852,0.103697,0.245255,0.012837,0.160395,-0.007472,0.013621,0.291363,0.009458,0.067511,-0.061754,-0.114051,0.031217,0.395942,0.104939,-0.109669,0.120460,0.019083,0.154097,0.215710,0.057653,0.057746,0.218123,0.261276,0.268694,0.033281,0.264864,0.152925,0.253492,0.135924,-0.172054,0.217227,-0.255649,-0.088585,0.053612,0.015756,0.076120,-0.093993,0.068154,0.243000,0.065066,0.233474,0.124105,0.237004,-0.104532,0.115847,-0.030982,0.098875,0.243535,0.003888,-0.078688,0.180682,0.076454,0.128050,-0.144672,0.187159,-0.078652,-0.063208,0.042475,0.237590,-0.027139,0.096767,0.304131,0.110920,0.253959,0.236555,-0.008872,-0.027042,0.252272,-0.042339,-0.072483,0.324177,0.001011,0.281052,-0.061229,0.033518,0.147958,0.098231,0.115267,-0.011357,-0.000494,0.208771,0.350424,0.328320,-0.005730,-0.013002,0.067595,-0.070257,-0.051458,0.204501,#
3,-0.001475,0.047243,-0.017581,1.000000,0.285556,-0.079781,0.151129,0.119360,0.302742,0.134183,0.158074,0.237148,0.068069,0.131128,0.073520,-0.031395,0.063682,-0.055610,0.355728,0.222031,0.098649,0.173419,0.182871,-0.066346,0.148049,0.066068,0.201529,0.113621,-0.078908,0.291961,0.120273,0.137161,0.118314,0.125783,0.146072,0.133962,0.062268,0.138747,0.185228,0.301931,-0.081405,0.166316,0.214424,0.282957,0.233256,0.268179,0.067967,0.090944,-0.084184,-0.062305,0.158448,-0.155092,0.275597,0.100444,-0.005019,0.298804,0.148521,0.172684,0.178382,0.150660,0.215781,0.074825,0.090619,0.077565,0.298308,0.036665,-0.090923,0.015807,-0.314527,0.193707,0.128356,0.224296,0.304645,-0.016855,-0.005902,0.135352,0.160794,0.070690,0.042811,0.100415,0.126331,0.184250,0.080268,0.133936,0.169495,0.190740,0.146377,0.209254,-0.061893,0.042734,0.360179,0.118555,-0.038428,0.143780,0.162102,0.148755,-0.036716,0.224013,0.212144,-0.021238,-0.044921,0.332549,0.004197,-0.011103,0.408292,0.033597,0.061411,0.169897,0.138471,0.098921,0.084190,-0.008507,0.054293,0.142787,0.048585,0.260780,-0.013031,0.042251,0.203027,0.046440,0.043197,0.313111,0.234524,-0.116966,-0.011463,0.220474,0.101041,0.322670,0.275600,-0.017641,0.124722,0.134365,0.011156,0.151975,0.139107,0.293922,0.082601,-0.188613,-0.041135,0.058591,-0.189299,0.209412,0.297815,-0.063160,-0.056138,0.307158,0.040177,0.374794,0.265197,0.198332,0.149873,0.110646,0.067796,0.127125,0.194818,-0.105179,-0.031887,-0.013874,0.324058,0.136728,-0.088014,0.107840,-0.070574,0.203417,0.061235,0.308250,0.325689,-0.024222,0.016297,0.299382,0.012055,0.062965,0.117508,0.213650,0.011945,0.138495,0.046837,0.202594,0.121931,0.240287,0.069660,0.162293,0.010052,0.245803,0.039624,0.049021,0.096568,0.029862,0.168375,0.463508,0.249663,0.251488,0.078156,0.154042,0.182079,0.215029,0.041776,0.056895,0.020611,0.284739,#
4,0.106176,0.009487,0.193375,0.285556,1.000000,0.271513,0.017081,0.206239,0.191357,0.384186,0.070928,0.327911,0.235325,0.190473,0.172384,0.162949,0.309841,0.025176,0.274431,0.455858,0.331191,0.253450,0.202964,0.312461,0.038742,0.096116,0.223881,-0.112352,0.225836,0.133334,0.279213,0.385114,0.567519,0.361960,0.081149,0.270785,0.282637,0.040157,0.322737,0.062238,0.190723,0.085108,0.133319,0.260316,0.228103,0.338397,0.273332,0.286481,0.136527,0.043324,0.132489,0.042813,0.509079,0.110357,0.189790,0.084759,0.277909,0.158253,0.303288,0.383588,0.177957,0.277356,0.449355,-0.003283,0.299499,0.201899,-0.110217,0.320400,0.070089,0.128758,0.287437,0.253919,0.365114,0.229156,0.298191,0.151475,0.144786,0.393642,0.257153,0.411748,0.164277,0.321321,0.133272,0.163410,0.176745,0.197642,0.146274,0.184623,0.157787,-0.019575,0.339441,0.240289,0.144424,0.063100,0.287249,0.317899,0.191169,0.306107,0.270462,0.271888,0.230307,0.310279,0.142241,0.158724,0.061216,0.231822,0.213608,0.220679,0.309432,0.377998,0.168927,0.174273,0.296093,0.340219,0.200083,0.216500,0.264447,0.287093,0.173217,0.207474,-0.060156,0.346986,0.388336,0.083133,0.060407,0.126963,0.284935,0.334401,0.505659,0.365733,0.111018,0.193889,0.275620,0.327399,0.376575,0.286731,-0.029656,0.051771,0.141338,-0.119530,-0.135437,0.161024,0.183632,0.101744,0.196837,0.048864,0.348743,0.000238,0.192473,0.434341,0.089520,0.252180,0.214593,0.268661,0.261948,0.174967,0.337752,0.213497,0.049049,0.345833,0.093618,0.311670,0.292526,0.046836,-0.061984,0.238232,-0.062027,0.086245,0.221728,0.434557,0.305033,0.329841,0.308005,0.228499,0.306603,0.293593,0.294971,0.296709,0.155775,0.154165,-0.043034,0.161948,-0.018120,0.034044,0.381723,0.295940,0.157322,0.173765,0.231684,0.377474,0.085834,0.097294,0.175744,0.356862,0.068456,0.286155,0.328482,-0.077134,0.364701,0.193262,#
5,0.141974,-0.098389,0.043395,-0.079781,0.271513,1.000000,0.020108,0.132735,0.073230,0.165830,0.236038,0.086049,0.046799,-0.186586,0.142901,0.304056,0.143622,0.232668,-0.211160,0.364284,0.171473,-0.035125,0.208514,0.326805,0.147470,0.037785,0.344017,0.014607,0.178363,0.113075,0.386729,0.304339,0.249389,0.259824,0.069350,0.119920,0.015382,0.015979,0.282389,0.134627,0.240316,-0.065517,-0.054204,0.164217,0.225077,0.380463,0.292655,0.197805,0.098399,-0.005747,0.073155,0.029895,0.080402,0.262859,-0.196582,0.274889,0.328114,0.102027,0.407521,0.209862,0.151714,0.466452,0.250284,0.187928,0.246942,0.213969,-0.156539,0.374424,0.109643,-0.164091,0.258877,0.240454,0.209923,0.019802,0.066690,0.301575,0.255355,0.337341,0.115332,0.210851,0.471060,0.117479,0.008334,0.085625,0.021861,0.181232,0.276031,0.371346,0.261246,-0.085224,0.008229,0.168375,0.404655,0.207445,0.048629,-0.002998,0.110441,0.359398,0.322840,0.269259,0.282229,0.332402,0.121298,0.218803,0.203245,0.214169,0.229615,0.178367,-0.024422,0.228756,-0.087050,0.340368,0.020706,0.043806,0.015183,0.040990,0.350964,-0.080734,0.001605,0.175674,0.046595,0.084440,0.189016,0.274166,-0.017887,0.149775,0.314904,0.205224,0.091401,0.187247,0.359561,0.251868,0.298255,0.346272,0.120540,0.197664,0.152488,-0.023499,0.144794,-0.028453,0.087582,-0.158273,0.262921,0.259581,0.157155,-0.126651,-0.078549,0.054304,0.186717,0.003967,0.269451,-0.084541,0.055336,0.166674,0.003738,0.047400,0.421566,0.244896,0.221488,0.271313,0.111795,0.289425,0.157210,0.111133,0.209036,0.104906,-0.176799,0.303206,0.227750,0.157245,0.252666,0.141390,0.025035,0.264184,0.246538,0.170195,0.127099,0.096482,0.230807,0.240983,0.388990,0.102410,0.201528,0.140048,0.353965,0.195022,0.001697,0.162529,0.014844,0.208091,-0.067314,0.070436,0.027107,0.239381,-0.134615,0.197046,0.120571,0.091279,0.245033,0.180652,#
6,0.458301,-0.013628,0.194514,0.151129,0.017081,0.020108,1.000000,-0.028104,0.049836,-0.067560,0.186731,0.002115,0.273448,0.260076,0.001211,-0.055257,0.210959,0.140123,0.143945,0.147291,0.345948,-0.065506,-0.037217,0.201426,0.028254,-0.074019,0.047860,-0.032103,0.053154,0.180702,0.133647,0.074990,0.115267,0.135960,0.293750,0.197186,-0.089894,-0.034445,0.164796,0.155547,-0.109938,0.123651,0.159976,0.014944,0.298808,0.155093,0.162241,-0.227538,0.317692,0.268585,0.163518,0.308641,0.327054,0.028970,0.177742,0.117323,0.240900,0.176286,0.312965,0.106017,0.152528,0.062344,-0.014586,0.079295,0.399705,-0.058552,0.263605,-0.057648,-0.059344,0.041257,0.121836,0.131310,0.130904,0.352511,0.018354,0.249110,0.107482,0.010758,0.049928,0.087788,0.156680,0.096546,0.252507,0.124937,-0.232260,0.328069,0.246362,0.059192,0.164833,0.102172,0.089593,0.011416,-0.144748,-0.044963,0.110945,-0.043770,0.370608,0.165177,0.209115,0.204406,0.089901,0.206604,0.331329,0.122103,0.078002,-0.013973,0.186724,0.083601,0.061634,-0.104509,-0.038722,0.039895,-0.061769,0.124446,0.464072,-0.107896,0.308484,0.204236,0.297626,0.159170,0.218668,0.188970,0.087172,0.152088,0.297540,0.321779,0.112861,0.070202,-0.002847,0.193569,0.002501,0.203943,0.240848,0.048454,0.133724,0.295581,0.140525,0.019364,0.155135,0.017850,0.231530,0.105452,-0.080349,0.012541,0.116489,0.056365,-0.021331,0.079764,0.088481,0.094916,0.157119,0.250078,0.024418,-0.070738,-0.057909,0.017993,0.125999,0.292790,0.441713,0.033847,0.182602,0.116517,-0.014225,0.302793,0.034569,0.257489,0.264861,0.003257,0.182916,0.092694,0.260248,0.048947,-0.022786,0.136690,0.136411,0.030989,0.119665,0.265474,0.145023,0.031466,0.223000,0.007439,0.317708,0.240932,-0.002714,-0.029245,-0.091154,0.250356,-0.071521,0.111344,-0.157444,0.230821,-0.094897,0.349027,0.170196,0.055135,0.023372,0.044254,0.118246,0.081989,#
7,0.089860,0.156634,0.102811,0.119360,0.206239,0.132735,-0.028104,1.000000,0.457163,0.299916,0.165413,0.026756,0.210209,0.113293,0.284137,-0.017517,0.309810,0.079535,0.263896,0.217409,0.127916,0.273099,0.219914,0.341527,0.410164,0.244473,0.142735,0.131832,0.132583,-0.032561,0.021933,0.166645,0.135499,0.185331,0.017088,0.099990,0.200884,0.017659,0.341820,0.046122,-0.077419,-0.066531,0.106735,0.282765,0.225489,0.272827,0.308810,0.133251,-0.168693,0.155544,0.170231,-0.164816,0.137105,0.322289,0.129011,0.198037,-0.035914,0.179983,-0.043563,0.124629,0.080125,0.332184,0.074047,-0.027170,0.152775,0.223835,-0.031384,0.324903,0.168483,0.363303,0.330621,-0.034491,0.505386,0.161711,0.293900,0.125091,0.211857,0.104919,0.407534,0.164756,0.333641,0.290192,-0.042992,0.119725,0.192475,0.091788,0.298568,0.293871,0.130273,0.248661,0.109121,0.080469,0.215983,0.105724,0.310712,0.040612,0.236831,0.390305,0.267503,0.223346,0.250276,0.276238,0.028051,0.186782,0.106103,0.252756,0.201466,0.194189,0.081217,0.049601,0.405328,0.031508,0.231222,0.142816,0.293823,0.140584,0.240022,-0.139678,0.092375,0.254932,0.201775,0.159773,0.158799,0.419199,0.238212,0.159272,0.217310,0.229534,0.214171,0.051085,0.157026,0.062860,0.175805,-0.015633,0.241631,0.384242,0.042105,0.015342,0.071829,0.098315,0.247391,0.391917,0.216161,0.122571,0.140830,0.325169,0.203947,0.036469,0.336588,0.193823,0.003157,0.146308,0.371727,0.218322,0.096505,0.374350,0.115569,0.198202,0.085879,0.155053,0.294486,0.094062,0.394832,0.065435,0.161640,0.271667,0.241874,0.091917,0.111202,0.157997,0.341943,0.337413,0.176834,0.247881,0.236820,0.236246,0.216068,0.075806,0.202742,0.129409,0.292347,0.141329,-0.063064,0.061314,0.134947,0.239126,0.088939,0.097524,0.297170,0.271348,0.242401,0.106510,-0.007710,0.217529,0.150463,0.158353,0.083732,0.324515,0.158672,0.106048,#
8,0.160032,0.258087,0.123974,0.302742,0.191357,0.073230,0.049836,0.457163,1.000000,0.321632,0.109012,0.193398,0.108198,0.128580,0.213311,0.168141,0.212795,0.060369,0.145168,0.255246,0.060503,0.197812,0.184527,0.214198,0.017015,0.197737,0.175036,0.286147,-0.030428,0.118907,-0.005439,0.050424,0.221790,0.218236,-0.035759,0.093175,0.198203,0.035997,0.203607,0.377231,-0.010214,0.218284,0.266706,0.179514,0.095325,0.078120,0.003903,0.217410,-0.059643,0.296753,0.161168,-0.004707,0.223880,0.309613,0.071203,0.217896,-0.114649,0.200314,-0.027916,0.185130,0.253160,0.213984,0.197662,-0.052549,0.059242,0.361537,-0.009369,0.336252,0.101892,0.371800,0.203635,0.185965,0.369978,0.336307,-0.056674,0.166403,0.040479,0.175104,0.300734,0.265015,0.139836,0.098711,-0.070316,0.385363,0.039156,0.314105,0.150526,0.221163,0.009038,0.262845,0.181818,0.091399,0.088690,0.270573,0.324842,0.123451,0.012801,0.247544,0.308976,-0.012653,0.190678,0.287549,0.026026,0.398401,0.085927,0.264616,0.480851,0.400951,0.183517,0.077053,0.352511,0.211827,0.280246,0.240687,0.426841,0.314004,0.284802,0.051260,0.125218,0.212599,0.177731,0.028829,0.423728,0.144771,0.132724,0.387001,0.275684,0.086250,0.343931,0.127572,0.082184,0.055307,0.238408,0.331987,0.488732,0.265650,-0.055503,0.008535,-0.156385,0.291832,-0.050254,0.159862,0.129282,0.237650,0.191500,0.083858,0.251153,0.134616,0.119999,0.089607,-0.008217,0.156784,0.118599,0.295360,0.294939,0.167034,0.085382,0.245689,0.202343,0.273344,0.078764,0.167870,0.262898,0.334075,0.122341,0.161060,0.212145,0.091964,0.091556,0.374128,0.146618,0.340882,0.278405,0.351797,0.376977,0.225948,0.093573,0.099339,0.437610,0.132427,0.261651,0.199701,-0.299026,0.195973,0.280561,0.118391,0.031292,0.178046,0.478656,0.308485,0.140822,0.185552,0.257342,0.147357,-0.071523,0.294278,0.083317,0.159389,0.041897,0.402567,#
9,0.219742,0.249018,0.138625,0.134183,0.384186,0.165830,-0.067560,0.299916,0.321632,1.000000,0.035373,0.207492,0.222931,0.047068,0.314832,0.145900,0.282688,0.075126,0.331626,0.368181,0.324976,0.226443,0.447739,0.541516,0.067235,0.186823,0.248371,0.234597,0.136387,0.180056,0.127963,0.212635,0.208504,0.350661,0.334907,0.264159,0.217321,0.061346,0.325086,0.124540,0.178860,0.103093,0.221107,0.160840,0.290193,0.033972,0.295511,0.166427,-0.173421,0.094538,0.001637,0.017081,0.176439,0.313449,0.123213,0.243908,0.046485,0.272000,0.302981,0.353047,0.158621,0.189921,0.374488,0.146357,0.205982,0.445825,0.154524,0.424889,0.253833,0.263635,0.395043,0.124532,0.299952,0.148879,0.237107,0.089904,0.056696,0.419610,0.385831,0.285895,-0.115754,0.181603,-0.007616,0.283407,0.378562,0.171290,0.163845,0.435136,0.042807,-0.136916,0.209564,0.265444,0.257747,0.195282,0.199890,0.125422,0.274517,0.457972,0.483366,0.106382,0.103866,0.310831,0.214537,0.184772,0.159970,0.402733,0.222570,-0.004150,0.381670,0.371112,0.288474,0.468550,0.493449,0.227506,0.114512,0.336893,0.295284,-0.063046,0.101271,0.112573,0.261730,0.108867,0.454020,0.303152,0.281528,0.140446,0.290780,0.032304,0.449897,0.246511,0.259062,0.178047,0.365120,0.480073,0.294546,0.277448,0.079526,0.006231,0.057507,0.357254,-0.046291,0.432245,0.148872,0.236696,0.055124,0.089055,0.313317,0.061929,0.159783,0.120518,0.027364,0.107506,0.112744,0.124943,0.352709,0.258797,0.244656,0.314036,0.371769,0.192376,0.105022,0.246529,0.227259,0.235927,0.285591,0.259422,0.000145,0.170158,0.285792,0.278582,0.395828,0.475043,0.164334,0.263456,0.266148,0.403651,0.085963,0.239361,0.485099,0.263608,0.199009,0.139051,0.174299,0.122604,0.178726,0.453692,-0.149798,0.100275,0.530960,0.187235,0.151998,0.301334,0.122696,0.140908,0.036616,0.107310,0.072240,0.273176,0.064737,0.172488,#
10,0.314339,0.220022,-0.093609,0.158074,0.070928,0.236038,0.186731,0.165413,0.109012,0.035373,1.000000,0.062650,-0.179871,0.014947,-0.073387,0.201620,0.189917,-0.002094,-0.012617,0.103617,0.062364,-0.099195,0.149054,0.266727,-0.077221,0.017836,0.018404,0.289509,-0.077239,0.217263,0.103287,0.158713,0.114590,0.244518,0.266056,-0.021870,-0.059743,0.199549,0.140361,-0.055431,0.184225,0.026314,-0.090231,0.071482,0.351948,0.197077,0.297576,0.220128,0.305161,0.426795,-0.146057,-0.021441,0.231462,0.019870,0.069004,0.211330,0.164495,0.135812,-0.006121,0.079084,0.125007,0.252601,0.323980,0.308921,0.266632,0.055602,-0.009024,-0.131384,-0.083089,0.126319,0.053318,0.220216,0.249866,0.134308,0.023182,0.216098,0.180420,0.204548,0.192092,0.047359,0.267725,0.157331,0.001234,0.151114,0.030749,0.238218,0.214908,0.358169,0.073264,0.217462,0.140852,0.245215,0.092638,0.235549,0.249571,0.156516,-0.058847,0.180826,0.383119,0.278450,0.273578,0.194849,0.110910,0.335780,0.466594,-0.055967,0.113512,0.174014,0.166758,0.197758,-0.267069,0.071394,-0.079764,0.118716,0.082996,0.285020,0.204476,-0.112765,0.347138,0.125778,0.089139,0.304121,-0.041163,0.155093,-0.149666,0.332116,0.345464,0.275465,0.087377,-0.073332,-0.153689,-0.062377,0.112359,0.027572,0.293885,0.235708,0.137362,-0.070298,0.027487,0.075700,0.297955,-0.149225,0.107125,0.097673,-0.239325,-0.120850,0.054776,0.070373,0.182832,0.042409,0.268922,0.048035,0.436729,0.324660,-0.060992,0.192913,0.307197,0.243797,0.315270,0.157064,0.231559,0.203570,0.146860,0.089482,-0.123819,0.256043,0.233849,0.286859,0.395051,0.153201,0.020619,0.044532,-0.000553,0.171383,0.121617,0.132434,0.312958,0.227389,0.106944,0.363655,0.135106,-0.059214,0.200094,0.012196,0.013811,0.066550,0.049607,0.152349,0.076660,0.186679,0.151204,0.148431,-0.043286,0.092609,0.286081,0.087822,-0.014303,0.312531,0.157686,0.102108,#
11,0.172636,0.189580,-0.015350,0.237148,0.327911,0.086049,0.002115,0.026756,0.193398,0.207492,0.062650,1.000000,0.234456,-0.059323,0.055053,0.094256,0.082501,0.183882,0.281831,0.206543,0.076730,0.045292,0.113874,-0.042100,0.096451,-0.014304,-0.178930,0.126074,0.064015,0.061553,0.184649,0.150961,0.181147,0.314282,0.153678,0.024563,0.246032,0.066876,0.083698,0.385254,0.047249,0.165522,0.084202,0.087237,0.139601,0.217644,0.508502,-0.024024,0.085854,0.261510,0.123409,0.005716,0.420190,0.180819,0.185465,0.108227,0.158897,0.189070,0.071416,0.087349,-0.014370,0.178529,0.259750,-0.027643,0.246316,0.182908,0.139065,0.168953,0.117364,0.189311,0.269006,0.084301,-0.000222,0.097011,0.141055,-0.091362,0.225976,0.287250,0.135943,-0.049924,0.195899,0.077901,-0.076220,0.068937,0.149634,0.129350,0.101425,-0.032083,0.239420,0.012930,0.086034,0.404247,0.160648,-0.094306,0.261889,0.424380,0.035609,0.193449,0.074411,0.027519,-0.036824,0.195643,0.064733,0.153623,0.285382,0.259884,0.108403,0.282591,0.168244,0.260207,0.203088,0.154887,0.218496,0.072606,-0.054785,0.153995,0.003249,0.338112,0.057048,0.152356,0.009843,0.187460,0.223962,0.071493,0.029278,0.165453,0.090085,-0.043886,0.270861,0.282435,0.091482,0.209962,0.152859,0.237835,0.150939,0.176539,0.152486,-0.113176,-0.018331,0.151932,0.233661,-0.015702,0.277211,0.205311,0.312045,-0.076661,0.090965,0.148106,0.098734,0.169551,0.022187,-0.037092,0.236366,0.295809,0.220242,0.077229,0.132766,0.214251,0.145646,0.018207,-0.118375,0.177878,0.134342,-0.090848,0.221047,-0.002836,0.117777,-0.008242,0.331475,0.262258,0.131944,0.251986,0.088860,0.192324,-0.047871,0.200156,0.076895,0.145680,0.084096,0.372423,0.060874,0.007415,0.091212,0.101397,0.290337,0.060485,0.005401,0.303892,0.371584,0.142353,0.377860,0.019344,0.274503,0.169399,0.164581,0.106935,0.045316,0.172536,-0.038075,0.139353,#
12,0.110545,0.156015,0.054002,0.068069,0.235325,0.046799,0.273448,0.210209,0.108198,0.222931,-0.179871,0.234456,1.000000,0.155856,0.249868,-0.021684,0.346134,0.193360,0.152241,0.312978,0.205325,0.136611,0.309366,0.203892,0.084035,-0.012276,0.034307,0.022570,0.349214,-0.093351,0.151785,0.097808,0.304327,0.236417,0.144027,0.191212,0.253700,-0.036546,0.125103,0.300964,-0.216317,0.024313,0.060865,0.401206,0.011726,0.193778,0.160591,-0.078035,0.011766,0.097863,0.245409,0.053986,0.199377,0.103509,0.159016,-0.057484,0.098807,0.122945,0.300975,0.043929,-0.124217,0.345580,-0.037550,-0.078204,0.241861,0.103404,0.059410,0.098634,0.165960,0.152830,0.297216,0.009402,0.243039,0.041403,0.233922,0.244404,0.245909,0.113114,0.092854,0.048596,0.170693,0.135293,0.230785,0.188343,-0.100221,0.166192,0.131027,0.056559,0.343472,0.022582,0.050641,0.195044,-0.125490,-0.096223,0.086455,0.357240,0.376819,0.323077,0.130388,-0.011032,0.025998,0.295333,0.077296,0.293750,0.107044,0.262628,0.188881,0.116895,0.244301,0.160137,0.252760,0.021149,0.176002,0.146349,0.296873,0.122806,0.248555,0.165960,0.049706,0.090111,0.126556,0.106279,0.212736,0.322094,0.299881,0.141856,0.134047,-0.155543,0.019633,0.245715,0.045702,0.241277,0.054539,0.143236,0.011375,0.098970,0.076712,0.268069,0.178978,-0.052747,0.169347,0.320605,0.199030,0.011628,0.307468,0.237119,0.174556,-0.032705,0.202200,0.252687,0.021880,0.318962,0.087692,0.041258,0.214366,0.259978,0.253294,0.116720,0.254028,0.124996,0.141017,0.314830,0.292816,0.108603,0.307848,0.148204,0.125247,0.139901,-0.029485,0.063369,0.248253,0.311577,0.076966,0.334956,0.084636,0.102495,0.067514,0.323903,0.134085,-0.114266,0.046000,0.233704,0.170002,0.256154,-0.116470,0.358766,-0.134760,0.446742,0.136966,0.035707,0.058476,0.032517,0.087720,0.169240,0.129085,0.090777,0.010805,0.138676,0.109760,-0.125885,#
13,0.231457,-0.165985,0.348704,0.131128,0.190473,-0.186586,0.260076,0.113293,0.128580,0.047068,0.014947,-0.059323,0.155856,1.000000,-0.016756,0.111695,0.206341,0.164652,0.241409,0.027056,0.163044,0.237648,0.427836,0.322998,-0.020709,0.088691,-0.010019,0.160334,0.261121,0.094714,-0.058892,0.090511,0.298599,0.097398,0.121977,0.100768,0.086633,0.147326,0.282117,0.142200,0.103630,0.084259,0.192077,0.068642,0.289703,0.126612,-0.031911,0.130829,0.157151,0.247482,-0.032370,0.219691,0.267678,0.204778,0.266010,0.120744,-0.011737,0.007324,0.059391,0.057197,0.144625,0.150194,0.061500,0.007532,0.247357,0.045208,0.096125,-0.013976,0.174263,0.125268,0.094778,0.125915,-0.163256,0.265734,0.306461,0.237909,-0.012339,0.004155,0.197811,0.213674,-0.032934,0.062845,0.322874,-0.069604,0.061776,-0.023666,-0.023105,0.042855,0.211646,0.233874,0.206597,0.026721,0.172121,0.052768,0.194661,-0.054321,0.190001,0.047839,0.105128,0.352111,0.239171,0.199817,-0.136909,0.387145,0.023988,0.303200,0.070706,0.080264,0.065326,-0.006986,0.233928,0.241561,0.071271,0.213260,0.203324,0.124030,0.047375,0.355323,0.109419,0.215762,-0.031110,0.054624,-0.052289,-0.023200,0.041406,-0.023663,0.068011,-0.094731,0.118544,0.177684,-0.044919,0.049442,0.031605,0.071724,0.349372,0.163947,-0.147980,-0.107915,0.247389,0.102748,-0.129402,0.138684,0.198762,-0.025970,-0.211384,0.103082,0.242931,0.004232,0.047746,0.147683,-0.092383,0.215250,0.093404,0.079873,0.190390,0.220370,-0.119858,0.007428,0.273322,0.047757,0.218629,0.089942,0.220164,0.135265,-0.053317,0.236370,0.192578,0.147603,0.136079,0.022686,0.083267,0.159695,0.144110,0.159716,0.286521,0.091646,0.046867,0.386160,0.179675,0.067377,-0.045252,0.135715,-0.009262,0.209113,-0.084097,0.015741,0.014713,0.230183,-0.007369,-0.036314,0.217366,0.031506,0.259127,0.240840,0.153084,-0.010277,0.078272,0.187264,0.053522,0.059786,#
14,0.138100,0.086104,0.193611,0.073520,0.172384,0.142901,0.001211,0.284137,0.213311,0.314832,-0.073387,0.055053,0.249868,-0.016756,1.000000,0.311158,0.162765,-0.062474,0.074761,0.079992,0.177683,0.145319,0.004949,0.205470,0.200016,-0.127017,0.090248,0.104051,0.309210,0.129669,0.247610,0.280513,0.183178,0.151241,0.138828,0.031363,0.076199,0.148479,0.288526,0.119983,-0.252388,-0.001464,0.184163,0.274743,0.197249,0.105353,0.030239,0.026276,-0.214408,0.018676,0.077090,-0.086874,0.088975,0.264641,0.080599,0.041159,0.133917,0.120624,0.154522,0.081161,0.180960,0.211644,0.096335,0.216036,-0.059290,0.148232,-0.153414,0.270685,0.050017,0.260075,0.310194,0.209472,0.295531,0.061999,0.222865,0.081700,0.450574,0.183797,0.126471,0.083651,0.247971,0.355343,0.164384,0.469238,0.228967,0.124095,0.198708,0.471278,0.144307,0.028486,0.010527,-0.068620,0.172002,0.211342,-0.006991,0.193907,0.387717,0.216984,0.338401,-0.072553,0.087055,0.262404,0.226797,-0.034100,0.162471,0.099215,0.100771,0.041505,-0.140044,0.135643,0.173171,0.091843,0.240783,0.167088,0.192864,0.255534,0.298927,0.037697,0.124002,0.027335,0.172214,0.065692,0.340230,0.298702,0.268887,-0.014545,0.068155,0.333421,0.153998,0.308512,0.109910,0.120344,0.152508,0.308553,0.221532,0.273552,-0.144675,0.176892,0.153121,0.197054,-0.048921,0.126177,-0.004984,0.221735,0.103345,0.239731,0.119625,0.155948,0.211301,0.110493,0.128349,-0.144575,0.125700,0.093090,0.252645,0.197088,0.112055,0.223231,0.049854,0.114224,-0.072422,0.045842,0.185714,0.213819,0.055328,0.259787,0.156337,-0.002140,0.091415,0.282671,0.215985,0.174017,0.183829,0.341381,0.082250,0.458415,0.151032,0.172405,0.203385,-0.084463,0.397161,0.352248,-0.039424,-0.052839,-0.020609,0.113613,-0.061754,-0.136430,0.082606,0.234073,-0.229858,0.029293,0.268405,0.311596,0.168936,0.079116,0.155767,0.076635,0.088438,-0.022943,#
15,0.233694,0.082010,0.100192,-0.031395,0.162949,0.304056,-0.055257,-0.017517,0.168141,0.145900,0.201620,0.094256,-0.021684,0.111695,0.311158,1.000000,0.085445,0.145893,-0.044954,0.185721,0.095385,0.047760,0.088927,0.290119,-0.035741,0.062167,-0.064664,0.108755,0.162487,0.409378,0.181477,0.170446,0.086053,0.141819,0.017228,0.209211,0.171428,0.194755,0.281530,0.056638,-0.077906,0.038078,0.192141,0.120193,0.235532,0.197443,0.133166,0.271846,0.025829,0.110064,-0.145552,0.350157,-0.046696,0.000215,0.210229,-0.101105,0.262962,-0.145439,-0.027105,0.071341,0.327888,0.272763,0.192727,0.215953,0.010559,0.239669,-0.059851,0.070429,0.121962,-0.059640,0.234311,-0.024368,-0.011204,0.186394,0.021197,0.143468,0.108247,0.360412,0.111055,-0.017014,0.340128,0.171998,-0.078210,0.257850,0.237383,0.107533,0.046124,0.314601,0.055752,-0.139319,0.071695,-0.081448,0.224876,0.147935,-0.072954,0.116153,0.144391,0.074617,0.087399,0.028229,0.194072,0.023346,0.253758,0.170411,0.024379,0.241507,0.389303,0.175912,0.010904,0.246880,-0.228048,0.169157,0.157238,0.187121,-0.096625,0.021042,0.161271,0.216775,0.083927,0.120852,-0.015337,-0.042991,0.162077,0.068173,-0.114610,-0.001957,0.312431,0.022131,0.196434,0.383645,-0.126665,-0.132190,0.059585,0.198123,0.172000,-0.026037,-0.197507,-0.188990,0.015591,0.033769,-0.045311,-0.111983,0.006121,-0.000149,0.045006,-0.176539,0.125379,0.040998,0.013310,-0.092223,0.326313,-0.125854,0.385710,0.211826,0.024989,0.211288,0.209295,0.203691,0.058365,0.229783,0.032818,0.101963,0.358236,-0.114138,0.105785,0.045333,0.253629,0.275985,0.172981,0.012366,-0.097787,0.193303,-0.117083,0.310722,-0.098783,0.373209,0.054367,0.167439,0.258599,0.065785,0.192038,0.110043,0.101154,0.248613,0.108034,0.024557,-0.308203,0.192532,-0.008092,0.172513,-0.074831,0.159953,0.221259,0.210716,0.089838,0.168467,0.306436,0.239664,0.182092,0.246314,#
16,0.286963,0.126845,-0.084091,0.063682,0.309841,0.143622,0.210959,0.309810,0.212795,0.282688,0.189917,0.082501,0.346134,0.206341,0.162765,0.085445,1.000000,0.169460,-0.003460,0.278542,0.530606,0.328468,0.098132,0.202916,0.169208,0.203812,0.258790,-0.080550,0.059270,0.092158,0.141182,0.269222,0.377865,0.496951,0.091430,0.144932,0.318221,0.019332,0.484661,0.260114,0.034705,0.231684,0.156233,0.107368,0.166632,0.216556,0.120443,-0.049185,0.130545,0.172525,0.031549,0.123183,0.156744,0.317202,0.286202,0.125588,-0.174218,0.197720,0.293061,0.167445,0.071972,0.268247,0.188261,-0.015978,0.175284,0.301434,-0.071663,0.252956,0.377359,0.269016,0.249007,-0.057293,0.220396,0.245642,0.319779,0.178690,0.166526,0.270439,0.304882,0.303262,0.341056,0.097823,0.139013,0.133904,0.121203,0.178042,0.373857,0.133165,0.220911,0.219800,0.196867,0.066411,0.100353,0.038438,0.261163,0.242279,0.110876,0.294083,0.273966,0.212890,-0.014736,0.188340,0.193094,0.339067,0.143129,0.374171,0.122014,0.069115,0.316110,0.272449,0.301220,0.243870,0.280858,-0.050326,0.444142,0.375930,0.354675,0.023660,0.139102,0.137926,0.272869,0.343938,0.203800,0.260196,0.412938,0.429541,0.314001,0.035784,0.188780,0.202300,0.238435,0.141984,0.090013,0.156389,0.320960,0.155918,-0.068254,-0.204491,0.049363,0.131394,0.097212,0.191571,0.165034,0.209315,0.248661,0.104292,0.208519,0.075758,0.208794,0.412543,0.056002,0.031374,0.258019,0.115460,0.250883,0.324927,0.290557,0.190181,0.221650,0.447830,0.087475,0.342961,0.323934,0.126514,0.125727,0.348924,0.265351,0.243440,0.394040,-0.082513,0.337704,0.411111,0.263011,0.166122,0.106122,-0.076559,0.132441,0.339004,0.406316,-0.003348,-0.051471,0.089278,0.203993,0.121641,0.241536,0.476321,-0.045533,0.330944,0.156565,0.194413,0.147845,-0.012603,0.206878,0.202527,0.186246,0.191539,0.087864,0.015310,0.245184,0.043422,#
17,0.263902,0.034250,0.021983,-0.055610,0.025176,0.232668,0.140123,0.079535,0.060369,0.075126,-0.002094,0.183882,0.193360,0.164652,-0.062474,0.145893,0.169460,1.000000,-0.002798,0.191914,0.203585,-0.016373,0.175003,0.275701,0.387871,0.157460,0.108746,0.031905,-0.013734,0.098054,0.090950,0.030585,-0.088092,0.081345,0.134768,0.359019,0.021440,-0.057498,0.335919,0.077062,0.150693,0.300095,0.201844,0.056623,0.075604,0.087915,0.003952,0.354715,0.134999,0.235300,0.138362,0.080424,0.257038,0.007184,0.113878,0.189089,0.068525,-0.034891,0.239978,0.025090,0.083864,0.214930,-0.079345,-0.033629,0.027019,0.343320,0.080352,0.291909,-0.064647,-0.017709,0.181032,-0.001841,-0.115936,0.033205,0.031150,0.115915,0.098015,0.181841,0.242252,0.144891,0.275902,0.022881,0.005804,0.096289,-0.089519,0.136486,0.248183,0.024043,0.176462,0.039591,0.108683,0.024753,0.119820,0.090499,-0.035976,0.147658,0.192349,0.166808,-0.063201,0.071583,0.181024,-0.128888,0.089825,0.171085,-0.098645,0.063993,0.235038,0.189365,0.056451,0.173766,0.190935,0.309578,-0.237740,0.214422,0.249311,-0.081578,-0.059833,0.161319,-0.052962,0.130884,0.081929,0.102381,0.078031,0.090512,0.098897,0.368090,0.346308,-0.211693,0.105442,0.205613,0.351816,0.171012,0.158157,0.030529,-0.064530,0.321887,-0.149717,0.021937,0.275348,0.227442,0.051175,0.239307,0.388402,0.059916,0.167537,-0.124238,0.194377,0.154579,0.188804,-0.150118,0.117038,-0.173881,0.034182,0.008000,0.189865,0.314270,0.311471,0.119356,0.177711,0.016439,0.058859,0.143758,0.400288,0.009588,0.164941,0.210328,-0.071786,0.131698,0.142532,0.035555,0.403669,0.046609,0.055922,0.176097,0.159926,-0.059581,0.037803,0.179535,0.277334,0.355682,0.015920,0.248701,0.145042,0.245280,0.266859,0.073004,-0.032390,0.419815,0.059244,-0.066875,0.029580,0.066500,0.069416,0.185388,0.123533,0.350762,-0.088695,0.311797,-0.029372,0.065013,#
18,0.175059,0.101735,0.105573,0.355728,0.274431,-0.211160,0.143945,0.263896,0.145168,0.331626,-0.012617,0.281831,0.152241,0.241409,0.074761,-0.044954,-0.003460,-0.002798,1.000000,0.275901,0.061230,0.203584,0.259664,0.119783,0.152403,0.122129,-0.144514,0.173859,-0.023287,0.171635,-0.104596,0.102402,0.099794,0.229546,0.262132,0.182671,0.112212,0.200012,0.088425,0.069323,0.053379,-0.192077,0.008894,0.121811,0.336159,0.008100,0.308241,0.081174,-0.109300,-0.046516,-0.032128,0.031581,0.322073,0.095514,0.093271,0.124071,0.069168,0.237731,0.111049,0.231834,0.202160,0.036792,0.153824,-0.162015,0.256829,0.078953,0.014093,0.120547,-0.234820,0.121279,0.322007,0.008733,0.239830,0.253621,0.216827,0.045658,0.259138,0.140213,0.285027,0.170963,-0.089092,0.025694,0.188466,0.124980,0.188447,0.066007,0.097740,0.099497,0.019948,-0.000980,0.238959,0.052394,-0.028690,0.047291,0.342782,-0.077674,0.166019,0.135381,0.083065,0.236215,0.267605,0.201312,0.092669,0.166455,0.209926,0.308746,-0.034644,-0.035979,0.161006,0.028956,0.138147,0.014974,0.319923,0.296182,-0.049557,-0.026566,-0.037128,-0.019256,0.003847,0.146323,0.066305,0.257218,0.208720,-0.074714,0.139798,-0.016184,0.053269,0.087326,0.360533,0.075513,-0.088821,0.167233,0.048476,0.174642,0.171416,0.295643,0.124915,0.102980,-0.008467,-0.008752,-0.025338,0.253632,0.153092,0.236301,0.003433,0.283153,0.249978,-0.062230,0.127668,0.158711,0.002432,0.367700,0.187023,0.156219,-0.010331,0.215811,-0.023806,0.361700,0.230175,0.214847,0.112126,-0.027470,0.173277,0.098052,0.134669,0.320278,0.232099,0.017034,-0.017087,0.108383,0.100323,0.344959,0.262487,-0.006789,-0.051377,0.027142,0.061807,0.284759,-0.103056,0.259031,0.132462,0.155742,-0.062558,0.183512,-0.004956,0.098639,0.242210,-0.056647,0.106249,0.121558,0.279750,0.079913,-0.053871,0.343148,0.310121,0.138045,-0.045639,0.214450,0.151491,0.087826,#
19,0.337059,0.197125,0.217308,0.222031,0.455858,0.364284,0.147291,0.217409,0.255246,0.368181,0.103617,0.206543,0.312978,0.027056,0.079992,0.185721,0.278542,0.191914,0.275901,1.000000,0.102957,0.183626,0.262367,0.319578,0.191824,-0.067522,0.328596,-0.061202,0.145371,0.269588,0.217841,0.144956,0.174109,0.202000,0.048791,0.114374,0.218475,-0.006124,0.365669,0.315409,0.148074,-0.001709,0.116009,0.118696,0.199080,0.202218,0.372805,0.193974,0.291903,0.043160,-0.049278,0.099446,0.182229,0.246507,0.141748,0.041707,0.219455,0.027281,0.233053,0.114587,0.305302,0.394219,0.293875,0.076116,0.271291,0.262367,-0.119871,0.414380,0.038166,0.042008,0.352600,0.146369,0.336721,0.225543,0.214297,0.236072,0.188377,0.185379,0.402469,0.180013,0.179672,0.002711,0.123404,0.187628,0.095040,0.251955,0.141904,0.431060,0.211451,-0.081356,0.251181,0.099798,0.228911,0.023120,0.140136,0.136587,0.236991,0.230165,0.169622,0.232515,0.270900,0.264883,0.140320,0.244493,0.034126,0.315283,0.315643,0.261812,0.285401,0.012496,0.012638,0.209476,0.219585,0.235612,0.195017,0.114682,0.370068,0.113998,0.100687,-0.027966,-0.076620,0.288419,0.365650,0.117961,0.356209,0.205787,0.443771,0.150642,0.290182,0.256060,0.167383,0.227827,0.154413,0.210215,0.302104,0.210951,0.170112,0.067648,0.076901,0.120534,-0.036097,0.058075,0.145530,0.035252,0.217666,0.092940,0.201520,-0.023578,0.330788,0.285345,0.238482,0.249242,0.176349,0.094004,0.113582,0.370342,0.168396,0.443130,0.370099,0.429861,0.231067,0.285819,0.176872,0.001697,0.259184,0.386689,0.044981,0.182856,0.194140,0.129051,0.179329,0.313028,0.283633,0.331291,0.298419,0.209796,0.219066,0.455039,0.157050,0.241927,-0.009107,0.413473,0.100624,0.338770,0.475781,0.176410,0.094628,0.147216,0.306131,0.153470,0.185906,0.276592,0.109418,0.422452,0.054928,0.471489,0.003781,0.146058,0.238292,0.123903,#
20,0.126992,-0.128197,0.196056,0.098649,0.331191,0.171473,0.345948,0.127916,0.060503,0.324976,0.062364,0.076730,0.205325,0.163044,0.177683,0.095385,0.530606,0.203585,0.061230,0.102957,1.000000,0.107168,0.064035,0.187965,0.100242,0.154558,0.259277,-0.151214,0.109881,0.146568,0.107847,0.249263,0.295575,0.430717,0.215183,0.479419,0.263950,-0.011758,0.420929,0.205579,-0.038384,0.319748,-0.009182,0.131377,0.261580,0.134176,0.290323,-0.129332,-0.023684,0.173735,0.082112,0.087464,0.353972,0.306986,0.231631,0.142135,0.133867,0.214616,0.282904,0.251898,0.224690,0.099653,0.247629,-0.002197,0.240727,0.200782,0.038593,0.135532,0.152504,0.286234,0.347555,0.053538,0.078711,0.196441,0.274657,0.108550,0.160719,0.250082,0.148306,0.182937,0.209065,0.385852,0.144741,0.262720,-0.032053,0.093681,0.210051,0.157146,-0.008314,0.138694,0.312475,0.197729,0.173120,0.171818,0.368142,0.006532,0.173869,0.362989,0.377764,0.110446,0.027187,0.147847,0.275098,0.148506,0.124665,0.068857,0.261234,0.131175,0.045911,0.332107,0.222140,0.183496,0.086932,0.024926,0.440855,0.106625,0.288879,0.265088,0.129281,0.221732,0.367565,0.244945,0.246546,0.387066,0.120795,0.353490,0.375222,0.057106,0.387466,0.277344,0.376075,0.197522,0.242135,0.277433,0.219876,0.291144,-0.037568,-0.017934,0.273361,0.154434,-0.027951,0.355542,0.019996,0.089703,0.141550,0.108649,0.164122,0.029787,0.182326,0.391129,0.205192,0.103713,0.171336,0.275541,0.055349,0.192238,0.224322,0.113212,0.320434,0.269132,-0.066957,0.278058,0.241486,0.181464,0.219013,0.055947,0.035988,0.062543,0.351857,0.112985,0.415928,0.247912,0.290448,0.009179,0.059666,0.070012,-0.040496,0.238648,0.436858,0.166803,0.242663,0.111680,0.173353,0.190577,0.069835,0.199482,0.073205,0.292137,0.146267,0.135406,-0.117561,0.035773,0.215995,0.424483,0.074793,-0.117754,0.014336,0.053887,0.177691,0.142713,#
