0,1.000000,-0.082219,0.100915,0.078275,-0.147632,0.013423,0.033303,0.020080,0.018280,-0.149367,-0.044412,0.181723,0.224546,-0.362726,0.279391,0.002629,0.013517,0.013767,0.022405,0.059191,-0.330622,0.035034,-0.061813,-0.005842,0.008687,0.001976,0.198254,-0.029086,-0.180920,-0.054251,-0.034571,-0.104755,-0.204387,-0.249854,0.270144,0.037056,0.263041,-0.134124,-0.058442,-0.087776,-0.071706,-0.130840,0.125593,0.036618,0.023424,0.080519,0.011775,-0.094354,-0.168172,-0.136859,-0.002340,-0.135862,0.386651,0.060381,-0.190458,0.052718,0.045207,0.016931,-0.022334,-0.238156,0.259287,-0.177037,0.017966,0.108442,-0.057612,0.189904,-0.262151,0.264520,-0.184582,-0.037199,-0.108092,0.036949,-0.081063,0.104202,0.139448,-0.119771,-0.140331,-0.205373,-0.183921,-0.058952,0.187918,-0.008820,-0.173431,0.024093,-0.048225,0.319881,-0.095345,-0.223872,-0.266931,-0.216013,-0.060275,-0.045901,0.072021,0.020653,0.096822,0.231456,-0.214144,-0.015333,-0.062155,-0.060968,-0.219724,-0.048588,-0.437014,-0.054619,0.050021,-0.217903,-0.189678,0.032262,0.248618,-0.037671,0.159523,-0.096639,-0.013768,-0.063877,-0.026826,0.089770,-0.265986,-0.131332,0.044719,0.156562,0.129132,0.357988,-0.012155,-0.060275,-0.085101,-0.014166,0.123818,0.048190,-0.242116,0.006689,-0.244177,0.024767,-0.131697,-0.026334,0.030065,-0.222595,0.097840,0.052074,-0.180925,0.111987,-0.252862,0.158850,0.006662,0.350583,0.130482,0.060327,-0.048535,-0.081978,0.063934,-0.274531,0.033817,-0.195269,-0.068167,-0.105626,-0.027437,-0.079421,-0.143646,-0.070686,0.112240,0.134442,0.042993,0.246242,-0.245128,-0.026004,-0.050385,0.202117,0.233699,-0.020838,0.105147,0.063703,-0.002355,-0.024263,0.142210,0.114921,0.152310,0.015291,0.071839,-0.130983,0.115021,0.105789,-0.171413,0.168608,-0.065543,0.083234,0.128227,-0.000079,0.137372,0.161263,0.102305,0.232845,-0.136947,-0.028832,-0.065812,0.058243,-0.065915,-0.150723,-0.219759,-0.124300,-0.155275,0.081328,#
1,-0.082219,1.000000,-0.160762,0.074451,0.079024,0.116997,-0.105217,-0.056397,-0.099906,-0.073680,0.095492,-0.034616,0.242227,0.321155,-0.012694,-0.139877,0.100726,-0.255695,-0.057968,0.034267,0.183833,0.223567,0.363183,0.432841,-0.234984,0.226310,0.123586,-0.125131,-0.146931,0.006347,0.017958,-0.054444,0.131828,0.092292,0.126001,0.140385,0.071993,0.076444,0.046206,-0.018372,-0.051192,0.112741,-0.114054,-0.032182,0.045560,0.097216,0.051081,0.045431,0.220024,0.195861,0.112257,0.330450,0.090133,-0.100005,0.001373,0.199524,0.058892,-0.094115,0.134481,0.160379,-0.091259,0.189707,-0.232594,-0.003054,-0.086562,-0.052264,0.145668,0.186227,0.121393,0.241960,0.168176,0.154616,0.396602,-0.084736,0.064470,0.149106,0.186092,0.025175,-0.127213,-0.051217,0.136504,0.100508,0.214959,-0.008775,0.097529,0.177122,-0.033506,-0.124478,0.103921,0.117403,0.235667,0.113517,0.103314,-0.159413,-0.264582,-0.036616,0.120921,-0.029995,-0.111435,0.224048,-0.152450,0.372565,0.093014,0.237425,0.024762,-0.223425,-0.015634,0.162053,-0.128709,-0.110918,0.038126,0.107301,0.065338,-0.083358,0.003916,0.061997,0.403122,0.480535,0.067409,-0.110504,0.272225,0.224857,0.024472,0.087721,-0.045892,-0.041541,0.207791,0.087680,0.000900,0.106947,-0.097215,-0.150820,-0.071791,0.205272,-0.147747,-0.209711,-0.153319,0.051691,0.264851,-0.008261,0.103830,-0.020532,-0.276473,-0.106909,-0.097094,0.062331,0.184376,-0.013220,0.128393,0.061038,0.233623,-0.014351,-0.031613,-0.002338,0.156474,0.092958,0.258027,0.132462,0.073946,-0.015707,-0.046693,0.181595,0.045605,0.145195,0.163753,0.063215,-0.058961,0.435627,-0.067349,0.096612,0.064247,0.014157,0.139755,0.123743,0.172392,-0.016767,0.080321,0.013692,-0.089584,-0.385348,0.092868,-0.101157,0.126539,-0.172516,-0.191759,0.363866,-0.024808,0.016759,0.083181,0.144373,0.137015,0.030698,0.072032,0.045843,0.259830,0.071138,0.112882,0.086844,0.056849,0.048319,#
2,0.100915,-0.160762,1.000000,0.097776,0.051330,0.155428,-0.077769,0.140897,-0.068428,0.224666,-0.072511,-0.138029,-0.139127,-0.151481,0.073272,-0.184491,-0.051498,0.094865,-0.149159,0.102587,0.156320,0.078625,-0.105940,0.075224,0.022342,-0.164527,0.001088,0.126639,-0.217590,-0.005779,-0.129103,0.173466,0.299894,0.082915,0.100362,0.056944,0.151859,-0.158552,0.114383,0.156326,0.205651,0.186021,-0.157931,-0.007684,0.137596,0.308095,0.171321,-0.103171,-0.087899,0.308482,-0.025567,-0.173454,-0.091509,0.352133,0.136908,0.128986,0.054304,-0.039665,-0.098944,-0.031437,0.219328,-0.051934,0.016541,0.288102,-0.152317,0.035471,0.239278,-0.210895,0.077869,0.154061,0.347399,-0.127288,-0.018414,0.105208,-0.089554,-0.026431,0.222132,0.035982,0.068516,0.281513,-0.096960,0.214563,0.032731,0.044114,-0.137632,0.216913,0.291329,0.272159,0.273349,0.053684,0.340230,-0.028485,0.049931,-0.186671,0.330785,-0.063933,-0.046211,-0.020318,0.204907,-0.022140,-0.003947,-0.270282,-0.186803,0.115846,0.109287,0.298737,0.038021,-0.143749,0.303010,0.028805,0.137660,0.005572,0.212418,0.031759,0.043495,-0.141411,-0.110802,-0.095874,0.189623,-0.117196,0.135592,0.193367,0.000463,-0.027378,0.003741,0.122763,0.105572,0.098228,0.115627,0.077597,0.077006,0.119790,0.011453,0.373130,0.142090,-0.311860,-0.132869,-0.026739,-0.084090,0.147953,0.206767,0.003480,0.123060,-0.009495,0.056169,0.037116,-0.023531,0.053366,0.298672,-0.120284,0.153517,-0.122112,-0.011904,-0.059232,-0.201597,0.297965,0.104766,0.051824,-0.050315,0.003058,0.103565,-0.048436,0.115394,0.039686,-0.172401,-0.000421,0.124971,0.086053,0.012126,-0.026695,0.081813,-0.088920,0.042572,-0.116708,-0.112677,0.265877,0.273599,0.102328,0.197391,0.107965,-0.136961,0.205312,0.037607,0.228364,0.046257,0.230572,-0.055404,-0.013320,0.074260,0.028562,-0.118229,0.032832,0.018436,0.186289,0.053920,0.059688,0.134874,-0.058380,-0.273644,0.024241,#
3,0.078275,0.074451,0.097776,1.000000,0.154393,0.098577,0.042661,0.364708,-0.036744,0.054576,-0.133933,-0.065097,0.186688,-0.127689,0.017165,-0.082609,-0.117763,-0.084933,-0.190062,-0.076594,0.154523,0.249353,-0.009538,0.007742,0.026295,0.171053,0.086210,0.105599,0.083295,-0.055079,-0.091310,0.054501,0.021031,0.234852,0.132973,-0.007172,-0.165541,-0.102155,0.004714,0.105523,0.171360,0.224692,-0.093741,-0.139252,0.252665,0.013604,0.053335,0.308607,0.263945,0.052876,0.041342,-0.069952,0.153561,0.186649,0.289998,0.001555,-0.253013,-0.110851,0.411598,0.010631,0.149490,0.156389,-0.084227,0.059007,0.083471,0.238101,0.006537,-0.159367,-0.005704,0.154231,-0.059260,0.318993,0.313480,0.323641,-0.049272,-0.160974,0.075828,-0.000323,0.151088,0.000322,0.045755,0.145718,-0.102355,0.224692,-0.028630,0.082155,0.016319,0.124159,-0.101216,0.034830,-0.108520,0.141658,0.166280,0.039443,0.304091,0.152360,0.090538,-0.093654,-0.152522,0.150681,0.046780,-0.077431,-0.161650,0.148160,0.106357,0.138949,0.163465,0.464074,-0.038273,0.031292,-0.220503,0.249822,0.156496,0.075612,0.036549,-0.118874,0.158101,0.098254,-0.044334,-0.012852,-0.198250,0.251860,-0.210619,0.117417,0.014253,0.112882,0.199753,0.154313,-0.182918,0.068218,0.044694,0.090025,-0.099619,0.317466,0.200337,-0.041082,0.139992,0.027218,0.043008,0.025473,0.090418,-0.000786,-0.094316,0.176658,-0.080631,0.241463,-0.015565,-0.156754,0.065449,-0.187426,-0.039923,0.028142,0.239868,-0.210304,-0.016877,-0.025537,0.311057,0.110808,0.121407,0.287985,0.243452,0.191698,-0.072666,0.425865,0.080588,0.157064,-0.070263,-0.004117,0.048560,0.091114,0.397527,-0.028144,-0.049625,-0.087462,-0.084965,0.197129,-0.001224,-0.095410,0.130807,-0.273738,-0.008993,0.090786,0.007815,0.140425,-0.011697,0.096116,-0.141564,0.050552,0.405535,0.169176,-0.148739,0.031223,0.230702,0.018975,0.140901,0.223723,0.305652,0.165963,0.040664,0.064578,#
4,-0.147632,0.079024,0.051330,0.154393,1.000000,0.071034,0.258898,0.034233,-0.011207,-0.007337,0.281427,0.058467,-0.033086,-0.293506,-0.038228,0.125581,-0.230000,-0.185848,-0.143347,0.014109,0.141913,0.314558,0.135236,0.066011,-0.074196,-0.171405,0.035705,-0.070308,0.249784,0.037514,0.133146,-0.036888,0.193125,0.107142,0.088956,0.176561,-0.183296,-0.132740,0.059634,0.154769,-0.041408,0.163197,0.123655,0.209004,0.186423,-0.178773,0.221426,-0.027201,-0.160983,-0.064902,0.121559,0.251354,-0.051304,-0.217724,0.065134,0.082170,-0.145319,-0.030835,0.219628,-0.082623,0.016227,0.176654,0.074910,0.065820,0.081361,0.268061,0.162509,-0.245577,-0.016516,0.125115,0.196515,0.035666,0.029571,-0.231680,0.007806,0.343177,0.173302,0.037867,0.177336,0.075844,-0.206361,0.230848,0.014470,-0.168172,0.139839,-0.036155,0.098640,0.018807,0.110199,0.168111,-0.019541,-0.107067,-0.081148,-0.026170,0.075150,0.095731,0.255215,0.134723,-0.098113,0.022842,0.068530,0.052434,-0.132313,0.135080,0.059462,-0.186927,0.241073,-0.007251,-0.082439,0.197268,0.037096,0.052420,0.276702,0.285363,-0.003400,0.152322,-0.114177,0.518478,-0.112771,0.242308,0.326574,0.001799,-0.022197,0.201181,0.094289,0.066229,0.273370,-0.049447,0.262226,0.280933,0.256272,0.104225,-0.050738,0.024926,0.075660,-0.029287,-0.019096,0.070840,0.154065,0.128423,-0.078578,0.189911,-0.149018,0.126848,-0.111807,0.333943,0.180284,-0.108776,-0.087628,0.110077,-0.123301,0.173169,-0.038161,-0.045255,0.179027,-0.098607,0.171568,0.315779,0.119629,0.085171,-0.220056,0.208884,0.028777,0.196593,0.040306,-0.033347,0.206195,0.179201,-0.220489,0.135476,0.143200,-0.051339,0.041791,-0.221107,0.110562,0.135020,-0.024080,0.147475,-0.029459,-0.002485,0.237266,-0.010762,0.177457,0.025578,0.140600,0.228792,0.010801,0.070564,-0.073487,0.055224,0.026786,0.126265,0.210835,-0.064625,0.286806,-0.328809,-0.005923,-0.013200,0.069456,0.229883,#
5,0.013423,0.116997,0.155428,0.098577,0.071034,1.000000,-0.151099,0.143569,-0.063087,-0.043513,-0.088686,-0.065557,0.177349,-0.074543,0.067563,-0.156062,0.012443,-0.108598,0.073120,0.281031,0.039823,-0.159684,-0.149857,0.142152,0.047568,0.211883,0.031382,0.170665,-0.215844,0.242667,0.054625,0.236062,0.097200,0.354800,0.012241,0.163344,0.139166,-0.356417,0.072875,0.090681,-0.141411,0.188149,-0.114500,0.123812,0.179352,0.115367,0.015045,0.275833,0.028755,0.075188,0.207696,-0.151515,0.092429,0.070551,0.125288,0.395696,-0.000348,-0.119754,0.108650,0.057798,-0.126300,-0.059284,0.042959,0.289333,-0.026883,-0.182865,-0.116440,-0.037466,0.113065,0.291491,0.271235,0.088000,0.190464,0.061824,0.160751,-0.171757,-0.145875,0.324054,0.155217,0.029007,0.033130,0.278343,0.125532,-0.047312,-0.074488,0.041997,-0.035068,-0.036721,0.205315,0.103869,0.072702,-0.183669,0.070609,0.057923,-0.058076,-0.384991,0.161000,0.119931,0.166920,-0.240148,0.075044,0.132038,0.104401,0.146775,-0.038267,0.124907,0.153213,0.143618,-0.116986,0.053123,0.064049,0.056854,0.032539,-0.046325,-0.089664,-0.085954,0.232923,0.361537,0.117266,-0.100372,0.028132,0.131366,0.047405,0.241782,0.110039,0.000278,0.386592,-0.059167,0.075938,-0.071268,-0.058858,0.174883,0.108915,0.262686,0.127677,-0.130399,-0.314905,0.327145,-0.170711,-0.131528,-0.076689,-0.078462,0.120510,0.040979,0.297668,-0.044051,-0.060616,-0.064477,-0.000426,0.131611,0.287017,0.036432,0.245678,0.000279,0.072919,-0.024956,0.280630,0.127952,0.039273,0.109425,0.042760,0.217265,-0.076009,0.140589,0.277219,-0.240426,-0.183511,0.189071,-0.022453,-0.174800,0.220079,0.024710,0.089633,-0.068749,-0.271993,0.198962,0.228617,0.235509,0.125804,0.107894,-0.028574,-0.000165,-0.195949,0.124673,-0.052804,0.128761,-0.227682,0.070115,0.420056,0.254535,0.000210,0.215667,0.075476,0.293170,0.205107,0.249092,-0.076512,0.227927,-0.014821,0.158000,#
6,0.033303,-0.105217,-0.077769,0.042661,0.258898,-0.151099,1.000000,-0.158516,0.173316,0.198917,0.125650,0.065907,-0.000662,-0.141077,-0.147016,0.379186,0.107097,0.106112,-0.067006,0.128482,0.069212,0.082830,-0.002211,-0.078836,0.252558,0.074413,-0.152216,0.068152,0.124427,0.095082,0.125320,0.216209,0.156619,0.073802,-0.029843,0.162690,0.055382,0.290609,-0.050210,0.074024,0.091629,-0.169266,0.405508,0.168653,-0.121277,-0.161651,0.040163,0.172618,0.055699,0.061566,0.002345,0.147999,0.152381,-0.022363,-0.009556,-0.113584,-0.128201,0.035045,0.080698,-0.167559,0.311143,0.175754,-0.006009,0.110854,0.300342,0.233413,0.273650,0.258164,0.076044,0.121125,0.203306,0.303000,-0.065491,-0.107767,-0.093835,0.414590,0.310564,0.032455,0.267190,0.061045,0.037807,0.145610,-0.189507,0.106650,0.224930,-0.108106,0.274465,0.123900,-0.071313,-0.029567,-0.153986,0.224807,0.066891,0.012128,0.125762,0.056326,0.143289,0.171815,0.019630,-0.053242,0.042471,0.167542,0.118187,0.004080,0.130326,-0.119411,-0.005712,0.110594,0.060506,0.006484,0.023774,-0.125869,-0.072545,0.366636,-0.040340,-0.009533,-0.185579,0.114055,0.023325,0.266855,-0.011289,-0.085942,-0.132988,0.046654,0.023556,0.081964,-0.175017,-0.119708,0.199246,0.020908,0.184787,0.061636,0.065311,0.036288,0.044787,0.001261,0.048352,0.029633,0.009575,0.321112,0.119569,-0.003024,-0.393922,-0.005176,0.055286,0.074519,-0.002969,0.229147,-0.031822,-0.123615,-0.027500,0.132316,-0.060246,-0.011980,-0.030809,-0.014809,0.092449,-0.169211,0.061289,0.233205,-0.054150,0.085869,-0.131096,0.118734,-0.021246,0.116567,0.149955,-0.001102,0.148822,-0.000403,-0.069944,0.184741,-0.246456,-0.055459,0.062610,0.109825,-0.034779,0.376223,-0.135996,0.120622,0.059463,0.309336,-0.033204,0.267433,0.131527,0.035196,0.108666,-0.185243,0.040427,0.066386,-0.069070,0.186084,0.039975,-0.067858,0.028239,0.120763,0.116073,-0.121751,0.098885,0.136695,#
7,0.020080,-0.056397,0.140897,0.364708,0.034233,0.143569,-0.158516,1.000000,-0.025465,-0.179769,-0.139930,-0.257969,0.264314,0.021429,0.216861,0.019906,0.087045,0.141587,-0.031416,0.109693,0.040692,0.004336,-0.056183,-0.063330,0.221674,0.056233,0.057516,-0.025423,-0.112002,0.264524,0.040663,-0.045433,0.083330,0.034319,0.126661,0.085823,-0.109688,0.158238,0.149286,0.006009,0.083676,0.301221,-0.141499,0.136057,0.162838,0.353743,0.150128,0.211818,0.269861,0.009740,0.039146,-0.025403,-0.017742,0.034610,0.238431,0.078120,0.135714,-0.284544,0.338453,0.258438,-0.081012,0.187886,0.117425,0.042916,0.066539,0.094788,0.109004,-0.134272,-0.098881,0.022787,0.134550,-0.008339,0.191332,0.181841,-0.029150,0.059410,-0.011177,0.049586,-0.161482,-0.055078,0.388681,0.057474,0.147188,0.186069,-0.062445,0.173881,0.115917,0.083002,0.093611,0.242338,-0.102252,0.035103,0.327532,-0.001011,0.312947,0.185935,-0.039694,0.232757,0.248237,0.076905,0.180379,-0.086150,-0.209959,-0.074547,0.175276,-0.063909,0.062114,0.225476,0.180118,-0.002162,0.171613,0.154757,0.325788,0.029334,0.260397,-0.067116,0.059532,0.067894,0.256414,0.056770,0.199609,0.090553,0.186628,-0.026134,-0.077781,0.221845,0.126077,0.095884,0.022629,0.070341,0.006681,0.104838,-0.004219,0.091609,0.012490,0.100370,0.090897,0.292702,-0.024473,-0.041001,-0.045603,0.016359,0.212328,0.118219,0.106238,0.172133,0.151102,-0.134824,-0.020085,-0.151537,0.013710,0.279696,0.051260,-0.380816,-0.008156,0.138202,0.265562,0.203821,0.056618,0.076434,0.008212,0.013571,0.326587,0.198928,0.204766,0.015173,-0.044843,-0.115578,-0.214958,0.087795,0.227354,-0.159700,0.154068,0.039838,-0.023590,0.222962,0.077278,-0.298179,0.115954,-0.016619,0.020864,0.163848,-0.069284,0.242319,0.012730,-0.046126,0.144225,0.042377,0.299597,0.187227,-0.101918,-0.076965,0.147061,0.161105,0.193874,0.021451,0.308011,0.309391,0.118942,0.168173,#
8,0.018280,-0.099906,-0.068428,-0.036744,-0.011207,-0.063087,0.173316,-0.025465,1.000000,0.058922,0.077953,0.051755,0.070506,0.184214,0.133589,0.162523,-0.021550,-0.024334,-0.359457,0.127732,0.168068,-0.040801,-0.179385,0.110462,0.320860,0.057358,0.041086,-0.380348,0.190165,-0.022641,0.143420,0.122739,0.032579,-0.129736,0.067752,0.360902,0.096545,0.064918,-0.199452,0.048672,-0.010260,-0.102038,0.405798,0.107702,-0.039092,-0.045764,-0.018410,-0.098458,0.053899,-0.124091,0.261819,0.083014,0.034427,0.051604,-0.049034,0.151439,0.057307,-0.000433,-0.105756,-0.145097,0.169827,0.050093,0.377693,0.162674,0.389565,0.239613,0.044826,0.160898,0.431740,-0.054082,0.196034,0.296708,0.024790,0.014253,-0.009765,-0.030185,0.035834,0.150958,0.321359,-0.159564,0.147586,0.205613,-0.157669,-0.159240,0.172206,0.044323,0.091590,0.105582,-0.149707,-0.032263,-0.031918,-0.033567,-0.187791,0.043612,-0.127862,-0.044713,0.325245,0.352560,0.291655,0.286510,0.039848,-0.286029,0.152897,0.301861,-0.170388,0.177205,0.012223,-0.123348,-0.059406,0.226604,-0.157622,0.177034,-0.002232,0.124018,-0.156585,0.034995,0.167261,0.028531,-0.118229,0.158676,-0.139220,0.029360,0.004857,0.216502,0.122137,0.252677,-0.026472,-0.146290,0.116531,0.098930,-0.020044,0.160036,0.101728,-0.009662,-0.082242,0.259208,0.031858,0.113959,0.119102,0.110425,-0.136840,-0.057345,0.130063,-0.286296,-0.011430,0.001734,-0.105097,0.305071,0.094765,-0.095973,-0.049113,0.361890,-0.195639,0.152155,0.201348,-0.271653,0.145818,0.241686,0.382756,-0.028853,-0.095076,-0.239992,-0.081520,-0.060422,-0.212541,0.020069,0.132280,0.161574,0.231685,-0.251575,-0.017587,0.186854,-0.223755,0.058987,0.140804,0.143945,0.232966,0.044853,0.112216,0.115874,0.132783,-0.116203,0.169667,-0.005406,0.187301,-0.084464,0.254593,0.157629,0.095517,0.088551,0.160014,0.060582,0.302923,0.139504,0.168322,-0.075074,-0.234167,0.078542,0.061612,0.162257,#
9,-0.149367,-0.073680,0.224666,0.054576,-0.007337,-0.043513,0.198917,-0.179769,0.058922,1.000000,0.028331,-0.254802,-0.059837,-0.047033,0.033765,0.085835,-0.067602,-0.127676,-0.192804,-0.151639,-0.008477,-0.073481,-0.275242,-0.007140,0.052193,-0.304178,0.098821,0.019949,-0.068091,-0.326041,-0.094311,0.287549,0.000542,0.039757,-0.283690,0.025786,-0.123002,-0.191553,-0.099983,0.056901,0.017755,-0.088484,-0.194789,0.035554,0.041223,-0.063543,-0.037170,-0.204671,0.018400,0.123370,0.111297,0.033952,-0.094740,-0.079912,-0.236162,-0.080510,0.123963,0.093561,-0.257541,-0.081074,0.063079,0.140003,-0.149050,-0.153364,-0.203947,-0.000087,0.146084,-0.031379,0.141961,0.230641,0.095629,0.110083,0.119369,0.015582,-0.329311,-0.041367,0.210850,0.020725,0.009114,0.234986,0.020836,0.087753,-0.117779,0.060133,-0.018567,-0.062269,0.199950,0.317602,-0.016552,0.090185,0.076176,0.014481,0.026401,-0.200225,0.109510,-0.182922,0.023351,-0.165945,-0.047652,0.124480,-0.028019,0.007815,0.182345,0.014381,-0.031740,0.149551,-0.152373,-0.008800,0.174731,-0.034253,-0.170846,0.199688,-0.051583,0.144990,-0.104319,-0.036590,0.043157,0.009025,-0.087783,-0.126085,-0.182489,0.057626,-0.125207,0.143242,0.146136,0.035845,-0.080950,0.000415,-0.037692,-0.015001,0.014393,0.109696,-0.196876,0.082281,0.097973,-0.136433,0.099209,-0.053821,-0.041604,0.000519,0.408746,0.320218,-0.007664,0.178614,0.024113,0.238484,-0.018357,0.249658,0.144419,0.015183,-0.156069,-0.045457,0.216201,-0.160658,-0.063310,0.071856,0.015113,-0.016047,0.040645,0.172388,0.062229,0.014792,0.028517,-0.079718,-0.166163,0.159346,0.020232,0.165768,0.133786,-0.070898,-0.094830,-0.030599,-0.280165,-0.241302,0.018482,0.016282,0.244990,0.190150,-0.158386,-0.059427,-0.018154,0.048593,-0.015627,-0.078470,-0.000519,0.007248,0.038315,-0.071011,0.123577,0.042666,-0.310993,-0.222043,0.031423,-0.024935,-0.128765,-0.022908,0.167361,-0.020839,-0.238313,-0.108297,#
10,-0.044412,0.095492,-0.072511,-0.133933,0.281427,-0.088686,0.125650,-0.139930,0.077953,0.028331,1.000000,0.200659,-0.014052,0.041520,-0.073528,0.095394,0.082082,-0.149109,0.007781,0.147058,0.006964,0.019083,-0.114403,0.227216,0.060104,0.015535,0.005030,-0.003692,-0.128500,0.090605,0.117350,-0.204917,0.089164,0.128307,0.048084,-0.033828,0.245425,0.062372,-0.079514,-0.122773,0.174693,-0.098697,0.059854,-0.133095,0.028971,-0.064822,0.339673,0.066519,-0.028016,0.243826,-0.092048,0.240651,0.082215,-0.191619,0.089290,0.323051,0.064369,0.229106,-0.189242,-0.019638,-0.055768,0.112616,0.176148,0.219390,0.091148,-0.104374,0.216324,0.151205,0.136528,-0.043648,0.333686,0.283165,0.016493,-0.197028,-0.037757,0.240254,-0.224365,-0.139990,0.122638,-0.118705,-0.020591,0.013464,0.060936,-0.245658,0.005342,0.094289,0.120399,-0.000189,0.077088,0.253866,0.003045,0.055827,0.068618,-0.195337,-0.271137,-0.075218,0.025126,0.303335,-0.052517,-0.118974,-0.049617,-0.154649,0.059319,0.022947,-0.009107,-0.124231,0.164483,-0.027071,-0.097713,0.022104,-0.033090,-0.094384,0.137853,0.224714,0.004387,-0.003490,-0.061776,0.150207,0.086988,-0.024134,0.095710,0.096691,0.075320,0.055097,-0.088060,0.236964,0.050639,0.023749,0.237969,0.044377,0.003175,0.185484,-0.142304,-0.022313,0.131126,0.322369,-0.051710,0.136791,0.181812,0.003446,-0.027809,0.076519,-0.022091,0.047315,-0.118055,0.366844,0.309381,0.091151,0.002991,0.182098,-0.138585,-0.023482,-0.064404,0.123167,0.163226,-0.180369,0.240387,-0.068899,0.160468,-0.164261,-0.051048,0.069195,-0.002978,-0.008350,-0.042304,0.162231,0.054351,0.105219,0.063204,0.213982,-0.148723,0.117694,-0.125859,0.005185,0.284816,0.089076,-0.088141,-0.020965,-0.173295,0.094451,-0.125040,-0.064978,0.068882,0.029827,-0.255760,0.136364,0.293236,0.074581,-0.220079,-0.041343,-0.012736,-0.195288,0.009158,0.161279,0.182753,-0.205370,-0.037098,-0.001571,0.043933,0.249524,#
11,0.181723,-0.034616,-0.138029,-0.065097,0.058467,-0.065557,0.065907,-0.257969,0.051755,-0.254802,0.200659,1.000000,-0.023420,-0.092972,0.117342,-0.037207,0.035101,0.057025,0.209801,0.124008,-0.040973,-0.135977,0.143908,0.041281,0.203900,-0.037199,-0.129489,-0.028257,0.071859,0.034602,0.214948,0.215222,0.066016,0.004671,-0.056013,0.010297,0.121131,0.065782,-0.136152,0.038234,0.142543,-0.269281,0.247793,-0.052563,-0.101784,-0.281465,0.091993,0.201449,-0.122048,-0.044375,-0.145656,0.080502,0.413024,-0.049477,0.038173,0.046255,-0.149555,0.353090,0.072016,0.157708,0.009741,-0.142607,0.279459,0.109891,0.083961,-0.018380,-0.167667,-0.031021,0.223419,-0.132200,-0.080053,-0.143342,-0.195385,0.016057,0.264836,0.066870,-0.140550,0.137470,0.071922,-0.240054,-0.242446,0.042533,-0.096546,-0.171092,0.310544,-0.103229,-0.094870,-0.103658,-0.063151,-0.106982,-0.114389,-0.012112,-0.054986,-0.090761,-0.185030,0.218461,-0.068544,0.164919,-0.226847,-0.006338,-0.164259,-0.075963,0.073919,0.159458,-0.170581,0.060452,0.196958,-0.023795,0.106942,-0.243013,0.067411,0.129187,-0.001009,-0.069007,-0.112195,-0.050222,-0.036656,0.043045,-0.100306,0.267573,-0.013822,-0.126893,-0.088005,0.040105,-0.017422,0.092401,0.044097,0.171975,0.071916,0.240573,0.060931,0.033598,0.283944,0.011191,0.029593,0.092229,0.058251,0.152133,0.114529,0.432506,-0.296844,-0.130888,0.130096,0.013031,-0.076483,-0.055348,0.199395,-0.033632,0.097159,-0.100995,0.028471,0.006525,-0.086518,0.243435,0.259441,-0.106237,-0.030078,-0.018796,-0.113131,-0.096450,0.291364,0.094969,-0.121624,-0.036787,-0.001564,0.196274,0.265713,-0.094024,0.163497,0.146912,0.213865,0.172679,0.098071,0.202939,0.005888,0.014857,0.167656,-0.002252,-0.039075,0.040387,-0.082028,-0.289982,0.115994,0.115771,0.161566,0.060586,0.275072,0.169969,-0.151365,-0.272266,0.116211,0.084156,0.075557,0.087211,-0.000335,-0.085351,-0.086252,-0.083895,-0.077060,-0.143869,#
12,0.224546,0.242227,-0.139127,0.186688,-0.033086,0.177349,-0.000662,0.264314,0.070506,-0.059837,-0.014052,-0.023420,1.000000,-0.042421,0.137383,0.031943,0.018804,-0.079094,0.084380,-0.133418,0.108845,-0.023636,-0.013765,0.073255,0.129182,0.264357,-0.062186,-0.121979,-0.068606,0.078984,0.152818,-0.082047,0.018729,-0.001663,0.235229,-0.030962,-0.089021,-0.001738,-0.080174,0.027029,-0.131627,-0.154025,-0.039442,0.037663,0.135894,0.053224,0.204742,0.256743,0.339694,0.153175,-0.026121,-0.112070,0.000900,0.060973,-0.094620,0.225915,0.125122,-0.263019,0.331726,-0.084986,-0.139018,-0.059794,0.036955,-0.111960,-0.048652,-0.033084,-0.093879,0.241322,0.164729,0.015987,-0.021535,0.197182,0.128886,0.025376,-0.021239,0.162589,-0.007339,-0.028190,0.056889,-0.159505,0.198603,0.119016,0.146067,-0.179995,-0.093193,0.107144,0.136717,0.123040,-0.140366,0.093204,0.023944,-0.081617,0.106230,0.187838,-0.069059,-0.050793,-0.009232,-0.062973,-0.301219,-0.102433,-0.053046,-0.005341,-0.079946,-0.054238,-0.108440,0.027770,-0.044460,0.260726,0.128208,0.018919,0.062919,0.089874,0.240159,-0.005197,0.076859,-0.046607,-0.174689,0.090818,-0.133358,-0.117502,0.037787,0.319900,-0.043964,0.015851,0.014844,0.284825,0.149554,-0.045832,-0.292520,0.043004,-0.348060,-0.062298,-0.057240,-0.084521,-0.218333,-0.114691,-0.127990,0.166304,0.015578,-0.142442,-0.139352,-0.116632,0.098206,0.108540,-0.121124,0.286222,0.139390,-0.028515,-0.110876,-0.153950,0.162106,-0.112807,0.208353,-0.201077,0.183741,0.021219,0.048859,0.128961,0.258151,-0.200420,-0.080795,0.183671,-0.023751,0.001548,0.010972,0.143691,-0.047383,0.143748,0.192231,-0.123744,0.288012,-0.143995,-0.002237,0.121652,0.022146,0.155175,0.132390,-0.091702,-0.377644,-0.077015,-0.015707,0.161900,-0.127584,0.022107,-0.089380,-0.022463,0.246929,0.123187,0.370138,0.153542,-0.049318,0.014010,-0.127612,-0.080250,0.040486,-0.003089,-0.081448,0.135960,0.079922,0.132330,#
13,-0.362726,0.321155,-0.151481,-0.127689,-0.293506,-0.074543,-0.141077,0.021429,0.184214,-0.047033,0.041520,-0.092972,-0.042421,1.000000,-0.093533,-0.027220,-0.071049,0.086574,0.111368,-0.008170,0.067704,0.011389,0.240995,0.093840,0.064650,0.334058,-0.008015,-0.152510,0.004202,0.168387,-0.148424,0.105589,0.051793,0.192438,-0.144192,0.211104,-0.025889,0.144733,-0.291682,0.106236,0.037721,0.072352,0.235495,-0.188957,-0.101797,0.058545,-0.133884,0.247327,0.166806,0.244854,0.085682,0.043302,0.015763,0.012616,0.169322,0.191432,0.176192,-0.000204,-0.116378,0.145882,-0.119394,-0.008448,0.026770,-0.164801,0.172098,-0.133694,0.158219,0.215206,0.233521,0.115087,0.129234,-0.041979,0.282324,-0.051011,-0.041719,-0.059660,0.122504,-0.031387,0.007397,-0.191654,-0.014149,0.149294,0.139262,0.086960,0.011975,0.261319,-0.092385,-0.008217,0.126187,-0.048576,0.010983,0.057264,0.115784,-0.035514,-0.119424,-0.115500,0.195383,0.114987,0.118276,0.159839,-0.077869,0.028715,0.315405,-0.058953,-0.004092,0.174317,-0.032338,0.174224,-0.420358,0.055296,0.036009,0.011542,-0.132599,-0.020128,-0.063424,-0.161464,0.037872,0.030519,0.154115,-0.240924,0.041387,-0.120174,0.103224,-0.291308,-0.062448,-0.047461,0.031918,0.063680,0.087257,0.061877,-0.094545,-0.274561,0.060052,0.095227,-0.038566,0.079264,-0.000753,-0.001075,0.319140,0.047043,0.126086,-0.177552,0.055967,-0.434476,-0.131916,-0.042790,-0.042926,0.165809,0.111827,-0.091452,0.077080,0.108516,-0.070909,0.123769,0.107753,-0.041779,0.084256,-0.301032,0.062512,-0.060445,0.168091,-0.077526,0.304744,-0.071041,-0.041022,-0.074040,-0.008646,0.108299,-0.005881,0.025012,0.067993,0.045981,-0.035038,0.255417,0.060814,0.050749,0.041320,-0.121565,0.017059,-0.014397,-0.035917,-0.080915,0.111259,-0.183523,-0.233319,0.049892,0.016614,-0.135375,-0.050515,0.150725,0.280657,0.054642,0.068276,0.048810,-0.078534,0.187860,-0.024126,0.169413,0.087194,-0.039787,#
14,0.279391,-0.012694,0.073272,0.017165,-0.038228,0.067563,-0.147016,0.216861,0.133589,0.033765,-0.073528,0.117342,0.137383,-0.093533,1.000000,-0.029791,0.065920,0.018309,-0.024973,-0.013688,-0.127090,-0.015223,0.152403,0.177477,0.065903,-0.026235,0.148562,-0.303031,-0.004876,0.137418,0.340723,-0.186061,-0.020109,-0.174205,0.321852,0.282821,-0.171638,-0.059264,0.137028,0.108860,0.093260,-0.131822,-0.074473,-0.001861,0.151631,0.091445,-0.050675,-0.051391,0.157389,0.022348,-0.066522,0.257039,0.051345,-0.056518,0.036236,0.098183,-0.009443,-0.209624,0.063387,-0.109006,-0.013192,-0.128470,0.180454,0.171344,-0.115497,0.075871,-0.206667,-0.128961,0.171190,0.041247,0.188301,-0.070502,0.284917,0.331972,0.086679,0.000068,-0.023295,0.095017,-0.142325,0.029770,-0.008108,0.011452,0.103743,-0.124585,0.191347,0.065740,-0.166663,-0.144380,-0.034050,-0.003608,0.095855,-0.196518,0.154292,0.370142,0.020698,0.123946,-0.230294,0.044168,-0.128361,0.089559,-0.231089,-0.161196,0.060299,0.013689,0.151358,-0.040827,-0.042439,-0.117588,0.204267,0.154443,0.036161,0.212666,0.169589,0.068587,-0.325687,0.014855,-0.041224,-0.089470,0.030782,0.219324,0.038727,0.023658,0.076741,0.143869,0.087823,-0.040073,0.095478,0.067430,-0.191949,0.050261,-0.263868,0.195160,-0.169599,-0.020450,0.130987,-0.066237,0.223967,0.143886,0.094473,0.093777,-0.180440,0.152797,0.110342,0.077153,-0.043409,0.080449,0.060786,-0.018537,0.024719,-0.149258,0.227726,0.117023,0.198407,0.078297,0.003814,0.093714,0.102518,0.031426,-0.232289,-0.024290,0.128836,-0.098743,0.134101,-0.250656,0.381225,0.182378,0.034183,-0.045883,-0.014202,0.009093,0.110052,-0.276467,0.162161,-0.099376,0.138388,0.092791,0.110695,-0.204689,0.060256,0.053416,0.060602,-0.105270,-0.186621,0.016609,0.121443,0.119523,0.208243,0.193911,0.171259,-0.042958,0.059225,0.112033,0.193237,0.168712,-0.027194,-0.200210,0.004624,0.169900,-0.213084,-0.088794,#
15,0.002629,-0.139877,-0.184491,-0.082609,0.125581,-0.156062,0.379186,0.019906,0.162523,0.085835,0.095394,-0.037207,0.031943,-0.027220,-0.029791,1.000000,-0.055838,0.104533,0.029870,0.024944,-0.091680,0.126738,0.111225,0.104700,0.102392,0.073497,-0.284831,-0.001989,0.093169,-0.114372,0.119758,0.156508,-0.007700,0.255390,-0.125869,0.034250,0.007118,0.329381,-0.198958,-0.136768,-0.085292,-0.127767,0.217462,0.147588,-0.065972,0.009495,-0.026559,-0.122081,0.005195,0.032963,0.002585,0.152325,0.000124,0.141931,0.059051,0.037869,0.147915,-0.075049,0.064801,0.113573,0.258261,0.247109,0.101577,0.028465,0.188744,-0.081563,0.107869,0.168514,0.026308,0.085170,0.005874,0.052853,-0.023582,0.140729,0.032360,0.221975,-0.027061,-0.071385,0.191902,-0.120826,-0.120704,0.062759,-0.044139,0.143525,0.141806,-0.142058,-0.241204,0.020806,0.012757,-0.185954,-0.079713,0.253044,0.168025,0.123544,-0.141919,0.113895,0.050196,0.253895,0.153189,0.250153,-0.052627,0.044416,0.056913,0.074003,0.082170,-0.020851,-0.212133,0.060532,-0.134855,0.094730,0.008819,-0.098438,0.084300,0.159350,0.143334,-0.115353,-0.244186,-0.068896,-0.041209,0.410628,-0.034564,0.068418,-0.007488,0.186524,-0.049007,0.108390,-0.116571,-0.066406,-0.048299,0.248070,0.218753,-0.060887,-0.157806,-0.232756,0.102713,0.385390,0.262130,-0.028569,-0.240075,0.128935,-0.059952,-0.056414,-0.071238,0.063975,0.078455,0.026982,-0.152818,0.064801,0.042809,-0.056008,0.089906,0.329112,0.080775,0.096358,-0.026534,-0.018688,0.051570,-0.199450,0.170269,0.294655,-0.057374,0.020432,0.089035,0.118367,-0.023443,-0.102946,-0.014015,-0.186235,0.124366,0.113110,-0.142634,0.057822,-0.313856,0.161039,0.022024,0.212115,-0.013020,0.031399,0.054187,0.099896,0.094418,0.117407,-0.110948,0.075541,0.281463,-0.045028,-0.122112,-0.131651,-0.174197,-0.058057,-0.131327,0.127311,-0.012342,-0.082105,-0.156284,0.092207,-0.027829,-0.106912,0.191288,0.041562,#
16,0.013517,0.100726,-0.051498,-0.117763,-0.230000,0.012443,0.107097,0.087045,-0.021550,-0.067602,0.082082,0.035101,0.018804,-0.071049,0.065920,-0.055838,1.000000,0.132391,0.175054,0.289374,0.186490,-0.438370,0.004940,0.068082,0.284761,0.136524,0.027826,0.119115,-0.333112,0.111526,0.090626,-0.076688,-0.107417,-0.133937,0.142233,0.032237,0.199655,0.331563,0.120173,0.030956,0.129281,-0.079879,0.040152,-0.014013,0.096867,-0.042601,0.019399,-0.088793,0.148180,0.065100,-0.107764,0.190692,0.087550,-0.056622,-0.104931,0.105849,0.037109,0.000329,0.001744,-0.049529,0.191762,0.235127,0.024260,-0.054858,-0.012705,0.010743,0.225861,-0.022893,-0.012235,0.069245,0.133208,0.067394,0.215851,0.019473,-0.082661,0.074884,-0.115354,-0.003089,-0.150088,0.116307,0.192590,0.053626,0.162758,0.024105,-0.004526,-0.006722,0.119361,-0.298363,-0.164893,0.044496,-0.043086,0.155992,0.010011,-0.167534,-0.087850,0.072557,-0.130395,0.284112,0.098535,0.093731,0.148507,0.151442,0.049829,0.096099,0.086455,-0.080700,-0.086225,-0.022282,0.203311,-0.034259,-0.091066,0.029092,0.121576,-0.098563,0.107930,0.007358,0.369573,0.151021,0.114422,-0.116437,-0.072252,-0.136785,0.156723,0.030628,0.094322,-0.080873,-0.356144,-0.010931,0.186477,-0.173618,0.152202,0.061128,-0.159122,0.064548,-0.134372,0.045062,0.094031,0.118841,-0.210517,-0.210922,0.053043,-0.137882,0.013749,-0.016642,-0.114115,-0.066719,0.258085,0.110086,0.138452,-0.136149,-0.023566,0.023803,-0.113333,-0.054897,0.014684,-0.043389,0.229600,-0.109069,0.014026,0.040927,0.236673,-0.099040,0.126824,-0.126494,0.158936,0.141435,-0.055240,0.195030,0.049155,0.055742,-0.186983,0.190833,-0.028716,0.180986,0.051036,0.082574,0.052526,0.422259,0.015864,0.071649,0.057013,-0.148118,-0.154646,0.256790,-0.279347,-0.110225,0.052405,-0.056826,0.209562,0.013174,-0.125980,0.126280,-0.097251,0.093642,0.274462,0.050934,0.202292,0.130383,-0.070279,-0.054133,#
17,0.013767,-0.255695,0.094865,-0.084933,-0.185848,-0.108598,0.106112,0.141587,-0.024334,-0.127676,-0.149109,0.057025,-0.079094,0.086574,0.018309,0.104533,0.132391,1.000000,0.150641,0.153851,-0.068170,0.002203,0.074822,-0.445385,0.156028,0.228889,0.002669,0.024063,0.002499,-0.056391,-0.011893,0.127192,0.001190,-0.028158,-0.175255,-0.192568,-0.103554,0.203522,0.083625,0.244501,0.074188,0.153602,-0.065082,0.017673,-0.014038,0.175090,-0.107580,0.093197,0.096738,0.132552,-0.071439,-0.196410,-0.082562,0.169223,0.140816,-0.168702,0.161743,-0.122120,-0.036996,0.097884,-0.071466,-0.068784,0.257183,-0.095991,0.051413,-0.105741,0.324204,0.125709,-0.025100,-0.090243,-0.002463,-0.166540,-0.157927,0.221915,0.245293,-0.069626,-0.118708,-0.052091,0.098275,0.006506,-0.017105,0.090093,-0.050277,0.061841,0.002751,-0.074045,0.073691,0.093332,-0.050010,-0.229461,-0.174984,-0.127310,0.098319,0.105881,0.200764,0.040506,-0.140552,-0.029965,0.104349,-0.062309,0.063415,-0.227032,-0.089568,-0.173948,0.006951,0.277980,-0.262252,-0.192121,-0.008872,0.117632,0.201652,-0.204812,0.184301,0.029127,0.217559,-0.158035,-0.201068,-0.095936,0.168885,0.248528,-0.053127,0.085035,0.104498,-0.343599,-0.194693,-0.128821,-0.127548,-0.002776,0.050778,-0.062434,0.104811,0.033453,0.095307,0.031792,0.121280,0.168257,0.262882,0.020889,-0.070664,0.160888,-0.029319,-0.041799,0.076767,-0.088955,0.036200,-0.073761,-0.209065,-0.166210,0.115222,-0.183965,-0.033642,0.039065,0.030595,0.054645,-0.070166,0.000042,0.193551,-0.146726,-0.091352,0.137700,0.102499,-0.000161,0.217523,-0.149580,-0.011844,-0.185183,-0.128460,-0.234468,0.075399,-0.000180,-0.106448,-0.082286,0.138750,0.022049,0.172977,-0.062059,0.113631,-0.037602,0.020094,0.367943,0.076001,0.164573,0.018265,0.361436,-0.053170,-0.088840,-0.000074,-0.063154,-0.147374,-0.080201,0.356556,-0.020646,-0.082362,-0.009918,0.131995,0.127938,-0.040468,0.005015,0.115037,-0.352243,#
18,0.022405,-0.057968,-0.149159,-0.190062,-0.143347,0.073120,-0.067006,-0.031416,-0.359457,-0.192804,0.007781,0.209801,0.084380,0.111368,-0.024973,0.029870,0.175054,0.150641,1.000000,0.022810,-0.181781,-0.008788,-0.069352,-0.071164,-0.083449,0.207489,-0.186852,0.039875,-0.107344,0.180368,-0.236746,0.024941,-0.064483,0.090597,-0.062765,-0.132163,-0.051200,0.253956,-0.123563,0.196472,-0.045599,-0.008641,0.181189,-0.042772,-0.201514,-0.150428,0.108473,0.456182,0.049716,0.102104,-0.384155,0.159004,0.121053,-0.282469,-0.014444,-0.042029,0.125306,-0.131525,-0.046225,0.242319,-0.039477,0.111180,0.061956,-0.192784,0.123838,-0.288766,-0.006675,-0.264261,-0.398909,-0.154421,-0.182714,-0.279929,0.071643,-0.159131,0.177642,0.024891,-0.221506,-0.090200,-0.352539,-0.166375,-0.128256,0.134729,0.261128,-0.038172,0.065678,0.133191,-0.207452,0.085295,-0.146345,-0.207769,0.060495,-0.006059,-0.016356,0.056874,-0.096045,0.061821,0.020985,0.005539,-0.203861,-0.046214,0.002739,0.101082,0.010870,-0.228536,-0.069550,0.137008,0.030042,0.170952,-0.027763,-0.078811,0.190087,-0.189235,-0.068227,-0.181376,0.080399,0.005782,-0.263323,0.060135,0.251716,-0.078976,0.050847,-0.143858,-0.010404,-0.191737,0.198086,-0.250464,0.008892,0.008856,0.045138,-0.082842,0.058359,0.060118,-0.101751,-0.159648,0.035340,0.058192,-0.028361,0.076788,-0.134247,0.061703,-0.147615,-0.158305,-0.030374,0.101974,-0.067303,-0.166640,0.065427,-0.059947,0.113503,-0.004526,0.190930,-0.262619,0.381087,0.052411,0.102095,0.128071,-0.088997,-0.120670,-0.201897,-0.050220,0.133981,0.197332,0.173691,-0.030115,-0.015834,-0.155497,0.267259,-0.114037,0.051283,0.061845,0.103267,-0.057272,0.159832,0.306620,0.000920,-0.032913,-0.145933,-0.004575,-0.117746,0.148333,-0.208868,0.033803,-0.105352,0.021025,-0.094734,-0.078778,-0.035086,-0.111939,-0.118202,-0.024511,0.091153,0.049723,-0.061654,0.083433,-0.099818,-0.053465,-0.171985,0.290562,-0.028625,0.110417,#
19,0.059191,0.034267,0.102587,-0.076594,0.014109,0.281031,0.128482,0.109693,0.127732,-0.151639,0.147058,0.124008,-0.133418,-0.008170,-0.013688,0.024944,0.289374,0.153851,0.022810,1.000000,0.094208,-0.164965,-0.106387,0.069521,0.270958,0.191967,-0.051805,-0.047850,-0.325776,0.168188,0.090615,0.085580,0.210609,0.008906,0.115706,0.100664,0.106386,0.157540,0.024114,0.067814,0.220454,0.246500,0.127453,-0.170851,0.005287,0.197659,0.012083,0.062889,0.112660,0.278902,-0.036021,0.023381,0.018423,0.109992,0.095750,0.134484,0.028754,0.000374,-0.120271,0.121394,0.089157,-0.059681,0.242097,0.046189,0.050840,-0.017427,0.253734,0.138749,0.219498,-0.154422,0.300399,0.052166,0.227889,-0.035839,0.058247,0.259039,-0.125588,0.145414,0.105105,-0.092904,0.152301,0.080270,0.094602,0.005752,0.019658,-0.097750,0.106395,-0.056777,0.157354,0.065866,-0.215178,0.099021,-0.105565,-0.028732,0.018131,-0.020874,0.124360,0.426389,0.112002,0.231432,0.123161,-0.110001,0.011866,0.255483,0.228323,0.037775,0.321648,-0.181803,0.117710,-0.099549,0.147262,0.031894,0.079852,0.188197,0.016815,0.222968,0.219699,0.174848,0.206947,-0.086276,0.370799,0.031520,-0.134050,0.118404,0.167645,0.162941,0.021737,0.184919,0.241870,0.075420,0.144014,0.257006,0.085819,0.124563,0.079643,0.257799,0.057386,0.102190,0.149105,0.021931,0.008222,0.115868,-0.054543,-0.017525,0.042676,-0.140046,-0.066760,0.064985,0.302385,0.106873,-0.011306,0.080058,0.016077,0.257713,0.256535,0.036391,0.233557,-0.012459,0.250569,0.168013,0.076622,0.166605,0.188356,0.282087,0.156523,0.049901,-0.088211,0.211104,-0.009546,0.021534,-0.160314,0.101884,0.100338,0.179975,0.269921,0.198335,0.197116,0.079520,0.164486,0.013821,0.008642,0.224946,0.159000,0.170439,0.053463,0.066969,-0.052923,-0.127591,0.028265,0.113029,0.225628,0.236559,0.019547,0.289233,0.295967,0.019144,0.098567,-0.126334,-0.069755,-0.000719,#
20,-0.330622,0.183833,0.156320,0.154523,0.141913,0.039823,0.069212,0.040692,0.168068,-0.008477,0.006964,-0.040973,0.108845,0.067704,-0.127090,-0.091680,0.186490,-0.068170,-0.181781,0.094208,1.000000,-0.002544,0.026423,0.174877,0.299496,0.234705,-0.056696,0.119258,0.120237,-0.056811,0.168364,0.002244,0.290461,0.274303,-0.014179,0.032378,0.005917,0.106426,-0.131686,0.071391,0.332394,0.078363,0.011369,-0.120548,0.331726,-0.106165,0.038415,0.009415,0.153006,0.112034,-0.184878,0.081392,0.080774,0.172626,0.120554,-0.142833,-0.333556,-0.136859,0.050635,-0.063353,-0.045792,0.068199,0.092907,0.158475,0.043118,-0.053295,0.232073,-0.109169,0.057516,0.074103,0.217131,0.163756,0.137137,0.064951,-0.241265,-0.022540,0.133680,-0.046832,0.339835,0.175364,0.017904,0.176970,0.103544,-0.150405,-0.223478,-0.104752,0.131123,0.176661,0.225567,0.374905,0.185964,0.007198,0.081064,-0.004752,-0.170948,0.175410,0.110066,0.097738,0.002030,0.094237,0.213334,-0.096118,-0.032580,0.210379,-0.094269,0.156371,0.418680,-0.106530,-0.041982,0.283531,-0.257886,0.280320,0.003862,-0.187504,0.209381,0.039869,0.166282,0.156475,-0.165665,-0.129530,0.148161,0.156966,0.019286,0.093601,-0.075597,0.079097,-0.081165,-0.098774,-0.015563,0.183811,0.124924,0.167171,0.219451,0.118611,-0.233533,0.117988,-0.050466,0.126454,0.054586,0.265918,0.043017,-0.107926,0.062137,-0.144420,0.024285,-0.112257,0.154159,0.134282,-0.030415,-0.065479,0.122982,0.169660,-0.058103,0.002161,-0.113388,-0.174113,0.131956,0.071056,0.315946,-0.088775,0.062443,0.041344,-0.005491,0.098479,-0.036880,0.198929,-0.027114,0.360526,-0.074285,-0.272146,0.183589,0.024549,-0.136244,0.119615,0.044107,0.258768,0.073586,0.191268,-0.035665,-0.192885,0.255552,-0.090267,0.136113,0.044597,-0.114967,0.141729,0.035661,-0.082377,0.054327,0.110299,0.059186,0.233257,0.239078,0.086868,0.372624,0.117284,0.025103,0.106432,0.060976,0.033670,#
