0,1.000000,-0.038802,-0.001771,0.057500,0.026986,0.000601,-0.074893,0.000360,-0.058671,-0.069719,0.096037,0.115158,0.223287,-0.421990,0.286723,-0.075714,0.013481,0.080515,-0.013135,0.101419,-0.262896,0.063214,-0.049973,0.016424,-0.052898,-0.064303,0.140219,0.040722,-0.184342,-0.106753,-0.031488,-0.082373,-0.207641,-0.279682,0.204572,-0.015748,0.263922,-0.198114,-0.015714,-0.029886,-0.133647,-0.067316,0.045712,-0.061196,0.015472,0.021746,0.133151,-0.102440,-0.154229,-0.085319,0.104941,-0.151009,0.363035,0.015928,-0.212611,0.078116,-0.005024,-0.010057,-0.037182,-0.125501,0.222476,-0.213720,0.010328,0.124517,-0.069766,0.207546,-0.298865,0.232945,-0.179060,0.015271,-0.086605,0.070782,-0.037387,0.086134,0.141079,-0.077544,-0.098016,-0.212355,-0.104905,0.004486,0.197498,-0.023804,-0.102417,-0.111027,-0.042259,0.388675,-0.041393,-0.221751,-0.199653,-0.072858,-0.124639,-0.117962,0.138151,-0.023721,0.091559,0.224624,-0.212954,-0.069289,-0.021950,-0.073098,-0.187307,0.025890,-0.508301,-0.103171,0.055934,-0.169883,-0.205726,-0.034292,0.185694,0.031495,0.208052,-0.146949,0.094843,-0.008089,-0.000810,0.073445,-0.281965,-0.061524,0.106862,0.199962,0.132938,0.321342,-0.011404,-0.143536,-0.088773,-0.002598,0.127387,0.031131,-0.194197,0.057940,-0.260605,0.008526,-0.112144,0.022411,0.112803,-0.163940,0.076664,0.108301,-0.135570,-0.024730,-0.250238,0.222193,0.056018,0.354233,0.194709,0.027774,-0.107672,-0.045732,0.039390,-0.163811,-0.010166,-0.185170,-0.030042,-0.109441,0.005474,-0.173875,-0.080289,-0.010758,0.161318,0.103643,-0.037166,0.277494,-0.193198,-0.035283,0.052335,0.205172,0.147351,-0.018772,0.172757,0.077570,-0.061756,-0.018931,0.269466,0.070402,0.230891,-0.115279,0.010807,-0.133519,0.069483,0.153612,-0.099762,0.149637,-0.060801,0.135130,0.112230,0.049940,0.106655,0.184163,0.012135,0.251956,-0.088240,-0.113917,-0.070505,0.074617,-0.085711,-0.182848,-0.254448,-0.135625,-0.131188,0.028117,#
1,-0.038802,1.000000,-0.137237,0.146497,-0.014516,0.153273,-0.025008,-0.008222,-0.008705,-0.023719,0.001375,-0.025949,0.311267,0.341413,0.056311,-0.093635,0.140757,-0.260929,0.001435,0.065548,0.172819,0.260577,0.408403,0.381439,-0.143448,0.303855,0.104314,-0.138967,-0.129899,-0.024439,0.036559,0.001964,0.157872,0.137439,0.104940,0.206275,0.038747,0.190667,0.000284,-0.060449,-0.053451,0.087471,-0.029708,-0.020273,0.095607,0.152194,0.010864,0.069427,0.272609,0.146810,0.024065,0.287851,0.084970,0.051139,0.039964,0.241890,0.008168,-0.092040,0.198382,0.163168,-0.041410,0.265667,-0.255362,0.027093,-0.058513,-0.038843,0.177027,0.219046,0.188232,0.289630,0.133897,0.241173,0.384926,0.035877,0.080847,0.143145,0.220382,0.087004,-0.084434,-0.044889,0.195512,0.066057,0.206171,0.015934,0.081255,0.132505,-0.059502,-0.027884,0.143483,0.088009,0.203331,0.143331,0.119558,-0.053455,-0.155317,-0.028404,0.139003,-0.002830,-0.112023,0.227775,-0.103157,0.334837,0.077241,0.321310,0.059740,-0.128171,-0.109240,0.279330,-0.057365,-0.082668,-0.004197,0.176918,0.004294,-0.049157,-0.012095,0.051603,0.444419,0.440539,0.081253,-0.077984,0.282817,0.214427,-0.018205,0.171162,0.039541,-0.055882,0.223931,0.066537,-0.023597,0.073494,-0.097096,-0.139415,-0.113330,0.190135,-0.077965,-0.200460,-0.126856,0.046418,0.251471,-0.014302,0.100688,-0.023752,-0.306045,-0.125741,-0.091035,0.113781,0.158835,0.051103,0.109010,0.027206,0.234789,0.009398,-0.000008,0.058313,0.222928,0.082203,0.274670,0.096699,0.140876,0.065431,-0.054809,0.128847,0.035357,0.113546,0.119356,0.038160,-0.088092,0.407059,-0.049655,0.111652,0.167529,-0.005172,0.107284,0.163619,0.211450,0.094529,0.171275,0.016267,-0.034451,-0.374914,0.185834,-0.118063,0.054609,-0.177699,-0.223860,0.332633,-0.061129,-0.023272,0.058043,0.151008,0.148118,0.062396,0.073617,0.049637,0.289980,0.111516,0.107981,0.123556,0.075104,0.141206,#
2,-0.001771,-0.137237,1.000000,0.078244,-0.015199,0.204721,-0.080818,0.153594,-0.090472,0.135372,-0.108351,-0.128534,-0.154775,-0.117884,0.013952,-0.176714,-0.112259,0.053177,-0.113632,0.059555,0.087149,0.091433,-0.134735,0.013926,0.018014,-0.152297,0.064780,0.041432,-0.257841,-0.020498,-0.092587,0.100216,0.279906,0.147360,0.120715,0.053058,0.196692,-0.177514,0.104655,0.157335,0.222572,0.225464,-0.252037,0.004445,0.150939,0.388236,0.034106,-0.107457,-0.123425,0.252354,-0.104101,-0.178000,-0.107169,0.300953,0.139597,0.048141,0.108248,0.026259,-0.104827,-0.070501,0.117535,-0.038239,-0.060189,0.252270,-0.151654,-0.032977,0.317510,-0.217299,0.045505,0.177148,0.298058,-0.159434,-0.005996,0.141993,-0.080735,-0.061158,0.211518,0.103583,0.057821,0.359175,-0.221714,0.224993,0.081882,0.135793,-0.135449,0.183955,0.239289,0.319882,0.233761,0.013162,0.348709,-0.078386,-0.003247,-0.222054,0.331916,-0.067898,-0.062173,0.017701,0.089537,-0.061527,0.016831,-0.341218,-0.194364,0.129913,0.131204,0.267827,0.018383,-0.138154,0.295354,0.032587,0.113659,0.007503,0.180240,0.008338,0.112524,-0.170358,-0.048603,-0.087010,0.117186,-0.112311,0.223431,0.195201,0.012242,-0.023237,-0.027656,0.102336,0.135662,0.064303,0.123678,0.050489,0.056502,0.125061,-0.029866,0.314995,0.112776,-0.302767,-0.137315,-0.073299,-0.092451,0.190199,0.248997,-0.033154,0.082008,-0.066043,0.037314,0.122730,0.051104,0.024971,0.303158,-0.128179,0.147914,-0.105109,0.023192,-0.034542,-0.165846,0.281447,0.053831,-0.000755,-0.038746,0.012214,0.141651,-0.025899,0.035736,-0.029831,-0.180872,0.049898,0.110656,0.083951,-0.034727,-0.023111,0.149061,-0.054363,0.047891,-0.099351,-0.124284,0.309837,0.264609,0.068630,0.144850,0.059202,-0.095125,0.173947,0.087234,0.213406,-0.068316,0.193804,-0.013878,0.004255,0.083673,-0.024245,-0.136726,-0.009477,0.020846,0.198305,0.118871,0.020567,0.184527,0.049505,-0.217080,0.048156,#
3,0.057500,0.146497,0.078244,1.000000,0.199349,0.079217,0.033456,0.329130,-0.110388,0.022499,-0.039865,-0.002998,0.110172,-0.114032,-0.020959,-0.152253,-0.101968,-0.100459,-0.137112,-0.087933,0.181875,0.223374,0.012986,0.088527,-0.066685,0.144336,0.137873,0.183186,0.069271,-0.085752,-0.087573,0.079609,0.086768,0.213043,0.094564,-0.045050,-0.116341,-0.151533,0.073609,0.130339,0.162170,0.302596,-0.035242,-0.194744,0.217307,-0.034750,0.083254,0.298183,0.252950,0.064595,0.053377,-0.053859,0.175183,0.126942,0.281515,0.052710,-0.249735,-0.100118,0.414767,0.073899,0.187720,0.109139,-0.074925,0.058434,0.097761,0.215258,-0.051533,-0.161481,-0.033251,0.115630,-0.039288,0.363203,0.298578,0.246326,0.009661,-0.109065,0.115005,-0.036273,0.153270,-0.026757,0.066816,0.112056,-0.093845,0.134987,-0.027774,0.116575,0.007412,0.051747,-0.009520,0.094137,-0.067610,0.146010,0.135324,-0.008481,0.215484,0.117655,0.056371,-0.110767,-0.123428,0.137714,0.064374,-0.039296,-0.165265,0.093893,0.166113,0.113259,0.225644,0.421437,-0.079488,-0.010917,-0.234529,0.197067,0.210185,0.113950,0.058866,-0.062976,0.195958,0.160176,0.012419,0.026881,-0.178932,0.256714,-0.243930,0.124662,0.000811,0.068628,0.224181,0.213253,-0.102258,0.142282,0.053860,0.049164,-0.056204,0.339846,0.185373,-0.079213,0.100364,0.047807,0.119070,0.017335,0.045213,-0.014008,-0.098811,0.182448,-0.083143,0.233121,0.044617,-0.154296,0.003081,-0.188598,-0.081891,0.026752,0.210902,-0.203990,-0.020376,-0.065283,0.312848,0.127507,0.056907,0.218570,0.202753,0.185044,-0.040616,0.473292,0.060371,0.124723,-0.048799,0.023630,0.036397,0.151192,0.339624,-0.020055,-0.088644,-0.098193,-0.051296,0.154224,-0.081246,-0.113828,0.111352,-0.282318,-0.048696,0.064539,0.069825,0.122970,-0.005680,0.161631,-0.135852,0.001278,0.289630,0.163306,-0.086563,0.025591,0.232494,-0.006084,0.168327,0.227680,0.285547,0.156746,-0.002990,0.071448,#
4,0.026986,-0.014516,-0.015199,0.199349,1.000000,0.072506,0.251769,0.065108,0.011085,0.151114,0.128497,-0.025388,0.108545,-0.426620,0.040581,0.104393,-0.191955,-0.091602,-0.219298,-0.030098,0.242714,0.330093,0.184573,0.066483,0.025601,-0.174311,-0.134213,-0.061387,0.388886,0.066571,0.038532,0.051506,0.023863,0.058841,0.142892,0.216818,-0.256184,-0.106552,0.045584,0.118803,-0.095838,-0.035527,0.168438,0.299946,0.224158,-0.293169,0.309762,0.024504,-0.130899,-0.030302,0.253091,0.149576,-0.033793,-0.103662,0.074078,0.081770,-0.231108,-0.028188,0.273998,-0.080988,0.189839,0.180156,0.157978,0.044782,0.055131,0.375124,0.074150,-0.214583,0.041198,0.206216,0.127734,-0.000293,-0.015664,-0.118808,-0.132501,0.264822,0.083469,0.033011,0.130326,0.057961,-0.061611,0.256676,-0.063461,-0.133041,0.195668,-0.055200,0.163545,0.063726,0.024948,0.130648,-0.012942,-0.080485,0.090336,0.059495,0.240700,0.187563,0.303916,0.024856,0.000305,0.026935,-0.027476,0.219245,-0.084270,0.135910,-0.063301,-0.140938,0.154054,0.094791,-0.044747,0.231274,0.063389,0.136540,0.202747,0.216042,-0.088355,0.042286,-0.213142,0.426150,-0.066725,0.183340,0.142281,0.012730,0.048115,0.143706,0.070881,0.061195,0.249004,-0.126275,0.139638,0.170057,0.243845,0.121467,-0.077686,0.082786,0.108996,-0.095072,-0.000084,0.146530,0.070658,0.073100,-0.146070,0.190317,-0.102130,0.162431,-0.042849,0.153530,-0.028501,-0.087695,0.012369,0.119099,-0.075290,0.177980,-0.107261,-0.205353,0.072717,-0.037856,0.224249,0.350582,0.145760,0.101220,-0.210336,0.215479,0.030530,0.222226,0.092847,-0.071732,0.167440,0.059612,-0.199038,0.135857,0.131941,-0.108860,0.105666,-0.302023,0.000177,0.079377,0.077661,0.215708,0.042105,0.077875,0.208322,-0.015171,-0.025137,0.074408,0.279370,0.212069,-0.031497,0.109079,0.111171,0.051991,-0.106217,0.122995,0.152360,-0.051685,0.064013,-0.210950,-0.048239,-0.154244,0.031675,0.130224,#
5,0.000601,0.153273,0.204721,0.079217,0.072506,1.000000,-0.104266,0.152560,-0.035088,-0.073392,-0.082580,-0.041180,0.202126,-0.000077,0.057520,-0.287982,0.025213,-0.097410,0.131286,0.431731,0.057046,-0.112452,-0.110752,0.141136,0.207576,0.148099,0.063347,0.015865,-0.198345,0.374315,0.054770,0.246936,0.140552,0.350676,0.126454,0.215568,0.143885,-0.282152,0.128706,0.157765,-0.072807,0.266012,-0.025179,0.079371,0.153100,0.103845,0.085955,0.326521,-0.015354,0.161675,0.226200,-0.135575,0.059742,0.079098,0.209245,0.389519,0.031078,-0.059726,0.126505,0.071342,-0.076935,-0.111687,0.156198,0.165278,0.131229,-0.143829,0.031856,0.012589,0.146732,0.296484,0.255104,0.133530,0.231177,0.056190,0.124593,-0.073919,-0.132208,0.378974,0.122858,0.061358,0.065446,0.352234,0.136380,-0.046836,-0.044703,0.028832,0.012753,0.054535,0.216127,0.208370,0.109249,-0.207969,0.068298,0.063138,0.076701,-0.374179,0.228692,0.160672,0.138918,-0.335334,0.102009,0.082527,0.102962,0.156479,-0.026379,0.162731,0.218247,0.143809,-0.047132,0.057649,0.054017,0.120659,0.089843,-0.036297,-0.093932,-0.030048,0.212701,0.382183,0.152463,-0.130046,0.137322,0.177383,0.025812,0.214093,0.126120,-0.026650,0.396122,-0.134398,0.164302,-0.115441,-0.123083,0.200875,0.068804,0.322766,0.173960,-0.134363,-0.377507,0.297567,-0.060008,-0.142389,-0.085226,-0.080997,0.081640,-0.013221,0.180412,-0.074176,-0.014713,-0.026921,0.131503,0.050835,0.225042,0.012394,0.255077,-0.025535,0.215781,-0.026575,0.326005,0.079571,0.028041,0.061660,0.044653,0.203699,-0.065298,0.117599,0.267463,-0.183669,-0.160495,0.189515,-0.033524,0.013095,0.209609,-0.038744,0.098048,-0.116930,-0.158953,0.169065,0.273670,0.264515,0.103766,0.138134,-0.047828,0.016404,-0.119592,0.066011,-0.089976,0.225221,-0.083329,0.058230,0.354039,0.219899,0.055569,0.229093,0.049500,0.330830,0.312546,0.276238,-0.051393,0.267640,0.016958,0.154047,#
6,-0.074893,-0.025008,-0.080818,0.033456,0.251769,-0.104266,1.000000,-0.145154,0.092436,0.199492,0.190306,0.127163,-0.057444,-0.066956,-0.167025,0.426125,0.031865,0.121438,-0.030094,0.021857,-0.053355,0.123603,0.008085,-0.084656,0.166524,0.111315,-0.080996,0.122573,0.033674,0.007452,0.136992,0.216335,0.148074,0.142114,-0.108868,0.132778,0.074402,0.212087,-0.101169,0.083953,0.050426,-0.097010,0.396636,0.126196,-0.059497,-0.079514,-0.056049,0.148284,0.028734,0.004123,-0.095918,0.052385,0.160422,-0.099358,-0.057393,-0.093629,-0.113855,0.072472,0.122834,-0.083209,0.140551,0.206272,-0.133295,0.109452,0.199668,0.143404,0.291578,0.251918,0.044217,0.176422,0.244244,0.264062,-0.107061,-0.094441,-0.036850,0.415159,0.365338,0.087975,0.324399,0.156923,-0.095118,0.129811,-0.106224,0.133539,0.188931,-0.095182,0.264214,0.107012,-0.057063,-0.064528,-0.260281,0.183941,0.078567,-0.058848,0.050269,0.028337,0.096594,0.226731,-0.079284,-0.017577,0.030306,0.168113,0.169548,-0.042137,0.177996,-0.086835,-0.101792,0.133190,-0.022692,0.002482,0.033958,-0.173685,-0.103711,0.433364,0.049119,-0.038513,-0.131366,0.196741,0.007732,0.331563,0.048006,-0.127793,-0.089658,-0.004223,0.017528,0.026522,-0.075356,-0.024890,0.278058,0.101842,0.151203,0.023069,0.018904,0.003663,0.060005,-0.008609,0.124003,0.002930,0.055873,0.356679,0.093937,-0.031751,-0.388385,-0.049714,0.108059,0.216019,0.065274,0.194965,-0.098156,-0.088378,-0.037317,0.163162,-0.023888,0.029025,-0.011310,-0.050416,0.048941,-0.219187,0.078284,0.180442,-0.058601,0.144232,-0.151896,0.081512,-0.049589,0.092831,0.111312,0.014538,0.082637,0.030239,0.006323,0.263824,-0.231579,-0.081143,0.077722,0.139920,-0.006344,0.281900,-0.140657,0.054070,0.138484,0.258050,-0.065062,0.269913,0.005656,-0.003076,0.091614,-0.165429,-0.000213,0.028252,-0.071942,0.110226,0.025400,-0.073174,0.008502,0.081916,0.124860,-0.075774,0.128538,0.156157,#
7,0.000360,-0.008222,0.153594,0.329130,0.065108,0.152560,-0.145154,1.000000,-0.088816,-0.197443,-0.126335,-0.207891,0.210780,0.009135,0.147127,-0.030344,0.096437,0.134541,0.000406,0.086472,0.069493,0.029906,-0.020424,-0.006329,0.187104,0.040367,0.068088,-0.008950,-0.080876,0.270068,0.007323,0.000475,0.090022,0.067759,0.137198,0.062348,0.000000,0.144803,0.251941,0.007964,0.071244,0.308533,-0.075748,0.147528,0.155917,0.312693,0.131896,0.205022,0.251349,-0.008101,0.045768,-0.049220,-0.000081,-0.051642,0.247880,0.101958,0.141100,-0.209839,0.342998,0.287042,-0.050338,0.146661,0.175227,0.006579,0.086665,0.051830,0.068529,-0.151094,-0.127237,0.028340,0.119582,-0.007735,0.142735,0.128832,-0.008915,0.080235,-0.015803,0.046859,-0.217277,-0.049792,0.371623,0.052121,0.166025,0.169201,-0.032687,0.165708,0.100626,0.036986,0.175188,0.248395,-0.021804,0.026611,0.303306,-0.017281,0.262760,0.182248,-0.072581,0.253753,0.250239,0.038832,0.149838,-0.037006,-0.201317,-0.123976,0.233838,-0.108035,0.088509,0.234049,0.185622,-0.047138,0.139349,0.123887,0.330134,0.039219,0.319444,-0.056888,0.107598,0.122731,0.285685,0.084491,0.208243,0.140694,0.194080,-0.033102,-0.122513,0.134523,0.111048,0.112979,0.098067,0.084165,0.006432,0.092804,-0.007324,0.126910,-0.015856,0.081838,0.028035,0.330313,-0.024541,0.007408,-0.107062,-0.036366,0.198919,0.108085,0.138668,0.152657,0.202378,-0.122717,-0.057196,-0.164555,-0.022039,0.300250,-0.038813,-0.416828,-0.050454,0.109637,0.257914,0.208566,0.000032,-0.024596,-0.032352,0.006384,0.336511,0.231214,0.159879,-0.032817,-0.039291,-0.129729,-0.277219,0.163342,0.204508,-0.159680,0.121927,0.008290,-0.034101,0.190806,0.052014,-0.305044,0.088269,-0.044503,-0.043093,0.113381,-0.050846,0.236233,0.014112,-0.013744,0.197185,0.016084,0.277261,0.134147,-0.114585,-0.106441,0.134837,0.141738,0.199060,0.057194,0.313018,0.290128,0.090613,0.191370,#
8,-0.058671,-0.008705,-0.090472,-0.110388,0.011085,-0.035088,0.092436,-0.088816,1.000000,0.043586,0.148036,0.115747,0.001978,0.263656,0.123340,0.096480,-0.059235,0.006548,-0.342443,-0.021837,0.111181,-0.049263,-0.207622,0.145469,0.165185,0.028076,0.132423,-0.288204,0.207159,-0.163183,0.198074,0.150001,-0.007403,-0.100411,0.015598,0.316033,0.205068,-0.034035,-0.248235,0.022205,0.003012,-0.043801,0.344985,0.178923,-0.037418,-0.045528,-0.000462,-0.135752,-0.017886,-0.143307,0.227175,0.006521,0.168022,-0.104614,-0.127561,0.143218,-0.008649,0.023401,-0.085621,-0.105075,0.029982,0.022136,0.301697,0.218145,0.284590,0.155653,0.032099,0.225977,0.386758,0.001205,0.274601,0.212011,-0.078103,-0.036914,0.034506,-0.049508,0.092363,0.149359,0.303721,-0.007507,0.000091,0.178952,-0.140385,-0.071291,0.132953,0.035432,0.122975,0.038231,-0.197498,-0.007648,-0.045483,-0.062889,-0.095301,-0.140430,-0.269133,-0.082396,0.235800,0.289552,0.231519,0.303934,-0.006780,-0.208667,0.269238,0.257769,-0.253324,0.196978,0.006624,-0.123702,-0.119282,0.197836,-0.150365,0.107860,0.009991,0.085823,-0.062922,0.039437,0.279955,0.116418,-0.123489,0.214230,-0.105636,-0.027980,0.110312,0.166260,0.105029,0.295573,0.023598,-0.030831,0.159358,0.225139,-0.063760,0.079035,0.115539,-0.043780,-0.170406,0.233022,0.080427,0.037673,0.227649,0.135910,-0.263051,-0.061519,0.118112,-0.384023,0.075903,0.072682,0.039266,0.180375,0.004269,-0.007041,0.030868,0.359319,-0.310378,0.098617,0.192382,-0.327660,0.094943,0.237220,0.372301,-0.177391,-0.035645,-0.237827,-0.143763,-0.098956,-0.183985,0.004938,0.163788,0.233595,0.206406,-0.243368,-0.027578,0.261222,-0.207478,-0.003730,0.165208,0.128506,0.180095,0.001618,0.128702,0.079050,0.152727,-0.134801,0.153720,-0.042172,0.092638,-0.088721,0.269025,0.161175,0.031264,0.041225,0.187056,0.004228,0.213317,0.124446,0.031550,-0.125350,-0.284209,0.018907,0.027353,0.130862,#
9,-0.069719,-0.023719,0.135372,0.022499,0.151114,-0.073392,0.199492,-0.197443,0.043586,1.000000,0.144794,-0.215246,-0.075033,-0.087518,0.047304,0.045437,-0.007259,-0.058346,-0.167076,-0.107348,0.055224,-0.016897,-0.142213,0.099104,0.011649,-0.296861,-0.001527,0.106780,0.010047,-0.320490,-0.139976,0.386153,0.012952,0.037626,-0.286317,0.032955,-0.055009,-0.194252,-0.028617,0.051146,-0.038094,-0.131015,-0.009159,0.038310,0.059780,-0.163376,0.118324,-0.200361,0.044943,0.191849,0.178823,-0.005460,-0.066115,-0.115923,-0.217119,0.074242,0.046659,0.072964,-0.233625,0.040821,0.220751,0.101583,0.002305,-0.137733,-0.196993,0.001262,0.057093,0.001561,0.176358,0.227234,0.160989,0.174100,0.057561,-0.060749,-0.286900,0.015647,0.185196,-0.035779,0.001766,0.190252,0.129726,0.076662,-0.120823,-0.067776,0.030399,-0.044617,0.233251,0.246441,0.095698,0.140608,0.103948,0.047027,0.122421,-0.167941,0.076295,-0.195048,-0.004418,-0.155487,0.038076,0.153507,-0.092868,0.150673,0.212718,-0.029045,0.025251,0.145309,-0.150410,0.042878,0.178757,-0.041178,-0.185486,0.165340,0.011881,0.216839,-0.099052,-0.003916,0.041532,0.096840,0.037515,-0.074127,-0.209556,0.081911,-0.140165,0.108993,0.182113,-0.006380,-0.124235,0.060026,0.052635,0.080465,-0.005177,0.084911,-0.185018,0.138535,0.131070,-0.125302,0.079071,0.048413,-0.040997,-0.038605,0.305818,0.330105,0.033351,0.187115,0.061395,0.163209,-0.020914,0.289168,0.107442,0.077683,-0.168066,-0.032840,0.136270,-0.184461,-0.073260,-0.009843,0.077393,0.035874,0.068450,0.059643,-0.065395,-0.006217,0.156258,0.009592,-0.155926,0.016012,-0.015946,0.139360,0.106992,0.033988,-0.150500,-0.070484,-0.299923,-0.285458,0.071694,-0.060188,0.259318,0.190149,-0.111731,-0.055756,-0.093464,0.051072,-0.066961,-0.062747,0.059076,0.052299,0.020294,-0.054487,0.061069,0.041340,-0.274384,-0.230645,-0.013781,-0.038233,-0.219717,0.027403,0.081374,-0.116033,-0.333509,-0.067406,#
10,0.096037,0.001375,-0.108351,-0.039865,0.128497,-0.082580,0.190306,-0.126335,0.148036,0.144794,1.000000,0.205440,0.108714,-0.052104,0.037604,0.149956,0.137749,-0.110040,-0.074906,-0.013790,0.034924,-0.021662,-0.143407,0.192334,0.145811,0.102845,-0.058124,0.069948,-0.066162,0.006596,0.118676,-0.181165,-0.048113,0.063528,0.021591,-0.061431,0.187817,0.127700,-0.222265,-0.269145,0.178854,-0.285018,-0.023302,-0.005469,0.063574,-0.112923,0.321553,0.115484,0.009240,0.167117,-0.102749,0.157254,0.211392,0.009429,0.051971,0.290517,-0.064392,0.209592,-0.116356,-0.084035,-0.019836,0.215840,0.088435,0.320088,-0.027019,-0.020755,0.167366,0.205015,0.149855,0.010933,0.269483,0.251116,-0.081225,-0.034960,-0.175511,0.129616,-0.260668,-0.148776,0.151120,-0.118241,0.052176,-0.051095,-0.043440,-0.110766,-0.063769,0.028970,0.183841,0.062056,-0.037928,0.170243,-0.042297,0.129933,0.167287,-0.172371,-0.200022,0.006190,0.074276,0.173015,0.009412,-0.101637,-0.088367,-0.101069,0.121946,0.070509,-0.238316,-0.106880,0.066603,0.091682,-0.070406,0.017788,0.009739,-0.037341,-0.038711,0.128444,-0.069062,-0.075307,-0.121031,0.015075,0.013277,-0.055774,-0.102690,0.065281,0.190993,0.078038,-0.132053,0.241386,0.071931,0.009534,0.054051,-0.112691,0.054022,0.235602,-0.152140,-0.075346,0.101938,0.234052,0.030658,0.131008,0.123100,0.031276,-0.064108,0.035444,-0.030534,0.060658,-0.005437,0.333507,0.179918,0.043562,-0.005562,0.148455,-0.055674,-0.024318,-0.120490,0.054242,0.022965,-0.038918,0.245918,-0.080745,0.132007,-0.102261,0.089108,0.057816,-0.140458,-0.027047,-0.037990,0.199522,0.102168,0.060468,0.087830,0.076653,-0.120853,0.168023,-0.123107,-0.035902,0.173473,0.166333,-0.042589,0.014599,-0.090384,0.167753,-0.100205,-0.133113,-0.194453,0.043535,-0.145914,0.077526,0.243825,0.018102,-0.048866,-0.017749,-0.104161,-0.161803,-0.016771,0.130794,0.044777,-0.134991,-0.069859,-0.133702,0.046260,0.185421,#
11,0.115158,-0.025949,-0.128534,-0.002998,-0.025388,-0.041180,0.127163,-0.207891,0.115747,-0.215246,0.205440,1.000000,-0.040067,-0.118300,0.122571,0.045130,0.037945,0.094768,0.184467,0.116593,-0.073051,-0.114387,0.123615,-0.034717,0.246116,0.069292,-0.145821,-0.027552,0.038945,-0.046095,0.226492,0.211289,0.109735,0.029460,-0.157115,-0.045873,0.102932,0.121072,-0.165040,-0.010130,0.109676,-0.235201,0.208397,-0.080454,-0.054034,-0.165072,-0.023625,0.170803,-0.042915,-0.158540,-0.260230,0.036973,0.401704,0.040357,0.025602,0.055825,-0.157332,0.316262,0.076058,0.199578,-0.078891,-0.054295,0.226136,0.151436,0.050178,-0.064802,-0.117045,-0.056912,0.210678,-0.107145,-0.079697,-0.069341,-0.200782,0.102264,0.301070,0.044626,-0.084433,0.177565,0.227440,-0.177386,-0.262495,-0.016597,-0.028121,-0.140482,0.207030,-0.146606,-0.097945,-0.025304,0.037796,-0.148207,-0.228439,-0.026252,-0.102665,-0.013056,-0.183552,0.213473,-0.016982,0.235873,-0.240487,0.031196,-0.121078,-0.184557,-0.005065,0.219361,-0.135001,0.067284,0.108516,0.000485,0.137051,-0.204748,0.055331,0.121634,-0.037934,-0.000026,-0.031796,-0.028254,0.015573,0.075874,-0.158359,0.334347,0.015392,-0.116925,-0.137231,0.068906,0.011220,-0.011458,0.037886,0.182774,0.095265,0.223495,0.084559,0.101640,0.233902,-0.049507,0.068486,0.186372,0.094929,0.164350,0.061338,0.432680,-0.208334,-0.158199,0.140517,-0.010706,-0.051348,0.054562,0.195548,0.034724,0.005839,-0.108493,-0.008873,0.051238,0.006142,0.398033,0.274121,-0.126418,-0.045649,-0.039760,-0.057280,-0.035702,0.261621,0.070783,-0.140292,-0.075967,-0.045135,0.178005,0.202116,-0.080478,0.150181,0.041825,0.264081,0.236082,0.108923,0.231891,0.048177,0.066402,0.211110,-0.052280,-0.043785,-0.005778,0.040496,-0.358313,0.073933,0.133107,0.077967,-0.010783,0.235044,0.137220,-0.153946,-0.247594,0.156146,0.074185,0.095879,0.053448,0.107728,-0.089986,-0.059868,-0.025004,0.007492,-0.062736,#
12,0.223287,0.311267,-0.154775,0.110172,0.108545,0.202126,-0.057444,0.210780,0.001978,-0.075033,0.108714,-0.040067,1.000000,-0.063958,0.085462,-0.060725,0.034282,-0.110647,0.135127,-0.097162,0.190596,0.033141,0.033119,0.130686,0.089670,0.171485,-0.052013,-0.102143,-0.014769,0.084890,0.151154,-0.050659,0.033043,0.041210,0.277951,-0.000457,0.017967,-0.027066,0.010666,0.077695,-0.132750,-0.140336,-0.001955,0.027031,0.108412,-0.017525,0.292699,0.268146,0.301656,0.231543,0.073658,-0.086824,-0.006256,-0.065935,-0.062792,0.249935,0.104230,-0.200458,0.319866,-0.056422,-0.112621,-0.141368,0.102171,-0.120147,0.023996,-0.058421,-0.134037,0.236354,0.186463,0.065805,-0.019415,0.249560,0.146611,-0.057765,0.005179,0.237046,-0.002122,-0.027733,-0.006365,-0.132140,0.201930,0.133152,0.166685,-0.242048,-0.007227,0.147056,0.116802,0.107735,-0.087667,0.207213,0.123207,-0.126833,0.157888,0.141130,-0.097428,-0.083218,-0.078547,-0.099813,-0.285986,-0.178727,-0.035064,0.092344,-0.067100,-0.091262,-0.044149,0.047823,0.013296,0.246195,0.118420,0.022906,0.029386,0.065223,0.326145,-0.005687,0.097094,-0.073603,-0.107987,0.142998,-0.021181,-0.102821,0.111541,0.324442,-0.060975,0.019749,0.012086,0.312585,0.120966,-0.079197,-0.234204,0.095331,-0.374181,-0.124656,-0.041066,0.000235,-0.194267,-0.082650,-0.233454,0.190269,0.069974,-0.205791,-0.226421,-0.083497,0.070433,0.087409,-0.116945,0.233854,0.178787,-0.018231,-0.125549,-0.074643,0.154664,-0.115724,0.152995,-0.277600,0.233710,-0.093351,0.094304,0.162009,0.271547,-0.296188,-0.142279,0.175707,-0.004356,0.003618,0.064349,0.124905,-0.075086,0.140601,0.196334,0.001161,0.257383,-0.195838,0.001944,0.107124,0.058587,0.098126,0.061941,-0.048674,-0.434900,-0.051370,-0.046685,0.174629,-0.056080,0.035207,-0.117667,0.055601,0.293544,0.127993,0.261022,0.107307,-0.041533,-0.038057,-0.144480,-0.040859,0.021252,-0.007836,-0.095681,0.159065,0.043717,0.146430,#
13,-0.421990,0.341413,-0.117884,-0.114032,-0.426620,-0.000077,-0.066956,0.009135,0.263656,-0.087518,-0.052104,-0.118300,-0.063958,1.000000,-0.163803,0.030622,-0.010082,0.052351,0.118885,-0.070911,0.165695,0.001750,0.215089,0.028578,0.049589,0.442144,-0.019023,-0.118355,0.091673,0.052263,-0.111426,0.120198,0.088535,0.244545,-0.206574,0.169371,0.104754,0.244473,-0.260823,0.007808,0.036420,0.036112,0.181149,-0.102989,-0.118238,0.115745,-0.257423,0.243305,0.249402,0.100706,-0.007342,0.047012,0.085877,0.067985,0.184136,0.157939,0.120341,0.020477,-0.141166,0.102732,-0.089849,0.044287,-0.037676,-0.062853,0.199184,-0.214469,0.131074,0.175462,0.217292,0.160790,0.043443,0.077018,0.255776,-0.011942,-0.014540,-0.130974,0.151764,-0.009565,0.073376,-0.134073,-0.022052,0.050687,0.148975,0.168931,-0.047519,0.189416,-0.171805,0.054673,0.269168,-0.103832,0.090044,0.060321,0.058933,0.039974,-0.162909,-0.145467,0.208283,0.077182,0.151308,0.115724,-0.021370,-0.017528,0.274907,0.020300,0.018861,0.137187,-0.055770,0.229801,-0.373634,0.065007,-0.037247,-0.018576,-0.252408,-0.069989,0.025088,-0.182696,0.207628,0.017994,0.113531,-0.186736,0.057391,-0.087990,0.046572,-0.176889,-0.085074,-0.081871,-0.090391,0.025777,0.051328,-0.024488,-0.016137,-0.258297,0.077983,0.058608,-0.092628,0.144849,-0.101579,0.035042,0.218966,0.082106,0.198175,-0.256403,0.010294,-0.472204,-0.017546,-0.019429,0.012395,0.223894,-0.060019,-0.086444,0.110784,0.161995,-0.118697,0.214027,0.029232,-0.090550,0.060317,-0.298078,0.058214,0.015344,0.185340,-0.179895,0.209443,-0.111571,-0.072158,-0.095819,-0.040292,0.113633,-0.004590,-0.136243,0.116227,0.091160,-0.107912,0.334564,0.004914,0.132705,-0.017895,-0.079690,-0.021878,-0.041734,0.029009,-0.176536,0.090695,-0.166725,-0.271814,-0.001240,-0.049114,-0.250088,-0.039514,0.142937,0.300559,0.084267,0.093372,0.007046,0.025031,0.248991,0.006153,0.243013,0.138265,0.068717,#
14,0.286723,0.056311,0.013952,-0.020959,0.040581,0.057520,-0.167025,0.147127,0.123340,0.047304,0.037604,0.122571,0.085462,-0.163803,1.000000,-0.098109,0.150421,0.042627,-0.006609,0.010827,-0.033384,-0.034470,0.154174,0.221894,-0.035708,-0.049687,0.137893,-0.175655,0.071746,0.043184,0.372303,-0.110382,0.049915,-0.190488,0.237852,0.225166,-0.089975,-0.039550,0.220369,0.075433,0.089315,-0.089490,-0.087211,0.010037,0.103900,0.028297,0.069087,-0.074803,0.186475,0.038541,-0.022387,0.278608,0.144107,-0.109454,0.016179,0.156156,-0.115024,-0.240157,0.044913,-0.040467,0.041340,-0.158825,0.210750,0.270012,-0.116303,0.042596,-0.262989,-0.090708,0.160192,0.049381,0.222254,-0.005503,0.243318,0.267458,0.148392,0.075954,0.036022,0.032951,-0.110227,0.092927,0.036226,-0.071209,0.110081,-0.189689,0.149091,0.059767,-0.142762,-0.183321,0.093113,0.115781,0.142039,-0.191337,0.191101,0.341086,-0.054895,0.076305,-0.291769,-0.040903,-0.055335,0.073057,-0.196753,-0.087343,0.038738,0.006174,0.153279,-0.027915,0.011747,-0.128318,0.233574,0.154847,0.016095,0.138573,0.259825,0.080342,-0.275909,0.081751,0.063507,-0.016046,0.095595,0.290456,0.045744,0.007595,0.042388,0.177637,0.120766,-0.002164,0.013291,0.113410,-0.142132,0.135355,-0.243769,0.163094,-0.106373,-0.006845,0.109697,-0.031841,0.168872,0.159399,0.136024,0.012725,-0.230620,0.188504,0.102054,0.043228,0.034665,0.054831,0.132123,-0.010630,-0.120843,-0.056516,0.240610,0.106776,0.147466,0.099888,0.002868,-0.001738,0.128656,0.087753,-0.244984,-0.083047,0.079409,-0.172476,0.163958,-0.233066,0.417394,0.130404,0.023137,0.021384,0.051991,-0.007907,0.026894,-0.273556,0.163364,-0.112550,0.224716,0.036563,0.004499,-0.169125,0.047810,0.064812,0.075793,-0.110082,-0.179570,0.018447,0.103860,0.173375,0.173796,0.123077,0.022220,-0.025255,0.161290,0.116853,0.144618,0.133589,-0.041191,-0.203492,-0.061652,0.113326,-0.266486,-0.053400,#
15,-0.075714,-0.093635,-0.176714,-0.152253,0.104393,-0.287982,0.426125,-0.030344,0.096480,0.045437,0.149956,0.045130,-0.060725,0.030622,-0.098109,1.000000,-0.069421,0.194137,0.016423,-0.095844,-0.105890,0.079942,0.060457,0.146488,0.055245,0.010063,-0.224133,-0.032098,0.131192,-0.151898,0.124839,0.175706,-0.020933,0.195822,-0.115274,-0.086816,0.055242,0.366326,-0.164854,-0.140626,-0.033990,-0.049796,0.192240,0.163179,-0.133135,-0.037949,0.004337,-0.144527,-0.066130,0.038845,0.013284,0.121043,0.097230,0.054597,0.031405,-0.026845,0.144730,-0.027382,0.071375,0.166790,0.258903,0.200243,0.106350,-0.077906,0.196687,-0.100479,0.200492,0.208366,-0.075986,0.059451,0.015112,-0.037487,-0.108709,0.072282,-0.012340,0.323296,0.004944,-0.085007,0.173443,-0.014635,-0.197444,0.066432,-0.031547,0.218491,0.079116,-0.188316,-0.161834,-0.002114,0.013346,-0.143065,-0.060054,0.259241,0.166318,0.001417,-0.208467,0.157773,0.074942,0.193743,0.139243,0.209830,-0.082562,0.046278,0.098223,-0.009439,-0.014219,-0.077650,-0.162913,-0.007227,-0.139141,0.033114,0.048793,-0.161476,0.114693,0.126937,0.250851,-0.025978,-0.264041,-0.012308,-0.084158,0.448754,-0.018898,0.102771,0.061615,0.072461,-0.147119,0.024687,-0.164179,-0.025564,0.024435,0.270487,0.201351,-0.072321,-0.155339,-0.242240,0.020371,0.349462,0.279614,-0.071578,-0.135371,0.194840,-0.089304,-0.122153,-0.079065,-0.006479,0.033410,-0.000862,-0.051794,-0.005429,0.061649,-0.124804,0.053761,0.320747,-0.011007,0.050558,-0.059060,0.039695,0.010465,-0.247672,0.042866,0.155277,0.005535,0.024052,0.050273,0.116958,-0.040778,-0.062125,0.063745,-0.160104,0.066667,0.200126,-0.255375,0.106385,-0.321574,0.055526,0.100117,0.101493,-0.071924,0.004692,0.017916,0.094662,0.050998,0.069494,-0.089233,-0.003331,0.282375,0.022708,-0.004495,-0.194789,-0.205085,-0.117502,-0.076298,0.114775,-0.078866,-0.144449,-0.144642,0.108332,-0.023444,-0.148225,0.232616,-0.071742,#
16,0.013481,0.140757,-0.112259,-0.101968,-0.191955,0.025213,0.031865,0.096437,-0.059235,-0.007259,0.137749,0.037945,0.034282,-0.010082,0.150421,-0.069421,1.000000,0.151456,0.186188,0.311980,0.132230,-0.398074,0.024552,0.073445,0.265389,0.138477,0.053904,0.208385,-0.408254,0.059156,0.119810,-0.059381,-0.106763,-0.142928,0.065697,0.042367,0.127075,0.301554,0.038442,0.047327,0.098357,-0.023531,0.016578,-0.074520,0.124395,-0.033347,0.065584,-0.089693,0.150707,0.094244,-0.103286,0.150154,0.097211,-0.034063,-0.144203,0.150898,-0.011890,-0.052310,0.047187,0.014144,0.103645,0.263368,-0.060009,-0.013724,-0.094034,0.016877,0.214584,0.020949,0.011924,0.098522,0.181169,0.011105,0.221889,0.056749,-0.052956,0.086600,-0.050266,-0.000943,-0.111928,0.142466,0.178225,0.028929,0.196512,-0.025835,-0.026989,0.039432,0.141752,-0.326547,-0.196304,0.090349,-0.159836,0.152055,0.075595,-0.227063,-0.097274,0.051246,-0.172790,0.279932,0.079998,0.146899,0.148927,0.192900,0.083553,0.078472,0.066217,0.009803,-0.148861,-0.008535,0.140958,-0.011030,-0.050605,0.022032,0.166660,-0.057967,0.083373,-0.001614,0.356442,0.168359,0.139407,-0.090571,-0.076074,-0.228785,0.198349,-0.001323,0.150567,-0.024675,-0.293737,0.056504,0.196567,-0.092904,0.125145,0.004784,-0.149798,0.050372,-0.080384,0.040422,0.187140,0.073597,-0.154313,-0.265617,0.015412,-0.080743,0.026739,-0.022505,-0.094914,-0.011349,0.221260,0.077090,0.120293,-0.080828,-0.000287,0.013297,-0.064444,-0.043420,0.072352,-0.062383,0.238314,-0.114582,0.054263,0.043765,0.239507,-0.074665,0.171468,-0.145193,0.198449,0.134775,-0.082439,0.222824,0.100902,0.067533,-0.158656,0.209775,0.026698,0.180510,0.092744,0.092485,0.057095,0.379451,0.063005,0.083855,0.141280,-0.129724,-0.209056,0.262658,-0.299932,-0.118283,-0.014748,-0.041910,0.122244,0.047703,-0.083673,0.105749,-0.110601,0.103173,0.189041,0.009663,0.147183,0.077121,-0.086037,-0.083962,#
17,0.080515,-0.260929,0.053177,-0.100459,-0.091602,-0.097410,0.121438,0.134541,0.006548,-0.058346,-0.110040,0.094768,-0.110647,0.052351,0.042627,0.194137,0.151456,1.000000,0.092064,0.176809,-0.112346,-0.016665,0.101969,-0.359419,0.066709,0.290577,-0.087510,0.116202,0.037662,-0.049323,-0.058336,0.199794,-0.016842,-0.008797,-0.215011,-0.187195,-0.035142,0.164560,0.067758,0.166001,0.037414,0.053138,0.065226,0.121293,0.040445,0.139020,-0.038400,0.044341,0.135402,0.171985,-0.073167,-0.218152,-0.021773,0.120674,0.096934,-0.030192,0.121554,-0.167312,-0.059597,0.123658,0.016355,-0.047991,0.379390,-0.020568,-0.058297,-0.153110,0.244198,0.153596,-0.014448,-0.126099,0.141033,-0.165899,-0.248361,0.158156,0.300775,-0.098662,-0.174364,-0.143752,0.070410,-0.054380,-0.000431,0.093044,-0.082176,0.041548,0.009191,-0.099849,0.094671,-0.044326,-0.037186,-0.319205,-0.187986,-0.042475,0.144788,0.125033,0.089457,0.007552,-0.197394,0.038793,0.138797,0.071772,-0.082279,-0.128930,-0.026688,-0.185074,0.018523,0.207870,-0.270938,-0.136931,0.002021,0.078442,0.176028,-0.246720,0.216706,0.072785,0.217729,-0.121020,-0.195791,-0.015599,0.173707,0.252242,-0.145369,0.111614,0.121491,-0.354587,-0.130130,-0.111380,-0.141221,0.130743,0.065506,0.069159,0.097300,0.037755,0.081101,-0.005987,0.060625,0.178860,0.332455,0.061281,-0.175261,0.206438,-0.104967,-0.014585,0.136324,-0.061007,0.085175,-0.059516,-0.153278,-0.186229,0.061254,-0.112796,0.024280,0.033288,-0.032192,0.052209,-0.155949,-0.018315,0.174640,-0.104091,-0.037679,0.079997,0.037326,0.001847,0.331803,-0.046192,-0.052555,-0.334163,-0.126410,-0.199145,0.022668,-0.034399,-0.149903,-0.078604,0.084323,0.009848,0.151902,-0.052649,0.182226,-0.057591,0.107715,0.280946,-0.056817,0.218781,-0.070268,0.367538,0.014970,-0.144346,-0.069970,0.006783,-0.082479,-0.054737,0.298324,0.005914,-0.133311,-0.043406,-0.063333,0.137123,-0.109924,-0.156245,0.001399,-0.277711,#
18,-0.013135,0.001435,-0.113632,-0.137112,-0.219298,0.131286,-0.030094,0.000406,-0.342443,-0.167076,-0.074906,0.184467,0.135127,0.118885,-0.006609,0.016423,0.186188,0.092064,1.000000,0.023404,-0.150561,0.083773,-0.002305,-0.163881,0.008774,0.220373,-0.120989,0.015163,-0.102895,0.092033,-0.161391,0.038180,-0.020096,0.155135,-0.071253,-0.081481,-0.072102,0.345926,-0.123136,0.194745,-0.051868,0.048503,0.170528,-0.100065,-0.164625,-0.068012,0.023758,0.467947,0.063961,0.009672,-0.396946,0.108053,0.082385,-0.167050,0.037533,-0.052814,0.070456,-0.065625,0.028507,0.244140,-0.085505,0.150259,-0.038012,-0.176083,0.197782,-0.280344,0.032887,-0.240318,-0.322615,-0.027261,-0.270589,-0.236242,0.108523,-0.020413,0.188480,0.025215,-0.103727,0.042767,-0.274598,-0.074302,-0.092742,0.069668,0.298588,-0.025877,0.053864,0.115259,-0.255630,0.248844,-0.052787,-0.148130,0.032090,-0.060647,-0.006419,0.123696,0.037383,0.059479,0.026233,-0.017367,-0.226090,-0.128861,0.127880,0.047884,-0.047021,-0.155821,0.003069,0.239051,-0.064588,0.251463,0.009395,-0.017944,0.136691,-0.127905,-0.133376,-0.147947,0.105153,-0.044933,-0.137645,0.016253,0.264405,-0.014536,0.162847,-0.167580,-0.063659,-0.098257,0.224479,-0.229862,0.010750,-0.073600,0.053068,-0.158201,0.056868,0.041724,-0.129708,-0.114681,0.135308,0.119173,-0.072034,0.062304,-0.114715,-0.003957,-0.136102,-0.167780,-0.104850,0.041213,-0.029526,-0.082802,0.056706,0.024743,0.061019,-0.019710,0.147963,-0.204356,0.454880,0.110435,0.209331,0.057033,-0.051155,-0.154488,-0.154207,0.026454,0.119024,0.137746,0.085891,-0.124973,-0.013123,-0.095049,0.193406,-0.117207,0.080736,0.107160,0.235021,-0.058848,0.165182,0.332782,0.045405,0.055339,-0.123387,0.003167,-0.138231,0.162644,-0.021145,-0.048694,-0.112238,0.027278,-0.208013,-0.072182,-0.046540,-0.185996,-0.202268,-0.047808,0.124799,0.017337,-0.021080,0.106121,0.058995,-0.030181,-0.119632,0.406274,0.050136,0.173230,#
19,0.101419,0.065548,0.059555,-0.087933,-0.030098,0.431731,0.021857,0.086472,-0.021837,-0.107348,-0.013790,0.116593,-0.097162,-0.070911,0.010827,-0.095844,0.311980,0.176809,0.023404,1.000000,0.159189,-0.146758,-0.119628,0.057522,0.210015,0.168041,-0.007036,0.105270,-0.315764,0.003398,0.120644,0.117019,0.073192,0.001659,0.101782,0.071705,0.139395,0.080754,-0.007649,0.043820,0.196060,0.236259,-0.049077,-0.104969,0.008378,0.139561,-0.002517,0.109440,0.058688,0.228286,0.036493,-0.121635,0.140344,0.138075,0.037127,0.042654,-0.106298,0.053471,-0.023215,0.124993,-0.013153,-0.097776,0.056469,0.100011,-0.088936,-0.005899,0.133293,0.159333,0.202011,-0.010507,0.202301,-0.155995,0.172192,0.078226,-0.008493,0.172021,-0.085575,0.209550,0.059282,0.036974,0.122037,0.016390,0.081778,0.120264,0.021570,-0.098827,0.113713,-0.062411,0.086863,0.079176,-0.231364,0.054570,0.044274,-0.154902,0.034099,0.018026,0.058514,0.221274,0.123938,0.184929,0.143908,0.075837,0.118231,0.234197,0.096674,0.105977,0.276762,-0.118096,0.052777,-0.133048,0.214196,0.030374,-0.057665,0.063256,0.028111,0.102572,0.307700,0.123681,0.237423,-0.081360,0.315182,-0.065296,-0.006442,0.105456,0.086007,0.223369,0.092355,0.186513,0.147988,0.004972,0.175925,0.181464,0.128737,0.162141,0.047400,0.138592,0.063467,0.082292,0.208118,-0.017263,-0.128768,0.083981,-0.106116,-0.050710,0.283280,-0.213709,-0.139777,-0.049718,0.286370,0.182935,0.085896,0.101589,-0.077933,0.105759,0.164932,0.082811,0.234120,-0.001683,0.184305,0.158048,0.212663,0.217630,0.032616,0.252116,0.267321,0.101447,-0.107809,0.185717,-0.000307,-0.013320,-0.115555,0.161258,0.219500,0.125129,0.145328,0.208334,0.126876,0.117565,0.201706,0.085173,0.102800,0.151305,0.011119,0.217976,0.069998,0.079852,-0.151926,-0.208822,0.088218,0.070639,0.161714,0.206469,-0.020220,0.315383,0.139553,0.074949,0.085680,-0.159222,-0.104186,-0.170685,#
20,-0.262896,0.172819,0.087149,0.181875,0.242714,0.057046,-0.053355,0.069493,0.111181,0.055224,0.034924,-0.073051,0.190596,0.165695,-0.033384,-0.105890,0.132230,-0.112346,-0.150561,0.159189,1.000000,0.037075,0.085270,0.244522,0.360558,0.180490,-0.046449,0.166785,0.014249,0.016435,0.129538,-0.027780,0.255407,0.236041,0.008119,0.144349,-0.160428,-0.001780,-0.236013,0.181259,0.271864,0.078349,0.079719,-0.249623,0.361814,-0.166471,0.106529,0.054976,0.120688,0.221239,-0.064623,0.083683,-0.032040,0.228383,0.120432,-0.093872,-0.290045,-0.163790,0.105245,-0.039947,-0.109240,0.042745,0.077185,0.127853,0.022050,0.040400,0.144044,-0.113842,0.130809,0.082287,0.207392,0.065497,0.232572,0.110105,-0.263640,-0.037195,0.125542,-0.042479,0.325118,0.036142,0.091307,0.236384,0.098292,-0.282471,-0.119550,0.031513,0.112976,0.139153,0.118127,0.417198,0.138714,-0.008436,0.136141,-0.019691,-0.145541,0.185225,0.097877,0.123704,0.009886,0.134882,0.220498,0.001279,0.030910,0.159701,-0.071436,0.240272,0.392572,-0.102613,-0.187471,0.328067,-0.199539,0.343421,0.032398,-0.151131,0.049549,-0.050054,0.025180,0.094587,-0.075113,-0.188513,0.085922,0.065315,0.062824,0.059091,-0.048863,0.142800,0.081613,-0.100644,-0.050983,0.240368,0.096989,0.093432,0.231334,0.181938,-0.123787,0.072472,0.016463,0.123680,0.141721,0.153281,-0.027544,-0.037610,0.087807,-0.035419,0.007257,-0.147539,-0.016666,0.126102,0.096825,-0.050649,0.106849,0.162305,0.013895,-0.080140,-0.061421,-0.156704,0.182832,0.082971,0.352527,-0.064298,0.043032,0.139131,0.080131,0.127789,0.020179,0.218169,-0.043568,0.306207,-0.024144,-0.185972,0.220720,-0.022871,-0.086621,0.140457,-0.004386,0.261959,0.092892,0.171313,0.009526,-0.122160,0.287288,-0.035922,0.129822,0.077462,-0.047765,0.179773,-0.013168,-0.007982,0.045753,0.152034,0.004132,0.217405,0.282089,0.156270,0.262206,0.094762,0.002591,0.075582,0.018376,-0.062209,#
