0,1.000000,-0.009763,0.166993,-0.062247,0.159368,-0.031570,-0.219658,-0.171221,0.057732,0.052090,0.098492,-0.101985,-0.018664,0.074482,0.106125,0.225078,-0.036879,-0.008701,0.131857,0.112955,0.078373,0.136708,0.044484,0.168787,0.220368,0.188452,0.112289,-0.025991,0.123623,0.174530,-0.000584,0.126456,0.083392,0.164049,0.132742,-0.063732,0.066285,-0.033145,0.255466,0.141756,0.212575,-0.019854,0.139004,-0.041640,0.027993,0.014894,-0.000849,0.386704,0.205523,0.321190,0.094509,-0.117070,0.091941,0.125654,0.065932,0.258887,0.111628,0.029607,-0.133751,-0.109232,0.049278,-0.200013,0.293457,-0.247225,-0.162841,-0.110512,-0.173731,0.186276,0.134126,-0.030950,0.312119,-0.065158,0.182599,0.154905,0.043379,-0.201836,0.120664,0.074465,-0.018855,0.071731,0.072486,0.057638,-0.051664,0.286045,0.182853,-0.044258,0.222986,0.254673,0.210186,0.032891,0.143253,0.058792,0.163381,0.117718,0.216355,0.083644,0.221961,0.064052,0.029095,0.144819,0.232309,0.162265,-0.059291,0.180186,0.136813,-0.015978,0.168847,0.127886,0.049053,-0.140327,-0.097523,0.050616,-0.091686,0.182744,-0.027542,-0.188753,0.137054,0.130983,0.093702,-0.056749,0.251651,0.314388,0.253361,0.086073,-0.048167,0.100638,0.111683,-0.177110,0.223079,0.125462,0.227996,0.156620,0.140713,0.236841,0.059064,-0.145394,0.154604,-0.091327,0.138370,0.154696,0.140783,0.050986,0.120872,-0.115206,0.025386,0.104175,0.145978,0.214267,0.320383,0.182304,-0.057340,0.002119,0.270398,-0.130489,0.111719,0.287886,0.018456,0.016411,0.046755,0.194000,-0.103861,0.178033,-0.177384,-0.097271,0.282553,0.017274,0.013843,0.162031,0.208425,-0.059183,0.245587,-0.002951,-0.074755,0.278142,-0.094953,0.131399,0.178832,0.202624,0.114478,-0.149269,0.141423,0.141000,-0.028582,0.013538,0.210778,-0.157774,0.248379,0.186146,0.252631,0.061019,-0.082489,0.040384,0.002152,0.155386,0.132421,0.005210,-0.089690,0.181641,0.324091,0.134159,#
1,-0.009763,1.000000,-0.017767,0.151597,0.231935,-0.010888,0.040463,0.007371,0.216497,-0.082707,0.132486,0.154496,-0.015346,0.151256,0.055610,-0.228808,0.173937,0.159270,-0.030030,0.272328,0.006249,0.244220,0.064766,0.026104,-0.075057,0.194233,0.314319,0.271969,-0.152590,0.156059,0.015948,0.220130,-0.156503,0.056290,-0.166201,0.262597,0.070186,-0.002404,0.180514,-0.024187,-0.357616,0.060583,0.066270,0.158643,0.101791,0.222010,0.408095,0.205485,0.012607,-0.078596,0.044035,-0.148253,0.302591,0.304210,0.016835,0.029027,0.079566,-0.070529,-0.111380,-0.051140,0.017253,0.055209,0.157969,-0.023685,-0.169132,-0.094844,-0.193969,0.027880,0.073657,0.287583,-0.005407,0.036040,0.256697,-0.174555,0.125543,0.134373,0.011562,0.037057,0.271299,0.163929,0.280850,0.048330,0.141209,-0.037072,0.181950,-0.329520,0.081581,-0.085049,0.132068,-0.011997,-0.025639,0.134794,-0.066458,0.005515,0.042019,-0.124647,-0.167475,-0.059670,-0.104888,-0.062645,0.140575,0.003179,0.116495,0.185387,0.110320,0.038758,0.202634,0.277504,-0.201644,0.237871,0.197710,-0.056444,-0.011394,0.264354,0.125552,0.065462,0.079268,0.017912,-0.081923,0.097392,0.006234,0.012010,0.128868,0.139550,0.078016,0.077527,0.106355,0.137440,-0.154032,0.133894,-0.010075,-0.136692,0.067887,0.200037,0.243329,0.201162,-0.031872,0.223084,0.364052,0.244972,0.088299,-0.126574,0.213681,0.154436,0.093320,0.108859,0.068996,-0.088507,-0.128673,-0.073430,-0.278840,-0.005639,0.073992,-0.040206,0.235801,0.080809,-0.025596,-0.172239,-0.171495,-0.200229,-0.067955,0.213878,0.176216,-0.042060,0.009809,-0.065826,-0.163891,-0.082043,0.086168,0.234487,0.155510,0.282069,-0.039670,0.133161,-0.122961,0.019736,0.051564,0.219575,0.152288,-0.164066,-0.173725,0.074529,-0.028096,-0.292222,0.099721,0.134343,0.046866,0.071499,0.003727,0.088455,0.305644,-0.187034,-0.264737,0.192820,0.311364,0.051979,-0.155107,-0.027685,0.013538,0.082555,#
2,0.166993,-0.017767,1.000000,-0.004230,0.101355,-0.052876,-0.061888,-0.111083,-0.051426,-0.075814,-0.059808,0.202963,0.067676,0.200882,-0.164834,0.198379,0.055835,-0.077330,0.114338,0.001794,0.169057,0.236013,-0.279309,0.005837,0.187526,0.241432,0.018964,0.033837,-0.095811,-0.015533,-0.210626,-0.159230,-0.107167,-0.176070,-0.004329,-0.022388,-0.014444,-0.272725,-0.145498,-0.021557,0.082899,0.018909,0.347713,-0.019220,0.063723,-0.147824,-0.080573,0.060088,0.153790,0.050167,0.196924,0.128726,0.078092,0.006306,-0.177390,-0.122146,-0.067484,-0.031383,0.019832,0.101457,0.161797,-0.085590,-0.099745,0.109123,0.149318,0.063114,0.107179,-0.075522,0.160592,0.135592,-0.183872,0.162799,-0.127537,0.032748,0.121827,-0.006902,0.049530,0.136081,-0.084707,-0.146830,0.156501,-0.213796,-0.057052,0.004103,-0.145141,-0.032657,0.159086,0.109474,0.067680,-0.215229,-0.145319,0.137410,0.105174,0.023907,0.073916,0.126460,0.238298,-0.038079,0.317651,-0.018162,0.039306,-0.044057,-0.071813,0.177492,-0.008455,-0.190557,-0.034518,-0.078066,-0.027733,0.106524,0.113368,0.062173,0.101550,-0.016237,-0.086833,0.131106,0.276163,-0.015739,-0.305768,-0.041315,0.004482,0.006080,0.055516,-0.041835,0.108130,-0.044110,0.188746,-0.036068,0.092869,-0.176595,-0.003780,0.003160,0.115553,0.048773,0.128437,0.157545,0.190740,-0.174369,-0.053289,-0.056973,-0.047686,-0.041306,0.192535,-0.152102,0.214925,0.094150,-0.386932,0.024007,0.224192,-0.039962,-0.087869,0.005052,0.210395,0.119639,-0.050281,-0.119867,0.068780,0.025745,-0.053238,0.164170,0.020284,0.257892,-0.171149,0.004631,-0.050273,-0.057278,0.049632,-0.083838,-0.087107,0.020392,-0.211298,0.302549,-0.104209,0.122763,0.112769,0.053053,0.309259,-0.058049,-0.095570,0.033760,0.025559,0.089845,-0.450774,0.208898,-0.072002,0.145639,0.096898,-0.120122,0.239056,-0.320436,-0.029732,0.117978,0.123522,-0.085224,0.068085,0.041626,-0.188297,0.086712,0.113678,0.031305,#
3,-0.062247,0.151597,-0.004230,1.000000,0.202289,0.120104,0.192976,-0.188923,0.171210,-0.118974,0.147226,0.119329,0.169703,0.003712,0.078297,0.026752,0.023488,-0.051815,0.137252,0.198915,0.096514,0.042490,-0.013491,0.270938,0.248572,0.322507,0.070720,0.233898,0.129508,-0.030963,0.050763,0.321762,0.287355,-0.023864,-0.057132,0.011318,0.323792,0.168336,0.263005,0.072659,0.072584,0.240562,0.217608,0.441843,-0.069708,0.110741,0.207229,0.175978,-0.010038,0.158329,0.072345,0.146778,0.336913,-0.075489,-0.007661,0.251078,-0.046611,-0.100422,-0.068026,0.218588,0.094028,-0.031008,0.027459,-0.080837,0.235916,0.202147,-0.004235,0.040697,0.151311,0.074482,0.105504,0.018923,0.161737,0.056590,0.132993,0.272713,0.104345,0.099354,0.152019,-0.116566,0.418844,0.201285,-0.115850,0.213070,0.260810,0.081748,-0.102660,0.018144,0.301268,-0.115856,0.060421,0.179739,0.134967,0.184272,0.055163,0.109517,0.354184,-0.136205,0.254371,0.316035,0.261606,0.101556,0.034270,0.167976,0.326630,-0.018709,-0.030364,0.139065,-0.184031,0.172096,0.210122,-0.006942,0.138481,0.076445,-0.074247,-0.125425,0.267157,0.046515,0.147696,0.039980,0.217951,0.014198,0.144574,0.228959,0.020265,0.175265,0.096405,0.091183,-0.113373,0.119618,0.221432,0.184276,0.228436,0.183075,0.086875,-0.126899,-0.016401,-0.021424,0.327225,0.085630,0.144843,0.097471,0.184886,0.061434,0.005189,-0.132859,0.068153,0.329774,0.212516,0.114054,-0.127598,0.105058,0.047092,0.223690,0.193974,-0.000696,0.001346,0.110829,0.001376,0.244504,0.185993,0.115072,0.152630,0.426743,0.091610,-0.141247,0.023233,-0.182088,-0.123915,0.008905,0.245852,-0.032069,-0.068200,-0.141847,-0.176580,-0.001953,0.103941,0.134545,0.131921,0.022921,0.082598,0.358068,0.177047,-0.238643,-0.060180,0.147161,0.048613,0.095380,0.047741,0.145197,0.045706,0.002943,0.276099,0.002821,0.105304,0.190224,0.216210,0.175328,0.201867,0.032365,#
4,0.159368,0.231935,0.101355,0.202289,1.000000,0.143873,-0.138585,0.023055,0.240226,-0.086707,-0.154746,-0.106385,0.310941,0.079708,0.028719,-0.000492,-0.112638,0.062696,0.185217,0.311128,0.337903,0.069299,0.039852,0.182009,0.228501,0.326072,0.102912,0.143270,0.024912,-0.119777,-0.027870,0.051849,0.159185,-0.259965,-0.085876,0.136871,0.413609,-0.161494,-0.081131,0.062669,0.019551,0.398739,0.111020,0.070244,0.386795,-0.077291,0.356291,0.201963,0.222245,0.112064,0.000015,-0.038315,0.163980,0.249321,0.223569,0.268264,0.199941,0.168903,0.070583,-0.167091,0.084298,0.041305,0.015045,-0.191696,0.005307,-0.161214,0.070139,0.043001,-0.099157,0.091817,0.163908,0.011750,0.139137,0.077671,-0.039790,-0.188096,0.107529,0.112235,0.317112,0.056852,0.330082,0.191317,-0.166303,-0.009581,0.403606,-0.009099,0.008123,0.168228,0.237320,0.301864,0.201815,0.126732,-0.069327,0.021509,-0.041373,0.207350,0.004914,0.128392,0.100935,0.002836,0.106063,-0.131323,0.273905,0.142117,0.167099,-0.011250,-0.023275,0.241769,-0.102148,0.058211,0.509550,0.077714,0.127548,0.316591,0.082281,-0.161242,0.177578,-0.214585,-0.027216,-0.000028,0.245397,0.123850,0.172874,-0.175501,0.248163,0.003634,0.351365,0.023036,0.149363,-0.171679,0.074675,-0.046257,0.003157,0.261993,0.254813,-0.099370,0.159838,0.009283,0.163929,0.296772,0.381681,-0.118889,0.110723,-0.081387,-0.053054,0.205085,0.108057,0.241522,0.135452,-0.179014,-0.034169,-0.005984,-0.002984,0.075443,-0.065917,0.011672,0.439265,0.103513,-0.111274,0.213971,0.019335,0.097408,-0.252486,0.092778,-0.083372,0.033327,-0.121580,-0.017508,-0.086838,0.110135,0.014575,0.020963,0.314231,0.348965,-0.041430,0.092982,0.169983,0.133878,0.210413,0.045453,-0.201099,-0.019128,0.059502,0.078657,0.174321,-0.130762,0.032700,0.283814,-0.041530,0.164413,0.116910,0.012448,0.148397,0.045032,0.104679,0.187831,-0.073581,0.281379,0.117691,0.262955,#
5,-0.031570,-0.010888,-0.052876,0.120104,0.143873,1.000000,0.158617,-0.042374,0.138761,0.135593,0.140846,0.053272,0.294085,0.036493,0.168421,-0.144313,-0.072438,-0.066606,-0.160226,-0.045112,0.040683,-0.139848,-0.087030,0.072802,0.187791,0.048701,0.059524,0.152422,0.106764,0.214735,-0.090968,0.243768,0.115760,0.106622,-0.015530,-0.090119,0.249665,0.019689,0.082661,0.024017,0.114154,0.208753,-0.039219,0.098677,-0.163769,0.090655,0.066802,-0.105008,0.193181,0.264421,-0.044137,0.036009,0.086630,-0.011986,-0.018269,0.195014,-0.054397,-0.160450,0.046844,-0.075032,-0.012446,0.086138,0.014506,-0.174690,-0.012657,0.025876,0.105177,-0.097000,0.020597,-0.023191,0.106568,0.249168,0.110601,0.199869,-0.065543,-0.155116,0.243594,-0.145409,0.068249,-0.068130,0.112227,0.108187,0.144569,-0.098592,0.121299,0.035675,-0.115687,0.010148,-0.062071,-0.033268,0.083172,0.249095,-0.036589,0.142373,0.065889,0.162604,-0.089983,-0.056518,0.083057,-0.212955,0.072990,0.150887,-0.208279,0.065029,0.089944,0.019760,-0.014679,0.023636,-0.005559,-0.106310,0.171828,-0.110562,-0.055725,0.142570,-0.062928,-0.170839,-0.067133,0.010685,0.043744,-0.071613,0.036550,0.106324,-0.012083,-0.028676,-0.128553,0.023693,-0.215854,-0.030223,0.301244,0.009825,0.166012,-0.096771,0.060243,0.156781,0.281002,0.264708,-0.065354,0.071518,0.068095,0.024746,0.245268,0.054230,0.097769,0.224360,-0.104812,0.134222,0.196826,0.000351,-0.237152,0.059976,0.146239,-0.148971,0.112589,0.229840,0.100138,0.054306,0.155452,-0.072646,0.213124,-0.106480,0.068624,-0.030166,-0.056188,0.128174,-0.214899,-0.075000,-0.029112,-0.049959,0.263494,0.136003,0.145569,0.045752,-0.098523,0.123151,-0.092291,0.035774,0.178175,0.057966,0.221292,-0.242845,-0.090460,-0.114192,0.145524,0.069005,-0.003252,0.162145,0.241598,-0.148761,-0.199988,0.003653,-0.149303,0.015343,0.194667,0.110679,0.064002,-0.071348,-0.131843,0.298274,-0.046748,0.249560,#
6,-0.219658,0.040463,-0.061888,0.192976,-0.138585,0.158617,1.000000,-0.077477,0.114181,-0.053945,0.016496,-0.065223,0.033857,0.141143,0.007667,-0.028027,0.201339,-0.112434,0.139753,-0.016458,0.052295,-0.134175,-0.175900,-0.208178,-0.148649,0.236498,0.100640,0.131813,-0.017696,0.062866,-0.069142,0.235387,-0.103787,0.192067,-0.163624,-0.054615,-0.064142,0.123026,-0.146791,0.132569,-0.221267,-0.182746,-0.137506,0.207752,-0.136150,0.035660,-0.101640,-0.103269,-0.050062,-0.085499,0.039987,0.111090,0.299654,0.178551,-0.174098,0.132958,-0.352191,-0.288930,0.077180,0.262029,0.072690,-0.051569,0.052137,0.034650,0.018486,0.189819,0.124688,0.136197,0.073388,-0.021331,-0.101501,-0.001457,-0.148949,-0.056080,0.232554,0.084820,-0.030350,0.283258,0.091295,-0.066267,-0.122170,0.047530,0.154519,0.067588,0.039712,0.165351,-0.178234,-0.014878,-0.055060,-0.320995,0.011648,-0.009668,-0.200016,-0.106447,0.044072,0.079692,0.123474,-0.084958,0.219664,0.075680,0.162426,0.189742,-0.224021,-0.128689,-0.136692,0.098631,-0.102064,-0.070524,0.021594,0.238426,-0.048280,-0.096856,0.227129,-0.199344,0.024272,0.102603,0.088526,-0.029564,0.041997,0.083447,-0.076655,0.131101,-0.252577,0.000586,0.116141,0.046544,-0.195639,0.000083,-0.236139,-0.050763,0.058869,-0.239694,-0.005007,-0.171094,0.104379,0.203185,-0.039947,0.070005,0.126510,-0.018991,-0.227066,0.012371,-0.084375,0.028497,-0.175979,-0.137993,0.046922,-0.050643,-0.088336,-0.235303,0.043079,-0.030615,0.086873,-0.038099,0.180015,0.003599,-0.048486,0.197878,0.055148,0.070413,-0.104760,0.064014,0.358095,0.371789,0.009049,-0.030296,-0.117863,-0.139846,0.072892,0.150193,-0.151808,-0.091013,0.014213,-0.059936,0.028355,-0.030031,-0.104865,0.033446,0.382615,-0.289255,-0.206897,-0.167221,0.152363,0.016042,0.151391,0.326407,0.014956,-0.004506,-0.106298,0.055047,-0.014299,-0.071353,-0.148199,0.092335,-0.097668,-0.131322,0.063007,0.064994,-0.076505,0.039411,#
7,-0.171221,0.007371,-0.111083,-0.188923,0.023055,-0.042374,-0.077477,1.000000,0.058236,0.076848,0.116112,0.275274,-0.064658,-0.047362,0.180060,0.103561,0.106529,0.418047,0.022093,0.080073,0.138921,0.149069,0.018795,-0.040032,0.056326,-0.025874,0.065435,0.273660,-0.239515,0.004735,0.008647,-0.153473,-0.061074,-0.038925,-0.067752,0.051016,-0.250082,-0.183229,0.026163,0.045721,0.150238,0.106300,-0.032085,0.070954,0.270228,0.193109,-0.023859,-0.028672,0.165849,-0.124365,-0.065387,-0.079912,-0.039302,0.076249,0.056247,-0.015502,0.227910,0.346255,0.043049,-0.178096,0.222249,0.064641,0.116520,-0.009113,0.221017,0.142800,0.181111,-0.186910,0.027442,0.105398,0.129684,0.080099,0.099593,0.152529,-0.070532,0.050398,-0.114728,0.134213,-0.022572,0.273894,0.110420,-0.033974,0.201599,-0.058787,-0.012956,0.011520,-0.023310,-0.258831,0.126743,0.167292,-0.065875,0.105640,-0.088543,0.056889,-0.140858,-0.093902,-0.079361,0.181846,-0.148574,0.021535,0.032163,-0.053681,0.047510,-0.017232,-0.181240,0.048054,0.357871,-0.005458,-0.037646,0.186508,-0.043698,0.018846,-0.132212,0.079521,0.281686,0.212956,-0.211741,-0.214538,-0.158726,0.241449,-0.018704,0.052583,-0.093775,-0.099479,0.119760,0.068600,0.061094,0.051726,-0.053600,-0.028555,-0.020513,0.185026,0.112719,-0.136662,0.284741,0.132653,-0.230491,0.434207,-0.027889,0.056650,0.221455,-0.077545,-0.169215,-0.081084,0.055761,0.081413,0.134161,-0.024054,-0.175816,-0.012842,0.157574,0.016169,0.039835,0.024270,-0.056926,0.161720,0.251279,0.053111,0.120287,0.111600,-0.113969,-0.063123,0.189889,-0.113554,-0.207296,0.295598,0.197209,-0.043222,0.005841,0.058417,-0.014565,-0.026742,-0.063201,0.041977,0.064056,-0.071331,-0.041086,0.009973,-0.167761,0.196957,0.071147,0.064748,0.100368,0.067013,-0.419597,0.011691,-0.141962,-0.170127,0.181436,0.303504,0.262742,-0.120281,-0.005123,-0.018581,-0.006363,0.081164,-0.181789,0.030136,0.239922,-0.085662,#
8,0.057732,0.216497,-0.051426,0.171210,0.240226,0.138761,0.114181,0.058236,1.000000,0.050581,0.241956,0.115087,0.201304,-0.049214,0.201114,-0.189739,-0.099623,0.095809,0.026633,0.034873,0.062697,-0.032782,-0.129767,0.230829,-0.010979,0.054197,0.005424,0.099757,-0.062025,-0.044466,-0.331149,0.205845,-0.020967,-0.198292,-0.168268,-0.005053,0.172868,-0.231213,0.023481,-0.094899,0.105518,-0.019245,0.053009,0.065311,0.241171,0.117409,-0.026728,0.108967,0.177009,-0.031848,0.045405,0.245656,0.175174,0.349233,-0.042049,0.183695,0.089110,0.266898,-0.128404,0.077906,0.123170,0.142375,0.051553,-0.288214,-0.048588,0.190371,-0.009316,-0.092797,0.308172,0.032464,0.063914,0.001882,0.107865,-0.193956,0.046874,0.034378,-0.014316,0.133035,0.136435,-0.146188,0.203360,0.200392,0.124221,0.091231,0.273581,0.133564,0.077123,0.112945,0.117079,0.200806,0.038706,0.336521,-0.002347,-0.253418,0.422858,0.238217,0.043310,0.041957,0.245136,-0.016385,0.059001,0.028898,0.051057,0.149299,0.115650,0.004390,0.099254,0.094247,-0.252649,0.260292,0.077511,-0.086977,-0.123488,0.260980,-0.035694,0.057509,-0.021337,0.110865,0.001507,0.263127,0.180380,-0.021933,0.148230,-0.049977,-0.017345,0.159129,-0.061898,0.136630,-0.116753,0.198025,0.059159,-0.197960,0.057703,0.279632,0.169810,0.044342,-0.032074,0.139706,0.389847,0.179950,0.297498,0.057131,0.028150,-0.161734,-0.179552,-0.214606,0.239444,0.045541,-0.156987,-0.023249,0.224360,-0.144147,0.143666,-0.035635,0.235468,0.305629,0.219757,0.144446,0.092406,0.159562,-0.136213,0.001778,-0.142200,0.199398,-0.005349,-0.001654,0.144904,-0.111316,0.119640,0.002252,0.089113,0.102730,-0.106416,0.011194,0.011973,-0.198214,-0.006303,0.159911,0.253573,-0.113047,-0.059039,0.211830,-0.101499,-0.112627,-0.040959,0.108104,-0.132669,-0.031317,0.136954,0.307507,0.135141,-0.072691,0.212256,0.012740,0.236977,-0.008338,0.070427,-0.077557,-0.214265,0.015908,#
9,0.052090,-0.082707,-0.075814,-0.118974,-0.086707,0.135593,-0.053945,0.076848,0.050581,1.000000,0.149730,-0.105212,-0.092676,0.226212,-0.003107,-0.028867,-0.101064,-0.158478,-0.385292,0.149781,-0.170296,-0.070237,-0.107309,-0.116544,-0.123395,0.033613,0.290002,0.061920,0.033353,-0.254324,0.185289,0.127800,-0.107275,0.127463,0.236017,-0.109165,-0.152458,0.120505,-0.129477,-0.246681,0.194186,0.047755,0.028996,-0.216299,0.057354,-0.039719,-0.078103,0.060817,0.029919,-0.036325,-0.090983,0.112205,-0.175635,-0.015320,0.120243,0.034354,-0.030398,0.149468,0.115044,-0.155699,0.232295,-0.082385,0.119972,-0.161787,0.140468,-0.014809,-0.147829,-0.233817,0.113554,-0.175329,0.167380,0.024963,0.017075,0.053000,0.149876,-0.032782,-0.147466,-0.096933,0.163598,-0.069322,-0.086005,0.227009,-0.178428,-0.017630,0.129173,0.145336,-0.013674,-0.102141,-0.336248,-0.070334,-0.130107,-0.003600,0.058722,-0.226633,-0.033524,0.053351,-0.053073,0.056479,0.121742,-0.039398,0.051017,0.275652,0.090189,0.099176,0.290091,0.089367,0.036096,-0.236754,0.213576,-0.010851,-0.224795,-0.179520,-0.166036,0.198032,-0.017857,-0.077931,-0.164325,0.088365,0.114679,-0.070280,0.089182,0.045348,-0.083889,0.151597,-0.167184,0.238466,-0.339154,0.060788,0.047550,0.113695,0.098216,-0.263181,-0.202745,0.138354,0.080624,0.187841,0.158253,0.169441,0.254592,-0.211870,-0.050964,0.031570,-0.023851,-0.138908,-0.175998,0.036185,0.210973,0.076610,0.049932,0.388590,0.002165,-0.293543,0.389808,0.026815,0.051132,0.135082,0.041411,0.188089,0.296963,-0.046565,-0.000626,0.046894,-0.282551,0.220587,-0.178888,-0.040090,-0.047821,-0.010464,0.280582,-0.101357,0.000086,0.071779,-0.042744,0.099699,-0.164679,-0.075646,0.107764,-0.131274,-0.040161,-0.141720,-0.026839,-0.019946,0.106489,0.139302,-0.136940,0.081494,-0.065610,0.147674,0.169910,-0.090641,0.110810,0.105503,-0.157917,0.157576,-0.184206,0.183367,0.098422,-0.138291,0.044079,0.107437,#
10,0.098492,0.132486,-0.059808,0.147226,-0.154746,0.140846,0.016496,0.116112,0.241956,0.149730,1.000000,-0.019311,-0.139764,0.158128,0.024263,-0.112575,-0.007758,0.078506,0.097034,0.000042,-0.251593,0.250496,-0.302113,0.009708,-0.015313,-0.048037,0.016137,0.294664,0.183245,0.060731,0.296409,0.221536,0.177570,0.062995,0.030246,-0.117203,-0.010382,0.092891,0.347036,0.181111,0.077635,0.045000,-0.034214,0.018358,-0.274119,0.059052,-0.055358,0.207609,0.127706,-0.024854,0.045385,0.052780,-0.074266,0.055770,-0.055419,0.100344,-0.049179,-0.070054,-0.201920,0.224237,-0.122193,-0.009245,0.016227,0.085417,0.404125,0.354725,0.047011,-0.145252,0.205890,0.120368,0.214262,0.028531,0.277902,0.110236,0.014660,0.089492,0.041523,-0.095343,-0.010598,0.107288,0.160871,-0.123789,0.356168,0.068322,0.269359,-0.087854,0.112313,-0.047448,0.077722,0.040831,-0.273205,0.042842,0.115660,-0.108573,0.152499,0.079794,0.040880,-0.153813,0.130478,0.080828,-0.024721,0.027579,0.107814,-0.173016,0.128583,-0.106381,-0.002781,0.122089,0.004716,0.060638,-0.089825,0.078018,-0.077940,0.097473,0.406763,0.111629,0.109059,-0.094534,0.058407,0.095347,0.061265,0.218850,-0.012320,0.158839,-0.021751,0.144871,-0.102023,0.140732,-0.035385,0.107938,0.395818,-0.055426,-0.065461,0.177334,0.074990,0.071154,-0.062940,0.244266,0.210197,-0.040581,0.219500,-0.126732,0.139938,-0.023043,-0.183952,-0.008354,0.170975,-0.082718,-0.078025,0.062245,-0.043288,0.086026,0.353144,-0.228652,0.284007,0.072833,0.098061,-0.092196,0.228438,0.061783,0.021514,-0.127332,0.208461,-0.038567,-0.100830,-0.063004,0.088881,0.009234,0.087742,0.144497,0.128564,0.126312,-0.041854,0.146581,-0.129667,0.012030,0.112283,0.024345,-0.023876,-0.110911,0.040262,0.138991,0.112688,-0.092989,-0.076204,0.330004,-0.067169,-0.224408,0.155310,0.126835,0.299691,-0.145074,0.030911,0.046774,0.225585,0.082173,-0.060228,0.047630,0.089227,0.088530,#
11,-0.101985,0.154496,0.202963,0.119329,-0.106385,0.053272,-0.065223,0.275274,0.115087,-0.105212,-0.019311,1.000000,0.112261,-0.081339,-0.158728,0.033036,-0.015467,0.230315,0.279343,-0.179983,-0.100900,0.018783,-0.193463,0.051992,0.253965,0.151456,-0.020258,0.136247,-0.390961,0.027875,0.010593,-0.065534,-0.054029,-0.040780,-0.019328,0.105928,-0.069405,-0.171967,0.057042,0.035820,-0.270857,0.096742,0.317125,0.420441,0.001067,0.055651,-0.110949,-0.083801,0.049439,0.030052,0.214936,-0.140086,0.158376,0.096232,-0.268685,-0.195205,0.154212,0.230347,0.165686,-0.153384,-0.101463,-0.018433,0.180047,-0.001984,-0.147541,0.166635,0.064137,0.099871,0.022174,0.037679,-0.130121,-0.179646,0.182777,-0.063163,-0.116031,0.156671,-0.118940,-0.138351,-0.071882,0.198157,0.137051,-0.118426,0.049913,0.251871,0.136398,-0.245875,-0.017699,0.050668,0.218788,-0.142809,-0.007731,0.171767,0.158304,0.505341,-0.099463,0.052277,0.050438,0.074706,0.058571,0.049897,0.020577,0.047404,-0.109061,0.205815,-0.021803,0.175708,0.281211,0.110204,0.017496,0.075504,0.162286,0.087911,-0.018299,0.103441,-0.230485,0.128634,-0.087871,0.020255,-0.034621,-0.043374,-0.080747,-0.073923,0.159706,0.014462,0.171857,0.069029,0.002949,0.167137,0.089556,-0.003173,-0.040455,0.130003,0.168841,0.181829,0.119676,-0.062732,-0.393705,0.309127,-0.001831,0.081761,0.067443,0.018014,0.159881,-0.067385,-0.028910,-0.166848,-0.073086,-0.092316,-0.203146,-0.077999,-0.076167,0.228771,0.059768,0.267405,0.032250,0.122606,-0.031979,-0.150130,-0.076675,0.103884,-0.008882,0.041663,-0.077950,-0.154534,-0.115140,-0.023359,0.444196,-0.033020,0.119021,-0.026317,-0.044266,-0.132418,-0.330838,-0.185085,-0.003393,-0.007105,0.151238,0.035539,-0.036671,-0.106141,0.151259,0.080523,-0.221331,-0.122757,-0.277783,0.031006,-0.033954,0.090456,-0.038799,0.047042,0.041266,0.019732,0.173800,0.014975,0.165686,0.023257,-0.014315,-0.006218,0.075530,-0.084482,#
12,-0.018664,-0.015346,0.067676,0.169703,0.310941,0.294085,0.033857,-0.064658,0.201304,-0.092676,-0.139764,0.112261,1.000000,0.002996,0.098076,-0.057677,0.269659,-0.063665,-0.000916,0.322753,0.086371,0.060437,0.052150,0.185029,-0.030846,0.278180,0.056213,-0.074906,0.026554,0.241140,-0.230249,0.302633,0.152737,0.075824,0.013085,0.227976,0.197884,-0.076387,0.173493,-0.146334,0.128713,-0.030057,0.096075,0.249101,0.319601,0.173459,0.149510,0.011039,0.105172,0.162364,0.234354,0.223073,0.072026,0.138776,0.047385,0.110916,0.134216,0.143257,0.090801,-0.039554,-0.046788,0.040472,-0.000545,0.080968,0.131291,0.030988,0.087395,0.010268,0.088589,-0.021323,0.042857,0.107874,-0.035196,-0.016432,0.216546,0.117204,0.110492,0.074908,0.194085,0.033856,0.227450,0.319432,-0.020170,0.034508,0.271484,0.082975,-0.052858,0.305148,0.192913,0.016482,0.229742,0.367712,-0.027765,0.181582,0.169852,0.142333,0.141732,-0.053157,0.107305,0.062079,0.175239,0.192339,-0.072380,-0.070684,0.189623,0.058143,0.083304,-0.116842,-0.124862,-0.048541,0.347408,-0.036435,-0.002000,0.258210,-0.055555,-0.259611,0.038160,-0.013852,0.222559,-0.000346,0.164373,-0.040064,0.329232,0.135814,0.134794,-0.054848,0.136176,0.133402,0.078708,0.048026,0.099222,-0.194258,0.190456,0.060411,0.120256,-0.016645,-0.013888,0.124118,0.215675,0.213175,0.282877,-0.048656,0.088424,0.140354,-0.267602,0.164599,-0.117552,0.065563,-0.018031,-0.227666,-0.141091,0.185763,-0.012598,0.267905,-0.039888,-0.157508,0.055175,-0.160468,0.019009,-0.026378,-0.150684,0.256040,-0.028210,0.183472,-0.095579,-0.164888,0.153475,-0.033572,0.111329,0.077604,0.061296,-0.101684,-0.009016,0.138947,0.093526,-0.118335,0.255414,0.292878,0.148974,0.050154,0.018758,0.103022,0.045499,0.101794,0.086544,0.074551,0.185443,0.127895,-0.026369,0.135579,0.014217,-0.168369,0.014477,0.003488,-0.173336,0.064398,0.263155,0.312805,0.007739,0.054179,#
13,0.074482,0.151256,0.200882,0.003712,0.079708,0.036493,0.141143,-0.047362,-0.049214,0.226212,0.158128,-0.081339,0.002996,1.000000,0.153168,-0.071581,0.288188,-0.076558,0.139761,0.325454,0.066051,0.087191,-0.291229,0.070787,-0.013383,0.255697,0.373547,0.008008,-0.059275,-0.050617,0.271838,0.229078,0.030771,0.179685,0.204442,0.133667,-0.040941,-0.021035,0.017883,0.122278,-0.161887,0.069473,0.120791,0.000597,-0.004219,0.135835,0.197344,0.113229,0.177311,0.097167,0.026678,0.064918,0.252881,0.176320,0.114828,0.152044,-0.089100,0.016806,-0.014674,0.108216,0.193485,0.198911,0.149957,-0.022499,0.157004,0.092062,0.440217,0.240278,0.232913,0.045378,0.013025,0.130191,0.110343,-0.081027,0.172855,0.019344,0.312257,0.170150,0.304133,-0.081947,-0.015810,0.274119,-0.035335,0.369933,0.338806,0.065673,0.180055,0.262744,0.087577,-0.173115,-0.066991,0.094721,-0.160765,0.129882,-0.031192,-0.007654,0.217740,-0.064236,0.039015,0.238469,0.197378,0.280342,0.048174,0.215906,0.183556,0.022119,0.108294,-0.000563,0.270431,0.084787,-0.053405,-0.080829,0.292023,0.143043,0.159815,0.102554,0.352322,-0.013541,-0.182253,0.013944,0.005316,0.153044,0.178811,0.145733,0.298187,-0.099541,0.041792,-0.159570,0.170180,0.098688,0.144694,-0.128993,-0.168311,0.045203,0.179485,0.114384,0.105354,0.171911,0.379448,0.233312,-0.051294,0.035542,0.227142,0.221713,0.116523,0.159315,0.067056,0.189235,-0.044437,0.085700,0.073099,0.107475,0.216686,0.175130,0.260682,0.213112,-0.118696,0.355598,0.140911,0.138295,-0.206424,0.326861,-0.012999,0.359824,-0.139121,-0.072175,-0.052302,-0.087353,0.162073,0.055508,0.073804,0.268991,-0.008591,0.087646,-0.048632,0.352717,0.189651,0.063496,0.131470,-0.202898,0.075684,0.182864,0.103390,0.165680,0.084278,0.112686,0.276389,0.168289,0.066094,0.087561,0.231407,0.105806,-0.015064,0.042675,-0.099615,0.128699,-0.217541,0.095283,0.036915,0.096540,#
14,0.106125,0.055610,-0.164834,0.078297,0.028719,0.168421,0.007667,0.180060,0.201114,-0.003107,0.024263,-0.158728,0.098076,0.153168,1.000000,0.137367,0.116162,0.097197,-0.156998,0.187879,0.061124,0.030479,-0.071164,0.308385,-0.150849,-0.031278,0.170917,0.131117,-0.068587,0.102197,-0.236801,0.110601,-0.145141,-0.138523,0.050690,-0.070842,0.115669,0.149551,-0.024399,0.131877,0.204548,-0.158928,0.151523,-0.133703,0.170060,0.326847,0.047534,-0.038382,0.209112,0.069319,0.126057,-0.008484,0.318110,0.215264,0.339552,0.268435,0.099616,-0.121845,-0.284765,-0.011095,0.359033,0.153558,0.027621,-0.300545,0.030142,-0.013562,0.175567,0.143719,0.055117,0.092659,0.222126,-0.052618,0.105297,0.354523,0.236202,0.147173,0.178229,0.087440,0.143462,0.111278,0.171469,0.097359,0.054858,0.028559,0.054379,0.184081,-0.106219,0.052067,0.017341,-0.061860,0.266528,0.267888,-0.117204,0.009196,0.241015,-0.193999,0.020117,-0.006866,-0.203226,0.056312,0.178205,0.186982,-0.013999,0.212776,-0.020452,-0.029546,0.299934,0.079845,-0.021308,0.197033,-0.171233,-0.360869,-0.093793,0.159710,0.012948,-0.063316,0.039933,0.142190,0.061527,0.148305,0.128591,0.155795,-0.110367,0.027152,0.110155,-0.043994,0.066925,0.028288,0.058451,0.259600,0.053141,0.030634,-0.026134,-0.124764,-0.094955,0.099933,-0.124267,-0.053315,0.019637,0.213869,0.298300,0.206901,0.042902,0.108682,-0.025343,0.336783,0.230727,0.093885,-0.151478,0.100184,0.281900,0.071991,-0.161763,0.062136,0.185941,0.196924,0.175280,0.164987,0.043891,0.108003,-0.267532,0.168968,-0.046148,0.073144,0.181598,-0.099825,-0.039889,-0.123416,0.050792,0.239196,0.410185,0.173656,-0.089444,0.079052,0.116402,-0.090342,0.199364,0.269377,0.194712,0.022065,-0.094577,0.194752,0.109730,-0.070162,0.120849,0.039480,0.081686,-0.342408,0.137488,0.386837,0.085275,-0.009258,-0.022088,0.222816,-0.127372,0.063746,-0.188121,0.072951,0.018475,-0.081964,#
15,0.225078,-0.228808,0.198379,0.026752,-0.000492,-0.144313,-0.028027,0.103561,-0.189739,-0.028867,-0.112575,0.033036,-0.057677,-0.071581,0.137367,1.000000,0.167786,0.196107,0.137233,-0.031172,0.189446,0.019205,-0.077719,0.274343,0.063643,0.350312,0.133058,0.021181,0.239884,-0.084746,-0.001400,-0.020898,0.004222,0.231501,-0.137760,-0.251065,-0.185709,-0.069221,0.033958,-0.033279,0.078964,0.037645,0.248518,0.015834,0.169497,0.078326,-0.216356,-0.119502,-0.042871,0.166301,-0.157946,0.058190,0.117077,0.011827,0.149031,-0.037483,0.079420,0.009463,-0.001592,0.119136,0.070709,-0.219309,0.136599,-0.277295,0.002152,-0.030107,-0.097766,0.041039,0.089767,-0.057177,0.228012,-0.004949,-0.030517,0.072697,-0.062366,0.049922,-0.190997,0.120229,-0.242010,0.203773,0.132921,-0.142481,0.059912,0.385029,-0.017829,0.009490,-0.084949,0.073527,0.201780,0.101573,-0.016443,0.153817,0.063025,0.209912,-0.081317,-0.308573,0.243353,-0.058912,0.072537,0.089163,0.028661,0.042238,-0.219455,-0.093253,-0.245373,0.071306,0.062683,-0.122871,-0.039410,0.259258,-0.113909,0.202073,-0.074275,-0.014877,-0.184652,0.109352,-0.083508,-0.284830,-0.050847,0.000225,0.054528,0.137931,-0.005840,0.161922,0.070090,-0.235332,-0.048152,-0.015435,0.047771,-0.101357,0.130954,0.132245,-0.083226,-0.030664,-0.008634,0.093069,-0.045764,-0.023328,-0.041061,-0.065505,-0.165894,0.142777,-0.180465,-0.082232,0.244900,0.015856,-0.039168,0.130595,0.406223,-0.023112,-0.000527,-0.168544,0.080527,0.236545,-0.227773,0.288419,-0.031295,0.037057,0.061349,0.145545,-0.109889,0.041100,0.169671,0.126205,-0.086008,0.082343,0.091361,0.100532,-0.095114,-0.166528,-0.178778,-0.149437,0.110735,-0.160230,0.091969,-0.297606,0.305269,-0.079601,-0.096056,0.175436,0.168126,0.087035,-0.089320,0.124936,-0.121792,-0.121028,0.008549,0.123608,0.042633,0.086947,-0.198379,0.004556,0.005492,-0.019282,-0.070349,0.002546,-0.056658,0.118575,0.034718,-0.282251,#
16,-0.036879,0.173937,0.055835,0.023488,-0.112638,-0.072438,0.201339,0.106529,-0.099623,-0.101064,-0.007758,-0.015467,0.269659,0.288188,0.116162,0.167786,1.000000,-0.014652,0.110279,0.383603,0.153931,0.333623,0.021898,-0.081692,-0.195658,0.260884,0.170910,-0.086516,0.060395,0.226344,-0.016174,0.273680,-0.093707,0.287571,0.019466,0.110594,-0.087500,-0.116133,0.199532,-0.043960,-0.192847,-0.010261,0.139149,0.158053,0.149901,0.379544,0.010929,0.108510,0.080177,-0.146227,0.036770,0.124261,0.333847,0.021245,0.064095,-0.032217,0.045899,-0.100800,0.025401,-0.116718,0.067390,0.214788,0.319034,0.127115,0.152382,0.045062,-0.026391,0.449452,0.097588,0.118429,-0.090549,0.228768,0.260223,-0.126105,-0.019007,0.215492,0.084719,0.338750,0.129150,0.067730,-0.076433,0.016351,0.032297,0.158807,0.107613,0.015228,0.169073,0.001339,0.095260,-0.010793,0.125304,0.278854,-0.065283,0.015627,-0.053724,-0.203564,0.303266,-0.061600,0.003329,0.177655,0.097476,0.009855,-0.288567,-0.111438,0.027315,0.025843,0.060732,-0.022910,-0.144520,0.144088,0.144011,0.040530,-0.005038,0.025684,0.151025,0.379717,-0.006708,0.003561,-0.045553,0.322437,0.113006,0.133096,0.030813,0.149245,0.188961,-0.201060,0.030445,-0.186828,-0.060366,0.134353,-0.014692,-0.180856,0.341590,-0.248441,0.242914,0.190036,-0.174664,0.280795,0.194692,0.254929,-0.003516,0.162781,0.053367,0.071691,0.187329,0.070828,-0.033578,0.141473,0.158856,-0.003455,-0.148937,0.181333,-0.089225,0.036071,0.214864,0.022483,-0.076431,0.075895,0.019251,-0.059332,-0.083134,0.287285,0.246117,0.285493,0.051379,0.040718,0.109959,-0.005512,-0.040904,0.110222,-0.137839,0.012313,-0.022245,-0.025598,0.038843,0.081983,-0.047016,0.099714,0.152506,-0.117008,0.181770,0.160812,0.075599,-0.060279,-0.095957,0.043559,0.306518,0.116704,0.096831,0.167216,0.225260,-0.348235,-0.170847,0.067278,0.054368,0.216472,-0.210260,0.201835,-0.057827,0.063980,#
17,-0.008701,0.159270,-0.077330,-0.051815,0.062696,-0.066606,-0.112434,0.418047,0.095809,-0.158478,0.078506,0.230315,-0.063665,-0.076558,0.097197,0.196107,-0.014652,1.000000,0.022923,0.173064,0.281678,-0.089941,-0.141950,0.005493,0.026202,0.168304,-0.043897,-0.023156,-0.087654,0.076725,0.024461,0.010149,0.143022,-0.110358,-0.114943,0.034861,-0.224831,-0.194654,0.152853,-0.076534,-0.035895,-0.053687,-0.143513,0.139571,0.062574,0.098112,0.111748,-0.078946,-0.165367,0.070273,0.086349,-0.178738,-0.080600,0.051767,0.057384,0.096040,0.268558,0.083620,-0.036360,0.024219,0.103930,0.163192,0.141423,-0.221869,0.003812,-0.003344,0.125221,-0.000407,-0.006276,0.023759,-0.095878,0.014286,0.104721,-0.010599,-0.005740,0.133514,-0.253511,0.030535,-0.238924,0.217319,0.111655,0.003848,0.372140,0.183006,0.028290,-0.177231,-0.001724,0.123949,0.128820,0.260513,-0.007735,0.032783,-0.012297,0.146025,-0.243137,-0.133002,-0.065771,0.250053,0.116455,0.033933,-0.135135,-0.094405,0.008493,0.108930,-0.155033,0.149871,0.096311,0.073564,-0.115640,-0.039561,0.112531,0.368552,-0.043692,0.236076,0.060914,0.187878,-0.126914,-0.118228,-0.116146,0.055083,-0.140619,0.200846,0.055381,0.055240,0.256486,-0.138663,0.003054,0.100341,-0.018198,-0.165832,0.019205,0.067705,0.057269,0.085101,0.186555,0.094726,-0.105284,0.324314,0.027368,0.140530,0.046174,0.004506,-0.088615,-0.049590,0.099835,0.114097,-0.119675,-0.047886,-0.051415,-0.155645,-0.011342,-0.110668,-0.132934,0.109942,0.070923,0.198016,0.038896,-0.034750,0.209844,0.175505,0.076771,0.038891,0.159063,0.025648,0.009068,0.100962,0.151573,0.136747,-0.066930,-0.115830,0.083462,0.019245,-0.047065,-0.021061,0.078934,-0.327406,0.047118,0.033450,-0.226596,0.292482,-0.019486,0.036757,0.097537,0.025766,-0.182508,-0.124039,-0.152968,-0.069836,-0.008440,0.302833,0.257069,0.074904,0.039668,-0.010556,0.107674,-0.065500,-0.026855,-0.066806,-0.096076,-0.037910,#
18,0.131857,-0.030030,0.114338,0.137252,0.185217,-0.160226,0.139753,0.022093,0.026633,-0.385292,0.097034,0.279343,-0.000916,0.139761,-0.156998,0.137233,0.110279,0.022923,1.000000,-0.143788,0.086902,0.147435,-0.087707,0.217456,0.230057,0.132328,0.032662,0.292368,-0.083933,0.104141,0.055661,-0.158130,0.008327,-0.093513,0.122060,0.097567,0.342774,0.077076,0.082472,0.346239,-0.092080,0.246530,0.085478,0.227691,0.077801,0.002947,0.037471,0.152304,0.101127,0.163277,0.182485,0.041751,0.239031,0.141615,-0.053170,0.155892,0.095505,0.058457,-0.115671,-0.056055,-0.008419,-0.127405,0.084935,-0.128987,-0.001852,0.030666,0.172589,0.320806,-0.036618,-0.081616,-0.074592,-0.028089,0.024609,-0.083955,-0.049103,0.105302,-0.106631,0.200701,0.141423,0.042101,0.033161,-0.071137,0.053063,0.294027,0.174110,-0.108391,0.154993,0.020069,0.212272,0.036847,0.191857,0.054822,-0.119580,0.319150,-0.028171,0.169653,0.305485,0.099299,-0.057589,0.305866,0.004716,-0.033794,-0.014909,0.006755,0.070998,0.081170,-0.004635,0.086173,0.082311,0.225775,0.208625,0.273712,0.093129,0.066041,-0.018088,0.119638,0.015645,-0.213776,-0.036824,0.212698,-0.029707,0.094888,0.167981,0.011394,0.221728,-0.117973,0.220795,0.005791,0.307678,-0.080293,0.130333,0.200850,0.016914,0.087762,0.122288,-0.365102,-0.179366,0.109039,0.039302,0.221858,0.023399,-0.130766,0.053995,0.001856,0.082912,0.005866,-0.063590,0.036460,0.116019,-0.057926,-0.064854,0.223259,-0.064729,0.060445,0.102283,0.217000,0.199292,0.067209,-0.098450,0.513213,0.027184,0.114297,0.016529,0.052810,0.017961,0.116266,0.217837,0.108488,-0.050104,0.063599,-0.119715,0.015049,0.126922,-0.031192,-0.185983,0.144057,0.117596,0.097291,0.150339,-0.187675,0.058773,0.098949,0.143622,-0.079814,0.058435,-0.089334,0.155500,0.088871,-0.009828,0.181999,-0.051072,0.129458,0.197543,-0.068434,0.035736,-0.062179,-0.044006,0.287278,0.211239,-0.094818,#
19,0.112955,0.272328,0.001794,0.198915,0.311128,-0.045112,-0.016458,0.080073,0.034873,0.149781,0.000042,-0.179983,0.322753,0.325454,0.187879,-0.031172,0.383603,0.173064,-0.143788,1.000000,0.223427,0.301600,-0.009890,0.129612,-0.136728,0.493191,0.249644,0.067180,0.028961,0.050717,0.095270,0.343318,0.067407,0.153089,-0.007190,0.212607,-0.100133,-0.069647,0.276876,0.042130,0.040140,0.153666,-0.072293,0.091082,0.167171,0.220939,0.287830,0.501785,0.052341,0.184660,0.148223,0.079967,0.027442,0.280893,0.300010,0.147078,0.153540,-0.051744,0.094677,-0.020294,0.344924,0.259694,0.173270,0.068895,0.379755,0.026504,0.053163,0.256047,0.074344,0.294854,0.174879,0.206419,0.234447,0.031668,0.300723,0.429038,0.025067,0.256691,0.350810,-0.058783,0.156408,0.303595,0.071964,0.099306,0.347165,-0.129502,0.152511,0.199056,0.274960,0.217416,0.047893,0.228355,-0.006923,0.003360,0.007321,0.065122,0.035256,0.185814,-0.016174,0.099684,0.182663,0.178887,0.154919,0.198486,0.263399,0.186257,0.089985,0.287527,-0.038977,-0.012336,0.216504,0.105188,0.073838,0.306232,0.225264,0.061498,0.253112,0.169931,0.110239,-0.096600,0.342053,0.226010,0.355672,0.324796,0.402813,0.035983,0.266900,0.187410,-0.101349,0.119824,-0.106066,-0.234026,0.243443,0.143946,0.113854,0.164528,0.010065,0.289470,0.353845,0.281499,0.175014,0.187755,0.029615,0.017917,0.041245,0.099897,0.039649,0.178462,0.240824,-0.134195,0.025054,0.127666,0.020291,0.151362,0.272621,0.038064,0.049237,0.118639,0.133500,0.090880,0.092854,0.379952,0.109036,0.304889,0.078366,0.122131,-0.085070,0.141304,0.213883,-0.019201,0.072981,0.107446,0.131916,0.246383,0.149204,0.060347,0.224490,0.220414,0.104826,0.010764,-0.137368,0.278692,0.158434,0.010846,0.064738,0.103370,0.225130,0.299751,0.182745,0.201585,0.461985,0.104818,-0.196926,0.107336,0.080280,0.377951,0.100936,0.194002,0.032059,0.229208,#
20,0.078373,0.006249,0.169057,0.096514,0.337903,0.040683,0.052295,0.138921,0.062697,-0.170296,-0.251593,-0.100900,0.086371,0.066051,0.061124,0.189446,0.153931,0.281678,0.086902,0.223427,1.000000,-0.044046,0.077756,0.016986,0.253472,0.258305,0.099631,-0.031136,0.037583,0.070310,0.019879,0.033739,-0.029085,-0.070599,-0.165774,-0.110145,0.106072,-0.277601,-0.132880,0.006208,0.086938,0.280158,-0.051957,0.059906,0.262410,-0.011519,0.179760,0.061943,0.128990,0.066158,-0.194163,0.073568,0.167923,0.039154,0.066108,0.094520,0.112553,-0.008741,0.097919,-0.222676,0.222703,0.112798,0.181827,-0.077631,0.047168,-0.144450,0.078492,0.136025,0.164682,0.088853,0.024891,0.237972,0.082745,-0.054505,-0.057132,-0.234545,0.087847,0.389269,0.291931,-0.130330,0.132076,-0.012074,-0.035238,0.109942,0.077276,0.138873,0.013364,0.004086,0.251866,-0.000694,0.030356,0.063346,0.046652,0.026410,0.005485,-0.028219,0.247493,0.160364,0.035886,-0.211612,0.108665,-0.041947,0.041141,0.236493,-0.011170,0.015110,-0.036250,0.131076,-0.048052,0.100583,0.076464,0.033248,-0.065035,0.135834,0.028602,0.093641,0.110756,-0.112765,-0.221419,0.144710,0.109395,0.193768,-0.022919,-0.161224,0.125845,-0.088742,0.165803,0.066625,-0.075797,-0.038282,0.010560,0.016958,0.146353,0.002397,0.207793,0.118180,0.210137,0.003741,0.297500,0.080139,0.183487,0.124791,0.065234,0.097370,0.172254,-0.000316,-0.148054,0.310096,0.336559,0.031896,0.167124,0.006801,-0.195688,0.074085,-0.034993,0.064080,0.184158,0.030558,0.114151,0.307403,0.056052,0.129126,0.150455,0.234225,0.110415,0.015663,-0.092394,0.160669,0.023554,-0.127925,0.130756,0.071046,-0.113917,-0.002503,-0.077338,0.007205,-0.003468,-0.127351,0.228682,0.092831,0.067345,0.092018,-0.114456,0.037350,0.058600,-0.302694,0.067127,0.056355,-0.044413,0.373931,-0.009260,0.168098,0.071141,-0.054497,0.209956,0.102337,-0.074795,0.245641,-0.019093,-0.010098,#
