0,1.000000,0.005358,0.093315,0.119603,-0.136659,-0.006287,0.047090,-0.032316,0.020331,-0.169170,-0.048250,0.171664,0.201100,-0.354999,0.216925,-0.072832,-0.047416,0.023399,-0.041030,0.102600,-0.244465,0.053137,-0.010476,0.001037,0.013622,0.024861,0.131552,0.000121,-0.229965,-0.044351,-0.055047,-0.049881,-0.158782,-0.248851,0.265179,0.029151,0.213969,-0.182227,-0.113735,-0.062550,-0.080692,-0.075579,0.126360,0.052215,0.072756,0.097330,-0.051640,-0.077561,-0.169022,-0.141845,-0.010689,-0.184629,0.378855,0.101212,-0.205713,0.041952,0.019396,-0.027559,-0.032193,-0.291799,0.239454,-0.201376,0.006046,0.141143,-0.106708,0.163139,-0.251377,0.268189,-0.202860,-0.013873,-0.137935,0.001657,-0.139647,0.085485,0.038721,-0.144623,-0.128144,-0.215894,-0.098596,-0.046325,0.175360,-0.082504,-0.215196,-0.019014,-0.138900,0.290118,-0.101848,-0.223906,-0.206475,-0.217690,-0.068551,-0.072022,0.070984,0.041918,0.078907,0.208474,-0.201486,-0.026332,-0.094063,-0.107171,-0.254975,-0.046091,-0.418230,-0.001340,-0.037133,-0.267546,-0.202732,0.035389,0.196126,-0.057969,0.151603,-0.106001,-0.103812,-0.060685,-0.048341,0.066274,-0.230582,-0.128146,0.014929,0.121557,0.200115,0.407026,-0.069322,-0.040275,-0.119075,-0.034196,0.129774,0.098678,-0.224984,-0.018404,-0.286645,0.019445,-0.099731,-0.024323,0.018804,-0.243465,0.127134,0.017048,-0.190964,0.148529,-0.258986,0.155923,0.015205,0.335061,0.125553,0.007276,-0.094812,-0.090283,0.129661,-0.245934,0.001228,-0.245988,-0.140674,-0.144127,-0.085567,-0.096296,-0.125608,-0.107785,0.165430,0.161493,0.080850,0.286169,-0.320985,-0.033593,-0.155611,0.152392,0.173038,0.009848,0.088325,0.067256,-0.014136,-0.016257,0.100921,0.106126,0.129501,0.006501,0.115566,-0.102068,0.112088,0.052704,-0.184129,0.162867,-0.016631,0.097031,0.069984,0.011504,0.152679,0.120318,0.086382,0.277756,-0.140239,-0.034933,-0.092373,0.046084,-0.072076,-0.153471,-0.188928,-0.158096,-0.102058,0.043577,#
1,0.005358,1.000000,-0.314826,-0.004205,0.147892,0.201471,-0.071375,-0.089170,-0.072186,-0.087979,0.027830,-0.017087,0.307211,0.271103,0.083033,-0.109468,0.001577,-0.221214,-0.114029,0.075171,0.102159,0.102037,0.351354,0.403830,-0.199369,0.092084,0.111961,-0.157359,-0.241213,0.038259,0.150669,0.013683,0.132405,0.038424,0.232480,0.154466,-0.044654,0.006760,0.050466,0.020581,-0.086523,-0.000593,-0.095656,0.076303,0.076468,0.123398,0.153592,0.066955,0.148836,0.101807,0.172330,0.360042,0.090222,-0.269842,-0.020866,0.271233,0.092888,0.027451,0.152862,0.126494,-0.142966,0.059479,-0.169938,-0.062785,-0.103260,0.004791,0.008658,0.178221,0.088233,0.254218,0.076699,0.103539,0.336327,-0.133718,-0.003495,0.140773,0.137339,0.096748,0.009162,-0.124776,0.151400,0.075459,0.185165,-0.008996,0.027560,0.135670,-0.122845,-0.147248,0.028284,0.090747,0.180373,0.008304,-0.000280,0.062038,-0.309214,-0.011106,0.135989,-0.009575,-0.165357,0.066159,-0.199286,0.418654,0.123677,0.165006,0.038205,-0.323197,-0.101671,0.151822,-0.040106,-0.225593,-0.013764,0.140374,0.070745,-0.083260,0.051591,0.083151,0.258732,0.392513,0.057438,0.001635,0.254599,0.248304,0.148136,0.153569,-0.094837,-0.031555,0.142740,0.219165,0.121168,0.079142,-0.125216,-0.203602,-0.117152,0.138938,-0.137232,-0.293310,-0.176463,0.098426,0.292754,0.035068,-0.021211,-0.024643,-0.186460,-0.104914,-0.068394,0.072812,0.114871,0.011140,0.076903,0.072159,0.281538,0.043427,0.016825,-0.074576,0.137423,-0.015604,0.192118,0.136043,0.077935,-0.061381,-0.084649,0.202973,-0.042642,0.105047,0.187226,0.069681,-0.121086,0.354643,-0.035739,0.101421,0.037064,-0.003577,0.095055,0.027721,0.121087,-0.094646,0.119212,-0.001978,-0.148440,-0.235834,0.086220,-0.228851,0.075045,-0.109103,-0.067466,0.236907,-0.016946,0.031323,0.050826,0.129624,0.108171,0.047827,0.071129,0.037023,0.259370,-0.033754,0.074541,0.041150,0.123394,0.038827,#
2,0.093315,-0.314826,1.000000,0.043675,-0.013730,0.112072,-0.131514,0.268030,-0.065535,0.261404,-0.081872,-0.159681,-0.134584,-0.174800,0.166652,-0.161600,0.063172,0.028451,-0.104615,0.031467,0.019760,0.034419,-0.163651,0.044063,0.000042,-0.155390,0.122952,0.071974,-0.075762,-0.047830,-0.150206,0.067181,0.211453,0.042178,0.064191,0.062615,0.224848,-0.110235,0.232084,0.043455,0.199052,0.180217,-0.178068,-0.046477,0.084404,0.225601,0.168780,-0.195632,-0.046446,0.292125,-0.019563,-0.166095,-0.085091,0.325578,0.097570,0.095972,0.061008,-0.024379,-0.155478,0.020764,0.274401,0.026255,-0.000952,0.244142,-0.061650,0.065628,0.227420,-0.203846,0.096522,0.111749,0.345880,-0.064865,0.073344,0.102988,0.069420,-0.004316,0.248670,-0.008613,-0.133020,0.290469,-0.047073,0.233941,0.120264,0.075208,0.029981,0.243084,0.327302,0.265493,0.231346,0.065008,0.307954,0.054759,0.092851,-0.312654,0.417292,-0.087232,-0.114445,0.005527,0.277843,0.111492,0.068411,-0.313952,-0.211491,0.086634,0.195004,0.346059,0.102609,-0.141179,0.367058,0.052317,0.150781,0.022410,0.333663,0.059716,0.056716,-0.097755,-0.000612,-0.083355,0.189741,-0.130970,0.092403,0.083993,0.024364,-0.053780,0.071218,0.144317,0.071462,-0.045179,0.018026,0.117671,0.026115,0.159057,0.001441,0.297363,0.124648,-0.191409,-0.161133,-0.018414,-0.096304,0.005214,0.264967,0.041143,0.141175,0.045963,0.061009,0.116882,0.087212,0.060164,0.247829,-0.139976,0.102492,-0.033437,0.018237,-0.005431,-0.135672,0.317412,0.097250,0.114038,-0.120652,-0.016835,0.037133,-0.145078,0.279741,0.040353,-0.057742,0.076444,0.189183,0.071010,-0.008916,-0.037514,0.040383,-0.114800,0.103954,-0.075692,-0.055612,0.246987,0.219934,0.063025,0.158575,0.071224,-0.108690,0.240993,-0.035675,0.143461,0.099131,0.229278,0.002323,0.072195,0.107042,-0.041797,-0.120591,-0.073433,0.029059,0.197833,0.007992,0.063331,0.165914,0.002174,-0.384443,0.003746,#
3,0.119603,-0.004205,0.043675,1.000000,0.118202,0.131896,0.082958,0.422838,0.105433,0.060966,-0.046475,-0.055863,0.315205,-0.284699,0.062231,-0.075394,-0.043617,-0.072835,-0.143886,-0.132464,0.160738,0.293067,-0.041109,-0.052510,0.049646,0.195178,0.090493,0.096556,0.104779,-0.051526,-0.079545,0.083538,-0.029039,0.235575,0.250070,0.020972,-0.076249,-0.171751,0.057710,0.097106,0.075143,0.155079,0.001978,-0.112627,0.199894,0.071821,0.087256,0.334358,0.241613,0.039821,0.129142,-0.011617,0.098211,0.076061,0.272851,0.047299,-0.186498,-0.060125,0.436735,0.007651,0.163163,0.078883,-0.044592,0.029940,0.008630,0.256507,-0.085529,-0.201542,0.016659,0.116614,-0.015442,0.289833,0.310477,0.280946,0.104659,-0.129443,0.014222,0.041973,0.090578,0.034577,0.156819,0.091929,-0.095677,0.252093,-0.008659,0.076215,0.005397,0.128710,-0.131037,0.085148,-0.062587,0.071149,0.141328,0.119006,0.275163,0.199849,0.084212,-0.054759,-0.133005,0.111437,-0.008833,-0.091317,-0.209616,0.142362,0.122559,0.179635,0.179966,0.416895,0.011800,0.027752,-0.172092,0.177691,0.192653,0.030920,-0.002488,-0.034967,0.072962,0.168115,0.031059,0.097371,-0.184150,0.190388,-0.219215,0.145006,0.070266,0.056273,0.118294,0.134915,-0.096971,0.115763,-0.077912,0.053292,-0.059455,0.244313,0.278138,-0.098566,0.120871,-0.036017,0.076952,0.074742,0.045544,-0.032596,-0.098298,0.189714,-0.068649,0.209040,0.054690,-0.059738,0.017034,-0.130559,-0.020641,0.000727,0.210666,-0.189602,0.039675,-0.058823,0.276932,0.270147,0.020081,0.214602,0.265138,0.095847,-0.043702,0.312873,0.149614,0.114734,-0.089365,-0.049910,0.043047,0.016193,0.368777,0.035341,-0.069780,-0.206448,-0.172645,0.162055,0.017494,-0.093713,0.084250,-0.179753,-0.060243,0.011207,-0.045146,0.153722,-0.037878,0.092955,-0.017698,0.116156,0.419827,0.218650,-0.145822,0.124977,0.257168,0.022574,0.088199,0.175147,0.217444,0.191435,-0.069351,0.154136,#
4,-0.136659,0.147892,-0.013730,0.118202,1.000000,0.025689,0.208234,0.051221,-0.132577,0.036202,0.168583,-0.007917,-0.143201,-0.159400,-0.039375,0.236243,-0.250988,-0.193595,-0.187805,0.066074,0.051900,0.189522,0.152947,0.125617,-0.087446,-0.217758,0.101288,-0.073246,0.165429,-0.063508,0.113205,-0.008015,0.153677,0.097265,-0.008917,0.165777,-0.254376,-0.074182,0.064685,0.115479,-0.001321,0.172829,0.045621,0.199596,0.209271,-0.202330,0.210651,-0.067934,-0.151017,-0.116082,0.124040,0.239331,0.029793,-0.261153,0.028743,0.056080,-0.150823,-0.013580,0.165842,-0.011963,0.043010,0.236208,0.067319,-0.040132,0.158877,0.260057,0.184866,-0.177276,-0.089075,0.193483,0.093211,0.035120,0.112473,-0.233590,-0.118058,0.288951,0.180737,-0.031409,0.159607,0.004166,-0.239885,0.276818,0.031593,-0.109874,0.155539,-0.038813,-0.009482,-0.044530,0.071326,0.093917,-0.069138,-0.029892,-0.056330,-0.098224,0.125980,0.096098,0.225537,0.127767,-0.068831,0.128477,0.110436,0.079394,-0.111523,0.096804,0.100878,-0.261447,0.191166,0.080881,-0.099828,0.104397,-0.052676,0.141653,0.267896,0.291285,0.119168,0.144239,-0.057127,0.412189,-0.166855,0.189284,0.300365,0.053861,0.073339,0.206033,0.009324,0.078469,0.277637,0.010266,0.214548,0.262675,0.312071,0.090590,-0.153785,0.049299,0.034552,0.056954,0.056218,0.124629,0.140735,0.060767,-0.043467,0.231342,-0.108966,0.131014,-0.087535,0.344422,0.149952,-0.127769,-0.068130,0.077486,-0.153709,0.282147,0.037556,-0.069380,0.124409,-0.116697,0.151251,0.163731,0.186965,0.134680,-0.266507,0.288472,0.110669,0.314178,0.073566,0.026365,0.172379,0.197185,-0.217035,0.254195,0.085289,-0.124278,0.041191,-0.128816,0.229156,0.091056,-0.066086,0.098059,0.009960,-0.054619,0.250199,0.001930,0.122797,-0.025035,0.251490,0.161082,-0.081648,0.031946,-0.101326,0.015959,-0.044552,0.003505,0.190472,-0.025751,0.283978,-0.333557,0.058626,-0.028676,0.141869,0.133465,#
5,-0.006287,0.201471,0.112072,0.131896,0.025689,1.000000,-0.162454,0.132804,-0.099396,0.044132,-0.116100,-0.113294,0.144074,0.044964,0.020176,-0.120584,-0.014136,-0.116370,0.000146,0.284222,0.047176,-0.232024,-0.115766,0.156994,0.060431,0.214464,0.087469,0.234906,-0.248125,0.137525,-0.011819,0.294983,0.106180,0.377177,-0.070024,0.193536,0.089687,-0.344335,0.064595,0.057926,-0.159939,0.169880,-0.150014,0.070912,0.214588,0.148894,-0.046274,0.259136,0.049078,0.064817,0.256635,-0.169936,0.146040,0.071340,0.066009,0.405893,-0.034539,-0.057425,0.087399,0.107977,-0.147456,-0.033922,0.025936,0.226896,-0.014412,-0.168159,-0.129341,0.024296,0.117628,0.325299,0.234803,0.047668,0.268730,0.044072,0.071306,-0.232332,-0.097270,0.301541,0.171169,-0.012523,0.034168,0.316956,0.121878,0.016119,-0.125572,0.015009,-0.104730,-0.076489,0.167150,0.067026,0.073191,-0.144240,0.122279,-0.020199,-0.010211,-0.342972,0.154110,0.116510,0.140994,-0.168395,0.094803,0.151493,0.113980,0.207297,-0.034549,0.070175,0.147272,0.223550,-0.122330,-0.018390,-0.043255,0.128085,-0.003489,-0.063646,-0.059201,-0.093787,0.190551,0.287344,0.058886,-0.130594,0.036545,0.215389,0.086961,0.236375,0.068082,0.004525,0.412159,-0.006175,0.080989,-0.090537,-0.083825,0.146871,0.090131,0.353270,0.103880,-0.136833,-0.298059,0.329737,-0.133336,-0.098843,-0.041521,-0.088927,0.096392,0.019853,0.335943,-0.027144,-0.037389,0.001117,0.039427,0.158366,0.288569,0.091433,0.232049,0.012818,0.028191,-0.083508,0.285779,0.069518,0.077312,0.065266,0.042955,0.260899,0.006586,0.234826,0.294365,-0.210051,-0.242953,0.202653,-0.024202,-0.080076,0.235546,0.007472,0.044701,-0.062217,-0.201202,0.232846,0.235694,0.170619,0.201718,0.102127,-0.019280,-0.031390,-0.247933,0.121401,-0.016588,0.117477,-0.276636,0.033089,0.405010,0.268585,-0.047443,0.175112,0.061882,0.356463,0.175226,0.245725,-0.047037,0.160522,0.002137,0.113476,#
6,0.047090,-0.071375,-0.131514,0.082958,0.208234,-0.162454,1.000000,-0.141566,0.201870,0.242789,0.132585,0.032926,0.022746,-0.136831,-0.176980,0.447947,0.118727,0.117722,-0.085472,0.114030,0.081085,0.061958,0.009988,-0.091748,0.266259,0.094247,-0.124872,0.100252,0.085155,0.026688,0.087693,0.270088,0.135005,0.084575,-0.033702,0.182340,0.056721,0.266680,-0.041445,0.050988,0.040446,-0.187642,0.413460,0.150337,-0.127812,-0.104113,0.010547,0.178131,0.058088,0.043673,0.071708,0.162188,0.161343,-0.082257,-0.059862,-0.093094,-0.109143,0.069032,0.069881,-0.141287,0.316560,0.154759,0.002845,0.044628,0.259943,0.236313,0.243496,0.280021,0.066720,0.134905,0.182390,0.262837,-0.024629,-0.142039,-0.086810,0.391941,0.305809,0.021353,0.245058,0.050839,0.090670,0.135606,-0.193734,0.162197,0.193175,-0.129827,0.218739,0.098281,-0.099385,-0.035103,-0.134206,0.220541,0.086784,0.004083,0.137935,0.100638,0.131640,0.185153,0.022769,-0.020498,0.022175,0.168759,0.095332,0.020474,0.133522,-0.131138,-0.008727,0.139056,0.065952,-0.045884,-0.018759,-0.113159,-0.091626,0.328347,-0.024502,0.025765,-0.208319,0.102638,0.028931,0.293795,0.003133,-0.057383,-0.118583,0.062400,0.009921,0.046304,-0.206360,-0.068930,0.224182,0.032394,0.122725,0.025733,0.064783,0.060297,0.074911,-0.017263,0.080144,0.001051,0.035921,0.343880,0.124789,-0.018706,-0.394105,-0.011260,0.080391,0.053795,0.029257,0.279888,-0.020887,-0.084971,-0.030422,0.148224,-0.095915,-0.012611,-0.044189,-0.057091,0.073483,-0.165531,0.046815,0.197105,-0.033179,0.075744,-0.074262,0.124237,0.004406,0.104055,0.089333,-0.010313,0.146361,0.026721,-0.077670,0.197267,-0.279853,-0.096110,0.067128,0.100351,-0.028896,0.336743,-0.119367,0.135594,0.028982,0.251773,-0.084133,0.263477,0.136302,0.020054,0.143498,-0.192304,0.037506,0.113424,-0.105599,0.197747,0.040624,-0.030949,-0.021056,0.100812,0.099658,-0.138942,0.068049,0.141638,#
7,-0.032316,-0.089170,0.268030,0.422838,0.051221,0.132804,-0.141566,1.000000,-0.005574,-0.219637,-0.061675,-0.236758,0.258851,-0.003935,0.157231,-0.047130,0.108650,0.156313,0.010162,0.089678,0.168044,0.144041,-0.050710,-0.054216,0.217128,0.133045,-0.012225,0.000619,-0.048915,0.338970,-0.002805,-0.082294,0.143457,0.084657,0.129695,0.065362,-0.041263,0.175508,0.109338,0.053259,0.113248,0.359019,-0.113028,0.094990,0.157058,0.337602,0.138121,0.255674,0.288943,0.091300,-0.027482,-0.043237,-0.052301,0.180654,0.322149,0.042110,0.119798,-0.359934,0.385967,0.242563,-0.075643,0.218794,0.099310,0.165656,0.034581,0.054549,0.211008,-0.174740,-0.069736,-0.000928,0.217996,0.010777,0.151348,0.233278,0.001900,0.089746,-0.000797,0.053147,-0.158878,0.010795,0.354873,0.034534,0.126364,0.147609,-0.071024,0.205289,0.217255,0.134494,0.166814,0.284812,-0.054262,0.039355,0.360620,-0.049616,0.298185,0.167809,-0.010176,0.217372,0.255443,0.077739,0.177590,-0.116504,-0.225556,-0.023523,0.133675,0.022398,0.106090,0.194596,0.116828,0.114948,0.243872,0.084754,0.300029,0.030332,0.203074,-0.100380,0.068891,0.136799,0.298609,0.017699,0.231045,0.074526,0.073427,-0.064731,-0.037089,0.209752,0.182586,0.020524,-0.011211,0.077334,0.064238,0.142935,0.055921,0.110319,0.025574,0.099737,0.087788,0.245382,-0.051443,-0.008892,-0.011248,-0.002856,0.148034,0.104007,0.073494,0.130778,0.140085,-0.162981,0.009465,-0.158761,0.011707,0.183070,0.010810,-0.334522,0.005642,0.222108,0.320411,0.246550,0.055722,0.103256,0.064544,0.010985,0.286249,0.179053,0.147454,-0.037369,0.006810,-0.077516,-0.227996,0.037576,0.269411,-0.117542,0.169117,0.063799,-0.061365,0.276972,0.079838,-0.248701,0.153230,-0.060284,0.015297,0.236493,0.019657,0.262228,-0.110247,0.044723,0.142883,0.022885,0.319253,0.199624,-0.056047,-0.004353,0.154993,0.133740,0.240127,0.088733,0.302155,0.335067,0.104769,0.223926,#
8,0.020331,-0.072186,-0.065535,0.105433,-0.132577,-0.099396,0.201870,-0.005574,1.000000,0.098021,0.167307,0.003161,0.081651,0.186109,0.030557,0.250722,0.058914,0.041617,-0.286067,0.092106,0.279442,0.056444,-0.163587,0.133895,0.332853,0.173330,0.013063,-0.283581,0.138501,-0.121132,0.015226,0.217525,-0.012100,-0.037747,0.068382,0.346963,0.157368,0.062333,-0.234445,0.061304,-0.059015,-0.087228,0.459251,0.042114,-0.093517,0.051589,-0.075495,-0.024114,0.060286,-0.075166,0.314899,0.117470,0.036602,0.074984,-0.055291,0.133730,0.130702,-0.034611,-0.087765,-0.073046,0.221258,0.053364,0.384523,0.123217,0.290466,0.168569,0.078309,0.169965,0.380144,-0.023516,0.228883,0.244652,0.083275,0.025173,0.020827,-0.066565,-0.046759,0.114871,0.261656,-0.116878,0.209097,0.190784,-0.189577,-0.056309,0.128116,0.060773,0.011487,0.078598,-0.145740,-0.026360,0.063120,-0.025790,-0.124788,-0.007001,-0.149866,0.058731,0.321496,0.344997,0.334479,0.373824,0.001334,-0.282351,0.076579,0.337574,-0.174467,0.242871,0.018187,-0.095421,-0.138959,0.225733,-0.149166,0.107075,-0.073552,0.019536,-0.143138,0.084877,0.073978,0.077572,-0.024788,0.174965,-0.124458,0.063562,-0.053448,0.201788,0.105513,0.140066,-0.049188,-0.095173,0.151190,0.135013,-0.067844,0.106140,0.107851,0.055022,0.029359,0.238329,0.133667,0.019453,0.129114,0.210001,-0.092173,-0.099099,0.044454,-0.307443,0.005081,-0.102285,-0.065468,0.355325,0.136260,-0.047630,-0.038192,0.274599,-0.239626,0.167743,0.184494,-0.234058,0.125872,0.237017,0.338234,0.011643,0.012377,-0.231469,-0.009861,-0.058437,-0.192755,-0.055345,0.072558,0.177572,0.232905,-0.231424,-0.014127,0.247878,-0.265049,0.026497,0.118146,0.151910,0.211085,0.031898,0.207349,0.109191,0.042495,-0.113386,0.140192,-0.003968,0.091492,-0.046041,0.267503,0.114135,0.098688,0.196395,0.113356,0.176487,0.309263,0.182537,0.116920,-0.025672,-0.310545,0.096294,0.017984,0.239074,#
9,-0.169170,-0.087979,0.261404,0.060966,0.036202,0.044132,0.242789,-0.219637,0.098021,1.000000,0.109890,-0.179880,0.031422,-0.095895,0.066664,0.151885,-0.048959,-0.107611,-0.163873,-0.213853,-0.002361,-0.004162,-0.304606,-0.027149,0.073020,-0.294262,0.119978,0.057073,-0.000251,-0.325342,-0.080367,0.252123,0.036841,0.080236,-0.225970,0.065484,-0.086787,-0.152937,-0.112998,0.110260,0.010708,-0.196102,-0.156575,-0.016772,0.011431,-0.015185,0.066076,-0.167111,-0.003142,0.187200,0.129348,0.109849,-0.096252,-0.052487,-0.203066,-0.015692,0.115880,0.182176,-0.160617,-0.074990,0.011626,0.120145,-0.130023,-0.108809,-0.200139,0.055572,0.134385,-0.046960,0.235465,0.177916,0.213809,0.107807,0.143342,0.050858,-0.224673,0.000619,0.235517,0.094273,0.045439,0.216091,-0.001504,0.206562,-0.123375,0.099363,-0.022762,-0.027599,0.250637,0.347417,-0.086868,0.112283,0.148090,-0.019276,0.021795,-0.166917,0.085434,-0.107507,0.075693,-0.168264,-0.105213,0.092512,-0.005209,0.036750,0.170582,0.028481,0.036493,0.225606,-0.120986,-0.028813,0.239273,0.035425,-0.176665,0.187578,0.011559,0.117316,-0.160906,-0.040754,-0.124393,0.025531,-0.058593,-0.037847,-0.241014,0.069404,-0.088849,0.098014,0.197804,0.064644,-0.012735,-0.029733,0.039528,-0.003936,0.104764,0.090122,-0.193893,0.192090,0.116262,-0.239402,0.019848,-0.016171,0.034371,0.090967,0.374935,0.244958,-0.107737,0.146270,0.026829,0.277812,0.022834,0.296828,0.083286,0.013715,-0.031298,-0.071111,0.238789,-0.065677,0.010267,0.066690,0.016248,0.080989,-0.015442,0.031328,0.069452,0.005276,0.024490,-0.065122,-0.100412,0.163615,0.078375,0.127079,0.175645,-0.076819,0.044102,0.018029,-0.267632,-0.294669,-0.001417,0.124869,0.234834,0.150345,-0.079057,0.091788,0.011211,0.000087,-0.007366,0.003286,0.001065,0.051366,-0.006647,-0.055869,0.132260,0.016132,-0.274498,-0.077636,0.077476,-0.005254,-0.080908,-0.032418,0.060076,-0.048536,-0.254332,0.019243,#
10,-0.048250,0.027830,-0.081872,-0.046475,0.168583,-0.116100,0.132585,-0.061675,0.167307,0.109890,1.000000,0.161354,0.049303,0.007507,-0.098535,0.140687,0.172913,-0.154962,0.033662,0.065468,0.024754,0.048022,-0.120353,0.181246,0.076947,0.094635,0.067473,0.042851,-0.066203,-0.010198,0.023039,-0.141943,0.029367,0.149161,0.046098,0.005269,0.314060,0.038171,-0.025358,-0.191713,0.083325,-0.114691,0.107306,-0.186563,-0.016006,0.001080,0.291441,0.051325,-0.001595,0.245866,0.009350,0.262962,0.066904,-0.260496,0.019959,0.318821,0.093493,0.241142,-0.199938,0.033780,-0.019621,0.114559,0.171892,0.144475,0.047380,-0.087997,0.176139,0.154778,0.160847,-0.064388,0.355497,0.244856,0.099117,-0.233498,0.086451,0.225691,-0.224906,-0.159696,0.003530,-0.077237,0.085833,0.019440,0.078743,-0.163891,0.030775,0.083851,0.092408,-0.015407,0.039179,0.273889,0.055522,0.071681,0.126610,-0.269827,-0.222289,-0.005006,-0.006276,0.321995,-0.016858,-0.016312,-0.049333,-0.180743,-0.004968,0.070666,0.014827,-0.057545,0.212590,-0.012526,-0.078649,0.013607,-0.049374,-0.108868,0.152490,0.166577,-0.019386,0.066125,-0.086905,0.182546,0.116804,0.013798,0.113612,0.074371,0.041646,0.048664,-0.036844,0.174383,0.004682,-0.016593,0.235033,0.090632,-0.126994,0.154257,-0.104948,0.015680,0.187101,0.299084,-0.034645,0.057388,0.203681,0.036971,0.014018,0.045166,-0.066372,0.053972,-0.086218,0.334006,0.404559,0.196763,0.000889,0.235015,-0.149939,-0.020052,-0.141038,0.161124,0.186822,-0.203133,0.222371,0.030254,0.078865,-0.201561,-0.013203,-0.013451,0.142237,-0.026609,0.029242,0.141923,0.017411,0.091817,0.041105,0.206941,-0.133824,0.159347,-0.149809,-0.062613,0.270897,0.113548,-0.091588,-0.063920,-0.146038,0.106462,-0.158092,-0.092846,-0.001093,0.004719,-0.280844,0.161021,0.388042,0.108838,-0.187709,0.029688,-0.037740,-0.168133,0.025859,0.207980,0.093078,-0.214109,-0.076020,0.003118,-0.088342,0.290171,#
11,0.171664,-0.017087,-0.159681,-0.055863,-0.007917,-0.113294,0.032926,-0.236758,0.003161,-0.179880,0.161354,1.000000,-0.074645,0.005882,0.108870,0.022906,0.055734,0.040148,0.198445,0.116964,-0.092740,-0.210145,0.158556,0.056043,0.205578,-0.030117,-0.053141,-0.000504,0.066193,-0.076233,0.158835,0.230874,0.030552,0.004821,-0.151602,0.025525,0.107970,0.109037,-0.121669,-0.026241,0.142947,-0.268285,0.203841,-0.107120,-0.104255,-0.275137,0.044201,0.164133,-0.095316,-0.059353,-0.115337,0.071704,0.476883,-0.063703,-0.017879,0.032512,-0.173330,0.369252,0.029752,0.234156,0.027248,-0.087286,0.267864,0.030105,0.127985,-0.012278,-0.172848,0.023911,0.217199,-0.116083,-0.112458,-0.151771,-0.109778,0.011122,0.229676,0.025899,-0.112157,0.089138,0.013615,-0.269908,-0.238570,0.097327,-0.075065,-0.112264,0.332811,-0.113729,-0.155239,-0.146371,-0.100319,-0.146444,-0.125286,0.060478,0.001010,-0.208065,-0.127058,0.237761,-0.106027,0.169927,-0.213935,0.119687,-0.118859,-0.079478,0.070333,0.187605,-0.142665,0.042237,0.208193,0.041532,0.113912,-0.298600,-0.006644,0.189741,0.003373,-0.078855,-0.070157,-0.046058,-0.009680,-0.012527,-0.148225,0.236373,-0.031481,-0.098323,-0.049921,0.025268,-0.040921,0.098423,0.050526,0.157888,0.034901,0.243811,0.046716,0.027680,0.263719,0.070151,0.008970,0.142721,0.097152,0.163051,0.122858,0.391133,-0.250058,-0.122129,0.122603,0.013641,-0.051399,-0.027839,0.239845,0.004159,0.121579,-0.101242,0.004930,0.076691,-0.092813,0.260567,0.243762,-0.131222,-0.038098,-0.082324,-0.100167,-0.104614,0.277003,0.109229,-0.004268,0.044830,0.039863,0.242286,0.243464,-0.088086,0.163550,0.232608,0.202225,0.143722,0.089492,0.244313,0.093307,0.033438,0.146135,-0.061272,0.008086,0.007795,-0.072178,-0.281758,0.066310,0.077761,0.212515,0.047277,0.263634,0.165291,-0.159645,-0.274272,0.075495,0.006065,0.066809,0.141278,-0.041451,-0.083563,-0.051039,-0.108428,-0.090630,-0.200044,#
12,0.201100,0.307211,-0.134584,0.315205,-0.143201,0.144074,0.022746,0.258851,0.081651,0.031422,0.049303,-0.074645,1.000000,0.049290,0.024107,0.133389,0.059403,-0.033123,0.107435,-0.151167,0.212893,0.024097,0.017789,0.108286,0.155296,0.357373,-0.047013,-0.008441,-0.102190,-0.063598,0.012172,0.028550,0.005668,0.086427,0.186099,-0.010005,-0.056714,0.031764,-0.131420,0.027151,-0.163387,-0.159251,-0.011051,-0.059916,0.116981,0.143538,0.150350,0.308461,0.365231,0.206801,0.042046,-0.093620,0.042553,0.120071,-0.129646,0.222317,0.150451,-0.237536,0.354353,-0.001624,-0.118133,-0.023545,0.033274,-0.185951,-0.084462,-0.067877,-0.054829,0.297691,0.162822,0.051206,0.016215,0.148969,0.227496,0.041415,-0.054387,0.109124,-0.018599,-0.071779,0.049974,-0.158430,0.225722,0.181293,0.113863,-0.067036,-0.153367,0.116257,0.058818,0.091656,-0.167141,0.072803,0.107180,-0.041314,0.192462,0.084842,-0.057234,0.052668,-0.001294,-0.074327,-0.292913,0.017083,-0.049752,0.003934,-0.120609,0.005830,-0.105991,0.071413,-0.034913,0.338842,0.067896,0.004640,-0.008365,0.092568,0.170443,-0.089214,0.104272,-0.029140,-0.253493,0.082176,-0.112272,-0.130087,0.041018,0.409049,-0.065234,-0.008723,-0.015059,0.222113,0.177597,-0.000866,-0.249454,0.057012,-0.379077,-0.106671,-0.070354,0.066269,-0.158212,-0.129319,-0.047694,0.115881,0.054492,-0.028831,-0.079272,-0.164567,-0.001916,0.065663,-0.092329,0.220714,0.174227,0.067165,-0.058817,-0.114231,0.187771,-0.151522,0.179918,-0.143721,0.155815,0.021745,0.046467,0.085172,0.265534,-0.198163,0.000410,0.226481,0.078289,0.079596,0.026679,0.106408,-0.104868,0.172898,0.208227,-0.045205,0.326285,-0.097669,-0.063088,0.116154,0.066164,0.221850,0.116188,-0.142832,-0.246516,-0.071166,-0.059005,0.148024,-0.166462,0.031327,-0.140868,0.013958,0.213963,0.061583,0.365899,0.236299,-0.103133,0.088146,-0.120990,-0.003299,0.001136,0.040532,-0.130992,0.102029,0.067502,0.178699,#
13,-0.354999,0.271103,-0.174800,-0.284699,-0.159400,0.044964,-0.136831,-0.003935,0.186109,-0.095895,0.007507,0.005882,0.049290,1.000000,0.073358,-0.050659,-0.131015,0.060314,0.104835,-0.027561,-0.063543,-0.043924,0.202847,0.055417,0.063499,0.198991,0.021485,-0.250143,0.057926,0.320186,0.025951,0.000791,0.094723,0.132823,-0.044206,0.241747,-0.077218,0.149373,-0.271928,0.153494,0.064642,-0.040730,0.216489,-0.121573,-0.093375,0.005941,0.025454,0.241615,0.129691,0.232409,0.058595,0.093295,-0.004225,-0.057623,0.228908,0.272029,0.159828,0.112035,-0.064965,0.087030,-0.204698,-0.070376,0.054030,-0.118752,0.223203,-0.037237,0.081476,0.184463,0.312093,0.060168,0.156999,-0.005799,0.237789,-0.053378,0.021678,0.014826,0.166926,0.075019,0.071869,-0.242219,-0.062344,0.201878,0.177086,0.021564,0.056968,0.290038,-0.017404,0.032386,0.068626,-0.032703,-0.032776,-0.011382,0.020317,0.122058,-0.152546,-0.159906,0.240819,0.131464,0.048608,0.009748,-0.059400,0.068451,0.380615,-0.139081,0.064746,0.154569,-0.047238,0.122296,-0.303701,0.078344,0.055687,0.043655,-0.009240,0.046762,-0.103105,-0.190372,-0.023192,0.010636,0.140283,-0.159653,-0.018165,-0.179893,0.214233,-0.297332,-0.015342,0.048106,0.055181,0.037389,0.136624,0.046450,-0.022372,-0.267366,0.050425,0.050423,-0.097968,-0.002335,-0.153137,0.104308,0.361885,0.008454,0.027586,-0.183562,0.097921,-0.439208,-0.151439,0.078436,-0.059021,0.132390,0.003533,-0.138847,0.169389,0.176632,-0.001320,0.127948,0.190946,-0.085048,0.077416,-0.226306,0.029376,-0.173339,0.075910,-0.108400,0.227326,-0.116290,0.013465,-0.006951,0.076486,0.042732,0.027017,-0.025569,0.126580,0.019850,0.018526,0.214647,0.025658,0.053904,0.057632,-0.124670,-0.062385,0.128987,0.042670,-0.144759,0.133395,-0.130853,-0.132700,0.012013,0.005241,-0.068565,-0.049279,0.028181,0.363794,0.078267,0.098113,0.001890,-0.005697,0.122122,-0.055498,0.165232,0.104805,-0.009377,#
14,0.216925,0.083033,0.166652,0.062231,-0.039375,0.020176,-0.176980,0.157231,0.030557,0.066664,-0.098535,0.108870,0.024107,0.073358,1.000000,-0.060678,0.014381,0.013218,-0.100620,0.022536,-0.045526,-0.000977,0.223250,0.247623,0.058983,0.010940,0.143001,-0.249461,-0.018464,0.099660,0.278813,-0.183892,0.056519,-0.147517,0.214651,0.288021,-0.209935,0.002785,0.070740,0.132374,0.162270,-0.063102,-0.146867,-0.082421,0.216800,0.077561,-0.149557,-0.067298,0.205029,0.079522,-0.135890,0.211035,0.104263,0.113480,0.052250,0.055126,-0.101020,-0.257100,0.057672,-0.107802,-0.038005,-0.047618,0.136793,0.236340,-0.087125,0.048503,-0.104705,-0.088560,0.188134,0.072077,0.200546,-0.080345,0.326210,0.404247,-0.059043,-0.043677,0.070881,0.051307,-0.091004,0.023990,-0.108942,0.060834,0.084831,-0.140693,0.136296,0.066839,-0.156883,-0.151435,0.011614,-0.039151,0.104028,-0.131653,0.236060,0.247266,0.061353,0.107271,-0.229476,0.002428,-0.169610,0.185881,-0.187746,-0.165022,0.096626,0.106068,0.115368,-0.057855,-0.031412,-0.066193,0.136244,0.192474,-0.018922,0.268410,0.100249,0.091656,-0.361736,-0.067910,-0.003528,-0.145781,-0.047970,0.109822,0.059732,0.116097,0.034992,0.100767,0.050954,-0.009772,0.207859,0.057206,-0.261702,0.008471,-0.194139,0.232840,-0.184979,0.105433,0.068721,-0.039080,0.275484,0.165544,0.078416,0.105912,-0.112227,0.158974,0.058522,0.043222,-0.051505,0.080577,0.025289,-0.050856,0.113515,-0.173855,0.222731,0.109746,0.187967,0.105848,-0.061655,0.132343,0.164821,-0.095917,-0.149388,-0.000122,0.157889,-0.015478,0.149745,-0.143148,0.322200,0.195793,0.036684,0.018534,-0.019484,0.095986,0.167481,-0.312500,0.157992,-0.003147,0.235460,0.182485,0.111286,-0.226165,0.170757,-0.036353,0.100955,-0.030348,-0.133382,0.015236,0.084093,0.182691,0.113092,0.121610,0.161869,-0.051367,0.061741,0.074192,0.176067,0.200548,0.003213,-0.148436,0.079521,0.119842,-0.142077,-0.157976,#
15,-0.072832,-0.109468,-0.161600,-0.075394,0.236243,-0.120584,0.447947,-0.047130,0.250722,0.151885,0.140687,0.022906,0.133389,-0.050659,-0.060678,1.000000,-0.144059,0.034268,-0.160074,-0.017135,0.001610,0.151978,0.176970,0.009284,0.130186,0.073584,-0.286644,0.049107,0.170303,-0.098552,0.149997,0.151760,0.138658,0.240236,-0.141607,0.117354,0.003727,0.270131,-0.213366,-0.168171,-0.158774,-0.168207,0.218109,0.123721,0.023971,0.041933,-0.080140,-0.196373,0.022012,0.049420,0.037451,0.123041,-0.050341,0.174721,-0.001393,0.109576,0.012928,0.024336,0.101816,0.014583,0.145482,0.213654,0.066756,0.095153,0.143215,0.025024,0.059474,0.163710,0.187803,0.011253,0.069704,0.010282,-0.082407,0.075340,0.054464,0.283384,0.174488,-0.001692,0.291957,-0.103748,-0.128715,0.039491,-0.049454,0.066432,0.048422,-0.239817,-0.125066,0.083626,0.030281,-0.139185,-0.092724,0.217337,0.191243,0.128597,-0.106269,0.088029,0.091976,0.284577,0.009259,0.203349,-0.056866,0.036174,0.103635,0.266694,0.014896,-0.075720,-0.141049,0.038909,-0.064603,0.120068,-0.043400,-0.063675,0.100439,0.239345,-0.004445,-0.163728,-0.289093,-0.067567,-0.186685,0.464188,0.062312,0.115381,-0.067718,0.194974,0.025507,0.187716,-0.062997,-0.106649,-0.015445,0.232996,0.165578,-0.043591,-0.036388,-0.146591,0.030373,0.257593,0.130991,-0.038092,-0.189389,0.192978,-0.084222,-0.102970,-0.113749,0.057729,0.091263,0.125515,-0.089809,0.156467,0.061579,0.022517,0.106157,0.366196,-0.105064,0.136067,-0.018326,-0.141063,0.122971,-0.041481,0.177555,0.105283,-0.077468,-0.036411,0.071088,0.109834,-0.107325,-0.094251,-0.039225,-0.212528,0.093943,0.104615,-0.024821,0.088506,-0.376249,0.049637,-0.011976,0.350154,0.084526,0.010268,0.027660,0.158611,0.169023,0.050392,-0.051162,0.148907,0.252583,0.027588,-0.039631,-0.113568,-0.182543,-0.041411,-0.072096,0.136782,-0.020096,-0.085039,-0.187375,0.015154,0.016170,-0.244866,0.134313,0.034834,#
16,-0.047416,0.001577,0.063172,-0.043617,-0.250988,-0.014136,0.118727,0.108650,0.058914,-0.048959,0.172913,0.055734,0.059403,-0.131015,0.014381,-0.144059,1.000000,0.097332,0.194596,0.204171,0.292246,-0.307451,0.005563,0.023450,0.273408,0.224807,0.020703,0.146685,-0.186875,0.128523,0.020893,-0.110681,-0.079748,-0.108013,0.136136,0.045954,0.292514,0.304105,0.136039,0.009375,0.094781,-0.032338,0.075712,-0.076901,0.077783,-0.031548,-0.042837,-0.101117,0.178501,0.128154,-0.110449,0.171256,0.033823,0.015484,-0.106157,0.082061,0.001282,-0.043037,0.013493,-0.075800,0.191261,0.253173,-0.006270,0.012009,-0.049294,0.010811,0.268091,-0.059386,0.062175,0.008956,0.224633,0.075014,0.205010,0.014164,0.044770,0.111425,-0.058410,-0.003406,-0.213766,0.194422,0.214503,0.019130,0.168988,-0.007566,0.017062,-0.006051,0.232288,-0.243981,-0.106238,0.107144,0.005843,0.161991,0.060848,-0.258777,-0.059559,0.059407,-0.125845,0.281014,0.098001,0.138135,0.147732,0.085985,0.012571,0.195174,0.050254,0.016767,0.012852,-0.061139,0.182682,0.069457,-0.030101,-0.031149,0.129540,-0.088256,0.000044,0.013108,0.355480,0.227744,0.121293,-0.132206,-0.023778,-0.176143,0.027163,-0.005183,0.179134,-0.083513,-0.321078,-0.124177,0.133989,-0.138919,0.103201,0.097971,-0.058787,0.081419,-0.111272,0.036614,0.051406,0.042264,-0.202302,-0.180500,0.102954,-0.154093,-0.049518,-0.011005,-0.127922,-0.060558,0.322075,0.134957,0.152701,-0.095941,-0.050801,-0.044233,-0.226164,0.009037,0.053989,-0.008664,0.272055,0.018830,-0.037837,0.000363,0.268371,-0.176086,0.164817,-0.166819,0.134394,0.103491,-0.014338,0.214722,0.014014,-0.007332,-0.126997,0.233819,-0.020141,0.142813,0.013489,0.154979,0.064199,0.420696,0.017472,0.034303,0.050507,-0.092738,-0.105922,0.243393,-0.388169,-0.002985,0.134801,-0.026755,0.234867,0.045456,-0.073991,0.168618,-0.083286,0.084476,0.249982,0.078889,0.192499,0.137605,-0.176321,-0.001512,#
17,0.023399,-0.221214,0.028451,-0.072835,-0.193595,-0.116370,0.117722,0.156313,0.041617,-0.107611,-0.154962,0.040148,-0.033123,0.060314,0.013218,0.034268,0.097332,1.000000,0.067487,0.156888,-0.042147,-0.038330,0.109843,-0.521491,0.169286,0.223929,0.006196,0.027113,-0.016757,-0.066668,-0.001717,0.166943,0.018876,-0.072551,-0.172825,-0.164083,-0.106505,0.115478,0.117352,0.221522,0.003905,0.156547,-0.049896,0.049549,0.028339,0.196256,-0.177157,0.062732,0.102620,0.085653,-0.011278,-0.232490,-0.115682,0.093825,0.075524,-0.142392,0.143175,-0.085621,-0.070205,0.056713,-0.102513,-0.126040,0.258032,-0.146435,-0.000395,-0.074793,0.265231,0.121690,-0.012071,-0.101669,-0.046347,-0.208317,-0.192944,0.149830,0.236997,-0.077211,-0.082697,-0.040836,0.115038,0.017222,0.045116,-0.004137,-0.051090,0.028716,-0.049316,-0.141367,0.073589,0.093972,-0.035465,-0.211252,-0.206051,-0.172157,0.089891,0.143365,0.225591,0.023783,-0.159936,-0.006809,0.070064,-0.106430,0.020076,-0.240109,-0.084561,-0.130726,-0.052023,0.199069,-0.249328,-0.207763,0.020221,0.055968,0.177233,-0.194556,0.165998,0.045406,0.191635,-0.135735,-0.168567,-0.090977,0.124871,0.271522,0.022816,0.093845,0.082208,-0.301157,-0.188482,-0.137596,-0.179784,0.029576,0.074549,-0.067728,-0.029881,0.021125,0.157846,-0.006415,0.111418,0.125734,0.250941,-0.020048,-0.056940,0.165593,-0.051850,-0.039723,0.120786,-0.078153,0.051754,-0.069190,-0.177830,-0.108943,0.140350,-0.123471,-0.080994,0.060166,-0.067819,0.013994,-0.095690,-0.085501,0.201204,-0.083179,-0.096151,0.091248,0.100776,-0.044740,0.229917,-0.200347,-0.048741,-0.195054,-0.200441,-0.250301,0.039923,-0.016465,-0.133649,-0.074959,0.096636,-0.056211,0.140184,-0.084775,0.175610,-0.041388,-0.051524,0.356800,0.064665,0.100142,0.007491,0.365212,-0.063800,-0.104489,0.109599,-0.040714,-0.151276,-0.025867,0.365493,-0.070361,-0.101724,-0.007772,0.076254,0.065751,-0.003112,-0.036027,0.073591,-0.403853,#
18,-0.041030,-0.114029,-0.104615,-0.143886,-0.187805,0.000146,-0.085472,0.010162,-0.286067,-0.163873,0.033662,0.198445,0.107435,0.104835,-0.100620,-0.160074,0.194596,0.067487,1.000000,-0.006139,-0.096836,0.014609,-0.024811,-0.163816,-0.095551,0.295365,-0.182554,0.061612,-0.019962,0.190440,-0.330796,0.007880,-0.028038,0.052140,-0.138676,-0.109519,0.027518,0.175373,-0.082010,0.119029,-0.118528,0.093088,0.187229,-0.076846,-0.163493,-0.163509,-0.054856,0.400218,0.112720,0.100540,-0.380491,0.074450,0.066974,-0.320545,-0.113800,-0.073227,0.042184,-0.176914,-0.123793,0.196842,-0.054744,0.129701,0.004296,-0.212776,0.079329,-0.284914,-0.015857,-0.303846,-0.355954,-0.214835,-0.189344,-0.312246,0.048222,-0.265491,0.240583,0.035644,-0.106987,-0.129507,-0.439472,-0.086565,-0.066210,-0.007594,0.304604,-0.129467,0.052936,0.065491,-0.117639,0.125458,-0.059977,-0.158040,0.031614,0.009973,0.042010,-0.064184,-0.017123,-0.009998,-0.018475,0.026966,-0.235066,0.001796,-0.005624,0.021816,0.001035,-0.096574,-0.184733,0.114290,0.136867,0.164121,-0.039282,-0.069094,0.212827,-0.210576,-0.095404,-0.134236,-0.032090,0.012931,-0.117766,0.114030,0.177346,-0.158696,0.193723,-0.185501,-0.158234,-0.193213,0.278209,-0.257059,-0.013748,-0.085966,-0.034456,-0.082758,-0.135197,0.114497,0.034198,-0.196499,-0.004094,0.080345,-0.078514,-0.017457,-0.166256,0.014621,-0.093323,-0.148274,-0.011265,0.140233,-0.074665,-0.151802,0.162315,-0.017087,0.189704,0.077493,0.070746,-0.290469,0.222790,0.052996,0.088779,0.088575,-0.032313,-0.001743,-0.225733,-0.086102,0.150526,0.103122,0.254072,-0.088639,-0.108399,-0.175210,0.236240,-0.083197,-0.037029,0.017931,0.083009,-0.044663,0.144807,0.274504,-0.021184,-0.000875,-0.091939,0.008307,-0.219018,0.028725,-0.211969,0.060491,-0.076325,-0.029778,-0.208513,-0.007015,0.139371,-0.079099,-0.101371,0.034825,0.133388,-0.063043,-0.099402,0.083260,-0.199359,-0.085474,-0.072749,0.271505,-0.158298,0.040508,#
19,0.102600,0.075171,0.031467,-0.132464,0.066074,0.284222,0.114030,0.089678,0.092106,-0.213853,0.065468,0.116964,-0.151167,-0.027561,0.022536,-0.017135,0.204171,0.156888,-0.006139,1.000000,0.064509,-0.222501,-0.093185,0.080646,0.251760,0.115573,-0.098142,-0.103089,-0.368404,0.237927,0.175699,0.082471,0.218993,-0.036949,0.148783,0.069050,0.025917,0.110247,0.014123,0.091719,0.225967,0.253289,0.106042,-0.068878,0.038190,0.150976,0.033893,0.065924,0.082754,0.213699,-0.058844,-0.001481,0.010188,0.061727,0.108176,0.126367,0.042456,-0.025403,-0.141571,0.075744,0.079580,-0.105562,0.250241,0.050567,0.044795,-0.029006,0.223993,0.122710,0.145099,-0.120465,0.195307,0.047190,0.149033,-0.055651,-0.026633,0.249835,-0.163374,0.153191,0.161304,-0.111510,0.132114,-0.007639,0.078404,-0.053955,-0.005186,-0.117674,0.076380,-0.064185,0.177660,0.047659,-0.267465,0.054582,-0.168098,0.084718,-0.018687,-0.070250,0.119612,0.414936,0.104315,0.133906,0.075845,-0.086358,0.043556,0.206681,0.183643,-0.051947,0.245575,-0.197119,0.111308,-0.150884,0.158005,0.032809,0.050662,0.209390,0.053210,0.206288,0.245797,0.142458,0.193204,-0.087398,0.384584,0.025594,-0.101961,0.159738,0.112605,0.153402,-0.019423,0.231150,0.230470,0.048220,0.140371,0.240810,0.064632,0.011418,0.052752,0.252863,0.070031,0.112767,0.108010,-0.016164,-0.045517,0.146227,0.036543,-0.005078,0.032028,-0.152393,-0.142274,-0.009225,0.303585,0.087246,-0.037115,0.092789,0.053327,0.153910,0.212365,0.018846,0.211889,-0.065610,0.282164,0.214886,0.047482,0.191987,0.086928,0.236102,0.107223,0.039527,-0.111576,0.200404,-0.011437,0.001965,-0.222004,0.061535,0.096990,0.180677,0.233289,0.089171,0.216590,0.113947,0.081355,-0.010946,0.003563,0.195211,0.172551,0.161399,0.089640,0.001267,-0.048687,-0.130983,0.009113,0.090885,0.216477,0.185162,-0.004023,0.235396,0.307541,-0.009973,0.134354,-0.111576,0.009569,-0.061809,#
20,-0.244465,0.102159,0.019760,0.160738,0.051900,0.047176,0.081085,0.168044,0.279442,-0.002361,0.024754,-0.092740,0.212893,-0.063543,-0.045526,0.001610,0.292246,-0.042147,-0.096836,0.064509,1.000000,-0.045951,-0.027739,0.158059,0.331629,0.240014,-0.019707,0.075539,0.087162,-0.105615,0.207968,0.061488,0.167565,0.275691,0.095136,0.038802,0.060722,0.055227,-0.052642,0.027502,0.256342,0.017416,0.096384,-0.061428,0.269230,-0.061772,0.086559,0.028672,0.136313,0.044367,-0.070900,0.162316,0.064985,-0.024733,0.082817,-0.118396,-0.212974,-0.098596,0.027353,-0.010978,0.031588,0.002370,0.164798,0.040973,0.008453,-0.060593,0.127207,-0.132940,-0.010205,0.090964,0.177303,0.159096,0.193113,0.019077,-0.105957,-0.027247,-0.009428,-0.052614,0.231716,0.179521,0.171582,0.124261,0.135187,-0.078000,-0.156316,-0.106527,0.015890,0.139062,0.166355,0.407198,0.203851,-0.035533,0.051129,0.095844,-0.207379,0.246673,0.066278,0.156924,0.096110,0.106340,0.159693,-0.106395,-0.102412,0.121120,-0.037679,0.175121,0.403578,-0.131962,0.006227,0.215553,-0.237749,0.241711,0.055174,-0.265523,0.298802,0.169350,0.132982,0.202557,-0.063014,-0.018243,0.136426,0.087831,0.081607,0.161055,-0.074318,-0.004068,-0.239231,-0.050047,0.051508,0.258961,-0.018638,0.114931,0.199774,-0.006922,-0.128133,0.141174,0.004368,0.076779,0.070936,0.260005,-0.002401,-0.105745,0.125578,-0.113129,0.053902,-0.158224,0.214311,0.200189,-0.097547,-0.037659,0.121198,0.216706,-0.014345,-0.034910,-0.079218,-0.216589,0.054431,0.150960,0.231459,-0.062277,0.068997,-0.041376,0.079896,0.004669,0.096681,0.188770,-0.077103,0.323082,-0.075596,-0.335805,0.076926,0.053164,-0.154667,0.036605,-0.010233,0.133949,0.061175,0.184365,-0.112637,-0.135942,0.177812,-0.174886,0.007818,0.009398,-0.063941,0.063974,0.161509,-0.016292,0.073529,0.164197,0.004953,0.282821,0.277638,0.108742,0.314655,0.072720,-0.056361,0.192183,-0.028450,0.086805,#
