0,1.000000,-0.164863,0.207794,0.083403,0.154392,-0.052891,-0.033083,-0.057837,0.067678,0.064946,0.224451,-0.131901,0.038830,0.130982,0.259591,0.023377,-0.019610,0.127373,0.207203,0.182337,0.074281,0.323229,0.086895,0.174295,0.225300,-0.051486,0.130227,0.076628,0.387253,0.352592,-0.049184,0.114528,0.121477,0.136422,-0.093003,-0.010836,0.130675,0.090305,0.236918,0.312959,0.172825,0.013570,0.048746,0.119762,-0.124983,0.107393,0.027399,0.135744,0.313381,0.152305,0.198737,-0.148016,0.171507,0.235035,0.174710,0.321192,0.078773,0.109091,-0.235584,-0.131955,0.204581,-0.096431,0.183622,-0.024041,0.038359,0.111821,0.007717,0.023726,0.102650,0.016978,0.127199,0.030600,0.224489,0.179693,-0.017114,-0.105393,0.222481,0.041491,-0.021298,0.064820,0.172106,0.027656,-0.015661,0.203193,0.315464,-0.047249,0.105544,0.268321,0.120153,-0.019094,-0.063614,-0.069884,0.052978,0.235742,0.306260,0.140596,0.366096,0.136444,0.086469,0.233223,0.198823,0.178950,0.188558,0.204450,0.099494,0.226210,0.207911,0.058311,0.119742,-0.119307,-0.008049,0.023995,-0.100827,0.219921,-0.086660,-0.153851,0.115333,0.205838,0.164546,-0.007112,0.299152,0.271888,0.109387,0.082087,-0.018463,0.246265,0.058251,-0.071059,0.243410,0.123055,0.258755,0.072340,0.209037,0.217850,0.055778,-0.158076,0.359645,0.030767,0.122077,0.278563,0.213303,0.135972,0.100801,-0.119557,0.039415,0.134877,0.161221,0.254318,0.121352,0.084124,0.033123,0.054684,0.352117,0.042963,0.185971,0.096909,-0.032674,-0.038763,0.156067,0.292010,0.082894,0.148776,-0.029848,-0.029771,0.255317,-0.038596,0.105682,0.186433,0.060707,0.149276,0.387857,-0.028012,0.111813,0.215870,-0.069985,0.176865,0.380674,0.096651,0.049873,0.020846,-0.052969,0.233900,0.021664,0.011382,0.231996,0.079630,0.354570,0.255988,0.204046,0.102878,0.084944,0.080064,0.246570,0.221512,0.325683,-0.056647,-0.027569,0.143822,0.396156,0.270034,#
1,-0.164863,1.000000,0.075665,0.190561,0.139617,0.006089,0.044654,-0.069570,0.203108,-0.143185,0.381687,0.202922,0.030872,0.070328,-0.100457,-0.171881,0.132601,0.148829,-0.103404,0.242177,-0.139819,0.141713,-0.047922,0.077187,-0.023629,0.293300,0.195531,0.250329,-0.007450,0.066622,0.076713,0.210086,0.026649,0.067995,0.003734,0.165238,0.000704,0.020117,0.281116,-0.034537,-0.168257,0.109435,0.257833,0.087552,-0.121386,0.197539,0.263073,0.272921,0.062107,0.005036,0.234428,0.166961,0.150170,0.063836,-0.123795,0.091608,0.081525,-0.182195,-0.128340,0.205859,-0.083130,0.084776,0.005150,0.121739,0.046712,0.056477,-0.356213,0.104801,0.092258,0.323240,-0.018004,0.019717,0.244130,-0.113132,0.246540,0.186799,0.119372,0.017558,0.210495,-0.048684,0.207586,0.012918,0.221238,0.079779,-0.026498,-0.402704,0.112911,-0.007178,0.256431,0.019822,0.052969,0.135600,-0.000923,0.089078,-0.067132,-0.051932,0.010787,-0.238207,0.108353,0.052045,0.143202,-0.025226,0.045166,0.067211,-0.018963,0.059036,0.084651,0.294372,-0.167037,0.137089,0.250110,0.112739,-0.040264,0.221261,0.196641,0.136175,-0.018257,0.116890,-0.179755,0.084714,0.068609,0.092566,0.208959,0.123091,0.120645,0.244111,0.055707,0.166627,-0.137377,0.145635,0.129586,0.049458,0.084639,0.292365,0.225587,0.344239,-0.168041,0.165988,0.342287,0.129445,-0.103634,-0.130515,0.265053,0.081729,0.127448,0.108193,0.159158,-0.097392,0.013607,-0.010666,-0.080978,0.106837,0.094278,-0.035916,0.325400,0.083474,-0.017879,-0.190128,0.048368,-0.169422,-0.023266,0.219142,0.231112,0.184554,0.020863,0.085158,0.005857,-0.119630,0.144572,0.328196,0.127650,0.246306,-0.048222,0.054514,-0.091082,-0.153610,0.060257,0.244326,0.131330,-0.055622,0.025769,0.162384,0.095203,-0.285174,0.046517,0.235270,0.015092,-0.000345,0.030516,0.057275,0.275071,-0.153327,-0.061735,0.080698,0.197086,0.080470,-0.049486,0.053065,0.064676,0.088363,#
2,0.207794,0.075665,1.000000,0.320843,0.115954,-0.126434,0.123615,0.072332,-0.017874,-0.130584,-0.017375,0.101612,0.040524,0.255297,0.065009,0.085559,0.102569,-0.102215,0.012756,0.105934,0.333424,0.307333,0.104377,0.035112,0.240889,0.195667,0.240737,0.150251,0.122088,0.351745,-0.119807,-0.223793,0.005418,0.000626,-0.138855,0.029897,0.078437,-0.089408,-0.069805,0.163930,0.116508,0.180132,0.459380,-0.017997,-0.164273,0.094469,0.105989,0.267287,0.116757,0.071901,0.379036,0.096569,0.194202,-0.062488,-0.121327,0.029001,-0.071773,0.011752,-0.048387,0.216152,0.092836,-0.100717,0.029807,0.194727,0.192619,0.092823,-0.105268,-0.052891,0.214737,0.389020,-0.040973,-0.004589,0.148796,0.242282,0.153198,0.014015,0.191014,0.202212,0.078044,-0.104667,0.271824,-0.070805,-0.058138,0.022859,-0.035171,0.033639,0.138561,0.161465,0.152971,0.013818,-0.016617,0.161406,0.214647,0.036940,0.034241,0.031502,0.335384,-0.052494,0.223997,-0.034590,0.201333,-0.082570,0.139681,0.194343,0.069207,0.031935,0.069575,0.110464,0.169097,0.215069,0.028681,-0.194501,0.087188,0.086240,0.129036,0.161955,0.237938,0.283351,-0.262856,-0.015484,0.233788,-0.031409,-0.064259,0.020941,0.084718,0.082370,0.280537,0.124846,-0.035270,0.158034,0.049869,0.171041,0.096714,0.000058,0.164871,0.239508,0.224679,-0.138138,-0.010743,0.018474,-0.045610,-0.059753,0.345894,0.110393,0.260383,0.234657,0.098467,0.157357,0.284617,-0.047432,0.008052,0.329200,-0.046551,-0.023120,0.065722,-0.132293,-0.120678,-0.058979,-0.018289,0.176144,0.171820,0.462089,-0.014247,0.116583,0.195840,-0.117207,-0.026726,0.134553,-0.336421,0.065124,0.135101,0.250353,0.042895,-0.182742,0.145051,-0.032714,0.236131,-0.014958,0.051141,0.045627,0.146259,0.020913,-0.097051,0.232701,-0.010286,0.020481,0.065897,0.025001,0.228394,-0.101413,-0.140133,0.216645,0.346873,-0.043169,0.141155,0.166087,-0.011407,0.176707,0.244306,0.152384,#
3,0.083403,0.190561,0.320843,1.000000,0.207237,0.133074,0.347546,-0.035495,0.123259,-0.163768,0.178318,0.258101,0.175692,0.115734,-0.037612,0.001871,0.180529,0.065448,0.230163,0.216930,0.195619,0.102298,-0.078238,0.320392,0.245043,0.240275,0.236206,0.243362,0.148627,0.323989,0.085852,0.328152,0.309721,0.000568,-0.116705,0.161311,0.413909,-0.009012,0.306157,0.005972,0.109915,0.280837,0.136830,0.416487,-0.099385,0.232601,0.346841,0.205924,-0.051302,0.227691,0.132954,0.051330,0.152570,-0.052596,-0.087831,0.248612,0.162029,0.213709,-0.025926,0.153788,0.048591,-0.085402,0.147003,0.129030,0.206944,0.184936,0.156116,0.171108,0.057430,0.144393,0.140686,0.119050,0.249783,0.002770,0.199518,0.365112,0.198984,0.038668,0.289562,0.118656,0.409854,0.138018,-0.033204,0.169120,0.181622,0.035103,0.132829,0.015549,0.142624,0.112661,0.105646,0.299665,0.204833,0.283524,0.032859,0.034461,0.338481,-0.007660,0.246286,0.390026,0.341640,0.060752,0.080200,0.231348,0.261864,0.088543,0.000442,0.110300,0.027523,0.195668,0.203968,0.172608,0.173691,0.036182,0.011897,-0.035636,0.303051,-0.001171,-0.064745,0.059154,0.218780,-0.026954,0.198754,0.317228,0.077452,-0.031959,0.187183,0.102537,-0.002405,0.434555,0.238983,0.258920,0.278780,0.148009,0.316117,0.010008,-0.195987,0.083248,0.438208,0.156940,0.174137,0.154497,0.252320,0.381753,0.072977,0.035644,0.187571,0.166537,0.132000,-0.029681,-0.204206,0.117534,0.023924,0.134229,0.110940,0.211344,-0.017403,-0.080967,0.049690,0.227089,0.153512,0.395675,0.258331,0.243989,0.059091,0.071207,0.107500,-0.003265,0.028028,0.049009,0.220959,0.125062,0.046267,-0.101603,-0.079441,0.180649,0.098991,0.328925,0.183152,0.017494,0.170516,0.287566,0.204679,0.069122,0.083751,0.053643,0.217346,0.104377,-0.147196,0.050849,0.022791,0.192069,0.443864,0.097413,0.168296,0.095293,0.132822,0.237657,0.268331,0.165038,#
4,0.154392,0.139617,0.115954,0.207237,1.000000,0.185622,-0.004725,0.021191,0.384865,-0.226829,-0.106746,-0.046701,0.257948,-0.022002,-0.002815,0.013513,0.026980,-0.005980,0.280453,0.195864,0.228233,0.194003,-0.030662,0.203646,0.293017,0.376564,0.002317,0.146106,0.011221,-0.048546,-0.109499,0.048981,0.177140,-0.134426,-0.099038,0.159153,0.292937,-0.060690,-0.021073,-0.013535,-0.013403,0.271390,0.174512,0.066932,0.349879,-0.063442,0.270052,0.147263,0.133888,0.057609,0.090385,0.007191,0.135002,0.146191,0.139865,0.165273,0.117988,0.031429,0.084145,-0.056985,0.178431,0.029525,0.006275,-0.139117,0.159018,-0.022324,0.062880,0.030606,-0.065655,0.044994,0.101431,0.002714,0.139540,0.157456,-0.112746,-0.152794,0.073172,0.070269,0.070150,-0.013916,0.271830,0.082296,-0.076703,-0.028937,0.207252,0.024137,0.032776,0.132313,0.264117,0.307600,0.147405,0.127360,-0.114527,-0.006209,-0.055320,0.139968,0.167638,0.080890,0.224328,0.105459,0.002457,-0.154762,0.120600,0.060095,0.047245,-0.010731,-0.061411,0.193875,-0.233549,0.081397,0.497527,0.036871,0.110415,0.271515,0.015828,-0.199584,0.038125,-0.279913,-0.047513,-0.034221,0.200629,-0.062502,0.228734,-0.218263,0.237140,-0.113703,0.134395,0.009978,0.005055,-0.066589,0.053685,-0.078355,0.066017,0.103998,0.192396,-0.018317,0.065366,-0.046570,0.121360,0.262445,0.220511,-0.221437,0.097627,-0.077965,0.014802,-0.034927,0.062415,0.107044,0.180131,-0.183146,0.007787,-0.088106,0.015568,0.011423,-0.102161,-0.009732,0.264524,0.094017,-0.087337,0.247689,-0.126055,0.120935,-0.197539,0.113292,-0.120711,0.198948,-0.183031,0.064691,-0.179881,0.085657,-0.106650,-0.072122,0.163804,0.181312,0.028312,-0.059867,0.248119,0.184696,0.286619,-0.041736,-0.136875,-0.042591,0.024029,0.013692,0.035062,-0.077896,0.112607,0.330578,0.035393,0.033576,0.129408,-0.059708,0.255955,-0.036251,0.048048,0.199382,-0.069646,0.304807,0.039348,0.152179,#
5,-0.052891,0.006089,-0.126434,0.133074,0.185622,1.000000,0.179376,-0.048404,0.239131,0.039622,0.098794,-0.168777,0.124006,0.071087,0.239934,-0.091483,-0.022522,-0.099894,-0.033908,-0.117991,0.098120,0.013494,0.030295,0.106270,0.174815,0.005385,0.031759,0.114470,0.163078,0.131805,-0.028311,0.235553,0.276492,0.017195,-0.009613,-0.042730,0.311043,0.226130,0.068140,-0.020671,-0.100979,0.105838,-0.109592,0.239286,-0.140272,0.076777,0.106444,-0.050867,-0.026109,0.254276,-0.067258,-0.029739,0.065570,-0.040161,-0.081824,0.206500,-0.205728,-0.205490,-0.010662,0.018074,0.023801,0.062993,-0.043780,-0.237578,-0.105508,0.086604,0.162871,-0.094065,-0.009955,0.097642,0.154270,0.115673,0.084595,0.224318,-0.093122,-0.138056,0.128650,-0.012325,0.003127,0.012038,0.001705,0.074785,0.085187,-0.143715,0.034713,0.197998,-0.163396,-0.169576,-0.004959,0.144004,0.041768,0.113172,-0.007736,-0.014659,0.012862,0.047040,-0.039602,-0.150167,0.158511,-0.216731,0.160663,0.058936,-0.043991,0.007816,0.020281,-0.052271,-0.196390,0.156055,-0.206969,-0.022672,0.154242,-0.120601,0.078581,0.071862,0.093506,-0.260947,0.124122,-0.136376,0.099672,-0.103197,0.207658,0.096871,-0.141608,0.083751,-0.107643,-0.043145,-0.224843,-0.042743,0.073976,0.066663,0.163154,0.019491,-0.012664,0.020596,0.220016,0.065940,0.054222,-0.130243,0.044593,-0.004480,0.283690,0.011797,0.049847,0.232648,0.012261,0.053476,0.144976,-0.148373,-0.240501,0.134545,0.124797,-0.313930,-0.096876,0.087887,0.043528,0.000180,0.087078,0.025560,0.245846,-0.228662,-0.111247,-0.041571,0.039441,-0.037093,-0.031053,-0.069614,-0.032172,-0.042091,0.135061,0.281992,0.027432,0.073473,-0.097767,0.152875,-0.073673,-0.019932,0.097339,0.017172,0.335180,-0.219686,-0.010209,-0.147705,0.232574,0.011414,0.012148,0.156304,0.225039,-0.079793,-0.332640,0.029783,-0.174773,-0.014588,0.133458,0.114545,0.083004,-0.189547,-0.070484,0.304880,-0.140283,0.141176,#
6,-0.033083,0.044654,0.123615,0.347546,-0.004725,0.179376,1.000000,0.033518,0.133703,-0.009478,0.116284,0.059010,-0.085994,0.250208,0.086919,-0.023534,0.153193,-0.014487,0.159544,0.094455,0.265583,-0.064463,-0.124543,-0.004979,-0.024228,0.169319,0.118506,0.211650,0.187619,0.406747,-0.040158,0.220594,0.093782,0.217198,-0.193916,-0.011663,0.224891,0.224047,-0.023360,0.229361,-0.014590,0.206382,-0.208376,0.075305,-0.231076,0.364916,0.064347,0.177354,0.103479,-0.041521,0.050250,0.187034,0.301209,0.180167,-0.034163,0.089941,0.020153,0.057312,0.124838,0.219369,-0.040839,-0.106879,-0.040021,0.350807,0.160784,0.178193,0.154917,0.218031,0.208177,0.018960,-0.035032,0.126314,0.197789,-0.064777,0.245470,0.163877,0.181490,0.322953,0.341721,0.023180,0.112710,0.107643,0.282615,0.071651,0.126257,-0.037520,-0.030340,0.135267,-0.010210,0.093608,0.149545,0.289334,0.040983,0.178511,0.069525,0.157246,0.092611,-0.082617,0.210052,0.260104,0.176669,0.023794,-0.006105,-0.112900,-0.183206,0.321999,-0.191324,0.077577,0.148882,0.181662,0.138064,0.155390,0.177859,-0.126535,-0.011236,0.116458,0.248411,0.018366,0.016903,0.093755,0.150771,0.156494,-0.120415,0.136354,0.106200,0.040202,-0.007540,0.294233,0.086735,0.258157,0.209133,-0.139954,0.116113,-0.053046,0.377698,0.167632,-0.008826,0.269778,0.304940,0.133965,-0.022727,-0.003931,0.013362,0.280142,-0.063117,0.092739,0.290590,-0.009304,-0.010670,-0.205328,-0.008217,0.089681,0.086189,0.092374,0.268806,-0.012092,-0.001268,-0.015256,0.239306,-0.024535,0.044473,0.180245,0.326837,0.131221,0.171106,0.030073,-0.018402,0.089616,0.252308,0.200291,0.120931,0.053430,0.163151,0.041636,-0.163135,0.271642,0.026396,0.289714,0.485210,-0.204300,-0.128177,0.010451,0.264677,0.374943,0.317826,0.175446,0.335706,-0.007094,-0.152372,0.186215,-0.247870,0.007921,0.275013,0.148910,0.012451,-0.077631,0.097709,0.262072,0.040432,0.301081,#
7,-0.057837,-0.069570,0.072332,-0.035495,0.021191,-0.048404,0.033518,1.000000,0.089751,0.134418,0.092727,0.238211,-0.092222,0.043232,0.246126,0.159863,0.045596,0.274178,0.006232,0.125415,0.119520,0.260329,0.344284,-0.087102,0.038839,-0.038837,0.212562,0.203304,-0.013756,0.133627,-0.017241,-0.117385,-0.008716,0.039067,-0.057695,0.025820,-0.163609,-0.177095,0.046495,0.167199,0.093335,0.255248,0.064421,0.062973,0.199230,0.167945,-0.028075,0.244618,0.158770,-0.058948,-0.089700,-0.024517,-0.045648,-0.025977,0.105598,0.040846,0.218794,0.242809,0.092350,-0.074000,0.197757,-0.043238,-0.006047,0.065440,0.237529,-0.027929,-0.007541,-0.175076,0.102903,0.174062,0.119204,-0.079303,0.191949,0.188380,-0.104643,0.035836,-0.105608,0.138519,0.063212,0.253462,0.260630,0.079087,0.103624,0.064083,0.188993,-0.019579,-0.108049,-0.150112,0.141985,0.285316,-0.035920,0.095420,0.112889,0.067158,-0.167973,-0.099604,-0.054251,-0.053266,-0.043957,-0.023509,0.113002,-0.089510,0.076614,-0.081663,-0.205627,0.228182,0.464054,0.032570,0.027766,0.188417,-0.163423,-0.063614,-0.217534,-0.025217,0.338255,0.079845,-0.242562,-0.058265,0.034805,0.328526,0.281094,0.066644,-0.049686,0.025491,0.048122,-0.057993,0.047225,0.232664,-0.108431,0.110302,0.028410,0.082438,0.048833,-0.038179,0.421035,0.056469,-0.140306,0.372320,0.043291,0.038823,0.276730,0.004208,-0.038849,-0.025485,-0.055261,0.113512,0.345531,0.115372,-0.001392,-0.085646,0.021381,0.113196,-0.104848,-0.017563,-0.190239,0.080040,0.163001,0.026265,0.200383,0.047485,-0.011715,0.069793,0.095054,-0.032070,-0.052225,0.147200,0.212302,0.134541,0.059153,0.001028,0.103598,0.002656,0.073269,-0.037954,0.055797,-0.147007,0.060474,-0.021277,-0.090298,0.007088,0.118632,-0.037534,0.016719,0.134245,-0.386664,-0.148357,-0.006594,0.006521,0.028194,0.382790,0.156762,-0.132855,0.165541,0.054389,0.105482,0.150565,-0.016859,0.079025,0.266597,-0.050613,#
8,0.067678,0.203108,-0.017874,0.123259,0.384865,0.239131,0.133703,0.089751,1.000000,-0.073239,0.230568,0.008301,0.060476,0.131132,0.206918,-0.214997,-0.111502,0.169550,0.176558,0.199980,0.317502,0.170562,-0.129043,0.264127,0.103799,0.067941,0.112663,0.256804,0.086881,0.104736,-0.245838,0.098242,0.210877,-0.104719,-0.162218,0.160808,0.284438,0.064699,0.160192,0.011232,0.125466,0.151716,-0.064896,0.053756,0.177079,0.161568,0.103132,0.349146,0.166784,0.186177,-0.015535,0.327743,0.068449,0.389016,0.025445,0.247038,0.225491,0.172453,-0.161506,0.111770,0.006467,0.210811,0.067166,-0.144257,0.059825,0.272849,0.060109,-0.012400,0.357220,0.111143,0.097272,0.161371,0.308455,-0.221849,-0.022034,0.065980,0.142030,0.266850,0.187959,-0.051368,0.213718,0.371077,0.272764,0.091517,0.257848,0.049883,0.056746,0.123971,0.329736,0.478741,0.088434,0.339999,0.025769,-0.074411,0.431999,0.238651,0.115519,0.112000,0.200883,0.024422,0.096913,0.085510,0.149797,0.082784,-0.025721,0.100763,-0.009035,0.314394,-0.176606,0.204652,0.251181,0.146239,-0.035569,0.287443,0.095562,0.020190,0.095943,0.201019,0.038495,0.083019,0.225182,0.128972,0.222328,0.122369,0.227222,0.253251,0.055365,0.245083,-0.004591,0.212666,0.157947,-0.048244,0.192427,0.194311,0.232396,-0.047647,0.098526,0.231829,0.452917,0.242639,0.361457,0.088151,0.202593,0.022538,0.074668,-0.108573,0.194553,0.091919,-0.205622,-0.042658,0.295886,-0.075987,0.106503,0.087771,0.318888,0.278148,0.174149,0.120226,0.109195,0.180729,-0.017908,0.103018,-0.008903,0.115347,0.112373,0.059208,0.105890,0.108880,0.146820,0.121254,0.087266,0.233105,0.023398,0.140970,0.073407,0.048602,0.087064,0.220866,0.430149,-0.066303,-0.035070,0.257213,0.007288,0.015014,-0.056457,0.118676,0.034766,0.006389,0.129301,0.394426,0.234436,-0.015801,0.278152,0.053373,0.277431,0.000326,0.071911,0.025462,-0.088820,0.095452,#
9,0.064946,-0.143185,-0.130584,-0.163768,-0.226829,0.039622,-0.009478,0.134418,-0.073239,1.000000,0.199408,-0.171765,-0.119192,0.336896,0.235114,-0.046190,-0.085133,-0.166427,-0.330924,0.271979,-0.160297,-0.011367,-0.005492,-0.108525,-0.079199,-0.158483,0.271982,0.026451,0.144268,-0.046501,0.172521,0.162233,0.045447,-0.008536,0.145586,-0.055952,-0.250350,0.255035,-0.043027,-0.133620,0.197900,0.105246,-0.092314,-0.242295,-0.031495,0.029169,0.073203,0.038868,0.046037,-0.177305,-0.050944,0.121819,-0.194075,-0.075088,0.160683,0.237183,0.122040,0.199773,0.077447,-0.163334,0.148117,-0.053363,0.028434,-0.076786,0.234841,0.121498,-0.106233,-0.115871,0.051460,-0.102066,0.019124,0.263114,0.092662,0.024537,0.138581,0.042200,0.075357,-0.089254,0.263012,-0.048990,-0.142025,0.119071,-0.103356,0.074612,0.118838,0.179032,0.060615,0.059242,-0.262532,0.080580,-0.161064,-0.122551,-0.038405,-0.077898,-0.101582,-0.059109,-0.016528,0.041182,0.037216,0.081901,0.221564,0.180291,0.198531,-0.073939,0.208190,0.134448,0.024870,0.058199,0.257995,-0.113130,-0.165050,-0.115683,-0.077642,0.054446,0.024729,-0.081058,-0.059470,0.175282,0.203373,-0.140344,0.312041,0.217963,-0.058165,0.197183,-0.053831,0.035110,-0.257944,0.038011,0.097367,0.269680,0.130037,-0.096430,-0.130947,0.043331,-0.059433,0.063619,0.220965,0.185396,0.138815,-0.183886,0.057032,0.138301,0.032707,-0.081100,-0.067351,0.140190,0.202446,-0.012158,-0.086925,0.407377,0.088866,-0.209864,0.211014,0.137727,-0.073603,0.110437,0.019403,0.026346,0.424813,-0.151483,0.078550,0.069832,-0.175550,0.210821,-0.010495,0.100230,-0.084800,0.105589,0.323832,0.102814,0.126841,0.302272,0.046701,0.048245,-0.068383,0.026395,0.160409,-0.170285,-0.161386,0.006357,-0.043583,0.017476,0.062812,0.182972,-0.003893,-0.016158,0.133472,0.150265,0.109208,-0.089949,0.054653,0.006903,-0.082858,0.188720,-0.117719,0.093141,0.206026,-0.235321,0.125052,0.124545,#
10,0.224451,0.381687,-0.017375,0.178318,-0.106746,0.098794,0.116284,0.092727,0.230568,0.199408,1.000000,-0.019416,-0.195170,0.267339,0.132327,-0.130341,-0.037821,0.099530,0.067164,0.006457,-0.101704,0.226245,-0.252943,0.058287,0.016293,-0.127838,0.277586,0.247052,0.185154,0.150612,0.227727,0.225153,0.128941,0.153176,-0.138974,0.040139,-0.077624,0.061923,0.364232,0.140907,0.106944,0.038875,-0.002721,0.023688,-0.260014,0.076956,0.135406,0.171410,0.084859,-0.017191,-0.025600,0.012652,-0.020997,0.065384,-0.119696,0.321285,0.201472,0.120681,-0.212917,0.065035,-0.170696,-0.089248,0.187598,-0.007956,0.338973,0.267599,-0.082986,-0.063030,0.219030,0.213125,0.139792,0.148707,0.307063,0.098704,0.009491,-0.025525,0.234274,-0.134831,0.148618,0.237100,0.122765,-0.024170,0.234326,0.191306,0.182242,-0.172636,0.240450,-0.041376,0.053218,0.074114,-0.212281,0.004932,0.098483,-0.073967,0.038085,-0.055443,0.234539,-0.105314,0.050727,0.143042,0.176719,-0.030060,0.117983,-0.122426,0.089452,0.024837,0.158424,0.271280,0.154387,0.036490,-0.002227,0.077420,-0.157927,0.065422,0.319547,0.084113,0.071641,0.056461,0.099488,0.046500,0.104551,0.266208,-0.033012,0.124499,0.005333,0.052460,-0.033071,0.098752,-0.007410,0.287575,0.377863,-0.028314,0.032083,0.072127,0.094260,0.099177,-0.052782,0.272224,0.348397,-0.039423,0.265550,0.013894,0.246745,0.118466,-0.140428,0.106522,0.311070,-0.141911,-0.160329,0.061032,-0.061227,0.113260,0.143067,-0.220028,0.289732,0.243220,0.106379,-0.219119,0.198602,0.091759,0.118099,0.042172,0.271673,0.033534,0.136242,0.046540,-0.013407,0.171796,0.209748,0.152171,0.335436,0.267154,-0.062178,0.131892,-0.182097,0.069121,0.074952,0.088222,0.064311,0.027690,0.080794,0.032407,0.153395,-0.053073,0.147494,0.120944,0.024287,-0.053611,0.133282,0.220755,0.108596,-0.024114,0.045008,0.037375,0.213478,-0.043766,0.025570,0.116972,0.334079,0.251379,#
11,-0.131901,0.202922,0.101612,0.258101,-0.046701,-0.168777,0.059010,0.238211,0.008301,-0.171765,-0.019416,1.000000,0.077015,-0.184908,-0.141284,-0.060380,-0.025402,0.301498,0.242798,-0.015947,0.045780,0.027279,-0.083373,0.001628,0.296758,0.144540,-0.057278,0.083556,-0.353483,0.113376,0.133475,-0.074707,0.093713,-0.094049,0.015566,0.069700,0.091672,-0.091796,0.098512,0.066293,-0.091138,0.295041,0.241524,0.249479,-0.106869,0.150846,0.192542,0.105074,0.073169,-0.055608,0.252417,-0.098054,0.199772,0.122189,-0.325055,-0.169200,0.340543,0.242969,0.093566,-0.207987,-0.239870,-0.041871,0.183352,0.150057,-0.111968,0.093798,-0.022454,0.224617,-0.059645,0.161449,-0.031576,-0.145831,0.266900,0.017203,-0.129786,0.211713,-0.101429,-0.037379,0.157193,0.177781,0.212321,-0.090090,0.169986,0.154489,0.152401,-0.156980,0.104362,0.165753,0.188304,-0.033806,0.160196,0.172384,0.310584,0.390606,-0.131960,0.056824,-0.060438,0.037968,-0.054897,0.054623,0.154809,-0.046010,-0.004459,0.161414,0.099151,0.202218,0.258078,0.250006,0.107142,0.048172,0.125925,0.062240,0.055530,0.079934,-0.158449,0.181676,0.024919,0.131564,0.051221,0.013386,0.073387,0.077227,0.202071,0.061579,0.119300,0.058057,0.210679,0.297234,0.077730,0.071073,-0.036824,0.237884,0.090204,0.162496,0.119799,-0.144382,-0.401983,0.395874,-0.008061,0.200178,0.110845,0.034939,0.129517,0.041721,-0.055534,-0.005739,0.062206,-0.007336,-0.014565,-0.149625,-0.067157,0.295058,-0.081821,0.044502,0.150463,0.050534,0.007892,-0.254049,-0.012528,0.113522,0.065089,0.090413,-0.093422,-0.137466,0.153827,-0.052488,0.329997,0.057067,0.134148,-0.041175,0.108350,-0.047057,-0.204766,-0.167893,-0.040115,0.127699,0.167431,0.118117,0.035968,-0.091084,0.007404,0.161976,-0.053771,-0.052447,-0.151635,-0.060648,0.000024,0.072599,-0.110772,0.120042,0.040864,0.051281,0.123639,0.002684,0.179605,0.184545,0.129361,0.113573,0.106320,0.062178,#
12,0.038830,0.030872,0.040524,0.175692,0.257948,0.124006,-0.085994,-0.092222,0.060476,-0.119192,-0.195170,0.077015,1.000000,-0.214113,0.041689,-0.106016,0.323255,-0.010894,0.076289,0.314060,0.058107,-0.048243,0.229624,0.097495,0.100209,0.135492,0.129286,0.009402,0.111796,0.312252,-0.098780,0.232278,0.111507,0.082368,-0.009323,0.297388,0.214764,-0.081388,0.188703,-0.045961,0.152026,-0.045142,0.093186,0.236660,0.251570,0.137093,0.237856,-0.183479,0.028081,0.030710,0.342665,0.109631,0.150579,0.150921,-0.036894,0.188108,0.044578,0.093443,0.059654,-0.186999,-0.118517,0.163454,0.126015,0.020433,-0.022605,0.237924,0.043720,0.002077,-0.062317,0.025299,0.084858,0.245346,-0.114468,-0.057817,0.172249,0.095547,0.138135,0.078310,0.229666,-0.031341,0.103397,0.256176,-0.022421,-0.030189,0.130771,0.230202,0.015731,0.317011,0.105298,-0.081154,0.155901,0.162600,-0.134555,0.180780,0.190683,0.047345,0.159204,0.089975,0.108907,0.012551,0.157606,0.231248,0.014938,-0.001977,0.317407,0.083207,0.056082,-0.102949,-0.061726,0.049826,0.265354,-0.092731,0.039202,0.220571,0.035554,-0.071260,-0.075769,0.051350,0.214763,0.069447,0.039030,-0.027568,0.269301,0.074865,0.070063,0.193779,0.192223,-0.083766,0.049830,0.052325,0.151404,0.168193,0.106935,0.127277,-0.067359,-0.024250,0.126873,0.121222,0.091020,0.154746,0.125481,-0.131098,0.082019,0.065908,-0.153938,0.165461,-0.109339,0.106941,0.010513,-0.154208,-0.019116,0.222771,0.008312,0.174534,-0.058386,-0.095664,0.096472,-0.218091,-0.084097,0.047668,-0.056557,0.244120,0.120131,0.292723,-0.129419,-0.095178,0.197044,-0.085250,-0.154924,0.122254,0.019698,-0.029407,0.112513,-0.075314,0.170771,-0.147152,0.180371,0.161931,-0.001116,0.232767,0.093691,0.096187,0.280098,-0.009341,0.040626,0.167647,0.007273,0.124380,0.000299,0.040199,0.039619,-0.081992,-0.038664,0.082677,-0.107646,-0.086481,0.294128,0.240620,0.102577,0.029176,#
13,0.130982,0.070328,0.255297,0.115734,-0.022002,0.071087,0.250208,0.043232,0.131132,0.336896,0.267339,-0.184908,-0.214113,1.000000,0.249260,-0.007096,0.125391,-0.215328,0.121285,0.204054,0.049533,0.125809,-0.069588,0.149165,0.127966,0.217514,0.371263,0.117733,0.265867,-0.008570,0.171384,0.210580,0.253599,0.123314,0.105158,0.015840,-0.134431,0.049545,0.056879,0.137470,-0.133469,0.129078,0.252345,0.032590,-0.236002,0.167047,0.193564,0.175795,0.064407,0.036294,0.095956,0.152686,0.204984,-0.072893,0.017970,0.300970,0.039848,0.165997,0.020612,0.293020,0.083078,-0.076409,0.125690,-0.025097,0.117596,0.170071,0.222489,0.036390,0.401841,0.029795,-0.123291,-0.039631,0.135265,0.075708,0.118008,-0.091425,0.232366,0.234892,0.212891,-0.126612,0.084608,0.161239,-0.105378,0.558059,0.272200,0.082201,0.212107,0.147180,0.205801,0.003610,-0.006608,0.097656,0.048048,0.048979,-0.205084,-0.015193,0.300945,-0.151683,0.233630,0.177814,0.295748,0.158352,0.072611,0.077450,0.064450,0.205284,0.008833,0.138948,0.107304,0.019669,-0.067010,-0.090163,0.183366,0.051392,0.167816,0.085832,0.353380,0.133142,0.072171,0.076023,0.372534,0.120393,-0.000915,0.161560,0.084174,0.001315,0.005011,-0.039825,0.142351,0.259013,0.182266,-0.004935,-0.138901,-0.023993,0.292886,-0.010808,0.072315,0.067304,0.441151,0.116772,-0.038563,0.000563,0.328586,0.232138,0.141390,0.197818,0.368805,0.234843,0.017498,0.236062,0.084836,0.031116,0.028039,0.117722,0.168524,0.312716,-0.217984,0.318146,0.330172,0.023417,0.019078,0.385281,-0.005423,0.400125,0.220490,-0.069000,-0.110020,-0.018826,0.100808,0.231474,0.151151,0.339826,0.161774,-0.123161,-0.071888,0.094221,0.025114,-0.099104,0.304253,-0.143822,0.234228,0.148270,0.110972,0.076289,-0.019377,0.002023,0.203940,0.203804,0.059003,0.209979,-0.021336,0.108882,0.214505,-0.054539,0.008889,0.047619,-0.002373,0.065083,0.173832,0.279225,#
14,0.259591,-0.100457,0.065009,-0.037612,-0.002815,0.239934,0.086919,0.246126,0.206918,0.235114,0.132327,-0.141284,0.041689,0.249260,1.000000,0.289033,0.041143,-0.006833,0.208823,0.220571,0.082404,0.192351,0.115387,0.251931,0.142588,-0.105807,0.265199,0.310864,0.304104,0.189329,-0.150398,0.037700,0.124622,-0.004919,0.148390,0.156895,0.173970,0.280983,0.053108,0.277830,0.199049,0.072292,0.172677,-0.081030,0.014613,0.265340,0.145192,0.107052,0.130762,0.085347,0.197057,0.057623,0.271101,0.193655,0.173829,0.241718,0.225735,-0.027311,-0.117773,-0.037674,0.262284,0.172940,0.000883,-0.059748,0.102947,0.186420,0.157315,-0.022337,0.220459,0.113705,0.045883,0.147632,0.108438,0.332670,0.065379,0.155843,0.231239,0.207152,0.095061,0.166776,0.241902,0.110988,0.054148,0.163463,0.121201,0.220877,0.012842,0.096784,0.160890,0.162011,0.212876,0.149138,0.011901,0.176659,0.201387,-0.223744,0.192625,-0.086891,0.243869,0.119130,0.157944,0.228741,0.139901,0.073053,-0.139087,0.252064,0.120069,0.287975,-0.030874,0.211597,-0.064458,-0.027950,0.008462,0.030471,0.110457,0.058637,0.066994,0.217242,0.314105,0.163686,0.437089,0.324656,0.016532,0.171104,0.129305,0.186038,0.127414,0.093623,0.107204,0.313334,0.223830,0.236204,0.038655,-0.085034,0.085180,-0.146192,0.189170,0.049930,0.000660,0.059627,0.378779,0.121169,0.236009,-0.017217,0.153740,0.342149,0.166112,0.110286,0.003724,0.131344,0.126466,-0.133326,-0.111706,0.117343,-0.023526,0.159328,0.318610,0.070134,0.251144,0.082195,-0.017664,0.275577,-0.000287,0.176080,0.252533,0.065691,0.103402,0.105001,0.042509,0.413050,0.229498,0.461067,0.209674,0.092189,0.028995,0.021398,0.467646,0.225256,0.339806,0.163830,0.035419,0.210501,0.214953,0.049167,0.030496,0.166503,0.260157,-0.011623,0.050728,0.286417,-0.065178,0.049826,0.213856,0.373950,0.121518,-0.207227,-0.068218,0.131689,0.309615,0.118840,#
15,0.023377,-0.171881,0.085559,0.001871,0.013513,-0.091483,-0.023534,0.159863,-0.214997,-0.046190,-0.130341,-0.060380,-0.106016,-0.007096,0.289033,1.000000,0.091898,0.232410,0.101321,0.101513,0.121801,0.028038,0.070579,0.064114,0.042866,0.241812,0.167513,0.033706,0.259682,0.065549,-0.087888,0.035066,0.071124,0.011406,-0.041652,-0.317199,-0.046022,0.048193,0.013318,0.082653,0.008859,0.095103,0.069973,-0.026151,0.115703,0.126606,-0.089210,0.079654,-0.204023,-0.058395,-0.163995,0.107164,0.099323,-0.093416,0.078307,0.036281,0.125994,0.022165,-0.055188,0.083497,0.085320,-0.209119,-0.020647,-0.092673,0.025891,-0.109320,-0.027672,0.039605,0.052382,-0.179646,0.254287,0.073308,0.082459,0.171449,-0.013271,0.145345,-0.268039,0.170387,-0.143375,0.296357,0.160332,-0.057217,0.188828,0.288424,-0.050284,0.083086,0.042510,-0.111821,0.129833,0.272216,-0.093621,0.090649,0.122274,0.201185,-0.132290,-0.290310,0.095426,0.025639,0.029151,-0.013741,-0.026531,-0.016319,0.044029,-0.036185,-0.325653,-0.007909,0.021077,0.093104,-0.051404,0.223607,-0.042757,0.261369,0.008423,-0.174746,0.016053,0.257365,0.120949,-0.230137,0.005292,0.052997,0.157172,0.270958,-0.035498,0.088837,0.178245,-0.313262,-0.010759,-0.064420,0.114145,-0.004231,-0.021119,0.215904,-0.107157,0.027991,-0.013608,0.041810,0.015000,-0.020259,-0.245964,-0.097588,-0.084293,0.208365,0.010223,0.024186,0.238662,0.077731,0.007051,0.219646,0.176021,0.076137,0.085040,-0.125131,-0.136192,0.380120,-0.228484,0.340129,-0.058481,-0.025865,0.086819,-0.034587,-0.166726,-0.059379,0.230660,-0.058850,0.009164,0.014579,0.019920,0.068100,-0.113866,0.045641,-0.101463,-0.012051,0.279867,-0.198516,-0.052732,-0.174588,0.262018,-0.135349,-0.091417,0.031065,0.133092,0.029686,0.023048,0.241307,-0.101292,-0.150257,-0.121789,-0.068192,-0.016397,0.094269,-0.191193,0.065715,0.089274,0.130777,0.004117,-0.011267,-0.068182,-0.003571,-0.052026,-0.125495,#
16,-0.019610,0.132601,0.102569,0.180529,0.026980,-0.022522,0.153193,0.045596,-0.111502,-0.085133,-0.037821,-0.025402,0.323255,0.125391,0.041143,0.091898,1.000000,0.051164,0.071203,0.269493,0.220745,0.261633,0.075772,0.000689,-0.147969,0.199261,0.130532,-0.051958,0.262969,0.200782,0.140662,0.326717,-0.052248,0.203357,-0.060148,0.110525,0.157170,-0.106648,0.120450,0.016342,-0.145699,0.119468,0.145245,0.118441,0.049715,0.401359,0.081916,-0.064912,0.112247,-0.209594,0.072679,0.071630,0.285389,-0.045121,0.159900,-0.032074,0.000046,0.003989,0.060519,-0.234940,-0.018443,0.282840,0.253057,0.216791,0.115268,0.033636,0.042211,0.360602,0.027977,0.062483,-0.037751,0.229946,0.303763,-0.073138,0.003422,0.137820,0.086823,0.210397,0.126592,-0.078172,-0.015082,-0.080002,-0.046804,0.053275,0.047088,0.050492,0.154891,0.003653,-0.004685,-0.023033,0.086234,0.274717,-0.035909,0.066538,-0.030706,-0.182924,0.165308,0.029906,0.141889,0.114900,0.078802,-0.071477,-0.268925,0.001412,0.060120,0.103932,-0.063824,-0.224288,-0.139393,0.222704,0.218436,0.064268,-0.027824,0.039655,0.115976,0.368745,-0.029485,-0.051061,-0.132011,0.391437,-0.009308,0.018635,-0.062994,0.098568,0.022467,-0.106478,0.108695,-0.168073,0.012636,0.083868,0.107598,-0.048403,0.279847,-0.062106,0.298707,0.191428,-0.189490,0.257568,0.268008,0.224921,-0.068422,0.089450,-0.039401,0.069911,0.186647,0.106125,0.075421,0.203601,0.235901,-0.081244,-0.135790,0.237696,0.026803,-0.052295,0.241250,0.034313,-0.111255,-0.002852,0.029327,-0.023372,-0.042881,0.276930,0.260305,0.262724,-0.054085,0.010118,0.193177,-0.080178,-0.171089,0.123790,-0.112347,-0.007407,0.133785,-0.059377,-0.001878,0.062115,-0.084591,0.037930,0.204848,0.068739,0.177770,0.198350,0.127123,-0.118088,-0.149214,0.082826,0.197817,0.061693,0.013700,0.113962,0.223973,-0.231123,0.057526,0.049633,0.075724,0.186375,-0.193891,0.208203,-0.038250,0.140830,#
17,0.127373,0.148829,-0.102215,0.065448,-0.005980,-0.099894,-0.014487,0.274178,0.169550,-0.166427,0.099530,0.301498,-0.010894,-0.215328,-0.006833,0.232410,0.051164,1.000000,-0.031322,0.094868,0.285640,0.000455,0.088155,0.071220,0.027988,0.095163,0.022888,-0.098864,0.071145,0.231422,-0.005215,0.093242,0.224378,0.154160,-0.045311,0.092800,-0.042943,-0.014955,0.241938,-0.015241,0.001478,-0.044103,-0.121479,0.184574,-0.008256,0.333391,0.130737,-0.039573,-0.081385,-0.115683,-0.073982,0.047448,-0.006384,0.071795,0.003457,0.034968,0.273266,0.290649,-0.201365,0.014682,0.135156,0.076521,0.228068,-0.087315,-0.038436,0.064280,-0.036382,0.034711,0.014566,0.043525,0.027607,-0.064048,0.203813,-0.061786,-0.065668,0.152758,-0.123023,0.055089,-0.246709,0.289574,0.095482,0.090379,0.462789,0.189798,0.047974,-0.167172,-0.053478,0.045452,0.114887,0.306693,-0.011159,0.142726,0.022009,0.120969,-0.095421,-0.192941,0.129692,0.134927,0.108721,0.053764,-0.097551,-0.156959,0.112502,0.097912,-0.223958,0.259108,0.184487,0.149197,-0.049824,0.016713,0.061118,0.253346,-0.214899,0.238894,-0.119166,0.235442,-0.218906,0.045220,-0.151750,0.168809,-0.074644,-0.023541,0.150125,0.139311,0.230857,-0.061407,-0.026167,0.244550,-0.074086,0.017125,0.032581,-0.006003,0.070090,0.073450,0.201903,0.158283,-0.079808,0.203740,0.141453,0.169289,-0.057130,0.151239,-0.022282,0.155975,0.125634,0.010551,0.002294,-0.083699,-0.039564,-0.101400,0.046666,-0.085186,-0.073392,0.107952,-0.000183,0.287573,0.002744,-0.201255,0.288215,0.143726,-0.021447,0.100146,0.222488,-0.023879,0.041212,0.216821,0.163141,0.245772,0.048437,-0.082973,0.307103,-0.067045,-0.064024,-0.070400,0.052805,-0.195414,0.200018,0.084826,-0.136445,0.156843,0.005235,0.240718,0.107611,-0.105007,-0.110035,-0.147304,-0.038338,0.136866,-0.031120,0.369862,0.161735,0.109750,0.219066,-0.054786,0.286118,-0.058427,0.009524,0.001452,-0.039666,-0.016430,#
18,0.207203,-0.103404,0.012756,0.230163,0.280453,-0.033908,0.159544,0.006232,0.176558,-0.330924,0.067164,0.242798,0.076289,0.121285,0.208823,0.101321,0.071203,-0.031322,1.000000,-0.073047,0.209839,0.120507,-0.132088,0.353874,0.267133,0.003369,0.079939,0.356698,0.072597,0.169079,0.051010,-0.025367,0.112248,-0.058099,0.089063,0.155988,0.341916,0.037570,0.022369,0.324944,0.034340,0.270799,0.122764,0.187870,0.084646,0.157082,0.117580,-0.006393,0.097825,0.151725,0.239135,-0.152198,0.284514,0.325425,0.017237,0.091020,0.175367,0.110464,-0.061428,-0.142921,0.001715,-0.127367,0.085941,0.007276,-0.097789,0.078233,0.237912,0.249465,0.025069,-0.146224,-0.097562,-0.114239,0.105615,0.095564,-0.056649,-0.006516,-0.037513,0.124586,0.126582,0.059152,0.281950,-0.108479,0.013419,0.344889,0.170976,-0.013264,0.154494,-0.069406,0.269508,0.031067,0.228386,0.004371,0.026182,0.314837,0.068235,0.120463,0.283190,0.177837,0.029618,0.295247,0.041999,0.137635,0.210814,0.243261,0.091105,0.223205,0.107564,0.128545,0.141665,0.343298,0.208060,0.270858,0.152858,0.115464,-0.055410,0.080536,0.112022,-0.129784,0.061061,0.178099,0.172830,0.175841,0.068210,-0.075397,0.244371,0.008188,0.315165,-0.005707,0.231617,0.062645,0.254994,0.230228,0.106836,0.105954,0.096032,-0.324891,-0.228653,0.112862,0.116050,0.189533,0.252607,0.005600,0.036779,0.040763,0.031968,0.034049,0.082015,0.024987,0.026004,-0.075754,-0.037647,0.245671,0.010945,-0.033039,0.091959,0.248222,0.189224,0.018438,-0.123475,0.488414,0.032111,0.009459,0.073409,0.042221,0.115800,-0.010678,0.163824,0.033144,-0.166907,0.059250,0.048148,0.030737,0.310405,-0.138159,-0.202857,0.197651,0.135812,0.184970,0.424172,-0.034115,0.080162,0.059162,0.226618,-0.037838,0.084182,0.040244,0.168929,0.136253,-0.012027,0.212987,0.015375,0.326089,0.291475,-0.065324,0.096797,-0.129191,-0.026559,0.320077,0.230948,0.068691,#
19,0.182337,0.242177,0.105934,0.216930,0.195864,-0.117991,0.094455,0.125415,0.199980,0.271979,0.006457,-0.015947,0.314060,0.204054,0.220571,0.101513,0.269493,0.094868,-0.073047,1.000000,0.175019,0.309994,0.241975,0.211643,-0.002821,0.301643,0.345558,0.152013,0.330381,0.220946,-0.011751,0.443897,0.228744,0.269307,-0.004845,0.224172,-0.034749,-0.018616,0.442814,0.173704,0.009438,0.191103,-0.039162,0.096773,0.184566,0.422740,0.278204,0.418281,0.082409,-0.139306,0.187408,0.238523,0.109010,0.383899,0.167465,0.181144,0.236517,0.197714,0.187284,-0.025668,0.136938,0.189716,0.151998,0.208554,0.215230,0.349383,-0.080405,0.205188,0.213982,0.219578,0.100927,0.250594,0.225852,-0.156629,0.211958,0.424907,0.166480,0.301332,0.432745,0.029682,0.184831,0.220306,0.092049,0.268171,0.444131,-0.101281,0.208688,0.210039,0.228486,0.284136,-0.025141,0.230267,0.080727,0.139359,0.101644,0.041381,0.130938,0.193602,0.099082,0.139462,0.197430,0.092899,0.234093,0.137163,0.222648,0.491596,0.016260,0.376094,-0.088001,0.016932,0.284461,0.088353,-0.115499,0.201765,0.170556,0.264642,0.191825,0.288429,0.303665,0.089685,0.465459,0.172654,0.345912,0.287325,0.344218,0.289415,0.271830,0.270357,-0.047594,0.355195,-0.036998,-0.037846,0.258565,0.358144,0.137700,0.153344,0.179216,0.332887,0.337479,0.231114,0.099640,0.288795,0.238611,-0.088792,0.118209,0.047913,0.120193,0.224168,0.283499,0.062128,0.166943,0.130122,0.067020,0.276995,0.110682,0.171255,0.107750,-0.029226,0.173141,-0.105361,0.210212,0.389194,0.257948,0.308508,0.287650,0.234412,-0.024528,0.104651,0.229753,0.138692,0.189203,0.229643,0.304156,-0.022841,0.187695,0.089271,0.375025,0.096382,0.001284,0.076911,0.157583,0.419946,0.200189,0.021479,0.106426,0.150100,0.272530,0.378936,0.230095,0.268753,0.338516,0.029008,0.068293,0.325173,0.273031,0.093752,0.235591,0.043090,0.060721,0.362107,#
20,0.074281,-0.139819,0.333424,0.195619,0.228233,0.098120,0.265583,0.119520,0.317502,-0.160297,-0.101704,0.045780,0.058107,0.049533,0.082404,0.121801,0.220745,0.285640,0.209839,0.175019,1.000000,0.102703,0.035287,0.194481,0.246552,0.153276,-0.009930,0.196934,0.032517,0.342918,0.030504,0.058334,0.068850,0.139469,-0.096279,-0.016643,0.157862,-0.028236,-0.064470,0.081979,0.166101,0.353016,-0.043873,-0.014131,0.160672,0.263871,0.207974,0.070785,0.138082,-0.093730,-0.030553,0.155295,0.200259,0.128253,0.012251,-0.132991,0.149276,0.149388,0.161668,-0.028019,0.146222,0.050032,0.253980,0.195939,0.257718,0.175703,0.180315,0.038314,0.352664,0.037769,0.011251,0.240761,0.266121,0.033837,-0.062998,-0.093949,0.179254,0.330001,0.165618,0.024836,0.198903,-0.146599,0.213409,-0.023345,0.079571,0.188309,0.115802,0.105357,0.231866,0.202059,0.033584,0.346132,0.126183,0.113879,0.096498,0.030651,0.336794,0.247857,0.062383,-0.078016,0.004109,-0.092980,0.099901,0.140544,-0.072610,0.161262,-0.138133,0.134198,-0.090815,0.210968,0.204512,0.063344,-0.143417,0.276482,-0.058757,0.194971,0.169867,-0.167238,-0.304710,0.071527,0.057044,0.021564,-0.050264,-0.139259,0.202924,-0.069495,0.260310,0.282645,0.008330,0.246445,0.038349,0.033435,0.243641,-0.102268,0.249150,0.245037,0.156461,0.184852,0.255312,0.076077,0.135453,0.012559,0.068305,0.129808,0.255405,0.024993,-0.206719,0.155678,0.310450,0.049083,0.179207,0.060350,-0.029262,0.018823,0.069967,0.041722,0.079343,-0.046404,0.213036,0.332409,0.068104,0.194381,0.239977,0.112620,0.173619,0.152361,-0.118203,0.280648,-0.046391,-0.088271,0.203871,0.115606,-0.100762,-0.085713,0.082377,0.044306,0.121525,-0.032253,0.294158,0.199201,0.124737,0.132214,-0.043810,0.168508,-0.013645,-0.221420,0.163778,0.055831,0.121092,0.315221,-0.010020,0.168489,0.321532,-0.002255,0.225646,0.141311,-0.088416,0.207012,-0.003265,0.098803,#
