0,1.000000,0.693574,0.759957,0.641635,0.578383,0.783251,0.657973,0.759213,0.740502,0.698230,0.780076,0.755272,0.641757,0.653271,0.655548,0.734479,0.759419,0.775232,0.731296,0.640112,0.759822,0.635075,0.725684,0.735583,0.609922,0.710600,0.687253,0.722210,0.615945,0.698865,0.720042,0.673079,0.710436,0.658301,0.657625,0.655096,0.720032,0.772013,0.724277,0.776389,0.704066,0.692361,0.760558,0.799424,0.674716,0.623820,0.728257,0.781795,0.661275,0.774429,0.716287,0.708121,0.681878,0.775479,0.724389,0.760171,0.678565,0.791319,0.705838,0.797982,0.775073,0.614123,0.772334,0.733602,0.712826,0.712549,0.810270,0.717158,0.768200,0.596050,0.759359,0.749143,0.824826,0.751179,0.689990,0.742203,0.755311,0.753708,0.753281,0.670469,0.780637,0.745386,0.729434,0.773669,0.733387,0.732925,0.794042,0.724988,0.607299,0.770145,0.730488,0.720924,0.686283,0.735816,0.735073,0.718534,0.668795,0.679599,0.737563,0.773013,0.743920,0.731667,0.739486,0.739862,0.715430,0.726023,0.668922,0.713190,0.690686,0.699253,0.764227,0.737199,0.781911,0.668919,0.704740,0.831857,0.650610,0.708665,0.664168,0.654372,0.576980,0.825088,0.748942,0.834855,0.774652,0.721288,0.637873,0.659924,0.670712,0.625187,0.774390,0.697862,0.730827,0.681415,0.703187,0.705871,0.656912,0.802134,0.755388,0.766952,0.739195,0.651473,0.611146,0.729149,0.764477,0.571135,0.746807,0.673021,0.744644,0.806793,0.724895,0.739920,0.736805,0.686282,0.701905,0.672913,0.708961,0.763086,0.765549,0.698461,0.725362,0.734846,0.724132,0.715722,0.716622,0.714838,0.720376,0.674433,0.651333,0.764317,0.748006,0.730329,0.721795,0.772333,0.806520,0.625514,0.661197,0.727674,0.699071,0.720014,0.661657,0.724908,0.604501,0.672032,0.687395,0.672319,0.717228,0.708897,0.724308,0.754852,0.745161,0.763569,0.741693,0.686258,0.677068,0.729819,0.733329,0.764817,0.818215,0.694958,#
1,0.693574,1.000000,0.766957,0.740048,0.650205,0.799085,0.583578,0.679083,0.807316,0.712203,0.735583,0.643944,0.608007,0.642994,0.723266,0.740856,0.693753,0.699764,0.740556,0.719940,0.759906,0.814609,0.723495,0.705870,0.696548,0.598413,0.805029,0.736348,0.581318,0.605160,0.785664,0.752772,0.706559,0.738396,0.720935,0.770165,0.602791,0.798525,0.756863,0.717770,0.642925,0.608953,0.692672,0.713980,0.643572,0.702297,0.695859,0.703814,0.751694,0.666806,0.647058,0.752925,0.734710,0.711318,0.771715,0.708683,0.627840,0.745289,0.751457,0.640067,0.758045,0.680391,0.626970,0.682086,0.754564,0.744591,0.753235,0.706759,0.731772,0.694601,0.664315,0.761029,0.786171,0.686266,0.702537,0.718236,0.611180,0.679396,0.672026,0.681632,0.754211,0.684837,0.773130,0.764538,0.766302,0.695315,0.709519,0.733145,0.708360,0.700713,0.668802,0.621205,0.765810,0.727690,0.745540,0.635137,0.665605,0.699647,0.705071,0.777860,0.714975,0.695534,0.624621,0.703651,0.689129,0.745690,0.625840,0.678400,0.705190,0.676821,0.750173,0.702659,0.677115,0.694430,0.613059,0.661362,0.632141,0.691077,0.650385,0.604657,0.756673,0.661263,0.615323,0.737198,0.696957,0.655845,0.679795,0.647296,0.725026,0.747102,0.715586,0.800418,0.617433,0.752278,0.798521,0.694710,0.667221,0.702064,0.682608,0.691213,0.785603,0.713063,0.758294,0.761933,0.691480,0.677699,0.732187,0.695519,0.732906,0.682892,0.727286,0.763236,0.727049,0.596488,0.705945,0.643919,0.671225,0.737128,0.615410,0.679159,0.694279,0.754951,0.751961,0.730707,0.726673,0.637427,0.713279,0.585366,0.578693,0.683430,0.742237,0.670866,0.737498,0.786435,0.720079,0.630428,0.676558,0.831508,0.651717,0.801585,0.630327,0.731101,0.595736,0.749933,0.718219,0.773888,0.753894,0.539257,0.752472,0.742797,0.692487,0.634879,0.673744,0.741802,0.743455,0.648834,0.615237,0.713860,0.622371,0.646583,#
2,0.759957,0.766957,1.000000,0.681769,0.562940,0.747861,0.666641,0.675876,0.763935,0.633866,0.780683,0.620199,0.618756,0.602963,0.631108,0.699699,0.686221,0.734706,0.673618,0.688260,0.610286,0.663249,0.645841,0.758521,0.632141,0.643363,0.757910,0.759147,0.700843,0.679622,0.769803,0.705001,0.657303,0.675200,0.664205,0.712682,0.686023,0.745041,0.779538,0.671627,0.592723,0.662247,0.748801,0.697223,0.596642,0.613925,0.803376,0.667718,0.707732,0.760667,0.672866,0.747035,0.732588,0.691021,0.805422,0.695367,0.651629,0.716627,0.655257,0.697308,0.754682,0.681212,0.698218,0.760091,0.719796,0.726104,0.741740,0.677015,0.688292,0.693938,0.695014,0.712697,0.811906,0.667655,0.711821,0.768896,0.670844,0.715324,0.711870,0.680520,0.774366,0.707868,0.677600,0.723080,0.756356,0.710693,0.675698,0.750513,0.646270,0.665696,0.702422,0.722434,0.721825,0.726077,0.719262,0.727776,0.629110,0.672449,0.806625,0.772925,0.615303,0.693416,0.649842,0.671083,0.605906,0.718386,0.657982,0.612863,0.721361,0.670737,0.720583,0.596012,0.703298,0.643423,0.643431,0.676199,0.596465,0.648982,0.753683,0.639718,0.670143,0.726926,0.646475,0.754279,0.734248,0.681670,0.663390,0.684976,0.687547,0.726535,0.750068,0.773325,0.721528,0.736665,0.705673,0.734535,0.656458,0.706094,0.720364,0.696416,0.732346,0.683500,0.613517,0.658956,0.673365,0.752546,0.662009,0.707427,0.657371,0.704586,0.748497,0.712017,0.723220,0.666478,0.661960,0.647973,0.701980,0.622265,0.618527,0.639854,0.642226,0.654388,0.653036,0.671426,0.642179,0.724282,0.794455,0.583283,0.619428,0.659289,0.722033,0.681496,0.679645,0.652015,0.731684,0.522026,0.613680,0.758278,0.629593,0.694324,0.647221,0.712119,0.529192,0.768560,0.658894,0.675217,0.677085,0.624068,0.762818,0.767341,0.719331,0.666963,0.813412,0.648864,0.693448,0.777097,0.612015,0.800010,0.682419,0.678595,#
3,0.641635,0.740048,0.681769,1.000000,0.638915,0.685919,0.620969,0.528692,0.698128,0.664571,0.693313,0.641146,0.630022,0.638157,0.609790,0.791790,0.681626,0.686302,0.743566,0.660319,0.635508,0.659700,0.623552,0.690543,0.733468,0.606328,0.675655,0.639611,0.592505,0.562586,0.706317,0.753392,0.644166,0.687220,0.654086,0.658081,0.630217,0.759563,0.554368,0.708655,0.607913,0.594001,0.671149,0.720485,0.599144,0.728233,0.777543,0.568966,0.737334,0.672759,0.684857,0.597236,0.681913,0.593450,0.642775,0.693984,0.532551,0.681563,0.713259,0.682276,0.667365,0.623396,0.599362,0.676392,0.754693,0.694679,0.641136,0.708500,0.631583,0.641305,0.664866,0.697000,0.691749,0.664789,0.616407,0.660960,0.613102,0.639418,0.658768,0.661101,0.725711,0.566398,0.640864,0.698089,0.731883,0.713174,0.708546,0.601352,0.663067,0.682832,0.615353,0.609105,0.725419,0.729354,0.641716,0.658823,0.571171,0.577381,0.680901,0.702093,0.577671,0.644476,0.576962,0.610890,0.632312,0.621871,0.602469,0.586602,0.620570,0.614006,0.675098,0.625398,0.579827,0.700718,0.690384,0.736938,0.558583,0.600668,0.664700,0.552291,0.616056,0.623164,0.626659,0.684147,0.678105,0.673146,0.680540,0.601731,0.651415,0.710012,0.628466,0.690439,0.549537,0.700663,0.718706,0.753252,0.743095,0.673600,0.651073,0.652720,0.657695,0.683020,0.668826,0.550952,0.623649,0.726666,0.586185,0.699235,0.664097,0.584875,0.649898,0.675047,0.593489,0.657996,0.663776,0.584250,0.678869,0.647192,0.576537,0.571611,0.679090,0.713790,0.638541,0.664530,0.619372,0.645079,0.682664,0.519741,0.635305,0.614290,0.623114,0.723734,0.729484,0.746723,0.682269,0.623473,0.687696,0.698344,0.697525,0.686999,0.547170,0.748009,0.557808,0.652806,0.617048,0.659786,0.644252,0.503299,0.737195,0.720361,0.609810,0.569669,0.628348,0.638178,0.665511,0.640943,0.617358,0.663871,0.595045,0.640466,#
4,0.578383,0.650205,0.562940,0.638915,1.000000,0.736092,0.656792,0.539352,0.579645,0.589060,0.563241,0.626183,0.534694,0.633874,0.550172,0.664609,0.701390,0.781024,0.632425,0.674129,0.647192,0.615637,0.540242,0.669879,0.708509,0.587485,0.644176,0.593624,0.473929,0.546510,0.785799,0.613349,0.659961,0.482016,0.565013,0.585700,0.614998,0.718347,0.537939,0.690692,0.574134,0.516169,0.602434,0.657497,0.554378,0.711246,0.605824,0.637155,0.705789,0.671883,0.631755,0.563935,0.660786,0.541858,0.673385,0.697610,0.535350,0.635959,0.689246,0.654684,0.632197,0.603339,0.560948,0.624601,0.653583,0.704051,0.687081,0.590789,0.637170,0.602665,0.662163,0.773803,0.594383,0.652604,0.605692,0.522415,0.540667,0.639500,0.645100,0.610019,0.644418,0.525350,0.633924,0.613497,0.687458,0.552546,0.531036,0.533463,0.593390,0.694133,0.572467,0.529815,0.549875,0.658797,0.529596,0.640746,0.597863,0.424338,0.515841,0.610470,0.664356,0.669916,0.601650,0.590724,0.596298,0.659909,0.600863,0.589675,0.668145,0.577495,0.570606,0.608926,0.565847,0.653278,0.558220,0.621488,0.558389,0.674564,0.609234,0.444158,0.580942,0.581707,0.714338,0.645537,0.650828,0.652572,0.522621,0.565579,0.693732,0.614515,0.721485,0.665416,0.548898,0.646784,0.740709,0.638776,0.612938,0.640159,0.589012,0.597855,0.602371,0.655010,0.644579,0.611144,0.599830,0.507900,0.661161,0.646434,0.590237,0.642832,0.699453,0.715993,0.519810,0.430180,0.688307,0.642009,0.668278,0.556847,0.593431,0.519972,0.584435,0.585009,0.689411,0.579820,0.644024,0.609146,0.584237,0.423461,0.615148,0.584749,0.596838,0.675499,0.662076,0.643373,0.703764,0.604643,0.644712,0.640186,0.631984,0.657972,0.635650,0.586729,0.630793,0.611238,0.672040,0.650593,0.612969,0.693622,0.670643,0.594269,0.524313,0.524200,0.580690,0.656819,0.583872,0.577600,0.555408,0.693804,0.610579,0.471718,#
5,0.783251,0.799085,0.747861,0.685919,0.736092,1.000000,0.673945,0.705257,0.801085,0.676191,0.720236,0.713168,0.580960,0.661976,0.674027,0.781971,0.732162,0.785354,0.771569,0.729767,0.713964,0.756353,0.694937,0.736018,0.704217,0.711135,0.797656,0.764167,0.572892,0.675280,0.786300,0.731758,0.752730,0.652842,0.717166,0.752762,0.733441,0.824121,0.705942,0.708273,0.750450,0.635281,0.692354,0.707449,0.688873,0.700746,0.767731,0.719927,0.783772,0.734389,0.700809,0.715417,0.709160,0.785019,0.749209,0.820234,0.644684,0.750945,0.806102,0.774238,0.760433,0.650306,0.731714,0.778658,0.713023,0.759397,0.810030,0.685540,0.697926,0.715440,0.780435,0.777473,0.778863,0.716828,0.721042,0.721699,0.752509,0.667984,0.675265,0.663220,0.759578,0.667236,0.731863,0.726516,0.771872,0.743381,0.720699,0.734305,0.718831,0.747861,0.700625,0.687188,0.690408,0.788903,0.722040,0.691017,0.727844,0.602323,0.755380,0.720248,0.765726,0.674836,0.811579,0.739302,0.721737,0.732799,0.680694,0.658555,0.706990,0.745462,0.731869,0.776699,0.718308,0.678592,0.557275,0.733266,0.708296,0.744931,0.637924,0.685841,0.669351,0.750396,0.701393,0.836767,0.719727,0.752895,0.700804,0.625577,0.769578,0.754192,0.772352,0.831024,0.749206,0.743811,0.778120,0.681495,0.748041,0.710042,0.737183,0.767034,0.755612,0.710559,0.708726,0.741032,0.817868,0.652644,0.717813,0.746301,0.752680,0.812762,0.738215,0.800676,0.641652,0.644959,0.735200,0.663541,0.732232,0.709623,0.703535,0.667970,0.726707,0.746337,0.755769,0.675296,0.701980,0.726816,0.698842,0.648828,0.642820,0.725518,0.769104,0.760786,0.764572,0.709814,0.827038,0.583846,0.643529,0.785597,0.710156,0.741054,0.710581,0.762398,0.617974,0.683477,0.725545,0.797352,0.777316,0.704678,0.762420,0.765137,0.671208,0.761734,0.697791,0.682908,0.623397,0.632870,0.647129,0.782003,0.701719,0.589968,#
6,0.657973,0.583578,0.666641,0.620969,0.656792,0.673945,1.000000,0.605506,0.665091,0.683096,0.664508,0.664554,0.566235,0.694146,0.555532,0.700439,0.699356,0.766821,0.692749,0.614552,0.705644,0.600599,0.571595,0.693353,0.686652,0.683398,0.721761,0.700158,0.510643,0.677785,0.718366,0.691439,0.672301,0.650526,0.644652,0.673697,0.710457,0.654550,0.627869,0.674683,0.659695,0.749098,0.683656,0.724656,0.703105,0.540936,0.726777,0.684678,0.717840,0.747595,0.706666,0.642979,0.693378,0.540860,0.726875,0.710005,0.658757,0.756508,0.754352,0.622587,0.708202,0.707927,0.635158,0.646750,0.707362,0.702064,0.746213,0.668894,0.746732,0.587450,0.710798,0.747194,0.719537,0.699928,0.606688,0.600330,0.676008,0.774124,0.712582,0.615937,0.713203,0.669813,0.630526,0.788166,0.722028,0.676697,0.647421,0.653819,0.721165,0.707391,0.695047,0.579950,0.562433,0.726227,0.607783,0.679226,0.613456,0.629905,0.680147,0.700927,0.696595,0.710947,0.617468,0.697772,0.727027,0.608215,0.735711,0.616585,0.716258,0.626269,0.608263,0.686486,0.651264,0.620488,0.529599,0.674465,0.565887,0.677944,0.582927,0.590062,0.607116,0.636037,0.654621,0.772262,0.745775,0.657459,0.643348,0.713834,0.550566,0.626859,0.756001,0.670263,0.553292,0.622782,0.690772,0.666713,0.706121,0.679583,0.776276,0.704714,0.677493,0.703211,0.668918,0.655480,0.629803,0.716370,0.715412,0.652286,0.654683,0.661606,0.668383,0.713497,0.594102,0.618295,0.612495,0.626634,0.661774,0.535697,0.644900,0.723689,0.696493,0.730554,0.642041,0.631147,0.725725,0.715353,0.744776,0.461333,0.594100,0.684652,0.696463,0.703306,0.704602,0.619252,0.662829,0.682916,0.682780,0.637168,0.717188,0.710842,0.651770,0.665154,0.675189,0.693364,0.620679,0.674297,0.648570,0.686347,0.697201,0.663168,0.690348,0.603802,0.680550,0.649623,0.723977,0.751047,0.718517,0.755319,0.642501,0.664380,#
7,0.759213,0.679083,0.675876,0.528692,0.539352,0.705257,0.605506,1.000000,0.720932,0.620040,0.703040,0.659515,0.587728,0.630316,0.645219,0.610580,0.609028,0.670473,0.654882,0.629432,0.682895,0.556316,0.798401,0.667334,0.595317,0.682289,0.698477,0.640435,0.542630,0.669512,0.648444,0.698559,0.602681,0.616291,0.645733,0.678999,0.669093,0.651060,0.647150,0.681650,0.640027,0.633595,0.655804,0.656408,0.588754,0.562679,0.663115,0.711919,0.682890,0.625963,0.701805,0.698326,0.746321,0.698825,0.671068,0.693933,0.631312,0.770201,0.668616,0.747657,0.632897,0.578191,0.724410,0.700066,0.694600,0.736174,0.775031,0.655739,0.749048,0.530018,0.702120,0.607985,0.691298,0.686307,0.698412,0.689879,0.708162,0.655010,0.600019,0.577851,0.711410,0.610836,0.699719,0.678462,0.677275,0.651602,0.713423,0.617709,0.623349,0.580156,0.732423,0.725407,0.561392,0.665488,0.653572,0.642931,0.693510,0.637858,0.641152,0.638087,0.631895,0.672147,0.679814,0.640190,0.687063,0.594254,0.629427,0.647907,0.701772,0.574829,0.738438,0.652846,0.667721,0.630646,0.525704,0.759934,0.544274,0.626390,0.552025,0.664271,0.661749,0.664954,0.591857,0.750117,0.813997,0.708299,0.606584,0.696730,0.563956,0.637587,0.698572,0.697161,0.692744,0.620367,0.727256,0.697133,0.650134,0.735092,0.634649,0.733888,0.642818,0.648967,0.652654,0.641947,0.731846,0.571148,0.707929,0.614620,0.660259,0.700496,0.666565,0.611197,0.670945,0.564922,0.607999,0.654867,0.649279,0.667079,0.687892,0.627140,0.679330,0.653110,0.711096,0.597921,0.666059,0.654935,0.718964,0.587595,0.596592,0.627480,0.744922,0.651719,0.630277,0.735836,0.681638,0.486929,0.576945,0.636473,0.672863,0.726248,0.598602,0.626886,0.651049,0.676013,0.650596,0.724175,0.673473,0.567275,0.677510,0.736000,0.665999,0.656576,0.615239,0.595375,0.655038,0.663906,0.600120,0.719009,0.701651,0.544151,#
8,0.740502,0.807316,0.763935,0.698128,0.579645,0.801085,0.665091,0.720932,1.000000,0.737737,0.712061,0.726034,0.687046,0.691394,0.667013,0.728957,0.662617,0.803030,0.702802,0.726516,0.679752,0.752395,0.745724,0.685023,0.666001,0.647682,0.736639,0.735759,0.630665,0.687768,0.762579,0.722350,0.662390,0.682015,0.677893,0.760598,0.676593,0.768073,0.725531,0.684486,0.604891,0.655348,0.745385,0.690937,0.683712,0.597046,0.727768,0.690334,0.753621,0.719948,0.706433,0.692451,0.683900,0.766331,0.765066,0.766806,0.656684,0.773132,0.750601,0.677823,0.723260,0.701560,0.676262,0.776047,0.731820,0.780423,0.754206,0.733237,0.765090,0.696371,0.710383,0.757093,0.832442,0.767937,0.732662,0.686591,0.768192,0.753268,0.628587,0.695859,0.742588,0.640104,0.759996,0.785511,0.798212,0.722188,0.696977,0.774248,0.687727,0.648018,0.756790,0.688261,0.700893,0.645062,0.734298,0.662796,0.661396,0.655242,0.798934,0.744780,0.731271,0.725235,0.768202,0.714495,0.716696,0.653574,0.691955,0.720318,0.649520,0.716439,0.726526,0.703139,0.765867,0.671022,0.597770,0.742536,0.582353,0.636347,0.730136,0.746047,0.669539,0.690600,0.665072,0.789704,0.740442,0.760644,0.661992,0.723626,0.701369,0.687321,0.704248,0.742094,0.662098,0.700312,0.767387,0.656332,0.705481,0.745681,0.694389,0.716012,0.810114,0.780626,0.748500,0.726463,0.783261,0.648434,0.689536,0.624563,0.734750,0.780629,0.694758,0.723995,0.705775,0.752262,0.591865,0.722922,0.734295,0.714423,0.721941,0.745259,0.761063,0.780987,0.772505,0.722759,0.717419,0.720778,0.710132,0.622001,0.657397,0.712690,0.778593,0.684272,0.723984,0.722792,0.769033,0.604045,0.634421,0.825898,0.632669,0.644990,0.652914,0.786834,0.642235,0.796940,0.684218,0.745807,0.774009,0.612750,0.715070,0.761931,0.733135,0.701795,0.706418,0.707710,0.696930,0.692811,0.726498,0.718570,0.703424,0.708918,#
9,0.698230,0.712203,0.633866,0.664571,0.589060,0.676191,0.683096,0.620040,0.737737,1.000000,0.685419,0.593919,0.651103,0.738559,0.704483,0.706411,0.718835,0.762989,0.698641,0.642414,0.773257,0.630444,0.642332,0.705375,0.671172,0.646069,0.677892,0.805914,0.540140,0.801067,0.675842,0.707691,0.716682,0.673327,0.709664,0.678171,0.694363,0.705651,0.699261,0.742350,0.711564,0.768959,0.704793,0.683574,0.719176,0.652324,0.628666,0.729763,0.756459,0.649693,0.669241,0.647024,0.577610,0.611354,0.758959,0.704543,0.691355,0.804185,0.631392,0.645347,0.765462,0.649017,0.707129,0.724999,0.692985,0.778144,0.766400,0.685838,0.749710,0.561558,0.622894,0.750955,0.668416,0.668168,0.716843,0.689034,0.685897,0.745420,0.643870,0.747851,0.755844,0.684206,0.685308,0.819597,0.729658,0.673372,0.635606,0.735928,0.720267,0.661381,0.660148,0.596552,0.703868,0.687188,0.710072,0.679824,0.601040,0.641864,0.664077,0.726399,0.779920,0.686051,0.693085,0.727375,0.717925,0.667325,0.661408,0.711753,0.728971,0.730625,0.746388,0.657405,0.673992,0.684084,0.635058,0.786603,0.448980,0.690517,0.616525,0.684001,0.643676,0.738610,0.666236,0.750768,0.714289,0.686025,0.680826,0.644440,0.712003,0.608034,0.624247,0.758927,0.643814,0.625591,0.729545,0.626937,0.703964,0.738175,0.702020,0.675113,0.727675,0.738782,0.769304,0.729063,0.716890,0.717530,0.701143,0.713994,0.704792,0.665803,0.638844,0.708608,0.636304,0.707555,0.651865,0.661443,0.632142,0.689887,0.624029,0.743316,0.746082,0.787452,0.700361,0.678537,0.704025,0.728813,0.631522,0.631766,0.676231,0.637985,0.706599,0.660935,0.746125,0.653359,0.730144,0.747023,0.672444,0.784145,0.574873,0.735306,0.734616,0.665972,0.739716,0.663299,0.677415,0.724611,0.692909,0.658235,0.737082,0.670240,0.746873,0.712395,0.629501,0.634533,0.697059,0.643855,0.737401,0.709203,0.710210,0.638053,#
10,0.780076,0.735583,0.780683,0.693313,0.563241,0.720236,0.664508,0.703040,0.712061,0.685419,1.000000,0.675713,0.711068,0.674045,0.658303,0.682137,0.707964,0.728600,0.801206,0.706284,0.722597,0.667218,0.749500,0.770464,0.652715,0.675276,0.752297,0.779392,0.717614,0.728364,0.727200,0.733476,0.680314,0.694879,0.737886,0.776193,0.687244,0.765518,0.728967,0.742714,0.672128,0.668820,0.771757,0.771148,0.662213,0.732834,0.789763,0.713473,0.725067,0.757888,0.708632,0.701171,0.728312,0.686395,0.783290,0.734578,0.677265,0.812932,0.711506,0.740801,0.812007,0.730562,0.780570,0.720465,0.756617,0.707394,0.778358,0.687579,0.797069,0.732556,0.788821,0.752462,0.821385,0.629465,0.688255,0.772483,0.743291,0.820019,0.752145,0.674262,0.809322,0.688832,0.687131,0.780583,0.728954,0.665792,0.777858,0.702813,0.696973,0.753636,0.603255,0.708925,0.797589,0.695762,0.730000,0.759767,0.688178,0.693627,0.727976,0.788904,0.666932,0.702701,0.689233,0.787324,0.734586,0.762399,0.649072,0.669834,0.723310,0.673798,0.806863,0.716533,0.757941,0.695672,0.644193,0.758569,0.592970,0.678077,0.643558,0.666029,0.657495,0.718863,0.630184,0.806445,0.718645,0.641676,0.727878,0.707074,0.712054,0.722806,0.779226,0.732157,0.668796,0.735170,0.743182,0.823461,0.703931,0.698354,0.746057,0.839105,0.803321,0.766592,0.640502,0.704617,0.700769,0.636088,0.697324,0.677087,0.753920,0.712921,0.691050,0.740479,0.706795,0.578622,0.744016,0.707517,0.710882,0.783254,0.663200,0.714900,0.818272,0.693023,0.639201,0.733521,0.734656,0.623755,0.741400,0.548782,0.673298,0.759368,0.763583,0.776999,0.679705,0.704204,0.739915,0.664172,0.678994,0.769876,0.683350,0.749298,0.677184,0.714650,0.690085,0.709947,0.671321,0.709342,0.657625,0.692725,0.728297,0.787723,0.712770,0.645008,0.718149,0.751423,0.699841,0.792443,0.738673,0.740178,0.725895,0.723672,#
11,0.755272,0.643944,0.620199,0.641146,0.626183,0.713168,0.664554,0.659515,0.726034,0.593919,0.675713,1.000000,0.703513,0.645253,0.646633,0.730651,0.716240,0.768947,0.756847,0.649865,0.672699,0.644372,0.703840,0.708366,0.671625,0.647125,0.698176,0.589691,0.643184,0.586357,0.662757,0.688173,0.728618,0.639169,0.558470,0.686884,0.736368,0.759207,0.644902,0.617522,0.628536,0.610140,0.681781,0.664406,0.635312,0.607616,0.710459,0.754655,0.660539,0.740638,0.683718,0.586528,0.625385,0.607864,0.703952,0.732249,0.558215,0.699584,0.676821,0.661853,0.698938,0.571895,0.746948,0.672512,0.667486,0.704400,0.697435,0.672082,0.719603,0.689591,0.762234,0.741041,0.749508,0.736898,0.711666,0.636825,0.780660,0.700862,0.653821,0.572137,0.722104,0.616267,0.716614,0.714336,0.739744,0.656047,0.602856,0.677967,0.545081,0.622581,0.708657,0.590971,0.619211,0.690457,0.604863,0.648000,0.697281,0.655068,0.718573,0.698032,0.640503,0.697424,0.702092,0.685345,0.723305,0.626381,0.629316,0.699553,0.717788,0.704307,0.779652,0.726913,0.684529,0.655102,0.540168,0.733725,0.627950,0.598966,0.656305,0.687357,0.541552,0.680819,0.673932,0.783345,0.789763,0.696346,0.722443,0.686390,0.683620,0.638138,0.749147,0.630463,0.640675,0.690918,0.756925,0.688134,0.716933,0.698688,0.698379,0.606016,0.689627,0.638238,0.618144,0.708569,0.690577,0.577771,0.737684,0.696274,0.670772,0.738800,0.656650,0.653044,0.632545,0.608989,0.663400,0.629460,0.766455,0.622745,0.683619,0.654793,0.704714,0.715055,0.775220,0.702721,0.758883,0.591110,0.690117,0.495366,0.599413,0.754252,0.685328,0.646852,0.760149,0.746255,0.707718,0.629643,0.659446,0.685411,0.630838,0.686297,0.663798,0.655178,0.685290,0.638405,0.655577,0.559768,0.679413,0.699432,0.663021,0.729837,0.617550,0.730319,0.659694,0.632680,0.609013,0.698289,0.691833,0.678232,0.714892,0.617787,#
12,0.641757,0.608007,0.618756,0.630022,0.534694,0.580960,0.566235,0.587728,0.687046,0.651103,0.711068,0.703513,1.000000,0.657778,0.658367,0.638856,0.597778,0.703776,0.724286,0.634014,0.649499,0.521572,0.696631,0.731280,0.647900,0.647629,0.623703,0.679411,0.580408,0.594906,0.646872,0.647181,0.651057,0.691219,0.634851,0.680344,0.670658,0.734126,0.698842,0.601089,0.522154,0.534908,0.624392,0.636532,0.667972,0.639843,0.724423,0.599283,0.625340,0.673285,0.778458,0.562781,0.582992,0.632610,0.752893,0.696472,0.561658,0.700346,0.563020,0.631913,0.675249,0.612361,0.719267,0.677032,0.736144,0.729101,0.653829,0.562783,0.733911,0.617977,0.665583,0.684357,0.663803,0.670433,0.715660,0.617455,0.674706,0.701978,0.683942,0.711182,0.677233,0.569951,0.659321,0.715210,0.661160,0.675421,0.565242,0.688183,0.599706,0.576070,0.742432,0.605794,0.710990,0.573775,0.576601,0.668878,0.693461,0.616283,0.663082,0.645036,0.543954,0.724198,0.679326,0.697445,0.610852,0.577330,0.594334,0.551065,0.707058,0.671430,0.667622,0.677897,0.624435,0.595221,0.729784,0.717607,0.452944,0.507355,0.703834,0.693585,0.565511,0.633760,0.595193,0.727568,0.693863,0.735543,0.664527,0.600219,0.670309,0.603790,0.623135,0.566915,0.542712,0.638903,0.649529,0.677846,0.585370,0.656220,0.576833,0.623478,0.744293,0.670234,0.604082,0.710442,0.551467,0.555141,0.656126,0.600756,0.685526,0.721792,0.654501,0.592135,0.637940,0.554949,0.567305,0.700400,0.723388,0.728011,0.688150,0.651806,0.660576,0.698590,0.657495,0.629867,0.743543,0.512630,0.619663,0.672991,0.503986,0.688918,0.629271,0.603105,0.703934,0.649230,0.648843,0.513544,0.752290,0.741841,0.605701,0.603889,0.616227,0.673507,0.674901,0.585147,0.540087,0.586998,0.583551,0.606434,0.695066,0.668209,0.611878,0.618042,0.573949,0.639551,0.561462,0.716811,0.686455,0.692210,0.709104,0.528066,#
13,0.653271,0.642994,0.602963,0.638157,0.633874,0.661976,0.694146,0.630316,0.691394,0.738559,0.674045,0.645253,0.657778,1.000000,0.608958,0.653213,0.585817,0.762261,0.714329,0.656845,0.694015,0.574573,0.684600,0.629037,0.679755,0.584543,0.601945,0.723457,0.596849,0.734030,0.599098,0.645467,0.684703,0.722185,0.481932,0.612381,0.683143,0.744651,0.692701,0.679030,0.787307,0.596545,0.681638,0.680400,0.707487,0.668578,0.673935,0.657922,0.727044,0.640257,0.707055,0.729870,0.602866,0.596151,0.712110,0.760555,0.657185,0.759773,0.741965,0.688606,0.770191,0.669339,0.642763,0.782696,0.729118,0.802901,0.691596,0.666535,0.727229,0.592238,0.628343,0.733854,0.691935,0.733463,0.660068,0.618725,0.687438,0.721681,0.723008,0.681042,0.737555,0.611710,0.635298,0.806845,0.692245,0.716334,0.593447,0.612121,0.722162,0.625798,0.626961,0.701588,0.633511,0.672858,0.668507,0.652821,0.603689,0.609208,0.657025,0.704893,0.654740,0.693838,0.699411,0.755343,0.734903,0.703287,0.654313,0.684541,0.713461,0.655601,0.675285,0.665926,0.704596,0.648279,0.630182,0.777690,0.500209,0.659436,0.717804,0.677648,0.699247,0.691716,0.603231,0.710932,0.716737,0.701081,0.714925,0.618594,0.643144,0.615026,0.719632,0.673164,0.596358,0.695597,0.703232,0.653455,0.679426,0.724756,0.721075,0.642346,0.745076,0.789638,0.722147,0.722771,0.674124,0.613248,0.737360,0.663422,0.707689,0.710224,0.711552,0.687257,0.600053,0.634289,0.557047,0.616381,0.765801,0.715938,0.718024,0.672832,0.704656,0.735842,0.637222,0.717721,0.741395,0.639728,0.661891,0.571732,0.693085,0.656228,0.686057,0.766910,0.777394,0.668931,0.763862,0.704754,0.700543,0.766230,0.682885,0.704143,0.661040,0.673887,0.734684,0.661138,0.753143,0.746714,0.603156,0.685871,0.685476,0.726152,0.595082,0.645991,0.647346,0.709112,0.707813,0.629519,0.682575,0.695827,0.674226,0.581358,#
14,0.655548,0.723266,0.631108,0.609790,0.550172,0.674027,0.555532,0.645219,0.667013,0.704483,0.658303,0.646633,0.658367,0.608958,1.000000,0.627652,0.678573,0.639193,0.621186,0.614604,0.701700,0.628330,0.659783,0.750145,0.599881,0.524252,0.646820,0.662522,0.497183,0.635819,0.661876,0.657354,0.635232,0.654885,0.651043,0.638926,0.667013,0.707641,0.700453,0.566445,0.606771,0.613937,0.678633,0.675412,0.595763,0.660731,0.670403,0.619766,0.603874,0.587663,0.614053,0.621964,0.543361,0.697817,0.665980,0.672609,0.576222,0.638447,0.664272,0.602214,0.690638,0.690651,0.674707,0.589759,0.692106,0.633641,0.701599,0.606944,0.721603,0.618494,0.591610,0.634734,0.643057,0.595986,0.732334,0.628191,0.559085,0.687100,0.634913,0.517471,0.679971,0.589909,0.663429,0.689321,0.644315,0.681627,0.566061,0.603806,0.676962,0.489906,0.618371,0.557548,0.642375,0.711467,0.769650,0.626698,0.725081,0.585042,0.628933,0.648814,0.679915,0.674173,0.650807,0.595186,0.616508,0.710127,0.565018,0.548268,0.770081,0.602187,0.711280,0.666501,0.696858,0.588177,0.539542,0.683114,0.440276,0.579817,0.590198,0.636277,0.610757,0.741437,0.542461,0.645085,0.729987,0.519174,0.656177,0.654872,0.613953,0.586887,0.566581,0.672565,0.560502,0.575859,0.641604,0.634422,0.660900,0.634170,0.627941,0.668047,0.734571,0.663899,0.535579,0.691428,0.625039,0.656228,0.806521,0.610283,0.642463,0.575806,0.647768,0.643341,0.497436,0.535589,0.655846,0.603519,0.592651,0.656353,0.580257,0.585871,0.676054,0.626751,0.675526,0.580975,0.608447,0.494785,0.541007,0.584063,0.456743,0.691787,0.617395,0.666648,0.662660,0.689980,0.721760,0.571146,0.626179,0.726755,0.523270,0.669783,0.514224,0.645560,0.710913,0.657972,0.655778,0.616799,0.731179,0.606100,0.707381,0.642110,0.598658,0.595429,0.654202,0.608267,0.532546,0.660921,0.621831,0.671427,0.584904,0.459830,#
15,0.734479,0.740856,0.699699,0.791790,0.664609,0.781971,0.700439,0.610580,0.728957,0.706411,0.682137,0.730651,0.638856,0.653213,0.627652,1.000000,0.751584,0.788643,0.806972,0.701211,0.708618,0.736790,0.657233,0.741106,0.762593,0.637507,0.730852,0.641111,0.560791,0.647047,0.791148,0.766254,0.727851,0.774364,0.693158,0.806987,0.798199,0.737492,0.766187,0.667670,0.646886,0.667920,0.704870,0.653161,0.765538,0.637597,0.792121,0.760638,0.804035,0.743927,0.755047,0.646323,0.720966,0.661895,0.686198,0.733142,0.648274,0.774787,0.743366,0.678032,0.751831,0.647083,0.683665,0.773521,0.741299,0.762482,0.727378,0.745922,0.661646,0.615027,0.751822,0.744523,0.682125,0.632765,0.754205,0.637714,0.750849,0.692084,0.736506,0.738658,0.717681,0.668493,0.744917,0.748639,0.794994,0.801361,0.650582,0.698635,0.673328,0.670164,0.652479,0.610058,0.660975,0.698365,0.651919,0.652587,0.631444,0.653307,0.687440,0.710008,0.742483,0.691808,0.752631,0.729578,0.687031,0.694210,0.662608,0.709950,0.695902,0.757787,0.707949,0.621455,0.723302,0.651161,0.651491,0.736414,0.653835,0.687191,0.734469,0.687975,0.645063,0.692257,0.686927,0.771053,0.764587,0.709740,0.755436,0.635263,0.802554,0.714820,0.732463,0.716686,0.624084,0.605513,0.722680,0.711105,0.726249,0.703527,0.764407,0.716290,0.697030,0.706961,0.715596,0.697228,0.703804,0.736951,0.690267,0.691992,0.756751,0.759232,0.687107,0.686167,0.673697,0.670553,0.722324,0.648547,0.759448,0.675795,0.720020,0.649586,0.709549,0.828805,0.717393,0.668901,0.755880,0.726474,0.696364,0.652173,0.702418,0.682808,0.672068,0.781465,0.766801,0.737862,0.771486,0.663472,0.710627,0.745072,0.670380,0.726825,0.641630,0.732099,0.647688,0.695306,0.664814,0.676816,0.688136,0.589682,0.717687,0.764704,0.670713,0.707739,0.648519,0.672838,0.707436,0.659049,0.690431,0.739023,0.728676,0.688921,#
16,0.759419,0.693753,0.686221,0.681626,0.701390,0.732162,0.699356,0.609028,0.662617,0.718835,0.707964,0.716240,0.597778,0.585817,0.678573,0.751584,1.000000,0.765712,0.740370,0.684036,0.755926,0.687561,0.588625,0.750636,0.654407,0.685675,0.708053,0.554433,0.551040,0.609132,0.799575,0.754979,0.736359,0.583487,0.643829,0.725506,0.724253,0.724967,0.655662,0.721130,0.630866,0.651850,0.677458,0.705687,0.634348,0.708474,0.688275,0.742868,0.704789,0.746383,0.636995,0.637701,0.690400,0.702403,0.729112,0.764156,0.540440,0.745340,0.705903,0.608600,0.744532,0.688272,0.700300,0.671947,0.712857,0.657021,0.792464,0.709003,0.772284,0.705074,0.709886,0.753415,0.724172,0.652655,0.689993,0.645287,0.695508,0.753751,0.712538,0.706732,0.760970,0.711156,0.714021,0.764409,0.729746,0.692505,0.674762,0.650465,0.629301,0.657128,0.583131,0.642516,0.711768,0.727029,0.696091,0.789549,0.720374,0.588551,0.695784,0.670638,0.711861,0.692047,0.686806,0.669470,0.673671,0.775473,0.731077,0.661281,0.781368,0.639933,0.738958,0.741250,0.698322,0.770078,0.682838,0.757245,0.668925,0.695822,0.603889,0.534026,0.576846,0.694005,0.691287,0.753978,0.714464,0.649930,0.701500,0.639661,0.726163,0.646517,0.765616,0.657860,0.731016,0.634388,0.764426,0.792121,0.707567,0.702387,0.715407,0.710124,0.697226,0.701914,0.725705,0.700473,0.641326,0.622715,0.709188,0.714656,0.658274,0.675529,0.662343,0.772989,0.595763,0.631397,0.780560,0.620304,0.651403,0.682410,0.657012,0.659686,0.634000,0.689958,0.751043,0.699429,0.712364,0.714860,0.653137,0.606845,0.673664,0.752054,0.664203,0.667157,0.701986,0.725116,0.735352,0.692232,0.584129,0.722995,0.632547,0.741477,0.670113,0.659486,0.703724,0.634813,0.678063,0.636161,0.730195,0.683704,0.720029,0.706420,0.735886,0.625407,0.737557,0.686259,0.642854,0.700478,0.720299,0.764763,0.749834,0.685392,#
17,0.775232,0.699764,0.734706,0.686302,0.781024,0.785354,0.766821,0.670473,0.803030,0.762989,0.728600,0.768947,0.703776,0.762261,0.639193,0.788643,0.765712,1.000000,0.713700,0.791584,0.750310,0.683690,0.730657,0.818089,0.776386,0.702248,0.768278,0.724572,0.616558,0.750224,0.808716,0.775399,0.710722,0.673219,0.653441,0.764121,0.770912,0.837357,0.742272,0.800012,0.683676,0.680566,0.770156,0.750515,0.717788,0.651237,0.768490,0.774667,0.812124,0.796700,0.752849,0.692040,0.683823,0.692647,0.781487,0.811155,0.687734,0.780213,0.740188,0.700130,0.771848,0.725038,0.744425,0.794859,0.772300,0.836222,0.855380,0.733530,0.815882,0.693640,0.771765,0.813806,0.781238,0.736434,0.756050,0.700131,0.800256,0.815385,0.715505,0.775978,0.776366,0.727907,0.805661,0.828865,0.793429,0.718929,0.708567,0.760377,0.686538,0.730723,0.766743,0.690367,0.712109,0.709881,0.684994,0.798207,0.722703,0.615909,0.709625,0.841349,0.767145,0.756956,0.748971,0.779632,0.729341,0.702032,0.739944,0.710823,0.706666,0.762397,0.715448,0.702995,0.789680,0.730759,0.670076,0.795248,0.634534,0.714564,0.726450,0.694387,0.698331,0.724324,0.726977,0.845879,0.804777,0.766376,0.714802,0.749971,0.732893,0.713905,0.791432,0.801597,0.737689,0.718022,0.761991,0.704290,0.753053,0.758212,0.759627,0.769060,0.823581,0.747157,0.780062,0.773612,0.766260,0.719227,0.783237,0.720683,0.754302,0.767502,0.770193,0.791771,0.711175,0.720429,0.722634,0.772019,0.833124,0.738471,0.742024,0.731045,0.770516,0.751551,0.786585,0.701223,0.806422,0.745993,0.659242,0.599386,0.714417,0.757230,0.759673,0.769077,0.764253,0.758488,0.849115,0.677704,0.720958,0.794083,0.690509,0.724453,0.747304,0.781829,0.746080,0.734087,0.769111,0.716559,0.740801,0.790362,0.731868,0.760058,0.724610,0.750717,0.772896,0.746982,0.729347,0.734959,0.779188,0.796163,0.760935,0.691884,#
18,0.731296,0.740556,0.673618,0.743566,0.632425,0.771569,0.692749,0.654882,0.702802,0.698641,0.801206,0.756847,0.724286,0.714329,0.621186,0.806972,0.740370,0.713700,1.000000,0.668200,0.725178,0.704543,0.684453,0.680060,0.687917,0.707093,0.796067,0.696767,0.614415,0.717672,0.727194,0.765572,0.765983,0.744523,0.710871,0.805174,0.706026,0.754003,0.733772,0.719568,0.709154,0.646967,0.704984,0.633148,0.752552,0.718266,0.765992,0.750766,0.769770,0.684022,0.712691,0.629332,0.706294,0.644699,0.790834,0.779861,0.619604,0.779385,0.721853,0.771835,0.765349,0.664831,0.697089,0.772680,0.757935,0.756905,0.730343,0.731260,0.797823,0.740937,0.764525,0.773168,0.734487,0.651375,0.740678,0.664062,0.761472,0.707246,0.764922,0.674208,0.762171,0.648203,0.662778,0.807004,0.784862,0.734528,0.708871,0.709686,0.763325,0.683295,0.703306,0.608895,0.802022,0.783756,0.672051,0.697211,0.687888,0.738715,0.766864,0.706601,0.697186,0.667497,0.728201,0.783107,0.740076,0.723124,0.682628,0.690884,0.756715,0.759445,0.777084,0.733254,0.775548,0.728822,0.629863,0.756810,0.665743,0.678982,0.728341,0.695479,0.627695,0.765617,0.668548,0.813918,0.726162,0.723592,0.801613,0.621159,0.797873,0.643828,0.820450,0.731339,0.701849,0.711795,0.737089,0.714383,0.790713,0.713929,0.742074,0.771345,0.748203,0.758886,0.696551,0.782044,0.707510,0.666231,0.680176,0.717628,0.747045,0.688358,0.678339,0.748633,0.707131,0.596792,0.720714,0.729062,0.733633,0.765869,0.726519,0.644412,0.741360,0.791845,0.795725,0.753253,0.768186,0.700336,0.807248,0.611419,0.618018,0.722371,0.689357,0.740018,0.758499,0.744506,0.712381,0.747461,0.697122,0.760703,0.784663,0.797843,0.718098,0.704249,0.714814,0.671040,0.728722,0.741862,0.631073,0.691250,0.720098,0.783031,0.660328,0.727938,0.664631,0.773233,0.712117,0.696154,0.705557,0.750150,0.762664,0.687199,#
19,0.640112,0.719940,0.688260,0.660319,0.674129,0.729767,0.614552,0.629432,0.726516,0.642414,0.706284,0.649865,0.634014,0.656845,0.614604,0.701211,0.684036,0.791584,0.668200,1.000000,0.716049,0.661593,0.621001,0.666373,0.632969,0.630744,0.697558,0.666746,0.616872,0.606693,0.751763,0.815098,0.659341,0.624935,0.509459,0.789234,0.634673,0.730234,0.669566,0.641838,0.621401,0.602791,0.675576,0.696061,0.628060,0.700402,0.772618,0.691717,0.673687,0.594210,0.598594,0.598773,0.660436,0.616172,0.682611,0.638067,0.657425,0.745609,0.699773,0.567466,0.708260,0.603581,0.696936,0.709061,0.661407,0.767267,0.691002,0.568081,0.761627,0.697070,0.664775,0.702234,0.695796,0.657898,0.703163,0.534120,0.624269,0.655663,0.574118,0.631623,0.737593,0.596697,0.750827,0.686629,0.692746,0.570753,0.678676,0.697179,0.690336,0.612646,0.669031,0.635248,0.674226,0.693835,0.671138,0.674583,0.659882,0.518434,0.626525,0.749114,0.662966,0.676316,0.662396,0.670164,0.648874,0.630922,0.626425,0.633990,0.650219,0.638721,0.685627,0.616537,0.680220,0.635136,0.659094,0.673093,0.578453,0.659531,0.618762,0.592136,0.669338,0.648387,0.568601,0.837684,0.720740,0.660966,0.667446,0.564878,0.784252,0.778734,0.692738,0.738413,0.668777,0.743424,0.736960,0.682758,0.600102,0.661173,0.687398,0.706478,0.733210,0.639106,0.640465,0.696249,0.651341,0.611411,0.621136,0.602153,0.657936,0.644003,0.653610,0.720693,0.592913,0.577350,0.704828,0.621683,0.753686,0.713060,0.561483,0.575160,0.646787,0.702975,0.664620,0.635431,0.686379,0.606387,0.607054,0.617106,0.607409,0.668906,0.698408,0.765028,0.711417,0.618721,0.734026,0.545798,0.638112,0.727434,0.656956,0.626041,0.560447,0.599105,0.666335,0.738329,0.587155,0.642403,0.640625,0.723662,0.738623,0.737007,0.625815,0.621954,0.678404,0.695610,0.651447,0.690672,0.605324,0.656786,0.618441,0.572167,#
20,0.759822,0.759906,0.610286,0.635508,0.647192,0.713964,0.705644,0.682895,0.679752,0.773257,0.722597,0.672699,0.649499,0.694015,0.701700,0.708618,0.755926,0.750310,0.725178,0.716049,1.000000,0.687032,0.628873,0.744488,0.695507,0.689785,0.731086,0.734179,0.531970,0.718808,0.728442,0.696575,0.657387,0.698068,0.671901,0.721408,0.685645,0.723604,0.687960,0.751848,0.683508,0.749457,0.688650,0.798892,0.710352,0.667936,0.722652,0.757944,0.712757,0.695180,0.669204,0.717249,0.625253,0.664218,0.695244,0.747010,0.630531,0.748250,0.704978,0.640889,0.768006,0.701237,0.782627,0.678127,0.772491,0.771034,0.818478,0.678261,0.786304,0.598012,0.680409,0.763032,0.685477,0.695380,0.713747,0.598863,0.663263,0.763979,0.718319,0.729956,0.710759,0.745586,0.698235,0.794136,0.688073,0.700158,0.740604,0.678725,0.714339,0.730198,0.670606,0.683710,0.661446,0.754068,0.738861,0.700912,0.602915,0.544607,0.637666,0.740261,0.761304,0.741447,0.727509,0.755589,0.774855,0.647341,0.700841,0.732081,0.757523,0.744964,0.732180,0.753010,0.664315,0.639482,0.656447,0.698994,0.597078,0.686891,0.588133,0.579625,0.696330,0.703968,0.640693,0.788851,0.746254,0.723477,0.655664,0.615812,0.667671,0.660322,0.705079,0.668663,0.710765,0.745686,0.771434,0.655295,0.630901,0.777643,0.736120,0.755500,0.735797,0.637050,0.702020,0.773098,0.710578,0.678026,0.728941,0.701128,0.700860,0.735132,0.719530,0.725837,0.727302,0.619008,0.778421,0.704097,0.674218,0.732070,0.642626,0.690293,0.718361,0.762087,0.697295,0.687855,0.796354,0.615628,0.638012,0.571373,0.632855,0.767305,0.688394,0.664349,0.778314,0.749602,0.746753,0.661165,0.674066,0.753457,0.660901,0.794672,0.618470,0.685244,0.685370,0.647966,0.643581,0.711913,0.681605,0.726750,0.686663,0.666161,0.639267,0.626954,0.671599,0.720654,0.680800,0.689088,0.760186,0.761787,0.731430,0.647853,#
21,0.635075,0.814609,0.663249,0.659700,0.615637,0.756353,0.600599,0.556316,0.752395,0.630444,0.667218,0.644372,0.521572,0.574573,0.628330,0.736790,0.687561,0.683690,0.704543,0.661593,0.687032,1.000000,0.661744,0.734884,0.632428,0.553854,0.772304,0.627416,0.560789,0.622662,0.716845,0.636501,0.691379,0.661555,0.657412,0.745719,0.629327,0.684092,0.660034,0.639156,0.630377,0.683160,0.674948,0.682822,0.688372,0.659822,0.661415,0.690823,0.726938,0.656486,0.572075,0.695606,0.650526,0.605447,0.674121,0.733348,0.645242,0.677042,0.765871,0.577860,0.687808,0.681694,0.651013,0.641630,0.764595,0.638434,0.700588,0.657893,0.707715,0.730503,0.647104,0.783595,0.687217,0.673252,0.710549,0.651049,0.690858,0.685915,0.723283,0.637956,0.640490,0.640794,0.739523,0.705278,0.772557,0.611434,0.590900,0.706719,0.742846,0.701478,0.523456,0.565041,0.685552,0.642312,0.706357,0.688844,0.617051,0.582530,0.636045,0.704161,0.689200,0.634645,0.597314,0.690249,0.573404,0.694430,0.597593,0.624230,0.618935,0.691419,0.700833,0.667131,0.730813,0.661462,0.507790,0.581859,0.597990,0.759533,0.578258,0.646465,0.617862,0.589835,0.658411,0.699536,0.649969,0.589421,0.639250,0.665739,0.697258,0.668576,0.711330,0.732518,0.567794,0.658533,0.769801,0.605754,0.629854,0.672347,0.663815,0.699486,0.754870,0.678600,0.631854,0.645330,0.615788,0.593976,0.705135,0.625133,0.625304,0.685089,0.638013,0.769375,0.656977,0.602866,0.631141,0.623651,0.703902,0.668327,0.538389,0.646678,0.696642,0.698416,0.718083,0.683818,0.742763,0.626107,0.643563,0.577377,0.571072,0.674977,0.692658,0.659827,0.690249,0.686243,0.654893,0.620520,0.556213,0.701346,0.644340,0.712433,0.595874,0.691317,0.601841,0.705636,0.651257,0.673788,0.738134,0.523795,0.648989,0.708939,0.621935,0.565178,0.617958,0.657557,0.676259,0.651236,0.643951,0.711495,0.587753,0.685141,#
