0,1.000000,0.009032,0.211804,0.087684,0.146457,0.254305,0.475917,0.271321,0.244690,-0.000116,0.359243,0.267636,0.259470,0.348357,0.203900,0.145574,0.390147,0.366703,0.246889,0.287645,0.244743,0.235094,0.343150,0.379022,0.012434,0.052190,0.081329,0.056130,0.276049,0.305761,0.004693,0.389273,0.252133,0.226108,0.403897,0.132851,0.000316,0.111991,0.267564,0.210382,0.302991,0.127942,0.271153,0.048586,0.336801,0.180887,0.250807,0.177856,0.373066,0.334873,0.235867,0.295175,0.366227,0.287995,0.260843,0.350198,0.215476,0.261288,0.260917,0.112492,0.206345,0.345237,0.308904,0.132718,0.441708,0.091746,0.362684,0.176158,0.018908,0.162174,0.206638,0.362083,0.116541,0.393327,0.238264,0.314427,0.383715,0.129787,0.261583,0.218529,0.168009,0.334207,0.340309,0.186578,0.085962,0.361095,0.278614,0.340807,0.287746,0.272642,0.135306,0.083666,0.224935,0.009392,0.246836,0.095713,0.314075,0.200754,0.271675,0.406815,0.222125,0.218646,0.225776,0.334483,0.231452,0.264908,0.175674,0.177962,0.204255,-0.120172,0.163149,0.395270,0.065899,0.346156,0.344731,0.256418,0.415192,0.257320,0.266556,0.448602,0.112136,0.286268,0.311146,0.304788,0.241187,0.264289,0.190742,0.283312,0.131689,0.277734,0.143354,0.255908,0.335061,0.171705,0.310811,0.471711,0.230146,0.233559,0.165468,0.280844,0.100142,0.103859,0.143171,0.199141,0.083690,-0.087392,0.389100,0.191061,0.108353,0.192233,0.314274,0.359709,0.222507,0.251891,0.133663,0.178428,0.254739,0.348518,0.501201,0.292142,0.336407,0.192547,0.369872,0.252651,0.272704,0.180806,0.258741,0.299471,0.230969,0.145573,0.249094,0.211095,0.277426,0.282473,0.337575,0.225039,0.313104,0.376481,0.271141,0.101240,0.271914,0.229147,0.280120,0.186918,0.187390,0.009900,0.229540,0.283745,0.083480,-0.029033,0.010531,0.143693,0.195330,0.382359,0.228795,0.288355,0.177020,0.416413,0.029355,0.301953,#
1,0.009032,1.000000,0.023904,0.223220,0.004148,0.150327,0.013751,0.233238,0.432762,0.191081,0.264525,0.189766,0.306380,0.216121,0.192569,0.067119,0.149498,0.100673,0.215944,0.222622,0.034452,0.346810,0.291944,0.002985,0.157790,0.026409,0.101607,0.283755,0.332744,0.044287,0.147526,0.259850,0.199150,0.322543,-0.095115,-0.030041,0.264956,0.250841,0.308833,0.216418,0.280281,-0.057778,0.156147,0.097357,0.044280,0.094783,0.188550,0.092953,0.230152,0.139636,-0.020922,0.237364,0.059141,0.031981,0.090144,-0.048110,0.192588,0.025600,-0.011099,0.029427,0.263046,0.180966,-0.077430,0.092110,0.144631,0.269187,0.179900,0.266190,0.137124,0.321005,0.287463,0.186663,0.272490,-0.008010,0.294439,0.279349,0.260632,-0.047098,0.120775,-0.111276,0.277929,-0.090261,0.124492,0.205490,0.281279,0.184463,0.223141,0.260350,0.255773,0.205507,0.127598,0.200302,0.265899,0.283045,0.457344,0.198425,0.022553,0.285097,0.254443,0.160957,0.163878,-0.033752,0.012873,0.174345,0.163243,0.287235,0.059699,0.340199,0.114099,0.114422,0.100580,0.043344,0.059796,0.262647,0.039904,0.231926,0.179013,0.096316,0.053571,0.110654,0.267274,0.280953,0.108423,0.028100,0.277026,0.124369,0.130481,0.024291,0.175509,0.227907,0.041516,0.422647,0.048943,0.035387,0.193414,0.360994,0.123486,0.150928,0.194511,0.055283,0.311503,0.133247,0.349332,0.295036,0.226896,0.244231,-0.003020,0.167575,0.124461,-0.014401,0.154496,0.366836,0.193200,0.185913,0.325955,0.095723,0.304501,0.104449,0.057620,0.103802,0.342317,0.319272,0.023209,0.247127,-0.028990,0.069047,0.257016,0.104747,0.162177,0.041851,0.128053,0.213022,0.061519,0.083912,0.200416,0.268088,0.027214,0.416352,-0.107364,0.054564,0.213801,0.044877,0.277859,0.248434,0.016066,0.254349,0.149629,0.189536,0.273508,0.177733,0.338561,0.288825,0.200689,0.080340,0.284957,-0.179435,0.249384,0.218370,0.041500,0.216830,#
2,0.211804,0.023904,1.000000,0.261485,0.206274,0.165550,0.276901,0.170653,0.362996,0.138938,0.047604,-0.005293,0.126824,0.470830,0.259654,0.190961,-0.019092,0.209281,0.174158,0.267441,0.118550,0.074950,0.206521,0.371097,0.078809,0.074635,0.298209,0.219869,0.353081,0.182120,0.132721,0.177234,0.279871,0.167377,0.245314,-0.058775,0.015038,0.174597,0.237065,0.286101,0.120830,0.069386,0.326641,0.242106,0.046818,0.091716,0.227306,0.023077,0.093982,0.184710,0.235698,0.270930,0.340007,0.251737,0.231584,0.331858,0.256348,-0.115030,0.259431,0.233976,0.463847,0.278578,-0.010610,0.180775,0.073527,0.233818,-0.009044,0.397234,0.082956,0.310656,0.234456,0.113474,0.124275,0.354879,0.226698,0.137831,0.178622,0.072805,0.142435,0.161043,0.302272,0.252947,0.377108,0.159380,0.376690,0.183799,-0.006857,0.375926,-0.043154,0.144614,0.296135,0.074955,0.466260,0.215379,0.263298,0.140703,0.169498,0.152303,0.406853,0.239182,0.233709,0.146071,0.059248,0.163071,-0.010472,0.158064,0.233254,0.152329,0.060488,-0.181784,0.200587,0.129958,0.226163,0.124018,0.075761,0.111405,0.090937,0.348662,0.148595,0.215143,0.103736,0.023678,0.095478,0.333019,0.168515,0.012164,0.130763,0.177579,0.140296,0.243512,0.222006,0.170043,0.274112,0.263555,0.267924,0.195941,0.318334,0.317925,0.449059,0.224102,-0.181947,0.403000,-0.012504,0.013522,0.086428,0.270708,0.188251,0.181521,0.179239,0.237673,0.203834,0.326730,0.178313,0.347209,0.041853,0.083626,0.055713,-0.028726,0.296024,0.145260,0.195108,0.131882,0.181951,0.179210,-0.018776,0.237993,0.138485,0.033868,0.210293,0.213920,0.216471,0.166620,0.310501,0.029801,0.375832,0.273524,0.165139,0.265974,0.230495,0.081141,-0.008936,0.470792,0.069266,0.473200,0.137548,0.200022,0.246078,0.151829,0.068286,0.109029,0.183161,0.179418,0.448058,0.309815,0.128148,0.095399,0.130602,-0.005126,0.054600,0.349198,#
3,0.087684,0.223220,0.261485,1.000000,0.357959,0.198638,0.252977,0.238115,0.485643,0.260836,0.379452,0.213199,0.269186,0.269950,0.085392,0.102975,0.146364,0.128160,0.340871,0.293943,0.027149,0.283935,0.326483,0.109720,0.097702,0.203476,0.333908,0.366477,0.129905,0.278791,0.132105,0.388763,0.252991,0.306940,0.417263,0.139719,0.116417,0.264260,0.152133,0.408117,0.282105,0.182790,0.424887,0.469284,0.142723,0.254783,0.285634,0.080789,0.236998,-0.017215,0.288827,0.145691,0.417593,0.082959,0.079615,0.446695,0.279326,0.184471,0.397404,0.269906,0.145077,0.256824,0.102161,0.254619,0.445884,0.190317,0.115533,0.377312,-0.069380,0.267340,0.120736,0.256029,0.422249,0.103413,0.097584,0.310203,0.196826,0.199370,0.075448,0.130891,0.232903,0.185486,0.271945,0.059899,0.468122,0.302834,0.276228,0.419273,0.174144,0.156382,0.399762,0.364374,0.272046,0.279213,0.337151,0.310244,-0.061014,0.391955,0.496144,0.232160,0.001369,0.301964,0.089276,0.104661,0.430696,0.119838,0.023039,0.056784,0.324388,0.173387,0.145283,0.127259,0.084549,0.187190,-0.030280,0.313641,0.108548,0.055365,0.239145,0.235638,0.244138,0.394480,0.281686,0.124028,0.117713,0.216873,0.061306,0.372273,0.175174,0.113131,0.317995,0.236034,0.133592,0.257175,0.234030,0.307333,0.386865,0.099838,0.125683,0.237264,-0.020308,0.375402,0.451970,0.026496,0.059378,0.427575,0.060805,0.288234,0.299218,0.238332,0.245278,0.425204,0.203853,0.394623,0.237139,-0.029619,0.096059,-0.059137,0.383517,0.221987,0.346435,0.269483,0.122507,0.121687,0.099480,0.271670,0.435018,0.150169,0.217447,0.184931,0.253087,0.200719,0.122202,0.113293,0.125797,0.239717,0.329018,0.362733,0.159766,0.190999,-0.019439,0.334399,0.152271,0.413378,0.184643,0.391704,0.258643,0.116131,0.224252,0.454455,0.480738,0.182693,0.274535,-0.031179,0.288901,0.370098,0.125834,0.143454,0.020849,0.422152,#
4,0.146457,0.004148,0.206274,0.357959,1.000000,0.230737,0.247428,0.419591,0.366756,0.287875,0.092126,0.379254,0.361229,0.362277,0.154376,0.130349,0.388568,0.261258,0.322389,0.442034,0.292932,0.329438,0.411908,0.509746,0.069564,0.273460,0.407001,0.075915,0.251984,0.219895,0.291202,0.401065,0.483521,0.347368,0.260042,0.068907,0.156213,0.216765,0.247920,0.231880,0.487892,0.160489,0.334305,0.378554,-0.019267,0.067215,0.225054,0.397261,0.257172,0.082451,0.279235,0.247101,0.428673,0.155287,0.258466,0.298296,0.259423,0.200024,0.389154,0.323949,0.042956,0.281080,0.289900,0.026405,0.388024,0.342975,0.299537,0.325403,0.181279,0.296939,0.034309,0.095959,0.375460,0.419191,0.316238,0.107331,0.205912,0.343847,0.267615,0.397076,0.144062,0.328164,0.371166,0.088627,0.253003,0.264542,0.105674,0.115291,0.238686,0.190620,0.358988,0.415443,0.183064,0.081624,0.320725,0.288770,0.196450,0.364089,0.316346,0.331497,0.253962,0.198384,0.196394,0.194114,0.159155,0.198489,0.403818,0.205624,0.442834,0.317915,0.279305,0.138958,0.261252,0.410015,0.319046,0.265154,0.323730,0.384274,0.146477,0.353957,0.112130,0.417354,0.482071,0.116958,0.222820,0.292247,0.085302,0.475394,0.357945,0.245902,0.278269,0.185162,0.217249,0.306235,0.421963,0.279851,0.337598,0.212180,0.230073,0.132939,0.067063,0.373178,0.333457,0.080482,0.125774,0.066463,0.498339,0.171110,0.048462,0.377950,0.115220,0.461706,0.055449,0.313642,0.357362,0.332687,0.348180,-0.069023,0.236059,0.314903,0.327097,0.220145,0.530575,0.017340,0.110704,0.374333,0.002030,0.121567,0.211550,0.420966,0.322450,0.320626,0.189824,0.116241,0.274583,0.299857,0.424497,0.321652,0.292280,0.238550,-0.015530,0.225729,0.273365,0.235478,0.442322,0.385030,0.387889,0.370828,0.255508,0.301746,0.304578,0.120441,0.330927,0.184359,0.168910,0.343458,0.359435,-0.007068,0.452530,0.365019,#
5,0.254305,0.150327,0.165550,0.198638,0.230737,1.000000,0.106243,0.249215,0.354025,0.031440,0.370191,0.190504,-0.121693,-0.094730,0.275346,0.415784,0.152162,0.199473,0.045497,0.365243,0.147251,0.200245,0.143153,0.298274,0.072721,0.286351,0.383942,0.115882,0.107422,0.063871,0.290803,0.365786,0.176634,0.207659,0.248875,0.071974,0.124359,0.129706,0.242875,0.121471,0.359272,-0.081146,0.136231,0.082165,0.064423,0.338618,0.327446,0.146029,0.229333,-0.091798,0.046678,0.137996,0.088479,0.345606,-0.152424,0.433220,0.313567,0.109157,0.333332,0.239362,0.328437,0.266989,0.274586,0.263677,0.253857,0.183965,0.068086,0.275723,-0.095182,0.175360,0.341422,0.100411,0.247673,0.244090,0.066865,0.288239,0.326671,0.125241,0.021027,0.167036,0.387774,0.093760,0.192859,0.092748,0.168987,0.290835,0.259645,0.422637,0.137790,0.084168,0.060858,0.117368,0.330814,0.216450,0.287858,-0.073066,0.149903,0.158622,0.317356,0.233714,0.265341,0.207120,0.370656,0.147993,0.233590,0.236229,0.125129,0.089836,-0.054290,0.089805,0.029327,0.215062,0.202934,0.081349,-0.090333,0.073541,0.234212,0.053134,-0.004196,0.310226,0.217481,0.220346,0.272538,0.242874,0.042797,0.214922,0.161229,0.408258,0.270883,0.302521,0.276574,0.302704,0.347916,0.284619,0.155422,0.321408,0.340124,0.145698,0.007998,0.236528,0.151257,-0.035860,0.216818,0.211275,0.117746,0.036179,0.160867,0.178682,0.035372,0.043172,0.264680,0.226399,-0.005933,0.273295,0.265887,-0.074756,0.398975,0.113588,0.220442,0.404008,0.288882,0.273995,0.183380,0.004271,0.181077,0.156812,-0.081005,0.226939,0.237457,0.151166,0.178453,0.188220,-0.034359,0.137897,0.376522,0.163090,-0.015276,0.135346,0.079175,0.307066,0.237756,0.124395,0.317826,0.220919,0.357536,0.191712,0.312067,0.119383,-0.066136,0.348051,-0.001545,0.276892,0.039430,0.161967,-0.044789,0.134846,0.218174,0.065595,0.131703,0.272909,#
6,0.475917,0.013751,0.276901,0.252977,0.247428,0.106243,1.000000,0.227339,0.241865,0.108719,0.309459,0.069786,0.338143,0.405102,0.164819,0.069516,0.269766,0.344078,0.229775,0.171179,0.374028,0.121733,0.111873,0.442951,0.148330,0.113501,0.172118,0.207976,0.293565,0.295361,0.172207,0.354250,0.202779,0.396752,0.506482,0.160786,0.015004,0.124180,0.147213,0.333763,0.191598,0.303222,0.296725,0.277891,0.341935,0.003569,0.320038,-0.013191,0.416101,0.287728,0.330843,0.465457,0.432053,0.012648,0.349114,0.353927,0.358319,0.298848,0.437802,0.223619,0.118027,0.253533,0.118869,0.126402,0.478248,0.202721,0.494590,0.169776,0.235399,0.251564,0.086024,0.199972,0.235371,0.450708,0.194164,0.231471,0.275832,0.198625,0.200930,0.132493,0.163650,0.252504,0.299376,0.268566,0.138783,0.411157,0.239004,0.214024,0.381740,0.349889,0.162145,0.247181,0.075394,0.150174,0.236379,0.206053,0.286981,0.314758,0.366183,0.289932,0.339910,0.215436,0.308411,0.223511,0.188056,0.022902,0.245087,0.059467,0.228896,0.030781,0.064268,0.017922,0.033582,0.321637,0.399195,0.085479,0.392572,0.302269,0.389915,0.368526,0.387137,0.334227,0.262865,0.403177,0.430082,0.340370,0.179490,0.340073,-0.039660,0.312969,0.152270,0.262856,0.400901,0.148086,0.250136,0.451957,0.308970,0.250183,0.445334,0.230935,0.353429,0.299590,0.167609,0.185762,0.140170,0.257354,0.115234,0.177200,0.080826,0.106254,0.267418,0.407197,0.212579,0.274752,0.043007,0.229792,0.315192,0.199195,0.412319,0.186398,0.440793,0.239545,0.304506,0.309356,0.170112,0.301416,0.351677,0.163063,0.349084,0.149323,0.359232,0.172909,0.056247,0.086171,0.116268,0.271961,0.494565,0.351373,0.281011,0.173834,0.273133,0.162392,0.417124,0.385925,0.083510,0.227044,0.121994,0.363408,0.026892,0.126600,0.026202,0.150513,0.176692,0.230252,0.301876,0.227684,0.152013,0.248843,0.380529,0.281713,#
7,0.271321,0.233238,0.170653,0.238115,0.419591,0.249215,0.227339,1.000000,0.520923,0.334283,0.153860,0.288846,0.292194,0.377687,0.454695,0.170540,0.423510,0.270228,0.522715,0.326726,0.249998,0.362242,0.493455,0.426314,0.325910,0.388525,0.290740,0.402964,0.316182,0.374864,-0.039501,0.359463,0.273444,0.237404,0.282730,0.088335,0.265249,0.142910,0.316653,0.121724,0.486602,0.090492,0.421698,0.333388,0.228087,0.373635,0.291004,0.299159,0.190446,0.076473,0.177671,0.204733,0.273332,0.395147,0.266873,0.238501,0.130033,0.282876,0.255454,0.195566,0.111219,0.306674,0.202804,0.106629,0.357029,0.398610,0.396101,0.444673,0.236446,0.430516,0.285784,-0.140114,0.375480,0.381348,0.371416,0.120271,0.379878,0.136760,0.354836,0.208264,0.238814,0.379763,0.389506,0.049062,0.411599,0.227065,0.395024,0.382391,0.251218,0.285278,0.326288,0.294495,0.438228,0.215462,0.495233,0.152666,0.407346,0.521734,0.399267,0.358896,0.452773,0.130390,0.262666,0.243709,0.227395,0.321342,0.321009,0.301954,0.200061,0.025716,0.465751,0.277746,0.320861,0.442432,0.190688,0.106840,0.349595,0.165021,0.116715,0.435052,0.274136,0.291979,0.324355,0.366781,0.370880,0.188896,0.197736,0.444307,0.225947,0.219129,0.273522,0.189564,0.277129,0.113331,0.399671,0.538908,0.543743,0.148193,0.164180,0.296901,0.330598,0.444423,0.385792,0.090117,0.219997,0.270889,0.383494,0.100563,0.218724,0.252248,0.147915,0.464175,0.315841,0.271726,0.371700,0.360959,0.193449,0.212002,0.397133,0.155427,0.513731,0.101194,0.551206,0.043724,0.289934,0.270799,0.354947,0.352838,0.195189,0.104647,0.371388,0.465202,0.136277,0.190775,0.305252,0.443257,0.292462,0.396970,0.199371,0.156201,0.379249,0.090992,0.376131,0.312808,0.274769,0.364417,0.328789,0.302502,0.255191,0.272807,0.418525,0.423461,0.169801,0.182020,0.199174,0.218334,0.357383,0.219007,0.194536,0.321573,#
8,0.244690,0.432762,0.362996,0.485643,0.366756,0.354025,0.241865,0.520923,1.000000,0.450132,0.333116,0.337362,0.326948,0.349918,0.350937,0.200995,0.259594,0.261855,0.258209,0.324586,0.152007,0.338716,0.375454,0.334394,-0.058207,0.450633,0.352528,0.520849,0.222017,0.222889,0.078769,0.426742,0.391950,0.315801,0.266562,0.009202,0.248565,0.222137,0.206472,0.372164,0.486395,0.225051,0.532747,0.313510,0.049502,0.241046,0.169501,0.142018,0.326812,0.295419,0.189034,0.293867,0.364038,0.323561,0.260776,0.307073,0.149597,0.311739,0.268112,0.376939,0.273983,0.328758,0.209124,0.204128,0.255841,0.450335,0.309203,0.575775,0.198509,0.512604,0.165166,0.288042,0.448268,0.477802,0.078680,0.326548,0.242648,0.301503,0.267525,0.258929,0.234647,0.258329,0.295544,0.302726,0.468947,0.375679,0.234697,0.364540,0.140639,0.247791,0.283326,0.347783,0.536850,0.328932,0.601322,0.215966,0.101047,0.416298,0.643245,0.306433,0.139694,0.178077,0.156921,0.346645,0.312136,0.280815,0.400236,0.415332,0.218522,0.119443,0.477508,0.389200,0.378926,0.425820,0.219764,0.299430,0.286177,0.210397,0.190481,0.482990,0.292717,0.211726,0.456588,0.296455,0.251780,0.408817,0.222724,0.294549,0.268391,0.244301,0.260366,0.187398,0.287560,0.405889,0.545598,0.440564,0.464139,0.335429,0.061052,0.432870,0.112529,0.472872,0.372323,0.114817,0.253447,0.201835,0.303761,0.116697,0.121528,0.286736,0.190265,0.511697,0.214865,0.518607,0.369137,0.202856,0.307691,0.125622,0.351546,0.350147,0.471060,0.272490,0.411009,0.284133,0.119153,0.227549,0.270157,0.237963,0.255423,0.399241,0.432964,0.400840,0.132055,0.256170,0.486698,0.436548,0.262477,0.393882,0.352815,0.036759,0.313914,0.306983,0.189017,0.466791,0.330453,0.425508,0.321508,0.330261,0.428158,0.337461,0.342769,0.339915,0.439449,0.115642,0.134671,0.237361,0.342640,0.145049,0.048123,0.516514,#
9,-0.000116,0.191081,0.138938,0.260836,0.287875,0.031440,0.108719,0.334283,0.450132,1.000000,0.095507,0.098625,0.195671,0.332456,0.212206,0.093385,0.251125,0.151313,0.407918,0.360273,0.466289,0.380739,0.309229,0.289544,0.057541,0.185113,0.336125,0.423511,0.035921,0.411015,-0.092423,0.122385,0.299434,0.384370,0.325931,0.205034,0.114884,0.088661,0.254149,0.254704,0.328259,0.232096,0.214627,0.204558,0.319533,-0.081349,0.180064,0.134035,0.083185,0.021928,-0.087771,0.141649,0.201012,0.264710,0.186545,0.203949,0.133514,0.296532,0.223947,0.240167,0.270213,0.098952,0.209486,0.156836,0.269011,0.522765,0.336759,0.376944,0.283786,0.313378,0.243354,-0.018336,0.052360,0.309929,0.292322,0.083086,0.045920,0.401122,0.218016,0.306938,-0.101249,0.089409,0.194309,0.364353,0.453648,0.172691,0.068064,0.313853,0.099714,0.021874,0.311013,0.258213,0.393992,0.153361,0.377082,0.058076,-0.004264,0.435576,0.399004,0.227408,0.139385,0.242843,0.193703,0.229242,0.302510,0.360875,0.247405,0.113661,0.330921,0.380335,0.329929,0.283657,0.463704,0.183358,0.105834,0.228659,0.228543,0.044525,0.000415,0.218523,0.473563,0.106664,0.354848,0.280026,0.259940,0.122038,0.294929,0.083202,0.416649,0.090981,0.313725,0.202780,0.291536,0.410424,0.343088,0.305364,0.162905,0.111445,0.156316,0.417154,0.022783,0.543997,0.353015,0.137126,0.082575,0.307485,0.306470,0.154328,0.099933,0.278315,-0.036070,0.206763,0.215436,0.361720,0.190710,0.351268,0.077252,0.254277,0.350869,0.371053,0.246596,0.288643,0.273577,0.302484,0.290787,0.218480,0.181104,0.201668,0.421735,0.113824,0.449077,0.475859,0.131379,0.169419,0.281281,0.436106,0.060465,0.391821,0.361210,0.340809,0.166496,0.144368,0.148066,0.291618,0.287252,0.591324,0.088145,0.159515,0.337798,0.036842,0.321666,0.346876,0.253011,0.086690,0.211192,0.018402,0.031167,0.115368,0.117506,0.251349,#
10,0.359243,0.264525,0.047604,0.379452,0.092126,0.370191,0.309459,0.153860,0.333116,0.095507,1.000000,0.173813,-0.058991,0.278424,0.025467,0.264745,0.164066,0.075427,0.210241,0.205296,0.178916,0.140050,0.262470,0.284542,-0.163638,0.046864,0.162097,0.468166,0.166283,0.399395,0.165236,0.258956,0.130119,0.361884,0.309526,0.102536,0.090884,0.237286,0.126301,0.086235,0.358646,0.045460,0.106830,0.207380,0.379882,0.347224,0.313111,0.161522,0.449703,0.307939,-0.127868,0.172723,0.330314,0.108841,0.000000,0.234004,0.287351,0.203566,0.165653,0.049293,0.323131,0.260012,0.326478,0.391995,0.428238,0.047013,0.085838,0.015735,-0.012728,0.278819,0.189334,0.251245,0.282936,0.285530,-0.012826,0.261777,0.242167,0.262121,0.105884,0.098490,0.335793,0.144930,0.246619,0.168255,0.186770,0.244144,0.330783,0.398567,0.184304,0.248442,0.243267,0.415048,0.369615,0.352437,0.379226,0.148280,-0.032349,0.309952,0.450418,0.569064,0.298163,0.225815,0.261925,0.379992,0.544265,0.002146,0.017636,0.177888,0.095311,0.190742,-0.096741,0.218319,0.103466,0.198172,0.057327,0.215249,0.263633,0.065643,0.282666,0.255393,0.237880,0.358177,0.079948,0.154364,-0.079759,0.351471,0.282535,0.255811,0.146602,0.007482,-0.071530,0.153892,0.159284,0.202420,0.422915,0.288841,0.281181,-0.021863,0.107599,0.181537,0.253746,-0.071530,0.213763,0.211562,-0.111956,0.084926,0.074529,0.202875,0.270312,0.059876,0.301700,0.211129,0.438198,0.387177,0.094827,0.118383,0.283909,0.384620,0.422156,0.212008,0.345382,0.201545,0.159399,0.240687,-0.001788,0.168693,0.292720,0.395937,0.433091,0.093716,0.219294,0.211148,0.068662,0.010792,0.253861,0.256412,0.170983,0.394908,0.092253,0.344247,0.187477,0.040393,0.256938,0.207968,0.079966,0.094368,0.049535,0.223469,-0.022340,0.362310,0.295393,0.189982,0.084031,0.202220,0.309638,0.230317,0.143805,0.278271,0.137808,0.235055,#
11,0.267636,0.189766,-0.005293,0.213199,0.379254,0.190504,0.069786,0.288846,0.337362,0.098625,0.173813,1.000000,0.360529,0.116485,0.147151,0.084755,0.213976,0.330386,0.255993,0.224470,0.055302,0.135625,0.409420,0.174351,0.038225,0.182494,0.056775,0.273132,0.309129,0.084278,0.193372,0.230771,0.239009,0.220530,0.164545,-0.103853,0.282766,0.114685,-0.029660,0.297797,0.346540,0.303109,0.205199,0.252999,0.020379,0.194300,0.426810,0.184399,0.194240,0.258216,0.214030,0.177673,0.306628,0.229037,0.230501,0.225976,0.046601,0.172013,0.143196,0.166751,-0.066500,0.200613,0.404931,0.092145,0.261694,0.231295,0.243184,0.202755,0.109758,0.341685,0.212256,0.121051,0.160981,0.240875,0.220388,0.037183,0.245309,0.268448,0.223063,-0.074807,0.188210,0.098942,0.067595,0.082524,0.125360,0.190324,0.017152,0.026043,0.165147,0.101794,0.189961,0.392668,0.166241,-0.053186,0.308844,0.455002,0.198011,0.206382,0.116310,0.020815,0.080557,0.178711,0.085690,0.169940,0.395585,0.323267,0.184888,0.230828,0.383174,0.163647,0.425480,0.219259,0.246442,0.220971,-0.184188,0.263834,0.062812,0.413425,0.143223,0.337523,0.079025,0.234147,0.279430,0.063959,0.182403,0.261412,0.194894,0.242548,0.229231,0.208254,0.190401,0.193887,0.359321,0.315486,0.247148,0.292487,0.449486,0.160517,0.120111,0.134772,0.211382,0.178536,0.260369,0.063930,0.322543,-0.048157,0.453078,0.237324,0.022303,0.317994,0.189740,0.146231,0.205636,0.312139,0.385352,0.087005,0.240316,0.057288,0.240934,0.165417,0.102574,0.081566,0.370355,0.033576,0.350015,-0.094611,0.163680,0.081004,0.319626,0.240419,0.154703,0.166887,0.151330,0.388440,0.050616,0.298786,0.060420,0.268872,0.034500,0.374840,0.203452,-0.025305,0.224530,0.345553,0.340111,0.138863,0.174082,0.377489,0.315012,0.072866,0.323050,0.073589,0.291863,-0.003784,0.124148,0.243520,0.100281,0.219994,0.158108,0.174994,#
12,0.259470,0.306380,0.126824,0.269186,0.361229,-0.121693,0.338143,0.292194,0.326948,0.195671,-0.058991,0.360529,1.000000,0.243174,0.291009,-0.000170,0.343095,0.258469,0.354114,0.304227,0.189218,0.194157,0.332209,0.166378,0.007248,0.147715,0.001185,0.141901,0.390053,0.127880,0.080785,0.185489,0.309023,0.291652,0.303603,0.027179,0.192750,0.124541,0.195686,0.369743,-0.022920,0.129556,0.149544,0.415863,-0.047081,0.104601,0.129587,0.096297,0.120454,0.098874,0.264522,0.225371,0.371748,0.061565,0.352106,0.077091,0.104655,0.284089,0.266222,0.256352,-0.105353,0.137252,0.033447,0.011372,0.222815,0.348001,0.295099,0.156205,0.141045,0.299104,0.196002,0.096965,0.207771,0.271815,0.270862,0.165787,0.290692,0.130877,0.162044,0.073047,0.074932,0.254931,0.317628,0.224850,0.087928,0.157072,0.107524,0.152780,0.272306,0.206214,0.240640,0.221094,-0.017855,-0.058800,0.170286,0.358718,0.295952,0.346042,0.215676,-0.075128,0.136538,0.266793,0.171930,0.251374,0.190251,0.156249,0.306544,0.101074,0.311141,0.101137,0.212614,-0.046285,0.102559,0.293193,0.403628,0.218271,0.265366,0.297577,0.216556,0.190363,0.138963,0.209059,0.386137,0.218850,0.324538,0.329874,-0.037866,0.102125,0.146406,0.327887,0.113493,0.163436,0.039488,0.171505,0.154176,0.279101,0.207010,0.372108,0.154037,0.058487,0.291859,0.436145,0.279590,0.043649,0.221496,0.092395,0.348087,0.167093,0.014866,0.366680,0.059402,0.430704,0.132098,0.136778,0.210876,0.291885,0.288334,0.047680,0.349324,0.194464,0.280000,0.238245,0.358473,0.095232,0.328498,0.193929,0.302954,0.155104,0.046234,0.167555,0.310995,0.184930,0.046197,0.183043,0.031419,0.107093,0.276279,0.484165,0.263311,0.010310,0.184900,0.161907,0.312670,0.371105,-0.053484,0.342663,0.140023,0.456162,0.225334,0.173214,0.208622,0.142174,0.223324,0.224691,0.243516,0.200391,0.166440,0.205758,0.209447,0.160685,#
13,0.348357,0.216121,0.470830,0.269950,0.362277,-0.094730,0.405102,0.377687,0.349918,0.332456,0.278424,0.116485,0.243174,1.000000,0.157912,0.199686,0.286566,0.343830,0.407054,0.250264,0.305799,0.391555,0.538086,0.405428,0.102781,0.242919,0.210365,0.381176,0.422684,0.456591,-0.012140,0.369814,0.383972,0.401474,0.274758,-0.003364,0.170240,0.209347,0.495874,0.287245,0.456347,0.269097,0.419165,0.204367,0.396481,0.150908,0.170626,0.315922,0.421042,0.337109,0.059888,0.517922,0.364805,0.186926,0.492087,0.233858,0.130735,0.150676,0.248313,0.164347,0.290749,0.372882,0.146649,0.208417,0.319333,0.341142,0.371392,0.153253,0.294004,0.360959,0.112195,0.252104,-0.049775,0.483980,0.427316,0.185260,0.267152,0.230377,0.323630,0.270300,0.112407,0.218529,0.496164,0.096748,0.417781,0.137998,0.015627,0.292799,0.382688,0.333251,0.321972,0.257659,0.407951,0.208988,0.402985,0.121503,0.267132,0.278615,0.300989,0.461979,0.392509,0.166784,0.047339,0.484607,0.270466,0.374306,0.221181,0.291457,0.261809,0.167125,0.442779,0.229105,0.293664,0.441948,0.154492,0.273128,0.190457,0.419544,0.282676,0.378977,0.171201,0.310339,0.093032,0.173912,0.283774,0.075286,0.211346,0.151064,0.204508,0.173670,0.123863,0.255789,0.197221,0.164636,0.458379,0.299516,0.235517,0.155467,0.407704,0.295262,0.054026,0.368877,0.387992,0.068435,-0.033815,0.220718,0.384053,0.226636,0.204063,0.264893,0.152871,0.387898,0.327044,0.457154,0.168723,0.400868,0.207690,0.075111,0.321682,0.258968,0.408248,0.240834,0.410730,0.228217,0.180625,0.378381,0.435330,0.318761,0.397361,0.168972,0.239581,0.251691,0.157556,0.169374,0.368661,0.422190,0.321856,0.605240,0.260425,0.256356,0.184824,0.278177,0.423621,0.402767,0.167202,0.268576,0.168060,0.370320,0.072987,0.101201,0.404975,0.314398,0.362834,0.322547,0.371305,0.066786,0.178639,0.270344,0.213312,0.324334,#
14,0.203900,0.192569,0.259654,0.085392,0.154376,0.275346,0.164819,0.454695,0.350937,0.212206,0.025467,0.147151,0.291009,0.157912,1.000000,0.313709,0.334664,0.118640,0.124326,0.192370,0.151327,0.095867,0.132430,0.210686,0.030308,0.126264,0.262285,0.256667,0.269772,0.252595,0.141092,0.283933,0.226675,0.070597,0.159430,-0.015345,0.087543,0.236337,0.198252,0.083264,0.240680,0.027359,0.393414,0.248308,0.007454,0.088580,0.048377,0.078917,0.043330,-0.040427,0.059947,0.093519,0.025527,0.382220,0.122588,0.159729,0.068604,0.140566,0.229241,0.075455,0.194383,0.259087,0.118984,0.295829,0.104909,0.266261,0.190092,0.221729,0.228595,0.342847,0.191224,0.028579,0.250887,0.112425,0.164503,0.231234,0.396014,0.058458,0.037983,0.027952,0.237167,0.258152,0.418690,0.377562,0.201866,0.217371,0.210824,0.441273,0.239383,0.068366,0.144272,0.025868,0.208646,0.278415,0.243032,0.255220,0.514019,0.339332,0.386878,0.000704,0.186894,0.057600,0.307913,0.047090,0.215910,0.284977,0.237819,0.117092,0.144968,-0.049935,0.265503,0.240205,0.240986,0.107464,0.126183,0.238615,0.413993,0.202758,0.123316,0.156813,0.322781,0.086078,0.374047,0.389328,0.389177,-0.008289,0.073635,0.399076,-0.010588,0.320425,0.224288,0.230780,0.288801,0.269719,0.299963,0.247942,0.360935,0.349109,0.106138,0.333353,0.105095,0.281074,0.045602,0.190188,0.222222,0.270177,0.351377,0.109604,0.076482,0.064912,0.153164,0.264491,0.081010,0.193488,0.414613,0.202414,0.146273,0.098283,0.209327,0.036522,0.252471,0.019771,0.359643,0.178896,0.119942,0.164033,0.158024,0.176393,0.196552,0.117959,0.228835,0.289753,0.091469,0.367606,0.294865,0.463408,0.142667,0.261070,0.069295,0.016891,0.319095,0.265008,0.299827,0.122654,0.244436,0.231536,0.305679,0.094187,0.036052,0.056369,0.017709,0.268003,0.345844,0.178463,0.151590,0.101700,0.148432,0.048736,0.035146,0.118043,#
15,0.145574,0.067119,0.190961,0.102975,0.130349,0.415784,0.069516,0.170540,0.200995,0.093385,0.264745,0.084755,-0.000170,0.199686,0.313709,1.000000,0.111946,0.216136,0.034850,0.114378,0.136473,0.165166,0.121377,0.322944,0.058463,0.216821,0.081549,0.153021,0.170080,0.307908,0.119945,0.222181,0.133322,0.196508,0.154271,0.218710,0.221039,0.157025,0.296832,0.078323,0.104732,0.118566,0.233243,0.160631,0.269715,0.188172,0.369743,0.310165,0.155599,0.217251,0.027926,0.289322,0.134738,0.104415,0.128547,0.119081,0.244526,-0.074274,0.010529,0.151567,0.306697,0.296135,0.122718,0.275229,0.139442,0.181650,0.154643,0.109503,-0.002111,0.053859,0.216876,-0.119439,-0.057522,0.170166,0.141465,0.232593,0.288665,0.263652,0.145379,0.103885,0.417943,0.330468,0.044386,0.245870,0.291427,0.245154,-0.035010,0.359821,0.158713,0.009317,0.072852,0.027283,0.232050,0.184148,0.106186,0.103575,0.085114,0.140825,0.128449,0.038575,0.259084,-0.017103,0.305958,0.258337,0.100111,0.249007,0.383316,0.219603,-0.008372,0.356711,-0.018749,0.062403,0.151259,0.213595,-0.168328,0.074571,0.238569,0.267584,0.098926,0.262503,0.162982,0.031543,0.079726,0.217691,-0.110824,0.056428,0.345915,0.075009,0.150512,0.403697,-0.022118,-0.030284,0.126843,0.026359,0.137962,0.089468,0.035551,-0.020368,0.163962,0.208100,-0.030489,0.034841,0.171645,-0.125084,0.027550,0.106363,0.137091,0.185939,0.060391,0.001988,0.301772,0.104171,0.419390,0.450104,0.047257,0.123695,0.258391,0.085620,0.117116,0.200121,0.145574,0.177028,0.344140,-0.222983,0.226544,0.146500,0.227564,0.359659,0.247152,-0.040016,-0.038872,0.288848,-0.143386,0.148429,0.054912,0.352300,0.131557,0.133054,0.129993,0.182031,0.193548,0.226129,0.226907,0.145867,0.150264,0.191303,-0.068029,0.129559,-0.098396,0.142953,0.129580,0.262555,0.150893,0.092461,0.151478,-0.017900,0.269193,0.347937,0.155600,0.305663,#
16,0.390147,0.149498,-0.019092,0.146364,0.388568,0.152162,0.269766,0.423510,0.259594,0.251125,0.164066,0.213976,0.343095,0.286566,0.334664,0.111946,1.000000,0.282187,0.252522,0.180043,0.418135,0.377778,0.292836,0.241345,0.060154,0.345969,0.199392,0.002333,0.181144,0.091587,0.107938,0.394998,0.444081,0.478719,0.243887,0.130346,0.313650,0.085090,0.421365,0.238682,0.339999,0.161353,0.280432,0.195983,0.165791,0.279700,0.131656,0.111188,0.217745,0.224299,0.123290,0.091139,0.321362,0.477716,0.361419,0.254184,0.044458,0.289873,0.377991,0.242804,0.106172,0.237946,0.158828,0.114733,0.360493,0.232707,0.341504,0.202605,0.321667,0.339484,0.196677,-0.038273,0.252319,0.325816,0.250738,0.156298,0.347445,0.245340,0.295087,0.356605,0.268129,0.417099,0.399669,0.185648,0.187865,0.200984,0.359202,0.115867,0.232330,0.235974,0.245787,0.257731,0.190604,0.139294,0.368742,0.281614,0.362081,0.381608,0.375000,0.257333,0.185020,0.101986,0.173529,0.310296,0.195655,0.425782,0.254568,0.073714,0.259925,0.154718,0.356723,0.444281,0.348759,0.224771,0.305418,0.526450,0.472950,0.249273,0.138857,0.302804,0.251926,0.407044,0.259518,0.323613,0.314023,0.294774,0.122433,0.347642,0.201317,0.164011,0.211347,0.230082,0.281615,0.062151,0.239924,0.352076,0.200958,0.123482,0.135891,0.276036,0.174625,0.238316,0.293840,0.290671,0.148903,0.101725,0.354483,0.113327,0.143035,0.312742,0.102048,0.299549,0.211986,0.201139,0.380663,0.342805,0.369771,0.172770,0.386386,0.345136,0.189329,0.258758,0.485472,0.189750,0.167318,0.402886,0.182922,0.409842,0.251633,0.057546,0.286950,0.478222,0.133236,0.082068,0.280426,0.147705,0.210536,0.358142,0.288582,0.093000,0.053353,0.143065,0.469382,0.130836,0.331683,0.400613,0.302169,0.316493,0.179776,0.188469,0.300571,0.194441,0.283426,0.194674,0.239042,-0.035601,0.183641,0.127853,0.246271,0.251720,#
17,0.366703,0.100673,0.209281,0.128160,0.261258,0.199473,0.344078,0.270228,0.261855,0.151313,0.075427,0.330386,0.258469,0.343830,0.118640,0.216136,0.282187,1.000000,0.212326,0.234425,0.278374,0.275844,0.263296,0.416713,0.385905,0.332085,0.216729,0.184379,0.150337,0.239001,0.097100,0.221375,0.050674,0.299730,0.294737,0.254740,0.214888,0.099985,0.301073,0.217440,0.374576,0.300762,0.407723,0.227178,0.135444,0.034346,0.166965,0.331330,0.264658,0.284348,0.283281,0.264486,0.334421,0.094574,0.278690,0.334180,0.241072,0.060551,0.362780,0.005580,0.239444,0.330746,0.004827,0.044913,0.182512,0.366583,0.309054,0.291735,0.113918,0.265265,0.219176,0.038952,-0.013814,0.311424,0.128052,-0.013641,0.276618,0.263148,0.331803,0.171478,0.234678,0.214507,0.237563,0.199740,0.231656,0.231046,0.236724,0.117190,0.265159,0.255866,0.204994,0.151178,0.235400,0.121208,0.197606,0.332370,0.281813,0.166392,0.059857,0.248942,0.196263,-0.109560,0.220220,0.227554,0.023279,0.188197,0.315889,0.198338,0.067984,0.180071,0.381137,0.237772,0.077257,0.411145,0.203518,0.016593,0.025072,0.303404,0.000621,0.274433,0.239882,0.289519,0.248223,0.299009,0.302696,0.314349,0.305872,0.157323,0.170529,0.243687,0.355010,0.309390,0.373864,0.133628,0.013752,0.424915,0.149768,0.255842,0.389238,0.374594,0.125624,0.341304,0.443462,0.117014,0.165060,0.100332,0.360078,0.228201,0.200034,-0.038909,0.252597,0.150116,0.122897,0.396669,0.270286,0.388666,0.481371,0.136320,0.224436,0.244352,0.246633,0.212155,0.566950,0.077333,0.262183,0.305757,0.067501,0.273457,0.245956,0.122755,0.436519,0.197347,0.095733,0.103936,0.211812,0.168061,0.194646,0.244722,0.275660,0.383889,-0.011936,0.369758,0.321192,0.363719,0.307467,0.226000,0.168118,0.466664,0.077232,0.021579,0.164893,0.162068,0.276931,0.156756,0.316811,0.387014,0.095864,0.426981,0.145113,0.304315,#
18,0.246889,0.215944,0.174158,0.340871,0.322389,0.045497,0.229775,0.522715,0.258209,0.407918,0.210241,0.255993,0.354114,0.407054,0.124326,0.034850,0.252522,0.212326,1.000000,0.542749,0.194538,0.300108,0.450168,0.220554,0.206944,0.242436,0.095619,0.349695,0.227722,0.408540,-0.148209,0.316296,0.251606,0.379299,0.322069,0.170445,0.161644,0.233773,0.267504,0.152925,0.431764,-0.084288,0.199988,0.342752,0.393918,0.093459,0.427160,0.255088,0.204035,0.012015,-0.013280,0.257058,0.389101,0.188055,0.150435,0.208914,0.126283,0.243077,0.364841,0.251800,0.134462,0.276446,0.164613,-0.016630,0.363381,0.284608,0.155861,0.339810,-0.077175,0.181813,0.278750,-0.058122,0.255573,0.316477,0.376760,0.216067,0.377941,0.298442,0.433304,0.214990,0.062699,0.056096,0.432389,0.167587,0.260668,0.266426,0.206609,0.254117,0.243405,0.071705,0.301747,0.268600,0.285724,0.208992,0.524809,0.080241,0.250635,0.415129,0.266789,0.418677,0.355883,0.175718,0.175721,0.391661,0.373288,0.405569,0.056891,0.121053,0.333086,0.106315,0.269647,0.154679,0.372231,0.401241,0.009062,0.027664,0.217847,0.102802,0.055610,0.287487,0.293053,0.456066,0.176026,0.095611,0.286074,0.051998,0.254582,0.124565,0.323040,0.087755,0.201102,0.260490,0.176769,0.172982,0.260530,0.386923,0.454319,0.238206,0.208443,0.148297,0.093509,0.395261,0.340049,0.298672,0.141556,0.376316,0.370780,-0.051146,0.376476,0.316912,0.207665,0.537000,0.316049,0.381985,0.074573,0.299623,0.167373,0.372507,0.384812,0.295512,0.359759,0.047161,0.359945,0.128388,0.315246,0.312259,0.415061,0.330813,0.177719,0.018618,0.312956,0.454984,0.268763,0.015305,0.071541,0.188877,0.214267,0.569864,-0.029201,0.352043,0.232529,0.262669,0.243379,0.353240,0.227605,0.336356,0.348460,0.213905,0.040132,0.096281,0.486540,0.198233,0.088309,0.335428,0.389169,0.192584,0.022878,0.218723,0.191616,0.213812,#
19,0.287645,0.222622,0.267441,0.293943,0.442034,0.365243,0.171179,0.326726,0.324586,0.360273,0.205296,0.224470,0.304227,0.250264,0.192370,0.114378,0.180043,0.234425,0.542749,1.000000,0.206107,0.417895,0.347569,0.348388,0.110677,0.100272,0.362142,0.134040,0.325759,0.303743,0.071910,0.345487,0.178787,0.319537,0.228945,0.037883,0.219022,0.193529,0.235717,0.286126,0.426655,-0.094350,0.139620,0.254613,0.173693,0.105152,0.375639,0.209519,0.306236,-0.158878,-0.091046,0.160932,0.217905,0.271986,0.178076,0.144807,0.337225,0.125056,0.286998,0.047449,0.354546,0.363423,0.241597,0.115097,0.356843,0.415768,0.216049,0.321935,0.120663,0.261430,0.239147,0.057734,0.260267,0.273889,0.211463,0.143934,0.317338,0.124116,0.210744,0.189203,0.050451,0.076414,0.334852,0.182403,0.256598,0.230076,0.157238,0.340055,0.328936,0.158376,0.219707,0.287190,0.440939,0.197289,0.352307,0.082187,0.211125,0.247793,0.273605,0.376783,0.391040,0.203431,0.167314,0.335888,0.175937,0.263805,0.181792,0.226169,0.199078,-0.046069,0.077853,0.152225,0.350368,0.342177,0.106931,0.096682,0.321227,0.270340,-0.038382,0.230560,0.072076,0.384560,0.374023,0.273797,0.288796,0.063400,0.243336,0.264260,0.329655,0.346389,0.187179,0.362254,0.220153,0.224279,0.244651,0.308165,0.339697,0.234399,0.205263,0.324393,0.104429,0.187179,0.301184,0.235072,0.109797,0.219295,0.306809,-0.023079,0.252341,0.226600,0.213448,0.497815,0.169288,0.276661,0.206500,0.376285,0.282395,0.248520,0.377917,0.367853,0.446517,0.351656,0.361552,0.121109,0.323145,0.333039,-0.016379,0.267893,0.138641,0.183943,0.245935,0.400607,0.132772,-0.020527,0.330964,0.311952,0.221373,0.519147,0.109448,0.346325,-0.014419,0.429210,0.404284,0.415454,0.354729,0.218809,0.392506,0.300421,0.180308,0.113912,0.315687,0.315962,0.210767,0.425582,0.155100,0.308991,0.147333,0.147724,0.225062,0.229369,#
20,0.244743,0.034452,0.118550,0.027149,0.292932,0.147251,0.374028,0.249998,0.152007,0.466289,0.178916,0.055302,0.189218,0.305799,0.151327,0.136473,0.418135,0.278374,0.194538,0.206107,1.000000,0.300140,0.209906,0.303497,0.062528,0.170758,0.271307,0.154734,0.191682,0.400199,-0.022229,0.246028,0.234721,0.396667,0.347462,0.436554,0.228918,-0.060285,0.243626,0.174073,0.310848,0.459303,0.084962,0.261102,0.291701,0.111939,0.230653,0.059136,0.191649,0.086784,0.068612,0.320576,0.280853,0.199028,0.239409,0.158480,0.228728,0.280855,0.324242,0.083325,0.228979,0.200847,0.397060,-0.025915,0.320927,0.389337,0.332625,0.112029,0.320337,0.386026,0.314341,-0.051646,-0.066045,0.287983,0.249998,-0.003383,0.237540,0.289408,0.081815,0.276737,0.000766,0.328041,0.366268,0.322267,0.155533,0.083812,0.328805,0.173041,0.271518,0.324684,0.284368,0.385216,0.257173,0.276296,0.376885,0.077244,0.114426,0.323974,0.256997,0.222287,0.338961,0.045195,0.362560,0.336878,0.155026,0.057583,0.142719,0.172396,0.222158,0.408199,0.242371,0.210200,0.197671,0.145521,0.329609,0.065292,0.236088,0.346628,-0.046336,0.336993,0.458702,0.191527,0.235754,0.509069,0.152265,0.257740,0.310474,0.084659,0.349213,0.286815,0.361336,0.249399,0.312210,0.343054,0.305010,0.231405,0.142281,0.141018,0.347120,0.352610,0.131247,0.257405,0.063155,0.197060,0.214410,0.070956,0.218586,0.061575,0.085347,0.289386,0.186529,0.285458,0.277055,0.415399,0.192013,0.288252,0.301410,0.166157,0.299099,0.310597,0.202071,0.320811,0.378090,0.249951,0.433719,-0.055817,0.130295,0.246296,0.376030,0.090506,0.358077,0.328912,0.314866,-0.095453,0.097806,0.308208,0.027097,0.273611,0.458440,0.204790,0.223376,0.068677,0.378855,0.261413,0.026478,0.233086,0.153902,0.425745,0.066115,0.017435,0.016885,0.120132,0.167151,0.301244,0.112904,0.000347,0.059980,0.091404,0.200566,0.240739,#
21,0.235094,0.346810,0.074950,0.283935,0.329438,0.200245,0.121733,0.362242,0.338716,0.380739,0.140050,0.135625,0.194157,0.391555,0.095867,0.165166,0.377778,0.275844,0.300108,0.417895,0.300140,1.000000,0.315999,0.363896,0.103585,0.193198,0.267157,0.060712,0.153263,0.200042,0.072295,0.342720,0.316993,0.260616,0.322840,0.185552,0.378411,0.243211,0.385030,0.113928,0.447353,0.328778,0.271769,0.169879,0.279359,0.205211,0.186067,0.336904,0.400330,-0.089383,0.078552,0.393068,0.167116,0.045279,0.259068,0.174305,0.283506,0.208541,0.403725,0.070649,0.320922,0.140234,0.194926,0.090141,0.471171,0.383030,0.323503,0.369681,0.055040,0.087497,0.098737,0.224644,0.063012,0.237517,0.375343,0.310054,0.136966,0.172815,0.221519,0.345542,-0.005294,0.071187,0.254918,0.076180,0.452800,0.107553,0.180980,0.292405,0.288200,0.173083,0.086577,0.098660,0.343012,0.100465,0.347642,0.067253,0.185436,0.096485,0.143261,0.310134,0.106149,0.156809,0.343902,0.153534,-0.000448,0.416071,0.031146,0.016758,0.338429,0.320084,0.322034,0.272071,0.175054,0.346840,0.020339,0.203624,0.341260,0.238694,-0.026065,0.203716,0.284633,0.316391,0.292326,0.165892,0.354457,0.140107,0.205558,0.284549,0.325559,0.317517,0.278952,0.275049,0.334909,0.190369,0.328424,0.302782,-0.019936,0.087582,0.209937,0.355906,0.104910,0.240184,0.305050,0.028771,0.204065,0.161136,0.165910,0.204872,-0.090194,0.301179,0.094977,0.399372,0.057326,0.251062,0.291470,0.303327,0.396753,-0.043679,0.187195,0.281460,0.406450,0.226666,0.285014,0.127457,0.230242,0.192547,0.183897,0.337817,0.183572,0.283952,0.332977,0.187414,0.031835,-0.004860,0.301050,0.261535,0.026911,0.358399,0.163149,0.118375,0.119841,0.291291,0.396849,0.193350,0.201962,0.393658,0.134325,0.050370,0.099625,0.349383,0.326840,0.270950,0.157655,0.150185,0.210818,0.068476,0.323478,0.247414,0.050320,0.318739,#
