0,1.000000,0.585874,0.566292,0.577933,0.440934,0.552860,0.553133,0.608241,0.581203,0.520536,0.598408,0.605356,0.578371,0.548991,0.390329,0.579194,0.589449,0.564100,0.617869,0.386900,0.637056,0.537529,0.533487,0.582582,0.370251,0.670577,0.469227,0.539122,0.518377,0.521454,0.533851,0.532950,0.529034,0.531029,0.560549,0.472393,0.543988,0.669693,0.578027,0.636696,0.557469,0.588030,0.528460,0.633760,0.589452,0.469069,0.502707,0.524358,0.546316,0.547800,0.654414,0.651422,0.550677,0.597640,0.589603,0.661344,0.652070,0.684191,0.605236,0.680969,0.678157,0.352823,0.652533,0.522868,0.639293,0.410293,0.644934,0.519936,0.560358,0.465552,0.526771,0.662650,0.725569,0.684664,0.505969,0.706571,0.547742,0.483384,0.696054,0.561905,0.544276,0.636945,0.630587,0.647021,0.468513,0.594625,0.624457,0.618687,0.454198,0.581485,0.570996,0.504876,0.468787,0.600914,0.551060,0.538205,0.495461,0.559741,0.530723,0.673473,0.598742,0.600436,0.517596,0.572721,0.586510,0.657173,0.467002,0.615967,0.581797,0.491749,0.603664,0.595558,0.613330,0.569790,0.626697,0.740595,0.544267,0.658030,0.561733,0.499994,0.421389,0.688191,0.599846,0.665545,0.657809,0.605277,0.531299,0.624098,0.489130,0.443878,0.642141,0.433681,0.593312,0.502326,0.555209,0.549891,0.513416,0.725722,0.565951,0.639941,0.565817,0.528159,0.450596,0.600541,0.532973,0.437154,0.633353,0.450308,0.587798,0.585037,0.588748,0.650659,0.614292,0.535911,0.629610,0.492298,0.657374,0.632008,0.628752,0.614183,0.574661,0.597360,0.605948,0.637729,0.628801,0.542829,0.564968,0.556120,0.505830,0.607985,0.586259,0.504403,0.601918,0.749047,0.637592,0.592905,0.589357,0.567528,0.502449,0.525330,0.588435,0.565604,0.396241,0.508274,0.587224,0.539962,0.588573,0.483797,0.504468,0.623526,0.542089,0.616874,0.521882,0.628274,0.579973,0.533254,0.597474,0.633270,0.622077,0.570163,#
1,0.585874,1.000000,0.678505,0.612237,0.551799,0.719811,0.502626,0.637098,0.747879,0.588103,0.672535,0.474835,0.568485,0.571643,0.548155,0.657644,0.567381,0.548049,0.637999,0.559752,0.668555,0.732230,0.561700,0.594593,0.538331,0.560514,0.692901,0.713837,0.535817,0.562411,0.694013,0.623115,0.606093,0.703823,0.626122,0.631800,0.521810,0.725785,0.741663,0.555827,0.583623,0.516681,0.579978,0.527231,0.603112,0.537925,0.549640,0.552315,0.657357,0.556565,0.554055,0.726171,0.590550,0.605497,0.754909,0.593041,0.662827,0.606194,0.557848,0.519986,0.691842,0.490487,0.541153,0.570345,0.641156,0.565415,0.715111,0.531795,0.605021,0.643953,0.580481,0.637680,0.688132,0.658414,0.615756,0.693970,0.436972,0.532554,0.603429,0.573581,0.640415,0.592791,0.656310,0.588157,0.640742,0.597704,0.594117,0.658083,0.616597,0.585677,0.587286,0.491397,0.652845,0.669697,0.596102,0.457072,0.492614,0.599904,0.630484,0.686704,0.672417,0.608374,0.516294,0.581731,0.596145,0.666094,0.510101,0.573963,0.638947,0.558975,0.593550,0.590822,0.544637,0.589934,0.570835,0.524189,0.506195,0.653971,0.578659,0.597575,0.576016,0.531629,0.419671,0.606294,0.610178,0.568783,0.548157,0.560494,0.587273,0.609085,0.570421,0.678787,0.537069,0.561382,0.712986,0.536654,0.532274,0.607013,0.587828,0.598069,0.686494,0.613463,0.628798,0.678420,0.547219,0.562434,0.640245,0.574793,0.679572,0.562428,0.700944,0.687333,0.690041,0.539733,0.616210,0.589594,0.637922,0.598748,0.552414,0.654799,0.625810,0.619234,0.633506,0.651143,0.612668,0.471725,0.620163,0.555406,0.492074,0.500145,0.659111,0.486845,0.636006,0.617017,0.646085,0.558466,0.619487,0.748900,0.452349,0.633694,0.608799,0.615371,0.466585,0.717457,0.608467,0.707223,0.658015,0.476256,0.633619,0.628311,0.557588,0.619632,0.599102,0.636894,0.666073,0.520833,0.498706,0.642030,0.552667,0.529176,#
2,0.566292,0.678505,1.000000,0.550598,0.414469,0.617676,0.492482,0.515390,0.684947,0.444665,0.525676,0.386493,0.414591,0.474010,0.459699,0.604848,0.438044,0.533433,0.416102,0.485327,0.409204,0.551001,0.410216,0.638133,0.466254,0.470030,0.625235,0.651617,0.654945,0.517735,0.670293,0.540839,0.470507,0.469497,0.510426,0.486658,0.470693,0.591238,0.629151,0.510924,0.429997,0.538039,0.576439,0.461809,0.402510,0.419389,0.644372,0.436634,0.551741,0.568049,0.587316,0.660980,0.584638,0.596040,0.699934,0.532278,0.603431,0.490273,0.500344,0.459687,0.680853,0.471614,0.458717,0.531740,0.513652,0.484296,0.566126,0.546907,0.487685,0.604488,0.449922,0.526366,0.619378,0.543120,0.496703,0.625836,0.427890,0.345601,0.522883,0.514430,0.552417,0.638839,0.582856,0.579777,0.625868,0.549267,0.471078,0.734227,0.551508,0.500896,0.511847,0.437895,0.656225,0.582929,0.505970,0.555296,0.529635,0.501165,0.680777,0.601179,0.485066,0.448822,0.460372,0.444734,0.381486,0.604927,0.549974,0.537344,0.482071,0.437000,0.575449,0.458075,0.504111,0.527646,0.484127,0.447867,0.552393,0.659996,0.583112,0.411825,0.560265,0.462491,0.396834,0.627057,0.535513,0.453185,0.529971,0.617453,0.498253,0.623909,0.615905,0.561684,0.644143,0.587190,0.610314,0.614538,0.564175,0.554777,0.653609,0.569692,0.486664,0.559918,0.469913,0.413233,0.506159,0.615002,0.413733,0.568071,0.433368,0.459314,0.616140,0.576792,0.513860,0.586724,0.596172,0.489725,0.573876,0.397593,0.491184,0.475387,0.455488,0.455674,0.496615,0.521972,0.463258,0.522550,0.581617,0.491238,0.452364,0.445131,0.572254,0.408089,0.545574,0.509444,0.579222,0.549372,0.491086,0.611655,0.445553,0.467924,0.530138,0.587878,0.261687,0.659534,0.526622,0.550712,0.500086,0.356385,0.582866,0.577767,0.531230,0.576848,0.734437,0.553195,0.502362,0.487794,0.459674,0.615698,0.440612,0.652785,#
3,0.577933,0.612237,0.550598,1.000000,0.627705,0.684106,0.567914,0.543482,0.660007,0.551891,0.642084,0.459837,0.554642,0.543669,0.439246,0.661621,0.545932,0.599173,0.613272,0.530462,0.535069,0.483888,0.393530,0.513382,0.519777,0.638430,0.588255,0.607869,0.449957,0.544693,0.651054,0.695597,0.508066,0.585916,0.644653,0.545091,0.463276,0.652262,0.484387,0.696562,0.580302,0.535295,0.589671,0.724708,0.494315,0.619516,0.706067,0.420414,0.640078,0.437482,0.703082,0.617457,0.590881,0.470782,0.603081,0.661458,0.570791,0.545987,0.613429,0.682689,0.554439,0.420095,0.538859,0.614833,0.712161,0.527457,0.531937,0.608700,0.399562,0.441834,0.444340,0.622531,0.606607,0.634362,0.456919,0.623697,0.411634,0.502798,0.524743,0.630573,0.733321,0.507870,0.501879,0.552387,0.572906,0.703094,0.656669,0.528341,0.570037,0.562921,0.576520,0.511783,0.578610,0.664918,0.461723,0.537657,0.394725,0.467537,0.587234,0.603525,0.489075,0.585227,0.500761,0.405757,0.649128,0.528487,0.411634,0.458823,0.590542,0.468989,0.539571,0.518532,0.433467,0.599626,0.586910,0.693203,0.360062,0.530853,0.538330,0.445812,0.535193,0.627604,0.465835,0.530332,0.559534,0.678863,0.513472,0.604677,0.473629,0.531002,0.607982,0.568711,0.562835,0.546592,0.602196,0.620975,0.596809,0.605183,0.485481,0.601819,0.472546,0.630610,0.601342,0.486429,0.606808,0.689223,0.522228,0.609553,0.546215,0.477558,0.635249,0.645580,0.491548,0.644137,0.543862,0.473725,0.676755,0.503157,0.552075,0.557888,0.567609,0.551925,0.528700,0.492454,0.515185,0.558727,0.606753,0.515864,0.560750,0.400832,0.573108,0.532707,0.603867,0.617023,0.608857,0.492165,0.665911,0.599342,0.516895,0.544544,0.542761,0.624331,0.408636,0.631091,0.642175,0.661803,0.591874,0.396569,0.571656,0.720923,0.556320,0.490029,0.505809,0.516981,0.606646,0.666174,0.525761,0.628170,0.467779,0.517154,#
4,0.440934,0.551799,0.414469,0.627705,1.000000,0.701192,0.594082,0.502151,0.509331,0.443492,0.412778,0.580125,0.505548,0.514919,0.353161,0.582150,0.638081,0.709541,0.575151,0.622525,0.599596,0.465812,0.320605,0.550726,0.545377,0.593810,0.542078,0.484173,0.428206,0.475865,0.692408,0.579691,0.514163,0.417711,0.528444,0.480232,0.519542,0.628196,0.431190,0.560780,0.587758,0.409368,0.392398,0.548340,0.401913,0.610997,0.512383,0.519994,0.673156,0.514670,0.589778,0.503668,0.581686,0.406834,0.606357,0.605768,0.490522,0.503581,0.554995,0.498440,0.505096,0.407827,0.483350,0.483784,0.551618,0.568067,0.619400,0.476641,0.433989,0.488041,0.441857,0.639849,0.518579,0.617833,0.443234,0.404847,0.330193,0.492399,0.530488,0.566258,0.502617,0.481139,0.541722,0.478324,0.519218,0.466432,0.432263,0.427890,0.460993,0.566105,0.514023,0.441934,0.465474,0.601135,0.362704,0.484632,0.456161,0.335939,0.391038,0.565605,0.593971,0.576143,0.564586,0.416596,0.544296,0.514303,0.516637,0.511646,0.624085,0.453145,0.453822,0.484411,0.346050,0.643367,0.545552,0.453102,0.532188,0.583455,0.520099,0.276797,0.476745,0.497811,0.611147,0.528126,0.523197,0.638404,0.432739,0.553037,0.604895,0.484278,0.638991,0.517474,0.513495,0.517890,0.671384,0.565116,0.582289,0.590230,0.489199,0.460477,0.470662,0.519141,0.608492,0.513751,0.490046,0.441425,0.555849,0.607413,0.470766,0.497720,0.676249,0.656786,0.407235,0.444511,0.625790,0.577154,0.662911,0.399537,0.512884,0.444834,0.471310,0.399231,0.670647,0.440923,0.569187,0.457700,0.447760,0.387182,0.517289,0.438040,0.489933,0.496099,0.599915,0.492763,0.624055,0.545886,0.647001,0.579248,0.460132,0.539516,0.598164,0.474987,0.492059,0.510540,0.620570,0.582684,0.558416,0.621964,0.552717,0.528818,0.396776,0.473061,0.493629,0.567903,0.472663,0.516762,0.452520,0.610159,0.556681,0.351911,#
5,0.552860,0.719811,0.617676,0.684106,0.701192,1.000000,0.532281,0.608355,0.700251,0.447371,0.536220,0.556531,0.451594,0.468116,0.576457,0.707006,0.645393,0.610474,0.542360,0.640364,0.629071,0.675607,0.401332,0.552283,0.497487,0.651515,0.727051,0.599329,0.495611,0.492849,0.722339,0.677119,0.576286,0.516199,0.628759,0.593460,0.572477,0.663831,0.600515,0.549838,0.658800,0.518526,0.522100,0.573317,0.553017,0.690279,0.613758,0.477816,0.681691,0.434890,0.668003,0.651266,0.565901,0.664422,0.629291,0.734314,0.602480,0.596865,0.664010,0.596561,0.677786,0.525259,0.633753,0.668814,0.622513,0.572941,0.669233,0.549259,0.457590,0.623175,0.537356,0.609566,0.678214,0.639865,0.487938,0.600413,0.522658,0.399825,0.552607,0.655337,0.634571,0.608882,0.626774,0.569584,0.576943,0.622525,0.628991,0.642863,0.584928,0.566711,0.515132,0.501278,0.602822,0.726365,0.542551,0.513432,0.560606,0.457471,0.639580,0.572932,0.627481,0.627643,0.693868,0.525470,0.605429,0.624155,0.532373,0.525247,0.578161,0.572494,0.579470,0.639884,0.502862,0.554072,0.453672,0.541260,0.636167,0.639414,0.506655,0.501488,0.565104,0.584892,0.521864,0.681828,0.609503,0.644243,0.549607,0.674644,0.607790,0.664718,0.717639,0.636833,0.655029,0.626219,0.673281,0.580199,0.672411,0.622446,0.502691,0.663848,0.588029,0.563634,0.601415,0.624790,0.662061,0.589261,0.600935,0.620136,0.601254,0.640785,0.667369,0.691423,0.497321,0.559772,0.719521,0.459484,0.713159,0.498102,0.564606,0.530359,0.547308,0.587522,0.634663,0.537628,0.641101,0.515223,0.484435,0.581116,0.511090,0.548636,0.591311,0.571859,0.654680,0.581011,0.749077,0.540980,0.582887,0.645795,0.518468,0.564247,0.620832,0.595282,0.462700,0.611112,0.707206,0.706349,0.700168,0.461234,0.557963,0.722034,0.449937,0.611556,0.555620,0.573671,0.445523,0.552059,0.494018,0.585021,0.507432,0.489929,#
6,0.553133,0.502626,0.492482,0.567914,0.594082,0.532281,1.000000,0.436518,0.558704,0.473612,0.485322,0.510120,0.533190,0.615836,0.311184,0.569045,0.573455,0.619997,0.596709,0.442671,0.679443,0.454574,0.335885,0.552461,0.488192,0.588881,0.540396,0.478236,0.396150,0.529603,0.560396,0.620440,0.507875,0.564364,0.568683,0.547463,0.516734,0.532414,0.485114,0.662743,0.518452,0.649752,0.468033,0.531753,0.545410,0.402735,0.595952,0.388960,0.703417,0.567383,0.653563,0.657314,0.593713,0.372147,0.662958,0.615525,0.534296,0.643700,0.647342,0.561568,0.534607,0.496165,0.402762,0.501533,0.618811,0.529205,0.728763,0.533061,0.609248,0.538926,0.411191,0.634365,0.603278,0.625634,0.457903,0.482258,0.454346,0.532709,0.579719,0.464746,0.429590,0.650250,0.512205,0.677150,0.506231,0.532520,0.467783,0.519803,0.642642,0.548490,0.526555,0.493119,0.461634,0.612895,0.491258,0.513959,0.458783,0.494831,0.536614,0.547060,0.597728,0.526948,0.492219,0.522111,0.638887,0.455736,0.624729,0.485934,0.565827,0.569178,0.402383,0.481261,0.443893,0.570415,0.475375,0.473453,0.552362,0.639574,0.539307,0.426214,0.475969,0.553193,0.491010,0.651715,0.635399,0.621508,0.560184,0.572892,0.359205,0.428159,0.596404,0.490131,0.536830,0.487173,0.581393,0.500337,0.626135,0.595215,0.624213,0.551607,0.622240,0.602214,0.588330,0.572614,0.502537,0.558309,0.488465,0.493926,0.454166,0.519909,0.632918,0.657861,0.516071,0.591955,0.551402,0.529352,0.606706,0.459203,0.628893,0.589205,0.611495,0.564269,0.542686,0.541962,0.604454,0.535848,0.608668,0.406633,0.506099,0.570582,0.529831,0.464349,0.583507,0.525657,0.494448,0.593156,0.606379,0.528112,0.564239,0.583748,0.565856,0.508841,0.526812,0.645485,0.496503,0.583642,0.534437,0.634647,0.474341,0.547420,0.371073,0.568203,0.623224,0.612638,0.590498,0.500564,0.505085,0.634396,0.565354,0.558413,#
7,0.608241,0.637098,0.515390,0.543482,0.502151,0.608355,0.436518,1.000000,0.674610,0.480342,0.617937,0.555486,0.471603,0.519847,0.478741,0.617283,0.536034,0.555701,0.591113,0.507953,0.578980,0.516590,0.686714,0.576403,0.545341,0.599148,0.576681,0.567307,0.510285,0.574312,0.598839,0.618546,0.476073,0.582967,0.596675,0.498408,0.644836,0.559498,0.481327,0.488561,0.651874,0.510504,0.470987,0.513385,0.498705,0.487734,0.518325,0.612776,0.604888,0.425557,0.663817,0.621254,0.605538,0.610225,0.599221,0.553571,0.621423,0.684745,0.530016,0.568536,0.561524,0.449668,0.648038,0.537347,0.640200,0.569326,0.701459,0.581469,0.567927,0.480742,0.582759,0.340830,0.611887,0.673492,0.491579,0.543928,0.574451,0.458140,0.539175,0.512095,0.579529,0.547209,0.594471,0.518175,0.599925,0.543367,0.680937,0.555567,0.514930,0.514904,0.580709,0.570833,0.473125,0.629472,0.578026,0.493349,0.546121,0.560691,0.567782,0.640657,0.654413,0.504863,0.608165,0.512709,0.587514,0.533643,0.557127,0.596719,0.573411,0.414291,0.642584,0.538009,0.528911,0.590517,0.511821,0.604854,0.483114,0.558843,0.451404,0.562729,0.522438,0.534788,0.442283,0.624341,0.644280,0.645036,0.520641,0.723534,0.416261,0.468785,0.538804,0.419672,0.510204,0.413648,0.684053,0.660230,0.671665,0.613422,0.506351,0.628755,0.536599,0.524240,0.612602,0.449411,0.560048,0.516238,0.564546,0.457669,0.593969,0.504148,0.611073,0.545495,0.600070,0.618614,0.631672,0.632810,0.601581,0.566253,0.580871,0.518502,0.582008,0.534423,0.698020,0.436783,0.627641,0.529943,0.550187,0.603131,0.538571,0.466668,0.648909,0.571968,0.533759,0.604472,0.556026,0.557166,0.571591,0.516789,0.460058,0.586406,0.493602,0.522034,0.461312,0.569692,0.572507,0.594175,0.617334,0.438946,0.524510,0.618540,0.548728,0.611434,0.527308,0.522727,0.545757,0.487108,0.552535,0.596498,0.651212,0.513344,#
8,0.581203,0.747879,0.684947,0.660007,0.509331,0.700251,0.558704,0.674610,1.000000,0.579528,0.640915,0.589236,0.642851,0.570370,0.492265,0.659708,0.569239,0.659119,0.548379,0.592453,0.597172,0.672287,0.552551,0.571152,0.388239,0.632695,0.606896,0.673755,0.581850,0.588805,0.660010,0.661295,0.519919,0.623579,0.662178,0.630874,0.558351,0.673046,0.595406,0.582572,0.568503,0.577538,0.647497,0.553901,0.598818,0.478535,0.598180,0.489773,0.674409,0.550652,0.693350,0.698299,0.563099,0.672598,0.725046,0.683451,0.607276,0.663580,0.639317,0.525052,0.668869,0.604619,0.612625,0.590329,0.629401,0.625873,0.703424,0.616705,0.618295,0.611829,0.533926,0.591145,0.745357,0.740199,0.544766,0.627435,0.553911,0.628150,0.493164,0.664875,0.603909,0.589865,0.654862,0.648256,0.647659,0.629346,0.569338,0.652572,0.518957,0.480399,0.554919,0.565158,0.686411,0.528857,0.623458,0.528928,0.537669,0.588882,0.709493,0.642981,0.598801,0.663133,0.694443,0.584521,0.606323,0.600077,0.621129,0.640090,0.554026,0.555396,0.606005,0.604216,0.607752,0.652760,0.535262,0.603914,0.556815,0.596199,0.613837,0.636545,0.539271,0.477563,0.499951,0.637302,0.620839,0.679481,0.557066,0.715334,0.505130,0.575376,0.588884,0.458371,0.582981,0.597993,0.728819,0.594157,0.633473,0.672463,0.543609,0.691226,0.667183,0.699406,0.686064,0.573683,0.651061,0.547836,0.557760,0.448098,0.587094,0.628771,0.693380,0.669000,0.641421,0.774355,0.553749,0.612296,0.699502,0.562207,0.696575,0.709422,0.641312,0.607521,0.670985,0.654227,0.643914,0.471360,0.524738,0.633770,0.615046,0.618823,0.657879,0.477883,0.586392,0.568232,0.676013,0.610293,0.565859,0.719390,0.498308,0.418452,0.608133,0.675764,0.491445,0.762966,0.639443,0.652552,0.685400,0.429608,0.562726,0.678051,0.628094,0.640626,0.679058,0.624265,0.601187,0.601147,0.674499,0.554137,0.573696,0.665190,#
9,0.520536,0.588103,0.444665,0.551891,0.443492,0.447371,0.473612,0.480342,0.579528,1.000000,0.534992,0.344291,0.489879,0.554232,0.479314,0.474464,0.527875,0.580498,0.546930,0.426744,0.672376,0.535243,0.458216,0.531942,0.454431,0.530027,0.510637,0.682292,0.345831,0.732544,0.497817,0.484338,0.576472,0.575753,0.624326,0.525972,0.448553,0.545561,0.498910,0.647516,0.575544,0.703752,0.459559,0.465008,0.551506,0.468739,0.433626,0.479021,0.585750,0.397540,0.552467,0.616631,0.380096,0.447035,0.583352,0.614286,0.537642,0.672528,0.489700,0.532354,0.618363,0.488440,0.490551,0.531943,0.600456,0.661900,0.674423,0.579103,0.540303,0.406615,0.435886,0.531307,0.503597,0.588401,0.563733,0.655809,0.373215,0.653078,0.506366,0.668566,0.556214,0.521682,0.460510,0.656421,0.520659,0.492245,0.503951,0.502425,0.522100,0.391675,0.488986,0.393014,0.633864,0.556590,0.553143,0.502793,0.406850,0.481602,0.456171,0.608698,0.582228,0.541378,0.528969,0.532685,0.571531,0.596432,0.522746,0.563633,0.630734,0.574212,0.575133,0.546551,0.517318,0.534613,0.447641,0.626194,0.274837,0.588473,0.460869,0.442372,0.469631,0.501172,0.511496,0.563783,0.543095,0.566513,0.605332,0.500699,0.504659,0.386335,0.440511,0.561529,0.524132,0.521803,0.566878,0.467264,0.469262,0.621564,0.499912,0.618141,0.548942,0.719422,0.610448,0.540529,0.646239,0.573835,0.552403,0.615722,0.498639,0.417123,0.493881,0.529115,0.507030,0.565506,0.502345,0.574600,0.557856,0.589377,0.475594,0.653541,0.581373,0.591971,0.559477,0.586084,0.507948,0.527893,0.414370,0.503685,0.580036,0.456471,0.569213,0.563440,0.579496,0.557366,0.639588,0.670125,0.497463,0.586153,0.443864,0.589906,0.569272,0.520252,0.525492,0.571649,0.591422,0.752264,0.528855,0.416702,0.579030,0.536220,0.537984,0.605805,0.450203,0.582192,0.576396,0.530169,0.501786,0.486282,0.504889,0.432261,#
10,0.598408,0.672535,0.525676,0.642084,0.412778,0.536220,0.485322,0.617937,0.640915,0.534992,1.000000,0.580523,0.625387,0.574172,0.408167,0.589600,0.540826,0.563228,0.701616,0.514614,0.588425,0.556524,0.572570,0.607815,0.473025,0.601648,0.553729,0.652982,0.564472,0.613059,0.551909,0.586886,0.503624,0.611410,0.625124,0.627857,0.592821,0.652293,0.661031,0.549684,0.533341,0.572813,0.552518,0.602700,0.487919,0.647818,0.611555,0.540111,0.658476,0.509506,0.588010,0.625215,0.562240,0.478196,0.697987,0.556974,0.648342,0.681128,0.525698,0.553764,0.661030,0.537643,0.633412,0.601909,0.684939,0.514623,0.565707,0.531737,0.592097,0.626180,0.498530,0.573135,0.717460,0.526229,0.490855,0.672089,0.541284,0.651008,0.636825,0.558010,0.650767,0.627461,0.543307,0.631730,0.533668,0.496925,0.694938,0.598290,0.574292,0.576193,0.475970,0.513705,0.672357,0.630115,0.518181,0.557502,0.424312,0.589837,0.612946,0.740084,0.612601,0.480198,0.572090,0.628467,0.669250,0.618382,0.399289,0.605178,0.591531,0.595756,0.663497,0.495115,0.589022,0.547855,0.499273,0.556590,0.381098,0.535950,0.615486,0.593639,0.555054,0.685388,0.354910,0.650227,0.485056,0.640112,0.655068,0.612707,0.570865,0.520950,0.556251,0.496016,0.552966,0.505001,0.611796,0.601045,0.562861,0.530602,0.562736,0.640825,0.736567,0.654448,0.556711,0.644765,0.603998,0.550962,0.503115,0.517016,0.581618,0.453824,0.620339,0.628392,0.653940,0.492400,0.650465,0.581961,0.708436,0.671272,0.548385,0.591082,0.750236,0.572083,0.637802,0.562563,0.649205,0.495790,0.645262,0.486628,0.540785,0.561314,0.688026,0.568783,0.527494,0.534878,0.567046,0.585191,0.628217,0.667193,0.423110,0.628947,0.603714,0.483833,0.574234,0.592769,0.592254,0.618613,0.528255,0.600964,0.525454,0.751506,0.576074,0.545817,0.540677,0.667539,0.590804,0.625432,0.553809,0.670604,0.613701,0.623333,#
11,0.605356,0.474835,0.386493,0.459837,0.580125,0.556531,0.510120,0.555486,0.589236,0.344291,0.580523,1.000000,0.661080,0.514896,0.389710,0.568856,0.513768,0.640365,0.576372,0.484548,0.513100,0.473019,0.552769,0.544338,0.386902,0.553296,0.526972,0.428779,0.527778,0.432967,0.518473,0.514891,0.540441,0.467186,0.499268,0.514392,0.573842,0.638325,0.420820,0.556546,0.447658,0.488765,0.423803,0.566320,0.469053,0.531194,0.585470,0.559691,0.521286,0.516114,0.617686,0.510954,0.525490,0.418671,0.627997,0.617854,0.486756,0.488179,0.513138,0.524157,0.535747,0.390239,0.656693,0.529138,0.600061,0.529213,0.567356,0.479588,0.579349,0.592773,0.560278,0.562680,0.629437,0.649946,0.502778,0.477579,0.522278,0.569047,0.530265,0.416169,0.576664,0.465876,0.462663,0.490743,0.487360,0.471297,0.374679,0.491439,0.335377,0.376956,0.594209,0.478646,0.486233,0.494948,0.413768,0.579479,0.548703,0.528305,0.497476,0.529023,0.519781,0.565961,0.560719,0.507652,0.591898,0.557015,0.463809,0.549391,0.642793,0.516300,0.586924,0.551750,0.568592,0.547960,0.330323,0.532231,0.476197,0.529169,0.539848,0.553070,0.365860,0.534951,0.469227,0.601396,0.527880,0.656825,0.599452,0.594260,0.548271,0.451646,0.596377,0.352182,0.540001,0.494144,0.598705,0.501168,0.565212,0.477955,0.503627,0.481984,0.631264,0.523144,0.498952,0.563908,0.536361,0.351268,0.674297,0.477414,0.475647,0.573458,0.546329,0.531908,0.568542,0.464053,0.551515,0.492525,0.672688,0.538010,0.588194,0.511845,0.517004,0.519206,0.732584,0.489571,0.707320,0.331759,0.491929,0.375047,0.496100,0.617081,0.546869,0.435123,0.544539,0.636461,0.535002,0.610082,0.535441,0.517051,0.404181,0.553023,0.544147,0.447849,0.555265,0.507147,0.662017,0.437573,0.474533,0.650956,0.446697,0.583995,0.465879,0.606351,0.462099,0.535492,0.466798,0.584533,0.586415,0.559029,0.558496,0.337412,#
12,0.578371,0.568485,0.414591,0.554642,0.505548,0.451594,0.533190,0.471603,0.642851,0.489879,0.625387,0.661080,1.000000,0.521347,0.415599,0.468243,0.498357,0.601463,0.596934,0.501293,0.569217,0.411587,0.607660,0.582558,0.513488,0.503181,0.474759,0.501959,0.576075,0.475397,0.520841,0.518259,0.503837,0.578748,0.581142,0.620893,0.471386,0.588294,0.545525,0.544592,0.364962,0.454243,0.369488,0.594764,0.479830,0.455284,0.603471,0.446918,0.575827,0.561023,0.706481,0.586528,0.540413,0.527863,0.688312,0.592728,0.461821,0.588846,0.520449,0.501253,0.483688,0.354830,0.488434,0.488391,0.632302,0.553536,0.618129,0.420740,0.526742,0.548899,0.489866,0.581812,0.598311,0.662663,0.591878,0.547917,0.523775,0.612261,0.571898,0.595902,0.495685,0.482139,0.616569,0.563472,0.445499,0.580675,0.453765,0.554579,0.486143,0.459283,0.613223,0.529521,0.573562,0.391846,0.379463,0.519834,0.602095,0.556443,0.534628,0.531859,0.487916,0.652561,0.560138,0.523869,0.604011,0.462680,0.425684,0.475956,0.611049,0.532172,0.491236,0.547861,0.460448,0.564145,0.685616,0.558140,0.376427,0.462265,0.610001,0.516502,0.417103,0.501508,0.438747,0.570376,0.511889,0.675300,0.560496,0.510878,0.528125,0.438047,0.487930,0.385711,0.444509,0.428115,0.562730,0.564090,0.469777,0.535904,0.419162,0.416391,0.730310,0.685377,0.553331,0.627379,0.538300,0.314704,0.602512,0.478222,0.588886,0.670715,0.494701,0.560716,0.509720,0.482106,0.411299,0.614159,0.725120,0.646221,0.656638,0.649304,0.628878,0.548179,0.552974,0.547212,0.648829,0.319361,0.486723,0.559280,0.439475,0.513243,0.600052,0.429683,0.609149,0.555141,0.552075,0.424909,0.691544,0.694712,0.445279,0.515633,0.507819,0.565438,0.584685,0.517102,0.471692,0.491506,0.526120,0.535080,0.561941,0.616418,0.483467,0.556303,0.392580,0.609644,0.457385,0.617620,0.531861,0.569274,0.598003,0.394586,#
13,0.548991,0.571643,0.474010,0.543669,0.514919,0.468116,0.615836,0.519847,0.570370,0.554232,0.574172,0.514896,0.521347,1.000000,0.317462,0.569142,0.470170,0.630359,0.606390,0.425011,0.582361,0.481116,0.595643,0.526536,0.510379,0.554212,0.386921,0.609504,0.529143,0.578556,0.416140,0.543509,0.570416,0.658512,0.365956,0.433508,0.607369,0.646855,0.630358,0.588715,0.709052,0.464701,0.477920,0.539619,0.636135,0.472122,0.566298,0.524226,0.657762,0.590064,0.599297,0.747236,0.440932,0.450980,0.657591,0.655035,0.551700,0.574688,0.572251,0.537356,0.646076,0.485567,0.480010,0.567629,0.594662,0.589768,0.620273,0.486409,0.567507,0.476720,0.456260,0.623709,0.469085,0.706954,0.586241,0.560660,0.507659,0.533179,0.617295,0.496985,0.550584,0.522118,0.585626,0.591989,0.508761,0.557986,0.399972,0.438103,0.650693,0.517522,0.475377,0.548460,0.524554,0.548981,0.545884,0.477717,0.527748,0.471118,0.464624,0.656850,0.578262,0.524499,0.494434,0.685023,0.648468,0.662948,0.484510,0.626833,0.570802,0.483981,0.591947,0.582669,0.502206,0.589298,0.509905,0.622896,0.417099,0.643136,0.590909,0.487143,0.530244,0.560117,0.332781,0.528485,0.543652,0.556437,0.569803,0.496826,0.514000,0.417294,0.592362,0.446540,0.490174,0.454868,0.603194,0.573006,0.537806,0.612063,0.684073,0.461525,0.538796,0.661395,0.658406,0.537684,0.515479,0.503521,0.531362,0.582481,0.549305,0.524620,0.611357,0.595785,0.466311,0.655208,0.479215,0.536926,0.673096,0.579977,0.623563,0.553813,0.626994,0.605579,0.491290,0.611250,0.595615,0.479476,0.579343,0.511255,0.622007,0.483303,0.560445,0.556911,0.656687,0.554435,0.661469,0.616674,0.623357,0.675339,0.501165,0.559088,0.554653,0.488197,0.617853,0.558503,0.596566,0.575083,0.493621,0.579420,0.475244,0.567597,0.509496,0.559618,0.558832,0.596128,0.604460,0.361777,0.617476,0.623967,0.568788,0.498575,#
14,0.390329,0.548155,0.459699,0.439246,0.353161,0.576457,0.311184,0.478741,0.492265,0.479314,0.408167,0.389710,0.415599,0.317462,1.000000,0.423480,0.441279,0.336147,0.320676,0.329935,0.476033,0.433714,0.332964,0.521446,0.382709,0.309789,0.497334,0.480152,0.336133,0.485157,0.529813,0.454113,0.456617,0.425636,0.461685,0.361279,0.351198,0.488411,0.486625,0.302942,0.442421,0.446053,0.513818,0.409537,0.364959,0.463173,0.376678,0.309234,0.338270,0.201908,0.477394,0.464758,0.221443,0.590151,0.443830,0.552143,0.470775,0.378465,0.481113,0.353084,0.536970,0.440635,0.425362,0.376663,0.453435,0.327299,0.500546,0.398102,0.490968,0.492103,0.310392,0.388460,0.437948,0.415123,0.494728,0.474482,0.281716,0.360424,0.362210,0.336712,0.478548,0.445617,0.463697,0.488984,0.438942,0.514855,0.401702,0.447805,0.483949,0.272263,0.361435,0.226208,0.469708,0.560064,0.451024,0.353888,0.588169,0.416225,0.431979,0.380579,0.486169,0.439039,0.489684,0.247127,0.457969,0.530439,0.361389,0.359691,0.552110,0.342099,0.492366,0.551924,0.510986,0.381080,0.288187,0.485529,0.227851,0.457412,0.299238,0.441360,0.385027,0.478534,0.287223,0.472229,0.592905,0.243237,0.467686,0.592084,0.299879,0.335084,0.413871,0.414725,0.425518,0.410588,0.434029,0.412237,0.515487,0.422317,0.388716,0.556248,0.440475,0.531023,0.275171,0.515675,0.478402,0.446643,0.623381,0.502453,0.443760,0.265033,0.432026,0.422206,0.219804,0.323982,0.510262,0.392423,0.450198,0.386068,0.392146,0.467222,0.494417,0.348409,0.442693,0.425440,0.330073,0.194899,0.226830,0.423582,0.221256,0.474998,0.405815,0.393553,0.491159,0.544555,0.536237,0.496069,0.457615,0.473363,0.301004,0.386367,0.374034,0.470007,0.507714,0.516179,0.507050,0.486347,0.598499,0.281411,0.452537,0.495799,0.280214,0.471350,0.482823,0.481048,0.239427,0.462812,0.366409,0.353919,0.312591,0.343386,#
15,0.579194,0.657644,0.604848,0.661621,0.582150,0.707006,0.569045,0.617283,0.659708,0.474464,0.589600,0.568856,0.468243,0.569142,0.423480,1.000000,0.549323,0.628962,0.611423,0.560716,0.549021,0.617317,0.476060,0.582416,0.551911,0.632557,0.654454,0.561186,0.481044,0.563802,0.688738,0.647451,0.558116,0.620944,0.598009,0.597724,0.661226,0.621865,0.663861,0.575156,0.569005,0.599217,0.605331,0.538681,0.650985,0.553428,0.715742,0.642844,0.684048,0.570861,0.697162,0.652604,0.612867,0.552667,0.627467,0.615880,0.660570,0.572607,0.573225,0.507207,0.675849,0.491940,0.531093,0.690643,0.677461,0.579488,0.646453,0.585034,0.514673,0.477593,0.549049,0.539795,0.543622,0.585836,0.630893,0.511341,0.498994,0.565125,0.637140,0.619853,0.634515,0.587755,0.518259,0.592008,0.655563,0.693334,0.515997,0.590904,0.528165,0.514677,0.551346,0.477694,0.622382,0.596438,0.427079,0.548429,0.453426,0.525349,0.464433,0.562476,0.685811,0.541921,0.631505,0.540923,0.534633,0.632906,0.577096,0.595988,0.584615,0.577916,0.508508,0.495771,0.592538,0.586093,0.460895,0.594578,0.527144,0.628832,0.625861,0.539080,0.545433,0.511329,0.437253,0.639894,0.580947,0.595188,0.644060,0.561539,0.631035,0.600538,0.616166,0.454128,0.616064,0.406266,0.587809,0.534006,0.576699,0.521945,0.709166,0.681920,0.566939,0.595705,0.561714,0.549101,0.600285,0.588837,0.557660,0.548142,0.578357,0.581615,0.642555,0.605786,0.635430,0.583513,0.593840,0.524646,0.680597,0.514769,0.628895,0.548471,0.568952,0.655531,0.632079,0.444247,0.636809,0.524992,0.600204,0.599557,0.583456,0.544973,0.508321,0.639252,0.554414,0.624555,0.679939,0.675453,0.612735,0.594693,0.494332,0.578217,0.573963,0.602884,0.475486,0.610294,0.660814,0.656738,0.512773,0.417345,0.551317,0.718187,0.624686,0.627087,0.531770,0.587332,0.596297,0.551898,0.601033,0.643925,0.617384,0.596311,#
16,0.589449,0.567381,0.438044,0.545932,0.638081,0.645393,0.573455,0.536034,0.569239,0.527875,0.540826,0.513768,0.498357,0.470170,0.441279,0.549323,1.000000,0.629481,0.629955,0.465888,0.646020,0.613023,0.339447,0.535663,0.500465,0.697990,0.582818,0.387375,0.389401,0.488608,0.677795,0.580634,0.628553,0.539213,0.529113,0.564518,0.578072,0.555691,0.545590,0.591327,0.539408,0.596483,0.451290,0.439865,0.535632,0.645835,0.496403,0.472424,0.608296,0.512358,0.544427,0.558104,0.558887,0.645716,0.650929,0.727051,0.458499,0.624635,0.656910,0.527229,0.590318,0.515742,0.489475,0.558380,0.636980,0.443416,0.645551,0.573519,0.619391,0.677699,0.507811,0.627349,0.630986,0.618608,0.518069,0.560475,0.542900,0.541710,0.618792,0.638687,0.612505,0.632033,0.583810,0.554817,0.551343,0.494940,0.598691,0.519249,0.562822,0.483445,0.511597,0.452894,0.556317,0.674806,0.495612,0.651980,0.549877,0.425035,0.590839,0.534546,0.641328,0.505843,0.603641,0.502760,0.547059,0.705030,0.587643,0.512526,0.665627,0.539646,0.594147,0.641500,0.612241,0.622746,0.520923,0.662622,0.593340,0.605841,0.552418,0.390320,0.383022,0.587205,0.478056,0.577927,0.544759,0.653727,0.573414,0.552459,0.553587,0.380458,0.611815,0.499537,0.651114,0.454293,0.621079,0.612713,0.513890,0.566154,0.546227,0.591628,0.582360,0.590585,0.660528,0.624924,0.470639,0.464896,0.507989,0.537578,0.521540,0.485498,0.618575,0.650214,0.467171,0.502696,0.696358,0.581949,0.647859,0.589221,0.587923,0.610795,0.459312,0.552263,0.710690,0.559749,0.575846,0.660570,0.526446,0.629481,0.552032,0.557413,0.554117,0.520393,0.505342,0.561131,0.637247,0.585954,0.469480,0.556801,0.449746,0.566119,0.588117,0.501525,0.613732,0.498515,0.629668,0.657526,0.631407,0.553477,0.500351,0.627675,0.588939,0.580266,0.580832,0.636514,0.519566,0.532375,0.477248,0.655087,0.646416,0.482822,#
17,0.564100,0.548049,0.533433,0.599173,0.709541,0.610474,0.619997,0.555701,0.659119,0.580498,0.563228,0.640365,0.601463,0.630359,0.336147,0.628962,0.629481,1.000000,0.572066,0.652073,0.601264,0.533975,0.532946,0.702507,0.645422,0.638362,0.648611,0.588694,0.509577,0.650368,0.639469,0.631771,0.446620,0.554026,0.548110,0.647974,0.619056,0.728132,0.577046,0.625283,0.587556,0.552346,0.515285,0.604679,0.525327,0.469183,0.598508,0.650549,0.702677,0.612619,0.633535,0.564542,0.592422,0.490473,0.657656,0.683635,0.571841,0.571010,0.631782,0.419906,0.637646,0.500377,0.502800,0.577405,0.626594,0.673289,0.704427,0.557139,0.570063,0.571992,0.583075,0.598450,0.648364,0.626600,0.497857,0.570340,0.613104,0.692368,0.571570,0.693317,0.566405,0.619188,0.724848,0.639816,0.572708,0.545561,0.563573,0.609625,0.526171,0.533154,0.721481,0.504735,0.579629,0.566212,0.453249,0.684471,0.570815,0.503527,0.473691,0.768820,0.659371,0.577388,0.590242,0.600868,0.611740,0.560804,0.614579,0.574062,0.554538,0.588776,0.548717,0.582850,0.587593,0.664942,0.547514,0.589774,0.535006,0.613499,0.535931,0.432829,0.560149,0.567878,0.481723,0.674736,0.612719,0.680182,0.603976,0.682992,0.588205,0.521333,0.682302,0.599930,0.619073,0.496782,0.592553,0.623268,0.615869,0.624235,0.651508,0.637231,0.640486,0.635688,0.736987,0.580150,0.608401,0.592061,0.663013,0.601266,0.625597,0.499444,0.666014,0.624816,0.543827,0.647514,0.611249,0.718810,0.808902,0.595179,0.643293,0.641980,0.619843,0.539574,0.726847,0.519131,0.672809,0.595621,0.426206,0.503979,0.595011,0.494986,0.679031,0.570834,0.611439,0.567862,0.747754,0.586602,0.619037,0.686146,0.471231,0.588627,0.564778,0.695765,0.612117,0.609005,0.743222,0.622079,0.590562,0.631536,0.499718,0.600003,0.598574,0.643611,0.593895,0.593958,0.624967,0.665694,0.620215,0.650603,0.587802,0.503274,#
18,0.617869,0.637999,0.416102,0.613272,0.575151,0.542360,0.596709,0.591113,0.548379,0.546930,0.701616,0.576372,0.596934,0.606390,0.320676,0.611423,0.629955,0.572066,1.000000,0.544629,0.634049,0.619817,0.487255,0.502881,0.490851,0.642136,0.594064,0.509701,0.473906,0.602670,0.526670,0.603213,0.578967,0.636403,0.634785,0.703082,0.588832,0.606957,0.620851,0.520980,0.659588,0.481142,0.454838,0.534023,0.595009,0.495958,0.619777,0.659664,0.672055,0.465777,0.582959,0.612702,0.608591,0.408846,0.652527,0.573468,0.536340,0.685889,0.599947,0.634965,0.614908,0.428903,0.530347,0.509557,0.729855,0.492014,0.614526,0.612925,0.472445,0.547504,0.572493,0.541562,0.629479,0.609270,0.560853,0.529561,0.523884,0.569968,0.711012,0.526186,0.581519,0.535365,0.529832,0.661453,0.574962,0.624310,0.587592,0.560038,0.612160,0.503598,0.549606,0.446179,0.624367,0.706979,0.622471,0.486769,0.486677,0.594935,0.629282,0.674075,0.623024,0.512284,0.574758,0.604436,0.643868,0.634342,0.506989,0.541604,0.719370,0.597729,0.593114,0.578124,0.582458,0.651972,0.534285,0.549551,0.533662,0.497041,0.617663,0.472704,0.534594,0.715164,0.481968,0.567243,0.521223,0.632091,0.706580,0.508746,0.646634,0.390533,0.669002,0.442973,0.544780,0.423980,0.612169,0.596802,0.627316,0.599412,0.569442,0.596784,0.609397,0.705983,0.549474,0.627426,0.572689,0.575395,0.625963,0.449716,0.556422,0.498206,0.587576,0.735381,0.564111,0.525105,0.561396,0.632482,0.678195,0.648390,0.625501,0.546077,0.622549,0.566401,0.691911,0.556133,0.688572,0.533285,0.700253,0.559717,0.479306,0.533575,0.586369,0.659279,0.610354,0.539743,0.567178,0.593812,0.631362,0.680807,0.503612,0.707650,0.601150,0.549946,0.526332,0.564865,0.625649,0.637292,0.511513,0.609145,0.508134,0.673983,0.555592,0.517749,0.448250,0.683990,0.650895,0.628962,0.564253,0.655241,0.602044,0.552275,#
19,0.386900,0.559752,0.485327,0.530462,0.622525,0.640364,0.442671,0.507953,0.592453,0.426744,0.514614,0.484548,0.501293,0.425011,0.329935,0.560716,0.465888,0.652073,0.544629,1.000000,0.549461,0.499339,0.345793,0.442014,0.401577,0.525986,0.604710,0.493282,0.545980,0.486466,0.623674,0.689822,0.423255,0.457069,0.421685,0.673217,0.436440,0.543847,0.442886,0.459877,0.517120,0.437165,0.401862,0.538600,0.447618,0.509606,0.629388,0.527146,0.579689,0.245150,0.501443,0.499852,0.483052,0.455585,0.569901,0.416929,0.614229,0.568895,0.499616,0.331737,0.542119,0.309051,0.533178,0.539880,0.506139,0.520473,0.576566,0.396043,0.475896,0.547886,0.514982,0.450353,0.550309,0.596722,0.452142,0.317455,0.303323,0.365364,0.354379,0.498165,0.536125,0.452763,0.581791,0.432913,0.457213,0.380149,0.577374,0.519398,0.559581,0.370037,0.549578,0.421864,0.536974,0.537292,0.438536,0.467183,0.545445,0.358943,0.413744,0.606547,0.553468,0.456223,0.530217,0.441462,0.520450,0.450364,0.495559,0.477142,0.497196,0.432466,0.479953,0.460488,0.434796,0.514241,0.518736,0.361470,0.513678,0.576532,0.383471,0.391219,0.466926,0.488441,0.339457,0.688886,0.517741,0.536156,0.549117,0.526078,0.680855,0.660754,0.557288,0.488280,0.572229,0.529444,0.553030,0.524944,0.506891,0.512389,0.505473,0.572231,0.573036,0.489235,0.499726,0.507007,0.502241,0.403440,0.474201,0.393551,0.546626,0.422653,0.486222,0.630116,0.432707,0.489033,0.582419,0.501080,0.714890,0.592660,0.415097,0.454491,0.495662,0.435400,0.564672,0.388361,0.557649,0.378857,0.310121,0.555789,0.461934,0.448706,0.617519,0.658870,0.505365,0.325310,0.576997,0.499224,0.556844,0.568067,0.403645,0.408110,0.447575,0.469867,0.467978,0.661024,0.561549,0.537849,0.494182,0.575839,0.544644,0.609032,0.401102,0.487994,0.442369,0.572689,0.490284,0.600197,0.450108,0.442657,0.457657,0.383259,#
20,0.637056,0.668555,0.409204,0.535069,0.599596,0.629071,0.679443,0.578980,0.597172,0.672376,0.588425,0.513100,0.569217,0.582361,0.476033,0.549021,0.646020,0.601264,0.634049,0.549461,1.000000,0.632966,0.401654,0.579128,0.542513,0.632785,0.578124,0.627696,0.483206,0.665432,0.595302,0.536216,0.531736,0.631363,0.606776,0.625594,0.543650,0.574599,0.527960,0.646744,0.608608,0.707850,0.461651,0.664397,0.659379,0.544625,0.567368,0.531641,0.679293,0.497207,0.594085,0.654919,0.543347,0.579183,0.594335,0.677454,0.589765,0.668106,0.677544,0.555556,0.666192,0.529210,0.645495,0.529956,0.699833,0.614161,0.765098,0.547132,0.623939,0.541014,0.520079,0.666320,0.575902,0.663592,0.521384,0.506641,0.495262,0.565261,0.631628,0.647016,0.479551,0.669328,0.621485,0.661915,0.510461,0.531591,0.634407,0.543709,0.664664,0.627799,0.534272,0.561036,0.500358,0.670162,0.618110,0.538236,0.463870,0.433111,0.515616,0.610824,0.729776,0.625768,0.673881,0.663178,0.695852,0.523325,0.594016,0.669437,0.643823,0.662381,0.581152,0.659454,0.525754,0.540922,0.557877,0.543304,0.559558,0.673739,0.460292,0.448660,0.566121,0.560335,0.479000,0.681727,0.614041,0.674024,0.549217,0.558905,0.531425,0.512890,0.557163,0.518099,0.609773,0.630248,0.693259,0.497735,0.541981,0.690200,0.602681,0.699463,0.633293,0.557028,0.619684,0.685543,0.617871,0.530343,0.600312,0.547853,0.627219,0.622957,0.642760,0.643106,0.624133,0.525679,0.727933,0.636207,0.668698,0.640966,0.594189,0.682415,0.641533,0.664992,0.600599,0.625794,0.735299,0.464587,0.450745,0.535629,0.586603,0.620952,0.640841,0.547279,0.698680,0.599021,0.641162,0.637221,0.579890,0.649814,0.512244,0.662170,0.566604,0.571429,0.618429,0.566753,0.564309,0.704658,0.584562,0.633922,0.497587,0.539689,0.410858,0.572936,0.519823,0.704702,0.560113,0.504909,0.610192,0.606260,0.598323,0.485028,#
21,0.537529,0.732230,0.551001,0.483888,0.465812,0.675607,0.454574,0.516590,0.672287,0.535243,0.556524,0.473019,0.411587,0.481116,0.433714,0.617317,0.613023,0.533975,0.619817,0.499339,0.632966,1.000000,0.448121,0.650108,0.360750,0.591763,0.648482,0.558825,0.370736,0.562369,0.586957,0.482718,0.588357,0.591710,0.619067,0.618881,0.520656,0.651084,0.622352,0.516780,0.635608,0.613985,0.536747,0.533388,0.602091,0.474242,0.518347,0.593488,0.591975,0.479072,0.471067,0.707489,0.493923,0.454213,0.625046,0.633836,0.579316,0.562572,0.619998,0.431654,0.654742,0.472417,0.616518,0.439528,0.689056,0.448813,0.637395,0.566882,0.516167,0.578293,0.432810,0.613478,0.542709,0.609618,0.581783,0.583150,0.439642,0.544471,0.646441,0.581520,0.469498,0.580177,0.586420,0.557087,0.682440,0.522119,0.473529,0.625252,0.588992,0.520207,0.439492,0.392872,0.623928,0.573149,0.610127,0.512243,0.451740,0.410757,0.541622,0.615525,0.576675,0.477099,0.531697,0.535517,0.455228,0.646134,0.514307,0.454010,0.628336,0.611143,0.600064,0.606056,0.547278,0.525992,0.402660,0.411575,0.523021,0.634941,0.416862,0.512555,0.517101,0.462205,0.437310,0.551604,0.508887,0.527168,0.572836,0.556911,0.528712,0.502917,0.607192,0.512653,0.558685,0.562236,0.713735,0.428239,0.435090,0.542374,0.584473,0.677046,0.582712,0.564308,0.524275,0.517007,0.483881,0.495346,0.577220,0.530030,0.386388,0.612380,0.628529,0.697706,0.580919,0.589551,0.513636,0.510905,0.640241,0.549974,0.482243,0.644918,0.526384,0.468555,0.630912,0.507713,0.685212,0.490371,0.511583,0.601905,0.436901,0.585537,0.631634,0.432730,0.556272,0.486070,0.534848,0.495669,0.473073,0.607743,0.450237,0.546784,0.565712,0.577520,0.431931,0.640684,0.547430,0.688405,0.607977,0.374645,0.458535,0.607640,0.525327,0.484268,0.570950,0.496783,0.583855,0.584658,0.521912,0.663875,0.496841,0.553432,#
