0,1.000000,-0.006470,-0.148922,0.000288,0.127141,0.096875,-0.134538,0.110538,0.016933,-0.012292,-0.179284,-0.098633,0.288369,-0.304081,0.197864,-0.022636,0.042745,-0.045017,-0.117846,0.211814,-0.236237,0.000774,0.026234,-0.022559,0.220998,-0.032393,0.376242,-0.014255,-0.002547,-0.089882,-0.144131,-0.181338,0.009251,-0.167293,0.398553,-0.036222,0.120817,-0.107892,0.239697,0.135938,-0.211140,0.003207,-0.050021,0.108301,-0.161789,0.107360,0.202387,-0.349137,-0.124562,0.202314,0.347448,-0.053678,0.076295,0.169774,0.017390,0.171561,-0.034265,0.141458,0.067273,-0.155996,0.196408,-0.129556,-0.175476,-0.059414,0.022302,0.101034,-0.182955,0.181196,0.037073,0.122338,-0.049095,0.147843,0.014404,-0.219819,0.042926,0.127949,-0.299623,-0.119667,-0.146469,0.034208,0.301129,0.126981,-0.093905,0.002498,-0.180621,0.142863,0.120985,-0.382070,-0.069939,0.083236,0.006368,-0.202467,-0.242657,-0.135712,-0.130819,0.126722,0.025634,-0.044571,-0.002216,0.129252,-0.124265,-0.069748,-0.206645,0.047838,0.248237,-0.239910,-0.418355,0.026639,0.123152,-0.014130,0.267616,-0.179940,0.007847,0.132460,-0.014766,0.023555,-0.029798,-0.034893,0.274763,0.137596,0.026077,0.107522,0.226180,0.040578,-0.125462,0.092413,0.009302,0.123516,0.142596,-0.164935,0.231140,-0.202863,-0.167229,-0.132451,-0.078860,-0.083697,0.170856,0.197596,-0.191367,-0.295984,-0.152287,0.169282,-0.155028,0.011335,-0.158070,0.145463,0.100058,-0.114519,0.090234,-0.189307,-0.086612,-0.150397,0.006748,-0.351366,0.046835,-0.024875,0.127468,0.083871,0.037022,0.096548,0.022180,0.234819,0.053790,-0.113547,0.247370,-0.018650,-0.028611,-0.009839,0.178795,0.073245,0.082121,-0.010694,0.320670,-0.021731,0.068147,-0.273649,-0.084487,0.029086,0.056306,-0.035731,-0.154496,-0.050878,-0.122195,-0.088108,0.113250,0.056797,-0.125664,0.076328,-0.016223,0.069286,-0.045298,0.006708,-0.171680,-0.105851,0.098722,-0.123394,-0.018616,-0.120142,-0.062296,0.152127,#
1,-0.006470,1.000000,0.119347,0.334065,-0.033443,0.035144,0.159598,0.045494,0.012374,-0.013072,-0.039350,-0.212368,0.036649,0.087577,-0.282505,0.001730,0.243984,0.076649,0.192116,-0.158465,0.267386,0.225936,0.166205,0.302350,0.130101,0.060880,0.038980,0.001219,-0.038341,0.046509,-0.192552,0.205389,0.079341,-0.140832,0.076771,0.205897,-0.010604,0.203852,0.096908,0.054198,0.077205,-0.078118,0.109530,0.091532,0.114830,0.181253,0.037201,0.040936,-0.103393,0.065972,0.185017,0.211713,0.171879,0.271955,-0.008918,0.240856,-0.242118,-0.003198,0.151627,-0.005162,0.280573,0.030996,-0.048477,0.104665,-0.057924,0.082555,0.167954,-0.084954,0.238117,0.290753,0.119768,0.133848,0.139162,0.114986,-0.008408,-0.191558,0.230623,0.130129,0.163454,-0.095017,0.105990,0.209687,0.091047,-0.052406,0.043317,0.196515,0.084769,-0.196724,0.088859,0.115166,0.068475,0.133099,0.038437,-0.186104,0.128898,0.024071,-0.124590,-0.051983,0.040927,0.211928,-0.030522,0.157713,0.105593,0.175980,0.266659,0.020392,-0.312452,0.206919,0.079514,0.178732,0.049099,0.130813,0.132232,0.049839,-0.131021,-0.021088,0.267389,0.270273,0.097010,0.015842,0.269620,0.080733,-0.277812,0.159666,0.087774,0.114294,0.261220,0.099706,-0.026492,-0.022595,-0.003875,-0.140510,-0.065785,0.193738,-0.100596,-0.025542,-0.024243,0.071531,-0.032490,0.053970,0.006393,0.031602,-0.302769,-0.183800,-0.092955,-0.033899,0.102093,-0.043883,-0.120274,-0.133835,-0.003228,0.064663,-0.135720,0.036018,-0.045300,0.060436,0.217852,-0.116516,-0.059750,0.021538,-0.083614,0.175620,0.298285,0.163303,-0.258268,-0.233212,0.032291,0.057476,-0.150244,-0.003009,0.373263,-0.111651,0.105825,-0.028332,0.210957,0.117341,0.054021,0.218009,0.111266,-0.242315,0.053421,-0.221956,-0.036638,0.088682,-0.069169,0.068875,-0.001642,-0.084551,0.179443,0.084310,-0.159004,0.303732,0.008577,0.204857,0.193834,0.255746,0.302311,-0.136535,-0.001400,0.075073,#
2,-0.148922,0.119347,1.000000,0.046177,-0.091284,0.058214,0.156890,0.180298,-0.183826,-0.027354,0.005224,-0.085180,0.020683,-0.151714,-0.054033,0.033448,-0.010697,0.165288,0.198483,0.160982,0.034233,0.151597,-0.124527,-0.102487,0.020260,-0.091878,0.013557,-0.086075,-0.142407,0.117175,0.019146,0.185042,0.381791,0.285247,0.173943,0.043298,0.107931,0.063065,0.218051,0.266462,0.410562,0.146530,-0.292058,0.034921,0.005897,0.291534,0.111241,0.096356,0.201555,0.289665,-0.177146,-0.022642,0.003904,0.261131,0.204607,0.107089,0.145636,-0.091339,0.093504,0.035267,-0.049498,0.050165,-0.136735,0.279242,-0.016943,-0.270732,0.392766,-0.196628,0.271559,0.177093,0.168598,0.054485,-0.173037,0.245763,-0.103898,-0.054062,0.053499,0.202434,0.195828,0.269005,-0.001368,0.178060,0.188375,0.142587,0.019754,0.207117,0.025515,0.211674,0.178444,0.124939,0.271127,-0.216907,0.131087,0.039425,0.163437,0.016547,-0.082210,0.133117,-0.148635,-0.022542,-0.061940,-0.175339,-0.193829,0.085655,0.198356,0.118667,0.026637,-0.032533,0.163419,0.026465,0.112767,0.122697,0.069925,-0.119754,0.068573,-0.145917,-0.231629,-0.060123,-0.057889,0.128339,0.344014,0.238474,-0.060413,-0.017692,-0.035265,0.191747,0.189858,0.064582,-0.131246,0.162845,-0.194559,0.221008,0.083984,0.134317,-0.057966,-0.130895,-0.228809,0.003037,-0.014429,0.187297,0.018639,0.065453,0.078840,-0.114656,0.156415,0.005324,0.111781,0.077130,0.170996,-0.145252,0.212738,0.097525,-0.088057,0.133402,-0.157661,0.134080,0.159858,-0.026521,-0.084165,-0.067717,-0.105481,-0.125067,0.037866,0.058676,-0.029221,-0.001797,-0.008632,-0.028240,-0.152949,0.096862,0.202495,-0.166821,0.070956,0.060445,0.011655,0.280213,0.219882,0.104307,0.030267,-0.007345,0.007998,0.168891,0.234366,0.257792,-0.005394,0.206303,0.029231,0.207660,-0.036985,-0.031044,-0.128212,0.133880,-0.038360,0.238395,0.195489,0.209704,0.171641,-0.090686,0.095999,-0.019806,#
3,0.000288,0.334065,0.046177,1.000000,0.138259,0.112546,-0.182464,0.106425,0.083424,0.096880,-0.226432,-0.069542,0.218383,0.204744,-0.203443,-0.126172,0.152454,0.021567,-0.136171,-0.008031,0.337530,0.093037,0.088603,-0.103073,0.210146,0.305427,0.176306,0.157170,0.059822,0.069320,-0.169802,0.053815,0.159616,0.000154,-0.024823,0.073179,-0.172348,-0.053655,-0.081299,0.331389,0.027742,0.117438,0.073556,0.046442,0.171638,-0.000003,-0.041655,0.268812,0.028503,0.110641,0.085579,0.150925,0.047131,0.194810,0.306450,0.067444,-0.066889,0.051135,0.186992,-0.008282,0.184300,-0.044135,-0.023589,0.045498,-0.033302,0.283656,0.000467,0.142455,0.137055,0.135026,-0.144014,-0.109482,0.284143,0.147831,-0.051029,0.125089,-0.024546,0.117079,0.218879,0.104382,0.257585,0.335098,0.019998,-0.131131,-0.007305,0.099385,0.038939,0.059045,0.039209,0.007872,-0.046939,0.128807,-0.045392,-0.105073,0.100467,0.137923,0.049240,0.076667,-0.218215,0.238024,0.253100,-0.000209,0.008981,0.061501,0.086497,-0.171068,0.030298,0.296938,-0.038525,-0.092731,0.022504,0.310563,0.167562,0.138376,0.045764,0.187108,0.245871,0.291198,0.013471,0.140004,0.044827,0.156172,-0.042562,0.277032,-0.029439,0.265798,0.236210,0.178652,-0.067740,0.243194,0.197634,-0.036412,0.206087,0.114036,-0.079809,-0.190302,-0.043484,0.083250,0.344401,0.196847,0.007228,0.078866,-0.283072,-0.114733,-0.211731,0.164352,0.233646,0.095351,0.148201,-0.316395,-0.074297,-0.055145,-0.107463,0.064251,0.092595,0.007753,0.302737,0.206939,0.101612,0.210983,0.247953,0.402608,0.198524,0.396037,-0.000326,-0.122858,0.154708,0.104810,-0.013778,0.179619,0.196599,-0.145297,0.041803,0.009996,0.146938,0.242683,0.137845,-0.046881,0.018591,0.072193,0.175485,0.182354,0.113397,0.320084,0.170312,0.174374,-0.069943,-0.270613,0.151661,0.064522,0.168175,0.171208,0.199926,0.093863,0.336869,0.332201,0.015798,0.037137,0.010304,0.091259,#
4,0.127141,-0.033443,-0.091284,0.138259,1.000000,0.290394,0.115252,0.031409,0.081109,0.179468,0.061622,-0.139559,0.109353,-0.104916,0.119029,-0.016647,-0.133234,-0.001027,-0.228800,-0.085579,0.130474,0.214543,0.239098,0.093632,0.230608,0.018904,-0.036997,0.115229,0.255156,0.239292,-0.128917,0.039082,-0.040301,0.070795,0.150463,0.168824,-0.082024,-0.190906,-0.008714,0.206697,-0.136919,-0.109280,0.169773,0.078176,0.236085,-0.177608,0.319321,0.206501,-0.214451,0.001449,0.279244,0.091101,-0.012996,-0.230974,0.148257,0.117140,-0.035089,0.274131,0.161638,-0.220582,0.058967,-0.004798,0.172304,0.067100,0.161881,0.398901,0.055596,-0.230633,0.099446,0.068511,0.120545,-0.099593,-0.071334,-0.023252,0.071809,0.016881,0.001323,0.070723,0.085838,0.085656,-0.031521,0.343965,0.010405,-0.106878,0.007229,-0.022397,0.043735,0.119824,0.065226,0.075956,0.030882,-0.225202,0.090708,-0.076643,0.068945,0.149668,0.214922,0.000087,-0.086614,-0.150006,-0.189848,0.249806,-0.069439,0.168818,-0.084736,-0.304563,0.085777,0.065656,0.069217,0.351444,-0.157232,0.148856,0.219779,0.223677,-0.107736,0.018057,-0.216235,0.319292,0.007507,0.105643,0.031329,0.117150,-0.025341,0.033413,0.046616,0.028897,0.205126,-0.064980,0.089833,0.111624,0.178329,0.097907,0.060440,0.106785,0.098543,-0.291727,-0.144132,0.332756,0.083190,0.191259,-0.036932,0.180943,-0.057169,0.131365,-0.071450,0.187108,-0.001174,0.187289,0.092003,-0.045999,-0.065240,0.015722,0.025167,-0.292305,0.241076,-0.061581,0.189908,0.355382,0.124967,0.024052,-0.060173,0.223698,-0.073978,0.163753,0.006690,-0.190236,0.219714,-0.072889,-0.065646,-0.065101,0.160024,0.013616,0.085143,-0.100676,-0.170795,0.029556,0.217722,0.136818,0.051283,0.267137,0.126851,-0.167700,-0.005562,0.089006,0.120065,0.319699,0.088772,0.056096,0.163036,0.316054,0.229938,0.038734,0.309885,0.043358,-0.043423,-0.016120,-0.202585,-0.034501,-0.019435,0.088629,#
5,0.096875,0.035144,0.058214,0.112546,0.290394,1.000000,0.173231,0.109981,0.131216,0.039057,-0.089611,-0.057781,0.036034,-0.165005,0.128936,-0.012124,0.008657,0.083190,0.024683,0.211736,0.036692,0.020317,0.045092,0.051082,0.323197,0.141057,0.120799,0.019422,0.162179,0.235851,0.054990,0.121249,0.116090,0.202170,0.091446,0.050513,0.081996,0.056656,-0.053495,0.195831,0.031914,0.167761,0.279119,0.063891,0.138946,0.315352,-0.094726,0.075038,-0.245257,0.136865,0.096498,0.093037,-0.079784,-0.077784,0.380934,0.106031,-0.094922,0.093127,0.160335,0.007217,0.155774,-0.147618,0.112167,0.206086,0.085227,0.258463,-0.117163,-0.062692,-0.048742,-0.050054,0.288807,0.089731,-0.056408,0.277176,0.220264,0.136607,-0.135997,0.287045,0.182031,0.153785,-0.046417,0.203682,0.107058,0.074449,0.033210,-0.188539,0.041346,0.042461,0.085675,-0.046137,0.355191,-0.083879,-0.005667,0.068229,0.234414,-0.082288,0.318703,0.173102,0.027783,-0.088217,0.058381,0.029663,0.193481,0.173135,0.002631,-0.064182,0.141166,-0.096009,-0.034661,0.163621,0.089469,0.024781,0.279517,0.117167,0.000364,-0.070913,0.325545,0.265304,0.164303,0.333702,0.071281,0.023873,-0.209161,0.174131,-0.067543,0.079702,0.211446,0.008485,0.082915,-0.087347,0.116941,0.075882,0.030053,0.169088,0.169514,-0.062405,-0.183680,-0.031587,-0.017540,0.128554,-0.185571,-0.083233,-0.087521,0.040569,0.210054,0.138996,0.040092,0.005721,0.093920,-0.015903,0.255545,-0.019789,0.346165,-0.090568,0.206667,-0.032290,0.181102,0.002256,-0.010243,0.140704,0.002686,0.207894,0.041801,0.006526,-0.008693,-0.223566,-0.064963,0.036627,-0.004147,0.081553,0.068499,0.106121,-0.053360,0.038856,-0.151724,0.273714,0.302639,0.087892,0.184321,0.225464,0.267311,-0.132168,-0.130193,0.148649,0.094955,0.369483,0.217722,0.068646,0.130913,0.122491,-0.077575,0.141899,0.194033,0.155047,0.265940,0.159369,0.029684,0.167065,-0.079790,0.212164,#
6,-0.134538,0.159598,0.156890,-0.182464,0.115252,0.173231,1.000000,-0.066552,-0.084432,0.054929,0.272731,-0.115432,-0.163713,-0.192546,-0.314446,0.280596,0.359599,0.173032,0.167635,-0.015900,-0.121595,-0.202642,0.013204,-0.040017,0.073937,0.012928,-0.008767,-0.044242,-0.081341,0.029786,-0.045611,0.215431,-0.127875,-0.014287,0.142679,-0.008935,-0.087067,0.136023,-0.091638,-0.026930,-0.001589,0.110081,0.193842,-0.015159,-0.051346,0.059947,-0.019168,0.017825,-0.305524,-0.077592,-0.122686,-0.092930,-0.109518,-0.185233,-0.011889,0.067787,-0.202312,0.038242,-0.186620,0.091959,0.047995,0.182912,-0.182045,0.032355,0.318514,0.010188,0.133207,-0.153137,0.003669,-0.103949,0.194154,0.086568,-0.227320,-0.008707,0.162523,-0.058759,0.306405,0.099080,0.198720,0.130390,-0.206900,0.120515,-0.017109,0.049174,0.073934,-0.094332,0.063192,-0.087074,-0.084327,-0.210632,-0.125999,-0.050180,0.114336,-0.294638,0.125251,-0.025488,0.271933,0.048745,-0.113361,0.010872,-0.045650,0.007041,-0.083792,-0.012019,0.087336,0.014767,0.028941,0.021168,0.254906,0.024386,0.042977,-0.041903,0.102358,0.289128,0.048795,0.187224,0.032048,0.057568,0.003065,-0.067355,-0.065969,0.117077,-0.394610,-0.266155,0.142504,-0.039883,0.066415,-0.157067,0.103453,-0.054913,0.116250,0.064056,0.199126,0.097004,0.167371,-0.029370,0.018487,-0.126104,0.041550,-0.002564,0.057112,-0.094316,-0.007940,-0.215039,0.018105,0.112212,-0.105344,0.286650,0.023399,0.013925,0.141947,-0.071348,-0.071374,0.125614,0.109528,0.067641,-0.113503,-0.158401,-0.264687,-0.100916,-0.135837,-0.010413,0.012841,0.027257,-0.274538,-0.089687,-0.002011,0.117839,-0.055078,-0.109829,-0.191678,0.272693,-0.306424,0.065933,-0.003554,0.118533,0.206840,0.081505,0.102311,-0.084246,0.139562,-0.090184,-0.081365,-0.053053,-0.071864,-0.019351,0.084327,-0.201235,0.106569,0.024196,-0.010630,0.136334,-0.133193,0.241526,0.025532,-0.021948,0.030558,-0.153672,0.027342,-0.013021,#
7,0.110538,0.045494,0.180298,0.106425,0.031409,0.109981,-0.066552,1.000000,0.011997,0.055618,-0.395114,-0.165432,0.307204,-0.079988,-0.011658,0.083029,-0.018329,0.229927,0.130512,0.110758,0.122317,0.065048,0.190090,-0.050655,-0.014629,0.130847,0.007178,-0.197506,0.089986,-0.000062,0.048578,0.085805,0.161407,0.075027,0.121569,0.074812,-0.206594,0.125877,0.425302,0.212869,0.071604,0.215511,-0.048400,-0.108060,0.007688,0.243095,0.237270,0.230577,0.252239,0.255344,0.059895,0.095237,-0.017411,-0.046713,0.174606,-0.019160,0.044323,-0.242147,0.262345,0.183277,0.110819,0.142692,0.034251,-0.118588,0.154964,0.026633,-0.030095,0.040451,-0.323014,0.025554,0.123616,-0.111032,-0.015185,0.067154,-0.095383,-0.200775,-0.091211,0.085742,0.084113,0.144457,0.138896,0.071414,0.085807,0.099212,0.073097,0.215532,-0.177150,0.164603,-0.046905,0.081791,0.189159,-0.192262,0.139402,0.029989,0.336176,0.215895,0.042463,0.118710,0.159446,0.043088,0.014737,0.053697,-0.341510,-0.169560,0.236073,-0.044317,-0.261769,0.227732,0.138724,-0.317100,-0.006416,-0.006148,0.262237,0.035560,0.355228,0.131043,-0.118597,-0.062333,0.079906,0.317322,0.038207,0.170121,0.153995,0.044394,-0.088231,0.202268,0.020047,0.250130,0.041239,0.235476,-0.181268,-0.000526,0.087951,-0.292764,-0.130807,-0.191404,-0.185346,0.181795,0.110412,0.052096,-0.106234,0.011061,-0.043436,-0.111021,0.112317,0.274364,0.006623,0.006279,-0.115892,-0.038674,-0.127595,0.170009,-0.092040,-0.068584,0.206676,0.342653,0.136756,0.190113,-0.074208,-0.115823,0.089206,-0.000340,0.140141,0.081535,-0.046922,-0.040677,-0.148615,-0.194179,-0.118955,-0.101964,0.180066,-0.006221,0.239891,0.089179,0.141437,-0.078026,0.034795,-0.024084,-0.066949,0.012385,0.133120,0.099158,-0.193462,0.148390,0.292188,0.232402,0.149070,0.174697,0.129857,0.208136,0.131360,0.062867,-0.057065,-0.096537,0.078436,0.103270,0.081458,0.069642,-0.077502,-0.039408,#
8,0.016933,0.012374,-0.183826,0.083424,0.081109,0.131216,-0.084432,0.011997,1.000000,0.028921,-0.071137,0.213932,0.083966,0.101549,0.020400,0.092340,0.129912,-0.154757,-0.138177,-0.080158,0.175948,-0.081426,0.118525,0.021934,0.029537,0.115116,-0.022302,-0.206462,-0.018421,-0.074421,0.053240,-0.044735,0.037669,-0.036871,0.034605,0.451366,-0.021867,-0.010902,-0.074116,-0.022197,-0.032304,-0.030331,0.220075,0.269806,0.050598,-0.151509,-0.093072,-0.183303,-0.043347,0.112678,0.018508,0.085337,0.254037,-0.111742,-0.092096,0.160532,-0.084738,0.105399,-0.064538,-0.082982,0.116281,0.067661,0.081462,0.178701,-0.006057,0.207870,0.024917,0.151189,0.067804,0.035294,0.183219,0.309761,0.166827,-0.052350,0.048709,-0.234940,0.000987,0.104877,0.183409,0.276842,-0.063176,0.069644,-0.032582,0.023160,0.003050,-0.050165,0.055576,-0.085121,-0.202326,-0.232500,0.004910,-0.167635,-0.154282,-0.059000,-0.242377,-0.112249,0.287495,0.228143,0.247619,0.148949,-0.130833,-0.208366,0.287024,0.285899,-0.166103,0.060280,0.050657,0.140390,-0.099594,0.292140,-0.105120,-0.039097,-0.086341,0.001581,-0.064526,0.071595,0.333970,0.000304,-0.198333,0.119840,-0.008726,-0.057469,0.075946,0.270796,0.072931,0.171494,-0.075654,-0.014533,0.264356,0.197103,-0.084216,0.145103,0.084170,-0.215340,-0.169381,0.258916,0.029982,0.065601,0.100103,-0.087168,-0.091739,-0.121451,-0.075720,-0.298273,0.016771,0.132370,0.116251,0.178382,-0.063983,0.025876,-0.030083,0.271068,-0.086436,0.221339,0.285196,0.002617,0.097944,0.205716,0.269633,-0.246965,0.193702,-0.014455,-0.100588,-0.263207,-0.062598,-0.162119,-0.037524,0.152894,0.226600,-0.054802,-0.058782,0.168810,-0.143669,0.008735,0.123288,0.022608,0.069268,0.073443,0.176444,0.222083,0.287185,-0.011499,0.113120,0.001045,-0.078066,-0.071912,0.053321,0.134098,-0.127814,0.026636,0.109925,-0.025392,-0.025966,0.065067,0.098421,-0.055443,-0.248503,0.067839,-0.130772,0.165970,#
9,-0.012292,-0.013072,-0.027354,0.096880,0.179468,0.039057,0.054929,0.055618,0.028921,1.000000,0.026932,-0.106738,-0.040116,-0.104430,0.143531,-0.160421,-0.076704,0.249231,-0.261154,-0.053214,0.045729,0.036378,-0.032943,-0.096265,0.222808,0.062037,0.270590,-0.009520,-0.018326,-0.148383,-0.140722,0.041081,-0.021973,-0.063887,-0.051356,0.133573,-0.114211,0.004835,0.064660,0.080601,-0.045545,0.043799,-0.121620,0.113753,-0.079257,-0.040545,-0.016985,0.124588,0.150903,0.228376,-0.055265,0.166053,-0.059460,-0.209588,-0.096019,-0.045807,0.038408,0.008476,-0.201339,0.194917,0.071507,0.123263,-0.008066,-0.078571,-0.045780,0.170876,-0.008924,-0.131924,-0.093105,0.020349,0.227739,0.055637,0.092901,0.024070,-0.006578,0.011222,-0.002022,0.144927,-0.038561,0.177389,0.072514,0.166253,-0.061474,-0.033094,0.124825,0.007161,0.183412,-0.047050,-0.040881,0.263280,0.247546,-0.147920,0.206096,-0.033985,0.152001,0.076442,-0.048178,0.039122,0.116743,0.311993,-0.043645,0.088057,-0.083424,-0.192801,-0.021679,0.019963,-0.073301,0.195529,-0.028620,-0.191337,-0.007936,0.351966,0.181099,-0.049898,0.165679,0.176145,-0.003459,0.178398,0.275208,0.129932,-0.109604,0.060278,-0.022865,0.019269,0.139199,-0.052974,0.081625,0.065629,-0.063687,-0.159181,-0.108992,0.108754,-0.037676,0.069374,0.068070,-0.264222,0.004084,0.184633,0.120920,0.182567,0.160529,0.257472,0.153816,0.232841,0.179830,0.075755,-0.068816,0.293791,-0.064790,0.026548,-0.034965,0.110160,-0.010546,-0.047541,-0.098011,-0.099756,0.079288,0.155516,0.319418,0.130826,-0.204042,0.091336,0.184508,0.133948,-0.159839,-0.226008,-0.068680,0.427216,-0.067098,0.126336,-0.000157,-0.104940,0.009342,-0.191024,-0.124430,0.094444,0.213620,0.166560,0.167297,0.196766,-0.043467,0.151747,0.096565,-0.001746,0.087246,0.118329,0.085824,0.062566,0.066403,0.135699,-0.184847,-0.212013,0.077908,-0.039373,-0.119689,-0.059100,-0.209433,-0.002501,-0.069321,-0.080393,#
10,-0.179284,-0.039350,0.005224,-0.226432,0.061622,-0.089611,0.272731,-0.395114,-0.071137,0.026932,1.000000,-0.045084,-0.143451,-0.099299,-0.323302,0.200816,0.109233,0.040757,0.209442,-0.247751,-0.000348,0.079557,-0.276639,-0.009185,0.037863,0.024757,-0.219067,-0.011570,0.145784,0.036920,-0.141992,0.073829,-0.082447,-0.112967,-0.093351,-0.152248,0.095707,-0.054485,-0.351739,-0.201978,0.055649,-0.281580,-0.038965,0.022088,-0.008204,-0.045208,0.134292,0.058479,-0.315220,-0.107900,-0.134817,-0.040909,0.155850,-0.091793,-0.062437,0.149998,0.000737,0.093921,-0.205049,0.000704,-0.018023,-0.016527,0.091551,0.204451,-0.043054,0.002530,0.094041,-0.189090,0.054369,-0.270785,0.049155,0.106210,-0.323725,0.096681,-0.040050,0.034849,-0.107224,-0.066285,0.282507,-0.235414,-0.103808,-0.174620,0.121001,-0.084000,-0.045568,0.088109,0.124334,0.016808,-0.053208,0.092812,-0.019832,0.077753,0.042629,-0.191711,-0.002616,-0.005639,0.291998,0.040258,0.067503,-0.018248,0.081584,0.017382,0.064616,-0.027422,-0.416313,0.113105,0.225203,-0.150215,0.030817,0.241863,0.188067,-0.020459,-0.108842,0.110395,-0.016818,0.041197,-0.131876,-0.079247,-0.038560,-0.151080,0.000761,0.144092,-0.336249,-0.329021,-0.005026,0.038973,0.320939,-0.080453,-0.125624,-0.134269,0.069006,0.169304,0.097249,-0.002832,0.119937,-0.047722,-0.108356,-0.013592,0.044653,0.054618,-0.006703,0.065425,0.375914,0.158048,0.175073,0.081170,-0.217681,0.065343,-0.112693,0.225868,0.137306,-0.072475,-0.091821,0.172913,0.031836,-0.044037,-0.151188,-0.147179,0.059771,-0.059837,-0.116477,0.058649,-0.075755,0.043955,-0.312109,0.034953,0.102579,0.130939,0.096112,-0.075397,-0.368513,0.175892,-0.135425,-0.012747,-0.070652,0.139708,0.075660,-0.007540,0.025364,0.185679,-0.172500,-0.193350,0.058577,0.022069,-0.107410,-0.057830,0.193825,0.092195,0.018478,0.092485,-0.176385,0.099025,-0.054030,0.195360,-0.065120,-0.113119,-0.171475,-0.099051,-0.009836,0.178975,#
11,-0.098633,-0.212368,-0.085180,-0.069542,-0.139559,-0.057781,-0.115432,-0.165432,0.213932,-0.106738,-0.045084,1.000000,-0.075936,0.082851,0.020122,-0.015983,-0.289613,-0.063480,-0.020489,-0.099800,-0.034721,0.014313,-0.065692,-0.039783,-0.032886,-0.013377,-0.199889,-0.005183,-0.080287,0.001611,0.250547,0.125978,0.102287,0.012507,-0.096612,-0.052439,-0.020160,-0.000466,-0.124718,-0.134209,0.000467,-0.117367,0.075327,-0.007024,0.022872,-0.323594,-0.080883,-0.063565,-0.020117,-0.126565,-0.286537,-0.244580,0.030001,0.106386,0.037905,-0.012071,-0.148480,0.254677,-0.047793,0.263009,-0.000605,0.003306,0.090018,0.094833,-0.081415,-0.212306,0.084749,0.264581,-0.093724,0.142371,-0.355395,-0.003237,0.090908,-0.158552,0.283482,0.116320,0.037683,0.177255,0.131632,0.004253,-0.098648,-0.108911,-0.057015,0.021432,-0.204911,-0.242350,0.127395,-0.001170,0.127886,-0.068935,-0.187289,-0.072305,-0.005355,0.131693,-0.347456,0.001552,0.088463,0.176425,0.166290,0.052572,0.017659,-0.044972,-0.117369,0.105774,-0.109137,0.162701,0.086798,0.136066,-0.247054,0.159221,0.052136,-0.010858,-0.210130,0.109712,0.101281,-0.103535,-0.077749,0.204958,-0.132300,0.219252,0.081881,-0.152808,0.006126,0.336465,-0.005846,-0.164247,-0.170967,0.137639,0.386927,0.088895,0.119941,0.079320,0.218757,-0.031234,0.101457,0.384918,0.091131,0.137290,-0.095729,0.105748,-0.064751,-0.359065,0.178185,0.173373,-0.070096,-0.080533,-0.042471,-0.078350,-0.260489,-0.293467,0.003296,0.043244,0.025546,0.215468,-0.124116,0.006626,-0.202982,-0.093602,0.101833,0.018738,-0.136655,0.007692,-0.299964,0.116938,0.104721,0.107703,-0.013017,-0.043529,0.096677,-0.052709,0.092397,0.055072,-0.079149,-0.181206,-0.085456,0.115543,-0.029771,-0.084892,0.102196,0.072073,-0.159510,0.007374,0.005563,0.049742,-0.003089,-0.195547,0.076853,-0.013006,-0.205547,-0.189859,0.090049,0.159726,0.139794,0.035041,0.038848,0.052241,-0.254401,0.094141,0.063661,0.093932,#
12,0.288369,0.036649,0.020683,0.218383,0.109353,0.036034,-0.163713,0.307204,0.083966,-0.040116,-0.143451,-0.075936,1.000000,-0.115908,-0.000148,-0.170691,-0.081916,-0.046822,0.042497,-0.175547,0.121350,0.206300,0.134046,-0.211886,0.197776,0.051731,0.015635,-0.202235,0.079295,0.019291,0.085341,-0.353313,0.044122,-0.076584,0.395688,0.079689,-0.059167,-0.063745,-0.080597,-0.018279,-0.003861,-0.248047,-0.021500,0.134725,0.077867,-0.060812,0.328706,0.090086,0.114926,0.230927,0.043937,-0.079709,0.045870,0.005364,0.115101,0.007929,-0.123832,-0.259798,0.242615,-0.013056,-0.030890,0.095752,0.003318,-0.015023,-0.003524,0.047295,-0.158227,0.083440,0.039151,0.053319,-0.129102,0.041008,0.144318,0.016033,-0.012176,0.173671,-0.040297,0.144974,0.014054,0.232817,0.241010,0.151521,0.026399,-0.282822,0.088339,0.146990,-0.009345,0.108479,-0.077158,0.132814,0.235425,-0.090856,0.142183,0.280631,0.064025,0.168589,-0.043758,-0.043150,-0.066688,-0.089404,0.140505,-0.106254,-0.284658,-0.152075,0.074893,0.053677,-0.149572,0.309646,-0.052495,-0.080850,0.176468,-0.036984,0.144882,0.007766,-0.043438,-0.180852,-0.232229,0.034522,0.017618,0.080514,0.233507,0.115125,0.083787,0.078156,0.004910,0.387160,-0.140371,0.085856,-0.087941,0.050263,-0.325395,-0.173212,0.210209,-0.276299,-0.112540,-0.037113,-0.185222,-0.121868,0.032090,-0.176532,-0.214568,-0.231848,-0.178158,0.021778,-0.246285,0.215650,0.150818,0.124335,-0.116971,-0.078179,0.084698,-0.053467,-0.034440,-0.184573,0.055488,-0.033713,0.140948,0.203764,0.112062,-0.295175,0.087085,0.217771,0.087926,-0.057314,0.027900,0.088609,-0.055385,-0.052206,0.202597,-0.028335,0.145290,-0.177727,0.156562,-0.096064,0.200896,0.096907,0.110135,-0.014170,-0.439556,-0.043065,-0.080277,0.103205,-0.145928,0.117920,0.058622,0.031138,0.150956,0.024187,-0.064053,-0.156579,-0.033432,-0.095692,-0.191763,-0.223449,0.031511,-0.083305,-0.006472,-0.011230,-0.141594,0.135658,#
13,-0.304081,0.087577,-0.151714,0.204744,-0.104916,-0.165005,-0.192546,-0.079988,0.101549,-0.104430,-0.099299,0.082851,-0.115908,1.000000,0.027293,0.029902,-0.006638,-0.129268,0.021151,-0.310137,0.130500,0.079393,0.304719,0.201845,-0.196999,0.338746,-0.068719,0.122576,-0.028050,-0.069684,0.013070,0.005565,-0.071313,0.032558,-0.111583,0.002437,0.031824,0.086205,-0.172739,-0.060013,0.111849,0.000988,0.235724,-0.200729,0.246893,0.061370,-0.249778,0.024842,0.160386,-0.171553,-0.202944,0.081566,0.001585,0.029114,0.076511,-0.008796,0.047281,0.124543,0.108517,-0.023128,-0.077587,0.256429,-0.060391,-0.038192,-0.057192,0.003977,0.174613,0.179842,-0.040640,0.238215,-0.177104,-0.133219,0.198166,0.047163,-0.066467,0.185986,0.115706,-0.112374,0.023498,-0.006125,-0.230489,0.070446,0.028502,0.115226,-0.311425,0.062329,-0.092261,0.159469,0.269360,-0.099858,0.084759,0.263946,0.260237,0.019894,-0.095734,-0.004599,-0.033242,0.044629,-0.019371,0.137776,-0.016335,-0.025625,0.043639,0.042766,-0.168093,-0.081218,-0.108310,0.115458,-0.251911,0.017843,-0.290801,0.002984,-0.041497,-0.079099,0.224603,0.025720,0.134470,0.020066,-0.217591,-0.070592,0.069414,-0.096789,0.151247,0.194113,0.000611,-0.147387,-0.005977,0.012812,-0.025092,0.266019,-0.147956,-0.183324,-0.120429,0.092316,-0.122561,0.155012,0.157104,-0.099792,0.152962,0.185844,0.026884,-0.159743,-0.118527,0.033638,-0.125105,0.109622,-0.001446,0.072907,0.076802,-0.084064,-0.040445,-0.080906,0.021138,0.230536,-0.128820,-0.136722,-0.135036,-0.244140,-0.054765,0.085045,0.067582,-0.106801,0.161127,-0.127866,-0.109870,-0.004523,-0.021940,0.289550,-0.148854,0.161889,-0.047388,0.056969,-0.281164,0.220130,0.056463,0.138947,0.103027,-0.165070,-0.005508,-0.117053,0.225955,-0.150483,-0.009774,0.109515,-0.277836,0.032539,0.003960,-0.230736,-0.076374,0.116216,0.143315,0.009769,0.104426,-0.015499,0.021326,0.140111,-0.158349,0.433695,0.002612,0.138658,#
14,0.197864,-0.282505,-0.054033,-0.203443,0.119029,0.128936,-0.314446,-0.011658,0.020400,0.143531,-0.323302,0.020122,-0.000148,0.027293,1.000000,-0.114587,-0.118820,0.156663,-0.228517,0.076235,-0.218960,0.013575,0.111264,0.188423,-0.157746,-0.073000,-0.000154,0.238474,-0.022143,0.061901,0.386656,-0.010149,0.040326,0.068434,0.046552,-0.005160,0.251039,-0.099201,0.211320,-0.073405,-0.144811,0.051812,-0.116665,0.028184,0.017322,0.098499,0.049546,-0.120850,0.074847,-0.017238,0.089069,0.066215,0.090518,-0.143550,0.008997,0.174009,0.298235,0.023889,0.188471,-0.205394,0.013275,-0.222259,0.188182,0.037121,-0.032914,0.004970,-0.132209,-0.114666,0.025524,0.043937,0.203877,0.039118,0.148440,0.070689,0.176983,0.187256,-0.070405,-0.076794,-0.260170,-0.069025,-0.019357,0.043744,0.111517,0.140273,-0.076382,-0.082139,-0.027499,0.116290,0.059480,0.302929,0.279233,-0.145341,0.087331,0.272133,-0.052748,-0.107014,-0.171673,-0.025418,-0.090166,-0.038046,-0.296369,-0.018106,0.072870,0.109746,-0.039405,-0.041798,0.002582,-0.110273,0.086028,0.057687,-0.250177,0.105789,0.219947,-0.054165,-0.012766,-0.188097,-0.013101,-0.074672,-0.002031,0.180790,0.002132,-0.137159,0.272117,0.206863,0.069323,-0.162029,-0.195090,0.028836,-0.009647,-0.003058,-0.079159,-0.079779,-0.112887,0.065678,-0.040624,-0.269481,0.138791,0.120905,-0.137938,0.088948,0.057173,0.116736,0.142350,0.320287,0.107318,0.076672,0.051781,-0.084454,0.092765,-0.136578,0.330743,-0.080451,0.265626,-0.162887,-0.054946,-0.125969,0.127656,0.002297,0.076068,0.152919,-0.083718,-0.102692,-0.003132,-0.164064,0.379453,0.091931,-0.126021,0.108373,0.100671,0.012137,0.138002,-0.275239,-0.075853,-0.043421,-0.238715,0.019523,-0.113860,0.128724,0.094495,0.113024,0.066884,0.029731,-0.029387,-0.057030,-0.002407,0.157613,-0.008776,0.136586,-0.138400,0.127565,0.073873,0.074879,0.062235,-0.142233,-0.171297,-0.032925,-0.140528,0.114035,-0.179157,-0.216729,#
15,-0.022636,0.001730,0.033448,-0.126172,-0.016647,-0.012124,0.280596,0.083029,0.092340,-0.160421,0.200816,-0.015983,-0.170691,0.029902,-0.114587,1.000000,0.257284,0.095483,0.239670,0.058801,-0.073733,-0.212743,-0.102799,0.253761,0.047562,0.220150,-0.176912,0.044734,-0.185025,-0.153567,0.022367,0.369071,-0.045494,0.107038,0.101850,-0.024198,0.027106,0.110706,-0.119442,-0.009692,0.000268,-0.052455,0.043516,-0.030716,-0.140255,0.104634,0.178280,0.132757,-0.103987,0.015782,-0.009491,-0.045609,0.186245,-0.052214,0.049403,0.230610,0.099160,0.061439,-0.166379,0.344732,0.195959,0.114032,0.129071,0.022116,0.321104,-0.245714,0.144499,0.125668,-0.089560,0.015603,0.047989,-0.146332,-0.120270,0.255464,0.108971,-0.197660,-0.125630,0.004314,0.140129,-0.054124,-0.146199,0.181330,0.125776,0.163516,0.068721,0.233046,-0.121901,0.039012,-0.033282,-0.237403,-0.066094,-0.025600,0.076974,-0.110242,-0.126225,-0.086350,0.114027,0.223799,0.057539,0.037405,-0.150008,0.153840,-0.160805,0.183224,0.081843,-0.125393,0.028000,-0.033440,0.039661,0.202628,-0.085502,-0.072079,0.153453,-0.043693,0.345287,0.176439,-0.185192,-0.163402,-0.043081,0.017141,-0.176828,0.260728,0.006021,-0.160331,-0.111846,0.015314,0.014029,0.175818,0.076485,0.085500,0.153184,0.011938,-0.098724,-0.097879,0.123350,0.189854,0.048425,0.082230,-0.033606,0.101142,-0.009500,-0.213696,0.158098,-0.079330,0.035978,0.062610,0.121497,-0.075130,0.005733,-0.167603,0.123860,0.340138,0.143388,0.062946,0.081719,0.211837,-0.194338,-0.208689,0.111135,-0.090757,0.097968,0.052881,0.069806,0.211675,0.050863,0.052744,0.020205,-0.135259,0.117392,0.016364,-0.176188,0.227537,-0.045461,0.319205,0.083213,-0.039030,0.087261,-0.081243,0.236726,0.068989,-0.047442,-0.141169,-0.066711,-0.012386,0.201469,0.025819,-0.051769,-0.101100,0.137072,0.167829,-0.031960,0.168057,-0.135984,0.319949,0.009107,0.131855,-0.115765,0.050829,0.242324,0.035183,#
16,0.042745,0.243984,-0.010697,0.152454,-0.133234,0.008657,0.359599,-0.018329,0.129912,-0.076704,0.109233,-0.289613,-0.081916,-0.006638,-0.118820,0.257284,1.000000,0.100577,0.235256,0.156343,0.051795,-0.390256,0.095927,0.028471,-0.153285,0.152845,-0.037150,0.163911,-0.152439,0.073132,0.126197,0.173823,-0.052921,-0.206633,0.107318,0.053952,0.024441,0.203151,0.108589,0.206824,-0.054073,-0.079776,0.141373,-0.061788,-0.112975,-0.021662,-0.018840,0.017701,-0.064871,0.151119,0.034114,0.091250,-0.036485,0.042106,-0.133018,0.116671,0.069086,0.070343,0.030544,0.109554,0.106897,0.103254,-0.023623,0.121517,0.190481,0.149830,-0.021158,0.241469,0.160199,-0.075752,0.104621,0.145882,-0.008956,0.252080,-0.033303,0.002612,0.030411,-0.046408,0.218423,0.128436,0.186400,-0.126575,0.152098,-0.043463,0.157285,0.111220,0.043570,-0.049029,-0.211320,-0.091043,-0.246398,0.127494,0.067632,-0.291871,0.042425,0.007168,-0.119380,-0.026783,-0.142815,0.102724,0.003344,0.085357,0.133127,0.048625,0.187622,-0.082381,-0.142203,-0.068274,0.366559,-0.006368,0.067507,-0.008524,0.202838,0.259890,0.040419,0.017557,0.323635,-0.191104,0.018783,0.047626,-0.243721,0.079592,-0.070788,-0.225310,0.188396,0.054783,-0.022206,0.048743,-0.163945,-0.039912,0.091594,-0.044310,0.090348,0.240343,-0.029532,-0.030498,0.057845,-0.056117,0.120872,-0.259101,-0.101038,0.076513,-0.120896,-0.221818,0.014883,-0.116245,0.104628,0.122915,0.057949,-0.013804,0.091813,0.001981,-0.120185,0.045054,-0.051809,0.153706,-0.046826,-0.098119,-0.129180,0.010839,0.149967,-0.070932,0.138034,0.025345,0.038717,-0.057983,-0.100684,0.126007,0.080985,0.131640,-0.381732,0.220326,-0.139043,0.330596,0.184384,-0.143299,0.047102,0.186679,0.067580,0.040437,0.245931,0.092947,-0.104760,0.346549,-0.079820,-0.133501,-0.048917,-0.044715,0.207925,0.102611,0.127009,0.268113,-0.275187,0.240860,0.051133,0.262503,0.033619,-0.255299,-0.037230,-0.059131,#
17,-0.045017,0.076649,0.165288,0.021567,-0.001027,0.083190,0.173032,0.229927,-0.154757,0.249231,0.040757,-0.063480,-0.046822,-0.129268,0.156663,0.095483,0.100577,1.000000,-0.000732,0.103627,-0.145358,0.034019,0.024366,-0.059151,0.122580,-0.074111,-0.116579,0.119850,-0.119654,-0.045994,0.098708,0.193469,-0.231692,-0.137380,-0.046012,-0.364837,-0.013400,0.228138,0.380802,0.027166,0.126990,0.187020,-0.031298,0.075834,0.088343,0.322074,0.063868,0.086899,0.080130,0.107630,-0.108041,-0.056036,0.101649,0.049018,0.116701,0.211926,0.157636,-0.090111,0.071543,0.076038,0.200937,-0.137076,0.241390,-0.051651,-0.135706,-0.039830,0.228599,-0.152022,0.088803,-0.099329,0.292461,-0.055181,-0.088761,0.383707,0.109111,-0.026821,-0.259235,0.108311,0.213226,-0.005378,-0.033701,0.212585,-0.026448,0.302068,-0.104710,-0.103328,0.270110,-0.116295,-0.166986,0.100180,0.067181,-0.008656,0.182871,0.046310,0.186591,0.023639,-0.128820,-0.061976,0.111021,0.325862,-0.126965,0.014136,-0.119487,-0.209061,-0.062289,0.155933,-0.087296,0.119630,0.051916,0.014928,0.045170,-0.089065,0.293179,0.185688,0.282739,0.032828,-0.091721,0.095332,0.132270,0.168490,-0.051515,-0.021443,-0.239786,-0.081819,0.086084,0.160925,-0.036562,0.219849,0.085115,0.043760,-0.006728,0.167821,0.062871,-0.051843,-0.095701,-0.096404,0.203666,0.021198,-0.247957,0.149888,0.058696,0.029106,0.225385,0.088998,0.054865,0.019425,-0.279783,-0.192490,-0.045317,-0.056976,0.175995,0.066931,-0.000645,0.067924,-0.056490,0.150898,0.158305,-0.195867,0.073604,-0.008395,-0.051139,-0.011402,0.227598,0.077291,-0.169803,-0.269898,-0.286527,-0.033248,-0.008032,-0.047184,0.000038,0.007507,-0.079029,-0.176279,0.023961,0.085526,0.131570,0.076172,0.172747,0.086236,-0.104124,0.048019,-0.009603,0.123249,-0.036300,-0.119891,0.216173,0.102554,0.088598,-0.111112,-0.077428,0.021585,-0.175228,-0.123535,-0.226935,0.253999,0.028836,-0.118415,-0.078329,-0.205559,#
18,-0.117846,0.192116,0.198483,-0.136171,-0.228800,0.024683,0.167635,0.130512,-0.138177,-0.261154,0.209442,-0.020489,0.042497,0.021151,-0.228517,0.239670,0.235256,-0.000732,1.000000,0.016569,0.118485,0.275592,-0.188141,0.142286,-0.203369,-0.034502,-0.158133,-0.087998,0.070782,-0.078392,0.001939,0.065043,0.038033,0.155932,0.015908,0.055588,-0.197473,0.308504,0.017665,-0.109939,0.286878,-0.196491,0.244551,-0.215668,-0.053227,0.050618,0.253870,0.205485,0.078925,-0.075234,-0.206383,0.072749,0.064471,0.055008,0.058658,0.054043,-0.063842,0.023990,0.127484,0.075808,0.165775,0.017077,-0.120305,-0.036257,0.103803,-0.032463,0.145443,-0.176960,-0.023876,0.086265,-0.081095,0.057548,-0.067322,0.072465,-0.185700,-0.155736,-0.288064,0.089276,0.106759,-0.130191,-0.095421,-0.265446,0.163441,-0.085172,0.104147,0.268853,-0.304540,0.096446,-0.115350,-0.020597,-0.058747,0.065501,0.052281,0.084994,0.213041,0.001250,-0.018339,-0.071206,0.040008,-0.009854,0.129453,0.025986,-0.138868,-0.091844,0.181033,0.266020,-0.123293,0.223175,0.108391,-0.026027,0.030537,-0.048402,-0.029601,-0.106071,0.029537,-0.027821,-0.154892,-0.211254,0.010181,0.165997,0.093094,-0.177462,-0.090321,-0.075102,0.084387,0.027913,0.047422,0.073060,0.067227,-0.054452,-0.046016,0.078630,-0.040443,-0.150506,-0.124186,0.150445,-0.123383,-0.055390,0.122429,-0.101129,-0.286716,-0.020858,-0.181847,-0.161035,0.069605,0.054103,0.052132,-0.038298,-0.051888,0.036653,-0.011264,-0.072767,0.118994,0.142159,-0.070888,0.288387,-0.111261,-0.346079,-0.214861,-0.240540,-0.067101,-0.141652,0.098357,-0.029832,0.047167,0.001994,-0.034850,-0.166500,-0.124343,0.075655,0.095400,0.049325,-0.069107,0.189454,0.225814,-0.030226,-0.153140,0.042852,-0.120555,-0.025555,0.091325,-0.094917,-0.316507,0.056496,0.015922,-0.291147,-0.086466,-0.020026,-0.294259,-0.026727,-0.054800,0.288049,-0.036471,0.060968,0.190991,0.130326,0.007047,0.071726,0.018385,0.251482,#
19,0.211814,-0.158465,0.160982,-0.008031,-0.085579,0.211736,-0.015900,0.110758,-0.080158,-0.053214,-0.247751,-0.099800,-0.175547,-0.310137,0.076235,0.058801,0.156343,0.103627,0.016569,1.000000,-0.145725,-0.155045,-0.200447,-0.146120,0.055068,-0.045184,0.100379,0.310692,-0.234409,-0.119559,-0.039285,0.103484,0.150485,0.092343,0.167126,-0.007833,0.270130,0.166356,0.192153,0.143373,0.127969,0.266930,-0.062623,-0.107948,-0.209584,0.189822,0.013676,-0.018532,0.098213,0.296967,0.108214,-0.095411,0.026005,0.382241,-0.060069,0.110269,0.093774,-0.025347,-0.018070,0.018162,-0.009835,-0.066011,-0.109024,0.246506,0.049736,-0.136204,0.121108,0.055146,0.209074,0.054811,0.203594,-0.111406,-0.059175,0.176474,-0.194316,-0.070136,-0.062332,0.019672,0.073880,0.092588,0.285946,-0.032099,0.038976,0.230914,0.147572,-0.024314,0.066876,-0.081755,-0.000305,0.065358,-0.176120,0.064221,-0.113073,-0.127486,-0.032309,-0.137369,-0.039333,0.205753,0.055318,0.164310,-0.096744,0.044055,0.243291,0.118768,0.089096,-0.062165,-0.044970,-0.084611,-0.000545,-0.200129,0.034045,0.046144,0.020685,-0.103994,-0.111771,-0.123094,0.054590,-0.056384,0.269953,0.141368,0.021107,-0.179937,-0.017151,0.033632,-0.134212,0.176930,-0.088322,0.256873,0.060508,-0.168118,0.238419,0.091708,0.060635,0.118607,-0.103438,0.042822,-0.044087,-0.074869,0.044210,-0.144780,-0.037031,0.025396,-0.319786,-0.144008,0.180541,-0.136333,-0.011417,-0.188841,0.125825,0.115817,0.012926,0.098899,-0.034486,-0.162112,0.029572,0.087995,0.372722,-0.015372,0.165442,0.080635,0.196530,0.054006,-0.120097,0.272767,0.309974,0.233976,-0.107399,-0.176179,-0.022037,0.074918,-0.073116,0.267632,0.311896,0.088821,-0.035177,-0.055391,-0.042717,0.161443,0.270737,0.004268,0.182528,0.134368,0.108694,0.206847,-0.014434,0.010396,-0.260058,0.034690,0.035346,0.136970,-0.050783,0.071677,-0.196421,0.056210,0.011528,0.279682,0.187211,-0.221232,0.102154,-0.219853,#
20,-0.236237,0.267386,0.034233,0.337530,0.130474,0.036692,-0.121595,0.122317,0.175948,0.045729,-0.000348,-0.034721,0.121350,0.130500,-0.218960,-0.073733,0.051795,-0.145358,0.118485,-0.145725,1.000000,0.111859,0.111041,0.222828,0.063686,0.289729,-0.257999,0.184839,0.166969,-0.097766,0.034914,0.010953,0.283636,0.170380,-0.140751,0.299558,-0.348837,-0.053084,-0.079559,0.195864,-0.052411,-0.010825,-0.011551,-0.328456,0.311090,-0.156224,0.068951,0.184865,0.059479,0.259815,0.057924,0.150049,0.060822,0.115963,0.181354,-0.155685,-0.326591,-0.106785,0.098672,-0.002470,0.101232,0.021549,0.116790,0.225782,-0.077107,0.243179,0.024014,-0.007850,-0.054333,0.049780,0.067418,0.156783,0.365576,0.080296,-0.149946,-0.110035,0.158383,-0.043123,0.289316,0.003052,-0.144818,-0.032192,0.203266,-0.365225,0.004497,0.222241,0.018357,0.204464,0.001823,0.042860,0.072220,0.151970,-0.019326,-0.111250,0.090193,0.157629,0.089613,-0.091954,-0.026106,0.019060,0.132855,0.045667,0.149813,0.192937,-0.026531,0.232232,0.220027,0.032765,-0.063912,0.294856,-0.109484,0.118588,-0.014968,0.071398,-0.069558,-0.070638,0.044543,-0.099013,-0.206038,-0.038140,0.019764,0.111812,-0.017924,0.138946,0.084214,0.116072,0.194498,-0.001916,-0.037267,0.154179,-0.026933,0.046210,0.206009,0.143153,-0.029868,0.071891,-0.134687,0.240154,0.122715,0.092175,0.082208,0.085396,-0.109742,-0.163475,-0.002654,-0.077022,-0.051608,0.134702,0.007466,-0.114058,0.059628,0.020620,0.077565,0.160995,-0.078505,0.218476,0.172382,0.218294,0.033838,-0.025242,0.211241,0.189233,0.213787,0.134769,-0.185555,-0.005201,-0.043937,0.159382,0.087701,-0.211539,0.153135,-0.173672,-0.062895,0.013236,0.148446,0.091654,-0.057263,0.058555,-0.032169,0.091688,0.146250,0.100673,-0.044611,0.219353,0.047912,0.111783,0.015204,-0.080743,0.061268,0.079621,0.204011,0.307212,0.215483,0.223887,0.193937,0.232571,0.064573,0.035616,-0.110642,0.073621,#
