0,1.000000,-0.040823,-0.141028,0.061117,0.178366,0.099980,0.006895,0.137286,0.042726,0.077220,0.077058,-0.068604,0.362827,-0.433658,0.174385,0.007045,0.149687,-0.119940,-0.185147,0.156709,-0.173582,-0.108050,0.016233,0.001079,0.188996,-0.069135,0.343735,0.105630,-0.144180,0.054510,0.001720,-0.029097,-0.115721,-0.223058,0.226534,0.001740,0.144314,-0.188827,0.149377,0.145705,-0.236523,-0.012208,0.063992,0.148186,-0.022045,-0.051081,0.195025,-0.096864,-0.083100,0.111771,0.347349,-0.103510,0.247199,0.074443,-0.179116,0.161207,0.029156,0.060724,0.082031,-0.159308,0.241948,0.009822,-0.024596,0.008133,0.057063,0.129495,-0.273204,0.355024,-0.126867,0.104571,0.191146,0.063818,0.065190,-0.139817,-0.075251,0.138574,-0.181012,-0.159582,-0.152425,0.190651,0.314747,0.213988,-0.196688,-0.061289,-0.057124,0.294024,0.156220,-0.221000,-0.117871,0.110528,-0.086913,-0.185416,-0.063739,-0.141240,-0.007716,0.157571,-0.070767,-0.003194,-0.014789,-0.108091,-0.024870,0.108724,-0.351189,-0.052337,0.163789,-0.199991,-0.275054,0.036409,0.091544,0.042281,0.220911,-0.162822,0.001496,0.050178,0.015501,0.262481,-0.087362,0.111945,0.157437,0.059523,0.046714,0.306034,0.151136,-0.008892,0.064329,0.092069,0.143625,0.070160,0.016114,0.043067,-0.021889,-0.121727,-0.304290,-0.143890,0.034985,-0.163905,0.109938,0.202890,-0.160493,-0.251796,-0.257499,0.174575,-0.063421,0.227973,0.071486,0.109416,0.018801,-0.079781,0.063188,-0.092088,-0.196668,-0.080894,0.031852,-0.275993,0.137942,-0.076295,-0.012302,0.060908,0.238571,0.145846,0.144325,0.346939,-0.140805,-0.050213,0.153273,0.149845,0.071829,-0.003994,0.207940,0.184609,0.013515,-0.024855,0.326047,-0.048808,0.198589,-0.236149,-0.038201,0.108321,-0.011586,0.154092,-0.048651,0.118101,-0.087158,0.127162,0.091843,0.131976,0.103825,0.124956,0.182042,0.233941,-0.067079,-0.138268,-0.132010,-0.037559,0.071136,-0.198515,-0.106837,-0.054343,-0.087525,0.087908,#
1,-0.040823,1.000000,0.009840,0.242254,-0.122858,0.174234,0.096066,0.025704,0.053202,-0.011835,0.033162,-0.164323,0.148214,0.204236,-0.213718,-0.191558,0.209567,-0.032990,0.170435,-0.143893,0.291623,0.219945,0.198541,0.231668,-0.050551,0.322332,0.135151,-0.300523,0.006679,0.145008,-0.079635,0.069197,0.055398,-0.052515,0.149155,0.334203,-0.132815,0.220138,0.030930,0.119697,-0.126481,0.010194,0.082941,0.110315,0.112257,0.200943,-0.084702,0.097118,0.135478,0.080836,0.084479,0.211384,0.011968,0.077021,0.024492,0.160959,-0.213202,-0.082519,0.135679,-0.045000,0.146950,-0.003161,-0.104732,-0.010656,-0.095675,0.085460,0.061279,0.069258,0.155203,0.280583,0.091682,0.235069,0.286263,-0.100537,0.097778,0.045761,0.263150,0.226455,0.000763,-0.039391,0.097693,0.068898,0.209599,-0.118318,0.052078,0.213685,0.122358,-0.225511,0.023614,-0.083412,0.148216,0.022900,0.034969,-0.157959,0.102308,-0.008247,0.041815,0.022741,0.011832,0.220591,0.063381,0.051116,0.173419,0.170638,0.294561,0.032413,-0.186221,0.247162,-0.035460,0.079728,0.245888,0.131028,0.065174,0.121560,-0.153881,0.092384,0.409320,0.396087,0.138640,-0.037856,0.322809,0.107475,-0.171772,0.083375,0.126995,0.000484,0.325125,0.080226,-0.008927,-0.067666,-0.041711,-0.265848,-0.154506,0.209076,-0.170351,-0.077938,-0.030488,0.152276,0.170953,-0.035327,0.000126,-0.063787,-0.287914,-0.224653,0.008667,-0.004362,0.105593,0.102179,-0.046185,-0.087633,0.162534,-0.002579,-0.022577,0.062637,0.062241,-0.007617,0.159894,-0.038838,-0.068982,0.047265,-0.180305,0.112282,0.339825,0.063140,-0.145920,-0.316471,-0.010747,0.313670,-0.093805,-0.009077,0.237177,-0.191583,0.113068,-0.027125,0.292343,0.191997,0.076022,0.099791,0.003506,-0.226840,0.018933,-0.116991,-0.090810,0.057627,-0.057776,0.164505,0.002239,-0.160504,0.166507,0.067037,-0.052312,0.242327,0.043418,0.305181,0.269124,0.102094,0.166396,-0.048580,0.066302,0.247920,#
2,-0.141028,0.009840,1.000000,0.041135,-0.129868,0.047629,0.088634,0.055884,-0.135833,0.040052,0.040812,-0.081170,-0.114853,-0.052640,-0.086469,-0.029511,-0.102784,0.092385,0.090691,0.082243,-0.008725,0.138468,-0.205796,-0.026529,-0.115758,-0.214513,-0.039274,0.060150,-0.171982,-0.022228,-0.041043,0.269320,0.303804,0.221477,0.012385,-0.078852,0.190900,-0.038659,0.159142,0.245709,0.297002,0.126413,-0.210495,0.048169,0.009939,0.239584,0.160021,-0.041468,0.033710,0.226801,-0.004961,-0.158371,-0.070672,0.275874,0.148396,0.105799,0.185686,-0.052778,-0.069668,0.045301,0.037029,0.040694,-0.113221,0.317741,-0.036874,-0.313799,0.421375,-0.068252,0.242668,0.265860,0.166386,0.003049,-0.127582,0.232672,-0.101524,-0.039623,0.140874,0.109765,0.152956,0.250619,-0.005176,0.203232,0.089685,0.144542,-0.018067,0.251689,0.203343,0.392433,0.212790,0.020835,0.294252,0.029129,0.120735,-0.049298,0.243200,-0.152020,-0.059154,0.058077,-0.133358,-0.037660,-0.069928,-0.216413,-0.164429,0.090110,0.087229,0.254573,-0.098962,-0.109306,0.175440,-0.021221,0.105504,0.037291,0.042257,-0.151947,0.050584,-0.215265,-0.099769,-0.075232,-0.084466,-0.049389,0.182466,0.239515,0.028179,0.020861,-0.056549,0.183878,0.107413,0.028799,-0.074797,0.208204,-0.114627,0.156818,-0.038601,0.269599,0.057609,-0.024429,-0.199138,-0.098708,-0.121160,0.128394,0.083155,-0.019626,0.122838,-0.081660,0.126881,0.113567,-0.004498,-0.010312,0.268793,-0.098332,0.159279,-0.088979,-0.025953,0.079095,-0.232802,0.138799,0.132634,-0.001715,-0.187007,0.003440,-0.077374,-0.101196,0.048195,0.011415,-0.151428,0.082547,0.076345,-0.045576,-0.082485,0.076120,0.106432,-0.115905,0.015647,-0.069679,-0.043554,0.253351,0.260789,-0.008284,0.078524,-0.057674,-0.000060,0.190255,0.141512,0.276722,-0.025628,0.114944,-0.018915,0.210600,-0.008865,-0.077770,-0.125349,-0.008252,-0.070827,0.208710,0.176174,0.157441,0.176305,-0.020145,-0.078385,-0.010509,#
3,0.061117,0.242254,0.041135,1.000000,0.128312,-0.031808,-0.167285,0.076134,-0.089775,0.120164,-0.122822,0.187155,0.153876,-0.061003,-0.095539,-0.267956,0.105531,-0.091138,-0.102520,-0.103562,0.309583,0.133582,0.007122,-0.057867,0.227678,0.208641,0.203705,0.232498,0.024158,0.121620,-0.096363,0.166569,0.076639,0.049362,0.094592,0.017282,-0.149260,-0.052812,-0.021192,0.286503,0.165111,0.180720,-0.050068,0.013286,0.246874,-0.114800,0.040805,0.304515,0.052088,0.004128,-0.021250,0.108071,0.166119,0.082492,0.315493,0.027385,-0.267956,0.048989,0.195417,0.039029,0.216238,0.034926,-0.048352,0.055587,0.045835,0.091054,-0.024267,-0.099949,0.045822,0.254196,-0.147559,0.079330,0.312011,0.140648,0.024442,-0.016593,0.027245,0.040059,0.035827,0.097088,0.156937,0.373996,0.033894,-0.195666,0.018104,0.066277,0.096561,0.039509,-0.024356,0.124444,-0.130203,0.027582,0.033945,-0.054095,0.106749,0.129939,-0.091729,0.118444,-0.355639,0.182418,0.372115,-0.006961,-0.143151,0.116817,0.120448,0.002265,0.122232,0.371594,0.035237,-0.039888,-0.129884,0.387331,0.154316,0.070002,-0.035259,0.135912,0.249452,0.308467,-0.045246,0.025989,-0.005511,0.203674,-0.130454,0.347531,0.050752,0.106383,0.149496,0.283055,-0.085855,0.273914,0.193967,0.019041,0.150159,0.150587,0.015443,-0.079093,0.143392,0.169150,0.129057,0.237321,0.070455,0.011226,-0.152756,0.147052,-0.181253,0.090533,0.253724,0.013572,0.088227,-0.189767,-0.114294,-0.062203,0.101772,0.027013,0.010611,-0.136235,0.341303,0.313120,0.024576,0.303944,0.291027,0.358373,0.219667,0.431899,0.018592,0.089219,0.071723,0.026628,0.052388,0.136586,0.393408,-0.154069,0.075770,-0.157813,-0.033154,0.115741,0.057503,0.008128,0.031413,-0.078489,0.128552,0.161702,0.104533,0.251443,0.095430,0.207663,-0.069926,-0.129238,0.244410,0.006775,0.051354,0.104632,0.289711,0.195271,0.374622,0.224008,0.208752,0.207856,0.005094,0.071482,#
4,0.178366,-0.122858,-0.129868,0.128312,1.000000,0.073591,0.199099,0.017326,0.102955,0.085687,0.040240,0.063993,0.074080,-0.304400,0.146049,0.099316,-0.222043,-0.038288,-0.307774,-0.079099,0.214976,0.294794,0.260089,0.122907,0.118435,-0.040782,-0.115352,-0.026514,0.282078,0.083062,0.051116,-0.031185,-0.020478,0.011504,0.101733,0.267036,-0.164008,-0.131070,-0.098398,0.147879,-0.123888,-0.056866,0.235577,0.176103,0.259504,-0.221586,0.302344,0.039829,-0.196519,-0.109125,0.186374,0.090033,0.042811,-0.219363,0.100672,-0.007852,-0.145598,0.123536,0.256548,-0.152435,0.125113,0.122397,0.220503,0.015919,0.097799,0.448850,0.038828,-0.209857,-0.018405,0.113334,0.065632,-0.057709,-0.091481,-0.145868,0.094913,0.161674,0.077364,0.029530,0.031177,0.008662,-0.151442,0.299190,-0.042378,-0.173949,0.138889,-0.102015,0.119473,0.108722,-0.005759,0.065812,0.031996,-0.065926,0.077374,-0.016676,0.197250,0.264767,0.242965,0.041708,-0.076684,-0.050869,-0.111120,0.269208,-0.127870,0.233885,-0.039157,-0.212884,0.202657,0.002712,0.093128,0.276296,-0.070313,0.075027,0.199912,0.203859,0.000302,0.085996,-0.203020,0.291504,-0.082398,0.205596,0.127827,0.076183,0.070031,0.072148,-0.003102,-0.035399,0.138057,-0.122519,0.153121,0.203667,0.245049,0.132973,-0.011087,0.093097,0.116498,-0.200172,0.034912,0.232919,0.116251,0.260155,-0.073829,0.175021,-0.113056,0.167670,-0.067090,0.213124,-0.011820,0.003302,0.117455,0.137531,-0.088530,0.079330,-0.004632,-0.161025,0.203748,-0.078801,0.128784,0.403096,0.239267,0.150983,-0.121030,0.258789,-0.059407,0.122036,0.064826,-0.073028,0.217275,0.067906,-0.133278,0.065930,0.153666,-0.048013,0.070833,-0.122783,-0.059561,0.047835,0.147891,0.155843,0.065456,0.125462,0.242018,-0.060728,0.024702,0.029686,0.248437,0.267251,0.051436,0.046304,0.025276,0.136086,0.106782,0.014023,0.253527,0.004779,0.054563,-0.252092,-0.140883,-0.022371,0.043206,0.141968,#
5,0.099980,0.174234,0.047629,-0.031808,0.073591,1.000000,0.021590,0.014473,0.007799,0.028589,0.062099,0.044334,0.161651,-0.153467,0.125088,-0.174558,-0.064847,0.016384,0.068464,0.203166,-0.015014,-0.130334,-0.034141,0.116722,0.297555,0.139386,0.039762,-0.001531,-0.067569,0.366162,0.091457,0.226313,0.077981,0.276472,0.131749,0.082000,0.027332,-0.057976,-0.063092,-0.042579,-0.028565,0.188975,0.007400,0.015887,0.255304,0.200578,0.014376,0.228792,-0.088449,0.169666,0.145001,-0.080583,-0.080451,-0.056598,0.253547,0.255903,-0.090266,0.092010,0.035722,-0.009029,0.153464,-0.131742,0.233175,0.180654,0.152892,-0.007976,-0.055893,0.014350,0.033330,0.043485,0.265130,0.115039,0.093578,0.058338,0.368116,-0.058692,-0.082537,0.348598,0.073752,0.157816,-0.015042,0.224307,0.077501,-0.060267,0.005199,-0.188095,-0.025237,0.024859,0.119735,0.027065,0.320312,-0.190876,0.066047,0.031111,0.101269,-0.282911,0.223753,0.104482,0.046279,-0.262725,0.075860,0.060621,0.223620,0.168409,0.024541,0.139481,0.235753,-0.059489,-0.154626,0.154608,-0.013306,0.021420,0.191262,0.069051,-0.173823,-0.083297,0.189032,0.311358,0.164445,0.119358,0.123766,0.202913,-0.175390,0.261218,0.074859,-0.045729,0.271739,0.021342,0.147814,-0.193140,-0.102525,0.069850,-0.011382,0.181618,0.308224,-0.030584,-0.295643,0.159192,-0.103736,-0.050628,-0.026877,-0.169110,-0.014373,0.044974,0.285297,-0.000447,-0.008035,0.022420,0.001226,-0.015652,0.326157,-0.155137,0.390863,-0.043765,0.267281,-0.161111,0.288766,-0.006214,-0.048163,0.130213,0.057603,0.219351,-0.073796,0.153562,0.029174,-0.210062,-0.168973,0.016479,0.121783,-0.093109,0.094355,-0.097030,-0.017163,-0.041248,-0.020464,0.248358,0.283457,0.178528,0.039320,0.241482,-0.030970,-0.151225,-0.226894,0.000991,0.006187,0.436507,0.221204,-0.067184,0.203260,0.136604,-0.033124,0.110906,0.130370,0.367777,0.206650,0.232155,-0.022266,0.144671,-0.034002,0.127258,#
6,0.006895,0.096066,0.088634,-0.167285,0.199099,0.021590,1.000000,-0.130495,-0.016653,0.051487,0.144283,-0.030141,-0.195442,-0.272334,-0.167371,0.364231,0.257187,0.128856,0.032475,-0.006447,-0.074228,-0.019678,-0.042342,0.052151,-0.042117,-0.069763,-0.047589,-0.054977,-0.037159,-0.153159,-0.026255,0.158690,-0.149139,-0.133515,0.068572,0.068851,-0.075258,0.136326,-0.063895,0.108611,-0.120161,0.012470,0.268524,0.002950,-0.135834,0.030423,-0.095812,-0.073804,-0.316271,-0.107766,-0.095869,-0.052629,-0.103040,-0.186840,-0.090642,0.030589,-0.252580,-0.044122,-0.074911,0.003014,0.010008,0.175197,-0.137978,0.013291,0.098852,0.163131,0.049180,0.040665,-0.053893,0.014816,0.189979,0.132624,-0.231307,-0.088706,0.013803,0.136659,0.382014,0.047176,0.175164,0.035838,-0.315066,0.071867,-0.025726,0.094200,0.121251,-0.095419,0.130199,-0.052817,-0.174783,-0.320860,-0.206264,-0.011949,0.046649,-0.204056,0.143975,0.125146,0.161979,0.032875,-0.160402,0.036251,-0.106883,0.142897,-0.102115,-0.003508,0.095349,-0.129559,-0.025377,-0.050446,0.222341,0.031875,0.012210,-0.233004,0.121122,0.418636,0.086067,0.202747,-0.022582,0.108541,-0.111692,0.113535,-0.095231,0.042489,-0.343864,-0.215163,0.079550,-0.071003,-0.006729,-0.158835,0.043277,0.024819,0.172036,0.023944,0.112516,0.121343,0.124763,-0.054592,0.126758,-0.221397,0.075416,0.104752,-0.028221,-0.003599,-0.211422,-0.094383,-0.029479,0.089733,-0.082105,0.206404,0.022574,0.031329,0.048281,-0.016604,-0.107074,0.152893,-0.030509,0.109586,-0.297156,-0.136058,-0.170887,0.006439,-0.225134,0.084340,0.018097,-0.074840,-0.180903,0.075598,0.117776,0.117517,-0.078241,0.036486,-0.154070,0.268820,-0.320128,-0.110504,0.075340,0.050284,0.123945,0.058481,0.124352,-0.067194,0.180376,0.130842,-0.055305,0.010474,-0.000611,-0.064251,0.178490,-0.182855,0.136641,-0.000871,-0.074538,0.194535,-0.033776,0.115618,-0.003835,-0.138763,0.015680,-0.158473,0.010945,0.019046,#
7,0.137286,0.025704,0.055884,0.076134,0.017326,0.014473,-0.130495,1.000000,-0.092447,-0.148064,-0.360687,-0.076062,0.147050,-0.043029,0.094001,-0.016064,0.052039,0.126389,0.153987,0.129604,0.172688,0.091637,0.125276,-0.079342,0.060500,0.109595,-0.012020,-0.108176,0.065322,0.079065,0.032014,0.060636,0.143360,0.164469,0.196910,-0.065401,-0.175886,0.120440,0.402975,0.059664,0.070846,0.367274,-0.098745,-0.050807,0.060740,0.206872,0.155564,0.144031,0.243146,0.132150,0.012775,0.092489,-0.009450,-0.102171,0.147751,-0.079468,0.004933,-0.211542,0.232723,0.249055,0.080481,0.107190,0.032092,-0.103864,0.195301,-0.044403,0.033784,-0.110067,-0.401782,-0.027476,0.114618,-0.170593,0.076009,0.027411,0.041868,-0.105189,-0.004658,-0.202759,-0.121207,-0.001326,0.235022,0.026811,0.096978,0.083341,-0.069188,0.182866,-0.150729,0.106475,-0.014008,0.169164,0.125015,-0.154983,0.152360,-0.020401,0.211897,0.267197,0.151806,0.165684,0.061675,0.150301,0.096794,-0.014039,-0.330150,-0.114156,0.224251,-0.034930,-0.113829,0.130046,0.141074,-0.221565,-0.048035,0.067053,0.195579,-0.052574,0.384988,0.067867,-0.002016,-0.028473,0.152265,0.250021,0.057816,0.163217,0.184012,0.025422,-0.088514,0.124680,0.107613,0.152532,0.094262,0.211839,-0.003076,0.061996,-0.058679,-0.247663,-0.097824,-0.067899,-0.025367,0.260831,-0.007591,0.038511,-0.135157,0.005057,0.134393,-0.056080,0.121086,0.246927,-0.075000,-0.076216,-0.120585,-0.200463,-0.036410,0.089653,-0.074062,-0.258039,0.180112,0.149022,0.128451,0.240415,-0.221934,0.002676,0.083768,0.052359,0.070426,0.102446,-0.009691,0.115690,-0.177093,-0.181749,-0.190906,-0.141064,0.159005,-0.012187,0.252126,0.211232,0.013133,0.011659,-0.030611,-0.213494,-0.004146,-0.076531,0.192477,0.020074,-0.058565,0.043567,0.219912,0.173588,0.052749,0.151626,0.131991,0.268178,0.080482,0.075978,0.098579,-0.033349,0.177775,-0.079226,0.099336,0.204006,-0.072635,-0.019895,#
8,0.042726,0.053202,-0.135833,-0.089775,0.102955,0.007799,-0.016653,-0.092447,1.000000,0.022242,-0.014987,0.234465,-0.000275,0.120557,0.039693,0.071887,0.033774,-0.170551,-0.178168,-0.107684,0.081589,0.048492,0.081425,0.061228,-0.037095,-0.041627,0.060648,-0.243054,-0.015192,-0.105054,0.035389,-0.064168,0.014051,-0.059285,0.038595,0.483909,0.031199,-0.044949,-0.131016,-0.149858,-0.070465,-0.027365,0.226520,0.288847,0.097741,-0.190079,-0.113750,-0.433276,-0.065137,0.045711,0.133300,-0.046022,0.199472,-0.113182,-0.231830,0.115306,-0.047157,0.110370,-0.168041,-0.166051,0.182804,0.101966,0.102327,0.178609,0.005707,0.225613,0.105843,0.161875,0.126432,0.144697,0.252933,0.191176,0.216557,-0.206277,0.130648,-0.144353,0.126859,0.083797,0.122456,0.166989,-0.083633,0.110110,-0.081342,-0.033992,-0.015958,-0.078096,0.069616,-0.093927,-0.206545,-0.196838,0.028548,-0.044171,-0.186146,-0.180243,-0.231569,-0.041827,0.351020,0.230789,0.349215,0.257660,-0.201384,-0.282360,0.242937,0.348448,-0.263191,0.151481,-0.060762,0.124308,-0.067071,0.281705,-0.062230,-0.128675,-0.080316,0.000138,-0.210967,0.072923,0.328684,0.081639,-0.168897,0.207569,0.057067,-0.018570,0.111934,0.385526,0.145902,0.147004,-0.061163,-0.051778,0.393920,0.148940,-0.077476,0.164487,0.029131,-0.147882,-0.183481,0.266258,0.121436,-0.027061,-0.047051,-0.047825,-0.149592,-0.137634,-0.106765,-0.290597,0.039627,0.147618,0.022855,0.137678,-0.001462,-0.007737,-0.060075,0.223049,-0.179495,0.099891,0.200017,-0.077338,0.153361,0.210420,0.239222,-0.214004,0.125842,-0.040352,-0.141541,-0.268812,-0.090474,-0.087330,0.114297,0.148360,0.157412,-0.132976,-0.184540,0.274831,-0.189963,-0.076965,0.170258,0.034523,0.109771,0.143778,0.163292,0.140431,0.197978,-0.058651,0.065221,-0.069809,-0.019549,-0.185505,0.047503,0.179400,-0.225224,0.031287,0.128449,-0.059623,0.004508,0.061394,0.125135,-0.134207,-0.316481,0.082490,-0.192383,0.176594,#
9,0.077220,-0.011835,0.040052,0.120164,0.085687,0.028589,0.051487,-0.148064,0.022242,1.000000,0.048745,-0.204227,-0.070288,-0.055697,0.124237,-0.202273,-0.179891,0.184142,-0.319052,-0.129994,-0.011865,0.042160,-0.185139,0.015580,0.089420,-0.169712,0.140605,0.219254,-0.088813,-0.362208,-0.266146,0.133159,-0.065942,-0.170724,-0.148007,0.025269,-0.017014,-0.278466,-0.029436,-0.048431,-0.141322,-0.005909,-0.172296,0.032565,-0.036182,0.008797,0.075836,-0.000463,-0.078499,0.115584,0.195058,0.011832,-0.029267,-0.129306,-0.182031,0.075821,-0.006118,0.016453,-0.335080,0.103229,0.131758,0.064811,0.043808,0.026905,-0.140464,0.083442,0.047459,-0.062135,0.029373,0.153955,0.217254,0.042581,0.102317,0.018901,-0.086628,-0.118056,0.085918,-0.022457,-0.045144,0.124203,0.061514,0.233315,-0.149094,-0.156807,0.078780,0.031817,0.249705,0.048205,0.016472,0.212249,0.204522,-0.009593,0.147432,-0.149815,0.175998,-0.189336,-0.111645,-0.172669,0.086715,0.274975,-0.091614,0.128397,-0.011458,-0.155643,-0.055674,0.114691,-0.216902,0.106593,-0.012013,-0.190975,-0.181511,0.244226,0.166669,0.005640,-0.007861,0.043715,0.017829,0.116748,0.178616,-0.020265,-0.260099,0.057380,-0.007592,0.104244,0.055585,-0.065550,0.066408,0.052663,-0.018024,-0.167915,-0.093218,0.066655,-0.111043,0.225139,0.173012,-0.260390,0.028773,0.063294,-0.031254,0.097822,0.292652,0.254619,0.042881,0.197411,0.037504,0.162430,-0.147747,0.220813,-0.006170,0.034526,-0.086850,-0.117992,0.054184,-0.054670,-0.202969,-0.006231,0.071658,0.142927,0.155119,0.153454,-0.140217,0.185233,0.156794,0.116005,-0.209639,-0.063538,-0.089413,0.237097,0.074894,0.058862,-0.049828,-0.078163,-0.026891,-0.436123,-0.113712,0.000614,0.219340,0.034718,0.175214,0.042699,-0.179171,0.128266,-0.051703,-0.050497,-0.014902,0.020606,0.027484,-0.025157,0.179791,0.044659,-0.205573,-0.198202,0.023180,0.021529,-0.245377,0.027919,-0.069324,0.001784,-0.306945,-0.112361,#
10,0.077058,0.033162,0.040812,-0.122822,0.040240,0.062099,0.144283,-0.360687,-0.014987,0.048745,1.000000,0.143004,-0.034535,-0.131527,-0.186135,0.056428,0.111625,-0.005880,0.238745,-0.094459,0.010639,0.052309,-0.372756,0.199461,0.040875,0.087195,-0.268793,0.004551,0.006856,-0.109204,-0.088480,0.093543,-0.094285,-0.092497,-0.065136,-0.128748,0.118179,0.010700,-0.218551,-0.174909,0.004813,-0.255162,0.031579,0.035251,0.025628,-0.146862,0.230974,0.063808,-0.243488,0.046927,-0.141774,-0.052974,0.191164,-0.095304,-0.047593,0.355687,-0.036708,0.109594,-0.161825,0.000064,0.066161,0.018795,0.141899,0.173642,-0.135799,0.084330,0.011953,-0.080311,0.033370,-0.082341,0.075148,0.190201,-0.247256,-0.048529,-0.099856,0.122397,-0.265122,0.042984,0.210654,-0.267215,-0.124909,-0.124853,0.097764,-0.050631,-0.137936,0.148044,0.246234,0.119306,-0.173780,0.023408,-0.038902,0.064254,0.034837,-0.201045,0.052446,0.012417,0.179117,0.064555,-0.013764,-0.011948,0.012169,-0.068592,-0.020642,0.105189,-0.497824,0.070871,0.197205,-0.054054,0.025678,0.048123,0.171677,-0.224798,-0.070789,0.116287,-0.003094,-0.068796,-0.130904,0.015024,-0.080975,-0.173250,0.021068,0.138622,-0.163540,-0.082518,0.099796,0.071768,0.304709,0.024317,-0.064741,-0.091064,-0.029946,0.255599,-0.014957,0.048572,0.044269,0.021804,-0.106080,0.084196,-0.012324,0.103400,0.030393,0.121343,0.200568,0.224482,0.208991,0.088199,-0.075066,-0.022282,-0.011513,0.179039,0.179391,-0.243289,0.000369,0.189394,-0.060048,-0.104475,-0.033016,-0.064082,0.145455,-0.049720,-0.013156,0.192670,0.025940,0.047102,-0.375991,0.093222,0.164827,0.275183,0.115768,-0.086616,-0.157379,0.104699,-0.152959,-0.018746,0.183018,0.175724,0.155852,0.018249,-0.020062,0.186552,-0.307748,-0.127388,-0.082038,0.049765,-0.056037,-0.016657,0.331276,0.130142,0.041100,0.068611,-0.214514,0.027534,-0.045497,0.317407,0.022850,-0.190233,-0.119285,-0.080678,-0.020860,0.321185,#
11,-0.068604,-0.164323,-0.081170,0.187155,0.063993,0.044334,-0.030141,-0.076062,0.234465,-0.204227,0.143004,1.000000,0.006567,-0.013843,0.014810,0.055347,-0.050273,-0.064090,0.149436,-0.007966,0.053603,0.031069,0.039347,-0.039408,0.052192,0.087052,-0.220111,0.173453,0.020402,-0.002789,0.377621,0.141381,0.144677,0.028032,-0.018844,-0.105869,-0.006289,-0.003840,-0.166380,-0.230929,0.196273,-0.073282,0.171554,-0.031699,0.178878,-0.288218,-0.070716,-0.005697,-0.113252,-0.140609,-0.296539,-0.134909,0.264527,0.040748,0.068656,0.055396,-0.201813,0.312253,0.164864,0.220611,0.062909,0.037784,0.153546,0.143054,-0.034934,0.003796,-0.036909,-0.019963,-0.032262,-0.015775,-0.140712,-0.016417,-0.032001,0.068180,0.119822,0.201057,-0.229554,0.240591,0.226303,0.056972,-0.134012,-0.130337,-0.034932,-0.087126,-0.150578,-0.186545,-0.006808,0.039903,0.059878,-0.059073,-0.304177,-0.087708,0.031788,0.111285,-0.193327,0.174451,0.021257,0.174904,0.002856,0.051861,0.023880,-0.217603,-0.234615,0.262188,-0.252328,0.056610,0.088817,0.202335,-0.075117,-0.019995,-0.035694,0.107689,-0.058737,-0.005266,0.030529,-0.093761,0.017309,0.187149,-0.236585,0.279331,0.127953,-0.122658,0.073325,0.424635,0.097510,-0.087961,0.067736,0.270825,0.182110,0.208954,0.031564,0.215851,0.268595,-0.030821,-0.086474,0.282908,0.171070,0.171447,-0.072578,0.291333,-0.175602,-0.213263,0.084049,0.247538,0.005849,0.034683,0.163220,-0.084908,-0.181409,-0.211212,-0.051109,0.108395,-0.009070,0.217035,-0.127709,0.064219,-0.033280,-0.016532,0.084930,-0.075175,0.106970,0.153913,-0.177138,0.212043,-0.072933,0.094296,-0.020983,0.050285,0.000734,0.027543,0.201139,0.184284,-0.116133,0.025478,-0.023308,0.164294,0.087274,-0.070228,0.053684,0.035384,-0.000325,-0.181016,0.027301,0.228518,0.045539,-0.153070,0.088853,0.163880,-0.182819,-0.164449,0.142393,0.266460,0.070974,0.030374,0.134591,0.039169,-0.086356,0.040002,-0.033706,0.141970,#
12,0.362827,0.148214,-0.114853,0.153876,0.074080,0.161651,-0.195442,0.147050,-0.000275,-0.070288,-0.034535,0.006567,1.000000,-0.088173,0.168697,-0.185137,-0.052025,-0.131920,-0.006789,-0.075122,0.080121,0.097761,0.066128,-0.108082,0.123369,0.191975,0.025369,-0.109010,-0.048131,0.160208,0.110225,-0.246974,-0.024849,0.018948,0.455242,0.002559,-0.047086,-0.155610,-0.095138,-0.080090,-0.192762,-0.238505,-0.118011,0.090825,0.063215,-0.045702,0.212404,0.216543,0.213124,0.253486,0.026036,-0.113107,-0.082207,0.005587,-0.075795,0.091688,-0.097705,-0.216276,0.183040,-0.161259,-0.142427,-0.118944,0.070613,-0.088525,-0.026317,-0.121214,-0.218585,0.254189,-0.006910,0.030553,-0.099890,0.071416,0.192760,-0.125386,0.026361,0.274831,-0.006447,-0.019063,-0.123942,0.080679,0.260358,0.119608,0.083014,-0.332387,-0.042999,0.111057,0.041621,0.068343,-0.064625,0.090810,0.123697,-0.308951,0.104134,0.285060,-0.089624,0.037398,-0.152420,-0.089878,-0.230560,-0.253044,0.003369,-0.080164,-0.232798,-0.117578,0.016058,-0.062953,-0.091648,0.249129,-0.130658,0.003414,-0.020900,0.017608,0.179100,-0.027341,-0.138700,-0.113366,-0.260663,0.146781,0.057213,-0.059086,0.177972,0.228917,0.099265,0.114064,0.035883,0.315459,0.046937,-0.003838,-0.247176,0.034707,-0.346102,-0.215108,-0.010520,-0.209771,-0.121037,-0.027857,-0.156450,0.091698,0.016543,-0.176908,-0.223812,-0.243900,-0.139234,0.163440,-0.153578,0.145288,0.227433,0.092846,-0.229810,-0.113290,0.150491,-0.196323,0.104548,-0.279233,0.081802,-0.228594,0.062366,0.119334,0.173761,-0.281295,-0.068946,0.315744,-0.003370,-0.064017,0.081732,0.140584,-0.131710,0.018459,0.229229,-0.003133,0.211580,-0.267234,0.136322,-0.000704,0.140297,0.141106,0.058486,-0.071056,-0.480011,-0.006004,-0.070207,0.152505,-0.110202,0.107011,-0.022744,0.062914,0.125931,-0.052513,0.138958,-0.009468,-0.057553,-0.029565,-0.221108,-0.009786,-0.032658,-0.125822,-0.150044,-0.020688,-0.078817,0.039435,#
13,-0.433658,0.204236,-0.052640,-0.061003,-0.304400,-0.153467,-0.272334,-0.043029,0.120557,-0.055697,-0.131527,-0.013843,-0.088173,1.000000,-0.011164,0.057612,-0.069202,-0.087796,0.137200,-0.244466,0.077479,0.089361,0.249375,0.121235,-0.114370,0.416723,-0.055654,-0.037453,-0.025615,0.027913,-0.023064,0.009912,0.039653,0.116661,-0.033367,0.206805,-0.006914,0.114504,-0.168584,-0.198882,0.135984,-0.016871,0.031607,-0.185075,0.025561,0.118721,-0.241581,0.136621,0.284415,-0.007454,-0.196822,0.045559,0.015449,0.037124,0.164073,0.144034,0.150215,0.160740,-0.102621,0.035819,-0.039115,0.185752,-0.154387,-0.039591,0.021495,-0.092640,0.198196,0.123376,0.127904,0.185313,-0.184431,-0.094421,0.293891,0.058201,0.067759,0.003382,0.014319,0.064895,-0.021475,-0.003161,-0.127876,-0.050029,0.142126,0.086633,-0.231795,0.184035,-0.204810,0.088293,0.291880,-0.061483,0.142221,0.112980,0.152712,0.099326,-0.197918,-0.159058,0.083384,0.032770,0.072576,0.114048,-0.045963,0.070521,0.137188,0.047753,-0.054663,-0.108230,-0.102797,0.258461,-0.232797,0.049083,-0.180846,0.073648,-0.199917,-0.088142,0.069020,-0.069695,0.038674,-0.115360,-0.068012,-0.111959,0.127657,-0.109298,0.156493,0.099533,0.003563,-0.109236,-0.086691,0.112743,0.070201,0.019060,-0.150732,-0.193214,0.062663,0.028691,-0.192944,0.059255,-0.077096,0.050388,0.254291,0.043643,0.198665,-0.178285,-0.043319,-0.166575,-0.065674,0.109406,0.069906,0.158099,0.016820,-0.207480,0.105944,0.015289,-0.098259,0.210849,-0.139021,0.018345,-0.034147,-0.228016,0.060189,-0.050526,0.100792,-0.152017,0.175290,-0.007273,-0.011083,-0.141398,-0.110972,0.145766,-0.064412,-0.056427,-0.065624,0.006137,-0.209465,0.333749,-0.014285,0.116349,0.040281,-0.163295,-0.062511,-0.019109,0.026412,-0.166578,0.111205,-0.091681,-0.223875,-0.002530,-0.122707,-0.277950,-0.181922,0.136209,0.250847,0.098342,0.035981,0.021857,0.055723,0.274538,-0.105213,0.300045,0.042943,0.145907,#
14,0.174385,-0.213718,-0.086469,-0.095539,0.146049,0.125088,-0.167371,0.094001,0.039693,0.124237,-0.186135,0.014810,0.168697,-0.011164,1.000000,-0.135684,-0.044529,0.174523,-0.182509,0.033059,-0.218435,0.019358,0.176596,0.097979,-0.104498,-0.048263,0.010584,0.148504,-0.015126,0.165427,0.459841,-0.031316,-0.010920,0.025220,0.112581,0.036399,0.228552,-0.095189,0.209692,0.006335,-0.008834,0.059034,-0.086761,0.039071,0.084941,0.101706,0.044998,-0.010557,0.123941,-0.052780,-0.046944,0.104859,0.245139,-0.260041,0.008208,0.170023,0.261839,-0.081602,0.233477,-0.181741,0.004417,-0.125662,0.145302,0.070277,0.001417,0.035097,-0.194998,-0.159136,0.013770,0.025899,0.289870,0.025012,0.148459,0.129462,0.111950,0.184746,-0.077820,0.003795,-0.248350,0.052241,0.044457,0.142688,0.097319,0.107030,-0.004375,-0.033889,-0.098244,0.108166,0.010073,0.371267,0.237771,-0.215796,0.212189,0.279487,-0.041636,0.011102,-0.161167,0.020232,-0.054532,-0.020535,-0.290646,0.013429,-0.022973,0.067164,-0.036188,-0.086651,0.036378,-0.014237,0.101158,0.050313,-0.200674,0.140823,0.241179,-0.015843,0.002139,-0.029638,-0.022663,0.053583,-0.036121,0.203726,0.100639,-0.108776,0.155870,0.191872,0.084328,-0.151108,-0.096197,0.021501,0.003925,0.047974,-0.246955,-0.033238,-0.064506,0.028514,-0.077491,-0.400877,0.107887,0.106721,-0.010073,0.140266,-0.058898,0.079805,0.126492,0.333134,0.149224,0.075659,0.035745,-0.019255,0.064597,-0.124163,0.284476,0.022165,0.257430,-0.135187,0.062292,-0.104435,0.136303,-0.007336,0.111133,0.082050,-0.001465,-0.061756,-0.049298,-0.165455,0.375805,0.117226,-0.080145,0.141229,0.064809,-0.014617,0.111559,-0.225147,0.001495,-0.039387,-0.079833,0.033838,-0.096858,0.156011,0.045430,0.133370,0.027884,-0.065710,-0.010413,-0.001798,-0.041250,0.219965,0.142814,0.170640,-0.061156,0.147246,0.101482,0.049113,0.138851,-0.080837,-0.146119,-0.078199,-0.104468,0.215624,-0.134831,-0.150976,#
15,0.007045,-0.191558,-0.029511,-0.267956,0.099316,-0.174558,0.364231,-0.016064,0.071887,-0.202273,0.056428,0.055347,-0.185137,0.057612,-0.135684,1.000000,0.102495,0.172469,0.088255,-0.028378,-0.107875,-0.040663,0.023001,0.197976,0.034633,0.115943,-0.149493,-0.107707,0.070029,-0.313247,-0.017932,0.135204,-0.121050,0.075218,0.015547,-0.004884,-0.020595,0.155383,-0.165433,0.014004,-0.041353,-0.114114,0.148590,0.007016,-0.155932,-0.004935,-0.017208,-0.174984,-0.200215,-0.020697,0.026082,-0.083046,0.021256,0.009058,-0.004257,0.031008,0.112415,0.024100,0.016716,0.240569,0.099733,0.157377,0.164687,-0.157995,0.146438,-0.036608,0.137014,0.147987,-0.081317,0.052471,-0.060350,-0.200246,-0.220483,0.075419,0.102616,0.131290,-0.061639,-0.053608,0.200747,-0.129501,-0.338036,0.092720,-0.000534,0.182398,0.019982,-0.040908,-0.236915,-0.121027,-0.013641,-0.341063,-0.062931,0.141224,0.062301,-0.088833,-0.109351,0.177198,0.111365,0.184754,0.191404,0.207680,-0.153137,0.020726,-0.082237,0.037445,0.015275,-0.063792,-0.083450,-0.204914,0.016499,0.020198,0.037607,-0.201611,0.219840,0.016389,0.449782,0.061131,-0.251493,-0.136869,-0.107085,0.341206,-0.135681,0.165639,0.036027,-0.091504,-0.167472,-0.083933,-0.058375,-0.040091,0.031504,0.165523,0.197498,-0.116257,-0.100590,-0.073070,0.063440,0.212692,0.219043,-0.152245,-0.045950,0.135860,-0.173498,-0.074613,0.067108,-0.105006,-0.068069,-0.010684,-0.059086,-0.040577,0.080323,-0.146237,0.002163,0.301317,-0.056364,0.158668,-0.064073,0.126906,-0.292265,-0.215794,-0.047665,0.064202,-0.010448,-0.046835,0.074460,0.064914,0.029506,-0.017052,0.124384,-0.066482,-0.036390,0.148394,-0.324631,0.214250,-0.201798,0.132149,0.097556,0.017772,0.067836,-0.053552,0.216321,0.077677,-0.042815,-0.063897,-0.142924,-0.003632,0.286606,-0.095677,-0.043391,-0.114316,-0.062974,0.040468,0.013183,0.214864,-0.094891,-0.020970,-0.027269,-0.010182,-0.180669,-0.051266,0.227836,-0.009261,#
16,0.149687,0.209567,-0.102784,0.105531,-0.222043,-0.064847,0.257187,0.052039,0.033774,-0.179891,0.111625,-0.050273,-0.052025,-0.069202,-0.044529,0.102495,1.000000,0.022488,0.299507,0.141846,0.077899,-0.329243,0.009855,0.096636,-0.053346,0.176503,-0.032387,0.049930,-0.227695,0.048769,0.184488,0.143799,-0.099037,-0.082163,0.160244,0.057708,-0.028663,0.367980,0.146240,0.112402,-0.069301,0.008860,0.130882,0.020836,0.042207,-0.200122,0.017888,-0.105689,0.058404,0.144402,-0.050443,0.040690,-0.028158,-0.044924,-0.059093,0.103917,-0.070939,-0.046637,0.017388,0.203833,0.227068,0.204896,-0.058813,0.028681,0.241310,0.072627,-0.032253,0.139944,0.004346,0.058320,0.008583,0.196754,0.132313,0.071091,0.125990,0.043296,0.044410,-0.076909,-0.033058,0.127431,0.183085,-0.082747,0.084989,-0.059223,0.080732,0.092547,0.066225,-0.152160,-0.262635,-0.052366,-0.231740,0.198466,0.263437,-0.217793,-0.013210,0.071593,-0.063247,0.147035,-0.135075,0.156888,0.100011,0.060811,0.043505,0.088733,0.181435,0.076891,-0.042992,0.004187,0.313193,-0.032206,0.143925,-0.096557,0.143127,0.145755,0.095279,-0.036468,0.378702,-0.056872,0.051195,0.022257,-0.143749,0.121674,-0.118631,-0.126270,0.284183,-0.050525,-0.176347,-0.030237,0.003085,-0.028877,0.054838,-0.008658,0.052676,0.173828,-0.008742,0.189662,0.147185,-0.008448,-0.052283,-0.274983,-0.105097,-0.040208,-0.062332,-0.126721,0.040934,-0.211237,0.026888,0.070472,0.072954,-0.045699,0.180958,-0.134685,-0.062174,-0.031462,-0.081727,-0.082772,0.126219,-0.033494,-0.206245,0.100497,0.180954,-0.114800,0.161258,0.049835,0.087283,0.055998,-0.036988,0.197857,0.007474,0.039127,-0.257618,0.060619,-0.157379,0.315505,0.213592,-0.083315,0.029833,0.240877,0.039549,-0.007244,0.130688,0.105350,-0.166716,0.231820,-0.061217,-0.088723,-0.020370,-0.057387,0.138037,0.090731,0.035141,0.147390,-0.115266,0.272327,0.257350,0.009239,0.055583,-0.017721,0.077133,0.044126,#
17,-0.119940,-0.032990,0.092385,-0.091138,-0.038288,0.016384,0.128856,0.126389,-0.170551,0.184142,-0.005880,-0.064090,-0.131920,-0.087796,0.174523,0.172469,0.022488,1.000000,-0.073896,0.062378,-0.083098,0.086167,0.021304,-0.051384,0.014372,-0.077028,-0.227310,0.147978,-0.079062,-0.172557,0.133750,0.158061,-0.241553,-0.074405,-0.135677,-0.416970,-0.082115,0.176745,0.330955,-0.139646,-0.075399,0.194291,-0.094741,0.087222,0.107044,0.286684,0.013897,0.011286,0.025140,0.057796,0.053781,-0.110185,0.020767,0.051407,0.079473,0.162629,0.171744,-0.131459,0.100532,0.057234,0.175815,-0.147464,0.374133,-0.115238,-0.207597,-0.013733,0.243147,-0.076924,0.075858,-0.157113,0.266509,-0.058694,-0.060212,0.319285,0.164333,0.096947,-0.189708,-0.025480,0.122763,-0.080548,-0.135319,0.051713,-0.045305,0.271144,-0.084218,-0.134232,0.255962,-0.094693,-0.131423,-0.043841,0.040854,0.136010,0.202158,0.108797,0.202806,-0.029955,-0.095581,-0.113453,0.074766,0.271998,-0.084966,0.037161,0.014011,-0.175454,-0.050987,0.243787,-0.067552,-0.040415,-0.004595,-0.042174,0.017538,-0.137350,0.270357,0.173403,0.274494,-0.040439,-0.045552,0.050076,0.079490,0.173589,-0.107420,0.007004,-0.150093,-0.145091,0.084162,0.042091,-0.089854,0.137751,0.020311,0.056167,0.075749,0.042504,0.009469,-0.012731,-0.055862,-0.037506,0.250236,-0.050789,-0.253627,0.061287,0.097467,0.059507,0.264456,0.060032,0.040518,0.027448,-0.409646,-0.211035,-0.022848,-0.024534,0.206494,0.033471,-0.053063,0.097510,-0.117100,0.147045,0.110860,-0.142417,0.014926,0.110379,-0.080881,-0.028476,0.255335,0.073394,-0.150269,-0.258135,-0.308396,-0.021448,-0.019362,0.024131,-0.095478,-0.088317,-0.177791,-0.246379,-0.056179,0.097495,0.117384,-0.014311,0.149167,0.132348,-0.080533,0.160475,-0.015478,0.089474,-0.007301,-0.140595,0.112889,0.016497,0.067428,-0.134787,-0.030371,0.080250,-0.201535,-0.177708,-0.234326,0.168684,0.022743,-0.168437,-0.128318,-0.261489,#
18,-0.185147,0.170435,0.090691,-0.102520,-0.307774,0.068464,0.032475,0.153987,-0.178168,-0.319052,0.238745,0.149436,-0.006789,0.137200,-0.182509,0.088255,0.299507,-0.073896,1.000000,-0.018579,0.143853,0.164343,-0.191075,0.102709,-0.159394,0.051409,-0.188702,-0.121563,-0.031872,0.006768,0.019059,0.073792,-0.049547,0.274577,0.063667,-0.044652,-0.213868,0.381846,0.080213,-0.051933,0.236217,-0.101746,0.185964,-0.198786,-0.040225,-0.054298,0.244963,0.313926,0.133938,-0.046865,-0.327572,0.076178,-0.029679,-0.001702,0.076064,0.039253,-0.031832,0.070628,0.110553,0.184025,0.066357,0.030978,-0.126608,-0.068577,0.141568,-0.159995,0.187308,-0.132946,-0.132038,0.092515,-0.202026,0.057468,0.011198,0.025155,-0.069489,-0.112064,-0.221918,0.016158,-0.001752,-0.136621,0.001780,-0.290640,0.168763,-0.007967,-0.022823,0.240177,-0.216568,0.139383,-0.086801,-0.079083,-0.079315,0.038937,0.158467,0.073257,0.093813,-0.010275,-0.021522,-0.008782,0.006252,-0.013805,0.167574,-0.024110,-0.082094,-0.117012,0.184302,0.306837,-0.024845,0.187580,0.013445,-0.017723,0.011822,-0.022052,-0.062771,-0.102656,0.158652,-0.068865,-0.054329,-0.094084,0.073341,0.031023,0.055885,-0.164624,-0.079037,-0.099783,0.091666,-0.091987,0.058350,-0.023836,0.082990,-0.038231,-0.004048,0.034165,-0.148651,-0.095886,-0.009077,0.302364,-0.127303,0.016139,0.137439,-0.184822,-0.313659,-0.139379,-0.020496,-0.114118,0.067038,-0.037534,-0.038260,-0.022950,-0.111946,-0.078489,0.056623,-0.117256,0.232949,0.077201,0.011174,0.115687,-0.153806,-0.326026,-0.322940,-0.174576,-0.098123,-0.193812,0.059779,-0.046927,0.058297,0.017493,-0.029766,-0.083545,-0.139812,0.063057,0.095251,-0.021752,-0.036909,0.208234,0.167218,0.041244,-0.161634,-0.066444,-0.091851,0.043745,0.032185,-0.159494,-0.273054,0.042390,-0.106168,-0.236151,-0.039676,-0.077359,-0.176599,0.035133,-0.041479,0.212162,0.074405,0.174427,0.212876,0.040237,-0.043042,0.213985,0.110915,0.273590,#
19,0.156709,-0.143893,0.082243,-0.103562,-0.079099,0.203166,-0.006447,0.129604,-0.107684,-0.129994,-0.094459,-0.007966,-0.075122,-0.244466,0.033059,-0.028378,0.141846,0.062378,-0.018579,1.000000,-0.116095,-0.195999,-0.107584,-0.229142,0.000586,0.031772,0.037076,0.194098,-0.229485,-0.029930,0.099124,0.067613,0.141651,0.117621,0.162247,0.019177,0.202951,0.199390,0.099981,0.036698,0.149459,0.310514,-0.085996,-0.011459,-0.120354,0.105063,-0.048235,0.027111,0.209660,0.290153,0.014957,-0.177569,0.026377,0.301499,-0.092527,0.052595,0.122666,-0.096393,-0.002307,0.091934,-0.045961,-0.021579,-0.051795,0.198018,0.060119,-0.139585,0.096860,0.144137,0.206746,0.016211,0.263572,-0.146593,0.009705,0.058033,-0.108482,0.061621,-0.016171,0.037137,0.036078,0.127474,0.269458,-0.100043,-0.021421,0.166377,0.225535,-0.057829,0.024475,-0.092308,0.007458,0.082314,-0.157338,0.052839,-0.035780,-0.118251,-0.036323,-0.053126,0.041538,0.210934,0.094589,0.156120,-0.030517,-0.016615,0.170561,0.038564,0.062949,0.063948,0.095201,-0.092565,-0.065953,-0.263569,0.226036,0.036288,-0.038694,-0.136843,-0.047173,-0.021422,0.055141,0.030059,0.218455,0.086448,0.170562,-0.105674,0.060557,0.011322,-0.079779,0.128013,0.036019,0.214439,0.066511,-0.112766,0.089743,0.066977,-0.020009,0.126482,-0.069031,0.029805,-0.089741,0.028833,0.189284,-0.154545,-0.088182,-0.033182,-0.251092,-0.121626,0.343852,-0.190858,-0.160624,-0.199591,0.105605,0.086077,0.054398,0.052458,-0.069377,-0.071301,0.136437,0.009795,0.320679,-0.022364,0.204463,0.112069,0.229481,0.125061,-0.203830,0.307896,0.269555,0.181601,-0.087348,-0.000335,-0.065112,0.021694,-0.254122,0.131361,0.351185,0.143683,0.163699,0.051911,-0.038560,0.141401,0.184654,0.072516,0.141226,0.153179,0.129457,0.178581,0.001660,0.075903,-0.219159,-0.019621,-0.002923,0.081412,0.038872,0.002251,-0.148117,0.076849,0.076066,0.132420,0.071057,-0.201312,0.167387,-0.201966,#
20,-0.173582,0.291623,-0.008725,0.309583,0.214976,-0.015014,-0.074228,0.172688,0.081589,-0.011865,0.010639,0.053603,0.080121,0.077479,-0.218435,-0.107875,0.077899,-0.083098,0.143853,-0.116095,1.000000,0.111549,0.155971,0.209094,0.179588,0.283776,-0.185259,0.155422,0.209273,0.029592,0.022502,-0.006714,0.285033,0.185811,-0.037416,0.255418,-0.327705,0.047752,-0.097482,0.208385,0.126411,0.048163,0.050908,-0.269855,0.356800,-0.152188,0.002938,0.083145,0.118511,0.211194,-0.132486,0.169463,0.047154,0.143262,0.171598,-0.265341,-0.374198,-0.108680,0.101785,0.012593,0.139405,-0.006193,0.034599,0.187393,0.007453,0.192363,0.064077,-0.142517,-0.120855,0.043906,0.051662,0.091385,0.332784,0.016728,-0.057724,-0.092228,0.166717,-0.099833,0.344602,-0.076897,-0.102107,0.085192,0.171072,-0.375116,-0.105948,0.086769,0.009680,0.030110,0.024743,0.251102,0.107989,0.074117,-0.003589,-0.157222,0.015030,0.279377,0.147234,-0.002406,0.027864,0.164840,0.133180,-0.045117,0.027186,0.140434,-0.059546,0.269770,0.270087,0.069049,-0.031484,0.372643,-0.048358,0.221005,0.009701,-0.027947,0.019102,-0.000311,0.016348,-0.049289,-0.120382,0.016980,0.133139,0.095509,-0.076036,0.193226,0.074995,0.157253,0.276563,-0.090691,0.039478,0.165193,0.005614,0.147457,0.191187,0.084105,-0.062613,0.141672,-0.013044,0.295506,0.029470,0.188854,-0.013297,0.063468,-0.010312,-0.102367,0.021808,-0.138774,-0.120418,0.070757,-0.026886,-0.120968,0.053451,-0.026678,0.074135,0.088067,-0.030562,0.050004,0.224705,0.130483,0.013986,-0.020354,0.124813,0.155122,0.147303,0.132161,-0.147422,0.017244,-0.056819,0.178420,-0.021103,-0.252590,0.195368,-0.154208,-0.024122,0.157358,0.112293,0.159681,-0.101559,0.149907,0.025810,-0.014346,0.226940,-0.012738,0.003006,0.176845,0.061610,0.079887,-0.008195,-0.038504,-0.037364,0.081977,0.112099,0.266568,0.256495,0.177162,0.262608,0.163892,-0.012888,0.116416,0.007521,0.060506,#
