0,1.000000,0.019655,-0.243230,0.206086,0.194223,0.136388,-0.153574,0.136013,-0.036396,0.094272,-0.310585,-0.168617,-0.003995,-0.030772,0.180298,-0.180234,0.046945,0.031923,-0.029853,0.137752,0.174570,-0.035435,-0.004091,0.016986,0.209124,0.151819,0.232056,-0.204154,0.088226,0.004031,-0.201440,-0.045261,0.110646,-0.151149,0.187730,-0.018328,-0.024966,0.008326,0.097710,0.094018,-0.003689,-0.019142,-0.015600,-0.003656,-0.222480,-0.066293,-0.009542,-0.117449,0.178283,0.134237,0.238107,-0.005731,-0.173406,0.124495,0.007062,0.237728,-0.210442,-0.048303,0.025548,-0.055298,0.112950,-0.100658,-0.347373,-0.094626,0.154068,0.142999,-0.171974,0.065777,0.008115,0.063792,0.066710,-0.192136,0.020961,-0.364631,-0.093618,-0.013464,-0.113567,-0.082513,-0.157996,0.006462,0.129591,0.049595,-0.106871,-0.062471,-0.050745,0.164064,-0.043468,-0.232968,-0.019844,0.142014,-0.094438,-0.172739,-0.308371,0.041263,-0.111578,-0.045030,0.137933,0.027160,0.038601,0.153571,-0.148835,-0.074144,-0.050330,0.083087,0.167020,-0.179159,-0.215433,-0.047951,-0.009577,0.046348,0.116028,-0.104664,-0.165980,-0.058885,-0.124868,0.120831,-0.006830,-0.203399,0.154190,0.026148,-0.023605,-0.249262,0.182403,-0.041029,0.134562,0.224517,0.091640,0.138154,0.082707,-0.098574,0.105169,-0.273894,0.004640,-0.142205,-0.016418,0.011823,0.009099,0.105679,-0.039292,-0.092760,-0.045092,0.201093,-0.374196,-0.115742,-0.135692,0.054980,0.239955,-0.158657,0.105526,0.058845,0.111464,-0.169968,0.126449,-0.206275,-0.069726,-0.077890,0.068888,-0.049158,-0.123819,0.014897,0.172834,0.342077,0.183769,-0.084003,0.217781,0.088922,-0.037365,-0.226255,0.300089,0.069870,0.153011,-0.030199,0.190257,0.059116,0.124109,-0.262347,-0.080078,0.097057,0.107568,-0.013228,-0.078562,-0.045719,-0.195708,-0.095513,0.098462,0.231803,-0.053088,0.032790,-0.182088,-0.070712,-0.178837,-0.145083,0.179682,-0.092063,0.135524,-0.057813,0.015775,-0.034878,-0.064934,0.160080,#
1,0.019655,1.000000,0.175838,0.147661,-0.085226,0.089592,0.312064,0.089190,-0.085382,0.073947,0.150543,-0.113522,0.242444,0.002397,-0.354045,0.135884,0.236232,0.209555,0.335057,-0.196691,0.301401,0.173623,-0.150521,0.152982,0.201761,-0.271285,-0.105861,0.042911,0.081721,0.101549,-0.084110,0.330602,0.186444,-0.097223,-0.003158,-0.017081,-0.126782,0.031012,-0.065204,0.033518,0.237072,-0.088874,0.046650,0.164400,0.116649,0.286310,0.158127,0.087686,-0.333825,0.116122,0.086400,-0.115945,0.198012,0.231798,0.091423,0.181598,-0.218294,0.054013,0.118243,-0.035338,0.123562,-0.077948,0.204036,-0.020335,-0.055554,0.101544,0.160749,0.003916,0.302007,-0.000087,0.112100,0.177822,0.110412,0.184036,-0.037161,-0.176092,0.046030,0.157963,0.280242,0.013994,0.040296,0.237243,0.089255,-0.064840,0.162173,0.108687,0.109810,-0.124972,-0.101285,0.239362,0.042784,-0.062299,0.029955,0.055186,0.111061,-0.011917,0.145366,-0.115100,0.027574,0.120791,0.168638,-0.046112,0.189912,0.238122,0.146296,0.182164,0.021982,0.253825,0.097162,-0.099611,0.249356,0.145243,-0.027317,0.083812,0.190443,0.136558,0.086943,0.245896,0.091284,0.203241,-0.137536,0.186547,-0.130268,0.212382,0.074011,0.158617,0.220395,0.069839,0.140847,0.028414,0.008732,0.068616,-0.022878,0.129994,0.086929,0.140936,0.000844,-0.239986,0.177210,0.053483,-0.075216,0.106233,-0.285891,-0.050479,-0.034985,-0.179091,0.195645,-0.139781,-0.221789,0.180185,-0.077844,0.180536,-0.224270,0.289930,0.146262,0.068128,-0.059295,-0.030054,0.000241,0.013685,-0.069737,-0.022555,0.340579,0.004389,-0.187537,-0.056923,0.250962,-0.079959,-0.033903,0.092563,0.421416,-0.186272,0.294504,-0.038531,0.257001,0.057531,-0.030243,0.241352,-0.013272,0.057590,-0.104121,-0.149400,-0.172770,-0.075317,-0.054166,0.118478,0.083689,0.098180,-0.056725,-0.223268,-0.268215,0.264176,0.123491,0.357853,0.059065,0.337730,0.177804,-0.191227,0.126268,0.069259,#
2,-0.243230,0.175838,1.000000,-0.147199,-0.305189,0.083552,0.076830,0.032097,-0.096919,-0.075608,0.198054,-0.196554,0.034123,0.096208,-0.220969,0.124735,0.039565,0.195143,0.338822,0.084640,0.046750,-0.008490,-0.164718,-0.198361,0.095784,-0.150308,0.146625,-0.196363,-0.032074,0.025779,0.163622,0.024908,-0.030341,0.104406,0.308940,0.012078,-0.006057,0.021035,-0.122103,0.173486,0.425979,0.014706,0.163188,-0.156067,-0.005245,0.127557,-0.031482,0.079595,-0.088745,0.073205,-0.031185,0.075152,0.108060,-0.027318,0.137757,0.137983,0.175234,0.122513,-0.034465,-0.045397,0.120491,0.224946,0.021110,-0.088287,-0.007025,-0.159391,0.206883,-0.112712,0.317132,0.092462,-0.003608,0.364755,-0.087405,0.350529,-0.112679,-0.006607,-0.129444,0.265898,0.056590,0.203310,0.155661,0.134349,0.015615,0.105336,0.240090,0.227721,-0.027995,0.028562,-0.124980,-0.054232,0.067732,0.145037,0.000964,0.035225,-0.093875,0.210639,0.102989,0.112732,0.020213,-0.059480,0.110765,-0.231612,-0.143561,0.152757,0.318742,0.083231,0.010858,0.272279,0.172452,-0.025411,0.140675,0.087322,-0.186790,-0.109211,-0.025583,0.061813,-0.038777,0.140998,-0.080401,0.097327,0.015901,0.216125,0.100835,-0.059722,0.086681,0.278003,-0.071723,0.201217,-0.067498,0.198015,-0.000379,0.162443,0.084061,0.025007,-0.081000,0.038264,0.047443,-0.088302,-0.001912,-0.248766,-0.287050,0.045909,-0.000648,-0.062153,-0.110158,0.126900,0.313991,0.153995,0.031389,-0.026031,-0.112554,0.087883,-0.175996,0.282698,0.112168,0.104934,-0.092199,-0.157219,0.044055,-0.062408,-0.026034,-0.362290,-0.069250,-0.010446,-0.043692,0.027769,0.071971,-0.027588,-0.108263,0.203177,0.262389,-0.009234,0.148862,-0.045487,0.149844,0.007224,0.330655,0.090220,-0.216843,-0.104251,0.123407,0.203387,0.380480,0.255762,0.048686,-0.219608,-0.040332,0.163920,0.072850,-0.090371,-0.024408,0.137219,-0.315648,0.329738,0.028670,0.245886,0.146831,-0.105605,0.258782,0.009710,#
3,0.206086,0.147661,-0.147199,1.000000,0.119949,0.074683,-0.392414,-0.070498,0.009402,-0.015466,-0.271939,-0.057854,-0.080505,0.191479,0.001675,-0.267143,0.313949,0.022147,0.031306,0.025446,0.243821,-0.093869,0.090437,-0.227238,0.056959,0.244465,0.049839,0.169831,-0.096108,0.231274,0.030383,0.034788,0.065074,-0.106755,-0.035206,-0.122883,-0.007196,0.199047,-0.111960,0.151618,0.003712,-0.079957,0.068128,-0.005739,0.039201,-0.004773,-0.123648,0.087100,-0.182326,-0.076475,0.049485,0.283677,0.115226,0.013151,0.164360,0.047811,-0.037899,-0.003389,-0.044216,0.148821,0.076889,-0.066900,-0.204116,0.161370,0.016324,0.149893,-0.115942,0.154132,0.003449,-0.031505,-0.163903,-0.317144,0.143215,-0.067843,-0.206273,0.189889,0.045928,-0.085445,0.163445,0.181193,0.160478,0.119310,0.041501,-0.060782,-0.027992,0.184644,-0.018147,0.126390,-0.009010,0.093122,-0.196069,-0.046401,0.016097,-0.180941,0.085974,-0.127268,-0.105970,0.071841,-0.026157,0.275018,0.000316,-0.012056,-0.034677,-0.162238,-0.119465,-0.202802,0.005990,0.029190,-0.069340,-0.123310,0.100813,0.076402,-0.072766,0.051267,-0.062493,0.191718,0.207650,0.038288,0.055177,-0.016252,0.019942,-0.342958,0.050483,0.061681,0.080262,0.184212,0.124573,0.101502,-0.063492,-0.166288,0.082993,-0.146669,0.193678,-0.142149,-0.087919,-0.050587,-0.164806,-0.049386,0.193713,0.171239,-0.127239,0.025471,-0.293315,-0.122770,-0.216891,-0.000764,0.157386,-0.030229,-0.013221,-0.168215,0.005768,-0.184241,-0.144293,0.177341,-0.046100,0.078627,-0.100615,-0.157315,-0.074272,0.081410,0.225570,0.263858,0.003890,0.246028,0.097584,-0.079209,-0.087883,-0.151821,-0.064484,0.107851,-0.053788,-0.170680,0.028182,-0.059626,-0.067768,-0.176015,-0.115639,0.020069,0.026551,0.166241,0.082356,0.080419,-0.104769,0.235798,-0.016617,0.257625,-0.230816,-0.195882,-0.099915,-0.112183,-0.106688,0.130528,0.125908,-0.096749,0.087491,0.054109,0.121380,0.013233,-0.032906,0.163769,#
4,0.194223,-0.085226,-0.305189,0.119949,1.000000,0.183985,-0.147534,0.071216,-0.068586,0.226780,-0.113081,-0.048220,-0.165002,0.037040,0.065604,-0.108145,0.058300,0.032573,-0.264317,0.068833,0.229023,0.059146,0.329141,0.144190,-0.031703,0.144451,-0.182554,0.124656,0.039887,0.152198,0.059138,0.165092,-0.239011,0.026402,0.132985,0.112507,0.097253,-0.039129,0.063352,0.269564,-0.138037,-0.129456,0.099257,-0.224248,0.208244,-0.161546,0.129203,-0.060427,-0.067244,-0.101375,0.373274,-0.110120,-0.001879,-0.236342,-0.042851,0.038537,-0.032795,0.171992,0.083363,0.011475,-0.040642,-0.140084,0.287068,-0.135642,0.304530,0.370177,-0.087730,0.186533,0.017047,-0.163053,-0.145130,-0.197219,-0.152590,0.048772,0.035254,0.018906,0.065853,-0.106278,-0.056587,-0.056404,-0.032047,0.054922,0.135529,-0.097341,0.095428,0.113793,-0.070932,0.203328,0.065891,0.170180,0.102310,-0.124744,0.197061,0.015975,0.173139,-0.049401,0.006713,0.069851,0.045042,0.005033,-0.150321,0.233528,-0.039038,0.163846,-0.095950,-0.286517,-0.002807,-0.020751,0.067881,0.113122,-0.273167,0.073532,0.138389,0.144113,-0.037757,-0.118521,-0.022025,0.149555,-0.002349,-0.076396,-0.221142,0.014592,-0.058258,-0.124415,0.075332,0.084228,0.062169,-0.031236,0.186324,-0.171137,-0.065187,-0.114326,0.065314,-0.005824,0.002562,0.056968,0.058654,0.210715,-0.105317,0.023750,-0.104804,0.301424,0.178630,0.168233,-0.003232,-0.023052,0.068106,-0.125948,0.144184,-0.059590,0.090387,0.133828,-0.042864,-0.194579,0.059761,-0.059671,0.189965,0.148681,0.102900,0.023966,-0.019331,0.178230,0.115293,0.082634,0.239748,-0.009173,-0.055457,-0.119633,0.071710,-0.049907,-0.117672,0.162166,0.026329,0.205025,-0.129290,-0.179268,0.150813,0.185067,0.102928,0.346759,-0.022272,-0.050179,-0.122259,0.100148,0.060683,0.209107,0.113919,0.107942,0.024828,0.359627,0.112549,-0.253476,0.188168,0.112237,-0.111281,0.031812,-0.027709,0.016016,0.154458,-0.092476,#
5,0.136388,0.089592,0.083552,0.074683,0.183985,1.000000,0.198393,0.061518,0.130866,0.181306,0.095448,-0.247508,0.066044,0.064857,-0.150208,0.086647,0.200002,0.135794,0.176342,0.226864,0.101138,-0.007476,0.123136,-0.015999,0.345346,0.284401,0.194869,0.002840,0.217397,0.094327,-0.162363,-0.050169,-0.153548,0.128081,0.299283,-0.032863,0.015184,0.113133,-0.239815,0.236989,0.000072,0.034960,0.412576,0.038072,-0.043081,0.048380,-0.264006,0.144404,-0.209757,0.088378,0.185939,0.096211,0.059313,-0.240762,0.174303,0.121950,-0.120111,0.022441,0.056956,-0.092065,0.178908,-0.029353,0.044228,-0.120154,0.124366,0.300631,-0.141531,0.061625,0.086573,-0.073844,0.157639,0.160605,-0.149168,0.081622,0.061729,0.214874,-0.280887,0.220401,-0.028276,0.062854,0.134162,-0.129498,-0.120358,0.038492,0.098677,-0.020632,-0.054075,-0.060506,0.024827,-0.243380,0.392378,0.162522,-0.171554,0.031216,0.114314,0.019633,0.240483,0.208149,0.071159,0.191228,0.000115,-0.066200,0.045515,0.179602,0.075573,-0.178541,0.107778,0.203354,-0.054056,-0.024556,-0.060460,-0.118491,0.166305,0.108850,-0.054521,-0.102600,0.349767,0.132679,0.090481,0.128983,-0.029984,0.057570,-0.078237,-0.053865,-0.000268,0.231579,0.251845,0.048875,0.028543,-0.085307,0.131424,-0.122539,-0.039527,-0.127393,-0.035288,-0.152217,0.049132,-0.090095,-0.028065,-0.027156,-0.070560,0.036801,-0.095523,-0.030281,0.016777,0.217766,0.202728,0.296157,0.157024,0.037552,0.038037,0.047174,0.344446,0.001136,0.288125,0.134447,0.019467,-0.201794,-0.012370,-0.076728,-0.057529,0.131318,0.208972,0.041557,-0.097905,-0.043844,-0.085354,0.041699,0.192398,0.287216,0.189698,0.266640,0.054261,0.212101,0.085168,0.139270,0.305189,0.036792,0.115540,0.200262,0.035391,-0.142627,-0.205071,0.014387,0.064038,0.077497,0.261509,0.208168,0.039216,0.218112,-0.080268,-0.055144,-0.090200,0.249056,-0.035572,0.048323,0.062169,0.108852,0.051175,0.292846,#
6,-0.153574,0.312064,0.076830,-0.392414,-0.147534,0.198393,1.000000,0.019038,-0.072906,0.075151,0.412713,-0.108957,0.179668,-0.072178,-0.316162,0.508194,0.263450,0.161444,0.131717,-0.304222,-0.261294,-0.074729,-0.168370,0.048357,0.066474,-0.154985,0.112111,-0.036556,0.144379,-0.078422,-0.092710,0.086734,-0.041945,0.086509,-0.049623,-0.071134,-0.110017,-0.189928,-0.177759,0.010816,0.119474,0.184190,0.092499,0.221510,-0.172272,0.003495,0.120857,0.093730,-0.142269,0.179126,-0.194934,-0.241290,-0.134335,-0.151777,-0.011429,0.047312,-0.082655,-0.025675,-0.030102,-0.037693,-0.047056,0.078331,0.061100,-0.270960,0.103113,-0.076490,-0.097135,-0.068313,0.061863,-0.171354,0.207191,0.100911,-0.179393,-0.011707,0.226868,-0.226674,0.063139,0.173202,0.064934,0.054969,-0.098492,0.053696,-0.020005,0.082151,-0.083080,-0.150721,-0.009958,-0.081034,-0.008992,-0.018383,0.179590,-0.117104,0.044082,0.120524,0.014324,0.037160,0.316724,-0.140664,-0.284518,-0.010986,-0.045896,-0.062223,0.058226,0.069776,0.158204,0.040340,0.169614,0.193551,0.302968,-0.052873,-0.031280,0.011778,0.251090,0.113743,0.247554,0.294166,0.027662,0.014310,-0.174400,0.076523,-0.069979,0.514229,-0.352635,-0.154066,-0.016820,-0.061296,0.123147,-0.070320,-0.049007,0.155421,0.000316,0.083339,-0.008935,0.038235,0.080670,-0.264403,0.197872,-0.219848,0.049599,0.104412,0.105713,-0.057261,0.229961,0.020133,0.002191,0.080910,-0.010778,0.219693,0.092250,0.160080,0.099586,0.167016,-0.071983,-0.018042,0.062585,0.058985,-0.129662,0.030198,-0.215644,-0.079973,-0.258771,-0.147008,0.230911,-0.062499,-0.396939,-0.056361,0.210121,0.104801,-0.072393,0.112337,-0.027164,0.218932,-0.151330,0.009523,0.134679,0.251703,0.100322,0.048183,0.054944,-0.178601,-0.103533,-0.203818,-0.043113,-0.216363,-0.026198,0.045840,0.255371,0.098368,-0.028328,0.052318,0.017852,0.008499,-0.139270,0.277028,0.054671,0.107629,-0.122484,-0.107447,0.040775,0.059007,#
7,0.136013,0.089190,0.032097,-0.070498,0.071216,0.061518,0.019038,1.000000,0.364249,0.161409,-0.030027,-0.107467,0.152860,-0.023913,-0.061676,-0.067759,-0.016592,0.183246,0.139497,0.133480,0.252343,0.124915,0.090572,0.017641,0.056866,0.127117,-0.105448,-0.267034,0.211775,0.148688,0.043964,0.134809,0.187361,-0.019934,0.071449,0.139137,-0.074333,0.123698,0.256887,0.329062,0.085666,-0.011969,-0.036688,-0.149153,-0.014724,0.049490,0.123073,0.238817,0.018217,0.210851,-0.138478,0.118410,0.173120,-0.033268,0.152615,-0.044534,-0.129991,-0.052325,0.138030,0.085059,0.143712,0.200155,-0.026186,0.098988,0.210736,0.139494,0.051881,-0.054366,-0.270841,-0.047163,0.159850,0.022982,-0.028072,0.045753,-0.163230,-0.184130,-0.174759,0.002807,0.259932,0.116260,0.048849,0.115683,-0.017344,-0.041793,0.177146,0.265731,-0.093437,0.087171,-0.303866,0.108668,0.206195,-0.186070,0.153339,0.159283,0.026062,0.222521,0.349967,0.363500,0.131782,0.062817,0.027169,-0.123592,-0.322327,0.093114,0.061007,0.169325,-0.259422,0.158105,0.024456,-0.170582,0.239105,-0.014711,0.009932,0.065636,0.334304,-0.000814,-0.126159,-0.045720,0.033542,0.385362,-0.066148,0.132004,0.309595,-0.029379,0.072052,0.038173,-0.046522,0.063025,0.051419,0.148483,-0.036669,0.162716,0.111634,-0.154463,-0.150630,-0.047928,-0.219950,0.158999,0.211419,0.004544,-0.063773,0.096111,-0.166968,-0.160787,0.027817,0.127276,0.073132,0.147660,-0.107884,0.327527,-0.232260,0.208752,-0.104705,0.290751,0.238764,0.423846,0.011948,0.000334,0.012808,-0.193586,0.110473,-0.003196,-0.081811,-0.165945,-0.106879,0.019933,0.038605,-0.075728,-0.010051,-0.159269,0.177925,0.222026,0.146441,0.243403,0.293267,-0.130331,-0.003813,0.282164,0.098753,0.109660,0.133666,-0.050629,-0.132758,0.017773,0.139857,0.120529,0.138470,0.167888,-0.059493,0.006895,0.201627,0.130995,0.004076,0.000883,0.034009,0.013585,-0.203905,-0.125741,0.121542,-0.029389,#
8,-0.036396,-0.085382,-0.096919,0.009402,-0.068586,0.130866,-0.072906,0.364249,1.000000,-0.081492,-0.182179,0.177253,0.019228,0.072679,-0.011941,0.034125,-0.044138,-0.072072,-0.063520,0.153934,0.094442,0.037316,-0.069148,0.114642,0.040539,0.099081,0.049563,-0.088207,-0.225538,0.207438,0.048227,-0.033985,0.292065,-0.079741,-0.054709,0.372359,-0.134341,0.025825,0.105394,-0.023424,0.142072,-0.080053,-0.046857,0.303015,0.110166,-0.111578,-0.050165,-0.031882,0.197968,0.264713,-0.198640,0.123485,0.238683,-0.231645,-0.038659,-0.022519,-0.133036,-0.030906,0.011856,-0.063341,0.091466,0.225077,-0.056626,0.079161,-0.119566,0.088748,0.225154,0.054036,-0.059291,-0.078554,0.002085,0.073238,0.252443,-0.113230,-0.125358,0.019441,-0.213207,-0.047566,-0.014488,0.256695,-0.052376,-0.006712,-0.036209,-0.019944,-0.138209,-0.108145,0.294894,0.026751,-0.140611,-0.206321,0.211883,0.240733,0.064310,-0.018252,0.040199,-0.063514,0.151547,0.090185,0.070928,-0.008585,-0.178836,-0.166512,0.081352,0.094327,-0.128377,0.101562,0.120943,0.054268,0.076492,-0.023162,0.026229,-0.135283,0.051698,-0.032603,-0.025178,0.011898,0.154852,-0.016875,-0.131629,0.016865,0.114778,0.020914,0.276060,0.031069,-0.066602,0.003892,-0.110562,0.085959,0.132592,0.241554,-0.060218,0.336682,0.005485,-0.141962,-0.240920,0.205958,-0.153125,-0.057368,0.031451,-0.137447,0.041133,-0.069048,-0.116123,-0.329740,0.108731,0.047917,0.145975,0.253382,-0.231952,0.337334,-0.020180,0.138649,0.136289,0.261340,0.061718,0.219187,0.001529,-0.054347,0.065057,-0.303655,0.123637,-0.001621,-0.018887,-0.041432,-0.071630,-0.064964,-0.169519,0.137279,-0.113089,0.017809,-0.067114,0.095895,-0.192253,0.204538,0.122485,-0.060434,-0.031440,-0.193733,0.056866,0.032852,0.230340,0.081494,-0.121126,0.051089,-0.176984,-0.183311,0.223571,0.034086,-0.080842,0.123081,0.181427,0.018053,-0.191074,0.082171,-0.060885,-0.083182,-0.132454,-0.089087,-0.074217,0.263847,#
9,0.094272,0.073947,-0.075608,-0.015466,0.226780,0.181306,0.075151,0.161409,-0.081492,1.000000,0.199091,0.064168,0.123144,-0.129645,-0.032834,-0.032715,0.029229,0.346634,-0.154115,-0.011051,0.116819,0.042025,0.098583,0.020873,0.064260,0.115761,0.054406,-0.099190,-0.069740,0.159358,0.100993,-0.068457,-0.075812,-0.034064,0.072519,-0.038160,0.135317,0.022189,-0.035950,0.028948,-0.163101,-0.053047,0.081393,-0.043229,-0.190741,-0.107993,0.054465,0.225493,0.267880,0.125620,0.085794,-0.184927,-0.058382,-0.065166,-0.047724,0.183432,0.052559,0.052613,-0.033120,0.233773,-0.026461,-0.058968,0.093330,-0.032128,0.022060,0.163718,-0.095331,-0.038297,-0.004666,-0.119651,0.082924,0.041870,-0.113888,0.045469,0.109636,0.082693,0.030036,0.203406,0.062616,-0.101546,0.041192,0.038596,0.043421,0.012609,0.184968,0.101984,0.188267,-0.157970,0.093596,0.259459,0.077370,-0.254522,0.103904,0.046402,0.251177,0.017573,-0.051811,0.166011,0.058978,0.088326,0.194569,0.111573,-0.261919,0.018497,0.068874,-0.186227,-0.120588,0.312065,-0.110645,0.004588,0.179765,0.242973,-0.042228,0.007300,0.079844,0.188686,-0.000682,0.148102,0.353668,0.294828,-0.315624,0.021845,0.087178,-0.105192,0.205419,0.063246,0.041320,0.054165,-0.098471,-0.024972,-0.005055,-0.090667,0.201933,-0.147975,-0.011021,-0.060126,-0.139394,0.010706,-0.037132,0.123249,-0.033605,0.132807,0.095736,0.104507,0.195588,0.263142,0.034820,0.055206,0.013479,0.016955,0.173062,0.279350,-0.105970,0.081190,-0.133176,0.030121,0.155577,0.255947,0.364672,0.131564,-0.168834,-0.099037,0.252674,0.151072,0.029021,-0.101466,-0.026734,0.070454,0.303350,0.268124,0.226381,0.227368,0.250407,-0.035187,-0.055433,0.237168,0.192109,0.114973,-0.044977,0.252125,-0.065735,0.266199,0.005591,-0.048032,0.277118,0.179553,0.128167,0.242426,-0.057329,0.047449,-0.244909,-0.144312,0.042091,-0.054822,-0.189218,0.271627,-0.130247,0.102923,0.178706,-0.096332,#
10,-0.310585,0.150543,0.198054,-0.271939,-0.113081,0.095448,0.412713,-0.030027,-0.182179,0.199091,1.000000,-0.081227,0.033118,0.093756,-0.254844,0.221662,0.092561,0.270811,0.084205,-0.159897,-0.009872,-0.032957,-0.175091,0.024015,0.154988,-0.027472,-0.027169,0.031471,0.206077,0.047143,-0.035801,0.110679,-0.073411,0.002662,-0.298569,-0.150939,-0.026881,-0.174673,-0.242108,-0.087611,0.215706,-0.021811,-0.059217,-0.064699,-0.191003,0.027126,0.097753,0.060565,-0.023235,-0.024454,-0.106593,-0.055028,0.038770,-0.047319,-0.125815,0.092088,0.076852,0.145296,0.080650,0.116984,0.145565,0.095251,0.126278,0.029021,-0.019233,0.084519,0.087094,-0.199353,-0.114987,-0.322993,0.063448,0.197344,-0.240809,0.100273,0.341312,0.037804,-0.080312,0.092702,0.205208,-0.226928,0.083573,-0.166332,-0.015448,0.014718,0.129821,0.061086,0.064032,-0.151400,0.108861,0.135478,0.041800,0.120820,0.028401,0.036798,0.135216,0.000529,0.097405,0.024174,-0.101740,0.030374,0.181252,-0.065019,-0.071065,0.138432,0.080708,0.007957,0.175847,-0.038400,0.035500,0.205674,0.153070,0.073453,0.066816,0.131872,0.158221,0.123128,0.106387,0.074960,-0.122077,0.174644,0.127938,0.452285,-0.193670,-0.175595,-0.060237,-0.122564,0.210809,-0.051243,-0.066782,0.251154,0.095889,-0.032533,0.056861,0.173027,0.122164,-0.198022,-0.089094,0.112118,0.193660,0.027915,-0.104705,0.045018,0.383519,0.276616,0.227992,0.136095,0.013805,0.105443,0.179291,0.152365,0.014766,0.078591,0.049353,0.047386,-0.015906,0.138862,0.120185,-0.075146,0.028197,0.120734,-0.272459,-0.099489,0.134984,0.094726,-0.091033,0.122030,0.257462,0.111644,0.194619,-0.088841,-0.046756,0.207369,0.111640,-0.010901,0.231542,0.188932,0.237917,0.081156,-0.154110,0.079185,-0.263158,-0.097517,0.073429,0.061820,0.216982,0.048213,0.047287,0.148428,0.022642,0.072172,-0.039813,0.093525,-0.086818,0.347083,0.014938,-0.047450,0.001168,0.060102,0.148856,0.057597,#
11,-0.168617,-0.113522,-0.196554,-0.057854,-0.048220,-0.247508,-0.108957,-0.107467,0.177253,0.064168,-0.081227,1.000000,-0.003432,0.280915,0.043196,0.072019,-0.218731,-0.078434,-0.147203,-0.092020,0.037698,0.100492,-0.017122,0.079949,-0.213087,0.093299,-0.035776,0.080670,-0.219001,-0.081616,0.256600,0.170932,0.010115,0.265166,-0.142422,0.092314,-0.069494,0.115466,0.043799,-0.165117,-0.033306,-0.067792,-0.042871,0.022513,0.039677,-0.271469,0.007717,-0.287871,0.275375,-0.132705,-0.262609,-0.158627,0.072263,0.074801,-0.093221,-0.116138,-0.048357,0.121128,-0.009783,0.366058,-0.064912,0.142194,-0.039331,-0.120434,0.031359,-0.152140,0.338856,0.314241,-0.242055,0.243489,-0.439906,-0.008585,0.191147,-0.251548,0.233062,0.261810,0.084136,0.046189,-0.025042,-0.117752,-0.095572,-0.132842,0.184139,0.059572,-0.291877,-0.043792,0.163893,0.085254,0.208869,-0.058975,0.094164,0.030621,-0.014562,0.137949,-0.048376,-0.105330,-0.059321,-0.018591,0.031157,0.136678,0.040383,0.059441,-0.008983,-0.198499,0.059022,-0.027995,0.025378,-0.038490,-0.152931,-0.015670,-0.140873,0.126005,0.027719,0.145852,0.084510,-0.071884,0.021020,0.192368,-0.003152,-0.053553,0.093093,0.036204,0.009934,0.464798,-0.081946,-0.325853,-0.135010,0.086193,0.360285,0.063469,0.072161,0.003598,-0.011917,-0.099860,-0.013329,0.185875,-0.005261,0.084786,-0.144466,0.117153,0.103375,-0.169868,0.232587,0.080550,-0.039594,-0.022657,-0.100564,-0.090810,-0.214650,-0.419964,0.131424,-0.009111,0.026270,0.204495,-0.270979,0.013045,0.109243,0.000221,0.050234,0.141399,-0.207785,-0.054078,-0.008116,0.103954,0.159554,0.101727,-0.015702,0.348771,-0.161408,-0.028887,0.098795,-0.074695,-0.131943,-0.046763,-0.037707,0.019296,-0.065021,-0.154156,-0.038460,0.029920,-0.264732,0.078220,-0.068374,-0.134977,-0.107527,-0.096250,0.008503,-0.170258,-0.120679,0.155678,0.122615,-0.024953,0.264834,-0.089414,0.109228,0.004515,-0.181091,0.235142,0.101149,0.078832,#
12,-0.003995,0.242444,0.034123,-0.080505,-0.165002,0.066044,0.179668,0.152860,0.019228,0.123144,0.033118,-0.003432,1.000000,0.033340,-0.166429,-0.050527,-0.141487,-0.157846,0.047571,-0.118829,-0.034209,0.119130,-0.024868,-0.206848,0.245985,-0.247665,0.129896,-0.043024,0.124658,-0.038964,-0.005871,-0.150283,0.090808,0.060548,0.089999,0.153315,-0.047901,-0.240922,-0.176898,-0.095595,0.108463,-0.075311,0.033388,0.301180,0.025857,0.008098,0.255115,0.110253,-0.035283,0.318275,-0.020387,-0.162706,0.171556,0.199436,0.118654,-0.081610,-0.147313,-0.116962,0.139227,0.042833,-0.061592,0.341296,0.032027,0.009044,-0.016411,0.076598,-0.021842,0.003604,0.138564,0.131788,0.047615,0.172736,0.138413,0.071233,-0.024844,0.064627,-0.102486,0.339515,0.026067,0.262618,0.189372,0.242996,0.041412,-0.191336,0.239063,0.089654,-0.096221,0.042769,0.061901,0.211579,0.270556,-0.149118,0.079832,0.254679,0.046602,0.111216,0.214241,-0.162652,-0.050867,-0.067866,0.325393,-0.087294,0.098909,0.047613,0.045105,0.002272,0.024928,0.302917,-0.090905,-0.318341,0.222841,0.208731,0.029373,0.118938,0.154227,0.027125,-0.040296,0.110941,0.159789,0.218407,0.049724,0.172878,0.058633,0.281500,0.028736,0.076633,-0.216080,0.062463,0.023923,0.163380,-0.253216,0.033918,0.241963,-0.022412,0.037428,-0.158185,-0.031325,-0.234991,0.274143,-0.069067,0.113837,-0.107876,-0.343976,-0.006154,-0.109493,-0.016935,0.165202,0.241362,0.037553,0.306335,-0.033199,0.101105,-0.195324,0.103852,0.136118,0.073269,0.232068,0.320683,0.221125,-0.120696,0.083954,-0.025189,0.156261,-0.138240,0.019678,-0.005686,0.169832,0.214803,0.035304,0.110536,0.244168,-0.085598,0.361969,-0.158012,0.262459,0.090227,0.058570,0.109009,-0.459088,-0.076240,-0.143824,-0.045606,-0.045335,-0.039685,0.023302,0.212679,0.158376,0.079695,-0.140300,-0.262819,-0.055543,-0.183277,0.040694,-0.046269,-0.026252,0.119592,-0.069138,-0.089651,0.032448,0.048677,#
13,-0.030772,0.002397,0.096208,0.191479,0.037040,0.064857,-0.072178,-0.023913,0.072679,-0.129645,0.093756,0.280915,0.033340,1.000000,0.119507,-0.043324,-0.126108,0.060453,0.071000,-0.160532,0.123860,0.030933,0.057024,0.034852,-0.042770,0.194526,0.158883,0.150407,0.010456,-0.007400,0.094958,-0.033425,-0.044192,-0.089826,-0.044250,-0.181248,-0.048632,-0.017214,-0.185058,0.063933,0.323355,0.149979,0.211763,-0.093402,0.116301,0.043508,-0.107637,-0.010134,0.011895,-0.114535,-0.168410,0.061896,0.049765,-0.084235,-0.039521,-0.214531,0.083658,0.173987,0.425878,0.028365,-0.084786,0.318636,-0.121858,-0.190635,-0.034207,0.116121,0.352344,0.284076,-0.117725,-0.061872,-0.175019,-0.032585,0.110330,0.155632,0.112096,0.321913,-0.037779,-0.034278,-0.039807,0.207447,0.033128,0.029216,-0.113347,0.107297,-0.205112,0.097907,0.031290,0.267078,0.242881,0.004162,0.102239,0.249875,0.214388,0.129769,-0.216740,0.002044,-0.061384,-0.057883,-0.037153,0.085644,-0.076933,-0.245414,0.018414,-0.087111,0.041094,0.067178,-0.059198,0.049058,0.038058,-0.162033,-0.067767,0.023213,0.191954,0.066416,0.306710,0.099656,0.101759,0.084202,-0.184488,0.075224,0.119423,0.100613,0.166476,0.215090,-0.042529,0.005577,-0.041002,0.105456,0.160634,0.293089,-0.017932,-0.242064,-0.192261,0.040021,0.104306,0.057471,0.256255,0.021184,0.123570,-0.020113,-0.250389,-0.047203,-0.057326,0.243908,-0.203676,0.115484,0.099010,0.080319,0.061353,-0.241602,-0.203023,-0.247468,0.177944,0.041106,0.030669,0.034688,-0.030847,-0.151864,-0.180177,0.078427,-0.061404,0.045382,0.047223,-0.106620,-0.092301,0.026196,0.328637,0.155029,-0.210563,0.141195,-0.002120,-0.057628,-0.129525,0.124871,0.097713,0.017924,0.170626,-0.059696,-0.044210,0.088048,0.024606,0.006424,0.075417,0.320704,-0.198075,0.054288,-0.077494,-0.160219,-0.114147,0.110082,0.253693,0.011544,0.066897,0.199270,0.061970,-0.005647,-0.362999,0.343166,-0.051396,0.214324,#
14,0.180298,-0.354045,-0.220969,0.001675,0.065604,-0.150208,-0.316162,-0.061676,-0.011941,-0.032834,-0.254844,0.043196,-0.166429,0.119507,1.000000,-0.216170,-0.213031,0.197436,-0.289098,0.172972,-0.192851,0.139557,0.070086,0.124376,-0.100090,0.023632,-0.063729,0.247958,-0.019920,-0.020559,0.254109,0.010530,0.003938,-0.012691,-0.134323,-0.104626,0.201811,0.026531,0.107516,-0.291821,-0.107489,0.073840,-0.103079,-0.128724,-0.124842,0.140623,0.061142,-0.114025,-0.058853,-0.195625,-0.093117,0.022631,0.109736,-0.173872,-0.010115,0.069639,0.189153,0.039877,0.142128,-0.173806,0.026049,-0.118862,-0.044417,-0.030083,-0.152320,-0.109254,-0.020606,-0.098837,-0.114634,-0.167599,0.050667,-0.110577,0.181896,-0.138992,-0.026671,0.236278,-0.003393,-0.176852,-0.270235,-0.119676,0.007685,-0.034033,0.061075,0.247845,-0.240587,-0.134263,0.080015,0.236023,-0.090584,0.229954,-0.028761,-0.075059,0.146974,-0.045446,-0.029825,-0.230759,-0.113401,0.028056,-0.071543,-0.009571,-0.232311,0.039396,-0.094350,0.061787,-0.292779,-0.143256,0.137172,-0.151699,-0.013693,0.007260,-0.267819,0.037413,-0.016699,0.064496,-0.076339,-0.230138,-0.113630,-0.176623,-0.063448,-0.038351,0.109934,-0.385626,0.134750,0.149000,0.089747,-0.117856,-0.238110,0.040875,-0.071788,-0.128441,0.118220,-0.056997,0.056765,0.002883,-0.038178,-0.157513,0.083376,0.029306,-0.037829,0.106184,0.046406,0.005571,-0.095991,0.399278,0.126660,0.105601,0.014013,-0.056530,0.047884,0.052159,0.214531,-0.308682,0.091839,-0.226667,-0.053578,-0.227899,0.021704,-0.161960,0.102273,0.135179,-0.038452,0.037823,-0.177564,-0.055805,0.179537,0.166866,-0.161495,-0.083164,0.049490,-0.087557,0.026506,-0.202734,-0.231669,-0.102106,-0.289737,-0.090789,-0.279062,0.090283,0.067581,-0.006834,0.169731,-0.004458,-0.008036,-0.109373,-0.091535,0.145990,-0.142321,-0.168234,-0.159087,0.171390,-0.036580,0.086783,-0.077688,-0.248847,-0.282727,-0.114580,-0.047703,-0.015252,-0.279153,-0.203736,#
15,-0.180234,0.135884,0.124735,-0.267143,-0.108145,0.086647,0.508194,-0.067759,0.034125,-0.032715,0.221662,0.072019,-0.050527,-0.043324,-0.216170,1.000000,0.315980,0.141499,0.088959,-0.125373,-0.001968,0.000098,-0.310025,0.280660,0.008325,0.171598,-0.060063,0.188291,0.027838,-0.222310,0.006460,0.138112,0.255250,0.329935,0.057008,-0.055525,-0.136306,-0.088820,-0.186731,0.080573,0.152936,-0.072914,0.036765,0.068657,-0.142738,0.035851,0.363398,0.223698,0.062582,0.202379,-0.200395,0.077139,0.015724,0.088705,0.042156,0.088663,0.145505,-0.019065,-0.090497,0.124363,0.159588,0.052002,0.209816,0.042774,-0.007386,-0.190988,0.102033,0.045177,0.036941,-0.082194,0.142759,0.103178,-0.085542,0.164291,-0.088038,-0.135166,-0.240864,0.205550,0.147699,0.044928,-0.125119,0.072858,-0.034498,0.061121,-0.126711,0.127721,0.166783,-0.044108,-0.073689,-0.229856,0.148391,0.137847,-0.010538,0.106839,-0.178524,-0.023890,0.207287,-0.032448,-0.124461,-0.128202,0.011894,0.229512,-0.018237,0.136357,0.244967,-0.070382,0.264045,0.032480,0.115608,0.053261,-0.178816,0.087275,0.275179,-0.086786,0.129774,0.202590,-0.084089,-0.040220,-0.071670,-0.046502,-0.213327,0.478682,-0.114718,-0.035819,-0.086224,-0.016113,0.234514,0.177584,-0.010617,0.137481,0.298533,0.247249,-0.132457,-0.003962,0.060090,-0.161545,0.049960,-0.105354,-0.027026,0.287442,0.229321,0.009058,0.154089,0.021928,0.013840,0.008141,0.094238,-0.018071,-0.024943,-0.029234,0.191410,0.270781,0.233486,-0.044333,0.017445,0.258516,-0.141292,0.048037,0.125590,0.043688,-0.064683,-0.111738,0.098894,0.235885,-0.166926,0.013638,0.123579,0.208031,0.007359,0.250388,0.110447,0.174117,0.066062,0.297448,0.028822,0.055904,0.057101,0.030830,0.169793,-0.014854,-0.032375,-0.095683,0.116762,-0.027624,0.083549,0.000699,-0.017020,0.023593,0.262568,0.304145,0.088331,0.149708,-0.086124,0.240184,0.079764,0.358177,-0.102379,-0.054339,0.183200,0.048846,#
16,0.046945,0.236232,0.039565,0.313949,0.058300,0.200002,0.263450,-0.016592,-0.044138,0.029229,0.092561,-0.218731,-0.141487,-0.126108,-0.213031,0.315980,1.000000,0.060771,0.301099,0.114215,0.270613,-0.355128,0.147910,-0.211278,-0.159671,0.150842,-0.153581,0.085158,0.044058,0.066694,0.130007,0.372961,0.219339,0.095199,0.118610,-0.047649,-0.039061,0.066341,-0.071020,0.133746,0.023944,-0.191800,0.045258,-0.109452,0.014845,-0.033381,0.248468,0.048821,-0.260061,-0.016575,0.141455,-0.004010,-0.103370,-0.012944,0.130516,0.342160,0.003442,0.203640,-0.103390,0.051662,-0.012138,-0.121160,0.177365,0.129932,0.113223,0.181719,-0.116167,0.255041,0.152994,-0.109942,0.181822,-0.138940,-0.286159,-0.078936,0.004042,-0.094036,0.031610,0.158022,0.079740,-0.003081,0.216028,-0.055050,-0.015398,0.044255,-0.076286,0.067587,-0.192761,0.119059,0.049389,-0.127793,-0.362106,-0.161605,0.061135,-0.193432,0.124834,0.027699,-0.016783,0.100512,-0.220087,0.092835,-0.013743,0.132844,0.069367,0.231402,0.109330,-0.297454,0.096090,-0.019550,0.336381,0.126323,-0.092526,0.037192,0.099045,0.093116,0.081436,0.174987,0.107494,-0.165541,-0.109683,0.088530,-0.302120,0.146736,-0.061492,-0.039327,0.177980,0.161793,0.426462,-0.038388,-0.250809,-0.033120,0.240201,0.122310,0.200887,-0.027468,-0.078811,-0.037966,-0.123897,-0.217766,0.240067,0.111615,-0.173321,0.159258,-0.002873,-0.092821,0.029729,0.131571,0.173191,0.040558,0.076649,-0.144027,0.137088,0.030619,-0.264170,0.064164,-0.034681,0.055659,-0.393347,-0.026926,-0.167533,0.104806,0.058556,-0.134741,0.188993,0.175916,0.185990,0.032478,0.022217,0.018442,0.040102,0.266138,-0.127735,0.238449,-0.053783,0.127792,-0.012112,-0.096691,0.165427,0.055144,0.278277,0.158956,0.004599,-0.025517,-0.079893,0.015428,0.158157,0.042891,-0.017428,0.013438,0.049416,0.163225,-0.069297,0.250574,-0.043281,0.045873,0.230618,0.348001,0.054121,-0.060662,0.035518,0.204007,#
17,0.031923,0.209555,0.195143,0.022147,0.032573,0.135794,0.161444,0.183246,-0.072072,0.346634,0.270811,-0.078434,-0.157846,0.060453,0.197436,0.141499,0.060771,1.000000,0.076420,-0.019711,0.127291,0.044930,-0.075333,0.102999,0.236158,0.003299,-0.139050,-0.049675,-0.005947,0.017140,0.100663,0.201920,-0.095270,-0.112069,-0.125828,-0.341822,0.011421,0.195545,0.051428,-0.046469,0.352036,-0.028925,0.014590,-0.124286,-0.142826,0.123383,0.171536,0.080686,-0.024090,-0.032704,-0.127710,0.062906,0.250970,-0.211060,0.080616,0.193153,0.017868,0.000903,0.067638,0.166460,0.243052,-0.054036,0.146315,-0.113909,-0.161682,-0.108307,0.281017,-0.208787,-0.061217,-0.218971,0.199342,0.081224,-0.008328,0.124187,-0.014071,-0.027732,-0.150457,0.174824,0.156896,-0.060521,0.025234,0.250067,0.045520,0.261383,-0.169137,0.055706,0.232318,-0.194089,-0.100420,0.261421,0.061997,0.057860,0.220923,-0.024557,0.097625,0.081360,0.111549,0.059196,0.161513,0.373223,-0.278665,-0.086447,-0.210276,-0.134528,0.015881,-0.094806,0.042382,0.112306,0.010559,0.073321,0.112657,0.051204,0.008377,0.131990,0.215030,0.074283,-0.116877,0.056109,-0.057681,0.136571,0.009652,-0.084618,-0.176518,-0.023406,0.165292,0.060801,0.132144,0.238294,-0.079338,0.047900,0.043104,0.157805,0.105411,-0.027156,-0.005421,-0.025300,0.036873,0.039260,-0.058964,0.273092,-0.114705,0.060189,0.108605,0.178153,0.230591,0.081032,0.040351,0.130889,-0.107897,0.097724,0.267569,-0.008972,-0.044678,0.136983,0.012959,0.104429,-0.021943,-0.343346,0.039052,0.045854,-0.163416,-0.021564,0.061246,0.028159,-0.173760,-0.046014,0.023072,0.032600,0.069580,-0.035755,0.247343,0.110812,0.011180,-0.137375,-0.044353,0.126595,0.007090,0.120692,0.170185,0.090540,-0.129450,-0.100695,-0.127343,-0.117310,0.076553,0.016609,0.117200,0.164093,0.063700,-0.041087,-0.296354,0.093461,-0.090866,-0.063583,-0.334086,0.218932,-0.006888,-0.130031,0.018406,-0.002628,#
18,-0.029853,0.335057,0.338822,0.031306,-0.264317,0.176342,0.131717,0.139497,-0.063520,-0.154115,0.084205,-0.147203,0.047571,0.071000,-0.289098,0.088959,0.301099,0.076420,1.000000,0.131045,0.215528,-0.000370,0.052014,0.023534,-0.004795,-0.058356,0.009150,-0.095586,-0.012604,-0.007412,-0.067555,0.263892,0.103416,0.016508,0.114083,0.089032,-0.062331,0.249045,0.024584,-0.070025,0.340583,-0.176028,0.208235,-0.216669,0.025809,0.136648,0.045011,0.074963,-0.039927,-0.057319,0.110662,0.017442,0.205433,0.162441,0.122271,0.118592,-0.058808,-0.008048,0.176413,0.113017,0.128842,0.164589,-0.071259,0.044814,0.098058,0.008479,0.241610,0.011475,0.085887,0.285840,0.173630,0.083082,-0.146286,0.281102,-0.083083,-0.220146,-0.174172,0.259466,0.150960,-0.129918,0.148179,-0.058504,0.027189,0.014216,0.208547,0.363205,-0.415333,-0.004910,0.176074,-0.029820,-0.068735,0.024125,-0.049736,-0.078955,0.206885,0.057634,0.026052,0.068037,0.231233,0.141189,-0.000414,-0.091871,-0.017201,0.085701,0.227669,0.160950,-0.237931,0.184998,0.106863,0.024093,0.080900,0.042273,0.016796,-0.057841,0.052177,-0.035710,0.088623,-0.240663,0.105213,0.201666,0.148602,-0.006072,-0.097793,0.086454,0.102578,-0.010240,0.232902,0.185652,-0.018896,0.072372,-0.076459,-0.048910,0.124039,0.000429,-0.155986,0.001775,0.141412,0.044329,0.170755,-0.071696,-0.114654,0.271316,-0.214337,-0.223195,0.240166,0.095150,0.168135,0.089286,0.075960,-0.157075,-0.076048,0.005976,-0.102329,0.136467,0.152783,0.302189,0.130915,-0.289556,-0.150848,-0.151817,0.161391,-0.020969,0.028330,-0.017947,-0.001943,-0.130608,0.047373,0.093661,-0.086133,0.195134,0.146437,0.146170,-0.170034,0.122744,0.257965,-0.002296,0.047036,0.010868,0.126326,-0.056516,0.066025,-0.094561,-0.059052,0.097947,0.078367,-0.179095,-0.053161,0.100265,-0.107396,-0.013324,-0.066726,0.311122,-0.100907,0.170851,0.313084,0.250443,0.017061,0.130855,0.050895,0.179869,#
19,0.137752,-0.196691,0.084640,0.025446,0.068833,0.226864,-0.304222,0.133480,0.153934,-0.011051,-0.159897,-0.092020,-0.118829,-0.160532,0.172972,-0.125373,0.114215,-0.019711,0.131045,1.000000,0.032210,-0.125007,-0.057588,-0.025837,0.030413,-0.030075,0.042091,0.025302,-0.139298,0.130340,-0.104192,0.169643,0.177643,0.052776,0.171287,0.171083,0.213065,0.131440,0.190709,0.118381,0.076265,-0.112756,-0.073232,0.019151,-0.192756,-0.063832,-0.029026,-0.115063,0.131155,0.084087,0.261723,0.068842,0.293220,0.034337,0.050297,0.155695,-0.046199,-0.132203,-0.010452,-0.082768,-0.079978,0.041102,-0.000126,0.125412,0.106020,-0.018096,0.174497,-0.014914,0.117670,0.125381,0.041431,-0.059552,-0.085438,0.003037,-0.152788,0.004819,-0.151157,-0.025504,-0.173447,-0.243193,0.284265,-0.130671,-0.187054,0.035998,0.153881,0.148162,-0.232917,-0.019064,0.121455,0.023400,0.211171,-0.044556,-0.168810,-0.092513,-0.010048,-0.148913,-0.209178,0.233065,0.027091,0.214674,-0.185389,-0.117323,0.046527,-0.108038,-0.072675,-0.218129,-0.248840,-0.055879,-0.088740,-0.047972,-0.093320,-0.175784,0.060527,-0.233347,-0.260897,-0.362053,0.023183,-0.076536,0.225753,-0.022500,-0.161775,-0.197134,0.314455,0.037096,-0.081836,0.009284,-0.013087,0.084002,-0.106741,-0.150561,0.235280,0.132839,0.075052,-0.096508,-0.392211,-0.115846,-0.195235,0.125589,-0.133558,-0.185490,-0.019771,0.023780,-0.275781,-0.290326,0.066274,0.003161,0.075156,0.076119,0.053627,-0.099548,0.015544,-0.233201,-0.070886,0.040407,0.116582,0.000953,0.170645,-0.228828,-0.000105,-0.154670,0.131760,0.013686,-0.210393,0.098564,0.465717,0.404212,-0.056545,-0.034898,-0.037368,-0.058987,0.128125,0.280882,0.048919,0.174005,-0.032664,-0.339656,0.025259,-0.020735,0.045825,0.017403,-0.028388,0.050708,-0.022087,-0.175733,0.079964,-0.094612,-0.072528,0.114504,0.004176,0.239670,-0.027643,0.030854,-0.208215,-0.172323,-0.104398,-0.053694,0.078901,0.008606,0.096317,-0.028256,#
20,0.174570,0.301401,0.046750,0.243821,0.229023,0.101138,-0.261294,0.252343,0.094442,0.116819,-0.009872,0.037698,-0.034209,0.123860,-0.192851,-0.001968,0.270613,0.127291,0.215528,0.032210,1.000000,-0.037173,-0.011608,0.087882,-0.021574,0.238557,-0.243366,-0.152538,0.118029,-0.008535,0.253018,0.225196,0.157531,-0.020189,0.064970,0.117204,-0.164603,0.059355,-0.064720,0.153720,0.055166,-0.055581,0.052927,-0.259618,0.148189,-0.171587,0.176433,0.026009,-0.133623,-0.117562,0.354439,0.147595,0.131962,-0.168580,0.180973,0.031764,-0.238797,0.038528,0.119728,0.247898,0.187718,0.000844,0.168530,-0.051549,-0.009646,0.441152,0.104436,0.228659,-0.095439,-0.132433,-0.012040,0.046435,0.203316,0.100592,-0.145739,0.025361,0.136035,0.063156,-0.091984,-0.065963,0.144042,-0.034194,0.094056,-0.149727,0.226652,0.455071,-0.032477,0.095874,-0.057732,-0.100080,-0.113705,0.100891,0.055058,0.037048,0.173647,-0.016808,0.046239,0.017056,0.180264,-0.044552,0.260677,-0.037207,0.053480,0.207658,0.272183,-0.021200,0.047997,-0.025721,0.091971,0.126498,0.199024,0.036906,-0.089613,0.092708,-0.049470,0.007540,0.260501,-0.025525,0.027937,-0.041127,-0.243936,0.045865,0.135800,0.120139,0.177690,0.167097,0.103197,0.182404,-0.005754,0.087382,0.199968,-0.050773,0.240529,-0.089731,0.049377,0.208369,-0.023691,0.054205,0.082401,-0.158463,-0.178875,0.357098,-0.098989,-0.092462,-0.050730,0.011455,0.196973,-0.028880,-0.072046,-0.091447,0.073266,-0.034867,-0.130264,0.212306,0.075739,0.337154,-0.007306,0.188931,-0.153827,0.163353,0.209197,-0.028264,0.243892,0.028082,0.128873,0.094471,0.102764,0.052224,0.104401,0.115348,0.275343,-0.058238,0.116827,-0.010337,0.019438,-0.238213,0.046430,0.095202,0.046803,0.372943,0.051227,0.276674,-0.087517,0.063296,0.205919,0.168457,-0.043583,-0.127993,0.109597,0.100358,0.074026,0.115560,0.271159,0.115946,0.116406,0.208744,0.153713,0.054583,0.027098,0.068336,#
