0,1.000000,-0.042972,0.234787,0.011568,-0.221803,0.071893,0.006075,0.096671,0.015193,-0.181929,-0.060771,0.130587,0.143183,-0.308881,0.243921,-0.063153,0.056350,0.124937,0.037108,0.058792,0.010474,-0.105715,0.010763,0.096537,-0.050665,0.027907,-0.081343,0.022169,-0.259441,0.113071,0.031854,-0.039331,-0.125875,-0.210755,0.181511,0.045730,0.095527,-0.071613,0.003027,-0.021913,0.011594,-0.141496,0.212755,0.033189,-0.107625,-0.074118,0.012191,0.215940,-0.097632,-0.006733,-0.194642,-0.075498,0.128514,0.168061,-0.129655,0.046601,-0.144639,-0.236754,-0.170162,-0.166020,0.214166,-0.274492,0.023696,0.156495,-0.182650,0.243495,-0.066803,0.250610,-0.198115,-0.073938,-0.055622,-0.153493,-0.071401,0.046883,0.066771,-0.129918,-0.031845,-0.080990,-0.119423,-0.120993,0.109227,0.030551,-0.219393,-0.153394,0.048189,0.413013,-0.019061,-0.090994,-0.342125,-0.222281,0.017046,0.099944,0.111647,0.177122,0.215604,0.123637,-0.226765,-0.073774,0.010121,-0.025897,-0.094512,-0.037399,-0.211309,-0.135096,0.063072,-0.178107,-0.117512,0.083316,0.153885,-0.029772,0.078130,-0.174741,-0.015473,-0.112199,0.055552,-0.000936,-0.268884,-0.219257,-0.033272,0.024663,0.023793,0.426039,-0.011244,0.039624,-0.047693,0.077912,0.004610,-0.033099,-0.224050,-0.059164,-0.322734,0.038395,0.103631,-0.084739,0.016048,-0.218140,-0.008140,0.059528,-0.053111,0.170442,-0.224635,-0.054436,-0.071226,0.264530,0.293952,-0.081591,-0.140774,0.142161,0.086545,-0.020783,0.069951,-0.300605,-0.016470,0.107868,-0.125917,0.001692,-0.179681,-0.085686,0.184292,0.012847,0.163970,0.132561,-0.228284,-0.104025,-0.226614,0.188468,0.079032,-0.078230,0.172726,0.026123,0.090313,-0.138144,0.087678,0.098720,0.251689,-0.119175,0.112163,-0.082238,-0.076541,0.040487,-0.145334,0.146014,-0.225991,0.196597,-0.013003,-0.073194,0.273446,0.231983,0.098885,0.223512,-0.111626,0.133482,0.197031,-0.018627,-0.238396,-0.069305,-0.143266,0.067179,0.149369,0.016592,#
1,-0.042972,1.000000,-0.386613,0.199608,0.146613,0.147505,-0.153105,-0.129841,-0.033156,-0.110562,0.014801,0.172050,0.136306,0.134695,0.120820,0.008519,0.070589,-0.099566,-0.042984,0.210272,0.139945,0.229210,0.317557,0.267599,-0.009358,0.029186,0.185607,-0.228891,-0.200611,-0.338659,0.111391,0.169014,0.056962,0.069736,0.224680,0.009195,-0.172587,0.068098,0.014971,0.156447,-0.110915,0.093533,-0.148655,0.050364,-0.181686,0.141600,0.111940,0.102736,0.286463,0.001017,0.077001,0.298569,0.116134,-0.224988,-0.012167,0.174372,-0.140895,0.179466,0.186898,0.077192,-0.196758,0.002956,-0.278286,-0.297393,-0.081759,-0.078531,0.036071,0.354033,0.075246,0.204340,-0.091801,-0.020620,0.299976,-0.132420,0.004763,0.155474,-0.051442,-0.002163,0.007574,-0.013877,0.050404,0.127486,0.336636,0.125015,-0.067738,0.008305,-0.026316,-0.141471,0.021608,0.004862,-0.043817,-0.132101,-0.003030,0.020821,-0.289207,-0.082238,0.143230,0.072197,-0.252864,0.152979,-0.075725,0.251090,-0.055053,0.139016,0.056505,-0.155433,-0.056167,0.269609,-0.123377,-0.188954,0.142606,0.044060,-0.147189,0.123528,0.088681,0.058211,0.351998,0.227348,0.085252,-0.134090,0.331181,0.181096,0.083129,0.007883,-0.151667,0.034906,0.206597,0.264529,0.185150,0.181975,-0.071538,-0.195352,-0.038748,0.101829,-0.022878,-0.109068,-0.000779,-0.005942,0.218734,-0.191743,-0.067720,-0.114202,0.093007,-0.155456,-0.038681,0.074642,0.054822,-0.003479,0.081741,-0.027251,0.120918,0.157355,-0.005316,0.050600,0.276474,-0.107125,0.096194,0.132624,0.022890,-0.156756,-0.038905,0.226373,0.069903,0.098852,0.207328,0.051195,-0.189551,0.220120,0.019862,0.206630,-0.080305,0.004029,0.080467,0.240116,0.142530,-0.020539,0.094420,-0.063422,0.028845,-0.004802,-0.074383,-0.119424,-0.018571,-0.264074,0.052218,0.105796,0.099041,-0.272375,-0.040640,0.032528,0.172426,-0.083688,-0.050252,0.117895,0.232266,-0.191108,-0.022260,-0.112034,0.073550,0.146873,#
2,0.234787,-0.386613,1.000000,-0.064823,-0.143849,-0.001237,-0.082881,0.196394,-0.009881,0.076936,0.095059,-0.028612,-0.055152,-0.031548,0.124377,-0.120718,0.151956,0.006614,-0.096897,0.056314,0.016143,-0.064978,-0.248931,0.106656,-0.099814,-0.102512,-0.055454,0.001737,-0.007532,0.045998,-0.094032,-0.001865,-0.004619,-0.046879,-0.011514,0.068353,0.355277,-0.067823,0.326524,-0.155347,0.115738,0.185809,0.008485,-0.010757,-0.089971,0.063664,0.193674,-0.208101,-0.209086,0.212387,-0.065547,-0.127842,-0.011796,0.312514,0.115114,0.160581,-0.016178,-0.016707,-0.410083,-0.018540,0.251614,0.118106,0.100167,0.299135,0.052345,0.189528,0.261520,-0.087807,0.101161,0.024068,0.203485,-0.088389,0.015185,0.176508,0.220703,0.013408,0.128411,0.142233,0.093201,0.270700,-0.122661,0.092556,0.044521,0.089745,0.051370,0.344774,0.328089,0.188460,-0.050233,-0.029980,0.269514,0.330851,0.002124,-0.254095,0.386895,-0.185771,-0.089025,0.037999,0.309201,0.119013,0.131767,-0.071341,-0.159480,-0.028598,0.112318,0.315256,0.033916,-0.099400,0.404072,0.017277,0.123886,-0.152095,0.227572,0.032924,0.115221,-0.141456,-0.091845,-0.215248,0.227527,-0.205355,-0.106083,0.097054,0.013090,-0.093628,0.227127,0.242813,-0.040760,0.007085,0.015290,-0.006240,0.172006,0.059940,0.147135,0.228176,0.014421,-0.081415,-0.257399,0.069555,-0.186294,-0.144507,0.235600,-0.187970,-0.077671,0.052824,0.010860,0.207080,0.041784,0.082958,0.169261,0.062814,0.116603,-0.104968,0.038983,0.198295,-0.088316,0.208486,0.103913,-0.087784,0.001029,-0.173547,0.066992,-0.278576,0.036078,-0.042646,-0.154395,0.029445,0.222789,-0.010416,0.079462,-0.016144,-0.198741,0.063772,0.034318,-0.026875,0.105569,-0.043702,0.139547,0.064580,0.041090,0.015412,-0.172146,0.143149,-0.038800,0.216817,-0.116397,0.036272,0.043739,0.211180,0.071489,-0.087094,-0.217475,-0.044725,0.091109,0.090576,-0.077829,0.218335,0.062237,0.044440,-0.237414,-0.082745,#
3,0.011568,0.199608,-0.064823,1.000000,0.041453,0.004355,0.027094,0.073499,0.083665,0.011941,0.030628,0.184563,0.251241,-0.231543,0.113689,0.163667,0.157958,-0.153168,0.128643,-0.081531,0.086616,0.418798,0.002609,0.032772,0.195070,0.137069,0.063429,-0.016799,0.121863,-0.201440,0.051836,0.189980,-0.025645,0.286356,0.310692,0.049843,0.016233,0.134395,-0.061779,0.060091,0.068659,0.095712,0.009306,-0.177557,0.067635,0.221200,0.101348,0.265410,0.294532,0.052273,0.046904,0.000343,0.162721,-0.007859,0.100815,0.056331,-0.271809,0.070041,0.376932,-0.095096,0.101907,0.203871,-0.190025,0.000371,0.143978,0.205894,-0.061375,-0.031358,-0.059106,0.310394,-0.052315,0.246602,0.305213,0.196020,0.060770,0.011789,0.003081,-0.005897,0.078998,0.294806,-0.063531,-0.036040,0.111327,0.337013,-0.015990,0.183718,0.085218,0.037166,-0.125909,0.088231,-0.174576,0.060616,0.236088,0.131709,0.176463,0.156228,-0.018605,0.002539,-0.142482,0.191123,-0.083689,-0.070146,-0.237414,0.107807,0.181780,0.154339,0.145010,0.385311,0.032909,0.119947,-0.002037,0.088398,-0.061973,0.120912,0.141541,-0.124286,0.221563,0.059001,0.225742,-0.068398,-0.110481,-0.039623,-0.090517,-0.000034,0.062583,-0.064517,0.237301,0.187673,0.046417,0.150601,-0.083944,-0.052477,-0.148116,0.377794,0.282839,0.061610,0.354936,-0.110593,-0.026414,-0.113818,0.143794,-0.103896,0.031981,0.071578,-0.153354,0.205864,-0.063514,0.142058,0.012134,-0.137670,-0.042078,0.000191,0.218073,0.008165,0.132787,-0.014866,0.178802,0.092967,-0.097168,0.131517,0.231095,0.066793,0.095065,0.366488,0.178997,0.128567,-0.043126,-0.023113,0.106898,0.126571,0.167477,0.176362,0.122622,0.124468,-0.226287,0.211806,-0.061746,-0.036502,0.184481,-0.104731,-0.161412,0.105733,-0.114649,0.029425,-0.225042,-0.044659,0.014263,-0.117728,0.319189,0.195519,-0.237000,0.102996,0.060285,0.085290,-0.016656,-0.017639,0.181951,-0.036062,0.014273,0.340105,#
4,-0.221803,0.146613,-0.143849,0.041453,1.000000,-0.109305,0.094898,-0.074437,-0.111516,-0.060037,0.211451,-0.058657,-0.176949,-0.122530,0.012780,0.243200,-0.150169,-0.205215,-0.173541,-0.000961,0.024568,0.231026,0.180392,0.142362,-0.105750,-0.303166,0.003387,-0.140758,0.170015,-0.177995,0.269825,-0.174189,0.164914,0.016173,0.013818,0.128585,-0.248093,-0.073642,-0.025302,0.217089,-0.071256,0.169155,0.088997,0.127809,0.170479,-0.186013,0.016067,-0.181891,-0.030756,-0.141580,0.021361,0.227974,0.053925,-0.254852,-0.074656,-0.020756,-0.078475,-0.109997,0.172578,-0.011041,-0.068629,0.268166,0.018737,-0.120064,0.199647,0.146816,0.097802,-0.055537,-0.158461,0.139530,0.149581,0.116075,0.101361,-0.149500,-0.170083,0.327447,0.111529,-0.163014,0.237422,-0.009031,-0.397371,0.114385,0.172313,-0.230065,0.094793,-0.120758,-0.026480,-0.150514,0.063479,0.227794,-0.214899,-0.065148,-0.186784,-0.110557,0.064763,0.127680,0.181730,0.103846,-0.193390,0.073152,0.096548,0.036520,-0.177571,0.099749,0.057625,-0.100247,0.086772,0.064956,-0.170792,0.114116,-0.039080,-0.002666,0.237381,0.285063,0.035800,0.018856,-0.054680,0.354316,-0.257255,0.118462,0.167629,0.045583,0.120673,0.055473,-0.012593,0.022448,0.127854,0.017728,0.182157,0.217866,0.213508,-0.025080,-0.268708,-0.035211,-0.042183,0.091079,0.128037,0.023230,-0.063627,-0.039177,-0.113201,0.332962,-0.028419,0.036780,-0.094266,0.203394,0.199744,-0.333754,-0.038363,0.068940,-0.179593,0.352112,0.027714,-0.055020,0.101136,-0.183745,0.130090,0.057668,0.255169,-0.003817,-0.174890,0.222114,0.083144,0.170641,0.045111,0.028487,0.048715,0.268402,-0.099978,0.207714,-0.032049,-0.046033,-0.072683,0.014240,0.230894,0.092915,-0.262120,0.029436,-0.003084,-0.146976,0.182249,0.053278,0.109728,-0.054077,0.234901,-0.053115,-0.048311,0.009144,-0.201097,-0.190139,-0.080781,-0.074276,-0.065326,-0.009636,0.308313,-0.393174,0.044429,-0.092155,-0.023495,0.120466,#
5,0.071893,0.147505,-0.001237,0.004355,-0.109305,1.000000,-0.211477,0.119292,-0.082010,0.043480,-0.002517,-0.097986,0.117552,-0.015592,-0.126651,-0.152289,-0.007527,-0.148128,0.167199,0.120016,-0.035197,-0.226692,-0.159014,-0.018760,0.072449,0.208351,0.072138,0.233375,-0.311861,0.107468,0.000202,0.125424,0.069227,0.297915,-0.018223,0.111157,0.028574,-0.256040,0.014406,0.056711,-0.119476,0.044209,-0.271082,-0.016712,0.038235,0.002799,-0.033866,0.320959,0.097345,0.069837,0.088882,-0.229170,0.067434,0.129815,-0.042405,0.402743,-0.039931,-0.074663,0.037893,0.121565,-0.366490,-0.202608,-0.062729,0.156534,-0.225774,-0.268727,-0.094211,0.097381,0.026000,0.241006,0.214755,0.045655,0.209701,-0.032811,-0.031717,-0.131166,-0.134233,0.086548,-0.025349,-0.050968,-0.001234,0.193227,0.168054,-0.033021,-0.194023,0.103381,0.066678,-0.032221,0.148319,0.115395,0.104225,-0.227332,0.031078,-0.075589,-0.133683,-0.376561,0.129437,0.115789,0.158489,-0.260667,0.211924,-0.074000,0.163315,0.032965,0.041012,0.016717,0.095765,0.256781,-0.117706,0.015824,0.031793,0.015748,-0.115132,-0.063054,-0.076560,-0.166264,0.140438,0.162558,0.093099,-0.231776,-0.059547,0.216228,0.174642,0.195865,-0.036772,0.120758,0.386635,-0.094822,0.101074,-0.217531,-0.135172,0.139644,0.180784,0.281311,-0.051769,-0.238498,-0.234589,0.195575,-0.101732,-0.157449,-0.042658,-0.108385,0.167555,0.038894,0.439889,-0.118736,-0.129906,0.169239,-0.061652,0.318238,0.202349,0.048360,0.199611,0.083037,-0.030847,-0.019337,0.117232,0.057719,0.144746,0.020618,0.047095,0.202516,0.135402,0.005193,0.084038,-0.057131,-0.228116,0.270853,0.046100,-0.135079,0.328484,0.004052,0.042897,0.009435,-0.201536,0.159248,0.120104,0.103999,0.129326,0.099251,-0.021392,0.033953,-0.355710,0.002577,-0.171211,0.022345,-0.136497,0.047798,0.354047,0.229162,-0.125685,0.274130,-0.079109,0.355171,-0.005734,-0.016622,-0.156374,0.145292,0.112100,0.230483,#
6,0.006075,-0.153105,-0.082881,0.027094,0.094898,-0.211477,1.000000,-0.079586,0.202074,0.294512,0.134379,0.033358,0.046466,-0.120075,-0.130139,0.310846,0.098356,0.066047,-0.160116,0.049391,0.058011,0.118069,-0.148507,-0.033194,0.193212,0.117887,-0.090743,0.037702,0.209344,0.042106,0.062430,0.128671,0.227148,0.054655,-0.060693,0.143901,0.179116,0.080418,-0.001118,-0.067114,0.149408,0.071298,0.320300,0.236371,0.039038,-0.177255,0.049733,0.192007,0.117363,0.106909,0.058456,0.077710,0.132127,-0.203637,0.003248,-0.160764,0.240274,0.074404,0.143044,-0.353850,0.360635,0.083627,0.143242,-0.086198,0.203033,0.154946,0.058929,0.195344,-0.035266,-0.070081,0.153546,0.326412,0.043371,0.047674,-0.149815,0.337742,0.249009,0.089648,0.270480,-0.005303,0.216856,0.094873,-0.154404,0.351640,0.100889,-0.125778,0.136556,0.207253,-0.041806,0.194804,0.002885,0.196064,-0.177447,0.133609,0.086735,0.078970,0.035221,0.146307,0.041032,0.004871,0.068477,0.292922,0.083559,0.007035,0.199175,-0.099609,-0.040832,0.100973,0.175415,-0.251322,-0.047802,-0.050782,-0.083969,0.078642,-0.004810,0.127672,-0.241246,0.016076,-0.108445,0.292340,0.010224,0.024874,-0.108566,0.170132,0.000763,0.107675,-0.152640,0.039487,0.087719,0.083915,0.121563,0.027158,-0.131935,-0.076048,0.008793,0.003926,0.111814,-0.013047,0.098370,0.272747,-0.088304,0.193464,-0.318479,0.072296,0.069957,0.237856,0.130878,0.124944,0.079773,-0.033366,-0.196763,0.119068,-0.200991,-0.083569,-0.112730,-0.123893,0.172418,-0.310382,-0.038057,0.272001,0.032315,0.157776,-0.241323,0.035941,0.070868,0.158445,0.222368,-0.185223,0.145442,0.060240,0.095384,0.121195,-0.148224,-0.149164,0.043101,0.222331,-0.047513,0.200453,-0.076995,-0.050155,0.080185,0.304088,0.028184,0.130016,0.051119,-0.038597,0.055922,-0.093909,0.133119,0.016942,-0.048264,0.033884,-0.081424,-0.106121,0.062949,0.266625,0.200661,-0.035076,-0.145941,0.078588,#
7,0.096671,-0.129841,0.196394,0.073499,-0.074437,0.119292,-0.079586,1.000000,0.112398,-0.266014,0.031477,-0.126466,0.127056,0.043167,0.073615,-0.082235,0.107452,0.115424,0.010849,0.164995,0.177829,-0.082455,-0.017962,-0.176493,0.008769,0.318470,0.016774,0.054324,-0.097863,0.312743,-0.093250,-0.120834,-0.086851,-0.002140,0.186522,0.140530,0.086757,0.098043,0.154620,0.021034,-0.020802,0.340839,-0.013621,-0.012634,-0.024111,0.079779,0.076602,0.127918,0.215713,-0.036749,-0.091618,-0.039763,0.213466,0.345681,0.261239,0.094149,0.018526,-0.257477,0.181498,0.304440,-0.189019,0.094221,0.041307,0.240001,0.050649,0.029426,0.213153,-0.072565,0.050729,-0.075489,0.139299,0.092774,0.119151,0.291257,0.156675,0.162746,0.014313,-0.016285,-0.171238,-0.064874,0.335979,0.068242,0.211252,0.188662,-0.166992,0.242051,0.254869,0.002600,0.089543,0.147165,-0.023023,0.180547,0.266691,-0.101387,0.058327,0.093297,0.110613,0.344037,0.201311,0.042685,-0.000628,-0.080712,-0.161341,-0.013428,0.048939,-0.107472,0.026311,0.222056,0.176434,0.197171,0.339707,0.050475,0.143326,0.189951,0.022927,-0.072212,-0.009788,0.038461,0.247682,0.004847,0.260035,0.065775,-0.002388,-0.023487,0.147870,0.243630,0.015450,0.001233,0.004994,-0.016887,0.192343,0.131741,0.282007,0.062140,-0.025068,0.105824,0.043242,0.262191,-0.104968,-0.068387,-0.143010,-0.139376,0.113732,0.182590,0.138776,0.076396,0.117946,-0.106245,-0.023433,-0.167369,0.016775,0.205363,0.046743,-0.229049,-0.138633,0.130025,0.273923,0.023449,0.243259,0.096422,0.163385,-0.081971,0.248896,0.039605,0.013312,-0.034108,0.086791,0.065776,-0.298320,-0.060594,0.092529,-0.003987,0.099114,0.095647,0.023131,-0.053113,-0.030454,-0.124311,0.277582,0.020500,0.072849,0.065590,0.070111,0.243584,-0.148266,0.069094,0.181237,-0.019571,0.225541,0.331763,0.115195,0.035319,0.023417,0.169634,0.204332,0.212327,0.118498,0.255237,0.159382,0.171993,#
8,0.015193,-0.033156,-0.009881,0.083665,-0.111516,-0.082010,0.202074,0.112398,1.000000,0.157482,0.052366,0.013521,0.002669,0.134863,0.060509,0.226700,0.015968,0.167161,-0.149517,0.112021,0.233872,0.182108,-0.203725,0.033937,0.353189,0.109385,0.079431,-0.305295,0.073453,-0.097610,-0.000155,0.169486,0.028992,-0.036878,-0.013158,0.320061,0.087010,0.084454,-0.087498,0.021249,-0.066566,-0.022318,0.412747,0.082241,-0.102829,-0.015835,-0.031351,0.170010,0.214103,-0.098705,0.264440,0.248047,-0.088617,0.073429,-0.144939,0.097845,0.182543,-0.101697,-0.088184,-0.038331,0.119069,0.078164,0.300005,0.036793,0.226423,0.230470,0.150364,0.139334,0.240812,-0.095791,0.173138,0.164903,0.048649,-0.001782,0.038696,0.002418,-0.034409,-0.016271,0.062461,-0.114075,0.179587,0.134791,-0.096211,-0.012002,0.250032,0.107881,0.107302,0.197829,-0.040947,-0.037451,0.127116,-0.061911,-0.083622,0.055937,-0.038606,-0.053010,0.192346,0.234399,0.276827,0.371697,0.101513,-0.277572,0.035407,0.271192,-0.065442,0.146985,-0.054654,0.024043,-0.113304,0.170621,-0.096029,0.128939,-0.045382,-0.030022,-0.168934,0.046960,0.016921,0.136160,0.106177,0.165947,-0.077297,0.088050,-0.054571,0.097995,0.089528,0.152277,-0.086233,-0.081644,0.112165,0.167283,-0.081826,0.158990,0.078982,-0.012934,-0.023570,0.040011,0.115094,0.034537,0.208733,0.098418,-0.014268,-0.082135,0.067824,-0.272114,0.035771,-0.051453,-0.054883,0.350733,0.147502,0.031256,-0.038510,0.230602,-0.167243,0.191146,0.002557,-0.091712,0.122878,0.154677,0.216573,-0.007998,-0.037026,-0.204223,0.193479,-0.062767,-0.161208,0.070820,0.053583,0.179234,0.037044,-0.238987,0.139721,0.108040,-0.109290,0.002507,0.113711,0.118741,0.200212,-0.022259,0.171578,0.084535,-0.016466,-0.051777,0.050267,0.006165,0.078366,-0.026637,0.391773,0.058376,0.146640,0.267355,0.096697,0.221233,0.306397,0.120922,0.092952,-0.243026,-0.229483,0.083524,0.028006,0.263027,#
9,-0.181929,-0.110562,0.076936,0.011941,-0.060037,0.043480,0.294512,-0.266014,0.157482,1.000000,0.030810,0.052549,0.104698,-0.045628,0.078887,0.292493,0.091951,-0.123504,-0.025999,-0.210886,0.013406,-0.071567,-0.379303,0.149651,0.066098,-0.253096,-0.070498,0.093332,-0.029871,-0.194536,-0.095287,0.334580,0.064035,0.049118,-0.195549,0.123648,0.157187,-0.022056,-0.038665,-0.051574,-0.023472,-0.143037,-0.034993,-0.042292,0.056710,-0.153122,-0.059601,0.109663,0.078105,0.014241,0.157114,-0.025588,-0.118497,-0.128494,-0.074460,-0.109189,0.112544,0.276648,-0.213490,-0.109652,0.140342,0.043492,0.047744,-0.190213,-0.208097,0.079320,0.025611,0.050649,0.163581,-0.034343,0.147920,0.069985,-0.014603,-0.039503,-0.287426,-0.118047,0.282357,-0.003835,0.074137,0.231614,-0.082275,0.212813,-0.006682,0.180852,0.144553,0.022022,0.108451,0.447231,-0.085492,-0.015381,0.098636,-0.109674,-0.126430,-0.127371,0.035699,-0.251562,0.174664,-0.048018,0.059368,0.052549,0.209292,0.103627,0.245749,0.122569,0.045330,0.162261,-0.103014,0.178911,0.222997,0.115799,-0.035780,0.068613,-0.196697,0.081148,-0.063018,0.003722,-0.100562,-0.047721,-0.154474,0.132495,-0.221944,0.068477,-0.082576,0.079939,0.244639,0.195428,0.020566,-0.002998,0.203659,0.065869,0.053408,0.056772,-0.106983,0.024210,0.191661,-0.182318,0.133499,-0.031951,0.038733,-0.110043,0.273806,-0.037057,0.089855,0.151147,0.041806,0.350547,0.112129,0.251677,0.176408,0.185223,-0.080379,-0.028721,0.135714,0.166673,0.124443,-0.055788,-0.077701,-0.073331,0.090521,0.003145,0.103310,0.157687,0.058711,-0.177249,0.127094,0.271973,-0.077164,0.043469,0.282337,-0.052397,0.173959,-0.002982,-0.135750,-0.336782,-0.057318,0.123584,0.247898,0.188952,-0.142609,0.075200,0.191842,0.013644,0.056741,-0.099115,-0.006512,-0.078623,0.017466,0.029923,0.198169,-0.215575,-0.133353,-0.031887,0.037298,-0.151855,-0.170277,-0.094253,0.205301,0.109542,-0.095347,0.026700,#
10,-0.060771,0.014801,0.095059,0.030628,0.211451,-0.002517,0.134379,0.031477,0.052366,0.030810,1.000000,0.061759,0.033038,-0.063831,-0.025120,0.066076,0.244342,-0.123879,0.014086,0.081039,0.133772,-0.026632,-0.063907,0.306622,0.017275,0.091272,0.097348,0.045457,-0.047808,0.049346,0.118342,0.061601,0.194105,0.216993,0.082246,0.086029,0.148323,0.029478,0.011693,0.000948,0.148735,-0.023995,0.102584,-0.130618,0.086199,0.099824,0.292201,-0.015350,0.044322,0.299779,0.119968,0.334588,0.020671,-0.203129,0.101651,0.394487,0.052681,0.144569,-0.175307,0.071670,0.146558,0.102098,0.235334,0.130756,0.128538,-0.045874,0.312817,0.023842,0.265717,0.062509,0.508545,0.198927,0.233279,-0.142679,0.110676,0.239164,-0.155969,0.009940,0.060111,-0.007267,0.152848,0.077528,-0.080052,-0.217376,0.100744,0.034425,0.003038,-0.121764,0.017434,0.409298,0.024419,0.178619,0.229477,-0.277743,-0.092092,0.009626,-0.022839,0.318049,-0.088752,-0.000739,-0.149011,-0.105698,-0.065526,0.148461,0.106926,0.064869,0.284752,-0.166022,-0.020161,-0.071214,-0.097532,0.040626,0.284285,0.183444,0.013186,0.117778,-0.051694,0.249351,-0.026358,0.030679,0.001133,0.024600,0.105608,0.189698,0.018028,0.099633,0.034541,0.007225,0.261356,0.213054,-0.084759,0.105481,-0.071180,0.188785,0.206982,0.384568,-0.026395,0.057107,0.163878,0.249028,0.060198,0.142362,-0.081207,-0.059673,-0.106464,0.235802,0.370143,0.197336,0.106546,0.166865,-0.143576,-0.031808,-0.024121,0.134314,0.228676,-0.121443,0.248361,0.101475,-0.033954,-0.140204,0.048360,-0.100298,0.051005,0.103745,0.095451,-0.018273,-0.055958,0.010652,0.072189,0.248283,-0.121562,0.059812,-0.159725,0.001677,0.227176,0.134647,-0.066858,-0.109263,-0.051769,0.064774,-0.135852,-0.010399,-0.078399,0.066715,-0.280273,0.220333,0.327418,0.123580,-0.173203,-0.018599,-0.019326,-0.155245,0.169638,0.278880,0.151932,-0.015337,0.085902,0.003999,-0.062791,0.156931,#
11,0.130587,0.172050,-0.028612,0.184563,-0.058657,-0.097986,0.033358,-0.126466,0.013521,0.052549,0.061759,1.000000,0.020736,0.013341,0.249725,0.140554,0.185370,0.129749,0.329113,0.103996,0.046223,-0.018766,0.180353,0.155142,0.207655,0.023592,0.051836,-0.107591,0.143529,-0.081442,0.231317,0.259035,0.098924,0.183721,-0.039521,0.214139,0.193056,0.217742,0.049464,-0.047232,0.260809,-0.151451,0.142145,-0.064125,-0.000409,-0.260786,0.222895,0.309393,0.118210,0.166201,-0.150526,0.172226,0.300904,-0.094452,0.086284,0.022039,-0.021211,0.343004,0.026017,0.055505,-0.072486,-0.047695,0.258226,0.012289,0.014732,0.093867,-0.054829,0.079293,0.149895,-0.038221,0.050386,-0.130912,-0.036616,0.106011,0.324264,0.162193,0.018437,0.031537,-0.222644,-0.136839,-0.158289,0.199927,0.108132,0.037578,0.344807,0.150064,0.007048,-0.027040,-0.054500,-0.087280,0.110488,0.109799,0.070517,0.073087,-0.134767,0.134952,-0.181571,0.119162,-0.061032,0.239194,-0.138164,0.072545,0.202101,0.002225,0.149859,-0.063511,0.172983,0.186137,0.256945,-0.138926,0.031010,0.235702,-0.007945,-0.181722,0.053331,-0.073157,0.121622,0.000278,0.087113,0.179207,-0.028959,-0.012603,0.102848,0.122734,0.061594,0.140208,0.220970,0.199623,0.091151,0.336065,0.036935,0.024459,0.239323,0.123057,0.052109,0.014448,0.244627,0.177217,0.232382,0.188174,-0.274380,0.057450,0.124071,0.124616,0.086799,0.248714,0.056270,0.216218,0.048100,0.005189,-0.033923,-0.049803,0.057860,0.405275,0.206952,-0.050133,0.147269,-0.149346,-0.144575,0.053921,0.416477,0.161076,0.274586,0.102706,0.006001,0.336202,0.326320,0.072445,0.067304,0.261438,0.271060,-0.081658,0.321075,0.310458,0.094712,0.004483,0.279921,-0.038229,0.056889,0.059260,0.059597,-0.191523,0.160190,0.095060,-0.015589,-0.052475,0.318731,0.108360,-0.063380,-0.056906,0.112132,0.088980,0.089234,0.065749,0.088341,-0.057942,0.060437,0.046435,0.017539,0.087285,#
12,0.143183,0.136306,-0.055152,0.251241,-0.176949,0.117552,0.046466,0.127056,0.002669,0.104698,0.033038,0.020736,1.000000,0.074190,0.147887,0.199702,0.029944,-0.012636,0.224041,-0.012613,0.157410,-0.110596,0.082669,0.286457,0.085755,0.379289,0.055639,0.120954,-0.186273,0.042137,0.014288,0.219512,-0.063381,0.249300,0.299516,0.008200,0.199768,0.195242,0.090004,-0.030678,-0.131418,-0.011543,0.068963,-0.133775,0.303997,0.210673,0.208159,0.134629,0.242859,0.036385,0.340290,-0.182037,-0.003479,0.001427,0.069474,0.246978,0.201763,-0.070682,0.131607,0.083654,0.143421,0.052645,0.205195,-0.045587,0.079662,0.071869,-0.054572,0.222413,0.308522,0.118261,0.116515,0.088630,0.115861,-0.008486,-0.002742,0.112688,-0.023530,-0.083007,0.061174,0.060594,0.196321,0.195689,-0.045526,0.127016,-0.158922,0.192693,-0.071316,0.038443,-0.114871,-0.198881,0.141672,-0.032542,0.232631,0.131615,0.011869,0.041080,0.055358,-0.089610,-0.182488,0.031138,-0.234114,0.150699,-0.022206,0.170295,-0.086236,-0.070240,-0.022401,0.150082,0.220399,0.120766,0.061565,0.076323,0.113801,-0.099497,0.186440,0.085390,-0.120344,0.108164,0.062229,0.161736,0.077345,0.393474,-0.049046,0.057093,0.138410,0.239818,0.306384,0.076200,-0.015965,0.055201,-0.238267,-0.145836,-0.038782,0.176883,-0.106124,-0.049733,0.048195,0.161086,0.018514,-0.026326,-0.078596,-0.333471,-0.034489,0.048333,-0.230367,0.358607,0.091784,0.036193,0.007458,-0.094378,0.262544,-0.158381,0.209383,-0.037185,0.264286,0.139888,0.095526,0.108319,0.202417,-0.149814,-0.048102,0.154153,0.119351,0.066567,0.235541,-0.039796,-0.115949,0.255732,0.035362,0.154337,0.139984,-0.033534,0.047948,0.006109,0.023112,0.107223,0.218214,-0.070667,-0.106575,-0.043549,0.062793,0.096541,-0.072838,-0.048629,-0.185270,0.068990,-0.039153,0.044922,0.381125,0.168008,-0.148978,0.116589,-0.096301,-0.118319,0.019373,0.155480,0.000672,0.190950,0.230876,0.061610,#
13,-0.308881,0.134695,-0.031548,-0.231543,-0.122530,-0.015592,-0.120075,0.043167,0.134863,-0.045628,-0.063831,0.013341,0.074190,1.000000,0.145141,-0.110295,-0.244026,0.203353,-0.048697,0.101404,-0.156751,-0.083923,0.012415,-0.148978,0.120184,0.116734,-0.036506,-0.185561,0.074400,0.212904,-0.058993,-0.044360,0.103806,0.066138,-0.221205,0.042013,-0.123066,0.054581,-0.148096,0.104395,0.024055,0.013260,0.094320,-0.135860,-0.144444,0.088398,-0.042611,0.160670,0.101371,0.246911,0.026976,-0.073306,0.068966,-0.167312,0.138165,0.122540,0.159286,0.168145,-0.116093,0.065435,-0.203650,-0.146250,0.056307,-0.150239,0.195604,-0.047021,0.052989,0.180872,0.313346,-0.016965,-0.076949,-0.104875,0.148992,-0.134738,0.001972,-0.033296,-0.068715,0.106612,0.174621,-0.116524,-0.106179,0.091752,0.089327,0.056649,-0.053162,0.127173,-0.069968,-0.007924,0.027162,-0.075937,-0.043615,-0.134002,-0.047725,-0.002030,-0.105299,-0.110628,0.049004,0.039764,0.004015,-0.023667,-0.033516,-0.021307,0.206967,-0.151374,-0.035071,0.129853,-0.036327,-0.007889,-0.157130,-0.036311,0.004614,-0.010007,-0.011680,0.034244,0.010962,-0.181803,-0.142218,-0.054173,0.232824,-0.114012,0.076632,-0.083905,0.062159,-0.406332,-0.131897,0.089156,0.126180,0.080109,0.083278,0.058237,-0.025134,-0.287282,0.001005,0.078189,-0.115791,-0.091296,-0.125340,0.118824,0.292464,0.021959,0.066619,-0.169566,0.082058,-0.424343,-0.248584,0.049246,0.076622,-0.001232,-0.014520,-0.342413,0.221829,0.189717,-0.005457,-0.115924,0.146605,-0.179205,0.092005,-0.209301,-0.009423,-0.200853,-0.140410,-0.141309,0.155794,-0.051447,0.073033,-0.070864,0.077199,0.002089,0.023924,-0.057017,0.083583,-0.030367,0.059496,0.061784,0.085819,0.112023,0.049742,-0.186434,-0.095572,0.101371,-0.162847,-0.150969,0.217824,-0.107371,-0.064153,0.080032,-0.076680,-0.076327,-0.094117,-0.038229,0.247641,-0.001876,0.127218,-0.013507,0.027080,0.037411,-0.137447,0.046886,-0.009037,-0.234157,#
14,0.243921,0.120820,0.124377,0.113689,0.012780,-0.126651,-0.130139,0.073615,0.060509,0.078887,-0.025120,0.249725,0.147887,0.145141,1.000000,0.042925,-0.020643,-0.001211,-0.088886,0.086935,-0.009211,0.068296,0.105932,0.297599,0.145608,0.017821,0.101883,-0.282222,-0.047267,-0.045876,0.201978,-0.149882,-0.195859,-0.152681,0.164945,0.273316,-0.141860,0.061381,0.135675,-0.046051,0.035848,-0.114080,-0.038647,-0.052567,0.009118,0.058417,-0.041787,0.079237,0.065975,-0.101955,-0.191713,0.279040,0.137032,0.027499,0.117315,0.010092,-0.265863,-0.107384,-0.108248,-0.112240,-0.078983,0.119064,0.157796,0.138885,-0.043273,0.094974,-0.052595,0.000268,0.148552,-0.067040,-0.045372,-0.179858,0.137536,0.277415,-0.005489,-0.095500,-0.099423,0.070878,0.041418,0.100557,-0.141853,0.080068,0.102984,-0.049773,0.110309,0.134423,-0.142353,-0.050039,-0.123368,-0.347533,0.012531,-0.136986,0.164577,0.179312,0.075629,0.053643,-0.152681,0.104119,-0.116529,0.198086,0.059003,-0.070385,0.021150,-0.028807,0.020189,-0.054371,-0.015152,0.057599,0.168894,0.179654,0.001866,0.186357,-0.108771,0.089510,-0.190031,-0.071005,-0.063795,-0.256374,0.139531,-0.011903,0.127095,0.107046,0.000482,-0.064511,0.108296,0.219502,0.302076,0.102187,-0.172963,0.045767,-0.076526,0.194123,-0.037879,-0.041067,0.025178,0.023496,0.264735,0.246319,0.070766,-0.090363,-0.042799,-0.038351,-0.000661,0.136923,-0.169223,0.271261,0.066676,-0.039057,-0.044924,-0.035123,0.218118,0.145409,0.231213,0.308374,0.175028,0.018936,0.041826,-0.083389,-0.083262,-0.202337,0.000943,0.033741,0.096864,-0.196473,0.327087,0.216825,-0.019923,-0.071523,0.017079,0.122779,0.052399,-0.277607,0.127165,-0.014746,0.336979,0.072570,0.135980,-0.276215,0.035055,0.045011,-0.030991,-0.116872,-0.090395,-0.002870,0.100150,0.055665,0.157365,0.078080,0.107669,-0.134067,-0.045785,-0.067407,0.229683,0.123784,-0.052129,-0.295036,0.002597,0.132823,0.006636,-0.097952,#
15,-0.063153,0.008519,-0.120718,0.163667,0.243200,-0.152289,0.310846,-0.082235,0.226700,0.292493,0.066076,0.140554,0.199702,-0.110295,0.042925,1.000000,0.006771,0.153958,-0.036103,-0.042653,0.014202,0.310333,0.198144,0.085372,0.188643,-0.065170,-0.222242,-0.083649,0.188366,-0.115327,0.243908,0.183287,0.273422,0.294793,-0.101418,0.216938,0.102610,0.318876,-0.089518,-0.158306,-0.135416,-0.149836,0.150222,0.185380,0.183371,0.067334,-0.038096,-0.103222,0.162013,0.161178,0.112817,0.126115,-0.159460,0.073857,0.038702,0.060384,0.088878,-0.031627,0.112398,-0.076633,0.097799,0.246901,0.159196,0.053618,0.039643,0.133312,0.065426,0.216577,0.079524,0.023178,0.143648,0.045640,-0.160160,0.103285,0.111753,0.285262,0.213427,-0.087884,0.205683,-0.045518,-0.128252,-0.016039,0.032970,0.085449,0.149365,-0.115159,-0.098379,0.084587,0.070488,-0.087142,-0.064855,0.139886,0.212462,0.231633,-0.030525,0.090145,0.045833,0.201506,0.109168,0.211848,-0.040216,0.101218,0.098752,0.221696,0.124432,-0.123512,-0.199510,0.160875,0.010839,0.201268,0.020720,-0.096372,0.110129,0.155349,0.085472,-0.214265,-0.175023,0.004854,-0.043241,0.462060,-0.043281,0.259119,0.037242,0.200316,0.039470,0.186576,0.062066,-0.054665,0.074402,0.278408,0.106411,-0.092329,-0.097654,-0.093593,0.065626,0.139643,0.257984,-0.008584,-0.201396,0.042363,-0.067735,0.044748,-0.002717,0.108772,0.101755,0.328074,-0.162948,0.185541,0.049101,0.042395,0.128183,0.259542,-0.035744,0.174644,0.062214,-0.093604,0.227704,-0.027379,0.145715,0.111495,-0.038641,0.085918,0.216264,0.169475,-0.038000,-0.014262,-0.015697,-0.091787,0.079709,0.157658,0.004033,-0.051444,-0.187009,0.098168,-0.037119,0.375136,0.177678,0.002160,0.008262,0.168416,0.158590,0.141594,0.057758,0.196162,0.157978,-0.121892,0.052840,0.007140,-0.088498,0.016634,-0.127887,0.210483,0.006441,-0.150492,-0.104964,-0.095868,0.130647,-0.192122,0.109686,0.178322,#
16,0.056350,0.070589,0.151956,0.157958,-0.150169,-0.007527,0.098356,0.107452,0.015968,0.091951,0.244342,0.185370,0.029944,-0.244026,-0.020643,0.006771,1.000000,0.033254,0.181997,0.259662,0.444434,-0.077109,-0.094026,0.196705,0.258375,0.085870,0.048158,-0.008510,-0.139545,0.027198,-0.067937,0.129549,-0.002715,-0.020150,0.148045,0.167333,0.337994,0.283814,0.076637,0.047066,0.081146,0.034509,0.050167,0.084120,0.131857,0.004636,0.120750,0.130296,0.108050,0.178028,-0.156807,0.181322,0.080703,-0.076430,-0.001338,0.052760,-0.188312,0.091184,-0.022549,-0.181227,0.329755,0.186847,0.062569,-0.134698,-0.132277,0.069064,0.320190,-0.120155,0.037337,-0.034347,0.171900,-0.041643,0.069907,-0.080998,0.037137,0.021917,-0.026360,0.128395,-0.250632,0.090020,0.342218,0.182690,0.156451,0.204034,0.092278,0.153719,0.137053,-0.099700,-0.114544,0.131111,-0.154441,0.120371,0.097986,-0.298429,0.131815,0.053756,0.019990,0.361758,0.217539,0.216791,0.156203,0.178356,-0.067534,0.275902,0.090028,0.073789,0.189574,0.026155,0.252059,0.010488,0.075480,0.099782,0.001888,-0.031448,0.237576,0.212007,0.295900,0.158626,0.101674,-0.214642,0.042788,-0.156767,0.056300,0.182082,0.246142,-0.000149,-0.138631,-0.142698,0.248261,0.095862,0.238646,0.038085,-0.094139,-0.011333,0.051449,0.259463,0.115375,0.014327,-0.073500,-0.068036,0.027571,0.022055,0.179689,-0.011751,-0.125705,0.169799,0.314244,0.267362,0.246530,-0.020972,-0.195290,0.015313,-0.181390,0.119676,0.394654,-0.075600,0.171186,0.062564,-0.060743,-0.077249,0.216602,-0.042275,0.063290,0.011419,0.233305,0.062495,0.072802,-0.013675,0.071783,0.085536,0.013524,0.104794,0.256119,0.146796,-0.014620,0.236312,0.116652,0.430750,0.118009,0.111728,-0.046205,-0.108079,-0.017386,0.203803,-0.320733,-0.080577,0.138551,0.015316,0.211887,0.079432,-0.029144,0.041828,0.179491,0.049666,0.249935,0.108812,0.296534,0.122497,-0.067396,0.179752,#
17,0.124937,-0.099566,0.006614,-0.153168,-0.205215,-0.148128,0.066047,0.115424,0.167161,-0.123504,-0.123879,0.129749,-0.012636,0.203353,-0.001211,0.153958,0.033254,1.000000,0.091050,0.088236,-0.008771,0.052896,0.174652,-0.304093,0.112955,0.278608,-0.106791,-0.044205,-0.051065,0.094837,-0.062487,0.122784,0.149811,-0.111538,-0.152635,0.063866,0.165846,0.097359,-0.077381,0.202090,-0.048887,0.043451,0.066422,0.008851,0.011142,0.087525,-0.061267,0.229838,-0.016682,0.102852,0.018593,-0.094443,-0.013954,0.052521,0.064838,-0.151306,0.061399,-0.048927,-0.087296,0.099953,-0.186791,-0.049968,0.275567,-0.016987,0.058676,-0.094863,0.229463,0.148376,-0.141537,-0.142574,-0.051437,-0.184213,-0.328404,0.106218,0.288356,-0.169536,0.087361,0.073078,0.164770,-0.086161,0.014836,0.095494,0.099721,0.066435,-0.006709,0.087778,0.006733,0.173418,0.074926,-0.233457,-0.121520,-0.168940,0.120291,0.110760,0.186052,0.058707,-0.040952,0.158576,0.236133,-0.120170,-0.029474,-0.156706,-0.000255,-0.087626,-0.051370,0.181812,-0.385980,-0.159806,0.027729,0.144971,0.277690,-0.153845,0.145835,-0.120477,0.232846,-0.252466,-0.223514,-0.116358,0.203295,0.238789,0.107035,0.180664,0.203195,-0.270846,-0.195953,-0.141747,-0.184995,-0.074793,0.095355,-0.094468,-0.037383,-0.059222,0.154325,-0.079535,0.108097,0.156207,0.182580,0.141568,-0.076620,0.242202,-0.073295,-0.154412,0.163171,-0.046885,0.168075,-0.021553,-0.108287,0.056258,0.253934,-0.015235,0.018692,0.115254,-0.021401,0.190629,-0.006370,-0.049272,0.177907,-0.104553,0.012709,-0.021760,-0.027752,0.013892,0.147925,-0.222054,-0.058636,-0.158496,-0.046605,-0.253090,0.152916,-0.055551,0.008704,-0.023914,0.259343,0.021611,0.092428,-0.078215,0.110838,-0.010770,-0.020687,0.276920,0.042623,-0.037670,-0.051885,0.479990,-0.006114,-0.051043,0.105611,0.112001,-0.172837,0.072994,0.262577,0.050381,-0.042169,0.067225,-0.025830,0.077195,-0.028643,-0.016518,0.200292,-0.267008,#
18,0.037108,-0.042984,-0.096897,0.128643,-0.173541,0.167199,-0.160116,0.010849,-0.149517,-0.025999,0.014086,0.329113,0.224041,-0.048697,-0.088886,-0.036103,0.181997,0.091050,1.000000,-0.014822,-0.121258,0.038177,0.170758,-0.142230,0.006661,0.282368,0.105500,0.038756,-0.036008,0.236755,-0.326529,0.274272,0.094002,0.204992,0.021282,0.143910,0.123382,0.155925,-0.073655,0.153841,-0.085243,0.128252,0.094896,-0.160505,0.141883,-0.015235,-0.051761,0.164134,0.143654,0.064436,-0.096554,-0.110814,0.109605,-0.231269,-0.009713,0.045819,-0.000331,-0.179791,-0.060405,0.200766,0.004934,-0.012515,0.105092,-0.021544,-0.008019,-0.169275,-0.017381,-0.259214,-0.192847,-0.042035,-0.003726,-0.157919,0.050927,-0.158014,0.362230,-0.030575,0.068527,-0.176400,-0.481943,-0.022151,-0.002986,0.013987,0.089030,-0.110542,0.118973,0.091143,-0.171040,-0.041845,0.024775,-0.175529,0.136408,-0.103758,0.100135,-0.123763,-0.136514,0.060469,0.204472,0.139785,-0.081905,0.067559,-0.145732,-0.089739,0.049164,0.086998,-0.099739,-0.035884,0.100421,0.133057,0.047855,0.195497,0.278283,-0.087267,0.013067,-0.018726,-0.061745,0.050453,0.075039,0.197960,0.179427,0.084706,0.089233,0.022698,-0.031946,0.153858,0.296162,-0.179075,0.293846,-0.051573,0.259036,0.009121,-0.115634,0.148337,0.172724,0.111942,0.039665,-0.006227,0.212198,0.061376,-0.235777,0.085522,-0.092901,-0.071259,0.131732,0.224127,0.037679,-0.022171,-0.057108,0.184634,0.320744,-0.150954,0.048325,-0.328291,0.266453,0.015435,0.277531,0.129193,0.142238,0.175707,-0.158255,0.041286,0.230584,0.206549,0.389771,0.013039,-0.132243,-0.173677,0.328880,0.084098,-0.020774,0.040904,0.002511,-0.057968,0.192213,0.300104,-0.079668,-0.004031,0.070423,0.073527,0.037364,0.095218,-0.094318,0.120750,0.103436,-0.030001,-0.164159,0.133401,0.159018,-0.002703,-0.008743,0.192281,0.045874,0.233705,-0.047062,0.193644,-0.064638,-0.079687,-0.082899,0.304381,-0.018272,0.041378,#
19,0.058792,0.210272,0.056314,-0.081531,-0.000961,0.120016,0.049391,0.164995,0.112021,-0.210886,0.081039,0.103996,-0.012613,0.101404,0.086935,-0.042653,0.259662,0.088236,-0.014822,1.000000,0.194887,-0.140899,0.054923,0.221864,0.209715,0.106916,-0.135159,-0.323681,-0.344669,0.224923,0.170117,0.081869,0.249090,-0.053434,0.144951,0.190642,0.045362,0.145721,0.086785,0.039777,0.223640,0.197486,0.143581,-0.049643,0.004713,0.176793,0.142621,0.126837,0.171945,0.263235,-0.093188,0.112876,0.007939,0.011923,0.103521,0.099579,0.056602,-0.122193,-0.114560,-0.044090,0.013793,-0.047402,0.296244,0.006710,0.023650,-0.003505,0.144343,0.142907,0.105036,-0.188002,0.144014,0.126546,0.120776,-0.061473,-0.011992,0.307825,-0.148578,0.129958,0.166352,-0.138689,0.153386,0.006556,0.184265,-0.024134,-0.003067,0.055378,0.099173,-0.020161,0.220291,0.037655,-0.178911,0.066252,-0.104769,0.196787,0.011006,-0.027770,0.128752,0.444905,0.171631,0.082355,0.036840,0.010811,-0.007136,0.038212,0.186707,-0.089816,0.223931,-0.154490,0.158272,-0.161926,0.193439,-0.041391,-0.016215,0.148116,0.081793,0.190470,0.233263,0.019887,0.321398,-0.222128,0.411478,0.023952,-0.003399,0.177986,0.203722,0.220251,0.027445,0.156888,0.208602,0.159471,0.066769,0.150804,0.078453,0.031360,0.009217,0.253564,0.019992,0.190994,0.124534,-0.048502,0.052153,0.291446,0.066441,-0.019740,0.061114,0.007491,-0.113059,0.063042,0.134609,0.138090,0.056490,0.031565,0.083491,0.197125,0.292533,-0.035031,0.209455,-0.057345,0.290312,0.113362,-0.011231,0.206286,0.164706,0.142297,0.051686,0.037383,0.025703,0.266612,-0.007498,-0.015748,-0.229861,0.013505,0.143395,0.378917,0.255757,-0.015567,0.240120,0.128731,0.009023,-0.012026,-0.023077,0.251878,0.216328,0.188490,0.041752,-0.054792,0.016393,-0.072141,0.079419,0.181194,0.151720,0.113661,-0.031650,0.254319,0.358977,0.008569,0.109988,-0.007464,-0.046043,0.119099,#
20,0.010474,0.139945,0.016143,0.086616,0.024568,-0.035197,0.058011,0.177829,0.233872,0.013406,0.133772,0.046223,0.157410,-0.156751,-0.009211,0.014202,0.444434,-0.008771,-0.121258,0.194887,1.000000,-0.054588,-0.015217,0.253608,0.234789,0.130537,0.075512,-0.098825,0.013995,-0.197254,0.144683,0.225809,-0.010725,0.224787,0.090783,-0.028255,0.214102,0.101806,0.194988,0.050223,0.145617,0.134095,0.127071,0.144007,0.012609,-0.104978,0.213733,0.131407,-0.011631,-0.156331,0.136996,0.274408,0.057990,-0.124820,0.144660,-0.079858,-0.224259,0.051761,-0.120195,-0.091441,0.153295,0.030609,0.249100,-0.171944,-0.033210,0.125278,0.200639,0.007511,0.015888,-0.018740,-0.006968,-0.005898,0.021753,-0.046229,-0.116178,-0.060204,-0.211654,-0.053133,0.091391,0.228017,0.326465,0.216504,0.043249,0.205441,-0.209386,-0.047776,0.021372,0.073824,0.097233,0.286848,0.075417,-0.040206,0.199202,0.131420,-0.026204,0.198696,0.131224,0.101184,0.189930,0.172556,0.143700,0.139231,-0.180496,0.156542,0.014775,-0.010471,0.280490,-0.042348,0.094673,0.139305,0.012316,0.137097,-0.152006,-0.177237,0.361271,0.264672,0.193610,0.186149,-0.013236,-0.051122,0.260783,0.098417,0.057294,0.072632,-0.057242,-0.032885,-0.188741,-0.039269,0.103056,0.188849,0.215006,-0.007947,0.244193,-0.032446,-0.065063,0.229324,0.061015,0.138510,0.128191,0.051352,-0.063277,-0.183140,0.199452,-0.072517,0.060212,0.043953,0.228515,0.196494,-0.242783,0.135661,-0.060523,0.216081,-0.202016,0.045216,0.079378,-0.182480,-0.052904,0.156623,0.226894,-0.079547,0.003491,-0.042830,-0.016768,-0.079759,0.223077,0.014572,-0.045780,0.215492,-0.269493,-0.066117,0.004943,0.103887,0.047241,0.090637,0.029162,-0.093429,0.087317,0.189828,0.037388,-0.004112,0.016197,-0.266778,-0.037655,-0.118322,-0.213279,-0.006489,0.164368,-0.006012,0.183295,0.214312,0.027887,0.194381,0.385907,-0.045174,0.313159,0.029497,0.028427,0.242324,0.148453,0.232557,#
