0,1.000000,0.302632,0.236774,0.045046,0.156631,0.205315,0.495556,0.194851,0.198531,0.226307,0.355559,0.198017,0.162384,0.237814,0.192848,0.195447,0.328428,0.325152,0.184203,0.406039,0.197732,0.044224,0.265309,0.459903,0.136261,-0.068451,0.050578,-0.008936,0.107450,0.342466,0.147632,0.370183,0.132887,0.286824,0.438596,0.170196,-0.082291,0.091415,0.429406,0.277149,0.233145,0.104085,0.360302,-0.115039,0.321544,0.104314,0.283253,0.122110,0.336621,0.350316,0.189221,0.391245,0.223238,0.174035,0.334238,0.312776,0.196792,0.217155,0.242655,0.107929,0.199379,0.465704,0.267921,0.108983,0.340699,0.236568,0.317934,0.211020,0.135870,0.139146,0.274918,0.266886,0.197780,0.318420,0.188908,0.243585,0.341981,0.140213,0.301214,0.159573,0.237135,0.161037,0.238624,0.179857,0.190174,0.382285,0.347699,0.407765,0.357075,0.165066,0.067866,0.079278,0.142048,0.052320,0.131928,0.106298,0.342405,0.248600,0.298637,0.373060,0.182200,0.138888,0.299287,0.306581,0.119857,0.266757,0.166110,0.228861,0.384142,-0.064381,0.013812,0.364460,0.103680,0.250592,0.429564,0.272076,0.339602,0.094300,0.321991,0.301017,0.090441,0.283290,0.357835,0.277412,0.379418,0.301232,0.225869,0.089155,0.159103,0.331972,0.099609,0.299157,0.167215,0.202317,0.334162,0.313038,0.171127,0.063334,0.037298,0.337750,0.162081,0.065224,0.074289,0.285246,0.174443,-0.179048,0.257414,0.188060,0.163571,-0.056542,0.289414,0.306456,0.248542,0.146304,0.115626,0.292738,0.296391,0.379254,0.416499,0.217296,0.355411,0.280871,0.298240,0.198705,0.244631,0.354299,0.312406,0.162674,0.322025,0.171516,0.181811,0.262984,0.278250,0.357248,0.274882,0.276557,0.455274,0.334794,0.399538,0.149184,0.184726,0.266392,0.363443,0.132714,0.235287,-0.025701,0.002492,0.318245,0.308185,0.040810,-0.038674,0.196550,0.135903,0.442883,0.274658,0.398633,0.114779,0.399913,-0.057913,0.241909,#
1,0.302632,1.000000,-0.092464,0.047611,-0.009304,-0.119751,-0.007164,0.141188,0.267993,0.243968,0.216491,0.187078,0.150110,-0.159417,0.084808,0.067554,0.130094,0.038835,0.100044,0.194225,-0.133684,0.124931,0.206424,0.117364,0.189213,-0.034949,-0.169949,0.097105,0.069018,-0.067758,0.156117,0.099559,-0.110146,0.129811,-0.094441,-0.097953,0.213178,0.033664,0.238404,0.091540,0.028965,0.007062,0.177816,-0.054174,-0.046789,-0.039396,0.178264,0.112486,0.101821,0.360983,0.039094,0.160516,-0.047526,-0.050807,0.161906,-0.152790,0.121511,-0.021395,-0.159549,-0.011102,0.125839,0.169139,0.078800,-0.108795,0.009394,0.176805,0.140772,0.132327,0.148214,0.244293,0.257546,0.210629,0.343925,-0.021859,0.147461,0.072813,0.223868,-0.009326,0.252320,-0.189926,0.050655,-0.013911,-0.065719,0.193811,0.251046,0.091903,0.254915,0.282297,0.225939,0.071398,0.014935,0.130720,-0.149159,0.122546,0.119986,0.255778,0.094324,0.065096,0.063691,-0.092556,0.202256,-0.078748,-0.082825,0.027402,-0.101683,0.224195,0.091406,0.233765,0.267689,0.142882,-0.014048,0.030079,0.015588,0.276796,0.073423,0.328348,0.080614,-0.004237,0.060353,-0.050369,-0.025556,0.157505,0.184008,0.018941,0.277808,0.114341,-0.011620,0.042178,0.097966,0.136004,-0.191660,0.154271,0.009854,-0.068139,0.051167,0.191004,-0.035317,0.185025,0.027145,0.078576,0.319585,-0.124096,0.071684,0.140561,0.097035,-0.105510,-0.036754,0.057398,0.030908,-0.226590,0.097653,0.196610,0.210195,-0.050396,0.331716,0.136096,0.285949,0.224236,-0.023286,0.073921,0.162910,0.300574,0.001087,0.182001,-0.076474,0.190632,0.153996,-0.090109,0.053017,0.179632,-0.163567,0.048503,0.079068,0.236883,-0.005434,0.244978,0.186254,0.026217,0.016787,-0.074064,0.043683,0.000942,0.233715,-0.028338,-0.095009,-0.003870,-0.015703,0.063728,0.417405,0.071305,0.184719,0.262435,0.088233,0.000300,0.238835,-0.090576,0.137056,0.411988,0.027911,0.219771,#
2,0.236774,-0.092464,1.000000,-0.005994,0.221715,0.051326,0.206690,0.116394,0.133211,0.136910,-0.087648,-0.006070,0.062284,0.353479,0.209769,0.085752,-0.058244,0.042634,0.111285,0.239496,0.213714,-0.071446,0.145175,0.281920,0.052163,-0.054537,0.170321,0.063331,0.127752,0.183411,0.044904,0.057713,0.238192,-0.018763,0.158352,-0.066587,0.014500,0.052572,0.126037,0.143371,-0.132178,-0.013096,0.221599,0.044976,0.094616,0.205081,0.191326,-0.072440,-0.152289,0.186689,0.168075,0.143814,0.208436,0.265038,0.218003,0.197735,0.229455,-0.116270,0.160118,0.088266,0.452109,0.293987,0.114767,-0.049688,0.062178,0.169119,-0.161263,0.157996,0.179715,0.135874,0.228200,0.128319,-0.052492,0.262274,0.213595,0.039869,0.111379,0.028989,0.057988,0.143672,0.131586,0.186598,0.300281,0.046483,0.277482,0.054786,0.039142,0.309825,-0.025205,0.046200,0.197158,-0.080211,0.272164,0.088639,0.141928,0.107767,0.261795,-0.026012,0.266476,0.099472,0.236757,0.227450,0.044426,0.170997,-0.191136,0.241121,0.324078,0.235672,0.016010,-0.218339,0.135581,0.124261,0.257651,0.011542,0.179943,-0.003315,0.038580,0.304369,-0.010644,0.040030,-0.062887,-0.105260,0.050454,0.405676,0.125877,-0.124082,0.091390,0.047828,0.164327,0.229037,0.054552,0.084042,0.237510,0.279714,0.275426,0.043361,0.270312,0.176972,0.268969,0.145259,-0.147601,0.214632,-0.257822,-0.036142,0.059458,0.030466,0.089019,-0.098651,0.071712,0.233617,0.080571,0.255269,0.119616,0.266161,-0.069171,0.146637,-0.006743,0.101728,0.241222,0.008836,-0.047834,0.181139,0.094481,0.137302,-0.142761,0.182358,-0.060455,-0.054908,0.054412,0.267768,0.012441,0.115959,0.311459,0.117370,0.270220,0.250894,0.008527,-0.026756,0.265210,-0.039347,-0.095873,0.341309,0.027116,0.285682,-0.037704,0.002616,0.163190,0.125308,0.134746,0.002008,0.022719,0.211450,0.356575,0.342729,0.000756,0.008233,0.085927,-0.048363,-0.047257,0.222257,#
3,0.045046,0.047611,-0.005994,1.000000,0.299185,-0.131476,0.156811,0.078737,0.291240,0.115674,0.141642,0.239601,0.058714,0.148483,0.078023,-0.038539,0.079841,-0.062612,0.369065,0.214246,0.082387,0.183624,0.158715,-0.061358,0.116033,0.044774,0.165728,0.119466,-0.062072,0.277570,0.095321,0.144333,0.130326,0.104396,0.155579,0.124483,0.063778,0.147545,0.128847,0.300731,-0.040760,0.117710,0.238743,0.276051,0.197576,0.257887,0.006255,0.037936,-0.071684,-0.131060,0.131517,-0.118473,0.245966,0.118173,0.001258,0.275112,0.181618,0.132940,0.178586,0.097982,0.213519,0.058163,0.057159,0.048163,0.289899,0.017673,-0.078313,-0.006689,-0.260506,0.204442,0.117562,0.186356,0.289538,0.000589,-0.032656,0.112319,0.137254,0.037281,0.017601,0.037607,0.079677,0.156138,0.128493,0.118691,0.213691,0.172557,0.171929,0.181419,-0.061425,0.044216,0.347106,0.097047,-0.010358,0.145576,0.155563,0.187382,-0.022069,0.164019,0.205443,0.033023,-0.099046,0.304601,0.026925,-0.028447,0.369944,0.039302,0.009622,0.135484,0.156242,0.057761,0.068592,0.004628,0.104553,0.133252,0.037088,0.239798,-0.064856,0.047787,0.132879,0.019337,0.032201,0.279792,0.285589,-0.158993,0.031320,0.173770,0.024969,0.324221,0.266796,-0.004301,0.076695,0.121525,0.005388,0.176457,0.116519,0.272472,0.081075,-0.164838,-0.059072,0.065630,-0.189895,0.180155,0.291979,-0.030039,-0.079897,0.297799,0.039360,0.334218,0.255381,0.163461,0.133768,0.160060,0.058580,0.122378,0.222390,-0.110793,-0.063815,-0.010433,0.297210,0.168731,-0.033469,0.111654,-0.071943,0.200265,0.004787,0.279703,0.340947,-0.047731,0.022529,0.285110,0.009529,0.082840,0.126536,0.191664,-0.020096,0.142394,0.039732,0.200915,0.107081,0.201589,-0.024754,0.176957,0.010336,0.252113,0.027575,0.018012,0.087708,0.051795,0.157867,0.451573,0.251993,0.220001,0.128508,0.137152,0.218868,0.227233,0.084620,0.012407,0.007246,0.279541,#
4,0.156631,-0.009304,0.221715,0.299185,1.000000,0.207800,0.071369,0.300457,0.209016,0.323962,0.003441,0.367031,0.342174,0.253430,0.211096,0.106365,0.373888,0.028693,0.332957,0.447155,0.353576,0.286713,0.331616,0.348819,0.050024,0.005806,0.299230,-0.099959,0.307492,0.195723,0.238888,0.399212,0.504260,0.404366,0.112855,0.267423,0.262896,0.024726,0.294781,0.189846,0.224239,-0.025254,0.233842,0.316713,0.160243,0.292381,0.240999,0.293746,0.058579,-0.003405,0.177351,0.084169,0.452154,0.211750,0.142016,0.087411,0.314457,0.044418,0.354077,0.278293,0.120811,0.247343,0.342980,-0.043130,0.361892,0.179956,-0.089760,0.293956,0.095612,0.137615,0.262775,0.165478,0.385317,0.305802,0.310075,0.099339,0.140166,0.364489,0.202657,0.334750,0.170021,0.297073,0.294703,0.112123,0.098579,0.186254,0.209144,0.138835,0.236603,0.000042,0.279670,0.295097,0.152806,0.098331,0.264703,0.298435,0.276582,0.366713,0.294248,0.364283,0.165886,0.340931,0.197382,0.148758,0.036142,0.247578,0.249051,0.183415,0.342110,0.337903,0.229409,0.208337,0.350338,0.351478,0.360661,0.209816,0.364850,0.315992,0.053959,0.161901,0.030873,0.410672,0.429099,0.086797,0.151612,0.106897,0.046894,0.304260,0.481784,0.279158,0.130427,0.248084,0.187318,0.347966,0.353206,0.237699,0.105397,0.080576,0.146376,-0.076452,-0.115924,0.126169,0.186961,0.177992,0.171950,0.097443,0.400031,0.011983,0.260628,0.325607,0.086013,0.341009,0.077685,0.163256,0.335256,0.220917,0.277308,0.196304,0.169865,0.262204,0.095234,0.335382,0.359072,0.062163,0.009898,0.267242,-0.018619,0.045438,0.135905,0.404095,0.324518,0.373113,0.348986,0.169505,0.247278,0.318719,0.235245,0.241729,0.249855,0.124950,-0.128691,0.249155,0.087207,0.010391,0.439707,0.148092,0.120206,0.255248,0.237955,0.377626,0.201044,0.081238,0.258317,0.367859,0.083070,0.304470,0.370100,-0.086644,0.318058,0.198625,#
5,0.205315,-0.119751,0.051326,-0.131476,0.207800,1.000000,0.016093,0.040990,0.054095,0.126831,0.181815,0.078109,0.028853,-0.167789,0.116529,0.309231,0.145086,0.197142,-0.205269,0.312236,0.112749,-0.015284,0.173881,0.297426,0.122855,-0.018528,0.306785,0.025154,0.147144,0.066196,0.336030,0.294261,0.223698,0.197085,0.088612,0.090221,0.003183,-0.011304,0.168900,0.117301,0.271081,-0.204270,-0.016826,0.115908,0.109127,0.329972,0.181313,0.099880,0.117457,-0.127720,0.026779,0.083312,-0.009103,0.292599,-0.245495,0.209438,0.330964,0.032504,0.395367,0.064796,0.131279,0.427333,0.172447,0.142819,0.210831,0.162851,-0.156963,0.354571,0.139760,-0.180499,0.226084,0.102489,0.167441,0.068250,0.015577,0.274861,0.207105,0.297155,0.008305,0.120969,0.435048,-0.005833,0.071284,0.022029,0.103064,0.175689,0.304671,0.321759,0.230599,-0.132247,-0.060777,0.133818,0.411217,0.172695,0.007670,-0.014830,0.077682,0.259468,0.279981,0.320868,0.179851,0.312044,0.167972,0.190081,0.142282,0.235991,0.127249,0.122739,-0.010061,0.176609,-0.108745,0.346051,0.115973,0.013277,-0.025492,-0.024617,0.242617,-0.109107,-0.170583,0.177713,0.058236,0.000794,0.262151,0.226906,0.030765,0.075679,0.184672,0.135628,0.025766,0.191754,0.287768,0.202065,0.256342,0.351774,0.065298,0.099400,0.171757,-0.036153,0.090119,-0.017372,0.070944,-0.234218,0.265303,0.241591,0.110418,-0.175837,-0.101131,-0.033644,0.175621,-0.087932,0.205787,-0.035407,0.001744,0.088046,0.028488,-0.014401,0.336515,0.251465,0.190139,0.316511,0.165121,0.310981,0.148174,0.117544,0.111975,0.062148,-0.177640,0.230551,0.213476,0.063041,0.183256,0.153697,0.003641,0.219207,0.174868,0.149919,0.044129,0.052585,0.195722,0.135221,0.263831,0.121846,0.159880,0.147226,0.318370,0.166084,-0.047298,0.167341,-0.047456,0.142882,-0.078952,-0.011556,0.073789,0.168121,-0.099554,0.184675,0.159040,-0.040286,0.200577,0.131158,#
6,0.495556,-0.007164,0.206690,0.156811,0.071369,0.016093,1.000000,-0.017052,0.039559,-0.076245,0.195645,0.018856,0.279029,0.270301,0.035961,-0.060046,0.239060,0.157106,0.165113,0.176030,0.363668,-0.063328,-0.018883,0.231252,0.004543,-0.084108,0.026736,-0.027465,0.098404,0.202455,0.141769,0.104866,0.152913,0.155606,0.297611,0.202504,-0.082153,-0.003355,0.159393,0.176471,-0.053587,0.108116,0.175899,0.057128,0.323737,0.176246,0.156720,-0.198229,0.320226,0.254362,0.160931,0.334791,0.336190,0.054979,0.202984,0.118995,0.269928,0.151869,0.331894,0.113993,0.154702,0.078263,-0.020440,0.064082,0.415719,-0.048729,0.276352,-0.067814,-0.008915,0.063797,0.130933,0.140102,0.130960,0.353131,0.017558,0.228603,0.109875,-0.008010,0.082509,0.046038,0.129371,0.128795,0.287892,0.135457,-0.235087,0.304211,0.273091,0.055802,0.189205,0.133641,0.098927,0.008165,-0.093531,-0.003414,0.118644,0.033787,0.389472,0.155997,0.233582,0.242155,0.098015,0.189234,0.345768,0.118108,0.048465,-0.015586,0.192555,0.070070,0.081678,-0.124788,-0.052419,0.061299,-0.046066,0.135289,0.473696,-0.109345,0.336972,0.227239,0.288320,0.105855,0.207032,0.196207,0.124009,0.141981,0.332452,0.296343,0.077493,0.115362,0.014390,0.229499,-0.008192,0.224342,0.265008,0.092165,0.128527,0.320784,0.145412,0.050810,0.169641,0.023384,0.231825,0.088065,-0.074996,0.065982,0.114063,0.065948,-0.007569,0.070364,0.093799,0.078478,0.182978,0.298942,0.030748,-0.044800,-0.012037,0.049181,0.164670,0.303043,0.434689,0.048766,0.224364,0.117189,-0.001652,0.284656,0.030531,0.239604,0.291963,0.029061,0.194016,0.115471,0.293981,0.077166,0.020841,0.126734,0.137380,0.057061,0.167441,0.288396,0.160707,0.036968,0.207091,0.027777,0.336386,0.241583,0.016539,-0.069206,-0.081464,0.277250,-0.049801,0.122848,-0.127672,0.231084,-0.017339,0.375247,0.196122,0.091461,0.075895,0.062728,0.135055,0.110868,#
7,0.194851,0.141188,0.116394,0.078737,0.300457,0.040990,-0.017052,1.000000,0.364517,0.238954,0.122062,0.055547,0.238854,0.155866,0.319703,0.014566,0.356281,0.041226,0.345557,0.206267,0.103540,0.232078,0.267615,0.373895,0.397971,0.172186,0.043666,0.147000,0.218974,0.000183,-0.007986,0.227516,0.175347,0.189847,0.038955,0.096282,0.216187,-0.001323,0.312636,0.018547,0.033769,-0.190285,0.142198,0.300127,0.254244,0.283395,0.277661,0.196088,-0.173207,0.065335,0.190125,-0.099545,0.192888,0.364065,0.125358,0.116796,-0.005405,0.152591,0.008131,0.095752,0.017394,0.316896,0.015981,-0.095649,0.122558,0.218062,-0.013594,0.305609,0.209925,0.360199,0.309703,-0.239801,0.425984,0.166372,0.324545,0.037506,0.181511,0.029413,0.439208,0.068452,0.260474,0.299535,0.034104,0.081540,0.222310,0.140221,0.335222,0.276173,0.173995,0.276806,0.142570,0.043241,0.259538,0.146706,0.232670,0.140175,0.319233,0.369469,0.251497,0.270973,0.232757,0.270789,0.114495,0.238894,0.020784,0.203447,0.169464,0.181569,0.137323,0.034083,0.370893,0.010824,0.273636,0.203770,0.316770,0.104245,0.212933,-0.116328,0.039443,0.164436,0.165363,0.150731,0.235776,0.360705,0.339737,0.094894,0.134336,0.248726,0.225097,0.117075,0.127468,0.017847,0.142609,0.028573,0.174412,0.373359,0.078539,-0.009056,0.045500,0.087070,0.164479,0.325771,0.267900,0.136950,0.080290,0.301903,0.197577,0.006179,0.361509,0.140679,0.023778,0.259775,0.416445,0.210886,0.144140,0.326636,0.064991,0.225030,0.135763,0.169044,0.352279,0.101855,0.364788,-0.037507,0.139101,0.225169,0.321981,0.130238,0.073401,0.084797,0.312066,0.355654,0.256312,0.139232,0.140253,0.253657,0.283197,0.131838,0.212452,0.099197,0.183778,0.115259,0.005879,0.028264,0.096667,0.160086,0.005424,0.125691,0.272160,0.231995,0.260172,0.080251,0.049035,0.243357,0.237468,0.211268,0.224702,0.250909,0.168043,0.119996,#
8,0.198531,0.267993,0.133211,0.291240,0.209016,0.054095,0.039559,0.364517,1.000000,0.331901,0.111213,0.180911,0.052314,0.128580,0.197360,0.168141,0.204420,0.058125,0.133457,0.254685,0.036598,0.217570,0.090630,0.197297,-0.038192,0.210744,0.110340,0.286147,-0.060359,0.073210,-0.026651,0.048753,0.272692,0.170980,-0.035759,0.081456,0.207894,0.064666,0.128761,0.339990,0.021249,0.196754,0.266706,0.152448,0.042115,0.069006,-0.078125,0.088116,-0.008296,0.241648,0.095530,0.031226,0.180292,0.294380,0.101899,0.185506,-0.036401,0.174894,-0.048438,0.148799,0.284799,0.207549,0.206856,-0.077046,0.037221,0.345875,0.000024,0.317189,0.150831,0.385212,0.204195,0.187076,0.362752,0.348777,-0.112694,0.166403,0.009207,0.154573,0.289680,0.212290,0.078231,0.057760,-0.041964,0.391150,0.131652,0.271527,0.165837,0.193834,-0.030055,0.246312,0.165370,0.048148,0.120783,0.250012,0.340788,0.176274,-0.022731,0.131913,0.295106,0.033269,0.149602,0.232622,0.026026,0.345772,0.034101,0.282554,0.407300,0.358020,0.193758,0.024765,0.324034,0.224501,0.347157,0.205150,0.335934,0.288865,0.189911,0.048658,0.049038,0.196509,0.142609,-0.046301,0.483244,0.103030,0.147113,0.328190,0.261636,0.094219,0.340189,0.186632,-0.001033,0.029145,0.278774,0.352539,0.486175,0.246248,-0.112453,0.034864,-0.179049,0.291832,-0.038438,0.136066,0.106140,0.234396,0.183237,0.054558,0.239127,0.056905,0.076309,0.080895,-0.039331,0.181273,0.147171,0.339032,0.306046,0.150262,0.087093,0.258051,0.114054,0.358113,0.153119,0.167870,0.251688,0.348882,0.006846,0.111571,0.205537,0.057960,0.142502,0.384233,0.139434,0.352653,0.256600,0.364026,0.386422,0.221275,0.093668,0.099411,0.377487,0.071953,0.175813,0.205864,-0.329940,0.224017,0.257596,0.127530,0.051632,0.176283,0.469086,0.292545,0.105887,0.138648,0.284579,0.111699,-0.040949,0.297387,0.111581,0.112555,0.040780,0.387393,#
9,0.226307,0.243968,0.136910,0.115674,0.323962,0.126831,-0.076245,0.238954,0.331901,1.000000,0.002518,0.190229,0.196904,0.053235,0.275281,0.133212,0.255786,0.052065,0.313669,0.326308,0.289172,0.247831,0.385788,0.491730,0.049289,0.174230,0.240596,0.238057,0.078539,0.131346,0.086965,0.178210,0.179190,0.298230,0.340052,0.244076,0.208546,0.044846,0.261249,0.109758,0.158298,0.060482,0.236022,0.110639,0.210109,-0.018630,0.230942,0.072428,-0.164173,0.048528,-0.037305,0.030644,0.104649,0.305876,0.100304,0.217360,0.045801,0.237409,0.264565,0.291664,0.156805,0.152165,0.349077,0.131071,0.178029,0.414288,0.152465,0.408240,0.247189,0.253738,0.376134,0.075806,0.290352,0.178866,0.188094,0.086676,0.023149,0.408463,0.325378,0.252834,-0.145980,0.102951,0.005271,0.256762,0.436146,0.149339,0.158316,0.402874,0.001602,-0.174198,0.163987,0.249047,0.233078,0.149119,0.189253,0.083391,0.201608,0.389186,0.445671,0.113868,0.033996,0.286762,0.217892,0.145077,0.139023,0.419830,0.160470,-0.041915,0.377542,0.333266,0.294766,0.458360,0.550562,0.187353,0.069932,0.310889,0.219467,-0.087116,0.015412,0.133041,0.285539,0.053107,0.475467,0.285887,0.275023,0.107585,0.238017,-0.025838,0.414600,0.238083,0.208562,0.144732,0.343263,0.449597,0.279163,0.224639,0.072158,0.000134,0.022078,0.368560,-0.041567,0.421348,0.127877,0.198797,0.035375,0.067748,0.300913,0.011116,0.137045,0.085646,-0.030558,0.090447,0.080604,0.076488,0.338242,0.219855,0.187385,0.305563,0.317975,0.212613,0.115564,0.248449,0.220849,0.257725,0.221650,0.245418,-0.021541,0.102527,0.281050,0.239570,0.337270,0.463405,0.119955,0.256024,0.243276,0.375994,0.013238,0.200643,0.445188,0.201704,0.137744,0.148398,0.116056,0.130022,0.149705,0.441359,-0.159837,0.084596,0.500127,0.151404,0.133030,0.260294,0.118163,0.078050,0.043561,0.076360,0.054080,0.223567,0.025288,0.128544,#
10,0.355559,0.216491,-0.087648,0.141642,0.003441,0.181815,0.195645,0.122062,0.111213,0.002518,1.000000,0.058367,-0.183830,0.037571,-0.086724,0.184232,0.193922,-0.021736,-0.004819,0.063223,0.028643,-0.076335,0.133068,0.246638,-0.099185,-0.020125,-0.014058,0.304067,-0.082833,0.193538,0.053648,0.143284,0.076961,0.208328,0.283676,-0.045670,-0.074819,0.189992,0.056210,-0.046843,0.197565,-0.055780,-0.055841,0.050915,0.275333,0.148896,0.224690,0.136716,0.313079,0.385252,-0.175450,0.013002,0.161015,0.044014,0.047051,0.178915,0.183443,0.075015,-0.018147,-0.040510,0.112616,0.216084,0.270461,0.285916,0.255808,0.014777,0.000398,-0.165902,-0.055427,0.127718,0.023847,0.149589,0.236836,0.177154,-0.014907,0.194865,0.148491,0.172534,0.124669,-0.023424,0.238164,0.081266,0.064425,0.113925,0.067310,0.217686,0.235719,0.319188,0.059569,0.196492,0.089445,0.235208,0.094081,0.215258,0.234590,0.144955,-0.065410,0.114942,0.362208,0.316724,0.203955,0.173896,0.136006,0.301114,0.441226,-0.040272,0.049992,0.129399,0.178566,0.150501,-0.277093,0.080351,-0.019488,0.092494,0.077206,0.256434,0.147123,-0.123841,0.250880,0.119172,0.114523,0.265097,-0.002768,0.125544,-0.112034,0.291499,0.240111,0.232456,0.040741,-0.111166,-0.216491,-0.087327,0.073061,0.033351,0.268311,0.174993,0.159813,-0.061523,-0.005462,0.095570,0.304265,-0.193563,0.094260,0.105000,-0.280507,-0.137575,0.052794,0.018402,0.178144,-0.027087,0.227244,0.084847,0.411846,0.282031,-0.032923,0.171723,0.250535,0.239976,0.297677,0.167812,0.263862,0.211831,0.152843,0.107668,-0.186884,0.238850,0.237688,0.232044,0.383273,0.102240,-0.011882,0.056928,-0.012927,0.143650,0.074388,0.121552,0.262394,0.191528,0.093087,0.305506,0.033814,-0.030172,0.179018,0.016226,-0.005537,0.028414,0.028904,0.165899,0.047367,0.149485,0.163406,0.100606,0.011121,0.043564,0.319576,0.077496,0.000448,0.270057,0.117618,0.070996,#
11,0.198017,0.187078,-0.006070,0.239601,0.367031,0.078109,0.018856,0.055547,0.180911,0.190229,0.058367,1.000000,0.256004,-0.044922,0.079495,0.087646,0.107503,0.189109,0.300415,0.219557,0.090022,0.040311,0.145647,-0.013371,0.091704,-0.034313,-0.192565,0.129979,0.104984,0.089304,0.188554,0.170122,0.192164,0.333704,0.159659,0.028607,0.245667,0.072991,0.088375,0.407861,0.078675,0.151931,0.102333,0.116680,0.157134,0.229252,0.526234,0.005806,0.071228,0.260759,0.137605,0.022816,0.428952,0.203077,0.188111,0.111941,0.165915,0.167650,0.095813,0.089632,-0.026469,0.185547,0.253380,-0.039032,0.261309,0.190121,0.147588,0.160697,0.132645,0.194306,0.269596,0.070994,-0.003970,0.100585,0.149452,-0.111785,0.231559,0.273372,0.156596,-0.077616,0.188923,0.099852,-0.024094,0.067844,0.128624,0.126560,0.121110,-0.034071,0.263038,0.036876,0.090915,0.414711,0.176892,-0.061316,0.250898,0.439377,0.082008,0.211815,0.091230,0.058161,-0.036452,0.195562,0.082866,0.158635,0.274103,0.247461,0.127172,0.276577,0.181485,0.244049,0.204784,0.160507,0.221429,0.087871,-0.007787,0.156650,0.038330,0.349048,0.047595,0.112557,0.013375,0.208203,0.238673,0.068738,0.064140,0.156559,0.049903,-0.022437,0.281857,0.296466,0.100846,0.225215,0.148657,0.251053,0.142522,0.188975,0.179040,-0.093820,-0.008189,0.157124,0.225825,-0.030358,0.280620,0.221236,0.307141,-0.063717,0.101511,0.156934,0.115062,0.149331,0.044169,0.014752,0.234979,0.309647,0.237318,0.095423,0.145843,0.216469,0.174883,0.003927,-0.098146,0.179068,0.144047,-0.101472,0.245463,-0.006412,0.143303,0.010748,0.315735,0.269803,0.151902,0.261745,0.118770,0.171229,-0.062823,0.213377,0.101526,0.156491,0.110958,0.394139,0.051251,0.022098,0.129300,0.093020,0.303124,0.015630,-0.003042,0.317262,0.380657,0.149062,0.398086,0.024484,0.276634,0.191948,0.179700,0.128055,0.080453,0.196380,-0.035836,0.156911,#
12,0.162384,0.150110,0.062284,0.058714,0.342174,0.028853,0.279029,0.238854,0.052314,0.196904,-0.183830,0.256004,1.000000,0.170970,0.284022,0.002788,0.372593,0.185830,0.199829,0.335239,0.216962,0.099593,0.342295,0.241809,0.083022,-0.040882,-0.008417,0.027781,0.398687,-0.045687,0.167149,0.149339,0.362004,0.267263,0.150570,0.200722,0.265856,-0.030851,0.150216,0.290381,-0.136476,-0.005757,0.069424,0.422977,0.078545,0.232295,0.185672,0.012799,0.006727,0.078132,0.269300,0.081303,0.268697,0.126335,0.172792,-0.083127,0.102636,0.126811,0.336258,0.087642,-0.148465,0.363214,-0.039405,-0.102960,0.239964,0.123000,0.069467,0.096607,0.185267,0.156065,0.299772,-0.049981,0.206608,0.023767,0.266875,0.197635,0.249148,0.084266,0.152673,0.015833,0.141195,0.191940,0.243565,0.191134,-0.113731,0.192749,0.151610,0.069676,0.375648,0.064487,0.098031,0.187064,-0.078488,-0.042244,0.053717,0.420601,0.425307,0.347691,0.144264,0.017303,0.057364,0.295676,0.118895,0.329377,0.074403,0.220425,0.212761,0.128857,0.274126,0.162413,0.227653,0.013740,0.167748,0.195586,0.322808,0.123615,0.284512,0.190013,0.074250,0.023931,0.093603,0.132509,0.241575,0.303861,0.345455,0.125053,0.133905,-0.103461,0.053322,0.309122,0.058653,0.236318,0.059261,0.173218,-0.012065,0.128813,0.095288,0.247368,0.187171,-0.063814,0.121198,0.293860,0.231417,0.040085,0.288617,0.234533,0.176169,-0.020196,0.222169,0.249272,0.068864,0.363847,0.128473,0.071857,0.233153,0.253090,0.284393,0.136365,0.288260,0.125256,0.166354,0.312930,0.275736,0.036475,0.331596,0.129683,0.178655,0.202310,-0.039860,0.058005,0.259760,0.318172,0.143180,0.280963,0.053795,0.126860,0.149348,0.383398,0.157729,-0.090553,0.023494,0.207439,0.220643,0.229809,-0.116392,0.298042,-0.164429,0.446260,0.145124,0.038177,0.077199,0.045759,0.106093,0.219272,0.170209,0.137307,0.098466,0.139443,0.140634,-0.086834,#
13,0.237814,-0.159417,0.353479,0.148483,0.253430,-0.167789,0.270301,0.155866,0.128580,0.053235,0.037571,-0.044922,0.170970,1.000000,0.012060,0.111695,0.222034,0.186429,0.249519,0.062700,0.194481,0.227780,0.435390,0.347409,-0.020273,0.097108,0.003910,0.160334,0.280231,0.125934,-0.034370,0.113456,0.341200,0.133162,0.121977,0.115470,0.093372,0.163653,0.331623,0.165388,0.123330,0.113016,0.192077,0.105261,0.350526,0.162605,0.004222,0.150724,0.150614,0.282065,-0.011504,0.219691,0.302338,0.212620,0.287139,0.152370,0.011539,0.015179,0.082855,0.112660,0.148618,0.181693,0.088210,0.015858,0.272585,0.070322,0.102187,-0.007718,0.181175,0.137189,0.113442,0.184583,-0.149969,0.255376,0.316693,0.237909,0.008471,0.012188,0.255770,0.221772,-0.024661,0.120229,0.312344,-0.048304,0.033057,-0.022948,-0.008597,0.064572,0.236171,0.261449,0.234608,0.041996,0.190069,0.085634,0.206269,-0.012279,0.215886,0.086493,0.136085,0.340376,0.293879,0.204623,-0.136909,0.388960,0.031403,0.293142,0.113657,0.094064,0.072401,-0.000422,0.237674,0.248061,0.051011,0.228133,0.231457,0.146163,0.107195,0.372644,0.153856,0.182585,-0.038984,0.090058,-0.052289,-0.008623,0.052228,-0.011705,0.093676,-0.048866,0.149938,0.202344,-0.018376,0.080761,0.056731,0.092599,0.369106,0.212955,-0.139847,-0.083988,0.275940,0.102748,-0.119939,0.149084,0.202987,0.008489,-0.200478,0.122231,0.255119,0.030338,0.060667,0.165014,-0.052752,0.223809,0.113146,0.122485,0.198774,0.250958,-0.075204,0.014909,0.287652,0.041141,0.219479,0.089942,0.232230,0.123433,-0.016139,0.246618,0.207798,0.190819,0.144433,0.061928,0.125097,0.169643,0.170336,0.167824,0.317123,0.112869,0.098062,0.418125,0.205715,0.112255,-0.013012,0.139868,0.029986,0.206380,-0.057311,-0.002808,0.028983,0.241889,0.021195,-0.008010,0.233843,0.057913,0.247755,0.282060,0.155183,0.015895,0.097009,0.251360,0.079574,0.092463,#
14,0.192848,0.084808,0.209769,0.078023,0.211096,0.116529,0.035961,0.319703,0.197360,0.275281,-0.086724,0.079495,0.284022,0.012060,1.000000,0.280532,0.211428,-0.039382,0.114116,0.102271,0.196873,0.145003,0.063529,0.245730,0.171400,-0.163269,0.083119,0.110898,0.362018,0.173948,0.238775,0.306914,0.190456,0.181092,0.150127,0.033722,0.072889,0.168012,0.270630,0.177245,-0.174098,-0.057645,0.224312,0.321466,0.198453,0.107462,0.009601,0.040411,-0.232808,-0.019966,0.091481,-0.043188,0.081183,0.310816,0.091639,0.039400,0.195483,0.060645,0.193495,0.044317,0.159696,0.215262,0.050670,0.185942,-0.018959,0.150551,-0.123521,0.242045,0.103427,0.275936,0.303982,0.184832,0.290246,0.077815,0.216743,0.041708,0.445595,0.146411,0.143729,0.010222,0.215503,0.382011,0.255992,0.459585,0.196433,0.103785,0.244025,0.449250,0.195130,0.072795,-0.000454,-0.058934,0.214563,0.254957,-0.005807,0.257648,0.434125,0.222371,0.362182,0.017387,0.072861,0.246063,0.254165,-0.031415,0.121989,0.092632,0.113413,0.016394,-0.108443,0.092212,0.171342,0.118802,0.260084,0.179238,0.261912,0.249113,0.352460,0.072778,0.070072,-0.039932,0.181670,0.090460,0.376853,0.286014,0.330502,-0.049450,-0.048541,0.364623,0.157947,0.311875,0.105215,0.155564,0.144436,0.344207,0.199707,0.275395,-0.093282,0.206291,0.166763,0.210694,-0.035225,0.093315,0.000468,0.279555,0.088723,0.260336,0.140970,0.150765,0.231291,0.051353,0.156039,-0.022724,0.092011,0.091105,0.302067,0.235135,0.125185,0.223393,0.101552,0.096040,-0.019638,0.049229,0.208681,0.195423,0.077897,0.241084,0.202491,0.017567,0.074493,0.288905,0.257936,0.207774,0.232380,0.302205,0.056643,0.475041,0.180094,0.174638,0.244757,-0.088297,0.372252,0.379424,0.042603,-0.053525,0.012661,0.018010,-0.064586,-0.058768,0.103223,0.238094,-0.159569,0.024126,0.326433,0.339221,0.196584,0.121717,0.217622,0.100725,0.085561,0.012167,#
15,0.195447,0.067554,0.085752,-0.038539,0.106365,0.309231,-0.060046,0.014566,0.168141,0.133212,0.184232,0.087646,0.002788,0.111695,0.280532,1.000000,0.060531,0.121466,-0.049279,0.149530,0.083074,0.037568,0.122795,0.257234,0.008263,0.046823,-0.023342,0.108755,0.132779,0.396188,0.175091,0.143154,0.028212,0.139171,0.017228,0.203962,0.157371,0.142717,0.317085,0.060721,-0.124890,0.044676,0.192141,0.087749,0.235308,0.177181,0.162449,0.288334,-0.008774,0.146466,-0.115308,0.322171,-0.049439,-0.004909,0.161915,-0.101350,0.154456,-0.134797,-0.037986,0.070646,0.287914,0.255714,0.179384,0.229791,-0.000493,0.231711,-0.075163,0.079163,0.058538,-0.089118,0.218221,-0.057452,-0.017224,0.192946,0.047067,0.143468,0.113817,0.376322,0.081319,0.018179,0.391547,0.154705,-0.106846,0.239353,0.200321,0.130644,0.014393,0.323589,0.051843,-0.162094,0.062475,-0.062675,0.164403,0.116484,-0.103911,0.020768,0.114093,0.127745,0.061866,-0.022607,0.202023,0.057137,0.253758,0.183921,0.060874,0.229803,0.428600,0.194436,-0.004103,0.273998,-0.204461,0.137449,0.130354,0.186640,-0.070718,0.025136,0.185963,0.190497,0.113079,0.150376,0.025367,-0.020707,0.114566,0.090768,-0.138981,0.036474,0.336856,-0.032575,0.177158,0.350647,-0.090742,-0.145568,0.005830,0.138687,0.169109,-0.044826,-0.159489,-0.222345,0.004324,0.033769,-0.061696,-0.102722,0.015112,-0.048155,0.039789,-0.174452,0.118984,0.076698,0.032194,-0.101236,0.309043,-0.172623,0.372164,0.160958,-0.011311,0.178374,0.167064,0.187298,0.091703,0.174050,-0.037826,0.101963,0.351396,-0.122075,0.159316,0.080094,0.227180,0.260228,0.122075,-0.026869,-0.140414,0.159303,-0.137750,0.292242,-0.124687,0.345312,0.005430,0.145600,0.268898,0.076404,0.265512,0.092895,0.091755,0.220931,0.095572,0.031076,-0.336189,0.154252,-0.031167,0.164156,-0.070266,0.175117,0.127926,0.191331,0.065881,0.130543,0.261348,0.247577,0.160494,0.217939,#
16,0.328428,0.130094,-0.058244,0.079841,0.373888,0.145086,0.239060,0.356281,0.204420,0.255786,0.193922,0.107503,0.372593,0.222034,0.211428,0.060531,1.000000,0.199708,0.033893,0.317019,0.556887,0.320248,0.146634,0.252379,0.137762,0.176700,0.267307,-0.071257,0.140891,0.146145,0.149484,0.300846,0.406294,0.527714,0.099796,0.151771,0.312433,0.059871,0.488147,0.317467,0.099621,0.208870,0.187851,0.177523,0.191005,0.237035,0.121675,-0.022695,0.108769,0.156005,0.050221,0.154096,0.159965,0.356005,0.306566,0.144262,-0.057571,0.146107,0.327998,0.169985,0.069541,0.288063,0.168877,-0.032538,0.220573,0.313180,-0.043428,0.229387,0.410881,0.290491,0.255459,-0.059503,0.230408,0.247823,0.308166,0.146668,0.176617,0.242901,0.349567,0.239397,0.316221,0.148217,0.226319,0.143516,0.080200,0.147815,0.408231,0.126537,0.271108,0.265413,0.195717,0.081085,0.154303,0.101621,0.267275,0.316615,0.191524,0.309150,0.314801,0.273250,-0.006415,0.173459,0.209390,0.319730,0.112443,0.357820,0.152362,0.051444,0.331279,0.225974,0.297102,0.269813,0.286231,-0.027140,0.498211,0.379139,0.429503,0.066890,0.111019,0.060027,0.275285,0.372904,0.236844,0.257869,0.457259,0.398027,0.237993,0.097510,0.208202,0.210344,0.242128,0.191916,0.104189,0.208690,0.311573,0.180038,-0.028315,-0.135046,0.079351,0.145006,0.115277,0.168774,0.160098,0.277904,0.244716,0.134400,0.231446,0.082108,0.226284,0.371292,0.101346,0.131751,0.241117,0.142832,0.300342,0.374379,0.344664,0.192772,0.258581,0.427696,0.133868,0.336225,0.347062,0.118236,0.158046,0.332034,0.303616,0.275206,0.381638,-0.047993,0.393613,0.434592,0.310128,0.149371,0.105300,-0.030998,0.183791,0.348709,0.443740,0.017585,-0.084355,0.130901,0.268627,0.120358,0.280883,0.360468,-0.029798,0.378129,0.191056,0.216773,0.201718,-0.003157,0.275434,0.248711,0.205660,0.235709,0.147211,0.068573,0.255818,0.090957,#
17,0.325152,0.038835,0.042634,-0.062612,0.028693,0.197142,0.157106,0.041226,0.058125,0.052065,-0.021736,0.189109,0.185830,0.186429,-0.039382,0.121466,0.199708,1.000000,0.017302,0.195874,0.196495,0.008474,0.151311,0.286557,0.328221,0.130967,0.062725,0.038764,0.017269,0.097632,0.061206,0.044188,-0.082562,0.066090,0.145535,0.347557,0.020710,-0.022055,0.264377,0.101575,0.205473,0.243496,0.238865,0.079547,0.018170,0.068979,-0.077603,0.244625,0.148329,0.167518,0.102639,0.132277,0.203194,0.044212,0.132804,0.163897,0.158091,-0.102702,0.246054,-0.065898,0.092355,0.203932,-0.134431,-0.071440,0.037996,0.325895,0.102852,0.257339,0.009949,0.011062,0.173107,-0.059084,-0.125504,0.060016,-0.011626,0.087935,0.072105,0.140928,0.225398,0.052860,0.216910,-0.009663,0.103448,0.081759,-0.052436,0.096269,0.291522,-0.018631,0.180947,0.054393,0.074582,0.003210,0.166704,0.109183,-0.023338,0.215721,0.206384,0.090376,-0.051209,0.157171,0.126396,-0.167507,0.111428,0.130244,-0.164310,0.079527,0.183912,0.135630,0.079584,0.104220,0.176865,0.335003,-0.172908,0.193501,0.248034,-0.111820,-0.100207,0.177676,-0.170200,0.080955,0.074413,0.065234,0.146190,0.051942,0.159611,0.301599,0.238106,-0.196364,0.089683,0.228127,0.292470,0.176925,0.165185,0.083214,-0.090682,0.295380,-0.145808,0.067236,0.267566,0.243560,0.069465,0.200550,0.366047,0.121558,0.148082,-0.126221,0.202350,0.096918,0.176639,-0.216098,0.105679,-0.063824,0.004867,0.002393,0.241981,0.327469,0.314068,0.123893,0.155994,0.051316,0.137452,0.146854,0.412738,0.028284,0.102471,0.169152,-0.038862,0.106160,0.157214,0.026231,0.415104,0.085482,0.078547,0.158908,0.136598,-0.041914,0.033160,0.167219,0.269789,0.311060,-0.110146,0.286097,0.152911,0.258965,0.271503,0.012615,-0.024926,0.449956,0.061430,-0.087918,0.053672,0.022862,0.167458,0.173777,0.162412,0.371746,-0.031459,0.300150,-0.045983,0.070483,#
18,0.184203,0.100044,0.111285,0.369065,0.332957,-0.205269,0.165113,0.345557,0.133457,0.313669,-0.004819,0.300415,0.199829,0.249519,0.114116,-0.049279,0.033893,0.017302,1.000000,0.305675,0.098260,0.181954,0.322781,0.160799,0.165298,0.104905,-0.117884,0.174742,0.052505,0.224625,-0.082760,0.132418,0.106885,0.281891,0.264109,0.195849,0.111486,0.199398,0.144924,0.117276,0.080108,-0.193560,0.025304,0.172885,0.403797,0.036285,0.367724,0.152144,-0.143597,-0.020280,0.017829,0.032213,0.362316,0.125837,0.096461,0.157248,0.072553,0.230885,0.151489,0.294852,0.175585,0.061558,0.156963,-0.158311,0.289616,0.104762,0.023005,0.123288,-0.213865,0.126469,0.330150,0.022119,0.248832,0.244142,0.251187,0.027392,0.286154,0.139520,0.343252,0.169892,-0.069813,0.090952,0.210140,0.136718,0.118757,0.077233,0.114358,0.121278,0.080677,0.042640,0.263435,0.082612,-0.007553,0.094492,0.328334,-0.041851,0.228433,0.214812,0.117967,0.235444,0.321555,0.222128,0.107141,0.190854,0.222149,0.282443,0.034294,-0.014860,0.171061,0.042122,0.150404,0.023839,0.284983,0.323338,0.038469,-0.002706,0.063859,0.010201,0.045885,0.098811,0.081415,0.319446,0.197587,-0.053920,0.165010,0.006070,0.041498,0.127652,0.388433,0.066403,-0.034704,0.206155,0.044884,0.186593,0.174586,0.345182,0.171888,0.108941,0.023167,-0.003804,-0.025597,0.255732,0.167669,0.254246,0.009604,0.312833,0.266372,-0.011407,0.163229,0.152087,0.054539,0.374441,0.184575,0.174401,0.014640,0.250100,0.011771,0.360359,0.292221,0.167934,0.097207,-0.024849,0.190702,0.068723,0.219176,0.339590,0.259259,0.068775,-0.040830,0.133594,0.142584,0.347100,0.300027,-0.023341,-0.051445,0.054423,0.110438,0.308363,-0.039855,0.321148,0.195095,0.162875,0.020203,0.161341,0.031802,0.041668,0.228765,-0.017732,0.134317,0.150960,0.319092,0.117217,-0.025217,0.393923,0.310177,0.165708,-0.013781,0.287091,0.169776,0.125811,#
19,0.406039,0.194225,0.239496,0.214246,0.447155,0.312236,0.176030,0.206267,0.254685,0.326308,0.063223,0.219557,0.335239,0.062700,0.102271,0.149530,0.317019,0.195874,0.305675,1.000000,0.093549,0.208954,0.274967,0.333654,0.151823,-0.123090,0.318672,-0.049930,0.182476,0.279151,0.175335,0.153502,0.151135,0.192328,0.067397,0.098849,0.209872,0.011842,0.290019,0.368696,0.201962,-0.105797,0.176363,0.145721,0.125155,0.164391,0.297858,0.123303,0.281625,-0.041182,-0.064884,0.156873,0.112402,0.302675,0.137637,0.008578,0.287246,-0.066844,0.250179,-0.008103,0.288903,0.372579,0.218320,0.031801,0.289186,0.236697,-0.093794,0.375765,0.101245,0.063581,0.334668,0.063916,0.329231,0.272299,0.175264,0.194339,0.161670,0.133958,0.369789,0.072448,0.126999,-0.050554,0.242953,0.155736,0.106775,0.214706,0.197601,0.384489,0.233893,-0.065244,0.199914,0.092144,0.264764,0.046187,0.133378,0.183403,0.268393,0.175767,0.175914,0.321373,0.201198,0.235386,0.177014,0.206762,-0.029958,0.328437,0.277707,0.203839,0.311371,-0.057200,0.012385,0.239958,0.292185,0.219220,0.238591,0.082072,0.364375,0.131373,-0.036730,-0.077007,-0.059670,0.268775,0.433041,0.082960,0.429779,0.140911,0.283111,0.142048,0.261564,0.243837,0.118057,0.241380,0.123867,0.250295,0.268991,0.158044,0.214558,0.107147,0.064716,0.150231,-0.017153,0.007834,0.132123,0.106343,0.189608,0.101557,0.217636,-0.073664,0.339004,0.197851,0.222210,0.336817,0.112505,0.046892,0.179784,0.386891,0.127329,0.442768,0.379291,0.435244,0.293212,0.293426,0.203012,0.018740,0.227121,0.360605,0.082518,0.145313,0.175672,0.096333,0.192910,0.349892,0.304493,0.293931,0.254954,0.223500,0.191817,0.430750,0.175792,0.185285,-0.149369,0.465410,0.136066,0.342680,0.489701,0.079228,0.081468,0.205115,0.302788,0.127477,0.235079,0.234801,0.210433,0.407565,0.092525,0.489757,0.059116,0.119393,0.206546,0.123378,#
20,0.197732,-0.133684,0.213714,0.082387,0.353576,0.112749,0.363668,0.103540,0.036598,0.289172,0.028643,0.090022,0.216962,0.194481,0.196873,0.083074,0.556887,0.196495,0.098260,0.093549,1.000000,0.116053,0.075790,0.204469,0.067730,0.110270,0.221002,-0.142266,0.148581,0.154872,0.073773,0.269625,0.309235,0.421673,0.232678,0.472961,0.265832,-0.000853,0.365184,0.225237,0.026560,0.250006,0.032959,0.149324,0.223442,0.113192,0.229343,-0.141593,-0.023752,0.100616,0.068348,0.142782,0.324626,0.347293,0.234854,0.101433,0.188166,0.153045,0.300220,0.185826,0.205691,0.077855,0.195841,-0.047746,0.241426,0.182472,0.059590,0.104904,0.204238,0.299952,0.333956,-0.047397,0.049241,0.225679,0.249464,0.063281,0.133519,0.202246,0.126334,0.091266,0.152433,0.367760,0.228851,0.239709,-0.006996,0.080836,0.253332,0.118777,0.014408,0.152100,0.292878,0.181001,0.211182,0.191211,0.347745,0.069831,0.208846,0.312431,0.376383,0.184129,-0.034732,0.122784,0.318448,0.134602,0.062196,0.069165,0.220974,0.088952,0.075493,0.277170,0.211633,0.198308,0.146445,0.028079,0.453675,0.075718,0.265206,0.278942,0.030493,0.165413,0.376375,0.221596,0.313133,0.355212,0.193039,0.295669,0.265396,0.058937,0.378052,0.303864,0.333952,0.191851,0.227013,0.312305,0.183273,0.259514,-0.012518,0.005522,0.260501,0.169690,-0.035231,0.312468,0.022185,0.133837,0.109858,0.104264,0.170700,-0.017181,0.187372,0.334284,0.197338,0.193270,0.148545,0.263477,0.109738,0.190372,0.196422,0.119831,0.322935,0.288684,-0.000576,0.285833,0.247587,0.167268,0.179417,0.017629,0.078063,0.045451,0.341632,0.078028,0.410641,0.277200,0.318517,-0.038186,0.006676,0.082918,-0.048515,0.238032,0.440579,0.118944,0.141373,0.139346,0.196271,0.190525,0.064279,0.125286,0.048756,0.326337,0.136760,0.108230,-0.087027,-0.004973,0.279333,0.418782,0.123101,-0.087591,0.085047,0.004522,0.163641,0.145173,#
