0,1.000000,-0.084929,-0.152960,0.147948,0.150070,0.098015,-0.049649,-0.112606,0.053856,-0.008324,-0.119914,-0.152051,0.114752,-0.169092,0.198991,0.310864,0.161962,0.244803,0.215064,0.135454,0.041112,-0.065048,0.429622,0.278841,-0.029107,0.087481,0.162397,-0.162093,-0.010338,0.014747,0.064613,0.176087,0.165301,0.321431,0.264754,0.062265,0.006508,0.245055,0.129577,0.221330,-0.004327,0.159047,0.091571,0.175722,0.038306,-0.123771,0.004234,0.216169,0.002218,0.294437,0.007951,-0.057518,-0.066692,0.131379,0.241223,0.111514,0.298004,0.119351,0.139800,0.111419,0.039231,0.133953,0.252332,0.012120,-0.042429,-0.081751,-0.006119,0.132071,-0.075048,0.190175,0.130907,-0.045652,-0.027745,0.210736,0.032747,-0.237438,0.287317,0.128960,0.081561,0.099845,-0.182112,0.013205,0.031829,0.131583,0.175217,0.075210,0.214090,0.119137,0.224223,0.300960,0.203333,0.014284,0.110575,0.026435,-0.033359,0.260619,-0.038871,-0.102474,-0.055979,0.121042,0.186666,0.129603,-0.187559,0.021443,0.282078,0.251846,0.300848,0.124094,0.116848,-0.142754,-0.096400,0.029506,-0.183441,-0.030790,0.206144,0.083992,-0.012664,-0.167456,0.150625,0.011005,0.120645,-0.009301,0.104228,0.093627,0.020665,0.077186,0.150507,-0.078643,0.001157,0.276686,0.134760,0.050218,-0.129310,-0.114975,-0.043968,0.227839,0.055997,0.074162,-0.096240,-0.057598,0.251997,0.189901,0.027871,0.213742,-0.107614,0.174010,0.196478,-0.099221,0.168128,0.127983,-0.133799,-0.028417,-0.096568,0.025160,0.066988,0.353657,0.147220,0.014442,0.008330,0.046617,0.052171,0.103676,-0.090923,-0.132220,0.061371,0.357316,-0.216410,0.316969,0.321287,-0.013503,-0.022085,-0.242745,0.204783,0.108641,-0.069227,0.158379,0.190898,0.080550,-0.009550,0.050754,0.408397,0.077461,0.069575,0.101128,0.105943,-0.027188,0.245557,0.442281,0.091910,-0.074290,0.022756,0.144352,-0.083063,0.044049,0.020588,0.023909,-0.005055,0.233489,0.190328,0.021703,#
1,-0.084929,1.000000,0.253015,0.148956,0.053954,0.053492,0.283491,0.077105,0.208579,-0.021844,0.203847,0.230272,0.040412,0.072495,-0.005181,-0.059175,0.090777,0.108455,-0.139709,-0.007410,0.228835,0.253760,0.013663,-0.237730,0.078615,0.039469,0.133249,0.207549,-0.315604,0.111250,0.038212,-0.002312,-0.055072,0.060702,-0.156607,0.250708,0.005205,-0.008429,0.147077,-0.078828,0.018444,-0.179605,0.140681,0.047421,0.201634,0.031221,0.351140,-0.017264,-0.068195,-0.247338,-0.002118,-0.167296,0.359215,0.214465,0.036202,0.148530,0.115548,-0.157081,-0.014233,-0.120914,0.064818,0.073655,0.157012,-0.060194,-0.124111,0.027533,0.007711,0.177754,0.095148,0.047256,0.110111,0.227454,0.182140,-0.122691,0.113785,-0.004437,0.037771,0.154352,0.183942,0.046700,0.089255,0.214142,-0.023328,0.021497,0.150021,-0.198683,0.227754,0.062550,0.009937,-0.005750,0.101337,0.086605,-0.039297,0.043132,-0.045455,0.065924,-0.032721,-0.026322,-0.090828,0.113122,0.129503,0.104053,0.123057,-0.037270,0.082088,-0.052928,0.129429,0.175100,0.091961,0.051920,0.027556,0.000978,-0.070043,-0.203225,0.132649,0.305272,0.244255,-0.045661,-0.004163,0.022699,-0.239107,-0.028986,-0.003037,0.029287,-0.078090,-0.133233,0.183264,-0.032003,0.138115,0.179364,0.001326,0.148278,-0.040192,0.095004,0.072267,-0.023561,0.275767,0.112250,0.217497,0.206654,0.115979,0.179738,0.170074,0.295525,0.407838,0.030883,-0.076793,-0.127761,0.143157,0.120803,0.078904,-0.079570,-0.215159,-0.207605,0.098085,0.077608,-0.128770,-0.006439,-0.318013,-0.335967,-0.004949,0.042959,0.235513,0.276182,0.210145,-0.141783,-0.078562,0.025970,-0.012653,0.243934,0.090671,0.133373,0.070174,-0.211313,-0.023428,0.043278,-0.013328,0.121273,0.078540,-0.008621,0.083259,-0.009204,-0.005479,0.034930,0.188222,-0.108806,0.053798,-0.119112,0.006541,0.137118,0.102558,-0.022410,-0.211815,0.165652,0.143177,0.048730,-0.298939,0.071150,-0.161183,0.326633,#
2,-0.152960,0.253015,1.000000,-0.087258,0.097654,0.131082,0.211593,0.084304,0.200883,-0.067849,0.415630,0.355723,0.017384,0.055470,-0.248512,0.171015,-0.119553,0.026842,-0.085121,-0.149498,0.042471,0.161878,-0.289621,-0.168622,0.064939,0.167784,0.031601,0.037030,-0.168195,-0.042716,0.025572,0.055165,-0.028603,-0.071761,-0.139072,0.025285,0.079391,-0.131269,-0.022650,-0.292263,0.023619,0.035791,0.177634,0.036166,0.188910,-0.262483,0.136147,-0.031248,0.121362,-0.039326,0.005122,0.221212,0.014680,0.038331,0.038051,-0.043763,0.012943,-0.047017,0.238685,0.209414,0.231673,-0.035730,-0.205709,0.139856,0.046961,0.133683,0.172565,0.151514,0.185556,-0.063691,-0.116410,0.241441,-0.121746,0.007937,0.145585,0.066746,0.119483,-0.011993,0.005254,-0.063023,0.010981,-0.181648,-0.111605,-0.065892,0.120341,-0.015364,-0.040829,0.110148,0.049484,0.046739,-0.129152,0.107797,0.018422,0.287864,-0.155974,0.210970,-0.061676,0.071018,0.204533,0.157607,-0.162759,0.130455,-0.254871,0.062392,-0.230847,-0.004846,-0.017461,0.271573,0.169969,0.190009,0.149911,0.264387,0.045447,-0.098842,0.062824,0.304649,0.099178,-0.133670,-0.297816,0.143134,0.005392,-0.169246,-0.059730,-0.156938,-0.022846,-0.119882,0.155884,0.056341,0.041429,0.013703,-0.127765,0.169307,0.009697,0.065448,0.022965,0.032578,-0.031019,0.074182,0.230540,-0.107110,0.189208,0.108146,0.051197,-0.106780,0.376787,-0.225497,-0.316354,-0.186282,0.177166,-0.247895,0.167987,0.016490,0.274720,-0.005451,-0.089695,-0.033656,0.062100,-0.259601,-0.120273,0.006934,-0.082043,-0.008069,0.152726,0.157962,0.065984,0.264530,0.111924,0.027426,-0.148116,0.020234,-0.109573,0.368621,0.001143,-0.042690,0.197607,-0.258980,0.119560,0.214563,-0.268978,0.069200,0.291670,0.066416,-0.237318,0.156566,0.079783,0.200855,-0.049747,-0.140770,-0.003809,-0.203780,-0.012858,0.037923,0.121105,0.061831,0.171301,-0.087496,-0.257351,0.009408,-0.000472,0.165712,#
3,0.147948,0.148956,-0.087258,1.000000,0.002281,0.085355,0.164928,0.102129,0.304068,0.071675,0.265798,0.036243,0.124225,-0.157724,0.168920,0.138912,0.216620,0.404062,0.112445,0.114500,0.140173,0.046616,0.245066,0.240461,0.053668,0.120675,0.062974,-0.035212,0.160937,0.061053,0.043613,0.132758,0.513768,0.252768,-0.096734,0.059294,0.024819,0.334937,0.279719,0.149448,0.034698,0.145674,0.257644,0.239556,-0.052034,0.110954,0.009761,0.181908,-0.044227,0.016087,0.020373,0.260561,0.259186,-0.075201,0.116691,0.096888,0.003684,-0.151027,-0.027325,0.159952,0.206803,0.226642,0.061417,0.031976,0.344196,0.216221,0.005725,-0.119261,0.082661,0.247041,-0.080213,0.179008,0.197299,-0.065572,0.093794,0.104263,0.088411,0.052692,-0.009984,-0.183772,0.211657,0.073397,0.212966,0.011363,0.243548,0.019459,0.134397,-0.012217,0.231681,0.183799,0.053845,0.032827,0.069919,-0.071584,0.015992,0.053870,0.066116,-0.232986,0.281493,0.119000,0.081022,-0.003024,0.036844,0.019594,0.189581,-0.017101,0.282547,0.245185,-0.042586,0.067722,0.030826,0.093609,-0.064651,-0.109785,0.088478,0.003377,0.103781,0.150658,-0.124001,0.144581,0.032705,-0.049846,0.012892,0.252004,0.009543,0.164716,0.257983,0.260454,-0.229433,0.129553,0.275210,0.122877,0.088794,0.205873,-0.005077,0.223320,0.067087,0.111969,0.192723,-0.066862,0.191539,0.247194,0.068239,-0.007587,0.110369,-0.035446,0.227261,0.187824,0.088065,0.241128,0.056109,0.066611,0.062680,0.025840,0.193964,0.013286,-0.084231,0.200905,0.132818,0.063534,0.136320,0.040060,0.332028,0.262846,0.086960,0.071348,-0.067352,0.117407,-0.168571,-0.132833,0.168584,-0.037639,-0.052209,-0.152888,0.003068,0.121022,0.249964,0.028006,-0.076808,0.193190,0.151509,0.333361,0.145654,-0.327614,-0.230303,0.081729,-0.011415,0.068420,0.105302,0.079317,0.175618,0.071821,0.037845,-0.102857,0.119411,0.159805,0.236804,-0.006450,-0.200081,-0.045174,#
4,0.150070,0.053954,0.097654,0.002281,1.000000,0.197384,-0.090076,0.044435,0.183655,0.046397,0.084948,-0.069037,-0.138319,-0.140137,0.039122,0.040386,-0.167402,0.123608,-0.021822,0.228912,0.276278,-0.062079,0.154572,0.095704,-0.026431,0.062969,-0.019730,-0.125340,0.176842,0.021161,0.069509,-0.061602,-0.076259,0.070861,-0.019878,0.250061,0.339783,0.035269,0.015339,0.027002,0.045538,0.425200,0.010677,-0.156273,0.090652,-0.072546,0.229963,0.060591,0.056701,0.111496,-0.078019,0.120729,-0.002311,0.116825,0.382647,0.296118,0.120256,0.024434,0.116524,-0.024501,-0.102327,0.181378,0.002507,0.051888,-0.013032,-0.194788,0.100010,0.024334,-0.082964,0.113112,0.055283,0.137856,0.033136,0.220228,-0.117884,-0.100652,0.112753,0.216587,0.093422,0.072240,0.141670,0.105358,-0.002954,-0.116637,0.349937,-0.052324,0.054621,0.066235,-0.011903,0.205985,0.292102,-0.006389,0.128013,-0.012968,0.122387,0.229162,-0.094168,0.015899,-0.262751,-0.007125,-0.154633,0.021697,0.097046,0.070285,0.037521,0.163764,-0.018953,0.232057,0.210629,0.158643,0.109328,0.270487,0.119679,0.135946,0.161478,-0.029966,0.134648,0.038561,-0.059358,0.178982,-0.046054,-0.029536,-0.061268,-0.100412,0.172553,-0.012627,0.233139,0.083236,0.073779,0.002773,0.233977,0.077429,0.042732,-0.021946,-0.012716,0.054958,0.002514,0.139210,0.165919,0.067328,0.348200,0.015501,0.083521,-0.077668,0.195252,0.239867,0.065346,0.305850,0.070790,-0.160155,0.085440,0.213374,0.075689,0.265977,0.340989,-0.092534,0.298679,0.053188,-0.195667,0.054454,0.157762,-0.043976,-0.114267,-0.227104,-0.131033,0.041852,-0.020587,0.148305,0.000201,0.005653,-0.131224,-0.087617,0.347069,0.233846,0.130926,0.138997,0.112500,0.190575,0.027907,0.261134,0.079411,-0.047254,0.231277,0.000339,0.173463,0.084696,-0.294826,0.155698,0.201968,0.282432,0.005841,0.244201,-0.101292,-0.042481,0.259436,0.043365,0.095229,0.074785,0.045275,0.289306,#
5,0.098015,0.053492,0.131082,0.085355,0.197384,1.000000,0.085895,0.172095,0.153761,0.206736,0.125178,0.129941,0.202822,-0.081751,0.112213,-0.066669,-0.090523,0.020367,-0.129278,0.180022,-0.019790,0.019219,0.136881,-0.212105,0.163212,0.050591,0.095774,0.104832,0.113376,0.101065,0.226153,0.001568,0.160800,0.096745,-0.015246,0.201107,0.175224,-0.069012,0.033011,0.109496,0.207973,0.106249,0.250249,0.024592,-0.028236,-0.049215,0.070053,-0.157200,0.248388,-0.131789,0.169926,0.131878,0.026535,-0.209278,0.382863,0.168162,0.038845,-0.110019,0.319765,-0.008494,-0.023985,-0.011694,0.128110,0.151722,0.251949,0.009325,0.038243,0.059543,0.069477,-0.186048,0.124714,0.055650,0.218532,0.330009,-0.018473,-0.056447,0.143257,-0.084334,0.128921,-0.011994,0.050843,0.008682,0.327187,-0.102915,0.139136,-0.086835,0.055850,0.041354,0.032619,-0.147335,-0.022298,0.082332,0.201711,0.410827,-0.131369,0.301310,-0.113793,0.039699,-0.022722,-0.028144,-0.162386,0.081578,-0.142095,0.035209,-0.076127,0.240720,0.206860,0.234718,0.065755,-0.008083,0.099302,0.105704,-0.147802,-0.071608,0.036155,0.097861,0.077394,0.147859,-0.213658,0.035216,-0.178137,0.082521,-0.026682,-0.058994,-0.117173,-0.068741,-0.013423,-0.233883,0.270787,0.097387,0.322949,-0.023578,0.099262,0.211955,0.179740,0.205654,0.025293,0.142431,-0.126551,-0.207825,0.026850,0.206721,0.099798,0.055871,0.176724,0.092554,0.166654,0.146447,-0.003629,0.032243,0.299595,0.148206,0.335844,0.064808,0.066466,0.100440,-0.007773,-0.035387,-0.016997,-0.075052,0.189068,-0.136145,0.257252,0.141810,0.002775,0.051898,-0.016738,0.309964,0.129858,0.118280,0.357182,-0.007380,0.394228,-0.087674,-0.119673,0.119526,0.185172,-0.004254,0.073471,0.108507,0.096387,-0.081365,0.229552,0.124640,-0.106550,0.052072,0.176739,-0.000298,0.177930,-0.088685,0.056082,0.204343,0.082455,-0.012281,0.336897,-0.145865,-0.173097,0.143883,0.096805,0.377796,#
6,-0.049649,0.283491,0.211593,0.164928,-0.090076,0.085895,1.000000,0.127974,0.258488,0.084456,0.109664,0.141723,-0.118547,0.042766,-0.115963,0.101943,-0.090459,-0.053023,0.044157,-0.196084,0.014694,0.257548,0.000637,-0.112889,0.093325,-0.002411,-0.049552,0.082649,-0.030939,0.007041,0.082549,0.138699,-0.034541,0.081932,-0.228462,-0.161107,-0.173199,0.147256,-0.092737,-0.054966,-0.185936,-0.110354,0.031623,0.150914,0.067756,-0.140718,-0.053972,-0.058667,0.070852,-0.129665,-0.044991,-0.137212,0.026240,0.037468,-0.122986,0.027094,-0.077985,-0.110000,0.168028,0.222975,0.225200,-0.137002,0.225109,-0.235668,0.036083,0.335527,-0.100978,0.106055,-0.040782,0.043316,0.003846,0.101049,-0.092795,0.168189,0.236789,-0.093533,0.211774,0.106320,0.108650,-0.183594,-0.107103,-0.223477,0.128428,0.032907,0.080800,0.051735,0.083728,0.132762,-0.148108,0.013106,0.016393,-0.113152,-0.016149,0.004993,-0.040937,0.017335,0.037469,-0.054351,0.151340,0.189710,0.025134,0.290180,0.029293,0.039939,-0.275249,0.246546,0.254556,0.071509,0.283808,0.108088,0.056835,0.107120,-0.113494,-0.381831,0.000538,0.246847,0.040799,-0.053992,-0.089782,-0.048403,0.026062,0.064939,-0.187533,0.020779,-0.151615,-0.066484,0.034843,-0.020631,-0.190963,-0.025758,-0.075853,0.069106,0.019132,0.066293,-0.135699,0.155962,-0.015922,-0.045661,-0.057173,0.124189,-0.041686,0.265084,-0.165324,-0.094297,-0.000399,-0.075761,0.034158,-0.148477,0.151061,-0.253156,0.252530,-0.317278,0.132909,-0.172178,0.132486,-0.027182,-0.006059,0.263185,-0.062074,-0.090517,-0.152257,0.014172,0.140586,0.236923,0.067711,0.201331,-0.235680,0.036935,-0.149269,0.071256,-0.094864,-0.075411,-0.004532,-0.024468,0.152443,0.008631,-0.055315,0.032212,0.031545,-0.100950,0.020331,-0.066682,0.135424,-0.002179,-0.046918,0.094637,-0.106123,0.052582,0.076013,0.072776,0.054766,0.187598,-0.152772,-0.029772,-0.096148,-0.101155,0.084664,0.011598,-0.016627,0.208711,#
7,-0.112606,0.077105,0.084304,0.102129,0.044435,0.172095,0.127974,1.000000,0.282970,-0.092439,0.322105,0.363421,-0.087382,-0.093682,0.232849,0.151749,0.101063,0.273763,-0.061076,-0.090248,-0.124384,0.027057,0.121754,0.060216,0.250225,0.052816,0.010851,0.262291,0.006085,0.176735,-0.137422,-0.136090,0.166804,0.005160,-0.195298,0.169628,-0.020351,-0.167874,0.244718,-0.000336,0.170878,-0.176610,0.053173,0.025168,0.140310,-0.014282,-0.042597,-0.048611,-0.055646,0.027941,0.176453,0.071622,0.060327,0.081702,0.141647,-0.148971,0.115115,0.154999,0.207991,0.067108,-0.121766,0.031672,0.146674,-0.036736,0.089818,0.176199,0.275335,-0.110591,-0.035514,0.311844,-0.051609,0.037920,0.158273,-0.028644,-0.208475,-0.022571,-0.200421,0.071341,-0.147520,0.197346,0.109101,-0.065557,0.182261,-0.037969,0.232048,-0.030206,0.073864,-0.044560,-0.080124,0.112937,0.035527,0.239668,0.069587,0.212102,-0.127911,-0.153756,-0.135915,0.010431,-0.142052,0.184014,0.064164,-0.025912,-0.216612,0.021449,-0.111487,-0.146624,0.018363,0.080811,-0.227131,0.092073,0.046104,0.165298,-0.002744,0.068718,0.273643,0.147403,-0.083915,-0.187797,-0.186661,0.180205,-0.026577,0.112320,-0.058454,0.064422,0.075077,0.115523,0.178413,-0.068420,0.038051,-0.044325,0.081721,-0.059438,0.221693,0.020873,0.245729,0.030720,-0.352438,0.131954,-0.068918,0.070865,0.117955,-0.166739,-0.004934,-0.215199,0.126035,-0.097286,0.019549,-0.111511,-0.108963,-0.090864,0.203807,0.057501,0.009058,-0.040207,-0.024488,0.024950,0.191054,0.162298,0.057041,0.066392,-0.033647,0.041294,0.282578,-0.097471,-0.327976,0.181666,0.172774,-0.082110,-0.158169,0.046710,-0.043436,0.030419,0.202263,-0.046084,0.187052,-0.030302,-0.083975,0.104187,-0.305393,0.329350,0.142076,0.089168,0.182960,0.189540,-0.260887,0.103716,-0.176952,-0.229925,-0.094298,0.181156,0.226727,-0.134813,0.120768,-0.064889,0.090951,-0.243044,-0.111785,-0.072470,-0.049526,0.202936,#
8,0.053856,0.208579,0.200883,0.304068,0.183655,0.153761,0.258488,0.282970,1.000000,0.160283,0.274845,0.207971,0.070136,-0.318440,0.203522,0.391319,-0.038080,0.137725,-0.003941,-0.050424,-0.082400,0.071072,0.259193,0.172204,0.037021,0.046089,-0.072170,0.074161,-0.128392,0.256337,-0.186297,0.117209,-0.068823,0.003081,0.086641,0.124048,0.128612,-0.085624,0.027437,-0.020850,0.092891,0.142394,0.161911,0.044023,0.237652,0.071894,-0.129594,-0.088787,0.133832,0.076963,0.112189,0.317355,0.157214,0.102363,0.134094,0.178098,0.232946,0.161395,0.214874,0.326895,0.164351,0.032598,0.233237,-0.158495,0.165087,0.306976,0.173259,-0.016465,0.259019,0.086594,0.075050,-0.027471,-0.045081,0.056033,0.218395,0.086160,0.044861,0.021079,-0.052473,0.107923,0.222303,0.053585,-0.006365,-0.071780,0.396685,0.164785,0.075021,-0.086785,0.001174,0.173587,0.053410,0.288114,0.221763,-0.014452,0.167691,0.192137,0.172919,-0.111017,0.142740,0.087893,0.075714,-0.036622,0.118529,0.052329,0.126688,-0.082754,0.164377,0.069002,-0.104132,0.196653,-0.042156,0.076271,-0.202140,-0.069854,0.181694,0.262784,0.044496,-0.170898,0.036532,0.346134,0.054127,0.012021,0.050875,-0.016876,-0.016716,0.178945,0.244590,0.364675,-0.231517,0.401213,0.051129,-0.161263,0.099521,0.144576,0.114134,0.294581,-0.095104,0.049741,-0.014469,-0.162695,0.223065,0.042452,0.237107,-0.078097,-0.135593,-0.089645,0.076660,0.005784,0.279467,-0.020443,0.249448,0.047714,0.102261,0.104983,0.200673,0.205421,0.321289,0.275341,-0.040662,0.090795,-0.081209,-0.031716,0.133708,0.047561,0.096160,0.132907,-0.017563,-0.203383,-0.088921,0.205599,0.128158,0.106957,0.025419,-0.147800,0.116944,0.141946,-0.041715,0.168486,-0.025747,0.188106,0.173602,-0.017676,0.093604,0.031829,-0.134927,0.185117,-0.165677,-0.032023,0.105202,0.011393,0.114002,0.072144,0.079481,-0.068825,0.256883,-0.096737,-0.010160,-0.039052,-0.013842,-0.063172,#
9,-0.008324,-0.021844,-0.067849,0.071675,0.046397,0.206736,0.084456,-0.092439,0.160283,1.000000,0.314361,-0.176880,0.099551,-0.174433,0.083840,0.239703,-0.018804,-0.060078,-0.153204,0.025281,-0.102475,-0.080321,-0.012475,-0.102179,-0.134751,-0.321694,-0.002900,-0.043188,-0.094246,0.194585,0.179411,-0.084013,-0.170067,0.191841,0.078205,-0.094635,-0.012604,0.217222,-0.067166,-0.186356,0.064335,-0.072262,0.201722,-0.043602,-0.156956,0.218616,0.051978,-0.098705,0.160966,-0.027553,0.134911,0.024810,0.159605,-0.059547,-0.258183,0.027556,-0.092433,-0.159896,0.129228,-0.142395,0.115956,0.016038,0.188517,-0.025356,-0.103355,0.072419,-0.189889,-0.101734,-0.051979,-0.240411,0.211910,0.002321,0.009885,0.121417,-0.117204,-0.003037,-0.175917,-0.175403,0.019289,0.158829,0.188452,0.136961,-0.093637,-0.171429,0.180986,-0.128243,-0.065541,-0.023688,-0.311071,-0.215028,-0.055671,0.209097,0.122461,-0.192815,0.120613,0.008249,0.047378,0.086612,0.090357,-0.366498,-0.319370,-0.031935,0.243934,-0.009890,0.155380,0.027032,0.021756,-0.254732,-0.025244,-0.182675,0.066356,-0.128267,-0.096963,0.283207,-0.016799,-0.107774,-0.225515,-0.088943,0.073410,-0.085928,-0.094380,0.229813,-0.250444,-0.120284,-0.299100,0.037719,-0.289197,0.078571,0.051634,0.134979,-0.029474,-0.148236,-0.004837,0.144393,-0.061536,0.020046,0.014362,0.147478,-0.061687,-0.339010,-0.171575,0.039498,0.158363,-0.069029,-0.060353,0.098183,-0.020264,0.263592,0.127571,0.319016,-0.072439,-0.197874,0.233304,0.164592,0.119364,-0.040231,-0.060069,0.238677,-0.023284,-0.142737,0.032278,-0.272334,0.030968,0.278615,0.065536,-0.074308,-0.030861,-0.191076,0.083337,-0.131893,0.170831,-0.188456,-0.042871,-0.024306,-0.065766,-0.022480,0.092839,0.062897,0.034166,-0.090370,-0.019505,-0.103074,0.095999,-0.045850,-0.101276,0.017601,0.006658,-0.170822,0.130928,0.010268,0.018273,-0.023595,-0.013993,-0.067519,-0.012646,0.070267,-0.112248,-0.069154,-0.200592,0.164805,#
10,-0.119914,0.203847,0.415630,0.265798,0.084948,0.125178,0.109664,0.322105,0.274845,0.314361,1.000000,0.180450,0.249853,-0.002961,0.148130,0.188014,0.099302,0.240316,0.063735,0.174399,0.020071,-0.043378,0.003716,0.035621,0.070221,-0.035719,-0.174549,0.144579,-0.153701,0.271868,0.113947,-0.044404,0.269824,0.090259,0.205885,0.213845,0.022747,0.033800,0.253290,0.051743,0.256995,-0.057181,0.214937,0.013964,-0.010332,0.126382,0.222845,-0.072976,0.157904,0.031661,0.156198,0.144661,0.007903,0.174791,-0.050480,0.115892,-0.008094,-0.195008,0.211394,0.226414,0.201396,0.282760,-0.091570,0.315961,0.364351,0.294235,0.329026,0.064021,-0.020045,0.034436,0.082741,0.169799,0.026649,0.158150,0.009973,0.155572,-0.004969,0.076169,-0.051807,0.019513,0.359867,0.036026,0.167004,0.015736,0.429143,0.049038,0.169616,0.218654,-0.009276,0.056688,-0.009489,0.229525,0.215248,0.240267,-0.065471,0.268827,0.118647,-0.040586,0.211158,0.098741,-0.256954,-0.076393,0.142601,-0.047219,0.151707,-0.135501,0.017394,0.199430,-0.097435,-0.104500,0.085230,0.237689,0.081938,0.099402,0.485775,0.309853,0.028721,-0.139380,-0.036403,0.115975,0.099369,0.106363,-0.014746,-0.018182,-0.052704,-0.086480,0.161783,0.138571,0.157300,0.135063,0.117706,0.144792,0.054297,0.082187,0.142510,-0.116977,-0.028212,0.345220,0.065167,-0.177559,0.169482,0.034037,0.172757,0.048169,0.325784,-0.101304,-0.206059,0.072832,0.229768,0.077037,0.321494,0.219389,0.080173,0.031962,0.161483,-0.043674,0.070692,-0.069141,0.140633,-0.062456,0.049897,-0.126503,0.441206,0.327148,0.213127,0.171040,0.254074,-0.184915,-0.143340,0.083940,0.155282,0.090476,0.037908,-0.023274,0.224335,-0.038129,0.100227,0.270289,-0.241943,0.078745,0.322946,0.176511,0.209248,-0.019944,0.044782,0.147229,-0.012056,-0.362378,0.050519,0.224456,0.351988,-0.044038,0.182962,-0.050260,0.144798,0.059286,-0.187459,0.081959,0.052032,0.414888,#
11,-0.152051,0.230272,0.355723,0.036243,-0.069037,0.129941,0.141723,0.363421,0.207971,-0.176880,0.180450,1.000000,-0.038824,-0.018362,-0.194812,0.016749,0.123055,0.107283,-0.143364,-0.413476,-0.080332,0.233460,-0.130913,-0.029306,0.158401,0.182710,-0.182896,0.220830,-0.117610,0.143660,0.115980,0.024184,0.006316,0.055733,-0.071249,0.150622,0.033095,-0.244451,-0.009027,0.053842,-0.022012,0.025365,0.335910,0.118400,0.045849,-0.006452,-0.174899,-0.074837,0.083586,-0.205316,-0.153798,0.251376,-0.073701,0.208761,0.048153,-0.197213,-0.177855,0.203957,0.118278,0.031516,-0.048529,-0.102790,0.083496,-0.024068,0.102155,0.273958,0.155640,0.071309,0.180001,0.106993,-0.191132,0.050011,0.213719,-0.073499,-0.213923,-0.136045,-0.004824,-0.061782,-0.042821,-0.092528,0.050761,-0.010200,0.150956,-0.064459,0.064155,-0.094032,-0.108762,0.148023,0.089582,0.014943,-0.169492,0.351339,0.245495,0.230795,0.140471,0.052288,-0.143021,-0.079998,0.262275,0.289452,-0.025040,0.034276,-0.298214,0.042344,-0.237457,0.014487,0.122053,0.208661,0.091010,0.080059,0.215738,0.068693,-0.007555,0.055623,-0.083257,0.380525,-0.102050,0.003266,-0.269916,0.174887,-0.058362,-0.012110,-0.030613,-0.050274,-0.088424,-0.018262,-0.081185,0.045262,0.045704,-0.106548,-0.001312,0.151759,0.273658,0.004954,0.021642,0.066820,-0.285033,0.303651,-0.029606,0.194415,0.067804,-0.066181,-0.030816,-0.004789,0.275592,-0.077025,0.069966,-0.068831,-0.077856,-0.148636,0.129425,0.197282,-0.015268,-0.129048,-0.012728,0.083638,0.097798,-0.141229,0.078273,-0.109670,-0.003531,0.245145,0.009682,-0.018845,-0.095009,0.049556,0.234934,0.094749,-0.189738,0.166649,0.011737,-0.004430,-0.050401,-0.199607,0.141865,0.011262,-0.058292,0.036102,-0.131465,0.074843,0.286832,-0.051224,0.039055,-0.099251,-0.269335,0.092559,-0.166783,-0.060905,0.089343,0.248206,0.066841,-0.224475,0.170890,0.216298,0.335605,0.057802,-0.042365,-0.056726,-0.152734,-0.046898,#
12,0.114752,0.040412,0.017384,0.124225,-0.138319,0.202822,-0.118547,-0.087382,0.070136,0.099551,0.249853,-0.038824,1.000000,-0.121894,0.276413,0.194361,0.273756,0.120033,0.289475,0.175755,-0.122758,0.128623,-0.015965,0.155017,-0.228243,-0.041572,0.035102,0.378272,-0.154232,0.038864,-0.086281,0.219801,0.024564,0.072670,0.121256,0.258468,0.065500,0.100638,-0.000725,0.023242,0.029274,-0.006037,0.112513,0.143045,0.154605,-0.000772,-0.006379,-0.070335,0.324132,0.019221,0.078453,-0.074059,0.107653,0.082544,0.257826,0.003786,0.010086,-0.026621,-0.167072,-0.162699,0.049552,0.260891,-0.126706,0.317852,0.376284,-0.028138,0.106370,0.044769,0.000843,-0.036510,-0.011882,-0.040796,0.234181,0.082483,0.030428,0.113171,0.097549,-0.328972,-0.011434,-0.027983,0.262271,-0.060604,-0.132286,0.143657,0.037692,-0.030710,0.112363,0.263258,0.155188,0.008591,-0.014767,-0.053790,-0.003587,0.074330,0.092312,0.144799,0.137825,-0.070444,0.096561,-0.159641,0.115063,0.036376,0.069330,-0.142673,0.159620,-0.095780,0.274067,0.140748,-0.113440,-0.039531,0.149268,0.000953,-0.084979,-0.016479,0.015356,-0.033716,0.146797,-0.042826,0.108588,-0.167021,0.136740,0.206604,0.207113,-0.001914,0.021720,-0.426208,0.254405,-0.004254,-0.052851,0.025005,0.073886,-0.025788,-0.159706,0.113263,0.088211,0.032904,0.124287,0.014510,0.028641,0.008703,0.183059,0.079626,-0.048967,0.033590,-0.028101,-0.097719,-0.030588,0.130029,-0.093216,0.079836,-0.059960,0.128325,0.147034,-0.125576,-0.149037,0.368946,-0.031349,-0.170797,-0.004832,-0.017791,-0.049795,0.106303,0.086525,0.216935,0.207432,-0.094770,0.266929,0.065857,0.208430,0.098633,0.289882,0.091898,0.077326,0.195659,0.124439,0.107564,0.294918,0.141982,0.018029,0.035479,0.132922,0.063570,0.118056,-0.003788,0.047585,-0.168114,0.134499,0.189217,0.064360,-0.098954,0.306508,-0.065542,0.233437,0.075709,0.126465,0.170883,-0.083798,0.063880,0.064376,-0.085590,#
13,-0.169092,0.072495,0.055470,-0.157724,-0.140137,-0.081751,0.042766,-0.093682,-0.318440,-0.174433,-0.002961,-0.018362,-0.121894,1.000000,0.216545,-0.085364,0.171164,-0.119986,-0.048814,0.233727,0.134898,-0.174912,-0.201480,-0.021785,-0.178153,0.147417,0.033551,-0.121530,-0.177584,-0.094600,0.050825,0.057400,-0.005507,0.093469,0.086125,-0.191789,-0.046896,0.050344,-0.219621,0.147652,-0.285223,-0.021540,-0.073637,-0.073531,0.079122,0.030699,0.072875,-0.147695,0.043904,-0.110041,-0.139021,-0.149570,-0.015073,0.188056,-0.039938,-0.050698,-0.115224,0.025291,-0.049787,0.189283,0.097149,0.205800,0.057922,0.052785,0.009011,-0.068695,0.318064,0.041301,-0.110994,-0.047301,0.064423,0.084063,-0.192844,-0.129728,0.254801,0.128600,0.237148,-0.061741,0.272827,0.015997,-0.014642,0.110759,-0.081755,0.203717,0.077447,0.046365,-0.083034,0.072148,0.097807,-0.092324,-0.113548,0.020442,-0.116796,0.228669,-0.032996,-0.251156,-0.079578,-0.055035,-0.122823,0.265031,-0.155452,0.185703,0.086880,0.142034,-0.201894,-0.018386,0.222245,0.206114,0.166012,0.120898,-0.022205,0.023816,0.298181,-0.090275,0.047901,0.124260,0.242135,-0.025791,-0.170943,-0.043659,0.115596,-0.049802,0.177067,-0.048951,0.121519,-0.148044,-0.060605,-0.085437,0.101598,0.052725,-0.296696,0.075932,-0.111937,-0.105398,-0.012293,0.007105,-0.010182,-0.044860,-0.095343,0.137859,-0.270360,0.002288,0.203986,0.126960,0.025432,-0.015374,-0.192924,-0.019673,-0.134656,-0.170082,0.035088,0.006551,0.037466,0.209153,-0.131613,-0.045121,-0.117965,-0.073855,-0.021481,0.142575,-0.280472,0.104649,0.059001,0.039991,0.016272,0.091201,-0.064016,-0.046832,0.030693,-0.132669,0.093038,0.020399,-0.160352,0.117817,0.102600,-0.044242,0.139458,0.050274,0.029096,-0.255764,-0.132719,0.111793,0.006854,-0.055415,0.302731,0.182246,0.175886,-0.110111,-0.236528,0.089785,0.029149,0.066713,-0.078590,0.147446,-0.182229,-0.035152,-0.113741,-0.169746,-0.036922,-0.085123,#
14,0.198991,-0.005181,-0.248512,0.168920,0.039122,0.112213,-0.115963,0.232849,0.203522,0.083840,0.148130,-0.194812,0.276413,0.216545,1.000000,0.191395,0.202247,0.128606,0.102865,0.502097,0.077435,-0.240416,0.182635,0.300058,-0.108971,-0.047877,0.297046,0.146065,-0.113512,0.102006,-0.103544,0.229367,0.060611,0.052491,0.189796,0.003038,-0.028544,0.056712,-0.017998,0.259354,0.022350,-0.040205,0.164702,-0.134472,0.198123,0.227079,0.177388,-0.259114,0.124452,0.247597,0.201089,-0.065394,0.245854,0.247621,0.360802,0.108712,0.168993,0.012136,0.065632,0.062759,0.109826,0.337692,0.083297,0.048603,0.066863,-0.228390,0.311436,0.139942,-0.175797,0.159983,0.138419,-0.166699,0.039350,0.085844,0.283313,0.175328,0.101734,-0.052790,0.146580,0.101973,0.239582,0.089547,0.062440,0.146343,0.214332,0.210818,-0.051873,0.068614,-0.006472,-0.045337,-0.018453,0.176831,0.056410,0.010144,0.147360,0.041082,0.025470,0.069024,-0.223859,-0.058115,0.230965,0.183175,0.071578,0.318295,0.299635,0.030696,0.336782,0.080505,-0.088138,-0.018247,-0.041886,-0.212361,0.059439,0.148226,0.179425,-0.049467,0.140925,-0.199674,0.082086,0.048436,0.281875,0.195159,-0.086668,-0.091090,0.132019,-0.116579,0.102071,0.020020,-0.076958,0.377737,-0.062265,-0.122133,-0.029237,0.042860,0.023911,0.178026,-0.130102,0.155973,-0.093669,0.005976,0.114558,0.228576,0.151860,0.103614,-0.231324,0.125827,0.107895,-0.003315,-0.268977,-0.017432,0.186409,0.322051,-0.086045,0.216115,0.205522,0.200858,0.059065,-0.040222,-0.024592,0.114050,-0.039057,-0.054169,0.199351,-0.013061,0.020732,-0.025624,-0.129423,-0.160442,0.156335,0.048316,0.248874,0.006218,0.157507,-0.028044,0.065423,-0.125170,0.206702,0.162727,0.121923,-0.044865,0.024368,0.119807,0.110040,0.030301,0.196354,0.027073,0.125656,-0.143610,-0.098032,0.147435,0.223748,0.076356,0.020181,-0.101450,-0.009029,0.027844,-0.098035,-0.105858,0.030042,0.062685,#
15,0.310864,-0.059175,0.171015,0.138912,0.040386,-0.066669,0.101943,0.151749,0.391319,0.239703,0.188014,0.016749,0.194361,-0.085364,0.191395,1.000000,0.341864,0.164318,0.079152,0.110464,-0.161267,0.093486,0.252633,0.302061,-0.094202,0.232974,0.074507,0.116145,0.018760,0.227515,0.027839,0.245218,0.012599,0.207018,0.192008,0.232813,0.058573,0.098230,0.160922,-0.112765,0.012937,0.135336,0.079796,0.211959,0.078571,0.175270,-0.266114,0.029000,0.066703,0.464044,-0.072614,0.148271,0.158106,0.222179,0.174718,0.156751,0.129294,0.155994,0.289191,0.158974,0.054779,0.155196,0.356161,-0.086599,0.014707,0.183628,0.099059,0.165409,0.003660,0.001259,0.219805,0.148922,-0.028212,-0.106539,0.072184,0.035216,0.111743,-0.073545,-0.088873,0.084735,0.252324,0.030106,-0.273862,0.229953,0.324231,0.127069,0.033250,0.248531,0.043040,0.187614,0.024253,0.174713,0.001491,0.045573,0.135206,0.070514,0.364337,-0.153940,-0.041253,-0.018490,0.235184,0.133437,-0.177062,0.021872,0.112978,0.186169,0.148098,0.082803,-0.096172,0.119338,-0.035272,0.070861,-0.126979,0.020829,0.096451,0.041571,-0.209202,-0.142819,0.087819,-0.076481,0.271547,0.097561,0.076820,0.166889,0.004527,0.037364,0.110429,0.258594,-0.182903,0.234876,0.098657,0.051514,0.099035,0.068305,0.054747,0.146173,-0.184595,0.060622,0.114956,-0.175353,0.004689,0.181308,0.108439,-0.005355,0.015256,-0.114018,-0.028515,0.123438,0.392971,0.077488,-0.004471,0.017853,0.182645,0.291171,0.038250,0.260755,0.179648,0.158973,0.125095,0.101851,0.038380,-0.063359,0.207683,0.178342,0.063633,0.230938,0.148523,-0.031437,0.207428,-0.079422,-0.022486,0.024883,-0.040397,0.023747,0.215980,0.057865,0.253916,0.148142,-0.203419,0.189593,0.502635,0.120912,0.095574,0.171764,-0.059147,0.200368,-0.036878,0.146081,-0.170252,0.007328,0.143297,-0.099074,0.097215,-0.041411,0.005113,-0.072583,0.044988,0.163216,0.114863,-0.287888,#
16,0.161962,0.090777,-0.119553,0.216620,-0.167402,-0.090523,-0.090459,0.101063,-0.038080,-0.018804,0.099302,0.123055,0.273756,0.171164,0.202247,0.341864,1.000000,0.173167,0.122596,0.345357,-0.066109,0.086746,0.166895,-0.003133,-0.227297,0.156724,0.083650,0.082813,-0.141846,0.366034,-0.063822,0.069380,0.025553,0.324586,0.186105,0.207571,-0.022118,0.130019,0.076186,-0.186483,0.008250,0.011482,0.104663,0.169405,0.080452,0.196617,-0.007595,0.136393,-0.145684,0.072292,0.067818,0.057771,0.241923,0.188890,-0.049245,0.032695,0.159459,0.066057,-0.134999,0.021166,-0.082571,0.283700,0.323255,0.281257,0.240559,-0.036528,-0.040856,0.100043,-0.094575,0.140996,-0.058663,0.225431,0.366736,-0.193852,-0.089670,0.144187,-0.122041,0.086998,-0.050441,0.156644,0.254740,0.160767,0.035590,0.181565,0.105136,0.004227,0.100534,0.075207,0.105690,0.007810,-0.023945,0.121945,0.067754,-0.075407,0.067245,-0.046138,0.278580,-0.243399,-0.102213,0.176039,0.102401,0.037143,-0.087114,-0.075802,0.101733,-0.093020,0.335083,0.310142,-0.065102,0.158902,-0.073779,0.117619,0.151482,0.024107,0.062794,0.069093,-0.026762,0.085816,-0.125496,0.022014,0.316298,0.200135,0.079825,0.307645,0.199034,-0.301730,-0.067968,-0.104210,-0.140217,0.260259,0.010900,-0.056214,0.347605,-0.349276,0.285025,0.223527,-0.131757,0.237927,-0.031489,-0.063592,-0.107427,0.199284,0.195356,0.061360,0.161427,0.052521,0.038675,0.070740,0.060161,0.215149,-0.362380,0.116684,-0.045654,0.110779,0.062490,0.217087,-0.089472,-0.059150,0.106602,0.029538,-0.013253,0.132126,0.166478,0.169509,0.116766,0.050176,0.246636,0.089096,0.187692,-0.079619,0.084492,-0.064063,-0.101556,-0.093584,0.113414,0.087246,0.038780,0.035672,-0.006298,-0.064474,0.067324,0.136326,0.110632,-0.045472,-0.050178,0.108973,0.235325,0.141741,-0.130440,0.000586,0.418737,-0.306659,-0.264740,0.033628,0.237996,0.292709,0.023366,-0.128463,-0.016855,-0.213426,#
17,0.244803,0.108455,0.026842,0.404062,0.123608,0.020367,-0.053023,0.273763,0.137725,-0.060078,0.240316,0.107283,0.120033,-0.119986,0.128606,0.164318,0.173167,1.000000,0.120942,0.110662,0.099197,0.022734,-0.011017,0.231082,-0.046676,0.035581,-0.044956,-0.055936,-0.031943,-0.067590,0.157491,0.010615,0.419955,0.038529,-0.015030,0.170664,-0.233199,0.102128,0.237460,0.021602,0.217585,0.048542,-0.007890,0.258456,-0.019260,0.001719,0.123796,0.041951,-0.077920,-0.007461,0.037423,-0.004869,0.004132,0.001092,0.223286,0.117803,0.296925,-0.023063,0.107558,-0.093722,-0.065673,0.163349,-0.037981,0.112417,0.233683,0.275887,0.342535,0.160731,0.088851,0.153842,-0.033380,0.415260,0.072866,-0.083162,-0.128022,0.138646,0.015191,-0.101494,-0.120378,0.155298,0.055709,0.048839,0.128252,0.050176,0.127698,-0.120453,0.248150,0.120070,0.153564,0.097475,0.085107,-0.031295,0.181481,-0.111223,-0.126827,0.195222,-0.044540,0.066050,0.163048,0.214205,0.007109,-0.125490,-0.182916,-0.006843,0.144823,-0.053260,0.138247,0.136495,0.035956,-0.152479,0.244042,0.088117,0.163563,-0.019011,0.188960,0.131559,-0.005515,-0.032637,0.057319,-0.026283,-0.006509,0.224475,0.041928,-0.058631,0.247662,0.005177,0.052033,0.004424,-0.146373,0.123917,0.095154,0.231002,0.213014,-0.097319,0.042222,0.157168,0.046879,0.253947,-0.022340,0.182552,0.222032,0.107754,-0.002038,0.085081,0.134380,0.107129,-0.088956,0.126309,-0.099646,-0.060459,-0.009948,-0.016946,-0.092435,0.067564,0.252617,0.161278,0.080348,0.162478,0.074741,0.094430,0.019965,0.026628,0.148307,0.219446,0.011168,0.077212,0.103132,0.182901,0.037192,-0.174172,0.155278,-0.057577,0.006783,0.060393,0.210790,0.087872,0.122107,0.014505,-0.356669,0.351707,0.241385,0.103420,0.112151,0.155083,-0.129514,0.057954,0.059173,-0.112215,0.207493,0.032254,0.245969,0.062295,0.174252,0.052333,0.188580,0.081453,-0.026920,0.021911,-0.185170,0.063169,#
18,0.215064,-0.139709,-0.085121,0.112445,-0.021822,-0.129278,0.044157,-0.061076,-0.003941,-0.153204,0.063735,-0.143364,0.289475,-0.048814,0.102865,0.079152,0.122596,0.120942,1.000000,0.079349,0.114572,0.006618,0.136648,0.336833,-0.132586,0.017477,-0.163826,0.105983,0.016976,-0.183233,-0.123787,-0.202832,0.160004,0.166700,0.173216,0.205773,0.036560,0.202162,0.028892,0.398814,0.168985,-0.047530,0.075695,0.010967,0.156041,-0.109191,-0.153184,-0.051462,0.008819,0.241121,0.017269,0.146261,-0.025726,-0.001845,0.152200,0.143767,-0.011145,0.043599,-0.116761,0.006596,-0.059688,0.129312,0.165569,0.071199,0.275910,-0.006970,0.246584,0.024256,-0.125987,0.051268,-0.164039,0.039108,-0.265435,-0.341521,0.106390,0.237786,0.056199,0.139794,0.002463,0.031841,-0.083153,-0.058959,0.086413,0.187394,-0.171015,0.047567,0.192110,-0.089276,-0.025875,0.171762,0.137753,-0.175855,-0.025990,-0.088018,0.134068,0.310867,0.229269,-0.002691,0.184899,0.151668,-0.075184,-0.049857,0.038776,-0.101831,0.253666,0.040165,0.155223,-0.042526,0.054053,-0.050247,0.122649,0.186676,0.001759,-0.187410,0.163323,-0.011661,-0.091381,-0.386242,0.138553,0.138798,0.032498,-0.007174,0.096385,-0.025482,0.019337,-0.220121,0.113031,0.157088,0.033511,-0.061980,-0.044382,0.144680,-0.168359,0.099849,0.019157,-0.059670,0.173955,0.194840,-0.176199,0.086673,-0.109346,-0.025731,-0.015066,0.004907,0.091890,0.108441,-0.145369,-0.028042,-0.006512,-0.050916,0.094137,0.034758,-0.114357,0.155547,0.060605,0.139879,0.202833,0.066674,-0.063251,0.184539,0.136355,0.148775,0.175093,0.132295,-0.088572,0.295623,0.060476,0.104453,0.027064,0.203607,-0.202262,-0.070293,0.011778,0.282708,-0.033929,0.293579,0.187944,0.028044,0.010008,-0.164524,0.072628,0.020572,0.175396,-0.109280,0.060347,-0.104649,0.260259,0.042016,0.041680,-0.091454,-0.014665,0.104192,0.080711,0.013930,0.006092,0.001610,0.160479,-0.016862,0.150969,-0.121114,#
19,0.135454,-0.007410,-0.149498,0.114500,0.228912,0.180022,-0.196084,-0.090248,-0.050424,0.025281,0.174399,-0.413476,0.175755,0.233727,0.502097,0.110464,0.345357,0.110662,0.079349,1.000000,0.105775,-0.230875,0.081983,-0.052038,-0.063940,0.217939,0.104107,0.103623,-0.024042,0.186841,0.143151,0.070388,0.119259,0.073755,0.253251,0.136973,-0.049303,0.054568,0.043678,0.043328,0.108547,0.108426,0.001543,-0.064927,-0.054382,0.011116,0.275507,0.022635,-0.089783,0.331300,0.152253,-0.070703,0.056499,0.034553,0.203891,0.362837,0.201344,-0.098288,-0.039124,0.170652,0.121976,0.393169,0.165450,0.305701,0.282369,-0.293977,0.205047,0.169357,-0.339115,0.022024,0.207343,0.034926,0.094270,0.156050,0.162833,0.372558,0.101097,0.109522,0.218784,0.181683,0.338643,0.231156,0.211666,0.091087,0.098718,0.185052,-0.029519,0.183665,0.092122,-0.127893,-0.020322,-0.021570,0.168155,0.014196,-0.151101,0.141088,0.299479,0.125370,-0.288480,-0.054152,-0.159389,0.145051,0.246749,0.105519,0.234476,0.124868,0.072414,0.230733,-0.072648,-0.079405,-0.072437,0.016097,0.243419,0.069063,0.194079,-0.099718,0.315893,0.103109,0.122405,-0.213886,0.237556,0.246019,0.074363,0.212717,0.219469,-0.236072,0.160304,-0.074499,-0.090117,0.286130,0.051524,-0.009794,0.002746,-0.183469,0.126713,0.156108,-0.109405,0.285963,0.086482,-0.083128,0.013721,0.338125,0.256827,0.218482,-0.019613,0.189776,0.012932,0.239022,0.064264,0.005286,-0.021177,0.359208,0.070104,0.241380,0.321528,-0.022317,-0.012488,-0.146192,-0.007372,0.142630,0.296514,-0.122243,0.200133,0.050126,0.187716,-0.005599,-0.001740,0.197004,0.116540,-0.071895,0.120428,0.127881,0.255305,0.127735,-0.030199,-0.049801,0.192503,0.186052,0.232404,-0.076648,0.012563,0.062861,0.242227,0.102258,0.181981,0.164233,0.108551,-0.049611,-0.023653,-0.037375,0.407250,0.137492,-0.142252,-0.120539,0.080735,0.141606,-0.131371,0.054827,0.210932,0.120600,#
20,0.041112,0.228835,0.042471,0.140173,0.276278,-0.019790,0.014694,-0.124384,-0.082400,-0.102475,0.020071,-0.080332,-0.122758,0.134898,0.077435,-0.161267,-0.066109,0.099197,0.114572,0.105775,1.000000,0.054728,-0.051617,-0.016557,0.073576,0.216391,0.030709,-0.161526,0.038014,-0.288301,-0.157434,-0.194285,0.121506,-0.002876,-0.067540,0.104663,0.125856,0.181359,0.054474,0.071723,0.057361,0.156050,0.007667,-0.252765,0.128609,-0.061144,0.399658,-0.044169,-0.041619,0.038155,-0.283749,0.051144,-0.071981,0.172304,0.335841,0.191174,0.217289,0.128849,-0.085491,-0.030580,-0.057301,0.217387,0.150004,-0.045310,-0.218995,-0.201618,0.032098,0.194789,0.219243,0.248328,0.153304,0.174252,0.013712,0.003184,-0.063160,-0.067102,0.070246,0.273155,0.055407,-0.134078,-0.017681,0.149699,0.163357,-0.000939,0.161872,-0.043497,0.034612,-0.063579,0.368692,-0.041237,0.090139,-0.050779,0.105165,0.130657,0.235090,-0.044995,-0.119607,0.105321,0.206783,0.053633,0.059775,0.124771,0.111044,-0.113743,0.024422,0.065143,0.069446,0.218392,0.080566,0.125959,0.242764,0.456272,0.254028,-0.296372,0.200341,0.274255,0.205962,0.197930,0.064841,0.344449,-0.070069,0.220128,0.017679,-0.032397,0.043677,-0.077518,0.056656,0.097288,0.080678,0.027421,0.064592,0.105173,-0.109703,0.028182,-0.016446,-0.281354,0.244852,-0.035336,0.008230,-0.010496,0.157972,0.060376,0.125381,0.124198,0.103946,-0.023307,-0.014851,0.006581,-0.068889,-0.011140,0.147795,0.127786,-0.210312,0.110504,0.027822,0.069875,-0.048627,0.042786,-0.375915,0.353227,0.079491,0.166763,0.055046,0.122370,0.119102,-0.051760,-0.263138,0.098885,-0.054898,0.025354,0.153924,-0.139132,0.068302,0.098799,-0.036551,0.057188,-0.083392,0.107172,0.276142,0.009917,-0.058973,0.123443,-0.050281,-0.135404,0.096034,-0.180589,0.150121,0.026550,0.055882,0.276592,0.043137,0.187289,-0.191820,0.040837,0.088104,0.077806,0.145217,-0.064563,0.117167,0.159590,#
