0,1.000000,0.146932,-0.006858,0.172076,0.122927,-0.007924,0.007007,-0.139163,0.045910,0.044980,0.050389,-0.027011,-0.029918,-0.269912,0.207914,0.284360,0.291378,0.264083,0.247215,0.210200,-0.108157,-0.068080,0.180224,0.350394,-0.034944,-0.060781,0.088276,-0.176558,-0.144687,-0.018702,-0.033857,0.169520,-0.031278,0.039527,0.207192,0.035944,0.075882,0.003437,0.047728,0.042000,-0.042208,-0.019857,0.369710,-0.045681,-0.126168,-0.140394,-0.070725,0.253640,0.027484,0.205304,0.006207,0.149655,-0.015476,0.089559,0.184678,-0.040380,0.201849,0.085686,-0.014327,0.089128,0.074718,0.208972,0.112917,0.132019,-0.092626,-0.008914,0.107994,0.120881,0.026992,0.212787,-0.135036,-0.069344,0.127994,0.157695,0.018057,-0.248714,0.282903,0.239870,0.110541,-0.160629,-0.193316,-0.177532,0.030216,0.141678,0.327285,0.090538,0.260968,0.056538,0.131488,0.209061,0.039758,-0.063448,0.130720,-0.098990,-0.111781,0.319790,0.016774,-0.168410,0.077380,0.114626,0.113107,0.065945,-0.037005,0.149547,0.015149,0.145114,0.218951,0.108598,0.303701,0.024853,-0.044959,0.078964,-0.055995,0.036989,0.119218,0.196989,-0.027671,-0.204699,-0.058015,-0.080502,0.058787,-0.098305,0.174522,0.000751,0.315864,0.145311,0.059632,-0.146112,-0.067978,0.206166,0.096248,-0.159671,-0.194586,-0.120881,-0.005339,0.175821,0.074803,0.030287,-0.265646,0.035681,0.299937,0.121768,-0.068836,0.125341,-0.042798,-0.139538,-0.016137,-0.153185,0.075649,-0.086914,-0.260761,0.104739,-0.048974,-0.090605,0.154219,0.085130,0.290341,0.177658,-0.059470,-0.072642,0.220001,0.095354,0.012747,-0.093673,-0.185366,0.256475,-0.078952,0.150998,0.221053,0.081792,-0.308743,-0.141452,0.165467,-0.072270,-0.228602,0.190320,0.352346,-0.063064,0.032512,-0.034182,0.040590,0.169395,0.012358,0.022644,-0.143443,-0.004380,-0.016725,0.296095,0.251000,-0.141809,0.080923,0.280725,-0.105775,-0.066920,0.190918,0.210279,-0.030857,-0.066927,-0.025633,0.117512,#
1,0.146932,1.000000,0.245037,-0.063601,-0.033168,0.082122,0.343393,0.228119,0.230471,0.186711,0.307861,0.191529,0.030186,-0.209810,-0.112957,0.089413,-0.058990,0.011365,-0.012748,0.012131,-0.102938,0.142893,-0.003976,-0.148638,0.143294,-0.075120,-0.174404,0.129578,-0.298850,0.056298,0.135398,-0.056482,-0.029517,0.149960,0.049074,0.134280,-0.058369,-0.083630,0.215695,0.117836,0.133094,-0.042276,0.308372,-0.039333,-0.069410,-0.053166,0.280793,0.025207,0.239876,0.013210,0.106900,0.046063,0.166601,0.120949,0.211240,0.155338,-0.035964,-0.142845,-0.055886,0.135589,0.004402,0.069131,0.201922,0.018206,-0.089888,0.329758,0.277741,0.227957,0.085495,0.129163,0.248182,0.192689,0.235695,0.223289,0.070973,-0.008875,0.065789,0.150175,0.227994,-0.005237,-0.075515,0.156573,-0.051822,0.153673,0.265100,-0.012617,0.146287,0.396333,0.043560,-0.027159,0.048203,0.133217,-0.209296,0.040207,-0.112758,0.130758,0.020096,0.030082,0.073680,0.127562,0.182954,0.116594,0.105262,-0.110302,-0.097263,0.132102,0.068465,0.014750,0.295824,-0.044521,-0.084712,0.212023,-0.075985,-0.102706,0.145259,0.384833,0.161398,-0.173091,0.157678,-0.039381,-0.218567,0.123809,0.147868,0.184924,0.040861,0.002123,0.090875,0.120485,0.319046,0.076521,-0.050844,0.135045,-0.037708,0.175481,0.193942,-0.093329,0.281666,0.164435,0.002753,0.233613,0.199238,0.133456,-0.174991,0.207355,0.251197,-0.204046,0.050758,-0.141386,0.239561,-0.135066,0.407863,0.051425,-0.076241,-0.234754,0.090479,0.270643,-0.123416,0.213524,-0.204480,-0.127911,-0.046292,0.028505,0.230647,0.272114,0.138648,0.038712,0.050277,-0.098624,0.002955,0.225761,0.073398,0.054331,0.099685,-0.023931,0.137752,0.207339,0.178896,-0.062831,0.175212,0.073394,0.171425,0.011177,0.170980,0.069808,0.217048,0.018390,0.083228,-0.286058,0.270125,0.301944,0.113073,0.353685,-0.157552,-0.022176,-0.068210,0.056257,-0.173130,0.375743,-0.121881,0.403107,#
2,-0.006858,0.245037,1.000000,-0.006404,0.224764,0.060823,0.170154,0.117909,0.032634,0.150606,0.362839,0.282480,-0.039205,-0.041904,-0.084505,0.092562,-0.196651,-0.045294,-0.072327,-0.034041,0.164891,0.161262,0.024636,-0.179103,0.000107,0.154834,0.203468,-0.014847,-0.218135,0.011941,0.083589,0.026031,0.020671,0.084027,0.059326,0.027555,0.234606,0.106878,0.198857,-0.174714,0.087213,-0.068221,0.147233,-0.128991,0.025883,0.082474,0.233018,-0.047786,-0.132908,-0.030260,-0.110735,0.085968,0.131278,-0.017957,0.149946,-0.043390,0.196759,-0.093879,0.170839,0.119880,0.355760,-0.038812,-0.122794,0.060299,0.141858,0.046558,0.131972,0.026333,0.054702,-0.099411,0.285512,0.221041,-0.102382,0.156497,0.132832,-0.085146,-0.014298,-0.054216,0.038057,-0.041065,-0.035582,-0.147744,-0.020583,-0.165776,0.302079,0.144874,0.150922,0.120056,0.153320,0.044967,0.032222,0.228589,-0.022882,0.186942,-0.074595,0.119824,-0.014074,-0.023580,-0.099300,-0.053127,0.126470,0.187062,-0.101041,0.187840,-0.012508,0.265899,0.271161,0.388567,0.152733,0.187070,0.177095,0.107712,0.190971,0.015421,-0.048400,0.202386,0.093406,-0.090637,-0.159453,0.007880,0.060822,-0.207668,-0.155810,0.102155,0.014290,-0.052139,0.084642,-0.012622,0.159643,0.144944,-0.045211,0.222537,-0.024651,0.134748,0.074774,-0.131000,0.091628,0.043208,0.006841,-0.042331,0.338656,0.127084,-0.046079,0.083560,0.378301,-0.238535,-0.196083,-0.109969,-0.051183,-0.066249,0.154816,0.064014,0.219887,0.088071,0.023943,-0.007695,-0.007540,-0.218863,0.068489,-0.104034,-0.225029,-0.000066,0.318906,0.122631,0.127295,0.139220,-0.051002,-0.101887,-0.109196,-0.025514,0.006887,0.177988,0.117318,-0.052636,-0.047834,-0.012772,-0.046940,0.083613,-0.243798,-0.131068,0.164240,0.149181,0.048968,0.042283,0.027868,0.092851,0.009915,-0.148341,0.146968,0.126557,0.095074,0.092593,0.007040,0.027134,0.097054,-0.039573,-0.323782,0.165837,0.102043,0.302746,#
3,0.172076,-0.063601,-0.006404,1.000000,-0.038091,-0.104460,0.134925,0.045322,0.249510,0.113085,0.014653,0.002768,-0.021376,-0.155155,0.172260,-0.027375,-0.045767,0.191835,0.338938,-0.084816,0.080327,0.115759,0.221810,0.163911,-0.041567,0.032166,0.143377,-0.092775,0.009816,0.160448,0.140685,-0.131436,0.295727,0.325197,-0.168503,0.066611,-0.176871,0.277020,0.246137,0.099519,-0.175359,0.206574,0.142563,0.013047,-0.061865,-0.114081,-0.216419,0.106718,-0.198589,0.035979,0.110616,-0.094334,0.116916,-0.123339,0.127906,0.006161,0.282404,-0.046700,0.010356,0.062819,0.141629,-0.002453,-0.029712,-0.069237,0.193334,-0.220474,0.014303,-0.313813,-0.333489,0.282375,0.062488,0.137489,0.020329,0.048168,-0.016013,-0.199331,0.037133,-0.042581,-0.105458,-0.019724,-0.021999,-0.051741,0.282376,-0.113514,0.062679,-0.085416,0.006528,-0.111278,0.100368,0.268863,0.348334,0.050839,-0.195845,-0.059166,0.034150,0.012747,-0.064697,-0.165118,-0.143744,-0.185538,0.169783,-0.067358,-0.075015,-0.210512,0.221487,-0.149903,0.416102,0.290142,-0.025009,-0.166754,0.087619,-0.163742,0.000682,-0.001713,0.002283,-0.038092,-0.103475,0.101044,-0.073207,-0.094436,-0.049663,-0.062079,-0.097454,-0.041654,-0.020919,0.091293,0.166693,0.244417,-0.012186,-0.031030,0.179673,0.183865,-0.112001,0.065259,-0.131540,0.230071,-0.137280,0.056450,-0.115907,0.116860,0.075926,0.276020,0.011875,-0.087794,-0.001705,0.100293,0.263249,0.166600,-0.247239,0.059216,0.028910,-0.320129,-0.022134,-0.001961,-0.012287,0.001172,-0.048496,0.027479,0.254911,-0.055187,-0.107366,-0.038287,-0.047833,0.008211,0.017953,0.130357,0.019879,0.160502,0.021610,0.023714,-0.090530,-0.300602,0.043320,0.044402,-0.001805,0.138421,0.124986,-0.012330,-0.182182,0.094015,-0.029220,0.122554,0.001292,-0.166001,-0.057113,-0.343571,0.166327,0.047538,-0.067055,-0.077049,0.119268,0.076732,-0.046014,0.198124,0.054338,-0.017835,0.030367,0.048448,-0.170714,-0.077598,#
4,0.122927,-0.033168,0.224764,-0.038091,1.000000,0.128566,0.137290,0.079243,0.062960,0.199791,-0.013276,0.108109,-0.000004,-0.096096,0.134432,0.135976,0.014532,0.057652,0.046156,0.285624,0.283069,0.048937,0.117475,0.068351,-0.086147,0.080643,-0.000236,-0.169307,0.214586,0.022759,0.074187,0.112941,0.013301,0.295829,-0.012771,0.119258,0.298447,0.109301,0.300994,0.118637,-0.111285,0.106818,0.094057,0.023750,0.194077,0.285622,0.288575,0.120695,-0.140984,-0.011200,-0.000282,0.082698,0.097672,0.067780,0.190390,0.207789,0.074927,0.000573,0.112613,0.174968,0.279242,0.210031,0.012454,0.032444,0.029755,0.011228,-0.154451,0.086333,-0.078319,0.134872,0.260466,0.318984,0.131264,0.074704,0.151819,-0.074606,0.094562,0.142658,0.072511,0.000452,0.000161,0.064656,0.040021,0.081930,0.336000,0.105578,0.150853,0.157674,-0.030745,0.134931,0.267334,-0.080606,0.085844,-0.028561,0.230335,0.120272,0.120730,-0.068197,-0.257060,0.078210,0.096916,0.171790,0.128785,0.128353,-0.012009,0.239353,0.000128,0.108503,0.138869,0.265006,-0.102642,0.205208,0.101927,0.118178,-0.131825,-0.074914,0.193198,0.057274,-0.073383,-0.044978,-0.103082,-0.171857,-0.066437,0.152997,0.261104,-0.135606,0.121656,0.035945,0.217182,0.247164,0.309911,-0.014365,0.200518,0.226654,0.142255,0.175371,-0.174845,-0.011456,0.249990,-0.063495,0.129663,0.043169,0.212020,0.024667,0.250495,0.182161,-0.011192,0.149001,-0.024427,0.137384,0.115738,0.122423,0.357837,0.356046,0.378790,-0.031168,0.107827,0.122737,-0.057177,0.000316,0.182349,-0.013367,-0.031414,-0.082119,-0.264966,0.045993,-0.012300,0.137461,0.047853,-0.049463,-0.393817,-0.065181,0.420570,0.014973,0.144617,0.126222,0.283137,0.204353,-0.087050,0.084093,0.150915,-0.042551,0.128965,0.053634,-0.078777,0.242376,-0.237339,0.070119,0.242536,0.335777,-0.333253,0.206988,-0.238383,-0.026073,0.099504,0.187199,-0.014815,0.075695,0.138808,0.320135,#
5,-0.007924,0.082122,0.060823,-0.104460,0.128566,1.000000,-0.062413,0.166951,-0.030536,-0.006500,0.030765,-0.094728,0.211284,-0.039803,-0.087293,-0.083246,0.038850,0.098411,-0.207826,0.262117,-0.112849,-0.100414,0.178315,-0.137896,0.028864,-0.165235,0.147123,0.099427,0.130291,-0.076598,0.254646,-0.020451,0.284457,0.081488,-0.293807,0.199764,-0.007704,-0.043036,0.024663,-0.069140,0.172477,0.022821,0.115090,0.331061,0.039796,-0.007857,0.198417,0.080264,0.217403,-0.267627,0.238043,-0.038622,0.187905,-0.128871,-0.074301,0.167253,0.111698,-0.208473,0.342174,0.101633,-0.134371,0.192217,-0.005291,0.127939,0.230579,0.077447,-0.123239,0.094729,0.154856,-0.194365,-0.067117,0.016641,0.148155,-0.097935,-0.008186,0.097714,0.067888,0.276395,0.186164,0.176581,-0.012824,-0.102427,0.197906,0.059400,-0.147448,0.038301,0.196592,0.062285,0.220493,-0.095816,-0.044309,0.206290,0.273841,0.312857,-0.128293,0.103263,-0.124237,0.213819,0.163238,0.197416,0.006313,0.051974,-0.159203,0.109601,-0.068376,0.243710,0.100026,0.213734,0.154571,0.195342,0.042218,0.327031,-0.218648,-0.102009,0.076704,0.003951,0.183514,-0.051771,-0.144370,0.034786,-0.249612,-0.003008,-0.170847,0.172790,-0.153238,-0.240733,0.273017,-0.325175,-0.178716,0.062171,0.345069,0.160010,0.044185,0.245425,0.119976,-0.018805,0.111044,0.070011,0.158566,-0.140049,0.075204,0.097367,-0.017746,0.091467,0.406973,-0.015657,-0.095655,-0.125319,0.171117,0.005577,-0.009611,-0.051515,0.159231,-0.145597,-0.054890,0.069361,0.100729,0.003441,-0.052396,-0.228733,0.165391,-0.088137,0.259592,0.074814,0.114122,0.009029,-0.177150,0.363871,-0.020733,0.136785,0.257379,0.152753,0.191412,-0.005907,-0.076489,-0.069515,0.282109,0.120526,0.138403,0.073197,0.235192,0.094261,0.331957,0.040858,-0.090131,0.159790,0.110934,0.119168,0.072372,-0.118647,0.150113,0.137802,-0.155846,-0.191380,-0.128113,-0.041969,-0.321958,0.048123,-0.008722,0.216423,#
6,0.007007,0.343393,0.170154,0.134925,0.137290,-0.062413,1.000000,-0.029718,0.281044,-0.038837,-0.037687,0.221322,0.149955,0.043441,-0.168362,0.162416,-0.101294,0.102549,0.069993,-0.073422,0.201308,0.287282,-0.052093,-0.044356,0.138553,0.082322,-0.072104,0.079761,-0.117374,0.265232,0.050545,-0.109641,-0.083745,-0.066350,-0.133822,0.098160,0.005643,0.001487,0.086794,0.093742,0.024433,-0.011474,0.293866,-0.035361,0.232173,-0.059813,0.068235,-0.164975,0.148452,-0.006174,-0.180954,-0.061466,-0.110737,0.110217,0.120673,-0.063975,-0.022840,0.066274,0.026885,0.047518,0.300985,-0.101208,0.075339,-0.169104,0.099632,0.256158,0.011964,0.041060,-0.095206,0.031671,0.194933,0.118545,-0.025239,0.264023,0.122258,-0.088379,0.201649,-0.194098,0.190391,-0.129616,0.088999,-0.096778,0.052995,-0.189266,0.056725,-0.060625,0.082114,0.146441,-0.089970,-0.021248,0.056612,-0.054417,-0.001788,-0.068603,-0.035857,-0.076681,0.098000,0.021603,-0.111080,0.279355,-0.080572,0.053925,0.159061,-0.113120,-0.232195,0.030165,0.168186,0.071233,0.032048,0.054055,0.187883,0.223892,-0.211837,-0.302066,-0.005704,0.031896,0.358012,-0.178177,-0.084773,-0.230175,0.031864,-0.118980,0.085299,0.053548,-0.068340,0.139834,0.145309,-0.025370,-0.025907,-0.062177,0.043578,0.128256,-0.018283,0.049250,-0.027056,-0.014957,0.058465,-0.171895,0.027107,0.244752,0.087588,0.185793,-0.083821,-0.165218,0.084461,0.095087,0.035216,-0.023363,0.127961,-0.164412,0.301329,-0.109318,0.107060,-0.132936,0.220792,-0.014750,-0.062924,0.210129,-0.147845,-0.241457,-0.244473,0.122429,0.025610,0.007125,0.012903,0.197657,-0.049491,0.018915,-0.149836,-0.091756,-0.089254,0.124908,0.066601,0.007056,0.254632,0.094414,-0.134677,-0.047880,0.015274,0.002451,0.093902,0.032722,0.126970,-0.011594,0.104495,-0.114143,-0.080900,0.027316,0.031230,0.147001,0.088900,0.178700,-0.049715,0.242006,-0.100628,-0.071264,0.057159,0.204391,-0.015863,0.263384,#
7,-0.139163,0.228119,0.117909,0.045322,0.079243,0.166951,-0.029718,1.000000,0.327551,-0.062413,0.173081,0.162140,0.069996,-0.087902,0.134174,-0.137466,0.080841,-0.023578,-0.224269,-0.085459,-0.120127,0.029281,0.213299,-0.019434,0.139711,0.011968,0.052607,0.033691,0.034388,-0.090117,0.018923,0.095620,0.088294,0.168994,-0.217072,-0.087291,0.068541,-0.000683,0.224914,0.146731,-0.189065,-0.069471,-0.015068,0.235306,0.118668,-0.008141,0.199220,0.190098,-0.043127,0.079202,0.337013,-0.011342,0.048800,0.077710,-0.063524,0.039397,-0.026813,0.099589,0.058838,0.099369,0.068147,0.112510,-0.027525,-0.167657,-0.018545,0.030768,-0.171259,-0.041347,0.043208,0.472961,-0.025659,0.005281,0.361816,-0.035500,0.214457,-0.056601,-0.068944,0.015152,0.137139,0.162128,0.079118,-0.045698,-0.058126,0.144507,0.014412,0.118400,-0.006487,0.100381,0.066531,0.155282,-0.187079,0.036557,-0.036036,0.140996,-0.054609,-0.281395,-0.202351,-0.005948,-0.076129,0.081008,0.145549,0.114306,-0.046580,0.162144,-0.020891,0.203931,-0.060473,-0.010690,0.083270,0.173363,0.007700,-0.092528,-0.081738,-0.031838,0.275523,0.039883,0.024882,-0.202092,-0.045703,0.197391,0.023786,0.064926,-0.082904,0.368832,0.144284,0.027597,0.382615,0.155893,0.073224,-0.178697,0.061062,-0.113359,0.237235,0.251763,0.168826,0.094884,-0.207111,0.084581,0.176825,0.070861,0.096590,-0.033621,0.028858,-0.100802,0.116726,-0.015771,0.002728,-0.021161,0.162519,0.078599,0.084199,0.045854,0.105182,0.156267,-0.223806,0.192439,-0.017518,0.121977,-0.040893,0.119499,-0.018507,-0.112910,0.101300,0.056882,-0.203196,0.107795,-0.020997,-0.129845,-0.165072,-0.023401,0.062654,0.151288,0.392204,0.098829,0.177427,-0.046073,0.068917,-0.085588,-0.149529,0.321547,0.281903,0.110648,-0.092645,-0.003949,-0.057087,0.178446,-0.074964,-0.233492,0.012697,0.125824,-0.057991,-0.047771,-0.061188,-0.250098,-0.040338,-0.023166,-0.179467,0.235581,-0.054192,0.203759,#
8,0.045910,0.230471,0.032634,0.249510,0.062960,-0.030536,0.281044,0.327551,1.000000,0.125005,-0.018489,-0.003412,0.035113,0.099784,0.156171,0.302586,-0.134057,0.088886,0.083479,0.066777,-0.186913,0.428769,0.328625,-0.066202,-0.074524,0.045928,0.024081,0.137995,0.003439,0.275915,0.136500,-0.069625,-0.031127,0.256344,-0.039458,0.177310,0.082580,0.175844,0.088181,0.121181,-0.179693,0.311746,0.067760,0.127141,0.010198,-0.128140,0.013894,0.175680,0.153891,0.140429,0.296733,0.184209,-0.113676,0.060020,0.019413,0.415381,0.250275,0.133799,-0.021366,0.251449,0.270128,0.049582,0.393091,-0.128205,0.187791,0.227164,0.081739,-0.006872,0.123577,0.287649,0.276655,0.037728,0.178488,0.290677,0.251419,0.075576,0.173368,0.056312,0.093862,0.226202,0.113541,0.084634,-0.009137,-0.038457,0.084639,0.012475,-0.005299,-0.022644,-0.095428,0.315417,0.134309,-0.010826,-0.206487,0.106652,0.025762,0.009645,0.188341,-0.049949,-0.222552,0.047773,0.277842,0.243648,0.197236,0.162630,0.164423,0.148760,0.080985,-0.006168,0.188347,0.047888,-0.140366,0.008265,-0.181157,-0.177086,0.396052,0.251383,0.177392,-0.211122,0.022175,0.104678,0.091539,0.078583,0.039579,0.231384,0.088967,0.136855,0.216393,0.259253,0.001130,0.150023,0.096354,-0.033759,0.333513,0.258355,0.270851,0.095407,-0.106157,-0.031194,-0.001562,0.004983,0.096272,0.212291,0.341059,0.172907,0.053677,0.211728,0.288876,0.157040,0.283591,-0.072194,0.204173,-0.127001,0.085067,0.214914,0.262398,0.286159,-0.028907,0.335456,0.014619,0.071407,-0.002056,-0.088205,0.206686,0.148878,0.159884,0.114257,0.112786,-0.078174,0.149658,0.143431,-0.047940,0.057663,0.276328,-0.008196,0.215066,0.067774,0.035473,0.052427,0.010819,0.281052,0.245920,0.052023,-0.038865,0.296129,0.120963,0.164119,0.112443,-0.052283,-0.055474,0.051472,0.165997,0.010631,0.012841,0.010205,0.208487,0.145352,-0.216054,0.283559,0.297398,0.053092,#
9,0.044980,0.186711,0.150606,0.113085,0.199791,-0.006500,-0.038837,-0.062413,0.125005,1.000000,0.294436,-0.141485,0.139653,-0.226576,0.182751,0.277838,-0.117933,0.045721,0.169632,0.170371,0.032568,0.031973,0.209485,0.192967,-0.044955,-0.266834,-0.101534,0.029744,0.049390,0.121120,0.239714,-0.105424,-0.076646,0.187470,0.137978,0.062867,-0.125043,0.135384,0.240188,-0.087560,0.233388,-0.130824,0.133564,-0.079743,-0.025223,0.156919,0.106798,0.047497,-0.058652,0.066608,0.126336,0.068808,0.000083,-0.172434,-0.117065,0.305056,0.133522,-0.030973,0.131101,0.021380,0.063649,0.219665,0.136252,0.147162,0.125488,0.198427,0.058265,0.064608,-0.068044,-0.085047,0.397187,0.307353,0.103023,-0.012674,-0.093212,0.046229,-0.085027,-0.067928,0.088598,0.306061,0.229835,0.054322,-0.048240,-0.190746,0.289462,-0.144864,0.021427,0.254997,0.072887,-0.237209,0.006499,0.346939,-0.022796,-0.111795,0.074043,0.005942,0.211246,0.287590,0.000488,-0.299051,0.037648,-0.104448,0.421080,-0.107985,0.222764,-0.059089,0.051862,-0.128846,0.138896,-0.160061,0.131176,0.209260,0.236342,0.309390,-0.103299,0.045808,-0.062757,-0.121109,0.045003,-0.101362,-0.074243,0.180583,-0.034935,0.101699,-0.072330,-0.180407,-0.127941,0.149479,0.113691,0.206088,-0.006701,0.103396,0.121080,0.276829,0.029742,-0.130870,0.006505,0.129024,-0.071719,-0.124716,-0.082402,0.037786,0.189704,0.251665,0.146577,-0.083648,0.005994,0.097623,-0.166031,-0.042367,0.060823,-0.158954,0.181171,0.108747,0.198632,-0.024644,0.153118,0.154256,-0.097576,-0.092783,0.088922,-0.115592,0.220969,0.295339,0.104099,-0.054657,0.012725,-0.030154,0.075926,0.000595,0.036445,0.076613,0.014258,0.143980,0.213602,0.263745,0.062652,0.022405,0.015884,0.044218,-0.032684,-0.118915,0.085908,0.014307,-0.096528,-0.025550,-0.083184,-0.197231,0.401774,0.140712,-0.031581,-0.109061,-0.051525,-0.082436,-0.081421,0.091750,-0.138958,0.182128,-0.175095,-0.058737,#
10,0.050389,0.307861,0.362839,0.014653,-0.013276,0.030765,-0.037687,0.173081,-0.018489,0.294436,1.000000,-0.040200,-0.132254,-0.224012,0.014754,0.130017,0.012044,-0.018127,-0.001646,0.103683,0.061876,-0.120169,-0.085584,-0.016391,0.103689,-0.097492,-0.051459,0.134772,-0.342472,-0.001572,-0.114464,0.004480,-0.023055,0.052535,-0.008191,0.126576,-0.054192,-0.006790,0.095386,-0.146805,0.203464,-0.090997,0.021228,-0.173810,0.041806,-0.070350,0.180484,0.070830,0.038940,0.333711,-0.103889,0.057834,0.193417,0.001495,0.019241,0.073099,-0.135987,-0.245859,0.034280,0.090856,-0.055301,0.116525,0.039021,0.138156,-0.096672,0.060323,0.290903,0.055006,-0.100584,-0.087567,-0.145186,0.242837,-0.013896,-0.038907,0.036069,-0.046093,-0.161652,0.040112,-0.032667,-0.068604,0.213443,0.033894,-0.037913,0.055222,0.207503,-0.083092,-0.070500,0.210015,-0.056099,0.143245,0.069805,0.254855,-0.048802,0.105290,-0.068153,0.204132,-0.148739,-0.114238,0.149962,-0.093631,-0.035744,-0.001333,-0.084715,0.003615,0.118367,-0.185499,0.156954,0.138844,0.051460,-0.044657,0.057736,0.034257,-0.039484,-0.020441,0.097837,0.283379,-0.033707,-0.077990,-0.024773,-0.022809,0.002284,0.104849,-0.291506,-0.010729,-0.179578,-0.244795,0.239278,0.110924,0.117544,0.006786,-0.045692,0.020196,-0.052829,0.025504,-0.022369,-0.104322,-0.148658,0.367306,-0.068389,0.005771,0.258359,0.104739,-0.078456,0.001121,0.246314,-0.231858,-0.212266,-0.223502,0.000000,0.026611,0.066281,0.076048,0.143832,-0.009933,-0.101590,0.009661,0.144296,-0.187010,-0.180905,-0.163518,0.143208,-0.125383,0.322028,0.209638,0.073446,-0.004431,0.215047,-0.078631,0.018156,0.210695,0.022190,-0.077466,-0.112017,0.098543,0.118450,-0.158071,0.158603,0.191099,-0.120331,0.070180,-0.054150,-0.092599,0.156015,-0.020928,0.097726,-0.095861,-0.004882,-0.276774,0.044491,0.017703,0.128923,0.011842,0.034816,-0.196773,0.024587,-0.161439,-0.358611,0.139899,-0.107465,0.401173,#
11,-0.027011,0.191529,0.282480,0.002768,0.108109,-0.094728,0.221322,0.162140,-0.003412,-0.141485,-0.040200,1.000000,-0.058134,0.123161,-0.045832,-0.165852,-0.101353,0.027679,-0.043434,-0.400666,0.081802,0.293209,-0.146706,-0.203768,0.100397,0.280189,-0.181804,0.183462,-0.129212,0.198273,0.148842,0.078388,0.037891,0.131045,0.086857,0.031579,0.312394,0.084269,0.040772,0.300371,-0.165494,0.009550,0.236062,-0.047018,-0.068607,0.128940,0.165849,0.018473,0.027677,-0.066300,-0.062936,0.171425,0.023682,0.308857,0.077069,-0.097216,-0.294531,0.219430,0.053075,0.007032,0.222759,-0.118184,0.049434,-0.181664,0.081008,0.184073,0.144003,0.151524,0.191632,0.265191,0.097237,0.116229,0.123097,0.061453,-0.092430,-0.250932,0.096315,-0.055504,-0.140594,-0.158165,0.033001,0.209772,0.205369,-0.175818,0.208489,-0.092641,-0.104622,0.161821,0.073536,0.010411,-0.042120,0.158708,0.094808,0.261832,0.034590,-0.006438,-0.189869,-0.042900,0.090460,0.228957,0.116366,0.222577,0.058454,0.058947,-0.156566,0.255349,-0.001275,0.283551,0.174773,0.102285,0.130988,0.004990,0.024023,0.055488,-0.118253,0.200673,0.160924,-0.060687,-0.311302,0.157255,-0.080165,-0.012223,0.047705,0.071134,0.051336,-0.110012,-0.026050,-0.023167,0.138167,-0.040222,-0.003122,0.232665,0.119665,0.144218,-0.077271,-0.136006,-0.202195,0.159442,-0.032418,0.387574,0.141212,-0.142347,-0.158683,0.203080,0.232244,0.093830,0.106602,-0.071811,-0.027661,-0.142139,0.075246,0.192980,-0.027678,-0.087845,0.031594,0.061084,0.060394,-0.031458,0.227110,-0.147898,0.054462,0.280360,-0.104663,0.027419,0.005421,-0.068826,0.075613,0.065488,-0.150059,0.251084,0.008531,-0.004329,0.053091,-0.083459,0.133285,-0.068954,-0.076508,-0.102135,-0.044413,0.145124,0.272419,-0.017821,0.248716,-0.238501,0.005584,0.023638,-0.116868,-0.059225,-0.003807,0.428911,0.081904,0.089407,0.171217,0.333884,0.255012,-0.027130,0.054265,0.197662,-0.132960,0.225529,#
12,-0.029918,0.030186,-0.039205,-0.021376,-0.000004,0.211284,0.149955,0.069996,0.035113,0.139653,-0.132254,-0.058134,1.000000,0.035599,0.264966,0.079165,0.273219,0.269684,0.184850,0.133939,0.056449,0.230609,0.143483,0.157704,-0.056799,-0.011462,0.278525,0.250825,0.056486,-0.060470,0.029625,0.103805,0.166771,0.049963,0.052761,0.197152,0.091319,0.035934,-0.010414,0.197754,-0.034780,-0.066822,0.157735,0.304727,0.187103,0.198179,0.242330,-0.110828,0.128980,-0.065161,0.237814,-0.220697,-0.014676,0.242885,0.102534,0.111884,-0.068051,0.038397,0.002549,-0.261168,0.112959,0.443289,-0.121585,0.291826,0.384942,0.026115,-0.148646,0.119260,0.152146,0.014520,0.142405,0.087889,0.343157,0.047357,0.227418,0.244211,0.062700,-0.157970,0.002445,-0.012476,0.169024,-0.045750,-0.114921,0.057944,-0.047690,0.041565,0.134097,0.174534,0.227227,0.012136,-0.078917,-0.183606,0.037480,0.095973,0.098536,0.141241,0.441947,0.274721,-0.062553,0.036803,-0.008529,0.200977,0.231115,0.261966,0.087155,-0.025035,0.034035,0.041832,-0.073279,0.034369,0.254512,0.091922,0.103530,-0.124863,0.109629,-0.061281,0.395401,-0.321161,0.036140,-0.190816,0.188093,0.154575,0.038518,0.301714,0.100734,-0.163562,0.050637,-0.162047,-0.142197,-0.194203,0.168015,0.053539,-0.070818,0.188557,0.198426,-0.190232,0.253962,0.005128,0.287456,-0.052714,0.003930,0.121679,0.162097,0.005226,0.115292,0.120504,0.023615,0.126177,0.043788,0.235229,0.166632,0.118099,0.170577,-0.034115,-0.042205,0.491796,-0.056417,-0.004389,-0.008836,0.085658,0.101547,0.324488,0.228317,0.124391,0.370000,0.022050,0.147046,0.239083,-0.076087,-0.039535,0.165276,0.190478,0.120853,0.087532,0.138025,0.153724,0.051110,0.050919,0.128759,-0.054552,0.169910,0.189272,0.174234,-0.063940,-0.016200,0.010127,0.141603,0.200206,0.041415,-0.168500,0.040821,-0.018824,0.094583,0.166863,-0.046393,0.087060,-0.113220,0.082569,0.131995,-0.105502,#
13,-0.269912,-0.209810,-0.041904,-0.155155,-0.096096,-0.039803,0.043441,-0.087902,0.099784,-0.226576,-0.224012,0.123161,0.035599,1.000000,0.072443,-0.082341,0.054372,0.004023,0.049785,-0.078658,0.169067,0.001121,0.037677,-0.127392,-0.282344,0.180703,-0.025955,0.193959,0.004930,0.042849,-0.016259,-0.037243,0.086538,-0.074457,0.055616,-0.043295,0.083600,0.111369,-0.406550,0.133826,-0.060442,0.196411,-0.038404,0.033495,0.241482,0.047384,0.088946,-0.097459,0.033699,-0.243965,0.108546,0.000465,-0.220519,0.321465,-0.282171,0.074391,-0.018232,0.226250,-0.053554,0.102778,0.075155,0.016180,0.076746,0.028606,0.068753,-0.069126,0.051992,0.085759,0.157802,-0.094634,0.137110,0.006616,-0.140288,-0.069527,0.119041,0.207303,-0.058598,0.079628,0.061565,0.125811,0.199248,0.017602,0.047915,0.070352,-0.123049,0.132518,0.038329,-0.165290,0.052036,-0.001443,0.004656,-0.049975,0.136614,0.278030,0.137702,-0.147732,-0.065227,0.064374,-0.032682,0.214242,-0.068365,0.161933,0.108109,0.193177,-0.083393,0.132740,0.006113,-0.000157,0.076509,0.143836,-0.104338,0.137654,0.334771,-0.092065,0.277468,0.126076,-0.012138,0.131712,-0.021118,0.326112,0.288551,-0.071328,0.163383,-0.060068,-0.059161,-0.201822,-0.149669,-0.205246,0.067165,-0.002119,-0.135624,0.243386,0.209326,0.103680,0.198503,-0.083864,-0.004397,0.007707,0.021488,-0.006959,-0.392422,-0.009514,0.376930,0.140422,0.065218,0.140842,0.040955,0.078754,0.000000,-0.106392,0.025753,0.029255,-0.006660,0.185048,0.022064,0.128967,-0.142854,-0.026599,0.032996,0.154934,0.005148,0.052282,-0.153982,0.207915,0.113024,-0.017272,-0.088990,-0.112910,-0.100858,-0.173225,0.016232,0.127778,0.138676,0.083628,0.164378,-0.246649,-0.216272,0.001891,0.141375,-0.066888,0.049076,0.214904,-0.072371,-0.046037,0.290800,0.179803,0.158801,-0.190172,-0.285332,0.054142,0.040302,-0.112228,0.027778,0.207327,0.051771,0.187404,0.169905,-0.225848,0.268939,0.023847,#
14,0.207914,-0.112957,-0.084505,0.172260,0.134432,-0.087293,-0.168362,0.134174,0.156171,0.182751,0.014754,-0.045832,0.264966,0.072443,1.000000,0.199610,0.050569,0.033007,0.495537,0.190574,0.088844,-0.041657,0.291717,0.138333,0.065274,-0.151177,0.109364,0.048066,0.287954,-0.052537,0.023496,0.240858,0.133831,0.222178,0.340129,0.076884,0.050698,0.076611,0.044468,0.281234,-0.219716,-0.120302,0.105522,0.066115,0.218867,0.128863,0.068008,-0.033968,-0.206471,0.170157,0.186804,-0.092562,0.156840,0.153367,0.161563,0.062753,0.321885,0.119415,0.197963,0.090775,0.150572,0.194959,0.043712,0.241606,0.050951,-0.201645,0.078460,0.055746,-0.249929,0.289396,0.146996,0.034562,-0.000042,0.000321,0.328761,-0.070130,0.274431,0.073072,-0.094882,-0.052825,0.056671,0.159750,0.000377,0.211434,0.121809,0.014669,-0.139381,-0.031977,-0.069514,0.055074,-0.177852,0.054718,0.226820,0.096466,0.000076,0.176255,0.303957,0.090330,0.015917,-0.013127,0.135994,0.223953,0.054737,0.159129,0.306536,-0.142743,-0.110270,-0.121711,-0.256332,0.029762,0.033395,-0.109445,0.000125,0.183339,0.029801,0.084351,0.033509,-0.390981,-0.000189,0.084143,0.232047,0.164538,-0.112013,0.046958,0.046523,-0.069987,-0.076363,0.201333,0.085779,0.164283,-0.084286,-0.080024,-0.018094,0.238818,0.143787,0.070712,-0.196743,0.052978,0.098351,-0.214811,-0.113559,0.080740,0.337540,0.138656,-0.198906,0.231234,-0.051305,0.014573,-0.068542,-0.103831,0.072540,0.086610,0.083362,0.077986,0.050764,0.159419,0.278333,-0.083467,-0.097418,0.150000,0.102465,0.109486,0.193668,0.026602,0.012861,0.104032,0.123962,0.000079,-0.017571,0.210346,-0.174423,-0.091329,0.252829,-0.000100,-0.058763,-0.013688,0.168154,0.032806,0.148526,-0.125686,0.226581,0.176640,-0.053103,0.134952,-0.088525,-0.073428,0.044295,-0.146226,-0.143861,0.015384,-0.170689,-0.033358,0.094420,-0.044490,0.064251,-0.056345,-0.116506,-0.051718,0.234792,-0.028632,#
15,0.284360,0.089413,0.092562,-0.027375,0.135976,-0.083246,0.162416,-0.137466,0.302586,0.277838,0.130017,-0.165852,0.079165,-0.082341,0.199610,1.000000,0.193697,0.128942,0.142892,0.215241,-0.251448,0.082595,0.276687,0.123252,-0.038766,-0.122016,0.064086,0.077649,-0.111628,0.293174,-0.096445,0.246660,-0.088772,0.077597,0.124874,0.193112,0.115642,-0.078785,0.091356,0.021486,0.050854,0.023399,0.032020,0.106280,0.053767,-0.137989,-0.184603,0.220285,0.051807,0.168021,-0.248129,0.281752,0.107855,0.114863,0.076049,0.063496,0.032817,0.048613,0.245930,0.112217,0.130025,-0.028175,0.187072,0.163895,0.044642,0.249643,0.131027,0.124189,-0.104186,-0.182320,0.113731,0.123336,0.007740,0.059957,0.173253,-0.118464,0.018425,-0.023701,0.044024,-0.069727,0.196306,-0.161090,-0.373529,0.086697,0.268642,0.173209,0.107804,0.402032,-0.148548,0.169227,0.120687,0.042948,-0.148924,-0.186786,0.105604,0.166477,0.255092,0.010656,-0.079860,0.059502,0.265046,0.089104,0.073959,0.201807,0.083599,-0.048346,0.043421,-0.035129,0.021650,-0.077192,-0.061410,0.178486,-0.017569,0.026438,0.064689,0.135452,-0.057564,-0.211256,-0.050983,-0.259901,0.210259,0.000103,0.143013,-0.107586,0.097238,0.142862,0.141699,0.364426,-0.118880,0.333774,-0.267604,-0.012452,0.068657,0.239883,0.187655,0.028648,-0.129006,-0.207173,0.038350,-0.049055,0.054225,0.105788,0.135292,0.077047,0.079551,-0.067197,-0.035017,-0.009755,0.070012,-0.079692,-0.094682,-0.110404,0.019973,-0.055120,0.136611,0.016412,0.261796,0.163026,-0.060492,0.046036,0.069802,-0.138008,0.183483,-0.002710,0.030586,0.212214,0.131235,0.095619,0.342027,-0.036323,-0.126449,0.297838,-0.134753,0.110714,0.145743,0.066622,0.252234,0.181412,-0.035904,0.105052,0.101599,-0.148696,0.021789,0.343001,0.054975,0.196983,-0.112786,0.107053,-0.122198,-0.030264,-0.086472,-0.006697,0.120236,-0.071450,-0.204581,0.210973,-0.027089,-0.032799,0.024946,-0.077870,#
16,0.291378,-0.058990,-0.196651,-0.045767,0.014532,0.038850,-0.101294,0.080841,-0.134057,-0.117933,0.012044,-0.101353,0.273219,0.054372,0.050569,0.193697,1.000000,0.067935,-0.135390,0.339190,-0.032620,-0.192075,-0.150954,0.048668,-0.024267,-0.057397,0.153746,-0.144091,-0.143128,0.298625,-0.162812,0.080089,-0.004713,0.125989,0.078223,-0.020033,0.167412,0.021684,-0.007549,0.111272,-0.192391,-0.039687,0.147044,0.092460,-0.072730,-0.045014,-0.071480,-0.032212,0.050889,0.163266,-0.049093,-0.045843,0.085872,0.309543,-0.054933,0.038428,-0.093046,0.028531,0.014055,-0.196142,-0.199666,0.379933,-0.026231,0.098750,-0.074956,-0.025220,-0.310481,0.178545,0.000050,0.123821,-0.225110,0.084465,0.176612,0.036264,0.053799,-0.034678,-0.166150,0.064486,0.028103,-0.076927,0.039732,-0.217425,-0.264197,0.335613,0.203017,0.227425,0.007899,0.267984,0.218575,0.054295,-0.088860,-0.137745,0.123682,-0.174393,0.064171,0.132111,-0.029972,-0.047067,-0.093653,0.055557,-0.258117,-0.019657,0.158078,0.150242,-0.100625,0.141762,0.126352,0.073967,0.052824,-0.052730,-0.018155,-0.012101,0.096438,-0.029559,0.178821,-0.137125,0.210421,-0.104670,0.098384,-0.117191,0.346880,0.179970,0.212418,0.106098,0.333969,0.022484,0.243269,-0.103662,-0.041821,0.087034,0.101848,-0.123919,-0.003107,-0.186009,0.297928,0.040948,-0.025992,-0.037419,-0.025610,-0.016379,-0.050857,-0.084699,-0.005112,-0.095236,0.003175,-0.113684,0.036965,-0.062011,0.230744,0.298781,-0.189063,0.223493,-0.044302,0.001795,-0.117804,0.222979,0.102316,0.109159,-0.072065,0.190428,0.104585,-0.005933,-0.122140,-0.055236,0.010671,-0.152777,0.135292,0.112482,-0.032799,-0.244640,0.101128,0.052039,-0.027834,0.058004,-0.046739,0.010101,0.035794,-0.113762,0.186261,-0.023947,-0.092645,0.062928,-0.088488,-0.207661,0.107189,0.199203,-0.007906,0.168704,-0.015806,-0.037443,0.136924,-0.048745,-0.200304,-0.098132,-0.124920,0.240713,0.036356,-0.214729,-0.206643,-0.027053,#
17,0.264083,0.011365,-0.045294,0.191835,0.057652,0.098411,0.102549,-0.023578,0.088886,0.045721,-0.018127,0.027679,0.269684,0.004023,0.033007,0.128942,0.067935,1.000000,0.044031,-0.012705,0.026289,0.050412,0.137512,0.274102,-0.236795,-0.038211,0.233555,-0.028289,-0.037750,0.000717,0.132323,-0.065838,0.257270,0.083856,0.107779,0.161324,-0.301394,0.329735,0.219657,0.161677,0.247473,0.150978,0.195936,0.184721,-0.035640,0.121575,0.055920,0.269611,0.162222,-0.023861,0.022303,0.136496,0.056543,0.087754,-0.002128,0.054063,-0.003813,-0.036828,0.053238,-0.140909,0.076094,0.035592,-0.138150,0.238109,0.106748,0.325269,0.137138,0.297805,0.126468,0.128930,-0.055019,0.374485,0.015849,-0.196604,-0.024466,0.211419,0.080209,-0.138695,-0.036822,0.085644,-0.051222,-0.005770,0.034546,0.003097,-0.040187,-0.044697,0.268472,-0.040456,0.145355,0.042051,0.136774,-0.016756,0.236145,0.031371,0.140137,0.233817,-0.015780,-0.039862,-0.050343,0.068604,0.244891,-0.087685,-0.139963,0.228771,0.184708,-0.017056,0.141167,-0.003627,0.303728,-0.087738,-0.053752,-0.017673,-0.123833,-0.031316,0.011449,-0.063389,0.072710,-0.036783,0.034505,0.070453,0.036230,-0.003110,0.060992,0.011914,0.231002,0.224712,-0.018068,-0.079338,-0.116270,0.124630,0.298709,0.046447,0.066913,0.054756,0.008428,-0.020746,0.199768,-0.013762,0.158890,0.174229,0.264130,0.152685,0.214547,0.185011,0.059262,0.173149,-0.020261,0.194879,-0.118460,0.005358,0.074587,-0.120365,0.005129,-0.066516,0.248981,0.247783,0.074797,0.161366,0.138648,-0.114424,0.008100,0.071863,0.032310,0.295199,-0.040073,0.067790,-0.044371,0.065333,0.301235,-0.141239,0.051497,-0.159973,0.037618,-0.029388,0.132156,0.022343,0.385511,0.009979,-0.060535,0.193630,0.265767,0.275378,0.026035,0.088149,0.052374,0.134798,0.184614,0.105846,0.121936,-0.116717,-0.069550,0.200982,0.122871,0.090195,0.171282,0.208046,-0.193567,0.166001,-0.100774,0.101303,#
18,0.247215,-0.012748,-0.072327,0.338938,0.046156,-0.207826,0.069993,-0.224269,0.083479,0.169632,-0.001646,-0.043434,0.184850,0.049785,0.495537,0.142892,-0.135390,0.044031,1.000000,0.052914,0.143337,0.052449,0.121951,0.166399,-0.105638,0.008362,-0.072587,0.087025,0.034937,-0.223993,-0.121538,-0.003694,0.128963,0.198573,0.245054,0.178824,0.063127,0.052896,-0.039768,0.348627,0.022945,-0.005801,0.209044,-0.148459,0.191260,-0.027763,-0.095512,-0.121394,-0.239655,0.205621,0.076771,-0.034440,0.112280,-0.072864,0.291282,0.123693,0.083982,0.101431,-0.127716,0.056286,0.201975,-0.031375,0.268043,0.190439,0.347716,-0.075340,0.246014,-0.107866,-0.215192,0.103706,0.048190,0.019932,-0.083016,-0.097490,0.115614,0.023490,0.155710,-0.073367,-0.122625,-0.038502,0.024437,0.045475,0.014607,0.161742,0.026193,-0.125512,0.068979,-0.018629,-0.017822,0.140879,0.204144,-0.075998,-0.089942,-0.085348,0.077725,0.292790,0.209522,-0.064823,0.012298,-0.053655,0.160744,0.225782,0.153672,0.021613,0.365848,-0.081751,0.181019,-0.167763,-0.087781,-0.198966,0.198941,-0.087593,0.183695,-0.010716,-0.054793,0.082613,-0.071643,-0.295904,0.086965,0.041395,0.116532,-0.002112,0.016800,-0.220366,-0.095219,-0.106832,-0.211417,0.260534,0.117682,0.057041,-0.206738,0.188274,-0.202272,0.234159,0.047639,0.080787,-0.032180,0.136875,-0.163861,0.047408,-0.053998,0.094256,0.160173,0.147999,-0.067383,0.204449,0.038668,0.155926,-0.355066,-0.029553,-0.064412,-0.007643,0.028525,0.061956,0.037657,0.091039,0.074423,-0.002010,-0.140568,0.069273,0.119859,0.124698,0.086897,0.179240,0.021239,0.245032,0.023518,0.008033,0.085537,0.320499,-0.218051,-0.096838,0.043740,0.214879,-0.021634,0.274073,0.178320,-0.048718,0.178300,-0.088111,-0.018386,-0.055580,0.089470,-0.084573,0.042233,-0.236876,0.301291,-0.098334,0.072589,-0.028129,-0.041050,0.075019,0.084671,0.174168,0.095375,0.154382,0.030924,-0.072551,0.122189,0.069184,#
19,0.210200,0.012131,-0.034041,-0.084816,0.285624,0.262117,-0.073422,-0.085459,0.066777,0.170371,0.103683,-0.400666,0.133939,-0.078658,0.190574,0.215241,0.339190,-0.012705,0.052914,1.000000,-0.000540,-0.375320,0.159285,-0.013784,-0.088092,-0.058507,0.084793,0.018594,-0.113155,0.123865,0.207968,-0.098958,-0.045198,-0.020309,-0.064745,0.113312,0.116921,-0.132424,0.084271,0.082431,-0.003590,0.029747,0.188366,-0.024206,-0.104876,0.100855,0.059194,-0.128689,0.119782,0.256363,0.055620,0.017560,0.048242,0.037912,-0.038711,0.181164,0.051120,-0.078227,0.188738,0.039562,-0.018930,0.391191,0.147228,0.257327,0.137200,-0.263082,0.042353,0.002703,-0.270812,-0.136175,0.188607,-0.039594,-0.078638,0.065194,0.027569,0.127466,-0.047777,0.121566,0.313438,0.118933,0.107043,-0.154169,0.082935,0.185615,-0.021503,0.208428,-0.028542,0.178016,0.041945,-0.242315,0.030667,-0.005091,0.032216,-0.132571,-0.100716,0.287529,0.299524,0.102397,-0.292680,-0.069696,-0.055305,-0.086005,0.105485,0.128493,0.152187,0.245991,0.126936,0.067001,-0.034472,-0.114849,-0.084882,0.076324,-0.046277,-0.058643,0.095955,-0.170440,0.168869,-0.003288,0.102256,-0.369426,0.093666,0.014421,-0.065277,0.072362,0.176601,-0.043203,0.203402,-0.114645,0.042586,0.109342,0.160753,-0.096091,-0.066566,0.117166,0.377966,-0.136705,-0.029517,0.108814,-0.132269,-0.247561,-0.145478,0.070271,0.128882,-0.060705,0.133532,-0.009928,-0.053223,0.009603,0.053333,0.063744,0.062995,0.239671,0.129360,0.020625,0.133647,0.053591,0.186815,-0.061766,-0.051706,0.125792,0.302211,-0.274566,0.062622,-0.087526,0.127662,0.036228,0.074902,0.120994,0.215116,-0.086391,-0.048239,0.015438,0.327757,0.225752,-0.009797,-0.131408,0.133286,0.032784,0.290589,-0.176249,-0.055755,-0.012207,0.081425,0.223426,0.221821,0.058002,-0.097563,-0.039178,0.033039,-0.015012,0.082269,0.135478,-0.176062,-0.159947,-0.097075,0.125220,-0.440309,-0.084347,0.217791,0.140632,#
20,-0.108157,-0.102938,0.164891,0.080327,0.283069,-0.112849,0.201308,-0.120127,-0.186913,0.032568,0.061876,0.081802,0.056449,0.169067,0.088844,-0.251448,-0.032620,0.026289,0.143337,-0.000540,1.000000,0.181972,-0.096759,-0.087636,-0.023194,0.231235,0.076483,-0.161196,-0.025419,-0.113957,-0.200388,-0.239198,0.030820,0.081252,0.042910,-0.018490,0.106293,0.273332,0.290895,0.262982,-0.062813,-0.053877,0.031438,-0.183461,0.175422,0.112649,0.269961,-0.152837,-0.231704,-0.006247,-0.184169,-0.087031,-0.158768,0.242499,0.201796,0.054947,0.103198,0.147405,-0.056326,-0.046229,0.179512,0.130527,-0.021628,-0.030883,-0.143125,-0.136429,-0.138282,0.071864,-0.052373,0.135487,0.284679,0.272214,-0.061057,-0.022664,0.083201,-0.023372,-0.096763,-0.065747,-0.038628,-0.108992,0.013267,0.084843,0.200335,-0.139807,0.107322,0.017164,0.039377,-0.079508,0.202844,-0.068707,0.105535,-0.034028,0.003477,0.056484,0.365826,-0.051702,-0.075756,0.081488,0.060840,0.023092,0.105519,0.072918,0.148662,-0.231471,0.196747,-0.000711,0.122230,-0.000098,-0.150502,0.125479,0.163309,0.270625,0.022892,-0.239237,-0.028213,0.164608,0.350003,0.144851,0.038390,0.188790,-0.112498,0.070003,-0.136459,-0.008152,-0.044323,-0.039728,-0.061135,-0.041503,0.333136,0.092292,0.193590,-0.008288,-0.221720,0.184094,0.052289,-0.181758,0.082974,-0.140176,-0.056280,-0.034514,0.102472,0.037660,0.247079,0.031878,-0.027745,0.141497,-0.024742,-0.092042,-0.226212,0.306027,0.169242,0.036128,-0.062551,0.193306,0.104020,0.003584,-0.179340,-0.117640,-0.182862,0.099394,0.009906,0.101991,0.007672,0.052046,-0.055948,-0.079674,-0.174855,0.050731,0.033909,0.003567,-0.022971,-0.304385,0.070230,-0.027063,-0.024754,-0.036303,-0.071770,0.022431,0.085519,-0.114430,-0.036827,0.082802,-0.127549,-0.038937,0.101258,-0.159203,0.143267,0.046444,-0.003815,0.248210,-0.140815,-0.023827,-0.149411,0.304646,-0.048306,0.038886,0.003683,0.055555,0.216773,0.226988,#
