0,1.000000,0.131208,0.079386,-0.224025,0.031108,0.133632,0.250697,-0.096615,-0.033363,0.065330,0.252514,-0.023684,-0.096874,0.080044,0.092014,0.232910,0.300216,0.152840,0.002905,0.227278,-0.040741,-0.072343,-0.044371,0.365207,0.009406,-0.149494,-0.059500,-0.110804,-0.157475,0.152115,-0.002595,0.277515,-0.004046,0.063308,0.365526,0.092443,-0.116875,-0.097983,0.167264,-0.084517,0.183604,-0.076919,0.297313,-0.442454,0.163390,0.016607,-0.023944,0.173958,0.223633,0.171362,-0.037056,0.253622,0.065826,0.039318,0.249376,0.083453,0.037098,0.155361,0.123106,-0.035182,0.206384,0.312908,0.126366,0.070939,0.011571,0.082167,0.188928,0.078945,0.043757,-0.079683,-0.030543,0.041080,-0.011748,0.206509,-0.021402,0.052960,0.254203,0.134529,-0.020204,0.098302,0.040856,-0.068452,0.003307,0.159791,0.212173,0.206541,0.214850,0.220665,0.144513,0.068616,-0.204724,-0.155737,0.149850,-0.141380,-0.153215,-0.031471,0.149996,0.061065,0.118315,0.292092,0.017462,0.024358,0.239366,0.236350,-0.185401,0.150881,-0.028168,0.134197,0.259973,-0.068896,-0.033078,0.173442,0.004790,0.212212,0.112218,0.142660,0.110110,0.016493,0.140603,0.205205,0.034916,0.020431,0.277069,0.083469,0.250106,0.202079,0.115891,-0.160270,-0.028996,0.147839,-0.054668,0.011465,-0.080948,0.026698,0.164935,0.079843,0.016752,-0.064078,-0.216333,0.196071,0.094764,-0.145682,-0.093350,0.106500,0.094962,-0.271319,0.057793,0.059729,0.010548,-0.227612,-0.004702,0.260724,0.223902,-0.108523,-0.088463,0.032833,0.220225,0.205570,0.229750,0.000860,0.298556,0.225752,0.199635,0.051944,0.037896,0.127508,0.101466,0.145795,0.158154,0.084034,-0.177423,0.020208,0.115464,0.077123,0.020838,0.142089,0.254012,0.116904,0.295605,-0.043290,0.002410,0.135969,0.242830,-0.030407,0.051301,-0.285148,-0.122544,0.195468,0.174455,-0.126382,-0.238618,0.162369,-0.020183,0.224221,0.182421,0.316721,-0.027798,0.101758,-0.163928,0.213840,#
1,0.131208,1.000000,-0.130346,-0.101199,-0.131556,-0.099347,-0.005740,0.072039,0.177490,0.162255,0.116330,0.131896,0.067027,-0.365574,-0.033989,0.031537,0.025053,-0.011177,0.003784,0.026570,-0.278987,0.141948,0.024881,-0.033182,0.049159,-0.102730,-0.354934,0.020272,-0.170112,-0.093432,0.096747,0.040034,-0.179941,0.028084,-0.077338,-0.107310,0.157067,0.002653,0.073415,0.084140,0.059480,0.064585,0.101677,-0.057156,-0.114971,-0.092312,0.133697,0.052976,0.139534,0.159170,0.055443,0.128890,-0.023705,-0.194073,0.077789,-0.104291,-0.088144,-0.078469,-0.149415,0.020102,0.041039,0.067187,0.095651,-0.161932,-0.050100,0.330983,0.142949,0.156227,0.128625,0.066924,0.046138,0.192859,0.219655,-0.111774,0.046897,0.083640,0.040984,-0.115045,0.208123,-0.074804,-0.058437,0.022259,-0.238764,0.188303,0.188069,0.084840,0.075315,0.244421,0.087141,-0.007208,-0.114937,0.074680,-0.258713,0.028521,0.051475,0.163236,0.009142,0.001655,-0.031574,-0.088438,0.105537,-0.089817,-0.075111,-0.094279,-0.068075,0.173697,-0.018781,0.114429,0.255093,0.043076,-0.118111,0.049357,-0.005835,0.228693,-0.025626,0.221197,0.044176,-0.161919,0.045810,-0.177829,-0.002318,0.139862,0.212615,0.055983,0.197336,0.207689,-0.037443,0.149555,0.122180,0.056582,-0.205474,0.136024,-0.006809,-0.073822,0.006232,0.092128,0.070632,0.177623,-0.103652,0.127320,0.227296,-0.152092,-0.041445,0.128678,0.120833,-0.136389,-0.117086,0.112448,-0.107062,-0.282128,0.179285,0.123827,-0.006843,-0.093045,0.262719,0.089119,0.130024,0.148685,-0.176075,0.071196,-0.165217,0.197503,-0.038560,0.193538,0.033773,0.149290,0.044092,-0.150276,-0.098589,0.074366,-0.072596,0.035223,0.003964,0.208329,0.012508,0.210327,0.074641,-0.101892,0.038041,-0.093438,0.101703,-0.151068,0.109511,-0.123627,-0.050987,0.145829,-0.012887,-0.232209,0.338143,0.119464,0.138119,0.247743,0.086205,-0.104760,-0.022161,-0.176410,0.155464,0.363647,-0.147883,0.154228,#
2,0.079386,-0.130346,1.000000,0.209214,0.357356,0.064146,0.148942,0.078470,0.131221,0.216522,0.074252,0.027746,-0.114387,0.226802,-0.023507,0.131981,-0.115125,0.084096,0.169368,0.187763,0.256634,0.126447,0.241444,0.156272,-0.091547,0.263793,0.224375,-0.143159,-0.170345,0.171023,0.008616,0.052713,0.288932,0.202990,0.310402,0.062617,0.101026,0.121198,0.176099,0.014744,-0.018206,-0.018106,0.038218,-0.049348,0.010102,0.292826,-0.030066,-0.037587,-0.170163,0.044187,-0.030764,0.255376,0.112216,-0.037898,0.179977,0.229954,0.266076,-0.082292,0.296606,0.220229,0.409207,0.135212,0.224169,-0.049471,0.165091,0.163461,-0.133411,0.022188,-0.016827,-0.042145,0.371806,0.236468,-0.117691,0.184659,0.392662,0.032585,0.011158,0.052880,0.034281,0.299484,0.175544,0.015815,0.339113,-0.315387,0.282650,0.221401,0.140768,0.096169,-0.077534,-0.045961,0.215969,0.096772,0.097345,0.083874,0.133628,0.007063,0.047641,-0.001643,0.059714,0.065050,0.425904,0.131023,0.091565,0.196214,0.068986,0.279291,0.332590,0.249718,0.193815,0.005859,0.105516,0.038950,0.275827,0.122282,0.026178,0.088544,-0.087912,0.120890,0.016188,0.207859,-0.134048,-0.082893,0.123229,0.249983,0.097106,0.123064,0.191979,0.074418,0.171219,0.211072,-0.061692,0.184054,0.168725,0.291469,0.140077,-0.155940,0.224997,0.059835,-0.049760,0.049255,0.022284,0.253986,-0.084169,0.134767,0.100780,-0.006859,0.107930,-0.026416,0.053445,0.173327,0.093361,0.172146,0.271198,0.230220,-0.158096,0.034290,0.033891,0.093181,0.262050,0.100695,-0.201422,0.166828,0.300868,0.132698,0.014006,0.258446,-0.174847,-0.153420,0.147398,0.215163,0.012344,0.128986,0.211336,0.045259,0.023289,0.254108,0.002394,-0.025633,0.085478,-0.086596,-0.001373,0.299134,0.058734,0.126263,0.064518,0.006241,0.193128,0.074130,0.044507,0.125669,0.049911,0.101598,0.141765,0.341512,0.085469,0.129172,-0.041363,0.033906,0.122695,0.043821,#
3,-0.224025,-0.101199,0.209214,1.000000,0.097038,-0.228460,-0.061950,-0.018187,0.233680,0.290654,0.119801,0.055198,-0.229734,0.109941,0.021456,-0.109581,-0.229366,-0.127672,0.252204,-0.010053,0.106604,0.291217,0.118503,0.128807,0.051903,0.112046,0.201147,0.054437,0.024137,0.176599,0.203295,-0.043841,0.074934,0.090218,0.014250,0.161975,0.066022,0.084845,0.271499,-0.008484,-0.002928,0.239425,0.039516,-0.092431,-0.011264,0.100863,-0.243211,-0.001100,-0.203859,-0.135471,-0.046340,-0.100883,0.006255,-0.104630,0.035710,0.168028,0.286429,0.147633,0.180592,0.118487,0.272764,-0.224079,-0.033415,-0.159633,0.189657,-0.196338,-0.064386,-0.229405,-0.265603,0.074524,0.150368,0.164451,0.068327,-0.061506,0.006076,0.038925,-0.053664,0.031297,-0.150837,-0.000358,-0.032165,0.192701,0.266753,-0.119682,0.101297,-0.089455,-0.029123,0.100911,-0.074877,0.015426,0.381026,0.185548,-0.153271,0.080795,0.119210,0.088146,-0.014816,0.002288,-0.030597,-0.246948,0.129991,0.087653,-0.023027,-0.184899,0.407281,-0.024174,0.182975,0.167096,0.088884,0.044984,0.129667,-0.255350,0.147172,0.149742,-0.031903,0.258120,-0.141792,0.175905,0.139968,-0.061872,-0.093860,0.071315,0.097929,-0.257591,-0.124135,0.104638,0.037187,0.265696,0.093283,-0.200160,-0.011724,0.194112,0.017404,0.009652,-0.058119,0.094839,-0.145293,-0.043326,-0.112045,0.058573,-0.248602,0.273106,0.170080,-0.105962,0.014020,0.135892,0.037958,0.398201,-0.122765,0.100567,0.026761,-0.276404,-0.016947,0.115856,0.180326,-0.143086,-0.103643,-0.155844,0.452719,-0.009892,-0.139446,-0.058446,-0.219860,0.176733,-0.016564,0.011675,0.202030,0.014087,0.141846,0.253285,-0.107999,-0.218814,0.026347,0.130388,0.058817,0.154024,-0.059684,0.020538,-0.135697,0.080610,-0.150723,0.145958,-0.089866,-0.028700,-0.048539,-0.234921,0.065799,-0.096941,0.153771,0.280948,0.188033,0.157621,0.276938,0.233419,0.117269,-0.071215,0.049620,0.081603,0.040741,0.085157,#
4,0.031108,-0.131556,0.357356,0.097038,1.000000,0.152484,0.043633,0.150580,0.161045,0.370015,-0.061647,0.269933,0.216610,0.252537,0.229143,0.205793,0.156743,0.052660,0.196488,0.348579,0.400908,0.262202,0.204401,0.309993,-0.192149,0.161705,0.175619,-0.089792,0.132333,0.054355,0.143197,0.272056,0.442230,0.243057,0.127697,0.063228,0.321378,0.112758,0.408972,0.137178,0.028020,0.007933,0.133483,0.179588,0.240973,0.333604,0.238254,0.294797,-0.016453,-0.008405,0.014635,0.123559,0.221839,0.205512,0.259381,0.038887,0.129988,0.178921,0.264349,0.340345,0.346917,0.219361,0.262533,-0.029115,0.196177,0.219191,-0.139656,0.244748,0.075533,0.097589,0.341787,0.253258,0.243340,0.082856,0.392331,0.129479,0.014059,0.153869,0.114770,0.362577,0.042495,0.229827,0.102432,0.067354,0.263549,0.244044,0.147385,0.118459,0.137457,-0.138888,0.208566,-0.096444,0.219460,0.075365,0.278019,0.120637,0.171020,0.136353,0.137614,0.144107,0.311407,0.231024,0.203387,0.156787,0.027052,0.286018,0.156531,0.047839,0.214498,0.345084,0.097130,0.169028,0.299397,0.249352,0.027184,0.135901,0.278144,0.218202,0.027856,0.145700,-0.149166,0.196452,0.174575,0.117380,0.084062,-0.039885,0.236984,0.200271,0.410917,0.300401,0.118957,-0.094914,0.221388,0.464800,0.324085,0.115101,-0.013560,-0.079584,0.100334,-0.106693,-0.134705,0.123868,0.207591,0.041573,0.163467,0.104744,0.206073,0.062125,-0.062416,0.420256,0.006822,0.236584,0.324828,0.286875,0.255368,0.151085,0.260613,0.048468,0.066953,0.192777,0.131825,0.173175,0.234866,0.093597,-0.162933,0.106660,-0.119273,0.064978,0.049850,0.306522,-0.006663,0.224368,0.382324,0.197852,0.210755,0.301390,0.231440,0.155273,0.134884,0.117741,-0.011124,0.113961,-0.006788,0.054080,0.192676,0.261270,-0.045484,0.150959,0.097887,0.303786,-0.156162,0.028539,0.091958,0.322679,-0.007429,0.249242,0.217540,-0.120062,0.377137,0.390644,#
5,0.133632,-0.099347,0.064146,-0.228460,0.152484,1.000000,-0.135245,0.074340,0.004370,0.063893,0.215159,0.003927,-0.031077,-0.005929,-0.019630,0.317440,0.078130,0.272330,-0.237735,0.341617,0.024623,-0.071583,0.206458,0.416580,0.096724,0.048582,0.265221,0.018691,0.117042,0.064941,0.291753,0.259951,0.211542,0.316987,-0.015240,0.148072,0.080454,0.049308,0.143576,-0.047411,0.168446,0.081690,-0.178333,0.189262,0.197594,0.267423,0.296821,0.389825,0.185508,0.011478,0.048232,0.146494,0.070366,0.181902,-0.193793,0.237197,0.286641,0.015734,0.402774,0.257270,0.135526,0.341489,0.197189,0.139541,0.213911,0.117932,-0.123839,0.241825,0.192010,-0.264690,0.169040,0.182459,0.183452,0.027845,0.097124,0.341186,0.218353,0.464472,0.101998,0.122147,0.344877,0.064200,0.042460,0.203761,-0.106197,0.195928,0.221124,0.341622,0.257564,-0.098016,0.013461,0.133566,0.347338,0.254729,0.084563,0.022737,0.027359,0.270967,0.342199,0.373574,0.253278,0.295531,0.018763,0.274758,0.126006,0.316299,0.258294,0.201936,0.193200,0.188499,-0.177345,0.281517,0.069197,0.114251,0.142065,0.051737,0.141491,0.051383,0.091826,0.153278,-0.034000,0.155535,0.087381,0.123938,-0.096305,0.034170,0.376912,0.080875,-0.008902,0.090261,0.180195,0.256855,0.236283,0.215828,0.086253,0.185058,0.185830,0.105170,0.155253,-0.160992,0.165530,-0.062816,0.165734,0.225003,0.222839,-0.087518,-0.064004,0.072307,0.195948,-0.073407,0.147564,-0.001087,0.083720,0.120180,-0.110201,0.202309,0.434005,0.154509,0.198862,0.156776,0.175661,0.147184,0.083803,0.089572,0.213499,0.165320,-0.271289,0.266195,0.219722,0.207334,0.300044,0.122028,-0.006305,0.290872,0.117518,0.066847,0.149255,0.172652,0.205768,0.261814,0.358936,0.183149,0.316230,0.066603,0.254577,0.091189,0.084643,0.264364,-0.046489,0.079870,-0.034812,0.171099,-0.013140,0.138749,-0.095037,0.263280,0.139035,0.081845,0.182959,0.133793,#
6,0.250697,-0.005740,0.148942,-0.061950,0.043633,-0.135245,1.000000,-0.044729,0.075888,-0.098995,-0.003846,-0.102706,0.144355,0.156167,0.015840,0.043008,0.090675,0.222570,0.019591,-0.052495,0.246376,0.197312,-0.134724,0.155441,0.007681,-0.032457,0.065934,-0.047788,-0.107167,0.289118,0.067799,-0.125306,0.039516,0.051866,0.278452,0.201843,-0.112866,-0.004192,0.108059,0.084807,0.060226,-0.022948,0.246468,-0.265768,0.333601,0.094825,-0.021665,-0.159926,0.159510,0.137503,-0.037318,0.271829,0.062801,-0.032745,0.181654,0.133139,0.125267,0.067497,0.156719,-0.026772,0.290018,-0.094141,0.014273,0.022559,0.315597,0.036191,0.197622,-0.030374,-0.068784,-0.036120,0.136136,0.120060,-0.134196,0.267169,0.133920,0.156736,-0.008652,-0.117413,-0.038974,0.131220,0.172874,0.007371,0.035693,-0.281136,-0.093124,0.262171,0.097092,-0.065018,-0.047787,0.015875,-0.096360,-0.223926,-0.170876,-0.150827,-0.084460,-0.150510,0.371966,0.109918,-0.119318,0.356293,0.080658,0.045468,0.357361,0.005345,-0.120123,-0.105643,-0.001797,-0.126825,-0.043793,-0.097436,-0.030696,0.086865,-0.122070,0.004558,0.232848,-0.172091,0.369108,-0.072783,0.169013,0.049450,0.216775,-0.040390,0.103186,0.155630,0.272110,0.380396,-0.085840,0.123238,-0.011647,0.099345,0.007324,0.027502,0.174805,-0.005826,0.119616,-0.015493,-0.011252,-0.167581,0.196822,0.029783,0.129223,0.003691,-0.032188,-0.157356,-0.030165,0.126128,-0.009387,0.153797,-0.042982,-0.108822,0.246205,0.112777,-0.073683,-0.179801,0.000030,-0.002316,-0.074127,0.211624,0.160815,0.033205,-0.159329,0.176725,0.099190,0.152011,-0.009117,0.186040,0.154992,-0.020364,0.024291,-0.106875,0.119073,-0.024611,-0.139661,-0.100112,0.208952,0.027433,-0.012196,-0.013857,0.065987,-0.060099,0.119588,-0.081087,0.151296,-0.020505,0.157824,-0.055817,-0.055070,-0.012933,-0.213685,0.114051,-0.164789,0.185025,-0.049405,0.298812,0.074978,-0.089593,0.100140,0.147251,0.163785,0.035852,#
7,-0.096615,0.072039,0.078470,-0.018187,0.150580,0.074340,-0.044729,1.000000,0.402723,0.217815,0.062459,-0.027277,0.093320,0.125866,0.280257,-0.075838,0.150857,-0.003242,0.032548,-0.009483,0.053155,0.219566,0.242392,0.228732,0.165114,0.115164,-0.005013,0.021857,0.006166,-0.107849,-0.171828,0.235656,-0.047132,0.103183,-0.014535,0.044439,0.075490,0.102816,0.284544,0.148697,-0.214437,0.051364,0.023368,0.219495,0.181163,0.277483,0.207461,0.107889,-0.126570,0.098089,0.164982,0.066278,-0.127884,0.111456,0.067368,0.080790,-0.070421,0.137142,0.108637,0.097151,0.093550,0.153343,0.000265,-0.176979,-0.041429,0.176949,-0.135460,0.187013,0.241882,0.358621,0.019932,0.024502,0.452001,-0.024999,0.350398,0.105418,-0.099721,0.018706,0.189206,0.193713,0.073427,0.153657,-0.038150,0.057502,0.054999,0.045590,0.085262,0.110525,-0.023157,0.079388,-0.195916,0.056962,0.031513,0.010540,0.219754,-0.268060,0.040303,0.151920,0.066112,0.067006,0.159234,0.143895,-0.005682,0.043408,0.117097,0.274856,-0.060445,-0.129979,0.078324,-0.000002,0.255565,-0.022506,0.153208,0.030644,0.343622,0.047314,0.132394,-0.260748,0.050818,0.324436,0.030478,0.064950,0.047206,0.311057,0.205253,-0.041177,0.220062,0.202101,0.072817,-0.103157,0.007647,-0.052860,0.326130,0.099535,0.110875,0.136903,-0.156057,0.055985,-0.118158,0.015446,0.180406,0.115679,0.280421,0.045767,0.086191,0.161244,0.032746,0.072107,0.115798,0.218611,-0.048432,0.097526,0.098253,0.232964,-0.085885,0.252303,0.064844,0.212763,-0.069390,0.247143,0.146624,-0.146116,0.097903,0.133742,-0.115659,0.244694,-0.005373,-0.257953,0.006326,0.077593,0.235251,0.124573,0.152868,0.215537,0.166481,0.059313,0.057265,-0.039104,0.014529,0.103460,0.358651,0.021033,-0.016070,-0.060971,0.027130,0.255452,-0.095581,-0.172508,0.102561,0.319268,-0.014152,0.101844,-0.041014,-0.156407,-0.002796,0.103370,0.026306,0.232700,-0.008606,0.117454,#
8,-0.033363,0.177490,0.131221,0.233680,0.161045,0.004370,0.075888,0.402723,1.000000,0.284900,0.039857,0.202699,-0.004119,0.344887,0.278172,0.176017,-0.101765,0.118265,0.052735,0.105700,0.056194,0.402258,0.311331,0.179488,-0.117077,0.380722,0.100938,0.244718,-0.022057,0.198589,0.035155,0.025347,0.168236,0.194295,-0.104892,0.171948,0.204292,0.169010,0.152511,0.231107,0.025272,0.386852,0.193491,0.019490,0.093244,0.009466,0.013100,0.286421,0.079862,0.231325,0.131411,0.290712,-0.109154,0.203830,0.026431,0.318536,-0.001644,0.335611,0.019289,0.314719,0.318583,0.076165,0.363542,0.002553,0.111855,0.267978,0.059560,0.219069,0.264644,0.351798,0.217742,0.228989,0.233788,0.298687,0.149432,0.202998,-0.007432,0.158585,0.280141,0.226049,0.091323,0.209905,0.092205,0.017100,0.002778,0.185497,-0.076217,0.051704,-0.118109,0.206419,0.140078,0.135202,-0.005617,0.322773,0.332002,0.094934,0.119810,0.158378,0.034048,0.056627,0.298735,0.235746,0.035087,0.301105,0.172443,0.251553,0.211260,0.308627,0.279475,0.224229,0.185849,0.222989,0.229956,0.118633,0.474700,0.366064,0.202917,-0.035139,0.065311,0.310634,0.203912,0.067958,0.328265,0.166587,0.179747,0.312186,0.250959,0.172898,0.229543,0.076879,0.051910,0.075674,0.365537,0.326127,0.389094,-0.007211,-0.153935,0.034239,-0.145439,0.122052,-0.101243,0.165212,0.311328,0.193332,0.153757,0.164433,0.350514,0.238799,0.060029,-0.052633,0.130317,0.058222,0.085750,0.319622,0.352627,0.222706,0.028412,0.300321,0.073971,0.344010,0.002699,0.166316,0.197386,0.225738,0.165691,0.210828,0.193197,-0.068787,0.261845,0.347504,0.204595,0.247183,0.258691,0.343301,0.372239,-0.016595,0.041121,0.109631,0.259031,0.137080,0.286955,0.236709,-0.121529,0.137124,0.293803,0.145225,0.074472,0.034098,0.189541,0.253663,0.067728,0.088967,0.297228,0.183655,0.064136,0.170972,0.130501,0.270524,0.305891,0.216061,#
9,0.065330,0.162255,0.216522,0.290654,0.370015,0.063893,-0.098995,0.217815,0.284900,1.000000,0.101761,0.144979,0.057495,0.076794,0.281395,0.185961,-0.015199,-0.046930,0.329402,0.198108,0.281577,0.221902,0.459277,0.546497,-0.071933,0.235287,0.171398,0.191685,0.200414,0.021300,0.092057,0.247060,0.159910,0.268469,0.246119,0.162220,0.130318,0.039555,0.367590,0.091184,0.302412,-0.007365,0.229376,0.030381,0.212695,0.033267,0.108297,0.086336,-0.243862,0.058447,-0.118431,0.124198,-0.033628,0.158212,0.143498,0.178906,0.047068,0.141153,0.260785,0.243809,0.130144,0.077402,0.310453,0.118364,0.198110,0.269870,0.123923,0.203470,0.185656,0.147563,0.327051,0.185548,0.236976,0.022994,0.269126,0.060884,-0.135644,0.273689,0.186454,0.191779,-0.114504,0.159703,0.011377,0.078418,0.268319,0.080814,0.030172,0.399490,-0.040698,-0.075070,0.086743,0.361274,0.045380,0.095569,0.198089,0.004479,0.199050,0.312899,0.293643,-0.021612,0.269479,0.220828,0.166554,0.097193,0.292563,0.248849,0.163825,-0.001817,0.218183,0.270775,0.263700,0.273615,0.482553,0.336258,-0.023986,0.288981,0.147748,-0.084085,-0.048072,0.027567,0.132467,0.023560,0.311222,0.206545,0.177352,0.046325,0.150096,0.116616,0.291036,0.171608,0.169046,0.084658,0.277484,0.484066,0.230491,0.125697,-0.042778,-0.019424,-0.064871,0.274542,-0.102916,0.237491,0.144901,0.234280,0.016776,0.000228,0.204775,0.015016,-0.152218,-0.028198,0.079388,-0.025260,0.077971,0.167096,0.302271,0.047225,0.160140,0.103758,0.346069,0.138294,0.090412,0.064642,0.117134,0.281507,0.099568,0.078784,0.079891,0.139155,0.345296,0.256375,0.148889,0.231048,0.059612,0.302558,0.238068,0.351815,0.085424,0.130481,0.249841,0.185139,0.163248,-0.052788,0.062808,0.039919,0.109213,0.199210,-0.084592,0.016061,0.465259,0.225169,0.030301,0.189472,0.256116,0.089278,-0.040315,-0.055644,0.091383,0.306086,0.033028,0.163923,#
10,0.252514,0.116330,0.074252,0.119801,-0.061647,0.215159,-0.003846,0.062459,0.039857,0.101761,1.000000,-0.085392,-0.484029,-0.160835,-0.040701,0.204829,-0.020324,-0.123748,-0.177580,-0.016423,-0.004482,-0.109705,0.081033,0.250724,-0.082407,-0.133708,0.018182,0.217992,-0.105849,0.129258,0.050805,0.201901,0.034448,0.127942,0.113315,0.009411,-0.066053,0.056047,0.087294,-0.143431,0.180127,0.011008,-0.219505,-0.185196,0.233473,0.059934,0.014873,0.323433,0.150017,0.452379,-0.236636,0.102354,0.138693,-0.059390,0.010788,0.070662,0.093469,-0.036469,0.050591,0.045839,0.114453,0.091306,0.303566,0.098332,0.042994,-0.084398,0.007293,-0.178901,-0.099044,-0.050408,-0.059917,0.263676,0.079960,-0.040080,0.016785,0.083268,0.004651,0.050276,-0.024857,0.000490,0.206762,0.093659,0.076729,0.077808,0.114465,0.051758,0.013678,0.373585,0.005701,0.180739,0.135904,0.227097,-0.100983,0.115529,0.085895,0.094820,-0.171090,-0.136652,0.466924,0.240622,0.247220,0.198548,0.012071,0.105612,0.384965,-0.148490,0.210258,0.141959,0.139643,0.109107,-0.255547,0.074960,-0.105103,0.006020,0.025578,0.330106,0.081445,-0.014974,0.152630,0.043602,-0.011914,0.138582,-0.045611,-0.062758,-0.164880,0.159977,0.322881,0.300766,0.015389,-0.152104,-0.228191,-0.041537,0.052942,0.062591,0.156964,0.154259,-0.137631,0.077538,-0.191129,0.103632,0.246121,-0.241425,-0.062952,-0.018761,-0.186388,-0.244354,-0.056947,-0.049869,0.022554,-0.038246,0.053896,-0.081707,0.162141,0.162280,-0.194428,-0.041982,0.330988,0.130156,0.224903,0.103576,0.138518,-0.014150,-0.029945,0.122608,-0.188156,0.167626,0.064356,0.216877,0.344820,0.225183,-0.061627,-0.143051,-0.117120,0.193112,0.215279,0.025184,0.243472,0.211683,-0.074335,0.245553,-0.082870,-0.130516,0.195434,-0.085972,0.001026,-0.091783,-0.116219,-0.092597,-0.038800,0.091236,-0.051892,0.127335,0.104260,-0.024546,0.166737,-0.041167,-0.050561,0.258251,-0.027372,0.110077,#
11,-0.023684,0.131896,0.027746,0.055198,0.269933,0.003927,-0.102706,-0.027277,0.202699,0.144979,-0.085392,1.000000,0.035959,-0.045372,0.063960,-0.040381,-0.181163,0.180885,0.202646,-0.048947,0.005836,0.145359,-0.086035,-0.202655,-0.047686,0.099044,-0.283484,0.136448,-0.084561,-0.002186,0.039484,0.117390,0.028071,0.118983,0.003938,-0.137544,0.275130,0.055155,0.053836,0.295740,0.104319,0.104881,0.102320,-0.123131,0.056370,0.123166,0.376143,-0.050893,0.080741,0.215750,0.049425,0.109935,0.143203,0.221609,0.073730,0.012627,-0.060814,0.230691,-0.008564,-0.003508,0.101324,0.053784,0.132371,-0.301712,0.016221,0.055074,0.115470,0.208184,0.148854,0.090718,0.254535,0.155627,-0.089181,-0.031228,0.138801,-0.106725,0.106469,0.040981,-0.073764,-0.061275,0.082460,0.157331,0.043343,0.001537,0.254050,-0.032039,0.100495,-0.134016,0.219992,-0.027825,-0.074649,0.102813,0.043598,-0.032158,0.231177,0.195416,0.000964,-0.068837,-0.063648,-0.001464,0.001196,0.088076,0.064335,0.097730,0.225484,0.228020,0.084606,0.109506,0.010025,0.266450,0.209213,0.158618,0.101187,0.043248,-0.065466,0.104478,-0.032242,0.203592,-0.153764,0.098141,-0.122028,0.088797,0.139000,-0.094661,0.112757,-0.155205,-0.114024,-0.135102,0.161652,0.151653,0.108880,0.028783,0.103955,0.271524,0.042960,0.019250,0.045078,0.119210,-0.151206,0.208497,0.088772,-0.172703,0.212308,0.208490,0.225934,-0.111139,0.033800,0.064914,-0.031276,0.101788,0.003996,-0.018066,0.005915,0.325605,0.225063,0.027217,0.027540,0.108014,0.090717,-0.006741,-0.081832,-0.032954,-0.113882,0.075598,0.080081,-0.120516,-0.038212,-0.047381,0.130074,0.212339,-0.022811,0.086797,0.035996,0.058984,0.033158,0.063721,0.009704,0.025456,-0.094732,0.279389,0.107051,-0.014062,0.032856,-0.111965,0.274608,-0.046171,0.020354,-0.044675,0.164418,0.075326,0.180962,-0.056668,0.401053,0.099967,0.036255,-0.036891,0.032071,0.111978,-0.063666,0.369497,#
12,-0.096874,0.067027,-0.114387,-0.229734,0.216610,-0.031077,0.144355,0.093320,-0.004119,0.057495,-0.484029,0.035959,1.000000,0.178398,0.279190,-0.020073,0.291335,0.176401,0.069914,0.080399,0.057435,0.226291,0.066773,0.124348,-0.061184,0.099012,0.024064,0.027009,0.258345,-0.124775,0.029961,-0.063940,0.231182,-0.006492,0.057570,-0.047377,0.118308,-0.080838,0.063251,0.275911,-0.074017,-0.148608,0.182459,0.296495,0.042537,0.152378,0.117392,-0.108243,-0.082132,-0.121600,0.129473,-0.037516,-0.142342,0.155927,0.107995,0.023435,-0.150745,0.101801,0.047114,-0.121479,0.014247,0.254765,-0.214260,-0.035358,0.069863,0.115033,-0.121393,0.076075,0.177753,0.056962,0.139210,-0.027139,0.152849,-0.054949,0.232582,0.239532,0.140862,-0.028046,-0.091231,0.040885,0.092307,0.107400,0.019131,0.074533,-0.112591,0.039060,0.076751,-0.005978,0.223525,-0.008963,-0.199460,-0.203967,-0.076906,-0.125829,0.007686,0.208582,0.467640,0.285436,-0.219316,-0.012714,-0.099582,0.078953,0.126644,0.367616,-0.137070,0.173027,-0.096657,-0.180155,0.044119,0.089632,0.285691,-0.070548,0.123020,0.020416,0.116710,-0.014936,0.295266,-0.153318,-0.048181,-0.183772,0.080511,-0.042644,0.068766,0.296845,0.214031,-0.063621,-0.224534,-0.214701,-0.134351,0.045811,0.071406,0.021663,-0.092184,0.098072,0.010636,-0.206065,0.060258,0.242917,0.318429,-0.029354,-0.033325,0.218745,0.149597,-0.045497,0.160038,0.370630,0.161882,0.083916,-0.049462,0.192331,0.002792,0.284491,0.070385,-0.041707,0.284583,0.285097,0.033938,-0.125856,-0.029904,-0.005267,0.033111,0.319914,0.206692,0.034557,0.158902,0.020379,0.061244,0.240602,-0.238983,-0.090894,-0.058743,0.187266,-0.004778,0.117826,0.058184,0.072638,-0.006401,-0.009584,0.113819,-0.210652,0.058031,0.108009,0.010714,-0.047944,-0.107608,0.290659,0.106903,0.270798,-0.009580,-0.024697,-0.100547,-0.054202,0.097266,0.130562,-0.108596,-0.028302,0.077638,0.060516,0.079115,-0.071428,#
13,0.080044,-0.365574,0.226802,0.109941,0.252537,-0.005929,0.156167,0.125866,0.344887,0.076794,-0.160835,-0.045372,0.178398,1.000000,0.149016,0.024909,0.124718,0.128190,0.175812,0.042610,0.194437,0.327485,0.278372,0.254794,-0.266327,0.088986,0.168394,0.272417,0.060827,0.281559,-0.016122,0.124778,0.347215,0.056679,0.215879,0.202103,0.010288,0.127506,-0.025501,0.036650,0.082374,0.351094,0.303950,0.047415,0.320222,0.159293,-0.075244,0.167169,0.169291,-0.091051,0.181112,0.192685,-0.009000,0.309381,0.105278,0.298400,-0.025002,0.258845,0.130642,0.200318,0.201742,0.194306,0.247664,0.064568,0.146310,0.054960,0.039530,0.122960,0.237827,0.032211,0.048239,0.084093,0.040728,0.189038,0.259363,0.258304,-0.030772,0.127592,0.022552,0.524327,0.106765,0.213469,0.339414,0.044043,0.025806,0.111492,0.047265,-0.054174,0.006102,0.096532,0.062187,-0.127139,0.194084,0.188582,0.040345,-0.131701,0.160442,0.154334,0.155006,0.297759,0.086774,0.261845,0.230063,0.362057,0.076577,0.265409,-0.033289,-0.014962,0.242403,0.168919,0.053768,0.203946,0.187499,0.216804,0.364102,0.181600,0.129412,0.247501,0.105544,0.472359,-0.006784,0.023784,0.228870,0.046414,0.171938,-0.130408,0.119875,-0.120934,0.028054,0.173840,-0.048969,0.065202,0.146643,0.313862,0.437883,-0.033150,-0.085421,0.038687,0.098594,0.160133,-0.246442,0.254736,0.339464,0.156558,-0.020654,0.211297,0.480276,0.100778,0.127526,0.217572,-0.073412,0.266769,0.107593,0.165315,0.269839,0.319833,-0.114880,0.003920,0.351272,0.109349,0.242304,0.108187,0.234922,0.211156,0.015851,0.237583,-0.101597,0.060011,0.129848,0.154375,0.084350,0.236131,0.277076,0.090615,0.295194,-0.006839,-0.053681,0.327615,0.380268,0.025910,0.092554,0.268605,0.010924,0.029290,0.103477,0.194221,0.227231,0.096788,-0.051680,0.020208,0.083466,0.161959,0.279149,0.336100,0.215003,0.191567,0.078841,-0.039962,0.192324,0.140113,#
14,0.092014,-0.033989,-0.023507,0.021456,0.229143,-0.019630,0.015840,0.280257,0.278172,0.281395,-0.040701,0.063960,0.279190,0.149016,1.000000,0.322020,0.092606,-0.059872,0.203256,-0.023591,0.195619,0.175394,0.097760,0.235683,0.000581,0.010355,-0.058578,0.080207,0.410796,0.063265,0.027516,0.311591,0.059850,0.252130,0.212503,0.167517,0.102800,0.182542,0.223119,0.047960,-0.285548,-0.010411,0.004854,0.180329,0.287925,0.015150,0.042815,0.084487,-0.154184,0.086981,-0.001669,0.041933,-0.019657,0.220475,0.165513,-0.047832,0.086813,0.259803,0.244681,0.108114,0.156995,0.128803,0.129886,0.110463,-0.164488,0.021508,-0.214214,0.131536,0.025745,0.259019,0.185832,0.166220,0.302436,0.122416,0.258143,0.084030,0.383165,0.231992,-0.005759,-0.066621,0.115478,0.298846,0.122480,0.274870,0.027841,-0.055182,-0.030998,0.264380,0.054748,-0.014531,-0.159539,-0.049324,0.079791,0.171842,0.048719,0.075789,0.404732,0.147633,0.215452,0.029179,0.107937,0.249483,0.207043,0.068457,0.111162,0.038699,-0.115102,-0.033043,-0.113339,0.237433,0.209317,-0.026207,0.141940,0.237509,0.189998,0.210172,0.274155,-0.032549,0.078519,0.022140,0.119698,0.041972,0.179270,0.161584,0.100645,0.039295,0.026010,0.234567,0.021822,0.172556,-0.053710,-0.045591,0.061035,0.225338,0.197798,0.093345,-0.336325,0.087940,0.094426,-0.031625,0.016934,0.005034,0.212676,0.075108,-0.042599,0.304641,0.109550,-0.002024,0.087835,-0.024698,0.110570,-0.076246,0.195127,0.138630,0.158236,0.258991,0.174153,0.219214,-0.027164,0.116769,0.014483,0.045111,0.171645,0.079782,-0.038229,0.190345,0.252917,0.078578,0.127043,0.285225,0.031782,-0.000765,0.157033,0.192051,0.009341,0.140176,0.155178,0.154817,0.112771,0.000572,0.397395,0.342653,-0.011570,-0.095261,-0.120934,-0.089450,-0.087464,-0.055450,-0.069193,0.193537,-0.251042,-0.042651,0.232268,0.268278,0.276334,-0.001325,0.154273,0.119051,0.139332,-0.169107,#
15,0.232910,0.031537,0.131981,-0.109581,0.205793,0.317440,0.043008,-0.075838,0.176017,0.185961,0.204829,-0.040381,-0.020073,0.024909,0.322020,1.000000,-0.001550,0.217707,0.037657,0.140260,0.186619,0.034948,0.140659,0.206087,-0.055130,0.099892,-0.041889,-0.041329,0.178042,0.326516,-0.011854,0.148246,0.042837,0.168413,0.003821,0.450493,0.131374,-0.034725,0.304412,0.046233,0.040819,-0.000884,0.006233,-0.059722,0.184515,0.014053,0.062628,0.283557,0.086501,0.046176,-0.270270,0.490647,-0.045745,0.002614,0.196634,-0.027374,0.123892,-0.066887,0.108262,0.190057,0.326649,0.069688,0.170065,0.122968,-0.097500,0.349773,-0.034407,0.006874,0.064213,-0.202815,0.183219,0.076441,-0.009575,0.103209,-0.017535,0.154483,0.072181,0.182007,0.044967,-0.034197,0.273137,0.220165,-0.006951,0.150237,0.182650,0.024036,0.008285,0.374443,0.048632,-0.083696,0.117525,-0.004895,0.031625,0.101666,0.054953,0.037064,0.180307,0.079618,0.098518,0.187505,0.254682,0.105151,0.274275,0.217954,0.029698,0.055114,0.305463,0.129815,0.012816,0.274342,-0.131562,0.256079,0.144514,0.129899,0.019302,0.161270,0.157780,0.092478,-0.072670,0.061468,0.039399,0.003560,0.241143,-0.037606,-0.115056,0.179268,0.254064,0.211213,0.110384,0.365518,-0.243239,-0.035540,-0.021011,0.272989,0.119493,-0.053872,-0.199369,-0.078739,-0.041727,-0.001298,0.023959,-0.077450,0.068422,-0.022824,0.044562,-0.067394,0.168268,-0.011617,-0.028532,-0.192597,0.170467,-0.128135,0.296271,0.087722,0.020152,0.131176,0.312232,0.223696,-0.061085,0.265128,-0.032494,0.142755,0.389519,-0.129989,0.144076,0.186792,0.131590,0.309196,0.264847,0.016663,-0.067315,0.256010,-0.166724,0.224701,-0.021969,0.195406,0.127103,0.280386,0.239824,0.058022,0.121976,0.067049,0.165420,0.242930,0.083412,0.003963,-0.129927,0.171525,-0.126397,0.100491,-0.382458,0.061348,0.246993,0.230633,-0.036675,0.207017,0.220491,0.183452,0.169041,0.150869,#
16,0.300216,0.025053,-0.115125,-0.229366,0.156743,0.078130,0.090675,0.150857,-0.101765,-0.015199,-0.020324,-0.181163,0.291335,0.124718,0.092606,-0.001550,1.000000,-0.075295,-0.219392,0.166912,0.312024,0.041437,-0.230087,0.235569,0.093402,-0.088155,0.200988,-0.142722,-0.025185,0.149214,-0.073034,0.332099,0.133012,0.171969,0.096616,-0.118832,0.111080,-0.055763,0.203135,0.056527,-0.109110,0.040399,0.180603,0.036238,-0.002783,0.026664,-0.077200,-0.042387,-0.017950,0.163526,-0.034968,-0.051695,-0.007182,0.235395,0.255478,-0.077960,-0.220192,-0.037288,0.190782,-0.036351,-0.040823,0.175862,-0.083153,-0.224154,-0.255347,0.027788,-0.247124,0.167057,0.237908,0.188431,-0.100921,-0.137239,0.196282,0.147161,0.195462,0.066149,-0.017610,0.117650,-0.022055,0.192933,0.090180,-0.095464,-0.115259,0.327317,0.080685,0.221103,0.089952,0.147487,0.176668,0.267388,-0.068552,-0.123367,0.017933,-0.086821,-0.037567,0.091875,-0.071461,0.170178,0.124855,0.148121,-0.287310,-0.020777,0.075125,0.168833,-0.059948,0.263957,-0.079907,-0.168823,0.209676,0.081110,0.103346,0.059513,0.186295,-0.020113,0.327043,0.124505,0.342982,-0.028602,0.202409,-0.025162,0.216426,0.241053,0.122594,0.129623,0.276003,0.154968,0.188845,-0.143169,-0.016317,0.038046,0.228890,-0.067741,-0.078314,-0.059903,0.282456,0.039991,-0.063743,-0.167266,-0.077457,0.027065,0.080721,0.054766,-0.140510,0.016836,0.106932,-0.062948,0.099256,0.021060,0.054893,0.369829,-0.133992,0.309058,0.155048,-0.021124,0.055143,0.253088,0.221477,-0.104740,-0.057278,0.216771,0.030926,0.031364,0.055592,-0.036863,-0.095367,0.001935,0.101203,0.205435,-0.101154,-0.168034,-0.037323,0.219214,0.183252,-0.032820,-0.080895,-0.125948,0.025682,0.208412,0.311280,-0.144002,-0.072753,-0.009524,-0.074485,-0.132551,0.039903,0.275248,-0.034636,0.254244,0.112226,0.050868,0.000582,-0.017912,0.056058,-0.027896,-0.095068,0.037402,0.067583,-0.120417,-0.058061,0.238351,#
17,0.152840,-0.011177,0.084096,-0.127672,0.052660,0.272330,0.222570,-0.003242,0.118265,-0.046930,-0.123748,0.180885,0.176401,0.128190,-0.059872,0.217707,-0.075295,1.000000,-0.169348,-0.046382,0.131767,0.147301,0.028748,0.126171,0.100027,0.203418,0.065122,-0.137623,-0.101902,0.015583,0.132228,0.064943,0.008572,-0.035575,0.099060,0.231227,-0.060015,-0.144394,0.376073,0.156896,0.252139,0.208944,0.250601,-0.026375,0.089913,0.206191,0.031854,0.255679,0.107246,-0.019006,0.119454,0.236174,0.002286,0.070982,0.146677,0.187356,-0.014217,-0.097576,0.140027,0.065536,0.223382,0.063540,-0.065117,0.053581,-0.064004,0.312471,0.158323,0.222048,0.139753,-0.134589,0.113365,0.144687,-0.230744,-0.018411,0.134972,0.121706,0.020735,-0.018826,-0.073496,0.113502,0.271271,0.059445,-0.097009,-0.054109,-0.155720,0.074524,0.437704,-0.090120,0.109597,0.126059,-0.145892,-0.237054,0.117079,0.115827,-0.083888,0.029337,0.216129,-0.017730,-0.218444,-0.114799,0.197571,-0.220700,0.081322,0.168619,-0.149104,-0.008929,0.133106,0.126022,0.079760,0.137967,0.042198,0.136641,-0.237739,0.166434,0.229344,-0.130736,-0.007386,0.069773,-0.078550,0.170732,-0.044695,-0.075525,0.012133,0.014489,0.086779,0.236482,0.184963,-0.229376,-0.081479,0.081788,0.345124,0.175291,0.196264,0.070789,-0.177605,-0.004603,-0.017086,0.002715,0.254317,0.133975,0.184706,0.132520,0.240111,0.118718,0.239920,-0.013637,0.071731,0.225478,0.041582,-0.118491,0.221281,-0.092616,0.115113,-0.009685,0.150927,0.148530,0.161732,0.045699,0.125882,-0.098268,-0.012480,0.035496,0.314923,0.183050,0.212662,0.015714,-0.078393,0.079330,-0.012412,0.131827,0.075508,-0.109696,-0.034246,0.142719,0.045244,0.012975,0.165386,0.032153,0.140925,0.307033,0.322373,0.190306,0.093411,0.078211,0.141834,-0.043229,0.078738,0.289796,-0.070846,0.041654,-0.280367,0.086682,0.102209,0.387413,0.055425,0.296158,-0.042874,0.338219,-0.030419,0.202432,#
18,0.002905,0.003784,0.169368,0.252204,0.196488,-0.237735,0.019591,0.032548,0.052735,0.329402,-0.177580,0.202646,0.069914,0.175812,0.203256,0.037657,-0.219392,-0.169348,1.000000,0.094633,-0.039892,0.097072,0.122699,0.066914,0.077627,-0.042916,-0.167405,0.175486,0.067759,-0.039069,-0.112312,0.013415,0.048411,-0.011073,0.034640,-0.008873,-0.083163,-0.033135,0.041408,0.207227,0.073843,-0.229480,0.088805,-0.110206,0.322536,0.012438,0.154898,-0.054560,-0.323765,-0.197903,-0.166041,0.044175,0.160493,0.080684,0.144575,0.193779,-0.062363,0.023850,-0.046426,0.052308,0.304014,-0.103379,0.015384,-0.138695,-0.008338,0.111621,-0.125074,-0.076281,-0.118046,0.017836,0.109782,0.062859,0.092001,0.018304,0.169854,-0.011949,0.130732,0.042729,0.045366,0.142750,-0.134973,0.041663,0.074500,0.060074,0.052043,-0.175335,-0.132129,0.126266,-0.122388,-0.075772,0.074686,-0.077945,-0.099190,-0.194628,0.184154,-0.112429,0.152782,0.009605,-0.154246,0.003382,0.233387,0.173653,0.103631,0.054463,0.077421,0.120308,-0.172064,-0.161868,-0.170618,-0.178099,0.165838,-0.207150,0.408189,0.172275,-0.204346,-0.034830,-0.103144,0.052252,-0.212576,-0.084108,-0.087780,-0.020099,0.088006,-0.206400,0.033625,-0.241619,-0.332514,0.134462,0.200526,-0.033434,-0.260415,0.180369,-0.054254,0.261969,0.148383,0.094587,-0.057638,0.140105,0.047081,-0.013043,-0.197382,0.073303,0.071371,0.279582,0.028928,0.206546,0.167774,-0.001021,-0.279501,0.121999,-0.168457,0.075791,0.069265,-0.022051,-0.022954,-0.045013,-0.176520,0.098262,0.068720,0.079334,0.022576,-0.099301,-0.012607,0.174261,-0.072954,0.184692,0.140648,-0.011285,0.080780,0.079196,-0.171153,0.027850,0.137384,-0.014751,0.050187,0.105115,-0.111156,-0.027215,-0.096138,0.142531,-0.070546,-0.118323,-0.088980,0.029396,-0.017024,-0.150905,0.290525,-0.260840,0.082637,0.023854,-0.017719,0.112209,0.208419,0.208499,0.040812,-0.071652,-0.061788,0.064709,0.034423,0.014675,#
19,0.227278,0.026570,0.187763,-0.010053,0.348579,0.341617,-0.052495,-0.009483,0.105700,0.198108,-0.016423,-0.048947,0.080399,0.042610,-0.023591,0.140260,0.166912,-0.046382,0.094633,1.000000,-0.031226,0.045358,0.109101,0.249163,-0.074707,-0.027883,0.174768,-0.108063,-0.001995,0.076407,0.142354,0.050537,-0.006731,0.043537,-0.074549,-0.091303,0.208908,-0.051362,0.193685,0.097849,-0.010285,-0.009595,-0.038250,-0.040605,0.081488,0.063969,0.195576,0.170968,0.272395,-0.023255,-0.223819,0.125299,-0.114142,0.147764,0.065140,-0.006890,0.143227,-0.036252,0.163301,0.100471,0.268091,0.329584,0.199830,0.114655,0.114421,0.066813,-0.196543,0.214302,-0.038799,-0.111717,0.140408,0.044301,0.173757,0.152262,0.092504,0.165590,0.040394,0.077697,0.319642,0.099058,-0.049603,-0.142408,0.041684,0.128311,-0.028190,0.131826,-0.191870,0.307615,0.138354,-0.261881,0.020293,-0.105010,0.194073,-0.105916,-0.020765,-0.023912,0.097641,0.092650,-0.034787,0.142301,0.252451,0.186101,0.057402,0.145863,-0.091819,0.371175,0.195260,0.154804,0.176581,-0.059278,-0.086759,0.074565,0.133088,0.163173,-0.011731,0.040146,0.255802,0.140963,-0.014126,-0.238527,-0.177405,0.170347,0.106912,-0.019804,0.231967,0.006319,0.325657,0.047590,0.121590,0.133995,0.018843,0.017722,-0.055497,0.124232,0.266331,0.019235,0.112628,0.031989,-0.133544,-0.044719,-0.128517,-0.087829,0.063936,-0.014431,0.112407,0.005329,0.129413,-0.038940,0.078818,0.096630,0.016477,0.241427,0.121980,-0.026023,0.035955,0.291380,0.091356,0.120048,0.203305,0.266435,0.197882,0.097509,0.003290,-0.077244,0.172921,0.194581,-0.120415,0.182648,0.143549,0.052601,0.011615,0.053439,0.238708,0.306071,0.123566,0.072096,0.044462,0.241678,0.160169,0.102928,-0.117615,0.282130,0.100779,0.280055,0.321111,-0.045827,0.010643,0.067243,0.134319,0.046109,0.131706,0.196790,0.013277,0.215527,-0.123861,0.347854,-0.110706,-0.012924,0.241217,0.058593,#
20,-0.040741,-0.278987,0.256634,0.106604,0.400908,0.024623,0.246376,0.053155,0.056194,0.281577,-0.004482,0.005836,0.057435,0.194437,0.195619,0.186619,0.312024,0.131767,-0.039892,-0.031226,1.000000,0.193065,0.082020,0.191522,-0.007299,0.258070,0.296857,-0.068045,-0.015498,0.166703,0.025553,0.221509,0.181400,0.311875,0.243562,0.319761,0.252309,0.139629,0.401330,0.179931,-0.064817,0.171773,0.035486,0.024086,0.281594,0.106929,0.115643,-0.034119,-0.255760,0.171033,-0.057598,0.132758,-0.049752,0.255719,0.273326,0.114368,0.073171,0.113677,0.176966,0.139132,0.273356,0.066249,0.163373,-0.032893,0.130600,0.054221,-0.064012,0.011881,-0.010570,0.192857,0.391950,0.064874,-0.062096,0.032154,0.434387,0.065449,-0.041324,0.127217,-0.013950,0.164650,0.253153,0.223208,0.058034,0.001025,0.054038,0.197771,0.024010,0.081895,-0.143326,0.049299,0.192495,-0.013516,0.092764,0.123871,0.232457,-0.138423,0.074755,0.248048,0.120406,0.043725,0.107314,0.020343,0.302468,0.039382,0.172950,0.068851,0.172631,-0.023249,-0.065686,0.328820,0.149112,0.150470,0.072921,0.005319,0.148028,0.038027,0.250279,0.161125,-0.002100,0.147302,0.260606,0.133001,0.084925,0.364987,0.063114,0.176567,0.295142,0.006475,0.321251,0.216863,0.417015,-0.106245,0.145494,0.344101,0.235369,0.054330,-0.204039,-0.188820,0.146339,0.138281,-0.114982,0.281050,0.097196,-0.005923,0.053409,0.103351,0.139229,0.084017,-0.081188,0.253306,0.197632,0.107248,0.243079,0.330799,0.055919,0.111756,0.110950,-0.183155,0.197322,0.172081,-0.087097,0.095892,0.218942,0.126786,0.032522,-0.124670,0.073520,0.046223,0.210241,0.002444,0.043007,0.025627,0.276982,-0.037097,0.009470,0.031296,-0.142488,0.059649,0.267575,0.099879,0.180093,0.016489,0.079376,0.072816,0.092504,0.057943,-0.009644,0.234534,-0.013011,0.128950,-0.186102,-0.092888,0.166236,0.337003,0.054957,-0.205879,0.029492,0.102848,0.234855,0.308587,#
