0,1.000000,0.060859,-0.000248,0.070056,0.125497,-0.000005,-0.040837,-0.096776,0.025991,0.036736,0.014005,0.015234,-0.011051,-0.159248,0.197885,0.330272,0.373135,0.226751,0.269957,0.255437,-0.234478,-0.098581,0.216457,0.400481,-0.077012,-0.040973,0.127954,-0.111085,-0.159230,-0.013960,-0.024258,0.224238,-0.058021,0.013439,0.276543,-0.000154,0.046943,-0.058000,0.014253,0.063467,-0.015182,-0.037578,0.375058,-0.024499,-0.097485,-0.101227,-0.157159,0.226123,0.042987,0.179295,-0.076539,0.137945,-0.000148,0.182092,0.235166,-0.088864,0.113490,0.077907,0.025291,0.106755,0.062185,0.204186,0.152513,0.135273,-0.000337,0.035347,0.057394,0.168468,0.014271,0.179745,-0.192111,-0.128725,0.134988,0.178546,0.040024,-0.289755,0.234629,0.209205,0.075878,-0.014883,-0.167233,-0.219038,-0.028323,0.124293,0.250182,0.085799,0.219803,0.057971,0.163959,0.173713,-0.012337,-0.051514,0.219612,-0.178054,-0.073916,0.222564,0.042651,-0.153867,0.061427,0.173617,0.191717,0.083725,-0.061585,0.194224,0.037079,0.160051,0.193199,0.107373,0.261005,0.013061,-0.016007,-0.011956,0.014412,0.112738,0.043498,0.140961,-0.016464,-0.182737,-0.110817,-0.014616,0.091504,-0.093341,0.210619,-0.014878,0.341916,0.127071,0.000420,-0.085640,-0.111493,0.156173,0.035711,-0.198452,-0.115012,-0.132799,0.028229,0.155999,0.077736,0.000000,-0.340400,0.068453,0.260593,0.031986,-0.078952,0.126821,-0.079368,-0.190529,0.011608,-0.105526,0.040333,-0.084962,-0.335474,0.096511,-0.000010,-0.132307,0.096306,0.110487,0.324404,0.212280,0.110347,0.046035,0.255777,0.165043,0.061296,-0.113757,-0.167638,0.252558,0.013525,0.147419,0.232134,0.112204,-0.268232,-0.047956,0.185763,-0.030690,-0.196727,0.179152,0.307113,-0.092055,0.015478,0.028612,0.000248,0.139406,0.076980,0.027367,-0.079189,0.070494,-0.031734,0.275122,0.196636,-0.186264,0.129944,0.264303,-0.015302,0.000511,0.240856,0.210685,-0.042202,-0.071446,-0.000137,0.060460,#
1,0.060859,1.000000,0.076760,-0.144284,-0.067679,0.090051,0.161784,0.156066,0.235025,0.147635,0.271481,0.149213,0.022186,-0.307799,-0.126496,0.135579,-0.074382,0.120658,-0.127314,0.048505,-0.276067,-0.004658,0.052762,-0.100295,0.036681,0.019291,-0.236643,0.114152,-0.224674,-0.029807,0.191692,-0.067562,-0.108146,0.080177,0.009712,0.091074,-0.003758,-0.163027,0.110189,0.125038,0.125208,0.044497,0.221897,-0.027578,-0.113757,0.017006,0.146057,-0.050377,0.251855,0.096378,0.105067,0.133919,0.044068,-0.078029,0.109398,0.053276,-0.136779,-0.194380,-0.086539,0.191873,-0.007002,-0.068550,0.105911,0.055109,-0.025191,0.331359,0.285391,0.238932,0.050257,0.069986,0.199314,0.239843,0.221387,0.149241,0.050625,-0.032743,-0.067447,0.023822,0.269744,-0.052063,0.017242,0.114216,-0.148312,0.143300,0.154825,0.081540,0.064472,0.291739,-0.078131,-0.042417,-0.013648,0.158925,-0.223385,0.053959,-0.086182,0.149040,0.009195,-0.032322,-0.022817,-0.014116,0.157896,-0.057759,-0.021884,-0.118838,-0.125719,0.063400,0.015509,0.062440,0.197525,-0.014018,-0.140887,0.159946,-0.012632,0.014667,0.022054,0.324894,0.081825,-0.125963,0.088594,-0.126485,-0.107487,0.040762,0.195026,0.157346,0.173984,0.084645,0.054264,0.061063,0.289721,0.088291,-0.117637,0.064429,-0.035871,0.049641,0.103708,-0.052638,0.210236,0.178050,-0.055904,0.262615,0.109954,0.010067,-0.163095,0.161215,0.242255,-0.176362,-0.045544,0.068645,0.106234,-0.187561,0.298955,-0.016498,0.007517,-0.148521,0.151634,0.214692,0.003721,0.177892,-0.200678,-0.042054,-0.141243,0.129668,0.080584,0.181645,0.092365,0.017141,0.122080,-0.140206,0.058904,0.182662,-0.015723,0.123224,0.044238,0.056705,0.101562,0.149273,0.186032,-0.171931,0.105174,-0.036980,0.079585,-0.083264,0.213237,0.128554,0.161508,0.103884,-0.027681,-0.248492,0.456260,0.288109,-0.011721,0.412745,-0.040914,-0.146052,-0.121920,-0.053606,-0.054780,0.442355,-0.070472,0.361576,#
2,-0.000248,0.076760,1.000000,-0.052472,0.266726,0.025555,0.102725,0.140229,-0.035886,0.115579,0.300027,0.253743,-0.019425,0.062327,-0.035020,0.001331,-0.192335,-0.067998,0.020715,0.058646,0.060793,0.100266,0.056027,-0.083895,-0.086026,0.094034,0.216339,-0.022073,-0.176549,-0.048012,0.050934,-0.031470,0.087410,0.047864,0.171199,-0.087471,0.066394,0.114931,0.126052,-0.163589,0.122228,-0.086546,0.168075,-0.099461,0.076470,0.080604,0.161073,-0.111022,-0.075647,-0.072911,-0.209059,0.070513,0.135438,-0.031306,0.238206,-0.127837,0.112620,-0.107377,0.220362,0.055000,0.286612,-0.014304,-0.155471,0.048850,0.194071,0.047347,0.030995,0.055623,0.020691,-0.127585,0.240516,0.208061,-0.071750,0.163081,0.165655,-0.067348,-0.014672,-0.123854,0.023198,0.137009,-0.055364,-0.204072,0.083200,-0.252540,0.201895,0.124843,0.104000,0.064015,0.199558,-0.053630,0.038814,0.260272,0.053109,0.029148,-0.078164,0.021453,-0.016229,-0.001219,-0.094015,0.014933,0.154555,0.184995,-0.163294,0.237055,0.025861,0.241857,0.154481,0.258840,0.111107,0.101807,0.205967,0.030084,0.238324,0.055512,-0.166102,0.134991,0.070781,-0.009172,-0.156947,0.107266,0.003135,-0.292098,-0.151130,0.041343,0.046080,-0.103488,-0.037708,-0.006800,0.078922,0.138818,-0.108197,0.178338,-0.037435,0.139922,0.131869,-0.189570,0.111141,0.029854,-0.039770,-0.017161,0.329732,0.071150,-0.073808,0.071387,0.281297,-0.246357,-0.137092,-0.098492,-0.131174,0.009219,0.029130,0.042731,0.277257,0.090011,-0.011466,0.011175,-0.063488,-0.207472,0.203840,-0.018718,-0.185469,-0.000717,0.345241,0.062965,0.068268,0.194826,0.016026,-0.104969,-0.065851,-0.047797,-0.005423,0.206132,0.167826,-0.060300,-0.022985,-0.064794,-0.030335,0.099572,-0.293218,-0.128750,0.058956,0.206198,0.060352,0.025611,0.075858,0.109211,0.038196,-0.180294,0.133455,0.036456,0.101879,0.060202,0.101398,0.081096,0.159555,-0.041103,-0.377218,0.070843,0.113752,0.203754,#
3,0.070056,-0.144284,-0.052472,1.000000,-0.103096,-0.189665,0.070570,0.000339,0.202803,0.039675,-0.048394,0.061665,0.020546,-0.102717,0.137548,-0.003088,-0.000265,0.149705,0.264290,-0.129602,-0.044790,0.099815,0.192795,0.096716,-0.102757,0.057095,0.125289,-0.020922,-0.038181,0.194845,0.151913,-0.105803,0.235875,0.289542,-0.074539,0.149177,-0.081880,0.212948,0.172718,0.115291,-0.218910,0.290054,0.093786,0.036715,-0.098233,-0.110806,-0.386632,0.059104,-0.165910,0.001076,0.069106,-0.088494,0.118907,-0.152757,0.122693,-0.043106,0.203792,0.001199,0.019459,0.008450,0.084823,-0.066351,-0.016587,-0.019426,0.401237,-0.227369,0.040286,-0.335057,-0.385415,0.269826,-0.004616,0.090552,-0.020355,-0.023467,-0.048988,-0.239590,-0.010888,-0.124936,-0.159662,-0.057444,0.020070,-0.090790,0.186396,-0.148941,-0.005034,-0.089288,-0.000861,-0.105755,0.078118,0.284184,0.335411,0.052067,-0.220131,-0.075016,0.045228,-0.017670,-0.043616,-0.179601,-0.224230,-0.293045,0.183297,-0.120723,-0.045791,-0.221277,0.187161,-0.217127,0.388096,0.298616,-0.079271,-0.135195,0.103146,-0.302286,-0.002295,0.017066,-0.056661,-0.066017,-0.144882,0.127635,-0.068873,-0.107086,0.051636,-0.108514,-0.043711,-0.051085,-0.030229,0.068366,0.121814,0.257650,-0.065231,-0.077964,0.127703,0.143116,-0.059762,0.031905,-0.125736,0.188972,-0.199198,0.025360,-0.132721,0.169629,-0.056871,0.196148,-0.017840,-0.165731,-0.018942,0.051759,0.189173,0.286012,-0.251298,0.039449,-0.032230,-0.374384,-0.019440,-0.007431,-0.085443,-0.001263,-0.049570,0.016204,0.396133,-0.014366,-0.124353,0.025406,-0.080350,-0.021611,0.081618,-0.004798,0.188027,0.154302,0.011056,0.050655,-0.109285,-0.279510,0.008842,0.114655,-0.023180,0.161689,0.087242,-0.085309,-0.210218,0.124894,-0.068996,0.090489,0.077903,-0.173184,-0.104884,-0.294221,0.085781,0.050167,-0.083245,-0.079961,0.159718,-0.012207,0.058693,0.208671,0.079705,-0.031491,-0.015702,0.006142,-0.171524,-0.160394,#
4,0.125497,-0.067679,0.266726,-0.103096,1.000000,0.135642,0.149422,0.130597,0.035029,0.140933,-0.085059,0.211220,0.083305,0.000046,0.056569,0.062591,0.045898,0.049045,0.111186,0.207001,0.288298,0.118991,0.127192,0.132632,-0.066771,0.067645,0.081392,-0.085354,0.179040,-0.047188,0.065692,0.108047,0.092618,0.310545,0.047840,0.085071,0.219024,0.051929,0.329777,0.172179,-0.048417,0.056224,0.190558,0.064793,0.172916,0.280758,0.215294,0.140528,-0.078760,-0.094308,-0.021935,0.041065,0.172546,0.184498,0.342397,0.159580,0.036582,-0.017391,0.123101,0.137401,0.275962,0.263614,0.042946,-0.045703,0.109630,0.082539,-0.208138,0.152471,-0.071336,0.176505,0.205124,0.186877,0.132607,0.090743,0.151936,-0.139458,0.058308,0.062918,-0.065405,0.191471,-0.053980,0.056624,0.032502,0.040970,0.260290,0.007724,0.154929,0.075790,0.109791,0.103731,0.270053,-0.060778,0.166853,-0.154334,0.286910,0.031079,0.077526,-0.019337,-0.202393,0.178663,0.221687,0.242204,0.080259,0.142273,0.031144,0.261293,0.032332,0.094945,0.167808,0.252872,0.008550,0.145325,0.031588,0.123227,-0.223541,-0.092033,0.212497,0.062544,-0.089613,0.148786,-0.179302,-0.118349,-0.073080,0.134042,0.175241,-0.171486,0.059935,0.081010,0.181190,0.197827,0.259732,-0.036848,0.248976,0.318532,0.118707,0.096720,-0.101494,-0.103729,0.148614,-0.008834,0.164247,-0.009276,0.169698,0.037060,0.230459,0.057107,0.084223,0.156417,-0.103221,0.161383,0.007581,0.143306,0.368764,0.233109,0.336740,-0.028994,0.115702,0.148995,0.074828,0.091997,0.232850,0.127287,0.128009,-0.083212,-0.261214,0.019887,0.013816,0.181377,-0.004497,0.083878,-0.305147,0.008280,0.435061,0.029279,0.161228,0.145485,0.223653,0.210626,-0.036748,0.158006,0.074104,-0.055700,0.179241,0.072792,-0.077423,0.272099,-0.182680,0.151261,0.147039,0.279545,-0.285404,0.153887,-0.163153,0.063469,0.127623,0.219276,-0.065856,0.028660,0.119026,0.342776,#
5,-0.000005,0.090051,0.025555,-0.189665,0.135642,1.000000,-0.051448,0.230943,0.049487,0.122658,0.089154,-0.088374,0.126973,-0.044795,-0.057101,0.093015,0.107569,0.110036,-0.165641,0.336980,-0.129800,-0.093015,0.255676,0.012682,0.064660,-0.035162,0.187421,0.135773,0.135097,-0.016799,0.331328,0.098391,0.171236,0.093698,-0.313662,0.163977,0.034183,-0.081208,0.092931,-0.089680,0.182300,-0.010338,0.030417,0.292121,0.092071,0.065009,0.252372,0.085263,0.086672,-0.183721,0.161417,-0.030912,0.140978,-0.034532,-0.141898,0.193104,0.084115,-0.256193,0.339840,0.253031,-0.029885,0.127324,0.061980,0.133128,0.269517,0.127672,-0.122222,0.148860,0.183117,-0.268695,-0.034735,-0.002716,0.155070,0.015083,0.035328,0.064829,-0.023368,0.345287,0.221819,0.212934,0.053420,-0.108711,0.043074,0.134193,-0.194272,0.101352,0.137571,0.120637,0.158700,-0.084825,-0.149709,0.180919,0.324717,0.314872,-0.064543,0.025760,-0.043154,0.197399,0.115970,0.222751,0.078563,0.076938,-0.129474,0.096096,-0.030261,0.301135,0.147015,0.262971,0.065042,0.209296,0.000035,0.325447,-0.032630,0.023166,0.070883,-0.078123,0.240329,-0.085273,-0.262834,-0.010546,-0.090495,0.068830,-0.137684,0.195254,-0.045721,-0.155668,0.303974,-0.199175,-0.102442,-0.001598,0.327664,0.158162,0.180327,0.198079,0.089374,0.098789,0.080127,0.051369,0.080019,-0.173637,0.066915,0.041804,0.055477,0.149528,0.396909,-0.028691,-0.080205,-0.091499,0.135652,-0.056358,0.033663,-0.056705,0.202797,-0.109608,-0.051638,0.081027,0.261781,0.072574,0.034429,-0.086119,0.160625,-0.064720,0.215466,0.102834,0.170095,0.087140,-0.181126,0.318425,0.017806,0.098361,0.308040,0.210066,0.154993,0.029517,-0.037169,-0.079649,0.187930,0.072758,0.125577,0.142009,0.294984,-0.043176,0.379044,0.058376,0.054479,0.225332,0.078900,0.083686,0.041237,-0.094850,0.138114,0.276789,-0.163818,-0.148474,-0.084460,-0.087931,-0.141162,0.170435,0.089433,0.204944,#
6,-0.040837,0.161784,0.102725,0.070570,0.149422,-0.051448,1.000000,-0.020100,0.203504,-0.000130,-0.117228,0.182185,0.121368,0.066497,-0.145271,0.140613,-0.101330,0.144417,0.105157,-0.028647,0.172080,0.235841,-0.019960,0.042011,0.118616,0.097319,-0.061399,0.066938,-0.093312,0.231688,0.066068,-0.169082,-0.099963,-0.108655,0.002371,0.100903,-0.083839,-0.036278,0.029070,0.074348,0.046276,0.034100,0.321418,-0.007201,0.304388,-0.087741,-0.021726,-0.259096,0.132865,-0.064509,-0.293646,-0.043511,-0.122755,0.070773,0.132941,-0.126632,-0.083772,0.052084,0.127307,-0.013764,0.246646,-0.186232,0.046524,-0.161745,0.231461,0.267566,-0.029396,0.089083,-0.123536,-0.006291,0.155350,0.080710,-0.048498,0.255293,0.135811,-0.073477,0.103210,-0.252404,0.184282,-0.009260,0.058677,-0.191234,0.062237,-0.278756,-0.097748,-0.029904,0.067311,0.124804,-0.099765,-0.155589,0.039400,-0.025028,0.062343,-0.125478,-0.061381,-0.215426,0.144192,0.081427,-0.128335,0.302431,-0.093089,0.012048,0.169286,-0.133161,-0.226895,-0.018080,0.036899,-0.070056,-0.042317,0.057803,0.211766,0.136496,-0.124824,-0.252097,-0.128638,-0.152407,0.321491,-0.133279,-0.128496,-0.146975,0.152758,-0.189681,0.149808,0.021899,-0.005655,0.127556,0.009410,-0.020334,-0.048402,-0.075222,0.081876,0.038229,0.068920,0.037446,-0.031479,-0.040237,0.014150,-0.250883,-0.007951,0.270566,0.014182,0.121838,-0.090047,-0.208144,-0.052599,0.032408,-0.011581,0.030106,0.053004,-0.181920,0.232008,-0.188205,0.162048,-0.103478,0.211241,-0.075126,-0.088888,0.203185,-0.003137,-0.149290,-0.258380,0.132006,0.013122,-0.058159,0.000173,0.167345,0.076225,0.005076,-0.110090,-0.153818,-0.029062,0.097211,0.036083,0.016050,0.222270,0.063443,-0.186039,-0.111515,-0.022327,0.044506,0.045389,0.002841,0.189743,-0.028607,0.155464,-0.073703,-0.134284,-0.057398,0.038325,0.074790,0.034193,0.159381,0.029548,0.249096,-0.011625,-0.158138,-0.037688,0.157927,0.058785,0.174620,#
7,-0.096776,0.156066,0.140229,0.000339,0.130597,0.230943,-0.020100,1.000000,0.316674,0.012927,0.200342,0.091868,0.083905,-0.050117,0.162689,-0.101046,0.102292,-0.045074,-0.075572,0.032913,-0.097278,0.077340,0.266654,0.106461,0.092196,0.061299,0.060486,0.027184,0.022273,-0.156431,-0.077212,0.178697,0.023428,0.167940,-0.164865,-0.105536,0.026665,0.047482,0.280407,0.089683,-0.196359,-0.064388,-0.133641,0.255823,0.183718,0.036275,0.245525,0.198053,-0.091102,0.083602,0.213280,-0.049775,0.028279,0.065295,-0.044541,0.015961,-0.074255,0.028473,0.102223,0.114990,0.114933,0.112778,0.005244,-0.120444,0.041977,0.044408,-0.237882,0.033809,0.120776,0.416759,-0.025866,-0.018604,0.412741,0.096457,0.271167,-0.000950,-0.084623,0.045533,0.164246,0.185102,0.019282,-0.093782,-0.057599,0.139792,-0.029649,0.110570,0.032271,0.078890,0.061381,0.171749,-0.204218,0.009116,-0.045291,0.134730,-0.019202,-0.324340,-0.138764,-0.006340,-0.068146,0.053509,0.225626,0.179220,-0.092320,0.110932,0.019869,0.239175,-0.111467,-0.044231,0.003154,0.146366,-0.026265,-0.078475,0.082652,-0.033610,0.272196,0.003627,0.127119,-0.168126,-0.095973,0.222768,0.068541,-0.007408,-0.110849,0.337111,0.162364,-0.014930,0.357613,0.197939,0.087417,-0.247894,0.085970,-0.149305,0.228761,0.230953,0.195255,0.125686,-0.146258,0.037973,0.114970,0.003864,0.133872,-0.117605,0.065578,-0.066377,0.020807,-0.035287,0.014735,-0.039752,0.092423,0.164195,0.067310,0.034288,0.152507,0.205703,-0.255457,0.250152,-0.025386,0.147741,0.023727,0.211884,0.009248,-0.136118,0.139172,0.048655,-0.166235,0.207335,-0.041093,-0.119564,-0.103098,-0.044482,0.083244,0.132090,0.379815,0.080084,0.155687,-0.012754,0.046578,-0.054785,-0.156955,0.350716,0.309390,0.054709,-0.027474,-0.008860,0.045655,0.181164,-0.061511,-0.219991,-0.005146,0.099827,-0.044562,0.049716,-0.057729,-0.176489,0.032137,-0.031086,-0.145452,0.234746,0.078646,0.176412,#
8,0.025991,0.235025,-0.035886,0.202803,0.035029,0.049487,0.203504,0.316674,1.000000,0.122172,-0.018729,-0.017726,0.050133,0.031716,0.140622,0.341160,-0.143534,0.140381,0.083619,0.108951,-0.254059,0.432464,0.365876,0.026530,-0.108746,0.116731,0.035536,0.173136,0.052282,0.236258,0.161111,-0.043769,-0.074423,0.246466,-0.094532,0.125518,0.101330,0.147448,0.083107,0.141434,-0.160949,0.311882,-0.011083,0.132018,-0.000338,-0.050949,-0.028295,0.162926,0.151138,0.184642,0.259645,0.208176,-0.175812,0.005047,0.003423,0.358528,0.191564,0.068179,-0.047612,0.303347,0.308067,-0.000075,0.375413,-0.106361,0.247336,0.254025,0.042955,0.041044,0.157559,0.269825,0.243957,0.036062,0.206515,0.294810,0.244152,0.055286,0.101170,-0.010782,0.099979,0.227322,0.147056,0.056929,-0.064309,-0.026773,-0.007845,0.028404,-0.060649,-0.080468,-0.123579,0.337117,0.074904,-0.013380,-0.176133,0.113794,0.084036,0.005392,0.175946,-0.079308,-0.242293,0.010326,0.340714,0.201496,0.093822,0.145391,0.192650,0.152727,0.099703,0.063736,0.122441,0.044267,-0.153579,-0.016333,-0.095557,-0.111265,0.336120,0.230985,0.205656,-0.207626,-0.036429,0.076887,0.108626,0.082309,0.041783,0.201548,0.157924,0.178399,0.217700,0.264907,-0.003698,0.120177,0.049152,-0.062713,0.325654,0.217939,0.213284,0.128900,-0.101791,-0.035462,-0.092723,0.007999,0.106866,0.119426,0.348947,0.185836,0.040997,0.205982,0.257432,0.252877,0.177277,-0.081191,0.145964,-0.148989,0.140996,0.239243,0.272925,0.292751,0.078908,0.360480,0.041293,0.173715,-0.023978,0.012464,0.161027,0.114388,0.165288,0.147335,0.118446,-0.074403,0.184270,0.163545,-0.055471,0.120780,0.251477,0.045922,0.199559,0.052048,0.027562,0.030477,-0.011690,0.239649,0.211550,-0.021808,0.005734,0.323531,0.113772,0.191280,0.101249,-0.006822,0.034139,0.028678,0.128581,0.123389,0.086139,-0.004947,0.187536,0.114192,-0.099615,0.355643,0.363527,0.054884,#
9,0.036736,0.147635,0.115579,0.039675,0.140933,0.122658,-0.000130,0.012927,0.122172,1.000000,0.297278,-0.136268,0.091189,-0.238763,0.185409,0.330625,-0.106158,0.049169,0.236757,0.179736,0.110317,0.106310,0.214487,0.275082,0.057918,-0.173698,-0.024188,0.089380,0.027629,0.109549,0.279858,-0.052270,-0.150084,0.227793,0.146946,0.149320,-0.095143,0.116176,0.312893,-0.096069,0.249530,-0.134728,0.091351,-0.074989,0.060473,0.142597,0.158848,0.044990,-0.128815,0.022630,0.021469,0.056608,0.007178,-0.085326,-0.102086,0.332266,0.128358,-0.065800,0.184878,0.037570,0.111050,0.149910,0.214299,0.166477,0.223609,0.235521,0.027281,0.151732,0.026651,-0.091054,0.378961,0.216254,0.118389,0.060041,-0.086992,0.056430,-0.142642,-0.006356,0.076998,0.320727,0.156710,0.000147,-0.120317,-0.162551,0.221282,-0.140391,0.034547,0.307757,0.092009,-0.268387,-0.053277,0.313846,0.043855,-0.025940,0.094837,-0.103679,0.264697,0.332435,0.071878,-0.261559,0.125466,-0.026120,0.466243,-0.175574,0.266372,-0.013794,0.055914,-0.136168,0.090050,-0.117864,0.131620,0.176236,0.322147,0.340572,-0.117101,-0.072542,0.036693,-0.178467,-0.017047,-0.054081,0.055374,0.282155,0.008393,0.103737,-0.026434,-0.160953,-0.142467,0.236415,0.162535,0.138870,0.105626,0.064659,0.224256,0.316239,0.026403,-0.085227,0.030555,0.039734,-0.134917,-0.143593,-0.052960,-0.038693,0.198131,0.274902,0.067034,-0.110486,-0.026133,0.067673,-0.172044,-0.085257,0.127367,-0.188861,0.176293,0.087404,0.135765,-0.000319,0.172642,0.240147,0.007697,0.027087,0.113394,-0.084303,0.215788,0.319626,0.212610,-0.053744,0.069932,-0.011577,0.100971,0.026826,0.185308,0.030034,-0.026698,0.157823,0.157681,0.303467,-0.021810,0.014582,0.043385,0.167512,0.071528,-0.189147,0.180047,-0.006750,-0.000493,-0.025440,-0.069606,-0.230997,0.325712,0.121253,-0.015438,0.000132,-0.057654,-0.005701,0.033115,0.068146,-0.131247,0.240549,-0.049613,-0.080149,#
10,0.014005,0.271481,0.300027,-0.048394,-0.085059,0.089154,-0.117228,0.200342,-0.018729,0.297278,1.000000,-0.048241,-0.151993,-0.266223,0.069161,0.123234,-0.016382,-0.001843,0.022750,0.160252,-0.018233,-0.167934,-0.073227,0.053216,0.112698,-0.067133,-0.021993,0.197434,-0.288869,-0.044786,-0.072421,-0.012105,-0.055183,0.063392,-0.012257,0.118516,-0.056590,-0.023247,0.067366,-0.104131,0.235890,-0.099014,-0.036860,-0.181261,0.075179,-0.037949,0.158243,0.021260,0.056536,0.332829,-0.175548,0.091404,0.137592,-0.004546,0.029457,0.042114,-0.205906,-0.266639,0.042925,0.092854,-0.046900,0.056456,0.050719,0.183427,-0.054717,0.083437,0.234566,0.103841,-0.067739,-0.083991,-0.195733,0.252992,0.026209,-0.054639,0.013588,-0.043078,-0.189500,-0.007913,-0.010787,-0.019524,0.233968,-0.019038,-0.046222,0.038852,0.106170,-0.071998,-0.151030,0.228092,-0.068045,0.102607,0.010687,0.263790,0.038507,0.122407,-0.043827,0.146115,-0.140084,-0.103177,0.199412,-0.075647,0.018941,-0.024665,-0.063301,-0.007109,0.172949,-0.190635,0.134002,0.145181,-0.005543,-0.082311,0.052642,-0.036142,0.055111,0.051389,0.019246,0.229831,0.003702,-0.101090,-0.041003,-0.049829,0.031388,0.163046,-0.251532,-0.046774,-0.076915,-0.215557,0.207733,0.152038,0.093201,-0.007417,-0.064367,-0.016300,-0.041068,0.025462,-0.000851,-0.100113,-0.167645,0.366808,-0.140304,0.034410,0.275807,-0.002416,-0.097033,0.015257,0.206027,-0.179504,-0.241833,-0.167604,-0.047163,-0.001666,0.058534,0.029104,0.185176,-0.007264,-0.137096,0.052584,0.178184,-0.091406,-0.115741,-0.052634,0.144515,-0.066041,0.249642,0.188477,0.105018,0.007369,0.315879,-0.077007,0.077799,0.228980,0.056371,-0.047989,-0.108036,0.160712,0.104197,-0.184852,0.154054,0.189645,-0.160577,0.077890,-0.050970,-0.092232,0.218710,-0.026066,0.106898,-0.103205,-0.000424,-0.316154,0.117215,-0.018047,0.122224,0.090785,0.113209,-0.169358,0.087609,-0.165376,-0.321277,0.213407,-0.051614,0.294439,#
11,0.015234,0.149213,0.253743,0.061665,0.211220,-0.088374,0.182185,0.091868,-0.017726,-0.136268,-0.048241,1.000000,-0.056039,0.074613,-0.050805,-0.210324,-0.150816,0.115268,-0.010524,-0.350387,0.124384,0.276471,-0.093953,-0.148790,-0.005071,0.319736,-0.270072,0.062849,-0.094398,0.120545,0.067253,0.069871,0.048525,0.096600,0.075291,-0.053273,0.264771,0.153854,0.029487,0.251160,-0.213701,0.073875,0.202985,-0.025843,-0.072248,0.157503,0.174310,0.017431,0.004345,-0.011501,-0.056735,0.197240,-0.042081,0.127650,0.031664,-0.175695,-0.320804,0.162651,0.050915,0.012772,0.242022,-0.147019,-0.058812,-0.195539,0.058022,0.148184,0.130742,0.160400,0.207210,0.237734,0.119767,0.179292,0.144294,0.104642,-0.055327,-0.210821,0.065006,-0.096385,-0.101051,-0.214697,-0.000231,0.209202,0.298159,-0.220054,0.246628,-0.065120,-0.071783,0.026514,0.012161,0.032434,-0.001478,0.172573,0.010654,0.252561,0.027075,0.047063,-0.210675,-0.094153,0.057244,0.126967,0.069987,0.171298,-0.092424,0.027159,-0.188862,0.240005,-0.078398,0.228537,0.140965,0.109855,0.083548,0.077377,0.069341,0.047277,-0.163461,0.199097,0.136089,0.028667,-0.345075,0.158406,-0.079284,-0.213021,-0.004560,0.037639,0.078141,-0.114906,-0.056247,-0.119921,0.154384,-0.018374,0.003464,0.217008,0.025030,0.063233,-0.122584,-0.108565,-0.220999,0.161282,-0.028499,0.358989,0.179693,-0.159796,-0.127113,0.196462,0.185901,0.107735,0.096403,-0.037483,-0.164734,-0.067455,0.011304,0.191473,0.019665,0.021702,0.125692,0.023686,0.023311,-0.133723,0.162812,-0.179527,-0.001466,0.263642,-0.140040,-0.045347,-0.094451,0.024556,-0.018775,0.066683,-0.115006,0.203550,-0.091571,-0.038029,0.035372,-0.142093,0.091791,-0.099380,-0.036094,-0.117586,-0.083770,0.035180,0.226719,-0.049081,0.242117,-0.220872,0.001302,0.014557,-0.155382,-0.014217,0.101582,0.440346,-0.025969,0.139284,0.187375,0.263333,0.206608,-0.103730,0.102417,0.181159,-0.082520,0.281700,#
12,-0.011051,0.022186,-0.019425,0.020546,0.083305,0.126973,0.121368,0.083905,0.050133,0.091189,-0.151993,-0.056039,1.000000,0.110904,0.243094,0.074568,0.324051,0.291219,0.096787,0.160955,-0.050912,0.127737,0.178379,0.118496,-0.116243,-0.076171,0.265093,0.210026,0.119508,0.014604,0.103943,0.049669,0.288871,0.010835,0.033059,0.031768,-0.008006,0.011321,-0.091210,0.227956,-0.015483,-0.110059,0.282196,0.297821,0.149265,0.196760,0.222414,-0.132162,0.152756,-0.022089,0.308803,-0.206083,-0.002586,0.281992,0.082932,0.098663,-0.059588,0.060187,-0.010397,-0.191731,0.066263,0.491980,-0.197075,0.213966,0.310566,0.007336,-0.131219,0.041313,0.017314,0.008744,0.177045,0.154680,0.301780,-0.002566,0.259170,0.200733,0.080789,-0.170558,0.025356,0.087420,0.307137,0.002241,-0.064880,0.056480,-0.019903,0.090303,0.057963,0.142137,0.221435,-0.027746,-0.068859,-0.138959,0.069152,-0.034053,0.066978,0.164596,0.403191,0.248396,-0.165202,0.124572,-0.098598,0.134282,0.122966,0.401626,0.052085,-0.026562,0.033819,0.043673,-0.042169,0.011851,0.268192,0.103297,0.027436,-0.063098,0.102571,-0.047067,0.274441,-0.268830,0.018398,-0.188012,0.100248,0.161045,0.028169,0.330648,0.123330,-0.127255,0.059221,-0.213514,-0.184351,-0.134062,0.056335,0.102946,-0.057802,0.166429,0.186551,-0.186879,0.190419,0.089333,0.346568,-0.018214,-0.045017,0.243517,0.174665,0.000353,0.201744,0.127957,0.097635,0.140031,0.056526,0.226013,0.088109,0.156010,0.201631,-0.018144,0.027485,0.411785,-0.004326,-0.083977,-0.027151,0.026878,0.088205,0.292754,0.211559,0.104769,0.245229,0.073767,0.112438,0.205000,-0.102109,-0.113077,0.076251,0.282965,0.179271,0.066872,0.250186,0.054696,0.094969,0.029783,0.090450,-0.132355,0.066888,0.246476,0.070386,-0.044026,-0.006679,0.062618,0.142958,0.193364,0.038647,-0.184108,0.011230,-0.062862,0.101078,0.104772,-0.132409,0.065986,-0.072131,0.007103,0.002575,-0.070948,#
13,-0.159248,-0.307799,0.062327,-0.102717,0.000046,-0.044795,0.066497,-0.050117,0.031716,-0.238763,-0.266223,0.074613,0.110904,1.000000,0.064293,-0.271585,0.019152,-0.000056,0.227125,-0.045773,0.223048,0.034473,0.058548,-0.015595,-0.316043,0.066253,0.015322,0.154157,0.018160,-0.083655,-0.132551,-0.135408,0.264089,-0.063184,0.136426,-0.182676,-0.169214,0.176472,-0.369971,0.139051,-0.000164,0.121248,0.072301,0.074835,0.254500,0.017404,0.078626,-0.078971,0.104667,-0.303963,0.055456,-0.062804,-0.139121,0.330781,-0.081578,-0.000436,-0.018875,0.169651,-0.015664,0.000295,0.044668,0.138731,0.033819,-0.061018,0.021243,-0.056386,-0.069070,0.125077,0.154962,-0.054184,0.109080,-0.039048,-0.081175,0.000658,0.160724,0.224042,-0.000051,0.017213,-0.015052,0.319866,0.067014,-0.000202,0.257616,-0.029533,-0.183889,0.016704,0.071250,-0.283061,0.198698,-0.064633,0.091813,-0.020534,0.171116,0.066648,0.133167,-0.193465,-0.119543,0.100355,0.073896,0.330055,-0.000283,0.236423,-0.018635,0.201108,-0.015145,0.140864,-0.054496,-0.129799,0.115986,0.047436,-0.018606,0.146633,0.260328,-0.156282,0.212670,0.123933,-0.000756,0.203189,0.014695,0.504710,0.063726,-0.131482,0.085313,-0.125105,-0.137400,-0.276587,-0.244936,-0.207723,0.014023,0.000058,-0.143251,0.221827,0.099513,0.178648,0.217439,-0.172188,0.125585,-0.043423,-0.031104,0.000881,-0.294950,0.019169,0.318829,0.153339,-0.038603,0.067796,0.178109,-0.016403,-0.110587,0.044089,-0.093404,0.058417,0.015570,0.106379,0.019524,0.133585,-0.249703,-0.045489,0.076300,0.167594,0.064589,0.054712,0.036851,0.167932,0.013857,0.097052,-0.163938,-0.058850,-0.099926,-0.117988,0.016825,0.116538,0.207199,0.000000,0.169773,-0.250007,-0.167684,0.092436,0.148308,-0.069313,-0.061401,0.285867,-0.108391,-0.049358,0.284940,0.105580,0.282740,-0.125162,-0.317093,-0.051470,0.058239,-0.134838,0.056944,0.275451,0.085227,0.222273,0.034314,-0.311092,0.234458,0.058222,#
14,0.197885,-0.126496,-0.035020,0.137548,0.056569,-0.057101,-0.145271,0.162689,0.140622,0.185409,0.069161,-0.050805,0.243094,0.064293,1.000000,0.186431,0.016057,-0.075226,0.538283,0.273333,0.023722,-0.002453,0.220642,0.125667,0.072050,-0.170509,0.114179,0.118121,0.295629,-0.013230,0.015401,0.256725,0.071185,0.247085,0.323112,0.096429,0.065089,0.139692,0.039299,0.306604,-0.213271,-0.143524,0.001770,0.033719,0.262956,0.128849,0.136813,-0.066263,-0.163028,0.145611,0.050964,-0.098313,0.115003,0.227971,0.187371,0.085231,0.249534,0.131846,0.190535,0.038012,0.139910,0.187166,0.123211,0.331897,0.076221,-0.193753,0.011971,0.079832,-0.163107,0.302186,0.135843,0.084372,0.081782,0.026611,0.297750,-0.003040,0.346184,0.105648,-0.017999,-0.076441,0.037128,0.111756,0.057238,0.195090,0.115131,-0.005953,-0.171841,0.102866,-0.071790,0.047438,-0.196939,0.019938,0.276019,0.149405,-0.004175,0.139305,0.327697,0.084774,0.079776,0.041057,0.182022,0.273875,0.127272,0.141214,0.345470,-0.114343,-0.141908,-0.102383,-0.277141,-0.071186,-0.006072,-0.133565,0.131089,0.161564,0.042546,0.120232,0.156712,-0.410326,0.054475,-0.007739,0.186794,0.210513,-0.083172,0.010486,0.110221,-0.105509,-0.070616,0.259885,0.048976,0.132655,-0.098310,-0.066234,-0.069125,0.261402,0.254620,0.049645,-0.157881,0.108890,0.080538,-0.203899,-0.081603,0.000874,0.286929,0.156430,-0.229621,0.300283,-0.081272,-0.039456,0.016210,-0.064322,0.145930,0.060666,0.075467,0.079359,-0.052556,0.289333,0.175508,0.053821,-0.057049,0.186523,0.147171,0.062032,0.125271,0.049389,0.098003,0.135828,0.207929,0.008705,0.059094,0.203474,-0.135399,-0.112746,0.273468,0.030519,-0.047543,0.017728,0.192084,0.113977,0.097344,-0.077461,0.284851,0.242919,0.003649,0.062898,-0.038790,-0.137621,0.089019,-0.247824,-0.116190,0.020470,-0.071747,0.008265,0.099522,0.059306,0.171042,0.035708,-0.150258,-0.001074,0.281240,-0.171173,#
15,0.330272,0.135579,0.001331,-0.003088,0.062591,0.093015,0.140613,-0.101046,0.341160,0.330625,0.123234,-0.210324,0.074568,-0.271585,0.186431,1.000000,0.092255,0.287852,0.215840,0.172238,-0.136961,0.129212,0.307436,0.258929,0.077435,-0.073102,0.151665,0.090939,-0.035535,0.167311,-0.045290,0.182453,-0.026879,0.157705,0.023865,0.196819,0.058524,-0.080922,0.174998,0.081476,0.134680,-0.012750,0.087515,0.111601,0.073778,-0.136862,-0.172801,0.249811,0.054014,0.160895,-0.242730,0.336884,0.070987,0.076993,0.136283,0.046898,0.083485,-0.040825,0.233781,0.122184,0.205934,-0.079946,0.169283,0.121927,0.022444,0.312873,0.081919,0.222901,-0.022032,-0.100118,0.089378,0.094508,0.052240,0.061386,0.133530,-0.133120,-0.059537,-0.093074,0.006906,0.007857,0.106657,-0.209063,-0.353325,0.076228,0.177537,0.154854,0.081627,0.328011,-0.090493,0.141836,0.108452,0.060758,-0.075241,-0.121705,0.152764,0.130047,0.206190,0.062235,0.069539,0.111761,0.371340,0.092117,0.071239,0.131034,0.188543,-0.036332,0.108212,-0.033028,0.031498,-0.080016,-0.017688,0.197602,-0.022366,0.064671,-0.015472,0.067247,-0.016601,-0.293280,-0.076756,-0.177296,0.174702,0.117622,0.154544,-0.153059,0.155648,0.218955,0.133877,0.391595,-0.072482,0.372837,-0.174521,-0.053696,0.047001,0.332458,0.092292,0.044870,-0.081028,-0.281859,-0.083261,-0.033938,0.209928,0.068392,0.126605,0.136535,0.023512,-0.060198,-0.032206,0.010468,-0.077023,-0.136780,-0.077970,-0.159704,0.037539,-0.119343,0.194586,-0.010373,0.314455,0.257919,-0.101720,0.146680,0.054957,-0.010108,0.189047,-0.020610,0.026809,0.235415,0.091553,0.159501,0.380007,0.039251,-0.016078,0.271157,-0.172047,0.139531,0.066820,0.076919,0.243333,0.209725,-0.007144,0.105932,0.107711,-0.211016,0.046947,0.381633,0.020972,0.129932,-0.038458,0.127013,-0.010218,-0.097700,-0.184690,0.142624,0.156170,-0.086427,-0.182654,0.193110,0.006232,0.123629,0.090615,-0.016945,#
16,0.373135,-0.074382,-0.192335,-0.000265,0.045898,0.107569,-0.101330,0.102292,-0.143534,-0.106158,-0.016382,-0.150816,0.324051,0.019152,0.016057,0.092255,1.000000,0.148966,-0.029020,0.299267,0.083281,-0.173856,-0.118754,0.147858,0.000217,-0.067605,0.205136,-0.196105,-0.124219,0.203409,-0.224702,0.016919,0.107680,0.162141,0.061733,-0.083114,0.038278,0.053877,0.051402,0.125934,-0.146377,-0.076670,0.240058,0.122135,-0.059985,-0.053199,-0.064699,-0.000418,0.071179,0.132465,-0.037996,-0.063643,0.106686,0.305023,0.041629,-0.000278,-0.059076,-0.038599,0.015021,-0.213149,-0.169358,0.425495,-0.068359,0.020440,-0.131031,0.000137,-0.370735,0.239266,0.035336,0.185088,-0.253225,0.039454,0.207870,0.078713,0.065858,-0.031839,-0.187113,0.017063,-0.031324,0.038745,-0.068342,-0.236555,-0.175703,0.306023,0.171506,0.176093,0.036173,0.144068,0.324151,0.032970,-0.046217,-0.127035,0.154877,-0.219551,0.090561,0.106499,-0.086868,-0.014128,-0.000361,0.106889,-0.205057,0.016875,0.075339,0.119276,-0.045520,0.161380,0.146841,0.018217,0.084473,-0.065672,0.038354,0.014784,0.052758,-0.059282,0.144689,-0.158773,0.233077,-0.093483,0.091457,0.035452,0.242087,0.208714,0.173284,0.073178,0.298326,0.015282,0.214804,-0.121077,-0.027277,0.095731,0.131458,-0.150831,-0.060083,-0.142929,0.239421,0.015940,0.064196,-0.103812,-0.096746,-0.019816,0.060048,-0.080672,-0.015689,-0.063733,-0.058319,-0.151981,0.112097,-0.097903,0.113955,0.359308,-0.238480,0.237998,-0.031647,-0.054627,-0.079438,0.194741,0.072941,0.107472,-0.096053,0.228228,0.115671,0.055451,-0.018581,-0.077900,-0.044205,-0.084641,0.049887,0.166118,-0.040587,-0.206470,0.139562,0.039860,-0.016823,0.018454,-0.086648,0.016612,0.037587,-0.075466,0.227522,-0.035431,-0.141234,0.051018,-0.109914,-0.185260,0.096727,0.151097,0.078895,0.226407,-0.000093,-0.106000,0.099429,-0.000164,-0.209465,-0.081899,-0.122162,0.242978,0.016923,-0.193919,-0.202913,0.059502,#
17,0.226751,0.120658,-0.067998,0.149705,0.049045,0.110036,0.144417,-0.045074,0.140381,0.049169,-0.001843,0.115268,0.291219,-0.000056,-0.075226,0.287852,0.148966,1.000000,-0.058497,-0.101492,0.059949,0.120320,0.149705,0.217504,-0.210755,0.065798,0.229831,0.021687,-0.131326,0.057013,0.156930,0.061998,0.161052,0.073652,0.049065,0.245836,-0.125434,0.252606,0.278458,0.128056,0.217652,0.188322,0.169650,0.192180,-0.101094,0.150562,0.036252,0.328693,0.095832,0.006585,0.095544,0.127661,0.072358,0.139492,-0.079555,0.089186,0.012681,-0.039587,0.017668,-0.039998,0.130093,0.004274,-0.095338,0.217232,0.190967,0.358328,0.221040,0.295429,0.139988,0.083473,-0.043608,0.295913,-0.038279,-0.173469,-0.029408,0.147132,0.001233,-0.111147,-0.082960,-0.013001,-0.000603,0.036862,-0.177992,0.085830,0.011825,-0.028289,0.324751,-0.040604,0.110988,0.140267,0.097195,-0.042532,0.174077,0.086587,0.184715,0.265475,0.007751,-0.062850,-0.131233,-0.023670,0.265708,-0.085802,-0.114992,0.206214,0.122698,0.007824,0.246425,0.113361,0.305512,0.036405,-0.057487,0.005423,-0.158575,-0.028235,0.071606,-0.045484,0.076832,-0.072401,-0.032691,0.037713,0.153979,0.024464,0.064981,0.076734,0.165780,0.257599,0.064136,-0.060007,-0.056665,0.069886,0.308899,0.062258,0.168359,0.018335,-0.077840,0.035810,0.192076,-0.062350,0.154109,0.159605,0.231675,0.160966,0.257727,0.173032,0.149674,0.086906,-0.040264,0.251188,-0.098103,-0.060748,0.092106,-0.096558,-0.016598,-0.087524,0.261209,0.196312,0.187011,0.121369,0.136931,-0.121285,-0.019648,0.141762,0.043282,0.344391,0.035502,-0.021213,-0.072754,0.056708,0.229761,-0.104814,0.067941,-0.112352,-0.028575,0.000154,0.127323,0.068107,0.298484,-0.067008,-0.001525,0.234559,0.305449,0.108921,0.069452,0.129896,0.033455,0.224057,0.110890,0.208140,0.059371,-0.046343,-0.060011,0.187855,0.108454,0.055151,0.090936,0.174368,-0.067403,0.192135,-0.089998,0.193452,#
18,0.269957,-0.127314,0.020715,0.264290,0.111186,-0.165641,0.105157,-0.075572,0.083619,0.236757,0.022750,-0.010524,0.096787,0.227125,0.538283,0.215840,-0.029020,-0.058497,1.000000,0.221731,0.006695,0.002487,0.172910,0.233246,-0.099752,-0.039896,-0.005622,0.136535,0.057574,-0.078203,-0.038490,0.026274,0.149346,0.195450,0.314796,0.052754,-0.067882,0.033795,-0.059219,0.361266,0.071550,-0.105154,0.254148,-0.162655,0.286914,-0.015001,-0.047685,-0.163834,-0.264296,0.177704,-0.044313,-0.064974,0.158542,0.159971,0.314490,0.158342,0.030167,0.115349,-0.020773,0.121680,0.170494,0.021402,0.345130,0.177032,0.358951,-0.040327,0.169092,-0.092489,-0.277459,0.053142,0.075766,0.027452,-0.061897,-0.020484,0.183211,0.005217,0.174277,0.032436,-0.068845,0.199129,0.116174,0.030207,0.027500,0.163179,-0.013009,-0.090672,-0.030956,0.125906,0.007575,0.032682,0.125045,-0.046107,0.059269,-0.191279,0.058209,0.131732,0.272847,-0.016175,-0.030645,0.162099,0.186100,0.289900,0.174312,0.138080,0.391968,-0.004859,0.131569,-0.194506,-0.119665,-0.247640,0.200505,-0.158246,0.300178,0.107949,-0.076537,-0.008186,-0.053946,-0.272462,0.012279,0.061357,0.122235,0.083066,0.054042,-0.194710,-0.014411,-0.120524,-0.246338,0.360515,0.079292,0.033646,-0.229378,0.221959,-0.048032,0.262187,0.166108,0.095056,-0.084152,0.177360,-0.159629,0.063775,-0.111413,0.111164,0.173636,0.194824,-0.074477,0.175069,0.118286,0.077984,-0.273943,-0.039460,-0.063755,0.007291,0.077827,0.051850,-0.030298,0.128397,0.117066,0.064466,0.055265,0.154457,0.200133,0.031178,0.131968,0.210576,0.019188,0.329790,0.104452,-0.035879,0.112401,0.261542,-0.130746,0.012023,0.131574,0.205039,0.119332,0.204364,0.142920,-0.032808,0.127274,0.024338,0.001434,0.015553,0.091079,-0.123450,0.226257,-0.168380,0.326768,-0.222507,-0.068766,-0.056025,0.049392,0.079496,0.089568,0.274749,0.184977,0.166629,-0.010800,-0.106122,0.100657,-0.034665,#
19,0.255437,0.048505,0.058646,-0.129602,0.207001,0.336980,-0.028647,0.032913,0.108951,0.179736,0.160252,-0.350387,0.160955,-0.045773,0.273333,0.172238,0.299267,-0.101492,0.221731,1.000000,-0.053012,-0.278606,0.146926,0.101375,-0.038649,-0.077564,0.171237,0.152050,-0.073823,0.134428,0.218521,-0.073448,-0.031232,0.058846,-0.094236,0.041101,0.050084,-0.069885,0.143562,0.171873,0.060324,-0.096134,0.134830,-0.043400,-0.025397,0.150603,0.151606,-0.111819,0.161944,0.224674,-0.064609,-0.022938,0.041083,0.213729,0.101936,0.179533,-0.018095,-0.107750,0.158560,0.059968,0.053145,0.436840,0.251823,0.281549,0.130681,-0.183205,-0.088588,0.090953,-0.150232,-0.083376,0.162947,-0.034135,0.060391,0.149652,0.035269,0.134770,0.054591,0.122366,0.309051,0.229034,0.072783,-0.168914,0.153092,0.184838,-0.087067,0.113498,-0.105277,0.242639,0.132380,-0.230793,-0.026622,-0.028796,0.169177,-0.110169,-0.026675,0.209733,0.278446,0.106561,-0.157438,0.103641,0.128771,0.056274,0.098406,0.125609,0.273031,0.315732,0.173262,0.128619,-0.044404,-0.227127,-0.057018,0.058232,0.086991,-0.046514,0.068871,-0.078962,0.349469,-0.070113,0.105610,-0.294525,-0.057072,0.154268,-0.076171,0.019770,0.213427,-0.068212,0.214903,0.026530,0.008251,0.044703,0.074422,-0.053456,-0.117962,0.203019,0.453427,-0.142897,0.096053,0.140617,-0.239377,-0.212501,-0.016710,-0.030151,0.081761,0.043587,0.110500,0.060164,0.029000,-0.062833,0.056235,0.111603,0.094350,0.242251,0.146389,-0.081280,0.023142,0.238255,0.182014,0.141407,0.026835,0.249668,0.377301,-0.200601,0.124050,-0.038655,0.202035,0.162768,0.086947,0.159172,0.258490,-0.000142,0.024830,0.077463,0.390551,0.252953,0.044681,-0.099360,0.148366,0.161347,0.263373,-0.093973,0.007381,0.065800,0.143025,0.175408,0.269491,-0.027578,0.048944,-0.079053,0.016735,-0.043763,0.208257,0.232028,-0.138709,0.023119,0.028480,0.247268,-0.373359,0.025380,0.254602,0.045889,#
20,-0.234478,-0.276067,0.060793,-0.044790,0.288298,-0.129800,0.172080,-0.097278,-0.254059,0.110317,-0.018233,0.124384,-0.050912,0.223048,0.023722,-0.136961,0.083281,0.059949,0.006695,-0.053012,1.000000,0.101818,-0.068028,-0.087742,0.026849,0.299762,0.094631,-0.165743,-0.077813,-0.050613,-0.100825,-0.221935,-0.059571,0.027209,0.196930,0.117841,0.165470,0.131763,0.242004,0.209200,-0.071720,0.032956,0.081539,-0.166887,0.215596,0.049811,0.165746,-0.229375,-0.341210,-0.071293,-0.221322,-0.051808,-0.111111,0.330590,0.091540,0.085258,0.099591,0.196812,0.079047,-0.040194,0.102018,-0.013134,-0.004801,-0.039790,0.014343,-0.121721,-0.042720,0.070749,-0.143330,0.062493,0.279872,0.173481,-0.199310,-0.078755,0.080468,-0.075487,-0.279996,-0.016715,-0.077256,-0.035583,0.071324,0.039336,0.001589,-0.151917,0.027131,0.131561,0.047910,0.001761,0.152166,-0.201463,0.045810,0.005398,0.042461,0.029473,0.318183,-0.212430,0.023682,0.169817,-0.050901,-0.006472,0.023094,0.002445,0.285441,-0.224307,0.122190,-0.049788,0.037273,-0.104646,-0.215679,0.257911,0.183809,0.153838,0.041566,-0.123437,-0.077754,-0.103900,0.217886,0.160756,-0.065564,0.199976,0.209191,0.104397,-0.010818,0.063855,-0.009739,-0.008387,-0.161145,-0.012628,0.367377,0.078974,0.294845,-0.090106,0.076229,0.161088,-0.022201,-0.154984,-0.088413,-0.245352,-0.013452,-0.018611,-0.104537,0.022717,0.292269,-0.040159,-0.077785,-0.006639,-0.120831,-0.015657,-0.194846,0.161507,0.156865,-0.030101,-0.055338,0.258212,0.091135,-0.169743,-0.099661,-0.180930,0.015029,0.151515,-0.020072,0.080760,-0.032849,0.045968,-0.008937,-0.253954,0.009772,-0.009580,0.001293,-0.070885,0.104528,-0.308137,-0.032568,0.000388,-0.049108,-0.077125,-0.216403,-0.159235,0.091334,0.022539,-0.023358,-0.055302,-0.073408,-0.048332,0.169542,0.009122,-0.016744,-0.045148,-0.111239,0.252923,-0.202798,-0.102807,-0.123147,0.252524,0.001707,-0.110800,-0.060707,-0.003074,0.258358,0.168941,#
