0,1.000000,-0.048032,-0.185117,-0.017038,0.136749,0.144173,-0.165898,0.043526,0.087337,0.020607,-0.179061,-0.089960,0.124813,-0.313266,0.236052,-0.098961,0.081609,-0.042398,-0.096407,0.300818,-0.221922,-0.048286,-0.003648,-0.070673,0.272645,-0.052771,0.365957,-0.043481,0.025823,-0.076141,-0.180493,-0.076555,0.040381,-0.172173,0.293521,0.033032,0.084363,-0.091211,0.258793,0.155052,-0.142684,-0.023943,-0.085769,0.164477,-0.154765,0.060485,0.115774,-0.358301,-0.133424,0.171915,0.310041,0.039665,0.094504,0.159001,0.057691,0.199679,-0.096295,0.187943,-0.033861,-0.141177,0.147320,-0.106482,-0.103440,-0.009715,-0.004586,0.133286,-0.199164,0.126784,0.044784,0.159522,0.020305,0.129244,0.013032,-0.271544,0.093545,0.086204,-0.363799,-0.090808,-0.170496,0.048729,0.268658,0.132790,-0.110081,-0.029354,-0.176699,0.059923,0.034357,-0.383226,-0.038152,0.134546,0.012124,-0.258912,-0.287048,-0.131610,-0.194754,0.115250,0.106907,0.010948,0.071868,0.197568,-0.152745,-0.097031,-0.050027,0.041613,0.211354,-0.193327,-0.384476,-0.019286,0.084268,-0.038603,0.240465,-0.143050,-0.059418,0.091125,-0.059852,0.047920,0.033375,-0.059509,0.286751,0.173868,-0.019603,-0.017565,0.216178,0.094749,-0.074185,0.042070,0.075471,0.103950,0.170224,-0.234956,0.223973,-0.116068,-0.172564,-0.086582,-0.094406,-0.066788,0.173378,0.228225,-0.107737,-0.249968,-0.103977,0.239429,-0.169373,-0.001599,-0.110564,0.018381,0.075463,-0.031345,0.095597,-0.060217,-0.077578,-0.147304,0.019479,-0.255691,0.056033,-0.060267,0.080367,0.039585,-0.003358,0.138941,0.027099,0.250739,0.006940,-0.199752,0.299621,-0.042153,-0.050261,0.010492,0.175015,0.036286,0.058400,-0.020614,0.292776,-0.038044,-0.006454,-0.332694,-0.085542,0.064409,0.155237,0.035019,-0.208247,-0.116995,-0.147479,-0.132093,0.091303,0.037294,-0.117233,0.146393,-0.088383,0.002048,-0.087517,-0.018681,-0.040172,-0.085557,0.107569,-0.187934,-0.057738,-0.129258,-0.113403,0.171421,#
1,-0.048032,1.000000,0.236092,0.262995,-0.040085,0.033079,0.186930,-0.004094,-0.097773,0.035435,-0.010655,-0.210750,0.000489,0.077984,-0.266482,-0.063925,0.236984,0.057026,0.212889,-0.150282,0.394225,0.136840,-0.012966,0.259418,0.116192,-0.100394,-0.040706,0.008110,-0.041053,0.056690,-0.060030,0.286692,0.136686,-0.125165,0.011736,0.176322,-0.047909,0.111817,-0.042063,0.011716,0.274706,-0.075649,0.023330,0.031034,0.166485,0.338451,0.072159,0.006429,-0.253431,0.142565,0.160423,0.137707,0.144678,0.170999,0.095975,0.195265,-0.253054,-0.023404,0.151600,-0.075593,0.180667,-0.012281,0.038951,0.074727,-0.122822,0.127489,0.147642,-0.005684,0.254696,0.133120,0.162212,0.179140,0.186462,0.180434,-0.091823,-0.243453,0.221567,0.171000,0.152008,-0.002012,0.057697,0.243138,0.033184,0.010668,0.131780,0.101305,0.090022,-0.076440,0.045516,0.186290,0.156604,0.118318,0.089212,-0.145738,0.159733,0.082965,-0.077289,-0.166861,0.099639,0.099912,0.052385,0.109458,0.200801,0.121837,0.181531,0.067137,-0.180774,0.164357,0.136786,0.118986,0.053704,0.118974,-0.047647,-0.072379,-0.067136,-0.006081,0.246641,0.344544,0.132015,-0.058622,0.068264,0.069321,-0.138772,0.246224,0.036132,0.070277,0.264659,0.084374,0.114567,-0.071497,0.031671,0.059860,-0.011281,0.272378,-0.059768,0.020297,-0.005336,-0.070837,0.029172,0.054437,-0.051739,0.090862,-0.328092,-0.057112,-0.046602,-0.114070,0.166898,-0.141097,-0.233930,-0.024207,-0.033410,-0.111073,-0.191236,0.121190,0.057186,0.001436,0.012911,-0.115683,-0.050137,0.137883,-0.036512,0.039578,0.282293,0.147416,-0.213737,-0.105225,0.141501,0.125148,-0.169497,-0.025269,0.360655,-0.166271,0.083740,-0.109440,0.131152,0.026700,0.049613,0.240173,0.061467,-0.112134,0.045023,-0.146600,-0.054967,0.028217,-0.122236,0.175109,0.000284,-0.121696,0.159431,0.086814,-0.184200,0.302777,0.065921,0.287360,0.156590,0.280394,0.307443,-0.079044,0.057731,0.080035,#
2,-0.185117,0.236092,1.000000,0.038115,-0.043190,0.039967,0.154583,0.110154,-0.180471,0.094248,-0.014632,-0.133733,0.057298,-0.128985,-0.073257,0.077433,0.000464,0.132522,0.173746,0.050870,0.123944,0.200880,-0.196651,-0.026844,-0.035795,-0.151097,-0.039469,-0.114737,-0.109963,0.074496,0.035864,0.128062,0.342025,0.294384,0.228147,0.059575,0.105747,-0.038508,0.079445,0.247429,0.349272,0.134330,-0.227010,0.040375,0.041512,0.315897,0.083612,0.102229,0.114926,0.299189,-0.086562,-0.003278,-0.029682,0.186342,0.180209,0.151838,0.171269,-0.117512,0.056057,-0.033436,-0.075135,-0.036821,-0.075374,0.187130,-0.047044,-0.185790,0.315669,-0.219620,0.340720,0.130300,0.174876,0.109643,-0.107887,0.309029,-0.187945,-0.127397,0.096708,0.225919,0.208104,0.282155,-0.047006,0.212852,0.127538,0.184513,0.118754,0.201023,0.006990,0.194144,0.048148,0.059525,0.310754,-0.305600,0.096106,0.021753,0.154293,-0.005853,-0.090935,0.069442,-0.089974,-0.076248,0.031253,-0.185789,-0.201915,0.160704,0.135021,0.148804,0.061228,0.061903,0.113565,0.074928,0.073526,0.190913,-0.068565,-0.238899,0.020397,-0.107868,-0.154053,0.100965,-0.030205,0.097506,0.125525,0.232823,-0.035867,0.032739,-0.003967,0.251645,0.163336,0.054872,-0.119990,0.224982,-0.148812,0.272989,0.110146,0.089680,-0.121247,-0.116716,-0.169072,-0.095322,-0.053335,0.187182,0.018304,0.084722,0.067823,-0.085194,0.043807,0.036042,0.149748,-0.003468,0.169723,-0.195406,0.208055,0.100770,-0.131152,0.186056,-0.081888,0.093714,0.075646,0.063365,-0.048910,-0.075556,-0.081550,-0.255227,0.063343,0.070292,-0.063582,0.006446,-0.003770,-0.025416,-0.093970,0.139459,0.278457,-0.245329,0.120986,-0.052792,0.065048,0.289700,0.224294,0.151415,0.002538,0.014552,0.058742,0.207194,0.247781,0.244006,0.008458,0.272548,0.002643,0.192658,-0.022430,-0.024016,-0.144089,0.131304,-0.008004,0.296242,0.157419,0.239988,0.206096,-0.060925,0.136600,-0.112609,#
3,-0.017038,0.262995,0.038115,1.000000,0.116733,0.167109,-0.276549,0.092374,0.053443,0.084951,-0.228862,-0.042281,0.055676,0.186760,-0.178107,-0.252825,0.156119,0.059673,-0.122014,0.133956,0.335448,-0.004824,0.043772,-0.180206,0.191167,0.267868,0.154409,0.196997,0.029869,0.174316,-0.127057,0.129252,0.205077,-0.074857,-0.159582,0.050432,-0.182913,-0.073067,-0.035735,0.318980,0.102882,0.061999,-0.064845,0.048033,0.217706,0.023167,-0.109369,0.194107,0.017241,0.127346,0.036091,0.136405,0.055058,0.163294,0.327542,0.022295,-0.147085,0.067318,0.201515,0.023936,0.100706,-0.069180,0.028749,0.141354,-0.057292,0.254670,-0.036645,0.115474,0.128798,0.080574,-0.164170,-0.120968,0.221209,0.099189,-0.010400,0.107913,-0.067408,0.117219,0.169300,0.088192,0.246895,0.212617,-0.113050,-0.210648,-0.039644,0.014648,0.000602,0.118324,0.108983,0.067711,0.012217,0.097212,0.034771,-0.080776,0.120852,0.172141,0.041823,0.068988,-0.187487,0.253031,0.187051,-0.071091,0.088593,-0.025916,0.022231,-0.136183,0.052967,0.209202,-0.022108,-0.200136,0.020809,0.232528,0.134525,0.116084,0.070573,0.173968,0.257181,0.208781,-0.014908,0.118473,0.001069,0.092710,0.000653,0.233567,-0.008435,0.200700,0.265014,0.137128,0.026419,0.083189,0.147711,0.108724,0.225878,0.188456,-0.031114,-0.095045,-0.121508,0.072965,0.355983,0.208422,-0.079072,0.079216,-0.285242,-0.074007,-0.114119,0.050350,0.179987,0.121106,0.084493,-0.235162,-0.116178,-0.151880,-0.090779,0.150712,0.092857,0.008535,0.127508,0.061557,0.022926,0.206605,0.220009,0.383047,0.120676,0.359201,0.087579,-0.005093,0.122307,0.072659,-0.013108,0.085745,0.130734,-0.150523,-0.042656,0.064758,0.104323,0.146047,0.170121,-0.054092,0.005765,0.180303,0.072518,0.160610,0.073194,0.329782,0.172638,0.163099,-0.063776,-0.163795,0.042271,0.020641,0.137842,0.148547,0.298745,0.068181,0.283127,0.218830,0.013940,0.045480,0.045465,0.160035,#
4,0.136749,-0.040085,-0.043190,0.116733,1.000000,0.349292,0.045869,0.022110,-0.050907,0.184541,-0.020431,-0.133458,-0.023866,-0.174240,0.077855,-0.161670,-0.036805,0.068460,-0.254879,0.110673,0.072551,0.114295,0.278322,0.027728,0.128850,-0.004105,-0.064548,0.187202,0.098068,0.320317,-0.010152,0.082700,-0.056165,-0.088946,0.183767,0.134124,-0.017459,-0.177839,0.078334,0.171371,-0.125762,-0.095391,0.069092,0.036498,0.318943,-0.042935,0.291453,0.111848,-0.205332,0.104364,0.289530,0.002475,-0.117858,-0.194714,0.167305,0.125702,-0.067639,0.322967,0.282275,-0.166547,-0.038832,-0.081057,0.242233,0.147776,0.159011,0.375455,-0.019405,-0.167987,0.190367,-0.032829,0.136709,-0.091572,-0.216138,0.005452,0.209669,0.037665,0.013952,0.154757,-0.006944,0.043852,0.036090,0.187297,-0.073782,-0.110402,0.025690,-0.104791,0.061089,0.217302,0.183617,0.095737,0.021673,-0.256672,0.175051,-0.101995,0.120869,0.178097,0.108776,-0.016903,-0.038098,-0.139815,-0.171488,0.275637,0.053842,0.103508,-0.057810,-0.306022,0.039146,-0.011884,0.205589,0.241834,-0.167770,0.045016,0.195564,0.250091,-0.027631,-0.013329,-0.191602,0.238132,0.127004,0.080285,-0.088616,0.058998,-0.031852,-0.041783,0.114541,0.088031,0.203546,-0.099280,0.214945,-0.058032,0.157555,0.217179,0.083444,0.157735,0.153691,-0.146946,-0.187183,0.305406,0.068424,0.155923,-0.146114,0.158160,-0.062779,0.214688,0.037432,0.108874,-0.103244,0.129893,0.082356,-0.007834,-0.056880,-0.024830,-0.022535,-0.248219,0.218933,-0.000509,0.098611,0.311812,0.068776,0.044421,-0.069529,0.147694,-0.081122,0.200301,0.096624,-0.106866,0.104677,-0.167687,0.000809,-0.121535,0.070048,0.050205,0.094152,-0.068255,-0.245211,-0.019340,0.312865,0.126436,0.009052,0.369231,0.060535,-0.101947,0.031426,0.229411,0.186501,0.323348,0.102032,0.155808,0.092638,0.310285,0.198401,-0.022271,0.327628,-0.003924,-0.078729,0.021158,-0.110747,-0.011193,0.082298,0.148528,#
5,0.144173,0.033079,0.039967,0.167109,0.349292,1.000000,0.142007,0.039986,0.119704,0.118970,-0.180645,-0.165270,0.019065,-0.251862,0.043426,0.049534,0.138988,0.082415,0.069324,0.190492,-0.003569,0.002005,0.083039,0.041935,0.264401,0.206486,0.091792,0.029638,0.169488,0.157045,-0.060343,0.020605,0.075123,0.133241,0.284113,0.030407,0.092901,0.043751,-0.013892,0.233831,-0.129947,0.090611,0.286261,0.061091,0.148023,0.208456,-0.140807,0.074644,-0.189352,0.092178,0.203782,0.127614,-0.156563,-0.073239,0.290439,0.167324,-0.074615,0.078506,0.115705,-0.032753,0.146776,-0.268887,0.094830,0.214974,0.128797,0.338626,-0.198535,-0.074358,0.040280,0.034070,0.229728,0.154987,-0.151751,0.232258,0.190834,0.049167,-0.086322,0.322666,0.134083,0.118083,-0.026761,0.106574,-0.100214,-0.000056,0.039092,-0.120562,-0.028598,-0.079487,0.030691,-0.168534,0.269313,-0.127824,-0.051960,0.055132,0.239389,-0.110014,0.228897,0.224858,0.019097,0.017076,0.007594,0.033883,0.153378,0.258181,0.044902,-0.121406,0.022804,-0.002939,-0.097385,0.150752,-0.025676,0.027621,0.275897,0.082825,-0.040306,-0.115110,0.391205,0.219603,0.132669,0.342316,-0.004942,-0.001734,-0.307295,0.070748,0.048189,0.132063,0.271677,-0.011644,-0.011063,-0.169278,0.051556,0.025217,0.031432,0.091367,0.110486,-0.061170,-0.157939,-0.025747,-0.006319,0.173262,-0.133778,-0.081080,-0.059257,0.011936,0.130742,0.212332,0.041999,0.050701,0.159625,-0.179173,0.227993,0.075497,0.279976,-0.141078,0.230091,-0.039019,0.102991,0.023208,-0.015861,0.033026,-0.003761,0.183789,-0.009731,0.040217,0.017955,-0.183529,-0.182659,0.041539,0.147067,0.146718,0.105694,0.132364,-0.030390,0.050234,-0.090215,0.341158,0.345311,0.093745,0.215050,0.248186,0.226684,-0.152446,-0.105187,0.148500,0.161851,0.250262,0.224700,0.190413,0.153973,0.092821,-0.119848,0.060506,0.185152,0.049400,0.278641,0.086925,0.097960,0.150815,-0.044366,0.143487,#
6,-0.165898,0.186930,0.154583,-0.276549,0.045869,0.142007,1.000000,-0.086481,-0.081677,0.014059,0.254628,-0.088558,-0.067605,-0.165794,-0.256283,0.396076,0.302680,0.201825,0.199121,-0.213192,-0.110830,-0.189768,0.026297,-0.051382,0.057402,0.028433,-0.013877,-0.030061,0.010017,-0.029450,0.012929,0.195860,-0.111386,0.116947,0.107894,-0.091407,-0.068222,0.074362,-0.135436,-0.060109,-0.031054,0.022150,0.248683,0.078925,-0.074430,0.086150,0.059507,0.033788,-0.325201,-0.040859,-0.112771,-0.075936,-0.128255,-0.111045,0.050861,0.175576,-0.180859,0.012290,-0.208259,0.157559,0.048361,0.135186,-0.080508,0.018347,0.198412,-0.091265,0.026650,-0.113734,0.070047,-0.033498,0.291485,0.013696,-0.275712,0.020187,0.150684,-0.118708,0.263206,0.213910,0.174039,0.084073,-0.182210,0.233972,0.000168,0.083858,0.059052,-0.095255,0.060125,-0.081689,-0.039965,-0.269303,-0.054853,-0.113644,0.143830,-0.187993,0.048891,-0.024835,0.294250,0.009264,-0.103127,-0.046336,0.002124,-0.027836,-0.134166,0.077340,0.073624,0.050041,0.096256,0.115287,0.262219,0.169116,0.019475,0.023631,0.180843,0.206016,0.011229,0.205375,0.020741,0.049046,-0.001051,-0.081402,-0.070115,0.128264,-0.412337,-0.254087,0.149725,-0.070236,0.059846,-0.083026,0.016375,0.002185,0.142714,0.134050,0.215272,-0.011592,0.068858,-0.093707,0.160437,-0.125064,-0.029935,0.053736,0.099359,-0.133475,0.093348,-0.138231,-0.119638,0.082296,-0.007184,0.219819,0.014568,0.052183,0.197315,0.010535,-0.028005,0.111564,0.067359,0.119151,-0.217952,-0.157286,-0.262248,-0.059181,-0.098541,-0.121663,0.069206,-0.055070,-0.301256,-0.171470,-0.049588,0.129876,-0.098541,0.029509,-0.113433,0.271439,-0.312209,-0.075850,-0.021583,0.104005,0.203010,0.069820,0.081564,-0.155737,0.107651,-0.184664,0.000309,-0.033150,-0.039386,-0.037043,0.171643,-0.169214,0.097834,0.026918,0.051081,0.063633,-0.140099,0.180747,-0.006043,0.063284,-0.002941,-0.146792,0.140865,-0.062746,#
7,0.043526,-0.004094,0.110154,0.092374,0.022110,0.039986,-0.086481,1.000000,0.175020,0.088218,-0.328542,-0.129992,0.215099,-0.049614,0.078186,0.007982,-0.085314,0.219914,0.124993,0.084847,0.142273,0.098921,0.014745,-0.018116,0.016398,0.059380,0.019889,-0.240937,0.193397,0.023858,-0.040163,0.113777,0.216374,0.088732,-0.077296,0.111950,-0.297674,0.083451,0.395016,0.191707,0.137939,0.131027,-0.112589,-0.030868,-0.069948,0.150602,0.183707,0.211261,0.239629,0.204287,-0.056199,0.257285,0.011540,-0.175328,0.111456,-0.144211,-0.013027,-0.258097,0.204900,0.219752,0.123938,0.207241,-0.004596,-0.116308,0.132546,0.061061,0.014115,-0.118303,-0.399598,-0.021991,0.119986,-0.106462,0.038244,-0.035612,-0.177241,-0.239174,-0.161737,0.059645,0.095811,0.147193,0.078275,0.076009,-0.025986,0.029654,0.101293,0.180757,-0.216755,0.168196,-0.215994,0.099137,0.270655,-0.269820,0.124723,0.050956,0.285007,0.180632,0.114907,0.101311,0.186909,0.065788,-0.018571,-0.062203,-0.354280,-0.220065,0.145287,0.076880,-0.200107,0.129359,0.077210,-0.387604,-0.007874,0.040859,0.234616,-0.005157,0.320643,0.137646,-0.076947,-0.078933,0.023848,0.294214,0.013070,0.107897,0.195795,0.085240,-0.034777,0.074242,0.013793,0.178562,0.039111,0.202302,-0.161720,0.166596,0.048061,-0.258527,-0.107457,-0.234911,-0.234426,0.197892,0.154728,0.094111,-0.069260,0.069346,-0.081678,-0.116097,0.136470,0.168759,0.015778,0.131715,-0.133466,0.098286,-0.210622,0.066918,-0.037672,0.014119,0.222001,0.346294,0.054244,0.104631,-0.144115,-0.163677,0.042341,-0.008293,-0.000336,-0.024257,-0.075528,-0.034791,-0.071112,-0.132578,-0.168275,-0.153748,0.189164,-0.095720,0.126803,0.072416,0.204132,-0.159823,-0.032041,0.052609,-0.065047,0.036639,0.097729,0.024731,-0.214430,0.045226,0.276402,0.223500,0.079386,0.143151,0.066694,0.134135,0.133427,0.041192,0.099615,-0.096471,0.022301,-0.093135,-0.030680,0.027153,-0.129485,-0.073676,#
8,0.087337,-0.097773,-0.180471,0.053443,-0.050907,0.119704,-0.081677,0.175020,1.000000,-0.152986,-0.003128,0.286155,0.158667,0.081359,0.051118,0.076165,0.026489,-0.116125,-0.148039,0.041612,0.133786,-0.156933,0.029381,-0.024658,0.062870,0.132359,0.025278,-0.103623,-0.073508,0.047379,0.119492,-0.044851,0.141455,-0.039155,0.002337,0.335508,0.059627,-0.007992,-0.025845,-0.056489,0.117870,-0.060728,0.080723,0.230410,0.012283,-0.041232,0.013037,-0.251004,-0.018726,0.209421,-0.165229,-0.047952,0.317646,-0.088758,-0.067765,0.024746,-0.117042,0.067384,0.059935,-0.021238,0.153721,0.147084,-0.040636,0.330322,-0.088018,0.063261,0.074789,0.190935,-0.067699,-0.071231,0.116034,0.310610,0.122821,-0.072085,-0.002365,-0.132104,-0.031302,0.047772,0.218580,0.267866,-0.017230,-0.001325,-0.088886,0.008023,-0.112928,-0.030615,0.231529,-0.025134,-0.137514,-0.174686,0.075992,-0.052681,-0.021916,-0.005666,-0.188003,-0.050764,0.293403,0.230716,0.184247,0.047032,-0.150878,-0.269639,0.173202,0.138883,-0.150579,0.075892,0.078750,-0.011413,-0.011769,0.214858,0.022619,-0.236069,0.087485,0.096465,0.028328,0.032485,0.273763,-0.174589,-0.238120,0.062026,0.210167,0.056657,0.181568,0.216410,-0.071210,0.071368,-0.141668,0.021367,0.286155,0.146711,-0.106506,0.227099,0.125934,-0.160692,-0.068894,0.247095,-0.074045,0.008608,0.100906,-0.094458,-0.190470,-0.171853,-0.073070,-0.260820,0.178728,0.135979,0.095874,0.163011,-0.153381,0.112414,-0.082016,0.134542,0.006359,0.132355,0.257785,0.088658,0.051122,0.056735,0.231341,-0.253431,0.153495,0.040262,-0.169728,-0.249747,-0.090920,-0.024456,0.019124,0.158165,0.134505,-0.092429,-0.145575,0.253774,-0.255622,0.161601,0.119502,-0.044965,0.048024,0.037806,0.079238,0.183152,0.267056,0.005139,0.086286,0.038804,-0.110031,-0.070832,0.037205,0.053651,-0.107491,0.064399,0.164622,0.008400,-0.176377,0.066087,0.044630,-0.083577,-0.279156,0.040992,-0.148612,0.218848,#
9,0.020607,0.035435,0.094248,0.084951,0.184541,0.118970,0.014059,0.088218,-0.152986,1.000000,-0.036652,-0.135525,0.066078,-0.117125,0.019561,-0.065916,-0.087071,0.229927,-0.305384,-0.055275,0.001723,0.066518,0.089774,-0.061030,0.070680,0.117971,0.249217,0.050257,-0.149263,-0.094007,-0.019097,-0.112890,-0.096014,-0.050435,0.158082,0.079009,0.057530,-0.051350,0.042723,0.068273,-0.215658,0.139820,-0.030418,0.019857,0.030556,0.088686,-0.007874,0.129747,0.183199,0.315274,0.069952,0.002958,-0.108996,-0.081680,-0.116880,0.085247,0.124809,-0.001382,-0.136418,0.171559,0.044467,-0.005721,0.041663,-0.060378,-0.047630,0.127408,-0.137967,-0.078888,0.035433,0.021067,0.169636,0.083963,-0.003069,0.155804,0.027486,0.023969,0.083433,0.119001,-0.012670,0.102249,0.108094,0.066957,0.004256,0.033500,0.114100,0.039404,0.228953,-0.031332,0.067666,0.205243,0.218665,-0.159277,0.229023,-0.106749,0.238888,0.106695,-0.175517,0.026960,0.123937,0.160622,0.053288,0.162554,-0.199221,-0.111279,0.018586,-0.070607,-0.144265,0.349620,0.003010,-0.119110,-0.011521,0.275042,0.142999,-0.057150,0.138520,0.232095,0.002398,0.246567,0.364795,0.157386,-0.160932,0.142795,-0.031723,-0.087460,0.081703,0.172059,0.023507,0.110924,-0.075848,-0.086443,-0.148800,-0.061950,0.043960,-0.033980,0.047623,-0.151945,-0.008723,0.076115,-0.093998,0.115640,0.051160,0.156279,0.212000,0.211087,0.149496,0.255160,-0.145725,0.074342,-0.026404,-0.170043,0.040892,0.253321,-0.013025,-0.120519,-0.159719,-0.059853,0.162378,0.258736,0.381225,0.092415,-0.199476,-0.002359,0.346177,0.289108,-0.151395,-0.194136,-0.221780,0.232684,0.009189,0.185960,0.005658,-0.051058,0.157091,-0.151375,-0.081837,0.204323,0.316809,0.107717,0.076568,0.143033,0.028591,0.273237,0.166757,0.162587,0.174064,0.165957,0.114492,0.153234,0.088432,0.239572,-0.190252,-0.163967,-0.102697,0.015192,-0.119844,0.174576,-0.072305,0.074149,0.007798,-0.106982,#
10,-0.179061,-0.010655,-0.014632,-0.228862,-0.020431,-0.180645,0.254628,-0.328542,-0.003128,-0.036652,1.000000,0.000701,-0.078503,-0.057677,-0.284970,0.224386,0.055797,0.093537,0.126793,-0.268257,-0.066406,0.172685,-0.253477,0.066418,-0.007290,0.071616,-0.175991,0.001172,0.115280,0.068706,-0.138889,0.000198,-0.090954,-0.150541,-0.086250,-0.187184,0.168062,-0.049756,-0.303408,-0.226775,-0.011653,-0.283952,-0.024485,0.073282,-0.056910,-0.024143,0.144297,0.035119,-0.232441,-0.080517,-0.194695,-0.015733,0.159472,-0.061833,-0.129105,0.137025,0.032493,0.076595,-0.125736,0.084893,0.026946,0.026258,0.030413,0.194225,-0.069466,-0.065976,0.104370,-0.246006,0.043932,-0.307384,0.027584,0.081346,-0.311408,0.125794,-0.024867,0.121582,-0.087844,-0.067632,0.293247,-0.290853,-0.056617,-0.175972,0.160763,-0.040144,-0.050730,0.146879,0.226782,0.013255,-0.109118,0.030078,0.003186,0.078205,0.059118,-0.201653,-0.027239,-0.062130,0.242568,0.051672,0.058800,-0.047645,0.115994,-0.012188,0.013394,-0.035771,-0.396964,0.174120,0.192852,-0.186039,0.052270,0.260879,0.264446,-0.031333,-0.011813,0.151728,-0.014063,0.030866,-0.081847,-0.103406,0.022026,-0.174812,0.058271,0.189367,-0.357233,-0.344812,0.014405,0.080119,0.190542,-0.057521,-0.162134,-0.060569,0.115533,0.126500,0.079814,-0.052269,0.087630,-0.061824,-0.119313,-0.007105,-0.030113,0.022518,-0.014754,0.011874,0.380529,0.148708,0.134382,0.094173,-0.258459,0.060156,-0.057199,0.233695,0.159883,-0.042795,-0.055022,0.169918,-0.018806,0.049070,-0.071191,-0.129470,0.031919,-0.140564,-0.143360,0.018711,-0.072063,0.049927,-0.366233,0.008060,0.060626,0.057256,0.088174,-0.059681,-0.357210,0.150407,-0.123560,-0.006995,0.008148,0.147491,0.059610,0.008883,-0.025489,0.076410,-0.137934,-0.170768,0.104351,0.119295,-0.071249,-0.031109,0.128850,0.031544,0.034203,0.091288,-0.124728,0.111398,-0.133134,0.195332,-0.123311,-0.097327,-0.147265,-0.150919,-0.009357,0.101574,#
11,-0.089960,-0.210750,-0.133733,-0.042281,-0.133458,-0.165270,-0.088558,-0.129992,0.286155,-0.135525,0.000701,1.000000,-0.048193,0.121081,0.052171,-0.083266,-0.316608,-0.074650,-0.061151,-0.094693,-0.060265,0.064225,-0.043837,0.000923,-0.026106,-0.040626,-0.155519,-0.042480,-0.103843,-0.001336,0.224464,0.115308,0.056759,-0.038367,-0.150543,-0.006978,-0.080281,0.049119,-0.086757,-0.155226,0.003131,-0.070391,0.069770,-0.001023,-0.031147,-0.356881,-0.062598,-0.084922,0.003785,-0.153864,-0.303061,-0.233534,0.053607,0.060907,-0.027274,-0.105927,-0.140550,0.255666,0.005662,0.274090,0.048642,0.096063,-0.019083,0.018053,0.007463,-0.204207,0.196301,0.221078,-0.171981,0.092643,-0.383646,-0.003715,0.154150,-0.201850,0.278369,0.187674,0.032382,0.098722,0.128906,0.010057,-0.086942,-0.108727,0.018515,0.015947,-0.190867,-0.229357,0.153436,0.018871,0.059849,-0.042328,-0.211956,-0.044681,-0.024693,0.090835,-0.346782,-0.018305,0.100758,0.134952,0.115640,0.067856,-0.010239,-0.018372,-0.146782,0.032983,-0.091414,0.167520,0.058479,0.056138,-0.209216,0.136561,0.089324,-0.006185,-0.177615,0.192451,0.142395,-0.120967,-0.134324,0.189097,-0.131845,0.200601,0.126255,-0.128281,0.023640,0.331866,-0.008209,-0.192076,-0.222059,0.089253,0.386696,0.108691,0.148920,0.043038,0.141977,0.003806,0.161773,0.346074,0.035209,0.190817,-0.076570,0.029761,-0.070903,-0.366169,0.117464,0.142243,-0.059447,-0.082491,-0.060362,-0.027049,-0.251452,-0.308364,-0.032700,-0.032669,0.013529,0.208120,-0.137428,0.012716,-0.081933,-0.086453,0.091896,-0.005028,-0.152438,0.075015,-0.313787,0.109204,0.069529,0.074964,0.075524,-0.030848,0.048855,-0.137453,0.058140,0.018890,-0.098143,-0.145230,-0.038185,0.088377,-0.091379,-0.082759,0.080083,0.031431,-0.137929,0.026913,-0.014468,0.022304,-0.023062,-0.179826,0.014224,-0.121399,-0.203102,-0.188618,0.115422,0.191960,0.146820,0.027839,0.038470,-0.013253,-0.307378,0.063885,0.026076,0.114329,#
12,0.124813,0.000489,0.057298,0.055676,-0.023866,0.019065,-0.067605,0.215099,0.158667,0.066078,-0.078503,-0.048193,1.000000,-0.131679,0.045340,-0.207241,-0.085928,-0.101691,0.053874,-0.217808,0.130149,0.208851,-0.059933,-0.203882,0.250692,-0.063322,0.008916,-0.247981,0.101183,-0.051236,0.112274,-0.270729,0.102132,0.042175,0.252414,0.143784,-0.060628,-0.080867,-0.164298,-0.094107,0.187406,-0.254510,0.003109,0.194658,-0.003031,0.004055,0.340245,0.158846,0.065348,0.304206,-0.068510,0.061642,-0.022288,0.003949,0.169244,-0.026619,-0.144825,-0.247617,0.123167,0.059484,-0.061638,0.201221,0.084832,0.023707,-0.144143,0.075673,-0.174394,-0.001937,0.061412,-0.019212,0.092047,0.054792,0.171575,0.040322,-0.027901,0.141434,-0.117197,0.273591,0.042125,0.283135,0.217259,0.279474,0.134201,-0.189471,0.230740,0.007657,-0.016404,0.202580,-0.122374,0.212772,0.288241,-0.090919,0.058502,0.301589,-0.040221,0.138699,0.078208,-0.027108,0.056998,-0.168510,0.286360,-0.089581,-0.053394,-0.160402,0.031895,0.242648,0.033214,0.242461,-0.037466,-0.119412,0.177302,0.102971,0.026436,-0.085677,-0.105820,-0.105557,-0.121493,0.039331,0.159412,0.083493,0.112525,-0.041353,0.115763,0.252130,0.050612,0.362774,-0.132504,0.072258,-0.054081,0.102994,-0.276163,0.074217,0.241992,-0.272832,-0.099571,-0.106069,-0.090908,-0.149780,0.085350,-0.131841,-0.068331,-0.113966,-0.221522,0.072157,-0.196207,0.044285,0.150993,0.157485,-0.097428,0.241801,0.162288,-0.072027,0.019834,-0.039444,0.054133,-0.027970,0.204180,0.294155,0.122427,-0.163706,0.098416,0.115236,0.076104,-0.155787,-0.030670,-0.062968,-0.005666,0.042927,0.139399,0.005837,0.130769,-0.205256,0.161049,-0.229626,0.104577,0.047688,0.074840,0.115394,-0.418965,-0.036002,-0.036006,0.098997,-0.062152,0.169133,0.027335,0.075872,0.145850,-0.014112,-0.077271,-0.258242,-0.082377,-0.155360,-0.050445,-0.075203,0.043616,0.009246,-0.086741,-0.006726,-0.220277,0.050137,#
13,-0.313266,0.077984,-0.128985,0.186760,-0.174240,-0.251862,-0.165794,-0.049614,0.081359,-0.117125,-0.057677,0.121081,-0.131679,1.000000,0.037934,-0.079164,-0.035528,-0.130797,-0.020346,-0.261167,0.109418,0.078595,0.193201,0.231235,-0.237842,0.253684,-0.053817,0.143082,-0.113662,-0.029581,0.054588,0.009654,-0.064056,-0.054507,-0.156574,-0.033126,0.016441,0.088188,-0.161625,-0.127023,0.186425,0.032411,0.154700,-0.252116,0.201592,0.151791,-0.210766,-0.048958,0.139950,-0.123955,-0.267524,0.044890,-0.035440,-0.036005,0.016247,-0.162623,0.041438,0.112925,0.213858,-0.000858,-0.063046,0.301749,-0.193669,-0.062628,-0.023341,-0.002892,0.253190,0.158104,-0.100877,0.075803,-0.216126,-0.086551,0.214681,0.030232,-0.090454,0.257092,0.120202,-0.138463,0.012635,0.000532,-0.210263,0.006393,-0.005122,0.128856,-0.268664,0.049495,-0.005367,0.233683,0.197489,-0.070733,0.101888,0.319347,0.299787,-0.010050,-0.059519,-0.002640,-0.081068,-0.039683,-0.051110,0.082771,0.009433,-0.025557,0.032381,-0.072238,-0.166800,-0.031457,-0.113113,-0.021078,-0.155749,-0.110886,-0.232451,-0.062741,-0.045576,-0.020637,0.317977,-0.005052,0.107723,-0.006837,-0.170584,-0.143484,0.041056,-0.070422,0.222231,0.183936,-0.012223,-0.182117,-0.080563,-0.051642,0.068235,0.216225,-0.109257,-0.130781,-0.154395,0.154262,-0.019764,0.172175,0.059745,-0.107764,0.148927,0.114792,-0.036448,-0.160420,-0.189872,0.080717,-0.062705,0.080135,-0.031356,0.062204,0.047946,-0.046359,-0.104329,-0.256915,0.003700,0.243521,-0.118213,-0.104997,-0.131001,-0.264653,-0.085016,0.073810,0.030411,-0.125160,0.104979,-0.114091,-0.134662,0.052367,0.068683,0.302973,-0.176691,0.055906,-0.110203,0.022934,-0.325646,0.247963,0.096264,0.081927,0.065166,-0.142371,-0.096200,-0.101913,0.233947,-0.074628,-0.003819,0.116628,-0.283387,0.071607,-0.073302,-0.327707,-0.079766,0.113762,0.150042,0.016942,0.080551,-0.006162,-0.016677,0.089782,-0.174682,0.416189,0.018475,0.143765,#
14,0.236052,-0.266482,-0.073257,-0.178107,0.077855,0.043426,-0.256283,0.078186,0.051118,0.019561,-0.284970,0.052171,0.045340,0.037934,1.000000,-0.129753,-0.119716,0.188959,-0.233635,0.165057,-0.212303,0.016735,0.051757,0.197334,-0.091737,-0.073035,0.021563,0.245134,-0.049824,0.077073,0.371778,0.031482,0.074298,0.017153,0.041930,-0.008599,0.238922,-0.033232,0.230600,-0.068563,-0.025172,0.090304,-0.165132,0.011705,-0.033675,0.138656,0.095323,-0.130857,0.074602,-0.003444,-0.016755,0.061504,0.124367,-0.169884,0.018682,0.076767,0.278540,0.015372,0.273805,-0.187384,0.055243,-0.108748,0.087218,0.039656,-0.024648,-0.008241,-0.013518,-0.081659,-0.070700,-0.021861,0.174450,0.031549,0.216581,0.066861,0.155571,0.283452,-0.060146,-0.107837,-0.232500,-0.026460,0.007435,0.058383,0.157987,0.170186,-0.086377,-0.050733,0.067875,0.129512,0.034092,0.341014,0.260609,-0.058074,0.112163,0.268829,-0.041050,-0.112094,-0.162238,-0.011093,-0.131307,-0.026866,-0.286611,-0.025593,0.071879,0.021160,0.010592,-0.016683,0.002021,-0.230946,0.138594,-0.033621,-0.147801,0.072612,0.264489,0.026409,0.061626,-0.230254,-0.029653,-0.125702,0.017469,0.145618,0.117135,-0.093083,0.296886,0.245056,0.032790,-0.214681,-0.237348,0.043883,0.022784,0.018607,-0.030474,-0.095301,-0.133407,0.133004,0.000355,-0.277010,0.092086,0.112435,-0.046779,0.055069,0.058592,0.132513,0.080441,0.319766,0.178621,0.052191,0.050975,-0.034118,0.080716,-0.082697,0.311342,-0.180402,0.245435,-0.188951,-0.024250,-0.101509,0.192559,-0.026104,0.050824,0.150737,-0.082669,-0.031669,-0.048317,-0.159137,0.321420,0.124224,-0.031448,0.149576,0.049650,-0.046783,0.106274,-0.259632,-0.110311,0.014857,-0.239225,-0.015794,-0.170040,0.135771,0.092240,0.072597,0.092155,0.057470,-0.071966,-0.059869,-0.058991,0.158667,-0.065938,-0.005199,-0.081867,0.124359,0.101971,0.117927,0.020767,-0.125902,-0.167241,-0.069083,-0.143343,0.057823,-0.252661,-0.180920,#
15,-0.098961,-0.063925,0.077433,-0.252825,-0.161670,0.049534,0.396076,0.007982,0.076165,-0.065916,0.224386,-0.083266,-0.207241,-0.079164,-0.129753,1.000000,0.258754,0.049914,0.274633,-0.021900,-0.102090,-0.216849,-0.307718,0.266012,0.073772,0.188764,-0.154027,0.106793,-0.135427,-0.227999,-0.063473,0.238325,0.052811,0.240928,0.151436,-0.137207,0.113592,0.043418,-0.178265,-0.039656,0.081121,-0.129123,0.062509,-0.035634,-0.236211,0.130499,0.221565,0.192109,-0.108955,0.065598,-0.095828,0.037692,0.067122,-0.031083,0.031859,0.178386,0.122371,0.014871,-0.288312,0.357859,0.223318,0.096401,0.076260,0.133367,0.130415,-0.234666,0.070429,0.032906,-0.063517,-0.016995,0.167501,-0.065350,-0.194870,0.250962,-0.050093,-0.256130,-0.140008,0.126468,0.180562,-0.053330,-0.147104,0.221531,-0.014595,0.210910,0.126548,0.222514,-0.042837,-0.011153,-0.115039,-0.289465,-0.032821,0.034918,0.001941,-0.062736,-0.164013,-0.117293,0.127699,0.269258,0.090274,-0.058231,-0.022240,0.114144,-0.164379,0.230420,0.096673,-0.015806,0.126571,-0.061747,0.015465,0.168612,-0.114466,-0.019457,0.176628,-0.122818,0.259238,0.188387,-0.029995,-0.222578,0.021262,-0.010611,-0.172899,0.216627,-0.014175,-0.108986,-0.093563,-0.029512,0.049739,0.185687,-0.046617,0.096847,0.153805,0.196853,-0.038005,-0.151293,0.125863,0.023818,0.106233,-0.034783,-0.004311,0.213368,0.150888,-0.093865,0.177350,-0.025390,0.048685,0.039358,0.151664,-0.048992,0.063541,-0.039058,0.128692,0.343405,0.216608,0.026456,0.108956,0.250872,-0.222267,-0.138238,0.109738,-0.056963,0.067057,-0.057286,-0.015675,0.193948,-0.071468,-0.023531,0.018288,0.005499,0.115357,0.175425,-0.136518,0.273253,-0.070834,0.243313,0.067371,0.006870,0.071829,0.035483,0.240322,0.022831,0.005405,-0.161265,0.041526,0.012394,0.203696,-0.001056,-0.050245,-0.091884,0.239191,0.115581,-0.064122,0.077767,-0.135251,0.390529,0.016977,0.178775,-0.127182,0.026057,0.216232,-0.128802,#
16,0.081609,0.236984,0.000464,0.156119,-0.036805,0.138988,0.302680,-0.085314,0.026489,-0.087071,0.055797,-0.316608,-0.085928,-0.035528,-0.119716,0.258754,1.000000,0.096338,0.353186,0.090567,0.153722,-0.515908,0.177705,-0.121373,-0.087262,0.148063,-0.099611,0.161579,-0.043872,0.022873,0.173438,0.271789,-0.027304,-0.127474,0.099024,0.030787,-0.060311,0.173124,0.068200,0.247779,-0.005025,-0.168106,0.116850,-0.059795,-0.005525,-0.046141,0.012352,0.034812,-0.162916,0.127856,0.159682,0.028469,-0.005906,0.068107,0.041944,0.251972,0.018781,0.075309,-0.038738,0.031261,0.021742,-0.022206,0.173321,0.126874,0.164440,0.154140,-0.111905,0.387268,0.214178,0.058719,0.144549,0.095748,-0.058438,0.227063,-0.002022,-0.131921,-0.017563,0.028210,0.147262,0.167022,0.165084,-0.048531,0.094922,-0.108227,0.093918,0.074028,-0.107852,-0.052398,-0.063368,-0.040072,-0.225808,0.085050,0.118059,-0.168015,0.041972,0.103827,-0.059088,-0.051027,-0.134894,0.155095,-0.076036,0.075770,0.169460,0.109001,0.145129,-0.186822,-0.101354,0.057072,0.333132,0.080931,-0.039645,0.003684,0.156750,0.156233,0.041268,0.000195,0.210792,-0.167419,-0.107490,0.074308,-0.256941,0.061261,-0.065070,-0.211502,0.165579,-0.016105,0.146682,0.099413,-0.132149,-0.138274,0.022700,0.014559,0.124345,0.240750,-0.087596,-0.006677,0.162190,-0.045775,0.180574,-0.171488,-0.106488,0.080216,-0.035453,-0.146302,-0.012818,-0.143284,0.228317,0.083203,-0.048572,-0.037834,0.096635,0.026387,-0.160188,0.031931,0.004411,0.058777,-0.280124,-0.164188,-0.105359,0.123783,0.225352,-0.046688,0.172129,-0.033055,0.158574,-0.012530,-0.111618,0.186745,0.084841,0.172494,-0.332680,0.249317,-0.153256,0.242883,0.048964,-0.168413,0.082913,0.101327,0.127833,0.146732,0.123884,-0.015191,-0.156367,0.265291,-0.104840,-0.178711,0.117783,0.084338,0.157447,0.116518,0.110232,0.209636,-0.222827,0.135932,0.101189,0.252940,0.013272,-0.179284,0.055324,0.058557,#
17,-0.042398,0.057026,0.132522,0.059673,0.068460,0.082415,0.201825,0.219914,-0.116125,0.229927,0.093537,-0.074650,-0.101691,-0.130797,0.188959,0.049914,0.096338,1.000000,0.049965,0.116300,-0.060300,-0.002879,-0.067887,-0.086290,0.209479,-0.123469,-0.131635,0.096921,-0.037359,-0.042337,0.036237,0.253781,-0.164227,-0.129008,-0.131041,-0.366052,-0.111878,0.222734,0.336238,0.055423,0.236373,0.143538,-0.093629,0.082146,0.074591,0.267575,0.054625,0.094011,0.020229,0.050914,-0.132097,-0.023125,0.163524,-0.055393,0.145887,0.149371,0.104358,-0.101443,0.015185,0.016280,0.199577,-0.101456,0.242062,-0.051634,-0.115961,0.024488,0.300187,-0.150471,0.012197,-0.106036,0.263766,-0.040428,-0.018421,0.322637,0.028786,-0.062017,-0.294384,0.065785,0.229467,0.062369,-0.097560,0.233360,-0.107410,0.242197,-0.112523,-0.123242,0.229862,-0.131430,-0.257674,0.155989,0.092700,-0.004524,0.192484,0.077563,0.191768,0.046840,-0.046724,-0.071547,0.099238,0.360121,-0.184995,-0.045482,-0.129319,-0.248855,-0.122400,0.163190,-0.042087,0.070922,0.002492,-0.020265,0.038375,-0.083491,0.245450,0.159555,0.292858,0.011900,-0.126293,0.099025,0.040514,0.156855,-0.026296,-0.031424,-0.197381,-0.031058,0.080024,0.046026,0.024376,0.195536,0.107188,-0.003088,-0.012970,0.274995,0.053300,0.027327,-0.066408,-0.121342,0.157958,0.017697,-0.117309,0.180873,0.072939,0.089917,0.194606,0.092355,0.096277,-0.023967,-0.216600,-0.105026,-0.106780,-0.007160,0.115373,-0.044362,-0.009754,0.091311,0.022200,0.083120,0.066068,-0.264478,0.053444,0.006547,-0.045023,0.055330,0.139965,0.033013,-0.140200,-0.189298,-0.177342,0.067388,-0.037759,-0.092462,0.005056,-0.024512,-0.159727,-0.153371,0.013143,0.034312,0.082356,0.094890,0.216907,0.147037,-0.140754,-0.000712,-0.095976,-0.007218,-0.105228,-0.119440,0.202393,0.064904,0.086314,-0.140717,-0.091480,0.039016,-0.104433,-0.125529,-0.215266,0.112149,-0.036335,-0.132691,-0.137242,-0.157237,#
18,-0.096407,0.212889,0.173746,-0.122014,-0.254879,0.069324,0.199121,0.124993,-0.148039,-0.305384,0.126793,-0.061151,0.053874,-0.020346,-0.233635,0.274633,0.353186,0.049965,1.000000,0.051377,0.106560,0.212814,-0.103018,0.087531,-0.133002,0.033062,-0.173156,-0.090240,0.075685,-0.142620,-0.014322,0.121280,0.042605,0.134379,0.106009,0.068929,-0.186032,0.370296,0.056437,-0.058087,0.295850,-0.197543,0.254463,-0.199882,-0.042662,0.058350,0.260785,0.240609,0.063745,-0.068441,-0.138178,0.101568,0.035663,0.120845,0.147312,0.145219,-0.062254,0.043662,0.123096,0.084433,0.146698,-0.004807,-0.066411,-0.014291,0.074010,-0.025194,0.127708,-0.063231,0.031189,0.164710,0.008407,0.025127,-0.085069,0.104198,-0.098216,-0.166869,-0.268860,0.193010,0.068224,-0.092828,-0.050124,-0.176780,0.187647,-0.038600,0.101054,0.294611,-0.316629,0.050504,-0.042839,-0.048854,-0.122076,0.105533,0.032615,0.124523,0.176974,-0.007683,-0.014121,0.013798,0.064845,0.078140,0.110867,0.063363,-0.042792,-0.030087,0.266909,0.232490,-0.142707,0.240022,0.119799,-0.044270,0.010916,-0.004139,0.008058,-0.102281,0.050330,-0.068092,-0.106192,-0.245825,0.042730,0.186535,0.106678,-0.220926,-0.169022,-0.025758,0.134571,0.031600,0.105694,0.145673,0.035492,-0.049017,-0.027760,0.076401,-0.031114,-0.141136,-0.210376,0.113744,-0.000600,-0.031634,0.206518,-0.052564,-0.187515,0.005807,-0.166656,-0.146483,0.054193,0.015481,0.092917,-0.005865,-0.019402,0.059318,0.040962,0.013158,0.064820,0.147403,-0.021257,0.295262,-0.117906,-0.300148,-0.208662,-0.169940,-0.003125,-0.115964,0.111299,-0.047332,0.075854,-0.032653,-0.085307,-0.109663,-0.075970,0.131520,0.115658,0.109070,-0.035050,0.141398,0.120636,-0.010049,-0.133787,0.034850,-0.021262,-0.019170,0.080444,-0.126780,-0.304104,0.107284,-0.001000,-0.312507,-0.026480,0.001264,-0.231044,-0.051157,-0.058194,0.241989,-0.044936,0.016681,0.239665,0.177697,0.067753,0.045098,0.015524,0.235009,#
19,0.300818,-0.150282,0.050870,0.133956,0.110673,0.190492,-0.213192,0.084847,0.041612,-0.055275,-0.268257,-0.094693,-0.217808,-0.261167,0.165057,-0.021900,0.090567,0.116300,0.051377,1.000000,-0.048076,-0.150032,-0.148715,-0.195756,0.053489,-0.068386,0.081126,0.272867,-0.078579,-0.053457,-0.122599,0.136515,0.148159,0.039116,0.045765,0.022923,0.100990,0.090293,0.195787,0.189916,0.017553,0.100238,-0.147954,-0.010712,-0.161530,-0.030750,-0.068663,-0.109273,0.074888,0.173641,0.172778,-0.056308,0.148974,0.249686,-0.112681,0.105359,0.008261,-0.055032,-0.043127,-0.052319,-0.040082,-0.155371,-0.080975,0.178739,0.161020,-0.111434,0.110220,-0.009952,0.172177,0.146787,0.036274,-0.150611,-0.016657,0.023530,-0.247787,-0.171420,-0.122858,-0.078065,0.016631,0.080337,0.240540,-0.090938,-0.198500,0.005105,0.070843,-0.005764,-0.105353,-0.142799,-0.118100,0.054847,-0.093619,-0.119986,-0.053476,-0.061259,-0.045151,-0.126719,-0.032896,0.122039,0.000774,0.298488,-0.296259,-0.119155,0.129599,0.115741,-0.059226,-0.114627,-0.103671,-0.027115,-0.141001,-0.151675,-0.041430,0.036416,0.020947,-0.160888,-0.158069,-0.192780,-0.060869,-0.009215,0.033934,0.137825,-0.004836,-0.199808,0.009390,-0.052211,-0.090276,0.059329,-0.029581,0.191966,0.055560,-0.327043,0.179107,0.105159,0.003395,0.132784,-0.154484,0.081067,-0.133407,0.012305,0.055450,-0.123087,-0.153878,-0.039486,-0.320305,-0.164406,0.070696,-0.158858,0.070035,-0.090038,0.038302,-0.005965,-0.126883,0.012594,-0.061422,-0.169095,0.064967,-0.000676,0.120795,-0.206831,0.101734,-0.053715,0.186595,0.119882,-0.241699,0.177872,0.406066,0.356375,-0.084012,-0.192870,-0.005006,-0.018123,-0.010342,0.143819,0.198258,0.089763,0.088337,-0.136053,-0.063388,0.114790,0.263466,0.099236,0.026463,-0.004890,-0.010293,-0.007105,-0.007928,-0.038932,-0.255508,0.133732,-0.126068,0.115714,-0.024889,0.050164,-0.081383,-0.149510,-0.054806,-0.045236,0.096292,-0.236743,0.184812,-0.126352,#
20,-0.221922,0.394225,0.123944,0.335448,0.072551,-0.003569,-0.110830,0.142273,0.133786,0.001723,-0.066406,-0.060265,0.130149,0.109418,-0.212303,-0.102090,0.153722,-0.060300,0.106560,-0.048076,1.000000,0.073171,-0.003244,0.226174,0.038414,0.221844,-0.306733,0.194528,0.098646,-0.064713,0.115004,0.090849,0.308619,0.035846,-0.084824,0.276153,-0.315174,-0.061275,-0.107123,0.182899,0.078817,-0.001400,-0.094222,-0.346903,0.332588,-0.004925,0.074730,0.119729,-0.024787,0.346885,0.042199,0.113777,0.005255,0.058326,0.235416,-0.178035,-0.319869,-0.119567,0.200847,-0.010969,0.036312,-0.023223,0.145679,0.198078,-0.127606,0.276612,0.022182,0.049828,0.014957,-0.088608,0.092569,0.188245,0.399468,0.178051,-0.148482,-0.088100,0.214434,0.058940,0.244032,0.064410,-0.108858,-0.012335,0.112366,-0.259257,0.092269,0.213593,0.093901,0.246391,-0.079570,0.014549,0.112603,0.151446,0.037506,-0.086566,0.109475,0.145411,0.035364,-0.124257,0.033401,0.013498,0.191621,0.001862,0.263701,0.152947,-0.004844,0.287683,0.225274,-0.037282,0.016583,0.162605,-0.044500,0.092692,-0.084825,0.010506,0.025995,-0.126309,0.130070,-0.058379,-0.104537,-0.118069,-0.105471,0.103262,0.014982,0.204557,0.125417,0.134134,0.144049,0.024332,0.065116,0.122246,0.045502,0.160237,0.225744,0.208342,-0.070131,0.115022,-0.105013,0.103092,0.193622,0.079573,0.034972,0.104889,-0.166957,-0.067435,-0.008276,-0.156697,-0.020045,0.076120,-0.024670,-0.057026,0.048905,-0.088841,-0.031464,0.244011,0.037304,0.239711,0.022568,0.209317,-0.009985,0.001741,0.238814,0.054683,0.176193,0.136100,-0.162156,0.108013,-0.029416,0.170665,0.135351,-0.197919,0.165338,-0.214252,-0.049814,-0.041790,0.112162,0.033591,-0.040924,0.096681,-0.057588,0.144424,0.149608,0.183950,-0.052455,0.275998,0.022785,0.194584,-0.034092,-0.133685,0.090576,0.049082,0.185361,0.287106,0.206583,0.237422,0.141556,0.239206,0.183419,0.007071,-0.064301,0.035832,#
