0,1.000000,-0.154744,0.322975,0.122560,0.193701,-0.117289,-0.036650,-0.020175,0.253744,-0.032669,0.180164,0.035493,0.040450,0.109008,0.253386,-0.043595,-0.020008,0.086913,0.240549,0.207580,0.135252,0.364160,0.023624,0.198235,0.249150,-0.071478,0.173036,0.059227,0.315982,0.351788,-0.140555,0.031264,0.045564,-0.011098,-0.222557,0.067666,0.191589,0.049198,0.154894,0.216950,0.183233,0.111799,0.191756,0.132222,-0.123534,0.085700,0.009482,0.144760,0.212763,0.134739,0.202246,-0.120129,0.135344,0.262487,0.170043,0.251418,0.105184,0.177482,-0.244052,-0.083887,0.199098,-0.084037,0.137030,-0.005089,0.019870,0.048738,0.034207,0.049810,0.137131,0.070120,0.071927,0.028817,0.347380,0.141086,0.052891,-0.120595,0.118946,0.080618,-0.062271,-0.054154,0.308342,-0.118848,0.051208,0.144504,0.305341,-0.044031,-0.001776,0.212646,0.118545,0.103593,0.004744,-0.078848,0.100937,0.194796,0.406949,0.087029,0.384017,0.135826,0.174223,0.244097,0.250613,0.144122,0.167623,0.259493,0.078044,0.156144,0.227394,0.087408,0.122147,-0.094825,-0.011024,0.104642,-0.006759,0.236787,-0.108293,-0.159896,0.103439,0.218790,-0.006727,0.066596,0.393706,0.281631,0.031127,0.074796,0.056408,0.334696,0.029770,0.028145,0.142038,0.132254,0.323993,-0.008036,0.273408,0.127635,0.069722,-0.160099,0.361815,0.043069,0.226279,0.296933,0.189342,0.134598,0.153769,-0.124668,0.130348,0.130951,0.160586,0.239505,0.074094,0.099147,0.107264,0.098806,0.321308,0.067075,0.180669,-0.015384,-0.001369,-0.006778,0.070698,0.316826,0.108377,0.230195,0.002244,0.013908,0.102205,-0.028606,0.265673,0.153884,0.021282,0.169902,0.387327,-0.035039,0.094027,0.238743,-0.112152,0.181180,0.364042,0.122338,0.147544,-0.020765,-0.051983,0.256131,-0.142905,-0.019016,0.087638,0.078341,0.333901,0.134588,0.204199,0.041366,0.122989,0.138180,0.211906,0.080548,0.350290,-0.093328,0.041411,-0.030701,0.395874,0.207412,#
1,-0.154744,1.000000,-0.075150,0.141265,0.135579,0.072328,0.159960,0.026117,0.279143,-0.239891,0.366379,0.144677,-0.006247,0.048677,-0.100495,-0.089672,0.120446,0.119943,-0.064304,0.027037,-0.102258,0.032702,0.064520,0.148008,-0.018586,0.244057,0.060171,0.127412,0.032141,-0.028984,0.284448,0.178933,0.073578,0.267807,0.015174,0.018512,0.028592,-0.015151,0.342407,0.197656,-0.110417,-0.026036,0.178158,0.131790,-0.008435,0.219129,0.279093,0.297117,0.053241,-0.025162,0.150493,0.274889,0.195340,0.044911,-0.048665,0.108811,0.075267,-0.050126,0.005766,0.224616,-0.110066,0.073857,0.179896,0.097334,0.115882,0.101455,-0.182509,0.172514,0.127841,0.271372,-0.043783,0.049500,0.258272,-0.097677,0.178904,0.159321,0.083253,0.005473,0.131104,0.097192,0.050856,0.126648,0.314344,0.122566,0.066735,-0.193016,0.081536,0.010833,0.283869,0.197763,0.157829,0.055798,-0.034146,0.130252,-0.036066,0.038946,-0.025177,-0.230105,0.097099,0.079147,-0.010085,-0.130883,0.063044,0.110068,-0.160469,0.165467,0.239449,0.309343,-0.062202,0.103738,0.262703,0.134900,-0.054952,0.115421,0.284162,0.253869,0.011579,0.118664,-0.149924,0.179157,0.070515,0.070488,0.272733,0.074274,0.111103,0.209027,0.055655,0.137892,-0.024766,0.082540,0.018715,0.119275,0.076251,0.317718,0.371298,0.329612,-0.217376,0.186811,0.224422,0.125057,-0.040485,-0.123916,0.056903,-0.044475,-0.009678,0.071326,0.198442,0.047432,0.128286,-0.055771,0.003483,0.160633,0.063203,-0.152839,0.368855,0.127921,0.029720,-0.035428,0.048231,-0.013781,-0.100790,0.114531,0.151784,0.059540,0.071390,0.116648,0.110731,0.105375,0.127389,0.178579,0.125353,0.110024,0.027448,0.190147,-0.049300,0.117325,-0.097112,0.303720,0.053831,0.000006,0.076933,0.036897,0.252900,-0.166576,0.189021,0.218170,-0.054782,0.079608,0.058085,0.136926,0.236671,-0.055101,-0.000031,0.075620,0.168623,0.089231,0.002508,0.126751,0.011777,0.019426,#
2,0.322975,-0.075150,1.000000,0.285204,0.098868,-0.176378,0.076869,0.236569,-0.063721,-0.178610,0.029934,0.129538,0.044392,0.245099,0.118328,0.101179,0.073536,-0.049631,0.006922,0.138302,0.273052,0.350546,0.198941,0.019159,0.222599,0.172584,0.145416,0.139573,0.157327,0.372548,-0.102128,-0.214602,0.055264,0.088837,-0.077468,0.106761,0.069790,-0.110505,-0.091500,0.105804,0.168036,0.126060,0.400474,0.061589,-0.238185,0.155342,0.090302,0.299499,0.048347,0.028380,0.349940,0.048477,0.145636,-0.092540,-0.062683,0.125011,-0.040256,0.011329,-0.022845,0.160063,0.017006,-0.082394,0.136291,0.229770,0.185381,0.072280,-0.068755,-0.080401,0.133870,0.355087,0.074451,-0.033037,0.153679,0.264277,-0.002815,-0.033151,0.175683,0.045045,-0.050887,-0.066873,0.272604,-0.112490,-0.033688,0.086688,0.016032,0.062651,0.199110,0.150096,0.065369,0.079644,0.031460,0.155725,0.265649,-0.010601,-0.066331,-0.049722,0.314274,-0.106370,0.167055,0.040902,0.176495,-0.155330,0.069811,0.119426,0.032638,0.051649,0.133796,0.113280,0.103450,0.200337,0.008218,-0.150000,0.069826,0.017289,0.088037,0.173960,0.174140,0.155036,-0.314613,0.028176,0.177507,0.026959,-0.154967,-0.098932,-0.009678,-0.010834,0.318321,0.062028,-0.050977,0.155344,0.047952,0.115976,0.036311,-0.043518,0.176867,0.149732,0.141498,-0.049752,-0.112537,-0.026168,-0.053302,-0.065172,0.226413,0.027700,0.150816,0.301604,0.144543,0.227976,0.317320,-0.041272,-0.110309,0.370179,-0.026223,-0.105371,0.071150,-0.169484,-0.133671,0.007854,0.038860,0.170708,0.157470,0.408036,-0.010854,0.061644,0.160085,-0.037367,0.032424,0.149735,-0.345045,0.054382,0.170783,0.117648,0.077994,-0.008564,0.089502,-0.026894,0.271181,-0.025214,-0.005770,0.192857,0.325132,-0.020112,-0.041307,0.262928,-0.066863,-0.074892,0.074865,0.018081,0.145173,-0.032557,-0.111300,0.119828,0.368792,-0.122783,0.078031,0.038430,-0.024960,0.191578,0.307849,0.231818,#
3,0.122560,0.141265,0.285204,1.000000,0.363224,0.168990,0.398716,0.046743,0.169294,-0.277470,0.154494,0.378519,0.193190,0.126430,-0.078637,0.131067,0.165309,0.153225,0.222923,0.093921,0.172200,0.156741,0.011312,0.297611,0.164380,0.201470,-0.014475,0.189727,0.088345,0.297445,0.137954,0.258841,0.271150,0.184488,-0.264186,0.061952,0.486253,0.132970,0.255754,0.001146,0.260209,0.225093,0.098949,0.490745,-0.054679,0.136821,0.358456,0.240709,0.113657,0.201351,0.190628,0.124706,0.164797,-0.007643,0.013067,0.354105,0.093740,0.221788,0.122643,0.100283,0.062914,-0.097162,0.237510,0.157646,0.297141,0.195809,0.251429,0.236356,0.008058,0.243426,0.089520,0.111894,0.260571,0.094415,0.207397,0.376827,0.273055,0.063748,0.228699,0.212728,0.365201,0.145295,0.008036,-0.007490,0.214539,0.094334,0.180152,0.132098,0.306149,0.226444,0.160165,0.183884,0.268329,0.304754,0.030600,0.187819,0.242945,0.117705,0.261240,0.429600,0.320119,-0.042002,0.234376,0.173414,0.217508,0.130865,0.038132,0.090725,0.212146,0.168462,0.189630,0.128973,0.237614,0.048825,0.055950,0.054149,0.331659,-0.117553,0.006639,0.163600,0.243734,0.080649,0.160955,0.298023,0.095863,-0.085065,0.257934,0.114126,0.144773,0.426691,0.110793,0.379407,0.322800,0.250100,0.262700,0.019108,-0.126420,0.000592,0.311285,0.200660,0.221328,0.115907,0.145908,0.291041,0.016099,0.110051,0.264411,0.266711,0.235605,-0.069901,-0.252181,0.096155,0.008595,0.114268,0.215731,0.012066,0.028270,0.017467,-0.022329,0.421688,0.176448,0.329209,0.237104,0.110965,0.103288,0.190763,0.145833,0.176645,-0.018064,0.152505,0.256871,0.070158,0.163816,0.025489,-0.028223,0.200901,0.163743,0.318475,0.139301,0.090566,0.202039,0.188362,0.206979,0.162566,0.132381,0.143287,0.117337,0.168836,-0.068314,-0.043002,-0.099669,0.162279,0.508828,0.029691,0.238539,0.214154,0.169846,0.393799,0.298155,0.198035,#
4,0.193701,0.135579,0.098868,0.363224,1.000000,0.249400,0.047381,0.020743,0.283046,-0.170856,-0.080337,0.102595,0.211092,0.130167,-0.069407,0.065253,0.195982,0.119592,0.224781,0.240683,0.240092,0.256439,0.080465,0.354121,0.367633,0.383265,0.066441,0.113504,0.074484,-0.071699,-0.059692,0.168062,0.204679,0.127738,-0.158459,0.115377,0.285767,0.119640,-0.034150,-0.022103,0.149805,0.337373,0.332964,0.217196,0.223104,0.024916,0.342557,0.137591,0.176417,0.146397,0.105782,-0.103838,0.186429,0.147179,0.027415,0.176662,0.113307,0.012732,0.093669,0.103614,0.278894,0.057725,-0.024951,-0.128359,0.176435,0.081842,0.146350,0.071804,0.044706,0.178790,0.083674,0.059308,0.306669,0.170115,0.134732,-0.080671,0.091913,0.301996,0.129737,-0.118968,0.375413,0.073302,0.000603,-0.059187,0.248119,0.022141,0.117861,0.200118,0.346352,0.293833,0.145554,0.125504,-0.077648,0.188587,-0.063209,0.160693,0.234877,0.086005,0.377081,0.283381,0.178383,-0.151074,0.160044,0.161453,0.165179,0.038586,-0.048627,0.238311,-0.065438,0.156942,0.432024,0.021127,0.271186,0.411148,0.103095,-0.151351,0.101498,-0.266582,-0.115295,-0.095334,0.263375,-0.004817,0.211659,-0.040519,0.363974,-0.095055,0.062992,-0.065115,0.066770,0.085472,0.078220,0.068588,0.218743,0.166084,0.240290,0.147222,0.237473,-0.183389,0.155629,0.234890,0.144225,-0.055100,0.096169,0.026959,0.142515,0.091480,0.171056,0.105248,0.222574,0.056148,0.008845,-0.071477,0.088956,0.154451,0.010792,-0.071283,0.174666,0.099561,0.062260,0.282891,0.035551,0.240657,0.067622,0.338732,-0.078605,0.375378,-0.074246,0.031299,-0.024043,0.197364,0.177470,0.029926,0.152520,0.052930,0.078164,0.054689,0.335421,0.178744,0.244158,-0.119406,-0.059374,0.014547,0.181018,-0.000074,-0.132006,0.037259,0.233467,0.343083,0.049986,-0.013799,0.182456,-0.123030,0.234263,-0.073024,-0.005422,0.321196,0.112149,0.366262,0.115222,0.290887,#
5,-0.117289,0.072328,-0.176378,0.168990,0.249400,1.000000,0.260285,0.010321,0.235039,0.042421,0.035027,-0.122050,0.157075,0.130576,0.097364,0.024355,0.044930,0.002470,0.059661,-0.192353,0.170166,0.053919,-0.007895,0.195138,0.085659,-0.038918,0.055952,0.102844,0.207195,0.065649,0.077155,0.243259,0.324212,0.150560,-0.044073,-0.069396,0.318437,0.204681,0.072445,0.112951,-0.024831,0.145039,-0.041979,0.282054,0.031362,0.038577,0.183537,-0.039219,0.061579,0.378021,-0.113499,0.016903,0.207669,0.027566,-0.215510,0.173304,-0.162406,-0.046611,-0.024128,0.073796,0.120123,0.029095,0.029886,-0.222092,-0.121784,0.179151,0.327638,-0.012819,0.080399,0.168641,0.175745,0.119386,0.240162,0.238208,0.037808,0.019297,0.172105,0.144433,0.121911,0.090377,0.015765,0.167740,0.099614,-0.199238,0.023355,0.229881,-0.113400,-0.092863,0.183022,0.199658,-0.012400,0.151948,-0.093981,0.132754,0.055507,0.069063,0.041402,-0.046908,0.184200,-0.185942,0.230199,0.102472,0.135353,0.127438,-0.049302,-0.018899,-0.180731,0.131913,-0.168055,0.035739,0.256709,-0.168550,0.123431,0.156277,0.097409,-0.133061,0.304927,-0.125015,0.244849,-0.066164,0.089142,0.125023,-0.121916,0.264815,0.016943,0.063195,-0.168682,-0.059183,0.243026,0.104120,0.076108,0.182574,0.044756,0.094424,0.276907,0.197143,0.060385,-0.093509,0.087412,0.048940,0.380109,0.014081,-0.017518,0.238724,0.088781,-0.000112,0.184528,-0.066329,-0.145584,0.235413,0.211914,-0.187736,-0.095542,0.150108,0.124852,0.077669,0.131259,0.004839,0.334612,-0.049734,-0.024838,0.106500,0.055874,-0.011036,0.080057,0.010837,0.040002,0.073991,0.145489,0.345906,0.002022,0.074492,-0.092641,0.051964,-0.000563,0.109098,0.011736,0.094966,0.299151,-0.224980,-0.057229,-0.044866,0.385500,0.018460,0.029253,0.227940,0.201911,0.048390,-0.124027,0.127324,-0.105961,0.005413,0.207310,0.195717,0.053288,0.069271,0.122343,0.324487,-0.134360,0.018064,#
6,-0.036650,0.159960,0.076869,0.398716,0.047381,0.260285,1.000000,0.126852,0.264980,-0.054129,0.129330,0.113271,0.026957,0.294141,0.082229,0.082640,0.201796,0.043294,0.127326,0.086310,0.278273,0.029382,-0.190187,-0.001119,-0.116737,0.144996,0.112802,0.141347,0.202904,0.363180,0.095376,0.192562,0.134967,0.291455,-0.192159,0.044776,0.324103,0.185142,0.086205,0.281251,-0.009742,0.203788,-0.167863,0.163947,-0.032974,0.331232,0.228981,0.185706,-0.018908,0.042662,0.038917,0.181458,0.361019,0.171059,-0.088322,0.061129,0.067094,0.209745,0.193602,0.211451,0.027868,-0.022441,0.044864,0.386119,0.230813,0.248693,0.307867,0.273146,0.214165,0.105611,0.016978,0.122752,0.420744,0.023014,0.194524,0.296131,0.227002,0.191682,0.311269,0.178790,0.175088,0.198995,0.328409,-0.045652,0.218117,0.046870,0.034192,0.225202,0.190752,0.249513,0.129913,0.341593,0.028957,0.217886,0.011503,0.064179,0.104460,-0.061038,0.184528,0.208725,0.207281,0.079138,0.130629,-0.079736,-0.216347,0.312402,-0.132670,0.027808,0.063731,0.144179,0.211654,0.139879,0.139893,-0.069267,-0.051709,0.153398,0.406091,-0.024388,0.159601,0.221511,0.194412,0.215485,-0.142176,0.186728,0.083179,0.130185,0.014873,0.335949,0.246435,0.316642,0.152828,0.039928,0.108644,-0.093257,0.457037,0.222728,-0.068954,0.403567,0.377559,0.175412,0.124109,-0.106788,0.073434,0.348252,-0.015990,0.097187,0.363494,0.160155,0.058172,-0.130660,0.022500,0.128863,0.041595,0.074911,0.353668,-0.095434,-0.026300,0.008152,0.222324,0.038861,0.111217,0.313226,0.310150,-0.002246,0.240792,0.089052,0.089510,0.209418,0.255656,0.294180,0.011101,0.037633,0.182455,0.090984,-0.118191,0.276527,0.036538,0.358582,0.407133,-0.094150,-0.000647,0.087020,0.237892,0.441311,0.401407,0.165797,0.199814,0.047441,-0.020041,0.338485,-0.098951,-0.042629,0.337382,0.190952,0.060751,0.128048,0.112498,0.214357,0.046755,0.178041,#
7,-0.020175,0.026117,0.236569,0.046743,0.020743,0.010321,0.126852,1.000000,0.068287,0.188849,0.093041,0.309303,-0.112642,0.190992,0.202665,0.095065,-0.050778,0.207558,-0.017035,0.167301,0.192739,0.292648,0.308761,-0.133721,0.055649,-0.037853,0.240670,0.313995,0.007048,0.235704,0.132087,0.116303,0.051658,0.107810,0.008666,-0.009888,-0.146108,-0.085522,0.023414,0.160638,0.103297,0.312653,0.061296,0.127457,0.162042,0.225649,0.013420,0.296991,0.286633,0.095471,-0.008013,0.117875,-0.034481,0.072899,0.046663,0.215577,0.162216,0.152176,0.178298,-0.064091,0.397060,-0.100347,0.081384,0.186677,0.325778,0.039687,-0.090359,-0.020163,0.069683,0.217397,0.076032,-0.067828,0.231122,0.320902,0.139712,-0.004007,0.029923,0.207453,0.257744,0.219195,0.231517,-0.013498,0.143686,0.046168,0.163280,-0.051576,-0.106532,0.026953,0.208860,0.270091,-0.066811,-0.006259,0.162598,0.142823,-0.135402,0.061422,-0.111470,0.073279,0.017496,-0.020090,0.205498,-0.049693,0.218678,-0.069324,-0.191278,0.339665,0.481383,0.043862,0.275646,0.168268,-0.079464,-0.185338,-0.092895,-0.004051,0.224655,0.148776,-0.128441,-0.050499,0.070426,0.379540,0.163330,0.022067,-0.050655,0.148040,0.175617,0.113584,0.162211,0.366014,0.009262,0.192169,-0.042424,0.107678,0.097966,0.097905,0.302786,0.175997,-0.027552,0.340694,0.055651,0.081543,0.345942,0.092298,-0.061431,-0.033411,0.023144,0.147559,0.311230,0.213802,0.169546,0.093024,-0.054937,0.192332,-0.060027,0.020646,-0.066717,0.013534,0.160803,0.003042,0.248231,0.174920,0.103686,0.166007,-0.006002,0.006963,0.150835,0.244920,0.167121,0.199316,0.126193,0.069584,0.172484,0.073319,0.113915,-0.036334,0.030902,-0.013861,0.163511,0.042255,0.055622,-0.056800,0.146581,-0.007608,-0.017784,0.183562,-0.246257,0.046849,0.028872,0.034408,0.162366,0.251525,0.054949,-0.096547,0.304835,0.045082,0.130651,0.211725,0.065664,0.201678,0.225526,0.024125,#
8,0.253744,0.279143,-0.063721,0.169294,0.283046,0.235039,0.264980,0.068287,1.000000,-0.078342,0.202470,0.026526,0.147912,0.210045,0.244413,-0.158108,-0.000341,0.092096,0.015449,0.232184,0.339257,0.106745,0.046564,0.273884,0.090457,0.079811,0.020286,0.040496,0.112306,0.049615,0.011797,0.232184,0.221423,0.135886,-0.073887,0.068926,0.322534,0.126128,0.254408,0.205219,0.176129,0.048482,-0.093046,0.121703,0.202215,0.268962,0.186897,0.342548,0.078562,0.227858,-0.029972,0.309040,-0.016856,0.399119,0.050000,0.277708,0.090751,0.212673,0.148695,0.152327,0.100629,0.133443,0.194652,-0.088254,0.280613,0.199191,0.058016,0.118581,0.307807,0.080901,-0.019692,0.154335,0.524577,-0.099834,0.001936,-0.030699,0.077189,0.045527,0.011397,0.021715,0.162488,0.346609,0.416190,0.088071,0.411128,0.162192,0.064795,0.236779,0.310615,0.593013,0.148740,0.193091,-0.076273,0.082825,0.344530,0.266168,0.067611,0.140926,0.203241,0.062485,0.116205,-0.046380,0.091073,0.091544,0.091162,0.198436,0.234037,0.243612,0.006129,0.112101,0.165554,0.169128,-0.043198,0.262566,0.098260,0.079965,0.120897,0.220616,0.000541,0.244882,0.394970,0.077626,0.107343,0.082519,0.253659,0.292213,-0.003856,0.249736,0.078835,0.159285,0.099430,0.037589,0.257922,0.066928,0.244344,0.037526,0.152122,0.282083,0.435017,0.202662,0.252910,0.215205,0.097633,0.105646,0.132792,0.096539,0.237129,0.326080,0.057859,0.171976,0.193628,0.025986,0.086765,0.036872,0.425684,0.123656,0.003780,0.149073,0.013845,0.190645,-0.023943,0.166448,0.035534,0.036803,0.191252,0.187693,0.230991,0.228693,0.221589,0.062899,0.161650,0.087405,0.054485,0.254269,-0.082554,0.321756,0.044351,0.322285,0.324828,-0.050853,0.178167,0.129318,-0.051200,0.236744,0.180922,0.134875,-0.049411,0.019685,0.188647,0.285863,0.324819,-0.013678,0.242322,0.027515,0.242499,0.010959,0.068593,-0.022255,-0.071190,0.109481,#
9,-0.032669,-0.239891,-0.178610,-0.277470,-0.170856,0.042421,-0.054129,0.188849,-0.078342,1.000000,0.178240,-0.208873,-0.143362,0.218691,0.164358,-0.062902,-0.199294,-0.148748,-0.289010,0.163248,-0.146459,-0.043426,-0.018878,-0.166022,-0.137133,-0.237503,0.158410,-0.006254,0.073440,-0.139920,0.116108,0.025306,0.049225,-0.064575,0.091084,-0.089308,-0.287393,0.150033,-0.150376,-0.134137,0.172691,0.123962,-0.155217,-0.320931,0.048747,-0.116925,-0.043586,-0.003425,0.121137,-0.177612,-0.152536,0.175074,-0.183736,-0.083604,0.172708,0.201419,0.095689,0.291282,0.027908,-0.235231,0.075416,-0.137292,0.000849,-0.112524,0.145369,0.091800,-0.054606,-0.162727,0.021721,-0.094915,0.005580,0.221776,-0.052748,-0.003096,0.052822,0.052288,0.051536,-0.089864,0.224416,-0.044157,-0.256374,0.095891,-0.193601,0.053341,0.032188,0.238436,-0.024115,-0.013210,-0.229590,0.005733,-0.235473,-0.153819,-0.051862,-0.151155,-0.109834,-0.043477,-0.050079,0.093136,-0.031887,0.043848,0.122761,0.099712,0.188721,-0.092273,0.073444,0.047312,-0.034087,0.075593,0.123315,-0.164121,-0.136919,-0.187005,-0.093752,-0.008215,0.007886,-0.086878,-0.039877,0.102921,0.307943,-0.165663,0.106810,0.227234,-0.050775,0.136229,-0.071956,-0.019157,-0.239794,0.049971,0.041225,0.134627,0.012374,-0.118373,-0.274592,-0.006637,-0.106937,-0.079539,0.121246,0.151154,0.048984,-0.178448,0.115421,0.036295,-0.064788,-0.212702,-0.172668,-0.052317,0.101953,-0.063908,-0.165309,0.259232,0.186452,-0.199067,0.121456,0.089099,-0.188294,0.163661,0.160286,0.009550,0.425403,-0.084832,0.006504,-0.034434,-0.318526,0.124011,-0.041512,0.048286,-0.163156,0.134778,0.234287,0.054280,-0.006515,0.228491,-0.005913,0.071701,-0.044654,-0.027053,0.041791,-0.225396,-0.216590,0.068766,-0.184403,-0.069647,0.097791,0.135542,-0.034960,-0.070340,0.082171,0.154330,0.082879,-0.080338,-0.053645,0.024611,-0.083039,0.202027,-0.127642,0.108610,0.184195,-0.251552,0.054764,0.002216,#
10,0.180164,0.366379,0.029934,0.154494,-0.080337,0.035027,0.129330,0.093041,0.202470,0.178240,1.000000,0.011446,-0.250819,0.196072,0.148215,-0.135706,-0.110144,0.005003,0.077659,-0.053070,-0.104779,0.251102,-0.236967,0.024340,-0.085394,-0.139596,0.206058,0.235844,0.152422,0.096950,0.214250,0.144818,0.064614,0.173742,-0.148301,-0.006560,-0.024983,0.109071,0.274128,0.072089,0.141479,0.020775,-0.014417,-0.081323,-0.218172,0.075803,0.133992,0.163764,0.154890,-0.048094,0.007194,0.186211,-0.006524,0.071635,-0.021310,0.373577,0.136225,0.105145,-0.214268,-0.049079,-0.213825,-0.104970,0.227930,-0.012708,0.313079,0.206890,-0.226477,-0.013079,0.178370,0.152683,0.071454,0.154967,0.240038,0.001263,0.049066,-0.015189,0.163957,-0.210564,0.142489,0.200749,0.035553,-0.102938,0.174292,0.107079,0.110342,-0.098566,0.151012,-0.121548,-0.010672,0.118340,-0.183631,-0.113167,0.103665,-0.149065,0.106795,-0.035501,0.145201,-0.037853,0.028707,0.133702,0.100556,-0.088902,0.118073,-0.166182,-0.000799,0.037037,0.137845,0.305922,0.265499,0.095071,-0.016267,0.024958,-0.058984,-0.001505,0.212212,0.140688,0.045607,-0.080857,0.052113,0.072398,0.034537,0.262968,-0.127178,0.080055,-0.020334,-0.027657,0.006656,0.183386,-0.087476,0.248067,0.318857,-0.073584,-0.017548,0.082944,-0.016803,0.093467,-0.110600,0.213647,0.241385,-0.045969,0.188328,0.078513,0.156710,-0.013920,-0.212331,0.063345,0.210076,-0.067848,-0.134765,0.035842,-0.175458,0.085792,0.135623,-0.228757,0.296638,0.119819,0.116643,-0.179740,0.151637,0.162608,0.144636,-0.070550,0.154151,-0.065576,0.124403,0.051979,-0.025637,0.283367,0.189705,0.107072,0.254882,0.249402,0.026728,0.197586,-0.243823,-0.008079,0.061388,0.065074,0.136508,0.075277,0.073759,-0.086906,0.100938,-0.045182,0.176978,0.122274,-0.020537,-0.092497,0.101095,0.115325,-0.039303,-0.007568,0.059670,-0.000561,0.219312,-0.100351,-0.000535,0.149444,0.253064,0.260836,#
11,0.035493,0.144677,0.129538,0.378519,0.102595,-0.122050,0.113271,0.309303,0.026526,-0.208873,0.011446,1.000000,0.048535,0.052189,-0.069108,0.016161,-0.107940,0.328446,0.190889,0.044366,0.072011,0.083068,0.032648,0.108734,0.324264,0.177302,-0.150679,0.213972,-0.262760,0.183101,0.220214,0.172058,0.164121,0.185332,0.072192,0.053115,0.171976,0.142574,0.093474,0.036180,0.121742,0.265579,0.172392,0.347709,-0.185454,0.217446,0.303829,0.166579,0.227401,0.034169,0.288325,0.045039,0.168254,0.200217,-0.188683,0.136502,0.294516,0.115120,0.239955,-0.127821,-0.049862,-0.004218,0.323989,0.224714,0.100185,0.178528,0.107812,0.326399,-0.093858,0.221860,0.053609,-0.081707,0.264445,0.135217,0.101805,0.219724,0.077111,0.011047,0.238254,0.137547,0.180627,-0.133776,0.243136,0.134677,0.230271,-0.108494,0.235109,0.400736,0.269979,0.134958,0.256118,0.021089,0.386467,0.464796,-0.089503,0.142324,-0.143767,0.136188,0.028016,0.178504,0.221770,-0.042353,0.141563,0.089591,0.100804,0.385423,0.329247,0.286804,0.374477,-0.017314,0.122944,0.018679,0.216424,0.069940,-0.146369,0.264737,0.108337,-0.020926,0.060317,0.159667,0.123979,0.087069,0.252705,0.143879,0.224627,0.063241,0.361143,0.373872,0.185503,0.280548,-0.129041,0.330603,0.089785,0.327918,-0.018272,-0.006924,-0.208666,0.285603,-0.041293,0.227593,0.134825,0.128141,-0.010125,0.024829,-0.036391,0.172563,0.199990,0.184079,0.188099,0.077512,-0.175487,0.304766,0.033266,0.093760,0.314559,-0.102199,-0.024162,-0.102787,0.063659,0.345541,0.166301,0.141914,0.006910,-0.090387,0.252656,0.190786,0.322198,0.169195,0.313203,0.089355,0.368948,-0.001707,-0.021531,0.039553,0.037910,0.210400,0.419589,0.163123,0.132677,-0.021187,0.234596,0.198637,0.036629,0.005070,-0.110567,0.133358,0.061044,0.099180,-0.027818,0.005914,-0.074895,0.061635,0.320219,-0.094644,0.126927,0.082721,0.235328,0.275722,0.133416,0.236541,#
12,0.040450,-0.006247,0.044392,0.193190,0.211092,0.157075,0.026957,-0.112642,0.147912,-0.143362,-0.250819,0.048535,1.000000,-0.218608,-0.037871,-0.179898,0.314003,-0.024068,0.014480,0.333782,0.146190,-0.088198,0.285963,0.050578,0.076241,0.079615,0.051020,-0.162457,0.041365,0.166331,-0.036980,0.282378,0.141511,0.145348,-0.011635,0.269955,0.251961,-0.115321,0.090157,0.012895,0.143657,-0.034254,0.080402,0.227610,0.270183,0.118883,0.239443,-0.212647,0.037417,0.061156,0.223189,0.136406,0.088348,0.116561,-0.117258,0.139344,-0.105038,0.179667,0.163690,-0.127163,-0.128019,0.013582,0.176498,0.029445,0.067533,0.152982,0.068756,0.084325,-0.069332,0.050608,-0.037640,0.220344,-0.029501,-0.048172,0.290914,0.087919,0.143346,0.031428,0.110739,-0.145566,-0.012205,0.158674,0.022636,-0.065277,0.129860,0.307904,-0.066809,0.273099,0.118119,-0.028029,0.100668,0.062734,-0.221544,0.177314,0.123245,0.024020,0.183184,0.111670,0.143995,0.046927,0.138988,0.086690,0.012011,0.100629,0.280289,0.049580,0.149776,-0.069804,-0.127395,-0.044678,0.255376,-0.141315,0.097533,0.151148,-0.029574,-0.059524,0.038407,0.024663,0.096448,0.129478,0.088494,-0.016171,0.175701,0.038251,0.147769,0.226877,0.157296,-0.023024,-0.007195,-0.042318,0.032772,0.114020,0.090413,-0.030122,-0.085056,-0.026898,0.111484,0.099480,0.095917,0.129188,0.053274,-0.103233,0.004493,0.036516,-0.122037,0.120058,-0.141265,0.192743,0.072597,-0.117186,-0.005406,0.213622,-0.093837,0.138452,-0.105986,-0.154127,0.089161,-0.146426,-0.061905,0.124311,-0.067972,0.273049,0.074546,0.308275,-0.115109,0.013123,0.206196,-0.059888,-0.168459,0.097198,0.013013,-0.174820,0.012383,-0.009261,0.015374,-0.013558,0.002480,0.184494,-0.056767,0.267367,0.091393,-0.031438,0.225747,0.044020,0.085634,0.093715,-0.027449,0.081630,0.035441,-0.047029,0.000571,-0.021401,-0.078857,-0.002203,-0.066962,-0.128357,0.265836,0.125921,0.033759,-0.003821,#
13,0.109008,0.048677,0.245099,0.126430,0.130167,0.130576,0.294141,0.190992,0.210045,0.218691,0.196072,0.052189,-0.218608,1.000000,0.161319,0.092202,0.152763,-0.104182,0.131150,0.047314,0.045813,0.199121,-0.068824,0.039910,0.033401,0.147710,0.187832,0.121501,0.169444,0.030227,0.194271,0.141219,0.215455,0.147686,-0.115440,-0.060474,-0.028570,0.096058,-0.107841,0.028955,-0.041388,0.132838,0.292753,0.186540,-0.236492,0.054708,0.156776,0.228953,0.162716,0.029864,0.191281,0.184904,0.227179,-0.053619,0.066668,0.300097,0.063790,0.157483,0.148129,0.237555,0.051046,-0.086636,0.279550,0.031011,0.106756,0.139525,0.334909,0.118110,0.353017,0.127673,-0.150125,-0.061129,0.269659,0.156958,0.083818,-0.158417,0.283475,0.331301,0.177992,-0.043738,0.147670,0.120452,0.000153,0.379370,0.296949,0.034211,0.215765,0.238227,0.333363,0.169063,0.082819,0.036804,0.140331,0.073478,-0.188022,0.113896,0.216409,-0.113823,0.298340,0.170559,0.306420,0.096047,0.214676,0.017012,-0.042988,0.217878,0.025928,0.106115,0.243251,-0.030563,-0.021922,-0.106766,0.250152,0.070983,0.217076,0.155079,0.358102,0.088683,0.048888,0.194936,0.391473,0.245131,-0.154456,0.121078,0.093735,0.030577,0.029463,-0.087689,0.287976,0.265617,0.118812,0.078727,-0.017727,0.106041,0.293907,0.053610,0.102519,0.037779,0.382517,0.181023,0.102929,-0.065652,0.265137,0.102208,0.145633,0.280790,0.452380,0.289704,0.072269,0.224634,0.071352,0.073328,0.014237,0.084149,0.239184,0.123626,-0.105608,0.384739,0.242641,0.182700,0.047437,0.327889,-0.014984,0.325998,0.193885,0.010803,-0.018836,0.129624,0.020615,0.341879,0.190258,0.260765,0.253174,-0.043302,-0.023840,0.165330,0.032980,-0.058332,0.342058,-0.139682,0.214656,0.062561,0.037247,0.153923,-0.075869,0.113533,0.155910,0.236003,0.118265,0.130807,-0.060486,0.035391,0.281101,-0.175308,0.150095,0.226480,0.089492,0.106238,0.211887,0.255231,#
14,0.253386,-0.100495,0.118328,-0.078637,-0.069407,0.097364,0.082229,0.202665,0.244413,0.164358,0.148215,-0.069108,-0.037871,0.161319,1.000000,0.194791,-0.021574,-0.119031,0.152112,0.112637,0.042493,0.132612,0.167562,0.162248,0.178008,-0.186694,0.096874,0.168675,0.212263,0.141253,-0.048093,-0.101617,0.026102,-0.011042,0.069261,0.087737,0.151246,0.266950,0.043362,0.249358,0.160163,0.025370,0.190130,-0.086120,-0.009899,0.232744,0.029731,0.112244,0.043415,-0.078869,0.236235,0.122149,0.155557,0.168434,0.231232,0.232091,0.147334,-0.011093,-0.034619,-0.116968,0.208658,0.148307,-0.021231,0.004002,0.201796,0.123163,0.071806,-0.004830,0.181107,0.095212,-0.162295,0.143525,0.042815,0.364157,-0.066243,0.021204,0.104124,0.068606,-0.020376,0.164771,0.116292,0.026793,0.046996,0.123232,0.072318,0.270289,-0.160958,0.019593,0.062093,0.181375,0.231024,0.018402,0.131405,0.044346,0.206844,-0.094541,0.120069,-0.031471,0.230458,0.126052,0.009582,0.040674,0.063223,0.073730,-0.179067,0.190470,0.201823,0.279110,0.083974,0.164924,-0.100053,-0.022101,0.048375,-0.063901,0.081659,0.064549,-0.013799,0.239166,0.271075,0.181803,0.412941,0.261548,-0.076192,0.050689,0.038905,0.171362,0.098564,0.098953,-0.006041,0.128364,0.168538,0.104103,0.045917,-0.130482,0.051206,-0.284170,0.149876,0.003974,-0.145647,-0.008420,0.298861,0.133092,0.223303,-0.136660,0.033459,0.281806,0.050720,0.142753,0.038087,0.041893,0.117143,-0.121645,-0.167126,0.003683,-0.059014,-0.004227,0.300581,0.158261,0.099961,0.054377,-0.040100,0.113969,-0.139936,0.054749,0.232954,0.052818,0.207778,0.176070,-0.112916,0.195106,0.175000,0.381180,0.194919,0.176335,-0.053696,0.060090,0.369743,0.179102,0.313402,0.160921,0.010264,0.009117,0.077954,0.114714,0.085505,0.126487,0.140572,-0.089398,-0.010089,0.146694,-0.223639,0.126369,0.144208,0.244044,0.154662,-0.229976,-0.161724,0.121397,0.246125,0.131462,#
15,-0.043595,-0.089672,0.101179,0.131067,0.065253,0.024355,0.082640,0.095065,-0.158108,-0.062902,-0.135706,0.016161,-0.179898,0.092202,0.194791,1.000000,0.123824,0.290594,0.029802,-0.007751,0.158768,-0.002828,0.078486,0.053652,0.124372,0.202213,0.104623,-0.016185,0.187546,0.023174,0.030264,0.050335,0.068501,0.130688,-0.177811,-0.445083,0.026295,0.140570,0.011403,0.111784,0.034514,0.112782,0.145403,0.054692,0.122038,0.046094,-0.009933,0.081930,-0.091111,-0.122724,-0.117008,0.131356,0.144270,-0.158284,0.012963,-0.014907,0.067408,0.018531,0.037520,0.184731,0.146052,-0.193991,-0.001152,-0.068649,0.145204,-0.028145,0.080999,0.116202,0.142648,-0.022646,0.125361,0.108812,0.130702,0.281827,0.124407,0.191827,-0.109015,0.361654,-0.065379,0.269088,0.083869,0.026552,0.199154,0.192481,-0.039180,0.079744,0.050173,-0.027983,0.290734,0.246472,-0.094826,0.030069,0.154594,0.248325,-0.127099,-0.138425,0.139227,0.080092,0.151881,0.003879,-0.017797,-0.060506,0.162816,0.094002,-0.376059,0.014974,0.043633,0.125154,0.041297,0.150569,-0.004941,0.161704,0.088512,-0.156323,0.109066,0.284290,0.272603,-0.137117,-0.020294,0.066409,0.230973,0.279598,-0.001874,0.192859,0.249609,-0.250637,-0.012121,-0.066462,0.194162,0.011259,-0.102198,0.320663,0.008721,0.120859,0.044974,0.161650,0.136794,-0.155158,-0.253918,-0.067991,-0.034606,0.207180,0.099097,0.025635,0.243520,0.045165,0.056348,0.207801,0.215106,0.085854,0.190793,-0.206523,-0.181660,0.383337,-0.202959,0.247323,-0.047421,0.074233,0.105283,0.098221,-0.130335,-0.055479,0.247591,-0.020596,0.112050,0.084019,-0.002065,0.130779,-0.146444,0.070595,-0.019972,0.049623,0.250329,-0.256601,0.043135,-0.069868,0.224465,-0.127149,-0.145415,-0.024408,-0.001252,-0.015686,0.024156,0.264233,-0.095706,-0.035142,-0.123428,-0.032977,0.055775,0.019133,-0.323706,0.203242,0.098946,0.076300,0.172749,0.167535,-0.061895,0.068231,-0.076385,-0.089574,#
16,-0.020008,0.120446,0.073536,0.165309,0.195982,0.044930,0.201796,-0.050778,-0.000341,-0.199294,-0.110144,-0.107940,0.314003,0.152763,-0.021574,0.123824,1.000000,0.050748,0.080715,0.170499,0.310216,0.115837,0.136568,0.077862,-0.074341,0.233210,0.021570,-0.186986,0.221605,0.043998,0.178369,0.258659,-0.058067,0.277936,-0.174470,-0.044568,0.156595,-0.055529,0.133309,0.201899,-0.103878,0.129066,0.118829,0.025909,0.168924,0.252398,0.061800,-0.126472,0.237678,-0.173855,-0.041813,0.129780,0.233479,-0.052768,0.243913,-0.044809,-0.131954,0.105160,0.187232,-0.107661,0.087607,0.202929,0.185091,0.188117,0.179477,0.053339,0.293248,0.386632,0.087505,0.132152,-0.135894,0.271667,0.152478,0.000242,0.118593,0.159735,0.149881,0.350639,0.116468,-0.089113,-0.150779,-0.039054,-0.056122,-0.012171,0.051974,0.183002,0.137743,0.118698,0.170000,-0.036053,0.070036,0.190419,-0.089342,0.154739,0.000042,-0.112404,0.162184,0.121739,0.167551,0.117949,-0.070279,-0.124440,-0.156287,0.036782,-0.014124,0.115148,-0.068444,-0.179472,-0.098306,0.140937,0.190653,-0.019203,-0.016130,0.007370,0.244278,0.306031,0.100380,-0.031184,-0.087424,0.386437,0.017004,-0.048973,0.083915,0.096276,0.117392,-0.112925,0.151162,-0.077160,0.038609,0.055589,-0.104773,0.078053,0.175519,-0.024744,0.279657,0.149458,-0.076499,0.054486,0.271086,0.282119,-0.037864,-0.025608,-0.067184,0.103057,0.188452,0.013001,0.074325,0.178381,0.292055,-0.215145,0.108996,0.170584,-0.047047,-0.040444,0.158209,0.042236,-0.047164,0.075300,-0.069795,0.183432,-0.108708,0.321555,0.239411,0.236176,-0.017963,0.055386,0.075709,0.023039,-0.240615,0.075153,-0.062945,0.027738,0.092895,-0.027372,0.157689,0.154736,-0.102744,0.034695,0.138102,0.048311,0.015701,0.100597,0.176518,-0.122257,-0.047650,0.136819,0.109536,0.134337,0.086121,0.031880,0.060689,-0.076710,0.057485,0.097554,0.051177,0.218703,-0.109915,0.276953,-0.121576,0.029835,#
17,0.086913,0.119943,-0.049631,0.153225,0.119592,0.002470,0.043294,0.207558,0.092096,-0.148748,0.005003,0.328446,-0.024068,-0.104182,-0.119031,0.290594,0.050748,1.000000,-0.079485,0.090210,0.299123,0.026248,0.118177,0.003756,-0.071867,0.080709,-0.146896,-0.007088,-0.048619,0.214689,-0.082234,0.155060,0.205521,0.187552,-0.184237,0.010060,0.057898,0.181095,0.093627,-0.125662,0.114889,0.053619,-0.117431,0.140853,-0.055890,0.212330,0.107507,-0.040008,0.249057,-0.066890,-0.006133,0.137283,-0.031632,0.150992,-0.020690,0.090177,0.124383,0.158504,-0.104981,0.012611,0.196389,-0.074133,0.249938,-0.057782,-0.013705,-0.003755,-0.041856,0.081955,-0.004079,0.166430,-0.049186,-0.079428,0.197624,0.010538,0.183249,0.264303,0.076684,0.201169,-0.131875,0.175682,0.038342,0.064473,0.315299,0.011866,-0.058522,-0.244973,-0.010377,0.141425,0.199134,0.201168,-0.093903,0.030903,-0.022221,0.181105,-0.067670,-0.044587,0.127926,0.298001,0.156555,0.044788,0.005368,-0.189683,0.232424,0.106986,-0.299295,0.263227,0.087334,0.149826,0.001609,-0.046526,0.091443,0.064209,-0.082612,0.262495,-0.108132,0.238341,-0.040732,-0.019938,-0.174979,0.150938,-0.044576,0.038377,0.078589,0.261963,0.317069,-0.076448,0.101796,0.267245,0.003740,0.000699,-0.105084,0.108135,0.152424,0.173653,0.014996,0.328355,0.041278,0.013754,0.141581,0.234498,-0.026172,0.152474,-0.037932,0.123252,0.187255,0.053883,0.021220,-0.078238,0.038694,-0.051392,-0.034560,-0.167836,-0.095158,0.203332,-0.015372,0.154058,0.048735,-0.194633,0.284322,0.324451,-0.007280,0.153749,0.214011,0.019987,0.118590,0.343098,0.006370,0.247068,0.050586,0.083671,0.312837,-0.073352,-0.078266,-0.089149,0.046122,-0.219880,0.234935,0.045973,-0.083027,0.098954,-0.146047,0.245423,0.072885,-0.116223,-0.154127,0.041759,0.013481,0.145595,0.071766,0.161562,-0.023560,0.125051,0.238121,-0.079494,0.421402,0.044543,0.054389,0.047348,-0.034013,0.028157,#
18,0.240549,-0.064304,0.006922,0.222923,0.224781,0.059661,0.127326,-0.017035,0.015449,-0.289010,0.077659,0.190889,0.014480,0.131150,0.152112,0.029802,0.080715,-0.079485,1.000000,-0.045247,0.165678,0.158320,-0.255753,0.206323,0.319608,-0.019545,0.217882,0.295842,0.101770,0.186697,0.204255,0.079494,0.178885,-0.091824,0.154928,0.146516,0.345247,-0.060414,0.000210,0.200562,-0.167219,0.301082,0.147264,0.312389,0.009314,0.148833,0.152840,-0.047682,-0.076570,0.149740,0.302233,-0.318866,0.311307,0.184263,-0.067598,-0.012996,0.238465,0.027260,-0.028817,-0.182697,0.039507,-0.054044,0.187366,0.098236,-0.155437,0.092468,0.231412,0.318071,-0.075225,-0.196425,-0.000040,-0.112751,0.226636,0.167972,-0.148143,-0.093794,0.064817,0.065444,0.167395,0.091706,0.391059,-0.163295,0.078509,0.290989,0.226279,-0.136056,0.199029,-0.004437,0.265485,-0.031475,0.174069,0.037622,0.041626,0.268532,-0.089070,0.020328,0.275898,0.065473,0.036183,0.263130,-0.029437,0.299298,0.218000,0.249089,0.116551,0.226655,0.002412,0.138635,0.068507,0.239403,0.262514,0.176022,0.124005,0.125929,-0.134528,-0.039152,0.156876,-0.110487,0.002848,0.143340,0.075089,0.208615,-0.010675,-0.171137,0.107171,0.080245,0.227727,-0.104555,0.274327,0.172278,0.291791,0.172355,0.125491,0.078084,0.089970,-0.303039,-0.247944,0.122254,0.128966,0.177061,0.342557,-0.025520,0.181379,0.031566,0.096240,0.070828,0.079005,0.045756,0.018252,0.029641,-0.087008,0.254611,0.047858,-0.078626,0.004868,0.187040,0.192476,0.020510,-0.098699,0.373995,0.138288,-0.040750,0.055930,0.063815,0.213519,0.020134,0.100499,0.025605,-0.148580,0.110477,0.004338,0.059183,0.267445,-0.194782,-0.161736,0.133181,0.202444,0.201814,0.420890,-0.037119,0.139715,0.061176,0.150675,-0.026023,0.169498,-0.006618,0.222244,0.199689,-0.048995,0.226265,0.143200,0.223267,0.229995,-0.036407,0.160821,0.004990,-0.066445,0.307793,0.208363,0.089736,#
19,0.207580,0.027037,0.138302,0.093921,0.240683,-0.192353,0.086310,0.167301,0.232184,0.163248,-0.053070,0.044366,0.333782,0.047314,0.112637,-0.007751,0.170499,0.090210,-0.045247,1.000000,0.158192,0.316750,0.297017,0.054079,-0.113490,0.218743,0.120118,-0.014559,0.174112,0.124341,-0.183217,0.297041,0.138680,0.139161,-0.165000,0.266701,-0.082762,-0.071214,0.239812,0.061442,0.050924,0.195195,-0.124479,0.088076,0.118385,0.312248,0.071595,0.402212,0.134862,-0.108475,0.098827,0.159795,-0.036894,0.452345,0.185842,0.184920,0.079500,0.241194,0.208910,-0.079883,0.000168,-0.006211,0.084080,0.222156,0.159411,0.160780,-0.152263,0.169509,0.103943,0.242296,-0.025376,0.156471,0.130636,-0.175038,0.145592,0.312173,0.111883,0.246003,0.190080,-0.074202,0.126951,-0.015688,0.045959,0.196225,0.356866,-0.066864,0.110225,0.091215,0.172477,0.213525,-0.058131,0.135687,0.103187,0.011293,0.010344,0.070289,0.068892,0.253111,0.059633,0.192931,0.134275,-0.112627,0.199757,0.071194,0.182873,0.333798,0.012236,0.374934,-0.136975,-0.021888,0.206665,0.126525,-0.089281,0.138438,0.097282,0.167915,0.093087,0.177121,0.216678,0.098824,0.379079,0.260497,0.177549,0.099943,0.333923,0.230826,0.254622,0.335115,-0.149576,0.155606,-0.152997,-0.181734,0.204288,0.180543,0.019354,-0.074532,0.150010,0.252855,0.250604,0.191058,-0.000039,0.216802,0.125563,-0.229955,0.079184,0.025283,0.047007,0.167761,0.229036,-0.122921,0.156155,0.136990,-0.036328,0.210626,0.000175,0.039866,0.202049,0.006189,0.077276,-0.070483,0.155693,0.279627,0.161836,0.252632,0.139174,0.289572,-0.045312,0.045377,0.108829,0.151072,0.131828,0.045963,0.213270,0.106255,0.007028,0.032193,0.248946,0.029386,-0.038952,0.139626,0.128354,0.245913,0.045334,0.025402,0.048695,0.017750,0.172897,0.303072,0.194688,0.157983,0.249739,-0.040190,-0.009684,0.156454,0.266897,-0.024918,0.208414,-0.019963,0.084822,0.354442,#
20,0.135252,-0.102258,0.273052,0.172200,0.240092,0.170166,0.278273,0.192739,0.339257,-0.146459,-0.104779,0.072011,0.146190,0.045813,0.042493,0.158768,0.310216,0.299123,0.165678,0.158192,1.000000,0.114266,0.132197,0.213656,0.209254,0.131702,-0.117447,0.138788,0.040622,0.328152,0.140209,0.145313,0.154981,0.258450,-0.068278,-0.072700,0.158609,-0.039172,-0.053132,0.153279,0.209896,0.354671,-0.048153,0.053065,0.211437,0.312554,0.162997,0.066331,0.191282,0.046483,-0.071166,0.160912,0.142042,0.197393,-0.045392,-0.131524,0.124960,0.194233,0.284444,-0.059898,0.179322,-0.042691,0.318037,0.201641,0.291323,0.166595,0.210872,0.071275,0.307524,0.064627,0.005544,0.190640,0.413815,0.106847,-0.116718,-0.137465,0.117611,0.255774,0.101720,0.092254,0.217892,-0.089622,0.257502,-0.017479,0.136008,0.237296,0.115636,0.192365,0.261779,0.235833,-0.020115,0.320120,0.025464,0.214345,0.057543,0.079414,0.301048,0.311174,0.040695,-0.068469,0.063924,-0.186088,0.069361,0.127914,-0.052148,0.176412,-0.032895,0.091785,-0.088872,0.183843,0.210919,0.007788,-0.148242,0.326135,-0.041374,0.228000,0.197898,-0.176736,-0.236770,0.106760,0.029612,0.021248,-0.124526,-0.148676,0.256051,-0.023851,0.226199,0.220855,0.087756,0.158948,-0.041010,0.104733,0.274502,-0.147563,0.247047,0.258448,0.124750,0.243033,0.216845,0.099259,0.207698,0.067821,-0.073336,0.147766,0.259974,0.041408,-0.191953,0.249852,0.417164,0.164858,0.140278,0.161346,-0.054712,0.001758,0.130159,0.046469,0.082783,-0.149531,0.202970,0.344668,0.040471,0.228419,0.171606,0.067356,0.244787,0.202136,-0.054516,0.332139,-0.037173,-0.057097,0.194495,-0.020064,-0.111715,-0.073547,0.016103,0.211456,0.068681,0.024062,0.232469,0.202972,0.129379,0.095098,0.024332,0.263248,0.054628,-0.145873,0.155734,0.090905,0.143790,0.318696,0.078512,0.066393,0.329043,0.040776,0.190222,0.271087,-0.007280,0.193251,-0.011160,0.039821,#
