0,1.000000,-0.204056,0.247135,0.077198,0.093859,-0.081776,-0.070391,-0.015248,0.046631,0.057353,0.159325,-0.112306,0.066333,0.131253,0.186407,0.128559,-0.002545,0.087355,0.172432,0.180589,0.073989,0.258527,0.112923,0.156509,0.202229,0.030032,0.167607,0.088674,0.313699,0.297099,-0.010977,0.119241,0.084674,0.128866,-0.086203,-0.076291,0.043542,-0.029138,0.255474,0.292309,0.137678,0.023980,0.117860,0.116504,-0.018390,0.047908,-0.049750,0.166175,0.321643,0.286794,0.211632,-0.148363,0.142751,0.241571,0.206981,0.339178,0.025236,0.045892,-0.147900,0.002554,0.180151,-0.136017,0.256247,-0.108602,-0.027578,0.101609,-0.026476,0.079454,0.079872,0.037708,0.147591,0.013400,0.166198,0.104713,0.010591,-0.093382,0.185146,0.067170,-0.016976,0.040417,0.125159,-0.006614,-0.003007,0.258377,0.383250,-0.027195,0.069905,0.360912,0.143366,-0.075497,-0.026337,-0.004829,0.105310,0.244558,0.301304,0.184604,0.291874,0.068280,-0.017973,0.152390,0.240362,0.246929,0.092529,0.178832,0.145186,0.139386,0.249250,-0.049980,0.104368,-0.109373,-0.123051,-0.005739,-0.094255,0.234701,-0.052940,-0.214298,0.066331,0.164066,0.155926,-0.005269,0.269566,0.326553,0.121123,0.125797,-0.041784,0.162535,0.072394,-0.110085,0.239954,0.110390,0.266995,0.090206,0.187319,0.265443,0.065421,-0.175840,0.264898,0.041669,0.138456,0.228261,0.170176,0.096927,0.041233,-0.128180,-0.024525,0.125275,0.186778,0.299627,0.174183,0.083583,0.028568,0.065074,0.413241,0.026210,0.130385,0.139261,-0.035256,0.052813,0.114001,0.306000,0.072466,0.169137,-0.039991,0.030088,0.215578,-0.074544,0.127907,0.157719,0.093002,0.076752,0.268036,-0.059869,0.075695,0.235754,0.050876,0.092212,0.356768,0.071677,-0.020854,-0.016685,-0.047029,0.257332,-0.059454,0.031279,0.164514,0.000458,0.283287,0.223878,0.189751,0.090580,0.093417,-0.000258,0.123622,0.189255,0.274367,-0.034181,-0.063657,0.135034,0.377811,0.145871,#
1,-0.204056,1.000000,0.107544,0.221311,0.154924,0.032238,0.067149,-0.014693,0.220132,-0.159095,0.338121,0.160779,0.003066,0.076895,-0.079445,-0.193002,0.156083,0.197472,-0.119983,0.248580,-0.068645,0.221616,0.029827,0.014294,0.020101,0.318554,0.203643,0.305324,-0.039622,0.104003,0.076713,0.206879,0.018365,0.011432,-0.065525,0.195320,0.047931,0.066304,0.278716,-0.008961,-0.189710,0.132171,0.174520,0.069137,-0.147598,0.218475,0.360177,0.300820,-0.021698,0.008338,0.245119,0.115993,0.159087,0.016651,-0.098496,0.152819,0.063650,-0.161995,-0.112773,0.207848,-0.074326,0.053846,0.085645,0.094408,0.077657,0.047252,-0.304427,0.071101,0.130502,0.339981,0.031985,0.084885,0.305319,-0.042502,0.224050,0.247921,0.060940,0.022350,0.158996,-0.005241,0.207586,0.024176,0.267683,-0.003828,-0.026605,-0.344931,0.151296,0.002611,0.224847,0.056191,0.017448,0.171277,-0.043909,0.041930,-0.104869,-0.056880,-0.051654,-0.065121,0.028086,-0.017138,0.181784,-0.017637,0.011161,0.063888,0.050726,0.001707,0.081385,0.302012,-0.195069,0.149541,0.263939,0.068009,-0.006961,0.252700,0.229154,0.170073,0.020958,0.143463,-0.191585,0.078575,0.018040,0.080534,0.183187,0.143353,0.114613,0.175689,0.128268,0.152353,-0.135207,0.141538,0.043441,0.075889,0.102356,0.256172,0.222412,0.318777,-0.148749,0.199883,0.284488,0.120303,-0.121811,-0.176677,0.241928,0.155825,0.151491,0.149123,0.178945,-0.090968,-0.009210,-0.038853,-0.074679,0.139630,0.054858,-0.066527,0.351398,0.115958,-0.063293,-0.191314,-0.007078,-0.131742,0.040083,0.287812,0.235186,0.157149,0.014708,0.065135,-0.102634,-0.100490,0.066843,0.304960,0.135144,0.325460,-0.050964,0.075367,-0.044925,-0.161009,0.006754,0.175374,0.112392,-0.033571,-0.027968,0.127060,0.075467,-0.248120,0.002635,0.181974,-0.067535,-0.047014,0.075527,0.056534,0.305259,-0.150048,-0.047065,0.079135,0.202576,0.119278,-0.032060,0.002302,0.061482,0.105214,#
2,0.247135,0.107544,1.000000,0.185275,0.028041,-0.169579,0.163325,0.094673,-0.104322,-0.137446,-0.044229,0.186854,0.021057,0.241051,-0.060605,0.211916,0.114735,-0.094128,0.072064,0.033666,0.241630,0.214848,-0.058137,0.068942,0.274616,0.183587,0.242592,0.143732,0.132637,0.291820,-0.132747,-0.242596,-0.045802,-0.026198,-0.152691,0.000983,-0.055315,-0.258423,0.017844,0.047290,0.097098,0.137767,0.442038,0.022794,-0.009074,-0.003567,-0.044965,0.139641,0.138129,0.153967,0.351689,0.104446,0.111024,-0.033309,-0.147434,0.037351,0.009821,-0.055870,0.049421,0.196419,0.071298,-0.108379,-0.030541,0.241185,0.116004,0.156475,-0.082109,0.075372,0.157145,0.347473,-0.124938,0.104072,0.026834,0.019716,0.159446,-0.012738,0.194728,0.212468,0.158019,-0.137548,0.178699,-0.154882,-0.071070,0.164009,-0.117634,-0.079805,0.149314,0.208403,0.133371,-0.073056,0.051587,0.136763,0.261016,0.195322,0.038475,0.041621,0.369118,-0.088915,0.236827,0.071832,0.151547,0.002119,0.029041,0.196399,-0.060919,0.054982,0.051285,0.013360,0.167060,0.140436,0.044379,0.027352,0.097601,-0.018984,0.125926,0.106071,0.150945,0.160831,-0.231154,0.012918,0.207800,0.081850,-0.015611,0.025724,0.073822,0.037045,0.117635,0.008623,0.055627,0.155194,0.119469,0.234510,0.145764,0.068992,0.255325,0.223493,0.171624,-0.077644,0.064686,0.012617,-0.114026,-0.043661,0.313628,0.032546,0.279034,0.181298,0.031459,0.128928,0.266397,0.010366,0.015627,0.161554,0.080630,0.077843,-0.030097,-0.058137,-0.049448,0.001468,-0.017609,0.140326,0.118612,0.440849,0.065444,0.149261,0.147935,-0.018768,0.155421,0.055261,-0.154384,0.147165,-0.122754,0.225253,0.019871,-0.158282,0.159646,-0.034778,0.240774,0.045823,-0.047815,0.043399,0.174717,0.075301,-0.163307,0.297781,-0.019764,0.067094,0.145824,-0.021694,0.144704,-0.160854,-0.172718,0.144388,0.315827,-0.004698,0.070371,-0.028574,-0.090328,0.161024,0.243630,0.064421,#
3,0.077198,0.221311,0.185275,1.000000,0.238238,-0.016518,0.284992,-0.101942,0.114747,-0.144575,0.204280,0.130564,0.190259,0.029908,-0.045484,-0.035176,0.115896,-0.013906,0.188334,0.240666,0.157282,0.043691,0.011574,0.291192,0.156131,0.235107,0.215295,0.201088,0.131739,0.223225,0.086839,0.303414,0.309869,0.007320,-0.027316,0.091821,0.384092,-0.090575,0.279696,-0.021641,0.178948,0.253876,0.200219,0.419268,-0.071819,0.184112,0.323768,0.250216,-0.022372,0.180600,0.143407,0.071486,0.197723,-0.019828,-0.124204,0.230489,0.126176,0.107133,-0.076587,0.180064,0.067602,-0.130469,0.116761,0.063717,0.190440,0.125529,-0.030811,0.151320,0.034524,0.183434,0.156151,-0.037988,0.169304,0.024427,0.183052,0.286267,0.128388,0.110191,0.358461,0.029637,0.456454,0.202324,-0.105548,0.177096,0.240226,0.058392,0.083891,0.008334,0.135585,0.022879,0.205954,0.202508,0.238467,0.133235,0.012752,0.081505,0.396357,-0.149973,0.217218,0.383651,0.341818,0.065412,0.152122,0.237160,0.377041,0.085366,0.041037,0.137064,0.035086,0.183990,0.094733,0.069796,0.104881,0.078531,0.049383,-0.107113,0.258538,0.039824,0.032857,0.128921,0.300017,0.000767,0.162614,0.272315,0.023164,0.049585,0.216413,0.126916,-0.109126,0.366166,0.221593,0.213325,0.204152,0.143238,0.252370,-0.041182,-0.122980,0.035708,0.433918,0.184652,0.212682,0.177619,0.158704,0.258137,-0.030186,0.052572,0.249791,0.252754,0.216970,-0.006195,-0.218517,0.126386,-0.052950,-0.007409,0.166133,0.097763,0.074472,0.007834,0.030700,0.235235,0.159761,0.302416,0.202820,0.338051,0.183273,-0.063417,0.089175,-0.070655,0.018686,0.003421,0.261459,0.015374,0.030865,-0.106434,-0.117884,0.071431,0.033741,0.284075,0.204241,0.002197,0.130219,0.287242,0.290639,-0.021668,0.138104,0.022043,0.140684,0.164873,-0.155795,0.146492,0.045780,0.181038,0.318450,0.044827,0.156686,0.179287,0.216325,0.299907,0.285712,0.165370,#
4,0.093859,0.154924,0.028041,0.238238,1.000000,0.092563,-0.042714,-0.004695,0.378154,-0.240185,-0.150772,-0.115150,0.237273,-0.103175,-0.072001,-0.007632,-0.001165,-0.064722,0.245291,0.155878,0.219333,0.133584,0.063831,0.143054,0.246549,0.356465,-0.031796,0.120397,-0.005525,-0.103567,-0.090627,0.037624,0.124804,-0.245675,-0.081799,0.100837,0.313989,-0.113390,-0.038231,-0.042519,-0.023311,0.269308,0.144307,0.064865,0.438021,-0.143258,0.250171,0.177787,0.114519,0.033351,0.033375,0.000235,0.143267,0.114041,0.118465,0.186547,0.067472,-0.042515,0.103354,-0.055955,0.189734,-0.037507,-0.025576,-0.179567,0.145000,-0.081921,-0.041967,0.023136,-0.136209,0.038861,0.142804,-0.030537,0.098035,0.145015,-0.129075,-0.181308,-0.014442,0.092222,0.129553,-0.066962,0.263864,0.081209,-0.107222,-0.038368,0.216440,0.072291,0.028656,0.120748,0.204863,0.286747,0.214459,0.084191,-0.098459,-0.070952,-0.090435,0.179811,0.122372,0.028435,0.164908,0.046514,-0.000543,-0.141984,0.125671,0.059550,0.121688,-0.069384,-0.053368,0.124937,-0.285333,0.075824,0.458023,0.004455,0.034531,0.259233,0.066427,-0.249120,0.005121,-0.298483,0.000869,0.039067,0.186236,-0.042742,0.202615,-0.232474,0.157642,-0.091918,0.134088,-0.020479,-0.001391,-0.123139,0.016361,-0.062730,0.025761,0.145202,0.193640,-0.091982,0.089138,-0.054202,0.106662,0.235816,0.205357,-0.244918,0.047082,-0.118844,-0.047119,-0.022660,0.090677,0.194347,0.198890,-0.149457,-0.019355,-0.097934,-0.025459,-0.053423,-0.076366,-0.052240,0.313099,0.147566,-0.131897,0.249751,-0.078162,0.061998,-0.202709,0.133371,-0.110363,0.113928,-0.198709,0.008324,-0.196488,0.061729,-0.151710,-0.105509,0.135986,0.201586,0.048069,-0.122383,0.136167,0.105237,0.243341,-0.062930,-0.191507,-0.047723,-0.002230,-0.034314,0.020382,-0.139415,-0.013724,0.291761,0.016091,0.081998,0.143053,-0.109166,0.184941,-0.051669,0.016754,0.233432,-0.022723,0.255352,0.033332,0.096068,#
5,-0.081776,0.032238,-0.169579,-0.016518,0.092563,1.000000,0.072969,-0.003560,0.156840,-0.022570,0.097999,-0.084196,0.165119,0.124447,0.238268,-0.117168,-0.023307,-0.151651,-0.077730,-0.080720,-0.083518,-0.096786,-0.064447,0.083540,0.111228,0.002160,0.013841,0.079313,0.020799,0.117966,-0.116377,0.219093,0.181480,0.056292,0.039157,-0.129471,0.132117,0.045294,0.075314,-0.071374,-0.078311,0.022729,-0.051794,0.195577,-0.080300,-0.000816,0.007711,-0.074657,0.050078,0.223862,-0.014990,-0.038779,0.025682,-0.044177,-0.067901,0.139228,-0.163536,-0.289729,-0.008763,-0.001892,-0.005848,0.085890,-0.080911,-0.227013,-0.141540,-0.005643,0.142576,-0.039625,-0.052873,0.028129,0.036948,0.077798,0.012788,0.159294,-0.058280,-0.204655,0.151821,-0.058136,0.031585,-0.020688,0.003401,0.027555,0.100112,-0.059876,0.034712,0.055124,-0.146887,-0.140289,0.013290,0.047891,0.114081,0.075724,-0.044242,0.034712,0.002951,0.044996,-0.107864,-0.197355,0.067591,-0.203473,0.073102,0.089781,-0.122300,0.012236,-0.013258,-0.094208,-0.070853,0.165069,-0.099965,-0.118297,0.089954,-0.164819,0.080262,0.038582,0.103790,-0.276746,0.031166,-0.137907,0.070463,-0.109014,0.178186,0.088277,-0.079114,-0.033113,-0.063725,-0.137889,-0.344893,-0.135407,0.106711,0.047481,0.135580,-0.049828,0.009933,0.002362,0.169807,0.165028,-0.070603,-0.130658,-0.027339,0.034876,0.259290,0.037733,0.110181,0.216266,-0.027539,0.045679,0.109642,-0.144733,-0.293560,0.143338,0.124554,-0.278495,-0.108797,0.169460,-0.003132,0.010414,0.107570,0.017641,0.190488,-0.298904,-0.174876,-0.109306,0.005553,-0.015938,-0.114794,-0.067867,-0.024883,-0.089062,0.239421,0.266724,0.014405,-0.008541,-0.121663,0.074045,-0.085415,-0.043055,0.066364,0.080361,0.293003,-0.348004,-0.002619,-0.205108,0.163457,0.005495,0.014986,0.165682,0.281527,-0.142512,-0.341660,-0.014661,-0.156098,-0.075080,0.035878,0.105233,0.056485,-0.166875,-0.191870,0.296359,-0.205396,0.098548,#
6,-0.070391,0.067149,0.163325,0.284992,-0.042714,0.072969,1.000000,0.117745,0.050421,-0.031544,0.073260,0.057339,-0.082898,0.241933,0.007194,-0.009099,0.127492,-0.030223,0.139874,0.110819,0.233411,-0.093041,-0.087830,-0.077081,-0.012107,0.257242,0.149413,0.231172,0.107163,0.290686,-0.041487,0.153809,0.045748,0.220884,-0.223205,-0.059001,0.099711,0.038375,0.013460,0.179787,-0.015945,0.156997,-0.136996,0.055887,-0.182554,0.233621,0.069097,0.168776,0.084817,0.047843,0.124726,0.139201,0.269006,0.176424,-0.072050,0.148730,-0.002967,-0.032073,0.184896,0.271067,-0.121834,-0.150666,0.046502,0.250449,0.096104,0.125521,0.075453,0.212255,0.210426,0.079266,-0.079460,0.092382,0.061432,-0.116300,0.214473,0.122750,0.093920,0.362946,0.358024,-0.001130,0.101390,0.072395,0.240099,0.113765,0.206923,-0.049163,-0.011930,0.213693,-0.023739,-0.034599,0.232554,0.215635,0.005964,0.091925,-0.007782,0.171943,0.005966,-0.081560,0.128667,0.215728,0.228415,0.056237,-0.176669,-0.179492,-0.060328,0.286410,-0.144106,0.022782,0.180165,0.127477,-0.001646,0.061508,0.177569,-0.135485,0.074701,0.101300,0.143352,0.012061,0.062829,0.150738,0.116425,0.193645,-0.139934,0.101338,0.046454,-0.057921,-0.001330,0.245761,0.025809,0.158780,0.171825,-0.123251,0.070734,-0.068190,0.362213,0.149389,-0.022558,0.293511,0.243140,0.150620,-0.090824,-0.056898,-0.022603,0.202903,-0.098480,0.138776,0.315301,0.047686,0.106760,-0.267898,-0.038744,0.079887,0.043748,-0.027351,0.230829,0.002056,0.059259,0.067130,0.132704,-0.003559,0.118590,0.244690,0.286932,0.266184,0.198981,-0.006955,-0.089993,0.041130,0.255740,0.118784,0.013184,0.050384,0.140739,0.007641,-0.062062,0.131502,-0.050077,0.201619,0.400345,-0.223258,-0.139477,-0.064388,0.217217,0.334807,0.299147,0.103007,0.254567,-0.004576,-0.162317,0.191709,-0.230113,-0.085928,0.108599,0.151258,-0.022753,-0.068110,0.107963,0.254415,0.044551,0.258929,#
7,-0.015248,-0.014693,0.094673,-0.101942,-0.004695,-0.003560,0.117745,1.000000,0.080292,0.098669,0.068737,0.251378,-0.135059,0.087556,0.237474,0.157178,0.076537,0.366371,0.054591,0.159750,0.168334,0.316157,0.214374,-0.077331,0.109148,-0.035184,0.248521,0.295375,-0.035166,0.209809,-0.102895,-0.116297,-0.010931,0.041754,-0.112448,0.055630,-0.215426,-0.196476,0.143125,0.121996,0.119739,0.238125,-0.009351,0.087170,0.279091,0.205957,-0.022740,0.185346,0.071806,-0.009257,-0.059723,-0.043991,-0.059653,-0.009256,0.109642,0.082019,0.337309,0.253569,0.115810,-0.072789,0.223174,-0.061880,0.024538,0.121865,0.256450,0.062686,0.104113,-0.095645,0.168748,0.135364,0.097312,0.083789,0.225753,0.126660,-0.079647,0.078382,-0.095078,0.166687,0.049767,0.316166,0.237450,0.083983,0.196125,0.059623,0.108183,-0.103842,-0.039245,-0.136730,0.138922,0.304618,-0.046501,0.134018,0.116315,0.169841,-0.157286,-0.072874,-0.012798,0.103321,-0.119631,0.059825,0.104403,-0.002397,0.052700,-0.037102,-0.256411,0.240498,0.432523,0.053937,0.030047,0.116005,-0.071870,0.099479,-0.131701,-0.029233,0.322445,0.089941,-0.225630,-0.064279,0.033837,0.279460,0.243132,0.133380,-0.044642,0.028250,0.145346,-0.104023,-0.004613,0.162008,-0.021819,0.159873,-0.006453,0.135652,0.175451,-0.088903,0.460128,0.100000,-0.126621,0.454932,0.062311,0.091699,0.256727,0.024831,-0.027561,0.049233,0.025275,0.120757,0.309865,0.045898,-0.113413,-0.049278,0.104166,0.046153,-0.040728,0.087570,-0.135306,0.162715,0.149054,0.048118,0.161262,0.045997,-0.012630,0.092032,0.165237,-0.078974,-0.026749,0.190533,0.221809,0.108389,0.140254,0.077196,0.033372,0.047622,0.078517,0.000942,0.053477,-0.085152,0.037321,0.037697,-0.111246,0.036796,0.104037,-0.024123,0.048287,0.274830,-0.389732,-0.128955,0.058279,-0.068793,0.062951,0.343816,0.193058,-0.116871,0.221477,0.084693,0.066571,0.054804,-0.076892,0.067528,0.258401,-0.006172,#
8,0.046631,0.220132,-0.104322,0.114747,0.378154,0.156840,0.050421,0.080292,1.000000,-0.062473,0.248618,-0.003501,0.112675,0.090514,0.217834,-0.204844,-0.125996,0.073223,0.140381,0.172149,0.198162,0.071489,-0.069451,0.235204,0.053180,0.084588,0.073662,0.154613,0.058466,0.006091,-0.214392,0.099026,0.159926,-0.149828,-0.121941,0.098760,0.251059,-0.071806,0.117545,-0.022506,0.139282,0.130320,0.007481,0.039281,0.222904,0.062164,0.069488,0.358258,0.233490,0.155869,-0.018715,0.331465,0.081644,0.381890,0.020788,0.234101,0.184537,0.105766,-0.174733,0.070260,0.019639,0.220150,0.010823,-0.183494,0.027428,0.158944,-0.057260,0.003508,0.281113,0.144695,0.058620,0.071639,0.219132,-0.243458,-0.020363,0.008791,0.111296,0.256992,0.265217,-0.171430,0.220283,0.353221,0.188383,0.157655,0.299081,0.052281,0.037150,0.157896,0.312095,0.417940,0.185764,0.260315,0.025857,-0.148336,0.410937,0.224682,0.058325,-0.064326,0.233907,0.010585,0.096205,0.077242,0.131350,0.088203,0.036794,0.071842,0.050953,0.296971,-0.132975,0.218430,0.117185,0.066932,-0.047995,0.248787,0.127056,-0.032618,0.020585,0.199837,0.081467,0.179722,0.278035,0.140914,0.273580,0.083114,0.129577,0.233744,0.006289,0.204017,-0.072441,0.154242,0.176589,-0.087452,0.113735,0.252802,0.205505,-0.094451,0.059071,0.167200,0.443926,0.238805,0.359247,0.094186,0.172273,-0.056025,-0.014360,-0.119238,0.210582,0.171458,-0.126039,-0.066623,0.233592,-0.102030,0.054501,0.019636,0.272955,0.213356,0.270974,0.135259,0.123195,0.169913,-0.049998,0.041726,-0.065526,0.208710,0.072461,0.008678,0.152230,0.090154,0.187684,0.075290,0.060689,0.181706,0.000524,0.114004,0.029656,-0.025788,0.082792,0.225994,0.434671,-0.136077,-0.094432,0.270325,-0.042160,-0.091079,-0.042760,0.120598,0.008846,0.053877,0.059334,0.404395,0.204429,-0.064051,0.200217,0.007778,0.295503,0.037854,0.087192,0.069149,-0.090413,0.016604,#
9,0.057353,-0.159095,-0.137446,-0.144575,-0.240185,-0.022570,-0.031544,0.098669,-0.062473,1.000000,0.192651,-0.183440,-0.102547,0.290107,0.155627,0.025352,-0.115318,-0.210694,-0.340844,0.245731,-0.172582,-0.077177,-0.001614,-0.081853,-0.123180,-0.131853,0.278183,0.034742,0.135943,-0.111242,0.194164,0.153722,0.054632,0.019056,0.195306,-0.104673,-0.298687,0.227548,-0.029634,-0.160388,0.200759,0.108262,-0.012621,-0.222715,0.036813,0.005732,-0.009534,0.058057,0.077662,-0.074308,-0.058748,0.156682,-0.196730,-0.033435,0.141278,0.210361,0.091211,0.144051,0.108528,-0.056722,0.120007,-0.081853,0.037632,-0.133215,0.184604,0.154099,-0.187766,-0.093622,0.047437,-0.091058,0.038388,0.169078,0.039987,-0.034537,0.144242,0.014340,0.061366,-0.041936,0.306182,-0.078597,-0.150210,0.119327,-0.130068,0.119831,0.170916,0.189808,0.004131,0.085787,-0.227738,0.048827,-0.123522,-0.105609,0.030868,-0.087284,-0.084406,-0.008528,-0.020977,-0.060800,0.010678,0.047240,0.221126,0.199631,0.195946,-0.097423,0.224810,0.126766,0.027160,0.028307,0.228294,-0.108343,-0.223181,-0.130737,-0.124028,0.086326,0.038723,-0.136492,-0.102383,0.145697,0.225714,-0.136026,0.319246,0.242287,-0.078831,0.218008,-0.058279,0.073634,-0.257117,0.069866,0.073206,0.260171,0.165560,-0.089327,-0.161427,0.076752,-0.057951,0.042584,0.207046,0.166678,0.185120,-0.210664,0.058548,0.138517,-0.019252,-0.146648,-0.121595,0.120690,0.210773,0.021615,-0.022879,0.455533,0.102123,-0.208401,0.244389,0.097661,-0.081895,0.088500,0.046002,0.109975,0.419579,-0.141912,0.072912,0.039485,-0.184492,0.263346,0.033038,0.048982,-0.043866,0.058206,0.364343,0.080884,0.076929,0.226060,0.028059,0.058623,-0.009386,-0.045101,0.138652,-0.180934,-0.183395,0.003268,0.001214,0.044788,0.077323,0.165424,-0.015628,-0.048805,0.088607,0.159125,0.100242,-0.050522,0.078911,-0.036460,-0.205456,0.168050,-0.159098,0.099028,0.211443,-0.196663,0.124209,0.070258,#
10,0.159325,0.338121,-0.044229,0.204280,-0.150772,0.097999,0.073260,0.068737,0.248618,0.192651,1.000000,-0.018588,-0.170538,0.227822,0.067490,-0.083123,-0.041351,0.006668,0.019376,-0.053449,-0.151994,0.131705,-0.199810,0.047620,-0.054600,-0.135519,0.229004,0.212414,0.159379,0.128364,0.281915,0.249733,0.082581,0.097780,-0.093716,-0.023778,-0.071576,0.046574,0.304655,0.153586,0.049504,0.060003,0.018697,0.006239,-0.237075,0.061496,0.048850,0.203258,0.140649,0.004782,-0.098143,0.038043,-0.038575,0.040133,-0.099797,0.275359,0.120756,0.097646,-0.171601,0.106632,-0.192818,-0.107825,0.149168,-0.026215,0.305262,0.241066,-0.137895,-0.058607,0.159983,0.175760,0.171253,0.082248,0.316537,0.067568,0.021059,-0.030910,0.222478,-0.170322,0.194454,0.205385,0.089553,-0.069081,0.209112,0.212216,0.215643,-0.135484,0.187765,-0.027360,0.040055,0.089211,-0.206402,0.059216,0.122588,-0.061126,0.048969,-0.041562,0.168285,-0.185295,0.025335,0.069227,0.133622,-0.040493,0.108978,-0.148740,0.081078,-0.039189,0.161501,0.199320,0.116107,0.075657,-0.064201,0.055307,-0.228713,0.035556,0.336808,0.047762,0.056017,0.005235,0.069369,0.069083,0.067764,0.237645,-0.025823,0.138922,-0.044924,0.051934,-0.047028,0.107991,0.019043,0.295242,0.376440,-0.049151,-0.022407,0.150910,0.101635,0.070862,-0.114552,0.222106,0.353839,-0.123647,0.249508,-0.011205,0.232391,0.095176,-0.210186,0.075202,0.284752,-0.092341,-0.151635,0.090000,-0.102527,0.158440,0.166241,-0.205772,0.229610,0.217176,0.093307,-0.206842,0.210538,0.067009,0.089850,-0.008353,0.292087,0.019205,0.057237,0.012784,0.018422,0.165324,0.229908,0.121452,0.282161,0.221519,-0.093944,0.132529,-0.149797,0.050572,0.038221,0.052818,0.031437,-0.035568,0.089219,0.046035,0.075097,-0.098872,0.103275,0.084975,-0.055584,-0.115574,0.103975,0.222023,0.097555,-0.084283,-0.004453,0.017317,0.195558,-0.000993,-0.000817,0.062438,0.297596,0.157382,#
11,-0.112306,0.160779,0.186854,0.130564,-0.115150,-0.084196,0.057339,0.251378,-0.003501,-0.183440,-0.018588,1.000000,0.077677,-0.101371,-0.190095,0.023025,-0.013935,0.284887,0.253809,-0.054838,0.012276,-0.006741,-0.226755,0.059041,0.274030,0.120349,-0.039548,0.110722,-0.350318,0.124435,0.096536,-0.079032,0.084473,-0.015464,0.023120,0.069907,-0.015105,-0.155399,0.117521,0.042893,-0.122445,0.259456,0.241494,0.231396,-0.068371,0.161238,0.069243,0.026848,0.117903,0.013792,0.249587,-0.069452,0.105830,0.143615,-0.296280,-0.208901,0.368389,0.260185,0.142204,-0.155560,-0.295720,0.005754,0.162952,0.175928,-0.154998,0.160822,0.056765,0.251446,-0.046283,0.089516,-0.100302,-0.098966,0.251666,-0.091122,-0.097856,0.198031,-0.011888,-0.081970,0.140717,0.216155,0.153209,-0.158643,0.178616,0.215355,0.142348,-0.242667,0.079826,0.172502,0.203456,-0.027725,0.132198,0.240527,0.285427,0.506473,-0.082532,0.052875,-0.059952,0.023990,-0.042118,0.101405,0.075403,-0.026435,-0.089123,0.118408,-0.047711,0.222628,0.222550,0.245536,0.123817,0.007142,0.201706,0.173795,0.049248,0.060469,-0.182723,0.187717,-0.011370,0.062005,-0.019428,-0.053887,0.006396,0.063705,0.224269,0.051454,0.197046,0.012500,0.135192,0.275531,0.157023,0.108311,0.019937,0.212985,0.123482,0.168941,0.143897,-0.046506,-0.442869,0.377167,0.008896,0.192998,0.070069,0.039070,0.177755,0.031785,-0.010542,-0.046850,-0.025560,-0.073963,-0.053339,-0.140363,-0.039367,0.274369,0.024022,0.165907,0.044295,0.110182,-0.031219,-0.251125,-0.008058,0.055913,0.007817,0.109305,-0.059179,-0.156019,0.071983,0.048102,0.381730,0.053885,0.218071,-0.008663,0.016199,-0.061309,-0.195779,-0.189564,0.022477,0.161297,0.213300,0.155290,-0.011689,-0.111676,0.114028,0.147834,-0.117640,0.005364,-0.176558,-0.022849,0.094374,0.033630,-0.109184,0.041543,0.056839,0.011288,0.143755,0.043712,0.149089,0.064884,0.002556,0.068765,0.062631,0.030943,#
12,0.066333,0.003066,0.021057,0.190259,0.237273,0.165119,-0.082898,-0.135059,0.112675,-0.102547,-0.170538,0.077677,1.000000,-0.168204,0.086336,-0.035337,0.334686,-0.040959,0.057140,0.333917,0.081176,-0.106522,0.172363,0.162816,0.035055,0.138239,0.154701,0.015722,0.081390,0.344398,-0.104187,0.281346,0.145139,0.179175,0.071310,0.267797,0.175110,-0.078273,0.182077,-0.027448,0.177881,-0.016511,0.162086,0.247529,0.287082,0.233502,0.154354,-0.128878,0.087265,0.097054,0.351673,0.165179,0.166500,0.204522,0.009751,0.117871,0.047981,0.079263,0.043901,-0.073613,-0.082172,0.178649,0.123497,0.034039,-0.022330,0.279441,0.039633,0.062331,-0.035266,0.010875,0.093185,0.160807,-0.084256,-0.064286,0.230935,0.107703,0.201087,0.088537,0.242609,-0.047054,0.118031,0.285134,0.014960,0.011737,0.156333,0.199561,-0.049170,0.319450,0.175962,-0.067829,0.165063,0.274042,-0.042489,0.219088,0.252770,0.089309,0.208370,-0.022788,0.083407,0.021852,0.148847,0.263516,0.097768,0.027719,0.265820,0.080748,0.103405,-0.066883,-0.033226,0.085314,0.291327,-0.090067,0.055076,0.275625,-0.013349,-0.113251,-0.046318,0.065248,0.180867,0.009995,0.102153,-0.001921,0.285458,0.102890,0.160462,0.214079,0.207295,-0.033759,0.036383,0.125512,0.196067,0.117226,0.121615,0.124370,-0.084272,0.029207,0.056739,0.091777,0.157828,0.154492,0.172849,-0.089014,0.053813,0.086606,-0.196874,0.121764,-0.072128,0.081954,-0.015165,-0.143212,0.023221,0.267082,0.075589,0.225576,-0.041285,-0.089888,0.074144,-0.179385,-0.028257,0.032938,-0.145171,0.188234,0.120878,0.283743,-0.121151,-0.121612,0.253832,-0.088749,-0.102583,0.119966,0.092731,-0.111078,0.111334,-0.066814,0.166792,-0.132671,0.238782,0.251366,0.063081,0.187294,0.127524,0.159177,0.339568,0.034541,0.053837,0.185698,0.067514,0.141947,0.001381,0.051717,0.037632,-0.062145,-0.061596,0.035074,-0.124494,-0.035075,0.233347,0.298228,0.081698,0.011507,#
13,0.131253,0.076895,0.241051,0.029908,-0.103175,0.124447,0.241933,0.087556,0.090514,0.290107,0.227822,-0.101371,-0.168204,1.000000,0.261915,0.047293,0.175628,-0.200440,0.098464,0.232088,-0.019621,0.048496,-0.153943,0.148000,0.113430,0.237213,0.378139,0.126196,0.149010,0.028733,0.113093,0.235650,0.195602,0.148158,0.104304,-0.033485,-0.255029,-0.062803,0.099982,0.096742,-0.121938,0.110173,0.253945,0.024722,-0.141038,0.166959,0.108927,0.159142,0.086700,0.124458,0.129454,0.144933,0.175389,-0.062234,0.074725,0.268310,0.090769,0.126558,0.060423,0.322787,0.109072,-0.066932,0.135885,0.005525,0.097874,0.157722,0.272830,0.144985,0.401642,-0.009760,-0.170692,0.025741,0.118662,0.004875,0.175750,-0.066083,0.250886,0.210840,0.218556,-0.134034,0.053273,0.132591,-0.017173,0.587523,0.238189,-0.014223,0.205433,0.197680,0.234308,-0.039341,0.027125,0.169864,0.075659,0.147678,-0.181650,-0.000273,0.265320,-0.130691,0.117919,0.209780,0.260028,0.240321,0.023156,0.111711,0.009970,0.143023,0.103296,0.115164,0.163008,-0.016739,-0.098832,-0.035359,0.241832,0.025131,0.148214,0.051197,0.334211,0.112364,0.030482,0.036223,0.346012,0.173720,0.060955,0.143185,0.157036,-0.105956,-0.068814,-0.125750,0.188015,0.302314,0.169377,-0.015221,-0.063579,-0.030605,0.286748,0.059820,-0.055388,0.100132,0.427416,0.119585,-0.054935,0.018944,0.307551,0.283327,0.116367,0.168328,0.338926,0.196640,-0.067260,0.247218,0.117907,0.026427,0.095821,0.229414,0.133910,0.359257,-0.229986,0.325378,0.303797,-0.009773,-0.068398,0.350770,0.013589,0.379316,0.138202,-0.050408,-0.054354,-0.044502,0.212569,0.228239,0.094736,0.297362,0.138793,-0.123497,-0.069953,0.112886,0.031562,0.009906,0.274508,-0.214019,0.208646,0.166663,0.063625,0.165361,-0.045629,0.000053,0.261231,0.133991,0.046821,0.146419,-0.027313,0.079444,0.176133,-0.073845,-0.039870,0.027996,-0.122298,0.087293,0.121910,0.218865,#
14,0.186407,-0.079445,-0.060605,-0.045484,-0.072001,0.238268,0.007194,0.237474,0.217834,0.155627,0.067490,-0.190095,0.086336,0.261915,1.000000,0.231021,0.054296,-0.065422,0.099071,0.345263,0.063421,0.070125,0.138626,0.200706,0.020911,-0.056781,0.289295,0.361188,0.087376,0.236905,-0.247532,0.081114,0.035300,0.007942,0.233117,0.016916,0.039490,0.183212,0.081786,0.259537,0.254443,0.055041,0.203627,-0.106807,0.168141,0.298295,0.059161,0.230446,0.136750,0.171656,0.230361,0.074943,0.302177,0.203588,0.243595,0.218445,0.225062,-0.162806,-0.112496,0.126232,0.315627,0.096490,0.050327,-0.097629,0.106332,0.125908,0.089703,0.066085,0.250069,0.049062,0.076259,0.075116,0.124332,0.338601,0.149777,0.164299,0.186973,0.243072,0.125161,0.139863,0.277355,0.181677,0.174182,0.158163,0.156410,0.167699,-0.015936,0.131021,0.211058,0.115835,0.306871,0.264129,0.078867,0.156410,0.213198,-0.112935,0.114844,-0.111735,-0.052785,0.023483,0.146993,0.344886,0.183710,0.128352,-0.032969,0.103131,0.286101,0.292009,0.002270,0.169745,-0.182601,-0.124178,0.005099,0.104024,0.141414,-0.028128,0.056504,0.261084,0.296726,0.126045,0.436205,0.362247,0.021162,0.119442,0.240637,0.109301,0.145307,0.050535,0.115637,0.351525,0.136610,0.166156,0.096379,-0.129073,0.011437,-0.064877,0.060424,0.076541,-0.026000,0.067669,0.407502,0.142952,0.180055,0.075002,0.024249,0.350055,0.260515,0.167094,-0.111035,0.192773,0.206698,-0.001127,-0.107296,0.167705,0.073969,0.162214,0.292906,0.179710,0.152817,0.053638,-0.077634,0.155378,-0.021240,0.169818,0.271853,-0.100508,0.031376,0.022826,0.099093,0.343883,0.299632,0.322799,0.163263,0.090989,0.089175,-0.035877,0.325133,0.268046,0.337561,0.018457,-0.018013,0.204031,0.227411,0.123044,-0.003632,0.062907,0.162684,-0.160979,0.120641,0.337697,0.010138,0.008471,0.034170,0.284077,0.034107,-0.017863,-0.151868,0.164808,0.219052,0.039013,#
15,0.128559,-0.193002,0.211916,-0.035176,-0.007632,-0.117168,-0.009099,0.157178,-0.204844,0.025352,-0.083123,0.023025,-0.035337,0.047293,0.231021,1.000000,0.084017,0.211212,0.137074,0.123080,0.127535,0.014951,-0.046255,0.167992,0.055679,0.317130,0.252420,0.048058,0.254478,-0.059849,-0.022906,0.017138,0.164760,0.213122,0.001424,-0.277792,-0.187751,-0.084758,0.077422,0.038246,0.028916,0.091187,0.258739,0.021712,0.155200,0.098301,-0.167712,0.028161,-0.100469,0.166801,-0.037578,0.140556,0.054049,0.032166,0.059799,0.014330,0.129554,-0.010062,-0.000552,0.239936,0.014498,-0.138424,0.077868,-0.176183,-0.067916,-0.012336,-0.042919,0.101328,0.102507,-0.055366,0.176180,-0.012084,-0.048053,0.030312,0.024985,0.111286,-0.161139,0.216057,-0.154482,0.253049,0.119430,-0.055993,0.109882,0.392650,0.046674,0.037352,-0.041328,0.028464,0.223269,0.175795,-0.067068,0.124046,0.206820,0.207919,-0.080422,-0.269747,0.152282,-0.121199,0.103433,0.021106,0.076290,0.058103,-0.040348,-0.081669,-0.294821,0.051859,0.027082,0.122256,0.007523,0.228790,-0.086089,0.275606,0.082373,-0.108819,-0.014575,0.185929,0.044928,-0.224844,0.019351,-0.001324,0.219055,0.320407,-0.008693,0.158304,0.211643,-0.281164,0.009289,-0.007756,0.003282,-0.000729,0.133875,0.202856,-0.129838,0.035113,-0.008204,0.062010,-0.025561,-0.026751,-0.107200,-0.080276,-0.081361,0.196943,-0.059889,-0.081114,0.195278,0.028836,0.018657,0.144562,0.328042,0.009428,0.094715,-0.171427,0.009165,0.286060,-0.286138,0.333048,-0.005085,0.070438,0.127945,0.003174,-0.194441,0.024506,0.173929,0.105410,0.057579,0.052999,0.139990,0.056957,-0.036533,0.002229,-0.159819,-0.063333,0.259193,-0.185684,0.029014,-0.267796,0.401854,-0.043375,-0.080459,0.081144,0.240235,0.095142,0.067689,0.234325,-0.090307,-0.113584,-0.006362,0.093491,-0.061546,0.055243,-0.194879,0.032941,-0.030567,0.093833,-0.018154,-0.091329,-0.055383,0.133131,0.002216,-0.173361,#
16,-0.002545,0.156083,0.114735,0.115896,-0.001165,-0.023307,0.127492,0.076537,-0.125996,-0.115318,-0.041351,-0.013935,0.334686,0.175628,0.054296,0.084017,1.000000,0.072082,0.056091,0.342619,0.243419,0.278105,0.012979,0.008273,-0.162687,0.239882,0.185936,0.007951,0.163710,0.204438,0.065840,0.313029,-0.054180,0.307901,-0.027874,0.085477,0.028419,-0.227322,0.176185,-0.006676,-0.092531,0.085137,0.195747,0.114279,0.105649,0.432526,0.056062,-0.045204,0.104164,-0.099510,0.164712,0.071482,0.277011,0.001008,0.167062,-0.034340,0.051180,-0.047532,0.057257,-0.134645,-0.038017,0.276182,0.322948,0.183706,0.102291,0.051838,0.038456,0.392278,0.101224,0.062308,-0.071511,0.191005,0.293004,-0.085108,0.035450,0.125625,0.094748,0.244225,0.107675,-0.056207,0.014465,-0.042328,0.006824,0.075804,0.089254,-0.023693,0.145390,0.039986,0.053307,-0.079901,0.119460,0.313875,-0.018649,0.064830,-0.024476,-0.145556,0.198069,0.035490,0.027740,0.123880,0.095512,0.002852,-0.295894,0.003725,0.094417,0.089510,0.015624,-0.187942,-0.083912,0.168138,0.215773,0.033774,0.010015,0.114100,0.127337,0.355677,-0.063106,-0.010189,-0.129446,0.346640,0.005159,0.051336,-0.065619,0.064618,0.125512,-0.149291,0.127852,-0.179902,-0.007991,0.091760,0.085682,-0.070068,0.324502,-0.130695,0.256365,0.268474,-0.220997,0.287500,0.249408,0.291517,-0.055092,0.108627,-0.043461,0.083764,0.169772,0.123837,0.109257,0.185952,0.214919,-0.091911,-0.076973,0.286029,0.035989,-0.040903,0.265653,0.063886,-0.118648,0.056748,-0.033261,-0.027288,-0.055155,0.285424,0.238753,0.305298,0.000104,-0.026008,0.148658,-0.118817,-0.146494,0.095043,-0.068852,-0.058632,0.130082,-0.084089,0.052650,0.015075,-0.102503,0.075852,0.202294,0.038932,0.208466,0.172627,0.170399,-0.060955,-0.152062,0.058335,0.221646,0.050748,0.073448,0.125612,0.303366,-0.252970,-0.041235,0.037547,0.045450,0.206992,-0.228603,0.250831,-0.058025,0.165673,#
17,0.087355,0.197472,-0.094128,-0.013906,-0.064722,-0.151651,-0.030223,0.366371,0.073223,-0.210694,0.006668,0.284887,-0.040959,-0.200440,-0.065422,0.211212,0.072082,1.000000,-0.042797,0.112978,0.254773,-0.018608,0.094483,-0.027809,0.086262,0.154039,0.050993,-0.070905,-0.026838,0.186547,-0.043135,0.050908,0.133184,0.055413,-0.129243,0.058779,-0.144679,-0.186061,0.301617,-0.092832,-0.008183,-0.090012,-0.151543,0.165940,0.114512,0.211965,0.147472,-0.057841,-0.148439,-0.026582,-0.041035,-0.029724,-0.035006,0.022070,0.004043,0.134148,0.303992,0.223231,-0.122165,0.010015,0.125832,0.011836,0.286041,-0.133278,-0.061561,0.016506,-0.022199,0.083516,-0.013069,0.054972,0.002324,0.061841,0.119050,-0.117371,-0.074942,0.165353,-0.217841,0.087405,-0.252122,0.287132,0.049163,0.050399,0.481309,0.191660,0.014091,-0.196525,0.025843,0.107617,0.067363,0.223971,0.044668,0.093285,-0.013843,0.111099,-0.173074,-0.189957,0.020263,0.222144,-0.042275,0.020021,-0.050084,-0.064023,-0.041167,0.096306,-0.143640,0.167241,0.220124,0.056265,-0.045240,-0.063290,-0.028441,0.287840,-0.149904,0.195707,-0.043444,0.213797,-0.298655,0.019273,-0.117294,0.211082,-0.131887,0.056533,0.154015,0.110129,0.190063,-0.203748,-0.073326,0.097491,-0.044479,-0.045661,-0.046817,0.055061,0.110783,0.055119,0.216300,0.128325,-0.103540,0.276870,0.074655,0.171646,-0.134824,0.105661,-0.047159,0.171625,0.129408,0.053639,0.029257,-0.053620,-0.052715,-0.106143,0.048769,-0.145930,-0.080586,0.089721,-0.002293,0.341222,0.035245,-0.130839,0.163359,0.153987,0.035850,0.137980,0.234600,0.017481,0.007425,0.195868,0.108632,0.190533,0.082303,-0.121583,0.135243,-0.013834,-0.098107,-0.056217,0.127904,-0.266663,0.081401,0.033947,-0.246116,0.134176,-0.073928,0.190456,0.023083,-0.046389,-0.167557,-0.224246,-0.127846,0.042296,-0.033120,0.328708,0.187592,0.038206,0.116106,-0.044153,0.225403,-0.081952,-0.031724,-0.040443,-0.051967,-0.095072,#
18,0.172432,-0.119983,0.072064,0.188334,0.245291,-0.077730,0.139874,0.054591,0.140381,-0.340844,0.019376,0.253809,0.057140,0.098464,0.099071,0.137074,0.056091,-0.042797,1.000000,-0.121324,0.212377,0.104824,-0.116461,0.316462,0.278446,0.033876,0.074978,0.373895,0.058297,0.094626,0.083518,-0.069839,0.080436,-0.104605,0.050271,0.147668,0.299178,-0.048038,0.031216,0.296001,-0.018984,0.258185,0.122544,0.177810,0.141042,0.069512,0.087083,-0.035699,0.085063,0.180092,0.228004,-0.174112,0.222808,0.303484,-0.008366,0.115616,0.142366,0.089399,0.012562,-0.116232,-0.069348,-0.150635,0.115439,-0.051825,-0.155511,0.076776,0.215267,0.234228,-0.008445,-0.134331,-0.108613,-0.093037,0.035049,0.025203,-0.087675,-0.019057,-0.082895,0.115462,0.129066,0.063803,0.231046,-0.173819,-0.020189,0.362364,0.201725,0.002335,0.154580,-0.026826,0.229435,-0.006689,0.250658,-0.018065,0.005489,0.309560,0.031849,0.121045,0.235953,0.162775,0.009312,0.261638,0.047018,0.127342,0.081985,0.185879,0.101875,0.197922,0.076029,0.046830,0.107914,0.327187,0.176669,0.295662,0.112516,0.090529,-0.011152,0.078110,0.049938,-0.184522,0.061709,0.208761,0.096854,0.177600,0.055971,-0.068632,0.189981,-0.041686,0.317242,-0.039711,0.245175,0.006365,0.236183,0.259512,0.071728,0.142854,0.120954,-0.349677,-0.229963,0.123319,0.089643,0.156051,0.185007,-0.045826,0.028499,-0.013196,0.033949,0.038119,0.052849,0.051163,0.087325,-0.087969,-0.068163,0.219083,0.027293,-0.069926,0.021427,0.265095,0.205655,0.052219,-0.180247,0.485186,0.083802,0.057596,0.076100,0.081000,0.080673,0.011843,0.157414,0.008351,-0.179199,0.026019,-0.086592,0.051977,0.291244,-0.145766,-0.113897,0.137357,0.092823,0.096592,0.328632,-0.026519,0.103952,0.025473,0.145879,-0.060443,0.029845,-0.006902,0.098705,0.110655,-0.031007,0.188222,0.026553,0.262734,0.244342,-0.037948,0.070415,-0.163396,-0.031230,0.240205,0.224768,-0.005349,#
19,0.180589,0.248580,0.033666,0.240666,0.155878,-0.080720,0.110819,0.159750,0.172149,0.245731,-0.053449,-0.054838,0.333917,0.232088,0.345263,0.123080,0.342619,0.112978,-0.121324,1.000000,0.189452,0.256418,0.275823,0.148866,0.008497,0.383943,0.391498,0.152399,0.166650,0.249929,-0.028306,0.482905,0.182969,0.248669,-0.019948,0.158766,-0.089913,-0.097038,0.445236,0.150783,0.067877,0.215471,0.005420,0.092623,0.274830,0.435991,0.301680,0.470350,0.031769,0.041548,0.250706,0.189738,0.180163,0.345347,0.262975,0.240907,0.234700,0.122135,0.176511,0.083973,0.265024,0.134034,0.246778,0.172123,0.237526,0.263602,-0.040863,0.313559,0.223981,0.261270,0.131806,0.278464,0.223073,-0.085580,0.282975,0.481127,0.113086,0.339592,0.385305,-0.022721,0.183092,0.289660,0.202386,0.235655,0.402463,-0.083180,0.197395,0.291912,0.268476,0.222910,0.029220,0.309206,0.145335,0.091334,0.077939,0.068152,0.038952,0.169989,-0.092091,0.090396,0.299326,0.241825,0.245528,0.222138,0.313201,0.322549,0.175708,0.357484,-0.014278,0.051576,0.146313,0.023457,0.070189,0.217700,0.162328,0.172613,0.226284,0.331525,0.284859,0.069664,0.505419,0.276773,0.364608,0.308112,0.364309,0.121931,0.295848,0.160645,-0.105363,0.379494,-0.067038,-0.032737,0.296947,0.274736,0.090054,0.141928,0.060445,0.336508,0.324477,0.213740,0.114421,0.274597,0.104747,0.069736,0.032078,0.066866,0.243435,0.215412,0.201765,0.025696,0.195704,0.132842,0.079555,0.255183,0.183549,0.206220,0.101700,0.051447,0.141482,-0.046453,0.105422,0.343214,0.220633,0.323367,0.255886,0.103653,-0.041723,0.091492,0.252195,0.055784,0.219771,0.207817,0.258238,0.034112,0.150969,0.056495,0.338167,0.201615,0.054795,0.017040,-0.007093,0.453377,0.223997,0.134394,0.079185,0.078925,0.237164,0.333271,0.210324,0.240477,0.286698,0.051252,-0.025464,0.179623,0.206456,0.192312,0.167657,0.158846,0.047709,0.284605,#
20,0.073989,-0.068645,0.241630,0.157282,0.219333,-0.083518,0.233411,0.168334,0.198162,-0.172582,-0.151994,0.012276,0.081176,-0.019621,0.063421,0.127535,0.243419,0.254773,0.212377,0.189452,1.000000,-0.001987,0.104876,0.114272,0.282780,0.221946,-0.021810,0.106525,-0.011878,0.219186,0.053263,0.026337,-0.037768,0.033005,-0.130565,-0.107008,0.069922,-0.309074,-0.036897,-0.028974,0.224639,0.328941,-0.004436,-0.012403,0.316364,0.072921,0.226876,0.046988,0.144333,-0.061292,-0.013814,0.111450,0.231028,0.102946,-0.019146,-0.047692,0.171276,0.014910,0.205251,-0.117916,0.207368,0.000809,0.238400,0.176289,0.241425,0.037218,0.056013,0.114472,0.269516,0.116095,-0.054874,0.268404,0.087790,-0.040011,-0.085132,-0.176966,0.069330,0.413567,0.286425,-0.124684,0.195301,-0.174138,0.140319,0.065389,0.056770,0.182482,0.171474,0.187183,0.188179,0.024139,0.204170,0.179647,0.133491,0.026282,0.001155,0.003981,0.313039,0.127133,0.039649,-0.074825,0.058215,-0.033181,0.013692,0.185312,0.048040,0.120746,-0.064129,0.043869,-0.045518,0.174102,0.008086,0.035271,-0.108344,0.202527,0.016019,0.128636,0.053064,-0.203000,-0.209405,0.245868,0.128646,0.138508,-0.010740,-0.212267,0.052352,-0.161591,0.187580,0.139076,-0.069694,0.145540,0.026021,0.066781,0.216061,-0.072345,0.270057,0.158315,0.167714,0.199338,0.252237,0.092361,0.090525,0.006977,-0.011197,0.036553,0.197712,0.053865,-0.155457,0.276050,0.438886,0.049435,0.119184,-0.078024,-0.102284,-0.098690,0.054761,0.009554,0.263605,0.028591,0.183488,0.378580,0.084754,0.161053,0.234908,0.280967,0.187119,0.102254,-0.079319,0.231171,0.028387,-0.148449,0.057573,0.105410,-0.154257,-0.095023,0.024760,-0.084003,0.053808,-0.043381,0.250817,0.177510,-0.014008,0.149836,-0.103890,0.110679,0.008247,-0.282390,0.122691,0.091716,0.025115,0.344891,-0.070740,0.113827,0.185109,-0.046815,0.217130,0.126538,-0.052946,0.279629,0.031378,0.000128,#
