0,1.000000,-0.051799,-0.152720,0.152129,0.140972,0.096565,-0.089890,-0.110101,0.036807,-0.022874,-0.110463,-0.143260,0.096635,-0.165386,0.212950,0.276683,0.199572,0.261345,0.175913,0.167607,0.019551,-0.068368,0.386440,0.250329,-0.063621,0.088543,0.145867,-0.145056,-0.021342,0.012398,0.062970,0.199810,0.145403,0.306111,0.249012,0.058501,0.037171,0.258626,0.137068,0.175946,-0.046714,0.159047,0.102501,0.170821,0.025095,-0.089564,0.020467,0.224583,0.002218,0.293242,0.035368,-0.065134,-0.041545,0.112090,0.200300,0.078396,0.321225,0.082983,0.138841,0.086992,0.052078,0.164563,0.257405,0.012120,-0.052638,-0.094353,-0.040835,0.132823,-0.058222,0.198806,0.117474,-0.053586,-0.008404,0.204822,0.022097,-0.244743,0.295765,0.102510,0.088117,0.091878,-0.166818,0.018176,0.025652,0.144020,0.176503,0.029961,0.232563,0.102671,0.239481,0.285751,0.149303,0.014284,0.110575,0.028523,-0.049328,0.237410,-0.079742,-0.138490,-0.043618,0.097124,0.200920,0.157774,-0.204232,-0.019214,0.285295,0.271938,0.269825,0.118901,0.107702,-0.140632,-0.118320,0.001758,-0.218981,-0.008522,0.199598,0.051615,-0.026265,-0.154876,0.158459,0.029751,0.115696,-0.031505,0.097520,0.089704,0.010679,0.043814,0.157640,-0.090148,-0.000834,0.297001,0.148059,0.050218,-0.142208,-0.131330,-0.083437,0.244984,0.048311,0.090204,-0.095699,-0.066242,0.251997,0.133215,0.045693,0.247513,-0.100827,0.160757,0.157472,-0.110854,0.184269,0.154892,-0.184022,-0.022746,-0.105008,0.019587,0.055698,0.338016,0.128922,-0.011851,-0.015711,0.028618,0.055754,0.099329,-0.102931,-0.113834,0.061371,0.331809,-0.246334,0.254821,0.306620,0.002837,-0.022085,-0.235171,0.231164,0.093276,-0.084450,0.123547,0.223353,0.074535,0.008729,0.043307,0.431679,0.106764,0.043151,0.096478,0.069594,-0.011937,0.197733,0.402101,0.077589,-0.064518,0.055144,0.136123,-0.092543,0.033522,0.030274,0.049813,-0.047208,0.214403,0.163666,0.014467,#
1,-0.051799,1.000000,0.216638,0.007453,0.028878,0.129027,0.396496,0.111736,0.181032,-0.011449,0.139757,0.175861,0.012396,0.053757,-0.013587,-0.092689,-0.020013,0.060790,-0.089902,-0.114020,0.160244,0.233306,0.064019,-0.238611,0.065274,-0.127566,0.084517,0.057215,-0.362345,0.109120,0.100705,-0.089666,-0.112709,0.085682,-0.165366,0.288032,-0.043334,-0.020876,0.053976,-0.020288,0.042681,-0.211475,0.121073,0.018788,0.140288,-0.010552,0.277956,-0.076138,-0.037849,-0.290974,-0.038253,-0.239235,0.402150,0.212767,-0.003118,0.153291,0.034944,-0.143870,0.060779,-0.114010,0.039637,-0.055073,0.187388,-0.073325,-0.160929,0.063606,0.113698,0.197374,0.081368,0.091526,0.119139,0.202232,0.066453,0.001975,0.108239,-0.081400,0.058958,0.204654,0.225575,-0.014736,-0.152153,0.173437,-0.073204,0.013910,0.128108,-0.090978,0.191597,0.050881,-0.069695,0.031654,0.112193,0.023814,0.000825,0.022718,-0.040404,0.163890,-0.022733,0.003361,-0.182703,0.145442,0.127773,0.070756,0.087510,0.068910,0.019091,-0.027228,0.183481,0.176929,0.115913,-0.021407,-0.012802,-0.047121,-0.079111,-0.214764,0.179615,0.277301,0.258457,-0.125487,0.012918,-0.027393,-0.196175,0.016492,-0.085526,0.020046,-0.092040,-0.084850,0.159108,-0.016573,0.228399,0.114232,-0.042180,0.116572,-0.117174,0.051487,0.105955,-0.129250,0.366031,0.030498,0.110989,0.115729,0.116762,0.121349,0.022474,0.205622,0.286518,0.058960,-0.072842,-0.154430,0.124074,0.043427,0.309287,-0.108033,-0.312545,-0.326746,0.049185,0.090380,-0.047046,0.164919,-0.276179,-0.322353,-0.122879,-0.006820,0.188295,0.242338,0.209911,-0.133059,-0.061834,-0.013933,-0.004453,0.210841,0.146235,0.029220,0.026627,-0.153590,-0.086379,0.158730,-0.103026,0.052258,0.094511,-0.036643,0.044278,-0.130992,0.056582,0.144942,0.173746,-0.189228,0.126767,-0.138365,-0.001486,0.195140,-0.026322,0.142831,-0.268252,0.070093,0.037723,-0.029310,-0.250638,0.105763,-0.138902,0.342079,#
2,-0.152720,0.216638,1.000000,-0.162992,0.077586,0.162435,0.251962,0.073380,0.177619,-0.033491,0.369281,0.316214,0.031921,0.044683,-0.236137,0.166237,-0.182163,-0.039749,-0.072374,-0.206815,-0.005960,0.181619,-0.273724,-0.148120,0.060048,0.104746,0.057892,-0.006552,-0.171965,-0.020174,0.050907,0.010468,-0.054886,-0.077929,-0.120680,0.038072,0.053581,-0.130838,-0.066036,-0.275906,0.019222,0.046033,0.195179,-0.003173,0.173998,-0.291039,0.104667,-0.081042,0.128853,-0.057430,0.018793,0.194346,0.015782,0.033382,0.025351,-0.053256,-0.026375,-0.052404,0.274647,0.209212,0.228403,-0.085452,-0.236701,0.123531,0.023636,0.153425,0.198731,0.150056,0.133800,-0.064231,-0.078197,0.218549,-0.149979,0.088827,0.154002,0.049236,0.108970,-0.021047,0.046392,-0.100388,-0.060946,-0.221850,-0.139896,-0.096716,0.098873,0.044705,-0.081146,0.138942,-0.003133,0.072368,-0.098960,0.093372,-0.002280,0.277236,-0.135361,0.242366,-0.058092,0.091496,0.140419,0.146806,-0.145256,0.155124,-0.268303,0.117688,-0.252639,0.002409,-0.010185,0.250150,0.169190,0.158222,0.133786,0.235141,0.034388,-0.070405,0.053233,0.279887,0.103362,-0.187967,-0.279960,0.097385,0.034940,-0.154713,-0.103006,-0.152467,-0.037797,-0.082432,0.120940,0.064609,0.094698,0.005356,-0.145731,0.168481,-0.037893,0.049798,0.021470,0.001856,-0.002131,0.033668,0.196361,-0.101999,0.195246,0.099816,0.002949,-0.154004,0.332505,-0.201789,-0.287793,-0.197464,0.139275,-0.273816,0.285318,-0.010896,0.246303,-0.036631,-0.101402,-0.053903,0.084250,-0.255917,-0.089700,-0.015603,-0.115619,-0.007338,0.126148,0.110557,0.056860,0.268437,0.126508,0.019247,-0.110803,0.020613,-0.115074,0.362345,-0.025063,-0.041548,0.180793,-0.255564,0.123853,0.171949,-0.259021,0.047529,0.253668,0.028280,-0.235006,0.198310,0.091785,0.171945,0.016964,-0.144274,-0.021590,-0.193231,-0.077908,0.082312,0.107678,0.055222,0.106252,-0.110383,-0.214458,0.002176,0.010910,0.152710,#
3,0.152129,0.007453,-0.162992,1.000000,0.005018,0.143298,0.222746,0.088147,0.292716,0.180526,0.234164,0.005360,0.156281,-0.152957,0.226655,0.143815,0.122382,0.317835,0.163373,0.021973,0.119937,0.090784,0.320483,0.326023,0.086160,0.043203,0.158149,-0.018079,0.159222,0.127894,0.094690,0.079232,0.522854,0.277342,-0.057716,0.056196,0.036989,0.364698,0.231262,0.268171,0.011876,0.198210,0.291208,0.219515,-0.035961,0.048314,-0.019875,0.124869,-0.034238,0.022654,0.087912,0.249712,0.213061,-0.025076,0.120312,0.103968,-0.095916,-0.136083,0.024146,0.149025,0.192810,0.192915,-0.011739,-0.043492,0.310985,0.219837,0.031043,-0.096098,-0.052937,0.233446,0.041809,0.153880,0.219784,0.067992,0.134544,0.096527,0.038308,0.046952,0.029837,-0.223281,0.189454,0.032550,0.225408,-0.045160,0.248708,0.141765,0.038943,0.073735,0.141891,0.242533,0.185374,-0.012752,-0.028240,-0.066675,0.051637,0.115154,0.074384,-0.179969,0.237334,0.118281,0.149749,0.035857,0.069671,0.127960,0.181254,0.001456,0.360107,0.223055,-0.027615,0.015878,0.019192,0.047742,-0.069677,-0.079362,0.080776,-0.017076,0.123137,0.104577,-0.111916,0.065929,0.055951,0.010292,-0.045958,0.228204,-0.001291,0.162273,0.201297,0.216615,-0.103408,0.122668,0.269533,0.125420,0.004477,0.252319,0.021314,0.216501,0.049941,0.099676,0.100941,0.014365,0.216551,0.287004,0.026504,-0.073785,0.075133,0.028620,0.317383,0.155757,0.002747,0.249451,0.224876,0.044370,0.020190,0.039825,0.208955,-0.018888,-0.042712,0.243478,0.259107,-0.005447,0.161813,0.010081,0.286686,0.197115,0.051725,0.093163,-0.009735,0.174895,-0.055509,-0.078613,0.143438,-0.108532,-0.104698,-0.141898,0.093145,0.123681,0.287505,0.000083,-0.135799,0.198445,0.018979,0.260545,0.216387,-0.311700,-0.120138,0.005682,0.108328,0.095262,0.040943,0.073289,0.055506,0.151739,0.029332,-0.055596,0.049378,0.146625,0.357672,-0.001598,-0.172214,-0.020441,#
4,0.140972,0.028878,0.077586,0.005018,1.000000,0.205130,-0.121916,0.038913,0.176526,0.082311,0.104618,-0.046844,-0.131836,-0.118463,0.065243,0.027036,-0.173407,0.088448,-0.038614,0.231065,0.286655,-0.043678,0.149922,0.116739,-0.024446,0.072709,0.023137,-0.051095,0.164948,0.046778,0.078023,-0.038626,-0.072416,0.067177,-0.013960,0.226404,0.368827,0.053971,0.012866,0.051082,-0.003839,0.449313,0.023662,-0.147247,0.107871,-0.067360,0.256242,0.062143,0.057180,0.133214,-0.018671,0.127540,-0.025030,0.143944,0.357489,0.278733,0.101324,0.013432,0.122384,-0.054891,-0.101980,0.226756,-0.032252,0.011063,-0.038371,-0.219019,0.076813,0.046156,-0.124696,0.101616,0.104127,0.134530,0.090388,0.242522,-0.102281,-0.093602,0.087266,0.195885,0.091737,0.078059,0.206166,0.110011,0.029874,-0.117759,0.363588,-0.059163,0.027306,0.093483,-0.037570,0.206477,0.317761,-0.022231,0.065746,0.005431,0.115466,0.228335,-0.120134,0.003696,-0.221736,-0.023348,-0.122455,0.058182,0.118262,0.065387,0.045959,0.184003,-0.009502,0.226917,0.216499,0.159030,0.097280,0.260127,0.099854,0.158329,0.151855,-0.042090,0.130302,0.059662,-0.062252,0.171658,-0.061891,-0.019348,-0.071412,-0.124065,0.167855,-0.059182,0.221663,0.025822,0.131902,0.016613,0.245635,0.080439,0.015882,0.011197,-0.021833,0.088371,-0.045504,0.176710,0.140947,0.120827,0.354448,0.027328,0.119524,-0.060894,0.226571,0.251128,0.085363,0.273421,0.052616,-0.127119,0.084323,0.219839,0.072755,0.296579,0.347902,-0.123066,0.301490,0.011883,-0.160209,-0.000284,0.217106,-0.062982,-0.138587,-0.221011,-0.149021,0.033482,-0.017695,0.160101,0.043290,0.063263,-0.155471,-0.098263,0.349569,0.233453,0.178856,0.083742,0.155035,0.205945,-0.008133,0.270961,0.030803,-0.061055,0.243675,-0.021704,0.206540,0.071784,-0.280779,0.150939,0.153201,0.264694,-0.008151,0.247798,-0.099133,0.000402,0.276377,0.069590,0.104419,0.065131,0.039840,0.306561,#
5,0.096565,0.129027,0.162435,0.143298,0.205130,1.000000,0.039389,0.180871,0.169604,0.171673,0.158805,0.159574,0.183648,-0.076861,0.103830,-0.072786,-0.035340,0.076832,-0.164911,0.241488,0.002431,0.005432,0.101051,-0.239903,0.145700,0.107407,0.066581,0.128504,0.112812,0.082180,0.208655,0.044416,0.170828,0.091725,-0.035285,0.193737,0.188018,-0.068589,0.070154,0.064902,0.196074,0.097240,0.254326,0.047350,-0.026371,-0.011223,0.101889,-0.121265,0.245436,-0.120419,0.172168,0.151691,0.038689,-0.218178,0.369928,0.161372,0.082964,-0.131202,0.301670,-0.015008,-0.011458,0.037538,0.153835,0.173207,0.275436,-0.009368,0.012327,0.057172,0.124877,-0.177938,0.084446,0.074607,0.244159,0.282830,-0.031232,-0.047391,0.159194,-0.094755,0.106823,0.008380,0.103187,0.036309,0.333709,-0.074226,0.151697,-0.158998,0.099019,0.010463,0.081815,-0.175718,-0.067034,0.100421,0.226559,0.418243,-0.151946,0.282322,-0.130734,0.003036,0.021698,-0.030772,-0.184749,0.083114,-0.143494,-0.025512,-0.062323,0.239079,0.183626,0.259113,0.061669,0.022914,0.101812,0.131673,-0.157727,-0.090781,0.039219,0.105418,0.068239,0.186811,-0.229987,0.079068,-0.201257,0.055776,0.000268,-0.056258,-0.114359,-0.092541,0.019303,-0.229945,0.235455,0.116744,0.344088,-0.020316,0.140594,0.199952,0.166782,0.236290,0.008139,0.169721,-0.088897,-0.209124,0.023751,0.170996,0.148506,0.104284,0.221162,0.064908,0.127455,0.153081,0.035681,0.055752,0.240896,0.167537,0.367414,0.080651,0.069466,0.108532,-0.037855,-0.071819,-0.062094,-0.069892,0.192509,-0.129323,0.285411,0.184033,0.013566,0.039652,-0.046723,0.274205,0.089418,0.117980,0.365767,0.024994,0.426150,-0.107525,-0.127425,0.097410,0.207382,0.021770,0.084339,0.118628,0.150118,-0.035869,0.210182,0.097559,-0.134994,0.090517,0.105345,-0.012567,0.192819,-0.091748,0.129334,0.174574,0.089752,-0.015523,0.395008,-0.123259,-0.228471,0.140319,0.075946,0.376333,#
6,-0.089890,0.396496,0.251962,0.222746,-0.121916,0.039389,1.000000,0.052255,0.269523,0.106113,0.059990,0.097689,-0.025929,0.013758,-0.096617,0.169298,-0.070321,-0.064561,0.036265,-0.179770,0.003748,0.328362,-0.002245,-0.101339,0.117887,0.055585,0.042960,0.087778,0.022856,0.044816,0.043294,0.101199,-0.016627,0.054325,-0.176999,-0.126919,-0.243106,0.130519,-0.040903,-0.116181,-0.134286,-0.098719,0.085570,0.080324,0.108401,-0.167405,-0.044179,-0.107842,0.028210,-0.169211,-0.064996,-0.134322,0.009244,-0.002628,-0.058509,0.046231,-0.017037,-0.127567,0.117951,0.246613,0.243358,-0.165877,0.185195,-0.202718,0.054622,0.384200,-0.171393,0.045388,-0.098953,-0.017124,0.030460,0.097637,-0.070487,0.164099,0.252249,-0.027601,0.180714,0.088731,0.177019,-0.181906,-0.035153,-0.241848,0.063524,-0.038612,0.030529,0.050061,0.105203,0.189771,-0.139118,0.024284,0.002618,-0.024126,-0.036965,-0.025010,0.013752,-0.039782,0.090623,-0.004264,0.069151,0.150791,0.048709,0.343956,0.013088,0.037771,-0.227934,0.152998,0.205829,0.027222,0.234296,0.125306,0.102121,0.108965,-0.090780,-0.359689,-0.058301,0.274846,0.062337,-0.121808,-0.052585,-0.095397,0.040427,0.031851,-0.153381,0.091043,-0.164107,0.032941,0.009209,0.076276,-0.266197,0.046550,-0.078129,0.115996,0.050182,0.050062,-0.152193,0.165047,0.012922,-0.096469,0.065002,0.170878,-0.036990,0.315400,-0.111591,-0.070395,0.040521,-0.059900,0.056310,-0.092869,0.107025,-0.231908,0.230160,-0.367110,0.166868,-0.142076,0.162023,-0.027609,-0.084488,0.172493,-0.125862,-0.144965,-0.199016,0.126935,0.203746,0.168691,0.092499,0.187141,-0.210337,0.056796,-0.120853,0.037876,-0.138861,0.045020,-0.032709,-0.121090,0.136230,-0.002550,-0.002913,0.003215,0.073226,-0.135055,0.036367,0.011407,0.066502,-0.029306,-0.038584,0.122913,-0.021037,0.075951,0.122221,0.040674,0.115297,0.068131,-0.123070,0.048909,-0.133084,-0.081662,0.095906,-0.024808,-0.018818,0.133894,#
7,-0.110101,0.111736,0.073380,0.088147,0.038913,0.180871,0.052255,1.000000,0.248825,-0.098700,0.334774,0.374520,-0.114168,-0.079449,0.260330,0.096421,0.142567,0.264957,-0.130371,-0.058773,-0.157584,0.023265,0.059539,0.033576,0.185209,0.036784,-0.000028,0.277856,-0.021962,0.181983,-0.131340,-0.087513,0.132523,-0.022009,-0.213561,0.152789,0.054965,-0.137792,0.243109,-0.051781,0.080074,-0.165990,0.068071,0.022994,0.117585,0.034813,-0.012430,-0.037998,-0.049989,0.045064,0.246460,0.058225,0.086246,0.069430,0.074457,-0.205856,0.120081,0.095736,0.216653,0.014845,-0.107127,0.101359,0.138832,-0.058080,0.061272,0.128435,0.236734,-0.089905,-0.024041,0.326300,-0.052379,0.022473,0.200188,-0.046120,-0.218245,-0.044178,-0.186707,0.018180,-0.144119,0.180616,0.130738,-0.058900,0.182043,-0.012612,0.244365,-0.096261,0.079668,-0.059842,-0.092667,0.091680,-0.008744,0.220385,0.046598,0.221551,-0.154577,-0.203904,-0.211475,-0.057831,-0.109338,0.143253,0.093067,0.016469,-0.233939,-0.036348,-0.112240,-0.076582,-0.023634,0.068319,-0.234537,0.092931,-0.001505,0.115724,-0.068055,0.113756,0.261519,0.086225,-0.107564,-0.159665,-0.179743,0.205245,-0.038140,0.089103,-0.084108,0.041916,0.056491,0.039640,0.180048,-0.118193,0.070534,-0.028132,0.104457,-0.064444,0.196794,-0.001974,0.187317,0.063079,-0.363571,0.172226,-0.096731,0.063205,0.120166,-0.215709,0.021165,-0.178771,0.138166,-0.111247,-0.021382,-0.148085,-0.092196,-0.046962,0.181113,0.070869,-0.011734,-0.036612,-0.040023,-0.027578,0.170571,0.130621,0.045042,0.019029,0.018710,0.016497,0.247448,-0.068414,-0.338073,0.136319,0.116207,-0.133989,-0.162268,0.094391,-0.048078,0.034776,0.246881,-0.067767,0.160908,-0.111471,-0.043131,0.098088,-0.285724,0.320520,0.142397,0.112166,0.156210,0.180884,-0.273494,0.117012,-0.226650,-0.275686,-0.139645,0.191974,0.267260,-0.151513,0.101185,-0.070769,0.107888,-0.203177,-0.166386,-0.110107,-0.090207,0.202192,#
8,0.036807,0.181032,0.177619,0.292716,0.176526,0.169604,0.269523,0.248825,1.000000,0.229497,0.246361,0.185241,0.110063,-0.315532,0.250391,0.397056,-0.079299,0.060816,-0.002440,-0.089033,-0.103957,0.123266,0.278673,0.213911,0.051445,0.025399,0.016977,0.106867,-0.119604,0.313369,-0.176671,0.091176,-0.072941,-0.007876,0.120744,0.124167,0.125062,-0.073356,0.012552,0.007785,0.069389,0.179408,0.200216,0.006506,0.260507,0.037206,-0.129725,-0.137707,0.126686,0.073651,0.168821,0.309573,0.122932,0.118619,0.139139,0.173219,0.210667,0.156051,0.230214,0.312579,0.164335,0.028886,0.175035,-0.202395,0.136941,0.306194,0.154804,-0.014477,0.165750,0.056039,0.159637,-0.050106,-0.006904,0.123829,0.245819,0.101806,0.005200,-0.007341,-0.008848,0.092918,0.254934,0.028204,-0.012207,-0.121051,0.384439,0.213790,0.027344,-0.017737,-0.056559,0.200340,0.115397,0.291652,0.145330,-0.014165,0.195464,0.197811,0.169090,-0.080162,0.101905,0.058091,0.132026,0.014160,0.128872,0.092564,0.137553,-0.081916,0.175482,0.031656,-0.113075,0.180119,-0.042466,0.037371,-0.214737,-0.029578,0.151876,0.251532,0.054587,-0.207635,0.059349,0.292399,0.063749,0.029205,0.029230,-0.016815,-0.032613,0.177106,0.202412,0.337246,-0.176370,0.439406,0.048778,-0.146739,0.057246,0.162515,0.109731,0.309058,-0.109064,0.043566,-0.035227,-0.081208,0.237139,0.083444,0.257829,-0.090982,-0.132377,-0.052664,0.125176,-0.008252,0.221850,0.001454,0.328825,0.020465,0.089964,0.128647,0.217039,0.179173,0.324509,0.248418,0.000423,0.016834,-0.047159,-0.015044,0.115012,-0.005448,0.080095,0.128630,0.008734,-0.157908,-0.011462,0.244935,0.089336,0.121504,0.002414,-0.183547,0.166007,0.108999,0.002065,0.149129,-0.045730,0.177268,0.100691,-0.040438,0.097154,0.029960,-0.067362,0.159316,-0.084367,-0.020157,0.068302,-0.005039,0.076712,0.061144,0.080936,-0.005777,0.218541,-0.089005,0.043135,-0.060228,-0.006150,-0.067317,#
9,-0.022874,-0.011449,-0.033491,0.180526,0.082311,0.171673,0.106113,-0.098700,0.229497,1.000000,0.351820,-0.137370,0.124825,-0.164131,0.055499,0.290072,-0.004220,0.014725,-0.100979,0.040188,0.000969,-0.074863,0.039091,-0.070307,-0.052946,-0.223751,0.021804,0.022097,-0.058132,0.188439,0.148545,-0.076525,-0.097377,0.226302,0.090267,-0.103979,-0.042094,0.191418,-0.013155,-0.132099,0.140720,-0.072262,0.188965,0.004220,-0.096367,0.188544,0.074391,-0.060272,0.146074,-0.012707,0.088044,0.081235,0.098409,-0.019896,-0.164958,0.098247,-0.066333,-0.094212,0.091159,-0.097973,0.108399,0.024562,0.198083,-0.009316,-0.060661,0.076003,-0.178846,-0.105864,-0.043567,-0.271284,0.211910,0.049034,0.034686,0.067202,-0.097635,0.050579,-0.194281,-0.126005,-0.025850,0.222937,0.291894,0.171187,-0.043724,-0.173914,0.193325,-0.121585,-0.051214,-0.008346,-0.271486,-0.215028,0.009580,0.242778,0.122461,-0.182243,0.133827,0.031645,0.122798,0.134809,0.137446,-0.318172,-0.357709,-0.072690,0.303874,-0.002621,0.187589,-0.043555,0.068144,-0.218885,-0.009489,-0.142884,0.136504,-0.033044,-0.018881,0.220609,0.002025,-0.010755,-0.197080,-0.041267,0.038440,-0.076757,-0.123475,0.246145,-0.186487,-0.110769,-0.265480,0.051816,-0.263265,0.093414,-0.000028,0.145309,-0.029474,-0.132166,0.067496,0.204858,0.007552,0.041973,-0.019377,0.157791,0.005364,-0.265188,-0.171575,0.132029,0.216150,-0.056845,0.010938,0.098183,0.027315,0.301362,0.135129,0.317586,-0.143744,-0.179015,0.299394,0.226846,0.162874,0.021432,-0.059873,0.236276,-0.021742,-0.114664,0.076603,-0.243245,0.094046,0.290225,0.077068,-0.023568,0.018549,-0.079432,0.083337,-0.144544,0.157033,-0.168199,-0.067331,-0.015900,0.002906,0.008167,0.080620,0.128884,-0.008567,-0.050452,-0.003568,-0.088684,0.124545,-0.096554,-0.041543,0.033244,0.010965,-0.097051,0.170597,-0.031347,0.049626,-0.074284,0.027951,-0.009997,0.052045,0.064353,-0.077347,-0.030076,-0.167823,0.185730,#
10,-0.110463,0.139757,0.369281,0.234164,0.104618,0.158805,0.059990,0.334774,0.246361,0.351820,1.000000,0.203412,0.209545,0.027936,0.180818,0.132297,0.083510,0.185636,0.040899,0.158764,0.016804,-0.042919,-0.003856,0.060006,0.047508,-0.072593,-0.147107,0.198251,-0.182595,0.293686,0.145232,-0.012194,0.248557,0.089161,0.193122,0.179037,0.116920,0.066637,0.221165,0.096346,0.165700,-0.024552,0.217669,0.034428,-0.009355,0.137618,0.242467,-0.065221,0.173812,0.070853,0.246838,0.139803,-0.005639,0.212205,-0.093639,0.078538,-0.064734,-0.212761,0.245552,0.171517,0.193434,0.337555,-0.124078,0.248103,0.318226,0.221833,0.329283,0.110243,-0.059389,0.048397,0.138419,0.155223,0.083273,0.203124,0.018140,0.126949,-0.021778,0.044125,-0.063962,0.012271,0.382855,0.039859,0.207446,0.030546,0.453238,0.049636,0.121818,0.229922,-0.059161,0.058861,0.046000,0.171625,0.142760,0.264350,-0.084735,0.284803,0.049986,-0.072295,0.247187,0.085009,-0.216981,-0.041159,0.160068,-0.046249,0.139359,-0.056836,0.039154,0.195998,-0.075406,-0.122052,0.044166,0.199237,0.038869,0.128042,0.489688,0.262091,0.015925,-0.097243,-0.042243,0.116404,0.081459,0.129683,-0.053246,-0.071894,-0.058906,-0.165478,0.144323,0.032985,0.268611,0.127726,0.131200,0.129771,-0.005585,0.109824,0.127258,-0.084930,-0.083430,0.389748,-0.024947,-0.120574,0.177786,0.006563,0.183588,0.054829,0.331274,-0.084272,-0.177924,0.013692,0.213042,0.111802,0.376559,0.239899,0.050615,0.060684,0.155110,-0.089791,0.093673,-0.084433,0.210357,-0.128037,0.150724,-0.185779,0.376249,0.332717,0.175553,0.156908,0.237651,-0.164537,-0.090446,0.165398,0.139366,0.035333,0.058448,-0.000137,0.266578,-0.108571,0.135456,0.280560,-0.280648,0.096831,0.251042,0.132947,0.242571,-0.023563,0.088492,0.115641,-0.029455,-0.367875,-0.030883,0.221092,0.319906,0.000436,0.164682,-0.031307,0.158880,0.082665,-0.170451,0.075756,0.043069,0.449434,#
11,-0.143260,0.175861,0.316214,0.005360,-0.046844,0.159574,0.097689,0.374520,0.185241,-0.137370,0.203412,1.000000,-0.062496,0.010235,-0.168693,-0.024218,0.110004,0.052949,-0.162128,-0.434804,-0.078376,0.229718,-0.132968,-0.004818,0.137234,0.159554,-0.157904,0.263657,-0.142926,0.163601,0.142929,0.051544,-0.005250,0.055979,-0.075959,0.120827,0.115835,-0.212279,-0.038702,0.096039,-0.095004,0.053053,0.337965,0.138023,0.046036,0.006496,-0.153144,-0.066150,0.098568,-0.162666,-0.076723,0.247763,-0.084023,0.242230,0.007822,-0.222449,-0.229835,0.191327,0.147780,-0.013258,-0.053301,-0.036342,0.054381,-0.079453,0.063342,0.209624,0.152075,0.111926,0.144766,0.116794,-0.138400,0.038799,0.260900,-0.046161,-0.201294,-0.153882,-0.020447,-0.090384,-0.056277,-0.095741,0.082763,-0.006007,0.189372,-0.048763,0.096375,-0.093355,-0.152070,0.159533,0.049748,0.017402,-0.105520,0.298600,0.181114,0.252981,0.117204,0.063357,-0.191464,-0.104303,0.292065,0.285178,0.011310,0.066698,-0.262945,0.044149,-0.243789,0.075894,0.142922,0.207935,0.109914,0.066348,0.177967,0.034295,-0.042994,0.077542,-0.079926,0.340285,-0.110492,0.037674,-0.274850,0.174309,-0.072440,0.010202,-0.062745,-0.097574,-0.092524,-0.093301,-0.096045,-0.042878,0.141154,-0.115905,0.012147,0.138385,0.229020,0.036004,0.009872,0.093163,-0.322181,0.343743,-0.110266,0.221978,0.077162,-0.077623,-0.022657,0.000535,0.282217,-0.061675,0.082263,-0.117246,-0.087970,-0.119851,0.163300,0.216629,-0.039206,-0.094246,-0.013798,0.045970,0.119968,-0.159470,0.141133,-0.168573,0.094518,0.178725,-0.044441,-0.005050,-0.124089,0.039467,0.222177,0.095379,-0.143137,0.235758,0.000219,-0.055621,-0.030888,-0.181808,0.186036,-0.048893,-0.032975,0.051448,-0.171223,0.092679,0.223113,-0.096208,0.069935,-0.102895,-0.207191,0.064765,-0.173752,-0.073158,0.017985,0.244013,0.026981,-0.193429,0.155187,0.221611,0.348788,0.078340,-0.029570,-0.061015,-0.156209,-0.002256,#
12,0.096635,0.012396,0.031921,0.156281,-0.131836,0.183648,-0.025929,-0.114168,0.110063,0.124825,0.209545,-0.062496,1.000000,-0.134067,0.258943,0.255669,0.227787,0.144918,0.363167,0.132688,-0.079562,0.152077,0.059316,0.191590,-0.137676,-0.010154,0.083399,0.333796,-0.105740,0.050955,-0.097982,0.149754,0.066484,0.097230,0.155278,0.265693,-0.033320,0.064143,0.013480,0.083152,0.129627,-0.005861,0.109972,0.126289,0.184782,-0.068760,-0.034721,-0.095287,0.298831,-0.006100,0.012592,-0.054576,0.053875,0.091973,0.326529,0.073455,0.010082,0.040559,-0.181033,-0.099658,0.034020,0.165139,-0.136919,0.324920,0.400384,0.028390,0.150830,0.015626,-0.046164,-0.077415,0.015768,-0.026201,0.194916,0.110436,0.054186,0.148874,0.066625,-0.275662,0.001148,-0.007769,0.252078,-0.074054,-0.136768,0.086527,0.009773,0.051991,0.095973,0.295838,0.158565,0.037782,0.053420,-0.018004,-0.003483,0.054464,0.136523,0.187342,0.231006,0.023906,0.046820,-0.119252,0.099197,0.006401,0.099258,-0.069043,0.168531,-0.176145,0.313394,0.140558,-0.109339,-0.037975,0.206205,0.059037,-0.006244,-0.055279,0.017106,0.041687,0.176169,-0.080071,0.104573,-0.211652,0.144915,0.228932,0.235653,0.030690,0.038967,-0.295510,0.237164,0.065135,-0.084310,0.024229,0.045997,-0.008711,-0.127944,0.139100,0.155352,0.003182,0.139685,-0.042649,0.074267,0.045161,0.177743,0.172080,-0.060739,-0.007913,-0.025081,-0.067944,0.036091,0.172389,-0.129418,0.038261,-0.018357,0.094678,0.172605,-0.101805,-0.112829,0.421560,-0.016978,-0.162404,0.010094,0.010674,-0.089784,0.148999,0.132686,0.157094,0.213125,-0.042535,0.322282,0.143446,0.232189,0.046952,0.268112,0.110166,0.008987,0.197769,0.143145,0.184630,0.268969,0.139430,0.001870,0.036521,0.115632,0.050735,0.142132,-0.004872,0.096268,-0.182414,0.217148,0.249089,0.110504,-0.122792,0.285898,-0.083750,0.253967,0.111934,0.095112,0.127764,0.000180,0.094686,0.111247,-0.093814,#
13,-0.165386,0.053757,0.044683,-0.152957,-0.118463,-0.076861,0.013758,-0.079449,-0.315532,-0.164131,0.027936,0.010235,-0.134067,1.000000,0.222917,-0.098161,0.181067,-0.135272,-0.054782,0.242240,0.156918,-0.180717,-0.199720,-0.011330,-0.170330,0.164295,0.035124,-0.069197,-0.185727,-0.093094,0.055890,0.081468,0.001806,0.099168,0.076044,-0.208643,0.002874,0.060484,-0.224201,0.172788,-0.310520,-0.010332,-0.080344,-0.045458,0.085421,0.040997,0.092637,-0.125499,0.049587,-0.082036,-0.109855,-0.135814,-0.028303,0.209016,-0.047353,-0.055492,-0.133039,0.028255,-0.045649,0.169231,0.093755,0.241646,0.051798,0.029162,-0.001534,-0.098497,0.329728,0.063475,-0.112936,-0.041395,0.079312,0.090778,-0.156122,-0.146792,0.253507,0.122720,0.225101,-0.067478,0.249223,0.029763,0.028378,0.125179,-0.041717,0.213692,0.100468,0.035125,-0.095741,0.070324,0.097895,-0.096924,-0.077906,-0.000148,-0.142089,0.242039,-0.046671,-0.253301,-0.097242,-0.068118,-0.073460,0.280534,-0.150160,0.197998,0.106948,0.132159,-0.199277,0.006504,0.238547,0.219913,0.178663,0.126463,-0.027856,0.028179,0.288473,-0.102470,0.057188,0.121302,0.233946,0.012390,-0.185685,-0.029053,0.094998,-0.040622,0.177698,-0.074671,0.126636,-0.183207,-0.055593,-0.126228,0.136160,0.049165,-0.283887,0.069377,-0.123885,-0.073718,-0.009246,0.029832,-0.047376,-0.000668,-0.124283,0.154843,-0.264974,0.001280,0.227486,0.141619,0.048171,-0.015798,-0.176718,-0.039940,-0.127786,-0.156246,0.021681,0.028534,0.038656,0.228806,-0.123898,-0.053209,-0.112332,-0.088460,0.004142,0.134269,-0.176164,0.070656,0.043273,0.060414,0.003898,0.093103,-0.063197,-0.027128,0.042277,-0.093578,0.086823,-0.000089,-0.143618,0.135400,0.130770,-0.076100,0.153710,0.075906,-0.002915,-0.232254,-0.155357,0.102347,0.025453,-0.071656,0.306731,0.178746,0.141506,-0.106076,-0.264038,0.082183,0.024821,0.079714,-0.076583,0.152895,-0.149206,-0.022545,-0.111855,-0.167013,-0.038602,-0.053222,#
14,0.212950,-0.013587,-0.236137,0.226655,0.065243,0.103830,-0.096617,0.260330,0.250391,0.055499,0.180818,-0.168693,0.258943,0.222917,1.000000,0.204567,0.219382,0.222740,0.149959,0.531827,0.140922,-0.278695,0.216758,0.301625,-0.071159,-0.004901,0.254822,0.141254,-0.106458,0.071117,-0.118393,0.236355,0.097082,0.085424,0.179264,-0.003772,-0.044466,0.036694,-0.000374,0.304298,0.077182,-0.059834,0.134454,-0.088166,0.205574,0.222191,0.178355,-0.223505,0.131707,0.258409,0.153154,-0.035702,0.226889,0.265744,0.391756,0.153382,0.187501,0.064761,0.055455,0.097579,0.101764,0.324144,0.125475,0.071962,0.104353,-0.225999,0.386633,0.145667,-0.131407,0.164007,0.103280,-0.140137,0.017771,0.050649,0.281858,0.184786,0.112596,-0.001421,0.099683,0.140784,0.246328,0.117954,0.092244,0.171420,0.229914,0.226120,-0.034447,0.039250,0.037131,-0.052723,-0.003613,0.179733,0.099534,0.015861,0.139409,0.080184,0.067863,0.086548,-0.176927,0.000384,0.195740,0.136475,0.103108,0.334508,0.306216,0.001181,0.384966,0.128358,-0.068920,0.002606,-0.009789,-0.152158,0.110312,0.089996,0.225397,0.003474,0.152231,-0.157708,0.051083,0.075799,0.271365,0.213802,-0.054737,-0.096209,0.164958,-0.108132,0.142954,0.025051,-0.121439,0.367400,-0.068119,-0.133058,0.019714,0.068136,0.077800,0.173694,-0.131916,0.159135,-0.081487,-0.010976,0.110292,0.235252,0.156049,0.100587,-0.222613,0.115097,0.111605,0.018070,-0.243079,-0.048856,0.185690,0.350808,-0.059798,0.224804,0.215297,0.264578,0.092107,0.003330,-0.023171,0.196579,-0.024032,-0.068104,0.234891,0.018851,0.029915,0.012746,-0.108894,-0.113884,0.124897,0.018508,0.275139,-0.013622,0.148979,0.012928,0.066691,-0.078524,0.170623,0.206620,0.100302,-0.015897,0.058419,0.121542,0.148078,0.021073,0.193778,0.036505,0.094084,-0.109434,-0.066394,0.140653,0.252463,0.098471,0.036667,-0.116134,0.036128,0.005652,-0.092643,-0.068650,0.053387,0.088212,#
15,0.276683,-0.092689,0.166237,0.143815,0.027036,-0.072786,0.169298,0.096421,0.397056,0.290072,0.132297,-0.024218,0.255669,-0.098161,0.204567,1.000000,0.288211,0.130287,0.128287,0.061472,-0.151055,0.147263,0.300599,0.337882,-0.028415,0.242316,0.162518,0.107678,0.056713,0.264270,0.021784,0.170144,0.036110,0.207491,0.234189,0.241323,-0.022407,0.076850,0.163487,-0.065615,0.073439,0.150164,0.104697,0.160626,0.114961,0.097981,-0.279670,-0.027292,0.044312,0.412953,-0.089797,0.143907,0.101446,0.218950,0.229021,0.194365,0.118987,0.187474,0.273412,0.186754,0.045884,0.078561,0.300124,-0.090346,0.017872,0.223854,0.104188,0.130493,-0.091033,-0.050073,0.279408,0.139161,-0.030517,-0.054171,0.101779,0.074542,0.064784,-0.058387,-0.039760,0.081313,0.256605,-0.001918,-0.282433,0.145421,0.274983,0.206175,-0.002106,0.311299,0.010519,0.216874,0.095316,0.203809,-0.041713,0.025458,0.184578,0.088019,0.415303,-0.061664,-0.105944,-0.019247,0.255726,0.150200,-0.144347,0.092879,0.126937,0.104436,0.169248,0.051888,-0.105507,0.104851,0.010389,0.081020,-0.078007,0.028562,0.067622,0.081348,-0.169479,-0.199537,0.105249,-0.146875,0.280844,0.116540,0.084517,0.191686,0.003892,0.114292,0.066490,0.293645,-0.177277,0.255184,0.074895,0.074971,0.096086,0.090290,0.089757,0.125567,-0.154930,0.001976,0.148553,-0.093536,0.011203,0.257553,0.106731,-0.038824,0.016731,-0.068953,0.044679,0.148654,0.313147,0.062050,0.056018,-0.028687,0.190458,0.292039,0.067419,0.273510,0.173142,0.137087,0.144565,0.073277,-0.005523,-0.002450,0.229419,0.094530,0.064261,0.250731,0.200841,0.042590,0.266581,-0.092085,-0.057812,0.057786,-0.099355,-0.005892,0.237076,0.087962,0.266695,0.122186,-0.201121,0.167396,0.443977,0.111026,0.100114,0.166130,0.010145,0.171918,0.083410,0.190658,-0.145746,-0.021177,0.106435,-0.135193,0.113895,0.028457,-0.050492,-0.092141,0.126051,0.163854,0.146004,-0.297622,#
16,0.199572,-0.020013,-0.182163,0.122382,-0.173407,-0.035340,-0.070321,0.142567,-0.079299,-0.004220,0.083510,0.110004,0.227787,0.181067,0.219382,0.288211,1.000000,0.133165,0.146961,0.304559,-0.115727,0.053256,0.189079,0.007383,-0.255778,0.051213,0.043322,0.023502,-0.185517,0.376661,-0.015409,0.047746,-0.014476,0.352035,0.175686,0.206137,0.012065,0.147210,0.000149,-0.136398,-0.029234,0.011880,0.084080,0.180340,0.033599,0.193911,-0.051865,0.125564,-0.116324,0.082389,0.095814,0.025702,0.259648,0.207364,-0.105660,0.007404,0.088237,0.073793,-0.077806,0.000218,-0.105594,0.253719,0.343025,0.255699,0.215559,-0.055924,0.013421,0.138160,-0.110716,0.185326,-0.045922,0.206648,0.330024,-0.124469,-0.101290,0.082059,-0.114401,0.097644,-0.057263,0.123650,0.130205,0.143239,0.039454,0.203012,0.116484,0.065231,0.054511,0.060530,0.050017,0.024006,-0.000269,0.050261,0.070098,-0.071746,0.050953,0.009040,0.243143,-0.255437,-0.113635,0.198369,0.114009,0.024555,-0.100407,-0.027067,0.055883,-0.028776,0.386472,0.326251,-0.042591,0.115659,-0.126310,0.080236,0.128594,0.039427,0.095869,0.016042,-0.040402,0.075416,-0.130488,0.009921,0.347146,0.246450,0.016625,0.270313,0.201013,-0.320960,-0.093791,-0.152667,-0.053378,0.215921,-0.003345,-0.095278,0.305475,-0.358552,0.305176,0.189078,-0.116291,0.229414,-0.161413,-0.106805,-0.111143,0.127777,0.114545,0.003466,0.082712,0.069637,0.037806,0.027696,0.052979,0.192291,-0.284085,0.129930,-0.110138,0.057104,0.026159,0.211230,-0.024477,0.038990,0.184076,0.047442,-0.017463,0.057309,0.098629,0.167747,0.094169,0.055671,0.248408,0.055530,0.211117,-0.064067,0.117767,-0.175030,-0.109608,-0.031166,0.095696,0.120220,0.000145,0.006212,-0.024501,-0.067118,0.017599,0.052220,0.172618,0.013536,-0.045485,0.061972,0.241467,0.119127,-0.182381,0.035355,0.358784,-0.205321,-0.308153,-0.031811,0.201279,0.273223,0.051783,-0.120016,-0.006401,-0.186806,#
17,0.261345,0.060790,-0.039749,0.317835,0.088448,0.076832,-0.064561,0.264957,0.060816,0.014725,0.185636,0.052949,0.144918,-0.135272,0.222740,0.130287,0.133165,1.000000,0.080748,0.066067,-0.021153,0.078643,-0.042437,0.268630,-0.112087,-0.102201,0.029302,-0.080604,-0.061467,-0.004616,0.223760,-0.024893,0.376809,-0.002932,0.010645,0.195937,-0.197941,0.154573,0.188517,0.003080,0.127630,0.094820,0.048623,0.190642,-0.048599,-0.008787,0.114532,-0.048614,-0.076939,-0.025220,0.156981,-0.076323,0.027158,-0.015732,0.156776,0.048752,0.265235,-0.105357,0.173940,-0.167890,-0.066113,0.159965,-0.121864,0.056846,0.175953,0.292403,0.338410,0.182203,-0.024823,0.168248,0.062669,0.383781,0.098912,0.043577,-0.125801,0.110794,-0.007261,-0.203775,-0.032878,0.086317,-0.010869,-0.011034,0.082094,0.002959,0.111863,-0.089873,0.200801,0.194384,0.051925,0.136568,0.100097,-0.068675,0.106681,-0.129188,-0.117223,0.195149,-0.126673,0.047834,0.078537,0.138833,0.101859,-0.040810,-0.247038,0.031200,0.137207,0.017712,0.114736,0.065500,0.015233,-0.237647,0.189572,-0.053590,0.085990,0.107682,0.152571,0.026697,-0.021095,-0.125618,0.126084,-0.101107,0.035024,0.252498,-0.052269,-0.071435,0.219100,-0.002262,-0.030898,-0.027072,-0.030060,0.160326,0.101768,0.252959,0.110493,-0.142857,-0.032149,0.161539,0.064290,0.243731,-0.121694,0.218602,0.257020,0.059341,-0.044016,0.068873,0.079753,0.161725,-0.080852,0.079123,-0.186363,-0.032379,0.117266,-0.065990,-0.184930,0.031802,0.245523,0.076319,0.077027,0.155566,0.131766,-0.022844,-0.000272,0.023236,0.072743,0.160648,-0.019589,0.024688,0.089680,0.123912,0.133804,-0.121181,0.137354,-0.082372,0.006302,0.026706,0.214087,0.021509,0.209276,-0.075334,-0.358454,0.328681,0.160797,0.072533,0.100802,0.220925,-0.117189,0.011560,0.145284,-0.177445,0.140090,0.060460,0.199668,0.108529,0.147300,0.069899,0.090628,0.110694,0.000448,-0.040096,-0.226016,0.039211,#
18,0.175913,-0.089902,-0.072374,0.163373,-0.038614,-0.164911,0.036265,-0.130371,-0.002440,-0.100979,0.040899,-0.162128,0.363167,-0.054782,0.149959,0.128287,0.146961,0.080748,1.000000,0.096794,0.111735,0.089953,0.129410,0.362158,-0.108542,0.071118,-0.043242,0.169149,0.054643,-0.128600,-0.151187,-0.212453,0.175972,0.140993,0.218425,0.217362,0.011953,0.212503,0.072314,0.369555,0.164845,-0.013471,0.140032,-0.043939,0.208972,-0.131381,-0.123472,-0.096250,-0.025299,0.223507,0.059494,0.153601,-0.056293,-0.010312,0.188061,0.146563,0.023179,0.015656,-0.155951,0.000386,-0.041609,0.143965,0.101811,0.060353,0.275668,0.020876,0.178123,-0.006124,-0.217836,-0.006795,-0.096582,0.032236,-0.196456,-0.366916,0.137701,0.298557,0.014212,0.101666,0.064453,0.034905,0.036724,-0.074056,0.060396,0.120473,-0.193371,0.040925,0.191151,-0.008508,-0.040775,0.185738,0.158923,-0.115861,-0.101764,-0.097728,0.176389,0.267034,0.242808,0.025980,0.138900,0.102682,-0.022225,0.022831,0.043760,-0.111870,0.304632,-0.003386,0.122789,-0.092133,0.020479,-0.038193,0.151646,0.172397,-0.001405,-0.147478,0.102929,0.000262,-0.076124,-0.425628,0.173479,0.093251,0.032934,-0.027562,0.118803,0.012903,0.002096,-0.166547,0.079939,0.186413,0.026442,0.014034,-0.035466,0.191600,-0.179964,0.113025,-0.008227,-0.019766,0.152738,0.181397,-0.104612,0.182435,-0.098374,0.051589,0.063290,0.044577,0.155197,0.134836,-0.101245,-0.009079,-0.060336,0.000098,0.060929,-0.007232,-0.092522,0.206978,0.100769,0.114999,0.137908,-0.063306,-0.089155,0.098635,0.132718,0.229596,0.210294,0.078688,-0.084378,0.280149,0.075332,0.135073,0.091081,0.229808,-0.267362,0.027361,-0.001071,0.203281,0.018528,0.240933,0.284617,0.016384,0.018854,-0.186829,0.042790,0.081865,0.125999,-0.152520,0.100312,-0.094891,0.322977,0.059771,0.040055,-0.127596,0.021351,-0.007080,0.103838,0.118086,-0.014008,0.043488,0.181130,-0.061321,0.144002,-0.160805,#
19,0.167607,-0.114020,-0.206815,0.021973,0.231065,0.241488,-0.179770,-0.058773,-0.089033,0.040188,0.158764,-0.434804,0.132688,0.242240,0.531827,0.061472,0.304559,0.066067,0.096794,1.000000,0.063749,-0.269430,0.097573,-0.044282,-0.091436,0.126232,0.067288,0.047378,-0.060943,0.189554,0.194619,0.050327,0.082653,0.086503,0.244178,0.134289,-0.016773,0.067204,-0.026830,0.092445,0.075109,0.111398,-0.019539,-0.065155,-0.098600,0.007042,0.245356,0.006947,-0.061679,0.341236,0.182500,-0.105050,0.073483,0.047829,0.150367,0.346456,0.141163,-0.101539,0.016584,0.154759,0.108092,0.362886,0.175686,0.282726,0.260301,-0.308928,0.273672,0.203099,-0.363091,0.060878,0.226150,0.008913,0.054536,0.251043,0.157259,0.320239,0.112183,0.118096,0.225452,0.151332,0.224191,0.216005,0.211908,0.107244,0.107675,0.247194,-0.075560,0.170775,0.040336,-0.117248,-0.001958,-0.089604,0.172764,0.018738,-0.167846,0.200190,0.263959,0.110684,-0.298058,-0.053127,-0.162042,0.143960,0.232260,0.156192,0.197025,0.181972,0.104982,0.239099,-0.053195,-0.129538,-0.120723,-0.027996,0.222603,0.089078,0.227886,-0.154095,0.309982,0.091029,0.128754,-0.230686,0.263180,0.287126,0.016652,0.177804,0.219963,-0.252451,0.146391,-0.116947,-0.009913,0.248525,0.039944,-0.043044,-0.060993,-0.194095,0.134634,0.122212,-0.093336,0.274226,-0.023430,-0.121907,0.014097,0.260517,0.187891,0.175629,-0.098264,0.207925,0.011129,0.203142,0.057222,-0.024588,0.091001,0.373280,0.015603,0.190080,0.291473,-0.042252,0.049024,-0.068969,0.056427,0.167490,0.259281,-0.190177,0.139386,0.045405,0.169194,-0.004410,-0.004132,0.158238,0.134779,-0.057587,0.150699,0.040886,0.253208,0.195320,-0.041901,-0.030439,0.170394,0.161133,0.217828,-0.080894,-0.034231,-0.016556,0.301546,0.160940,0.177624,0.124804,0.114644,-0.073926,-0.067861,-0.005312,0.354403,0.265193,-0.178698,-0.178228,0.040334,0.117779,-0.108239,0.069444,0.225334,0.147494,#
20,0.019551,0.160244,-0.005960,0.119937,0.286655,0.002431,0.003748,-0.157584,-0.103957,0.000969,0.016804,-0.078376,-0.079562,0.156918,0.140922,-0.151055,-0.115727,-0.021153,0.111735,0.063749,1.000000,0.119276,-0.026401,0.053644,0.093791,0.207993,0.153136,-0.055468,0.036954,-0.216801,-0.135255,-0.198298,0.123559,-0.011129,-0.027915,0.084854,0.173494,0.211544,0.033287,0.138136,-0.004382,0.216563,0.048818,-0.276055,0.170978,-0.093605,0.425948,-0.087243,-0.044806,0.061229,-0.183751,0.049832,-0.124649,0.221810,0.328102,0.178043,0.165838,0.122327,-0.065881,-0.071288,-0.062712,0.253199,0.059503,-0.125923,-0.275609,-0.219463,-0.009943,0.220103,0.087600,0.209087,0.284188,0.153819,0.101573,0.080558,-0.021030,-0.047040,0.008937,0.237578,0.091349,-0.142696,0.076762,0.130634,0.188658,-0.051355,0.174201,0.003697,-0.044309,0.031622,0.303920,-0.011649,0.202986,-0.069907,-0.027620,0.149203,0.256757,-0.045809,-0.137936,0.124027,0.196538,0.016771,0.144495,0.209875,0.150952,-0.072080,0.038926,0.086992,0.098215,0.182629,0.085497,0.105732,0.232992,0.422522,0.233225,-0.257477,0.166187,0.256011,0.214778,0.180351,0.080912,0.285709,-0.075578,0.256251,-0.013732,-0.060558,0.028426,-0.107065,-0.000823,0.031691,0.207364,0.059082,0.073147,0.122752,-0.187478,0.087068,-0.022766,-0.241879,0.173764,0.004409,-0.046437,0.117139,0.178758,0.115166,0.166133,0.128562,0.136266,0.029244,0.063654,-0.034207,-0.145089,0.037250,0.216853,0.113690,-0.229300,0.173397,0.057931,0.017395,-0.055859,-0.032569,-0.293942,0.250147,0.172734,0.152906,0.011136,0.072065,0.083203,-0.059281,-0.222404,0.154557,0.066124,0.120530,0.094553,-0.153306,0.050763,0.078388,0.085299,-0.024690,-0.013496,0.107310,0.208229,0.016272,-0.186693,0.086782,-0.029868,-0.155737,0.199124,-0.231117,0.221140,0.041943,-0.024841,0.245940,-0.022648,0.188831,-0.188748,0.136388,0.064753,0.108074,0.215257,-0.087243,0.125998,0.182069,#
