0,1.000000,-0.058662,0.233903,0.006005,0.201107,-0.127147,-0.136445,-0.076039,0.051388,0.006165,0.113522,-0.143390,0.027774,0.121207,0.111848,0.055980,0.024729,0.068456,0.143711,0.082998,0.113972,0.202450,0.090811,0.215363,0.146339,0.049157,0.097485,0.041952,0.154774,0.260642,0.006588,0.082083,-0.038338,0.102611,-0.071226,-0.052064,0.073510,-0.102501,0.178682,0.186997,0.152642,-0.012337,0.110432,0.081514,0.044977,0.000000,0.007372,0.160576,0.300301,0.277610,0.155819,-0.225230,0.145217,0.207082,0.202012,0.248588,0.077719,0.083092,-0.153268,-0.087792,0.134344,-0.170912,0.268045,-0.157694,-0.092996,-0.058281,-0.060485,0.092782,0.086710,0.064182,0.194168,-0.069399,0.169279,0.097578,0.031843,-0.210698,0.147934,0.040945,0.021336,0.088404,0.086781,-0.046852,-0.095915,0.193744,0.326979,-0.085525,0.124242,0.318406,0.119893,-0.036516,0.104389,0.037370,0.064987,0.181282,0.252161,0.129068,0.259325,0.090314,-0.058432,0.181523,0.242024,0.118146,0.014509,0.166154,0.165439,0.066044,0.225963,-0.097665,0.083067,-0.125109,-0.106608,-0.021570,-0.100961,0.291973,-0.058714,-0.290581,0.078246,0.028143,0.035078,-0.026861,0.227858,0.224521,0.143578,0.082870,-0.077680,0.037182,0.115210,-0.126007,0.255400,0.111540,0.226475,0.045382,0.166952,0.181178,0.102378,-0.150285,0.228570,-0.014244,0.170621,0.251217,0.177797,0.019722,-0.018236,-0.128192,-0.006357,0.185628,0.145070,0.179235,0.201917,0.072441,-0.115806,0.018981,0.305546,-0.132121,0.102550,0.152040,0.011137,0.042977,0.061494,0.278175,-0.020394,0.204572,-0.124844,-0.060729,0.218195,-0.019790,0.098826,0.162288,0.148207,0.032904,0.239912,-0.077148,-0.040059,0.335078,0.032698,0.065594,0.161957,0.142496,0.054924,0.006851,-0.046220,0.147156,-0.110367,-0.006576,0.255958,-0.154248,0.302770,0.231935,0.161441,0.090443,0.021559,-0.013198,0.047135,0.160656,0.215020,0.000000,-0.120230,0.157783,0.323496,0.121376,#
1,-0.058662,1.000000,0.115199,0.106215,0.222335,-0.000154,-0.016601,-0.013315,0.159254,-0.099266,0.230520,0.119351,0.064039,0.117243,-0.052288,-0.168992,0.173746,0.179146,-0.068420,0.355698,-0.036766,0.192353,0.157232,-0.015651,0.027529,0.290255,0.311622,0.304944,-0.086992,0.203735,0.053472,0.192178,-0.026595,0.070985,0.032015,0.264123,0.117237,0.021342,0.285515,0.026397,-0.193043,0.170233,0.152576,0.105623,-0.040871,0.231550,0.406049,0.381179,-0.040416,0.016080,0.191094,0.065014,0.238824,0.102087,-0.080561,0.111395,0.148283,-0.097089,-0.142549,0.099115,-0.069398,0.071261,0.135993,0.052616,-0.073690,-0.004162,-0.318806,0.129301,0.149741,0.369544,0.100892,0.079775,0.295146,-0.127530,0.235412,0.208932,0.066191,0.128671,0.260963,0.114799,0.195379,0.119679,0.231523,-0.014553,0.054558,-0.348233,0.147565,-0.004781,0.249415,0.124386,0.063677,0.201972,-0.007038,0.060347,-0.035665,-0.081451,-0.057663,-0.056649,-0.018367,-0.038649,0.205394,-0.003482,0.131799,0.085496,0.097030,0.016770,0.108933,0.410231,-0.123010,0.154059,0.245256,0.079764,0.084885,0.269135,0.257485,0.190041,0.079481,0.146815,-0.164122,0.087449,0.138016,0.139265,0.250030,0.209055,0.215651,0.203127,0.202043,0.130023,-0.133095,0.190608,0.045289,0.102677,0.077805,0.246589,0.230382,0.271784,-0.034825,0.181812,0.295302,0.160917,-0.019205,-0.159733,0.287595,0.175265,0.150094,0.206297,0.146607,-0.093937,-0.042396,-0.006400,-0.151037,0.090235,0.020270,-0.021565,0.246528,0.149445,0.053132,-0.185835,-0.030595,-0.176070,-0.015666,0.309936,0.157854,0.085373,0.037415,0.047770,-0.023289,-0.054156,0.133967,0.335858,0.143663,0.359533,0.019474,0.188086,-0.099973,-0.030995,-0.004364,0.237471,0.162509,-0.086655,-0.006171,0.095706,0.149634,-0.169787,0.107876,0.111306,0.026609,0.048642,0.015967,0.068103,0.264433,-0.123161,-0.135866,0.178292,0.273545,0.091158,-0.106828,0.060620,0.072651,0.134030,#
2,0.233903,0.115199,1.000000,0.145463,0.042990,-0.149920,0.189144,0.107003,-0.080650,-0.095533,-0.036089,0.183656,-0.003476,0.258934,-0.067557,0.197437,0.095822,-0.122207,0.051737,0.030773,0.247457,0.253292,-0.047762,0.037264,0.267981,0.188629,0.264715,0.162892,0.115667,0.272033,-0.129441,-0.239755,-0.072320,0.008541,-0.123173,0.006171,-0.030309,-0.243207,0.014828,0.052614,0.088109,0.157558,0.448295,0.004151,0.008021,-0.027927,-0.021449,0.163728,0.157040,0.159341,0.333672,0.128254,0.105126,-0.015671,-0.162377,0.011602,0.025564,-0.063639,0.043461,0.199846,0.088348,-0.110307,-0.016655,0.284158,0.146043,0.102082,-0.097373,0.065150,0.193272,0.359743,-0.126096,0.098833,0.040142,0.026240,0.145737,-0.024730,0.190492,0.231664,0.136640,-0.097148,0.177057,-0.103471,-0.060881,0.145289,-0.092618,-0.078671,0.159938,0.194552,0.129219,-0.079309,0.081926,0.152411,0.289975,0.196104,0.059251,0.056069,0.371917,-0.095550,0.218171,0.033286,0.163704,0.036730,0.031601,0.199883,-0.069512,0.042758,0.062230,0.012957,0.182965,0.127107,0.040330,0.018287,0.108296,-0.002341,0.134679,0.110375,0.128608,0.177649,-0.271110,0.020316,0.227107,0.095185,-0.001889,0.014938,0.104428,0.069846,0.104347,0.034118,0.035714,0.147700,0.093930,0.196304,0.165252,0.047005,0.289110,0.230641,0.193095,-0.067946,0.056741,-0.002200,-0.131457,-0.035752,0.340659,0.046616,0.244980,0.179429,0.043866,0.130603,0.269295,0.009459,-0.003452,0.121695,0.103139,0.060267,-0.032520,-0.056621,-0.026681,0.021949,-0.015283,0.153203,0.105129,0.453748,0.052755,0.149325,0.156437,-0.009146,0.146014,0.075041,-0.097542,0.172865,-0.147105,0.220782,0.003703,-0.075853,0.144802,-0.006649,0.248809,0.054956,0.028798,0.013577,0.115735,0.077726,-0.187898,0.291217,-0.012041,0.066102,0.133660,0.018284,0.131986,-0.162149,-0.139809,0.148710,0.313023,0.022823,0.092913,-0.023756,-0.116652,0.160307,0.262456,0.087319,#
3,0.006005,0.106215,0.145463,1.000000,0.150925,0.013562,0.374144,-0.024238,0.141684,-0.127211,0.252107,0.145264,0.089172,0.059773,0.071547,-0.002250,0.028510,-0.002096,0.155844,0.272438,0.158127,0.096971,0.011924,0.260749,0.219122,0.241377,0.174688,0.237779,0.199282,0.206854,0.078329,0.258573,0.346493,-0.021811,-0.097424,0.046911,0.324796,0.076532,0.370044,0.077721,0.130542,0.330923,0.193451,0.373147,-0.102905,0.167747,0.280922,0.240850,0.034593,0.203360,0.157175,0.150294,0.224892,-0.024561,-0.054568,0.268665,0.119228,0.004919,-0.029128,0.263689,0.060935,-0.100390,0.041442,0.120248,0.323839,0.219529,-0.070508,0.145682,0.112859,0.186018,0.071743,0.024122,0.216924,0.046664,0.122009,0.329890,0.170184,0.127321,0.294149,-0.030344,0.437414,0.171154,-0.025894,0.242596,0.322164,0.041328,0.011671,0.119186,0.201487,0.048941,0.164692,0.199613,0.252034,0.219827,0.015854,0.091509,0.381505,-0.153760,0.203972,0.366999,0.318608,0.105482,0.127961,0.154134,0.310265,0.156509,-0.017491,0.140341,-0.008317,0.147612,0.150810,0.042042,0.093832,0.057749,0.036718,-0.097347,0.233248,0.080430,0.184216,0.094505,0.355165,0.098207,0.109717,0.299280,0.035832,0.120737,0.125648,0.211471,-0.125883,0.332098,0.256134,0.186235,0.278181,0.154055,0.215488,-0.085604,-0.080862,0.117202,0.384857,0.135415,0.164643,0.177834,0.214462,0.195125,0.003754,-0.010726,0.199542,0.329703,0.220119,0.044003,-0.136511,0.133481,-0.031167,0.139314,0.225904,-0.007288,0.033911,0.034167,0.107523,0.263168,0.288875,0.244135,0.261627,0.386855,0.262709,-0.104908,0.064778,0.010298,-0.023800,0.012531,0.271978,0.035184,-0.002556,-0.163048,-0.133889,0.022107,0.134835,0.204028,0.161467,0.024330,0.063078,0.377707,0.227108,-0.026159,0.024412,0.090685,0.165766,0.138016,-0.057409,0.210156,0.034481,0.081825,0.392114,0.054102,0.134780,0.176490,0.251822,0.237561,0.300570,0.164860,#
4,0.201107,0.222335,0.042990,0.150925,1.000000,0.053027,-0.084354,-0.003624,0.300256,-0.171358,-0.207437,-0.122667,0.305704,-0.029657,-0.040572,0.016097,0.024415,-0.069378,0.288723,0.272440,0.246313,0.093627,0.148623,0.117261,0.252677,0.330089,0.070657,0.154096,-0.031108,-0.015682,-0.091579,0.036201,0.100307,-0.148797,-0.015475,0.131264,0.342393,-0.140582,-0.067745,-0.001163,-0.015869,0.335165,0.138557,0.092986,0.482989,-0.109473,0.301242,0.256965,0.124375,0.024710,0.014497,-0.030720,0.240728,0.200266,0.113477,0.156784,0.169233,0.025033,0.075916,-0.122793,0.172400,-0.011901,0.041355,-0.183143,0.015254,-0.107266,-0.033769,0.048361,-0.129750,0.062061,0.163214,-0.004985,0.097803,0.064042,-0.103198,-0.193452,0.009298,0.191183,0.257220,0.024294,0.272114,0.152533,-0.113511,-0.035394,0.308001,0.057719,0.044705,0.141842,0.239316,0.313577,0.249132,0.138486,-0.035301,-0.033589,-0.036487,0.180299,0.107645,0.003069,0.125099,0.031893,0.011861,-0.137375,0.237540,0.071367,0.147036,-0.050252,-0.013399,0.255307,-0.215643,0.086818,0.455721,0.039933,0.111500,0.269934,0.077901,-0.220264,0.075407,-0.274428,0.047594,0.035973,0.306571,0.034919,0.257563,-0.183536,0.223857,-0.043426,0.207896,-0.027812,0.061212,-0.069456,0.020284,-0.028376,-0.016117,0.140108,0.212126,-0.123999,0.176336,-0.033107,0.133050,0.283800,0.300690,-0.262609,0.099697,-0.099233,-0.047088,0.054533,0.081652,0.201130,0.182944,-0.127552,-0.081459,-0.128767,-0.031400,-0.000297,-0.129165,-0.017179,0.374287,0.137324,-0.129607,0.193496,-0.106822,0.092467,-0.243078,0.099013,-0.070917,0.108987,-0.142023,0.038395,-0.125413,0.124751,-0.130412,-0.065317,0.255592,0.257239,-0.004337,0.002737,0.145008,0.174963,0.266348,-0.112318,-0.184448,-0.059907,0.092596,0.035444,0.095887,-0.161558,0.059097,0.342172,-0.034328,0.080373,0.113753,-0.097220,0.067373,0.027992,0.092107,0.214570,-0.081047,0.290696,0.063749,0.150384,#
5,-0.127147,-0.000154,-0.149920,0.013562,0.053027,1.000000,0.147468,-0.000406,0.159920,0.014156,0.137756,-0.046627,0.171340,0.145603,0.255310,-0.126359,-0.028869,-0.170772,-0.084915,-0.093941,-0.086650,-0.083959,-0.126721,0.072193,0.105570,-0.000065,-0.000195,0.116060,0.058695,0.074168,-0.103260,0.226341,0.207254,0.078148,0.014670,-0.185541,0.100001,0.053917,0.044043,-0.072786,-0.054679,0.041284,-0.026568,0.185365,-0.154192,0.016282,0.000000,-0.097752,0.091138,0.200893,0.016335,0.000439,0.016358,-0.042554,-0.108976,0.145238,-0.163043,-0.275764,0.000222,0.050232,0.000165,0.078143,-0.060454,-0.150116,-0.065286,-0.000067,0.184291,-0.098805,-0.060390,0.000157,-0.015155,0.104721,0.013929,0.194517,-0.060544,-0.182241,0.161503,-0.078910,0.016404,-0.050154,0.033297,0.018406,0.124574,-0.057233,0.045421,0.089429,-0.119077,-0.139443,-0.000406,-0.020663,0.104045,0.099051,0.000219,0.044769,-0.000037,0.103356,-0.095543,-0.231590,0.083704,-0.214489,0.056592,0.113578,-0.149542,0.013707,-0.041780,-0.105387,-0.045907,0.177872,-0.087504,-0.120189,0.091754,-0.147170,0.057517,0.027355,0.074873,-0.268444,0.015858,-0.094869,0.063194,-0.106555,0.167582,0.128463,-0.096165,-0.078381,-0.105824,-0.106350,-0.355665,-0.114962,0.154183,0.031775,0.113206,-0.069528,-0.000202,0.000445,0.192882,0.178429,-0.119862,-0.095304,-0.031624,0.024587,0.236359,0.030500,0.110469,0.217934,-0.074987,0.043740,0.156377,-0.101844,-0.273856,0.119816,0.156251,-0.277600,-0.039829,0.158271,0.014806,0.014615,0.050272,0.027938,0.222704,-0.270182,-0.155046,-0.102159,0.014012,0.042000,-0.112158,-0.044247,-0.064031,-0.109351,0.230319,0.317846,0.000203,-0.029210,-0.105639,0.038688,-0.055504,-0.037252,0.118315,0.067709,0.291188,-0.342937,-0.052947,-0.182561,0.148195,-0.015100,-0.029166,0.205116,0.219431,-0.161797,-0.336327,-0.043962,-0.114656,-0.076160,0.040377,0.088132,0.067646,-0.154037,-0.166687,0.266700,-0.166598,0.138092,#
6,-0.136445,-0.016601,0.189144,0.374144,-0.084354,0.147468,1.000000,0.119259,0.061435,-0.047111,0.113673,0.041846,-0.029991,0.152650,-0.063182,-0.014120,0.136682,-0.029860,0.120442,0.089104,0.167757,0.005718,-0.081222,-0.123402,-0.028965,0.266937,0.193770,0.199784,0.177601,0.270891,-0.041700,0.182946,0.102657,0.193338,-0.173042,-0.010728,0.175360,0.012368,0.107454,0.172548,-0.031047,0.071028,-0.134732,0.117419,-0.185992,0.220350,0.009157,0.120544,0.031464,0.079298,0.133813,0.194592,0.146421,0.142018,-0.119750,0.186769,-0.156517,-0.084014,0.157668,0.317318,-0.032221,-0.155384,0.024226,0.291378,0.159289,0.150399,0.086011,0.220526,0.174079,0.070458,-0.001634,0.057398,0.032730,-0.072782,0.206767,0.186802,0.053089,0.312488,0.201867,-0.021818,0.117338,0.114235,0.262991,0.084074,0.185119,-0.000512,-0.033959,0.109407,-0.098793,-0.078399,0.146972,0.116508,-0.042345,0.031837,0.009388,0.174942,0.064463,-0.050624,0.189354,0.165231,0.240327,0.177672,-0.169757,-0.094217,-0.029363,0.276060,-0.126534,-0.078041,0.207121,0.155983,-0.081491,0.037192,0.144166,-0.165751,0.132148,0.121279,0.053596,0.061748,0.012267,0.213397,0.064643,0.153261,-0.155934,0.106936,0.079973,-0.024257,-0.058834,0.214845,-0.109031,0.128812,0.152920,-0.133028,0.111035,-0.006093,0.341627,0.205096,-0.049746,0.239336,0.216129,0.090662,-0.176190,0.064132,-0.029228,0.269185,-0.114859,0.045669,0.357095,0.035437,0.076909,-0.313080,0.052578,0.111678,0.097062,-0.071807,0.238353,0.029914,0.059935,0.078738,0.092260,0.046469,0.090978,0.239762,0.354431,0.290090,0.089551,-0.034108,-0.079340,-0.014703,0.219246,0.073999,-0.017746,0.016751,0.144418,-0.008240,-0.013460,0.092064,-0.006992,0.126209,0.364790,-0.236887,-0.115746,-0.037146,0.192356,0.307952,0.221629,0.193569,0.152226,0.010688,-0.187912,0.164732,-0.114391,0.013220,0.236815,0.146620,-0.008274,-0.085456,0.137035,0.224181,0.037909,0.219575,#
7,-0.076039,-0.013315,0.107003,-0.024238,-0.003624,-0.000406,0.119259,1.000000,0.043953,0.054611,0.107437,0.269473,-0.136026,0.072238,0.164453,0.129457,0.121617,0.377481,0.067077,0.117334,0.163350,0.313682,0.149778,-0.046766,0.071928,-0.017997,0.217558,0.288398,-0.042813,0.177682,-0.050245,-0.132803,0.012959,0.044134,-0.127072,0.047942,-0.227176,-0.233357,0.124475,0.068213,0.146382,0.205669,0.000159,0.112414,0.232026,0.208260,-0.046125,0.134650,0.064800,-0.002742,-0.038052,-0.041792,-0.135815,-0.056253,0.069519,0.082674,0.295944,0.249180,0.112699,-0.071523,0.233347,-0.067187,0.037942,0.111969,0.287724,0.046419,0.149960,-0.136641,0.102407,0.115906,0.094611,0.067582,0.208975,0.160553,-0.064859,0.081622,-0.114916,0.106107,0.031158,0.256329,0.256245,0.057403,0.180901,0.027597,0.029096,-0.104494,-0.005533,-0.189529,0.094321,0.264630,-0.056261,0.116122,0.095779,0.133766,-0.220743,-0.059491,0.009788,0.085106,-0.083533,0.086020,0.057616,-0.030463,0.011592,0.004528,-0.261942,0.209249,0.437111,0.002125,0.040878,0.144499,-0.092642,0.121410,-0.189990,-0.037735,0.339683,0.062807,-0.256094,-0.099130,-0.061914,0.278743,0.152188,0.074817,-0.068481,-0.011350,0.088223,-0.147824,-0.016611,0.145476,-0.003163,0.127199,-0.020545,0.142134,0.152325,-0.093407,0.464371,0.126964,-0.213645,0.455558,0.082684,0.099517,0.217020,-0.006279,-0.074056,0.077164,0.029215,0.121717,0.321833,0.038611,-0.084410,-0.106252,0.111274,0.072278,-0.038554,0.014056,-0.084191,0.162258,0.097999,0.044599,0.146331,0.074052,-0.039016,0.090423,0.189425,-0.064643,-0.086164,0.222924,0.203368,0.080331,0.103807,0.052775,0.007674,0.002569,0.069141,-0.051022,0.076586,-0.106869,0.020898,0.035786,-0.141231,0.047413,0.123135,-0.049003,0.068459,0.247408,-0.402867,-0.110474,-0.008661,-0.107405,0.039196,0.315983,0.203783,-0.073387,0.226637,0.015685,0.030022,0.087312,-0.051528,0.085701,0.252287,-0.024317,#
8,0.051388,0.159254,-0.080650,0.141684,0.300256,0.159920,0.061435,0.043953,1.000000,-0.076904,0.217358,0.027051,0.196788,-0.038437,0.220648,-0.185992,-0.112528,0.042102,0.069785,0.087940,0.132741,0.044678,-0.096358,0.244107,0.048943,0.046914,-0.006643,0.097977,0.093097,-0.033151,-0.290669,0.218917,0.141594,-0.223045,-0.139736,0.069658,0.224411,-0.195420,0.090597,-0.093375,0.191285,0.043676,0.021706,0.038444,0.207130,0.120407,0.031222,0.177677,0.182293,0.073370,-0.001584,0.247978,0.069290,0.321652,-0.026969,0.248262,0.170470,0.189359,-0.163997,0.108126,0.033209,0.129548,-0.010641,-0.190595,-0.037506,0.167788,-0.041345,-0.006065,0.288494,0.091510,0.113762,0.021548,0.182197,-0.167747,0.006538,0.009491,0.064609,0.174597,0.142147,-0.163510,0.246456,0.208853,0.144137,0.159329,0.257270,0.145284,0.065575,0.083698,0.251961,0.308773,0.143075,0.255662,0.010377,-0.199856,0.412572,0.215131,0.052891,-0.004825,0.254744,-0.000050,0.164325,0.078084,0.075639,0.109149,0.060442,0.033264,0.096880,0.232198,-0.188304,0.198615,0.070949,0.030616,-0.071124,0.217794,0.052353,-0.009890,0.001755,0.223633,0.027150,0.234343,0.338728,0.096851,0.236023,0.016785,0.084049,0.144266,0.022881,0.143805,-0.145337,0.186734,0.133711,-0.066881,0.116283,0.276621,0.162003,-0.014833,-0.048984,0.079700,0.399663,0.184425,0.353474,0.188564,0.072621,-0.060774,-0.113579,-0.148399,0.292525,0.049961,-0.149228,-0.072406,0.261706,-0.073250,0.090170,-0.100249,0.151852,0.306423,0.233589,0.094613,0.091055,0.140734,-0.092836,0.044308,-0.112886,0.204062,0.043413,0.031699,0.130588,-0.083032,0.162076,0.059567,0.083333,0.172324,-0.003377,0.071330,0.132645,-0.116986,-0.034121,0.163621,0.378760,-0.080145,-0.028071,0.230413,-0.142324,-0.120286,0.000000,0.085802,-0.060366,-0.004667,0.058293,0.346431,0.224404,-0.040010,0.251429,-0.016652,0.274695,0.000000,0.117099,-0.036129,-0.134705,-0.000324,#
9,0.006165,-0.099266,-0.095533,-0.127211,-0.171358,0.014156,-0.047111,0.054611,-0.076904,1.000000,0.216631,-0.210658,-0.094893,0.271652,0.014619,-0.055448,-0.082863,-0.243264,-0.348933,0.189372,-0.181251,-0.011365,-0.030854,-0.103311,-0.204491,-0.102230,0.318199,0.018754,0.077033,-0.186438,0.238604,0.129874,0.020626,0.076751,0.270191,-0.058045,-0.205357,0.161362,-0.051991,-0.261168,0.207222,0.041848,0.003387,-0.204725,0.050099,-0.058155,0.007380,0.075291,0.049733,-0.043582,-0.085252,0.177079,-0.335267,-0.056974,0.056861,0.156139,0.022067,0.129850,0.066001,-0.070405,0.177111,-0.099102,0.082444,-0.053196,0.225591,0.014688,-0.180044,-0.121851,-0.005459,-0.079347,0.109411,0.100173,0.019561,-0.004582,0.153229,-0.011812,0.009595,-0.090397,0.238975,-0.040863,-0.150052,0.184749,-0.160120,0.023236,0.121707,0.184873,0.056815,-0.052674,-0.325213,0.006072,-0.082038,-0.147381,0.009834,-0.191966,-0.103049,0.003633,0.026142,-0.069621,0.027884,0.006150,0.212917,0.240755,0.187465,-0.012541,0.258599,0.045245,0.053665,-0.053274,0.294229,-0.089592,-0.288170,-0.132914,-0.155082,0.112998,0.095165,-0.172713,-0.175135,0.118249,0.073672,-0.104026,0.215891,0.141130,-0.057928,0.178668,-0.057430,0.065368,-0.266495,0.050933,0.009200,0.220231,0.100907,-0.155179,-0.171429,0.049177,0.017889,0.105796,0.166763,0.117723,0.201103,-0.222711,-0.012995,0.160982,-0.032212,-0.058701,-0.141612,0.116193,0.243095,-0.015090,-0.008594,0.389350,0.055771,-0.241091,0.260304,-0.062064,-0.057879,0.118837,0.071937,0.133611,0.365200,-0.093345,-0.028713,0.093380,-0.170167,0.244439,-0.076709,0.088014,-0.070019,0.044838,0.408193,0.057456,0.001187,0.165869,-0.029645,0.163473,-0.002037,-0.015104,0.115134,-0.148367,-0.074951,-0.044390,-0.042375,-0.003777,0.062511,0.111093,0.000000,-0.044945,-0.003916,0.211759,0.020858,-0.102595,0.151192,0.066732,-0.187881,0.153188,-0.154249,0.133614,0.165307,-0.132907,0.138430,0.066464,#
10,0.113522,0.230520,-0.036089,0.252107,-0.207437,0.137756,0.113673,0.107437,0.217358,0.216631,1.000000,-0.008666,-0.166168,0.224486,0.105927,-0.050121,-0.060914,0.017146,0.032605,0.000019,-0.176107,0.186193,-0.194376,0.000088,-0.027703,-0.136019,0.272840,0.236525,0.250608,0.143005,0.275170,0.240905,0.158056,0.108408,-0.086394,-0.027473,-0.071742,0.104664,0.387959,0.226943,0.029996,0.074076,0.021177,0.033045,-0.274476,0.071215,0.008961,0.194833,0.154381,0.024921,-0.068669,0.108328,-0.070310,0.053985,-0.101278,0.317340,0.063341,0.046133,-0.168168,0.160507,-0.148625,-0.074501,0.130306,0.032238,0.357051,0.319889,-0.123072,-0.067969,0.153455,0.162897,0.157401,0.125516,0.312672,0.074022,0.000369,0.043248,0.237120,-0.161873,0.142831,0.160500,0.105696,-0.019139,0.266422,0.235746,0.267670,-0.103870,0.150685,-0.014936,0.042735,0.067034,-0.285580,0.015587,0.138589,-0.031301,0.076478,-0.009951,0.193151,-0.196559,0.053304,0.037862,0.112901,0.052865,0.159110,-0.130287,0.067565,0.000070,0.161391,0.213529,0.132223,0.088036,-0.081324,0.060683,-0.229977,-0.000423,0.357631,0.085110,0.025906,0.084805,0.143323,0.081203,0.080812,0.331481,-0.043771,0.167592,-0.018537,0.135180,-0.090718,0.122241,0.000394,0.271169,0.382249,-0.037191,0.000064,0.205244,0.080287,0.060031,-0.087471,0.253496,0.324073,-0.146376,0.216510,0.040005,0.272538,0.108809,-0.198940,0.023603,0.287420,-0.015330,-0.165941,0.087438,-0.007633,0.178827,0.214109,-0.126834,0.249636,0.184633,0.066800,-0.187419,0.237723,0.093324,0.140671,-0.031565,0.348496,0.074670,0.042671,-0.024211,0.034415,0.168278,0.180409,0.139114,0.275779,0.220037,-0.048602,0.062422,-0.139461,0.060180,0.149650,-0.000413,-0.007300,-0.055431,0.075729,0.113539,0.103118,-0.087297,0.015177,0.187057,-0.083238,-0.109756,0.110765,0.220648,0.148185,-0.064318,0.057018,0.034056,0.225290,-0.014606,0.032212,0.050021,0.317230,0.163941,#
11,-0.143390,0.119351,0.183656,0.145264,-0.122667,-0.046627,0.041846,0.269473,0.027051,-0.210658,-0.008666,1.000000,0.075013,-0.159995,-0.230843,0.015040,-0.037699,0.285761,0.221012,-0.100830,-0.017373,0.054979,-0.218408,0.037833,0.281225,0.132070,-0.038466,0.076995,-0.355215,0.107926,0.080907,-0.074008,0.079810,-0.050622,0.043039,0.115064,0.029156,-0.148663,0.195060,0.034875,-0.156620,0.221798,0.233547,0.250314,-0.027197,0.128757,0.041505,0.013132,0.084263,0.041112,0.232474,-0.043236,0.042450,0.115954,-0.290693,-0.204544,0.310898,0.210723,0.137884,-0.126433,-0.261029,-0.004989,0.121531,0.186623,-0.111632,0.157835,0.022396,0.287874,-0.035306,0.104425,-0.049019,-0.141729,0.257518,-0.072047,-0.121435,0.210164,-0.041119,-0.113428,0.037365,0.212510,0.136276,-0.140521,0.183934,0.204354,0.135431,-0.242663,0.048471,0.129965,0.183424,-0.012611,0.109811,0.191055,0.244344,0.496828,-0.079683,0.021025,-0.044509,0.067763,-0.033567,0.076353,0.101180,0.021730,-0.112543,0.142565,-0.036557,0.224880,0.206425,0.184311,0.116275,0.002066,0.178589,0.135604,0.035104,0.058798,-0.152427,0.187474,-0.068964,0.055054,-0.040063,-0.028434,-0.018617,0.015801,0.212936,0.063137,0.244275,0.011542,0.091992,0.278952,0.060102,0.091831,0.014868,0.197290,0.177231,0.192685,0.126604,-0.023318,-0.462860,0.345689,-0.016739,0.148895,0.018374,0.105635,0.177773,0.047602,0.000877,-0.109186,-0.031306,-0.101487,-0.081415,-0.142722,-0.013084,0.281644,0.018817,0.160660,0.049241,0.104070,-0.004540,-0.244919,-0.036778,0.079121,-0.001795,0.103631,-0.024632,-0.171355,0.022926,0.026817,0.403126,0.050138,0.206503,-0.062607,0.001378,-0.071395,-0.294424,-0.155259,0.033710,0.109649,0.185194,0.109676,-0.002916,-0.107135,0.124442,0.158018,-0.174212,-0.020508,-0.182870,-0.007564,0.071664,0.051445,-0.100595,0.057031,0.090004,0.030699,0.230086,0.049139,0.139075,0.054253,0.007763,0.044728,0.039462,-0.015033,#
12,0.027774,0.064039,-0.003476,0.089172,0.305704,0.171340,-0.029991,-0.136026,0.196788,-0.094893,-0.166168,0.075013,1.000000,-0.139360,0.118145,-0.114126,0.297756,-0.097749,-0.027119,0.261861,0.137843,-0.090203,0.163637,0.186182,0.018329,0.175214,0.066282,0.024552,-0.035444,0.269401,-0.112118,0.245816,0.026358,0.167186,0.040200,0.265651,0.176172,-0.018009,0.146822,-0.077417,0.173257,0.016988,0.183791,0.147438,0.359181,0.177118,0.216192,-0.111457,0.149089,0.106922,0.327107,0.177764,0.197360,0.199902,0.038260,0.041453,0.134042,0.051617,0.081637,-0.063134,-0.130262,0.152073,0.105517,0.100775,0.074592,0.153335,-0.029003,0.044712,0.074226,0.042588,0.061386,0.138269,-0.033669,-0.029073,0.208801,0.013063,0.210209,0.087154,0.220848,-0.014003,0.076474,0.250512,-0.005637,-0.017692,0.189269,0.157348,-0.036070,0.381742,0.212476,-0.045993,0.321218,0.376290,-0.047856,0.234568,0.249706,0.082076,0.184996,-0.015010,0.015649,0.007239,0.184092,0.219995,-0.023628,-0.078743,0.235017,0.047484,0.066975,-0.132822,-0.071850,0.019268,0.383308,-0.148507,0.045611,0.364219,-0.050874,-0.186270,-0.085624,-0.018090,0.174864,-0.028691,0.076221,-0.061830,0.297778,0.047067,0.164949,0.190080,0.184025,0.049301,0.022124,0.107593,0.168961,-0.002270,0.187108,0.017926,-0.019534,0.039797,0.046108,0.127401,0.153115,0.134837,0.140414,-0.179165,0.059042,0.045352,-0.211867,0.145939,-0.112175,0.048388,0.016864,-0.132059,-0.077300,0.200714,0.048532,0.168603,-0.024702,-0.150088,0.100571,-0.159390,-0.011614,0.055709,-0.153570,0.227914,0.063456,0.270842,-0.077181,-0.082086,0.194466,-0.017906,-0.017482,0.131871,0.059921,-0.134624,-0.045230,0.075620,0.152758,-0.179961,0.175360,0.289945,0.209515,0.217168,0.003075,0.138203,0.196200,-0.027994,0.084495,0.088540,0.096824,0.174997,0.054723,0.099821,-0.006108,-0.189980,-0.072279,0.033935,-0.195405,0.000000,0.194819,0.289601,0.088942,0.022407,#
13,0.121207,0.117243,0.258934,0.059773,-0.029657,0.145603,0.152650,0.072238,-0.038437,0.271652,0.224486,-0.159995,-0.139360,1.000000,0.163721,0.014930,0.227604,-0.167334,0.165599,0.300185,-0.015184,0.112581,-0.111094,0.107946,0.070072,0.271468,0.508600,0.119212,0.118334,0.073853,0.204220,0.140808,0.218240,0.229964,0.213148,0.075089,-0.133295,-0.055488,0.172341,0.100109,-0.165360,0.081776,0.234343,0.114784,-0.098382,0.105132,0.116430,0.262567,0.045036,0.212544,0.103057,0.181195,0.079911,-0.043290,0.050666,0.243303,-0.009218,0.051842,0.006396,0.238611,0.167922,-0.008908,0.175768,0.027875,0.103696,0.103166,0.283484,0.177533,0.319551,0.034194,-0.100684,0.002108,0.094779,-0.044501,0.179090,-0.047410,0.232531,0.236810,0.235026,-0.092769,0.037182,0.276614,-0.017003,0.515318,0.228973,-0.071096,0.196263,0.117575,0.192328,0.012559,0.018120,0.089981,0.039135,0.106633,-0.185041,-0.019502,0.315982,-0.148583,0.136527,0.186197,0.198907,0.299022,0.119063,0.220613,0.059516,0.128827,0.093442,0.108473,0.272283,0.038488,-0.152919,-0.008913,0.251407,0.032522,0.276894,0.033794,0.298586,0.091615,-0.033414,0.040278,0.273833,0.133878,0.096765,0.209408,0.234691,-0.048417,-0.071370,-0.156496,0.159675,0.257186,0.167268,-0.012333,-0.079690,-0.012110,0.303470,0.050621,0.014346,0.077969,0.450165,0.141344,-0.093824,0.024785,0.357033,0.374799,0.187020,0.167589,0.280059,0.226166,-0.069916,0.200420,0.083232,0.026450,0.066908,0.249454,0.191836,0.319588,-0.165298,0.342009,0.247784,0.023300,-0.123626,0.361847,0.087053,0.335908,0.036566,-0.078560,0.001147,0.039562,0.210133,0.192893,0.039874,0.265610,0.166007,-0.053429,-0.132343,0.201530,0.093593,0.043819,0.264885,-0.276430,0.219918,0.154677,0.189037,0.180318,-0.052547,0.046284,0.244176,0.216182,-0.036920,0.133166,0.019272,0.204219,0.159551,-0.056815,-0.007759,0.050571,-0.157704,0.198727,0.145472,0.194616,#
14,0.111848,-0.052288,-0.067557,0.071547,-0.040572,0.255310,-0.063182,0.164453,0.220648,0.014619,0.105927,-0.230843,0.118145,0.163721,1.000000,0.175572,0.135248,-0.046421,0.081318,0.205868,0.042696,0.044073,0.025026,0.319955,-0.064774,-0.028081,0.182532,0.295098,0.017954,0.172869,-0.212722,0.075034,0.012997,-0.074484,0.224452,0.038291,0.064725,0.081307,0.048465,0.111372,0.321473,-0.100843,0.220743,-0.100996,0.159753,0.293514,0.014952,0.109384,0.072216,0.195931,0.258809,0.014109,0.195299,0.085819,0.219755,0.220095,0.119793,-0.188052,-0.134370,0.097320,0.348603,0.049394,0.032213,-0.182040,0.120555,0.061598,0.121531,0.057027,0.170297,0.027900,0.150227,-0.030128,0.090114,0.439262,0.202431,0.127190,0.132576,0.104829,0.036193,0.068002,0.293592,0.075833,0.096232,0.095336,-0.045821,0.166232,0.037065,0.017172,0.124436,0.084656,0.358983,0.232120,-0.042711,0.033935,0.118124,-0.174674,0.147357,-0.084249,0.002516,0.093022,0.121793,0.271736,0.064132,0.216826,0.000029,0.010128,0.282744,0.151042,-0.031301,0.217183,-0.246158,-0.155554,-0.106684,0.121774,0.167837,-0.126084,0.002296,0.154006,0.122159,0.144479,0.303845,0.189837,-0.022180,0.050003,0.152187,-0.063307,0.141599,-0.023033,0.081092,0.335095,0.117292,0.177132,0.081122,-0.164982,-0.007594,0.005166,-0.105729,-0.033872,-0.000303,0.065521,0.360656,0.131447,0.048489,0.115193,0.046879,0.361378,0.281206,0.051124,-0.085472,0.131473,0.191738,0.048631,-0.183929,-0.042011,0.126410,0.201130,0.268622,0.170508,0.078558,0.090023,-0.182681,0.166257,-0.012833,0.139825,0.184001,-0.065469,-0.019575,-0.062621,0.045323,0.257020,0.291403,0.279744,0.047032,0.043211,0.160701,-0.167925,0.153282,0.274160,0.290241,0.089498,0.068837,0.123600,0.190161,0.036507,0.000000,-0.003116,0.071717,-0.253300,0.104182,0.324809,-0.000297,0.091091,0.082655,0.168522,-0.089061,0.024717,-0.125798,0.171510,0.150551,-0.059345,#
15,0.055980,-0.168992,0.197437,-0.002250,0.016097,-0.126359,-0.014120,0.129457,-0.185992,-0.055448,-0.050121,0.015040,-0.114126,0.014930,0.175572,1.000000,0.092821,0.222014,0.103620,0.001970,0.140390,0.003719,-0.145612,0.231357,0.018545,0.358167,0.144916,0.006793,0.195131,-0.148359,0.015914,-0.024137,0.128101,0.154693,-0.046685,-0.309570,-0.214158,-0.088449,0.049661,-0.049792,0.033123,0.044271,0.264495,-0.016917,0.146128,0.049723,-0.184878,-0.029116,-0.116541,0.183693,-0.048011,0.119679,-0.010888,-0.049600,0.065573,-0.014895,0.093052,-0.048459,0.017604,0.231067,-0.009145,-0.166246,0.047092,-0.191611,-0.004261,-0.074094,-0.059565,0.087013,0.089801,-0.060823,0.177804,-0.064929,-0.047972,0.079518,0.021553,0.062512,-0.194729,0.140576,-0.208444,0.198517,0.093840,-0.131964,0.070461,0.373459,-0.061708,-0.001545,-0.022291,0.004561,0.200084,0.178143,-0.023997,0.118526,0.151539,0.166376,-0.169338,-0.307971,0.150378,-0.109095,0.114222,0.063431,0.048388,-0.026832,-0.170389,-0.106489,-0.322741,0.003879,-0.021295,0.024557,-0.030178,0.226360,-0.072594,0.264722,0.018404,-0.092290,-0.022362,0.126296,0.008891,-0.344788,-0.085117,-0.028462,0.110006,0.241600,-0.045930,0.109184,0.150307,-0.387499,-0.025490,-0.006367,-0.010884,-0.046531,0.122279,0.168698,-0.130196,-0.010035,-0.006670,0.087874,-0.114147,-0.057916,-0.103617,-0.095336,-0.156606,0.147296,-0.129715,-0.097194,0.223356,0.020094,-0.011237,0.091808,0.383278,-0.016729,0.058940,-0.168501,-0.042601,0.202231,-0.226049,0.301497,-0.045110,0.072090,0.111282,0.030358,-0.216934,0.016952,0.175778,0.084326,0.031606,0.089685,0.086782,0.062288,-0.057463,-0.068125,-0.192933,-0.107782,0.160224,-0.189478,0.045367,-0.347819,0.293937,-0.050705,-0.085911,0.132586,0.245616,0.050841,-0.004001,0.176539,-0.099743,-0.168595,-0.040401,0.047935,-0.038729,0.058249,-0.230753,0.015677,-0.007264,0.010025,-0.115901,-0.054373,-0.040094,0.124561,-0.038018,-0.232833,#
16,0.024729,0.173746,0.095822,0.028510,0.024415,-0.028869,0.136682,0.121617,-0.112528,-0.082863,-0.060914,-0.037699,0.297756,0.227604,0.135248,0.092821,1.000000,0.064241,0.045691,0.405498,0.280140,0.309083,0.077155,-0.019333,-0.143586,0.250878,0.212013,0.029917,0.134377,0.232203,0.057698,0.272096,-0.098864,0.309179,-0.017176,0.105018,0.037790,-0.153522,0.217068,0.047610,-0.138439,0.151544,0.189229,0.079597,0.169749,0.426898,0.091305,0.032862,0.136640,-0.079450,0.132147,0.088415,0.347420,0.036978,0.221854,-0.060881,0.110975,-0.084656,0.069394,-0.141006,-0.052012,0.295461,0.312225,0.201771,0.114667,0.027232,-0.013702,0.437670,0.183361,0.102510,-0.090979,0.214910,0.341719,-0.117401,0.004294,0.103266,0.117402,0.319652,0.134590,-0.008035,-0.018791,-0.001423,0.024558,0.090954,0.172212,-0.068869,0.117462,0.095557,0.106976,-0.014209,0.167760,0.357874,-0.003990,0.112200,0.000501,-0.170852,0.180100,0.041244,-0.025688,0.105457,0.111426,0.008932,-0.302855,-0.056403,0.076465,0.123582,-0.012350,-0.166977,-0.079441,0.142496,0.261326,0.015599,0.051104,0.141441,0.143505,0.372204,-0.056354,-0.021937,-0.070594,0.331173,0.062450,0.111540,-0.047768,0.103027,0.195200,-0.111509,0.119809,-0.138906,-0.018883,0.098149,0.097801,-0.110329,0.375922,-0.171659,0.271810,0.234761,-0.150512,0.336894,0.241505,0.292357,-0.043617,0.095657,0.014469,0.058977,0.197828,0.134752,0.057812,0.208312,0.213922,-0.047125,-0.118093,0.249250,0.011295,0.027874,0.262512,0.016841,-0.068855,0.078360,-0.010300,-0.035619,-0.023936,0.290847,0.223080,0.284508,0.056911,-0.044330,0.165283,-0.029806,-0.101549,0.116438,-0.070564,-0.030363,0.117397,-0.003352,-0.001383,0.044677,-0.074194,0.090788,0.250994,0.022842,0.158997,0.194682,0.146825,-0.043195,-0.128785,0.029728,0.297640,0.100691,0.103883,0.182613,0.270687,-0.338817,-0.056733,0.096915,0.059711,0.210398,-0.267425,0.254565,-0.042417,0.185145,#
17,0.068456,0.179146,-0.122207,-0.002096,-0.069378,-0.170772,-0.029860,0.377481,0.042102,-0.243264,0.017146,0.285761,-0.097749,-0.167334,-0.046421,0.222014,0.064241,1.000000,-0.026904,0.118779,0.272286,-0.050276,0.071025,0.005096,0.102712,0.161619,0.002837,-0.068511,-0.035400,0.197586,-0.012605,0.002212,0.140165,0.031882,-0.174279,0.037574,-0.194537,-0.120943,0.315215,-0.077424,-0.020509,-0.064121,-0.159931,0.147948,0.094359,0.209282,0.133411,-0.052105,-0.129447,-0.012870,-0.031410,-0.032470,-0.010500,0.006276,0.051573,0.140004,0.320174,0.185055,-0.095316,0.001617,0.085203,0.031495,0.252306,-0.159108,-0.035815,0.054342,-0.028993,0.085751,-0.013482,0.055497,-0.053020,0.088029,0.132339,-0.122702,-0.083672,0.156767,-0.191956,0.086873,-0.204549,0.227996,0.028602,0.008213,0.477136,0.216342,-0.001604,-0.232907,0.006627,0.179550,0.103934,0.255916,0.048093,0.102622,-0.029794,0.149180,-0.213459,-0.202330,0.000946,0.208673,-0.048918,0.062513,-0.089001,-0.122425,-0.072138,0.052110,-0.169765,0.192639,0.169154,0.067300,-0.071988,-0.067432,0.016219,0.291529,-0.162656,0.189932,-0.050945,0.193273,-0.274392,-0.017640,-0.083987,0.162463,-0.166867,0.079258,0.126351,0.122498,0.165129,-0.218963,-0.084696,0.118367,0.005669,-0.060775,-0.013395,0.065626,0.108466,0.045049,0.179912,0.086587,-0.097750,0.310989,0.078470,0.182593,-0.138026,0.041641,-0.047889,0.129379,0.177132,0.061955,-0.028039,-0.021792,-0.031429,-0.088727,0.042759,-0.123238,-0.119590,0.152896,0.046088,0.268864,0.004141,-0.132506,0.189879,0.147011,0.085211,0.101046,0.241598,0.015777,0.047017,0.187361,0.101265,0.233412,0.035021,-0.139268,0.147277,-0.007018,-0.132597,-0.111482,0.098961,-0.269898,0.075165,0.028455,-0.285335,0.159481,-0.066073,0.196824,0.038484,-0.041996,-0.182668,-0.222645,-0.085291,0.004493,0.007963,0.356509,0.120291,-0.013798,0.096048,-0.075603,0.179754,-0.067411,-0.010067,-0.031773,-0.060478,-0.110700,#
18,0.143711,-0.068420,0.051737,0.155844,0.288723,-0.084915,0.120442,0.067077,0.069785,-0.348933,0.032605,0.221012,-0.027119,0.165599,0.081318,0.103620,0.045691,-0.026904,1.000000,-0.122056,0.252470,0.125892,-0.122457,0.312573,0.266087,0.068161,0.092103,0.386582,-0.007678,0.091403,0.152912,-0.170539,0.053307,-0.049431,0.063242,0.177754,0.323862,0.038626,0.044283,0.322428,-0.064257,0.302160,0.108285,0.163685,0.165974,0.000072,0.110008,0.054596,0.107857,0.237544,0.198949,-0.136938,0.213149,0.307602,0.027819,0.075209,0.142149,0.010120,0.014256,-0.147247,-0.082567,-0.108130,0.114342,-0.029723,-0.085436,0.021186,0.190836,0.244827,-0.009580,-0.093627,-0.138905,-0.091629,0.058653,-0.002114,-0.110830,-0.050446,-0.069760,0.142092,0.168573,0.066434,0.188445,-0.106919,-0.016381,0.336496,0.212314,-0.084063,0.140543,0.001179,0.251649,0.060819,0.303491,-0.024646,-0.012453,0.328957,-0.000461,0.098416,0.231869,0.137031,-0.020504,0.266711,-0.004630,0.097578,0.079111,0.166802,0.083176,0.202117,0.021936,0.048702,0.138285,0.323700,0.209296,0.299856,0.113175,0.116466,0.039775,0.035790,0.042248,-0.252851,0.066072,0.156206,0.030228,0.179411,0.061288,-0.043889,0.216571,-0.024376,0.286937,-0.000701,0.285418,-0.035710,0.242061,0.223716,0.079957,0.100431,0.143078,-0.382192,-0.183449,0.161098,0.102012,0.170716,0.152042,-0.127273,0.071669,-0.008850,0.111820,0.057664,-0.031197,0.092058,0.115006,-0.086202,-0.125289,0.190736,-0.024964,-0.041525,0.097196,0.172094,0.227348,0.077825,-0.178548,0.497611,0.097651,0.056776,0.102582,0.051776,0.090887,0.007764,0.153472,0.131266,-0.155506,0.006737,-0.118528,0.041246,0.261396,-0.086145,-0.181772,0.164321,0.115260,0.124261,0.331218,-0.043318,0.052322,0.020045,0.171587,-0.065632,0.011247,-0.024147,0.138659,0.144981,-0.026238,0.222480,-0.011398,0.247278,0.205617,-0.040938,0.044420,-0.126793,-0.063086,0.292415,0.237504,-0.014716,#
19,0.082998,0.355698,0.030773,0.272438,0.272440,-0.093941,0.089104,0.117334,0.087940,0.189372,0.000019,-0.100830,0.261861,0.300185,0.205868,0.001970,0.405498,0.118779,-0.122056,1.000000,0.254112,0.295112,0.200436,0.202850,-0.091120,0.482237,0.367241,0.145931,0.023141,0.166422,0.117242,0.346647,0.125831,0.306443,-0.006804,0.201898,-0.049136,-0.070870,0.440896,0.050902,0.049289,0.204122,0.006765,0.073808,0.284597,0.347365,0.344088,0.525141,0.041779,0.119558,0.232252,0.210840,0.070508,0.302808,0.253931,0.160394,0.195668,0.036940,0.177153,0.021261,0.268707,0.150299,0.283258,0.202993,0.363027,0.097220,-0.051063,0.298428,0.173638,0.310732,0.126840,0.235067,0.246219,-0.066534,0.295047,0.425722,0.090373,0.299466,0.408527,-0.048227,0.144312,0.318943,0.161408,0.141877,0.325804,-0.203054,0.264911,0.256696,0.230482,0.259920,0.149783,0.320325,0.094557,0.014433,-0.033678,0.053412,0.059864,0.139275,-0.107826,0.129592,0.216289,0.162537,0.164336,0.262375,0.321576,0.258074,0.121950,0.295949,0.045299,0.063623,0.171981,0.035671,0.003964,0.286454,0.240420,0.071194,0.185114,0.201317,0.136252,0.009729,0.320420,0.142541,0.372065,0.281255,0.341624,0.058802,0.271834,0.198748,-0.098443,0.304268,-0.107638,-0.134381,0.301345,0.196638,0.170648,0.161212,0.010040,0.361320,0.386607,0.247243,0.009061,0.151865,0.087641,0.119078,0.116038,0.107319,0.174876,0.214008,0.299470,-0.046795,0.080903,0.104154,0.007898,0.131898,0.324144,0.127050,0.094649,0.088568,0.108193,0.015011,0.050740,0.386305,0.253108,0.293252,0.214533,0.169347,-0.118561,0.207184,0.283962,-0.010775,0.136485,0.136508,0.134170,0.116277,0.099389,0.059120,0.290894,0.268644,0.117191,0.009828,-0.083857,0.404569,0.233653,0.059537,0.061053,0.019198,0.207395,0.367832,0.184962,0.246425,0.264086,0.085965,-0.071248,0.099201,0.126947,0.304054,0.130570,0.268034,0.056557,0.270181,#
20,0.113972,-0.036766,0.247457,0.158127,0.246313,-0.086650,0.167757,0.163350,0.132741,-0.181251,-0.176107,-0.017373,0.137843,-0.015184,0.042696,0.140390,0.280140,0.272286,0.252470,0.254112,1.000000,0.001976,0.167263,0.103490,0.283621,0.226314,0.050939,0.096176,-0.019787,0.285898,0.071578,0.007719,-0.025635,0.059583,-0.073822,-0.051928,0.124852,-0.327866,-0.004623,-0.019544,0.214285,0.331271,-0.018305,0.040341,0.365782,0.071091,0.230672,0.095430,0.115688,-0.032445,-0.027010,0.098587,0.234154,0.126607,-0.015775,-0.047692,0.153755,0.009843,0.179238,-0.161492,0.227028,0.026171,0.255361,0.136171,0.172567,0.037218,0.057627,0.154304,0.244285,0.138095,-0.005994,0.267503,0.073117,-0.083147,-0.072550,-0.171050,0.066022,0.452769,0.317864,-0.088890,0.192799,-0.101769,0.130717,0.051237,0.063619,0.160184,0.163370,0.167491,0.187656,0.064009,0.194458,0.155750,0.122343,0.019489,0.015863,-0.020105,0.327970,0.130734,0.043973,-0.073719,0.048624,-0.015184,0.084099,0.239809,0.085386,0.131135,-0.061153,0.068999,-0.001581,0.204479,-0.015719,0.047948,-0.082801,0.202527,0.067255,0.136186,0.065898,-0.214713,-0.234112,0.253408,0.150427,0.151962,0.018097,-0.167887,0.100551,-0.144885,0.210095,0.111684,-0.089466,0.153739,0.039648,0.101263,0.205964,-0.051450,0.255450,0.143892,0.225884,0.181061,0.269417,0.115019,0.113535,0.022398,0.010396,0.071941,0.226578,0.065394,-0.174843,0.269053,0.430640,0.046649,0.099192,-0.068951,-0.124121,-0.077159,0.048470,0.016930,0.311407,0.024470,0.157885,0.364613,0.055568,0.165644,0.240832,0.247607,0.164155,0.080294,-0.030349,0.247770,0.026399,-0.168644,0.057573,0.114393,-0.139227,-0.069044,-0.005221,-0.030046,0.057097,-0.020857,0.220230,0.144698,0.030041,0.142331,-0.026499,0.144512,0.031373,-0.266313,0.145952,0.128629,-0.013264,0.349412,-0.065550,0.171996,0.161475,-0.021982,0.245238,0.120771,-0.071858,0.311695,0.030145,-0.012440,#
