0,1.000000,0.200536,0.369197,0.203477,0.051858,0.314097,0.188170,0.265872,0.280924,0.187492,0.165180,0.368347,0.194368,-0.061631,0.576797,0.096381,0.177411,0.275406,0.175927,0.204840,0.269344,0.085658,0.227201,0.270117,0.196853,0.148255,0.110727,0.305557,0.055352,0.323138,0.230927,0.147885,0.037584,0.079994,0.369247,0.223677,0.237009,0.127307,0.189689,0.185021,0.288397,0.073346,0.360705,0.299611,0.215130,0.024158,0.154376,0.419072,0.144948,0.295567,0.088461,0.159220,0.379327,0.405234,0.092623,0.136582,0.037861,0.147877,0.036163,0.144115,0.399041,0.197499,0.282789,0.291197,-0.081574,0.479036,0.243318,0.268262,0.019933,0.121044,0.206133,0.023075,0.268410,0.176730,0.246524,0.018654,0.250636,0.310512,0.132546,0.044668,0.163270,0.065654,0.125186,0.131043,0.263545,0.367698,0.032504,0.086512,-0.147420,0.083173,0.226221,0.319966,0.147692,0.372240,0.401424,0.280020,-0.006521,0.156884,0.247957,0.167879,0.210739,0.290260,0.199240,0.112453,0.205306,0.055223,0.141151,0.280320,0.233712,0.255358,0.233432,0.103731,0.247238,-0.126877,0.069776,0.357669,0.125023,-0.063854,0.200983,0.215010,0.133564,0.513398,0.246242,0.286858,0.208072,0.047720,0.062997,0.108731,0.116204,0.058305,-0.107612,0.346157,0.260777,0.063360,0.128342,-0.009596,0.195115,0.237468,0.159710,0.322507,0.033372,0.204206,-0.020152,0.364780,0.510952,0.043042,0.040571,0.278117,0.382680,0.373058,0.260282,-0.240108,0.151550,0.346210,0.054548,0.203487,-0.182200,0.084788,0.242532,0.327125,0.390890,0.334653,0.002793,0.197770,-0.046013,0.311849,0.363932,0.152482,0.276170,0.287270,0.206095,0.139994,0.185625,0.260691,0.451650,-0.096850,0.239426,0.234034,0.181307,0.307581,-0.010851,0.364107,0.060022,0.262747,0.140900,0.050081,0.267517,0.379227,0.198567,0.294833,0.169122,0.346891,0.348103,0.214857,-0.030909,0.035922,-0.030364,0.186547,0.351572,0.184047,#
1,0.200536,1.000000,0.020910,0.348500,0.326968,0.457006,0.084771,0.172968,0.155460,0.188538,0.228204,0.283967,0.201689,0.239299,0.391372,0.208649,0.103553,0.021851,0.174311,0.364903,0.363855,0.421728,0.396431,0.412114,0.239451,0.096811,0.358808,0.187523,-0.022993,-0.043554,0.380847,0.347939,0.257208,0.398881,0.335916,0.226958,0.043499,0.190340,0.222886,0.219658,0.193873,0.248930,0.049753,0.286984,0.087061,0.272103,0.400198,0.310334,0.404437,0.308525,0.245454,0.382747,0.427653,0.128367,0.228223,0.152321,0.078938,0.361680,0.394700,0.320497,0.031356,0.288216,-0.024191,-0.006840,0.123441,0.240289,0.298806,0.456300,0.231359,0.230667,0.082862,0.199975,0.423883,-0.016230,0.132171,0.175869,0.157530,0.268006,0.293256,0.055845,0.142966,0.202944,0.508321,0.266173,0.260386,0.148605,0.080636,0.135041,0.265794,0.327829,0.224808,0.182545,0.174212,0.224557,0.010281,0.077196,0.250602,0.187055,0.023438,0.204948,0.180361,0.440886,0.161323,0.263039,0.188702,0.056260,0.267026,0.322409,0.061234,0.025206,0.297634,0.184916,0.134757,0.114430,0.205626,0.262453,0.435239,0.319690,0.202456,0.070498,0.488955,0.360785,0.387566,0.199973,0.056100,0.083314,0.250067,0.325556,0.377951,0.313152,-0.025883,0.318223,0.177126,0.288738,0.344277,0.085951,0.140779,0.211340,0.342443,-0.023255,0.076475,0.132168,0.211951,0.034867,0.208346,0.242553,0.193749,0.101877,0.336465,0.418171,0.348744,0.131838,0.247787,0.241273,0.381246,0.091285,0.097620,0.242744,0.143843,0.126237,0.134186,0.427796,0.203315,0.373677,0.307273,0.191135,0.164232,0.361080,0.122341,0.298068,0.075917,0.178240,0.218674,0.447728,0.206044,-0.066860,0.249361,0.168414,0.230562,0.363017,0.011390,0.235424,0.110477,-0.031512,0.110274,0.342070,0.182532,-0.017693,0.148427,0.101603,0.253967,-0.008024,0.158095,0.217294,0.442469,-0.083082,0.053211,0.151697,0.264748,0.324232,#
2,0.369197,0.020910,1.000000,0.269606,0.108597,0.221683,0.020280,0.359386,0.185395,0.323288,0.217185,0.086000,0.049894,0.045353,0.405231,0.034484,0.238214,0.080757,0.043706,0.273564,0.159868,0.142109,0.009961,0.282107,0.102686,-0.000302,0.219584,0.313695,0.367889,0.264868,0.172388,0.171787,0.118963,0.102797,0.169323,0.206876,0.380440,0.030218,0.313149,0.004647,0.298035,0.282795,0.243037,0.185155,0.007910,0.165991,0.515578,0.074851,0.052351,0.375390,0.140316,0.063563,0.246970,0.465148,0.278355,0.058789,0.169504,0.242965,-0.065579,0.174254,0.306304,0.308401,0.268847,0.297578,0.212199,0.409086,0.349702,0.077319,0.196103,0.119877,0.213393,0.074092,0.300980,0.224928,0.316688,0.115360,0.261643,0.350421,0.153847,0.366970,0.205145,0.122940,0.230097,0.220789,0.281169,0.438837,0.372465,0.218585,0.187169,0.183032,0.300526,0.563023,0.108278,0.054754,0.529458,0.093141,0.041562,0.014473,0.413115,0.160012,0.266534,0.231522,0.095927,-0.000160,0.157379,0.459560,0.208272,0.134520,0.410439,0.187487,0.296544,0.043177,0.429478,0.112887,0.259183,0.173755,0.135093,-0.042929,0.387172,-0.090753,0.122790,0.216459,0.240736,0.034899,0.369167,0.143936,0.003018,0.109377,0.281852,0.189881,0.282601,0.400964,0.389694,0.342846,0.175570,0.185694,0.016242,0.207089,0.117555,-0.031127,0.278986,0.060195,-0.091630,0.050598,0.175224,0.377716,0.154139,0.176773,0.248232,0.273630,0.144657,-0.105620,0.097487,0.364587,0.067258,0.374343,0.003915,0.037220,0.056353,0.096899,0.148115,0.000165,0.079648,0.214135,-0.116624,0.272099,0.504102,0.219777,0.295252,0.093861,0.006157,0.290800,0.115718,0.107530,0.267023,-0.085834,0.055510,0.207805,0.229082,0.108971,-0.075471,0.349420,0.106259,0.330252,-0.057497,0.048537,0.008647,0.198701,0.318429,0.046038,0.173828,0.100182,0.224712,0.052498,0.041778,0.398901,0.119214,0.187233,0.033400,0.117853,#
3,0.203477,0.348500,0.269606,1.000000,0.184606,0.285456,0.112912,0.224030,0.223671,0.245772,0.193012,0.243874,0.293589,-0.049741,0.374576,0.277704,0.227595,0.009037,0.223375,0.137058,0.175836,0.546518,0.109539,0.224100,0.349445,0.192558,0.215479,0.266491,0.265310,0.050864,0.232300,0.363437,0.219407,0.422091,0.374123,0.140286,0.218357,0.225237,0.115517,0.093195,0.267570,0.210649,0.122817,0.122499,0.134235,0.416775,0.341716,0.365949,0.406821,0.363147,0.136231,0.113057,0.380166,0.284358,0.355955,0.165444,-0.111708,0.196018,0.494558,0.229569,0.210456,0.361770,0.006789,0.229435,0.234069,0.329235,0.121437,0.116167,0.095668,0.367886,0.152924,0.397381,0.387516,0.321965,0.213256,0.093483,0.161991,0.214978,0.238771,0.343498,0.133448,0.012674,0.304822,0.418827,0.249157,0.301756,0.141994,0.182509,0.155907,0.329515,0.033781,0.279544,0.432516,0.321495,0.308391,0.276850,0.100423,0.065502,0.074019,0.197520,0.126258,0.136635,0.002552,0.156810,0.196183,0.339789,0.329542,0.477560,0.144597,0.263403,0.222566,0.151407,0.170181,0.217433,0.279916,0.077097,0.358875,0.072990,0.364228,0.024067,0.115981,0.163693,0.169517,0.077036,0.129499,0.014363,0.320080,0.239499,0.219809,0.261980,-0.057921,0.366344,0.097676,0.487755,0.493050,0.252621,0.409720,0.088273,0.160773,0.003335,0.236949,0.065739,0.128463,0.146027,0.111441,0.325394,-0.020443,0.218127,0.173140,0.159807,0.209640,0.022232,0.277131,0.241065,0.193148,0.204064,0.155143,0.134172,0.007793,0.266243,0.285469,0.265668,0.193939,0.472660,0.167631,0.262532,0.149468,0.129773,0.231959,0.209879,0.194510,0.280268,0.201022,0.272258,-0.050436,0.196979,-0.015979,0.136972,0.319165,0.209931,-0.041301,0.374294,0.087703,0.169511,-0.116060,0.158769,0.086461,0.107331,0.451061,0.211766,0.010233,0.105882,0.252361,0.155841,0.101154,0.114860,0.239422,0.158546,0.175417,0.436319,#
4,0.051858,0.326968,0.108597,0.184606,1.000000,0.270648,0.274410,0.018284,-0.054045,0.139301,0.198280,0.160108,-0.043269,0.152053,0.256035,0.305728,0.076630,0.155258,0.025101,0.333566,0.147879,0.389985,0.118200,0.305735,0.081989,-0.122480,0.159316,0.284846,0.076641,-0.010171,0.451336,-0.025409,0.403694,0.103139,0.085373,0.085335,0.019801,0.134930,0.125635,0.221832,0.151744,0.243230,0.152390,0.383526,0.203449,0.213567,0.238983,0.027351,0.161706,0.348180,-0.033962,0.148960,0.289384,0.109939,0.186867,0.062358,-0.043912,-0.017421,0.453473,0.367397,0.087610,0.341527,0.132666,0.135296,0.148936,0.204675,0.230576,0.151139,0.078676,0.225916,0.374191,0.467408,0.199173,0.119118,-0.002541,0.334813,0.224751,0.231391,0.322103,-0.021222,-0.095098,-0.005043,0.416308,0.074160,0.418563,-0.035191,0.075431,0.089735,0.292167,0.514029,0.059310,0.113633,0.018532,0.250214,0.160422,0.243909,0.174558,0.076114,0.004970,0.163166,0.320616,0.332082,0.079050,0.121673,0.247597,0.131258,0.191982,0.114437,0.106039,0.248404,0.154567,0.117052,0.452299,0.364293,0.175377,0.128725,0.233065,0.316071,0.054006,0.111099,0.301724,0.323639,0.358779,0.211692,0.066037,0.148444,0.086357,0.019776,0.411090,0.277980,0.376889,0.350894,0.030605,0.254496,0.288202,0.266105,0.183405,0.201328,0.154666,-0.005251,0.002170,0.348212,0.024787,0.196086,0.115840,0.202318,0.173447,-0.142544,0.175791,0.367762,0.217517,0.427232,0.147327,0.122102,0.204564,0.150771,0.090715,0.044176,0.294966,0.122795,-0.016988,0.370405,0.271353,0.425223,0.197198,0.091617,0.167114,0.291316,-0.037477,0.242471,-0.041052,0.124454,0.152465,0.238053,0.320361,0.125781,-0.234565,0.206239,0.151876,0.198791,0.355442,0.377182,0.354841,0.158416,0.330469,0.149753,-0.091937,0.351442,0.021498,-0.224600,0.174749,-0.045951,0.080013,0.053615,0.278049,-0.135872,0.191216,0.005838,0.175946,0.166766,#
5,0.314097,0.457006,0.221683,0.285456,0.270648,1.000000,0.029698,0.301657,0.191077,0.290398,0.142490,0.147705,0.313891,0.221388,0.259956,0.080852,0.166334,0.131700,0.307716,0.294595,0.238043,0.123912,0.104226,0.254160,0.298175,0.301330,0.270023,0.484027,-0.060435,0.210623,0.226349,0.246267,0.185125,0.431914,0.244451,0.283237,0.145646,-0.009740,0.211514,0.217141,0.092718,0.177809,0.006492,0.299185,0.220467,0.122567,0.275945,0.467234,0.297594,0.376547,0.278630,-0.041048,0.358637,0.340379,0.143582,0.434954,0.133502,0.158417,0.360908,0.389418,-0.049137,0.174824,0.124143,0.219422,0.002126,0.111035,0.223433,0.232060,0.218073,0.359346,0.326023,0.294736,0.473375,0.117009,0.129044,0.007751,0.164883,0.435649,0.194330,0.068542,0.200704,0.219171,0.418278,0.224737,0.203686,0.292267,0.146450,0.140058,0.249627,0.344244,0.292383,0.064914,0.143997,0.193300,0.106725,-0.114079,0.187233,0.181488,0.310466,-0.007180,0.403488,0.276159,0.353401,0.243115,0.240937,0.183517,0.249862,0.398394,0.075322,0.238588,0.190821,0.264460,0.228945,0.024297,0.094607,0.076262,0.386602,0.306870,0.278634,-0.051656,0.201585,0.441886,0.416013,0.373797,0.192972,0.181638,0.312210,0.017536,0.356985,0.061705,0.095359,0.436515,0.342793,0.424250,0.183656,0.012691,0.013387,0.393811,0.143465,-0.036668,0.125942,0.082399,0.199585,0.149662,0.481172,0.110458,0.100558,0.302252,0.271601,0.532559,0.398564,0.127041,0.292070,0.261463,0.168610,0.217827,0.139823,0.211351,0.253635,0.189225,0.261977,0.397628,0.307127,0.337788,0.215591,0.107487,0.116518,0.425145,0.184843,0.066459,0.446447,0.176654,0.240833,0.231914,0.125871,0.186276,0.183393,0.339103,0.297078,0.343027,0.144852,0.328087,-0.059580,0.152041,0.018740,0.186273,-0.106400,0.225833,0.506742,0.228234,0.174323,0.336228,0.093063,0.369615,0.211569,0.067745,0.020545,0.226200,0.334399,0.355233,#
6,0.188170,0.084771,0.020280,0.112912,0.274410,0.029698,1.000000,0.064703,0.243896,0.299506,0.209320,0.229153,0.118511,0.058837,0.144274,0.434723,0.130155,0.164830,0.059571,0.037420,0.243652,0.283563,0.050158,0.097150,0.275489,0.195313,0.073188,0.228276,0.146263,0.110981,0.293183,0.174533,0.331028,0.270578,0.039961,0.143599,0.312626,0.151933,0.168653,-0.020501,0.277287,0.117358,0.359715,0.448877,0.213909,-0.109723,0.172855,0.298438,0.246802,0.361477,0.146092,0.111663,0.358105,-0.023528,0.138827,-0.073464,0.240952,0.157681,0.343558,-0.009834,0.481632,0.221310,0.256901,-0.019605,0.205008,0.185070,0.182511,0.271841,0.102610,-0.003389,0.293636,0.419810,0.114952,0.118319,-0.094806,0.315859,0.198361,0.297214,0.338216,-0.110880,0.225376,0.109279,0.018112,0.358274,0.253435,-0.009442,0.191728,0.269204,0.071123,0.362769,0.198690,0.171558,-0.007624,0.360928,0.173503,0.146528,0.098985,0.199657,0.095027,0.092056,0.181635,0.370110,0.113972,0.165090,0.262706,0.016229,0.076021,0.177851,0.293516,-0.058690,0.010582,0.074900,0.143562,-0.024189,-0.022471,0.127060,0.002859,0.103337,-0.079350,0.297752,0.128387,0.219086,0.127135,0.241817,0.142616,0.056070,-0.145998,0.109551,0.185199,0.107677,0.228819,0.243675,-0.094179,-0.003255,0.113684,0.079819,0.228738,0.153268,0.203053,0.340132,-0.059833,0.184407,-0.193023,0.186803,0.163512,0.258136,0.338466,0.161644,0.219943,0.157719,0.074646,0.203012,-0.051242,-0.044613,-0.072115,-0.005368,0.081720,-0.288250,0.052995,0.340898,0.209396,0.233889,-0.039609,0.202375,0.171826,0.137601,0.356200,-0.125734,0.032498,0.212923,0.174665,0.206936,-0.047175,0.037925,0.208739,0.224697,0.055831,0.217071,0.098674,0.224748,0.115382,0.292269,0.175443,0.225778,0.199787,0.130784,0.109097,0.096989,0.148646,0.055645,0.090330,0.019008,0.006203,-0.102845,0.216162,0.318720,0.254318,0.095461,0.055888,0.164027,#
7,0.265872,0.172968,0.359386,0.224030,0.018284,0.301657,0.064703,1.000000,0.365180,0.130752,0.253235,0.000014,0.199032,0.134119,0.381161,0.049670,0.079406,0.091357,0.097926,0.232415,0.360792,0.132643,0.260224,0.091167,0.170623,0.324748,0.176309,0.338121,0.246008,0.468656,0.056833,0.105408,0.029541,0.270863,0.343197,0.342924,0.214143,0.178082,0.256950,0.150087,0.199336,0.404074,0.171843,0.223789,0.173708,0.120781,0.238598,0.317733,0.373714,0.212408,0.204181,0.258804,0.394843,0.487770,0.379588,0.002611,0.196153,0.118386,0.308278,0.430486,-0.004374,0.313486,0.223575,0.386400,0.220525,0.362696,0.424791,-0.004393,0.227841,-0.043142,0.254799,0.200608,0.340688,0.297104,0.213534,0.196120,0.249650,0.270288,0.066884,0.055830,0.341910,0.111075,0.339211,0.206423,0.128754,0.263788,0.273872,0.112167,0.159471,0.281053,0.176553,0.385946,0.213684,0.070973,0.227413,0.167057,0.266566,0.381488,0.342273,0.130597,0.178551,0.201765,0.129524,0.093883,0.223304,0.083861,0.269106,0.343937,0.233598,0.306670,0.483589,0.265542,0.224865,0.139259,0.087375,0.244761,0.172407,0.164154,0.304107,0.171774,0.275270,0.099543,0.189963,0.133079,0.400523,0.222442,0.041930,0.144010,0.160403,0.141541,0.138040,0.405318,0.348455,0.189457,0.226208,0.233063,0.144737,0.447333,0.052355,0.097641,0.057682,0.089925,0.226986,0.286201,0.322194,0.193290,0.223928,0.075530,0.273506,0.276174,0.139735,0.045303,0.297041,0.061078,0.045926,0.278609,0.203615,0.187228,0.259284,0.313903,0.245253,0.138336,0.227825,0.248065,0.149308,0.137546,0.373361,0.290972,0.064399,0.106888,0.305508,0.148940,0.179534,0.200489,0.141100,-0.213960,0.119009,0.127698,0.316863,0.310245,0.019904,0.350996,0.212986,0.274352,-0.068902,0.224266,0.227044,0.022592,0.341961,0.342532,0.248944,0.118073,0.233138,0.177488,0.328496,0.209765,0.131500,0.396607,0.374857,0.305804,#
8,0.280924,0.155460,0.185395,0.223671,-0.054045,0.191077,0.243896,0.365180,1.000000,0.328276,0.185280,0.135977,0.260138,0.258161,0.226318,0.313990,0.002634,0.316040,-0.041745,0.352717,0.336862,0.238850,0.130839,0.190737,0.465754,0.153241,0.206591,0.117820,0.248394,0.208268,0.186827,0.307611,0.157770,0.150042,0.186963,0.360046,0.232666,0.240814,0.076707,0.108249,0.169545,0.113647,0.547286,0.141052,0.124417,0.174276,0.273481,0.342883,0.320961,0.210837,0.407123,0.172122,0.117392,0.428436,0.129672,0.111578,0.317375,0.108281,0.159588,0.166126,0.254534,0.284371,0.420317,0.310136,0.328404,0.374754,0.299761,0.436290,0.363636,-0.031200,0.240858,0.291526,0.250793,0.148897,0.194633,0.101393,0.281689,0.250767,0.246012,0.019091,0.380142,0.134095,0.092403,0.222538,0.354989,0.214146,0.250868,0.391723,0.223634,0.201082,0.259566,0.325555,0.083672,0.168180,0.217063,0.172366,0.218791,0.251828,0.398869,0.368767,0.326749,0.112171,0.223929,0.309720,0.147938,0.181962,0.185537,0.234263,0.042309,0.317872,0.146609,0.167864,0.190918,0.099854,0.038080,0.316608,0.097903,0.095410,0.306998,0.277085,0.199756,0.296437,0.195844,0.199240,0.126853,0.270181,-0.074133,0.114944,0.265479,0.279721,-0.071936,0.394795,0.308921,0.160097,0.241589,0.199250,0.223424,0.171509,0.279196,0.167418,0.101878,0.095512,0.218172,-0.006650,0.282285,0.144432,0.003497,0.279053,0.317581,0.319461,0.093941,0.114054,0.069796,0.306044,0.114885,0.205958,0.125938,0.260944,0.362982,0.230560,0.174816,0.091398,0.292216,0.292587,0.042432,0.283690,0.224491,0.280280,0.255471,-0.022982,0.248336,0.341847,0.072416,0.219725,0.188736,0.037792,0.307553,0.160977,0.180018,0.206778,0.044584,0.391633,0.226294,0.139742,0.156747,0.054038,0.452941,0.192313,0.329131,0.366202,0.301296,0.345987,0.330171,0.190028,0.170687,0.018064,-0.060547,0.157880,0.223396,0.450969,#
9,0.187492,0.188538,0.323288,0.245772,0.139301,0.290398,0.299506,0.130752,0.328276,1.000000,0.190318,0.255784,0.416093,0.214517,0.388857,0.455138,0.242540,0.210317,0.092453,0.063464,0.231185,0.112152,0.047867,0.347113,0.304202,-0.038697,0.061406,0.399679,0.174973,0.150938,0.197613,0.408448,0.182733,0.240635,0.160254,0.184693,0.358814,0.234001,0.205130,0.110452,0.198801,0.119203,0.167233,0.205968,0.329390,0.082584,0.254601,0.230794,0.251281,0.382489,0.365636,0.010718,0.198038,0.362550,0.254401,0.185240,0.309033,0.452371,0.142708,0.203795,0.377009,0.396772,0.278601,0.071238,-0.016314,0.287851,0.259004,0.307429,0.340193,0.207994,0.246884,0.191906,0.289497,0.208474,0.047698,0.150904,0.578029,0.351209,0.302623,0.379727,0.162962,0.249754,0.271494,0.484473,0.277958,0.307779,0.289509,0.588064,0.232793,0.198429,0.256325,0.325867,0.121444,0.122362,0.322811,0.049532,0.186249,0.105776,0.285152,0.213231,0.440690,0.370268,0.471640,0.341475,0.220179,0.252055,0.122209,0.475934,0.401647,0.345110,0.288719,0.154582,0.218763,0.200855,0.169072,0.295861,0.097574,0.022040,0.169107,0.307338,0.142542,0.410975,0.263052,0.247867,0.333968,0.383029,0.055676,0.209138,0.415690,0.238566,0.148000,0.295651,0.198618,0.188067,0.279111,0.076639,0.303476,0.155940,0.161844,0.018936,0.348307,0.137604,0.230587,0.351316,0.248112,0.572844,0.187382,0.206323,0.437023,0.400590,0.179940,0.011541,0.217086,0.323282,0.262444,0.284444,0.026238,0.118224,0.245712,0.252587,0.399464,0.444971,0.347826,0.260503,0.187504,0.495173,0.160651,0.210321,0.421019,0.215606,0.277571,0.233456,0.102118,0.021668,0.187333,0.222214,0.383492,0.396430,0.013809,0.252686,0.307069,0.420719,0.282461,0.082550,0.178610,0.048826,0.136997,0.267634,0.332665,-0.027721,0.215895,0.154746,0.071863,0.076293,-0.001756,0.120140,0.421888,0.213467,0.189772,0.274050,#
10,0.165180,0.228204,0.217185,0.193012,0.198280,0.142490,0.209320,0.253235,0.185280,0.190318,1.000000,0.165605,0.226996,0.062126,0.217946,0.167926,0.262538,0.068504,0.058110,0.203535,0.220224,0.108876,0.255836,0.429105,0.122521,0.162020,0.239148,0.291089,0.178960,0.271067,0.212381,0.195896,0.255053,0.282986,0.348734,0.182572,0.274615,0.155486,0.182609,0.164662,0.292481,0.074913,0.248633,0.008314,0.254141,0.182920,0.410699,0.198627,0.236370,0.475415,0.328498,0.412503,0.147556,0.139099,0.279688,0.401700,0.163737,0.342062,0.063298,0.268350,0.259982,0.289801,0.336564,0.228028,0.187408,0.100522,0.449666,0.208708,0.393353,0.101129,0.555224,0.268989,0.430229,-0.011490,0.238058,0.348303,0.175966,0.305792,0.168914,0.104515,0.317222,0.086510,0.120684,0.042413,0.238055,0.156480,0.105885,-0.055673,0.150600,0.454186,0.111841,0.361687,0.283256,-0.098134,0.087941,0.137266,0.036247,0.394405,0.046378,0.063495,0.094274,0.232363,0.167422,0.210922,0.317755,0.141286,0.361393,0.035600,0.066452,0.115069,0.092025,0.179372,0.429350,0.256521,0.104107,0.341459,0.174728,0.228972,0.158265,0.118293,0.153278,0.132971,0.184697,0.233710,0.149400,0.138015,-0.018154,0.207321,0.330820,0.286024,0.021258,0.248623,0.086346,0.225165,0.256708,0.451168,0.143398,0.195348,0.295934,0.316755,0.214594,0.233545,-0.010818,0.071579,0.093101,0.339857,0.449026,0.233607,0.288107,0.356582,-0.008197,-0.073073,0.106645,0.281234,0.308109,0.139795,0.209114,0.202396,0.063798,0.046845,0.232954,0.070053,0.116834,0.306727,0.227204,0.146828,0.094214,0.106978,0.323712,0.396698,0.060909,0.263038,-0.019373,0.085189,0.365365,0.044331,0.002703,0.080848,0.060541,0.157585,-0.065618,0.313554,0.132842,0.187800,-0.144699,0.285294,0.319271,0.117001,0.073540,0.068494,0.221428,-0.005775,0.198913,0.267038,0.207271,0.205524,0.251743,0.054309,0.140774,0.258521,#
11,0.368347,0.283967,0.086000,0.243874,0.160108,0.147705,0.229153,0.000014,0.135977,0.255784,0.165605,1.000000,0.273960,0.190419,0.383157,0.247114,0.193331,0.363189,0.359848,0.272909,0.166990,0.144438,0.298690,0.279458,0.319557,0.095742,0.133971,0.168142,0.216736,0.013094,0.179914,0.349072,0.268957,0.246386,0.198513,0.298649,0.265551,0.381505,0.193718,0.087853,0.351349,-0.039825,0.216473,0.127641,0.211599,-0.046238,0.302172,0.476372,0.207153,0.367322,0.045250,0.116731,0.419526,0.127549,0.228961,0.044118,0.070954,0.392387,0.182462,0.246549,0.121779,0.132382,0.294151,0.175050,0.057401,0.269404,0.264062,0.201144,0.304248,0.111625,0.257327,0.137336,0.203428,0.271468,0.384829,0.173383,0.343578,0.243893,0.023563,-0.026739,-0.077652,0.137197,0.386897,0.206235,0.478781,0.102763,0.032631,0.126493,-0.044044,0.141277,0.331335,0.193845,0.129499,0.192329,0.027523,0.144644,-0.078445,0.249580,0.006102,0.369271,0.142632,0.395275,0.345169,0.150912,0.370220,-0.011145,0.226850,0.276688,0.244635,0.145354,0.132656,0.337358,0.206672,-0.057422,0.100647,0.125789,0.286931,-0.018177,0.212880,0.269412,0.088583,0.296935,0.195473,0.293851,0.117590,0.191062,0.210370,0.255499,0.235952,0.353873,0.145917,0.211765,0.263832,0.234042,0.260392,0.048885,0.249120,0.292775,0.288675,0.218121,-0.006168,0.096157,0.159344,0.294400,0.244837,0.306274,0.125815,0.307010,0.309205,0.244778,0.171239,-0.051611,0.205593,0.479144,0.343565,0.122834,0.207744,-0.016542,-0.016825,0.166217,0.468271,0.347314,0.372608,0.299037,0.225104,0.303263,0.379202,0.160463,0.192291,0.405683,0.312390,0.072999,0.415504,0.358503,0.262070,0.013088,0.359202,0.184850,0.150082,0.285482,0.186078,0.206048,0.350037,0.112339,0.089616,0.127077,0.247593,0.294181,0.106332,-0.031741,0.227765,0.257052,0.124554,0.173188,0.148948,0.027175,0.152258,0.007068,0.135592,0.109139,#
12,0.194368,0.201689,0.049894,0.293589,-0.043269,0.313891,0.118511,0.199032,0.260138,0.416093,0.226996,0.273960,1.000000,0.264450,0.363967,0.203439,0.121489,0.191293,0.257895,0.242551,0.318730,-0.040879,0.189214,0.395429,0.273117,0.396585,0.095005,0.339818,0.012039,0.203238,0.097846,0.365027,0.034823,0.397496,0.334445,0.188442,0.268678,0.397714,0.207796,0.088288,0.110433,0.110335,0.207245,0.075096,0.491662,0.268613,0.212536,0.277111,0.324608,0.256500,0.402224,-0.017044,0.141733,0.251840,0.231427,0.368393,0.276588,0.208832,0.161295,0.315428,0.268926,0.368971,0.424789,0.199979,0.109355,0.339629,0.179934,0.177459,0.457835,0.243940,0.363699,0.199426,0.347168,0.115575,0.179144,0.214279,0.229476,0.286808,0.202792,0.215805,0.222653,0.177630,0.171451,0.319304,0.065260,0.076153,-0.084033,0.298194,-0.044784,0.047452,0.323910,0.216609,0.208984,0.155671,0.162084,0.216909,0.201912,0.079804,0.095081,0.215059,0.063481,0.378523,0.359161,0.393931,0.049895,0.092378,0.240505,0.266650,0.295529,0.259876,0.192106,0.294950,0.195827,-0.100169,0.224651,0.393497,0.167887,0.139774,0.306033,0.352386,0.146366,0.365499,0.177186,0.348339,0.332772,0.321528,0.345459,0.138139,0.238630,0.157783,-0.147530,0.193102,0.141602,0.340756,0.092243,0.092796,0.135297,0.308164,0.093483,0.118469,0.159670,-0.037190,0.103352,0.244654,0.053663,0.335407,0.087114,0.132966,0.333923,0.316422,0.395704,-0.183102,0.404732,0.244854,0.390940,0.319348,0.210028,0.291130,0.298205,0.108088,0.204590,0.319640,0.239761,0.290353,0.392425,0.061272,0.047277,0.449805,0.160201,0.278521,0.215035,0.147988,0.178609,0.178626,0.182335,0.094693,0.404684,0.291943,-0.012660,0.190456,0.152080,0.331555,0.190297,-0.029737,-0.021183,0.128336,0.000124,0.309170,0.371073,0.135240,0.011180,0.245903,0.101936,0.162086,0.136216,0.178253,0.102970,0.198234,0.364318,0.208079,#
13,-0.061631,0.239299,0.045353,-0.049741,0.152053,0.221388,0.058837,0.134119,0.258161,0.214517,0.062126,0.190419,0.264450,1.000000,0.267115,0.016141,-0.027131,0.407879,0.108973,0.192956,0.127906,0.037111,0.134830,0.109304,0.312621,0.107907,0.064073,0.114465,-0.009354,0.286794,0.091787,-0.011229,0.110282,0.258717,-0.013422,0.109977,-0.057812,0.232581,0.080935,0.173132,0.171604,0.155848,0.191748,-0.018809,0.191801,0.190284,0.171510,0.176886,0.178467,0.397880,0.186059,0.008507,0.153662,0.159238,0.191533,0.179369,0.194463,0.236042,0.172554,0.234641,0.053234,0.282943,0.187609,0.074126,0.382337,0.191674,0.314964,0.297390,0.337188,0.085015,0.031221,0.169115,0.264566,-0.057684,0.152330,0.074049,0.291096,0.427016,0.417759,0.061885,-0.027300,0.132421,0.203328,0.305852,0.207256,0.213585,0.007955,0.243097,0.092655,0.179910,0.133574,0.188994,0.074317,0.047112,0.134121,0.114071,0.024910,0.117491,0.226159,0.111117,0.269153,0.252368,0.450517,0.128434,0.215737,0.220363,0.224643,0.057846,0.096583,0.114788,0.024156,0.188771,0.227722,0.150037,0.168315,0.086389,0.032551,0.034818,0.444170,0.125684,0.268818,0.181763,0.341445,-0.128043,0.033312,0.227910,0.104320,0.057042,0.299759,0.124622,0.091260,0.057357,0.195764,0.240568,0.250781,0.054624,0.043061,0.229814,0.267632,0.056869,0.199271,0.135046,0.243800,-0.100508,-0.084996,0.188992,0.201905,0.090517,0.325506,0.117366,0.384117,0.191844,0.214538,0.030020,0.351240,0.066641,0.270426,-0.022372,0.185289,0.005413,0.118796,0.046405,0.325564,0.334024,0.314873,0.049118,0.195640,0.183991,0.122016,0.169808,0.150902,0.100130,0.241548,0.321786,0.239049,0.175453,0.257535,0.267012,-0.056728,0.303619,0.105518,0.245975,0.321996,-0.005439,0.172142,0.217880,0.028295,0.176454,0.032255,-0.020851,0.268218,0.017279,0.189657,0.249361,0.166415,0.110627,0.023903,0.113387,0.212074,-0.019279,#
14,0.576797,0.391372,0.405231,0.374576,0.256035,0.259956,0.144274,0.381161,0.226318,0.388857,0.217946,0.383157,0.363967,0.267115,1.000000,0.245815,0.183015,0.189344,0.141975,0.310364,0.249274,0.249396,0.363155,0.517818,0.387243,0.160227,0.307522,0.241143,0.174166,0.285266,0.414542,0.064786,0.044063,0.146348,0.521389,0.324303,0.134857,0.318156,0.342609,0.132763,0.373703,0.217370,0.207248,0.179893,0.325372,0.260114,0.339960,0.337360,0.299420,0.375140,0.165567,0.318798,0.430338,0.443177,0.366556,0.075225,0.048909,0.235624,0.275647,0.240880,0.297652,0.519519,0.299622,0.349540,0.193669,0.417744,0.331664,0.262298,0.286487,0.085923,0.169736,0.136912,0.454226,0.425463,0.213467,0.131145,0.325880,0.421451,0.331267,0.267790,0.133651,0.092730,0.363594,0.303588,0.377508,0.353944,0.094553,0.153188,0.137947,0.075562,0.176107,0.388743,0.310582,0.390204,0.428946,0.293580,0.016266,0.257910,0.135721,0.325774,0.379295,0.382685,0.338718,0.168660,0.245234,0.143905,0.231906,0.312090,0.356626,0.374870,0.294330,0.301592,0.307847,0.173441,0.045732,0.285978,0.249046,-0.118540,0.429199,0.157951,0.358670,0.472331,0.368270,0.171843,0.304111,0.243700,0.326049,0.249764,0.191738,0.178722,0.085139,0.512129,0.221561,0.178261,0.293606,0.244415,0.397948,0.397208,0.312637,0.072771,0.167903,0.289411,0.042151,0.301481,0.226684,0.501052,0.217621,0.054221,0.332595,0.342424,0.391814,0.063335,0.304870,0.416676,0.354999,0.326358,0.134814,0.141208,0.127604,0.186379,0.319126,0.406361,0.284401,0.347024,0.321025,0.434027,0.391658,0.214809,0.250150,0.397238,0.173068,0.143673,0.266853,0.315553,0.519895,0.135189,0.228135,0.114587,0.263604,0.338027,0.155015,0.419138,0.192270,0.154990,0.241207,0.195139,0.153066,0.237086,0.357283,0.091120,0.298349,0.156452,0.251702,0.309170,0.180317,-0.005752,0.202218,0.262639,0.269883,0.164999,#
15,0.096381,0.208649,0.034484,0.277704,0.305728,0.080852,0.434723,0.049670,0.313990,0.455138,0.167926,0.247114,0.203439,0.016141,0.245815,1.000000,0.053817,0.189926,0.140678,0.112254,0.153379,0.432402,0.248172,0.216280,0.299286,-0.036882,-0.015363,0.161278,0.279601,0.064209,0.388754,0.281576,0.385936,0.425184,0.021648,0.325787,0.193786,0.398641,0.081842,-0.092224,0.114567,-0.043864,0.262092,0.292179,0.264920,0.118623,0.141568,0.110444,0.300070,0.344139,0.209267,0.217127,0.054170,0.198005,0.170447,0.000031,0.186860,0.163056,0.247353,0.130548,0.247673,0.368024,0.215714,0.151763,0.132891,0.322454,0.191016,0.349308,0.201219,0.036710,0.217151,0.215590,0.039484,0.137729,0.173872,0.289422,0.283193,0.176904,0.337392,-0.020024,-0.002554,0.002422,0.126030,0.263726,0.359586,0.024869,-0.034239,0.193384,0.189164,0.132776,0.038366,0.290520,0.263263,0.384403,0.118866,0.191600,0.084229,0.250327,0.238560,0.289109,0.149374,0.342322,0.257992,0.239156,0.210262,0.015032,0.013143,0.239398,0.120762,0.298173,0.119976,0.028390,0.257110,0.144873,0.143733,-0.021236,0.051384,0.049565,0.111203,0.481796,0.079062,0.301229,0.245477,0.273715,0.194806,0.147347,0.097761,0.043282,0.224672,0.257111,0.224961,0.241231,0.044539,0.026732,0.219579,0.189258,0.367989,0.146518,0.034170,0.151564,0.096244,0.284038,-0.011455,0.210072,0.288843,0.390640,-0.019770,0.221293,0.199340,0.261990,0.222447,0.206901,0.079273,0.279996,0.130152,0.106106,0.162687,0.026337,0.228109,0.271097,0.149085,0.276205,0.251425,0.357537,0.066239,0.118410,0.230871,0.009898,0.142085,0.232828,0.053867,0.092912,-0.060533,0.274437,0.113600,0.336981,0.183055,0.146884,0.209071,0.353951,0.188862,0.333188,0.208644,0.288967,0.230731,-0.047286,0.031074,0.106760,0.055024,0.054793,0.043209,0.278590,0.157052,-0.092057,0.074549,0.020149,0.212414,-0.060016,0.222797,0.276219,#
16,0.177411,0.103553,0.238214,0.227595,0.076630,0.166334,0.130155,0.079406,0.002634,0.242540,0.262538,0.193331,0.121489,-0.027131,0.183015,0.053817,1.000000,0.034769,0.254164,0.126663,0.517575,0.022223,-0.081503,0.272903,0.308269,0.145331,0.093565,0.155995,0.013672,0.163621,0.008050,0.100828,0.122392,0.098114,0.100606,0.034916,0.430093,0.243919,0.024519,0.064559,0.138048,0.049625,0.055062,0.234438,0.133550,0.190568,0.181893,0.139149,0.190803,0.338975,-0.106661,0.221751,0.228179,0.124315,0.179513,0.190563,-0.243270,0.052729,0.064351,-0.019248,0.350196,0.225379,0.173747,-0.033611,-0.115123,0.030746,0.299487,0.032671,0.070667,0.106683,0.224245,0.167312,0.108383,0.004614,0.030277,0.012218,0.019053,0.167629,-0.073814,0.117927,0.348950,0.150600,0.252002,0.152806,0.168691,0.206037,0.048629,-0.112081,0.085734,0.323236,-0.033512,0.147242,0.192994,0.023644,0.141405,0.176440,0.120635,0.211736,0.240632,0.141893,0.172708,0.241036,0.022113,0.237665,0.103261,0.157267,0.260221,0.211991,0.320694,0.217001,0.164052,0.169988,0.103048,0.053105,0.234274,0.335136,0.238341,0.226029,0.074190,-0.202980,0.094499,0.055235,0.209139,0.103797,0.162733,0.001042,-0.066412,-0.166738,0.274362,0.085856,0.223563,0.131562,0.069966,0.086310,0.210038,0.348673,0.127982,0.133125,0.017333,-0.044576,0.005668,0.053447,0.246067,0.046903,-0.051295,0.238865,0.352996,0.375654,0.150624,0.083724,-0.001725,0.034678,-0.109923,0.179333,0.413968,0.068004,0.041028,-0.064007,0.018497,0.002429,0.178049,0.088427,0.194389,0.112675,0.258726,0.138763,0.182797,0.048412,0.093680,0.131984,0.009186,0.100583,0.280652,0.197747,0.074736,0.235916,-0.002147,0.410101,0.127424,0.299062,0.064944,0.068020,0.091000,0.101149,-0.252721,0.020962,0.217415,0.177039,0.252514,0.103971,0.160896,0.055891,0.319842,0.064696,0.138561,0.240085,0.224625,0.306469,0.109033,0.255648,#
17,0.275406,0.021851,0.080757,0.009037,0.155258,0.131700,0.164830,0.091357,0.316040,0.210317,0.068504,0.363189,0.191293,0.407879,0.189344,0.189926,0.034769,1.000000,0.223568,0.303474,0.165635,0.162380,0.234938,-0.094993,0.298731,0.199913,0.022393,0.213071,0.202656,0.157381,-0.047006,0.261895,0.270554,0.077364,-0.064656,0.223181,0.075675,0.278346,0.033627,0.283782,0.149223,0.081620,0.250271,0.165795,0.183440,0.105606,0.163147,0.421400,0.013894,0.258960,0.146414,-0.145685,0.194489,0.193238,0.209911,-0.110673,0.150368,0.107709,-0.025206,0.269835,0.066998,0.213321,0.335867,0.116998,0.161917,0.218937,0.412076,0.245450,-0.017486,0.088338,0.134297,0.086573,0.050556,0.188991,0.354623,-0.157784,0.313225,0.299739,0.298006,0.086261,0.137438,0.077433,0.286761,0.261568,0.218310,0.070736,-0.078333,0.407935,0.090491,0.118254,0.094686,0.082826,0.184381,0.173700,0.348868,0.295672,0.069713,0.172946,0.316500,0.075846,0.230525,0.236879,0.185105,0.099087,0.037662,0.180833,-0.086507,0.085967,0.020579,0.392102,0.273393,0.042123,0.299727,-0.014927,0.301159,0.046197,-0.004064,-0.101364,0.309282,0.323665,0.287585,0.368183,0.423857,0.035512,-0.147909,-0.110391,-0.078837,-0.035326,0.317932,0.042754,0.111716,0.302663,0.291274,0.139942,0.348607,0.191561,0.247791,0.275580,0.061909,0.296120,0.186875,0.114272,0.208130,0.158271,0.348740,0.120985,0.026539,0.060247,0.401232,0.172265,0.099786,0.059987,0.128891,0.310886,0.121063,0.137750,0.220718,0.035141,0.227057,0.147454,0.256326,0.308808,0.245349,0.109939,0.157002,-0.020560,0.175428,-0.028033,0.170543,0.093755,0.090238,0.136336,0.359850,0.211477,0.345183,-0.004512,0.149139,0.276942,0.090491,0.394138,0.186284,0.259953,0.211581,0.326397,0.147232,-0.038513,0.073354,0.401645,-0.029888,0.068328,0.415755,0.210127,0.125152,0.229012,0.122345,0.109456,0.041859,-0.053298,0.256613,-0.058944,#
18,0.175927,0.174311,0.043706,0.223375,0.025101,0.307716,0.059571,0.097926,-0.041745,0.092453,0.058110,0.359848,0.257895,0.108973,0.141975,0.140678,0.254164,0.223568,1.000000,0.032841,0.051543,0.253167,0.185812,-0.000003,0.157364,0.339071,0.222025,0.142712,-0.057323,0.285810,-0.146573,0.317330,0.220922,0.329176,0.192041,0.250871,0.243334,0.225692,0.157581,0.242042,0.071972,0.224918,0.121620,0.000055,0.250745,0.095748,0.062591,0.253569,0.279340,0.224738,0.038470,-0.006664,0.257141,-0.045567,0.135219,0.138414,0.069984,-0.054699,0.108361,0.317439,0.143970,0.157349,0.174258,0.046492,0.068157,-0.039390,0.138133,-0.089002,-0.039864,0.062375,0.061223,0.034850,0.157511,-0.078302,0.412166,0.022992,0.207394,0.054466,-0.097512,0.000069,0.008286,0.100557,0.248948,0.163107,0.291340,0.252221,-0.098838,0.035659,0.188251,0.027498,0.235242,-0.048075,0.214298,0.106452,-0.032597,0.061820,0.164627,0.295595,0.066751,0.151505,0.060778,0.111239,0.186917,0.163477,0.032362,0.067728,0.201543,0.163627,0.134155,0.344203,0.306666,0.006493,0.214533,0.030532,-0.000055,0.133573,0.220854,0.248674,0.278702,0.172683,0.210602,0.183598,0.122071,0.185631,0.348152,-0.108949,0.295806,0.048950,0.322429,0.024636,0.043108,0.287527,0.232908,0.128767,0.108123,0.006628,0.325748,0.162882,-0.027621,0.152131,0.067354,0.078848,0.107658,0.256069,0.126040,0.090824,0.086096,0.246773,0.391016,0.047012,0.260903,-0.199140,0.270592,0.116075,0.322051,0.246873,0.131660,0.180770,-0.059639,0.126918,0.322088,0.312937,0.505699,0.163350,-0.000003,-0.057842,0.386053,0.063251,-0.013287,0.159921,0.000463,-0.014316,0.289896,0.412220,0.048145,0.063620,0.114290,0.184038,0.266419,0.309209,0.049925,0.273129,0.172030,0.132805,-0.057243,0.306851,0.172274,0.102363,0.112001,0.203613,0.102831,0.304996,0.063124,0.296481,0.109103,0.032124,0.030530,0.352453,0.076767,0.100501,#
19,0.204840,0.364903,0.273564,0.137058,0.333566,0.294595,0.037420,0.232415,0.352717,0.063464,0.203535,0.272909,0.242551,0.192956,0.310364,0.112254,0.126663,0.303474,0.032841,1.000000,0.252996,0.102386,0.171787,0.252696,0.311320,0.125074,0.050697,0.042701,0.123910,0.163000,0.245275,0.304625,0.370348,0.072671,0.140661,0.381505,-0.046143,0.183132,0.072126,0.120926,0.178793,0.129368,0.313266,0.269405,0.072597,0.268291,0.472146,0.301978,0.154816,0.262009,0.064577,0.050020,0.293706,0.125992,0.199300,0.026613,0.232810,0.031692,0.065997,0.096211,0.026376,-0.007957,0.451909,0.063734,0.126611,0.263825,0.309356,0.115673,0.251899,0.092397,0.195151,0.204907,0.349736,0.043113,0.128358,0.192018,0.066938,0.215493,0.104274,-0.011885,0.317873,0.039825,0.444018,-0.033999,0.184530,-0.019374,0.015288,0.252082,0.231844,0.206353,0.206183,0.142430,0.067151,0.255579,0.150455,0.094391,0.209156,0.371020,0.193117,0.199903,0.163381,0.195694,0.027412,0.202549,0.177230,0.010823,0.295735,0.035400,0.014810,0.149914,0.225891,0.100267,0.240252,0.184676,0.217252,0.306509,0.221571,0.107741,0.282837,-0.055964,0.475450,0.277712,0.142324,0.370219,0.244162,0.148917,0.047924,0.140870,0.421892,0.408746,0.123068,0.460811,0.246864,0.244220,0.244788,0.304544,0.112793,0.277425,0.115876,-0.018981,0.129715,0.113312,0.149902,0.083846,0.032697,0.138810,-0.026351,0.141940,0.261751,0.298449,0.084040,0.070461,0.235560,0.349389,0.383903,0.028876,0.152435,0.093226,0.224053,0.174232,-0.015865,0.301353,0.187735,0.170937,0.156828,0.088678,0.167426,0.398536,0.119796,0.031160,0.044544,0.104352,0.200348,0.275422,0.329000,-0.091481,0.275777,0.228140,0.057286,0.071021,-0.027962,0.302472,0.266616,0.207676,0.033384,0.035670,-0.012958,0.186612,0.178776,0.146826,0.304937,0.210986,0.113819,0.128319,0.313862,-0.083738,0.032109,-0.025011,0.106416,0.179794,#
20,0.269344,0.363855,0.159868,0.175836,0.147879,0.238043,0.243652,0.360792,0.336862,0.231185,0.220224,0.166990,0.318730,0.127906,0.249274,0.153379,0.517575,0.165635,0.051543,0.252996,1.000000,0.184637,0.168346,0.457089,0.359184,0.239630,0.141028,0.252747,-0.027205,0.032847,0.293074,0.244804,0.118927,0.404272,0.299908,0.047520,0.440108,0.287999,0.375588,0.107871,0.319994,0.270966,0.193702,0.365459,0.210782,0.124200,0.279150,0.210073,0.192928,0.286088,0.249386,0.371706,0.266385,0.221814,0.329333,0.049233,-0.079946,0.188888,0.175628,0.245801,0.346596,0.281846,0.319468,0.117633,0.112546,0.321865,0.393542,0.202002,0.234297,0.022099,0.181140,0.289731,0.158089,0.130871,0.004421,0.061874,0.102953,0.313878,0.347626,0.206023,0.328932,0.179503,0.201933,0.365039,0.150486,0.158236,0.153761,0.216366,0.206022,0.440401,0.256731,0.189338,0.251545,0.327268,0.117557,0.239549,0.136768,0.146786,0.329027,0.291655,0.327808,0.362577,0.081504,0.266714,0.302346,0.132710,0.400237,0.084791,0.363881,0.222531,0.243035,0.274945,0.072509,-0.085090,0.403815,0.350828,0.329635,0.248649,0.175209,0.077807,0.340602,0.299697,0.312940,0.197304,0.144756,0.204048,-0.190713,0.067604,0.218247,0.234965,0.225403,0.234206,0.309662,0.162126,0.241693,0.304866,0.095962,0.369903,0.224616,0.138599,0.074609,0.021889,0.345678,0.191851,0.228410,0.157257,0.285153,0.301460,0.159532,0.467100,0.287122,0.167065,0.058591,0.180786,0.223794,0.137710,-0.018720,0.236051,0.331949,0.072139,0.205758,0.200076,0.182921,0.287795,0.372035,0.124393,0.156382,0.298576,-0.052875,0.102509,0.109001,0.160856,0.265853,0.353086,0.152510,-0.080608,0.231843,0.372151,0.109563,0.398054,0.141267,0.214317,0.193623,0.025112,-0.010504,0.255323,0.234526,0.197527,0.283297,0.175354,0.147858,0.160272,0.483837,0.073234,0.413432,0.109377,0.195794,0.364992,0.378324,0.329807,#
