0,1.000000,0.057858,0.247965,0.108764,0.101559,0.262529,0.476567,0.244604,0.255483,-0.022940,0.318190,0.284580,0.319330,0.261513,0.141431,0.180412,0.395508,0.377594,0.290316,0.296930,0.301671,0.266328,0.346671,0.303975,0.047213,0.166662,0.174804,0.078393,0.335272,0.293444,0.095551,0.349820,0.259775,0.265505,0.440492,0.239516,0.055432,0.159484,0.334299,0.237028,0.249458,0.234771,0.299391,0.032405,0.326874,0.131053,0.263114,0.203941,0.362202,0.336686,0.278017,0.304032,0.398609,0.308553,0.308638,0.374303,0.261092,0.313498,0.272678,0.062067,0.244849,0.372877,0.297333,0.194289,0.480279,0.106591,0.394506,0.112533,0.054838,0.251897,0.255018,0.394438,0.126438,0.369371,0.234084,0.282640,0.437699,0.146966,0.297216,0.212866,0.088155,0.338417,0.377051,0.180158,0.174252,0.337248,0.258813,0.418558,0.266297,0.313206,0.169036,0.126937,0.209167,0.066622,0.225724,0.168255,0.348788,0.278878,0.308186,0.353816,0.232156,0.234936,0.339199,0.349836,0.207005,0.255367,0.207641,0.190770,0.223589,-0.078433,0.206221,0.335989,0.063468,0.324251,0.376835,0.198944,0.461366,0.199822,0.355695,0.435617,0.235019,0.295749,0.364654,0.371088,0.243682,0.364396,0.133156,0.246385,0.292530,0.307355,0.282502,0.188132,0.375038,0.215583,0.304752,0.452083,0.235509,0.271592,0.212204,0.282771,0.134109,0.073728,0.162965,0.256380,0.055473,-0.055729,0.326348,0.131415,0.151579,0.213947,0.430814,0.384392,0.242301,0.248441,0.187412,0.213546,0.272720,0.280448,0.530576,0.329374,0.313928,0.264145,0.381072,0.309618,0.453101,0.215530,0.340236,0.361958,0.225937,0.152955,0.310792,0.115900,0.235916,0.277054,0.272063,0.245698,0.287162,0.413717,0.254277,0.115184,0.357427,0.240863,0.259651,0.157458,0.197924,-0.013435,0.210521,0.291137,0.108693,0.008425,0.039598,0.151813,0.223857,0.374983,0.261937,0.307386,0.084178,0.433712,0.142274,0.325307,#
1,0.057858,1.000000,0.163185,0.215402,0.096562,0.249181,0.089003,0.268392,0.481873,0.228673,0.223742,0.168908,0.326467,0.132136,0.178849,0.149944,0.252030,0.137818,0.308043,0.358053,0.035865,0.410579,0.342269,0.036932,0.150329,0.148018,0.232132,0.343478,0.375086,0.127510,0.283724,0.361661,0.199019,0.324516,0.037315,0.062848,0.263521,0.333448,0.384848,0.264464,0.271444,0.042333,0.165700,0.042123,0.140012,0.099010,0.210730,0.107339,0.299355,0.205015,-0.039108,0.275309,0.137846,0.138595,0.219331,-0.002724,0.173413,0.115975,-0.001158,-0.019497,0.288072,0.246523,-0.089095,0.197017,0.174523,0.337029,0.215516,0.241408,0.195114,0.405949,0.314042,0.281463,0.341877,0.037756,0.353915,0.317417,0.326115,0.047088,0.164559,0.036933,0.209599,-0.071713,0.231343,0.202068,0.343852,0.147143,0.145061,0.398060,0.242102,0.253941,0.192445,0.207175,0.371929,0.311924,0.438224,0.223760,0.095403,0.326503,0.271193,0.217068,0.330025,0.070517,0.074467,0.179386,0.185159,0.317833,0.134581,0.303078,0.150791,0.091567,0.116848,-0.014082,0.110348,0.341633,0.067544,0.189164,0.321080,0.153220,0.135416,0.063773,0.248263,0.219544,0.204789,0.109122,0.323540,0.215242,0.060184,0.075997,0.289675,0.304553,0.102629,0.452604,0.098703,0.103314,0.276989,0.366928,0.189796,0.225393,0.189259,0.084457,0.376061,0.095672,0.416796,0.387505,0.194631,0.303481,-0.020316,0.124956,0.185272,0.090292,0.283086,0.405142,0.307216,0.224983,0.344493,0.203045,0.306455,0.113622,0.144749,0.166107,0.298127,0.328963,0.124807,0.339692,0.104051,0.204485,0.356874,0.234567,0.241246,0.001252,0.172409,0.149523,0.104315,0.106069,0.232313,0.293572,0.046656,0.494295,-0.192597,0.084542,0.375861,0.109345,0.260133,0.269737,0.083743,0.246124,0.277328,0.097927,0.284931,0.178405,0.443688,0.372566,0.258083,0.166778,0.361924,-0.049196,0.142918,0.274237,0.147826,0.207207,#
2,0.247965,0.163185,1.000000,0.279566,0.243335,0.240194,0.334918,0.185121,0.413324,0.147300,0.053938,0.028718,0.164002,0.332385,0.177747,0.287736,0.097654,0.291607,0.229360,0.292058,0.201225,0.175627,0.217374,0.346118,0.131651,0.229909,0.411129,0.279344,0.404884,0.222806,0.291658,0.271452,0.274067,0.197490,0.343982,0.147856,0.085040,0.214881,0.344415,0.300894,0.110585,0.228878,0.388184,0.194759,0.116991,0.055072,0.241448,0.072164,0.167535,0.262950,0.278596,0.358316,0.412973,0.291648,0.327693,0.369365,0.291476,0.033346,0.239302,0.187497,0.493365,0.304458,-0.026537,0.293144,0.143988,0.292658,0.108824,0.373679,0.138232,0.454410,0.288002,0.206374,0.187344,0.310928,0.270090,0.169534,0.250061,0.156332,0.228299,0.223720,0.234385,0.288898,0.429820,0.170585,0.483761,0.205618,-0.000966,0.524443,-0.049133,0.220749,0.371776,0.116956,0.529165,0.299353,0.274655,0.236578,0.206722,0.259326,0.461280,0.221735,0.321441,0.159905,0.198843,0.166913,-0.005941,0.173923,0.321528,0.153616,0.145224,-0.079163,0.248080,0.074350,0.220002,0.202287,0.151515,0.054886,0.256688,0.357670,0.281972,0.192047,0.221791,0.030704,0.228281,0.434737,0.187709,0.149743,0.101755,0.180651,0.325565,0.372755,0.381696,0.188030,0.383632,0.339178,0.312088,0.261926,0.342771,0.352703,0.491398,0.272571,-0.086031,0.404607,0.083585,0.120621,0.082181,0.299762,0.102739,0.161277,0.261650,0.283259,0.342052,0.358388,0.294999,0.370696,0.183691,0.179751,0.064898,-0.084024,0.330574,0.124549,0.131475,0.200337,0.272514,0.308898,0.143758,0.268804,0.311880,0.174829,0.265032,0.214113,0.287112,0.085412,0.271148,0.088581,0.330933,0.358176,0.185459,0.336107,0.198439,0.143063,0.184714,0.469472,0.067590,0.477070,0.150315,0.198059,0.273262,0.127808,0.150523,0.169200,0.282796,0.218644,0.502631,0.322275,0.191690,0.176579,0.034545,0.083042,0.200591,0.446626,#
3,0.108764,0.215402,0.279566,1.000000,0.367850,0.247540,0.301934,0.252857,0.500214,0.293638,0.354344,0.187542,0.256953,0.273653,0.117907,0.131841,0.157067,0.115549,0.385386,0.397469,0.040025,0.299444,0.289514,0.141548,0.100128,0.216690,0.308479,0.397574,0.162473,0.317722,0.144989,0.396726,0.232033,0.323289,0.410296,0.172642,0.102049,0.314129,0.160180,0.429303,0.314781,0.157480,0.407148,0.455005,0.243368,0.232317,0.360646,0.068710,0.271726,0.000181,0.256649,0.173230,0.373224,0.153834,0.090785,0.477411,0.243778,0.188744,0.426837,0.233583,0.160861,0.260298,0.114202,0.317083,0.452977,0.217019,0.134259,0.340237,-0.050935,0.241520,0.100413,0.282138,0.446316,0.158184,0.131210,0.304614,0.231196,0.220899,0.097963,0.188822,0.201793,0.172721,0.311040,0.058207,0.432484,0.372251,0.250574,0.465307,0.168691,0.153326,0.406258,0.361904,0.339028,0.299977,0.331391,0.251272,-0.022767,0.392099,0.496170,0.311832,0.048744,0.360011,0.163169,0.111011,0.456921,0.130350,0.033615,0.034824,0.285362,0.170889,0.089945,0.139932,0.130279,0.207195,-0.022388,0.313576,0.175235,0.048505,0.243760,0.190221,0.224041,0.359459,0.293502,0.124566,0.179524,0.210526,0.032697,0.432940,0.177628,0.131280,0.314884,0.239068,0.131229,0.276312,0.294740,0.281284,0.400847,0.121564,0.139616,0.246016,0.014317,0.367874,0.452186,0.072669,0.050042,0.477773,0.040753,0.237233,0.345358,0.281395,0.296721,0.429988,0.236276,0.426621,0.170213,0.011546,0.071908,0.007543,0.415816,0.269691,0.355334,0.232971,0.099431,0.151239,0.126047,0.326928,0.436999,0.198107,0.286118,0.148548,0.226465,0.206137,0.169810,0.115992,0.186049,0.237995,0.350942,0.402649,0.115247,0.186178,0.048735,0.378232,0.135749,0.400611,0.235483,0.380008,0.307196,0.014950,0.204522,0.441006,0.499811,0.244515,0.244452,0.026252,0.353009,0.390223,0.130350,0.157245,0.028841,0.379473,#
4,0.101559,0.096562,0.243335,0.367850,1.000000,0.307435,0.318657,0.399469,0.394538,0.369383,-0.019461,0.302013,0.325295,0.219897,0.146896,0.181656,0.431010,0.325392,0.306277,0.487335,0.328850,0.388503,0.407997,0.493277,0.090021,0.351670,0.440599,0.122354,0.253282,0.291737,0.426559,0.459648,0.443417,0.340086,0.350876,0.219635,0.213607,0.317407,0.303659,0.264970,0.459074,0.281899,0.304467,0.298752,0.085490,0.014473,0.223245,0.366801,0.299485,0.082188,0.277555,0.283162,0.443341,0.200946,0.292637,0.364880,0.262804,0.278618,0.387032,0.174431,0.017687,0.250882,0.225643,0.126685,0.411485,0.383698,0.390401,0.250620,0.247980,0.357350,0.043600,0.167929,0.366259,0.409347,0.317007,0.189351,0.206201,0.419563,0.206594,0.420882,0.012644,0.301461,0.409410,0.077223,0.292251,0.229023,0.024887,0.249253,0.196299,0.211825,0.418460,0.385344,0.238552,0.202044,0.241595,0.265726,0.290357,0.384979,0.276479,0.325616,0.337193,0.281548,0.316990,0.114205,0.127297,0.167771,0.416759,0.097645,0.455886,0.298811,0.232755,0.071166,0.241569,0.459437,0.325587,0.138119,0.349371,0.405908,0.190443,0.234832,0.140081,0.301155,0.550101,0.180848,0.285889,0.363783,-0.031150,0.500389,0.459762,0.312121,0.406121,0.232480,0.216026,0.328423,0.427765,0.237977,0.346768,0.235660,0.246733,0.130186,0.110511,0.336134,0.419377,0.121061,0.067654,0.140394,0.411234,0.139414,0.141087,0.345372,0.329485,0.462435,0.088586,0.391837,0.308883,0.320532,0.281778,-0.119232,0.273169,0.325583,0.242077,0.167080,0.502385,0.103471,0.252483,0.371165,0.109496,0.250118,0.272992,0.325559,0.362085,0.144219,0.178179,0.099591,0.251496,0.306014,0.393991,0.354797,0.176920,0.225232,0.215058,0.235923,0.258705,0.257965,0.438320,0.372496,0.482406,0.205271,0.246873,0.287578,0.366466,0.205184,0.315228,0.197277,0.250857,0.373502,0.207799,0.046021,0.462431,0.271895,#
5,0.262529,0.249181,0.240194,0.247540,0.307435,1.000000,0.172581,0.239372,0.437509,0.074942,0.260579,0.197704,-0.043838,-0.147151,0.234321,0.463442,0.241399,0.295014,0.073981,0.427971,0.214427,0.276941,0.170549,0.291640,0.088820,0.397502,0.433580,0.186718,0.190913,0.139760,0.391684,0.432303,0.200749,0.231481,0.306542,0.192337,0.195604,0.197499,0.331584,0.192920,0.359528,0.061880,0.174730,0.068947,0.168646,0.335303,0.329016,0.181887,0.303765,-0.014023,0.117315,0.207272,0.135763,0.402263,-0.039730,0.474141,0.314125,0.183018,0.347441,0.185355,0.343297,0.316608,0.243361,0.336899,0.312272,0.268839,0.154087,0.201608,-0.039000,0.246355,0.351541,0.167234,0.263052,0.279905,0.137442,0.279978,0.359549,0.173706,0.023390,0.252496,0.338095,0.142869,0.256476,0.106987,0.235239,0.302018,0.226724,0.477785,0.135200,0.150165,0.161971,0.159618,0.394049,0.279832,0.273522,-0.001892,0.228534,0.212725,0.313452,0.219336,0.348882,0.283518,0.444605,0.161888,0.215901,0.244278,0.228764,0.099814,-0.008732,0.151376,0.042859,0.213306,0.178836,0.160123,-0.030833,0.056976,0.297895,0.104910,0.085102,0.274006,0.223026,0.174575,0.347484,0.319556,0.118121,0.320565,0.110618,0.414868,0.399501,0.369479,0.350483,0.318281,0.369559,0.322425,0.166191,0.286329,0.377457,0.195438,0.048860,0.253800,0.198933,-0.037393,0.305204,0.275810,0.152014,0.102446,0.149096,0.177568,0.101552,0.137216,0.381328,0.285536,0.095392,0.343501,0.284285,-0.020714,0.453330,0.051707,0.283651,0.460457,0.235504,0.332688,0.224842,0.105427,0.293392,0.212017,0.012011,0.357735,0.308460,0.166311,0.193400,0.131454,0.018609,0.155835,0.402734,0.189550,-0.016329,0.225138,0.044314,0.270317,0.348940,0.175294,0.291061,0.261725,0.368976,0.213855,0.383227,0.099582,-0.032853,0.373210,0.088867,0.352859,0.094275,0.206160,0.026105,0.195845,0.204038,0.105961,0.185295,0.292912,#
6,0.476567,0.089003,0.334918,0.301934,0.318657,0.172581,1.000000,0.221440,0.314328,0.129329,0.210664,0.082791,0.420629,0.377065,0.144847,0.112784,0.329480,0.408007,0.249455,0.243320,0.395389,0.179236,0.176062,0.446442,0.140497,0.216159,0.244388,0.250926,0.337556,0.336099,0.255707,0.395378,0.251156,0.407899,0.529044,0.203526,0.068525,0.190476,0.226243,0.400474,0.183571,0.400763,0.317205,0.272280,0.369269,0.033094,0.303231,0.023704,0.455699,0.320398,0.410621,0.484824,0.449753,0.080492,0.403759,0.380385,0.367069,0.327999,0.446027,0.206066,0.138891,0.330675,0.102723,0.166195,0.511300,0.268151,0.525329,0.108718,0.266254,0.277593,0.116722,0.241306,0.245589,0.487958,0.243470,0.223439,0.310839,0.219688,0.157540,0.209584,0.138327,0.293051,0.350485,0.275108,0.185307,0.378707,0.195628,0.241642,0.387389,0.393024,0.225531,0.280713,0.115426,0.182905,0.224817,0.286524,0.352844,0.332995,0.338240,0.278690,0.410316,0.298777,0.329090,0.246757,0.177790,0.041384,0.315271,0.080785,0.245972,0.048662,0.088353,0.021196,0.020670,0.358831,0.411009,0.088762,0.391616,0.332901,0.401736,0.364781,0.363939,0.294272,0.307686,0.447884,0.463344,0.428522,0.128809,0.344175,0.092578,0.335790,0.194467,0.274753,0.389167,0.173018,0.247518,0.401059,0.358424,0.302289,0.442687,0.232768,0.378912,0.285793,0.242859,0.242338,0.170355,0.298878,0.148899,0.185639,0.105317,0.181151,0.354869,0.467403,0.255769,0.315872,0.063581,0.241789,0.397902,0.126180,0.471297,0.282954,0.415148,0.313991,0.335312,0.340736,0.274056,0.403343,0.346476,0.270013,0.379752,0.177944,0.367412,0.136948,0.107070,0.083044,0.149887,0.265736,0.478960,0.404671,0.252453,0.133767,0.334596,0.206701,0.401914,0.419669,0.111276,0.255138,0.206612,0.418707,0.030480,0.151479,0.084008,0.223418,0.223364,0.272644,0.333276,0.274810,0.145902,0.259141,0.389944,0.291142,#
7,0.244604,0.268392,0.185121,0.252857,0.399469,0.239372,0.221440,1.000000,0.479166,0.329719,0.124697,0.282944,0.308964,0.296724,0.416409,0.177899,0.426206,0.294505,0.511491,0.304715,0.262959,0.374396,0.537300,0.390489,0.347517,0.408594,0.336248,0.391168,0.298229,0.362319,0.044897,0.345234,0.281239,0.234783,0.326812,0.157058,0.312608,0.172571,0.342757,0.125821,0.449356,0.184105,0.434754,0.305509,0.177623,0.370517,0.245172,0.303841,0.174510,0.063469,0.211196,0.197847,0.317520,0.368102,0.291904,0.244167,0.173393,0.322981,0.226849,0.160759,0.097621,0.316045,0.168770,0.116812,0.364925,0.386854,0.427425,0.430056,0.267400,0.462823,0.320397,-0.107536,0.367313,0.331525,0.346683,0.145853,0.362445,0.163279,0.327217,0.184357,0.195376,0.381096,0.392411,0.040504,0.449682,0.158642,0.395935,0.409538,0.234884,0.305507,0.339437,0.291627,0.409988,0.274435,0.482150,0.215243,0.426118,0.535228,0.382131,0.321113,0.448409,0.130214,0.294633,0.212419,0.205274,0.308148,0.319980,0.275189,0.239894,0.019573,0.503601,0.204655,0.306787,0.434017,0.197524,0.043357,0.324550,0.159624,0.153421,0.430401,0.343938,0.270120,0.354869,0.401962,0.344721,0.251063,0.155401,0.418615,0.306279,0.239691,0.387417,0.178139,0.290508,0.124732,0.384343,0.544394,0.545601,0.163217,0.173275,0.294566,0.336495,0.441918,0.399491,0.101213,0.185036,0.272245,0.359578,0.099402,0.238564,0.209204,0.241760,0.469766,0.295962,0.258106,0.403839,0.349521,0.183683,0.145520,0.400787,0.146693,0.477580,0.125760,0.556768,0.077405,0.398760,0.283917,0.392027,0.354042,0.163781,0.087369,0.430612,0.409766,0.083493,0.182397,0.234120,0.459471,0.270632,0.379348,0.173983,0.168631,0.443501,0.070441,0.379947,0.315486,0.257278,0.365590,0.320017,0.321507,0.275668,0.286841,0.417859,0.399129,0.195603,0.152696,0.204341,0.226771,0.245896,0.238633,0.243585,0.344456,#
8,0.255483,0.481873,0.413324,0.500214,0.394538,0.437509,0.314328,0.479166,1.000000,0.453529,0.209842,0.319947,0.372570,0.263479,0.303760,0.280548,0.321025,0.323536,0.299113,0.417091,0.241976,0.402166,0.331176,0.304503,-0.021794,0.556213,0.398318,0.564445,0.324725,0.288625,0.212858,0.461411,0.375841,0.350019,0.314479,0.164038,0.305642,0.302640,0.304698,0.426437,0.472891,0.325236,0.528805,0.276199,0.215495,0.186704,0.241280,0.170341,0.393796,0.340565,0.222442,0.359472,0.351012,0.414890,0.317217,0.372503,0.138168,0.363934,0.318695,0.275616,0.316540,0.352499,0.191960,0.330340,0.323842,0.505624,0.386961,0.432372,0.237903,0.523238,0.177003,0.345378,0.450525,0.510923,0.153326,0.289237,0.324255,0.331924,0.271487,0.342527,0.136540,0.275263,0.366312,0.294334,0.492540,0.421155,0.175393,0.471242,0.121186,0.294136,0.361697,0.377886,0.595198,0.393898,0.550428,0.233233,0.197195,0.462551,0.624212,0.297528,0.232034,0.272797,0.320969,0.352378,0.285768,0.276159,0.468912,0.394566,0.207556,0.193799,0.420341,0.374703,0.367360,0.451810,0.265081,0.250310,0.394648,0.204033,0.284389,0.396343,0.318350,0.165164,0.515981,0.368393,0.335409,0.493182,0.145372,0.314345,0.419275,0.316693,0.343430,0.179724,0.316912,0.445862,0.553963,0.365089,0.476563,0.373392,0.123019,0.431123,0.178196,0.432041,0.429163,0.217866,0.265741,0.282044,0.241312,0.050561,0.211990,0.377382,0.339036,0.538494,0.299489,0.572502,0.339102,0.247847,0.331881,0.093078,0.412785,0.419302,0.407230,0.310679,0.392983,0.368062,0.272269,0.280148,0.342424,0.399348,0.354339,0.378933,0.410372,0.321575,0.181687,0.258628,0.509573,0.438299,0.244788,0.480928,0.282015,0.020854,0.442436,0.363830,0.147117,0.450147,0.361839,0.402003,0.386871,0.250481,0.412446,0.354581,0.396121,0.428558,0.428311,0.179183,0.228146,0.288497,0.312972,0.180368,0.133686,0.482085,#
9,-0.022940,0.228673,0.147300,0.293638,0.369383,0.074942,0.129329,0.329719,0.453529,1.000000,0.011431,0.077260,0.205720,0.322957,0.223729,0.096102,0.284349,0.226772,0.337787,0.380513,0.443468,0.387771,0.369799,0.327798,0.033415,0.185550,0.310557,0.417100,0.012089,0.438904,-0.020347,0.190493,0.330282,0.342379,0.331101,0.201357,0.147438,0.120009,0.254682,0.283026,0.342728,0.282640,0.205756,0.189440,0.309186,-0.025377,0.118391,0.131150,0.122687,0.034177,-0.039251,0.153268,0.206199,0.259048,0.190497,0.217696,0.129935,0.291622,0.207166,0.224280,0.205984,0.126127,0.169271,0.132569,0.266837,0.535627,0.367482,0.352729,0.291655,0.262072,0.227560,-0.002254,0.034399,0.323072,0.305185,0.124664,0.004245,0.406763,0.098902,0.334157,-0.096500,0.118051,0.191901,0.363920,0.406240,0.132041,0.045259,0.256109,0.108602,0.037015,0.338334,0.234397,0.403071,0.179147,0.358883,0.084514,0.046444,0.370849,0.306495,0.236912,0.193913,0.291904,0.138186,0.188917,0.287029,0.355645,0.271176,0.082978,0.342020,0.349815,0.307460,0.280364,0.419347,0.231766,0.093205,0.248551,0.138058,0.128598,-0.036725,0.208995,0.377183,0.039541,0.346835,0.276145,0.276471,0.145063,0.275274,0.099927,0.383275,0.101379,0.298946,0.267379,0.240208,0.371518,0.315992,0.268967,0.191796,0.118474,0.124354,0.403493,0.022082,0.552186,0.399911,0.114461,0.108553,0.311951,0.392041,0.226378,0.098241,0.257272,0.011186,0.230703,0.199657,0.390420,0.156274,0.286216,0.111540,0.240993,0.359357,0.404650,0.206336,0.283252,0.270348,0.271785,0.270919,0.240292,0.126586,0.222597,0.419459,0.110508,0.420609,0.489296,0.170300,0.161578,0.316455,0.409457,0.047421,0.360363,0.331684,0.280513,0.192409,0.144602,0.155953,0.351710,0.269001,0.626289,0.172963,0.180318,0.315873,0.030432,0.322299,0.373839,0.260982,0.099854,0.206672,0.038687,0.040362,0.115287,0.066516,0.239157,#
10,0.318190,0.223742,0.053938,0.354344,-0.019461,0.260579,0.210664,0.124697,0.209842,0.011431,1.000000,0.179522,-0.022483,0.195220,-0.043927,0.209080,0.115170,-0.008929,0.242791,0.145354,0.125478,0.099879,0.321407,0.174351,-0.163229,0.053928,0.231455,0.390849,0.149024,0.295622,0.160269,0.134305,0.139462,0.348306,0.316452,0.077635,0.088619,0.237145,0.133201,0.059096,0.241652,0.095789,0.098328,0.180908,0.187619,0.331125,0.228855,0.158418,0.330069,0.235964,-0.143215,0.069275,0.373666,0.044167,0.042592,0.164916,0.346226,0.200584,0.102031,0.057034,0.297133,0.282004,0.298305,0.320845,0.386152,-0.024015,-0.008376,0.012406,0.000056,0.316356,0.248676,0.237515,0.267123,0.185762,-0.085485,0.229813,0.248191,0.231285,0.133030,0.017767,0.294081,0.099831,0.231487,0.135026,0.236572,0.072339,0.301001,0.371960,0.155263,0.247145,0.177268,0.403756,0.240558,0.343806,0.351962,0.239827,-0.059460,0.325416,0.429444,0.492184,0.248372,0.170997,0.223641,0.368637,0.516301,-0.019613,-0.038331,0.179644,0.117916,0.126087,0.002296,0.080070,0.111588,0.109084,0.030133,0.151968,0.236854,-0.018717,0.299227,0.275643,0.346817,0.380524,0.067583,0.161945,-0.163975,0.388661,0.230900,0.156922,0.218318,-0.045380,0.027263,0.053063,0.150189,0.184793,0.381545,0.283461,0.256421,-0.000225,0.085248,0.140918,0.237125,-0.131715,0.151460,0.209533,-0.204868,0.041582,0.005845,0.152322,0.222809,-0.003275,0.328183,0.193523,0.353107,0.249037,0.160857,0.131098,0.273829,0.272320,0.397439,0.211781,0.337284,0.257275,0.186774,0.217214,0.142158,0.223570,0.310734,0.304361,0.287232,0.091217,0.307133,0.122129,-0.041543,-0.037714,0.096816,0.234149,0.115353,0.339199,0.076214,0.365678,0.179400,-0.007987,0.248281,0.139511,0.060427,0.053172,-0.031453,0.282061,-0.013225,0.359128,0.245565,0.091886,0.116204,0.135363,0.261841,0.211547,-0.032897,0.262309,0.227144,0.251686,#
11,0.284580,0.168908,0.028718,0.187542,0.302013,0.197704,0.082791,0.282944,0.319947,0.077260,0.179522,1.000000,0.372143,0.068043,0.130677,0.107831,0.192393,0.268301,0.339567,0.285417,0.079723,0.142352,0.359299,0.129983,0.060946,0.224084,0.098812,0.286615,0.356166,0.076315,0.201228,0.177127,0.208246,0.258867,0.177981,-0.050019,0.278659,0.157571,0.006562,0.302013,0.322083,0.299508,0.194995,0.233148,0.072878,0.121237,0.501702,0.181782,0.180983,0.251081,0.167429,0.173460,0.289175,0.275807,0.247639,0.239471,0.039498,0.188501,0.171058,0.121432,-0.009024,0.197194,0.420061,0.167660,0.274303,0.218483,0.234273,0.149621,0.130828,0.359640,0.225856,0.152632,0.190365,0.246996,0.217571,0.009103,0.318196,0.271979,0.299372,-0.061833,0.112187,0.059991,0.114107,0.066622,0.157829,0.211839,-0.031611,0.132693,0.139765,0.108847,0.178736,0.408886,0.179230,-0.039585,0.292853,0.442393,0.211680,0.262396,0.173115,0.016033,0.084417,0.196680,0.203857,0.194056,0.404502,0.323375,0.169385,0.229360,0.345992,0.172420,0.413210,0.177348,0.308442,0.184841,-0.166977,0.214400,0.183637,0.320889,0.214108,0.300127,0.165327,0.246894,0.298456,0.087044,0.201522,0.287079,0.152990,0.246407,0.295252,0.213161,0.258070,0.118256,0.381421,0.348280,0.293300,0.272436,0.440244,0.189773,0.155759,0.132244,0.245349,0.138049,0.228480,0.130359,0.279359,-0.008407,0.409079,0.124704,0.064781,0.342764,0.257426,0.141691,0.226065,0.292279,0.361156,0.150487,0.209579,0.071983,0.265982,0.198404,0.114194,0.083213,0.343196,0.086421,0.470752,-0.064867,0.238171,0.127265,0.334549,0.213084,0.176794,0.115826,0.133505,0.382867,0.023704,0.305638,0.050727,0.315748,-0.005591,0.397267,0.263408,0.006478,0.194885,0.276419,0.388002,0.086274,0.154686,0.330397,0.311030,0.075016,0.331114,0.090593,0.272043,0.018376,0.179215,0.257558,0.030850,0.232220,0.229742,0.133392,#
12,0.319330,0.326467,0.164002,0.256953,0.325295,-0.043838,0.420629,0.308964,0.372570,0.205720,-0.022483,0.372143,1.000000,0.205595,0.282976,0.086208,0.351053,0.258101,0.435999,0.383531,0.288395,0.239693,0.218402,0.170934,0.067057,0.224991,0.033049,0.205914,0.460236,0.162433,0.127127,0.203765,0.261653,0.349183,0.320567,0.185295,0.207990,0.156515,0.238574,0.373628,0.007885,0.134283,0.178024,0.405499,0.114100,0.002748,0.277911,0.109079,0.174565,0.155161,0.228618,0.322239,0.343276,0.148117,0.358434,0.143800,0.090561,0.338633,0.319281,0.205856,-0.007247,0.105507,0.066349,0.163414,0.274223,0.374089,0.389530,0.121692,0.165005,0.350226,0.195462,0.153138,0.264685,0.299151,0.313218,0.143708,0.375424,0.171608,0.293535,0.119908,0.004342,0.255228,0.371452,0.235393,0.138755,0.324304,0.124789,0.320810,0.259509,0.227677,0.278633,0.254539,0.084490,-0.005604,0.187708,0.316336,0.313542,0.428871,0.326291,-0.034544,0.143737,0.278101,0.383701,0.278930,0.215033,0.167804,0.339502,0.106423,0.289268,0.200566,0.170586,-0.023175,0.160714,0.308148,0.470040,0.185940,0.416733,0.239555,0.322620,0.140452,0.249175,0.231143,0.446825,0.269011,0.382271,0.350168,-0.042082,0.155451,0.225638,0.414426,0.193840,0.127627,0.137782,0.252558,0.245167,0.310676,0.202417,0.390123,0.244774,0.104600,0.349415,0.457598,0.274137,0.127438,0.221755,0.154988,0.268451,0.065003,0.117466,0.428550,0.138884,0.430979,0.223691,0.192300,0.220024,0.373521,0.254863,0.159654,0.375404,0.184831,0.282755,0.227647,0.335110,0.195055,0.410644,0.191148,0.423818,0.235077,0.152966,0.144984,0.308348,0.182721,0.054854,0.231923,0.059800,0.174852,0.325391,0.550234,0.254718,0.066327,0.288598,0.215671,0.287877,0.329325,-0.003472,0.306858,0.134539,0.404632,0.260408,0.204076,0.262362,0.192652,0.203410,0.277515,0.337567,0.232127,0.167804,0.252935,0.276298,0.172013,#
13,0.261513,0.132136,0.332385,0.273653,0.219897,-0.147151,0.377065,0.296724,0.263479,0.322957,0.195220,0.068043,0.205595,1.000000,0.155885,0.140126,0.165956,0.301704,0.325614,0.169130,0.359909,0.326346,0.432300,0.315123,0.131050,0.201990,0.096982,0.326614,0.366144,0.403133,-0.069227,0.213015,0.339971,0.408907,0.198663,0.021230,0.209365,0.216883,0.416885,0.264676,0.424643,0.243789,0.368634,0.208692,0.379967,0.052735,0.195294,0.277261,0.339279,0.234339,0.042784,0.483723,0.260446,0.138995,0.352167,0.257830,0.140173,0.101560,0.290511,0.063266,0.232129,0.277783,0.138553,0.193395,0.316377,0.264525,0.380063,0.044306,0.283131,0.245056,0.065876,0.184642,-0.148499,0.460409,0.339980,0.128149,0.215918,0.179642,0.246278,0.135176,0.031253,0.154433,0.423165,0.067639,0.338607,0.162976,-0.004993,0.234830,0.345728,0.278534,0.278924,0.244574,0.301150,0.271620,0.335577,0.040248,0.278767,0.257863,0.255426,0.406943,0.216622,0.145995,0.155855,0.433914,0.213384,0.299430,0.139086,0.242915,0.185244,0.183074,0.368614,0.236914,0.260330,0.327212,0.136230,0.200658,0.087487,0.294847,0.250411,0.313115,0.249321,0.287822,0.046615,0.132806,0.282071,0.044702,0.168315,0.105672,0.190801,0.097743,0.178421,0.144533,0.131374,0.125365,0.380275,0.188152,0.155490,0.100701,0.445717,0.244691,0.002290,0.353149,0.315675,-0.003327,-0.077731,0.222465,0.282635,0.162596,0.221203,0.166341,0.203348,0.330171,0.177977,0.453947,0.043242,0.282447,0.142311,0.039983,0.273488,0.249731,0.401902,0.185271,0.246998,0.157648,0.226693,0.263728,0.359707,0.271495,0.352000,0.126839,0.214686,0.164548,0.101715,0.104531,0.305380,0.370978,0.261074,0.518921,0.257979,0.203077,0.158124,0.241880,0.395149,0.330295,0.123251,0.227137,0.078062,0.324454,0.015778,0.081463,0.281702,0.264886,0.245301,0.251963,0.364863,-0.031469,0.157034,0.217375,0.150393,0.210347,#
14,0.141431,0.178849,0.177747,0.117907,0.146896,0.234321,0.144847,0.416409,0.303760,0.223729,-0.043927,0.130677,0.282976,0.155885,1.000000,0.266679,0.288960,0.162826,0.017101,0.114604,0.168709,0.073173,0.131262,0.188794,0.030374,0.091080,0.183004,0.217663,0.191583,0.235719,0.114308,0.240796,0.238703,0.046628,0.124293,-0.018416,0.133920,0.223461,0.156857,0.077880,0.237269,0.054441,0.382356,0.257985,-0.025862,0.099249,-0.009646,0.066208,0.020938,-0.082280,0.115833,0.081409,-0.000201,0.314025,0.054286,0.167258,0.089014,0.114736,0.220598,0.049201,0.122677,0.228042,0.091159,0.230231,0.101896,0.239194,0.216088,0.192440,0.216417,0.247824,0.165859,-0.015321,0.175371,0.090986,0.123402,0.222862,0.291559,0.037758,-0.068844,-0.039368,0.256104,0.265699,0.348586,0.376777,0.153242,0.207651,0.238814,0.327056,0.236016,0.049493,0.143726,0.009204,0.144475,0.319717,0.218809,0.273039,0.514941,0.282583,0.304711,-0.065786,0.112090,0.045420,0.284873,-0.000796,0.177314,0.246622,0.215120,0.089009,0.142066,-0.042792,0.242476,0.255704,0.172736,0.084778,0.110835,0.246634,0.231672,0.207175,0.063014,0.151049,0.309254,0.051866,0.330882,0.358686,0.365289,-0.015426,0.069834,0.375817,-0.029600,0.280919,0.239211,0.225128,0.233966,0.220682,0.222238,0.199848,0.333468,0.306979,0.100611,0.310563,0.057741,0.303811,0.051553,0.105376,0.243105,0.246408,0.384808,0.169166,0.061199,-0.007861,0.162820,0.247328,-0.004379,0.206361,0.352588,0.093544,0.154661,0.047219,0.172969,0.016246,0.223859,0.006659,0.287371,0.114385,0.090187,0.081608,0.076297,0.137349,0.155805,0.124631,0.210030,0.284232,0.072914,0.347441,0.272429,0.436084,0.108216,0.182169,0.084987,-0.033657,0.267785,0.221820,0.303155,0.144445,0.188770,0.255223,0.270969,0.130365,0.016333,0.052420,-0.041115,0.233323,0.306419,0.123667,0.111149,0.046254,0.166417,0.018880,-0.033714,0.098059,#
15,0.180412,0.149944,0.287736,0.131841,0.181656,0.463442,0.112784,0.177899,0.280548,0.096102,0.209080,0.107831,0.086208,0.140126,0.266679,1.000000,0.193998,0.254855,0.122602,0.209317,0.173302,0.232894,0.164799,0.309023,0.068722,0.334790,0.205790,0.213847,0.264575,0.339153,0.230643,0.275402,0.161927,0.232246,0.225352,0.300723,0.258287,0.224829,0.384083,0.144909,0.088138,0.223768,0.266765,0.141529,0.317426,0.185934,0.383284,0.342711,0.213376,0.271353,0.064643,0.322168,0.192794,0.190810,0.234999,0.152716,0.250826,0.007807,0.042098,0.127460,0.351588,0.372661,0.116011,0.347296,0.193406,0.248323,0.185947,0.059748,0.046039,0.165212,0.258944,-0.026670,0.004618,0.204472,0.202630,0.216881,0.368005,0.293627,0.187001,0.200759,0.369696,0.358787,0.139208,0.247489,0.361273,0.223979,-0.088136,0.444561,0.155648,0.081327,0.142542,0.082563,0.291760,0.215183,0.105454,0.181559,0.148113,0.213635,0.169796,0.027711,0.353907,0.063608,0.372868,0.295343,0.103733,0.273907,0.446662,0.244915,0.026247,0.381366,0.026298,0.038241,0.172924,0.257004,-0.115956,0.055851,0.348712,0.269891,0.194397,0.247688,0.196198,0.030191,0.165915,0.293557,-0.046286,0.177182,0.293626,0.084036,0.302913,0.447407,0.056708,-0.018701,0.174554,0.093022,0.176480,0.082031,0.094265,0.058072,0.187439,0.225042,0.041755,0.009157,0.235049,0.004701,0.036550,0.161652,0.129472,0.143896,0.108680,0.115304,0.400084,0.171226,0.485530,0.456875,0.110551,0.203471,0.315738,0.021194,0.196483,0.281064,0.127136,0.259841,0.394536,-0.092053,0.371532,0.263874,0.304171,0.452350,0.295432,-0.020310,0.011383,0.251725,-0.100996,0.161452,0.074052,0.370122,0.128945,0.237968,0.090797,0.181505,0.298844,0.277616,0.204422,0.158093,0.198728,0.193367,0.021539,0.120010,-0.064117,0.177117,0.211448,0.324483,0.213557,0.150762,0.211060,0.069344,0.218872,0.373084,0.249694,0.336110,#
16,0.395508,0.252030,0.097654,0.157067,0.431010,0.241399,0.329480,0.426206,0.321025,0.284349,0.115170,0.192393,0.351053,0.165956,0.288960,0.193998,1.000000,0.338245,0.299908,0.255182,0.435778,0.440719,0.317270,0.238656,0.080999,0.434412,0.308790,0.078475,0.235818,0.162492,0.266310,0.469722,0.425868,0.468140,0.341087,0.270930,0.346258,0.165874,0.486978,0.272727,0.317976,0.284142,0.295659,0.133821,0.238362,0.254313,0.145138,0.126345,0.279698,0.274145,0.132453,0.152586,0.374778,0.515928,0.436187,0.294645,0.056725,0.373101,0.352405,0.165732,0.139239,0.267826,0.120901,0.220534,0.385999,0.295694,0.411045,0.169080,0.368004,0.435143,0.230678,0.069042,0.296983,0.316198,0.291462,0.207339,0.380947,0.317405,0.305630,0.426505,0.182380,0.419639,0.459181,0.183657,0.275687,0.177010,0.305493,0.274660,0.208820,0.283993,0.313252,0.260312,0.278596,0.213095,0.340826,0.320227,0.410691,0.424278,0.380554,0.267947,0.311950,0.170927,0.265983,0.282078,0.191795,0.424984,0.314810,0.040531,0.300277,0.167589,0.355206,0.354026,0.352508,0.299253,0.330207,0.459903,0.536543,0.282767,0.224835,0.240552,0.283463,0.333378,0.353898,0.393969,0.346148,0.383279,0.051634,0.364672,0.340516,0.262866,0.321152,0.266351,0.328442,0.130482,0.287041,0.359360,0.241360,0.179181,0.158668,0.295873,0.237247,0.211214,0.369710,0.359639,0.119754,0.163061,0.305988,0.084434,0.217554,0.346491,0.262042,0.329501,0.302091,0.252061,0.408665,0.394130,0.355375,0.153028,0.429291,0.361288,0.128045,0.273065,0.520132,0.293114,0.306854,0.470268,0.306570,0.492566,0.312077,0.017488,0.331243,0.387687,0.137337,0.105911,0.270547,0.193169,0.211101,0.419346,0.203855,0.120959,0.251563,0.177509,0.439640,0.160396,0.350093,0.386295,0.382180,0.236436,0.210196,0.203588,0.390546,0.266840,0.325134,0.237320,0.309407,0.060888,0.066756,0.191950,0.326400,0.256045,#
17,0.377594,0.137818,0.291607,0.115549,0.325392,0.295014,0.408007,0.294505,0.323536,0.226772,-0.008929,0.268301,0.258101,0.301704,0.162826,0.254855,0.338245,1.000000,0.287795,0.404320,0.251802,0.326522,0.290807,0.472280,0.363114,0.375507,0.267628,0.243814,0.193639,0.322489,0.195067,0.297621,0.029610,0.306538,0.355191,0.285261,0.200890,0.216055,0.341352,0.280023,0.381282,0.324949,0.362613,0.172378,0.257112,0.026634,0.214683,0.309872,0.324283,0.301966,0.237707,0.273532,0.332361,0.207497,0.341236,0.371860,0.191112,0.096754,0.384499,-0.089862,0.232904,0.375307,-0.012509,0.136970,0.194953,0.424634,0.319052,0.230972,0.170214,0.279142,0.213201,0.119416,0.034270,0.386404,0.182699,0.045137,0.323338,0.322477,0.298389,0.290251,0.156044,0.191035,0.326005,0.190189,0.233084,0.200360,0.124383,0.225785,0.252345,0.269542,0.242324,0.143278,0.333419,0.149658,0.147414,0.278946,0.368373,0.176532,0.040432,0.336469,0.335548,0.030860,0.270818,0.214721,0.039819,0.207956,0.332393,0.137405,0.046760,0.108667,0.326155,0.197443,0.135267,0.466437,0.190832,-0.049267,0.138769,0.335039,0.026542,0.188342,0.167683,0.198556,0.295139,0.312379,0.390322,0.351008,0.216773,0.227808,0.226080,0.267039,0.362190,0.354724,0.336170,0.160196,0.083025,0.368563,0.201830,0.317844,0.367399,0.369567,0.185740,0.286572,0.505208,0.200895,0.125352,0.190223,0.388797,0.164997,0.255937,0.045114,0.386013,0.184043,0.189296,0.448902,0.185687,0.433592,0.472459,0.192554,0.304944,0.349376,0.231131,0.168043,0.559231,0.140480,0.357069,0.443877,0.118966,0.372772,0.334697,0.040490,0.430513,0.122191,0.169227,0.084379,0.283535,0.143890,0.191194,0.334684,0.157269,0.358877,0.150126,0.433601,0.302853,0.374421,0.382361,0.213934,0.322988,0.345102,0.038801,-0.014816,0.258355,0.285117,0.273106,0.253169,0.414285,0.454269,0.020219,0.453703,0.171466,0.187513,#
18,0.290316,0.308043,0.229360,0.385386,0.306277,0.073981,0.249455,0.511491,0.299113,0.337787,0.242791,0.339567,0.435999,0.325614,0.017101,0.122602,0.299908,0.287795,1.000000,0.503899,0.310526,0.352428,0.445451,0.158064,0.276941,0.366201,0.213994,0.378651,0.314249,0.380684,-0.020178,0.323097,0.282130,0.419636,0.366141,0.349412,0.251391,0.221526,0.363442,0.164835,0.419611,0.071532,0.308984,0.349289,0.368440,0.055572,0.433772,0.325813,0.231684,0.091441,0.080166,0.341099,0.452390,0.195158,0.224586,0.240171,0.203684,0.335172,0.351780,0.274629,0.229902,0.314088,0.168292,0.072691,0.429459,0.309828,0.253352,0.329194,-0.048756,0.325868,0.347949,0.002665,0.290274,0.261009,0.397080,0.173154,0.436755,0.314215,0.516793,0.217725,0.041691,0.122484,0.453120,0.189425,0.389673,0.322624,0.279469,0.358319,0.242317,0.155045,0.362818,0.334924,0.301702,0.276084,0.577911,0.237886,0.246201,0.516258,0.369567,0.359136,0.340011,0.128122,0.308577,0.431215,0.360134,0.415600,0.160411,0.196963,0.400499,0.257814,0.358789,0.135954,0.349696,0.403381,0.104164,0.019453,0.324134,0.080571,0.213512,0.334890,0.470418,0.510277,0.270774,0.220151,0.257101,0.184237,0.283630,0.081417,0.489783,0.200487,0.373801,0.203466,0.315880,0.254339,0.267146,0.454832,0.460121,0.265679,0.297415,0.202679,0.139091,0.437285,0.348068,0.355313,0.176859,0.367649,0.322622,-0.055742,0.424385,0.353640,0.274953,0.568874,0.387840,0.370118,0.253505,0.355983,0.232527,0.307614,0.395097,0.267208,0.324851,0.188556,0.422936,0.234969,0.454886,0.318519,0.527299,0.381404,0.187230,0.100303,0.379025,0.467337,0.210760,0.077418,0.007467,0.287323,0.233249,0.587362,0.028656,0.400949,0.295302,0.265582,0.235394,0.350345,0.218144,0.341841,0.268300,0.340182,0.141121,0.194120,0.498635,0.175322,0.174873,0.312561,0.394974,0.225505,0.000949,0.265296,0.319823,0.394374,#
19,0.296930,0.358053,0.292058,0.397469,0.487335,0.427971,0.243320,0.304715,0.417091,0.380513,0.145354,0.285417,0.383531,0.169130,0.114604,0.209317,0.255182,0.404320,0.503899,1.000000,0.381298,0.506635,0.338859,0.310460,0.194873,0.266930,0.421866,0.195914,0.395114,0.347335,0.212454,0.408252,0.208721,0.371930,0.294069,0.270730,0.377248,0.219244,0.346613,0.334745,0.460990,0.099357,0.241748,0.275863,0.245553,0.069947,0.393927,0.280701,0.380575,-0.092910,0.037575,0.291065,0.274373,0.290798,0.216795,0.241680,0.428017,0.237730,0.328184,-0.007499,0.403325,0.382022,0.228865,0.212300,0.469171,0.488195,0.398531,0.277687,0.159487,0.367258,0.287562,0.104468,0.256384,0.261924,0.252451,0.140647,0.346244,0.171348,0.222120,0.193701,0.008991,0.155678,0.359622,0.219747,0.368487,0.333268,0.233114,0.430519,0.338672,0.241701,0.345617,0.357634,0.485900,0.342622,0.385046,0.213033,0.276092,0.349303,0.333189,0.313104,0.386195,0.209410,0.350294,0.345898,0.140936,0.258798,0.310298,0.264263,0.277543,0.131663,0.117255,0.190023,0.283706,0.398107,0.207637,0.073753,0.354968,0.296158,0.095105,0.236456,0.218750,0.398449,0.488380,0.407426,0.326753,0.206824,0.259906,0.251838,0.518768,0.479305,0.380216,0.363495,0.331701,0.299297,0.213975,0.337227,0.361347,0.251195,0.317902,0.386199,0.138322,0.250500,0.385706,0.268740,0.180825,0.256543,0.243531,0.014790,0.350438,0.259020,0.358517,0.562303,0.230353,0.377212,0.318212,0.367275,0.359563,0.170668,0.409489,0.362673,0.393441,0.469876,0.389782,0.222946,0.463411,0.272813,0.099166,0.394798,0.200288,0.255198,0.299446,0.376134,0.112763,0.028155,0.314038,0.408387,0.229424,0.555724,0.154576,0.357384,0.112059,0.447461,0.413713,0.479468,0.330177,0.265299,0.382445,0.399650,0.264556,0.213255,0.347839,0.347848,0.264842,0.413603,0.191504,0.330354,0.167319,0.198338,0.294109,0.361788,#
20,0.301671,0.035865,0.201225,0.040025,0.328850,0.214427,0.395389,0.262959,0.241976,0.443468,0.125478,0.079723,0.288395,0.359909,0.168709,0.173302,0.435778,0.251802,0.310526,0.381298,1.000000,0.323788,0.218889,0.331562,0.040894,0.247355,0.303786,0.215819,0.302953,0.429463,0.000180,0.248169,0.275713,0.444782,0.332062,0.411075,0.218559,0.010523,0.295505,0.255724,0.333674,0.439686,0.087509,0.281391,0.388395,0.121203,0.322574,0.093512,0.242696,0.132960,0.065308,0.327005,0.250324,0.324144,0.298263,0.178822,0.185859,0.262808,0.387675,0.093032,0.299850,0.300354,0.435849,0.054057,0.355883,0.438207,0.297473,0.030848,0.331194,0.345308,0.318317,-0.001354,-0.010642,0.401258,0.328032,-0.062562,0.351276,0.273273,0.128186,0.395832,-0.024320,0.351259,0.448979,0.326460,0.161400,0.110893,0.269463,0.215856,0.287928,0.353207,0.302386,0.438215,0.323353,0.241289,0.390111,0.079986,0.169676,0.350755,0.285107,0.284655,0.397271,0.155726,0.409512,0.428920,0.183714,0.103747,0.198200,0.239438,0.164861,0.416995,0.227391,0.248624,0.272441,0.155824,0.340692,0.110263,0.338413,0.311977,0.014617,0.340032,0.413788,0.200508,0.246619,0.512544,0.231985,0.307010,0.284775,0.123212,0.398120,0.270591,0.321610,0.206502,0.297252,0.372603,0.371133,0.159833,0.198810,0.216461,0.353069,0.353139,0.184750,0.221950,0.086922,0.301598,0.252119,0.141994,0.304076,-0.024489,0.102560,0.433598,0.206328,0.350138,0.344802,0.427898,0.145553,0.357491,0.395672,0.191535,0.388718,0.476862,0.251567,0.390447,0.376318,0.282472,0.517754,0.108266,0.129644,0.336122,0.444660,0.126228,0.316835,0.401027,0.418979,-0.104250,0.199862,0.280851,0.030833,0.385517,0.440198,0.166266,0.226606,0.170017,0.342506,0.239054,0.126218,0.227523,0.222687,0.471426,0.037915,0.026882,0.070804,0.218693,0.183362,0.409653,0.180923,0.066313,0.129750,0.088124,0.230176,0.209935,#
21,0.266328,0.410579,0.175627,0.299444,0.388503,0.276941,0.179236,0.374396,0.402166,0.387771,0.099879,0.142352,0.239693,0.326346,0.073173,0.232894,0.440719,0.326522,0.352428,0.506635,0.323788,1.000000,0.346743,0.379249,0.112238,0.291884,0.347375,0.130779,0.223603,0.254060,0.192618,0.410005,0.330656,0.276622,0.380893,0.276822,0.403306,0.301479,0.447847,0.167199,0.446501,0.410752,0.297567,0.140226,0.339604,0.206615,0.207616,0.355247,0.450592,-0.012958,0.103303,0.438246,0.218144,0.130321,0.338956,0.211379,0.278563,0.271738,0.393702,0.038183,0.346930,0.199471,0.177915,0.179658,0.493787,0.435695,0.373596,0.328122,0.101512,0.186871,0.134524,0.291332,0.120662,0.264259,0.423955,0.313934,0.206183,0.224599,0.241672,0.430578,-0.052642,0.103608,0.325298,0.086794,0.491254,0.106823,0.142587,0.387241,0.281426,0.225900,0.159473,0.129884,0.418147,0.140833,0.345805,0.118574,0.238327,0.157753,0.174399,0.337894,0.226687,0.224341,0.400369,0.172403,0.013068,0.434168,0.119197,0.026242,0.358425,0.338235,0.328843,0.237217,0.192571,0.399562,0.061755,0.188609,0.417990,0.269928,0.064595,0.179183,0.289121,0.276613,0.360028,0.236471,0.387615,0.230321,0.163851,0.309238,0.422177,0.382101,0.340134,0.296044,0.369327,0.241114,0.375392,0.303909,0.040205,0.147875,0.226182,0.374814,0.166387,0.225337,0.364221,0.126865,0.208665,0.212722,0.165103,0.182695,-0.026078,0.366899,0.200301,0.439915,0.164989,0.290065,0.322120,0.358719,0.431131,-0.076047,0.251173,0.333059,0.365954,0.271372,0.337349,0.217976,0.332891,0.285851,0.265523,0.421150,0.250487,0.280644,0.349339,0.149685,0.070926,0.023709,0.326889,0.290966,0.040911,0.426160,0.115797,0.128100,0.245106,0.330832,0.374155,0.219450,0.241448,0.394349,0.220875,0.007416,0.127010,0.363915,0.398561,0.337082,0.211225,0.209180,0.270286,0.149653,0.270923,0.285818,0.135309,0.345392,#
