0,1.000000,-0.037057,-0.180677,0.190754,0.154873,0.113470,-0.034758,-0.042342,0.158919,-0.081788,-0.006535,-0.118261,0.055839,-0.240754,0.219035,0.370777,0.037861,0.285084,0.257130,0.023319,-0.008213,-0.016483,0.447140,0.294114,-0.016084,0.062708,0.139699,-0.116576,0.000899,0.054512,-0.026838,0.227032,0.181461,0.314090,0.187028,-0.001868,0.048078,0.266814,0.182468,0.295150,0.021852,0.171552,0.125983,0.164521,0.076009,-0.012835,-0.010746,0.250647,0.053255,0.321621,0.005227,-0.052703,0.006189,0.152511,0.197070,0.165736,0.311023,0.125126,0.019453,0.123266,0.043578,0.046185,0.251414,-0.139901,-0.047060,-0.060243,-0.026835,0.132485,-0.050976,0.154647,0.190902,-0.036640,0.060669,0.200903,0.106134,-0.271485,0.230246,0.110686,0.055201,0.115767,-0.109384,0.074492,0.087639,0.142188,0.209595,-0.007702,0.129484,0.057697,0.223842,0.376042,0.188677,0.065147,0.100693,0.054693,0.030811,0.224091,-0.062158,-0.128503,-0.029628,0.160431,0.217305,0.116103,-0.178733,-0.030991,0.207010,0.168381,0.335631,0.174128,0.154735,-0.133090,-0.080657,0.095771,-0.112844,-0.088512,0.233593,0.033393,-0.070505,-0.217066,0.140665,0.052587,0.095487,0.015572,0.116230,0.100566,0.077672,0.125246,0.156384,-0.038827,0.099433,0.224113,0.184598,0.090827,-0.118076,-0.018603,-0.046041,0.201585,0.024088,0.095033,-0.111396,0.039682,0.267388,0.198924,0.038011,0.144641,-0.069167,0.088263,0.192656,-0.089898,0.085198,0.103024,-0.121619,-0.110951,-0.098743,0.005674,0.051797,0.367595,0.162373,0.032747,0.011627,0.116499,0.010492,0.027004,-0.022416,-0.149049,0.078113,0.442308,-0.155422,0.316347,0.278977,0.033785,0.003586,-0.270559,0.202857,0.065202,-0.027747,0.132541,0.225769,0.137763,-0.027395,0.021127,0.339528,0.012043,0.069394,0.046226,0.087825,0.003124,0.227106,0.318811,0.125192,-0.078384,-0.075394,0.129367,-0.052400,0.004662,0.072545,-0.050007,-0.023908,0.217463,0.192108,0.026592,#
1,-0.037057,1.000000,0.107007,0.139774,0.011913,0.026220,0.303728,0.081949,0.212048,-0.074136,0.150352,0.191036,0.000204,0.051737,0.038097,-0.104591,0.053100,0.073294,-0.036748,-0.032210,0.082801,0.221297,0.043387,-0.233073,0.080182,0.003293,0.241337,0.320154,-0.254635,0.158700,0.030821,-0.018708,-0.019954,0.021867,-0.073825,0.268716,0.039575,0.034289,0.227759,-0.092767,-0.103441,-0.195516,0.157641,0.043994,0.098120,-0.018708,0.326969,-0.037767,-0.073022,-0.092683,0.055377,-0.255661,0.299043,0.190921,0.086688,0.162904,0.130490,-0.036396,-0.143702,-0.050708,-0.015717,0.066429,0.242452,0.009822,-0.210106,-0.129540,-0.059224,0.061902,0.018181,0.103238,0.030310,-0.027677,0.163873,-0.071558,0.150836,-0.033641,0.168850,0.107519,0.071237,0.130837,0.185422,0.099688,-0.003623,0.003655,0.083006,-0.205294,0.143067,0.082847,0.042785,-0.118028,-0.025141,-0.111671,-0.073065,0.035272,-0.056454,-0.010824,0.069474,-0.080117,-0.094397,0.092215,0.153584,0.162720,0.226415,0.013802,-0.041319,-0.005357,0.199045,0.070913,-0.016353,0.104263,0.046397,0.016973,-0.129666,-0.240305,0.062837,0.167251,0.281923,-0.032854,-0.073638,0.047107,-0.262291,0.076142,-0.009881,0.089326,-0.149270,-0.063175,0.223370,-0.003909,0.027008,0.188179,0.087393,0.093550,-0.108229,0.108435,0.134870,0.014716,0.165873,0.098280,0.226717,0.204405,0.128432,0.072529,0.197556,0.314038,0.327532,0.102887,0.066905,-0.087616,0.092894,0.052810,-0.003974,0.024260,-0.077506,-0.196277,0.155873,0.099005,-0.143386,-0.027690,-0.340248,-0.332647,-0.046165,0.038424,0.192356,0.189013,0.144246,-0.252651,-0.164836,-0.105480,-0.027152,0.303258,0.155075,0.161808,0.096893,-0.092060,-0.104001,0.078901,-0.034790,0.149513,0.156060,-0.035807,0.023357,-0.033343,-0.006911,-0.026983,0.162977,-0.000502,0.056010,-0.009946,-0.087759,0.060886,0.190444,-0.104384,-0.319881,0.226331,0.165642,0.098211,-0.273814,-0.054835,0.007152,0.207553,#
2,-0.180677,0.107007,1.000000,-0.076937,0.087669,0.080488,0.204757,0.014739,0.107220,-0.051057,0.209430,0.272388,0.168520,0.061077,-0.239155,0.096775,-0.038082,-0.111318,0.065335,-0.058309,0.055052,0.105647,-0.313680,-0.150513,0.080088,0.125976,0.045247,0.126263,-0.088390,-0.114006,-0.060588,0.061910,-0.084120,-0.195523,-0.126142,0.015187,0.101119,-0.192812,-0.076742,-0.326768,0.036172,-0.038949,0.166405,0.060168,0.303753,-0.290500,0.078109,-0.087393,0.041675,0.052726,0.130704,0.179578,0.020127,-0.033287,0.087148,-0.126005,0.014335,0.067200,0.170032,0.102408,0.207553,0.069519,-0.165619,0.206348,0.098749,0.055275,0.172665,0.061394,0.127282,-0.032137,-0.326371,0.135808,-0.148882,-0.048676,0.113711,0.012161,0.156539,0.062280,-0.002847,-0.146628,0.047294,-0.261880,-0.216098,0.038858,-0.006573,0.024037,-0.001805,0.158349,-0.028264,-0.094032,-0.280271,0.060833,0.030179,0.203607,-0.230783,0.216689,0.149348,0.033249,0.183129,0.102882,-0.193269,0.019642,-0.169889,0.128207,-0.155570,0.021943,-0.121790,0.071618,0.002411,0.121245,0.297984,0.165889,0.017125,-0.085969,-0.070034,0.108973,0.171602,-0.221622,-0.306893,0.045602,-0.020620,-0.161175,-0.051335,-0.140661,-0.020962,-0.180696,0.169802,0.010009,-0.002576,-0.085357,-0.183698,0.004402,-0.048123,0.038137,0.055565,-0.000223,-0.002408,0.032926,0.297302,-0.075446,0.158488,0.069875,0.033319,-0.151876,0.355478,-0.232286,-0.367455,-0.178673,0.200982,-0.184494,0.018299,0.026063,0.172943,0.091109,-0.177349,-0.048546,0.117469,-0.195622,-0.158703,0.054336,0.003909,0.051917,0.051150,0.277224,-0.044276,0.277142,0.040431,-0.029658,-0.151003,0.022189,-0.199422,0.372916,0.022233,-0.043549,0.228441,-0.219159,0.071635,0.083593,-0.232467,0.110315,0.226152,0.073150,-0.318338,0.158435,0.089393,0.151909,0.000797,0.063533,0.015835,-0.333964,0.013082,-0.016348,0.100068,-0.071608,0.110449,-0.021635,-0.109078,-0.065334,0.003927,0.091755,#
3,0.190754,0.139774,-0.076937,1.000000,0.069070,0.114570,0.151248,0.008674,0.290405,-0.076658,0.157594,0.021177,0.206154,-0.086425,0.218608,0.069943,0.216621,0.303841,0.174429,0.190013,0.157162,-0.009716,0.264224,0.252576,0.069557,0.151056,0.089466,0.028185,0.115090,0.074812,-0.048601,0.135285,0.519702,0.225187,-0.117198,0.085231,0.108613,0.364155,0.232201,0.138456,-0.035529,0.223374,0.322297,0.322954,0.009078,0.169996,0.133383,0.223065,0.032731,0.076719,0.130897,0.230000,0.315402,-0.054834,0.105769,0.128014,0.027678,-0.145719,-0.088918,0.199125,0.178689,0.243128,0.018703,-0.020046,0.291547,0.144525,0.002636,-0.053682,0.060280,0.314249,-0.085893,0.100929,0.208305,-0.020281,0.086935,0.079539,0.097713,0.165741,0.076499,-0.275354,0.252722,0.123939,0.197094,0.110263,0.261153,0.116497,-0.037047,0.013232,0.275840,0.117982,0.096622,0.144671,0.101510,0.028407,0.000203,0.077129,0.105613,-0.218364,0.315770,0.158713,0.094141,0.023491,0.045564,0.076902,0.197934,0.054924,0.217538,0.187626,-0.056203,0.070914,0.059892,0.104612,0.065023,-0.077636,0.094188,-0.058049,0.222792,0.122018,-0.071483,0.163910,0.100688,-0.037086,0.035571,0.311386,0.093922,0.097869,0.267615,0.144171,-0.104110,0.125096,0.311804,0.111774,0.039515,0.255561,0.143336,0.119591,0.088806,0.089905,0.232010,0.090981,0.131239,0.252729,0.109661,-0.022555,0.120732,-0.057768,0.256371,0.227321,0.073708,0.231800,-0.034215,0.088836,-0.011203,0.020017,0.183820,0.077310,-0.065996,0.210048,0.074932,0.140386,0.115832,0.131719,0.271496,0.310060,0.128411,0.059704,-0.039928,0.135029,-0.194666,-0.057600,0.187184,-0.041043,0.061108,-0.221186,-0.034002,0.023779,0.236689,0.012517,0.051154,0.176541,0.125433,0.389728,0.219536,-0.341361,-0.200675,0.091578,0.079837,0.085092,0.135712,0.058548,0.130766,0.107390,0.072458,-0.198298,0.133238,0.176431,0.212278,-0.048892,-0.017072,-0.038101,#
4,0.154873,0.011913,0.087669,0.069070,1.000000,0.184922,-0.083940,0.007718,0.201548,-0.020653,-0.025513,-0.062816,-0.067103,-0.143352,0.004076,0.068507,-0.178379,0.142243,0.052897,0.245307,0.285019,-0.117086,0.176171,0.096556,-0.016906,0.151511,-0.023880,-0.145239,0.171393,0.040983,0.042881,-0.027980,-0.035241,0.012250,-0.058750,0.228245,0.337797,-0.018978,-0.026962,0.033858,0.062980,0.479877,0.031144,-0.075663,0.133707,-0.040336,0.233286,0.058807,0.052020,0.102695,-0.012965,0.120455,0.107549,0.077003,0.398317,0.302404,0.119703,0.047164,0.109839,-0.070053,-0.073742,0.196828,-0.004147,-0.046998,-0.023420,-0.215367,0.083367,0.033801,-0.105040,0.119670,0.050831,0.099956,0.075839,0.187604,-0.119928,-0.131890,0.102564,0.241499,0.071036,-0.001714,0.188470,0.128572,0.011790,-0.017865,0.368391,0.006762,0.037120,0.110626,0.057115,0.222602,0.321701,-0.009129,0.150170,0.044695,0.076507,0.228470,0.001498,-0.032913,-0.147195,-0.002481,-0.103120,-0.035013,0.152821,0.111035,0.056998,0.208742,-0.069441,0.229820,0.171507,0.132608,0.170853,0.271717,0.191085,0.181175,0.135958,-0.136181,0.171161,-0.047153,-0.034154,0.087689,-0.002365,-0.035964,0.051310,-0.119842,0.274743,-0.042775,0.218205,0.069478,0.133487,-0.021308,0.223552,0.104277,0.016751,0.040807,-0.003663,0.037846,0.039078,0.101065,0.167510,0.142569,0.299824,0.044744,0.100078,-0.076483,0.225074,0.191422,0.042580,0.302459,0.087950,-0.120281,0.034527,0.166021,-0.007420,0.327636,0.244023,-0.049040,0.296218,0.093608,-0.198611,0.129567,0.154564,-0.027378,-0.125497,-0.152813,-0.140288,0.084239,-0.021048,0.124090,-0.015418,0.016038,-0.124792,-0.129697,0.375015,0.127173,0.189851,0.087455,0.123374,0.132241,0.089558,0.248269,0.020483,-0.022157,0.207681,-0.027375,0.195825,0.035633,-0.262909,0.255628,0.208824,0.250477,-0.043260,0.280844,-0.018510,-0.133403,0.262509,0.080922,0.222228,0.083366,0.047452,0.241702,#
5,0.113470,0.026220,0.080488,0.114570,0.184922,1.000000,0.089052,0.295636,0.192335,0.237075,0.146057,0.143941,0.220469,-0.090159,0.173860,-0.096404,-0.138066,0.015955,-0.084675,0.170414,-0.045896,0.025405,0.180560,-0.191838,0.153450,-0.030717,0.103792,0.200344,0.158608,0.088505,0.144652,0.055055,0.205317,0.076032,0.034806,0.219469,0.164740,-0.036606,0.073239,0.183273,0.262845,0.062750,0.228829,0.016672,0.056560,0.022165,0.067611,-0.151364,0.214280,-0.006588,0.189143,0.100062,-0.019729,-0.194258,0.351904,0.151324,0.086199,-0.072669,0.264834,-0.032256,0.016060,-0.005800,0.137727,0.071628,0.258338,0.027077,0.040852,-0.025089,0.093633,-0.166797,0.099857,-0.043691,0.204357,0.338838,0.029544,-0.131441,0.112699,-0.077772,0.136431,0.014212,0.085062,0.047026,0.272422,-0.151070,0.121962,-0.117644,0.009547,0.014741,-0.066365,-0.164268,-0.101465,0.123175,0.212830,0.353666,-0.127547,0.325542,-0.073346,0.000052,0.003641,-0.015499,-0.086001,0.029332,-0.134463,0.039273,-0.014663,0.192550,0.210693,0.157338,0.076622,-0.027874,0.109851,0.133659,-0.096119,-0.081231,-0.001711,-0.025551,0.097564,0.110179,-0.206535,0.026722,-0.231939,0.114201,-0.011169,0.006006,-0.092320,-0.032316,0.049143,-0.203955,0.286900,0.045683,0.320722,-0.108505,0.158853,0.269856,0.244238,0.157741,0.043165,0.157948,-0.114346,-0.102993,0.026677,0.173656,0.123281,-0.027835,0.101864,0.061590,0.163296,0.075388,-0.077262,0.086406,0.235659,0.090585,0.303163,0.108372,0.047772,0.047477,0.027704,0.015536,0.033493,-0.032811,0.184237,-0.060031,0.227121,0.176214,-0.073418,0.117279,0.018142,0.275026,0.178137,0.094285,0.298599,-0.002722,0.445648,-0.101282,-0.091701,0.141590,0.149561,0.034613,0.054992,0.108928,0.054289,-0.063228,0.239408,0.132621,-0.115079,0.054634,0.117128,-0.011780,0.195283,-0.082043,0.023704,0.179368,0.092167,-0.087429,0.349107,-0.170800,-0.128553,0.107174,0.177958,0.405508,#
6,-0.034758,0.303728,0.204757,0.151248,-0.083940,0.089052,1.000000,0.033756,0.173314,0.028851,0.046920,0.137819,-0.059761,0.076922,-0.121026,0.012250,-0.055181,-0.079321,0.095720,-0.162479,-0.002549,0.210049,-0.043341,-0.113588,0.092271,-0.006257,-0.010546,0.117321,-0.061891,-0.026619,0.120214,0.100134,-0.023939,0.070955,-0.220857,-0.101904,-0.153740,0.150193,-0.120293,-0.078010,-0.230314,-0.122429,0.085628,0.194557,0.028678,-0.142856,0.010228,-0.061557,0.101052,-0.150606,0.008066,-0.199244,0.049192,0.027064,-0.128453,0.034404,-0.125704,-0.139146,0.112298,0.236988,0.176914,-0.149099,0.207400,-0.154218,0.006958,0.278868,-0.115904,0.132942,-0.073340,0.056979,-0.036289,0.034278,-0.095366,0.208846,0.208891,-0.071377,0.261551,0.165718,0.125095,-0.207775,-0.101075,-0.240561,0.123324,0.092889,0.013125,0.080560,0.038744,0.171279,-0.108771,-0.072915,0.024392,-0.144729,-0.012609,0.017711,-0.046751,0.027300,0.049885,-0.050994,0.140543,0.170354,-0.005228,0.322982,0.050141,0.077283,-0.269119,0.303190,0.241077,0.023410,0.245021,0.082171,0.058804,0.057048,-0.069632,-0.328869,-0.025378,0.231530,0.098819,-0.030035,-0.100334,-0.092392,0.041302,0.081864,-0.178426,0.044765,-0.154961,-0.132823,0.008823,-0.106043,-0.171474,-0.046397,-0.035534,0.091117,-0.043041,0.043697,-0.087075,0.126014,-0.007099,-0.007945,-0.006930,0.154639,-0.093003,0.250175,-0.211946,-0.031259,0.030349,-0.034397,0.076847,-0.110721,0.123032,-0.248305,0.220014,-0.277229,0.124983,-0.227350,0.150303,0.011360,-0.045684,0.230177,-0.081500,-0.127967,-0.152552,0.044816,0.095325,0.278574,0.064741,0.101592,-0.233114,0.025180,-0.159348,0.086075,-0.066107,-0.079416,0.045061,-0.009307,0.099536,-0.022519,-0.051116,-0.011173,0.102005,-0.109006,0.008797,-0.037713,0.154852,-0.046314,-0.036983,0.106442,-0.038082,0.088825,0.111066,0.076906,0.075739,0.207255,-0.161879,-0.022937,-0.108265,-0.059449,0.066243,-0.023306,0.030923,0.220902,#
7,-0.042342,0.081949,0.014739,0.008674,0.007718,0.295636,0.033756,1.000000,0.202297,-0.027166,0.316344,0.403739,-0.034033,-0.113832,0.138116,0.051262,0.048657,0.414187,-0.064452,0.017246,-0.171953,-0.007347,-0.076969,0.042917,0.248475,0.115952,0.084079,0.379741,-0.008727,0.159894,0.057104,-0.173582,0.249547,-0.013607,-0.162912,0.179795,-0.141681,-0.219700,0.202010,-0.015798,0.240346,-0.201696,0.031815,0.066890,0.105516,-0.090823,-0.044433,-0.093794,-0.124053,0.040547,0.144273,-0.064230,0.043543,0.119663,0.061942,-0.022045,0.083104,0.209002,0.042358,0.054746,-0.114944,0.132656,0.143152,0.083578,0.109010,0.154330,0.292204,-0.201292,-0.106851,0.219893,0.054251,-0.023954,0.224563,0.045187,-0.247009,0.041806,-0.140588,0.025014,-0.106769,0.362877,0.085261,-0.017883,0.186413,-0.019896,0.129722,-0.017913,0.119016,-0.000066,-0.007715,0.053736,0.006111,0.017690,0.156288,0.161120,-0.171632,0.063446,-0.098258,0.073152,-0.145740,0.106978,0.036486,-0.034629,-0.180100,0.030122,-0.138577,-0.098233,0.171005,0.229566,-0.106779,0.066823,-0.023142,0.128137,0.004821,0.114340,0.171044,0.097640,0.005804,-0.084144,-0.197908,-0.098718,-0.045790,0.160602,-0.018962,0.024203,0.097861,0.062942,0.138210,-0.137545,0.028970,-0.030565,0.197081,0.103059,0.163119,-0.063559,0.388835,0.164276,-0.238161,0.412675,-0.013195,-0.017038,0.166522,-0.004516,-0.131511,-0.091693,0.096820,-0.061083,0.241497,-0.132480,-0.171013,-0.022240,0.162331,0.092207,0.201462,-0.168341,0.064696,0.146466,0.165504,-0.098647,0.148603,-0.081458,0.074892,-0.005717,0.348989,-0.103105,-0.251525,0.155491,0.295792,0.045778,-0.028564,-0.004428,-0.016256,-0.035974,0.276927,0.009949,0.120357,0.020692,-0.101014,0.074585,-0.212808,0.276164,0.054206,0.161959,0.174178,0.162651,-0.276921,0.088249,-0.113947,-0.131182,-0.004681,0.170626,0.274240,-0.091706,0.043336,0.046972,0.174013,-0.250329,-0.115548,-0.143913,0.023647,0.148560,#
8,0.158919,0.212048,0.107220,0.290405,0.201548,0.192335,0.173314,0.202297,1.000000,0.131666,0.284065,0.234272,0.204767,-0.407992,0.229673,0.283944,-0.075605,0.203533,0.114649,-0.024756,-0.098843,0.018362,0.120242,0.223808,0.019732,-0.078121,-0.040736,0.190128,-0.189587,0.153209,-0.185820,0.122682,-0.057756,-0.006816,0.016619,0.082924,0.069379,-0.113348,0.073173,0.017958,0.188112,0.061927,0.234679,0.080466,0.279601,0.104798,-0.041622,-0.084034,0.166815,0.027023,0.146498,0.208981,0.210560,0.118708,0.011058,0.229106,0.181537,0.152560,0.017720,0.272275,0.117952,-0.024566,0.152901,-0.110868,0.207942,0.311825,0.138053,-0.067671,0.247149,0.018578,0.034978,-0.122901,0.048441,0.102781,0.192275,0.096941,-0.001318,0.131154,-0.034737,0.089506,0.201369,0.077432,-0.004662,0.052800,0.237104,0.062157,0.038900,-0.060849,-0.006659,0.115490,-0.023679,0.274162,0.264209,-0.142103,0.238774,0.295036,0.192471,-0.057979,0.132072,-0.035862,0.005088,-0.084643,0.168066,0.034684,0.095883,-0.092905,0.186276,0.025095,-0.098377,0.063855,0.004777,-0.014483,-0.135613,-0.042094,0.141748,0.174215,0.119778,-0.190488,0.033080,0.193786,0.002978,0.034887,0.050541,-0.010499,0.009439,0.043100,0.181148,0.258224,-0.141422,0.266765,0.134138,-0.208898,0.057588,0.148621,0.166545,0.266849,-0.017729,0.271402,0.065189,-0.101469,0.185472,0.100402,0.123875,-0.068364,-0.093097,-0.101585,0.157245,0.001424,0.146885,0.049507,0.180328,-0.005235,0.059171,-0.029399,0.204933,0.325610,0.299521,0.193702,-0.018604,0.017497,-0.009317,-0.073853,0.097931,0.136783,0.084201,0.036543,0.087882,-0.106605,-0.038839,0.175879,0.077717,-0.044856,0.138144,-0.196807,0.084961,0.066497,0.021835,0.042332,0.017261,0.195569,0.072564,-0.002821,0.068340,-0.100950,-0.196908,0.125141,-0.126541,-0.031385,0.343515,0.103370,0.053357,0.119482,0.087745,-0.139909,0.302137,-0.092531,-0.032546,-0.100464,-0.043520,0.001832,#
9,-0.081788,-0.074136,-0.051057,-0.076658,-0.020653,0.237075,0.028851,-0.027166,0.131666,1.000000,0.273426,-0.138757,0.086240,-0.053025,0.029638,0.149184,0.007732,-0.042878,-0.280031,0.188382,-0.024394,-0.105328,-0.050052,-0.163306,-0.138544,-0.239408,0.008278,0.029245,-0.059854,0.134168,0.261254,-0.102159,-0.152101,0.175048,0.218927,-0.007607,-0.158131,0.148163,-0.185096,-0.179161,0.089963,-0.061614,0.040700,-0.112772,-0.081008,0.057475,-0.019066,-0.160595,0.013759,0.045396,0.035169,0.008685,-0.085111,-0.022673,-0.278643,0.022316,-0.044796,-0.081441,0.184708,-0.116474,0.190023,0.212989,0.211030,0.098776,-0.037356,0.106145,-0.122770,-0.137151,-0.045585,-0.231426,0.240685,-0.004623,-0.033432,0.141058,-0.109867,0.024427,-0.172874,-0.259938,0.150966,0.256177,0.050837,0.144597,-0.175061,-0.284905,0.194342,-0.059208,0.023914,-0.025291,-0.380217,-0.246252,-0.097235,0.109220,0.201889,-0.247209,0.015701,0.154020,0.048514,0.122465,0.060869,-0.360073,-0.252178,-0.055074,0.219627,-0.007910,0.204754,0.044418,0.041399,-0.200847,0.103747,-0.137194,-0.072240,-0.092457,-0.146583,0.299598,-0.094402,-0.044908,-0.135846,-0.006407,0.102269,-0.212251,-0.122009,0.184299,-0.203030,-0.084033,-0.251344,0.030740,-0.195436,0.137164,-0.074526,0.265685,-0.087151,-0.195731,0.046832,0.053812,0.071620,0.112867,0.120888,0.218470,-0.073039,-0.434026,-0.119608,0.092109,0.168097,-0.021334,-0.253277,0.115086,0.022239,0.065783,0.146415,0.358878,-0.116440,-0.134850,0.340398,0.191697,0.172614,-0.070452,-0.039936,0.080963,0.070570,-0.214726,0.144684,-0.130398,-0.009027,0.189781,0.055983,0.005162,-0.005455,-0.134628,0.243096,-0.252277,0.081487,-0.078322,0.000324,0.020949,-0.073942,0.065378,-0.060909,0.073888,0.046263,-0.121138,-0.002939,-0.009307,0.086471,0.111154,-0.075242,0.004967,-0.080312,-0.044614,0.110645,0.006217,0.115399,-0.004167,-0.070833,-0.032948,-0.012869,0.026693,-0.073424,-0.100816,-0.090151,0.159656,#
10,-0.006535,0.150352,0.209430,0.157594,-0.025513,0.146057,0.046920,0.316344,0.284065,0.273426,1.000000,0.085874,0.188862,-0.105846,0.178856,0.139073,0.036942,0.219762,0.124450,0.190091,-0.094584,-0.002466,-0.093102,0.059878,0.072177,-0.145363,-0.098362,0.330464,-0.043258,0.277856,0.140152,-0.032789,0.226502,0.067730,0.236780,0.073289,-0.028592,0.073507,0.299085,0.071331,0.215256,-0.119147,0.148268,-0.066473,-0.018310,0.058654,0.114390,-0.092409,0.094732,0.206015,0.118379,0.021323,-0.102270,0.206584,-0.119228,0.198828,0.020827,-0.039547,-0.068753,0.243861,0.128182,0.341006,0.002726,0.380824,0.348560,0.193109,0.260327,-0.108988,-0.114831,-0.026635,0.083536,0.021494,0.105868,0.234021,0.058141,0.139673,0.052632,-0.023723,-0.071676,0.214343,0.369785,-0.016858,0.152867,-0.007194,0.331846,-0.067093,0.142290,0.162449,-0.044811,-0.021892,-0.226584,0.015668,0.219050,0.090466,-0.032097,0.288012,0.210631,0.012820,0.091622,0.011153,-0.279056,-0.084965,0.242846,-0.104163,0.031677,-0.167476,0.166405,0.193150,-0.082231,-0.091654,0.083981,0.237800,-0.063803,-0.051450,0.374409,0.178417,0.036721,-0.078379,-0.060643,0.047224,0.012023,0.198137,-0.085015,0.006060,-0.131945,-0.034862,0.162008,0.164955,0.065846,0.094251,0.202658,0.089671,-0.005530,0.031230,0.216901,-0.001411,-0.049064,0.485728,0.053500,-0.266184,0.267312,0.074534,0.124809,0.015288,0.186575,-0.085585,0.011533,0.064367,0.139339,0.065024,0.235978,0.260212,0.254580,-0.033814,0.263275,0.032569,0.102131,-0.215301,0.148482,-0.113990,0.135816,-0.216159,0.471717,0.174356,0.245494,0.171925,0.235804,-0.128990,-0.047349,0.109165,0.151809,0.043031,0.032020,0.100328,0.124921,0.070413,0.069758,0.265648,-0.173841,0.013078,0.187264,0.100676,0.151236,-0.066753,-0.027123,0.189062,-0.010772,-0.295763,0.082970,0.158853,0.383794,-0.154238,-0.028697,0.010017,0.194957,0.007542,-0.236966,-0.069014,0.130531,0.333787,#
11,-0.118261,0.191036,0.272388,0.021177,-0.062816,0.143941,0.137819,0.403739,0.234272,-0.138757,0.085874,1.000000,-0.027915,-0.015416,-0.212138,-0.004832,0.065624,0.119681,-0.087319,-0.357679,-0.116700,0.160578,-0.130137,-0.054702,0.160833,0.246456,-0.106519,0.314497,-0.068911,0.187961,0.137633,0.033013,0.056481,-0.005599,0.011446,0.193743,0.010560,-0.254925,-0.042740,0.046436,-0.081072,0.072734,0.301268,0.128764,0.045033,-0.068436,-0.250244,-0.110688,0.028223,-0.067163,-0.112501,0.195878,-0.112202,0.192702,0.070210,-0.164132,-0.147903,0.375673,0.046312,0.059753,-0.042245,-0.010956,0.152384,-0.013261,0.046545,0.171736,0.111480,-0.026653,0.111224,0.138730,-0.223532,-0.150722,0.236389,-0.041412,-0.188619,-0.175880,0.064820,-0.117059,-0.080542,-0.004217,0.117249,-0.044902,0.138938,-0.066226,0.021484,-0.052695,-0.158114,0.190478,0.120142,-0.053020,-0.279117,0.176670,0.289169,0.239781,0.072328,0.082239,-0.012140,-0.121382,0.301479,0.267481,0.036215,0.021159,-0.190613,0.098798,-0.247324,0.093502,0.154237,0.179385,0.070967,0.119614,0.226209,0.114101,-0.021505,0.072634,-0.186109,0.244706,-0.026699,-0.021186,-0.278562,0.071694,-0.063354,0.051956,0.047065,-0.021649,-0.043728,0.012113,-0.032983,0.089816,-0.029669,-0.072564,0.049284,0.128830,0.245809,0.045542,0.129660,0.132399,-0.266022,0.325006,-0.033308,0.169785,0.074260,-0.072446,0.003603,0.007040,0.154832,-0.051244,0.194903,-0.094233,-0.085080,-0.131643,0.018874,0.250775,0.090375,-0.061997,0.005784,0.129172,0.105107,-0.201963,0.087408,-0.083494,0.026502,0.248634,-0.031434,-0.067922,-0.148709,0.053919,0.194012,0.022291,-0.114834,0.160497,0.029113,0.002864,0.014559,-0.170481,0.128986,0.024451,-0.117348,0.035562,-0.036017,0.027964,0.201317,-0.017529,0.029639,-0.100037,-0.270731,0.122477,-0.193865,0.128859,0.038311,0.179974,0.125308,-0.240805,0.128618,0.212781,0.380644,0.095606,0.065611,-0.158437,0.005482,-0.187992,#
12,0.055839,0.000204,0.168520,0.206154,-0.067103,0.220469,-0.059761,-0.034033,0.204767,0.086240,0.188862,-0.027915,1.000000,-0.033289,0.310101,0.264550,0.287120,0.055950,0.233627,0.226299,-0.033987,0.139351,0.104270,0.156064,-0.217640,0.027551,-0.012951,0.305725,-0.177288,0.099669,-0.180897,0.257419,0.067357,0.074382,0.136660,0.285285,0.126616,0.112826,-0.058866,0.014976,0.035160,0.072754,0.083252,0.184962,0.236314,0.065286,0.030995,-0.043244,0.312600,0.079415,0.108987,0.016065,0.122398,0.097099,0.312843,-0.027351,0.104381,-0.035208,0.015951,-0.148332,0.138273,0.325164,-0.128788,0.184151,0.378291,0.043726,0.177329,0.107945,0.063823,0.044891,0.028732,0.025222,0.150371,0.066803,0.037214,0.068336,0.084753,-0.281138,0.058440,-0.112935,0.277221,0.015285,-0.172775,0.091285,0.203393,0.108849,0.092034,0.257515,0.128844,0.060509,0.087585,0.133298,0.015864,0.160618,0.032304,0.173889,0.185678,-0.096180,0.164519,-0.051629,0.187287,-0.000124,-0.000256,-0.081566,0.276727,-0.073143,0.177058,0.142874,-0.083476,0.014177,0.155359,0.054931,-0.014726,-0.000727,0.066914,-0.000329,0.198011,-0.072962,0.169459,-0.069223,0.200301,0.153863,0.216364,0.016904,0.078595,-0.400214,0.322544,0.015388,-0.030534,0.103347,0.012069,-0.040018,-0.078261,0.159738,0.132043,-0.028266,0.151579,-0.124841,0.014726,0.080737,0.190470,0.096714,0.054701,-0.042211,-0.064427,-0.134832,-0.130068,0.120279,0.013596,0.103040,-0.045757,0.106961,0.052120,-0.014008,-0.190552,0.287471,0.040625,-0.043673,0.000192,0.080539,-0.086426,0.223271,0.079838,0.277425,0.281997,0.024712,0.263873,0.069586,0.167133,0.107389,0.258128,0.156144,0.083018,0.091664,0.182126,0.105761,0.253187,0.205894,0.014986,0.074886,0.209250,0.143543,0.184891,0.097183,0.096141,-0.183293,0.113719,0.180579,-0.016567,-0.119064,0.270418,-0.032239,0.307313,0.015027,0.121358,0.176501,-0.030646,0.140721,0.125843,-0.078029,#
13,-0.240754,0.051737,0.061077,-0.086425,-0.143352,-0.090159,0.076922,-0.113832,-0.407992,-0.053025,-0.105846,-0.015416,-0.033289,1.000000,0.205435,-0.145441,0.207398,-0.142084,-0.009463,0.252136,0.090573,-0.168628,-0.151228,-0.026721,-0.198484,0.125655,0.041877,-0.129566,-0.157499,-0.116937,0.088153,0.042243,0.063831,0.062561,0.159420,-0.004087,-0.028903,0.026222,-0.217093,0.136175,-0.235005,-0.094101,-0.070773,-0.013138,0.049921,0.044834,0.085730,-0.185750,-0.023230,-0.074349,-0.080533,-0.162242,-0.019763,0.134565,0.052790,-0.123951,-0.121912,-0.007089,0.047313,0.133343,0.126146,0.224204,0.069003,0.109191,0.022280,-0.051385,0.357601,-0.024962,-0.074815,-0.003718,-0.018165,0.020186,-0.319558,-0.168884,0.218617,0.110074,0.325893,-0.024026,0.223589,-0.016968,0.012718,0.088041,-0.152125,0.134592,0.056500,0.131938,0.009886,0.119558,0.037960,-0.167535,-0.085322,-0.018147,-0.136961,0.182496,-0.096389,-0.191317,0.018044,-0.147645,-0.095675,0.281141,-0.100959,0.149913,0.067317,0.225126,-0.078909,-0.001901,0.181314,0.091704,0.077265,0.089246,-0.012463,-0.070587,0.299286,-0.010733,-0.009059,0.049446,0.268511,0.008030,-0.190969,-0.074150,0.100630,-0.040035,0.165544,-0.030479,0.046740,-0.112948,-0.026772,-0.076422,0.005855,0.060720,-0.307402,0.093971,-0.085265,-0.138540,-0.026466,-0.024108,0.008525,-0.098256,-0.026946,0.177870,-0.294551,-0.065723,0.195356,0.176652,0.012873,0.060396,-0.240749,-0.015398,-0.098145,-0.103656,0.016005,0.028576,0.008616,0.267279,-0.157855,-0.165866,-0.117442,0.023355,0.034349,0.103369,-0.302997,0.212145,-0.005313,0.185791,-0.033557,0.020368,-0.081296,-0.129035,0.018940,-0.137423,0.080545,0.096376,-0.181889,0.153027,0.105444,0.058372,0.104681,0.057081,0.003584,-0.190636,-0.072853,0.174134,0.018686,-0.022378,0.344004,0.159515,0.185551,-0.035680,-0.312808,0.075559,0.085115,0.063315,-0.050801,0.186211,-0.223537,0.064948,-0.020039,-0.132181,-0.001695,-0.156848,#
14,0.219035,0.038097,-0.239155,0.218608,0.004076,0.173860,-0.121026,0.138116,0.229673,0.029638,0.178856,-0.212138,0.310101,0.205435,1.000000,0.171468,0.197215,0.126850,0.129581,0.476691,0.014651,-0.140590,0.143026,0.344720,-0.112437,-0.059713,0.260967,0.145963,-0.122609,0.117239,-0.090429,0.241484,0.097573,0.051856,0.148755,-0.007815,0.031533,0.096134,-0.056157,0.303598,0.097818,-0.083789,0.219542,-0.061287,0.197348,0.332002,0.210239,-0.239703,0.150102,0.235696,0.214411,-0.079599,0.338618,0.276555,0.369765,0.182062,0.149225,-0.088856,-0.037088,0.036177,0.124802,0.310121,0.082984,0.030699,0.120815,-0.174580,0.384428,0.180337,-0.130068,0.092028,0.232149,-0.039386,-0.004637,0.068080,0.310817,0.218202,0.161209,-0.010766,0.197063,0.103573,0.261632,0.195056,0.051644,0.157776,0.246370,0.246783,-0.016073,0.028832,0.011190,-0.035612,0.074190,0.210037,0.051486,0.004777,0.179861,0.138835,0.040857,0.046999,-0.262398,0.005388,0.215588,0.189223,0.016597,0.297077,0.329433,-0.045042,0.422186,0.147535,-0.047742,-0.036674,-0.070666,-0.312267,0.114872,0.115410,0.171176,-0.043783,0.107738,-0.119216,0.092600,0.044404,0.293276,0.193979,-0.122492,-0.113730,0.097477,-0.092394,0.071321,-0.018470,-0.009239,0.394278,-0.011110,0.019368,-0.066844,-0.022541,0.020605,0.174890,-0.094334,0.229282,-0.027518,0.078175,0.152707,0.313627,0.092806,0.175984,-0.140648,0.114379,0.134473,0.073594,-0.284549,0.014387,0.253856,0.289726,-0.084256,0.136444,0.235697,0.186173,0.080421,-0.050737,0.016716,0.074045,-0.061799,-0.056312,0.287333,0.101809,0.177043,0.006126,-0.039680,-0.060144,0.112021,0.109207,0.309903,0.025841,0.087365,0.028165,0.041458,0.001139,0.241454,0.220352,0.158854,-0.043927,0.048967,0.107749,0.135402,0.008630,0.249838,0.039673,0.263611,-0.272524,-0.065729,0.120834,0.165058,0.082714,0.009933,-0.022191,-0.014444,0.008260,-0.161022,-0.064596,0.042512,0.031072,#
15,0.370777,-0.104591,0.096775,0.069943,0.068507,-0.096404,0.012250,0.051262,0.283944,0.149184,0.139073,-0.004832,0.264550,-0.145441,0.171468,1.000000,0.325431,0.188291,0.148042,0.167335,-0.094853,-0.000220,0.146097,0.311690,-0.089416,0.227423,0.086582,0.134593,-0.018809,0.148145,0.053519,0.219340,-0.065874,0.201574,0.078286,0.094013,-0.002594,0.035317,0.156040,-0.128957,0.016190,0.139217,0.109960,0.202679,0.101923,0.118928,-0.257242,0.033869,0.098355,0.363353,-0.061601,0.090312,0.205033,0.207997,0.080117,0.178201,0.056561,0.178117,0.174001,0.099371,-0.019438,0.148395,0.321131,-0.044176,0.018243,0.129166,0.021018,0.222302,-0.079819,-0.053751,0.190737,0.140871,0.106139,-0.106777,0.007958,0.056345,0.024181,-0.009190,-0.067016,0.019380,0.192686,0.000481,-0.236969,0.414777,0.218997,0.041666,0.003227,0.289037,0.087561,0.166372,-0.032508,0.145883,0.029639,0.008181,0.168358,0.055406,0.371999,-0.079114,-0.044497,-0.147494,0.133460,0.097153,-0.117878,-0.018087,0.034067,0.235660,0.077295,0.086051,-0.116128,0.019685,0.025057,0.029762,-0.108470,0.056907,0.083951,0.007684,-0.190524,-0.209390,0.105835,-0.225678,0.275583,0.079309,0.097336,0.142257,0.084370,-0.129982,0.012877,0.155820,-0.086121,0.136981,0.109619,0.011374,0.023068,0.067321,0.049186,0.134129,-0.138980,0.169386,0.123719,-0.190070,-0.068848,0.234308,0.034321,0.010895,0.080718,-0.146180,-0.012437,0.123577,0.338778,0.091160,-0.078128,-0.008338,0.104365,0.232781,-0.001153,0.410850,0.135999,0.064967,0.073637,0.085902,0.135947,-0.152043,0.179890,0.165493,0.028586,0.176737,0.169097,0.038089,0.209251,-0.118398,-0.074236,-0.122950,0.034305,-0.051085,0.215343,-0.082562,0.315490,-0.026893,-0.165098,0.168708,0.412596,0.093875,0.037856,0.082208,-0.108452,0.124224,0.007996,0.217815,-0.014787,0.055217,0.094852,-0.063481,0.118836,-0.146324,-0.000220,-0.077876,0.060484,0.128316,-0.004146,-0.251514,#
16,0.037861,0.053100,-0.038082,0.216621,-0.178379,-0.138066,-0.055181,0.048657,-0.075605,0.007732,0.036942,0.065624,0.287120,0.207398,0.197215,0.325431,1.000000,0.051211,0.077004,0.329963,-0.009901,0.127144,0.208493,0.015021,-0.207681,0.112888,0.000994,-0.041165,-0.137888,0.315431,-0.065653,0.023063,-0.057973,0.326056,0.137230,0.145264,0.019746,0.102802,0.057163,-0.215587,0.035723,-0.051581,0.094737,0.147929,0.066234,0.180739,-0.010690,0.110596,-0.143673,-0.039804,0.072039,0.131515,0.232045,0.143083,0.021953,-0.065410,0.121562,-0.032148,0.013947,-0.039738,-0.084840,0.262644,0.328500,0.323452,0.273839,0.032370,0.031209,0.168408,-0.042926,0.150783,-0.125067,0.384807,0.189317,-0.258005,-0.143093,0.174282,-0.109605,0.138011,-0.025218,0.018819,0.172088,0.121989,-0.026288,0.165895,0.159320,0.060725,0.221172,0.058793,0.034412,-0.005328,0.068376,0.215786,0.016703,-0.097081,0.056463,-0.090128,0.250424,-0.235209,-0.167018,0.194888,0.023187,0.020640,-0.164954,-0.063784,0.168958,-0.125199,0.201281,0.251060,-0.149376,0.122996,-0.048298,-0.006788,0.087679,0.027843,0.102176,0.185419,-0.085426,0.114429,-0.105600,0.116437,0.312867,0.114111,-0.018813,0.255296,0.087061,-0.301244,-0.096636,-0.134476,-0.165494,0.262756,-0.102883,-0.085493,0.344304,-0.417428,0.151937,0.158644,-0.133498,0.118043,-0.010690,-0.085397,-0.114746,0.145950,0.173725,0.080794,0.243057,0.075674,-0.076967,0.115988,0.149800,0.195198,-0.266909,0.121907,-0.162075,0.117319,0.021184,0.104340,-0.068303,0.066558,0.070110,-0.002092,-0.023925,0.144853,0.145918,0.248780,0.129161,0.012146,0.180625,0.072665,0.073692,-0.064250,0.054368,0.004498,-0.205580,-0.049449,0.112026,0.166243,0.037723,-0.005825,-0.079171,0.020687,0.176721,0.109865,0.096101,0.009055,-0.018037,0.058220,0.278409,0.075681,-0.152341,0.014630,0.398088,-0.304317,-0.234686,0.053844,0.103662,0.304299,-0.006424,-0.026337,-0.155949,-0.169645,#
17,0.285084,0.073294,-0.111318,0.303841,0.142243,0.015955,-0.079321,0.414187,0.203533,-0.042878,0.219762,0.119681,0.055950,-0.142084,0.126850,0.188291,0.051211,1.000000,0.148785,0.172704,0.112857,-0.107581,0.008237,0.162216,-0.019477,0.135818,0.019025,0.069973,0.015742,-0.032890,0.082477,0.020628,0.364932,-0.029062,0.034607,0.116189,-0.277637,0.071503,0.182309,0.045989,0.121078,0.168381,-0.045997,0.181215,0.043996,-0.099373,0.021405,0.013975,-0.091819,0.110883,0.052709,-0.036376,-0.081717,-0.005613,0.163969,0.168192,0.335648,0.184980,-0.015384,-0.025686,-0.067723,0.266433,0.028245,0.045335,0.136223,0.141865,0.218906,0.135385,-0.012732,0.179981,-0.039261,0.216904,0.233443,-0.053386,-0.068279,0.088529,-0.056654,-0.196976,-0.107406,0.226036,0.082336,0.015438,0.164377,0.096935,0.125521,-0.155775,0.107425,0.116009,0.164813,0.076731,-0.065742,-0.143144,0.270578,-0.053207,-0.160446,0.140487,0.005686,0.063001,0.226468,0.165410,0.061547,-0.121252,-0.011412,-0.019999,0.029855,0.004276,0.126664,0.131715,0.056359,-0.102265,0.223460,0.243250,0.145262,0.008532,0.135309,0.020971,0.042098,-0.160709,0.072490,-0.127119,-0.021157,0.271190,0.149830,-0.005099,0.391086,-0.001334,0.107759,0.088401,-0.147635,0.189918,0.119952,0.107983,0.168388,0.029575,0.191165,0.226448,0.039110,0.276047,-0.103979,0.105531,0.194566,0.085897,0.094900,0.046884,-0.031749,0.051987,-0.029361,0.007489,-0.147986,-0.068457,-0.155395,-0.000431,0.014945,0.165104,0.256918,0.288941,0.077567,0.062651,0.032741,0.199369,0.094480,-0.010699,0.104857,0.033445,-0.120898,0.171010,0.045366,0.087956,0.138585,-0.206589,0.145623,-0.080039,0.141204,0.006638,0.238070,-0.019204,0.031197,-0.010108,-0.270065,0.240147,0.091425,0.069628,0.084017,0.163667,-0.162594,0.106116,-0.034732,0.060967,0.212964,-0.034889,0.259452,0.055010,0.167434,-0.087209,0.245818,0.016410,0.079800,-0.141458,-0.034990,0.007417,#
18,0.257130,-0.036748,0.065335,0.174429,0.052897,-0.084675,0.095720,-0.064452,0.114649,-0.280031,0.124450,-0.087319,0.233627,-0.009463,0.129581,0.148042,0.077004,0.148785,1.000000,0.042880,0.107221,0.023337,0.193135,0.341251,-0.127151,0.099587,-0.140621,0.065608,-0.072281,-0.095663,-0.149624,-0.187758,0.241996,0.229647,0.141557,0.234754,0.119422,0.274027,0.052327,0.385787,0.087088,0.079948,0.141070,0.078713,0.094062,-0.050346,-0.036192,0.022301,0.121410,0.265075,0.025490,0.197638,0.041386,0.050699,0.174885,0.211996,0.036090,0.007428,-0.045791,0.144756,-0.048525,0.068386,0.124813,-0.028705,0.188943,-0.012439,0.253685,0.133838,-0.099095,0.115135,-0.063919,0.036318,-0.239361,-0.291871,0.140024,0.250726,0.097983,0.160649,0.010603,0.004794,-0.023501,-0.013642,0.158266,0.169570,-0.059989,0.117613,0.047868,-0.080254,0.104335,0.243220,0.267929,-0.078228,-0.038152,0.084534,0.148814,0.290603,0.176065,0.013320,0.258368,0.258238,-0.020913,0.052722,-0.027554,-0.069965,0.193198,0.103701,0.181802,0.060852,0.127643,0.049188,0.090546,0.316978,0.089222,-0.205663,0.283498,0.086729,-0.048502,-0.381427,0.149705,0.289807,0.121541,-0.004659,0.112782,-0.007003,0.057371,-0.210271,0.149118,0.143316,0.112963,0.010066,0.031835,0.296950,-0.160981,0.181910,0.079657,-0.099683,0.132140,0.149114,-0.190267,0.182571,-0.101176,-0.010877,0.062255,-0.008855,0.144390,0.099240,-0.146366,0.030333,0.021857,-0.135051,0.166044,0.073637,-0.081580,0.136727,0.101459,0.177291,0.197445,0.061505,-0.099220,0.249909,0.023851,0.173349,0.225989,0.087506,0.012748,0.299799,0.091061,0.119455,-0.041181,0.283799,-0.112653,-0.045629,0.056985,0.216405,-0.061900,0.193709,0.242094,0.143438,0.046429,-0.182126,0.137357,0.073822,0.277164,-0.123094,0.080510,-0.041068,0.287084,-0.056628,-0.021713,-0.084996,-0.038795,0.154358,0.124137,0.065805,0.080458,-0.001018,0.069627,0.016482,0.259915,-0.106387,#
19,0.023319,-0.032210,-0.058309,0.190013,0.245307,0.170414,-0.162479,0.017246,-0.024756,0.188382,0.190091,-0.357679,0.226299,0.252136,0.476691,0.167335,0.329963,0.172704,0.042880,1.000000,0.166076,-0.204981,0.152552,-0.062194,-0.087182,0.231719,0.012242,-0.011597,-0.027455,0.156588,0.157947,0.106401,0.154229,0.074783,0.258580,0.200290,-0.080591,-0.015501,0.056968,0.099927,0.293593,0.051057,-0.033251,-0.056227,0.021963,0.074828,0.273190,-0.005931,-0.160271,0.255074,0.123171,0.008574,0.080029,-0.000800,0.244861,0.284262,0.202338,-0.224035,0.147563,0.059869,0.236588,0.399419,0.148788,0.219683,0.353831,-0.137524,0.285586,0.189353,-0.243986,0.002117,0.214068,0.174242,0.001767,0.049881,0.152329,0.357771,0.033608,0.116463,0.220053,0.113329,0.297617,0.300973,0.150408,0.025838,0.174879,0.202203,0.137232,0.189697,-0.010213,-0.045424,0.066081,0.084946,0.173284,-0.025429,-0.180508,0.190135,0.334270,0.046612,-0.230151,-0.017233,-0.100194,0.044374,0.185865,0.115323,0.365425,0.052312,-0.001679,0.248806,-0.054067,-0.149340,-0.072408,-0.026157,0.298650,0.161603,0.221487,-0.086305,0.265852,0.063534,0.134960,-0.263372,0.214263,0.176742,0.122593,0.175821,0.246447,-0.226653,0.179569,-0.002485,-0.097092,0.293967,-0.061277,0.035916,0.117458,-0.173848,0.016962,0.121885,-0.038343,0.243391,0.096399,-0.041097,-0.009369,0.340070,0.270861,0.216395,0.033122,0.164665,-0.181990,0.160080,0.102959,0.104244,0.043313,0.247772,-0.051663,0.342187,0.211793,-0.167735,0.002368,-0.010492,0.085336,0.150670,0.285064,-0.049864,0.215272,0.212161,0.163575,0.088851,0.042914,0.175313,0.141814,-0.164375,0.043857,0.153498,0.201798,0.070441,0.104710,0.010403,0.193273,0.195652,0.105913,-0.012400,0.081753,0.093076,0.221723,0.177132,0.235611,0.075600,0.042665,-0.088316,-0.027130,0.021903,0.354473,0.189970,-0.004199,-0.173938,0.028984,0.158863,-0.007690,0.191900,0.059972,0.180845,#
20,-0.008213,0.082801,0.055052,0.157162,0.285019,-0.045896,-0.002549,-0.171953,-0.098843,-0.024394,-0.094584,-0.116700,-0.033987,0.090573,0.014651,-0.094853,-0.009901,0.112857,0.107221,0.166076,1.000000,0.038832,-0.064900,0.002428,0.067302,0.245521,-0.035369,-0.257907,0.056407,-0.314954,-0.112245,-0.153412,0.083473,-0.025752,-0.109398,0.031464,0.066774,0.054534,0.017462,0.044376,0.160711,0.138042,-0.071922,-0.226145,0.194255,-0.083512,0.342978,-0.068120,-0.130209,-0.043212,-0.285962,0.089134,-0.013487,0.120978,0.338340,0.136845,0.219388,0.127729,0.035366,-0.169910,-0.000813,0.285652,0.157116,-0.062267,-0.106484,-0.117099,0.064629,0.178659,0.207577,0.201864,0.137619,0.281746,0.011168,-0.070326,-0.128906,-0.076337,0.021783,0.262433,0.051274,-0.177161,-0.056453,0.145385,0.103882,0.048435,0.164313,-0.008671,0.203999,-0.017342,0.327868,0.022816,0.110633,-0.032434,0.112446,0.054426,0.168928,0.010773,-0.032181,0.116800,0.203802,0.000299,0.030840,-0.031211,0.111117,-0.098116,0.112886,0.081961,-0.041376,0.248587,0.061959,0.053656,0.321513,0.380398,0.197518,-0.244354,0.171342,0.248144,0.203052,0.144531,0.104317,0.213504,-0.049377,0.132514,0.062961,-0.127049,0.084206,-0.122881,0.009997,0.093613,0.056004,-0.017277,-0.035914,0.119944,-0.066304,-0.010545,-0.128726,-0.237342,0.308636,-0.068436,-0.007093,-0.078942,0.162881,0.149105,0.090624,0.088158,0.121849,-0.051949,-0.071708,0.007297,0.032789,0.062923,0.155501,0.057451,-0.299179,0.182331,-0.082798,0.047402,-0.002744,0.103558,-0.328617,0.348069,0.156856,0.116402,0.064785,0.192838,0.161082,0.021670,-0.259541,0.156215,-0.031979,-0.036944,0.045737,-0.199343,0.008377,0.013346,0.056030,0.080678,-0.058329,-0.012320,0.252384,0.061122,-0.068398,0.136272,-0.121265,-0.094378,0.097379,-0.307306,0.138577,0.145137,0.086114,0.284649,0.008362,0.209471,-0.140299,-0.018014,0.053047,0.120208,0.273634,0.032832,-0.077280,0.151481,#
