0,1.000000,0.018230,-0.021369,0.276826,0.097421,0.026890,0.011657,-0.121489,0.087837,-0.072637,0.042024,-0.028193,0.017905,-0.320007,0.142656,0.272498,0.297678,0.255286,0.243372,0.240298,-0.033714,-0.088278,0.219767,0.285560,-0.002703,0.032830,0.115536,-0.180369,-0.134673,0.004136,-0.052047,0.118843,0.049128,0.000669,0.140452,0.099076,0.123117,0.019481,0.079901,0.031349,-0.007073,0.075876,0.332494,-0.047968,-0.104448,-0.003054,-0.068346,0.229915,-0.006762,0.257317,0.002925,0.110900,0.012788,0.104503,0.179936,-0.043655,0.231983,0.110672,-0.046185,0.063313,0.100852,0.195700,0.143110,0.016927,-0.051612,-0.110553,-0.053909,0.023087,0.048949,0.167366,-0.091852,-0.093024,0.084737,0.219114,-0.003996,-0.264216,0.208453,0.197342,0.072482,-0.229342,-0.183107,-0.181737,0.095201,0.160896,0.191360,0.035891,0.209137,-0.041166,0.195598,0.294161,0.124910,-0.104971,0.129222,-0.107475,-0.041360,0.364227,0.096231,-0.234308,0.014249,0.109079,0.088261,0.122086,-0.144567,0.156810,0.050970,0.176776,0.258269,0.171007,0.201928,-0.032199,0.029335,-0.007311,-0.101789,-0.095426,0.142477,0.166299,-0.119192,-0.086364,0.020977,-0.124649,0.104036,-0.083984,0.143123,0.097744,0.265519,0.192327,0.018611,-0.124931,-0.058713,0.139758,0.149930,-0.143243,-0.150382,-0.184681,-0.075668,0.171938,0.049318,0.134922,-0.296418,-0.043903,0.244786,0.130929,0.009458,0.046628,0.033741,-0.040676,0.003144,-0.145083,0.094156,0.112260,-0.240272,0.176554,-0.045512,0.017940,0.095720,0.161128,0.200971,0.104959,-0.026226,0.018468,0.267397,0.161708,-0.075338,-0.137388,-0.119437,0.300005,-0.140316,0.172324,0.188775,0.043987,-0.213166,-0.229790,0.227183,-0.140733,-0.192971,0.128463,0.179719,-0.061412,-0.012972,-0.088895,0.050787,0.178880,0.023629,-0.016855,-0.179623,-0.050096,0.083006,0.264682,0.226926,-0.175004,0.046131,0.332079,-0.034362,-0.048120,0.251142,0.212441,-0.042009,-0.068994,0.038242,0.092560,#
1,0.018230,1.000000,0.255777,0.025539,-0.016695,0.078816,0.482210,0.262736,0.272010,0.037964,0.257095,0.293573,0.033535,-0.036576,-0.105167,0.047185,0.020548,0.026937,-0.027279,0.006555,0.029251,0.135756,-0.037374,-0.254063,0.025797,-0.046140,-0.037387,0.070748,-0.453371,0.103062,0.127485,-0.124207,-0.074034,0.142629,-0.177802,0.160398,-0.007184,-0.027592,0.169020,0.129384,-0.000054,-0.073031,0.319382,-0.046991,0.059935,0.046791,0.325191,-0.156117,0.286367,-0.037670,0.085897,-0.022549,0.309793,0.295890,0.172766,0.207460,-0.134232,-0.119698,-0.079078,0.068171,0.100913,0.059193,0.240531,-0.114017,-0.063829,0.262099,0.281287,0.132701,0.116506,0.134255,0.156950,0.158648,0.074889,0.130112,0.070180,0.025769,0.070300,0.052552,0.283374,0.008474,-0.099845,0.198672,-0.097925,0.100007,0.211358,-0.043574,0.083820,0.320766,0.015337,-0.067152,0.080537,-0.007859,-0.199886,0.007285,-0.048519,0.141488,0.013430,-0.065900,-0.096794,0.170877,0.115258,0.096667,0.097331,-0.006598,-0.107560,0.197767,0.241124,0.128695,0.247582,0.006361,0.000109,0.060149,-0.131049,-0.332644,0.229367,0.282903,0.172164,-0.106248,0.118612,-0.100027,-0.313767,0.083446,0.062448,0.121950,0.038154,0.010938,0.061587,0.062153,0.325293,0.092960,-0.062735,0.097400,-0.083200,0.146253,0.227297,-0.136314,0.351940,0.191833,-0.042044,0.199201,0.140574,0.115175,-0.107282,0.092404,0.280342,-0.135641,-0.000052,-0.122203,0.212328,0.048466,0.397961,0.108578,-0.133685,-0.125975,0.057413,0.236706,-0.252434,0.277963,-0.256219,-0.139380,-0.156075,-0.021172,0.217672,0.254901,0.175546,0.005843,-0.051039,-0.089307,0.021476,0.179637,0.178027,0.000200,0.054083,-0.189208,0.153791,0.111747,0.155953,-0.101212,0.024146,0.063979,0.113390,-0.031040,0.136786,-0.020531,0.308991,-0.014175,0.129422,-0.259577,0.196880,0.311342,0.128423,0.326678,-0.178266,0.063658,-0.034858,-0.026769,-0.170046,0.277601,-0.128664,0.400658,#
2,-0.021369,0.255777,1.000000,0.019481,0.143055,-0.033544,0.215459,0.036391,0.052407,0.133949,0.450824,0.228120,-0.074411,-0.025237,-0.145917,0.097671,-0.179585,0.012504,-0.028042,-0.029502,0.081384,0.164173,-0.019822,-0.166761,-0.030757,0.116577,0.089458,0.003874,-0.259879,-0.003536,0.036232,0.078146,-0.098492,-0.006459,0.075819,-0.005589,0.123283,0.015650,0.181365,-0.185071,0.155295,-0.058050,0.160615,-0.112813,0.009217,-0.047025,0.108973,0.034300,-0.136523,-0.094284,-0.141374,0.127140,0.107788,-0.099253,0.088998,-0.076246,0.136781,-0.105309,0.124281,0.202349,0.370282,-0.191923,-0.192527,0.090133,0.163936,0.091475,0.274941,-0.001111,0.011774,-0.097845,0.205858,0.227054,-0.128500,0.123074,0.146335,0.000087,-0.068498,-0.135271,0.009616,-0.058354,-0.053960,-0.203630,-0.036759,-0.163442,0.275101,0.152828,0.162180,0.138690,0.047332,0.015136,-0.029072,0.278163,-0.097027,0.145949,-0.202998,0.107200,-0.032011,-0.058512,-0.087225,-0.010698,0.142663,0.032620,-0.164236,0.085129,-0.004300,0.149588,0.205543,0.254291,0.117675,0.158025,0.095916,0.155098,0.092771,0.049535,-0.079270,0.226053,0.104838,-0.084518,-0.191022,0.059908,0.029754,-0.248178,-0.079281,-0.061686,-0.012582,-0.117854,0.118217,-0.017912,0.185416,0.114867,-0.149623,0.150571,-0.108931,0.129592,0.100603,-0.091278,0.064289,0.068421,-0.002527,0.000086,0.344635,0.117856,-0.109477,-0.045325,0.220494,-0.226967,-0.223078,-0.115805,-0.098217,-0.184015,0.118386,-0.003464,0.212761,-0.100093,0.068833,-0.046153,0.013012,-0.233950,0.099137,-0.089471,-0.236311,-0.083020,0.197138,0.159256,0.027403,0.155701,-0.000314,-0.209193,-0.030641,-0.044612,-0.069384,0.229830,0.073266,0.051546,-0.032331,-0.067927,0.034276,0.074762,-0.311760,-0.020990,0.134195,0.096652,-0.040433,0.160988,0.055912,0.018649,-0.019964,-0.162188,0.139687,0.075276,0.055861,0.065458,0.043498,0.037077,0.075352,-0.001332,-0.312374,0.118881,0.086924,0.293014,#
3,0.276826,0.025539,0.019481,1.000000,-0.000016,0.036507,0.060521,0.169498,0.275299,0.169964,0.100824,0.052726,0.028743,-0.179230,0.243538,0.066003,0.081234,0.212911,0.285817,-0.106050,0.079427,0.088518,0.310294,0.344103,0.030150,0.030202,0.114047,-0.076543,0.075346,0.187372,0.121608,0.014141,0.318890,0.362823,-0.144239,0.102087,-0.191451,0.327864,0.268291,0.082397,-0.132400,0.114472,0.181498,0.087683,0.017028,-0.070463,-0.188602,0.063625,-0.187592,0.027687,0.080107,0.010534,0.182341,-0.097226,0.203534,0.072597,0.242113,-0.027946,0.122946,0.026074,0.099746,0.098371,0.042934,-0.144105,0.166788,-0.100374,0.009203,-0.174300,-0.254859,0.240009,0.047643,0.195826,0.089655,-0.035918,0.089083,-0.135004,0.083001,0.027177,-0.026874,-0.004248,0.000015,-0.130889,0.235831,-0.109199,0.128223,-0.009074,0.105747,0.088453,0.275574,0.276489,0.260968,0.122801,-0.121859,0.003530,0.065429,0.002609,-0.060561,-0.139338,-0.006706,-0.057780,0.199055,-0.084184,-0.109116,-0.130055,0.255353,-0.038905,0.412220,0.253053,0.008790,-0.038047,0.076645,-0.123575,-0.000828,0.006753,-0.017312,-0.003462,-0.016463,0.029689,-0.094807,-0.043552,-0.046184,-0.069791,-0.045806,0.107487,-0.021048,-0.007606,0.227470,0.224019,-0.007490,0.131160,0.218139,0.231188,0.003668,0.192910,-0.076327,0.272569,-0.087310,0.042884,-0.061859,0.157788,0.180312,0.236942,0.033877,-0.005864,0.109917,0.010004,0.260727,0.021346,-0.191131,0.171986,0.009241,-0.238631,-0.002821,0.089769,-0.013745,0.107634,-0.005778,0.096697,0.145044,-0.147292,-0.058874,0.000016,0.088331,-0.013969,-0.069192,0.071155,-0.000285,0.166208,0.022966,-0.005316,-0.065201,-0.249692,-0.026118,0.002702,0.005369,0.200977,0.239098,-0.003129,-0.183451,0.111323,0.066562,0.168885,-0.010091,-0.161469,-0.055455,-0.281006,0.160443,0.055460,0.101031,-0.029775,0.036008,-0.097017,-0.032687,0.112804,0.022962,-0.022151,0.075906,0.053830,-0.235229,-0.147625,#
4,0.097421,-0.016695,0.143055,-0.000016,1.000000,0.125205,0.039614,0.079687,0.039086,0.096227,0.024012,0.045770,-0.088428,-0.057958,0.141374,0.091149,-0.098545,0.170041,-0.010175,0.266798,0.354406,0.010522,0.089531,0.121601,-0.052829,0.098875,0.005805,-0.166918,0.197470,-0.016277,0.094274,0.066227,0.025346,0.168822,-0.064661,0.114228,0.290911,0.158047,0.316860,0.154050,-0.101139,0.259470,0.039664,-0.030926,0.165301,0.226461,0.297368,0.055381,-0.060564,0.073525,-0.031732,0.047267,0.032497,0.057659,0.336622,0.312361,0.059607,0.021377,0.052678,0.165896,0.115923,0.223420,-0.044007,0.020534,-0.079244,0.021825,-0.026894,0.104849,-0.102118,0.154228,0.150876,0.290327,0.169151,0.025463,0.134872,-0.116663,0.181685,0.052758,0.114310,-0.060630,0.033671,0.074742,-0.014419,0.074003,0.362026,0.036868,0.084574,0.135813,-0.059664,0.170291,0.248617,-0.159726,0.056092,0.102427,0.188635,0.145251,-0.038561,-0.053519,-0.354881,-0.017778,0.160152,0.024862,0.079654,0.161084,0.013122,0.196222,-0.034609,0.102397,0.219294,0.231027,-0.017049,0.164717,0.090003,0.097381,-0.071649,-0.067892,0.173879,0.056793,-0.087601,-0.037357,-0.158063,-0.132443,-0.131693,0.027400,0.252137,-0.083435,0.220801,0.054834,0.234564,0.178593,0.378380,-0.053168,0.193817,0.216072,0.081231,0.160425,-0.164575,0.016733,0.257059,-0.002727,0.198471,0.088243,0.210275,0.025801,0.220205,0.237207,0.037135,0.278669,-0.043116,0.087428,0.146560,0.205210,0.331963,0.425714,0.366062,-0.030499,0.102166,0.037533,-0.121319,-0.032858,0.216954,-0.091848,0.003438,-0.078267,-0.248914,0.033885,-0.000246,0.052646,0.084137,-0.004332,-0.249306,-0.114971,0.456105,0.045578,0.110244,0.123154,0.292780,0.173602,-0.085764,0.264160,0.160101,-0.036767,0.119131,0.020614,0.027403,0.132396,-0.183065,0.070790,0.180462,0.327411,-0.256322,0.185513,-0.183466,-0.030919,0.183493,0.140154,-0.006067,0.080592,0.146465,0.373911,#
5,0.026890,0.078816,-0.033544,0.036507,0.125205,1.000000,-0.055475,0.087895,0.006385,-0.030709,-0.022021,-0.129061,0.118277,-0.193965,-0.110248,-0.076836,-0.063448,-0.001654,-0.205029,0.128566,-0.033794,-0.147222,0.213545,-0.169394,0.104258,-0.097484,0.170505,0.072183,0.163857,-0.054667,0.166644,0.008684,0.201077,0.097549,-0.312306,0.185661,0.008442,-0.081305,0.100563,-0.036862,0.156271,0.081639,0.169717,0.224241,0.170454,-0.165899,0.198423,-0.009115,0.122459,-0.239741,0.081409,-0.066280,0.075204,-0.252527,0.107029,0.255976,0.135589,-0.205110,0.278249,0.114305,-0.173978,-0.048663,-0.029340,0.100177,0.054351,0.030317,-0.260276,-0.001064,0.151378,-0.240161,-0.073374,0.062906,0.263034,-0.034838,-0.057124,-0.078175,0.053046,0.122788,0.158920,0.041047,-0.039470,-0.052117,0.138486,0.136868,-0.199411,-0.016850,0.095217,-0.020887,0.014949,-0.093275,0.009249,0.089692,0.209850,0.242685,-0.068215,0.090435,-0.245465,0.210719,0.116725,0.026013,-0.061397,-0.017585,-0.298120,-0.008058,-0.056268,0.183898,0.112894,0.144865,0.046600,0.055509,0.024814,0.204354,-0.282575,-0.107094,0.081884,-0.010423,-0.006866,0.122355,0.023903,0.065851,-0.223967,-0.006028,-0.179417,0.042249,-0.302008,-0.182733,0.233453,-0.271489,-0.078882,-0.001361,0.315877,0.149748,0.068867,0.185624,0.092206,0.135174,0.136935,0.084229,0.191453,-0.274266,-0.053770,0.157722,-0.093077,0.045802,0.268114,0.031113,0.104666,0.032856,0.144425,0.069735,0.091895,-0.052358,0.187318,-0.169465,-0.077902,0.093662,0.030855,-0.113313,-0.133347,-0.251642,0.168738,-0.150624,0.183971,0.127432,0.108997,0.076004,-0.167322,0.278462,0.024657,0.078951,0.346925,0.174724,0.258932,-0.066871,-0.175721,-0.104940,0.139724,0.047925,0.129198,0.159913,0.198119,-0.019078,0.281991,-0.026629,-0.188410,-0.064667,0.120482,0.116688,0.061257,-0.105887,-0.060681,0.244759,-0.104374,-0.200923,-0.025807,-0.142375,-0.160542,0.074894,-0.009012,0.260831,#
6,0.011657,0.482210,0.215459,0.060521,0.039614,-0.055475,1.000000,0.114758,0.369394,0.133996,0.085636,0.266284,0.214427,0.042506,-0.082301,0.125221,-0.033925,0.088777,0.001828,-0.112713,0.068673,0.363696,-0.003848,-0.072344,0.063502,0.122856,-0.016816,0.079405,-0.114922,0.167180,0.022507,-0.015920,-0.127571,0.023485,-0.045434,-0.013741,-0.138726,0.067720,0.013589,0.028798,-0.045839,-0.044034,0.253135,0.044848,0.179709,-0.118561,0.058616,-0.102839,0.078312,-0.086077,-0.100559,-0.139953,-0.039364,0.137097,0.020833,0.001153,-0.035783,0.094745,-0.009560,0.078330,0.310751,0.041738,0.206993,-0.115005,0.089268,0.411043,-0.013391,0.088461,-0.027701,0.090488,0.186469,0.103862,-0.004445,0.291163,0.193313,0.024309,0.175938,-0.099950,0.233102,-0.002535,0.092294,-0.089780,0.012214,-0.164263,0.140039,0.025352,0.109515,0.148527,-0.102100,-0.006354,-0.035988,0.034664,0.049207,-0.018307,-0.006453,-0.001167,0.214453,0.020920,-0.074762,0.172466,-0.012374,0.242342,0.158321,0.049188,-0.259683,0.066019,0.217140,0.060155,0.172567,0.154758,0.153050,0.173877,-0.163500,-0.348283,-0.040671,0.236558,0.335224,-0.215739,-0.066920,-0.082667,0.105966,-0.015991,-0.026702,0.186438,-0.040935,0.155550,0.031132,-0.052283,-0.075047,-0.012012,0.012898,0.010945,-0.049120,-0.049766,-0.029756,0.011954,0.023715,-0.067681,0.050312,0.210876,0.194559,0.248979,-0.005002,-0.094585,-0.053971,-0.007015,0.066397,-0.099784,0.103552,-0.214616,0.358626,-0.161419,0.156905,-0.086016,0.207704,0.074081,-0.021129,0.191170,-0.138122,-0.154647,-0.219499,0.249883,0.203145,0.092462,0.119824,0.224150,-0.057537,0.064647,-0.146992,0.004775,-0.119739,-0.016450,-0.024309,-0.042194,0.253443,0.087451,-0.047455,-0.004962,0.134412,-0.077150,0.083700,-0.000935,0.128376,-0.058852,0.101052,0.132522,-0.057047,0.107443,0.125313,0.113385,0.164780,0.107635,-0.130446,0.225921,-0.036944,-0.036405,0.005192,0.124499,0.059009,0.188210,#
7,-0.121489,0.262736,0.036391,0.169498,0.079687,0.087895,0.114758,1.000000,0.354311,-0.127595,0.113140,0.247488,-0.015710,-0.097531,0.223908,-0.051730,0.124327,0.009631,-0.200211,-0.045928,-0.098507,-0.074862,0.116849,0.000180,0.153904,0.000213,0.013114,0.010604,-0.046876,0.126907,0.040776,0.000236,0.029437,0.128451,-0.262080,-0.104108,0.040436,0.025674,0.315693,0.195286,-0.265625,-0.101163,0.123368,0.203000,0.106227,0.033467,0.162718,0.028048,0.105932,0.035997,0.342923,-0.010142,0.093974,0.185579,-0.026667,-0.058517,-0.037720,0.046558,0.140472,0.105436,0.138118,0.025236,-0.058625,-0.176720,-0.067347,0.088272,-0.156649,0.005864,-0.064749,0.518337,0.008832,-0.072808,0.304123,0.020194,0.151605,-0.142866,-0.009339,0.111620,0.134958,0.157270,0.039544,-0.103791,0.009439,0.164069,0.061883,0.143363,0.015635,0.065768,-0.003558,0.070222,-0.046478,-0.011206,-0.035174,0.140681,-0.007601,-0.338628,-0.245483,0.010464,-0.157157,0.134564,0.139266,-0.020915,0.020929,0.021997,-0.002056,0.112025,-0.046045,0.064782,0.006002,0.165229,-0.061084,-0.122201,-0.065699,0.064307,0.326846,0.018272,0.049558,-0.193335,-0.063845,0.163450,0.003623,0.085473,-0.069720,0.197789,0.142083,0.149707,0.324306,0.156361,0.008075,-0.082338,0.089337,-0.085273,0.194223,0.136240,0.115738,0.121358,-0.224645,-0.059843,0.134524,0.132014,0.066311,-0.118088,0.008601,-0.111349,0.198801,-0.024080,0.020417,0.041261,0.193414,0.126401,0.146363,-0.032242,0.002948,0.038954,-0.157100,0.112782,-0.025142,0.178156,0.025347,0.066372,-0.125649,-0.166432,0.134833,0.000406,-0.151087,0.236212,0.015086,-0.193147,-0.207085,0.020663,0.066778,0.094722,0.299015,0.012060,0.154696,-0.086096,-0.023152,0.055883,-0.128801,0.283327,0.329305,0.183535,-0.002066,0.000194,0.070284,0.132419,-0.115380,-0.230383,-0.024455,0.241795,-0.006462,0.025236,-0.057642,-0.159756,-0.073170,-0.071885,-0.195182,0.138370,-0.148078,0.236139,#
8,0.087837,0.272010,0.052407,0.275299,0.039086,0.006385,0.369394,0.354311,1.000000,0.195639,-0.000312,0.188225,0.085436,-0.132355,0.327236,0.309991,-0.084759,0.030974,-0.014151,-0.132423,-0.180918,0.216864,0.322278,0.046760,-0.010432,0.015319,-0.065960,0.054440,-0.078616,0.303008,0.012770,0.191580,-0.178307,0.153145,-0.013182,0.038727,-0.010591,0.028465,0.106630,0.041158,-0.211140,0.137247,0.197252,0.081905,0.195783,0.051430,0.059188,-0.203024,0.087621,0.001446,0.332205,0.141616,0.032366,0.136980,0.058081,0.330269,0.273939,0.202359,0.144467,0.335505,0.278712,-0.034428,0.303571,-0.220943,0.081257,0.249096,0.076464,-0.013115,0.175532,0.161620,0.217256,-0.012115,0.089272,0.220811,0.360281,0.044805,0.191619,-0.021367,0.013253,0.115158,0.098204,0.065982,-0.008854,-0.071607,0.157061,0.102244,0.060841,0.010366,-0.187663,0.108191,0.005829,0.063758,-0.034790,0.032319,0.076396,0.024798,0.210768,-0.004732,-0.099971,0.095512,0.213276,0.092600,0.029685,0.054910,0.180540,0.033158,0.115900,-0.026553,-0.041870,0.174283,-0.082688,-0.123955,-0.214788,-0.132409,0.229531,0.253431,0.045951,-0.224475,0.007240,0.187542,0.032164,0.016517,-0.064455,0.080979,0.020614,0.056633,0.053639,0.226417,-0.092990,0.359191,-0.012578,-0.101741,0.278774,0.154092,0.146795,0.283341,-0.095616,-0.013247,0.005362,-0.098719,0.029827,0.161901,0.267408,-0.004458,-0.072697,0.111119,0.248753,-0.012020,0.325644,0.092016,0.268185,-0.131669,0.100594,0.183010,0.157452,0.391088,-0.053768,0.311634,0.009464,-0.060357,-0.134779,-0.014103,0.127648,0.058052,0.178188,0.221808,0.037578,-0.269172,0.120566,0.180350,0.061052,0.011730,0.080797,-0.178896,0.182640,-0.019397,-0.043045,-0.005078,-0.071347,0.198483,0.286843,0.061815,0.001538,0.170015,0.089069,-0.009617,0.031424,-0.111423,0.024040,0.012344,0.051920,-0.055999,0.053362,0.075913,0.217736,-0.131339,-0.052393,0.046731,0.095260,-0.012381,#
9,-0.072637,0.037964,0.133949,0.169964,0.096227,-0.030709,0.133996,-0.127595,0.195639,1.000000,0.349368,-0.124834,0.025067,-0.258411,0.023098,0.222833,-0.169872,0.011524,0.015935,0.081738,0.089390,-0.078043,0.005995,-0.096552,-0.099557,-0.249396,-0.002040,0.021795,-0.185727,0.159405,0.061100,-0.182073,-0.260434,0.141888,-0.073586,-0.103927,-0.196947,0.148620,0.177975,-0.164964,0.163073,-0.159934,0.186989,-0.179318,-0.043623,0.153640,0.033740,-0.082782,-0.031011,0.029136,-0.025016,0.036175,0.087959,-0.147922,-0.221105,0.097896,0.048248,-0.048259,0.077807,-0.048958,0.136318,-0.003496,0.168002,-0.004194,-0.018511,0.081852,-0.104160,-0.210595,-0.073931,-0.241748,0.228838,0.175718,-0.186089,-0.033202,-0.131680,-0.003928,-0.305712,-0.223324,-0.049078,0.184330,0.188300,0.055283,-0.063236,-0.275442,0.094047,-0.145609,-0.060897,0.016127,-0.106221,-0.302922,0.012057,0.355985,0.008702,-0.320093,0.188624,-0.034731,0.092239,0.172331,-0.105015,-0.442637,-0.161201,-0.149290,0.303127,-0.076139,0.246892,-0.136603,0.122994,-0.244870,-0.053328,-0.183743,0.118352,-0.062614,-0.012106,0.146056,-0.173026,-0.061064,-0.149352,-0.030753,0.069977,-0.166081,-0.216385,0.073225,-0.227914,-0.095162,-0.211950,-0.003179,-0.233297,0.153794,0.008923,0.183121,-0.085809,-0.081767,-0.000090,0.222630,-0.014629,-0.153813,-0.069727,0.117515,-0.066657,-0.203194,-0.187834,-0.027772,0.218885,0.003949,-0.035704,-0.116904,0.006296,0.115556,-0.225366,0.218249,-0.021861,-0.320043,0.271444,0.161256,0.136106,0.035001,-0.052297,0.145534,-0.131714,-0.092316,-0.020470,-0.221309,0.003417,0.228451,-0.011021,-0.164819,-0.028304,-0.124601,0.082575,-0.149818,0.036312,-0.189221,-0.069012,0.005095,0.021419,-0.024623,0.021188,-0.041253,0.014010,-0.099624,-0.159129,-0.145112,0.052164,-0.052668,-0.174097,-0.039727,-0.100624,-0.201768,0.289375,0.014889,-0.050773,-0.071176,0.058537,-0.061724,-0.109176,-0.052510,-0.257846,0.014576,-0.224514,0.059274,#
10,0.042024,0.257095,0.450824,0.100824,0.024012,-0.022021,0.085636,0.113140,-0.000312,0.349368,1.000000,0.038061,-0.037479,-0.190394,0.052938,0.170049,0.092064,0.004436,0.139558,0.222643,0.032834,-0.212980,-0.067205,-0.013484,0.038852,-0.182825,-0.093181,0.097786,-0.383407,0.168761,-0.017449,-0.054589,0.044458,0.015569,0.032512,0.170648,0.062874,-0.106530,0.166969,-0.071029,0.179066,-0.156251,0.163764,-0.237816,0.053059,0.089657,0.183321,0.002535,0.012453,0.226744,0.099079,0.035838,0.183346,0.108755,-0.096017,-0.034441,-0.049111,-0.281201,0.188495,0.186341,0.077957,0.210297,-0.038158,0.148659,0.110266,0.070635,0.315945,0.078514,-0.108631,-0.101607,-0.026434,0.248377,-0.127008,-0.030375,0.034204,-0.001323,-0.169308,0.086881,-0.065303,-0.076536,0.209737,-0.090239,0.062139,-0.022732,0.326538,-0.160937,-0.030399,0.281242,-0.051615,0.080909,0.168005,0.322341,-0.074825,0.012488,-0.142013,0.268743,-0.062835,-0.042041,0.151777,0.011257,-0.088084,-0.036345,0.033891,-0.157836,0.078489,-0.215243,0.095889,0.213024,-0.075763,-0.159994,0.066401,0.181255,0.101791,0.034505,0.177821,0.247647,0.023058,-0.139390,-0.098665,-0.085211,0.061913,0.012108,-0.140060,-0.097597,-0.099958,-0.200579,0.202649,0.025742,0.181046,0.118991,-0.043130,0.156503,-0.155502,0.002608,0.028362,-0.128989,-0.122069,0.312450,-0.168447,-0.035525,0.166554,-0.101554,-0.149190,-0.042137,0.328914,-0.237066,-0.290732,-0.342612,0.034704,0.035098,0.077026,0.058450,-0.008823,-0.185483,-0.069366,-0.169936,0.203679,-0.111037,0.009224,-0.213742,0.038032,-0.149408,0.232492,0.171859,0.171195,0.104739,0.176761,-0.048058,-0.024948,0.240494,0.003038,0.027813,-0.088102,0.071311,0.191178,-0.218115,-0.027267,0.283555,-0.181357,0.033469,-0.006242,-0.030017,0.213930,0.046718,0.148064,-0.169547,-0.116141,-0.357961,0.085609,0.103985,0.159302,0.046704,0.011146,-0.086349,-0.095570,-0.129522,-0.391702,0.138861,-0.176674,0.420442,#
11,-0.028193,0.293573,0.228120,0.052726,0.045770,-0.129061,0.266284,0.247488,0.188225,-0.124834,0.038061,1.000000,-0.061378,0.101785,-0.015290,-0.100487,-0.005518,0.034426,-0.066603,-0.445448,0.052285,0.265766,-0.010240,-0.106274,0.090716,0.264997,-0.153632,0.299639,-0.125172,0.173484,0.097344,0.208983,-0.065447,0.119922,0.067719,0.057703,0.212948,0.004564,0.043496,0.318012,-0.121685,0.009413,0.290450,0.046425,0.119056,0.130593,0.075218,0.032307,0.009932,-0.156284,-0.134523,0.258221,0.043884,0.308292,0.122450,-0.079257,-0.345086,0.229544,0.012773,0.046998,0.246412,-0.204110,0.164122,-0.187829,0.020795,0.252625,0.097936,0.170333,0.194427,0.204394,0.059231,0.147525,0.202428,0.037215,-0.027435,-0.179186,-0.010650,-0.102332,-0.043660,-0.144296,-0.039989,0.136425,0.127526,-0.091831,0.134222,-0.028447,-0.058567,0.254522,0.008122,0.004084,-0.071168,0.183695,0.077914,0.238947,0.093207,-0.013449,-0.123974,-0.137624,0.082237,0.249073,0.165873,0.156643,-0.095041,0.084410,-0.113929,0.212141,0.079259,0.163521,0.106000,0.117937,0.065053,-0.081020,-0.036345,0.059448,-0.105284,0.275425,0.093386,0.003621,-0.201628,0.260222,-0.041962,-0.048835,0.013633,0.012243,-0.093540,-0.142373,-0.053988,0.013050,0.210384,-0.011566,-0.089522,0.196008,0.172257,0.161370,-0.023810,-0.006192,-0.225102,0.315322,-0.012444,0.340133,0.080889,-0.093267,-0.119544,0.117972,0.186176,0.091695,0.240784,-0.093433,-0.055681,0.006696,0.153724,0.176543,-0.014326,-0.171702,0.104940,0.202504,-0.019715,-0.001595,0.138541,-0.063662,0.046384,0.286871,-0.047395,0.057111,0.001810,-0.016500,0.076868,-0.021401,-0.124233,0.221790,0.011667,-0.051306,0.053135,-0.117487,0.152876,-0.099948,-0.094513,-0.014076,-0.072509,0.196851,0.278905,-0.022148,0.166290,-0.159115,-0.017655,-0.037374,-0.172823,-0.091618,0.106560,0.444532,-0.105075,-0.085911,0.131899,0.374712,0.284100,-0.020617,0.056748,0.161529,-0.081237,0.137675,#
12,0.017905,0.033535,-0.074411,0.028743,-0.088428,0.118277,0.214427,-0.015710,0.085436,0.025067,-0.037479,-0.061378,1.000000,-0.015474,0.179368,0.138052,0.306199,0.336096,0.214214,0.094057,0.053165,0.277893,0.020710,0.165195,-0.047520,0.044914,0.182242,0.239780,-0.043955,0.074927,-0.117499,0.130003,0.022595,-0.003209,0.071954,0.206962,-0.047631,0.069641,0.061311,0.193156,0.018221,-0.052189,0.183053,0.249902,0.192834,-0.046275,0.216028,-0.148747,0.189694,-0.047032,0.099953,-0.135811,-0.068444,0.134793,0.150671,0.214518,-0.132810,0.049661,-0.128338,-0.214111,0.123800,0.231210,-0.212795,0.310862,0.326615,0.157758,-0.006420,0.182348,0.143618,0.063340,-0.006606,0.109858,0.390013,0.067349,0.201423,0.284387,0.061405,-0.233338,-0.006980,-0.064050,0.219579,-0.062776,-0.140191,0.069552,-0.097694,0.132425,0.164904,0.176489,0.061285,0.016686,-0.072132,-0.302151,0.028292,0.103153,0.070760,0.128324,0.329625,0.251534,-0.076259,0.021953,-0.008374,-0.007342,0.161905,0.156980,0.102133,-0.153030,0.060266,0.040880,-0.095740,-0.017220,0.170000,0.064936,0.019219,-0.198926,0.153997,-0.030368,0.401724,-0.233656,0.055961,-0.138579,0.211020,0.203156,0.100670,0.149415,0.084710,-0.226078,0.143035,-0.140789,-0.193186,-0.138780,0.134018,-0.020855,-0.047091,0.071726,0.236788,-0.112236,0.253105,-0.072072,0.295118,0.008225,0.076493,0.230850,0.075987,-0.018250,0.014488,0.133422,0.055380,0.247438,0.026304,0.194962,0.145341,0.060236,0.191645,-0.099997,-0.047838,0.498234,-0.094564,-0.054665,-0.023085,0.045973,0.084276,0.255700,0.225018,0.240547,0.324862,0.065181,0.323187,0.140207,0.103622,-0.063036,0.154203,0.285383,0.014045,0.120662,0.162441,0.094155,0.138762,0.027545,0.060947,0.120167,0.163079,0.067826,0.082582,-0.067102,0.101851,-0.070947,0.242525,0.267260,-0.013501,-0.219358,0.092096,-0.019183,0.169186,0.145881,0.060549,0.105545,0.024788,0.025100,0.106333,-0.027882,#
13,-0.320007,-0.036576,-0.025237,-0.179230,-0.057958,-0.193965,0.042506,-0.097531,-0.132355,-0.258411,-0.190394,0.101785,-0.015474,1.000000,0.200530,-0.142317,0.059040,-0.040673,0.054919,-0.083673,0.183758,0.057392,-0.085990,-0.149425,-0.289332,0.151347,-0.023634,0.119852,-0.061517,-0.014963,0.001111,-0.032432,-0.009434,-0.009144,0.039763,-0.201178,0.026798,0.210732,-0.433028,0.103107,-0.256907,0.072098,-0.060410,0.101963,0.186806,-0.072125,0.094524,-0.097501,0.077670,-0.247146,0.028116,-0.108847,-0.110390,0.330695,-0.159049,0.011414,-0.122326,0.062915,-0.066504,0.048993,0.027055,0.038853,0.024886,0.033659,-0.031207,-0.078275,0.161142,0.072622,-0.052068,0.065079,0.044460,0.021003,-0.163451,-0.146784,0.191815,0.134555,0.125636,0.120230,0.093595,0.097714,0.089455,0.170884,-0.030516,0.075556,0.010504,0.104208,-0.045774,-0.136268,-0.021598,-0.070561,-0.092898,-0.186779,0.027519,0.280309,0.047169,-0.213429,-0.054661,-0.032141,-0.012658,0.235825,-0.127948,0.123977,0.206643,0.146879,-0.097686,0.000978,-0.016761,0.027663,0.165563,0.273803,-0.114986,0.079280,0.287235,0.030605,0.233385,0.082635,0.072279,-0.027364,-0.105477,0.242942,0.130914,0.070120,0.019669,-0.083045,0.004762,-0.263352,-0.175994,-0.199762,0.053834,-0.100477,-0.214685,0.125564,0.009093,0.047321,0.026290,-0.147232,0.093643,0.041324,0.041673,0.128212,-0.295510,0.013866,0.336492,0.078853,-0.016521,0.163183,-0.079801,0.045566,-0.028340,-0.241426,0.069811,-0.014153,-0.059668,0.138357,0.064465,-0.064231,-0.043604,-0.061073,-0.041094,0.138707,-0.088179,0.102717,-0.015229,0.134291,0.016502,0.000250,-0.016691,-0.139372,-0.193898,-0.080423,-0.059149,-0.000193,-0.026309,0.095553,0.016638,-0.161988,0.044388,0.009168,0.032150,-0.150488,-0.067655,0.169160,0.019352,-0.089066,0.289061,0.239017,0.159925,-0.102453,-0.426775,0.076130,0.026140,-0.033121,-0.066662,0.197484,0.030766,0.060660,0.166838,-0.227177,0.160299,-0.097205,#
14,0.142656,-0.105167,-0.145917,0.243538,0.141374,-0.110248,-0.082301,0.223908,0.327236,0.023098,0.052938,-0.015290,0.179368,0.200530,1.000000,0.219838,0.077816,0.166621,0.345810,0.177420,0.200179,-0.096908,0.149119,0.191765,-0.020788,-0.131211,0.107963,0.011788,0.155798,-0.046566,-0.038972,0.235253,0.030521,0.054968,0.075144,0.105385,-0.043279,0.097888,-0.013596,0.260804,-0.237937,-0.120617,0.086560,0.030660,0.303227,0.107206,0.064080,-0.284471,-0.068296,0.133679,0.110797,-0.170535,0.222328,0.310802,0.221723,0.211337,0.183502,0.204122,0.111819,0.047224,0.150823,0.153105,0.061988,0.111835,-0.049101,-0.177464,0.193315,0.103236,-0.228666,0.349572,0.012711,-0.046609,-0.056401,-0.032086,0.340407,-0.005497,0.262089,-0.012075,0.045173,0.039812,0.074079,0.048211,-0.139797,0.229444,0.090469,0.132681,-0.159856,-0.094003,-0.099915,0.046746,-0.109106,-0.111743,0.224534,0.136027,0.131918,0.138173,0.156681,0.094746,-0.138979,0.003809,0.225598,0.093299,0.026608,0.285423,0.289561,-0.141134,0.057505,-0.052997,-0.263260,0.049482,0.069031,-0.269234,0.016965,0.073560,0.138760,0.102668,0.134292,-0.267630,-0.019735,0.095838,0.254746,0.202936,-0.226229,-0.117364,0.029172,-0.036833,0.031687,0.174818,0.011735,0.238304,-0.022417,-0.113729,0.030264,0.207077,0.174179,0.149221,-0.215824,-0.006205,0.067044,-0.182838,-0.022084,0.191417,0.350809,0.048954,-0.181813,0.279836,0.016197,0.065500,-0.141115,0.030769,0.046462,0.161069,0.039076,0.153334,0.039729,0.203391,0.129306,-0.043068,-0.181645,0.146730,0.066653,-0.007650,0.241739,0.059855,0.042381,0.050233,0.114323,-0.119965,0.010438,0.172754,-0.033486,-0.106643,0.186950,-0.068512,0.025270,-0.121574,0.091472,0.047820,0.081204,0.103319,0.211723,0.093894,-0.148182,0.096691,0.139598,-0.047011,0.086080,-0.140733,-0.151476,0.092193,-0.024017,-0.165512,0.081672,0.031755,0.121187,-0.093561,-0.097679,-0.196618,0.213019,0.031007,#
15,0.272498,0.047185,0.097671,0.066003,0.091149,-0.076836,0.125221,-0.051730,0.309991,0.222833,0.170049,-0.100487,0.138052,-0.142317,0.219838,1.000000,0.215595,0.080016,0.153246,0.105255,-0.196990,0.059564,0.367092,0.149469,0.037636,0.045844,0.054456,0.017425,-0.087890,0.263867,-0.131543,0.279519,-0.063856,0.065942,0.080385,0.221891,0.102221,-0.060334,0.117581,-0.054742,0.048579,0.041520,-0.080860,0.120285,0.123390,0.024680,-0.160099,0.156830,-0.037046,0.217190,-0.231691,0.152177,0.228438,0.155711,0.114874,0.191134,0.026739,0.157929,0.230834,0.137834,0.130387,-0.074347,0.218397,0.014440,0.054106,0.244953,0.061351,0.037616,-0.029751,-0.107681,0.144627,0.119116,-0.014918,-0.009086,0.187384,-0.068583,0.059334,-0.059430,0.032635,-0.111024,0.283899,-0.049103,-0.393313,0.118339,0.243396,0.126941,0.033435,0.322458,-0.092314,0.210097,0.129357,0.009083,-0.141875,-0.158595,0.132548,0.214747,0.350115,-0.017460,-0.115410,0.070861,0.253433,0.147024,-0.055605,0.254334,0.138601,-0.094991,0.133724,0.090571,-0.036631,-0.019493,0.000781,0.049489,-0.085747,-0.084546,0.054109,0.180050,-0.196028,-0.105509,-0.024994,-0.177697,0.228158,-0.003255,0.115195,0.002844,0.048572,0.156219,0.048895,0.397451,-0.121108,0.310650,-0.228490,-0.038937,0.103631,0.125498,0.086478,0.073886,-0.081782,-0.097940,0.062625,-0.125308,0.023758,0.187659,0.242626,0.024647,0.092540,0.006067,-0.021270,0.056471,0.105692,0.074827,-0.078221,0.022892,0.064883,0.126338,0.050700,0.107441,0.252428,0.026932,-0.110490,0.058048,0.127222,-0.059975,0.168619,-0.007312,0.076925,0.290601,0.046613,0.051129,0.311786,-0.009174,0.008484,0.266242,-0.191535,-0.053588,0.179023,0.080072,0.156389,0.100555,-0.147313,0.088544,0.142053,-0.114610,0.063163,0.212623,0.004537,0.144187,-0.001594,0.117591,-0.118450,-0.054180,-0.135230,-0.040524,0.168838,-0.078289,-0.049340,0.120126,0.074577,-0.021517,0.039777,-0.195911,#
16,0.297678,0.020548,-0.179585,0.081234,-0.098545,-0.063448,-0.033925,0.124327,-0.084759,-0.169872,0.092064,-0.005518,0.306199,0.059040,0.077816,0.215595,1.000000,0.027483,0.089681,0.323832,-0.101838,-0.057734,-0.028236,0.148637,-0.009467,0.045530,0.054408,-0.157575,-0.170964,0.371042,-0.070880,0.033606,-0.017785,0.164297,0.154888,0.147501,0.001279,0.037544,0.029667,0.017471,-0.144025,-0.047356,0.049272,0.216120,0.015135,0.070710,-0.060848,0.083793,0.008274,0.168453,0.057567,-0.027480,0.215629,0.305864,-0.149963,0.137021,-0.122202,0.044939,-0.025575,-0.077741,-0.036672,0.335754,-0.006970,0.115497,0.105359,-0.021807,-0.151960,0.200852,-0.085536,0.320398,-0.136342,0.092783,0.210251,0.009123,-0.028864,0.048933,-0.076128,0.168714,0.074256,0.078212,0.081215,-0.013313,-0.092755,0.389562,0.161154,0.259889,0.064865,0.221219,0.216260,0.066328,-0.013205,-0.141518,0.140775,-0.076553,-0.010726,0.118938,0.206439,-0.144811,-0.110744,0.236305,-0.171782,-0.028839,0.119104,0.033164,-0.052914,-0.008970,0.227084,0.303225,0.074727,0.098135,-0.071335,0.006953,0.064709,-0.032673,0.182663,-0.061343,0.071861,-0.043647,0.106987,-0.005938,0.325121,0.214071,0.290758,0.208253,0.299146,-0.109273,0.087897,-0.029674,-0.109327,0.093899,0.018791,-0.082060,0.055231,-0.408081,0.184553,0.097397,-0.008912,0.169288,-0.065618,0.035577,-0.095301,0.049502,0.093858,-0.061583,0.130388,-0.026591,-0.076227,0.102487,0.280649,0.226900,-0.169487,0.203724,-0.053457,0.059598,-0.046062,0.225145,0.077592,0.071293,0.015248,0.204493,0.077405,0.076104,0.016858,0.050835,0.172408,0.082468,0.185171,0.150894,-0.000774,-0.078112,0.058395,0.091613,-0.160442,-0.061312,0.174823,0.179698,0.083748,-0.030071,-0.014271,-0.070558,-0.037561,0.055681,0.016976,-0.271656,0.130850,0.168162,0.150332,0.190586,-0.034677,-0.068835,0.159814,-0.017024,-0.285801,-0.028277,0.051009,0.250232,0.146527,-0.138870,-0.150969,-0.167555,#
17,0.255286,0.026937,0.012504,0.212911,0.170041,-0.001654,0.088777,0.009631,0.030974,0.011524,0.004436,0.034426,0.336096,-0.040673,0.166621,0.080016,0.027483,1.000000,0.078527,-0.009804,0.089403,-0.004186,0.002111,0.334042,-0.289504,-0.083757,0.122519,-0.131102,-0.096567,0.012097,0.151148,-0.020283,0.267911,-0.026461,0.112592,0.100570,-0.275671,0.257976,0.133120,0.164405,0.141346,0.039298,0.195031,0.147985,0.066363,0.093427,0.178195,0.048912,0.027218,-0.025954,0.143181,-0.034302,-0.031283,0.097281,0.123763,0.047324,0.061012,-0.096877,0.093187,-0.148143,0.076345,0.146230,-0.257791,0.124544,0.091270,0.329602,0.133916,0.320492,0.038619,0.136098,-0.028417,0.361734,0.043792,-0.129840,0.159459,0.105523,0.098694,-0.175827,0.024779,0.031186,-0.142269,-0.056464,-0.030800,-0.011599,0.030196,-0.044455,0.209402,0.115421,0.084526,0.094553,0.082677,-0.165905,0.193700,-0.091872,0.114255,0.188786,-0.025885,0.035743,0.049479,0.122033,0.126835,-0.140827,-0.041697,0.134046,0.135792,0.048236,0.006858,-0.016794,0.185926,-0.110081,0.099918,-0.042294,0.064232,0.078972,0.060261,-0.114890,0.179431,-0.211457,0.085372,-0.086342,0.108336,0.125512,-0.105341,0.117982,0.264286,0.041155,0.005353,-0.001559,-0.078829,0.130019,0.285809,0.131144,0.026657,0.060769,-0.123605,0.054576,0.216750,-0.004299,0.120088,0.157565,0.289271,0.103394,0.054649,0.013971,0.029210,0.259784,-0.117211,0.054474,-0.113405,0.021300,0.123885,-0.053303,-0.128404,0.013439,0.282882,0.082980,0.093488,0.204433,0.205426,-0.107851,-0.026699,0.103079,0.022794,0.232961,0.015603,0.036551,0.046834,0.095018,0.098692,-0.170636,0.073900,-0.052124,0.054409,-0.044304,0.110053,-0.009911,0.217400,-0.032106,-0.177794,0.246884,0.239763,0.100021,0.091169,0.107903,-0.002803,0.084652,0.202359,-0.024264,0.124434,-0.077790,-0.091003,0.285645,0.008730,0.117053,0.063630,0.139575,-0.064232,0.130993,-0.232519,0.081064,#
18,0.243372,-0.027279,-0.028042,0.285817,-0.010175,-0.205029,0.001828,-0.200211,-0.014151,0.015935,0.139558,-0.066603,0.214214,0.054919,0.345810,0.153246,0.089681,0.078527,1.000000,0.139520,0.117089,0.078508,0.160619,0.151467,-0.073622,0.047151,-0.091794,0.118312,-0.001657,-0.111299,-0.151487,-0.001295,0.174676,0.225410,0.339849,0.175289,0.058311,0.157553,0.082277,0.339958,0.058923,-0.007289,0.183896,-0.072611,0.150977,-0.059452,-0.113791,0.037491,-0.203618,0.195861,0.039896,0.153813,0.097964,-0.102751,0.259056,0.076868,0.017254,-0.009501,-0.113451,0.088726,0.153283,-0.033118,0.271545,0.152407,0.421886,0.063151,0.249222,-0.020067,-0.233629,0.091167,-0.083548,0.092342,-0.156219,-0.220279,0.177623,0.195235,0.164278,0.019015,-0.086571,-0.127451,-0.000149,0.006152,0.082373,0.074901,-0.036110,-0.141730,0.155314,0.122016,0.053481,0.171384,0.147231,-0.093733,-0.076208,-0.037421,0.005613,0.333873,0.259491,-0.222326,0.095308,0.069934,0.079006,0.105826,0.098651,-0.049443,0.367168,-0.112494,0.124272,-0.086040,-0.080004,-0.168335,0.133708,-0.025823,0.116707,-0.122829,0.030509,0.053057,-0.028043,-0.326933,0.025754,0.054863,0.076686,0.004661,0.145228,-0.128462,-0.036335,-0.181087,-0.136692,0.243983,0.147508,0.142300,-0.178173,0.154855,-0.191542,0.148963,0.066460,0.005580,0.053099,0.177425,-0.172346,0.144535,0.016246,0.007432,0.179049,0.163640,0.058997,0.201412,-0.046020,0.022452,-0.252138,0.065508,-0.091900,0.015668,-0.016467,0.080148,0.041666,0.039776,0.121056,-0.030127,-0.131235,0.074371,0.104099,0.184411,0.166859,0.122033,-0.086990,0.282502,0.049739,0.043799,0.176522,0.324033,-0.257269,-0.137248,-0.044020,0.208804,-0.045988,0.251188,0.340052,0.026352,0.047242,-0.133925,0.001308,0.024082,0.123274,-0.012596,0.074254,-0.193642,0.383525,-0.035846,0.042091,-0.080571,-0.054386,-0.071978,0.117880,0.092841,0.121823,0.182256,0.036522,-0.005255,0.125239,-0.034222,#
19,0.240298,0.006555,-0.029502,-0.106050,0.266798,0.128566,-0.112713,-0.045928,-0.132423,0.081738,0.222643,-0.445448,0.094057,-0.083673,0.177420,0.105255,0.323832,-0.009804,0.139520,1.000000,0.044609,-0.371852,0.028974,-0.000316,-0.106364,0.022638,-0.018806,-0.142730,-0.119946,0.080327,0.257704,-0.117713,-0.057698,-0.061438,0.008511,0.111716,-0.032120,-0.122336,0.041925,-0.013672,-0.022000,-0.028653,0.062202,-0.104435,-0.138832,-0.033836,0.177967,-0.088006,0.013363,0.363196,0.063231,-0.157586,-0.020669,0.030316,-0.031150,0.284375,0.100311,-0.097960,0.045349,0.090956,-0.059126,0.456324,0.021675,0.239887,0.158057,-0.294308,0.145512,0.064780,-0.420363,0.055337,0.160632,-0.045784,-0.037059,0.015453,0.067045,0.169607,0.061020,0.101873,0.396351,0.118592,0.135451,-0.021500,0.044049,0.175910,0.040348,0.260954,-0.127429,0.156622,0.057487,-0.190220,0.005140,-0.203048,0.064808,-0.164644,-0.144711,0.222452,0.272768,0.105436,-0.247842,-0.057684,-0.123773,-0.091362,0.162508,0.031874,0.078084,0.244615,0.044572,0.228250,0.030606,-0.092626,-0.051285,0.062045,0.055585,-0.081195,0.163157,-0.123302,0.168349,-0.007511,0.109002,-0.409976,0.162832,0.152865,-0.103344,0.232664,0.276056,-0.121302,0.168912,-0.081187,-0.020555,0.104993,0.171182,-0.094210,-0.146664,-0.110594,0.302132,-0.046460,0.002795,0.173567,-0.097178,-0.164064,-0.066185,0.209295,0.145336,-0.099922,0.040625,0.036734,-0.173905,0.068878,0.057594,-0.053884,-0.013677,0.285010,0.084890,0.121201,0.103683,-0.101945,0.179936,-0.167383,-0.016836,0.083798,0.334528,-0.253382,0.104818,-0.048389,0.123179,0.051966,0.134066,0.159451,0.179013,-0.033097,-0.080016,0.081565,0.289717,0.209693,0.026952,-0.032292,0.155598,-0.087888,0.197205,-0.128667,-0.093737,-0.143549,0.187102,0.088156,0.175442,0.102445,0.020935,-0.036448,-0.021473,-0.066571,0.231206,0.232026,-0.285724,-0.183355,-0.001336,0.084806,-0.287556,-0.002111,0.201232,0.124257,#
20,-0.033714,0.029251,0.081384,0.079427,0.354406,-0.033794,0.068673,-0.098507,-0.180918,0.089390,0.032834,0.052285,0.053165,0.183758,0.200179,-0.196990,-0.101838,0.089403,0.117089,0.044609,1.000000,0.226814,0.012103,0.064538,0.037652,0.231813,0.113414,-0.142568,0.123175,-0.161263,-0.094010,-0.216833,0.090248,0.102815,0.068357,0.094120,0.109254,0.364314,0.291926,0.325276,-0.027306,0.072412,-0.012230,-0.162184,0.147728,0.087870,0.313306,-0.105230,-0.184245,0.087042,-0.213378,-0.083521,-0.165487,0.215087,0.346811,0.245282,0.150620,0.167759,-0.050246,-0.101642,0.060022,0.280068,-0.000443,-0.001496,-0.213986,-0.104961,-0.054503,0.231283,-0.059791,0.195284,0.371092,0.300865,0.153517,0.023946,0.031174,-0.099751,0.063087,-0.028942,0.063683,-0.033534,0.066347,0.150750,0.157151,-0.031610,0.200779,-0.001578,0.014247,-0.009193,0.302891,-0.036382,0.094142,-0.032861,0.020761,0.284164,0.314802,-0.047875,-0.080941,0.168505,0.038371,-0.018535,0.279101,0.102473,0.145666,-0.147460,0.156268,0.070319,0.122688,0.054760,0.034881,0.155890,0.220268,0.369590,0.095742,-0.188720,-0.032979,0.245523,0.340043,0.165000,0.088292,0.190968,-0.102025,0.166363,-0.109500,0.044566,0.000889,-0.044516,0.009980,-0.014734,0.377802,0.050457,0.282719,0.043818,-0.130934,0.232894,0.047016,-0.192688,0.073037,-0.103242,-0.001754,0.013795,0.192433,0.149309,0.310367,0.233544,0.072940,0.139848,0.009862,0.049352,-0.215539,0.155203,0.250354,0.149280,-0.077568,0.278712,0.134675,0.064079,-0.155473,-0.172301,-0.224324,0.117670,0.126809,0.112919,0.171026,0.143523,0.072367,-0.068232,-0.154188,0.109963,0.025571,0.075550,0.073373,-0.255927,0.139972,-0.000877,0.044937,0.127550,-0.009189,0.055723,0.162264,0.006063,0.041813,0.058044,-0.114099,-0.063125,0.185238,-0.131632,0.192841,0.072755,0.057952,0.324429,-0.091773,-0.007059,-0.180661,0.263525,-0.012661,0.109569,0.031591,0.092973,0.290624,0.233903,#
