0,1.000000,-0.038593,0.197225,0.052874,0.216896,-0.133861,0.031389,-0.060567,0.223540,0.136943,0.187369,0.078165,0.033722,-0.045384,0.239214,-0.235799,0.005181,0.227542,0.165822,0.384623,0.127819,0.247717,0.070759,0.255919,0.122477,0.028620,-0.016874,-0.017210,0.263924,0.336093,-0.027306,-0.045319,0.048520,-0.017828,-0.182042,0.073894,0.062516,0.073622,0.160972,0.206643,0.090295,-0.034531,0.109910,0.126339,-0.170167,0.028623,0.121335,0.165902,0.197838,0.119482,0.209532,-0.102830,-0.071927,0.128028,0.150798,0.127243,0.157355,0.180341,-0.073496,0.065672,0.300745,0.023241,-0.054024,0.110696,0.106572,0.025368,0.127282,0.014346,0.111237,0.077152,0.075514,0.064170,0.291167,0.073980,-0.115437,-0.129949,0.091876,0.021347,-0.070014,-0.140482,0.272560,-0.078427,-0.013245,0.126062,0.321625,0.026302,0.052759,0.043490,0.176428,-0.047484,-0.020067,-0.089359,-0.109557,0.112806,0.303174,0.008681,0.320735,-0.012137,0.218771,0.347457,0.198504,0.149870,0.036439,0.244761,0.189570,0.117964,0.117768,0.045163,-0.118657,-0.311161,-0.090035,-0.015036,0.064215,0.294722,-0.180374,-0.043668,0.146962,0.263600,0.031338,-0.032496,0.358007,0.127369,-0.000041,0.005238,0.021926,0.350708,0.070327,-0.051744,-0.127850,0.137892,0.166111,0.007671,0.361580,0.028838,0.051881,-0.176180,0.373468,-0.126410,0.165107,0.331959,0.284121,0.079132,0.011929,0.107448,0.056189,0.087411,0.030276,0.033018,0.258611,0.030823,-0.050240,-0.023487,0.318163,0.102717,0.128823,-0.098362,-0.111818,-0.029758,0.182476,0.188302,0.175402,0.269698,0.059495,-0.002705,0.036180,-0.122296,0.207834,0.199115,-0.041786,-0.014828,0.463233,-0.149686,0.198897,0.126952,-0.064683,0.198877,0.300572,0.176389,0.085805,0.086436,0.008513,0.397050,-0.204934,-0.116188,0.091951,0.068336,0.342983,0.303893,0.145418,-0.046637,0.255492,0.027967,0.184317,0.034907,0.302675,-0.087586,0.054863,-0.027054,0.471091,0.191817,#
1,-0.038593,1.000000,0.087115,0.015536,0.246876,0.055174,0.126319,0.016196,0.122651,-0.111333,0.324463,0.116009,0.138125,0.191777,-0.015737,0.014063,0.150009,0.066584,0.041245,0.116567,-0.016632,0.097886,0.045521,0.317696,0.221722,0.249621,0.047036,0.015325,0.068606,0.013885,0.277880,0.128948,0.125197,0.239151,0.007730,-0.155930,-0.048899,-0.016572,0.242326,0.132611,-0.007930,-0.040495,0.438474,0.110214,0.252970,0.248552,0.299745,0.242169,0.072531,-0.065901,0.145307,0.256913,0.226246,-0.078084,-0.135563,0.072005,0.184775,0.106214,0.313724,0.045351,0.106236,0.145046,0.102303,-0.036110,0.244735,0.176365,-0.049874,0.200332,0.199534,0.161921,0.024801,-0.005447,0.293229,0.120051,0.160993,-0.037981,0.030583,0.181636,0.219547,-0.031680,0.140799,0.328371,0.104353,0.325097,0.106831,-0.049216,0.239022,0.037041,0.013533,0.366723,0.142695,0.250211,0.019201,0.132726,0.009921,0.201834,0.067891,-0.111610,0.191140,0.061067,0.059619,-0.257659,-0.072634,0.208940,-0.029649,0.139270,0.300369,0.297077,-0.046202,0.000848,0.302040,0.199817,0.082664,-0.023425,0.217296,0.216404,0.028789,0.233199,0.114733,0.115321,0.102637,0.016794,0.233394,-0.002894,0.208072,0.091338,-0.011859,-0.068851,0.066740,0.072973,0.095373,0.057833,0.111067,0.129336,0.399798,0.479691,0.155611,0.260084,0.063069,0.323435,-0.017101,0.050939,0.188207,-0.139491,-0.002727,0.157777,0.101878,0.163404,0.410117,0.167769,0.011662,0.108746,0.023324,-0.114006,0.329590,0.046113,0.114948,0.082084,0.181546,0.119172,-0.176992,0.236191,0.094906,0.124656,0.218420,0.253298,0.189915,0.285410,0.237909,0.156285,-0.031328,-0.035372,0.142772,0.009561,0.144169,0.101441,-0.231457,0.266255,0.164849,0.040000,0.097062,0.190476,0.189620,0.044617,0.147198,0.026321,-0.002783,0.064177,0.098661,0.169837,0.214834,-0.001088,0.071098,0.014521,0.068898,0.235028,-0.093432,0.212678,0.083217,0.082427,#
2,0.197225,0.087115,1.000000,0.288031,0.012906,-0.190868,0.120678,0.286386,-0.021758,0.029714,0.153074,0.242141,-0.096366,0.220083,-0.052676,-0.017517,-0.077198,-0.096181,-0.045487,0.071996,-0.005835,0.354009,0.155016,-0.031263,0.130828,0.118494,0.070588,0.025689,0.120051,0.343723,-0.004718,-0.141068,0.031895,0.247111,-0.133654,0.102438,0.003420,0.028153,-0.108693,0.151195,0.195882,0.090421,0.204698,-0.047111,-0.321683,0.218200,0.039083,0.259496,-0.125882,0.079926,0.294484,0.152217,0.163405,0.032316,-0.185020,0.102443,-0.067363,-0.025500,-0.049048,0.212275,-0.184756,0.046437,0.101625,0.186887,0.128248,0.145171,-0.192530,-0.249094,0.025759,0.338932,0.110342,-0.268219,0.120846,0.109018,0.064993,0.111986,0.086943,-0.159157,0.039260,-0.049322,0.372515,0.003614,-0.122849,0.063142,0.027450,-0.109236,0.339126,0.042482,-0.178538,0.116632,-0.063220,0.151354,0.162420,-0.125694,-0.006825,0.066203,-0.058795,-0.267162,0.123929,0.115944,0.311041,-0.130001,0.014616,0.009259,0.063340,0.020270,0.097845,0.075807,-0.013033,0.181084,-0.097063,0.039397,0.001111,-0.008047,0.049018,0.128975,0.040004,0.250913,-0.128794,-0.156182,0.099417,0.117924,-0.049953,-0.129225,-0.003765,0.093849,0.205940,0.110451,-0.126281,0.043511,0.146650,-0.018425,-0.076986,0.009705,0.211867,0.140689,0.099083,0.109823,-0.174625,0.022125,-0.162913,-0.032025,0.147311,0.058062,0.040115,0.256827,0.185225,-0.029257,0.213526,-0.014399,-0.150119,0.412482,0.125024,-0.083970,0.105940,-0.080968,-0.162713,-0.031443,0.114726,0.022047,0.130991,0.230527,0.084181,0.186860,0.049671,0.066732,-0.006781,0.219653,-0.094687,-0.010308,0.052961,0.040831,0.071603,0.046972,0.132311,-0.061087,0.131027,0.043958,0.038883,0.182834,0.182041,-0.041730,-0.093252,0.207159,-0.126416,-0.005820,0.034041,0.073181,0.085700,-0.043689,-0.049858,-0.010690,0.284759,-0.157914,0.055496,-0.188784,-0.088079,-0.063552,0.249615,0.139643,#
3,0.052874,0.015536,0.288031,1.000000,0.266391,-0.000649,0.260101,0.110317,0.050396,0.014171,0.144870,0.412277,0.030046,0.262978,-0.109341,0.098087,0.129546,0.107429,0.048242,-0.083057,0.083512,0.232559,-0.040659,0.213433,0.174948,0.029956,-0.044858,0.048278,0.163155,0.205890,0.268143,0.170333,0.284806,0.160756,-0.122684,0.141672,0.472324,0.309479,0.126700,-0.023403,0.205707,0.171454,0.102088,0.397020,0.026863,0.044318,0.157915,0.107911,-0.023613,0.159431,0.165917,0.070955,0.114167,-0.029197,-0.079141,0.292673,0.158664,0.248547,0.104331,0.217187,0.040354,-0.024476,0.297885,0.209380,0.200306,0.132326,0.254262,0.261151,-0.073715,0.115665,0.201979,-0.159419,0.280160,0.160707,0.251667,0.382814,0.313438,-0.070693,0.257266,0.240694,0.221053,0.185205,-0.101055,0.053170,0.202957,0.214895,0.406149,0.214545,0.014171,0.313769,0.174623,0.135676,0.196940,0.270301,0.058951,0.309999,0.270910,0.174746,0.188110,0.348174,0.253473,-0.042752,0.155427,0.261897,0.167367,0.178163,0.161441,-0.000093,0.155689,0.112690,-0.024829,0.134996,0.226212,0.040236,-0.126306,0.092882,0.328046,-0.056092,0.042266,-0.000150,0.219720,0.149781,0.140873,0.298287,0.104230,-0.205432,0.328308,0.100926,0.167491,0.321433,0.069189,0.278918,0.192797,0.239783,0.217184,0.097049,0.059548,0.087058,0.223451,0.298171,0.132189,0.340177,0.218464,0.260984,-0.000236,0.070507,0.239938,0.266296,0.189758,0.104444,-0.064016,0.194068,0.078647,0.108850,0.232099,-0.063543,-0.063605,0.039394,0.120795,0.396237,0.220246,0.175335,0.235499,0.097488,0.074957,0.254568,0.164418,0.206081,0.143460,0.082208,0.107777,0.112719,0.211345,0.111319,0.087849,0.330265,0.015763,0.289507,0.050840,0.013643,0.250560,0.121437,0.173382,0.400194,0.070406,0.069660,0.016416,0.139111,-0.115615,0.013582,-0.046565,0.213937,0.473820,0.011860,0.086751,0.270594,0.195188,0.205911,0.243876,0.064498,#
4,0.216896,0.246876,0.012906,0.266391,1.000000,0.259500,0.148200,-0.071841,0.198085,-0.056749,0.083158,0.075001,0.136636,0.113632,-0.083141,-0.039092,0.271024,0.064637,0.156997,0.193335,0.076766,0.279125,0.115971,0.341783,0.072833,0.303932,-0.195792,0.016346,0.226804,-0.263858,-0.116820,0.169030,0.216083,0.170962,-0.160914,0.080363,0.206291,0.152635,0.078080,0.000681,0.264285,0.245421,0.205919,0.117501,0.189181,-0.091384,0.223431,0.210649,0.152060,0.168666,0.055397,-0.069088,0.014415,0.043491,0.004773,0.146306,0.100664,0.128264,0.188347,0.137694,0.252232,0.201022,-0.096155,-0.051944,0.100042,0.062378,0.186094,0.031978,0.059324,0.104177,0.004475,0.095598,0.314167,0.110580,0.099504,-0.118351,0.022418,0.139935,0.135473,-0.202751,0.262233,0.014800,-0.109693,-0.067200,0.175723,0.048174,0.129892,0.146459,0.243881,0.195548,0.051402,0.027163,-0.204001,0.090232,-0.061571,0.150549,0.088539,0.053021,0.367808,0.226990,0.240487,-0.202877,0.080268,0.220158,0.045258,-0.037554,-0.030026,0.192164,-0.138902,0.073464,0.396642,-0.015858,0.199531,0.424877,0.024491,-0.136406,0.107102,-0.071032,-0.012862,-0.237902,0.134454,0.135456,0.233416,-0.160090,0.206100,-0.079850,0.157212,-0.059645,0.010716,0.135542,0.064423,-0.061758,0.216244,0.149450,0.268091,0.096352,0.192870,-0.242447,0.126676,0.263881,0.190533,-0.095243,0.088022,0.068336,-0.001638,0.080253,0.077364,-0.082968,0.252296,0.129325,0.041466,-0.076082,0.264466,0.110876,0.167316,-0.062446,0.115327,-0.002967,0.214770,0.164866,0.017378,0.078428,0.111627,0.323526,0.000463,0.442910,-0.005708,0.054741,0.015782,0.102666,0.090189,0.077532,0.178660,0.068072,0.172304,0.103981,0.184156,0.164756,0.090755,-0.181614,-0.012667,0.080133,0.194455,-0.094120,-0.114988,0.154573,0.282983,0.299181,0.066491,0.018317,0.230756,-0.276433,0.083453,0.007171,-0.086300,0.226492,0.020096,0.294272,0.114940,0.215921,#
5,-0.133861,0.055174,-0.190868,-0.000649,0.259500,1.000000,0.167561,-0.143402,0.199728,-0.018436,0.009949,-0.217422,0.036271,0.158963,0.039965,0.039078,0.233624,0.100492,0.090074,-0.245932,0.236598,-0.081967,-0.048771,0.098622,0.035248,0.183228,-0.064705,0.019779,0.120923,-0.166788,-0.159865,0.143377,0.284191,0.057970,-0.097123,-0.145709,0.147285,-0.009497,-0.164197,0.093652,-0.100032,0.049200,-0.081874,0.141175,0.026204,-0.069153,0.053223,-0.082525,0.053897,0.125780,-0.352929,-0.013249,0.077385,-0.207272,-0.134705,0.199833,-0.236729,0.009345,0.102061,-0.047930,0.156749,0.004152,-0.080628,-0.256040,-0.227257,0.075972,0.289777,-0.001632,-0.021677,-0.045931,0.001980,0.021497,0.161187,0.237627,-0.109727,-0.102043,0.082448,0.094213,-0.047403,0.105132,-0.021974,0.251637,0.002465,-0.184075,-0.183730,0.133448,-0.100137,0.051322,0.167444,0.093638,-0.177612,0.105749,-0.176192,-0.038639,-0.086389,-0.111233,0.020297,-0.164942,0.295352,-0.108140,0.016106,0.042710,0.006825,0.045838,-0.105877,-0.191719,-0.249454,0.088522,-0.162894,0.031844,0.295441,-0.106947,0.231666,-0.089852,-0.026879,-0.092669,0.183124,-0.021104,0.093259,-0.118431,-0.129414,-0.122300,-0.169660,0.163910,-0.058773,0.046460,-0.224121,-0.191828,0.171877,0.124111,-0.018740,0.151220,0.056898,-0.206733,0.248027,0.234428,0.022416,-0.196413,0.070238,0.072295,0.249444,-0.051428,-0.001697,0.228250,0.114115,0.085768,0.004898,0.052594,-0.160256,0.089538,0.016185,-0.335398,-0.019488,0.185412,0.079725,0.104977,0.074836,-0.033134,0.292958,-0.029118,-0.077872,0.085003,-0.119689,-0.048074,0.029221,-0.113796,0.016349,0.016086,-0.057369,0.083326,-0.094328,0.047716,-0.089468,-0.113809,-0.049412,0.055377,-0.067320,-0.003168,0.275767,-0.295296,0.034071,0.015418,0.263859,-0.077746,-0.015987,0.090696,0.127892,0.052839,-0.061560,0.034544,-0.108022,-0.279076,0.127831,0.128629,0.074197,0.061987,-0.008196,0.296157,-0.232968,-0.008891,#
6,0.031389,0.126319,0.120678,0.260101,0.148200,0.167561,1.000000,0.112163,0.099922,-0.119531,0.233375,0.059005,-0.049603,0.163670,0.053147,0.144017,0.214125,0.158359,0.209749,0.099433,0.224398,-0.038624,-0.127627,-0.083133,-0.113970,0.200471,-0.075003,-0.043795,0.349698,0.109939,-0.082659,0.145432,0.219280,0.161027,-0.195882,-0.125989,0.079146,0.053971,0.118211,0.252339,0.208986,0.015593,-0.071816,0.044588,0.016163,0.100061,0.232809,0.305479,0.098822,0.216438,-0.045047,0.172565,0.226584,0.034117,-0.159784,-0.045979,0.155583,0.270985,0.324170,0.251172,0.055002,0.203193,-0.118700,0.305824,0.181147,0.317612,0.293642,0.159676,0.245481,0.059189,0.054812,0.139454,0.372925,-0.042817,0.092760,0.147831,0.089829,0.122734,0.247323,0.201806,0.181460,0.086854,0.336541,-0.040796,0.213384,0.063274,0.024843,0.127348,0.143104,0.316155,0.096174,0.155074,0.063972,0.095265,0.056462,-0.049854,0.069557,-0.061810,0.214180,0.179780,0.216540,0.079913,0.143835,-0.059496,-0.398132,0.068144,-0.066844,0.053923,0.029076,0.158701,0.155495,0.206119,0.110085,-0.104222,0.008440,0.100575,0.389176,0.005814,0.240275,0.139758,0.084700,0.239942,-0.065873,-0.126727,0.096328,-0.112793,-0.074989,0.325301,0.082810,0.381181,0.149479,-0.009524,0.228145,-0.085434,0.380119,0.105532,0.014737,0.323319,0.174393,0.208493,0.176456,-0.187783,0.081571,0.494301,-0.125369,0.101188,0.100873,-0.065477,0.159698,-0.190082,0.018360,-0.002965,0.138332,0.027529,0.352057,-0.105755,-0.123531,0.032535,0.223784,-0.011410,-0.011856,0.284068,0.218242,0.082842,0.268339,0.094810,0.186604,0.226710,0.204387,0.153803,-0.144623,-0.076947,0.172192,0.016189,-0.007641,0.093891,-0.036476,0.341306,0.312148,-0.082338,-0.024026,0.211019,0.034388,0.493798,0.459509,0.122623,0.020406,0.149633,0.129944,0.350636,-0.024012,-0.123146,0.319453,0.156459,0.098471,0.130739,-0.010947,0.183129,0.079495,0.182470,#
7,-0.060567,0.016196,0.286386,0.110317,-0.071841,-0.143402,0.112163,1.000000,-0.028153,0.160081,0.168192,0.192866,-0.161000,0.281584,0.180127,0.122228,0.002706,0.116877,-0.075565,0.257517,0.009232,0.269456,0.233009,-0.112409,0.003297,-0.068144,0.251936,0.128084,0.125741,0.164532,0.154746,0.165099,0.026253,0.054912,-0.110905,0.003901,-0.175450,0.053110,0.041263,-0.016985,-0.052170,0.153161,0.112456,0.146925,-0.057031,0.173441,-0.040891,0.313528,0.210929,0.194870,0.024132,0.075571,0.043259,0.221770,0.060567,0.092589,0.108904,0.005430,-0.024572,0.178128,0.207540,-0.047529,0.017947,0.153873,0.280294,-0.065878,-0.016971,-0.055105,0.111564,0.217975,0.120610,-0.229477,0.265319,0.152343,0.147298,0.237071,0.094859,0.314300,0.192304,0.076496,0.160477,0.006403,0.148786,0.139465,0.180292,-0.023952,0.066218,-0.074759,0.144076,0.164550,-0.018578,0.036486,0.099555,0.139275,-0.046266,-0.057025,-0.185939,-0.044185,0.062793,-0.022382,0.128849,0.000772,0.070333,-0.016208,-0.134855,0.307533,0.373944,-0.103825,0.028663,0.040980,-0.221265,-0.152776,0.009019,-0.054141,0.266049,0.161436,-0.120226,-0.020201,0.190596,0.183660,0.129828,-0.017205,0.136230,0.283520,0.175315,-0.059754,0.059375,0.247309,0.058401,0.007846,-0.091345,-0.128190,0.022933,0.155322,0.244619,0.062054,0.074893,0.282822,0.019460,0.291204,0.176113,0.170060,-0.056076,0.084512,0.106147,0.003556,0.250764,0.241325,0.270384,0.046549,-0.021075,0.284793,-0.156380,-0.036160,-0.175079,0.078903,0.082818,0.113521,0.081384,0.127345,-0.038129,0.234891,0.045718,0.144285,0.140727,0.143381,0.078053,0.161852,0.057422,0.045231,0.080746,0.089541,0.183539,-0.050799,0.084236,-0.037090,0.045546,0.089335,0.052098,-0.081088,0.077333,0.015959,-0.068134,0.106419,-0.249249,0.068633,0.037845,0.030764,0.044479,0.091002,0.110987,-0.148049,0.182651,0.058298,0.043671,0.228563,0.105034,-0.007567,0.132393,0.037089,#
8,0.223540,0.122651,-0.021758,0.050396,0.198085,0.199728,0.099922,-0.028153,1.000000,-0.011126,0.023547,-0.004098,0.075071,0.170802,0.167892,-0.116931,0.073769,-0.066919,-0.055886,0.175185,0.350489,0.099864,0.124534,0.212319,0.138293,0.136489,-0.079774,-0.041956,0.017676,-0.061696,0.088180,0.133471,0.120409,0.109763,-0.076650,0.128528,0.256202,0.047013,0.047453,0.148746,0.030687,0.046776,-0.240129,0.009494,0.201704,0.080998,0.055471,0.217022,-0.037560,0.054886,-0.150221,0.177876,-0.093060,0.280002,0.075127,0.221268,-0.085322,0.192664,0.040776,0.188166,0.085065,0.006448,0.253409,-0.079766,0.295718,0.129358,0.150463,0.074385,0.322068,0.078116,-0.113676,0.030215,0.398295,-0.098286,-0.103871,-0.202095,0.176339,0.017692,0.054382,0.040138,0.072117,0.190904,0.137267,-0.133838,0.217638,0.170953,0.055011,0.165001,0.206599,0.151343,0.042229,0.104720,-0.028571,0.038497,0.249672,0.211676,0.089714,0.056079,0.140224,-0.018431,0.155015,-0.061371,-0.011592,0.045585,0.163824,0.085725,0.254634,0.034022,-0.170047,-0.147818,-0.028155,0.092813,-0.177841,0.153806,-0.004556,0.077744,0.150885,0.102606,-0.055409,0.061345,0.261451,0.013557,0.050826,-0.073790,0.114504,0.283602,0.057789,0.161984,0.034611,0.098783,0.035522,-0.047989,0.179241,-0.043696,0.267509,-0.008742,0.187145,0.063030,0.355986,0.207993,0.108622,0.084353,0.082191,0.167035,-0.082652,0.089546,0.039470,0.390112,0.121721,0.208918,0.149758,-0.018803,0.124748,0.106277,0.232999,0.066873,-0.059145,0.076436,0.016673,0.167837,-0.176308,0.086069,-0.088633,-0.002809,0.109200,0.053743,0.115065,0.215147,0.105699,-0.066459,0.284537,-0.074868,0.000090,0.169837,-0.199027,0.326816,-0.039799,0.322600,0.203458,-0.083630,0.120526,0.133904,-0.278234,0.179296,0.174424,0.003446,-0.072418,-0.128855,0.103678,0.205730,0.160529,-0.208287,0.028157,0.010463,0.088065,-0.045661,0.063876,-0.287671,0.060504,0.096521,#
9,0.136943,-0.111333,0.029714,0.014171,-0.056749,-0.018436,-0.119531,0.160081,-0.011126,1.000000,0.305213,-0.138457,-0.285455,0.192511,0.209558,0.101388,-0.068129,-0.083915,-0.140432,0.174885,-0.085019,0.043633,0.103556,-0.121684,0.005926,-0.075853,0.174789,-0.047556,0.016913,-0.055408,0.184200,0.166901,0.053154,-0.123655,-0.042245,0.027944,-0.057550,0.213641,0.041990,-0.119248,0.166296,0.185156,-0.022162,-0.298951,0.063314,0.127418,0.166417,0.102155,0.058714,-0.150496,-0.183449,0.291256,0.153851,-0.053641,0.286634,0.305399,0.267186,0.224353,-0.209223,-0.064484,0.033643,-0.178990,0.157863,-0.104475,0.214225,-0.043542,0.000161,-0.153190,0.059674,-0.014658,0.038985,0.133368,0.066065,-0.009541,0.054396,0.105511,0.238107,0.130711,0.225063,0.029904,0.017716,0.258770,-0.236486,0.140144,0.035940,0.333792,0.176494,0.008604,-0.063136,-0.091313,-0.285503,0.002721,-0.058386,-0.081235,0.054603,-0.118567,0.082298,-0.048090,0.103052,0.171645,0.040136,0.124058,0.254963,0.043124,0.128863,-0.091135,-0.038604,0.062163,0.014514,-0.146847,-0.060449,0.075784,0.143199,-0.070241,0.144642,0.121502,0.028448,0.106324,0.295818,-0.251362,0.236744,0.256651,0.075610,0.210726,0.115790,0.071894,-0.140406,-0.049176,0.075928,0.013758,0.166095,0.010618,-0.193643,0.028080,-0.064617,-0.103736,0.151210,0.115055,0.055938,0.008645,0.023095,0.314071,0.045450,-0.003483,0.110104,-0.128998,0.066955,0.243833,0.044567,0.307498,0.042316,-0.167253,0.161972,0.175692,-0.193099,0.338302,0.242824,0.108920,0.332836,0.093081,-0.030436,-0.100517,-0.145751,0.237826,0.030121,-0.026730,-0.194199,0.194641,0.087540,0.045950,0.164279,0.172267,0.077208,-0.047474,-0.095454,0.054005,0.120570,-0.160803,-0.133505,0.162390,-0.084396,0.020834,0.149809,-0.035804,-0.122945,0.016061,0.272000,0.082975,0.174749,-0.042854,-0.098467,-0.014889,-0.032091,0.152432,0.078072,0.152905,0.073255,-0.193945,0.195882,-0.050981,#
10,0.187369,0.324463,0.153074,0.144870,0.083158,0.009949,0.233375,0.168192,0.023547,0.305213,1.000000,0.025413,-0.137288,0.284690,0.156935,-0.126079,0.188601,0.082617,0.304141,0.184179,0.066036,0.019074,-0.049379,-0.006663,0.120451,0.124805,0.248765,0.040271,0.002375,0.031362,0.239803,0.203740,0.075293,0.033368,-0.041054,0.204705,-0.180001,0.161260,0.069490,-0.015483,0.013770,-0.029542,0.252492,-0.086173,-0.138875,0.052551,0.233167,0.226047,0.263076,-0.030111,0.056897,0.262611,0.119417,0.000098,0.044719,0.237967,-0.020504,0.244696,0.164645,0.060460,-0.094285,0.142057,0.120200,0.021471,0.224931,0.262848,0.078276,-0.030967,0.152141,-0.036743,0.068770,-0.033407,0.287796,0.085096,0.066009,0.147322,0.248923,-0.073361,0.207834,0.044292,0.045572,0.194320,0.085330,0.212446,0.048294,0.107200,0.277579,0.005077,-0.001384,0.079030,-0.092940,-0.083903,0.036885,-0.092762,0.135671,0.021042,0.207592,-0.184016,0.354601,0.219410,0.146821,0.063758,0.129242,0.098940,0.253502,0.017461,0.188263,0.154461,0.039827,-0.035214,-0.020636,0.176073,0.256069,-0.054821,0.257437,0.221517,0.018663,-0.005576,0.266037,-0.187491,-0.011647,0.000137,0.079702,0.015200,0.179730,-0.191386,-0.107660,-0.010440,-0.017313,0.267696,0.295088,-0.036803,0.142120,-0.152977,0.030233,0.196112,0.248459,0.263032,0.128970,0.253844,0.087172,0.044291,0.177718,0.182893,-0.122044,0.072159,-0.152647,0.075931,0.103354,0.125564,-0.125368,0.108758,0.274277,-0.114498,0.015681,0.117590,0.180608,0.041294,0.129728,0.313625,-0.050064,0.246690,0.128708,0.176105,0.108190,0.028487,0.164337,0.357260,0.196820,-0.032210,0.144529,0.067847,0.104985,0.005752,-0.092778,-0.038450,-0.047114,0.076851,0.246620,0.220506,0.205617,0.058509,0.188997,-0.028199,0.138758,-0.091278,0.082946,0.095665,0.131379,0.017428,0.073655,-0.044450,0.097634,-0.007606,0.116891,0.082761,0.049083,0.217347,0.459582,0.329723,#
11,0.078165,0.116009,0.242141,0.412277,0.075001,-0.217422,0.059005,0.192866,-0.004098,-0.138457,0.025413,1.000000,0.021530,0.035877,-0.026837,0.096416,-0.053035,0.246502,0.105630,0.028254,-0.049854,0.185294,0.007136,0.230692,0.293725,0.184186,-0.263235,0.030626,-0.201762,0.153673,0.290108,0.233193,0.149658,0.220216,-0.071146,0.008254,0.245255,0.206711,0.093141,0.019625,0.150199,0.079295,0.238622,0.290666,-0.156877,0.305093,0.308574,0.094389,0.079009,0.061377,0.294906,0.091330,0.156217,0.214299,-0.239166,0.109115,0.382392,0.015819,0.121184,0.071300,-0.171683,0.012680,0.283054,0.257786,0.188513,0.162456,0.122962,0.338591,-0.018865,0.280203,0.141044,-0.137767,0.198108,0.155327,0.116112,0.201233,0.111258,0.109229,0.289734,0.170128,0.235269,-0.153918,0.162052,0.163321,0.275339,-0.074437,0.353693,0.317851,0.120091,0.084391,0.272118,0.167615,0.326169,0.385072,0.051444,0.202939,-0.191122,0.106090,0.045029,0.257943,0.199742,-0.070239,-0.000179,0.046577,0.174862,0.338650,0.292725,0.173847,0.165679,-0.139501,0.006161,0.008288,0.178135,0.006011,-0.182403,0.366441,0.116878,0.028155,0.177655,0.059222,0.088224,0.152944,0.271127,0.141834,0.252407,0.036103,0.358292,0.356527,0.161799,0.176991,-0.145654,0.248772,0.036598,0.311298,-0.032743,-0.057584,-0.057544,0.202741,-0.106442,0.303535,0.051410,0.227316,0.041276,0.102082,-0.049899,0.181845,0.139764,0.136352,0.348972,0.127516,-0.200273,0.265364,-0.059080,0.124846,0.318145,-0.055135,-0.082491,-0.059614,0.099037,0.271792,0.144646,0.157348,0.006895,0.058995,0.300803,0.143928,0.241802,0.227503,0.321634,0.081778,0.336276,-0.075586,0.011408,0.051634,0.110470,0.255914,0.357727,0.217698,0.119474,0.051557,0.201163,0.229429,-0.057872,0.041158,-0.144447,0.202319,0.072617,0.002501,-0.049600,0.004610,-0.101897,-0.000757,0.231946,-0.172795,0.122215,0.043547,0.182363,0.181569,0.077009,0.246969,#
12,0.033722,0.138125,-0.096366,0.030046,0.136636,0.036271,-0.049603,-0.161000,0.075071,-0.285455,-0.137288,0.021530,1.000000,-0.224818,-0.066613,-0.170146,0.033738,0.068753,0.173715,0.211787,-0.060271,-0.195408,0.043541,0.083904,0.041110,-0.205856,-0.047694,-0.122431,0.092254,0.137112,-0.103681,0.122759,0.210510,0.052755,0.062752,0.102033,0.267377,-0.157539,0.091369,-0.069444,0.109301,-0.120902,0.174210,0.215043,0.063218,0.028347,0.090883,-0.289632,0.025782,-0.004865,0.204709,-0.185811,-0.053978,0.062741,-0.242091,0.056118,-0.093261,0.142573,0.058545,-0.092361,-0.033934,0.037820,-0.033035,-0.066538,-0.117587,0.025954,0.016238,0.053024,-0.136110,-0.143492,-0.180686,0.116387,-0.034741,-0.197753,0.150911,-0.036873,0.101327,-0.104368,-0.060373,-0.293080,0.015829,0.039696,0.021169,-0.002713,0.098847,0.219182,-0.110893,0.117889,0.026674,-0.101221,-0.031655,-0.069300,-0.342004,0.097493,0.027452,-0.047518,0.067827,0.161190,0.105710,-0.142951,0.016007,-0.081043,-0.011054,0.037757,0.113645,0.064569,0.144166,-0.007677,-0.045544,0.048164,0.105291,-0.174542,0.112832,0.099613,-0.160602,-0.076345,-0.135868,0.210735,-0.038203,0.120044,-0.062124,0.000279,0.146044,-0.108377,-0.012453,0.123722,0.183832,-0.204826,0.038650,-0.136392,-0.043366,0.033963,-0.078875,-0.069952,-0.169020,0.037809,-0.035240,0.076847,-0.002441,0.107572,0.069296,-0.136660,0.015278,0.049532,-0.134635,0.027426,0.086354,0.065372,0.092554,-0.036254,-0.003097,0.222023,-0.111690,-0.088590,-0.076168,-0.083248,0.005758,-0.223638,-0.107333,0.036746,-0.118200,0.099118,-0.000033,0.126846,-0.162132,0.075240,0.160798,-0.193810,-0.161159,0.006134,-0.119809,-0.056577,0.151728,-0.106432,0.105956,-0.134664,-0.163341,0.198580,-0.177030,0.099266,0.069436,-0.041242,0.144627,0.022248,0.059888,0.153408,-0.158626,0.032937,-0.192786,-0.237008,0.100991,0.038943,-0.013160,-0.027664,-0.112292,-0.088893,-0.012155,-0.066603,-0.043457,0.030041,#
13,-0.045384,0.191777,0.220083,0.262978,0.113632,0.158963,0.163670,0.281584,0.170802,0.192511,0.284690,0.035877,-0.224818,1.000000,0.045513,0.124920,0.001408,-0.117615,0.061397,-0.061696,0.068970,0.276183,-0.067827,-0.035591,0.175148,0.119378,0.107723,0.139644,0.153274,0.026135,0.223340,0.219372,0.242156,0.190323,-0.196424,-0.146781,-0.127841,0.064273,-0.093627,-0.073507,0.033927,0.250531,0.254098,0.209366,-0.079713,-0.050446,0.058446,0.170055,0.067275,0.102817,0.071484,0.196693,0.303537,-0.075755,0.085003,0.360331,0.084707,0.245232,0.141067,0.190768,0.028646,-0.121804,0.309764,-0.062708,0.000827,0.105571,0.282977,-0.093582,0.317046,0.032135,-0.218103,-0.136027,0.305032,0.146187,0.216750,-0.051444,0.266184,0.173528,0.059696,0.091911,0.226021,0.181968,-0.024457,0.364197,0.209097,-0.087193,0.227296,0.188065,0.178269,0.352751,-0.000842,0.078818,0.234859,0.090919,-0.109268,0.262106,0.082879,-0.121087,0.265546,0.093577,0.391858,-0.091817,0.289016,-0.068720,-0.078079,0.145713,0.162262,0.156129,0.313290,-0.022647,0.015259,0.103824,0.177315,0.021604,0.184409,-0.011534,0.249402,0.117980,0.147007,0.147904,0.326315,0.253678,-0.074264,0.259638,0.101576,-0.053967,-0.074853,0.007231,0.291146,0.225238,0.204180,0.026657,-0.081298,0.162092,0.306016,0.191286,0.196942,0.155372,0.465900,0.110127,-0.031036,-0.013242,0.361760,-0.086560,0.088690,0.289974,0.293467,0.254727,-0.026691,0.329686,-0.063851,0.074991,0.110439,0.084151,0.153424,0.206710,-0.003905,0.306813,0.153336,0.225047,0.039645,0.207820,0.027083,0.318856,0.158304,0.261434,-0.080309,0.200642,0.126684,0.400150,0.125245,0.149388,0.215596,0.013677,-0.003017,0.143436,-0.162183,0.016429,0.298350,-0.178477,0.168792,-0.007164,0.075162,0.207654,-0.144447,0.056326,-0.003787,0.169470,0.039043,0.114188,-0.002424,0.029120,0.163030,-0.137308,0.185418,0.187881,0.164829,0.121555,0.227187,0.200593,#
14,0.239214,-0.015737,-0.052676,-0.109341,-0.083141,0.039965,0.053147,0.180127,0.167892,0.209558,0.156935,-0.026837,-0.066613,0.045513,1.000000,0.202118,-0.109200,0.132597,0.146903,0.198007,0.028378,0.027438,0.191167,0.054435,0.265534,-0.039479,-0.071136,0.196990,0.264796,0.024467,0.052255,-0.091186,0.122788,-0.055680,-0.036712,0.105082,0.005323,0.244829,0.064442,0.076768,0.133038,0.022403,0.095937,-0.013569,-0.028612,0.071492,-0.035374,0.208967,0.008725,-0.177070,0.196769,-0.070105,-0.022583,0.056724,0.288337,0.203512,0.135353,0.060104,0.065137,0.020392,0.259862,0.123406,-0.066432,0.144570,0.166700,0.077882,0.117776,-0.048344,0.235899,-0.013020,-0.231713,0.166565,0.029129,0.361331,-0.297280,-0.096794,0.054242,0.026529,-0.142816,0.248992,0.169592,-0.004661,0.090932,0.179640,0.172351,0.239066,-0.126046,-0.048177,0.099251,0.108842,0.200463,-0.158625,0.152114,0.154686,0.104236,-0.162827,0.175609,-0.066789,0.277047,0.077446,-0.062699,-0.023323,0.039520,-0.035381,-0.087876,0.209408,0.234926,0.341442,0.033763,0.006391,-0.185059,-0.009008,0.083650,-0.153717,0.064655,0.043561,0.018565,0.214190,0.317645,0.121169,0.424471,0.013206,-0.050674,0.088194,0.022028,-0.010978,0.079267,0.140719,-0.313492,0.152819,-0.067837,0.162974,0.147763,-0.130636,-0.030550,-0.289247,0.271822,-0.007780,-0.055374,0.070354,0.232282,0.206130,0.224824,-0.097911,-0.012493,0.154701,-0.046659,0.002378,0.082865,-0.066397,-0.032579,-0.218827,-0.032596,0.110773,-0.141821,-0.034673,0.193180,0.186667,-0.002330,-0.069783,-0.019833,0.092246,-0.165597,-0.075775,0.098565,-0.071826,0.235385,0.218444,-0.087566,0.069706,0.183501,0.223492,0.292539,0.142485,0.039385,-0.023017,0.317508,0.252395,0.192753,0.200506,-0.018006,0.156436,-0.010704,0.085874,0.169255,0.056386,0.000727,0.096287,-0.044860,0.033421,-0.112154,0.013471,0.142533,0.280254,0.181038,-0.158105,-0.008791,0.084768,0.259567,0.102374,#
15,-0.235799,0.014063,-0.017517,0.098087,-0.039092,0.039078,0.144017,0.122228,-0.116931,0.101388,-0.126079,0.096416,-0.170146,0.124920,0.202118,1.000000,0.076082,0.220814,0.091618,0.071248,-0.110243,-0.012953,0.161062,-0.077899,-0.072788,0.052948,-0.010862,0.077550,0.150234,-0.055676,0.085656,0.171924,0.176663,0.223237,-0.110671,-0.238674,0.085847,0.239707,-0.001347,0.071616,0.139534,0.138756,-0.099439,0.069800,0.062846,0.065149,-0.127544,0.111575,-0.209787,-0.193691,-0.081453,0.100735,0.059789,-0.146061,0.064989,-0.090996,-0.107875,0.035633,0.108775,0.194581,0.150663,-0.060133,0.069794,0.036879,0.024982,0.135943,0.176705,0.120272,0.184539,-0.079521,-0.033145,0.191455,-0.030989,0.146440,0.140922,0.190130,-0.143687,0.312028,0.124454,0.185084,0.100365,0.040542,0.090223,0.042460,0.010222,0.042904,-0.049959,-0.052613,0.184259,0.083474,-0.043621,-0.031533,0.125595,0.304478,-0.213209,0.068030,-0.030313,0.001782,0.195779,-0.028563,0.119416,-0.147654,0.248914,0.061724,-0.186457,0.196628,0.056433,0.123239,0.089627,0.166048,-0.150689,0.075743,-0.066480,-0.122805,0.122765,0.337330,0.239277,0.004542,0.128800,0.074490,0.174146,0.300206,-0.038190,0.236725,0.194578,-0.209808,0.075743,0.054903,0.116094,0.024361,-0.251640,0.347182,-0.081035,0.213951,0.143743,0.059030,0.079184,-0.143039,-0.185955,-0.072405,-0.060278,0.097036,0.068194,-0.060966,0.056246,-0.071703,0.144145,0.022037,0.101516,0.175542,0.196119,-0.151994,0.011974,0.464656,-0.202273,0.214726,-0.012450,0.136284,0.151658,-0.118178,-0.153633,-0.080822,0.156267,0.061731,0.066101,0.183640,0.067938,0.164960,0.094173,0.076412,-0.082719,0.110667,0.253141,-0.206028,0.140116,-0.132132,0.068074,-0.063730,-0.200332,0.040146,-0.073113,0.102919,0.073286,0.226860,0.020194,0.130198,-0.094156,-0.018664,-0.014591,-0.003791,-0.290156,0.171883,0.133258,0.195597,0.034371,0.071644,-0.062499,-0.121026,-0.074373,-0.126912,#
16,0.005181,0.150009,-0.077198,0.129546,0.271024,0.233624,0.214125,0.002706,0.073769,-0.068129,0.188601,-0.053035,0.033738,0.001408,-0.109200,0.076082,1.000000,0.169010,0.159974,-0.020257,0.274326,0.022873,0.212401,0.007467,-0.084709,0.355964,-0.086556,-0.226692,0.083688,-0.097283,0.257798,0.317169,-0.133673,0.265429,-0.236109,0.072315,0.042968,-0.059010,-0.040283,0.362196,-0.142951,0.210428,-0.059060,-0.091621,0.176435,0.214092,0.078337,-0.078127,0.202079,-0.026222,-0.167338,0.095197,0.197439,-0.066969,0.198559,0.010274,-0.180286,0.118942,0.187808,0.051403,0.025935,0.286285,0.044181,0.066671,0.064016,0.032634,0.278731,0.239770,-0.152358,0.111456,-0.001752,-0.035413,0.218028,0.125756,0.075147,0.137055,0.123541,0.099196,0.153853,0.044381,-0.094889,0.067520,-0.015677,-0.124309,-0.037999,0.046819,0.169580,0.139884,0.150015,-0.032735,-0.045471,-0.001910,-0.179321,0.060832,0.006203,0.070194,0.006873,-0.134328,0.175677,0.162727,0.074038,-0.108252,-0.145874,-0.007095,0.025641,-0.003419,0.092934,-0.274954,-0.186396,0.015442,0.106888,0.172973,0.066354,0.003246,0.186583,0.257418,0.045885,-0.128830,-0.067300,0.098675,-0.128257,-0.139439,0.228401,0.005593,0.136714,-0.168094,0.036435,-0.109456,0.079194,0.071726,-0.062589,0.180631,0.219611,-0.062350,0.351243,0.199803,-0.006530,0.113819,0.172011,0.357200,-0.119058,0.022215,-0.222854,0.199841,0.084979,-0.000961,-0.158184,-0.073449,0.114893,-0.190502,0.126225,-0.095407,0.106240,-0.011718,0.033821,0.177923,-0.068265,0.010767,0.025891,0.148343,-0.140100,0.166300,0.264739,0.245199,-0.125784,0.203752,0.260533,0.132829,-0.100983,-0.121599,-0.149893,-0.241113,0.159046,-0.249335,0.110966,0.125554,-0.089596,0.091145,0.116431,-0.003735,-0.099267,0.037755,0.213968,-0.221290,0.003772,-0.006476,0.056338,0.197039,0.011750,-0.022459,-0.002233,-0.234039,-0.076639,-0.013061,0.215569,0.094272,-0.056796,0.230178,0.017834,0.019937,#
17,0.227542,0.066584,-0.096181,0.107429,0.064637,0.100492,0.158359,0.116877,-0.066919,-0.083915,0.082617,0.246502,0.068753,-0.117615,0.132597,0.220814,0.169010,1.000000,-0.001415,0.227403,0.313572,0.152353,0.231494,0.220120,0.019987,-0.043232,-0.236834,-0.041667,0.116234,0.301339,-0.008843,0.162279,0.305142,0.158620,-0.260676,-0.010805,0.082790,0.349020,0.142312,-0.107357,0.147336,0.011346,0.005023,0.272451,-0.062264,0.182415,0.107786,0.060752,0.370351,0.092268,0.184480,-0.084780,-0.122775,0.119710,0.013606,0.038874,0.199170,0.141387,0.101441,0.218792,0.246997,-0.072038,0.043420,0.105162,0.036996,0.063146,0.188049,0.191215,0.109873,0.254035,0.118794,0.049798,0.169118,0.228104,0.082714,0.150931,0.192270,0.370668,0.022418,0.194440,0.031144,-0.000053,0.380341,0.021996,0.152334,-0.074194,0.017826,0.047461,0.160087,0.133512,0.021699,0.039499,0.026181,0.278448,-0.006404,-0.069373,0.341392,0.447924,-0.013072,0.137586,0.024603,-0.067484,0.066990,0.190924,-0.052570,0.318670,0.175514,0.089940,-0.129631,-0.324561,-0.054647,-0.135390,-0.042362,0.268784,-0.081363,0.231490,0.072193,0.031808,-0.007310,0.145537,0.047758,0.087044,-0.029952,0.300952,0.238399,-0.168674,0.117134,0.265826,-0.016326,0.072903,-0.268493,0.163600,0.285818,0.168414,0.036420,0.212791,0.292242,-0.028635,0.151250,0.497978,0.102028,0.218063,-0.022154,0.233401,0.198633,0.084651,-0.114889,-0.151188,0.196600,-0.116116,0.167037,-0.212764,-0.214099,0.210904,-0.002601,-0.004597,0.007011,-0.022819,0.404936,0.222221,0.036446,0.351689,0.165162,0.065781,0.192282,0.138455,0.145724,0.374757,0.009108,0.144245,0.410076,-0.110486,-0.030185,-0.001656,0.153123,-0.132062,0.264701,0.149488,-0.115161,0.238004,-0.128500,0.408935,0.128667,-0.010814,0.127001,-0.017098,0.138410,0.211397,0.119866,0.110489,-0.037034,0.128193,0.144305,0.031754,0.386601,0.201363,0.212585,0.035212,0.127934,0.098725,#
18,0.165822,0.041245,-0.045487,0.048242,0.156997,0.090074,0.209749,-0.075565,-0.055886,-0.140432,0.304141,0.105630,0.173715,0.061397,0.146903,0.091618,0.159974,-0.001415,1.000000,0.199971,-0.035856,0.127431,-0.253946,0.137842,0.225283,0.091047,0.184255,0.152365,0.151979,0.065362,0.163247,0.255637,0.291405,-0.016713,-0.034866,0.101525,0.106223,-0.078200,-0.004826,0.048670,-0.037862,0.081944,0.091659,0.190710,-0.004062,-0.029036,0.031031,-0.077360,-0.108321,0.059376,0.161375,-0.253753,0.121344,0.074357,-0.052202,-0.095039,0.033446,0.128195,0.182635,-0.098124,-0.093063,0.041949,0.105174,0.193880,-0.243535,0.247987,0.220468,0.185039,0.055167,-0.399005,-0.004891,-0.001215,0.123388,0.124516,-0.084576,-0.007318,-0.011460,-0.044391,0.225439,0.201839,0.387532,-0.114593,0.029382,0.123795,0.188974,-0.217913,0.150440,-0.020374,0.126863,-0.024937,0.154766,-0.045588,0.064486,0.163513,0.040247,-0.002337,0.133826,-0.059962,0.240815,0.338254,0.037350,0.300388,0.159662,0.115426,0.221635,0.205461,0.051165,0.131882,0.040220,0.115260,0.158058,0.200675,0.021631,0.041936,-0.064419,-0.076374,0.097241,0.003144,0.281062,-0.020122,-0.125595,0.077629,0.066050,-0.079309,0.098159,-0.010063,0.040635,0.017371,0.052756,0.214066,0.123405,0.096844,0.216907,-0.033855,0.077705,-0.272910,0.009546,0.179226,0.039261,0.270943,0.293142,-0.173436,0.166960,0.029057,-0.134700,0.113736,-0.086887,-0.122807,0.089827,-0.103983,-0.258666,0.158333,0.300948,0.057414,-0.130372,0.154620,0.129431,0.038883,-0.087588,0.131876,-0.002731,0.112259,-0.025431,0.105826,0.042229,-0.088092,0.112296,0.124926,0.018652,-0.075229,-0.149124,-0.153942,0.225814,-0.107052,-0.019734,-0.154700,-0.041825,0.331070,0.409640,0.121193,0.008198,0.203874,-0.018221,-0.081201,0.244313,0.050014,0.062945,0.313192,0.035221,0.083148,0.141844,0.032935,0.157375,0.081348,0.066205,-0.098046,0.030897,0.196234,0.200102,0.205633,#
19,0.384623,0.116567,0.071996,-0.083057,0.193335,-0.245932,0.099433,0.257517,0.175185,0.174885,0.184179,0.028254,0.211787,-0.061696,0.198007,0.071248,-0.020257,0.227403,0.199971,1.000000,-0.000595,0.315610,0.227209,0.105756,0.019882,0.038255,0.148381,0.028569,0.165429,0.223811,-0.149803,0.152080,0.253218,-0.054802,0.017248,0.157126,-0.129393,-0.030846,0.320271,0.019402,-0.013064,0.095462,0.069153,0.004687,0.018784,0.133256,0.140872,0.363275,0.234565,0.043059,0.071903,-0.056263,-0.000315,0.382505,0.085823,0.007579,0.132156,0.252409,0.058374,0.069458,0.212957,0.019239,-0.008971,0.064471,0.059020,0.117334,0.000137,0.081544,0.134877,0.173598,0.107546,0.063722,0.208336,-0.158199,0.059291,0.185002,0.191456,0.219130,0.165835,-0.077479,0.140839,0.017512,0.008497,0.005622,0.275157,-0.012193,0.087497,-0.057673,0.210591,0.106166,-0.102835,0.037283,-0.012963,-0.033848,0.066232,-0.115050,0.178757,0.159239,0.072925,0.145087,0.085360,-0.101603,0.204882,0.199349,0.044401,0.157504,0.216229,0.396391,-0.059486,-0.083142,0.014121,0.158682,0.041524,0.157358,0.111477,0.249498,0.175686,0.197424,0.166031,0.011584,0.315380,0.255861,0.050569,0.021872,0.340456,0.156973,0.206695,0.155580,-0.186916,0.023328,-0.071937,-0.091764,0.232298,0.140534,-0.029961,-0.060209,0.240016,0.134853,-0.024265,0.357020,0.157788,0.179710,0.026711,0.022153,0.067229,-0.036490,0.082340,0.194317,0.343434,-0.143633,0.090488,0.046230,0.092264,0.090398,-0.051758,-0.006627,0.151006,0.069383,0.137222,-0.102104,0.024572,0.203351,0.145723,0.035132,0.115271,0.222687,-0.023305,0.076487,0.049470,0.003810,0.231184,-0.131327,0.336111,-0.015895,0.007288,-0.112656,0.196360,0.167955,-0.036641,0.137187,0.076284,0.353289,-0.158612,-0.030461,0.135709,0.037260,0.105205,0.224358,0.184729,0.101837,0.180241,0.039633,0.062916,0.180489,0.213275,0.048349,-0.002241,-0.164130,0.330300,0.408441,#
20,0.127819,-0.016632,-0.005835,0.083512,0.076766,0.236598,0.224398,0.009232,0.350489,-0.085019,0.066036,-0.049854,-0.060271,0.068970,0.028378,-0.110243,0.274326,0.313572,-0.035856,-0.000595,1.000000,0.078613,0.082073,0.191586,-0.024350,0.144374,-0.231417,0.134518,0.063307,0.223591,0.173369,0.157815,0.201425,0.205511,-0.104629,0.030186,0.072605,0.137091,-0.197307,0.131911,-0.099184,0.234858,-0.154518,0.025808,0.076890,0.264535,0.043827,0.000480,0.139161,0.194209,-0.145315,0.091349,-0.000152,0.316608,-0.017459,-0.132335,0.031456,0.116366,0.072935,0.178743,0.008976,-0.115012,0.167554,0.125285,0.066187,-0.031516,0.216190,-0.024699,0.225867,-0.029366,0.115632,-0.088992,0.486075,0.156202,-0.117011,-0.019796,0.123991,0.057141,-0.134530,0.154629,0.007164,0.012914,0.378935,-0.051398,0.053964,0.267387,0.086313,0.199640,0.168163,0.263389,-0.040320,0.321890,-0.189683,0.146307,0.091144,0.080325,0.138579,0.045875,0.036519,0.037106,0.042706,-0.104179,-0.152331,0.117390,-0.095446,0.120360,-0.025801,-0.036742,-0.218974,0.034683,0.082174,-0.001196,-0.058076,0.331344,-0.219756,0.110484,0.225727,-0.147707,-0.269100,-0.099708,-0.123139,-0.054030,-0.143148,0.059105,0.209405,-0.048063,0.127070,0.241928,0.073372,0.088314,-0.069548,0.028395,0.146235,-0.177997,0.230495,0.189023,0.192320,0.257847,0.299032,0.290734,0.008318,0.123927,-0.220353,0.102118,0.278487,-0.037749,-0.283433,0.099154,0.145144,0.045459,0.117736,0.087751,0.053836,-0.092168,0.203215,0.069802,-0.056629,-0.263673,0.206205,0.231142,-0.048166,0.227285,0.140850,0.023218,0.177047,0.097974,-0.062517,0.284822,-0.043378,-0.113176,0.190222,-0.077471,-0.025178,0.002186,-0.000911,0.342391,-0.105766,0.080465,0.222650,0.102240,0.030675,0.001397,0.135761,0.172658,0.077952,-0.140178,0.117069,-0.015587,-0.029558,0.228885,0.141974,-0.045985,0.060202,0.084447,0.248729,0.198294,0.124225,0.040869,-0.077938,-0.117517,#
