0,1.000000,0.020658,0.144238,0.035022,0.113315,0.117695,0.120791,0.038748,0.070568,0.241804,0.206232,0.111657,0.048425,-0.278458,0.196655,-0.114210,0.137840,0.377984,0.169972,0.274024,0.183617,0.166165,0.075678,0.297129,0.067687,0.059287,0.088117,0.134958,0.285619,0.338585,-0.055616,0.013045,0.056918,-0.000066,-0.177832,0.156907,-0.032349,0.162281,0.187636,0.196594,0.054825,0.091629,-0.043934,0.249700,-0.196738,0.053402,0.028734,-0.109615,0.139680,0.054446,0.072065,-0.031853,0.035178,0.065072,0.293525,0.114082,0.141295,0.251899,0.083365,0.099239,0.325442,0.106219,-0.176756,0.170892,0.112216,0.063398,0.207925,-0.060893,0.064410,0.043424,0.161070,0.255965,0.297931,0.255341,0.002192,-0.078858,0.122380,0.138807,-0.107668,-0.146275,0.118602,-0.019621,0.090406,0.041001,0.102932,0.052492,0.021014,0.055016,0.274064,-0.185091,0.002421,-0.016011,-0.173598,0.093745,0.227561,-0.035493,0.260661,0.017669,0.184039,0.272527,0.052501,0.147447,0.039844,0.035192,-0.014831,0.027951,0.173078,-0.021986,-0.065397,-0.077601,0.007249,-0.021078,0.250818,0.161855,-0.118443,-0.039632,0.254409,0.083864,0.166553,0.165681,0.288595,-0.056679,-0.037300,0.101183,0.115218,0.370378,0.078742,0.094770,-0.070028,-0.019827,0.295963,0.059919,0.309252,-0.002132,0.074048,-0.067159,0.298037,-0.110404,0.083617,0.345620,0.190609,0.028926,-0.049499,0.179669,0.206891,0.152115,0.074708,-0.019672,0.243298,-0.032858,-0.095888,-0.058969,0.257688,0.177190,-0.136557,-0.020280,0.011879,0.014749,0.285312,0.196002,0.216870,0.303275,0.071346,-0.034061,0.050243,-0.091119,0.200861,0.065420,-0.094093,0.117798,0.466457,-0.206908,0.338597,0.155343,0.008826,0.105681,0.323076,0.168791,0.150956,0.168345,0.050259,0.240561,-0.163155,-0.244935,0.062367,0.165672,0.281713,0.259628,0.144206,-0.000778,0.223236,0.055852,0.063757,-0.027345,0.334078,-0.135074,0.051777,0.138612,0.349543,0.134127,#
1,0.020658,1.000000,-0.015936,0.215185,0.348638,0.167611,0.200715,0.090139,0.118082,0.099559,0.413578,0.156906,0.207139,0.172282,-0.045840,-0.055633,0.155489,0.120087,0.063801,0.026886,-0.071720,0.053371,0.036194,0.205387,0.274916,0.225654,0.103729,0.120871,0.210852,0.023600,0.290878,0.248696,0.295437,0.185455,0.021620,-0.131599,-0.151887,0.101126,0.219590,0.163495,-0.005414,0.128511,0.358425,0.171059,0.161948,0.156041,0.166356,0.095435,0.082903,0.112542,0.198323,0.174853,0.202013,-0.119570,0.100176,0.257322,0.210990,0.232735,0.452951,0.239617,0.234314,0.368516,0.018459,0.155337,0.165795,0.145502,-0.026722,0.228362,0.272185,-0.017881,0.151110,0.014981,0.200952,0.187439,0.124464,-0.141339,0.275604,0.180726,0.251655,-0.030067,-0.149051,0.474718,0.018532,0.328950,-0.015599,0.202709,0.298232,0.045104,0.210838,0.327132,0.169235,0.363230,0.056699,0.121390,-0.026709,0.307384,0.104139,0.104997,0.171163,0.032946,0.135237,-0.030455,-0.121824,0.068819,0.065617,-0.008951,0.115531,0.265815,0.012219,0.108114,0.372088,0.149716,0.134366,-0.027170,0.188102,0.239644,0.253710,0.103029,0.272545,0.271016,0.004546,0.059370,0.323428,0.056372,0.163690,0.237847,-0.092676,-0.088742,0.121808,-0.023608,0.214778,0.141411,0.067294,0.170920,0.408202,0.366849,0.035786,0.038381,-0.063980,0.304713,0.126470,0.037130,0.046215,0.063097,0.245991,0.136916,0.147206,0.193290,0.421614,0.213505,0.089521,0.148690,0.041885,-0.080135,0.196658,0.129330,0.257640,0.303070,0.215862,-0.027529,-0.105200,0.283788,0.015646,0.216561,0.256823,0.259639,0.134747,0.069831,0.196623,0.324332,0.095181,-0.040699,0.178147,0.087834,0.237743,0.047964,-0.225909,0.277065,0.175660,0.049500,0.165227,0.148919,0.235015,-0.048773,0.240269,0.024112,0.123242,0.235921,0.096333,0.219794,0.331378,0.151165,0.073960,0.040498,0.161312,0.352955,-0.129974,0.196128,-0.015524,0.052350,#
2,0.144238,-0.015936,1.000000,0.331654,0.029488,0.051383,0.199674,0.271560,-0.220806,0.196075,0.095740,0.156277,-0.009069,0.181703,0.051725,-0.015028,0.099290,0.067725,0.021972,0.133940,0.096887,0.284551,0.238704,0.129102,0.133795,0.172317,0.224930,-0.104163,0.074241,0.236766,0.119127,-0.046290,-0.061916,0.119683,-0.144958,0.080867,0.007528,0.101022,-0.001844,0.065114,0.215235,0.316686,0.073623,-0.086783,-0.246187,0.283703,-0.089649,0.244163,-0.007302,0.114328,0.195253,0.340245,0.147186,-0.008056,-0.037438,0.321768,-0.028645,0.160380,-0.082438,0.124801,-0.254966,0.222905,0.176159,-0.003939,0.196862,0.080446,-0.184336,-0.216457,0.101888,0.296958,0.115899,-0.181219,0.053183,0.131907,0.192038,0.101631,0.131498,0.077375,0.037665,0.056546,0.273803,0.015066,-0.079106,0.096174,0.082593,0.054408,0.285414,0.055235,-0.098838,0.116054,-0.026589,0.147216,0.073265,-0.124909,0.065461,-0.137702,-0.015007,-0.066261,0.155465,0.241625,0.350063,0.150900,-0.058059,-0.091704,0.062345,0.088765,0.197555,0.126529,-0.006400,0.099551,0.031886,0.080600,0.170560,0.112342,0.129361,0.071848,-0.150608,0.214338,0.028197,0.033699,0.083822,0.211303,0.058916,-0.038825,-0.014637,0.055226,0.114108,0.110447,-0.016998,0.119497,0.170585,0.054038,0.014014,-0.112543,0.217396,0.197739,0.034260,0.156383,-0.148648,0.049966,-0.194886,-0.003776,0.082201,0.150913,0.135477,0.262817,0.278843,0.087136,0.226318,-0.027130,-0.034257,0.360888,0.158781,0.052075,-0.102013,0.064592,-0.126118,0.017148,0.111324,-0.009124,0.179170,0.094956,0.185267,0.238373,0.104584,0.083587,-0.039728,0.172410,-0.120151,0.005625,0.139233,0.192246,0.021444,-0.015309,0.036004,-0.013588,0.223667,0.170576,0.139741,0.179141,0.251738,0.001922,-0.000116,0.088211,-0.239731,-0.012135,0.020354,0.038325,0.184866,0.070978,0.085490,-0.051949,0.342813,-0.022925,0.056114,-0.195276,0.016453,0.085430,0.158707,0.087483,#
3,0.035022,0.215185,0.331654,1.000000,0.276647,0.061105,0.262617,0.311856,-0.098892,0.152553,0.176452,0.317511,-0.079180,0.174551,-0.104710,0.084286,0.263906,0.367440,-0.075442,-0.100831,0.048070,0.262898,0.058430,0.169242,0.026991,0.045646,0.048884,-0.087832,0.135674,0.055367,0.293170,0.263975,0.102794,0.152869,-0.134650,0.156217,0.250605,0.357256,0.102682,-0.088362,0.184576,0.264124,0.015784,0.291808,-0.000263,0.207296,0.166947,0.165146,0.124835,0.228890,0.243758,-0.004899,0.071191,0.115804,0.029480,0.373655,0.170092,0.337689,0.016044,0.148245,0.080433,0.149779,0.121168,0.195249,0.207727,0.009389,0.067046,0.270221,-0.185229,0.141399,0.270970,-0.134915,0.219621,0.185403,0.211406,0.244578,0.318320,0.081899,0.228974,0.020428,0.087664,0.152657,0.024536,0.116273,0.009871,0.259528,0.422624,-0.047977,0.044813,0.234318,0.026800,0.189627,0.059400,0.153879,-0.121779,0.161494,0.124135,0.170269,0.249627,0.138434,0.281608,-0.040496,0.053456,0.200194,0.150017,0.104352,0.115060,0.011113,-0.034262,0.106635,0.033317,0.074918,0.078010,0.120582,-0.077495,0.088763,0.223367,-0.170900,0.064116,0.238282,0.138294,0.081999,0.102091,0.321549,0.003211,-0.164891,0.166690,-0.046057,0.139223,0.024636,0.052198,0.072720,0.139478,0.163047,0.289687,0.216296,-0.025546,-0.023652,0.267277,0.221774,0.099230,0.229119,-0.006064,0.261980,0.238650,0.091701,0.243547,0.169863,0.179523,0.138009,0.032734,0.136651,0.104857,0.009591,0.033003,0.051867,0.017885,0.188257,0.226230,0.121822,0.096678,0.156914,0.330168,0.104141,0.103455,0.402351,0.105050,0.314422,0.114621,0.198941,0.196177,0.212036,0.043415,0.203371,0.141944,0.227036,0.123295,0.205646,-0.012656,-0.009193,0.234765,0.169592,0.174174,0.153347,-0.111072,0.012534,0.062864,0.033180,-0.092978,0.070772,0.151521,0.193473,0.256060,-0.019920,0.077214,0.281312,0.013134,0.200395,-0.025917,0.099740,#
4,0.113315,0.348638,0.029488,0.276647,1.000000,0.092053,0.266039,-0.024161,0.120269,-0.178675,0.188135,0.115465,0.146863,0.261560,-0.004722,0.028590,0.312942,0.139619,0.086118,0.142455,0.033842,0.208850,0.091166,0.131048,-0.009720,0.330852,-0.190484,-0.005854,0.189439,-0.188295,-0.078320,0.145187,0.170602,0.299425,-0.109820,0.083475,-0.101295,0.241870,-0.018683,0.163847,0.235481,0.222891,0.145658,0.049588,0.156860,0.018609,0.178001,0.143356,0.240238,0.244046,-0.004907,-0.063307,0.132010,0.140813,0.112373,0.275059,0.054690,0.117742,0.291835,0.291473,0.378700,0.428125,-0.167730,0.006945,-0.045612,0.043195,0.306968,0.046362,0.241270,0.095546,0.032622,0.047406,0.249622,0.165216,-0.053884,-0.238852,0.125725,0.224682,0.017253,-0.209449,0.125042,0.051379,-0.141185,-0.008536,0.080679,0.153753,0.210507,0.065261,0.346183,0.249833,-0.041829,0.126096,-0.147574,0.200318,-0.099817,0.123989,0.054043,0.202290,0.367509,0.162135,0.300254,-0.087373,-0.019499,0.199066,0.109743,-0.035458,-0.156179,0.155122,-0.091352,0.153200,0.311237,-0.076734,0.202157,0.429394,0.127419,0.111751,0.177903,-0.277351,0.147937,-0.157677,-0.006406,0.185933,0.209148,0.065038,0.167567,0.113001,0.130478,-0.017992,-0.062187,-0.008419,0.055655,-0.035484,0.233042,0.003299,0.193896,0.300583,0.147374,-0.377162,-0.018886,0.236458,0.215055,-0.090616,-0.106444,0.307864,0.308254,0.268844,0.136890,-0.226951,0.258185,0.090969,0.147741,-0.068541,0.142550,0.143638,0.150971,-0.023422,0.076120,0.143634,0.211615,-0.057817,0.085598,0.105648,0.201975,0.329999,0.075351,0.464713,0.055026,-0.057023,-0.022159,0.212114,0.194995,0.024861,-0.083558,-0.065706,0.316069,0.071395,0.065058,0.110614,0.090525,-0.137051,0.062083,0.059116,0.214348,-0.109724,-0.179323,0.047426,0.213696,0.379171,0.117189,0.011265,0.205269,-0.095670,0.141901,0.066279,-0.072642,0.284903,0.029629,0.374655,0.043417,0.152477,#
5,0.117695,0.167611,0.051383,0.061105,0.092053,1.000000,0.069194,-0.012902,-0.053439,0.218823,0.049153,-0.038512,-0.019040,-0.040812,0.102345,0.197091,0.335151,0.158547,0.183219,-0.195655,0.275488,0.247942,0.154023,0.262633,0.127209,0.174113,0.068327,0.051676,0.119893,0.011921,0.013381,0.194341,0.231044,0.073585,-0.178143,-0.150222,0.093777,-0.113897,-0.049984,0.319625,-0.058034,0.231748,-0.011381,0.276827,-0.042899,0.022541,-0.163004,0.019537,0.014304,0.170015,0.108940,0.071812,0.086331,-0.252027,-0.001310,0.039202,-0.206610,0.241549,0.277841,0.022702,0.179282,0.155396,0.036423,-0.056168,0.099068,0.113067,0.125394,-0.003204,-0.028802,0.001544,0.225912,-0.043879,0.101017,0.341119,0.147654,0.017325,0.091953,0.160385,-0.011889,0.202725,-0.087643,0.094763,0.079498,-0.042408,-0.158145,0.100941,-0.035996,0.033700,0.243558,0.060128,-0.159033,0.177169,-0.166306,-0.012615,-0.115584,-0.147461,-0.014222,-0.237463,0.178500,-0.001611,0.150745,0.118248,0.077249,0.057778,-0.099301,-0.074127,-0.069501,0.208508,-0.025460,0.081884,0.265362,-0.014437,0.256346,-0.069239,0.029296,0.024373,0.337162,0.204273,-0.016409,0.125338,-0.092164,-0.005807,-0.071196,0.094321,0.062659,-0.013930,-0.044316,-0.180091,0.290642,0.216433,-0.047079,0.304266,0.232767,-0.030104,0.322171,0.047007,-0.068736,-0.196333,-0.047935,0.010419,0.050864,0.066887,-0.075682,0.030235,0.029964,-0.139430,0.010744,-0.004180,-0.073984,-0.000313,-0.004928,-0.126774,0.114550,0.183940,-0.043214,0.045245,0.208143,0.009350,0.285082,-0.083411,-0.012374,0.184108,0.086153,-0.106324,0.097629,-0.187116,-0.105525,0.069800,0.046906,0.214678,0.027161,0.123522,0.231212,0.032379,-0.147917,0.100962,0.075373,0.179723,0.192820,-0.048537,0.156552,0.234847,0.134173,-0.178415,0.183444,0.080153,0.047347,0.196253,0.118384,0.218204,0.234586,-0.236362,0.083152,0.052800,0.346537,0.078123,-0.162200,0.239760,-0.054303,0.106941,#
6,0.120791,0.200715,0.199674,0.262617,0.266039,0.069194,1.000000,0.045870,0.007966,-0.085223,0.183933,0.098545,-0.250218,0.133623,-0.030807,-0.040388,0.147021,0.260705,0.073828,0.187822,-0.064705,0.074284,-0.093872,0.000022,-0.159531,0.044478,-0.093656,-0.229493,0.175144,-0.087114,-0.108245,0.088946,0.127067,-0.042902,-0.125870,-0.175016,-0.092058,0.039633,0.157839,0.145204,0.034505,0.061999,-0.018938,-0.034025,-0.007677,0.056092,0.302280,0.465480,0.198024,0.316495,-0.090374,0.019432,0.091272,0.109617,-0.132643,0.076607,0.234737,0.280971,0.193591,0.144737,0.094979,0.274057,-0.220847,0.105923,0.006901,0.281691,0.092504,0.155712,0.170467,0.097667,0.077540,0.087991,0.286314,-0.008123,0.005922,0.074748,0.000024,0.040738,0.214027,0.002380,0.146908,0.108110,0.169692,-0.031656,0.234462,0.074644,0.054229,0.104080,0.104063,0.266380,0.120054,0.044210,-0.032730,0.129033,-0.039857,0.075310,-0.054857,0.000161,0.185761,0.222135,0.247387,0.079029,0.018130,0.053936,-0.294194,0.016328,-0.015417,0.200244,-0.120588,-0.049838,0.207875,0.171020,0.011499,0.062104,-0.099508,0.000020,0.210657,-0.065647,0.199744,0.153138,0.067629,0.159687,0.081064,-0.118452,0.106069,-0.161654,-0.174105,0.222087,0.107877,0.337127,0.075655,-0.125276,0.267489,-0.043420,0.392199,0.084345,-0.015117,0.179049,-0.023959,0.121014,0.131899,-0.340038,0.028231,0.384252,-0.002907,0.189217,0.104584,0.000496,0.285195,-0.190939,0.122652,-0.203219,0.199514,0.034337,0.220776,-0.032538,-0.152157,0.113150,0.260843,-0.080641,-0.016710,0.256256,0.016525,-0.019163,0.287401,0.181256,0.006547,0.180771,0.085719,0.118482,-0.094161,-0.050672,0.021852,0.114782,-0.024299,0.175178,0.115996,0.346097,0.123415,-0.171572,-0.108512,0.212202,0.047541,0.324742,0.162153,-0.062413,0.136319,0.174594,0.284473,0.312027,0.092908,-0.105673,0.244578,0.116280,0.056869,0.140862,-0.091048,0.133863,-0.040219,0.228066,#
7,0.038748,0.090139,0.271560,0.311856,-0.024161,-0.012902,0.045870,1.000000,-0.061047,0.370288,0.217173,0.317872,-0.051747,0.256268,0.002586,0.064768,-0.014881,0.109239,0.131588,0.060781,0.105962,0.268679,0.204091,-0.006788,0.326273,0.083679,0.347714,0.234439,0.289555,-0.033394,0.155472,0.398206,0.313811,0.080693,-0.048300,0.145783,-0.087755,0.170247,0.021701,-0.005559,0.003028,0.182224,0.320013,0.033327,-0.203580,0.101423,0.002868,0.380690,0.279861,0.273418,0.298016,0.075124,0.147603,0.199652,0.052279,0.197434,0.100799,0.137688,0.058581,0.367461,0.079497,0.090730,0.149782,0.342635,0.289780,-0.052000,0.077609,0.156827,0.096522,0.296351,0.114202,-0.214629,0.349517,0.200020,0.179559,0.215338,0.247129,0.210401,0.269514,0.297107,0.020662,0.125612,0.139548,0.318574,0.232092,0.162966,0.337652,-0.099812,0.141577,0.162609,0.118010,0.160708,0.186172,0.035993,0.067064,0.114349,0.031631,-0.076826,0.153813,-0.105284,0.328895,0.107091,0.145900,0.128367,0.047802,0.245778,0.164886,-0.043977,0.083440,0.026853,0.019428,0.008907,0.146328,0.127965,0.127270,0.108522,0.166949,0.164061,0.388830,0.195986,0.206052,0.216843,0.118880,0.301371,0.065355,0.061675,-0.025228,0.205797,0.118150,-0.093968,0.057653,0.024452,-0.013585,0.224400,0.340686,0.071510,0.097401,0.209653,0.105833,0.301054,0.322705,0.169951,-0.103871,0.305225,0.163296,-0.148716,0.324587,0.206570,0.164631,0.168768,-0.058049,0.405071,0.042192,-0.135109,-0.119047,0.158241,0.094513,0.243877,0.139392,0.099633,0.137481,0.212055,0.017884,0.229962,0.193628,-0.036977,0.282527,0.257288,0.222687,0.196129,0.101457,0.072306,0.168080,0.055471,0.042530,0.114659,0.029249,0.058344,0.117044,0.033221,0.123815,0.152923,0.026891,0.021746,0.033400,0.094619,0.283205,0.208433,0.032307,0.106900,0.121026,0.014752,0.352371,0.083646,0.094933,0.304877,0.131939,-0.073126,0.068250,0.158012,#
8,0.070568,0.118082,-0.220806,-0.098892,0.120269,-0.053439,0.007966,-0.061047,1.000000,-0.140067,0.100087,-0.078066,-0.091432,0.120400,0.050112,0.039587,-0.048770,-0.254472,-0.140259,0.059362,0.026970,0.077455,-0.164521,-0.059379,-0.143090,0.032059,-0.138205,0.050537,-0.149894,-0.057915,0.007846,0.013048,0.002906,0.187631,0.052013,0.105336,0.056936,0.007236,-0.092516,0.303386,-0.138932,-0.012815,-0.269651,-0.075750,0.209087,-0.042488,0.028330,-0.066107,-0.148223,-0.029209,-0.348350,-0.006334,-0.149124,0.204788,0.178655,-0.028056,-0.198774,0.008490,0.111904,0.143942,0.131446,-0.212794,0.084223,-0.012482,0.142540,-0.075317,0.089492,0.051987,0.083573,0.012853,-0.245414,0.038948,0.224017,0.105975,-0.226616,-0.319881,0.004530,-0.234496,-0.164381,-0.189053,-0.116446,0.045173,-0.026929,-0.263035,-0.007350,-0.062867,-0.114818,-0.021296,0.149387,0.037564,-0.152776,-0.005056,0.005795,0.029748,-0.042932,0.262206,-0.029588,-0.017003,-0.097543,-0.138406,0.068504,-0.385733,-0.121991,-0.171261,0.110664,-0.136143,0.140156,-0.197320,-0.161202,-0.095342,-0.151639,0.035475,-0.290886,-0.125871,-0.059077,0.159683,0.148330,-0.242292,-0.152785,0.068034,0.122262,-0.216220,-0.205118,-0.073816,0.162561,0.219322,-0.004777,0.183484,0.022360,-0.216559,0.049878,-0.229065,-0.047626,-0.225590,0.166882,0.086487,0.044756,-0.005063,0.132555,0.134726,0.060339,-0.057664,-0.020004,0.035584,-0.019174,0.096447,-0.073011,0.187875,0.091267,0.090009,0.004467,-0.094812,-0.093218,0.105409,0.117933,0.014207,-0.163118,-0.010464,-0.026744,0.092085,-0.171851,0.106541,-0.164539,-0.091652,-0.049631,0.088764,-0.046745,0.019246,-0.142830,-0.026090,0.114932,-0.351500,-0.030136,0.113574,-0.151065,0.155097,-0.186385,0.160657,0.066435,0.019402,-0.017585,-0.180420,-0.300300,0.195111,0.128699,-0.125113,-0.198057,-0.201172,0.114469,-0.141459,-0.028242,-0.069439,-0.159965,-0.148319,-0.101371,-0.047047,-0.088734,-0.347774,-0.039196,0.000076,#
9,0.241804,0.099559,0.196075,0.152553,-0.178675,0.218823,-0.085223,0.370288,-0.140067,1.000000,0.251413,0.232082,-0.036074,-0.124881,0.147437,0.191545,0.042696,0.040863,0.138583,-0.017066,0.149961,0.127115,0.221302,-0.006056,0.139139,-0.019242,0.200928,0.114236,0.127431,0.020553,0.253806,0.208773,0.107232,0.015196,-0.107215,0.184332,0.016166,0.186034,0.036760,0.154005,0.190322,0.321798,-0.056848,-0.099261,-0.181052,0.264665,-0.029999,0.053753,-0.070836,-0.082055,0.284968,0.268364,0.305954,0.078607,0.109009,0.105758,0.287826,0.265531,-0.085997,0.084175,-0.016506,0.098512,0.220121,0.215945,0.239764,0.099659,-0.061924,-0.068591,0.065937,-0.044692,0.051217,0.096799,0.144065,0.191190,0.171436,0.221311,0.321300,0.200976,0.257751,0.254261,-0.108108,0.270959,-0.048196,0.171769,-0.092767,0.308909,0.425212,0.035420,0.108969,-0.150106,-0.181081,0.302634,-0.039969,0.082805,0.199823,-0.065566,0.271973,-0.091378,-0.035664,0.002050,0.130529,0.196301,0.361704,0.043484,-0.015245,0.000016,0.006754,0.125894,-0.018582,0.043904,0.201939,0.137024,0.216468,0.074369,-0.013789,0.262811,0.404114,0.229001,0.429252,-0.098836,0.234737,0.252262,0.144540,0.225121,0.062381,0.157247,-0.052448,0.084369,0.112883,-0.074726,0.104185,0.312703,-0.012849,0.001868,0.042901,-0.184048,0.069051,0.056082,-0.130370,0.101205,0.070113,0.424705,-0.038877,0.175908,0.172712,-0.170273,0.033395,0.035197,-0.010383,0.199351,-0.038869,0.118959,0.178866,0.191055,-0.263636,0.258321,0.283379,0.077009,0.334206,0.109113,0.116341,-0.075250,0.028097,0.153866,0.263858,-0.115978,0.133736,0.301317,0.285636,0.188074,0.162567,0.147758,0.304703,-0.032053,-0.157187,0.148450,0.268367,0.022627,-0.088137,0.351832,-0.051399,0.209969,0.219542,-0.128076,0.128312,0.152355,0.315256,0.168052,0.181400,0.261963,0.115898,0.056908,0.052890,-0.051434,0.286287,-0.013968,0.015555,-0.041450,0.168883,0.068509,#
10,0.206232,0.413578,0.095740,0.176452,0.188135,0.049153,0.183933,0.217173,0.100087,0.251413,1.000000,0.006434,-0.055744,0.141524,0.204260,-0.089283,0.087345,0.141578,0.277841,0.197106,-0.019512,-0.039058,-0.034259,0.026066,0.116136,0.046178,0.204927,0.087667,-0.044762,0.077999,0.092055,0.095542,0.136527,-0.088295,0.007753,0.183877,-0.163882,0.156299,0.048388,0.009385,-0.013730,-0.000042,0.276554,-0.044031,-0.148974,-0.073902,0.091466,0.086988,0.267586,0.096562,0.045722,0.233206,0.037988,0.108596,0.125132,0.211296,-0.004504,0.277938,0.251425,0.093508,0.096889,0.205215,0.037691,0.228087,0.072486,0.040543,0.000290,-0.047781,-0.034019,-0.009578,-0.004487,0.046478,0.115632,0.233754,0.025393,0.062592,0.302025,-0.132502,0.147215,-0.101259,-0.187824,0.300956,0.016624,0.083245,-0.108121,0.048813,0.314410,-0.045486,0.089423,0.138158,-0.032021,-0.020622,0.006170,-0.128376,0.064401,0.184228,0.130713,-0.075890,0.215299,0.104800,0.166545,0.015816,0.099468,0.182993,0.196472,-0.091580,0.117959,0.081253,-0.003408,0.109776,-0.003102,0.101896,0.069756,-0.062978,0.160829,0.215486,0.043511,-0.066973,0.198177,-0.171646,-0.127831,-0.107563,0.097029,-0.051980,0.111804,0.019515,-0.128692,0.013646,0.096005,0.167364,0.140097,-0.029629,0.195432,-0.135907,0.161396,0.282214,0.126678,0.120925,-0.150434,0.291859,0.201902,0.093359,0.058917,0.168193,0.109820,0.116373,-0.168193,0.065649,0.159874,0.100040,-0.050971,0.060945,0.129233,0.065914,-0.057514,0.178644,0.285323,-0.005662,0.240562,0.169199,0.011097,0.282609,0.113529,0.185992,0.173037,0.126263,0.150808,0.161255,0.099483,0.062032,0.199756,-0.043457,0.031058,0.074952,0.080897,-0.162700,-0.037442,0.157102,0.211476,0.340239,0.186436,-0.027192,0.173495,-0.071270,0.174243,-0.182466,0.080630,0.185558,0.098945,-0.030459,0.125065,0.148506,0.015449,0.066538,0.126707,0.121578,-0.079625,0.268159,0.298456,0.341347,#
11,0.111657,0.156906,0.156277,0.317511,0.115465,-0.038512,0.098545,0.317872,-0.078066,0.232082,0.006434,1.000000,0.048860,-0.012581,-0.221245,0.038496,0.115744,0.150355,-0.007967,-0.083523,0.024945,0.189594,0.045563,0.094203,0.169762,0.283600,-0.197869,0.180797,-0.203858,0.043204,0.193660,0.311244,0.167516,0.247253,-0.258335,-0.053426,0.093970,0.093006,-0.058311,-0.086247,0.176825,0.165563,0.124113,0.287555,-0.181600,0.296226,0.172125,0.122527,0.090525,-0.050035,0.351270,0.117719,0.101043,0.176594,-0.078064,0.287832,0.381097,0.028901,0.047058,0.074948,0.018702,0.150394,0.113638,0.134539,0.307959,0.030053,0.079887,0.157942,-0.034053,0.152788,0.136606,-0.082117,0.079746,0.081127,0.335855,0.090621,0.094470,0.269223,0.425454,0.083695,0.158993,-0.117107,0.003731,0.153395,0.247196,0.132796,0.335188,0.201967,0.033205,-0.057815,0.233061,0.162736,0.047323,0.089144,-0.071495,0.115979,-0.149343,-0.018325,0.126190,0.313362,0.255508,-0.007327,-0.015654,-0.122496,0.196012,0.225399,0.024345,-0.035138,0.194454,-0.067456,0.139120,0.065691,0.177211,0.075251,-0.271825,0.334992,0.228432,-0.021852,0.079432,0.239767,0.022021,0.293682,0.320661,0.087849,0.081127,0.009062,0.161202,0.331331,0.174887,0.033537,0.049264,0.138715,-0.138815,0.215226,0.009665,-0.065687,-0.181238,0.137082,-0.105313,0.211151,-0.044785,0.066890,-0.132807,0.304520,0.046785,0.001906,0.282531,0.059234,0.367010,0.077377,-0.170095,0.228455,0.015765,-0.034955,0.168369,-0.112029,0.005379,0.009677,0.198114,0.215567,0.018918,0.215832,-0.067024,0.271238,0.208882,0.095015,0.064988,0.216012,0.492565,0.187102,0.260351,-0.127828,0.174069,0.048995,-0.046010,0.266126,0.411624,0.031861,0.067327,-0.088097,0.111413,0.081650,0.026848,-0.108854,-0.043283,0.246749,0.211361,-0.052274,-0.010677,0.147050,0.073986,-0.207111,0.180132,-0.314140,0.205291,0.178736,0.017589,0.040223,-0.062441,0.254922,#
12,0.048425,0.207139,-0.009069,-0.079180,0.146863,-0.019040,-0.250218,-0.051747,-0.091432,-0.036074,-0.055744,0.048860,1.000000,-0.122897,-0.011981,-0.094219,0.043754,-0.091488,0.147921,0.224378,0.114069,-0.172839,0.113303,-0.016855,-0.000257,-0.099726,-0.021580,-0.001073,0.091414,0.189839,-0.058564,0.042336,0.185194,0.028663,-0.000198,-0.010952,0.046856,-0.203195,-0.058293,0.223062,0.251120,0.087528,0.243181,-0.005963,0.029692,0.215974,-0.021544,-0.190647,0.104512,-0.068521,0.176136,-0.071604,0.015133,0.016242,-0.116561,-0.015627,-0.085861,0.027280,0.188463,0.023427,0.149420,0.026922,0.023291,-0.058391,0.157811,-0.161728,-0.023453,-0.128410,0.024596,-0.143001,-0.155312,0.091217,-0.082844,-0.141435,0.045258,-0.044260,0.167125,0.001599,-0.171052,-0.135417,-0.166252,-0.225078,0.038015,0.087606,0.107695,0.277037,-0.041062,0.009421,0.083739,0.088840,-0.158449,0.165547,-0.131485,0.121288,-0.099923,-0.256752,0.176316,0.204894,-0.097659,-0.163846,0.021910,-0.007103,0.085858,0.064768,0.269689,0.086592,0.096925,-0.011219,0.044770,0.207831,0.067457,-0.186708,0.032644,0.121651,-0.000031,0.144835,-0.024228,0.200616,-0.009135,0.146375,-0.017468,0.200040,0.176086,0.012788,-0.177469,0.124058,0.145500,0.004199,0.057700,-0.113528,-0.042217,0.114286,-0.148754,-0.092935,-0.175100,0.027682,-0.149051,0.028046,-0.117301,0.164731,0.069363,-0.067945,-0.277577,0.077083,-0.059002,-0.034698,0.239475,-0.134885,0.160121,-0.038204,0.033173,0.323586,-0.202497,-0.200816,0.031084,0.004515,0.039873,-0.206072,-0.021214,-0.064741,-0.064476,0.101037,-0.019638,0.128460,-0.160760,0.040810,0.032523,-0.360989,0.005747,0.117953,-0.103659,0.095733,0.083460,-0.157548,0.044016,-0.161921,-0.082732,-0.057559,-0.259237,0.189540,0.020419,-0.005953,0.108361,-0.027054,0.088161,0.105434,-0.120747,0.140778,-0.098489,-0.207367,0.331250,0.254863,0.031644,-0.049771,0.063188,0.038975,-0.150611,-0.086767,0.095624,0.013192,#
13,-0.278458,0.172282,0.181703,0.174551,0.261560,-0.040812,0.133623,0.256268,0.120400,-0.124881,0.141524,-0.012581,-0.122897,1.000000,0.098464,0.026861,-0.145549,-0.087523,-0.071571,0.011662,-0.086894,0.161126,-0.031258,-0.037935,0.203109,0.062237,0.059888,0.113378,0.100800,-0.053025,-0.004888,0.041511,0.217428,0.030334,-0.237372,-0.178017,-0.195522,0.155704,-0.258890,-0.145192,-0.030110,0.078742,0.250369,0.104106,-0.042974,-0.065586,0.044221,0.114633,0.120718,0.080109,-0.100198,0.067292,0.138614,0.068136,0.059516,0.399120,0.054777,0.109509,0.088154,0.182408,0.201817,-0.046709,0.253825,-0.120771,-0.100370,-0.080275,0.250077,-0.248635,0.296378,0.193553,-0.354907,-0.236930,0.077972,0.201762,0.143246,-0.055416,0.158050,0.120378,0.012324,0.081136,0.113382,0.159793,-0.062380,0.238084,0.147429,-0.092178,0.205392,0.077808,0.093842,0.444792,0.071690,0.169081,0.254338,0.058568,-0.163366,0.260213,-0.121042,-0.000034,0.207960,0.015610,0.280966,-0.110912,0.082523,0.141812,-0.000201,0.165252,0.124507,0.171801,0.153413,0.010858,0.116823,0.056967,0.033492,0.014841,0.079132,0.021602,0.035151,0.097752,0.161114,-0.018908,0.232689,0.187995,-0.178523,0.215308,-0.028502,0.094738,-0.041721,0.021018,0.271099,0.105721,0.025655,-0.089469,-0.122601,-0.002559,0.230056,0.308079,0.130705,-0.037411,0.219160,0.034098,0.103500,-0.029849,0.214049,0.018784,0.197924,0.423433,0.231688,0.238815,-0.055656,0.260850,-0.089897,0.036931,-0.028432,0.156350,0.140715,0.094937,-0.005552,0.207815,0.085184,0.077872,0.133016,0.032557,0.025200,0.199378,0.225529,0.326215,-0.143976,0.001387,-0.007009,0.306919,0.078602,0.165159,0.000253,-0.018923,0.091793,0.023227,-0.170335,0.025813,0.203511,-0.215489,0.067908,-0.022998,0.088433,0.142807,-0.267977,0.057835,0.066483,-0.019163,0.097712,0.072619,-0.115295,0.112279,0.135445,-0.171347,0.010079,0.203518,0.164175,0.166758,0.171969,0.067098,#
14,0.196655,-0.045840,0.051725,-0.104710,-0.004722,0.102345,-0.030807,0.002586,0.050112,0.147437,0.204260,-0.221245,-0.011981,0.098464,1.000000,0.176832,-0.161637,0.029617,0.130816,0.158200,-0.061255,-0.014006,0.171287,0.055294,0.261601,-0.031288,0.017923,0.060215,0.166037,0.107284,0.024757,-0.077271,-0.006810,-0.153027,-0.032788,-0.055224,0.036192,0.214201,-0.004180,0.068728,0.180954,0.149945,0.086690,-0.101494,-0.040107,-0.003911,-0.034211,0.103165,0.049631,-0.091526,0.188369,-0.031825,-0.138604,-0.026593,0.233817,0.123225,0.036140,0.103810,0.036526,-0.041616,0.080737,0.029829,-0.132769,0.120491,0.172871,-0.181091,0.004843,-0.142879,0.108014,-0.104341,-0.192711,0.250954,-0.164213,0.266618,-0.405206,-0.255462,-0.054255,-0.057444,-0.271443,0.029815,0.079824,-0.092674,0.100377,0.224115,0.142570,0.153384,-0.147220,-0.205627,0.094420,0.132756,-0.008779,-0.083505,0.177514,0.069709,-0.004756,-0.274645,-0.008659,-0.141107,0.237595,0.025296,0.020762,0.062720,-0.075532,-0.089068,0.150773,0.073185,0.118459,0.367804,-0.033574,-0.028286,-0.180265,-0.133671,0.115427,-0.280112,0.075580,0.051499,-0.080803,0.104414,0.200558,0.073433,0.359090,0.056145,-0.155422,-0.089734,-0.163719,-0.047169,-0.001763,-0.123317,-0.284908,0.029858,-0.018055,0.039968,0.139153,-0.293950,-0.078640,-0.218943,0.127945,-0.142255,-0.101915,-0.114052,0.263272,0.097527,0.170579,-0.155443,-0.116023,0.028564,-0.041748,-0.054127,-0.038246,-0.056862,-0.175215,-0.245871,0.051927,0.188050,-0.222664,-0.087410,0.069847,0.000722,0.014779,-0.345024,0.033270,-0.068301,-0.051686,-0.159663,-0.005434,-0.204630,-0.013364,0.142329,-0.262820,0.025185,0.180563,0.294902,0.121966,0.122756,-0.115129,-0.115645,0.271126,0.192856,0.226419,0.185392,-0.000622,0.082386,-0.133441,0.109643,0.034052,0.038151,-0.054087,0.016180,-0.090963,-0.103895,-0.019580,0.049216,0.044511,0.242473,0.082251,-0.268909,-0.144630,0.138525,0.110173,0.106369,#
15,-0.114210,-0.055633,-0.015028,0.084286,0.028590,0.197091,-0.040388,0.064768,0.039587,0.191545,-0.089283,0.038496,-0.094219,0.026861,0.176832,1.000000,0.042207,0.097383,0.100320,-0.055039,-0.168641,-0.086314,0.030479,-0.021843,0.035101,0.204575,0.119912,0.043225,-0.007066,-0.197505,-0.024095,0.199599,0.040742,0.174827,0.070879,-0.083222,0.231786,0.208472,0.018054,-0.054365,0.319970,0.071175,-0.072258,-0.002396,0.090090,-0.077886,-0.112947,0.179950,-0.007532,-0.179661,0.128817,0.223526,0.168340,-0.090658,0.045977,0.127078,-0.221040,0.157162,0.030351,0.076613,0.060049,0.048134,0.026223,-0.002388,-0.067101,-0.011595,0.271674,0.195225,-0.026003,-0.055905,-0.063888,0.366052,0.056782,0.117022,0.203578,0.217551,-0.041391,0.330907,0.129774,-0.024963,0.120338,0.150508,-0.080336,0.022245,-0.063736,-0.082476,0.119722,-0.179469,0.179296,-0.128861,-0.127599,-0.070146,0.072969,0.157724,0.052947,0.074833,-0.149225,-0.120417,0.306498,-0.151848,0.226976,-0.054915,0.321864,0.128885,-0.070817,-0.092102,0.014075,0.093047,0.067757,0.184673,-0.089294,-0.027127,-0.089906,-0.154884,0.260384,0.176379,0.260140,0.141995,0.241491,0.119103,0.203590,0.286247,0.002787,0.340127,-0.038153,0.057847,0.015991,-0.107203,0.127843,-0.159386,-0.084239,0.272805,0.056176,0.192580,0.078225,0.121554,-0.028847,-0.263589,0.061965,-0.159363,-0.014048,0.008886,0.311268,0.092807,-0.107262,-0.009701,0.263664,-0.056126,-0.078604,0.229748,0.122931,-0.212493,0.156217,0.447745,-0.295221,0.285750,-0.021742,0.185613,0.083837,-0.225820,-0.149481,-0.001494,-0.024577,0.024888,0.019678,0.009946,0.107051,0.036613,0.219213,0.151721,0.067307,0.023011,-0.037876,-0.047579,-0.018890,-0.107743,-0.004834,0.153827,-0.104227,-0.065084,-0.052597,0.200412,-0.171027,0.104898,0.033358,0.122312,-0.153982,-0.093145,-0.014224,-0.104933,-0.190048,0.019045,0.041342,0.292659,-0.015698,0.028217,-0.044841,-0.014121,-0.183239,0.054963,#
16,0.137840,0.155489,0.099290,0.263906,0.312942,0.335151,0.147021,-0.014881,-0.048770,0.042696,0.087345,0.115744,0.043754,-0.145549,-0.161637,0.042207,1.000000,0.237616,0.037328,-0.127565,0.355808,0.053846,0.432190,0.262954,0.149239,0.390942,0.020638,-0.115361,0.071846,-0.185655,0.188672,0.378295,-0.022598,0.227582,-0.270894,0.114642,0.110017,-0.006488,-0.058354,0.287197,-0.008245,0.326405,0.075575,-0.007889,0.108102,0.196094,0.143051,0.052705,0.310922,0.012096,-0.069183,0.111037,0.254978,-0.067786,0.072898,0.088890,-0.216382,0.172028,0.229926,0.094303,0.022533,0.357513,0.055956,0.048085,0.103687,0.071892,0.316457,0.173797,-0.234671,0.283632,0.177410,0.094447,0.298591,0.043608,0.157270,0.352725,0.169123,0.132789,0.194668,0.101741,-0.073670,0.111498,-0.075132,-0.103536,0.006675,0.161263,0.294947,0.199464,0.190256,0.018568,0.111639,0.021917,-0.139674,-0.014452,-0.011940,0.079359,-0.016741,-0.186169,0.317249,0.115500,0.142488,-0.024638,-0.064845,0.243459,0.193000,-0.026979,0.105136,-0.057216,-0.167976,0.170162,0.284843,0.296615,0.191555,0.081054,0.116260,0.317492,0.229845,-0.007925,-0.004747,0.001835,-0.031156,-0.083058,0.406871,0.047007,0.073192,-0.049706,0.122989,-0.054352,0.079036,0.079604,-0.054581,0.374493,0.350717,0.012949,0.302779,0.215818,-0.031067,0.004635,0.061592,0.284789,-0.054819,-0.005434,-0.241762,0.244322,0.116426,-0.020596,0.054678,-0.049636,0.168832,-0.167730,0.150404,-0.103322,0.232782,-0.028057,0.041239,0.197253,-0.017137,0.024266,0.171908,0.117070,-0.014725,0.201645,0.089456,0.129829,-0.045665,0.140915,0.255985,0.123789,0.069534,-0.075105,-0.101188,-0.159449,0.085699,-0.105896,0.111287,0.274807,0.088850,-0.071240,0.118094,-0.043771,-0.020308,0.067763,0.170223,-0.342892,-0.077454,0.062823,0.234520,0.198692,-0.013127,0.079340,0.086998,-0.146301,-0.046301,0.021764,0.349536,0.048902,-0.092754,0.251312,-0.064072,0.139110,#
17,0.377984,0.120087,0.067725,0.367440,0.139619,0.158547,0.260705,0.109239,-0.254472,0.040863,0.141578,0.150355,-0.091488,-0.087523,0.029617,0.097383,0.237616,1.000000,-0.004954,0.239646,0.207445,0.266775,0.281776,0.406226,0.210967,0.097797,0.049676,0.010313,0.139663,0.125351,0.028146,0.387359,0.369876,0.062755,-0.158237,0.064149,0.112121,0.516131,0.218852,-0.159587,0.129411,0.132905,0.092867,0.282408,-0.093009,0.067343,0.150706,0.194736,0.529764,0.181715,0.149271,0.005833,-0.021253,-0.016211,0.137849,0.226550,0.161446,0.376551,0.215606,0.310587,0.092681,0.083494,-0.066167,0.238496,0.107542,0.177372,0.245134,0.253683,0.124456,0.340519,0.463223,0.132573,0.246435,0.218989,0.254072,0.269608,0.322121,0.404207,0.113133,0.121615,0.005028,0.213732,0.392532,0.136403,0.166047,0.046167,0.164607,0.055995,0.382898,0.025626,0.072859,0.045689,0.031547,0.089920,0.100390,0.138343,0.168159,0.378541,0.283282,0.221072,0.253336,0.104836,-0.074353,0.158802,0.088789,0.205189,0.156896,0.299730,-0.128257,-0.174646,0.093269,-0.160512,0.229347,0.189567,-0.006463,0.122121,0.315270,0.122554,0.193463,0.233119,0.057616,0.038916,0.027738,0.309215,0.366955,0.075105,0.313988,0.082040,-0.032695,-0.024392,-0.134396,0.258967,0.415708,0.283954,-0.021257,0.203646,0.296837,-0.125398,0.227725,0.275280,0.158145,0.103261,-0.022055,0.152763,0.278128,-0.001442,-0.019674,0.065189,0.185427,0.008175,0.134744,-0.087079,0.148609,0.178486,-0.082204,0.168729,0.046144,0.174792,0.373226,0.092361,0.202157,0.264242,0.132025,-0.081505,0.273412,0.135234,-0.001692,0.227943,0.015174,0.163424,0.483578,0.009875,-0.019749,0.265014,0.215141,0.029600,0.241581,0.086975,0.070914,0.166696,0.029923,0.522498,-0.012077,-0.211516,0.053830,0.172075,0.277908,0.243072,0.271127,0.052776,0.026623,0.180820,0.052916,0.101548,0.384151,0.319160,0.268469,0.126850,0.070643,0.161067,#
18,0.169972,0.063801,0.021972,-0.075442,0.086118,0.183219,0.073828,0.131588,-0.140259,0.138583,0.277841,-0.007967,0.147921,-0.071571,0.130816,0.100320,0.037328,-0.004954,1.000000,0.230567,0.022049,-0.032235,-0.251056,0.188777,0.147364,0.220543,0.101715,0.143137,0.017399,-0.091786,0.039927,0.149366,0.206868,-0.200615,-0.020424,0.101620,-0.096487,-0.101958,-0.079885,0.089678,0.038355,0.023835,0.107708,-0.007950,-0.106791,0.012358,-0.143891,-0.051945,0.024451,0.074757,0.118434,-0.167420,0.121534,0.210680,0.076593,-0.098488,0.012515,0.144811,0.146027,-0.089751,-0.007408,0.109694,0.018948,0.166533,-0.185481,0.133451,0.164231,0.032649,0.029717,-0.193537,-0.049404,0.031422,-0.040343,0.253500,-0.144583,-0.157506,0.028135,0.049904,0.185973,0.166118,0.214121,-0.161854,0.084048,0.109366,-0.010615,-0.158992,0.188314,-0.199872,0.016871,-0.080909,0.031223,0.110585,0.017071,-0.068860,0.119338,-0.094896,0.200014,-0.015907,0.164130,0.145992,0.027134,0.245208,0.209420,0.107859,0.101766,0.168991,-0.038607,0.062001,-0.007636,0.234775,0.097618,0.183603,-0.105258,0.008229,0.030296,-0.203461,0.040671,0.108935,0.350212,0.003954,-0.162095,0.108623,-0.071919,-0.063628,-0.105354,0.051992,-0.154431,0.099263,0.127874,0.014940,0.027946,0.074609,0.015946,-0.056061,0.220701,-0.057106,-0.006045,0.222492,0.037952,0.256188,0.287525,-0.101797,-0.195801,0.068634,0.212865,0.039287,-0.026805,-0.172182,0.040519,-0.068361,-0.101337,0.025696,0.261958,-0.030415,-0.135212,0.273135,0.211941,0.124408,0.016694,-0.127967,-0.066520,0.038632,0.042274,0.176443,0.068590,-0.089902,0.192856,0.053471,0.206963,0.127466,-0.148108,-0.076414,-0.023731,-0.021040,0.092828,-0.192937,-0.003877,0.232301,0.393028,0.277685,-0.000166,0.211316,0.011473,-0.227138,0.306212,0.104528,0.078152,0.329400,0.044293,0.037118,0.253704,0.153956,0.092826,0.267960,0.078714,0.105425,0.003433,0.190497,0.118274,0.257901,#
19,0.274024,0.026886,0.133940,-0.100831,0.142455,-0.195655,0.187822,0.060781,0.059362,-0.017066,0.197106,-0.083523,0.224378,0.011662,0.158200,-0.055039,-0.127565,0.239646,0.230567,1.000000,-0.083780,0.138734,0.064357,0.057629,0.007955,0.010665,0.109886,-0.146692,0.100352,0.262856,-0.173312,0.082936,0.190551,-0.159163,0.129823,0.123587,-0.231200,0.058081,0.311954,-0.018548,-0.103798,0.060466,-0.031725,-0.126791,-0.100121,0.091770,0.141225,0.150079,0.255424,0.129366,-0.132740,-0.037758,0.000852,0.351870,-0.017066,-0.021076,0.037567,0.184824,0.046423,0.098008,-0.001447,0.059749,-0.044113,0.002651,-0.153482,0.112182,0.040574,0.028728,0.218876,0.121448,0.055496,0.089081,0.071067,-0.150467,-0.148349,0.001912,0.181989,0.139610,0.004342,-0.180576,0.034736,0.054042,0.066821,0.023784,0.173199,0.007750,0.070780,-0.054400,0.199591,0.031931,-0.200710,0.109689,0.067766,-0.035842,0.174368,-0.120808,0.115941,0.229703,0.032114,0.046933,0.066669,0.010288,0.012985,0.091194,0.075413,0.065815,0.168502,0.427521,-0.130090,-0.193036,-0.009131,0.050177,0.241104,0.069390,0.139500,0.238528,0.083848,0.044931,0.301326,-0.031335,0.213010,0.200097,-0.110792,0.002362,0.285877,0.143497,0.124053,0.037797,-0.216846,-0.145568,-0.048159,-0.110701,0.158939,-0.020245,-0.113613,0.094232,0.248261,0.064558,-0.103565,0.270716,0.188911,0.141270,-0.064524,0.107597,0.178267,0.024908,0.009156,0.234335,0.226539,-0.142947,0.028820,-0.013211,0.073963,0.169208,-0.084073,-0.016537,-0.040321,0.028678,0.078100,-0.298346,0.155839,-0.033660,0.245080,-0.102445,0.118651,0.092842,-0.069286,-0.103126,-0.138374,-0.031006,0.225558,-0.103020,0.101494,-0.115526,-0.010994,-0.146045,0.100406,0.157270,0.044358,0.140439,0.101646,0.291549,-0.150447,-0.027249,-0.040587,0.061736,0.089146,0.145186,0.168817,-0.051185,0.034593,0.154533,0.082407,0.142302,0.053525,-0.081090,0.105798,-0.011466,0.225611,0.345301,#
20,0.183617,-0.071720,0.096887,0.048070,0.033842,0.275488,-0.064705,0.105962,0.026970,0.149961,-0.019512,0.024945,0.114069,-0.086894,-0.061255,-0.168641,0.355808,0.207445,0.022049,-0.083780,1.000000,0.103800,0.086167,0.333859,0.139492,0.242014,-0.012930,0.245914,0.025086,0.039800,0.159469,0.173091,0.193464,0.071636,0.034960,0.109204,0.096206,0.141878,-0.183176,0.192458,0.048257,0.385005,0.071348,-0.160267,0.069821,0.325064,0.052289,0.019998,0.333746,0.094353,-0.110602,0.224134,0.160925,0.105408,0.039692,-0.137132,0.034790,0.143009,0.154996,0.166035,-0.023581,-0.110616,0.169396,0.134315,0.312214,-0.173237,0.269815,-0.048571,0.045543,0.103270,0.093903,0.028041,0.557840,0.294889,0.049754,0.278206,0.227775,0.081751,-0.242009,0.304422,-0.173814,-0.139113,0.345932,0.011491,0.017374,0.225211,0.221388,0.100964,0.240376,0.210803,0.087585,0.359336,-0.007439,0.023362,0.068827,-0.085601,0.115303,0.000160,-0.067036,0.000639,0.042704,-0.062912,-0.071408,0.096491,0.000093,-0.004281,0.107969,0.006847,-0.154446,0.160026,0.396645,0.013750,0.088511,0.315672,-0.108347,0.080101,0.334579,0.066095,-0.036861,-0.012035,-0.048266,-0.077365,-0.022801,0.213882,0.154647,0.133950,0.276734,0.398896,0.126309,0.023876,-0.044612,0.206858,0.207339,-0.165664,0.128166,0.069249,-0.017958,0.244959,0.294183,0.270387,0.044350,0.078566,-0.351604,0.057765,0.210544,-0.089314,-0.041877,-0.074274,0.055736,0.053700,-0.050596,0.218355,0.055566,-0.247587,0.182513,0.234339,-0.018244,-0.168409,0.118941,0.266646,0.152951,0.181981,-0.066588,-0.182893,0.261288,0.017479,-0.122106,0.008478,0.048865,-0.023835,0.110375,-0.017114,-0.032663,0.170182,-0.035223,0.348593,0.029888,-0.026117,0.255054,0.163509,-0.001668,0.091928,0.030023,-0.164214,-0.018679,-0.009122,0.179892,-0.000681,0.108198,0.075188,0.223588,0.115531,-0.025477,0.003753,0.243241,0.143755,0.095577,0.229695,0.033690,0.015990,#
