0,1.000000,0.037614,0.204996,0.000168,0.112398,0.290037,0.375020,0.232455,0.158769,0.054038,0.375055,0.230629,0.197925,0.290353,0.200846,0.137485,0.370202,0.331900,0.207787,0.269162,0.232343,0.163191,0.332478,0.453581,0.040704,0.055452,0.045237,-0.016286,0.308949,0.292021,0.026387,0.446095,0.170634,0.255960,0.423324,0.137595,-0.017466,0.154699,0.336269,0.152852,0.260543,0.028601,0.258418,-0.004406,0.344658,0.119571,0.262770,0.141961,0.273773,0.320529,0.189432,0.266730,0.300255,0.244163,0.239670,0.370753,0.212374,0.265833,0.266196,0.095695,0.121741,0.402106,0.306363,0.092707,0.374079,0.157686,0.295805,0.206040,0.090008,0.142217,0.166510,0.357507,0.148021,0.265006,0.207653,0.321670,0.379556,0.135140,0.268307,0.193522,0.174412,0.290761,0.224007,0.130832,0.104844,0.363309,0.337287,0.337892,0.317252,0.230076,0.027212,0.119258,0.238493,0.042823,0.193060,0.101167,0.292353,0.213120,0.314589,0.372086,0.144115,0.184030,0.195713,0.372713,0.179694,0.255643,0.072709,0.138536,0.184698,-0.114278,0.080004,0.398326,0.109142,0.310868,0.377327,0.288141,0.398245,0.211920,0.230434,0.459799,0.086263,0.293668,0.303858,0.331957,0.238558,0.246603,0.201631,0.156792,0.154020,0.387523,0.152998,0.237261,0.286166,0.153687,0.269473,0.434552,0.199657,0.111631,0.172139,0.282432,0.127781,0.028078,0.102506,0.277445,0.013395,-0.159027,0.327630,0.119881,0.168525,0.104789,0.279512,0.320167,0.211093,0.208954,0.133729,0.138761,0.334044,0.346327,0.443192,0.174299,0.309770,0.199276,0.350682,0.269749,0.200268,0.192298,0.176311,0.264518,0.215852,0.175296,0.239033,0.217088,0.212956,0.195117,0.249403,0.183601,0.312462,0.308214,0.329245,0.103761,0.255609,0.224723,0.313121,0.089704,0.105451,-0.005537,0.107100,0.325646,0.145121,0.010830,-0.048931,0.047431,0.147931,0.372251,0.243994,0.261727,0.212190,0.416373,-0.038405,0.257115,#
1,0.037614,1.000000,-0.145973,0.022969,0.057073,0.087768,-0.030018,0.233799,0.324748,0.217952,0.194650,0.135562,0.279032,0.111017,0.105584,0.057146,0.174439,0.111461,0.082922,0.179364,0.034981,0.322387,0.318545,0.177562,0.258159,0.010612,0.052769,0.203015,0.250603,-0.050232,0.174675,0.184024,0.178562,0.271583,-0.060073,-0.114769,0.208339,0.304672,0.259702,0.203835,0.214480,-0.060364,0.069407,0.072673,0.031007,-0.101370,0.137245,0.117519,0.099982,0.200791,0.013600,0.201701,-0.100532,-0.069353,0.096054,-0.004841,0.186049,0.041313,-0.066114,-0.107724,0.096798,0.283768,-0.040542,-0.085815,0.093386,0.335946,0.178127,0.231864,0.256476,0.256498,0.178692,0.193418,0.250771,-0.106172,0.331493,0.207135,0.257038,-0.046048,0.240210,-0.064604,0.157014,-0.119321,-0.027055,0.190849,0.284963,0.175493,0.255085,0.223757,0.284865,0.298016,0.011639,0.188479,0.108447,0.184488,0.343438,0.253064,-0.072503,0.178306,0.173339,0.019828,0.162348,-0.014356,-0.037152,0.240967,0.040084,0.281034,0.126726,0.326593,0.118541,0.155670,-0.027366,-0.033148,0.036760,0.281622,0.172986,0.263123,0.151477,0.034156,-0.013602,0.068080,0.224000,0.218394,0.125076,0.086633,0.299173,0.152877,0.169133,-0.026180,0.123045,0.271112,0.021909,0.316563,0.001933,0.014700,0.213670,0.315936,0.016547,0.000375,0.219428,0.034274,0.400907,0.022544,0.282391,0.299393,0.103784,0.049424,-0.039736,0.081526,0.011979,-0.051453,0.107269,0.285722,0.113321,0.175033,0.343392,0.190703,0.399243,0.061871,-0.019436,0.077429,0.304495,0.299394,0.076856,0.196042,-0.063450,0.132525,0.178073,0.108015,0.092235,0.095821,0.000682,0.196200,0.020355,0.088740,0.017755,0.204303,0.094462,0.281455,0.056588,0.037948,0.192455,-0.025535,0.221353,0.159549,-0.194590,0.290195,0.042234,0.257569,0.391084,0.112358,0.221785,0.137964,0.138621,-0.053417,0.281951,-0.164784,0.244339,0.304472,0.149340,0.169450,#
2,0.204996,-0.145973,1.000000,0.149067,0.238735,0.053060,0.279778,0.089344,0.214532,0.166480,-0.065491,-0.108518,0.091689,0.436335,0.173095,0.148981,-0.089385,0.158849,0.119812,0.222892,0.173383,0.038711,0.169774,0.469199,0.110469,0.009151,0.233785,0.133621,0.256665,0.196312,0.148935,0.044657,0.249110,0.104831,0.249011,-0.077301,-0.068760,0.130549,0.173038,0.261041,0.002202,0.041995,0.250808,0.215698,0.111583,0.021441,0.201626,-0.024903,-0.033922,0.239096,0.272341,0.177000,0.270598,0.188296,0.195214,0.323570,0.290410,-0.104351,0.222489,0.117266,0.412335,0.332622,-0.034046,0.038057,0.057509,0.178238,-0.056481,0.321633,0.145686,0.243420,0.188301,0.092376,0.027602,0.318684,0.200534,0.007337,0.153657,0.064530,0.160292,0.233917,0.207448,0.285651,0.318168,0.140932,0.363008,0.122400,0.011317,0.283079,-0.036773,0.173601,0.236464,0.045458,0.394592,0.093140,0.136316,0.131173,0.091516,0.070428,0.314466,0.198209,0.193800,0.175619,0.022986,0.193761,-0.146919,0.084196,0.280005,0.166306,-0.047557,-0.146331,0.112607,0.051641,0.206197,0.109351,0.188809,0.045707,0.029772,0.314887,0.055141,0.137143,0.034604,-0.075997,0.028399,0.355243,0.115846,-0.034957,0.092390,0.116374,0.082364,0.217323,0.180033,0.092780,0.201762,0.247958,0.224116,0.123752,0.229450,0.222404,0.452171,0.193356,-0.191527,0.319639,-0.104126,-0.022464,-0.025774,0.160948,0.063253,0.129294,0.128788,0.185287,0.148357,0.232822,0.137600,0.347629,-0.016120,0.118600,0.050376,-0.003967,0.280906,0.083055,0.085139,0.105009,0.148171,0.157871,-0.017039,0.283742,0.058972,0.040301,0.112064,0.245675,0.158633,0.167173,0.307820,-0.062512,0.271564,0.254281,0.135389,0.101084,0.309718,0.023975,-0.100631,0.411708,0.005687,0.357079,-0.043550,0.154381,0.128031,0.165322,0.071800,0.034676,0.091469,0.101294,0.383695,0.297089,0.132897,0.064834,0.149838,0.019714,0.047428,0.326348,#
3,0.000168,0.022969,0.149067,1.000000,0.391102,0.043476,0.335896,0.110193,0.309768,0.193597,0.249221,0.115082,0.219696,0.239334,-0.008048,0.041992,0.069353,0.093455,0.324084,0.305235,0.159189,0.195485,0.243691,0.158364,0.115379,0.149816,0.305699,0.291921,0.024874,0.305107,0.192183,0.286383,0.137444,0.191638,0.308756,0.157288,0.089467,0.179720,0.106752,0.368680,0.208741,0.187818,0.376246,0.425235,0.252770,0.223464,0.237646,0.029087,0.120581,-0.017948,0.247429,0.037007,0.336737,0.074727,0.021407,0.326559,0.284931,0.171248,0.335274,0.191091,0.122573,0.235693,0.064077,0.107855,0.436458,0.028724,0.048148,0.194040,-0.116372,0.217856,0.070415,0.206066,0.315196,-0.015590,0.051388,0.192035,0.158589,0.090681,0.109426,0.121146,0.094303,0.212983,0.167666,0.031952,0.345610,0.231523,0.238232,0.267986,0.182397,0.141915,0.369604,0.279256,0.156941,0.132659,0.235186,0.255823,-0.091562,0.246901,0.350030,0.231830,-0.124509,0.231635,0.025042,0.050084,0.360939,-0.035345,0.020835,0.084893,0.122188,0.168459,0.089542,-0.008543,0.064358,0.147506,0.080176,0.153041,0.017612,0.105830,0.193403,0.113157,0.138233,0.314306,0.251189,0.061061,0.056380,0.202178,0.027361,0.320771,0.142463,0.056123,0.215372,0.188597,-0.016138,0.221718,0.138288,0.266002,0.299830,-0.025729,0.110688,0.211203,-0.127925,0.285720,0.409733,-0.168306,-0.060389,0.429348,-0.058785,0.309183,0.244136,0.264612,0.208826,0.343237,0.123217,0.262357,0.217244,-0.070623,0.049530,-0.043777,0.354299,0.198880,0.203877,0.235613,-0.019797,0.037233,0.077033,0.343751,0.311855,0.067548,0.127137,0.194255,0.198587,0.175834,0.136318,0.028608,0.003176,0.168735,0.248891,0.224505,0.163050,0.145864,-0.158254,0.280335,0.163119,0.295966,-0.002610,0.220341,0.085491,0.109080,0.144221,0.402809,0.369355,0.143035,0.194037,0.092857,0.263009,0.290454,0.140479,0.165095,0.043151,0.376164,#
4,0.112398,0.057073,0.238735,0.391102,1.000000,0.162346,0.182869,0.347064,0.335111,0.363440,0.116784,0.277210,0.343582,0.372625,0.113610,0.079064,0.321575,0.140297,0.405775,0.469749,0.360540,0.314539,0.384662,0.451077,-0.004628,0.200462,0.365657,0.049267,0.289540,0.253777,0.287047,0.411019,0.437175,0.410433,0.222617,0.172982,0.149332,0.150196,0.312987,0.199247,0.442985,0.008684,0.326028,0.357925,0.134916,0.125563,0.244946,0.339019,0.180388,0.044479,0.184758,0.153187,0.427739,0.115146,0.211966,0.188623,0.312706,0.190248,0.347049,0.303249,0.086106,0.296568,0.256267,0.018554,0.394255,0.266076,0.155636,0.323527,0.175562,0.278147,0.091126,0.101232,0.387897,0.351336,0.270063,0.083697,0.131483,0.345090,0.205901,0.428055,0.143638,0.309905,0.323509,0.089353,0.224332,0.222923,0.204864,0.054464,0.278942,0.133582,0.346546,0.423935,0.242963,0.041594,0.348114,0.233451,0.165398,0.430627,0.328385,0.416123,0.138427,0.206394,0.176812,0.228185,0.119341,0.134118,0.278533,0.188717,0.309659,0.305773,0.203679,0.103118,0.325019,0.392876,0.416290,0.212110,0.313911,0.390052,0.128641,0.317558,0.132815,0.462196,0.389971,0.146396,0.104466,0.187467,0.016613,0.374938,0.439169,0.249950,0.251405,0.253051,0.117333,0.304272,0.364152,0.269346,0.297323,0.144297,0.190080,0.101954,-0.011891,0.305422,0.284357,0.105278,0.082298,0.113806,0.414653,0.116516,0.148225,0.332128,0.103684,0.450124,0.084288,0.277902,0.345012,0.262819,0.331307,0.059058,0.215863,0.247791,0.265552,0.256565,0.430920,0.093347,0.061338,0.358643,-0.037136,0.126681,0.136051,0.388274,0.394316,0.367512,0.214050,-0.051887,0.258731,0.331750,0.270080,0.308332,0.272375,0.216154,-0.149123,0.191180,0.267669,0.135746,0.395951,0.314312,0.243328,0.359500,0.201883,0.354019,0.268677,0.091775,0.250138,0.336329,0.229091,0.299287,0.423259,-0.040961,0.342670,0.346035,#
5,0.290037,0.087768,0.053060,0.043476,0.162346,1.000000,0.047831,0.194264,0.246688,0.119853,0.380522,0.113665,-0.187525,-0.167307,0.135753,0.365142,0.085086,0.199238,-0.032156,0.320945,0.222243,0.154605,0.120293,0.297714,0.103187,0.203865,0.294431,0.092685,0.022262,0.201709,0.218255,0.254318,0.119806,0.172756,0.284844,0.051663,-0.036161,0.053351,0.225727,0.088303,0.330501,-0.030704,0.027653,0.062779,0.127146,0.308122,0.246094,0.164219,0.228631,-0.050632,0.003775,0.107382,0.076372,0.253628,-0.189211,0.402489,0.404950,0.152125,0.291415,0.139826,0.225453,0.299697,0.275429,0.149863,0.238484,0.252396,0.083976,0.293069,0.003928,0.064600,0.210535,0.100718,0.084171,0.177097,0.018483,0.241158,0.345956,0.192702,-0.010413,0.237017,0.350925,0.109108,0.186295,0.058540,0.193442,0.200131,0.346355,0.358937,0.239180,0.079320,-0.045187,0.168304,0.389493,0.196757,0.168068,-0.085113,-0.049769,0.153621,0.241333,0.220323,0.331303,0.190589,0.303143,0.230351,0.180065,0.147056,0.084461,0.131114,-0.077686,0.224990,-0.081609,0.192769,0.125309,0.051958,-0.019660,0.050495,0.195360,0.015022,-0.188837,0.308514,0.126237,0.099267,0.219050,0.207804,-0.038681,0.198526,0.099674,0.302204,0.162762,0.271384,0.290559,0.186650,0.248477,0.266300,0.119185,0.254946,0.249213,0.076456,0.059255,0.241812,0.227572,-0.187844,0.213239,0.233594,0.035118,-0.150955,-0.005017,0.146979,0.040915,-0.037991,0.166015,0.127355,0.045653,0.276831,0.151034,-0.007584,0.391096,0.191592,0.203092,0.322828,0.247189,0.283768,0.171333,0.059954,0.180639,0.122223,-0.118377,0.235001,0.254873,0.177704,0.190398,0.141713,-0.066903,0.047435,0.245718,0.191108,0.019820,0.010569,0.172297,0.278389,0.289351,0.084194,0.300984,0.087196,0.305232,0.183596,0.227836,0.153506,-0.090575,0.235208,0.011018,0.180502,-0.000253,0.120979,0.008446,0.115081,0.214937,0.053266,0.111676,0.293609,#
6,0.375020,-0.030018,0.279778,0.335896,0.182869,0.047831,1.000000,0.109393,0.173889,0.028050,0.262690,-0.048755,0.300641,0.383809,0.129988,0.021214,0.211474,0.262589,0.260226,0.174997,0.401665,0.036976,0.020213,0.357841,0.087573,0.050626,0.105971,0.151946,0.226135,0.249296,0.214188,0.286006,0.122444,0.325560,0.421232,0.260110,-0.023988,0.071627,0.181201,0.305545,0.115794,0.203495,0.289846,0.228162,0.403827,0.084974,0.298198,-0.121623,0.381891,0.290511,0.250994,0.362569,0.450388,0.040018,0.281193,0.216466,0.389461,0.243265,0.387603,0.222643,0.145785,0.188451,-0.005538,0.094102,0.488875,-0.003172,0.406846,0.098697,0.108186,0.225657,0.105425,0.112676,0.201875,0.364600,0.120146,0.230857,0.196642,0.074459,0.124936,0.093916,0.173553,0.255875,0.277339,0.232573,-0.005290,0.384103,0.269157,0.087708,0.353549,0.252117,0.152510,0.197500,0.075701,0.092324,0.227240,0.112317,0.304559,0.280672,0.332144,0.358346,0.204738,0.127817,0.254300,0.148622,0.135243,-0.100551,0.172533,0.036957,0.012978,-0.027605,-0.020123,-0.037892,-0.006372,0.246443,0.439225,-0.022197,0.353531,0.311739,0.353021,0.261987,0.306828,0.335831,0.144119,0.293391,0.355157,0.280024,0.108956,0.284255,-0.017427,0.265523,0.094438,0.270031,0.266052,0.082893,0.117276,0.437401,0.248771,0.213661,0.368667,0.222549,0.232511,0.248789,0.148477,0.053112,0.098023,0.347599,-0.023466,0.156088,0.124902,0.085938,0.241203,0.394823,0.176665,0.143804,0.043467,0.144961,0.183445,0.240698,0.434775,0.101841,0.350538,0.200573,0.132169,0.277176,0.085058,0.327293,0.310632,0.089849,0.253082,0.094224,0.391160,0.165785,0.046419,-0.016604,0.127047,0.219676,0.346426,0.320616,0.170879,0.112987,0.139737,0.155885,0.388311,0.298964,0.048394,0.102110,0.031732,0.292411,-0.068670,0.122158,-0.008510,0.156981,0.121981,0.350346,0.311787,0.112837,0.157446,0.179392,0.257497,0.239223,#
7,0.232455,0.233799,0.089344,0.110193,0.347064,0.194264,0.109393,1.000000,0.431253,0.338860,0.178601,0.084930,0.190488,0.304747,0.366743,0.133723,0.384138,0.196596,0.481193,0.352198,0.271450,0.291516,0.460363,0.477823,0.316605,0.351729,0.231008,0.373638,0.293181,0.344154,-0.069939,0.349875,0.130385,0.220289,0.238798,0.117658,0.225184,0.155614,0.378258,0.024166,0.428780,-0.066308,0.373218,0.307422,0.304954,0.267281,0.243745,0.268308,0.055481,0.016487,0.036057,0.121254,0.139348,0.313472,0.223247,0.121643,0.082923,0.234547,0.172363,0.081614,0.001430,0.366155,0.197771,0.001560,0.261668,0.400783,0.249081,0.413734,0.262606,0.382927,0.212109,-0.205950,0.382788,0.212170,0.310088,0.080879,0.269237,0.081918,0.357747,0.205148,0.140752,0.269034,0.206361,-0.002332,0.306426,0.186276,0.505277,0.319124,0.283205,0.286458,0.217397,0.296051,0.390497,0.172965,0.443959,0.089126,0.369827,0.455768,0.357240,0.343014,0.365238,0.061534,0.167595,0.315412,0.126125,0.236992,0.176198,0.209097,0.039792,-0.036802,0.346460,0.191692,0.343385,0.358512,0.303439,0.048346,0.320544,0.117932,0.081876,0.385880,0.244320,0.283495,0.208193,0.406642,0.264050,0.109910,0.213016,0.293688,0.271981,0.279904,0.243485,0.148100,0.178675,0.081361,0.312672,0.453119,0.448552,-0.055002,0.113355,0.297035,0.328851,0.326620,0.305525,0.123729,0.109075,0.217609,0.313947,-0.050703,0.244055,0.196013,0.106630,0.382720,0.290494,0.148524,0.380184,0.318562,0.207644,0.246762,0.299786,0.076378,0.456590,0.072999,0.500558,0.018234,0.194264,0.271213,0.260419,0.320242,0.081710,0.069010,0.329527,0.452597,0.084916,0.039825,0.172650,0.333902,0.216887,0.329626,0.268708,0.142010,0.263189,0.028324,0.328527,0.214545,0.115212,0.306656,0.122180,0.332658,0.239629,0.276759,0.291624,0.266358,0.038159,0.223955,0.189945,0.186724,0.343782,0.209722,0.114492,0.248175,#
8,0.158769,0.324748,0.214532,0.309768,0.335111,0.246688,0.173889,0.431253,1.000000,0.391871,0.309219,0.111559,0.229942,0.250371,0.154478,0.158915,0.200124,0.207185,0.113541,0.340625,0.167534,0.293368,0.308555,0.419033,-0.096779,0.414231,0.293124,0.512504,0.050210,0.128136,0.043338,0.276433,0.296854,0.212660,0.191143,-0.029214,0.167812,0.245702,0.143798,0.308851,0.416585,0.177026,0.442345,0.322664,0.064961,0.034095,0.046475,0.114840,0.195037,0.294137,0.093696,0.225405,0.187713,0.200300,0.205616,0.176443,0.056260,0.249290,0.148615,0.186226,0.136942,0.382155,0.217297,0.018765,0.147938,0.414842,0.194912,0.463320,0.215209,0.442182,0.015125,0.222716,0.391947,0.387679,-0.033777,0.197940,0.073314,0.244233,0.279815,0.313784,0.007522,0.127097,0.096456,0.286810,0.289219,0.331352,0.280623,0.229204,0.134434,0.332211,0.179873,0.314080,0.366265,0.204025,0.504748,0.145512,-0.019229,0.202447,0.512956,0.236734,0.050662,0.110555,0.015135,0.429497,0.190084,0.153655,0.395529,0.333749,0.045227,0.072088,0.362067,0.248312,0.334041,0.332637,0.359813,0.182580,0.223776,0.141922,0.125314,0.386112,0.219427,0.118560,0.391005,0.328058,0.100947,0.347877,0.258056,0.185370,0.230144,0.216879,0.194729,0.066275,0.211455,0.414257,0.484977,0.268329,0.281724,0.161241,-0.036993,0.438644,0.113379,0.338289,0.258262,0.057734,0.124038,0.080009,0.210291,-0.057967,0.001343,0.260875,0.128449,0.392246,0.115264,0.420703,0.365655,0.206721,0.290894,0.100070,0.240442,0.346424,0.378861,0.218242,0.380261,0.230067,0.054428,0.238634,0.142527,0.210089,0.092945,0.387941,0.311606,0.343109,0.074956,0.164526,0.351472,0.257384,0.214894,0.278254,0.459546,-0.021110,0.155842,0.207939,0.027066,0.409029,0.123243,0.382742,0.146406,0.359200,0.383746,0.247820,0.160025,0.141285,0.318109,0.066805,0.055012,0.219970,0.249222,0.138794,0.027117,0.471138,#
9,0.054038,0.217952,0.166480,0.193597,0.363440,0.119853,0.028050,0.338860,0.391871,1.000000,0.054892,0.115817,0.150481,0.219125,0.310625,0.132147,0.285614,0.108114,0.370782,0.329827,0.395503,0.312042,0.319310,0.472102,0.117029,0.273725,0.351385,0.292048,0.049375,0.266750,0.028094,0.238886,0.258767,0.423729,0.381642,0.211473,0.179779,0.209307,0.328156,0.204751,0.259005,0.055413,0.245654,0.127214,0.277170,-0.157127,0.270153,0.060335,-0.089780,0.013221,-0.061593,0.051379,0.104391,0.267680,0.174588,0.330672,0.101838,0.305619,0.282667,0.264834,0.186580,0.211098,0.208825,0.135854,0.213696,0.521778,0.262704,0.406788,0.345356,0.345224,0.272371,-0.027783,0.200705,0.183718,0.296169,0.097748,0.066037,0.379195,0.291623,0.274605,-0.076440,0.087345,0.035891,0.299194,0.492480,0.245474,0.105758,0.342616,0.065816,-0.007438,0.205830,0.259445,0.338563,0.166695,0.343818,0.094049,0.074450,0.455322,0.504383,0.154571,-0.009748,0.251550,0.228866,0.238753,0.229736,0.426180,0.217001,0.047724,0.320541,0.322709,0.267195,0.307463,0.532862,0.170760,0.147831,0.308479,0.232793,-0.014432,0.047285,0.220504,0.455585,0.174691,0.420776,0.370824,0.328522,0.131179,0.344844,0.019711,0.450267,0.281825,0.322764,0.217208,0.295645,0.395534,0.317148,0.305668,0.181352,-0.057665,0.127873,0.407642,0.042292,0.541730,0.263604,0.238620,0.004809,0.255784,0.306566,0.062397,0.139724,0.180319,-0.026037,0.186721,0.117666,0.339134,0.277328,0.296323,0.221815,0.181139,0.302274,0.234563,0.215521,0.282247,0.286788,0.239815,0.212407,0.305523,0.041533,0.179104,0.368034,0.175524,0.403305,0.523556,0.050070,0.118042,0.225837,0.387391,0.063318,0.290369,0.424738,0.343048,0.109870,0.150530,0.187385,0.196808,0.188805,0.592788,-0.014394,0.206319,0.477220,0.137751,0.201041,0.269753,0.196722,0.060737,0.195333,0.005856,0.115867,0.162608,0.080426,0.173348,#
10,0.375055,0.194650,-0.065491,0.249221,0.116784,0.380522,0.262690,0.178601,0.309219,0.054892,1.000000,0.111034,-0.116222,0.203033,-0.045756,0.283876,0.233520,0.116048,0.075037,0.177398,0.129883,0.077752,0.283291,0.409481,-0.110556,0.054218,0.143352,0.434350,0.082034,0.368423,0.171592,0.216153,0.124393,0.287178,0.372486,0.049932,-0.000155,0.304859,0.108842,0.091873,0.339956,0.077773,0.062213,0.196894,0.315735,0.193247,0.227922,0.203453,0.406007,0.359437,-0.132279,0.161710,0.230444,0.060341,0.029257,0.304795,0.273558,0.177565,0.116314,-0.000330,0.151437,0.293868,0.358326,0.330358,0.385988,0.099291,0.081701,0.031934,0.020826,0.217320,0.065276,0.231957,0.296060,0.251849,0.013854,0.295047,0.201454,0.249365,0.205251,0.115689,0.280821,0.081809,0.142504,0.147032,0.135584,0.272095,0.352087,0.399850,0.160880,0.293312,0.162088,0.392053,0.260122,0.298552,0.311364,0.178439,-0.092459,0.215511,0.432550,0.448278,0.318888,0.188751,0.206454,0.398678,0.500263,-0.020888,0.065789,0.102255,0.121390,0.170506,-0.231243,0.197745,0.038775,0.177811,0.143232,0.271905,0.267123,0.020780,0.255624,0.242912,0.200236,0.332586,0.088798,0.139587,-0.099227,0.406440,0.331111,0.287800,0.112495,0.035465,-0.062166,0.016076,0.131938,0.178232,0.474396,0.271256,0.239005,-0.110350,0.113183,0.187982,0.331349,-0.137835,0.183874,0.187663,-0.219224,-0.055115,0.094807,0.124331,0.177838,0.063815,0.272859,0.165506,0.380806,0.326664,0.123420,0.198179,0.290426,0.324309,0.397549,0.211116,0.348017,0.140620,0.222517,0.163986,-0.088964,0.218828,0.260801,0.358158,0.424113,0.105160,0.130711,0.158304,0.033985,0.076537,0.144114,0.173256,0.245920,0.348276,0.200096,0.351872,0.163411,0.026731,0.160695,0.191182,0.021006,0.142851,0.021187,0.246075,0.077737,0.308333,0.211454,0.040803,0.066642,0.057974,0.291257,0.267910,0.091735,0.304872,0.233007,0.187484,#
11,0.230629,0.135562,-0.108518,0.115082,0.277210,0.113665,-0.048755,0.084930,0.111559,0.115817,0.111034,1.000000,0.291148,-0.056299,-0.006963,-0.020547,0.075529,0.203806,0.231292,0.158819,0.061515,0.018599,0.309036,0.091778,-0.004933,0.057753,-0.163674,0.144562,0.160024,-0.016563,0.210925,0.080022,0.097242,0.158175,0.116605,-0.031644,0.167381,0.055359,-0.005541,0.201543,0.185857,0.141537,0.095938,0.174936,0.099149,0.237346,0.428416,0.026062,0.083683,0.315595,0.130650,-0.056632,0.312807,0.155402,0.114566,0.059889,0.098723,0.167471,0.083021,0.037164,-0.158096,0.233438,0.277640,-0.078408,0.236569,0.094100,0.143316,0.137669,0.129154,0.245702,0.171519,0.007725,0.029662,0.009823,0.071119,-0.061740,0.178824,0.224251,0.097617,-0.068285,0.165429,0.126361,-0.016806,-0.019075,0.007710,0.084150,0.137557,-0.216675,0.208266,-0.011795,0.053178,0.439853,0.183554,-0.137227,0.163413,0.392849,0.063369,0.185111,0.017697,0.059052,-0.110951,0.122643,-0.018692,0.203996,0.282640,0.179683,0.003208,0.227409,0.179091,0.222863,0.280187,0.161492,0.188366,0.093566,-0.126118,0.161995,-0.031756,0.349769,-0.049271,0.212976,-0.074404,0.160462,0.060431,0.040705,0.024256,0.145223,0.077094,-0.004627,0.163897,0.223135,0.153346,0.124554,0.157772,0.241942,0.018579,0.158010,0.293589,-0.048124,0.037237,0.126166,0.191596,-0.042459,0.177595,0.082164,0.230592,-0.156707,0.147862,0.122340,0.103227,0.144349,0.069669,-0.014512,0.201582,0.234164,0.321687,0.012810,0.154864,0.123027,0.218304,-0.083392,-0.095258,0.033070,0.204478,0.005756,0.293183,-0.120559,0.043696,0.047996,0.159871,0.238047,0.163612,0.168061,0.059594,0.166976,-0.081615,0.220331,-0.085806,0.066133,0.013423,0.285579,0.060608,-0.100337,0.160089,0.087426,0.216350,0.020572,-0.041444,0.372118,0.235528,-0.011421,0.293188,-0.034899,0.173005,0.056174,0.174558,0.098906,0.137564,0.147120,-0.121215,0.112051,#
12,0.197925,0.279032,0.091689,0.219696,0.343582,-0.187525,0.300641,0.190488,0.229942,0.150481,-0.116222,0.291148,1.000000,0.174674,0.242101,-0.038708,0.283151,0.175070,0.337769,0.299061,0.188033,0.155415,0.261960,0.167103,-0.027744,0.111253,-0.069667,0.067939,0.340389,0.037036,0.107676,0.116114,0.240568,0.262780,0.240187,0.055426,0.198344,0.132231,0.186237,0.309004,-0.134270,-0.002919,0.097407,0.389098,-0.028688,0.067687,0.130071,0.006792,0.011146,0.069118,0.227145,0.134115,0.311797,0.014264,0.285545,-0.023040,0.061641,0.250441,0.241012,0.175363,-0.129282,0.150979,-0.025280,-0.074391,0.181501,0.242965,0.208462,0.051887,0.122751,0.279377,0.188814,0.029635,0.186778,0.177060,0.190324,0.070263,0.215677,0.065907,0.106461,0.066582,0.003203,0.219015,0.233521,0.186096,-0.022360,0.121789,0.129797,0.047337,0.264021,0.188381,0.189925,0.195317,-0.109472,-0.123251,0.098939,0.303763,0.305462,0.282860,0.151776,-0.077952,0.021807,0.232811,0.130592,0.254929,0.121409,0.090049,0.254643,0.053968,0.181418,0.063773,0.138740,-0.134773,0.101216,0.224246,0.440160,0.125902,0.222599,0.250223,0.184468,0.098169,0.082607,0.193302,0.336074,0.236436,0.265258,0.248105,-0.064515,-0.001078,0.132776,0.335194,0.059083,0.165826,-0.032384,0.145168,0.027669,0.176460,0.107730,0.279624,0.073258,0.035187,0.234953,0.374191,0.191779,0.029172,0.174002,0.086129,0.239114,0.089085,0.011183,0.292913,0.024720,0.379473,0.074507,0.070661,0.203099,0.234926,0.278570,0.040901,0.307285,0.110117,0.190753,0.219356,0.277466,0.049608,0.312967,0.202446,0.225579,0.134603,-0.089394,0.147665,0.270146,0.181270,-0.007392,0.063050,-0.023230,-0.013682,0.187748,0.423868,0.242599,-0.041354,0.067351,0.107018,0.285282,0.288027,-0.198827,0.271367,0.021483,0.450687,0.163515,0.154125,0.115818,0.086347,0.126622,0.261692,0.214942,0.132765,0.148713,0.180723,0.134126,0.103990,#
13,0.290353,0.111017,0.436335,0.239334,0.372625,-0.167307,0.383809,0.304747,0.250371,0.219125,0.203033,-0.056299,0.174674,1.000000,0.080157,0.188497,0.310568,0.299524,0.339763,0.227403,0.263170,0.289462,0.499160,0.466820,0.095661,0.227019,0.123112,0.271948,0.273868,0.302653,0.053246,0.267773,0.350122,0.282104,0.262780,0.045229,0.080248,0.262106,0.537883,0.268352,0.364267,0.153969,0.404860,0.149755,0.396512,0.097592,0.113257,0.234217,0.347624,0.412567,0.005798,0.401336,0.313144,0.184530,0.476525,0.177245,0.124872,0.075078,0.185560,0.110512,0.186555,0.385481,0.029253,0.103032,0.304162,0.166264,0.302298,0.090289,0.219821,0.302735,0.054171,0.135020,-0.070798,0.386700,0.400381,0.200298,0.156628,0.091404,0.342849,0.279558,0.060536,0.194105,0.418058,0.032825,0.246329,0.140329,0.052449,0.158144,0.332922,0.303179,0.256422,0.206135,0.305065,0.098950,0.337705,0.051243,0.282445,0.154665,0.254169,0.448859,0.265115,0.082462,-0.047671,0.461211,0.137816,0.291204,0.215550,0.204876,0.069911,0.086847,0.323984,0.171817,0.207607,0.370089,0.270153,0.232060,0.159709,0.385604,0.249434,0.257946,0.074339,0.314474,-0.058258,0.116051,0.214001,0.048125,0.193013,0.103657,0.187728,0.182657,0.081428,0.160544,0.049521,0.076311,0.366126,0.255101,0.106516,0.015204,0.328481,0.311361,0.026091,0.300140,0.334537,-0.032792,-0.180289,0.200540,0.265612,0.113413,0.168452,0.227708,0.106965,0.345630,0.211379,0.321670,0.222957,0.414691,0.093685,0.005203,0.329801,0.161168,0.317535,0.144790,0.328623,0.080814,0.037337,0.494710,0.368435,0.254375,0.242185,0.137259,0.175448,0.233309,0.098480,0.131432,0.334208,0.285901,0.250835,0.549672,0.257072,0.199237,-0.006604,0.269143,0.309020,0.308090,0.078331,0.220109,0.082428,0.337029,0.074961,0.056303,0.307572,0.214092,0.304872,0.311851,0.373103,-0.026813,0.150331,0.238047,0.116474,0.245072,#
14,0.200846,0.105584,0.173095,-0.008048,0.113610,0.135753,0.129988,0.366743,0.154478,0.310625,-0.045756,-0.006963,0.242101,0.080157,1.000000,0.254761,0.260199,0.028436,0.113471,0.168090,0.274110,0.021784,0.087936,0.250488,0.040805,0.025399,0.173819,0.177668,0.229656,0.315291,0.146664,0.230400,0.107105,0.043141,0.139101,0.020447,0.005554,0.142950,0.210950,0.022121,0.119491,-0.060862,0.332107,0.195907,0.183660,0.051801,0.018248,0.025779,-0.118276,-0.037003,-0.015237,-0.059076,-0.072861,0.318821,0.075798,0.064688,0.125125,0.172491,0.158057,-0.038588,0.139136,0.324555,0.107595,0.179969,0.071390,0.226980,0.074535,0.154841,0.302064,0.265402,0.160244,0.036966,0.169436,-0.053458,0.128541,0.147399,0.376184,0.048088,0.072386,0.068705,0.144076,0.282407,0.306975,0.374593,0.186086,0.132365,0.297377,0.356093,0.313555,0.044733,0.046846,0.007349,0.178934,0.171199,0.124337,0.237110,0.450991,0.318123,0.315789,-0.018147,0.072117,0.069018,0.268966,0.092209,0.103371,0.180034,0.161026,0.132470,-0.029576,-0.010733,0.141273,0.163621,0.280849,0.077431,0.302981,0.177720,0.368735,0.204539,0.035659,0.078341,0.282503,0.007616,0.297884,0.412772,0.316791,-0.073936,0.007138,0.257057,0.018053,0.331474,0.174805,0.190334,0.136260,0.251542,0.237404,0.216510,0.263957,0.214313,0.115587,0.307287,0.064917,0.126096,-0.029495,0.162284,0.086981,0.189597,0.216761,0.049781,0.102150,0.018684,0.097552,0.144586,0.063613,0.135997,0.375248,0.196483,0.160194,0.226497,0.159334,-0.052471,0.121046,0.015684,0.270393,0.224866,0.079217,0.192331,0.056167,0.163544,0.104165,0.136753,0.226276,0.315576,0.101374,0.243901,0.131150,0.503752,0.047015,0.089907,0.159585,-0.029620,0.240771,0.202971,0.300968,-0.081101,0.032219,0.128891,0.062516,0.115561,0.040265,0.037824,-0.101867,0.173095,0.245275,0.281428,0.208176,0.057725,0.235403,0.080838,-0.045834,0.058216,#
15,0.137485,0.057146,0.148981,0.041992,0.079064,0.365142,0.021214,0.133723,0.158915,0.132147,0.283876,-0.020547,-0.038708,0.188497,0.254761,1.000000,0.080628,0.179256,0.012723,0.107293,0.171824,0.145463,0.111407,0.317049,0.042168,0.164251,0.033537,0.153851,0.161242,0.397108,0.076662,0.187374,0.089757,0.195567,0.151330,0.238374,0.175262,0.114579,0.295089,0.063679,0.059471,0.109226,0.191455,0.153013,0.346422,0.150277,0.324055,0.321336,0.113476,0.219878,-0.032308,0.279231,0.084546,0.042409,0.119642,0.065401,0.267024,-0.084946,-0.057245,0.095531,0.269097,0.306720,0.134071,0.255209,0.113044,0.188467,0.089202,0.101915,0.024532,-0.010501,0.176991,-0.110216,-0.103686,0.127704,0.128632,0.213725,0.239704,0.281609,0.146878,0.130921,0.387846,0.285204,-0.020767,0.254611,0.274970,0.209956,0.006710,0.343740,0.188012,0.013394,0.031002,0.021639,0.226000,0.138814,0.066075,0.085217,0.009695,0.119884,0.084583,0.020796,0.251516,-0.015115,0.269358,0.298348,0.058080,0.206837,0.368705,0.198510,-0.072653,0.365996,-0.114430,0.022036,0.150090,0.200491,-0.097558,0.056927,0.224836,0.254807,0.063896,0.246626,0.163618,-0.002431,0.002472,0.217117,-0.205579,0.017480,0.334555,-0.004750,0.163809,0.378365,-0.040450,-0.068437,0.068988,0.016020,0.125663,0.062610,-0.040543,-0.086402,0.164850,0.188252,-0.026774,-0.048502,0.138387,-0.104124,-0.031503,0.057141,0.103394,0.142985,0.060275,-0.006033,0.281593,0.046485,0.463666,0.426759,0.010298,0.131985,0.247763,0.153965,0.080935,0.190930,0.109119,0.180539,0.326292,-0.214252,0.201957,0.123880,0.238104,0.358257,0.229772,-0.063527,-0.054657,0.273394,-0.135053,0.103829,-0.027895,0.377587,0.086751,0.097116,0.172398,0.174991,0.159802,0.188706,0.184156,0.096944,0.081987,0.171369,-0.187373,0.130970,-0.100597,0.123284,0.084085,0.192418,0.100939,0.106094,0.176796,-0.015639,0.263201,0.352382,0.144004,0.289648,#
16,0.370202,0.174439,-0.089385,0.069353,0.321575,0.085086,0.211474,0.384138,0.200124,0.285614,0.233520,0.075529,0.283151,0.310568,0.260199,0.080628,1.000000,0.268458,0.230900,0.228563,0.512508,0.340447,0.280296,0.252869,0.042007,0.310552,0.194541,0.020416,0.242885,0.139527,0.054628,0.438045,0.352706,0.515557,0.194550,0.132569,0.310644,0.053645,0.470125,0.197447,0.351840,0.154190,0.248475,0.193485,0.263765,0.192713,0.074571,0.142149,0.161870,0.165092,-0.014624,0.114685,0.228289,0.414503,0.359823,0.156650,0.011277,0.266420,0.316038,0.184501,0.053925,0.262795,0.214239,0.074551,0.283674,0.300566,0.240838,0.172734,0.346952,0.318828,0.121255,-0.017357,0.226698,0.234135,0.224576,0.144190,0.289444,0.251440,0.306609,0.347160,0.186960,0.310526,0.274287,0.185049,0.140194,0.155159,0.409838,0.100632,0.300679,0.251659,0.186297,0.265514,0.183592,0.135503,0.358131,0.258397,0.315311,0.337785,0.341457,0.252707,0.157229,0.046595,0.096384,0.380114,0.181960,0.372677,0.138977,0.028998,0.205998,0.137592,0.321829,0.391182,0.385076,0.177136,0.382081,0.492429,0.458424,0.268777,0.137356,0.309433,0.257283,0.399945,0.216746,0.332030,0.247267,0.260893,0.149506,0.221909,0.251673,0.191206,0.187150,0.228353,0.235047,0.073935,0.221320,0.306034,0.128736,0.028211,0.159650,0.274935,0.162459,0.159686,0.273832,0.290097,0.085955,0.069610,0.355360,0.065521,0.166541,0.320666,0.089659,0.245258,0.243286,0.116337,0.363430,0.321902,0.421118,0.235343,0.299667,0.358091,0.158788,0.289829,0.459986,0.264200,0.117563,0.373397,0.127513,0.374995,0.276573,0.036500,0.277673,0.443856,0.140933,-0.015986,0.169201,0.091583,0.178909,0.370175,0.354413,0.121594,-0.000923,0.111406,0.503044,0.103819,0.243729,0.345501,0.140193,0.364213,0.146932,0.202002,0.228128,0.079254,0.227972,0.268307,0.247054,-0.029077,0.171455,0.138765,0.283232,0.224672,#
17,0.331900,0.111461,0.158849,0.093455,0.140297,0.199238,0.262589,0.196596,0.207185,0.108114,0.116048,0.203806,0.175070,0.299524,0.028436,0.179256,0.268458,1.000000,0.147606,0.233308,0.273089,0.141707,0.215384,0.365407,0.372270,0.286163,0.140626,0.153437,0.097418,0.210142,0.074585,0.206608,-0.064022,0.228486,0.278490,0.300024,0.092047,0.094887,0.389784,0.188362,0.353440,0.285012,0.386818,0.182728,0.135613,0.017683,0.073367,0.307978,0.285821,0.298771,0.154216,0.223974,0.331577,0.071863,0.260136,0.237581,0.278574,0.007966,0.296908,0.000637,0.124412,0.295665,-0.075154,-0.018849,0.121989,0.332854,0.254245,0.338805,0.062233,0.197353,0.099502,-0.029631,-0.065261,0.155740,0.073591,0.093620,0.217869,0.194328,0.293267,0.122633,0.255672,0.155983,0.174183,0.137655,0.124604,0.203057,0.307821,0.040389,0.285291,0.166106,0.112685,0.169207,0.287712,0.141208,0.145564,0.282869,0.199032,0.128076,0.047074,0.252597,0.132094,-0.240274,0.102103,0.219681,-0.048988,0.071394,0.214504,0.142105,-0.036844,0.162523,0.287157,0.223589,-0.011851,0.317674,0.254339,0.010225,-0.000222,0.294021,-0.077296,0.236778,0.149670,0.262135,0.143274,0.177673,0.231156,0.320124,0.276022,0.012449,0.151211,0.264298,0.360314,0.214387,0.221560,0.064037,-0.086730,0.401256,0.053999,0.203423,0.388324,0.407701,0.146075,0.284196,0.468226,0.083093,0.090817,0.059063,0.238717,0.169585,0.252453,-0.068743,0.189922,0.106440,0.113113,0.238784,0.255518,0.382192,0.386562,0.123971,0.198134,0.143240,0.205958,0.165607,0.480366,0.049494,0.105478,0.305920,0.004448,0.173326,0.227564,0.089881,0.467373,0.132141,0.047886,0.035409,0.133464,0.079820,0.175062,0.222692,0.266734,0.363525,-0.082568,0.399379,0.276295,0.291111,0.331089,0.175361,0.080076,0.451750,0.048561,-0.010111,0.160249,0.048893,0.271131,0.174791,0.351576,0.318582,0.071278,0.354410,0.033678,0.268844,#
18,0.207787,0.082922,0.119812,0.324084,0.405775,-0.032156,0.260226,0.481193,0.113541,0.370782,0.075037,0.231292,0.337769,0.339763,0.113471,0.012723,0.230900,0.147606,1.000000,0.517419,0.224484,0.250178,0.408360,0.317728,0.233480,0.245084,0.055413,0.234630,0.131722,0.362994,-0.059249,0.244202,0.213428,0.317176,0.295657,0.197970,0.173683,0.226825,0.228104,0.117432,0.341441,-0.201692,0.171216,0.290376,0.442909,0.064263,0.447498,0.174933,0.053956,0.035444,0.013793,0.124049,0.315769,0.190510,0.103661,0.202771,0.123923,0.244759,0.354251,0.201652,0.109771,0.304386,0.121728,-0.136246,0.373748,0.136142,0.094928,0.231218,-0.081565,0.151737,0.295718,-0.106420,0.253337,0.256369,0.361277,0.119549,0.351410,0.228434,0.454431,0.233616,-0.012041,0.102652,0.346938,0.140809,0.198930,0.259565,0.203036,0.155175,0.207906,0.062317,0.266114,0.201521,0.165186,0.082340,0.468809,0.057428,0.294144,0.346325,0.204052,0.390591,0.239001,0.186176,0.179371,0.349401,0.290103,0.363690,0.084955,0.113784,0.199169,0.080975,0.216499,0.087067,0.373765,0.403667,0.099854,-0.039596,0.172660,0.085060,0.043002,0.192089,0.234024,0.445306,0.156565,0.113865,0.281035,0.026811,0.237573,0.109721,0.301794,0.093008,0.138235,0.242580,0.103015,0.138507,0.193438,0.367864,0.428353,0.128370,0.155636,0.114126,0.022667,0.344860,0.255143,0.190039,0.049120,0.363462,0.279781,-0.096541,0.337657,0.283691,0.191193,0.498840,0.223711,0.332871,0.097580,0.284234,0.168268,0.388021,0.383904,0.229756,0.254115,0.005250,0.294098,0.029926,0.304656,0.404179,0.325211,0.301749,0.045704,0.039731,0.256532,0.478474,0.254509,-0.047612,0.002553,0.123354,0.139992,0.450209,-0.011407,0.304206,0.119017,0.214308,0.224084,0.237881,0.078786,0.256425,0.256521,0.202057,0.062568,0.092279,0.374271,0.171678,-0.000110,0.364557,0.372816,0.137545,0.070005,0.250215,0.192342,0.151219,#
19,0.269162,0.179364,0.222892,0.305235,0.469749,0.320945,0.174997,0.352198,0.340625,0.329827,0.177398,0.158819,0.299061,0.227403,0.168090,0.107293,0.228563,0.233308,0.517419,1.000000,0.213434,0.366057,0.358253,0.367034,0.115915,0.072412,0.351800,0.106325,0.283048,0.290760,0.080489,0.300706,0.188516,0.253392,0.255472,0.063473,0.153505,0.166801,0.232926,0.338947,0.409137,-0.096431,0.130727,0.242180,0.207000,0.083789,0.307180,0.221147,0.292488,-0.124394,-0.116112,0.105088,0.186747,0.278913,0.202689,0.144296,0.385854,0.098763,0.218850,0.052547,0.291744,0.337779,0.225869,0.083426,0.375701,0.335878,0.181326,0.346119,0.073354,0.213238,0.200549,0.047706,0.267112,0.272233,0.252781,0.203245,0.267221,0.077645,0.270773,0.205866,0.024667,0.067266,0.299652,0.198032,0.200131,0.241722,0.181305,0.322454,0.302305,0.151610,0.211440,0.235301,0.406964,0.106275,0.356818,0.077132,0.197236,0.209709,0.257300,0.335973,0.375215,0.181293,0.135135,0.302014,0.125830,0.220995,0.235052,0.190584,0.140501,-0.084674,-0.002938,0.136873,0.292906,0.354359,0.216908,0.111969,0.328859,0.282107,-0.036084,0.194092,0.070077,0.385343,0.375582,0.202624,0.263321,0.093528,0.227335,0.316494,0.334907,0.299792,0.175520,0.299829,0.146404,0.192048,0.273893,0.369749,0.337571,0.252053,0.200864,0.313603,0.096227,0.175333,0.300502,0.127327,0.042685,0.202881,0.302562,-0.051332,0.209902,0.270550,0.209917,0.514955,0.128601,0.202953,0.238909,0.433516,0.205410,0.280384,0.411788,0.386746,0.436690,0.312042,0.345456,0.077637,0.247838,0.382571,-0.024848,0.228706,0.091740,0.156323,0.239176,0.378095,0.168435,0.032172,0.296961,0.318047,0.187252,0.530443,0.132014,0.336927,-0.087985,0.427087,0.325968,0.408577,0.364129,0.211658,0.390439,0.269721,0.215603,0.099963,0.273298,0.262774,0.205969,0.404286,0.177078,0.313831,0.145691,0.154182,0.258157,0.197454,#
20,0.232343,0.034981,0.173383,0.159189,0.360540,0.222243,0.401665,0.271450,0.167534,0.395503,0.129883,0.061515,0.188033,0.263170,0.274110,0.171824,0.512508,0.273089,0.224484,0.213434,1.000000,0.207357,0.208677,0.358615,0.078178,0.239753,0.296645,0.059917,0.176496,0.266023,0.112898,0.318842,0.245188,0.360678,0.381763,0.541331,0.261910,-0.016621,0.342845,0.209179,0.290808,0.390298,0.169243,0.205110,0.274951,0.187628,0.275627,-0.022138,0.161538,0.130418,0.073906,0.233435,0.315973,0.319373,0.252199,0.212029,0.279965,0.257818,0.356212,0.211102,0.220819,0.187522,0.315481,-0.010792,0.364756,0.235309,0.304482,0.161554,0.212831,0.442918,0.373996,-0.114564,0.052527,0.229228,0.286924,0.131714,0.239484,0.178171,0.143264,0.223712,0.107004,0.374505,0.349991,0.296592,0.100070,0.169096,0.362373,0.162995,0.199757,0.232895,0.289341,0.348278,0.271510,0.269809,0.448215,0.068711,0.239398,0.359546,0.370742,0.235844,0.207171,-0.008330,0.390340,0.236644,0.114675,0.047994,0.167211,0.136470,0.122874,0.322196,0.219858,0.262412,0.189314,0.133486,0.390005,0.111154,0.265571,0.374263,0.013280,0.310914,0.435216,0.283669,0.257479,0.427123,0.199978,0.320905,0.313461,0.130614,0.401481,0.362876,0.373385,0.263700,0.245094,0.295511,0.285732,0.351643,0.201341,0.131943,0.316030,0.381861,0.075937,0.318897,0.084544,0.102782,0.186681,0.166484,0.206409,0.056712,0.130500,0.301155,0.217216,0.364158,0.196625,0.318207,0.319012,0.249805,0.253700,0.118942,0.375674,0.240041,0.182799,0.283277,0.316181,0.148453,0.315888,0.062638,0.071260,0.167197,0.338763,0.093347,0.405630,0.372206,0.310236,-0.074296,0.150950,0.296948,-0.032988,0.276000,0.401128,0.194557,0.143472,0.140283,0.395506,0.232643,0.067346,0.203892,0.172422,0.394410,0.144558,0.102984,-0.015683,0.145612,0.193111,0.357040,0.130767,-0.062677,0.124825,0.078917,0.134310,0.198234,#
