0,1.000000,0.108442,-0.040878,0.282207,0.120412,0.001803,0.052447,-0.182282,0.068033,-0.034383,-0.022648,-0.035520,0.003410,-0.267548,0.192922,0.304109,0.300701,0.238625,0.276608,0.275751,-0.047166,-0.042646,0.242274,0.307368,-0.019991,-0.042650,0.159815,-0.148582,-0.123644,0.023490,-0.012957,0.133113,0.004052,0.060132,0.152352,0.107726,0.141965,0.027638,0.087312,0.084176,-0.045768,0.069646,0.373204,-0.009797,-0.083568,-0.043598,-0.100337,0.264481,0.050046,0.211096,-0.039467,0.175669,0.025118,0.107716,0.201712,-0.059687,0.208321,0.057986,-0.006528,0.062154,0.114126,0.168257,0.145502,0.102642,-0.061291,-0.125225,0.025605,0.053765,-0.013617,0.184262,-0.089287,-0.058114,0.116620,0.213030,-0.036742,-0.295755,0.287076,0.213556,0.088990,-0.191996,-0.219884,-0.148671,0.094088,0.174350,0.251940,0.028115,0.230740,-0.003358,0.125683,0.218795,0.110969,-0.101954,0.101459,-0.094549,-0.087026,0.348927,0.115690,-0.273988,-0.024161,0.127878,0.134412,0.083303,-0.112939,0.126182,0.028746,0.110394,0.295560,0.177771,0.254629,-0.017105,-0.013868,0.044071,-0.124677,-0.030144,0.128397,0.121761,-0.107389,-0.089791,-0.006425,-0.128813,0.033683,-0.096943,0.181311,-0.022741,0.284714,0.165544,0.024541,-0.125004,-0.031494,0.126889,0.087502,-0.156458,-0.190823,-0.145501,-0.037914,0.154288,0.077879,0.094790,-0.308383,-0.012483,0.218903,0.121345,-0.001431,0.092541,0.040127,-0.057293,0.004748,-0.084769,0.081023,-0.000266,-0.198036,0.138465,-0.068483,-0.097731,0.141501,0.132394,0.193043,0.150059,-0.052399,0.006449,0.205572,0.128598,-0.032559,-0.117916,-0.123922,0.338356,-0.117617,0.171981,0.222248,0.079017,-0.258504,-0.211662,0.212078,-0.104751,-0.204304,0.185973,0.327919,-0.011192,-0.002647,-0.099048,0.024090,0.184068,-0.002087,0.026693,-0.137029,-0.089465,0.016577,0.304634,0.196951,-0.140532,0.019347,0.337258,-0.073937,-0.017133,0.206356,0.208198,-0.056410,-0.076547,0.041792,0.075515,#
1,0.108442,1.000000,0.186751,0.014400,-0.048113,0.065227,0.472715,0.212196,0.270076,0.167224,0.255988,0.243785,0.018633,-0.181812,-0.066887,0.093045,-0.044172,0.009372,-0.018169,0.024954,-0.053693,0.104394,-0.015528,-0.192966,0.097139,-0.087966,-0.099024,0.118801,-0.350822,0.093477,0.164387,-0.096128,-0.097120,0.147218,-0.040810,0.157154,-0.109843,-0.084750,0.184180,0.111763,0.073264,-0.034771,0.333338,-0.027636,-0.009456,0.020689,0.277178,-0.060674,0.281373,-0.011200,0.078333,0.014537,0.254352,0.213650,0.166384,0.097620,-0.026087,-0.174791,-0.041153,0.102758,0.075265,0.048632,0.215838,-0.048293,-0.106315,0.260708,0.256144,0.189670,0.000177,0.131671,0.252647,0.127084,0.169015,0.241812,0.032216,-0.051243,0.062101,0.118610,0.246263,0.001150,-0.118810,0.214800,-0.023499,0.164218,0.214139,-0.004488,0.109029,0.321207,0.005104,-0.085862,0.082430,0.105161,-0.150019,0.027028,-0.069977,0.090018,0.080266,-0.030513,-0.010385,0.146391,0.163176,0.105440,0.071830,-0.122522,-0.113195,0.087915,0.151083,0.086881,0.239051,0.005426,-0.050787,0.125574,-0.132318,-0.145836,0.130446,0.344286,0.095543,-0.104774,0.195484,-0.097248,-0.315881,0.121447,0.051398,0.116145,0.008969,0.048880,-0.021684,0.133229,0.269649,0.076389,-0.087643,0.110206,-0.098976,0.091892,0.135215,-0.074033,0.249005,0.204902,0.002127,0.224895,0.119660,0.121347,-0.083639,0.126243,0.266787,-0.196898,0.001199,-0.065841,0.234741,-0.064486,0.435583,0.015730,-0.111928,-0.248672,0.109335,0.290408,-0.250854,0.229801,-0.179370,-0.118895,-0.118454,0.025505,0.223949,0.247144,0.233995,0.083888,0.018103,-0.091742,-0.039734,0.230754,0.102778,-0.040700,0.064433,-0.142809,0.157631,0.180790,0.156317,-0.016257,0.150477,-0.022955,0.156906,0.002440,0.216994,0.019290,0.244297,-0.012345,0.091070,-0.294412,0.227642,0.284960,0.133901,0.415986,-0.207997,0.064809,-0.079188,-0.006411,-0.204632,0.284616,-0.112327,0.395474,#
2,-0.040878,0.186751,1.000000,-0.018405,0.148963,-0.002262,0.191896,0.066766,0.002278,0.091831,0.431275,0.220540,-0.042241,-0.022930,-0.193783,0.057782,-0.143716,0.006412,-0.042142,-0.016150,0.112621,0.147811,-0.032194,-0.211679,-0.035867,0.131873,0.111971,-0.012316,-0.248875,-0.007146,0.028148,0.061875,-0.050058,-0.000031,0.066566,-0.017187,0.150505,0.037370,0.172379,-0.191747,0.145350,-0.078042,0.124708,-0.116615,-0.003124,-0.008899,0.141990,0.051077,-0.159372,-0.073781,-0.132342,0.108477,0.101606,-0.081528,0.077476,-0.109120,0.150020,-0.117953,0.114928,0.175316,0.349037,-0.129938,-0.180864,0.047331,0.183787,0.079530,0.194317,-0.015554,0.027935,-0.131161,0.183266,0.224019,-0.164260,0.095304,0.176087,0.034639,-0.098361,-0.133020,0.014790,-0.094507,-0.059374,-0.209890,-0.042643,-0.199746,0.240232,0.145051,0.145705,0.142573,0.102021,0.046961,-0.036359,0.250130,-0.078068,0.115079,-0.175976,0.105203,-0.029878,-0.082298,-0.058023,0.000058,0.071126,0.075479,-0.159901,0.108132,-0.011890,0.198781,0.189171,0.299564,0.092183,0.154149,0.124631,0.127460,0.108270,-0.014281,-0.054055,0.186731,0.120995,-0.097930,-0.193463,0.015382,0.045498,-0.254242,-0.088094,0.041326,0.005932,-0.111733,0.117572,-0.035396,0.188147,0.119527,-0.119731,0.160018,-0.114971,0.133413,0.097736,-0.121784,0.086020,0.051548,0.007887,-0.006796,0.353111,0.087474,-0.084777,-0.067568,0.259128,-0.225009,-0.253779,-0.162260,-0.080160,-0.076440,0.081592,0.023657,0.207253,-0.021304,0.036293,-0.068962,0.005774,-0.223932,0.099530,-0.084415,-0.223142,-0.048997,0.188825,0.105646,-0.008993,0.109910,-0.033421,-0.172004,-0.051606,-0.083475,-0.073800,0.203729,0.086631,0.034677,-0.069225,-0.092928,0.013218,0.048740,-0.349345,-0.074130,0.128300,0.101013,-0.011295,0.135427,0.008429,0.053190,-0.002327,-0.168663,0.133945,0.053455,0.068200,0.040965,0.050007,0.011071,0.050221,-0.009770,-0.327491,0.149135,0.086685,0.277369,#
3,0.282207,0.014400,-0.018405,1.000000,-0.072294,-0.053114,0.097821,0.110534,0.296715,0.200301,0.110560,0.030167,-0.073018,-0.184485,0.166113,0.042835,0.029939,0.192225,0.316660,-0.130669,0.026252,0.131655,0.234754,0.253834,0.006446,0.050786,0.132271,-0.073172,0.033555,0.185128,0.099271,-0.077727,0.261978,0.400690,-0.105944,0.075447,-0.249286,0.342021,0.268148,0.069848,-0.136784,0.160932,0.165779,0.028628,-0.056122,-0.195014,-0.220216,0.147623,-0.185847,0.043674,0.058542,0.008832,0.124599,-0.148108,0.129669,0.063439,0.235909,-0.026684,0.016175,0.055863,0.123663,0.000943,0.047016,-0.045943,0.140416,-0.098719,0.036278,-0.215702,-0.283792,0.281964,0.024635,0.163360,0.078289,0.014149,-0.010887,-0.161630,0.041865,0.039344,-0.059000,0.023044,0.007016,-0.080058,0.274495,-0.098763,0.122344,0.010076,0.092184,-0.035387,0.135212,0.292304,0.318722,0.115071,-0.126682,-0.018479,0.074679,0.003031,-0.114116,-0.156827,-0.065616,-0.180141,0.196134,-0.070704,-0.079968,-0.154021,0.235281,-0.101843,0.416955,0.279577,0.064146,-0.096428,-0.003189,-0.140830,-0.009621,0.008045,-0.001368,0.059556,-0.080779,0.087884,-0.068185,0.003574,-0.031597,-0.065683,-0.042585,0.010275,-0.039006,0.083965,0.188865,0.247905,-0.047453,0.104233,0.200321,0.185614,-0.025001,0.082443,-0.059256,0.294545,-0.136869,0.018214,-0.072986,0.167731,0.159846,0.269801,0.022554,0.048115,0.023744,-0.018503,0.319952,0.139697,-0.218020,0.059597,-0.012665,-0.348017,0.031933,0.039842,0.003598,0.082482,-0.028014,0.068918,0.185225,-0.136645,-0.073566,-0.047041,0.093353,0.060890,-0.040521,0.098028,0.051545,0.187612,0.079526,0.024734,-0.126657,-0.293097,-0.026142,0.023216,-0.013578,0.180736,0.267009,0.007348,-0.102998,0.109674,0.022166,0.127706,-0.004549,-0.178236,-0.061706,-0.251356,0.171822,0.102013,0.045306,-0.063149,0.120228,-0.017011,-0.054803,0.127171,0.086443,0.019444,0.059463,0.072629,-0.185431,-0.067543,#
4,0.120412,-0.048113,0.148963,-0.072294,1.000000,0.178665,0.067562,0.070772,0.013322,0.146254,-0.009508,0.031595,-0.030656,-0.107029,0.126741,0.104136,-0.070218,0.130464,-0.042683,0.313927,0.336792,-0.008132,0.102431,0.087062,-0.042078,0.041326,0.018115,-0.145525,0.250867,-0.009900,0.102973,0.112802,0.057106,0.200860,-0.017616,0.114319,0.302806,0.128590,0.313363,0.155129,-0.062871,0.221577,0.082698,-0.028381,0.135377,0.251514,0.306284,0.091765,-0.056902,0.055049,-0.047586,0.094901,-0.003970,0.064441,0.288198,0.217464,0.138688,-0.017712,0.098377,0.164543,0.121330,0.252385,-0.032016,0.051241,-0.047068,0.000384,-0.124910,0.146892,-0.117424,0.096249,0.206070,0.286699,0.166432,0.062762,0.144613,-0.096462,0.156722,0.089840,0.092647,-0.071124,0.015734,0.027689,0.010561,0.053822,0.359507,0.078559,0.113694,0.160834,0.015869,0.138911,0.243290,-0.117265,0.115323,0.062504,0.231076,0.125435,0.014924,-0.054516,-0.290858,-0.003315,0.156726,0.102123,0.086608,0.134506,-0.024258,0.224874,-0.062334,0.099773,0.194455,0.206334,-0.036215,0.212119,0.123053,0.089638,-0.104342,-0.087041,0.179731,0.071439,-0.081043,-0.081842,-0.134714,-0.139299,-0.094295,0.090448,0.290600,-0.068065,0.199672,0.036947,0.214870,0.217594,0.380132,-0.023248,0.196667,0.240979,0.127896,0.166882,-0.197160,-0.028270,0.276132,-0.019346,0.184872,0.062203,0.234916,0.050919,0.238206,0.187347,0.027042,0.156782,-0.024471,0.110682,0.142022,0.180452,0.344361,0.330491,0.326851,-0.009198,0.073742,0.069474,-0.091536,-0.022686,0.215255,-0.033174,-0.032478,-0.109508,-0.265909,0.023260,-0.036502,0.090809,0.077972,-0.022473,-0.315400,-0.112853,0.481772,0.091374,0.119791,0.128949,0.308018,0.198071,0.012741,0.155770,0.165438,-0.002064,0.128352,0.038984,-0.019376,0.167587,-0.238638,0.054197,0.205703,0.311752,-0.255571,0.188116,-0.185216,-0.034186,0.096236,0.154086,-0.055689,0.077533,0.164653,0.371893,#
5,0.001803,0.065227,-0.002262,-0.053114,0.178665,1.000000,-0.047221,0.126099,-0.068260,-0.044419,-0.075827,-0.156511,0.236440,-0.083517,-0.099285,-0.064411,0.041287,-0.003590,-0.169845,0.246191,-0.005638,-0.120460,0.290380,-0.113250,0.062754,-0.182008,0.212379,0.100641,0.234770,-0.084831,0.269653,0.045778,0.298263,0.126733,-0.285743,0.276819,0.085052,-0.098245,0.073918,-0.002843,0.189806,0.043164,0.155636,0.290924,0.204463,-0.009840,0.237407,0.069774,0.142749,-0.254063,0.110816,0.008374,0.072695,-0.143782,0.034860,0.217289,0.177335,-0.228813,0.314168,0.107772,-0.152528,0.138506,-0.003262,0.148321,0.203995,-0.018890,-0.261816,0.096541,0.117941,-0.246682,-0.008790,0.097984,0.265071,-0.104599,-0.006264,0.043167,0.092350,0.169871,0.239931,0.101235,-0.054179,-0.091043,0.142325,0.092094,-0.182577,0.000052,0.140135,0.088098,0.192061,-0.110011,-0.009028,0.083409,0.255631,0.254244,-0.061747,0.075605,-0.102670,0.170227,0.129115,0.163048,-0.014171,0.059348,-0.237554,0.035947,-0.106310,0.251292,0.121734,0.240165,0.086971,0.087122,0.051736,0.309107,-0.195714,-0.132593,0.125871,-0.080585,0.068792,0.102525,-0.031755,-0.006089,-0.216623,-0.028623,-0.080264,0.173867,-0.206299,-0.260462,0.257890,-0.305414,-0.064406,0.034987,0.312434,0.230974,0.084415,0.258615,0.184100,0.087296,0.171039,0.066203,0.186046,-0.241001,-0.065620,0.123488,-0.000005,0.086754,0.400233,0.035775,0.025838,-0.067921,0.164491,0.088325,0.062573,0.029179,0.134416,-0.181551,-0.087253,0.074130,0.005983,-0.006612,-0.126733,-0.231112,0.155122,-0.078181,0.223169,0.075876,0.103527,0.051804,-0.249833,0.373748,0.021776,0.084310,0.305761,0.240182,0.324671,-0.003957,-0.069940,0.007297,0.203889,0.087575,0.154753,0.086363,0.204396,0.043585,0.283923,0.017188,-0.183217,-0.031785,0.060482,0.095057,0.088392,-0.088247,-0.010315,0.134106,-0.176424,-0.165294,-0.103812,-0.068108,-0.217059,0.135347,0.051077,0.179299,#
6,0.052447,0.472715,0.191896,0.097821,0.067562,-0.047221,1.000000,0.050180,0.394249,0.119537,0.011183,0.291045,0.165077,0.057939,-0.092953,0.194903,0.005703,0.144709,0.021031,-0.057381,0.093822,0.324531,-0.027021,-0.059547,0.076951,0.130766,0.000816,0.064182,-0.129500,0.281099,0.016227,-0.064851,-0.149295,0.045560,-0.073188,-0.000802,-0.106643,0.112422,0.067390,0.088548,-0.069911,-0.039833,0.297286,0.019573,0.185162,-0.151123,0.019930,-0.132764,0.103023,-0.096659,-0.151290,-0.097558,-0.033088,0.123237,0.100612,-0.009726,-0.047204,0.054120,0.046962,0.008038,0.316620,0.011132,0.206206,-0.223171,0.042840,0.490136,-0.059783,0.141864,-0.015033,0.052200,0.182427,0.122941,-0.018284,0.317723,0.166672,-0.009836,0.181380,-0.095876,0.267296,-0.052321,0.063394,-0.148355,-0.003309,-0.153732,0.131782,-0.024662,0.104659,0.218146,-0.100205,-0.010242,-0.018167,0.041166,0.021697,-0.031793,-0.048506,-0.025087,0.167891,0.059824,-0.064165,0.210227,-0.072515,0.171492,0.172888,0.028451,-0.269354,0.132761,0.203076,0.034558,0.137135,0.125971,0.150078,0.195330,-0.189709,-0.307248,-0.023297,0.190327,0.388209,-0.228250,-0.031648,-0.138523,0.092346,-0.031473,0.015450,0.147428,-0.054686,0.200135,0.053481,-0.086507,-0.015578,0.037297,0.061603,0.043942,-0.058831,0.007637,0.005243,-0.014713,0.051942,-0.146713,0.066534,0.233388,0.197609,0.169832,-0.034901,-0.078577,0.031333,-0.029959,0.048675,-0.068380,0.114576,-0.169342,0.334694,-0.172541,0.075377,-0.074827,0.273456,0.014554,-0.036703,0.214354,-0.132468,-0.162810,-0.218096,0.182184,0.219564,0.068060,0.097535,0.197893,-0.020075,0.119237,-0.178328,-0.078700,-0.103711,0.029239,-0.044767,-0.103445,0.199052,0.030058,-0.075900,0.033934,0.112064,-0.059904,0.135036,-0.015610,0.142127,0.006488,0.134984,0.112627,-0.072365,0.111055,0.176422,0.191076,0.106065,0.116966,-0.110392,0.198486,-0.113574,0.021248,0.026917,0.124857,0.023730,0.205969,#
7,-0.182282,0.212196,0.066766,0.110534,0.070772,0.126099,0.050180,1.000000,0.321676,-0.089765,0.149061,0.205634,0.038196,-0.057934,0.181485,-0.157263,0.045813,-0.025144,-0.220778,-0.120731,-0.097155,-0.067784,0.149428,-0.015217,0.138952,0.011488,0.043237,0.034934,-0.035489,-0.081841,0.065399,-0.002178,0.072231,0.116506,-0.284115,-0.110242,0.050054,-0.021645,0.211578,0.120124,-0.240698,-0.097240,0.017590,0.226386,0.120569,0.120141,0.191414,0.102005,0.038868,0.068939,0.381267,-0.082169,0.123323,0.195416,-0.098796,-0.056847,-0.059708,0.107199,0.081076,0.116826,0.095124,0.106676,-0.024746,-0.180867,-0.028778,-0.024051,-0.159153,-0.115582,-0.014663,0.495410,-0.018433,-0.089977,0.255081,-0.085681,0.174481,-0.075995,-0.045093,0.063407,0.123274,0.161782,0.066933,-0.020134,-0.015507,0.121349,0.028622,0.109680,-0.020428,-0.009993,0.060972,0.105509,-0.103494,0.029188,-0.021949,0.140043,-0.000328,-0.302306,-0.208460,-0.010081,-0.154314,0.099815,0.115862,0.080300,0.003447,0.144536,0.024375,0.102049,-0.053476,0.044662,0.040757,0.224071,-0.005736,-0.163267,-0.099691,0.016016,0.289002,0.028865,-0.009044,-0.204279,-0.102279,0.192168,-0.043268,0.005790,-0.139383,0.283636,0.110895,0.153804,0.281575,0.139340,-0.012589,-0.175817,0.071887,-0.112995,0.176684,0.175645,0.088249,0.087024,-0.215379,0.067907,0.161822,0.100705,0.035873,-0.112446,0.069662,-0.154785,0.151177,-0.005191,0.005075,0.026601,0.175073,0.140825,0.086685,0.009699,0.100369,0.126516,-0.189472,0.163399,-0.008551,0.137062,-0.034322,0.055877,-0.085630,-0.129764,0.097372,-0.015264,-0.171572,0.154939,-0.076810,-0.197081,-0.234339,0.033039,0.072575,0.033513,0.331086,0.008602,0.149205,-0.045671,-0.002923,-0.046050,-0.159735,0.246240,0.291062,0.204990,0.025162,-0.066380,-0.051559,0.156123,-0.102790,-0.244815,-0.035910,0.143097,-0.026084,-0.023641,-0.080560,-0.162707,-0.020960,-0.121358,-0.251623,0.206836,-0.107503,0.201805,#
8,0.068033,0.270076,0.002278,0.296715,0.013322,-0.068260,0.394249,0.321676,1.000000,0.194696,-0.047908,0.120455,0.007249,0.049464,0.189613,0.279286,-0.074858,0.064884,0.119705,-0.046099,-0.204489,0.290710,0.322461,-0.028419,-0.090483,0.014629,0.047440,0.083674,-0.121479,0.322958,0.142630,-0.037489,-0.160605,0.278539,0.006629,0.120279,-0.019192,0.116234,0.117772,0.088405,-0.254427,0.221861,0.165393,0.082616,0.146180,-0.077465,0.034850,0.042388,0.102594,0.049658,0.338540,0.184292,-0.038353,0.148218,-0.055467,0.336694,0.253264,0.146468,0.044917,0.324065,0.321434,0.028873,0.370577,-0.164688,0.163337,0.247909,0.109692,-0.012214,0.109457,0.222229,0.186455,-0.005715,0.071555,0.158537,0.254515,0.088280,0.188369,0.024927,0.113285,0.168399,0.071666,0.129356,0.021989,-0.110505,0.129799,0.029830,0.037770,-0.041808,-0.180845,0.190470,0.074673,0.030001,-0.055553,0.043067,0.013738,-0.000027,0.190124,-0.073866,-0.207723,0.062247,0.152626,0.128162,0.156557,0.107090,0.132757,0.071408,0.086410,0.037363,0.105841,0.155759,-0.144658,-0.063609,-0.219984,-0.189901,0.373638,0.254316,0.045968,-0.217517,0.018355,0.154487,-0.018862,-0.048914,-0.004878,0.095515,0.048016,0.168304,0.030366,0.209884,-0.075397,0.324028,0.014983,-0.083922,0.232590,0.110196,0.234991,0.215978,-0.075303,-0.030074,0.025501,-0.021202,-0.029208,0.074968,0.362004,0.103312,0.004475,0.104092,0.229996,0.168283,0.335997,-0.011663,0.163718,-0.206422,0.052894,0.201354,0.288528,0.267828,-0.115206,0.374425,0.035938,-0.055566,-0.146472,-0.110337,0.225864,0.113302,0.201168,0.186345,0.036511,-0.105461,0.150693,0.177890,-0.032823,-0.002058,0.157108,-0.206455,0.168927,0.046750,0.047361,0.040913,-0.041168,0.178206,0.276917,0.055124,0.094951,0.197881,0.061066,0.055864,0.046264,-0.053447,-0.023171,0.002740,0.120715,-0.042038,-0.081139,0.085132,0.218988,0.006579,-0.144257,0.236429,0.217667,0.039689,#
9,-0.034383,0.167224,0.091831,0.200301,0.146254,-0.044419,0.119537,-0.089765,0.194696,1.000000,0.337117,-0.171807,0.102114,-0.183218,0.151423,0.291462,-0.090619,0.111704,0.154029,0.239991,0.072259,-0.027685,0.125453,0.137368,-0.105833,-0.324389,-0.073181,0.071154,-0.097273,0.167235,0.252795,-0.171665,-0.191599,0.114899,0.009257,0.093240,-0.248733,0.114916,0.208637,-0.120262,0.247524,-0.108186,0.158941,-0.045134,0.015870,0.205786,0.048211,0.009209,0.041664,0.039992,0.063543,0.099836,0.091468,-0.082957,-0.189875,0.182840,0.092993,-0.102456,0.117345,0.010113,0.134890,0.145402,0.140349,0.085272,0.118620,0.119828,0.090591,-0.004189,-0.223956,-0.090560,0.334067,0.225529,-0.020502,-0.040340,-0.128466,0.068816,-0.174338,-0.130023,0.109298,0.317457,0.177591,0.059253,-0.009380,-0.197183,0.146894,-0.121839,0.012376,0.182305,0.014579,-0.311373,0.036672,0.349490,0.021595,-0.165700,0.098615,-0.062979,0.251585,0.173221,-0.103510,-0.256695,0.017507,-0.239771,0.359862,-0.161327,0.229277,-0.183349,0.124804,-0.118310,0.042419,-0.123837,0.135167,0.125162,0.120700,0.237360,-0.114461,-0.031575,-0.091198,-0.071473,0.061936,-0.184257,-0.210552,0.156375,-0.121719,-0.043850,-0.137944,-0.159831,-0.193930,0.189115,0.017183,0.197001,-0.079316,0.040098,0.050232,0.208130,-0.034117,-0.132238,-0.072212,0.193238,-0.089644,-0.093258,-0.163605,0.026411,0.284692,0.079199,0.162669,-0.052412,-0.079663,0.153083,-0.188304,0.054484,0.040733,-0.229597,0.166318,0.048359,0.253287,0.011407,-0.037431,0.196326,-0.075027,-0.071870,0.001156,-0.183883,0.169820,0.264281,0.137181,-0.033732,0.008015,-0.084855,0.060199,-0.022642,0.017062,-0.057579,-0.031889,0.072768,0.253273,0.189166,0.088457,0.106713,-0.055551,-0.020633,-0.077381,-0.104554,0.111027,0.036643,-0.058238,-0.070682,-0.075821,-0.243145,0.335295,0.083578,0.009451,-0.116213,-0.084198,0.007810,-0.123239,0.037603,-0.248462,0.080657,-0.174124,-0.044730,#
10,-0.022648,0.255988,0.431275,0.110560,-0.009508,-0.075827,0.011183,0.149061,-0.047908,0.337117,1.000000,0.018578,-0.079984,-0.227029,0.048812,0.031776,-0.040871,-0.046247,0.100663,0.051666,0.027670,-0.197587,-0.089486,-0.055207,0.056876,-0.098942,-0.097717,0.083536,-0.415010,-0.010650,-0.069794,-0.065987,0.001163,-0.000078,0.008166,0.038298,0.017396,-0.099631,0.096001,-0.147802,0.104366,-0.142717,0.046346,-0.213797,0.062568,0.054343,0.189568,0.003391,-0.055584,0.267366,0.110167,-0.078051,0.216931,0.052281,-0.059757,-0.022124,-0.120921,-0.231331,0.085456,0.193722,0.007661,0.133545,-0.042818,0.137504,0.009610,-0.012936,0.332766,-0.104358,-0.107902,-0.080314,-0.121029,0.210371,-0.147554,-0.097738,0.062014,-0.061843,-0.165691,0.018552,-0.124525,-0.126636,0.199882,0.065189,0.031258,-0.027590,0.297113,-0.220275,-0.102319,0.146353,-0.134961,0.112511,0.088147,0.291914,-0.116198,0.009982,-0.147623,0.274055,-0.108780,-0.093010,0.128073,-0.097137,-0.145649,-0.028735,-0.017488,-0.098421,0.140961,-0.302062,0.075385,0.166413,-0.061881,-0.077621,0.101362,-0.001219,-0.000717,0.040567,0.112533,0.259292,-0.085516,-0.180690,-0.108139,-0.016768,-0.039140,0.002385,-0.278994,-0.093582,-0.177146,-0.205578,0.139330,0.086396,0.150026,-0.033688,-0.087842,0.031035,-0.202157,-0.038081,-0.124284,-0.136371,-0.105875,0.401419,-0.140610,-0.050938,0.154225,-0.059116,-0.152151,-0.138872,0.192760,-0.187374,-0.266172,-0.243443,0.016542,0.027883,0.082481,0.046240,0.100859,-0.060084,-0.090990,-0.135668,0.239271,-0.212395,-0.075902,-0.220541,0.041730,-0.123734,0.213159,0.139093,0.124725,0.080256,0.168491,-0.129705,-0.063028,0.272243,0.029705,-0.117429,-0.122528,0.034180,0.085187,-0.206967,0.025264,0.154621,-0.267052,0.027644,-0.074009,-0.037141,0.259601,-0.058691,0.035865,-0.177337,-0.048081,-0.336155,-0.011583,-0.000086,0.089598,0.075179,0.019199,-0.107506,0.028145,-0.266055,-0.370301,0.157150,-0.200371,0.372150,#
11,-0.035520,0.243785,0.220540,0.030167,0.031595,-0.156511,0.291045,0.205634,0.120455,-0.171807,0.018578,1.000000,-0.096564,0.133902,-0.103591,-0.108876,0.042670,0.014916,-0.047161,-0.405195,0.068691,0.291248,-0.056622,-0.210354,0.061751,0.264532,-0.108393,0.278244,-0.147421,0.226592,0.091587,0.135792,-0.053386,0.185035,0.088797,0.039325,0.227596,0.070674,0.068193,0.330112,-0.159641,0.004846,0.289174,0.009519,0.071258,0.046666,0.081283,0.097176,0.012266,-0.149376,-0.175654,0.283504,-0.008133,0.304303,0.085168,-0.141084,-0.359273,0.159055,-0.015936,0.016449,0.259130,-0.196057,0.175776,-0.187672,0.031317,0.264272,0.031404,0.184556,0.157994,0.201464,0.027639,0.152729,0.146755,0.040995,-0.051763,-0.173518,-0.035172,-0.074460,-0.039291,-0.176301,-0.074341,0.127060,0.149469,-0.134061,0.116411,-0.044959,-0.070397,0.233514,-0.004350,0.022565,-0.035816,0.128353,0.087350,0.190979,0.112459,-0.027908,-0.145498,-0.196281,0.069254,0.224394,0.083886,0.183347,-0.048218,0.062000,-0.156446,0.232823,0.061859,0.215998,0.120686,0.070579,0.032349,-0.071845,-0.024671,-0.000329,-0.053103,0.235104,0.106708,0.017227,-0.196558,0.202373,-0.042330,-0.037672,0.038157,0.033288,-0.066387,-0.101390,-0.067299,0.001057,0.218126,0.009985,-0.079077,0.195906,0.140307,0.112520,0.015910,-0.046900,-0.214002,0.209856,-0.015927,0.374592,0.074156,-0.150482,-0.110962,0.149542,0.214816,0.071750,0.233492,-0.083158,-0.052148,0.027154,0.114450,0.134430,-0.050943,-0.153078,0.106273,0.125940,-0.053542,0.011120,0.167384,-0.056497,0.020502,0.276094,-0.037970,0.040766,-0.031683,-0.039168,0.084442,0.060028,-0.106295,0.191332,-0.043080,-0.084005,0.058246,-0.121449,0.101966,-0.122674,-0.080254,0.006995,-0.027891,0.125835,0.248225,-0.035548,0.206093,-0.157087,-0.036985,0.005300,-0.167865,-0.052627,0.059287,0.435489,-0.075661,-0.059567,0.116426,0.368833,0.248509,0.015649,0.037132,0.204561,-0.059112,0.164733,#
12,0.003410,0.018633,-0.042241,-0.073018,-0.030656,0.236440,0.165077,0.038196,0.007249,0.102114,-0.079984,-0.096564,1.000000,0.016087,0.169442,0.103933,0.291854,0.296368,0.180141,0.130802,0.054391,0.236869,0.116589,0.188788,-0.032056,-0.035347,0.223349,0.272641,0.050201,-0.051521,-0.018429,0.173166,0.100968,0.023518,0.074208,0.230096,0.022173,0.001670,0.003875,0.177112,0.064744,-0.082752,0.160399,0.301868,0.204886,0.119492,0.231001,-0.054928,0.159099,-0.048029,0.123981,-0.096321,-0.046479,0.171784,0.088123,0.113579,-0.074457,0.033595,-0.029709,-0.230542,0.089074,0.367420,-0.160659,0.297441,0.374288,0.062928,-0.087628,0.177213,0.147107,-0.031366,0.055196,0.114099,0.363394,-0.014153,0.239279,0.314213,0.042583,-0.218127,0.012394,-0.054224,0.188531,-0.066397,-0.144867,0.035672,-0.109860,0.102337,0.168155,0.232572,0.224710,-0.002880,-0.138734,-0.186965,0.078287,0.095154,0.059260,0.100306,0.391030,0.246758,-0.005685,0.097317,-0.017099,0.102405,0.155145,0.228759,0.077572,-0.041455,0.018130,0.004756,-0.085987,0.052207,0.205773,0.135030,0.024716,-0.170007,0.093633,-0.080843,0.386843,-0.253870,0.027426,-0.181405,0.175015,0.106472,0.097084,0.284897,0.092690,-0.240762,0.109810,-0.176014,-0.172492,-0.149426,0.124423,0.030260,-0.056121,0.208416,0.265201,-0.157171,0.252732,-0.016029,0.336071,-0.003473,0.028394,0.147294,0.157250,-0.022527,0.082879,0.093017,-0.014494,0.106059,0.050224,0.216926,0.098711,0.105047,0.205280,-0.088413,-0.054281,0.521730,-0.102815,0.009833,-0.046592,0.038797,0.111525,0.287094,0.187972,0.144093,0.262808,-0.021114,0.170647,0.204747,0.026712,-0.090312,0.121558,0.274958,0.103031,0.138130,0.163713,0.154553,0.174864,0.009375,0.090645,-0.000712,0.177888,0.141562,0.116260,-0.036067,-0.021195,-0.046382,0.143825,0.199281,0.054042,-0.224044,0.039255,-0.079499,0.125157,0.124774,-0.052972,0.098201,-0.074723,0.092521,0.130790,-0.077365,#
13,-0.267548,-0.181812,-0.022930,-0.184485,-0.107029,-0.083517,0.057939,-0.057934,0.049464,-0.183218,-0.227029,0.133902,0.016087,1.000000,0.119250,-0.104357,0.034415,0.025108,0.017876,-0.087561,0.134515,-0.028363,-0.080856,-0.136029,-0.286362,0.192818,-0.067508,0.125602,-0.002919,-0.013603,-0.014788,-0.045767,0.026836,-0.098566,0.009256,-0.110858,-0.007494,0.118223,-0.453650,0.084669,-0.103540,0.121313,-0.061390,0.023562,0.140216,0.009616,0.063546,-0.104277,0.038471,-0.250520,0.101024,-0.148569,-0.146343,0.339510,-0.301549,0.060196,-0.038506,0.235147,-0.085272,0.068693,0.084688,0.046652,0.057823,-0.015810,0.033166,-0.031880,0.080021,0.096861,0.140658,-0.002254,0.150011,-0.047473,-0.161922,-0.070657,0.128854,0.240056,-0.041711,0.104585,0.077266,0.176687,0.199718,0.020296,-0.022459,0.087566,-0.061947,0.178564,-0.021910,-0.209583,0.078358,-0.012044,-0.014212,-0.048844,0.100337,0.268877,0.109505,-0.198506,-0.085494,0.142851,-0.004848,0.218619,-0.072094,0.226520,0.179313,0.232821,-0.106458,0.151979,-0.015788,-0.009522,0.123491,0.189391,-0.122520,0.120011,0.364209,-0.028819,0.239549,0.188679,0.077143,0.078887,-0.062258,0.309619,0.332325,-0.021678,0.073234,-0.029963,-0.021930,-0.138170,-0.172600,-0.259731,0.018631,-0.011909,-0.124567,0.214511,0.118208,0.088557,0.172496,-0.087309,-0.020954,-0.037883,0.056500,0.037835,-0.314088,0.018284,0.365091,0.118852,-0.018200,0.111940,-0.008937,0.067926,-0.048078,-0.161876,-0.032651,-0.002547,-0.020887,0.170047,0.030961,0.048282,-0.081141,-0.022655,0.045441,0.159891,0.025497,0.046844,-0.147950,0.206018,0.073996,-0.073396,-0.081920,-0.122571,-0.187565,-0.176690,-0.026905,0.112861,0.061765,0.071211,0.126064,-0.245731,-0.219862,-0.027188,0.145591,-0.072964,0.039158,0.163089,-0.050949,-0.072779,0.300325,0.305447,0.145202,-0.173424,-0.257980,0.095150,0.128731,-0.069884,-0.001472,0.197710,0.004365,0.208026,0.139907,-0.256742,0.222197,0.016791,#
14,0.192922,-0.066887,-0.193783,0.166113,0.126741,-0.099285,-0.092953,0.181485,0.189613,0.151423,0.048812,-0.103591,0.169442,0.119250,1.000000,0.207271,0.029289,0.100619,0.369319,0.222692,0.146687,-0.137827,0.163107,0.144283,0.027090,-0.199416,0.148891,0.073873,0.216103,-0.073765,0.034543,0.211404,0.037005,0.150696,0.214710,0.073599,-0.085682,0.084361,-0.012868,0.254883,-0.225101,-0.115483,0.123012,0.058963,0.225183,0.073523,0.053628,-0.104168,-0.080836,0.175097,0.070151,-0.108119,0.158408,0.250793,0.177786,0.005082,0.284184,0.063516,0.139549,0.029486,0.111180,0.203824,0.076887,0.201510,-0.085746,-0.246643,0.083303,0.109709,-0.386016,0.304247,0.072601,-0.061826,-0.010446,-0.000983,0.317378,-0.081290,0.254359,0.060614,0.011289,-0.027395,-0.001037,0.119607,-0.080338,0.236543,0.077435,0.119928,-0.165693,-0.078368,-0.062173,0.031996,-0.142710,-0.022506,0.285678,0.105954,0.111102,0.075559,0.223929,0.055216,-0.050586,-0.041302,0.164631,0.175639,0.045709,0.211068,0.257873,-0.174883,-0.071031,-0.129639,-0.246124,0.068848,0.021699,-0.188879,-0.010129,0.164884,0.056416,0.101962,0.065227,-0.305073,0.040187,0.019058,0.218019,0.205410,-0.244549,-0.041996,0.012489,0.027835,-0.088049,0.220906,-0.022156,0.182880,-0.064768,-0.121607,-0.060302,0.190554,0.128358,0.131106,-0.275967,0.033634,0.145709,-0.148916,-0.084423,0.112433,0.415507,0.086152,-0.205474,0.199975,-0.032590,0.057082,-0.106370,-0.036670,0.059603,0.045472,0.063817,0.039332,0.091626,0.194256,0.099070,-0.047310,-0.151506,0.161771,0.076872,0.054983,0.260290,0.004937,0.024167,0.051267,0.125284,-0.039022,-0.076023,0.193448,-0.175092,-0.220827,0.232125,-0.026807,-0.088859,-0.030091,0.189457,0.109280,0.246128,-0.120925,0.202046,0.151043,-0.018023,0.120230,-0.037499,-0.010089,0.021665,-0.158931,-0.172206,0.037010,-0.074828,-0.058486,0.013986,0.005283,0.018872,-0.089794,-0.211384,-0.120839,0.248905,0.027803,#
15,0.304109,0.093045,0.057782,0.042835,0.104136,-0.064411,0.194903,-0.157263,0.279286,0.291462,0.031776,-0.108876,0.103933,-0.104357,0.207271,1.000000,0.240891,0.049343,0.171444,0.193854,-0.210405,0.071168,0.348751,0.116499,0.023437,-0.053993,0.119063,0.048938,-0.047704,0.324976,-0.082961,0.258519,-0.099614,0.161133,0.116654,0.226481,0.129762,-0.038613,0.149276,0.034938,0.030205,0.033296,0.053608,0.112587,0.092663,-0.042102,-0.203920,0.219537,0.032832,0.148705,-0.293051,0.261792,0.193620,0.137922,0.083288,0.091064,0.050195,0.060998,0.275295,0.099293,0.161402,-0.076723,0.225006,0.096393,0.044747,0.249023,0.039441,0.112479,-0.090454,-0.162657,0.176550,0.142498,0.011540,0.034538,0.108865,-0.112687,0.076633,-0.015897,0.033175,-0.095842,0.211596,-0.082377,-0.363855,0.116621,0.275146,0.130846,0.069941,0.353772,-0.104220,0.116057,0.142589,0.050061,-0.132532,-0.183421,0.101574,0.166452,0.340284,-0.023636,-0.116902,0.075762,0.251993,0.135138,0.000555,0.184691,0.070709,-0.065379,0.128817,0.057183,-0.006068,-0.058042,-0.080815,0.151206,-0.088516,-0.023596,0.033714,0.112684,-0.151638,-0.073107,-0.015130,-0.221273,0.196682,-0.030826,0.200611,-0.103187,0.070348,0.194649,0.036301,0.333035,-0.089055,0.340073,-0.267629,-0.016044,0.058056,0.179229,0.176622,0.044579,-0.078630,-0.195073,0.069923,-0.097394,-0.026303,0.106764,0.224450,0.116725,0.125370,-0.073844,-0.016010,0.069507,0.097302,-0.017499,-0.063106,-0.074608,0.011923,-0.049213,0.102219,0.050466,0.192710,0.115524,-0.085581,0.052271,0.062011,-0.090149,0.184499,-0.004400,0.053042,0.289628,0.056092,0.106148,0.331690,-0.032346,-0.071482,0.275490,-0.157696,-0.007515,0.148222,0.105696,0.255661,0.184439,-0.046464,0.006268,0.129144,-0.091841,0.041325,0.278348,0.034996,0.131378,-0.111975,0.152864,-0.102880,0.003031,-0.161090,0.004868,0.137646,-0.059576,-0.150153,0.189394,0.024697,-0.024308,0.058185,-0.156695,#
16,0.300701,-0.044172,-0.143716,0.029939,-0.070218,0.041287,0.005703,0.045813,-0.074858,-0.090619,-0.040871,0.042670,0.291854,0.034415,0.029289,0.240891,1.000000,-0.041276,-0.026139,0.287874,-0.075931,-0.140027,-0.055545,0.024315,0.001097,0.018927,0.151743,-0.165511,-0.173872,0.367506,-0.177707,0.077258,-0.071119,0.235901,0.070911,0.039154,0.123814,0.039367,0.019930,0.059889,-0.200497,-0.120699,0.160033,0.148543,0.004111,0.080012,-0.098443,-0.006939,0.002275,0.098078,-0.054470,0.008670,0.262344,0.289384,-0.168165,0.028992,-0.138911,0.055372,0.070770,-0.178409,-0.017393,0.252945,0.034560,0.023053,0.013680,-0.039772,-0.343717,0.117255,0.047463,0.122087,-0.159897,0.096610,0.102150,0.008294,-0.016400,-0.009447,-0.170524,0.102186,-0.024424,-0.032398,0.057462,-0.096077,-0.163707,0.329390,0.153403,0.233030,0.045578,0.209990,0.183402,-0.008725,-0.063078,-0.061548,0.138244,-0.207377,0.030364,0.116258,0.122139,-0.107547,-0.083912,0.180614,-0.295176,0.025249,0.098655,0.116089,-0.066509,0.121505,0.248766,0.164086,-0.020380,0.063921,-0.084536,-0.028654,-0.036074,-0.075523,0.100591,-0.160711,0.100376,-0.024757,0.103383,-0.051437,0.293207,0.098345,0.281026,0.139711,0.259947,-0.018333,0.079919,-0.127466,-0.061173,0.137470,0.001244,-0.124072,0.018756,-0.241085,0.283091,0.046462,0.017170,-0.002415,-0.031372,-0.059771,-0.152099,-0.077912,0.047306,-0.086770,0.074224,-0.128441,-0.039506,-0.007748,0.261509,0.327580,-0.209638,0.143224,-0.020343,0.049055,-0.103847,0.253279,0.042625,0.122585,-0.047246,0.176197,0.039892,0.031550,-0.122780,-0.025039,0.023989,-0.059727,0.105912,0.150696,-0.001821,-0.239308,0.076297,0.073258,-0.155347,-0.109468,0.008018,0.027656,0.080238,-0.101123,0.047083,-0.168391,-0.064476,0.062658,-0.067276,-0.245300,0.063032,0.161911,0.020132,0.207744,0.013935,-0.046200,0.046343,-0.020233,-0.177585,-0.082916,-0.074161,0.221118,0.104022,-0.214186,-0.206793,-0.109592,#
17,0.238625,0.009372,0.006412,0.192225,0.130464,-0.003590,0.144709,-0.025144,0.064884,0.111704,-0.046247,0.014916,0.296368,0.025108,0.100619,0.049343,-0.041276,1.000000,0.076170,-0.043522,0.033700,0.050481,0.018231,0.267974,-0.346573,-0.124837,0.198962,-0.098237,-0.091906,-0.067886,0.159493,-0.058733,0.239288,0.020116,0.107079,0.102608,-0.272875,0.226733,0.086014,0.168107,0.156266,0.064983,0.202817,0.125687,0.034992,0.048727,0.142702,0.135401,0.030594,-0.058808,0.142391,-0.018585,-0.057217,0.093005,-0.021573,0.037095,0.045944,-0.039240,0.030135,-0.124835,0.120605,0.114832,-0.223647,0.280079,0.122025,0.273019,0.173626,0.269077,0.081356,0.116171,-0.030905,0.352841,0.032301,-0.149566,0.069577,0.117324,0.047291,-0.213913,-0.011436,0.110161,-0.117898,-0.030488,-0.030559,-0.028171,0.041019,-0.029764,0.220088,-0.009399,0.031510,0.069418,0.107000,-0.110975,0.209826,-0.125124,0.137071,0.208951,-0.052778,0.040314,-0.031376,0.024958,0.174845,-0.058033,-0.011091,0.208031,0.111876,0.029482,0.048265,-0.062827,0.269714,-0.142551,0.033361,-0.036099,0.047557,0.052134,0.041589,-0.088560,0.127605,-0.140027,0.058801,-0.020505,0.109249,0.038295,-0.078132,0.016693,0.264099,0.126472,-0.022029,-0.029507,-0.108675,0.098930,0.243286,0.098118,0.008263,0.079308,-0.001863,0.048031,0.190606,-0.027793,0.122848,0.129914,0.239091,0.118049,0.077978,0.078646,-0.075217,0.219297,-0.051637,0.135359,-0.169314,-0.067699,0.070365,-0.141505,-0.052897,-0.056534,0.272483,0.111811,0.062097,0.243704,0.207414,-0.117073,-0.056067,0.046154,-0.020565,0.298879,0.009060,0.000904,-0.004197,0.104748,0.179326,-0.164228,0.022658,-0.066274,0.109411,0.001598,0.138994,0.007682,0.289859,-0.065399,-0.079873,0.245395,0.194618,0.100853,0.033381,0.088437,-0.021773,0.115631,0.135386,0.016639,0.110685,-0.120053,-0.042064,0.294016,-0.011751,0.154874,0.091544,0.185509,-0.142665,0.159047,-0.163840,0.155468,#
18,0.276608,-0.018169,-0.042142,0.316660,-0.042683,-0.169845,0.021031,-0.220778,0.119705,0.154029,0.100663,-0.047161,0.180141,0.017876,0.369319,0.171444,-0.026139,0.076170,1.000000,0.058618,0.052974,0.062349,0.170667,0.179032,-0.052160,0.042386,-0.110251,0.149038,0.011543,-0.167169,-0.182612,0.028389,0.106723,0.208346,0.322628,0.162393,0.023700,0.077149,0.049127,0.331149,0.107515,0.024240,0.202704,-0.099283,0.154669,-0.052962,-0.177598,0.017775,-0.215160,0.174688,0.054587,0.123353,0.130408,-0.144585,0.236777,0.106145,0.019876,0.102352,-0.115096,0.116905,0.174798,-0.098576,0.295789,0.193447,0.376825,0.052364,0.291893,-0.088550,-0.142363,0.046069,-0.049176,0.059415,-0.127355,-0.188807,0.114872,0.159663,0.110202,-0.038002,-0.158370,-0.077792,0.052076,0.000286,0.068913,0.116183,-0.030055,-0.139808,0.160197,0.036209,-0.007791,0.145695,0.147317,0.038741,-0.085129,-0.041707,0.001692,0.354484,0.213019,-0.135199,0.070367,-0.007697,0.152320,0.132211,0.056595,0.006208,0.402825,-0.128046,0.153882,-0.217804,-0.083640,-0.178485,0.106290,-0.041651,0.066983,-0.061972,-0.062391,0.123733,-0.086593,-0.280648,0.038774,0.151974,0.083528,-0.084898,0.127359,-0.250174,-0.119350,-0.120921,-0.165346,0.231977,0.140145,0.120493,-0.216085,0.128533,-0.179777,0.228209,0.100121,0.051144,-0.014252,0.158219,-0.160872,0.084949,-0.021035,0.029646,0.158624,0.173768,-0.039966,0.161398,0.037370,0.101626,-0.299747,-0.003600,-0.102861,-0.036786,0.072025,0.026179,0.045367,0.146186,0.123671,-0.025204,-0.149216,0.062725,0.134572,0.116789,0.096306,0.182592,-0.071753,0.271182,0.034097,-0.030902,0.198340,0.319361,-0.252066,-0.122035,-0.026884,0.214719,-0.040803,0.218576,0.326120,-0.018660,0.110506,-0.073517,0.028073,0.021589,0.059426,-0.010734,0.061119,-0.227264,0.330012,-0.054913,0.112757,-0.082978,-0.097339,-0.050588,0.172165,0.105896,0.129927,0.193371,0.014566,-0.048941,0.133503,0.033894,#
19,0.275751,0.024954,-0.016150,-0.130669,0.313927,0.246191,-0.057381,-0.120731,-0.046099,0.239991,0.051666,-0.405195,0.130802,-0.087561,0.222692,0.193854,0.287874,-0.043522,0.058618,1.000000,0.025390,-0.447652,0.080554,0.015343,-0.086277,-0.066409,0.036287,-0.103072,-0.064942,0.073492,0.216348,-0.020701,-0.120467,-0.029119,-0.057875,0.094525,0.059388,-0.189728,0.025785,0.054382,-0.011177,-0.071063,0.194415,-0.107343,-0.114804,0.033138,0.109030,-0.180277,0.049649,0.265294,-0.001350,-0.085172,0.038687,0.032178,-0.040167,0.235692,0.114479,-0.045550,0.174393,0.042481,-0.023539,0.398566,0.059368,0.230003,0.107091,-0.310631,0.092279,0.051587,-0.303020,-0.109038,0.210552,-0.032694,-0.035049,0.032893,0.049251,0.122271,0.024970,0.046220,0.348115,0.110318,0.135477,-0.110875,-0.009641,0.179978,0.076491,0.270402,-0.098894,0.192946,0.061316,-0.308601,-0.042771,-0.048030,0.063950,-0.218119,-0.151022,0.217058,0.253439,0.206071,-0.232692,-0.056359,-0.093877,-0.068337,0.137074,0.103922,0.068471,0.309327,0.085897,0.085983,-0.019344,-0.095407,-0.075254,0.112907,-0.013751,-0.032079,0.047176,-0.178847,0.198308,0.023654,0.093464,-0.401478,0.121100,0.022369,-0.048144,0.099743,0.237743,-0.084451,0.180604,-0.169912,0.030945,0.151495,0.131213,-0.092452,-0.148457,0.120269,0.410419,-0.059498,-0.004818,0.038510,-0.068093,-0.250236,-0.129259,0.137019,0.113698,-0.078740,0.013355,-0.058908,-0.127834,0.018835,0.029465,-0.041641,-0.017718,0.248108,0.119368,0.002125,0.096274,-0.030595,0.155025,-0.061723,-0.062548,0.053046,0.313223,-0.304548,0.004707,-0.064972,0.052489,-0.029475,0.056444,0.119567,0.188553,-0.129142,-0.063870,0.146339,0.307964,0.216297,-0.018582,-0.077556,0.177628,-0.106928,0.283952,-0.148347,-0.066988,-0.109498,0.074728,0.155773,0.184344,0.053917,-0.148051,-0.048407,0.089560,-0.002807,0.135869,0.205614,-0.213897,-0.189906,-0.131803,0.112381,-0.343665,-0.081642,0.171010,0.163525,#
20,-0.047166,-0.053693,0.112621,0.026252,0.336792,-0.005638,0.093822,-0.097155,-0.204489,0.072259,0.027670,0.068691,0.054391,0.134515,0.146687,-0.210405,-0.075931,0.033700,0.052974,0.025390,1.000000,0.220248,-0.037944,-0.053522,0.031773,0.233754,0.140766,-0.168556,0.108408,-0.124414,-0.167371,-0.195625,0.096639,0.123563,0.059245,0.021050,0.145428,0.373414,0.284742,0.297070,-0.047755,0.022997,0.008788,-0.208935,0.117667,0.080726,0.330432,-0.163088,-0.202659,0.071043,-0.243909,-0.077687,-0.196087,0.208277,0.316789,0.180544,0.174799,0.152962,-0.045195,-0.121214,0.066364,0.225207,0.008078,-0.023433,-0.224033,-0.116018,-0.179142,0.196186,-0.017505,0.130766,0.337431,0.286036,0.073888,0.047450,0.054047,-0.093301,0.007504,-0.039529,0.004600,-0.092153,0.060034,0.105128,0.151951,-0.083641,0.179949,0.023263,0.005738,-0.045471,0.274272,-0.042868,0.094092,-0.057184,0.049085,0.198303,0.391130,-0.040368,-0.109048,0.152527,0.064096,-0.067152,0.204329,0.168232,0.139946,-0.135331,0.138404,0.115506,0.128309,0.039114,-0.022708,0.108243,0.209022,0.295068,0.092517,-0.237743,-0.037753,0.203203,0.334489,0.185536,0.088295,0.156990,-0.073606,0.172545,-0.116355,0.079291,0.014844,-0.005373,0.001692,-0.036522,0.361077,0.089613,0.290419,0.019745,-0.140083,0.226744,0.072946,-0.204062,0.073149,-0.156550,-0.007483,-0.034859,0.196438,0.139157,0.286436,0.207061,0.016996,0.109255,0.030305,-0.053455,-0.213499,0.237816,0.223343,0.121114,-0.053188,0.279868,0.045637,0.071056,-0.172502,-0.168499,-0.233408,0.120524,0.104562,0.143520,0.112937,0.094038,0.007818,-0.110899,-0.173787,0.116774,0.049246,0.022814,0.060961,-0.287593,0.131333,0.002706,-0.014195,0.037437,-0.047827,0.017031,0.245760,-0.076875,0.001685,0.050217,-0.142949,-0.092973,0.158386,-0.095932,0.172822,0.084089,0.033690,0.287193,-0.072557,-0.001476,-0.126288,0.240628,-0.028559,0.076494,0.022045,0.055684,0.273631,0.255535,#
