0,1.000000,0.677233,0.740692,0.614816,0.474010,0.747775,0.604659,0.708739,0.645244,0.654497,0.606698,0.737189,0.582195,0.614965,0.655105,0.681108,0.681749,0.715596,0.703219,0.597512,0.715478,0.613659,0.740121,0.736375,0.610508,0.630616,0.664581,0.697176,0.522571,0.658724,0.686681,0.607952,0.673455,0.640801,0.717793,0.655314,0.621944,0.737094,0.679681,0.761276,0.733147,0.649962,0.733496,0.795179,0.664836,0.575506,0.714321,0.789047,0.624990,0.736936,0.656368,0.652522,0.680524,0.728069,0.685637,0.732245,0.695918,0.743168,0.670030,0.758738,0.749060,0.618809,0.742976,0.676024,0.640692,0.700978,0.741770,0.718798,0.728361,0.564029,0.718693,0.628429,0.785741,0.666240,0.672908,0.677933,0.729676,0.687211,0.677440,0.637918,0.770725,0.684667,0.688955,0.734904,0.709842,0.711330,0.717138,0.649088,0.567500,0.729028,0.675215,0.748802,0.587153,0.723787,0.688860,0.694443,0.605152,0.618879,0.719424,0.753302,0.726262,0.704865,0.706434,0.733025,0.624062,0.660795,0.597182,0.734386,0.655766,0.646083,0.727191,0.704928,0.736880,0.558714,0.629602,0.800925,0.608669,0.631322,0.616225,0.624182,0.522822,0.805354,0.650248,0.799711,0.738297,0.673130,0.645405,0.633846,0.601065,0.621251,0.723631,0.682503,0.710497,0.649882,0.665547,0.586705,0.618812,0.734856,0.709173,0.738176,0.653369,0.580811,0.587325,0.743972,0.714543,0.566701,0.649679,0.620774,0.734106,0.771806,0.723094,0.660564,0.665804,0.680130,0.646744,0.657708,0.612920,0.707202,0.706447,0.669522,0.702675,0.719047,0.645533,0.667858,0.653970,0.697867,0.724452,0.668973,0.631171,0.721361,0.717787,0.704777,0.647397,0.755546,0.737255,0.559517,0.646664,0.712085,0.687557,0.715262,0.598374,0.719861,0.571349,0.585338,0.687159,0.613445,0.653352,0.673477,0.691629,0.710456,0.713285,0.773911,0.715401,0.628242,0.658088,0.694608,0.673688,0.719203,0.722408,0.668203,#
1,0.677233,1.000000,0.670088,0.672863,0.560206,0.757208,0.507891,0.589231,0.613100,0.574840,0.606547,0.613116,0.503980,0.566804,0.689996,0.640952,0.581842,0.621298,0.657549,0.641974,0.663956,0.766937,0.703588,0.711540,0.600982,0.459330,0.754038,0.670389,0.461043,0.507620,0.723758,0.687051,0.604665,0.682459,0.716100,0.746878,0.521728,0.690363,0.678457,0.681456,0.606635,0.542308,0.657341,0.722808,0.598994,0.642151,0.713098,0.687505,0.651052,0.652513,0.579447,0.617201,0.766860,0.620907,0.671244,0.645555,0.607652,0.706434,0.728974,0.595811,0.570484,0.639991,0.601955,0.502612,0.664664,0.619763,0.618446,0.721333,0.687184,0.649163,0.603508,0.596747,0.736800,0.479667,0.569730,0.653572,0.565620,0.634823,0.634060,0.563603,0.673900,0.686230,0.741607,0.694382,0.642535,0.667674,0.665337,0.589638,0.673213,0.637702,0.582751,0.592065,0.646867,0.678843,0.602249,0.589375,0.631853,0.609062,0.630275,0.699867,0.647663,0.696162,0.560566,0.622953,0.583506,0.613399,0.520063,0.629660,0.589863,0.552349,0.675705,0.673966,0.650399,0.603722,0.588704,0.588652,0.588503,0.654307,0.573665,0.582883,0.668982,0.660367,0.563503,0.664200,0.530048,0.549712,0.670701,0.657233,0.644929,0.740054,0.642293,0.701850,0.582839,0.695718,0.657262,0.549637,0.620605,0.634976,0.654188,0.646659,0.614015,0.565288,0.689890,0.701227,0.581130,0.675178,0.653981,0.544777,0.716351,0.612658,0.700035,0.701999,0.646447,0.501247,0.624573,0.493456,0.545785,0.692802,0.592790,0.540117,0.557267,0.734104,0.657870,0.721372,0.643514,0.558597,0.641799,0.601993,0.428815,0.668492,0.697190,0.588420,0.632069,0.711010,0.592167,0.453685,0.580961,0.721106,0.642348,0.782744,0.498042,0.697903,0.567752,0.630066,0.669230,0.646480,0.673226,0.480861,0.611078,0.633653,0.672021,0.517660,0.644446,0.686078,0.710177,0.551632,0.575201,0.664153,0.524112,0.660121,#
2,0.740692,0.670088,1.000000,0.569352,0.440309,0.697851,0.541060,0.661944,0.597542,0.523034,0.649701,0.628196,0.519948,0.514057,0.660699,0.588048,0.669542,0.616573,0.635484,0.621938,0.532652,0.663043,0.636546,0.742990,0.571593,0.571070,0.731365,0.676217,0.680618,0.627541,0.690811,0.573013,0.594621,0.588739,0.621348,0.704492,0.671208,0.702544,0.748390,0.572091,0.639378,0.606577,0.685904,0.636614,0.530569,0.578184,0.774306,0.646187,0.646191,0.740964,0.522228,0.654731,0.701682,0.687935,0.753979,0.616176,0.622285,0.659278,0.614019,0.628834,0.686387,0.698805,0.705586,0.679207,0.673181,0.669418,0.685077,0.635446,0.676567,0.622694,0.681112,0.584302,0.771030,0.516255,0.728541,0.744765,0.666360,0.647609,0.578437,0.639358,0.707277,0.683318,0.685202,0.653012,0.698794,0.701886,0.689163,0.659971,0.608552,0.598321,0.622942,0.774341,0.618989,0.637960,0.692932,0.679658,0.631870,0.594488,0.758875,0.748664,0.624093,0.639433,0.602588,0.655608,0.532648,0.715006,0.617578,0.598747,0.684167,0.610135,0.686732,0.579347,0.726780,0.553273,0.563751,0.618007,0.589981,0.619629,0.676699,0.592522,0.587539,0.693335,0.524472,0.677207,0.685696,0.594219,0.694424,0.573624,0.587794,0.729667,0.708095,0.762735,0.747099,0.691448,0.608847,0.634486,0.587678,0.619202,0.641164,0.613129,0.668577,0.558781,0.485260,0.641473,0.582614,0.731896,0.634770,0.577067,0.622154,0.634785,0.718512,0.637700,0.626850,0.645851,0.657026,0.613411,0.618404,0.593796,0.542779,0.519280,0.527118,0.562958,0.609796,0.651116,0.573010,0.673497,0.782651,0.621233,0.506291,0.631814,0.676372,0.619421,0.590677,0.638645,0.682190,0.442520,0.448858,0.691510,0.609397,0.652510,0.585026,0.690407,0.545031,0.634697,0.598052,0.595685,0.632982,0.626757,0.685946,0.653893,0.680881,0.650697,0.783872,0.575693,0.631590,0.724997,0.566612,0.752445,0.532977,0.624612,#
3,0.614816,0.672863,0.569352,1.000000,0.526251,0.672509,0.535438,0.570242,0.650824,0.620825,0.569310,0.602616,0.626584,0.591005,0.621699,0.775568,0.679203,0.634892,0.710281,0.586141,0.586167,0.681659,0.620428,0.641532,0.748458,0.616607,0.641591,0.577313,0.546230,0.505183,0.648865,0.713126,0.632010,0.667242,0.588609,0.650158,0.588747,0.723303,0.458501,0.666448,0.652127,0.504967,0.657459,0.675769,0.557590,0.760601,0.718501,0.638433,0.727403,0.647488,0.613012,0.488931,0.621403,0.585420,0.570882,0.656601,0.523107,0.614496,0.729546,0.614016,0.588141,0.649323,0.586539,0.609441,0.693572,0.652607,0.587298,0.700238,0.625312,0.589487,0.645219,0.596016,0.630057,0.572974,0.588658,0.586133,0.565778,0.594073,0.593944,0.625842,0.725844,0.549931,0.629836,0.675146,0.649725,0.683221,0.682208,0.505174,0.573625,0.627996,0.500406,0.638911,0.684104,0.687156,0.604808,0.634923,0.610083,0.530811,0.618189,0.674201,0.556412,0.602668,0.550004,0.603906,0.532351,0.643072,0.515638,0.629378,0.535804,0.568600,0.645303,0.633776,0.583255,0.608535,0.638597,0.697260,0.521443,0.576551,0.609689,0.509001,0.515179,0.593735,0.588211,0.629812,0.603152,0.581930,0.715272,0.529282,0.610169,0.664625,0.549819,0.672138,0.533873,0.670942,0.689271,0.656709,0.757035,0.594690,0.575471,0.596237,0.553558,0.566338,0.596596,0.543727,0.571301,0.678456,0.562483,0.629277,0.651285,0.534216,0.612717,0.636591,0.498451,0.562056,0.622901,0.551548,0.646769,0.636697,0.538829,0.508970,0.576961,0.641781,0.610068,0.674188,0.559747,0.567631,0.600121,0.540957,0.561856,0.588267,0.612471,0.720844,0.610811,0.716875,0.593861,0.603398,0.566498,0.640382,0.715064,0.704208,0.490405,0.718295,0.524485,0.558955,0.556541,0.565450,0.605079,0.504903,0.732734,0.717449,0.544528,0.582718,0.590445,0.610233,0.605957,0.582027,0.559619,0.605274,0.519854,0.632709,#
4,0.474010,0.560206,0.440309,0.526251,1.000000,0.693626,0.598339,0.457638,0.367665,0.466488,0.514086,0.548942,0.380842,0.586032,0.504344,0.608245,0.581580,0.701524,0.529026,0.633168,0.518372,0.537962,0.466615,0.643882,0.601399,0.452791,0.563850,0.512884,0.353736,0.478698,0.717741,0.450244,0.632645,0.382667,0.515913,0.530320,0.522899,0.605310,0.426481,0.645076,0.546147,0.458878,0.504715,0.594456,0.496769,0.623571,0.610865,0.554203,0.654230,0.660678,0.531542,0.421906,0.621479,0.426690,0.602390,0.633838,0.497673,0.555954,0.626033,0.589095,0.417992,0.599433,0.523010,0.492915,0.601905,0.565130,0.610320,0.570346,0.568585,0.509799,0.638035,0.693137,0.527098,0.460001,0.471599,0.504262,0.516405,0.584771,0.592423,0.519999,0.531025,0.490278,0.623800,0.493358,0.597639,0.534704,0.524047,0.384493,0.589978,0.666320,0.432715,0.477060,0.416055,0.592269,0.394560,0.487105,0.528735,0.344934,0.437186,0.504218,0.626872,0.641466,0.556219,0.517380,0.592788,0.529640,0.524512,0.533912,0.518093,0.502045,0.474062,0.558680,0.588533,0.652519,0.490540,0.503850,0.509390,0.619219,0.508299,0.395319,0.484357,0.534689,0.629091,0.560882,0.491040,0.607224,0.514348,0.482133,0.620119,0.607549,0.673054,0.589144,0.479661,0.554005,0.635812,0.596950,0.552283,0.579136,0.501653,0.494774,0.475775,0.552937,0.571552,0.533890,0.477532,0.532577,0.578504,0.469029,0.515468,0.574891,0.611116,0.684179,0.459388,0.423163,0.628616,0.485710,0.612386,0.471553,0.580073,0.394184,0.395743,0.542144,0.614595,0.553626,0.565615,0.538151,0.508593,0.430702,0.516659,0.544796,0.491016,0.603247,0.547190,0.583995,0.653759,0.474606,0.479716,0.515384,0.584356,0.591791,0.562779,0.604144,0.612818,0.538055,0.580918,0.541758,0.488452,0.669394,0.504184,0.433094,0.504759,0.379572,0.501473,0.581524,0.549175,0.441034,0.522287,0.619342,0.510025,0.471904,#
5,0.747775,0.757208,0.697851,0.672509,0.693626,1.000000,0.630069,0.667673,0.676895,0.608395,0.582046,0.685232,0.562182,0.615489,0.637711,0.756395,0.636026,0.728000,0.701019,0.616867,0.612332,0.686824,0.668922,0.705128,0.641982,0.655314,0.758238,0.778663,0.546080,0.579261,0.764043,0.657321,0.699170,0.677459,0.645778,0.723553,0.658770,0.760210,0.636744,0.701881,0.722199,0.541828,0.644717,0.714943,0.666474,0.634929,0.750904,0.727841,0.736594,0.720942,0.680873,0.585714,0.727576,0.734633,0.715399,0.775387,0.621751,0.718995,0.801073,0.751193,0.603728,0.694502,0.640652,0.738286,0.628412,0.688241,0.677673,0.698834,0.697826,0.695963,0.745478,0.686039,0.770813,0.624396,0.648338,0.609198,0.706956,0.635187,0.639204,0.573837,0.734285,0.684838,0.706402,0.698793,0.693987,0.724443,0.656880,0.609402,0.653086,0.685808,0.659460,0.686163,0.606079,0.735559,0.557940,0.641760,0.688300,0.562559,0.729087,0.685999,0.737503,0.717085,0.753161,0.694246,0.666392,0.663371,0.602002,0.698626,0.622553,0.692926,0.662009,0.745582,0.688799,0.596395,0.559365,0.644154,0.688470,0.700317,0.613924,0.670159,0.530280,0.734154,0.700817,0.780712,0.615196,0.722283,0.728483,0.615771,0.676148,0.718177,0.753779,0.775776,0.723202,0.750278,0.657416,0.576796,0.701111,0.687100,0.659366,0.667622,0.601553,0.605040,0.669653,0.736687,0.799046,0.677159,0.641743,0.646509,0.701367,0.788566,0.771610,0.774828,0.601117,0.610893,0.609625,0.571627,0.660478,0.687240,0.726197,0.608304,0.579965,0.724237,0.695083,0.718438,0.642179,0.679766,0.654493,0.642635,0.569138,0.668323,0.791311,0.715761,0.673088,0.676837,0.669822,0.527674,0.557438,0.707226,0.739465,0.749251,0.686026,0.750403,0.559239,0.654037,0.701690,0.671791,0.635451,0.700018,0.740727,0.685513,0.639920,0.698476,0.727743,0.673710,0.631009,0.598529,0.607140,0.742650,0.649645,0.657112,#
6,0.604659,0.507891,0.541060,0.535438,0.598339,0.630069,1.000000,0.619824,0.613118,0.634200,0.593004,0.629574,0.532062,0.642950,0.543175,0.678086,0.708494,0.721924,0.617255,0.581847,0.680180,0.604759,0.565711,0.656285,0.712656,0.676323,0.682332,0.617891,0.479034,0.643921,0.710375,0.620307,0.748065,0.609639,0.582287,0.648942,0.677142,0.634623,0.583650,0.618095,0.737341,0.623332,0.650828,0.701858,0.640127,0.511023,0.700281,0.765150,0.724393,0.731092,0.659759,0.607143,0.666731,0.466510,0.701476,0.678199,0.639060,0.723312,0.744103,0.511568,0.690914,0.681817,0.674243,0.581985,0.693579,0.637979,0.726836,0.678081,0.727421,0.511409,0.684106,0.720813,0.653277,0.611789,0.549725,0.564677,0.630362,0.755605,0.670722,0.583221,0.714920,0.633144,0.585731,0.759466,0.648391,0.597449,0.631710,0.580183,0.669970,0.700668,0.609972,0.624940,0.493630,0.689402,0.570822,0.606778,0.647236,0.584796,0.613571,0.617016,0.690784,0.672899,0.638929,0.687685,0.679772,0.523897,0.696442,0.662648,0.663133,0.574207,0.523361,0.687683,0.637315,0.551419,0.462450,0.608847,0.524598,0.620672,0.502758,0.546134,0.514906,0.619077,0.633204,0.756295,0.655496,0.626224,0.593746,0.637304,0.549855,0.542953,0.729978,0.659728,0.494682,0.574694,0.671772,0.588008,0.654039,0.651523,0.695894,0.661338,0.600318,0.604620,0.578849,0.653733,0.557850,0.655198,0.734723,0.583797,0.588741,0.616443,0.614281,0.714355,0.459548,0.491567,0.560293,0.566565,0.671576,0.468638,0.540715,0.650914,0.609914,0.635158,0.581581,0.623715,0.695483,0.661988,0.665888,0.428301,0.531321,0.699169,0.655091,0.646537,0.533406,0.530560,0.635418,0.657127,0.508013,0.599910,0.709578,0.704564,0.589300,0.620993,0.632469,0.648981,0.583433,0.622741,0.637080,0.633878,0.659796,0.642354,0.634148,0.616971,0.604107,0.604030,0.698562,0.725655,0.697124,0.702412,0.577723,0.640187,#
7,0.708739,0.589231,0.661944,0.570242,0.457638,0.667673,0.619824,1.000000,0.713168,0.574132,0.620582,0.576386,0.577404,0.606704,0.591029,0.602639,0.557131,0.668264,0.594811,0.563151,0.608115,0.547842,0.728825,0.629959,0.594591,0.691369,0.662312,0.604603,0.521812,0.636416,0.606019,0.618512,0.585738,0.633400,0.625299,0.657415,0.614962,0.625781,0.562569,0.711458,0.644250,0.620255,0.650955,0.647391,0.550547,0.484788,0.671672,0.712470,0.713833,0.647269,0.694921,0.603153,0.739547,0.692331,0.663574,0.659966,0.672682,0.663323,0.671753,0.732392,0.542243,0.630169,0.672534,0.662872,0.675784,0.675263,0.759055,0.708286,0.736889,0.478444,0.714240,0.597473,0.683692,0.644954,0.628198,0.646828,0.670241,0.628512,0.562259,0.542080,0.722489,0.625593,0.689933,0.655183,0.664371,0.628995,0.723457,0.594673,0.578284,0.596147,0.634644,0.739522,0.517086,0.605646,0.602588,0.600457,0.654630,0.603848,0.660936,0.636124,0.600714,0.636027,0.629502,0.586996,0.588542,0.575181,0.559773,0.659321,0.605038,0.582066,0.722214,0.629487,0.668672,0.575105,0.496050,0.707958,0.535985,0.614518,0.523459,0.628666,0.584352,0.600051,0.574952,0.692117,0.742314,0.673019,0.600385,0.613234,0.453187,0.613083,0.631215,0.694227,0.670298,0.574737,0.689078,0.671993,0.630660,0.730551,0.599655,0.649624,0.549400,0.578731,0.639213,0.644025,0.662536,0.618702,0.641513,0.506935,0.660610,0.645530,0.613757,0.587190,0.653363,0.552946,0.533967,0.617732,0.647114,0.644555,0.684431,0.646514,0.598759,0.625089,0.674185,0.597761,0.604924,0.625482,0.707079,0.595552,0.576165,0.585016,0.752327,0.646838,0.553248,0.695963,0.601952,0.401298,0.529601,0.574274,0.687873,0.704139,0.532264,0.718672,0.581758,0.633403,0.584570,0.674978,0.635833,0.560134,0.683885,0.726847,0.695650,0.597390,0.644896,0.553284,0.681522,0.662331,0.559089,0.746336,0.672327,0.618203,#
8,0.645244,0.613100,0.597542,0.650824,0.367665,0.676895,0.613118,0.713168,1.000000,0.594411,0.547456,0.553398,0.635861,0.549783,0.569512,0.698017,0.605698,0.701728,0.580408,0.637911,0.607418,0.669956,0.649230,0.564435,0.689324,0.587497,0.606111,0.573163,0.558758,0.626461,0.598617,0.617358,0.600907,0.627805,0.575242,0.724402,0.594993,0.688041,0.582334,0.605774,0.570704,0.536365,0.735506,0.614788,0.608486,0.536750,0.662264,0.727358,0.671846,0.657763,0.617500,0.549795,0.576902,0.715541,0.633347,0.681006,0.638810,0.551520,0.693859,0.554357,0.619690,0.678896,0.661368,0.630295,0.669645,0.664018,0.661638,0.702013,0.699104,0.519291,0.672173,0.649640,0.711060,0.531116,0.647935,0.548318,0.629967,0.599081,0.509378,0.513442,0.729871,0.608538,0.649768,0.689934,0.625740,0.609577,0.615208,0.673416,0.588021,0.575543,0.610847,0.668089,0.526648,0.582263,0.622952,0.602163,0.664334,0.625724,0.731300,0.651212,0.659862,0.567115,0.618043,0.671442,0.491908,0.550971,0.570665,0.694031,0.530688,0.653827,0.584828,0.627894,0.703979,0.496854,0.509476,0.670487,0.499794,0.585066,0.629646,0.624900,0.517048,0.627231,0.492794,0.683871,0.603724,0.561513,0.562287,0.538903,0.570297,0.591817,0.531101,0.691606,0.568304,0.578065,0.623080,0.546328,0.600443,0.594644,0.580158,0.590394,0.640480,0.574300,0.642695,0.674243,0.626112,0.570771,0.590870,0.500645,0.702403,0.625711,0.578804,0.600947,0.565626,0.620523,0.468860,0.597816,0.641286,0.670495,0.694723,0.632837,0.559415,0.642832,0.690254,0.636854,0.598681,0.562346,0.581339,0.616565,0.526336,0.581549,0.697146,0.624907,0.527460,0.590310,0.601648,0.477791,0.477781,0.711295,0.594264,0.617758,0.452222,0.744569,0.585955,0.601883,0.540464,0.564536,0.702937,0.567662,0.640192,0.724231,0.678643,0.702656,0.652791,0.614816,0.633233,0.597073,0.596195,0.645939,0.585827,0.719920,#
9,0.654497,0.574840,0.523034,0.620825,0.466488,0.608395,0.634200,0.574132,0.594411,1.000000,0.576236,0.541686,0.634781,0.659980,0.688192,0.644121,0.653910,0.675815,0.582848,0.513776,0.669839,0.566190,0.611194,0.652830,0.619279,0.564231,0.589800,0.741641,0.475711,0.715548,0.592072,0.577255,0.644411,0.609940,0.625222,0.642551,0.595678,0.624459,0.572487,0.670546,0.657592,0.633326,0.602959,0.651608,0.666926,0.610129,0.601929,0.721918,0.673609,0.636027,0.610528,0.482070,0.573609,0.556473,0.664893,0.616613,0.634289,0.765096,0.619171,0.571597,0.588229,0.637141,0.647046,0.592846,0.581703,0.684852,0.651401,0.686959,0.743137,0.470278,0.584182,0.626399,0.630178,0.572605,0.609859,0.598284,0.647692,0.723602,0.580083,0.664651,0.694997,0.692641,0.621530,0.788547,0.602859,0.614975,0.636534,0.656470,0.637648,0.617909,0.537756,0.589545,0.625536,0.608203,0.640379,0.635090,0.586289,0.545855,0.587200,0.671607,0.746301,0.672549,0.645623,0.705777,0.637180,0.534900,0.579661,0.726104,0.631086,0.671831,0.658055,0.634608,0.602868,0.615003,0.573111,0.687564,0.345442,0.613972,0.493958,0.642279,0.473916,0.694187,0.634186,0.668093,0.607662,0.649263,0.653648,0.551863,0.598181,0.545308,0.563867,0.677096,0.555343,0.568952,0.641515,0.500367,0.650234,0.682420,0.624595,0.591607,0.618467,0.601826,0.655589,0.667032,0.607702,0.712749,0.625764,0.598701,0.655565,0.577766,0.636828,0.665852,0.541665,0.657181,0.579576,0.550696,0.549039,0.631893,0.568590,0.607671,0.658084,0.733873,0.610413,0.633722,0.669052,0.683336,0.543274,0.573547,0.562951,0.607889,0.708592,0.559934,0.653760,0.520743,0.616399,0.680301,0.564278,0.676882,0.602536,0.706208,0.687346,0.608763,0.654018,0.584677,0.576070,0.584018,0.596943,0.627802,0.676147,0.562900,0.704438,0.646234,0.590126,0.590774,0.630640,0.587707,0.717694,0.634856,0.598360,0.640580,#
10,0.606698,0.606547,0.649701,0.569310,0.514086,0.582046,0.593004,0.620582,0.547456,0.576236,1.000000,0.565889,0.578114,0.597008,0.539764,0.613337,0.637598,0.608818,0.716096,0.604481,0.606856,0.607270,0.668472,0.707562,0.560244,0.571058,0.668882,0.675647,0.605351,0.671378,0.611883,0.581878,0.677368,0.673253,0.643118,0.712996,0.634219,0.622481,0.668512,0.687578,0.617788,0.557965,0.708028,0.596494,0.566080,0.625819,0.738949,0.678014,0.649456,0.734015,0.648614,0.644209,0.617732,0.496482,0.705314,0.663020,0.648332,0.694330,0.605961,0.654125,0.679648,0.634349,0.736908,0.597954,0.671174,0.542387,0.691903,0.625915,0.739433,0.573588,0.755569,0.655319,0.749876,0.381908,0.653881,0.724656,0.650324,0.723585,0.626804,0.558873,0.734285,0.634211,0.611300,0.639407,0.643362,0.601786,0.687811,0.528598,0.639906,0.729055,0.501389,0.645049,0.704726,0.548277,0.549498,0.635696,0.608703,0.698573,0.617654,0.690090,0.594501,0.580769,0.602079,0.686985,0.694459,0.665503,0.596279,0.587429,0.569958,0.601070,0.679457,0.578347,0.734112,0.642252,0.512502,0.666223,0.492096,0.634010,0.594997,0.587856,0.573829,0.628600,0.489292,0.688556,0.612145,0.547434,0.651020,0.577634,0.691339,0.674247,0.646970,0.649091,0.577630,0.644108,0.656542,0.744346,0.590444,0.609862,0.685842,0.747602,0.676377,0.653627,0.510910,0.653665,0.543566,0.646798,0.681938,0.600480,0.649662,0.626866,0.558614,0.644806,0.563600,0.497804,0.684803,0.538620,0.655545,0.703507,0.526256,0.516299,0.650776,0.583933,0.600411,0.686133,0.667025,0.510945,0.636388,0.477354,0.585908,0.702569,0.651916,0.712624,0.510422,0.568302,0.668850,0.573031,0.487995,0.647976,0.587419,0.668067,0.509826,0.666563,0.640419,0.607391,0.550544,0.655296,0.576753,0.617745,0.566175,0.686074,0.653676,0.562482,0.645919,0.688401,0.640844,0.675173,0.650215,0.667091,0.569738,0.712311,#
11,0.737189,0.613116,0.628196,0.602616,0.548942,0.685232,0.629574,0.576386,0.553398,0.541686,0.565889,1.000000,0.631469,0.637489,0.659684,0.680910,0.655095,0.706840,0.744827,0.588982,0.575163,0.645985,0.688759,0.737712,0.636955,0.537225,0.701159,0.549562,0.603255,0.535098,0.605508,0.598529,0.737234,0.624137,0.626906,0.703143,0.675790,0.707034,0.605989,0.615439,0.675195,0.558773,0.653783,0.650521,0.610754,0.515053,0.751576,0.739010,0.620376,0.743211,0.639013,0.513461,0.670949,0.566569,0.658417,0.725106,0.577313,0.686326,0.680561,0.633411,0.609199,0.566338,0.695926,0.599775,0.632315,0.671439,0.651358,0.702333,0.686907,0.618715,0.762951,0.618889,0.714058,0.628722,0.710154,0.627093,0.815670,0.668017,0.584401,0.559817,0.671144,0.620670,0.731763,0.692354,0.740532,0.661264,0.589950,0.608155,0.520173,0.615587,0.681111,0.622174,0.550477,0.629651,0.546928,0.620614,0.625118,0.582570,0.700911,0.679129,0.639667,0.709249,0.729181,0.648546,0.690274,0.564387,0.609606,0.694581,0.668784,0.655750,0.729298,0.730996,0.681984,0.588422,0.468989,0.683973,0.601093,0.522547,0.630147,0.647357,0.495139,0.645006,0.624816,0.725170,0.726811,0.672052,0.741012,0.644583,0.635395,0.662159,0.718176,0.604993,0.647305,0.664199,0.690408,0.562673,0.656413,0.644245,0.704288,0.566541,0.579471,0.551434,0.560735,0.735223,0.612415,0.639670,0.682717,0.633916,0.661645,0.677394,0.639508,0.610946,0.538723,0.658519,0.623605,0.582438,0.714781,0.583596,0.589193,0.573178,0.691402,0.718684,0.705317,0.667845,0.726380,0.604639,0.741754,0.545124,0.575382,0.772625,0.670747,0.627664,0.698918,0.700171,0.689086,0.566223,0.639258,0.635055,0.658765,0.691902,0.587535,0.719762,0.676842,0.510436,0.653373,0.525543,0.617108,0.645832,0.586023,0.644136,0.655269,0.704255,0.614961,0.595390,0.569761,0.638073,0.649265,0.644254,0.593162,0.629148,#
12,0.582195,0.503980,0.519948,0.626584,0.380842,0.562182,0.532062,0.577404,0.635861,0.634781,0.578114,0.631469,1.000000,0.623541,0.647516,0.633901,0.533807,0.688071,0.662253,0.546924,0.608356,0.497717,0.655621,0.691752,0.656845,0.637159,0.596119,0.651017,0.494954,0.543847,0.545487,0.571157,0.590110,0.696386,0.618110,0.692144,0.618462,0.699738,0.617153,0.575191,0.540668,0.491799,0.628989,0.592250,0.664000,0.609632,0.702871,0.585233,0.631731,0.659107,0.725054,0.430329,0.531661,0.600429,0.704648,0.657001,0.591854,0.605881,0.562501,0.560362,0.584471,0.665634,0.703503,0.585122,0.695214,0.684594,0.597222,0.587399,0.748696,0.578667,0.654859,0.580689,0.609858,0.552836,0.659218,0.550905,0.664348,0.655373,0.620416,0.659026,0.671010,0.563061,0.633921,0.701012,0.587271,0.643366,0.539988,0.614488,0.531518,0.509418,0.633703,0.632101,0.653961,0.519372,0.552076,0.682228,0.683826,0.535100,0.608989,0.625823,0.507096,0.641700,0.605691,0.683908,0.477158,0.559388,0.467624,0.548619,0.633460,0.645084,0.626349,0.666834,0.639693,0.466579,0.643955,0.680690,0.387861,0.474990,0.614330,0.720995,0.460221,0.609413,0.508389,0.661926,0.616465,0.632471,0.720166,0.523069,0.585929,0.574679,0.528795,0.535160,0.520873,0.599809,0.561940,0.583003,0.556700,0.587919,0.557487,0.601299,0.659165,0.530193,0.529834,0.704619,0.481790,0.604399,0.596574,0.501869,0.677115,0.670015,0.617958,0.524314,0.574123,0.536235,0.513142,0.664063,0.672309,0.723049,0.651155,0.592075,0.563700,0.658744,0.627291,0.631032,0.685546,0.435513,0.539030,0.675336,0.442204,0.632520,0.627558,0.619444,0.604142,0.597205,0.546013,0.471776,0.685072,0.649836,0.586012,0.620105,0.526334,0.685666,0.613288,0.474105,0.494786,0.488723,0.501742,0.604286,0.658455,0.619737,0.575626,0.603821,0.563661,0.556619,0.532354,0.667972,0.615885,0.646802,0.639704,0.538049,#
13,0.614965,0.566804,0.514057,0.591005,0.586032,0.615489,0.642950,0.606704,0.549783,0.659980,0.597008,0.637489,0.623541,1.000000,0.614643,0.565265,0.486667,0.717422,0.634335,0.611798,0.598187,0.541071,0.645580,0.613855,0.647323,0.501557,0.555519,0.648216,0.528971,0.692379,0.538200,0.537342,0.649502,0.659185,0.423197,0.604239,0.611516,0.679426,0.578087,0.664211,0.795513,0.566128,0.633553,0.646177,0.654913,0.649429,0.709230,0.639536,0.666994,0.649483,0.663472,0.625497,0.598634,0.533126,0.649560,0.728401,0.669057,0.725911,0.738652,0.673714,0.629010,0.643303,0.654406,0.656774,0.697928,0.750571,0.639268,0.698837,0.717079,0.535343,0.640986,0.638472,0.667833,0.631594,0.581727,0.588131,0.669022,0.709066,0.682010,0.617663,0.670308,0.634971,0.637812,0.759488,0.599540,0.693480,0.627685,0.522928,0.669672,0.625428,0.500256,0.714845,0.537822,0.601736,0.608073,0.613164,0.593990,0.553579,0.585869,0.652840,0.650314,0.680863,0.695685,0.674668,0.658729,0.629611,0.575909,0.671760,0.639969,0.594911,0.608492,0.682602,0.686955,0.589244,0.602165,0.714363,0.447328,0.631557,0.661614,0.642229,0.625517,0.657923,0.611154,0.627447,0.603406,0.662411,0.723135,0.582859,0.580762,0.618954,0.656928,0.609226,0.554613,0.668719,0.644552,0.559398,0.652934,0.711705,0.718804,0.561658,0.647853,0.717463,0.632804,0.697216,0.568422,0.622897,0.689541,0.511593,0.700721,0.646974,0.672273,0.664331,0.550402,0.561166,0.536346,0.526878,0.723856,0.661770,0.682706,0.562865,0.625872,0.733569,0.573865,0.713674,0.704205,0.582838,0.602278,0.575890,0.637302,0.689770,0.679727,0.715587,0.721970,0.596480,0.736391,0.604518,0.621902,0.657895,0.700450,0.664151,0.581247,0.665994,0.716224,0.545106,0.688670,0.654521,0.581710,0.685070,0.592021,0.647216,0.584397,0.580043,0.620194,0.679257,0.659181,0.578653,0.666113,0.671545,0.604901,0.546919,#
14,0.655105,0.689996,0.660699,0.621699,0.504344,0.637711,0.543175,0.591029,0.569512,0.688192,0.539764,0.659684,0.647516,0.614643,1.000000,0.624619,0.594929,0.589418,0.558171,0.574983,0.555701,0.617933,0.660641,0.741981,0.624997,0.455817,0.623417,0.612253,0.453514,0.576119,0.676732,0.538574,0.629549,0.652328,0.675903,0.639903,0.530162,0.683360,0.647474,0.558872,0.639095,0.532442,0.641333,0.674828,0.565551,0.570345,0.717009,0.599817,0.604468,0.634508,0.584032,0.549953,0.609060,0.689066,0.662875,0.638054,0.558823,0.629396,0.662305,0.555958,0.595815,0.711625,0.606042,0.535673,0.631075,0.583013,0.660773,0.679701,0.701364,0.588775,0.567885,0.556722,0.666513,0.607552,0.674755,0.601497,0.576949,0.704480,0.613275,0.506253,0.664019,0.600877,0.628042,0.666052,0.652271,0.687245,0.563380,0.572601,0.601844,0.463698,0.542127,0.625168,0.586512,0.659233,0.747415,0.568149,0.659661,0.556905,0.604682,0.631452,0.650866,0.693159,0.667425,0.579830,0.609733,0.638398,0.522490,0.584232,0.711008,0.580908,0.690099,0.667379,0.665708,0.579498,0.456297,0.608551,0.410020,0.476002,0.568668,0.614123,0.534739,0.687763,0.532441,0.597027,0.682297,0.574489,0.690378,0.625904,0.524937,0.579785,0.586205,0.644663,0.514795,0.520570,0.606689,0.548539,0.648790,0.587776,0.591272,0.591138,0.666853,0.641574,0.513155,0.674936,0.515198,0.707651,0.708418,0.526104,0.661026,0.529355,0.672411,0.606359,0.494723,0.590171,0.598621,0.559282,0.558533,0.587360,0.533474,0.609857,0.652966,0.621405,0.598915,0.554917,0.565566,0.548738,0.550108,0.564654,0.438504,0.700987,0.623468,0.581124,0.586914,0.644115,0.688702,0.512820,0.652316,0.706319,0.572170,0.646839,0.497535,0.714987,0.621161,0.629296,0.662101,0.577726,0.642027,0.541542,0.677791,0.578984,0.605812,0.523274,0.620559,0.587558,0.553065,0.628379,0.608943,0.624250,0.511303,0.492160,#
15,0.681108,0.640952,0.588048,0.775568,0.608245,0.756395,0.678086,0.602639,0.698017,0.644121,0.613337,0.680910,0.633901,0.565265,0.624619,1.000000,0.678989,0.705022,0.696667,0.652045,0.606907,0.686250,0.639890,0.682228,0.707673,0.612591,0.635946,0.591034,0.498724,0.565230,0.766010,0.652516,0.703481,0.757238,0.593268,0.782822,0.681086,0.708662,0.638741,0.607454,0.608316,0.488026,0.657205,0.637743,0.693809,0.602652,0.725113,0.729927,0.770481,0.718335,0.694312,0.571297,0.636929,0.593002,0.664950,0.677174,0.629136,0.701642,0.708392,0.571493,0.637205,0.666966,0.655739,0.702640,0.662509,0.673718,0.615116,0.713066,0.698099,0.567493,0.721476,0.709442,0.681294,0.544766,0.654454,0.541214,0.653625,0.645533,0.681026,0.578636,0.673242,0.640412,0.700447,0.682965,0.684973,0.706556,0.615155,0.548595,0.592215,0.608162,0.538612,0.611388,0.591285,0.677191,0.552869,0.572076,0.621517,0.629028,0.637067,0.685766,0.684470,0.645850,0.687901,0.698848,0.674351,0.584622,0.568731,0.721990,0.595478,0.679504,0.595579,0.593474,0.678627,0.577533,0.567192,0.609371,0.551374,0.595992,0.644009,0.630290,0.467372,0.657514,0.637134,0.730936,0.722465,0.696930,0.691728,0.603791,0.736237,0.640609,0.691728,0.660090,0.533907,0.616023,0.673426,0.631572,0.699886,0.689712,0.615664,0.633913,0.626641,0.609557,0.581524,0.697104,0.634114,0.726603,0.629134,0.589014,0.651577,0.709268,0.690198,0.673716,0.598985,0.637329,0.663645,0.566882,0.733050,0.598314,0.695521,0.577741,0.582743,0.743358,0.698501,0.701573,0.699513,0.618254,0.594383,0.551450,0.628829,0.641827,0.692440,0.684131,0.618434,0.693598,0.651507,0.666851,0.580528,0.638771,0.700988,0.679420,0.574730,0.700371,0.553599,0.735630,0.603057,0.493806,0.570687,0.596248,0.682960,0.711220,0.582532,0.652799,0.668810,0.661470,0.661654,0.626507,0.665042,0.659984,0.628480,0.748823,#
16,0.681749,0.581842,0.669542,0.679203,0.581580,0.636026,0.708494,0.557131,0.605698,0.653910,0.637598,0.655095,0.533807,0.486667,0.594929,0.678989,1.000000,0.679138,0.699962,0.578264,0.730131,0.667340,0.550408,0.732565,0.622094,0.623119,0.664456,0.502729,0.502639,0.527927,0.749742,0.650464,0.687703,0.535337,0.671509,0.687412,0.668892,0.698816,0.588967,0.664547,0.585645,0.594680,0.629189,0.677585,0.568099,0.638849,0.671158,0.701965,0.668591,0.732431,0.594422,0.560800,0.692684,0.609264,0.685674,0.699782,0.492359,0.648425,0.647397,0.543835,0.701704,0.690469,0.666082,0.574574,0.644651,0.571976,0.721350,0.708968,0.723025,0.645193,0.696152,0.688578,0.681591,0.534205,0.663768,0.591180,0.641215,0.664334,0.578150,0.670788,0.753821,0.639251,0.621322,0.704705,0.708291,0.642581,0.665272,0.575363,0.621879,0.680444,0.533176,0.653728,0.653867,0.656580,0.639071,0.722021,0.636306,0.477616,0.715826,0.629133,0.673163,0.633284,0.611327,0.661815,0.595609,0.677453,0.710194,0.645351,0.725750,0.621805,0.675102,0.633922,0.617987,0.689369,0.592300,0.687632,0.597203,0.624690,0.530333,0.463429,0.468216,0.633858,0.528368,0.691024,0.669931,0.622766,0.636962,0.498865,0.623770,0.619004,0.714357,0.607876,0.650479,0.612518,0.753857,0.740708,0.628024,0.599627,0.633364,0.669650,0.633941,0.621007,0.655736,0.636581,0.535328,0.619693,0.633110,0.669927,0.570241,0.596039,0.623231,0.696021,0.455858,0.634981,0.732757,0.571180,0.572944,0.610526,0.564880,0.548342,0.577950,0.595432,0.681347,0.615379,0.675448,0.665739,0.661080,0.532337,0.591080,0.682669,0.606661,0.605178,0.617145,0.640830,0.639034,0.621511,0.468285,0.696153,0.620193,0.687772,0.576909,0.647375,0.626803,0.588008,0.566515,0.596715,0.686115,0.628890,0.681290,0.636009,0.714445,0.575805,0.715429,0.606374,0.613967,0.722173,0.668015,0.729157,0.596237,0.704481,#
17,0.715596,0.621298,0.616573,0.634892,0.701524,0.728000,0.721924,0.668264,0.701728,0.675815,0.608818,0.706840,0.688071,0.717422,0.589418,0.705022,0.679138,1.000000,0.626361,0.713760,0.698126,0.627034,0.704597,0.777535,0.781069,0.616713,0.716582,0.654161,0.528482,0.694892,0.769015,0.706778,0.674039,0.586128,0.607188,0.725930,0.680589,0.784251,0.640597,0.770493,0.660474,0.641760,0.663989,0.722316,0.683772,0.635582,0.769673,0.819954,0.750854,0.769306,0.726255,0.533421,0.677275,0.634442,0.703989,0.754734,0.647832,0.707824,0.731217,0.666260,0.623516,0.722765,0.729990,0.672766,0.712067,0.803993,0.808426,0.743526,0.753596,0.638116,0.765496,0.710544,0.714585,0.619321,0.663362,0.636106,0.763248,0.773358,0.666423,0.757579,0.742084,0.696878,0.772303,0.786745,0.687606,0.687292,0.722913,0.730379,0.636364,0.751115,0.640909,0.663838,0.618122,0.663319,0.619983,0.734128,0.746878,0.518187,0.672854,0.762623,0.762176,0.760196,0.723670,0.758671,0.599829,0.591604,0.659762,0.743283,0.614693,0.737920,0.646263,0.680387,0.751606,0.662791,0.668487,0.721688,0.568879,0.668544,0.647103,0.661920,0.607190,0.689622,0.691558,0.779123,0.670822,0.712257,0.705117,0.656298,0.665191,0.671734,0.722258,0.756518,0.654961,0.674224,0.722590,0.632302,0.726709,0.678023,0.704800,0.692471,0.731381,0.637110,0.743965,0.723858,0.685889,0.680834,0.707274,0.585999,0.733694,0.702919,0.722906,0.760962,0.644620,0.608501,0.658254,0.713249,0.790186,0.670586,0.743171,0.610041,0.672407,0.722588,0.693212,0.640624,0.781879,0.682948,0.591148,0.591168,0.608458,0.731165,0.700683,0.731104,0.695140,0.671389,0.792347,0.535703,0.602464,0.748546,0.691869,0.707657,0.720878,0.726346,0.706539,0.665723,0.654681,0.602169,0.717316,0.790055,0.675641,0.701535,0.695867,0.729426,0.725433,0.702327,0.694301,0.701318,0.745833,0.750806,0.714337,0.637245,#
18,0.703219,0.657549,0.635484,0.710281,0.529026,0.701019,0.617255,0.594811,0.580408,0.582848,0.716096,0.744827,0.662253,0.634335,0.558171,0.696667,0.699962,0.626361,1.000000,0.593549,0.659190,0.728088,0.651277,0.677773,0.621365,0.653725,0.766224,0.612904,0.542773,0.633880,0.658882,0.665069,0.718236,0.722207,0.691639,0.785712,0.681703,0.687311,0.667050,0.682636,0.708432,0.609494,0.693398,0.610221,0.685446,0.671728,0.743913,0.704755,0.728565,0.678699,0.639573,0.510634,0.694582,0.546853,0.731569,0.727749,0.643497,0.685014,0.669590,0.722304,0.711214,0.641812,0.675521,0.680448,0.681196,0.651214,0.630283,0.734742,0.764465,0.704258,0.754375,0.690743,0.704913,0.505788,0.709248,0.601529,0.723097,0.629327,0.655879,0.612931,0.726522,0.609422,0.622375,0.741870,0.771023,0.695024,0.686498,0.592243,0.723233,0.670795,0.622257,0.644706,0.725687,0.686111,0.584472,0.660019,0.614521,0.649089,0.745736,0.687877,0.636157,0.606076,0.664114,0.722861,0.630048,0.649038,0.623367,0.664002,0.662880,0.695110,0.744144,0.672598,0.746956,0.618158,0.564123,0.708005,0.646633,0.670001,0.681606,0.661915,0.540243,0.699378,0.580425,0.746234,0.643825,0.650382,0.779452,0.548922,0.722870,0.657744,0.733129,0.675491,0.694172,0.662308,0.687094,0.606848,0.717177,0.641992,0.703611,0.712987,0.654611,0.658799,0.609279,0.777661,0.596332,0.625667,0.619218,0.594875,0.721957,0.639849,0.642869,0.661970,0.592937,0.544164,0.680368,0.682256,0.655967,0.735046,0.621951,0.572399,0.697540,0.734906,0.752749,0.717445,0.692292,0.642545,0.780795,0.591864,0.523847,0.718215,0.657707,0.696311,0.660604,0.680892,0.617170,0.631204,0.608485,0.687519,0.767439,0.730744,0.596491,0.712537,0.680934,0.542646,0.648613,0.686782,0.607811,0.670231,0.656217,0.738135,0.623632,0.675192,0.654196,0.714618,0.674528,0.663235,0.644172,0.742538,0.630517,0.679992,#
19,0.597512,0.641974,0.621938,0.586141,0.633168,0.616867,0.581847,0.563151,0.637911,0.513776,0.604481,0.588982,0.546924,0.611798,0.574983,0.652045,0.578264,0.713760,0.593549,1.000000,0.594150,0.562703,0.590920,0.642264,0.617449,0.519493,0.600348,0.550373,0.506554,0.603104,0.713507,0.712306,0.639554,0.565576,0.508262,0.747470,0.510794,0.671639,0.607453,0.610770,0.626772,0.552536,0.667834,0.657493,0.583644,0.603975,0.782929,0.676136,0.624222,0.599764,0.526236,0.541664,0.613127,0.531415,0.662133,0.582578,0.639960,0.651636,0.601019,0.500616,0.614716,0.580526,0.715441,0.608321,0.625822,0.688573,0.639917,0.568026,0.708417,0.595788,0.604717,0.642693,0.651694,0.487234,0.619360,0.502506,0.542311,0.583540,0.528618,0.517659,0.691118,0.561843,0.683345,0.556037,0.612971,0.536171,0.606616,0.596335,0.665811,0.557135,0.576518,0.623542,0.518163,0.672192,0.541833,0.556467,0.616638,0.554107,0.577743,0.667714,0.595945,0.602214,0.578879,0.628361,0.610880,0.484631,0.572871,0.576172,0.568725,0.570682,0.614375,0.553707,0.672705,0.613706,0.587148,0.629465,0.531218,0.584327,0.587340,0.522009,0.603314,0.632532,0.431967,0.783954,0.645333,0.618570,0.613230,0.525412,0.718947,0.739283,0.634325,0.693390,0.601953,0.644038,0.636986,0.629333,0.567466,0.578947,0.592744,0.596381,0.625750,0.594114,0.623453,0.655635,0.478241,0.598174,0.510741,0.503208,0.651655,0.554605,0.569277,0.626706,0.563931,0.557899,0.638688,0.507096,0.675909,0.623639,0.583605,0.547417,0.479446,0.647390,0.601586,0.605448,0.587726,0.550381,0.557944,0.623491,0.544478,0.610149,0.585971,0.641836,0.592508,0.578384,0.667776,0.407709,0.595099,0.670674,0.613292,0.559313,0.458248,0.630032,0.665838,0.645565,0.533511,0.533729,0.529948,0.672004,0.606541,0.654675,0.619208,0.538007,0.622486,0.637583,0.683452,0.600048,0.574042,0.597158,0.547287,0.604799,#
20,0.715478,0.663956,0.532652,0.586167,0.518372,0.612332,0.680180,0.608115,0.607418,0.669839,0.606856,0.575163,0.608356,0.598187,0.555701,0.606907,0.730131,0.698126,0.659190,0.594150,1.000000,0.627217,0.570422,0.697713,0.622344,0.630674,0.647390,0.671987,0.478242,0.627831,0.655785,0.631735,0.591891,0.669686,0.619741,0.622372,0.653794,0.669479,0.650981,0.697957,0.622290,0.658584,0.630540,0.788255,0.653462,0.585223,0.668501,0.762688,0.653338,0.659037,0.645012,0.616591,0.617031,0.595373,0.615113,0.675169,0.574858,0.649714,0.638957,0.575511,0.697879,0.680565,0.730264,0.592533,0.679046,0.681262,0.710568,0.649948,0.721399,0.507925,0.602294,0.717537,0.616337,0.566685,0.604408,0.494724,0.573496,0.698151,0.663498,0.683743,0.687680,0.700764,0.600779,0.740672,0.602685,0.642881,0.677669,0.596260,0.668420,0.706723,0.623654,0.642110,0.568278,0.678957,0.615399,0.640329,0.553599,0.408869,0.630280,0.677742,0.662908,0.718531,0.611319,0.745202,0.651528,0.536622,0.662868,0.714339,0.674016,0.684053,0.669161,0.677829,0.626786,0.528748,0.643382,0.653268,0.555675,0.650361,0.524667,0.536689,0.590335,0.665823,0.542053,0.728284,0.633975,0.641878,0.558107,0.504574,0.554483,0.575434,0.619019,0.581070,0.665075,0.699050,0.672114,0.560846,0.516446,0.725132,0.643589,0.693405,0.612084,0.503865,0.658986,0.730365,0.605657,0.589901,0.672730,0.632553,0.644467,0.687607,0.671293,0.639152,0.600061,0.538800,0.651628,0.616532,0.595422,0.706642,0.600432,0.600114,0.596271,0.656184,0.601314,0.659334,0.725234,0.534630,0.584633,0.545489,0.512057,0.686440,0.609351,0.600751,0.671639,0.656726,0.612592,0.502751,0.581797,0.729113,0.634452,0.760588,0.519124,0.652011,0.618157,0.579392,0.539701,0.639139,0.602761,0.673981,0.632629,0.614142,0.608351,0.540403,0.662363,0.666941,0.695521,0.655828,0.696394,0.742039,0.657013,0.706069,#
21,0.613659,0.766937,0.663043,0.681659,0.537962,0.686824,0.604759,0.547842,0.669956,0.566190,0.607270,0.645985,0.497717,0.541071,0.617933,0.686250,0.667340,0.627034,0.728088,0.562703,0.627217,1.000000,0.674381,0.721594,0.619171,0.485629,0.755290,0.616775,0.549218,0.600517,0.673928,0.568591,0.632875,0.692265,0.638307,0.763182,0.580962,0.628951,0.618540,0.619528,0.572057,0.647267,0.657596,0.659320,0.710066,0.625655,0.667274,0.718691,0.657031,0.682093,0.563166,0.592609,0.672671,0.603516,0.679348,0.680953,0.628808,0.620273,0.766094,0.572271,0.592582,0.739643,0.594410,0.561654,0.687316,0.591942,0.627430,0.656080,0.737454,0.702215,0.662912,0.696565,0.712613,0.595615,0.708344,0.610498,0.663757,0.662364,0.642280,0.564683,0.650130,0.643575,0.706815,0.704569,0.755355,0.645533,0.596518,0.639347,0.748588,0.697932,0.510585,0.557635,0.642503,0.608942,0.615832,0.675034,0.625150,0.606310,0.670561,0.698407,0.693844,0.671899,0.525567,0.705739,0.531462,0.690979,0.606425,0.683743,0.577344,0.679672,0.693762,0.634752,0.721599,0.654069,0.470379,0.544633,0.576261,0.768295,0.598636,0.634906,0.536775,0.554566,0.586794,0.652787,0.630395,0.543141,0.678480,0.622905,0.604712,0.688168,0.665792,0.705189,0.540300,0.644136,0.740085,0.566366,0.653019,0.593622,0.635570,0.635667,0.690735,0.640317,0.604785,0.645185,0.539942,0.636440,0.686295,0.532165,0.656004,0.608486,0.671193,0.710288,0.636135,0.594990,0.588464,0.603763,0.653261,0.664242,0.558665,0.553403,0.631087,0.701771,0.732431,0.726641,0.743501,0.591920,0.690163,0.581201,0.466266,0.630524,0.660555,0.649904,0.685684,0.688117,0.537186,0.588575,0.509041,0.677921,0.677201,0.720047,0.560170,0.700026,0.578882,0.702397,0.608479,0.615319,0.709256,0.554789,0.630968,0.635964,0.622602,0.548281,0.656656,0.689172,0.694346,0.662099,0.637267,0.694725,0.482828,0.733255,#
