0,1.000000,0.001091,0.057875,0.043627,0.111931,-0.009682,-0.015993,-0.040103,0.029788,0.003350,0.048195,-0.051486,-0.018988,-0.092958,0.271636,0.380520,0.383254,0.245225,0.212131,0.183497,-0.169225,-0.117739,0.211496,0.420384,-0.079469,-0.007205,0.191742,-0.097451,-0.151240,0.032694,-0.021922,0.311804,-0.043523,-0.030393,0.279863,0.066989,0.022343,-0.099736,0.032223,0.055603,-0.058457,0.008589,0.426436,-0.029283,-0.073635,-0.026519,-0.183534,0.227747,0.039606,0.221814,-0.035227,0.169363,0.029766,0.181896,0.311069,-0.131866,0.066609,0.074697,0.011257,0.111905,0.101126,0.238363,0.132067,0.199020,-0.043341,-0.011467,0.099320,0.170070,0.009395,0.167865,-0.196130,-0.125711,0.159257,0.221251,0.021370,-0.284456,0.212693,0.206392,0.084382,0.030786,-0.073655,-0.130096,-0.010731,0.123834,0.230440,0.133917,0.240723,0.068511,0.123796,0.175304,-0.009953,-0.061509,0.217597,-0.121713,-0.076745,0.239857,0.109126,-0.120093,0.106422,0.186125,0.215107,0.039653,-0.037893,0.250171,0.025001,0.095802,0.228077,0.154238,0.232292,0.013391,0.032018,0.023577,-0.004130,0.110099,0.118016,0.121380,0.013007,-0.174889,-0.094357,0.038976,0.092275,-0.123771,0.195710,0.000763,0.323812,0.174520,0.042221,-0.094445,-0.107440,0.135878,0.005013,-0.194359,-0.147536,-0.167147,0.083785,0.122490,0.052724,-0.031976,-0.353627,0.072661,0.264293,0.091721,-0.142164,0.134979,-0.042038,-0.235647,0.056924,-0.094495,0.035861,-0.077172,-0.337366,0.104049,0.050192,-0.121783,0.047947,0.166086,0.346137,0.197928,0.092816,0.049070,0.273749,0.140670,0.154921,-0.133474,-0.171808,0.290914,0.031061,0.154443,0.246956,0.139734,-0.239746,0.009450,0.189344,-0.030088,-0.158240,0.165530,0.355534,-0.067090,0.073529,-0.043607,0.050344,0.175141,0.082734,0.025558,-0.045657,0.031972,-0.083646,0.298159,0.160917,-0.142984,0.034265,0.262093,-0.020877,0.027701,0.223101,0.250013,-0.015407,-0.050376,0.011479,0.043307,#
1,0.001091,1.000000,0.035523,-0.124566,-0.063935,0.081189,0.098823,0.100228,0.184624,0.150560,0.246832,0.197778,0.056742,-0.353580,-0.173235,0.028769,-0.101820,0.081736,-0.068647,0.106327,-0.321962,-0.005020,0.037787,-0.139702,0.025083,-0.019833,-0.260426,0.125952,-0.202785,-0.097878,0.173614,-0.105898,-0.121116,0.105370,-0.001196,-0.004213,0.007072,-0.149690,0.063088,0.150111,0.135498,-0.014696,0.174675,-0.029664,-0.138299,-0.044850,0.196628,-0.073165,0.248088,0.058406,0.068863,0.067062,0.032891,-0.051018,0.056668,0.051456,-0.095142,-0.202736,-0.087191,0.134535,-0.031500,-0.074417,0.082293,0.003249,0.001962,0.323571,0.318785,0.250398,0.056697,0.067769,0.205550,0.233132,0.188424,0.081317,0.085769,-0.025619,-0.084309,0.014424,0.248146,-0.141087,-0.042176,0.012682,-0.175705,0.175797,0.181647,0.101860,0.025685,0.273949,-0.058832,-0.038296,-0.009057,0.165378,-0.240073,-0.006020,-0.076243,0.165953,-0.032785,-0.034638,-0.088254,-0.029661,0.136666,-0.013535,-0.074842,-0.119414,-0.109439,0.106198,-0.047451,0.020461,0.177895,-0.009163,-0.196083,0.097224,0.021265,-0.000092,-0.063851,0.333744,0.047814,-0.123787,0.065328,-0.183916,-0.102873,0.041787,0.178714,0.111966,0.188680,0.026203,-0.005690,0.069070,0.247694,0.102546,-0.085549,0.092062,-0.012052,0.104978,0.063197,-0.034579,0.254039,0.198197,0.008436,0.272578,0.142352,-0.030294,-0.128253,0.141308,0.190094,-0.150900,-0.096295,0.066668,0.060143,-0.198845,0.312828,-0.007170,-0.031709,-0.143516,0.192328,0.171070,-0.039246,0.160379,-0.167340,-0.033834,-0.135650,0.132573,-0.003690,0.205583,0.093161,-0.036410,0.106676,-0.131451,0.044425,0.142734,-0.070257,0.086169,0.006355,0.055137,0.076421,0.110079,0.142808,-0.144928,0.043848,0.026362,0.049898,-0.143415,0.203107,0.155193,0.152257,0.134320,0.003902,-0.253141,0.441100,0.220140,0.072936,0.383820,-0.010376,-0.208394,-0.106391,-0.112330,-0.093358,0.410173,-0.065425,0.370597,#
2,0.057875,0.035523,1.000000,-0.024284,0.311699,0.046467,0.144063,0.153795,0.047544,0.157011,0.314638,0.211883,-0.074431,0.127325,-0.027893,0.086989,-0.150075,-0.020044,0.026267,0.058826,0.124468,0.119645,0.080823,-0.033131,-0.057202,0.101236,0.203027,-0.051964,-0.210022,0.040216,0.075341,-0.022782,0.135986,0.072078,0.158654,0.044903,0.096584,0.126277,0.189578,-0.181682,0.171576,0.006047,0.173645,-0.150739,0.137701,0.139437,0.114651,-0.069394,-0.076075,-0.045384,-0.198155,0.152016,0.142857,-0.099325,0.266397,-0.050097,0.127124,-0.121691,0.237681,0.147313,0.320712,-0.008518,-0.103691,0.062129,0.205366,0.154512,-0.043811,0.043906,-0.004305,-0.126288,0.193920,0.222997,-0.050271,0.194160,0.119063,-0.054729,0.033823,-0.097213,0.051372,0.267515,-0.033630,-0.070369,0.124363,-0.284071,0.222689,0.060507,0.111793,0.070524,0.186723,-0.055572,0.035080,0.249363,0.107925,0.086115,-0.030519,0.033075,-0.020732,-0.031161,-0.022664,0.010258,0.167733,0.149718,-0.081710,0.225046,0.031673,0.225580,0.231387,0.299044,0.189847,0.098663,0.264924,0.098755,0.231969,0.124573,-0.091116,0.110160,0.092668,-0.009042,-0.138880,0.167815,-0.014962,-0.226178,-0.141549,0.090568,0.051796,-0.075994,0.041874,-0.029680,0.144588,0.125553,-0.115009,0.137872,-0.054657,0.094769,0.174073,-0.181473,0.057430,0.030785,-0.142183,-0.076352,0.177393,0.078497,-0.049045,0.096741,0.330843,-0.246371,-0.098120,-0.096244,-0.030729,0.037014,0.018685,0.056723,0.280801,0.116959,-0.044115,0.037265,-0.011600,-0.164078,0.180989,-0.023224,-0.204753,0.014103,0.358846,0.044690,0.080204,0.224838,0.025745,-0.124741,-0.077683,-0.023603,0.053108,0.225721,0.229188,-0.059917,-0.024271,0.034430,-0.001502,0.060100,-0.240492,-0.166455,0.027572,0.277130,0.082023,-0.012344,0.063958,0.083330,0.058408,-0.196473,0.184933,0.094166,0.054420,0.091248,0.079096,0.145079,0.110598,0.022917,-0.338823,0.091584,0.110783,0.199722,#
3,0.043627,-0.124566,-0.024284,1.000000,-0.085014,-0.193945,0.029184,-0.008810,0.200977,0.054568,-0.068353,0.128342,0.012072,-0.093351,0.078626,-0.005421,-0.032048,0.127238,0.286938,-0.072408,-0.044023,0.155840,0.190882,0.086071,-0.071440,0.040076,0.109915,0.020422,-0.043206,0.186987,0.177963,-0.036489,0.246422,0.263114,-0.107878,0.123398,-0.048688,0.194434,0.176554,0.120508,-0.201268,0.282273,0.066161,0.024192,-0.062669,-0.106552,-0.336348,0.064868,-0.165456,-0.027923,0.003125,-0.069738,0.123001,-0.162113,0.149729,-0.070469,0.213911,-0.006772,0.010717,0.017349,0.126705,-0.066167,-0.052578,-0.080915,0.375791,-0.247923,0.025763,-0.321057,-0.402106,0.270661,-0.016510,0.079900,0.006411,-0.041362,-0.036478,-0.231965,0.011828,-0.130033,-0.099084,-0.030516,-0.004127,-0.076592,0.197977,-0.183842,0.005625,-0.067942,-0.018996,-0.096358,0.070297,0.277163,0.327082,0.043558,-0.242735,-0.070289,0.082890,-0.045309,-0.078563,-0.159872,-0.208865,-0.316671,0.226790,-0.119992,-0.064601,-0.190079,0.189541,-0.142341,0.360416,0.301537,-0.057941,-0.106854,0.136757,-0.268914,0.018109,0.049147,-0.078628,-0.058639,-0.151961,0.161904,-0.106745,-0.126499,0.032702,-0.081156,-0.067861,-0.097529,-0.027288,0.035946,0.132237,0.200726,-0.013925,-0.090079,0.117254,0.167801,-0.117052,0.058317,-0.113462,0.192481,-0.197769,-0.002808,-0.124554,0.142958,-0.120535,0.202769,-0.026332,-0.133976,0.012901,0.025818,0.203676,0.282938,-0.232924,0.069327,-0.047591,-0.318319,-0.034982,0.018416,-0.083444,0.022801,-0.061558,-0.019248,0.402704,0.005081,-0.147220,0.041195,-0.101357,-0.043595,0.093135,-0.014537,0.164439,0.158801,-0.000192,0.043000,-0.136934,-0.251760,0.045289,0.113491,-0.055809,0.170504,0.077652,-0.034620,-0.228113,0.104682,-0.095556,0.112337,0.068040,-0.120576,-0.090296,-0.316986,0.078424,0.029037,-0.055642,-0.077357,0.171589,-0.008658,0.137254,0.221937,0.005934,-0.050913,-0.044558,0.030430,-0.139947,-0.133004,#
4,0.111931,-0.063935,0.311699,-0.085014,1.000000,0.131131,0.137087,0.148070,0.048373,0.148358,-0.122220,0.284954,0.053900,0.029759,-0.010171,0.092837,0.001128,0.026553,0.089474,0.212601,0.297095,0.218323,0.135103,0.131221,-0.013312,0.076027,0.065903,-0.025176,0.157744,-0.014660,0.116238,0.230867,0.101568,0.235359,0.004115,0.064288,0.241083,0.023685,0.352655,0.155560,-0.046887,0.066638,0.160346,0.091559,0.214405,0.275938,0.231923,0.163380,-0.082242,-0.136729,-0.107933,0.070949,0.171434,0.168084,0.384467,0.105929,-0.000416,0.001692,0.111166,0.179870,0.318275,0.252932,0.008175,-0.127926,0.025932,0.098082,-0.265374,0.152808,-0.106242,0.189955,0.202853,0.161690,0.205857,0.126623,0.153680,-0.154933,0.111968,0.049731,0.037512,0.241884,-0.068014,0.082619,0.071401,-0.035956,0.239686,0.045044,0.172226,0.094482,0.107921,0.088483,0.254375,-0.077839,0.131440,-0.125879,0.310209,-0.043795,0.040137,0.019782,-0.153358,0.143355,0.305295,0.215822,0.066001,0.187677,0.015988,0.301754,0.028170,0.108237,0.182357,0.296090,0.097740,0.195587,0.024741,0.143398,-0.208773,-0.064756,0.210028,0.120304,-0.141527,0.129397,-0.199964,-0.096367,-0.086411,0.080271,0.156583,-0.178951,0.097170,0.000473,0.242376,0.170643,0.218474,-0.021436,0.149751,0.317306,0.122195,0.097089,-0.132836,-0.170285,0.136882,-0.044908,0.047518,0.027236,0.121787,0.081065,0.261380,0.011550,0.144482,0.149220,-0.074589,0.218407,-0.037785,0.183654,0.358176,0.248075,0.308243,0.011490,0.106329,0.105569,0.070943,0.113293,0.190311,0.151260,0.110989,-0.139768,-0.247859,0.030321,-0.022985,0.189010,-0.006440,0.091319,-0.317105,0.042959,0.512757,0.029565,0.118327,0.163323,0.211473,0.270769,-0.057216,0.106613,0.055730,0.015617,0.154964,0.147248,-0.057271,0.213794,-0.239300,0.132521,0.181952,0.302761,-0.284112,0.168521,-0.056555,0.127941,0.022304,0.203235,-0.083715,0.090446,0.158446,0.355292,#
5,-0.009682,0.081189,0.046467,-0.193945,0.131131,1.000000,-0.070263,0.237122,0.031021,0.108571,0.096828,-0.082247,0.137297,-0.040609,-0.042280,0.091284,0.097078,0.103655,-0.173065,0.323708,-0.124844,-0.095787,0.250517,0.010275,0.063502,-0.034663,0.212568,0.162211,0.149142,-0.021751,0.333397,0.147575,0.170333,0.073908,-0.316042,0.148700,0.028869,-0.106155,0.084145,-0.084486,0.165325,-0.010948,0.042744,0.302243,0.090143,0.073831,0.261917,0.079496,0.086048,-0.180399,0.154908,-0.031581,0.154585,-0.022087,-0.108490,0.184659,0.075893,-0.268589,0.332191,0.237390,-0.008768,0.145520,0.031946,0.136810,0.261575,0.096341,-0.100388,0.161337,0.179449,-0.276379,-0.034753,-0.006173,0.165151,0.009480,0.043621,0.070759,-0.041654,0.341975,0.233971,0.182842,0.071562,-0.102331,0.041091,0.144544,-0.203526,0.148473,0.134977,0.124533,0.145125,-0.083020,-0.149572,0.178290,0.319827,0.308655,-0.059496,0.027605,-0.027401,0.228615,0.113066,0.218601,0.094863,0.070050,-0.145300,0.137210,-0.032682,0.285383,0.136776,0.271576,0.046771,0.218376,0.006784,0.317154,-0.026696,0.020498,0.069860,-0.083460,0.240446,-0.076245,-0.272418,-0.014786,-0.090887,0.052287,-0.158121,0.178134,-0.048973,-0.148557,0.292952,-0.209469,-0.102402,-0.007482,0.327644,0.181374,0.163728,0.201162,0.105430,0.088973,0.087594,0.037281,0.112819,-0.164674,0.083574,0.061278,0.034635,0.153824,0.388034,-0.051773,-0.073248,-0.087575,0.114714,-0.054799,0.037018,-0.039830,0.210112,-0.102871,-0.057025,0.102400,0.255272,0.048582,0.039828,-0.078652,0.171559,-0.072401,0.221424,0.099415,0.169138,0.089107,-0.183680,0.330859,0.021868,0.099525,0.292067,0.230265,0.149618,0.028744,-0.033867,-0.104878,0.200328,0.117093,0.126709,0.121741,0.305736,-0.041309,0.382526,0.081882,0.074421,0.214159,0.062288,0.092320,0.025131,-0.097322,0.121382,0.271888,-0.139656,-0.162404,-0.091614,-0.089385,-0.148266,0.179574,0.103174,0.207937,#
6,-0.015993,0.098823,0.144063,0.029184,0.137087,-0.070263,1.000000,0.023154,0.168399,-0.054348,-0.049337,0.054273,0.154872,0.092017,0.002619,0.179013,-0.071927,0.172701,0.074144,-0.080860,0.195491,0.147386,-0.037859,0.065826,0.070932,0.116382,0.040620,0.064633,-0.048435,0.228386,0.028306,-0.129502,-0.092543,-0.111755,0.041539,0.158773,-0.126691,-0.082892,0.011690,0.097617,-0.018129,0.060328,0.415118,-0.036893,0.274276,-0.011641,-0.042801,-0.282134,0.132865,0.014945,-0.190349,-0.034358,-0.075316,0.105020,0.213920,-0.154453,-0.107363,0.023469,0.109734,-0.073310,0.262042,-0.125023,0.006456,-0.023967,0.247056,0.178318,0.085973,0.111786,-0.102303,-0.031514,0.149210,0.101807,-0.079203,0.256718,0.132796,-0.049571,0.017400,-0.250089,0.124536,-0.044764,0.174245,-0.145917,0.041706,-0.229930,-0.095157,0.035228,0.065242,0.124804,-0.154961,-0.134000,0.060860,-0.025028,0.071314,-0.096804,-0.081613,-0.163427,0.250395,0.119202,-0.121256,0.337643,-0.115628,-0.011859,0.174649,-0.069303,-0.225436,-0.102839,0.066930,-0.015576,-0.099539,0.035741,0.186249,0.118116,-0.122972,-0.260097,-0.051355,-0.202361,0.345467,-0.159640,-0.087072,-0.092073,0.170579,-0.254844,0.122268,0.049769,-0.002953,0.181821,0.015015,0.018234,-0.108833,-0.075222,0.085704,0.061166,0.098173,0.010403,0.040348,-0.080530,0.032765,-0.254334,0.051161,0.316633,0.150986,0.173204,-0.132058,-0.224006,-0.043711,-0.002381,-0.011581,0.053000,-0.002880,-0.219563,0.282170,-0.181335,0.220584,-0.097746,0.182170,-0.022092,-0.060598,0.194318,-0.003137,-0.149290,-0.196101,0.084719,0.129061,-0.036851,-0.016886,0.200553,0.122312,0.022721,-0.086233,-0.130055,-0.026280,0.149518,-0.029363,0.016050,0.287170,0.005674,-0.107644,-0.066875,0.052528,-0.003186,0.120171,-0.013778,0.216106,-0.055092,0.199409,-0.073703,-0.169328,-0.004228,-0.040566,0.076883,-0.040842,0.139652,-0.022194,0.212732,0.050829,-0.108181,-0.014747,0.136075,0.058785,0.155886,#
7,-0.040103,0.100228,0.153795,-0.008810,0.148070,0.237122,0.023154,1.000000,0.350176,0.012782,0.244015,-0.005066,0.066673,0.000454,0.235865,-0.024004,0.153592,0.003691,-0.090357,-0.006589,-0.041630,0.027623,0.272149,0.144486,0.075373,0.078107,0.096882,-0.012927,0.022322,-0.097439,-0.088450,0.166379,0.048320,0.218022,-0.134884,0.008277,0.015776,0.047600,0.301654,0.085637,-0.193291,-0.001921,-0.079553,0.225063,0.192219,0.097964,0.189214,0.206679,-0.089837,0.140508,0.273732,-0.000166,0.048674,0.040459,-0.008085,0.081743,-0.075162,0.011731,0.111149,0.143712,0.126706,0.141704,0.041467,-0.030123,0.069598,0.070369,-0.244962,0.029043,0.122310,0.402508,-0.048062,0.004494,0.403788,0.118095,0.234368,0.013295,-0.101072,0.064905,0.128063,0.228727,0.081878,-0.009775,-0.045815,0.173659,-0.019959,0.085255,0.041917,0.077795,0.038300,0.179111,-0.193479,0.008989,-0.000249,0.170453,-0.016547,-0.298079,-0.080656,-0.023669,-0.028403,0.077599,0.202492,0.150190,-0.031332,0.110032,0.024142,0.165051,-0.040047,-0.000240,0.022468,0.121839,-0.014604,-0.050198,0.072621,-0.009916,0.323299,-0.033464,0.151854,-0.193830,-0.051504,0.280345,0.071188,-0.006475,-0.105496,0.396850,0.167596,0.032482,0.376307,0.218191,0.079059,-0.244454,0.090625,-0.177335,0.258373,0.178645,0.239963,0.110807,-0.167621,0.055792,0.074794,-0.003905,0.129656,-0.098675,0.078336,-0.068599,0.046572,-0.035135,0.025988,-0.029290,0.122496,0.149031,0.086810,0.022868,0.183020,0.209189,-0.275099,0.265988,0.020985,0.192082,0.007503,0.197258,0.033439,-0.150152,0.204660,0.057632,-0.167005,0.238451,-0.007602,-0.127216,-0.096488,-0.020342,0.130999,0.151599,0.369579,0.078972,0.190676,0.021782,0.094391,-0.090802,-0.088380,0.301239,0.321897,0.080071,0.000105,-0.066625,0.045608,0.178650,-0.054955,-0.199444,-0.013686,0.130891,-0.099508,0.058945,-0.126101,-0.164362,0.063015,0.032746,-0.103868,0.225501,0.062424,0.156019,#
8,0.029788,0.184624,0.047544,0.200977,0.048373,0.031021,0.168399,0.350176,1.000000,0.101759,0.012194,-0.027555,0.049996,0.080528,0.188301,0.381627,-0.157573,0.146361,0.074925,0.112617,-0.202601,0.452063,0.360807,0.048554,-0.099836,0.122072,0.100394,0.228801,0.072751,0.260891,0.176657,0.101673,-0.040727,0.199964,-0.111043,0.177073,0.105675,0.084252,0.097207,0.157223,-0.192602,0.352356,0.037933,0.096699,0.039822,0.024955,-0.010842,0.163867,0.148172,0.216281,0.248839,0.245099,-0.132483,0.003979,0.125783,0.362216,0.176385,0.039346,-0.073318,0.296644,0.389211,0.051425,0.324345,-0.074621,0.197361,0.201065,0.101004,0.069998,0.133707,0.256429,0.218828,0.038186,0.240651,0.298683,0.245455,0.083533,0.076135,-0.014262,0.144397,0.249725,0.220566,0.113348,-0.048650,-0.028639,0.000930,0.110225,-0.076242,-0.066442,-0.183520,0.349185,0.081491,-0.028986,-0.197871,0.152585,0.119387,0.016268,0.217789,-0.023078,-0.201484,0.000902,0.398129,0.164212,0.090633,0.257116,0.196625,0.146292,0.127170,0.133762,0.113637,0.064646,-0.095339,0.022435,-0.078052,-0.068863,0.360754,0.207631,0.220128,-0.179770,-0.053443,0.100857,0.096615,0.066706,-0.009000,0.174687,0.158796,0.195767,0.258237,0.215626,0.025669,0.097024,0.025835,-0.026130,0.264695,0.209994,0.293700,0.100409,-0.107583,-0.082628,-0.061151,0.003134,0.092602,0.184429,0.314887,0.214859,0.100115,0.138215,0.301389,0.269960,0.173210,-0.061620,0.156300,-0.085110,0.175862,0.277835,0.232009,0.376013,0.094754,0.319493,0.046476,0.198460,-0.010341,-0.001481,0.230398,0.091596,0.169128,0.177719,0.126228,-0.057072,0.190227,0.183819,-0.075114,0.201860,0.269187,0.045242,0.208846,0.036876,0.085309,0.134803,0.027466,0.155379,0.234344,0.028653,0.012816,0.376082,0.169006,0.142685,0.058691,0.008075,0.012873,0.050491,0.068071,0.120180,0.148830,-0.000312,0.125029,0.138689,-0.107792,0.388545,0.405411,0.067356,#
9,0.003350,0.150560,0.157011,0.054568,0.148358,0.108571,-0.054348,0.012782,0.101759,1.000000,0.288688,-0.062348,0.094457,-0.224325,0.145387,0.305270,-0.149311,0.022940,0.252345,0.215356,0.103282,0.158775,0.207854,0.260118,0.083185,-0.186266,-0.016886,0.151324,0.034763,0.099566,0.304901,0.053499,-0.136338,0.176796,0.110294,0.115937,-0.071657,0.078273,0.307367,-0.086659,0.245137,-0.127147,0.079577,-0.087629,0.084002,0.144604,0.203727,0.043339,-0.132133,-0.001559,-0.040870,0.061450,0.021534,-0.081795,-0.044345,0.315143,0.126312,-0.078480,0.166815,0.024137,0.163803,0.165935,0.160165,0.112568,0.175303,0.210231,0.044840,0.174419,0.002015,-0.094064,0.370803,0.205311,0.151587,0.040816,-0.066536,0.067370,-0.143365,-0.019449,0.139928,0.298306,0.151223,-0.000842,-0.110065,-0.196554,0.233462,-0.088124,0.014697,0.319235,0.071746,-0.272554,-0.057188,0.303813,0.010325,-0.022994,0.128236,-0.139103,0.240811,0.387718,0.073577,-0.288716,0.181390,-0.032844,0.429528,-0.114729,0.269101,0.039701,0.035084,-0.113072,0.087279,-0.086921,0.167379,0.188096,0.348699,0.354285,-0.132195,-0.068241,0.027090,-0.138744,-0.061246,-0.080165,0.039292,0.284746,-0.029571,0.042757,-0.027940,-0.179871,-0.122430,0.177563,0.192565,0.122361,0.089724,0.106496,0.157570,0.339755,0.048021,-0.090263,0.038106,-0.001449,-0.100043,-0.152658,-0.087756,-0.011708,0.175272,0.300517,0.095263,-0.156382,-0.004461,0.071084,-0.180657,-0.056601,0.118635,-0.131132,0.167683,0.114229,0.127480,0.041233,0.152630,0.189000,0.022389,0.052525,0.100922,-0.076677,0.195241,0.298275,0.221837,-0.058432,0.048849,0.003545,0.095743,0.022854,0.141416,0.068475,-0.000348,0.158073,0.129384,0.289025,-0.018602,0.103692,0.021499,0.133711,0.059429,-0.158135,0.169819,0.063628,0.031142,-0.060258,-0.100625,-0.239166,0.332240,0.114592,-0.003748,-0.004589,0.038323,-0.006415,-0.040243,0.042334,-0.164380,0.272323,-0.009789,-0.055081,#
10,0.048195,0.246832,0.314638,-0.068353,-0.122220,0.096828,-0.049337,0.244015,0.012194,0.288688,1.000000,-0.051312,-0.193180,-0.217982,0.057875,0.173927,-0.026169,0.003316,-0.061342,0.077537,0.016985,-0.125254,-0.060183,0.071603,0.142702,-0.021142,-0.031282,0.212179,-0.336498,0.005035,-0.045444,0.017480,-0.073095,0.006026,-0.012684,0.117073,-0.073267,-0.022284,0.098000,-0.153016,0.220628,-0.091152,-0.041631,-0.122468,0.089020,-0.033242,0.105411,0.049066,0.054469,0.322519,-0.188984,0.113471,0.118675,-0.013454,0.026580,-0.012203,-0.288121,-0.224551,0.045812,0.154185,-0.060794,0.020428,0.081031,0.163808,-0.115366,0.133146,0.194663,0.071198,-0.076091,-0.067301,-0.178314,0.235015,0.085543,0.038648,-0.012924,-0.086119,-0.148553,-0.015351,0.036587,0.051472,0.237905,0.022871,-0.009635,-0.038673,0.040131,-0.091910,-0.090420,0.242885,-0.048777,0.083890,-0.010152,0.255456,0.017120,0.154004,-0.073857,0.082905,-0.134125,-0.102010,0.255815,-0.070073,0.056199,-0.057771,-0.040843,-0.041215,0.143680,-0.209626,0.150933,0.135110,-0.012949,-0.072262,0.124018,0.010912,-0.001979,0.022866,0.069324,0.272057,0.022471,-0.085406,-0.045982,-0.022184,0.031128,0.156500,-0.221623,-0.035440,-0.118672,-0.176371,0.231025,0.126833,0.109378,-0.026408,-0.119193,-0.049254,-0.091198,-0.022113,-0.024154,-0.107683,-0.227373,0.339154,-0.221685,0.014066,0.206405,0.028155,-0.169244,0.030261,0.201416,-0.197831,-0.184033,-0.184574,-0.020840,0.030875,0.011582,-0.002167,0.201714,-0.034595,-0.172648,0.057887,0.191424,-0.091578,-0.151188,-0.061728,0.114073,-0.058156,0.263727,0.147698,0.101005,0.042170,0.303999,-0.084953,0.095011,0.251122,0.104212,-0.047030,-0.052832,0.162885,0.099398,-0.169760,0.145736,0.148460,-0.146246,0.037269,-0.029710,-0.031603,0.199528,-0.023928,0.102791,-0.143943,-0.056865,-0.313589,0.132202,0.029580,0.052754,0.112161,0.115940,-0.088465,0.064183,-0.136015,-0.290169,0.269667,-0.055253,0.269215,#
11,-0.051486,0.197778,0.211883,0.128342,0.284954,-0.082247,0.054273,-0.005066,-0.027555,-0.062348,-0.051312,1.000000,-0.030368,0.007065,-0.136570,-0.281530,-0.155687,0.086328,0.150820,-0.144559,0.058102,0.274148,-0.096136,-0.173218,-0.001292,0.212387,-0.311606,0.065593,-0.067138,0.052991,0.061046,0.036361,0.089599,0.173010,0.028873,-0.065394,0.319734,0.161925,0.009555,0.299317,-0.117859,0.069569,0.134507,-0.133495,-0.047967,0.113003,0.263464,-0.001386,0.006310,-0.040220,-0.115603,0.163139,-0.028809,0.091467,0.012709,-0.077045,-0.182505,0.086477,0.055610,-0.020540,0.266240,-0.117595,-0.081595,-0.256044,0.122724,0.176289,0.129152,0.198017,0.176660,0.211834,0.069913,0.195721,0.084718,-0.046755,-0.016387,-0.146073,0.058349,-0.079361,-0.099399,-0.231509,-0.080992,0.133048,0.253386,-0.154623,0.353773,-0.085867,-0.174395,0.011357,0.004062,0.045399,0.014484,0.176091,0.045754,0.181284,0.115265,0.116378,-0.281787,-0.117016,-0.021103,0.071552,0.046809,0.214952,-0.118053,0.056704,-0.128655,0.333493,-0.102946,0.214553,0.204472,0.111831,0.014530,0.034353,0.162962,0.126824,-0.259056,0.160931,0.085154,0.029625,-0.358978,0.080854,-0.099632,-0.125399,-0.058241,-0.010562,0.136988,-0.202446,-0.073126,-0.127300,0.185396,0.001406,0.074772,0.247349,0.049095,0.151057,-0.102260,-0.068478,-0.147722,0.203667,0.031121,0.313142,0.107398,-0.220277,-0.002750,0.191506,0.194062,0.129599,0.014727,-0.025767,-0.138650,-0.071682,0.051768,0.250893,-0.047021,0.080473,0.178450,0.004622,-0.010035,-0.135367,0.205041,-0.149790,-0.000787,0.273508,-0.231984,-0.000801,-0.062106,-0.048134,-0.026251,0.059646,-0.157282,0.146183,-0.162634,-0.049403,0.015790,-0.135673,0.040092,-0.066446,-0.058186,-0.043511,-0.140397,0.097976,0.115211,-0.092144,0.256502,-0.184853,-0.008024,0.053875,-0.051931,-0.064508,0.144130,0.350863,0.116501,0.120757,0.236303,0.164887,0.138259,-0.157043,0.026965,0.127866,-0.059036,0.328525,#
12,-0.018988,0.056742,-0.074431,0.012072,0.053900,0.137297,0.154872,0.066673,0.049996,0.094457,-0.193180,-0.030368,1.000000,0.070159,0.186035,0.023245,0.318251,0.275572,0.077312,0.128406,-0.082156,0.148217,0.183661,0.094788,-0.114375,-0.069056,0.219970,0.196011,0.100073,-0.010300,0.102826,-0.032460,0.247985,0.023565,0.039988,-0.039620,-0.019571,0.053231,-0.103537,0.210972,-0.008856,-0.158696,0.236849,0.369761,0.113323,0.124032,0.203941,-0.130249,0.154967,-0.060417,0.291225,-0.236387,-0.044022,0.290597,-0.008719,0.093074,-0.075174,0.102853,0.002533,-0.184386,-0.009895,0.453721,-0.165660,0.167627,0.342558,0.054561,-0.187025,0.013381,0.030598,0.025762,0.207877,0.141208,0.308034,0.022554,0.259804,0.168241,0.113424,-0.178499,0.015564,0.049818,0.239802,-0.050956,-0.069683,0.030773,-0.055011,0.056409,0.086319,0.135741,0.273614,-0.042095,-0.081762,-0.132732,0.059715,-0.063755,0.025428,0.135381,0.359523,0.226659,-0.179212,0.127183,-0.118899,0.152347,0.112728,0.346018,0.039026,-0.026127,-0.000710,-0.019368,-0.053039,0.007229,0.241772,0.078008,-0.002057,-0.108269,0.065042,-0.009246,0.260807,-0.280081,0.018393,-0.209821,0.108685,0.160041,0.071145,0.338680,0.110134,-0.137495,0.018179,-0.190834,-0.197791,-0.124181,0.055787,0.078620,-0.034839,0.163049,0.111353,-0.168875,0.185158,0.104370,0.334621,-0.014722,-0.041392,0.208099,0.190363,-0.016785,0.141957,0.170308,0.083916,0.124650,0.049128,0.222532,0.068398,0.103532,0.173194,-0.057799,0.048305,0.347539,-0.025091,-0.062742,-0.036696,0.011080,0.068150,0.305459,0.139172,0.107983,0.239795,0.050348,0.096084,0.196036,-0.100663,-0.126917,0.088222,0.221714,0.180440,0.066755,0.233381,0.053354,0.042696,-0.042184,0.050665,-0.080922,0.056961,0.208422,0.050671,-0.058105,-0.041935,0.083738,0.154663,0.184415,0.051321,-0.193368,0.038652,-0.058824,0.075413,0.123685,-0.098314,0.036639,-0.066218,0.006393,-0.022247,-0.084647,#
13,-0.092958,-0.353580,0.127325,-0.093351,0.029759,-0.040609,0.092017,0.000454,0.080528,-0.224325,-0.217982,0.007065,0.070159,1.000000,0.127226,-0.126984,0.053321,0.045104,0.195348,-0.065958,0.286241,0.028685,0.067648,0.039229,-0.288703,0.085935,0.061642,0.149475,0.009230,0.007880,-0.110158,-0.050979,0.298305,-0.084816,0.128543,-0.030834,-0.150384,0.139957,-0.294896,0.125570,0.000537,0.204360,0.124216,0.025002,0.293838,0.113776,0.035872,-0.049076,0.097082,-0.237302,0.079606,0.028290,-0.098953,0.274063,0.021476,0.035992,-0.036776,0.143148,-0.017087,0.053233,0.118702,0.174612,0.038290,0.004319,-0.008310,-0.043428,-0.076980,0.124868,0.124533,-0.063003,0.064526,-0.022683,-0.051875,0.035789,0.116519,0.238197,0.003818,0.032548,0.011395,0.401384,0.143996,0.121781,0.281790,-0.036997,-0.175252,0.015790,0.078542,-0.258009,0.145246,-0.057259,0.091356,-0.033489,0.199965,0.133532,0.157971,-0.178488,-0.062998,0.112179,0.142820,0.318359,0.028745,0.174877,0.044148,0.244221,-0.014176,0.096480,0.034814,-0.043651,0.147230,0.046441,0.055360,0.204656,0.245662,-0.087387,0.281998,0.082693,0.033953,0.201506,0.030890,0.543710,0.048230,-0.110121,0.065663,-0.084833,-0.134598,-0.207472,-0.142462,-0.224242,0.058889,-0.021402,-0.162011,0.203326,0.058998,0.120000,0.289864,-0.186223,0.077383,-0.066154,-0.084071,-0.032272,-0.331133,0.070985,0.296143,0.173688,0.038396,0.023204,0.224041,-0.004208,-0.048938,0.063253,-0.091128,0.085717,0.059092,0.134319,-0.034354,0.195765,-0.182538,-0.036371,0.054710,0.164912,0.069300,0.044100,0.132311,0.138362,0.018590,0.148609,-0.136770,-0.059636,-0.092830,-0.076435,0.059816,0.176695,0.239155,0.000054,0.183636,-0.190750,-0.093682,0.108934,0.207640,-0.147695,-0.042857,0.345359,-0.082415,-0.066481,0.300171,0.058146,0.257328,-0.110110,-0.296332,0.010812,-0.031178,-0.110369,0.047158,0.319429,0.043890,0.280441,0.062191,-0.277322,0.238856,0.050904,#
14,0.271636,-0.173235,-0.027893,0.078626,-0.010171,-0.042280,0.002619,0.235865,0.188301,0.145387,0.057875,-0.136570,0.186035,0.127226,1.000000,0.271448,0.040978,-0.037900,0.375835,0.088376,0.085690,0.009457,0.235896,0.163069,0.081630,-0.078495,0.125312,0.087271,0.242488,0.067872,0.029028,0.243239,0.034704,0.211097,0.346330,0.130567,0.007178,0.154500,0.079715,0.229808,-0.255822,-0.120770,0.031976,0.136467,0.247076,0.143271,0.012541,-0.028108,-0.161186,0.159883,0.099339,-0.055975,0.083615,0.215879,0.161321,0.033572,0.133515,0.209308,0.196576,0.118592,0.074847,0.139146,0.197539,0.364976,0.032049,-0.147245,-0.051486,0.016687,-0.146868,0.317026,0.164779,0.060970,0.139473,0.184301,0.234122,-0.066744,0.392192,0.101058,-0.006804,0.024974,0.083563,0.170334,0.099085,0.115291,0.004697,-0.048761,-0.057755,0.110882,-0.041774,0.023894,-0.215926,0.007734,0.266951,0.197956,-0.083835,0.067524,0.365314,0.073845,0.164516,0.080325,0.192096,0.209623,0.185789,0.066157,0.288094,-0.210548,-0.082349,-0.109656,-0.296924,-0.080723,0.069664,-0.071749,0.024077,0.088164,0.153092,0.154404,0.193860,-0.409623,0.089057,0.067135,0.197390,0.167414,-0.007956,0.079669,0.048973,-0.011169,-0.027966,0.262471,0.028923,0.111720,-0.164919,-0.135639,-0.085824,0.147383,0.216880,0.030823,-0.239973,0.074663,-0.039552,-0.204864,-0.093807,0.044433,0.200949,0.148923,-0.230523,0.292710,-0.000998,-0.055701,0.045184,-0.044246,0.092080,-0.026437,0.121429,0.016438,-0.109222,0.273291,0.209943,0.096501,-0.116537,0.151762,0.122996,0.053397,0.194694,0.002744,0.075311,0.197886,0.205774,-0.005343,0.093316,0.238302,-0.028489,-0.117612,0.312918,0.029737,-0.013821,0.041151,0.192590,-0.012518,0.147043,-0.127170,0.336484,0.293258,-0.018901,0.009924,-0.056607,-0.170012,0.014111,-0.208885,-0.121243,0.095230,-0.194827,0.036011,0.017377,0.180108,0.196899,0.104211,-0.066462,0.049474,0.241704,-0.228841,#
15,0.380520,0.028769,0.086989,-0.005421,0.092837,0.091284,0.179013,-0.024004,0.381627,0.305270,0.173927,-0.281530,0.023245,-0.126984,0.271448,1.000000,0.138622,0.328934,0.160284,0.105700,-0.013028,0.103154,0.299827,0.309414,0.082072,-0.030936,0.208645,0.075038,-0.042959,0.261542,-0.026115,0.268746,0.036129,0.139525,0.030286,0.352407,0.056414,-0.114103,0.228701,0.062354,0.120733,0.111084,0.160439,0.046448,0.136242,0.009441,-0.216690,0.263504,0.046494,0.226941,-0.165961,0.407003,0.111941,0.021147,0.248046,0.098785,0.051438,-0.065352,0.216501,0.182680,0.274105,-0.024811,0.177199,0.208036,-0.010331,0.334538,0.076377,0.209276,-0.042860,-0.107872,0.034326,0.109133,0.081589,0.111847,0.071460,-0.099657,-0.056176,-0.063325,0.027985,0.159632,0.210775,-0.014598,-0.278005,0.071172,0.172406,0.145961,0.095618,0.318030,-0.141407,0.139187,0.105477,0.040355,-0.025933,-0.012605,0.171623,0.161038,0.260942,0.072799,0.160812,0.118225,0.375182,0.019375,0.152150,0.175047,0.174483,-0.086484,0.212676,0.071068,0.070385,-0.078692,0.074673,0.263413,-0.033718,0.124639,0.117276,0.011178,0.034150,-0.269943,-0.038752,-0.047618,0.148999,0.119560,0.129455,-0.083333,0.141452,0.269349,0.222720,0.332260,-0.013917,0.318100,-0.191555,-0.072708,0.006303,0.230111,0.191577,0.011742,-0.132286,-0.290526,-0.152172,-0.067113,0.116846,0.132754,0.090013,0.155170,0.111047,-0.105987,0.039840,0.025143,0.000908,-0.104196,-0.068876,-0.114796,0.098125,-0.071003,0.105019,0.078016,0.360906,0.265419,-0.120652,0.136597,0.065768,-0.023433,0.303555,-0.045883,0.027977,0.292011,0.118069,0.143145,0.358009,0.085794,0.051658,0.331082,-0.112348,0.129027,0.100508,0.135783,0.312352,0.211222,0.093808,-0.013248,0.127426,-0.081012,0.075111,0.322565,0.048576,0.068006,-0.066493,0.133463,-0.006717,-0.008055,-0.278861,0.156031,0.115528,-0.018884,-0.188177,0.276726,0.054069,0.145294,0.095069,-0.027759,#
16,0.383254,-0.101820,-0.150075,-0.032048,0.001128,0.097078,-0.071927,0.153592,-0.157573,-0.149311,-0.026169,-0.155687,0.318251,0.053321,0.040978,0.138622,1.000000,0.143160,-0.113471,0.217977,0.107777,-0.149174,-0.122505,0.156811,0.014052,-0.026352,0.243949,-0.164255,-0.136866,0.222974,-0.210178,0.107690,0.087865,0.084831,0.061257,-0.091653,0.008862,0.021242,0.058716,0.102945,-0.204359,-0.079495,0.263579,0.186660,-0.053980,-0.033934,-0.089251,0.007875,0.068734,0.132362,-0.044688,-0.051783,0.110635,0.328176,0.085249,-0.105727,-0.142459,-0.004367,-0.002171,-0.212539,-0.155298,0.433451,-0.104356,0.025297,-0.217375,-0.046369,-0.387298,0.232420,0.029762,0.194559,-0.233680,0.015812,0.266246,0.151783,0.059985,-0.060861,-0.190938,0.000358,0.011990,0.056413,-0.025117,-0.196349,-0.155519,0.271747,0.114273,0.246700,0.084543,0.159645,0.322037,0.022018,-0.059706,-0.142455,0.115043,-0.188020,0.058841,0.056001,-0.050612,0.029525,0.042036,0.114366,-0.162075,-0.018263,0.066221,0.155283,-0.077188,0.121792,0.145483,0.027842,0.038983,-0.048924,0.098455,0.044563,0.012769,-0.094275,0.184148,-0.140031,0.250600,-0.069405,0.079676,0.049153,0.247433,0.167922,0.181705,0.056887,0.267906,0.053059,0.226192,-0.150336,-0.030219,0.074695,0.081706,-0.149393,-0.124818,-0.172083,0.244197,-0.006238,0.034911,-0.163978,-0.107054,-0.013192,0.065953,-0.025851,-0.111800,-0.049648,-0.053298,-0.200930,0.171299,-0.103549,0.094918,0.386378,-0.280158,0.230402,0.000331,-0.072701,-0.116116,0.230573,0.075632,0.074049,-0.116949,0.235198,0.108739,0.048136,0.034712,-0.122113,-0.054465,-0.049529,0.039935,0.181137,-0.017402,-0.186384,0.152725,0.071485,0.008240,0.018736,-0.079655,-0.014653,0.051473,-0.065282,0.242718,-0.090064,-0.093043,0.088938,-0.137805,-0.158366,0.125045,0.106673,0.003124,0.250915,-0.024843,-0.076023,0.023812,0.002661,-0.179939,-0.033915,-0.137538,0.254616,0.032446,-0.154179,-0.190610,0.039925,#
17,0.245225,0.081736,-0.020044,0.127238,0.026553,0.103655,0.172701,0.003691,0.146361,0.022940,0.003316,0.086328,0.275572,0.045104,-0.037900,0.328934,0.143160,1.000000,-0.121373,-0.150522,0.095992,0.142913,0.151609,0.234169,-0.196439,0.099771,0.266878,0.049041,-0.140507,0.094239,0.173505,0.146219,0.158467,0.013210,0.048531,0.257666,-0.139349,0.224446,0.292167,0.110159,0.181206,0.200828,0.197327,0.226190,-0.078413,0.181967,0.009067,0.340210,0.093204,0.019388,0.096715,0.150949,0.083797,0.142582,-0.022546,0.037509,-0.045028,-0.021730,0.005894,-0.021396,0.151254,0.009582,-0.119275,0.231604,0.139561,0.362270,0.241007,0.290320,0.129120,0.085992,-0.037455,0.285572,0.004245,-0.118772,-0.041618,0.135396,0.006673,-0.117636,-0.046363,0.033218,0.050090,0.080745,-0.151404,0.051390,-0.029861,0.007033,0.362695,-0.026950,0.095588,0.135047,0.089901,-0.054178,0.156397,0.121704,0.168433,0.250066,0.045162,-0.030504,-0.078557,-0.016495,0.307324,-0.119716,-0.104054,0.246191,0.102978,-0.021957,0.262134,0.137572,0.281865,0.048925,0.004013,0.043058,-0.188122,-0.035706,0.123485,-0.038750,0.097238,-0.052290,-0.036088,0.067066,0.152379,0.000065,0.065284,0.075344,0.142191,0.287563,0.095391,-0.085899,-0.044003,0.050081,0.271329,0.064208,0.119290,-0.013717,-0.052872,0.015075,0.160589,-0.107276,0.143958,0.154577,0.208532,0.212414,0.200230,0.187700,0.163816,0.046803,0.013550,0.251567,-0.096073,-0.038336,0.073522,-0.090365,0.017853,-0.089707,0.217716,0.236340,0.200024,0.101087,0.119143,-0.115717,-0.024599,0.134662,0.102932,0.313492,0.030075,0.018095,-0.074637,0.064583,0.246600,-0.079830,0.087563,-0.072470,0.000131,0.000147,0.137421,0.060758,0.322562,-0.055578,0.030724,0.167906,0.336324,0.152604,0.059602,0.150248,0.057496,0.181669,0.055222,0.224832,0.044966,-0.009184,-0.125845,0.195241,0.127629,0.105105,0.065504,0.198626,-0.047590,0.232483,-0.075383,0.176898,#
18,0.212131,-0.068647,0.026267,0.286938,0.089474,-0.173065,0.074144,-0.090357,0.074925,0.252345,-0.061342,0.150820,0.077312,0.195348,0.375835,0.160284,-0.113471,-0.121373,1.000000,0.252868,-0.027035,0.140067,0.178433,0.191969,-0.035813,-0.046821,-0.075322,0.216681,0.024069,-0.093751,0.018887,0.108814,0.126810,0.100413,0.252849,-0.069449,-0.034217,0.028353,-0.057350,0.345213,0.084899,-0.152750,0.164131,-0.100833,0.299096,-0.085004,0.003395,-0.149152,-0.268875,0.077564,-0.184562,-0.080786,0.124012,0.160381,0.287461,0.066563,-0.002825,0.163398,-0.032190,0.149178,0.171857,-0.037058,0.325236,0.009163,0.286805,-0.023816,0.107825,-0.103304,-0.309315,0.080797,0.100171,-0.019247,0.009231,0.000055,0.208976,-0.030683,0.257172,0.004013,0.050546,0.193029,0.020085,-0.018930,0.055038,0.067245,-0.056407,-0.066016,-0.016905,0.140149,0.045127,0.004646,0.097945,-0.059633,-0.011022,-0.208580,0.073991,0.020302,0.172755,0.015146,-0.023928,0.108969,0.271300,0.292904,0.116260,0.148829,0.375112,0.096163,0.064089,-0.235363,-0.116067,-0.194926,0.263542,-0.130773,0.295422,0.097902,-0.142858,0.060922,-0.081209,-0.206155,-0.069175,-0.016967,0.100078,0.110290,0.056972,-0.290303,-0.041175,-0.174798,-0.241615,0.271853,0.140416,0.012269,-0.278393,0.248438,-0.156017,0.298574,0.102660,0.116834,-0.099880,0.118466,-0.170672,0.030135,-0.222421,0.112096,0.134049,0.232193,-0.071785,0.155118,0.157862,0.057142,-0.266563,0.023036,-0.131548,0.035791,0.029691,0.047986,-0.021005,0.120558,0.065101,0.004718,0.061345,0.177201,0.131356,0.073082,0.027380,0.157315,0.033152,0.293346,0.037961,-0.029892,0.104017,0.242094,-0.173835,0.000210,0.211733,0.206424,0.041188,0.204354,0.071761,0.000093,0.038834,0.028314,-0.042587,0.047472,0.040923,-0.022124,0.231157,-0.213248,0.297142,-0.259349,-0.017694,-0.060408,0.094860,0.088837,0.229819,0.337637,0.068221,0.095270,-0.056031,-0.045500,0.137903,-0.011676,#
19,0.183497,0.106327,0.058826,-0.072408,0.212601,0.323708,-0.080860,-0.006589,0.112617,0.215356,0.077537,-0.144559,0.128406,-0.065958,0.088376,0.105700,0.217977,-0.150522,0.252868,1.000000,-0.080990,-0.137954,0.148295,0.059851,0.030358,-0.104286,0.080373,0.211979,-0.105663,0.109849,0.267110,-0.006150,-0.025844,-0.015346,-0.158403,-0.049823,0.106448,-0.065710,0.146449,0.156625,0.107419,-0.114807,0.030042,-0.021774,0.017116,0.077054,0.208452,-0.088310,0.152161,0.117017,-0.209120,-0.022501,0.009751,0.178052,0.075503,0.141699,-0.008651,-0.086250,0.149667,0.094709,0.080059,0.379099,0.224319,0.090770,0.067204,-0.138883,-0.177553,0.089255,-0.183767,-0.058901,0.154742,-0.066158,0.115798,0.129634,0.057710,0.115981,0.136512,0.100673,0.412896,0.231021,-0.040668,-0.179044,0.172228,0.102993,-0.089373,0.121765,-0.117034,0.241928,0.156592,-0.244159,-0.048274,-0.038576,0.122616,-0.124085,0.028434,0.124185,0.144104,0.118472,-0.147462,0.034519,0.197510,0.067053,0.049272,0.131093,0.259089,0.411972,0.110433,0.090388,0.001277,-0.165708,0.002878,0.081875,0.102573,-0.008420,-0.023795,-0.027335,0.297752,-0.002996,0.019178,-0.346156,-0.086051,0.207668,-0.084462,-0.069124,0.200818,-0.139707,0.201748,-0.064790,0.097400,0.026207,0.050807,-0.031193,-0.209955,0.243645,0.384176,-0.105466,0.083148,0.092436,-0.248713,-0.253965,-0.170721,-0.047773,0.080188,0.085266,0.122002,0.045623,0.049622,-0.077752,0.089056,0.168412,0.039694,0.276801,0.076480,-0.056530,0.040211,0.217968,0.127125,0.092642,0.040111,0.262916,0.292279,-0.142522,-0.002859,-0.082183,0.216613,0.111734,0.020238,0.151860,0.220683,-0.024847,-0.023838,0.061881,0.456182,0.241548,-0.044403,-0.065171,0.073218,0.204643,0.155309,-0.072647,-0.070437,0.096388,0.102076,0.264942,0.254603,-0.060660,0.044093,-0.129831,0.091060,-0.050078,0.264315,0.235112,0.010118,0.060805,-0.099090,0.162130,-0.407291,0.073952,0.281770,0.082607,#
20,-0.169225,-0.321962,0.124468,-0.044023,0.297095,-0.124844,0.195491,-0.041630,-0.202601,0.103282,0.016985,0.058102,-0.082156,0.286241,0.085690,-0.013028,0.107777,0.095992,-0.027035,-0.080990,1.000000,0.100376,-0.054642,-0.033163,0.040313,0.313239,0.138565,-0.158655,-0.084949,0.031996,-0.079258,-0.132463,-0.016355,-0.003575,0.186585,0.225047,0.159114,0.094290,0.278035,0.191801,-0.076889,0.113008,0.129967,-0.201203,0.252718,0.136439,0.118332,-0.196022,-0.331232,-0.021210,-0.185184,0.030358,-0.075968,0.283015,0.180644,0.107058,0.069789,0.179045,0.072204,0.009422,0.164306,0.019993,-0.006764,0.017559,-0.024138,-0.121269,-0.048231,0.070019,-0.157121,0.051353,0.236192,0.177887,-0.162787,-0.034941,0.044115,-0.059971,-0.272347,-0.003792,-0.044359,0.077601,0.146096,0.146306,0.037743,-0.169751,0.022022,0.141918,0.062512,0.015282,0.105801,-0.191703,0.044634,-0.008448,0.063434,0.096083,0.321999,-0.210360,0.071644,0.186876,0.024993,0.000416,0.056065,-0.046890,0.327289,-0.182486,0.113849,-0.076366,0.110638,-0.027583,-0.182393,0.251643,0.248383,0.208845,0.029056,-0.068867,0.018804,-0.132830,0.240742,0.165210,-0.049840,0.256738,0.189792,0.105828,-0.024718,0.090309,-0.016945,0.041280,-0.072470,-0.040661,0.377543,0.054116,0.260173,-0.098905,0.030656,0.105074,0.053122,-0.171726,-0.128785,-0.271173,-0.061219,-0.046211,-0.150855,0.076636,0.258644,-0.010811,-0.006187,-0.050574,-0.059335,-0.005855,-0.139014,0.178294,0.149958,-0.002091,-0.008220,0.272823,0.033881,-0.093881,-0.046107,-0.178813,-0.003996,0.149779,-0.015634,0.068891,0.066339,0.016849,-0.006264,-0.182414,0.026319,-0.009706,0.007769,-0.033033,0.141074,-0.229581,0.008774,0.000430,-0.024868,-0.035843,-0.146491,-0.146719,0.150053,-0.062088,-0.000593,0.028899,-0.055496,-0.058243,0.190506,-0.036656,-0.049108,-0.031826,-0.104721,0.296868,-0.269165,-0.082155,-0.119314,0.300070,-0.031316,-0.035032,-0.029261,0.026657,0.262836,0.153711,#
