0,1.000000,0.649008,0.698897,0.723772,0.567884,0.714004,0.678279,0.724613,0.695364,0.665176,0.731108,0.733368,0.686378,0.638342,0.557173,0.716021,0.723918,0.710758,0.759337,0.581674,0.719631,0.659028,0.688024,0.706579,0.570433,0.723633,0.656451,0.690867,0.627857,0.702567,0.676235,0.681333,0.668077,0.660575,0.662527,0.633648,0.696272,0.775942,0.680211,0.714072,0.695337,0.702291,0.675169,0.756347,0.734939,0.625347,0.681158,0.706490,0.669686,0.708458,0.725434,0.679836,0.662601,0.700571,0.702425,0.745322,0.709741,0.777081,0.721189,0.781435,0.768488,0.566889,0.761554,0.717494,0.723514,0.595802,0.771677,0.635986,0.684264,0.600820,0.716748,0.758871,0.810046,0.763313,0.658655,0.760507,0.706659,0.687614,0.767070,0.676964,0.690162,0.662396,0.699214,0.740331,0.660885,0.706873,0.724094,0.685628,0.591794,0.720438,0.711269,0.663230,0.614915,0.698487,0.703352,0.689619,0.644542,0.654909,0.665733,0.755641,0.723783,0.727756,0.690011,0.709573,0.707235,0.727306,0.618854,0.685067,0.717892,0.635627,0.700057,0.699036,0.751931,0.653312,0.708611,0.800688,0.658466,0.724920,0.669349,0.646300,0.502481,0.785508,0.732247,0.790353,0.763643,0.676116,0.656450,0.734193,0.659966,0.614924,0.750662,0.648819,0.666791,0.656290,0.664825,0.678745,0.677364,0.794783,0.694836,0.739489,0.703050,0.610569,0.542831,0.682147,0.670505,0.576180,0.723728,0.618478,0.739570,0.758331,0.705991,0.708971,0.716563,0.670387,0.706492,0.640257,0.759286,0.701195,0.720539,0.692434,0.680767,0.674050,0.697881,0.732975,0.729229,0.658830,0.696259,0.649466,0.629881,0.735139,0.706426,0.710782,0.703624,0.776690,0.756564,0.663995,0.670881,0.691638,0.619353,0.653492,0.676899,0.709300,0.605169,0.650666,0.687859,0.665001,0.684564,0.619406,0.669897,0.739720,0.621618,0.733786,0.663583,0.672017,0.673741,0.691656,0.735937,0.733726,0.755326,0.617733,#
1,0.649008,1.000000,0.703053,0.719205,0.652672,0.774347,0.574463,0.696571,0.814286,0.697551,0.676426,0.570661,0.581644,0.652179,0.628571,0.731244,0.648441,0.647552,0.706117,0.668844,0.701727,0.808904,0.672752,0.650653,0.659401,0.585937,0.773535,0.757881,0.611733,0.646965,0.741421,0.701997,0.678034,0.725176,0.668449,0.722601,0.600703,0.778671,0.723970,0.636384,0.652108,0.599540,0.669941,0.633201,0.678619,0.653508,0.610286,0.680371,0.745548,0.635428,0.596988,0.741127,0.687752,0.674712,0.774940,0.642485,0.680873,0.696464,0.705421,0.600815,0.734166,0.621052,0.592738,0.659244,0.694071,0.658222,0.735379,0.642550,0.665967,0.701941,0.648296,0.735279,0.742757,0.694558,0.680978,0.704993,0.571185,0.629081,0.666621,0.641578,0.686427,0.614225,0.732649,0.678687,0.732594,0.671495,0.669997,0.704244,0.709889,0.672348,0.631456,0.550132,0.728726,0.708140,0.701977,0.568853,0.597996,0.675170,0.686375,0.738578,0.760754,0.654632,0.603582,0.684681,0.644959,0.730579,0.611419,0.662469,0.682719,0.652522,0.678204,0.637497,0.630602,0.687743,0.603220,0.613588,0.602437,0.711333,0.638805,0.657262,0.660251,0.617832,0.557758,0.650837,0.651167,0.604619,0.637155,0.635419,0.667921,0.723607,0.610352,0.750237,0.560044,0.655695,0.782851,0.602858,0.646406,0.662388,0.658869,0.648775,0.763997,0.674391,0.707053,0.726753,0.622636,0.624241,0.724633,0.598237,0.746597,0.647290,0.734397,0.751703,0.709251,0.592364,0.682743,0.614854,0.691784,0.655420,0.618724,0.697787,0.680383,0.705283,0.732966,0.714124,0.696899,0.583541,0.670529,0.615047,0.579964,0.603656,0.739960,0.630597,0.683648,0.689886,0.690042,0.664485,0.670140,0.800923,0.559165,0.720785,0.667965,0.711933,0.616616,0.743750,0.726918,0.758926,0.723441,0.525076,0.709883,0.706258,0.639656,0.661796,0.653688,0.679183,0.733273,0.567755,0.606728,0.699115,0.604920,0.596115,#
2,0.698897,0.703053,1.000000,0.689766,0.498225,0.700637,0.628718,0.583655,0.735633,0.605523,0.646758,0.545146,0.596737,0.540362,0.593257,0.691326,0.585379,0.627972,0.570377,0.629470,0.522921,0.626635,0.568004,0.720298,0.594743,0.541983,0.743223,0.738243,0.689921,0.682381,0.758314,0.669148,0.606633,0.610813,0.607035,0.621522,0.589479,0.720329,0.709809,0.597622,0.557490,0.657667,0.711122,0.589749,0.595275,0.559358,0.743054,0.598632,0.598059,0.695152,0.658707,0.702999,0.634814,0.627846,0.778061,0.631263,0.675411,0.621387,0.627084,0.614306,0.749223,0.611998,0.648688,0.706747,0.610907,0.620188,0.670404,0.620877,0.592720,0.663877,0.613941,0.669185,0.729784,0.603265,0.654609,0.725910,0.579502,0.607853,0.636712,0.655752,0.679998,0.616189,0.594406,0.667503,0.702825,0.714147,0.573774,0.759160,0.602753,0.570966,0.627616,0.590490,0.695715,0.659029,0.610437,0.670717,0.569026,0.565489,0.775368,0.660986,0.552184,0.640044,0.614879,0.565947,0.543578,0.674065,0.651331,0.563895,0.679796,0.578852,0.622109,0.532716,0.643165,0.555837,0.617653,0.613753,0.624968,0.670757,0.706112,0.598860,0.589522,0.581908,0.585207,0.699960,0.682421,0.534897,0.650250,0.688228,0.591604,0.710672,0.687344,0.722383,0.700946,0.733093,0.681907,0.660919,0.628092,0.637829,0.705854,0.649394,0.640388,0.632600,0.512980,0.547577,0.612357,0.706042,0.583123,0.676268,0.576915,0.670336,0.717018,0.644363,0.615216,0.636127,0.626738,0.573359,0.681979,0.493474,0.553731,0.598045,0.529666,0.540235,0.553493,0.651156,0.588705,0.618153,0.719053,0.521919,0.551813,0.616108,0.642168,0.591094,0.639438,0.596109,0.681986,0.572759,0.581068,0.683247,0.551281,0.572875,0.632380,0.700675,0.476744,0.740087,0.599430,0.652501,0.578429,0.510422,0.715801,0.703377,0.566375,0.674488,0.793362,0.562229,0.627578,0.688714,0.586246,0.724224,0.583768,0.658460,#
3,0.723772,0.719205,0.689766,1.000000,0.693916,0.761975,0.683074,0.627465,0.775437,0.701695,0.683776,0.612364,0.581727,0.691854,0.573660,0.778289,0.691350,0.687641,0.723154,0.653110,0.632020,0.676318,0.610793,0.634310,0.686352,0.654495,0.655573,0.694923,0.610587,0.654534,0.737686,0.760548,0.670477,0.657612,0.653627,0.670691,0.639727,0.752544,0.597157,0.740986,0.670262,0.641778,0.677122,0.780774,0.650539,0.700833,0.787568,0.602824,0.768161,0.668825,0.694561,0.663874,0.708182,0.615669,0.668492,0.708724,0.598613,0.680394,0.721575,0.749395,0.668018,0.611639,0.623112,0.721509,0.759400,0.669164,0.675861,0.740572,0.571465,0.602611,0.628993,0.751254,0.686338,0.720884,0.646719,0.683303,0.606008,0.636129,0.677888,0.675777,0.734109,0.529737,0.650840,0.671270,0.756730,0.742464,0.726224,0.622057,0.697405,0.712225,0.654834,0.615435,0.685486,0.741981,0.690859,0.622121,0.579695,0.552581,0.724079,0.713613,0.680524,0.690475,0.616435,0.618346,0.690975,0.657866,0.568641,0.615492,0.678602,0.604452,0.676280,0.604528,0.601630,0.684271,0.678271,0.751037,0.530400,0.632078,0.673810,0.568419,0.596884,0.702226,0.614619,0.659187,0.658602,0.682940,0.625759,0.669111,0.647228,0.707806,0.653096,0.713829,0.583414,0.666626,0.735771,0.703302,0.730437,0.697515,0.648850,0.667051,0.643828,0.686167,0.658963,0.567831,0.689677,0.752625,0.622361,0.687525,0.685844,0.659192,0.684633,0.715662,0.590156,0.738579,0.658855,0.552704,0.735269,0.583122,0.628241,0.624527,0.674485,0.681819,0.629533,0.650727,0.644233,0.686509,0.715581,0.581681,0.682036,0.576516,0.691542,0.725764,0.722906,0.717369,0.727404,0.621857,0.706853,0.721896,0.631120,0.634370,0.626533,0.712430,0.618070,0.720397,0.670430,0.712135,0.698703,0.522597,0.704257,0.772014,0.626252,0.621287,0.672133,0.614315,0.671028,0.635912,0.661275,0.716617,0.610558,0.588803,#
4,0.567884,0.652672,0.498225,0.693916,1.000000,0.743290,0.677659,0.561290,0.600391,0.576951,0.514968,0.612573,0.556527,0.635954,0.468362,0.631568,0.719955,0.742446,0.655938,0.671215,0.657709,0.587084,0.502907,0.620991,0.660728,0.630389,0.631114,0.596859,0.512504,0.565222,0.745892,0.662935,0.630642,0.504547,0.582978,0.566956,0.596032,0.711419,0.507289,0.658376,0.647229,0.509567,0.513963,0.600408,0.559563,0.689142,0.581496,0.598831,0.739399,0.632336,0.623121,0.569026,0.657038,0.519491,0.671319,0.672725,0.540141,0.629583,0.693313,0.623257,0.603268,0.546964,0.568731,0.575485,0.607510,0.620254,0.688221,0.561774,0.572587,0.604172,0.571858,0.770351,0.605855,0.667475,0.585310,0.498323,0.503657,0.579327,0.626547,0.618232,0.586556,0.497685,0.620727,0.569803,0.636525,0.551387,0.511590,0.528824,0.597534,0.683172,0.562919,0.512752,0.530354,0.640133,0.523330,0.568994,0.556326,0.418666,0.499893,0.623415,0.692935,0.636562,0.618389,0.569197,0.608471,0.645100,0.597319,0.580434,0.696327,0.548460,0.557001,0.552835,0.495560,0.703582,0.601661,0.591335,0.615459,0.649106,0.611811,0.433463,0.552115,0.562209,0.695629,0.589249,0.597466,0.652901,0.520344,0.602565,0.660352,0.617145,0.661306,0.659022,0.521923,0.626089,0.753979,0.618295,0.661330,0.632226,0.597463,0.545401,0.610256,0.589735,0.673121,0.593884,0.540071,0.514576,0.635113,0.625191,0.584316,0.622494,0.700999,0.727378,0.482527,0.486462,0.694749,0.607744,0.679340,0.513059,0.566015,0.556896,0.543833,0.531658,0.700352,0.559981,0.649758,0.565260,0.559860,0.441266,0.599930,0.564688,0.569987,0.627377,0.656195,0.607851,0.678346,0.628307,0.699216,0.659437,0.568975,0.602207,0.676128,0.565827,0.624434,0.543614,0.663665,0.671145,0.638179,0.653760,0.654600,0.595323,0.489891,0.549976,0.583974,0.635231,0.573696,0.514083,0.566125,0.692878,0.615882,0.411164,#
5,0.714004,0.774347,0.700637,0.761975,0.743290,1.000000,0.656133,0.669142,0.776135,0.614771,0.674531,0.634998,0.549391,0.602368,0.644907,0.761580,0.743906,0.676572,0.693599,0.688690,0.685939,0.772378,0.606707,0.656820,0.638879,0.694369,0.794684,0.727224,0.576088,0.631611,0.782985,0.761887,0.723905,0.617462,0.694055,0.705111,0.676834,0.770470,0.650088,0.671871,0.731903,0.623737,0.641792,0.642013,0.718036,0.748464,0.707663,0.602181,0.762146,0.635439,0.699147,0.690717,0.659542,0.759883,0.701621,0.809432,0.627181,0.723814,0.785771,0.747689,0.754335,0.666362,0.721788,0.754198,0.668653,0.671333,0.780222,0.635450,0.634413,0.730443,0.708833,0.767969,0.747155,0.697160,0.660636,0.687321,0.698772,0.572853,0.664229,0.692433,0.707965,0.601004,0.685573,0.669133,0.729001,0.692927,0.685468,0.692222,0.703078,0.715470,0.581217,0.613395,0.675680,0.741019,0.703771,0.629724,0.698545,0.565763,0.719016,0.654720,0.742649,0.694090,0.767762,0.710467,0.686069,0.748327,0.631713,0.620292,0.686793,0.677860,0.694370,0.716261,0.668588,0.659816,0.556467,0.685249,0.714276,0.723940,0.609846,0.650638,0.605878,0.662304,0.676724,0.768406,0.688566,0.669240,0.643182,0.709746,0.725219,0.771611,0.751060,0.781208,0.676605,0.748411,0.759530,0.662707,0.768639,0.683209,0.637783,0.755496,0.707138,0.631454,0.665470,0.696611,0.716149,0.652487,0.666806,0.688590,0.736283,0.772253,0.700049,0.750887,0.601937,0.644140,0.784907,0.562243,0.725610,0.625180,0.638311,0.638710,0.646513,0.699871,0.679643,0.677014,0.712100,0.638805,0.615407,0.625233,0.634445,0.693301,0.683489,0.722219,0.724388,0.692766,0.789626,0.636388,0.630381,0.722735,0.663825,0.623198,0.713521,0.688314,0.624118,0.653541,0.726845,0.768206,0.773524,0.568093,0.695967,0.756531,0.538131,0.720443,0.688824,0.655745,0.560908,0.549386,0.646637,0.690541,0.641794,0.538015,#
6,0.678279,0.574463,0.628718,0.683074,0.677659,0.656133,1.000000,0.611247,0.641572,0.618755,0.660556,0.610351,0.581206,0.687083,0.485363,0.655120,0.682972,0.711131,0.712534,0.610112,0.707372,0.580059,0.541017,0.664880,0.637682,0.668129,0.682713,0.664752,0.542880,0.706063,0.690773,0.720824,0.645848,0.632042,0.638996,0.638099,0.649492,0.670996,0.575288,0.662298,0.710086,0.710060,0.639588,0.706223,0.681361,0.544583,0.719460,0.625819,0.735948,0.723097,0.699154,0.672748,0.705567,0.497795,0.689188,0.694962,0.657234,0.751568,0.767662,0.633824,0.684483,0.668000,0.610021,0.643753,0.725548,0.612347,0.786178,0.632507,0.691936,0.625116,0.638619,0.721096,0.747971,0.699422,0.585473,0.593101,0.622746,0.747565,0.702467,0.595118,0.646042,0.648232,0.593026,0.771611,0.671474,0.670412,0.608039,0.623397,0.681852,0.727347,0.636351,0.615749,0.577950,0.714801,0.642452,0.661530,0.575865,0.605510,0.648086,0.676580,0.701492,0.677951,0.627115,0.643606,0.719644,0.603991,0.753956,0.564601,0.715116,0.596308,0.520000,0.630221,0.613929,0.671492,0.584348,0.638032,0.621666,0.666899,0.600648,0.550633,0.575828,0.617090,0.643375,0.750641,0.719792,0.611374,0.653408,0.713226,0.482959,0.616348,0.712382,0.640318,0.533248,0.628682,0.699838,0.680292,0.735620,0.662535,0.757259,0.707719,0.703091,0.696442,0.605687,0.617231,0.599166,0.680246,0.691312,0.612516,0.618507,0.653120,0.710611,0.740211,0.578318,0.621370,0.612753,0.596958,0.683005,0.528991,0.645031,0.731503,0.675381,0.621425,0.600050,0.658311,0.704869,0.619276,0.726921,0.468924,0.613357,0.705947,0.655019,0.711866,0.684321,0.611639,0.634737,0.694579,0.699723,0.646949,0.644933,0.683718,0.676424,0.660300,0.645423,0.698926,0.598246,0.705184,0.638936,0.665833,0.653996,0.683920,0.578719,0.598918,0.696857,0.667037,0.697039,0.732637,0.689303,0.725033,0.633560,0.641966,#
7,0.724613,0.696571,0.583655,0.627465,0.561290,0.669142,0.611247,1.000000,0.713519,0.594010,0.706844,0.637519,0.618174,0.626136,0.568103,0.662255,0.636542,0.599168,0.655551,0.568173,0.669661,0.573596,0.786209,0.662664,0.602837,0.668885,0.674976,0.657147,0.563150,0.659208,0.671397,0.719768,0.612970,0.676715,0.684036,0.596162,0.705203,0.673043,0.568815,0.652521,0.698248,0.632823,0.595043,0.601643,0.651082,0.604056,0.622864,0.665526,0.681659,0.602275,0.725442,0.724092,0.661510,0.651430,0.707675,0.653333,0.676878,0.786847,0.651459,0.710756,0.641507,0.591010,0.768979,0.669296,0.703256,0.658302,0.783221,0.617704,0.701558,0.562947,0.684507,0.572731,0.682425,0.721896,0.640952,0.676329,0.653195,0.619496,0.626472,0.603948,0.665270,0.559122,0.633728,0.593596,0.640768,0.652527,0.717027,0.582321,0.607033,0.582139,0.640553,0.684265,0.530893,0.655811,0.662851,0.616238,0.623725,0.631554,0.627062,0.651873,0.692292,0.633240,0.685978,0.638136,0.697301,0.650184,0.630071,0.621345,0.700023,0.527519,0.688152,0.589036,0.624862,0.622019,0.592279,0.724120,0.593584,0.643074,0.567772,0.709663,0.573801,0.607027,0.575488,0.665910,0.739778,0.703394,0.612427,0.742579,0.500470,0.601842,0.580632,0.615551,0.573828,0.564526,0.742655,0.701553,0.698055,0.686228,0.598625,0.701275,0.674845,0.586172,0.656015,0.583705,0.629543,0.562055,0.680833,0.546469,0.661854,0.680744,0.683289,0.640696,0.671540,0.625605,0.681295,0.649030,0.656796,0.647071,0.652568,0.616638,0.646998,0.621453,0.707524,0.579723,0.706940,0.598467,0.667978,0.609278,0.645124,0.639859,0.722234,0.654244,0.573379,0.699785,0.633873,0.615491,0.629818,0.592752,0.590550,0.656729,0.628192,0.585146,0.623649,0.626897,0.634176,0.679079,0.661487,0.551401,0.663135,0.686122,0.568374,0.672337,0.608649,0.546396,0.647872,0.567742,0.645095,0.716516,0.726414,0.512753,#
8,0.695364,0.814286,0.735633,0.775437,0.600391,0.776135,0.641572,0.713519,1.000000,0.699808,0.683448,0.673132,0.685805,0.688440,0.613879,0.750413,0.671953,0.727791,0.661297,0.702680,0.651276,0.763615,0.693254,0.644397,0.599339,0.635085,0.707724,0.740297,0.686101,0.693853,0.752796,0.757084,0.634265,0.682520,0.673590,0.708703,0.642846,0.766648,0.664970,0.664580,0.633059,0.647973,0.729026,0.628997,0.723793,0.629641,0.675289,0.625438,0.744948,0.677482,0.701061,0.703522,0.644094,0.750613,0.776974,0.734141,0.659522,0.735259,0.724737,0.641119,0.727124,0.700393,0.680197,0.740721,0.684762,0.694201,0.762773,0.691244,0.729146,0.741220,0.647735,0.733509,0.800699,0.767890,0.713003,0.662006,0.712439,0.707476,0.630531,0.706455,0.677895,0.570708,0.703897,0.710054,0.763103,0.711676,0.644210,0.743740,0.666914,0.627569,0.646613,0.644544,0.731826,0.596196,0.732555,0.626229,0.608379,0.622711,0.783582,0.704166,0.732447,0.725621,0.737982,0.697193,0.674293,0.691248,0.700910,0.699699,0.655420,0.666238,0.684128,0.629505,0.723700,0.710421,0.642353,0.706658,0.616586,0.650848,0.738576,0.735691,0.577773,0.600587,0.624840,0.705635,0.690581,0.684291,0.631492,0.767192,0.639852,0.699923,0.635336,0.662247,0.605814,0.685922,0.791188,0.624645,0.736848,0.697729,0.648944,0.702299,0.804892,0.730491,0.732701,0.656084,0.677111,0.621753,0.641856,0.548139,0.719904,0.748464,0.714789,0.725173,0.697128,0.786466,0.636489,0.663974,0.727344,0.646121,0.703567,0.746519,0.700788,0.711746,0.726193,0.735122,0.722441,0.613385,0.658003,0.650717,0.677519,0.692045,0.693741,0.635317,0.680192,0.692096,0.734674,0.684530,0.650437,0.797102,0.565734,0.527738,0.670448,0.758524,0.657957,0.786076,0.688961,0.711462,0.754264,0.549150,0.664726,0.749526,0.669153,0.717126,0.745944,0.674991,0.676144,0.609371,0.761327,0.672096,0.678509,0.690112,#
9,0.665176,0.697551,0.605523,0.701695,0.576951,0.614771,0.618755,0.594010,0.699808,1.000000,0.655237,0.500500,0.626049,0.737177,0.641981,0.633227,0.641372,0.723264,0.643839,0.591821,0.740540,0.637547,0.638836,0.659090,0.660014,0.592258,0.651956,0.796437,0.537734,0.833219,0.663964,0.658629,0.673357,0.649096,0.656321,0.617009,0.588641,0.695197,0.642669,0.739646,0.677490,0.784635,0.629338,0.608951,0.693440,0.679700,0.591234,0.635983,0.705207,0.595872,0.627123,0.650540,0.538358,0.574519,0.707530,0.716352,0.671901,0.736366,0.617717,0.630964,0.729984,0.652631,0.615410,0.747977,0.701865,0.759260,0.751097,0.642239,0.728647,0.615605,0.557341,0.716959,0.650421,0.654990,0.721087,0.702004,0.604325,0.757411,0.658301,0.742517,0.686182,0.582079,0.585742,0.760333,0.675880,0.616878,0.590361,0.683795,0.691366,0.616065,0.650386,0.575689,0.733293,0.650937,0.700232,0.679309,0.522351,0.573684,0.579947,0.699047,0.767737,0.662006,0.638748,0.666062,0.674574,0.700990,0.642402,0.656276,0.710827,0.671096,0.661795,0.599879,0.694823,0.650470,0.613942,0.743404,0.406911,0.698209,0.646919,0.610831,0.569035,0.662252,0.622667,0.699648,0.642793,0.630871,0.670820,0.637075,0.656226,0.570530,0.563433,0.751790,0.593144,0.629436,0.681538,0.578247,0.641874,0.693835,0.664473,0.684865,0.748424,0.752958,0.690175,0.658778,0.683372,0.667102,0.663370,0.700864,0.665281,0.596900,0.622458,0.637494,0.621979,0.648325,0.634587,0.666213,0.642533,0.692022,0.547830,0.700982,0.677029,0.708474,0.661717,0.695370,0.641754,0.656374,0.599801,0.562535,0.678717,0.585749,0.643774,0.678269,0.692586,0.698577,0.742549,0.774610,0.627878,0.738048,0.513902,0.698431,0.659792,0.642367,0.705991,0.661190,0.688007,0.797366,0.640041,0.583452,0.689610,0.651698,0.625890,0.710245,0.605714,0.650490,0.667844,0.602790,0.667104,0.666543,0.653390,0.514369,#
10,0.731108,0.676426,0.646758,0.683776,0.514968,0.674531,0.660556,0.706844,0.683448,0.655237,1.000000,0.639302,0.678382,0.647896,0.513685,0.640898,0.655692,0.633414,0.793091,0.615869,0.645501,0.637713,0.701784,0.690963,0.590349,0.694796,0.689419,0.765759,0.649012,0.726792,0.655390,0.678825,0.656273,0.682174,0.705484,0.706842,0.693719,0.736218,0.689983,0.649981,0.672728,0.656826,0.656149,0.709099,0.676541,0.700001,0.747103,0.651313,0.714447,0.694598,0.654583,0.653865,0.667145,0.608439,0.745430,0.670638,0.702095,0.785383,0.660540,0.706160,0.756469,0.673450,0.762673,0.711876,0.740679,0.604074,0.720866,0.600174,0.718459,0.697724,0.728564,0.704105,0.792114,0.629666,0.628575,0.744481,0.681938,0.769841,0.724112,0.623326,0.767635,0.611016,0.588984,0.702123,0.673096,0.590630,0.742425,0.633416,0.665008,0.722288,0.592996,0.650241,0.740901,0.673561,0.667088,0.687397,0.609251,0.662287,0.684548,0.767052,0.696818,0.625710,0.684297,0.756003,0.722303,0.723625,0.573705,0.628980,0.713317,0.636422,0.730491,0.649838,0.711281,0.628268,0.580555,0.699511,0.533000,0.620362,0.628653,0.695266,0.583998,0.698300,0.542627,0.755052,0.614230,0.638043,0.710731,0.683126,0.670374,0.667726,0.663720,0.679418,0.586510,0.647951,0.680196,0.732789,0.676140,0.602628,0.703789,0.783690,0.774933,0.700017,0.575482,0.679742,0.654738,0.616185,0.632430,0.616306,0.717123,0.657779,0.657815,0.690703,0.692547,0.557399,0.689424,0.668205,0.718122,0.719304,0.608558,0.715757,0.790255,0.646610,0.636561,0.665502,0.716507,0.595371,0.726694,0.537248,0.646026,0.713424,0.772260,0.758181,0.603589,0.605649,0.666274,0.664636,0.666500,0.721552,0.572481,0.679990,0.711379,0.623960,0.682974,0.648464,0.637298,0.720310,0.605026,0.661413,0.677209,0.773586,0.661380,0.618085,0.637781,0.710570,0.658915,0.722721,0.712197,0.729154,0.704952,0.621705,#
11,0.733368,0.570661,0.545146,0.612364,0.612573,0.634998,0.610351,0.637519,0.673132,0.500500,0.639302,1.000000,0.659328,0.623555,0.518290,0.673062,0.668447,0.697960,0.690410,0.564182,0.601955,0.606794,0.649910,0.648044,0.563873,0.573492,0.576386,0.559727,0.614109,0.568422,0.634735,0.616986,0.679916,0.589405,0.528554,0.606652,0.692743,0.727562,0.559886,0.584060,0.567061,0.589699,0.551616,0.609489,0.603220,0.577089,0.666848,0.676650,0.599881,0.677943,0.625847,0.562195,0.580223,0.543015,0.677828,0.680792,0.506993,0.601038,0.610950,0.630413,0.624230,0.523178,0.705978,0.629224,0.635498,0.624955,0.673990,0.592353,0.656014,0.688025,0.682580,0.663514,0.679919,0.720058,0.673044,0.578866,0.665736,0.675708,0.636106,0.510588,0.630388,0.480617,0.570126,0.583095,0.663959,0.584420,0.488853,0.572226,0.441859,0.562465,0.652365,0.567684,0.548207,0.602738,0.582065,0.607556,0.609803,0.574679,0.648906,0.651637,0.639239,0.663397,0.647925,0.611934,0.688903,0.651324,0.541297,0.640337,0.740751,0.602711,0.668632,0.613391,0.683682,0.592787,0.492400,0.624814,0.562310,0.576613,0.666152,0.622946,0.404264,0.611697,0.589569,0.697155,0.639511,0.670797,0.672444,0.661385,0.632191,0.565379,0.656870,0.520846,0.548866,0.615012,0.706666,0.577865,0.664414,0.571648,0.616524,0.540426,0.693195,0.580006,0.541931,0.608677,0.633063,0.499908,0.685767,0.621053,0.590016,0.698857,0.623122,0.589134,0.642798,0.596830,0.634956,0.572035,0.733959,0.536784,0.638070,0.578684,0.593982,0.582487,0.741854,0.632784,0.734620,0.473244,0.634408,0.453720,0.599525,0.691550,0.608670,0.605052,0.684186,0.721428,0.664054,0.625351,0.607314,0.607901,0.512320,0.599662,0.594647,0.536246,0.639453,0.601032,0.623089,0.522085,0.605398,0.700235,0.584510,0.670562,0.524428,0.709551,0.638091,0.599308,0.553701,0.604788,0.665214,0.655317,0.658349,0.427917,#
12,0.686378,0.581644,0.596737,0.581727,0.556527,0.549391,0.581206,0.618174,0.685805,0.626049,0.678382,0.659328,1.000000,0.652400,0.579784,0.556927,0.539870,0.693085,0.698643,0.623713,0.648057,0.475390,0.686158,0.707780,0.598441,0.592593,0.572017,0.677650,0.601075,0.637412,0.624178,0.607308,0.592719,0.659147,0.617998,0.668919,0.635317,0.695700,0.683683,0.575966,0.522028,0.535706,0.539569,0.609909,0.629483,0.561610,0.717521,0.564466,0.620570,0.648185,0.753623,0.590245,0.571229,0.602767,0.742819,0.656282,0.580103,0.657831,0.542120,0.629044,0.623249,0.550430,0.683304,0.638127,0.699459,0.669843,0.679587,0.519968,0.673971,0.609038,0.617495,0.655724,0.658337,0.683507,0.710583,0.596789,0.631587,0.694677,0.677391,0.664773,0.609851,0.523744,0.618209,0.672414,0.597303,0.669947,0.515190,0.671662,0.576754,0.555925,0.745770,0.629593,0.669727,0.520374,0.597127,0.639437,0.653539,0.579623,0.636451,0.637135,0.593072,0.719519,0.688476,0.639831,0.617974,0.573099,0.551372,0.522777,0.725595,0.611430,0.583081,0.602287,0.629983,0.597095,0.752740,0.656215,0.439556,0.524312,0.705684,0.671946,0.508082,0.632780,0.579669,0.681728,0.624512,0.724204,0.634291,0.590799,0.631649,0.556965,0.568178,0.531684,0.522960,0.557754,0.621716,0.632292,0.569651,0.652174,0.561244,0.579001,0.768171,0.664665,0.544870,0.673410,0.552911,0.497602,0.678230,0.529683,0.661318,0.742471,0.646080,0.608174,0.617966,0.580329,0.532667,0.709046,0.738752,0.720766,0.711068,0.627251,0.633597,0.598123,0.626899,0.594179,0.716942,0.432305,0.574547,0.649554,0.500810,0.637068,0.623422,0.585796,0.678112,0.610321,0.667197,0.498212,0.742978,0.740132,0.514988,0.542985,0.588917,0.638301,0.639395,0.578860,0.523917,0.589143,0.580417,0.639282,0.676246,0.633293,0.532284,0.636065,0.573549,0.628783,0.543433,0.688749,0.671511,0.703700,0.700978,0.421296,#
13,0.638342,0.652179,0.540362,0.691854,0.635954,0.602368,0.687083,0.626136,0.688440,0.737177,0.647896,0.623555,0.652400,1.000000,0.502153,0.667450,0.595176,0.758857,0.727788,0.640124,0.671806,0.620572,0.700314,0.618928,0.670096,0.622397,0.587622,0.719351,0.603689,0.733212,0.552099,0.666000,0.657907,0.753496,0.493487,0.600687,0.684357,0.765700,0.679206,0.652853,0.801310,0.591955,0.638697,0.681445,0.756668,0.649156,0.665985,0.689187,0.710841,0.656162,0.680159,0.758471,0.578082,0.526256,0.733013,0.717450,0.667644,0.717770,0.743666,0.634715,0.750847,0.642648,0.635149,0.718784,0.712883,0.728660,0.672637,0.620954,0.646497,0.575782,0.586900,0.726859,0.646769,0.753526,0.684075,0.626308,0.648328,0.721124,0.731666,0.656388,0.688423,0.535024,0.627447,0.726292,0.641046,0.720369,0.542128,0.589617,0.736327,0.585902,0.611160,0.645320,0.615369,0.651396,0.676012,0.629641,0.576848,0.558144,0.610108,0.737192,0.665921,0.677137,0.651281,0.762104,0.721336,0.731244,0.646128,0.670340,0.727678,0.632366,0.672117,0.648239,0.642702,0.665186,0.626747,0.755698,0.517698,0.662810,0.704272,0.644473,0.649707,0.666422,0.547131,0.613769,0.664058,0.643532,0.705251,0.615593,0.624630,0.591155,0.665221,0.634235,0.562207,0.624768,0.701901,0.640670,0.636170,0.688074,0.738212,0.585564,0.701852,0.756653,0.722027,0.656837,0.593544,0.630337,0.706010,0.612196,0.683558,0.685188,0.719530,0.689089,0.557640,0.683063,0.549183,0.626706,0.774250,0.666439,0.691319,0.679030,0.676881,0.708861,0.623365,0.695221,0.734901,0.619409,0.686706,0.588163,0.675738,0.622219,0.661662,0.728289,0.734413,0.633730,0.732448,0.694330,0.714152,0.771409,0.596996,0.686788,0.651118,0.677385,0.758022,0.643010,0.748329,0.709193,0.580070,0.663782,0.631602,0.702252,0.610490,0.636975,0.622332,0.639342,0.735328,0.584617,0.722333,0.716195,0.644300,0.558183,#
14,0.557173,0.628571,0.593257,0.573660,0.468362,0.644907,0.485363,0.568103,0.613879,0.641981,0.513685,0.518290,0.579784,0.502153,1.000000,0.559019,0.554679,0.478222,0.472570,0.510197,0.597519,0.555204,0.544931,0.643291,0.532000,0.420706,0.605013,0.608889,0.454921,0.616061,0.625992,0.574735,0.578849,0.537711,0.532115,0.504555,0.539010,0.631403,0.615648,0.447231,0.549876,0.573740,0.639754,0.532860,0.554501,0.615087,0.547160,0.485192,0.492914,0.455408,0.561316,0.540021,0.397520,0.647929,0.567674,0.611939,0.567744,0.537871,0.596699,0.533373,0.655650,0.626206,0.589995,0.562888,0.581325,0.514490,0.606391,0.533736,0.632171,0.580594,0.489054,0.571932,0.560672,0.502752,0.636849,0.560244,0.457987,0.547552,0.545345,0.479560,0.573508,0.486519,0.560889,0.622418,0.587499,0.621968,0.495455,0.568197,0.613666,0.396841,0.524331,0.410939,0.586054,0.651213,0.649960,0.519665,0.659949,0.483506,0.573194,0.487453,0.612559,0.608899,0.618266,0.468093,0.525438,0.630459,0.519071,0.461121,0.673681,0.507280,0.590439,0.592695,0.633434,0.462605,0.472661,0.619898,0.402254,0.537711,0.517462,0.600390,0.511541,0.610593,0.463267,0.573841,0.693375,0.362039,0.588666,0.644460,0.476237,0.540802,0.480371,0.598519,0.496727,0.559989,0.568587,0.522500,0.606908,0.560211,0.540652,0.637408,0.626001,0.587290,0.380322,0.615702,0.554000,0.564714,0.731724,0.550986,0.568087,0.504119,0.587040,0.542367,0.384507,0.437058,0.601778,0.478788,0.558952,0.535549,0.503050,0.534284,0.563837,0.502790,0.554014,0.548731,0.519613,0.375190,0.418346,0.506519,0.374227,0.629890,0.528268,0.589083,0.587500,0.620055,0.662318,0.587238,0.551577,0.612719,0.427576,0.501336,0.501612,0.583577,0.680739,0.613427,0.597315,0.601420,0.641803,0.445749,0.622733,0.583187,0.380442,0.567731,0.608660,0.523828,0.405224,0.561152,0.526942,0.540882,0.483078,0.390143,#
15,0.716021,0.731244,0.691326,0.778289,0.631568,0.761580,0.655120,0.662255,0.750413,0.633227,0.640898,0.673062,0.556927,0.667450,0.559019,1.000000,0.698529,0.698710,0.724376,0.644864,0.642899,0.737302,0.625075,0.673839,0.700411,0.632818,0.703872,0.655600,0.559080,0.668507,0.757899,0.729180,0.692569,0.721652,0.627384,0.703278,0.750181,0.730854,0.734080,0.639987,0.641771,0.697373,0.696674,0.592309,0.752917,0.636701,0.760317,0.735224,0.748610,0.706908,0.697743,0.681517,0.663855,0.647526,0.695466,0.681220,0.641285,0.686194,0.694401,0.653412,0.730588,0.615709,0.613908,0.768947,0.699055,0.692707,0.732479,0.688945,0.620998,0.606209,0.670917,0.676995,0.628078,0.650542,0.772106,0.599902,0.661888,0.676850,0.719083,0.686753,0.666590,0.581173,0.614205,0.674780,0.784392,0.765464,0.604235,0.656577,0.627548,0.638632,0.619504,0.573237,0.665723,0.669894,0.610213,0.604479,0.554941,0.574461,0.625480,0.654839,0.770078,0.655616,0.716067,0.665721,0.636914,0.713133,0.640267,0.676746,0.698486,0.697149,0.615161,0.556187,0.709239,0.628230,0.592064,0.689148,0.625395,0.667015,0.749356,0.646254,0.570934,0.619668,0.587686,0.713605,0.684549,0.638917,0.724284,0.614087,0.720947,0.696021,0.650337,0.633294,0.632917,0.567944,0.701878,0.582830,0.674947,0.610363,0.756718,0.687320,0.689080,0.642069,0.624022,0.627149,0.685985,0.677659,0.612809,0.649255,0.683896,0.732551,0.705847,0.657987,0.703639,0.688468,0.672070,0.600526,0.741573,0.570658,0.689847,0.608742,0.638280,0.721380,0.683088,0.602567,0.703975,0.646916,0.710072,0.655664,0.668259,0.655172,0.587987,0.750140,0.679928,0.712772,0.764074,0.684535,0.660489,0.682639,0.603463,0.636041,0.626246,0.680602,0.632393,0.685036,0.656290,0.704815,0.629083,0.536438,0.672792,0.775921,0.629928,0.743415,0.680364,0.633179,0.670651,0.558207,0.672334,0.724757,0.712106,0.627163,#
16,0.723918,0.648441,0.585379,0.691350,0.719955,0.743906,0.682972,0.636542,0.671953,0.641372,0.655692,0.668447,0.539870,0.595176,0.554679,0.698529,1.000000,0.710987,0.724024,0.610228,0.677852,0.704018,0.549585,0.643686,0.615462,0.727241,0.675787,0.542310,0.551890,0.644505,0.780783,0.701424,0.747490,0.580259,0.581393,0.669247,0.690227,0.686331,0.610580,0.651908,0.668537,0.652460,0.593813,0.615661,0.655751,0.713456,0.644759,0.670210,0.713555,0.707229,0.591659,0.625686,0.660389,0.705375,0.682648,0.784733,0.563993,0.691147,0.700493,0.597559,0.669997,0.674962,0.652572,0.721116,0.728830,0.575273,0.743769,0.670339,0.720120,0.742574,0.661550,0.760092,0.720171,0.689405,0.679775,0.657190,0.657526,0.723283,0.721567,0.698197,0.702580,0.624861,0.655279,0.656776,0.684969,0.629277,0.679429,0.586158,0.629743,0.635008,0.599950,0.595938,0.673593,0.743361,0.642713,0.750984,0.664800,0.546667,0.671780,0.658379,0.745369,0.634458,0.694045,0.642060,0.644394,0.774374,0.708161,0.633591,0.750434,0.607296,0.678697,0.707639,0.704772,0.732343,0.613037,0.720752,0.644472,0.697508,0.630543,0.537610,0.458213,0.668055,0.647336,0.690934,0.632383,0.653888,0.659279,0.657386,0.666659,0.590965,0.694272,0.640054,0.681132,0.582507,0.717504,0.717049,0.657075,0.666207,0.679143,0.699012,0.689922,0.663546,0.675149,0.686223,0.589578,0.576406,0.675052,0.676315,0.661155,0.617777,0.668385,0.739127,0.562118,0.582687,0.754997,0.606236,0.715292,0.621904,0.612085,0.678732,0.581920,0.639036,0.780806,0.698766,0.668028,0.718447,0.661388,0.617088,0.678259,0.697217,0.664667,0.676414,0.623119,0.689440,0.720179,0.718672,0.570955,0.664777,0.558951,0.664365,0.700400,0.608137,0.702080,0.599942,0.717578,0.694315,0.730763,0.632520,0.654400,0.735288,0.687989,0.639055,0.692514,0.689503,0.610727,0.657603,0.659795,0.757868,0.726730,0.578524,#
17,0.710758,0.647552,0.627972,0.687641,0.742446,0.676572,0.711131,0.599168,0.727791,0.723264,0.633414,0.697960,0.693085,0.758857,0.478222,0.698710,0.710987,1.000000,0.685210,0.727851,0.676584,0.636875,0.684499,0.768947,0.749080,0.674754,0.709746,0.687367,0.591725,0.735890,0.729651,0.722585,0.602616,0.645581,0.590499,0.729408,0.708079,0.827724,0.673891,0.715604,0.646433,0.629888,0.624625,0.630532,0.693251,0.572865,0.691795,0.711368,0.758591,0.749858,0.666745,0.632025,0.637079,0.579677,0.730148,0.752774,0.630390,0.684721,0.691342,0.597297,0.712601,0.636713,0.661672,0.709129,0.689833,0.742981,0.785936,0.642611,0.715072,0.687013,0.707179,0.766995,0.714085,0.678679,0.714471,0.665030,0.731488,0.768807,0.704556,0.739687,0.637174,0.588332,0.742545,0.707356,0.690553,0.659426,0.620479,0.690922,0.646541,0.624740,0.781459,0.599173,0.628553,0.622172,0.618808,0.733974,0.636155,0.532924,0.605481,0.823254,0.736481,0.686085,0.661540,0.727316,0.673376,0.687766,0.700597,0.628964,0.699161,0.689134,0.640139,0.617337,0.703977,0.698678,0.663298,0.717300,0.595718,0.665124,0.691795,0.620701,0.590823,0.642171,0.633680,0.725896,0.712430,0.700415,0.685659,0.707475,0.680784,0.664834,0.696582,0.748300,0.648918,0.630398,0.687628,0.644694,0.681625,0.687914,0.735324,0.696770,0.775423,0.684275,0.751798,0.675766,0.629000,0.674138,0.740177,0.655100,0.722429,0.673503,0.700986,0.702522,0.627557,0.672306,0.683149,0.746944,0.818047,0.674749,0.666412,0.706487,0.673728,0.654586,0.748685,0.647215,0.751573,0.691903,0.578663,0.515050,0.671454,0.641783,0.708717,0.692553,0.697480,0.706234,0.802249,0.649185,0.695631,0.754652,0.572433,0.626724,0.671208,0.755190,0.722247,0.648839,0.744932,0.691508,0.669755,0.719755,0.642788,0.659604,0.626001,0.714884,0.705392,0.653548,0.706290,0.659228,0.728405,0.771341,0.693845,0.523928,#
18,0.759337,0.706117,0.570377,0.723154,0.655938,0.693599,0.712534,0.655551,0.661297,0.643839,0.793091,0.690410,0.698643,0.727788,0.472570,0.724376,0.724024,0.685210,1.000000,0.629054,0.706415,0.689973,0.653190,0.634117,0.622419,0.693313,0.706229,0.654502,0.589604,0.718178,0.657645,0.736394,0.703267,0.714358,0.701449,0.783310,0.688994,0.728013,0.703650,0.679082,0.722919,0.607185,0.600093,0.639136,0.728985,0.644920,0.735505,0.736414,0.778374,0.652705,0.656440,0.672544,0.683298,0.536501,0.763605,0.703544,0.610833,0.748909,0.690219,0.752503,0.697258,0.590966,0.651553,0.705553,0.765874,0.633860,0.747115,0.653828,0.668723,0.688399,0.689226,0.731198,0.708270,0.677782,0.718555,0.637088,0.687617,0.693946,0.762162,0.604521,0.675448,0.579681,0.616808,0.733981,0.694320,0.702097,0.639492,0.639432,0.723636,0.670701,0.655044,0.623213,0.719600,0.733146,0.731175,0.648493,0.631527,0.687493,0.690078,0.725960,0.751914,0.620875,0.688344,0.738057,0.752739,0.726178,0.600615,0.634395,0.771734,0.701799,0.682426,0.646964,0.723921,0.731109,0.633036,0.668945,0.627052,0.646442,0.704998,0.641149,0.568027,0.803808,0.621546,0.707894,0.628586,0.700989,0.757578,0.598411,0.769856,0.557449,0.744839,0.663142,0.643511,0.574405,0.688602,0.670962,0.744672,0.685993,0.688041,0.688836,0.742390,0.722530,0.629368,0.729252,0.667250,0.633529,0.674617,0.608740,0.701312,0.674975,0.669670,0.775305,0.681920,0.643983,0.674505,0.718990,0.731662,0.732838,0.710974,0.609576,0.725207,0.672445,0.747697,0.688678,0.743782,0.639443,0.784476,0.605759,0.621264,0.670120,0.673665,0.721355,0.687526,0.667583,0.671737,0.681499,0.688065,0.762854,0.621879,0.766030,0.696864,0.638921,0.675998,0.657793,0.692180,0.693234,0.622216,0.723282,0.642534,0.736990,0.588343,0.676554,0.615649,0.725543,0.703475,0.643107,0.697640,0.765722,0.743967,0.586249,#
19,0.581674,0.668844,0.629470,0.653110,0.671215,0.688690,0.610112,0.568173,0.702680,0.591821,0.615869,0.564182,0.623713,0.640124,0.510197,0.644864,0.610228,0.727851,0.629054,1.000000,0.661233,0.611780,0.521440,0.591941,0.574180,0.581377,0.632036,0.660819,0.628686,0.625495,0.731058,0.787320,0.596451,0.575793,0.465651,0.740318,0.574238,0.704139,0.598836,0.552107,0.628342,0.584679,0.582355,0.593396,0.616927,0.645186,0.701050,0.611845,0.650248,0.496495,0.549762,0.575146,0.576463,0.541443,0.666187,0.562598,0.675822,0.691029,0.658243,0.492567,0.676650,0.514023,0.652439,0.662109,0.589706,0.657093,0.655783,0.477192,0.660543,0.691914,0.580094,0.669603,0.648922,0.636858,0.643127,0.471532,0.527177,0.565621,0.541568,0.612054,0.618918,0.488821,0.678030,0.599226,0.618935,0.536026,0.617594,0.668981,0.656652,0.556636,0.618382,0.566342,0.579534,0.630444,0.630718,0.589287,0.576525,0.446783,0.563727,0.705513,0.690902,0.609955,0.635409,0.593817,0.629937,0.613792,0.575611,0.573519,0.647879,0.547087,0.570216,0.506436,0.623035,0.592634,0.678180,0.577317,0.567277,0.655371,0.596925,0.568318,0.573344,0.590292,0.504747,0.766750,0.630526,0.609610,0.636248,0.584611,0.733659,0.750397,0.599671,0.674574,0.598053,0.682959,0.699002,0.590081,0.593271,0.619666,0.639625,0.648434,0.717429,0.569277,0.571069,0.630807,0.559097,0.547575,0.582712,0.514328,0.630430,0.597375,0.621351,0.708812,0.536997,0.576322,0.692790,0.555364,0.763134,0.632482,0.490710,0.545200,0.564080,0.572605,0.604616,0.584708,0.655398,0.518649,0.510869,0.586662,0.591996,0.596023,0.661375,0.723452,0.657985,0.510316,0.696389,0.578142,0.636098,0.683674,0.525212,0.462573,0.557938,0.542349,0.629180,0.703158,0.548927,0.618734,0.607861,0.692715,0.687280,0.668786,0.464001,0.630401,0.650186,0.632800,0.605251,0.597641,0.569230,0.625460,0.568046,0.442857,#
20,0.719631,0.701727,0.522921,0.632020,0.657709,0.685939,0.707372,0.669661,0.651276,0.740540,0.645501,0.601955,0.648057,0.671806,0.597519,0.642899,0.677852,0.676584,0.706415,0.661233,1.000000,0.657284,0.547813,0.669955,0.634307,0.660200,0.666520,0.723098,0.557375,0.767299,0.694815,0.645938,0.617911,0.679863,0.637771,0.680968,0.635799,0.680712,0.620925,0.678613,0.691017,0.740133,0.597138,0.723422,0.733119,0.628128,0.654952,0.666559,0.716063,0.613934,0.645934,0.683301,0.577164,0.621570,0.649554,0.726272,0.671167,0.703167,0.686845,0.620636,0.713785,0.645413,0.767181,0.681750,0.756317,0.684886,0.789062,0.610898,0.711344,0.608049,0.618256,0.755755,0.651078,0.690339,0.666115,0.574670,0.600368,0.690498,0.700484,0.714553,0.592738,0.673006,0.639870,0.719864,0.607934,0.660021,0.687876,0.627061,0.698137,0.701481,0.635329,0.642930,0.579199,0.725489,0.696447,0.638812,0.523203,0.496440,0.592334,0.689921,0.773289,0.701580,0.741291,0.709956,0.758214,0.604298,0.668679,0.705928,0.742123,0.707933,0.629183,0.679427,0.634623,0.602367,0.642899,0.623586,0.579502,0.707663,0.585039,0.591151,0.602988,0.656084,0.605442,0.733304,0.687201,0.697591,0.619098,0.644282,0.601317,0.618253,0.622295,0.622829,0.643097,0.704407,0.738889,0.557962,0.625985,0.752911,0.675511,0.740908,0.721375,0.595303,0.630451,0.743997,0.657387,0.630852,0.713556,0.627528,0.696954,0.698703,0.717167,0.701632,0.689635,0.570941,0.769112,0.669872,0.716436,0.674007,0.614607,0.700252,0.672365,0.689776,0.666617,0.692969,0.780612,0.530948,0.569630,0.561548,0.638674,0.707800,0.667062,0.637367,0.750939,0.691988,0.707054,0.690981,0.674609,0.709173,0.562474,0.717256,0.646743,0.641824,0.676371,0.619395,0.637947,0.735561,0.656639,0.695924,0.616377,0.632548,0.491961,0.624109,0.613050,0.713366,0.640584,0.627516,0.722635,0.724798,0.679622,0.536045,#
21,0.659028,0.808904,0.626635,0.676318,0.587084,0.772378,0.580059,0.573596,0.763615,0.637547,0.637713,0.606794,0.475390,0.620572,0.555204,0.737302,0.704018,0.636875,0.689973,0.611780,0.657284,1.000000,0.626566,0.696510,0.575923,0.590448,0.734805,0.653578,0.535365,0.667624,0.696795,0.634850,0.686268,0.620501,0.632812,0.695101,0.603090,0.743580,0.650798,0.622640,0.689442,0.675285,0.648295,0.653512,0.698784,0.637930,0.606016,0.722365,0.705110,0.643271,0.513500,0.713064,0.619812,0.561223,0.679406,0.701024,0.626751,0.638538,0.733844,0.547116,0.704511,0.617987,0.645931,0.625979,0.722627,0.557379,0.710451,0.636009,0.649722,0.714612,0.560873,0.763023,0.650594,0.649736,0.708092,0.626344,0.632254,0.660482,0.716465,0.628678,0.575073,0.574952,0.681423,0.644540,0.781744,0.614181,0.560445,0.702207,0.711332,0.693104,0.523735,0.524867,0.689311,0.621401,0.708373,0.632142,0.568652,0.520940,0.619446,0.680030,0.738845,0.576897,0.602322,0.664508,0.570175,0.722436,0.608301,0.583157,0.667145,0.687729,0.675087,0.634345,0.670505,0.652851,0.521566,0.557066,0.603576,0.716181,0.565142,0.613730,0.572408,0.587937,0.569367,0.648612,0.577406,0.543358,0.631266,0.643598,0.657373,0.660675,0.657173,0.696398,0.577345,0.647753,0.786936,0.524314,0.611740,0.591379,0.686768,0.689556,0.732486,0.626817,0.624811,0.606631,0.580418,0.560461,0.661219,0.632133,0.583500,0.705324,0.655758,0.756055,0.638842,0.643787,0.613347,0.553626,0.680435,0.619252,0.521107,0.692384,0.629781,0.612251,0.705482,0.643161,0.737992,0.620737,0.643445,0.599607,0.569076,0.662551,0.695923,0.591079,0.651986,0.636412,0.622697,0.630931,0.562651,0.717956,0.539562,0.651468,0.639479,0.668851,0.622409,0.685091,0.637543,0.718620,0.706883,0.492925,0.591174,0.702508,0.608607,0.599837,0.659506,0.572063,0.655148,0.583926,0.650783,0.740850,0.606489,0.621731,#
