0,1.000000,-0.004104,0.041924,-0.206048,0.045808,0.081868,0.183153,-0.132233,-0.137634,-0.024814,0.210518,0.026530,-0.088097,-0.039422,0.090717,0.306131,0.321666,0.183343,0.007311,0.192007,-0.095198,-0.098857,-0.115686,0.387765,-0.063564,-0.109449,-0.021865,-0.208497,-0.088832,0.093647,-0.041994,0.311960,-0.149953,0.018458,0.310428,0.035806,-0.108112,-0.022679,0.048484,-0.127783,0.027835,-0.058929,0.246713,-0.395334,0.105051,-0.045512,-0.039478,0.235744,0.174741,0.145745,-0.096034,0.181497,0.002741,0.030065,0.291534,-0.148134,0.054343,0.172268,-0.024285,-0.047820,0.181603,0.295796,0.051258,0.167191,0.002330,0.010442,0.141664,0.013876,-0.029953,-0.004242,-0.111238,-0.041407,0.051847,0.234564,-0.214168,-0.086516,0.276796,0.017124,-0.039929,0.021648,0.049599,-0.130073,-0.108940,0.120147,0.185855,0.072674,0.182308,0.208579,0.235449,0.120005,-0.108027,-0.188180,0.187438,-0.163275,-0.268419,-0.055139,0.054208,-0.034864,0.083973,0.266392,0.048301,0.064972,0.102927,0.240082,-0.163350,0.088151,0.144893,0.120708,0.249835,0.001319,0.028009,0.163322,-0.020676,0.228745,0.022552,0.063636,0.064621,-0.050632,0.093674,0.138952,0.049062,-0.000468,0.205389,0.030667,0.231177,0.178871,0.088766,-0.110608,-0.093205,0.081249,-0.066156,0.039284,-0.103905,-0.150931,0.005102,0.118661,-0.089111,-0.137207,-0.276122,0.155535,0.181694,-0.249531,-0.129086,0.011946,0.043373,-0.386193,0.014333,0.059960,-0.072818,-0.286579,-0.109211,0.152365,0.219070,-0.120083,-0.185113,0.113720,0.255405,0.142370,0.160826,0.043444,0.273250,0.265191,0.124788,-0.098084,-0.023166,0.221823,0.062356,0.186032,0.064034,-0.047235,-0.178003,0.015179,0.039188,0.099371,-0.004662,0.132448,0.310058,0.147666,0.149884,-0.001599,0.027304,0.244437,0.233360,-0.058250,0.046281,-0.301866,-0.205187,0.184796,0.102058,-0.144114,-0.206551,0.085316,-0.024398,0.212092,0.154555,0.395446,0.033723,-0.052146,-0.168970,0.075451,#
1,-0.004104,1.000000,-0.049131,-0.180434,-0.091169,0.018620,-0.019027,0.097322,0.159091,0.106636,0.135002,0.243823,-0.039336,-0.403569,-0.198537,-0.085231,-0.103226,0.066592,-0.151784,0.056514,-0.291666,0.040724,-0.002651,-0.172491,0.119779,-0.075481,-0.301203,-0.035093,-0.216964,-0.145331,0.097995,-0.106435,-0.206704,0.064932,-0.017732,-0.051295,0.032465,-0.173898,0.088429,0.176365,0.130406,0.003773,0.110759,-0.099791,-0.156972,0.033535,0.234175,0.035108,0.216680,0.006834,0.048646,0.115731,0.007122,-0.068346,0.033124,0.016946,-0.109130,-0.212907,-0.130492,0.015261,-0.041378,-0.030483,-0.004489,-0.065316,-0.105032,0.319745,0.206372,0.289687,0.146810,0.020536,0.171225,0.231870,0.211730,-0.024060,0.070590,0.065248,-0.136158,-0.020272,0.206638,-0.142527,-0.115432,0.085112,-0.185930,0.114047,0.178891,0.102104,0.046835,0.201497,-0.019670,-0.072389,-0.021473,0.176879,-0.227328,-0.016966,0.073981,0.162892,-0.033612,-0.018009,-0.079683,-0.055060,0.107382,-0.070364,-0.099780,-0.197321,-0.211128,0.078491,-0.111977,0.067346,0.190574,-0.081515,-0.240622,0.107606,0.020988,0.107989,0.002558,0.257685,0.021479,-0.098483,0.062555,-0.137313,-0.168584,0.074527,0.166466,0.104809,0.179517,0.095800,-0.072894,0.088921,0.240520,0.072650,-0.113665,0.136931,0.048692,-0.019387,0.049843,-0.022477,0.260766,0.169391,-0.037684,0.155044,0.163697,-0.112155,-0.077269,0.170652,0.182999,-0.139233,-0.102220,0.060126,-0.009394,-0.230749,0.209729,0.073691,-0.130640,-0.173219,0.237346,0.088794,-0.036631,0.190578,-0.169433,-0.033266,-0.117975,0.097089,-0.052758,0.177014,0.065517,-0.081795,0.072968,-0.158118,-0.034955,0.128260,-0.051873,0.015006,-0.017564,-0.020467,0.066443,0.101963,0.066309,-0.194718,0.007783,0.015659,0.032686,-0.174353,0.188761,0.012095,0.129964,0.106136,-0.043341,-0.253567,0.386182,0.274367,0.036776,0.265345,-0.097989,-0.128706,-0.118232,-0.070382,0.028234,0.381741,-0.136640,0.283078,#
2,0.041924,-0.049131,1.000000,0.161169,0.371788,0.055511,0.060032,0.072687,0.038160,0.212756,0.188863,0.058766,-0.071827,0.206477,0.087270,0.176520,-0.085863,0.028620,0.122472,0.182784,0.279901,0.049273,0.190130,0.131529,-0.098244,0.229373,0.231726,-0.187559,-0.211845,0.154426,0.026030,0.009695,0.232468,0.247887,0.233194,0.055291,0.090251,0.199108,0.164732,-0.026983,-0.055536,-0.051187,0.020392,0.030872,-0.025558,0.231167,0.079961,-0.037073,-0.152522,-0.059233,-0.089245,0.193749,0.118688,-0.000970,0.133507,0.114780,0.197125,-0.202660,0.279712,0.227967,0.381535,0.114010,0.060261,-0.016319,0.111683,0.128369,-0.166697,0.014718,-0.044952,-0.007974,0.301390,0.181620,-0.072240,0.167503,0.295823,0.077805,0.047148,0.047392,0.022287,0.285123,0.139186,0.052112,0.362349,-0.332195,0.239984,0.128961,0.117436,0.092867,0.033292,-0.033564,0.296627,0.165759,0.102026,0.139847,0.109375,0.051689,-0.094334,0.018451,0.070247,0.009429,0.358034,0.147187,-0.005520,0.180002,0.154727,0.273819,0.412328,0.298035,0.223702,0.038463,0.033312,-0.001950,0.342707,0.159055,0.057063,0.143604,-0.036956,0.075273,-0.026133,0.117973,-0.076861,-0.125078,0.041872,0.204486,0.045494,0.038768,0.133637,0.065422,0.207369,0.200803,-0.098398,0.212962,0.081731,0.238380,0.110804,-0.210293,0.127566,0.089018,-0.074554,-0.061526,0.012157,0.203029,-0.109263,0.109542,0.110215,-0.043826,-0.005331,-0.050856,-0.044224,0.139555,0.088835,0.175245,0.293692,0.172996,-0.137788,0.061567,0.023868,-0.025400,0.221406,0.080756,-0.240885,0.161422,0.297962,0.073719,0.001117,0.260282,-0.077507,-0.094876,0.037325,0.081800,-0.037293,0.149030,0.253654,0.021314,-0.058249,0.166550,0.023030,0.033485,-0.052041,-0.152949,0.041513,0.340457,0.083043,0.014198,0.035821,0.045853,0.146623,-0.120890,-0.013338,0.143927,0.061828,0.106825,0.228213,0.293508,0.086488,0.059962,-0.065140,0.011097,0.145485,0.114348,#
3,-0.206048,-0.180434,0.161169,1.000000,0.112046,-0.285206,-0.086109,-0.044924,0.189527,0.219093,0.048093,0.094023,-0.234700,0.052822,-0.010725,-0.070907,-0.263690,-0.087974,0.257726,-0.027578,0.077324,0.340655,0.094598,0.155744,-0.037298,0.152647,0.204528,-0.000074,0.110906,0.142794,0.182079,0.000147,0.011551,0.035273,0.005358,0.161360,0.088592,0.132687,0.196328,-0.030460,-0.108965,0.252530,-0.020245,-0.079644,-0.059585,0.057160,-0.269256,0.040337,-0.232978,-0.093801,-0.081611,-0.134349,-0.034462,-0.109380,0.079053,0.029125,0.285520,0.188565,0.065754,0.083493,0.225113,-0.220002,-0.007144,-0.104466,0.212890,-0.221182,-0.086288,-0.249435,-0.296216,0.100301,0.081273,0.139198,0.107541,-0.065868,-0.097855,-0.068815,-0.080481,-0.034947,-0.180595,-0.065141,-0.041659,0.139012,0.171025,-0.117360,0.091756,-0.167093,-0.035123,0.098224,-0.032213,0.021376,0.404805,0.132643,-0.128310,0.040797,0.103898,0.079141,0.004893,-0.083265,-0.073513,-0.216308,0.166111,0.120197,-0.064157,-0.173531,0.403281,-0.055792,0.280480,0.162595,0.083267,0.104099,0.189314,-0.255464,0.086168,0.161878,-0.126499,0.181233,-0.170134,0.182156,0.095392,-0.081100,-0.071595,0.082257,0.087958,-0.261551,-0.099599,0.117320,0.043923,0.319923,0.036221,-0.218486,-0.011583,0.183263,0.026503,-0.106480,-0.165936,0.141609,-0.199184,-0.092668,-0.131750,0.096214,-0.166714,0.214347,0.136205,-0.163511,-0.017748,0.088750,0.076395,0.397921,-0.153354,0.059605,-0.048569,-0.306663,-0.033612,0.123328,0.144124,-0.097779,-0.056456,-0.142971,0.427573,0.006465,-0.135417,0.017444,-0.257085,0.108149,-0.062548,0.053425,0.134407,0.010635,0.130515,0.221314,-0.105199,-0.262200,-0.039618,0.142080,0.052603,0.220194,-0.041086,0.024112,-0.193405,0.101424,-0.140659,0.194975,-0.083461,-0.018734,-0.034562,-0.273300,0.006388,-0.028960,0.123590,0.238639,0.203402,0.110682,0.241926,0.253157,0.132788,-0.011763,0.128066,-0.001761,0.015080,-0.017331,#
4,0.045808,-0.091169,0.371788,0.112046,1.000000,0.105745,0.056186,0.157579,0.060341,0.273838,-0.026966,0.324492,0.188888,0.279437,0.222376,0.144719,0.239671,0.096320,0.177030,0.317818,0.449357,0.289123,0.172144,0.317958,-0.123783,0.195387,0.213984,-0.121143,0.123301,0.018931,0.165452,0.256377,0.446041,0.353196,0.147640,0.092058,0.325977,0.123769,0.424802,0.175896,0.002852,0.049646,0.159275,0.114586,0.211839,0.323809,0.229916,0.272990,-0.059994,-0.026433,-0.028489,0.140098,0.200213,0.297410,0.302778,-0.009295,0.026107,0.169966,0.272866,0.373062,0.250500,0.212393,0.196473,0.045916,0.160745,0.167702,-0.114557,0.221515,0.022137,0.172913,0.253809,0.273818,0.273960,0.110936,0.317791,0.073134,0.022648,0.176105,0.046348,0.314517,0.028695,0.235719,0.145391,0.061360,0.260897,0.208289,0.165605,0.157163,0.200512,-0.058153,0.256519,-0.084681,0.224169,0.078972,0.266168,0.114976,0.091656,0.051259,0.108640,0.178704,0.327415,0.306117,0.150780,0.144005,0.054906,0.302253,0.159886,0.069526,0.265193,0.375507,0.091270,0.193744,0.311307,0.245433,-0.004901,0.180119,0.295888,0.226319,0.013439,0.184844,-0.084831,0.192347,0.127815,0.122606,0.187686,-0.069324,0.226233,0.245702,0.398348,0.290444,0.141946,-0.042172,0.172906,0.421815,0.293799,0.078305,-0.094870,-0.085669,0.132622,-0.110521,-0.074860,0.098350,0.164717,0.014647,0.202938,0.112094,0.206823,0.075582,-0.102700,0.378579,-0.006320,0.263628,0.272421,0.229441,0.284683,0.215320,0.243734,-0.029257,0.067689,0.201427,0.121536,0.259467,0.163143,0.035939,-0.182003,0.080483,-0.038249,0.077129,0.034355,0.281056,-0.095455,0.109527,0.414063,0.182532,0.222946,0.239895,0.227773,0.157503,0.148056,0.077256,-0.020794,0.191751,0.073828,0.023113,0.215566,0.256462,-0.096570,0.101239,0.119594,0.374470,-0.160800,0.117015,0.053407,0.374433,0.063253,0.295347,0.220728,-0.126901,0.335493,0.402468,#
5,0.081868,0.018620,0.055511,-0.285206,0.105745,1.000000,-0.133417,0.059305,-0.028614,0.089700,0.237085,-0.091014,0.006536,0.035128,0.013174,0.331009,0.104739,0.211730,-0.272955,0.368553,0.036678,-0.036805,0.236611,0.331293,0.103367,-0.100887,0.229432,-0.038018,0.085765,0.060020,0.361725,0.218275,0.220512,0.270836,-0.047813,0.174599,0.094316,-0.008424,0.199489,-0.117838,0.178142,0.026413,-0.256623,0.194425,0.188395,0.274645,0.320801,0.346223,0.250306,-0.084829,0.071086,0.119430,0.080152,0.094377,-0.240405,0.255841,0.278504,-0.133533,0.477749,0.213134,0.165269,0.302985,0.129932,0.113360,0.211980,0.167514,-0.134603,0.248200,0.226788,-0.406823,0.169070,0.147547,0.130415,-0.042601,0.151913,0.420792,0.162528,0.442452,0.065030,0.161585,0.338483,0.079165,0.060337,0.230076,-0.138069,0.192420,0.187154,0.297076,0.269102,-0.146264,-0.052564,0.125755,0.328178,0.283056,0.052926,0.002377,0.059588,0.308401,0.340992,0.300838,0.188290,0.234844,0.089285,0.220413,0.057145,0.314238,0.158557,0.190524,0.188170,0.155943,-0.278006,0.219605,0.036259,0.153294,0.171013,0.059265,0.189980,0.096480,0.040673,0.080994,-0.039804,0.200733,0.065806,0.145569,-0.102960,0.003398,0.343471,0.091914,0.014341,0.130207,0.167852,0.218264,0.202953,0.201124,0.105394,0.116046,0.183341,0.106078,0.162356,-0.202315,0.120449,-0.086191,0.158392,0.249752,0.225699,-0.065540,-0.117184,0.015944,0.181877,-0.113017,0.168175,0.018538,0.103440,0.063577,-0.098720,0.201031,0.425368,0.112001,0.191876,0.068034,0.160950,0.070163,0.161852,0.133357,0.219556,0.093143,-0.268402,0.256210,0.141822,0.165763,0.262282,0.102181,0.002721,0.167901,0.051897,0.062367,0.075211,0.176913,0.202269,0.209386,0.323711,0.096870,0.313582,0.049670,0.226916,0.104837,0.112898,0.119466,-0.079212,0.062645,-0.051047,0.205585,-0.043293,0.107213,-0.069342,0.170955,0.115317,0.147134,0.187303,0.151744,#
6,0.183153,-0.019027,0.060032,-0.086109,0.056186,-0.133417,1.000000,-0.075821,0.088483,-0.125825,-0.019226,-0.042889,0.154906,0.047169,0.039938,0.154190,0.054936,0.200273,-0.018826,-0.071044,0.210688,0.160298,-0.182861,0.108731,-0.128473,-0.006806,0.050153,-0.066804,-0.010600,0.313778,0.025527,-0.165575,-0.034586,-0.030084,0.265602,0.216602,-0.185039,0.053221,0.048227,0.063264,-0.006997,-0.073147,0.179521,-0.193681,0.302081,0.058395,0.008290,-0.149268,0.122321,0.157398,-0.099324,0.216069,0.064466,-0.015613,0.181850,0.030582,0.159924,0.063790,0.039257,-0.115104,0.242291,-0.079206,0.030988,0.052962,0.307131,0.002828,0.175726,-0.028385,-0.081457,-0.007923,0.131775,0.110365,-0.042189,0.261570,0.059702,0.155215,-0.022995,-0.134294,-0.060620,0.052356,0.144611,0.027868,-0.011447,-0.272957,-0.118198,0.231519,0.107189,-0.054823,-0.032575,-0.072407,-0.018948,-0.208299,-0.204723,-0.201726,-0.050476,-0.085723,0.382332,0.088949,-0.159499,0.350820,0.106476,0.012990,0.307700,0.013986,-0.121135,-0.143629,0.094242,-0.163481,-0.116990,-0.080735,-0.013717,0.078724,-0.158453,-0.080319,0.165648,-0.236418,0.428866,-0.077697,0.159196,-0.016272,0.161148,-0.092085,0.091760,0.145721,0.183133,0.380977,-0.113059,0.124127,-0.013200,0.099655,0.008117,-0.000509,0.169458,-0.022874,0.101718,-0.017678,0.040895,-0.225396,0.169945,0.017595,0.177958,-0.047098,-0.041262,-0.199933,-0.083309,0.091296,0.007982,0.157300,-0.028320,-0.093576,0.228417,0.046879,-0.117760,-0.152002,0.006255,0.009002,-0.072488,0.298611,0.134538,0.016012,-0.152715,0.126282,0.062811,0.137788,-0.033387,0.132032,0.111530,0.008844,0.056533,-0.147546,0.155617,0.025717,-0.231051,-0.145376,0.189619,0.092576,0.032240,-0.051320,-0.045206,-0.019754,0.129431,-0.083444,0.133568,-0.017580,0.216405,-0.059977,-0.118890,0.012971,-0.330819,0.087916,-0.156018,0.072883,-0.096585,0.249770,0.031374,-0.070076,0.133288,0.106386,0.183883,-0.006452,#
7,-0.132233,0.097322,0.072687,-0.044924,0.157579,0.059305,-0.075821,1.000000,0.358895,0.187832,0.084004,-0.018437,0.097176,0.112631,0.311592,-0.080496,0.171581,-0.015781,0.004486,0.002224,0.058145,0.220525,0.229177,0.195131,0.173955,0.084590,0.006395,-0.024329,0.013198,-0.132386,-0.161434,0.203993,-0.108428,0.101902,-0.031054,0.056000,0.073704,0.097187,0.286023,0.131393,-0.238549,0.028272,-0.021007,0.235872,0.152734,0.270120,0.228848,0.100813,-0.118797,0.047101,0.143192,0.028806,-0.121915,0.114728,0.065255,0.017913,-0.090049,0.066551,0.081982,0.079152,0.067337,0.134344,-0.062123,-0.140422,-0.064312,0.163446,-0.143194,0.175869,0.216639,0.354443,-0.014406,-0.002847,0.464355,-0.038081,0.310815,0.095600,-0.133546,0.004024,0.146338,0.176164,0.060205,0.158409,-0.032351,0.052029,0.029434,-0.010958,0.079279,0.095697,0.017585,0.077619,-0.169954,0.066049,0.037783,0.019435,0.203957,-0.281745,0.016860,0.125036,0.041022,0.041292,0.144832,0.146591,-0.022988,0.012892,0.111318,0.261578,-0.046280,-0.138544,0.074706,0.010278,0.207166,-0.043706,0.142778,0.033216,0.321619,0.042569,0.155432,-0.257302,0.013533,0.300439,0.037022,0.064477,-0.010834,0.304510,0.208490,-0.076330,0.195072,0.225427,0.086661,-0.110574,0.008336,-0.056880,0.294729,0.034812,0.079858,0.095848,-0.172810,0.046602,-0.119673,-0.025219,0.193842,0.083208,0.256423,0.022883,0.086665,0.148848,0.006007,0.052113,0.085953,0.192445,-0.067803,0.096447,0.089376,0.195823,-0.092992,0.286231,0.065029,0.165645,-0.098335,0.218768,0.140011,-0.125014,0.099620,0.098713,-0.121741,0.200239,0.008506,-0.257184,-0.054972,0.027532,0.196595,0.093208,0.150072,0.158471,0.135003,0.040056,0.040165,-0.034913,-0.036517,0.086880,0.348904,0.042950,0.007062,-0.084585,0.039994,0.260457,-0.127405,-0.228693,0.074850,0.322666,-0.019476,0.108367,-0.077630,-0.164810,0.003900,0.100951,0.030938,0.222200,-0.005878,0.125616,#
8,-0.137634,0.159091,0.038160,0.189527,0.060341,-0.028614,0.088483,0.358895,1.000000,0.228855,-0.037664,0.023822,0.017682,0.311459,0.251102,0.186797,-0.110483,0.094745,0.001968,0.126870,-0.012805,0.495219,0.322522,0.070512,-0.108567,0.221702,0.113784,0.117249,0.042165,0.149932,0.081954,0.027794,0.048392,0.049991,-0.146686,0.126058,0.209825,0.043344,0.157189,0.130382,-0.064071,0.349346,0.027566,-0.009662,0.045676,0.042334,-0.065675,0.274556,0.117339,0.124561,0.170353,0.182640,-0.160835,0.062276,0.063379,0.248069,0.073609,0.214237,-0.009571,0.241973,0.359008,-0.057372,0.280556,0.041579,0.098114,0.254744,0.034653,0.154719,0.272145,0.233667,0.205332,0.111571,0.191670,0.264146,0.125106,0.129700,-0.125021,-0.006832,0.182848,0.234955,0.165138,0.162739,-0.019197,-0.047057,-0.050087,0.097180,-0.108659,-0.038704,-0.116800,0.215035,0.056872,0.027160,-0.058600,0.293705,0.177067,-0.001783,0.182392,0.078980,-0.037316,-0.065748,0.293971,0.146169,0.089308,0.169204,0.050851,0.147216,0.113547,0.169289,0.200380,0.189359,0.088206,0.146128,0.115080,0.088212,0.424151,0.253471,0.208621,-0.044123,-0.013956,0.178874,0.098464,0.139539,0.210661,0.185285,0.168997,0.304677,0.187335,0.263590,0.156403,0.026026,0.082122,0.022331,0.342096,0.200478,0.309181,-0.055241,-0.123965,-0.120281,-0.186023,0.024969,-0.049017,0.090158,0.316422,0.148357,0.085883,0.111600,0.284162,0.184450,0.078792,-0.117641,0.067666,-0.054402,0.080363,0.275251,0.262836,0.315472,0.069275,0.294142,-0.002844,0.283352,-0.009090,0.044969,0.221056,0.180692,0.141428,0.166930,0.084658,-0.091929,0.096700,0.257821,0.158016,0.213663,0.149269,0.147372,0.337895,-0.026799,-0.034452,0.073865,0.171305,0.182217,0.164597,0.159029,-0.129216,0.190660,0.280098,0.156393,0.080185,-0.005285,0.086174,0.192926,0.055503,0.043834,0.125997,0.132330,0.043784,0.163240,0.146377,0.236443,0.315505,0.068720,#
9,-0.024814,0.106636,0.212756,0.219093,0.273838,0.089700,-0.125825,0.187832,0.228855,1.000000,0.083962,-0.005865,0.054928,0.019628,0.250580,0.161151,-0.075698,-0.072365,0.270409,0.245502,0.207301,0.188991,0.458139,0.437762,0.017992,0.107472,0.223691,0.080261,0.166443,-0.036799,0.114887,0.207762,0.041885,0.159693,0.204936,0.086348,0.121355,-0.115092,0.352323,0.021847,0.278384,-0.070080,0.137355,0.025609,0.194241,0.091422,0.086350,0.079109,-0.165739,-0.070959,-0.071296,0.019029,-0.051366,0.035498,0.135794,0.152497,0.106585,-0.008312,0.297238,0.228024,0.182728,-0.061439,0.175154,0.186686,0.185431,0.242945,0.113417,0.155555,0.171802,0.036921,0.340251,0.042807,0.147728,0.033240,0.248732,0.002704,-0.238666,0.148337,0.145627,0.223979,-0.048462,0.109957,-0.066497,-0.046528,0.208619,-0.007617,-0.014756,0.285863,-0.054233,-0.080955,0.026533,0.321137,0.060101,0.098500,0.008947,-0.095466,0.177804,0.290086,0.255253,-0.154812,0.214674,0.121365,0.178259,-0.037604,0.217864,0.113816,0.106273,-0.121729,0.128918,0.186426,0.147452,0.216360,0.443226,0.329202,-0.010343,0.203166,0.102365,-0.153115,-0.100470,-0.102317,0.027750,0.049573,0.188528,0.188518,0.113748,-0.005167,0.077523,0.137822,0.264413,0.116088,0.184451,0.045714,0.258589,0.431779,0.147401,0.057350,-0.011051,-0.097621,-0.109042,0.139396,-0.106882,0.205032,0.131064,0.194504,-0.030987,-0.078854,0.084737,-0.047633,-0.138521,-0.073060,0.033659,-0.114912,0.098817,0.092916,0.171745,0.083633,0.153372,0.046791,0.277052,0.088680,0.075905,-0.063441,0.167397,0.203859,0.118458,0.075274,0.020156,0.127073,0.162775,0.164635,0.128738,0.245481,-0.005614,0.144736,0.201495,0.284855,0.022073,0.112912,0.154361,0.259458,0.071262,-0.080672,0.040002,0.072584,0.109829,0.202058,-0.070597,-0.077374,0.420619,0.179327,0.007439,0.155901,0.142369,0.010373,-0.141100,-0.065725,0.045658,0.254338,0.063867,0.079769,#
10,0.210518,0.135002,0.188863,0.048093,-0.026966,0.237085,-0.019226,0.084004,-0.037664,0.083962,1.000000,-0.052482,-0.522513,-0.128898,-0.066971,0.121700,-0.099538,-0.115432,-0.202306,0.064532,0.009144,-0.173601,0.084555,0.198985,0.040599,-0.159848,0.082076,0.167091,-0.190010,0.088988,0.073577,0.106908,-0.005634,0.163122,0.112681,0.039643,-0.045596,-0.051044,0.110330,-0.108685,0.237451,-0.035222,-0.211717,-0.217055,0.214639,0.095180,0.100469,0.295208,0.216141,0.320171,-0.210398,0.116126,0.180531,-0.032929,-0.034248,0.104317,0.026408,-0.172014,0.074077,0.085416,0.077460,0.043866,0.198416,0.202339,0.041153,-0.084550,0.041488,-0.129574,-0.129451,-0.109533,-0.065257,0.211118,-0.010224,0.019458,0.010847,0.085245,-0.070584,0.091097,-0.042220,0.031827,0.176666,0.089962,0.130919,-0.002574,0.059579,0.014132,-0.003504,0.281442,0.013878,0.172513,0.133698,0.287726,0.003780,0.166622,0.014018,0.070130,-0.198686,-0.126524,0.423235,0.195889,0.166752,0.200726,0.018107,0.066673,0.340602,-0.240196,0.205389,0.170245,0.129315,0.054383,-0.307352,0.074020,-0.089970,0.056423,0.079933,0.345985,0.055303,-0.019884,0.119399,0.058210,0.014705,0.127678,-0.108397,-0.067980,-0.149918,0.070668,0.289200,0.272344,0.112460,-0.125496,-0.218935,-0.051618,0.036546,0.006814,0.133472,0.061591,-0.154344,0.161155,-0.158396,0.042041,0.180158,-0.226624,-0.131485,-0.023830,-0.123560,-0.239981,-0.096754,-0.086696,-0.001732,-0.091093,0.056097,-0.001724,0.163663,0.053573,-0.221728,-0.057864,0.264428,0.007173,0.199629,0.053162,0.135989,0.006066,0.050134,0.053698,-0.121198,0.109203,0.122683,0.176344,0.247141,0.214416,-0.102496,-0.190780,-0.043430,0.112390,0.186954,-0.059824,0.166410,0.212940,-0.062220,0.227995,-0.085600,-0.064951,0.214107,-0.096608,0.079314,-0.136999,-0.126518,-0.232828,0.003927,0.160331,-0.084538,0.193263,0.063103,-0.023179,0.128660,-0.022564,-0.092974,0.261934,-0.003378,0.214072,#
11,0.026530,0.243823,0.058766,0.094023,0.324492,-0.091014,-0.042889,-0.018437,0.023822,-0.005865,-0.052482,1.000000,0.051916,0.023452,0.021874,-0.139049,0.001410,0.281452,0.134748,-0.124234,0.113903,0.268160,-0.130223,-0.144985,-0.026616,0.096539,-0.269160,0.065146,-0.091377,-0.085555,0.124404,0.162965,0.033962,0.307794,0.015188,-0.072521,0.283196,0.113780,0.099262,0.303834,-0.009420,0.197053,0.146582,-0.220881,-0.000616,0.093394,0.357224,-0.043056,0.047483,0.075208,-0.027664,0.129317,0.049877,0.330948,0.145196,-0.099634,-0.182164,0.179037,0.006244,0.037983,0.032714,-0.007381,-0.028437,-0.254485,-0.035528,0.032837,0.119980,0.226209,0.125718,0.164942,0.158470,0.229048,0.004553,-0.040701,0.038909,-0.188161,0.076021,0.030423,-0.127400,-0.127352,0.034797,0.173324,0.072271,0.040027,0.292097,-0.092634,0.075826,-0.034741,0.316726,0.137828,0.031763,0.070053,-0.015518,-0.033759,0.221788,0.137919,-0.140031,-0.182531,-0.067874,0.094088,0.072947,0.266182,-0.023816,0.037865,0.211663,0.268160,0.026818,0.154027,0.195759,0.342402,0.141974,0.181263,0.130235,0.098865,-0.106211,0.214214,0.008501,0.278195,-0.193801,0.124527,-0.026749,0.110992,0.065853,-0.033446,0.340425,-0.189453,-0.128381,-0.028199,0.133084,0.137468,0.146210,0.150587,0.058095,0.129921,-0.008560,0.001874,-0.073067,0.048589,-0.072021,0.262132,0.151708,-0.236392,0.169575,0.201140,0.304321,-0.093102,0.023968,0.056631,-0.133821,0.031059,-0.011815,-0.012160,-0.056749,0.215182,0.276771,0.162155,0.001470,-0.021633,0.109525,-0.021393,-0.115146,0.147207,-0.230366,0.035762,-0.031253,-0.117443,0.070423,0.003660,0.119399,0.100155,-0.141085,-0.094280,0.085748,-0.008561,0.058522,-0.046434,0.043727,0.063255,-0.128123,0.184378,0.098645,0.091384,0.197212,-0.127361,0.227878,-0.017052,-0.046524,-0.104509,0.202043,0.225898,0.139505,0.114702,0.370052,0.215070,0.208858,-0.033279,0.041505,0.105792,-0.142600,0.387076,#
12,-0.088097,-0.039336,-0.071827,-0.234700,0.188888,0.006536,0.154906,0.097176,0.017682,0.054928,-0.522513,0.051916,1.000000,0.167543,0.199337,-0.041581,0.230894,0.238650,0.051857,0.081094,-0.007752,0.199336,0.057260,0.120251,-0.072002,0.150362,0.043611,-0.005023,0.226232,-0.166284,-0.002390,-0.051900,0.240429,-0.059111,0.057407,-0.089720,0.110694,-0.132859,-0.010570,0.304076,-0.087997,-0.143004,0.219079,0.326186,0.043656,0.201530,0.105308,-0.060617,-0.029478,-0.145332,0.157274,-0.034479,-0.171982,0.107899,0.097288,0.042263,-0.088203,0.110860,0.034000,-0.101940,0.044978,0.224308,-0.228060,-0.012101,0.102414,0.133912,-0.117325,0.101570,0.179890,0.041306,0.197387,-0.054119,0.121242,0.004807,0.221457,0.180688,0.093700,-0.075387,-0.022209,0.016820,0.106814,0.059544,-0.066041,0.006846,-0.107572,0.043363,0.026194,-0.055428,0.167345,-0.006380,-0.185990,-0.211244,-0.029211,-0.154314,-0.023203,0.166220,0.418483,0.290918,-0.228783,-0.004038,-0.093160,0.063298,0.086804,0.380066,-0.208446,0.126175,-0.064659,-0.204961,0.021453,0.043485,0.286851,-0.045404,0.127096,0.030313,0.122327,-0.058212,0.205136,-0.182660,-0.036583,-0.177282,0.016417,-0.056253,0.084671,0.288507,0.199130,-0.066581,-0.223344,-0.245028,-0.146255,0.023497,0.083292,0.030862,-0.013425,0.125531,-0.039375,-0.162792,0.105576,0.237630,0.299296,0.018740,-0.052395,0.240341,0.153320,-0.047429,0.151344,0.321210,0.155479,0.072916,-0.032216,0.213418,-0.027805,0.196553,0.059734,-0.043648,0.198375,0.288745,-0.004772,-0.104615,-0.044204,0.002104,0.038376,0.269777,0.203772,-0.006812,0.161931,0.047630,0.007216,0.234859,-0.253400,-0.090167,0.021032,0.234821,-0.057422,0.115285,0.106294,0.056271,0.017845,-0.019682,0.090629,-0.124760,0.068637,0.107262,-0.007176,0.027549,-0.076411,0.274904,0.115458,0.306909,0.016851,-0.035852,-0.119103,-0.101542,0.086345,0.117896,-0.200101,0.042073,0.053472,-0.002105,0.077765,-0.123639,#
13,-0.039422,-0.403569,0.206477,0.052822,0.279437,0.035128,0.047169,0.112631,0.311459,0.019628,-0.128898,0.023452,0.167543,1.000000,0.164892,0.071545,0.071242,0.121119,0.095402,0.053526,0.147325,0.227140,0.223440,0.178032,-0.321796,0.112296,0.231789,0.248593,0.095497,0.266981,-0.058524,0.042617,0.248517,0.015413,0.193957,0.188020,-0.078396,0.126433,-0.096663,0.027990,0.026266,0.307781,0.248760,0.139032,0.279056,0.170672,-0.001756,0.195000,0.169025,-0.169060,0.132194,0.082609,-0.003960,0.365578,0.103690,0.209190,-0.019978,0.170642,0.028039,0.174532,0.150552,0.160003,0.142899,0.187798,0.089126,-0.034071,0.024215,0.129318,0.201455,0.078541,0.045665,0.017070,0.118939,0.241165,0.140812,0.233130,-0.079348,0.107971,-0.011055,0.473250,0.093933,0.248558,0.312697,-0.014769,-0.024812,-0.004554,0.044279,-0.090301,0.046039,0.058710,0.190488,-0.071977,0.229292,0.173773,-0.018067,-0.104489,0.078353,0.113945,0.116269,0.255002,0.092147,0.240181,0.124226,0.344244,0.097712,0.193180,0.068533,-0.072950,0.169455,0.157348,0.005919,0.210423,0.210981,0.137747,0.342528,0.150928,0.149982,0.203773,0.085139,0.432027,-0.104077,-0.050598,0.123158,0.013060,0.062816,-0.221345,0.061138,-0.144780,0.067684,0.138148,-0.035178,0.065084,0.114069,0.297066,0.412935,-0.101993,-0.039446,-0.010542,0.063233,0.064710,-0.220160,0.218581,0.335302,0.106880,-0.057794,0.137846,0.445860,0.082837,0.127292,0.243535,-0.127412,0.188598,0.065578,0.144913,0.244072,0.399221,-0.159521,0.008192,0.306499,0.090195,0.261589,0.047523,0.205213,0.115433,0.008212,0.186127,-0.103750,0.111003,0.069264,0.073110,0.085147,0.296636,0.225777,-0.015407,0.284763,-0.072418,-0.018284,0.311465,0.239310,0.111273,0.077057,0.312491,0.024891,0.028286,0.199653,0.216152,0.161012,0.021421,-0.166417,0.058884,0.080166,0.074899,0.219774,0.272967,0.128969,0.276997,0.057279,-0.133066,0.240359,0.144207,#
14,0.090717,-0.198537,0.087270,-0.010725,0.222376,0.013174,0.039938,0.311592,0.251102,0.250580,-0.066971,0.021874,0.199337,0.164892,1.000000,0.235696,-0.033994,-0.018063,0.227006,0.075921,0.151420,0.130087,0.121155,0.238648,0.203857,0.027725,0.071899,0.007713,0.364392,0.013528,0.008089,0.282744,-0.014380,0.237038,0.263796,0.136118,0.150738,0.002131,0.215303,0.103530,-0.231496,-0.030552,0.003354,0.111074,0.319241,0.110992,0.006597,0.101637,-0.107929,0.073803,0.069373,0.065473,0.011004,0.189801,0.196588,0.004563,0.089822,0.233910,0.298544,0.186936,0.146411,0.073890,0.116109,0.281921,-0.140488,-0.022024,-0.177293,0.097740,-0.053546,0.232327,0.184372,0.075336,0.168264,0.264238,0.260309,-0.029256,0.350029,0.214386,-0.036880,-0.021965,0.188067,0.230764,0.099973,0.126437,-0.029393,-0.101241,-0.034275,0.152310,0.011582,0.013564,-0.224094,-0.059855,0.237356,0.197121,-0.135517,-0.021969,0.419172,0.098533,0.162874,-0.016484,0.080210,0.230393,0.246110,0.028355,0.043479,-0.106694,-0.106802,-0.089086,-0.194530,0.167184,0.214248,-0.004693,0.105110,0.270606,0.215045,0.138266,0.171264,-0.109753,0.078973,0.073872,0.097801,0.062365,0.130025,0.140284,0.117341,0.009719,0.024313,0.256757,0.051792,0.157001,-0.031026,-0.087561,0.095158,0.182319,0.119989,0.064667,-0.362095,0.128960,0.094173,-0.101822,0.012911,0.032632,0.158818,0.021320,-0.042490,0.279101,0.099441,-0.015323,0.118576,-0.082695,0.067231,-0.055409,0.218630,0.071440,0.019396,0.276114,0.169446,0.137499,-0.075374,0.142519,0.041500,0.048072,0.245138,-0.053071,0.034120,0.207539,0.234716,0.005029,0.010033,0.352443,0.015450,-0.059066,0.171987,0.172263,0.041063,0.087964,0.081559,0.142361,0.184931,0.082829,0.365441,0.400802,-0.029855,-0.044663,-0.026584,-0.184763,-0.092071,-0.062213,-0.029559,0.219291,-0.293867,-0.022407,0.120578,0.289127,0.194671,0.131377,0.143558,0.057348,0.173275,-0.168982,#
15,0.306131,-0.085231,0.176520,-0.070907,0.144719,0.331009,0.154190,-0.080496,0.186797,0.161151,0.121700,-0.139049,-0.041581,0.071545,0.235696,1.000000,0.026332,0.308731,0.070964,0.131509,0.168751,0.100046,0.164483,0.241974,0.078377,0.094059,0.003232,-0.087258,0.139717,0.305070,0.002172,0.234193,0.063210,0.183972,0.032886,0.393623,0.178705,-0.147684,0.318262,0.062368,0.040688,0.072407,0.051240,-0.179735,0.240484,0.101981,-0.063965,0.308541,0.108868,0.027990,-0.207655,0.589101,-0.109570,-0.055805,0.274389,0.053261,0.163216,0.002438,0.232306,0.280318,0.396915,-0.009845,0.162154,0.131501,-0.078473,0.367968,-0.012915,-0.035317,0.067709,-0.232741,0.222074,0.048232,-0.100123,0.172127,0.015986,0.060052,0.065426,0.094478,0.062227,0.007750,0.392502,0.154678,-0.077154,0.062453,0.223926,0.057240,-0.013752,0.365233,-0.005427,0.035101,0.035483,-0.109351,0.031189,0.082047,-0.077519,-0.109845,0.170727,0.035346,0.109888,0.189455,0.289459,0.100211,0.310704,0.177863,-0.022935,0.020900,0.216398,0.060700,0.028160,0.241925,-0.119478,0.295391,0.135488,0.157384,0.034589,0.132151,0.063171,0.052470,-0.039818,0.110055,-0.004685,0.061268,0.249391,-0.026256,-0.032888,0.223414,0.283772,0.265594,0.028540,0.330764,-0.218547,-0.004524,0.029614,0.298679,0.080139,-0.014262,-0.195394,-0.159773,-0.043401,0.009061,0.040876,-0.062333,0.101500,-0.027958,0.043216,-0.100602,0.151327,-0.003399,-0.005214,-0.217779,0.156225,-0.195939,0.314979,0.078661,-0.101585,0.183178,0.324942,0.194529,-0.063442,0.324728,-0.041913,0.129865,0.377564,-0.175192,0.140923,0.240516,0.089313,0.302027,0.241434,0.025495,-0.068746,0.238115,-0.196205,0.242548,0.057005,0.144756,0.119954,0.286320,0.322105,0.134759,0.065256,0.062765,0.170917,0.335316,0.045561,0.000821,-0.079856,0.262708,-0.090161,0.086513,-0.421285,0.121675,0.210704,0.281592,-0.053464,0.284838,0.205521,0.149041,0.152567,0.039456,#
16,0.321666,-0.103226,-0.085863,-0.263690,0.239671,0.104739,0.054936,0.171581,-0.110483,-0.075698,-0.099538,0.001410,0.230894,0.071242,-0.033994,0.026332,1.000000,0.012997,-0.257470,0.213804,0.274415,0.008679,-0.269525,0.260330,-0.029380,0.057714,0.244969,-0.227392,0.047375,0.124145,-0.158887,0.313414,0.113139,0.098786,0.144715,-0.065928,0.110422,-0.078972,0.095923,0.131982,-0.159987,0.017720,0.189490,0.083330,-0.068632,0.031384,-0.035966,0.032322,0.006826,0.220908,-0.069773,-0.026439,-0.000422,0.272801,0.262393,-0.166045,-0.202502,-0.001732,0.032522,-0.078673,-0.135896,0.244793,0.014050,-0.118942,-0.221981,0.060273,-0.250034,0.255132,0.212563,0.207129,-0.095265,-0.130255,0.234973,0.253799,0.130106,-0.049585,-0.154627,0.160521,0.009679,0.088907,0.015542,-0.153958,-0.208145,0.359551,0.072700,0.231307,0.068434,0.115771,0.144010,0.200319,0.019214,-0.089742,0.169191,-0.155101,0.029593,0.131395,-0.019126,0.128267,0.068836,0.247877,-0.268571,0.030262,0.029451,0.265250,-0.185050,0.235587,0.090777,-0.143915,0.173894,0.089163,0.197086,0.133260,0.146515,-0.023589,0.261814,0.050170,0.288974,0.023431,0.192881,0.059375,0.207986,0.229374,0.228281,0.139503,0.295618,0.157673,0.255970,-0.177497,0.026497,0.097780,0.268759,-0.111225,0.029365,-0.099042,0.232724,0.102229,-0.034322,-0.144061,-0.081207,0.182770,0.108207,0.051775,-0.240835,-0.016387,0.119146,-0.122094,0.238594,0.014648,0.079220,0.404909,-0.221301,0.300486,0.093154,-0.018227,0.003536,0.260458,0.200837,-0.037876,-0.077635,0.216821,0.089583,0.110101,0.060442,-0.126033,-0.096515,-0.038701,0.023447,0.178210,-0.019955,-0.113174,0.058771,0.220889,0.117736,-0.038894,-0.052817,-0.033060,0.049379,0.183572,0.365041,-0.061339,-0.026556,0.059686,-0.080628,-0.041934,0.231201,0.192718,-0.125181,0.359055,0.171431,0.087358,-0.017609,-0.113474,-0.021551,-0.007912,-0.190995,0.225758,0.135259,-0.218484,-0.078932,0.209505,#
17,0.183343,0.066592,0.028620,-0.087974,0.096320,0.211730,0.200273,-0.015781,0.094745,-0.072365,-0.115432,0.281452,0.238650,0.121119,-0.018063,0.308731,0.012997,1.000000,-0.184861,-0.136596,0.167721,0.208778,-0.014990,0.154307,-0.087951,0.246217,-0.019123,-0.141110,-0.047461,0.004573,0.142785,0.113405,0.029652,0.006016,0.059471,0.265498,-0.071300,0.032789,0.326794,0.129930,0.122430,0.248689,0.270723,0.040721,0.045775,0.114809,0.071370,0.281089,0.068736,-0.039415,0.029888,0.237833,-0.059531,0.114239,0.144164,0.054721,-0.033051,-0.064774,0.064063,0.029098,0.193382,0.099000,-0.090122,-0.003829,-0.082611,0.344105,0.114253,0.250875,0.162402,-0.066068,0.080127,0.214213,-0.087727,-0.083352,0.054945,0.125973,0.044030,-0.026631,-0.041880,0.018510,0.193897,0.089392,-0.119775,0.058003,-0.105043,0.049524,0.389245,0.004690,0.180458,0.146593,-0.031247,-0.228520,0.049239,0.084924,0.031271,0.081902,0.125694,-0.030731,-0.187106,-0.035467,0.235989,-0.115800,-0.017185,0.214179,-0.116741,0.071503,0.200489,0.197047,0.180445,0.231255,0.062267,0.139565,-0.206621,0.195921,0.167496,-0.072846,0.042743,0.134074,-0.107581,0.154742,0.006956,-0.094546,0.055431,0.030101,0.133486,0.231509,0.190031,-0.203623,-0.108916,0.100236,0.324203,0.235666,0.196396,0.055074,-0.192064,0.046913,-0.049115,-0.033285,0.249883,0.230189,0.213939,0.073278,0.253628,0.131653,0.247572,-0.022745,0.088225,0.226082,-0.035968,-0.118250,0.208759,-0.134204,0.077895,0.017013,0.231565,0.195891,0.155273,0.058249,0.145746,-0.103363,-0.040813,0.112537,0.217777,0.217464,0.112171,0.027178,-0.055097,0.145355,0.068437,0.060460,0.091663,-0.108451,-0.054806,0.168501,0.034999,0.045726,0.252185,0.067234,0.056701,0.270150,0.394721,0.202656,0.139642,0.043877,0.089675,-0.005111,0.027154,0.267880,-0.096061,0.054057,-0.257244,0.077030,0.203114,0.408561,0.147353,0.262548,-0.001113,0.319346,-0.076589,0.167507,#
18,0.007311,-0.151784,0.122472,0.257726,0.177030,-0.272955,-0.018826,0.004486,0.001968,0.270409,-0.202306,0.134748,0.051857,0.095402,0.227006,0.070964,-0.257470,-0.184861,1.000000,0.117228,-0.082959,0.077710,0.105259,0.103515,0.115017,-0.023297,-0.089545,0.148493,0.134631,-0.047910,-0.153173,0.040528,-0.063192,-0.072110,0.023826,-0.063357,-0.043499,-0.033911,-0.011153,0.179651,0.018909,-0.222868,0.017707,-0.107446,0.305149,-0.015865,0.066838,-0.035332,-0.372015,-0.101427,-0.162897,-0.005491,0.151615,0.043970,0.199095,0.083620,-0.041107,0.088076,-0.138405,0.049130,0.261134,-0.089870,0.041189,-0.045302,0.003570,0.028098,-0.141173,-0.186946,-0.200939,0.063583,0.007741,-0.036509,0.073310,0.043118,0.066900,-0.111162,0.180446,-0.034338,-0.026642,0.141661,-0.070723,-0.026814,0.017547,-0.000461,0.000768,-0.271660,-0.088263,0.084494,-0.064638,-0.052132,0.053437,-0.128067,-0.045067,-0.186099,0.070824,-0.131994,0.168972,-0.070599,-0.204005,-0.049398,0.227596,0.136348,0.083593,0.066663,0.128141,0.064369,-0.054964,-0.207675,-0.230583,-0.132211,0.235465,-0.222197,0.340938,0.155427,-0.260060,-0.143474,-0.133825,-0.037226,-0.246615,-0.125127,-0.057457,-0.010417,0.014297,-0.250773,-0.004968,-0.209187,-0.332396,0.178236,0.130829,-0.090379,-0.263292,0.133840,-0.099023,0.161567,0.036775,0.108672,-0.157990,0.106443,-0.005979,-0.108587,-0.106118,0.027113,0.037428,0.170263,-0.039466,0.147435,0.154890,0.023016,-0.281207,0.073553,-0.242160,0.062787,0.098880,-0.010402,-0.102298,-0.012968,-0.084113,0.055294,0.006653,0.141268,0.025480,-0.057430,-0.018599,0.054261,-0.064787,0.253354,0.085690,-0.026693,-0.026235,0.044521,-0.201629,0.005355,0.094328,0.044726,0.023655,0.134642,-0.124426,-0.017003,-0.129668,0.168964,-0.091064,-0.023508,-0.132285,-0.008378,-0.011763,-0.179435,0.244299,-0.191387,0.018495,-0.038936,0.021765,0.050699,0.158894,0.191294,0.004095,-0.009288,0.013147,-0.038297,0.054819,-0.092605,#
19,0.192007,0.056514,0.182784,-0.027578,0.317818,0.368553,-0.071044,0.002224,0.126870,0.245502,0.064532,-0.124234,0.081094,0.053526,0.075921,0.131509,0.213804,-0.136596,0.117228,1.000000,-0.002252,-0.025079,0.122883,0.220246,0.061657,-0.065584,0.214591,-0.049309,-0.039979,0.129540,0.143210,0.000466,-0.008340,0.084752,-0.069500,-0.114457,0.196874,-0.081062,0.261605,0.103856,0.088159,-0.039875,-0.030852,-0.053952,0.126307,0.078008,0.185126,0.106274,0.223692,0.012009,-0.198548,0.116450,-0.040033,0.163885,0.058507,0.078066,0.098464,-0.048915,0.260654,0.130779,0.250009,0.357244,0.186998,0.108603,0.073438,0.013656,-0.182483,0.144270,-0.059867,-0.083644,0.117068,0.012989,0.140285,0.153781,0.141962,0.259187,0.135949,0.128601,0.267669,0.176815,-0.002417,-0.097026,0.141322,0.108815,-0.057952,0.156020,-0.119800,0.305682,0.151359,-0.266185,-0.024313,-0.066406,0.176956,-0.050571,-0.061298,0.018788,0.093388,0.134434,-0.023353,0.067718,0.197545,0.108964,0.097568,0.144552,0.007758,0.409696,0.149470,0.130739,0.118584,-0.086079,-0.105270,0.052926,0.171505,0.112762,0.049528,0.067674,0.312214,0.066055,0.025300,-0.267494,-0.161137,0.157585,0.079343,-0.045628,0.164936,-0.001991,0.306746,0.019841,0.151360,0.117153,0.007095,-0.007635,-0.138704,0.192113,0.342398,-0.052189,0.093829,0.073531,-0.134209,-0.189958,-0.142823,-0.050945,0.081929,-0.019577,0.098625,0.044202,0.077780,-0.016568,0.101016,0.118085,0.065124,0.305924,0.158854,-0.021236,0.073719,0.261531,0.104050,0.084600,0.198725,0.286969,0.193714,0.027214,0.041157,-0.063786,0.223113,0.165256,-0.049291,0.184897,0.098057,0.075218,-0.049039,0.081854,0.303194,0.328403,0.094975,0.023044,0.008684,0.229682,0.205585,0.069563,-0.148266,0.238065,0.064624,0.201672,0.307729,-0.013613,0.042508,-0.002000,0.115213,0.034057,0.141874,0.221535,0.028705,0.170159,-0.143070,0.306911,-0.145246,0.035375,0.285486,0.118084,#
20,-0.095198,-0.291666,0.279901,0.077324,0.449357,0.036678,0.210688,0.058145,-0.012805,0.207301,0.009144,0.113903,-0.007752,0.147325,0.151420,0.168751,0.274415,0.167721,-0.082959,-0.002252,1.000000,0.144754,0.049648,0.157612,0.014713,0.327460,0.359224,-0.128711,0.010475,0.131486,0.004711,0.152040,0.119897,0.330334,0.268280,0.354942,0.224597,0.101645,0.375644,0.232471,-0.076450,0.146888,0.003931,0.017001,0.236456,0.124925,0.159698,-0.022426,-0.260135,0.144204,-0.097469,0.115444,-0.027374,0.328594,0.287931,0.066632,0.026929,0.073972,0.107889,0.135744,0.170386,0.056444,0.130574,0.099062,0.110265,0.004306,-0.040608,0.034859,-0.066336,0.233787,0.356706,0.058841,-0.033298,0.092336,0.356713,-0.005012,-0.106029,0.160593,-0.061078,0.099036,0.221630,0.229601,0.064275,-0.042330,0.025324,0.146134,0.038839,0.065419,-0.126737,0.030351,0.273121,0.035476,0.158862,0.104590,0.233311,-0.126533,0.047104,0.176698,0.059974,0.060491,0.125719,0.063910,0.245164,0.024540,0.155114,0.002843,0.243063,-0.028012,-0.096411,0.320810,0.139567,0.184016,0.059222,-0.039836,0.099192,0.020213,0.246679,0.165238,-0.031212,0.173405,0.236373,0.098694,0.025587,0.357953,0.064192,0.120917,0.285205,0.015596,0.365296,0.225833,0.451313,-0.108827,0.140551,0.323182,0.191591,0.011382,-0.189530,-0.189548,0.159905,0.125163,-0.075870,0.268671,0.035572,-0.048068,0.070328,0.076172,0.164510,0.078765,-0.076594,0.240224,0.166891,0.109823,0.181413,0.290835,0.037113,0.145824,0.076819,-0.187601,0.173196,0.156285,-0.063456,0.130124,0.190490,0.038967,0.037422,-0.166160,0.090399,0.039656,0.212088,0.000957,0.015930,-0.029474,0.262518,-0.100787,0.012364,0.008558,-0.143592,0.026492,0.249580,0.145002,0.167082,0.086234,0.121072,0.095586,0.214583,0.013729,-0.084555,0.195039,-0.021982,0.206313,-0.207433,-0.105759,0.067506,0.341703,0.019442,-0.113184,0.035725,0.058961,0.237331,0.329941,#
