0,1.000000,-0.003894,0.165982,0.074661,-0.137564,0.048129,0.129511,0.085074,0.054846,-0.112255,-0.112162,0.110859,0.169096,-0.353150,0.217637,-0.127195,-0.083755,0.111905,-0.055944,0.105039,-0.114338,0.003037,0.001284,-0.072819,0.059976,0.102006,0.175877,0.069814,-0.258336,-0.033757,-0.096009,-0.042065,-0.211419,-0.217169,0.226367,0.008770,0.099950,-0.193944,-0.039832,-0.096787,-0.017181,-0.050152,0.106646,0.055035,-0.022886,0.047271,0.011088,0.039436,-0.140053,-0.092779,-0.129770,-0.159593,0.250240,0.146080,-0.149517,0.025200,-0.025339,-0.089623,-0.023353,-0.289489,0.221595,-0.225438,-0.050754,0.119383,-0.202077,0.174959,-0.194291,0.223455,-0.167783,-0.060302,-0.146012,-0.037461,-0.058011,0.075075,0.036863,-0.167399,-0.074794,-0.184086,-0.133296,-0.082219,0.228207,0.037652,-0.265065,-0.023046,-0.104423,0.301286,0.008202,-0.059686,-0.218358,-0.295352,0.043505,-0.062121,0.036445,0.102274,0.136819,0.171461,-0.204025,-0.042309,-0.074881,-0.016633,-0.110903,-0.094945,-0.323943,-0.096041,0.014048,-0.255278,-0.165243,0.082992,0.174156,-0.082109,0.079194,-0.096806,-0.026793,-0.077184,-0.059443,0.079736,-0.250368,-0.166659,0.011671,0.068076,0.253059,0.439906,-0.073814,-0.003019,-0.122129,0.073237,0.119963,0.069416,-0.232639,-0.010632,-0.309980,0.138798,0.004601,-0.089338,0.019690,-0.305923,0.073453,0.060491,-0.027929,0.156719,-0.227993,0.096307,-0.059872,0.366908,0.215314,0.017396,-0.120114,0.018319,0.068865,-0.195415,-0.047736,-0.266203,-0.117409,-0.090691,-0.146567,-0.058819,-0.130842,-0.070821,0.110110,0.145484,0.128384,0.263356,-0.214304,-0.105922,-0.219119,0.232392,0.168500,-0.059869,0.034156,0.005688,0.052682,-0.088621,0.049981,0.030079,0.220160,0.000102,0.182033,-0.084595,0.014472,0.117995,-0.146059,0.138753,-0.052824,0.098639,0.076133,0.043343,0.232542,0.059683,0.122467,0.309252,-0.058877,-0.011721,0.022122,0.024566,-0.065241,-0.156513,-0.193467,-0.013091,-0.009467,0.023056,#
1,-0.003894,1.000000,-0.286296,0.126928,0.128704,0.175968,-0.072845,-0.141227,-0.130029,-0.090836,0.088762,0.025069,0.316537,0.224214,0.166887,-0.091739,0.104481,-0.163921,-0.043093,0.157563,0.176117,0.122045,0.303210,0.358966,-0.114887,0.143536,0.206018,-0.140497,-0.231106,-0.135748,0.179323,0.097263,0.057838,0.041416,0.283106,0.032527,-0.101440,0.099752,0.071911,0.090984,-0.049718,0.072701,-0.142840,0.113299,-0.023228,0.172658,0.191605,0.054743,0.185957,0.112202,0.164840,0.347354,0.042183,-0.296660,0.049602,0.279660,-0.072108,0.124508,0.165672,0.069224,-0.025570,0.106847,-0.151511,-0.171752,-0.075638,-0.000349,0.091040,0.181781,0.121874,0.283340,0.007346,0.029372,0.422275,-0.136638,0.016124,0.155924,0.052758,0.136925,0.095863,-0.061906,0.149748,0.072209,0.192690,0.111034,0.068923,0.102447,-0.030040,-0.150252,0.017660,0.096615,0.121558,0.068215,0.071676,0.074918,-0.202659,-0.018115,0.090774,-0.018756,-0.289494,0.110778,-0.174076,0.421346,0.041979,0.158688,0.077785,-0.189512,-0.069844,0.143692,0.027687,-0.311535,0.051686,0.122831,0.010549,0.034972,0.173846,0.086291,0.294841,0.268665,0.072917,-0.071136,0.296218,0.243014,0.076298,0.089802,-0.112841,-0.080867,0.138103,0.308668,0.116288,0.105962,-0.052717,-0.196047,-0.129460,0.187577,-0.090264,-0.132782,-0.141081,0.056830,0.317996,-0.063114,-0.012224,-0.150369,-0.107662,-0.127204,-0.195020,0.175048,0.007196,0.036354,0.098983,0.044806,0.217485,0.023480,0.071511,0.019738,0.184092,-0.017700,0.122513,0.163432,-0.044614,-0.067886,-0.111019,0.163059,-0.063954,0.085387,0.270466,0.073996,-0.187647,0.264210,-0.128875,0.275965,-0.084523,-0.038117,0.076903,0.117434,0.128797,-0.006089,0.152591,0.034939,-0.127313,-0.181496,0.011784,-0.199402,-0.013267,-0.197219,-0.079795,0.176766,0.031371,-0.106376,0.088490,0.097014,0.109705,0.039953,0.116071,0.002879,0.236969,-0.048334,0.086713,-0.011681,0.135923,-0.000148,#
2,0.165982,-0.286296,1.000000,-0.011482,0.023054,0.140761,-0.110812,0.225434,-0.010604,0.105636,-0.002121,-0.092118,-0.253905,-0.126570,0.100126,-0.154760,0.039650,-0.067791,-0.136966,0.084179,-0.063769,0.032146,-0.165552,0.030546,-0.030213,-0.131993,0.125765,0.066343,-0.065893,-0.023929,-0.180237,0.101915,0.091007,-0.059655,0.037448,0.111056,0.258699,-0.139956,0.176931,-0.028164,0.085871,0.207346,-0.072752,-0.035354,-0.040863,0.169831,0.125684,-0.251605,-0.180081,0.129309,-0.006572,-0.099937,0.102902,0.407194,0.078341,0.186543,-0.110291,0.067685,-0.225763,0.066587,0.290497,0.097142,-0.052455,0.288997,0.070256,0.093113,0.263485,-0.174670,0.099874,0.121483,0.229849,-0.053001,0.061059,0.131273,0.179662,-0.044348,0.239304,0.069600,0.014009,0.258862,-0.107397,0.175089,0.102674,0.111209,0.085411,0.236359,0.293851,0.172342,0.184613,-0.008517,0.213905,0.179423,0.062825,-0.428506,0.424985,-0.171363,-0.014635,0.125738,0.214618,0.080740,0.117471,-0.218511,-0.277629,0.133482,0.113232,0.359404,0.065256,-0.105904,0.316566,0.029283,0.189013,0.025477,0.256337,0.169014,-0.019458,-0.109265,-0.030364,-0.092544,0.175173,-0.184313,0.076359,0.053282,-0.029046,-0.097184,0.137916,0.127857,0.003680,0.005559,0.043137,0.126416,0.160592,0.139185,0.094668,0.297521,0.099173,-0.114893,-0.225932,0.028511,-0.189211,-0.064181,0.296527,-0.098319,0.103449,0.049716,-0.006631,0.101308,0.095590,0.024707,0.314543,-0.133184,0.089545,0.011895,0.041199,0.096159,-0.100997,0.232845,0.058172,0.016464,-0.087429,-0.072350,0.008052,-0.180579,0.137676,0.060737,-0.070855,0.060537,0.192658,0.003463,-0.014777,-0.042021,-0.076377,0.017618,0.027819,-0.021191,-0.030955,0.136718,0.145084,0.097803,0.212864,0.057494,-0.157103,0.165999,-0.047263,0.148246,0.153750,0.264305,0.044384,0.042783,0.055418,-0.025098,-0.135953,-0.071400,0.027052,0.243099,-0.032766,0.094812,0.081256,-0.112479,-0.363930,-0.074900,#
3,0.074661,0.126928,-0.011482,1.000000,0.081907,0.058424,0.015566,0.129258,0.039573,0.048366,0.058162,0.057739,0.402869,-0.272764,0.151645,0.038618,0.104722,-0.142805,-0.060092,-0.094005,0.149992,0.287075,-0.084860,0.084897,0.129909,0.181303,0.084113,0.058955,0.107516,-0.205328,0.034391,0.163556,0.025182,0.259984,0.334409,-0.007675,-0.009345,-0.002965,-0.069087,0.179874,0.097171,0.092617,-0.012959,-0.132521,0.133083,0.218401,0.086386,0.181055,0.188822,0.059989,0.221036,-0.019303,0.141909,-0.037617,0.226306,0.043537,-0.243252,0.056686,0.416913,-0.070117,0.219099,0.175383,0.006526,-0.021169,0.108515,0.189566,-0.056063,-0.100674,0.015060,0.223855,-0.041200,0.260422,0.331955,0.211957,0.041775,-0.114232,-0.072336,0.071831,0.182814,0.236343,0.077362,0.039524,-0.055528,0.266962,-0.059856,0.080508,-0.003418,0.003083,-0.159950,0.162396,-0.131401,0.072128,0.255377,0.052619,0.228517,0.230180,0.007356,0.000667,-0.170537,0.114130,-0.090896,-0.073489,-0.227889,0.165022,0.140350,0.261861,0.191860,0.277143,0.063340,0.047069,-0.086119,0.175951,0.022445,0.057430,0.180197,-0.084627,0.223557,0.089369,0.059473,0.025141,-0.133115,0.114024,-0.183961,0.066895,-0.007365,-0.033208,0.241066,0.190384,-0.058066,0.126007,-0.085964,-0.052751,-0.145668,0.410824,0.264069,0.096777,0.249213,-0.090833,-0.024326,0.020149,0.088770,-0.096945,0.004958,0.121964,-0.221405,0.202092,-0.015669,-0.013551,0.023882,-0.187954,0.000390,0.004508,0.198938,-0.139402,0.182704,-0.081521,0.180641,0.319893,-0.035424,0.206188,0.138684,0.100797,-0.130993,0.347388,0.222698,0.041336,-0.158273,-0.016233,0.125414,0.173105,0.177714,0.081568,-0.035968,-0.018893,-0.241558,0.281309,0.030799,-0.066029,0.162096,-0.195608,-0.118785,0.077508,-0.084597,0.034151,-0.117670,0.032113,-0.098376,0.033933,0.370478,0.102494,-0.250834,0.076862,0.181440,0.063930,0.079550,0.104911,0.223968,0.031494,-0.043210,0.176040,#
4,-0.137564,0.128704,0.023054,0.081907,1.000000,-0.034610,0.137140,-0.001612,-0.157519,-0.021038,0.210764,-0.050077,-0.124979,-0.175701,0.025225,0.224475,-0.225264,-0.239069,-0.203541,0.073068,0.050246,0.215475,0.130875,0.152105,-0.117015,-0.254360,0.084063,-0.086518,0.168417,-0.116078,0.185658,-0.120075,0.205331,0.084234,0.021802,0.149452,-0.211750,-0.118621,0.016287,0.222414,-0.031205,0.162004,0.007807,0.163723,0.239036,-0.169567,0.175204,-0.200390,-0.141449,-0.034767,0.118341,0.234146,0.083832,-0.280128,-0.061318,0.027362,-0.097736,-0.048257,0.170843,0.018053,-0.016741,0.246251,0.059506,-0.001241,0.186490,0.214620,0.154860,-0.168026,-0.108600,0.201944,0.143870,0.088718,0.128637,-0.165191,-0.097265,0.343211,0.136586,-0.031016,0.208634,0.002689,-0.269850,0.186758,0.107721,-0.170631,0.086784,-0.068156,-0.021367,-0.151577,0.099363,0.231980,-0.085729,-0.012633,-0.061433,-0.126761,0.112030,0.182089,0.152651,0.086399,-0.156007,0.116881,-0.048346,0.066752,-0.150111,0.138750,0.078002,-0.192233,0.137801,-0.004396,-0.067951,0.092769,-0.052396,0.148412,0.315624,0.266155,0.113168,0.070780,-0.073929,0.397507,-0.176884,0.167358,0.249892,0.112996,0.069756,0.181368,-0.008847,-0.000301,0.209191,0.022863,0.144865,0.199324,0.288476,0.037655,-0.269822,0.069767,-0.015920,0.083267,0.045252,0.124227,0.024622,0.099782,-0.094797,0.369259,-0.105900,0.110394,-0.120291,0.293342,0.173699,-0.214706,-0.019212,-0.003749,-0.084977,0.283091,0.092911,-0.154878,0.059274,-0.082144,0.188613,0.135596,0.211218,0.073778,-0.273306,0.227164,0.044390,0.316643,0.068753,-0.002015,0.196925,0.288808,-0.199249,0.259224,0.005103,-0.108081,0.031199,-0.061022,0.221386,0.126196,-0.152235,0.075939,0.057088,-0.144251,0.141171,-0.007168,0.097395,0.028554,0.241775,0.101053,-0.109664,0.064676,-0.134288,0.001374,-0.114266,0.011540,0.106089,0.024586,0.298315,-0.314987,0.039851,-0.135143,0.018063,0.093805,#
5,0.048129,0.175968,0.140761,0.058424,-0.034610,1.000000,-0.192380,0.173435,-0.076641,0.090031,-0.174985,-0.139635,0.119904,0.043928,0.061496,-0.176420,-0.068439,-0.129574,-0.030662,0.233273,0.034302,-0.308847,-0.133310,0.113461,0.054610,0.214970,0.069588,0.279571,-0.265817,0.174840,0.001292,0.190115,0.150790,0.335833,-0.094451,0.131495,0.065373,-0.319350,0.094898,0.072332,-0.059877,0.187536,-0.234977,0.006328,0.102507,0.058052,-0.059098,0.248479,0.077168,0.118722,0.218582,-0.179641,0.079593,0.071316,0.042791,0.353620,0.042496,-0.100155,0.084637,0.086991,-0.189517,-0.128340,0.004754,0.218875,-0.103279,-0.197595,-0.143894,0.062548,0.073068,0.249204,0.192133,0.037985,0.300346,0.031862,0.016867,-0.242746,-0.108152,0.241904,0.077243,0.023920,0.019056,0.320542,0.108577,0.017808,-0.152847,0.034400,-0.043211,-0.039353,0.182112,0.139771,0.209113,-0.178963,0.075592,0.009131,-0.062166,-0.368474,0.046539,0.072500,0.179532,-0.176219,0.138645,0.044629,0.179394,0.132798,0.039995,0.018738,0.138201,0.168893,-0.085484,-0.002352,-0.065531,0.118828,-0.004031,-0.165951,-0.044239,-0.120726,0.194919,0.208921,0.068152,-0.106730,0.046311,0.304277,0.090075,0.268014,-0.024509,0.046349,0.430268,-0.062674,0.008630,-0.124383,-0.170060,0.161844,0.104110,0.367154,0.060814,-0.255244,-0.262879,0.296292,-0.077109,-0.111221,-0.029340,-0.085929,0.109729,0.059116,0.419193,-0.092876,-0.035542,0.047248,0.014959,0.169602,0.281921,0.081740,0.195280,-0.020723,-0.071277,-0.080285,0.272413,0.091360,0.076267,0.117340,0.001075,0.206785,0.069530,0.140986,0.227110,-0.147188,-0.233753,0.232806,-0.038277,-0.093860,0.316405,-0.064117,0.056603,-0.095707,-0.176813,0.230613,0.226659,0.152411,0.191260,0.023783,0.008357,-0.004099,-0.261621,0.043241,-0.066508,0.189742,-0.278679,0.060917,0.409683,0.236837,-0.069204,0.257635,0.049691,0.327955,0.143479,0.197762,-0.082239,0.228333,0.044378,0.067378,#
6,0.129511,-0.072845,-0.110812,0.015566,0.137140,-0.192380,1.000000,-0.074412,0.211922,0.326775,0.105306,0.001468,0.029302,-0.177853,-0.104459,0.403361,0.124656,0.118528,-0.119287,0.078098,0.120029,0.058784,0.065078,-0.090890,0.197703,0.020702,-0.019890,0.043345,0.009705,0.015200,0.092019,0.229622,0.184724,0.070122,0.001371,0.176902,0.142063,0.212514,0.030355,0.137143,0.062323,-0.114170,0.344398,0.145784,-0.029818,-0.150384,0.005815,0.148998,0.100537,0.067370,0.076563,0.144774,0.168325,-0.106934,-0.070763,-0.174765,0.001204,0.067908,0.063315,-0.211722,0.344134,0.035226,0.044849,-0.040019,0.151626,0.239738,0.167278,0.312617,0.032198,0.011767,0.184633,0.306199,-0.056196,-0.115644,-0.119600,0.385796,0.313955,-0.103552,0.119199,-0.020793,0.167889,0.168446,-0.185180,0.307017,0.188078,-0.033056,0.212207,0.152945,-0.000810,0.044964,-0.089044,0.155827,0.052342,0.047591,0.220591,0.094625,0.093296,0.109684,0.057001,-0.070204,-0.088151,0.150328,0.082200,0.034486,0.182146,-0.179219,-0.038272,0.094022,0.148089,-0.050673,0.070439,-0.109056,-0.122528,0.277198,0.001544,0.107602,-0.193666,0.018314,0.026275,0.312930,0.059582,0.086037,-0.111423,0.162030,0.022881,0.054429,-0.203933,-0.152065,0.181275,0.080951,0.070296,-0.038439,-0.024516,0.027363,0.068357,-0.038533,0.105555,-0.038207,0.069333,0.374863,0.076365,0.186781,-0.215452,0.013505,0.138572,0.140568,0.066700,0.237390,0.004720,-0.101273,-0.044835,0.170184,-0.122764,-0.067089,-0.060649,-0.078603,0.074112,-0.149468,0.055017,0.168487,-0.060985,0.083881,-0.022148,0.000646,0.032710,0.129229,0.152212,0.020731,0.051593,0.083986,0.001907,0.095489,-0.164112,-0.066993,0.061309,0.061782,-0.047165,0.361501,-0.042071,0.076730,0.014725,0.277671,-0.041860,0.160119,0.122071,0.037816,0.130702,-0.127234,0.090138,0.111555,-0.092548,0.214861,-0.015097,-0.104405,-0.027856,0.123462,0.125648,-0.087981,0.016594,0.175476,#
7,0.085074,-0.141227,0.225434,0.129258,-0.001612,0.173435,-0.074412,1.000000,0.108110,-0.220710,-0.021579,-0.172942,0.113415,0.045463,0.086875,-0.071966,0.095462,0.074328,-0.018098,0.137337,0.172844,0.001669,-0.102038,-0.094186,0.059439,0.260230,-0.035813,0.072280,-0.088386,0.395135,-0.079824,-0.141219,0.025722,-0.065236,0.093074,0.166871,0.094365,0.035477,0.091451,-0.036885,-0.029958,0.354396,-0.039624,0.026339,0.068291,0.099591,0.005097,0.233384,0.238001,-0.029564,-0.127985,-0.044470,0.195441,0.298227,0.251139,0.043288,-0.003787,-0.308772,0.247145,0.301451,-0.127902,0.129836,0.066646,0.245770,0.021327,0.040827,0.199949,-0.149566,-0.049678,-0.110626,0.106707,0.090693,0.122597,0.275007,0.137034,0.023159,0.050991,0.050068,-0.063417,-0.131018,0.293174,-0.005417,0.185926,0.138077,-0.004839,0.176191,0.167834,0.059153,0.131363,0.269767,-0.028184,0.169549,0.221371,-0.148747,0.154317,0.071978,0.088408,0.337156,0.205032,0.023262,0.159786,-0.065501,-0.186279,0.054326,0.024423,-0.031636,0.039944,0.265855,0.175276,0.148115,0.287801,0.102137,0.221655,0.128294,0.055827,-0.095771,-0.064467,0.060364,0.177053,0.029125,0.226045,0.152936,-0.028447,-0.013550,0.093781,0.224440,0.014909,0.010732,-0.020361,0.041066,0.136835,0.162494,0.197569,0.017349,-0.024837,0.069412,0.011881,0.296462,-0.109859,-0.041684,-0.093943,-0.156261,0.148146,0.188552,0.092628,0.084552,0.192867,-0.177252,0.103155,-0.154978,0.030711,0.201637,0.078572,-0.276852,-0.126085,0.094344,0.272475,0.030775,0.203264,0.052285,0.087704,-0.007582,0.188347,0.095118,0.103242,0.050857,0.040438,-0.045334,-0.257071,-0.101063,0.188273,-0.066010,0.124524,0.003836,-0.009678,0.088391,-0.034570,-0.125870,0.177213,-0.134617,0.025541,0.073818,0.087950,0.298475,-0.067954,0.082639,0.215357,0.074104,0.266082,0.240329,0.052820,0.083684,0.137206,0.140708,0.201579,0.157603,0.202493,0.267308,0.113160,0.052035,#
8,0.054846,-0.130029,-0.010604,0.039573,-0.157519,-0.076641,0.211922,0.108110,1.000000,0.110572,0.108756,-0.042392,0.029648,0.140456,0.066520,0.167589,0.037967,0.169743,-0.293232,0.099408,0.251721,0.016933,-0.172125,0.025762,0.306812,0.148990,0.020958,-0.290013,0.135958,-0.092404,-0.009948,0.175747,-0.003505,-0.081130,0.006451,0.245761,0.079385,0.055917,-0.108561,0.086290,-0.013638,-0.023509,0.411387,0.095030,-0.155370,-0.007223,-0.070242,0.034846,0.155833,-0.072775,0.335781,0.099785,-0.096394,0.065776,-0.038455,0.119778,0.203747,-0.094398,-0.062815,-0.067797,0.228566,-0.030892,0.376743,0.058464,0.204136,0.211494,0.100174,0.161225,0.372834,-0.067197,0.205606,0.177913,0.090439,0.015497,-0.016246,-0.038279,-0.090521,0.077619,0.164219,-0.133466,0.226160,0.178374,-0.243046,-0.029824,0.161012,0.009357,0.065147,0.110739,-0.120164,-0.015059,0.123835,-0.066953,-0.123640,0.057556,-0.052579,0.045255,0.252729,0.261489,0.320067,0.370481,0.058512,-0.295261,0.072499,0.302676,-0.113447,0.194198,-0.031205,-0.074343,-0.126365,0.147705,-0.134205,0.049202,-0.013354,0.014405,-0.159347,0.084364,0.042631,0.081331,-0.028537,0.209875,-0.111106,0.116598,-0.101983,0.174121,0.029948,0.129213,-0.091247,-0.095112,0.104202,0.089884,-0.072049,0.156151,0.114344,0.030835,0.039140,0.111370,0.116654,0.009700,0.201239,0.174959,-0.113450,-0.108227,0.046136,-0.299969,0.074504,-0.103998,-0.076148,0.345670,0.126902,-0.027115,-0.086852,0.236226,-0.292436,0.118554,0.072353,-0.168019,0.132440,0.239605,0.281214,0.063849,0.015551,-0.251699,0.059730,-0.119920,-0.173747,-0.045004,0.070719,0.148622,0.148031,-0.189000,0.068029,0.174162,-0.232339,-0.024065,0.139494,0.150860,0.228321,-0.012220,0.196905,0.135869,0.041530,-0.073162,0.072022,-0.036924,0.091868,-0.020081,0.309944,0.107781,0.154772,0.206347,0.154520,0.233909,0.359766,0.128567,0.095954,-0.079561,-0.287148,0.164647,0.009088,0.189112,#
9,-0.112255,-0.090836,0.105636,0.048366,-0.021038,0.090031,0.326775,-0.220710,0.110572,1.000000,0.089196,0.015280,0.081797,-0.122888,-0.000147,0.232628,0.080238,-0.128558,-0.051662,-0.163798,-0.016536,-0.109277,-0.309859,0.031986,0.037588,-0.219997,0.092667,0.080061,-0.039148,-0.222320,-0.147604,0.362998,0.034732,0.078159,-0.162408,0.126794,0.080751,-0.047318,-0.070002,-0.018382,-0.000334,-0.209553,-0.119499,-0.000340,0.064677,-0.101181,0.017785,-0.029522,-0.034763,0.087842,0.202919,0.005884,-0.020390,-0.059816,-0.161601,-0.015645,0.084063,0.300820,-0.185533,-0.129017,0.118326,0.015537,0.023572,-0.138145,-0.240912,0.104612,0.092810,-0.006967,0.232626,0.087218,0.126560,0.093441,0.061484,-0.042194,-0.244695,-0.075064,0.280732,-0.009599,-0.015972,0.188332,0.051857,0.254204,-0.091832,0.176518,0.092254,0.034151,0.164605,0.360879,-0.102851,0.024333,0.113513,-0.052535,0.055151,-0.157197,0.007730,-0.184602,0.176221,-0.065716,0.048694,0.048621,0.033251,0.042071,0.235300,0.112191,0.021982,0.061530,-0.037109,0.110094,0.250420,0.143364,-0.021108,0.190208,-0.184159,0.208205,-0.088825,0.092149,-0.046234,0.007496,-0.135431,0.099886,-0.156234,0.038929,-0.123141,0.169425,0.245734,0.093415,0.072688,-0.045658,0.136812,0.053695,0.113647,0.122370,-0.095817,0.184314,0.209603,-0.156581,0.115737,-0.061176,0.116950,0.006858,0.293840,0.138099,0.066300,0.194177,0.006861,0.359913,0.008529,0.355886,0.101630,0.073711,-0.066318,-0.064095,0.115853,0.007086,0.065797,-0.028219,-0.053906,0.029281,0.064636,0.143772,0.070704,0.159012,0.071874,-0.053285,0.031247,0.221383,0.027100,0.106938,0.138111,-0.006957,0.101905,-0.021117,-0.110115,-0.348165,-0.093847,0.083162,0.308585,0.270090,-0.049648,0.160869,0.181108,-0.000602,0.077357,-0.087498,-0.036736,0.063659,-0.008952,0.000416,0.199725,0.007597,-0.090540,-0.026160,0.101341,-0.098014,-0.086027,-0.065996,0.140382,-0.019027,-0.113280,0.068652,#
10,-0.112162,0.088762,-0.002121,0.058162,0.210764,-0.174985,0.105306,-0.021579,0.108756,0.089196,1.000000,0.100135,0.095738,0.009432,-0.035498,0.119757,0.197260,-0.131848,0.031350,0.062314,0.077807,0.137042,-0.093252,0.204475,0.085745,0.071675,0.107270,-0.026922,-0.038277,-0.088649,0.012699,-0.058959,0.008013,0.173228,0.059547,0.031067,0.244752,0.055104,0.017520,-0.118443,0.074447,-0.080727,0.088776,-0.136949,0.005076,0.138641,0.333262,0.040279,0.068466,0.279133,0.020074,0.271524,0.023843,-0.311329,0.066154,0.321303,0.061436,0.217056,-0.160486,0.007043,0.027729,0.165731,0.144352,0.066132,0.042135,-0.082385,0.223695,0.103704,0.196310,-0.007106,0.381302,0.216892,0.089632,-0.242860,0.073530,0.243726,-0.244586,-0.123533,0.001040,-0.023402,0.113209,0.034227,0.047187,-0.117549,0.001933,0.068263,0.079179,-0.001669,0.065840,0.287709,0.030348,0.049745,0.177036,-0.270245,-0.108342,0.050782,-0.004081,0.305018,-0.075079,-0.000655,-0.063006,-0.107302,-0.106839,0.043827,0.047820,0.014144,0.203139,-0.051665,-0.015212,-0.057183,-0.051995,-0.129374,0.177415,0.188682,0.036454,0.072166,-0.081128,0.166830,0.167215,-0.053993,0.139337,0.053421,0.080997,0.014815,-0.032214,0.157889,0.058918,0.019552,0.276710,0.173239,-0.101162,0.101820,-0.146987,0.046458,0.199249,0.316007,0.008145,0.064971,0.178289,0.075012,0.061599,0.134696,-0.061297,0.013463,-0.137605,0.381296,0.411003,0.171756,-0.030752,0.199131,-0.188821,-0.042943,-0.083963,0.149763,0.277296,-0.180527,0.203238,0.091730,-0.005660,-0.215394,-0.025056,-0.043622,0.169762,-0.015393,0.059038,0.055195,0.013301,0.059270,0.037194,0.234658,-0.160708,0.115822,-0.129753,0.021974,0.256729,0.135946,-0.083096,-0.115572,-0.132819,0.143842,-0.215692,-0.055516,0.031728,0.008397,-0.252590,0.121023,0.375539,0.028869,-0.177847,0.030960,-0.063481,-0.260760,0.064446,0.227380,0.128713,-0.221997,-0.018227,0.024812,-0.111060,0.305033,#
11,0.110859,0.025069,-0.092118,0.057739,-0.050077,-0.139635,0.001468,-0.172942,-0.042392,0.015280,0.100135,1.000000,0.069960,-0.009477,0.222083,0.018169,0.093231,0.098167,0.236497,0.065824,0.034306,-0.203886,0.161520,0.094725,0.222904,-0.032215,0.000299,-0.009443,0.044134,-0.123102,0.152730,0.278142,0.097543,0.099684,-0.089369,0.036097,0.095392,0.175290,-0.063249,0.046567,0.259920,-0.255266,0.110920,-0.139312,0.008284,-0.188298,0.101269,0.209343,0.019993,0.059153,-0.162829,0.005904,0.371745,-0.141690,0.067931,-0.057358,-0.094820,0.363847,0.071041,0.142259,0.081765,-0.161592,0.310810,-0.062923,-0.015404,-0.044331,-0.178729,-0.019139,0.246933,-0.126661,-0.036778,-0.182991,-0.093741,-0.049685,0.143171,0.022507,-0.082467,0.004250,-0.128286,-0.212691,-0.150693,0.210257,-0.074217,-0.034553,0.313588,-0.039303,-0.127903,0.001555,-0.041420,-0.125059,-0.013900,-0.044507,0.021798,-0.141753,-0.069915,0.275474,-0.173401,0.122990,-0.153704,0.124240,-0.139254,-0.136382,0.108524,0.127003,-0.041253,0.067022,0.309486,-0.018173,0.225498,-0.280481,-0.011283,0.212847,-0.013861,-0.156327,0.071955,0.024885,0.045276,-0.090540,-0.098054,0.233358,0.040584,-0.049319,0.004236,0.110427,-0.061401,0.167665,0.192584,0.114193,0.064773,0.380898,-0.055294,0.014353,0.219671,0.101341,0.054632,0.109243,0.210195,0.095210,0.231218,0.470683,-0.246899,0.001198,0.253086,0.022561,-0.026963,0.063440,0.229697,0.069343,0.083814,-0.114064,-0.023596,0.054666,-0.064248,0.253292,0.317364,-0.141403,-0.047624,0.034746,-0.152391,-0.041091,0.272423,0.138498,0.172971,-0.011064,0.067589,0.269411,0.233328,-0.047804,0.156718,0.265350,0.306266,-0.037121,0.188246,0.227978,0.059176,0.121553,0.242720,-0.062283,-0.002072,0.020131,-0.000271,-0.209380,0.135894,-0.013818,0.182208,0.047318,0.218713,0.137244,-0.108126,-0.301003,0.101992,-0.034106,0.101203,0.088964,0.001014,-0.111241,0.031873,0.029892,-0.062444,-0.113765,#
12,0.169096,0.316537,-0.253905,0.402869,-0.124979,0.119904,0.029302,0.113415,0.029648,0.081797,0.095738,0.069960,1.000000,0.023385,-0.005164,0.240828,0.151319,-0.060045,0.196419,-0.113113,0.125206,0.061247,0.006551,0.176803,0.155914,0.326953,-0.048994,-0.057337,-0.067842,-0.086365,0.003829,0.176736,0.015854,0.111914,0.246636,0.003016,0.036389,0.153696,-0.167019,-0.017610,-0.166852,-0.164153,0.042065,-0.001354,0.192828,0.189522,0.136734,0.324049,0.333576,0.110661,0.185009,-0.134371,0.115626,0.053264,-0.081777,0.266049,0.106234,-0.092964,0.344439,-0.053448,0.020661,0.007735,0.143184,-0.230088,-0.007041,-0.024924,-0.070487,0.317237,0.161793,0.101452,-0.001619,0.124713,0.140861,-0.030248,-0.078382,0.098488,-0.035867,-0.111554,0.065893,-0.102158,0.201693,0.150692,0.122177,0.026032,-0.095819,0.165063,-0.027791,0.029414,-0.182389,0.012346,-0.039158,-0.069563,0.267298,0.070749,-0.041585,0.028785,0.072237,-0.012837,-0.231330,-0.041421,-0.082033,0.069181,-0.137389,0.091106,-0.129908,0.033262,0.033655,0.392799,0.063938,0.044532,0.099722,0.086672,-0.000632,0.011803,0.179935,0.066506,-0.134783,0.108167,-0.102197,-0.043389,0.022819,0.344102,-0.081225,-0.019079,0.023619,0.161520,0.265447,0.050792,-0.141447,0.135725,-0.316280,-0.153669,-0.107521,0.122738,-0.052974,0.018871,0.042750,0.032801,0.030835,-0.089040,-0.096310,-0.206071,0.130793,0.031205,-0.221824,0.325621,0.123545,0.049091,-0.018935,-0.097158,0.160905,-0.138415,0.109552,-0.095704,0.315274,-0.041998,0.003610,0.087081,0.256601,-0.110410,-0.027641,0.292047,0.042400,0.165171,0.165125,0.063924,-0.153032,0.148901,0.214477,0.105388,0.277097,-0.073600,0.024064,0.125611,-0.053884,0.247263,0.174192,-0.096200,-0.184970,-0.000150,0.031793,0.196876,-0.091823,-0.052526,-0.138764,-0.021944,0.142298,0.050083,0.359289,0.195798,-0.070465,0.037193,-0.142308,-0.054082,-0.003364,0.013829,-0.054497,0.025374,0.077531,0.240948,#
13,-0.353150,0.224214,-0.126570,-0.272764,-0.175701,0.043928,-0.177853,0.045463,0.140456,-0.122888,0.009432,-0.009477,0.023385,1.000000,0.126911,-0.102417,-0.126406,0.121673,0.123073,-0.010042,-0.166377,-0.091245,0.110294,-0.030926,0.012151,0.231848,-0.053658,-0.220667,0.109253,0.305521,0.022895,-0.062764,0.089992,0.046880,-0.079569,0.166690,-0.123442,0.164452,-0.242612,0.197078,0.071028,-0.025598,0.190382,-0.135452,-0.168654,-0.015394,-0.035354,0.198938,0.229679,0.253649,0.046206,0.051756,0.003153,-0.072825,0.212612,0.265696,0.155132,0.098875,-0.067301,0.139542,-0.215987,-0.103994,0.039991,-0.115708,0.209949,-0.054728,0.134109,0.187067,0.310138,0.097261,0.131139,-0.051804,0.245193,-0.065349,0.026376,0.065432,0.093384,0.073780,0.075555,-0.179434,-0.134723,0.088943,0.184953,0.003430,0.044370,0.196564,-0.007330,-0.070966,0.055981,0.014328,0.005588,0.019280,0.016626,0.103995,-0.152387,-0.147980,0.144436,0.092794,-0.043857,-0.048460,-0.064922,0.071108,0.313253,-0.147281,0.091041,0.165134,-0.118469,0.093749,-0.212989,0.010356,0.059304,-0.026084,0.010719,0.079928,-0.088428,-0.268344,-0.055388,-0.001555,0.152912,-0.130872,-0.052813,-0.154598,0.145258,-0.393618,-0.083178,-0.022992,0.000408,0.104685,0.100599,0.001346,-0.002213,-0.294580,0.051307,0.094734,-0.113938,-0.084745,-0.124907,0.071534,0.284102,-0.025185,0.007591,-0.254426,0.067277,-0.432401,-0.173361,0.010434,-0.075028,0.079013,0.039966,-0.182289,0.169389,0.120873,0.043984,0.072617,0.082405,-0.084579,0.076839,-0.278162,0.016799,-0.090896,0.041999,-0.184511,0.210169,-0.112509,0.032598,-0.026170,0.038529,0.088379,0.023668,-0.010209,0.092279,-0.022369,0.004333,0.200308,0.007460,0.075305,0.002990,-0.167003,-0.061860,0.082751,0.023177,-0.111738,0.108215,-0.123072,-0.128191,0.025237,0.007100,-0.095611,-0.064553,0.016064,0.337002,0.134724,0.082374,0.001069,-0.024053,0.079780,-0.071245,0.105026,0.062453,-0.128307,#
14,0.217637,0.166887,0.100126,0.151645,0.025225,0.061496,-0.104459,0.086875,0.066520,-0.000147,-0.035498,0.222083,-0.005164,0.126911,1.000000,0.004289,0.036766,-0.038407,-0.077737,0.078368,-0.050196,0.015924,0.234013,0.280953,0.118762,0.085665,0.167890,-0.259739,0.004531,0.075974,0.245725,-0.021480,-0.070496,-0.158289,0.228328,0.369312,-0.256200,0.073567,0.011601,0.042793,0.121448,-0.068878,-0.029189,-0.045847,0.087991,0.114741,-0.126615,-0.022082,0.118604,-0.086476,-0.122394,0.263242,0.201200,0.148563,0.130690,0.153471,-0.322039,-0.152192,0.033274,-0.115558,0.047870,0.063176,0.109086,0.231988,0.033878,0.092006,-0.031618,-0.079979,0.236620,0.138001,0.102820,-0.116054,0.351837,0.369901,-0.007359,-0.096980,0.086891,0.153511,0.056269,0.064822,-0.128274,0.097302,0.033261,-0.088930,0.226747,0.068107,-0.160355,-0.175096,-0.071526,-0.197879,0.009380,-0.047755,0.274925,0.204205,0.062219,0.024626,-0.103678,0.161235,-0.185807,0.215009,-0.054029,-0.083648,0.059703,0.110900,0.079914,-0.033549,0.029418,0.008070,0.098195,0.197863,-0.008381,0.302202,-0.010861,0.222754,-0.325742,-0.030265,0.037919,-0.158884,-0.038011,0.034356,0.085649,0.007384,0.017917,0.080032,0.110935,0.021613,0.267220,0.128130,-0.169285,0.091432,-0.079619,0.266115,-0.066904,0.138421,0.109249,0.081419,0.276495,0.195399,0.090891,0.040494,-0.041254,-0.014152,0.020744,0.035009,-0.148047,0.134413,-0.024549,0.017292,0.111885,-0.132730,0.173968,0.161528,0.207913,0.288759,0.091811,0.048566,0.097157,-0.103773,-0.181931,-0.006583,0.140666,0.002236,0.089011,-0.085276,0.350174,0.195180,-0.017171,-0.100394,-0.008317,0.144761,0.079172,-0.237008,0.091158,0.036200,0.243871,0.151949,0.153517,-0.183225,0.175108,0.043628,0.110468,-0.068766,-0.133600,-0.020828,0.123618,0.210492,0.151582,0.020695,0.144824,-0.046834,0.076747,0.031272,0.269542,0.225986,-0.013079,-0.161339,0.051412,0.093011,-0.023432,-0.158552,#
15,-0.127195,-0.091739,-0.154760,0.038618,0.224475,-0.176420,0.403361,-0.071966,0.167589,0.232628,0.119757,0.018169,0.240828,-0.102417,0.004289,1.000000,-0.064492,0.081322,-0.111906,-0.042236,-0.004414,0.199972,0.185996,0.071471,0.128933,-0.005311,-0.265330,-0.019029,0.172908,-0.136918,0.163462,0.196670,0.227456,0.302061,-0.088120,0.110774,0.035682,0.313398,-0.175427,-0.103562,-0.108133,-0.167571,0.158346,0.163421,0.159238,0.139485,-0.051097,-0.195564,0.097951,0.122165,0.125127,0.062778,-0.128392,0.073835,0.025770,0.074208,0.130130,0.013646,0.153153,-0.048495,0.200070,0.181295,0.147300,0.017633,0.093073,0.033151,0.022236,0.147029,0.181578,0.032732,0.145044,-0.011492,-0.131174,0.034886,-0.033284,0.308519,0.157222,-0.075538,0.190734,-0.044457,-0.075370,0.046456,-0.037485,0.106135,0.016034,-0.211561,-0.162417,0.096919,0.084289,-0.105088,-0.114350,0.107392,0.262956,0.174894,-0.031002,0.155486,0.049444,0.224096,0.049471,0.175182,-0.150387,0.035949,0.073707,0.281795,0.060363,-0.085844,-0.125785,0.008536,-0.020375,0.127351,0.005327,-0.078030,0.076382,0.209038,0.084119,-0.124900,-0.205638,-0.034102,-0.157418,0.484445,0.059803,0.119050,-0.023331,0.201255,-0.002412,0.146189,0.035047,-0.113187,0.015753,0.281320,0.111979,-0.098314,-0.158203,-0.096134,0.085416,0.265445,0.221427,-0.098121,-0.172584,0.225157,-0.100410,0.037321,-0.002686,0.022914,0.048110,0.194266,-0.090571,0.127925,0.050001,-0.003814,0.101005,0.340785,-0.143919,0.059007,0.054679,-0.101042,0.126392,0.036865,0.137826,0.146661,-0.085193,0.018968,0.139784,0.132547,-0.016385,-0.148824,-0.046494,-0.167626,0.099913,0.192226,0.026291,0.007233,-0.249883,0.065162,-0.095066,0.416684,0.133740,-0.021701,0.065407,0.190222,0.177743,0.141076,-0.000235,0.099816,0.221144,-0.023725,-0.105364,-0.088691,-0.133747,-0.068536,-0.077065,0.075274,-0.048762,-0.120528,-0.153455,-0.016999,0.120464,-0.229365,0.079570,0.133667,#
16,-0.083755,0.104481,0.039650,0.104722,-0.225264,-0.068439,0.124656,0.095462,0.037967,0.080238,0.197260,0.093231,0.151319,-0.126406,0.036766,-0.064492,1.000000,0.075163,0.225138,0.208414,0.437520,-0.158426,0.100996,0.124872,0.252666,0.195735,0.190634,0.028801,-0.217890,0.016247,-0.033756,0.121120,-0.133740,-0.016806,0.238434,0.166308,0.350904,0.322803,0.164631,0.026274,0.058830,0.057090,0.093951,-0.000238,0.240402,0.084964,0.037926,-0.042654,0.170126,0.047146,-0.067908,0.159362,0.070714,-0.028435,0.041065,0.082590,-0.083221,0.070373,0.010186,-0.191548,0.349823,0.253786,0.069221,-0.134181,-0.067773,0.047356,0.237225,-0.106898,0.114736,-0.021422,0.223804,0.078831,0.128556,-0.024050,0.049382,0.048802,0.004744,-0.053201,-0.234321,0.126344,0.332090,0.153426,0.162464,0.216213,0.072126,0.151908,0.155580,-0.118944,-0.038313,0.008361,-0.097978,0.107140,0.100947,-0.227044,0.087719,0.033036,0.045078,0.336057,0.130309,0.125278,0.104353,0.185450,-0.061651,0.226708,0.041656,0.051328,0.121303,-0.019391,0.248925,0.080113,0.079241,0.023894,-0.004980,-0.000353,0.111906,0.215497,0.364131,0.140243,0.143090,-0.150456,0.085847,-0.187121,0.081318,0.108152,0.320902,-0.034766,-0.180035,-0.131634,0.259649,0.101934,0.156672,0.031016,-0.092675,0.042344,-0.005867,0.224070,0.111802,0.004899,-0.107335,-0.159065,0.106175,-0.047166,0.173603,-0.029634,-0.219335,0.204851,0.295231,0.134847,0.153597,-0.071914,-0.124307,0.005324,-0.190048,0.118349,0.323540,-0.097846,0.194912,0.090538,-0.078720,-0.057431,0.258248,-0.058388,0.225059,-0.173651,0.236134,0.068402,-0.001396,0.121488,-0.070575,0.087192,-0.119947,0.153381,0.095985,0.202674,-0.023876,0.119575,0.149948,0.471820,0.089997,0.138209,0.077762,-0.083108,0.043644,0.117515,-0.329687,-0.049459,0.121661,-0.078003,0.260218,0.058493,0.010338,0.000253,-0.035541,0.010824,0.281364,0.135709,0.277247,0.212010,-0.137345,0.148425,#
17,0.111905,-0.163921,-0.067791,-0.142805,-0.239069,-0.129574,0.118528,0.074328,0.169743,-0.128558,-0.131848,0.098167,-0.060045,0.121673,-0.038407,0.081322,0.075163,1.000000,-0.014994,0.116774,-0.037128,-0.043318,0.204037,-0.430124,0.154808,0.221096,0.027678,-0.032913,-0.088169,-0.009930,0.013712,0.175867,0.037166,-0.079431,-0.165691,-0.008099,0.039006,0.027884,-0.004409,0.218820,-0.068790,0.113911,0.019824,-0.020562,0.057766,0.180037,-0.225030,-0.016962,-0.067128,0.017255,0.022777,-0.188998,0.062476,0.143497,-0.019320,-0.157012,0.151283,-0.072284,-0.133458,0.024050,-0.173777,-0.102863,0.250870,-0.085982,0.059477,-0.107526,0.190005,0.219493,-0.058133,-0.169974,-0.090665,-0.110179,-0.256718,0.207998,0.284022,-0.192155,-0.026487,-0.045141,0.170614,-0.006260,0.051571,0.036004,-0.050364,0.022542,-0.100131,-0.033760,-0.003126,0.065810,-0.047013,-0.240823,-0.246011,-0.195351,0.053082,0.071230,0.078133,-0.006954,-0.079504,0.108674,0.185111,-0.125825,-0.048049,-0.257695,-0.064410,-0.103708,-0.123832,0.162476,-0.317771,-0.285916,-0.010649,0.189147,0.213310,-0.131865,0.080181,-0.036566,0.139004,-0.143275,-0.141367,-0.119055,0.106007,0.237870,0.041663,0.119360,0.198533,-0.237836,-0.137024,-0.099341,-0.138713,-0.074453,0.093012,-0.053807,-0.077999,-0.066972,0.190117,0.009100,0.052381,0.186928,0.277230,0.040044,-0.151141,0.234265,-0.023341,-0.003590,0.174968,-0.050904,0.114943,-0.122910,-0.106078,-0.098720,0.153396,-0.132651,-0.044021,0.168434,-0.114125,0.048632,-0.009447,-0.178421,0.201758,-0.094835,0.008480,0.002692,0.069262,-0.002508,0.166181,-0.235685,-0.132978,-0.222745,-0.147163,-0.252081,0.138208,-0.117281,-0.151720,0.039927,0.115600,0.000975,0.142665,-0.206030,0.123906,-0.004747,0.024612,0.305728,0.023345,0.027686,0.045426,0.384073,-0.100520,-0.061066,0.068803,0.061697,-0.194265,-0.037059,0.305368,-0.099185,-0.191074,0.060404,0.079668,0.116995,-0.056967,-0.067277,0.118687,-0.350538,#
18,-0.055944,-0.043093,-0.136966,-0.060092,-0.203541,-0.030662,-0.119287,-0.018098,-0.293232,-0.051662,0.031350,0.236497,0.196419,0.123073,-0.077737,-0.111906,0.225138,-0.014994,1.000000,-0.064231,-0.094520,0.023908,-0.005626,-0.045529,-0.104877,0.272176,-0.184206,-0.001646,-0.028188,0.192238,-0.339412,0.086540,0.026501,0.091713,-0.089276,0.004138,0.114098,0.200363,-0.112096,0.136808,-0.101953,0.070634,0.198103,-0.101207,-0.055165,-0.080527,-0.060288,0.385576,0.114203,0.080573,-0.335519,0.040933,0.126770,-0.377575,-0.133769,-0.105299,0.089106,-0.164068,-0.122273,0.125813,-0.020055,0.109392,0.051856,-0.235851,0.052396,-0.298333,-0.056582,-0.291002,-0.354719,-0.199470,-0.161179,-0.290448,-0.016446,-0.312360,0.180169,-0.010267,-0.072530,-0.183549,-0.527383,-0.011568,-0.038120,0.036730,0.312692,-0.086330,0.016570,0.156513,-0.193275,0.134941,-0.042006,-0.162196,0.044862,-0.064973,0.070277,-0.091385,-0.067884,0.001327,0.014767,0.066303,-0.133133,-0.040858,-0.056102,0.030872,-0.000718,-0.082997,-0.163686,0.069331,0.163367,0.124574,0.033092,0.007810,0.248870,-0.190342,-0.189442,-0.181044,0.036128,0.067951,-0.048867,0.091722,0.199612,-0.134275,0.208857,-0.197738,-0.085180,-0.135776,0.291539,-0.236879,0.134382,-0.131913,0.034754,0.020629,-0.190265,0.027427,0.003652,-0.126372,0.013605,0.095084,0.042359,-0.045190,-0.190284,0.062856,-0.063189,-0.067341,0.091806,0.147166,-0.075331,-0.118088,0.206792,0.008142,0.174085,0.066849,0.068019,-0.281415,0.201100,0.034303,0.216062,0.020825,-0.056411,0.053517,-0.187480,-0.042793,0.103995,0.147032,0.293177,-0.077298,-0.080588,-0.216112,0.240954,-0.036701,0.029330,0.007026,0.127116,-0.084580,0.235104,0.290414,-0.099872,-0.001648,-0.070428,0.014762,-0.168087,-0.002332,-0.158526,0.097565,0.031283,-0.082328,-0.237319,0.014120,0.058114,-0.042017,-0.087629,0.008538,0.097736,-0.116408,-0.128732,0.086177,-0.173601,-0.110507,-0.013067,0.310135,-0.122913,0.127353,#
19,0.105039,0.157563,0.084179,-0.094005,0.073068,0.233273,0.078098,0.137337,0.099408,-0.163798,0.062314,0.065824,-0.113113,-0.010042,0.078368,-0.042236,0.208414,0.116774,-0.064231,1.000000,0.138238,-0.160063,-0.022074,0.171059,0.228072,0.066222,-0.037156,-0.210580,-0.401044,0.210784,0.156835,0.139073,0.231732,-0.012947,0.167978,0.185029,0.039835,0.067648,0.039220,0.163289,0.209611,0.297161,0.086607,-0.065918,0.075499,0.235321,0.063694,0.038793,0.100069,0.225276,-0.048011,0.029574,0.022707,0.027077,0.115817,0.100365,0.069744,-0.072803,-0.135368,0.015364,0.089834,-0.094101,0.226088,-0.007481,0.000313,-0.032205,0.209429,0.113810,0.154802,-0.142720,0.215609,0.073883,0.110617,-0.058024,-0.061544,0.213480,-0.142139,0.145419,0.109211,-0.087812,0.190741,0.055958,0.046872,0.005850,-0.057822,-0.061439,0.033590,-0.036627,0.237942,0.067317,-0.248989,-0.004817,-0.160590,0.071547,0.023903,-0.044267,0.158869,0.443333,0.140852,0.135416,0.040488,-0.048488,-0.019393,0.186295,0.221742,-0.056440,0.229489,-0.273929,0.168747,-0.157046,0.174584,0.055153,0.038468,0.159372,0.072139,0.252393,0.245055,0.105103,0.228782,-0.148033,0.432271,0.049982,-0.013355,0.221636,0.136920,0.197378,0.079428,0.183459,0.273092,0.151562,0.117360,0.162030,0.034910,0.035686,0.032608,0.248473,0.128004,0.146426,0.087786,0.051045,0.008220,0.331742,0.096534,-0.005150,0.063046,-0.120355,-0.082386,-0.008228,0.275089,0.070668,-0.068189,0.115347,0.066509,0.136544,0.324891,-0.004935,0.194558,0.003977,0.264644,0.161392,0.014904,0.182361,0.124417,0.188021,0.092877,-0.026500,-0.067356,0.197792,0.002206,-0.036983,-0.189960,0.020790,0.158484,0.252039,0.226794,0.044587,0.204588,0.085213,0.143202,-0.044599,-0.061574,0.209508,0.223913,0.135103,0.091951,0.018899,-0.072688,-0.126934,0.023338,0.092098,0.166903,0.098791,0.001180,0.268634,0.348900,-0.007668,0.178095,-0.049245,0.015036,0.015626,#
20,-0.114338,0.176117,-0.063769,0.149992,0.050246,0.034302,0.120029,0.172844,0.251721,-0.016536,0.077807,0.034306,0.125206,-0.166377,-0.050196,-0.004414,0.437520,-0.037128,-0.094520,0.138238,1.000000,-0.004284,0.078539,0.190296,0.320685,0.138290,0.121070,-0.088565,0.026990,-0.154253,0.150616,0.281797,0.099069,0.202112,0.066791,0.006924,0.115138,0.069683,0.103915,0.023036,0.155252,0.140694,0.094316,0.127226,0.136297,-0.053389,0.107471,0.106535,0.075864,-0.238443,0.143775,0.224790,0.103428,-0.074939,0.110516,-0.063754,-0.275584,-0.002511,0.034868,-0.119078,0.204707,0.016866,0.228428,-0.170135,0.016714,0.083532,0.129734,-0.076594,-0.025015,0.012760,-0.003722,0.065661,0.115480,-0.003809,-0.139929,-0.105800,-0.080921,-0.073396,0.184137,0.181175,0.276263,0.138695,0.045108,0.141755,-0.045160,-0.118994,-0.031873,0.049072,0.208499,0.374781,0.050024,-0.080459,0.184392,0.083706,-0.043767,0.179650,0.160877,0.153620,0.119739,0.110178,0.217358,0.057982,-0.252528,0.219790,-0.024608,0.043334,0.326583,-0.023598,0.005059,0.116853,-0.000846,0.208798,-0.100181,-0.122177,0.278015,0.282049,0.194878,0.209816,-0.136582,-0.007650,0.236980,0.048846,0.066875,0.122623,-0.068035,-0.081515,-0.199176,-0.025012,0.121920,0.303997,0.133995,0.055401,0.233263,0.029734,-0.065895,0.246545,0.049947,0.125430,0.100972,0.113397,0.019482,-0.205620,0.310508,-0.117545,0.017897,-0.001934,0.258717,0.186981,-0.125615,0.011526,-0.022709,0.239063,-0.200094,0.001189,0.031609,-0.221278,-0.053223,0.162354,0.148197,-0.075711,0.009737,0.032876,0.012008,-0.047918,0.279955,0.106056,-0.074523,0.140059,-0.256560,-0.114704,0.073861,0.090652,-0.008411,0.136266,-0.049892,0.015693,0.081138,0.210184,0.022524,-0.052978,0.070928,-0.173595,-0.058095,-0.132884,-0.075510,0.082396,0.240808,-0.030754,0.221139,0.164177,0.048278,0.261417,0.352953,0.033853,0.278864,-0.002076,0.054719,0.184220,0.028357,0.157192,#
