0,1.000000,-0.014224,0.101735,0.047347,-0.134281,0.060202,0.156343,0.047379,0.071778,-0.133216,-0.081843,0.159628,0.138988,-0.349574,0.165810,-0.093649,-0.060881,0.083364,-0.042019,0.132788,-0.145807,-0.012295,-0.007442,-0.060662,0.049231,0.119132,0.157121,0.077053,-0.255839,-0.017962,-0.107178,-0.023734,-0.230893,-0.238775,0.222306,0.030709,0.149494,-0.195441,-0.063965,-0.134758,-0.063395,-0.068973,0.146565,0.062884,-0.033622,0.012699,-0.015828,0.045542,-0.179559,-0.144372,-0.097256,-0.157504,0.313601,0.163958,-0.167479,0.052718,-0.060752,-0.042565,-0.046669,-0.270744,0.227559,-0.208009,-0.034205,0.139778,-0.152811,0.188925,-0.197227,0.242416,-0.167637,-0.063164,-0.172729,-0.024270,-0.077264,0.078381,0.063873,-0.179098,-0.071246,-0.170490,-0.081067,-0.102377,0.210969,0.015568,-0.250239,-0.031128,-0.069077,0.286639,-0.016999,-0.106403,-0.237126,-0.318169,-0.005377,-0.028028,0.040029,0.070916,0.086438,0.145363,-0.157880,0.007346,-0.069993,-0.023396,-0.112005,-0.070872,-0.321083,-0.048325,-0.027489,-0.275932,-0.171968,0.125434,0.157100,-0.062397,0.113018,-0.091340,-0.064350,-0.025076,-0.085835,0.083830,-0.259142,-0.145646,-0.023744,0.089213,0.239505,0.403005,-0.098305,-0.011986,-0.095804,0.054907,0.090775,0.084078,-0.219835,-0.033934,-0.264861,0.144564,0.033671,-0.094112,0.028372,-0.258249,0.060888,0.071810,-0.052333,0.121267,-0.246784,0.017841,-0.059159,0.372289,0.187790,0.017504,-0.116909,0.013970,0.093021,-0.183483,-0.040677,-0.251242,-0.135682,-0.062064,-0.143562,-0.078255,-0.141167,-0.117831,0.145082,0.141506,0.134507,0.283168,-0.251003,-0.079491,-0.197779,0.236740,0.160642,-0.068904,0.038964,0.014016,0.018183,-0.027773,0.045581,0.021425,0.206887,-0.029197,0.167802,-0.048630,0.027589,0.128827,-0.134243,0.106272,-0.057804,0.113467,0.079563,0.038567,0.242751,0.075545,0.118495,0.312137,-0.039467,0.004511,0.013921,0.028461,-0.077178,-0.147352,-0.200733,-0.061033,0.000616,0.010557,#
1,-0.014224,1.000000,-0.248864,0.120429,0.127220,0.163830,-0.071446,-0.103264,-0.137024,-0.068134,0.083073,0.009278,0.324936,0.226168,0.173498,-0.098091,0.120768,-0.149684,-0.040706,0.154866,0.192698,0.124436,0.301225,0.361624,-0.145852,0.154317,0.207070,-0.147308,-0.229936,-0.135058,0.164690,0.108624,0.053265,0.038877,0.285447,0.064781,-0.093803,0.091961,0.097993,0.098369,-0.061509,0.079447,-0.147037,0.118749,0.002184,0.177090,0.187480,0.063123,0.211935,0.111960,0.150698,0.338843,0.047462,-0.299745,0.055973,0.262208,-0.064825,0.108515,0.162621,0.071329,-0.020904,0.092780,-0.145826,-0.180610,-0.100582,0.000407,0.097378,0.160409,0.139347,0.276859,0.023882,0.031792,0.418231,-0.140490,0.018572,0.156343,0.066713,0.126427,0.076445,-0.071661,0.166309,0.080182,0.198786,0.120629,0.067494,0.099366,-0.044512,-0.133933,0.030411,0.093733,0.128101,0.059987,0.068351,0.074170,-0.177401,-0.007467,0.103298,-0.024553,-0.293173,0.103444,-0.189829,0.451150,0.030459,0.162130,0.078706,-0.188293,-0.077398,0.146028,0.067080,-0.314202,0.059688,0.119229,0.017204,0.047123,0.173699,0.099709,0.282838,0.261905,0.069942,-0.067139,0.308664,0.251609,0.077214,0.099847,-0.096546,-0.076887,0.138191,0.308268,0.136161,0.130694,-0.050046,-0.203327,-0.126984,0.178920,-0.083917,-0.138384,-0.128742,0.059574,0.317114,-0.042521,-0.021148,-0.112298,-0.094576,-0.121340,-0.195955,0.194730,0.022211,0.028500,0.101438,0.035787,0.211868,0.012228,0.092501,0.005632,0.183872,-0.024385,0.122459,0.157004,-0.039035,-0.065844,-0.102014,0.163034,-0.040450,0.074792,0.283422,0.067460,-0.182102,0.275281,-0.133802,0.259176,-0.075968,-0.065336,0.097741,0.113845,0.126371,-0.016401,0.150784,0.036540,-0.125754,-0.177965,0.016783,-0.200837,0.027962,-0.187036,-0.069815,0.170964,0.037253,-0.108205,0.091742,0.107290,0.139686,0.024291,0.125033,-0.000707,0.251103,-0.041119,0.110080,0.004650,0.127417,-0.001756,#
2,0.101735,-0.248864,1.000000,0.041946,0.018886,0.104594,-0.161888,0.296723,-0.049623,0.150011,-0.058526,-0.198519,-0.181279,-0.115492,0.178783,-0.205453,-0.005971,-0.004995,-0.156784,0.017615,0.017868,0.064153,-0.136985,0.008515,-0.009374,-0.158308,0.152641,0.045024,-0.059600,-0.054751,-0.162377,0.063622,0.129794,-0.006946,0.039646,0.079591,0.146851,-0.127354,0.223219,0.064061,0.174844,0.235359,-0.159147,-0.047960,-0.013674,0.226925,0.173661,-0.248445,-0.060130,0.232348,-0.064629,-0.100111,-0.046492,0.338675,0.117743,0.113085,-0.027094,-0.026125,-0.166836,0.033998,0.259378,0.060165,-0.080619,0.220671,-0.022998,0.055147,0.261134,-0.212217,0.099224,0.121964,0.281745,-0.072878,0.090673,0.114817,0.113283,-0.013868,0.223638,0.042078,-0.081386,0.286335,-0.065878,0.210719,0.072004,0.124654,0.013125,0.246607,0.330131,0.260000,0.227055,0.046897,0.291396,0.099491,0.050833,-0.340085,0.476701,-0.112547,-0.104627,0.018413,0.195004,0.089699,0.113772,-0.260764,-0.269039,0.032610,0.190917,0.388371,0.075260,-0.188087,0.361090,-0.011680,0.113389,0.015022,0.316101,0.059573,0.036784,-0.109330,-0.027691,-0.125341,0.234767,-0.216097,0.097811,0.103964,0.026908,-0.069508,0.078643,0.156852,0.059552,-0.025946,0.013701,0.171984,0.072803,0.114894,0.029680,0.288868,0.077811,-0.180951,-0.184294,0.001796,-0.126605,0.008431,0.319928,0.058053,0.102304,0.031917,0.043888,0.102155,0.089780,0.030480,0.246161,-0.145474,0.070511,-0.013622,0.084205,0.033267,-0.096992,0.259351,0.078619,0.111749,-0.153874,-0.064118,-0.002225,-0.217974,0.230710,0.006161,-0.108409,0.041497,0.194403,0.026148,-0.025085,-0.062779,-0.001085,-0.100512,0.041671,-0.002461,-0.006215,0.189600,0.159888,0.024826,0.174054,0.033954,-0.165827,0.215569,-0.037504,0.118927,0.139835,0.259603,0.019817,0.006960,0.058422,-0.031043,-0.174470,-0.101834,0.044166,0.220289,-0.001198,0.078415,0.097050,0.002188,-0.362798,-0.045816,#
3,0.047347,0.120429,0.041946,1.000000,0.079308,0.028234,0.016759,0.221680,0.020834,0.103195,0.044974,0.016765,0.430800,-0.272532,0.176473,0.018184,0.138247,-0.114441,-0.055926,-0.099638,0.197116,0.293178,-0.094274,0.089148,0.078697,0.204367,0.087468,0.040877,0.110878,-0.205697,-0.014799,0.189775,0.014836,0.256332,0.341601,0.060286,0.005965,-0.025347,-0.009185,0.200038,0.074552,0.109998,-0.034707,-0.123228,0.200767,0.233569,0.074224,0.202601,0.261732,0.067316,0.189583,-0.049646,0.151434,-0.048467,0.241229,0.009866,-0.226444,0.024230,0.413617,-0.068558,0.232940,0.142234,0.020344,-0.047602,0.039598,0.190934,-0.042790,-0.154015,0.051458,0.205998,-0.001863,0.266995,0.304859,0.203966,0.045826,-0.115695,-0.044091,0.046171,0.137247,0.218837,0.115466,0.058292,-0.044893,0.290665,-0.063937,0.071098,-0.036184,0.026713,-0.129063,0.157231,-0.100584,0.052102,0.248946,0.051053,0.263850,0.255201,0.030579,-0.017108,-0.180517,0.096776,-0.127243,-0.040592,-0.263240,0.173631,0.143619,0.263478,0.178703,0.283734,0.155581,0.035872,-0.072044,0.167016,0.039229,0.083593,0.184164,-0.057461,0.179151,0.076492,0.053306,0.034248,-0.107012,0.140398,-0.181878,0.090877,0.043420,-0.025657,0.242204,0.188410,-0.022427,0.185293,-0.082257,-0.071768,-0.144181,0.392583,0.282286,0.072923,0.281718,-0.087101,-0.025558,0.064405,0.069321,-0.030493,0.039156,0.136961,-0.225318,0.245244,0.017384,-0.033455,0.028545,-0.211951,-0.014952,-0.023585,0.249859,-0.173064,0.182710,-0.098708,0.180591,0.306663,-0.024481,0.212745,0.162770,0.101170,-0.078124,0.323367,0.248403,0.023826,-0.146343,0.008251,0.114148,0.122831,0.192895,0.004279,0.008230,-0.029943,-0.251916,0.264371,0.025055,-0.063045,0.168490,-0.188862,-0.110212,0.073570,0.005554,0.064664,-0.095520,0.015673,-0.087524,0.029466,0.380906,0.125790,-0.211802,0.039981,0.203130,0.054736,0.112254,0.123603,0.280735,0.068899,-0.066263,0.173733,#
4,-0.134281,0.127220,0.018886,0.079308,1.000000,-0.034610,0.139114,-0.001612,-0.155726,-0.021038,0.210175,-0.042381,-0.124892,-0.175701,0.021630,0.223311,-0.226587,-0.236507,-0.202647,0.075508,0.047323,0.212945,0.129515,0.153447,-0.127441,-0.253977,0.082711,-0.086518,0.168417,-0.114827,0.189865,-0.118465,0.202982,0.081756,0.021802,0.166348,-0.205589,-0.120299,0.016287,0.212114,-0.037624,0.159320,0.010552,0.165444,0.246570,-0.168665,0.172951,-0.200124,-0.137794,-0.038680,0.118218,0.235464,0.089797,-0.276465,-0.062506,0.027939,-0.099285,-0.043234,0.168001,0.019731,-0.015914,0.246251,0.061823,0.000151,0.182750,0.215976,0.154860,-0.168026,-0.108416,0.202359,0.139620,0.090247,0.127899,-0.165191,-0.094333,0.341301,0.139412,-0.031016,0.202872,0.000035,-0.269850,0.183142,0.109380,-0.170631,0.088679,-0.070191,-0.025617,-0.148580,0.097083,0.228850,-0.085327,-0.009613,-0.061433,-0.129534,0.105287,0.178394,0.160614,0.087360,-0.156007,0.115882,-0.050077,0.072225,-0.152267,0.142882,0.073284,-0.194191,0.136954,-0.000461,-0.068724,0.093190,-0.048157,0.148412,0.305076,0.276945,0.109408,0.072727,-0.078844,0.396030,-0.180510,0.169917,0.249892,0.109206,0.066982,0.181368,-0.003949,-0.001286,0.205392,0.024400,0.151488,0.199324,0.289982,0.037655,-0.265756,0.068792,-0.015012,0.083790,0.045252,0.126011,0.022200,0.096956,-0.098377,0.330041,-0.104931,0.112391,-0.122860,0.299302,0.177800,-0.217528,-0.016734,-0.003749,-0.084977,0.283091,0.092911,-0.151953,0.059274,-0.085105,0.187128,0.131247,0.215393,0.073778,-0.273658,0.228334,0.039126,0.314174,0.072259,-0.002015,0.196925,0.288808,-0.199249,0.263151,0.002586,-0.098832,0.033157,-0.062085,0.220702,0.124965,-0.154716,0.078671,0.058227,-0.142860,0.143028,-0.009986,0.111603,0.032548,0.245563,0.100695,-0.108156,0.065461,-0.134288,0.002291,-0.117225,0.011540,0.106089,0.024586,0.298315,-0.315127,0.042077,-0.131804,0.018063,0.092247,#
5,0.060202,0.163830,0.104594,0.028234,-0.034610,1.000000,-0.164099,0.173435,-0.066657,0.090031,-0.153155,-0.094423,0.105763,0.043928,0.032212,-0.154360,-0.037441,-0.141435,-0.016479,0.256296,0.019554,-0.320380,-0.145058,0.124464,0.023870,0.240304,0.055574,0.279571,-0.265817,0.189958,-0.025605,0.217237,0.127141,0.311803,-0.094451,0.184813,0.116180,-0.332629,0.094898,0.040123,-0.112681,0.174577,-0.195221,0.017288,0.118897,0.033193,-0.088791,0.262263,0.059792,0.067248,0.229393,-0.191013,0.146143,0.084751,0.028704,0.361032,0.014207,-0.069659,0.061045,0.100667,-0.178779,-0.128340,0.024371,0.227678,-0.088207,-0.181469,-0.143894,0.062548,0.087525,0.239713,0.173446,0.050330,0.277675,0.031862,0.043237,-0.255463,-0.095428,0.241904,0.099878,-0.003049,0.019056,0.304410,0.124125,0.017808,-0.123612,0.020384,-0.079103,-0.074306,0.167811,0.112699,0.168126,-0.154022,0.075592,-0.018485,-0.083926,-0.376222,0.097698,0.105643,0.179532,-0.190819,0.126604,0.082789,0.171070,0.175977,0.002969,-0.004675,0.126232,0.209541,-0.074366,0.009906,-0.029450,0.118828,-0.032530,-0.112915,-0.067881,-0.108396,0.178867,0.219034,0.033684,-0.084629,0.046311,0.287240,0.066114,0.268014,0.021154,0.033401,0.402663,-0.049451,0.036508,-0.124383,-0.132891,0.161844,0.130334,0.357357,0.073910,-0.224809,-0.262879,0.309060,-0.099713,-0.120669,-0.055234,-0.118139,0.123956,0.072227,0.395039,-0.080604,-0.020627,0.035967,0.039159,0.169602,0.281921,0.081740,0.195280,-0.009522,-0.071277,-0.104995,0.260769,0.042414,0.112842,0.117340,0.015381,0.227089,0.036467,0.151826,0.257171,-0.147188,-0.233753,0.232806,-0.038277,-0.109332,0.286513,-0.038189,0.069471,-0.107605,-0.189851,0.198458,0.214017,0.183471,0.205184,0.037033,0.020862,-0.032259,-0.251073,0.067354,-0.054893,0.179555,-0.264672,0.073444,0.409683,0.250301,-0.033378,0.257635,0.049691,0.327955,0.143479,0.211461,-0.071443,0.187687,0.044378,0.054305,#
6,0.156343,-0.071446,-0.161888,0.016759,0.139114,-0.164099,1.000000,-0.154141,0.230233,0.277890,0.123437,0.051058,-0.003293,-0.179550,-0.137837,0.420756,0.115210,0.085784,-0.117884,0.092252,0.065998,0.049459,0.067193,-0.088658,0.242956,0.013833,-0.027988,0.058769,0.007307,0.020758,0.127234,0.222557,0.183150,0.063601,-0.002785,0.148420,0.151651,0.227484,-0.022579,0.096954,0.061989,-0.133909,0.364560,0.141147,-0.080167,-0.173297,0.003335,0.137776,0.021844,0.034648,0.106963,0.167597,0.185091,-0.090139,-0.089474,-0.137368,-0.023620,0.105592,0.057635,-0.205884,0.337710,0.064811,0.041278,-0.010943,0.210208,0.244992,0.154132,0.356266,0.006592,0.025036,0.139150,0.307591,-0.038098,-0.106642,-0.110386,0.377512,0.295578,-0.079674,0.159856,-0.013562,0.134412,0.144631,-0.187991,0.286528,0.200919,-0.030146,0.228743,0.109039,-0.032500,0.037628,-0.122926,0.178136,0.059161,0.035381,0.163251,0.065443,0.096406,0.137954,0.064386,-0.058906,-0.065637,0.138291,0.105143,0.046882,0.158161,-0.188058,-0.030915,0.105718,0.081613,-0.035594,0.072971,-0.099962,-0.147256,0.283913,-0.013542,0.088611,-0.162716,0.033877,0.015592,0.313687,0.035486,0.053533,-0.122433,0.141111,-0.000064,0.041326,-0.213365,-0.141897,0.164302,0.029577,0.082923,-0.022022,-0.014038,0.042950,0.060891,-0.007120,0.078627,-0.037338,0.058938,0.321310,0.083958,0.098916,-0.240876,0.007347,0.129012,0.115184,0.044452,0.249383,0.011119,-0.081741,-0.031455,0.192877,-0.165237,-0.032030,-0.058576,-0.075668,0.070128,-0.157645,0.061625,0.163051,-0.074205,0.092245,-0.075234,0.025693,0.025960,0.143306,0.139155,-0.001112,0.061927,0.126924,-0.023866,0.162415,-0.199115,-0.062728,0.062038,0.068061,-0.048344,0.368836,-0.040866,0.074760,0.012252,0.265643,-0.116588,0.146730,0.105946,0.047469,0.126960,-0.116470,0.083764,0.097135,-0.128889,0.245652,-0.032761,-0.095585,-0.055887,0.115019,0.088824,-0.130124,0.036327,0.171960,#
7,0.047379,-0.103264,0.296723,0.221680,-0.001612,0.173435,-0.154141,1.000000,0.078198,-0.220710,-0.080063,-0.271665,0.148257,0.045463,0.165998,-0.128646,0.002686,0.115829,-0.061929,0.061322,0.208948,0.040850,-0.066574,-0.126015,0.162440,0.194684,0.006782,0.072280,-0.088386,0.349925,-0.001636,-0.214993,0.096726,0.006232,0.093074,0.051008,-0.053456,0.069871,0.091451,0.054208,0.122690,0.384855,-0.135784,-0.005844,0.027396,0.169132,0.093828,0.197668,0.270877,0.111984,-0.167265,-0.014161,-0.010245,0.253494,0.289517,0.002633,0.078912,-0.376651,0.316196,0.261181,-0.163531,0.129836,0.008013,0.210812,-0.015118,-0.003242,0.199949,-0.149566,-0.089268,-0.077223,0.149134,0.055027,0.216159,0.275007,0.057095,0.061253,0.008198,0.050068,-0.137655,-0.052600,0.293174,0.034382,0.140366,0.138077,-0.088075,0.220807,0.273720,0.165884,0.165939,0.349308,0.070457,0.101123,0.221371,-0.064823,0.219319,0.103105,-0.059708,0.220122,0.205032,0.065487,0.204789,-0.177229,-0.157252,-0.078163,0.132345,0.036361,0.076830,0.137139,0.142527,0.109529,0.182967,0.102137,0.301610,-0.036078,0.123015,-0.139542,0.002271,0.024355,0.277931,-0.037350,0.226045,0.188717,0.040321,-0.013550,-0.041952,0.262422,0.087024,-0.027685,-0.103405,0.041066,0.029443,0.162494,0.116753,0.055931,-0.064340,-0.005894,0.011881,0.258126,-0.040970,-0.005149,-0.020618,-0.023661,0.112790,0.151983,0.160550,0.046399,0.153075,-0.144910,0.030026,-0.154978,0.030711,0.201637,0.078572,-0.306808,-0.126085,0.165241,0.306435,0.178964,0.095028,0.052285,0.049006,-0.071377,0.263659,0.055251,0.023995,0.050857,0.040438,-0.045334,-0.257071,-0.065413,0.256867,-0.128763,0.091742,0.039752,0.030475,0.197058,0.003462,-0.218822,0.135335,-0.173754,-0.010491,0.158388,-0.009919,0.235230,-0.106890,0.115962,0.173149,0.034674,0.266082,0.205529,-0.065115,0.083684,0.137206,0.140708,0.201579,0.121944,0.169979,0.344788,0.113160,0.089980,#
8,0.071778,-0.137024,-0.049623,0.020834,-0.155726,-0.066657,0.230233,0.078198,1.000000,0.092369,0.126370,0.001632,0.009266,0.137578,0.033142,0.185325,0.054128,0.145931,-0.282885,0.118925,0.216639,0.005229,-0.178193,0.033130,0.312579,0.160899,0.008719,-0.283005,0.133906,-0.080739,-0.015711,0.188203,-0.018985,-0.097881,0.004917,0.274964,0.113768,0.054264,-0.127706,0.050738,-0.046561,-0.038316,0.427378,0.099921,-0.167670,-0.032164,-0.089427,0.038363,0.112763,-0.110661,0.348519,0.101489,-0.044226,0.079423,-0.053901,0.137041,0.172020,-0.059465,-0.079117,-0.057304,0.233213,-0.019812,0.387142,0.074318,0.227889,0.221528,0.094750,0.176681,0.374071,-0.069303,0.175534,0.185253,0.079977,0.018195,0.002947,-0.048508,-0.089996,0.085272,0.189569,-0.148570,0.212133,0.158593,-0.235087,-0.036845,0.181434,0.001453,0.049131,0.069064,-0.136430,-0.034626,0.083596,-0.042190,-0.120802,0.034652,-0.082907,0.027920,0.286885,0.285182,0.320426,0.365572,0.058619,-0.285519,0.074398,0.330774,-0.141200,0.173508,-0.036363,-0.042607,-0.148047,0.159226,-0.110415,0.051757,-0.041535,0.050884,-0.177386,0.085765,0.042591,0.092994,-0.054244,0.223280,-0.119567,0.094613,-0.119664,0.165364,0.051738,0.114807,-0.109827,-0.083360,0.116059,0.070998,-0.043853,0.160463,0.133284,0.027373,0.043885,0.134502,0.105756,0.017556,0.180852,0.146913,-0.127564,-0.147759,0.045448,-0.293813,0.056108,-0.106304,-0.075768,0.342617,0.143155,-0.020506,-0.081743,0.243272,-0.306453,0.134923,0.071593,-0.182266,0.122491,0.205111,0.304736,0.061257,0.019330,-0.232006,0.018062,-0.101129,-0.160020,-0.039625,0.065804,0.139436,0.150670,-0.184844,0.041362,0.203298,-0.239213,-0.030090,0.130750,0.131576,0.217933,0.011223,0.204565,0.142528,0.048013,-0.093819,0.075599,-0.028227,0.094046,-0.023109,0.316783,0.117735,0.151340,0.208566,0.176148,0.244361,0.350618,0.130450,0.084749,-0.075211,-0.296638,0.119383,0.016300,0.178205,#
9,-0.133216,-0.068134,0.150011,0.103195,-0.021038,0.090031,0.277890,-0.220710,0.092369,1.000000,0.053176,-0.050733,0.102188,-0.122888,0.048959,0.194793,0.025435,-0.101098,-0.077925,-0.206789,0.008432,-0.085415,-0.289003,0.013172,0.099095,-0.262966,0.117768,0.080061,-0.039148,-0.248888,-0.104525,0.323998,0.077301,0.120137,-0.162408,0.059820,-0.007148,-0.027214,-0.070002,0.035159,0.091044,-0.187634,-0.173932,-0.019031,0.041330,-0.056423,0.070962,-0.052035,-0.008222,0.168497,0.175273,0.023965,-0.140848,-0.085047,-0.136033,-0.040088,0.131021,0.244190,-0.144594,-0.152397,0.097705,0.015537,-0.011619,-0.156365,-0.254920,0.078883,0.092810,-0.006967,0.212031,0.108169,0.150580,0.072372,0.117310,-0.042194,-0.291671,-0.052901,0.258302,-0.009599,-0.061731,0.237946,0.051857,0.276183,-0.120009,0.176518,0.041439,0.060201,0.229322,0.411105,-0.078973,0.072652,0.167373,-0.090701,0.055151,-0.106542,0.049249,-0.163732,0.088940,-0.126513,0.048694,0.073652,0.059336,-0.022243,0.255853,0.032614,0.085744,0.101554,-0.014911,0.033394,0.236344,0.119237,-0.084735,0.190208,-0.128123,0.112185,-0.048190,0.066982,-0.007220,-0.014159,-0.074332,0.059864,-0.156234,0.060739,-0.081255,0.169425,0.175697,0.116351,0.115856,-0.067768,0.090567,0.053695,0.049371,0.122370,-0.143568,0.208765,0.187155,-0.197023,0.115737,-0.084311,0.157135,0.028793,0.342074,0.195274,0.045149,0.172877,0.048059,0.341894,-0.016372,0.377980,0.057791,0.073711,-0.066318,-0.064095,0.115853,-0.013150,0.065797,0.014021,-0.033496,0.117741,0.000066,0.143772,0.047982,0.120123,0.119628,-0.075511,-0.015772,0.221383,0.027100,0.106938,0.138111,0.014806,0.143170,-0.059772,-0.132977,-0.326891,-0.070394,0.148695,0.331042,0.213491,-0.074912,0.138578,0.160192,0.050211,0.021494,-0.129566,-0.059570,0.083294,-0.034286,-0.023794,0.199725,-0.014547,-0.168269,-0.026160,0.101341,-0.098014,-0.086027,-0.087922,0.121247,0.035782,-0.113280,0.091095,#
10,-0.081843,0.083073,-0.058526,0.044974,0.210175,-0.153155,0.123437,-0.080063,0.126370,0.053176,1.000000,0.146822,0.063635,0.006688,-0.074143,0.144931,0.204896,-0.156913,0.038728,0.084303,0.031632,0.121412,-0.095679,0.208467,0.100088,0.076256,0.092640,-0.014309,-0.039546,-0.076768,0.024466,-0.054838,-0.003832,0.155492,0.055747,0.022850,0.272376,0.060657,-0.022448,-0.152851,0.050430,-0.100275,0.124028,-0.134004,-0.024881,0.103628,0.315117,0.037588,0.003882,0.221758,0.049989,0.282232,0.069460,-0.287130,0.043738,0.343811,0.028439,0.248958,-0.173232,0.016784,0.028821,0.185739,0.149780,0.090452,0.093307,-0.069586,0.211208,0.135950,0.184390,-0.002214,0.331943,0.221733,0.091667,-0.233670,0.090754,0.230593,-0.252980,-0.105509,0.046939,-0.030221,0.087688,0.011335,0.051399,-0.130095,0.026321,0.063328,0.073910,-0.045791,0.035378,0.266095,-0.014442,0.077965,0.180119,-0.286030,-0.149009,0.024486,0.020570,0.331248,-0.069120,0.001785,-0.052109,-0.104037,-0.094232,0.072824,0.014834,-0.004492,0.201709,-0.021408,-0.062333,-0.039326,-0.033118,-0.121479,0.136823,0.217468,0.014021,0.064404,-0.066347,0.181119,0.140843,-0.041270,0.119438,0.023578,0.059817,-0.000228,-0.029790,0.140161,0.037343,0.031433,0.278565,0.133931,-0.072947,0.112578,-0.124535,0.051475,0.198050,0.338566,-0.012017,0.070966,0.158101,0.035145,0.055306,0.051288,-0.072881,0.014327,-0.152281,0.368201,0.401418,0.173919,-0.014385,0.211289,-0.176778,-0.024964,-0.114849,0.175880,0.275204,-0.188168,0.192561,0.062711,0.015905,-0.216134,-0.028165,-0.025846,0.105932,0.009650,0.066177,0.066083,0.004058,0.042455,0.044588,0.261423,-0.185296,0.172439,-0.149131,0.019562,0.248918,0.123911,-0.089322,-0.090936,-0.124468,0.146719,-0.209979,-0.074596,-0.001261,0.008252,-0.257922,0.122541,0.376507,0.041317,-0.180601,0.025736,-0.071407,-0.233262,0.051090,0.231319,0.106280,-0.221317,-0.040940,-0.025033,-0.095029,0.293866,#
11,0.159628,0.009278,-0.198519,0.016765,-0.042381,-0.094423,0.051058,-0.271665,0.001632,-0.050733,0.146822,1.000000,0.005897,-0.012970,0.114425,0.078314,0.115083,0.030706,0.243864,0.115629,-0.054491,-0.220638,0.139390,0.106645,0.226126,-0.010626,-0.029507,0.013396,0.038596,-0.087537,0.157904,0.284412,0.059506,0.054244,-0.088958,0.038396,0.168355,0.171356,-0.131842,-0.044257,0.179876,-0.280755,0.188737,-0.122371,-0.041194,-0.240605,0.054073,0.198775,-0.102113,-0.048851,-0.087217,0.023381,0.460858,-0.092008,0.018374,0.012454,-0.156697,0.419596,0.029223,0.157532,0.084963,-0.111010,0.314817,-0.005262,0.089336,-0.013741,-0.185209,0.044764,0.217928,-0.116056,-0.107980,-0.152475,-0.103252,-0.034830,0.180302,-0.003162,-0.087201,0.036417,-0.018654,-0.227019,-0.186327,0.148368,-0.053998,-0.057946,0.349589,-0.051593,-0.150524,-0.097361,-0.096971,-0.161168,-0.107365,0.023743,0.030926,-0.183991,-0.159601,0.205266,-0.096500,0.202645,-0.134290,0.115641,-0.118114,-0.105843,0.120550,0.194505,-0.112588,0.018310,0.287542,0.056788,0.138524,-0.224278,0.040552,0.212543,-0.088916,-0.070500,0.017513,0.015398,0.064441,-0.046449,-0.150382,0.252488,0.005456,-0.104515,-0.042707,0.076545,-0.031340,0.123220,0.131958,0.135028,0.071200,0.288243,0.013398,0.035671,0.254974,0.100722,0.058739,0.174019,0.161254,0.108651,0.172957,0.358280,-0.256947,-0.145453,0.225430,0.029298,-0.065999,0.040825,0.206890,0.066802,0.119737,-0.080465,-0.003095,0.085019,-0.118442,0.296671,0.300103,-0.159960,-0.065057,-0.042294,-0.085981,-0.044227,0.257975,0.170950,0.041848,0.042032,0.091070,0.273694,0.203214,-0.074381,0.162698,0.295593,0.216070,0.097195,0.148736,0.204728,0.040606,0.077228,0.209919,-0.002395,0.018530,0.034573,0.012651,-0.246428,0.091042,-0.003586,0.166988,0.044171,0.221070,0.158417,-0.110062,-0.288460,0.111492,0.012920,0.071075,0.095266,-0.037324,-0.101281,-0.005178,-0.077696,-0.031544,-0.126681,#
12,0.138988,0.324936,-0.181279,0.430800,-0.124892,0.105763,-0.003293,0.148257,0.009266,0.102188,0.063635,0.005897,1.000000,0.023907,0.039122,0.201847,0.126819,-0.030235,0.177921,-0.142603,0.156413,0.078008,0.017514,0.162294,0.178052,0.305906,-0.030309,-0.064629,-0.066228,-0.103373,0.015904,0.156234,0.039077,0.136117,0.245347,-0.021127,-0.017518,0.157606,-0.140404,0.028724,-0.116450,-0.139995,-0.008288,-0.010078,0.202953,0.218345,0.165626,0.313899,0.365503,0.165203,0.150548,-0.134409,0.035152,0.030550,-0.058668,0.228530,0.141137,-0.132741,0.364321,-0.067796,0.010889,-0.006857,0.124270,-0.248625,-0.047983,-0.041485,-0.064244,0.291506,0.161057,0.105601,0.031989,0.110023,0.163346,-0.034061,-0.107652,0.111400,-0.042291,-0.121294,0.015180,-0.079743,0.214160,0.170954,0.106301,0.033082,-0.128784,0.176744,-0.000550,0.081264,-0.150829,0.042185,0.012648,-0.101308,0.259788,0.101919,0.005746,0.050636,0.020929,-0.062136,-0.231410,-0.033178,-0.078152,0.040141,-0.137101,0.039174,-0.080552,0.059623,0.040992,0.335923,0.084985,0.023818,0.062346,0.081315,0.041032,-0.045177,0.205077,0.060317,-0.131769,0.085953,-0.062394,-0.066601,0.032826,0.361162,-0.051862,-0.009898,-0.011098,0.177339,0.289873,0.033895,-0.162429,0.157187,-0.351229,-0.159093,-0.137689,0.127009,-0.063194,-0.020503,0.054409,0.017875,0.057713,-0.053515,-0.074892,-0.113579,0.129522,0.021151,-0.191525,0.325476,0.119764,0.054042,-0.046474,-0.104639,0.152386,-0.148140,0.127692,-0.120872,0.310783,-0.020015,0.015879,0.139432,0.214213,-0.107491,-0.035478,0.261052,0.092463,0.136378,0.140708,0.055895,-0.146209,0.156651,0.206474,0.098468,0.303785,-0.125089,0.028173,0.134292,-0.040626,0.281634,0.183931,-0.130505,-0.197979,-0.012637,0.020054,0.225961,-0.102421,-0.068525,-0.143648,-0.015184,0.127969,0.030740,0.357698,0.188587,-0.099860,0.020753,-0.133290,-0.057540,0.009326,0.006015,-0.048969,0.074880,0.067422,0.251289,#
13,-0.349574,0.226168,-0.115492,-0.272532,-0.175701,0.043928,-0.179550,0.045463,0.137578,-0.122888,0.006688,-0.012970,0.023907,1.000000,0.126307,-0.103323,-0.132624,0.122648,0.121313,-0.013246,-0.161469,-0.089208,0.112814,-0.031649,0.016510,0.231921,-0.051649,-0.220667,0.109253,0.302233,0.026407,-0.066768,0.093433,0.049999,-0.079569,0.174620,-0.128511,0.167057,-0.242612,0.194607,0.078211,-0.023855,0.179905,-0.137227,-0.175031,-0.012755,-0.031568,0.198679,0.223560,0.249948,0.044527,0.054213,-0.004328,-0.074202,0.211760,0.259797,0.155652,0.092703,-0.064965,0.137504,-0.218272,-0.103994,0.038286,-0.115955,0.203246,-0.055589,0.134109,0.187067,0.313467,0.099345,0.131260,-0.052622,0.255799,-0.065349,0.022779,0.066226,0.092695,0.073780,0.069091,-0.179129,-0.134723,0.089758,0.183792,0.003430,0.040218,0.198852,-0.003724,-0.064037,0.057625,0.017883,0.008895,0.016034,0.016626,0.107041,-0.143309,-0.145084,0.140771,0.085739,-0.043857,-0.047012,-0.063948,0.068527,0.318171,-0.151409,0.094184,0.166544,-0.118251,0.087533,-0.221525,0.008670,0.055687,-0.026084,0.013278,0.074545,-0.085404,-0.273489,-0.055078,-0.003053,0.156079,-0.134087,-0.052813,-0.151720,0.147312,-0.393618,-0.093437,-0.021185,0.003636,0.102616,0.099565,0.001346,-0.006152,-0.294580,0.047476,0.096512,-0.116236,-0.086027,-0.124907,0.069931,0.285960,-0.023160,0.011004,-0.225985,0.066384,-0.434844,-0.169773,0.009687,-0.077984,0.081081,0.037516,-0.182289,0.169389,0.120873,0.043984,0.070193,0.082405,-0.082036,0.077577,-0.273747,0.012777,-0.090896,0.041414,-0.186551,0.201759,-0.112933,0.029414,-0.026170,0.038529,0.088379,0.023668,-0.008704,0.092906,-0.023999,0.003608,0.202374,0.009170,0.081247,0.003846,-0.169167,-0.063758,0.082017,0.022405,-0.107509,0.114975,-0.127474,-0.130952,0.026744,0.005132,-0.097001,-0.064553,0.013803,0.351401,0.134724,0.082374,0.001069,-0.024053,0.079377,-0.073328,0.103030,0.062453,-0.127525,#
14,0.165810,0.173498,0.178783,0.176473,0.021630,0.032212,-0.137837,0.165998,0.033142,0.048959,-0.074143,0.114425,0.039122,0.126307,1.000000,-0.041857,0.017108,0.009144,-0.092141,0.034329,0.016827,0.038647,0.237109,0.259212,0.116600,0.067995,0.184798,-0.267086,0.006784,0.052180,0.239583,-0.035606,-0.044185,-0.123531,0.224949,0.383355,-0.305860,0.068363,0.066195,0.105881,0.171185,-0.034067,-0.093359,-0.049884,0.122922,0.159103,-0.091675,-0.022580,0.199815,-0.004136,-0.162867,0.244233,0.103694,0.112042,0.158544,0.096859,-0.251988,-0.207406,0.059530,-0.129298,0.039586,0.029735,0.090000,0.182717,-0.044936,0.069137,-0.017077,-0.124444,0.246293,0.132378,0.153139,-0.125458,0.358253,0.348946,-0.041293,-0.076032,0.090387,0.125547,-0.020814,0.081804,-0.089675,0.129366,0.019362,-0.066618,0.173832,0.078017,-0.138398,-0.087713,-0.023230,-0.157612,0.080360,-0.093706,0.258481,0.234977,0.130312,0.061652,-0.154128,0.082889,-0.186572,0.211751,-0.061990,-0.104047,0.045644,0.049728,0.132712,0.001538,0.032384,-0.048182,0.158943,0.161508,-0.045405,0.283378,0.047536,0.160925,-0.276115,-0.024027,0.022661,-0.181583,0.007199,0.008970,0.107141,0.049565,0.052748,0.098789,0.091509,0.047070,0.293065,0.102709,-0.174492,0.139811,-0.124074,0.240624,-0.100868,0.131945,0.100276,0.021202,0.294267,0.174225,0.119791,0.096131,-0.022547,0.096984,0.032452,0.028734,-0.111782,0.146979,-0.014732,0.015196,0.077017,-0.147755,0.154698,0.131222,0.244319,0.228460,0.087839,0.067809,0.108596,-0.044238,-0.218365,-0.002438,0.137355,-0.029236,0.164983,-0.121105,0.321827,0.173560,-0.004039,-0.075559,-0.018894,0.111769,0.124753,-0.312583,0.112897,0.042459,0.248613,0.179716,0.161516,-0.218854,0.153042,0.032181,0.098354,-0.028179,-0.104168,-0.026509,0.124591,0.204887,0.136296,-0.003464,0.146032,-0.043705,0.069892,-0.002442,0.278703,0.209964,0.016205,-0.158607,0.078949,0.163596,-0.042066,-0.138029,#
15,-0.093649,-0.098091,-0.205453,0.018184,0.223311,-0.154360,0.420756,-0.128646,0.185325,0.194793,0.144931,0.078314,0.201847,-0.103323,-0.041857,1.000000,-0.051267,0.047367,-0.099105,-0.012816,-0.049891,0.180285,0.177001,0.079306,0.136006,0.004906,-0.275616,-0.006740,0.168413,-0.120475,0.171383,0.205836,0.207258,0.276000,-0.089689,0.117904,0.076979,0.312858,-0.211361,-0.144576,-0.144589,-0.186452,0.196869,0.165790,0.135025,0.098842,-0.072744,-0.193640,0.028944,0.062000,0.154293,0.071680,-0.062414,0.092967,0.001301,0.105765,0.088452,0.060476,0.130787,-0.034742,0.201160,0.199853,0.156321,0.045041,0.143467,0.047443,0.013013,0.177890,0.171842,0.034362,0.100340,-0.001051,-0.140037,0.040386,-0.008313,0.289879,0.152051,-0.057464,0.230666,-0.057462,-0.098349,0.020423,-0.028805,0.090776,0.046219,-0.216247,-0.178697,0.039340,0.050771,-0.126922,-0.157639,0.137547,0.263818,0.144048,-0.080114,0.124317,0.085059,0.260819,0.053586,0.171914,-0.142735,0.050002,0.082647,0.315268,0.019276,-0.107544,-0.127429,0.047221,-0.063139,0.143489,0.032088,-0.070610,0.033637,0.249967,0.055331,-0.129143,-0.198320,-0.013621,-0.185128,0.494799,0.041660,0.084660,-0.047541,0.183501,0.012802,0.125868,0.008903,-0.096007,0.020122,0.239976,0.143472,-0.085599,-0.128868,-0.093051,0.087876,0.293933,0.198795,-0.086904,-0.191527,0.177195,-0.112068,-0.043885,-0.010887,0.027251,0.025736,0.183598,-0.096438,0.126976,0.070605,0.009970,0.108861,0.352292,-0.172716,0.089719,0.054433,-0.113717,0.113607,-0.003295,0.165586,0.140994,-0.084323,0.040414,0.071011,0.156171,-0.002148,-0.135136,-0.054598,-0.180605,0.105951,0.214156,-0.009302,0.074829,-0.265792,0.059207,-0.101765,0.396211,0.122252,0.008436,0.075233,0.194915,0.181716,0.111807,-0.026350,0.104757,0.216507,-0.023679,-0.096037,-0.071220,-0.136390,-0.069967,-0.075313,0.097762,-0.060782,-0.112021,-0.171314,-0.014616,0.101519,-0.269556,0.092591,0.120999,#
16,-0.060881,0.120768,-0.005971,0.138247,-0.226587,-0.037441,0.115210,0.002686,0.054128,0.025435,0.204896,0.115083,0.126819,-0.132624,0.017108,-0.051267,1.000000,0.052829,0.218554,0.206476,0.389742,-0.160028,0.117558,0.119959,0.345283,0.172784,0.197494,0.049495,-0.225009,0.009206,0.028077,0.092355,-0.116294,-0.002044,0.239160,0.094538,0.324047,0.359755,0.105253,0.012768,0.107687,0.043993,0.101949,-0.014812,0.180501,0.076061,0.064066,-0.068923,0.092443,0.054949,-0.042286,0.200436,0.032693,-0.023467,0.030459,0.112288,-0.087265,0.092565,0.026329,-0.202445,0.341679,0.295260,0.048793,-0.112024,-0.002186,0.042109,0.227954,-0.054697,0.076517,0.004721,0.190082,0.072353,0.187500,-0.014277,0.035512,0.054961,-0.032671,-0.026181,-0.198911,0.164548,0.300288,0.141594,0.149341,0.198682,0.065870,0.172770,0.209611,-0.126792,-0.064353,0.025443,-0.110608,0.118630,0.112164,-0.218048,0.051295,0.011057,0.002925,0.336755,0.141852,0.155688,0.150142,0.142540,-0.026988,0.204423,0.052426,0.060882,0.145558,-0.043166,0.165682,0.088038,0.051378,0.035331,-0.011733,-0.047742,0.117840,0.186217,0.450251,0.150719,0.165097,-0.171710,0.059308,-0.212487,0.089256,0.086164,0.274008,-0.037346,-0.173904,-0.136079,0.222338,0.044258,0.141932,0.050294,-0.106618,0.074628,-0.026996,0.236742,0.082167,-0.005015,-0.099150,-0.200083,0.141334,-0.089056,0.140124,-0.048933,-0.211206,0.167557,0.265572,0.163190,0.142617,-0.050270,-0.111008,0.034665,-0.245129,0.149757,0.332121,-0.075073,0.204790,0.130265,-0.106526,-0.063535,0.238875,-0.067441,0.179781,-0.156313,0.211801,0.087742,-0.015300,0.098483,-0.059199,0.152583,-0.127969,0.214267,0.048422,0.223623,-0.010284,0.163758,0.163591,0.463924,0.080743,0.128148,0.065464,-0.069178,-0.067723,0.082918,-0.370613,-0.028296,0.107567,-0.080518,0.258383,0.032305,-0.063555,0.039293,-0.056526,0.021204,0.254775,0.117620,0.232360,0.178487,-0.116720,0.161155,#
17,0.083364,-0.149684,-0.004995,-0.114441,-0.236507,-0.141435,0.085784,0.115829,0.145931,-0.101098,-0.156913,0.030706,-0.030235,0.122648,0.009144,0.047367,0.052829,1.000000,-0.029286,0.082951,0.003450,-0.024906,0.211303,-0.433855,0.172442,0.202500,0.045554,-0.040810,-0.085163,-0.026624,0.022800,0.157873,0.060063,-0.052851,-0.160993,-0.026381,-0.011623,0.030732,0.024687,0.254309,-0.020378,0.132701,-0.029216,-0.027367,0.071944,0.210473,-0.193338,-0.021836,-0.010119,0.075046,-0.006688,-0.189378,-0.012891,0.119350,0.004567,-0.182980,0.185152,-0.113157,-0.107812,0.009087,-0.179480,-0.117181,0.232078,-0.108435,0.012675,-0.121146,0.194055,0.191996,-0.055282,-0.164669,-0.051051,-0.120176,-0.243080,0.200742,0.250338,-0.173658,-0.028795,-0.056394,0.113182,0.015430,0.069059,0.060394,-0.062598,0.031700,-0.131323,-0.020998,0.021900,0.116572,-0.016818,-0.207150,-0.181669,-0.222566,0.048449,0.101080,0.121655,0.017483,-0.126264,0.054347,0.178632,-0.116753,-0.045757,-0.287169,-0.065939,-0.148992,-0.075407,0.186020,-0.306933,-0.326186,0.015431,0.165821,0.177572,-0.134074,0.119677,-0.089557,0.164048,-0.145020,-0.141603,-0.135757,0.141160,0.212922,0.054478,0.143949,0.222707,-0.223134,-0.172968,-0.077769,-0.106096,-0.088940,0.078834,-0.025520,-0.114949,-0.074648,0.156746,0.012510,0.043202,0.141196,0.287017,0.027166,-0.121721,0.261294,-0.003441,0.070394,0.176638,-0.058002,0.139344,-0.119755,-0.106184,-0.093497,0.125639,-0.140022,-0.049962,0.154066,-0.089047,0.018471,-0.009833,-0.156305,0.211069,-0.043491,-0.028299,0.005037,0.064073,-0.026407,0.210458,-0.255561,-0.153704,-0.226773,-0.138439,-0.236286,0.130799,-0.128810,-0.110255,-0.022169,0.123504,0.010600,0.153137,-0.175339,0.134703,-0.038570,0.009782,0.290808,0.014091,0.059338,0.054451,0.372809,-0.102650,-0.054574,0.057178,0.042850,-0.187009,-0.040452,0.297636,-0.114252,-0.178333,0.055475,0.093881,0.110438,-0.047098,-0.009980,0.106258,-0.332005,#
18,-0.042019,-0.040706,-0.156784,-0.055926,-0.202647,-0.016479,-0.117884,-0.061929,-0.282885,-0.077925,0.038728,0.243864,0.177921,0.121313,-0.092141,-0.099105,0.218554,-0.029286,1.000000,-0.059245,-0.118414,0.020952,-0.003014,-0.046161,-0.086704,0.267300,-0.186215,0.006982,-0.029927,0.192195,-0.330818,0.078201,0.029423,0.091879,-0.092462,-0.024732,0.112646,0.212019,-0.141031,0.117212,-0.097390,0.059849,0.204152,-0.106140,-0.086869,-0.090498,-0.057076,0.380152,0.071305,0.068333,-0.314518,0.055361,0.124954,-0.370495,-0.142926,-0.088526,0.077384,-0.141104,-0.122763,0.125789,-0.025828,0.125827,0.046741,-0.220291,0.084083,-0.297218,-0.063773,-0.267313,-0.376420,-0.191601,-0.177805,-0.291328,-0.002276,-0.308478,0.180128,-0.012068,-0.086916,-0.171469,-0.485726,-0.003738,-0.055938,0.025805,0.309580,-0.097260,0.020579,0.160178,-0.186477,0.114204,-0.057016,-0.161948,0.027895,-0.053188,0.074281,-0.093695,-0.087508,-0.011905,0.008127,0.075551,-0.129507,-0.033404,-0.041576,0.016207,0.013168,-0.083054,-0.166094,0.066576,0.170300,0.123334,-0.006437,0.013067,0.245941,-0.186208,-0.196303,-0.190980,0.030670,0.054598,-0.027146,0.097450,0.197523,-0.137674,0.195253,-0.210788,-0.088091,-0.147308,0.287808,-0.240797,0.130749,-0.129491,0.019846,-0.007578,-0.187461,0.035503,0.004472,-0.117756,0.007326,0.104765,0.027219,-0.046700,-0.191596,0.039545,-0.056809,-0.094077,0.077703,0.141783,-0.076394,-0.136922,0.195199,0.016294,0.173152,0.077345,0.074883,-0.268750,0.177320,0.050406,0.216830,0.025743,-0.057491,0.056575,-0.190225,-0.045289,0.095809,0.148520,0.252281,-0.065496,-0.089291,-0.208714,0.234540,-0.049031,0.034813,0.030515,0.113924,-0.043274,0.218612,0.295479,-0.097627,0.006620,-0.070328,0.015260,-0.170892,-0.005595,-0.162539,0.096249,-0.010359,-0.095481,-0.251405,0.021481,0.054354,-0.038912,-0.091313,-0.001540,0.078692,-0.099495,-0.138972,0.090387,-0.189633,-0.118511,-0.036066,0.274207,-0.113058,0.127993,#
19,0.132788,0.154866,0.017615,-0.099638,0.075508,0.256296,0.092252,0.061322,0.118925,-0.206789,0.084303,0.115629,-0.142603,-0.013246,0.034329,-0.012816,0.206476,0.082951,-0.059245,1.000000,0.083975,-0.169191,-0.021872,0.173533,0.263631,0.064548,-0.046965,-0.192976,-0.399134,0.216434,0.185323,0.136413,0.223950,-0.023543,0.162398,0.168539,0.059558,0.078264,-0.011193,0.117343,0.198421,0.270003,0.121012,-0.066714,0.033869,0.198528,0.054701,0.030287,0.023428,0.176685,-0.013560,0.047854,0.055642,0.043749,0.091328,0.132456,0.038676,-0.026276,-0.143972,0.021810,0.086634,-0.065417,0.225895,0.021165,0.062426,-0.022567,0.195857,0.154813,0.134400,-0.131905,0.168271,0.077396,0.124535,-0.049608,-0.047397,0.202518,-0.158226,0.164706,0.152134,-0.086845,0.158429,0.031817,0.047630,-0.011804,-0.036045,-0.061847,0.038025,-0.077059,0.200517,0.054233,-0.278538,0.024110,-0.152345,0.053618,-0.027378,-0.071811,0.173026,0.462222,0.146568,0.142225,0.059615,-0.056204,-0.000198,0.204507,0.189770,-0.070381,0.232903,-0.247887,0.109328,-0.137962,0.184089,0.062530,0.004657,0.175924,0.051947,0.237122,0.280378,0.120933,0.208225,-0.139670,0.404966,0.016913,-0.029492,0.199878,0.131618,0.180255,0.061938,0.191668,0.264808,0.102562,0.135075,0.175478,0.049625,0.047678,0.027911,0.273641,0.102130,0.148835,0.072544,0.006692,0.008811,0.223952,0.077535,-0.007774,0.049485,-0.143276,-0.100359,-0.000052,0.283026,0.087645,-0.055249,0.136828,0.025680,0.167560,0.322396,-0.007085,0.185774,-0.013564,0.276666,0.155497,0.005903,0.193411,0.059803,0.210510,0.093025,-0.012493,-0.077196,0.175530,0.012058,-0.001685,-0.213568,0.092123,0.130354,0.251709,0.223263,0.042789,0.198413,0.100925,0.145493,-0.042664,-0.061103,0.191692,0.185605,0.127331,0.079440,0.025815,-0.071846,-0.113794,0.017600,0.081091,0.154585,0.127498,-0.014643,0.273598,0.319096,-0.013245,0.146570,-0.097234,0.033340,0.009836,#
20,-0.145807,0.192698,0.017868,0.197116,0.047323,0.019554,0.065998,0.208948,0.216639,0.008432,0.031632,-0.054491,0.156413,-0.161469,0.016827,-0.049891,0.389742,0.003450,-0.118414,0.083975,1.000000,0.022885,0.095663,0.166827,0.366151,0.102151,0.145534,-0.094387,0.027146,-0.178978,0.180117,0.242278,0.136215,0.239023,0.066543,-0.043038,0.025213,0.079545,0.127538,0.089051,0.239701,0.164862,0.017115,0.108717,0.137990,0.001797,0.155342,0.089566,0.132513,-0.131702,0.098816,0.226299,-0.024138,-0.105626,0.139120,-0.101862,-0.205469,-0.066283,0.073244,-0.140450,0.183320,0.001260,0.193385,-0.197044,-0.036558,0.054312,0.132516,-0.098658,-0.033069,0.025020,0.041994,0.043568,0.154618,-0.008381,-0.184924,-0.080174,-0.094319,-0.082989,0.105642,0.218930,0.285445,0.167742,0.019120,0.147552,-0.097343,-0.094237,0.017858,0.124793,0.237100,0.412678,0.120290,-0.126920,0.176390,0.132802,0.022325,0.204543,0.075025,0.069662,0.113419,0.125727,0.227333,0.005058,-0.243280,0.132643,0.046990,0.084797,0.335863,-0.101017,0.019378,0.084310,-0.060785,0.199115,-0.034045,-0.214960,0.313447,0.263921,0.215657,0.175436,-0.072156,-0.045614,0.243526,0.083090,0.108438,0.129577,-0.136434,-0.051017,-0.147465,-0.049361,0.085308,0.322455,0.064237,0.045832,0.176697,0.041890,-0.083811,0.178318,0.062287,0.099213,0.140712,0.150650,0.056008,-0.081289,0.298417,-0.133096,0.059183,-0.010082,0.243564,0.195211,-0.166129,0.001550,-0.029265,0.220547,-0.173608,-0.035833,0.030454,-0.180138,-0.031887,0.244318,0.080796,-0.072265,-0.005958,-0.008750,0.085815,-0.080942,0.234588,0.095546,-0.066415,0.146679,-0.256159,-0.115005,0.123547,0.008573,-0.010478,0.151149,-0.027396,0.071363,0.099526,0.146510,-0.002697,-0.072940,0.050641,-0.117739,-0.085572,-0.161600,-0.087474,0.093420,0.213255,-0.056947,0.218519,0.147956,-0.001021,0.237475,0.353196,0.028425,0.285337,-0.017565,0.053971,0.244751,0.016729,0.175566,#
