0,1.000000,0.000525,0.221534,-0.032189,0.066751,0.230075,0.242124,0.051705,0.178067,0.171259,0.251919,0.131506,0.086113,-0.148224,0.325373,0.038466,0.259498,0.326916,0.212534,0.332305,0.210278,0.257570,0.067259,0.293329,-0.015773,0.123138,0.193821,0.140618,0.306346,0.174805,-0.028561,0.009538,0.061023,-0.077016,-0.064779,0.357437,0.058392,0.066777,0.313355,0.306667,0.044127,0.246529,-0.101702,0.390304,-0.051297,0.153371,0.163429,0.038763,0.115619,0.188774,0.084374,0.138310,0.071226,0.048151,0.329564,0.116109,0.266476,0.314835,0.130823,0.161332,0.339677,0.140925,-0.010870,0.184843,0.230530,0.003703,0.277750,-0.025030,-0.000099,0.203504,0.172230,0.239266,0.223718,0.143112,-0.007818,-0.049119,0.148721,0.199444,0.131221,-0.085384,0.283052,-0.050786,-0.019621,0.198387,0.075825,0.210229,0.133358,-0.085827,0.454633,-0.233083,0.112234,-0.081356,-0.056642,-0.000266,0.109980,0.116367,0.314161,0.125271,0.283118,0.350690,0.134729,0.250173,0.033726,0.195850,0.091600,0.117807,0.218857,0.129786,-0.000059,0.038224,-0.016484,0.063847,0.335462,0.085546,0.072484,0.056846,0.360188,0.111962,0.061524,0.221300,0.268096,0.063765,0.080339,0.111079,0.022178,0.319009,0.163228,0.047307,-0.033290,0.063204,0.195496,0.118838,0.317277,0.008729,0.117666,-0.008560,0.121181,0.036852,0.188498,0.414269,0.046114,0.158140,0.150495,0.280826,0.236087,0.274596,0.067030,-0.004789,0.214653,-0.025928,0.044279,0.091909,0.116441,0.236029,-0.049453,0.052774,0.026154,-0.001911,0.321573,0.135340,0.260834,0.352852,0.124816,0.018757,0.177596,-0.137950,0.135767,0.097835,0.099994,0.181141,0.377297,-0.244488,0.458136,0.239355,-0.053660,0.135830,0.264691,0.123057,0.220964,0.153372,0.147824,0.341098,-0.197777,-0.282179,0.120852,0.274215,0.291418,0.348996,0.130134,-0.004838,0.262904,0.191672,0.014297,-0.043042,0.425508,-0.057443,0.007481,0.170280,0.435994,0.365300,#
1,0.000525,1.000000,0.024659,0.208332,0.304107,0.159300,0.183346,0.062936,0.079118,0.182004,0.421260,0.236610,0.178902,0.171287,0.000220,-0.057719,0.058918,0.083687,0.126500,-0.037125,-0.086903,0.044689,0.008064,0.235007,0.280536,0.259064,0.134371,0.191884,0.156165,0.052391,0.267090,0.182063,0.262165,0.142975,0.075535,-0.233081,-0.147051,0.161645,0.181114,0.078500,0.059572,0.048976,0.326976,0.167733,0.120245,0.098202,0.065950,0.168353,0.026894,0.115221,0.242822,0.135554,0.133723,-0.132184,0.122706,0.258688,0.235488,0.182524,0.443909,0.177294,0.201357,0.314083,0.000085,0.184936,0.177979,0.058677,-0.061654,0.191332,0.297348,-0.106752,0.164761,0.028318,0.165559,0.246426,0.214699,-0.124786,0.187428,0.125276,0.199883,-0.040473,-0.102349,0.452904,0.035019,0.403112,-0.054642,0.150355,0.296827,-0.000076,0.173478,0.291187,0.203258,0.355915,0.045608,0.197676,-0.068720,0.199824,0.126261,0.153223,0.167892,0.088978,0.088634,0.052567,-0.111916,0.073049,0.034239,-0.023954,0.103183,0.223901,0.047363,0.134299,0.302457,0.103377,0.116291,0.008185,0.161650,0.144220,0.249541,0.107970,0.295341,0.250071,0.000167,0.088047,0.303267,0.092988,0.097045,0.266577,-0.174955,-0.056169,0.136157,-0.034696,0.254698,0.188118,-0.037891,0.111573,0.376617,0.295548,-0.004790,-0.020797,-0.104876,0.243733,0.184393,-0.025250,0.026771,0.057566,0.241416,0.080857,0.198509,0.201156,0.396183,0.295510,0.032900,0.165333,0.063332,-0.079724,0.138030,0.151089,0.297393,0.253161,0.179245,-0.054417,-0.153076,0.251973,0.017436,0.211525,0.288050,0.226055,0.077775,0.140557,0.208701,0.283899,0.131282,-0.043910,0.142439,0.019512,0.241001,0.007689,-0.191781,0.257715,0.203134,0.061840,0.171182,0.039991,0.253081,0.075849,0.281903,-0.025900,0.083701,0.140392,0.097525,0.209141,0.310033,0.182271,0.099294,0.056217,0.131474,0.345577,-0.039632,0.170821,-0.045006,-0.084285,#
2,0.221534,0.024659,1.000000,0.149090,0.115691,0.184456,0.230045,0.114174,-0.105810,0.144575,0.057689,0.303934,0.149552,0.101742,0.060759,0.033792,0.197561,0.089173,0.154157,0.197742,0.194407,0.417668,0.268396,0.276125,0.127690,0.396034,0.264095,0.103691,0.094048,0.189991,0.202390,0.075896,-0.055721,0.117085,0.065879,0.113288,0.156937,0.135924,0.160790,0.154140,0.238036,0.346960,-0.025887,0.137730,-0.024900,0.437026,-0.008767,0.313403,-0.018186,0.199206,0.191319,0.424083,0.237858,0.066845,0.100987,0.278293,0.112974,0.166572,-0.084677,0.157535,-0.309184,0.295770,0.336068,0.031650,0.215323,0.082212,-0.091972,-0.115919,0.086164,0.375160,0.237822,-0.122133,0.010884,0.125901,0.271134,0.092505,0.137174,0.101624,0.091294,0.143388,0.300126,-0.100172,-0.060052,0.202222,0.115037,0.106048,0.276854,0.043399,0.085532,0.044869,0.123026,0.164328,0.103046,-0.090309,0.016978,-0.058205,0.060908,0.300882,0.148003,0.315724,0.332368,0.269876,-0.132173,0.041362,0.113557,0.147396,0.180321,0.228558,0.010786,0.215016,0.123801,0.139800,0.408239,0.175392,0.128958,0.166098,-0.044779,0.203653,0.015236,0.076167,0.000146,0.297661,0.193826,0.021182,-0.016116,0.139395,0.177939,0.106422,0.021011,0.059876,0.167856,0.202551,-0.036358,-0.103492,0.127107,0.231647,-0.123755,0.264079,-0.130555,0.105119,-0.258083,0.030326,0.115908,0.121909,0.273615,0.152965,0.283228,0.180388,0.274422,0.093603,0.120249,0.470973,0.218886,0.154403,0.004207,0.167815,-0.148278,-0.028307,0.181397,-0.073346,0.184044,0.074581,0.205570,0.285159,0.186673,0.114233,-0.072315,0.232799,-0.005611,0.117610,0.056185,0.058535,0.011524,0.092540,0.140215,0.025488,0.259740,0.046706,0.324145,0.227227,0.305505,0.012297,0.009068,0.047426,-0.111320,0.168464,0.022771,0.054045,0.280056,0.061331,0.148646,0.048629,0.351158,0.003487,0.239688,-0.017865,0.056711,0.151894,0.048746,0.147741,#
3,-0.032189,0.208332,0.149090,1.000000,0.266491,0.000356,0.088200,0.285742,-0.140988,0.140168,0.009150,0.340869,-0.046402,0.245204,-0.110662,0.035543,0.270549,0.249707,-0.084026,-0.069118,-0.018844,0.181347,0.168789,0.251664,0.157015,0.029400,-0.067130,-0.129751,-0.032174,-0.029417,0.256018,0.241932,0.093549,0.210039,-0.098225,0.190131,0.173151,0.371489,0.069813,-0.049864,0.179292,0.150650,0.167472,0.236879,0.002236,0.136918,0.152404,0.073902,0.036756,0.171335,0.298048,-0.045101,0.041055,0.052328,0.086010,0.310541,0.092975,0.248893,0.147810,0.100248,-0.038809,0.030797,0.051561,0.095835,0.126027,-0.026850,0.032475,0.206029,-0.132009,0.156008,0.228079,-0.197713,0.052325,0.147793,0.356131,0.097176,0.229182,0.109595,0.116462,-0.093311,0.013990,0.126956,0.038920,0.162167,-0.006225,0.167905,0.377561,-0.076616,0.089283,0.304410,0.028800,0.151761,-0.060288,0.198039,-0.068773,0.196840,0.113050,0.211146,0.324770,0.050612,0.126355,-0.006808,0.122340,0.092885,0.112744,0.149609,0.084733,-0.122759,0.014571,0.059766,0.120809,0.025917,0.128610,0.139515,-0.053044,-0.004321,0.124152,-0.144660,0.059428,0.099617,0.073492,0.049603,0.063685,0.254576,-0.026851,-0.129731,0.253159,-0.093177,0.161305,-0.107770,0.055337,0.034218,0.073481,0.105547,0.075249,0.233822,-0.045953,-0.098097,0.229451,0.162493,0.089818,0.092403,-0.114225,0.247972,0.365137,0.052945,0.250332,0.103725,0.079260,0.093146,0.072044,0.048553,0.017834,-0.030736,-0.160090,0.110962,0.108161,0.186275,0.045338,0.126512,0.021486,0.162534,0.338204,0.194077,0.105699,0.387967,0.202255,0.233369,0.060998,0.171985,0.193063,0.131781,0.062722,0.038625,0.166952,0.106656,0.049143,0.107091,-0.083684,0.224848,0.169912,0.058826,0.129905,0.111495,-0.138472,0.002518,-0.037982,0.138281,-0.203695,0.030888,0.084196,0.263374,0.073850,-0.070518,0.002935,0.202059,-0.060099,0.222752,-0.078356,0.081899,#
4,0.066751,0.304107,0.115691,0.266491,1.000000,-0.014220,0.350917,0.085596,0.029283,-0.023296,0.309130,0.163784,0.123474,0.293591,-0.091719,-0.014019,0.038717,0.131710,0.117761,0.187025,-0.063121,0.158518,0.196782,0.229821,-0.076731,0.341377,-0.118976,0.090466,0.204188,-0.095641,0.024667,0.044772,0.144260,0.218994,-0.044906,0.058414,-0.143288,0.321099,0.012079,0.014838,0.353046,0.120032,0.050066,-0.002509,0.188559,0.036056,0.108126,0.221347,0.184171,0.262100,0.074689,0.027822,-0.075001,0.020923,0.092485,0.298951,0.119113,0.130800,0.225299,0.267499,0.237330,0.235960,-0.090182,-0.041279,-0.030697,-0.083875,0.230097,-0.063121,0.204425,0.127698,0.125250,0.076943,0.160505,0.109167,0.137992,-0.249718,0.072600,0.161956,-0.049073,-0.097457,0.128873,0.133873,-0.145546,0.074415,0.038452,0.086822,0.223592,0.065287,0.302611,0.252179,0.013959,0.100408,-0.127787,0.267234,-0.292410,0.092667,0.097655,0.376963,0.271191,0.201911,0.274626,0.024298,-0.065904,0.226686,0.130967,0.054384,-0.131417,0.090152,0.032284,0.101385,0.271691,-0.101431,0.146950,0.470936,0.144833,0.016843,0.098052,-0.218747,0.066952,-0.229579,-0.018273,0.246071,0.214647,0.135107,0.036633,0.159411,0.106377,0.071506,-0.023345,0.083580,0.148402,0.028550,0.141359,-0.109542,0.071580,0.182708,0.011417,-0.432758,-0.085621,0.079059,0.153727,-0.111974,-0.108754,0.351037,0.356819,0.226612,0.167790,-0.130746,0.182391,0.294079,0.176996,0.019126,0.114330,0.206113,0.028558,0.086156,0.128748,0.054724,0.261379,0.071883,0.179174,0.076264,0.200549,0.329180,0.147645,0.385292,0.051189,0.016822,0.022870,0.216558,0.312131,0.124156,-0.191854,-0.205996,0.381979,0.030846,0.183266,0.078155,-0.003811,0.047589,0.002203,-0.099972,0.254354,0.061833,-0.089637,0.096317,0.107878,0.293367,0.158961,0.057488,0.070369,0.054144,0.118247,0.044296,-0.101237,0.284378,0.278833,0.400595,0.156344,0.067494,#
5,0.230075,0.159300,0.184456,0.000356,-0.014220,1.000000,0.115055,-0.058889,-0.029009,0.315164,0.094906,0.076282,0.102346,-0.159128,0.092906,0.203033,0.342823,0.245952,0.145430,-0.173510,0.293132,0.275078,0.169155,0.281288,0.015486,0.158342,0.225237,0.134434,0.087906,0.094081,0.050035,0.205671,0.133931,0.008171,-0.069869,-0.094388,0.199480,-0.167990,0.065885,0.343404,0.046729,0.232109,-0.079618,0.398602,0.005963,0.117155,-0.056551,0.054943,0.010946,0.276898,0.186941,0.138087,0.098273,-0.152679,0.107923,0.031351,-0.044863,0.387926,0.270727,0.082423,0.191736,0.190607,0.149897,0.012203,0.228322,0.115311,0.090834,0.041483,-0.085926,0.103676,0.272799,0.107894,0.052336,0.307963,0.315390,0.138271,0.154758,0.138065,0.102101,0.216387,-0.056146,0.075190,0.165414,0.000000,-0.129994,0.189803,0.016906,0.092267,0.277329,-0.007905,-0.106705,0.204542,-0.161941,0.044296,-0.056564,-0.102822,0.067939,0.122097,0.130752,0.061464,0.155322,0.271572,0.170079,0.113428,-0.012616,0.026933,-0.036294,0.190671,0.106902,0.132562,0.282660,0.023728,0.365163,-0.044433,0.103532,0.079137,0.319235,0.301840,-0.051715,0.129903,-0.187684,0.098829,0.020647,0.146785,-0.007309,0.043144,-0.070001,-0.167045,0.367437,0.339465,-0.075133,0.347495,0.165193,0.000094,0.200039,0.106723,-0.149595,-0.113204,-0.005509,-0.069728,0.036634,0.088707,-0.039871,0.052960,0.021954,-0.111556,0.089739,0.089790,-0.052967,0.033068,0.059567,0.118479,0.102463,0.238769,0.006982,0.096720,0.191622,-0.128838,0.376352,-0.026184,0.105801,0.223840,0.142622,-0.017628,0.182152,-0.161005,-0.152372,0.234989,0.109109,0.266359,0.060138,0.050771,0.207917,0.056324,-0.085174,0.093137,0.102483,0.108236,0.084983,0.113158,0.189487,0.281952,0.190408,-0.059193,0.327396,0.107749,0.073888,0.157823,0.233342,0.192231,0.287538,-0.085304,0.076391,0.063180,0.419517,0.202361,-0.038438,0.158043,0.089266,0.145757,#
6,0.242124,0.183346,0.230045,0.088200,0.350917,0.115055,1.000000,0.066539,0.008809,-0.044827,0.221901,0.027222,-0.131390,0.171774,0.029559,-0.036958,0.110077,0.205790,0.196807,0.241539,-0.100720,0.084394,0.097903,0.135520,-0.151965,0.063214,-0.094346,-0.013175,0.261204,-0.154201,0.062761,0.056344,0.032647,-0.079817,0.039192,0.015647,-0.068107,0.097910,0.154655,0.204285,0.115184,0.072786,-0.018613,0.075444,0.149024,0.065158,0.306830,0.424616,0.154699,0.401891,0.021843,0.162424,0.093301,0.014318,-0.009653,0.080632,0.216615,0.235091,0.170717,0.189983,0.039425,0.272062,-0.060756,-0.014768,0.050037,0.318624,0.130765,0.030616,0.137413,0.188541,0.180291,0.161261,0.217142,-0.048972,0.123351,-0.051387,-0.000595,0.010347,0.177677,0.015194,0.212276,0.137377,0.086090,0.036784,0.168527,0.194842,0.060570,0.074544,0.304133,0.171363,0.242033,-0.011826,-0.019864,0.182507,-0.122608,0.211360,0.058539,0.234462,0.219286,0.239620,0.275354,0.239585,-0.042021,0.147132,-0.206215,0.101046,0.056331,0.198078,-0.060701,0.035926,0.288799,0.209507,0.138221,0.225052,-0.005380,-0.099427,0.192587,-0.028200,0.071230,0.088275,0.039322,0.218065,0.149609,-0.125308,0.055465,-0.008073,-0.067846,0.146280,0.174081,0.325464,0.137529,0.060199,0.290576,-0.134045,0.264732,0.015533,-0.082051,0.152551,-0.026055,0.043267,0.031826,-0.385659,0.023224,0.327706,0.121648,0.263260,0.049019,0.054094,0.205881,0.019873,0.272054,-0.036538,0.270965,0.099894,0.109341,0.052058,-0.086104,0.177531,0.279596,0.058086,0.040388,0.229815,0.012861,0.083177,0.248790,0.086567,0.067145,0.110426,0.082983,0.256763,-0.115798,-0.033353,0.088457,0.111037,0.137401,0.148239,0.129849,0.258128,0.152446,0.123837,-0.149262,0.153424,0.054860,0.217067,0.185234,0.142060,0.015117,0.256774,0.416034,0.286364,0.092082,-0.012783,0.127613,0.101832,0.101604,0.175494,-0.019151,0.206722,0.042570,0.195698,#
7,0.051705,0.062936,0.114174,0.285742,0.085596,-0.058889,0.066539,1.000000,-0.125861,0.357127,0.156762,0.229423,-0.006823,0.294701,-0.091067,0.060525,-0.096319,0.062905,0.164971,0.185762,-0.020211,0.053322,0.333601,0.071697,0.364579,0.173041,0.126908,0.223362,0.256004,-0.102047,0.255677,0.303986,0.306852,0.054508,0.003699,0.261982,-0.076185,0.117086,0.070408,0.127806,-0.055117,0.097216,0.394537,0.025985,-0.093638,0.050645,0.041476,0.170471,0.284380,0.262227,0.384661,0.244944,0.072509,0.078070,0.070815,0.242457,0.026116,0.055128,0.007745,0.321176,0.006837,-0.089059,0.173977,0.031741,0.158633,-0.028730,-0.029682,0.143282,-0.018035,0.343894,0.171443,-0.224424,0.226899,0.094909,0.204711,0.010684,0.242498,0.195240,0.210211,0.215872,-0.024778,0.172002,0.103301,0.238095,0.241308,0.151075,0.242869,-0.044992,0.146957,0.142240,0.201504,0.086097,0.032267,0.009896,-0.015644,0.324176,0.083159,0.030415,0.094364,-0.162955,0.302329,0.067379,-0.013155,0.044855,0.046858,0.265357,0.152410,-0.113956,0.162088,-0.079888,0.204893,-0.032494,0.031229,0.226618,0.132186,0.002098,0.048006,0.210276,0.209156,0.075696,0.130448,0.135117,0.076729,0.190915,0.086188,0.102208,0.141924,0.203763,0.146648,-0.090218,-0.027477,0.007783,0.093358,0.155823,0.258821,-0.032011,-0.027083,0.166040,0.210470,0.286693,0.164369,0.144854,-0.125614,0.239689,0.267991,0.029263,0.207928,0.164703,0.068950,0.196645,0.034716,0.338667,-0.079184,-0.132755,-0.208354,0.208717,0.212895,0.306296,0.128783,0.314535,0.131015,0.287728,0.001484,0.298310,0.085648,-0.092200,0.398596,0.061412,0.298266,0.231461,0.109297,0.076685,0.103979,0.033022,0.105825,0.026555,0.080543,0.000139,0.061457,0.299227,-0.113318,0.145957,-0.025623,-0.177303,0.016233,0.250735,0.154488,0.352987,-0.033880,0.178779,0.035157,0.024558,0.172560,0.237587,0.018484,0.199742,0.017763,0.144169,0.176071,0.170423,#
8,0.178067,0.079118,-0.105810,-0.140988,0.029283,-0.029009,0.008809,-0.125861,1.000000,-0.082596,0.091268,0.059721,-0.009269,0.041634,0.151507,0.125098,-0.057675,-0.284774,-0.125750,-0.001407,0.095160,-0.006397,-0.225116,-0.014117,-0.224860,0.024772,-0.047373,0.158616,-0.215858,-0.046266,-0.043299,-0.059842,-0.043031,0.123974,0.099130,0.086222,0.128028,-0.009328,0.009379,0.342659,-0.057596,0.030592,-0.307859,0.063978,0.240041,-0.010890,0.027746,-0.030363,-0.134468,0.011097,-0.209682,0.037196,-0.158226,0.172352,0.262857,0.047133,-0.014296,-0.004567,0.068593,0.162789,0.162961,-0.272025,0.120731,0.023764,0.234302,-0.120421,0.065433,0.095160,0.055957,0.046276,-0.232424,0.133729,0.109156,0.186968,-0.128168,-0.335652,0.006284,-0.256969,-0.061428,-0.153097,-0.076443,-0.096271,-0.024431,-0.184010,-0.070208,0.007718,-0.080185,-0.052591,0.145802,-0.073336,-0.056949,-0.075217,-0.084116,0.098818,-0.090499,0.219081,0.099928,0.139618,-0.081537,0.009221,0.053609,-0.278584,-0.103066,-0.086191,0.169872,-0.208296,0.119125,-0.210652,-0.080696,-0.035785,-0.193346,-0.013812,-0.158640,-0.111641,-0.034728,0.156680,0.142181,-0.187831,-0.207517,0.064368,0.044247,-0.155068,-0.158459,-0.033405,0.094060,0.204919,0.013086,0.135722,0.031558,-0.152621,0.054480,-0.056451,-0.151345,-0.263004,0.032474,0.104129,-0.053718,0.062671,0.147871,0.069682,0.015886,-0.054245,0.073770,0.042223,0.024040,0.119303,0.053657,0.126810,0.092195,0.101835,-0.018728,0.049561,-0.133409,0.116512,0.144949,0.100154,-0.156162,-0.128514,-0.011044,0.143294,-0.185445,0.146853,-0.121624,0.004578,0.029510,0.169291,-0.041685,0.153348,-0.072734,0.004171,0.137820,-0.462891,-0.126324,0.225938,-0.160335,0.056063,-0.147709,0.064506,0.069688,0.069318,0.027222,-0.216187,-0.299273,0.247175,0.245045,-0.082585,-0.189132,-0.229229,0.155323,-0.225228,-0.018898,0.007388,-0.116374,-0.008816,-0.058159,-0.056855,-0.089764,-0.337211,0.050319,-0.001316,#
9,0.171259,0.182004,0.144575,0.140168,-0.023296,0.315164,-0.044827,0.357127,-0.082596,1.000000,0.178773,0.329834,0.002117,-0.137172,0.110413,0.158294,0.169964,-0.033422,0.260249,0.079222,0.191799,0.149102,0.232238,0.079849,0.158985,0.197064,0.148969,0.223379,0.127489,0.011317,0.277752,0.314921,0.146195,0.029645,-0.044848,0.170481,0.011702,0.128144,0.129817,0.273888,0.059334,0.313929,-0.022434,-0.012453,-0.127623,0.323081,-0.077119,0.124726,0.011654,-0.058075,0.344669,0.213175,0.344093,0.185540,0.133983,0.147568,0.262812,0.128900,-0.041959,0.046091,-0.039630,0.178834,0.264317,0.195648,0.165642,0.106402,-0.105243,0.095118,0.022649,-0.029859,0.115409,0.102538,0.175086,0.218233,0.123838,0.178360,0.355765,0.227919,0.292222,0.228383,-0.124079,0.198231,-0.102844,0.178023,-0.006457,0.216962,0.401393,0.088015,0.075796,-0.127372,-0.095205,0.358700,-0.128419,0.114412,0.210110,0.066619,0.308196,0.038528,-0.067535,-0.033287,0.119667,0.136524,0.264896,0.014675,-0.094543,-0.043832,0.009499,0.166303,-0.034947,0.060648,0.368848,0.179315,0.228659,0.177588,-0.046461,0.307851,0.467521,0.188976,0.451350,-0.080796,0.265604,0.222156,0.186347,0.249229,0.193912,0.185423,0.039955,0.161490,0.108046,-0.117385,0.016178,0.324969,0.066874,0.022009,0.153146,-0.185457,-0.017397,0.124103,-0.031054,0.231813,0.119586,0.461370,-0.146632,0.108379,0.211125,-0.266859,0.162128,0.056106,0.018727,0.145424,-0.048317,0.104197,0.215816,0.097299,-0.154179,0.247986,0.304980,0.109596,0.321521,-0.021899,0.079306,-0.039548,0.074136,0.176099,0.204475,-0.044491,0.128558,0.249603,0.379052,0.180184,0.082871,0.031101,0.334712,0.002478,-0.077904,0.175441,0.294576,-0.035930,0.044420,0.343257,-0.109233,0.179933,0.248112,-0.128014,0.186375,0.189497,0.361520,0.275142,0.132611,0.326448,0.157596,-0.074666,0.151179,0.135433,0.374905,-0.004235,-0.060756,0.100550,0.088432,0.105318,#
10,0.251919,0.421260,0.057689,0.009150,0.309130,0.094906,0.221901,0.156762,0.091268,0.178773,1.000000,-0.006044,0.003976,0.115146,0.156552,-0.129348,0.107541,0.153418,0.443097,0.211456,0.012713,0.071227,0.049668,0.073470,0.144952,0.165869,0.166777,0.173767,0.019921,0.026956,0.192051,0.169278,0.083506,-0.108434,0.034623,0.230286,-0.128458,0.244673,-0.001872,0.014407,-0.104317,0.020806,0.166597,0.006024,-0.014590,-0.027206,0.055638,0.102786,0.257351,0.150158,0.031741,0.233601,0.057131,0.017342,0.192163,0.115633,-0.013373,0.202650,0.244835,0.056854,0.047044,0.299348,0.147423,0.174884,0.044744,-0.029689,0.136442,-0.083695,-0.056526,-0.023560,0.142391,0.021692,0.177953,0.127975,-0.014628,0.057636,0.265121,-0.115949,0.089738,-0.049568,-0.148811,0.335403,-0.084924,0.107800,-0.086910,0.040823,0.250214,-0.049920,0.221875,0.050448,0.004579,-0.021117,0.072261,-0.068602,0.019683,0.208520,0.126295,0.044286,0.168127,0.101302,0.174356,0.065704,-0.066856,0.268665,0.246618,-0.043695,0.171490,0.095421,-0.086748,0.108126,0.018514,0.145627,0.100842,0.097526,0.090910,0.225707,0.093049,-0.122017,0.136550,-0.152744,-0.148779,-0.101982,0.236076,0.007914,0.144469,0.109196,-0.107342,0.074685,0.091943,0.068093,0.174692,0.038286,0.217173,-0.141983,0.195270,0.181392,0.089095,0.147455,-0.186899,0.400083,0.115549,0.093023,-0.021159,0.124866,0.113793,-0.015144,-0.244633,0.094687,0.165725,0.220501,0.016978,0.097810,0.248607,0.108550,-0.041272,0.155426,0.203648,0.052393,0.245926,0.168502,0.014468,0.223826,0.052791,0.120408,0.115348,0.036993,0.152089,0.088838,0.150151,0.108368,0.161281,-0.092558,0.056556,0.090880,0.158983,-0.104617,-0.017014,0.107021,0.398685,0.349669,0.197038,-0.054092,0.151834,-0.184118,0.169098,-0.085943,0.041678,0.203650,0.133843,-0.001460,0.211986,0.115274,-0.022440,0.056567,0.229334,0.192507,0.020094,0.288370,0.181914,0.298937,#
11,0.131506,0.236610,0.303934,0.340869,0.163784,0.076282,0.027222,0.229423,0.059721,0.329834,-0.006044,1.000000,0.139432,0.069837,0.002318,0.049404,0.259144,-0.032357,-0.033771,-0.082612,0.083905,0.253860,0.136738,0.224944,0.193510,0.186901,-0.047078,0.309019,-0.160125,0.078877,0.164409,0.376019,0.116739,0.341364,-0.088262,0.033700,0.020270,0.127044,-0.011293,-0.005457,0.375013,0.268455,0.184306,0.307294,-0.145038,0.318451,0.122744,0.277034,0.102339,-0.065619,0.393368,0.109422,0.192888,0.266117,-0.005067,0.423034,0.338075,-0.049040,0.157605,0.175889,0.059487,0.260126,0.126065,0.246566,0.424286,0.156533,0.047918,0.131864,0.050631,0.270768,0.071585,0.108253,0.012980,0.298596,0.467227,-0.033748,0.218251,0.255077,0.435354,0.048111,0.195955,-0.234054,-0.024771,0.243597,0.127250,0.231906,0.468640,0.150647,0.089032,0.027021,0.289597,0.183184,0.046397,0.164184,-0.010362,0.129764,-0.013009,0.072212,0.304357,0.336746,0.269397,0.075238,0.186668,-0.106343,0.148271,0.124572,0.057670,-0.013634,0.249362,0.148252,0.204820,0.077738,0.389316,0.104066,-0.096010,0.381974,0.239168,-0.003620,0.127240,0.240186,0.100200,0.367999,0.283397,0.109427,0.040986,0.080459,0.277328,0.155303,0.207729,0.071221,0.162525,0.341819,-0.149591,0.100712,-0.095682,0.149067,-0.095635,0.108889,-0.096361,0.149690,0.084240,0.022263,-0.133714,0.267633,0.170755,0.041959,0.496435,0.037119,0.296576,0.121030,-0.099524,0.262391,0.146157,-0.060856,0.104579,-0.025126,0.182711,0.025073,0.125338,0.128969,0.040986,0.187963,0.040169,0.455903,0.244454,0.237571,0.082169,0.285033,0.372420,0.242630,0.260893,-0.117982,0.356508,0.072708,0.091720,0.234909,0.334021,0.000191,0.051672,0.152240,0.151913,-0.019858,0.108815,0.070510,0.033209,0.268290,0.204511,0.014408,0.114085,0.004898,0.060659,-0.208918,0.259238,-0.343258,0.210152,0.122452,-0.042970,0.065653,0.095064,0.301321,#
12,0.086113,0.178902,0.149552,-0.046402,0.123474,0.102346,-0.131390,-0.006823,-0.009269,0.002117,0.003976,0.139432,1.000000,-0.086911,0.131994,0.058812,0.004492,-0.102821,0.225638,0.211027,0.169071,-0.096396,-0.005350,-0.007345,-0.055261,-0.046053,0.090362,0.106358,0.177895,0.197469,-0.096989,0.019305,0.291817,-0.026267,0.105334,-0.073139,0.146570,-0.227171,0.027043,0.202418,0.387056,0.152569,0.147002,0.073596,0.073109,0.286509,-0.034686,0.010794,0.066230,0.011333,0.159104,-0.020088,-0.022222,0.042608,-0.142532,0.023629,0.019483,0.054061,0.161399,0.083150,0.211077,-0.027011,0.018317,0.037185,0.242205,-0.277795,0.007400,-0.120399,0.023701,-0.167136,-0.148946,0.093113,-0.087122,-0.015355,0.044836,-0.008170,0.155087,-0.016471,-0.095628,-0.030902,-0.003400,-0.299187,0.067114,0.192630,0.086119,0.336226,0.033011,-0.144126,0.107924,0.087520,-0.049710,0.128007,-0.055916,0.109864,-0.267231,-0.270424,0.203169,0.190785,-0.013459,-0.023841,0.039081,0.076037,0.088506,0.179004,0.272375,0.076528,0.067151,0.103599,0.077246,0.296500,-0.031783,-0.185412,0.104675,-0.006094,0.093941,0.155229,0.072547,0.215608,0.032248,0.234188,0.028568,0.295920,0.164666,0.059830,-0.288915,0.054189,0.075683,0.000627,0.039788,-0.029000,0.002518,0.184791,-0.222387,-0.117604,-0.117465,0.023377,-0.289785,0.051575,-0.093579,0.171811,0.126978,-0.016922,-0.106854,0.171150,-0.036287,0.000728,0.345040,-0.080441,0.226955,0.021325,0.025568,0.376797,-0.271852,-0.142936,0.078772,0.071516,0.053739,-0.262877,0.033971,-0.149926,-0.088732,0.115195,-0.012951,0.106572,-0.029852,0.017384,-0.080081,-0.255861,0.086662,0.144199,-0.134579,0.130031,0.100009,-0.096039,-0.026577,-0.148791,-0.020033,-0.000323,-0.189681,0.064413,0.121929,-0.017340,0.118724,0.146750,0.143192,0.149223,-0.094998,0.036974,-0.104535,-0.220986,0.355792,0.350290,0.161634,0.012428,0.092661,0.076886,-0.146039,-0.037653,0.112731,0.059088,#
13,-0.148224,0.171287,0.101742,0.245204,0.293591,-0.159128,0.171774,0.294701,0.041634,-0.137172,0.115146,0.069837,-0.086911,1.000000,0.004654,-0.033534,-0.089869,-0.067193,-0.106722,0.051926,-0.110809,0.118171,0.076487,-0.071592,0.301891,0.055421,-0.012584,0.054918,-0.013272,-0.043832,0.019550,-0.006056,0.064208,0.018807,-0.249337,-0.072049,-0.141439,0.219152,-0.277348,-0.038962,-0.044930,0.089783,0.276917,0.076460,-0.041059,-0.084684,0.066512,0.076990,0.163369,0.074645,-0.023030,0.120915,0.170672,-0.001174,0.144240,0.383333,0.054530,0.049936,0.148046,0.111308,0.196839,-0.030533,0.278715,-0.213217,-0.077339,-0.117813,0.263708,-0.234881,0.260051,0.221429,-0.206219,-0.157418,0.074264,0.067039,0.211270,-0.037329,0.106184,0.170049,0.063876,-0.016207,0.093656,0.220799,-0.044344,0.208494,0.242021,-0.079658,0.196285,0.180791,0.064537,0.444441,0.061903,0.234150,0.207285,0.184875,-0.010177,0.389976,-0.104065,0.116680,0.172890,-0.044382,0.296315,-0.118149,0.031225,0.057348,0.078110,0.216291,0.197539,-0.013109,0.194914,-0.072076,0.214720,-0.037779,-0.052247,0.195827,-0.021955,0.001166,-0.066821,0.144178,0.096225,-0.050721,0.166913,0.124779,-0.112864,0.288776,-0.011820,0.168050,0.030180,0.184151,0.326646,0.070076,-0.009298,-0.125274,-0.089993,-0.019448,0.160902,0.330444,0.143044,-0.016397,0.273608,0.133813,0.048027,-0.066758,0.064645,0.053225,0.172869,0.383305,0.196641,0.181168,-0.124658,0.260092,-0.026441,0.077833,0.012940,0.165110,0.074977,0.091359,0.024542,0.206226,0.022997,0.209077,0.145025,0.144812,0.007808,0.238457,0.185308,0.280611,-0.006775,-0.000438,0.108520,0.257322,0.190522,0.105904,-0.038343,-0.034880,0.136331,0.022241,-0.153281,-0.017305,0.157238,-0.146522,-0.058351,0.051206,0.040888,0.113489,-0.184609,0.028044,0.058713,0.077266,0.074356,0.094452,-0.071262,0.056372,0.021907,-0.082665,-0.039290,0.223079,0.162227,0.213767,0.198103,0.059108,#
14,0.325373,0.000220,0.060759,-0.110662,-0.091719,0.092906,0.029559,-0.091067,0.151507,0.110413,0.156552,0.002318,0.131994,0.004654,1.000000,0.219910,0.059949,0.111969,0.054167,0.259613,0.035389,0.024141,0.148966,0.068552,0.203281,0.047777,0.115479,0.021416,0.034492,0.104763,-0.003263,-0.007094,-0.064248,-0.193912,-0.009242,0.066222,0.182214,0.133137,0.249883,0.248140,0.177076,0.243044,0.039454,0.124628,0.015086,0.151103,0.165655,0.146412,0.138829,-0.026418,0.239206,0.051227,-0.033529,0.117942,0.385086,0.131786,0.265639,0.244062,0.122944,-0.018764,0.116067,0.138221,0.010208,0.218078,0.281337,-0.181176,0.006519,0.104203,0.060073,0.049972,-0.134850,0.382972,-0.238324,0.148763,-0.337131,-0.120422,-0.002605,0.036881,0.006104,-0.006374,0.072847,-0.181734,0.203404,0.290620,0.272065,0.212702,-0.082845,-0.128532,0.142780,0.109659,0.029509,-0.003092,0.169665,0.073378,0.159434,-0.097854,0.064660,0.197292,0.199069,0.069188,0.059930,0.112452,-0.007539,-0.053897,0.235333,0.133755,0.159360,0.400041,0.074164,-0.003255,-0.095870,-0.116677,0.245226,-0.239731,0.090099,0.278693,-0.031241,0.188757,0.196756,0.136023,0.267601,0.105396,0.012013,-0.006761,-0.121841,-0.025827,0.087675,-0.035980,-0.216183,0.095533,-0.179968,0.038225,0.144541,-0.192625,-0.168663,-0.046742,0.017058,0.077214,0.088469,0.011246,0.174730,0.223114,0.213298,-0.080004,-0.108828,0.037738,0.033288,-0.032628,0.002337,-0.187852,-0.074097,-0.066162,-0.022623,0.215619,-0.037954,-0.039134,0.030416,-0.147131,0.074185,-0.411415,0.087621,0.068349,0.057055,-0.078302,0.116221,-0.095361,-0.004279,0.304275,-0.052056,0.020520,0.205784,0.114638,0.115597,0.249812,-0.132328,-0.087650,0.273282,0.091385,0.187801,0.214440,0.034369,0.287330,-0.159851,0.122933,0.210396,0.063927,0.078485,0.125943,-0.086439,-0.106926,0.080985,0.140623,0.036971,0.307280,0.224529,-0.132040,-0.192311,0.103679,0.142518,0.319860,#
15,0.038466,-0.057719,0.033792,0.035543,-0.014019,0.203033,-0.036958,0.060525,0.125098,0.158294,-0.129348,0.049404,0.058812,-0.033534,0.219910,1.000000,0.169667,0.071598,0.061378,0.001477,-0.144032,-0.186689,0.014082,-0.041947,-0.079878,0.188348,0.172524,0.077867,-0.050056,-0.227864,-0.049066,0.198161,-0.025784,0.142411,0.069606,0.096318,0.253832,0.029401,0.112116,0.138291,0.311210,0.130998,-0.018228,0.161451,0.142683,-0.013617,0.018638,0.070113,0.040213,-0.038814,0.248540,0.244410,0.216721,-0.012563,0.120805,0.157130,-0.129235,0.180021,0.078009,0.175708,0.136040,0.091475,0.081282,-0.049034,0.023958,0.003589,0.215794,0.267494,-0.115793,0.111225,-0.109966,0.427935,-0.045999,0.082431,0.226246,0.172190,0.075889,0.343316,0.263064,-0.074786,0.133775,0.064560,-0.161269,-0.000396,-0.019398,0.043175,0.146274,-0.161826,0.220143,-0.193146,-0.080526,-0.143667,-0.037931,0.165551,0.094825,0.208926,-0.036531,0.064738,0.334707,-0.131797,0.198129,-0.020081,0.366616,0.141546,0.015584,-0.088125,0.037246,0.087676,0.144773,0.176439,0.008179,0.039137,0.017607,-0.171014,0.424620,0.240686,0.185958,0.197931,0.128289,0.091985,0.110579,0.284706,0.087057,0.253374,-0.032893,0.031410,0.122102,-0.216053,0.139781,-0.076854,-0.194134,0.259656,0.087662,0.239293,-0.002818,0.213159,-0.099878,-0.139856,0.191029,-0.202030,-0.051622,-0.001950,0.349825,0.071122,-0.100869,0.103179,0.352735,-0.077904,-0.048304,0.063390,0.135140,-0.011633,0.004636,0.369686,-0.231368,0.286537,-0.053425,0.153330,0.100680,-0.169467,-0.074511,0.116914,0.032289,0.197620,0.007011,0.073616,0.128360,0.045503,0.245875,0.224812,-0.013323,-0.157660,-0.048542,0.042687,-0.012518,-0.209399,-0.095768,0.068223,-0.194696,0.093780,-0.035908,0.231821,-0.160897,0.050652,0.104537,0.152218,-0.142577,0.036245,-0.047323,-0.160684,-0.128769,0.092408,-0.027741,0.427711,0.035402,0.011005,-0.159767,-0.010665,0.009566,0.225262,#
16,0.259498,0.058918,0.197561,0.270549,0.038717,0.342823,0.110077,-0.096319,-0.057675,0.169964,0.107541,0.259144,0.004492,-0.089869,0.059949,0.169667,1.000000,0.223951,0.017675,-0.213417,0.339044,0.061298,0.368336,0.259982,0.115697,0.366231,0.141411,-0.080763,-0.125777,-0.253753,0.113427,0.203403,-0.152351,0.117542,-0.103545,0.099586,0.234104,0.015618,-0.018790,0.259387,0.209496,0.302806,0.084692,0.169373,0.011827,0.084683,0.173836,0.179029,0.215474,0.058150,0.017536,0.224517,0.252447,-0.052240,0.177997,0.118522,-0.067737,0.264545,0.230857,0.022083,0.039709,0.286287,0.083527,0.154312,0.260975,-0.025886,0.289493,0.130441,-0.247623,0.255102,0.127848,0.183900,0.159430,0.063515,0.337165,0.476195,0.031090,0.091836,0.353362,-0.006154,0.101048,0.028733,-0.005402,0.107650,-0.102178,0.268648,0.405922,0.076419,0.257576,-0.111237,0.204784,0.033604,-0.118094,-0.028217,0.019810,0.040502,0.071812,-0.045819,0.413536,0.270717,0.178812,0.192037,0.114777,0.286288,0.196092,0.062202,0.116042,-0.082352,-0.002995,0.296503,0.108696,0.207623,0.235589,0.034888,0.179132,0.259321,0.293192,0.086277,0.000553,-0.024545,-0.073304,0.050837,0.370583,0.083422,-0.102780,-0.001578,0.041543,-0.060855,0.178850,0.141296,-0.085939,0.429228,0.199171,-0.045577,0.129298,0.207859,-0.139920,-0.024568,0.126260,0.183734,-0.047938,0.009607,-0.084039,0.356878,0.113475,0.162677,0.059290,-0.035336,0.067101,-0.092905,0.166928,0.032920,0.170125,0.057904,-0.022357,0.263985,0.112401,-0.157669,0.154368,0.095540,-0.054400,0.240814,0.181074,0.198956,0.119381,0.059655,0.148842,0.319978,0.205580,-0.109720,-0.026705,-0.146136,0.111205,-0.139513,0.011532,0.240609,0.107525,-0.178557,0.009086,0.003955,0.040844,0.111487,0.128369,-0.248770,0.030609,0.013526,0.238802,0.130602,0.003242,0.041025,0.030397,0.021028,-0.097308,-0.074947,0.309634,0.103396,-0.043099,0.140327,0.015138,0.093203,#
17,0.326916,0.083687,0.089173,0.249707,0.131710,0.245952,0.205790,0.062905,-0.284774,-0.033422,0.153418,-0.032357,-0.102821,-0.067193,0.111969,0.071598,0.223951,1.000000,0.082903,0.204361,0.139689,0.258939,0.200704,0.337919,0.134142,0.115287,0.031855,0.056473,0.175003,0.044214,0.019171,0.372172,0.372576,-0.018105,-0.080220,0.062071,0.059483,0.436497,0.056372,-0.178968,0.056851,0.066766,0.168195,0.305933,-0.112619,-0.031998,0.141437,0.075419,0.475628,0.284835,0.110235,-0.100062,-0.028852,0.001060,0.041987,0.165782,0.050505,0.374836,0.172308,0.313897,0.114358,0.109265,-0.095630,0.160007,0.057859,0.133413,0.224067,0.124861,0.065612,0.328615,0.333463,0.003733,0.242816,0.231707,0.154542,0.231511,0.375189,0.314577,0.065849,0.106353,0.070050,0.165169,0.255145,0.133615,0.159375,0.081895,0.130803,-0.042434,0.459565,-0.076671,0.084444,-0.047211,0.017791,0.003096,-0.080024,0.034232,0.157770,0.223314,0.354603,0.212602,0.204025,0.102215,-0.081547,0.166642,0.030209,0.195850,0.098683,0.419174,-0.184512,-0.091576,0.046485,-0.089847,0.205490,0.060449,0.112265,0.023536,0.306868,0.037546,0.133126,0.205475,0.046244,0.075152,-0.080721,0.103036,0.308868,0.017636,0.263226,-0.092108,-0.077876,-0.053038,-0.163589,0.176088,0.412534,0.297670,0.004715,0.089146,0.329492,-0.197597,0.132663,0.172733,0.224821,0.008527,0.026934,0.053378,0.219059,0.076724,-0.071851,0.093409,0.197128,-0.038275,0.067741,-0.048238,0.010759,0.143027,-0.104689,0.088489,0.045550,0.226562,0.399323,0.040018,0.236036,0.211436,0.106149,-0.047289,0.189762,0.031338,-0.140473,0.103987,-0.130874,0.236561,0.310113,0.015113,0.001609,0.217960,0.182613,-0.025169,0.122841,0.080254,0.153391,0.191650,0.095275,0.443113,0.024006,-0.351387,-0.056463,0.128716,0.189861,0.226380,0.205001,0.073779,-0.004475,0.210622,-0.020347,0.044849,0.387277,0.285972,0.222842,0.106215,0.191710,0.179834,#
18,0.212534,0.126500,0.154157,-0.084026,0.117761,0.145430,0.196807,0.164971,-0.125750,0.260249,0.443097,-0.033771,0.225638,-0.106722,0.054167,0.061378,0.017675,0.082903,1.000000,0.330960,0.020874,0.006888,-0.142259,0.234726,0.076478,0.178224,0.237698,0.161663,0.152747,0.034941,0.161202,0.239091,0.178506,-0.219516,-0.013758,0.204588,-0.098601,-0.072847,0.037523,0.083405,0.144403,0.103857,0.015582,-0.022057,-0.068771,0.127095,-0.073263,0.004324,0.124205,0.070574,0.120356,-0.025061,0.148508,0.241014,0.104251,-0.008086,0.073114,0.327216,0.098272,-0.015051,-0.000848,0.197433,0.160519,0.218334,-0.099581,0.300291,0.140437,0.094214,-0.005150,-0.070659,0.026042,0.213261,0.028312,0.211185,-0.091920,-0.083568,0.219864,0.060691,0.265213,0.245930,0.182796,-0.061144,0.145606,0.086974,-0.016158,-0.080225,0.269919,-0.089937,0.005276,-0.054628,0.023632,0.186727,0.125707,-0.084834,0.196442,-0.026591,0.263973,0.146081,0.054377,0.143998,0.179255,0.282694,0.245328,0.147445,0.151697,0.199665,0.047958,0.100413,0.069867,0.238747,0.158061,0.253227,-0.082259,0.099482,0.060010,-0.091464,0.053937,0.190110,0.346329,0.058125,-0.131202,0.157370,-0.002149,0.034065,-0.079802,0.140511,-0.106939,0.157785,0.192611,0.170209,0.046463,0.145454,0.110254,-0.053026,0.294683,0.029881,0.028604,0.313735,0.060058,0.320825,0.229868,0.028264,-0.186073,0.093091,0.218006,0.101688,-0.042660,-0.090817,0.030022,0.036145,0.002599,0.124360,0.421584,0.029577,-0.062242,0.306309,0.258780,0.130712,0.169767,-0.022967,0.098353,0.043270,0.091967,0.206846,0.087947,-0.057623,0.227261,0.129486,0.274317,0.167933,-0.050581,0.043921,0.008404,0.036117,0.206111,-0.106077,0.063764,0.293824,0.316322,0.504745,-0.055397,0.344385,0.078628,-0.172834,0.392807,0.197280,0.134004,0.362297,0.242885,0.071178,0.282452,0.199123,0.160587,0.226424,0.137547,0.166974,0.144135,0.181505,0.326243,0.336012,#
19,0.332305,-0.037125,0.197742,-0.069118,0.187025,-0.173510,0.241539,0.185762,-0.001407,0.079222,0.211456,-0.082612,0.211027,0.051926,0.259613,0.001477,-0.213417,0.204361,0.330960,1.000000,-0.144392,0.098308,0.114278,0.078114,0.063675,0.034780,0.069120,0.041828,0.132120,0.261667,-0.099712,-0.058657,0.112123,-0.231735,0.266924,0.125846,-0.142373,0.124619,0.264781,0.023720,0.025743,0.018375,0.035489,-0.066142,-0.072393,0.003711,0.077173,0.189025,0.215385,0.210035,-0.010207,0.047063,-0.031408,0.285490,0.046256,0.026603,-0.022935,0.083463,-0.009682,0.097410,0.029265,-0.014879,-0.043679,-0.103122,-0.114342,0.082108,-0.007027,-0.059579,0.172560,0.072061,0.137496,0.160530,0.050272,-0.059144,-0.069425,-0.061836,0.113333,0.063274,-0.006143,-0.205968,0.173264,0.066611,0.085348,0.035637,0.163020,0.105672,0.084749,-0.118659,0.207448,-0.017250,-0.049610,0.116215,0.037845,0.044921,0.203276,0.007519,0.173853,0.286331,0.094984,0.077888,0.078968,0.107715,-0.022269,0.075640,0.061928,0.125487,0.180357,0.360777,-0.043567,-0.114526,0.028318,-0.017456,0.199520,0.162308,0.190544,0.054672,0.019039,0.086734,0.264502,-0.081424,0.225764,0.234710,-0.202942,-0.006716,0.198417,0.211739,0.112927,0.052331,-0.158835,-0.129748,-0.012605,-0.022226,0.150818,-0.103730,-0.201645,0.000903,0.267298,-0.044313,-0.041543,0.222864,0.262920,0.068876,-0.072491,0.086617,0.215744,0.141264,0.067853,0.265011,0.177637,0.004096,0.059589,0.098511,0.122385,0.189689,-0.210641,0.023642,0.082155,0.070725,0.064130,-0.190477,0.141235,0.013215,0.215698,-0.037206,0.073283,-0.021493,-0.057106,-0.123632,-0.143986,0.029923,0.264263,-0.068799,0.100397,-0.136194,0.068530,-0.185600,0.177310,0.172208,0.046150,0.321306,-0.011962,0.251365,-0.127061,0.032875,-0.004913,0.127509,0.009537,0.123482,0.206359,-0.026105,0.009504,0.154436,0.072840,0.281697,-0.047319,-0.053063,0.108353,0.113636,0.368367,0.237525,#
20,0.210278,-0.086903,0.194407,-0.018844,-0.063121,0.293132,-0.100720,-0.020211,0.095160,0.191799,0.012713,0.083905,0.169071,-0.110809,0.035389,-0.144032,0.339044,0.139689,0.020874,-0.144392,1.000000,0.067021,0.036252,0.359498,0.035497,0.198140,0.106094,0.273722,-0.035444,0.050457,0.092589,0.135502,0.142416,0.004979,0.050572,0.094797,0.066799,0.118969,-0.148572,0.171843,0.100960,0.398772,0.005120,-0.061409,0.073619,0.333419,0.027492,0.060001,0.323729,0.091204,-0.061945,0.208554,0.135858,0.087849,0.053164,-0.088109,0.149860,0.151598,0.142439,0.161592,-0.030634,-0.135760,0.197441,0.198822,0.379332,-0.242477,0.247333,-0.076402,0.042503,0.146633,0.031316,0.083605,0.472003,0.337450,0.117237,0.256196,0.266904,0.043702,-0.163912,0.299450,-0.163697,-0.256080,0.300833,0.103997,-0.077580,0.224420,0.256985,0.058438,0.246958,0.126104,0.101815,0.264694,-0.043553,0.052341,-0.016260,-0.136157,0.208561,0.073936,-0.042754,0.103502,0.028012,0.013077,-0.014513,0.152583,0.033675,-0.096216,0.096900,0.030096,-0.114155,0.207759,0.302905,-0.000033,0.157922,0.247664,-0.068261,0.094740,0.344892,0.069427,-0.087702,-0.014878,-0.086502,-0.022973,-0.006505,0.219067,0.081192,0.120203,0.279791,0.325678,0.114928,0.069702,-0.003222,0.297324,0.094925,-0.223907,0.022501,0.093410,-0.093476,0.292700,0.214088,0.184259,0.012978,0.072833,-0.271291,0.051923,0.216142,-0.084366,0.045046,-0.104483,0.024657,0.063516,-0.083023,0.261779,0.016275,-0.229258,0.193222,0.276226,-0.005091,-0.290564,0.119681,0.246366,0.170092,0.159725,-0.016752,-0.111549,0.326703,0.100631,-0.153748,0.121773,0.052209,-0.012883,0.107586,-0.053994,-0.070864,0.208108,-0.056097,0.274016,-0.001077,-0.117977,0.267975,0.230811,0.086269,0.009539,0.032289,-0.103698,0.065558,-0.034417,0.160914,-0.039095,0.135870,-0.016530,0.200392,0.188971,-0.010320,-0.013304,0.284870,0.095658,0.134824,0.152426,0.138740,0.028094,#
