0,1.000000,-0.100784,-0.094081,0.185157,0.108640,0.066593,-0.080873,-0.209559,0.032832,-0.117232,-0.077660,-0.090752,0.038033,-0.267518,0.225810,0.260051,0.276630,0.236946,0.257341,0.114348,0.063672,-0.089447,0.280209,0.325790,-0.018962,-0.011346,0.247413,-0.190618,-0.071934,-0.010984,-0.075762,0.178086,0.065339,0.146978,0.191675,0.144071,0.059788,0.090567,0.033552,0.042886,-0.063288,0.108092,0.235225,0.092998,0.076417,-0.032644,-0.077195,0.300422,-0.162120,0.239801,-0.042459,-0.065735,0.083172,0.086858,0.146677,-0.074253,0.337239,0.119145,-0.006817,0.123656,0.027152,0.143488,0.190568,0.021118,-0.150693,-0.124729,-0.137472,0.119767,-0.020876,0.172094,-0.093975,-0.009840,0.065068,0.058659,0.083070,-0.313755,0.296012,0.274818,0.041703,-0.134206,-0.203002,-0.105973,0.005766,0.220084,0.099252,-0.040502,0.138770,-0.074097,0.206580,0.419864,0.169788,0.063445,0.225095,-0.047823,0.073363,0.265366,-0.002251,-0.201824,0.060509,0.082506,0.223703,0.147360,-0.243610,0.101690,0.139478,0.072799,0.271322,0.134485,0.044285,-0.037120,-0.026821,-0.000672,-0.167570,0.000148,0.068101,0.121133,-0.007744,-0.121447,0.027143,-0.065085,0.212864,-0.067310,0.078946,0.132405,0.125537,0.130575,0.111579,-0.093800,-0.073122,0.217892,0.230054,-0.066819,-0.181801,-0.196404,-0.079663,0.314414,-0.028215,0.029662,-0.081043,-0.086541,0.301111,0.138307,-0.005577,0.154552,-0.047695,0.075769,0.023149,-0.189135,0.089231,0.118963,-0.293106,0.012132,-0.132622,-0.075751,-0.007369,0.202957,0.304845,0.012361,-0.016172,-0.127069,0.101738,0.173547,-0.099662,-0.110140,-0.068187,0.266232,-0.169360,0.241146,0.216711,0.097247,-0.160678,-0.257798,0.180036,-0.079072,-0.230162,0.104025,0.109015,0.105314,0.081502,-0.037963,0.272387,0.155629,-0.019736,0.057555,-0.153938,-0.152447,0.176464,0.380917,0.104358,-0.167821,-0.053220,0.264064,-0.139786,-0.054661,0.108859,0.103484,-0.119202,0.042919,0.055306,0.011220,#
1,-0.100784,1.000000,0.117654,-0.104313,0.013546,0.155172,0.376917,0.174419,0.172300,-0.053935,0.106462,0.184291,0.055241,0.085821,-0.051812,-0.053229,-0.009788,0.036656,-0.106856,-0.126534,0.080127,0.214628,0.045462,-0.277524,0.048973,-0.144858,0.006413,0.121276,-0.397908,0.118633,0.063989,-0.111504,-0.055954,0.170078,-0.160506,0.248005,0.013791,0.027842,0.037156,0.103022,0.070690,-0.144212,0.075538,0.089009,0.161490,-0.036469,0.339498,-0.093858,0.157293,-0.237911,0.008452,-0.195503,0.351411,0.273465,0.056463,0.183448,-0.022784,-0.140476,-0.012257,-0.094029,-0.032022,-0.016423,0.208325,-0.100373,-0.161396,0.150094,0.212452,0.212447,0.115486,0.060103,0.158710,0.145870,0.072281,0.048342,0.122028,-0.014452,0.023269,0.113235,0.284157,0.109204,-0.072295,0.254770,-0.111905,0.044744,0.165914,-0.057663,0.131519,0.131674,-0.128440,0.000921,0.123815,0.022863,-0.116648,0.037113,-0.031044,0.132447,-0.109122,0.059102,-0.118201,0.207689,0.105428,0.080282,0.077099,0.016499,-0.004467,0.052421,0.189931,0.129328,0.176318,-0.053216,-0.063541,0.092182,-0.154931,-0.235358,0.189144,0.252489,0.227729,-0.130994,0.061468,0.031144,-0.254659,0.039623,0.022319,0.026672,-0.087702,-0.096196,0.187031,-0.008235,0.308544,0.176631,-0.091904,0.110313,-0.068644,0.085736,0.164444,-0.098926,0.363543,0.093471,0.120909,0.157051,0.114852,0.124045,-0.010346,0.224833,0.227268,0.051295,-0.011926,-0.175650,0.187736,0.043617,0.358320,-0.008069,-0.303399,-0.220513,0.082654,0.184402,-0.175988,0.129912,-0.315338,-0.227940,-0.164870,-0.020042,0.199186,0.226780,0.236289,-0.073449,-0.104083,-0.013305,0.027386,0.146931,0.272643,0.112622,0.011777,-0.140060,0.057684,0.129178,-0.044367,0.089635,0.080153,0.001846,0.128066,-0.151943,0.097826,0.070875,0.314294,-0.059618,0.134522,-0.178185,-0.009458,0.288829,0.046090,0.189579,-0.214501,0.064097,-0.066182,-0.060177,-0.137965,0.175695,-0.106479,0.344164,#
2,-0.094081,0.117654,1.000000,-0.056929,0.089991,0.049119,0.218408,0.145509,0.010746,0.074217,0.385653,0.262686,-0.029046,-0.013920,-0.228938,0.158525,-0.134981,0.029164,-0.070474,-0.147046,0.074358,0.227007,-0.124079,-0.064817,0.084960,0.097192,0.114780,-0.053647,-0.102382,-0.086119,0.091162,0.026767,-0.019939,0.026622,-0.019968,0.028098,0.051534,-0.016195,0.213658,-0.182553,0.057629,-0.130790,0.106321,0.025871,-0.001912,-0.129410,0.019709,-0.105374,-0.118913,-0.092600,-0.121687,0.058780,-0.013786,-0.084110,-0.027980,-0.049476,0.121984,-0.135076,0.253947,0.151659,0.218455,-0.112358,-0.301959,0.062584,0.065141,0.143564,0.232243,0.043357,-0.021726,-0.108053,0.151649,0.228911,-0.169454,-0.001524,0.143690,-0.000563,-0.007982,-0.155664,0.018378,-0.045398,-0.070780,-0.285733,-0.061033,-0.034167,0.230995,0.189741,0.113500,0.122478,-0.009191,0.032511,-0.106464,0.228276,-0.058095,0.255108,-0.182183,0.079571,-0.077008,0.020488,-0.006222,0.056598,0.069631,0.053389,-0.296887,0.011186,-0.085542,0.160505,0.108323,0.201151,0.072547,0.138955,0.128635,0.226629,0.008535,0.000154,-0.079013,0.234458,0.063195,-0.167615,-0.232141,0.041242,0.021850,-0.238818,-0.129770,-0.053726,-0.026937,-0.101262,0.141706,-0.028076,0.158212,0.064782,-0.010267,0.166455,-0.091176,0.128395,0.120630,-0.036761,-0.002095,0.016102,0.121046,-0.086112,0.200374,0.131503,-0.063323,-0.079610,0.272468,-0.202947,-0.289693,-0.111955,0.047913,-0.193202,0.162767,-0.098411,0.263513,-0.051364,-0.025735,-0.023375,-0.014236,-0.325046,0.100337,-0.096560,-0.189202,-0.083207,0.293503,0.198605,0.025544,0.207586,0.106833,-0.139121,-0.030717,-0.094911,-0.131949,0.297489,0.076771,-0.005657,0.042923,-0.080566,0.066726,0.074729,-0.373192,-0.003660,0.261097,0.089070,-0.183138,0.189097,-0.015286,0.089502,-0.017236,-0.088938,0.023495,-0.007445,0.008018,-0.115954,0.069408,0.046930,0.011617,-0.134051,-0.305809,0.006175,0.116731,0.176516,#
3,0.185157,-0.104313,-0.056929,1.000000,0.001875,0.152269,0.102097,0.073466,0.307432,0.244649,0.247639,-0.015518,0.097942,-0.211756,0.246281,0.089491,0.057137,0.215150,0.194228,0.038554,0.071800,0.064162,0.335369,0.396431,-0.022506,0.102245,0.101883,-0.048500,0.208940,0.161821,0.182838,0.043381,0.435301,0.271300,-0.050463,0.068939,-0.092810,0.400332,0.236399,0.134048,0.046664,0.169270,0.243029,0.114920,-0.109190,0.019136,-0.206384,0.088247,-0.011549,0.044784,0.106553,0.228325,0.119840,-0.045065,0.197129,0.131977,0.022871,-0.127266,0.140754,0.084365,0.160196,0.170559,-0.028312,-0.050137,0.339339,-0.014692,-0.032498,-0.171391,-0.189823,0.198989,0.062851,0.056920,0.126113,0.098127,0.074007,0.004846,0.053725,0.052516,-0.007665,-0.138532,0.139670,-0.042406,0.273083,-0.128757,0.207679,0.119656,0.059192,0.063026,0.251523,0.188440,0.192310,0.059265,0.009721,-0.061248,0.094804,0.155976,0.044650,-0.202400,0.108072,-0.036823,0.120565,-0.029664,0.083109,-0.002317,0.286090,0.018716,0.385590,0.275129,0.075666,0.070717,0.022520,-0.096868,-0.055774,0.047258,0.030000,-0.016052,-0.040027,0.136324,-0.023657,0.027898,0.018483,-0.014709,-0.128716,0.143849,-0.046713,0.102321,0.240494,0.266720,-0.137461,0.090031,0.278663,0.163860,0.014514,0.247278,-0.144401,0.219254,0.009227,0.060765,-0.043209,0.014362,0.164996,0.290046,0.037170,-0.058660,0.064560,-0.023137,0.278280,0.167514,-0.066043,0.157512,0.146949,-0.049223,0.034044,0.106506,0.210686,-0.080527,0.013778,0.146585,0.281691,-0.005867,0.099316,-0.086194,0.175757,0.100478,0.011038,-0.018935,0.022396,0.188304,-0.060846,-0.075461,0.097562,-0.250870,-0.011259,-0.067645,-0.010442,0.153160,0.305268,-0.014055,-0.155889,0.085193,-0.029573,0.240090,0.155531,-0.199855,-0.119077,-0.017590,0.049093,0.125940,0.115415,0.022882,0.104605,0.017904,0.057746,-0.001595,0.104635,0.136471,0.286922,0.073207,-0.120702,-0.126822,#
4,0.108640,0.013546,0.089991,0.001875,1.000000,0.137578,-0.002257,-0.016799,0.037622,0.137437,0.041169,-0.021612,-0.070651,-0.089712,0.090661,0.024624,-0.140587,0.151525,-0.044077,0.257187,0.361004,-0.036618,0.176408,0.135076,-0.111687,0.070200,-0.002113,-0.165267,0.187337,0.012738,0.098630,0.059005,0.002266,0.120825,0.008136,0.135813,0.344387,0.178709,0.229668,0.144690,-0.018014,0.280628,0.010396,-0.046385,0.164729,0.222649,0.328167,0.106442,-0.026464,0.004352,-0.096864,0.062456,0.042565,0.063331,0.299226,0.263596,0.043552,0.039925,0.044433,0.081530,0.095061,0.242732,-0.070414,0.050442,-0.057549,-0.039292,-0.073180,0.072756,-0.094681,0.116842,0.182278,0.246776,0.189897,0.033993,0.103833,-0.125546,0.129738,0.075918,0.176446,-0.013295,0.077764,0.108058,-0.046326,-0.004704,0.386747,0.062035,0.113179,0.035428,-0.094063,0.171052,0.288804,-0.159977,0.078118,0.035614,0.203259,0.173735,-0.015917,-0.056805,-0.276196,-0.022067,0.124489,-0.060581,0.155268,0.181006,0.064141,0.190329,-0.033333,0.145778,0.243277,0.229196,-0.019308,0.180686,0.037281,0.126692,-0.042503,-0.072054,0.207176,0.057873,-0.078997,0.033254,-0.124792,-0.168994,-0.156137,0.017764,0.229627,-0.046676,0.274723,0.054542,0.217587,0.174491,0.347161,-0.067327,0.133495,0.212816,0.086990,0.130176,-0.061558,-0.005527,0.262167,-0.017233,0.251892,0.094276,0.228144,-0.012293,0.194204,0.279418,0.034722,0.276680,-0.039323,0.111738,0.093033,0.212920,0.236819,0.358791,0.346345,-0.097639,0.199783,0.018329,-0.083636,-0.050151,0.235573,-0.093467,-0.034543,-0.111228,-0.202534,0.018752,-0.019595,0.072056,0.093981,-0.005411,-0.166481,-0.091318,0.443157,0.105825,0.074878,0.143916,0.188373,0.183146,-0.031738,0.242819,0.140340,-0.081279,0.194309,-0.031137,0.088083,0.117838,-0.204241,0.125244,0.162613,0.348024,-0.228073,0.248573,-0.190479,0.003932,0.235971,0.175225,0.034458,0.072158,0.153335,0.400726,#
5,0.066593,0.155172,0.049119,0.152269,0.137578,1.000000,-0.021504,0.188044,0.111319,-0.022637,0.062032,-0.004413,0.042895,-0.210283,-0.043105,-0.060709,-0.083128,-0.004487,-0.089619,0.144557,-0.105642,-0.078751,0.152695,-0.270903,0.153172,-0.083727,0.031130,0.116226,0.172847,-0.042343,0.158106,0.012604,0.214913,0.031624,-0.307502,0.188677,0.090677,-0.059535,0.151163,-0.004028,0.142512,0.083706,0.188325,0.157051,0.062920,-0.141809,0.176895,-0.054754,0.178237,-0.266959,0.127234,0.082638,0.096842,-0.243516,0.198747,0.309909,0.096529,-0.181639,0.219261,0.117914,-0.046740,-0.117640,-0.025167,0.103753,0.149023,0.070533,-0.171992,-0.096761,0.178594,-0.197285,-0.062072,0.047459,0.280229,0.151113,-0.089276,-0.066256,0.038767,0.052763,0.131833,-0.066694,-0.036785,-0.085690,0.202480,0.142399,-0.098383,0.021627,0.142407,0.017059,-0.020621,-0.114943,-0.029406,-0.074819,0.157578,0.295169,-0.157242,0.178396,-0.183387,0.139097,0.084185,0.034595,-0.107143,0.019087,-0.214597,0.022586,-0.101325,0.258122,0.090441,0.126941,0.115481,0.055875,0.078282,0.156659,-0.207570,-0.140067,0.125688,0.094661,-0.144159,0.182978,0.014502,0.066490,-0.339856,0.022474,-0.073197,-0.024169,-0.227122,-0.159158,0.113468,-0.215715,0.056186,0.013089,0.202826,0.104299,0.132950,0.260749,0.126095,0.154149,0.116813,0.198673,0.008894,-0.241231,-0.100954,0.156060,-0.025319,0.057993,0.317390,-0.015495,0.113077,0.120860,0.116088,0.089976,0.108673,0.086306,0.279409,-0.057045,0.023043,0.102170,-0.105157,-0.042180,-0.177440,-0.115282,0.274226,-0.148552,0.227542,0.149550,0.016919,0.090788,-0.155987,0.192883,-0.024795,0.127075,0.273942,0.159298,0.369091,-0.159601,-0.200016,-0.055498,0.196256,-0.083476,0.027932,0.169320,0.130169,0.032823,0.274712,-0.064999,-0.260145,0.010698,0.086810,-0.055672,0.218858,-0.053475,0.009762,0.316843,0.061320,-0.165977,0.135548,-0.065620,-0.051158,-0.044678,0.032648,0.355798,#
6,-0.080873,0.376917,0.218408,0.102097,-0.002257,-0.021504,1.000000,0.131168,0.365289,0.095576,0.073669,0.303303,0.199052,0.128263,0.010861,0.166651,-0.069162,0.106935,0.038886,-0.164822,0.073155,0.447084,-0.044013,-0.083454,0.102864,0.131950,-0.012235,0.134625,-0.013998,0.133971,0.004392,0.019637,-0.029262,0.070742,-0.050516,-0.005371,-0.179942,0.137079,0.036706,0.047022,-0.064217,-0.051455,0.208573,0.103855,0.190404,-0.128195,-0.017056,-0.120498,0.033124,-0.088272,-0.051663,-0.111707,-0.043220,0.123239,0.031083,0.042390,-0.039591,0.048974,0.027053,0.146673,0.316910,-0.010704,0.219998,-0.095397,0.120380,0.457844,0.017243,0.117584,-0.039670,0.096500,0.142621,0.149796,-0.042869,0.279144,0.232244,0.062255,0.214235,-0.107764,0.134510,-0.064450,0.081191,-0.080858,0.057914,-0.121626,0.139762,0.016062,0.073858,0.171041,-0.113931,0.010096,-0.082450,0.038587,0.100658,0.078433,-0.001267,0.010840,0.186996,0.007122,-0.048272,0.179087,0.015895,0.326366,0.099265,0.048744,-0.245069,0.035161,0.184802,-0.004058,0.128718,0.148552,0.121196,0.173598,-0.133763,-0.312239,-0.083699,0.235619,0.303659,-0.172707,-0.076918,-0.056027,0.095444,0.028686,-0.046242,0.168346,-0.085342,0.104732,-0.009570,-0.024523,-0.067847,0.030766,0.030749,0.025059,0.007947,-0.004014,-0.074572,0.075340,-0.070031,-0.058537,0.110272,0.155795,0.128550,0.259021,0.023034,-0.022455,-0.079527,0.004289,0.082822,-0.076815,0.100220,-0.238099,0.400015,-0.163180,0.192528,-0.054288,0.228269,0.056575,-0.094895,0.182829,-0.120600,-0.120159,-0.198241,0.248506,0.260573,0.171283,0.092130,0.180334,-0.053277,0.059615,-0.188876,-0.003245,-0.117101,-0.024575,-0.021946,-0.129212,0.239556,0.056514,0.016435,0.034233,0.084047,-0.063080,0.123349,0.048201,0.094330,-0.001842,-0.013741,0.180703,-0.049069,0.085157,0.097037,0.108312,0.145679,0.033855,-0.053680,0.167456,-0.059044,-0.064645,0.073278,0.091425,0.101980,0.132748,#
7,-0.209559,0.174419,0.145509,0.073466,-0.016799,0.188044,0.131168,1.000000,0.205870,-0.161287,0.136160,0.315821,-0.128165,0.048778,0.125061,-0.047551,-0.005344,0.140515,-0.196452,-0.140796,-0.207602,-0.057067,0.108628,-0.079120,0.118506,-0.014683,-0.013592,0.233728,-0.047733,0.139228,-0.075634,-0.038331,0.090920,0.024393,-0.297421,-0.071545,-0.070480,0.068440,0.276364,0.085723,-0.055104,-0.171229,0.037054,0.085748,0.061571,-0.068381,0.102108,-0.060960,0.094297,-0.046475,0.349062,0.093384,-0.033705,0.088372,-0.073286,-0.081678,-0.062393,-0.001283,0.256676,0.060584,0.030542,-0.031037,-0.026210,-0.035415,0.056619,0.149384,0.037256,-0.033740,0.005805,0.355187,-0.192029,-0.005728,0.185944,-0.043583,0.038325,-0.058936,-0.136652,0.040533,-0.050118,0.149413,-0.050542,-0.212485,0.147234,0.005464,0.079913,0.051846,0.148500,-0.004456,-0.092044,-0.021378,-0.080184,-0.054926,-0.073344,0.265567,-0.126951,-0.287434,-0.271402,0.061992,-0.137136,0.164682,0.048656,-0.053497,-0.081717,0.055948,-0.051499,0.116569,-0.131654,-0.021391,0.059927,0.054677,-0.083705,0.014248,0.003681,0.029133,0.297683,-0.023023,-0.116131,-0.168298,-0.118465,0.269467,-0.182115,0.001671,-0.150750,0.101261,0.069958,-0.016873,0.199157,-0.027964,-0.018117,-0.059121,-0.021365,-0.065482,0.267038,0.205954,0.018987,0.034198,-0.182220,0.033133,0.012064,0.060840,-0.032687,-0.175276,0.143808,-0.137489,0.219203,-0.084188,-0.014827,-0.072965,0.027557,0.050171,0.206048,-0.002150,-0.022809,0.033611,-0.044471,0.008358,-0.075686,0.176731,0.023356,0.089011,0.049353,-0.039593,0.158656,-0.009480,-0.282376,0.262614,-0.126719,-0.232077,-0.235898,-0.037369,-0.042981,0.219844,0.260693,-0.118669,0.099093,-0.156374,-0.031076,0.039660,-0.271784,0.238931,0.212382,0.101493,0.080455,0.032394,-0.124974,0.276091,-0.172773,-0.307746,-0.068527,0.074530,0.069317,0.017181,0.060722,-0.145743,-0.013272,-0.168115,-0.110292,-0.093510,-0.195495,0.246233,#
8,0.032832,0.172300,0.010746,0.307432,0.037622,0.111319,0.365289,0.205870,1.000000,0.266680,0.076169,0.116420,0.127259,-0.134008,0.256722,0.299921,-0.174866,0.065233,-0.085531,-0.133830,-0.196659,0.181135,0.406994,0.122497,-0.092158,0.024053,-0.053342,0.125044,0.022785,0.295909,0.037434,0.194590,-0.076575,0.100604,0.065122,0.063108,0.018971,0.103398,0.021506,0.021326,-0.026349,0.170559,0.202317,0.095124,0.153529,0.049400,0.020633,-0.171900,0.182383,-0.049031,0.286138,0.262573,-0.035741,0.136510,-0.002773,0.315456,0.165975,0.143498,0.222851,0.307140,0.223490,0.001572,0.267712,-0.134945,0.177227,0.259647,0.052593,-0.027627,0.215359,0.052514,0.186925,-0.116165,0.064677,0.201944,0.321809,0.111020,0.139759,-0.001421,0.010574,0.085238,0.155832,0.089690,0.017171,-0.164901,0.217275,0.154733,0.076024,-0.083673,-0.227316,0.062259,0.014932,0.058638,0.057721,0.006860,0.107719,0.125212,0.257301,-0.047984,0.024194,0.112304,0.145553,0.041788,0.108446,0.113228,0.226885,0.054878,0.086312,-0.009613,-0.018680,0.204439,-0.123387,-0.046566,-0.284117,-0.099571,0.235920,0.205144,0.017467,-0.181863,0.022762,0.300829,0.049075,-0.017132,-0.170435,0.087910,-0.087274,0.077507,0.089809,0.211566,-0.229942,0.370840,0.048312,-0.121986,0.237101,0.222916,0.084337,0.240856,0.020394,-0.028119,0.042121,-0.226901,0.033245,0.198333,0.315199,-0.079487,-0.108464,0.118442,0.252730,0.022208,0.367688,0.082096,0.310909,-0.077450,0.062192,0.140415,0.261875,0.237207,0.032608,0.315717,0.127942,-0.036962,-0.007445,-0.018285,0.155275,0.096677,0.231228,0.178726,0.022806,-0.237162,0.101304,0.132434,0.135097,0.033760,0.044464,-0.194265,0.147651,-0.050044,-0.026350,0.028167,-0.068800,0.168297,0.250683,0.052151,0.143551,0.119392,0.037512,0.131756,-0.029366,-0.004259,-0.052965,-0.025603,0.093318,-0.021528,0.078735,0.044976,0.285792,-0.081795,0.099464,-0.004067,0.138668,-0.033681,#
9,-0.117232,-0.053935,0.074217,0.244649,0.137437,-0.022637,0.095576,-0.161287,0.266680,1.000000,0.358082,-0.136656,0.070266,-0.289163,0.059713,0.235303,-0.183467,-0.040701,0.016206,0.026358,0.104708,-0.049570,0.023210,-0.024897,-0.078934,-0.256424,-0.040531,-0.020950,-0.026215,0.111285,0.126846,-0.157487,-0.160980,0.155831,-0.006058,-0.076665,-0.082570,0.209696,0.133845,-0.110646,0.150485,-0.144279,0.174364,-0.090227,-0.083221,0.162521,-0.027366,-0.066138,0.037944,-0.022621,-0.045716,0.094162,0.092676,-0.086576,-0.266014,0.102155,-0.008548,-0.061038,0.094756,-0.072851,0.135344,0.003118,0.079886,-0.028010,-0.020287,0.081007,-0.208486,-0.211706,-0.102102,-0.200622,0.283643,0.039951,-0.170273,0.014707,-0.096590,-0.018886,-0.273963,-0.196978,0.007758,0.122084,0.247481,0.084207,-0.100475,-0.216215,0.167152,-0.041669,-0.107398,-0.038566,-0.152486,-0.273095,0.000907,0.282225,0.109947,-0.301465,0.241699,0.026462,0.111863,0.082446,-0.005615,-0.418904,-0.198128,-0.134026,0.364093,-0.062699,0.267429,-0.109574,0.061470,-0.235798,-0.097140,-0.107426,0.108098,-0.085511,-0.076811,0.202223,-0.154466,-0.035011,-0.184757,-0.025159,0.063918,-0.100346,-0.146299,0.101042,-0.228844,-0.091357,-0.247697,0.078411,-0.179349,0.270999,-0.010712,0.194656,0.000915,-0.135239,-0.032167,0.278345,-0.005453,-0.131184,-0.080244,0.059336,0.019682,-0.277265,-0.208337,0.013303,0.245520,-0.018357,-0.059078,-0.063688,0.005434,0.207661,-0.079758,0.246751,-0.014946,-0.283310,0.284640,0.170425,0.161925,-0.043680,-0.029393,0.126415,-0.065761,-0.026925,0.024594,-0.281450,0.057040,0.280856,0.022879,-0.193862,0.076394,-0.112961,0.052371,-0.179204,0.091977,-0.205864,-0.025106,-0.004627,0.005443,0.001372,0.044338,-0.014049,0.019043,-0.100369,-0.139920,-0.089464,0.032677,-0.090124,-0.178162,0.034103,-0.127903,-0.145237,0.233959,0.077129,-0.072160,-0.147260,0.097804,-0.070674,-0.042869,-0.001346,-0.113788,-0.030734,-0.127207,0.020916,#
10,-0.077660,0.106462,0.385653,0.247639,0.041169,0.062032,0.073669,0.136160,0.076169,0.358082,1.000000,0.061171,-0.010769,-0.191247,0.106545,0.178499,0.066922,0.010615,0.155436,0.166198,0.029754,-0.126422,-0.055434,0.043021,0.085954,-0.159954,-0.148099,0.105683,-0.138678,0.130609,0.049399,-0.034440,0.187961,-0.001651,0.080436,0.198959,0.146941,0.012210,0.158612,0.012481,0.199241,-0.128813,0.109570,-0.150503,-0.035389,0.096880,0.098301,-0.027814,0.088470,0.154605,0.107684,0.162826,0.138956,0.145953,-0.125750,0.047758,-0.143071,-0.308239,0.228009,0.170045,0.101233,0.232345,-0.139717,0.185572,0.211206,0.130977,0.254183,0.043596,-0.125643,-0.084769,0.000805,0.168162,-0.091398,0.071933,0.040067,0.051435,-0.138495,0.075056,-0.049677,-0.160901,0.295631,-0.049428,0.080060,0.026535,0.392432,-0.044626,-0.049453,0.208907,-0.127212,0.097594,0.101680,0.178837,0.027199,0.073430,-0.102874,0.361505,-0.012324,-0.073635,0.261556,0.048018,-0.155117,0.009751,0.096186,-0.109547,0.105888,-0.156077,0.025948,0.190064,-0.109130,-0.087975,0.074710,0.180138,0.015966,0.072527,0.210258,0.299855,-0.046849,-0.070309,-0.082455,0.015401,0.064656,0.068979,-0.167553,-0.108223,-0.140726,-0.098117,0.204056,0.144992,0.191527,0.104410,0.033501,0.120771,-0.102186,0.108558,0.026336,-0.070329,-0.123168,0.303310,-0.126447,-0.148159,0.090371,-0.034187,-0.038416,-0.038741,0.317914,-0.177985,-0.265976,-0.137873,0.154289,0.067507,0.156121,0.131499,0.039430,-0.093260,0.079471,-0.268682,0.172851,-0.128889,0.085611,-0.091381,0.169500,-0.200869,0.353077,0.267133,0.186221,0.065758,0.238210,-0.033542,-0.103307,0.236065,0.070845,0.034195,-0.029699,-0.023166,0.182871,-0.175446,0.047185,0.242452,-0.222014,0.051342,0.014036,0.037751,0.207180,0.007609,0.049521,0.026162,-0.169567,-0.342392,0.066745,0.166515,0.182429,0.000499,0.152197,-0.087140,0.003180,-0.057643,-0.158942,0.034238,-0.043624,0.385162,#
11,-0.090752,0.184291,0.262686,-0.015518,-0.021612,-0.004413,0.303303,0.315821,0.116420,-0.136656,0.061171,1.000000,-0.024234,0.099048,-0.173124,-0.044387,0.019507,0.100987,-0.140986,-0.482713,0.016375,0.283572,-0.080470,-0.011074,0.153294,0.267510,-0.131656,0.305833,-0.015632,0.117187,0.138422,0.132859,0.006486,0.080882,-0.024200,0.080485,0.122524,-0.029387,0.072689,0.293116,-0.116695,-0.048645,0.259084,0.110675,0.061443,0.051370,0.014424,-0.110446,0.072603,-0.142007,-0.115247,0.257447,-0.123717,0.293147,0.015622,-0.047255,-0.387324,0.173563,0.149220,-0.004107,0.096974,-0.086929,0.079226,-0.150515,0.033194,0.306514,0.119174,0.176232,0.203616,0.129423,-0.030624,0.162065,0.159073,-0.065242,-0.092173,-0.119704,-0.008644,-0.137086,-0.045013,-0.131843,-0.046356,0.040457,0.141587,-0.052977,0.099520,-0.009055,-0.045367,0.223530,-0.037211,-0.044231,-0.142450,0.123460,0.083766,0.303587,0.073916,0.006039,-0.124993,-0.038800,0.160326,0.313454,0.049831,0.130101,-0.210687,0.048410,-0.193333,0.251896,0.010913,0.133013,0.133121,0.087738,0.100791,0.038501,-0.120242,-0.027423,-0.078300,0.268101,0.038340,-0.051661,-0.219188,0.250309,-0.092814,-0.068035,-0.075910,0.022222,-0.135719,-0.124292,-0.060911,-0.063048,0.146170,-0.094944,0.018720,0.220277,0.178146,0.165515,-0.026760,-0.019452,-0.197627,0.308158,0.019222,0.239885,-0.040414,-0.075518,-0.063344,0.031023,0.258185,0.067682,0.162787,-0.096369,0.035323,-0.017723,0.229143,0.134795,0.028060,-0.123016,0.070555,0.179649,-0.023568,-0.059718,0.170088,-0.063109,0.148504,0.308158,0.059232,0.082308,0.001395,0.052699,0.116912,0.059259,-0.127346,0.172373,-0.049254,0.052732,0.029448,-0.177509,0.228294,-0.126262,-0.040027,-0.062482,-0.167391,0.197057,0.330191,-0.044840,0.131806,-0.150821,-0.100861,0.097806,-0.205315,-0.020219,0.042792,0.330079,-0.083301,-0.169454,0.167804,0.364620,0.251060,-0.121520,0.069071,0.040381,-0.076543,0.066684,#
12,0.038033,0.055241,-0.029046,0.097942,-0.070651,0.042895,0.199052,-0.128165,0.127259,0.070266,-0.010769,-0.024234,1.000000,0.017299,0.244386,0.168071,0.236135,0.296508,0.344365,0.051090,0.058292,0.266861,0.054044,0.116646,-0.129990,0.044360,0.159704,0.324582,-0.056610,0.072638,-0.143723,0.186178,0.032057,0.030803,0.175392,0.207417,-0.022028,0.137853,0.023978,0.202066,0.054120,0.007158,0.238522,0.211292,0.233766,-0.010033,0.195429,-0.080920,0.191737,-0.043453,0.078981,-0.054220,0.009148,0.140813,0.229376,0.174836,-0.135458,0.075404,-0.198744,-0.124585,0.200061,0.144208,-0.151694,0.339100,0.327382,0.175664,0.017937,0.155716,0.138430,0.087496,0.001183,0.126272,0.349452,0.093914,0.221632,0.267503,0.074877,-0.238738,-0.063878,-0.108300,0.181908,-0.024265,-0.158737,0.045426,-0.035214,0.101752,0.137981,0.208135,0.096016,0.030212,-0.034418,-0.258615,0.047527,0.127846,0.099039,0.140088,0.364974,0.098772,-0.044258,-0.029383,0.066284,-0.002766,0.210543,0.154526,0.128910,-0.140720,0.063483,0.005896,-0.140969,0.007759,0.142940,0.030202,0.062265,-0.149811,0.110636,-0.039324,0.408773,-0.192498,0.071427,-0.101912,0.199525,0.219895,0.155836,0.154817,0.055278,-0.256149,0.087475,-0.066797,-0.145089,-0.071273,0.092663,-0.011514,-0.082350,0.161123,0.249042,-0.144257,0.252925,-0.059895,0.297847,0.012471,0.143226,0.215851,0.068809,-0.010633,-0.055255,0.108743,0.094190,0.239596,-0.027512,0.199197,0.089994,0.091870,0.207897,-0.129731,-0.031979,0.494420,-0.102898,0.008087,0.004580,0.060881,0.040559,0.286385,0.168254,0.267972,0.301323,0.031871,0.316169,0.068347,0.106328,-0.012476,0.129575,0.184163,0.019627,0.110688,0.116332,0.084682,0.169042,0.039117,0.082805,0.151258,0.198287,0.108511,0.143931,-0.098193,0.092609,-0.090231,0.281336,0.229560,0.020503,-0.171856,0.098747,0.026582,0.171939,0.140238,0.108380,0.118451,0.072057,0.081473,0.127340,0.000413,#
13,-0.267518,0.085821,-0.013920,-0.211756,-0.089712,-0.210283,0.128263,0.048778,-0.134008,-0.289163,-0.191247,0.099048,0.017299,1.000000,0.173517,-0.154233,0.197866,-0.012949,-0.007111,0.069483,0.183734,0.034367,-0.146151,-0.151426,-0.264823,0.202312,0.006567,0.049935,-0.199038,0.009047,0.014008,-0.077900,-0.091572,-0.032304,-0.081866,-0.266117,-0.035415,0.103089,-0.343577,0.105602,-0.367205,0.045083,0.008777,0.086173,0.169956,-0.051745,0.170643,-0.133984,0.089769,-0.147945,0.090410,-0.163798,-0.142949,0.342232,-0.131384,0.044768,-0.118459,0.058314,-0.092093,0.056393,0.057765,0.153839,0.042354,-0.013961,-0.046370,-0.088688,0.193094,0.090745,-0.027165,0.115827,0.050050,0.082217,-0.110639,-0.130410,0.189919,0.152169,0.134384,0.114788,0.144306,0.114561,0.082617,0.134894,0.002930,0.108740,-0.052781,0.106469,-0.037926,-0.046039,0.052640,-0.120280,-0.120876,-0.184499,-0.068070,0.208500,-0.004281,-0.265162,-0.054281,0.057386,-0.119578,0.259978,-0.138446,0.142261,0.160014,0.148127,-0.157493,0.011396,0.064957,0.081440,0.278822,0.261113,-0.086334,0.065375,0.327917,-0.062625,0.281859,0.085587,0.132884,-0.049469,-0.095718,0.107387,0.127384,0.081619,0.028107,-0.043242,0.138480,-0.242116,-0.176579,-0.288615,0.029553,-0.183286,-0.224752,0.130150,0.039155,-0.069172,0.037400,-0.191143,0.099510,0.076174,-0.029312,0.221988,-0.308018,0.011871,0.236951,0.062834,0.052240,0.103006,-0.087809,0.007554,-0.037021,-0.259824,0.107204,-0.005887,-0.031156,0.174395,0.011349,0.037032,-0.091139,-0.028844,-0.090371,0.133733,-0.121888,0.086807,-0.025548,0.082712,0.030322,0.044835,-0.028976,-0.135351,-0.184523,-0.112883,-0.074325,0.019623,-0.026820,0.114995,0.096963,-0.169853,0.053338,-0.059410,0.028843,-0.165625,-0.113422,0.169549,-0.001559,-0.069412,0.345677,0.176555,0.163860,-0.133939,-0.379320,0.050494,0.043943,0.034025,-0.118090,0.172233,-0.038353,0.074870,0.030951,-0.165455,0.086954,-0.077222,#
14,0.225810,-0.051812,-0.228938,0.246281,0.090661,-0.043105,0.010861,0.125061,0.256722,0.059713,0.106545,-0.173124,0.244386,0.173517,1.000000,0.153488,0.148390,0.248051,0.199665,0.493953,0.191978,-0.204091,0.224550,0.199533,-0.128384,-0.035685,0.198588,0.047873,-0.033811,0.027749,-0.075710,0.240416,0.016656,-0.035760,0.035123,0.005622,-0.115653,0.046714,0.004124,0.205725,0.013324,-0.110632,0.203631,-0.097455,0.240174,0.184982,0.149919,-0.178556,-0.014461,0.221603,0.168296,-0.089586,0.201991,0.270369,0.294572,0.215857,0.093192,0.096416,0.096540,0.079922,0.215115,0.261713,0.120445,0.172922,0.091711,-0.210405,0.236768,0.136989,-0.108141,0.275307,-0.021563,-0.076727,-0.005942,0.038541,0.318888,0.114096,0.148581,0.034897,0.022402,-0.015310,0.124667,0.078870,0.016777,0.071277,0.072558,0.143228,-0.106979,-0.054936,0.012349,-0.090505,-0.087720,-0.027228,0.208958,-0.077314,0.068515,0.198894,0.193866,0.121797,-0.259174,-0.012557,0.222293,0.111716,0.161532,0.422105,0.333772,-0.181525,0.207850,0.059825,-0.093258,0.058998,-0.022202,-0.267774,0.119213,0.059432,0.144207,-0.025666,0.204148,-0.163096,0.025682,0.021674,0.300024,0.171744,-0.331415,-0.076816,0.099738,-0.065325,0.075213,-0.007457,-0.213954,0.216185,-0.073464,-0.159684,0.056404,0.075383,0.008726,-0.003975,-0.095800,0.037411,-0.029335,-0.157481,0.050434,0.211417,0.209673,0.027438,-0.220080,0.177599,0.088234,-0.009639,-0.249238,-0.034229,0.148594,0.273293,-0.017678,0.086829,0.198190,0.119450,0.140021,0.050449,-0.124739,0.167537,0.104038,-0.044276,0.162405,0.014861,0.107920,-0.037552,-0.022198,-0.079852,-0.000527,0.051574,0.104196,-0.104842,0.117717,-0.048725,-0.012663,-0.195170,0.085349,0.079922,0.143401,0.005562,-0.035666,0.094054,0.075364,0.114856,0.141705,-0.010832,0.013538,-0.079350,-0.097878,0.018332,0.039902,0.041001,-0.003825,-0.116730,0.093621,0.078491,-0.099434,-0.075375,0.114426,0.065606,#
15,0.260051,-0.053229,0.158525,0.089491,0.024624,-0.060709,0.166651,-0.047551,0.299921,0.235303,0.178499,-0.044387,0.168071,-0.154233,0.153488,1.000000,0.210961,0.044865,0.157466,0.057118,-0.168797,0.013361,0.254516,0.240088,0.029620,0.087353,0.112445,-0.016843,-0.000157,0.146267,-0.046816,0.264161,0.026928,0.160919,0.065210,0.168161,-0.015259,-0.062800,0.162798,-0.040180,-0.016441,0.069578,0.088446,0.177354,0.137129,0.034955,-0.237742,0.081409,0.032112,0.335145,-0.169412,0.176677,0.166428,0.174560,0.110025,0.156035,-0.043568,0.100310,0.270506,0.282709,0.079878,-0.015901,0.214720,-0.016395,0.014508,0.328628,0.030754,0.079940,-0.059238,-0.070402,0.093764,0.118703,-0.092796,-0.119163,0.199877,-0.042695,0.159031,-0.052336,-0.000175,-0.158735,0.196959,-0.073970,-0.389078,0.240488,0.227009,0.114908,-0.096884,0.414002,0.016542,0.184582,0.075621,0.102747,-0.074991,-0.085179,0.199966,0.156051,0.331693,-0.127924,-0.000194,0.060514,0.289862,0.179917,-0.123303,0.157540,0.058936,-0.033035,0.108921,0.030467,-0.077031,0.043711,-0.015011,0.074561,-0.121512,-0.101633,-0.000292,0.113564,-0.194028,-0.134458,0.000000,-0.225218,0.240498,0.040743,0.066812,0.112708,0.016334,0.167710,0.028492,0.433596,-0.170696,0.279917,-0.037489,-0.000413,0.031956,0.181710,0.091009,0.075962,-0.138114,-0.130729,0.185301,-0.188094,-0.000457,0.180239,0.127238,-0.055685,0.057112,-0.090056,-0.023992,0.027922,0.215549,0.040133,-0.027758,-0.029788,0.175434,0.107362,-0.055655,0.114837,0.205605,0.073931,0.000194,0.039307,0.037799,-0.063067,0.185445,0.089598,0.075310,0.281180,0.141591,0.061360,0.293279,-0.014166,-0.053252,0.143785,-0.201581,-0.091010,0.238640,-0.000210,0.286909,0.096778,-0.141107,0.150051,0.285403,0.000284,0.048740,0.179905,-0.040837,0.160152,0.044753,0.183251,-0.157207,-0.073006,-0.156656,-0.074604,0.106380,-0.120535,-0.143368,0.013941,0.046401,0.094307,0.045631,-0.269913,#
16,0.276630,-0.009788,-0.134981,0.057137,-0.140587,-0.083128,-0.069162,-0.005344,-0.174866,-0.183467,0.066922,0.019507,0.236135,0.197866,0.148390,0.210961,1.000000,0.061212,0.196435,0.273129,-0.094473,-0.076722,0.021916,0.048600,-0.113293,0.042241,0.103853,-0.016970,-0.241519,0.425421,-0.185691,0.090901,-0.027373,0.228713,0.232413,0.168691,-0.093096,0.128420,-0.004459,-0.029112,-0.064374,-0.000210,0.012722,0.156199,0.130772,0.069065,-0.065515,0.151002,-0.123439,0.175655,0.047180,-0.035857,0.300056,0.248608,-0.094098,0.113139,-0.067094,0.053716,-0.050239,0.040871,-0.017693,0.227374,0.143547,0.218730,0.159829,0.015301,-0.044699,0.221769,-0.098564,0.271327,-0.227141,0.297261,0.146887,-0.053719,-0.029483,0.075107,-0.097018,0.178063,-0.085945,0.110159,0.002278,0.036650,-0.068080,0.331605,0.139920,0.126196,0.084366,0.259571,0.264443,0.079665,0.027756,-0.019333,0.140150,-0.009155,-0.005503,0.079753,0.187967,-0.182473,-0.111602,0.184762,-0.065213,-0.008456,0.047051,0.026842,-0.003145,-0.069966,0.275369,0.247879,0.009211,0.050102,-0.131004,0.027452,0.137111,0.019673,0.103980,-0.110333,0.094383,0.008440,0.135017,0.059521,0.289965,0.225380,0.295699,0.202627,0.205306,-0.265980,0.003266,-0.064675,-0.058148,0.200775,-0.073636,0.002587,0.074554,-0.371236,0.159739,0.119476,-0.035294,0.218921,-0.082857,0.043423,-0.040976,0.009729,0.106095,0.024132,0.057166,-0.041446,-0.032503,0.018709,0.096325,0.204571,-0.204505,0.180886,-0.109964,-0.003285,-0.033356,0.244276,0.085644,0.095986,0.012442,0.143874,0.005325,0.170196,-0.044967,0.065107,0.138239,0.049890,0.050147,0.106047,0.000694,-0.017273,0.026594,0.048739,-0.245369,-0.087590,0.120930,0.137356,0.076291,0.028800,0.004377,-0.050814,-0.019619,0.038408,0.098308,-0.238607,0.079411,0.115060,0.226198,0.138445,-0.022943,-0.088874,0.178408,0.027155,-0.300044,-0.028813,0.002009,0.184449,0.125053,-0.086629,-0.194109,-0.164341,#
17,0.236946,0.036656,0.029164,0.215150,0.151525,-0.004487,0.106935,0.140515,0.065233,-0.040701,0.010615,0.100987,0.296508,-0.012949,0.248051,0.044865,0.061212,1.000000,0.136456,0.004369,0.058943,0.094463,-0.057044,0.258456,-0.210697,-0.076939,0.058809,-0.120749,-0.084139,0.034498,0.117000,-0.023917,0.259788,-0.060383,0.052096,0.103552,-0.236812,0.267525,0.191337,0.192329,0.093524,0.002459,0.112756,0.154315,0.013520,0.082598,0.172787,-0.003563,-0.010651,-0.054703,0.190040,-0.022046,-0.030775,0.084104,0.157952,0.116949,0.075309,-0.090368,0.073092,-0.165369,0.138043,0.124177,-0.267300,0.124853,0.132447,0.324464,0.198328,0.285576,0.045870,0.180741,-0.032692,0.441196,0.075245,-0.018226,0.156867,0.121178,0.091932,-0.212490,-0.013215,-0.008134,-0.121225,-0.074223,0.041554,0.003972,0.034528,-0.034889,0.241673,0.123134,0.034317,0.104301,0.031401,-0.263297,0.141870,-0.040769,0.038646,0.208435,-0.027959,0.097007,-0.014677,0.141651,0.101308,-0.073041,-0.056062,0.147825,0.111330,0.043255,-0.003354,-0.035236,0.214123,-0.137559,0.130332,-0.075988,0.116467,0.054638,0.087231,-0.034296,0.124999,-0.162342,0.069569,-0.098163,0.034856,0.156118,-0.057647,0.051049,0.374937,0.028189,-0.056962,-0.002291,0.003486,0.128666,0.189960,0.112623,0.120171,0.046485,-0.119174,0.114206,0.157105,0.067473,0.028171,0.191999,0.216624,0.102964,0.103173,0.087957,0.080387,0.276010,-0.112886,0.097039,-0.151657,0.026686,0.157917,-0.001646,-0.090596,0.102601,0.305161,0.123019,-0.016024,0.199947,0.121442,-0.034345,0.034830,0.099700,0.081698,0.228911,-0.036755,0.041516,0.028309,0.060820,0.046704,-0.167997,0.045128,-0.005135,0.106243,-0.111188,0.111929,0.026090,0.197016,-0.091856,-0.237924,0.251597,0.218834,0.101252,0.019724,0.138140,-0.063544,0.109044,0.177803,-0.144706,0.205794,-0.062942,-0.059439,0.277796,0.114178,0.120167,0.112110,0.147665,-0.030100,0.031667,-0.208528,0.109692,#
18,0.257341,-0.106856,-0.070474,0.194228,-0.044077,-0.089619,0.038886,-0.196452,-0.085531,0.016206,0.155436,-0.140986,0.344365,-0.007111,0.199665,0.157466,0.196435,0.136456,1.000000,0.186598,0.121789,0.052742,0.147311,0.307259,-0.036814,0.063399,-0.036903,0.061703,0.058751,-0.147545,-0.089171,-0.080380,0.216701,0.196034,0.266387,0.193649,0.017457,0.099344,0.101961,0.351475,0.111813,-0.061103,0.193470,0.006428,0.114680,-0.111484,-0.124572,-0.050267,-0.132255,0.226727,0.036817,0.128206,-0.047732,-0.100638,0.156916,0.095428,-0.044903,-0.067505,0.002347,-0.002201,0.014211,0.160034,0.185924,0.179270,0.387705,0.068157,0.210050,0.013273,-0.235891,0.031597,-0.125690,0.047354,-0.150335,-0.323444,0.142602,0.246565,0.164324,0.029318,-0.007852,-0.091494,0.041735,-0.057036,0.083538,0.106726,-0.094097,-0.093706,0.164388,0.079935,0.033021,0.139303,0.113425,-0.118435,-0.060096,-0.078277,0.011813,0.367901,0.273503,-0.108906,0.151011,0.145399,-0.037516,0.060593,0.041002,-0.056277,0.337528,-0.090689,0.112696,-0.046925,-0.037974,-0.173162,0.164069,0.077016,0.014139,-0.206940,0.082374,0.024019,-0.010425,-0.403338,0.024271,0.028578,0.107378,-0.028079,0.059029,-0.095737,-0.047852,-0.132032,-0.057626,0.167568,0.007649,0.046038,-0.051674,0.167854,-0.210579,0.096159,0.057745,-0.032904,0.140040,0.144478,-0.124954,0.079433,-0.053491,0.042617,0.182384,0.069740,0.133467,0.218712,-0.110151,0.011743,-0.138939,0.059900,-0.019466,-0.022653,-0.023806,0.086597,0.017387,0.010392,0.193656,-0.099879,-0.084012,0.055837,0.185118,0.178588,0.238386,0.114728,-0.024369,0.345308,0.103327,0.180885,0.199701,0.275521,-0.238457,-0.037196,-0.084857,0.224547,0.029338,0.247509,0.325939,0.016073,0.020884,-0.181837,-0.001926,-0.017015,0.136260,-0.021502,0.081772,-0.100404,0.366713,0.116387,-0.044463,-0.196201,-0.053674,-0.121972,0.084321,0.086995,0.077191,0.139798,0.019069,-0.058820,0.118158,-0.104494,#
19,0.114348,-0.126534,-0.147046,0.038554,0.257187,0.144557,-0.164822,-0.140796,-0.133830,0.026358,0.166198,-0.482713,0.051090,0.069483,0.493953,0.057118,0.273129,0.004369,0.186598,1.000000,0.097903,-0.267243,0.098734,-0.108966,-0.125893,0.033319,0.001442,-0.032826,-0.070364,0.125588,0.153121,0.013289,0.036617,0.005636,0.082538,0.102869,-0.032730,0.040675,0.019632,0.028547,0.059032,0.007443,-0.054014,-0.074053,-0.082734,0.021843,0.153614,0.059498,-0.143648,0.285844,0.116027,-0.146484,0.124668,-0.009580,0.063903,0.332979,0.140725,-0.155515,-0.006447,0.190394,0.080714,0.287825,0.099829,0.288848,0.246202,-0.277704,0.159594,0.117923,-0.413305,0.068694,0.168817,0.002323,-0.011416,0.139655,0.184008,0.215416,0.054147,0.151752,0.236430,0.031236,0.185023,0.122651,0.147597,0.126671,0.039999,0.239363,-0.132514,0.138404,0.046447,-0.139755,0.012706,-0.131982,0.160737,-0.133467,-0.131862,0.248414,0.213563,0.074636,-0.301433,-0.105417,0.005519,0.074332,0.234574,0.129346,0.234295,0.088486,0.086475,0.194803,-0.050595,-0.081501,-0.164335,-0.038727,0.177330,0.087255,0.081180,-0.142266,0.190759,0.140856,0.118639,-0.311552,0.223063,0.223078,-0.111757,0.162912,0.240060,-0.226227,0.167165,-0.035661,-0.004524,0.248707,0.062560,-0.099066,-0.032372,-0.100889,0.163593,0.044765,-0.117695,0.177947,-0.036303,-0.173196,-0.041511,0.228191,0.151500,0.138176,-0.090810,0.127365,-0.050914,0.102677,-0.081191,-0.075551,0.038207,0.313306,0.022618,0.096657,0.280543,-0.169733,0.105370,-0.168316,-0.030572,0.131059,0.268800,-0.295022,0.107053,0.035723,0.124904,-0.122081,0.022041,0.122770,0.087145,-0.036821,0.073518,0.022373,0.288164,0.135135,-0.111633,-0.052588,0.121577,0.070428,0.237484,-0.144609,-0.162530,-0.078193,0.230865,0.194462,0.069812,0.087906,0.025197,-0.105722,-0.041569,0.013048,0.195831,0.221974,-0.206252,-0.286223,-0.006879,0.185043,-0.149035,0.042958,0.255191,0.107242,#
20,0.063672,0.080127,0.074358,0.071800,0.361004,-0.105642,0.073155,-0.207602,-0.196659,0.104708,0.029754,0.016375,0.058292,0.183734,0.191978,-0.168797,-0.094473,0.058943,0.121789,0.097903,1.000000,0.193599,0.022773,0.062128,-0.003642,0.233649,0.081838,-0.155579,0.055165,-0.169872,-0.105375,-0.212384,0.077462,0.063344,0.092595,0.064860,0.130534,0.336538,0.244968,0.291363,0.048545,0.058286,0.059942,-0.256017,0.102796,0.105884,0.302499,-0.067634,-0.125997,0.078642,-0.223048,-0.024668,-0.155444,0.231292,0.371528,0.183317,0.124727,0.161075,-0.085317,-0.139013,0.074945,0.302196,0.000572,-0.035114,-0.225451,-0.152253,-0.069932,0.222291,-0.014012,0.219731,0.383644,0.203275,0.124019,0.062487,0.026569,-0.115694,0.012121,-0.023802,0.071549,-0.087852,0.049165,0.123955,0.169515,-0.082282,0.278450,0.033285,0.026161,-0.020662,0.316233,-0.078300,0.119600,-0.040152,0.028772,0.213417,0.285808,-0.004610,-0.060746,0.076308,-0.023675,-0.020910,0.261449,0.079662,0.245967,-0.104303,0.143682,0.070497,0.121704,0.084639,0.118607,0.166382,0.186093,0.353015,0.172632,-0.175146,-0.053343,0.195904,0.314636,0.161873,0.062850,0.174682,-0.087903,0.128645,-0.059963,0.027711,0.083425,-0.059296,0.009186,-0.049628,0.353774,0.083030,0.237730,-0.021840,-0.164856,0.214204,-0.004459,-0.316878,0.107628,-0.118593,-0.058866,0.030392,0.211364,0.134762,0.269384,0.190322,0.028420,0.097503,0.017236,-0.001806,-0.219432,0.132773,0.210400,0.193758,-0.066307,0.238824,0.144342,0.008343,-0.169646,-0.125022,-0.216254,0.167308,0.137517,0.109244,0.090777,0.108497,0.055817,-0.104508,-0.136524,0.096361,0.048668,0.016607,0.070605,-0.276639,0.150800,0.018115,-0.008303,0.115768,-0.019543,0.076390,0.176037,-0.067600,-0.097017,0.060462,-0.071571,-0.083831,0.193218,-0.134811,0.168167,0.099445,0.044396,0.308839,-0.098356,0.015959,-0.196366,0.210254,0.055062,0.169939,0.073211,0.070722,0.274446,0.237548,#
