0,1.000000,0.075449,-0.026161,0.111494,0.146877,-0.041161,-0.067987,-0.153493,0.026211,0.012408,0.013981,-0.027907,-0.010888,-0.195178,0.196259,0.316326,0.346878,0.258490,0.232541,0.259593,-0.243811,-0.133705,0.219203,0.382541,-0.120909,-0.042532,0.076768,-0.163487,-0.141210,-0.024858,-0.044525,0.198034,-0.056033,-0.013227,0.274438,-0.016493,0.061365,-0.044145,-0.014358,0.037169,-0.043757,0.000005,0.344838,-0.024499,-0.135530,-0.102686,-0.173301,0.226123,0.043501,0.218064,-0.032011,0.154808,-0.029930,0.071538,0.182045,-0.102464,0.129878,0.078492,0.000251,0.110047,0.051635,0.193497,0.095191,0.137116,-0.033715,-0.000004,0.087354,0.129277,-0.013389,0.159739,-0.175704,-0.086616,0.120020,0.155448,0.039616,-0.275209,0.247620,0.190579,0.100848,-0.093291,-0.141674,-0.204062,-0.014222,0.124293,0.275570,0.111548,0.230376,0.014653,0.113888,0.194258,0.012936,-0.050752,0.150712,-0.168425,-0.091898,0.295059,0.028159,-0.190749,0.014372,0.094375,0.125322,0.027910,-0.104978,0.186480,0.000362,0.133030,0.181661,0.112222,0.260311,0.027846,-0.046469,0.023100,-0.015589,0.095301,0.056709,0.172010,-0.063387,-0.151848,-0.102828,-0.061128,0.094010,-0.155846,0.190051,-0.014855,0.349385,0.142218,0.014244,-0.150540,-0.114116,0.183611,0.024640,-0.195672,-0.165818,-0.177899,0.000426,0.171532,0.049556,0.024924,-0.298312,0.049418,0.243263,0.062330,-0.065971,0.104983,-0.062229,-0.179480,-0.011232,-0.082068,0.024984,-0.071092,-0.351812,0.096116,-0.000376,-0.073167,0.144200,0.082062,0.332892,0.154902,0.032350,-0.012016,0.218671,0.128433,0.015536,-0.137063,-0.205049,0.257949,-0.026550,0.132512,0.236088,0.065404,-0.348155,-0.063042,0.174545,-0.045854,-0.201959,0.159173,0.345923,-0.110426,0.000142,-0.043952,-0.025633,0.150897,0.037435,0.041291,-0.124094,0.069747,-0.063854,0.305621,0.254239,-0.169627,0.079404,0.280020,-0.029908,-0.068656,0.191646,0.186622,-0.015361,-0.095702,-0.014376,0.092000,#
1,0.075449,1.000000,0.200740,-0.189835,-0.027765,0.033438,0.261351,0.216779,0.197144,0.169610,0.272600,0.190740,0.034220,-0.144719,-0.125741,0.141422,0.000499,-0.002050,-0.064777,0.070344,-0.298158,0.052873,0.032399,-0.132691,0.044877,-0.042355,-0.217930,0.160157,-0.314326,0.052832,0.142515,-0.028166,-0.103473,0.082155,0.165753,0.114173,-0.049737,-0.166430,0.130175,0.107779,0.126750,0.016741,0.259894,-0.014988,-0.068596,-0.023349,0.168883,-0.051650,0.262384,0.014722,0.036326,0.070681,0.148120,0.082113,0.186644,0.089184,-0.161570,-0.148548,-0.016291,0.143755,-0.052058,0.001411,0.191709,0.057805,0.030263,0.353455,0.282359,0.253522,0.039669,0.048429,0.209967,0.186190,0.224496,0.208599,0.089994,-0.027554,-0.017030,0.092914,0.241838,0.040522,-0.010493,0.114992,-0.143389,0.127608,0.180119,0.037007,0.111862,0.385066,-0.011471,-0.080467,0.003238,0.160084,-0.203792,-0.027026,-0.111538,0.072856,0.062378,0.017517,-0.017540,0.073519,0.184298,0.048413,0.052141,-0.084478,-0.137366,0.094111,-0.030605,-0.011423,0.226694,-0.031900,-0.107195,0.125646,0.001304,-0.024793,0.059016,0.327704,0.114988,-0.114502,0.113521,-0.046775,-0.111392,0.053123,0.209274,0.178961,0.104941,-0.005650,0.010687,0.127522,0.285483,0.047811,-0.115487,0.077855,0.036111,0.108596,0.215636,-0.110664,0.234470,0.157336,-0.024420,0.267422,0.074328,0.033793,-0.183515,0.168395,0.217054,-0.267736,0.002381,-0.028854,0.201196,-0.146023,0.314963,0.011022,-0.018469,-0.198466,0.064554,0.269233,-0.091105,0.196464,-0.080747,-0.047839,-0.069696,0.058775,0.197777,0.231315,0.142992,0.001806,0.194120,-0.147209,0.032692,0.195137,0.041630,0.113506,0.088252,0.024220,0.149492,0.178179,0.158663,-0.157514,0.132692,0.080097,0.107678,-0.032666,0.240261,0.085005,0.261324,0.131463,-0.009320,-0.314141,0.302168,0.292466,0.102222,0.357256,-0.056903,-0.038193,-0.045638,-0.003493,-0.191864,0.369169,-0.089051,0.348483,#
2,-0.026161,0.200740,1.000000,-0.065743,0.255088,0.034511,0.113684,0.112784,0.024404,0.110453,0.335509,0.287797,-0.009877,0.037129,-0.104163,0.110998,-0.146838,-0.055773,-0.083383,0.010659,0.052805,0.116552,0.068282,-0.140048,-0.084992,0.169112,0.197011,0.001426,-0.212205,0.006155,0.068189,0.052019,0.015191,0.037236,0.098487,-0.045920,0.201935,0.068146,0.154314,-0.174288,0.093305,-0.064705,0.124023,-0.107743,0.009710,0.124677,0.160909,-0.071399,-0.109033,-0.014918,-0.137081,0.081781,0.124878,-0.027086,0.158938,-0.104610,0.127532,-0.108481,0.174516,0.150587,0.345379,-0.033362,-0.142664,0.048724,0.192916,0.061092,0.102880,0.032507,0.013980,-0.156189,0.257295,0.205293,-0.104639,0.163556,0.158827,-0.113619,-0.049434,-0.107841,0.021241,0.035242,0.020313,-0.158930,-0.054155,-0.181885,0.254484,0.151604,0.115747,0.062120,0.147029,0.036930,0.009723,0.242630,-0.005367,0.088864,-0.045226,0.097602,-0.015390,-0.049129,-0.161146,-0.060917,0.147502,0.162936,-0.181625,0.227408,-0.022761,0.264532,0.251655,0.400409,0.110436,0.183367,0.183635,0.067189,0.224160,0.065547,-0.111101,0.197247,0.066626,-0.034240,-0.203228,0.039785,0.060216,-0.259074,-0.157087,0.086670,0.026681,-0.057945,0.052456,-0.013751,0.114467,0.118787,-0.121911,0.207263,-0.004077,0.091450,0.079965,-0.138633,0.081603,0.042755,-0.029837,-0.028515,0.300826,0.079518,-0.041997,0.071509,0.375809,-0.276024,-0.157848,-0.046175,-0.106378,-0.038880,0.049161,0.067715,0.270094,0.094182,0.017877,-0.004975,0.042679,-0.245030,0.154728,-0.048047,-0.224548,0.039505,0.333115,0.089098,0.095560,0.160714,-0.026139,-0.119783,-0.106167,-0.032349,-0.038071,0.249996,0.137024,-0.032312,-0.010672,-0.047351,-0.054388,0.054936,-0.272813,-0.146132,0.089047,0.134220,0.063196,0.066419,0.049831,0.162017,-0.017257,-0.100652,0.140698,0.101537,0.099104,0.092979,0.081159,0.032461,0.082363,-0.058353,-0.288030,0.138520,0.100076,0.299384,#
3,0.111494,-0.189835,-0.065743,1.000000,-0.049822,-0.149143,0.061828,0.022916,0.215765,0.107851,-0.027593,-0.014061,-0.034181,-0.125440,0.183815,0.004711,-0.012329,0.191647,0.311525,-0.055943,-0.021981,0.050200,0.240939,0.173262,-0.103513,0.063406,0.126135,-0.085493,0.014297,0.162588,0.151338,-0.119052,0.244535,0.290098,-0.095126,0.083417,-0.155330,0.241946,0.186574,0.085950,-0.199417,0.271836,0.090970,0.028645,-0.050425,-0.107558,-0.336443,0.049921,-0.210716,0.029810,0.052769,-0.076167,0.095069,-0.170296,0.090994,-0.036979,0.225653,-0.036667,0.051550,0.047206,0.101110,-0.074069,-0.044350,-0.029396,0.314528,-0.235419,0.016276,-0.322250,-0.376061,0.239115,0.024938,0.131559,-0.006112,0.016037,-0.016725,-0.207783,-0.027701,-0.081828,-0.102992,-0.013154,0.015681,-0.100969,0.235863,-0.147503,-0.012431,-0.044532,-0.018356,-0.106632,0.052258,0.237634,0.330123,0.062058,-0.191821,-0.077194,0.027824,-0.041237,-0.027339,-0.171475,-0.216408,-0.251217,0.153533,-0.133123,-0.068712,-0.205313,0.206167,-0.200824,0.359796,0.262301,-0.100183,-0.155432,0.072573,-0.260188,0.066715,0.056317,-0.061757,-0.122527,-0.151910,0.144683,-0.107128,-0.117849,0.065594,-0.119784,-0.051962,-0.054791,0.028969,0.090244,0.110420,0.252998,-0.044637,-0.051324,0.157369,0.136566,-0.055879,0.012987,-0.132657,0.234013,-0.206183,0.040277,-0.126549,0.130738,-0.030652,0.215434,0.015040,-0.138855,-0.050762,0.077828,0.199450,0.269765,-0.273793,0.044373,-0.023241,-0.375136,0.012033,0.047364,-0.040839,-0.021359,-0.037624,0.009833,0.386726,-0.000586,-0.130989,-0.033086,-0.100258,-0.034805,0.030934,0.080748,0.138211,0.138048,0.048686,-0.018633,-0.103035,-0.277273,0.016957,0.083270,-0.015272,0.119145,0.101716,-0.080677,-0.232673,0.107009,-0.062070,0.094342,0.047068,-0.174213,-0.044165,-0.295411,0.096571,0.007064,-0.055134,-0.098103,0.104251,0.057767,0.024425,0.189223,0.089006,-0.070441,0.006893,0.030495,-0.136202,-0.161083,#
4,0.146877,-0.027765,0.255088,-0.049822,1.000000,0.122296,0.125448,0.087087,0.080940,0.156883,-0.020218,0.121824,0.038034,-0.027814,0.104638,0.131356,0.045280,0.050111,0.062116,0.307017,0.232870,0.043298,0.151503,0.101806,-0.137321,0.074038,0.007567,-0.155814,0.213366,0.018471,0.052525,0.125952,0.048411,0.275776,-0.027869,0.015977,0.239528,0.096093,0.299493,0.127563,-0.091610,0.071823,0.103072,0.036498,0.163007,0.315126,0.269177,0.135383,-0.109317,0.009383,0.014459,0.061721,0.104561,0.083320,0.221099,0.164896,0.043588,-0.023988,0.087768,0.213310,0.290478,0.254655,0.000326,-0.007110,0.011750,0.030486,-0.180222,0.088034,-0.102298,0.114035,0.249644,0.301741,0.142540,0.101015,0.176649,-0.103832,0.100005,0.105759,0.047990,0.074817,0.034130,0.082610,0.045601,0.082457,0.329005,0.081291,0.125310,0.087765,-0.003981,0.151069,0.261022,-0.070705,0.094371,-0.105559,0.256505,0.128036,0.090942,-0.093486,-0.280573,0.105181,0.130222,0.180503,0.012524,0.161700,-0.006607,0.260374,0.024162,0.144478,0.136795,0.243348,-0.082207,0.213030,0.090676,0.133809,-0.156876,-0.028915,0.188649,0.091558,-0.099036,0.005276,-0.174923,-0.187848,-0.098184,0.139455,0.237638,-0.136705,0.127175,0.034072,0.184142,0.225522,0.215021,0.002842,0.181822,0.212120,0.142040,0.166784,-0.145001,-0.000128,0.206190,-0.054721,0.141483,0.039609,0.209627,0.040217,0.272037,0.154737,0.060679,0.169806,-0.070095,0.170344,0.034433,0.150815,0.380680,0.323620,0.382454,-0.013764,0.148770,0.103462,-0.039296,0.025047,0.190844,0.024287,0.029359,-0.091788,-0.294308,0.103070,-0.058040,0.135665,0.032569,-0.028755,-0.420286,0.022497,0.445008,0.013108,0.185560,0.101519,0.287283,0.213962,-0.088058,0.058099,0.087013,-0.038384,0.111826,0.079959,-0.063584,0.268285,-0.216118,0.134060,0.220269,0.312402,-0.307972,0.216561,-0.208165,-0.009434,0.060076,0.198457,0.031744,0.056468,0.106968,0.359867,#
5,-0.041161,0.033438,0.034511,-0.149143,0.122296,1.000000,-0.105850,0.157330,-0.051874,-0.011991,0.010424,-0.103548,0.204247,-0.022797,-0.085817,-0.069781,0.056549,0.095487,-0.231630,0.280102,-0.172704,-0.140159,0.184277,-0.134228,-0.000847,-0.154152,0.137829,0.105793,0.133174,-0.079715,0.257645,-0.012289,0.258284,0.057429,-0.267638,0.189968,0.003339,-0.068804,-0.011507,-0.077901,0.165589,0.048872,0.089154,0.340956,0.045130,-0.002795,0.163867,0.052288,0.215238,-0.272089,0.215080,-0.029689,0.177591,-0.150505,-0.093184,0.147911,0.078131,-0.204338,0.364008,0.093304,-0.158527,0.159707,-0.012609,0.146669,0.292468,0.074740,-0.123130,0.097345,0.141987,-0.229169,-0.087594,0.010907,0.136957,-0.113688,-0.007812,0.094902,0.038968,0.260231,0.188579,0.171901,0.005582,-0.125706,0.173705,0.046491,-0.192529,0.059046,0.185742,0.060698,0.199793,-0.118212,-0.062396,0.212752,0.281503,0.284171,-0.131103,0.079872,-0.107671,0.212671,0.137277,0.173965,-0.003143,0.024608,-0.145127,0.114318,-0.080650,0.225291,0.062979,0.196934,0.126299,0.204650,0.033289,0.303712,-0.195386,-0.077293,0.048081,-0.033635,0.167020,-0.033177,-0.161261,0.024422,-0.197415,-0.029479,-0.149952,0.168073,-0.132668,-0.245600,0.250077,-0.328808,-0.196083,0.052651,0.319061,0.136655,0.074487,0.225446,0.123180,-0.021533,0.084396,0.062068,0.153743,-0.137695,0.026582,0.062084,-0.016916,0.071585,0.389977,-0.029095,-0.119584,-0.091376,0.158404,-0.001570,-0.036174,-0.071983,0.177621,-0.125169,-0.068291,0.059039,0.105582,-0.006369,-0.007510,-0.207519,0.157604,-0.084499,0.230792,0.055476,0.117372,-0.013340,-0.133114,0.354699,-0.009945,0.117966,0.248430,0.150844,0.178301,0.010724,-0.081168,-0.083005,0.272221,0.092942,0.120539,0.077025,0.214831,0.079638,0.358040,0.039879,-0.083847,0.200568,0.077270,0.096624,0.078891,-0.128937,0.141817,0.128806,-0.126423,-0.199576,-0.113587,-0.066971,-0.327781,0.038042,0.009611,0.183658,#
6,-0.067987,0.261351,0.113684,0.061828,0.125448,-0.105850,1.000000,-0.056268,0.246313,-0.046300,-0.084095,0.211478,0.139020,0.072469,-0.166515,0.205407,-0.070889,0.099174,0.027424,-0.045476,0.109212,0.232510,-0.042869,-0.042614,0.085114,0.117642,-0.100763,0.093993,-0.118358,0.272330,0.059704,-0.096944,-0.157953,-0.124903,-0.053472,0.120162,0.035086,-0.050387,0.012768,0.078011,0.006057,0.049698,0.248135,-0.022027,0.256404,-0.053764,-0.026074,-0.242857,0.146257,-0.015493,-0.260296,-0.040012,-0.144447,0.071384,0.078820,-0.108684,-0.102730,0.082378,0.072046,0.028049,0.266705,-0.181902,0.064621,-0.127349,0.217918,0.257733,0.016735,0.047537,-0.128033,-0.027129,0.163331,0.112343,-0.055705,0.237491,0.124107,-0.091680,0.145006,-0.240035,0.205354,-0.125419,0.131662,-0.150905,-0.012039,-0.228514,-0.020618,-0.015452,0.060861,0.154975,-0.149966,-0.069395,0.023876,-0.047698,0.009820,-0.082160,-0.046670,-0.138080,0.145329,0.023065,-0.182391,0.231618,-0.106506,-0.007528,0.154364,-0.108553,-0.269708,-0.016927,0.088430,0.034907,-0.041033,0.075694,0.175175,0.155803,-0.156172,-0.261298,-0.071323,-0.055511,0.332510,-0.146029,-0.118901,-0.260075,0.159826,-0.181515,0.142077,0.044541,-0.017477,0.141168,0.084813,-0.027643,-0.058482,-0.083588,0.027152,0.075581,0.047827,-0.005337,-0.024879,-0.021455,-0.004896,-0.199191,0.022489,0.264252,-0.023504,0.115016,-0.084749,-0.223500,0.035598,0.073070,-0.034092,0.065467,0.111901,-0.188037,0.254057,-0.161001,0.146141,-0.085950,0.200758,-0.039991,-0.054975,0.200638,-0.056971,-0.197520,-0.275898,0.130608,-0.033144,-0.037074,0.028351,0.142872,0.070147,-0.011218,-0.128187,-0.142628,-0.100421,0.129351,0.037134,0.045783,0.240828,0.074005,-0.171496,-0.122196,-0.026880,0.014306,0.066233,-0.001254,0.182055,-0.017027,0.123955,-0.048975,-0.173052,-0.019661,0.048694,0.135582,0.070142,0.161518,0.022174,0.233644,-0.067805,-0.129914,0.030231,0.194332,0.028840,0.190009,#
7,-0.153493,0.216779,0.112784,0.022916,0.087087,0.157330,-0.056268,1.000000,0.323164,-0.073578,0.163298,0.162542,0.076658,-0.059316,0.128476,-0.130303,0.098671,-0.026799,-0.232840,-0.069740,-0.170588,0.009507,0.224654,-0.007161,0.110006,0.018977,0.048957,0.040005,0.036848,-0.092102,0.015430,0.104947,0.081547,0.152817,-0.206454,-0.098525,0.062050,-0.016798,0.211134,0.145755,-0.187914,-0.063901,-0.028603,0.243214,0.114473,0.006381,0.177384,0.181657,-0.036749,0.082674,0.332119,-0.010144,0.044544,0.071942,-0.063151,0.018757,-0.056349,0.095631,0.064249,0.106117,0.060855,0.107541,-0.034351,-0.164973,0.002717,0.034863,-0.177503,-0.039019,0.029275,0.462317,-0.038335,-0.000179,0.359616,-0.035982,0.220722,-0.065381,-0.086596,-0.003360,0.132227,0.175119,0.099031,-0.053155,-0.075237,0.139153,-0.008777,0.124975,-0.018776,0.081560,0.060476,0.150429,-0.198392,0.042088,-0.029368,0.105643,-0.046723,-0.297664,-0.199374,-0.013175,-0.100525,0.074496,0.148419,0.103616,-0.068556,0.173093,-0.025469,0.200170,-0.078126,-0.008011,0.065725,0.173949,0.007969,-0.116334,-0.068590,-0.011841,0.258994,0.031660,0.013651,-0.182115,-0.061017,0.200277,0.033706,0.047271,-0.078588,0.364324,0.153987,0.025573,0.377267,0.155495,0.057850,-0.187763,0.033388,-0.124378,0.252860,0.238688,0.171887,0.092331,-0.218030,0.083672,0.163535,0.075591,0.075056,-0.057276,0.030582,-0.108482,0.112612,-0.028810,0.006371,0.005352,0.141688,0.083907,0.047179,0.043532,0.123277,0.163426,-0.228436,0.190901,-0.001900,0.112714,-0.010809,0.144111,-0.020194,-0.099962,0.101526,0.043456,-0.207023,0.107729,-0.003579,-0.137856,-0.162332,-0.029508,0.047711,0.166883,0.390257,0.109554,0.183294,-0.057951,0.064532,-0.102736,-0.162424,0.316067,0.252081,0.103747,-0.085210,0.003087,-0.049154,0.209941,-0.092278,-0.213447,0.012355,0.117336,-0.057622,-0.049325,-0.034162,-0.249635,-0.040829,-0.032696,-0.168584,0.225881,-0.050838,0.197273,#
8,0.026211,0.197144,0.024404,0.215765,0.080940,-0.051874,0.246313,0.323164,1.000000,0.100804,-0.043416,-0.002127,0.049709,0.145715,0.144234,0.320380,-0.101056,0.081844,0.072852,0.098008,-0.282089,0.406821,0.353247,-0.043203,-0.132588,0.057349,0.017174,0.149270,0.007368,0.273327,0.128823,-0.053127,-0.042642,0.226291,-0.007952,0.121890,0.068163,0.149103,0.051132,0.119864,-0.178906,0.323012,0.046054,0.142257,0.003031,-0.099734,-0.047451,0.157907,0.165943,0.147822,0.281422,0.184495,-0.122965,0.049639,0.019631,0.376158,0.205740,0.126149,-0.015144,0.264233,0.260370,0.043473,0.382382,-0.129163,0.237175,0.234402,0.065481,-0.002958,0.096988,0.255130,0.257496,0.026996,0.174857,0.290601,0.266501,0.057003,0.149636,0.020042,0.084773,0.257949,0.151045,0.073837,-0.037395,-0.051763,0.043515,0.021551,-0.029378,-0.052646,-0.107417,0.307961,0.117940,-0.002103,-0.195523,0.047558,0.040484,-0.010691,0.193565,-0.065586,-0.271505,0.036426,0.285408,0.225287,0.121655,0.186934,0.156227,0.142806,0.056180,-0.000794,0.158480,0.047768,-0.139367,-0.028016,-0.160924,-0.144596,0.362835,0.240401,0.158592,-0.174410,-0.007343,0.118362,0.105580,0.045405,0.044677,0.221682,0.103555,0.133104,0.193993,0.259517,-0.028872,0.132623,0.042907,-0.051776,0.360546,0.230999,0.275571,0.090237,-0.123002,-0.033747,-0.024063,0.013807,0.052142,0.180275,0.345499,0.161351,0.045737,0.187558,0.286775,0.216018,0.244078,-0.058159,0.132926,-0.130906,0.119060,0.225995,0.257326,0.285409,0.002419,0.319363,0.076173,0.113717,-0.004328,-0.063825,0.208986,0.125257,0.141743,0.119827,0.148269,-0.093075,0.155682,0.135092,-0.075403,0.104820,0.282889,0.008565,0.229822,0.044405,0.026999,0.027496,-0.010172,0.272300,0.195180,0.038081,-0.025743,0.308663,0.136198,0.217720,0.089751,-0.031679,-0.057756,0.034568,0.166748,0.008103,0.066407,0.011574,0.203401,0.130641,-0.197728,0.266085,0.302304,0.040478,#
9,0.012408,0.169610,0.110453,0.107851,0.156883,-0.011991,-0.046300,-0.073578,0.100804,1.000000,0.290692,-0.154636,0.104533,-0.257397,0.199143,0.283506,-0.133679,0.048116,0.147796,0.152916,0.056586,0.022847,0.177425,0.162054,-0.016647,-0.255811,-0.110841,0.023564,0.046545,0.121351,0.251977,-0.112654,-0.114830,0.190329,0.169772,0.127137,-0.081988,0.134254,0.234346,-0.098382,0.213876,-0.094120,0.114090,-0.086379,-0.003770,0.123661,0.113215,0.023231,-0.080441,0.048298,0.103555,0.085551,-0.013094,-0.192026,-0.150507,0.321209,0.144108,-0.010841,0.154756,-0.018391,0.042225,0.163544,0.140216,0.180927,0.164713,0.179063,0.080735,0.061597,-0.054219,-0.081563,0.393902,0.308644,0.085237,-0.041340,-0.113000,0.066801,-0.103754,-0.049891,0.104254,0.228937,0.208632,0.029708,-0.066627,-0.196381,0.290863,-0.118907,0.032559,0.287450,0.041520,-0.258773,0.000824,0.338401,-0.028751,-0.047573,0.043723,-0.011761,0.236975,0.301623,0.004978,-0.329671,0.004333,-0.123919,0.443437,-0.131712,0.211840,-0.087415,0.016512,-0.163219,0.129928,-0.142641,0.110850,0.193814,0.260054,0.310853,-0.098399,-0.004518,-0.068409,-0.138428,0.058600,-0.138601,0.006685,0.182191,0.000158,0.105827,-0.047398,-0.176893,-0.146862,0.148217,0.127206,0.211726,0.044035,0.079410,0.146919,0.277223,0.027477,-0.126763,-0.027055,0.115578,-0.045895,-0.128275,-0.115875,0.024808,0.185807,0.228962,0.115781,-0.070539,-0.060279,0.104480,-0.131102,-0.072948,0.102824,-0.189771,0.162289,0.136504,0.182769,-0.042334,0.115225,0.161117,-0.099562,-0.101105,0.073209,-0.140217,0.156514,0.294492,0.133502,-0.106883,0.070160,-0.037010,0.089669,-0.024199,0.065445,0.010888,-0.020866,0.151075,0.166812,0.271461,0.047895,0.001617,0.008704,0.062344,0.004365,-0.128782,0.105379,-0.008871,-0.102778,-0.030487,-0.116982,-0.244151,0.410946,0.147026,-0.047979,-0.122422,-0.061843,-0.096394,-0.046741,0.071949,-0.173459,0.188439,-0.143296,-0.106423,#
10,0.013981,0.272600,0.335509,-0.027593,-0.020218,0.010424,-0.084095,0.163298,-0.043416,0.290692,1.000000,-0.049202,-0.139375,-0.203982,0.018998,0.149930,0.030636,-0.021504,-0.024471,0.121322,0.009702,-0.164325,-0.080114,-0.014323,0.075056,-0.082904,-0.064278,0.142514,-0.343886,-0.003438,-0.110765,0.013683,-0.057941,0.026354,0.037586,0.130214,-0.038615,-0.033228,0.059092,-0.158266,0.195882,-0.060669,-0.010760,-0.167571,0.050281,-0.065955,0.141502,0.038882,0.035521,0.331065,-0.140459,0.070846,0.182165,-0.020995,-0.004114,0.052547,-0.180832,-0.240295,0.057784,0.079970,-0.081758,0.077770,0.032696,0.161667,-0.047383,0.056684,0.293332,0.057996,-0.115644,-0.121065,-0.168752,0.240096,-0.028368,-0.058013,0.035495,-0.046840,-0.203027,0.022098,-0.029031,-0.063659,0.235541,0.009692,-0.074162,0.041172,0.176340,-0.059549,-0.083516,0.208434,-0.084564,0.122209,0.052505,0.263151,-0.042653,0.091524,-0.072757,0.180476,-0.128094,-0.114106,0.122916,-0.126039,-0.047745,-0.033687,-0.072202,0.007963,0.106789,-0.212013,0.116750,0.119175,0.014885,-0.035362,0.048503,-0.008268,-0.004625,0.009819,0.068370,0.244385,-0.056247,-0.058671,-0.040238,-0.035480,0.067539,0.079099,-0.266291,-0.015869,-0.155020,-0.249577,0.212103,0.111540,0.102846,-0.001913,-0.051568,-0.009835,-0.019708,-0.003260,-0.020580,-0.108162,-0.185796,0.361722,-0.070598,0.010444,0.219315,0.066948,-0.077654,-0.023943,0.223373,-0.247406,-0.239889,-0.190664,-0.009859,0.016866,0.039747,0.052791,0.163307,0.016601,-0.117175,-0.002581,0.147826,-0.197829,-0.140349,-0.137657,0.133520,-0.122853,0.285946,0.192116,0.080656,-0.032768,0.290556,-0.095550,0.032525,0.190262,0.018382,-0.068162,-0.126141,0.120977,0.108587,-0.171597,0.145166,0.161608,-0.144117,0.076737,-0.068569,-0.111747,0.184073,-0.023739,0.106798,-0.061254,-0.048471,-0.289028,0.053299,0.009264,0.120127,0.000338,0.075511,-0.207206,0.043770,-0.192325,-0.367761,0.132278,-0.085394,0.365464,#
11,-0.027907,0.190740,0.287797,-0.014061,0.121824,-0.103548,0.211478,0.162542,-0.002127,-0.154636,-0.049202,1.000000,-0.043135,0.149095,-0.054680,-0.162503,-0.082333,0.023587,-0.043184,-0.382929,0.045569,0.288481,-0.127260,-0.184745,0.069854,0.283596,-0.182418,0.189365,-0.126457,0.195913,0.140914,0.087508,0.043261,0.117429,0.097746,-0.003997,0.290226,0.072697,0.028119,0.302142,-0.160080,0.005429,0.235276,-0.039236,-0.076834,0.144708,0.148359,0.015308,0.037216,-0.059024,-0.066855,0.166796,0.022840,0.310033,0.085246,-0.118714,-0.326905,0.210096,0.050354,0.023612,0.223827,-0.106211,0.042439,-0.187636,0.093395,0.189954,0.131223,0.153575,0.176990,0.252445,0.089179,0.110408,0.125001,0.066892,-0.079217,-0.260712,0.090488,-0.074148,-0.147132,-0.116576,0.052980,0.211617,0.202447,-0.179443,0.199709,-0.094405,-0.116810,0.131049,0.076117,0.011667,-0.048859,0.163874,0.100594,0.209086,0.046948,-0.010559,-0.193936,-0.053431,0.072939,0.232660,0.126825,0.220991,0.012241,0.075211,-0.158069,0.258854,-0.004250,0.289202,0.167601,0.099024,0.135350,-0.005760,0.030273,0.072494,-0.140100,0.206926,0.155345,-0.040006,-0.325997,0.169068,-0.091528,-0.027218,0.042145,0.065856,0.052019,-0.111836,-0.034222,-0.023741,0.122150,-0.049852,-0.035363,0.233149,0.123733,0.133034,-0.075011,-0.138401,-0.202442,0.161092,-0.046769,0.392197,0.135973,-0.161698,-0.156594,0.204461,0.235479,0.080416,0.120710,-0.054634,-0.049275,-0.126362,0.034535,0.198333,-0.009431,-0.090490,0.031667,0.064255,0.079316,-0.040267,0.265785,-0.131053,0.056782,0.292582,-0.085091,0.017098,-0.008242,-0.049398,0.078343,0.061448,-0.151746,0.252756,-0.009389,0.031212,0.065007,-0.077921,0.146596,-0.080754,-0.076609,-0.110802,-0.051409,0.135412,0.237586,-0.021179,0.251635,-0.224538,0.013692,0.046432,-0.122818,-0.033777,-0.008179,0.419089,0.085872,0.092300,0.200882,0.336685,0.242909,-0.029401,0.067543,0.187845,-0.137062,0.233276,#
12,-0.010888,0.034220,-0.009877,-0.034181,0.038034,0.204247,0.139020,0.076658,0.049709,0.104533,-0.139375,-0.043135,1.000000,0.089732,0.236384,0.077667,0.296773,0.259014,0.195469,0.156829,0.004107,0.226030,0.172939,0.184487,-0.103149,-0.015108,0.280224,0.256067,0.058809,-0.062886,0.011981,0.116129,0.193477,0.032846,0.043993,0.099266,0.049188,0.023196,-0.018604,0.204153,-0.019795,-0.092655,0.164178,0.311717,0.161622,0.227376,0.224152,-0.099980,0.149527,-0.046267,0.248884,-0.232880,-0.008077,0.252798,0.130256,0.075577,-0.099420,0.016376,-0.015580,-0.211007,0.123609,0.474111,-0.130280,0.251382,0.385197,0.042005,-0.170965,0.120591,0.126441,-0.005339,0.133428,0.076919,0.349523,0.069761,0.246940,0.211577,0.065538,-0.185772,-0.016621,0.052993,0.197623,-0.030400,-0.113048,0.057779,-0.061578,0.023236,0.111922,0.112885,0.245520,0.026549,-0.081619,-0.173304,0.046297,0.019019,0.125457,0.147251,0.411481,0.244772,-0.085855,0.059214,0.022931,0.206998,0.115762,0.287426,0.089342,-0.003480,0.052713,0.073950,-0.080150,0.020881,0.264404,0.095464,0.096612,-0.108924,0.086484,-0.025196,0.388795,-0.284444,0.010925,-0.142626,0.122448,0.138434,0.010512,0.288261,0.085174,-0.164094,0.053399,-0.160354,-0.165267,-0.206162,0.093597,0.065619,-0.084429,0.175004,0.197866,-0.191847,0.273791,0.014260,0.248908,-0.044543,0.005263,0.118088,0.161580,0.017910,0.134346,0.097488,0.081347,0.147819,0.001527,0.260119,0.092193,0.141571,0.195639,-0.054569,-0.032952,0.497190,-0.014309,-0.019213,0.011693,0.108774,0.110393,0.347369,0.266579,0.112850,0.323823,0.070345,0.115525,0.235665,-0.086056,-0.023374,0.123213,0.245104,0.150696,0.086298,0.173173,0.131484,0.057418,0.057826,0.124357,-0.073745,0.113081,0.188908,0.161563,-0.038536,-0.003829,0.034336,0.159984,0.244849,0.026750,-0.180020,0.053960,-0.006547,0.125374,0.176756,-0.075417,0.096456,-0.069923,0.065410,0.106337,-0.068070,#
13,-0.195178,-0.144719,0.037129,-0.125440,-0.027814,-0.022797,0.072469,-0.059316,0.145715,-0.257397,-0.203982,0.149095,0.089732,1.000000,0.032771,-0.100616,0.073251,-0.000740,0.093052,-0.057622,0.157147,0.033669,0.078448,-0.077859,-0.308003,0.153198,-0.002881,0.194039,0.007580,0.039288,-0.042996,-0.025314,0.164943,-0.067135,-0.010155,-0.163355,0.008080,0.121074,-0.373249,0.154200,-0.025820,0.117935,0.008618,0.041227,0.192533,0.093583,0.108710,-0.041663,0.071074,-0.205203,0.161880,-0.036359,-0.188485,0.356239,-0.201287,0.046953,-0.016625,0.180608,-0.102572,0.166033,0.118658,0.120056,0.066330,-0.045353,-0.010312,-0.037254,0.010061,0.086526,0.135511,-0.087109,0.145772,0.000026,-0.102391,-0.013209,0.151840,0.160775,-0.014676,0.055421,0.027743,0.205940,0.215832,0.066622,0.090657,0.087029,-0.095584,0.076544,0.022761,-0.232010,0.111918,0.045961,0.021022,-0.041958,0.139993,0.160358,0.179474,-0.103313,-0.119613,0.027668,-0.028175,0.275880,-0.006352,0.203948,-0.033948,0.228027,-0.059289,0.186532,0.083909,0.070678,0.111737,0.110516,-0.067230,0.189421,0.281103,-0.100798,0.277102,0.224311,0.007800,0.151046,-0.038208,0.381162,0.117933,-0.061683,0.088981,-0.063985,-0.109811,-0.197644,-0.104501,-0.198521,0.046237,-0.013245,-0.205630,0.290638,0.149880,0.114824,0.194414,-0.084264,0.064153,0.032050,-0.019914,-0.001337,-0.337469,0.030770,0.366597,0.183573,0.122919,0.121072,0.162718,0.053864,-0.048259,-0.043332,-0.043168,0.092399,0.014478,0.119681,0.051296,0.158324,-0.083379,-0.035956,0.003732,0.153087,0.032492,0.094195,-0.038707,0.213761,0.049947,0.087419,-0.210097,-0.092786,-0.130266,-0.119579,-0.031232,0.212502,0.199152,0.059916,0.223196,-0.252375,-0.182510,0.051198,0.158380,-0.100421,-0.008831,0.231693,-0.113569,-0.006947,0.290660,0.172819,0.231772,-0.064871,-0.304734,0.042267,0.072549,-0.076819,0.029451,0.229925,-0.014894,0.229049,0.232975,-0.229226,0.201619,0.125312,#
14,0.196259,-0.125741,-0.104163,0.183815,0.104638,-0.085817,-0.166515,0.128476,0.144234,0.199143,0.018998,-0.054680,0.236384,0.032771,1.000000,0.200097,0.032427,0.035983,0.485096,0.172645,0.126336,-0.039686,0.263142,0.115414,0.094873,-0.149095,0.104809,0.041444,0.283563,-0.050314,0.035248,0.229979,0.113617,0.233958,0.359233,0.120234,0.074718,0.083765,0.048510,0.271984,-0.227583,-0.101892,0.100922,0.058059,0.230147,0.102269,0.086909,-0.044458,-0.219976,0.155778,0.180798,-0.081487,0.150221,0.143502,0.137035,0.083117,0.346585,0.130209,0.209238,0.061219,0.141681,0.163106,0.050231,0.260050,0.063246,-0.210153,0.095434,0.052967,-0.234160,0.305670,0.152107,0.039819,-0.009274,-0.017043,0.307201,-0.053098,0.275821,0.091192,-0.081562,-0.092812,0.036393,0.148655,-0.003658,0.210251,0.133274,0.027182,-0.126092,0.003720,-0.084497,0.044256,-0.177543,0.049723,0.218518,0.135684,-0.020385,0.172246,0.316531,0.104296,0.028428,-0.029027,0.111504,0.221047,0.104016,0.133729,0.302786,-0.157402,-0.128194,-0.142932,-0.261250,0.038108,0.021773,-0.116178,0.006674,0.176122,0.044468,0.058489,0.035477,-0.408669,0.015132,0.053320,0.271863,0.174259,-0.092067,0.051700,0.057620,-0.067436,-0.081652,0.200581,0.100743,0.172009,-0.038173,-0.090390,-0.007660,0.248419,0.140747,0.072931,-0.214059,0.046067,0.115982,-0.217991,-0.125446,0.084988,0.333541,0.130162,-0.213415,0.242106,-0.089778,0.003607,-0.040871,-0.123757,0.111444,0.066625,0.064765,0.092290,0.044547,0.147905,0.243230,-0.073413,-0.116190,0.136417,0.093611,0.084607,0.152052,0.032585,0.034938,0.065230,0.153844,-0.001416,-0.010283,0.196995,-0.146510,-0.131620,0.224842,0.000361,-0.085054,-0.001728,0.161047,0.027437,0.149108,-0.111045,0.251346,0.173513,-0.044956,0.115869,-0.095972,-0.088786,0.032984,-0.176746,-0.133997,0.023989,-0.179346,-0.041971,0.079085,-0.052777,0.082955,-0.063708,-0.139458,-0.041279,0.248823,-0.052678,#
15,0.316326,0.141422,0.110998,0.004711,0.131356,-0.069781,0.205407,-0.130303,0.320380,0.283506,0.149930,-0.162503,0.077667,-0.100616,0.200097,1.000000,0.175886,0.133073,0.158501,0.199613,-0.215205,0.116042,0.263185,0.115337,-0.008219,-0.135178,0.072752,0.071707,-0.114845,0.297014,-0.095553,0.238819,-0.069320,0.101971,0.098892,0.180145,0.110571,-0.059946,0.126237,0.026846,0.055629,0.005318,0.055108,0.098525,0.051128,-0.145771,-0.153921,0.248138,0.048708,0.167197,-0.230151,0.276375,0.117550,0.129955,0.085935,0.086008,0.068044,0.046257,0.235319,0.109170,0.147950,-0.006988,0.194563,0.151713,0.008957,0.250265,0.134548,0.121858,-0.089726,-0.160350,0.132448,0.129779,0.015732,0.067823,0.168783,-0.114377,0.044077,-0.004040,0.044504,-0.079878,0.177206,-0.147676,-0.360857,0.098806,0.314374,0.160488,0.121161,0.394801,-0.133822,0.184984,0.135848,0.037588,-0.156824,-0.157094,0.101504,0.189120,0.244067,0.014236,-0.054828,0.078542,0.264700,0.113520,0.079325,0.191056,0.093746,-0.035436,0.074511,-0.026979,0.051650,-0.082058,-0.057733,0.217585,-0.042976,0.002340,0.094634,0.162822,-0.041519,-0.233521,-0.036297,-0.254429,0.174962,0.023421,0.128810,-0.103103,0.081327,0.145927,0.171625,0.366797,-0.103719,0.345859,-0.237541,0.006024,0.047690,0.268438,0.186782,0.031607,-0.111432,-0.202802,0.045686,-0.055031,0.102541,0.143943,0.134449,0.095018,0.095302,-0.054871,-0.019495,-0.048289,0.083102,-0.078451,-0.061711,-0.098827,0.001623,-0.071888,0.146969,0.021805,0.245921,0.173131,-0.110100,0.020274,0.075725,-0.146459,0.191170,0.015882,0.030760,0.217183,0.098310,0.107443,0.335023,-0.024057,-0.114686,0.261106,-0.128132,0.097350,0.141260,0.079226,0.263144,0.211844,-0.020679,0.103786,0.119949,-0.139285,0.006095,0.338830,0.047081,0.172960,-0.087842,0.108812,-0.126787,-0.021533,-0.081215,-0.000110,0.090525,-0.067520,-0.213454,0.233713,-0.023946,-0.023522,0.012870,-0.052219,#
16,0.346878,0.000499,-0.146838,-0.012329,0.045280,0.056549,-0.070889,0.098671,-0.101056,-0.133679,0.030636,-0.082333,0.296773,0.073251,0.032427,0.175886,1.000000,0.067935,-0.105161,0.339190,-0.011185,-0.164459,-0.133444,0.066811,-0.024267,-0.076507,0.170275,-0.144091,-0.143128,0.298625,-0.175537,0.080089,0.048430,0.143942,0.029614,-0.079988,0.124713,0.039636,0.028432,0.127059,-0.172527,-0.087454,0.186341,0.092460,-0.093770,-0.025539,-0.041603,0.008222,0.069129,0.177903,-0.008096,-0.067696,0.104775,0.341680,-0.012368,0.038428,-0.076205,0.008432,-0.019404,-0.156367,-0.168709,0.442847,-0.026231,0.054041,-0.143073,-0.009603,-0.324744,0.178545,0.000050,0.144665,-0.210592,0.084465,0.198666,0.068333,0.070827,-0.052479,-0.133287,0.064486,0.011959,-0.032662,0.039732,-0.184251,-0.234150,0.353636,0.244754,0.192941,0.007899,0.220396,0.260803,0.087426,-0.073959,-0.137745,0.123682,-0.198810,0.085589,0.166700,-0.065808,-0.062543,-0.077188,0.101624,-0.222482,0.016044,0.083182,0.165714,-0.085084,0.179523,0.187987,0.113449,0.089320,-0.070307,0.001445,0.031567,0.058827,-0.050238,0.201407,-0.071065,0.233688,-0.104670,0.098384,-0.075395,0.243080,0.201016,0.167852,0.106098,0.299678,0.022484,0.286335,-0.103662,-0.041821,0.087034,0.065174,-0.087273,-0.045144,-0.169000,0.297928,0.040948,0.020172,-0.021047,-0.042517,-0.016379,0.007199,-0.048525,-0.005112,-0.062080,0.042648,-0.113684,0.108214,-0.100407,0.209868,0.324011,-0.200012,0.263122,-0.044302,-0.037937,-0.097766,0.243694,0.119452,0.109159,-0.118736,0.178051,0.121135,0.012348,-0.057734,-0.039275,-0.018463,-0.088120,0.055204,0.128433,-0.055218,-0.213162,0.081737,0.087598,0.009459,0.039024,-0.011326,0.010101,0.055910,-0.076531,0.207749,-0.042291,-0.106792,0.082454,-0.120693,-0.188233,0.107189,0.182606,0.046735,0.220586,-0.032794,-0.037443,0.157763,-0.028086,-0.225070,-0.079677,-0.161998,0.278019,0.073930,-0.214729,-0.243254,0.040469,#
17,0.258490,-0.002050,-0.055773,0.191647,0.050111,0.095487,0.099174,-0.026799,0.081844,0.048116,-0.021504,0.023587,0.259014,-0.000740,0.035983,0.133073,0.067935,1.000000,0.037368,-0.012705,0.023676,0.044498,0.132237,0.267084,-0.236795,-0.035156,0.230382,-0.028289,-0.037750,0.000717,0.134832,-0.065838,0.246552,0.081485,0.123291,0.159150,-0.285909,0.330735,0.220458,0.158757,0.243508,0.162003,0.191526,0.184721,-0.031561,0.115316,0.051478,0.265430,0.156704,-0.027168,0.014438,0.140265,0.051754,0.081441,-0.011499,0.054063,-0.008510,-0.033015,0.060793,-0.145272,0.069455,0.022103,-0.138150,0.245268,0.125521,0.320474,0.139750,0.297805,0.126468,0.128161,-0.058420,0.374485,0.010041,-0.203673,-0.027994,0.212608,0.073950,-0.138695,-0.033043,0.071586,-0.051222,-0.013516,0.027267,-0.000416,-0.048435,-0.036978,0.268472,-0.030625,0.136854,0.035652,0.134189,-0.016756,0.236145,0.037306,0.132045,0.230747,-0.007742,-0.036167,-0.055550,0.059607,0.234148,-0.097473,-0.112338,0.222411,0.182388,-0.025471,0.131782,-0.012631,0.305598,-0.082870,-0.058854,-0.029000,-0.117671,-0.027432,0.008468,-0.078106,0.069874,-0.036783,0.034505,0.059983,0.058821,-0.007154,0.070632,0.011914,0.241111,0.224712,-0.026778,-0.079338,-0.116270,0.124630,0.290279,0.038513,0.077380,0.050325,0.008428,-0.020746,0.191218,-0.017274,0.159954,0.174229,0.268996,0.150069,0.214547,0.179721,0.050645,0.173149,-0.034838,0.211038,-0.112743,-0.001449,0.075793,-0.128932,0.005129,-0.057893,0.245841,0.241914,0.067905,0.161366,0.156033,-0.113724,0.003473,0.066823,0.018651,0.294936,-0.033540,0.052243,-0.028005,0.062254,0.305448,-0.149974,0.055503,-0.157582,0.030357,-0.026133,0.121880,0.022343,0.382426,0.001303,-0.065493,0.196647,0.262447,0.272852,0.033272,0.083467,0.052374,0.143507,0.178332,0.087840,0.124756,-0.116717,-0.073945,0.197323,0.130528,0.086850,0.177161,0.203646,-0.197679,0.166001,-0.092313,0.088535,#
18,0.232541,-0.064777,-0.083383,0.311525,0.062116,-0.231630,0.027424,-0.232840,0.072852,0.147796,-0.024471,-0.043184,0.195469,0.093052,0.485096,0.158501,-0.105161,0.037368,1.000000,0.081011,0.073064,0.016964,0.144867,0.184948,-0.158635,0.019316,-0.080402,0.097226,0.038743,-0.229108,-0.128708,0.011815,0.117050,0.170085,0.288182,0.129241,0.051823,0.024558,-0.080609,0.347528,0.023414,0.004900,0.191194,-0.136082,0.185601,-0.003505,-0.160150,-0.146414,-0.228355,0.212467,0.056184,-0.034088,0.105503,-0.085197,0.288825,0.086912,0.036860,0.095336,-0.120751,0.069886,0.191012,-0.039642,0.257196,0.189899,0.405507,-0.069104,0.230392,-0.104876,-0.241571,0.068301,0.026753,0.009987,-0.088978,-0.099204,0.129294,0.007289,0.132216,-0.107463,-0.130980,0.002032,0.058520,0.033665,-0.012309,0.151460,-0.015345,-0.116938,0.047263,-0.044715,-0.029216,0.131089,0.189530,-0.068372,-0.080037,-0.127977,0.089856,0.278030,0.215505,-0.078541,-0.027604,-0.066681,0.167294,0.208107,0.089689,0.044414,0.360158,-0.090309,0.158942,-0.162415,-0.126599,-0.198657,0.199531,-0.127185,0.213757,0.023030,-0.097492,0.067052,-0.093675,-0.262834,0.060215,0.053428,0.133963,-0.035114,0.023377,-0.231781,-0.081964,-0.111027,-0.246290,0.261032,0.090258,0.040617,-0.240905,0.173499,-0.186093,0.208122,0.051578,0.076033,-0.048200,0.134829,-0.182868,0.055787,-0.108740,0.058409,0.163500,0.136436,-0.077473,0.182910,0.042801,0.213022,-0.383128,-0.018379,-0.122157,-0.012852,0.059545,0.073122,0.030585,0.089478,0.100884,-0.017934,-0.093215,0.109518,0.117718,0.144648,0.089079,0.157609,0.007395,0.243768,0.056068,-0.005498,0.090950,0.313376,-0.240483,-0.045376,0.050606,0.234387,-0.005093,0.254471,0.171764,-0.077003,0.160789,-0.095264,-0.059914,-0.070494,0.104093,-0.072038,0.055266,-0.199776,0.284934,-0.079781,0.071703,-0.044112,-0.041977,0.072186,0.136577,0.174646,0.092816,0.139800,0.041364,-0.090493,0.127862,0.054942,#
19,0.259593,0.070344,0.010659,-0.055943,0.307017,0.280102,-0.045476,-0.069740,0.098008,0.152916,0.121322,-0.382929,0.156829,-0.057622,0.172645,0.199613,0.339190,-0.012705,0.081011,1.000000,0.020087,-0.357317,0.170421,0.003208,-0.088092,-0.075607,0.099470,0.018594,-0.113155,0.123865,0.194288,-0.098958,0.002872,-0.005669,-0.113823,0.047399,0.079450,-0.117934,0.119824,0.097190,0.013719,-0.013467,0.224616,-0.024206,-0.123453,0.116627,0.092788,-0.094346,0.135489,0.268963,0.094107,-0.002058,0.065083,0.065971,-0.000711,0.181164,0.070329,-0.096353,0.159069,0.069901,0.010795,0.447015,0.147228,0.215485,0.087788,-0.248639,0.025316,0.002703,-0.270812,-0.121668,0.205332,-0.039594,-0.059139,0.093771,0.042301,0.110902,-0.015852,0.121566,0.296872,0.147087,0.107043,-0.124226,0.117319,0.200548,0.008111,0.177585,-0.028542,0.137949,0.079006,-0.214101,0.044873,-0.005091,0.032216,-0.155934,-0.078458,0.321010,0.266875,0.087486,-0.283225,-0.029806,-0.026030,-0.055407,0.041741,0.142392,0.166777,0.279887,0.182533,0.103133,-0.004405,-0.129761,-0.067189,0.119375,-0.082829,-0.077763,0.114044,-0.111015,0.188642,-0.003288,0.102256,-0.325203,0.001500,0.030764,-0.104439,0.072362,0.144929,-0.043203,0.241587,-0.114645,0.042586,0.109342,0.124334,-0.063102,-0.105231,0.136985,0.377966,-0.136705,0.012394,0.122820,-0.145405,-0.247561,-0.101732,0.108603,0.128882,-0.030889,0.169277,-0.009928,0.013889,-0.021658,0.037438,0.089650,0.045448,0.274980,0.129360,-0.015379,0.152867,0.071473,0.200248,-0.061766,-0.092582,0.113964,0.317720,-0.254454,0.115679,-0.073698,0.099484,0.088954,0.001314,0.135384,0.195390,-0.057609,-0.063177,0.050302,0.355884,0.210255,0.021072,-0.131408,0.151657,0.070106,0.310255,-0.192490,-0.069698,0.004850,0.053876,0.237238,0.221821,0.039761,-0.050731,0.017364,0.017753,-0.015012,0.100951,0.153041,-0.198150,-0.143993,-0.130354,0.157515,-0.395783,-0.084347,0.184230,0.201955,#
20,-0.243811,-0.298158,0.052805,-0.021981,0.232870,-0.172704,0.109212,-0.170588,-0.282089,0.056586,0.009702,0.045569,0.004107,0.157147,0.126336,-0.215205,-0.011185,0.023676,0.073064,0.020087,1.000000,0.094357,-0.118388,-0.116959,-0.061726,0.293253,0.039622,-0.161748,-0.023730,-0.122191,-0.182521,-0.240153,-0.096907,0.025745,0.189237,0.099369,0.190781,0.229800,0.207540,0.239769,-0.107011,0.059238,-0.065109,-0.183543,0.227907,0.091735,0.181099,-0.271538,-0.276633,-0.036960,-0.305399,-0.041024,-0.215585,0.179964,0.113218,0.031026,0.029073,0.195235,0.022699,-0.115946,0.105994,-0.018341,-0.030338,0.067663,0.012557,-0.171469,-0.110590,0.078576,-0.072560,0.077527,0.251277,0.279527,-0.116878,-0.099697,0.059253,0.002069,-0.208479,-0.092296,-0.009387,-0.169613,0.038668,0.003038,0.113470,-0.192251,0.012384,0.105243,0.026096,-0.016107,0.113428,-0.154881,0.063481,-0.030055,0.011069,0.102915,0.335510,-0.143318,0.006849,0.109786,-0.005010,-0.086447,0.042869,-0.020464,0.235440,-0.261306,0.165816,-0.090917,-0.018753,-0.089506,-0.267223,0.173735,0.127208,0.168310,0.132960,-0.185773,-0.099749,0.010707,0.312886,0.177671,0.021351,0.114647,0.128283,0.010407,-0.037622,-0.014865,0.047733,-0.044366,-0.170532,-0.043626,0.331117,0.085101,0.233251,-0.107795,-0.127086,0.127749,0.057559,-0.194554,-0.030071,-0.184499,-0.035198,-0.030531,-0.060115,-0.076902,0.262012,-0.050267,-0.125097,0.132600,-0.184278,0.012194,-0.219816,0.256079,0.166959,-0.057294,-0.043404,0.302025,0.058540,-0.044935,-0.210615,-0.134696,-0.070407,0.168559,-0.030338,0.079664,-0.126356,0.002338,-0.000727,-0.212003,0.024251,0.009677,0.088520,-0.079541,0.000932,-0.356481,-0.005353,0.027909,-0.090687,-0.053785,-0.126189,-0.084621,0.032021,-0.082545,-0.029976,0.034380,-0.053020,-0.071974,0.116522,-0.088890,0.013102,-0.078987,0.034434,0.250280,-0.193443,-0.071967,-0.081682,0.280242,0.033190,-0.046288,-0.075089,0.046937,0.315223,0.080860,#
