0,1.000000,0.034885,0.025412,0.018846,0.031982,0.103023,0.173378,-0.047015,-0.043302,-0.087219,0.167749,-0.026557,0.026986,-0.121562,0.188112,0.358358,0.399809,0.208287,0.109182,0.233942,-0.161017,-0.159144,0.108813,0.460476,-0.069538,-0.032872,0.083244,-0.141565,-0.143794,0.046182,-0.023159,0.351065,0.003293,0.085710,0.278067,0.086394,-0.024072,-0.074309,0.037512,0.055105,-0.055776,-0.021978,0.206356,-0.233410,0.028978,-0.105597,-0.133049,0.147994,0.092325,0.177428,-0.033577,0.208634,-0.019496,0.034628,0.309008,-0.097858,0.086508,0.153523,0.056597,0.068830,0.193089,0.237805,0.122673,0.156747,0.098244,-0.010547,0.150295,0.072898,-0.106785,0.035164,-0.154884,-0.121031,0.127096,0.187993,-0.044469,-0.161203,0.275382,0.130355,-0.044262,-0.009525,0.084297,-0.126526,-0.093136,0.154129,0.212583,0.168657,0.232829,0.151831,0.211791,0.197551,-0.070440,-0.173898,0.131344,-0.152078,-0.199001,0.135293,0.073752,-0.090065,0.051802,0.273034,0.212207,0.027943,0.002779,0.269156,0.012504,0.095573,0.204465,0.086840,0.220342,-0.074977,-0.061486,0.008848,-0.032892,0.068698,0.124969,0.100625,0.041933,-0.031883,0.028764,0.060847,0.085924,-0.050463,0.235529,0.138447,0.247919,0.208099,0.155931,-0.068089,-0.071345,0.073362,0.036551,-0.131190,-0.187148,-0.173283,0.040475,0.157324,0.023362,-0.068413,-0.310582,0.080401,0.232122,-0.063017,-0.157683,0.032485,0.071098,-0.365194,-0.000746,0.047183,-0.027116,-0.132308,-0.132398,0.084956,0.142471,-0.189225,-0.207221,0.131426,0.295452,0.171433,0.195569,0.042940,0.217829,0.225729,0.151488,-0.081856,-0.070559,0.277343,0.111626,0.165409,0.181171,-0.013722,-0.230564,0.070207,0.125268,0.033877,-0.160596,0.187317,0.387596,0.026913,0.090170,0.040367,0.047701,0.248617,0.212475,0.083089,0.042339,-0.193607,-0.134289,0.230085,0.105203,-0.200382,-0.081418,0.125337,0.011504,0.103603,0.135492,0.245411,0.031483,-0.075437,0.034975,0.105085,#
1,0.034885,1.000000,-0.023269,-0.127968,-0.122726,0.061917,-0.028573,0.096444,0.171839,0.047305,0.155109,0.210600,-0.005281,-0.409421,-0.178330,-0.036893,-0.109845,0.080378,-0.099362,0.054830,-0.342697,0.001398,0.050866,-0.203960,0.080097,-0.065024,-0.265839,-0.002135,-0.233804,-0.160703,0.123646,-0.136504,-0.159948,0.088299,-0.036815,-0.053939,0.055033,-0.173001,0.077291,0.193324,0.134264,-0.007940,0.130146,-0.081498,-0.174062,-0.020268,0.221836,-0.017837,0.232477,0.025069,0.075451,0.138444,-0.003093,-0.069299,0.019492,0.018352,-0.090166,-0.232548,-0.128091,0.072939,-0.034763,-0.051656,0.011201,-0.043395,-0.061938,0.319817,0.208605,0.278753,0.113043,0.020756,0.152903,0.234244,0.222187,-0.008871,0.082845,0.015731,-0.100697,0.017331,0.225271,-0.164603,-0.098866,0.062661,-0.184040,0.128406,0.193509,0.116992,0.038544,0.169933,-0.004060,-0.045063,-0.039927,0.174841,-0.241714,0.002288,0.020774,0.161211,-0.056148,-0.077467,-0.130666,-0.043242,0.139096,-0.088766,-0.115248,-0.171993,-0.174592,0.049934,-0.102659,0.079012,0.160857,-0.053360,-0.289864,0.080689,-0.000276,0.012802,-0.021023,0.263472,0.027272,-0.107772,-0.000329,-0.122833,-0.145678,0.009581,0.149778,0.108491,0.141280,0.074291,-0.049722,0.074398,0.238780,0.064506,-0.106554,0.084947,-0.020211,-0.023964,0.056128,-0.019559,0.299339,0.193318,-0.029481,0.135656,0.181750,-0.097903,-0.074620,0.169983,0.194478,-0.161363,-0.114245,0.022987,0.034821,-0.198858,0.247977,0.003832,-0.082412,-0.163870,0.201548,0.108143,-0.061164,0.189786,-0.182405,-0.008436,-0.159310,0.094903,-0.014186,0.165504,0.082167,-0.072629,0.090458,-0.164611,-0.022916,0.142677,-0.096094,0.023780,0.016011,-0.053932,0.016234,0.118242,0.088318,-0.244396,-0.022560,0.029194,0.009076,-0.164077,0.165040,0.074796,0.132142,0.129951,0.015413,-0.230697,0.388255,0.219613,0.054310,0.297928,-0.114440,-0.163723,-0.077329,-0.104301,-0.054533,0.404941,-0.077698,0.296233,#
2,0.025412,-0.023269,1.000000,0.099722,0.310440,0.136318,0.096054,0.119294,0.010542,0.165617,0.230674,0.107361,-0.050633,0.195678,0.040210,0.139978,-0.126938,0.033745,0.098688,0.130550,0.209938,0.084858,0.074287,-0.019360,-0.095519,0.165965,0.212366,-0.150892,-0.133365,0.167449,0.022775,-0.046655,0.171101,0.190923,0.199722,0.044833,0.051601,0.195429,0.169115,-0.127658,0.008990,-0.082425,0.130033,-0.022859,0.093722,0.164507,0.147087,-0.091561,-0.154053,-0.064165,-0.089577,0.228033,0.124658,-0.091547,0.202575,0.026962,0.199128,-0.255121,0.212906,0.192964,0.360626,0.101184,-0.010444,0.035100,0.140881,0.143881,-0.131198,-0.050124,-0.020590,-0.024713,0.235878,0.172965,-0.071912,0.200442,0.258364,0.023019,0.033854,-0.026275,0.068029,0.268317,0.042777,0.010758,0.252157,-0.327039,0.203921,0.085150,0.088631,0.064243,0.005703,-0.087860,0.144549,0.157743,0.121395,0.133400,-0.071516,0.008536,-0.101831,-0.028487,-0.040413,0.006615,0.238647,0.153616,-0.032943,0.203477,-0.003509,0.222103,0.344841,0.313387,0.154495,0.107874,0.118920,0.053100,0.252900,0.170563,-0.056964,0.088805,0.041704,-0.037156,-0.175720,0.154047,-0.076464,-0.197359,-0.111208,0.142596,0.020172,-0.039790,0.177063,-0.055540,0.122909,0.189224,-0.152597,0.256114,0.045315,0.193845,0.123674,-0.152800,0.067796,0.070396,0.008384,-0.086541,0.074485,0.162420,-0.078344,0.059338,0.173496,-0.048813,0.022738,-0.083645,-0.003619,0.079836,0.093844,0.134191,0.383667,0.144881,-0.163916,0.082166,-0.034466,-0.111500,0.186599,0.033682,-0.265765,0.122773,0.367098,0.123324,0.069920,0.250992,-0.052829,-0.059856,-0.055938,0.054628,0.011730,0.169475,0.269987,-0.044785,-0.060093,0.090456,-0.003653,0.035936,-0.100269,-0.130856,0.022085,0.325809,0.137018,0.024656,0.000733,0.062356,0.151495,-0.113109,-0.018073,0.068135,0.060413,0.117600,0.148314,0.278084,0.165600,0.024417,-0.230493,0.078595,0.110267,0.156016,#
3,0.018846,-0.127968,0.099722,1.000000,-0.024594,-0.211665,-0.129407,-0.037876,0.237172,0.124407,-0.008807,0.092224,-0.066172,-0.021138,0.098446,0.041431,-0.135303,0.119083,0.297625,0.019356,0.058152,0.264917,0.266287,0.094542,-0.066418,0.168940,0.254092,-0.001010,-0.009091,0.091251,0.124658,0.035960,0.078215,0.032361,-0.003604,0.226086,0.098212,0.063162,0.205190,0.141766,-0.128740,0.280379,0.090716,-0.061967,-0.075885,-0.038459,-0.309038,0.045304,-0.252317,-0.052060,-0.077626,-0.235448,-0.004515,0.016874,0.209486,-0.036642,0.241896,0.136280,0.041362,0.042287,0.181615,-0.138726,-0.021354,0.040419,0.222072,-0.229323,-0.026805,-0.292373,-0.266269,0.213129,0.063744,0.090506,0.011575,0.011387,0.028747,-0.272139,-0.036194,-0.065646,-0.102172,-0.097195,-0.053309,0.010559,0.183364,-0.021192,0.092543,-0.133553,-0.063938,0.055012,-0.056212,0.221204,0.347099,0.055965,-0.057547,0.095789,0.015454,0.062112,0.005038,-0.196272,-0.217085,-0.252088,0.224135,-0.056645,-0.138637,-0.049484,0.332141,-0.098538,0.321853,0.268495,-0.125238,0.065884,0.152916,-0.263891,0.012134,0.113207,-0.066218,0.162500,-0.186054,0.109099,-0.046336,-0.148788,-0.085177,0.033434,0.106473,-0.104956,-0.042852,0.127342,0.162400,0.141367,-0.000038,-0.161438,0.152590,0.054145,-0.116369,-0.016858,-0.082443,0.121851,-0.217752,-0.031995,-0.183283,0.210828,-0.196224,0.277114,0.076917,-0.096087,-0.068725,-0.058049,0.062773,0.262522,-0.179693,0.048433,-0.024075,-0.348146,-0.064392,0.103468,0.081785,0.018902,-0.016905,-0.151989,0.418216,0.050014,-0.112921,0.009074,-0.095846,0.004913,0.064790,0.035402,0.193583,0.182355,0.140939,0.127266,-0.125774,-0.232747,0.138936,0.021146,0.007329,0.103318,-0.027554,-0.068453,-0.217327,0.151602,-0.054244,0.191890,-0.065017,-0.011868,-0.101052,-0.220286,0.067125,0.065825,0.136812,0.053630,0.262148,0.131569,0.270884,0.245867,0.097752,-0.144658,-0.032228,0.097026,0.002307,-0.016647,#
4,0.031982,-0.122726,0.310440,-0.024594,1.000000,0.046746,0.007319,0.201935,-0.013520,0.140049,-0.235765,0.258304,0.089243,0.237801,0.058072,0.097141,0.102033,0.043113,0.107564,0.206725,0.373198,0.163829,0.123658,0.159669,-0.035526,0.258195,0.130340,-0.186946,0.191752,-0.052384,-0.024603,0.217514,0.225032,0.251152,-0.022739,0.019502,0.245227,0.005340,0.398907,0.124246,-0.035879,0.049084,0.196616,0.120498,0.226813,0.274268,0.222844,0.222528,-0.158536,-0.192497,-0.051015,0.093834,0.202316,0.225823,0.391811,-0.043175,-0.042372,0.096379,0.161227,0.279395,0.252964,0.199007,-0.021494,-0.092086,-0.040889,0.111436,-0.168022,0.147652,0.010404,0.189251,0.174694,0.173061,0.154557,0.078796,0.218202,-0.126336,0.020017,0.087058,0.011766,0.265608,-0.162533,0.144484,0.054063,0.074562,0.252073,0.061927,0.141167,0.057807,0.189880,0.029781,0.205766,-0.160010,0.151039,-0.064194,0.178811,-0.113335,-0.007173,-0.075254,-0.098139,0.133690,0.285022,0.230326,0.014313,0.089210,-0.085944,0.295820,0.073672,0.106945,0.153450,0.405788,0.053339,0.160813,0.211394,0.171469,-0.242269,0.011977,0.207675,0.199963,-0.142594,0.168221,-0.187457,-0.099783,0.005262,0.070216,0.239560,-0.138325,0.117397,0.051438,0.317725,0.230965,0.159126,-0.058616,0.099326,0.377466,0.182046,0.092500,-0.153606,-0.232094,0.132183,-0.016121,-0.055542,0.062170,0.144152,-0.049730,0.178755,0.018562,0.151944,-0.007769,-0.134782,0.297769,-0.031571,0.151085,0.308641,0.245120,0.241792,0.062320,0.064936,0.008164,0.068040,0.153773,0.112490,0.131856,0.118275,-0.205431,-0.226012,0.041104,-0.037665,0.183995,-0.071110,0.051347,-0.257475,0.098996,0.392987,0.122488,0.182711,0.135065,0.211722,0.143251,0.034702,0.089421,-0.028474,0.103902,-0.020383,0.098431,0.058272,0.288998,-0.127724,0.100174,0.121019,0.235891,-0.310155,0.196688,-0.025125,0.217842,-0.044875,0.257515,0.077617,-0.008934,0.183227,0.364810,#
5,0.103023,0.061917,0.136318,-0.211665,0.046746,1.000000,-0.103050,0.218403,-0.007536,0.020283,0.119625,-0.030821,0.135505,-0.033501,0.018053,0.258314,0.147950,0.214160,-0.221944,0.323551,-0.055552,-0.095008,0.253945,0.144044,0.170119,-0.022743,0.245652,0.018872,0.114743,-0.046332,0.294311,0.211981,0.139888,0.186668,-0.158712,0.184373,0.116134,-0.164026,0.161706,-0.088400,0.132740,0.035538,-0.115670,0.293316,0.259502,0.098551,0.289203,0.162018,0.150894,-0.162653,0.049986,0.133136,0.050828,-0.003233,-0.069574,0.140575,0.190616,-0.199753,0.437781,0.175421,0.165409,0.235107,-0.005517,0.144591,0.204443,0.166520,-0.124997,0.248003,0.247250,-0.369740,0.019531,0.008370,0.190430,-0.069167,0.257909,0.179994,0.079600,0.354094,0.082062,0.078428,0.168870,-0.021574,-0.021300,0.243848,-0.176175,0.187460,0.159340,0.206432,0.166295,-0.110187,-0.248666,0.131473,0.324203,0.242346,-0.053569,0.020649,0.037217,0.195257,0.156509,0.245378,0.165966,0.113173,-0.132060,0.268252,-0.083711,0.301432,0.154905,0.262223,0.031598,0.124813,-0.142636,0.168154,-0.074403,0.052007,0.090414,-0.022794,0.200417,-0.026662,-0.289544,0.033489,-0.059051,-0.029608,-0.125271,0.236343,-0.077153,-0.090878,0.402658,-0.142165,-0.106439,0.081135,0.233713,0.140379,0.114417,0.100531,0.082986,0.116979,0.091817,0.100355,0.151982,-0.207503,0.211747,0.035969,0.071575,0.155095,0.364425,-0.129519,-0.096078,-0.068848,0.136108,-0.111875,0.093661,-0.013333,0.201772,-0.081306,-0.119260,0.160353,0.329804,0.013625,0.196101,-0.030350,0.076932,-0.064824,0.250361,0.085451,0.245804,0.111325,-0.165107,0.314303,0.056727,0.050130,0.278613,0.220506,0.035195,0.017495,-0.093527,-0.075541,0.076268,0.065194,0.080870,0.225373,0.347831,0.040336,0.379753,0.113464,0.086765,0.154641,0.099886,0.184275,-0.039065,-0.066881,0.024117,0.225913,-0.102186,-0.043988,-0.071251,-0.015735,-0.058783,0.261949,0.200033,0.210579,#
6,0.173378,-0.028573,0.096054,-0.129407,0.007319,-0.103050,1.000000,-0.088154,0.045470,-0.185070,-0.100414,-0.051011,0.171147,0.020786,-0.012126,0.152563,0.075486,0.172105,-0.021454,-0.131927,0.265867,0.066598,-0.151138,-0.057948,-0.117757,0.011345,0.076124,-0.098340,-0.002658,0.271471,-0.053216,-0.190600,-0.110194,-0.079045,0.148160,0.169239,-0.230798,0.018578,-0.033666,0.065312,-0.008190,-0.074819,0.211267,-0.159415,0.302466,-0.065102,0.051826,-0.312377,0.136756,0.029759,-0.078902,0.172502,0.041166,0.028384,0.233211,-0.046523,0.093395,0.027811,-0.039633,-0.124895,0.220419,-0.077317,-0.069668,0.040153,0.277470,0.017807,0.143979,-0.098324,-0.046167,0.008063,0.096366,0.080760,-0.095283,0.302305,0.066416,-0.020083,-0.011915,-0.155250,-0.046490,-0.005831,0.114228,-0.047886,-0.029944,-0.257039,-0.143886,0.173226,0.043066,-0.141956,-0.045559,-0.019933,-0.070565,-0.196944,-0.180004,-0.211206,-0.070930,-0.240935,0.282760,-0.034596,-0.289600,0.385389,0.046796,-0.079183,0.228745,0.024020,-0.212391,-0.185769,0.069239,-0.054450,-0.244968,-0.031458,0.038463,0.129553,-0.176624,-0.278849,0.049309,-0.262155,0.408493,-0.101308,-0.012477,0.024581,0.159424,-0.211861,-0.001088,0.216419,0.116950,0.317296,-0.138410,-0.032560,-0.058883,0.055819,0.066158,-0.014746,0.113241,-0.051916,0.049465,-0.110930,0.051894,-0.253083,0.171406,0.088406,0.176479,-0.045327,-0.135742,-0.204265,-0.013217,0.013174,-0.039381,0.075327,-0.074218,-0.119422,0.281224,-0.043601,0.009926,-0.136489,-0.120863,-0.003225,-0.202300,0.279300,0.029975,0.062480,-0.240952,0.091898,0.087810,0.033358,0.046092,0.075230,0.152102,-0.010093,-0.002777,-0.310291,0.095045,0.068048,-0.177687,-0.270200,0.164760,-0.002824,-0.012689,-0.122803,-0.075601,-0.041812,0.112181,-0.075341,0.093321,0.013326,0.179517,-0.043669,-0.057933,0.052778,-0.280670,-0.091192,-0.187084,0.058104,-0.157039,0.187117,-0.006781,-0.133246,0.025085,0.145128,0.122163,0.015016,#
7,-0.047015,0.096444,0.119294,-0.037876,0.201935,0.218403,-0.088154,1.000000,0.394891,0.027880,0.091008,0.002365,0.063297,0.020852,0.280597,0.024680,0.138314,0.018367,-0.034797,-0.011361,-0.016542,0.147188,0.279436,0.127199,0.144519,0.102749,0.073380,-0.017032,0.029662,-0.149372,-0.098859,0.201126,-0.006006,0.163914,-0.125402,0.082280,0.143927,0.038790,0.357886,0.132906,-0.186427,0.015934,0.017113,0.267073,0.148938,0.184273,0.191438,0.291004,-0.091186,0.039161,0.177377,0.041419,-0.032009,0.070921,0.067672,0.002887,-0.052688,0.059895,0.109828,0.116749,0.076019,0.119119,-0.055043,-0.048364,0.018031,0.153018,-0.200067,0.117170,0.227852,0.379260,-0.023693,-0.007234,0.461199,0.066363,0.249904,0.056673,-0.052622,0.100959,0.208707,0.156728,0.024600,0.068816,0.020597,0.126805,0.030211,0.008123,0.028142,0.061057,0.021576,0.113569,-0.153199,0.030860,0.063283,0.119454,0.040426,-0.280900,-0.034175,0.012393,-0.037062,0.043269,0.178511,0.170393,-0.036216,0.121916,0.006587,0.253885,-0.054485,-0.014353,0.046443,0.146545,0.062612,-0.062239,0.095344,-0.000981,0.312403,0.000055,0.165277,-0.227678,-0.090547,0.340877,0.032825,-0.080823,-0.035939,0.327740,0.169211,-0.028944,0.237267,0.207217,0.102434,-0.109954,0.102276,-0.186227,0.226850,0.138820,0.182422,0.106372,-0.185471,0.103373,-0.006565,-0.029559,0.183120,0.000794,0.174099,-0.035198,0.054869,0.035407,0.025657,-0.080852,0.103799,0.142538,-0.005120,0.019467,0.106437,0.240336,-0.156935,0.270604,0.071113,0.181180,-0.075569,0.261321,0.148249,-0.144606,0.248920,-0.001524,-0.149752,0.203883,0.014797,-0.131434,-0.074092,0.009072,0.108861,0.089515,0.284572,0.096210,0.148382,0.000765,0.037365,-0.123370,-0.083004,0.207870,0.353139,0.051123,0.019295,-0.068206,0.016149,0.313563,-0.095102,-0.136597,0.050386,0.227998,-0.073759,0.128054,-0.140268,-0.154123,0.082860,0.029818,-0.046897,0.271495,0.053705,0.168898,#
8,-0.043302,0.171839,0.010542,0.237172,-0.013520,-0.007536,0.045470,0.394891,1.000000,0.077797,-0.054784,-0.028003,-0.009409,0.232960,0.191186,0.268971,-0.161531,0.114105,0.057347,0.084728,-0.120703,0.444440,0.363111,0.000197,-0.127610,0.220544,0.118955,0.132619,0.056959,0.210414,0.052102,0.016272,0.022448,0.028286,-0.191907,0.170447,0.148601,0.062741,0.143842,0.166143,-0.105623,0.352550,0.049732,0.005681,0.028119,0.066543,-0.032962,0.230298,0.048024,0.135213,0.247639,0.215655,-0.156365,0.021058,0.111847,0.269089,0.105661,0.142467,-0.065921,0.275606,0.365578,-0.041756,0.270780,-0.013873,0.104365,0.192552,0.066020,0.067802,0.241950,0.253195,0.192754,0.037403,0.162260,0.257196,0.138972,0.021860,-0.071903,0.014375,0.207661,0.243966,0.118027,0.119988,-0.067373,-0.035394,0.008933,0.057048,-0.087446,-0.107204,-0.112728,0.278298,0.045873,-0.013260,-0.091222,0.256920,0.094672,0.000095,0.161178,-0.033020,-0.222330,-0.037721,0.363172,0.100293,0.031770,0.152641,0.127253,0.118660,0.089070,0.151433,0.066216,0.171391,-0.079182,0.057969,0.051959,-0.060272,0.352859,0.214533,0.204539,-0.097121,-0.098296,0.155238,0.080709,0.051173,0.095072,0.161154,0.171888,0.266224,0.214858,0.229550,0.115579,0.002683,0.077842,-0.065514,0.238330,0.184647,0.341032,0.012184,-0.060493,-0.154601,-0.185455,-0.017030,0.014258,0.126017,0.354102,0.171458,0.049583,0.088621,0.259278,0.141728,0.121237,-0.044837,0.131769,-0.145219,0.125839,0.290636,0.165630,0.312750,0.054751,0.296842,0.014485,0.286644,-0.013454,-0.020052,0.229711,0.093559,0.133486,0.173153,0.108932,-0.028741,0.134063,0.128946,-0.012312,0.206787,0.239956,0.028864,0.226561,-0.047450,0.034320,0.017549,0.095525,0.192741,0.154371,0.089066,-0.156277,0.348419,0.213377,0.207189,0.142743,-0.028748,0.044851,0.049644,0.068728,0.111287,0.111001,0.024715,0.068022,0.098462,-0.011227,0.305337,0.414403,0.070798,#
9,-0.087219,0.047305,0.165617,0.124407,0.140049,0.020283,-0.185070,0.027880,0.077797,1.000000,0.208832,-0.020895,0.037841,0.061561,0.182321,0.243207,-0.125729,-0.055215,0.271651,0.199247,0.240306,0.126031,0.273566,0.327653,-0.008923,0.008658,0.065864,0.111755,0.134770,0.084692,0.180316,0.101206,-0.048020,0.138833,0.189737,0.049598,0.023083,-0.014333,0.286595,-0.054019,0.254842,-0.136475,0.082396,-0.114739,0.152295,0.219093,0.206635,0.032301,-0.126403,-0.043615,-0.127253,0.006157,-0.091023,0.051214,0.008482,0.176852,0.087468,-0.013100,0.159948,0.169974,0.163041,-0.006255,0.155999,0.188935,0.099442,0.222603,0.129596,0.027276,0.188731,-0.039919,0.416263,0.098560,0.028455,0.039824,0.069934,0.052443,-0.192527,0.026179,0.157517,0.225834,0.006375,0.152589,-0.014077,-0.078211,0.277147,-0.119910,-0.115994,0.324280,-0.003451,-0.192015,-0.049846,0.325733,0.087900,0.116083,0.005046,-0.216918,0.165099,0.292204,0.276253,-0.174289,0.094635,0.106901,0.334769,-0.079619,0.266726,0.025842,0.062468,-0.165112,0.078472,0.149600,0.082425,0.234444,0.516030,0.316041,-0.161207,0.198376,0.082412,-0.147469,-0.030882,-0.095909,0.043471,0.220642,0.120692,0.083585,-0.014444,-0.125879,-0.033754,0.150709,0.224019,0.088321,-0.002907,0.043388,0.199906,0.424632,0.116884,-0.065397,0.022173,-0.055776,-0.139682,0.100695,-0.190539,0.053990,0.173776,0.219085,-0.143149,-0.059686,0.068225,-0.052245,-0.161342,-0.101165,0.090986,-0.128953,0.167146,0.153910,0.101150,0.109113,0.154912,0.014550,0.118870,0.112021,0.006422,-0.053469,0.121111,0.155746,0.231134,-0.016874,-0.017324,0.083501,0.118490,0.028880,0.111125,0.175420,-0.087107,0.161687,0.231466,0.265142,-0.107493,0.126923,0.217586,0.134951,-0.005083,-0.142221,0.015829,0.058335,0.060448,0.085057,-0.059973,-0.181502,0.390005,0.192533,0.002020,0.126261,0.137664,0.045003,-0.068886,0.009230,-0.053386,0.249244,0.019916,-0.006809,#
10,0.167749,0.155109,0.230674,-0.008807,-0.235765,0.119625,-0.100414,0.091008,-0.054784,0.208832,1.000000,-0.000033,-0.335486,-0.123226,0.046458,0.076782,0.017445,-0.044648,-0.083500,0.070400,0.104990,-0.218925,0.019292,0.068806,0.031420,-0.111053,0.000255,0.200061,-0.321920,-0.016449,-0.037453,0.046636,-0.056347,0.096261,0.120115,-0.025525,-0.053304,-0.098432,0.008113,-0.040249,0.249692,-0.088049,-0.178629,-0.235839,0.147230,-0.019075,0.115163,-0.020260,0.120001,0.338844,-0.265384,0.113229,0.039100,0.020383,-0.015091,0.000291,-0.223509,-0.229587,-0.023642,0.082219,0.032452,-0.014930,0.167273,0.238871,-0.073146,-0.001982,0.153440,-0.084738,-0.110621,-0.058044,-0.104150,0.125927,-0.080477,-0.033884,0.061619,-0.098204,-0.157015,-0.041030,-0.037159,-0.005641,0.148837,0.117062,0.039715,-0.005168,0.008295,-0.021303,-0.114240,0.193648,-0.082729,0.188033,-0.053800,0.379827,0.054308,0.157805,0.039358,0.067958,-0.242391,-0.131383,0.386666,0.082638,0.082468,0.026133,-0.091752,0.085757,0.311735,-0.314050,0.176330,0.132905,0.005722,-0.078512,-0.044549,0.091450,-0.060943,-0.043249,0.088538,0.355774,-0.000023,-0.141856,-0.057121,0.023037,0.078651,0.127175,-0.230475,0.036338,-0.220681,-0.052049,0.293352,0.121669,0.047875,-0.151983,-0.216740,-0.063320,-0.036707,-0.079088,0.032836,-0.089380,-0.138713,0.256763,-0.310874,0.098935,0.130702,-0.112717,-0.174277,0.047272,0.007817,-0.197379,-0.101195,-0.145486,-0.055633,-0.043524,0.000300,0.028234,0.255705,-0.012812,-0.277120,0.025327,0.193113,-0.098783,0.042582,0.016508,-0.013083,-0.033879,0.124721,0.117583,0.106770,0.041776,0.177429,0.009715,0.180133,0.206776,0.003228,-0.058208,-0.023637,0.028102,0.074457,-0.133552,0.078982,0.164367,-0.026061,0.118554,-0.082228,-0.056785,0.206610,-0.035918,0.075871,-0.213788,-0.031468,-0.254099,0.094134,0.048249,0.021489,0.081435,0.079384,-0.042093,0.105590,-0.117614,-0.322486,0.297267,-0.081038,0.215747,#
11,-0.026557,0.210600,0.107361,0.092224,0.258304,-0.030821,-0.051011,0.002365,-0.028003,-0.020895,-0.000033,1.000000,0.026907,-0.019396,-0.001515,-0.144114,-0.035799,0.196517,0.134513,-0.120524,0.070536,0.266028,-0.133744,-0.249276,0.040056,0.139268,-0.355529,0.151041,-0.070520,-0.032228,0.215418,0.100700,0.008685,0.230444,-0.016514,0.000918,0.303750,0.040184,0.071798,0.210825,0.021694,0.145561,0.158441,-0.202596,0.002511,0.062379,0.328734,-0.076331,0.033430,0.064761,-0.063689,0.178964,0.005837,0.200240,0.125747,-0.079747,-0.261102,0.233402,0.051486,0.017287,0.072243,-0.068685,0.010978,-0.190662,0.020756,0.008850,0.109366,0.231481,0.120345,0.079980,0.129712,0.206775,0.053469,-0.077597,-0.032214,-0.196471,-0.002964,0.006762,-0.076800,-0.167661,-0.005762,0.163733,0.135467,-0.008792,0.293763,-0.071124,-0.025497,0.020146,0.259708,-0.036053,-0.131846,0.136646,0.025660,0.026052,0.157011,0.185818,-0.122990,-0.168477,-0.086458,0.023936,0.007328,0.277355,-0.061804,0.025420,0.173668,0.310801,-0.064451,0.170408,0.156812,0.251985,0.175807,0.138636,0.110481,0.153654,-0.232337,0.173097,0.030906,0.239577,-0.290307,0.120528,-0.022620,0.043258,-0.101405,-0.021322,0.237467,-0.262250,-0.082764,-0.020879,0.109834,0.046768,0.106570,0.181905,0.028200,0.125041,-0.019414,-0.114319,-0.157268,0.164354,-0.069116,0.231789,0.155428,-0.275523,0.114613,0.125126,0.324415,-0.035868,0.072255,-0.030515,-0.132443,0.029438,0.031797,0.088440,-0.050030,0.129518,0.281066,0.101423,0.016804,-0.109136,0.128013,-0.095863,-0.034606,0.055118,-0.211264,-0.003980,0.003338,-0.117618,0.073237,0.008014,0.053880,0.113398,-0.042927,-0.047736,0.017708,-0.046509,-0.035130,-0.071097,-0.033978,-0.016780,-0.093291,0.192844,0.142077,0.004834,0.289699,-0.153081,0.134470,-0.080571,-0.048646,-0.133507,0.148854,0.270846,0.161027,0.054274,0.291325,0.247389,0.271399,-0.104754,0.004128,0.159757,-0.099537,0.357617,#
12,0.026986,-0.005281,-0.050633,-0.066172,0.089243,0.135505,0.171147,0.063297,-0.009409,0.037841,-0.335486,0.026907,1.000000,0.166439,0.234366,0.042612,0.317500,0.304642,0.082226,0.109733,0.003131,0.233224,0.133106,0.089981,-0.108905,-0.012790,0.195379,0.058054,0.231703,-0.035671,0.065138,0.003962,0.299292,-0.066795,0.110043,0.000218,0.031535,0.070923,-0.072318,0.238156,-0.060069,-0.107898,0.245051,0.359052,0.148769,0.203053,0.249235,-0.072135,0.179058,-0.145637,0.294927,-0.078363,-0.133313,0.224814,0.101781,0.018888,0.022132,0.130592,0.012929,-0.100438,0.019009,0.402183,-0.206630,0.105768,0.295109,0.128777,-0.074439,0.016456,0.199679,0.011003,0.207360,0.102234,0.286234,0.078144,0.316428,0.215141,0.152610,-0.058305,0.068817,-0.012226,0.241994,0.023344,0.004361,-0.006752,-0.036886,0.035010,0.037977,0.022779,0.253069,-0.013917,-0.161091,-0.197826,0.065010,-0.059247,-0.028860,0.121050,0.392412,0.169053,-0.228691,0.149619,-0.113738,0.142157,0.162870,0.394406,-0.117442,0.075447,0.010923,-0.069585,-0.056649,0.053149,0.243308,0.044671,0.116608,-0.100805,0.087034,0.074103,0.329390,-0.237117,0.008166,-0.136407,0.046515,0.102019,0.080400,0.374014,0.127038,-0.108230,-0.103467,-0.255877,-0.143211,0.033806,0.076603,0.096054,-0.008948,0.161498,0.048901,-0.172986,0.187296,0.203305,0.314917,0.011117,0.021916,0.244553,0.188200,0.020372,0.145499,0.298965,0.112445,0.075450,-0.014603,0.209640,0.109199,0.117221,0.123877,-0.020502,0.068171,0.408868,0.049043,-0.115101,-0.092543,0.113268,0.076710,0.353175,0.167216,0.048335,0.259975,0.047170,0.039966,0.255898,-0.141736,-0.138922,0.050283,0.176386,0.077111,0.024648,0.181224,0.056681,0.011656,-0.048138,0.116733,-0.137929,0.066344,0.194116,0.030465,-0.020668,-0.053582,0.251905,0.194754,0.300926,0.041124,-0.147229,-0.042055,-0.041863,0.112716,0.124816,-0.123529,0.029532,0.074921,0.008122,0.075951,-0.097748,#
13,-0.121562,-0.409421,0.195678,-0.021138,0.237801,-0.033501,0.020786,0.020852,0.232960,0.061561,-0.123226,-0.019396,0.166439,1.000000,0.112120,0.039461,0.103180,0.019582,0.118438,0.004643,0.296809,0.200053,0.113381,0.107148,-0.362174,0.091915,0.169433,0.188268,0.056961,0.233290,-0.088608,-0.040557,0.213456,0.041878,0.169271,0.092999,-0.094806,0.151420,-0.197888,0.047636,-0.020790,0.292654,0.216177,0.094230,0.235626,0.139623,0.066505,-0.009649,0.170720,-0.179320,0.090918,0.045734,-0.085208,0.426177,0.084723,0.181132,-0.050322,0.133385,-0.042138,0.193333,0.118970,0.179148,0.140523,0.088829,0.027213,-0.012733,0.027343,0.076125,0.239113,0.058030,0.088596,0.017225,0.091354,0.227022,0.142938,0.147422,-0.063610,0.107926,-0.051956,0.464623,0.178237,0.222868,0.274257,-0.050685,-0.039529,-0.013790,0.029087,-0.125914,0.074155,0.056589,0.181129,-0.025208,0.190514,0.151719,0.089856,-0.244395,0.007226,0.134103,0.153034,0.316505,0.017693,0.224567,0.150931,0.285531,0.096632,0.105008,0.055151,-0.086399,0.154875,0.168125,0.089178,0.286717,0.292508,-0.005271,0.339326,0.216595,0.108135,0.235427,0.059460,0.475577,-0.074730,0.015647,0.107586,-0.032272,-0.036496,-0.311839,-0.044707,-0.190270,0.058134,0.107569,-0.101637,0.095687,0.093996,0.252555,0.313558,-0.205457,0.029677,-0.030005,0.017048,0.073646,-0.269803,0.209763,0.316316,0.147422,0.010103,0.101935,0.360453,0.122958,0.102819,0.267281,-0.114297,0.093459,0.133303,0.208031,0.154436,0.357773,-0.247126,-0.013813,0.156465,0.167859,0.128567,0.086949,0.175387,0.118775,0.104949,0.120029,-0.080970,-0.030935,0.018612,0.030325,0.045650,0.297053,0.228045,0.004699,0.256627,-0.097000,-0.052068,0.321954,0.250408,-0.025000,-0.013681,0.335809,-0.032814,0.035188,0.248919,0.152555,0.202129,-0.021320,-0.117322,0.062391,0.092146,0.022329,0.181250,0.267641,0.071368,0.303348,0.017474,-0.210017,0.256075,0.127602,#
14,0.188112,-0.178330,0.040210,0.098446,0.058072,0.018053,-0.012126,0.280597,0.191186,0.182321,0.046458,-0.001515,0.234366,0.112120,1.000000,0.347251,0.016320,0.057284,0.321487,0.084200,0.124595,0.098394,0.184284,0.204103,0.139610,-0.031185,0.061865,0.055176,0.305668,0.141374,0.047076,0.275261,0.012675,0.239135,0.312008,0.233677,0.066248,0.112180,0.167649,0.158310,-0.278120,-0.031222,0.007926,0.095241,0.301460,0.199230,0.094614,0.007675,-0.141317,0.168017,0.137567,0.079213,-0.014327,0.215996,0.216537,0.031109,0.110189,0.194856,0.245501,0.204229,0.125343,0.163539,0.201423,0.285331,-0.076743,-0.079416,-0.073568,0.013500,-0.075974,0.227486,0.225024,0.062813,0.189790,0.249770,0.308844,-0.073811,0.391257,0.212536,0.014766,-0.003535,0.248995,0.223277,0.108414,0.109831,0.063342,-0.107270,-0.025366,0.162333,0.032501,0.027678,-0.252794,-0.059379,0.264194,0.215582,-0.141351,0.049790,0.451704,0.043179,0.082851,0.030536,0.129518,0.193493,0.276065,0.004216,0.225667,-0.148960,-0.093724,-0.117369,-0.372090,0.054249,0.085610,-0.065677,0.102138,0.170384,0.179523,0.184800,0.200900,-0.181029,0.071639,0.028461,0.120258,0.192578,0.029153,0.151736,0.072178,-0.063690,0.097741,0.280980,0.024085,0.153168,-0.085248,-0.153510,-0.014713,0.182562,0.177614,0.056961,-0.259898,0.164601,0.035187,-0.179380,0.053186,0.071673,0.207508,0.113565,-0.098663,0.301569,0.084055,-0.029936,0.137982,0.032429,0.165258,-0.082284,0.219948,0.064946,-0.106764,0.362337,0.254608,0.088655,-0.090181,0.163221,0.057973,0.039724,0.239208,-0.043868,0.132776,0.193213,0.257999,0.019477,0.096292,0.265543,-0.050495,-0.085313,0.279323,0.058317,-0.072791,0.087285,0.097712,0.089946,0.188424,0.033936,0.357511,0.347488,-0.002639,0.054721,-0.064844,-0.193255,-0.001712,-0.126745,-0.075681,0.145104,-0.174300,-0.009890,0.164141,0.269991,0.250730,0.074518,0.029989,0.072607,0.289215,-0.186256,#
15,0.358358,-0.036893,0.139978,0.041431,0.097141,0.258314,0.152563,0.024680,0.268971,0.243207,0.076782,-0.144114,0.042612,0.039461,0.347251,1.000000,0.137140,0.375557,0.130720,0.187691,0.179401,0.177670,0.213642,0.352901,0.104376,0.099122,0.085035,-0.085687,0.111986,0.309290,-0.085365,0.349865,0.076971,0.172833,0.113384,0.445121,0.172656,-0.114026,0.323141,0.118486,0.017246,0.109803,0.036381,-0.096451,0.247137,0.122494,-0.075709,0.251083,0.041858,0.088505,-0.136862,0.591617,-0.137382,-0.019503,0.370347,0.037176,0.123891,-0.009103,0.255584,0.280328,0.388447,0.003547,0.175619,0.119849,-0.070586,0.394874,0.064704,0.073464,0.058751,-0.175321,0.194920,0.006103,0.003229,0.108675,0.178876,0.051189,0.007992,0.086866,0.053339,0.024505,0.384114,0.194679,-0.147221,0.063218,0.233305,0.076910,0.059420,0.359704,-0.059031,0.107522,0.060023,-0.093650,0.053362,0.028154,0.009730,0.055909,0.230827,0.053841,0.099735,0.187971,0.332407,0.068409,0.232432,0.157580,0.088307,0.049102,0.263266,-0.000071,0.008690,0.092331,-0.044921,0.246497,0.129621,0.168576,0.145938,0.167482,0.074742,-0.024498,-0.005263,0.027310,0.013451,0.119671,0.286467,0.094567,0.077991,0.273092,0.369683,0.299055,0.032030,0.375098,-0.150906,0.031287,0.089629,0.282939,0.093171,0.060340,-0.149211,-0.189065,-0.131340,0.019494,0.112615,0.136373,0.134981,0.037937,0.114546,-0.002794,0.156829,0.054346,-0.016803,-0.126284,0.119633,-0.118476,0.251038,-0.009428,-0.069259,0.238203,0.396116,0.190691,-0.019083,0.286396,-0.013125,0.125993,0.354229,-0.081781,0.137441,0.286973,0.118137,0.261155,0.345389,0.052149,-0.025587,0.316080,-0.151287,0.191281,-0.000509,0.182925,0.187952,0.295252,0.326420,0.120621,0.130961,0.083461,0.176327,0.399019,0.064754,0.016772,-0.058590,0.266556,-0.056586,0.080339,-0.331443,0.126299,0.298106,0.241781,-0.109949,0.228151,0.287640,0.156632,0.156842,0.054977,#
16,0.399809,-0.109845,-0.126938,-0.135303,0.102033,0.147950,0.075486,0.138314,-0.161531,-0.125729,0.017445,-0.035799,0.317500,0.103180,0.016320,0.137140,1.000000,0.111002,-0.180373,0.251520,0.143997,-0.057414,-0.138431,0.213594,0.000315,-0.000302,0.199649,-0.073649,-0.000144,0.232956,-0.162747,0.240651,0.081069,0.022038,0.142702,-0.041857,0.054836,-0.037999,0.034097,0.121954,-0.209954,0.000335,0.257371,0.069215,0.018851,0.017951,-0.034741,-0.045147,0.170344,0.119656,-0.088574,-0.062478,-0.037668,0.306904,0.201783,-0.113022,-0.121199,0.042034,0.017263,-0.112380,-0.090240,0.330546,-0.070958,-0.021573,-0.182058,0.016311,-0.215975,0.195266,0.117510,0.130907,-0.157796,-0.042995,0.260386,0.284003,0.094676,-0.069371,-0.131984,0.053652,0.069115,-0.018362,0.065278,-0.168035,-0.116967,0.343275,0.166053,0.198208,0.018754,0.221217,0.260205,0.143394,-0.111272,-0.147836,0.143836,-0.137066,-0.045477,0.052421,-0.000176,0.015679,0.059565,0.257334,-0.250418,0.055100,0.118709,0.286877,-0.104670,0.209114,0.116300,-0.076357,0.075823,0.047017,0.145994,0.106213,0.072217,-0.120723,0.202199,0.047337,0.356661,-0.019840,0.168769,0.018211,0.199461,0.200480,0.242381,0.136394,0.241932,0.047794,0.255974,-0.246784,-0.028261,0.054182,0.180537,-0.173957,-0.065370,-0.138218,0.211560,0.037510,0.000066,-0.111639,-0.135952,0.191319,0.151708,-0.000156,-0.141563,-0.017366,-0.035171,-0.177124,0.198283,-0.034934,0.121187,0.352309,-0.182541,0.200247,0.085836,-0.041945,-0.046926,0.289841,0.181426,-0.017153,-0.091260,0.247155,0.123626,0.109358,0.018101,-0.207268,-0.014565,-0.014520,0.037082,0.276594,0.000041,-0.177086,0.080309,0.146271,0.000301,-0.000130,-0.050901,-0.000144,0.019148,0.128225,0.347306,-0.071067,-0.049425,0.067755,-0.077201,-0.072204,0.118382,0.156961,-0.102818,0.339684,0.148158,0.036589,-0.000075,0.034923,-0.017847,-0.068241,-0.136065,0.207627,0.052391,-0.114992,-0.100877,0.142813,#
17,0.208287,0.080378,0.033745,0.119083,0.043113,0.214160,0.172105,0.018367,0.114105,-0.055215,-0.044648,0.196517,0.304642,0.019582,0.057284,0.375557,0.111002,1.000000,-0.121756,-0.098371,0.106679,0.169991,0.071434,0.207658,-0.056999,0.126991,0.139050,-0.055070,-0.026191,0.084153,0.224165,0.238882,0.119177,0.056853,0.043434,0.290287,-0.093929,0.160303,0.290397,0.091942,0.072375,0.220196,0.124475,0.174018,-0.026653,0.187917,0.139826,0.286827,0.077360,0.036858,0.180739,0.281146,-0.027772,0.100689,0.055710,0.067834,-0.016413,-0.063689,0.030680,0.078166,0.156371,0.109863,-0.061244,0.069187,0.005559,0.344955,0.116768,0.265076,0.131431,-0.059108,0.059348,0.243213,0.028188,-0.103597,0.110159,0.233261,0.079196,-0.000972,-0.024499,0.008502,0.234428,0.162696,-0.106007,0.095342,-0.021530,0.015526,0.389528,-0.018117,0.167461,0.098291,0.023112,-0.184724,0.111524,0.113201,0.096195,0.254249,0.121347,-0.108777,-0.193230,0.002144,0.266072,-0.101126,-0.022533,0.223585,0.089479,0.043078,0.281889,0.131648,0.213706,0.122911,-0.055319,0.017171,-0.147504,0.044904,0.180978,-0.012424,0.064821,0.139974,-0.015206,0.071373,0.085252,0.089755,0.053476,0.153255,0.111466,0.259907,0.226628,-0.093885,-0.105133,0.110124,0.322329,0.149185,0.201357,-0.008381,-0.096576,0.101962,0.117593,-0.016870,0.224426,0.089801,0.269638,0.194666,0.218602,0.149663,0.269321,0.072494,0.090719,0.266166,-0.054772,-0.015840,0.203354,-0.113190,0.146315,-0.057034,0.201927,0.277213,0.258054,0.095184,0.053712,-0.108325,-0.135895,0.110259,0.135112,0.288516,0.075936,0.034987,-0.042903,0.055105,0.239192,-0.014284,0.072303,-0.089615,0.066397,0.036211,0.010750,0.111582,0.244433,-0.009465,0.080124,0.235211,0.362018,0.238444,0.133965,0.162652,0.089058,0.032650,0.051781,0.265760,-0.058279,-0.006313,-0.132016,0.079451,0.258415,0.300234,0.205836,0.191269,0.069008,0.240044,0.003556,0.178716,#
18,0.109182,-0.099362,0.098688,0.297625,0.107564,-0.221944,-0.021454,-0.034797,0.057347,0.271651,-0.083500,0.134513,0.082226,0.118438,0.321487,0.130720,-0.180373,-0.121756,1.000000,0.183697,-0.017138,0.184204,0.158995,0.207165,-0.027302,-0.025636,-0.054784,0.138277,0.016448,-0.009938,-0.105951,0.008201,0.115763,-0.011110,0.194936,0.010404,-0.013823,0.055659,0.008229,0.276418,0.076282,-0.186047,0.075054,-0.154438,0.311534,-0.025490,0.045582,-0.055068,-0.354630,0.078647,-0.122109,-0.003679,0.113457,0.142679,0.220747,0.106853,0.024192,0.093722,-0.050692,0.135059,0.248595,-0.030551,0.226846,-0.010397,0.150862,0.033691,-0.017137,-0.153955,-0.224004,0.091730,0.080609,0.009795,0.113700,0.068376,0.176684,-0.098754,0.204134,0.080384,0.021781,0.192873,0.069629,-0.021984,0.029163,-0.023755,0.005866,-0.133665,-0.031049,0.119981,-0.025152,0.026660,0.104608,-0.111140,-0.042934,-0.115950,0.065267,-0.018087,0.223617,-0.010264,-0.147738,0.011616,0.265794,0.176711,0.153439,0.081617,0.220093,0.043377,-0.043776,-0.206589,-0.265615,-0.143374,0.237108,-0.164820,0.335874,0.185210,-0.119850,-0.023335,-0.071454,-0.071058,-0.147562,-0.078343,-0.011848,0.074238,0.087655,-0.238454,-0.015586,-0.174539,-0.194714,0.256764,0.200791,-0.035338,-0.216891,0.189188,-0.110338,0.267358,0.087812,0.099892,-0.089422,0.177709,-0.042320,-0.099067,-0.106670,0.076665,0.124038,0.272468,-0.044555,0.163994,0.139567,0.034870,-0.154597,0.165069,-0.146605,0.055076,-0.008444,0.049656,-0.139674,0.104651,-0.001545,0.023966,0.062577,0.219019,0.114881,0.048300,0.061316,0.169893,0.029999,0.278192,0.094841,-0.054523,0.037967,0.243501,-0.169521,-0.001995,0.189252,0.075931,-0.011216,0.206775,-0.035241,0.002625,-0.083876,0.154862,-0.068834,0.034789,-0.113905,-0.012057,0.119933,-0.176784,0.345354,-0.199416,-0.010741,-0.035689,0.099725,0.035241,0.196698,0.321345,0.039188,-0.000998,-0.006088,-0.067297,0.181636,-0.070539,#
19,0.233942,0.054830,0.130550,0.019356,0.206725,0.323551,-0.131927,-0.011361,0.084728,0.199247,0.070400,-0.120524,0.109733,0.004643,0.084200,0.187691,0.251520,-0.098371,0.183697,1.000000,-0.014729,-0.091333,0.168250,0.177125,0.054732,-0.040702,0.158651,-0.027838,-0.090563,0.174460,0.146127,-0.011725,-0.019193,0.057888,-0.069637,-0.054040,0.168778,-0.081980,0.219080,0.169125,0.041653,-0.041119,-0.035749,-0.045781,0.067801,0.105058,0.197834,0.013612,0.180180,0.056331,-0.194113,0.109913,-0.082008,0.175913,0.075499,0.096331,0.049319,-0.060740,0.232016,0.128271,0.244831,0.393403,0.220188,0.092157,0.064013,-0.030419,-0.124203,0.118820,-0.076245,-0.083419,0.130882,-0.047018,0.123676,0.118141,0.161555,0.181998,0.135392,0.116959,0.284969,0.168211,0.007364,-0.099893,0.153135,0.102155,-0.011130,0.144366,-0.146227,0.297045,0.140163,-0.230441,-0.073464,-0.060038,0.185905,-0.056959,-0.042553,0.051304,0.097114,0.100789,-0.103153,0.051169,0.219482,0.026605,0.062909,0.125119,0.114351,0.387378,0.123673,0.105391,0.002592,-0.184792,-0.174408,-0.014085,0.173887,0.040461,0.004482,0.066030,0.287170,0.033785,-0.024017,-0.312963,-0.158657,0.175903,-0.002359,-0.013142,0.140856,-0.059788,0.316869,-0.005064,0.131889,0.089719,0.005433,-0.064599,-0.246405,0.194008,0.349067,-0.097471,0.107464,0.115926,-0.205170,-0.218590,-0.149167,-0.012969,0.072145,0.027768,0.074141,0.052185,0.065838,-0.061728,0.082234,0.190492,0.109879,0.279738,0.132697,-0.046339,0.004415,0.271321,0.134231,0.053121,0.184659,0.279936,0.208233,-0.018325,0.036571,-0.120710,0.269233,0.144198,-0.025036,0.196626,0.126044,-0.016130,-0.096132,0.096206,0.367870,0.260064,-0.019252,0.000775,0.006957,0.168180,0.204364,0.041667,-0.118396,0.174528,0.071120,0.261855,0.250161,-0.040639,0.086623,-0.038792,0.091764,-0.031982,0.203158,0.213048,0.049897,0.141916,-0.136230,0.230937,-0.261664,0.061970,0.357053,0.087230,#
20,-0.161017,-0.342697,0.209938,0.058152,0.373198,-0.055552,0.265867,-0.016542,-0.120703,0.240306,0.104990,0.070536,0.003131,0.296809,0.124595,0.179401,0.143997,0.106679,-0.017138,-0.014729,1.000000,0.147039,-0.012188,0.125877,0.030828,0.321948,0.129858,-0.022772,-0.034698,0.210689,-0.014859,-0.047714,-0.024157,0.262769,0.305306,0.297186,0.179873,0.096026,0.305529,0.189895,-0.166152,0.121557,0.064555,-0.112410,0.352350,0.169836,0.152183,-0.234865,-0.213010,0.031153,-0.258666,0.098087,-0.152651,0.323732,0.215476,0.172177,0.122967,0.115239,0.092438,0.098141,0.259979,0.071520,0.064970,0.028482,0.040132,-0.053391,-0.009224,-0.029874,-0.189123,0.105687,0.350108,0.129531,-0.113152,0.028083,0.255571,-0.011404,-0.139964,0.013264,-0.092822,0.032149,0.273817,0.256115,0.112462,-0.152913,0.082152,0.120665,0.018159,0.189503,-0.013469,-0.091969,0.120896,0.000755,0.028026,0.037088,0.246050,-0.282547,0.103552,0.226370,0.130568,0.044655,0.068141,0.117352,0.398605,-0.072390,0.209385,-0.016901,0.199295,-0.086437,-0.158158,0.272117,0.190544,0.195570,0.025307,-0.053858,0.014166,-0.000033,0.269595,0.163771,-0.007252,0.172166,0.203102,0.065736,0.022215,0.185871,-0.008148,-0.056556,0.148336,-0.003971,0.326487,0.155810,0.233884,-0.086366,0.101694,0.256746,0.026839,-0.089120,-0.196316,-0.191930,0.065556,0.123193,-0.080175,0.184400,0.225206,-0.057801,-0.080426,0.052048,0.108812,0.128007,-0.006743,0.194389,0.183221,0.042970,0.132461,0.313407,0.051324,0.067879,-0.024334,-0.189273,0.169034,0.151997,-0.048390,0.127815,0.092838,-0.022142,0.096193,-0.155600,0.075032,0.040091,0.131974,0.009645,0.044337,-0.139632,-0.050150,0.097322,-0.010667,0.067183,-0.174041,0.073429,0.242000,0.037605,0.078051,0.039106,0.094696,0.040296,0.128900,-0.074820,-0.116676,0.074487,-0.082228,0.367965,-0.239415,0.018829,0.042146,0.338990,0.012661,-0.018254,-0.044113,0.149269,0.252810,0.223606,#
