0,1.000000,0.090442,-0.046105,0.280059,0.107534,-0.010296,0.058480,-0.175764,0.065786,-0.052683,-0.009823,-0.042962,0.000714,-0.282616,0.179508,0.303775,0.313150,0.249341,0.290352,0.288855,-0.051072,-0.037481,0.231129,0.298993,-0.025882,-0.037700,0.145084,-0.153739,-0.118189,0.045907,-0.004097,0.122911,0.020739,0.054954,0.170881,0.124737,0.121927,0.034363,0.098195,0.079079,-0.027652,0.080114,0.364200,-0.019070,-0.101620,-0.055678,-0.091856,0.278671,0.049902,0.219455,-0.031516,0.179491,-0.002206,0.108928,0.179587,-0.063696,0.223624,0.048012,-0.023359,0.072879,0.121493,0.174381,0.139145,0.117684,-0.035061,-0.110957,0.018588,0.079637,-0.032290,0.201433,-0.075736,-0.064329,0.120602,0.227156,-0.045631,-0.277877,0.282061,0.229204,0.099883,-0.185084,-0.218968,-0.159518,0.111581,0.172688,0.242162,0.048202,0.236937,-0.005916,0.136602,0.234516,0.136888,-0.117996,0.116171,-0.091727,-0.072795,0.345509,0.126061,-0.279885,-0.020669,0.131662,0.138722,0.090650,-0.102089,0.097571,0.016113,0.113026,0.286850,0.200894,0.259795,-0.037525,-0.023044,0.058355,-0.087526,-0.041536,0.154516,0.135878,-0.104259,-0.078972,0.004235,-0.137024,0.069863,-0.067524,0.195502,0.003438,0.296940,0.175909,0.023793,-0.115263,-0.046677,0.143046,0.102568,-0.136693,-0.179564,-0.173437,-0.037186,0.163987,0.062674,0.087217,-0.315938,-0.002029,0.227201,0.131972,0.007716,0.108005,0.053287,-0.055295,0.002022,-0.090678,0.087785,-0.000899,-0.206311,0.135908,-0.081794,-0.101113,0.137772,0.121407,0.185351,0.146830,-0.020265,0.017160,0.211806,0.145911,-0.020684,-0.111717,-0.101196,0.349774,-0.105770,0.189378,0.233122,0.087691,-0.270135,-0.208923,0.217331,-0.092930,-0.172191,0.192095,0.302963,0.008442,0.020787,-0.111441,0.027783,0.180296,0.010542,0.025958,-0.128140,-0.068957,0.035085,0.303877,0.193346,-0.143612,0.063020,0.342124,-0.085364,-0.012913,0.214194,0.236647,-0.053239,-0.069084,0.057806,0.084069,#
1,0.090442,1.000000,0.186751,0.051481,-0.048113,0.065227,0.472715,0.193740,0.328962,0.182806,0.216688,0.262476,-0.011498,-0.120884,-0.087198,0.093045,-0.080475,0.030031,-0.018169,-0.011679,-0.053693,0.104394,-0.015528,-0.192966,0.079127,-0.070981,-0.066408,0.118801,-0.386938,0.076840,0.149236,-0.137421,-0.129960,0.147218,-0.107808,0.157154,-0.088390,-0.084750,0.166153,0.127832,0.053644,-0.017780,0.333338,-0.044759,0.012229,0.000035,0.243373,-0.079585,0.281373,-0.026307,0.078333,-0.006517,0.280810,0.213650,0.166384,0.161352,-0.083749,-0.113979,-0.059752,0.083996,0.093144,0.013885,0.233174,-0.069902,-0.123363,0.260708,0.298635,0.129805,0.074294,0.112088,0.216539,0.127084,0.146394,0.200049,-0.002643,-0.051243,0.043385,0.064468,0.246263,0.023341,-0.096066,0.214800,-0.060159,0.164218,0.214139,-0.041512,0.090016,0.289015,-0.034868,-0.085862,0.082430,0.125773,-0.186424,0.027028,-0.092289,0.107239,0.024354,0.002504,-0.070845,0.115511,0.163176,0.086665,0.071830,-0.048677,-0.096721,0.108539,0.187235,0.041035,0.259626,0.005426,-0.050787,0.095349,-0.165430,-0.168803,0.130446,0.344286,0.095543,-0.088147,0.177620,-0.057592,-0.331782,0.049844,0.051398,0.035121,-0.028051,0.084018,-0.004139,0.098850,0.297157,0.055710,-0.087643,0.088804,-0.098976,0.139919,0.182148,-0.091892,0.262767,0.190521,0.002127,0.201390,0.098837,0.103013,-0.099709,0.126243,0.244838,-0.196898,0.033150,0.001759,0.202401,-0.080096,0.410466,0.015730,-0.093734,-0.221463,0.130395,0.290408,-0.250854,0.247684,-0.208714,-0.135498,-0.118454,-0.053588,0.200329,0.289489,0.214792,0.036271,0.000490,-0.107404,-0.019938,0.195679,0.138895,-0.018186,0.064433,-0.178005,0.135386,0.147785,0.156317,-0.056095,0.108583,0.054539,0.156906,-0.015343,0.169415,0.019290,0.267942,-0.032902,0.076303,-0.278874,0.246936,0.303162,0.084220,0.394383,-0.187498,0.064809,-0.061530,0.011043,-0.204632,0.284616,-0.112327,0.442478,#
2,-0.046105,0.186751,1.000000,-0.007770,0.148963,-0.002262,0.191896,0.061102,0.017783,0.095984,0.416619,0.225800,-0.052494,-0.002919,-0.203241,0.057782,-0.150735,0.012802,-0.042142,-0.026880,0.112621,0.147811,-0.032194,-0.211679,-0.042107,0.138420,0.120403,-0.012316,-0.260248,-0.011256,0.023974,0.054311,-0.059351,-0.000031,0.044559,-0.017187,0.154446,0.037370,0.166403,-0.187198,0.138059,-0.073724,0.124708,-0.123172,0.002982,-0.015529,0.131638,0.044091,-0.159372,-0.077590,-0.132342,0.102056,0.108426,-0.081528,0.077476,-0.096292,0.129430,-0.101187,0.112452,0.168471,0.358018,-0.141363,-0.175956,0.038949,0.174136,0.079530,0.207768,-0.030046,0.049813,-0.134868,0.171232,0.224019,-0.171586,0.081983,0.171689,0.034639,-0.105677,-0.143799,0.014790,-0.090357,-0.052661,-0.209890,-0.052568,-0.199746,0.240232,0.130316,0.139468,0.134553,0.089836,0.046961,-0.036359,0.252412,-0.088079,0.115079,-0.180713,0.110591,-0.047364,-0.073231,-0.077633,-0.009741,0.071126,0.070035,-0.159901,0.126177,-0.007009,0.206277,0.200175,0.269885,0.098227,0.154149,0.124631,0.117371,0.091303,-0.020771,-0.054055,0.186731,0.120995,-0.093958,-0.197372,0.027403,0.031972,-0.265749,-0.088094,0.017293,-0.005039,-0.105071,0.123187,-0.045422,0.194993,0.112114,-0.119731,0.151708,-0.114971,0.137218,0.114233,-0.126584,0.090149,0.047002,0.007887,-0.012931,0.344972,0.081442,-0.089018,-0.067568,0.251105,-0.225009,-0.246922,-0.152462,-0.090033,-0.081051,0.072223,0.023657,0.210456,-0.012899,0.042759,-0.068962,0.005774,-0.219661,0.083938,-0.089019,-0.223142,-0.074081,0.180714,0.119285,-0.013664,0.094474,-0.038577,-0.174773,-0.046758,-0.093936,-0.061774,0.213546,0.086631,0.023952,-0.073289,-0.103507,0.013218,0.035773,-0.349667,-0.055495,0.128300,0.096515,-0.025330,0.135427,0.013956,0.045934,-0.006128,-0.164153,0.139930,0.058527,0.050715,0.035031,0.055351,0.011071,0.056141,-0.005095,-0.327491,0.149135,0.086685,0.296347,#
3,0.280059,0.051481,-0.007770,1.000000,-0.046692,-0.027925,0.085009,0.114959,0.272349,0.225021,0.114601,0.029976,-0.043743,-0.232769,0.225041,0.041495,0.014737,0.163896,0.288855,-0.146611,0.035368,0.122626,0.258771,0.272226,0.033957,0.023310,0.132095,-0.063318,0.051040,0.149366,0.093559,-0.017751,0.253830,0.416108,-0.097301,0.038254,-0.228715,0.330848,0.259579,0.065872,-0.155996,0.130328,0.183839,0.060899,-0.033550,-0.160952,-0.212790,0.120618,-0.188989,0.035077,0.041902,0.015255,0.146418,-0.154535,0.175132,0.019302,0.238455,-0.060623,0.068905,0.045928,0.096928,0.016708,0.042327,-0.065239,0.104615,-0.129246,0.015891,-0.225065,-0.313268,0.248726,0.025622,0.178000,0.087591,-0.000470,0.036844,-0.200648,0.074831,0.031010,-0.082988,-0.019764,-0.019185,-0.056594,0.259502,-0.098505,0.141178,-0.003502,0.090767,0.003570,0.146011,0.259094,0.266357,0.133319,-0.128265,-0.023849,0.067560,-0.005729,-0.087193,-0.178154,-0.024996,-0.165605,0.186260,-0.071113,-0.104827,-0.161651,0.249057,-0.129152,0.408622,0.227350,0.039707,-0.054618,0.016473,-0.148160,-0.041149,0.047775,-0.058149,0.027753,-0.089011,0.049637,-0.078017,-0.017124,-0.081611,-0.060895,-0.075674,0.022801,-0.050742,0.044594,0.175270,0.260675,-0.039797,0.081220,0.169884,0.164800,-0.046716,0.117674,-0.104830,0.287144,-0.121024,0.049697,-0.056460,0.166184,0.155574,0.258122,0.019251,0.013524,0.012522,-0.023778,0.305514,0.089232,-0.208264,0.075613,0.027227,-0.347898,0.048258,0.020886,-0.007047,0.104976,-0.013555,0.059621,0.147457,-0.147026,-0.090147,-0.008002,0.087557,0.012528,-0.072677,0.098307,0.042315,0.153412,0.044484,0.032150,-0.125742,-0.334385,-0.040149,0.030321,-0.055287,0.201763,0.319831,-0.000114,-0.118051,0.061927,0.013018,0.154798,0.008515,-0.179812,-0.105429,-0.274330,0.143808,0.090437,0.037351,-0.073998,0.045418,-0.013094,-0.044992,0.118414,0.057753,-0.046437,0.053936,0.057523,-0.222126,-0.113274,#
4,0.107534,-0.048113,0.148963,-0.046692,1.000000,0.178665,0.067562,0.057838,0.050600,0.157431,-0.036029,0.045244,-0.053045,-0.062050,0.116937,0.104136,-0.095187,0.147576,-0.042683,0.278202,0.336792,-0.008132,0.102431,0.087062,-0.055993,0.054282,0.040782,-0.145525,0.227534,-0.020709,0.092000,0.092417,0.031365,0.200860,-0.065769,0.114319,0.313168,0.128590,0.298864,0.166844,-0.075534,0.237429,0.082698,-0.041142,0.148728,0.241487,0.281888,0.076132,-0.056902,0.044164,-0.047586,0.079358,0.021730,0.064441,0.288198,0.269562,0.093507,0.028670,0.087601,0.149994,0.135259,0.228418,-0.019340,0.033923,-0.059518,0.000384,-0.096888,0.103635,-0.064547,0.081783,0.180337,0.286699,0.149773,0.035272,0.123873,-0.096462,0.145026,0.050464,0.092647,-0.056519,0.032938,0.027689,-0.017046,0.053822,0.359507,0.049847,0.100143,0.135633,-0.012864,0.138911,0.243290,-0.099914,0.086274,0.062504,0.212826,0.138252,-0.025951,-0.031431,-0.345197,-0.026425,0.156726,0.088334,0.086608,0.181812,-0.013053,0.241488,-0.036827,0.064666,0.209041,0.206334,-0.036215,0.188326,0.088595,0.076943,-0.104342,-0.087041,0.179731,0.085668,-0.092293,-0.053485,-0.152000,-0.182733,-0.094295,0.032117,0.257141,-0.045859,0.213042,0.012349,0.234449,0.200548,0.380132,-0.036957,0.196667,0.258333,0.162593,0.152153,-0.183830,-0.040462,0.276132,-0.035252,0.169681,0.049454,0.222427,0.050919,0.221753,0.187347,0.050231,0.220542,-0.048138,0.100429,0.119232,0.180452,0.353032,0.353940,0.342205,-0.009198,0.073742,0.082265,-0.114289,-0.034999,0.215255,-0.092267,-0.048525,-0.089407,-0.273478,-0.010387,-0.048619,0.076947,0.093600,-0.047455,-0.284249,-0.097773,0.481772,0.065185,0.103891,0.105262,0.308018,0.164606,-0.014415,0.222019,0.165438,-0.014651,0.093920,0.038984,-0.006475,0.149439,-0.245102,0.066583,0.220013,0.324599,-0.262340,0.172568,-0.169792,-0.034186,0.110494,0.171467,-0.055689,0.077533,0.164653,0.408377,#
5,-0.010296,0.065227,-0.002262,-0.027925,0.178665,1.000000,-0.047221,0.113418,-0.034709,-0.031223,-0.100403,-0.142590,0.219843,-0.040565,-0.113751,-0.064411,0.014581,0.010481,-0.169845,0.214428,-0.005638,-0.120460,0.290380,-0.113250,0.050311,-0.171972,0.232269,0.100641,0.212621,-0.093507,0.258698,0.023329,0.269655,0.126733,-0.324560,0.276819,0.097515,-0.098245,0.062168,0.007976,0.174611,0.055750,0.155636,0.282873,0.215386,-0.024519,0.214154,0.054862,0.142749,-0.262691,0.110816,-0.006118,0.094319,-0.143782,0.034860,0.267576,0.133759,-0.189568,0.309100,0.094577,-0.142412,0.115142,0.008419,0.130663,0.186266,-0.018890,-0.235596,0.057186,0.168689,-0.254417,-0.031386,0.097984,0.249766,-0.126827,-0.030981,0.043167,0.080133,0.130043,0.239931,0.118376,-0.037282,-0.091043,0.113561,0.092094,-0.182577,-0.025950,0.126813,0.062246,0.164059,-0.110011,-0.009028,0.097071,0.225860,0.254244,-0.076610,0.087477,-0.143323,0.193601,0.093273,0.142244,-0.014171,0.046761,-0.237554,0.083159,-0.094756,0.267036,0.147083,0.198266,0.100762,0.087122,0.051736,0.285580,-0.213064,-0.148990,0.125871,-0.080585,0.068792,0.116967,-0.043021,0.021385,-0.227341,-0.073453,-0.080264,0.116142,-0.226339,-0.245109,0.271193,-0.328342,-0.041691,0.021345,0.312434,0.214100,0.084415,0.271892,0.219088,0.074056,0.180516,0.055421,0.186046,-0.254151,-0.078582,0.110544,-0.011069,0.086754,0.383250,0.035775,0.048455,-0.023337,0.142492,0.078326,0.038216,0.029179,0.144857,-0.163128,-0.073076,0.074130,0.005983,0.004993,-0.146493,-0.241161,0.155122,-0.135080,0.206414,0.101386,0.091178,0.019619,-0.260291,0.356179,0.036762,0.060312,0.327170,0.259659,0.324671,-0.028362,-0.081062,-0.015854,0.203889,0.058167,0.124644,0.146175,0.204396,0.031745,0.251124,0.017188,-0.173036,-0.045546,0.050559,0.106729,0.101603,-0.076501,-0.036037,0.119846,-0.162038,-0.165294,-0.092601,-0.058234,-0.217059,0.135347,0.051077,0.208940,#
6,0.058480,0.472715,0.191896,0.085009,0.067562,-0.047221,1.000000,0.056591,0.385453,0.111228,0.025151,0.283174,0.179516,0.035007,-0.087679,0.194903,0.019784,0.139563,0.021031,-0.042741,0.093822,0.324531,-0.027021,-0.059547,0.084563,0.124978,-0.011254,0.064182,-0.117148,0.282394,0.021953,-0.054339,-0.133640,0.045560,-0.046508,-0.000802,-0.112178,0.112422,0.073610,0.082036,-0.061409,-0.046563,0.297286,0.025775,0.173247,-0.146545,0.031983,-0.123423,0.103023,-0.089924,-0.151290,-0.090110,-0.045408,0.123237,0.100612,-0.032199,-0.024577,0.031317,0.055139,0.014367,0.313949,0.023629,0.199160,-0.211806,0.049732,0.490136,-0.075604,0.154163,-0.042480,0.057473,0.193444,0.122941,-0.010171,0.322855,0.186186,-0.009836,0.190757,-0.074757,0.267296,-0.062432,0.055557,-0.148355,0.010893,-0.153732,0.131782,-0.009925,0.110899,0.240627,-0.084626,-0.010242,-0.018167,0.031503,0.035802,-0.031793,-0.038734,-0.031197,0.192033,0.047825,-0.043314,0.223103,-0.072515,0.178314,0.172888,0.000898,-0.272865,0.126066,0.190022,0.047960,0.131238,0.125971,0.150078,0.203584,-0.165373,-0.305640,-0.023297,0.190327,0.388209,-0.238714,-0.025535,-0.154206,0.100135,-0.004822,0.015450,0.172955,-0.039398,0.193180,0.046637,-0.073422,-0.025972,0.044544,0.061603,0.050399,-0.058831,-0.014038,-0.010691,-0.008085,0.045690,-0.142476,0.066534,0.240688,0.203491,0.174623,-0.028095,-0.078577,0.038804,-0.029959,0.037046,-0.100041,0.127332,-0.163775,0.358198,-0.172541,0.069204,-0.086454,0.266587,0.014554,-0.036703,0.207934,-0.112175,-0.155731,-0.218096,0.218348,0.225806,0.058437,0.101628,0.211957,-0.013730,0.122486,-0.189782,-0.066243,-0.116541,0.020348,-0.044767,-0.089333,0.200967,0.043164,-0.075900,0.048401,0.122798,-0.093542,0.135036,-0.009432,0.159311,0.006488,0.129784,0.118129,-0.065950,0.105554,0.170546,0.184264,0.110286,0.125167,-0.116145,0.198486,-0.122628,0.014741,0.026917,0.124857,0.023730,0.199385,#
7,-0.175764,0.193740,0.061102,0.114959,0.057838,0.113418,0.056591,1.000000,0.335792,-0.104485,0.153459,0.200441,0.030118,-0.056400,0.164215,-0.156883,0.060097,-0.013940,-0.205747,-0.100001,-0.101285,-0.063216,0.138702,-0.022611,0.130718,0.020564,0.035699,0.028935,-0.035764,-0.059546,0.071272,-0.025594,0.082325,0.110623,-0.265440,-0.092038,0.034966,-0.014536,0.218813,0.117549,-0.222709,-0.084923,0.009777,0.216775,0.101133,0.107283,0.193241,0.116810,0.038880,0.076957,0.388901,-0.081476,0.098311,0.196889,-0.119976,-0.049603,-0.048177,0.110313,0.061965,0.124255,0.106765,0.106602,-0.027294,-0.164484,-0.007162,-0.009751,-0.159837,-0.090833,-0.019803,0.504915,-0.011150,-0.096553,0.255286,-0.069529,0.165453,-0.057911,-0.057336,0.075814,0.134137,0.180223,0.074869,-0.032677,-0.000694,0.120204,0.019494,0.121231,-0.015629,-0.020901,0.065344,0.123261,-0.076686,0.013434,-0.011655,0.142414,0.008695,-0.302353,-0.214574,-0.009212,-0.167107,0.097857,0.121391,0.084596,0.014222,0.128476,0.014969,0.108854,-0.055251,0.069689,0.048350,0.202573,-0.015297,-0.150826,-0.069862,0.001074,0.315562,0.043967,-0.006233,-0.191615,-0.093703,0.193295,-0.007535,0.019209,-0.123763,0.287021,0.122694,0.171032,0.286127,0.141857,-0.022754,-0.157137,0.087781,-0.098225,0.186500,0.124169,0.101945,0.093924,-0.224632,0.056830,0.152530,0.106314,0.042798,-0.102167,0.074875,-0.138194,0.159945,-0.003351,0.008408,0.042356,0.176103,0.137540,0.078152,0.007609,0.087730,0.129815,-0.188441,0.152367,-0.016454,0.136818,-0.009318,0.063415,-0.078896,-0.134931,0.104318,0.000950,-0.150644,0.162802,-0.068529,-0.175252,-0.225305,0.035846,0.062014,0.043128,0.337019,0.013642,0.169504,-0.047133,-0.027432,-0.031846,-0.137664,0.269397,0.295331,0.198365,0.029138,-0.066954,-0.037449,0.168757,-0.084571,-0.242761,-0.036149,0.143123,0.015778,-0.020554,-0.088304,-0.158213,-0.011391,-0.097264,-0.249074,0.214015,-0.090607,0.221080,#
8,0.065786,0.328962,0.017783,0.272349,0.050600,-0.034709,0.385453,0.335792,1.000000,0.230673,-0.040807,0.120583,0.054044,-0.007378,0.273321,0.284065,-0.092355,0.019423,0.078706,-0.068705,-0.197650,0.284212,0.360764,-0.007135,-0.054473,-0.026059,0.044607,0.101580,-0.098821,0.278007,0.137970,0.052879,-0.168529,0.300608,0.021706,0.070716,0.007866,0.098270,0.107122,0.083194,-0.283061,0.181152,0.192817,0.132190,0.178235,-0.023960,0.053118,0.007421,0.104428,0.039327,0.324336,0.200569,-0.005028,0.146203,0.005033,0.290071,0.266025,0.103075,0.121431,0.317071,0.292016,0.055012,0.372100,-0.191742,0.118434,0.212890,0.082404,-0.031907,0.071688,0.181285,0.193465,0.011784,0.088609,0.141683,0.340791,0.039587,0.241701,0.018514,0.083478,0.114289,0.036012,0.167529,0.008968,-0.111109,0.158066,0.013551,0.036764,0.015826,-0.168616,0.144855,-0.001197,0.054857,-0.055694,0.036195,0.006237,-0.013143,0.245251,-0.103831,-0.155208,0.092213,0.140454,0.132233,0.128163,0.089083,0.151933,0.039166,0.066642,-0.014729,0.072730,0.220172,-0.121002,-0.072723,-0.255826,-0.141347,0.304978,0.216301,0.037759,-0.285630,0.006652,0.128904,-0.087146,-0.038793,-0.050093,0.118975,0.034167,0.115699,0.007164,0.231798,-0.067834,0.297736,-0.031105,-0.112235,0.209232,0.157768,0.186493,0.209202,-0.054486,0.013155,0.051080,-0.022671,-0.034714,0.060628,0.366160,0.056980,-0.009513,0.100391,0.205903,0.093682,0.367173,0.010620,0.232290,-0.206581,0.074990,0.179028,0.280414,0.305268,-0.096914,0.370386,-0.006176,-0.069021,-0.171927,-0.053440,0.223266,0.046941,0.159920,0.192092,0.026046,-0.151892,0.104168,0.196088,-0.034418,-0.050097,0.141786,-0.198830,0.112783,0.075916,0.118180,0.032636,-0.062152,0.111993,0.270415,0.092839,0.119252,0.204281,0.004945,0.024393,0.009389,-0.074488,-0.037019,-0.011636,0.024529,-0.034407,-0.070543,0.073682,0.183361,-0.087284,-0.156040,0.220707,0.174621,-0.020587,#
9,-0.052683,0.182806,0.095984,0.225021,0.157431,-0.031223,0.111228,-0.104485,0.230673,1.000000,0.294395,-0.148717,0.087344,-0.138894,0.160558,0.286041,-0.130701,0.115730,0.136900,0.185124,0.075375,-0.032423,0.134041,0.143372,-0.110307,-0.318431,-0.040283,0.075999,-0.121416,0.129791,0.230663,-0.181877,-0.222889,0.118227,-0.054026,0.073757,-0.211927,0.106815,0.182984,-0.104540,0.212761,-0.107415,0.164959,-0.045728,0.048663,0.205428,0.019001,-0.022917,0.040962,0.019832,0.055246,0.081640,0.134143,-0.083369,-0.165682,0.224157,0.035267,-0.054231,0.126199,-0.012952,0.137185,0.117722,0.153073,0.051393,0.078643,0.103730,0.120095,-0.062445,-0.159167,-0.119997,0.293690,0.228705,-0.037749,-0.080825,-0.142529,0.050476,-0.177924,-0.176590,0.095971,0.321022,0.188951,0.070878,-0.051565,-0.193128,0.153696,-0.160144,-0.006752,0.163811,-0.020618,-0.324390,0.009470,0.369658,-0.017022,-0.165664,0.069881,-0.049702,0.211712,0.195470,-0.143940,-0.276964,0.011583,-0.252956,0.343532,-0.089100,0.245698,-0.174138,0.151938,-0.168049,0.047855,-0.100726,0.142622,0.089913,0.058264,0.236873,-0.139531,-0.046883,-0.092581,-0.072715,0.040091,-0.152081,-0.254196,0.084012,-0.135260,-0.112297,-0.174225,-0.148691,-0.182055,0.157240,0.051699,0.161396,-0.094032,0.009960,0.038594,0.261751,-0.013443,-0.151586,-0.045882,0.191456,-0.079171,-0.114072,-0.182105,0.003339,0.261078,0.060924,0.134406,-0.054068,-0.057717,0.203779,-0.211534,0.045966,0.024566,-0.223967,0.186676,0.068108,0.265367,0.022049,-0.028955,0.206516,-0.122237,-0.091095,-0.005482,-0.245368,0.141459,0.278135,0.102369,-0.077662,-0.013860,-0.114745,0.062804,-0.052218,0.054420,-0.050231,-0.038427,0.039765,0.204724,0.162145,0.110688,0.059141,-0.098226,0.029897,-0.080781,-0.109172,0.069287,0.036726,-0.059064,-0.100435,-0.100165,-0.230144,0.345948,0.095764,-0.061241,-0.132016,-0.058685,0.002685,-0.119437,0.023197,-0.246865,0.071230,-0.188165,-0.030529,#
10,-0.009823,0.216688,0.416619,0.114601,-0.036029,-0.100403,0.025151,0.153459,-0.040807,0.294395,1.000000,0.009087,-0.095031,-0.228589,0.007639,0.033370,-0.003343,-0.023067,0.130953,0.088389,0.018592,-0.185193,-0.109970,-0.070106,0.039783,-0.081068,-0.112751,0.071220,-0.411071,0.034159,-0.053856,-0.113350,0.026786,-0.010675,0.037309,0.076251,-0.013790,-0.084141,0.114175,-0.151218,0.133394,-0.117188,0.029825,-0.237829,0.024910,0.025010,0.195360,0.040434,-0.054213,0.281925,0.126641,-0.073227,0.162175,0.056476,-0.104159,-0.007180,-0.090467,-0.236007,0.044660,0.210508,0.028192,0.135434,-0.047481,0.164920,0.055312,0.017326,0.330832,-0.053861,-0.123055,-0.037650,-0.101633,0.195830,-0.143332,-0.061383,0.035538,-0.024080,-0.187956,0.052753,-0.099391,-0.097672,0.214882,0.040072,0.063004,-0.028815,0.277104,-0.178108,-0.088818,0.131684,-0.119582,0.148465,0.143879,0.252729,-0.089905,0.015928,-0.123916,0.272339,-0.109513,-0.092866,0.122192,-0.098540,-0.132734,-0.016896,0.006662,-0.124615,0.118102,-0.289725,0.069206,0.216534,-0.047463,-0.120127,0.080690,0.022517,0.053783,0.012226,0.168582,0.289715,-0.077489,-0.150365,-0.088086,-0.018782,0.036024,0.037138,-0.243847,-0.058905,-0.138233,-0.185075,0.144685,0.094815,0.122535,0.001363,-0.053383,0.061623,-0.178002,-0.107283,-0.108250,-0.115383,-0.128895,0.380497,-0.156881,-0.033749,0.167926,-0.036656,-0.136212,-0.102328,0.212719,-0.180672,-0.262274,-0.235562,0.021410,0.021743,0.064573,0.041470,0.074132,-0.056669,-0.090041,-0.156081,0.222325,-0.211004,-0.018953,-0.198385,0.056428,-0.123488,0.227927,0.175418,0.161410,0.104159,0.184273,-0.084837,-0.038161,0.279445,0.007087,-0.098991,-0.107710,0.047067,0.133784,-0.204919,-0.024762,0.180699,-0.218479,0.040621,-0.063905,-0.052694,0.269231,-0.058774,0.066093,-0.138235,-0.010924,-0.329354,-0.012421,-0.001309,0.167268,0.081807,-0.000562,-0.096222,0.048190,-0.214943,-0.360805,0.172648,-0.163255,0.404395,#
11,-0.042962,0.262476,0.225800,0.029976,0.045244,-0.142590,0.283174,0.200441,0.120583,-0.148717,0.009087,1.000000,-0.091081,0.138179,-0.083337,-0.108731,0.022374,0.004750,-0.063472,-0.412180,0.073009,0.285497,-0.045146,-0.201738,0.070596,0.257429,-0.097611,0.283714,-0.149609,0.199436,0.083250,0.164992,-0.066585,0.190583,0.069088,0.019854,0.240873,0.062863,0.058118,0.331230,-0.172530,-0.007114,0.296571,0.021556,0.088640,0.062275,0.075591,0.075431,0.012165,-0.157398,-0.183726,0.279083,0.016185,0.300878,0.108540,-0.152183,-0.366373,0.165517,0.006393,0.004726,0.251250,-0.199343,0.177561,-0.200731,0.007713,0.248140,0.033549,0.150372,0.167808,0.175167,0.017712,0.158809,0.144235,0.021370,-0.038818,-0.191476,-0.024938,-0.091037,-0.051638,-0.194337,-0.080333,0.139335,0.127729,-0.132551,0.125764,-0.062209,-0.076778,0.248635,-0.011743,0.004088,-0.064937,0.142675,0.073622,0.188539,0.100870,-0.026877,-0.149864,-0.195974,0.076468,0.224239,0.077552,0.177495,-0.059595,0.077521,-0.142745,0.227548,0.065779,0.170475,0.114181,0.093073,0.042482,-0.083179,-0.052323,0.013951,-0.081713,0.218143,0.103363,0.002233,-0.204713,0.205970,-0.077637,-0.055552,0.021492,0.014574,-0.081649,-0.115120,-0.069908,-0.004043,0.228331,-0.007313,-0.095916,0.176620,0.128206,0.141083,0.007282,-0.056362,-0.197243,0.222618,-0.006134,0.363536,0.065251,-0.160370,-0.117132,0.131495,0.200375,0.069554,0.234121,-0.098056,-0.054947,0.030765,0.127418,0.136216,-0.036254,-0.154655,0.106920,0.137132,-0.044900,0.011940,0.131149,-0.066129,0.012614,0.280479,-0.048041,0.026181,-0.052052,-0.052217,0.073668,0.035599,-0.120375,0.183820,-0.029168,-0.094366,0.051294,-0.127325,0.072530,-0.123713,-0.053761,-0.008763,-0.047401,0.129089,0.242486,-0.028593,0.197202,-0.155879,-0.053225,-0.013339,-0.183480,-0.054431,0.061290,0.435268,-0.115431,-0.062915,0.126031,0.362266,0.240834,-0.013014,0.034597,0.195955,-0.076865,0.157898,#
12,0.000714,-0.011498,-0.052494,-0.043743,-0.053045,0.219843,0.179516,0.030118,0.054044,0.087344,-0.095031,-0.091081,1.000000,0.070902,0.127957,0.107286,0.289313,0.340521,0.209411,0.133255,0.048082,0.249780,0.101161,0.179455,-0.061267,-0.007108,0.236177,0.268540,0.026908,-0.026976,-0.017342,0.120454,0.096020,0.015223,0.046116,0.265567,0.011704,0.014349,0.007364,0.188628,0.075882,-0.050864,0.149961,0.278666,0.191731,0.083729,0.214908,-0.039891,0.162609,-0.045478,0.139829,-0.110930,-0.055211,0.178605,0.053446,0.178844,-0.097040,0.082455,-0.079460,-0.230363,0.121685,0.351191,-0.153700,0.306626,0.395051,0.088230,-0.060752,0.170387,0.193575,-0.010885,0.044734,0.105651,0.355273,-0.014074,0.201206,0.350284,0.011732,-0.225015,0.031815,-0.014243,0.224600,-0.087725,-0.145620,0.035092,-0.126096,0.101130,0.166111,0.196897,0.207431,0.027407,-0.094749,-0.196443,0.068463,0.101772,0.058549,0.115139,0.362183,0.277881,-0.060725,0.074232,-0.007283,0.098548,0.176848,0.256456,0.073529,-0.017070,0.040773,0.024220,-0.061997,0.017648,0.193112,0.133039,0.037476,-0.214805,0.142114,-0.055414,0.399587,-0.222916,0.030525,-0.156565,0.197715,0.081273,0.125661,0.247733,0.090862,-0.205877,0.131238,-0.197631,-0.168556,-0.136996,0.154277,0.040656,-0.038703,0.174126,0.327113,-0.157547,0.246165,-0.047702,0.326999,-0.008347,0.026638,0.152848,0.157567,0.006108,0.088069,0.098810,0.013189,0.190656,0.029955,0.204338,0.058506,0.103295,0.199630,-0.065453,-0.039588,0.513112,-0.116825,0.023929,-0.030753,0.042122,0.126420,0.242467,0.187728,0.204443,0.284797,-0.035014,0.174575,0.226829,0.064258,-0.109688,0.132873,0.317905,0.116746,0.123178,0.191054,0.133134,0.137741,0.003119,0.092032,0.069505,0.189347,0.119441,0.092402,-0.037185,0.017843,-0.033370,0.163294,0.220304,0.068433,-0.215812,0.077824,-0.090604,0.124867,0.135457,-0.023289,0.163375,-0.070872,0.107992,0.161499,-0.033823,#
13,-0.282616,-0.120884,-0.002919,-0.232769,-0.062050,-0.040565,0.035007,-0.056400,-0.007378,-0.138894,-0.228589,0.138179,0.070902,1.000000,0.220027,-0.110235,0.005174,-0.032886,-0.037835,-0.123421,0.153704,-0.047604,-0.045017,-0.111996,-0.251704,0.151700,-0.067590,0.149015,0.024415,-0.077914,-0.027376,0.064546,0.012814,-0.082775,0.016340,-0.182602,0.031485,0.094900,-0.484063,0.080930,-0.142247,0.065431,-0.034480,0.081258,0.186400,0.081751,0.082240,-0.154444,0.039563,-0.274769,0.074410,-0.141921,-0.096937,0.342909,-0.232318,-0.016034,-0.034411,0.194449,0.003335,0.050905,0.037352,0.074197,0.052591,-0.053098,-0.028172,-0.085797,0.050173,0.060328,0.106510,-0.061120,0.152607,-0.025556,-0.153620,-0.099475,0.221498,0.181960,0.011669,0.088151,0.037411,0.111450,0.163696,0.064976,-0.046879,0.093411,-0.031881,0.152956,-0.027692,-0.151683,0.094569,-0.077865,-0.115234,-0.013412,0.095093,0.267289,0.097337,-0.219672,-0.040051,0.118642,0.070105,0.257154,-0.096171,0.231738,0.143131,0.223291,-0.085222,0.116475,-0.038891,-0.081984,0.083768,0.273455,-0.091014,0.106591,0.297609,0.039552,0.145902,0.137036,0.067483,0.010823,-0.081933,0.288380,0.225770,-0.020858,0.017378,-0.014101,-0.046489,-0.221166,-0.206870,-0.252358,0.035922,-0.053096,-0.188674,0.180264,0.082882,0.164676,0.110423,-0.106402,0.010213,0.014496,0.090514,0.032999,-0.332427,-0.004108,0.367142,0.059345,-0.040657,0.107252,-0.045785,-0.030774,-0.028546,-0.140894,0.034878,0.005164,0.008590,0.144939,0.014019,0.089080,-0.056222,-0.040110,-0.015213,0.145533,-0.001555,0.117971,-0.164864,0.132011,0.016825,-0.077750,-0.101912,-0.186264,-0.262776,-0.170929,-0.021503,0.061161,0.038621,0.083366,0.050473,-0.225467,-0.137156,-0.044287,0.111885,-0.173425,0.023423,0.212689,-0.031848,-0.074545,0.243653,0.264780,0.097518,-0.202355,-0.280015,0.083326,0.000195,-0.065044,0.017709,0.186453,-0.048980,0.102916,0.134168,-0.294447,0.167325,-0.056017,#
14,0.179508,-0.087198,-0.203241,0.225041,0.116937,-0.113751,-0.087679,0.164215,0.273321,0.160558,0.007639,-0.083337,0.127957,0.220027,1.000000,0.212840,-0.004011,0.144376,0.394069,0.191339,0.146375,-0.134893,0.156435,0.140580,-0.006517,-0.172312,0.186539,0.070112,0.176939,-0.072738,0.023064,0.155321,0.003010,0.148779,0.136706,0.094791,-0.074691,0.094304,-0.025917,0.280743,-0.236915,-0.082532,0.117726,0.026872,0.238873,0.033888,0.013084,-0.112525,-0.081821,0.166458,0.080777,-0.137135,0.182429,0.258701,0.159755,0.094385,0.218120,0.153919,0.101488,0.015397,0.148660,0.163758,0.100416,0.188631,-0.089275,-0.236813,0.140812,0.060187,-0.301629,0.303102,0.037157,-0.069552,-0.039383,-0.032945,0.273243,-0.064541,0.227011,0.008570,0.023509,0.017258,0.039356,0.110760,-0.114118,0.241415,0.070448,0.085683,-0.188017,-0.148419,-0.110893,0.051114,-0.117733,-0.007825,0.247968,0.110868,0.092070,0.100721,0.156416,0.101921,-0.140224,-0.086414,0.174759,0.159944,0.059551,0.292450,0.272910,-0.146531,-0.026295,-0.148750,-0.221997,0.049223,0.012312,-0.217613,-0.037001,0.130502,0.086092,0.120512,0.070291,-0.276356,0.028043,0.074862,0.195953,0.128362,-0.233329,-0.132126,-0.021503,0.088102,-0.062844,0.183627,0.008987,0.174885,-0.049088,-0.134071,-0.050534,0.216355,0.204073,0.117890,-0.269249,0.000896,0.140213,-0.172971,-0.104863,0.101132,0.407425,0.105709,-0.222091,0.206963,0.012224,0.173342,-0.151305,-0.061250,0.001800,0.045072,0.076105,0.081821,0.122742,0.188252,0.094620,-0.024579,-0.172191,0.150720,0.086774,-0.048809,0.243736,0.067701,0.023409,0.001489,0.113295,-0.040332,-0.037682,0.155701,-0.135817,-0.187301,0.244523,-0.069114,-0.087269,-0.076955,0.169304,0.069817,0.211871,-0.016970,0.211254,0.124299,-0.075640,0.123003,0.002633,-0.020321,0.021057,-0.137797,-0.150447,0.062114,-0.079133,-0.084408,0.030371,0.010553,0.056097,-0.041913,-0.213005,-0.114376,0.272467,0.089775,#
15,0.303775,0.093045,0.057782,0.041495,0.104136,-0.064411,0.194903,-0.156883,0.284065,0.286041,0.033370,-0.108731,0.107286,-0.110235,0.212840,1.000000,0.236037,0.049853,0.171444,0.189888,-0.210405,0.071168,0.348751,0.116499,0.024644,-0.056245,0.116477,0.048938,-0.046219,0.320209,-0.081250,0.273501,-0.096164,0.161133,0.116360,0.226481,0.126908,-0.038613,0.149675,0.034115,0.030721,0.032867,0.053608,0.114782,0.089087,-0.041859,-0.202961,0.216023,0.032832,0.148553,-0.293051,0.262940,0.184850,0.137922,0.083288,0.092160,0.052046,0.059040,0.282190,0.099439,0.162948,-0.076065,0.223390,0.096031,0.045508,0.249023,0.037716,0.109783,-0.094424,-0.159021,0.176662,0.142498,0.012705,0.034799,0.114508,-0.112687,0.077871,-0.012858,0.033175,-0.099980,0.212839,-0.082377,-0.353213,0.116621,0.275146,0.129284,0.070620,0.366570,-0.101765,0.116057,0.142589,0.048128,-0.128605,-0.183421,0.102675,0.165820,0.348610,-0.025442,-0.118284,0.077282,0.251993,0.136336,0.000555,0.176409,0.069394,-0.067023,0.127341,0.055857,-0.007053,-0.058042,-0.080815,0.150648,-0.081387,-0.023808,0.033714,0.112684,-0.151638,-0.074560,-0.014857,-0.225093,0.185932,-0.026349,0.200611,-0.096453,0.070496,0.198622,0.035602,0.334365,-0.088667,0.336306,-0.267629,-0.014829,0.058056,0.158904,0.180324,0.045191,-0.078042,-0.196537,0.069923,-0.094726,-0.024292,0.106087,0.224936,0.116725,0.125090,-0.073844,-0.017781,0.071718,0.099194,-0.016163,-0.062990,-0.074608,0.010952,-0.051062,0.102196,0.050466,0.192710,0.114249,-0.079779,0.052762,0.062011,-0.089014,0.184271,-0.006246,0.052409,0.287053,0.056610,0.104653,0.335712,-0.031232,-0.072411,0.277836,-0.157696,-0.005670,0.144942,0.108042,0.255661,0.182176,-0.043166,0.001891,0.129144,-0.091830,0.042982,0.278348,0.034676,0.130228,-0.109873,0.153187,-0.103937,0.002136,-0.146596,0.005919,0.135565,-0.059576,-0.153082,0.193324,0.024697,-0.024308,0.058185,-0.162348,#
16,0.313150,-0.080475,-0.150735,0.014737,-0.095187,0.014581,0.019784,0.060097,-0.092355,-0.130701,-0.003343,0.022374,0.289313,0.005174,-0.004011,0.236037,1.000000,-0.027053,0.006788,0.328580,-0.081898,-0.125295,-0.075517,0.008064,-0.006974,0.027086,0.113502,-0.171803,-0.150255,0.403237,-0.148832,0.051927,-0.024030,0.218562,0.130381,0.076821,0.077675,0.053856,0.048330,0.045262,-0.150882,-0.100962,0.139230,0.130749,-0.043483,0.060187,-0.071585,0.040767,0.002288,0.121203,-0.036080,0.023011,0.182331,0.285985,-0.208095,0.015882,-0.076030,0.021030,0.036848,-0.143083,-0.004708,0.266747,0.019670,0.065031,0.068645,-0.008131,-0.358658,0.179290,-0.006778,0.166982,-0.119227,0.081032,0.113978,0.059132,-0.026973,0.029227,-0.180129,0.155876,-0.000069,-0.012421,0.059266,-0.118243,-0.103522,0.318681,0.131461,0.274062,0.065697,0.214047,0.211275,0.028204,-0.004107,-0.102619,0.175170,-0.195461,0.062143,0.105051,0.149384,-0.121604,-0.064171,0.190966,-0.274440,0.045423,0.120188,0.044726,-0.092669,0.121190,0.218761,0.233307,-0.013759,0.019174,-0.102206,0.010789,0.041579,-0.094658,0.155512,-0.123124,0.104939,-0.001308,0.126731,-0.072648,0.358052,0.161164,0.306286,0.202724,0.298440,-0.010213,0.075021,-0.097268,-0.098326,0.175144,0.035325,-0.077484,0.040909,-0.314363,0.283187,0.072993,-0.016696,-0.017197,-0.048205,-0.030846,-0.120312,-0.045540,0.068229,-0.048560,0.105048,-0.119706,-0.050457,-0.020114,0.276261,0.321332,-0.210556,0.134790,-0.053157,0.036895,-0.111044,0.224323,0.026378,0.110794,0.027673,0.197406,0.054731,0.074713,-0.090175,-0.008937,0.071426,-0.007399,0.128730,0.193653,0.013539,-0.204909,0.032194,0.080142,-0.137071,-0.075180,0.069430,0.045549,0.027562,-0.044543,0.101656,-0.201537,-0.052378,0.054522,-0.029247,-0.239029,0.082968,0.200861,0.062827,0.199509,0.003248,-0.055206,0.147939,-0.001546,-0.200086,-0.070114,-0.062353,0.269482,0.106629,-0.191111,-0.165184,-0.102050,#
17,0.249341,0.030031,0.012802,0.163896,0.147576,0.010481,0.139563,-0.013940,0.019423,0.115730,-0.023067,0.004750,0.340521,-0.032886,0.144376,0.049853,-0.027053,1.000000,0.060650,-0.032113,0.038982,0.046171,0.030392,0.281129,-0.329895,-0.154198,0.181799,-0.092978,-0.065018,-0.077792,0.166150,-0.006051,0.254538,0.026890,0.147815,0.083760,-0.272294,0.222111,0.091209,0.159004,0.156740,0.038784,0.214605,0.155760,0.035148,0.083715,0.169753,0.132687,0.030983,-0.054751,0.135399,-0.003181,-0.062613,0.091821,0.003012,-0.019111,0.081571,-0.094298,0.071189,-0.121249,0.099058,0.144974,-0.239463,0.281204,0.114737,0.260984,0.144358,0.279440,0.027629,0.108525,-0.011338,0.364997,0.050629,-0.136693,0.119917,0.099558,0.077027,-0.185481,-0.024009,0.077576,-0.147963,-0.016777,-0.015514,-0.027458,0.051875,-0.014881,0.231744,0.037030,0.059817,0.051067,0.077796,-0.113447,0.230201,-0.129835,0.148017,0.198280,-0.006260,0.012926,0.026146,0.053267,0.171054,-0.047597,-0.024358,0.160584,0.111551,0.005954,0.021233,-0.057317,0.251512,-0.120734,0.044638,-0.023737,0.051770,0.086823,0.011896,-0.106929,0.125496,-0.176832,0.063448,-0.055320,0.096741,0.077491,-0.096709,0.067601,0.276492,0.090177,-0.041934,-0.004615,-0.121519,0.098444,0.228888,0.098077,-0.002908,0.065193,-0.049580,0.054145,0.192024,-0.002163,0.134163,0.143265,0.250514,0.121925,0.086345,0.060561,-0.070228,0.220481,-0.082533,0.073569,-0.146471,-0.051186,0.117509,-0.140392,-0.053459,-0.084220,0.260407,0.125686,0.071104,0.232337,0.205770,-0.113884,-0.065135,0.117073,-0.011384,0.267428,0.000136,0.027691,0.000707,0.094282,0.153344,-0.142664,0.002158,-0.099215,0.103912,0.026547,0.125163,0.037626,0.321780,-0.046072,-0.066696,0.189416,0.193078,0.127356,0.067600,0.090482,-0.055546,0.114185,0.128835,0.001197,0.097878,-0.137712,-0.053815,0.312941,-0.016044,0.152320,0.066434,0.147095,-0.148221,0.152169,-0.184323,0.119429,#
18,0.290352,-0.018169,-0.042142,0.288855,-0.042683,-0.169845,0.021031,-0.205747,0.078706,0.136900,0.130953,-0.063472,0.209411,-0.037835,0.394069,0.171444,0.006788,0.060650,1.000000,0.087653,0.052974,0.062349,0.170667,0.179032,-0.037255,0.027211,-0.136614,0.149038,0.041032,-0.150700,-0.169231,0.061054,0.134486,0.208346,0.371178,0.162393,0.007232,0.077149,0.063249,0.316543,0.122807,0.010401,0.202704,-0.086857,0.133244,-0.036191,-0.149582,0.034324,-0.215160,0.187342,0.054587,0.140486,0.095163,-0.144585,0.236777,0.060244,0.068476,0.049471,-0.102188,0.130611,0.162821,-0.070106,0.280026,0.208615,0.385883,0.052364,0.259538,-0.041468,-0.206297,0.059354,-0.020167,0.059415,-0.108212,-0.154494,0.149165,0.159663,0.128197,0.005613,-0.158370,-0.099576,0.033109,0.000286,0.099180,0.116183,-0.030055,-0.104284,0.174730,0.073233,0.026506,0.145695,0.147317,0.018718,-0.051205,-0.041707,0.021701,0.341084,0.264707,-0.163568,0.124803,0.018703,0.152320,0.147757,0.056595,-0.054600,0.387105,-0.147191,0.124206,-0.170018,-0.100267,-0.178485,0.106290,-0.017090,0.097664,-0.045945,-0.062391,0.123733,-0.086593,-0.300414,0.052045,0.118515,0.109142,-0.024163,0.127359,-0.176587,-0.084890,-0.153360,-0.181637,0.261051,0.111867,0.136125,-0.216085,0.143556,-0.179777,0.158465,0.067018,0.065696,-0.027784,0.174285,-0.160872,0.104274,-0.003499,0.043485,0.172798,0.173768,-0.022789,0.161398,0.010351,0.048059,-0.272247,0.009764,-0.073752,-0.036786,0.057448,0.001400,0.027842,0.146186,0.123671,-0.040315,-0.110845,0.075977,0.134572,0.188393,0.114212,0.160419,-0.057957,0.305682,0.048078,-0.017880,0.183302,0.346833,-0.280836,-0.144992,-0.026884,0.244459,-0.024175,0.248521,0.326120,0.016266,0.139131,-0.145740,0.028073,0.036243,0.098967,-0.010734,0.045634,-0.205936,0.337724,-0.068485,0.097406,-0.098534,-0.057314,-0.031634,0.154873,0.105896,0.115355,0.183056,0.014566,-0.048941,0.133503,0.005520,#
19,0.288855,-0.011679,-0.026880,-0.146611,0.278202,0.214428,-0.042741,-0.100001,-0.068705,0.185124,0.088389,-0.412180,0.133255,-0.123421,0.191339,0.189888,0.328580,-0.032113,0.087653,1.000000,0.016895,-0.423978,0.057572,0.000000,-0.090155,-0.058419,-0.000058,-0.111220,-0.040650,0.121647,0.232041,-0.043446,-0.068940,-0.038511,0.012794,0.128769,0.015394,-0.169168,0.053923,0.038521,0.030142,-0.054711,0.173725,-0.118195,-0.157264,0.016108,0.132731,-0.125124,0.049029,0.282248,0.015564,-0.066339,-0.028586,0.035145,-0.082454,0.219177,0.168961,-0.084911,0.142960,0.070680,-0.013181,0.411425,0.041591,0.262484,0.157765,-0.272189,0.064678,0.121071,-0.353934,-0.054561,0.238911,-0.044026,-0.018472,0.084229,0.042872,0.154662,0.015139,0.106255,0.360373,0.124848,0.131953,-0.131336,0.043901,0.173197,0.057342,0.310143,-0.072885,0.199626,0.095314,-0.263655,0.013194,-0.090261,0.105674,-0.205780,-0.110946,0.201190,0.284100,0.181866,-0.207820,-0.037943,-0.079159,-0.044614,0.156219,0.027792,0.036900,0.303380,0.056843,0.161945,-0.015075,-0.134363,-0.092170,0.147955,0.062706,-0.048427,0.100973,-0.141887,0.199450,0.043407,0.117052,-0.418551,0.200676,0.093894,-0.015033,0.170569,0.278184,-0.080413,0.171193,-0.136084,-0.012028,0.188616,0.159921,-0.046580,-0.123211,0.000488,0.405472,-0.029046,-0.038225,0.026179,-0.082998,-0.212914,-0.096894,0.162766,0.133182,-0.041513,0.047207,-0.052242,-0.139462,0.000573,0.052308,-0.037131,-0.014447,0.237257,0.080631,-0.011920,0.081755,-0.050584,0.136013,-0.070330,0.014742,0.079123,0.318469,-0.254644,0.034091,-0.053569,0.098262,0.024606,0.082343,0.163331,0.198480,-0.095082,-0.104594,0.149039,0.312827,0.243004,0.043599,-0.054096,0.124122,-0.048307,0.326130,-0.188382,-0.055834,-0.111891,0.111532,0.150557,0.200386,0.097076,-0.099202,-0.051931,0.074964,-0.014546,0.226489,0.218816,-0.235565,-0.174229,-0.121512,0.157027,-0.327347,-0.063661,0.200158,0.166519,#
20,-0.051072,-0.053693,0.112621,0.035368,0.336792,-0.005638,0.093822,-0.101285,-0.197650,0.075375,0.018592,0.073009,0.048082,0.153704,0.146375,-0.210405,-0.081898,0.038982,0.052974,0.016895,1.000000,0.220248,-0.037944,-0.053522,0.027674,0.239948,0.146460,-0.168556,0.101567,-0.125269,-0.170068,-0.213422,0.086754,0.123563,0.042567,0.021050,0.148866,0.373414,0.279314,0.300208,-0.051606,0.027369,0.008788,-0.216118,0.119876,0.077371,0.322646,-0.164965,-0.202659,0.067602,-0.243909,-0.082624,-0.181345,0.208277,0.316789,0.202674,0.158159,0.170464,-0.049677,-0.124487,0.071819,0.217454,0.012312,-0.028282,-0.223687,-0.116018,-0.171853,0.175718,-0.000727,0.124498,0.327252,0.286036,0.068678,0.037931,0.048187,-0.093301,0.002174,-0.049419,0.004600,-0.089805,0.066349,0.105128,0.140265,-0.083641,0.179949,0.014644,0.001377,-0.055877,0.264498,-0.042868,0.094092,-0.050839,0.040137,0.198303,0.382738,-0.036437,-0.123613,0.160588,0.053925,-0.075084,0.204329,0.163995,0.139946,-0.116629,0.140996,0.120538,0.136346,0.028025,-0.019366,0.108243,0.209022,0.285009,0.079436,-0.246814,-0.037753,0.203203,0.334489,0.193014,0.083121,0.166972,-0.077504,0.151973,-0.116355,0.060346,0.005712,0.002506,0.005192,-0.043857,0.363687,0.084312,0.290419,0.014839,-0.140083,0.217952,0.085480,-0.206944,0.076210,-0.162315,-0.007483,-0.038966,0.191088,0.133986,0.281888,0.207061,0.013018,0.109255,0.037495,-0.041142,-0.221105,0.235681,0.220698,0.121114,-0.048681,0.288307,0.051519,0.071056,-0.172502,-0.165527,-0.230839,0.115034,0.104562,0.129989,0.106995,0.104629,0.003348,-0.119137,-0.176762,0.110510,0.054173,0.014700,0.069079,-0.287672,0.131333,-0.005861,-0.018184,0.029536,-0.047827,0.007964,0.230222,-0.063715,0.001685,0.046547,-0.153075,-0.092973,0.165110,-0.099173,0.167958,0.088212,0.038167,0.292018,-0.075555,-0.005590,-0.120865,0.240628,-0.025240,0.082218,0.022045,0.055684,0.273631,0.271260,#
