0,1.000000,-0.006206,-0.144367,0.090176,0.141200,0.068156,-0.020514,0.201617,0.024298,-0.037826,0.049896,-0.075958,0.302415,-0.461599,0.169461,-0.009327,0.111012,-0.070224,-0.077012,0.119214,-0.177505,-0.033575,0.050535,-0.028979,0.070545,-0.022375,0.279073,0.105475,-0.089543,0.092330,-0.073992,-0.082122,-0.132572,-0.216617,0.196950,0.089888,0.132333,-0.130805,0.172389,0.121141,-0.301015,0.020124,0.057435,0.158171,-0.063271,-0.023091,0.152702,-0.112262,-0.151564,0.078386,0.275896,-0.106348,0.285210,0.101995,-0.170333,0.090467,-0.054336,-0.061328,0.043566,-0.146535,0.232406,-0.029047,-0.042754,0.102414,0.071200,0.091401,-0.265236,0.340817,-0.235637,0.099715,0.131589,0.089674,0.058204,-0.109906,-0.000921,-0.007853,-0.181270,-0.216135,-0.166905,0.119204,0.315308,0.123342,-0.134653,-0.169403,-0.034363,0.321937,0.075987,-0.285471,-0.152443,0.013633,-0.155506,-0.185795,-0.054008,-0.153044,0.030418,0.175563,-0.119433,-0.006852,0.026506,-0.144893,-0.084444,0.055933,-0.396837,-0.090870,0.110030,-0.245395,-0.346102,0.109502,0.147880,0.086444,0.296434,-0.220796,-0.025956,0.034177,-0.074618,0.219074,-0.148829,0.034019,0.134074,0.090933,0.094111,0.323181,0.186281,-0.005464,-0.009994,0.028160,0.184206,-0.027175,-0.043414,0.013568,-0.082378,-0.024608,-0.269507,-0.136751,0.040188,-0.083315,0.094534,0.263770,-0.227216,-0.204392,-0.328629,0.169989,-0.121667,0.219491,0.122384,0.040030,-0.029016,-0.113172,0.050925,-0.084692,-0.208092,-0.112589,0.017909,-0.202039,0.083481,-0.033935,0.055185,0.082896,0.111984,0.094963,0.099827,0.367412,-0.102146,-0.107137,0.122782,0.037195,0.097046,-0.114693,0.158475,0.175715,-0.014233,-0.080807,0.350804,-0.080747,0.263832,-0.262529,-0.141760,0.033578,0.095274,0.189318,-0.023691,0.164961,-0.138203,0.144000,0.107467,0.070525,0.023971,0.139350,0.091495,0.219591,0.026906,-0.123756,-0.160161,0.039499,0.078292,-0.175129,-0.141316,-0.103204,-0.047506,0.086873,#
1,-0.006206,1.000000,-0.070818,0.148118,-0.050698,0.263292,-0.028208,0.100758,-0.012485,-0.045279,0.013736,-0.102991,0.255710,0.269719,0.172657,-0.299380,0.220407,-0.073204,-0.017793,0.090227,0.235232,0.159888,0.375667,0.428537,0.038706,0.384495,0.182439,-0.221410,-0.065881,0.122969,0.067805,-0.003048,0.019581,-0.005394,0.184535,0.378816,0.065138,0.161988,0.140166,0.105334,-0.118687,0.019056,0.011127,0.018460,0.078417,0.204450,-0.000180,0.203122,0.128137,-0.006813,0.137694,0.241146,0.176294,0.064888,0.053180,0.213534,0.049262,-0.060853,0.195843,-0.021306,-0.011244,0.015152,-0.113310,0.019278,-0.033611,-0.030202,0.157266,0.064367,0.222631,0.386620,0.209864,0.207939,0.436459,0.028440,0.048664,0.077370,0.183925,0.228243,-0.033580,-0.105547,0.193097,0.169760,0.253546,0.015029,0.063795,0.215756,0.055421,-0.153428,0.058239,0.118857,0.238414,0.052481,0.030486,-0.149576,-0.031394,-0.092044,0.072208,0.149208,-0.000772,0.199661,-0.026998,0.177522,0.175704,0.271251,0.211822,-0.085591,-0.126817,0.229574,0.039329,-0.011639,0.128723,0.357691,-0.031343,-0.026515,-0.090653,0.091986,0.478333,0.418530,0.190902,-0.191848,0.382991,0.138290,-0.002780,0.121399,0.048425,-0.040664,0.249743,0.094714,0.017399,-0.066649,-0.066759,-0.165255,-0.048420,0.297393,-0.119097,-0.315082,-0.043890,0.210197,0.243601,-0.022424,0.100758,0.029236,-0.222173,-0.184689,-0.125070,0.156878,0.111159,0.052583,0.064715,0.028296,0.156935,0.007939,-0.016065,0.096276,0.295983,0.081335,0.286542,-0.022669,0.088972,0.043330,-0.079896,0.134170,0.160840,0.048318,0.177539,-0.095988,-0.073333,0.396215,-0.065960,0.008027,0.318790,-0.139826,0.216845,-0.018342,0.192436,0.130749,0.087480,0.175917,0.050419,-0.284093,0.109207,-0.165140,-0.049483,-0.040073,-0.209044,0.255032,-0.011260,0.014308,0.202837,0.254548,0.083785,0.210967,0.008398,0.220266,0.287618,0.104111,0.103449,0.061559,0.010081,0.089946,#
2,-0.144367,-0.070818,1.000000,-0.006308,-0.051541,0.138534,0.178062,0.106609,-0.111387,0.135525,0.023273,-0.158088,-0.149214,-0.054106,-0.038222,-0.031562,-0.087426,0.206551,0.024161,0.082409,-0.019737,0.143063,-0.158971,-0.073795,-0.127324,-0.218823,-0.017097,0.102574,-0.240777,-0.047754,-0.069617,0.184449,0.301376,0.261966,0.005132,-0.148916,0.201327,-0.084174,0.093066,0.220957,0.287773,0.258546,-0.215076,-0.016367,0.086607,0.298110,0.107601,-0.064654,0.014325,0.325704,-0.028058,-0.175512,-0.113224,0.187703,0.127014,0.145967,0.145338,-0.030495,-0.036925,-0.048270,0.077955,0.063084,-0.101270,0.205617,-0.063519,-0.254315,0.383562,-0.131222,0.137669,0.131888,0.279472,0.013044,-0.113231,0.170368,-0.110720,-0.071793,0.172182,0.087182,0.089661,0.314448,-0.120159,0.263571,0.091120,0.272700,-0.096001,0.196440,0.247163,0.389173,0.232234,0.000956,0.344394,-0.057055,0.141339,-0.099786,0.309150,-0.069921,0.012991,-0.000231,-0.055461,-0.033487,-0.081087,-0.254951,-0.184602,0.068716,0.116786,0.340019,-0.039579,-0.094333,0.131227,0.045538,0.044478,-0.094910,0.178837,-0.048437,0.150512,-0.254711,-0.080686,-0.024335,-0.001653,-0.070522,0.158068,0.188916,0.019225,-0.032891,-0.029412,0.135704,0.068963,-0.034477,0.044926,0.110573,0.014913,0.101942,-0.132026,0.278060,0.070015,-0.094980,-0.146927,-0.163159,-0.162153,0.139509,0.138304,-0.073252,0.147231,-0.039043,0.161914,0.169892,-0.000671,0.028691,0.298996,-0.130271,0.189676,-0.012516,-0.015493,-0.032351,-0.227647,0.163362,0.141660,-0.031553,-0.096990,0.059032,-0.040676,-0.089235,0.042449,-0.026463,-0.222206,0.084092,0.110335,-0.001714,-0.054878,0.081615,0.112522,-0.006988,-0.069979,-0.045894,-0.136355,0.344825,0.216036,0.028699,0.098402,-0.008847,-0.040405,0.175879,0.125074,0.259708,-0.091886,0.185362,0.024250,0.100585,0.050687,-0.096567,-0.136250,-0.033897,-0.017692,0.159601,0.079526,0.106436,0.238459,0.013201,-0.143045,-0.031622,#
3,0.090176,0.148118,-0.006308,1.000000,0.282180,0.082242,-0.154805,0.148986,-0.165786,0.068942,-0.221682,0.024550,0.081088,-0.109574,0.058005,-0.297733,0.037517,-0.065826,-0.130908,-0.074753,0.221033,0.164865,0.150906,0.009670,0.067693,0.279766,0.192177,0.293306,0.054150,0.048709,-0.113557,0.075568,0.047835,0.089934,0.099064,0.021236,-0.151055,-0.149191,0.093911,0.361691,0.047243,0.334911,-0.037511,-0.100082,0.259030,-0.078961,-0.014397,0.338059,-0.019806,0.051319,0.000939,0.014424,0.207983,-0.022892,0.309267,0.037528,-0.245280,-0.009933,0.324467,-0.012072,0.223801,-0.012161,-0.070838,-0.029125,0.087397,0.123301,-0.099265,-0.187869,-0.095358,0.119308,-0.122449,0.070862,0.342218,0.201677,0.082417,-0.130222,0.029494,-0.014406,-0.003792,0.118472,0.045075,0.380141,0.074200,-0.091101,-0.052684,-0.001798,0.018142,0.055855,-0.007030,0.064941,-0.040277,0.010714,0.052139,-0.080254,0.161373,0.115541,0.021591,0.025027,-0.349608,0.154380,0.291254,-0.023216,-0.159151,0.100611,0.119625,-0.009854,0.223008,0.418984,0.107461,0.043612,-0.195490,0.237692,0.169433,0.134457,0.014292,0.080047,0.243259,0.182131,-0.047736,-0.085374,-0.049102,0.239074,-0.159760,0.331383,0.078208,-0.009382,0.175602,0.169191,-0.031451,0.123949,0.190251,0.075258,0.039675,0.265630,0.043218,-0.212655,0.143848,0.105716,0.091765,0.177161,0.094006,0.055998,-0.168140,0.179054,-0.149778,0.171428,0.141240,-0.084307,0.143933,-0.165121,-0.077248,-0.108944,0.210217,-0.050242,0.099073,-0.023676,0.350428,0.364368,0.038421,0.325627,0.349885,0.367699,0.126167,0.441599,0.014087,0.048996,0.113525,0.006321,0.042409,0.092114,0.382903,-0.103453,0.030063,-0.106991,-0.096749,0.081861,-0.130228,0.001900,0.123833,-0.052769,0.112824,0.184177,0.054380,0.137900,0.081662,0.314908,-0.124484,-0.084361,0.292017,0.149873,0.211758,0.081630,0.268710,0.132987,0.290065,0.158529,0.202142,0.274266,-0.025251,0.065131,#
4,0.141200,-0.050698,-0.051541,0.282180,1.000000,0.050686,0.150318,-0.024321,0.078250,0.080755,0.005978,0.065238,0.129474,-0.330055,0.033748,0.015676,-0.197618,-0.116694,-0.287635,-0.086958,0.262154,0.339799,0.207361,0.038801,0.027916,-0.045931,-0.083306,-0.038778,0.305106,0.092705,0.014045,-0.024893,0.013782,0.034197,0.156198,0.252880,-0.175890,-0.196580,-0.088679,0.189568,-0.084101,-0.075386,0.209441,0.235401,0.272197,-0.302933,0.280963,0.041329,-0.172291,-0.070348,0.199404,0.120497,0.021813,-0.125408,0.101241,-0.004373,-0.259426,0.080669,0.223203,-0.123461,0.179385,0.124897,0.169499,0.029810,0.022362,0.500198,0.008743,-0.179066,-0.009689,0.206750,-0.002928,-0.075441,0.004377,-0.172190,0.017307,0.224719,0.102699,-0.023956,0.064322,0.057956,-0.126556,0.339781,-0.034577,-0.225799,0.127545,-0.064212,0.085784,0.079703,0.013950,0.055902,-0.023424,-0.078161,0.071968,0.070971,0.200502,0.260192,0.259985,-0.013024,-0.085212,-0.019858,-0.065622,0.208112,-0.155046,0.193390,-0.026985,-0.155877,0.162465,0.124384,0.017682,0.304823,0.007370,0.125419,0.174652,0.174503,-0.072767,0.109471,-0.186737,0.401925,-0.081905,0.173598,0.150969,0.040088,0.084921,0.105841,0.028049,0.038799,0.191147,-0.120206,0.124853,0.222992,0.189963,0.125608,-0.047258,0.093081,0.130749,-0.154005,0.037467,0.130555,0.119675,0.140482,-0.135983,0.168427,-0.127067,0.124511,-0.137366,0.138224,-0.002267,-0.006733,0.075943,0.115899,-0.097688,0.066833,-0.071571,-0.141028,0.088373,-0.088515,0.159827,0.374643,0.221231,0.143501,-0.177800,0.246710,-0.022513,0.202209,0.099384,-0.080058,0.187936,0.081576,-0.192256,0.091256,0.182800,-0.087752,0.122571,-0.202914,-0.068820,0.048640,0.082262,0.171692,0.039006,0.109516,0.224025,0.006776,-0.000140,0.108943,0.277504,0.239622,-0.088995,0.066531,0.024303,0.078456,0.028182,0.083771,0.232856,-0.043366,0.061309,-0.250472,-0.168727,-0.111364,0.020416,0.139335,#
5,0.068156,0.263292,0.138534,0.082242,0.050686,1.000000,-0.167726,0.059153,-0.114653,-0.064082,-0.031913,0.018186,0.210766,-0.069495,0.170833,-0.298452,-0.015054,-0.105770,0.127315,0.388286,0.077711,-0.008309,-0.008073,0.220740,0.219090,0.227674,0.023936,-0.033644,-0.026151,0.363356,0.080996,0.260884,0.171828,0.396847,0.088008,0.139821,0.143870,-0.193818,0.027102,0.051408,0.002024,0.215232,-0.003158,-0.031577,0.182705,0.127951,0.075747,0.310635,-0.027276,0.151187,0.175377,-0.060218,0.119163,0.112828,0.263180,0.262613,-0.100139,-0.059332,0.072171,0.053186,0.056333,-0.194884,0.125966,0.180293,0.088244,-0.120228,-0.005854,0.034972,0.060215,0.231934,0.196954,0.112014,0.236006,0.140433,0.202363,-0.039332,-0.107727,0.333192,0.161757,0.112382,0.053961,0.209257,0.186061,-0.071546,-0.040261,-0.068697,-0.146691,0.087297,0.197218,0.127183,0.170735,-0.147610,0.045784,0.139636,0.035569,-0.315744,0.250101,0.153214,0.077323,-0.273877,0.145098,0.116531,0.110803,0.218202,-0.001985,0.160429,0.234897,0.048694,-0.136456,0.138018,0.045530,0.121840,0.029276,-0.010418,-0.213379,-0.074612,0.240152,0.411935,0.205532,-0.051114,0.188725,0.187982,-0.005702,0.226418,0.114454,-0.015516,0.329258,-0.032027,0.094252,-0.067303,-0.141420,0.217789,-0.003033,0.268703,0.293243,-0.135888,-0.354977,0.183641,-0.076779,-0.097431,-0.048164,-0.071185,0.021309,0.037446,0.179521,-0.062543,-0.011424,-0.048710,0.111065,0.069848,0.280775,-0.052457,0.315020,0.044809,0.304559,-0.124814,0.397713,-0.030031,0.024885,0.097296,0.095189,0.237059,-0.142020,0.163446,0.268319,-0.117136,-0.161090,0.089323,0.096293,-0.093861,0.196449,-0.065508,0.107998,-0.061145,-0.042598,0.185533,0.221916,0.242024,0.032444,0.157503,-0.031452,-0.065587,-0.212212,0.019768,0.018484,0.441768,-0.060632,0.076537,0.234896,0.224649,0.063750,0.217268,0.105587,0.305578,0.212088,0.244273,-0.033149,0.104419,-0.119444,0.038403,#
6,-0.020514,-0.028208,0.178062,-0.154805,0.150318,-0.167726,1.000000,-0.177530,0.012432,0.080699,0.116864,0.065397,-0.205306,-0.202903,-0.199074,0.367978,0.151545,0.129732,0.010327,0.006469,-0.039667,0.020181,-0.168066,0.015489,-0.000511,-0.112518,-0.067507,-0.000225,-0.037960,-0.111217,0.071927,0.243400,-0.074810,-0.089176,0.067621,0.069618,0.022721,0.045763,-0.038144,0.090389,-0.035375,-0.040594,0.334160,0.010770,-0.078533,-0.045970,-0.041324,-0.102360,-0.244708,-0.186806,-0.112744,0.029070,-0.070597,-0.106852,-0.119953,0.008968,-0.178852,0.013062,-0.048482,-0.136452,0.052238,0.203884,-0.151856,0.047785,0.096942,0.243726,0.124747,0.012580,-0.003295,0.084897,0.117508,0.154086,-0.205634,-0.110774,-0.108840,0.310707,0.389400,0.147358,0.254244,0.079017,-0.280348,0.068799,-0.066373,0.173785,0.108818,0.020100,0.192586,0.019495,-0.189148,-0.184214,-0.297891,0.024251,-0.032785,-0.106102,0.114537,0.187509,0.065039,0.052338,-0.180541,0.002657,-0.055326,0.153432,-0.057336,-0.023282,0.046147,-0.072306,-0.103511,-0.018018,0.190151,0.037366,-0.099083,-0.110706,-0.069971,0.432875,0.065598,0.227482,-0.138078,0.147566,-0.155917,0.159205,0.041943,-0.065927,-0.230361,-0.199121,0.136124,-0.004166,-0.034200,-0.036586,0.063833,0.300574,0.137953,0.048860,0.188796,-0.060690,0.050980,-0.108969,0.163405,-0.071487,0.110767,0.185121,0.075169,0.033979,-0.156449,-0.036720,0.002715,0.076875,-0.104474,0.291881,-0.003595,-0.011506,0.072489,0.023012,-0.163049,0.214724,-0.094712,0.016542,-0.248237,-0.202826,-0.062961,0.034410,-0.218202,0.047264,-0.036120,-0.027682,-0.162101,0.192705,0.019339,0.172501,-0.002826,-0.019444,-0.097163,0.209957,-0.300021,-0.164302,0.058206,0.093072,0.180495,0.088642,-0.004022,-0.082894,0.224918,0.119719,0.077951,0.199374,-0.021769,-0.131113,0.179564,-0.173699,0.029867,-0.070873,-0.132061,0.228876,0.002496,0.051394,-0.026074,-0.063699,0.053834,-0.185393,-0.003961,0.021267,#
7,0.201617,0.100758,0.106609,0.148986,-0.024321,0.059153,-0.177530,1.000000,-0.102131,-0.185889,-0.245729,0.015642,0.162965,0.010933,0.079488,0.003459,0.134117,0.159792,0.243040,0.114706,0.159240,0.120880,0.152550,-0.127799,0.117540,0.131443,-0.002735,-0.138993,0.073481,0.162241,-0.049955,0.127500,0.193606,0.071697,0.168439,-0.048550,-0.278078,0.198224,0.298001,-0.024131,0.128380,0.276706,-0.155972,0.003207,0.089800,0.283268,0.124724,0.170890,0.296628,0.165037,0.032818,0.064118,-0.036055,-0.060927,0.220257,-0.011333,-0.016734,-0.095602,0.212317,0.335636,0.174815,0.212728,0.054080,-0.080673,0.179410,-0.047951,0.078834,-0.106825,-0.320785,-0.028819,0.109824,-0.170300,0.139799,-0.009459,0.101370,0.008592,-0.085188,-0.112474,-0.136946,0.022065,0.286339,-0.020582,0.140460,0.091899,-0.025719,0.273740,-0.078667,0.097325,0.047093,0.115156,0.061506,-0.118614,0.149173,-0.048120,0.267253,0.308947,0.122908,0.265696,0.149033,0.212616,0.135974,0.023337,-0.361243,-0.044120,0.288397,0.011564,-0.101589,0.097574,0.081915,-0.205655,0.125557,0.055596,0.253648,-0.076771,0.408928,0.044341,0.107726,0.103571,0.267174,0.281975,0.173469,0.237793,0.205347,0.009874,0.010060,0.075974,0.184470,0.269266,0.127734,0.201841,0.034255,-0.008348,0.001233,-0.163755,-0.009234,0.023026,-0.026678,0.289969,-0.066084,0.048623,-0.141987,-0.006126,0.135233,0.064939,0.175914,0.203076,0.043390,-0.115435,-0.083911,-0.169985,-0.038360,0.162116,-0.058817,-0.201895,0.080343,0.126709,0.165133,0.200996,-0.215556,0.091254,0.137650,0.100535,0.266627,0.162030,0.060928,0.095414,-0.102497,-0.195957,-0.184243,0.011711,0.151303,-0.095819,0.282717,0.177876,0.106643,0.012889,0.122912,-0.228525,-0.037992,-0.012934,0.085459,-0.003937,-0.066784,0.277842,0.192578,0.146870,0.186799,0.141364,0.189563,0.190391,0.052920,0.072462,0.109215,0.126689,0.259287,-0.027288,0.198947,0.267911,-0.124979,0.023164,#
8,0.024298,-0.012485,-0.111387,-0.165786,0.078250,-0.114653,0.012432,-0.102131,1.000000,0.134971,0.001538,0.231341,0.040953,0.211452,0.054013,0.202547,0.020693,-0.256785,-0.297382,-0.058451,0.061761,-0.042876,-0.040779,0.051136,0.123092,-0.049840,0.051698,-0.337324,0.084355,-0.134791,0.100702,0.056907,0.060883,-0.072672,0.027148,0.395135,0.035196,-0.057418,-0.245369,-0.085498,0.014779,-0.113218,0.210340,0.277183,-0.031451,-0.118452,-0.062558,-0.390736,0.071446,-0.023119,0.097882,0.008853,0.141691,-0.082019,-0.186584,0.054915,-0.031532,0.112146,-0.173013,-0.106451,0.030750,0.191326,0.107153,0.137938,0.062206,0.150292,0.078505,0.230354,0.246371,0.165950,0.224216,0.106984,0.032781,-0.196180,0.094266,0.028244,0.185101,0.127252,0.194527,0.134262,-0.052004,0.111019,-0.165284,-0.135521,0.016273,-0.019425,0.084516,0.063863,-0.206787,-0.084280,-0.022012,-0.062964,-0.214249,-0.184351,-0.355642,-0.075661,0.293897,0.312779,0.239478,0.225483,-0.125211,-0.177173,0.254933,0.416638,-0.216448,0.075857,-0.110053,-0.035210,-0.045456,0.098675,-0.115494,-0.018097,-0.048574,0.010793,-0.131351,0.153391,0.238540,0.094878,-0.193361,0.269997,-0.065451,-0.023821,0.127042,0.319685,0.220376,0.272250,-0.081219,0.063804,0.297232,0.239173,-0.032788,0.048780,0.028306,-0.212041,-0.216258,0.117643,0.072351,0.019410,0.028798,0.021476,-0.142228,-0.106702,-0.114992,-0.310470,-0.052764,0.167918,0.153105,0.203777,0.094104,-0.028009,-0.097514,0.250487,-0.254878,0.059217,0.285138,-0.231903,0.024613,0.267896,0.302769,-0.214045,0.158062,-0.135534,-0.244108,-0.298470,-0.132023,-0.009019,0.176177,0.165791,0.219052,-0.172389,-0.172288,0.299880,-0.215725,0.021026,0.253872,0.039550,0.335233,0.142747,-0.024225,0.018505,0.184984,-0.139948,0.170482,-0.100206,0.097525,-0.094494,0.061990,0.085367,-0.173661,-0.003408,0.131234,-0.070888,0.037303,0.038073,0.093284,-0.176693,-0.300344,0.060785,-0.134687,0.130328,#
9,-0.037826,-0.045279,0.135525,0.068942,0.080755,-0.064082,0.080699,-0.185889,0.134971,1.000000,0.084328,-0.184203,-0.158318,0.014796,0.020174,-0.096133,-0.072892,0.049624,-0.212721,-0.081433,0.139402,-0.015393,-0.265135,0.099972,0.012836,-0.245467,-0.008896,0.127027,-0.003780,-0.376414,-0.160172,0.365438,0.025539,-0.069774,-0.258098,0.076551,-0.026631,-0.270043,0.002668,0.060525,-0.021455,-0.128266,-0.042513,0.002303,0.035115,-0.035203,0.119703,-0.139392,-0.008126,0.081467,0.189035,-0.048568,-0.013374,-0.151112,-0.193136,0.066408,0.136026,0.187506,-0.253860,0.040750,0.224640,-0.067700,0.046401,-0.116212,-0.172625,0.124326,0.074943,-0.067438,0.183339,0.204583,0.152567,0.139362,-0.001554,-0.066639,-0.263011,-0.118290,0.136471,-0.032085,0.055735,0.097456,0.051239,0.086021,-0.139782,-0.135062,0.053145,0.084932,0.289609,0.175924,0.056790,0.230010,0.090551,0.037110,0.158725,-0.267702,0.136135,-0.226679,-0.072841,-0.104706,0.082241,0.290652,-0.041345,0.106738,0.124612,-0.059063,0.070253,0.215220,-0.105400,0.024888,0.185437,-0.171170,-0.211840,0.235365,0.142379,0.106201,0.065240,0.037200,0.073242,0.038564,0.032503,-0.047930,-0.240616,0.065174,-0.125382,0.033146,0.108755,-0.053671,0.025702,0.111349,0.103118,0.000411,-0.034554,0.025806,-0.076470,0.240772,0.016377,-0.325389,0.016728,0.124515,0.066616,0.114892,0.321970,0.369982,0.095173,0.134417,0.107537,0.141685,-0.130610,0.267673,0.064272,0.020512,-0.147439,-0.083914,0.070174,-0.104815,-0.107228,-0.006401,-0.006638,0.108684,0.156521,0.137455,-0.074888,-0.024317,0.147845,0.112583,-0.234470,0.046863,-0.037315,0.286880,0.026637,-0.024475,-0.050819,-0.052528,-0.226870,-0.329326,-0.046677,-0.073881,0.274132,0.121177,-0.000695,0.026318,-0.145949,0.116407,0.000451,0.034774,0.049584,-0.022054,0.084938,-0.029390,0.190082,0.134252,-0.177344,-0.126867,0.099722,0.019713,-0.198017,0.056797,0.022744,0.060578,-0.264923,-0.042167,#
10,0.049896,0.013736,0.023273,-0.221682,0.005978,-0.031913,0.116864,-0.245729,0.001538,0.084328,1.000000,0.256955,0.037234,-0.124093,-0.048551,0.007177,0.200551,0.039793,0.086449,-0.015938,0.014519,-0.086925,-0.300795,0.136538,0.098189,0.024597,-0.187594,0.102093,-0.049885,-0.105175,-0.018031,-0.053544,-0.159853,-0.095468,0.007767,-0.183565,0.239247,0.074914,-0.272499,-0.248981,0.126415,-0.298670,-0.106150,-0.050955,0.025734,-0.041798,0.242981,0.058760,-0.237380,-0.009216,-0.207967,0.097265,0.143903,-0.116179,0.003400,0.299479,0.003919,0.164117,-0.258736,-0.004093,-0.080500,0.106773,0.126869,0.251003,-0.150183,0.052284,0.070744,-0.003973,0.074462,-0.043613,0.194781,0.178586,-0.240419,-0.065181,-0.158239,0.031608,-0.232272,-0.152082,0.138772,-0.323953,-0.057636,-0.047690,0.055251,-0.075066,-0.069419,0.097399,0.149409,0.063317,-0.214707,0.129139,-0.039773,0.010996,0.037319,-0.259548,-0.062410,0.041440,0.080039,0.122287,-0.004573,-0.020678,-0.138862,-0.096268,-0.019874,0.091891,-0.524056,-0.025206,0.116809,-0.065266,0.066366,-0.066665,0.045982,0.001518,0.079898,0.038797,0.088642,-0.026768,-0.147554,0.062046,-0.076349,-0.106390,-0.072787,0.039251,-0.003951,-0.057990,-0.101851,0.141675,0.154578,0.029684,-0.042170,-0.147057,0.009215,0.170630,0.039604,-0.005041,0.082916,-0.000660,-0.049175,0.061084,0.069363,0.108753,0.033603,0.096402,0.192603,0.135729,0.036996,0.186967,0.092102,0.074022,0.024972,0.134212,0.083513,-0.220891,-0.154429,0.167583,0.017612,-0.034985,0.058284,-0.056965,0.120435,-0.108802,-0.021956,0.043784,-0.038568,-0.057676,-0.225371,0.252011,0.112012,0.234444,0.046195,-0.064683,-0.140637,0.157045,-0.089360,-0.032380,0.138006,0.174697,0.135016,0.029914,-0.009078,0.175335,-0.170885,-0.198065,-0.102130,0.009041,-0.198854,-0.018440,0.373002,0.086758,-0.018028,-0.011572,-0.199623,-0.029898,-0.010032,0.219587,0.036268,-0.196431,-0.157385,-0.076104,0.032389,0.111736,#
11,-0.075958,-0.102991,-0.158088,0.024550,0.065238,0.018186,0.065397,0.015642,0.231341,-0.184203,0.256955,1.000000,-0.006142,0.002179,0.047727,0.160145,0.017419,-0.036251,0.113880,0.007376,0.085679,-0.068968,0.039170,0.063939,0.206146,0.080280,-0.234429,0.140814,0.074609,-0.047750,0.371635,0.127226,0.088129,-0.025341,-0.064913,-0.135532,-0.036060,0.118431,-0.244538,-0.223354,0.240972,-0.133008,0.128577,-0.132542,0.091768,-0.101554,-0.019923,0.048274,-0.110938,-0.200682,-0.329976,-0.051344,0.262506,-0.016562,0.115340,0.004707,-0.241993,0.305773,0.173397,0.293223,-0.108549,0.085920,0.178745,0.170379,-0.010678,-0.035376,-0.013539,0.050341,0.039881,-0.071263,-0.062258,0.002089,-0.248297,0.106135,0.172256,0.141912,-0.195113,0.195829,0.256778,-0.115269,-0.135876,-0.164236,-0.064147,-0.234990,-0.078826,-0.233074,-0.031159,0.035445,0.003605,-0.026783,-0.302955,-0.053708,0.047977,-0.012007,-0.260154,0.147290,-0.048028,0.230261,-0.037873,0.024616,-0.037724,-0.103762,-0.162948,0.314035,-0.248594,-0.063630,0.077560,0.055251,0.093263,-0.154878,-0.109458,0.142078,0.071651,0.027899,0.134288,-0.027017,-0.001019,0.113762,-0.275261,0.332518,-0.019038,-0.110017,0.042643,0.369601,-0.002902,-0.029928,0.028346,0.262782,0.129249,0.177697,0.085146,0.167647,0.268829,-0.026952,-0.079434,0.255524,0.132210,0.233190,0.005875,0.348425,-0.220788,-0.188251,0.061528,0.157875,-0.055880,0.115181,0.277552,-0.030625,-0.097456,-0.167176,-0.132799,0.081678,-0.049314,0.227419,0.052393,0.075687,-0.111458,0.078638,0.026889,-0.142231,0.094090,0.059931,-0.203707,0.061884,-0.109990,0.104719,0.055736,0.007261,-0.022896,-0.007395,0.175170,0.274748,-0.144269,0.131722,0.056507,0.146145,0.196613,-0.124610,0.022655,-0.019615,0.077998,-0.291739,-0.000334,0.082855,0.074875,-0.082170,0.201330,0.080803,-0.165095,-0.170407,0.233723,0.199532,0.110889,0.074422,0.176661,-0.023318,-0.078916,0.069346,0.067508,0.115531,#
12,0.302415,0.255710,-0.149214,0.081088,0.129474,0.210766,-0.205306,0.162965,0.040953,-0.158318,0.037234,-0.006142,1.000000,-0.067014,0.199724,-0.158810,0.041106,-0.226548,0.051829,-0.031277,0.194939,0.066279,0.107859,0.129098,0.152700,0.202469,-0.021705,-0.136216,-0.021642,0.107934,0.157213,-0.171653,-0.018362,0.051269,0.385821,0.073899,-0.058906,-0.131902,0.004189,0.002997,-0.116823,-0.306444,-0.041187,0.010456,0.105737,-0.035948,0.279052,0.214616,0.225425,0.223439,0.080094,-0.136374,0.013452,-0.025099,-0.076779,0.144491,0.004149,-0.158391,0.310020,-0.163629,-0.145148,-0.210831,0.070473,-0.132246,-0.053275,-0.080172,-0.159445,0.281502,0.123252,0.052514,-0.077878,0.179648,0.149168,-0.075758,-0.006079,0.241362,-0.033969,-0.015632,-0.039114,-0.025283,0.257141,0.066291,0.120559,-0.342205,-0.041667,0.111938,0.048128,0.077310,-0.053517,0.120415,0.145418,-0.198072,0.099657,0.210398,-0.118948,-0.043807,-0.109930,-0.061783,-0.245208,-0.240447,0.007184,0.009058,-0.084153,-0.027377,0.046124,-0.056247,0.028536,0.178705,0.067113,0.029532,-0.068755,0.026117,0.146299,0.010910,-0.067166,-0.083378,-0.139379,0.058456,-0.038358,-0.135941,0.178009,0.277336,0.002883,0.109324,0.012785,0.333765,0.047019,-0.018696,-0.186516,0.105673,-0.327776,-0.156035,-0.009162,-0.107398,-0.167849,-0.059837,-0.210124,0.131805,0.138815,-0.181745,-0.258266,-0.143686,-0.080193,0.067763,-0.147374,0.224192,0.219098,0.055593,-0.167396,-0.039237,0.103823,-0.199338,0.168371,-0.246752,0.270461,-0.139539,0.022482,0.157115,0.201202,-0.352310,-0.035781,0.218687,-0.032936,-0.076951,0.143724,0.188334,-0.104381,0.066001,0.208186,-0.067507,0.212616,-0.193687,0.063444,0.092588,0.171322,0.059918,0.060954,-0.039008,-0.483296,-0.027597,0.001772,0.097100,-0.148489,0.019531,-0.010106,0.093329,0.193053,0.035110,0.173178,0.132132,0.032286,-0.026841,-0.174235,-0.002695,0.073569,-0.143227,-0.123975,0.068301,-0.047925,0.138993,#
13,-0.461599,0.269719,-0.054106,-0.109574,-0.330055,-0.069495,-0.202903,0.010933,0.211452,0.014796,-0.124093,0.002179,-0.067014,1.000000,-0.064346,0.080705,0.022787,-0.067031,0.170267,-0.161719,0.159022,0.068671,0.233818,0.111579,-0.098903,0.345594,-0.118128,-0.120566,-0.067177,0.026740,-0.022443,0.032937,0.031340,0.169893,-0.082195,0.217196,-0.003719,0.169238,-0.246607,-0.210245,0.121142,0.017677,0.031766,-0.164229,0.000169,0.143002,-0.237159,0.102377,0.256883,0.027927,-0.201856,0.033634,0.042248,-0.009316,0.134432,0.120837,0.107178,0.125305,-0.147091,0.076478,-0.086647,0.132075,-0.129316,-0.090646,-0.005247,-0.161892,0.196007,0.130891,0.118267,0.212641,-0.111304,-0.064179,0.300514,-0.008625,-0.011434,-0.052177,0.094314,0.004433,-0.047948,-0.034533,-0.138176,-0.056503,0.158005,0.054192,-0.227414,0.144437,-0.207798,0.106400,0.298658,-0.088204,0.093600,0.043452,0.228671,0.023704,-0.214097,-0.150407,0.133063,0.079407,0.135975,0.131291,-0.052250,0.033039,0.110531,0.082523,-0.010430,-0.059030,-0.066644,0.305100,-0.217735,0.015266,-0.171072,0.021821,-0.106301,-0.057003,0.070869,-0.085413,0.092914,-0.057999,-0.038319,-0.116857,0.112686,-0.097403,0.099167,0.045075,-0.035467,-0.112820,-0.142654,0.048119,0.107272,0.000171,-0.059212,-0.185677,0.097247,0.064029,-0.229289,0.082636,-0.055311,0.027897,0.186138,0.073615,0.186582,-0.229327,-0.050489,-0.216000,-0.075164,0.069770,0.069565,0.227244,0.029947,-0.160417,0.071095,0.069923,-0.136800,0.166776,-0.077057,0.037422,-0.047618,-0.242602,0.047798,-0.073515,0.106349,-0.137536,0.213763,-0.113174,-0.045131,-0.114294,-0.071391,0.174237,-0.107161,-0.051887,-0.043853,0.106441,-0.278046,0.378028,-0.029806,0.142351,0.078098,-0.107406,-0.048168,-0.038728,0.056229,-0.108336,0.111031,-0.157781,-0.224320,-0.028157,-0.133656,-0.339432,-0.136423,0.154834,0.250725,0.138692,0.035018,0.042095,0.033063,0.246197,-0.099451,0.305724,0.016956,0.113752,#
14,0.169461,0.172657,-0.038222,0.058005,0.033748,0.170833,-0.199074,0.079488,0.054013,0.020174,-0.048551,0.047727,0.199724,-0.064346,1.000000,-0.175025,0.145243,0.141545,0.070735,-0.083426,-0.087887,0.099201,0.142698,0.103093,-0.175167,-0.041849,-0.013323,0.055050,0.063847,0.232780,0.319923,0.017222,-0.001755,-0.067323,0.092908,0.114303,0.075774,0.045430,0.167026,0.040453,0.074096,-0.081295,-0.140398,0.115404,0.053147,0.166706,0.027997,-0.009827,0.158855,-0.009029,-0.047445,0.190850,0.283050,-0.178839,0.061121,0.211959,0.012535,-0.201067,0.185573,-0.021199,0.067076,-0.161493,0.122625,0.185969,-0.162598,0.081127,-0.236262,-0.048830,0.084913,0.111615,0.257068,0.163795,0.169894,0.124069,0.184847,0.124333,-0.072463,-0.069967,-0.201690,-0.072402,0.092313,0.052905,0.184664,-0.172859,0.084763,0.026959,-0.159966,-0.069315,-0.002616,0.247975,0.132844,-0.146676,0.278967,0.294485,0.010080,-0.000584,-0.230829,-0.000664,-0.020326,0.066685,-0.300547,-0.014066,-0.043234,0.087950,0.027360,-0.063626,-0.024350,0.048380,0.206293,0.094776,0.047407,0.111610,0.396327,-0.000998,-0.100464,0.034798,0.115604,0.161002,-0.071446,0.308271,0.096075,-0.086838,0.071261,0.246630,0.077298,-0.082482,0.053646,-0.011816,-0.100207,0.015408,-0.334731,-0.046510,-0.110003,0.140285,-0.030549,-0.194473,0.067456,0.055024,-0.004917,0.037962,-0.313847,0.085063,0.063568,0.218254,0.153351,-0.084811,0.175217,-0.065955,0.053106,-0.103098,0.239274,-0.002473,0.237828,0.002934,-0.054403,-0.068571,0.139082,0.017049,-0.133705,0.003639,-0.147354,-0.097935,0.276293,-0.191917,0.398923,-0.060386,0.009605,0.056670,-0.088444,0.064633,0.085546,-0.316064,0.062606,-0.110377,0.115621,-0.014797,-0.121401,0.081845,0.063545,0.172467,0.006774,-0.037419,-0.194441,0.066980,0.053592,0.160382,0.126022,0.177340,-0.067235,0.028405,0.072709,0.135606,0.164713,0.092775,0.014522,-0.090481,-0.101726,0.163309,-0.094548,-0.072312,#
15,-0.009327,-0.299380,-0.031562,-0.297733,0.015676,-0.298452,0.367978,0.003459,0.202547,-0.096133,0.007177,0.160145,-0.158810,0.080705,-0.175025,1.000000,-0.029529,0.248027,0.077071,-0.045045,-0.088169,-0.028368,-0.093575,0.080923,0.072610,-0.001049,-0.212889,-0.101559,0.023161,-0.267753,0.051106,0.153047,-0.121776,0.070024,0.011294,-0.011530,0.025220,0.165557,-0.210836,-0.068806,-0.054541,-0.116304,0.173144,0.083110,-0.144852,-0.036442,-0.026407,-0.224350,-0.200128,-0.064686,-0.001318,-0.024987,0.033393,0.013970,-0.073076,-0.055839,0.167038,0.004156,-0.020191,0.161084,0.112270,0.141642,0.223710,-0.124775,0.156776,-0.029622,0.152257,0.109293,-0.108474,0.055034,-0.086315,-0.195320,-0.214349,0.002926,0.026236,0.191485,0.016196,-0.028102,0.181812,-0.115301,-0.299747,0.088670,-0.069250,0.180392,0.042781,-0.022779,-0.185045,-0.087073,-0.064631,-0.278348,-0.083139,0.104089,0.069065,-0.039901,-0.132493,0.237564,0.035336,0.176317,0.189866,0.192108,-0.169183,-0.069360,-0.035347,-0.012012,-0.032864,-0.017515,-0.165893,-0.148100,-0.053409,-0.017228,-0.047075,-0.162933,0.113698,0.028059,0.357389,0.049080,-0.363775,-0.139383,-0.124826,0.422408,-0.037534,0.097877,0.032859,-0.053951,-0.165148,-0.034713,-0.130892,0.030469,0.026806,0.311886,0.176441,-0.108185,0.015613,-0.255551,-0.027079,0.289981,0.287157,-0.030844,-0.087749,0.233574,-0.108268,-0.137055,0.046835,-0.077621,-0.012350,-0.067232,-0.122863,0.104695,-0.025586,-0.155277,0.020341,0.263069,-0.086903,0.171297,-0.103980,0.055867,-0.270725,-0.233917,-0.025775,0.065426,-0.029882,-0.019999,0.070129,0.018471,-0.090497,0.021763,0.031748,-0.047950,0.001575,0.100466,-0.277771,0.176567,-0.243851,0.099262,0.075403,0.086066,0.105985,-0.068946,0.137190,0.071043,0.013740,-0.016738,-0.012575,0.076466,0.276401,-0.190895,-0.001154,-0.202019,-0.178564,-0.048551,-0.064465,0.209053,-0.111835,-0.048974,-0.096356,0.026922,-0.191365,-0.073925,0.225643,-0.032527,#
16,0.111012,0.220407,-0.087426,0.037517,-0.197618,-0.015054,0.151545,0.134117,0.020693,-0.072892,0.200551,0.017419,0.041106,0.022787,0.145243,-0.029529,1.000000,0.127910,0.075241,0.245885,0.164986,-0.311628,0.033650,0.170030,0.179563,0.184036,0.107361,0.203300,-0.376530,0.046813,0.208723,-0.015510,-0.078656,0.004427,0.174148,-0.035914,0.144654,0.256783,0.082561,0.022411,0.141380,0.068044,0.040489,-0.124514,0.148920,-0.088880,0.119600,-0.014526,0.135762,0.166371,-0.061373,0.252370,0.035960,-0.015456,-0.045855,0.202472,-0.076190,-0.001034,0.029978,0.090496,0.169116,0.331509,-0.081709,0.095761,0.138178,0.176445,0.113399,0.156100,0.069821,0.081647,0.204739,0.228211,0.281796,0.098948,0.016140,0.082911,-0.022565,-0.090272,-0.038339,0.106533,0.187728,0.107438,0.090206,0.060881,0.021925,0.114357,0.096117,-0.184874,-0.237856,0.202019,-0.200387,0.205005,0.186083,-0.178448,-0.059503,0.149274,-0.110833,0.160524,-0.058147,0.139692,0.102729,0.184754,0.033534,0.097212,0.075524,0.130135,-0.061445,0.038101,0.241128,-0.057721,-0.066481,0.086414,0.176893,0.115815,0.242738,0.019699,0.398906,0.160876,0.186686,-0.025751,-0.178344,-0.056538,0.120701,-0.115859,0.189104,0.055113,-0.252253,-0.006249,0.103266,0.067712,0.153613,0.014170,0.019517,0.093833,0.050071,0.064251,0.183481,0.031617,0.038939,-0.189180,-0.000814,-0.038471,0.085776,-0.110949,-0.084694,-0.052728,0.159754,0.153564,0.147571,-0.037102,0.158189,0.027025,-0.185753,-0.002793,-0.000295,-0.063921,0.276226,-0.083390,0.074583,0.124677,0.221580,-0.115993,0.109946,-0.013892,0.237896,0.236887,-0.119152,0.319801,0.100883,0.052176,-0.146593,0.215462,-0.037505,0.272510,0.044421,0.040124,0.078479,0.300552,0.022265,-0.011630,0.190495,-0.023502,-0.146438,0.205150,-0.252106,-0.009125,-0.002053,-0.058071,0.148175,0.013330,-0.002927,0.086908,0.003051,0.135957,0.246961,0.003502,0.103954,0.023597,-0.021110,-0.075098,#
17,-0.070224,-0.073204,0.206551,-0.065826,-0.116694,-0.105770,0.129732,0.159792,-0.256785,0.049624,0.039793,-0.036251,-0.226548,-0.067031,0.141545,0.248027,0.127910,1.000000,0.068506,0.074136,-0.105040,0.073750,0.026335,-0.184124,-0.122220,-0.025597,-0.281735,0.082595,0.083399,-0.068833,0.090199,0.229674,-0.187620,-0.054780,-0.184697,-0.353722,-0.099278,0.269193,0.251114,-0.147400,-0.078658,0.120402,-0.124009,0.111408,0.050620,0.326318,-0.004339,-0.066549,0.045494,-0.003294,-0.088427,-0.157885,-0.036593,0.117053,0.184427,0.077372,0.107841,-0.134025,0.007053,0.098243,0.142408,-0.155059,0.329817,-0.033876,-0.157379,-0.172404,0.235080,-0.045839,0.031644,-0.093653,0.172416,-0.105264,-0.186427,0.267999,0.179449,0.040459,-0.216118,-0.094362,0.114843,-0.098832,-0.093286,-0.123271,0.019993,0.153968,-0.054603,-0.060430,0.155889,-0.058640,-0.116585,-0.158166,-0.188004,0.064055,0.227400,0.037105,0.201035,0.002542,-0.184256,0.031545,0.135413,0.206740,-0.095521,-0.011965,-0.148438,-0.148046,0.003624,0.155383,-0.153105,-0.088137,0.066234,-0.048948,0.184827,-0.145921,0.361913,0.142871,0.260334,-0.099459,-0.126277,0.024668,0.056132,0.233725,-0.096035,0.056544,-0.007539,-0.254290,0.033113,-0.056361,-0.066544,0.100740,-0.045308,0.027692,0.075322,0.009356,0.046681,0.010300,-0.057704,-0.013624,0.218733,0.031390,-0.327689,0.109128,0.021642,0.073144,0.205142,0.113186,0.081078,-0.084006,-0.284954,-0.243428,0.082139,-0.098000,0.147344,0.070312,-0.148988,0.089946,-0.231104,0.089069,0.158608,-0.174523,-0.166740,0.106058,-0.068171,-0.111660,0.347452,-0.002796,-0.120807,-0.292413,-0.182857,-0.163474,-0.091104,0.086378,-0.161423,-0.202190,-0.129299,-0.234582,0.109730,0.041342,0.151150,-0.019740,0.160233,0.180883,-0.126379,0.171138,-0.054438,0.281922,0.042033,-0.215317,0.046966,0.010093,0.023497,-0.187955,0.079099,0.142938,-0.181501,-0.030027,-0.205660,0.237749,0.052881,-0.246237,-0.051433,-0.367163,#
18,-0.077012,-0.017793,0.024161,-0.130908,-0.287635,0.127315,0.010327,0.243040,-0.297382,-0.212721,0.086449,0.113880,0.051829,0.170267,0.070735,0.077071,0.075241,0.068506,1.000000,0.044115,-0.074225,0.227088,-0.144236,-0.003472,-0.135278,0.080899,-0.189824,-0.075088,-0.076595,-0.010963,0.000635,-0.037809,-0.092302,0.216173,0.117069,-0.148773,-0.213265,0.308320,0.016885,-0.134910,0.098818,0.042070,0.090191,-0.239398,-0.173302,0.057624,0.154287,0.498370,0.127469,-0.030903,-0.312362,0.064168,0.014046,-0.053914,0.066589,-0.014259,0.015584,-0.063063,0.148107,0.222125,-0.071213,0.151147,-0.086167,-0.089985,0.246494,-0.264425,0.115485,-0.245774,-0.305106,-0.057862,-0.192842,-0.064166,0.069387,0.078684,0.014914,0.012912,-0.197672,0.069322,-0.112099,-0.089947,-0.029100,-0.246462,0.134217,0.068059,-0.022227,0.263748,-0.244939,0.238828,-0.080767,-0.043452,0.013183,-0.029721,0.194696,0.198222,0.104077,0.052482,0.003351,-0.043038,0.003108,-0.042565,0.102126,-0.019549,-0.180003,-0.158752,0.138978,0.281597,-0.063145,0.247829,-0.152824,-0.106234,-0.034053,-0.077502,-0.103883,-0.114858,0.152829,-0.123667,-0.176013,-0.088396,0.247750,0.049417,0.096717,-0.169602,-0.020849,-0.093592,0.222335,-0.159384,0.077701,0.010759,0.013305,-0.158537,0.002489,0.023867,-0.133558,-0.111139,0.084527,0.213449,-0.097397,0.043566,0.001786,-0.115316,-0.232651,-0.205663,-0.103463,0.076234,0.065832,-0.023473,-0.092189,-0.016124,-0.120933,-0.034616,0.145704,-0.116482,0.318613,0.053159,0.018740,0.095741,-0.139735,-0.295635,-0.250588,-0.096590,-0.053918,-0.023427,-0.018969,-0.030105,0.028567,0.014031,-0.039772,-0.095853,-0.059873,0.115810,0.161049,-0.042014,-0.008243,0.207073,0.117668,0.109950,-0.155263,-0.143145,-0.081671,0.024379,-0.057598,-0.122667,-0.172384,0.029845,-0.148623,-0.185861,-0.036937,-0.172334,-0.162337,0.005917,0.003047,0.147121,-0.018930,0.142020,0.020382,-0.019796,-0.065024,0.269401,0.024223,0.172176,#
19,0.119214,0.090227,0.082409,-0.074753,-0.086958,0.388286,0.006469,0.114706,-0.058451,-0.081433,-0.015938,0.007376,-0.031277,-0.161719,-0.083426,-0.045045,0.245885,0.074136,0.044115,1.000000,0.039225,-0.101438,-0.110321,-0.070935,0.160008,0.042374,0.020357,0.112102,-0.301670,-0.026337,-0.001747,0.132119,0.186344,0.122854,0.057735,0.039651,0.131390,0.211662,0.017120,0.029737,0.223830,0.295895,-0.069487,-0.012941,-0.101904,0.179127,-0.015013,0.098726,0.240094,0.363791,0.106815,-0.156971,0.133580,0.355705,-0.105709,0.159957,0.034382,-0.104074,0.042782,0.172876,-0.009843,-0.016843,-0.033722,0.128498,-0.052300,-0.089055,0.163892,0.160284,0.290042,0.039627,0.333215,-0.041419,0.084225,0.057478,-0.128165,0.135070,-0.027648,0.146692,0.106541,0.067177,0.252372,-0.080026,0.047118,0.160345,0.200579,-0.022783,0.146591,-0.116242,0.076232,0.090292,-0.185703,0.147365,-0.029934,-0.151491,0.005188,-0.050213,0.100291,0.232771,0.182049,0.230188,0.075623,0.103485,0.186362,0.136137,0.106815,0.196770,0.189258,-0.094392,-0.077554,-0.240458,0.323126,-0.028424,-0.017912,-0.082623,-0.012709,0.009982,0.259705,0.207789,0.331642,0.022874,0.218089,-0.076287,-0.008857,-0.012943,0.019745,0.166089,0.102796,0.227250,0.121437,-0.045327,0.172001,0.095404,-0.014726,0.232527,-0.034235,0.085929,-0.113425,0.039372,0.168069,-0.131769,-0.095855,-0.023947,-0.184141,-0.129744,0.344482,-0.216359,-0.088994,-0.176890,0.155118,0.188754,0.035122,0.173841,-0.040638,0.013422,0.198160,0.038903,0.305192,-0.036721,0.343929,0.141548,0.252412,0.206172,-0.057368,0.275631,0.294592,0.153757,-0.018909,0.105411,-0.037338,0.089463,-0.182664,0.240425,0.299471,0.145061,0.165193,0.089607,0.099745,0.156745,0.131313,0.051956,0.094929,0.150999,0.103961,0.185517,-0.002263,0.086842,-0.166252,-0.043189,0.120760,0.072962,-0.002281,0.026361,-0.103512,0.161514,0.148091,0.113098,0.166909,-0.147839,0.056239,-0.112482,#
20,-0.177505,0.235232,-0.019737,0.221033,0.262154,0.077711,-0.039667,0.159240,0.061761,0.139402,0.014519,0.085679,0.194939,0.159022,-0.087887,-0.088169,0.164986,-0.105040,-0.074225,0.039225,1.000000,0.011481,0.156997,0.253603,0.399506,0.273755,-0.101805,0.128152,0.129882,0.033176,0.140114,0.033050,0.307332,0.249853,-0.032370,0.181022,-0.230534,0.022816,-0.185439,0.192712,0.175433,0.067956,0.021260,-0.268238,0.353121,-0.143625,0.082713,0.134398,0.184207,0.207611,-0.122353,0.179343,0.012461,0.118594,0.192810,-0.199097,-0.324198,-0.032922,0.081193,0.041168,0.060933,0.049784,0.054382,0.107570,0.055385,0.092279,0.117668,-0.121742,0.010260,0.137512,0.196063,0.000863,0.361220,0.015592,-0.130329,0.079034,0.134939,-0.037927,0.319031,-0.015460,-0.060421,0.237819,0.146369,-0.303140,-0.134084,0.059891,0.087254,0.160501,0.087580,0.432039,0.143984,-0.019336,0.015076,-0.171880,-0.073533,0.232408,0.182966,0.135427,0.031519,0.153264,0.219908,0.093856,0.002360,0.225775,-0.036419,0.243466,0.334155,-0.034603,-0.103663,0.259124,-0.136151,0.348151,0.071846,-0.102039,0.127599,0.020174,0.077509,0.109857,-0.013718,-0.054524,0.071307,0.106600,0.022892,0.122526,0.068831,0.172885,0.167302,-0.046648,0.064880,0.197216,0.120798,0.084562,0.220585,0.087424,-0.061274,-0.062590,-0.017555,0.257873,0.054694,0.229743,0.074841,0.050183,0.089200,-0.018516,-0.078610,-0.054976,-0.036745,0.117069,0.057590,-0.096949,0.068183,0.120261,0.029748,-0.004642,0.067525,-0.051718,0.199466,0.077255,0.231041,0.052313,0.213133,0.178101,0.044560,0.081153,-0.019466,0.184573,-0.062201,0.307065,0.084758,-0.205350,0.246722,-0.043971,-0.007231,0.201820,-0.001141,0.222512,0.118694,0.277505,-0.021466,-0.083815,0.214017,-0.068257,0.083435,0.141607,0.014843,0.194977,0.017767,-0.041247,0.099827,0.145520,0.045489,0.269461,0.287169,0.126584,0.238859,0.160025,-0.001744,0.159675,-0.060794,-0.037499,#
