0,1.000000,0.063832,0.180899,-0.009174,0.185960,-0.014381,-0.133736,-0.171213,0.067076,0.033431,0.109084,-0.137920,-0.040833,0.048077,0.092779,0.174905,-0.042379,-0.019664,0.145789,0.105487,0.135110,0.164496,0.023510,0.139057,0.245413,0.165620,0.113093,-0.064639,0.139729,0.160074,0.000270,0.118283,0.121788,0.193417,0.050132,-0.080736,0.017395,-0.020456,0.280852,0.175604,0.208564,-0.047821,0.173880,-0.070645,0.020629,0.001668,0.073948,0.409233,0.204273,0.319983,0.110138,-0.157961,0.132584,0.138831,0.040603,0.276543,0.140202,0.000594,-0.152648,-0.095957,0.059930,-0.145551,0.285929,-0.266306,-0.228828,-0.107242,-0.183855,0.186561,0.117606,0.011858,0.329787,-0.049046,0.189568,0.158308,0.016357,-0.219467,0.176266,0.098576,-0.012828,0.063408,0.024021,0.061912,-0.025122,0.303031,0.259731,-0.062265,0.212650,0.263318,0.221877,0.076106,0.160242,0.068973,0.121429,0.113319,0.184775,0.104022,0.174278,0.058292,0.048026,0.159034,0.210741,0.160779,-0.054839,0.164226,0.129089,0.008754,0.182318,0.130339,0.072450,-0.150473,-0.081079,0.110792,-0.126650,0.147294,0.003227,-0.141282,0.148694,0.081288,0.103688,-0.049321,0.168512,0.318035,0.222751,0.078285,-0.056738,0.094069,0.162201,-0.213917,0.228654,0.132515,0.231230,0.179850,0.116162,0.272391,0.067867,-0.144782,0.157927,-0.073699,0.162044,0.182373,0.195796,0.098506,0.097979,-0.107373,0.025643,0.110055,0.195094,0.129962,0.322930,0.146758,-0.013199,-0.001158,0.239864,-0.172747,0.144442,0.251091,0.006134,0.023954,-0.011310,0.109942,-0.100660,0.133972,-0.167959,-0.071650,0.218962,0.046128,-0.069255,0.158819,0.188390,-0.053947,0.219590,-0.043075,-0.056495,0.251402,-0.090998,0.113179,0.173779,0.215173,0.144453,-0.182641,0.155655,0.160844,-0.078385,-0.004858,0.196294,-0.191123,0.295218,0.210310,0.227350,0.068797,-0.089749,0.027038,-0.036116,0.143350,0.103711,0.013893,-0.132209,0.200267,0.271668,0.220951,#
1,0.063832,1.000000,0.068931,0.170914,0.065963,-0.039634,0.117576,0.006982,0.192067,-0.041109,0.174646,0.178248,0.013511,0.066646,0.057666,-0.246932,0.011281,0.121826,-0.002181,0.087737,0.096980,0.323710,-0.002752,-0.038153,0.001739,0.084666,0.319236,0.275132,-0.217302,0.096611,-0.051643,0.131836,-0.158134,0.109139,-0.241056,0.226830,0.104308,0.161067,0.231796,-0.102959,-0.245697,-0.048578,0.052109,0.098957,0.016734,0.129254,0.436586,0.240153,-0.034608,-0.140120,0.112425,-0.155187,0.266976,0.272677,0.097194,0.060101,0.142510,-0.052823,-0.283707,-0.087046,0.066225,0.028157,0.152819,-0.041623,-0.167218,-0.106399,-0.201326,-0.054942,0.165115,0.276283,-0.005122,0.007184,0.229916,-0.115104,0.129555,0.123346,0.015552,0.011216,0.120305,0.048324,0.192843,0.109587,0.193021,-0.000026,0.181958,-0.382987,0.114159,-0.138149,0.179197,0.059615,0.001069,0.051055,-0.115903,0.067726,0.067832,-0.109995,-0.236798,-0.084334,-0.010883,-0.005589,0.183085,0.162390,0.171428,0.126477,0.135932,0.047412,0.270979,0.241281,-0.078542,0.195627,0.122723,-0.025966,-0.115653,0.132982,0.179290,0.115165,0.137622,-0.026446,-0.011139,0.077708,-0.144406,0.064066,0.055207,0.143919,-0.118031,0.059763,0.101301,0.135739,-0.089586,0.096942,0.050059,-0.034656,-0.077113,0.214165,0.133336,0.090512,0.119758,0.102583,0.288709,0.149918,0.192857,-0.109836,0.189911,0.197355,0.112420,0.153893,0.069131,-0.186594,-0.127147,0.023027,-0.199596,0.029635,0.026355,-0.165088,0.122421,0.131709,-0.068128,-0.137443,-0.272171,-0.193868,-0.069647,0.178877,0.186267,-0.001132,0.073844,-0.125535,-0.268591,0.003915,0.009461,0.298657,0.247826,0.283245,-0.061468,0.079408,-0.179576,0.055366,0.089644,0.258556,0.129951,-0.083633,-0.101240,0.059713,-0.063654,-0.265499,0.013251,0.047874,0.143789,0.072178,0.008944,0.063043,0.301211,-0.156428,-0.343827,0.183407,0.191578,0.113904,-0.091451,-0.067789,-0.005092,0.039867,#
2,0.180899,0.068931,1.000000,0.023154,0.080514,-0.051742,0.008661,-0.112323,-0.036604,-0.105291,-0.051962,0.297392,0.132808,0.185778,-0.203597,0.178883,0.064317,-0.062984,0.186343,0.000303,0.239079,0.289015,-0.306687,0.010568,0.230403,0.306401,0.039001,0.070345,-0.158688,-0.020082,-0.219798,-0.134877,-0.084055,-0.145291,-0.040844,0.014062,0.025131,-0.296519,-0.072876,0.019186,0.020454,-0.011904,0.363895,0.040699,0.069760,-0.123346,-0.008978,0.086912,0.165766,0.076706,0.252050,0.087922,0.104178,0.047955,-0.149764,-0.130030,-0.008502,-0.032601,0.031822,0.071390,0.167939,-0.062706,-0.035443,0.109492,0.112886,0.071755,0.117965,-0.023675,0.195944,0.186407,-0.161621,0.119365,-0.114078,0.007831,0.130951,0.028273,0.066570,0.166120,-0.083189,-0.160544,0.113703,-0.190142,-0.041116,0.057109,-0.048998,-0.107149,0.173273,0.150256,0.125023,-0.136151,-0.107148,0.140982,0.074130,0.081823,0.079178,0.174871,0.234550,0.013868,0.342471,-0.010691,0.063665,0.008837,-0.050861,0.168763,0.019888,-0.122748,0.016796,-0.041537,0.027099,0.099812,0.159231,0.122580,0.075941,-0.030956,-0.061014,0.220940,0.325453,-0.036913,-0.274160,-0.028571,-0.060408,0.057314,0.074315,-0.028857,0.103931,-0.048409,0.247877,0.028557,0.116860,-0.185470,-0.006801,0.016875,0.095488,0.121757,0.138866,0.134053,0.198144,-0.143588,-0.042298,-0.042495,0.008500,-0.030048,0.171581,-0.131541,0.234128,0.069906,-0.360418,0.008836,0.253374,-0.049359,-0.049975,0.040666,0.147360,0.051094,-0.028221,-0.085053,0.045847,0.033266,-0.069127,0.142169,0.048473,0.310668,-0.120350,0.048758,0.014016,-0.060907,0.027552,-0.037287,-0.061181,0.084613,-0.216294,0.248688,-0.126681,0.109669,0.099570,0.092277,0.322347,-0.045267,-0.044103,0.038174,0.092610,0.093209,-0.399260,0.213334,-0.073115,0.113368,0.142971,-0.047541,0.190606,-0.275272,0.003738,0.176089,0.098808,-0.033727,0.111554,0.102356,-0.180457,0.114416,0.095961,0.099756,#
3,-0.009174,0.170914,0.023154,1.000000,0.168091,0.094058,0.226560,-0.186199,0.149019,-0.093221,0.162292,0.066104,0.089839,-0.043291,0.088208,-0.011106,-0.062158,-0.058237,0.132383,0.137765,0.132850,0.046275,-0.030972,0.223172,0.269299,0.239432,0.067986,0.147113,0.137864,-0.046770,0.050350,0.244843,0.308694,0.000536,-0.136276,-0.060289,0.247241,0.262417,0.260610,0.028074,0.152076,0.161366,0.239647,0.407648,-0.101742,0.046206,0.255579,0.193365,-0.061586,0.138190,0.109886,0.119059,0.333876,-0.114249,-0.014528,0.261693,0.000599,-0.113393,-0.139073,0.223184,0.095854,-0.038990,-0.017782,-0.112495,0.115737,0.167146,-0.023888,-0.035254,0.137284,0.074776,0.123649,0.049217,0.136316,0.071718,0.133311,0.259631,0.114337,0.105791,0.117557,-0.138783,0.367910,0.218493,-0.048987,0.229884,0.286254,0.078189,-0.118871,-0.010804,0.297404,-0.110839,0.071201,0.158352,0.089397,0.176333,0.032170,0.088415,0.283083,-0.161949,0.246601,0.357945,0.216178,0.144210,0.053175,0.158999,0.317932,-0.013629,-0.014712,0.080773,-0.127812,0.139134,0.168092,0.023490,0.070435,0.032222,-0.052301,-0.146013,0.246133,0.018484,0.154759,0.015639,0.114673,0.012932,0.092857,0.227094,-0.035959,0.181348,0.096666,0.047689,-0.087674,0.132454,0.242039,0.234369,0.152406,0.188825,0.024988,-0.170436,0.003220,-0.051577,0.330083,0.047401,0.191651,0.140940,0.174474,0.079078,0.001178,-0.096652,0.088425,0.212567,0.193683,0.120402,-0.091286,0.104178,0.027723,0.164568,0.175786,-0.025227,-0.020259,0.090593,-0.084320,0.180113,0.160536,0.024910,0.127961,0.419246,0.029234,-0.131913,-0.086592,-0.166922,-0.171687,-0.026709,0.261001,-0.043862,-0.066831,-0.185538,-0.185515,-0.056248,0.125391,0.139322,0.110836,0.015913,0.083606,0.362690,0.072265,-0.241518,-0.079904,0.095356,0.100666,0.054964,0.046057,0.119567,0.007062,0.015384,0.187938,-0.040302,0.009364,0.179466,0.237821,0.146996,0.145585,0.027696,#
4,0.185960,0.065963,0.080514,0.168091,1.000000,0.037798,-0.263906,0.024231,0.179723,0.007245,-0.176435,-0.138015,0.210244,0.060708,0.082510,0.043325,-0.273772,0.109387,0.164052,0.284822,0.254308,-0.061692,0.070919,0.198840,0.202821,0.278909,0.091767,0.085019,0.007559,-0.111076,0.002177,-0.080002,0.137926,-0.330541,-0.065097,0.021680,0.399530,-0.066425,-0.167953,-0.086827,0.228868,0.340197,0.089498,0.059545,0.387250,-0.165736,0.291819,0.159658,0.119494,0.128990,0.047207,0.012897,0.062373,0.139660,0.256128,0.243565,0.260785,0.215444,0.026196,-0.186562,0.034602,-0.169950,-0.061929,-0.203876,0.021059,-0.255102,0.068481,-0.080195,-0.120680,-0.015789,0.172275,0.049185,0.068428,0.077427,0.044979,-0.178488,-0.026468,0.090856,0.299688,0.056186,0.409806,0.220063,-0.102190,-0.000030,0.355053,0.045343,-0.057281,0.138415,0.208110,0.154683,0.194453,0.088745,-0.056101,0.014531,-0.035321,0.110744,0.014784,0.159820,0.019758,0.065078,0.032989,-0.072153,0.305192,0.201242,0.185598,-0.041273,-0.068836,0.110217,-0.074515,0.026660,0.417004,-0.014111,0.123371,0.362191,0.020337,-0.358663,0.094656,-0.137830,-0.058756,-0.079875,0.251485,0.091364,0.185151,-0.156944,0.238842,0.053025,0.247551,0.023185,0.173735,-0.157561,0.096149,-0.019778,-0.061054,0.220302,0.137144,-0.197502,0.108770,-0.059719,0.156405,0.203678,0.294720,-0.142141,0.161306,-0.070163,-0.073873,0.259833,0.022806,0.251370,0.094663,-0.114351,-0.099464,0.003667,0.030132,0.169822,-0.157548,0.003598,0.449106,0.019276,-0.124370,0.308834,-0.033541,0.014421,-0.334549,0.030537,-0.113126,-0.007743,-0.102752,0.004513,-0.093060,-0.015319,0.096283,0.078845,0.279666,0.310962,-0.062316,-0.041745,0.242738,0.084532,0.109839,0.097261,-0.258804,-0.047234,-0.001768,0.115049,0.207012,-0.111594,-0.042065,0.148217,0.010418,0.120945,0.052299,0.106749,0.098415,-0.020268,0.018970,0.145927,0.043066,0.200636,0.115047,0.097014,#
5,-0.014381,-0.039634,-0.051742,0.094058,0.037798,1.000000,0.122454,-0.043728,0.115130,0.185009,0.146809,0.147442,0.325952,0.018991,0.178580,-0.117854,-0.172654,-0.041969,-0.134732,-0.105684,0.040454,-0.136949,-0.103286,0.086706,0.206406,0.057886,0.073587,0.195008,0.029343,0.219506,-0.107186,0.212062,0.089705,0.094712,-0.004856,-0.094763,0.313649,0.084808,0.097249,-0.040926,0.242272,0.156107,-0.066417,0.154251,-0.191036,0.073596,0.050499,-0.118888,0.153600,0.293620,0.016387,0.054532,0.028382,-0.044421,0.048320,0.175375,0.001359,-0.126907,0.009022,-0.124066,-0.025720,-0.025402,0.039621,-0.163936,0.038002,-0.005859,0.120530,-0.127434,0.075469,-0.065652,0.109975,0.218693,0.084553,0.202189,-0.007626,-0.120203,0.177212,-0.164946,0.018180,-0.104648,0.129814,0.147388,0.181712,-0.061121,0.134549,-0.003145,-0.117995,0.006061,-0.033429,-0.054744,0.100432,0.216376,-0.039223,0.206588,0.101589,0.149216,-0.075896,-0.013397,0.083022,-0.189416,0.083597,0.270028,-0.180720,0.078823,0.131211,0.054618,0.011126,-0.012831,0.057636,-0.125683,0.123543,-0.144899,-0.072772,0.141822,-0.078392,-0.194986,-0.054182,0.053540,0.059623,-0.105197,-0.000012,0.139152,0.008692,-0.000902,-0.191303,0.039762,-0.276688,0.040237,0.342414,-0.005843,0.186972,-0.076234,0.004603,0.177878,0.220129,0.196713,-0.048272,0.037858,0.038844,-0.048320,0.223813,0.017250,0.114875,0.260497,-0.094718,0.144502,0.150560,0.020668,-0.248494,0.139898,0.133484,-0.113223,0.092695,0.220895,0.045443,0.108878,0.136144,-0.103754,0.204651,-0.030114,0.069113,0.007837,-0.047080,0.129877,-0.124272,-0.135233,-0.004519,0.015593,0.304168,0.156526,0.231500,0.051900,-0.163736,0.100669,-0.130593,0.031337,0.230605,0.046892,0.206237,-0.185464,-0.057630,-0.145647,0.160366,0.103681,-0.006482,0.161168,0.224476,-0.176874,-0.209621,0.014285,-0.140687,0.110931,0.163089,0.135272,0.058835,-0.036047,-0.036690,0.273250,-0.035330,0.183171,#
6,-0.133736,0.117576,0.008661,0.226560,-0.263906,0.122454,1.000000,-0.076257,0.089577,-0.014060,0.056302,-0.080778,0.008451,0.060059,0.016735,-0.069254,0.055249,-0.132803,0.151971,-0.161203,0.129013,-0.051786,-0.216746,-0.263096,-0.079065,0.118654,0.109524,0.101599,-0.056215,0.019514,-0.105862,0.135537,-0.088373,0.230366,-0.254202,-0.099507,-0.064698,0.275833,-0.097937,0.060739,-0.122320,-0.284004,-0.120155,0.142773,-0.201431,-0.055232,-0.018123,-0.055402,-0.108298,-0.135303,0.104225,0.082996,0.275939,0.138736,-0.119748,0.156513,-0.280349,-0.278065,-0.068822,0.233630,0.101377,-0.077094,0.025069,0.000518,-0.052333,0.154708,0.097461,0.041866,0.124046,-0.021732,-0.085044,0.000223,-0.167146,-0.014913,0.234677,0.071474,-0.023357,0.265627,-0.018234,-0.143411,-0.175297,0.096776,0.221427,0.099066,0.037072,0.112125,-0.157399,-0.064375,-0.017698,-0.256938,0.033700,-0.069347,-0.246821,-0.067225,0.046879,0.071094,0.033431,-0.112717,0.259095,0.134968,0.166006,0.309846,-0.166301,-0.155517,-0.115007,0.111185,-0.037467,-0.115378,0.120349,0.193302,-0.125839,-0.057970,0.111999,-0.282763,0.071833,0.114524,0.117516,-0.070915,0.087082,0.056900,-0.210537,0.157119,-0.317102,0.008791,-0.037290,0.042213,-0.195212,-0.026610,-0.179596,-0.056448,0.107175,-0.137596,-0.133706,-0.155777,-0.000080,0.111500,0.063524,-0.020322,0.093887,-0.103063,-0.103167,0.043930,-0.093243,0.070389,-0.156207,-0.084812,0.059879,-0.165202,-0.096812,-0.172057,0.095213,-0.007550,0.045033,-0.137455,0.099066,0.023562,-0.087382,0.194321,-0.071912,0.029731,-0.116627,-0.000022,0.344057,0.381381,0.016288,-0.064028,-0.243388,-0.076945,0.000265,0.170297,-0.083353,-0.095794,-0.000572,-0.114270,-0.018881,-0.036670,-0.064547,0.067602,0.355143,-0.239673,-0.158555,-0.160101,0.060548,0.018690,0.084023,0.233027,0.108881,-0.025432,-0.103435,0.024309,-0.023895,-0.044718,-0.244180,0.064032,-0.222032,-0.087534,0.113066,0.021699,-0.110681,0.009169,#
7,-0.171213,0.006982,-0.112323,-0.186199,0.024231,-0.043728,-0.076257,1.000000,0.058818,0.077456,0.115617,0.292873,-0.055191,-0.044436,0.180706,0.103918,0.117308,0.427572,0.026268,0.085954,0.133859,0.140658,0.018558,-0.036758,0.055416,-0.021025,0.066664,0.255712,-0.248509,0.004872,0.008527,-0.153491,-0.061955,-0.039223,-0.059303,0.052412,-0.232954,-0.196289,0.027517,0.052341,0.180784,0.107738,-0.031916,0.082447,0.274913,0.202568,-0.023887,-0.028446,0.169797,-0.124947,-0.066276,-0.079912,-0.040514,0.079704,0.057215,-0.017304,0.235868,0.347839,0.048916,-0.180457,0.220990,0.069022,0.122640,-0.006441,0.201467,0.145110,0.182875,-0.190848,0.028047,0.109027,0.129684,0.076177,0.101792,0.154119,-0.071074,0.055341,-0.120772,0.137091,-0.021302,0.272908,0.108229,-0.033974,0.197581,-0.058773,-0.010805,0.009764,-0.022034,-0.265644,0.128458,0.163410,-0.064648,0.107921,-0.086946,0.060511,-0.137970,-0.092750,-0.075119,0.197714,-0.143911,0.019326,0.032287,-0.054301,0.047510,-0.015871,-0.180809,0.054457,0.350444,-0.003591,-0.037646,0.186341,-0.044011,0.018846,-0.126628,0.081153,0.278106,0.212384,-0.204372,-0.211091,-0.156592,0.244595,-0.015696,0.054708,-0.090786,-0.099381,0.125454,0.068600,0.063657,0.059730,-0.053600,-0.029994,-0.021947,0.180721,0.115790,-0.138280,0.303240,0.137376,-0.226869,0.479671,-0.027889,0.061566,0.206823,-0.077411,-0.169215,-0.081084,0.056440,0.079500,0.133851,-0.018361,-0.175317,-0.013201,0.153046,0.017943,0.038955,0.023550,-0.058416,0.160445,0.251279,0.053111,0.118438,0.113273,-0.112640,-0.054487,0.193019,-0.112822,-0.187925,0.296263,0.185631,-0.042816,0.010555,0.054310,-0.014987,-0.029553,-0.067094,0.042940,0.064056,-0.063996,-0.041642,0.009189,-0.171325,0.198759,0.073113,0.063936,0.098528,0.067413,-0.419797,0.012872,-0.136563,-0.170026,0.184993,0.319167,0.259215,-0.127814,-0.002641,-0.015620,-0.000794,0.082935,-0.192853,0.032364,0.235626,-0.093103,#
8,0.067076,0.192067,-0.036604,0.149019,0.179723,0.115130,0.089577,0.058818,1.000000,0.080858,0.250620,0.152669,0.209843,-0.062305,0.215124,-0.174046,-0.170402,0.098722,0.032149,-0.018799,0.054981,-0.024430,-0.139243,0.228886,-0.004927,0.036903,0.010833,0.124727,-0.101158,-0.054607,-0.349209,0.181763,-0.047403,-0.201427,-0.150207,-0.004957,0.204442,-0.193128,0.024209,-0.151326,0.222263,-0.046902,0.028286,0.068585,0.222442,0.096166,-0.046643,0.104500,0.156971,-0.046500,0.069319,0.265723,0.143578,0.337030,0.000221,0.182337,0.106753,0.292368,-0.184777,0.055623,0.128179,0.092576,0.054672,-0.279321,-0.005717,0.179120,-0.008008,-0.127089,0.337016,0.003469,0.054012,-0.015142,0.094291,-0.188052,0.073585,0.045803,-0.053801,0.115229,0.088868,-0.178153,0.206189,0.221346,0.135585,0.103708,0.274660,0.119861,0.085573,0.098024,0.128290,0.186782,0.038840,0.309903,-0.002079,-0.231937,0.445476,0.227082,0.041016,0.048425,0.250203,-0.003638,0.074060,0.091471,0.071244,0.145902,0.132813,-0.002596,0.112792,0.075779,-0.225589,0.254656,0.037874,-0.115981,-0.135922,0.241915,-0.036782,0.042315,-0.013544,0.128521,0.013972,0.252202,0.151603,-0.009861,0.147765,-0.039932,-0.076222,0.161838,-0.098169,0.165863,-0.101878,0.183186,0.076233,-0.179900,0.018962,0.280160,0.130602,0.000097,0.005055,0.098208,0.361306,0.140636,0.279138,0.029121,0.037338,-0.148076,-0.174040,-0.207325,0.209945,0.046266,-0.165927,0.031255,0.214606,-0.130756,0.146411,-0.043014,0.194237,0.333508,0.210158,0.141865,0.078803,0.202361,-0.143512,0.013333,-0.142905,0.196091,0.040087,-0.041331,0.138108,-0.080952,0.117476,0.028244,0.144755,0.129245,-0.135154,0.001720,-0.012583,-0.179840,0.014052,0.162682,0.237115,-0.069288,-0.047473,0.195536,-0.083471,-0.098221,-0.059131,0.102738,-0.132114,-0.051583,0.158334,0.311311,0.139881,-0.047969,0.191405,0.016294,0.222971,0.007715,0.128405,-0.108749,-0.197329,-0.050515,#
9,0.033431,-0.041109,-0.105291,-0.093221,0.007245,0.185009,-0.014060,0.077456,0.080858,1.000000,0.140175,-0.108836,-0.076710,0.254579,-0.032920,-0.046651,-0.006788,-0.154944,-0.385965,0.250895,-0.143670,-0.059472,-0.102015,-0.101269,-0.123150,0.106251,0.297190,0.039199,0.059771,-0.245497,0.212489,0.200100,-0.070605,0.136817,0.221607,-0.082338,-0.176614,0.035660,-0.110502,-0.180896,0.076531,0.088169,0.065145,-0.196823,0.102112,0.016466,-0.037984,0.071348,0.074577,-0.001855,-0.112034,0.079559,-0.126667,0.033487,0.074205,0.032713,-0.036439,0.125929,0.213941,-0.142932,0.228982,0.000384,0.154319,-0.165209,0.087705,0.009834,-0.144825,-0.175969,0.075620,-0.126780,0.190491,0.027016,0.045604,0.020854,0.129499,-0.029294,-0.106242,-0.062102,0.254909,-0.025655,-0.100044,0.209768,-0.203182,-0.012127,0.241038,0.141698,-0.018625,-0.060539,-0.338847,-0.035201,-0.121648,0.047978,0.055430,-0.245704,-0.060666,0.093852,-0.035530,0.086002,0.113723,-0.064893,0.037852,0.217239,0.068602,0.109547,0.289112,0.140061,0.028015,-0.196315,0.189027,0.000156,-0.160261,-0.131752,-0.139998,0.231702,-0.015970,-0.024418,-0.154950,0.068602,0.103522,-0.044799,0.104627,0.049106,-0.062253,0.148187,-0.079384,0.241514,-0.293259,0.074410,0.031257,0.128082,0.070518,-0.299430,-0.146322,0.188542,0.168857,0.258948,0.101050,0.295446,0.309127,-0.147627,-0.041761,0.060339,-0.042029,-0.160120,-0.181958,0.001546,0.264904,0.086258,0.074021,0.328972,0.015389,-0.312608,0.385797,0.029378,0.148060,0.105543,0.053318,0.199640,0.316523,-0.100534,0.020514,0.070894,-0.268232,0.243646,-0.198958,0.010949,-0.031600,-0.040908,0.333343,-0.104760,-0.075293,0.023890,-0.022196,0.117624,-0.137526,-0.061224,0.084378,-0.139504,0.017116,-0.205985,-0.020331,0.000972,0.109304,0.124656,-0.110734,0.086620,-0.054250,0.212917,0.136275,-0.053951,0.117903,0.095350,-0.127612,0.183283,-0.126648,0.186112,0.045200,-0.092570,0.028429,0.236148,#
10,0.109084,0.174646,-0.051962,0.162292,-0.176435,0.146809,0.056302,0.115617,0.250620,0.140175,1.000000,0.018558,-0.099594,0.146617,0.006017,-0.122757,-0.011322,0.086417,0.134359,-0.005841,-0.197648,0.272409,-0.315321,0.008370,0.012122,-0.031134,0.026806,0.286283,0.158316,0.055841,0.284392,0.235824,0.189371,0.080041,0.002492,-0.097155,0.005698,0.097960,0.380677,0.213753,0.057813,0.024389,-0.020189,0.044683,-0.276277,0.069668,-0.011577,0.221917,0.132402,-0.015516,0.074519,0.029892,-0.062159,0.077382,-0.042189,0.100715,-0.017328,-0.071921,-0.210244,0.210258,-0.115590,0.009028,0.046285,0.082860,0.342564,0.359359,0.050853,-0.128657,0.219130,0.149524,0.226705,0.010188,0.285773,0.102476,0.016083,0.108078,0.054987,-0.080379,-0.011849,0.096032,0.133071,-0.110286,0.362702,0.098168,0.360673,-0.125609,0.118693,-0.032942,0.108059,0.079532,-0.252206,0.043319,0.095153,-0.079774,0.152210,0.105236,0.035163,-0.138717,0.147409,0.086824,-0.010956,0.057543,0.119334,-0.177773,0.143241,-0.071591,0.025032,0.139064,0.036091,0.055549,-0.076931,0.112558,-0.092280,0.083705,0.416785,0.158325,0.135415,-0.108092,0.073366,0.101814,0.017520,0.244258,-0.007775,0.166066,-0.030234,0.142644,-0.074243,0.176320,-0.020506,0.100930,0.397502,-0.042403,-0.080340,0.220507,0.078170,0.057933,-0.050971,0.288664,0.216527,-0.035175,0.240604,-0.112754,0.128235,-0.010721,-0.172796,-0.018289,0.189405,-0.093023,-0.064073,0.059340,-0.019516,0.104189,0.322933,-0.248894,0.310231,0.084917,0.085374,-0.086433,0.200208,0.045029,0.035061,-0.097307,0.233301,-0.014206,-0.066487,-0.062680,0.063029,0.033998,0.100904,0.162604,0.132453,0.097311,-0.051817,0.135993,-0.136196,0.031411,0.119590,0.032363,0.002486,-0.109989,0.075780,0.142518,0.106889,-0.092462,-0.079994,0.302804,-0.030386,-0.190923,0.132380,0.158326,0.306811,-0.134093,0.014085,0.069672,0.245713,0.113073,-0.055734,0.061179,0.075135,0.134325,#
11,-0.137920,0.178248,0.297392,0.066104,-0.138015,0.147442,-0.080778,0.292873,0.152669,-0.108836,0.018558,1.000000,0.153426,-0.069274,-0.126846,0.042341,-0.014021,0.133281,0.208840,-0.302905,-0.150455,0.095802,-0.207367,0.007391,0.230287,0.081943,-0.024588,0.219390,-0.355733,-0.021755,-0.077326,-0.030494,-0.144658,-0.018093,0.046158,0.199578,-0.020162,-0.150734,0.031375,0.025124,-0.166861,0.199516,0.245161,0.329508,-0.060027,0.030003,-0.217074,-0.076900,0.134373,-0.093194,0.109805,-0.074521,0.176443,0.132866,-0.236290,-0.127694,-0.001060,0.252146,0.051802,-0.141030,-0.014563,0.053713,0.159642,0.020908,-0.004510,0.247482,0.047903,0.074997,0.080884,0.014790,-0.219129,-0.194412,0.237114,0.057158,-0.203577,0.071419,-0.049326,-0.237400,-0.199263,0.133256,0.125864,-0.137895,-0.049162,0.156361,-0.039693,-0.209108,0.077952,-0.036145,0.188929,-0.092658,-0.068227,0.133920,0.201448,0.486757,-0.054985,0.066246,0.014923,-0.074319,0.150834,-0.017553,0.136203,0.017831,-0.122000,0.129266,-0.053257,0.023390,0.294533,0.189820,-0.060390,0.121068,0.179613,0.017433,-0.013833,0.015461,-0.181456,0.176102,-0.058800,-0.018582,-0.003658,0.003729,-0.016729,-0.094444,0.098390,-0.026524,0.030565,0.007292,-0.022041,0.080252,0.065317,-0.056014,-0.000765,0.128174,0.185344,0.091627,0.184290,-0.012257,-0.203191,0.157448,-0.109440,0.073886,0.079686,-0.048695,0.171499,-0.087606,-0.026986,-0.131167,-0.089957,-0.089320,-0.228160,-0.004443,-0.078027,0.191625,0.163375,0.207247,-0.077811,0.169535,0.003382,-0.039772,-0.063432,0.141582,-0.010635,0.052541,-0.092007,-0.167627,-0.066723,-0.074644,0.430047,-0.079235,0.016313,0.095967,0.000266,-0.004491,-0.287423,-0.112622,-0.024739,0.129606,0.105849,0.112215,-0.069946,-0.053389,0.115346,0.062804,-0.138442,-0.140866,-0.392209,0.041535,-0.035077,0.102288,0.056365,-0.033313,0.093535,-0.146186,0.243198,0.004830,0.131954,0.010012,-0.098119,-0.000098,0.159245,-0.138529,#
12,-0.040833,0.013511,0.132808,0.089839,0.210244,0.325952,0.008451,-0.055191,0.209843,-0.076710,-0.099594,0.153426,1.000000,0.011434,0.111156,-0.021000,0.239257,-0.125773,-0.022571,0.198946,0.055745,0.141827,0.024508,0.157969,-0.032284,0.259487,0.066976,0.079794,-0.007267,0.187410,-0.303041,0.327293,0.048691,0.085309,0.083280,0.315638,0.295726,-0.032112,0.174414,-0.175364,0.320194,0.023873,0.003239,0.207817,0.252196,0.158834,0.045566,0.014534,0.155690,0.077602,0.179582,0.272752,0.042369,0.165313,0.136946,0.144051,0.042711,0.176792,-0.020659,-0.068107,0.024889,0.033785,0.031096,0.115895,0.274829,0.080129,0.084876,0.011075,0.186396,-0.051091,-0.026995,0.043113,-0.004636,0.066270,0.188449,0.082748,0.119991,-0.004854,0.060205,-0.049871,0.204379,0.317651,-0.091156,-0.014188,0.163399,0.059621,0.043709,0.243250,0.192942,0.072555,0.189489,0.288631,0.006567,0.202020,0.231267,0.156430,0.129198,-0.122667,0.187565,0.009842,0.281767,0.245316,-0.048677,-0.129753,0.192446,-0.031645,0.118042,-0.041931,-0.132831,-0.014781,0.333341,-0.101585,0.000594,0.169059,-0.012239,-0.173634,0.093944,-0.017065,0.251189,0.031903,0.171201,-0.011173,0.291959,0.118363,-0.021100,-0.098414,0.099753,0.137217,0.076044,-0.018869,0.130086,-0.180316,0.160792,0.006844,0.124386,-0.028118,0.163366,-0.037207,0.093955,0.167289,0.257105,-0.136416,0.091435,0.140518,-0.229558,0.177691,-0.155500,0.095270,-0.015350,-0.106310,-0.135314,0.179598,0.033746,0.179203,-0.160935,-0.048833,0.062476,-0.065411,0.041709,0.067701,-0.127611,0.318753,-0.000913,0.181576,0.051314,-0.240438,0.179643,-0.006309,0.056693,0.224926,0.148960,-0.004509,-0.003577,0.187202,0.044644,0.040048,0.228438,0.331882,0.127611,0.145830,0.032810,0.059071,0.151651,0.113268,0.000770,0.077434,0.160697,0.155504,0.037245,0.100904,0.087281,-0.231485,0.060393,0.042606,-0.166825,0.099512,0.277665,0.297966,0.092994,-0.020298,#
13,0.048077,0.066646,0.185778,-0.043291,0.060708,0.018991,0.060059,-0.044436,-0.062305,0.254579,0.146617,-0.069274,0.011434,1.000000,0.173423,-0.030468,0.298109,-0.071737,0.121642,0.332474,0.000539,0.038705,-0.264163,0.090755,-0.045577,0.277941,0.364427,0.037170,-0.064932,-0.041964,0.265106,0.228533,-0.009981,0.142890,0.252225,0.135942,-0.005136,-0.023655,-0.019947,0.094992,-0.131671,0.092437,0.081972,0.008542,-0.003116,0.138919,0.115678,0.080591,0.173297,0.098431,0.009914,0.108016,0.217672,0.156294,0.131885,0.138482,-0.121959,0.042315,-0.011959,0.100420,0.181131,0.145556,0.142938,0.000937,0.215566,0.086924,0.443651,0.241484,0.227550,-0.001040,-0.009752,0.122128,0.099437,-0.076579,0.199290,0.025955,0.272349,0.144218,0.295799,-0.077347,0.027799,0.265182,-0.055358,0.357674,0.305238,0.093120,0.175432,0.257080,0.065891,-0.215136,-0.087664,0.081290,-0.121862,0.124908,-0.008157,-0.035448,0.245309,-0.071465,0.015801,0.221728,0.191549,0.285430,0.043931,0.225043,0.184400,-0.011755,0.081964,-0.014321,0.242060,0.092960,-0.086312,-0.142672,0.314110,0.163719,0.129108,0.048748,0.315721,0.031017,-0.191524,0.005225,0.063572,0.135533,0.199574,0.150479,0.300732,-0.093171,-0.010126,-0.153841,0.158732,0.088723,0.142495,-0.146795,-0.150501,0.006928,0.175253,0.114222,0.098286,0.150635,0.349136,0.216194,-0.109032,-0.010030,0.246621,0.213663,0.111468,0.161870,0.018239,0.232515,-0.054784,0.126366,0.029743,0.106009,0.254103,0.214522,0.238090,0.224532,-0.105031,0.344569,0.177714,0.204138,-0.212015,0.330801,-0.027099,0.326097,-0.100968,-0.098057,0.019935,-0.091177,0.178943,0.041056,0.105658,0.323412,-0.023867,0.103211,-0.051687,0.326810,0.194611,0.047773,0.098475,-0.169019,0.051398,0.160884,0.133717,0.179424,0.090109,0.144780,0.201399,0.134817,0.103223,0.073010,0.225618,0.120196,0.015862,0.039910,-0.089122,0.109708,-0.198574,0.075227,0.071421,0.024384,#
14,0.092779,0.057666,-0.203597,0.088208,0.082510,0.178580,0.016735,0.180706,0.215124,-0.032920,0.006017,-0.126846,0.111156,0.173423,1.000000,0.138437,0.188936,0.132098,-0.129117,0.273630,0.072495,0.015405,-0.062837,0.342187,-0.149347,0.040365,0.175662,0.114227,-0.081265,0.125514,-0.207331,0.152306,-0.118143,-0.146507,0.053589,-0.060143,0.107199,0.089287,-0.008452,0.196218,0.128757,-0.149723,0.177278,-0.078157,0.213679,0.387369,0.071685,-0.041689,0.227638,0.122447,0.144853,-0.033891,0.355672,0.246200,0.316514,0.251099,0.130427,-0.133190,-0.218311,-0.012539,0.337666,0.191018,0.063166,-0.295722,0.005980,-0.011807,0.191340,0.214397,0.030765,0.125867,0.246213,-0.060273,0.115147,0.322047,0.253513,0.183969,0.187099,0.124875,0.217926,0.151016,0.175159,0.088203,0.052835,0.056487,0.146999,0.169871,-0.122212,0.103398,0.031410,-0.054798,0.288779,0.310900,-0.118013,0.019353,0.227141,-0.177064,0.052571,0.044902,-0.222693,0.049106,0.151364,0.165570,-0.025311,0.238476,-0.015609,0.026455,0.290302,0.098818,-0.026023,0.201108,-0.135706,-0.334694,-0.067208,0.202951,-0.002117,-0.040147,0.041621,0.151847,0.047775,0.158510,0.134856,0.166022,-0.072891,0.034564,0.199418,-0.034119,0.102956,0.072858,0.054095,0.271587,0.026083,0.005639,0.013912,-0.088301,-0.065123,0.124494,-0.194213,0.036148,0.060220,0.275942,0.270438,0.216115,0.036987,0.103084,-0.025167,0.311045,0.251718,0.118337,-0.136495,0.053640,0.278115,0.083431,-0.194772,0.080601,0.266739,0.181356,0.178048,0.148675,0.071599,0.093584,-0.255613,0.198553,-0.027849,0.082737,0.169988,-0.071627,-0.004370,-0.129326,0.106422,0.197181,0.384630,0.131296,-0.101697,0.080477,0.137042,-0.094845,0.200441,0.250593,0.242389,-0.010808,-0.080155,0.206436,0.114522,-0.073966,0.162358,0.049657,0.069959,-0.318258,0.102461,0.454161,0.086863,0.018449,-0.005817,0.250906,-0.068088,0.071846,-0.211229,0.103580,0.005825,-0.032328,#
15,0.174905,-0.246932,0.178883,-0.011106,0.043325,-0.117854,-0.069254,0.103918,-0.174046,-0.046651,-0.122757,0.042341,-0.021000,-0.030468,0.138437,1.000000,0.245780,0.189683,0.123549,0.013466,0.133823,0.002852,-0.055913,0.295671,0.028355,0.414460,0.126648,0.055299,0.260481,-0.074421,-0.002938,0.033586,-0.022852,0.205721,-0.056498,-0.189449,-0.148593,-0.136272,0.011726,-0.002556,0.066598,0.105314,0.218349,0.034119,0.189042,0.119011,-0.263736,-0.135854,-0.000009,0.171916,-0.207034,0.083542,0.125233,0.036352,0.140894,-0.039384,0.020613,0.016634,0.041982,0.124141,0.071170,-0.222474,0.151244,-0.245386,0.070783,-0.002458,-0.087572,0.087674,0.079149,-0.063684,0.202344,-0.015141,-0.011121,0.074873,-0.075298,0.045689,-0.191876,0.106596,-0.221437,0.219680,0.154676,-0.164637,0.003414,0.359007,-0.051613,0.032585,-0.065823,0.083350,0.180934,0.089834,-0.035797,0.169374,0.097048,0.192551,-0.067254,-0.300277,0.275188,-0.073074,0.062939,0.043523,0.046963,-0.011103,-0.238295,-0.091978,-0.252285,0.044082,0.037749,-0.083507,-0.095592,0.279751,-0.085334,0.166732,-0.021256,0.013435,-0.193069,0.110942,-0.085674,-0.261421,-0.063842,0.020956,0.127250,0.123687,0.020298,0.152819,0.108554,-0.243336,-0.055076,-0.009702,0.021609,-0.109489,0.114070,0.084601,-0.021255,-0.053936,0.046344,0.141476,-0.052185,-0.018231,-0.051859,-0.037601,-0.202740,0.101115,-0.171222,-0.102858,0.238363,-0.003046,-0.053267,0.185382,0.407917,-0.029136,-0.028240,-0.182851,0.114366,0.255972,-0.223646,0.285727,-0.007067,0.056137,0.121433,0.175848,-0.099511,0.081945,0.171309,0.111254,-0.057926,0.081781,0.158390,0.071723,-0.078087,-0.133891,-0.196722,-0.126170,0.123756,-0.114862,0.104194,-0.237342,0.279855,-0.081785,-0.092248,0.173383,0.144420,0.077163,-0.021862,0.123304,-0.111746,-0.079153,-0.039811,0.139392,0.059322,0.093048,-0.172098,-0.031979,0.068226,-0.002443,-0.013800,-0.010750,-0.087383,0.140047,0.071766,-0.304587,#
16,-0.042379,0.011281,0.064317,-0.062158,-0.273772,-0.172654,0.055249,0.117308,-0.170402,-0.006788,-0.011322,-0.014021,0.239257,0.298109,0.188936,0.245780,1.000000,-0.008580,0.066540,0.322192,0.042834,0.244502,0.045699,-0.081218,-0.251921,0.215661,0.172491,-0.054019,0.033407,0.239660,-0.032443,0.195139,-0.186448,0.243902,0.095942,0.065637,-0.033190,-0.011823,0.125744,-0.217153,0.031944,-0.045468,0.067641,0.143139,0.116315,0.338493,-0.123007,0.059324,0.007282,-0.194514,0.050124,0.227013,0.237562,-0.082060,0.139328,-0.058225,0.033391,-0.045104,-0.069228,-0.151414,0.053600,0.027340,0.285975,0.156489,0.268510,-0.003898,-0.029181,0.387728,0.133556,-0.007181,-0.139149,0.246364,0.219996,-0.102957,0.054920,0.244881,-0.047011,0.294325,0.038696,0.032127,-0.002030,0.037738,0.052626,0.150241,-0.068829,0.068155,0.162743,-0.071664,0.060469,-0.141170,0.094658,0.226050,-0.025476,0.018744,-0.007197,-0.318101,0.340230,-0.093560,-0.036871,0.214848,0.094066,0.097922,-0.286806,-0.099908,0.042653,-0.057226,0.031789,-0.126802,-0.146214,0.142732,0.007863,-0.100700,0.001703,0.032752,0.109848,0.237687,-0.066477,0.095095,-0.060208,0.288604,0.159924,0.110991,0.031098,0.181679,0.109211,-0.193847,-0.121832,-0.207681,-0.054776,0.127620,0.015819,-0.176316,0.306844,-0.374946,0.143716,0.126696,-0.150161,0.172865,0.130766,0.144523,-0.100863,0.089561,0.109307,0.090390,0.192141,0.124373,-0.157768,0.193617,0.124057,0.135392,-0.232827,0.204210,-0.029034,0.114808,0.095724,0.067434,-0.083014,0.039598,0.038356,0.086926,-0.134576,0.267987,0.206459,0.237050,0.096226,-0.045355,0.169225,0.024066,-0.066161,0.070535,-0.027419,0.128922,-0.078537,-0.039908,0.003498,0.031668,-0.003890,0.078403,0.039638,-0.023801,0.147472,0.121729,0.090611,-0.023825,-0.119216,0.084529,0.218233,-0.011010,0.201516,0.109530,0.210674,-0.351906,-0.190850,0.028211,-0.019073,0.195845,-0.113122,0.119337,-0.010530,-0.177642,#
17,-0.019664,0.121826,-0.062984,-0.058237,0.109387,-0.041969,-0.132803,0.427572,0.098722,-0.154944,0.086417,0.133281,-0.125773,-0.071737,0.132098,0.189683,-0.008580,1.000000,-0.046234,0.169840,0.231880,-0.114043,-0.124356,-0.018212,-0.005962,0.109891,-0.062400,-0.064029,-0.014229,0.068125,0.023056,-0.004180,0.132414,-0.114727,-0.098957,0.011330,-0.269810,-0.193962,0.103232,-0.101513,0.016909,-0.017974,-0.154905,0.062942,0.049832,0.072956,0.070470,-0.085215,-0.160341,0.029384,0.028180,-0.156930,-0.078738,0.033671,0.024968,0.128169,0.208883,0.070776,-0.069974,0.063892,0.120602,0.213952,0.081493,-0.233585,-0.000122,0.007100,0.108633,-0.051206,-0.042433,0.004685,-0.120192,0.057180,0.111208,0.032008,-0.043788,0.084628,-0.234992,0.005869,-0.262202,0.222605,0.119507,-0.019241,0.353317,0.129327,-0.069493,-0.112307,-0.002015,0.086221,0.079434,0.228731,-0.043003,0.033910,0.002360,0.086758,-0.257859,-0.163336,-0.090538,0.191627,0.108757,0.020336,-0.140278,-0.164571,-0.012288,0.096703,-0.194543,0.076625,0.060271,0.062294,-0.172466,-0.031723,0.108313,0.343277,-0.037778,0.223017,0.065929,0.138887,-0.162986,-0.132486,-0.129881,0.060837,-0.091762,0.159156,0.015327,0.033225,0.249982,-0.151971,-0.018501,0.014000,-0.043150,-0.159855,0.029258,0.064562,0.074593,0.025828,0.220760,0.144629,-0.081706,0.309141,0.016230,0.151601,0.032228,0.011449,-0.083001,-0.070778,0.082967,0.148419,-0.118035,-0.066059,-0.076314,-0.169197,-0.021985,-0.157817,-0.076691,0.125102,0.057312,0.159995,0.062584,-0.016545,0.198116,0.153324,0.056645,-0.031002,0.120661,-0.001512,-0.061373,0.118946,0.118975,0.084436,-0.125078,-0.146303,0.072872,0.079674,-0.006861,-0.004223,0.093368,-0.328074,0.024788,0.044365,-0.273468,0.281761,-0.080129,0.043184,0.064434,0.008059,-0.207106,-0.114223,-0.162426,-0.120640,0.040033,0.262051,0.230837,-0.003535,0.055075,-0.062285,0.059178,-0.119520,-0.088659,-0.078153,-0.088507,-0.058613,#
18,0.145789,-0.002181,0.186343,0.132383,0.164052,-0.134732,0.151971,0.026268,0.032149,-0.385965,0.134359,0.208840,-0.022571,0.121642,-0.129117,0.123549,0.066540,-0.046234,1.000000,-0.258711,0.078384,0.187428,-0.103004,0.169693,0.231696,0.030174,0.029233,0.287636,-0.042291,0.067564,0.005833,-0.195460,-0.026500,-0.068234,0.104735,0.104756,0.328112,0.164965,0.066531,0.339097,0.040675,0.268409,0.055479,0.126002,0.023934,-0.057618,0.007278,0.174138,0.120307,0.083266,0.142410,0.074575,0.251517,0.137841,-0.035607,0.218099,0.028497,0.059020,-0.246926,-0.038567,0.047500,-0.107121,0.037207,-0.139661,0.022333,0.054586,0.153361,0.273361,-0.007813,-0.105020,-0.114978,-0.010732,0.036263,-0.002803,-0.098205,0.043037,-0.063804,0.157826,0.053478,-0.014436,0.008692,-0.068480,0.034255,0.251015,0.074081,-0.079489,0.199193,-0.054109,0.192656,0.061373,0.167781,0.015386,-0.120868,0.299427,-0.014160,0.166286,0.252662,-0.000011,-0.002385,0.305531,0.053064,-0.030331,-0.008581,-0.045082,0.052085,-0.015049,0.005500,0.095024,0.067963,0.240135,0.192197,0.252101,0.059203,-0.011963,0.025185,0.123197,0.024168,-0.257070,-0.011863,0.233211,-0.039516,0.081890,0.100816,-0.012164,0.106719,-0.152914,0.214043,-0.088532,0.313633,-0.101488,0.175942,0.237317,-0.021200,0.028478,0.122233,-0.382409,-0.051967,-0.015576,-0.017661,0.204475,0.063881,-0.140583,0.056245,0.002718,0.083610,0.058508,-0.062555,-0.019983,0.099208,-0.008191,-0.048201,0.202326,-0.014845,0.007082,0.025223,0.227091,0.214936,0.126338,-0.142167,0.506851,0.011190,0.062502,-0.006222,0.048757,0.005379,0.094122,0.142734,0.093096,-0.151395,0.104051,-0.088614,0.097114,0.175201,-0.015322,-0.211874,0.181923,0.105831,0.149606,0.122706,-0.163998,0.032197,0.097191,0.124759,-0.093896,-0.013132,-0.110513,0.183189,0.065741,0.052006,0.122275,-0.046213,0.050040,0.192454,-0.107864,-0.053893,-0.079018,-0.089391,0.286651,0.233492,-0.143303,#
19,0.105487,0.087737,0.000303,0.137765,0.284822,-0.105684,-0.161203,0.085954,-0.018799,0.250895,-0.005841,-0.302905,0.198946,0.332474,0.273630,0.013466,0.322192,0.169840,-0.258711,1.000000,0.085471,0.164312,0.035950,0.123626,-0.207331,0.414678,0.227705,0.015858,0.086691,0.054138,0.108052,0.256267,0.009750,0.096714,0.053696,0.123188,-0.129086,0.019298,0.159135,-0.097962,0.301968,0.156213,-0.127630,-0.000305,0.138884,0.147336,0.156670,0.455870,-0.012590,0.149625,0.115957,0.170428,-0.066530,0.181293,0.309418,0.150694,0.099709,-0.023801,0.027065,0.003176,0.334588,0.139617,0.064421,0.070205,0.410141,-0.018119,0.037188,0.136054,0.038839,0.185874,0.141260,0.267983,0.189992,0.082300,0.351846,0.418583,-0.062260,0.202417,0.310820,-0.066198,0.234198,0.302070,0.084229,0.038182,0.173792,-0.019075,0.117620,0.127466,0.196495,0.065832,-0.010081,0.193840,0.038180,-0.062464,0.018513,-0.043538,0.033984,0.129239,-0.079747,0.120329,0.136149,0.179948,0.151672,0.225291,0.246624,0.075502,0.018399,0.185809,-0.084465,-0.019555,0.102042,-0.025467,0.089931,0.324940,0.179456,-0.135096,0.153254,0.241241,0.076031,-0.151584,0.406020,0.156719,0.339147,0.334577,0.372910,0.057756,0.141634,0.119648,-0.120836,0.134252,-0.084506,-0.231464,0.228120,0.023276,0.037225,0.154902,0.010269,0.193313,0.318456,0.203554,0.072324,0.149227,0.079612,0.006842,0.012619,0.165257,-0.045498,0.193480,0.189266,-0.063078,-0.048467,0.096784,0.125009,0.250242,0.191414,0.017076,0.070953,0.084342,0.141141,0.174939,0.035799,0.270259,0.019951,0.228278,0.012635,0.089371,-0.054472,0.110315,0.177088,-0.125662,0.142209,0.243083,0.133499,0.245395,0.148247,-0.033788,0.253837,0.197273,-0.022274,0.054352,-0.240957,0.261200,0.114237,0.025987,0.059047,0.146453,0.126634,0.147415,0.301624,0.107354,0.403514,0.095815,-0.199216,0.017813,-0.023876,0.295605,0.158255,0.114962,0.061629,0.055393,#
20,0.135110,0.096980,0.239079,0.132850,0.254308,0.040454,0.129013,0.133859,0.054981,-0.143670,-0.197648,-0.150455,0.055745,0.000539,0.072495,0.133823,0.042834,0.231880,0.078384,0.085471,1.000000,0.039428,0.029456,-0.052897,0.290686,0.137304,0.104490,-0.039671,0.030703,0.022286,-0.028663,-0.036403,-0.022140,-0.013078,-0.243767,-0.129384,0.081121,-0.149913,-0.091799,-0.046766,0.235294,0.198793,-0.043685,-0.036994,0.187363,-0.092485,0.227866,0.105301,0.097004,-0.003356,-0.164501,0.053525,0.166794,0.020653,0.095084,0.137133,0.137299,-0.017228,-0.046196,-0.218837,0.261806,0.144886,0.145577,-0.105484,-0.017418,-0.145918,0.049576,0.051219,0.201902,0.096883,0.023984,0.234476,0.073953,0.005911,-0.080550,-0.270758,0.129861,0.361295,0.183264,-0.201066,0.059834,0.025876,0.013034,0.111388,0.053806,0.105364,0.038144,-0.053339,0.263276,0.055923,0.039399,0.011669,-0.004725,0.039029,0.007877,-0.024656,0.147058,0.106670,0.100387,-0.163477,0.131306,0.040589,0.075552,0.180723,-0.008629,-0.007438,0.016881,0.105835,0.020206,0.074425,0.026451,0.064362,-0.150212,0.028013,0.086482,0.121581,0.139851,-0.165861,-0.164491,0.134721,-0.016726,0.206217,-0.104204,-0.162872,-0.025288,-0.102381,0.174373,0.010037,-0.039935,-0.047701,0.059517,0.093933,0.037493,0.000140,0.144797,0.064365,0.318421,-0.100556,0.253678,0.023316,0.271626,0.147266,0.048185,0.124220,0.174584,0.051952,-0.115764,0.164232,0.314284,0.079777,0.215053,0.009069,-0.209331,-0.039985,-0.111839,0.072526,0.151332,0.059653,-0.005754,0.239134,0.041008,0.058497,0.142596,0.250078,0.092883,-0.009628,-0.218552,0.188475,-0.065680,-0.059375,0.177923,0.085046,-0.100735,-0.037103,-0.111621,0.021164,0.012599,-0.072851,0.210652,0.117438,0.088902,0.093925,-0.167190,0.027982,-0.015936,-0.352257,0.155648,0.045401,-0.030341,0.333091,-0.012492,0.154614,-0.012811,-0.080888,0.088766,0.123283,-0.073677,0.217380,-0.046221,-0.016903,#
