0,1.000000,0.140551,-0.033251,0.223958,0.129519,-0.003448,0.022936,-0.159577,0.020795,0.038096,-0.025591,-0.008657,-0.015659,-0.267547,0.243171,0.274023,0.269621,0.264304,0.239875,0.217177,-0.063067,-0.099775,0.214488,0.334493,-0.020973,-0.039551,0.129844,-0.215317,-0.108915,-0.016548,-0.002719,0.162365,-0.033287,0.049115,0.177327,0.035316,0.087861,0.029450,0.066597,0.060668,-0.079094,0.014524,0.370136,-0.060628,-0.143332,-0.091803,-0.073058,0.216531,0.030682,0.203313,-0.015429,0.097521,0.025243,0.130777,0.201232,-0.032783,0.239412,0.084308,-0.001909,0.073864,0.063596,0.223671,0.108073,0.086408,-0.104850,-0.052077,0.069485,0.106638,0.004693,0.217799,-0.107100,-0.084811,0.119193,0.160747,-0.011418,-0.261808,0.331090,0.224328,0.105985,-0.186649,-0.192526,-0.137853,0.029892,0.148833,0.338628,0.049131,0.203961,0.001965,0.147763,0.182780,0.052176,-0.080778,0.132919,-0.084992,-0.116728,0.331226,0.050632,-0.166737,0.034650,0.090074,0.121475,0.093595,-0.062733,0.149289,-0.010049,0.136835,0.236252,0.165052,0.305065,0.019735,-0.010331,0.055800,-0.073767,0.013390,0.104145,0.179080,-0.068557,-0.136125,-0.046869,-0.104482,0.037933,-0.087575,0.156776,-0.018283,0.329270,0.212522,0.003759,-0.175299,-0.065405,0.175016,0.115069,-0.175833,-0.272302,-0.160136,-0.053270,0.178502,0.085667,0.038990,-0.246747,0.018847,0.287435,0.127019,-0.004909,0.124582,-0.041747,-0.125473,-0.024788,-0.099000,0.074491,-0.073490,-0.240681,0.129473,-0.078576,-0.098989,0.129650,0.078336,0.253646,0.137648,-0.051478,-0.061157,0.213894,0.123124,-0.005182,-0.113090,-0.141629,0.303692,-0.131992,0.156565,0.198646,0.097153,-0.254570,-0.197149,0.163852,-0.116204,-0.242291,0.197310,0.353997,-0.067397,0.043614,-0.076827,0.047530,0.191362,0.040556,-0.029573,-0.140169,-0.025818,-0.014733,0.311304,0.238960,-0.117970,0.094860,0.321439,-0.099924,-0.039041,0.197658,0.187620,-0.030863,-0.091998,-0.007547,0.092828,#
1,0.140551,1.000000,0.175182,-0.012854,-0.046236,0.072508,0.430417,0.234955,0.241394,0.193251,0.258858,0.240237,0.005351,-0.200408,-0.052712,0.090921,-0.046048,0.002740,-0.028752,-0.017676,-0.065553,0.058341,0.002293,-0.148498,0.142228,-0.071280,-0.118954,0.100462,-0.313677,0.080648,0.164383,-0.075136,-0.097239,0.164195,-0.000285,0.124423,-0.117050,-0.077568,0.225241,0.104670,0.075858,-0.057271,0.341303,-0.054208,-0.031113,0.014153,0.271836,-0.057014,0.290621,-0.006786,0.082415,0.003922,0.236966,0.219264,0.183189,0.116803,-0.019209,-0.145318,-0.032968,0.127228,0.028206,0.064650,0.216433,-0.041700,-0.128534,0.301533,0.261181,0.218231,0.034337,0.146250,0.237621,0.133316,0.181866,0.183028,0.036876,-0.023411,0.101679,0.149571,0.247338,-0.017313,-0.093175,0.202342,-0.047172,0.148399,0.266769,-0.006019,0.114794,0.331278,0.034226,-0.101263,0.065653,0.123158,-0.136644,0.042637,-0.074223,0.097920,0.038803,0.013695,0.024318,0.123716,0.158797,0.098216,0.087704,-0.115405,-0.113015,0.086412,0.113360,0.082097,0.269816,0.014951,-0.077851,0.137214,-0.115805,-0.123076,0.131440,0.376046,0.097557,-0.117417,0.166767,-0.046243,-0.304138,0.097877,0.079759,0.114692,0.019997,0.096489,-0.023660,0.089524,0.270229,0.116896,-0.059339,0.107377,-0.114603,0.084787,0.143151,-0.055435,0.275558,0.163225,0.030780,0.242358,0.146114,0.103312,-0.080752,0.182699,0.258137,-0.231452,0.033318,-0.071996,0.252928,-0.076888,0.417161,0.024478,-0.100628,-0.247370,0.098850,0.285774,-0.210702,0.213615,-0.206956,-0.173901,-0.101222,0.028870,0.251926,0.243063,0.185917,0.086817,-0.009699,-0.118597,-0.036095,0.248820,0.106384,-0.038415,0.045286,-0.145551,0.113560,0.207037,0.173125,-0.039215,0.179453,-0.007610,0.185224,0.046021,0.243925,-0.010365,0.228641,-0.000993,0.063271,-0.272676,0.263257,0.308715,0.137754,0.363041,-0.200264,0.038917,-0.058477,-0.019449,-0.186297,0.331742,-0.133722,0.387216,#
2,-0.033251,0.175182,1.000000,-0.018969,0.172456,0.023638,0.179154,0.074949,-0.008011,0.102820,0.415766,0.257757,-0.029144,-0.027023,-0.163137,0.056230,-0.182231,-0.017175,-0.023042,-0.032783,0.100658,0.172379,-0.050117,-0.199001,-0.016369,0.145220,0.088831,-0.016950,-0.253926,0.003711,0.051005,0.014520,0.005674,0.009000,0.066143,-0.000260,0.208794,0.049623,0.176503,-0.203794,0.133817,-0.094567,0.113223,-0.113044,-0.028937,0.067383,0.178521,0.016732,-0.146095,-0.042800,-0.054125,0.097752,0.129280,-0.071874,0.053272,-0.098665,0.139911,-0.081512,0.153863,0.163188,0.359133,-0.103997,-0.190424,0.068059,0.211537,0.056040,0.224673,-0.034731,0.063357,-0.099893,0.231453,0.213251,-0.174066,0.112803,0.145535,-0.018060,-0.059677,-0.079088,-0.030625,-0.057417,-0.017276,-0.159634,0.018817,-0.201601,0.261049,0.136474,0.169517,0.117860,0.123905,0.051249,-0.001874,0.271300,-0.071788,0.153473,-0.167736,0.123351,-0.028181,-0.033936,-0.054752,0.025427,0.083189,0.111458,-0.096935,0.120491,0.021179,0.210861,0.189709,0.329378,0.109200,0.182127,0.139689,0.141440,0.134319,0.024851,-0.068202,0.178548,0.134307,-0.138484,-0.239163,0.018840,0.033206,-0.258972,-0.089650,0.075561,0.024395,-0.120225,0.122227,-0.024672,0.150991,0.106145,-0.093151,0.200725,-0.068537,0.146784,0.067833,-0.167129,0.089845,0.040118,-0.022507,0.000088,0.359355,0.071930,-0.112426,-0.010643,0.326033,-0.197942,-0.285450,-0.156749,-0.054479,-0.108593,0.081244,0.027336,0.235278,0.030125,0.024320,-0.067603,0.065981,-0.210138,0.115760,-0.131075,-0.220443,-0.034063,0.196780,0.104061,0.027304,0.116534,-0.023170,-0.153422,-0.080156,-0.043511,-0.059336,0.225000,0.070878,0.025669,-0.036377,-0.059837,-0.004877,0.036105,-0.350251,-0.088771,0.145960,0.155605,0.018512,0.096015,0.019087,0.072555,0.019186,-0.165816,0.108264,0.061277,0.110453,0.090455,0.062693,0.011557,0.074118,-0.028718,-0.331060,0.167735,0.049520,0.298162,#
3,0.223958,-0.012854,-0.018969,1.000000,-0.062697,-0.075877,0.133525,0.104664,0.308688,0.143823,0.113036,-0.001479,-0.070747,-0.148399,0.159741,0.033108,0.005364,0.211134,0.313564,-0.081483,0.045154,0.153815,0.211306,0.211772,-0.034624,0.028286,0.135738,-0.045734,-0.002817,0.179580,0.106155,-0.125860,0.284383,0.371340,-0.167549,0.092690,-0.244813,0.323673,0.239065,0.069741,-0.142383,0.177360,0.144569,0.051376,-0.059154,-0.178942,-0.219929,0.136928,-0.162104,0.048960,0.064522,-0.015060,0.121790,-0.134703,0.109652,0.021903,0.211633,-0.050953,-0.003641,0.026182,0.149084,-0.005602,0.043051,-0.042219,0.152735,-0.156856,0.033613,-0.255943,-0.332500,0.299085,0.037949,0.140100,0.053707,0.064082,-0.014360,-0.181387,-0.004787,0.031023,-0.063610,0.047857,-0.018611,-0.088409,0.278810,-0.081190,0.054679,0.013979,0.079152,-0.066068,0.114765,0.314045,0.361324,0.076756,-0.159233,-0.038100,0.099130,-0.012266,-0.097918,-0.179961,-0.112446,-0.163193,0.204049,-0.062324,-0.062643,-0.154323,0.253406,-0.116469,0.432982,0.263304,0.030207,-0.113107,0.019140,-0.161360,-0.008643,0.011925,0.011518,0.020581,-0.057699,0.081753,-0.059913,-0.055284,-0.029649,-0.036129,-0.101120,0.000995,-0.051146,0.069028,0.205134,0.278020,-0.061360,0.030935,0.192018,0.194952,-0.021662,0.094459,-0.079266,0.255777,-0.172281,0.042620,-0.107926,0.170574,0.146968,0.281490,0.010309,-0.015182,0.041762,0.043716,0.317110,0.141699,-0.248673,0.074547,0.003120,-0.354581,0.023515,0.035104,0.019806,0.078521,-0.061537,0.086408,0.207673,-0.077602,-0.084362,-0.058871,0.059907,0.048509,-0.010186,0.087810,0.078494,0.189827,0.040825,0.012082,-0.137875,-0.310584,0.000933,0.050376,0.013693,0.153453,0.223436,0.039945,-0.121965,0.106595,-0.017106,0.131589,-0.022317,-0.135291,-0.040973,-0.252191,0.184974,0.071136,-0.017410,-0.069787,0.148753,0.021653,-0.066989,0.159643,0.060918,0.026996,0.005061,0.049288,-0.171281,-0.049703,#
4,0.129519,-0.046236,0.172456,-0.062697,1.000000,0.210342,0.078062,0.049089,0.028770,0.152536,-0.027949,0.078101,-0.006044,-0.126847,0.125140,0.122758,-0.057650,0.112839,-0.014631,0.305425,0.328082,0.035723,0.150452,0.076570,-0.046394,0.049444,0.033654,-0.154960,0.238553,0.027514,0.101595,0.122576,0.063649,0.253063,0.000113,0.147356,0.333681,0.142944,0.342415,0.154622,-0.066183,0.220396,0.083455,-0.017046,0.162276,0.279971,0.320282,0.080829,-0.090544,0.056912,-0.034111,0.147893,0.026799,0.046060,0.263787,0.241780,0.153158,-0.007037,0.132198,0.154739,0.158055,0.248243,-0.031535,0.044060,-0.010619,-0.017030,-0.120540,0.138086,-0.089155,0.080002,0.221166,0.319373,0.166799,0.078443,0.126948,-0.118140,0.157774,0.090540,0.065532,-0.058538,0.032490,0.069602,0.056170,0.052022,0.323355,0.075338,0.139127,0.170753,0.006166,0.131226,0.235596,-0.089247,0.144144,0.083245,0.214414,0.144267,0.058681,-0.058807,-0.270851,0.021783,0.155202,0.116970,0.075454,0.133697,-0.030368,0.253982,-0.023423,0.130224,0.182206,0.229098,-0.014442,0.227243,0.106689,0.064380,-0.132448,-0.106272,0.165032,0.078999,-0.068641,-0.088403,-0.157438,-0.141158,-0.069687,0.115100,0.297001,-0.126561,0.184387,0.046577,0.214233,0.224775,0.371507,-0.014559,0.243495,0.239686,0.125270,0.153480,-0.192472,-0.004805,0.255468,-0.043935,0.168489,0.079837,0.232544,0.074517,0.278030,0.177801,-0.017953,0.164071,-0.000928,0.091050,0.144787,0.179310,0.356344,0.362947,0.314546,0.019402,0.052836,0.071299,-0.067866,-0.023194,0.205437,-0.016615,-0.034115,-0.088336,-0.217088,0.040268,-0.026104,0.135478,0.115187,-0.019600,-0.299971,-0.074428,0.460018,0.056837,0.155658,0.138086,0.335962,0.183569,-0.013821,0.126543,0.174692,-0.033911,0.119636,0.024081,-0.018398,0.154667,-0.207809,0.063690,0.189336,0.293200,-0.276946,0.206904,-0.189643,-0.040795,0.110553,0.156016,-0.018355,0.069728,0.167342,0.374408,#
5,-0.003448,0.072508,0.023638,-0.075877,0.210342,1.000000,-0.038868,0.140117,-0.099752,-0.004575,-0.085275,-0.117569,0.233646,-0.057068,-0.036000,-0.103204,-0.029694,0.024406,-0.192547,0.233758,-0.011134,-0.121686,0.218678,-0.122299,0.029904,-0.196819,0.184746,0.048028,0.204461,-0.120911,0.299359,0.013403,0.310170,0.091117,-0.316784,0.240905,0.066728,-0.100668,0.002929,-0.030910,0.145653,0.002062,0.137526,0.264585,0.144609,-0.008162,0.271784,-0.004046,0.153684,-0.243490,0.174232,-0.121613,0.097286,-0.109448,0.005374,0.213098,0.193610,-0.207496,0.322179,0.083660,-0.138356,0.203872,-0.050016,0.143220,0.195075,-0.033903,-0.198561,0.090056,0.107548,-0.200207,0.012922,0.047174,0.242679,-0.073105,-0.000390,-0.003177,0.121744,0.195409,0.225052,0.145089,-0.036909,-0.065678,0.132022,0.083687,-0.106786,0.022825,0.115011,0.056605,0.203273,-0.112581,-0.018118,0.084156,0.267423,0.263079,-0.074388,0.054898,-0.138589,0.249872,0.139167,0.158836,-0.010205,0.101161,-0.148939,0.067910,-0.132567,0.283509,0.093806,0.250330,0.122136,0.125661,0.095835,0.310834,-0.140796,-0.084999,0.100053,-0.059371,0.142438,0.034001,-0.076799,-0.044586,-0.222971,0.017600,-0.180461,0.188951,-0.153720,-0.263197,0.254272,-0.305015,-0.131604,0.023398,0.343359,0.240870,0.044599,0.262216,0.133246,0.063630,0.146995,0.040707,0.176535,-0.215932,-0.009110,0.140610,-0.028098,0.083502,0.381189,0.028076,-0.046182,-0.076301,0.149115,0.006280,0.030878,0.014480,0.128837,-0.148016,-0.088290,0.021855,0.035503,0.008424,-0.085412,-0.258858,0.152940,-0.083285,0.221637,0.076371,0.133398,0.004686,-0.229083,0.393129,-0.058846,0.108772,0.303307,0.248754,0.295347,-0.004098,-0.065201,0.008756,0.192484,0.052447,0.167508,0.090284,0.201124,0.017707,0.320350,-0.023523,-0.164527,0.047867,0.065173,0.081272,0.069712,-0.078371,0.110046,0.206182,-0.218039,-0.152764,-0.141185,-0.084027,-0.239586,0.100709,-0.001751,0.226523,#
6,0.022936,0.430417,0.179154,0.133525,0.078062,-0.038868,1.000000,0.062889,0.414379,0.053657,0.024545,0.256450,0.171637,0.062750,-0.124168,0.218266,0.006436,0.114528,0.049877,-0.036838,0.105797,0.352719,0.014891,-0.055997,0.124922,0.144616,-0.005533,0.142289,-0.119405,0.307520,0.026206,-0.136982,-0.063664,0.044199,-0.097276,0.054362,-0.014372,0.113278,0.111989,0.101212,-0.036642,-0.004465,0.291578,0.056947,0.210885,-0.055523,0.012828,-0.097419,0.171304,-0.063844,-0.118908,-0.047968,-0.037953,0.123851,0.104467,-0.041201,-0.102588,0.054946,0.052397,0.006885,0.325113,-0.024220,0.245520,-0.179665,0.085038,0.418589,-0.084345,0.077401,-0.009993,0.064957,0.230755,0.130484,-0.026268,0.331344,0.131597,-0.033963,0.149980,-0.041347,0.226041,-0.040785,0.072510,-0.149890,0.066656,-0.137094,0.075306,-0.054491,0.144544,0.193903,-0.085196,0.027256,0.080477,0.032389,-0.028471,-0.013047,0.010406,0.001506,0.192068,0.011871,-0.118683,0.238433,-0.049574,0.168628,0.191771,0.012636,-0.200401,0.087710,0.223769,0.047125,0.106641,0.091396,0.127198,0.187806,-0.209898,-0.303098,0.015826,0.151228,0.385713,-0.218914,-0.048587,-0.132196,0.099883,-0.062364,0.061394,0.150114,-0.099987,0.220478,0.095753,-0.039045,0.000332,-0.022351,0.086093,0.098031,0.035590,0.037651,0.008821,-0.073329,0.057265,-0.132458,0.010125,0.234567,0.151763,0.132124,-0.051074,-0.056719,0.149657,0.040267,0.122925,-0.056315,0.136169,-0.100136,0.382537,-0.155272,0.114805,-0.064327,0.278948,0.055855,0.011075,0.224781,-0.154315,-0.152035,-0.214435,0.188380,0.216715,0.043090,0.100707,0.244615,-0.015254,0.099435,-0.191657,-0.059617,-0.100138,0.011046,-0.003871,-0.070151,0.223268,0.050625,-0.135179,0.088376,0.089742,-0.065152,0.131602,0.087572,0.140183,0.040761,0.144314,0.076290,-0.053182,0.100905,0.122166,0.205657,0.055255,0.110077,-0.066303,0.216187,-0.077885,0.017553,-0.024109,0.186592,0.037372,0.202631,#
7,-0.159577,0.234955,0.074949,0.104664,0.049089,0.140117,0.062889,1.000000,0.340221,-0.062341,0.135753,0.219123,0.050558,-0.080042,0.172727,-0.150424,0.089926,-0.023154,-0.220410,-0.122544,-0.104360,-0.063147,0.208755,-0.027543,0.127037,0.009065,0.076202,0.003331,-0.041275,-0.061722,0.044833,0.067524,0.011684,0.164597,-0.254261,-0.111853,0.003136,-0.015384,0.235714,0.126791,-0.250872,-0.097425,0.029475,0.221532,0.159751,0.066088,0.183008,0.106934,-0.023924,0.040361,0.325900,-0.056952,0.132418,0.175103,-0.102231,-0.024202,-0.022936,0.097281,0.086381,0.120232,0.103988,0.097092,-0.028784,-0.224678,-0.034498,-0.005275,-0.174130,-0.076802,-0.005757,0.470796,-0.055473,-0.060034,0.273091,-0.098951,0.191428,-0.051817,-0.046673,0.008917,0.141172,0.140240,0.056641,-0.005830,-0.035238,0.117858,0.010770,0.121776,-0.024024,0.026760,0.035912,0.081547,-0.176629,0.043972,0.022077,0.131545,-0.046293,-0.315051,-0.184442,-0.027676,-0.118287,0.094767,0.099567,0.067975,-0.061914,0.140548,-0.026515,0.135699,-0.025782,0.044402,0.031879,0.235630,0.006568,-0.155689,-0.134201,-0.046838,0.263891,0.025332,-0.035931,-0.177298,-0.059619,0.197164,-0.059104,0.012074,-0.135893,0.282798,0.121178,0.111638,0.253311,0.120589,0.008117,-0.124256,0.033536,-0.153936,0.157645,0.153559,0.109767,0.132845,-0.211820,0.089751,0.188786,0.078049,0.030584,-0.080394,0.094412,-0.172671,0.108892,-0.042388,-0.039898,0.026990,0.183229,0.125428,0.073645,0.000180,0.081420,0.130157,-0.197938,0.186329,-0.086667,0.127436,-0.021661,0.078665,-0.095413,-0.125272,0.095215,0.016320,-0.162469,0.165672,-0.080789,-0.167846,-0.202805,0.005910,0.080132,0.058792,0.309644,-0.032299,0.149217,-0.063340,0.055473,-0.068485,-0.169190,0.234453,0.295944,0.156851,0.000219,-0.070308,-0.063650,0.144594,-0.100078,-0.232422,-0.005716,0.117869,-0.045767,-0.040004,-0.102328,-0.181959,-0.034510,-0.109398,-0.198991,0.192163,-0.086738,0.189851,#
8,0.020795,0.241394,-0.008011,0.308688,0.028770,-0.099752,0.414379,0.340221,1.000000,0.143160,-0.033691,0.071568,-0.003588,0.090724,0.193591,0.266180,-0.116424,0.087036,0.106916,-0.011916,-0.184614,0.284619,0.304235,-0.048864,-0.120209,-0.003541,0.034590,0.113157,-0.143018,0.303646,0.156908,-0.099125,-0.137489,0.231185,-0.056785,0.120279,-0.004994,0.100154,0.086122,0.086112,-0.262328,0.231812,0.147730,0.095619,0.128427,-0.060629,0.023798,0.034835,0.157540,0.063902,0.348501,0.161728,-0.048263,0.178924,-0.059909,0.286313,0.223191,0.126710,0.016588,0.303410,0.317789,0.032636,0.371201,-0.151086,0.162385,0.185271,0.113253,-0.057787,0.059766,0.261441,0.198500,-0.045955,0.049708,0.188339,0.254515,0.063641,0.149538,0.039629,0.109321,0.188970,0.051541,0.099297,0.023782,-0.096019,0.092225,0.032816,0.019771,-0.079401,-0.185888,0.219123,0.130920,-0.009686,-0.102169,0.024290,0.052846,-0.016582,0.178805,-0.080761,-0.249006,0.063083,0.167619,0.129944,0.206435,0.109042,0.162802,0.041886,0.073898,0.020494,0.088435,0.124076,-0.139012,-0.088244,-0.204033,-0.164724,0.400569,0.231359,0.088985,-0.239464,0.004188,0.113748,-0.004905,-0.028643,-0.068800,0.079623,0.035495,0.196692,0.059322,0.233593,-0.094338,0.242887,0.028418,-0.067673,0.240961,0.126925,0.213054,0.178882,-0.107420,-0.028355,-0.006949,-0.000986,-0.026659,0.065771,0.344740,0.055386,0.020222,0.153491,0.256910,0.168283,0.310528,0.007483,0.177509,-0.210708,0.051933,0.174135,0.305477,0.255921,-0.112996,0.390795,0.042952,-0.024183,-0.148347,-0.126574,0.203941,0.088594,0.200382,0.175228,0.054787,-0.129109,0.099730,0.177890,-0.049285,-0.039366,0.183538,-0.163809,0.167957,0.030578,-0.010479,0.072757,-0.042801,0.192331,0.243005,0.089132,0.094951,0.220014,0.079985,0.081905,0.048907,-0.083114,-0.072019,0.015965,0.157784,-0.013537,-0.087727,0.117988,0.206830,0.006579,-0.218968,0.243057,0.213677,0.059205,#
9,0.038096,0.193251,0.102820,0.143823,0.152536,-0.004575,0.053657,-0.062341,0.143160,1.000000,0.314120,-0.086717,0.094020,-0.219725,0.187232,0.282473,-0.100512,0.083174,0.150130,0.145948,0.035679,-0.061809,0.169937,0.199023,-0.040171,-0.277325,-0.104721,0.016896,-0.048065,0.161240,0.253661,-0.135805,-0.174351,0.159357,0.087770,0.053360,-0.236355,0.133784,0.255919,-0.133405,0.229861,-0.154931,0.168054,-0.087735,-0.023389,0.219241,0.087105,-0.014533,0.023088,0.054839,0.107457,0.083777,0.100879,-0.080272,-0.170603,0.230398,0.114009,-0.034146,0.158710,0.042592,0.084367,0.183080,0.124019,0.092734,0.095269,0.193987,0.124741,0.056990,-0.127807,-0.065364,0.328069,0.231556,-0.000083,-0.097538,-0.130451,0.069657,-0.067365,-0.070761,0.087644,0.291046,0.232530,0.091600,-0.010493,-0.216760,0.264231,-0.121557,0.033424,0.193503,0.064176,-0.331393,0.000119,0.392716,0.067292,-0.104820,0.071886,-0.037956,0.197193,0.257779,-0.023973,-0.253983,0.011709,-0.203395,0.401783,-0.133756,0.234375,-0.145665,0.077712,-0.080853,0.111601,-0.062010,0.110386,0.158793,0.154021,0.287060,-0.135135,0.035355,-0.100719,-0.108036,0.000875,-0.098083,-0.206798,0.119793,-0.081420,-0.009026,-0.090186,-0.115875,-0.204618,0.115104,-0.001538,0.268123,-0.030815,0.050562,0.055235,0.191041,-0.033809,-0.115939,-0.022156,0.126635,-0.047113,-0.074864,-0.114109,0.001022,0.262901,0.201050,0.158739,-0.131306,-0.076725,0.138847,-0.136236,-0.010279,0.008128,-0.210151,0.189803,0.073468,0.213969,-0.001628,0.064117,0.169911,-0.093049,-0.187876,0.020804,-0.155724,0.216696,0.264117,0.103206,-0.029298,-0.027283,-0.088956,0.075422,0.027933,0.037798,-0.015923,-0.079381,0.036843,0.203634,0.240986,0.125063,0.040665,-0.015093,-0.016375,-0.008422,-0.064218,0.164396,-0.042998,-0.072792,-0.045063,-0.091657,-0.195795,0.380592,0.106825,0.032583,-0.118495,-0.066606,-0.038368,-0.077785,0.007178,-0.181577,0.123047,-0.220783,-0.038370,#
10,-0.025591,0.258858,0.415766,0.113036,-0.027949,-0.085275,0.024545,0.135753,-0.033691,0.314120,1.000000,-0.001780,-0.079984,-0.231133,0.027928,0.038822,-0.012214,-0.037134,0.097460,0.064199,0.032779,-0.196536,-0.085452,-0.069665,0.040349,-0.108848,-0.075452,0.083536,-0.420162,-0.006043,-0.086791,-0.030282,-0.039333,0.006695,0.011372,0.038298,-0.016146,-0.104439,0.106013,-0.138656,0.112380,-0.126689,0.052605,-0.207884,0.090987,0.008424,0.161209,0.020726,-0.082949,0.246595,0.058685,-0.059706,0.202880,0.039740,-0.052871,-0.020248,-0.110879,-0.250341,0.065344,0.194127,0.005923,0.113646,-0.037200,0.121217,-0.001653,-0.009748,0.307036,-0.089275,-0.126106,-0.113995,-0.151527,0.235623,-0.140574,-0.101788,0.076094,-0.033579,-0.183286,-0.025060,-0.098233,-0.144204,0.172695,0.048221,0.004231,-0.023559,0.241147,-0.216851,-0.114397,0.165387,-0.158981,0.106445,0.060451,0.277770,-0.108649,-0.012794,-0.163228,0.270029,-0.095266,-0.125014,0.125695,-0.105139,-0.154985,-0.049363,-0.070343,-0.109319,0.120453,-0.302062,0.091863,0.145032,-0.080405,-0.090787,0.100356,-0.008476,-0.025418,0.001233,0.112533,0.244323,-0.103876,-0.150768,-0.072945,-0.026157,-0.039140,0.006027,-0.311441,-0.107888,-0.187578,-0.231100,0.129964,0.082082,0.175013,-0.024682,-0.118606,0.003105,-0.237865,-0.051395,-0.105769,-0.102307,-0.109388,0.418680,-0.121837,-0.064545,0.144456,-0.042158,-0.132353,-0.176156,0.165789,-0.183011,-0.281545,-0.243443,0.003540,0.045044,0.082481,0.040744,0.084129,-0.077004,-0.084807,-0.134120,0.204120,-0.217074,-0.077291,-0.174683,0.037345,-0.128820,0.202263,0.150414,0.110180,0.084506,0.165866,-0.127142,-0.041172,0.243887,0.024916,-0.123208,-0.116889,0.028204,0.076197,-0.230975,0.046796,0.157200,-0.269501,0.027644,-0.087559,-0.086885,0.233607,-0.036409,0.029947,-0.206373,-0.051546,-0.334526,-0.003166,-0.015573,0.067899,0.046719,0.010873,-0.108573,0.014517,-0.251246,-0.362914,0.151313,-0.172126,0.358296,#
11,-0.008657,0.240237,0.257757,-0.001479,0.078101,-0.117569,0.256450,0.219123,0.071568,-0.086717,-0.001780,1.000000,-0.081392,0.130728,-0.014257,-0.131709,-0.043323,0.004439,-0.039389,-0.421061,0.041616,0.286047,-0.144425,-0.177557,0.075127,0.270251,-0.156556,0.206184,-0.157586,0.210728,0.131407,0.074096,0.002519,0.180949,0.089803,0.018947,0.263565,0.086259,0.024189,0.276584,-0.201205,-0.056653,0.258264,-0.019590,-0.010031,0.124456,0.158189,0.002450,0.023124,-0.101157,-0.032667,0.189472,0.046496,0.330028,0.040579,-0.107812,-0.333954,0.214363,0.052158,-0.000688,0.260758,-0.106212,0.123813,-0.167856,0.055182,0.234466,0.118144,0.167703,0.205686,0.272203,0.096940,0.102473,0.119619,0.062229,-0.073831,-0.233698,0.051379,0.008497,-0.092416,-0.101711,0.000517,0.186963,0.190794,-0.146451,0.224881,-0.035327,-0.060298,0.186706,0.037895,0.013627,-0.022292,0.168177,0.113015,0.242587,0.098685,-0.016945,-0.173008,-0.051712,0.097358,0.230804,0.092815,0.245483,0.094760,0.101158,-0.139222,0.269919,0.029943,0.260855,0.178065,0.145362,0.072552,-0.038045,0.050264,0.087446,-0.092366,0.250137,0.159849,-0.080789,-0.277952,0.196405,-0.057904,-0.012442,0.004703,0.088577,0.006412,-0.092451,-0.071882,-0.013191,0.123312,0.024097,-0.023815,0.235341,0.160185,0.121137,-0.048394,-0.101462,-0.204515,0.156783,-0.033789,0.392224,0.130629,-0.159364,-0.153617,0.231926,0.243653,0.046042,0.154464,-0.082861,-0.022746,-0.083149,0.078594,0.124938,-0.021811,-0.060795,0.079881,0.087545,0.048115,0.025704,0.201819,-0.157768,0.021276,0.280468,-0.010511,0.042255,0.025412,-0.066441,0.093696,0.087439,-0.182126,0.250072,-0.023273,-0.032336,0.007768,-0.138440,0.117823,-0.068458,-0.089193,-0.046420,-0.015119,0.106740,0.272017,-0.015279,0.265049,-0.226521,-0.017572,0.086769,-0.137554,-0.047394,0.050357,0.441334,0.052163,0.046712,0.104816,0.343530,0.257390,-0.020644,0.044017,0.198236,-0.141059,0.212095,#
12,-0.015659,0.005351,-0.029144,-0.070747,-0.006044,0.233646,0.171637,0.050558,-0.003588,0.094020,-0.079984,-0.081392,1.000000,0.038176,0.197627,0.089004,0.252803,0.308326,0.180377,0.133215,0.056368,0.243323,0.074322,0.183431,-0.042440,-0.039568,0.203385,0.272641,0.031342,-0.067161,0.004242,0.118191,0.143784,-0.006575,0.040009,0.230096,0.050351,-0.000440,-0.031360,0.164197,0.048768,-0.092570,0.144014,0.299593,0.175670,0.161968,0.246985,-0.088916,0.197284,-0.025847,0.175252,-0.170142,-0.031328,0.200297,0.068806,0.094711,-0.090820,0.044979,-0.019236,-0.247772,0.102245,0.395462,-0.178306,0.319821,0.381381,0.027194,-0.057561,0.140958,0.139428,0.008896,0.090689,0.082076,0.343678,0.017960,0.228010,0.258044,0.049396,-0.191133,-0.011512,-0.017462,0.199351,-0.052412,-0.113313,0.037181,-0.083953,0.106067,0.168281,0.199703,0.238418,0.012137,-0.102730,-0.190225,0.062116,0.106728,0.079051,0.098268,0.384323,0.272390,-0.023798,0.107777,-0.004044,0.128638,0.229543,0.242615,0.102602,-0.041455,0.006075,0.018401,-0.074735,0.062450,0.226543,0.131309,0.058339,-0.133380,0.093633,-0.082715,0.445634,-0.297643,-0.007658,-0.208296,0.175015,0.129971,0.066850,0.292710,0.106496,-0.239670,0.124579,-0.154229,-0.210847,-0.179880,0.150442,0.058330,-0.046373,0.223951,0.231306,-0.195066,0.237907,-0.025363,0.297637,0.013758,0.045025,0.141970,0.130910,-0.019852,0.113151,0.116832,-0.033057,0.106059,0.045641,0.189425,0.098711,0.102999,0.218436,-0.064749,-0.051939,0.522647,-0.073565,0.025478,-0.026909,0.021387,0.110225,0.285417,0.182521,0.133321,0.279453,-0.037150,0.186429,0.206892,-0.027484,-0.067618,0.120151,0.269547,0.103593,0.155230,0.174155,0.163639,0.140287,0.011355,0.088377,-0.000712,0.171371,0.187039,0.137063,-0.044546,-0.004102,-0.013246,0.153507,0.183956,0.018006,-0.215514,0.097532,-0.025657,0.125530,0.141771,-0.060835,0.086913,-0.112856,0.091778,0.101803,-0.048335,#
13,-0.267547,-0.200408,-0.027023,-0.148399,-0.126847,-0.057068,0.062750,-0.080042,0.090724,-0.219725,-0.231133,0.130728,0.038176,1.000000,0.065427,-0.064668,0.094452,-0.017150,0.060746,-0.071449,0.141171,0.021065,0.017948,-0.141419,-0.272924,0.212682,-0.038340,0.184881,0.009584,0.040104,-0.032003,-0.043421,0.063405,-0.051903,0.028754,-0.044395,0.052554,0.130313,-0.424772,0.108652,-0.063709,0.164311,-0.052077,0.062479,0.215387,0.059064,0.047049,-0.052207,0.038737,-0.251722,0.070658,-0.036238,-0.142556,0.312174,-0.297069,0.066898,-0.059394,0.226842,-0.068870,0.076396,0.112054,-0.013408,0.103421,-0.000281,0.075928,-0.050615,0.030952,0.071043,0.166322,-0.049222,0.165072,0.002021,-0.152121,-0.063996,0.102612,0.234372,-0.070633,0.113182,0.056529,0.158687,0.201618,0.029874,0.038290,0.100295,-0.133044,0.155647,0.023234,-0.194390,0.071512,-0.000595,0.018846,-0.037572,0.095527,0.282969,0.127757,-0.170844,-0.025450,0.060634,-0.028307,0.248505,-0.068592,0.207623,0.115467,0.208133,-0.074889,0.136660,0.039365,0.006815,0.079469,0.165114,-0.145859,0.126971,0.317848,-0.082387,0.255787,0.143991,0.011666,0.138320,-0.027533,0.337716,0.327558,-0.059146,0.179368,-0.023626,-0.068935,-0.185809,-0.168342,-0.223752,0.069729,-0.018415,-0.150650,0.235812,0.212456,0.095863,0.209242,-0.098614,-0.000468,0.002732,0.028417,0.002214,-0.390782,0.008549,0.381336,0.142061,0.065198,0.139217,0.032186,0.083765,-0.017645,-0.094139,0.007291,0.011740,-0.000066,0.180680,0.028093,0.121038,-0.116911,-0.026329,0.029471,0.187289,0.021514,0.064224,-0.152774,0.218202,0.080587,-0.019542,-0.085608,-0.112159,-0.129698,-0.189115,-0.013079,0.124473,0.084668,0.062616,0.161439,-0.242402,-0.220621,0.010814,0.110439,-0.097754,0.044064,0.224623,-0.084465,-0.037646,0.296875,0.240784,0.167501,-0.164576,-0.262767,0.077659,0.036043,-0.099974,0.039402,0.195367,0.045167,0.222515,0.162128,-0.239681,0.267454,-0.012885,#
14,0.243171,-0.052712,-0.163137,0.159741,0.125140,-0.036000,-0.124168,0.172727,0.193591,0.187232,0.027928,-0.014257,0.197627,0.065427,1.000000,0.244869,0.062046,0.046432,0.417861,0.172847,0.120945,-0.097108,0.290381,0.178475,0.089127,-0.162966,0.155325,0.062634,0.243540,-0.019726,0.032782,0.236671,0.072253,0.246039,0.288877,0.111074,-0.033866,0.116218,0.052476,0.254741,-0.214898,-0.126405,0.138202,0.057857,0.258108,0.138606,0.090836,-0.101278,-0.119835,0.189727,0.096530,-0.042486,0.190920,0.221567,0.168413,0.064356,0.302321,0.108365,0.205504,0.047700,0.127884,0.198505,0.093191,0.214730,-0.044066,-0.199477,0.087129,0.129409,-0.294368,0.291890,0.105783,-0.015879,0.008524,-0.022897,0.283852,-0.093880,0.296450,0.103316,-0.030934,-0.031483,0.055991,0.178748,-0.009886,0.221361,0.111280,0.101095,-0.114133,-0.051864,-0.041983,0.010324,-0.158420,0.045193,0.334457,0.163323,0.089218,0.122652,0.262365,0.072385,-0.006674,-0.012101,0.163179,0.191952,0.030992,0.209840,0.290847,-0.143061,-0.041023,-0.072954,-0.223409,0.113767,0.015027,-0.146496,-0.033562,0.155976,0.024675,0.103686,0.006365,-0.300653,0.029687,0.079414,0.192609,0.172124,-0.164839,0.004555,0.020423,-0.007413,-0.109353,0.199873,-0.010939,0.240218,-0.060344,-0.096960,0.015364,0.189150,0.142837,0.117495,-0.231558,0.034347,0.140050,-0.177792,-0.107188,0.104894,0.411973,0.197798,-0.144451,0.152249,-0.046970,0.065236,-0.041349,-0.056166,0.062637,0.058943,0.099976,0.101338,0.062366,0.253141,0.143088,-0.058748,-0.156355,0.091114,0.079531,0.090433,0.292668,0.030936,0.043862,0.098029,0.108789,-0.002495,-0.010442,0.224409,-0.141957,-0.158030,0.196654,-0.081814,-0.055443,0.019651,0.236620,0.079719,0.229535,-0.154451,0.254732,0.205035,-0.002319,0.071561,-0.051338,-0.051378,0.040973,-0.122487,-0.128257,0.025950,-0.119978,-0.059074,0.047294,-0.031474,0.078587,-0.102226,-0.138661,-0.090316,0.236274,0.015571,#
15,0.274023,0.090921,0.056230,0.033108,0.122758,-0.103204,0.218266,-0.150424,0.266180,0.282473,0.038822,-0.131709,0.089004,-0.064668,0.244869,1.000000,0.199250,0.095157,0.142892,0.211499,-0.202425,0.048522,0.296771,0.097869,-0.024138,-0.081355,0.105152,0.027731,-0.078102,0.293174,-0.069671,0.234535,-0.124139,0.105725,0.065167,0.191926,0.096765,-0.055652,0.090734,0.021486,0.000338,0.018314,0.037603,0.100639,0.049384,-0.075443,-0.201528,0.184506,0.053568,0.151740,-0.270004,0.197503,0.188671,0.179561,0.073817,0.060793,0.051160,0.048613,0.245930,0.079267,0.153952,-0.043193,0.199942,0.091726,0.021713,0.214746,0.069356,0.097689,-0.144592,-0.131712,0.168059,0.098361,-0.009488,0.057600,0.131715,-0.122712,0.065441,-0.027708,0.049226,-0.072300,0.192292,-0.101301,-0.394509,0.120918,0.275082,0.156801,0.029919,0.332348,-0.115011,0.126751,0.148871,0.016970,-0.152912,-0.210610,0.111833,0.136946,0.315911,0.010656,-0.129000,0.058918,0.259703,0.145991,0.058220,0.204328,0.053544,-0.067397,0.100891,0.037101,0.002524,-0.060038,-0.057848,0.132988,-0.049596,0.011889,0.037773,0.119954,-0.096474,-0.114722,-0.033202,-0.278555,0.211078,0.012367,0.128151,-0.117139,0.093386,0.227147,0.043637,0.329907,-0.130012,0.296038,-0.271925,-0.026292,-0.002208,0.183218,0.147083,0.040226,-0.116710,-0.212509,0.067500,-0.071012,0.014467,0.123915,0.215227,0.063260,0.077864,-0.056632,-0.047651,0.062398,0.056822,-0.048535,-0.082722,-0.090723,-0.009831,-0.067249,0.118896,-0.001124,0.211316,0.130401,-0.063551,0.066990,0.061278,-0.112590,0.169819,-0.017358,0.057900,0.257270,0.074347,0.096304,0.284774,-0.036323,-0.091053,0.251316,-0.156177,0.019875,0.131089,0.083870,0.233509,0.180874,-0.031650,0.025061,0.101375,-0.140330,0.052449,0.274770,0.052770,0.202257,-0.120276,0.130438,-0.123911,0.015151,-0.092689,0.043563,0.110747,-0.035833,-0.204581,0.190712,-0.022637,-0.065872,0.038110,-0.128805,#
16,0.269621,-0.046048,-0.182231,0.005364,-0.057650,-0.029694,0.006436,0.089926,-0.116424,-0.100512,-0.012214,-0.043323,0.252803,0.094452,0.062046,0.199250,1.000000,0.022900,-0.094731,0.302295,-0.060652,-0.222387,-0.200719,0.025812,-0.036965,-0.012114,0.123760,-0.181657,-0.184027,0.297268,-0.169436,0.051194,-0.102535,0.144832,0.009966,-0.040855,0.065367,0.008201,-0.044950,0.049377,-0.232961,-0.139953,0.151510,0.120932,-0.067736,0.008723,-0.128624,-0.026017,0.054257,0.096859,-0.058771,-0.133955,0.219193,0.360168,-0.149693,-0.026598,-0.158976,0.033819,-0.000875,-0.186922,-0.081576,0.300846,0.007705,0.024624,-0.056947,-0.026394,-0.332624,0.117753,-0.031853,0.185548,-0.198081,0.031697,0.089180,-0.003770,0.026854,0.020158,-0.181406,0.101332,0.027410,-0.031068,0.020209,-0.169848,-0.263447,0.341102,0.183799,0.269257,-0.019922,0.185128,0.199613,0.003623,-0.058108,-0.124366,0.093823,-0.261248,0.060855,0.069500,0.035354,-0.066269,-0.101800,0.131164,-0.300789,0.010797,0.170281,0.135498,-0.089215,0.088279,0.176879,0.104086,0.001536,0.025154,-0.098600,-0.066292,0.025282,-0.010078,0.142316,-0.121339,0.200945,-0.067411,0.075040,-0.084796,0.341981,0.136953,0.191860,0.094057,0.278156,0.076320,0.108280,-0.146430,-0.092366,0.093586,0.032875,-0.152821,-0.090450,-0.249157,0.270023,0.064110,-0.018087,-0.050628,-0.009142,-0.004195,-0.094170,-0.092618,0.042077,-0.164856,-0.017146,-0.122652,-0.007940,-0.025772,0.205141,0.325420,-0.239016,0.139075,-0.049866,-0.032062,-0.079928,0.183718,0.082758,0.132155,-0.063566,0.185784,0.054448,-0.007281,-0.135592,-0.065368,-0.028554,-0.127008,0.105800,0.084376,-0.107739,-0.254623,0.043094,0.002828,-0.139938,-0.046563,-0.062917,-0.002895,0.034188,-0.095944,0.100267,-0.116962,-0.102494,0.086973,-0.047229,-0.226272,0.076083,0.256404,-0.025968,0.183664,0.010488,-0.006238,0.124726,-0.027851,-0.220097,-0.059622,-0.132017,0.223493,0.022697,-0.250731,-0.235364,-0.088880,#
17,0.264304,0.002740,-0.017175,0.211134,0.112839,0.024406,0.114528,-0.023154,0.087036,0.083174,-0.037134,0.004439,0.308326,-0.017150,0.046432,0.095157,0.022900,1.000000,0.110603,-0.060829,0.031003,0.054992,0.166213,0.313165,-0.294760,-0.097268,0.221546,-0.040620,-0.040652,-0.032274,0.144124,-0.042692,0.298227,0.080326,0.162400,0.147367,-0.228044,0.245111,0.201705,0.196447,0.217368,0.097886,0.230441,0.146135,0.093350,0.091811,0.117724,0.215615,0.043627,-0.054106,0.105831,0.121189,-0.078043,0.058975,0.011896,0.053209,0.022516,-0.032243,0.039926,-0.091396,0.098966,0.059195,-0.178211,0.324427,0.137477,0.297894,0.121904,0.270972,0.131913,0.082613,-0.026128,0.432468,0.061375,-0.193073,0.048520,0.151798,0.044236,-0.199977,-0.019624,0.066919,-0.104283,-0.040138,0.001385,-0.026356,0.012686,-0.065451,0.282637,0.020528,0.050092,0.073334,0.142094,-0.092155,0.204948,-0.106550,0.166821,0.258766,-0.033250,-0.019345,-0.034959,0.034528,0.181847,-0.091832,-0.083922,0.185219,0.172934,-0.004890,0.068481,-0.060100,0.254978,-0.171022,-0.025913,-0.024852,-0.000590,0.029417,0.072554,-0.094183,0.056179,-0.087178,0.073962,0.051596,0.118038,-0.031613,0.033886,0.014640,0.217218,0.149288,-0.007421,-0.029826,-0.047385,0.122736,0.262855,0.117860,0.090450,0.084786,0.050399,0.051409,0.244465,-0.023344,0.120445,0.111915,0.192479,0.085522,0.097242,0.147087,-0.002407,0.208728,0.044742,0.148654,-0.132155,0.010357,0.108372,-0.119050,-0.020965,-0.066268,0.270282,0.182549,0.102272,0.230771,0.155821,-0.131884,-0.044673,0.063157,0.002764,0.304404,-0.031024,0.065915,-0.038076,0.080968,0.284196,-0.164684,0.037323,-0.067434,0.131140,0.001195,0.134217,0.039350,0.310154,-0.035873,-0.085973,0.247648,0.227875,0.213793,0.022890,0.108243,-0.042918,0.038899,0.130153,0.043152,0.137071,-0.121925,-0.176905,0.207184,0.047454,0.133451,0.163950,0.191708,-0.125468,0.252681,-0.133214,0.115141,#
18,0.239875,-0.028752,-0.023042,0.313564,-0.014631,-0.192547,0.049877,-0.220410,0.106916,0.150130,0.097460,-0.039389,0.180377,0.060746,0.417861,0.142892,-0.094731,0.110603,1.000000,0.079624,0.060823,0.074502,0.078087,0.151558,-0.108316,0.021361,-0.133755,0.126798,-0.033792,-0.201472,-0.157959,-0.024869,0.120387,0.162971,0.263799,0.147670,0.015463,0.068426,-0.030469,0.313735,0.071285,0.006137,0.179253,-0.102082,0.111154,-0.042777,-0.148454,-0.041653,-0.204491,0.190404,0.108549,0.030909,0.148540,-0.111089,0.204788,0.079227,0.017336,0.101431,-0.115254,0.082069,0.197898,-0.056118,0.265121,0.195769,0.378849,-0.001691,0.338379,-0.118480,-0.182662,0.096784,-0.023623,0.005342,-0.158631,-0.130853,0.118387,0.103234,0.104664,-0.032169,-0.168633,-0.027598,0.049144,0.010500,0.073640,0.120387,-0.014999,-0.122960,0.135240,-0.004542,-0.013294,0.160570,0.170011,0.018585,-0.098107,-0.047332,0.007915,0.338606,0.202803,-0.087031,0.048892,-0.001463,0.163157,0.166215,0.144088,0.028446,0.415779,-0.115073,0.144612,-0.208686,-0.074465,-0.156275,0.154037,-0.054373,0.116002,-0.021990,-0.074261,0.114652,-0.023948,-0.340750,0.012155,0.091509,0.082822,-0.033734,0.046258,-0.239901,-0.087458,-0.130734,-0.162905,0.245919,0.083489,0.068286,-0.213763,0.143180,-0.220828,0.241105,0.050229,0.016470,-0.055466,0.156011,-0.183221,0.111490,0.013621,0.044696,0.132503,0.135586,-0.057172,0.186505,-0.023393,0.099181,-0.338859,-0.053036,-0.117497,-0.053725,0.062564,0.043466,0.054801,0.108970,0.139243,-0.002044,-0.104569,0.068635,0.126501,0.107089,0.076285,0.178687,-0.026663,0.238957,0.066817,-0.017691,0.127630,0.332263,-0.264298,-0.128703,-0.030003,0.235253,-0.021634,0.206607,0.295852,-0.023508,0.107706,-0.072569,0.002740,-0.007237,0.075106,-0.019586,0.088372,-0.173954,0.342506,-0.083557,0.061321,-0.079137,-0.000582,0.032259,0.146473,0.137141,0.095375,0.188058,-0.031060,-0.099727,0.102134,0.078993,#
19,0.217177,-0.017676,-0.032783,-0.081483,0.305425,0.233758,-0.036838,-0.122544,-0.011916,0.145948,0.064199,-0.421061,0.133215,-0.071449,0.172847,0.211499,0.302295,-0.060829,0.079624,1.000000,0.045579,-0.380676,0.123220,-0.006524,-0.080960,-0.068816,0.047236,-0.021641,-0.070784,0.091092,0.210374,-0.078473,-0.064232,-0.044809,-0.100743,0.148007,0.125816,-0.193662,0.046996,0.071163,0.020946,-0.019723,0.181720,-0.058285,-0.080152,0.089183,0.077821,-0.136111,0.100471,0.275835,-0.008642,-0.027285,0.024531,0.025335,-0.037223,0.186693,0.062966,-0.069171,0.151138,0.029769,0.003549,0.342069,0.093143,0.260535,0.138790,-0.345937,0.049618,-0.016188,-0.325961,-0.117751,0.228995,-0.028370,-0.045936,0.066880,0.024315,0.099156,-0.033246,0.062849,0.315169,0.110517,0.110928,-0.126295,0.040833,0.197738,-0.021196,0.244376,-0.078883,0.168116,0.050467,-0.260610,0.040025,-0.076645,0.008084,-0.220405,-0.098121,0.228095,0.288245,0.116571,-0.288330,-0.029166,-0.073976,-0.078440,0.119048,0.079115,0.126835,0.255402,0.116603,0.077714,-0.069696,-0.137171,-0.089808,0.089816,-0.045940,-0.042326,0.085549,-0.222057,0.182137,0.053649,0.108825,-0.419900,0.125309,0.009098,-0.032675,0.084887,0.176875,-0.093478,0.213979,-0.106424,0.055363,0.069159,0.126745,-0.058785,-0.082614,0.139645,0.410001,-0.099094,-0.016415,0.072309,-0.117139,-0.260748,-0.184620,0.115458,0.105360,-0.107469,0.099760,0.025690,-0.073246,0.030212,0.025659,0.038131,0.030465,0.254219,0.134589,-0.006666,0.107892,0.007130,0.157940,-0.047671,-0.072865,0.103491,0.300980,-0.301502,-0.019057,-0.086178,0.058721,0.001894,0.068569,0.102809,0.202449,-0.135384,-0.067515,0.112721,0.346184,0.250311,0.015662,-0.085039,0.121125,-0.038703,0.244197,-0.151049,-0.092853,-0.066889,0.045124,0.204031,0.191014,0.005721,-0.123327,-0.067365,0.023697,-0.005958,0.078138,0.186791,-0.185003,-0.156889,-0.119479,0.119705,-0.398574,-0.058133,0.201386,0.150768,#
20,-0.063067,-0.065553,0.100658,0.045154,0.328082,-0.011134,0.105797,-0.104360,-0.184614,0.035679,0.032779,0.041616,0.056368,0.141171,0.120945,-0.202425,-0.060652,0.031003,0.060823,0.045579,1.000000,0.224659,-0.020213,-0.064675,0.031162,0.230000,0.155725,-0.136940,0.106501,-0.117280,-0.174010,-0.201329,0.107013,0.127927,0.045503,0.043027,0.163148,0.366858,0.314750,0.306382,-0.032482,0.046956,0.008932,-0.186730,0.145471,0.084636,0.300324,-0.138480,-0.200266,0.069266,-0.256239,-0.047684,-0.199219,0.203267,0.316321,0.164610,0.161361,0.132998,-0.055783,-0.122421,0.073241,0.197952,0.025457,-0.018031,-0.208350,-0.129129,-0.202396,0.169171,-0.034029,0.118462,0.326928,0.304705,0.073792,0.055172,0.051104,-0.083186,-0.022842,-0.050378,0.007029,-0.095910,0.043601,0.088144,0.156073,-0.071833,0.120244,0.016870,0.011728,-0.044551,0.264903,-0.029774,0.115499,-0.069932,0.031927,0.184879,0.410448,-0.038365,-0.090167,0.104075,0.037814,-0.059518,0.207149,0.150625,0.116357,-0.147556,0.156012,0.097353,0.147812,0.030517,-0.048294,0.081252,0.202892,0.282826,0.073099,-0.269427,-0.021866,0.175226,0.337576,0.211046,0.110101,0.149168,-0.070621,0.172528,-0.118120,0.067901,-0.010910,-0.014520,0.011580,-0.015350,0.381481,0.062641,0.284374,0.021987,-0.128188,0.230090,0.085563,-0.201573,0.069508,-0.135733,-0.019921,-0.043755,0.171946,0.140818,0.290149,0.185854,0.038641,0.130361,0.053793,-0.048130,-0.221020,0.269864,0.241121,0.123974,-0.053829,0.256205,0.053321,0.091541,-0.211035,-0.164776,-0.238364,0.150274,0.101959,0.140529,0.100580,0.091065,0.006582,-0.099794,-0.167483,0.112220,0.065859,0.009910,0.058413,-0.296735,0.148835,0.014276,-0.003470,0.026273,-0.059782,0.043982,0.230402,-0.077673,-0.012829,0.064528,-0.162176,-0.058979,0.159352,-0.127164,0.175470,0.077694,0.013934,0.283962,-0.113358,-0.014852,-0.119732,0.247094,-0.027639,0.085921,0.007521,0.064779,0.294834,0.245549,#
