0,1.000000,-0.080276,0.235745,0.061537,0.169581,-0.135667,-0.021756,-0.128145,0.162903,0.116168,0.067373,0.046075,0.073754,-0.025162,0.235339,-0.217707,0.002372,0.184874,0.068799,0.317717,0.087209,0.328917,0.060504,0.204091,0.096270,0.013972,-0.013460,-0.038860,0.335773,0.308361,-0.114427,-0.047728,0.080006,0.015432,-0.265860,0.058388,0.089811,0.060745,0.158259,0.183293,0.167930,-0.035660,0.076635,0.129024,-0.150725,0.029734,0.041681,0.130507,0.150195,0.027759,0.181440,-0.142995,-0.113437,0.063050,0.173038,0.157400,0.189507,0.138297,-0.085558,-0.014670,0.197545,-0.075440,-0.023522,0.164435,0.095525,-0.018851,0.013033,0.059867,0.118537,0.055014,0.079919,0.049124,0.228240,0.112040,-0.082952,-0.228536,0.058366,0.030060,-0.100558,-0.065149,0.334671,-0.127804,-0.047363,0.133619,0.339637,0.028834,0.032527,0.118026,0.090045,-0.027532,-0.008781,-0.122703,-0.018759,0.144797,0.312600,-0.026150,0.394121,0.027372,0.158188,0.352797,0.152489,0.137204,-0.031870,0.205208,0.147287,0.103936,0.083637,0.046176,-0.089234,-0.310334,-0.085554,-0.053499,0.031601,0.229068,-0.208958,-0.190171,0.155181,0.242047,0.021865,-0.004730,0.389386,0.145479,-0.001360,0.053440,-0.036319,0.340217,0.091866,0.008050,-0.201614,0.154187,0.129823,-0.030870,0.340847,0.042663,0.040139,-0.238148,0.400099,-0.099967,0.196432,0.361570,0.212280,0.141130,0.100456,0.017027,0.035982,0.117620,0.059944,0.083782,0.231799,-0.034563,-0.066282,-0.004184,0.292609,0.139764,0.168034,-0.206109,-0.165564,-0.061840,0.167830,0.143060,0.168491,0.244946,0.021533,-0.041132,-0.011596,-0.198511,0.167020,0.163005,-0.043191,-0.019351,0.446717,-0.085150,0.143836,0.212256,-0.065623,0.171959,0.311226,0.138869,0.075507,0.043818,-0.016553,0.430822,-0.235739,-0.076597,0.128973,0.053612,0.350433,0.287687,0.186645,-0.059305,0.183430,-0.028890,0.199041,0.056931,0.277831,-0.113225,0.107041,-0.062122,0.408824,0.112681,#
1,-0.080276,1.000000,-0.024370,0.075345,0.199824,0.192418,0.203188,0.072036,0.267472,-0.109671,0.394565,0.128497,0.087871,0.073658,0.015265,-0.113969,0.199120,0.101927,-0.018835,0.135996,0.024534,0.069936,0.143245,0.303301,0.079173,0.187596,0.035316,0.137258,0.051314,0.016711,0.336766,0.131652,0.069669,0.275129,0.052548,-0.080327,-0.020532,0.005065,0.275401,0.254886,-0.023981,-0.015034,0.216202,0.118016,0.183153,0.240748,0.345811,0.289277,0.111998,-0.007690,0.177493,0.326547,0.149320,-0.090023,-0.070330,0.040917,0.153296,0.037396,0.319657,0.046782,0.023395,0.199468,0.126497,0.044126,0.292968,0.281681,-0.073324,0.266072,0.096838,0.314986,0.055705,0.119680,0.251758,0.084969,0.156343,0.051803,-0.020077,0.059058,0.299934,0.006329,0.060844,0.279026,0.200204,0.232948,0.131967,-0.129770,0.200349,0.035637,0.106113,0.388526,0.269733,0.210948,0.131505,0.110005,0.021129,0.252954,0.098909,-0.114883,0.095737,0.049906,0.046942,-0.235104,0.009399,0.140547,0.050757,0.188087,0.174811,0.332459,-0.106203,0.039008,0.348877,0.125296,-0.049078,0.087644,0.290758,0.232182,0.102785,0.145497,0.076584,0.153177,0.090237,0.018777,0.274628,-0.043864,0.174138,0.140471,0.045929,0.100686,-0.042456,0.225270,0.056380,0.140143,0.191466,0.240586,0.439362,0.421835,-0.024266,0.227089,0.055655,0.151737,0.162968,-0.028380,0.121354,-0.149650,-0.088588,0.111803,0.081397,0.009429,0.288952,0.134136,0.071636,0.057445,0.010473,-0.140647,0.339778,-0.074097,0.114297,-0.040081,0.206651,0.102961,0.008053,0.265585,0.189667,0.073143,0.257524,0.320794,0.226748,0.339541,0.286168,0.181614,0.023201,0.056575,0.063041,0.042571,0.099333,0.130899,-0.056949,0.210093,0.207897,0.071493,0.090025,0.156021,0.229281,-0.027775,0.268493,0.061450,0.015944,0.125799,0.121375,0.217551,0.264816,0.017567,0.136897,0.081695,0.127576,0.125491,0.031500,0.270780,0.079522,0.094882,#
2,0.235745,-0.024370,1.000000,0.246768,0.017321,-0.187956,0.031749,0.253391,-0.102125,-0.086625,0.071708,0.136166,0.003734,0.184615,-0.063803,-0.010971,-0.090984,-0.143482,-0.198688,0.014737,0.062613,0.317477,0.079779,-0.084464,0.080417,0.118397,0.115738,0.049769,0.159452,0.265346,-0.122802,-0.249215,0.009931,0.204253,-0.095752,0.109430,-0.076118,-0.083538,-0.159438,0.079873,0.105121,-0.005649,0.267041,-0.071931,-0.329223,0.107534,0.031389,0.216688,-0.089462,0.024522,0.269537,0.062875,0.008924,-0.092034,-0.209165,0.081074,-0.145361,-0.024942,-0.130641,0.157635,-0.192532,-0.073412,0.081077,0.200234,0.146102,0.013030,-0.239197,-0.281300,0.025204,0.241514,0.104152,-0.260855,0.082378,0.174485,0.088028,0.025272,0.080502,-0.210366,-0.106200,-0.080871,0.284709,-0.087234,-0.158566,0.012221,-0.099808,-0.050514,0.189467,0.063881,-0.158344,0.017766,-0.077746,0.045473,0.130869,-0.149147,-0.090927,-0.018167,0.061937,-0.294909,0.139078,0.016905,0.248631,-0.145308,-0.062958,-0.002036,-0.078190,-0.055616,0.116389,0.010502,-0.026370,0.139690,-0.095854,-0.120370,0.044443,-0.022026,-0.029837,-0.010229,0.067237,0.158690,-0.299239,-0.176736,0.020484,0.004076,-0.090550,-0.089216,-0.173441,0.033215,0.246877,0.016962,-0.149104,0.051895,0.123899,-0.079833,-0.046904,-0.086328,0.165065,0.169127,0.061705,0.007969,-0.181891,-0.048023,-0.150149,-0.179430,0.143938,0.007895,-0.036301,0.295355,0.148826,0.048694,0.212448,-0.067848,-0.174004,0.343045,0.076830,-0.172692,0.013647,-0.230867,-0.257856,-0.146813,0.048744,0.006490,0.043871,0.274163,0.065695,0.046356,0.010481,-0.000684,-0.031199,0.105543,-0.238430,-0.083993,0.051625,0.078949,0.041610,0.025854,0.038256,-0.090215,0.163688,0.007172,-0.058214,0.083686,0.228297,-0.138956,-0.113384,0.218156,-0.189626,-0.105982,-0.012627,-0.015178,0.026481,-0.184056,-0.130867,-0.044811,0.262260,-0.153066,-0.063852,-0.183671,-0.074240,-0.014816,0.300185,0.166017,#
3,0.061537,0.075345,0.246768,1.000000,0.345618,0.199509,0.414588,0.155301,0.104341,-0.036205,0.273899,0.395777,0.112917,0.145179,-0.091837,0.074106,0.173696,0.122304,0.113086,-0.029965,0.133398,0.191865,0.009912,0.241514,0.030282,0.073396,-0.048321,0.106213,0.140833,0.215907,0.226487,0.204833,0.259573,0.208905,-0.163307,0.130474,0.475410,0.178614,0.177451,0.070637,0.318444,0.175632,0.035927,0.379351,-0.024238,0.010509,0.249613,0.166528,0.080483,0.202556,0.165259,0.154044,-0.002687,-0.116279,-0.065180,0.295773,0.086155,0.265065,0.266780,0.127104,0.024415,0.024367,0.219517,0.273228,0.240368,0.214412,0.204616,0.226267,-0.115441,0.191504,0.196152,0.037634,0.264426,0.205127,0.241216,0.402255,0.270579,-0.188246,0.328359,0.262453,0.245925,0.088040,-0.021942,-0.091114,0.177049,0.174614,0.249792,0.225194,0.160109,0.338177,0.189001,0.044014,0.203366,0.220921,0.069871,0.312905,0.222371,0.117173,0.227171,0.385259,0.367472,-0.043637,0.241835,0.236691,0.124499,0.162751,0.152797,0.044794,0.191483,0.173525,0.074232,0.061709,0.147188,0.153257,-0.047297,0.071909,0.323853,-0.096295,0.028314,0.029165,0.173158,0.161137,0.155437,0.276982,0.020462,-0.148332,0.300079,0.186020,0.147447,0.514368,0.039691,0.358693,0.302648,0.214806,0.276638,0.109207,-0.094768,0.048050,0.196809,0.150836,0.281157,0.121444,0.135582,0.330120,-0.132354,0.204064,0.192667,0.130795,0.189431,0.041218,-0.092877,0.067216,0.093946,0.094009,0.245249,-0.082437,-0.041602,-0.071059,0.165474,0.355013,0.243198,0.246369,0.248391,0.068915,0.076578,0.275667,0.215107,0.189755,0.176275,0.032705,0.131894,0.125010,0.149898,0.104675,0.036749,0.236998,0.105435,0.290577,0.053532,0.042344,0.262855,0.114172,0.226567,0.330195,0.157503,0.129013,0.061103,0.196347,-0.094072,-0.024081,-0.073137,0.205170,0.552852,0.050913,0.135565,0.203046,0.213452,0.381971,0.322061,0.180177,#
4,0.169581,0.199824,0.017321,0.345618,1.000000,0.215064,0.112791,0.035537,0.212161,-0.039960,-0.003291,0.098888,0.150373,0.081242,-0.067025,-0.029695,0.225042,0.094234,0.082521,0.157889,0.155336,0.323529,0.136154,0.299407,0.192631,0.274020,-0.140746,0.068344,0.191028,-0.259607,-0.067980,0.125631,0.197947,0.191636,-0.047541,0.167926,0.242472,0.191918,0.038129,-0.012713,0.287163,0.218772,0.224948,0.113681,0.290544,-0.063749,0.297092,0.209201,0.128495,0.197100,0.100556,-0.061936,0.013130,0.023725,-0.014464,0.123331,0.167562,0.113947,0.175701,0.215497,0.262806,0.168784,0.002229,0.023641,0.175282,0.084299,0.190329,0.011276,0.033535,0.101593,0.035356,0.059836,0.250097,0.157652,0.130022,-0.137393,0.032973,0.163624,0.153000,-0.128477,0.364945,0.040382,-0.092676,-0.064650,0.226671,0.046987,0.112808,0.170314,0.236121,0.219889,0.128943,0.021599,-0.166555,0.119325,-0.070616,0.217243,0.195051,0.099760,0.288005,0.216061,0.192485,-0.191912,0.118154,0.186516,0.049889,-0.045066,0.055026,0.178865,-0.160531,0.086792,0.365665,-0.056738,0.202075,0.443110,0.015252,-0.149414,0.113478,-0.161551,-0.072783,-0.149664,0.178086,0.060275,0.159165,-0.129971,0.216064,-0.092728,0.187920,-0.037350,-0.104311,0.106157,0.076302,-0.022840,0.241727,0.134345,0.259761,0.149974,0.217734,-0.215175,0.156949,0.190862,0.213499,-0.097503,0.106989,0.090908,-0.007350,0.091761,0.066519,-0.046833,0.238004,0.119073,0.078977,-0.108792,0.236559,0.119914,0.080962,-0.178848,0.111945,0.035686,0.194306,0.152742,0.064825,0.105005,0.154548,0.333488,-0.065307,0.444640,-0.027309,0.075028,0.013494,0.139427,0.119045,0.070803,0.147879,0.115975,0.112488,0.167517,0.281904,0.217200,0.071035,-0.152303,0.018025,0.024483,0.191923,0.042848,-0.134724,0.053440,0.264510,0.299571,0.069444,0.021126,0.261481,-0.279002,0.153868,-0.015462,-0.144913,0.256715,0.029238,0.310586,0.148683,0.211902,#
5,-0.135667,0.192418,-0.187956,0.199509,0.215064,1.000000,0.150303,-0.010330,0.272103,0.092554,0.167253,-0.121049,0.061580,0.116815,0.087773,-0.005537,0.214589,0.122851,0.065120,-0.162283,0.296697,0.039252,0.060382,0.140454,0.104881,0.108697,-0.019029,0.095461,0.139446,-0.001199,0.078799,0.221957,0.321941,0.132780,-0.127804,-0.060617,0.289467,0.171447,0.039495,0.117122,-0.062793,0.147475,-0.127332,0.276589,0.059626,-0.005053,0.147517,-0.064892,0.046913,0.209400,-0.285086,0.067040,0.141414,-0.148988,-0.063072,0.196617,-0.128712,-0.020091,0.054350,0.035048,0.080155,0.019920,0.055173,-0.115978,-0.132561,0.117320,0.273653,0.003008,0.011996,0.136265,0.129652,0.128539,0.212575,0.237572,-0.054432,0.048036,0.215113,0.104934,0.065676,0.171649,0.036739,0.239775,0.088208,-0.177854,-0.036557,0.209863,0.040738,-0.025890,0.219994,0.195145,-0.051643,0.167777,-0.043695,0.079801,0.067876,0.012624,0.118254,-0.163682,0.232200,-0.088121,0.062131,0.042093,0.100402,0.069252,0.050200,-0.034063,-0.194716,0.137404,-0.223878,0.044269,0.294854,-0.088244,0.150460,0.053972,0.070694,-0.020592,0.290467,-0.049663,0.203633,-0.095797,0.014625,-0.022110,-0.087777,0.314043,0.003600,0.063018,-0.132532,-0.018876,0.083852,0.188725,-0.024468,0.261821,0.127848,-0.014809,0.275273,0.276584,0.091048,-0.091622,0.119055,0.074515,0.347327,0.127271,0.029669,0.250935,0.194846,0.020715,0.010256,0.002998,-0.102648,0.241325,0.055167,-0.244562,-0.007922,0.231320,0.094179,0.070733,0.086306,-0.064137,0.327384,-0.002035,0.044133,0.096787,0.081104,-0.039864,0.093304,-0.030120,0.031086,0.154279,0.094116,0.171389,0.006847,0.065878,-0.094638,0.010279,-0.012538,0.107794,-0.022663,0.050952,0.327883,-0.153883,0.090149,0.039195,0.342843,-0.057688,0.048686,0.214292,0.157347,0.088827,-0.074689,0.057935,-0.001275,-0.132860,0.227466,0.210121,0.154494,0.085500,0.146544,0.375153,-0.160876,-0.017578,#
6,-0.021756,0.203188,0.031749,0.414588,0.112791,0.150303,1.000000,0.204173,0.140229,-0.099637,0.205159,0.088958,0.039242,0.217261,0.117382,0.049542,0.150668,0.209880,0.100292,0.111302,0.306886,-0.012569,-0.132452,-0.072725,-0.107941,0.072753,-0.022788,0.093605,0.341056,0.229262,0.023614,0.156100,0.268714,0.201733,-0.068632,-0.007236,0.182102,0.219598,0.172287,0.224040,0.164760,0.046783,-0.056284,0.156437,0.071725,0.192473,0.246926,0.290649,0.078415,0.217822,0.065234,0.167332,0.256380,0.040862,-0.120547,-0.034338,0.217276,0.284648,0.316196,0.321650,0.104028,0.162833,-0.033549,0.405262,0.200366,0.307001,0.340663,0.228936,0.235438,0.034013,0.040557,0.147227,0.418812,-0.024366,0.177621,0.235504,0.131267,0.139579,0.220579,0.186001,0.187848,0.180273,0.381992,0.076463,0.291238,0.107907,0.000423,0.151769,0.148623,0.419182,0.227827,0.269800,0.097745,0.190783,0.046156,0.079224,0.194681,0.017644,0.212854,0.146753,0.163068,0.026837,0.174038,-0.054809,-0.323256,0.216727,-0.072651,0.104753,0.050284,0.184007,0.175389,0.138002,0.149785,-0.030314,-0.031175,0.088801,0.426194,0.019521,0.241766,0.233727,0.156045,0.221670,-0.063458,0.040009,0.131281,-0.077346,0.049301,0.365644,0.044186,0.361250,0.150699,0.017192,0.210087,-0.012305,0.414383,0.199865,0.020133,0.373303,0.309309,0.169036,0.243678,-0.116627,0.161395,0.388535,-0.076064,0.012468,0.217231,-0.019325,0.117136,-0.118962,0.061311,0.084880,0.101933,-0.007609,0.336170,-0.237218,-0.090794,0.019400,0.232245,0.015688,0.128647,0.338787,0.329277,0.028632,0.297582,0.205184,0.169354,0.267139,0.267807,0.289186,-0.105693,0.058084,0.208466,0.102015,0.044338,0.218322,-0.012496,0.365830,0.325726,-0.071596,0.042661,0.177678,0.180028,0.534076,0.422793,0.122478,0.039853,0.151399,0.068756,0.353692,0.088576,-0.011205,0.434316,0.213896,0.043238,0.195789,0.089137,0.236704,0.056730,0.139461,#
7,-0.128145,0.072036,0.253391,0.155301,0.035537,-0.010330,0.204173,1.000000,0.046366,0.159842,0.098237,0.253383,0.012838,0.236276,0.179580,0.080793,-0.016623,0.182214,-0.063610,0.258677,0.103935,0.293182,0.252638,-0.130160,0.025027,-0.024689,0.287206,0.214249,0.075141,0.205948,0.079558,0.181501,0.082372,0.193291,-0.048548,0.050012,-0.168081,-0.017766,0.051193,0.059818,0.105428,0.225699,0.063349,0.180284,0.089590,0.241718,0.067555,0.345437,0.273780,0.176499,0.083844,0.159637,-0.026681,0.152663,0.053309,0.135101,0.123913,0.093176,0.228721,0.061846,0.236215,-0.038539,0.035316,0.254586,0.331985,0.076741,-0.096223,-0.062729,0.072706,0.190098,0.091724,-0.044580,0.165785,0.214087,0.202681,0.183428,0.010695,0.269917,0.281271,0.128480,0.314787,0.049158,0.221769,0.111939,0.232763,-0.055983,-0.093162,0.046268,0.209945,0.300298,0.033097,-0.009867,0.101588,0.174754,-0.092041,0.056482,-0.150795,0.038039,0.029995,0.045093,0.200388,0.014661,0.147504,-0.077593,-0.116802,0.343356,0.470220,-0.011912,0.141929,0.154131,-0.094883,-0.220319,-0.015900,0.066071,0.265111,0.120396,-0.162730,-0.009042,0.165061,0.362320,0.170878,-0.043722,0.050984,0.348734,0.142395,0.038228,0.055898,0.329197,-0.033990,0.116056,-0.084795,-0.014978,0.120317,0.099148,0.285178,0.138683,-0.003424,0.350824,0.108636,0.171093,0.281251,0.025281,-0.073739,0.030514,0.043895,0.178359,0.253118,0.208726,0.178072,-0.045905,-0.011403,0.205031,-0.110974,0.045922,-0.130735,-0.005080,0.116101,0.132808,0.161142,0.067265,0.044756,0.274273,0.052161,0.165068,0.091804,0.205869,0.142513,0.183414,0.140382,0.071462,0.081415,0.118167,0.089793,0.059771,0.041173,-0.082460,0.163581,0.151747,0.056509,-0.006279,0.141067,0.021494,0.030613,0.232211,-0.189574,0.047032,0.046027,0.152271,0.141130,0.083582,0.124914,-0.169644,0.307243,0.069645,0.010262,0.215260,0.151357,0.150552,0.175530,0.066473,#
8,0.162903,0.267472,-0.102125,0.104341,0.212161,0.272103,0.140229,0.046366,1.000000,0.039349,0.067443,0.076465,0.156818,0.214170,0.197483,-0.187611,0.012450,-0.021310,0.011574,0.215258,0.337850,0.099106,0.110597,0.243557,0.065877,0.072491,-0.056241,0.086762,-0.006750,0.029764,0.122854,0.195638,0.166797,0.189844,-0.060983,0.172504,0.359451,0.091233,0.123148,0.172122,0.110563,0.163162,-0.281319,0.109305,0.180544,0.212902,0.069938,0.252680,-0.024234,0.002423,-0.065781,0.203261,-0.124268,0.313201,0.102293,0.262151,-0.090884,0.220592,0.192840,0.072505,0.128527,0.056328,0.252258,-0.008100,0.276219,0.192318,0.116503,0.126530,0.278847,0.065941,-0.169386,0.142400,0.428286,-0.092596,-0.072983,-0.148330,0.118601,-0.000228,0.115480,-0.035215,0.142409,0.252691,0.203111,-0.043072,0.305268,0.136351,0.029272,0.205016,0.238653,0.285867,0.079348,0.147010,-0.056024,0.114234,0.217351,0.337719,0.017398,0.114547,0.168455,-0.015125,0.205698,-0.113933,0.060182,0.039681,0.254182,0.255742,0.211219,0.144059,-0.060308,-0.025626,0.069196,0.066148,-0.169549,0.216169,0.019041,0.105171,0.084906,0.225173,-0.002176,0.177451,0.329990,0.016753,0.042630,0.048352,0.125444,0.337786,0.084165,0.220175,0.059201,0.163868,-0.012352,0.030125,0.166407,-0.003856,0.298082,0.052070,0.133091,0.185717,0.439400,0.160026,0.178151,0.118434,0.076507,0.047550,-0.030271,0.101173,0.187495,0.314881,0.062143,0.281833,0.157478,0.036164,0.150818,0.121680,0.331637,0.098166,0.017041,0.090600,0.053337,0.147363,-0.041443,0.097170,-0.055548,-0.007159,0.145182,0.159886,0.176663,0.235984,0.279036,-0.002203,0.239262,0.049111,0.027452,0.214248,-0.111363,0.324211,-0.028975,0.307757,0.224544,-0.046654,0.166951,0.154672,-0.094201,0.174729,0.179386,0.105937,0.020737,-0.030734,0.074775,0.186706,0.244110,-0.121945,0.165267,0.055062,0.105440,-0.037024,0.096896,-0.148209,0.004587,0.102805,#
9,0.116168,-0.109671,-0.086625,-0.036205,-0.039960,0.092554,-0.099637,0.159842,0.039349,1.000000,0.258255,-0.166075,-0.202935,0.226439,0.195764,-0.013979,-0.075994,-0.058620,-0.201752,0.167597,-0.058887,0.013005,0.068812,-0.128369,-0.131556,-0.086381,0.174766,0.029914,0.022041,-0.081315,0.002674,0.124173,0.099505,-0.064840,-0.018090,-0.021658,-0.150593,0.163948,0.009068,-0.066371,0.183438,0.264482,-0.144452,-0.246917,0.060478,0.071513,0.108831,0.116963,0.174577,-0.194751,-0.177864,0.278037,0.029815,-0.114007,0.327595,0.373781,0.230849,0.311322,-0.081182,-0.247226,0.070059,-0.228485,0.065127,-0.149863,0.190609,-0.030354,-0.076483,-0.123475,0.002513,-0.052424,-0.024565,0.234566,0.054963,-0.023570,0.059890,0.074209,0.173558,0.030381,0.200205,-0.055145,-0.087153,0.258658,-0.170072,0.139477,-0.028335,0.305337,0.028216,0.087800,0.006341,-0.045107,-0.319903,-0.061083,-0.100971,-0.093679,-0.085102,-0.141676,0.100676,0.008566,0.078923,0.199401,0.069632,0.106300,0.208711,0.018142,0.099676,-0.012963,0.002626,0.106522,0.099002,-0.125302,0.037309,-0.037170,0.147145,-0.049779,0.061231,-0.000567,0.014365,0.159079,0.225787,-0.146298,0.197660,0.278400,0.059952,0.268533,0.000227,0.138257,-0.128458,-0.002863,0.129717,0.093983,0.149453,-0.006459,-0.173863,0.004211,-0.044910,-0.114810,0.057886,0.124459,0.166467,-0.033751,0.108169,0.219907,-0.003502,-0.169303,0.054350,-0.058485,0.072281,0.237489,-0.110543,0.259593,0.046501,-0.207150,0.139059,0.174444,-0.145123,0.311949,0.223670,0.030402,0.441453,0.123217,0.019976,-0.087057,-0.184328,0.203791,0.094834,0.020822,-0.129467,0.179687,0.048537,0.031584,0.152970,0.295605,0.030213,-0.043036,-0.130762,0.016834,0.190326,-0.217889,-0.161087,0.100490,-0.036222,0.029456,0.226695,-0.047200,-0.080681,-0.014243,0.261880,0.137520,0.209263,-0.104322,-0.118283,-0.053275,-0.059680,0.189214,0.053842,0.148741,0.166449,-0.146707,0.197437,-0.067621,#
10,0.067373,0.394565,0.071708,0.273899,-0.003291,0.167253,0.205159,0.098237,0.067443,0.258255,1.000000,-0.009427,-0.135266,0.296664,0.173733,-0.235116,0.109386,0.063146,0.195521,0.066457,0.050397,0.135873,-0.023956,-0.006540,0.052609,-0.035768,0.177560,0.146108,0.083189,0.074399,0.234156,0.171363,0.088942,0.119156,-0.151372,0.172397,-0.086443,0.166695,0.126755,0.031751,0.118349,0.107338,0.034110,0.015602,-0.169402,0.037326,0.172752,0.205285,0.227536,-0.054410,0.084563,0.188529,0.062503,-0.098361,0.141198,0.278382,0.070047,0.128702,0.229774,-0.052737,-0.230025,0.041793,0.118313,0.096184,0.221900,0.256588,-0.088421,0.052634,0.034709,0.095473,0.081049,0.064029,0.171846,0.112138,0.009444,0.109005,0.212777,-0.221402,0.222946,0.129691,0.110504,0.098507,0.154733,0.207384,0.126491,0.025373,0.285209,0.052231,-0.075482,0.202071,-0.008080,-0.113429,0.239230,-0.055378,0.137249,0.090426,0.293760,-0.124141,0.089986,0.189851,0.096468,-0.062060,0.108268,-0.024471,0.324565,0.097096,0.071309,0.239126,0.085539,0.007222,0.033578,0.090806,0.135041,0.021975,0.262097,0.036886,0.045314,-0.060054,0.240087,-0.095198,0.041285,0.058425,0.104352,0.101317,0.035360,-0.170663,-0.066451,0.161454,-0.124285,0.406323,0.201047,-0.003170,0.140916,-0.009657,0.061945,0.128590,0.104873,0.265801,0.229476,0.145525,0.153961,0.121338,0.266435,0.035929,-0.180731,0.106249,-0.133031,-0.028438,-0.032329,0.095907,-0.115162,0.075329,0.129838,-0.119359,0.101734,-0.023078,0.162063,-0.077481,0.145665,0.256843,0.167838,0.195638,0.170911,0.112746,0.114055,0.082234,0.113430,0.385318,0.262732,0.024305,0.167257,0.263840,0.015651,0.117842,-0.114951,-0.050834,0.036442,0.022678,0.261838,0.174271,0.192717,0.075185,0.263622,0.006288,0.336299,-0.102132,0.089085,0.145050,0.093126,-0.015143,0.079078,-0.027060,0.159530,0.060746,0.184051,0.031073,0.224365,0.260278,0.388855,0.254046,#
11,0.046075,0.128497,0.136166,0.395777,0.098888,-0.121049,0.088958,0.253383,0.076465,-0.166075,-0.009427,1.000000,0.089866,0.032502,-0.037539,-0.008829,-0.067349,0.274815,0.094303,0.033623,0.009771,0.147772,-0.021802,0.204554,0.215419,0.177623,-0.207194,0.144975,-0.204126,0.140377,0.221589,0.192766,0.179200,0.279777,-0.004350,0.029998,0.217538,0.199257,0.074900,0.068667,0.150386,0.163980,0.116099,0.359790,-0.128113,0.304827,0.306205,0.133303,0.173598,0.035311,0.304868,0.099298,0.034021,0.212215,-0.219144,0.132912,0.347978,0.083665,0.247291,-0.072244,-0.126517,0.021421,0.270476,0.276506,0.211597,0.205462,0.067216,0.340448,-0.064151,0.247346,0.106319,-0.016807,0.197323,0.135773,0.099173,0.193528,0.042915,0.047308,0.308655,0.085968,0.181809,-0.109868,0.233667,0.171975,0.272695,-0.096319,0.267520,0.372244,0.208924,0.141429,0.278715,0.094391,0.282587,0.410694,-0.066472,0.233885,-0.172271,0.164180,0.019029,0.260188,0.224397,-0.057604,0.003888,0.021950,0.188996,0.408194,0.324297,0.213619,0.235677,-0.068718,0.096916,-0.087692,0.178482,0.056713,-0.239122,0.350633,0.112734,0.055878,0.111140,0.174731,0.092125,0.108296,0.211996,0.211313,0.171094,0.083786,0.380399,0.349511,0.169920,0.239620,-0.177668,0.267480,0.085589,0.280458,-0.020950,-0.025513,-0.171051,0.257008,-0.021949,0.251920,0.155199,0.168541,-0.040509,-0.014816,-0.062352,0.221547,0.175680,0.124222,0.213540,0.103497,-0.161617,0.242707,-0.035911,0.128989,0.348221,-0.121388,-0.091919,-0.095392,0.150401,0.302453,0.184170,0.156587,0.030894,-0.001338,0.348344,0.196386,0.325517,0.236715,0.362269,0.066842,0.301088,0.006939,-0.022245,0.068740,0.070641,0.250406,0.462428,0.185702,0.105968,0.032076,0.274026,0.217560,0.032404,0.066561,-0.118022,0.184362,0.070080,0.075024,-0.025273,-0.043298,-0.061562,0.000550,0.288728,-0.131563,0.083229,0.040701,0.239040,0.261263,0.081183,0.257096,#
12,0.073754,0.087871,0.003734,0.112917,0.150373,0.061580,0.039242,0.012838,0.156818,-0.202935,-0.135266,0.089866,1.000000,-0.326147,-0.035104,-0.155272,0.207558,0.129426,0.054673,0.300614,0.048387,-0.110116,0.216969,0.000646,0.063721,-0.064661,0.077087,-0.139111,0.109892,0.162084,-0.077540,0.216262,0.264864,0.157324,0.075833,0.222993,0.209208,-0.076169,0.166783,0.026620,0.190427,-0.154926,0.136353,0.189017,0.216165,0.035230,0.186280,-0.239576,0.096786,0.050480,0.184381,0.038926,-0.054193,0.028002,-0.195508,0.074237,-0.080944,0.202513,0.076005,-0.003834,-0.130509,0.033349,0.150358,0.084355,0.022188,0.174246,-0.023627,0.054411,-0.039224,-0.022119,-0.030620,0.202358,-0.070234,-0.133100,0.320811,0.026789,0.169605,-0.053014,0.082764,-0.078565,0.025399,0.049962,0.071666,-0.122622,0.126237,0.286271,-0.152275,0.170090,0.118831,-0.055336,0.087611,-0.086423,-0.181717,0.131736,0.139336,-0.071149,0.241405,0.160628,0.147550,-0.009031,0.076738,0.101752,0.045387,0.028553,0.090275,0.066293,0.271349,-0.021180,-0.121358,0.032754,0.116667,-0.177221,0.015032,0.140849,-0.065236,-0.055597,0.008721,0.074829,0.009811,0.168029,-0.022304,0.074893,0.183275,-0.086865,0.099219,0.202160,0.253019,0.036150,-0.155576,-0.040116,0.046158,0.104735,0.097090,0.002936,-0.085127,0.031116,0.024971,0.131495,0.008623,0.121603,0.185681,-0.208490,0.033127,0.116286,-0.205565,0.078343,-0.043325,0.123242,0.091491,-0.141265,0.027995,0.243334,0.005093,0.044893,-0.117799,-0.251500,-0.038685,-0.241516,-0.007166,0.066943,-0.112456,0.211241,0.111598,0.191573,-0.160328,0.007210,0.203537,-0.073387,-0.154571,0.036799,0.009987,-0.126051,0.005851,0.065480,0.052632,-0.141037,-0.023129,0.247748,-0.093141,0.253899,0.096709,-0.019752,0.070684,0.055517,0.098715,0.181458,-0.224078,0.084175,0.065918,-0.110288,0.065400,-0.038967,0.017237,0.059732,-0.107434,-0.138853,0.148732,-0.038409,0.084442,0.005907,#
13,-0.025162,0.073658,0.184615,0.145179,0.081242,0.116815,0.217261,0.236276,0.214170,0.226439,0.296664,0.032502,-0.326147,1.000000,0.023257,0.101691,0.080267,-0.137810,0.078416,-0.074985,0.026882,0.146372,-0.093791,-0.132011,0.070555,0.171604,0.124280,0.159156,0.128048,-0.143534,0.193570,0.186884,0.158648,0.136770,-0.121758,-0.095720,-0.196735,0.040311,-0.172920,-0.051511,-0.061939,0.151227,0.166148,0.098377,-0.176106,-0.073426,0.051510,0.223741,0.079485,0.054314,0.034158,0.212584,0.245844,-0.021284,0.052673,0.317428,-0.046386,0.218199,0.066259,0.164965,-0.013550,-0.045524,0.345884,-0.075670,0.018754,0.146352,0.310241,-0.038121,0.284152,0.006244,-0.250524,-0.164236,0.320986,0.078508,0.147039,-0.068398,0.193496,0.170176,0.074692,0.039955,0.093793,0.175958,-0.044218,0.337725,0.154478,-0.158268,0.234259,0.214416,0.214084,0.242965,-0.002848,-0.017080,0.204354,0.032874,-0.185024,0.212142,0.029867,-0.153279,0.329040,0.048509,0.357508,-0.000274,0.285602,-0.110857,-0.091946,0.090461,0.067966,0.115178,0.295856,0.005102,0.010346,0.094043,0.169275,-0.041602,0.213988,0.051610,0.266512,0.072421,0.103392,0.109258,0.267396,0.156589,-0.087170,0.136494,0.088745,-0.066144,-0.091019,-0.042700,0.296970,0.238041,0.188025,0.000885,-0.066165,0.111973,0.265766,0.115142,0.097946,0.133853,0.398970,0.055608,-0.029934,-0.093198,0.269422,-0.063807,0.052172,0.213653,0.334448,0.216220,-0.112955,0.294268,-0.020121,0.049500,0.195314,0.042284,0.174600,0.197355,-0.051500,0.291304,0.098742,0.241514,-0.001434,0.196846,-0.010537,0.298779,0.160053,0.204238,-0.005379,0.167612,0.128999,0.323350,0.058834,0.166810,0.211445,-0.062373,-0.051043,0.156598,-0.084090,-0.077301,0.305118,-0.231374,0.139570,-0.067568,0.013929,0.117957,-0.165055,0.040752,0.019020,0.167580,0.072095,0.151222,-0.014383,-0.043139,0.175731,-0.162757,0.154322,0.107795,0.081679,0.069876,0.170962,0.232581,#
14,0.235339,0.015265,-0.063803,-0.091837,-0.067025,0.087773,0.117382,0.179580,0.197483,0.195764,0.173733,-0.037539,-0.035104,0.023257,1.000000,0.158345,-0.062936,0.166788,0.134309,0.234867,0.041273,0.039737,0.249134,0.087266,0.177908,-0.035819,-0.083831,0.196467,0.228991,0.070662,0.028205,-0.051908,0.126577,-0.034391,-0.010499,0.114497,-0.021262,0.257508,0.078508,0.136453,0.168046,0.002276,0.079357,-0.028158,-0.013681,0.070119,-0.029921,0.209869,0.039502,-0.137148,0.219177,-0.001910,-0.009475,0.011679,0.311002,0.221596,0.125206,0.077521,0.126046,0.062036,0.264109,0.132763,-0.098729,0.143165,0.146431,0.132729,0.134886,-0.022192,0.214699,0.018643,-0.242054,0.195014,0.023044,0.351064,-0.171270,-0.053555,0.047849,-0.013728,-0.129806,0.287605,0.170731,0.007387,0.114647,0.149185,0.154881,0.207288,-0.213594,-0.029186,0.139066,0.137548,0.236370,-0.109127,0.185584,0.112404,0.123852,-0.153493,0.177682,-0.065832,0.308205,0.134883,-0.029220,-0.024752,0.065488,-0.040262,-0.093733,0.197718,0.188119,0.355160,0.032405,-0.007896,-0.160172,-0.030086,0.047047,-0.108909,0.086052,0.025955,0.019208,0.219550,0.338806,0.137755,0.388149,0.063952,-0.003769,0.058642,0.063907,0.049765,0.096144,0.209550,-0.339885,0.190883,-0.033814,0.168138,0.157419,-0.098138,0.030421,-0.290550,0.281314,-0.040991,-0.043160,0.029259,0.271428,0.129106,0.245404,-0.101808,-0.078609,0.193121,-0.083841,-0.031714,0.063139,-0.120384,-0.044516,-0.223930,-0.046271,0.109146,-0.149013,-0.057188,0.224080,0.150846,0.053360,-0.071327,0.039835,0.144620,-0.163113,-0.047794,0.101390,-0.025015,0.207104,0.246079,-0.125846,0.113513,0.234257,0.243532,0.260532,0.154739,0.057463,-0.025524,0.347055,0.256031,0.219985,0.228059,-0.037370,0.172034,0.002746,0.041461,0.193342,0.062106,-0.008353,0.112613,0.007711,0.081599,-0.106349,0.000824,0.126949,0.292798,0.202631,-0.197057,0.035857,0.087983,0.275427,0.107599,#
15,-0.217707,-0.113969,-0.010971,0.074106,-0.029695,-0.005537,0.049542,0.080793,-0.187611,-0.013979,-0.235116,-0.008829,-0.155272,0.101691,0.158345,1.000000,0.035956,0.176712,-0.020102,-0.011614,-0.046152,-0.005280,0.104549,-0.094335,0.019423,0.052194,-0.016648,0.026992,0.161979,-0.118730,0.025580,0.033101,0.142713,0.147146,-0.068457,-0.300053,-0.006643,0.166498,-0.099933,0.012183,0.054489,0.066836,-0.022411,0.044421,0.105900,-0.089161,-0.124077,0.046395,-0.194279,-0.159616,-0.116217,-0.014268,0.010334,-0.242334,0.029525,-0.120163,-0.083041,0.030327,0.028497,0.244381,0.161379,-0.178774,0.045453,-0.028936,0.033922,0.004657,0.171263,0.026425,0.171029,-0.120030,-0.002819,0.089244,-0.075340,0.183947,0.100797,0.096912,-0.101580,0.286664,-0.003183,0.203277,0.056315,-0.042428,0.038946,-0.013219,-0.086685,0.084005,-0.116219,-0.076425,0.175208,-0.013931,-0.082198,-0.100213,0.110327,0.251722,-0.265965,-0.031073,0.096248,-0.012653,0.108193,-0.084599,0.055953,-0.164839,0.150883,0.058233,-0.297160,0.038217,0.116839,0.028038,0.038584,0.061368,-0.204244,0.012589,-0.023826,-0.137683,0.022031,0.243301,0.266023,-0.109297,-0.007819,0.023011,0.109074,0.246866,-0.087466,0.222553,0.083374,-0.286002,0.065147,-0.065301,0.111333,-0.041435,-0.234440,0.257002,-0.076592,0.128534,0.080728,0.072150,0.132576,-0.261626,-0.183244,-0.080040,-0.095622,0.039047,0.072089,-0.031479,0.005995,-0.028365,0.018680,0.085570,0.121326,0.137044,0.177938,-0.241739,-0.088369,0.405790,-0.330347,0.141525,-0.086501,0.092365,0.114865,-0.105523,-0.224310,-0.085282,0.130057,-0.003768,0.020722,0.109758,-0.015996,0.111843,-0.101612,0.024095,-0.052269,0.048427,0.227793,-0.243418,0.022605,-0.124822,0.071508,-0.043190,-0.280619,-0.043998,-0.055864,0.047574,-0.021740,0.277112,-0.007697,-0.043074,-0.204512,-0.106842,-0.068229,-0.087445,-0.351337,0.128059,0.026133,0.134111,-0.043383,0.123257,-0.066186,-0.151563,0.004913,-0.123348,#
16,0.002372,0.199120,-0.090984,0.173696,0.225042,0.214589,0.150668,-0.016623,0.012450,-0.075994,0.109386,-0.067349,0.207558,0.080267,-0.062936,0.035956,1.000000,0.158277,0.026259,-0.012914,0.261227,0.082516,0.198700,-0.004811,-0.187580,0.326943,-0.023848,-0.198718,0.155268,-0.042086,0.246475,0.386936,-0.020794,0.307884,-0.269648,0.113663,0.074039,0.012042,0.054521,0.305395,-0.134809,0.192843,-0.009160,-0.014103,0.199925,0.274234,-0.026544,-0.132399,0.194588,-0.159410,-0.130335,0.100439,0.188037,-0.125384,0.250330,0.086913,-0.204337,0.157971,0.226232,-0.037035,-0.013540,0.175226,0.095981,0.140135,0.018617,-0.023137,0.202418,0.314025,-0.079548,0.019275,-0.030808,0.010726,0.236892,0.165272,0.201414,0.129942,0.129523,0.140505,0.089224,0.055635,-0.132811,0.093433,-0.030086,-0.040596,-0.046465,0.133883,0.081252,0.227421,0.109864,0.040683,-0.002974,0.066757,-0.133878,0.143212,0.020815,0.059275,0.096854,-0.072339,0.274546,0.173590,0.050910,-0.131911,-0.205699,0.017356,-0.001351,0.116252,0.068100,-0.229498,-0.117953,0.021301,0.151458,0.107653,0.087431,-0.029116,0.160357,0.139366,0.055992,-0.075524,-0.035455,0.147515,-0.101912,-0.099865,0.264008,0.189395,0.153118,-0.083511,0.139085,-0.003264,0.073215,0.077144,-0.072151,0.131299,0.187095,-0.024405,0.366952,0.215148,0.027956,0.175859,0.279663,0.430199,-0.129153,0.081389,-0.089013,-0.001944,0.101779,-0.011983,-0.066430,0.053994,0.096413,-0.196661,0.094604,0.036535,0.114416,0.014178,0.088712,0.087231,-0.088960,-0.044695,0.047410,0.154705,-0.114222,0.224972,0.267248,0.217246,-0.114690,0.131203,0.235122,0.092970,-0.078672,-0.052956,-0.134071,-0.101196,0.138695,-0.104219,0.203539,0.114965,-0.167543,0.055495,0.120775,-0.017285,-0.066027,0.060787,0.301140,-0.223610,-0.049026,0.068138,0.071167,0.167317,0.057999,-0.050390,-0.029714,-0.220812,-0.057989,0.083203,0.154040,0.122558,0.067753,0.233743,-0.038119,-0.078854,#
17,0.184874,0.101927,-0.143482,0.122304,0.094234,0.122851,0.209880,0.182214,-0.021310,-0.058620,0.063146,0.274815,0.129426,-0.137810,0.166788,0.176712,0.158277,1.000000,0.004614,0.250206,0.327145,0.110131,0.239493,0.202688,-0.034591,-0.059291,-0.189561,0.043425,0.062042,0.319714,-0.014072,0.194068,0.289485,0.192026,-0.157221,0.077044,0.117253,0.365577,0.134145,-0.084858,0.190707,-0.000333,0.006887,0.248237,-0.035965,0.278379,0.150292,0.093794,0.378040,0.056773,0.243184,-0.020043,-0.167576,0.112225,0.011714,0.044872,0.164404,0.155329,0.187631,0.197952,0.278509,-0.033438,0.064496,0.176348,0.057020,0.138769,0.193293,0.223065,0.074597,0.203369,0.058206,0.093383,0.130757,0.239951,0.139709,0.165841,0.124894,0.365315,0.057173,0.189473,0.079311,0.058161,0.388543,0.046758,0.179012,-0.115271,-0.083298,0.107197,0.187975,0.185446,0.083326,0.060331,0.007408,0.277971,-0.032438,0.024672,0.313785,0.477486,0.037810,0.139700,0.021490,-0.067700,0.136064,0.166922,-0.031227,0.348567,0.153397,0.137277,-0.077138,-0.245792,-0.005784,-0.197177,-0.040747,0.294696,-0.052465,0.266368,0.015645,0.051284,-0.012959,0.229468,0.051335,0.025025,-0.048847,0.324496,0.272607,-0.098006,0.138123,0.289662,-0.061308,0.111851,-0.274109,0.200189,0.288255,0.137570,0.079451,0.252000,0.240044,0.018168,0.168554,0.395715,0.157942,0.152945,-0.028113,0.196914,0.169601,0.100566,-0.042392,-0.157059,0.150764,-0.149635,0.175848,-0.209817,-0.176842,0.199029,0.014246,-0.047170,0.061328,-0.006944,0.410352,0.187904,0.107655,0.393315,0.157985,0.062292,0.151657,0.196873,0.169261,0.366233,0.077485,0.180507,0.388930,-0.045722,-0.038924,0.032764,0.171474,-0.123540,0.327274,0.152485,-0.103805,0.264242,-0.108781,0.379925,0.206436,0.014164,0.096015,-0.002971,0.195223,0.250107,0.135514,0.124433,0.013968,0.137784,0.249010,0.039005,0.341212,0.177793,0.180844,0.108417,0.101725,0.120417,#
18,0.068799,-0.018835,-0.198688,0.113086,0.082521,0.065120,0.100292,-0.063610,0.011574,-0.201752,0.195521,0.094303,0.054673,0.078416,0.134309,-0.020102,0.026259,0.004614,1.000000,0.078123,-0.002919,0.125042,-0.331028,0.121968,0.305187,-0.084843,0.148062,0.296746,0.129015,0.036246,0.230898,0.095280,0.234193,-0.040256,0.111625,0.144106,0.169321,-0.034536,-0.110430,0.037492,-0.186319,0.151436,-0.049317,0.263594,-0.009581,-0.067634,0.019781,-0.102395,-0.175754,0.094237,0.217774,-0.405339,0.077896,0.103889,-0.046893,-0.154376,0.105624,0.040949,0.088153,-0.085696,-0.071677,0.000056,0.145867,0.176235,-0.238658,0.203675,0.241208,0.225450,-0.094203,-0.385093,-0.023530,-0.078976,0.055566,0.080496,-0.188212,-0.026631,-0.049880,-0.132319,0.172944,0.150683,0.381024,-0.093650,0.066089,0.198395,0.239788,-0.318004,0.224709,-0.037024,0.082463,-0.026563,0.232891,-0.069896,0.094932,0.186737,-0.090627,0.091278,0.230882,0.022226,-0.005753,0.248483,-0.120418,0.235408,0.136471,0.048136,0.311637,0.230267,-0.005442,0.134147,0.014210,0.125519,0.131358,0.136579,0.026891,0.075207,-0.189362,-0.140101,0.113371,-0.063268,0.146148,0.046218,-0.113188,-0.037307,-0.007486,-0.071437,-0.014016,-0.077419,0.089659,-0.042916,0.016175,0.160293,0.064683,0.088059,0.162994,0.012008,0.026054,-0.295799,-0.113040,0.147070,0.112028,0.174119,0.318223,-0.093541,0.145982,-0.065721,-0.107512,0.008424,-0.054274,-0.168058,-0.068228,-0.087312,-0.183915,0.121788,0.180441,-0.024595,-0.171042,0.054801,0.113677,0.031068,-0.164981,0.163368,0.153037,0.025685,0.019024,0.009843,0.054403,0.041981,0.080506,0.133533,-0.005328,-0.041795,-0.179158,-0.058381,0.251514,-0.148267,-0.096263,-0.029916,0.075278,0.304212,0.383140,0.030827,0.034525,0.134743,0.012764,0.005031,0.293770,-0.110021,0.027815,0.319082,-0.102511,0.039249,0.244241,0.092361,0.192950,0.040071,0.023556,-0.089495,0.059454,0.156218,0.137840,0.163961,#
19,0.317717,0.135996,0.014737,-0.029965,0.157889,-0.162283,0.111302,0.258677,0.215258,0.167597,0.066457,0.033623,0.300614,-0.074985,0.234867,-0.011614,-0.012914,0.250206,0.078123,1.000000,0.008540,0.379314,0.270860,0.056804,-0.093848,-0.018114,0.169262,0.122202,0.201238,0.241480,-0.268032,0.181883,0.294461,0.043577,0.009998,0.224011,-0.095331,-0.031228,0.344023,0.060835,0.064486,0.123558,-0.045173,0.035849,0.050217,0.193795,0.102907,0.369109,0.231653,-0.038869,0.120897,-0.022064,-0.085912,0.311698,0.146082,0.049266,0.134350,0.231273,0.143457,-0.031519,0.138534,-0.044381,0.031326,0.179109,0.071511,0.171480,-0.115660,0.187348,0.087651,0.184546,0.079651,0.147073,0.105805,-0.119059,0.142726,0.159749,0.110732,0.176884,0.190719,-0.005306,0.176696,0.016789,0.053082,0.007061,0.319114,-0.060306,-0.029216,0.061466,0.195529,0.207704,-0.002069,0.033259,0.105625,0.004827,0.043456,-0.058312,0.255092,0.246982,0.002975,0.153845,0.043813,-0.125422,0.205084,0.124510,0.056644,0.241782,0.164116,0.466192,0.004078,-0.017522,0.085600,0.062635,-0.030092,0.185849,0.119618,0.133809,0.179963,0.181960,0.147339,0.142822,0.347979,0.270860,0.062370,0.101662,0.316001,0.237675,0.285902,0.314727,-0.314112,0.123241,-0.123229,-0.067055,0.257695,0.197592,0.024725,-0.094889,0.131861,0.185942,0.048103,0.272196,0.221676,0.168717,0.094909,-0.139444,0.002966,-0.009788,0.155474,0.184340,0.226163,-0.253752,0.108199,0.064737,0.068589,0.120155,0.014769,-0.179172,0.142380,0.001933,0.166515,-0.183016,0.160222,0.252078,0.154396,-0.016465,0.090864,0.231303,-0.011462,0.052940,0.103635,0.061663,0.244039,0.027956,0.252839,0.117477,0.020297,-0.129469,0.300343,0.127050,-0.020608,0.131708,0.078445,0.366496,-0.093240,-0.002782,0.204119,0.046304,0.127064,0.278613,0.258843,0.122847,0.178462,0.011103,0.150226,0.246147,0.193719,-0.011960,0.125255,-0.121477,0.263220,0.348137,#
20,0.087209,0.024534,0.062613,0.133398,0.155336,0.296697,0.306886,0.103935,0.337850,-0.058887,0.050397,0.009771,0.048387,0.026882,0.041273,-0.046152,0.261227,0.327145,-0.002919,0.008540,1.000000,0.142681,0.131188,0.163068,0.045051,0.200794,-0.175092,0.141948,0.056569,0.260209,0.181053,0.207941,0.231130,0.292987,-0.139032,0.049470,0.107049,0.071869,-0.140818,0.167331,0.079340,0.259635,-0.124958,0.022922,0.180019,0.338779,0.139142,0.038864,0.152380,0.186847,-0.119601,0.163237,-0.003463,0.256574,-0.030089,-0.102354,0.077764,0.144928,0.243823,0.129813,-0.002908,-0.112920,0.217725,0.238211,0.139223,0.061954,0.132684,-0.062843,0.231971,-0.002812,0.136222,0.013210,0.420563,0.238793,-0.041802,-0.069980,0.095376,0.078135,-0.026927,0.269493,0.211763,-0.000532,0.389255,-0.098712,0.127067,0.253637,0.018248,0.262108,0.186564,0.354937,-0.013969,0.276214,-0.142910,0.178670,0.130082,0.139771,0.143026,0.066813,0.016280,0.096004,0.113405,-0.084434,-0.067003,0.068923,-0.104940,0.115587,0.102410,0.010004,-0.155388,0.115535,0.130657,0.001902,-0.095708,0.373664,-0.155891,0.103652,0.183334,-0.171605,-0.240292,0.012078,-0.061146,-0.051262,-0.177197,0.101398,0.217878,-0.006297,0.093476,0.308278,-0.025528,0.169177,-0.069774,0.110402,0.221046,-0.199636,0.263987,0.232683,0.196097,0.312093,0.314652,0.236085,0.060143,0.057845,-0.203260,0.145736,0.238856,0.117051,-0.299641,0.089912,0.173545,-0.018110,0.098060,0.033599,0.086128,-0.003368,0.202772,0.038454,-0.027053,-0.214073,0.243943,0.155323,-0.030732,0.254994,0.136288,0.072621,0.097877,0.092877,-0.034667,0.313442,0.043520,-0.106435,0.192268,-0.110076,-0.090629,0.098174,-0.026472,0.275500,-0.050131,0.155144,0.228558,0.180446,0.051266,0.022611,0.153871,0.278190,0.116851,-0.116307,0.140807,0.061375,0.056116,0.244769,0.117239,-0.083976,0.171650,0.079193,0.241413,0.194927,0.124525,0.154887,-0.023140,-0.084517,#
