0,1.000000,-0.003971,0.106760,0.051134,0.102109,0.091554,0.186402,0.110495,0.093708,0.151916,0.207208,0.091672,0.066052,-0.177612,0.203981,-0.066585,0.251080,0.337280,0.149247,0.312407,0.174468,0.172527,0.132540,0.215521,0.073967,0.027338,0.084205,0.014587,0.270154,0.213123,-0.059832,-0.002503,-0.000124,-0.019759,-0.243202,0.357745,-0.011256,0.106231,0.186405,0.303038,-0.016844,0.209882,-0.050611,0.274344,-0.122822,0.102049,0.118392,-0.086421,0.139232,0.116818,0.095832,0.047256,0.054342,-0.045394,0.314490,0.068449,0.175751,0.236123,0.176875,0.116394,0.336423,0.137850,-0.109985,0.104938,0.175076,0.007990,0.267419,-0.063207,0.022220,0.153481,0.198520,0.217968,0.262504,0.077760,-0.030640,-0.073835,0.112686,0.225000,0.025421,-0.177739,0.176743,0.043146,-0.009335,0.069562,0.131512,0.134044,0.062734,0.013132,0.347207,-0.181490,-0.011148,-0.067999,-0.131983,0.087360,0.246603,0.149246,0.251799,0.008908,0.236065,0.250607,0.085145,0.166088,0.002792,0.081743,0.115304,0.096253,0.250105,-0.051074,-0.054192,-0.127826,0.023247,-0.000293,0.208544,0.165661,-0.041596,0.014222,0.224909,0.110139,0.054044,0.170417,0.250839,-0.067811,0.093147,0.116317,0.084335,0.324482,0.167555,0.128843,-0.055405,-0.007850,0.232354,0.006983,0.374540,0.015953,0.096734,-0.025050,0.238612,-0.009914,0.184595,0.425052,0.048697,0.072623,-0.024330,0.258055,0.167647,0.199143,0.025308,-0.090776,0.190598,-0.105601,-0.012553,-0.005171,0.160257,0.178401,-0.152068,-0.017739,-0.024177,0.043737,0.226492,0.231484,0.242645,0.374097,0.059899,-0.014916,0.073326,-0.147302,0.267237,0.021246,0.030875,0.117300,0.458082,-0.273781,0.412292,0.178464,-0.051281,0.104751,0.252852,0.155723,0.148818,0.170814,0.064545,0.315584,-0.230305,-0.288883,0.067088,0.174451,0.277523,0.389421,0.077080,-0.013577,0.280265,0.084683,-0.069415,-0.011838,0.342811,-0.132311,-0.006110,0.150959,0.342858,0.293859,#
1,-0.003971,1.000000,-0.013034,0.210136,0.311499,0.140075,0.159681,0.035109,0.069999,0.180648,0.413178,0.246150,0.187079,0.147278,-0.040529,-0.064844,0.070459,0.114092,0.090659,-0.030653,-0.084041,0.036557,0.026017,0.237180,0.294287,0.252908,0.109513,0.173451,0.138323,0.054520,0.289687,0.196339,0.240924,0.156409,0.076802,-0.241345,-0.126259,0.181357,0.195519,0.083945,0.073473,0.048357,0.341649,0.176192,0.126430,0.104020,0.096527,0.127209,0.040238,0.075031,0.229061,0.162036,0.163099,-0.138696,0.128779,0.267405,0.251709,0.211563,0.426359,0.167077,0.187099,0.312491,0.008668,0.181020,0.166370,0.099278,-0.053201,0.210396,0.300338,-0.106291,0.173025,0.040109,0.159723,0.236020,0.225908,-0.118633,0.194831,0.136802,0.205668,-0.043020,-0.147088,0.477326,0.077844,0.378001,-0.049925,0.151947,0.286684,0.037882,0.169636,0.292921,0.197146,0.379752,0.036520,0.179529,-0.024550,0.203581,0.118395,0.183069,0.139737,0.077562,0.105699,0.032207,-0.120331,0.051954,0.038173,-0.006418,0.094394,0.208981,0.049311,0.129742,0.313916,0.076610,0.125053,0.022320,0.106472,0.174909,0.245146,0.116173,0.294519,0.247589,-0.021504,0.078715,0.296246,0.099905,0.115138,0.281945,-0.158908,-0.040320,0.149818,-0.053326,0.270015,0.195926,-0.041407,0.116939,0.328859,0.324829,0.008507,-0.017231,-0.115090,0.242331,0.148489,-0.008256,0.018720,0.057855,0.248891,0.084563,0.147390,0.208044,0.375412,0.322026,0.063886,0.153623,0.079954,-0.049472,0.147199,0.163821,0.299556,0.234518,0.192282,-0.024294,-0.157088,0.246352,0.016784,0.204098,0.290553,0.255734,0.109162,0.149108,0.213906,0.284386,0.158897,-0.031770,0.121086,0.036243,0.246152,0.023229,-0.177678,0.243972,0.182273,0.067262,0.152112,0.084945,0.237761,0.029492,0.283124,-0.013743,0.091511,0.148305,0.119452,0.223876,0.280847,0.185045,0.082421,0.025689,0.133012,0.377368,-0.053806,0.170799,-0.057485,-0.080882,#
2,0.106760,-0.013034,1.000000,0.315115,0.030722,0.024230,0.201996,0.223474,-0.261724,0.153478,0.040984,0.266164,0.012382,0.164112,-0.035901,-0.069059,0.141967,0.059158,0.060718,0.191124,0.091344,0.293607,0.240514,0.151535,0.128778,0.299538,0.210881,-0.116963,-0.056470,0.219089,0.111853,-0.049799,-0.087006,0.076051,-0.135106,0.067351,0.015114,0.033652,0.030143,0.091418,0.126280,0.266088,0.081362,-0.024993,-0.236202,0.326286,-0.075798,0.234612,-0.023042,0.143221,0.227247,0.289908,0.123446,0.015228,-0.042531,0.274035,0.012263,0.117999,-0.033521,0.051176,-0.357493,0.216477,0.215613,-0.026297,0.154736,-0.015215,-0.210628,-0.170337,0.063726,0.333283,0.156292,-0.245213,-0.013276,0.029261,0.237899,0.132921,0.062388,0.090278,0.067012,0.041997,0.248259,-0.033065,-0.097640,0.146559,0.170487,-0.039849,0.262176,0.074615,-0.112370,0.111314,-0.011689,0.171971,0.027419,-0.106383,0.039953,-0.097287,-0.026687,0.084252,0.125257,0.235685,0.290271,0.160745,-0.111503,-0.125134,0.054941,0.153486,0.189232,0.099624,0.011606,0.068847,0.073701,0.088919,0.184407,0.139831,0.088375,0.079523,-0.180029,0.206455,-0.000531,0.013580,0.012562,0.220340,0.102469,-0.043364,-0.015802,0.046739,0.135867,0.198634,-0.013124,0.074994,0.111086,-0.016335,-0.030467,-0.100142,0.180807,0.184971,-0.100039,0.225859,-0.128076,0.067156,-0.216081,-0.039629,0.014334,0.152643,0.131595,0.155809,0.295989,0.106944,0.219778,-0.086705,-0.030716,0.385613,0.067079,0.037719,-0.086963,0.076207,-0.157231,-0.063251,0.087783,-0.080236,0.179901,0.126170,0.212880,0.245528,0.131196,0.090158,-0.063186,0.189454,-0.040899,-0.023976,0.101572,0.079925,-0.039560,-0.084200,0.030080,-0.036924,0.215499,0.096181,0.196197,0.164998,0.262188,-0.043835,-0.012493,0.084946,-0.187442,-0.057392,0.000043,0.074761,0.093168,0.124458,0.074550,-0.028289,0.299081,0.000000,0.108809,-0.155906,0.028785,0.109492,0.086804,0.134710,#
3,0.051134,0.210136,0.315115,1.000000,0.301679,0.041307,0.305971,0.371007,-0.101260,0.177319,0.119246,0.428766,-0.066534,0.214296,-0.129339,0.098159,0.301801,0.326406,-0.072682,0.011908,0.025407,0.295807,0.133296,0.220171,0.082428,0.107543,0.062727,-0.054743,0.080431,0.050340,0.308613,0.267367,0.089462,0.149501,-0.036173,0.211664,0.297022,0.338210,0.200498,-0.020678,0.226494,0.242042,0.049008,0.348862,0.056952,0.272913,0.208435,0.250668,0.083049,0.274260,0.306812,0.049193,0.041420,0.139435,0.094269,0.341132,0.203370,0.301618,0.121399,0.161803,0.019096,0.094606,0.143250,0.178364,0.226585,-0.051476,0.048706,0.313209,-0.189748,0.215032,0.340790,-0.099548,0.153135,0.139108,0.342557,0.240343,0.256521,0.121664,0.265783,0.004352,0.134464,0.174572,0.088899,0.179745,0.085516,0.253449,0.448103,-0.067065,0.065738,0.315782,0.101113,0.227977,0.070175,0.197608,-0.059011,0.271981,0.122708,0.388821,0.291134,0.114670,0.216921,0.032000,0.094428,0.173102,0.157122,0.262949,0.133063,-0.057222,0.073953,0.110568,0.126625,0.078087,0.165683,0.147997,-0.004848,0.078605,0.176665,-0.104423,0.072616,0.208142,0.109131,0.141287,0.137225,0.352492,-0.057177,-0.135919,0.210816,0.053265,0.187229,0.032456,0.034983,0.053666,0.118990,0.147942,0.211077,0.276972,-0.124016,0.008144,0.324908,0.235169,0.110284,0.202049,-0.041844,0.317160,0.298610,0.056331,0.333669,0.213683,0.148007,0.145445,0.128717,0.205241,0.045473,0.030759,-0.032806,0.128532,0.065697,0.151173,0.169857,0.097026,0.108613,0.221055,0.353075,0.146267,0.183782,0.359760,0.130238,0.340147,0.197851,0.197983,0.218853,0.129265,0.069651,0.118607,0.179529,0.216645,0.143488,0.177387,-0.052748,0.093019,0.190807,0.152221,0.169276,0.260198,-0.021298,0.047039,0.054245,0.094484,-0.142426,0.097861,0.133175,0.287228,0.207274,0.026424,0.070422,0.339529,0.026839,0.279249,-0.048542,0.174206,#
4,0.102109,0.311499,0.030722,0.301679,1.000000,0.010318,0.242624,0.024705,0.070754,-0.070570,0.164068,0.235180,0.140511,0.263717,-0.010628,0.053759,0.207137,0.156374,0.085346,0.148224,-0.010299,0.210762,0.156465,0.200546,0.021779,0.350498,-0.178551,0.028638,0.132947,-0.164374,-0.055659,0.081714,0.155157,0.312617,-0.040219,0.035431,-0.057928,0.336238,0.026209,0.080461,0.419579,0.121915,0.143397,0.083705,0.160430,0.008833,0.170089,0.193393,0.161600,0.268515,0.095710,-0.027235,0.043035,0.107813,0.220287,0.259378,0.123682,0.141952,0.326341,0.298695,0.323491,0.324975,-0.184173,0.033078,-0.015729,-0.033378,0.289468,-0.002473,0.302186,0.067565,0.082842,0.083558,0.182466,0.179480,0.149471,-0.210397,0.005771,0.224259,-0.030612,-0.250522,0.163653,0.105353,-0.019142,0.060249,0.080326,0.137795,0.224198,0.048287,0.356437,0.277881,-0.002017,0.144484,-0.148241,0.272914,-0.029946,0.115226,0.053183,0.418638,0.363834,0.201335,0.243858,0.061607,0.062080,0.213671,0.120368,0.069319,-0.156304,0.052055,0.026210,0.146424,0.289385,-0.123924,0.261754,0.447509,0.145342,0.024842,0.141068,-0.201190,0.192325,-0.244366,-0.035533,0.242813,0.236642,0.138832,0.087859,0.179485,0.071706,0.067686,0.000835,-0.001644,0.095895,-0.001892,0.141415,-0.022316,0.030874,0.283915,0.130278,-0.461599,-0.017870,0.151818,0.230911,-0.140099,-0.122591,0.367185,0.371949,0.254294,0.177695,-0.168854,0.233022,0.196805,0.176071,-0.003732,0.145028,0.182213,0.037850,0.050394,0.086722,0.073196,0.172918,-0.016197,0.076356,0.098835,0.228996,0.344345,0.163225,0.431802,0.060243,0.037444,0.000850,0.198098,0.310387,0.012724,-0.131232,-0.209123,0.352864,0.031973,0.151302,0.068118,-0.023647,-0.015343,0.045659,0.002073,0.229814,0.043864,-0.128616,0.067516,0.198924,0.329416,0.167992,0.004386,0.165934,0.045532,0.112165,0.046622,-0.133148,0.352851,0.196896,0.345841,0.026901,0.045211,#
5,0.091554,0.140075,0.024230,0.041307,0.010318,1.000000,0.034113,0.022422,-0.090339,0.304004,0.015454,0.014261,-0.008568,-0.058911,0.062840,0.197038,0.282167,0.186638,0.176903,-0.179351,0.247852,0.253489,0.217985,0.308681,0.121607,0.174092,0.096010,0.032207,0.084976,0.022879,0.044157,0.193666,0.239971,0.080691,-0.177276,-0.143192,0.099763,-0.123298,-0.004171,0.262055,-0.035820,0.150912,-0.022357,0.322904,-0.036247,0.047895,-0.141046,0.018613,-0.050057,0.204305,0.190629,0.075830,0.009871,-0.274248,0.070544,-0.024235,-0.168451,0.299569,0.326670,0.037410,0.117445,0.083093,0.044891,-0.037924,0.110659,0.065638,0.114072,-0.035682,-0.001139,0.012423,0.240206,-0.056327,0.045902,0.308101,0.283631,0.065237,0.032968,0.181221,-0.048077,0.187341,-0.089388,0.169801,0.151406,-0.011711,-0.146260,0.070162,-0.051182,0.042017,0.267325,0.079841,-0.171967,0.164201,-0.159767,0.003906,-0.061709,-0.125480,-0.036619,-0.075914,0.145366,-0.013366,0.085207,0.237692,0.154940,0.077184,-0.079886,0.008759,-0.054094,0.155488,0.052185,0.034437,0.260301,0.014903,0.308961,-0.070710,0.069368,-0.008258,0.315380,0.292020,0.001988,0.069341,-0.125362,0.015303,-0.019060,0.131103,0.035102,0.020600,-0.084535,-0.128642,0.341360,0.238979,-0.064822,0.311304,0.202916,-0.002555,0.243689,0.020264,-0.106827,-0.210474,-0.035529,-0.053426,0.030588,0.055057,-0.092187,0.064612,0.059696,-0.172463,0.021207,0.044199,-0.075054,0.009166,0.008807,-0.081179,0.074495,0.183291,-0.107740,0.074396,0.155134,-0.041544,0.267049,-0.068282,0.003443,0.170633,0.109147,-0.118957,0.148519,-0.231817,-0.106721,0.113895,0.050794,0.208142,0.071480,0.095414,0.248743,-0.084190,-0.138575,0.072903,0.110079,0.143210,0.101526,0.052440,0.171581,0.204039,0.144983,-0.094808,0.198005,0.101490,0.041890,0.185521,0.146642,0.230647,0.226763,-0.122782,0.033979,0.012138,0.366785,0.119176,-0.047299,0.174024,-0.072324,0.067292,#
6,0.186402,0.159681,0.201996,0.305971,0.242624,0.034113,1.000000,0.147887,0.000145,-0.053060,0.162848,0.164675,-0.249854,0.180573,-0.011362,0.016046,0.148427,0.247158,0.063715,0.237868,-0.086859,0.087052,-0.024102,0.019503,-0.107478,0.033955,-0.080378,-0.229769,0.154854,-0.110063,-0.088975,0.046797,0.099989,-0.050465,-0.083630,-0.064644,-0.030417,0.053351,0.209200,0.185748,0.101865,0.078470,-0.006454,0.012153,0.037785,0.091844,0.341337,0.463497,0.149610,0.358708,-0.013204,0.103420,0.058568,0.056066,-0.053847,0.052643,0.278874,0.281129,0.260570,0.176136,0.078343,0.211001,-0.199967,0.081072,0.067703,0.239036,0.106470,0.140961,0.170048,0.152386,0.142854,0.109425,0.234491,-0.062411,0.112835,0.077327,-0.070864,0.086264,0.249116,-0.027443,0.217366,0.167509,0.204717,0.023224,0.260623,0.130299,0.096538,0.058817,0.149280,0.295364,0.163190,0.038553,-0.006030,0.165882,0.025325,0.190774,-0.044845,0.128229,0.238325,0.229980,0.222781,0.178330,0.053443,0.071293,-0.209045,0.139730,0.030399,0.124074,-0.026984,-0.065483,0.227296,0.163346,0.054293,0.079411,-0.023825,-0.030600,0.170578,0.012657,0.176419,0.124008,0.048015,0.190077,0.132577,-0.061980,0.030249,-0.138570,-0.142441,0.283150,0.151912,0.355578,0.075165,-0.125420,0.259833,-0.053105,0.330005,0.110080,-0.071377,0.194653,0.061146,0.127700,0.096376,-0.338600,0.040055,0.452149,0.048693,0.222096,0.140263,0.012796,0.245873,-0.170788,0.192342,-0.117447,0.152752,0.066092,0.131180,0.030796,-0.126431,0.102386,0.209036,-0.025744,-0.007141,0.311670,0.025334,0.011498,0.347310,0.114562,0.060099,0.204345,0.160509,0.125865,-0.036671,-0.095219,0.056649,0.066425,-0.021530,0.157326,0.143491,0.342266,0.066411,-0.078544,-0.124425,0.229609,0.016912,0.356546,0.196170,-0.013505,0.127641,0.219356,0.288596,0.301801,0.100688,-0.007144,0.168499,0.142790,0.025641,0.172327,-0.074177,0.168958,-0.029183,0.275843,#
7,0.110495,0.035109,0.223474,0.371007,0.024705,0.022422,0.147887,1.000000,-0.052811,0.307544,0.118355,0.350907,-0.051312,0.272595,0.012524,0.174117,0.011495,0.104841,0.153211,0.164383,0.058340,0.203838,0.176423,-0.019906,0.340466,0.191272,0.242655,0.238237,0.272403,-0.101026,0.143950,0.336452,0.326974,0.049024,0.058979,0.219033,0.053133,0.067354,0.114670,0.153905,-0.008493,0.170671,0.368090,0.134762,-0.082489,0.148330,0.109330,0.310004,0.213410,0.380399,0.350407,0.165306,0.120078,0.182632,0.084574,0.156984,0.118521,0.093236,0.103044,0.410805,0.100366,-0.032725,0.104867,0.178401,0.262441,-0.115169,0.054599,0.194931,0.016191,0.341474,0.162928,-0.246852,0.266496,0.178843,0.197248,0.131321,0.184676,0.224307,0.300583,0.259168,0.129249,0.118756,0.164369,0.278724,0.324215,0.232977,0.313159,-0.163069,0.165003,0.198042,0.228660,0.102277,0.122149,0.035912,0.055737,0.286705,0.024598,0.047884,0.239978,-0.099545,0.231386,0.132140,0.091865,0.102492,0.085992,0.376878,0.118519,-0.071777,0.164310,-0.005139,0.140280,0.019514,0.170756,0.043030,0.237180,0.048351,0.090683,0.207985,0.307350,0.155077,0.123389,0.230733,0.103123,0.208929,-0.020294,-0.014556,0.028058,0.223603,0.122485,-0.057777,-0.029931,-0.063668,0.002044,0.231774,0.307371,0.074989,-0.039198,0.224932,0.250854,0.311480,0.289620,0.122634,-0.032223,0.342272,0.223855,-0.030101,0.364786,0.215878,0.185491,0.091889,0.027318,0.462782,-0.135622,-0.104417,-0.165333,0.209475,0.122594,0.255050,0.106525,0.151274,0.112689,0.332224,-0.004048,0.274521,0.224290,-0.110348,0.286758,0.180674,0.304267,0.245207,0.043994,-0.058888,0.141558,0.057004,0.008484,0.055227,0.050172,0.080724,0.133599,0.078593,0.053968,0.176255,-0.013099,0.034633,0.052621,0.173287,0.241294,0.270721,-0.090801,0.137971,0.123959,0.109063,0.244331,0.273202,0.038789,0.314618,-0.022531,0.118653,0.087627,0.291010,#
8,0.093708,0.069999,-0.261724,-0.101260,0.070754,-0.090339,0.000145,-0.052811,1.000000,-0.141157,0.080224,-0.019743,-0.109543,0.106847,0.053334,0.062401,-0.112867,-0.250726,-0.120069,0.033238,0.008367,0.036441,-0.199231,-0.068882,-0.135648,0.057811,-0.175981,0.055900,-0.257001,-0.083354,-0.008407,-0.062495,-0.024512,0.148107,0.066103,0.069792,0.104235,0.014676,-0.105495,0.294087,-0.151467,-0.063380,-0.273861,-0.045373,0.207317,-0.082108,0.018972,-0.073565,-0.198492,-0.007502,-0.319254,0.004004,-0.201903,0.148382,0.208877,-0.063000,-0.162486,-0.015330,0.097118,0.100982,0.111015,-0.312234,0.074741,-0.048746,0.141994,-0.162780,0.084442,0.032270,0.066296,-0.031920,-0.216907,0.011725,0.178641,0.084507,-0.187856,-0.321285,-0.092895,-0.253986,-0.166777,-0.215518,-0.090414,0.031672,-0.011716,-0.229845,-0.003595,-0.078368,-0.140165,-0.048006,0.146962,-0.014900,-0.125349,-0.026861,-0.030618,0.057670,-0.061636,0.236952,-0.026810,0.028840,-0.102841,-0.111734,0.029834,-0.368336,-0.163563,-0.174470,0.128453,-0.102587,0.127226,-0.260016,-0.133619,-0.124550,-0.190681,-0.011694,-0.322241,-0.111806,-0.093985,0.103521,0.126108,-0.236839,-0.179393,0.038074,0.075686,-0.215500,-0.216867,-0.072223,0.117431,0.220161,-0.039062,0.227855,0.033310,-0.244648,0.038878,-0.252836,-0.119575,-0.246211,0.101832,0.019479,-0.019124,-0.018807,0.134913,0.105421,0.036946,-0.094142,-0.013573,0.053577,-0.020694,0.095757,-0.081337,0.178612,0.073756,0.115061,-0.011294,-0.066164,-0.148413,0.126764,0.077487,0.035269,-0.167883,-0.062060,-0.051116,0.129601,-0.218689,0.126335,-0.185458,-0.097550,-0.026329,0.046278,-0.050658,0.042071,-0.092112,-0.042855,0.139116,-0.430373,-0.099145,0.093315,-0.187677,0.116956,-0.165803,0.129055,0.070556,0.015928,-0.028129,-0.201915,-0.335163,0.178115,0.147913,-0.138300,-0.235857,-0.241051,0.080624,-0.141173,-0.044537,-0.030691,-0.213408,-0.118059,-0.132709,-0.036427,-0.078153,-0.354726,-0.065643,-0.047917,#
9,0.151916,0.180648,0.153478,0.177319,-0.070570,0.304004,-0.053060,0.307544,-0.141157,1.000000,0.202618,0.331938,-0.013201,-0.142629,0.070472,0.126234,0.171867,0.009444,0.206988,0.068075,0.177253,0.156665,0.183848,0.019688,0.146011,0.165406,0.169008,0.165366,0.064309,0.020808,0.249625,0.309018,0.119375,-0.014013,-0.044179,0.137564,0.018267,0.091146,0.082944,0.252436,0.048900,0.315521,-0.013796,-0.050031,-0.163357,0.330488,-0.025176,0.084781,-0.029855,-0.071520,0.260743,0.191726,0.369926,0.212393,0.041383,0.097225,0.289554,0.194558,-0.048116,0.020329,-0.071134,0.160323,0.256558,0.198690,0.158724,0.080561,-0.113936,0.069165,0.001344,-0.021321,0.082016,0.052534,0.143089,0.186937,0.135095,0.216133,0.366661,0.203203,0.310178,0.294692,-0.165988,0.180118,-0.087778,0.191174,0.011496,0.220035,0.422578,0.071391,0.063429,-0.113676,-0.140607,0.379796,-0.126389,0.086018,0.137324,-0.038408,0.280401,0.001618,-0.045618,-0.046812,0.085362,0.100688,0.322285,-0.030312,-0.090761,0.041460,-0.053202,0.179103,-0.046846,0.074641,0.337485,0.165466,0.252910,0.092281,-0.065674,0.342521,0.429535,0.157058,0.440817,-0.075506,0.206420,0.273742,0.124509,0.182217,0.113813,0.119520,0.004474,0.127946,0.093850,-0.134999,0.033662,0.256548,-0.007897,0.016983,0.095739,-0.165872,-0.049515,0.125963,-0.115956,0.175317,0.123960,0.418433,-0.126761,0.128042,0.181347,-0.306508,0.127939,0.072590,0.007786,0.129533,-0.031744,0.104731,0.116555,0.171998,-0.184585,0.265068,0.335236,0.044832,0.360052,-0.029773,0.111671,-0.037201,0.058249,0.187539,0.262239,-0.046396,0.089615,0.288705,0.355808,0.192411,0.052285,0.033915,0.287525,-0.033057,-0.131301,0.173309,0.241421,-0.017924,0.040870,0.291163,-0.072932,0.173210,0.255380,-0.126392,0.183616,0.108601,0.329796,0.240314,0.073547,0.359941,0.102073,-0.014483,0.088969,0.027868,0.380709,0.029340,-0.099941,0.084336,0.100274,0.184240,#
10,0.207208,0.413178,0.040984,0.119246,0.164068,0.015454,0.162848,0.118355,0.080224,0.202618,1.000000,0.047129,-0.044136,0.122137,0.167361,-0.139844,0.124263,0.132365,0.313626,0.180394,-0.009867,-0.049742,-0.055599,0.004336,0.091214,0.080095,0.193888,0.037229,-0.166486,0.041254,0.064035,0.080657,0.066141,-0.148192,-0.055074,0.180779,-0.183454,0.132465,0.011623,0.009612,-0.125992,-0.010116,0.241408,-0.021630,-0.161276,-0.095584,0.078623,0.055495,0.277113,0.082235,0.037443,0.180214,0.027132,0.057966,0.114537,0.168571,0.034956,0.248782,0.270526,-0.001318,0.054186,0.230772,0.074480,0.217446,0.055000,-0.038816,0.018749,-0.039130,-0.067545,-0.021491,0.012479,0.004397,0.080621,0.126756,0.003099,0.095700,0.266993,-0.122574,0.175290,-0.127183,-0.211417,0.285174,-0.054038,0.120492,-0.095417,-0.016279,0.283346,-0.032852,0.091903,0.068051,-0.063476,-0.026699,-0.022219,-0.111118,0.028902,0.153472,0.133167,-0.059717,0.170640,0.112329,0.154249,0.002550,0.046304,0.183988,0.213470,-0.102817,0.131303,0.058707,-0.036557,0.071711,-0.041821,0.081864,0.018506,-0.012499,0.077120,0.239891,0.045031,-0.106297,0.138842,-0.175797,-0.189808,-0.134925,0.152685,-0.042763,0.123586,0.018792,-0.122228,0.062191,0.085236,0.118112,0.107577,-0.069175,0.176685,-0.139033,0.145442,0.244642,0.060410,0.171895,-0.156991,0.318800,0.127809,0.086493,0.012343,0.160752,0.052721,0.039964,-0.204568,0.020095,0.123793,0.069289,-0.074945,0.045146,0.087917,0.062025,-0.033213,0.150434,0.243518,-0.067836,0.218737,0.136835,-0.002211,0.279202,0.113235,0.158982,0.166543,0.122455,0.141600,0.166496,0.164251,0.016070,0.192854,-0.113309,-0.010152,0.064361,0.038535,-0.175963,-0.071287,0.089337,0.276149,0.288098,0.210843,-0.039865,0.129573,-0.131790,0.193236,-0.243683,0.066279,0.210315,0.032210,-0.018147,0.132187,0.133958,-0.048755,0.040848,0.175293,0.118953,-0.067416,0.227581,0.243016,0.362729,#
11,0.091672,0.246150,0.266164,0.428766,0.235180,0.014261,0.164675,0.350907,-0.019743,0.331938,0.047129,1.000000,0.049046,0.087749,-0.166445,0.032974,0.223511,0.089560,-0.061660,0.008767,0.053156,0.326063,0.188504,0.188438,0.248338,0.251338,-0.090518,0.244212,-0.109847,0.126065,0.243118,0.412407,0.151200,0.345383,-0.133570,0.022146,0.080710,0.189716,0.037799,-0.045622,0.352343,0.267635,0.139626,0.242718,-0.146817,0.380939,0.161667,0.319601,0.125892,-0.085613,0.335976,0.185058,0.168176,0.267238,-0.037791,0.389125,0.329845,0.026846,0.147241,0.152865,0.024735,0.249792,0.147365,0.234031,0.384511,0.148209,0.076636,0.201592,0.034101,0.252750,0.200604,0.088130,0.136476,0.190829,0.436421,0.076102,0.179653,0.301086,0.448794,0.109108,0.184429,-0.077258,0.080271,0.194841,0.228691,0.192333,0.457860,0.202140,0.039341,0.125826,0.271594,0.288003,0.152686,0.140627,0.045781,0.184047,-0.114211,0.084275,0.215398,0.281030,0.328257,0.016434,0.113556,-0.138093,0.153972,0.290462,0.087290,-0.032690,0.250444,0.064108,0.240551,0.074011,0.307391,0.153682,-0.179893,0.420829,0.250478,0.017576,0.168828,0.287201,0.135449,0.365734,0.305530,0.198008,0.065960,0.084715,0.244703,0.342062,0.227701,0.084565,0.156960,0.251218,-0.084441,0.149096,0.036347,0.138164,-0.103008,0.122490,-0.074785,0.261688,0.055816,0.103746,-0.169993,0.334900,0.135322,-0.006857,0.406211,0.109063,0.307528,0.179262,-0.026650,0.231861,0.182544,0.002758,0.130237,-0.035362,0.149516,0.058968,0.179464,0.153810,0.070913,0.211390,0.003801,0.317397,0.262060,0.161343,0.109559,0.274658,0.455885,0.201385,0.343459,-0.043943,0.338605,0.034713,0.095084,0.357709,0.428526,0.105648,0.039383,0.040135,0.076663,0.102951,0.099737,0.105278,0.031496,0.282341,0.247471,0.004473,0.116993,0.131057,0.062687,-0.232047,0.284971,-0.358408,0.197922,0.217994,0.032364,0.130163,-0.025218,0.318797,#
12,0.066052,0.187079,0.012382,-0.066534,0.140511,-0.008568,-0.249854,-0.051312,-0.109543,-0.013201,-0.044136,0.049046,1.000000,-0.124326,0.032756,-0.061433,0.003304,-0.091024,0.167673,0.178170,0.115489,-0.201827,0.088570,-0.031693,0.014169,-0.118995,-0.038705,0.028233,0.098315,0.187572,-0.073668,-0.005324,0.165417,0.013169,0.025927,-0.056136,0.078056,-0.171277,-0.090040,0.210610,0.348079,0.085173,0.242392,-0.017564,0.014952,0.179061,-0.053290,-0.174710,0.096703,-0.080380,0.178422,-0.049992,0.014957,-0.013402,-0.122074,0.009798,-0.087059,0.015307,0.143902,0.007350,0.178035,-0.006753,-0.001276,-0.073113,0.167718,-0.178334,-0.024233,-0.161203,0.023931,-0.202849,-0.152064,0.102252,-0.087790,-0.093755,0.043113,-0.060238,0.157078,-0.026772,-0.183273,-0.137103,-0.140030,-0.261097,0.050082,0.085321,0.074945,0.300614,-0.044336,-0.014384,0.068935,0.053864,-0.134514,0.146408,-0.156297,0.135167,-0.123052,-0.258229,0.190529,0.150543,-0.085788,-0.132568,0.037097,0.003590,0.076125,0.064524,0.259046,0.052011,0.080038,-0.022991,0.041600,0.226002,0.028747,-0.249486,0.001246,0.113283,-0.029535,0.106701,-0.024530,0.203505,-0.010014,0.150231,-0.021685,0.196289,0.137659,0.010561,-0.211511,0.123575,0.118998,-0.009346,0.056590,-0.118404,-0.014197,0.149887,-0.191199,-0.126395,-0.207268,-0.006056,-0.155361,-0.013382,-0.126493,0.145265,0.080171,-0.084325,-0.248949,0.072448,-0.059704,0.001594,0.205046,-0.145329,0.146428,0.007982,0.013088,0.319395,-0.184279,-0.179320,0.005275,0.013591,0.074425,-0.216811,-0.020644,-0.027549,-0.099478,0.097097,-0.041917,0.126795,-0.161792,0.027015,0.029384,-0.347096,0.005732,0.116839,-0.085253,0.143342,0.059629,-0.138822,0.026027,-0.179191,-0.057190,-0.046973,-0.273535,0.184245,0.007220,-0.008701,0.095405,-0.027913,0.085771,0.101903,-0.139325,0.097891,-0.096664,-0.224664,0.318720,0.252227,0.041920,-0.024921,0.026263,0.025527,-0.180473,-0.075194,0.108547,-0.043587,#
13,-0.177612,0.147278,0.164112,0.214296,0.263717,-0.058911,0.180573,0.272595,0.106847,-0.142629,0.122137,0.087749,-0.124326,1.000000,0.107740,0.049917,-0.111288,-0.106057,-0.051627,0.050156,-0.089687,0.169765,0.000117,-0.028476,0.238492,0.101768,0.051684,0.105278,0.016613,-0.087834,-0.013984,-0.005085,0.150187,-0.011473,-0.189204,-0.100175,-0.134654,0.157929,-0.215960,-0.075373,-0.035917,0.101639,0.247720,0.153703,-0.008431,-0.052828,0.066305,0.165360,0.095348,0.115159,-0.054594,0.112866,0.127621,0.021421,0.099639,0.380189,0.102233,0.060790,0.149490,0.144046,0.174839,-0.087159,0.274884,-0.147778,-0.061822,-0.167680,0.256484,-0.234644,0.267253,0.226428,-0.250685,-0.223930,0.019377,0.135705,0.205622,-0.051403,0.075824,0.151394,0.081234,0.050115,0.165248,0.160024,-0.062183,0.296001,0.181787,-0.071845,0.229785,0.040597,0.117652,0.433779,0.120376,0.172048,0.251443,0.109406,-0.151421,0.329495,-0.099753,0.104573,0.249020,0.031742,0.262175,-0.066253,0.062884,0.136269,0.050978,0.243884,0.150438,0.104701,0.197116,0.005935,0.135861,0.012573,0.041795,0.069428,0.076736,-0.001054,0.011703,0.122312,0.115809,-0.025474,0.191257,0.203731,-0.141101,0.246693,-0.090100,0.100318,-0.000776,0.100353,0.295238,0.088868,0.013946,-0.102282,-0.156185,-0.033095,0.176219,0.320916,0.040068,-0.007481,0.262907,0.068161,0.065291,-0.045577,0.188007,0.085113,0.209229,0.397691,0.245706,0.213662,-0.094575,0.276284,-0.026874,0.086647,-0.078017,0.188984,0.087488,0.139386,0.033952,0.169583,0.037721,0.088310,0.120982,0.108423,0.030848,0.217298,0.274601,0.279086,-0.100501,0.032931,0.107062,0.285286,0.110122,0.106804,-0.003902,-0.044134,0.075679,0.011959,-0.159462,-0.008776,0.232100,-0.200953,0.048833,-0.008426,0.042935,0.157411,-0.185790,0.054330,0.047823,0.032556,0.037184,0.082964,-0.106144,0.152455,0.064974,-0.126332,0.002144,0.229830,0.159280,0.224553,0.142247,0.120498,#
14,0.203981,-0.040529,-0.035901,-0.129339,-0.010628,0.062840,-0.011362,0.012524,0.053334,0.070472,0.167361,-0.166445,0.032756,0.107740,1.000000,0.132198,-0.092372,0.027931,0.148850,0.259175,-0.073315,0.003771,0.217629,0.059476,0.247244,0.030782,0.010775,-0.017572,0.091011,0.058347,0.027178,-0.052285,-0.026748,-0.197057,-0.093731,0.052355,0.019831,0.123320,0.047734,0.132931,0.047539,0.151656,0.086983,-0.036029,-0.000691,0.065613,0.039391,0.087818,0.050030,-0.033075,0.229842,-0.064068,-0.174456,-0.032625,0.266211,0.038108,0.086775,0.095881,0.143609,-0.073844,0.016296,0.047990,-0.079517,0.100473,0.162426,-0.298569,0.020141,-0.100202,0.074161,-0.023998,-0.152761,0.198929,-0.236832,0.097471,-0.412181,-0.236289,-0.104078,0.004351,-0.208484,0.001370,0.063927,-0.089438,0.047681,0.267999,0.251024,0.104469,-0.165252,-0.195670,0.139882,0.148613,-0.031467,-0.086671,0.186093,0.068571,-0.002800,-0.153539,-0.027936,-0.004864,0.227773,-0.022390,-0.038555,0.070222,-0.114649,-0.089381,0.197946,0.162356,0.160017,0.368005,-0.019327,-0.099549,-0.131939,-0.088176,0.139225,-0.250162,0.098988,0.114367,-0.107149,0.115686,0.149950,0.062205,0.329614,0.050178,-0.050007,-0.089288,-0.153830,-0.063432,0.058520,-0.049375,-0.292976,0.003590,-0.117256,-0.058982,0.174784,-0.252837,-0.114332,-0.227596,0.023366,-0.045176,-0.037470,-0.064010,0.188110,0.108118,0.118736,-0.121987,-0.129717,-0.050412,-0.032659,-0.057244,-0.040924,-0.174960,-0.141741,-0.221170,-0.074254,0.166397,-0.211551,-0.095911,-0.005053,-0.042935,-0.014827,-0.416327,0.068452,-0.013186,-0.027901,-0.163295,0.018622,-0.227623,0.000863,0.127985,-0.180573,0.010225,0.147436,0.185325,0.142777,0.070195,-0.137694,-0.131472,0.233494,0.132058,0.259638,0.202447,0.023433,0.089853,-0.168064,0.067738,0.064764,0.020900,-0.055181,0.127259,-0.220395,-0.072608,0.010453,0.108414,-0.055366,0.251071,0.164746,-0.243954,-0.156215,0.139619,0.060950,0.242727,#
15,-0.066585,-0.064844,-0.069059,0.098159,0.053759,0.197038,0.016046,0.174117,0.062401,0.126234,-0.139844,0.032974,-0.061433,0.049917,0.132198,1.000000,0.105759,0.113655,0.094058,0.056343,-0.189884,-0.090377,0.052355,-0.037445,0.025186,0.264963,0.090223,-0.011444,0.008970,-0.250185,-0.007929,0.240993,0.094524,0.185902,0.045224,0.058795,0.254257,0.093458,0.095005,0.051243,0.259557,0.087580,-0.029515,0.067771,0.160229,0.005957,0.007748,0.116893,-0.016899,-0.062660,0.174102,0.247585,0.160356,-0.074347,0.067863,0.071585,-0.204230,0.178406,0.105682,0.156986,0.064959,0.028734,0.035442,-0.070826,-0.073291,-0.042411,0.270228,0.237882,-0.068156,0.049706,-0.044620,0.292846,0.032832,0.018761,0.187295,0.198436,-0.026261,0.387692,0.176447,-0.034437,0.148009,0.203107,-0.092955,0.000103,0.035060,-0.041603,0.114329,-0.190000,0.230608,-0.076276,-0.106483,-0.110424,0.071102,0.113972,0.066261,0.211148,-0.172129,-0.035793,0.329164,-0.201959,0.177216,-0.056019,0.323909,0.139734,-0.016296,0.027529,0.028493,0.100625,0.102509,0.114531,0.008356,0.061238,-0.047960,-0.201666,0.373132,0.220205,0.222477,0.182323,0.194864,0.102652,0.172075,0.278927,0.076977,0.279407,-0.035313,0.006308,0.075776,-0.087449,0.124436,-0.133442,-0.184642,0.172229,0.127319,0.268378,0.108550,0.153201,-0.104955,-0.188108,0.173918,-0.107875,-0.053641,0.021008,0.324018,0.135309,-0.072065,0.032907,0.265075,-0.034947,-0.027179,0.110642,0.168721,-0.143752,0.007515,0.410030,-0.290185,0.280706,-0.081838,0.224909,0.077832,-0.208115,-0.113350,0.082736,-0.021634,0.054364,0.033931,-0.034631,0.133883,-0.032171,0.261747,0.194684,0.003736,-0.091219,-0.007181,-0.066719,-0.041271,-0.126419,-0.039762,0.160639,-0.138281,-0.028562,-0.052843,0.238375,-0.187000,0.058286,0.015080,0.178522,-0.139015,0.019058,-0.099710,-0.076036,-0.140736,0.099736,-0.037024,0.362341,0.008413,0.048418,-0.118377,0.044388,-0.164956,0.215963,#
16,0.251080,0.070459,0.141967,0.301801,0.207137,0.282167,0.148427,0.011495,-0.112867,0.171867,0.124263,0.223511,0.003304,-0.111288,-0.092372,0.105759,1.000000,0.239022,0.041713,-0.213963,0.355728,0.044247,0.532171,0.284798,0.215386,0.346796,0.054468,-0.112469,-0.028587,-0.201723,0.195103,0.266024,-0.132364,0.197006,-0.242075,0.119940,0.189480,0.142578,-0.089246,0.237617,0.180682,0.333399,0.034002,-0.005433,0.093103,0.142084,0.101155,0.131804,0.248797,0.002855,0.009870,0.211723,0.210648,-0.224920,0.185643,0.090652,-0.146839,0.172152,0.246234,0.038080,-0.006292,0.271887,0.065515,0.065364,0.214244,-0.020611,0.363217,0.080072,-0.220871,0.246591,0.260657,0.172857,0.242490,0.026530,0.335021,0.414107,0.019984,0.140900,0.207042,0.051437,0.017755,0.171555,-0.016308,0.000402,-0.074721,0.216820,0.349550,0.146307,0.224858,-0.043065,0.153556,0.015954,-0.122593,0.089724,0.060659,0.096872,0.021280,-0.110413,0.361011,0.214365,0.161318,0.149705,-0.031229,0.293174,0.277194,0.026397,0.168073,-0.208578,-0.085976,0.179784,0.175066,0.196522,0.174006,0.171259,0.077186,0.238076,0.216053,0.078169,-0.024476,-0.043229,-0.059406,-0.056541,0.465575,0.167614,-0.056255,0.025266,0.080591,0.032999,0.150665,0.081746,0.032666,0.502678,0.265773,-0.083204,0.157512,0.174989,-0.061972,-0.057269,0.061529,0.241543,-0.103521,-0.030045,-0.234052,0.346594,0.136685,0.018055,0.029614,-0.082279,0.077212,-0.022281,0.184286,-0.046906,0.303781,0.056985,-0.121635,0.277213,0.035398,-0.051224,0.108276,0.236158,-0.057650,0.226796,0.082250,0.128252,0.042902,0.062109,0.318834,0.244246,0.159489,-0.124801,0.060527,-0.133808,0.078146,-0.178224,0.090104,0.258931,0.179820,-0.119480,0.048423,0.040616,-0.036348,0.066859,0.116820,-0.240756,-0.008485,0.058289,0.211895,0.145470,0.028337,0.034942,0.067721,-0.067238,-0.125577,-0.013870,0.296016,0.067629,0.029580,0.214383,-0.075738,0.015614,#
17,0.337280,0.114092,0.059158,0.326406,0.156374,0.186638,0.247158,0.104841,-0.250726,0.009444,0.132365,0.089560,-0.091024,-0.106057,0.027931,0.113655,0.239022,1.000000,0.001967,0.228803,0.202256,0.227497,0.239495,0.357299,0.181125,0.118111,0.015115,0.004160,0.191133,0.102883,0.020067,0.413228,0.389445,0.065763,-0.162183,0.050147,0.113172,0.492695,0.196660,-0.142960,0.107798,0.125260,0.105786,0.284098,-0.085597,0.061023,0.163485,0.099811,0.545507,0.190952,0.134790,-0.004743,-0.013601,-0.008730,0.110109,0.235005,0.145427,0.396548,0.175021,0.338909,0.127891,0.082159,-0.091875,0.198156,0.075839,0.208829,0.232574,0.259209,0.107601,0.338687,0.397741,0.085520,0.272129,0.249362,0.182086,0.247153,0.384960,0.387337,0.091857,0.131789,-0.001495,0.215830,0.360543,0.080775,0.177737,0.057288,0.129818,0.053532,0.371289,0.003285,0.064669,-0.000212,0.007841,0.047239,0.065463,0.105563,0.153510,0.291697,0.262169,0.221071,0.251769,0.069782,-0.110581,0.159006,0.076927,0.153901,0.124413,0.342003,-0.153978,-0.193543,0.095143,-0.141343,0.197909,0.115374,0.009318,0.127524,0.311833,0.106427,0.177443,0.236981,0.053731,0.015131,0.008812,0.238238,0.389069,0.034542,0.302037,0.036146,-0.061210,-0.018338,-0.168565,0.229357,0.459621,0.313438,0.026714,0.181040,0.331510,-0.128130,0.218881,0.274884,0.150394,0.104319,0.014343,0.119787,0.252755,0.037764,-0.046256,0.056071,0.216897,-0.037853,0.096987,-0.093606,0.111285,0.157349,-0.051620,0.135440,0.016226,0.209851,0.394381,0.108353,0.202407,0.251867,0.107919,-0.082998,0.229899,0.126048,-0.016001,0.172225,-0.013346,0.183086,0.444914,0.006139,-0.041347,0.313817,0.179726,0.014440,0.230926,0.111377,0.100384,0.136184,0.032083,0.519477,-0.015491,-0.253677,0.006762,0.180526,0.281010,0.239676,0.276926,0.058432,0.037018,0.172285,0.054549,0.141840,0.388330,0.289529,0.235042,0.133644,0.091653,0.181265,#
18,0.149247,0.090659,0.060718,-0.072682,0.085346,0.176903,0.063715,0.153211,-0.120069,0.206988,0.313626,-0.061660,0.167673,-0.051627,0.148850,0.094058,0.041713,0.001967,1.000000,0.264311,0.020663,0.015274,-0.184695,0.218102,0.143271,0.154265,0.171943,0.117864,0.114531,-0.057993,0.081078,0.216034,0.227890,-0.146578,-0.048838,0.160110,-0.147414,-0.078652,-0.048771,0.053219,0.109193,0.052759,0.096039,-0.043695,-0.104710,0.059036,-0.123339,-0.022801,0.030628,0.061491,0.129426,-0.145951,0.132232,0.221910,0.115236,-0.090270,-0.004948,0.220926,0.185919,-0.013481,-0.001879,0.160839,0.031048,0.231139,-0.148976,0.217341,0.180178,0.006423,0.089450,-0.151174,-0.065005,0.082881,-0.006405,0.282970,-0.113680,-0.146412,0.103769,0.080607,0.168480,0.175565,0.206759,-0.089409,0.114976,0.094729,-0.037213,-0.129195,0.228377,-0.185422,0.045085,-0.017266,-0.010422,0.113984,0.098871,-0.084153,0.207671,-0.077338,0.196322,-0.003252,0.165021,0.123746,0.058184,0.302556,0.326432,0.138786,0.109511,0.170104,0.009213,0.076570,0.012002,0.247659,0.105648,0.258263,-0.052485,0.002842,0.105318,-0.173262,0.052125,0.160460,0.394389,0.003744,-0.107415,0.122022,-0.035510,-0.023782,-0.088158,0.091438,-0.148761,0.080900,0.150479,0.060721,0.064580,0.115004,0.068092,-0.036785,0.261108,0.007455,0.090238,0.234489,0.034899,0.261065,0.286773,-0.064658,-0.192712,0.085303,0.231643,0.060372,-0.020111,-0.151569,0.045945,-0.059457,-0.066435,0.026582,0.337969,-0.042945,-0.156771,0.271170,0.192477,0.173545,0.023118,-0.125143,-0.016009,0.002380,0.069100,0.176601,0.076531,-0.081986,0.217458,0.061208,0.145908,0.142670,-0.114746,-0.022025,0.067750,-0.051923,0.137316,-0.168149,-0.007239,0.281468,0.353743,0.391713,0.016956,0.234630,0.045179,-0.158591,0.280644,0.143660,0.114056,0.360090,0.149717,0.010578,0.274128,0.201681,0.118560,0.194259,0.089808,0.105860,0.078735,0.135618,0.167520,0.282410,#
19,0.312407,-0.030653,0.191124,0.011908,0.148224,-0.179351,0.237868,0.164383,0.033238,0.068075,0.180394,0.008767,0.178170,0.050156,0.259175,0.056343,-0.213963,0.228803,0.264311,1.000000,-0.107362,0.111103,0.060258,0.075255,0.090105,0.035931,0.083259,-0.043150,0.093826,0.260425,-0.177146,-0.016685,0.181517,-0.190207,0.269632,0.075813,-0.105842,0.136099,0.333320,0.014202,0.055100,0.044979,0.012130,-0.100592,-0.073446,0.057567,0.123368,0.209834,0.203149,0.163395,-0.073116,0.067260,-0.021042,0.321359,0.031582,0.022484,0.056637,0.149640,0.019780,0.116402,0.023749,-0.071518,-0.093286,-0.044563,-0.112867,0.090979,0.017033,0.007607,0.217913,0.077246,0.116547,0.136083,0.030500,-0.033693,-0.044776,-0.042866,0.102680,0.110317,0.004853,-0.184374,0.140684,0.039096,0.166952,0.058041,0.164351,0.086669,0.105602,-0.131603,0.185324,0.050815,-0.071665,0.119834,0.044196,0.028024,0.201651,-0.048813,0.143306,0.288189,0.117752,0.110216,0.050716,0.092982,0.018685,0.073580,0.077013,0.147179,0.136303,0.369403,-0.036739,-0.144788,0.004183,-0.044086,0.258529,0.067506,0.163972,0.132473,0.050032,0.102613,0.318958,-0.053436,0.206732,0.252971,-0.203500,0.023891,0.171202,0.147053,0.100490,0.067240,-0.177472,-0.126907,0.001093,-0.061630,0.093278,-0.088500,-0.212109,0.082499,0.233508,-0.012819,-0.046831,0.234806,0.245804,0.095638,-0.011636,0.158661,0.250338,0.113083,0.093664,0.257477,0.202827,-0.039888,0.072080,0.055547,0.079236,0.238302,-0.202185,0.075150,0.082586,0.022525,0.052369,-0.216667,0.105442,0.032501,0.224058,-0.055281,0.180309,0.040082,-0.046703,-0.053281,-0.084371,-0.003414,0.295932,-0.092629,0.069748,-0.118761,-0.003842,-0.182635,0.191829,0.199082,0.045806,0.211702,0.034663,0.284493,-0.160835,0.080744,0.010434,0.110860,0.055539,0.093232,0.189599,-0.056186,-0.003648,0.213674,0.092760,0.262107,-0.052561,-0.049848,0.071571,0.110729,0.256854,0.306591,#
20,0.174468,-0.084041,0.091344,0.025407,-0.010299,0.247852,-0.086859,0.058340,0.008367,0.177253,-0.009867,0.053156,0.115489,-0.089687,-0.073315,-0.189884,0.355728,0.202256,0.020663,-0.107362,1.000000,0.109035,0.107970,0.333760,0.133384,0.234655,0.005054,0.223419,-0.024257,0.042955,0.158365,0.162113,0.142957,0.058004,0.009512,0.095893,0.081739,0.176481,-0.194991,0.149861,0.062508,0.369251,0.042522,-0.165812,0.050844,0.319755,0.030883,0.031747,0.327086,0.069352,-0.102098,0.207769,0.144170,0.067019,0.059482,-0.162122,0.061868,0.144401,0.164908,0.125622,-0.057797,-0.121193,0.187439,0.158281,0.325562,-0.220915,0.274035,-0.072145,0.060013,0.091795,0.103279,0.039207,0.553832,0.267972,0.087801,0.311120,0.204437,0.083143,-0.237324,0.287651,-0.178808,-0.138181,0.334920,0.044830,-0.002036,0.195540,0.218377,0.107405,0.238226,0.183968,0.065479,0.343767,0.003986,0.047603,0.087955,-0.097783,0.118695,0.032114,-0.087500,0.011411,0.040113,-0.031787,-0.063982,0.105098,0.014270,-0.008742,0.128711,-0.027357,-0.145808,0.150109,0.350070,-0.007591,0.076437,0.331065,-0.144773,0.076598,0.334579,0.073293,-0.043346,-0.024101,-0.060141,-0.078618,0.004286,0.244778,0.145921,0.163741,0.264444,0.431167,0.138365,0.007997,-0.030365,0.229731,0.183847,-0.182143,0.087257,0.052645,-0.029076,0.252623,0.251805,0.258476,0.016413,0.076833,-0.370068,0.065495,0.188221,-0.123642,-0.060924,-0.083833,0.023193,0.083153,-0.054524,0.211430,0.074781,-0.239144,0.167599,0.229717,-0.031195,-0.213296,0.098662,0.263705,0.154816,0.157601,-0.058985,-0.198508,0.271804,0.013259,-0.118190,0.043293,0.064183,-0.054662,0.151247,-0.017186,-0.042801,0.143944,-0.037725,0.349605,0.035067,-0.063266,0.258980,0.180115,0.011730,0.075456,0.018463,-0.137071,0.002341,-0.036609,0.174638,-0.016752,0.126350,0.066211,0.215584,0.134796,-0.048597,-0.045591,0.257232,0.146125,0.173566,0.176919,0.010890,-0.026468,#
