0,1.000000,0.280206,0.133361,-0.124526,0.047633,0.146422,0.398271,0.029900,0.076121,0.193727,0.304108,0.128086,0.051954,0.191196,0.130012,0.242432,0.288546,0.229105,0.154712,0.306150,0.062054,0.020127,0.161950,0.377344,0.145666,-0.111948,-0.036356,-0.045605,-0.031707,0.241276,0.070441,0.325787,0.106991,0.176772,0.383460,0.143583,-0.046079,-0.018616,0.299843,0.146207,0.225644,0.044571,0.296708,-0.284267,0.248051,0.010472,0.178552,0.156532,0.385748,0.264849,0.101775,0.427727,0.179683,0.101895,0.264531,0.220502,0.077806,0.223979,0.142345,0.079506,0.157178,0.355175,0.258792,0.136658,0.229724,0.201366,0.310786,0.160672,0.141773,0.037460,0.135690,0.126729,0.063860,0.286624,0.183834,0.199418,0.270546,0.133050,0.213792,0.135478,0.172301,0.054836,0.136558,0.128756,0.237589,0.308185,0.212830,0.362485,0.223405,0.067250,0.045101,0.012318,0.071811,-0.080207,0.019761,0.077725,0.253304,0.142156,0.202214,0.360539,0.078272,0.107310,0.275604,0.263203,0.004941,0.244948,0.008224,0.150735,0.370772,-0.072487,-0.019851,0.333285,0.108445,0.161371,0.291853,0.242094,0.143242,0.027085,0.220479,0.317777,0.059317,0.205816,0.378764,0.181113,0.354928,0.253049,0.205437,-0.009797,0.136934,0.278044,-0.018577,0.210219,0.102120,0.125996,0.258039,0.186555,0.091879,0.023704,-0.064552,0.305354,0.101000,0.020496,-0.012480,0.203396,0.172339,-0.240072,0.222628,0.148349,0.096201,-0.078131,0.107517,0.272632,0.197970,-0.028749,0.019068,0.152458,0.180757,0.377065,0.271504,0.210915,0.337902,0.267024,0.224448,0.131764,0.152286,0.329857,0.237877,0.099983,0.363750,0.102944,0.106641,0.220983,0.176631,0.304424,0.229765,0.171984,0.365632,0.295774,0.300823,0.072830,0.037456,0.162487,0.319710,0.051933,0.181169,0.009349,-0.083378,0.226306,0.203079,-0.052855,-0.161156,0.131721,0.042599,0.326156,0.236570,0.345362,0.101187,0.245774,-0.089866,0.157185,#
1,0.280206,1.000000,-0.151278,-0.023761,-0.056299,-0.110007,-0.044671,0.106984,0.229592,0.242820,0.209234,0.146191,0.124079,-0.201107,0.081134,0.080135,0.104811,0.007035,0.102352,0.155889,-0.171625,0.094746,0.200251,0.100664,0.166207,-0.042666,-0.184905,0.096293,0.024335,-0.080897,0.124605,0.090847,-0.147711,0.082222,-0.103842,-0.120526,0.233069,-0.007847,0.226928,0.050960,-0.018404,-0.001453,0.128186,-0.113281,-0.023413,-0.078996,0.163714,0.183842,0.086435,0.346666,0.008629,0.164159,-0.081915,-0.075997,0.140906,-0.145195,0.028531,0.007521,-0.201238,0.057262,0.081843,0.135445,0.091806,-0.074215,-0.025584,0.199668,0.148182,0.088252,0.151825,0.182441,0.193733,0.184810,0.274946,-0.075883,0.171316,0.062114,0.203094,0.003650,0.256561,-0.177679,0.003533,-0.024954,-0.134536,0.164650,0.201704,0.049581,0.180538,0.280602,0.204727,0.019997,0.029798,0.069161,-0.168140,0.084867,0.062165,0.240321,0.081027,0.050302,0.046727,-0.123257,0.186678,-0.071223,-0.102708,0.012706,-0.104930,0.222276,0.078421,0.188415,0.236314,0.160265,-0.017637,0.027581,-0.007394,0.253448,0.028069,0.333672,0.046325,-0.065050,0.067220,-0.083197,-0.043737,0.168026,0.141274,0.011999,0.267385,0.123341,-0.000915,0.030615,0.110412,0.077411,-0.203971,0.119772,-0.012563,-0.098476,-0.000478,0.153053,-0.030345,0.155113,-0.026079,0.083247,0.302957,-0.104158,0.018570,0.126300,0.118539,-0.112401,-0.046369,0.090707,-0.027492,-0.228779,0.006825,0.175024,0.171295,-0.108316,0.283425,0.107624,0.260391,0.217486,-0.069283,0.022610,0.115016,0.280528,-0.017539,0.157200,-0.057508,0.173052,0.154403,-0.070097,0.024456,0.148605,-0.191773,0.015960,0.059229,0.239567,-0.000543,0.207152,0.178006,-0.001506,0.017839,-0.055495,0.047103,-0.053373,0.256395,-0.070260,-0.111052,-0.004479,-0.097610,0.014919,0.382764,0.047864,0.154171,0.235855,0.026280,-0.020490,0.170709,-0.125354,0.128019,0.392914,0.029284,0.247824,#
2,0.133361,-0.151278,1.000000,-0.057868,0.227146,-0.018906,0.134967,0.083349,0.067103,0.182066,-0.188635,-0.035750,0.022067,0.312538,0.188038,0.025170,-0.105875,0.018661,0.056725,0.174400,0.219212,-0.008746,0.133651,0.280834,-0.017477,0.014361,0.140821,0.009461,0.071336,0.171032,0.085535,-0.001332,0.180642,-0.061108,0.174841,-0.120392,0.010775,0.095562,0.195156,0.107028,-0.169385,-0.033072,0.182549,-0.048638,0.033111,0.186820,0.126994,-0.096821,-0.183022,0.113382,0.110450,0.143678,0.085651,0.159450,0.164135,0.197258,0.237033,-0.079782,0.135217,0.062166,0.495223,0.222784,0.096381,-0.023421,0.047238,0.122195,-0.195558,0.128799,0.140069,0.140520,0.234614,0.111445,-0.158560,0.206695,0.304763,0.014750,0.031598,-0.031956,0.032135,0.185428,0.042821,0.113004,0.293653,-0.087429,0.289197,0.071704,-0.042548,0.235193,-0.047046,-0.088224,0.153000,-0.136274,0.253121,0.021216,0.087436,0.017481,0.254556,-0.081617,0.054384,-0.030132,0.240914,0.085616,0.078550,0.114174,-0.137544,0.300864,0.235316,0.152753,0.003292,-0.197052,0.080141,0.009161,0.259418,-0.051905,0.068925,-0.063234,0.030792,0.235327,0.013976,0.026956,-0.085470,-0.169100,-0.007654,0.393435,0.099716,-0.180954,0.093046,0.003950,0.165214,0.171969,0.085690,0.067698,0.235145,0.261267,0.222098,-0.075449,0.224714,0.137162,0.241094,0.144603,-0.215272,0.234176,-0.223480,-0.024475,0.042028,-0.015787,0.108879,0.025184,-0.086774,0.273938,0.029762,0.138068,0.116207,0.221709,-0.077898,0.116310,-0.104940,0.077989,0.211177,0.019815,-0.156395,0.115168,0.049497,0.130767,-0.181736,0.099935,-0.165052,-0.149384,0.036850,0.140144,-0.042744,0.037841,0.331851,0.126086,0.216264,0.269763,-0.064363,-0.150288,0.182973,-0.078892,-0.099949,0.271847,-0.058964,0.171447,-0.075665,0.080647,0.103873,0.016911,0.083430,-0.001407,-0.050838,0.125412,0.282570,0.305255,-0.060518,-0.059697,0.037168,-0.027447,-0.005574,0.129844,#
3,-0.124526,-0.023761,-0.057868,1.000000,0.284617,-0.098678,-0.019043,0.105905,0.196685,0.170173,0.031456,0.205204,-0.011635,0.099804,0.056957,-0.144289,0.081716,-0.077405,0.274085,0.149928,0.079040,0.267183,0.149195,-0.017089,0.061492,0.138986,0.230664,0.047397,-0.163689,0.332444,0.192088,0.103836,0.106302,0.104910,0.148661,0.077934,0.034481,0.216665,0.239335,0.248421,-0.069861,0.188229,0.178115,0.225501,0.154846,0.265914,-0.034524,0.098715,-0.103019,-0.188800,0.106496,-0.148575,0.097632,-0.060540,-0.099433,0.359783,0.225153,0.188457,0.160986,0.141944,0.260943,-0.046516,0.066267,0.121596,0.295559,-0.043709,-0.160144,-0.051758,-0.292632,0.217277,0.084464,0.240163,0.238876,-0.086868,0.099553,0.107130,0.052750,0.074988,0.011462,0.157888,-0.009665,0.110085,0.137421,0.028116,0.155069,0.168144,0.086450,0.117598,-0.073365,-0.079630,0.332364,0.116173,-0.049377,0.120233,0.096040,0.107768,-0.048934,0.185180,-0.033101,-0.136249,-0.079177,0.086095,0.044872,-0.117668,0.425356,0.158562,-0.085318,-0.041155,0.199971,0.112537,0.020515,-0.146110,0.111486,0.060213,0.024302,0.208395,-0.045443,-0.051004,0.275545,0.000599,-0.001552,0.281357,0.229690,-0.163062,-0.029980,0.089282,0.062849,0.284235,0.271291,-0.145374,0.142991,0.225085,0.070691,0.128297,0.043862,0.180292,-0.013076,-0.118253,-0.068595,0.089401,-0.263068,0.279217,0.298275,0.031660,-0.030520,0.275398,0.107704,0.594631,0.107832,0.273008,0.043068,-0.013255,0.027156,0.089660,0.227117,-0.072679,-0.118583,-0.015377,0.257062,0.147238,-0.197594,0.026573,-0.152354,0.180491,0.012351,0.250420,0.190465,-0.163726,0.021734,0.222385,0.025920,-0.002279,0.133861,0.230293,-0.059154,0.186362,-0.021209,0.076612,-0.014506,0.192763,0.040707,0.113765,-0.030103,-0.014224,0.053907,0.108874,0.134309,-0.102825,0.134341,0.468407,0.216143,0.184135,-0.027830,0.095840,0.109722,0.186760,0.034620,0.095258,0.049790,0.177970,#
4,0.047633,-0.056299,0.227146,0.284617,1.000000,0.138723,0.080385,0.158022,0.214546,0.440026,0.007803,0.297171,0.247847,0.147581,0.175106,0.109256,0.210315,0.024227,0.291988,0.411029,0.367056,0.282307,0.207311,0.289443,-0.134678,0.158641,0.129540,-0.113577,0.194321,0.111712,0.259955,0.330754,0.456941,0.288749,0.178990,0.200678,0.291072,0.095833,0.379232,0.075830,0.106318,-0.016105,0.100914,0.195101,0.200902,0.300007,0.205840,0.193732,0.057450,-0.025022,0.046187,0.048642,0.402386,0.099361,0.204693,0.069589,0.202540,0.198741,0.296051,0.381864,0.175678,0.268341,0.413768,-0.001628,0.300853,0.216396,-0.088112,0.258743,0.020054,0.116158,0.343683,0.251681,0.239851,0.165072,0.321433,0.146383,0.082111,0.221300,0.262615,0.383469,0.038446,0.261698,0.109699,-0.004134,0.179780,0.223687,0.095937,0.118368,0.181720,-0.168845,0.299881,0.081362,0.186567,0.006303,0.258272,0.205939,0.188701,0.198666,0.154803,0.173092,0.275500,0.273747,0.171791,0.120995,0.164167,0.273354,0.190470,0.104619,0.201017,0.369599,0.132364,0.123810,0.308170,0.312386,0.015317,0.146887,0.271376,0.178931,0.081239,0.166892,-0.088332,0.254270,0.275718,0.129301,0.062585,0.116273,0.248795,0.342230,0.510040,0.358160,0.137500,0.078027,0.247836,0.363859,0.327148,0.193624,0.020730,-0.077944,0.066481,-0.087778,-0.169193,0.177593,0.206971,0.124833,0.150213,0.017801,0.336426,0.031543,0.003659,0.402656,0.065429,0.161649,0.216086,0.289644,0.250057,0.151157,0.251607,0.162885,0.090077,0.339514,0.018515,0.240966,0.304555,0.093956,-0.097493,0.084727,-0.005867,0.067552,0.133227,0.262713,0.217760,0.257442,0.365308,0.270377,0.279009,0.309984,0.254387,0.169578,0.179942,0.123897,-0.052842,0.115805,-0.105879,0.081344,0.303142,0.325076,-0.033644,0.124906,0.168510,0.378286,0.036885,-0.046787,0.105682,0.365859,-0.005703,0.204986,0.279367,-0.039385,0.403751,0.215419,#
5,0.146422,-0.110007,-0.018906,-0.098678,0.138723,1.000000,-0.073406,0.127273,0.025607,0.110835,0.237689,0.041449,-0.003377,-0.157250,0.121281,0.280072,0.188379,0.196290,-0.223360,0.322624,0.057031,-0.077947,0.158368,0.328582,0.158806,-0.001907,0.369469,0.041855,0.138923,0.146443,0.341531,0.333730,0.267448,0.232279,0.054905,0.113641,-0.018585,-0.022084,0.177171,0.047196,0.229127,0.015697,-0.069530,0.176305,0.217064,0.341890,0.278956,0.249760,0.125845,-0.022601,0.109983,0.014509,0.076587,0.254100,-0.235138,0.291494,0.303350,0.089840,0.381381,0.252665,0.080781,0.442453,0.231162,0.191466,0.187745,0.178610,-0.181353,0.345411,0.170414,-0.197255,0.120350,0.204884,0.239291,0.023236,0.042396,0.310520,0.233638,0.427528,0.083401,0.222993,0.466189,0.092358,0.031506,0.177552,-0.036876,0.137362,0.282465,0.381030,0.238408,-0.046469,0.054710,0.178546,0.404812,0.248044,0.011437,0.020307,0.087263,0.373622,0.386228,0.276767,0.155186,0.308416,0.090306,0.251273,0.151686,0.237386,0.225574,0.134178,0.053015,0.217267,-0.059607,0.320274,0.071356,0.041761,0.123674,0.071209,0.228106,-0.101884,0.104865,0.182479,0.020614,0.154239,0.217508,0.214544,-0.031518,0.102095,0.293766,0.156459,0.036621,0.112127,0.292075,0.304102,0.303534,0.296185,0.072766,0.215104,0.172382,0.070840,0.121412,0.014020,0.077501,-0.083988,0.175011,0.241891,0.210065,-0.115708,-0.060991,0.104303,0.237122,0.010039,0.155391,-0.066978,-0.002123,0.133542,-0.033418,0.081923,0.428619,0.267979,0.204252,0.216962,0.110178,0.288775,0.092165,0.067751,0.204927,0.164302,-0.234706,0.293766,0.213432,0.200135,0.272158,0.155879,-0.023457,0.244765,0.196952,0.130499,0.139415,0.146512,0.220540,0.226758,0.387878,0.137662,0.252398,0.027143,0.366628,0.162333,0.086851,0.145559,0.002810,0.150283,-0.014954,0.109051,0.020873,0.200720,-0.179516,0.223133,0.164954,0.046242,0.170760,0.206620,#
6,0.398271,-0.044671,0.134967,-0.019043,0.080385,-0.073406,1.000000,-0.118450,-0.084005,-0.037416,0.105984,-0.031733,0.226135,0.172415,-0.002040,-0.082225,0.173975,0.117490,0.094451,0.107433,0.378056,0.013757,-0.070397,0.169371,-0.024022,-0.055525,-0.010534,-0.152087,-0.022751,0.109509,0.150307,-0.018030,0.074546,0.110575,0.225179,0.178949,-0.020801,-0.036687,0.217997,0.190891,-0.084374,0.025299,0.107539,-0.117495,0.248869,0.114618,0.073076,-0.227890,0.309175,0.210908,0.023969,0.392763,0.217679,-0.087767,0.135105,0.101192,0.214003,0.162438,0.244826,0.062529,0.220245,-0.068479,0.001800,0.156727,0.428368,-0.064345,0.302801,-0.138437,-0.073672,0.011399,0.103524,0.148688,-0.032645,0.294052,0.097218,0.165183,0.040322,-0.114253,0.046859,0.051335,0.076761,0.070459,0.208812,-0.041996,-0.233400,0.197916,0.064040,-0.043440,0.072301,-0.040819,-0.009205,-0.004473,-0.223353,-0.209802,0.038730,-0.052978,0.359776,0.090797,-0.013786,0.164517,0.141546,0.082377,0.339058,-0.063155,-0.002811,-0.021581,0.047483,-0.084126,0.008497,-0.130560,-0.107524,0.000477,-0.133347,-0.037869,0.292129,-0.151007,0.371559,0.184072,0.152393,0.064610,0.240631,0.096965,0.067731,0.130861,0.308021,0.290669,0.051636,0.065179,0.073565,0.129975,-0.024911,0.188685,0.201032,0.027767,0.086395,0.153575,0.018316,-0.011623,0.134326,-0.040882,0.213336,0.025083,-0.135662,0.056632,0.108924,0.036765,0.000192,0.133920,-0.090971,0.076729,0.082907,0.196587,-0.031916,-0.245736,-0.069973,-0.062513,0.051753,0.260518,0.294876,0.025084,0.116618,0.051603,-0.006492,0.288178,0.010179,0.183019,0.161493,-0.083348,0.269494,0.034403,0.296378,-0.013826,-0.046633,0.119903,0.172835,0.005201,0.027757,0.108200,0.042451,0.008148,0.111018,-0.136539,0.276941,0.155572,0.015216,-0.031126,-0.214788,0.169926,-0.140149,0.127464,-0.305306,0.140272,-0.179603,0.298302,0.104586,-0.024381,-0.047838,0.101982,0.185599,-0.055143,#
7,0.029900,0.106984,0.083349,0.105905,0.158022,0.127273,-0.118450,1.000000,0.430321,0.310838,0.102203,-0.013035,0.171090,0.105796,0.272911,-0.083159,0.314516,0.066392,0.225591,0.163734,0.091600,0.300499,0.194799,0.369385,0.352761,0.276039,0.153407,0.125481,0.089530,0.005473,0.043302,0.162836,0.113574,0.153891,0.047639,0.055925,0.167585,0.060606,0.341843,-0.008212,-0.102901,-0.039079,0.081113,0.259038,0.187146,0.258141,0.261282,0.131559,-0.183328,0.089484,0.153884,-0.170583,0.027083,0.263512,0.082054,0.232734,-0.013518,0.196953,-0.048706,0.141058,0.070399,0.294391,0.047799,-0.013835,0.132000,0.180330,-0.074804,0.289816,0.190809,0.359469,0.282108,-0.040071,0.484399,0.127307,0.337028,0.127847,0.148945,0.126004,0.387566,0.198034,0.259977,0.237173,-0.004927,0.076355,0.165436,0.094645,0.291785,0.253602,0.143109,0.191826,0.108693,0.037417,0.239688,0.116672,0.275309,-0.002065,0.230566,0.364953,0.172163,0.151549,0.201051,0.156615,0.048923,0.170960,0.136674,0.333433,0.151195,0.075368,0.115813,0.056727,0.381936,-0.040760,0.285604,0.116867,0.274353,0.109830,0.187457,-0.226604,0.156978,0.242648,0.164139,0.155204,0.139423,0.401387,0.227465,0.083142,0.196754,0.197113,0.185076,-0.026513,0.160795,0.101319,0.210433,-0.028190,0.178920,0.341813,0.031701,0.049639,0.040629,0.142355,0.209994,0.452208,0.203880,0.169335,0.162437,0.302793,0.236148,0.159821,0.257140,0.225808,-0.090310,0.074012,0.347123,0.219502,0.097687,0.400552,0.071243,0.202579,0.071994,0.145623,0.242284,0.047183,0.338583,0.055027,0.133827,0.230901,0.196340,0.033058,0.080540,0.098476,0.336712,0.304475,0.186230,0.265591,0.178163,0.255516,0.193576,0.016641,0.158123,0.097070,0.298131,0.136554,-0.077115,-0.081237,0.128781,0.267604,0.102071,0.031192,0.272920,0.251973,0.244634,0.059910,-0.071935,0.190792,0.094671,0.143603,0.093753,0.331179,0.155898,0.077216,#
8,0.076121,0.229592,0.067103,0.196685,0.214546,0.025607,-0.084005,0.430321,1.000000,0.363459,0.013882,0.164338,0.038541,0.068262,0.216434,0.116802,0.212687,0.034551,0.082389,0.210195,0.053381,0.284597,0.156494,0.226178,-0.054948,0.238434,0.165200,0.222899,-0.118375,0.102035,0.023247,-0.009590,0.207862,0.201892,-0.091875,0.057214,0.232935,0.060461,0.247987,0.378838,0.011486,0.186404,0.230661,0.090265,0.029135,0.043909,-0.102535,0.242893,-0.078901,0.229039,0.068407,0.038768,0.083007,0.208157,0.001780,0.245339,-0.116545,0.204309,-0.090345,0.175508,0.308951,0.106531,0.208838,0.004254,0.055344,0.344968,-0.021069,0.297511,0.122241,0.373611,0.161429,0.204000,0.278227,0.291264,0.022487,0.112703,-0.049040,0.120287,0.301133,0.280386,0.037148,0.050828,-0.074600,0.268330,0.028910,0.233311,0.021394,0.141946,-0.053063,0.157307,0.126133,0.085156,0.056264,0.186546,0.273919,0.112521,-0.010119,0.201795,0.110571,-0.076506,0.195355,0.128538,0.037820,0.295394,0.042294,0.328187,0.394381,0.306391,0.192621,0.073248,0.316379,0.142586,0.284884,0.129504,0.337771,0.290538,0.301279,-0.010460,0.098086,0.152032,0.174847,-0.025828,0.440895,0.114540,0.130872,0.327245,0.239525,0.061136,0.395721,0.031905,0.068610,0.089097,0.249811,0.325019,0.461621,0.143559,-0.181011,0.030918,-0.208165,0.297923,-0.097820,0.156065,0.089222,0.314573,0.216204,0.061321,0.309092,0.264313,-0.040854,0.109859,-0.137601,0.081655,0.067314,0.196151,0.310226,0.145668,0.014203,0.241093,0.071065,0.280571,-0.001952,0.106368,0.241904,0.323480,0.096885,0.106068,0.089696,-0.004398,0.140131,0.332374,0.178769,0.303619,0.275412,0.367229,0.381315,0.232236,0.018344,-0.040942,0.365081,0.104225,0.199483,0.115595,-0.339370,0.030303,0.321025,0.142858,-0.015678,0.081841,0.466236,0.323098,0.058534,0.112791,0.190706,0.085498,-0.176074,0.257079,0.051489,0.210238,0.082635,0.323927,#
9,0.193727,0.242820,0.182066,0.170173,0.440026,0.110835,-0.037416,0.310838,0.363459,1.000000,0.009297,0.231740,0.247549,0.043369,0.315081,0.116838,0.252097,0.092046,0.328782,0.385926,0.367155,0.258616,0.466959,0.529587,0.043772,0.219947,0.228348,0.224232,0.157803,0.172489,0.157337,0.188563,0.195954,0.376778,0.364198,0.251767,0.207058,0.106156,0.363074,0.150603,0.185873,0.073554,0.232763,0.159279,0.276575,0.057600,0.303986,0.115601,-0.192566,0.088641,-0.009997,0.013175,0.162830,0.301494,0.137464,0.235047,0.074998,0.281114,0.316124,0.319276,0.197534,0.212834,0.361672,0.134489,0.228377,0.426160,0.144147,0.450301,0.211156,0.296776,0.446526,0.138650,0.299584,0.143719,0.261181,0.086475,0.050854,0.303952,0.388568,0.281615,-0.132734,0.178732,0.003713,0.202344,0.402817,0.214212,0.182443,0.413844,0.068486,-0.168821,0.185340,0.282784,0.261454,0.181420,0.223150,0.094938,0.285688,0.444627,0.425515,0.054736,0.148466,0.274787,0.235937,0.180966,0.204024,0.398986,0.232065,0.014024,0.338241,0.371751,0.262980,0.408872,0.472979,0.247044,0.056552,0.295800,0.336865,-0.071850,0.070139,0.111783,0.256625,0.063573,0.424700,0.324394,0.281535,0.136486,0.299626,0.046185,0.450524,0.288223,0.290799,0.153289,0.358120,0.492489,0.318265,0.279471,0.075959,-0.031197,0.072423,0.346639,-0.055019,0.409243,0.200894,0.252530,0.022186,0.075978,0.312267,0.074449,0.117119,0.136298,0.096954,0.073381,0.149135,0.167472,0.378269,0.249150,0.218798,0.291470,0.425230,0.220157,0.090823,0.228797,0.232531,0.256501,0.267743,0.203038,0.016182,0.148845,0.286723,0.223307,0.371829,0.449335,0.200212,0.272919,0.251659,0.421870,0.076219,0.203322,0.491080,0.251106,0.205366,0.127618,0.117776,0.146390,0.156947,0.466498,-0.160278,0.095732,0.543435,0.210690,0.135389,0.271996,0.112084,0.159963,0.058463,0.088334,0.048917,0.291973,0.097389,0.158256,#
10,0.304108,0.209234,-0.188635,0.031456,0.007803,0.237689,0.105984,0.102203,0.013882,0.009297,1.000000,0.010900,-0.251967,-0.031078,-0.083708,0.212274,0.193086,-0.042827,-0.039050,0.058806,-0.005812,-0.109679,0.101093,0.237389,-0.092158,-0.023139,0.000762,0.263642,-0.152214,0.180775,0.063207,0.138891,0.102310,0.206279,0.204520,-0.029835,-0.024276,0.128833,0.084180,-0.086241,0.196688,0.006890,-0.142602,0.008650,0.338288,0.140469,0.254239,0.274876,0.321267,0.406080,-0.208722,0.015468,0.194187,-0.016866,0.022853,0.205952,0.100607,0.112791,-0.070420,0.098712,0.096153,0.179462,0.338711,0.365860,0.234719,0.061060,0.009507,-0.204104,-0.040075,0.054395,-0.056327,0.203899,0.179628,0.099091,0.026689,0.176545,0.150309,0.210422,0.176508,0.021099,0.240104,0.140263,-0.034654,0.139284,-0.009443,0.108312,0.100460,0.337577,-0.005930,0.181867,0.120378,0.252310,0.060693,0.164576,0.188518,0.183185,-0.094831,0.153562,0.365133,0.302915,0.220491,0.172967,0.074222,0.270471,0.365250,-0.064389,0.042850,0.075809,0.163814,0.177583,-0.276070,0.091724,-0.100712,0.021205,0.058531,0.301027,0.155330,-0.145876,0.277945,0.075438,0.091106,0.303314,-0.029427,0.108456,-0.160056,0.309558,0.302581,0.251714,0.102786,-0.172466,-0.219082,-0.052053,0.079047,-0.009080,0.251731,0.174090,0.098700,-0.038401,-0.015110,0.063769,0.294395,-0.169980,-0.000339,0.094201,-0.199646,-0.119633,0.062007,0.086139,0.148620,0.004263,0.144807,0.051922,0.363855,0.189487,-0.113591,0.150674,0.296552,0.241672,0.205511,0.107476,0.210560,0.187582,0.129347,0.046387,-0.123019,0.265000,0.169404,0.275716,0.447624,0.173144,0.053326,0.033634,-0.063820,0.148285,0.137062,0.069087,0.282569,0.190007,0.068632,0.362572,0.067721,-0.116710,0.232698,-0.073193,0.043232,0.027759,0.005185,0.111399,0.029540,0.154253,0.102385,0.129367,-0.075605,0.032044,0.226290,0.066531,-0.019696,0.306865,0.141597,0.070133,#
11,0.128086,0.146191,-0.035750,0.205204,0.297171,0.041449,-0.031733,-0.013035,0.164338,0.231740,0.010900,1.000000,0.212612,-0.092344,0.050198,0.053243,0.050840,0.171557,0.275416,0.156914,0.061685,0.065120,0.093847,-0.041901,0.000349,0.015084,-0.214622,0.121187,0.013881,0.061487,0.177267,0.128530,0.127693,0.271160,0.192141,-0.022762,0.249432,0.087442,0.100291,0.364472,0.004982,0.130000,0.049362,0.034153,0.111852,0.184903,0.472895,-0.040560,0.055680,0.210120,0.071416,0.015877,0.345323,0.149136,0.165604,0.117296,0.123234,0.209806,0.052059,0.102522,-0.030280,0.136488,0.245559,-0.008442,0.234574,0.177419,0.133381,0.112845,0.121471,0.166403,0.245941,0.078557,-0.095424,0.049452,0.169642,-0.106349,0.174678,0.233421,0.127852,-0.049162,0.109424,0.026670,-0.078019,-0.008289,0.131890,0.108926,0.047130,-0.084786,0.237748,-0.082147,0.068721,0.356929,0.181878,-0.128404,0.223800,0.381906,0.022929,0.135609,-0.017200,-0.021155,-0.045351,0.132971,0.076674,0.116743,0.314328,0.310359,0.058448,0.189837,0.143888,0.260192,0.183276,0.115109,0.245034,0.020318,-0.120557,0.123236,-0.028793,0.277556,0.046426,0.121318,-0.015604,0.157540,0.180970,0.070498,0.024806,0.129034,0.054297,-0.061648,0.270805,0.236709,0.086812,0.184554,0.152099,0.243291,0.089191,0.101723,0.171877,-0.139089,-0.076220,0.183474,0.209038,0.015041,0.255204,0.235082,0.318504,-0.098922,0.101966,0.213669,-0.019524,0.164399,-0.066384,-0.097631,0.209690,0.275149,0.205317,0.073604,0.080675,0.200530,0.132355,-0.001384,-0.183500,0.131953,0.116540,-0.089042,0.202045,-0.069830,0.107071,-0.043342,0.309714,0.183446,0.106410,0.214502,0.101416,0.213519,-0.072887,0.202180,0.043910,0.066199,0.064923,0.356309,0.042928,-0.026550,0.061582,0.047059,0.272203,0.077642,-0.070768,0.260986,0.335839,0.127856,0.356022,-0.061244,0.225579,0.149342,0.100318,0.066858,0.033421,0.190087,-0.025785,0.133808,#
12,0.051954,0.124079,0.022067,-0.011635,0.247847,-0.003377,0.226135,0.171090,0.038541,0.247549,-0.251967,0.212612,1.000000,0.111341,0.249485,-0.060455,0.325401,0.180441,0.118845,0.281432,0.205732,0.184923,0.294880,0.199532,0.022390,0.015364,0.006085,-0.028819,0.315067,-0.111532,0.164698,0.054375,0.277060,0.213392,0.132507,0.162303,0.273489,-0.016202,0.155403,0.297570,-0.231853,-0.016218,0.023610,0.347014,-0.032968,0.168880,0.098272,-0.082467,-0.008644,0.038446,0.176470,0.082740,0.099901,0.032833,0.125791,-0.054177,0.086449,0.125635,0.270911,0.030440,-0.107002,0.293386,-0.043916,-0.045397,0.243640,0.089151,0.058796,0.048838,0.166987,0.139049,0.275568,0.011893,0.157244,-0.010731,0.288769,0.211397,0.195538,0.052853,0.084657,0.043810,0.097780,0.099774,0.220717,0.087149,-0.108168,0.112258,0.042822,-0.007971,0.314511,-0.075778,0.005802,0.176941,-0.147659,-0.164705,0.037053,0.338243,0.370533,0.279077,-0.010607,-0.057884,0.035552,0.201137,0.086506,0.219320,0.093504,0.293907,0.112462,-0.006803,0.223285,0.156093,0.218159,-0.024932,0.170151,0.067995,0.201910,0.090976,0.254031,0.122534,0.015236,0.040052,0.117980,0.059544,0.191152,0.313872,0.300880,0.097181,0.097864,-0.173436,0.041843,0.197877,0.038510,0.237727,0.047729,0.135675,-0.046517,-0.000809,0.025731,0.252848,0.155636,-0.060408,0.144072,0.311730,0.174789,0.048879,0.310636,0.222220,0.197727,0.037104,0.086649,0.253953,-0.053018,0.264133,0.054745,-0.027896,0.212579,0.236081,0.202467,0.097276,0.190201,0.118918,0.086102,0.271980,0.280076,0.098796,0.290008,0.088832,0.062118,0.085426,-0.024124,0.003010,0.253632,0.273318,0.077103,0.341583,0.076609,0.101415,0.015216,0.231807,0.076973,-0.141358,-0.003354,0.173981,0.136801,0.179992,-0.122430,0.372338,-0.191974,0.400554,0.098838,0.033004,-0.002227,-0.040211,0.030027,0.134134,0.073765,0.046202,-0.018617,0.169170,0.140177,-0.207875,#
13,0.191196,-0.201107,0.312538,0.099804,0.147581,-0.157250,0.172415,0.105796,0.068262,0.043369,-0.031078,-0.092344,0.111341,1.000000,-0.029207,0.067468,0.228093,0.148281,0.202270,-0.017552,0.116542,0.255755,0.402356,0.342852,-0.055234,0.099904,0.014460,0.145829,0.228348,0.118558,-0.041151,0.090307,0.306942,0.081250,0.115647,0.078924,0.065124,0.155932,0.263511,0.092802,0.112361,0.113817,0.171954,0.045979,0.260500,0.113437,-0.079107,0.153368,0.162031,0.205173,-0.043118,0.221283,0.210251,0.147753,0.220615,0.150099,0.012661,0.007427,0.046044,0.068658,0.137873,0.100051,0.049839,0.027115,0.227399,0.007158,0.057719,-0.050143,0.205023,0.116600,0.034819,0.120763,-0.196696,0.246840,0.340992,0.232734,-0.062695,0.053310,0.177354,0.237865,-0.096648,0.025926,0.341865,-0.071964,0.034906,-0.048412,-0.049156,0.012249,0.202126,0.208226,0.206286,0.024327,0.174070,0.057505,0.160013,-0.063606,0.180016,0.037876,0.033547,0.306764,0.184189,0.101044,-0.129282,0.375483,0.011361,0.354066,0.014582,-0.023565,0.111144,-0.004262,0.217575,0.185727,0.106166,0.185758,0.215803,0.112529,0.001265,0.333514,0.162449,0.204173,-0.055474,0.065660,-0.045496,-0.055823,0.029834,-0.089405,0.048418,-0.127447,0.098368,0.115145,-0.054526,0.104081,0.059968,0.048626,0.312332,0.125335,-0.195194,-0.047173,0.240378,0.125849,-0.157043,0.178380,0.168266,0.007870,-0.179044,0.089470,0.272429,0.101046,-0.000036,0.172519,-0.189954,0.172258,0.058444,0.051940,0.186363,0.238275,-0.146199,0.018346,0.244637,0.035215,0.185285,0.062088,0.170050,0.110484,-0.070380,0.231562,0.125252,0.098842,0.141341,0.009543,0.099960,0.142219,0.129303,0.159802,0.245964,0.095936,0.025762,0.361076,0.128981,0.045182,-0.055225,0.127637,-0.001476,0.077609,-0.070764,0.028929,0.055867,0.184324,-0.028797,-0.056633,0.216556,0.015867,0.223068,0.208888,0.113940,-0.012681,0.090400,0.187248,0.044161,0.019726,#
14,0.130012,0.081134,0.188038,0.056957,0.175106,0.121281,-0.002040,0.272911,0.216434,0.315081,-0.083708,0.050198,0.249485,-0.029207,1.000000,0.302426,0.150333,-0.066526,0.073172,0.074422,0.175684,0.151266,0.001816,0.195324,0.196034,-0.119183,0.076330,0.097591,0.309166,0.116992,0.242010,0.267626,0.174095,0.147566,0.138841,0.025031,0.083304,0.140588,0.281430,0.122297,-0.267263,-0.017302,0.178764,0.264775,0.192663,0.097955,0.017314,0.021877,-0.220029,0.009075,0.058071,-0.079322,0.075280,0.265409,0.078166,0.037071,0.120104,0.120624,0.145557,0.078002,0.184871,0.211003,0.096335,0.225523,-0.059290,0.148986,-0.143562,0.269914,0.046032,0.251068,0.298901,0.209472,0.283463,0.051576,0.229676,0.072325,0.453468,0.145867,0.126471,0.075171,0.249841,0.355570,0.151925,0.422421,0.228967,0.109028,0.180881,0.466090,0.134543,0.007424,-0.000695,-0.089893,0.169943,0.188347,-0.017601,0.187935,0.384589,0.205911,0.326380,-0.075391,0.090895,0.257016,0.223224,-0.056123,0.156334,0.096767,0.091880,0.023993,-0.146238,0.131877,0.166282,0.085922,0.229657,0.155746,0.153549,0.245883,0.300277,0.028828,0.091279,0.015050,0.172214,0.051019,0.333263,0.298702,0.268887,-0.017169,0.059522,0.333421,0.160161,0.315607,0.104748,0.106639,0.140978,0.308553,0.222869,0.269955,-0.162889,0.158541,0.149007,0.193901,-0.052925,0.115100,-0.011171,0.223609,0.099148,0.236246,0.119625,0.155170,0.193163,0.101715,0.126257,-0.151148,0.120113,0.076460,0.246732,0.181508,0.100833,0.214443,0.036726,0.110631,-0.085092,0.036489,0.185976,0.213819,0.051994,0.238608,0.163133,-0.008161,0.095566,0.265528,0.214723,0.165247,0.179598,0.341381,0.084242,0.440586,0.142118,0.153301,0.205986,-0.087402,0.386407,0.338725,-0.045653,-0.058372,-0.024301,0.110993,-0.083676,-0.152891,0.073560,0.234073,-0.245034,0.011939,0.264399,0.310691,0.165700,0.066461,0.144826,0.082408,0.094505,-0.034050,#
15,0.242432,0.080135,0.025170,-0.144289,0.109256,0.280072,-0.082225,-0.083159,0.116802,0.116838,0.212274,0.053243,-0.060455,0.067468,0.302426,1.000000,0.067668,0.110462,-0.039712,0.160772,0.043897,0.019359,0.053792,0.236361,-0.040370,0.008525,-0.100491,0.091409,0.114086,0.342547,0.117303,0.146618,0.059355,0.095602,-0.037774,0.208371,0.211731,0.107173,0.211608,0.049230,-0.090558,-0.006011,0.152278,0.067041,0.234654,0.137777,0.099025,0.301911,0.032644,0.101438,-0.201079,0.379191,-0.065332,0.008795,0.192858,-0.121487,0.164018,-0.163826,-0.083484,0.088658,0.288079,0.229681,0.206013,0.253356,-0.014858,0.264554,-0.014850,0.019700,0.140676,-0.132357,0.143647,-0.042081,-0.087795,0.158246,-0.000653,0.105829,0.099653,0.312985,0.104267,-0.061625,0.336867,0.168557,-0.129689,0.237629,0.203740,-0.010066,-0.062445,0.303298,-0.017609,-0.171377,0.051763,-0.123258,0.195151,0.071044,-0.125014,0.137233,0.110697,0.042227,0.106553,0.079557,0.162656,0.065936,0.203852,0.113202,-0.059384,0.189918,0.368256,0.132423,-0.021183,0.216680,-0.217731,0.215092,0.111694,0.110154,-0.128669,0.044073,0.126399,0.212587,0.000380,0.075329,-0.002991,-0.040855,0.160906,0.040224,-0.114924,0.013220,0.268969,0.014289,0.214870,0.340963,-0.186161,-0.159670,0.005782,0.172702,0.144203,-0.080144,-0.223093,-0.190461,-0.028142,0.012826,-0.035654,-0.152785,-0.088861,-0.027122,0.064667,-0.163644,0.108586,-0.004482,-0.008055,-0.148008,0.239879,-0.094653,0.318537,0.086509,-0.033402,0.148820,0.202835,0.187704,-0.038673,0.176516,0.025233,0.096158,0.358804,-0.138750,0.115025,0.050741,0.244025,0.292746,0.197463,0.032411,-0.080709,0.187486,-0.168106,0.283113,-0.057976,0.287246,0.029506,0.141641,0.265120,0.073138,0.126841,0.059330,0.129955,0.261136,0.120628,-0.024996,-0.366110,0.180008,-0.052434,0.142908,-0.120001,0.138343,0.213767,0.169628,0.033719,0.141114,0.284297,0.224841,0.163266,0.253250,#
16,0.288546,0.104811,-0.105875,0.081716,0.210315,0.188379,0.173975,0.314516,0.212687,0.252097,0.193086,0.050840,0.325401,0.228093,0.150333,0.067668,1.000000,0.154193,-0.007617,0.251426,0.440829,0.286611,0.072429,0.219202,0.151697,0.183627,0.277621,-0.043327,0.038289,0.130354,0.119736,0.301412,0.380413,0.480831,0.121014,0.129959,0.271573,0.010498,0.408253,0.192127,0.003043,0.270946,0.147829,0.126523,0.168533,0.199163,0.112507,-0.022082,0.137476,0.157355,0.066291,0.100730,0.150340,0.330746,0.264061,0.149719,-0.176903,0.203766,0.297439,0.209291,0.016574,0.274675,0.167657,-0.020920,0.137967,0.276544,-0.101085,0.236837,0.407241,0.238895,0.170718,-0.075424,0.247973,0.247414,0.297478,0.207279,0.151821,0.333008,0.282840,0.317457,0.332007,0.071058,0.159037,0.187733,0.077162,0.183285,0.411861,0.148321,0.234461,0.242027,0.236720,0.037953,0.130918,0.093808,0.245167,0.230380,0.100872,0.303044,0.332934,0.204775,-0.087308,0.182200,0.181284,0.396635,0.150944,0.405499,0.138737,0.017707,0.346364,0.271675,0.316149,0.227458,0.328617,-0.033324,0.476624,0.378894,0.264694,-0.012439,0.207630,0.155671,0.241220,0.380924,0.207217,0.236498,0.397666,0.395998,0.309284,0.008817,0.136954,0.160991,0.212677,0.170396,0.112797,0.141080,0.290661,0.177435,-0.028275,-0.146973,0.024287,0.178858,0.085716,0.251959,0.127212,0.204536,0.279271,0.101260,0.212828,0.119025,0.235625,0.405053,-0.020420,0.027031,0.227982,0.131916,0.222073,0.351860,0.296882,0.208640,0.262470,0.413689,0.081539,0.343053,0.273569,0.112485,0.122713,0.364052,0.279009,0.248187,0.362905,-0.071794,0.334621,0.414817,0.240594,0.172867,0.064818,-0.078297,0.150824,0.376953,0.430644,-0.010074,-0.020650,0.132100,0.227382,0.062934,0.238211,0.457277,0.006077,0.328729,0.146165,0.156251,0.194879,0.002179,0.198544,0.193322,0.160744,0.209986,0.126272,-0.013803,0.195704,0.085492,#
17,0.229105,0.007035,0.018661,-0.077405,0.024227,0.196290,0.117490,0.066392,0.034551,0.092046,-0.042827,0.171557,0.180441,0.148281,-0.066526,0.110462,0.154193,1.000000,-0.022565,0.169409,0.200847,0.008072,0.167869,0.277529,0.358376,0.178489,0.095410,0.015912,-0.039631,0.099035,0.101394,0.012025,-0.115810,0.062577,0.151405,0.337427,0.018404,-0.028522,0.345709,0.066813,0.145590,0.273902,0.188687,0.027837,0.051251,0.077702,-0.034750,0.333729,0.117120,0.204113,0.109188,0.084700,0.206148,-0.032240,0.096172,0.195567,0.069015,-0.026046,0.233301,0.020477,0.091808,0.195353,-0.091034,-0.024021,0.024277,0.325715,0.067599,0.276807,-0.066574,-0.017058,0.176499,-0.000717,-0.167623,0.006543,0.057922,0.106654,0.063577,0.141180,0.236625,0.150038,0.240724,-0.006203,0.013583,0.039916,-0.094086,0.131769,0.228240,-0.010635,0.176399,-0.013499,0.092312,-0.008474,0.125319,0.071069,-0.061991,0.118806,0.189401,0.139064,-0.145049,0.029217,0.176672,-0.197115,0.101919,0.145767,-0.078863,0.095998,0.210750,0.150260,0.050286,0.174219,0.170637,0.262492,-0.219961,0.194832,0.194823,-0.104933,-0.064932,0.127663,-0.042715,0.113334,0.066999,0.076678,0.055675,0.089047,0.095472,0.338088,0.335050,-0.221942,0.104944,0.184395,0.353536,0.166433,0.162165,0.029718,-0.103230,0.292229,-0.176410,0.013145,0.265826,0.238079,0.030334,0.249715,0.382196,0.084927,0.163274,-0.139459,0.206940,0.202814,0.123024,-0.135792,0.093510,-0.214574,0.023081,-0.000777,0.192061,0.308726,0.279443,0.109787,0.172695,0.015943,0.022855,0.114194,0.381601,0.010476,0.147736,0.166656,-0.107511,0.099534,0.134029,-0.012250,0.396018,0.019338,0.067971,0.184851,0.139222,-0.045426,0.013736,0.128593,0.261257,0.339354,0.005632,0.229607,0.115879,0.204699,0.257711,0.089837,-0.056102,0.396708,0.038367,-0.069569,0.010093,0.024136,0.034122,0.174508,0.097564,0.328800,-0.097640,0.325117,-0.014700,0.040094,#
18,0.154712,0.102352,0.056725,0.274085,0.291988,-0.223360,0.094451,0.225591,0.082389,0.328782,-0.039050,0.275416,0.118845,0.202270,0.073172,-0.039712,-0.007617,-0.022565,1.000000,0.271273,0.052627,0.229498,0.243039,0.098275,0.168069,0.107834,-0.161175,0.127083,-0.063293,0.132068,-0.108068,0.067574,0.097551,0.231837,0.206368,0.186599,0.148179,0.166959,0.085930,0.077133,0.084559,-0.217976,-0.019777,0.070633,0.320275,-0.017864,0.287242,0.106595,-0.104655,-0.073639,-0.092802,0.067972,0.307940,0.052231,0.066730,0.114700,0.049282,0.220441,0.067161,0.219140,0.224474,-0.026637,0.172392,-0.126692,0.258602,0.079754,0.033119,0.096414,-0.225468,0.095047,0.277727,0.010208,0.187926,0.232772,0.246625,-0.001059,0.246441,0.098048,0.283853,0.147666,-0.121795,0.022517,0.158589,0.076642,0.188136,-0.022204,0.003347,0.066702,-0.040519,-0.046800,0.200933,0.074537,-0.071799,-0.026469,0.320759,-0.058293,0.150666,0.116036,0.007939,0.237316,0.267865,0.162553,0.078149,0.087465,0.139528,0.287949,-0.109565,-0.119325,0.145841,0.016049,0.118906,0.015264,0.278813,0.230837,-0.091410,-0.027155,-0.024759,-0.019818,-0.048609,0.104035,0.079432,0.226894,0.222478,-0.102103,0.139243,-0.033169,0.023907,0.081342,0.396620,0.036667,-0.117485,0.171519,0.023321,0.156645,0.160314,0.252208,0.064115,0.108624,-0.018634,-0.042866,-0.031097,0.203496,0.103391,0.248635,0.011799,0.284171,0.262925,-0.050201,0.082866,0.140465,-0.056585,0.362468,0.153695,0.058219,-0.024295,0.172212,-0.045135,0.352049,0.137625,0.204065,0.093599,-0.047688,0.174989,0.073425,0.134281,0.310006,0.178729,-0.013273,0.032379,0.114642,0.130721,0.334908,0.228031,-0.027761,-0.026426,-0.001934,0.023365,0.237340,-0.163096,0.258783,0.071598,0.095642,-0.057462,0.138279,0.019497,0.082188,0.196409,-0.098155,0.085211,0.121787,0.221763,0.058363,-0.078801,0.313873,0.297928,0.113793,-0.070456,0.231591,0.167918,0.029305,#
19,0.306150,0.155889,0.174400,0.149928,0.411029,0.322624,0.107433,0.163734,0.210195,0.385926,0.058806,0.156914,0.281432,-0.017552,0.074422,0.160772,0.251426,0.169409,0.271273,1.000000,0.066673,0.195905,0.235177,0.311115,0.108280,-0.059742,0.291606,-0.083345,0.082827,0.256642,0.193093,0.119062,0.117055,0.135695,0.060235,0.073114,0.239363,-0.012255,0.356810,0.290857,0.113631,-0.042128,0.069623,0.051246,0.175424,0.149595,0.318811,0.199637,0.275415,-0.023272,-0.124836,0.124626,0.079820,0.223592,0.112267,0.044670,0.156928,0.035476,0.199940,0.139219,0.287080,0.354110,0.290163,0.114011,0.251606,0.269729,-0.113915,0.361847,0.054337,-0.010023,0.297475,0.135543,0.245830,0.177662,0.239759,0.222603,0.133750,0.151690,0.402165,0.168572,0.087330,-0.053149,0.104632,0.114591,0.063420,0.192784,0.053522,0.398821,0.184704,-0.189058,0.235582,0.006947,0.245608,-0.033225,0.076901,0.099886,0.220209,0.168997,0.094665,0.203902,0.246878,0.220969,0.137967,0.196467,0.027892,0.355636,0.273814,0.135056,0.257315,-0.001344,-0.008273,0.190411,0.237094,0.168881,0.112541,0.095924,0.332345,0.034773,0.068256,-0.080189,-0.102481,0.266361,0.336456,0.105538,0.361579,0.174488,0.412870,0.133626,0.300122,0.187968,0.138860,0.201097,0.138842,0.206887,0.242533,0.124759,0.184710,0.044333,0.010676,0.146287,-0.065047,0.076046,0.088183,0.053192,0.236836,0.079749,0.214095,0.029691,0.230949,0.263863,0.132090,0.207172,0.124123,0.022122,0.076518,0.354253,0.121111,0.437356,0.344272,0.405468,0.182190,0.246521,0.161952,-0.008420,0.247810,0.332913,0.010409,0.162019,0.175129,0.063228,0.166845,0.281687,0.276441,0.350661,0.288679,0.188349,0.185277,0.389941,0.141967,0.228487,-0.051508,0.381247,0.088694,0.296984,0.478514,0.177103,-0.001787,0.089870,0.256927,0.129635,0.147960,0.206536,0.051635,0.401485,-0.040071,0.440402,-0.010371,0.159889,0.247371,0.116566,#
20,0.062054,-0.171625,0.219212,0.079040,0.367056,0.057031,0.378056,0.091600,0.053381,0.367155,-0.005812,0.061685,0.205732,0.116542,0.175684,0.043897,0.440829,0.200847,0.052627,0.066673,1.000000,0.156469,0.069668,0.170783,-0.013496,0.207459,0.186104,-0.179406,0.084727,0.118585,0.117850,0.186543,0.215575,0.392676,0.263075,0.420201,0.268004,0.047479,0.468522,0.223436,-0.078184,0.218788,-0.032471,0.067596,0.220624,0.114274,0.233126,-0.189891,-0.079276,0.116424,0.002560,0.098645,0.249978,0.266241,0.229614,0.127022,0.104898,0.233244,0.266689,0.220639,0.250634,0.069859,0.221233,0.006343,0.249556,0.193961,0.047175,0.091600,0.101614,0.286444,0.393009,0.062099,-0.029033,0.140773,0.310478,0.084263,0.105752,0.095972,0.149431,0.163572,0.119073,0.338415,0.126363,0.096077,-0.011999,0.104609,0.154945,0.087619,0.002260,0.016760,0.253451,0.111308,0.181492,0.103607,0.344339,-0.070176,0.171154,0.277985,0.230535,0.023103,0.086548,0.072873,0.295250,0.086831,0.185123,0.100057,0.217842,0.039836,-0.024692,0.319599,0.172041,0.118225,0.081156,-0.022956,0.257005,0.042310,0.316803,0.193968,0.048103,0.176798,0.342098,0.150475,0.164838,0.407773,0.120266,0.324766,0.341957,0.064135,0.396445,0.269705,0.390497,0.120967,0.218627,0.294665,0.182655,0.202985,-0.044059,-0.105221,0.233858,0.154896,-0.057627,0.333178,0.055363,0.121481,0.096211,0.078563,0.161647,0.069291,0.020876,0.370305,0.215808,0.023267,0.175590,0.272030,0.065444,0.161377,0.144421,0.068909,0.333541,0.273243,-0.131200,0.212139,0.244487,0.207637,0.181407,-0.062696,0.048421,0.020217,0.314339,-0.015197,0.354339,0.180705,0.328261,0.034197,0.046461,0.096352,-0.086728,0.113605,0.423835,0.136378,0.214446,0.054467,0.083553,0.198801,0.019921,0.226125,-0.056797,0.240542,0.102755,0.148079,-0.171422,-0.075043,0.153406,0.417469,0.030651,-0.178800,-0.031787,0.094400,0.223568,0.112004,#
