0,1.000000,0.056093,-0.069908,0.149157,0.120318,-0.020846,-0.032115,-0.161448,0.050975,-0.104594,-0.050953,-0.090098,0.039416,-0.307307,0.127783,0.231061,0.336400,0.208789,0.215586,0.203134,-0.019483,-0.110650,0.230404,0.290665,-0.003550,-0.007922,0.129319,-0.221790,-0.180476,-0.002266,-0.066096,0.112139,-0.010464,0.011305,0.129989,0.096835,0.130372,-0.035654,0.021661,-0.005430,-0.025783,0.037749,0.298904,-0.026512,-0.060436,-0.024545,-0.046300,0.254046,-0.038839,0.211776,-0.039089,0.000986,0.040082,0.104207,0.137981,-0.101766,0.283316,0.129773,-0.053923,-0.019568,0.046495,0.188860,0.131516,-0.040109,-0.175723,-0.191579,-0.119530,0.055918,0.050997,0.188398,-0.066259,-0.153634,0.075391,0.162121,0.019795,-0.313225,0.187267,0.220365,0.108771,-0.168567,-0.200886,-0.190352,0.045521,0.154189,0.165939,0.036267,0.207825,-0.088173,0.177923,0.314141,0.159603,-0.064149,0.134243,-0.149571,-0.036853,0.308676,0.046036,-0.213240,-0.050398,0.110517,0.089672,0.079142,-0.124241,0.141151,0.056352,0.115724,0.239634,0.191250,0.192730,-0.048071,0.008451,-0.026253,-0.071074,-0.067559,0.112705,0.120465,-0.085005,-0.135242,-0.017920,-0.134837,0.154295,-0.122931,0.175369,0.077790,0.284866,0.152385,0.082657,-0.167842,-0.106100,0.157085,0.131300,-0.164767,-0.183666,-0.239066,-0.084721,0.152380,0.044322,0.060645,-0.254852,-0.009584,0.258932,0.106682,-0.017455,0.048600,0.002614,-0.000406,-0.011487,-0.210480,0.096879,0.103804,-0.292036,0.103780,-0.094594,-0.043701,0.013802,0.173092,0.232262,0.067768,-0.071074,-0.028288,0.186310,0.157595,-0.146323,-0.191670,-0.102095,0.273592,-0.121725,0.199575,0.227221,0.010764,-0.201617,-0.213867,0.212762,-0.053957,-0.214352,0.131412,0.071531,0.013087,0.044056,-0.127329,0.030956,0.119815,-0.012966,0.005911,-0.102922,-0.140344,0.094445,0.334570,0.150511,-0.206728,-0.015854,0.290293,-0.117713,-0.047304,0.220004,0.195443,-0.097166,-0.070716,0.007196,0.061422,#
1,0.056093,1.000000,0.150083,-0.120024,-0.005666,0.083926,0.435170,0.229639,0.199051,-0.026566,0.124966,0.172245,0.110236,-0.032239,-0.135737,0.012138,0.113302,0.003862,-0.154354,0.014016,0.046708,0.125341,-0.027394,-0.199562,0.056380,-0.088240,0.010114,0.001791,-0.461941,0.080492,0.121436,-0.143332,-0.098037,0.145877,-0.229424,0.157437,-0.017580,-0.107031,0.097282,0.080222,0.012338,-0.155661,0.270851,0.038458,0.080524,0.003054,0.331748,-0.132533,0.257106,-0.094969,0.046470,-0.159599,0.300567,0.303934,0.077310,0.142788,-0.074434,-0.144245,-0.035666,-0.071830,-0.015896,0.108440,0.182756,-0.187260,-0.221137,0.135804,0.177984,0.211354,0.140045,0.134587,0.175007,0.042465,0.074110,0.050078,0.107913,-0.025732,0.035955,0.102932,0.337974,0.055502,-0.098531,0.170709,-0.116040,0.103390,0.171053,-0.003642,0.086160,0.233767,-0.020774,-0.060291,0.102739,0.029863,-0.159883,-0.065631,-0.048558,0.112830,-0.062171,0.005010,-0.168575,0.210772,0.075031,0.070016,0.118852,0.005390,-0.097090,0.108218,0.217534,0.176849,0.264783,-0.011383,-0.044912,0.063737,-0.111131,-0.305583,0.201511,0.206065,0.205138,-0.176326,0.060330,-0.122049,-0.224663,0.028235,0.063094,0.101521,0.074575,-0.023831,0.191595,-0.036878,0.214490,0.099654,-0.033498,0.049058,-0.118957,0.019525,0.161014,-0.175618,0.367130,0.078063,0.063549,0.196265,0.116282,0.112382,-0.139251,0.092355,0.246834,-0.076206,-0.027474,-0.216798,0.271686,0.024322,0.343681,0.018295,-0.203824,-0.202586,0.000058,0.221676,-0.202189,0.207896,-0.295543,-0.184253,-0.193398,-0.052881,0.145471,0.183371,0.228729,-0.032653,-0.014582,-0.004595,0.067225,0.076515,0.230855,0.065731,0.025330,-0.103289,0.119391,0.102868,0.027052,0.022883,0.085833,-0.017841,0.056816,-0.100317,0.098193,0.031769,0.349510,-0.085139,0.116683,-0.134117,0.040542,0.245985,0.039531,0.237686,-0.280572,0.015840,-0.082404,-0.027718,-0.208625,0.240891,-0.160423,0.328940,#
2,-0.069908,0.150083,1.000000,0.030656,0.153341,0.033270,0.205040,0.083575,0.067829,0.123336,0.444598,0.218206,-0.007050,-0.050864,-0.189404,0.130472,-0.135607,0.004063,-0.092128,-0.077803,0.083553,0.216289,-0.053626,-0.067382,0.046638,0.103302,0.083753,-0.062707,-0.101490,-0.059952,0.109244,0.053992,-0.014501,-0.012074,0.051601,0.024003,0.169694,0.018010,0.170738,-0.160691,0.130974,-0.101176,0.128062,0.013620,-0.041217,-0.083215,0.049670,-0.032022,-0.071342,-0.139594,-0.147363,0.126614,0.035092,-0.059496,-0.008810,-0.051843,0.090876,-0.140416,0.214826,0.126021,0.304590,-0.119864,-0.335053,0.068139,0.119119,0.098314,0.193882,0.017689,-0.004679,-0.089576,0.231423,0.123055,-0.121538,0.109543,0.159745,0.000087,-0.046037,-0.132838,0.072777,-0.078916,0.002880,-0.238372,-0.057804,-0.092853,0.294971,0.266614,0.136800,0.077855,-0.023425,0.031411,-0.075910,0.207232,-0.024651,0.175569,-0.178602,0.148446,-0.038377,-0.031227,-0.007501,0.050205,0.056382,0.034965,-0.168611,0.077779,-0.022893,0.166840,0.132618,0.267556,0.105103,0.194058,0.114800,0.193175,0.007992,0.050854,-0.051505,0.252731,0.074093,-0.125130,-0.221058,0.085035,0.072748,-0.245219,-0.106145,-0.063329,-0.004047,-0.049488,0.194417,0.016186,0.140378,0.077269,-0.036158,0.115667,-0.113646,0.138854,0.105378,-0.063716,0.059407,0.011735,0.097032,-0.087482,0.269041,0.161028,-0.061753,-0.084832,0.254810,-0.184928,-0.269136,-0.049776,0.065088,-0.173197,0.157269,-0.023565,0.244659,-0.066714,0.073746,-0.097132,0.025189,-0.310869,0.136904,-0.048669,-0.159688,-0.136806,0.278478,0.200510,0.064964,0.164305,0.112319,-0.150916,-0.048637,-0.110131,-0.043149,0.298290,0.104109,0.028355,-0.003938,-0.054006,0.044016,0.088673,-0.345539,-0.033441,0.166140,0.108000,-0.118896,0.152252,0.027525,0.108498,-0.059879,-0.079010,0.044593,0.061644,0.029521,-0.049772,0.080580,0.031122,0.094355,-0.015953,-0.227449,0.021283,0.152556,0.235190,#
3,0.149157,-0.120024,0.030656,1.000000,-0.063784,0.191246,0.125832,0.188823,0.257344,0.195882,0.212392,0.069253,0.059651,-0.171138,0.187626,0.109646,0.063140,0.290420,0.231942,-0.045521,0.052173,0.111990,0.275068,0.399358,0.047477,0.091830,0.126762,-0.029444,0.197335,0.164184,0.158922,-0.006451,0.426758,0.302009,-0.167545,0.095898,-0.226286,0.363465,0.306020,0.106993,-0.038306,0.122609,0.197186,0.116445,-0.074246,-0.063378,-0.228295,-0.021210,-0.088366,0.066006,0.134539,0.146935,0.053880,-0.099235,0.176786,0.158351,0.088779,-0.118715,0.212554,0.082591,0.082714,0.186437,-0.010511,-0.040245,0.328060,0.030890,0.063129,-0.174188,-0.217954,0.165264,-0.021503,0.211911,0.090892,-0.005566,0.039123,0.004696,0.079592,0.002468,-0.066447,-0.078369,0.065818,-0.129078,0.299992,-0.103102,0.124811,0.035637,0.098378,0.102660,0.253237,0.199753,0.161207,0.060712,-0.075304,0.045189,0.054665,0.089414,-0.004727,-0.097006,0.099772,-0.019322,0.114855,-0.028955,-0.131439,-0.080514,0.225617,0.019038,0.372539,0.226265,0.043331,-0.010737,0.077100,-0.037467,-0.063460,-0.037569,0.022943,0.011360,-0.061489,0.087416,-0.048836,-0.014462,-0.081088,-0.027896,-0.154925,0.131367,-0.063697,0.038002,0.189213,0.205109,-0.083525,0.059704,0.292671,0.234338,0.067072,0.235561,-0.113301,0.265864,-0.043835,0.102598,-0.065352,0.032724,0.095499,0.275875,0.072950,-0.044225,0.148772,-0.035859,0.244167,0.108239,-0.125915,0.145817,0.166424,-0.142019,0.053889,0.153595,0.127583,0.020961,-0.034441,0.101358,0.237182,-0.068493,0.095703,-0.017985,0.223846,0.084354,-0.046488,0.069970,-0.007670,0.210250,-0.049998,-0.049025,-0.025101,-0.200450,-0.035004,-0.115339,0.051613,0.154989,0.334307,-0.063501,-0.256252,0.119350,0.042526,0.210704,0.061555,-0.159808,-0.172345,-0.034500,0.091000,0.080764,0.124173,-0.067922,0.110243,-0.058638,0.080739,0.060927,0.028815,-0.012026,0.185507,0.005891,-0.176542,-0.163664,#
4,0.120318,-0.005666,0.153341,-0.063784,1.000000,0.125272,0.020061,0.014124,0.001897,0.115592,0.010687,0.018097,-0.079202,-0.069812,0.049239,0.085605,-0.120432,0.160510,-0.033769,0.215879,0.348973,-0.038645,0.116273,0.153021,-0.091081,0.075235,0.017359,-0.170994,0.170992,-0.025672,0.098022,0.043270,0.001694,0.153230,-0.046139,0.127113,0.292613,0.131406,0.257973,0.118538,-0.067746,0.257143,0.047684,-0.047282,0.174704,0.201030,0.298652,0.054409,-0.034430,0.054004,-0.079604,0.033550,0.005761,0.054819,0.296288,0.249308,0.059069,0.034674,0.077439,0.116239,0.048328,0.251187,-0.058092,0.025970,-0.117094,-0.006727,-0.048640,0.100088,-0.097858,0.120121,0.141757,0.266184,0.140538,-0.042509,0.105020,-0.134818,0.161261,0.057892,0.140681,-0.015701,0.013447,0.052318,-0.052294,0.044396,0.358807,0.029025,0.097251,0.091659,-0.070439,0.161088,0.271986,-0.136217,0.060191,0.082657,0.198644,0.135834,-0.038268,-0.060917,-0.285535,-0.014899,0.133344,-0.043944,0.074588,0.141666,0.002014,0.199257,-0.052215,0.110691,0.226252,0.220978,-0.014676,0.210067,0.054499,0.089458,-0.075125,-0.098358,0.175504,0.014854,-0.097548,-0.020435,-0.158320,-0.176470,-0.151017,0.033587,0.223750,-0.083831,0.249059,0.023185,0.221410,0.168686,0.393649,-0.048802,0.133435,0.207217,0.089921,0.120009,-0.112338,-0.014133,0.282408,-0.018497,0.218259,0.075083,0.210523,-0.032284,0.212691,0.240103,0.011176,0.224405,-0.031366,0.084965,0.097634,0.169659,0.295917,0.371548,0.292473,-0.054010,0.163294,0.021736,-0.102528,-0.072057,0.209705,-0.068156,-0.034858,-0.108761,-0.239848,0.053876,0.005336,0.076887,0.118291,-0.017659,-0.266601,-0.099061,0.437690,0.084762,0.105707,0.117925,0.238515,0.181590,-0.065743,0.246804,0.155570,-0.079792,0.153997,-0.006132,0.058630,0.106728,-0.182226,0.135526,0.140175,0.303176,-0.261448,0.200337,-0.216184,-0.002215,0.182733,0.105401,-0.023747,0.066359,0.127274,0.377159,#
5,-0.020846,0.083926,0.033270,0.191246,0.125272,1.000000,-0.019627,0.206148,0.121341,-0.007995,0.065085,-0.010893,0.069192,-0.194221,-0.006552,-0.043146,-0.101654,0.001910,-0.103812,0.117853,-0.038436,-0.084915,0.176488,-0.230168,0.143964,-0.060554,0.114123,0.101784,0.215029,-0.043084,0.180204,0.038741,0.237332,0.121906,-0.291833,0.185828,0.040433,-0.005132,0.185324,0.043237,0.086165,0.137250,0.195295,0.227834,0.142507,-0.120046,0.182031,-0.031135,0.120354,-0.200460,0.138183,0.032466,0.118245,-0.238769,0.204391,0.331735,0.097869,-0.190403,0.237552,0.234275,-0.043198,-0.101221,0.004259,0.123702,0.171999,0.125915,-0.199374,-0.052162,0.120483,-0.184581,-0.054682,0.150962,0.295234,0.085898,-0.046633,-0.041206,0.113483,0.085153,0.116799,-0.028537,-0.017473,-0.015061,0.157640,0.203279,-0.161388,-0.016733,0.074584,0.068155,0.032678,-0.073482,-0.032916,0.024477,0.192435,0.317638,-0.069049,0.114759,-0.194341,0.162886,0.148662,0.008739,-0.016513,0.056679,-0.305540,-0.014056,-0.058764,0.233011,0.124149,0.104614,0.018708,0.084520,0.065402,0.164220,-0.266134,-0.116638,0.111092,0.090003,-0.039006,0.188913,0.065871,0.071693,-0.287097,0.077092,-0.150207,0.050042,-0.294732,-0.133095,0.147577,-0.150712,0.062885,0.002918,0.294610,0.173217,0.129951,0.269555,0.148131,0.221136,0.081513,0.175137,0.134152,-0.262648,-0.061008,0.175998,-0.061809,0.091309,0.298538,0.009059,0.136508,0.154581,0.137241,0.101250,0.133577,0.026960,0.269642,-0.066760,-0.014091,0.138690,-0.057255,-0.059250,-0.125372,-0.177324,0.187845,-0.164230,0.257930,0.203161,0.070222,0.089501,-0.165091,0.212907,-0.036892,0.175631,0.327014,0.120218,0.326811,-0.147233,-0.143296,-0.077379,0.242706,-0.048045,0.067750,0.239390,0.261693,0.069921,0.283837,-0.044043,-0.233088,-0.001302,0.132542,-0.022554,0.205850,-0.004950,-0.006686,0.314689,0.020397,-0.176102,0.016670,-0.117116,-0.099507,0.099760,0.045832,0.333421,#
6,-0.032115,0.435170,0.205040,0.125832,0.020061,-0.019627,1.000000,0.181453,0.405164,0.118684,0.108298,0.285518,0.223590,0.049768,-0.014335,0.134900,-0.013195,0.110175,0.000194,-0.068167,0.067742,0.416037,-0.031584,-0.074125,0.106894,0.147891,-0.021300,0.082585,-0.062302,0.165931,0.030518,-0.002917,-0.071955,0.028559,-0.071032,-0.022760,-0.147005,0.093679,0.063264,0.064606,-0.071256,-0.044036,0.246530,0.079156,0.143706,-0.099926,0.040460,-0.117572,0.072627,-0.066343,-0.044050,-0.100360,-0.045348,0.138902,0.045566,0.060387,-0.060806,0.060381,-0.002707,0.117758,0.361575,0.048580,0.200015,-0.106265,0.144480,0.426288,0.003752,0.094063,-0.025428,0.121233,0.186392,0.123560,0.021255,0.347567,0.212899,0.065552,0.194754,-0.103764,0.199601,-0.052744,0.126242,-0.074274,0.059778,-0.136546,0.134959,0.051073,0.095995,0.178748,-0.099482,-0.008921,-0.076456,0.002815,0.062806,0.003820,-0.017125,0.022772,0.216494,0.039617,-0.069199,0.182694,-0.010578,0.297583,0.156173,0.070512,-0.247934,0.060532,0.219675,0.053043,0.172635,0.165245,0.147979,0.158248,-0.142444,-0.343558,-0.027698,0.260605,0.313240,-0.166332,-0.053855,-0.089099,0.105995,0.027674,-0.035901,0.183909,-0.019599,0.162998,0.017274,-0.029840,-0.077627,-0.018437,0.022649,0.003657,0.009454,-0.041154,-0.048630,0.051848,-0.017464,-0.037535,0.050632,0.190605,0.159213,0.269357,-0.000510,-0.051333,-0.039910,-0.008788,0.083654,-0.042304,0.117296,-0.213385,0.399181,-0.119635,0.187162,-0.033518,0.256099,0.074474,-0.077189,0.199808,-0.128444,-0.102823,-0.179045,0.221810,0.250885,0.135882,0.119509,0.199225,-0.054577,0.066516,-0.185970,-0.003395,-0.090057,-0.016650,-0.003783,-0.094480,0.258840,0.085029,0.004778,-0.018859,0.099001,-0.063787,0.078741,0.044045,0.121789,-0.033178,0.044952,0.173201,-0.072448,0.080354,0.160162,0.136541,0.176446,0.109574,-0.065720,0.182389,-0.038063,-0.006861,0.046227,0.119205,0.084255,0.186160,#
7,-0.161448,0.229639,0.083575,0.188823,0.014124,0.206148,0.181453,1.000000,0.301568,-0.077807,0.206137,0.243219,-0.021252,-0.090962,0.131405,-0.041517,0.068262,0.109371,-0.279546,0.029774,-0.129462,-0.142201,0.160341,0.016752,0.084412,0.055775,0.067384,0.108369,-0.065792,0.158058,0.025951,-0.022050,0.074936,0.075545,-0.279800,-0.124350,-0.052794,0.050137,0.336772,0.161653,-0.103634,-0.077184,0.188322,0.135600,0.072698,0.039305,0.175227,0.008321,0.154885,0.093476,0.367782,0.098276,0.007765,0.142511,-0.017342,-0.039390,-0.128953,-0.018265,0.210388,0.176557,0.120893,0.083179,-0.024184,-0.063285,0.097592,0.161761,-0.061780,-0.007769,-0.015971,0.430872,-0.091696,-0.000019,0.289418,-0.015266,0.079734,-0.032138,-0.064250,0.102138,0.068892,0.147412,0.041046,-0.115220,0.091983,0.072084,0.046267,0.104722,0.056844,0.090697,0.038469,-0.023420,-0.063500,0.029303,-0.050618,0.129323,-0.030294,-0.302828,-0.208645,0.034297,-0.091748,0.134767,0.115364,-0.038356,-0.009600,0.064482,-0.007010,0.145887,-0.006921,0.067839,0.071313,0.157679,-0.083568,-0.027635,-0.081056,0.018647,0.343529,-0.032518,0.042653,-0.143619,-0.020529,0.183987,-0.053833,0.066599,-0.195784,0.241007,0.072620,0.124321,0.298655,0.063244,-0.082087,-0.124534,0.105282,-0.043798,0.217323,0.166524,0.059184,0.048171,-0.134841,0.007594,0.086260,0.074865,0.080133,-0.114679,0.006991,-0.171844,0.216592,-0.114675,0.033497,0.015967,0.130012,0.090089,0.237223,0.024621,-0.007278,0.026459,-0.058419,0.046042,0.000025,0.229347,0.112990,0.056888,-0.035843,-0.132969,0.161329,0.021758,-0.151470,0.250869,-0.087990,-0.184465,-0.231541,-0.008049,0.079177,0.126892,0.248740,-0.043142,0.173445,-0.155993,0.041515,0.017714,-0.166806,0.288730,0.271708,0.183581,0.162921,-0.016846,0.000220,0.242357,-0.155584,-0.232690,0.017248,0.181948,0.080157,0.163887,-0.037894,-0.192559,-0.094865,-0.080899,-0.168792,0.169463,-0.192276,0.277426,#
8,0.050975,0.199051,0.067829,0.257344,0.001897,0.121341,0.405164,0.301568,1.000000,0.249417,0.064087,0.162245,0.129749,-0.149098,0.192712,0.340416,-0.122548,0.092710,-0.095542,-0.122330,-0.207500,0.179990,0.361428,0.134420,-0.050936,0.035451,-0.030384,0.093503,-0.018917,0.297677,0.044475,0.156383,-0.116017,0.106171,-0.017652,0.053110,-0.051040,0.035183,0.084756,0.008330,-0.098282,0.144661,0.233919,0.086589,0.155365,0.025242,0.035876,-0.254567,0.171147,0.009295,0.314994,0.214242,-0.085896,0.127383,-0.008776,0.328395,0.186939,0.155252,0.251198,0.326172,0.194623,0.057954,0.278311,-0.152447,0.150713,0.289222,0.097266,-0.018855,0.210717,0.055123,0.160083,-0.034930,0.061391,0.156052,0.305954,0.113050,0.164301,-0.027275,0.014068,0.120858,0.119894,0.036452,0.015408,-0.128046,0.159433,0.122561,0.083303,-0.030173,-0.207004,0.047525,-0.013047,0.065906,-0.005336,0.029130,0.085611,0.075951,0.247352,0.019819,0.004928,0.127904,0.137595,0.041979,0.004863,0.071054,0.165826,0.076367,0.096119,-0.020551,-0.003374,0.182671,-0.086329,-0.018097,-0.282837,-0.176993,0.252901,0.223630,0.026144,-0.231604,0.022950,0.226293,0.012534,-0.018641,-0.173577,0.111687,-0.048192,0.073566,0.067455,0.170136,-0.222932,0.317092,0.068566,-0.090129,0.258848,0.185800,0.118275,0.237423,0.003950,-0.008880,0.021296,-0.197896,0.002120,0.186510,0.299661,-0.100244,-0.051442,0.080742,0.226236,-0.017908,0.381987,0.074117,0.326651,-0.118841,0.096208,0.170800,0.196452,0.322649,0.006591,0.313726,0.101301,-0.069227,-0.029383,0.007055,0.170388,0.077076,0.216553,0.249533,0.027544,-0.224076,0.121178,0.139101,0.071401,0.068813,0.036707,-0.203292,0.211350,-0.060389,-0.008531,-0.023229,-0.107696,0.186407,0.262707,0.040453,0.096217,0.138270,0.042971,0.114454,-0.010209,-0.022856,-0.020541,-0.074109,0.098641,-0.027977,0.063354,0.071793,0.222213,-0.164505,-0.000105,0.004997,0.095688,-0.040156,#
9,-0.104594,-0.026566,0.123336,0.195882,0.115592,-0.007995,0.118684,-0.077807,0.249417,1.000000,0.349604,-0.102673,0.059124,-0.281483,0.009773,0.250331,-0.151907,-0.011868,0.017281,0.014570,0.089390,-0.037816,-0.025969,-0.036334,-0.041318,-0.259972,-0.033831,-0.027994,-0.054115,0.117284,0.120160,-0.195854,-0.196872,0.149613,-0.073586,-0.073931,-0.137727,0.161723,0.173831,-0.124870,0.105149,-0.176531,0.166107,-0.099092,-0.076587,0.135289,-0.013795,-0.132067,0.017093,-0.002178,-0.031529,0.051277,0.054441,-0.106433,-0.281845,0.116418,0.016118,-0.048259,0.118201,-0.091203,0.106142,0.034543,0.085243,-0.029336,-0.039162,0.097573,-0.172024,-0.218203,-0.103833,-0.216743,0.261570,0.107556,-0.177202,-0.023779,-0.126020,-0.017812,-0.270630,-0.229362,0.003233,0.161308,0.227496,0.040617,-0.095729,-0.207534,0.121399,-0.075157,-0.091071,-0.016963,-0.160266,-0.280883,-0.020565,0.279219,0.055803,-0.271328,0.214150,-0.007560,0.099724,0.166942,-0.022110,-0.410250,-0.215675,-0.143607,0.303127,-0.097555,0.226785,-0.097194,0.059406,-0.252489,-0.083045,-0.151793,0.147949,-0.058046,-0.078803,0.146056,-0.143252,-0.015607,-0.178643,-0.057533,0.057497,-0.139475,-0.205603,0.093913,-0.225420,-0.095162,-0.207098,0.063558,-0.211278,0.232413,0.017706,0.157536,-0.007095,-0.108031,-0.007927,0.251590,0.022326,-0.113659,-0.092625,0.087513,-0.012219,-0.254804,-0.248743,-0.000689,0.260202,-0.023405,-0.005658,-0.080087,-0.024442,0.186083,-0.101104,0.246469,-0.006661,-0.319710,0.307734,0.201756,0.119522,0.019513,-0.052634,0.110722,-0.108262,-0.051219,0.026249,-0.259001,0.074189,0.261154,0.001135,-0.143949,0.067113,-0.104978,0.064486,-0.165107,0.036312,-0.174317,-0.029366,-0.015549,0.049053,0.004021,0.043488,-0.057612,-0.019891,-0.084738,-0.102523,-0.121782,-0.015563,-0.074429,-0.180479,0.024185,-0.118328,-0.182359,0.257491,0.039009,-0.065757,-0.161300,0.104854,-0.038813,-0.075137,-0.065960,-0.185305,-0.056025,-0.160322,0.025690,#
10,-0.050953,0.124966,0.444598,0.212392,0.010687,0.065085,0.108298,0.206137,0.064087,0.349604,1.000000,0.092050,-0.004355,-0.203949,0.055154,0.215375,0.102748,0.023730,0.142732,0.167934,0.020923,-0.137841,-0.114278,0.058295,0.116961,-0.147734,-0.123614,0.072919,-0.166054,0.121065,0.060483,-0.064487,0.161860,0.008918,0.016856,0.185011,0.096134,-0.042893,0.206230,0.002951,0.140478,-0.148861,0.149063,-0.149028,-0.028878,0.083466,0.104613,-0.084202,0.086465,0.215023,0.130745,0.125779,0.104147,0.142568,-0.128946,0.052021,-0.137113,-0.310053,0.248141,0.194078,0.075537,0.268144,-0.134137,0.165735,0.185321,0.156229,0.289935,0.055825,-0.128111,-0.077044,-0.024022,0.207113,-0.100697,0.024497,0.027358,0.050661,-0.115193,0.058554,-0.045862,-0.142982,0.272182,-0.093146,0.073902,0.069513,0.343411,-0.070009,-0.063942,0.269860,-0.098211,0.082490,0.080493,0.199133,-0.016472,0.085349,-0.115340,0.321066,-0.021351,-0.039486,0.241928,0.056804,-0.154091,0.013092,0.018712,-0.149988,0.052960,-0.137401,0.035493,0.182316,-0.091118,-0.108036,0.100261,0.202500,0.008850,0.013542,0.217132,0.309025,-0.034719,-0.109791,-0.080119,-0.049964,0.046212,0.069348,-0.169198,-0.080706,-0.100434,-0.098146,0.191520,0.116691,0.197354,0.065415,0.060893,0.137147,-0.101100,0.080338,0.049259,-0.064463,-0.144462,0.319678,-0.132050,-0.128590,0.070093,-0.044635,-0.074895,-0.062600,0.364264,-0.219821,-0.293358,-0.178474,0.169897,0.057839,0.166839,0.100475,0.072453,-0.077972,0.010454,-0.205512,0.151483,-0.126720,0.071439,-0.115932,0.145962,-0.190445,0.358957,0.257649,0.176167,0.115077,0.255549,-0.022657,-0.087841,0.232591,0.018508,0.049131,-0.038277,-0.028251,0.232369,-0.194133,0.074909,0.206005,-0.251886,0.068182,0.046897,0.037648,0.176176,0.018948,0.054104,0.009172,-0.153181,-0.361530,0.085916,0.134364,0.182866,-0.004416,0.131612,-0.082383,-0.051933,-0.121857,-0.238826,0.055796,-0.079846,0.387798,#
11,-0.090098,0.172245,0.218206,0.069253,0.018097,-0.010893,0.285518,0.243219,0.162245,-0.102673,0.092050,1.000000,-0.002785,0.080971,-0.121900,-0.064066,0.000734,0.077078,-0.154515,-0.436176,0.037747,0.274441,-0.017829,0.000744,0.117284,0.278497,-0.138203,0.304207,0.008349,0.136350,0.157182,0.172417,0.033424,0.083687,0.047865,0.079358,0.206206,0.018765,0.035156,0.325111,-0.066697,-0.009383,0.296956,0.121948,0.052589,0.099326,0.021930,-0.041921,0.099569,-0.169069,-0.133291,0.312267,-0.078924,0.325083,0.033329,-0.051091,-0.429709,0.170614,0.122418,0.004904,0.155314,-0.104657,0.071351,-0.147720,0.071780,0.291187,0.070734,0.177222,0.207457,0.151656,0.020256,0.086498,0.194579,-0.004886,-0.070915,-0.118564,-0.018127,-0.107301,-0.018709,-0.164201,0.009031,0.105286,0.139184,-0.082949,0.142379,0.036040,-0.065373,0.205496,-0.036384,-0.035280,-0.118708,0.136309,0.142306,0.256923,0.109945,0.048490,-0.102051,-0.106933,0.179059,0.306345,0.064970,0.134695,-0.114979,0.094557,-0.137048,0.248092,0.027670,0.169816,0.126950,0.140563,0.073948,0.005557,-0.126644,0.031346,-0.075362,0.271409,0.057331,-0.010283,-0.202188,0.295374,-0.040851,-0.057081,-0.071807,0.032152,-0.136927,-0.089785,-0.021314,-0.008396,0.126057,-0.070997,0.026567,0.191432,0.165110,0.189501,-0.046439,-0.025943,-0.177127,0.302748,0.043449,0.225511,0.009518,-0.054505,-0.071526,0.037378,0.221620,0.093780,0.205111,-0.047548,0.057518,-0.000112,0.228286,0.185298,0.005564,-0.149705,0.149776,0.122329,0.013538,-0.041668,0.222977,-0.035930,0.162624,0.279606,0.047454,0.103176,0.039252,-0.000277,0.127275,0.057099,-0.145040,0.166243,0.035505,0.011493,0.040544,-0.158581,0.187969,-0.121751,-0.046489,-0.027692,-0.123805,0.184822,0.274230,-0.021044,0.206711,-0.182237,-0.076134,0.111323,-0.229346,0.007708,0.038780,0.409067,-0.083310,-0.130257,0.170029,0.357393,0.293305,-0.043681,0.142186,0.082372,-0.043842,0.087624,#
12,0.039416,0.110236,-0.007050,0.059651,-0.079202,0.069192,0.223590,-0.021252,0.129749,0.059124,-0.004355,-0.002785,1.000000,-0.015743,0.197505,0.140632,0.263187,0.334603,0.322717,0.076451,0.050842,0.272389,0.032388,0.108696,-0.095208,0.049968,0.162016,0.293062,-0.092934,0.101414,-0.139817,0.147771,-0.018599,0.004676,0.117715,0.210795,-0.037311,0.092922,0.074164,0.206629,0.009665,-0.007471,0.224991,0.195294,0.219999,-0.023732,0.245359,-0.127782,0.175167,-0.024546,0.093289,-0.094889,-0.022302,0.129906,0.226617,0.205210,-0.120037,0.096283,-0.193548,-0.154814,0.198837,0.185988,-0.153802,0.343973,0.345038,0.178200,0.054849,0.143800,0.134455,0.082922,-0.002609,0.192519,0.392908,0.094851,0.192444,0.273925,0.073843,-0.260120,-0.032292,-0.057043,0.192238,-0.045579,-0.152401,0.051109,-0.080704,0.085536,0.180009,0.227946,0.096543,0.022350,-0.048813,-0.294650,-0.019720,0.123429,0.070586,0.114208,0.365402,0.205853,-0.058915,-0.016161,0.044041,-0.022084,0.161726,0.140695,0.102697,-0.120155,0.086071,0.021337,-0.109841,-0.021586,0.192766,0.052080,0.035756,-0.212402,0.156518,-0.001130,0.409036,-0.211545,0.081894,-0.136519,0.169183,0.216375,0.136676,0.159554,0.071667,-0.232875,0.082443,-0.105450,-0.115737,-0.123186,0.081491,0.011042,-0.052592,0.120470,0.288259,-0.118162,0.278650,-0.023147,0.244883,0.051034,0.136602,0.215021,0.075337,-0.015223,0.014635,0.106811,0.073402,0.252698,-0.045040,0.214207,0.103192,0.086430,0.205871,-0.094006,-0.064726,0.558800,-0.103083,-0.007957,-0.031778,0.036725,0.054863,0.304370,0.189186,0.234788,0.302569,0.088750,0.297877,0.081431,0.109260,0.011865,0.112927,0.248925,0.023480,0.119135,0.165848,0.108932,0.159135,-0.023344,0.060494,0.163856,0.195380,0.080125,0.121812,-0.095900,0.118671,-0.099753,0.281331,0.203629,0.079503,-0.186909,0.128260,0.057419,0.178159,0.189817,0.082945,0.100761,-0.000080,0.076418,0.098353,0.036681,#
13,-0.307307,-0.032239,-0.050864,-0.171138,-0.069812,-0.194221,0.049768,-0.090962,-0.149098,-0.281483,-0.203949,0.080971,-0.015743,1.000000,0.252536,-0.154527,0.083254,-0.028678,0.040076,-0.030590,0.187116,0.069837,-0.088915,-0.174828,-0.295057,0.159718,-0.008055,0.126185,-0.095794,0.000574,-0.024371,-0.018528,-0.016028,-0.003900,0.015543,-0.216505,-0.002421,0.198439,-0.402142,0.099202,-0.276129,0.062597,-0.069981,0.105569,0.187441,-0.060989,0.107441,-0.073446,0.039827,-0.233447,0.052510,-0.127293,-0.091314,0.315277,-0.135213,0.022568,-0.099627,0.044812,-0.081227,0.063446,0.053458,0.025711,0.047776,0.026047,-0.023329,-0.087098,0.176129,0.093974,-0.037014,0.074997,0.041023,0.040577,-0.149936,-0.123095,0.214173,0.141424,0.117745,0.128869,0.065597,0.083429,0.089613,0.181322,0.006060,0.067166,-0.010399,0.095929,-0.042260,-0.117581,-0.003380,-0.076672,-0.094241,-0.162900,0.021076,0.252693,0.026960,-0.217682,-0.071522,-0.007728,-0.069189,0.229977,-0.104124,0.156435,0.211075,0.166767,-0.081232,-0.035201,0.012777,0.034889,0.176393,0.260929,-0.136155,0.056634,0.313281,0.040131,0.216383,0.065807,0.084653,-0.005944,-0.106271,0.213823,0.147009,0.076634,0.022037,-0.089724,0.027648,-0.283763,-0.176330,-0.234653,0.040313,-0.085801,-0.241983,0.120743,0.038248,0.003755,-0.011091,-0.147654,0.069552,0.046402,0.037202,0.147692,-0.297273,0.012557,0.298049,0.119518,-0.031097,0.163295,-0.056956,0.022060,-0.068300,-0.255159,0.081695,-0.009996,-0.068775,0.130252,0.083870,-0.053474,-0.071504,-0.055668,-0.063594,0.137347,-0.107383,0.091946,-0.026893,0.123470,0.016937,-0.028127,-0.047649,-0.144932,-0.197052,-0.103283,-0.033567,-0.002234,-0.033801,0.085930,0.001920,-0.173006,0.030738,0.034179,0.044502,-0.164477,-0.099162,0.170212,0.023229,-0.050169,0.267323,0.193292,0.158252,-0.123135,-0.435855,0.072440,0.017643,-0.029556,-0.075542,0.153007,0.006524,0.083624,0.141710,-0.202885,0.140311,-0.104484,#
14,0.127783,-0.135737,-0.189404,0.187626,0.049239,-0.006552,-0.014335,0.131405,0.192712,0.009773,0.055154,-0.121900,0.197505,0.252536,1.000000,0.181473,0.084941,0.284535,0.241279,0.348565,0.191984,-0.153482,0.194632,0.172142,-0.099931,-0.062784,0.218831,0.106336,0.015795,0.010762,-0.118424,0.239169,0.036475,0.006763,0.009261,0.043233,-0.208149,0.075661,0.008729,0.185130,-0.020802,-0.133848,0.118126,-0.065757,0.292812,0.123640,0.110830,-0.238527,-0.104887,0.199576,0.168296,-0.154203,0.179567,0.226975,0.266134,0.221389,0.150523,0.100086,0.152645,0.104736,0.148739,0.193937,0.146487,0.207143,0.074961,-0.164371,0.306922,0.160859,-0.135722,0.222626,-0.094672,0.044129,-0.063367,-0.057840,0.320288,0.115556,0.174896,0.011864,-0.065084,0.026551,0.068132,0.058120,0.016777,0.094232,0.012062,0.062629,-0.107226,-0.060184,-0.022452,-0.060974,-0.111637,0.001292,0.207548,0.045173,0.068515,0.149046,0.139172,0.191608,-0.224386,-0.012557,0.243083,0.135490,0.015474,0.376678,0.322840,-0.209459,0.159193,-0.020093,-0.168114,0.003511,-0.017024,-0.222149,0.105748,0.056427,0.101886,-0.018499,0.171842,-0.187882,0.007227,0.053068,0.260812,0.172091,-0.350392,-0.106037,0.004318,-0.146896,0.025901,-0.033819,-0.162811,0.234043,-0.077707,-0.090260,0.093066,0.099676,0.015044,0.056575,-0.162973,0.043477,0.020136,-0.185132,-0.004565,0.190436,0.267304,0.080880,-0.216785,0.208595,0.066932,-0.054763,-0.307565,-0.054350,0.149385,0.194573,-0.025612,0.091824,0.159252,0.154977,0.119227,-0.008795,-0.157061,0.111759,0.085031,0.013549,0.194379,0.036111,0.066203,-0.012052,-0.056809,-0.076530,-0.003296,0.082836,0.038845,-0.069801,0.089942,-0.094073,-0.007417,-0.219550,0.083666,0.102937,0.099579,0.037618,0.047791,0.066664,0.008490,0.170048,0.071429,-0.010832,0.054002,-0.112340,-0.144100,-0.030559,0.019119,-0.053183,0.023304,-0.087972,0.032582,-0.048343,-0.131901,-0.126483,0.114426,0.025511,#
15,0.231061,0.012138,0.130472,0.109646,0.085605,-0.043146,0.134900,-0.041517,0.340416,0.250331,0.215375,-0.064066,0.140632,-0.154527,0.181473,1.000000,0.192705,0.088781,0.178659,0.069625,-0.204013,0.064810,0.357369,0.176641,0.042004,0.054072,0.036188,0.028176,-0.016118,0.246364,-0.095428,0.264144,-0.020337,0.054173,0.094278,0.232755,0.116670,-0.030091,0.124383,-0.034407,0.056919,0.059582,-0.066728,0.136509,0.091265,0.021907,-0.181468,0.115163,0.009903,0.217994,-0.220141,0.205484,0.192673,0.165377,0.105348,0.203259,-0.021673,0.151831,0.258368,0.153051,0.125884,-0.052390,0.197463,0.043463,0.100404,0.278385,0.072530,0.010061,-0.040825,-0.125942,0.136027,0.121724,-0.020157,-0.002715,0.160705,-0.043501,0.074658,-0.075885,0.037003,-0.123375,0.296184,-0.054432,-0.373274,0.139048,0.261031,0.147322,0.026305,0.319505,-0.104890,0.203418,0.104767,-0.028381,-0.131191,-0.118681,0.142162,0.237705,0.374539,-0.036351,-0.026468,0.080671,0.223132,0.129875,-0.067756,0.237431,0.119913,-0.042479,0.107423,0.074983,-0.042138,-0.002320,0.025919,0.080910,-0.128279,-0.102056,0.074979,0.208651,-0.217666,-0.094836,-0.009662,-0.148418,0.200288,0.010073,0.097100,0.015468,0.023396,0.188967,0.026691,0.442029,-0.114309,0.282324,-0.183694,-0.029559,0.097903,0.177278,0.111759,0.083559,-0.062027,-0.075346,0.059121,-0.165291,0.005340,0.198921,0.267585,-0.013071,0.115771,-0.006184,-0.032921,0.105913,0.147921,0.087046,-0.046154,0.046480,0.094796,0.154854,0.065938,0.086308,0.248910,0.031701,-0.065682,0.080112,0.173989,-0.056923,0.208252,0.029204,0.074734,0.306566,0.069377,0.052048,0.283223,0.006666,-0.005955,0.271186,-0.181076,-0.083563,0.199878,0.084374,0.194125,0.051826,-0.178611,0.112004,0.169156,-0.092418,0.078043,0.171128,-0.022882,0.200134,-0.013607,0.120159,-0.105944,-0.045408,-0.103086,-0.031605,0.207281,-0.052589,-0.021447,0.101718,0.117842,-0.045913,0.070037,-0.193596,#
16,0.336400,0.113302,-0.135607,0.063140,-0.120432,-0.101654,-0.013195,0.068262,-0.122548,-0.151907,0.102748,0.000734,0.263187,0.083254,0.084941,0.192705,1.000000,0.053818,0.136795,0.368119,-0.110365,-0.117728,0.008654,0.068663,-0.100513,0.067283,0.076096,-0.089349,-0.306136,0.435037,-0.139276,0.050699,-0.085757,0.161157,0.182174,0.122454,-0.056244,0.036520,0.035445,-0.022855,-0.077590,-0.009125,0.096580,0.100484,0.053920,0.101461,-0.006534,0.140033,-0.036893,0.218887,0.060553,-0.012100,0.273159,0.267011,-0.071511,0.111782,-0.099141,0.062082,-0.085310,-0.002522,0.022471,0.295693,0.112657,0.166578,0.155143,-0.020020,-0.059112,0.188043,-0.063064,0.304488,-0.178694,0.212298,0.199105,0.010331,-0.056057,0.068509,-0.115295,0.167654,0.008831,0.098424,0.029865,0.008237,-0.058954,0.321415,0.145489,0.173658,0.103114,0.283336,0.292999,0.034043,0.027484,-0.067015,0.077799,-0.110216,-0.040187,0.093100,0.223278,-0.171375,-0.153921,0.190785,-0.107462,-0.040474,0.116034,0.047678,-0.040055,-0.020514,0.302045,0.308756,0.105604,0.068188,-0.092746,0.005405,0.130140,-0.043769,0.160267,-0.095836,0.100927,-0.002923,0.138626,-0.023963,0.293987,0.200516,0.302402,0.220711,0.286839,-0.177251,0.025371,-0.088373,-0.089087,0.123036,-0.079221,-0.041549,0.059262,-0.406095,0.172362,0.053228,0.025520,0.234628,-0.167176,0.097796,-0.017519,0.015994,0.050618,-0.044200,0.105606,-0.091064,-0.040364,0.032791,0.131244,0.210851,-0.188763,0.230916,-0.086637,0.021330,-0.039536,0.261195,0.079287,0.138136,0.000309,0.163578,0.028533,0.134083,-0.062011,0.012306,0.150837,0.079327,0.073714,0.106453,0.015403,-0.041319,0.036515,0.054030,-0.208233,-0.046497,0.153455,0.157764,0.078043,-0.046056,0.012479,-0.068097,-0.081114,0.040077,0.118901,-0.269525,0.144015,0.097659,0.182920,0.135571,0.056630,-0.080610,0.203959,0.113395,-0.315912,-0.028033,0.030676,0.261363,0.077019,-0.051900,-0.221367,-0.111183,#
17,0.208789,0.003862,0.004063,0.290420,0.160510,0.001910,0.110175,0.109371,0.092710,-0.011868,0.023730,0.077078,0.334603,-0.028678,0.284535,0.088781,0.053818,1.000000,0.116647,0.023742,0.093637,0.065541,-0.037165,0.309382,-0.246033,-0.055870,0.101129,-0.139470,-0.053886,0.018646,0.150848,0.007296,0.297311,-0.004349,0.090098,0.085567,-0.268625,0.287320,0.195640,0.219613,0.086872,0.045347,0.185502,0.191838,0.042992,0.122707,0.163884,0.038517,0.002867,-0.005595,0.200199,-0.012348,-0.001329,0.106930,0.179630,0.114529,0.050548,-0.113748,0.071073,-0.089022,0.166293,0.124344,-0.260453,0.115061,0.140539,0.352084,0.156163,0.321792,0.027727,0.214067,-0.009356,0.404967,0.080602,-0.036510,0.201096,0.128997,0.135691,-0.183220,-0.005711,-0.029533,-0.109730,-0.029466,0.014715,0.041807,0.033100,-0.023743,0.188798,0.167049,0.090485,0.114082,0.040325,-0.203284,0.199134,-0.058653,0.101002,0.198647,-0.021741,0.041788,0.020914,0.123787,0.155616,-0.047151,-0.035874,0.149092,0.145667,0.039539,0.021760,-0.029419,0.172752,-0.093217,0.102204,-0.096203,0.088353,0.087778,0.070681,-0.067274,0.163882,-0.156267,0.097704,-0.102604,0.108809,0.186751,-0.084448,0.110779,0.307131,0.054971,-0.022527,0.056191,-0.034360,0.136017,0.269690,0.122131,0.092175,0.065877,-0.126456,0.122157,0.146533,0.033133,0.112421,0.166163,0.263748,0.123437,0.052192,0.083180,0.039245,0.269792,-0.086300,0.120611,-0.111113,0.029256,0.169625,-0.011799,-0.079677,0.078538,0.322074,0.112348,0.009868,0.225036,0.183785,-0.047878,-0.021683,0.067691,0.081515,0.275693,0.002827,0.012944,0.055094,0.071758,0.044987,-0.161872,0.096150,-0.075599,0.096195,-0.099710,0.117220,0.002650,0.256593,-0.053041,-0.198870,0.273967,0.249732,0.159080,0.053893,0.134505,-0.046320,0.104199,0.198480,-0.102229,0.188257,-0.026400,-0.082973,0.297676,0.074934,0.082512,0.066126,0.175745,-0.027020,0.139521,-0.196362,0.091264,#
18,0.215586,-0.154354,-0.092128,0.231942,-0.033769,-0.103812,0.000194,-0.279546,-0.095542,0.017281,0.142732,-0.154515,0.322717,0.040076,0.241279,0.178659,0.136795,0.116647,1.000000,0.129971,0.116268,0.065811,0.178383,0.294372,-0.063478,0.043924,-0.055205,0.098712,0.094937,-0.162711,-0.107830,-0.048196,0.254374,0.200996,0.325332,0.204012,0.043925,0.141398,0.041126,0.334305,0.161333,-0.056496,0.178078,0.008120,0.110805,-0.114421,-0.163691,-0.016689,-0.133480,0.174741,0.016195,0.157820,-0.021783,-0.101537,0.150237,0.068746,-0.043893,-0.076730,-0.000368,-0.006634,0.014245,0.085777,0.182784,0.185963,0.392853,0.057295,0.200622,0.014360,-0.225805,0.017888,-0.129778,-0.010075,-0.183924,-0.321796,0.158993,0.234439,0.147445,0.038228,-0.044770,-0.123165,0.041258,-0.039767,0.087493,0.082005,-0.049507,-0.084432,0.166688,0.039886,0.004515,0.147132,0.126627,-0.116493,-0.008864,-0.058137,0.021156,0.394496,0.264314,-0.177417,0.156138,0.135477,-0.031628,0.069440,0.093865,-0.036992,0.371774,-0.110776,0.075289,-0.065715,-0.057970,-0.169767,0.127978,0.065731,0.037266,-0.146928,0.046057,0.003554,-0.046107,-0.383856,0.005399,0.082656,0.123430,-0.035559,0.070612,-0.125818,-0.071127,-0.160592,-0.064036,0.191067,0.000279,0.096812,-0.069644,0.141359,-0.221608,0.131094,0.019234,-0.038766,0.127833,0.124553,-0.096799,0.044191,-0.055811,0.039256,0.213672,0.087711,0.079351,0.238974,-0.096018,0.010020,-0.151084,0.050275,-0.036347,-0.013739,-0.036169,0.060334,0.061001,-0.052126,0.190979,-0.100944,-0.071076,0.075945,0.199156,0.180073,0.217808,0.134143,-0.037788,0.298485,0.105796,0.163033,0.189830,0.248907,-0.233353,-0.059863,-0.082816,0.208366,-0.031507,0.242038,0.326290,0.068292,0.030398,-0.195050,-0.032059,-0.011202,0.158147,-0.017387,0.045921,-0.084790,0.354989,0.128747,-0.095008,-0.193941,-0.071699,-0.156331,0.103827,0.067825,0.115466,0.164996,0.093502,-0.096126,0.147079,-0.125927,#
19,0.203134,0.014016,-0.077803,-0.045521,0.215879,0.117853,-0.068167,0.029774,-0.122330,0.014570,0.167934,-0.436176,0.076451,-0.030590,0.348565,0.069625,0.368119,0.023742,0.129971,1.000000,0.056101,-0.294157,0.002441,-0.078755,-0.067514,0.064613,0.005865,-0.120459,-0.177514,0.118532,0.179812,-0.061849,-0.051361,-0.033310,-0.050702,0.051963,-0.091059,-0.105272,0.114714,0.008339,-0.035456,-0.037900,0.042417,-0.114661,-0.123437,0.015421,0.193521,-0.035447,-0.077803,0.381142,0.151160,-0.175334,0.048212,0.001018,0.066207,0.322528,0.125345,-0.134601,-0.006437,0.163277,0.061478,0.389244,0.085283,0.215281,0.190308,-0.261847,0.192321,0.105937,-0.365737,0.103454,0.154363,0.031199,0.014066,0.116717,0.131206,0.199763,0.058535,0.110426,0.285762,0.052018,0.143654,0.024069,0.143008,0.172308,-0.005057,0.231213,-0.120402,0.224298,0.104632,-0.183620,-0.020951,-0.158609,0.041212,-0.176435,-0.181698,0.192942,0.221337,0.151816,-0.343762,-0.072718,-0.040786,0.047703,0.168788,0.089470,0.113834,0.141486,0.119079,0.221928,0.048836,-0.099984,-0.093447,-0.021745,0.166548,-0.050201,0.129397,-0.125062,0.182025,0.072391,0.112847,-0.438633,0.179126,0.195771,-0.080793,0.200044,0.329524,-0.168575,0.144854,-0.112289,-0.020380,0.133999,0.076536,-0.100097,-0.030732,-0.177368,0.200952,-0.003080,-0.094704,0.206784,-0.126812,-0.089695,-0.067175,0.202754,0.071743,0.044794,0.011291,0.027885,-0.094158,0.052807,-0.044848,-0.079001,0.053100,0.298474,0.082316,0.138270,0.178274,-0.050961,0.059507,-0.126310,-0.075094,0.111902,0.252867,-0.278534,0.096513,-0.026856,0.107383,-0.023165,0.053152,0.131996,0.118233,-0.052135,-0.012765,0.057749,0.283661,0.144839,-0.001952,-0.048974,0.149511,-0.043522,0.193493,-0.130564,-0.149642,-0.087212,0.179644,0.173580,0.116533,0.052494,0.021263,-0.122137,0.046196,-0.045379,0.210143,0.257414,-0.240486,-0.261396,-0.049568,0.155137,-0.280482,0.064130,0.163815,0.127287,#
20,-0.019483,0.046708,0.083553,0.052173,0.348973,-0.038436,0.067742,-0.129462,-0.207500,0.089390,0.020923,0.037747,0.050842,0.187116,0.191984,-0.204013,-0.110365,0.093637,0.116268,0.056101,1.000000,0.212642,0.023669,0.055910,0.019666,0.228380,0.125879,-0.135713,0.080691,-0.152260,-0.107675,-0.216833,0.069245,0.099460,0.068357,0.087478,0.092554,0.348033,0.275249,0.309495,-0.002609,0.073411,-0.007808,-0.200362,0.156228,0.087870,0.324648,-0.088614,-0.188268,0.090371,-0.212096,-0.090440,-0.163334,0.203303,0.359207,0.221649,0.154952,0.167759,-0.056132,-0.101642,0.056945,0.282617,0.018961,0.003335,-0.201350,-0.112368,-0.044726,0.235454,-0.050428,0.192725,0.369453,0.321949,0.147402,0.011457,0.026480,-0.096814,0.049183,-0.024244,0.054432,-0.021255,0.054246,0.150750,0.153058,-0.059959,0.189856,-0.020435,0.023805,-0.009193,0.316045,-0.047831,0.106339,-0.008415,0.010365,0.262747,0.305678,-0.056378,-0.085557,0.173696,0.015399,-0.027356,0.290150,0.089742,0.145666,-0.140302,0.158862,0.057059,0.133990,0.060089,0.045291,0.144772,0.207954,0.382680,0.105052,-0.188720,-0.041629,0.228466,0.345714,0.160507,0.088292,0.181919,-0.103457,0.152616,-0.118322,0.044566,-0.003410,-0.063571,0.010266,-0.043895,0.404479,0.055867,0.264340,0.050061,-0.130554,0.208368,0.034713,-0.217897,0.089593,-0.103242,-0.011011,0.023833,0.211940,0.140595,0.289343,0.227355,0.061768,0.134280,0.014739,0.018128,-0.248851,0.145518,0.226641,0.141676,-0.093056,0.253665,0.120106,0.065306,-0.143693,-0.169148,-0.226553,0.099505,0.108953,0.125456,0.134727,0.121122,0.073170,-0.071393,-0.180687,0.114697,0.035095,0.073455,0.073373,-0.262599,0.127047,0.012983,0.034714,0.119342,-0.024595,0.065286,0.170423,-0.004143,0.024125,0.043521,-0.101193,-0.056174,0.187072,-0.138778,0.197062,0.081759,0.060853,0.324320,-0.091773,0.010867,-0.193924,0.252003,-0.022636,0.107865,0.009631,0.108824,0.268905,0.246746,#
