0,1.000000,0.582462,0.668735,0.548178,0.300603,0.657967,0.554127,0.615486,0.606671,0.617269,0.495602,0.687954,0.472377,0.562916,0.650965,0.546992,0.556826,0.650578,0.581258,0.515927,0.651642,0.544845,0.653212,0.629781,0.480467,0.585257,0.557161,0.618867,0.437354,0.625096,0.591964,0.503435,0.594130,0.560729,0.594394,0.497155,0.577640,0.649640,0.533162,0.718102,0.728113,0.558479,0.700197,0.668465,0.608472,0.423541,0.638991,0.703662,0.513359,0.644394,0.524852,0.560739,0.576555,0.632304,0.564296,0.631430,0.585879,0.681009,0.585385,0.673753,0.686241,0.512385,0.625837,0.593854,0.522455,0.674479,0.707179,0.674766,0.690699,0.415861,0.612144,0.486259,0.705243,0.623355,0.606542,0.530762,0.668788,0.621387,0.568809,0.487370,0.699376,0.541089,0.565879,0.649689,0.661025,0.661839,0.575945,0.561745,0.467610,0.602468,0.638620,0.709402,0.520032,0.690916,0.665685,0.592932,0.549889,0.621811,0.645147,0.702987,0.601980,0.576982,0.622929,0.632510,0.587170,0.547132,0.542379,0.625309,0.542478,0.539318,0.627913,0.616089,0.671745,0.414268,0.553168,0.724284,0.488149,0.491877,0.538576,0.595525,0.419848,0.786842,0.627171,0.706362,0.643753,0.552058,0.500041,0.567080,0.435846,0.507004,0.595779,0.597822,0.583265,0.516096,0.604117,0.450625,0.579455,0.590558,0.607019,0.667948,0.529063,0.508977,0.508289,0.616840,0.675721,0.530768,0.561401,0.527404,0.646458,0.692760,0.638726,0.533997,0.594326,0.675887,0.461453,0.522835,0.480889,0.579153,0.627378,0.629158,0.655411,0.646577,0.488413,0.597821,0.546629,0.666087,0.626615,0.601002,0.553794,0.596306,0.637251,0.624738,0.519324,0.669764,0.677196,0.476304,0.546421,0.610879,0.585382,0.644274,0.474646,0.653037,0.538321,0.536023,0.611932,0.518135,0.613030,0.631765,0.526809,0.640446,0.627138,0.731399,0.654088,0.544777,0.545344,0.585749,0.592425,0.573440,0.669591,0.539126,#
1,0.582462,1.000000,0.516104,0.620606,0.525424,0.657080,0.513154,0.500198,0.511917,0.594977,0.508204,0.596981,0.438127,0.489720,0.674789,0.607078,0.461077,0.531542,0.519871,0.534680,0.619619,0.777147,0.680763,0.682493,0.495668,0.361854,0.651424,0.609923,0.409136,0.449247,0.657407,0.604687,0.601847,0.642238,0.613593,0.545116,0.431282,0.633670,0.532715,0.599730,0.568419,0.573466,0.552147,0.647149,0.509972,0.521692,0.655945,0.582526,0.577445,0.628416,0.508864,0.609332,0.661324,0.480262,0.635815,0.584550,0.506118,0.675787,0.696051,0.560831,0.460348,0.626787,0.428290,0.340318,0.579505,0.559231,0.638647,0.712798,0.631951,0.534819,0.497434,0.531729,0.663272,0.468791,0.537452,0.581895,0.526581,0.582503,0.569465,0.522201,0.577068,0.578190,0.694038,0.655750,0.606586,0.541409,0.489505,0.563783,0.646536,0.598169,0.553541,0.545277,0.553288,0.599325,0.501556,0.539888,0.613546,0.550269,0.487243,0.589538,0.579118,0.699398,0.453540,0.534501,0.499661,0.471587,0.531747,0.574331,0.512889,0.458037,0.626385,0.530681,0.577992,0.536871,0.563111,0.511865,0.512318,0.604851,0.422011,0.587682,0.611008,0.602521,0.565247,0.584838,0.478067,0.450867,0.569312,0.654669,0.511284,0.677155,0.523919,0.605988,0.437102,0.554944,0.678231,0.466066,0.577115,0.450993,0.557835,0.509535,0.545483,0.508899,0.589577,0.603707,0.532098,0.575915,0.607908,0.470485,0.639711,0.574616,0.646471,0.595811,0.589805,0.535730,0.460117,0.423994,0.480161,0.631395,0.496023,0.571836,0.515765,0.682220,0.585326,0.660886,0.558765,0.536259,0.522726,0.552082,0.372423,0.623720,0.567197,0.482975,0.505132,0.680104,0.503136,0.369011,0.518818,0.583934,0.560073,0.730401,0.459885,0.645307,0.547872,0.502688,0.569826,0.619717,0.666798,0.377776,0.463011,0.467224,0.603626,0.409067,0.593115,0.510874,0.639847,0.473972,0.562980,0.586019,0.517458,0.555884,#
2,0.668735,0.516104,1.000000,0.471189,0.317598,0.577896,0.492211,0.616598,0.502922,0.503582,0.537756,0.521452,0.414378,0.423143,0.631245,0.438061,0.573216,0.498829,0.453984,0.529337,0.467380,0.606871,0.541969,0.708065,0.468223,0.445511,0.649922,0.605309,0.602371,0.661978,0.608806,0.410733,0.496432,0.463032,0.553961,0.582494,0.592030,0.579836,0.627834,0.482634,0.593994,0.606274,0.582171,0.522608,0.485386,0.442092,0.698988,0.526191,0.499977,0.687909,0.394621,0.558737,0.565674,0.600589,0.675158,0.533252,0.525833,0.573984,0.516493,0.496981,0.586698,0.631817,0.611952,0.580517,0.580227,0.655331,0.663384,0.543329,0.647107,0.496288,0.575870,0.473017,0.666617,0.496283,0.660981,0.631071,0.614887,0.615098,0.470995,0.563262,0.614772,0.573135,0.579850,0.565646,0.650674,0.622908,0.581938,0.554948,0.531408,0.515304,0.575140,0.728171,0.533115,0.525641,0.639083,0.587899,0.538975,0.567914,0.691634,0.666429,0.537753,0.544340,0.505727,0.557811,0.443961,0.582791,0.628116,0.497540,0.637428,0.556843,0.601531,0.489335,0.659090,0.485657,0.506931,0.528063,0.471104,0.503522,0.578440,0.522953,0.505993,0.598817,0.492146,0.582895,0.625390,0.490615,0.573739,0.531740,0.406609,0.609724,0.610036,0.681864,0.638637,0.608948,0.544941,0.524488,0.530715,0.487632,0.551852,0.448741,0.587577,0.469890,0.372296,0.482487,0.486069,0.667227,0.571884,0.486819,0.467317,0.569335,0.619075,0.501573,0.541275,0.619490,0.451342,0.587169,0.491920,0.482229,0.445647,0.456780,0.421165,0.453083,0.501389,0.596647,0.486538,0.628123,0.737773,0.582809,0.375491,0.523929,0.555442,0.497981,0.472739,0.510567,0.588733,0.367551,0.298184,0.569135,0.545260,0.552265,0.486927,0.613963,0.481207,0.543764,0.461962,0.488957,0.580801,0.564307,0.582857,0.536569,0.564170,0.595702,0.717244,0.460999,0.555265,0.660993,0.505631,0.668707,0.473966,0.524846,#
3,0.548178,0.620606,0.471189,1.000000,0.446517,0.573876,0.525622,0.498832,0.539345,0.624202,0.515216,0.562354,0.575252,0.534302,0.581063,0.733198,0.574779,0.563820,0.614514,0.493322,0.548119,0.684635,0.574133,0.559138,0.685735,0.558971,0.540435,0.533717,0.513684,0.507369,0.568880,0.619245,0.606720,0.638178,0.492253,0.491437,0.543526,0.670580,0.293598,0.582690,0.652875,0.497599,0.555457,0.590413,0.509632,0.696012,0.666711,0.552367,0.668105,0.608419,0.539530,0.431957,0.539523,0.485030,0.529460,0.580029,0.443213,0.591435,0.670461,0.552103,0.530342,0.588982,0.442248,0.513024,0.607715,0.662532,0.571938,0.674131,0.564793,0.532875,0.572864,0.580532,0.554840,0.543861,0.553495,0.493052,0.550539,0.534342,0.543053,0.576334,0.667142,0.422326,0.551787,0.653744,0.585262,0.592534,0.578246,0.484246,0.505743,0.600228,0.467382,0.620965,0.646239,0.650545,0.545770,0.575141,0.559634,0.492138,0.522783,0.597806,0.451855,0.529757,0.457143,0.546265,0.515648,0.566941,0.486637,0.582077,0.485767,0.498883,0.644208,0.524205,0.531763,0.526740,0.629224,0.627998,0.439245,0.488898,0.537198,0.514887,0.451499,0.547481,0.545526,0.526127,0.514826,0.493049,0.617287,0.506449,0.505049,0.582767,0.426159,0.593480,0.441214,0.615765,0.691656,0.561347,0.723509,0.447315,0.471196,0.473765,0.517516,0.502899,0.485578,0.447732,0.519900,0.635456,0.519259,0.582656,0.601425,0.474454,0.540991,0.492714,0.440380,0.530779,0.493893,0.473074,0.590094,0.538886,0.461202,0.518753,0.520537,0.596318,0.491892,0.657726,0.518991,0.515009,0.513897,0.471597,0.495249,0.501924,0.521203,0.663487,0.496852,0.654721,0.512877,0.570915,0.501788,0.546223,0.621359,0.639413,0.416289,0.687967,0.500429,0.466691,0.451353,0.515334,0.532193,0.444527,0.582155,0.642242,0.436533,0.501908,0.502420,0.503165,0.526451,0.524625,0.515183,0.508631,0.492491,0.548008,#
4,0.300603,0.525424,0.317598,0.446517,1.000000,0.619396,0.494215,0.343622,0.249127,0.459819,0.460765,0.440638,0.242209,0.529669,0.461371,0.506988,0.432227,0.530227,0.421134,0.536112,0.403038,0.466215,0.372097,0.513681,0.445843,0.238896,0.424224,0.435133,0.291743,0.434544,0.607451,0.337499,0.539188,0.303365,0.367767,0.366022,0.412742,0.475597,0.281752,0.537254,0.444409,0.401400,0.377177,0.512364,0.423149,0.583472,0.511182,0.392843,0.544258,0.569018,0.319722,0.332279,0.506807,0.222640,0.464291,0.529561,0.375909,0.400684,0.546117,0.559116,0.298343,0.518696,0.368147,0.413848,0.483230,0.461564,0.498416,0.547723,0.457130,0.390552,0.610685,0.657582,0.409269,0.380230,0.314269,0.445027,0.403612,0.533933,0.440543,0.369335,0.445059,0.302499,0.537897,0.377633,0.542582,0.353485,0.399174,0.305666,0.533936,0.568551,0.342617,0.372224,0.336948,0.518032,0.340944,0.327457,0.432044,0.309932,0.340521,0.398818,0.538538,0.579444,0.448983,0.385664,0.502881,0.348810,0.407448,0.407096,0.430878,0.362302,0.386931,0.459454,0.531279,0.596736,0.361248,0.396013,0.399002,0.550595,0.356122,0.333711,0.422488,0.452223,0.527969,0.451602,0.375034,0.455257,0.354187,0.318185,0.556812,0.489534,0.604152,0.531544,0.315715,0.417977,0.563384,0.538442,0.481874,0.474776,0.357182,0.291035,0.313278,0.474222,0.464277,0.428781,0.398501,0.471915,0.521722,0.351168,0.430150,0.481433,0.526075,0.614932,0.378808,0.342190,0.465174,0.371092,0.510393,0.414377,0.471061,0.296454,0.311026,0.455237,0.491272,0.523145,0.441145,0.376197,0.427651,0.332010,0.417814,0.422859,0.373719,0.484019,0.420257,0.430701,0.604897,0.415882,0.277370,0.416874,0.449687,0.502649,0.494893,0.522155,0.581606,0.384619,0.517184,0.421075,0.393666,0.571339,0.325856,0.263184,0.409302,0.255702,0.386494,0.495498,0.480823,0.300783,0.470782,0.480069,0.370849,0.350672,#
5,0.657967,0.657080,0.577896,0.573876,0.619396,1.000000,0.583974,0.627435,0.570706,0.613656,0.479777,0.584399,0.457562,0.577115,0.563546,0.623598,0.501624,0.588228,0.606575,0.498553,0.539853,0.613465,0.599055,0.590828,0.539300,0.477486,0.665479,0.768227,0.432467,0.605574,0.649205,0.538584,0.613824,0.622492,0.537758,0.601212,0.546641,0.609566,0.485499,0.635756,0.623407,0.512393,0.517145,0.667263,0.638998,0.531359,0.636672,0.656331,0.599544,0.643706,0.566758,0.464229,0.630570,0.585020,0.626272,0.710710,0.558024,0.647196,0.753690,0.701717,0.470894,0.630615,0.513549,0.651212,0.511857,0.636476,0.610076,0.679646,0.675634,0.611088,0.695494,0.639475,0.666586,0.564430,0.543450,0.491943,0.640250,0.623777,0.538463,0.400204,0.656879,0.583429,0.600409,0.634131,0.692370,0.615530,0.574407,0.518987,0.611669,0.623490,0.582168,0.605317,0.501966,0.622281,0.535369,0.525479,0.595702,0.558890,0.680674,0.583376,0.669771,0.651421,0.688187,0.625424,0.589560,0.499737,0.567934,0.650976,0.558612,0.596776,0.592984,0.642118,0.623912,0.538729,0.508668,0.528822,0.598530,0.634627,0.452793,0.631621,0.462582,0.649533,0.663749,0.734012,0.517901,0.633262,0.644730,0.503444,0.564852,0.545049,0.697421,0.675646,0.613067,0.669295,0.615492,0.480502,0.623839,0.612597,0.557515,0.536461,0.475170,0.525603,0.594198,0.616749,0.746815,0.561589,0.570559,0.586367,0.576001,0.737322,0.684498,0.691775,0.529278,0.547078,0.380714,0.554173,0.524178,0.662525,0.635558,0.551063,0.524001,0.664519,0.645619,0.690697,0.555389,0.598757,0.607493,0.590863,0.424501,0.572484,0.773892,0.614960,0.589065,0.541865,0.541141,0.504369,0.449637,0.639515,0.721163,0.706485,0.602236,0.659013,0.504016,0.550872,0.602381,0.529349,0.550452,0.645427,0.684969,0.548781,0.528471,0.621310,0.662210,0.587136,0.589582,0.512244,0.544043,0.683652,0.652601,0.608235,#
6,0.554127,0.513154,0.492211,0.525622,0.494215,0.583974,1.000000,0.548802,0.557532,0.627260,0.586307,0.638946,0.476365,0.606114,0.521452,0.639846,0.625634,0.655333,0.587700,0.481754,0.608923,0.586719,0.545780,0.527556,0.627670,0.626243,0.597682,0.573732,0.471392,0.612211,0.641762,0.579699,0.754221,0.615071,0.476067,0.567774,0.656228,0.581320,0.515160,0.556175,0.684931,0.586442,0.601853,0.638601,0.612683,0.462831,0.667547,0.721889,0.708002,0.729668,0.580753,0.552424,0.661229,0.344261,0.659753,0.611688,0.629300,0.685257,0.706003,0.518132,0.676247,0.617480,0.565565,0.550397,0.656511,0.578771,0.674455,0.727417,0.662791,0.445192,0.687840,0.751036,0.647043,0.555428,0.521799,0.562408,0.603014,0.707963,0.619184,0.479028,0.711422,0.574595,0.523827,0.751989,0.613111,0.512858,0.573558,0.591333,0.612048,0.630984,0.581532,0.592691,0.470711,0.679289,0.568621,0.545638,0.630143,0.600186,0.580945,0.566481,0.586434,0.623946,0.588511,0.637228,0.646039,0.471347,0.646427,0.596343,0.618675,0.468088,0.515546,0.620313,0.600165,0.464775,0.402923,0.550039,0.463019,0.558751,0.419994,0.561229,0.470970,0.610251,0.519794,0.669031,0.582779,0.541767,0.491452,0.578901,0.523660,0.472382,0.676587,0.612120,0.409065,0.493764,0.669446,0.554793,0.618660,0.576796,0.615993,0.593783,0.536851,0.557111,0.489183,0.614262,0.533518,0.654040,0.719315,0.541754,0.588425,0.561843,0.576298,0.644967,0.415171,0.456234,0.483786,0.441787,0.622384,0.397823,0.477745,0.642087,0.586640,0.592885,0.448919,0.609717,0.641068,0.594273,0.672212,0.348659,0.490113,0.628241,0.649693,0.599811,0.463854,0.482039,0.611873,0.639137,0.376323,0.552363,0.581759,0.659940,0.527164,0.598310,0.603330,0.560253,0.566197,0.571465,0.596101,0.556888,0.543834,0.591182,0.579659,0.554226,0.547369,0.510615,0.679901,0.688442,0.674958,0.651773,0.485732,0.566243,#
7,0.615486,0.500198,0.616598,0.498832,0.343622,0.627435,0.548802,1.000000,0.641118,0.542925,0.536419,0.436217,0.486240,0.535306,0.535360,0.496120,0.439967,0.551372,0.444889,0.493648,0.573415,0.468141,0.642062,0.545327,0.481616,0.590085,0.567465,0.555599,0.462972,0.664343,0.522136,0.522656,0.450536,0.546541,0.526633,0.592015,0.557489,0.540457,0.477979,0.630398,0.574962,0.582553,0.541066,0.572816,0.554903,0.378489,0.598708,0.585812,0.607257,0.555017,0.611748,0.513363,0.621410,0.654983,0.541158,0.589108,0.587770,0.545119,0.621821,0.636888,0.449539,0.552027,0.565794,0.612535,0.575728,0.660858,0.707041,0.610662,0.690053,0.362705,0.656647,0.507854,0.599358,0.593808,0.498866,0.554826,0.601448,0.570674,0.412410,0.432622,0.664689,0.502811,0.587535,0.564359,0.559723,0.551888,0.694448,0.479757,0.496507,0.518708,0.584944,0.693648,0.449136,0.533700,0.549521,0.460491,0.598682,0.571792,0.608485,0.567522,0.500206,0.542174,0.552086,0.505756,0.498988,0.411102,0.497902,0.572799,0.524669,0.514966,0.657553,0.582197,0.605741,0.496411,0.395574,0.642097,0.426049,0.522339,0.410216,0.531894,0.495808,0.501366,0.501479,0.637583,0.713390,0.593210,0.484231,0.518815,0.324476,0.506040,0.534902,0.641064,0.558617,0.492410,0.560530,0.537364,0.555643,0.653916,0.481364,0.511557,0.445760,0.488069,0.566714,0.579405,0.608157,0.596724,0.589806,0.392516,0.597017,0.595784,0.512033,0.473942,0.591801,0.472215,0.321404,0.546013,0.565714,0.563188,0.619459,0.565923,0.506681,0.561202,0.556490,0.554493,0.530385,0.521865,0.628283,0.572944,0.462983,0.484126,0.664726,0.544312,0.446753,0.538859,0.551111,0.287855,0.397817,0.498813,0.613752,0.611449,0.416321,0.674842,0.525766,0.536769,0.482718,0.555910,0.569743,0.464563,0.563424,0.666052,0.570440,0.560437,0.515587,0.509931,0.635341,0.576382,0.524820,0.657843,0.596843,0.529102,#
8,0.606671,0.511917,0.502922,0.539345,0.249127,0.570706,0.557532,0.641118,1.000000,0.528646,0.497947,0.535818,0.544178,0.528835,0.552923,0.589740,0.482786,0.680520,0.476037,0.607333,0.599801,0.613860,0.598826,0.522314,0.666361,0.552439,0.578376,0.478214,0.528770,0.585791,0.540521,0.513989,0.531567,0.517039,0.516972,0.639807,0.526076,0.592323,0.469169,0.537018,0.547508,0.502146,0.714813,0.478477,0.557869,0.429042,0.606683,0.674219,0.549597,0.591224,0.592989,0.502564,0.487737,0.627666,0.568581,0.593379,0.561112,0.494830,0.608283,0.463815,0.539843,0.587066,0.636143,0.569577,0.632034,0.605000,0.622315,0.690558,0.680471,0.371207,0.593292,0.583584,0.625808,0.518879,0.580652,0.401974,0.557285,0.548896,0.472664,0.455833,0.669936,0.525939,0.544596,0.606379,0.605906,0.514486,0.500040,0.593998,0.566190,0.475112,0.552084,0.572318,0.470592,0.547640,0.533442,0.566743,0.573514,0.588684,0.637197,0.611487,0.648251,0.443625,0.535696,0.587031,0.444427,0.486834,0.536920,0.568240,0.430633,0.621938,0.507605,0.525346,0.629022,0.410578,0.424023,0.576659,0.405035,0.478054,0.542088,0.576284,0.469237,0.571744,0.491426,0.599990,0.491802,0.485806,0.481752,0.489805,0.450906,0.543762,0.428139,0.639854,0.522209,0.472751,0.614802,0.546560,0.582658,0.479908,0.590109,0.535012,0.510265,0.527514,0.576419,0.544879,0.581109,0.469508,0.496899,0.468677,0.606646,0.580398,0.512847,0.526427,0.490244,0.623013,0.332064,0.506290,0.583354,0.640583,0.627935,0.581945,0.499286,0.568787,0.664557,0.617546,0.537879,0.536478,0.519289,0.550963,0.480571,0.450294,0.677152,0.553276,0.468933,0.539823,0.523817,0.437883,0.411758,0.538718,0.545529,0.592967,0.440806,0.658144,0.550836,0.520908,0.489846,0.506867,0.664950,0.533421,0.555005,0.670988,0.676926,0.642794,0.653458,0.583372,0.560402,0.479100,0.489476,0.590081,0.561703,0.658680,#
9,0.617269,0.594977,0.503582,0.624202,0.459819,0.613656,0.627260,0.542925,0.528646,1.000000,0.570255,0.570563,0.621724,0.596922,0.733856,0.691973,0.628319,0.634948,0.532661,0.447470,0.625239,0.557146,0.609384,0.674974,0.569272,0.547248,0.554609,0.697858,0.490494,0.671388,0.612621,0.571114,0.652158,0.577179,0.580048,0.565232,0.606736,0.700341,0.540055,0.604836,0.635117,0.645302,0.572185,0.596114,0.625927,0.580180,0.608552,0.625264,0.651159,0.635558,0.588711,0.496484,0.507611,0.556609,0.643567,0.625696,0.588999,0.726420,0.618095,0.598510,0.575782,0.641389,0.556650,0.567060,0.521955,0.651309,0.664454,0.689591,0.702429,0.447073,0.575126,0.599791,0.678904,0.558647,0.573167,0.627122,0.657009,0.676341,0.542836,0.653460,0.686740,0.642211,0.606162,0.772598,0.554503,0.569548,0.562517,0.666735,0.597658,0.591763,0.531747,0.576485,0.595481,0.607357,0.591818,0.619671,0.628426,0.518808,0.563376,0.655484,0.704230,0.658498,0.618490,0.662520,0.582806,0.489714,0.573980,0.687663,0.632588,0.633795,0.701309,0.599358,0.599298,0.570160,0.514988,0.693489,0.295692,0.586769,0.462108,0.657725,0.434379,0.725611,0.637251,0.641305,0.630209,0.644104,0.625634,0.563232,0.563599,0.564927,0.518630,0.685252,0.499886,0.510955,0.624431,0.461302,0.657817,0.609835,0.543142,0.499871,0.602500,0.608554,0.592212,0.692148,0.597587,0.742469,0.640118,0.551427,0.677843,0.564267,0.629832,0.635427,0.492836,0.625153,0.586993,0.491974,0.567725,0.560682,0.544951,0.589572,0.658141,0.723320,0.579409,0.596234,0.643831,0.689884,0.479672,0.534585,0.548614,0.592853,0.640855,0.522410,0.571568,0.496652,0.634509,0.633943,0.547334,0.620998,0.502626,0.687558,0.682430,0.616980,0.673420,0.502694,0.564358,0.588278,0.618866,0.597603,0.622328,0.509084,0.634423,0.622876,0.546106,0.499567,0.558181,0.545083,0.713147,0.598909,0.577928,0.587811,#
10,0.495602,0.508204,0.537756,0.515216,0.460765,0.479777,0.586307,0.536419,0.497947,0.570255,1.000000,0.506661,0.514293,0.509886,0.539295,0.552932,0.552978,0.533969,0.555990,0.514260,0.550013,0.581730,0.609573,0.696629,0.445693,0.524088,0.557794,0.596458,0.561450,0.646136,0.546850,0.476980,0.652370,0.592085,0.562370,0.586376,0.587409,0.557865,0.558764,0.641908,0.592467,0.552240,0.646794,0.474023,0.529018,0.513515,0.708126,0.558856,0.567003,0.729403,0.612938,0.603667,0.452398,0.383908,0.625086,0.631267,0.539039,0.620459,0.558420,0.586458,0.592290,0.592314,0.628698,0.505378,0.611356,0.479815,0.712262,0.551221,0.701423,0.420547,0.691390,0.564012,0.693214,0.373403,0.621589,0.655738,0.616437,0.675921,0.528752,0.505367,0.676398,0.525037,0.513692,0.560811,0.567073,0.523523,0.548222,0.445787,0.568682,0.686467,0.472828,0.598247,0.658094,0.459244,0.443780,0.556787,0.595553,0.677871,0.506066,0.587489,0.500011,0.529189,0.531490,0.593918,0.616262,0.543715,0.631336,0.470806,0.469271,0.546184,0.587040,0.515039,0.660684,0.593815,0.442343,0.624356,0.374283,0.547816,0.486932,0.535617,0.457562,0.554044,0.458039,0.606136,0.593918,0.453601,0.525913,0.570391,0.592250,0.617292,0.518211,0.569970,0.423361,0.517877,0.613926,0.679084,0.563284,0.434078,0.607545,0.646493,0.609187,0.611639,0.412924,0.531824,0.495016,0.606982,0.646896,0.516926,0.555496,0.602354,0.473984,0.550168,0.464034,0.522655,0.525928,0.437903,0.598945,0.619570,0.449372,0.498106,0.589773,0.485741,0.458093,0.619106,0.579987,0.454570,0.497070,0.438809,0.532777,0.646023,0.492165,0.642139,0.374338,0.475494,0.646997,0.481266,0.340593,0.512986,0.480428,0.553829,0.430295,0.641356,0.604468,0.498982,0.440736,0.621117,0.584525,0.534028,0.410580,0.586678,0.568635,0.514270,0.574154,0.584091,0.564536,0.595633,0.666018,0.543461,0.486597,0.599533,#
11,0.687954,0.596981,0.521452,0.562354,0.440638,0.584399,0.638946,0.436217,0.535818,0.570563,0.506661,1.000000,0.597279,0.637002,0.621480,0.604166,0.568204,0.709064,0.762146,0.570199,0.527681,0.600296,0.637085,0.626251,0.554064,0.500793,0.607348,0.491315,0.548570,0.502091,0.535373,0.583332,0.723154,0.603658,0.481691,0.671893,0.640800,0.672345,0.521749,0.619513,0.642691,0.465978,0.651337,0.544190,0.626888,0.393364,0.704750,0.728089,0.638640,0.729963,0.504333,0.467865,0.641016,0.425393,0.596297,0.628331,0.536500,0.677583,0.613436,0.565317,0.564652,0.543803,0.606125,0.529080,0.607190,0.646377,0.630594,0.704784,0.720488,0.484705,0.686068,0.510852,0.659455,0.593552,0.716237,0.536694,0.763343,0.644206,0.488082,0.497212,0.576885,0.539045,0.690121,0.678070,0.757663,0.630803,0.504963,0.546761,0.524942,0.495864,0.679770,0.615550,0.541128,0.585454,0.512994,0.542840,0.605861,0.620105,0.608864,0.707315,0.533760,0.654811,0.688327,0.595042,0.640113,0.462127,0.576647,0.638433,0.539786,0.589959,0.612135,0.663785,0.635555,0.483406,0.489359,0.587426,0.525049,0.446964,0.590912,0.649247,0.450693,0.634235,0.537646,0.669501,0.617518,0.577056,0.671685,0.542833,0.571950,0.608159,0.640615,0.541406,0.481575,0.553026,0.680165,0.485924,0.598326,0.515011,0.638110,0.556100,0.497831,0.510515,0.566848,0.677683,0.588965,0.654578,0.574821,0.550782,0.647477,0.601793,0.600787,0.544259,0.531490,0.686552,0.532740,0.495555,0.673197,0.524502,0.530402,0.574661,0.690643,0.694354,0.618201,0.665682,0.654102,0.600985,0.741896,0.523867,0.569649,0.697265,0.650911,0.597410,0.679138,0.668299,0.637137,0.521595,0.598760,0.586852,0.597619,0.659113,0.479450,0.672906,0.683276,0.475985,0.591797,0.492480,0.597854,0.652691,0.447770,0.569485,0.609865,0.634359,0.577579,0.585715,0.529853,0.565403,0.596291,0.551750,0.509889,0.534792,#
12,0.472377,0.438127,0.414378,0.575252,0.242209,0.457562,0.476365,0.486240,0.544178,0.621724,0.514293,0.597279,1.000000,0.567274,0.625328,0.565474,0.409731,0.597289,0.598751,0.440539,0.518044,0.433435,0.600940,0.603598,0.553027,0.555036,0.488017,0.587634,0.450834,0.504298,0.419654,0.508907,0.528525,0.654212,0.478156,0.583437,0.582645,0.661050,0.505716,0.482153,0.472538,0.433112,0.553461,0.487163,0.619026,0.524384,0.644313,0.469342,0.563100,0.590842,0.635708,0.363112,0.420498,0.493374,0.614240,0.581702,0.501982,0.509167,0.488388,0.509286,0.519288,0.613855,0.593059,0.500984,0.607367,0.634048,0.534568,0.537899,0.704145,0.498619,0.590630,0.499663,0.539816,0.485670,0.592392,0.477831,0.619779,0.595650,0.511957,0.546885,0.592612,0.432797,0.558006,0.639091,0.529925,0.551370,0.384890,0.566414,0.453195,0.385447,0.591112,0.581377,0.596053,0.439506,0.503158,0.608737,0.667025,0.506254,0.529186,0.553701,0.367130,0.576401,0.524820,0.604186,0.392208,0.440420,0.386985,0.456575,0.575169,0.554522,0.590774,0.575504,0.595087,0.356829,0.577710,0.610923,0.263852,0.376883,0.529841,0.720400,0.374862,0.556054,0.432914,0.569283,0.554763,0.535510,0.645762,0.429641,0.489671,0.483326,0.395107,0.453748,0.375928,0.495379,0.499829,0.490175,0.494536,0.460749,0.422697,0.479647,0.577665,0.462419,0.435469,0.647462,0.410972,0.576107,0.546958,0.404796,0.635569,0.598427,0.541399,0.404081,0.515976,0.491117,0.361057,0.579495,0.622464,0.646082,0.573125,0.551997,0.517382,0.603226,0.526394,0.572652,0.619406,0.317468,0.443304,0.617742,0.378015,0.557325,0.532923,0.533291,0.495839,0.512031,0.463896,0.391567,0.629539,0.578196,0.458497,0.545123,0.434321,0.628289,0.601130,0.374454,0.389820,0.395616,0.439385,0.535488,0.531473,0.518041,0.464307,0.526064,0.468578,0.433263,0.417384,0.602846,0.559225,0.549218,0.589761,0.426426,#
13,0.562916,0.489720,0.423143,0.534302,0.529669,0.577115,0.606114,0.535306,0.528835,0.596922,0.509886,0.637002,0.567274,1.000000,0.608166,0.475146,0.397773,0.695774,0.549734,0.541931,0.505367,0.465269,0.597022,0.533256,0.595872,0.467854,0.459567,0.554628,0.457889,0.617214,0.470413,0.457093,0.628023,0.581997,0.318201,0.529730,0.566156,0.637746,0.485954,0.644264,0.720660,0.491034,0.606172,0.539075,0.618223,0.595944,0.671916,0.567589,0.602929,0.628361,0.665247,0.528168,0.542240,0.455802,0.575468,0.708110,0.637851,0.674300,0.708591,0.644140,0.546528,0.567408,0.560931,0.613200,0.682911,0.679919,0.597741,0.705672,0.673037,0.415057,0.587976,0.570683,0.632650,0.590367,0.552740,0.530037,0.618589,0.646852,0.649189,0.521877,0.636886,0.597959,0.557763,0.702589,0.552291,0.690445,0.551276,0.447633,0.593429,0.514412,0.444437,0.652281,0.466363,0.539538,0.570169,0.560396,0.572713,0.534823,0.531591,0.582469,0.550483,0.612416,0.660195,0.588933,0.582328,0.584296,0.564426,0.574241,0.552879,0.507672,0.517203,0.632250,0.604692,0.503580,0.566088,0.679216,0.355765,0.542009,0.588730,0.592782,0.566454,0.620621,0.568300,0.520809,0.550854,0.637301,0.671049,0.561213,0.519481,0.563657,0.582190,0.516984,0.451467,0.570759,0.604232,0.521502,0.617254,0.648530,0.663354,0.498181,0.560021,0.692262,0.581961,0.606714,0.520793,0.581822,0.636959,0.441720,0.646731,0.596250,0.618596,0.607320,0.465145,0.547711,0.461371,0.414042,0.664051,0.587134,0.656936,0.509935,0.577654,0.671020,0.480681,0.644667,0.625838,0.563924,0.546958,0.528000,0.572712,0.612409,0.645994,0.683122,0.716848,0.568519,0.728146,0.549267,0.564221,0.566188,0.633634,0.601732,0.499648,0.622976,0.672067,0.470449,0.689208,0.593821,0.580662,0.630569,0.532656,0.592372,0.523843,0.525837,0.581825,0.604015,0.617089,0.489372,0.625700,0.615643,0.536259,0.427982,#
14,0.650965,0.674789,0.631245,0.581063,0.461371,0.563546,0.521452,0.535360,0.552923,0.733856,0.539295,0.621480,0.625328,0.608166,1.000000,0.594723,0.529376,0.573757,0.503124,0.577294,0.623973,0.614769,0.648563,0.766758,0.607745,0.402357,0.603378,0.591026,0.449730,0.632608,0.698788,0.472472,0.595461,0.578959,0.689385,0.635404,0.474950,0.672769,0.627996,0.526855,0.642214,0.568465,0.606100,0.612448,0.650440,0.538039,0.708197,0.549859,0.574970,0.636571,0.551911,0.559342,0.546053,0.683616,0.642550,0.598284,0.541757,0.608850,0.605488,0.478822,0.588252,0.699072,0.600192,0.512518,0.630582,0.593406,0.664631,0.658556,0.731848,0.495448,0.513472,0.531926,0.629465,0.648517,0.638117,0.539480,0.543823,0.713170,0.607005,0.578842,0.621784,0.553029,0.604630,0.656583,0.628690,0.630268,0.530947,0.518980,0.641332,0.427230,0.547345,0.606675,0.612445,0.653535,0.668591,0.539404,0.595678,0.549390,0.515861,0.666374,0.681512,0.655593,0.638389,0.557243,0.568386,0.583488,0.509591,0.520366,0.678959,0.635064,0.663022,0.657937,0.646931,0.557081,0.450435,0.571702,0.349273,0.426278,0.531274,0.582648,0.524118,0.674096,0.497364,0.566013,0.616100,0.534727,0.642655,0.602869,0.464561,0.571631,0.542898,0.659677,0.441327,0.483933,0.598323,0.533866,0.640798,0.523391,0.610756,0.530851,0.640464,0.616735,0.487419,0.665412,0.493120,0.701173,0.670110,0.490779,0.666136,0.543153,0.656191,0.561777,0.488022,0.600122,0.537122,0.539834,0.549539,0.602101,0.529194,0.599584,0.613885,0.614986,0.556886,0.619688,0.562925,0.523588,0.542343,0.582713,0.437051,0.644993,0.592788,0.550711,0.591563,0.606823,0.679181,0.509167,0.644757,0.611939,0.544974,0.632836,0.503037,0.694206,0.608704,0.552220,0.637166,0.584562,0.618087,0.535271,0.608001,0.537284,0.586899,0.495452,0.591158,0.633672,0.541573,0.575459,0.586484,0.592132,0.461823,0.434416,#
15,0.546992,0.607078,0.438061,0.733198,0.506988,0.623598,0.639846,0.496120,0.589740,0.691973,0.552932,0.604166,0.565474,0.475146,0.594723,1.000000,0.542518,0.553236,0.600645,0.532594,0.515087,0.656804,0.582876,0.577535,0.569565,0.462079,0.477517,0.507051,0.448141,0.520152,0.668878,0.572216,0.659668,0.718507,0.440914,0.623566,0.590146,0.631891,0.502060,0.482633,0.546129,0.463561,0.543621,0.528420,0.641560,0.488195,0.638942,0.587609,0.704818,0.653596,0.534841,0.544641,0.488606,0.419446,0.571467,0.572499,0.528293,0.611935,0.626100,0.523064,0.556638,0.636338,0.479830,0.604343,0.541360,0.597272,0.563225,0.697312,0.626650,0.429679,0.647678,0.635089,0.591008,0.506961,0.566577,0.460517,0.580240,0.589179,0.562344,0.504682,0.566877,0.465589,0.637876,0.624584,0.637207,0.544157,0.443222,0.507970,0.546483,0.504438,0.488420,0.557607,0.523625,0.593792,0.467550,0.453565,0.559268,0.617726,0.514335,0.608999,0.592740,0.603924,0.582878,0.602138,0.581643,0.394952,0.501521,0.646486,0.507260,0.582665,0.514504,0.455511,0.624844,0.490802,0.499175,0.514385,0.442570,0.518888,0.515976,0.629473,0.388008,0.605721,0.561376,0.651294,0.643704,0.562839,0.551437,0.506844,0.630563,0.530376,0.580793,0.588594,0.333694,0.449451,0.646564,0.550832,0.647779,0.529229,0.470251,0.454070,0.531266,0.547484,0.462404,0.618178,0.572220,0.676174,0.557251,0.471152,0.585323,0.641160,0.616701,0.560954,0.542124,0.613991,0.476732,0.488576,0.673967,0.526663,0.605933,0.555560,0.539573,0.687785,0.589163,0.672737,0.597712,0.529920,0.487602,0.472628,0.569821,0.545799,0.567111,0.579744,0.452435,0.590162,0.562731,0.623872,0.446020,0.512738,0.580352,0.590916,0.509330,0.628762,0.520607,0.599229,0.487380,0.430028,0.508260,0.490355,0.514694,0.560528,0.479670,0.547744,0.581575,0.523628,0.577365,0.529069,0.631337,0.513659,0.554952,0.663057,#
16,0.556826,0.461077,0.573216,0.574779,0.432227,0.501624,0.625634,0.439967,0.482786,0.628319,0.552978,0.568204,0.409731,0.397773,0.529376,0.542518,1.000000,0.521183,0.620305,0.461576,0.671108,0.568092,0.410600,0.613949,0.464659,0.460239,0.560633,0.402703,0.436084,0.535622,0.614745,0.544505,0.574618,0.413697,0.498126,0.561348,0.624510,0.580244,0.392446,0.563758,0.469067,0.529284,0.501017,0.556500,0.496166,0.557929,0.567297,0.550886,0.552158,0.620952,0.416723,0.450469,0.580298,0.461153,0.509134,0.607996,0.313452,0.493698,0.560883,0.408530,0.641025,0.597216,0.539009,0.441347,0.478148,0.477916,0.631144,0.625807,0.657512,0.534368,0.601083,0.588641,0.538748,0.417788,0.528900,0.465084,0.550302,0.620936,0.374723,0.492654,0.655095,0.473286,0.525573,0.573010,0.656761,0.512805,0.519677,0.426548,0.546586,0.539202,0.441770,0.565543,0.551522,0.541563,0.585816,0.629287,0.556435,0.423986,0.630900,0.529377,0.544542,0.553254,0.487418,0.560166,0.502599,0.494277,0.632995,0.557427,0.660296,0.536753,0.582359,0.499285,0.553305,0.565566,0.426144,0.611901,0.479501,0.524325,0.353608,0.393430,0.345614,0.509046,0.469934,0.590294,0.593546,0.479432,0.512010,0.345439,0.494273,0.467754,0.606480,0.505092,0.447026,0.475043,0.636679,0.642730,0.528027,0.477862,0.482572,0.498445,0.478207,0.510266,0.561674,0.519770,0.416894,0.569194,0.579084,0.589636,0.436492,0.474552,0.467907,0.560557,0.357081,0.587759,0.627167,0.434913,0.433042,0.490006,0.420136,0.453736,0.489451,0.509034,0.580894,0.535089,0.592667,0.539074,0.578730,0.404581,0.495593,0.607279,0.468171,0.470733,0.498528,0.501137,0.530843,0.574785,0.257192,0.604569,0.523706,0.621055,0.458933,0.510727,0.608824,0.513843,0.432524,0.426383,0.610904,0.538314,0.525495,0.500673,0.594299,0.485972,0.598476,0.486722,0.476474,0.655772,0.598723,0.624744,0.526877,0.636205,#
17,0.650578,0.531542,0.498829,0.563820,0.530227,0.588228,0.655333,0.551372,0.680520,0.634948,0.533969,0.709064,0.597289,0.695774,0.573757,0.553236,0.521183,1.000000,0.541394,0.612763,0.575740,0.552129,0.647801,0.613457,0.683171,0.548826,0.616759,0.527497,0.450846,0.633687,0.642159,0.623911,0.627696,0.508299,0.450000,0.601965,0.623927,0.663693,0.456386,0.739738,0.612416,0.533310,0.634554,0.546118,0.605431,0.523699,0.687751,0.778706,0.683414,0.695823,0.592055,0.408121,0.637208,0.457680,0.570952,0.629106,0.566501,0.627652,0.612780,0.608508,0.531027,0.592397,0.633091,0.607257,0.644255,0.735292,0.732783,0.777551,0.697022,0.489215,0.696725,0.629031,0.619490,0.557137,0.627637,0.516781,0.701168,0.708327,0.564065,0.600082,0.669020,0.588772,0.678246,0.715752,0.672048,0.588961,0.578853,0.690140,0.539364,0.569705,0.584276,0.574283,0.572955,0.607187,0.595923,0.658594,0.682739,0.524897,0.580125,0.709455,0.624113,0.631401,0.643918,0.625460,0.552202,0.509787,0.572460,0.602877,0.493171,0.630080,0.562405,0.572729,0.679516,0.529389,0.588174,0.614869,0.434390,0.525200,0.567743,0.677121,0.550134,0.648209,0.595139,0.605791,0.500767,0.576775,0.553232,0.568069,0.545353,0.562938,0.578174,0.681371,0.524449,0.537370,0.721024,0.592606,0.703952,0.548357,0.619725,0.617823,0.588511,0.567300,0.687699,0.555172,0.630441,0.646170,0.619235,0.503428,0.658633,0.576595,0.642389,0.655686,0.579771,0.597720,0.518102,0.544627,0.684482,0.563504,0.678217,0.561670,0.625567,0.633126,0.543316,0.577531,0.690671,0.599319,0.529016,0.465751,0.559572,0.572000,0.681693,0.659271,0.626531,0.626523,0.719702,0.480541,0.434991,0.633143,0.537286,0.646434,0.631209,0.637867,0.674530,0.606115,0.605874,0.511969,0.670945,0.745686,0.508448,0.628514,0.642492,0.638094,0.690423,0.602543,0.597585,0.587352,0.633212,0.625324,0.611514,0.491370,#
18,0.581258,0.519871,0.453984,0.614514,0.421134,0.606575,0.587700,0.444889,0.476037,0.532661,0.555990,0.762146,0.598751,0.549734,0.503124,0.600645,0.620305,0.541394,1.000000,0.443043,0.521335,0.633649,0.552869,0.568105,0.481506,0.585860,0.658077,0.462173,0.434883,0.580937,0.519558,0.609543,0.671095,0.626271,0.482827,0.677814,0.654751,0.613453,0.471064,0.640819,0.585517,0.550053,0.618398,0.451350,0.632946,0.524400,0.654261,0.613786,0.680466,0.603062,0.514994,0.410288,0.567675,0.376590,0.545432,0.677079,0.507861,0.538188,0.608956,0.650377,0.608783,0.569836,0.550596,0.555219,0.587399,0.543395,0.561691,0.636140,0.716548,0.561745,0.636916,0.557108,0.588038,0.423318,0.679287,0.466630,0.672918,0.519884,0.483043,0.418597,0.573698,0.495951,0.510604,0.629255,0.747691,0.627060,0.476490,0.469677,0.646128,0.511342,0.568145,0.544598,0.600822,0.545967,0.479729,0.557114,0.596710,0.579645,0.617174,0.543882,0.455223,0.547263,0.593640,0.580285,0.468112,0.498372,0.602423,0.562431,0.560530,0.605494,0.656306,0.573422,0.660508,0.505048,0.436881,0.620481,0.520139,0.583530,0.559703,0.627629,0.367204,0.578305,0.513035,0.614109,0.623310,0.554569,0.693501,0.432814,0.612793,0.539561,0.572740,0.550874,0.485477,0.506117,0.599590,0.460112,0.634537,0.485705,0.563206,0.598508,0.500527,0.573555,0.546462,0.642766,0.502002,0.556268,0.540281,0.478450,0.614941,0.531465,0.528795,0.540480,0.491633,0.544231,0.551868,0.555351,0.578988,0.593147,0.515123,0.526515,0.636155,0.648872,0.667603,0.573571,0.564614,0.548732,0.704144,0.517817,0.487401,0.667031,0.478091,0.585758,0.590615,0.639532,0.501526,0.522436,0.487227,0.575098,0.674059,0.624455,0.459465,0.615516,0.650526,0.447653,0.509200,0.573056,0.589848,0.582805,0.524205,0.600852,0.464721,0.596699,0.538798,0.541781,0.531264,0.576792,0.581451,0.652506,0.548944,0.531686,#
19,0.515927,0.534680,0.529337,0.493322,0.536112,0.498553,0.481754,0.493648,0.607333,0.447470,0.514260,0.570199,0.440539,0.541931,0.577294,0.532594,0.461576,0.612763,0.443043,1.000000,0.487951,0.488563,0.527181,0.550558,0.513856,0.397946,0.497945,0.412778,0.437783,0.539947,0.617547,0.592875,0.596955,0.435444,0.425767,0.656473,0.394951,0.536420,0.444034,0.534719,0.544826,0.515237,0.599612,0.522045,0.503709,0.540716,0.741402,0.556305,0.481087,0.523603,0.442139,0.414251,0.513983,0.393633,0.545003,0.504556,0.566516,0.538551,0.502777,0.421225,0.504445,0.438673,0.635363,0.533695,0.546272,0.586008,0.565077,0.554587,0.626364,0.446412,0.536518,0.578025,0.546862,0.448436,0.549096,0.394183,0.457273,0.505173,0.411968,0.373701,0.655359,0.439784,0.606852,0.417751,0.565703,0.397892,0.456735,0.510658,0.569706,0.390982,0.513132,0.506886,0.416597,0.593541,0.469256,0.474652,0.528842,0.538255,0.494345,0.552926,0.501309,0.519214,0.482945,0.487995,0.533227,0.335386,0.532651,0.422888,0.481996,0.487144,0.528923,0.454574,0.580963,0.534377,0.467776,0.588226,0.426835,0.452937,0.435704,0.464088,0.537123,0.548685,0.364067,0.683506,0.572361,0.535063,0.474029,0.491223,0.647174,0.667011,0.524813,0.609531,0.481028,0.510975,0.599848,0.626827,0.534625,0.474563,0.516437,0.434116,0.479346,0.514309,0.515153,0.502918,0.379223,0.498415,0.436098,0.429314,0.532918,0.473313,0.449807,0.516837,0.459418,0.553434,0.510821,0.369332,0.557215,0.556030,0.512773,0.475699,0.376113,0.548605,0.495381,0.525703,0.467624,0.455482,0.483201,0.544902,0.444283,0.490474,0.496828,0.544442,0.519107,0.512245,0.613452,0.334231,0.444872,0.508275,0.514053,0.455108,0.384282,0.539497,0.606952,0.537585,0.479645,0.427586,0.485974,0.566591,0.506071,0.562425,0.572060,0.462820,0.571602,0.492561,0.623622,0.491029,0.511756,0.462146,0.450180,0.488975,#
20,0.651642,0.619619,0.467380,0.548119,0.403038,0.539853,0.608923,0.573415,0.599801,0.625239,0.550013,0.527681,0.518044,0.505367,0.623973,0.515087,0.671108,0.575740,0.521335,0.487951,1.000000,0.573191,0.495561,0.647968,0.517920,0.574849,0.572773,0.562677,0.407644,0.489321,0.609062,0.534465,0.540899,0.585982,0.599891,0.467527,0.600135,0.605443,0.565377,0.624654,0.594320,0.596746,0.602188,0.686089,0.541025,0.516551,0.625806,0.615245,0.508551,0.581557,0.584445,0.517474,0.509283,0.519983,0.521539,0.635320,0.448373,0.548354,0.577681,0.553339,0.623422,0.597894,0.601326,0.546967,0.596585,0.585520,0.679619,0.690311,0.640549,0.382046,0.559021,0.629148,0.569033,0.541146,0.509606,0.415265,0.489453,0.639858,0.604059,0.584934,0.699250,0.580469,0.495359,0.660732,0.537195,0.579462,0.571144,0.551689,0.563376,0.585118,0.580806,0.565942,0.511144,0.664792,0.608735,0.563937,0.512140,0.405328,0.638748,0.600906,0.570589,0.625538,0.524854,0.634899,0.615819,0.416746,0.648774,0.577185,0.618120,0.578206,0.598050,0.632493,0.546199,0.426818,0.546828,0.632664,0.472994,0.525962,0.424637,0.495614,0.556308,0.674744,0.530490,0.648782,0.568328,0.557368,0.408466,0.493452,0.411756,0.498051,0.534169,0.507659,0.587824,0.567753,0.639846,0.533346,0.525776,0.635220,0.541223,0.580757,0.492977,0.464012,0.565146,0.647620,0.562648,0.560630,0.643167,0.559286,0.550715,0.620588,0.607393,0.572608,0.482105,0.504725,0.541794,0.520864,0.455734,0.631428,0.539020,0.516593,0.560445,0.558999,0.488936,0.582788,0.627846,0.492370,0.478374,0.441162,0.372090,0.572263,0.522791,0.509898,0.532994,0.575352,0.592270,0.428703,0.451287,0.618543,0.519557,0.732845,0.444515,0.616556,0.581467,0.476279,0.530332,0.594478,0.617269,0.585862,0.549899,0.545503,0.560450,0.476682,0.642825,0.562683,0.632463,0.536821,0.662378,0.623386,0.577208,0.618292,#
21,0.544845,0.777147,0.606871,0.684635,0.466215,0.613465,0.586719,0.468141,0.613860,0.557146,0.581730,0.600296,0.433435,0.465269,0.614769,0.656804,0.568092,0.552129,0.633649,0.488563,0.573191,1.000000,0.635803,0.653573,0.525426,0.450814,0.668446,0.565253,0.525728,0.520616,0.646862,0.480269,0.627336,0.667901,0.580221,0.640764,0.522520,0.589817,0.539983,0.532165,0.585923,0.607609,0.596093,0.556543,0.655445,0.554973,0.633224,0.605793,0.599319,0.658211,0.489985,0.545323,0.606242,0.522790,0.690147,0.606531,0.568929,0.609819,0.715271,0.545251,0.533028,0.700876,0.414157,0.486211,0.617306,0.555460,0.626693,0.679007,0.678029,0.642207,0.610590,0.660076,0.692074,0.570948,0.676248,0.559173,0.625951,0.595318,0.613028,0.543038,0.623075,0.520250,0.642019,0.685598,0.691723,0.569279,0.489202,0.633243,0.704072,0.651876,0.486379,0.543889,0.627596,0.601330,0.567711,0.626748,0.605112,0.605622,0.614690,0.655711,0.610290,0.598714,0.427647,0.656556,0.516809,0.628876,0.585323,0.605310,0.489405,0.592517,0.644465,0.529642,0.672104,0.558136,0.453808,0.479881,0.524641,0.692674,0.532324,0.632794,0.500372,0.560461,0.548143,0.573556,0.530808,0.445325,0.575014,0.626149,0.517709,0.652239,0.591217,0.644104,0.451418,0.530694,0.746926,0.503186,0.639306,0.422104,0.536706,0.550607,0.668838,0.615086,0.496572,0.590504,0.515195,0.612576,0.628030,0.455423,0.627754,0.557556,0.629930,0.615356,0.582822,0.579500,0.475267,0.523740,0.588009,0.588164,0.497086,0.553940,0.599251,0.649445,0.632705,0.707493,0.684181,0.601016,0.611318,0.521438,0.386310,0.527999,0.596923,0.603361,0.558521,0.626520,0.497693,0.534604,0.423425,0.576240,0.569945,0.662421,0.505215,0.688353,0.550525,0.608030,0.572064,0.612318,0.683790,0.492509,0.480472,0.563519,0.569716,0.468008,0.615071,0.611113,0.647705,0.582301,0.608831,0.598995,0.413519,0.644216,#
