0,1.000000,0.098328,0.196854,0.034518,-0.048053,0.214961,0.428761,0.182620,0.233864,-0.133481,0.271659,0.253198,0.257609,0.177939,0.112003,0.145230,0.338068,0.302134,0.195410,0.238538,0.197068,0.231413,0.263859,0.241428,-0.042336,0.109964,0.103469,0.053960,0.266999,0.227750,0.062469,0.311116,0.199769,0.243942,0.371314,0.176543,0.044796,0.136218,0.256792,0.232473,0.197025,0.189655,0.224323,-0.024909,0.286314,0.056650,0.191218,0.149499,0.322037,0.291070,0.226130,0.294555,0.318431,0.240990,0.233822,0.295027,0.212408,0.288371,0.194020,0.040671,0.235642,0.323340,0.251460,0.166174,0.414192,0.021268,0.365061,0.051668,0.035119,0.237038,0.207266,0.404523,0.105881,0.315637,0.163490,0.238246,0.443645,0.031550,0.272087,0.078298,0.072316,0.277882,0.329079,0.164450,0.162788,0.289807,0.161891,0.384309,0.216165,0.324621,0.128400,0.080492,0.109969,0.064124,0.203814,0.153802,0.271610,0.215599,0.265336,0.306573,0.205556,0.140289,0.280845,0.311462,0.155423,0.194399,0.189384,0.193153,0.173546,-0.148009,0.143773,0.284036,0.032888,0.284674,0.321212,0.236690,0.450794,0.144831,0.311594,0.380192,0.160217,0.261551,0.318897,0.346191,0.251435,0.341177,0.113064,0.183475,0.211903,0.262974,0.193908,0.155259,0.264468,0.172286,0.266569,0.402859,0.162979,0.274719,0.192324,0.294113,0.103185,-0.045131,0.098913,0.199740,0.004126,-0.026827,0.239323,0.099955,0.097591,0.148322,0.382175,0.325517,0.205061,0.232903,0.128761,0.182051,0.221066,0.274383,0.459461,0.283787,0.257768,0.263509,0.312143,0.259495,0.420250,0.173306,0.308778,0.356994,0.161502,0.112736,0.234181,0.085298,0.183534,0.286070,0.214749,0.197043,0.225995,0.342557,0.182715,0.008855,0.298687,0.228366,0.176992,0.144965,0.101812,-0.089715,0.184493,0.234780,0.137657,-0.033533,0.007550,0.154360,0.210053,0.302631,0.221582,0.317472,0.063873,0.446135,0.070163,0.264696,#
1,0.098328,1.000000,0.288050,0.346952,0.380446,0.343038,0.199223,0.373753,0.531351,0.272268,0.288517,0.288821,0.458770,0.307469,0.295753,0.221626,0.352012,0.259158,0.469646,0.450781,0.206078,0.479683,0.407550,0.136943,0.267978,0.144809,0.305173,0.404494,0.461988,0.215370,0.317335,0.435064,0.371153,0.363109,0.249512,0.194777,0.334285,0.445104,0.526241,0.261910,0.328044,-0.002308,0.308537,0.158305,0.238387,0.213499,0.295722,0.174783,0.428720,0.295909,0.068619,0.335349,0.298736,0.264696,0.394046,0.162882,0.293606,0.189045,0.135772,-0.046027,0.292782,0.390850,0.004087,0.202407,0.322178,0.428362,0.262285,0.337138,0.242238,0.454733,0.423808,0.359869,0.381306,0.162957,0.485441,0.423049,0.402029,0.224689,0.273149,0.209796,0.260951,-0.001081,0.415724,0.246039,0.445440,0.273044,0.254100,0.437160,0.372178,0.262833,0.306476,0.319474,0.469971,0.325001,0.493954,0.211940,0.234312,0.442306,0.371127,0.332187,0.361544,0.234172,0.233250,0.283296,0.247740,0.442989,0.133025,0.325993,0.293378,0.162854,0.234773,0.140768,0.161763,0.442035,0.220987,0.200875,0.364866,0.230204,0.301977,0.221601,0.391054,0.207937,0.278525,0.160959,0.319768,0.220252,0.092537,0.154404,0.384358,0.412629,0.276260,0.491398,0.178537,0.199375,0.433275,0.466382,0.307727,0.252536,0.304223,0.132036,0.429570,0.212753,0.507362,0.498236,0.219906,0.339931,0.179498,0.186398,0.338684,0.302188,0.343245,0.452167,0.362239,0.275200,0.438605,0.320968,0.390164,0.185672,0.323405,0.256868,0.380050,0.340867,0.271150,0.423126,0.172276,0.191585,0.489281,0.253285,0.366107,0.078898,0.305856,0.243710,0.271214,0.145329,0.322199,0.403207,0.248820,0.613303,-0.077823,0.178653,0.376661,0.303757,0.368844,0.306796,0.215734,0.281724,0.364778,0.225662,0.281938,0.234617,0.496657,0.362393,0.336205,0.362715,0.424065,-0.005526,0.129391,0.319999,0.195095,0.259966,#
2,0.196854,0.288050,1.000000,0.246027,0.192794,0.304776,0.314662,0.162157,0.459616,0.109161,0.084189,0.038244,0.175684,0.281248,0.171697,0.328970,0.063446,0.298925,0.189755,0.285605,0.155579,0.144261,0.208246,0.359705,0.134942,0.241029,0.395316,0.299187,0.414721,0.206527,0.327052,0.280762,0.235150,0.190652,0.283157,0.138377,0.145125,0.234096,0.346572,0.314584,0.083338,0.127456,0.339897,0.179569,0.069146,0.089703,0.244001,0.055939,0.186753,0.324818,0.288294,0.359487,0.375896,0.278071,0.303481,0.362835,0.288189,-0.016961,0.164236,0.238171,0.551334,0.259247,-0.063555,0.283752,0.127085,0.295448,0.111646,0.370416,0.151700,0.459143,0.281303,0.249866,0.188703,0.308604,0.233954,0.142615,0.231494,0.119618,0.252128,0.176116,0.256356,0.259163,0.390668,0.243153,0.471736,0.230814,-0.115984,0.503521,-0.084863,0.272515,0.328502,0.107529,0.499331,0.347131,0.279214,0.214059,0.183724,0.208690,0.445859,0.203317,0.350504,0.130416,0.178839,0.161129,-0.019500,0.191676,0.352026,0.240537,0.127959,-0.109913,0.219960,0.091258,0.219586,0.226010,0.135988,0.059631,0.277671,0.301583,0.269887,0.090483,0.250145,-0.003783,0.210569,0.425924,0.207981,0.183641,0.136212,0.176029,0.326799,0.362659,0.368435,0.190815,0.339699,0.318132,0.288332,0.310971,0.325880,0.383499,0.473920,0.275802,-0.060861,0.331503,0.083418,0.168567,0.090265,0.357997,0.061444,0.201578,0.236063,0.242861,0.354148,0.335508,0.294976,0.351856,0.180694,0.208394,0.169068,-0.012943,0.301821,0.152124,0.103210,0.238522,0.230034,0.309323,0.156816,0.235801,0.305136,0.154765,0.263547,0.174542,0.265218,0.121505,0.265999,0.117161,0.331027,0.338282,0.221508,0.324271,0.160380,0.089370,0.183512,0.447823,0.064178,0.503140,0.117306,0.171425,0.272877,0.142689,0.209455,0.159268,0.257359,0.301121,0.497853,0.283786,0.123279,0.146706,0.093064,0.211410,0.179007,0.440069,#
3,0.034518,0.346952,0.246027,1.000000,0.424161,0.347687,0.301387,0.255384,0.550478,0.328534,0.432755,0.204282,0.337198,0.279928,0.131579,0.200186,0.167234,0.191970,0.412386,0.427732,0.067013,0.252362,0.352760,0.168938,0.212177,0.293664,0.325671,0.439919,0.270623,0.363867,0.223282,0.413583,0.220422,0.306756,0.402157,0.223295,0.215864,0.350053,0.200757,0.463505,0.325891,0.054454,0.395349,0.476387,0.178524,0.352509,0.422352,0.105870,0.350746,0.158055,0.328948,0.154478,0.388714,0.178452,0.137888,0.510904,0.255797,0.178549,0.382973,0.281504,0.210639,0.236886,0.102314,0.350115,0.472577,0.321119,0.179229,0.351878,-0.025786,0.253529,0.111422,0.341556,0.454369,0.162080,0.122914,0.314723,0.221257,0.269026,0.146486,0.256821,0.246545,0.200615,0.315018,0.174297,0.379706,0.414302,0.220177,0.450489,0.160902,0.230510,0.363077,0.378229,0.407224,0.353188,0.324244,0.260836,0.023457,0.359667,0.485169,0.302986,0.094480,0.398845,0.173795,0.152952,0.483972,0.190320,0.082038,0.180293,0.305300,0.183711,0.107329,0.181064,0.111695,0.241500,0.002039,0.331640,0.198473,0.011214,0.312634,0.095498,0.303906,0.335373,0.314572,0.097478,0.179516,0.287130,0.113796,0.476059,0.242749,0.168728,0.324426,0.280390,0.165993,0.264678,0.288743,0.360364,0.444111,0.193957,0.106831,0.217086,0.086520,0.408459,0.495838,0.177199,0.160006,0.525223,0.049949,0.345234,0.372506,0.281591,0.356640,0.454848,0.254461,0.372008,0.217506,0.104551,0.262651,0.109944,0.404418,0.331358,0.373583,0.279513,0.091135,0.193613,0.176101,0.289657,0.443707,0.157424,0.344855,0.106844,0.232408,0.274281,0.210697,0.142702,0.255224,0.236235,0.426435,0.447771,0.119810,0.210306,0.118661,0.337776,0.214918,0.412704,0.266220,0.423358,0.306105,0.089387,0.280832,0.463885,0.476063,0.331283,0.220640,0.015038,0.272028,0.334602,0.240269,0.322305,0.067893,0.392216,#
4,-0.048053,0.380446,0.192794,0.424161,1.000000,0.382184,0.297267,0.353005,0.463318,0.280515,0.150748,0.367899,0.513438,0.239564,0.220728,0.270863,0.393298,0.406757,0.332871,0.497542,0.322367,0.286392,0.400580,0.450977,0.252758,0.364455,0.385528,0.230117,0.439812,0.348167,0.482337,0.433340,0.443033,0.285129,0.347344,0.313254,0.419338,0.442060,0.318192,0.311928,0.408521,0.021967,0.252050,0.344224,-0.001690,0.266468,0.289273,0.362742,0.505082,0.360688,0.398261,0.266152,0.446546,0.222454,0.396776,0.441445,0.296239,0.260398,0.243667,0.154534,0.061777,0.227238,0.187033,0.172849,0.462330,0.501214,0.420009,0.243458,0.265081,0.369020,0.092315,0.344673,0.364697,0.382841,0.278040,0.228727,0.225809,0.441661,0.325385,0.451218,0.119157,0.295066,0.447783,0.251773,0.311885,0.356943,-0.082412,0.193936,0.206979,0.328424,0.346484,0.419465,0.340031,0.278466,0.238230,0.251464,0.330810,0.283761,0.265549,0.309335,0.348277,0.336224,0.356503,0.214863,0.162293,0.282352,0.405142,0.335003,0.502911,0.262354,0.251227,0.204048,0.185119,0.503303,0.372063,0.200946,0.363691,0.301000,0.391691,0.043714,0.295982,0.171011,0.528301,0.116340,0.259201,0.414168,0.096411,0.498946,0.472855,0.379642,0.366005,0.285948,0.146461,0.300006,0.463889,0.375836,0.419084,0.357194,0.241412,0.132774,0.220248,0.358182,0.455916,0.323297,0.210896,0.287565,0.415563,0.337358,0.254008,0.409613,0.395029,0.450634,0.109794,0.298807,0.358866,0.483682,0.526819,0.103856,0.289503,0.381317,0.256537,0.230828,0.447533,0.172373,0.308376,0.207427,0.226531,0.169137,0.392864,0.237307,0.303243,0.286347,0.316052,0.170564,0.358195,0.302643,0.641668,0.473967,0.155249,0.180813,0.234784,0.307237,0.357173,0.275434,0.405752,0.368638,0.477994,0.326272,0.375504,0.309010,0.315516,0.271966,0.300857,0.225766,0.089384,0.294958,0.305164,0.339609,0.411970,0.195402,#
5,0.214961,0.343038,0.304776,0.347687,0.382184,1.000000,0.183134,0.213587,0.452289,-0.058646,0.296984,0.268930,0.123027,-0.091751,0.329744,0.458927,0.246950,0.302334,0.096319,0.458963,0.201440,0.264453,0.099558,0.210408,0.104503,0.342835,0.416842,0.248269,0.281753,0.186575,0.394346,0.412267,0.297178,0.221137,0.438651,0.261036,0.292028,0.316287,0.294958,0.258242,0.362909,0.003988,0.205863,0.118763,0.149382,0.383281,0.319306,0.181799,0.495014,0.072599,0.187244,0.243286,0.188506,0.414467,0.072960,0.521006,0.346009,0.284681,0.348739,0.056280,0.300113,0.404432,0.242392,0.394044,0.388312,0.286823,0.194918,0.182790,-0.047606,0.317890,0.382341,0.318690,0.302165,0.251479,0.138137,0.368651,0.508959,0.165435,0.100061,0.251839,0.400486,0.164850,0.440515,0.102205,0.321161,0.354086,0.227960,0.508411,0.181858,0.207496,0.245360,0.217804,0.420717,0.300924,0.287106,0.061536,0.258351,0.204316,0.362355,0.234926,0.325061,0.318104,0.523199,0.255503,0.221411,0.262394,0.189392,0.160335,0.086254,0.109653,0.079407,0.265249,0.130697,0.173535,0.029667,0.198082,0.313351,0.134999,0.316982,0.260568,0.222747,0.085951,0.393800,0.303763,0.102623,0.310519,0.124285,0.410868,0.367931,0.475191,0.316850,0.367735,0.285528,0.367018,0.302166,0.282291,0.445590,0.313026,0.148262,0.321656,0.224459,-0.003157,0.311503,0.313104,0.194644,0.225335,0.176764,0.255943,0.246133,0.286441,0.409200,0.318828,0.087239,0.365156,0.312703,0.104499,0.418317,0.095494,0.323757,0.437095,0.275610,0.351592,0.242579,0.123507,0.312303,0.117349,0.143520,0.371747,0.388061,0.177387,0.126050,0.175654,0.137870,0.203323,0.471449,0.234430,0.200851,0.342393,0.026823,0.227435,0.310408,0.389782,0.324041,0.276170,0.336053,0.196788,0.443837,0.146214,0.048573,0.419056,0.131261,0.294024,0.157923,0.275686,-0.005447,0.277388,0.152011,0.126686,0.135924,0.218397,#
6,0.428761,0.199223,0.314662,0.301387,0.297267,0.183134,1.000000,0.196010,0.340908,0.068432,0.238055,0.106651,0.451186,0.363647,0.162274,0.131158,0.310015,0.409764,0.229158,0.240045,0.369706,0.146870,0.149175,0.437656,0.149071,0.206266,0.214376,0.276879,0.365433,0.332678,0.275115,0.390276,0.245132,0.397662,0.528636,0.213121,0.137878,0.232235,0.208205,0.421182,0.161347,0.306533,0.286206,0.273687,0.332532,0.082496,0.298907,0.011644,0.502516,0.376699,0.427156,0.486272,0.436380,0.063091,0.410600,0.380528,0.366224,0.325688,0.405266,0.204095,0.147649,0.316433,0.076344,0.170759,0.511755,0.274534,0.534188,0.089818,0.274285,0.289689,0.113260,0.307146,0.251748,0.476700,0.215697,0.224531,0.329562,0.194932,0.193308,0.176754,0.164221,0.274680,0.362781,0.323631,0.199289,0.398755,0.124701,0.216869,0.379863,0.440903,0.205411,0.286918,0.114745,0.214134,0.223660,0.284175,0.342719,0.295432,0.329493,0.265830,0.418381,0.285580,0.328528,0.264576,0.169969,0.060822,0.320362,0.159099,0.258073,0.019629,0.075356,0.050033,-0.002153,0.371477,0.412395,0.128086,0.404110,0.298236,0.449665,0.303997,0.376419,0.250425,0.302209,0.427913,0.471730,0.445251,0.156376,0.335824,0.075493,0.349054,0.156249,0.284878,0.331780,0.158527,0.261030,0.426776,0.358738,0.349329,0.450406,0.244290,0.400605,0.244073,0.242669,0.278825,0.183507,0.367353,0.128314,0.233146,0.124307,0.188961,0.364049,0.452637,0.249698,0.296606,0.066758,0.289740,0.458173,0.185707,0.456622,0.292563,0.404892,0.339460,0.309811,0.343136,0.284931,0.352908,0.372189,0.251433,0.391496,0.146901,0.339251,0.173133,0.138128,0.112135,0.169067,0.257171,0.510717,0.418862,0.224217,0.081877,0.318402,0.236855,0.397801,0.431478,0.070538,0.229182,0.214323,0.431473,0.091680,0.151686,0.069724,0.256826,0.226612,0.258539,0.281350,0.271046,0.173904,0.354620,0.362913,0.253116,#
7,0.182620,0.373753,0.162157,0.255384,0.353005,0.213587,0.196010,1.000000,0.496350,0.249383,0.143742,0.301835,0.357108,0.281923,0.440400,0.177461,0.402060,0.280328,0.487544,0.293163,0.208566,0.343550,0.494370,0.348213,0.324816,0.376562,0.294710,0.417184,0.325669,0.356213,0.048091,0.322953,0.280687,0.216855,0.320244,0.163168,0.370533,0.221380,0.303845,0.154307,0.426406,0.098684,0.409084,0.305242,0.130006,0.371300,0.222079,0.284427,0.251704,0.130485,0.232246,0.202430,0.297581,0.343361,0.305104,0.237067,0.164857,0.336884,0.151947,0.125756,0.085576,0.307041,0.135358,0.125880,0.365675,0.368123,0.439147,0.408210,0.270022,0.486502,0.311099,-0.026286,0.377269,0.299907,0.314575,0.149338,0.405723,0.113039,0.359284,0.126967,0.221689,0.360720,0.427258,0.068886,0.464172,0.179933,0.336005,0.390135,0.224631,0.356292,0.339447,0.297818,0.380723,0.301220,0.482068,0.226848,0.407806,0.506021,0.374997,0.303393,0.444765,0.102629,0.293502,0.235525,0.188214,0.304974,0.312960,0.342752,0.256723,-0.029131,0.497110,0.217177,0.279309,0.436095,0.199470,0.105998,0.332585,0.121181,0.228782,0.372094,0.335013,0.212980,0.349705,0.376449,0.351961,0.255377,0.173579,0.397455,0.268892,0.259123,0.338534,0.186960,0.197709,0.107358,0.414247,0.549208,0.540510,0.222529,0.188756,0.318477,0.352116,0.383866,0.386152,0.130191,0.191112,0.356363,0.331121,0.147524,0.268810,0.228053,0.243532,0.455308,0.283802,0.242070,0.396830,0.397271,0.206928,0.195401,0.379217,0.128319,0.468684,0.143135,0.536589,0.069584,0.402665,0.217388,0.431185,0.342163,0.180353,0.052808,0.384790,0.432029,0.118012,0.214299,0.246813,0.456113,0.344676,0.399299,0.130564,0.096218,0.411649,0.125597,0.365686,0.324103,0.199576,0.324573,0.329725,0.329956,0.350500,0.286276,0.420478,0.421005,0.207266,0.135800,0.147742,0.240052,0.254024,0.314722,0.196687,0.287705,#
8,0.233864,0.531351,0.459616,0.550478,0.463318,0.452289,0.340908,0.496350,1.000000,0.427295,0.243080,0.365597,0.447694,0.331283,0.358024,0.296848,0.343383,0.353266,0.348175,0.441992,0.280995,0.404555,0.326175,0.308417,0.034656,0.518940,0.401686,0.589899,0.373826,0.319636,0.224753,0.468084,0.444136,0.349882,0.406716,0.219544,0.358455,0.368569,0.329287,0.439151,0.477008,0.262661,0.578156,0.318373,0.223573,0.238335,0.259477,0.185038,0.480575,0.386799,0.269368,0.377578,0.405153,0.443105,0.393031,0.417144,0.177540,0.408458,0.346434,0.238688,0.304682,0.408832,0.207145,0.337726,0.378603,0.514046,0.406107,0.448583,0.250583,0.550684,0.211879,0.416250,0.465560,0.528252,0.183960,0.338867,0.383051,0.374791,0.322771,0.377573,0.171779,0.289846,0.470715,0.315547,0.521838,0.457745,0.187771,0.474763,0.167745,0.320479,0.412273,0.418899,0.601867,0.404634,0.559187,0.244414,0.239419,0.487073,0.654358,0.326284,0.231607,0.320459,0.375061,0.403136,0.299310,0.315178,0.452866,0.426991,0.275678,0.196392,0.458229,0.415651,0.358541,0.474582,0.319941,0.302737,0.405976,0.223649,0.400307,0.436797,0.355552,0.124152,0.536076,0.364671,0.327214,0.484586,0.164384,0.325457,0.429586,0.372379,0.377410,0.206884,0.300758,0.473996,0.627766,0.392607,0.511594,0.416569,0.181143,0.451906,0.207458,0.441345,0.450560,0.271096,0.277341,0.339227,0.297302,0.108845,0.297969,0.473026,0.358517,0.545092,0.310063,0.574261,0.368575,0.319876,0.358269,0.141831,0.460852,0.433070,0.432634,0.319295,0.433145,0.393914,0.292940,0.233276,0.416544,0.393052,0.404587,0.393487,0.431874,0.358976,0.262814,0.283962,0.536948,0.474424,0.351418,0.536161,0.306084,0.021322,0.418969,0.474859,0.191446,0.457584,0.383909,0.389361,0.418535,0.297010,0.447966,0.373984,0.418030,0.419249,0.461324,0.246811,0.223590,0.313950,0.301311,0.225110,0.126664,0.470781,#
9,-0.133481,0.272268,0.109161,0.328534,0.280515,-0.058646,0.068432,0.249383,0.427295,1.000000,0.037120,0.032169,0.267775,0.315205,0.211206,0.041257,0.242467,0.183909,0.294173,0.356934,0.376135,0.304453,0.335496,0.211803,0.038247,0.202967,0.269757,0.441711,0.066739,0.469044,-0.022360,0.106739,0.293122,0.297690,0.319320,0.200161,0.202600,0.128349,0.144358,0.372788,0.329455,0.280272,0.161671,0.183365,0.194729,0.033184,0.090698,0.118171,0.218034,0.080783,0.002266,0.106883,0.177230,0.189586,0.185073,0.163683,0.059311,0.356757,0.094129,0.149742,0.169781,0.090142,0.100620,0.217929,0.240767,0.524327,0.401302,0.286213,0.260439,0.289564,0.158482,0.068475,0.034268,0.202613,0.236320,0.133787,0.055558,0.338066,0.081179,0.295663,-0.080211,0.141081,0.242113,0.366786,0.331494,0.087761,0.003637,0.255108,0.049177,0.100112,0.337994,0.213573,0.405026,0.190765,0.308492,0.187437,0.004549,0.302677,0.275850,0.159744,0.156520,0.248073,0.081959,0.216324,0.282673,0.280386,0.266208,0.156249,0.343098,0.297690,0.293404,0.211483,0.330237,0.151318,0.042343,0.388343,0.104578,0.124074,0.093332,0.062983,0.285042,-0.023332,0.359646,0.208811,0.252537,0.168019,0.305379,0.069219,0.337031,0.124682,0.153608,0.298851,0.184865,0.344167,0.315938,0.193467,0.205634,0.232415,0.111539,0.397888,0.018535,0.576529,0.366105,0.066027,0.201959,0.393460,0.294617,0.304340,0.142284,0.244550,0.019717,0.261913,0.172488,0.339451,0.131829,0.318832,0.069919,0.239373,0.261085,0.332579,0.210801,0.293157,0.202737,0.253524,0.259423,0.179380,0.136846,0.189493,0.423161,0.052311,0.315786,0.473372,0.160643,0.165125,0.345909,0.381622,0.113179,0.384450,0.284120,0.239274,0.205715,0.146375,0.153061,0.332146,0.178242,0.646671,0.137185,0.152834,0.424684,0.047940,0.332577,0.355128,0.241022,0.000010,0.132341,0.043043,0.052891,0.126136,0.036639,0.168632,#
10,0.271659,0.288517,0.084189,0.432755,0.150748,0.296984,0.238055,0.143742,0.243080,0.037120,1.000000,0.214008,0.123142,0.272141,0.014879,0.243087,0.151982,0.074165,0.313679,0.196992,0.191309,0.081539,0.367423,0.189171,-0.023210,0.106485,0.258959,0.430001,0.258342,0.359319,0.208163,0.146560,0.195069,0.333102,0.399708,0.160262,0.185691,0.297465,0.175891,0.112108,0.266626,0.046643,0.144502,0.240259,0.160149,0.421530,0.286444,0.200265,0.434477,0.330824,-0.028597,0.072087,0.438049,0.090548,0.145604,0.235822,0.366415,0.246964,0.105955,0.034940,0.298831,0.322405,0.305214,0.360533,0.438486,0.099744,0.050777,0.040121,0.018669,0.342874,0.270783,0.307106,0.286414,0.194510,-0.050013,0.283783,0.291004,0.306127,0.186108,0.128833,0.330104,0.156332,0.328474,0.194651,0.231563,0.137870,0.341214,0.381135,0.188468,0.293031,0.202152,0.438024,0.329332,0.362795,0.345028,0.274182,0.019131,0.334397,0.447882,0.496453,0.262953,0.248877,0.269171,0.423006,0.539512,0.049674,-0.016937,0.263533,0.190078,0.144411,0.062023,0.135876,0.089115,0.143344,0.090031,0.198831,0.247553,0.007708,0.430843,0.272379,0.396323,0.346266,0.120199,0.146779,-0.165220,0.418113,0.276114,0.205247,0.272786,0.039615,0.053911,0.111466,0.198195,0.207519,0.431775,0.326340,0.332451,0.085309,0.114334,0.136360,0.282179,0.004954,0.207202,0.277851,-0.065760,0.099135,0.064802,0.251349,0.314792,0.090621,0.376007,0.248518,0.368396,0.223639,0.217756,0.224460,0.362534,0.319672,0.425004,0.245520,0.380588,0.274806,0.225881,0.263782,0.184504,0.185322,0.367127,0.275354,0.361820,0.089641,0.330271,0.183982,0.057383,-0.008572,0.184529,0.266556,0.255598,0.420941,0.114666,0.408391,0.221846,0.057669,0.325931,0.151565,0.104061,0.125093,0.004368,0.339426,0.050456,0.394272,0.260163,0.100708,0.130143,0.179856,0.230129,0.202562,0.018447,0.333784,0.259371,0.259749,#
11,0.253198,0.288821,0.038244,0.204282,0.367899,0.268930,0.106651,0.301835,0.365597,0.032169,0.214008,1.000000,0.417371,0.091737,0.185507,0.163783,0.200347,0.307418,0.362060,0.305904,0.104295,0.153143,0.344685,0.160428,0.103634,0.191543,0.091140,0.314986,0.387177,0.088444,0.223521,0.208283,0.255727,0.263012,0.210000,0.006169,0.339066,0.235694,0.054901,0.281771,0.305209,0.164485,0.196206,0.257342,0.092682,0.173877,0.501596,0.181311,0.254149,0.326413,0.202174,0.205051,0.309328,0.305833,0.302273,0.296087,0.099312,0.171821,0.163791,0.129627,0.013929,0.216355,0.427380,0.136285,0.316893,0.246529,0.239536,0.176537,0.161721,0.364538,0.269255,0.224238,0.200393,0.296051,0.237766,0.035713,0.324724,0.305036,0.360686,-0.036591,0.146633,0.044796,0.144389,0.134833,0.231823,0.287556,-0.089532,0.109938,0.180016,0.140764,0.182536,0.436349,0.192613,0.000654,0.318632,0.376953,0.240011,0.261358,0.194071,0.061003,0.106350,0.232075,0.259221,0.226962,0.395477,0.386561,0.167062,0.287935,0.383958,0.176827,0.420700,0.259287,0.324993,0.258553,-0.085302,0.214223,0.215421,0.284069,0.264815,0.300678,0.255080,0.198190,0.295391,0.092961,0.211164,0.285541,0.175127,0.253355,0.307742,0.243866,0.308800,0.130117,0.330206,0.357929,0.343812,0.352855,0.444510,0.204419,0.188866,0.160749,0.279536,0.106796,0.259345,0.233241,0.246744,0.057716,0.460093,0.165682,0.112279,0.400818,0.272270,0.127473,0.234874,0.294138,0.380933,0.228099,0.309982,0.161634,0.322932,0.252786,0.117897,0.112155,0.361075,0.118850,0.482773,-0.114664,0.297271,0.119257,0.369104,0.210567,0.200144,0.185618,0.212944,0.409954,0.065093,0.326145,0.194936,0.354652,0.004098,0.365672,0.229140,0.098997,0.222239,0.297980,0.407007,0.058911,0.198102,0.377806,0.335474,0.080759,0.319542,0.127323,0.297082,0.095219,0.148577,0.250404,0.049482,0.343155,0.203878,0.112585,#
12,0.257609,0.458770,0.175684,0.337198,0.513438,0.123027,0.451186,0.357108,0.447694,0.267775,0.123142,0.417371,1.000000,0.276860,0.325992,0.201781,0.391948,0.382272,0.519535,0.446283,0.394478,0.226632,0.320390,0.263404,0.245915,0.299339,0.098084,0.278928,0.561651,0.249151,0.226928,0.265342,0.313053,0.340903,0.381045,0.286025,0.338030,0.253825,0.353560,0.379856,0.060942,0.001847,0.219857,0.458306,0.105237,0.214122,0.380365,0.176243,0.305573,0.338481,0.333395,0.314128,0.415089,0.235841,0.447975,0.274923,0.171816,0.325699,0.325827,0.256016,0.063693,0.140463,0.104396,0.191819,0.360422,0.503808,0.422821,0.189467,0.205628,0.359806,0.257228,0.238649,0.284771,0.361516,0.356858,0.197391,0.360180,0.307212,0.367081,0.274837,0.084007,0.293133,0.418369,0.364767,0.164255,0.421673,0.134558,0.311327,0.300441,0.291131,0.261376,0.317265,0.234078,0.072293,0.215380,0.286040,0.399958,0.431814,0.350053,0.034550,0.209609,0.387148,0.439029,0.340839,0.273674,0.296295,0.370648,0.257855,0.355660,0.248363,0.232820,0.111813,0.174086,0.387723,0.517071,0.171387,0.438455,0.219239,0.418661,0.121342,0.405589,0.203894,0.470737,0.259560,0.362091,0.411445,0.063628,0.244392,0.339008,0.462747,0.293084,0.191443,0.220062,0.274101,0.293394,0.444239,0.304990,0.426596,0.242212,0.095363,0.422579,0.516079,0.368187,0.300243,0.312493,0.210001,0.360870,0.212221,0.207469,0.487551,0.236539,0.457504,0.264933,0.164355,0.307695,0.466221,0.490492,0.285457,0.439122,0.301012,0.327096,0.274617,0.383920,0.274062,0.463276,0.153048,0.465814,0.194260,0.277637,0.135399,0.382347,0.294666,0.177866,0.259978,0.180197,0.220824,0.470411,0.616222,0.305064,0.143440,0.344213,0.240332,0.401245,0.350591,0.104708,0.364030,0.181557,0.493963,0.309095,0.250858,0.250524,0.279365,0.206230,0.340637,0.270691,0.174173,0.273981,0.437259,0.326770,0.214056,#
13,0.177939,0.307469,0.281248,0.279928,0.239564,-0.091751,0.363647,0.281923,0.331283,0.315205,0.272141,0.091737,0.276860,1.000000,0.164066,0.203718,0.146551,0.347570,0.316724,0.185322,0.346534,0.280362,0.463672,0.328893,0.198364,0.254204,0.078923,0.375826,0.441623,0.424531,-0.002289,0.224757,0.311040,0.401302,0.138391,0.050575,0.320715,0.266151,0.439232,0.306601,0.420967,0.111114,0.323009,0.220352,0.314801,0.165831,0.235706,0.288470,0.411093,0.367360,0.107798,0.476897,0.240886,0.135381,0.363228,0.285032,0.145259,0.067540,0.200191,0.104390,0.287767,0.231662,0.108232,0.216924,0.327028,0.332827,0.412857,0.034420,0.306776,0.256457,0.062918,0.264701,-0.141513,0.461161,0.309490,0.120857,0.203241,0.177161,0.293554,0.137724,0.077658,0.150608,0.405533,0.184060,0.319324,0.220289,-0.115306,0.206513,0.325101,0.366474,0.219541,0.256360,0.334902,0.340658,0.338916,0.038171,0.285655,0.195832,0.237056,0.393692,0.256161,0.151437,0.149862,0.458807,0.228805,0.342987,0.180196,0.390063,0.193615,0.174453,0.361219,0.271076,0.245923,0.363995,0.137264,0.231417,0.113914,0.231723,0.299563,0.190815,0.315649,0.253823,0.048223,0.097795,0.299240,0.114251,0.240334,0.129047,0.220065,0.115611,0.146163,0.175986,0.096935,0.098701,0.369706,0.272434,0.183318,0.171593,0.418594,0.236933,0.062818,0.337693,0.349246,0.098464,0.006078,0.304580,0.259363,0.267551,0.230043,0.144603,0.252038,0.337461,0.186092,0.415627,0.068412,0.353987,0.320963,0.150156,0.249051,0.305115,0.401615,0.241511,0.207229,0.180828,0.266520,0.213061,0.374509,0.236970,0.391743,0.070124,0.186309,0.234612,0.134074,0.143937,0.350947,0.358069,0.357373,0.547003,0.232540,0.175256,0.192950,0.212011,0.432903,0.357788,0.105340,0.242181,0.081487,0.371507,0.108152,0.095702,0.256007,0.369905,0.227801,0.214176,0.275056,-0.086492,0.262716,0.408327,0.150578,0.190246,#
14,0.112003,0.295753,0.171697,0.131579,0.220728,0.329744,0.162274,0.440400,0.358024,0.211206,0.014879,0.185507,0.325992,0.164066,1.000000,0.325184,0.298563,0.215075,0.045261,0.144323,0.195280,0.078079,0.148307,0.233932,0.086155,0.097748,0.185345,0.250588,0.243754,0.242282,0.154829,0.276698,0.263658,0.057100,0.131577,0.025909,0.206257,0.277942,0.209399,0.077053,0.233859,-0.053894,0.381758,0.277724,-0.019670,0.162997,0.029845,0.077778,0.089426,0.034860,0.156145,0.105333,0.019182,0.345619,0.104616,0.222646,0.134874,0.090348,0.210418,0.082388,0.158819,0.231329,0.103035,0.206553,0.143726,0.277967,0.227549,0.220137,0.244977,0.255060,0.203535,0.048343,0.186682,0.139456,0.138161,0.231703,0.284935,0.077319,0.006819,-0.009711,0.283319,0.249091,0.355789,0.445329,0.197721,0.275387,0.192090,0.304814,0.259404,0.089795,0.128990,0.047899,0.170593,0.354243,0.244226,0.227311,0.533348,0.279830,0.315631,-0.031902,0.144379,0.083942,0.321095,0.032480,0.188059,0.312498,0.230794,0.168728,0.176060,-0.029945,0.253414,0.317183,0.195052,0.156838,0.155595,0.238589,0.263140,0.169577,0.099628,0.127702,0.387275,0.024407,0.331322,0.359812,0.375868,0.016190,0.106947,0.392754,0.007281,0.300486,0.289367,0.236343,0.215398,0.228268,0.250396,0.288154,0.349227,0.318505,0.110558,0.318751,0.105912,0.269634,0.094893,0.204820,0.234986,0.292219,0.427095,0.213412,0.087803,0.033375,0.192202,0.236514,0.014483,0.203814,0.378584,0.162313,0.283061,0.136308,0.217218,0.082635,0.224776,0.042933,0.302184,0.146079,0.126593,0.044686,0.120656,0.125775,0.201222,0.115921,0.240527,0.340361,0.134834,0.375533,0.295320,0.448041,0.212015,0.222736,0.092104,-0.044431,0.261055,0.257290,0.329350,0.172447,0.216760,0.236287,0.298478,0.190078,0.053911,0.061754,-0.050193,0.296545,0.317072,0.167648,0.073834,0.027083,0.210153,0.151824,-0.034324,0.095034,#
15,0.145230,0.221626,0.328970,0.200186,0.270863,0.458927,0.131158,0.177461,0.296848,0.041257,0.243087,0.163783,0.201781,0.203718,0.325184,1.000000,0.207640,0.279322,0.163928,0.234345,0.193834,0.225717,0.146040,0.292037,0.111145,0.303148,0.197617,0.256018,0.326032,0.369872,0.238558,0.269832,0.229675,0.226612,0.311905,0.350862,0.323059,0.302030,0.392770,0.175422,0.089643,0.161765,0.301266,0.186206,0.313489,0.239956,0.390240,0.350287,0.331142,0.330654,0.124817,0.339375,0.242732,0.209352,0.317462,0.202394,0.279644,0.055876,0.030569,0.065774,0.332627,0.427931,0.121409,0.363558,0.251095,0.278187,0.213675,0.063791,0.056793,0.203236,0.284985,0.071071,0.026883,0.207303,0.222133,0.269904,0.439260,0.323041,0.244984,0.228939,0.401978,0.371495,0.245868,0.266793,0.402069,0.271339,-0.099609,0.448539,0.196127,0.119215,0.188720,0.130810,0.320451,0.229200,0.117417,0.205843,0.184039,0.219008,0.199909,0.049268,0.345616,0.107712,0.422243,0.353901,0.116416,0.305177,0.428045,0.293239,0.101208,0.374975,0.064304,0.097281,0.152879,0.282339,-0.051179,0.123216,0.358882,0.289730,0.334917,0.251918,0.229161,-0.023865,0.192954,0.282190,-0.053922,0.176216,0.309193,0.091077,0.302134,0.504109,0.052508,0.015862,0.137112,0.118186,0.263162,0.112970,0.149414,0.124809,0.248810,0.254042,0.072969,0.052406,0.254548,0.071022,0.077700,0.233715,0.173881,0.202262,0.204567,0.218657,0.417253,0.192569,0.490744,0.457820,0.142340,0.286734,0.331705,0.072931,0.238472,0.283334,0.156077,0.269203,0.425964,-0.060183,0.387415,0.204941,0.387122,0.444833,0.351215,-0.015923,-0.010704,0.291746,0.000578,0.191333,0.129629,0.404337,0.269118,0.316782,0.101731,0.169907,0.276982,0.401774,0.241063,0.168329,0.196831,0.189857,0.060734,0.171368,-0.010820,0.201547,0.235957,0.302680,0.251825,0.210615,0.196470,0.099293,0.203231,0.412062,0.232570,0.306175,#
16,0.338068,0.352012,0.063446,0.167234,0.393298,0.246950,0.310015,0.402060,0.343383,0.242467,0.151982,0.200347,0.391948,0.146551,0.298563,0.207640,1.000000,0.341170,0.280620,0.252904,0.410793,0.404094,0.302309,0.205083,0.102807,0.436796,0.284425,0.108229,0.279785,0.173593,0.290334,0.459378,0.415241,0.454714,0.327133,0.280880,0.405486,0.202090,0.472842,0.308475,0.302976,0.205852,0.264135,0.137046,0.182803,0.290632,0.146574,0.119962,0.343234,0.336446,0.167665,0.144493,0.361024,0.502792,0.441056,0.292471,0.047085,0.382361,0.295098,0.157546,0.146158,0.247650,0.088845,0.242390,0.385590,0.309291,0.428034,0.146074,0.371880,0.451459,0.217129,0.137169,0.304976,0.286532,0.260092,0.210681,0.407488,0.293615,0.327870,0.401078,0.210393,0.413695,0.482743,0.232584,0.265527,0.197095,0.254450,0.256621,0.190910,0.339228,0.296207,0.264039,0.280131,0.245690,0.331964,0.337409,0.401378,0.387484,0.369075,0.245819,0.317010,0.158427,0.257415,0.302111,0.189254,0.422750,0.325086,0.126811,0.309614,0.141291,0.347724,0.353710,0.324355,0.299691,0.323663,0.529306,0.545837,0.253046,0.289142,0.151572,0.288366,0.294345,0.354533,0.366464,0.349686,0.409876,0.085619,0.361432,0.330832,0.279875,0.277568,0.283591,0.281771,0.111486,0.294713,0.375446,0.251177,0.240640,0.153008,0.300201,0.261444,0.196185,0.369485,0.378041,0.158934,0.230239,0.275682,0.150796,0.240569,0.348360,0.278710,0.329279,0.297641,0.223455,0.410804,0.433002,0.414184,0.206621,0.400910,0.365064,0.122497,0.298880,0.498946,0.296220,0.318462,0.425821,0.327414,0.473819,0.329249,-0.023375,0.292290,0.412767,0.160152,0.131086,0.293156,0.179371,0.280262,0.436730,0.173429,0.077302,0.250865,0.192911,0.441096,0.166223,0.321667,0.373619,0.381564,0.252073,0.282643,0.211356,0.385260,0.300693,0.322540,0.207364,0.252079,0.048452,0.103591,0.282825,0.307972,0.218674,#
17,0.302134,0.259158,0.298925,0.191970,0.406757,0.302334,0.409764,0.280328,0.353266,0.183909,0.074165,0.307418,0.382272,0.347570,0.215075,0.279322,0.341170,1.000000,0.321510,0.426509,0.263938,0.284923,0.290849,0.451218,0.415146,0.375349,0.256554,0.298415,0.300463,0.367745,0.231556,0.286251,0.075507,0.284938,0.411040,0.342551,0.307877,0.299256,0.343181,0.326133,0.376768,0.220827,0.371219,0.218413,0.207786,0.155301,0.245671,0.322726,0.456569,0.407886,0.312740,0.272122,0.369773,0.219592,0.415136,0.413523,0.212416,0.135829,0.349318,-0.141668,0.227391,0.397452,-0.022446,0.182879,0.250539,0.474052,0.354065,0.227608,0.179339,0.311811,0.227296,0.231080,0.060985,0.367996,0.180912,0.096162,0.375834,0.348964,0.353308,0.327929,0.207058,0.216019,0.415260,0.251659,0.251874,0.259775,0.099442,0.218640,0.270509,0.332446,0.254764,0.187620,0.384242,0.185603,0.148567,0.308519,0.398553,0.148142,0.058212,0.335202,0.336065,0.081454,0.306776,0.280202,0.065483,0.250263,0.327970,0.246322,0.119529,0.095652,0.353211,0.246354,0.097755,0.477528,0.234067,0.025166,0.154178,0.327834,0.194142,0.118060,0.221702,0.135312,0.320543,0.276528,0.371722,0.375144,0.262415,0.245381,0.240669,0.329932,0.347043,0.389446,0.306581,0.169387,0.152717,0.405244,0.266134,0.403276,0.395255,0.372982,0.233667,0.328025,0.523725,0.275959,0.205185,0.278375,0.407052,0.269699,0.345445,0.130191,0.421627,0.217320,0.196085,0.414543,0.223610,0.516897,0.544405,0.266730,0.319722,0.361318,0.258530,0.195390,0.563982,0.176221,0.382582,0.365411,0.201691,0.338616,0.401906,0.020062,0.409191,0.189672,0.255095,0.121201,0.348047,0.165532,0.354216,0.418438,0.157394,0.347101,0.162565,0.511158,0.355411,0.379059,0.378129,0.234289,0.342581,0.395220,0.126430,0.026933,0.265158,0.291146,0.287490,0.278717,0.354823,0.451144,0.055191,0.546301,0.165019,0.147871,#
18,0.195410,0.469646,0.189755,0.412386,0.332871,0.096319,0.229158,0.487544,0.348175,0.294173,0.313679,0.362060,0.519535,0.316724,0.045261,0.163928,0.280620,0.321510,1.000000,0.515755,0.285045,0.295802,0.446791,0.122106,0.329744,0.390022,0.187642,0.429133,0.402649,0.408382,0.034245,0.314390,0.273173,0.398363,0.350601,0.383061,0.366744,0.289217,0.354335,0.217995,0.406654,-0.053711,0.269247,0.368164,0.294064,0.173703,0.456865,0.331164,0.348181,0.236215,0.155091,0.331562,0.448350,0.185264,0.263231,0.267833,0.206350,0.338879,0.263683,0.279286,0.253487,0.289569,0.133860,0.112018,0.447728,0.368279,0.288356,0.314797,-0.036450,0.348672,0.342733,0.110885,0.305349,0.233686,0.365620,0.186281,0.463766,0.307972,0.558310,0.218254,0.093142,0.126251,0.481770,0.282621,0.378932,0.370092,0.203316,0.333853,0.227973,0.241404,0.331792,0.352631,0.336887,0.331388,0.571005,0.257580,0.253604,0.464707,0.357781,0.338722,0.358471,0.136869,0.312513,0.470550,0.369345,0.442864,0.179015,0.336761,0.427012,0.234535,0.357580,0.175092,0.313416,0.423443,0.117855,0.078256,0.342212,0.024821,0.320120,0.213079,0.507101,0.455260,0.280620,0.176625,0.258398,0.236951,0.344526,0.094014,0.500827,0.239188,0.331888,0.239416,0.266211,0.236855,0.285796,0.507169,0.489501,0.356447,0.290421,0.203799,0.192748,0.428649,0.368988,0.422890,0.249321,0.465384,0.300822,0.070853,0.467532,0.369776,0.317441,0.575500,0.389762,0.327009,0.276083,0.440121,0.364212,0.400921,0.372568,0.292314,0.328658,0.232621,0.391664,0.255971,0.484963,0.243823,0.564157,0.344450,0.244475,0.047568,0.337736,0.522520,0.262012,0.118461,0.072633,0.278614,0.368921,0.629803,-0.007118,0.366865,0.310291,0.288659,0.276951,0.366065,0.186419,0.346729,0.276662,0.384065,0.245142,0.214344,0.487024,0.228330,0.170020,0.288281,0.305408,0.201625,0.071603,0.424878,0.305637,0.355984,#
19,0.238538,0.450781,0.285605,0.427732,0.497542,0.458963,0.240045,0.293163,0.441992,0.356934,0.196992,0.305904,0.446283,0.185322,0.144323,0.234345,0.252904,0.426509,0.515755,1.000000,0.385811,0.473468,0.342271,0.300160,0.239518,0.277191,0.413699,0.235677,0.445379,0.371286,0.244117,0.404078,0.222887,0.356178,0.313971,0.303957,0.442634,0.271356,0.350072,0.366110,0.455541,0.019814,0.234262,0.297767,0.202964,0.156197,0.410702,0.288413,0.457652,0.024983,0.099961,0.286216,0.289502,0.294284,0.260750,0.269332,0.431315,0.253663,0.292960,-0.030043,0.413238,0.386518,0.214852,0.237654,0.487951,0.510269,0.419626,0.273003,0.167442,0.386145,0.290765,0.182326,0.268951,0.249197,0.243217,0.163927,0.375779,0.183540,0.261639,0.212104,0.049171,0.166809,0.405856,0.274764,0.362193,0.363644,0.202926,0.418790,0.340494,0.294061,0.343525,0.375721,0.501007,0.372114,0.379298,0.230041,0.292547,0.324823,0.334972,0.307100,0.393858,0.230586,0.362368,0.380345,0.153823,0.284093,0.316821,0.346861,0.309611,0.119868,0.130384,0.219844,0.256968,0.408095,0.227643,0.121933,0.363401,0.279550,0.193997,0.175297,0.254354,0.356410,0.498077,0.381482,0.320605,0.236505,0.296430,0.263857,0.528760,0.508021,0.370704,0.386711,0.309555,0.297086,0.244812,0.369690,0.390519,0.314001,0.327556,0.384769,0.176233,0.265900,0.402113,0.316057,0.229543,0.321062,0.246287,0.102181,0.396581,0.294684,0.384531,0.565874,0.234139,0.349888,0.337371,0.423466,0.433261,0.231216,0.406861,0.378987,0.403378,0.490999,0.385904,0.242932,0.479923,0.220013,0.146136,0.368928,0.247586,0.231547,0.281788,0.411684,0.165814,0.057026,0.352485,0.412195,0.326105,0.587034,0.146311,0.345395,0.124897,0.484133,0.437992,0.484149,0.326494,0.271724,0.389794,0.427400,0.329970,0.231978,0.345697,0.377312,0.268333,0.411309,0.137629,0.322626,0.205827,0.293234,0.287795,0.339505,#
20,0.197068,0.206078,0.155579,0.067013,0.322367,0.201440,0.369706,0.208566,0.280995,0.376135,0.191309,0.104295,0.394478,0.346534,0.195280,0.193834,0.410793,0.263938,0.285045,0.385811,1.000000,0.258333,0.186745,0.270722,0.082807,0.259459,0.261661,0.271248,0.392620,0.457739,0.036315,0.217322,0.262502,0.424401,0.309969,0.442177,0.340865,0.086837,0.249359,0.324803,0.313377,0.322173,0.016604,0.296784,0.305485,0.217704,0.329659,0.083431,0.376372,0.266924,0.133354,0.322330,0.229927,0.296700,0.331712,0.187567,0.173003,0.281073,0.282356,0.054532,0.313742,0.273031,0.400569,0.099636,0.370720,0.474577,0.336432,-0.017279,0.341548,0.380383,0.303432,0.119334,-0.001778,0.354170,0.277623,-0.058924,0.402357,0.232920,0.183045,0.365935,0.023485,0.352441,0.496226,0.409339,0.165250,0.154857,0.176193,0.186563,0.266697,0.453293,0.276778,0.457342,0.342716,0.296986,0.382730,0.118002,0.156979,0.276511,0.268293,0.251584,0.408127,0.139575,0.407777,0.479324,0.182596,0.116603,0.207429,0.382634,0.193438,0.385474,0.216922,0.270023,0.221070,0.165701,0.344727,0.205330,0.355638,0.267234,0.143967,0.193286,0.429766,0.123887,0.253358,0.473750,0.234601,0.354159,0.345392,0.113407,0.384201,0.312249,0.236493,0.243214,0.210367,0.356076,0.400762,0.195110,0.229578,0.329729,0.361772,0.370311,0.229771,0.213329,0.086356,0.357327,0.320662,0.260014,0.258417,0.095889,0.152390,0.457316,0.241800,0.362145,0.341078,0.392201,0.153803,0.451820,0.494736,0.284396,0.350167,0.486189,0.250565,0.440807,0.328218,0.294420,0.548647,0.008332,0.180736,0.305695,0.489759,0.064938,0.235643,0.457786,0.464963,-0.067124,0.252890,0.267060,0.202293,0.444245,0.405049,0.094365,0.229932,0.211678,0.367794,0.252293,0.049082,0.224866,0.230272,0.506703,0.156862,0.040950,0.052030,0.256283,0.182684,0.374551,0.074158,0.051878,0.184968,0.236070,0.195818,0.134879,#
21,0.231413,0.479683,0.144261,0.252362,0.286392,0.264453,0.146870,0.343550,0.404555,0.304453,0.081539,0.153143,0.226632,0.280362,0.078079,0.225717,0.404094,0.284923,0.295802,0.473468,0.258333,1.000000,0.276654,0.349943,0.054467,0.230740,0.295972,0.128113,0.198164,0.206957,0.174830,0.394799,0.312902,0.266503,0.347576,0.245314,0.407135,0.312959,0.413422,0.158182,0.406890,0.330294,0.247241,0.111560,0.322818,0.159813,0.159499,0.314902,0.442847,0.008768,0.082532,0.447018,0.166880,0.090973,0.309031,0.180343,0.265310,0.249481,0.351564,0.016925,0.346429,0.169396,0.148260,0.145376,0.463040,0.361351,0.352999,0.300933,0.100178,0.182754,0.119921,0.327143,0.111889,0.244097,0.391574,0.291618,0.211022,0.155790,0.254443,0.332325,-0.050584,0.049696,0.306773,0.094555,0.505055,0.111574,0.044879,0.351974,0.264085,0.241246,0.137691,0.115276,0.336850,0.150776,0.344762,0.089479,0.192391,0.108641,0.151532,0.320224,0.211758,0.169943,0.382424,0.159712,-0.025712,0.412765,0.099320,0.051172,0.342531,0.302985,0.293666,0.236270,0.183511,0.397264,0.049737,0.218554,0.420567,0.222690,0.061952,0.113753,0.264714,0.231871,0.326842,0.218336,0.399577,0.209306,0.154300,0.265113,0.368135,0.363058,0.300905,0.273872,0.264578,0.220018,0.375921,0.299665,0.002388,0.155573,0.232281,0.397946,0.157694,0.116904,0.329055,0.129584,0.150911,0.261873,0.126126,0.168430,-0.044680,0.352942,0.171248,0.386392,0.140103,0.286621,0.290313,0.357753,0.420943,-0.042759,0.224298,0.317225,0.325387,0.278402,0.296147,0.190818,0.316579,0.235096,0.272476,0.417147,0.221829,0.259355,0.306866,0.153196,0.073275,0.045301,0.292244,0.269647,0.079613,0.391278,0.062169,0.038261,0.186104,0.366883,0.317693,0.221993,0.179603,0.310153,0.222117,-0.001458,0.159289,0.333638,0.384870,0.357099,0.218472,0.188642,0.235448,0.156808,0.256810,0.330671,0.070219,0.292787,#
