0,1.000000,0.036188,-0.030667,0.276826,0.077943,0.004662,0.022670,-0.133154,0.087837,-0.040134,0.053323,-0.039600,-0.001472,-0.330756,0.142656,0.262617,0.253432,0.242497,0.243372,0.217421,-0.058836,-0.069018,0.219767,0.282724,-0.002703,0.022474,0.115536,-0.167552,-0.134673,-0.027293,-0.052047,0.118843,0.027406,0.009696,0.158445,0.086352,0.093687,0.007565,0.069898,0.021132,-0.007073,0.084602,0.332494,-0.047968,-0.117643,-0.029676,-0.077461,0.246994,-0.006762,0.257317,0.002925,0.110900,0.002065,0.085080,0.165663,-0.054943,0.231983,0.110672,-0.067832,0.084531,0.100852,0.172012,0.143110,0.070466,-0.063032,-0.134586,-0.028966,0.002316,0.025805,0.174107,-0.091852,-0.101244,0.096126,0.229357,-0.025771,-0.279593,0.208453,0.197342,0.054461,-0.216608,-0.183107,-0.142779,0.105439,0.167321,0.202473,0.046563,0.209137,-0.080976,0.151923,0.287065,0.124910,-0.091361,0.129222,-0.107475,-0.041360,0.364227,0.096231,-0.246559,0.002301,0.074745,0.107272,0.136198,-0.144567,0.144102,0.050970,0.115032,0.258269,0.159987,0.221881,-0.032199,0.005821,-0.016815,-0.112546,-0.065464,0.121289,0.182451,-0.152089,-0.077088,0.020977,-0.098955,0.092870,-0.083984,0.130446,0.060270,0.252322,0.201675,-0.002656,-0.100488,-0.077979,0.111970,0.124091,-0.168853,-0.163581,-0.204285,-0.085438,0.180930,0.030071,0.150172,-0.296418,-0.043903,0.233773,0.150538,0.009458,0.057497,-0.011500,-0.050227,0.022329,-0.099990,0.085199,0.055703,-0.227928,0.143687,-0.015752,-0.019779,0.095720,0.173221,0.200971,0.093177,-0.026226,0.018468,0.260752,0.161708,-0.075338,-0.115466,-0.108306,0.311756,-0.127250,0.153570,0.205280,0.073368,-0.238943,-0.259401,0.227183,-0.122551,-0.192971,0.147022,0.206857,-0.061412,0.018880,-0.102163,0.031178,0.178880,0.023629,-0.028220,-0.190212,-0.050096,0.074902,0.276013,0.207852,-0.200065,0.058855,0.349700,-0.045059,-0.037934,0.271999,0.201591,-0.054118,-0.068994,0.049595,0.102201,#
1,0.036188,1.000000,0.207538,0.059987,-0.049930,0.015093,0.466337,0.238716,0.266114,0.089926,0.287220,0.258777,-0.019777,-0.069581,-0.081159,0.038660,-0.055250,0.022321,-0.000749,-0.032564,-0.021499,0.152829,-0.034882,-0.222233,0.045144,-0.043082,-0.063857,0.093327,-0.445347,0.059924,0.143287,-0.141408,-0.115242,0.136612,-0.125434,0.147981,-0.081938,-0.046370,0.159787,0.106631,0.008499,-0.027645,0.293045,-0.034552,0.039660,-0.016111,0.284867,-0.096119,0.276466,-0.012899,0.098916,-0.038804,0.289031,0.235185,0.182309,0.207447,-0.133121,-0.119123,-0.117716,0.101876,0.082672,0.014552,0.221260,-0.052460,-0.102760,0.248739,0.331059,0.108227,0.050705,0.173139,0.158265,0.137468,0.122855,0.150944,0.024485,-0.030070,0.083483,0.057912,0.265556,0.029138,-0.096408,0.260330,-0.069045,0.140850,0.219956,-0.042487,0.073844,0.273939,-0.062720,-0.063403,0.079836,0.024582,-0.207874,0.040893,-0.082466,0.129072,0.014338,-0.064458,-0.107438,0.118126,0.150847,0.070830,0.084601,-0.046957,-0.086965,0.069243,0.211324,0.105373,0.279236,0.022306,-0.029495,0.044791,-0.150758,-0.222716,0.183197,0.328814,0.095706,-0.105908,0.138164,-0.047957,-0.330671,0.094929,0.025604,0.053403,0.000099,0.020934,0.018863,0.117625,0.292158,0.028129,-0.096365,0.062144,-0.100198,0.086780,0.138061,-0.103268,0.299906,0.252705,-0.030637,0.216190,0.125413,0.146220,-0.106633,0.100957,0.237164,-0.133568,0.019818,-0.007754,0.198483,-0.066713,0.413751,0.056707,-0.097021,-0.177175,0.101582,0.246734,-0.231007,0.225197,-0.238304,-0.133939,-0.146268,-0.033747,0.233985,0.288822,0.212576,0.055564,0.005501,-0.117502,0.010294,0.233774,0.151849,-0.045918,0.038399,-0.173488,0.148207,0.159014,0.184919,-0.082586,0.042096,0.080135,0.108421,-0.034361,0.166518,-0.028627,0.279848,-0.029517,0.141121,-0.251935,0.169241,0.282182,0.119482,0.369196,-0.202961,0.074668,0.016414,-0.042519,-0.169272,0.284479,-0.116170,0.399007,#
2,-0.030667,0.207538,1.000000,-0.000107,0.163495,0.005297,0.219111,0.047827,0.050615,0.095984,0.414061,0.240065,-0.039926,-0.002745,-0.155241,0.104061,-0.124110,0.021260,-0.041251,-0.002653,0.112621,0.150527,-0.020321,-0.184587,-0.041463,0.118570,0.103556,-0.012532,-0.253094,0.026232,0.024935,0.088779,-0.067504,-0.007166,0.044559,0.003904,0.162835,0.029110,0.186261,-0.169408,0.149443,-0.082202,0.167673,-0.117199,0.022105,-0.006555,0.124856,0.000488,-0.134049,-0.105849,-0.147978,0.135723,0.116655,-0.067356,0.096683,-0.075019,0.137208,-0.101187,0.150334,0.175756,0.374478,-0.160071,-0.183837,0.048890,0.184919,0.104027,0.219338,0.016171,0.048361,-0.122074,0.200285,0.234804,-0.155317,0.105291,0.171689,0.035643,-0.076135,-0.137233,0.022572,-0.072663,-0.052661,-0.241853,-0.052568,-0.185999,0.262807,0.150565,0.164947,0.176585,0.096969,0.015781,-0.029136,0.252412,-0.088079,0.125619,-0.180713,0.110591,-0.032039,-0.056796,-0.076273,0.026101,0.114113,0.045281,-0.156613,0.107964,-0.013437,0.206277,0.215607,0.264594,0.088797,0.147636,0.117733,0.163393,0.107865,-0.002796,-0.052541,0.177167,0.146259,-0.086192,-0.201249,0.027403,0.046780,-0.253006,-0.055495,-0.018649,0.011300,-0.124734,0.142839,-0.054132,0.201887,0.148845,-0.126207,0.173472,-0.092685,0.161135,0.139225,-0.107320,0.088184,0.018661,-0.007127,-0.012660,0.351488,0.093086,-0.106389,-0.052404,0.272990,-0.222356,-0.237765,-0.165201,-0.090033,-0.096436,0.096595,0.032421,0.189691,-0.064067,0.042759,-0.057994,0.005774,-0.203226,0.092520,-0.089019,-0.238580,-0.074081,0.181706,0.127450,0.000246,0.119180,-0.031871,-0.186975,-0.027568,-0.084504,-0.051758,0.259300,0.080045,0.040000,-0.031562,-0.098743,0.012189,0.064980,-0.344388,-0.027977,0.144307,0.097860,-0.058353,0.168155,0.067804,0.027421,-0.025823,-0.164153,0.158967,0.093216,0.059010,0.025552,0.061681,0.026706,0.042149,0.011516,-0.307050,0.109591,0.078115,0.283498,#
3,0.276826,0.059987,-0.000107,1.000000,-0.036755,-0.006694,0.082043,0.147478,0.275299,0.231907,0.122018,0.030682,-0.008009,-0.201757,0.243538,0.044091,0.014609,0.176009,0.285817,-0.148127,0.030216,0.129338,0.310294,0.332373,0.030150,0.009505,0.114047,-0.053808,0.075346,0.130486,0.121608,0.014141,0.275248,0.384110,-0.104554,0.076127,-0.227450,0.305912,0.250026,0.062941,-0.132400,0.132022,0.181498,0.087683,-0.007446,-0.119573,-0.206754,0.104401,-0.187592,0.027687,0.080107,0.010534,0.163155,-0.129210,0.167778,0.052651,0.242113,-0.027946,0.079876,0.066550,0.099746,0.054967,0.042934,-0.053008,0.141381,-0.143224,0.052329,-0.216945,-0.289319,0.255204,0.047643,0.179877,0.113554,-0.014641,0.047620,-0.173177,0.083001,0.027177,-0.064795,0.022374,0.000015,-0.063088,0.255677,-0.090149,0.148948,0.011661,0.105747,0.017809,0.194431,0.258753,0.260968,0.148067,-0.121859,0.003530,0.065429,0.002609,-0.060561,-0.158833,-0.028744,-0.130467,0.234962,-0.065449,-0.109116,-0.148921,0.255353,-0.128618,0.412220,0.231509,0.050292,-0.038047,0.032186,-0.141116,-0.022609,0.053360,-0.057905,0.037665,-0.082810,0.050178,-0.094807,0.003473,-0.066081,-0.069791,-0.068093,0.036549,-0.041568,0.009652,0.185869,0.256668,-0.043458,0.081737,0.166752,0.187102,-0.021239,0.144778,-0.099095,0.291246,-0.122575,0.082252,-0.061859,0.157788,0.158754,0.274272,0.033877,0.014493,0.026270,-0.008011,0.300230,0.081335,-0.210266,0.067315,0.030485,-0.310847,0.055238,0.018210,-0.013745,0.130759,-0.005778,0.074387,0.145044,-0.147292,-0.080516,0.000016,0.088331,0.024797,-0.050975,0.103342,0.020282,0.130909,0.047132,0.051881,-0.108742,-0.305437,-0.026118,0.043992,0.005369,0.237155,0.289426,-0.003129,-0.132831,0.091474,0.028215,0.168885,-0.010091,-0.184591,-0.075763,-0.281006,0.146080,0.074637,0.059719,-0.072714,0.058101,-0.045783,-0.054009,0.133331,0.068408,-0.042221,0.053217,0.053830,-0.215056,-0.129993,#
4,0.077943,-0.049930,0.163495,-0.036755,1.000000,0.146743,0.066797,0.077737,0.036813,0.093405,-0.000467,0.052047,-0.064004,-0.042618,0.119547,0.080238,-0.073746,0.142296,-0.036918,0.270154,0.360006,0.024199,0.088003,0.072868,-0.073746,0.079736,0.034072,-0.172326,0.203584,-0.025076,0.073479,0.087515,0.036217,0.188312,-0.078058,0.100978,0.316301,0.159599,0.307125,0.156965,-0.109216,0.227827,0.056612,-0.042304,0.163277,0.239637,0.308330,0.036116,-0.059498,0.048278,-0.048053,0.064866,0.027597,0.076576,0.310933,0.294300,0.062734,0.024651,0.059584,0.162458,0.131441,0.228843,-0.031097,0.040068,-0.054795,-0.000226,-0.059547,0.094496,-0.073518,0.120121,0.144120,0.292460,0.134009,0.017202,0.142429,-0.092185,0.165339,0.045943,0.099765,-0.060541,0.033294,0.048539,-0.023229,0.040712,0.365246,0.054146,0.092725,0.126267,-0.041014,0.151549,0.246294,-0.170384,0.070853,0.067734,0.225282,0.153905,-0.039880,-0.069917,-0.360326,-0.025800,0.149258,0.069880,0.089608,0.182105,-0.005383,0.214625,-0.010774,0.103308,0.210399,0.213809,-0.025765,0.163842,0.096278,0.047371,-0.066655,-0.096428,0.183413,0.076996,-0.111705,-0.046601,-0.145633,-0.146912,-0.113120,0.032768,0.269830,-0.079547,0.226398,0.025360,0.230642,0.195965,0.373812,-0.059127,0.193514,0.228843,0.132819,0.146716,-0.154095,-0.027300,0.246107,-0.026183,0.191919,0.083744,0.212747,0.032794,0.211425,0.224417,0.047807,0.202966,-0.050412,0.116379,0.130202,0.202632,0.353239,0.426342,0.317529,-0.027928,0.087907,0.061812,-0.130765,-0.033919,0.193440,-0.077894,-0.021395,-0.090508,-0.276592,0.009645,-0.038910,0.053707,0.116679,-0.021395,-0.264700,-0.114685,0.469912,0.066782,0.110853,0.100127,0.303655,0.156485,-0.054447,0.233664,0.135616,-0.032230,0.083991,0.010260,0.028943,0.147923,-0.214484,0.085644,0.170532,0.320302,-0.233073,0.160760,-0.167326,-0.027120,0.168623,0.140615,-0.022725,0.064217,0.156005,0.381249,#
5,0.004662,0.015093,0.005297,-0.006694,0.146743,1.000000,-0.036760,0.095207,0.003061,-0.069446,-0.062647,-0.105823,0.159396,-0.157144,-0.132077,-0.075447,0.002524,-0.015229,-0.230243,0.154408,0.007407,-0.152798,0.206198,-0.216395,0.077305,-0.106695,0.198394,0.049431,0.166843,-0.028644,0.138434,0.033041,0.229801,0.106093,-0.338927,0.182459,0.079237,-0.063869,0.097112,-0.020743,0.141811,0.034500,0.184687,0.205053,0.177116,-0.105627,0.217708,-0.053074,0.120260,-0.262136,0.060396,-0.044176,0.080237,-0.199784,0.084914,0.239961,0.135638,-0.195769,0.302303,0.084280,-0.151224,-0.014108,-0.014498,0.066747,0.092191,0.028260,-0.308092,0.008729,0.197362,-0.277140,-0.079544,0.073034,0.199133,-0.054802,-0.021012,-0.025245,0.033186,0.111081,0.160568,0.024740,-0.038772,-0.112337,0.112380,0.083310,-0.202582,-0.008424,0.101448,0.006827,0.076698,-0.103681,0.006815,0.057765,0.221255,0.196468,-0.023895,0.097552,-0.240430,0.198358,0.121583,0.058674,-0.091624,0.021574,-0.278479,0.032361,-0.075376,0.256584,0.136484,0.155048,0.013488,0.034676,0.040935,0.208586,-0.253128,-0.176712,0.108215,-0.068967,0.046810,0.130965,-0.004611,0.025422,-0.192087,-0.022076,-0.140895,0.088000,-0.255268,-0.184051,0.257424,-0.311553,-0.062309,0.051668,0.332232,0.168156,0.081320,0.223122,0.164128,0.104677,0.163316,0.003688,0.174200,-0.293819,-0.048230,0.126480,-0.087314,0.040218,0.304723,0.025046,0.093826,-0.064662,0.143176,0.156016,0.059929,-0.018954,0.168306,-0.136481,-0.130853,0.080687,0.013836,-0.068081,-0.141583,-0.246132,0.148656,-0.129910,0.150476,0.084929,0.057096,0.025360,-0.215721,0.292478,0.047136,0.022020,0.354006,0.202816,0.267929,-0.066633,-0.170063,-0.146673,0.119157,0.027301,0.138971,0.130294,0.188761,-0.013420,0.234232,-0.024161,-0.169625,-0.044014,0.094290,0.119535,0.071298,-0.093493,-0.042452,0.180370,-0.072102,-0.203739,-0.065281,-0.125023,-0.163473,0.054982,-0.011677,0.250586,#
6,0.022670,0.466337,0.219111,0.082043,0.066797,-0.036760,1.000000,0.134345,0.376610,0.090078,0.082086,0.281982,0.228567,0.052760,-0.071027,0.151697,0.003059,0.149611,0.016887,-0.084005,0.101190,0.338078,-0.002548,-0.027909,0.076228,0.154554,-0.032672,0.066055,-0.119887,0.224893,0.034433,-0.027874,-0.103320,-0.000616,-0.067849,0.016758,-0.122113,0.086357,0.036038,0.042589,-0.041519,-0.043647,0.247258,0.052245,0.202416,-0.089007,0.066915,-0.123818,0.079286,-0.072624,-0.092450,-0.151100,-0.021397,0.151382,0.085502,0.030596,-0.037006,0.094644,0.020763,0.050525,0.306769,0.070657,0.203109,-0.209352,0.093851,0.471895,-0.026877,0.128482,-0.009839,0.093370,0.193144,0.115460,-0.007624,0.284253,0.221531,0.045263,0.188222,-0.096998,0.280808,-0.022905,0.094704,-0.122771,0.000648,-0.159794,0.125928,0.000629,0.107502,0.221744,-0.052775,0.020619,-0.034812,0.021388,0.041548,0.001215,-0.026882,-0.005563,0.218701,0.044660,-0.055310,0.239127,-0.034914,0.210712,0.155349,0.052953,-0.252496,0.114614,0.207581,0.078403,0.146771,0.166836,0.197477,0.191612,-0.150801,-0.343860,-0.012457,0.218633,0.377149,-0.248020,-0.053959,-0.112349,0.115569,-0.007993,-0.017948,0.239190,-0.036039,0.142376,0.058282,-0.066157,-0.045854,0.010682,0.065899,0.049873,-0.029674,-0.022885,-0.039070,0.003270,0.046464,-0.071590,0.057258,0.227568,0.220894,0.225879,-0.006342,-0.114719,0.025774,0.015645,0.034318,-0.109837,0.124609,-0.149940,0.352950,-0.110722,0.110983,-0.027628,0.237633,0.056293,-0.013163,0.194007,-0.133637,-0.156292,-0.196205,0.246505,0.220034,0.071415,0.123779,0.208742,-0.050719,0.090639,-0.188104,-0.029556,-0.084140,0.025315,-0.032144,-0.086266,0.257338,0.067390,-0.088700,0.004380,0.076715,-0.043420,0.135532,-0.002780,0.150471,-0.036150,0.116743,0.125554,-0.029338,0.087821,0.170641,0.156438,0.139343,0.080907,-0.123316,0.212156,-0.064957,-0.019204,0.033342,0.135402,0.038536,0.171980,#
7,-0.133154,0.238716,0.047827,0.147478,0.077737,0.095207,0.134345,1.000000,0.353217,-0.123492,0.098913,0.247990,-0.006755,-0.091259,0.211340,-0.061366,0.126067,-0.015804,-0.217086,-0.048247,-0.098152,-0.064660,0.116320,-0.033185,0.141125,-0.014858,0.029531,0.008282,-0.043532,0.117596,0.028081,0.012540,0.031042,0.142396,-0.264067,-0.117106,0.057044,0.023967,0.309330,0.195714,-0.271482,-0.115112,0.132908,0.196397,0.101937,0.037948,0.167508,0.021127,0.106355,0.021275,0.333676,-0.000607,0.089344,0.190146,-0.061191,-0.075008,-0.036291,0.048223,0.139916,0.107889,0.147375,0.023937,-0.051518,-0.166170,-0.055768,0.072384,-0.166439,-0.004933,-0.052868,0.494384,0.004700,-0.073512,0.281913,0.017229,0.151110,-0.131770,-0.018820,0.107254,0.123634,0.160450,0.039486,-0.108380,0.006547,0.144059,0.066283,0.157192,0.020209,0.051796,-0.002020,0.056550,-0.048372,-0.015384,-0.026465,0.120239,0.013726,-0.334824,-0.247236,-0.001510,-0.163797,0.125423,0.136752,0.006289,0.026519,0.032934,-0.013577,0.112672,-0.032799,0.062389,0.005921,0.155306,-0.072823,-0.125637,-0.064062,0.039813,0.324460,0.003663,0.048380,-0.182923,-0.078623,0.160838,0.007392,0.076341,-0.062418,0.192945,0.150936,0.154475,0.322673,0.140200,0.000616,-0.072311,0.077523,-0.094960,0.192075,0.138784,0.140235,0.115095,-0.222417,-0.079113,0.129018,0.118029,0.059604,-0.116746,0.009951,-0.106403,0.188897,-0.035033,0.030451,0.014069,0.188051,0.127100,0.138324,-0.044039,0.016313,0.026694,-0.185704,0.116633,-0.033885,0.188172,0.019352,0.065889,-0.145471,-0.158640,0.120530,-0.003894,-0.166617,0.221667,-0.006473,-0.197134,-0.191199,0.016089,0.056073,0.089022,0.307567,0.028444,0.154848,-0.092502,-0.014214,0.045287,-0.109733,0.266350,0.318858,0.186612,-0.023298,-0.008867,0.069134,0.141239,-0.136868,-0.222833,-0.037239,0.233884,0.011559,0.017873,-0.051807,-0.156771,-0.075440,-0.073869,-0.210656,0.129154,-0.142485,0.242953,#
8,0.087837,0.266114,0.050615,0.275299,0.036813,0.003061,0.376610,0.353217,1.000000,0.200047,0.001059,0.185701,0.080972,-0.133391,0.327236,0.310781,-0.086993,0.028915,-0.014151,-0.135245,-0.182036,0.223340,0.322278,0.046876,-0.010432,0.014191,-0.065960,0.055684,-0.078616,0.304545,0.012770,0.191580,-0.179486,0.155789,-0.010685,0.037473,-0.013452,0.027086,0.106107,0.039926,-0.211140,0.136523,0.197252,0.081905,0.194190,0.047161,0.057635,-0.196098,0.087621,0.001446,0.332205,0.141616,0.031227,0.132173,0.058071,0.333428,0.273939,0.202359,0.140950,0.338126,0.278712,-0.037415,0.303571,-0.226961,0.078082,0.252592,0.076752,-0.016300,0.167611,0.160269,0.217256,-0.013507,0.088995,0.221480,0.354354,0.041242,0.191619,-0.021367,0.011200,0.116974,0.098204,0.068065,-0.007521,-0.069422,0.159165,0.104625,0.060841,0.005507,-0.187088,0.107718,0.005829,0.064899,-0.034790,0.032319,0.076396,0.024798,0.210768,-0.006396,-0.101696,0.093249,0.214302,0.096464,0.029685,0.052860,0.180540,0.023794,0.115900,-0.027895,-0.038517,0.174283,-0.087161,-0.125162,-0.214699,-0.121596,0.225718,0.248252,0.039844,-0.225854,0.007240,0.189225,0.030196,0.016517,-0.065179,0.075014,0.019127,0.057870,0.050315,0.222928,-0.095755,0.346579,-0.016372,-0.106127,0.277445,0.148448,0.139588,0.282888,-0.097585,-0.009511,0.005362,-0.098719,0.028567,0.163819,0.267408,-0.002665,-0.083688,0.110817,0.254409,-0.006151,0.325893,0.077921,0.267434,-0.138664,0.107278,0.181918,0.157452,0.393530,-0.053768,0.306142,0.009464,-0.060357,-0.138531,-0.014103,0.127648,0.060244,0.176642,0.219485,0.038041,-0.272387,0.124588,0.179805,0.058866,0.008466,0.080797,-0.180252,0.182640,-0.016004,-0.040057,-0.005078,-0.071638,0.200925,0.293777,0.061815,0.001538,0.169807,0.087217,-0.009617,0.030386,-0.111167,0.021188,0.009366,0.054623,-0.050989,0.051129,0.077400,0.218389,-0.131925,-0.054423,0.046731,0.097250,-0.011806,#
9,-0.040134,0.089926,0.095984,0.231907,0.093405,-0.069446,0.090078,-0.123492,0.200047,1.000000,0.382781,-0.134700,-0.010282,-0.280016,0.059119,0.245057,-0.196715,0.074514,0.060413,0.078541,0.075375,-0.105319,0.007733,-0.009985,-0.064932,-0.215748,-0.049938,0.028785,-0.196996,0.182533,0.095285,-0.219146,-0.273708,0.109618,-0.054026,-0.079171,-0.250634,0.148079,0.200415,-0.168297,0.178169,-0.114239,0.158416,-0.160463,-0.038369,0.121086,0.013239,-0.054478,-0.033812,0.070864,0.002177,0.006430,0.098587,-0.176089,-0.153150,0.138380,0.042465,-0.054231,0.069542,-0.047576,0.109590,-0.012733,0.146826,-0.044248,-0.056958,0.124681,-0.047239,-0.191753,-0.112013,-0.187565,0.240237,0.171880,-0.132124,-0.019757,-0.142529,-0.034785,-0.278828,-0.211419,-0.016895,0.180691,0.188951,0.086993,-0.051565,-0.219438,0.087575,-0.178832,-0.073801,0.046714,-0.125003,-0.271835,0.015268,0.369658,-0.017022,-0.261644,0.126010,-0.049702,0.093512,0.201491,-0.093918,-0.431922,-0.146999,-0.232456,0.285042,-0.113670,0.278130,-0.174138,0.083035,-0.243844,-0.044611,-0.155849,0.138010,-0.059680,-0.021243,0.208349,-0.177985,-0.010810,-0.163380,-0.066887,0.110540,-0.152081,-0.233573,0.097369,-0.251372,-0.099449,-0.242871,-0.011877,-0.241321,0.192420,0.020442,0.144105,-0.059478,-0.070546,0.002537,0.195090,-0.103891,-0.134543,-0.082308,0.181585,-0.049945,-0.163355,-0.174057,-0.024121,0.213888,-0.008404,0.008686,-0.091833,-0.014234,0.187328,-0.211534,0.147734,0.000056,-0.309674,0.250555,0.186208,0.216072,0.027658,-0.028955,0.104184,-0.115130,-0.091095,0.022858,-0.245368,0.044451,0.245094,0.040307,-0.126253,0.034723,-0.125760,0.027725,-0.124253,0.060638,-0.186612,-0.092808,-0.032397,0.020122,0.005846,0.005066,-0.014510,-0.052616,-0.040440,-0.110567,-0.153389,0.111014,-0.033613,-0.176790,-0.067009,-0.051755,-0.230144,0.318950,0.037521,-0.097227,-0.039437,0.035089,-0.070401,-0.090964,-0.049678,-0.230276,0.040463,-0.243838,0.045086,#
10,0.053323,0.287220,0.414061,0.122018,-0.000467,-0.062647,0.082086,0.098913,0.001059,0.382781,1.000000,0.019536,-0.072336,-0.210995,0.065101,0.162452,0.034776,-0.001770,0.154095,0.190505,-0.002913,-0.198884,-0.065433,0.004843,0.051230,-0.182497,-0.109581,0.112710,-0.382497,0.138551,-0.004538,-0.067321,0.011964,0.014383,0.062590,0.162231,0.007034,-0.119357,0.161039,-0.083277,0.182118,-0.123460,0.150260,-0.227899,0.038268,0.043812,0.160197,0.038411,0.011282,0.239090,0.107377,0.024503,0.172166,0.072755,-0.101806,-0.033666,-0.050825,-0.279808,0.155595,0.209335,0.066891,0.175318,-0.045861,0.203380,0.077912,0.060505,0.346020,0.061296,-0.145169,-0.068668,-0.021685,0.232984,-0.088320,-0.012249,0.002796,-0.038993,-0.157145,0.089848,-0.077273,-0.061118,0.206103,-0.034704,0.077852,0.008081,0.333030,-0.159495,-0.034667,0.250817,-0.104191,0.080801,0.166883,0.337866,-0.083704,0.033091,-0.163258,0.259640,-0.061503,-0.043617,0.139922,-0.026533,-0.058226,-0.051757,0.026807,-0.181176,0.088130,-0.272534,0.080009,0.196058,-0.045280,-0.147875,0.044310,0.168573,0.083180,0.087679,0.146474,0.278776,-0.026355,-0.139378,-0.083440,-0.049335,0.041014,0.020997,-0.160013,-0.142294,-0.122012,-0.191015,0.169701,0.064869,0.160647,0.072263,-0.069862,0.131087,-0.167404,-0.033983,-0.021220,-0.108066,-0.146875,0.344282,-0.160019,-0.021105,0.155998,-0.075720,-0.149242,-0.033761,0.305701,-0.237774,-0.274939,-0.240906,0.027744,-0.044532,0.096624,0.020818,0.017807,-0.226123,-0.039836,-0.156287,0.209158,-0.135498,0.015446,-0.210819,0.040726,-0.155798,0.243716,0.198134,0.195930,0.134990,0.206069,-0.069924,-0.031601,0.276055,-0.014775,-0.006234,-0.095814,0.084087,0.187372,-0.174529,-0.003999,0.289178,-0.176032,0.042434,-0.012452,-0.032348,0.231823,0.039553,0.132040,-0.177717,-0.108734,-0.354127,0.066686,0.085851,0.156850,0.087012,-0.011248,-0.075962,-0.058954,-0.139548,-0.394304,0.146157,-0.168098,0.423023,#
11,-0.039600,0.258777,0.240065,0.030682,0.052047,-0.105823,0.281982,0.247990,0.185701,-0.134700,0.019536,1.000000,-0.042788,0.112387,-0.028465,-0.104547,0.014807,0.020569,-0.082333,-0.435468,0.063303,0.271854,-0.011646,-0.137374,0.077165,0.258537,-0.136607,0.290481,-0.121297,0.178635,0.084124,0.221461,-0.053359,0.129326,0.053186,0.053538,0.231352,0.007603,0.039388,0.320262,-0.126596,-0.010268,0.298896,0.039132,0.119399,0.144124,0.084838,0.015352,0.010078,-0.171392,-0.144257,0.267968,0.043057,0.317903,0.106860,-0.090397,-0.342487,0.230406,0.021840,0.039763,0.254673,-0.192777,0.170931,-0.200730,0.037135,0.249872,0.068122,0.169829,0.208461,0.179269,0.054853,0.149738,0.175201,0.029598,-0.016432,-0.156607,-0.020170,-0.106001,-0.049915,-0.148176,-0.040018,0.108826,0.118406,-0.112050,0.133106,-0.021818,-0.054560,0.262751,0.027058,-0.006346,-0.072076,0.171086,0.085770,0.217229,0.114477,-0.008766,-0.124781,-0.146038,0.081342,0.257877,0.153580,0.183903,-0.089150,0.099621,-0.124574,0.226086,0.092502,0.165967,0.095346,0.107159,0.066144,-0.079415,-0.029721,0.023804,-0.097240,0.242671,0.106884,0.011733,-0.215779,0.245521,-0.032737,-0.057410,0.026755,0.023641,-0.077575,-0.142718,-0.044627,-0.008750,0.212468,0.007639,-0.092986,0.199125,0.174395,0.173158,0.012557,-0.017073,-0.212680,0.267253,-0.018992,0.324644,0.079572,-0.100177,-0.117831,0.119305,0.196141,0.085941,0.244272,-0.123790,-0.058413,0.038483,0.140196,0.183882,-0.015203,-0.171632,0.076097,0.199833,-0.028426,0.015051,0.131224,-0.064792,0.033361,0.294247,-0.062865,0.043660,-0.019605,-0.034641,0.049156,-0.017361,-0.111368,0.198253,0.009607,-0.044845,0.060901,-0.113367,0.152191,-0.114978,-0.097000,-0.024867,-0.063957,0.181061,0.274216,-0.019406,0.144336,-0.163193,-0.014517,-0.027824,-0.190927,-0.086713,0.105833,0.448299,-0.093420,-0.102641,0.141372,0.374028,0.265967,-0.017084,0.049358,0.151394,-0.079335,0.138114,#
12,-0.001472,-0.019777,-0.039926,-0.008009,-0.064004,0.159396,0.228567,-0.006755,0.080972,-0.010282,-0.072336,-0.042788,1.000000,0.011996,0.154415,0.137220,0.344088,0.334592,0.183975,0.117706,0.087005,0.269413,0.018928,0.127845,-0.067213,0.035995,0.206305,0.215187,-0.036700,0.098239,-0.135379,0.148378,0.053897,0.005657,0.035477,0.206338,0.017843,0.081794,0.059181,0.202290,0.009726,-0.087848,0.195357,0.233489,0.199975,0.000799,0.233437,-0.182635,0.187416,-0.070785,0.081771,-0.115604,-0.061464,0.166945,0.135933,0.202796,-0.126889,0.051893,-0.095300,-0.233419,0.136708,0.254371,-0.196364,0.289805,0.350311,0.157826,-0.061869,0.191126,0.183575,0.020273,-0.013451,0.118068,0.328379,0.046450,0.225996,0.314662,0.044353,-0.235704,-0.003995,-0.076594,0.214726,-0.115226,-0.156063,0.025649,-0.103388,0.137557,0.169034,0.203818,0.113861,0.006951,-0.072512,-0.318514,0.042328,0.067048,0.105680,0.133859,0.321450,0.242238,-0.068504,0.051901,-0.037372,0.025591,0.168488,0.186512,0.082355,-0.058602,0.081836,0.052692,-0.121913,-0.033424,0.183252,0.071775,0.037141,-0.252283,0.176607,-0.080478,0.433800,-0.223049,0.030935,-0.168174,0.227104,0.184495,0.125498,0.187059,0.113423,-0.227403,0.167351,-0.181996,-0.176722,-0.086595,0.151205,-0.002043,-0.033291,0.109398,0.290317,-0.132108,0.274078,-0.131237,0.279253,-0.015777,0.080294,0.201802,0.077200,-0.022306,0.040280,0.127451,0.046061,0.139168,0.028667,0.257869,0.115411,0.089854,0.174470,-0.070689,-0.094004,0.478746,-0.106473,-0.018051,-0.032745,0.043924,0.068892,0.263996,0.196635,0.199606,0.272937,0.021317,0.261166,0.156068,0.121741,-0.107290,0.163948,0.309394,0.027448,0.119486,0.159867,0.049999,0.120558,0.011124,0.066873,0.096210,0.156517,0.070829,0.046490,-0.064607,0.111854,-0.053979,0.220658,0.268243,-0.003221,-0.207560,0.106006,-0.064099,0.189626,0.136171,0.022709,0.115299,0.020473,0.008600,0.101806,-0.031887,#
13,-0.330756,-0.069581,-0.002745,-0.201757,-0.042618,-0.157144,0.052760,-0.091259,-0.133391,-0.280016,-0.210995,0.112387,0.011996,1.000000,0.184360,-0.141948,0.091543,-0.049314,0.036280,-0.066606,0.203330,0.052504,-0.086167,-0.178540,-0.301499,0.146227,-0.005278,0.105179,-0.057181,-0.000218,-0.013075,-0.018528,0.011433,-0.003900,0.015366,-0.200553,0.065651,0.217420,-0.433123,0.111307,-0.260583,0.044573,-0.049657,0.093274,0.191788,-0.040599,0.108876,-0.121444,0.077221,-0.261511,0.016746,-0.096375,-0.106079,0.346690,-0.181511,0.004228,-0.119631,0.064118,-0.045686,0.032394,0.036732,0.057587,0.032708,0.012396,-0.008755,-0.080667,0.115500,0.078747,-0.019694,0.035828,0.038712,0.027468,-0.189213,-0.157481,0.208286,0.158814,0.113290,0.114106,0.096388,0.087603,0.087475,0.126224,-0.044082,0.045664,0.005536,0.108080,-0.040366,-0.123542,0.016179,-0.077674,-0.094108,-0.201706,0.037035,0.254968,0.070435,-0.206568,-0.055515,-0.037089,-0.008430,0.258497,-0.145050,0.147969,0.211075,0.166767,-0.108945,0.054227,-0.001822,0.034889,0.143936,0.260110,-0.105589,0.083656,0.295922,-0.017328,0.247196,0.044751,0.100772,-0.022510,-0.120817,0.215504,0.142633,0.059965,0.038180,-0.054260,0.025444,-0.265680,-0.155398,-0.224186,0.062695,-0.066815,-0.207611,0.138290,0.017488,0.072247,0.068723,-0.160961,0.109969,-0.004582,0.034101,0.111309,-0.291776,-0.003008,0.335180,0.075245,-0.000286,0.159812,-0.086109,-0.013257,-0.026843,-0.164993,0.050824,0.004832,-0.072358,0.159859,0.032637,-0.071127,-0.052868,-0.036743,-0.047465,0.136852,-0.099815,0.110935,-0.032238,0.109753,-0.011385,-0.027986,-0.049274,-0.126676,-0.184257,-0.110013,-0.053205,0.018320,-0.017389,0.095854,0.016267,-0.184805,0.033001,-0.001860,0.035623,-0.169838,-0.075781,0.169890,-0.003655,-0.088468,0.294521,0.246471,0.146710,-0.100066,-0.424021,0.083550,0.035595,-0.062182,-0.049830,0.191000,0.006524,0.067936,0.165001,-0.235870,0.157305,-0.100497,#
14,0.142656,-0.081159,-0.155241,0.243538,0.119547,-0.132077,-0.071027,0.211340,0.327236,0.059119,0.065101,-0.028465,0.154415,0.184360,1.000000,0.208589,0.037305,0.146852,0.345810,0.152081,0.169745,-0.075351,0.149119,0.184919,-0.020788,-0.145351,0.107963,0.025058,0.155798,-0.083076,-0.038972,0.235253,0.006490,0.065957,0.096287,0.090555,-0.067681,0.084933,-0.025099,0.249385,-0.237937,-0.107596,0.086560,0.030660,0.289311,0.074823,0.052613,-0.254498,-0.068296,0.133679,0.110797,-0.170535,0.211337,0.285837,0.207046,0.201821,0.183502,0.204122,0.086543,0.070969,0.150823,0.127024,0.061988,0.177346,-0.062380,-0.205734,0.211385,0.081130,-0.246745,0.354964,0.012711,-0.056113,-0.039943,-0.019603,0.313358,-0.029336,0.262089,-0.012075,0.024302,0.055085,0.074079,0.083269,-0.127024,0.236217,0.103017,0.146027,-0.159856,-0.140640,-0.140618,0.034964,-0.109106,-0.096063,0.224534,0.136027,0.131918,0.138173,0.156681,0.084533,-0.152476,-0.037843,0.245791,0.108310,0.026608,0.269291,0.289561,-0.185102,0.057505,-0.065694,-0.237262,0.049482,0.043221,-0.279787,0.004019,0.097106,0.114402,0.123429,0.092368,-0.258869,-0.019735,0.122307,0.241150,0.202936,-0.236922,-0.158601,0.016999,-0.026714,0.007851,0.193177,-0.009293,0.205146,-0.056542,-0.141929,0.016063,0.177326,0.152800,0.159921,-0.235320,0.018448,0.067044,-0.182838,-0.035479,0.213237,0.350809,0.061442,-0.246909,0.271237,0.037792,0.096178,-0.152552,-0.025039,0.058276,0.124106,0.074304,0.113712,0.039729,0.217427,0.129306,-0.054474,-0.181645,0.146730,0.055490,-0.007650,0.241739,0.081825,0.051927,0.069106,0.123680,-0.141037,0.024177,0.202511,-0.058993,-0.139273,0.186950,-0.045987,0.025270,-0.095495,0.120425,0.047820,0.123573,0.092567,0.195189,0.093894,-0.148182,0.084343,0.127235,-0.047011,0.077250,-0.131144,-0.179891,0.068676,-0.011363,-0.132771,0.068496,0.043794,0.146525,-0.105083,-0.112254,-0.196618,0.227268,0.041821,#
15,0.262617,0.038660,0.104061,0.044091,0.080238,-0.075447,0.151697,-0.061366,0.310781,0.245057,0.162452,-0.104547,0.137220,-0.141948,0.208589,1.000000,0.199806,0.046563,0.138660,0.092551,-0.207348,0.083568,0.369425,0.116337,0.025104,0.026837,0.072347,0.023049,-0.084211,0.243964,-0.144374,0.294809,-0.071243,0.084744,0.085727,0.208514,0.105676,-0.067062,0.105713,-0.060060,0.043468,0.031682,-0.070253,0.114508,0.113822,0.017636,-0.159133,0.159630,-0.036310,0.203389,-0.242859,0.164886,0.221352,0.154300,0.077601,0.174663,0.029287,0.161446,0.220086,0.151993,0.141201,-0.085723,0.227318,0.063967,0.059366,0.225334,0.054320,0.016972,-0.028354,-0.118675,0.142002,0.115515,-0.024473,-0.006559,0.177762,-0.069660,0.050749,-0.063255,0.009836,-0.102242,0.285629,-0.038872,-0.391758,0.104415,0.256049,0.147878,0.038308,0.300565,-0.107440,0.194157,0.129090,0.011765,-0.133045,-0.181190,0.156442,0.221616,0.352067,-0.033842,-0.127894,0.041901,0.261453,0.187444,-0.049427,0.259803,0.128944,-0.102241,0.149088,0.084086,-0.025497,-0.029472,-0.020189,0.043140,-0.089766,-0.090344,0.042590,0.171966,-0.210813,-0.087559,-0.039597,-0.165208,0.228280,-0.011537,0.117263,-0.020012,0.053859,0.167300,0.039021,0.386376,-0.138968,0.302295,-0.264986,-0.059469,0.095652,0.118318,0.108124,0.073361,-0.089101,-0.104611,0.056986,-0.139984,0.011138,0.200190,0.246376,0.036965,0.052680,-0.008650,-0.001763,0.043349,0.096266,0.058204,-0.079116,-0.004988,0.096633,0.098569,0.022724,0.118250,0.245988,0.034941,-0.116756,0.058445,0.106950,-0.051196,0.154648,-0.001271,0.063809,0.284862,0.029550,0.039150,0.348536,0.002337,-0.013687,0.249585,-0.184025,-0.027608,0.180709,0.081674,0.181865,0.091841,-0.112910,0.061418,0.114987,-0.112687,0.042340,0.201702,-0.001531,0.155576,-0.025173,0.134600,-0.145200,-0.078043,-0.113731,-0.033675,0.170369,-0.068707,-0.038938,0.114655,0.058086,-0.030776,0.054275,-0.187127,#
16,0.253432,-0.055250,-0.124110,0.014609,-0.073746,0.002524,0.003059,0.126067,-0.086993,-0.196715,0.034776,0.014807,0.344088,0.091543,0.037305,0.199806,1.000000,-0.013961,0.040132,0.336709,-0.059370,-0.050387,-0.030287,0.067830,-0.045691,0.018191,0.101491,-0.173199,-0.154368,0.377129,-0.104407,0.069397,0.019742,0.184180,0.106497,0.131523,0.088843,0.048269,0.017044,0.030255,-0.154689,-0.102111,0.076452,0.188672,0.020654,0.122324,-0.027674,0.029957,0.010105,0.119123,0.026770,0.003341,0.209422,0.339282,-0.213968,0.104769,-0.112877,0.048804,0.005904,-0.098250,-0.008437,0.352983,0.013860,0.106673,0.150546,-0.043297,-0.219997,0.193832,-0.018019,0.241241,-0.144088,0.100935,0.132821,-0.015268,0.005512,0.101483,-0.102209,0.150718,0.059422,0.063811,0.077977,-0.081170,-0.113412,0.306847,0.151933,0.274671,0.075301,0.229465,0.265083,0.037729,-0.016723,-0.168182,0.161936,-0.135313,0.053490,0.129798,0.196765,-0.161709,-0.107001,0.250935,-0.198185,0.039817,0.132267,0.082274,-0.083284,0.088674,0.259498,0.303941,0.040738,0.065200,-0.064795,0.012717,0.083191,-0.127748,0.202165,-0.128596,0.119099,-0.018363,0.060897,-0.042872,0.340967,0.181371,0.316954,0.240008,0.330710,-0.107105,0.113677,-0.093623,-0.100061,0.146491,0.018842,-0.069071,0.063334,-0.338437,0.277339,0.063013,0.022486,0.061359,-0.082028,-0.006875,-0.096131,0.023639,0.095304,-0.057971,0.133834,-0.042640,-0.072865,-0.025857,0.267236,0.303669,-0.197239,0.219796,-0.056465,0.075769,-0.127847,0.211522,0.050121,0.119327,-0.003161,0.195726,0.039636,0.097603,-0.026872,0.007874,0.101141,0.021682,0.098986,0.162763,0.043443,-0.128607,0.054336,0.113172,-0.130443,-0.044026,0.169688,0.116880,0.073412,-0.058289,0.020886,-0.122990,-0.072952,0.060898,-0.044378,-0.272199,0.138076,0.189985,0.103149,0.202558,-0.037132,-0.070013,0.193146,-0.073341,-0.240618,-0.030610,0.006594,0.251785,0.123478,-0.162433,-0.141325,-0.161148,#
17,0.242497,0.022321,0.021260,0.176009,0.142296,-0.015229,0.149611,-0.015804,0.028915,0.074514,-0.001770,0.020569,0.334592,-0.049314,0.146852,0.046563,-0.013961,1.000000,0.048119,-0.050156,0.053670,0.055182,0.000458,0.270366,-0.329562,-0.137982,0.164124,-0.119506,-0.092818,-0.063864,0.131876,0.005995,0.248090,0.015426,0.139798,0.057852,-0.273068,0.246913,0.104327,0.155229,0.136528,0.026095,0.225658,0.140273,0.039408,0.065717,0.181361,0.072371,0.030595,-0.059096,0.128959,-0.013402,-0.061156,0.088599,0.026923,-0.000839,0.067929,-0.097133,0.059824,-0.114892,0.099847,0.115003,-0.253353,0.269170,0.098775,0.282486,0.137801,0.282731,0.027974,0.120519,-0.037991,0.364714,0.032851,-0.124204,0.132039,0.090160,0.082850,-0.193220,-0.035606,0.061483,-0.149235,-0.019516,-0.019463,-0.033976,0.056999,-0.003034,0.228794,0.027725,0.027233,0.051935,0.084071,-0.159524,0.221520,-0.140951,0.166529,0.208066,-0.028839,-0.002357,0.021231,0.043065,0.159532,-0.070619,-0.030791,0.145956,0.119226,-0.011691,0.036651,-0.040132,0.228947,-0.136551,0.046059,-0.064680,0.050375,0.072122,0.024902,-0.110532,0.128959,-0.177166,0.058467,-0.051517,0.105318,0.113358,-0.112814,0.053969,0.277642,0.067496,-0.028538,0.005851,-0.127457,0.111151,0.227231,0.081578,0.000948,0.035466,-0.082272,0.062735,0.197764,-0.015330,0.113007,0.134996,0.269891,0.143428,0.060765,0.044696,-0.094460,0.235603,-0.071712,0.052372,-0.148714,-0.031724,0.133311,-0.137407,-0.058129,-0.076359,0.235898,0.114925,0.079885,0.219142,0.201798,-0.114244,-0.082684,0.125377,-0.007726,0.265491,-0.005793,0.045083,0.020947,0.063381,0.170224,-0.134129,0.017765,-0.113363,0.074609,0.022557,0.115367,0.007317,0.291046,-0.054977,-0.083821,0.195137,0.177086,0.110323,0.050945,0.076665,-0.022048,0.108584,0.158955,0.012935,0.068951,-0.143247,-0.039452,0.318870,0.005059,0.149424,0.099452,0.124520,-0.114452,0.116383,-0.209378,0.114138,#
18,0.243372,-0.000749,-0.041251,0.285817,-0.036918,-0.230243,0.016887,-0.217086,-0.014151,0.060413,0.154095,-0.082333,0.183975,0.036280,0.345810,0.138660,0.040132,0.048119,1.000000,0.108930,0.080659,0.108471,0.160619,0.139759,-0.073622,0.031841,-0.091794,0.134252,-0.001657,-0.157419,-0.151487,-0.001295,0.143480,0.240460,0.363331,0.157653,0.022804,0.141012,0.068821,0.325937,0.058923,0.007270,0.183896,-0.072611,0.133566,-0.095031,-0.126604,0.067358,-0.203618,0.195861,0.039896,0.153813,0.083362,-0.125513,0.239882,0.062114,0.017254,-0.009501,-0.143468,0.118125,0.153283,-0.064100,0.271545,0.234457,0.399224,0.035495,0.271252,-0.049596,-0.257410,0.102981,-0.083548,0.080767,-0.133428,-0.203704,0.146012,0.160817,0.164278,0.019015,-0.115403,-0.108276,-0.000149,0.051336,0.097083,0.086351,-0.021252,-0.128707,0.155314,0.072636,-0.001558,0.158612,0.147231,-0.074819,-0.076208,-0.037421,0.005613,0.333873,0.259491,-0.237583,0.079683,0.020018,0.105710,0.124617,0.098651,-0.064350,0.367168,-0.171617,0.124272,-0.101592,-0.049255,-0.168335,0.102342,-0.038475,0.100488,-0.081831,0.000795,0.081206,-0.076726,-0.315582,0.025754,0.088286,0.060996,0.004661,0.127840,-0.179172,-0.051050,-0.169054,-0.165190,0.265964,0.122310,0.105107,-0.224174,0.122618,-0.209089,0.114482,0.045176,0.019743,0.026543,0.199018,-0.172346,0.144535,-0.000625,0.034985,0.179049,0.179650,-0.002575,0.189272,-0.020031,0.065045,-0.266492,-0.005768,-0.076292,-0.033075,0.025383,0.028381,0.041666,0.056435,0.121056,-0.045018,-0.131235,0.074371,0.090992,0.184411,0.166859,0.148140,-0.073246,0.301716,0.063682,0.017989,0.197557,0.358311,-0.292371,-0.177713,-0.044020,0.244006,-0.045988,0.275432,0.378805,0.026352,0.096043,-0.152553,-0.028264,0.024082,0.123274,-0.028630,0.059403,-0.193642,0.376256,-0.022477,0.010892,-0.112767,-0.039523,-0.034628,0.101256,0.107748,0.152929,0.167619,0.020461,-0.005255,0.142456,-0.021124,#
19,0.217421,-0.032564,-0.002653,-0.148127,0.270154,0.154408,-0.084005,-0.048247,-0.135245,0.078541,0.190505,-0.435468,0.117706,-0.066606,0.152081,0.092551,0.336709,-0.050156,0.108930,1.000000,0.056007,-0.361305,0.027313,-0.059977,-0.130307,-0.000486,0.013837,-0.149039,-0.112205,0.071757,0.233257,-0.092743,-0.044132,-0.041019,-0.008015,0.097072,0.014960,-0.119872,0.029102,-0.010397,-0.032217,-0.059926,0.081656,-0.117343,-0.141493,-0.010327,0.191087,-0.106992,0.014439,0.333307,0.044194,-0.136804,-0.025708,0.052136,-0.086871,0.262376,0.103775,-0.093042,0.053324,0.086560,-0.040860,0.460585,0.035714,0.275116,0.182209,-0.327298,0.099943,0.052027,-0.378278,0.018100,0.152044,-0.042894,-0.072180,0.005331,0.076485,0.190180,0.042377,0.093859,0.383762,0.118647,0.134735,-0.048336,0.034304,0.135879,0.044002,0.283410,-0.118274,0.145374,0.075213,-0.215811,0.002935,-0.214953,0.081767,-0.204874,-0.101728,0.232140,0.270472,0.086970,-0.254447,-0.067733,-0.133732,-0.042441,0.173721,0.059150,0.057192,0.263316,0.071865,0.228854,0.022090,-0.111784,-0.061708,0.061054,0.062993,-0.127728,0.167468,-0.154498,0.179737,0.015083,0.081407,-0.416890,0.173801,0.135534,-0.082456,0.237289,0.296368,-0.116711,0.175819,-0.110685,-0.025893,0.128405,0.159351,-0.100508,-0.146536,-0.088482,0.352939,-0.060426,0.013068,0.114999,-0.108366,-0.190687,-0.074695,0.203561,0.148224,-0.091988,0.017453,0.019911,-0.163588,0.003454,0.048725,-0.007678,-0.030054,0.282424,0.102333,0.113454,0.049006,-0.098914,0.163237,-0.136806,-0.028666,0.082296,0.308196,-0.236032,0.075931,-0.062973,0.083857,0.023157,0.085688,0.160378,0.218838,-0.051981,-0.094756,0.082053,0.305781,0.237626,0.027100,-0.054958,0.166078,-0.107054,0.251600,-0.172481,-0.131114,-0.138022,0.145751,0.076442,0.177427,0.121149,-0.013095,-0.020639,-0.035825,-0.080935,0.264936,0.202048,-0.266957,-0.179680,-0.015358,0.086158,-0.309290,-0.020053,0.212248,0.132196,#
20,-0.058836,-0.021499,0.112621,0.030216,0.360006,0.007407,0.101190,-0.098152,-0.182036,0.075375,-0.002913,0.063303,0.087005,0.203330,0.169745,-0.207348,-0.059370,0.053670,0.080659,0.056007,1.000000,0.240451,0.010169,0.000986,0.009590,0.208875,0.149564,-0.153123,0.130457,-0.165257,-0.120279,-0.186480,0.108914,0.124067,0.042567,0.079301,0.161593,0.365381,0.278924,0.328810,-0.038784,0.030756,0.010319,-0.175645,0.147267,0.117112,0.328586,-0.132127,-0.181153,0.053068,-0.232851,-0.059392,-0.167172,0.239847,0.310989,0.219688,0.153384,0.170464,-0.032831,-0.110183,0.080142,0.291143,0.016480,0.008349,-0.175025,-0.130671,-0.102538,0.222607,-0.017891,0.146211,0.358855,0.303679,0.102714,0.009206,0.048187,-0.062061,0.041324,-0.038283,0.047864,-0.037962,0.066349,0.104104,0.140265,-0.076308,0.200409,0.018616,0.024202,-0.016277,0.325714,-0.061452,0.090705,-0.050839,0.040137,0.235855,0.360414,-0.036437,-0.081966,0.149079,0.034988,-0.018619,0.255701,0.160512,0.157523,-0.109144,0.130360,0.120538,0.152030,0.058820,0.018909,0.132170,0.216177,0.367844,0.106552,-0.241863,-0.019848,0.189487,0.357219,0.188212,0.056184,0.166972,-0.082696,0.145349,-0.082562,0.062201,0.031391,-0.042204,0.025159,-0.056500,0.374963,0.085452,0.277356,0.043947,-0.126323,0.256228,0.120694,-0.208984,0.089434,-0.160925,-0.015598,-0.017265,0.184361,0.136640,0.311025,0.237484,0.059822,0.123490,0.018264,-0.032028,-0.221105,0.201833,0.223206,0.152494,-0.070274,0.282113,0.070190,0.062746,-0.172502,-0.132557,-0.235683,0.115034,0.096379,0.129989,0.136610,0.117386,0.025505,-0.102124,-0.204179,0.115389,0.063211,0.042296,0.064321,-0.245765,0.156927,0.019803,0.044742,0.091203,-0.006758,0.032999,0.210032,-0.038863,0.009392,0.063368,-0.159022,-0.072590,0.188332,-0.109569,0.157431,0.088212,0.048649,0.316919,-0.060978,-0.041023,-0.156300,0.262938,-0.035018,0.113350,0.013099,0.070650,0.298089,0.237912,#
