0,1.000000,0.070399,0.224930,0.053341,0.025669,0.281016,0.458579,0.233023,0.255483,-0.042341,0.282427,0.274988,0.254388,0.216052,0.121584,0.180412,0.371242,0.343018,0.246758,0.269204,0.262706,0.266328,0.310896,0.303975,0.002177,0.141191,0.152365,0.058137,0.273571,0.242991,0.083275,0.349820,0.233489,0.265505,0.410097,0.199468,0.032315,0.136372,0.319460,0.208396,0.226134,0.217906,0.266818,0.001137,0.326874,0.074240,0.230131,0.177790,0.298870,0.297111,0.232624,0.304032,0.355909,0.287763,0.261588,0.340947,0.249460,0.279093,0.255444,0.089646,0.258529,0.349642,0.286439,0.154785,0.445069,0.058664,0.364887,0.101530,0.054838,0.232392,0.243975,0.369702,0.113385,0.369371,0.213243,0.249353,0.415013,0.106484,0.283989,0.146776,0.072225,0.293421,0.334478,0.180158,0.174252,0.322167,0.214025,0.396908,0.248664,0.299426,0.144314,0.103708,0.147426,0.066622,0.225724,0.130326,0.310760,0.263133,0.289752,0.343874,0.232156,0.191937,0.317216,0.314135,0.181350,0.241840,0.207641,0.175089,0.189708,-0.088945,0.173884,0.324103,0.074744,0.324251,0.355650,0.173596,0.461366,0.168631,0.279716,0.430406,0.220374,0.295749,0.332802,0.371088,0.254442,0.348343,0.118283,0.220277,0.262521,0.269722,0.271106,0.160687,0.324155,0.197541,0.279488,0.452083,0.186315,0.233637,0.195334,0.282771,0.119812,0.000177,0.139855,0.240432,0.006273,-0.064369,0.302784,0.090248,0.100806,0.174770,0.396042,0.337390,0.228897,0.248441,0.160674,0.178673,0.272720,0.280448,0.515823,0.329374,0.277816,0.264145,0.357225,0.284530,0.434852,0.215530,0.313418,0.361958,0.181944,0.141790,0.298641,0.102112,0.202327,0.277054,0.225946,0.224397,0.225298,0.356221,0.227895,0.077224,0.322101,0.223305,0.210443,0.157458,0.174037,-0.051254,0.200581,0.264052,0.095864,-0.017980,0.018567,0.180069,0.214828,0.359122,0.254650,0.299718,0.084178,0.460357,0.116261,0.312918,#
1,0.070399,1.000000,0.235646,0.301293,0.200747,0.217622,0.125967,0.292955,0.479991,0.247348,0.243442,0.194638,0.397672,0.231268,0.225675,0.139913,0.295692,0.164315,0.378843,0.394310,0.092745,0.428648,0.359102,0.030498,0.189788,0.153910,0.263655,0.371758,0.408527,0.183177,0.286289,0.364461,0.281052,0.333106,0.152589,0.117208,0.280032,0.377947,0.403896,0.297008,0.306591,0.092602,0.244867,0.091923,0.157516,0.140001,0.234265,0.139989,0.376135,0.214083,0.007905,0.287968,0.216980,0.171559,0.304489,0.038690,0.198084,0.196192,0.053159,-0.081188,0.266306,0.331485,-0.067747,0.242799,0.232972,0.361398,0.247981,0.261642,0.195749,0.448467,0.342269,0.318935,0.368817,0.039814,0.407357,0.387778,0.405961,0.102627,0.186133,0.112136,0.230359,-0.016520,0.370076,0.183545,0.366554,0.163385,0.238928,0.444800,0.293723,0.259967,0.273165,0.251130,0.415937,0.306689,0.449380,0.282114,0.148249,0.380196,0.318900,0.246150,0.326109,0.131373,0.124110,0.236629,0.215773,0.334691,0.124004,0.295455,0.217711,0.108017,0.174110,0.003064,0.094465,0.344900,0.114474,0.241162,0.323823,0.229561,0.256349,0.125334,0.255999,0.220894,0.252097,0.115928,0.310135,0.214089,0.065446,0.100355,0.310130,0.370917,0.127422,0.487057,0.142921,0.144497,0.365684,0.359144,0.249946,0.264876,0.253951,0.095986,0.388962,0.189084,0.442245,0.395180,0.233499,0.320977,0.031948,0.153771,0.283017,0.195294,0.307675,0.455098,0.328843,0.240161,0.379537,0.247267,0.274211,0.100515,0.193739,0.156871,0.353340,0.325793,0.182873,0.372152,0.118176,0.207626,0.431485,0.246214,0.293894,0.032378,0.194577,0.160592,0.166138,0.105683,0.277803,0.344957,0.117353,0.564429,-0.152664,0.133826,0.388855,0.209354,0.303492,0.271849,0.115377,0.285211,0.305287,0.127755,0.294445,0.218563,0.499002,0.335089,0.294424,0.233019,0.408556,-0.015272,0.118362,0.235975,0.174522,0.221895,#
2,0.224930,0.235646,1.000000,0.240736,0.192772,0.318147,0.321544,0.179639,0.455451,0.166789,0.075881,0.010013,0.135734,0.285748,0.150216,0.330445,0.080281,0.302956,0.201038,0.289430,0.179833,0.156085,0.238841,0.374736,0.140991,0.270243,0.414437,0.284967,0.397405,0.209137,0.329014,0.290536,0.227775,0.197513,0.285533,0.129851,0.108097,0.200877,0.357876,0.303763,0.103493,0.189579,0.353671,0.176525,0.082138,0.075187,0.255952,0.070744,0.135308,0.298393,0.276321,0.349874,0.381515,0.287210,0.290966,0.363237,0.286087,-0.020326,0.195085,0.265074,0.558584,0.260389,-0.048651,0.286247,0.117745,0.297093,0.108157,0.378962,0.149039,0.447991,0.280277,0.199471,0.185155,0.316948,0.246697,0.135451,0.208510,0.139475,0.227326,0.199335,0.242789,0.273041,0.376408,0.233275,0.457429,0.214818,-0.061281,0.517274,-0.090853,0.250198,0.327471,0.097587,0.504349,0.337047,0.276547,0.216393,0.190552,0.229615,0.446597,0.205792,0.358465,0.139245,0.169612,0.144795,-0.006550,0.186274,0.365381,0.209588,0.109221,-0.081252,0.223653,0.068865,0.229164,0.217291,0.123655,0.024054,0.272894,0.320969,0.221885,0.130148,0.249990,0.038934,0.215194,0.435482,0.206060,0.191232,0.131208,0.191285,0.342861,0.349845,0.377752,0.187256,0.380284,0.320307,0.267086,0.308149,0.323232,0.350148,0.458623,0.255366,-0.069383,0.352158,0.090746,0.149512,0.092555,0.308510,0.066281,0.179070,0.214513,0.225640,0.354607,0.346137,0.301355,0.352589,0.182128,0.172524,0.166274,-0.047833,0.304874,0.160650,0.111258,0.231755,0.243682,0.310860,0.155880,0.278653,0.278376,0.160070,0.251370,0.184614,0.286255,0.102154,0.243359,0.095554,0.323103,0.338125,0.163366,0.307254,0.178977,0.131573,0.210808,0.417615,0.067233,0.498968,0.147398,0.198202,0.261566,0.130326,0.173035,0.162356,0.258336,0.309694,0.486008,0.282392,0.149064,0.133663,0.105912,0.180665,0.210048,0.464651,#
3,0.053341,0.301293,0.240736,1.000000,0.409768,0.334571,0.295182,0.252449,0.541149,0.354528,0.422843,0.173290,0.303400,0.270257,0.101622,0.187429,0.167491,0.179044,0.401910,0.420648,0.068577,0.249811,0.361660,0.169848,0.202887,0.317278,0.333877,0.426165,0.244635,0.361602,0.219451,0.407885,0.199211,0.306872,0.390728,0.206060,0.180961,0.320082,0.192518,0.463709,0.333819,0.115011,0.393389,0.468855,0.173643,0.336530,0.419296,0.109635,0.309613,0.118245,0.313675,0.136712,0.380372,0.170488,0.105336,0.498981,0.238252,0.177679,0.379756,0.296145,0.213890,0.227158,0.100853,0.361244,0.459688,0.311224,0.173779,0.345601,-0.038267,0.243371,0.093041,0.300179,0.450613,0.149527,0.118689,0.303687,0.203984,0.258144,0.109927,0.254138,0.232213,0.211183,0.296794,0.155921,0.353698,0.396077,0.246776,0.462482,0.143312,0.213780,0.357716,0.364341,0.402808,0.343808,0.314078,0.275737,0.014010,0.359897,0.478809,0.290813,0.094467,0.387106,0.149121,0.131944,0.486099,0.165436,0.092101,0.151688,0.283779,0.189479,0.099430,0.148063,0.108013,0.217882,-0.030268,0.306495,0.186612,0.025849,0.272491,0.108921,0.283396,0.365122,0.313684,0.100553,0.175379,0.291997,0.106428,0.475694,0.243537,0.148937,0.307701,0.276170,0.198995,0.258450,0.261373,0.342083,0.435859,0.173047,0.081871,0.197043,0.070966,0.419392,0.488112,0.141165,0.163613,0.487694,0.027621,0.326512,0.351610,0.254669,0.351581,0.462946,0.253520,0.368558,0.207675,0.059620,0.242000,0.073737,0.389194,0.320620,0.373551,0.272610,0.088471,0.184837,0.166645,0.323666,0.420425,0.159770,0.326353,0.107217,0.230127,0.251056,0.174548,0.120739,0.241271,0.225557,0.394305,0.429306,0.123006,0.228440,0.139220,0.297941,0.205132,0.405566,0.263911,0.441272,0.288731,0.061931,0.255321,0.464892,0.476644,0.332564,0.202029,-0.020920,0.284866,0.326492,0.248743,0.292552,0.089236,0.404461,#
4,0.025669,0.200747,0.192772,0.409768,1.000000,0.401821,0.304539,0.384511,0.436025,0.443066,0.108976,0.273301,0.395698,0.227325,0.128094,0.246873,0.430051,0.397644,0.338192,0.508664,0.358494,0.305751,0.493633,0.502828,0.244868,0.473968,0.462565,0.176019,0.365555,0.361309,0.501992,0.454068,0.395183,0.304658,0.324648,0.270109,0.313418,0.322909,0.335172,0.320002,0.471866,0.222381,0.288595,0.324780,-0.006738,0.205287,0.313829,0.405401,0.361403,0.238744,0.360371,0.221181,0.452312,0.221417,0.315918,0.398487,0.249806,0.268419,0.316175,0.236172,0.083230,0.210026,0.201513,0.208195,0.420903,0.499750,0.427466,0.255621,0.247083,0.350895,0.038196,0.199183,0.365955,0.374822,0.294627,0.198385,0.174663,0.461141,0.216628,0.497163,0.066030,0.351414,0.398739,0.202396,0.180428,0.262737,0.040757,0.250409,0.162886,0.286486,0.345677,0.382371,0.352294,0.254907,0.211520,0.303441,0.328865,0.333918,0.253752,0.289194,0.377642,0.329640,0.293285,0.152451,0.186913,0.211981,0.467589,0.250006,0.448505,0.313150,0.247448,0.085452,0.195034,0.449486,0.307116,0.137374,0.346742,0.374622,0.255171,0.125466,0.221971,0.297697,0.559537,0.140458,0.262221,0.456864,0.075970,0.545974,0.525783,0.333807,0.383337,0.285088,0.308531,0.298593,0.379966,0.309829,0.404961,0.304114,0.169986,0.063421,0.183350,0.435584,0.464193,0.210807,0.234461,0.161890,0.384364,0.280096,0.168967,0.314517,0.400392,0.505781,0.118257,0.300558,0.351521,0.370657,0.489688,-0.024304,0.237422,0.378126,0.275862,0.214051,0.474134,0.155076,0.298587,0.351207,0.097642,0.188437,0.335683,0.259833,0.354956,0.207358,0.192564,0.102959,0.329422,0.285322,0.460528,0.403168,0.189989,0.287880,0.326961,0.119187,0.350298,0.258509,0.461767,0.464739,0.440188,0.260794,0.309815,0.326921,0.331173,0.299679,0.249593,0.139740,0.155320,0.277902,0.354315,0.216105,0.513481,0.303648,#
5,0.281016,0.217622,0.318147,0.334571,0.401821,1.000000,0.211726,0.264034,0.434658,0.093346,0.278971,0.225035,0.036174,-0.059215,0.283864,0.459699,0.284842,0.319856,0.142221,0.465034,0.273813,0.293148,0.189466,0.290677,0.130822,0.397248,0.467243,0.213763,0.231673,0.194912,0.393630,0.437199,0.284427,0.239075,0.445664,0.247009,0.212197,0.240062,0.350916,0.224665,0.396673,0.114388,0.254787,0.119855,0.187989,0.355058,0.350685,0.214269,0.380495,0.000179,0.160532,0.219903,0.215482,0.439845,0.040576,0.518488,0.343463,0.266355,0.419706,0.134427,0.322546,0.406956,0.273156,0.380940,0.374192,0.296053,0.185622,0.221532,-0.042850,0.286680,0.381511,0.203573,0.289306,0.287802,0.185600,0.350240,0.442356,0.228821,0.042739,0.316884,0.361523,0.197444,0.399443,0.085581,0.257626,0.320633,0.324826,0.527096,0.184359,0.154878,0.243174,0.203238,0.436245,0.273820,0.282173,0.055031,0.281625,0.263757,0.363974,0.249546,0.345381,0.344478,0.507741,0.219310,0.247243,0.260415,0.219830,0.091787,0.054428,0.169777,0.099708,0.235427,0.165136,0.160001,0.014112,0.106174,0.300679,0.180953,0.206143,0.350231,0.230867,0.175447,0.396566,0.331967,0.100799,0.319479,0.115494,0.438660,0.418019,0.436803,0.381006,0.352422,0.406886,0.370976,0.250388,0.276433,0.435048,0.234836,0.108191,0.269767,0.210433,0.064726,0.330261,0.282683,0.193335,0.116671,0.208064,0.203573,0.198369,0.246454,0.404969,0.336368,0.113178,0.362764,0.319174,0.023847,0.422166,0.036984,0.337922,0.457253,0.290421,0.329640,0.287054,0.136122,0.309516,0.216003,0.075301,0.373870,0.360488,0.204169,0.216558,0.142176,0.078958,0.157081,0.445041,0.238831,0.055745,0.296800,0.089627,0.318499,0.361612,0.285306,0.332527,0.264727,0.403345,0.253449,0.414803,0.129311,-0.026630,0.414861,0.134048,0.313369,0.126439,0.276103,0.062670,0.240634,0.179328,0.056849,0.212169,0.308433,#
6,0.458579,0.125967,0.321544,0.295182,0.304539,0.211726,1.000000,0.220246,0.333853,0.147038,0.228619,0.075830,0.411136,0.369767,0.134715,0.134262,0.327763,0.416070,0.246035,0.247065,0.392244,0.163682,0.195502,0.459322,0.158661,0.244314,0.249198,0.258010,0.339602,0.335978,0.278464,0.403243,0.236722,0.405219,0.532864,0.204234,0.090964,0.187926,0.235269,0.405349,0.186113,0.387738,0.308127,0.270827,0.346121,0.065136,0.314714,0.032135,0.445633,0.341511,0.412106,0.473970,0.444091,0.082000,0.397553,0.381046,0.364726,0.319233,0.433595,0.242011,0.163950,0.319108,0.095294,0.173454,0.507416,0.278461,0.527797,0.110133,0.271207,0.275030,0.111518,0.243042,0.246730,0.487078,0.235556,0.216516,0.299111,0.221091,0.158796,0.210804,0.146160,0.292922,0.343404,0.311998,0.159989,0.385466,0.184266,0.238024,0.378128,0.410675,0.204690,0.277988,0.128462,0.201159,0.221275,0.284768,0.351909,0.321724,0.331348,0.270799,0.428845,0.297452,0.321494,0.244685,0.185540,0.051690,0.337801,0.119000,0.238707,0.053392,0.082955,0.021757,0.016477,0.365396,0.405015,0.080098,0.397801,0.322743,0.389635,0.342054,0.380824,0.299078,0.307565,0.441456,0.467709,0.452364,0.150716,0.353211,0.111179,0.331835,0.190711,0.280607,0.391136,0.163713,0.231947,0.426176,0.356035,0.306865,0.428796,0.217004,0.392055,0.274517,0.252639,0.262002,0.185578,0.303578,0.138169,0.204370,0.094713,0.163089,0.364503,0.464310,0.259843,0.298317,0.071518,0.245919,0.461869,0.149941,0.463790,0.304198,0.412655,0.330428,0.327970,0.345221,0.283974,0.405498,0.337861,0.257979,0.378261,0.161283,0.367703,0.151072,0.100356,0.085884,0.158217,0.258101,0.468402,0.397923,0.249095,0.138866,0.350604,0.175115,0.401618,0.425424,0.116872,0.262764,0.199957,0.423700,0.047625,0.155948,0.071921,0.269515,0.208108,0.256092,0.311178,0.253315,0.190510,0.320696,0.398028,0.299582,#
7,0.233023,0.292955,0.179639,0.252449,0.384511,0.264034,0.220246,1.000000,0.490059,0.335435,0.137438,0.280746,0.305048,0.298412,0.415636,0.190098,0.426404,0.299489,0.509134,0.306945,0.263723,0.365131,0.535175,0.396907,0.341575,0.415676,0.338649,0.393790,0.296462,0.359806,0.060333,0.348373,0.279494,0.232381,0.334919,0.160455,0.319020,0.173577,0.347284,0.132638,0.450368,0.177102,0.437650,0.306374,0.162935,0.358629,0.251532,0.306654,0.176060,0.084303,0.215647,0.190465,0.317979,0.369078,0.292084,0.247185,0.172162,0.323660,0.219558,0.180456,0.111452,0.316379,0.165829,0.124075,0.364634,0.377762,0.428396,0.430897,0.269475,0.462702,0.318495,-0.102767,0.368533,0.330276,0.345246,0.144504,0.362397,0.166810,0.328153,0.186101,0.200631,0.379491,0.404596,0.061747,0.434611,0.163660,0.398871,0.409488,0.231216,0.315595,0.338521,0.292186,0.397075,0.284530,0.479595,0.216504,0.425236,0.534645,0.380684,0.318076,0.458195,0.134574,0.292536,0.214238,0.209942,0.313323,0.332953,0.293074,0.239516,0.023780,0.503265,0.205339,0.302125,0.437167,0.195381,0.040785,0.327729,0.155870,0.154016,0.426477,0.352583,0.272661,0.355848,0.396915,0.345562,0.265155,0.168075,0.421159,0.312500,0.240612,0.386433,0.183668,0.291982,0.121116,0.386630,0.558718,0.537052,0.168728,0.163445,0.284485,0.343694,0.417508,0.402060,0.114012,0.190935,0.275317,0.358649,0.113976,0.239190,0.208485,0.248349,0.465489,0.298563,0.246826,0.405119,0.350073,0.221057,0.159709,0.398667,0.158998,0.475959,0.134841,0.558699,0.083220,0.403054,0.284379,0.392719,0.346385,0.167594,0.078635,0.431099,0.415163,0.083000,0.183558,0.237152,0.459060,0.269467,0.375905,0.173878,0.172417,0.446124,0.051236,0.376448,0.318305,0.260132,0.361176,0.317242,0.324720,0.283680,0.289100,0.416344,0.433874,0.187625,0.144258,0.191596,0.215493,0.271949,0.275304,0.249703,0.349132,#
8,0.255483,0.479991,0.455451,0.541149,0.436025,0.434658,0.333853,0.490059,1.000000,0.461508,0.225658,0.331736,0.406329,0.319330,0.327449,0.280548,0.343226,0.337907,0.336027,0.433943,0.273619,0.402166,0.342145,0.304503,0.019781,0.552860,0.414198,0.576297,0.342277,0.316970,0.219767,0.461411,0.422446,0.350019,0.390239,0.195015,0.317024,0.324614,0.314937,0.441969,0.489849,0.353540,0.576817,0.303962,0.215495,0.210614,0.256823,0.190407,0.430129,0.346429,0.247582,0.359472,0.393946,0.432002,0.362604,0.394381,0.149749,0.410773,0.349842,0.259453,0.309894,0.398498,0.203990,0.353068,0.355216,0.503226,0.403279,0.441824,0.237903,0.542879,0.188237,0.363787,0.461710,0.510923,0.177038,0.324925,0.363993,0.360152,0.282182,0.371427,0.150237,0.304469,0.449832,0.294334,0.492540,0.430403,0.225329,0.493469,0.143546,0.300860,0.406905,0.400762,0.598254,0.393898,0.550428,0.264889,0.226377,0.488358,0.649443,0.309719,0.232034,0.304771,0.348933,0.381913,0.303131,0.285743,0.468912,0.396013,0.243537,0.204293,0.451724,0.385095,0.354303,0.451810,0.290899,0.276312,0.394648,0.243412,0.349217,0.432272,0.325586,0.165164,0.538759,0.368393,0.324766,0.495061,0.154843,0.328287,0.428258,0.350992,0.355516,0.199906,0.337218,0.468422,0.607987,0.365089,0.501702,0.392728,0.148952,0.431123,0.188856,0.458327,0.440907,0.226604,0.284979,0.290357,0.270527,0.078928,0.265501,0.445207,0.352692,0.558929,0.309981,0.572502,0.357288,0.272604,0.331881,0.093078,0.439198,0.419302,0.434732,0.310679,0.425092,0.384352,0.282286,0.280148,0.379582,0.399348,0.380267,0.395041,0.421223,0.329780,0.215576,0.258628,0.525721,0.463916,0.280692,0.513243,0.307147,0.053819,0.447954,0.427915,0.177149,0.450147,0.378961,0.416209,0.398388,0.267540,0.418607,0.375461,0.420460,0.423040,0.442859,0.210141,0.241843,0.304645,0.312972,0.173808,0.152387,0.489684,#
9,-0.042341,0.247348,0.166789,0.354528,0.443066,0.093346,0.147038,0.335435,0.461508,1.000000,0.072250,0.083612,0.274219,0.378062,0.238504,0.116138,0.308402,0.268875,0.382527,0.406717,0.478458,0.361202,0.407713,0.331624,0.120342,0.239076,0.336316,0.438835,0.093263,0.480788,0.022856,0.192947,0.357953,0.329689,0.393393,0.248162,0.195540,0.147815,0.274686,0.317554,0.366287,0.289706,0.242677,0.227982,0.276031,0.078316,0.168630,0.168655,0.193751,0.103582,0.030923,0.136738,0.256268,0.280738,0.244975,0.255033,0.139432,0.331524,0.215304,0.219469,0.212045,0.153425,0.174392,0.186951,0.303616,0.569058,0.395657,0.359964,0.288794,0.279985,0.232755,0.032800,0.053966,0.312434,0.321828,0.162988,0.030517,0.446725,0.115581,0.395378,-0.062106,0.171357,0.260231,0.392728,0.368884,0.154827,0.099171,0.276734,0.122302,0.073031,0.356396,0.258641,0.453758,0.193448,0.345446,0.134249,0.096275,0.377227,0.320225,0.238526,0.206748,0.338751,0.159864,0.229541,0.318289,0.372503,0.287065,0.137356,0.376641,0.361405,0.340875,0.290008,0.386700,0.231289,0.116413,0.272401,0.140060,0.160372,0.059582,0.202819,0.401257,0.043502,0.377850,0.260558,0.256727,0.185097,0.306231,0.141943,0.416008,0.147910,0.305235,0.301081,0.293256,0.381214,0.344970,0.287305,0.249850,0.168968,0.128394,0.376144,0.058768,0.600370,0.426172,0.151658,0.192830,0.321228,0.412962,0.285733,0.160330,0.306683,0.063591,0.279995,0.216779,0.361182,0.193939,0.326166,0.174881,0.260545,0.370175,0.415290,0.246985,0.292458,0.294907,0.300543,0.293327,0.235360,0.156669,0.203693,0.460162,0.107941,0.425905,0.504805,0.208365,0.160602,0.362568,0.423801,0.124771,0.412007,0.356227,0.324616,0.242092,0.154696,0.217548,0.347529,0.297542,0.652615,0.175717,0.215963,0.339153,0.073839,0.333599,0.385067,0.253346,0.112384,0.191427,0.028435,0.086027,0.153387,0.112883,0.257483,#
10,0.282427,0.243442,0.075881,0.422843,0.108976,0.278971,0.228619,0.137438,0.225658,0.072250,1.000000,0.182739,0.078313,0.259366,-0.020430,0.228164,0.148978,0.056452,0.299284,0.186153,0.181313,0.076535,0.370500,0.182619,-0.037198,0.128035,0.264735,0.417065,0.232342,0.355885,0.202722,0.137400,0.169981,0.330816,0.384859,0.139491,0.150606,0.264373,0.161703,0.112173,0.272236,0.104528,0.142243,0.226687,0.150686,0.406558,0.280623,0.201308,0.400094,0.301716,-0.051292,0.051742,0.426002,0.078233,0.112535,0.212227,0.349256,0.246484,0.110516,0.049359,0.299935,0.311592,0.299178,0.372666,0.423348,0.084588,0.043946,0.031956,0.005736,0.334050,0.252912,0.268617,0.281235,0.176197,-0.057004,0.271544,0.276313,0.288544,0.151331,0.124651,0.317099,0.163966,0.309923,0.175699,0.195820,0.101824,0.359166,0.391270,0.168892,0.279344,0.194070,0.424833,0.321722,0.354266,0.333959,0.290698,0.005677,0.330778,0.439730,0.483660,0.261142,0.233587,0.245322,0.408346,0.539927,0.015605,-0.009481,0.238162,0.163158,0.147001,0.051428,0.097300,0.082365,0.112236,0.058981,0.180857,0.235354,0.020168,0.397219,0.265875,0.375501,0.372252,0.116679,0.146634,-0.173534,0.423184,0.269743,0.204098,0.268430,0.016231,0.042322,0.104805,0.221526,0.199020,0.411997,0.303129,0.320679,0.067782,0.089525,0.115599,0.268955,0.017642,0.195331,0.248193,-0.063524,0.062068,0.037571,0.232072,0.292445,0.048925,0.370531,0.254202,0.365775,0.217014,0.205056,0.187124,0.342644,0.292981,0.406229,0.229858,0.378945,0.267472,0.216274,0.252643,0.173480,0.216818,0.341112,0.277364,0.343320,0.087402,0.315547,0.156657,0.009736,-0.032429,0.168576,0.253795,0.202140,0.401694,0.113162,0.412969,0.239833,-0.004452,0.314882,0.140274,0.103579,0.141865,-0.022176,0.319181,0.028953,0.394589,0.259017,0.099481,0.109359,0.148731,0.240170,0.194714,0.024079,0.305082,0.272672,0.271535,#
11,0.274988,0.194638,0.010013,0.173290,0.273301,0.225035,0.075830,0.280746,0.331736,0.083612,0.182739,1.000000,0.351590,0.050941,0.122210,0.120681,0.187383,0.267612,0.328389,0.282025,0.072569,0.133962,0.357442,0.136965,0.065043,0.232766,0.097750,0.285282,0.339504,0.072292,0.211646,0.181926,0.196483,0.257884,0.161311,-0.053343,0.280283,0.152243,0.010598,0.299225,0.318574,0.289900,0.183306,0.226312,0.060196,0.120985,0.494047,0.180382,0.168133,0.255270,0.164119,0.167561,0.278145,0.272615,0.235355,0.234655,0.035066,0.176396,0.156982,0.147585,0.006798,0.184823,0.416816,0.163482,0.266070,0.211136,0.232940,0.148924,0.134323,0.355192,0.222011,0.149757,0.188989,0.246536,0.210333,-0.002821,0.309693,0.262745,0.298370,-0.059820,0.114816,0.055214,0.093368,0.087648,0.143966,0.213384,-0.050152,0.126846,0.129399,0.117667,0.163702,0.403690,0.169418,-0.028980,0.291768,0.431445,0.204978,0.253449,0.165200,0.008880,0.094513,0.188738,0.194914,0.186841,0.400562,0.326314,0.182135,0.244672,0.337912,0.173217,0.405435,0.176021,0.309173,0.188854,-0.178724,0.206605,0.187737,0.312653,0.193950,0.287496,0.173088,0.250530,0.292517,0.083774,0.206205,0.298117,0.162011,0.247068,0.295422,0.204290,0.255040,0.117533,0.369170,0.342467,0.284252,0.287325,0.423695,0.185867,0.140334,0.124206,0.250980,0.121499,0.228802,0.139612,0.263049,-0.006729,0.402751,0.128098,0.049393,0.336128,0.257369,0.136099,0.226710,0.283457,0.356680,0.147260,0.245593,0.086376,0.258010,0.210604,0.107296,0.093195,0.335849,0.086252,0.471610,-0.064060,0.228113,0.120888,0.323754,0.203437,0.175348,0.121011,0.123773,0.385684,0.023714,0.298331,0.045288,0.301363,-0.012521,0.386596,0.265875,-0.026311,0.189962,0.280394,0.384280,0.086445,0.149635,0.327394,0.316396,0.073113,0.324292,0.120264,0.263676,0.000441,0.165056,0.245597,0.056190,0.272325,0.230021,0.136599,#
12,0.254388,0.397672,0.135734,0.303400,0.395698,0.036174,0.411136,0.305048,0.406329,0.274219,0.078313,0.351590,1.000000,0.222091,0.268875,0.139887,0.359760,0.319811,0.460234,0.409525,0.319058,0.187108,0.299509,0.194409,0.190274,0.327392,0.075980,0.244670,0.525171,0.229979,0.203420,0.213967,0.240082,0.324378,0.317377,0.230733,0.285782,0.173183,0.269046,0.411774,0.045990,0.099969,0.178944,0.425368,0.045066,0.154059,0.344724,0.157460,0.237552,0.268782,0.298489,0.276256,0.363751,0.170148,0.381758,0.187173,0.091451,0.339442,0.276899,0.249991,0.041509,0.086422,0.058369,0.226667,0.295018,0.461995,0.421298,0.134537,0.169798,0.350530,0.187726,0.181607,0.273180,0.280716,0.303082,0.159280,0.356595,0.224628,0.300371,0.212461,0.047674,0.301664,0.381483,0.323008,0.064362,0.347583,0.142553,0.323775,0.238368,0.284788,0.236852,0.264205,0.191000,0.044182,0.169245,0.347459,0.347028,0.396166,0.313269,-0.042778,0.183880,0.320704,0.370495,0.304539,0.258386,0.203461,0.383001,0.220749,0.298894,0.219210,0.190746,-0.005890,0.129321,0.309651,0.457559,0.189553,0.413635,0.230362,0.374729,0.067381,0.306332,0.233317,0.465332,0.236616,0.360104,0.421914,0.040612,0.214610,0.294013,0.432670,0.189643,0.177127,0.217927,0.238810,0.223942,0.362641,0.262787,0.434348,0.194953,0.057628,0.393294,0.520841,0.319567,0.196612,0.331569,0.172227,0.261598,0.181607,0.149192,0.420427,0.208261,0.470081,0.242034,0.135195,0.261274,0.412318,0.412527,0.218846,0.351058,0.232173,0.311807,0.261288,0.328452,0.232212,0.439358,0.186354,0.413038,0.191491,0.214080,0.107450,0.309600,0.230303,0.077480,0.229875,0.137766,0.170240,0.386340,0.579485,0.266786,0.129120,0.368381,0.141045,0.357771,0.327948,0.043204,0.384344,0.121480,0.438242,0.308658,0.243700,0.246414,0.262731,0.162489,0.240571,0.268411,0.170926,0.279779,0.375447,0.329631,0.203616,#
13,0.216052,0.231268,0.285748,0.270257,0.227325,-0.059215,0.369767,0.298412,0.319330,0.378062,0.259366,0.050941,0.222091,1.000000,0.129549,0.200005,0.164828,0.348742,0.325385,0.187970,0.365317,0.291103,0.493270,0.352404,0.202106,0.294412,0.116210,0.354892,0.412635,0.426498,-0.000141,0.235568,0.296269,0.407966,0.135078,0.033278,0.272651,0.215639,0.448610,0.295716,0.440742,0.195357,0.340617,0.212955,0.324440,0.143698,0.249631,0.303440,0.346064,0.324962,0.086493,0.462048,0.245832,0.145710,0.340253,0.274802,0.133081,0.063418,0.237671,0.145073,0.300870,0.230498,0.121819,0.223186,0.313236,0.331537,0.407735,0.049567,0.300805,0.240924,0.053062,0.195449,-0.147618,0.464769,0.321773,0.108748,0.173401,0.196296,0.255702,0.167498,0.055480,0.170767,0.382438,0.166175,0.277485,0.188971,-0.045746,0.228675,0.317962,0.337139,0.216247,0.241451,0.341666,0.326331,0.332281,0.044699,0.290005,0.222614,0.235358,0.392509,0.267134,0.157562,0.128968,0.437653,0.241881,0.332050,0.199974,0.348756,0.165869,0.200172,0.362962,0.243530,0.256104,0.349452,0.113788,0.183689,0.104224,0.258514,0.233234,0.232663,0.307032,0.305955,0.053487,0.114738,0.295884,0.124590,0.233088,0.147841,0.245737,0.091031,0.171139,0.171134,0.175331,0.099933,0.337446,0.257275,0.175889,0.132848,0.393365,0.207258,0.048847,0.365961,0.352836,0.057071,0.010389,0.239849,0.258364,0.236637,0.197320,0.105717,0.250756,0.351639,0.194568,0.414879,0.067098,0.306205,0.313119,0.106211,0.243238,0.309942,0.408808,0.231802,0.222979,0.179827,0.263008,0.272587,0.334111,0.243852,0.372785,0.082459,0.218902,0.206885,0.085381,0.114442,0.337494,0.354670,0.282378,0.524551,0.253390,0.225397,0.229631,0.138485,0.432681,0.350166,0.142994,0.277156,0.059094,0.355364,0.063932,0.098939,0.256559,0.380687,0.205396,0.198337,0.305158,-0.102880,0.278923,0.369984,0.192528,0.239582,#
14,0.121584,0.225675,0.150216,0.101622,0.128094,0.283864,0.134715,0.415636,0.327449,0.238504,-0.020430,0.122210,0.268875,0.129549,1.000000,0.292901,0.283201,0.174349,0.005378,0.115294,0.159949,0.056477,0.150156,0.203589,0.050792,0.123689,0.185225,0.222756,0.196190,0.231753,0.139945,0.250820,0.214352,0.043098,0.085365,-0.021928,0.152807,0.217130,0.165502,0.083956,0.236766,0.026363,0.365937,0.250639,-0.052577,0.118814,0.007774,0.070012,0.012049,-0.043976,0.122049,0.068918,-0.019550,0.312115,0.035025,0.166046,0.082882,0.090142,0.194231,0.090469,0.153367,0.202748,0.080796,0.230037,0.090308,0.246152,0.219841,0.192963,0.223400,0.241558,0.158828,-0.017378,0.175464,0.089490,0.108370,0.207347,0.270995,0.034800,-0.070788,-0.034610,0.262477,0.259431,0.324740,0.420650,0.125882,0.214960,0.216227,0.320018,0.219588,0.070120,0.109858,-0.000109,0.147025,0.343244,0.216500,0.264472,0.507269,0.265680,0.293212,-0.080183,0.132011,0.039962,0.271176,-0.009741,0.181905,0.256489,0.241330,0.129397,0.124981,-0.040056,0.230597,0.255368,0.173243,0.091944,0.096003,0.233780,0.240276,0.184073,0.037068,0.111531,0.328203,0.057056,0.325851,0.353733,0.374796,0.015412,0.092261,0.383597,-0.010932,0.270164,0.233982,0.228288,0.236922,0.207494,0.196327,0.228444,0.324368,0.307088,0.067606,0.295621,0.073532,0.277960,0.061137,0.127304,0.245478,0.251059,0.372036,0.185582,0.036364,-0.051068,0.174475,0.243719,-0.001663,0.188122,0.354197,0.094635,0.225312,0.074948,0.155068,0.039404,0.216242,0.024262,0.272837,0.117492,0.100969,0.083769,0.053366,0.124769,0.152991,0.103874,0.208563,0.297849,0.057373,0.354007,0.270837,0.425883,0.103790,0.170265,0.075265,-0.031790,0.285737,0.178849,0.302429,0.151042,0.190432,0.257201,0.263243,0.136029,0.033662,0.052809,-0.061489,0.291332,0.289771,0.093772,0.081013,0.015347,0.217263,0.081128,-0.021343,0.106949,#
15,0.180412,0.139913,0.330445,0.187429,0.246873,0.459699,0.134262,0.190098,0.280548,0.116138,0.228164,0.120681,0.139887,0.200005,0.292901,1.000000,0.219685,0.274417,0.166896,0.232583,0.210812,0.232894,0.184427,0.309023,0.108596,0.342777,0.226597,0.232808,0.291919,0.370977,0.238487,0.275402,0.206754,0.232246,0.303458,0.334810,0.274083,0.250056,0.395641,0.169176,0.111269,0.252917,0.314779,0.174908,0.317426,0.215318,0.397620,0.363177,0.263013,0.283229,0.101152,0.322168,0.241424,0.211189,0.286754,0.181667,0.263937,0.052765,0.069706,0.102918,0.344123,0.423736,0.129637,0.374874,0.229535,0.271699,0.208559,0.071048,0.046039,0.187376,0.272148,-0.001941,0.019857,0.204472,0.229813,0.256612,0.412978,0.327487,0.200475,0.246164,0.383571,0.390718,0.217976,0.247489,0.361273,0.235988,-0.036413,0.469753,0.181294,0.091804,0.183463,0.108681,0.323131,0.215183,0.105454,0.219002,0.182811,0.238669,0.194445,0.039988,0.353907,0.105535,0.404743,0.330637,0.127111,0.285342,0.446662,0.251362,0.066032,0.392304,0.061897,0.050315,0.158604,0.257004,-0.089747,0.084859,0.348712,0.316598,0.270789,0.281000,0.206462,0.030191,0.195994,0.293557,-0.058503,0.186024,0.302585,0.105732,0.318709,0.485553,0.070383,0.008853,0.206645,0.115415,0.223085,0.082031,0.137746,0.090486,0.218992,0.225042,0.055663,0.083087,0.253549,0.018248,0.082887,0.171344,0.161802,0.171164,0.168362,0.176993,0.415212,0.206511,0.496658,0.456875,0.135589,0.233093,0.315738,0.021194,0.223088,0.281064,0.161843,0.259841,0.431180,-0.067039,0.382051,0.263874,0.344838,0.452350,0.327865,-0.007030,0.023908,0.262107,-0.063517,0.161452,0.111539,0.398308,0.176759,0.283454,0.119515,0.215223,0.312173,0.340302,0.236438,0.158093,0.220696,0.224663,0.033392,0.142868,-0.050651,0.204158,0.236745,0.311885,0.227822,0.184495,0.225749,0.084054,0.218872,0.370865,0.269297,0.346308,#
16,0.371242,0.295692,0.080281,0.167491,0.430051,0.284842,0.327763,0.426404,0.343226,0.308402,0.148978,0.187383,0.359760,0.164828,0.283201,0.219685,1.000000,0.357861,0.306174,0.266238,0.440601,0.420479,0.342660,0.252431,0.122398,0.465593,0.318876,0.094547,0.260643,0.181913,0.296418,0.477131,0.420655,0.462572,0.341825,0.281370,0.370977,0.169143,0.498124,0.288357,0.326159,0.269309,0.292660,0.142405,0.208614,0.284277,0.172469,0.142121,0.290320,0.311111,0.157380,0.137639,0.377836,0.520339,0.440411,0.305452,0.055437,0.371985,0.337171,0.198959,0.165523,0.258122,0.114883,0.238561,0.389875,0.321159,0.421899,0.173816,0.372576,0.435656,0.227661,0.078818,0.301519,0.313343,0.287419,0.207817,0.375038,0.328215,0.309447,0.431068,0.195509,0.427611,0.469031,0.227692,0.243353,0.189859,0.306445,0.275741,0.198903,0.308856,0.297862,0.262773,0.297331,0.235241,0.335224,0.327397,0.417510,0.414736,0.376317,0.261039,0.332612,0.184268,0.261380,0.288177,0.207677,0.437555,0.340680,0.091668,0.300494,0.176480,0.357776,0.356952,0.342764,0.305512,0.326891,0.459126,0.542306,0.276980,0.233855,0.210144,0.307826,0.338310,0.361059,0.383219,0.345987,0.415728,0.083433,0.381867,0.361930,0.268026,0.319629,0.280097,0.345558,0.123771,0.277435,0.387890,0.255339,0.198170,0.135825,0.275581,0.258956,0.229358,0.384945,0.384585,0.159257,0.171177,0.301890,0.125875,0.220813,0.344601,0.283849,0.341436,0.309847,0.229294,0.419497,0.404866,0.431413,0.182658,0.422243,0.385655,0.137659,0.291647,0.518907,0.304329,0.321597,0.470607,0.302443,0.476080,0.323836,-0.000953,0.333672,0.404837,0.138859,0.109406,0.287766,0.187999,0.228290,0.425423,0.206635,0.137958,0.282034,0.143896,0.451146,0.165800,0.360091,0.401011,0.376117,0.252109,0.232042,0.216207,0.384274,0.315433,0.308843,0.220667,0.283024,0.033171,0.120853,0.257798,0.344115,0.269121,#
17,0.343018,0.164315,0.302956,0.179044,0.397644,0.319856,0.416070,0.299489,0.337907,0.268875,0.056452,0.267612,0.319811,0.348742,0.174349,0.274417,0.357861,1.000000,0.330245,0.427508,0.290538,0.297648,0.336246,0.472943,0.417619,0.421155,0.293629,0.272059,0.259920,0.369539,0.233002,0.297974,0.048846,0.293339,0.406958,0.326138,0.249251,0.237907,0.358972,0.313883,0.401848,0.324368,0.391443,0.209112,0.219937,0.127501,0.261293,0.339296,0.379355,0.355739,0.289453,0.250823,0.373710,0.229114,0.385866,0.401772,0.197232,0.131123,0.384799,-0.088553,0.243192,0.395366,-0.006013,0.190345,0.229911,0.471710,0.348135,0.240845,0.170365,0.293711,0.215992,0.148487,0.053421,0.372767,0.197379,0.080854,0.341262,0.363944,0.308431,0.353297,0.181525,0.239115,0.387423,0.230365,0.194045,0.221517,0.169965,0.244609,0.258918,0.299290,0.250405,0.166558,0.391323,0.167979,0.138380,0.317678,0.401944,0.180139,0.054905,0.332126,0.347975,0.087398,0.284817,0.251522,0.081790,0.230448,0.349618,0.195588,0.082750,0.127269,0.354598,0.207303,0.110501,0.460340,0.207356,-0.023022,0.142148,0.359253,0.113314,0.172943,0.202783,0.198835,0.325404,0.293505,0.368456,0.386358,0.253798,0.264802,0.269253,0.304024,0.364053,0.383890,0.382475,0.169771,0.102584,0.388876,0.256835,0.357422,0.363684,0.339650,0.217830,0.362052,0.526323,0.237373,0.209652,0.202647,0.404250,0.233145,0.307656,0.079909,0.419728,0.234704,0.205421,0.413443,0.221051,0.464665,0.537013,0.216959,0.311224,0.364655,0.267742,0.183677,0.573702,0.173380,0.377319,0.432816,0.143181,0.346563,0.377323,0.034032,0.433899,0.153399,0.202613,0.085835,0.331925,0.159415,0.255627,0.383862,0.183438,0.397519,0.205413,0.444155,0.354159,0.369702,0.405467,0.275668,0.319444,0.373317,0.075330,0.030366,0.266369,0.303793,0.260454,0.258300,0.389000,0.431831,0.075242,0.504303,0.213704,0.208011,#
18,0.246758,0.378843,0.201038,0.401910,0.338192,0.142221,0.246035,0.509134,0.336027,0.382527,0.299284,0.328389,0.460234,0.325385,0.005378,0.166896,0.306174,0.330245,1.000000,0.519939,0.326015,0.314896,0.493108,0.180922,0.339628,0.436349,0.236262,0.401741,0.364869,0.410147,0.041868,0.334038,0.259488,0.407580,0.354846,0.370012,0.306165,0.228464,0.384847,0.199327,0.433058,0.038558,0.300505,0.362829,0.313787,0.151584,0.474606,0.350963,0.261367,0.177891,0.132018,0.312121,0.457946,0.207484,0.234435,0.263284,0.201083,0.328628,0.318283,0.327888,0.272899,0.292691,0.157793,0.115524,0.436713,0.371454,0.280999,0.335404,-0.038602,0.327425,0.340733,0.022457,0.297472,0.253780,0.387889,0.175064,0.420344,0.339495,0.520802,0.263341,0.069205,0.153693,0.453208,0.264904,0.330942,0.343182,0.278911,0.359128,0.223877,0.202437,0.328437,0.338017,0.349749,0.312658,0.563524,0.256715,0.267589,0.493920,0.359283,0.343782,0.373176,0.155987,0.298665,0.441972,0.385548,0.438026,0.204629,0.282289,0.400742,0.271761,0.363449,0.142587,0.331058,0.410839,0.097551,0.016948,0.333140,0.063660,0.235378,0.277818,0.510333,0.514921,0.287696,0.201488,0.254504,0.248552,0.334457,0.125493,0.528510,0.213239,0.368706,0.233337,0.357636,0.242135,0.244276,0.501819,0.482947,0.300265,0.256898,0.167056,0.180507,0.464102,0.379402,0.401914,0.251075,0.378589,0.312975,0.032449,0.430700,0.339412,0.317839,0.587970,0.400579,0.327171,0.279990,0.381895,0.363357,0.356610,0.377179,0.307838,0.339509,0.220696,0.414962,0.258872,0.480728,0.317839,0.518045,0.350856,0.221498,0.068847,0.381725,0.497196,0.215225,0.083157,0.058412,0.278931,0.271510,0.600744,0.036197,0.425523,0.353830,0.203625,0.282487,0.356735,0.241005,0.388346,0.255911,0.367291,0.183061,0.219230,0.483757,0.245844,0.143711,0.281588,0.345394,0.178359,0.094892,0.375901,0.356850,0.415218,#
19,0.269204,0.394310,0.289430,0.420648,0.508664,0.465034,0.247065,0.306945,0.433943,0.406717,0.186153,0.282025,0.409525,0.187970,0.115294,0.232583,0.266238,0.427508,0.519939,1.000000,0.398494,0.480506,0.370732,0.320545,0.242860,0.311378,0.435464,0.216937,0.422488,0.372720,0.245562,0.411179,0.209408,0.362325,0.313052,0.293315,0.405882,0.230206,0.360539,0.355942,0.471415,0.089059,0.251565,0.292953,0.212583,0.137640,0.419865,0.300621,0.405170,-0.025459,0.081357,0.272127,0.293971,0.301627,0.239384,0.262005,0.427001,0.249313,0.318809,0.008845,0.423146,0.386041,0.225568,0.242787,0.481748,0.510105,0.415365,0.283125,0.162475,0.372998,0.285779,0.121964,0.264094,0.255569,0.254490,0.153865,0.349428,0.199744,0.229349,0.234474,0.030325,0.184115,0.387071,0.261114,0.332081,0.346070,0.250609,0.436217,0.335335,0.268768,0.341190,0.365941,0.504938,0.359984,0.374977,0.234664,0.297030,0.343448,0.333979,0.306594,0.401730,0.235902,0.352473,0.362318,0.165235,0.275037,0.332760,0.311759,0.290123,0.143609,0.132649,0.196411,0.265425,0.399717,0.211626,0.081628,0.356515,0.302398,0.136104,0.212062,0.247161,0.398777,0.500802,0.392617,0.317843,0.244738,0.290532,0.278170,0.539511,0.493018,0.379223,0.382627,0.360880,0.298399,0.214656,0.362801,0.385480,0.278334,0.305504,0.361092,0.165793,0.291134,0.405430,0.298034,0.232226,0.264966,0.247748,0.074538,0.373314,0.271513,0.383818,0.576303,0.241443,0.349680,0.337036,0.387881,0.431086,0.197159,0.406406,0.383038,0.409251,0.483533,0.395283,0.242543,0.477305,0.270393,0.104478,0.374006,0.229913,0.240500,0.303322,0.395023,0.127910,0.030228,0.341630,0.409811,0.264195,0.571992,0.166596,0.379136,0.157098,0.444666,0.438265,0.478821,0.346294,0.301147,0.376344,0.417585,0.287991,0.234668,0.346411,0.385735,0.249881,0.407872,0.165495,0.307573,0.219338,0.257204,0.320098,0.374287,#
20,0.262706,0.092745,0.179833,0.068577,0.358494,0.273813,0.392244,0.263723,0.273619,0.478458,0.181313,0.072569,0.319058,0.365317,0.159949,0.210812,0.440601,0.290538,0.326015,0.398494,1.000000,0.290533,0.270161,0.348800,0.116821,0.313370,0.322698,0.240089,0.348222,0.454033,0.054347,0.257191,0.260073,0.432657,0.328779,0.429241,0.267704,0.020866,0.315717,0.283808,0.347854,0.416944,0.082084,0.296243,0.339815,0.200473,0.362390,0.122699,0.271531,0.206340,0.113923,0.300838,0.260720,0.334180,0.309934,0.201721,0.183739,0.260901,0.362112,0.132645,0.335207,0.284939,0.424976,0.094970,0.365124,0.480107,0.321550,0.039901,0.335002,0.347373,0.312737,0.018098,0.001053,0.392657,0.321757,-0.056382,0.339865,0.298641,0.136732,0.425355,0.002081,0.373408,0.457571,0.389441,0.112047,0.132501,0.273351,0.219488,0.273766,0.389542,0.275320,0.441294,0.364520,0.271766,0.378114,0.103055,0.192105,0.332553,0.277820,0.272336,0.424351,0.182572,0.402930,0.439954,0.211450,0.128983,0.235565,0.311449,0.169191,0.427311,0.235078,0.253710,0.254129,0.164349,0.336381,0.109907,0.344925,0.303763,0.045351,0.293600,0.448996,0.206619,0.263136,0.492184,0.227459,0.359172,0.328261,0.161210,0.434092,0.283600,0.317590,0.233985,0.335759,0.363099,0.357429,0.202482,0.231765,0.249583,0.321484,0.319475,0.220062,0.267433,0.121930,0.342748,0.310244,0.154565,0.298534,0.053342,0.113422,0.430941,0.246858,0.375490,0.355785,0.389451,0.172611,0.381447,0.506439,0.234220,0.374860,0.508792,0.268124,0.415321,0.371726,0.303642,0.537515,0.109050,0.122970,0.308909,0.466093,0.100080,0.319868,0.428150,0.423387,-0.098008,0.238324,0.275381,0.078625,0.405943,0.444469,0.197165,0.280943,0.115636,0.378869,0.244473,0.149219,0.276110,0.213116,0.491652,0.076706,0.054875,0.059854,0.278766,0.156480,0.386596,0.137823,0.025839,0.209252,0.179075,0.265836,0.231099,#
21,0.266328,0.428648,0.156085,0.249811,0.305751,0.293148,0.163682,0.365131,0.402166,0.361202,0.076535,0.133962,0.187108,0.291103,0.056477,0.232894,0.420479,0.297648,0.314896,0.480506,0.290533,1.000000,0.314500,0.379249,0.069255,0.264811,0.326667,0.112785,0.176168,0.212572,0.181014,0.410005,0.312487,0.276622,0.357070,0.242071,0.372863,0.282139,0.434628,0.144209,0.425268,0.401415,0.272242,0.113230,0.339604,0.149803,0.180712,0.330804,0.393090,-0.031143,0.070881,0.438246,0.182330,0.113838,0.300810,0.185420,0.268767,0.243359,0.384037,0.060419,0.359594,0.177231,0.168376,0.146314,0.464165,0.368665,0.348390,0.318918,0.101512,0.170836,0.124975,0.271254,0.109590,0.264259,0.408661,0.286716,0.183996,0.188524,0.231088,0.359540,-0.064267,0.070869,0.291408,0.086794,0.491254,0.095214,0.104327,0.369489,0.267730,0.214733,0.139682,0.110790,0.349568,0.140833,0.345805,0.087330,0.207588,0.143324,0.158663,0.329609,0.226687,0.188723,0.384129,0.143782,-0.006005,0.420915,0.119197,0.016381,0.331456,0.328224,0.302478,0.227752,0.201074,0.399562,0.042481,0.167186,0.417990,0.246491,0.005708,0.168263,0.275454,0.276613,0.333004,0.236471,0.396327,0.218601,0.150359,0.284962,0.392337,0.350150,0.330634,0.271016,0.324578,0.227223,0.358505,0.303909,0.004352,0.119002,0.213842,0.374814,0.153596,0.149991,0.341078,0.114850,0.153215,0.204610,0.144547,0.143865,-0.069787,0.344103,0.175309,0.397495,0.153763,0.290065,0.297483,0.325716,0.431131,-0.076047,0.236732,0.333059,0.334800,0.271372,0.317806,0.197277,0.318603,0.285851,0.243502,0.421150,0.212066,0.272761,0.339538,0.138027,0.043244,0.023709,0.284807,0.274128,-0.000254,0.376624,0.094750,0.096812,0.217879,0.327056,0.325738,0.219450,0.220894,0.339272,0.212580,-0.010869,0.116291,0.336322,0.384483,0.368550,0.204310,0.193413,0.265335,0.141414,0.270923,0.305152,0.113499,0.335013,#
