0,1.000000,-0.041182,-0.178993,0.190191,0.156742,0.113470,-0.036482,-0.039344,0.149955,-0.081843,-0.007536,-0.127953,0.055839,-0.239585,0.219035,0.370777,0.037262,0.282188,0.255790,0.020722,-0.006811,-0.018857,0.437574,0.288502,-0.014845,0.057915,0.134282,-0.116576,-0.002781,0.054512,-0.026838,0.224839,0.178100,0.317135,0.188381,-0.004789,0.048078,0.265367,0.179912,0.299058,0.021852,0.166323,0.125983,0.167755,0.076009,-0.012835,-0.011748,0.252790,0.059315,0.312085,0.007110,-0.055023,0.007168,0.157302,0.198423,0.165736,0.318461,0.125426,0.021330,0.117360,0.051688,0.043067,0.251096,-0.139901,-0.047060,-0.060243,-0.026835,0.132485,-0.050976,0.155626,0.186012,-0.043123,0.059464,0.200903,0.103590,-0.266957,0.228058,0.110067,0.058889,0.118200,-0.109384,0.068305,0.079572,0.139599,0.198518,-0.007702,0.128577,0.052309,0.222978,0.360289,0.184841,0.062666,0.102282,0.058128,0.022936,0.219562,-0.062158,-0.127560,-0.030930,0.157441,0.218198,0.115904,-0.172315,-0.030991,0.205819,0.165853,0.333558,0.173621,0.154420,-0.137843,-0.082693,0.093981,-0.113448,-0.086495,0.241643,0.030752,-0.073236,-0.221739,0.138366,0.051083,0.094303,0.015572,0.114864,0.079407,0.076589,0.125246,0.155645,-0.042120,0.099433,0.224113,0.184076,0.090827,-0.118076,-0.018603,-0.046041,0.199973,0.022397,0.095033,-0.116116,0.037837,0.269809,0.196655,0.039608,0.144641,-0.073704,0.083470,0.198437,-0.089898,0.085692,0.102860,-0.121619,-0.106202,-0.099160,0.003062,0.047448,0.359918,0.162216,0.029726,0.010092,0.116321,0.009526,0.022197,-0.021802,-0.148296,0.079957,0.449452,-0.157645,0.316347,0.278594,0.032941,0.007539,-0.278620,0.197265,0.062245,-0.031197,0.132541,0.224059,0.129661,-0.030544,0.021127,0.337982,0.009712,0.067987,0.042116,0.085070,0.000334,0.234555,0.318079,0.123232,-0.085070,-0.075533,0.128915,-0.051011,0.001309,0.072123,-0.051757,-0.028014,0.215735,0.191226,0.021671,#
1,-0.041182,1.000000,0.111273,0.124856,-0.026322,0.051318,0.303634,0.017934,0.257631,-0.015111,0.173485,0.119036,0.040372,0.071528,0.071282,-0.071961,0.022731,0.072317,-0.056533,0.012820,0.000701,0.230486,0.002646,-0.223346,0.050200,-0.006552,0.263434,0.303485,-0.255705,0.150863,0.015437,-0.000506,-0.015532,-0.002465,-0.115945,0.258350,0.058763,0.030238,0.224708,-0.148720,-0.091749,-0.249440,0.139317,0.074850,0.122208,0.001101,0.339845,-0.029565,-0.058196,-0.075109,0.101437,-0.228224,0.273209,0.155591,0.057027,0.167162,0.187893,-0.081040,-0.135652,-0.015695,0.014286,0.042084,0.234314,-0.019739,-0.193705,-0.092957,-0.095908,0.045331,0.059430,0.070425,0.084140,-0.057273,0.112376,-0.080936,0.184742,0.023644,0.127585,0.082754,0.100870,0.161513,0.217908,0.112795,0.015563,0.003444,0.103400,-0.227960,0.123127,0.075678,0.022947,-0.092405,-0.037302,-0.090846,-0.078844,0.041636,-0.027828,-0.001401,0.063996,-0.055486,-0.060572,0.075055,0.130485,0.135922,0.208613,-0.004289,-0.036128,-0.014054,0.207007,0.051751,-0.041236,0.080944,0.036496,-0.007087,-0.104196,-0.148691,0.092724,0.158906,0.285573,-0.039125,-0.055645,0.006993,-0.278302,0.085450,-0.000353,0.145215,-0.202365,-0.061677,0.181312,-0.021677,-0.001409,0.148615,0.079374,0.045597,-0.099296,0.124673,0.118453,0.012837,0.200335,0.118868,0.204895,0.191022,0.094742,0.082515,0.203408,0.321795,0.314795,0.114175,0.017048,-0.122696,0.059629,0.016740,-0.007914,-0.048926,-0.038236,-0.163544,0.151521,0.110360,-0.163342,-0.012174,-0.357976,-0.364388,-0.053950,0.013688,0.252102,0.220310,0.158851,-0.236264,-0.193297,-0.114628,-0.045414,0.285623,0.151003,0.220470,0.108377,-0.069096,-0.125848,0.056074,-0.034918,0.191497,0.159478,-0.007655,0.003772,-0.044292,-0.027373,0.004086,0.146720,0.045552,0.077887,-0.021837,-0.087619,-0.003742,0.218004,-0.134089,-0.293305,0.190458,0.124815,0.051214,-0.260906,-0.057263,-0.011561,0.191093,#
2,-0.178993,0.111273,1.000000,-0.070761,0.106219,0.071230,0.205153,0.038345,0.083708,-0.074888,0.199379,0.321689,0.153508,0.054441,-0.251579,0.084461,-0.025966,-0.109930,0.071762,-0.074933,0.083427,0.101699,-0.290414,-0.152513,0.089710,0.131657,0.034896,0.132843,-0.086583,-0.110813,-0.055170,0.055178,-0.084373,-0.189332,-0.111301,0.021491,0.094163,-0.191033,-0.074613,-0.312617,0.031244,-0.013962,0.173695,0.050013,0.295131,-0.297910,0.073469,-0.090798,0.035964,0.047362,0.115786,0.167692,0.028261,-0.015664,0.102167,-0.126951,-0.006695,0.085410,0.167144,0.087422,0.203890,0.081146,-0.161254,0.218190,0.092860,0.041122,0.186580,0.068071,0.112159,-0.018345,-0.339863,0.151682,-0.130863,-0.045006,0.099157,-0.009090,0.169170,0.074173,-0.013989,-0.159461,0.036090,-0.260652,-0.214599,0.039456,-0.014153,0.032867,0.007738,0.162522,-0.020802,-0.098953,-0.277115,0.051957,0.031534,0.201783,-0.227535,0.212030,0.151567,0.023297,0.168259,0.113332,-0.185800,0.033429,-0.161731,0.135607,-0.156625,0.026446,-0.123323,0.079734,0.011787,0.132739,0.302674,0.177986,0.007951,-0.113271,-0.083368,0.113749,0.169706,-0.219137,-0.312241,0.064164,-0.015082,-0.164235,-0.054179,-0.143977,-0.004413,-0.181208,0.183379,0.017803,0.008023,-0.069733,-0.180056,0.022797,-0.051221,0.032137,0.063152,0.000207,-0.016012,0.024969,0.313730,-0.067963,0.175597,0.065585,0.031560,-0.153893,0.366686,-0.231889,-0.366648,-0.165504,0.211343,-0.166303,0.020312,0.053543,0.158993,0.079036,-0.175123,-0.051599,0.123533,-0.198112,-0.153979,0.067094,0.007899,0.064110,0.031540,0.262850,-0.049328,0.272022,0.051704,-0.026115,-0.145520,0.031235,-0.196430,0.369327,0.018215,-0.050708,0.239686,-0.210164,0.072063,0.063560,-0.232898,0.099812,0.231144,0.078387,-0.313259,0.143573,0.098567,0.129450,-0.006746,0.069000,0.015305,-0.323129,0.002335,-0.005352,0.088563,-0.055975,0.133071,-0.002451,-0.110351,-0.064864,0.009685,0.102033,#
3,0.190191,0.124856,-0.070761,1.000000,0.045852,0.122943,0.145861,-0.006011,0.287552,-0.054713,0.159222,-0.014101,0.219837,-0.085299,0.230060,0.080685,0.205486,0.295181,0.174465,0.197196,0.132393,-0.015634,0.253581,0.244542,0.065024,0.130996,0.087377,0.022804,0.100303,0.072443,-0.054016,0.137235,0.512363,0.206702,-0.136316,0.070581,0.115021,0.358968,0.222517,0.119305,-0.032287,0.203834,0.317127,0.342373,0.016473,0.176974,0.131901,0.231697,0.053854,0.067748,0.153635,0.215970,0.310985,-0.102639,0.088929,0.129386,0.050425,-0.169744,-0.081081,0.195579,0.220192,0.228655,0.010929,-0.030073,0.298503,0.157161,-0.009584,-0.059551,0.074046,0.299526,-0.071435,0.077599,0.190415,-0.023486,0.093370,0.092424,0.088138,0.152099,0.096720,-0.266061,0.264128,0.110779,0.178998,0.101442,0.246033,0.109610,-0.056139,-0.009234,0.267125,0.107322,0.074330,0.145245,0.104778,0.041832,-0.012453,0.071897,0.104282,-0.203153,0.318790,0.134854,0.078196,0.000784,0.051216,0.071649,0.196627,0.040377,0.215803,0.177967,-0.069743,0.054613,0.051881,0.089324,0.067915,-0.053964,0.117161,-0.072368,0.211738,0.106148,-0.070520,0.144769,0.091857,-0.034725,0.033960,0.265046,0.067493,0.098717,0.256270,0.130296,-0.114209,0.112490,0.307108,0.096792,0.042302,0.261156,0.138344,0.114136,0.095335,0.097051,0.218501,0.076613,0.116666,0.251049,0.116033,-0.020398,0.105610,-0.066495,0.238560,0.216598,0.067125,0.223950,-0.036071,0.068220,0.005851,0.019729,0.168576,0.069479,-0.063720,0.203690,0.066070,0.132735,0.109394,0.108190,0.301360,0.314202,0.138359,0.074783,-0.053412,0.132674,-0.218261,-0.069859,0.198376,-0.015478,0.053658,-0.219608,-0.051802,0.016247,0.233002,0.016876,0.042243,0.186265,0.123677,0.381383,0.208518,-0.334528,-0.225384,0.093218,0.100862,0.073055,0.130153,0.029702,0.135123,0.090311,0.094985,-0.229645,0.112753,0.159922,0.197603,-0.055012,-0.009613,-0.062212,#
4,0.156742,-0.026322,0.106219,0.045852,1.000000,0.217083,-0.099853,-0.043277,0.234455,0.051009,-0.011639,-0.177785,-0.027268,-0.137927,0.038970,0.105744,-0.229002,0.125160,0.053053,0.286575,0.215232,-0.129873,0.156094,0.087476,-0.034622,0.105328,-0.016771,-0.168115,0.143465,0.034885,0.028967,-0.019265,-0.050849,-0.050334,-0.112143,0.200430,0.369812,-0.035567,-0.053862,-0.030494,0.078447,0.431558,0.013234,-0.036270,0.163597,-0.020475,0.242701,0.081195,0.107664,0.091909,0.045452,0.107832,0.097204,-0.026802,0.366212,0.317116,0.194491,-0.008444,0.136216,-0.057431,0.006770,0.155932,-0.024634,-0.078565,-0.005793,-0.183820,0.049127,0.017526,-0.065444,0.055756,0.098052,0.038214,0.012427,0.185321,-0.095381,-0.084653,0.074172,0.207588,0.126731,0.040810,0.228456,0.110678,-0.010002,-0.038498,0.358748,-0.014838,-0.007370,0.061451,0.026894,0.213968,0.279911,0.000570,0.162483,0.080609,0.056121,0.226147,-0.003631,0.021051,-0.126074,-0.072035,-0.154731,-0.101498,0.166361,0.096687,0.056421,0.180990,-0.073244,0.207454,0.143369,0.092219,0.155656,0.239564,0.211230,0.256493,0.199429,-0.174665,0.153348,-0.087810,-0.025878,0.024217,-0.027514,-0.027386,0.053120,-0.089145,0.213943,-0.041834,0.192999,0.031292,0.110021,-0.063011,0.214535,0.058772,0.026944,0.059253,-0.021420,0.027468,0.067876,0.126068,0.125654,0.108139,0.264916,0.046608,0.119613,-0.072479,0.192947,0.178206,-0.042438,0.277734,0.066877,-0.138729,0.032354,0.104556,0.044702,0.342132,0.215248,-0.061995,0.299916,0.089733,-0.231597,0.110033,0.142838,-0.101086,-0.063299,-0.132578,-0.121053,0.128486,-0.059236,0.120028,-0.065260,-0.015760,-0.101089,-0.058763,0.371611,0.135930,0.152902,0.066494,0.118222,0.157802,0.075298,0.286750,0.013592,-0.053326,0.178918,-0.019248,0.154586,0.061419,-0.224592,0.233855,0.203671,0.178802,-0.023856,0.243153,0.039211,-0.209657,0.209015,0.023962,0.202072,0.073562,0.060359,0.197493,#
5,0.113470,0.051318,0.071230,0.122943,0.217083,1.000000,0.098211,0.277778,0.202250,0.233768,0.154689,0.171292,0.220469,-0.078549,0.173860,-0.096404,-0.130057,0.033516,-0.099534,0.176104,-0.055127,0.042550,0.159835,-0.173954,0.141688,0.004514,0.117380,0.200344,0.185901,0.088505,0.144652,0.062667,0.221158,0.110000,0.043393,0.240531,0.164740,-0.026885,0.091762,0.195730,0.262845,0.042550,0.228829,0.008144,0.056560,0.022165,0.077326,-0.160378,0.187403,0.018326,0.182649,0.126714,-0.029378,-0.161563,0.377293,0.151324,0.078099,-0.063123,0.255854,-0.013262,-0.028869,0.015097,0.147387,0.071628,0.258338,0.027077,0.040852,-0.025089,0.093633,-0.144126,0.107136,-0.012568,0.217079,0.338838,0.036622,-0.120019,0.102122,-0.063351,0.120382,0.003753,0.085062,0.073692,0.298006,-0.134419,0.146317,-0.117644,0.029259,0.052932,-0.057052,-0.132055,-0.065912,0.131999,0.202125,0.332219,-0.082454,0.338484,-0.073346,-0.022669,0.011796,0.025285,-0.070255,0.056751,-0.153251,0.039273,-0.007982,0.216636,0.218824,0.168172,0.085750,-0.009881,0.119645,0.153038,-0.086519,-0.068055,-0.023202,-0.007006,0.119281,0.136931,-0.197493,0.050052,-0.224339,0.114201,-0.002331,0.050485,-0.066161,-0.032316,0.039660,-0.186501,0.286900,0.045683,0.329441,-0.108505,0.158853,0.269856,0.244238,0.166492,0.050231,0.157948,-0.097327,-0.082731,0.037527,0.181338,0.115109,-0.027835,0.122833,0.085831,0.200470,0.075388,-0.084335,0.068626,0.235659,0.079096,0.298674,0.122454,0.074305,0.067820,0.010605,0.033241,0.042137,-0.048339,0.193926,-0.023233,0.221605,0.182768,-0.081872,0.102899,0.027419,0.275026,0.206767,0.104900,0.271099,-0.025545,0.460455,-0.085691,-0.071803,0.141590,0.157982,0.051656,0.072188,0.108928,0.043494,-0.047046,0.256513,0.148870,-0.090932,0.071095,0.095106,0.005724,0.205314,-0.066482,0.032616,0.203562,0.076356,-0.070864,0.380463,-0.164511,-0.098104,0.116619,0.147925,0.442760,#
6,-0.036482,0.303634,0.205153,0.145861,-0.099853,0.098211,1.000000,0.008885,0.187296,0.051599,0.056118,0.116237,-0.044968,0.084984,-0.108924,0.024392,-0.067089,-0.078518,0.085342,-0.143075,-0.034102,0.213272,-0.058796,-0.108192,0.079092,-0.007149,-0.000376,0.110930,-0.059966,-0.029803,0.114210,0.106691,-0.020593,0.065508,-0.238146,-0.106561,-0.146921,0.148752,-0.120480,-0.099274,-0.225534,-0.141767,0.078540,0.206767,0.037259,-0.135707,0.016146,-0.058891,0.105800,-0.140026,0.024642,-0.183590,0.038770,0.013609,-0.142029,0.036002,-0.109173,-0.158028,0.115638,0.244913,0.191877,-0.160453,0.205667,-0.165849,0.013459,0.292894,-0.129570,0.126440,-0.058456,0.047661,-0.014826,0.026764,-0.118547,0.205292,0.220093,-0.048371,0.241937,0.159228,0.136208,-0.201220,-0.089208,-0.228234,0.128854,0.094020,0.023647,0.071912,0.032150,0.171660,-0.116837,-0.060672,0.022637,-0.135680,-0.015854,0.018582,-0.031825,0.031870,0.047766,-0.044236,0.151597,0.169178,-0.013718,0.322217,0.042276,0.070759,-0.266014,0.303096,0.244521,0.016534,0.238255,0.075445,0.055838,0.050395,-0.059813,-0.284962,-0.017589,0.230160,0.101343,-0.030508,-0.093173,-0.109689,0.037014,0.085492,-0.173224,0.067725,-0.177938,-0.132420,-0.007479,-0.112569,-0.182730,-0.061801,-0.038708,0.073062,-0.040024,0.048820,-0.093718,0.125984,0.006046,-0.000113,-0.015801,0.152029,-0.107050,0.253675,-0.211472,-0.029333,0.024796,-0.027008,0.062527,-0.124517,0.108866,-0.257295,0.218875,-0.297731,0.141160,-0.209831,0.150552,0.017191,-0.054626,0.234186,-0.087033,-0.141033,-0.154357,0.039221,0.115942,0.288349,0.069488,0.109087,-0.244157,0.021696,-0.166671,0.079733,-0.069245,-0.065418,0.050509,0.000051,0.094621,-0.031440,-0.050511,0.007975,0.103618,-0.098680,0.000259,-0.040800,0.149846,-0.032352,-0.042883,0.121332,-0.032767,0.086358,0.111956,0.056058,0.087048,0.202617,-0.154098,-0.038951,-0.128262,-0.078667,0.070686,-0.024231,0.020909,0.219465,#
7,-0.039344,0.017934,0.038345,-0.006011,-0.043277,0.277778,0.008885,1.000000,0.122416,-0.030522,0.270279,0.401546,-0.049229,-0.143625,0.121206,0.036688,0.037911,0.358218,-0.012175,-0.024575,-0.103087,-0.055547,-0.015394,-0.007907,0.275044,0.026657,0.028359,0.377526,-0.078386,0.159837,0.062145,-0.194327,0.197019,-0.085984,-0.163758,0.130828,-0.145352,-0.238702,0.151009,-0.018489,0.229574,-0.117385,0.038700,0.077316,0.093363,-0.095315,-0.072436,-0.070960,-0.050786,-0.030018,0.150754,-0.143427,0.075949,0.020368,0.027366,-0.023178,0.084912,0.195339,0.064393,-0.007686,-0.012752,0.085658,0.121153,0.093929,0.099756,0.135037,0.299876,-0.188773,-0.120198,0.161777,0.006470,-0.096628,0.220996,0.047916,-0.271702,-0.004260,-0.096156,-0.004104,-0.068639,0.371458,0.070031,-0.097303,0.078064,-0.061393,0.039243,-0.008849,0.076862,-0.094519,-0.025459,-0.029694,-0.083824,-0.018360,0.179371,0.212255,-0.268091,0.018496,-0.093299,0.121471,-0.178082,0.007734,0.002876,-0.088465,-0.112537,0.037183,-0.153738,-0.151585,0.141247,0.206630,-0.117343,0.029120,-0.043799,0.092184,-0.028961,0.047775,0.214082,0.050248,-0.053504,-0.151228,-0.219796,-0.139443,-0.062578,0.153076,-0.043309,-0.125060,0.038350,0.060767,0.172894,-0.178477,0.040372,-0.013009,0.176380,0.119963,0.154597,-0.067410,0.385596,0.137147,-0.263791,0.393084,-0.050722,-0.061332,0.153422,-0.030787,-0.107240,-0.091339,0.049289,-0.126675,0.195050,-0.114784,-0.129713,0.033948,0.160123,0.141289,0.202977,-0.216349,-0.006933,0.082341,0.210295,-0.146665,0.127914,-0.019190,0.053418,-0.093685,0.350964,-0.132387,-0.228540,0.185611,0.279364,0.048348,-0.089527,-0.019546,0.051553,0.001911,0.208560,-0.035663,0.073172,0.030654,-0.121129,0.002016,-0.254794,0.257487,0.085071,0.120650,0.142206,0.091111,-0.333326,0.016583,-0.058121,-0.168669,-0.032025,0.151610,0.229984,-0.132667,0.075018,0.016203,0.144036,-0.248873,-0.188909,-0.165439,0.096055,0.079074,#
8,0.149955,0.257631,0.083708,0.287552,0.234455,0.202250,0.187296,0.122416,1.000000,0.152746,0.309973,0.223992,0.224785,-0.349555,0.243694,0.295835,-0.073732,0.235612,0.056970,0.028440,-0.171146,0.065436,0.047666,0.260658,-0.023734,0.000566,0.016547,0.170415,-0.116806,0.141747,-0.188952,0.148201,-0.012789,0.050806,0.006194,0.117834,0.080104,-0.088405,0.110582,0.001823,0.189534,-0.026961,0.211958,0.078634,0.285141,0.114702,-0.007200,-0.096102,0.103865,0.093997,0.151679,0.277649,0.161494,0.201882,0.031101,0.222779,0.194044,0.145340,0.000499,0.320450,0.033760,0.009610,0.161686,-0.126618,0.212252,0.325854,0.107619,-0.076476,0.266423,0.060734,0.092505,-0.063662,0.031155,0.092510,0.224874,0.150612,-0.049136,0.145631,-0.057526,0.083384,0.216178,0.151004,0.090306,0.088893,0.303251,0.044178,0.068082,0.025607,0.003217,0.187917,0.056119,0.300065,0.226692,-0.185591,0.325752,0.323646,0.181529,-0.092047,0.170606,0.048006,0.026657,-0.044087,0.100037,0.020379,0.111903,-0.041200,0.204612,0.033752,-0.091789,0.088319,0.020116,0.010130,-0.090657,0.043332,0.108957,0.206366,0.169216,-0.121977,0.062838,0.215710,0.014169,0.040136,0.075452,0.146693,0.050345,0.042129,0.122543,0.284635,-0.155172,0.228077,0.141551,-0.233328,0.061554,0.153650,0.147428,0.276418,0.026429,0.275022,0.089714,-0.061174,0.178684,0.122915,0.102179,-0.061340,-0.055859,-0.028470,0.189098,-0.022166,0.096755,-0.015098,0.170791,-0.077001,0.066468,0.032733,0.258203,0.366327,0.229001,0.235596,-0.007558,-0.049224,0.007339,0.000022,0.110410,0.172166,0.071494,0.012915,0.087388,-0.108167,0.012149,0.178885,0.012100,-0.062290,0.187040,-0.137998,0.117969,0.047862,0.041384,0.117204,0.061293,0.207680,0.032047,0.028070,0.086490,-0.026416,-0.143619,0.191720,-0.165379,0.003244,0.354173,0.102509,0.091917,0.146529,0.069074,-0.123395,0.313058,-0.104504,0.043090,-0.074586,-0.114043,0.056626,#
9,-0.081843,-0.015111,-0.074888,-0.054713,0.051009,0.233768,0.051599,-0.030522,0.152746,1.000000,0.290403,-0.079837,0.075474,-0.035067,0.020070,0.141783,0.038775,-0.002328,-0.311782,0.194645,-0.023373,-0.069071,-0.073747,-0.127144,-0.152670,-0.160591,0.037185,0.035876,0.004036,0.139238,0.271010,-0.090833,-0.116554,0.264535,0.257224,0.043121,-0.166710,0.175676,-0.144501,-0.147474,0.088282,-0.080612,0.047358,-0.145681,-0.089607,0.052527,-0.000699,-0.186234,-0.058835,0.097498,-0.000039,0.070518,-0.100421,0.104337,-0.237476,0.021399,-0.085465,-0.045080,0.163021,-0.083995,0.086917,0.279327,0.240197,0.110200,-0.043440,0.096471,-0.113650,-0.134185,-0.058817,-0.166443,0.244469,0.080454,0.004889,0.146625,-0.104234,0.026834,-0.181214,-0.223970,0.105029,0.230901,0.042577,0.205811,-0.096994,-0.250976,0.250252,-0.053061,0.077312,0.064537,-0.360797,-0.186684,-0.010387,0.127387,0.183992,-0.306080,0.096810,0.188414,0.051169,0.066685,0.071745,-0.272343,-0.213036,0.013534,0.177449,-0.002603,0.223027,0.101977,0.059679,-0.176558,0.134625,-0.091266,-0.048119,-0.047692,-0.134836,0.291326,-0.156194,0.002565,-0.086506,0.059375,0.116568,-0.158000,-0.099865,0.184637,-0.188708,0.011744,-0.182620,0.030924,-0.203823,0.192630,-0.066555,0.283298,-0.067894,-0.184222,0.044507,0.050534,0.078420,0.135716,0.128734,0.216554,-0.023047,-0.392564,-0.087632,0.110128,0.150409,-0.023332,-0.208518,0.169810,0.106891,0.078423,0.138986,0.331544,-0.116904,-0.131476,0.319835,0.221267,0.240952,-0.025895,-0.071676,0.118251,0.096580,-0.238050,0.171166,-0.039055,-0.049984,0.200788,0.034148,-0.036781,0.023196,-0.134157,0.316892,-0.229371,0.025092,-0.150879,0.044279,0.047162,-0.020637,0.073978,-0.041723,0.102308,0.087189,-0.131953,-0.020058,0.032196,0.129356,0.146717,-0.011663,0.033250,-0.144907,-0.001320,0.136566,0.073168,0.128050,0.052222,-0.126158,0.023264,0.046912,0.063790,-0.010688,-0.079532,-0.143519,0.241311,#
10,-0.007536,0.173485,0.199379,0.159222,-0.011639,0.154689,0.056118,0.270279,0.309973,0.290403,1.000000,0.078369,0.202931,-0.083381,0.190252,0.150952,0.035996,0.236474,0.096418,0.212055,-0.132893,0.021010,-0.122325,0.081961,0.049032,-0.108952,-0.067721,0.320312,-0.012151,0.272386,0.133166,-0.016548,0.244126,0.095065,0.230633,0.090322,-0.020407,0.082173,0.315527,0.061692,0.217978,-0.155133,0.140093,-0.063512,-0.008346,0.066270,0.129328,-0.097946,0.069034,0.233279,0.125902,0.061010,-0.120209,0.254840,-0.112464,0.199061,0.031946,-0.044298,-0.074547,0.267872,0.094687,0.358885,0.009306,0.365622,0.352288,0.206185,0.244131,-0.113875,-0.097468,-0.009736,0.112907,0.047935,0.095546,0.229226,0.079134,0.167727,0.026591,-0.017379,-0.081214,0.214193,0.379054,0.020904,0.192202,0.011477,0.358200,-0.074586,0.156087,0.199711,-0.041005,0.018771,-0.189736,0.035532,0.203675,0.068651,0.022787,0.303979,0.207115,-0.001015,0.112840,0.049002,-0.271176,-0.068838,0.208305,-0.109912,0.041565,-0.143929,0.177728,0.196193,-0.081592,-0.081003,0.090821,0.249355,-0.043180,-0.004730,0.366032,0.195166,0.062987,-0.050150,-0.043967,0.057276,0.017110,0.199734,-0.069795,0.082671,-0.120574,-0.033372,0.133491,0.180349,0.054370,0.078200,0.206945,0.071013,-0.001636,0.037011,0.208583,0.007608,-0.025309,0.489527,0.064052,-0.248740,0.265883,0.087371,0.116392,0.017861,0.202299,-0.050296,0.022913,0.051046,0.115377,0.032233,0.232260,0.213432,0.262562,-0.002403,0.288615,0.060050,0.073285,-0.184293,0.151239,-0.142783,0.142203,-0.186626,0.487535,0.192767,0.240610,0.162666,0.235490,-0.130534,-0.025177,0.112165,0.120142,0.040203,0.059080,0.122370,0.141027,0.061203,0.079278,0.292129,-0.150085,0.024397,0.165732,0.114556,0.159770,-0.030260,-0.006138,0.218989,-0.027907,-0.278959,0.094453,0.160911,0.397793,-0.143008,-0.034546,0.015385,0.203256,-0.001724,-0.195138,-0.057807,0.091203,0.360991,#
11,-0.127953,0.119036,0.321689,-0.014101,-0.177785,0.171292,0.116237,0.401546,0.223992,-0.079837,0.078369,1.000000,0.000665,-0.033058,-0.199730,0.019828,0.018911,0.071872,-0.056606,-0.365941,-0.146649,0.122999,-0.114456,-0.104859,0.176128,0.146198,-0.141509,0.319209,-0.157886,0.193362,0.134373,0.024760,0.011371,-0.122935,-0.042319,0.135217,0.025634,-0.304934,-0.104449,-0.017997,-0.076216,0.080863,0.305497,0.187956,0.065649,-0.058179,-0.283049,-0.083376,0.133581,-0.132917,-0.056181,0.126768,-0.106218,0.030958,-0.003496,-0.171370,-0.090135,0.337996,0.087751,0.031137,0.115694,-0.097719,0.128058,-0.036420,0.062172,0.210266,0.091447,-0.040549,0.149017,0.035718,-0.218220,-0.286803,0.185134,-0.050400,-0.195088,-0.166142,0.065104,-0.193452,-0.009485,0.048040,0.147784,-0.124160,0.048510,-0.120670,-0.048530,-0.071558,-0.246729,0.079418,0.081622,-0.122064,-0.420313,0.168867,0.332392,0.329048,-0.027174,0.046574,-0.017190,-0.040007,0.312143,0.147722,-0.032396,-0.081203,-0.145989,0.091492,-0.278516,0.022216,0.142785,0.145601,0.030225,0.053770,0.202316,0.051210,-0.032101,0.106682,-0.113636,0.193034,-0.093338,-0.111933,-0.304382,-0.021500,-0.104825,0.062126,0.031364,-0.108541,-0.177934,0.014359,-0.035844,0.022560,-0.052206,-0.107556,0.022601,0.101290,0.267763,0.059999,0.124848,0.111351,-0.275966,0.359680,-0.114902,0.106828,0.022249,-0.095736,0.033881,0.012019,0.089420,-0.120462,0.089038,-0.125686,-0.088308,-0.114112,0.017556,0.233131,0.152350,-0.094667,-0.081936,0.080060,0.144785,-0.254455,0.054976,-0.064548,-0.004037,0.134028,0.038015,-0.072220,-0.121161,0.120992,0.160530,0.018031,-0.217838,0.125997,0.105983,0.111125,-0.038477,-0.204966,0.058214,0.008831,-0.151527,0.013107,-0.091025,0.050981,0.227659,-0.077095,-0.028285,-0.140938,-0.385864,0.102538,-0.117868,0.075108,0.008291,0.089037,0.126027,-0.344369,0.221800,0.141021,0.321184,0.039768,-0.012702,-0.198992,0.070838,-0.310063,#
12,0.055839,0.040372,0.153508,0.219837,-0.027268,0.220469,-0.044968,-0.049229,0.224785,0.075474,0.202931,0.000665,1.000000,-0.016800,0.310101,0.264550,0.305081,0.084015,0.205207,0.236333,-0.049832,0.165928,0.076010,0.182345,-0.231022,0.084343,0.012367,0.305725,-0.131967,0.099669,-0.180897,0.268424,0.094025,0.127580,0.151190,0.319703,0.126616,0.128849,-0.029340,0.029840,0.035160,0.041677,0.083252,0.172664,0.236314,0.065286,0.046802,-0.057461,0.269009,0.117352,0.095214,0.062053,0.105733,0.182608,0.348395,-0.027351,0.090933,-0.018168,0.000221,-0.115364,0.072104,0.366210,-0.114440,0.184151,0.378291,0.043726,0.177329,0.107945,0.063823,0.092521,0.042871,0.078858,0.168504,0.066803,0.048817,0.080833,0.069318,-0.260377,0.029852,-0.130993,0.277221,0.060707,-0.110958,0.117442,0.242314,0.108849,0.124723,0.319205,0.145792,0.102427,0.147678,0.148240,-0.000336,0.125045,0.092539,0.197260,0.185678,-0.134701,0.176939,0.013264,0.217520,0.042230,-0.033493,-0.081566,0.287504,-0.036470,0.190430,0.159614,-0.070381,0.043889,0.171176,0.083642,-0.000440,0.015610,0.034829,0.030774,0.232454,-0.029911,0.181146,-0.035613,0.215310,0.153863,0.229438,0.087950,0.131708,-0.400214,0.303464,0.047136,-0.030534,0.103347,0.024945,-0.040018,-0.078261,0.159738,0.132043,-0.014102,0.162117,-0.124841,0.045443,0.115184,0.209565,0.109841,0.041289,-0.042211,-0.033175,-0.092324,-0.092039,0.120279,0.000483,0.075423,-0.045757,0.089422,0.039346,0.013759,-0.146646,0.316541,0.013320,-0.014448,0.013960,0.052073,-0.071809,0.291319,0.064949,0.287150,0.269891,-0.000095,0.280433,0.069586,0.211542,0.123894,0.215719,0.126354,0.114833,0.113109,0.218509,0.105761,0.266846,0.228538,0.043218,0.074886,0.191240,0.170690,0.210223,0.126271,0.139325,-0.147033,0.077117,0.209725,-0.000128,-0.093561,0.281937,-0.000603,0.285705,0.046174,0.156895,0.193574,0.015408,0.156042,0.081529,-0.032058,#
13,-0.239585,0.071528,0.054441,-0.085299,-0.137927,-0.078549,0.084984,-0.143625,-0.349555,-0.035067,-0.083381,-0.033058,-0.016800,1.000000,0.217508,-0.129942,0.203542,-0.124439,-0.031777,0.272157,0.045333,-0.144982,-0.175791,-0.006728,-0.214856,0.153499,0.065646,-0.135439,-0.129800,-0.119336,0.081457,0.057014,0.081145,0.082913,0.150996,0.009252,-0.020274,0.034312,-0.199168,0.124333,-0.226542,-0.129818,-0.077880,-0.007872,0.059794,0.053115,0.099809,-0.188054,-0.043402,-0.042823,-0.071416,-0.120105,-0.037358,0.167857,0.057285,-0.121091,-0.109344,-0.014585,0.042745,0.159046,0.102315,0.235946,0.073317,0.096244,0.029852,-0.034921,0.339900,-0.031099,-0.056098,0.007738,0.013988,0.039382,-0.336549,-0.170500,0.235839,0.138203,0.294269,-0.020436,0.220465,-0.013944,0.026483,0.117646,-0.105946,0.148072,0.089769,0.122859,0.018271,0.151074,0.039318,-0.126271,-0.055770,0.000141,-0.146296,0.164402,-0.044000,-0.169404,0.016468,-0.158462,-0.071140,0.314081,-0.095899,0.164190,0.041507,0.215739,-0.069406,0.016424,0.190550,0.092037,0.075507,0.097060,-0.006880,-0.064687,0.312838,0.034318,-0.016047,0.063214,0.287016,0.031208,-0.173376,-0.071830,0.102624,-0.035780,0.175368,0.044448,0.058327,-0.111458,-0.049749,-0.065155,-0.004779,0.044182,-0.300553,0.074303,-0.079533,-0.130750,-0.032632,-0.015750,0.030476,-0.088801,-0.020187,0.191247,-0.300328,-0.052257,0.188103,0.177857,0.024283,0.086932,-0.246663,-0.028648,-0.116176,-0.128788,0.014513,-0.009360,0.018362,0.286768,-0.132362,-0.137419,-0.138146,0.045996,0.036630,0.069320,-0.294858,0.241313,0.008109,0.203407,-0.034821,0.015000,-0.083070,-0.130857,0.036190,-0.136511,0.055469,0.100578,-0.153395,0.171292,0.118271,0.048836,0.111606,0.091425,0.020796,-0.176685,-0.088359,0.184599,0.024202,0.008773,0.362751,0.188736,0.173832,-0.023518,-0.299099,0.068644,0.103901,0.071378,-0.052924,0.189923,-0.229509,0.053371,0.011105,-0.122191,-0.032506,-0.139762,#
14,0.219035,0.071282,-0.251579,0.230060,0.038970,0.173860,-0.108924,0.121206,0.243694,0.020070,0.190252,-0.199730,0.310101,0.217508,1.000000,0.171468,0.211643,0.149858,0.106563,0.480273,0.000145,-0.116483,0.118240,0.364476,-0.124263,-0.013396,0.276826,0.145963,-0.085342,0.117239,-0.090429,0.250411,0.119317,0.095425,0.161192,0.018542,0.031533,0.109273,-0.031853,0.321302,0.097818,-0.102888,0.219542,-0.073444,0.197348,0.332002,0.222182,-0.251772,0.112974,0.263651,0.205165,-0.038280,0.322638,0.363521,0.401312,0.182062,0.139401,-0.076013,-0.050123,0.059110,0.070163,0.344707,0.095345,0.030699,0.120815,-0.174580,0.384428,0.180337,-0.130068,0.133156,0.239572,0.003003,0.007597,0.068080,0.317272,0.225286,0.147205,0.009592,0.176233,0.090880,0.261632,0.228314,0.095891,0.179191,0.275877,0.246783,0.009472,0.079175,0.024350,0.001445,0.123683,0.221343,0.038008,-0.024904,0.221722,0.158111,0.040857,0.017943,-0.247246,0.059757,0.241431,0.229517,-0.011016,0.297077,0.338133,-0.014774,0.432304,0.161485,-0.036837,-0.012967,-0.058359,-0.293802,0.125423,0.124847,0.146528,-0.018404,0.136505,-0.083325,0.102454,0.075449,0.306180,0.193979,-0.110543,-0.036326,0.142745,-0.092394,0.058616,0.007321,-0.009239,0.394278,-0.000503,0.019368,-0.066844,-0.022541,0.020605,0.186525,-0.083212,0.229282,-0.002927,0.106770,0.168431,0.323549,0.081861,0.175984,-0.116092,0.145663,0.179256,0.073594,-0.291818,-0.006680,0.253856,0.269771,-0.096513,0.156020,0.271648,0.211415,0.057196,-0.026483,0.028082,0.050398,-0.049696,-0.007174,0.279924,0.111787,0.166903,-0.014455,-0.028080,-0.060144,0.148188,0.122981,0.274245,-0.002996,0.113314,0.046475,0.069915,0.001139,0.252633,0.237028,0.181350,-0.043927,0.035041,0.130046,0.156085,0.034493,0.287993,0.062546,0.236256,-0.250924,-0.052227,0.152571,0.175225,0.111571,-0.013475,0.002419,0.010986,0.020173,-0.120926,-0.052070,0.007348,0.070682,#
15,0.370777,-0.071961,0.084461,0.080685,0.105744,-0.096404,0.024392,0.036688,0.295835,0.141783,0.150952,0.019828,0.264550,-0.129942,0.171468,1.000000,0.341272,0.211281,0.124707,0.175845,-0.105832,0.022721,0.121177,0.331709,-0.101571,0.275395,0.105575,0.134593,0.018139,0.148145,0.053519,0.228454,-0.043250,0.248918,0.089944,0.121266,-0.002594,0.048363,0.180546,-0.119454,0.016190,0.109993,0.109960,0.193100,0.101923,0.118928,-0.242378,0.022361,0.060543,0.388928,-0.075353,0.126684,0.190225,0.289436,0.105847,0.178201,0.044763,0.195957,0.161563,0.120684,-0.080452,0.180034,0.334181,-0.044176,0.018243,0.129166,0.021018,0.222302,-0.079819,-0.017774,0.199072,0.188675,0.120645,-0.106777,0.017711,0.066741,0.011984,0.011242,-0.092706,0.005658,0.192686,0.038152,-0.182710,0.435870,0.249423,0.041666,0.029124,0.340142,0.101308,0.197344,0.016236,0.157783,0.016139,-0.021563,0.210926,0.075372,0.371999,-0.110831,-0.032077,-0.096173,0.158086,0.134954,-0.143576,-0.018087,0.043435,0.267383,0.088646,0.099534,-0.105793,0.044334,0.037676,0.053235,-0.095883,0.068468,0.057388,0.033398,-0.159479,-0.173585,0.115606,-0.203540,0.288399,0.079309,0.108513,0.182028,0.129061,-0.129982,0.001066,0.183622,-0.086121,0.136981,0.120501,0.011374,0.023068,0.067321,0.049186,0.145755,-0.127354,0.169386,0.151037,-0.164021,-0.055975,0.244509,0.023321,0.010895,0.107937,-0.110435,0.024551,0.123577,0.324179,0.068221,-0.078128,-0.020059,0.094561,0.250273,0.034942,0.433325,0.111840,0.087773,0.085269,0.061879,0.148473,-0.105525,0.170030,0.174825,0.017853,0.157984,0.182454,0.038089,0.246788,-0.105979,-0.106832,-0.158104,0.061005,-0.031634,0.246270,-0.082562,0.326626,-0.000588,-0.141183,0.168708,0.395772,0.116155,0.057583,0.106163,-0.075807,0.144060,-0.023520,0.242263,-0.001317,0.083799,0.105852,-0.037431,0.097886,-0.125367,0.025751,-0.067279,0.096997,0.140872,-0.038382,-0.217231,#
16,0.037262,0.022731,-0.025966,0.205486,-0.229002,-0.130057,-0.067089,0.037911,-0.073732,0.038775,0.035996,0.018911,0.305081,0.203542,0.211643,0.341272,1.000000,0.031953,0.087863,0.334509,-0.026968,0.111969,0.208817,-0.001150,-0.206885,0.072056,-0.007459,-0.046989,-0.169567,0.316341,-0.070825,0.021980,-0.074791,0.293343,0.117398,0.121037,0.027305,0.090966,0.036238,-0.251522,0.041569,-0.052197,0.089551,0.172308,0.076040,0.190305,-0.015995,0.126182,-0.107075,-0.060174,0.101700,0.104689,0.234046,0.082238,-0.009108,-0.063954,0.155945,-0.061505,0.029110,-0.047241,-0.027391,0.237605,0.319760,0.317116,0.283570,0.046769,0.018965,0.164567,-0.028308,0.112040,-0.113305,0.353716,0.164746,-0.263560,-0.138783,0.183864,-0.113659,0.114750,0.004675,0.040877,0.186120,0.094146,-0.057546,0.148867,0.132143,0.054481,0.197159,0.014436,0.016597,-0.027933,0.024688,0.211810,0.026234,-0.069803,0.020657,-0.103761,0.251821,-0.206900,-0.164805,0.147399,-0.004186,-0.018415,-0.146240,-0.070163,0.165098,-0.155660,0.196452,0.237476,-0.170680,0.097091,-0.063026,-0.034453,0.086440,0.047184,0.139942,0.163161,-0.108698,0.082936,-0.108240,0.081846,0.303115,0.118719,-0.024704,0.193402,0.041765,-0.303361,-0.100153,-0.165456,-0.176545,0.251472,-0.115354,-0.102913,0.352251,-0.416125,0.147884,0.149983,-0.129040,0.126779,-0.041574,-0.115036,-0.141175,0.140742,0.187459,0.084190,0.219021,0.052432,-0.133524,0.105415,0.147256,0.197782,-0.270161,0.104631,-0.141557,0.107397,-0.010819,0.085519,-0.056619,0.052225,0.056330,0.002341,-0.035820,0.098412,0.182194,0.251667,0.146124,0.037294,0.165363,0.070740,0.039371,-0.082827,0.082022,0.048660,-0.223203,-0.057453,0.084031,0.160088,0.028085,-0.009927,-0.098725,0.031580,0.181721,0.089644,0.074713,-0.001837,-0.054442,0.052503,0.321216,0.053593,-0.164867,-0.030964,0.398871,-0.346096,-0.209294,0.019743,0.069701,0.285765,-0.034791,-0.038567,-0.132260,-0.215286,#
17,0.282188,0.072317,-0.109930,0.295181,0.125160,0.033516,-0.078518,0.358218,0.235612,-0.002328,0.236474,0.071872,0.084015,-0.124439,0.149858,0.211281,0.031953,1.000000,0.129866,0.202177,0.051926,-0.096204,-0.021427,0.170074,-0.041002,0.136328,0.038737,0.057894,0.020504,-0.038112,0.071808,0.034709,0.369060,-0.041099,0.008382,0.111201,-0.263844,0.070457,0.183196,0.011381,0.129889,0.114703,-0.059141,0.202525,0.060668,-0.085193,0.032907,0.018589,-0.086775,0.123758,0.083331,-0.015304,-0.099298,-0.033947,0.148615,0.170879,0.378461,0.160430,-0.009755,0.001721,-0.057181,0.257437,0.023784,0.025161,0.148057,0.168158,0.193300,0.123744,0.016375,0.165421,0.001216,0.209268,0.201358,-0.059420,-0.041573,0.127869,-0.085005,-0.215390,-0.092767,0.246543,0.105048,0.029872,0.178095,0.099380,0.142718,-0.170260,0.096766,0.117667,0.153884,0.095320,-0.067511,-0.125118,0.264370,-0.052460,-0.127838,0.148435,0.001643,0.079009,0.248274,0.162412,0.047214,-0.142203,-0.025830,-0.032184,0.035048,0.002587,0.133069,0.120744,0.041461,-0.118181,0.218635,0.232989,0.162694,0.069044,0.154427,0.017996,0.049061,-0.159838,0.085903,-0.156112,-0.029737,0.277482,0.157490,0.051278,0.383013,-0.000571,0.076777,0.080644,-0.166810,0.161085,0.115925,0.075162,0.175163,0.040504,0.179355,0.227191,0.064461,0.290197,-0.120772,0.099206,0.173795,0.093999,0.097031,0.051076,-0.041105,0.064643,-0.062625,-0.016641,-0.170244,-0.094039,-0.157465,-0.051726,0.042032,0.184932,0.258657,0.297316,0.059127,0.075701,0.024530,0.163853,0.091650,-0.021424,0.143617,0.057201,-0.112884,0.184024,0.029383,0.082664,0.132449,-0.219825,0.137093,-0.051708,0.150831,0.023991,0.230590,-0.035059,0.033447,0.026847,-0.262985,0.259750,0.075659,0.065584,0.073361,0.183942,-0.173772,0.137971,-0.023971,0.056747,0.214873,-0.081049,0.278628,0.040184,0.192758,-0.116224,0.224677,-0.015988,0.089669,-0.141024,-0.051263,-0.001926,#
18,0.255790,-0.056533,0.071762,0.174465,0.053053,-0.099534,0.085342,-0.012175,0.056970,-0.311782,0.096418,-0.056606,0.205207,-0.031777,0.106563,0.124707,0.087863,0.129866,1.000000,0.004241,0.162893,-0.000832,0.225800,0.309440,-0.096739,0.069769,-0.169189,0.075633,-0.097392,-0.089488,-0.137830,-0.202748,0.217667,0.216026,0.159553,0.222175,0.105421,0.262513,0.035591,0.411619,0.077658,0.131392,0.151121,0.068253,0.077434,-0.062476,-0.052811,0.026419,0.140663,0.222264,0.007071,0.147436,0.064413,0.037637,0.177838,0.206328,0.010281,0.022849,-0.040831,0.099657,-0.025625,0.063244,0.120713,-0.009256,0.175280,-0.036450,0.272685,0.142417,-0.124269,0.111518,-0.105315,0.022368,-0.215854,-0.282132,0.106602,0.198128,0.128516,0.162344,0.010764,-0.004153,-0.044014,-0.051534,0.104206,0.150987,-0.100718,0.129346,0.042954,-0.111915,0.105601,0.190106,0.237095,-0.099932,-0.025263,0.101257,0.084763,0.262699,0.176451,0.019220,0.220541,0.231039,-0.021588,0.048067,0.002880,-0.057809,0.179980,0.085341,0.165204,0.062355,0.133645,0.046739,0.085742,0.315019,0.062453,-0.258033,0.288638,0.073487,-0.072515,-0.400635,0.126793,0.298825,0.119569,-0.010645,0.096676,-0.094175,0.056866,-0.208575,0.179468,0.134591,0.129041,0.035332,0.029269,0.322588,-0.165064,0.169294,0.089804,-0.106573,0.097693,0.133746,-0.192639,0.172926,-0.087568,-0.026080,0.067083,-0.012612,0.134180,0.063887,-0.147183,0.051945,0.050711,-0.092153,0.165740,0.125719,-0.099882,0.096089,0.074819,0.144107,0.221388,0.033047,-0.098443,0.280926,0.020005,0.153785,0.201940,0.057593,0.012468,0.301239,0.098749,0.123078,-0.056873,0.285363,-0.082831,-0.057148,0.027318,0.182805,-0.070325,0.206099,0.229212,0.087508,0.024487,-0.197709,0.156219,0.063576,0.274477,-0.157012,0.066628,-0.086265,0.298113,-0.066413,-0.032757,-0.063926,-0.064903,0.152708,0.120078,0.075341,0.092428,0.022255,0.032452,0.006679,0.287171,-0.123317,#
19,0.020722,0.012820,-0.074933,0.197196,0.286575,0.176104,-0.143075,-0.024575,0.028440,0.194645,0.212055,-0.365941,0.236333,0.272157,0.480273,0.175845,0.334509,0.202177,0.004241,1.000000,0.109839,-0.163992,0.101491,-0.024022,-0.113846,0.293702,0.050627,-0.017334,0.025569,0.151167,0.149863,0.125310,0.184470,0.127930,0.258550,0.232176,-0.072979,0.001867,0.089411,0.099207,0.292574,-0.006900,-0.039274,-0.063075,0.029507,0.080261,0.290694,-0.020598,-0.210666,0.298310,0.119975,0.071142,0.051362,0.074876,0.269423,0.280551,0.203309,-0.217817,0.129753,0.103809,0.166742,0.432829,0.161159,0.205517,0.354175,-0.122501,0.268482,0.180306,-0.226367,0.044413,0.242000,0.230183,0.000719,0.046363,0.174786,0.380485,0.001703,0.136147,0.194429,0.102946,0.303832,0.349144,0.215623,0.056206,0.228668,0.191710,0.166513,0.256670,0.001326,0.016721,0.132145,0.109044,0.148951,-0.065898,-0.086534,0.218517,0.326973,0.012187,-0.194805,0.054660,-0.077015,0.084060,0.135339,0.107453,0.374044,0.092835,0.017297,0.257926,-0.045549,-0.122692,-0.056366,-0.001504,0.316381,0.201703,0.191483,-0.051287,0.303181,0.113186,0.153673,-0.239497,0.224304,0.177240,0.139408,0.258985,0.297399,-0.222628,0.142399,0.029010,-0.105857,0.275109,-0.048226,0.018688,0.119096,-0.165632,0.010601,0.136595,-0.010801,0.246005,0.122860,-0.006892,-0.003211,0.352688,0.251633,0.214728,0.065326,0.211626,-0.151855,0.145553,0.073091,0.058103,0.041506,0.194032,-0.053946,0.371801,0.258794,-0.118875,-0.037302,0.028540,0.095913,0.099375,0.295625,0.014175,0.215555,0.233332,0.150102,0.065349,0.049790,0.169301,0.185673,-0.151320,-0.006745,0.131514,0.239437,0.103022,0.137651,0.002030,0.206916,0.237579,0.139029,-0.002660,0.053592,0.119830,0.241294,0.217867,0.278325,0.122294,0.003509,-0.057780,-0.007231,0.036018,0.371795,0.219863,-0.026635,-0.154333,0.050687,0.158056,0.049818,0.206084,0.001686,0.230455,#
20,-0.006811,0.000701,0.083427,0.132393,0.215232,-0.055127,-0.034102,-0.103087,-0.171146,-0.023373,-0.132893,-0.146649,-0.049832,0.045333,0.000145,-0.105832,-0.026968,0.051926,0.162893,0.109839,1.000000,-0.023822,0.006693,-0.060509,0.106585,0.127071,-0.097917,-0.242320,-0.035657,-0.301865,-0.102704,-0.180122,0.022748,-0.120476,-0.116026,-0.029393,0.056232,0.020920,-0.042153,0.034304,0.150178,0.208753,-0.062539,-0.203543,0.177525,-0.089468,0.292298,-0.040497,-0.036993,-0.126743,-0.266707,-0.020452,0.027187,-0.013872,0.287370,0.130670,0.224085,0.105941,0.062897,-0.233489,0.132771,0.220727,0.126603,-0.048325,-0.110761,-0.129208,0.077469,0.179997,0.182763,0.122291,0.078554,0.183939,0.001325,-0.064787,-0.163503,-0.123480,0.064481,0.217545,0.098691,-0.152395,-0.067522,0.037105,-0.024693,-0.006478,0.050202,0.000280,0.144571,-0.138107,0.293494,-0.078993,-0.008845,-0.074002,0.141647,0.123219,0.018392,-0.044267,-0.029720,0.178747,0.149863,-0.127505,-0.015167,-0.103805,0.179373,-0.087660,0.084161,0.006395,-0.070645,0.216616,0.040784,0.002462,0.282852,0.325550,0.149111,-0.294973,0.227045,0.181959,0.119595,0.051591,0.066060,0.156981,-0.072204,0.123585,0.028822,-0.281528,0.001524,-0.119249,0.055816,0.034173,0.065580,-0.000763,-0.056913,0.134754,-0.069036,-0.017534,-0.118079,-0.259565,0.254052,-0.075548,-0.058317,-0.136615,0.141565,0.110288,0.114116,0.082368,0.058441,-0.135732,-0.146346,0.020443,0.071433,0.124617,0.151725,0.113400,-0.284400,0.103773,-0.169868,-0.028328,0.059877,0.033956,-0.343030,0.396715,0.125107,0.000013,0.073447,0.144574,0.178302,0.063799,-0.270953,0.154130,-0.111112,-0.058996,0.128142,-0.148060,-0.064323,-0.042780,-0.006786,0.086996,-0.085644,-0.093927,0.181277,0.046992,-0.026378,0.082748,-0.158753,-0.166181,0.016979,-0.365858,0.206154,0.088188,0.048228,0.252990,-0.033183,0.150052,-0.095551,-0.063471,0.007862,0.109757,0.162022,0.000254,0.017805,0.059396,#
