0,1.000000,-0.001512,0.112881,0.028921,0.114620,0.095301,0.205613,0.123722,0.084471,0.161177,0.219205,0.075486,0.072524,-0.174150,0.198769,-0.076528,0.245014,0.341153,0.161485,0.320450,0.163742,0.182228,0.149731,0.225937,0.064538,0.041297,0.083028,0.040402,0.281331,0.212769,-0.024838,-0.007822,-0.013509,-0.028347,-0.223987,0.367470,-0.011196,0.107454,0.189760,0.303470,-0.019591,0.206828,-0.052416,0.282524,-0.118868,0.097864,0.113739,-0.090066,0.147174,0.126275,0.107518,0.062494,0.051562,-0.041749,0.318487,0.078679,0.162452,0.231544,0.159382,0.111451,0.334332,0.147749,-0.078787,0.093531,0.173388,0.013035,0.261686,-0.067006,0.006394,0.155887,0.210993,0.227685,0.275811,0.062169,-0.035315,-0.071439,0.119805,0.218178,0.033817,-0.178977,0.188969,0.057594,-0.022282,0.069408,0.134711,0.142044,0.061325,0.023626,0.354564,-0.203384,0.003747,-0.058386,-0.125448,0.078842,0.238707,0.164491,0.266640,0.031107,0.214318,0.245589,0.105162,0.170054,-0.014706,0.088533,0.107160,0.105929,0.259341,-0.041299,-0.047916,-0.118257,0.033092,0.007763,0.196750,0.187229,-0.040965,0.004753,0.230647,0.111593,0.040722,0.172134,0.259852,-0.062865,0.096625,0.121143,0.096803,0.339643,0.177001,0.143587,-0.043100,-0.000232,0.218732,0.022706,0.377308,0.014292,0.114611,-0.045493,0.230872,-0.013676,0.193530,0.442788,0.041679,0.084901,-0.030006,0.252563,0.162772,0.217567,0.007771,-0.071271,0.186334,-0.074626,-0.003028,0.009006,0.171036,0.176451,-0.141214,-0.023724,-0.018799,0.054008,0.239147,0.243295,0.251641,0.371169,0.065044,-0.016520,0.051462,-0.162366,0.260909,0.007069,0.037425,0.125972,0.457957,-0.247158,0.418372,0.178614,-0.026776,0.117399,0.262442,0.153447,0.148432,0.206162,0.042009,0.320345,-0.220178,-0.339702,0.068332,0.188875,0.279287,0.399369,0.091386,0.007342,0.282162,0.073275,-0.066505,-0.008947,0.348107,-0.122548,0.012059,0.159665,0.364725,0.278906,#
1,-0.001512,1.000000,-0.006648,0.219241,0.312395,0.142339,0.184381,0.052996,0.069999,0.183341,0.409418,0.255096,0.185318,0.150478,-0.043532,-0.060692,0.070459,0.120545,0.094303,-0.021788,-0.084041,0.050354,0.028729,0.237180,0.294287,0.259541,0.114467,0.172548,0.148788,0.058391,0.278553,0.201179,0.248298,0.156409,0.078545,-0.234004,-0.120868,0.185017,0.206961,0.083945,0.073473,0.051995,0.339560,0.177148,0.129072,0.114329,0.096527,0.153266,0.042369,0.083784,0.229964,0.164169,0.160260,-0.135702,0.131344,0.267405,0.251709,0.211563,0.426359,0.171429,0.192272,0.313502,0.014185,0.187662,0.170271,0.096625,-0.050305,0.222112,0.292946,-0.106291,0.184954,0.043755,0.176230,0.229685,0.222530,-0.110477,0.193553,0.142034,0.211552,-0.038928,-0.137236,0.484018,0.082930,0.378001,-0.042028,0.154243,0.291066,0.037882,0.169636,0.305382,0.199630,0.385206,0.050722,0.179529,-0.021487,0.207120,0.116826,0.183132,0.134610,0.077562,0.108188,0.035598,-0.124502,0.058266,0.038173,0.002761,0.099042,0.210802,0.051510,0.129742,0.314580,0.082749,0.121187,0.027092,0.109369,0.174909,0.251582,0.120530,0.304378,0.258978,-0.012457,0.082715,0.305870,0.114152,0.117541,0.277425,-0.163821,-0.025010,0.151582,-0.046410,0.263418,0.195926,-0.028663,0.124364,0.361057,0.313718,0.005322,-0.014434,-0.105131,0.265043,0.152901,0.001804,0.018720,0.067307,0.245235,0.084563,0.154157,0.213170,0.391496,0.314688,0.066614,0.157847,0.085370,-0.049472,0.153789,0.160409,0.301271,0.238572,0.193141,-0.027425,-0.152215,0.251169,0.016784,0.199692,0.290553,0.236216,0.105740,0.149108,0.226747,0.284386,0.163483,-0.027829,0.126989,0.036243,0.244634,0.035507,-0.167634,0.261705,0.186169,0.063411,0.145429,0.092809,0.240077,0.044187,0.286066,-0.006950,0.101871,0.148305,0.121473,0.225374,0.291720,0.180503,0.095600,0.036013,0.134990,0.387866,-0.042394,0.176607,-0.066110,-0.080882,#
2,0.112881,-0.006648,1.000000,0.269142,0.045690,0.026752,0.195409,0.215844,-0.279480,0.167583,0.063269,0.226707,0.038344,0.165457,-0.038155,-0.098275,0.130761,0.050458,0.080328,0.197809,0.069761,0.284333,0.272586,0.174883,0.110919,0.302693,0.201163,-0.072093,-0.044035,0.212748,0.150785,-0.067916,-0.122120,0.058538,-0.108665,0.091263,-0.002205,0.030293,0.015793,0.095346,0.120987,0.251736,0.096145,-0.005744,-0.235542,0.306459,-0.084218,0.221371,-0.008820,0.145377,0.245671,0.305170,0.126748,0.015016,-0.038275,0.297439,-0.014121,0.109799,-0.068825,0.032186,-0.373144,0.228206,0.250916,-0.061139,0.144399,0.004461,-0.238953,-0.195458,0.036723,0.340591,0.158422,-0.221866,-0.023938,0.008626,0.237345,0.120214,0.084122,0.064529,0.070979,0.032395,0.242371,-0.028324,-0.133923,0.146701,0.152309,-0.026738,0.254038,0.097478,-0.094137,0.070154,0.006888,0.174278,0.016841,-0.122449,0.010307,-0.074335,0.004146,0.111016,0.095378,0.227344,0.312285,0.163514,-0.129670,-0.124092,0.039112,0.152825,0.199742,0.112174,0.018163,0.088251,0.088756,0.092452,0.171452,0.184286,0.083354,0.058789,-0.179562,0.203775,-0.037550,-0.002108,0.014519,0.223069,0.093257,-0.065893,0.007119,0.089435,0.162577,0.186282,0.005566,0.074754,0.096274,0.017630,0.004638,-0.117706,0.174706,0.145609,-0.104664,0.213168,-0.127982,0.045198,-0.241120,-0.032552,0.002176,0.112534,0.130557,0.196608,0.257446,0.118390,0.194812,-0.040518,-0.018677,0.394005,0.081015,0.035327,-0.082669,0.068128,-0.133714,-0.052742,0.113580,-0.054194,0.197977,0.109850,0.224151,0.270690,0.086918,0.070954,-0.064270,0.159711,-0.050342,-0.003765,0.093205,0.114369,-0.033672,-0.082842,0.069666,-0.033680,0.214540,0.065531,0.187777,0.246054,0.221215,-0.054831,-0.000750,0.029323,-0.190131,-0.026241,-0.028219,0.097478,0.117755,0.141084,0.058004,-0.042851,0.291298,-0.014536,0.119568,-0.157382,0.043820,0.114142,0.125983,0.105682,#
3,0.028921,0.219241,0.269142,1.000000,0.245453,0.017237,0.155459,0.245304,-0.113840,0.158808,0.072986,0.397630,-0.000127,0.192884,-0.107920,0.049577,0.304037,0.280848,-0.115291,-0.061298,0.013709,0.192855,0.126409,0.239412,0.074385,0.018843,0.027826,-0.094330,-0.035376,0.020965,0.244021,0.240386,0.046761,0.144113,-0.053517,0.198674,0.231383,0.322223,0.133315,-0.019166,0.230099,0.214547,0.118711,0.338080,0.029629,0.206522,0.209781,0.114213,0.067074,0.203752,0.292030,0.008215,0.071370,0.110159,0.067339,0.363292,0.194884,0.305622,0.105664,0.129326,-0.015609,0.054193,0.114283,0.138623,0.202109,-0.009309,0.005135,0.254712,-0.179340,0.224758,0.235489,-0.120588,0.034382,0.162169,0.384273,0.144827,0.306318,0.083458,0.215873,-0.032116,0.017549,0.070129,0.043778,0.184557,-0.005762,0.237254,0.431853,-0.057046,0.077298,0.273511,0.060686,0.168169,-0.054634,0.194909,-0.108436,0.176263,0.175063,0.328752,0.309797,0.113235,0.163534,0.004655,0.143686,0.123334,0.152929,0.185778,0.073562,-0.078989,0.054035,0.124383,0.111045,0.026338,0.193845,0.113529,-0.036021,0.070197,0.124855,-0.139753,0.026082,0.147151,0.030074,0.115842,0.070947,0.264448,-0.081024,-0.145372,0.263485,-0.112059,0.172438,-0.032223,0.062834,0.073260,0.037507,0.095708,0.045130,0.292785,-0.102837,-0.030716,0.248979,0.135789,0.074146,0.122733,-0.050403,0.261658,0.338593,0.079746,0.299958,0.135143,0.089616,0.113255,0.103566,0.156535,-0.004864,0.029395,-0.095178,0.151629,0.138635,0.103628,0.130545,0.145875,0.087549,0.191918,0.369756,0.247546,0.164575,0.446749,0.168487,0.333568,0.110529,0.214867,0.193342,0.121108,0.016064,0.122946,0.169469,0.115649,0.051598,0.097936,-0.090785,0.232116,0.204335,0.087358,0.153394,0.158605,-0.051826,0.001240,-0.022633,0.110010,-0.164768,0.019356,0.073594,0.315724,0.110011,-0.064870,0.047803,0.263320,-0.056632,0.229193,0.024576,0.163357,#
4,0.114620,0.312395,0.045690,0.245453,1.000000,0.021703,0.277351,0.047439,0.047974,-0.041761,0.202470,0.190124,0.155567,0.267626,-0.021699,0.032385,0.189464,0.159045,0.122793,0.177630,-0.036274,0.223421,0.202840,0.224848,-0.000327,0.375250,-0.179385,0.092864,0.175485,-0.162205,0.028140,0.068285,0.121557,0.285274,-0.000271,0.073042,-0.058405,0.333326,0.028303,0.082932,0.404927,0.108731,0.141133,0.112470,0.167309,-0.010090,0.157505,0.208890,0.182044,0.288785,0.127373,0.014881,0.037122,0.115025,0.229649,0.282549,0.089307,0.129201,0.277889,0.281380,0.311087,0.346681,-0.104512,0.000142,-0.021204,-0.019151,0.266617,-0.008935,0.252273,0.074962,0.117689,0.114092,0.205534,0.139936,0.135362,-0.203569,0.023042,0.198789,-0.008034,-0.249556,0.185981,0.140990,-0.051489,0.059186,0.076949,0.157525,0.217245,0.075003,0.372348,0.237144,0.035515,0.164471,-0.125828,0.248172,-0.057618,0.163243,0.082778,0.451573,0.307347,0.187942,0.289831,0.072656,0.016491,0.227367,0.099639,0.092984,-0.112458,0.074731,0.041064,0.167039,0.309084,-0.099718,0.230567,0.494932,0.144743,0.000154,0.155567,-0.191384,0.155469,-0.244748,-0.007764,0.250362,0.241452,0.144838,0.121659,0.235108,0.092357,0.085734,0.030830,0.017677,0.067097,0.040263,0.198690,-0.026932,0.067105,0.219546,0.112690,-0.464506,0.007562,0.155799,0.209587,-0.102182,-0.134928,0.335305,0.353854,0.298679,0.132191,-0.118356,0.211908,0.252072,0.195811,0.033073,0.175259,0.175744,0.061325,0.032656,0.104749,0.098677,0.214225,0.007992,0.107164,0.084906,0.238719,0.343531,0.106361,0.362080,0.048203,-0.000135,0.016188,0.218718,0.303324,0.063587,-0.103809,-0.203361,0.396029,0.066626,0.174325,0.050228,-0.025694,0.033757,-0.008787,0.008735,0.246030,-0.000321,-0.120982,0.116699,0.185224,0.351347,0.203624,0.055799,0.160437,0.017167,0.123594,0.054084,-0.106354,0.369758,0.233897,0.361868,0.054180,0.008320,#
5,0.095301,0.142339,0.026752,0.017237,0.021703,1.000000,0.038019,0.024259,-0.099234,0.309265,0.029534,-0.005855,-0.000350,-0.057287,0.059637,0.189451,0.276402,0.186278,0.185719,-0.167552,0.236503,0.259824,0.232468,0.319379,0.112903,0.180049,0.092795,0.053050,0.095131,0.021231,0.067267,0.187748,0.228874,0.071862,-0.161356,-0.127992,0.097111,-0.123633,-0.007804,0.263558,-0.038587,0.145758,-0.019605,0.329726,-0.034677,0.037761,-0.145175,0.013609,-0.041597,0.209001,0.199777,0.086946,0.009068,-0.272638,0.073873,-0.013686,-0.181079,0.294681,0.309105,0.029910,0.113276,0.091131,0.066964,-0.053709,0.107116,0.073786,0.105166,-0.042826,-0.015315,0.015290,0.245841,-0.044216,0.048368,0.291842,0.280318,0.065029,0.041585,0.172084,-0.042682,0.185005,-0.089152,0.176661,0.139615,-0.011641,-0.158111,0.077526,-0.054167,0.052569,0.275980,0.062719,-0.157559,0.168117,-0.161228,-0.003714,-0.075174,-0.105122,-0.024085,-0.054285,0.127600,-0.017650,0.101433,0.239651,0.137817,0.080264,-0.087630,0.013416,-0.043165,0.162273,0.056149,0.043646,0.266735,0.020163,0.298045,-0.038111,0.068112,-0.017745,0.317934,0.292138,-0.014407,0.066024,-0.119132,0.018354,-0.021193,0.131023,0.046137,0.042733,-0.076171,-0.139916,0.347876,0.242160,-0.072479,0.326719,0.211611,-0.007437,0.256285,0.000903,-0.110985,-0.217125,-0.030437,-0.061768,0.021399,0.062886,-0.097847,0.048339,0.056779,-0.153053,0.001605,0.054821,-0.088986,0.032094,0.015794,-0.069056,0.083036,0.181597,-0.101177,0.069043,0.168946,-0.033473,0.275195,-0.058319,0.014371,0.164754,0.114354,-0.118406,0.127177,-0.239142,-0.109107,0.098919,0.052559,0.217492,0.068952,0.112089,0.252754,-0.083381,-0.114027,0.080179,0.114713,0.136938,0.098986,0.082264,0.148237,0.204916,0.150346,-0.130223,0.197975,0.115171,0.033009,0.195754,0.157592,0.237580,0.224858,-0.130463,0.033318,0.010113,0.371016,0.123350,-0.032961,0.178623,-0.061432,0.052381,#
6,0.205613,0.184381,0.195409,0.155459,0.277351,0.038019,1.000000,0.077901,-0.052875,-0.018224,0.220548,0.032923,-0.177383,0.184009,-0.014225,-0.073857,0.120983,0.219714,0.113943,0.254606,-0.155149,0.007182,0.078305,0.090695,-0.164851,0.035872,-0.123985,-0.123647,0.161289,-0.141898,0.032966,-0.009638,-0.000301,-0.104484,-0.018116,0.000479,-0.101117,0.039743,0.160829,0.204169,0.090111,0.026506,0.047447,0.062010,0.035595,-0.009576,0.331545,0.392897,0.191508,0.360771,0.042274,0.155863,0.076278,0.050877,-0.049372,0.122551,0.212348,0.267348,0.166324,0.121760,0.035411,0.249243,-0.080565,-0.023480,0.031531,0.319207,0.031545,0.072437,0.103341,0.179214,0.129451,0.165803,0.190933,-0.117090,0.121722,0.008546,-0.005462,0.003508,0.255579,-0.065051,0.171607,0.161548,0.107779,0.024427,0.188857,0.164264,0.067939,0.128883,0.210021,0.177545,0.209383,0.034506,-0.065016,0.124240,-0.069934,0.224554,0.051665,0.200837,0.166852,0.214198,0.306942,0.188381,0.006071,0.065130,-0.263054,0.124911,0.059475,0.162084,-0.013723,-0.010627,0.275746,0.167146,0.026102,0.221398,-0.046388,-0.091847,0.164919,-0.002810,0.068507,0.069733,0.037147,0.198993,0.094043,-0.151119,0.088982,-0.014686,-0.070493,0.201449,0.203262,0.355108,0.044556,-0.028900,0.331476,-0.114740,0.277096,0.014246,-0.082656,0.154965,0.044485,0.040868,0.028378,-0.348291,0.005589,0.338858,0.056172,0.351160,0.010404,0.034311,0.159041,-0.056560,0.227229,-0.088630,0.187366,0.060992,0.133827,0.014819,-0.039945,0.121404,0.281970,0.060404,0.043168,0.269249,0.060583,0.085278,0.229753,0.088774,0.067026,0.122899,0.121391,0.190844,-0.071620,0.000980,0.062495,0.072513,0.089462,0.146093,0.123320,0.253412,0.035945,0.121748,-0.224279,0.196860,0.044351,0.196771,0.190168,0.057894,0.038334,0.296834,0.365456,0.346552,0.041165,-0.044775,0.111833,0.090122,0.055300,0.154897,-0.047826,0.177203,0.088991,0.199345,#
7,0.123722,0.052996,0.215844,0.245304,0.047439,0.024259,0.077901,1.000000,-0.100589,0.347098,0.164668,0.247778,0.027067,0.278591,0.013542,0.102233,-0.017150,0.071952,0.195734,0.172787,0.003984,0.137511,0.268069,0.041583,0.308465,0.190638,0.216858,0.323481,0.271851,-0.130477,0.238876,0.300019,0.251092,0.006005,0.117761,0.281847,-0.008257,0.055223,0.064532,0.169469,-0.022324,0.128686,0.439854,0.180327,-0.090307,0.061240,0.093854,0.227701,0.251075,0.380220,0.407384,0.208854,0.140491,0.181703,0.091467,0.223423,0.055306,0.075001,0.016176,0.375178,0.062291,-0.008427,0.204766,0.091724,0.238226,-0.059661,-0.015451,0.136462,-0.043179,0.373560,0.144831,-0.209549,0.224630,0.140190,0.211283,0.069580,0.256824,0.158773,0.306182,0.237019,0.077879,0.105226,0.077206,0.290600,0.263539,0.265161,0.296457,-0.110186,0.219674,0.088986,0.267571,0.096811,0.070828,-0.004903,-0.027103,0.309491,0.114543,0.106901,0.180458,-0.124934,0.300379,0.137839,0.055495,0.095105,0.050146,0.368477,0.141268,-0.046553,0.181935,0.044742,0.179643,0.015233,0.153439,0.163953,0.226985,-0.001430,0.080148,0.200518,0.221093,0.106994,0.111639,0.239366,0.065710,0.145125,0.028298,0.092950,0.101047,0.139587,0.165338,-0.077175,-0.056374,0.022825,0.062921,0.190203,0.251305,-0.006490,-0.046123,0.191032,0.238278,0.246607,0.238745,0.120391,-0.064948,0.235163,0.239966,0.073676,0.264114,0.232583,0.104696,0.187891,0.051527,0.496452,-0.115151,-0.114458,-0.176646,0.203732,0.217396,0.272606,0.165817,0.237748,0.157725,0.296619,0.025793,0.362308,0.118584,-0.127829,0.304376,0.110143,0.272822,0.307169,0.015493,0.023850,0.146173,0.062816,0.104010,0.035687,0.022699,-0.019640,0.108722,0.280775,-0.028060,0.141890,0.009006,-0.154164,0.041480,0.232884,0.168551,0.341941,-0.033149,0.170703,0.070499,0.082718,0.194647,0.231162,0.062842,0.300481,-0.005010,0.121257,0.204203,0.226355,#
8,0.084471,0.069999,-0.279480,-0.113840,0.047974,-0.099234,-0.052875,-0.100589,1.000000,-0.149778,0.059293,-0.030537,-0.094227,0.097265,0.061664,0.052019,-0.112867,-0.269681,-0.134462,0.007274,0.008367,0.001312,-0.204304,-0.068882,-0.135648,0.027203,-0.186311,0.033600,-0.289923,-0.091606,-0.033065,-0.071207,-0.033822,0.148107,0.055146,0.060080,0.083013,0.006753,-0.129217,0.294087,-0.151467,-0.072280,-0.258432,-0.054322,0.197933,-0.107689,0.018972,-0.126762,-0.205369,-0.032129,-0.325375,-0.013398,-0.193523,0.138102,0.197685,-0.063000,-0.162486,-0.015330,0.097118,0.092242,0.102684,-0.324449,0.055387,-0.058393,0.134242,-0.154729,0.075618,0.012578,0.074928,-0.031920,-0.252530,0.002766,0.143249,0.093771,-0.177112,-0.363169,-0.084328,-0.266133,-0.185571,-0.226705,-0.130051,-0.003764,-0.021983,-0.229845,-0.030475,-0.086387,-0.149857,-0.048006,0.146962,-0.026856,-0.139568,-0.048585,-0.071591,0.057670,-0.072210,0.194795,-0.017653,0.004804,-0.091482,-0.111734,0.006737,-0.377897,-0.140474,-0.191875,0.128453,-0.129650,0.102323,-0.267043,-0.141236,-0.124550,-0.198376,-0.029527,-0.309122,-0.123927,-0.103140,0.103521,0.107268,-0.246219,-0.192453,0.019015,0.048298,-0.224725,-0.241049,-0.106421,0.104964,0.203686,-0.029851,0.193400,0.024031,-0.266361,0.050364,-0.252836,-0.143394,-0.265649,0.050207,0.029685,-0.010894,-0.029693,0.107021,0.077112,0.027667,-0.120694,-0.013573,0.039217,-0.010346,0.095757,-0.091598,0.146674,0.059803,0.093486,-0.022886,-0.084111,-0.164571,0.126764,0.056688,0.042791,-0.154870,-0.079764,-0.066922,0.141630,-0.226646,0.118497,-0.185458,-0.072713,-0.026329,0.075825,-0.038674,0.042071,-0.123110,-0.042855,0.131294,-0.431348,-0.117033,0.093315,-0.192821,0.081818,-0.196565,0.110416,0.060317,0.046476,-0.017480,-0.225919,-0.341752,0.164351,0.138647,-0.153217,-0.263954,-0.241051,0.067776,-0.164978,-0.063780,-0.019844,-0.251055,-0.147496,-0.142099,-0.064008,-0.105187,-0.371556,-0.049924,-0.047917,#
9,0.161177,0.183341,0.167583,0.158808,-0.041761,0.309265,-0.018224,0.347098,-0.149778,1.000000,0.224402,0.320653,-0.013630,-0.133735,0.061937,0.123010,0.164162,0.018666,0.226945,0.092932,0.164560,0.180796,0.207275,0.033154,0.134836,0.191528,0.171705,0.195418,0.101737,0.025085,0.277617,0.307706,0.109697,-0.023219,-0.021509,0.157398,0.028091,0.095951,0.094859,0.253061,0.045162,0.314210,-0.022491,-0.030820,-0.153283,0.341548,-0.029237,0.113470,-0.014644,-0.047515,0.276330,0.212152,0.362036,0.218888,0.052444,0.109296,0.272801,0.188314,-0.066980,0.017999,-0.070565,0.178735,0.281836,0.190581,0.159822,0.083021,-0.120053,0.076400,-0.019793,-0.017181,0.114031,0.071802,0.171369,0.163701,0.124600,0.238964,0.371655,0.197878,0.324558,0.297567,-0.141453,0.209454,-0.098091,0.189599,0.021462,0.232017,0.423210,0.083779,0.073326,-0.129751,-0.112489,0.394711,-0.100936,0.076363,0.130032,0.002508,0.292768,0.038176,-0.067108,-0.050079,0.118660,0.109726,0.284535,-0.014487,-0.097689,0.063814,-0.025068,0.191483,-0.035481,0.085674,0.347983,0.180744,0.234279,0.131512,-0.060310,0.328502,0.441362,0.163279,0.433581,-0.068191,0.227855,0.281530,0.136536,0.201973,0.133588,0.149444,0.010359,0.164879,0.110049,-0.115526,0.016796,0.274508,0.037257,0.022046,0.138893,-0.189122,-0.059520,0.126348,-0.091782,0.195857,0.119323,0.437702,-0.131691,0.122039,0.170409,-0.281000,0.112567,0.101631,0.004627,0.161330,-0.014978,0.126967,0.138189,0.169539,-0.161785,0.251530,0.342466,0.064549,0.377017,-0.022297,0.129100,-0.039629,0.064518,0.179013,0.235425,-0.079759,0.079841,0.269738,0.377591,0.202642,0.055539,0.060793,0.302456,-0.031281,-0.095762,0.201328,0.264627,-0.018341,0.043912,0.328409,-0.098922,0.186199,0.265467,-0.147903,0.188841,0.136924,0.339299,0.251242,0.096204,0.379427,0.107604,-0.029780,0.109491,0.043526,0.389630,0.052271,-0.062618,0.102685,0.107867,0.166195,#
10,0.219205,0.409418,0.063269,0.072986,0.202470,0.029534,0.220548,0.164668,0.059293,0.224402,1.000000,0.010463,-0.041365,0.131543,0.148589,-0.151261,0.109057,0.142494,0.343898,0.217433,-0.032703,-0.023954,-0.001976,0.029832,0.069753,0.124834,0.192210,0.103596,-0.093290,0.044817,0.141001,0.072678,0.041446,-0.163131,-0.013407,0.213429,-0.170706,0.136678,0.024455,0.013531,-0.128464,-0.015099,0.226773,0.010366,-0.143447,-0.100920,0.068437,0.088222,0.294726,0.117401,0.071616,0.217280,0.017516,0.069915,0.128889,0.188442,0.005870,0.233604,0.226475,-0.009422,0.051152,0.258965,0.138867,0.191463,0.053127,-0.031474,0.004861,-0.034371,-0.104631,-0.013897,0.065329,0.038926,0.120560,0.086155,-0.012000,0.121775,0.273551,-0.136994,0.199536,-0.121815,-0.170363,0.326854,-0.076383,0.117504,-0.085417,0.010142,0.279091,-0.007614,0.109721,0.036956,-0.018809,0.006140,0.019674,-0.126186,0.009652,0.209303,0.152568,0.007471,0.120240,0.100457,0.209534,0.018851,-0.004301,0.203990,0.191788,-0.063695,0.170932,0.083082,-0.017205,0.090578,-0.011769,0.107898,-0.008424,0.070652,0.082151,0.212396,0.068308,-0.093357,0.111019,-0.165168,-0.146409,-0.114891,0.167769,-0.022872,0.157461,0.079499,-0.107644,0.104627,0.113918,0.143490,0.074440,-0.030251,0.238196,-0.132909,0.208148,0.181251,0.041258,0.166534,-0.116296,0.342659,0.114073,0.127623,-0.000966,0.137059,0.036515,0.082469,-0.239474,0.072054,0.112467,0.133045,-0.044633,0.085942,0.125564,0.057867,-0.000335,0.127529,0.249516,-0.030811,0.260768,0.151620,0.033201,0.268328,0.122298,0.142233,0.114928,0.055659,0.121808,0.129728,0.191949,0.037258,0.191271,-0.057606,0.021423,0.064193,0.093573,-0.120995,-0.029924,0.086481,0.274191,0.337200,0.149017,-0.022072,0.149183,-0.167157,0.197652,-0.172616,0.064421,0.229943,0.073787,0.043496,0.136227,0.100478,-0.021224,0.062192,0.195226,0.151893,-0.006796,0.252046,0.259213,0.321672,#
11,0.075486,0.255096,0.226707,0.397630,0.190124,-0.005855,0.032923,0.247778,-0.030537,0.320653,0.010463,1.000000,0.111520,0.066527,-0.150028,-0.012968,0.222962,0.044523,-0.094228,-0.050353,0.041934,0.243832,0.187056,0.205849,0.244790,0.181367,-0.124865,0.209486,-0.203549,0.104053,0.194100,0.393853,0.115587,0.344041,-0.146401,0.011445,0.016851,0.171981,-0.025195,-0.044612,0.357902,0.244799,0.201718,0.233545,-0.174112,0.331403,0.160748,0.215409,0.114363,-0.150350,0.325717,0.153930,0.196364,0.247095,-0.062475,0.411545,0.323369,0.022428,0.131396,0.124344,-0.004794,0.219100,0.126399,0.200997,0.368400,0.191288,0.039531,0.147472,0.043379,0.262339,0.111956,0.075591,0.037918,0.207244,0.472616,-0.011465,0.219792,0.274432,0.411251,0.081447,0.090517,-0.166973,0.039111,0.199755,0.160765,0.178999,0.444365,0.219289,0.049973,0.078945,0.240613,0.240374,0.053419,0.134632,0.006283,0.107099,-0.077698,0.040413,0.226372,0.283118,0.284095,-0.006056,0.151336,-0.185971,0.148836,0.227334,0.038468,-0.049369,0.238566,0.076272,0.230540,0.031275,0.331429,0.129064,-0.210844,0.419623,0.209853,-0.008494,0.130791,0.240363,0.070759,0.350865,0.256605,0.117364,0.050025,0.081492,0.292132,0.232169,0.218377,0.032971,0.180139,0.276460,-0.141723,0.105132,-0.110325,0.146112,-0.085739,0.093009,-0.146442,0.182182,0.022162,0.037805,-0.181580,0.288631,0.164578,0.014845,0.378800,0.045848,0.265776,0.155438,-0.048937,0.192494,0.144399,0.001195,0.082794,-0.020753,0.217315,0.019377,0.149804,0.199064,0.055622,0.185143,0.010019,0.412264,0.243694,0.229287,0.139502,0.264593,0.394134,0.216777,0.324900,-0.048951,0.300080,0.035617,0.090245,0.277051,0.360028,0.032567,0.009283,0.155296,0.082905,0.047306,0.086477,-0.001140,0.008128,0.245406,0.193785,0.016569,0.103811,0.067771,0.009430,-0.218856,0.208790,-0.452879,0.182776,0.152438,-0.034599,0.086153,0.038783,0.310548,#
12,0.072524,0.185318,0.038344,-0.000127,0.155567,-0.000350,-0.177383,0.027067,-0.094227,-0.013630,-0.041365,0.111520,1.000000,-0.116534,0.024862,-0.017606,0.014931,-0.060906,0.170890,0.204972,0.140616,-0.143558,0.063269,-0.056401,0.032893,-0.086605,-0.014176,0.014254,0.141936,0.213237,-0.083540,0.025956,0.219312,0.031495,0.013238,-0.068613,0.132085,-0.160945,-0.047165,0.212007,0.362469,0.118149,0.210885,-0.025298,0.026861,0.252252,-0.046810,-0.095534,0.094807,-0.048968,0.172237,-0.048258,-0.000363,0.000000,-0.116122,-0.013862,-0.062836,0.024151,0.183787,0.039575,0.211018,-0.000439,-0.023623,-0.027455,0.197205,-0.221324,0.014553,-0.118873,0.038709,-0.215428,-0.106430,0.096868,-0.028305,-0.088969,0.030715,0.000299,0.128840,0.013294,-0.164137,-0.116783,-0.082528,-0.220984,0.102099,0.087411,0.142464,0.307006,-0.024943,-0.038176,0.051333,0.117409,-0.131207,0.175240,-0.099187,0.155831,-0.083265,-0.227722,0.153927,0.149557,-0.069963,-0.127329,0.031682,0.013692,0.070282,0.089497,0.281248,0.091379,0.094868,-0.025500,0.046896,0.211913,0.024484,-0.233507,0.000132,0.081190,-0.013272,0.130728,0.000000,0.226190,0.041946,0.200912,0.012897,0.211617,0.181689,0.076385,-0.221472,0.092070,0.085346,0.087395,0.051982,-0.092070,-0.015562,0.118058,-0.176000,-0.092418,-0.128684,0.015423,-0.166731,0.014227,-0.091579,0.227832,0.118710,-0.053010,-0.242852,0.151533,-0.075034,-0.039509,0.273038,-0.120369,0.208742,-0.012146,0.015475,0.333444,-0.175081,-0.181448,0.029495,0.011314,0.025117,-0.205321,-0.025183,-0.069035,-0.106973,0.130160,-0.054478,0.077362,-0.120477,-0.000137,0.015930,-0.324783,0.055717,0.099094,-0.065662,0.121326,0.080506,-0.143801,0.000581,-0.137121,-0.015284,0.016393,-0.259278,0.100161,0.028700,0.029799,0.098097,0.080418,0.102720,0.098526,-0.089421,0.076380,-0.110130,-0.205504,0.375711,0.258631,0.104944,0.026088,0.027568,0.066589,-0.155838,-0.055709,0.052868,-0.014208,#
13,-0.174150,0.150478,0.165457,0.192884,0.267626,-0.057287,0.184009,0.278591,0.097265,-0.133735,0.131543,0.066527,-0.116534,1.000000,0.105285,0.037877,-0.117623,-0.110563,-0.039038,0.055639,-0.100539,0.168908,0.019060,-0.017357,0.229395,0.106107,0.046996,0.121849,0.024367,-0.090811,0.011869,-0.013215,0.135381,-0.020687,-0.173594,-0.085375,-0.144396,0.156836,-0.226025,-0.073927,-0.038888,0.094268,0.255911,0.162100,-0.007871,-0.069808,0.062453,0.165967,0.102322,0.118066,-0.042691,0.122755,0.127944,0.022332,0.101374,0.391871,0.088582,0.056056,0.131357,0.136164,0.169246,-0.077915,0.286966,-0.167484,-0.066662,-0.160689,0.247984,-0.249190,0.249455,0.230020,-0.244556,-0.210371,0.017179,0.122221,0.203779,-0.059445,0.086983,0.140359,0.084131,0.046006,0.165943,0.162971,-0.079762,0.295966,0.177790,-0.064630,0.226831,0.051814,0.127180,0.424210,0.128199,0.174513,0.254033,0.100568,-0.168142,0.329295,-0.086442,0.117295,0.229879,0.027179,0.269443,-0.064363,0.048811,0.137546,0.043323,0.245678,0.156398,0.110891,0.200539,0.015729,0.143160,0.015549,0.033978,0.093343,0.075131,-0.011888,0.013014,0.121491,0.099577,-0.032771,0.193380,0.206062,-0.147099,0.247012,-0.077069,0.120445,0.010177,0.098758,0.301568,0.090320,0.006188,-0.084653,-0.127749,-0.040466,0.180659,0.294880,0.036118,-0.014252,0.264768,0.061088,0.054977,-0.039099,0.181133,0.066773,0.207364,0.417843,0.228640,0.217885,-0.111603,0.287501,-0.020410,0.094176,-0.067718,0.187413,0.090893,0.133878,0.046643,0.173901,0.052242,0.102025,0.129998,0.100792,0.036514,0.230108,0.251440,0.259447,-0.101941,0.017874,0.105817,0.294816,0.106654,0.123405,0.000423,-0.043394,0.094795,0.015753,-0.158189,-0.024922,0.229073,-0.192697,0.028178,-0.012892,0.049069,0.144784,-0.186946,0.068507,0.036292,0.044389,0.050417,0.092608,-0.116565,0.142671,0.061478,-0.134278,0.008460,0.231437,0.164518,0.227209,0.163550,0.104787,#
14,0.198769,-0.043532,-0.038155,-0.107920,-0.021699,0.059637,-0.014225,0.013542,0.061664,0.061937,0.148589,-0.150028,0.024862,0.105285,1.000000,0.146695,-0.086208,0.030027,0.132609,0.245666,-0.062209,0.007146,0.194298,0.048242,0.255382,0.021188,0.014910,-0.039478,0.076550,0.061058,-0.001264,-0.044968,-0.012446,-0.188036,-0.106450,0.038932,0.025308,0.123989,0.051678,0.131377,0.050870,0.159232,0.085420,-0.046580,-0.002946,0.078822,0.042950,0.100560,0.040895,-0.038228,0.214953,-0.075744,-0.174660,-0.034693,0.261310,0.026898,0.099508,0.100185,0.160475,-0.066795,0.021576,0.037224,-0.099860,0.117691,0.167892,-0.309769,0.029943,-0.095812,0.087943,-0.026845,-0.159245,0.185426,-0.243558,0.107428,-0.407594,-0.239369,-0.113147,0.016198,-0.212039,0.004874,0.063715,-0.097129,0.063405,0.268093,0.267010,0.096699,-0.163053,-0.205973,0.131207,0.170865,-0.042327,-0.091899,0.187363,0.076076,0.010804,-0.162840,-0.040633,-0.022791,0.239649,-0.018052,-0.057285,0.066565,-0.098145,-0.092744,0.204852,0.156911,0.145905,0.356893,-0.024101,-0.108649,-0.139680,-0.092161,0.146883,-0.264006,0.099713,0.123684,-0.109831,0.115966,0.169488,0.067213,0.321775,0.047301,-0.050298,-0.088350,-0.164676,-0.085202,0.050005,-0.048981,-0.299003,0.000201,-0.106687,-0.074750,0.142331,-0.250941,-0.121189,-0.202425,0.027448,-0.040331,-0.042249,-0.060783,0.198796,0.098848,0.124989,-0.106843,-0.127157,-0.069492,-0.012899,-0.066861,-0.029774,-0.190492,-0.148451,-0.227278,-0.083138,0.167564,-0.215640,-0.089298,-0.015298,-0.049784,-0.030694,-0.431522,0.055729,-0.006871,-0.033221,-0.170820,0.040399,-0.206675,0.004476,0.142593,-0.183834,0.001120,0.151567,0.163839,0.135850,0.070049,-0.154593,-0.137773,0.229014,0.148971,0.262772,0.197397,0.041456,0.090998,-0.173426,0.100214,0.064599,0.003308,-0.046407,0.116560,-0.230916,-0.085321,0.015375,0.117037,-0.054767,0.257579,0.156355,-0.247437,-0.165057,0.132139,0.049400,0.256526,#
15,-0.076528,-0.060692,-0.098275,0.049577,0.032385,0.189451,-0.073857,0.102233,0.052019,0.123010,-0.151261,-0.012968,-0.017606,0.037877,0.146695,1.000000,0.099785,0.084084,0.082291,0.025197,-0.208586,-0.165771,0.064264,-0.020873,0.014166,0.225287,0.070105,-0.013565,-0.043399,-0.273467,-0.013222,0.222700,0.060053,0.177512,0.049054,0.062272,0.217010,0.081349,0.054145,0.054890,0.260980,0.065542,0.009585,0.067730,0.149527,-0.050167,0.002479,0.033790,-0.019146,-0.099960,0.175516,0.236628,0.178853,-0.092470,0.057349,0.089222,-0.226091,0.175859,0.083991,0.134491,0.043314,0.014066,0.040737,-0.111784,-0.095234,-0.013470,0.245746,0.201019,-0.072555,0.055631,-0.099233,0.295608,-0.032338,0.019971,0.207563,0.146142,0.002848,0.367765,0.152495,-0.057774,0.088345,0.153688,-0.134738,0.000157,-0.020302,-0.046901,0.097601,-0.177042,0.248912,-0.128967,-0.118738,-0.142943,0.005560,0.104763,0.032840,0.169315,-0.140845,-0.048792,0.325645,-0.211156,0.162979,-0.069147,0.338000,0.116080,-0.027279,-0.014554,0.003803,0.097031,0.096527,0.131401,0.006898,0.037900,-0.040700,-0.185051,0.362986,0.210168,0.198588,0.168655,0.161973,0.065492,0.135237,0.271410,0.039016,0.231126,-0.037028,0.021675,0.111231,-0.190590,0.125496,-0.167236,-0.177676,0.199745,0.098627,0.241493,0.020103,0.144763,-0.095953,-0.218901,0.134773,-0.183499,-0.084672,-0.015738,0.321414,0.084872,-0.057178,0.062524,0.231676,-0.067143,-0.074673,0.112222,0.162465,-0.162542,-0.010338,0.416288,-0.321942,0.291932,-0.038028,0.206216,0.070485,-0.180108,-0.116853,0.059179,-0.013470,0.111419,0.004418,0.001647,0.153092,-0.053684,0.219020,0.213271,-0.015615,-0.080246,-0.030797,-0.067008,-0.028019,-0.178760,-0.088415,0.110236,-0.163705,0.059009,-0.061782,0.205327,-0.193452,-0.031083,0.000414,0.166124,-0.197872,0.035816,-0.098453,-0.103236,-0.186171,0.106023,-0.098353,0.324787,0.001710,0.006281,-0.151488,0.019322,-0.120312,0.199056,#
16,0.245014,0.070459,0.130761,0.304037,0.189464,0.276402,0.120983,-0.017150,-0.112867,0.164162,0.109057,0.222962,0.014931,-0.117623,-0.086208,0.099785,1.000000,0.230318,0.030140,-0.226823,0.355728,0.023119,0.516049,0.284798,0.215386,0.323051,0.048415,-0.119816,-0.052639,-0.207137,0.166299,0.263372,-0.140295,0.197006,-0.245610,0.112292,0.179249,0.138332,-0.104756,0.237617,0.180682,0.331091,0.046829,-0.011628,0.086422,0.132838,0.101155,0.112042,0.241984,-0.013256,0.003460,0.196743,0.215926,-0.232337,0.178835,0.090652,-0.146839,0.172152,0.246234,0.031955,-0.011409,0.257534,0.052444,0.061254,0.209943,-0.013927,0.362026,0.068956,-0.212152,0.246591,0.235377,0.165619,0.222273,0.032741,0.341253,0.405770,0.025822,0.137658,0.194071,0.045309,-0.005893,0.147339,-0.022230,0.000402,-0.094387,0.210241,0.345103,0.146307,0.224858,-0.052532,0.139768,0.002292,-0.150711,0.089724,0.056241,0.072100,0.027736,-0.120520,0.361246,0.214365,0.140392,0.142723,-0.018222,0.281469,0.277194,0.008432,0.150263,-0.213459,-0.090823,0.179784,0.168240,0.184290,0.179795,0.149458,0.071728,0.238076,0.204407,0.072064,-0.030294,-0.056529,-0.076713,-0.061847,0.456176,0.152537,-0.063272,0.017048,0.087827,0.003387,0.144203,0.068249,0.039394,0.502678,0.230532,-0.094541,0.128934,0.178705,-0.056897,-0.064097,0.043503,0.231269,-0.111226,-0.047299,-0.234052,0.351730,0.142501,0.018055,0.024784,-0.097296,0.069155,-0.032043,0.175169,-0.058254,0.287008,0.056985,-0.133973,0.281037,0.047512,-0.061976,0.094273,0.245527,-0.064478,0.222402,0.082250,0.149285,0.042902,0.079147,0.325409,0.244246,0.142510,-0.124801,0.055717,-0.136410,0.065814,-0.178224,0.081203,0.235340,0.159892,-0.140690,0.041601,0.063627,-0.029192,0.053552,0.111460,-0.290511,-0.014109,0.043985,0.205564,0.145470,0.021021,0.014982,0.056896,-0.060359,-0.149285,-0.032070,0.287419,0.050198,0.009370,0.200779,-0.066954,0.015614,#
17,0.341153,0.120545,0.050458,0.280848,0.159045,0.186278,0.219714,0.071952,-0.269681,0.018666,0.142494,0.044523,-0.060906,-0.110563,0.030027,0.084084,0.230318,1.000000,0.013608,0.224262,0.182662,0.201042,0.267512,0.383159,0.165596,0.109810,-0.000042,0.032056,0.179250,0.093145,0.051136,0.399162,0.362552,0.049607,-0.142432,0.068939,0.088810,0.490419,0.176411,-0.140453,0.103624,0.107725,0.130571,0.297203,-0.090204,0.023218,0.157577,0.055758,0.556527,0.182031,0.149553,0.007303,-0.007182,-0.014032,0.109879,0.258568,0.121509,0.392045,0.142869,0.322189,0.112949,0.087392,-0.054592,0.166088,0.062102,0.237487,0.208961,0.237732,0.087018,0.348406,0.382793,0.100395,0.250864,0.233553,0.187492,0.224300,0.417085,0.365755,0.086468,0.119358,-0.030569,0.202410,0.332869,0.081546,0.149459,0.064574,0.118426,0.075746,0.391836,-0.043693,0.073068,-0.007673,-0.020847,0.031657,0.034163,0.105188,0.192434,0.299888,0.238199,0.214916,0.265189,0.069115,-0.119301,0.152950,0.062476,0.141354,0.126548,0.350961,-0.152413,-0.176709,0.106464,-0.146914,0.191179,0.150606,0.000050,0.108818,0.305931,0.100492,0.141906,0.218341,0.043021,0.013530,-0.011125,0.213339,0.402667,0.071336,0.337001,-0.010792,-0.047780,-0.028246,-0.176136,0.264433,0.452001,0.296938,-0.011959,0.150041,0.332614,-0.148975,0.207277,0.249712,0.127099,0.096908,0.002874,0.072989,0.258911,0.076910,-0.094506,0.055010,0.187360,-0.004140,0.103074,-0.087098,0.115674,0.156387,-0.057334,0.132850,0.051806,0.210352,0.405117,0.141971,0.215123,0.235231,0.119503,-0.055036,0.189607,0.122572,-0.011815,0.144688,-0.036817,0.203900,0.437778,0.035229,-0.045056,0.317138,0.210119,0.000074,0.217116,0.073328,0.088513,0.226234,0.002500,0.509960,-0.009055,-0.363711,0.000262,0.194530,0.255510,0.264015,0.294377,0.063168,0.011687,0.162877,0.025922,0.118981,0.396082,0.277314,0.231256,0.129665,0.139470,0.154464,#
18,0.161485,0.094303,0.080328,-0.115291,0.122793,0.185719,0.113943,0.195734,-0.134462,0.226945,0.343898,-0.094228,0.170890,-0.039038,0.132609,0.082291,0.030140,0.013608,1.000000,0.294424,-0.000354,0.039179,-0.132193,0.236504,0.123295,0.192113,0.171059,0.172342,0.166377,-0.053239,0.147711,0.207291,0.205299,-0.160306,-0.012231,0.190431,-0.136869,-0.070778,-0.037091,0.055850,0.101886,0.047218,0.084856,-0.014239,-0.090674,0.056284,-0.128117,0.003090,0.053161,0.093295,0.158013,-0.099643,0.121481,0.229765,0.128618,-0.066854,-0.029994,0.208027,0.148504,-0.020874,-0.003332,0.188068,0.090999,0.209220,-0.146509,0.221335,0.167190,0.011310,0.050675,-0.141814,-0.016246,0.111558,0.030319,0.241656,-0.124282,-0.124308,0.112583,0.065577,0.190651,0.175708,0.242575,-0.039804,0.094187,0.092890,-0.028345,-0.102917,0.226041,-0.159885,0.062161,-0.045603,0.027416,0.139979,0.135565,-0.097716,0.190055,-0.013828,0.213591,0.053444,0.120689,0.113782,0.113234,0.310251,0.269171,0.158067,0.092181,0.198874,0.049341,0.097667,0.027791,0.261087,0.128549,0.277344,-0.074845,0.075289,0.109243,-0.189519,0.073471,0.166346,0.369598,0.012498,-0.070762,0.134091,-0.019796,-0.006348,-0.051037,0.142546,-0.135724,0.120642,0.173955,0.085573,0.036071,0.145803,0.130540,-0.032529,0.320282,-0.039447,0.072313,0.229844,0.067025,0.283413,0.273329,-0.022756,-0.200380,0.063607,0.214049,0.097972,-0.051911,-0.098053,0.036039,0.005162,-0.040100,0.063719,0.362561,-0.044950,-0.124322,0.248386,0.198831,0.199226,0.069273,-0.109359,0.015683,-0.003407,0.078861,0.162858,0.032738,-0.131230,0.198090,0.030970,0.171122,0.159034,-0.110311,0.023743,0.094440,-0.049545,0.182376,-0.119594,0.027971,0.283295,0.351376,0.447325,-0.030042,0.247983,0.064822,-0.194193,0.283728,0.187655,0.113347,0.375075,0.182259,0.064343,0.277948,0.169708,0.143226,0.213780,0.109859,0.135538,0.125575,0.160332,0.182384,0.248329,#
19,0.320450,-0.021788,0.197809,-0.061298,0.177630,-0.167552,0.254606,0.172787,0.007274,0.092932,0.217433,-0.050353,0.204972,0.055639,0.245666,0.025197,-0.226823,0.224262,0.294424,1.000000,-0.137002,0.106540,0.115076,0.107076,0.062877,0.062970,0.073142,0.027502,0.128427,0.252587,-0.083476,-0.036398,0.139267,-0.212610,0.302950,0.114181,-0.118435,0.134417,0.326256,0.018993,0.045957,0.026506,0.019139,-0.066384,-0.065548,0.027293,0.110883,0.206993,0.223869,0.179184,-0.036165,0.104393,-0.022122,0.322615,0.043007,0.054438,0.018360,0.135409,-0.030510,0.094575,0.009464,-0.039597,-0.016165,-0.087679,-0.122977,0.112597,-0.012376,-0.009697,0.169898,0.085771,0.140145,0.167069,0.039203,-0.068056,-0.051609,-0.048690,0.126291,0.077866,0.021098,-0.191115,0.148893,0.065413,0.125734,0.057368,0.149664,0.107760,0.096772,-0.097839,0.208808,-0.003914,-0.033744,0.134962,0.052577,0.004367,0.164802,0.000809,0.181549,0.328787,0.068061,0.096520,0.108546,0.101826,-0.023305,0.084526,0.053927,0.160704,0.165269,0.385505,-0.021609,-0.116211,0.031902,-0.027444,0.229562,0.148462,0.159839,0.101747,0.060440,0.102373,0.272744,-0.063994,0.221779,0.258664,-0.204671,0.013840,0.204163,0.210894,0.128584,0.063778,-0.142796,-0.112768,-0.025131,-0.012452,0.151601,-0.101726,-0.202227,0.022943,0.216663,-0.027112,-0.030155,0.226237,0.218303,0.119167,-0.028611,0.107225,0.239028,0.168081,0.036291,0.284495,0.171168,0.032372,0.094258,0.086365,0.109070,0.231296,-0.180361,0.058123,0.111548,0.046195,0.099696,-0.184087,0.136504,0.012902,0.237220,-0.046412,0.115311,-0.004203,-0.054746,-0.095723,-0.080356,0.025145,0.285563,-0.034404,0.087326,-0.115761,0.058913,-0.154457,0.205158,0.170546,0.038001,0.301767,-0.022747,0.282194,-0.136633,0.017317,0.011466,0.157677,0.028567,0.124282,0.226605,-0.006755,-0.017991,0.181611,0.091635,0.260055,-0.029639,-0.035575,0.108799,0.127411,0.302464,0.260378,#
20,0.163742,-0.084041,0.069761,0.013709,-0.036274,0.236503,-0.155149,0.003984,0.008367,0.164560,-0.032703,0.041934,0.140616,-0.100539,-0.062209,-0.208586,0.355728,0.182662,-0.000354,-0.137002,1.000000,0.069412,0.094526,0.333760,0.133384,0.194142,-0.006331,0.188962,-0.072070,0.033236,0.116909,0.152705,0.133799,0.058004,-0.002896,0.083024,0.055760,0.167659,-0.225208,0.149861,0.062508,0.361225,0.066828,-0.174970,0.038714,0.303613,0.030883,-0.023946,0.314299,0.038092,-0.112974,0.183071,0.155153,0.053567,0.047206,-0.162122,0.061868,0.144401,0.164908,0.115771,-0.069309,-0.140246,0.159777,0.149545,0.316851,-0.211281,0.264852,-0.099769,0.070062,0.091795,0.056962,0.027119,0.517465,0.277456,0.100505,0.280745,0.218048,0.072909,-0.259326,0.276871,-0.229532,-0.180570,0.329841,0.044830,-0.034844,0.182975,0.208345,0.107405,0.238226,0.174084,0.043564,0.315474,-0.045156,0.047603,0.077569,-0.134452,0.133160,0.002840,-0.074246,0.011411,0.011702,-0.044068,-0.038907,0.082577,0.014270,-0.042619,0.098819,-0.038559,-0.155849,0.150109,0.336137,-0.030185,0.088844,0.288288,-0.156793,0.076598,0.312249,0.062271,-0.055896,-0.048630,-0.092994,-0.090354,-0.022903,0.214705,0.129737,0.145562,0.279756,0.399431,0.126811,-0.017828,-0.015637,0.229731,0.134941,-0.204903,0.022711,0.064475,-0.018205,0.241545,0.217631,0.228915,0.004774,0.042149,-0.370068,0.047867,0.200073,-0.123642,-0.072677,-0.115040,0.004286,0.059161,-0.067431,0.183563,0.050844,-0.239144,0.140912,0.238201,-0.010596,-0.232797,0.074822,0.279034,0.140242,0.147297,-0.058985,-0.170226,0.271804,0.049840,-0.103508,0.043293,0.028814,-0.054662,0.140785,-0.027433,-0.065203,0.143944,-0.049662,0.305267,-0.003020,-0.095810,0.247453,0.234704,0.023839,0.049111,0.008028,-0.194558,-0.009170,-0.059206,0.155060,-0.016752,0.111161,0.029337,0.196184,0.145639,-0.089122,-0.080323,0.243254,0.112664,0.132136,0.152330,0.033418,-0.026468,#
