0,1.000000,0.698458,0.764540,0.671131,0.539058,0.759142,0.691756,0.741697,0.722763,0.688316,0.675129,0.757404,0.629597,0.651950,0.662240,0.740638,0.718137,0.765113,0.718845,0.614917,0.715642,0.610190,0.752896,0.752085,0.648437,0.688624,0.683242,0.733675,0.582373,0.685532,0.738704,0.644153,0.730251,0.691946,0.718794,0.670598,0.652781,0.768244,0.711435,0.807282,0.742988,0.664152,0.770534,0.823838,0.675607,0.564766,0.758402,0.837034,0.678927,0.780425,0.721680,0.691906,0.722667,0.747721,0.735169,0.758673,0.714401,0.770233,0.710666,0.791076,0.769575,0.636094,0.753268,0.719586,0.689633,0.715619,0.778380,0.776056,0.753274,0.590024,0.744416,0.699908,0.811815,0.713903,0.680270,0.707173,0.736119,0.740865,0.719237,0.656693,0.813366,0.725587,0.699463,0.767611,0.742594,0.725548,0.743079,0.683688,0.588805,0.767955,0.710425,0.768215,0.651364,0.737958,0.676293,0.712350,0.630009,0.666064,0.756190,0.770444,0.731350,0.740346,0.749103,0.733311,0.684275,0.681942,0.639674,0.764364,0.671756,0.687548,0.745680,0.724909,0.752407,0.628436,0.674753,0.810847,0.639921,0.661086,0.672348,0.641267,0.542003,0.819381,0.718149,0.833428,0.759841,0.735635,0.635476,0.671708,0.639289,0.622359,0.764418,0.703026,0.724549,0.679051,0.684001,0.638824,0.654908,0.789151,0.727243,0.746174,0.670555,0.629860,0.624500,0.765419,0.732348,0.610095,0.691436,0.662118,0.749396,0.774399,0.747006,0.718623,0.697307,0.690121,0.648804,0.670636,0.689684,0.730403,0.753429,0.709087,0.734054,0.736217,0.670148,0.707377,0.691892,0.733884,0.747066,0.684951,0.673739,0.745880,0.749200,0.708002,0.667594,0.754701,0.760098,0.594833,0.682526,0.741544,0.714553,0.730752,0.621855,0.763287,0.571916,0.654360,0.712456,0.651505,0.677291,0.679470,0.732546,0.740649,0.751171,0.765142,0.744551,0.671290,0.701400,0.749075,0.728015,0.760189,0.783301,0.724294,#
1,0.698458,1.000000,0.690021,0.691168,0.593341,0.750628,0.565180,0.590836,0.632915,0.603371,0.644145,0.644532,0.511513,0.589568,0.709922,0.677704,0.613109,0.643541,0.674695,0.650703,0.657073,0.746569,0.725840,0.722658,0.624644,0.477383,0.759245,0.683391,0.488898,0.535750,0.744992,0.699784,0.630842,0.708948,0.717485,0.759638,0.534026,0.700242,0.703065,0.700384,0.607775,0.537795,0.675744,0.731174,0.617068,0.627512,0.735232,0.708011,0.674511,0.677692,0.607458,0.648138,0.783846,0.640908,0.697190,0.656837,0.616105,0.726260,0.742092,0.611030,0.600689,0.642323,0.600198,0.537767,0.682540,0.635096,0.636640,0.742953,0.707857,0.660316,0.611873,0.616957,0.753610,0.520060,0.584519,0.673583,0.582969,0.668332,0.647252,0.560941,0.696334,0.700609,0.740207,0.713200,0.668835,0.682950,0.668726,0.597042,0.685390,0.638641,0.613195,0.607641,0.678283,0.694487,0.599390,0.619357,0.645228,0.642424,0.644947,0.712812,0.650362,0.707366,0.584792,0.630513,0.635650,0.626707,0.557408,0.649748,0.616673,0.564491,0.687247,0.687297,0.656000,0.655598,0.592602,0.610552,0.602089,0.663967,0.601967,0.593939,0.685069,0.670101,0.587402,0.691701,0.580016,0.590602,0.665119,0.684558,0.663373,0.741962,0.670776,0.712907,0.603008,0.699624,0.664658,0.576432,0.644670,0.663817,0.671621,0.662334,0.636128,0.601585,0.703744,0.719437,0.588706,0.704132,0.678927,0.584773,0.731438,0.601717,0.728449,0.723949,0.665320,0.529517,0.639463,0.509497,0.583143,0.703579,0.608361,0.558759,0.601849,0.746404,0.673472,0.730647,0.670194,0.600717,0.665719,0.604534,0.482046,0.679824,0.704831,0.592197,0.655969,0.717867,0.618151,0.495463,0.622853,0.735773,0.642734,0.786822,0.509042,0.713701,0.569007,0.666203,0.706077,0.671950,0.680737,0.485326,0.626937,0.631025,0.685733,0.526593,0.661166,0.705658,0.723021,0.578196,0.618509,0.676628,0.547830,0.671374,#
2,0.764540,0.690021,1.000000,0.633673,0.516214,0.689405,0.637848,0.671895,0.668390,0.566414,0.703634,0.661868,0.577640,0.561280,0.657314,0.644628,0.708430,0.676578,0.658892,0.630042,0.525087,0.638205,0.647314,0.748132,0.611156,0.624090,0.736539,0.703585,0.731247,0.654379,0.744230,0.617350,0.645720,0.654995,0.617496,0.709743,0.693662,0.730223,0.776516,0.633487,0.635714,0.608106,0.725127,0.668178,0.554325,0.553264,0.808462,0.691353,0.692428,0.782001,0.611246,0.693046,0.744316,0.717181,0.803486,0.646703,0.637152,0.695183,0.645131,0.672920,0.716091,0.701033,0.697191,0.727770,0.708966,0.688897,0.712620,0.687183,0.712808,0.640719,0.695513,0.663021,0.807774,0.594487,0.725510,0.757690,0.667180,0.710128,0.630231,0.647472,0.752604,0.727770,0.683743,0.694738,0.738297,0.715686,0.695329,0.689963,0.615233,0.622584,0.677719,0.778989,0.676768,0.651467,0.660259,0.710085,0.651968,0.657287,0.790498,0.765748,0.624121,0.683688,0.631295,0.649055,0.597557,0.736577,0.666103,0.632786,0.708158,0.640361,0.705180,0.609120,0.733215,0.628286,0.609381,0.654113,0.620896,0.646756,0.740266,0.605921,0.601862,0.705150,0.614421,0.714415,0.719747,0.663009,0.671990,0.628481,0.616734,0.715388,0.743492,0.768319,0.761110,0.711184,0.617618,0.676358,0.622773,0.694206,0.670365,0.615422,0.677373,0.625694,0.542021,0.677347,0.596334,0.754930,0.675096,0.631154,0.659864,0.634509,0.749022,0.682673,0.669880,0.656612,0.648272,0.626275,0.686813,0.625784,0.590704,0.578118,0.571981,0.600073,0.645226,0.705020,0.609797,0.718010,0.803623,0.629649,0.576505,0.654164,0.707179,0.620844,0.625448,0.653414,0.699826,0.490500,0.547683,0.722729,0.635771,0.665581,0.607423,0.733007,0.541586,0.698334,0.654942,0.634840,0.651198,0.628623,0.728138,0.679548,0.721634,0.642228,0.816120,0.637010,0.689531,0.773986,0.626418,0.793038,0.607712,0.689403,#
3,0.671131,0.691168,0.633673,1.000000,0.563117,0.645100,0.574953,0.533974,0.648434,0.638584,0.586627,0.656552,0.634057,0.608498,0.643846,0.788831,0.712274,0.650200,0.735689,0.596574,0.559405,0.656739,0.657117,0.661124,0.754397,0.614626,0.642072,0.572155,0.568963,0.522293,0.679521,0.728825,0.641129,0.695765,0.596574,0.665682,0.593650,0.730279,0.513528,0.678268,0.634231,0.480181,0.667877,0.684430,0.580364,0.741430,0.734590,0.641226,0.732058,0.673420,0.639431,0.537639,0.660694,0.626684,0.606309,0.669025,0.525623,0.654510,0.721585,0.634446,0.629234,0.633331,0.564334,0.647325,0.683325,0.678280,0.586599,0.702924,0.656402,0.602411,0.635802,0.609246,0.678088,0.627074,0.609867,0.598213,0.586434,0.636412,0.614908,0.620374,0.735077,0.575274,0.623304,0.692898,0.693611,0.707281,0.661204,0.516821,0.572280,0.605318,0.557339,0.649804,0.703168,0.697453,0.596879,0.687996,0.622738,0.575481,0.634585,0.706389,0.542571,0.628585,0.556310,0.618697,0.587509,0.659704,0.572996,0.635507,0.590735,0.558307,0.664513,0.657298,0.583030,0.664135,0.642630,0.729349,0.535358,0.578972,0.646788,0.518518,0.548293,0.600124,0.610213,0.657171,0.676635,0.627378,0.698427,0.584526,0.616550,0.673181,0.583529,0.674376,0.572687,0.669553,0.691818,0.661713,0.762557,0.629325,0.603825,0.610499,0.587558,0.626527,0.624962,0.582224,0.560341,0.692882,0.584512,0.685764,0.691961,0.532347,0.673061,0.634280,0.534786,0.612774,0.640007,0.570401,0.661504,0.656471,0.545437,0.537998,0.644235,0.665182,0.633870,0.686110,0.585204,0.633637,0.646374,0.541980,0.616010,0.605324,0.626584,0.706870,0.657379,0.732999,0.623396,0.622364,0.667458,0.670211,0.714811,0.701506,0.507630,0.729411,0.531088,0.589929,0.630314,0.599618,0.608480,0.505531,0.744676,0.710502,0.565721,0.580922,0.628804,0.654017,0.634022,0.599797,0.600767,0.628143,0.534105,0.646528,#
4,0.539058,0.593341,0.516214,0.563117,1.000000,0.691886,0.627451,0.448227,0.400832,0.489611,0.526813,0.596811,0.422191,0.609324,0.517803,0.622033,0.614374,0.727822,0.568521,0.645102,0.514959,0.526407,0.496361,0.660909,0.615885,0.473970,0.580374,0.530593,0.399898,0.497170,0.738579,0.497554,0.644077,0.434106,0.533992,0.547833,0.547524,0.631559,0.479667,0.674844,0.541531,0.477320,0.536602,0.612633,0.522759,0.625968,0.633253,0.573272,0.668994,0.683949,0.571207,0.464283,0.653663,0.487620,0.632426,0.656731,0.516888,0.594663,0.634302,0.630613,0.468190,0.607861,0.518465,0.537156,0.614489,0.609459,0.619714,0.588101,0.600406,0.532918,0.645600,0.718944,0.579676,0.513403,0.502173,0.517322,0.535211,0.619577,0.618363,0.530939,0.560075,0.533751,0.639340,0.528014,0.638915,0.571401,0.519299,0.418248,0.586440,0.663125,0.493767,0.494950,0.443576,0.604187,0.393147,0.551014,0.553271,0.402537,0.478260,0.553120,0.621782,0.671984,0.554185,0.536267,0.622002,0.576767,0.572713,0.549684,0.573944,0.511150,0.512011,0.593536,0.611014,0.683389,0.535724,0.558745,0.537396,0.649084,0.558474,0.419027,0.518744,0.555661,0.659570,0.585402,0.555271,0.633095,0.522121,0.534857,0.625906,0.627642,0.691478,0.600828,0.532800,0.581483,0.636830,0.608816,0.566935,0.615356,0.538236,0.504518,0.503949,0.604527,0.614656,0.572812,0.485279,0.543278,0.599070,0.524350,0.571547,0.586057,0.660264,0.689992,0.505850,0.476544,0.636602,0.516175,0.629626,0.517540,0.631281,0.442546,0.450533,0.574182,0.641307,0.589025,0.582701,0.590680,0.560311,0.469403,0.562117,0.562445,0.523008,0.608904,0.598803,0.619155,0.669912,0.488820,0.578989,0.553459,0.602296,0.607980,0.591125,0.630709,0.638827,0.564956,0.623377,0.571089,0.510337,0.691065,0.543611,0.456133,0.543773,0.396616,0.558965,0.625697,0.594521,0.475376,0.551269,0.655155,0.550999,0.512600,#
5,0.759142,0.750628,0.689405,0.645100,0.691886,1.000000,0.628639,0.645526,0.644381,0.607553,0.594168,0.705209,0.525158,0.603149,0.662545,0.764399,0.640360,0.699527,0.698560,0.618445,0.588606,0.676914,0.702685,0.714757,0.632238,0.633668,0.747759,0.761289,0.522980,0.569684,0.754747,0.634539,0.698623,0.660490,0.648272,0.726053,0.641367,0.744579,0.641153,0.673449,0.714519,0.504223,0.620668,0.705752,0.664019,0.622403,0.743845,0.713746,0.727468,0.714298,0.650326,0.603529,0.726504,0.726114,0.685231,0.766166,0.606069,0.724356,0.792812,0.727922,0.606629,0.671273,0.624601,0.728601,0.604594,0.677916,0.665685,0.685611,0.684389,0.692938,0.731072,0.650076,0.755807,0.623624,0.653744,0.613621,0.721776,0.633015,0.622447,0.556714,0.712328,0.660474,0.693551,0.681226,0.694710,0.721811,0.643185,0.588038,0.655826,0.666152,0.646597,0.690606,0.607097,0.738553,0.565099,0.644088,0.680216,0.549707,0.707981,0.683981,0.717920,0.699281,0.776204,0.707792,0.705462,0.633095,0.611092,0.687274,0.619054,0.678179,0.654353,0.741248,0.671173,0.623497,0.519344,0.631576,0.675738,0.676799,0.581776,0.663733,0.541190,0.723634,0.662104,0.788660,0.648927,0.739520,0.707208,0.618738,0.680071,0.721691,0.765851,0.766312,0.715485,0.732522,0.665058,0.566642,0.696213,0.664039,0.646144,0.687903,0.626626,0.607048,0.649529,0.728032,0.785224,0.669282,0.637579,0.664611,0.690689,0.775939,0.786214,0.773682,0.582352,0.640289,0.628577,0.567134,0.661381,0.671884,0.703555,0.587572,0.628711,0.712146,0.673686,0.668576,0.656436,0.701194,0.654498,0.627288,0.574883,0.672299,0.776434,0.693276,0.676124,0.659470,0.690037,0.535026,0.571521,0.704595,0.721078,0.731632,0.678031,0.732581,0.550644,0.657272,0.706239,0.679964,0.622097,0.683581,0.716718,0.657659,0.617212,0.685836,0.693189,0.662280,0.596506,0.580101,0.626911,0.713878,0.614713,0.620106,#
6,0.691756,0.565180,0.637848,0.574953,0.627451,0.628639,1.000000,0.601273,0.635052,0.660437,0.579945,0.701154,0.557225,0.677911,0.578707,0.682007,0.747311,0.756577,0.683173,0.607099,0.687152,0.581907,0.606851,0.682498,0.733962,0.682411,0.709818,0.639489,0.519519,0.669917,0.730312,0.681929,0.740173,0.654940,0.615289,0.683303,0.706911,0.667114,0.646885,0.658417,0.731199,0.667437,0.688830,0.711694,0.687155,0.529840,0.721587,0.774574,0.731829,0.753091,0.684653,0.644677,0.701405,0.558881,0.737872,0.707599,0.668534,0.765613,0.744254,0.573835,0.746243,0.705343,0.668513,0.629546,0.702925,0.717108,0.733867,0.680710,0.771675,0.546561,0.696663,0.730756,0.715289,0.652161,0.603833,0.579472,0.662692,0.780252,0.687148,0.586289,0.742721,0.680461,0.615839,0.792758,0.704805,0.660936,0.614794,0.603888,0.669873,0.672752,0.679058,0.641821,0.504121,0.714737,0.574548,0.705798,0.684809,0.638002,0.654919,0.685379,0.701516,0.709385,0.612985,0.717411,0.704578,0.614418,0.750174,0.682846,0.754712,0.574266,0.579782,0.738468,0.679303,0.593078,0.510802,0.695937,0.564338,0.671886,0.568059,0.580315,0.576100,0.653312,0.652930,0.774607,0.746600,0.632858,0.633131,0.701530,0.552680,0.592679,0.744661,0.684538,0.586977,0.610056,0.666363,0.597186,0.675019,0.684759,0.747724,0.674443,0.637892,0.673846,0.647598,0.710492,0.574016,0.676245,0.754834,0.649812,0.680292,0.623015,0.696597,0.698326,0.532160,0.576129,0.596467,0.618529,0.664642,0.540676,0.612241,0.688156,0.668863,0.690516,0.644629,0.679456,0.708046,0.725576,0.735290,0.493693,0.600995,0.707121,0.682466,0.676974,0.627465,0.617037,0.661460,0.676736,0.652754,0.644866,0.717305,0.737969,0.630324,0.648763,0.690858,0.659371,0.671277,0.658351,0.663756,0.688870,0.701229,0.648767,0.676587,0.648877,0.683125,0.665289,0.753587,0.742062,0.715816,0.740751,0.617476,0.662280,#
7,0.741697,0.590836,0.671895,0.533974,0.448227,0.645526,0.601273,1.000000,0.666021,0.574919,0.614015,0.614241,0.530295,0.596821,0.630546,0.593448,0.566009,0.635521,0.609474,0.569015,0.590203,0.530295,0.778237,0.644599,0.585082,0.657842,0.656319,0.576554,0.490812,0.630701,0.590514,0.603599,0.563934,0.617842,0.640120,0.672714,0.598502,0.606777,0.577944,0.680666,0.633461,0.600626,0.627802,0.631970,0.563854,0.475087,0.660265,0.688513,0.694568,0.636260,0.651572,0.623628,0.739376,0.703485,0.634216,0.651102,0.665140,0.676502,0.648660,0.715595,0.557723,0.609779,0.658100,0.655930,0.645530,0.686242,0.745847,0.681142,0.732646,0.474757,0.698797,0.540414,0.681534,0.640785,0.650752,0.651790,0.697897,0.621106,0.537555,0.519659,0.698001,0.602389,0.685840,0.641333,0.674168,0.642762,0.705707,0.569111,0.579799,0.551336,0.632827,0.749210,0.499738,0.615894,0.622005,0.628461,0.654457,0.592397,0.639882,0.649294,0.584803,0.618605,0.631531,0.611300,0.622324,0.563276,0.577710,0.647635,0.628185,0.550454,0.727871,0.635818,0.660745,0.598179,0.447917,0.715857,0.522291,0.594671,0.492940,0.630230,0.613366,0.592923,0.520079,0.699013,0.799025,0.676220,0.597121,0.627122,0.440873,0.632250,0.638553,0.690214,0.685334,0.548784,0.696657,0.656236,0.626564,0.698875,0.600415,0.677934,0.584050,0.589899,0.629307,0.649222,0.646880,0.616695,0.636248,0.536180,0.672931,0.630578,0.650704,0.555240,0.643000,0.605600,0.567390,0.628349,0.624885,0.641543,0.666231,0.625036,0.660495,0.627851,0.667034,0.556500,0.616151,0.659452,0.722493,0.593192,0.589840,0.585098,0.737668,0.635503,0.580386,0.703611,0.626042,0.413004,0.571863,0.575746,0.664670,0.695511,0.526135,0.696489,0.595276,0.622624,0.618613,0.688059,0.625829,0.554857,0.659507,0.693490,0.674908,0.599141,0.624988,0.550993,0.650265,0.635088,0.571711,0.717386,0.629296,0.568085,#
8,0.722763,0.632915,0.668390,0.648434,0.400832,0.644381,0.635052,0.666021,1.000000,0.611190,0.571217,0.627876,0.636226,0.556659,0.615277,0.716858,0.652323,0.695019,0.612747,0.662135,0.567420,0.673934,0.724526,0.604227,0.695142,0.564196,0.600228,0.541279,0.563663,0.628225,0.637088,0.619522,0.610971,0.649815,0.595634,0.749625,0.587467,0.693342,0.636432,0.593311,0.550124,0.471443,0.729998,0.631894,0.629296,0.518052,0.680789,0.721021,0.671435,0.688003,0.629121,0.615263,0.631117,0.754317,0.644569,0.698568,0.631252,0.606965,0.680962,0.556203,0.665001,0.644761,0.638285,0.671585,0.636028,0.683702,0.650907,0.698786,0.723671,0.533010,0.652863,0.642312,0.762728,0.604506,0.680275,0.565096,0.669432,0.645570,0.532813,0.514028,0.726455,0.616233,0.640693,0.699880,0.684622,0.638895,0.590521,0.683860,0.591346,0.544938,0.655923,0.695129,0.549081,0.601026,0.641919,0.661217,0.675618,0.649325,0.739981,0.694102,0.630686,0.591259,0.648601,0.713329,0.569212,0.535247,0.637408,0.692151,0.578775,0.633234,0.603720,0.654576,0.693266,0.570955,0.477111,0.700296,0.499455,0.557970,0.651078,0.631779,0.558564,0.627205,0.494958,0.724735,0.702787,0.634676,0.534176,0.597007,0.583532,0.609305,0.577414,0.692111,0.596434,0.558496,0.653271,0.538176,0.607856,0.617264,0.598062,0.629868,0.704623,0.642921,0.657213,0.706646,0.600288,0.584009,0.607257,0.581830,0.741003,0.639403,0.658617,0.592954,0.580550,0.700067,0.505272,0.615986,0.654396,0.681482,0.670069,0.653267,0.670661,0.662327,0.699309,0.616876,0.639629,0.651539,0.633046,0.600748,0.583175,0.617141,0.713824,0.597805,0.578637,0.599520,0.654555,0.497237,0.601695,0.754408,0.601278,0.602850,0.462122,0.754825,0.589332,0.635807,0.622394,0.608123,0.707083,0.546242,0.642576,0.722189,0.686406,0.696546,0.669414,0.661815,0.636177,0.602033,0.651287,0.657002,0.562886,0.721529,#
9,0.688316,0.603371,0.566414,0.638584,0.489611,0.607553,0.660437,0.574919,0.611190,1.000000,0.576937,0.584355,0.626729,0.681573,0.709920,0.659269,0.675438,0.697727,0.622109,0.528435,0.679242,0.537824,0.631076,0.660425,0.642453,0.572248,0.610132,0.759662,0.499142,0.734789,0.601292,0.612971,0.643430,0.638921,0.637880,0.668257,0.614598,0.638986,0.606635,0.693491,0.658417,0.669805,0.631154,0.649218,0.696180,0.614109,0.619769,0.732745,0.683670,0.648603,0.618972,0.506708,0.588682,0.602161,0.687826,0.629156,0.653697,0.775129,0.625256,0.601145,0.624852,0.659320,0.647302,0.613957,0.599920,0.726682,0.664432,0.691530,0.764854,0.492059,0.598622,0.626087,0.656207,0.581369,0.638833,0.611310,0.665272,0.731039,0.579758,0.650271,0.715745,0.710462,0.636301,0.803782,0.629279,0.650236,0.630056,0.655483,0.645934,0.597545,0.578631,0.599309,0.630244,0.630847,0.638277,0.685600,0.611648,0.587217,0.607601,0.698877,0.758560,0.680160,0.632813,0.715332,0.658632,0.593270,0.609676,0.742234,0.683226,0.676413,0.682434,0.661081,0.630700,0.641395,0.592353,0.728839,0.376738,0.648648,0.527776,0.660932,0.512802,0.712833,0.632762,0.681523,0.662186,0.641217,0.680681,0.590355,0.602110,0.573084,0.575919,0.695820,0.606512,0.586262,0.631750,0.519203,0.670887,0.692745,0.659722,0.602846,0.636620,0.631985,0.687312,0.696780,0.624927,0.734620,0.646131,0.628605,0.699689,0.562285,0.676991,0.661078,0.581918,0.695784,0.603841,0.581903,0.554833,0.666448,0.616653,0.619255,0.684489,0.759507,0.647729,0.666834,0.677301,0.708970,0.585610,0.613779,0.603799,0.605410,0.710945,0.589266,0.698591,0.577246,0.630771,0.703730,0.623784,0.689818,0.594634,0.729254,0.699762,0.621766,0.686146,0.594685,0.633084,0.605736,0.611983,0.664084,0.693256,0.553494,0.719381,0.669465,0.629814,0.617621,0.661101,0.600935,0.730278,0.648103,0.622694,0.639096,#
10,0.675129,0.644145,0.703634,0.586627,0.526813,0.594168,0.579945,0.614015,0.571217,0.576937,1.000000,0.615357,0.601591,0.609864,0.552156,0.603818,0.658078,0.622806,0.751958,0.626866,0.614469,0.614500,0.703074,0.734523,0.561629,0.576820,0.688761,0.686940,0.620754,0.663418,0.622547,0.621312,0.674574,0.672425,0.677905,0.719497,0.658161,0.648652,0.698240,0.703554,0.617656,0.596654,0.719629,0.611825,0.585364,0.660977,0.745016,0.683092,0.650575,0.743061,0.652231,0.668466,0.639771,0.552841,0.695164,0.688712,0.668364,0.725071,0.608371,0.693711,0.705364,0.649534,0.742429,0.618102,0.675800,0.595403,0.692612,0.627491,0.743988,0.597309,0.767588,0.662099,0.771093,0.417149,0.690158,0.727803,0.674357,0.729380,0.642470,0.576790,0.737615,0.661102,0.644601,0.649952,0.675180,0.639622,0.686069,0.553281,0.634095,0.729898,0.535601,0.659074,0.704037,0.558272,0.560379,0.689257,0.630790,0.686298,0.644814,0.742711,0.589016,0.609159,0.590553,0.721808,0.705668,0.710913,0.632138,0.586823,0.619854,0.602871,0.716680,0.616609,0.768736,0.652474,0.565340,0.713153,0.516317,0.670333,0.606339,0.607518,0.613294,0.649244,0.497931,0.697998,0.667192,0.554183,0.664564,0.611015,0.692686,0.717084,0.658677,0.655687,0.631117,0.683343,0.665615,0.741137,0.587965,0.614359,0.702790,0.760695,0.708162,0.684643,0.551625,0.677491,0.545431,0.611794,0.685113,0.640222,0.696726,0.655542,0.610902,0.638817,0.588059,0.564850,0.705837,0.572921,0.648214,0.751875,0.582665,0.545494,0.699827,0.605612,0.618668,0.683464,0.675376,0.556453,0.677802,0.540406,0.604519,0.718955,0.677723,0.720434,0.566896,0.608100,0.688329,0.556917,0.578958,0.677038,0.609189,0.684699,0.546680,0.682095,0.696040,0.607216,0.570767,0.673928,0.598615,0.658570,0.594006,0.708076,0.680801,0.571147,0.678246,0.713875,0.662404,0.682595,0.655806,0.692889,0.589930,0.724588,#
11,0.757404,0.644532,0.661868,0.656552,0.596811,0.705209,0.701154,0.614241,0.627876,0.584355,0.615357,1.000000,0.665270,0.675630,0.671446,0.730877,0.688766,0.757423,0.766494,0.608389,0.594399,0.635299,0.700609,0.749456,0.675736,0.592001,0.726713,0.597706,0.652261,0.577416,0.648600,0.644645,0.777257,0.673445,0.638198,0.721731,0.709764,0.740381,0.642543,0.671508,0.691688,0.599510,0.700596,0.677697,0.636747,0.519529,0.787476,0.785594,0.669276,0.776790,0.691481,0.551729,0.700803,0.607764,0.707334,0.750594,0.609858,0.711630,0.719578,0.677557,0.644610,0.601523,0.713197,0.642034,0.685987,0.704789,0.691940,0.751195,0.719508,0.644354,0.793973,0.675919,0.742341,0.659835,0.725302,0.656361,0.820834,0.709496,0.619002,0.575817,0.720851,0.666099,0.752135,0.730805,0.764400,0.688400,0.616400,0.638861,0.545881,0.645003,0.714499,0.645267,0.600779,0.654779,0.544939,0.656415,0.655594,0.633378,0.738971,0.705498,0.663295,0.738283,0.752391,0.656227,0.729644,0.615227,0.644783,0.730247,0.697578,0.696005,0.754244,0.755028,0.713834,0.639951,0.521145,0.716939,0.637005,0.571410,0.676902,0.670667,0.523917,0.674649,0.678385,0.755413,0.751819,0.705167,0.749146,0.679287,0.664737,0.675226,0.745971,0.637182,0.681063,0.700774,0.698408,0.612572,0.691774,0.694995,0.731987,0.581769,0.598546,0.596510,0.607633,0.761417,0.643973,0.677289,0.719975,0.666189,0.695227,0.678377,0.671324,0.657061,0.587870,0.676828,0.633973,0.609544,0.770674,0.624653,0.655325,0.613801,0.712424,0.744482,0.734460,0.715610,0.751177,0.640265,0.765851,0.583504,0.621185,0.783532,0.700311,0.653182,0.725332,0.724830,0.708604,0.604124,0.673635,0.665496,0.679002,0.721496,0.614918,0.758351,0.694806,0.566723,0.685283,0.564573,0.647176,0.675193,0.633460,0.669758,0.696807,0.716070,0.661108,0.636479,0.625095,0.687344,0.691159,0.686123,0.659025,0.675652,#
12,0.629597,0.511513,0.577640,0.634057,0.422191,0.525158,0.557225,0.530295,0.636226,0.626729,0.601591,0.665270,1.000000,0.618542,0.638776,0.638590,0.561818,0.684221,0.663375,0.547922,0.557203,0.487056,0.680662,0.703658,0.642352,0.633441,0.577824,0.625284,0.513691,0.526271,0.583979,0.572155,0.602955,0.699331,0.612468,0.674159,0.608651,0.698849,0.643414,0.574215,0.509817,0.436715,0.618144,0.606181,0.646368,0.578214,0.707986,0.579281,0.629952,0.677996,0.742955,0.478874,0.576206,0.617398,0.701666,0.662200,0.572103,0.638613,0.548462,0.569615,0.601735,0.621686,0.666888,0.615681,0.668620,0.677648,0.580284,0.590254,0.738210,0.579250,0.627973,0.603037,0.645541,0.616036,0.654162,0.550317,0.662636,0.687414,0.646887,0.659889,0.662207,0.575599,0.613367,0.693456,0.624763,0.643032,0.515087,0.625923,0.511817,0.498055,0.656721,0.633973,0.675502,0.512830,0.532065,0.698673,0.672044,0.546900,0.615980,0.646307,0.461797,0.662553,0.619723,0.684539,0.529339,0.539255,0.517591,0.534024,0.640428,0.627545,0.629017,0.670841,0.615051,0.522151,0.649358,0.682354,0.392359,0.453684,0.638004,0.702499,0.473010,0.594390,0.542940,0.677918,0.660956,0.692094,0.660280,0.560309,0.587615,0.563029,0.561796,0.517350,0.529765,0.590243,0.571052,0.575721,0.546858,0.615577,0.554855,0.601860,0.678331,0.581265,0.540645,0.705465,0.448711,0.581230,0.598948,0.557954,0.684040,0.675167,0.657396,0.527270,0.578083,0.569983,0.510239,0.655198,0.690941,0.718582,0.637887,0.614457,0.627104,0.649295,0.614635,0.611466,0.699183,0.501499,0.568887,0.658374,0.482956,0.651116,0.639747,0.573050,0.621590,0.578312,0.568472,0.463038,0.752971,0.672094,0.598162,0.591305,0.534638,0.691680,0.593778,0.509670,0.534563,0.514933,0.495295,0.570534,0.663415,0.625646,0.585501,0.564527,0.579124,0.593717,0.544102,0.677576,0.647269,0.662831,0.641351,0.563929,#
13,0.651950,0.589568,0.561280,0.608498,0.609324,0.603149,0.677911,0.596821,0.556659,0.681573,0.609864,0.675630,0.618542,1.000000,0.640937,0.588515,0.523992,0.732992,0.664073,0.620714,0.593821,0.514535,0.669344,0.626040,0.666456,0.507800,0.568409,0.658802,0.549581,0.709647,0.561253,0.564967,0.656066,0.686198,0.436791,0.629284,0.622773,0.687938,0.614385,0.682387,0.787747,0.574401,0.653859,0.647923,0.678366,0.639914,0.723844,0.650365,0.678312,0.667248,0.675195,0.650653,0.621427,0.573167,0.676754,0.734855,0.678417,0.744327,0.739945,0.691054,0.662136,0.649552,0.646761,0.678747,0.706783,0.776411,0.649103,0.705164,0.740465,0.551078,0.645869,0.642355,0.695322,0.650696,0.605327,0.603316,0.684688,0.728627,0.682701,0.605963,0.689426,0.653388,0.640721,0.774883,0.631715,0.717270,0.617774,0.527686,0.675176,0.606322,0.546944,0.721241,0.555524,0.622189,0.604194,0.660743,0.612827,0.595810,0.602642,0.677313,0.655291,0.690562,0.694674,0.683683,0.694465,0.662762,0.612240,0.686951,0.683487,0.596405,0.629404,0.701928,0.698665,0.631399,0.608885,0.744468,0.468257,0.649884,0.680790,0.654085,0.652421,0.670479,0.619175,0.649080,0.661398,0.675685,0.728714,0.622126,0.589092,0.634013,0.673975,0.624913,0.594766,0.674102,0.640827,0.575961,0.671985,0.727014,0.740445,0.576389,0.668570,0.743540,0.658926,0.722548,0.576211,0.655647,0.707582,0.556798,0.733842,0.629846,0.712615,0.664796,0.584642,0.601444,0.559912,0.551131,0.735924,0.684155,0.710842,0.578661,0.666318,0.754197,0.607027,0.730811,0.718293,0.626081,0.638968,0.593617,0.675535,0.690710,0.684103,0.722791,0.755765,0.631728,0.751152,0.634769,0.680153,0.675278,0.690506,0.677596,0.593421,0.676751,0.731188,0.568062,0.735087,0.676607,0.591225,0.700999,0.609475,0.634884,0.602223,0.595236,0.651496,0.702251,0.682109,0.595087,0.692832,0.682646,0.623109,0.555000,#
14,0.662240,0.709922,0.657314,0.643846,0.517803,0.662545,0.578707,0.630546,0.615277,0.709920,0.552156,0.671446,0.638776,0.640937,1.000000,0.651733,0.608905,0.621890,0.588836,0.587729,0.590977,0.597795,0.664733,0.739847,0.653817,0.484933,0.651721,0.652864,0.478296,0.610098,0.670515,0.575809,0.640867,0.669285,0.687400,0.664074,0.559831,0.700546,0.658292,0.594678,0.659099,0.597205,0.674436,0.673170,0.597546,0.588106,0.730389,0.629905,0.630243,0.642842,0.590747,0.555002,0.605571,0.710987,0.678925,0.650023,0.591097,0.632808,0.687893,0.585341,0.617458,0.754449,0.628819,0.547965,0.676469,0.623917,0.690680,0.701015,0.717292,0.606363,0.601375,0.566456,0.665465,0.586473,0.696020,0.619770,0.594105,0.701439,0.604938,0.502465,0.694043,0.622227,0.655024,0.689529,0.654639,0.710412,0.581071,0.576940,0.622741,0.468116,0.561365,0.635336,0.597091,0.680702,0.747864,0.599866,0.683470,0.584351,0.625412,0.647985,0.685883,0.691705,0.665138,0.589758,0.620639,0.692268,0.535169,0.617293,0.733244,0.608900,0.709879,0.686367,0.704235,0.593375,0.488163,0.641669,0.441481,0.527408,0.577418,0.638752,0.560695,0.713436,0.537108,0.610509,0.698684,0.556537,0.727400,0.637396,0.539589,0.606523,0.590463,0.672964,0.556497,0.551287,0.600653,0.580036,0.675558,0.598343,0.621896,0.601443,0.671668,0.641094,0.547495,0.693182,0.553287,0.729336,0.726787,0.536655,0.686677,0.515444,0.683079,0.622314,0.530732,0.611205,0.617464,0.587997,0.577940,0.622890,0.600453,0.614389,0.652615,0.649207,0.631511,0.594870,0.577010,0.557456,0.572474,0.618737,0.471998,0.690906,0.629322,0.623088,0.617128,0.684017,0.692929,0.550795,0.644943,0.706916,0.567496,0.683142,0.515976,0.726958,0.658570,0.637314,0.673551,0.591562,0.663646,0.590991,0.696860,0.576637,0.626353,0.560896,0.642494,0.595059,0.583046,0.644784,0.621385,0.633817,0.550293,0.499894,#
15,0.740638,0.677704,0.644628,0.788831,0.622033,0.764399,0.682007,0.593448,0.716858,0.659269,0.603818,0.730877,0.638590,0.588515,0.651733,1.000000,0.704385,0.722476,0.739380,0.671693,0.617243,0.673520,0.674208,0.703311,0.719932,0.614919,0.658144,0.605454,0.517423,0.582129,0.768676,0.692281,0.698073,0.767372,0.622144,0.801809,0.703091,0.729033,0.676284,0.628767,0.609340,0.521886,0.678197,0.644048,0.724174,0.624249,0.735503,0.736373,0.774323,0.728778,0.695277,0.598084,0.656648,0.649827,0.676945,0.697341,0.651554,0.730124,0.711113,0.608847,0.675686,0.687356,0.656744,0.721290,0.669988,0.729913,0.621082,0.713195,0.722653,0.591214,0.733113,0.705789,0.711955,0.566780,0.693827,0.552045,0.681129,0.659693,0.684992,0.580564,0.687717,0.666795,0.727520,0.703539,0.716788,0.747619,0.605948,0.561600,0.596167,0.588132,0.582570,0.625304,0.591530,0.696811,0.563024,0.640995,0.648660,0.648310,0.661160,0.732889,0.692970,0.666204,0.673532,0.727739,0.693980,0.643037,0.609567,0.732214,0.660566,0.680954,0.633035,0.632544,0.711729,0.602149,0.601427,0.667167,0.576646,0.633394,0.660035,0.653617,0.514953,0.681645,0.635144,0.743896,0.784313,0.692817,0.718680,0.644900,0.737264,0.681272,0.702574,0.677216,0.596335,0.643142,0.673622,0.635300,0.710873,0.696535,0.651243,0.650159,0.658461,0.648897,0.624635,0.729599,0.645229,0.724281,0.643812,0.632376,0.708082,0.713799,0.742918,0.662959,0.634397,0.701812,0.692569,0.605372,0.726521,0.645421,0.754570,0.599552,0.631531,0.772144,0.728552,0.718198,0.710224,0.663134,0.643665,0.608244,0.662590,0.649574,0.708007,0.705087,0.679681,0.743856,0.672589,0.676244,0.665935,0.665590,0.705034,0.704375,0.604562,0.712770,0.603650,0.735605,0.651621,0.521946,0.591013,0.640417,0.706260,0.712600,0.608589,0.674831,0.707834,0.691143,0.690094,0.634497,0.678158,0.680382,0.647921,0.748345,#
16,0.718137,0.613109,0.708430,0.712274,0.614374,0.640360,0.747311,0.566009,0.652323,0.675438,0.658078,0.688766,0.561818,0.523992,0.608905,0.704385,1.000000,0.714670,0.726732,0.592968,0.731602,0.647130,0.571946,0.741340,0.647077,0.651027,0.681916,0.533120,0.544175,0.557214,0.768119,0.688371,0.705630,0.581263,0.680426,0.701092,0.692039,0.721854,0.626807,0.701278,0.589288,0.624105,0.663166,0.691042,0.595034,0.638582,0.696831,0.726981,0.693025,0.753719,0.632946,0.591484,0.715125,0.652382,0.716976,0.718787,0.518800,0.675985,0.665148,0.587546,0.728178,0.707520,0.667280,0.612193,0.672179,0.615100,0.738444,0.732663,0.745883,0.663011,0.711710,0.718540,0.713605,0.572763,0.683075,0.608228,0.654116,0.694371,0.602589,0.672293,0.780070,0.674432,0.637780,0.730797,0.735245,0.672116,0.667884,0.597827,0.627856,0.683303,0.582974,0.665749,0.677832,0.671673,0.629352,0.758089,0.659114,0.531167,0.742760,0.663253,0.679972,0.661256,0.615454,0.670305,0.629142,0.720092,0.737238,0.667371,0.758068,0.639785,0.700866,0.662880,0.644234,0.721805,0.633343,0.724948,0.624231,0.660578,0.580543,0.489412,0.502210,0.655178,0.570056,0.712010,0.711783,0.645301,0.647189,0.548640,0.636706,0.636302,0.731430,0.628234,0.689507,0.639878,0.748836,0.760319,0.650121,0.639214,0.663856,0.673963,0.650689,0.660210,0.692792,0.669118,0.553879,0.642587,0.659190,0.701849,0.618928,0.596755,0.664706,0.712246,0.507733,0.667321,0.736730,0.598022,0.603610,0.648957,0.620233,0.583494,0.612698,0.628725,0.708405,0.656240,0.691073,0.700026,0.695875,0.570361,0.632502,0.690102,0.630847,0.622225,0.659060,0.674420,0.656038,0.640504,0.550564,0.718476,0.632493,0.707684,0.601703,0.675624,0.649856,0.619406,0.616253,0.624296,0.703207,0.655639,0.712479,0.648433,0.742281,0.590234,0.749493,0.644728,0.657336,0.747805,0.694285,0.755189,0.641916,0.729110,#
17,0.765113,0.643541,0.676578,0.650200,0.727822,0.699527,0.756577,0.635521,0.695019,0.697727,0.622806,0.757423,0.684221,0.732992,0.621890,0.722476,0.714670,1.000000,0.662466,0.720795,0.675204,0.595829,0.738749,0.790205,0.791240,0.612263,0.718456,0.651727,0.551779,0.710131,0.789114,0.725548,0.679245,0.628302,0.615235,0.745469,0.684572,0.787734,0.686208,0.780317,0.644703,0.626206,0.679134,0.724756,0.707698,0.615758,0.784573,0.819554,0.755316,0.787820,0.741812,0.579231,0.710402,0.676743,0.733955,0.762194,0.651054,0.741792,0.722831,0.684901,0.667865,0.711401,0.708138,0.706594,0.704481,0.828988,0.806046,0.743272,0.781887,0.650654,0.756453,0.712957,0.756189,0.664739,0.686262,0.649422,0.779379,0.802647,0.677667,0.741898,0.754984,0.715063,0.764874,0.802625,0.729620,0.716402,0.700426,0.729660,0.638063,0.721546,0.688902,0.674305,0.637337,0.681489,0.613510,0.786278,0.758051,0.575123,0.686374,0.790740,0.749718,0.773823,0.723976,0.769211,0.653875,0.620642,0.707664,0.750613,0.673166,0.726470,0.667526,0.703918,0.752184,0.717667,0.666019,0.758677,0.583087,0.673989,0.682587,0.670264,0.641170,0.697016,0.701424,0.800538,0.746080,0.742978,0.699986,0.705231,0.670111,0.683165,0.746485,0.761276,0.693895,0.670655,0.720113,0.640942,0.740908,0.706603,0.732231,0.706063,0.759541,0.692542,0.766909,0.755689,0.678257,0.711003,0.726615,0.646423,0.774646,0.686827,0.778791,0.754313,0.676474,0.660307,0.679911,0.730235,0.799975,0.691626,0.755521,0.630465,0.734194,0.748155,0.719466,0.665818,0.799619,0.741371,0.641973,0.594519,0.665349,0.738236,0.707449,0.726133,0.742904,0.701892,0.814330,0.572613,0.701103,0.771542,0.685142,0.711404,0.729852,0.735456,0.714683,0.690520,0.729756,0.636275,0.718973,0.792526,0.689540,0.686295,0.710113,0.730200,0.756482,0.739538,0.719638,0.713522,0.779592,0.762751,0.723346,0.644875,#
18,0.718845,0.674695,0.658892,0.735689,0.568521,0.698560,0.683173,0.609474,0.612747,0.622109,0.751958,0.766494,0.663375,0.664073,0.588836,0.739380,0.726732,0.662466,1.000000,0.604891,0.662702,0.698705,0.669294,0.686162,0.656099,0.680183,0.777137,0.640323,0.576298,0.668976,0.685183,0.688884,0.744179,0.756634,0.691958,0.802451,0.698137,0.702268,0.695332,0.714291,0.713467,0.624448,0.723422,0.622680,0.707497,0.657026,0.770286,0.733592,0.757832,0.705898,0.670963,0.546281,0.714071,0.579148,0.765611,0.737995,0.660335,0.704573,0.690034,0.740051,0.737161,0.658520,0.679249,0.706346,0.712992,0.675401,0.658753,0.762103,0.788877,0.715829,0.769702,0.712779,0.728069,0.540955,0.721495,0.628196,0.734335,0.666664,0.666448,0.606051,0.759169,0.636467,0.627055,0.767886,0.787335,0.714729,0.693946,0.600700,0.738629,0.672358,0.657202,0.659942,0.755809,0.707839,0.580624,0.691663,0.636625,0.693291,0.761667,0.702200,0.654371,0.624861,0.682842,0.723653,0.678160,0.679353,0.653955,0.694758,0.693967,0.714613,0.756665,0.690006,0.760104,0.670585,0.575395,0.731536,0.665416,0.693619,0.708182,0.676754,0.565585,0.715600,0.610305,0.771068,0.686578,0.677518,0.782438,0.590571,0.740910,0.664114,0.754783,0.697643,0.717217,0.672410,0.687317,0.643431,0.746917,0.678747,0.728766,0.724149,0.671136,0.688544,0.637759,0.797006,0.616827,0.679017,0.654575,0.630074,0.744696,0.620675,0.676238,0.687216,0.628650,0.568989,0.694191,0.696963,0.697391,0.751585,0.654915,0.593418,0.725304,0.756990,0.773981,0.747823,0.716309,0.675902,0.797231,0.603918,0.578196,0.721985,0.668041,0.711058,0.688652,0.703986,0.640748,0.674774,0.645846,0.703736,0.759616,0.747913,0.607041,0.732882,0.686536,0.586326,0.699409,0.711479,0.623067,0.684693,0.678466,0.730796,0.647030,0.688415,0.682533,0.734752,0.703367,0.692765,0.685799,0.755111,0.666195,0.694093,#
19,0.614917,0.650703,0.630042,0.596574,0.645102,0.618445,0.607099,0.569015,0.662135,0.528435,0.626866,0.608389,0.547922,0.620714,0.587729,0.671693,0.592968,0.720795,0.604891,1.000000,0.593520,0.552406,0.608558,0.650582,0.626463,0.532159,0.606980,0.560472,0.519307,0.609418,0.718003,0.719891,0.654078,0.577296,0.515018,0.748681,0.520101,0.678827,0.620592,0.621865,0.628706,0.562678,0.675352,0.662252,0.591471,0.602560,0.789528,0.689290,0.638138,0.611545,0.537442,0.560524,0.623122,0.547346,0.662632,0.590701,0.646227,0.661785,0.611127,0.513353,0.626054,0.585529,0.717405,0.618124,0.640355,0.698033,0.650469,0.582188,0.707978,0.604060,0.612123,0.649264,0.655984,0.503705,0.628777,0.515866,0.554110,0.597928,0.535483,0.517193,0.699117,0.572105,0.689394,0.566977,0.624420,0.549347,0.610896,0.600179,0.671322,0.559120,0.586192,0.632031,0.536459,0.678482,0.542260,0.573970,0.624578,0.564015,0.587193,0.677877,0.595947,0.608378,0.592878,0.635983,0.639559,0.498415,0.588888,0.586293,0.581755,0.580357,0.624009,0.565554,0.681237,0.639002,0.600791,0.638475,0.541363,0.596043,0.589708,0.530296,0.615899,0.639191,0.445207,0.792631,0.667429,0.634371,0.609858,0.543460,0.728791,0.745597,0.648272,0.697386,0.614510,0.654166,0.641360,0.643324,0.578702,0.589355,0.600132,0.606625,0.640100,0.606154,0.631920,0.662196,0.483996,0.603786,0.526100,0.526964,0.659358,0.550001,0.590154,0.641200,0.573407,0.580479,0.647272,0.518317,0.698004,0.635122,0.606613,0.555514,0.511356,0.652000,0.606367,0.604690,0.602791,0.573269,0.573421,0.642295,0.562128,0.616748,0.592222,0.641437,0.607807,0.585740,0.680802,0.428365,0.611287,0.677875,0.613456,0.565938,0.468374,0.638798,0.675936,0.662411,0.552764,0.550125,0.537969,0.680002,0.615442,0.653882,0.627409,0.540168,0.625163,0.643476,0.683369,0.611997,0.596712,0.603229,0.561851,0.607964,#
20,0.715642,0.657073,0.525087,0.559405,0.514959,0.588606,0.687152,0.590203,0.567420,0.679242,0.614469,0.594399,0.557203,0.593821,0.590977,0.617243,0.731602,0.675204,0.662702,0.593520,1.000000,0.599585,0.596714,0.698536,0.624420,0.607502,0.640257,0.659459,0.456620,0.635058,0.639648,0.614075,0.583388,0.661557,0.618691,0.637751,0.638902,0.649206,0.654894,0.675400,0.615708,0.646341,0.617024,0.768632,0.663816,0.569057,0.662177,0.751635,0.644406,0.649389,0.610058,0.626255,0.608413,0.591310,0.602149,0.659766,0.565798,0.648624,0.625373,0.551053,0.702766,0.670214,0.721733,0.583710,0.667981,0.678357,0.706186,0.633441,0.717633,0.502796,0.590034,0.672027,0.606381,0.552925,0.613326,0.502439,0.588532,0.689466,0.633509,0.655792,0.674907,0.675722,0.584676,0.730186,0.601209,0.646351,0.664782,0.565387,0.679145,0.677277,0.615385,0.643426,0.564319,0.689781,0.623515,0.648845,0.551004,0.424243,0.607158,0.670929,0.660523,0.691645,0.618694,0.753595,0.685195,0.525619,0.664624,0.713719,0.679450,0.670848,0.662245,0.672714,0.615149,0.556119,0.600544,0.648399,0.543555,0.635165,0.500518,0.535142,0.605192,0.659871,0.498588,0.733520,0.669058,0.639707,0.557305,0.513652,0.554439,0.578432,0.623330,0.581269,0.665130,0.675683,0.668713,0.558590,0.525048,0.698528,0.642998,0.712809,0.631771,0.507982,0.642696,0.727219,0.598678,0.613959,0.674631,0.643674,0.642776,0.652960,0.685826,0.626361,0.591327,0.563949,0.676218,0.617997,0.590514,0.694201,0.577902,0.572528,0.632477,0.656897,0.597971,0.630911,0.736691,0.553405,0.587351,0.527713,0.528796,0.678019,0.584575,0.596251,0.679606,0.656720,0.628200,0.533007,0.584213,0.718713,0.600113,0.754045,0.504234,0.630751,0.617326,0.577974,0.575615,0.646077,0.590242,0.669011,0.607333,0.570440,0.585084,0.545945,0.636478,0.651877,0.665353,0.636593,0.713745,0.706543,0.625525,0.657757,#
21,0.610190,0.746569,0.638205,0.656739,0.526407,0.676914,0.581907,0.530295,0.673934,0.537824,0.614500,0.635299,0.487056,0.514535,0.597795,0.673520,0.647130,0.595829,0.698705,0.552406,0.599585,1.000000,0.677759,0.716209,0.586852,0.473102,0.732069,0.592231,0.528910,0.558628,0.657443,0.543122,0.629825,0.646823,0.629734,0.725846,0.562375,0.613108,0.597753,0.590088,0.552479,0.629238,0.623118,0.651120,0.670716,0.616540,0.646715,0.703002,0.642081,0.663105,0.539211,0.590234,0.658347,0.580200,0.624027,0.666726,0.605397,0.609272,0.756051,0.551469,0.566611,0.711417,0.575687,0.542505,0.669660,0.565130,0.606253,0.647002,0.686560,0.686899,0.642332,0.679392,0.676282,0.585011,0.689556,0.595482,0.650918,0.641665,0.630273,0.560709,0.616708,0.617572,0.695289,0.665959,0.730511,0.619925,0.585977,0.629459,0.726824,0.699849,0.481865,0.547848,0.637616,0.583202,0.605323,0.640927,0.600931,0.552361,0.649851,0.685002,0.650685,0.653330,0.533176,0.700735,0.538397,0.645080,0.592725,0.651139,0.538941,0.668963,0.674623,0.616483,0.700043,0.647122,0.464597,0.513644,0.557538,0.745328,0.555579,0.612855,0.523693,0.531058,0.564361,0.639691,0.616598,0.553771,0.629473,0.597776,0.596653,0.674176,0.660453,0.672768,0.514223,0.635161,0.739924,0.547678,0.620993,0.564086,0.593379,0.628408,0.689517,0.615279,0.576014,0.611451,0.509549,0.572863,0.660651,0.528092,0.619292,0.607304,0.653872,0.711622,0.595482,0.597845,0.573063,0.582924,0.654047,0.643437,0.544226,0.537799,0.646568,0.658805,0.678865,0.653344,0.736384,0.586600,0.663682,0.575671,0.442886,0.628648,0.648191,0.605603,0.657423,0.638421,0.534741,0.546229,0.497081,0.663009,0.670493,0.685210,0.550069,0.680741,0.565221,0.694738,0.556096,0.602278,0.692783,0.526401,0.609292,0.629960,0.601316,0.508405,0.609175,0.658681,0.646834,0.643758,0.631926,0.669663,0.460680,0.710268,#
