0,1.000000,0.568326,0.578529,0.590435,0.441417,0.496962,0.500836,0.570224,0.491766,0.430217,0.507852,0.495101,0.495154,0.477318,0.332293,0.518850,0.570975,0.491882,0.567697,0.432299,0.578197,0.523738,0.432180,0.519515,0.281884,0.577480,0.423981,0.468764,0.509745,0.439723,0.527806,0.508257,0.497599,0.448518,0.488249,0.403831,0.490015,0.582288,0.520454,0.539858,0.475362,0.537156,0.456652,0.546966,0.491060,0.450549,0.502066,0.451037,0.497401,0.441500,0.578567,0.600217,0.539965,0.534772,0.544238,0.566422,0.616848,0.596463,0.567795,0.593387,0.620488,0.194597,0.613534,0.438981,0.612870,0.345997,0.567921,0.422883,0.485107,0.368538,0.419076,0.631279,0.653553,0.633065,0.451802,0.647726,0.413746,0.316248,0.645612,0.509808,0.519387,0.582137,0.602731,0.587690,0.421144,0.557192,0.589006,0.557669,0.445900,0.558202,0.501445,0.423749,0.437325,0.581597,0.473422,0.455258,0.454673,0.482264,0.462982,0.614285,0.525144,0.526162,0.443669,0.463128,0.453357,0.644078,0.353811,0.542327,0.532903,0.430382,0.538142,0.506171,0.552452,0.561663,0.628259,0.681449,0.495061,0.658567,0.479668,0.383156,0.399787,0.679840,0.561705,0.598842,0.618305,0.556617,0.475997,0.570530,0.471479,0.461929,0.594024,0.449240,0.591511,0.451008,0.522635,0.547258,0.425017,0.671674,0.568105,0.569978,0.477876,0.420914,0.328716,0.499821,0.430282,0.385012,0.566156,0.407763,0.497541,0.480229,0.534716,0.646162,0.546004,0.470324,0.589322,0.422650,0.617155,0.538807,0.568872,0.526977,0.468166,0.530264,0.561480,0.574851,0.538267,0.497286,0.523110,0.513905,0.416640,0.496688,0.511029,0.411436,0.548134,0.701217,0.552228,0.550154,0.497450,0.499809,0.470088,0.391142,0.534179,0.473723,0.266221,0.484849,0.484664,0.493426,0.508035,0.389044,0.456299,0.558003,0.506787,0.571588,0.460654,0.567440,0.545057,0.458952,0.528953,0.615570,0.549937,0.494928,#
1,0.568326,1.000000,0.633183,0.598740,0.542577,0.637377,0.422179,0.605024,0.702283,0.572662,0.631082,0.411782,0.584429,0.510604,0.601044,0.649156,0.563546,0.488840,0.608347,0.586822,0.626988,0.691612,0.560655,0.518908,0.437973,0.440347,0.636163,0.666032,0.596781,0.548048,0.666408,0.613118,0.586199,0.639809,0.579191,0.565303,0.476082,0.700142,0.755431,0.441788,0.510775,0.454164,0.492472,0.509867,0.581595,0.471693,0.541493,0.479801,0.600119,0.474296,0.511066,0.646234,0.566662,0.578297,0.703853,0.482156,0.626261,0.527240,0.459902,0.402478,0.698968,0.470213,0.487069,0.489643,0.592029,0.535062,0.666065,0.440949,0.553356,0.605575,0.504228,0.565847,0.666717,0.565464,0.613955,0.662477,0.434959,0.437870,0.538350,0.531522,0.594005,0.538957,0.648970,0.610935,0.578558,0.528370,0.562914,0.640761,0.625977,0.524333,0.560714,0.446046,0.634376,0.666777,0.597767,0.430169,0.457448,0.611671,0.593859,0.633188,0.666924,0.591787,0.494505,0.544089,0.511454,0.659032,0.418360,0.558397,0.578519,0.608147,0.527476,0.461004,0.534718,0.560495,0.511591,0.509345,0.533794,0.604626,0.513493,0.483841,0.564082,0.561392,0.377268,0.562063,0.565723,0.485211,0.501635,0.545742,0.588581,0.576809,0.530736,0.697912,0.473575,0.445521,0.638949,0.496806,0.454469,0.531999,0.571339,0.552578,0.679257,0.537629,0.549781,0.662827,0.517691,0.545261,0.586495,0.505544,0.656671,0.464967,0.646474,0.657046,0.645864,0.500488,0.603902,0.565246,0.599130,0.531557,0.487832,0.599900,0.619572,0.590402,0.619826,0.611147,0.519791,0.447681,0.592441,0.505585,0.425826,0.459881,0.585244,0.478709,0.566641,0.530299,0.596773,0.570113,0.569388,0.766811,0.398707,0.467918,0.569317,0.571860,0.451662,0.638589,0.542056,0.660643,0.577840,0.407355,0.530636,0.566590,0.585539,0.606611,0.533862,0.622454,0.648521,0.402961,0.452744,0.595297,0.489956,0.455723,#
2,0.578529,0.633183,1.000000,0.535629,0.388229,0.577285,0.479308,0.539271,0.688144,0.444512,0.465368,0.384715,0.422524,0.474745,0.424198,0.539850,0.418283,0.550917,0.419563,0.485743,0.404221,0.501990,0.462208,0.631573,0.479554,0.457046,0.624995,0.630231,0.649158,0.485674,0.631866,0.534840,0.461801,0.459198,0.499787,0.449336,0.475392,0.542805,0.635298,0.522365,0.426885,0.530062,0.564728,0.429480,0.402138,0.390655,0.597774,0.371172,0.530098,0.549317,0.630845,0.680332,0.546572,0.594000,0.687036,0.565870,0.559050,0.501458,0.488126,0.473183,0.728641,0.422350,0.431296,0.531317,0.499581,0.491590,0.596140,0.574091,0.479915,0.593793,0.448860,0.482922,0.602816,0.528958,0.507502,0.572053,0.431262,0.330535,0.548700,0.500216,0.537985,0.638599,0.563395,0.595964,0.618608,0.550912,0.438330,0.697960,0.503110,0.495489,0.475590,0.435161,0.673118,0.567796,0.499786,0.504649,0.502393,0.493676,0.680583,0.594451,0.507264,0.454796,0.448029,0.443188,0.351402,0.577923,0.516476,0.545331,0.476055,0.433532,0.586287,0.435977,0.514779,0.477556,0.446641,0.454854,0.505513,0.664779,0.559504,0.413943,0.549685,0.448708,0.370186,0.659983,0.533286,0.430910,0.512971,0.621057,0.491011,0.607715,0.645989,0.561094,0.638473,0.529041,0.552586,0.574798,0.571386,0.555396,0.642542,0.595912,0.501230,0.592528,0.449310,0.439760,0.550733,0.615575,0.413093,0.535125,0.457260,0.451665,0.609607,0.573055,0.541336,0.538090,0.566334,0.485456,0.540679,0.390774,0.485612,0.472050,0.474992,0.450666,0.487875,0.499697,0.504638,0.510310,0.572020,0.403500,0.441872,0.504383,0.584332,0.412760,0.551420,0.484984,0.610005,0.545053,0.483074,0.611292,0.458589,0.440464,0.518254,0.614632,0.265710,0.665002,0.551511,0.533520,0.517571,0.364154,0.590379,0.563818,0.531561,0.590439,0.709246,0.569507,0.470442,0.469273,0.445147,0.606226,0.424123,0.656882,#
3,0.590435,0.598740,0.535629,1.000000,0.608923,0.627101,0.521885,0.581700,0.664197,0.563118,0.614243,0.451301,0.595922,0.518650,0.472237,0.633096,0.533054,0.584010,0.602893,0.565772,0.528452,0.419749,0.442463,0.466065,0.475829,0.604829,0.548879,0.603984,0.509377,0.534852,0.619826,0.698668,0.493388,0.556309,0.633957,0.499056,0.455865,0.638366,0.463258,0.682987,0.555475,0.511681,0.558471,0.711209,0.496768,0.581735,0.683618,0.352895,0.606803,0.389301,0.732360,0.590424,0.580002,0.473552,0.566196,0.644932,0.544989,0.543734,0.573195,0.653828,0.574769,0.378183,0.517167,0.601563,0.699902,0.541777,0.529320,0.584851,0.371647,0.420056,0.415564,0.564169,0.609250,0.599936,0.458495,0.595289,0.432305,0.477113,0.485675,0.612653,0.713472,0.472855,0.507128,0.558033,0.530786,0.677957,0.648072,0.510007,0.541198,0.523123,0.574248,0.516377,0.558905,0.660114,0.481128,0.508935,0.376566,0.476578,0.565507,0.585837,0.487024,0.591267,0.486696,0.391711,0.659603,0.519331,0.335974,0.464634,0.570692,0.488069,0.546736,0.455098,0.433058,0.544190,0.538194,0.731544,0.353091,0.510522,0.492768,0.394418,0.516481,0.633748,0.436030,0.554727,0.558262,0.670563,0.476955,0.616702,0.482000,0.523721,0.597794,0.562852,0.523769,0.476601,0.536034,0.596228,0.564333,0.590130,0.444460,0.606334,0.456072,0.611176,0.587654,0.502581,0.630526,0.689216,0.489615,0.575473,0.579802,0.454874,0.605884,0.622987,0.503738,0.617546,0.540902,0.454585,0.662052,0.504708,0.517586,0.550879,0.580193,0.544750,0.519882,0.464024,0.497634,0.549929,0.608754,0.466088,0.563100,0.404499,0.571708,0.557911,0.586921,0.572746,0.592209,0.490373,0.679578,0.604842,0.483065,0.451896,0.503373,0.633170,0.419678,0.596953,0.635088,0.642844,0.571807,0.368550,0.521738,0.701337,0.585434,0.496868,0.445822,0.502993,0.583869,0.605152,0.506802,0.607140,0.447645,0.486939,#
4,0.441417,0.542577,0.388229,0.608923,1.000000,0.666956,0.548736,0.544838,0.511958,0.446793,0.391413,0.595751,0.538269,0.485606,0.385343,0.562450,0.618455,0.699973,0.549061,0.653402,0.605965,0.397345,0.357225,0.522497,0.487628,0.569909,0.496019,0.488760,0.483988,0.471922,0.664716,0.572098,0.494433,0.371487,0.517845,0.442421,0.506082,0.636987,0.397792,0.536406,0.565875,0.380374,0.353132,0.543162,0.401235,0.579958,0.489468,0.481901,0.648999,0.496339,0.598006,0.466098,0.586212,0.411688,0.579597,0.582560,0.478604,0.510548,0.514414,0.447766,0.510876,0.381904,0.470625,0.465485,0.521225,0.577532,0.631828,0.425562,0.422997,0.471698,0.425492,0.601875,0.528408,0.596317,0.432473,0.382079,0.346611,0.480948,0.499461,0.545723,0.466595,0.443918,0.551080,0.465684,0.475788,0.402675,0.419954,0.417321,0.425626,0.520068,0.526526,0.447625,0.422608,0.589061,0.376173,0.460016,0.451149,0.337233,0.349876,0.558506,0.600307,0.582053,0.554357,0.414447,0.566006,0.504271,0.476746,0.525574,0.615236,0.464775,0.462008,0.438736,0.331200,0.590673,0.502230,0.469387,0.531392,0.575740,0.486174,0.206942,0.442755,0.491730,0.594865,0.545941,0.517024,0.643016,0.392301,0.556995,0.612092,0.494788,0.615062,0.496881,0.468725,0.477824,0.650606,0.550801,0.543057,0.581600,0.441119,0.444855,0.454657,0.473741,0.629492,0.541008,0.486338,0.421615,0.534276,0.591391,0.504119,0.492507,0.669014,0.632114,0.412630,0.424246,0.633116,0.565872,0.663127,0.404236,0.481633,0.438646,0.469340,0.376139,0.666610,0.420503,0.586919,0.442034,0.445932,0.364742,0.532720,0.448607,0.498252,0.516407,0.593350,0.445535,0.614184,0.533139,0.677347,0.579187,0.404131,0.470928,0.570046,0.465260,0.515288,0.459464,0.612672,0.565182,0.533020,0.604675,0.486955,0.501091,0.417063,0.470483,0.449553,0.555218,0.436588,0.443812,0.427194,0.594738,0.566093,0.308512,#
5,0.496962,0.637377,0.577285,0.627101,0.666956,1.000000,0.411931,0.559665,0.649915,0.369354,0.470087,0.497887,0.358563,0.341489,0.519579,0.635781,0.555100,0.538382,0.429145,0.623371,0.529178,0.549806,0.306726,0.458569,0.380953,0.582905,0.668297,0.551814,0.485851,0.419618,0.639985,0.615825,0.514615,0.406567,0.598875,0.503749,0.463712,0.611585,0.511848,0.448929,0.595515,0.448088,0.440974,0.480881,0.512760,0.652816,0.559677,0.398378,0.604249,0.333016,0.600067,0.559556,0.525490,0.640813,0.557033,0.675868,0.558873,0.544525,0.585052,0.498248,0.637263,0.451886,0.582841,0.610308,0.517262,0.479690,0.612660,0.424046,0.355248,0.579257,0.467117,0.531097,0.631027,0.599165,0.415556,0.535838,0.463494,0.261042,0.446809,0.591568,0.563489,0.505937,0.573990,0.477180,0.484970,0.536172,0.572820,0.584817,0.492816,0.472518,0.466936,0.442743,0.541416,0.673990,0.490805,0.416271,0.486287,0.397742,0.557700,0.515056,0.580860,0.578720,0.635200,0.454257,0.522545,0.569107,0.431430,0.460203,0.468106,0.541926,0.516640,0.562315,0.458316,0.456476,0.359973,0.486578,0.592297,0.543013,0.456893,0.392573,0.468265,0.531450,0.445509,0.600434,0.513819,0.565975,0.484445,0.595819,0.581221,0.621567,0.649492,0.609652,0.591002,0.577271,0.607675,0.512689,0.588052,0.541314,0.413447,0.595955,0.520849,0.447688,0.519152,0.576818,0.583279,0.503927,0.507907,0.564529,0.561922,0.561388,0.588089,0.611255,0.376652,0.497190,0.664553,0.367756,0.641430,0.406262,0.456625,0.475465,0.493974,0.512292,0.551576,0.450641,0.558057,0.446411,0.418227,0.543456,0.455907,0.533689,0.525104,0.520981,0.564672,0.488120,0.746346,0.451396,0.526349,0.567837,0.435491,0.452452,0.547395,0.520609,0.383937,0.513654,0.665873,0.630419,0.609996,0.385267,0.441522,0.684625,0.414004,0.559781,0.456448,0.492586,0.292956,0.462270,0.365106,0.480609,0.421421,0.381659,#
6,0.500836,0.422179,0.479308,0.521885,0.548736,0.411931,1.000000,0.373076,0.443301,0.363397,0.359767,0.376981,0.452192,0.534769,0.234453,0.443684,0.501589,0.558726,0.491832,0.479818,0.591867,0.378864,0.229633,0.441528,0.398354,0.462681,0.459522,0.374479,0.400693,0.426202,0.516196,0.587600,0.442822,0.445266,0.518013,0.442246,0.448667,0.392593,0.385574,0.549756,0.406511,0.600063,0.359785,0.408148,0.462833,0.362323,0.528896,0.281701,0.656885,0.428048,0.599723,0.566531,0.557087,0.279839,0.602292,0.485885,0.481907,0.552615,0.589777,0.439732,0.462129,0.326993,0.299210,0.406034,0.531117,0.469887,0.678109,0.376872,0.529067,0.423059,0.279704,0.525937,0.491273,0.568454,0.396482,0.354410,0.297312,0.341375,0.418132,0.379439,0.350826,0.522590,0.450963,0.563146,0.397057,0.400389,0.383230,0.415855,0.573829,0.479699,0.430706,0.400097,0.386982,0.562658,0.397018,0.359503,0.404356,0.400059,0.414268,0.461722,0.518326,0.452390,0.426368,0.390248,0.471157,0.379073,0.472794,0.389920,0.466922,0.518334,0.302278,0.318227,0.344968,0.513743,0.385957,0.373213,0.482071,0.578895,0.439309,0.283161,0.392772,0.548078,0.393379,0.592402,0.622855,0.528984,0.480090,0.521991,0.311439,0.372741,0.510712,0.460047,0.474858,0.358674,0.457004,0.443938,0.498947,0.484026,0.576981,0.464534,0.531969,0.462933,0.460740,0.479124,0.413863,0.484420,0.329262,0.405454,0.356833,0.366784,0.514864,0.578040,0.403548,0.481643,0.470474,0.454257,0.522553,0.306048,0.510397,0.498400,0.523714,0.490962,0.470856,0.429077,0.455186,0.470468,0.549128,0.328914,0.407356,0.491505,0.415406,0.367921,0.466128,0.352916,0.385656,0.508398,0.506455,0.432754,0.506089,0.416148,0.431368,0.400701,0.457998,0.588727,0.358746,0.466320,0.403571,0.553075,0.378515,0.471047,0.323558,0.554191,0.486113,0.552399,0.503101,0.377591,0.372278,0.549653,0.460361,0.434371,#
7,0.570224,0.605024,0.539271,0.581700,0.544838,0.559665,0.373076,1.000000,0.634006,0.473300,0.511764,0.511414,0.439159,0.470192,0.500644,0.604424,0.560760,0.539052,0.630626,0.523151,0.532490,0.466038,0.647237,0.516036,0.537302,0.535775,0.586699,0.522374,0.516529,0.533900,0.566247,0.627808,0.487505,0.534248,0.536976,0.408052,0.619099,0.476203,0.466055,0.412493,0.643033,0.458317,0.380884,0.507297,0.415277,0.437530,0.537850,0.513042,0.549774,0.325092,0.656388,0.585143,0.562401,0.595851,0.547502,0.506074,0.539167,0.627766,0.464773,0.539473,0.566975,0.387718,0.607233,0.446943,0.616456,0.534051,0.669152,0.594598,0.488631,0.474659,0.506684,0.254474,0.565234,0.609349,0.501222,0.467704,0.556551,0.369741,0.538508,0.471911,0.568885,0.549588,0.575786,0.565842,0.595001,0.549273,0.646654,0.497565,0.538860,0.512742,0.526399,0.545464,0.526485,0.652419,0.599900,0.485588,0.466120,0.557978,0.556343,0.580575,0.688525,0.459183,0.569596,0.454482,0.481216,0.551701,0.503811,0.574412,0.524695,0.430459,0.596118,0.418350,0.591845,0.581365,0.490458,0.581397,0.472762,0.511141,0.398269,0.494070,0.569326,0.546173,0.426044,0.580920,0.558320,0.578274,0.503559,0.695685,0.436230,0.368439,0.584109,0.500719,0.514405,0.305565,0.619040,0.621645,0.711694,0.573695,0.538014,0.615904,0.521652,0.543797,0.504251,0.369750,0.585001,0.544724,0.550008,0.388803,0.519892,0.413683,0.580798,0.570549,0.529664,0.591827,0.607896,0.628543,0.522978,0.475473,0.542995,0.450234,0.559595,0.481977,0.700399,0.346624,0.583753,0.518362,0.531035,0.490895,0.463190,0.445596,0.562330,0.578765,0.471699,0.564627,0.536227,0.606988,0.494615,0.499074,0.507544,0.478090,0.506583,0.496481,0.405936,0.588329,0.558875,0.562175,0.590758,0.427215,0.535395,0.558513,0.571440,0.585778,0.491989,0.497327,0.511781,0.446012,0.504912,0.568654,0.588397,0.467804,#
8,0.491766,0.702283,0.688144,0.664197,0.511958,0.649915,0.443301,0.634006,1.000000,0.549552,0.535523,0.529776,0.587487,0.466686,0.489467,0.625369,0.534262,0.587351,0.507054,0.603333,0.516626,0.564195,0.447290,0.477362,0.297869,0.581313,0.565693,0.654651,0.578120,0.522123,0.586527,0.626399,0.488390,0.546538,0.579935,0.542621,0.472815,0.605270,0.511113,0.495292,0.503249,0.502666,0.575028,0.541793,0.498354,0.404956,0.601157,0.358847,0.580835,0.465696,0.627282,0.639926,0.520544,0.653171,0.654810,0.605971,0.515810,0.601106,0.555750,0.437822,0.618773,0.527437,0.557508,0.487688,0.546679,0.565920,0.631415,0.566245,0.528700,0.593479,0.426544,0.518860,0.706782,0.674613,0.494057,0.554558,0.496537,0.557288,0.403439,0.595999,0.551823,0.552337,0.626044,0.631658,0.609442,0.588128,0.506866,0.590064,0.487102,0.408213,0.510222,0.537807,0.687125,0.491048,0.622961,0.499609,0.439547,0.549919,0.673816,0.561570,0.551036,0.581221,0.597563,0.514604,0.527006,0.596873,0.557986,0.587856,0.459666,0.520046,0.564314,0.488581,0.625612,0.576299,0.483404,0.545179,0.511227,0.529541,0.554160,0.546523,0.523235,0.415823,0.452150,0.568187,0.488992,0.603961,0.496300,0.630149,0.509024,0.522553,0.555444,0.479679,0.552674,0.555011,0.680322,0.536243,0.609714,0.622927,0.503361,0.631623,0.609611,0.672378,0.597679,0.482188,0.609739,0.521853,0.472261,0.379091,0.498740,0.570324,0.647043,0.652078,0.568867,0.755922,0.508495,0.541621,0.609242,0.482547,0.624272,0.660111,0.560532,0.512255,0.607530,0.578718,0.560655,0.409391,0.488391,0.546946,0.566382,0.572348,0.588503,0.474069,0.502985,0.489244,0.606760,0.591379,0.487328,0.661775,0.462683,0.247723,0.583306,0.626391,0.374369,0.750050,0.578225,0.605704,0.620657,0.369129,0.518975,0.588259,0.620816,0.557750,0.651706,0.529835,0.508820,0.525888,0.592743,0.481112,0.486029,0.615639,#
9,0.430217,0.572662,0.444512,0.563118,0.446793,0.369354,0.363397,0.473300,0.549552,1.000000,0.428393,0.263222,0.460844,0.468972,0.496392,0.447301,0.512654,0.493322,0.522270,0.469950,0.646686,0.443726,0.380064,0.451958,0.382198,0.492546,0.462726,0.685872,0.361420,0.686803,0.440973,0.458192,0.554853,0.512604,0.526488,0.449370,0.396296,0.482536,0.404796,0.588243,0.516462,0.647815,0.382244,0.494211,0.438512,0.403131,0.442334,0.354829,0.496371,0.311207,0.483290,0.572210,0.353438,0.419143,0.505076,0.522100,0.452381,0.629614,0.409918,0.454567,0.556188,0.385026,0.444111,0.444772,0.542555,0.645746,0.612326,0.537068,0.469975,0.369633,0.330139,0.455814,0.458023,0.506683,0.515138,0.598384,0.302130,0.604842,0.429568,0.603468,0.513229,0.500216,0.448603,0.640130,0.482973,0.429103,0.460412,0.445456,0.510989,0.323933,0.462057,0.381193,0.612295,0.531434,0.559455,0.492940,0.336065,0.434802,0.402863,0.529190,0.522916,0.434843,0.414487,0.469647,0.537654,0.606507,0.455799,0.514084,0.587422,0.523815,0.570589,0.444890,0.512582,0.448043,0.399825,0.579714,0.222740,0.574411,0.364036,0.338750,0.470622,0.439919,0.475341,0.535972,0.445474,0.507881,0.543153,0.423730,0.517506,0.376262,0.391304,0.579799,0.498635,0.494775,0.519558,0.431369,0.433514,0.591368,0.455183,0.559356,0.463542,0.694086,0.545138,0.461948,0.609831,0.565404,0.478807,0.592470,0.425646,0.377700,0.435334,0.510703,0.476175,0.541026,0.484662,0.501744,0.480426,0.562324,0.356785,0.601349,0.466226,0.505525,0.502469,0.520478,0.419196,0.480616,0.398194,0.422718,0.554859,0.343530,0.528879,0.577102,0.537262,0.490588,0.525265,0.659596,0.437461,0.521298,0.391790,0.473469,0.535989,0.463524,0.422663,0.566368,0.511189,0.755934,0.465759,0.353815,0.551532,0.424138,0.528814,0.521148,0.412523,0.474546,0.521015,0.432525,0.414895,0.444555,0.439114,0.374837,#
10,0.507852,0.631082,0.465368,0.614243,0.391413,0.470087,0.359767,0.511764,0.535523,0.428393,1.000000,0.457269,0.511160,0.451019,0.366572,0.551285,0.474888,0.440375,0.606887,0.507154,0.459495,0.482880,0.424108,0.520099,0.307028,0.457695,0.470463,0.576406,0.545426,0.554927,0.498207,0.516770,0.436570,0.503328,0.550319,0.561222,0.463653,0.592244,0.594324,0.381142,0.408770,0.483957,0.450037,0.494377,0.369003,0.605692,0.615465,0.477178,0.580531,0.393425,0.433105,0.497118,0.539692,0.391241,0.636020,0.378528,0.610592,0.559460,0.408923,0.378011,0.566496,0.476246,0.571422,0.488438,0.613633,0.385885,0.419175,0.375380,0.488695,0.547384,0.358228,0.517426,0.647635,0.419784,0.398110,0.630324,0.431709,0.516737,0.539612,0.474012,0.591423,0.533783,0.482473,0.567499,0.453430,0.397324,0.650885,0.543994,0.560639,0.489470,0.408204,0.405016,0.624665,0.583286,0.430735,0.485788,0.338765,0.526304,0.533613,0.673344,0.520149,0.363590,0.481032,0.524568,0.545963,0.582565,0.277359,0.512303,0.480378,0.565473,0.546947,0.341004,0.516255,0.512967,0.452976,0.455545,0.348932,0.437600,0.555332,0.433715,0.495600,0.650215,0.268264,0.496244,0.345367,0.553938,0.603334,0.504775,0.536434,0.499474,0.437466,0.490245,0.489475,0.450127,0.587944,0.574676,0.436298,0.398176,0.529899,0.517570,0.671820,0.509119,0.442260,0.521249,0.437442,0.455430,0.361395,0.459101,0.452942,0.283469,0.543561,0.568877,0.514142,0.435645,0.595211,0.497156,0.652502,0.552631,0.443147,0.485282,0.706186,0.468804,0.554540,0.473047,0.499506,0.422113,0.577358,0.470661,0.436667,0.431047,0.593789,0.458898,0.397140,0.425921,0.457728,0.514727,0.530306,0.594298,0.321734,0.484455,0.543318,0.335138,0.461135,0.481222,0.463298,0.547794,0.359718,0.485137,0.380964,0.688681,0.532724,0.445243,0.477090,0.581549,0.503790,0.532707,0.445762,0.609176,0.516180,0.521857,#
11,0.495101,0.411782,0.384715,0.451301,0.595751,0.497887,0.376981,0.511414,0.529776,0.263222,0.457269,1.000000,0.579021,0.383955,0.358262,0.516726,0.461860,0.544797,0.518536,0.513154,0.408076,0.344022,0.415522,0.444410,0.284918,0.506183,0.474709,0.395844,0.511198,0.323139,0.439424,0.462406,0.502987,0.351512,0.378484,0.410746,0.484113,0.556181,0.264573,0.457738,0.349088,0.397682,0.319748,0.547078,0.299058,0.479420,0.598194,0.437295,0.403190,0.418358,0.513893,0.422804,0.496956,0.362816,0.547087,0.502207,0.384402,0.387557,0.421897,0.423661,0.421280,0.224128,0.616239,0.413681,0.510661,0.458173,0.455388,0.378239,0.478049,0.556355,0.446751,0.489020,0.562649,0.585575,0.419421,0.378635,0.406428,0.456802,0.422696,0.297361,0.526435,0.395969,0.416677,0.388599,0.428502,0.383669,0.286615,0.399495,0.277331,0.284357,0.553326,0.439989,0.442547,0.442613,0.379369,0.540390,0.456856,0.449004,0.412712,0.422098,0.418896,0.429640,0.414597,0.395217,0.508284,0.551743,0.360090,0.458458,0.570592,0.427780,0.556089,0.431191,0.555741,0.453897,0.255471,0.431680,0.397028,0.469346,0.455762,0.442065,0.322620,0.449762,0.407796,0.522414,0.383065,0.590368,0.533509,0.475759,0.554432,0.421254,0.538777,0.352995,0.516657,0.476796,0.556863,0.452427,0.518201,0.396224,0.448445,0.364752,0.529188,0.436957,0.358477,0.437129,0.446470,0.291891,0.599997,0.433348,0.343834,0.514256,0.468756,0.490277,0.483118,0.414714,0.503769,0.379411,0.580133,0.452196,0.459067,0.421296,0.343294,0.385099,0.662846,0.372904,0.639687,0.234644,0.452639,0.282082,0.435273,0.515974,0.466024,0.410196,0.454654,0.570882,0.392091,0.562653,0.443863,0.393292,0.336250,0.424827,0.489208,0.336460,0.405031,0.489300,0.578338,0.352570,0.356142,0.601075,0.399678,0.469356,0.425737,0.498716,0.401691,0.383526,0.344794,0.504264,0.462276,0.495091,0.464457,0.220460,#
12,0.495154,0.584429,0.422524,0.595922,0.538269,0.358563,0.452192,0.439159,0.587487,0.460844,0.511160,0.579021,1.000000,0.441241,0.463476,0.458576,0.523742,0.518913,0.596055,0.574891,0.528632,0.375148,0.536373,0.501537,0.444433,0.412017,0.433476,0.468458,0.608809,0.412995,0.508257,0.518644,0.494893,0.502934,0.465651,0.557332,0.439251,0.509590,0.492958,0.433157,0.269260,0.373152,0.260354,0.613158,0.331558,0.394916,0.642978,0.317282,0.501024,0.461602,0.646984,0.524549,0.524113,0.482534,0.623625,0.462969,0.372375,0.484679,0.441564,0.394595,0.411579,0.230882,0.431117,0.376363,0.599895,0.543258,0.526980,0.344770,0.441284,0.497882,0.358120,0.512351,0.541088,0.554420,0.564945,0.476808,0.451332,0.505734,0.496495,0.536008,0.463944,0.458566,0.617105,0.559673,0.405361,0.539332,0.409831,0.502863,0.528153,0.418112,0.570875,0.495057,0.571758,0.388540,0.381594,0.514638,0.558285,0.515664,0.497912,0.424430,0.415775,0.564747,0.472820,0.431160,0.515793,0.485946,0.323746,0.410838,0.570017,0.505849,0.446946,0.404965,0.448116,0.530937,0.674228,0.491590,0.355228,0.447056,0.503923,0.389248,0.455555,0.490503,0.406731,0.533264,0.435106,0.621946,0.498851,0.458795,0.548417,0.446868,0.457273,0.433460,0.426518,0.352890,0.504778,0.551826,0.424913,0.474252,0.411628,0.331804,0.675640,0.645293,0.440659,0.538551,0.497416,0.322869,0.532530,0.433082,0.494857,0.611978,0.431789,0.570619,0.457522,0.446020,0.399221,0.559560,0.678012,0.580648,0.586311,0.560110,0.511235,0.464637,0.522357,0.469933,0.562124,0.273448,0.469803,0.472798,0.362071,0.367613,0.520084,0.428010,0.563904,0.463659,0.402599,0.437931,0.620195,0.668220,0.416155,0.329752,0.471089,0.500388,0.492785,0.519386,0.347601,0.457764,0.450353,0.462176,0.537308,0.503610,0.485830,0.486208,0.344379,0.526983,0.441869,0.518092,0.466148,0.552603,0.520993,0.320992,#
13,0.477318,0.510604,0.474745,0.518650,0.485606,0.341489,0.534769,0.470192,0.466686,0.468972,0.451019,0.383955,0.441241,1.000000,0.264301,0.467629,0.401462,0.561322,0.520582,0.474008,0.475159,0.394550,0.531528,0.403684,0.424413,0.441205,0.285807,0.542854,0.550215,0.484500,0.350281,0.511129,0.526449,0.561734,0.259184,0.294818,0.548811,0.531687,0.548652,0.460316,0.637644,0.379695,0.366170,0.455710,0.550741,0.433731,0.526491,0.418237,0.593335,0.459598,0.526680,0.682971,0.392964,0.376625,0.591827,0.527045,0.489275,0.467858,0.495991,0.412741,0.586870,0.309400,0.391215,0.471043,0.497918,0.541697,0.535730,0.326352,0.467902,0.371640,0.317250,0.519393,0.342447,0.658343,0.541242,0.447827,0.362329,0.341233,0.472544,0.407700,0.493128,0.391420,0.545180,0.473257,0.410091,0.440486,0.305868,0.323400,0.606960,0.445929,0.385176,0.479642,0.472588,0.503095,0.481962,0.350566,0.470511,0.376220,0.334884,0.583630,0.492631,0.425846,0.402902,0.590361,0.494244,0.632677,0.309356,0.554460,0.469966,0.417937,0.530241,0.435766,0.435621,0.530612,0.435320,0.547175,0.339678,0.590568,0.499461,0.345955,0.476499,0.548387,0.219072,0.451497,0.492020,0.440991,0.492933,0.419413,0.499123,0.359410,0.517906,0.435403,0.433951,0.339620,0.493486,0.531803,0.418638,0.514387,0.658573,0.349192,0.416063,0.550936,0.541478,0.416689,0.432653,0.442330,0.378870,0.519403,0.456488,0.385714,0.496187,0.523465,0.336358,0.575766,0.402494,0.454297,0.593524,0.457801,0.489111,0.454810,0.517664,0.524598,0.407753,0.509041,0.427363,0.408304,0.531691,0.437549,0.550492,0.358201,0.449035,0.493863,0.561153,0.395660,0.574794,0.554482,0.527359,0.601988,0.442015,0.374023,0.436046,0.375076,0.544606,0.514850,0.477709,0.467600,0.350071,0.498893,0.395632,0.477432,0.484002,0.524528,0.431322,0.510967,0.518579,0.204220,0.502468,0.545388,0.460015,0.369214,#
14,0.332293,0.601044,0.424198,0.472237,0.385343,0.519579,0.234453,0.500644,0.489467,0.496392,0.366572,0.358262,0.463476,0.264301,1.000000,0.482293,0.483404,0.249493,0.338609,0.395022,0.490338,0.406068,0.311135,0.476440,0.295916,0.269409,0.451464,0.497075,0.400774,0.485799,0.516758,0.455475,0.450580,0.386711,0.358368,0.331002,0.345852,0.496985,0.460911,0.230702,0.386425,0.384669,0.454953,0.499405,0.278197,0.385202,0.438251,0.228626,0.277476,0.168018,0.420987,0.423755,0.246987,0.568725,0.384261,0.454254,0.415884,0.325666,0.406256,0.263549,0.494076,0.433278,0.410168,0.307351,0.442027,0.353545,0.434825,0.372601,0.463897,0.474018,0.230573,0.347354,0.452918,0.308241,0.465836,0.473200,0.310647,0.324525,0.323063,0.292822,0.448362,0.477057,0.494091,0.544115,0.426922,0.488675,0.404649,0.458027,0.545870,0.228560,0.386322,0.249753,0.440647,0.562418,0.491854,0.426132,0.564964,0.425966,0.439685,0.311510,0.444736,0.364502,0.420105,0.226841,0.488110,0.566913,0.345076,0.350983,0.540988,0.347944,0.489822,0.473085,0.505006,0.344177,0.272540,0.472305,0.270883,0.483685,0.213746,0.344096,0.435146,0.451832,0.293443,0.471535,0.518292,0.213853,0.416082,0.563555,0.335905,0.396666,0.384339,0.437165,0.398243,0.391300,0.434648,0.421737,0.496106,0.407917,0.378897,0.509241,0.395156,0.495169,0.231823,0.477622,0.446595,0.467155,0.600313,0.488956,0.404646,0.270681,0.430139,0.442707,0.237405,0.353337,0.546087,0.351158,0.440212,0.393871,0.349006,0.413693,0.416310,0.296985,0.433968,0.408134,0.270442,0.192599,0.254517,0.386574,0.216916,0.366983,0.387355,0.441257,0.489688,0.517881,0.400097,0.533532,0.439889,0.476408,0.247040,0.249046,0.375669,0.436944,0.453839,0.487162,0.427291,0.513605,0.565080,0.223577,0.398873,0.394521,0.315047,0.394129,0.512560,0.405640,0.276766,0.351403,0.362105,0.371303,0.291703,0.334684,#
15,0.518850,0.649156,0.539850,0.633096,0.562450,0.635781,0.443684,0.604424,0.625369,0.447301,0.551285,0.516726,0.458576,0.467629,0.482293,1.000000,0.513338,0.521739,0.543188,0.582453,0.485060,0.518806,0.431118,0.499032,0.406452,0.547683,0.567033,0.546873,0.529279,0.541171,0.630524,0.605155,0.511176,0.537915,0.518174,0.527872,0.587748,0.611696,0.602366,0.460761,0.477140,0.523186,0.526391,0.544584,0.601250,0.471035,0.718967,0.566819,0.595061,0.509008,0.614978,0.556653,0.605977,0.526927,0.544713,0.477211,0.617787,0.504372,0.460102,0.364034,0.621178,0.459563,0.486391,0.613832,0.608099,0.534078,0.563349,0.478163,0.448685,0.433621,0.461479,0.455706,0.525426,0.485403,0.577125,0.484478,0.496305,0.487347,0.556844,0.547527,0.564497,0.532434,0.509768,0.571544,0.588213,0.616047,0.483656,0.573651,0.514520,0.408780,0.551641,0.448816,0.550331,0.561904,0.431020,0.539170,0.406718,0.512315,0.399063,0.487388,0.632338,0.460771,0.555401,0.495499,0.499433,0.625502,0.513250,0.562776,0.503918,0.572185,0.464314,0.363281,0.560401,0.505116,0.388833,0.566965,0.530968,0.578736,0.550299,0.404123,0.504693,0.474340,0.386010,0.582955,0.487522,0.527337,0.576861,0.500587,0.624857,0.611122,0.526447,0.430252,0.540158,0.346675,0.540640,0.501630,0.487476,0.448756,0.653347,0.606588,0.493360,0.482944,0.494304,0.483586,0.517532,0.541669,0.457651,0.500501,0.533111,0.526438,0.584560,0.546283,0.595146,0.567736,0.586993,0.450353,0.636898,0.472288,0.551956,0.487185,0.493297,0.587972,0.576311,0.379544,0.549481,0.477868,0.574031,0.577133,0.554349,0.459672,0.446332,0.633873,0.473663,0.549591,0.573905,0.649309,0.578261,0.551425,0.384643,0.415243,0.514982,0.531870,0.402172,0.510637,0.566808,0.614845,0.394396,0.319765,0.419775,0.632957,0.628158,0.551456,0.485757,0.492742,0.538054,0.411458,0.541996,0.593794,0.573116,0.532002,#
16,0.570975,0.563546,0.418283,0.533054,0.618455,0.555100,0.501589,0.560760,0.534262,0.512654,0.474888,0.461860,0.523742,0.401462,0.483404,0.513338,1.000000,0.576546,0.595752,0.528878,0.627803,0.559479,0.336185,0.458400,0.422280,0.629258,0.519180,0.360676,0.460488,0.452771,0.653625,0.577937,0.606047,0.464304,0.472309,0.498003,0.565104,0.508287,0.503873,0.511475,0.470351,0.551268,0.374060,0.447432,0.490669,0.598666,0.474047,0.384977,0.551482,0.431631,0.521268,0.490320,0.548239,0.631702,0.594566,0.652792,0.414197,0.584479,0.596029,0.434172,0.574197,0.442016,0.445601,0.502019,0.592019,0.449131,0.613633,0.494654,0.590418,0.632315,0.439326,0.538862,0.607544,0.548150,0.501704,0.508345,0.533174,0.456180,0.538064,0.597344,0.571031,0.583005,0.588156,0.524545,0.485559,0.394329,0.575350,0.485075,0.543898,0.416690,0.491001,0.434715,0.511877,0.663115,0.498750,0.611895,0.537857,0.404876,0.543306,0.473971,0.612925,0.459066,0.570667,0.455408,0.491114,0.697673,0.496500,0.492178,0.631668,0.539819,0.583344,0.548805,0.586373,0.563659,0.454234,0.660582,0.583009,0.589067,0.465194,0.281121,0.357388,0.593325,0.431093,0.584546,0.534565,0.612276,0.513335,0.547044,0.560029,0.368214,0.567267,0.489402,0.605654,0.358220,0.541391,0.591576,0.436310,0.514884,0.500322,0.557339,0.534317,0.513914,0.616984,0.612324,0.453238,0.450259,0.419033,0.485449,0.507133,0.427745,0.554855,0.611860,0.448123,0.456007,0.694166,0.544983,0.614584,0.564489,0.510632,0.567279,0.376385,0.512730,0.698174,0.510435,0.503359,0.640418,0.514875,0.578069,0.525723,0.511412,0.513468,0.529424,0.438791,0.460056,0.555902,0.575339,0.422608,0.535042,0.382321,0.410139,0.518799,0.458717,0.610389,0.450064,0.559110,0.617751,0.575323,0.493548,0.425792,0.561539,0.610083,0.569878,0.507938,0.597476,0.489372,0.409416,0.418547,0.623339,0.616868,0.416708,#
17,0.491882,0.488840,0.550917,0.584010,0.699973,0.538382,0.558726,0.539052,0.587351,0.493322,0.440375,0.544797,0.518913,0.561322,0.249493,0.521739,0.576546,1.000000,0.491202,0.710303,0.526143,0.469268,0.463523,0.645246,0.600028,0.569147,0.612609,0.529734,0.498164,0.559083,0.608606,0.603434,0.387783,0.464228,0.476774,0.587351,0.574834,0.622746,0.478346,0.542404,0.509950,0.495332,0.440927,0.511892,0.411233,0.444978,0.559277,0.570070,0.658854,0.509412,0.574523,0.498386,0.568689,0.422567,0.605896,0.601858,0.512303,0.489851,0.598017,0.309018,0.568650,0.317901,0.433426,0.510991,0.563588,0.643966,0.657174,0.453685,0.493206,0.479273,0.498189,0.511450,0.553784,0.583851,0.431554,0.460588,0.478804,0.582740,0.446707,0.642718,0.525057,0.530870,0.693927,0.523191,0.516647,0.456723,0.501817,0.518171,0.459812,0.483202,0.658746,0.438874,0.537483,0.515673,0.368359,0.573242,0.527489,0.399344,0.364428,0.726087,0.586942,0.488431,0.507883,0.494025,0.487891,0.514515,0.498634,0.489770,0.484262,0.505206,0.505391,0.489259,0.516304,0.612543,0.500124,0.503253,0.440594,0.588769,0.437372,0.322078,0.514963,0.526414,0.400247,0.637405,0.580028,0.636064,0.536310,0.630046,0.569304,0.531000,0.627916,0.595478,0.602336,0.430761,0.520726,0.601375,0.531037,0.555528,0.617862,0.572133,0.549314,0.543473,0.692943,0.486879,0.534676,0.538989,0.580873,0.564643,0.570162,0.396214,0.596869,0.576502,0.476201,0.565452,0.549194,0.665501,0.765412,0.509468,0.544042,0.572170,0.508348,0.450269,0.675945,0.413090,0.603663,0.537744,0.367370,0.429428,0.535797,0.375581,0.641402,0.494850,0.543870,0.447446,0.684155,0.506734,0.538121,0.603376,0.416400,0.473659,0.462113,0.632259,0.530521,0.598078,0.675670,0.560138,0.511460,0.565829,0.458025,0.524257,0.558065,0.608659,0.500557,0.505877,0.550815,0.601382,0.521849,0.603981,0.506054,0.403149,#
18,0.567697,0.608347,0.419563,0.602893,0.549061,0.429145,0.491832,0.630626,0.507054,0.522270,0.606887,0.518536,0.596055,0.520582,0.338609,0.543188,0.595752,0.491202,1.000000,0.620255,0.590098,0.516071,0.467919,0.389362,0.418987,0.605450,0.528004,0.498447,0.528535,0.535843,0.461890,0.590699,0.546386,0.557250,0.565752,0.628440,0.560496,0.527314,0.526601,0.428552,0.599743,0.410537,0.364282,0.543650,0.510861,0.439746,0.592597,0.550016,0.592493,0.354391,0.547296,0.549764,0.593713,0.380147,0.575289,0.448174,0.464188,0.661617,0.528731,0.562152,0.567462,0.263727,0.477217,0.424068,0.665324,0.489100,0.564427,0.526832,0.388447,0.495309,0.493915,0.409302,0.584874,0.546405,0.522543,0.435997,0.460590,0.463230,0.621473,0.443140,0.526783,0.456657,0.521294,0.590486,0.499450,0.522429,0.543863,0.490991,0.558122,0.422822,0.519479,0.437281,0.577363,0.683088,0.629213,0.420450,0.436080,0.553708,0.559343,0.612087,0.565164,0.413827,0.484408,0.543463,0.590916,0.626394,0.371023,0.495349,0.674647,0.551599,0.605773,0.453179,0.562962,0.549170,0.452570,0.503653,0.474434,0.448521,0.521919,0.366057,0.499183,0.688483,0.412501,0.572080,0.476145,0.563627,0.641241,0.456746,0.666400,0.356089,0.623028,0.422685,0.494431,0.334823,0.506541,0.557695,0.563507,0.550932,0.494107,0.544423,0.518689,0.644030,0.435311,0.582864,0.556790,0.557046,0.525003,0.381951,0.524864,0.446971,0.490399,0.696471,0.546620,0.463921,0.536814,0.566677,0.605945,0.628195,0.492623,0.487665,0.511462,0.485227,0.648484,0.468329,0.624340,0.481964,0.702293,0.479106,0.448292,0.455198,0.545185,0.685374,0.539126,0.406461,0.436605,0.554215,0.589973,0.619889,0.432012,0.576905,0.507446,0.496716,0.449583,0.545137,0.535030,0.573863,0.420272,0.559053,0.457079,0.588474,0.562820,0.474352,0.330804,0.600476,0.580498,0.510954,0.458328,0.600883,0.544518,0.477786,#
19,0.432299,0.586822,0.485743,0.565772,0.653402,0.623371,0.479818,0.523151,0.603333,0.469950,0.507154,0.513154,0.574891,0.474008,0.395022,0.582453,0.528878,0.710303,0.620255,1.000000,0.606456,0.540113,0.418385,0.452943,0.420040,0.482517,0.633994,0.472847,0.589771,0.520855,0.649443,0.727608,0.460266,0.479038,0.427154,0.699087,0.481399,0.549495,0.533727,0.465241,0.541003,0.445781,0.385082,0.540048,0.497931,0.490090,0.645624,0.505825,0.604795,0.224441,0.565983,0.516722,0.472194,0.465827,0.584132,0.448611,0.602970,0.573760,0.498826,0.337603,0.633875,0.350975,0.533435,0.553595,0.558285,0.557810,0.620151,0.447969,0.500916,0.563293,0.531800,0.453138,0.573779,0.565471,0.518560,0.313285,0.371891,0.388175,0.409563,0.532967,0.558968,0.497066,0.602614,0.554712,0.476690,0.417024,0.589928,0.537674,0.614861,0.400085,0.542800,0.423574,0.601799,0.583920,0.475750,0.491404,0.560991,0.413475,0.455617,0.618502,0.636856,0.522927,0.593620,0.480579,0.528731,0.475737,0.506542,0.527689,0.537079,0.525467,0.470673,0.443897,0.483231,0.553357,0.527978,0.410473,0.559923,0.611800,0.374779,0.387085,0.528547,0.553496,0.366145,0.733445,0.547320,0.556108,0.579579,0.587918,0.696704,0.674511,0.633349,0.546328,0.587970,0.455021,0.529831,0.524546,0.543848,0.524646,0.565384,0.631366,0.667765,0.552431,0.518124,0.582038,0.576789,0.458281,0.543850,0.369296,0.594773,0.408003,0.514818,0.694366,0.467796,0.484456,0.604224,0.557823,0.754299,0.614766,0.479540,0.456997,0.597288,0.485773,0.626448,0.407486,0.653830,0.415935,0.324438,0.500365,0.447671,0.527674,0.629297,0.664363,0.544805,0.320217,0.642395,0.583391,0.572582,0.657803,0.458391,0.360558,0.498174,0.518381,0.564789,0.667472,0.620321,0.571378,0.537149,0.604256,0.551523,0.624518,0.453941,0.538023,0.448475,0.665292,0.556313,0.609325,0.522434,0.474216,0.471011,0.400854,#
20,0.578197,0.626988,0.404221,0.528452,0.605965,0.529178,0.591867,0.532490,0.516626,0.646686,0.459495,0.408076,0.528632,0.475159,0.490338,0.485060,0.627803,0.526143,0.590098,0.606456,1.000000,0.544159,0.270011,0.459624,0.464416,0.545019,0.518245,0.586857,0.522205,0.604934,0.537583,0.513814,0.502012,0.524807,0.528697,0.514592,0.474636,0.465940,0.435665,0.536774,0.528863,0.658140,0.332096,0.644887,0.574539,0.490245,0.553936,0.399927,0.596888,0.354451,0.529423,0.564974,0.502874,0.546590,0.499991,0.558091,0.510261,0.586005,0.598076,0.445215,0.630808,0.398390,0.586268,0.404034,0.620614,0.575568,0.709695,0.430396,0.526742,0.487058,0.387720,0.569927,0.494258,0.585436,0.485572,0.394932,0.398783,0.409427,0.517916,0.583072,0.406862,0.605764,0.601294,0.621161,0.415030,0.417581,0.579808,0.458344,0.648637,0.575183,0.471895,0.522376,0.469564,0.659548,0.617470,0.473590,0.374151,0.367525,0.417595,0.517019,0.705985,0.550104,0.606399,0.585563,0.574644,0.509583,0.464076,0.625144,0.551941,0.663743,0.526425,0.509606,0.521267,0.464152,0.488209,0.471266,0.527016,0.614850,0.351673,0.289470,0.548781,0.555287,0.409754,0.636448,0.534590,0.571324,0.475672,0.487535,0.546447,0.437790,0.509571,0.549350,0.575217,0.538271,0.586772,0.427951,0.463654,0.619908,0.572022,0.646108,0.553793,0.461801,0.461587,0.615896,0.589564,0.507106,0.482587,0.469082,0.547752,0.519976,0.541273,0.600693,0.533412,0.455393,0.703955,0.578764,0.573219,0.543008,0.445804,0.616669,0.543734,0.591734,0.544389,0.527654,0.625610,0.402966,0.401882,0.440684,0.515643,0.562325,0.535746,0.542664,0.610716,0.464513,0.550730,0.624803,0.480091,0.591813,0.473376,0.485395,0.486272,0.495431,0.548097,0.533271,0.453630,0.633969,0.468650,0.586616,0.431609,0.426828,0.405768,0.528408,0.403433,0.644171,0.469296,0.373771,0.497750,0.521759,0.494246,0.367004,#
21,0.523738,0.691612,0.501990,0.419749,0.397345,0.549806,0.378864,0.466038,0.564195,0.443726,0.482880,0.344022,0.375148,0.394550,0.406068,0.518806,0.559479,0.469268,0.516071,0.540113,0.544159,1.000000,0.433840,0.556506,0.237780,0.415742,0.557702,0.443039,0.421460,0.500067,0.565473,0.454093,0.529964,0.471970,0.592277,0.532369,0.469721,0.554622,0.597636,0.352594,0.527485,0.557467,0.429254,0.409337,0.578961,0.431836,0.440044,0.537151,0.542266,0.324312,0.411099,0.595885,0.451977,0.373543,0.561222,0.491460,0.557139,0.444465,0.537533,0.265209,0.635750,0.360547,0.539769,0.343001,0.623697,0.398801,0.572439,0.399344,0.437231,0.455668,0.319517,0.490420,0.443114,0.526340,0.558900,0.494283,0.339734,0.357402,0.497173,0.531099,0.394487,0.428033,0.542502,0.460471,0.580135,0.372483,0.407335,0.562601,0.536827,0.437114,0.349271,0.284198,0.559942,0.532435,0.525826,0.368093,0.431808,0.349043,0.429296,0.548750,0.513968,0.442185,0.529671,0.429461,0.243918,0.576868,0.334860,0.386671,0.542060,0.622351,0.498162,0.457240,0.447301,0.494782,0.294191,0.342212,0.504254,0.563892,0.303222,0.368132,0.438498,0.507758,0.341330,0.488004,0.525437,0.413324,0.499393,0.551832,0.486991,0.459698,0.515060,0.474949,0.470586,0.392241,0.593837,0.373594,0.256634,0.407438,0.537708,0.617886,0.514546,0.395137,0.388208,0.442920,0.405373,0.420363,0.448465,0.427536,0.306997,0.447482,0.499309,0.606781,0.486667,0.477758,0.448203,0.463664,0.592702,0.415803,0.350015,0.558539,0.467183,0.419231,0.598745,0.413414,0.556302,0.440359,0.440105,0.559978,0.323765,0.529333,0.526496,0.338059,0.427042,0.295339,0.453311,0.428863,0.361211,0.575445,0.362735,0.328352,0.425193,0.487190,0.409086,0.530557,0.421676,0.579201,0.478348,0.250712,0.313972,0.554815,0.516553,0.502125,0.408082,0.464282,0.535385,0.446897,0.437189,0.580149,0.392401,0.421581,#
