0,1.000000,-0.086301,0.247089,-0.006087,0.160988,-0.119258,-0.108624,-0.042101,0.042052,0.076129,0.096239,-0.119075,0.079053,0.157476,0.168094,0.104830,0.020601,0.062039,0.173417,0.178988,0.104080,0.206014,0.139631,0.167532,0.175437,0.022648,0.181615,0.086634,0.213858,0.307766,-0.021115,0.119835,0.009872,0.153923,-0.046812,-0.058476,0.066639,-0.089370,0.193865,0.248360,0.155200,0.038837,0.115396,0.104808,0.032104,0.054321,0.013998,0.201106,0.312356,0.258764,0.172613,-0.200771,0.192276,0.263934,0.191175,0.271341,0.112190,0.115487,-0.157707,-0.067984,0.148210,-0.145777,0.293498,-0.137195,-0.122662,0.008630,-0.033472,0.091922,0.092374,0.055347,0.175070,-0.010716,0.161973,0.065045,0.035110,-0.150107,0.172650,0.101542,0.067901,0.112078,0.118661,0.007173,-0.050501,0.223410,0.381983,-0.043405,0.109967,0.335977,0.145126,-0.050973,0.054528,0.054219,0.128973,0.223418,0.303742,0.167720,0.259175,0.065631,-0.054847,0.150659,0.256376,0.188182,0.105760,0.168566,0.162200,0.106708,0.264057,-0.000841,0.112945,-0.111066,-0.111389,0.004063,-0.050423,0.260639,-0.063978,-0.216560,0.108604,0.119162,0.114428,-0.008488,0.295411,0.301456,0.161810,0.118150,-0.029105,0.122487,0.135144,-0.115531,0.286921,0.141093,0.237011,0.082543,0.151074,0.212097,0.101200,-0.168338,0.276554,0.024042,0.161289,0.258574,0.221934,0.062280,0.035465,-0.118619,-0.040469,0.191219,0.181391,0.236265,0.173368,0.087538,-0.068177,0.019432,0.363627,-0.028182,0.065112,0.175498,0.019573,0.042363,0.089920,0.253812,0.007533,0.202693,-0.119837,-0.022038,0.235986,-0.042097,0.134620,0.153939,0.154757,0.099241,0.259646,-0.043382,0.079334,0.308984,0.027092,0.137869,0.258923,0.141339,0.050620,-0.031791,-0.047563,0.187953,-0.046586,0.047105,0.245343,-0.090216,0.313011,0.253779,0.145162,0.082561,0.053345,-0.001992,0.026565,0.213147,0.282843,-0.029488,-0.117670,0.160557,0.362653,0.169220,#
1,-0.086301,1.000000,0.108247,0.102922,0.232125,0.000951,-0.019520,-0.033761,0.205989,-0.135804,0.237289,0.112973,0.029094,0.078843,-0.083347,-0.196383,0.164077,0.171047,-0.108290,0.252959,-0.041643,0.195611,0.115967,0.008716,0.004956,0.296752,0.253288,0.270850,-0.121891,0.144767,0.048152,0.199214,-0.064139,0.031836,0.012187,0.259004,0.118119,-0.001692,0.263806,-0.032234,-0.188009,0.122794,0.152280,0.075669,-0.032271,0.196618,0.397201,0.355354,-0.055856,0.010682,0.175293,0.046100,0.189810,0.054628,-0.085611,0.090907,0.122996,-0.102009,-0.136247,0.102531,-0.075507,0.039754,0.115116,0.046861,-0.054247,-0.048789,-0.331125,0.125475,0.149853,0.365776,0.114723,0.035094,0.290469,-0.095879,0.229632,0.168369,0.038590,0.075440,0.211572,0.103468,0.178005,0.076259,0.199310,-0.036783,0.000097,-0.356099,0.159001,-0.037544,0.217204,0.117736,0.087922,0.192827,-0.043738,0.016123,-0.065361,-0.102736,-0.064760,-0.033204,-0.019002,-0.030331,0.222084,-0.040236,0.056074,0.072086,0.094067,-0.018118,0.094134,0.319130,-0.159169,0.137124,0.240921,0.053405,0.051779,0.279083,0.248111,0.152966,0.051719,0.090803,-0.206980,0.089414,0.076666,0.049420,0.234288,0.169540,0.179842,0.141586,0.183246,0.122172,-0.173043,0.175565,0.026511,0.068388,0.091050,0.211520,0.238456,0.301363,-0.085974,0.144700,0.289099,0.142120,-0.051969,-0.166811,0.241920,0.167934,0.150569,0.191667,0.151452,-0.151228,-0.034510,-0.016462,-0.168447,0.084538,-0.001376,-0.101188,0.251036,0.155368,0.046121,-0.187564,-0.050339,-0.165617,-0.039771,0.315459,0.142288,0.065031,0.015079,0.068642,-0.056974,-0.078193,0.139656,0.290330,0.128728,0.333482,-0.058505,0.206260,-0.079396,-0.093726,-0.079003,0.230203,0.184366,-0.060006,-0.008847,0.061680,0.079244,-0.206946,0.119309,0.067732,0.002398,0.031100,0.027734,0.065568,0.263455,-0.128119,-0.110604,0.136627,0.223922,0.100864,-0.104254,0.039779,0.043844,0.103393,#
2,0.247089,0.108247,1.000000,0.169533,0.034629,-0.169579,0.153254,0.094673,-0.104322,-0.137446,-0.050813,0.182645,0.024123,0.242055,-0.060605,0.211916,0.114735,-0.094128,0.072064,0.036503,0.241630,0.222316,-0.047364,0.066525,0.274616,0.183587,0.256437,0.140879,0.121874,0.299236,-0.135519,-0.242596,-0.050650,-0.026198,-0.143211,0.012664,-0.045907,-0.256181,0.025278,0.047290,0.095426,0.135603,0.440659,0.026240,0.006908,-0.007105,-0.040400,0.147690,0.134099,0.159297,0.344359,0.099670,0.111024,-0.030054,-0.145569,0.034327,0.009821,-0.055870,0.045861,0.182564,0.075864,-0.108379,-0.030541,0.236527,0.098074,0.143988,-0.089859,0.086598,0.160722,0.354423,-0.116235,0.098476,0.026834,0.013023,0.159446,-0.016645,0.191729,0.216228,0.158019,-0.121903,0.175937,-0.149666,-0.072844,0.159849,-0.114537,-0.083632,0.149519,0.203614,0.133371,-0.064201,0.053540,0.137027,0.262488,0.192854,0.044697,0.034690,0.369118,-0.084463,0.230549,0.068546,0.157975,0.005880,0.036254,0.200742,-0.055050,0.054982,0.051285,0.013360,0.169939,0.140436,0.041494,0.023426,0.102850,-0.015293,0.136163,0.106071,0.150945,0.155619,-0.231154,0.015698,0.212663,0.078479,-0.009458,0.033192,0.087733,0.037045,0.118057,0.005584,0.049119,0.157395,0.119469,0.234510,0.151278,0.068992,0.255325,0.223493,0.185781,-0.085866,0.064686,0.012617,-0.109087,-0.038366,0.318410,0.036349,0.285047,0.181298,0.027766,0.120604,0.264798,0.014167,0.007648,0.156655,0.074298,0.077843,-0.035878,-0.054391,-0.036710,0.001468,-0.023562,0.136299,0.108707,0.439549,0.060686,0.138380,0.146861,-0.022838,0.164503,0.059650,-0.144054,0.146425,-0.122754,0.228854,0.017071,-0.135449,0.155281,-0.029993,0.226118,0.048392,-0.040178,0.039429,0.179830,0.070324,-0.163307,0.299964,-0.009614,0.057142,0.151576,-0.012038,0.139900,-0.158716,-0.172718,0.148881,0.315827,0.003735,0.073879,-0.032899,-0.094935,0.163067,0.241244,0.061468,#
3,-0.006087,0.102922,0.169533,1.000000,0.146663,0.022242,0.320699,-0.072176,0.112797,-0.159077,0.248861,0.141516,0.166194,0.004157,-0.033287,-0.016209,0.089697,0.007202,0.173680,0.225291,0.120152,0.086051,-0.022482,0.269980,0.167708,0.232169,0.188808,0.196137,0.197972,0.191664,0.095950,0.286496,0.357800,-0.020479,-0.066718,0.068820,0.349980,-0.024137,0.344671,0.009793,0.158218,0.232804,0.192951,0.410940,-0.126594,0.174264,0.244494,0.194017,-0.015041,0.192677,0.171127,0.127123,0.138275,-0.051517,-0.114363,0.267964,0.038750,0.035983,-0.057465,0.238952,0.090007,-0.110583,0.067904,0.094938,0.269845,0.199079,-0.018814,0.130132,0.017038,0.154919,0.121791,-0.010426,0.160514,0.059386,0.152427,0.328709,0.130731,0.065835,0.264673,-0.049172,0.445177,0.178804,-0.052698,0.193444,0.215815,0.074280,0.045728,0.024019,0.123970,-0.004000,0.115970,0.145745,0.211967,0.141344,-0.002250,0.096666,0.400690,-0.149752,0.244365,0.369726,0.300658,0.113562,0.128574,0.231563,0.337522,0.107550,0.016475,0.087933,0.019375,0.182257,0.086391,0.060221,0.059160,0.038298,0.055634,-0.092961,0.206254,0.074328,0.064788,0.124610,0.245348,0.014914,0.105594,0.269053,0.002150,0.079254,0.137886,0.133948,-0.140300,0.312603,0.231214,0.208774,0.226531,0.178462,0.205895,-0.039549,-0.140738,0.053052,0.390283,0.140133,0.139660,0.206762,0.155536,0.243008,-0.017661,-0.015877,0.244646,0.287203,0.211517,-0.013957,-0.107623,0.162924,-0.016683,0.042339,0.214386,0.051193,0.012330,0.015401,0.052490,0.261000,0.209529,0.246932,0.269590,0.374154,0.156706,-0.088671,0.072128,-0.070620,-0.049877,-0.015480,0.249221,0.000116,0.026322,-0.196073,-0.090828,0.016041,0.103470,0.196706,0.120092,0.018958,0.126191,0.325306,0.268620,-0.039852,0.026572,0.108553,0.087633,0.116523,-0.112178,0.144914,0.078133,0.174419,0.392313,0.009466,0.128392,0.170803,0.261459,0.254287,0.277883,0.137582,#
4,0.160988,0.232125,0.034629,0.146663,1.000000,0.054360,-0.087297,-0.027965,0.362677,-0.214151,-0.196431,-0.128195,0.245041,-0.079222,-0.079042,-0.023473,0.018118,-0.080387,0.242860,0.157313,0.239124,0.094442,0.099958,0.149062,0.221179,0.338076,-0.007204,0.113106,-0.076467,-0.076838,-0.100315,0.040229,0.051734,-0.212146,-0.039474,0.126465,0.342623,-0.163051,-0.090307,-0.069054,-0.009007,0.272376,0.138455,0.058522,0.488868,-0.136220,0.291336,0.214608,0.103222,0.019084,-0.001360,-0.054758,0.184450,0.140306,0.110353,0.131562,0.139150,0.018736,0.082651,-0.119748,0.165523,-0.049436,0.015509,-0.203495,0.036806,-0.154135,-0.053704,0.043890,-0.114753,0.059111,0.179706,-0.055541,0.096943,0.102778,-0.103834,-0.228693,-0.021751,0.125863,0.197022,0.011013,0.250165,0.099851,-0.145473,-0.061113,0.223451,0.051433,0.060200,0.099066,0.202688,0.309738,0.271596,0.128907,-0.078825,-0.081205,-0.071979,0.156870,0.099310,0.033131,0.121576,0.044138,0.027411,-0.182832,0.142189,0.057113,0.143156,-0.089441,-0.031309,0.159682,-0.262298,0.067861,0.447645,0.008870,0.071849,0.282698,0.062904,-0.249800,0.042578,-0.320423,-0.029370,0.037951,0.216785,-0.055926,0.238234,-0.228591,0.180368,-0.117893,0.186252,-0.031770,0.015670,-0.084300,-0.001483,-0.063699,0.001586,0.103411,0.219680,-0.089261,0.110587,-0.073381,0.127014,0.260100,0.249400,-0.270328,0.045285,-0.107531,-0.056231,0.037745,0.084606,0.138153,0.191047,-0.135247,-0.104758,-0.132546,-0.057833,-0.096632,-0.127955,-0.011030,0.362755,0.135491,-0.150798,0.203885,-0.132059,0.097518,-0.263702,0.074016,-0.090593,0.134335,-0.178991,0.012690,-0.121105,0.076255,-0.144610,-0.086275,0.134382,0.278300,0.023035,-0.070504,0.059048,0.164660,0.293044,-0.078473,-0.183846,-0.095702,0.006244,-0.015885,0.109676,-0.212241,0.030971,0.324191,-0.018504,0.078574,0.106889,-0.104037,0.100396,-0.015846,0.036673,0.225615,-0.077067,0.274338,0.028001,0.113091,#
5,-0.119258,0.000951,-0.169579,0.022242,0.054360,1.000000,0.122290,-0.003560,0.156840,-0.022570,0.129526,-0.054314,0.151349,0.141977,0.238268,-0.117168,-0.023307,-0.151651,-0.077730,-0.093536,-0.083518,-0.112988,-0.127922,0.098221,0.111228,0.002160,-0.026258,0.099300,0.048011,0.089674,-0.100643,0.219093,0.204682,0.056292,-0.004973,-0.183747,0.086189,0.061794,0.051200,-0.071374,-0.060509,0.036383,-0.039452,0.182242,-0.149265,0.015235,-0.009558,-0.112720,0.080957,0.211094,0.016122,-0.022195,0.025682,-0.057172,-0.082106,0.152318,-0.163536,-0.289729,0.006987,0.031844,-0.019265,0.085890,-0.080911,-0.209454,-0.084362,0.022579,0.174813,-0.083345,-0.066598,0.002412,-0.018512,0.103327,0.012788,0.185506,-0.058280,-0.186761,0.164821,-0.083206,0.031585,-0.070130,0.019723,-0.010724,0.114943,-0.045677,0.021275,0.069457,-0.134127,-0.114920,0.013290,0.007080,0.097189,0.091484,-0.025900,0.049502,-0.019856,0.080686,-0.107864,-0.228611,0.083371,-0.190946,0.044311,0.078154,-0.155387,-0.000126,-0.040805,-0.094208,-0.070853,0.165069,-0.116107,-0.118297,0.105013,-0.150145,0.051473,0.025222,0.076542,-0.276746,0.031166,-0.122358,0.070463,-0.124990,0.147633,0.103642,-0.105259,-0.065280,-0.118906,-0.137889,-0.353476,-0.121558,0.168254,0.030651,0.135580,-0.049828,-0.003388,0.002362,0.169807,0.165028,-0.115754,-0.101386,-0.027339,0.034876,0.237494,0.008735,0.097670,0.203531,-0.044236,0.045679,0.129121,-0.112917,-0.274101,0.128966,0.148139,-0.260303,-0.080894,0.169460,0.026643,-0.004262,0.045916,0.017641,0.217560,-0.283054,-0.141295,-0.122141,0.019739,0.025167,-0.101966,-0.055030,-0.056769,-0.102131,0.205240,0.290490,0.014405,-0.022305,-0.109024,0.005215,-0.066215,-0.062860,0.093966,0.065776,0.255598,-0.332480,-0.019391,-0.187833,0.163457,-0.009006,-0.029782,0.186686,0.247013,-0.187892,-0.322613,-0.029382,-0.156098,-0.089308,0.035878,0.069515,0.039798,-0.155411,-0.157339,0.280664,-0.193902,0.114643,#
6,-0.108624,-0.019520,0.153254,0.320699,-0.087297,0.122290,1.000000,0.151456,0.054632,-0.056633,0.096656,0.034036,-0.083537,0.195781,0.021019,0.013883,0.101258,-0.004325,0.131868,0.120723,0.195059,-0.020361,-0.050307,-0.114063,0.011195,0.266237,0.180398,0.211192,0.163025,0.302458,-0.045812,0.148819,0.092851,0.187660,-0.213187,-0.019822,0.135129,0.091998,0.129260,0.219838,-0.061032,0.124434,-0.155212,0.084129,-0.164047,0.210040,0.015413,0.164929,0.054909,0.092328,0.124595,0.192612,0.205355,0.154306,-0.046050,0.191901,-0.106726,-0.116188,0.184183,0.307774,-0.073329,-0.132599,-0.008669,0.271018,0.150375,0.188848,0.050365,0.253704,0.211127,0.089041,-0.044738,0.091901,0.059689,-0.107752,0.186209,0.173782,0.085296,0.347950,0.259235,-0.028708,0.087541,0.104583,0.277300,0.125654,0.208834,-0.046175,-0.077157,0.199882,-0.031023,-0.009248,0.151173,0.135528,-0.044007,0.090524,0.006899,0.149888,0.032253,-0.048589,0.154816,0.196631,0.234309,0.140610,-0.159179,-0.159835,-0.054230,0.320563,-0.173008,-0.032573,0.183758,0.135718,-0.028307,0.031346,0.164287,-0.161650,0.127249,0.115013,0.091355,0.038804,0.105854,0.173930,0.106257,0.190485,-0.161548,0.148922,0.094627,-0.017103,-0.063167,0.242846,-0.072951,0.134395,0.197026,-0.117996,0.126135,-0.016610,0.318664,0.150654,0.012320,0.279471,0.211241,0.104671,-0.143513,0.018981,0.000323,0.217950,-0.063066,0.055141,0.298910,0.068704,0.075327,-0.258777,0.038516,0.114389,0.050493,0.035922,0.261202,-0.030176,0.069669,0.078718,0.126027,0.025394,0.151809,0.212460,0.363477,0.275349,0.154655,-0.060386,-0.066332,0.058961,0.202295,0.072230,0.012291,0.051811,0.119947,-0.031026,-0.058365,0.093334,0.001676,0.128100,0.340392,-0.222826,-0.115868,-0.015402,0.206218,0.332065,0.218584,0.170550,0.237210,0.003711,-0.136043,0.218611,-0.187720,-0.065813,0.219263,0.160318,-0.026864,-0.090388,0.138950,0.232259,0.032180,0.213652,#
7,-0.042101,-0.033761,0.094673,-0.072176,-0.027965,-0.003560,0.151456,1.000000,0.080292,0.098669,0.090409,0.275602,-0.144211,0.099211,0.237474,0.157178,0.076537,0.366371,0.054591,0.151363,0.168334,0.313392,0.182608,-0.068700,0.109148,-0.035184,0.226373,0.310573,-0.015163,0.191343,-0.092530,-0.116297,0.008628,0.041754,-0.143081,0.024083,-0.254730,-0.180351,0.132887,0.121996,0.134198,0.249096,-0.000798,0.077538,0.240644,0.218777,-0.034191,0.158674,0.093218,-0.019519,-0.038255,-0.032177,-0.059653,-0.018283,0.100996,0.090794,0.337309,0.253569,0.126615,-0.047763,0.217043,-0.061880,0.024538,0.131871,0.271673,0.078907,0.125874,-0.126491,0.159166,0.118066,0.062370,0.100910,0.225753,0.144001,-0.079647,0.086901,-0.086636,0.148126,0.049767,0.272605,0.249113,0.059652,0.204179,0.068513,0.098966,-0.093924,-0.029731,-0.120173,0.138922,0.282094,-0.055352,0.146286,0.131041,0.179622,-0.173287,-0.050563,-0.012798,0.086521,-0.107956,0.069655,0.085137,-0.011199,0.031960,-0.045775,-0.275342,0.240498,0.432523,0.053937,0.019493,0.116005,-0.062679,0.111035,-0.149406,-0.037893,0.311510,0.089941,-0.225630,-0.053896,0.033837,0.271459,0.221161,0.143964,-0.062313,0.007971,0.116188,-0.104023,-0.015088,0.171768,0.010507,0.147748,-0.006453,0.135652,0.169172,-0.088903,0.460128,0.100000,-0.159231,0.479973,0.062311,0.091699,0.240796,0.005345,-0.036700,0.040455,0.014760,0.120757,0.324307,0.065178,-0.099139,-0.058915,0.118831,0.055695,-0.022153,0.087570,-0.112990,0.151568,0.107840,0.048118,0.179986,0.054376,0.007342,0.081572,0.171051,-0.050964,-0.017203,0.203087,0.203838,0.100205,0.117892,0.091206,0.033372,0.038186,0.088193,-0.042653,0.065779,-0.097368,0.056595,0.028082,-0.126890,0.046724,0.093368,-0.014070,0.048287,0.264438,-0.395454,-0.104138,0.036626,-0.099463,0.073399,0.336495,0.193058,-0.126931,0.221477,0.060618,0.054964,0.063635,-0.054852,0.057499,0.267048,0.003691,#
8,0.042052,0.205989,-0.104322,0.112797,0.362677,0.156840,0.054632,0.080292,1.000000,-0.062473,0.246606,-0.000993,0.112036,0.093095,0.217834,-0.204844,-0.125996,0.073223,0.140381,0.171514,0.198162,0.071767,-0.076848,0.238185,0.053180,0.084588,0.072333,0.156720,0.058699,0.003746,-0.213337,0.099026,0.157484,-0.149828,-0.126409,0.098891,0.254520,-0.068088,0.122711,-0.022506,0.142959,0.132666,0.008618,0.038385,0.223502,0.063983,0.066822,0.352939,0.240153,0.157283,-0.016067,0.327232,0.081644,0.378048,0.019833,0.232106,0.184537,0.105766,-0.174190,0.070693,0.019390,0.220150,0.010823,-0.180046,0.028867,0.154741,-0.055613,0.000737,0.280305,0.143015,0.056595,0.073714,0.219132,-0.240407,-0.020363,0.008515,0.112028,0.252719,0.265217,-0.168845,0.222598,0.357367,0.187845,0.158287,0.297780,0.052788,0.039057,0.160761,0.312095,0.422520,0.180379,0.267709,0.027806,-0.147205,0.411625,0.231145,0.058325,-0.067753,0.232467,0.011183,0.093928,0.078502,0.130165,0.087553,0.034592,0.071842,0.050953,0.296971,-0.135078,0.218430,0.118700,0.068183,-0.049890,0.246186,0.128259,-0.032618,0.020585,0.198772,0.081467,0.178988,0.273392,0.141663,0.267369,0.082695,0.130147,0.233744,0.004926,0.205282,-0.076076,0.151748,0.176589,-0.087452,0.114842,0.252802,0.205505,-0.094451,0.057714,0.170791,0.443926,0.238805,0.351445,0.096018,0.172109,-0.056027,-0.015797,-0.119238,0.213440,0.171420,-0.126572,-0.067299,0.223927,-0.099076,0.055855,0.019636,0.269322,0.210618,0.267395,0.135259,0.125808,0.169048,-0.047030,0.040768,-0.062057,0.208889,0.074113,0.010037,0.152562,0.089935,0.180099,0.078061,0.060689,0.180395,0.002238,0.101968,0.030305,-0.026985,0.082553,0.220240,0.418975,-0.134719,-0.095783,0.266788,-0.042160,-0.092143,-0.043722,0.116893,0.006169,0.050426,0.060085,0.405740,0.204429,-0.065594,0.200217,0.005345,0.293660,0.038645,0.087779,0.067594,-0.089676,0.018138,#
9,0.076129,-0.135804,-0.137446,-0.159077,-0.214151,-0.022570,-0.056633,0.098669,-0.062473,1.000000,0.171713,-0.201480,-0.094986,0.287303,0.155627,0.025352,-0.115318,-0.210694,-0.340844,0.252378,-0.172582,-0.071346,0.029104,-0.090277,-0.123180,-0.131853,0.303890,0.025017,0.117117,-0.097263,0.187055,0.153722,0.038623,0.019056,0.219406,-0.082030,-0.281239,0.214461,-0.017018,-0.160388,0.195190,0.102276,-0.019575,-0.217335,0.072418,-0.001957,-0.001108,0.077275,0.064023,-0.067116,-0.074668,0.146083,-0.196730,-0.025908,0.148951,0.200654,0.091211,0.144051,0.099930,-0.071720,0.128924,-0.081853,0.037632,-0.139798,0.148241,0.133751,-0.205633,-0.074391,0.054943,-0.078099,0.069550,0.156187,0.039987,-0.049421,0.144242,0.005058,0.054560,-0.028764,0.306182,-0.050386,-0.158740,0.141293,-0.135753,0.112131,0.178203,0.181760,-0.002922,0.072317,-0.227738,0.071904,-0.113826,-0.115405,0.022638,-0.094082,-0.072144,-0.026202,-0.020977,-0.047957,0.002055,0.039963,0.235834,0.211760,0.214005,-0.091097,0.239013,0.126766,0.027160,0.028307,0.235899,-0.108343,-0.232870,-0.140508,-0.108860,0.092742,0.055029,-0.136492,-0.102383,0.136605,0.225714,-0.129611,0.332370,0.234202,-0.064003,0.239375,-0.034911,0.073634,-0.244804,0.063196,0.054024,0.265671,0.165560,-0.089327,-0.156680,0.076752,-0.057951,0.042584,0.234967,0.152029,0.185120,-0.210664,0.065354,0.160355,-0.012158,-0.138760,-0.115497,0.120690,0.203571,0.006399,-0.036153,0.464141,0.081224,-0.213144,0.229492,0.097661,-0.095599,0.095178,0.077243,0.109975,0.407235,-0.147796,0.055441,0.046729,-0.186804,0.238922,0.025554,0.042133,-0.028687,0.066338,0.367730,0.073427,0.076929,0.233479,0.021798,0.087226,-0.019307,-0.035029,0.118707,-0.170140,-0.163517,-0.004716,0.010407,0.036339,0.077323,0.172197,0.007035,-0.061825,0.103256,0.181953,0.091655,-0.043220,0.078911,-0.029060,-0.205456,0.187135,-0.150838,0.091872,0.191600,-0.188770,0.118270,0.063354,#
10,0.096239,0.237289,-0.050813,0.248861,-0.196431,0.129526,0.096656,0.090409,0.246606,0.171713,1.000000,-0.016101,-0.175738,0.199875,0.075597,-0.065689,-0.059436,0.024995,0.012840,-0.054378,-0.176107,0.174797,-0.213913,0.030918,-0.037221,-0.127982,0.223395,0.205165,0.209087,0.115373,0.282909,0.241008,0.130403,0.071521,-0.112801,-0.027473,-0.080285,0.094131,0.379396,0.178130,0.029996,0.043112,0.014266,0.016132,-0.263667,0.051846,-0.000130,0.172179,0.136906,0.025297,-0.076551,0.084733,-0.083247,0.015107,-0.088150,0.306208,0.045690,0.037097,-0.160178,0.153337,-0.164741,-0.092711,0.107631,-0.000268,0.351296,0.291918,-0.137394,-0.061030,0.147302,0.162897,0.163457,0.095550,0.308773,0.088507,0.000366,0.016673,0.220748,-0.191222,0.120765,0.143312,0.087575,-0.072435,0.240080,0.223896,0.203454,-0.121119,0.150685,-0.021752,0.034275,0.079890,-0.260697,0.007282,0.098125,-0.052605,0.043798,-0.037052,0.182395,-0.178429,0.052406,0.061748,0.115805,0.008055,0.101999,-0.139864,0.066760,-0.015551,0.137772,0.156982,0.106636,0.079361,-0.072705,0.043548,-0.248688,0.007558,0.356285,0.056179,0.017135,0.032218,0.097675,0.073001,0.040563,0.240171,-0.058349,0.151414,-0.047112,0.078519,-0.098738,0.111881,-0.018883,0.260072,0.386065,-0.045058,0.007192,0.183942,0.067349,0.070017,-0.118130,0.226351,0.324073,-0.153949,0.192362,0.024089,0.236743,0.094611,-0.192688,0.015229,0.277866,-0.055929,-0.159508,0.086255,-0.024415,0.186740,0.183566,-0.157490,0.262627,0.179437,0.059452,-0.195372,0.218485,0.093324,0.129243,-0.038874,0.345717,0.051841,0.032669,-0.015627,0.016363,0.166153,0.168607,0.097982,0.275779,0.208710,-0.099983,0.054959,-0.132740,0.010084,0.090123,-0.006941,-0.022599,-0.024531,0.094172,0.087710,0.064606,-0.109099,0.023069,0.148211,-0.083238,-0.135883,0.128416,0.226922,0.126176,-0.078027,0.072190,0.000075,0.177382,-0.007861,0.041151,0.036941,0.291190,0.130882,#
11,-0.119075,0.112973,0.182645,0.141516,-0.128195,-0.054314,0.034036,0.275602,-0.000993,-0.201480,-0.016101,1.000000,0.083636,-0.142082,-0.184143,0.037650,-0.031218,0.305446,0.251671,-0.045386,-0.012871,0.046073,-0.190233,0.032005,0.292505,0.127077,-0.007458,0.091394,-0.316851,0.143932,0.089261,-0.083602,0.102823,-0.037715,0.048592,0.118986,0.023762,-0.126103,0.209835,0.068388,-0.161624,0.238634,0.229611,0.259623,-0.029281,0.141418,0.041677,0.040046,0.090080,0.047523,0.239415,-0.040551,0.066158,0.136085,-0.280128,-0.186358,0.307569,0.210631,0.136659,-0.137032,-0.266155,0.017611,0.130194,0.184765,-0.127744,0.188156,0.030329,0.300087,-0.040989,0.107040,-0.059037,-0.110972,0.252951,-0.097649,-0.117535,0.224292,-0.023391,-0.081341,0.078598,0.212750,0.139924,-0.130290,0.197442,0.219236,0.150415,-0.249537,0.035683,0.155321,0.200940,0.004583,0.087594,0.189213,0.255243,0.506649,-0.065426,0.025240,-0.045033,0.056919,-0.031885,0.084422,0.090649,0.030955,-0.066669,0.139039,-0.034016,0.246342,0.207648,0.214054,0.132774,0.011922,0.182809,0.151547,0.052227,0.049294,-0.147040,0.198716,-0.044962,0.072524,0.007147,-0.036176,0.011811,0.055680,0.219655,0.093720,0.257135,0.038643,0.101145,0.272225,0.089972,0.099236,0.035543,0.218706,0.166314,0.203777,0.116606,-0.047425,-0.421832,0.362233,-0.011692,0.166603,0.041125,0.102776,0.201117,0.046377,0.019056,-0.100433,-0.045099,-0.071902,-0.085994,-0.129962,-0.002344,0.291936,0.017585,0.208223,0.054202,0.095961,-0.001666,-0.247784,-0.023607,0.068951,0.017436,0.095693,-0.011968,-0.164803,0.037580,0.010014,0.420565,0.071263,0.195063,-0.046396,0.015609,-0.055983,-0.218850,-0.180580,0.017304,0.144443,0.228791,0.115504,-0.031385,-0.118989,0.138566,0.171902,-0.127405,0.008771,-0.191456,0.011693,0.096851,0.056006,-0.099963,0.063991,0.084433,0.029835,0.214980,0.063771,0.154680,0.046827,0.011741,0.060809,0.050858,-0.006746,#
12,0.079053,0.029094,0.024123,0.166194,0.245041,0.151349,-0.083537,-0.144211,0.112036,-0.094986,-0.175738,0.083636,1.000000,-0.156188,0.082595,-0.041565,0.342503,-0.048282,0.059903,0.332103,0.092719,-0.128670,0.172121,0.174234,0.028957,0.135728,0.152418,0.021224,0.059514,0.344736,-0.102883,0.282647,0.124865,0.189131,0.071726,0.269007,0.174070,-0.092305,0.162646,-0.038914,0.193598,-0.007855,0.166959,0.242250,0.292017,0.242674,0.167322,-0.123528,0.096622,0.087590,0.349581,0.145561,0.185583,0.211031,0.002508,0.102587,0.078538,0.104336,0.043691,-0.085632,-0.096190,0.173719,0.139440,0.027264,-0.042044,0.246232,0.046048,0.057085,-0.033480,0.009943,0.091108,0.159845,-0.083208,-0.068488,0.239129,0.088582,0.202735,0.093414,0.271455,-0.033101,0.122520,0.285025,0.002623,0.007514,0.157244,0.197263,-0.031514,0.324391,0.178515,-0.072519,0.184290,0.304446,-0.028832,0.219433,0.252373,0.095931,0.201286,-0.030637,0.074183,0.027211,0.149948,0.246534,0.095425,0.023602,0.266945,0.071436,0.112179,-0.050512,-0.032800,0.083385,0.300195,-0.082680,0.060387,0.283079,-0.026116,-0.116307,-0.030549,0.056280,0.168618,0.004780,0.106653,-0.002052,0.289961,0.094514,0.156896,0.202770,0.222110,-0.032938,0.065991,0.132316,0.189068,0.116130,0.108847,0.109553,-0.070754,0.028910,0.051786,0.095370,0.167166,0.168237,0.186358,-0.113493,0.049421,0.085290,-0.208920,0.146315,-0.066993,0.072870,-0.007603,-0.144676,-0.002354,0.253561,0.071549,0.207519,-0.051994,-0.077707,0.075745,-0.181708,-0.027540,0.023509,-0.153811,0.197029,0.093110,0.273785,-0.110100,-0.109087,0.252606,-0.091348,-0.083861,0.135441,0.093303,-0.109913,0.118317,-0.047784,0.164220,-0.117739,0.214375,0.267624,0.078074,0.185654,0.123137,0.141802,0.343305,0.036466,0.071987,0.153821,0.073870,0.142931,-0.005976,0.046513,0.025950,-0.066734,-0.092847,0.035899,-0.121861,-0.030881,0.216369,0.303045,0.085069,0.025743,#
13,0.157476,0.078843,0.242055,0.004157,-0.079222,0.141977,0.195781,0.099211,0.093095,0.287303,0.199875,-0.142082,-0.156188,1.000000,0.270260,0.055239,0.170358,-0.195085,0.097535,0.251430,-0.031346,0.087674,-0.088702,0.126563,0.122240,0.243230,0.440650,0.103003,0.135720,0.061433,0.099396,0.237504,0.178357,0.139777,0.155389,0.028745,-0.205431,-0.062387,0.171966,0.110174,-0.157329,0.088705,0.240337,0.048681,-0.070195,0.146454,0.110230,0.198265,0.049871,0.157074,0.099155,0.145791,0.158595,-0.055103,0.098749,0.268792,0.060781,0.102885,0.044598,0.296618,0.142041,-0.061561,0.121076,-0.003286,0.062900,0.146604,0.243161,0.205073,0.422253,0.019971,-0.109074,0.000068,0.120056,-0.020551,0.170094,-0.066530,0.239532,0.234171,0.191369,-0.089031,0.033944,0.186748,-0.020426,0.583775,0.256797,-0.028606,0.178500,0.170361,0.235634,0.011579,0.018079,0.136413,0.044319,0.135432,-0.157281,-0.042565,0.277293,-0.096214,0.110690,0.193295,0.294601,0.290071,0.061919,0.134054,0.039873,0.155466,0.096204,0.100435,0.182279,-0.014407,-0.124314,-0.062217,0.267923,0.031243,0.200843,0.056005,0.323499,0.105644,0.044172,0.058896,0.376152,0.159472,0.081492,0.194037,0.232643,-0.094140,-0.072009,-0.142320,0.126761,0.312975,0.179596,-0.013737,-0.034929,-0.015085,0.277610,0.060909,-0.002015,0.064829,0.423867,0.107431,-0.054807,0.075118,0.334838,0.307898,0.146638,0.145691,0.322936,0.173711,-0.104521,0.269836,0.106089,0.023075,0.071217,0.252826,0.113896,0.366103,-0.168798,0.333516,0.279991,-0.014710,-0.087552,0.357993,0.024410,0.341449,0.112688,-0.082622,-0.016691,-0.025302,0.222542,0.203402,0.095398,0.317418,0.121751,-0.064589,-0.089110,0.121262,0.015866,0.002301,0.284047,-0.232095,0.239166,0.166849,0.060992,0.181784,-0.018930,-0.007543,0.289466,0.184023,0.039773,0.172230,-0.014073,0.102379,0.212755,-0.035687,-0.024973,0.007960,-0.141796,0.095645,0.108323,0.194522,#
14,0.168094,-0.083347,-0.060605,-0.033287,-0.079042,0.238268,0.021019,0.237474,0.217834,0.155627,0.075597,-0.184143,0.082595,0.270260,1.000000,0.231021,0.054296,-0.065422,0.099071,0.342333,0.063421,0.067931,0.127861,0.206506,0.020911,-0.056781,0.283879,0.369387,0.091965,0.229950,-0.243293,0.081114,0.042114,0.007942,0.222425,0.003970,0.027055,0.184569,0.079083,0.259537,0.263801,0.058990,0.207940,-0.112068,0.153588,0.305476,0.053036,0.218742,0.147445,0.169853,0.238856,0.078191,0.302177,0.198589,0.241427,0.219698,0.225062,-0.162806,-0.108305,0.131281,0.316264,0.096490,0.050327,-0.092223,0.112307,0.128443,0.099301,0.056365,0.246121,0.041958,0.063580,0.082108,0.124332,0.343773,0.149777,0.165116,0.190787,0.233999,0.125161,0.121552,0.283399,0.174779,0.176390,0.161200,0.152740,0.171416,-0.011880,0.138978,0.211058,0.106917,0.295690,0.274013,0.085653,0.160575,0.208308,-0.105126,0.114844,-0.121343,-0.048146,0.027346,0.139213,0.349183,0.176984,0.125654,-0.040591,0.103131,0.286101,0.292009,-0.002225,0.169745,-0.180262,-0.121237,-0.002664,0.099646,0.137210,-0.028128,0.056504,0.262845,0.296726,0.122418,0.424570,0.366767,0.013356,0.113944,0.236464,0.109301,0.138011,0.054670,0.140926,0.344135,0.136610,0.166156,0.094296,-0.129073,0.011437,-0.064877,0.050256,0.085336,-0.026000,0.067669,0.395356,0.141127,0.177558,0.071995,0.019939,0.350055,0.267509,0.172838,-0.106489,0.189433,0.204307,0.003150,-0.099259,0.167705,0.080484,0.156818,0.277215,0.179710,0.160747,0.056647,-0.068110,0.150059,-0.016495,0.178852,0.279865,-0.098374,0.023163,0.019849,0.088754,0.355118,0.299632,0.318917,0.168107,0.067647,0.093904,-0.041071,0.322707,0.259092,0.319384,0.022357,-0.022647,0.204757,0.227411,0.118621,-0.015742,0.067521,0.152212,-0.174248,0.124219,0.336104,0.010138,0.004798,0.034170,0.275062,0.029166,-0.014962,-0.140206,0.159711,0.222804,0.043528,#
15,0.104830,-0.196383,0.211916,-0.016209,-0.023473,-0.117168,0.013883,0.157178,-0.204844,0.025352,-0.065689,0.037650,-0.041565,0.055239,0.231021,1.000000,0.084017,0.211212,0.137074,0.117235,0.127535,0.009029,-0.076620,0.176105,0.055679,0.317130,0.238837,0.056931,0.258368,-0.073361,-0.015611,0.017138,0.173032,0.213122,-0.019028,-0.310589,-0.215705,-0.074558,0.069037,0.038246,0.038169,0.097931,0.265721,0.014651,0.127799,0.106896,-0.172947,0.010527,-0.088441,0.162085,-0.022824,0.145584,0.054049,0.025812,0.053619,0.021053,0.129554,-0.010062,0.006705,0.247481,0.008547,-0.138424,0.077868,-0.167157,-0.041741,0.001084,-0.029635,0.084624,0.096058,-0.067770,0.156358,-0.000284,-0.048053,0.042315,0.024985,0.115790,-0.155662,0.202442,-0.154482,0.221517,0.127874,-0.075083,0.115884,0.397448,0.040472,0.043945,-0.034931,0.040572,0.223269,0.160106,-0.072478,0.133123,0.219383,0.214774,-0.091079,-0.257913,0.152282,-0.136154,0.109700,0.027609,0.063051,0.053134,-0.055439,-0.087798,-0.308046,0.051859,0.027082,0.122256,0.000122,0.228790,-0.080203,0.285441,0.068695,-0.113904,-0.028964,0.185929,0.044928,-0.216374,0.019351,-0.008721,0.203545,0.327810,-0.021159,0.147974,0.196353,-0.281164,0.001716,-0.001003,0.027150,-0.008326,0.133875,0.202856,-0.137557,0.035113,-0.008204,0.062010,-0.046194,-0.013281,-0.107200,-0.080276,-0.087807,0.191882,-0.066287,-0.087020,0.189990,0.028836,0.027444,0.156177,0.344139,0.003022,0.103397,-0.162563,0.021757,0.286060,-0.266059,0.323223,-0.034134,0.070438,0.140868,0.009045,-0.176690,0.017834,0.176548,0.122956,0.065155,0.060258,0.127457,0.051632,-0.048130,0.011155,-0.159819,-0.069640,0.267119,-0.204748,0.037319,-0.273198,0.402577,-0.048451,-0.091090,0.087804,0.234317,0.100236,0.067689,0.226998,-0.105313,-0.095648,-0.020709,0.072866,-0.053264,0.049187,-0.194879,0.026734,-0.030567,0.077490,-0.026170,-0.086481,-0.040176,0.125585,0.007528,-0.169324,#
16,0.020601,0.164077,0.114735,0.089697,0.018118,-0.023307,0.101258,0.076537,-0.125996,-0.115318,-0.059436,-0.031218,0.342503,0.170358,0.054296,0.084017,1.000000,0.072082,0.056091,0.350112,0.243419,0.291915,0.047382,0.000067,-0.162687,0.239882,0.211918,-0.002973,0.142517,0.221108,0.057881,0.313029,-0.068341,0.307901,-0.002888,0.116679,0.057273,-0.231901,0.203456,-0.006676,-0.103629,0.078267,0.189092,0.123136,0.146068,0.427553,0.064135,-0.023462,0.089515,-0.091863,0.146954,0.061710,0.277011,0.008989,0.175609,-0.041454,0.051180,-0.047532,0.047818,-0.148716,-0.030516,0.276182,0.322948,0.173890,0.068891,0.034291,0.022404,0.426355,0.109396,0.077109,-0.041429,0.176837,0.293004,-0.100494,0.035450,0.113725,0.087354,0.256251,0.107675,-0.026286,0.005866,-0.021800,-0.001451,0.067558,0.097276,-0.032308,0.140273,0.024809,0.053307,-0.056904,0.124343,0.313428,-0.028672,0.057353,-0.011244,-0.167148,0.198069,0.051414,0.018155,0.116370,0.111519,0.011146,-0.281618,0.011203,0.109752,0.089510,0.015624,-0.187942,-0.075885,0.168138,0.208957,0.024808,0.025406,0.120963,0.147719,0.355677,-0.063106,-0.018772,-0.129446,0.357091,0.021591,0.042232,-0.049630,0.083548,0.159541,-0.149291,0.133481,-0.187421,-0.037725,0.099365,0.085682,-0.070068,0.336743,-0.130695,0.256365,0.268474,-0.202435,0.272529,0.249408,0.291517,-0.045432,0.130604,-0.035819,0.092883,0.180041,0.123837,0.100494,0.166880,0.204222,-0.083728,-0.090574,0.275263,0.020728,-0.040903,0.243367,0.071541,-0.085258,0.056748,-0.048331,-0.034755,-0.071177,0.290904,0.225204,0.278287,-0.008636,-0.034781,0.168169,-0.110621,-0.127245,0.086920,-0.068852,-0.050331,0.123737,-0.043857,0.041685,0.025201,-0.115934,0.082072,0.211728,0.030166,0.220087,0.161508,0.170399,-0.053178,-0.118818,0.039016,0.236303,0.075343,0.064320,0.134758,0.303366,-0.245962,-0.041235,0.058075,0.054189,0.199862,-0.240305,0.256662,-0.065114,0.159480,#
17,0.062039,0.171047,-0.094128,0.007202,-0.080387,-0.151651,-0.004325,0.366371,0.073223,-0.210694,0.024995,0.305446,-0.048282,-0.195085,-0.065422,0.211212,0.072082,1.000000,-0.042797,0.106745,0.254773,-0.026311,0.066326,-0.020619,0.086262,0.154039,0.030535,-0.061629,-0.011512,0.171807,-0.034694,0.050908,0.143923,0.055413,-0.153237,0.034080,-0.175337,-0.172431,0.305403,-0.092832,0.001883,-0.083938,-0.145424,0.159620,0.081017,0.222733,0.135146,-0.077928,-0.134963,-0.034211,-0.023821,-0.020254,-0.035006,0.014709,-0.003618,0.140355,0.303992,0.223231,-0.113675,0.027813,0.120289,0.011836,0.286041,-0.123365,-0.032102,0.030902,-0.006289,0.063742,-0.020518,0.040911,-0.028261,0.075578,0.119050,-0.103054,-0.074942,0.170216,-0.211464,0.072905,-0.252122,0.251358,0.057764,0.030528,0.483538,0.198216,0.006815,-0.188565,0.034650,0.122435,0.067363,0.206844,0.035616,0.102700,-0.003844,0.119030,-0.186003,-0.174156,0.020263,0.211135,-0.033479,0.027637,-0.065680,-0.072926,-0.057950,0.090056,-0.158715,0.167241,0.220124,0.056265,-0.053875,-0.063290,-0.020921,0.299049,-0.163721,0.186995,-0.061005,0.213797,-0.298655,0.026934,-0.117294,0.204688,-0.146948,0.064865,0.137090,0.096135,0.169789,-0.203748,-0.080479,0.105387,-0.022137,-0.054113,-0.046817,0.055061,0.105408,0.055119,0.216300,0.128325,-0.128957,0.295862,0.074655,0.171646,-0.141564,0.094742,-0.054548,0.165142,0.122149,0.053639,0.039492,-0.036842,-0.040806,-0.113923,0.062055,-0.136222,-0.065458,0.089721,0.013752,0.330192,0.001627,-0.130839,0.178482,0.159690,0.050624,0.129030,0.236815,0.038663,0.015423,0.206535,0.093219,0.185282,0.065222,-0.113346,0.135243,-0.021284,-0.091172,-0.087901,0.137522,-0.273585,0.095149,0.026243,-0.253845,0.141983,-0.083556,0.195259,0.023083,-0.054476,-0.181181,-0.199054,-0.143195,0.018006,-0.023873,0.323261,0.187592,0.030906,0.116106,-0.063709,0.215701,-0.075969,-0.014700,-0.047993,-0.045887,-0.088646,#
18,0.173417,-0.108290,0.072064,0.173680,0.242860,-0.077730,0.131868,0.054591,0.140381,-0.340844,0.012840,0.251671,0.059903,0.097535,0.099071,0.137074,0.056091,-0.042797,1.000000,-0.119555,0.212377,0.109775,-0.110561,0.316894,0.278446,0.033876,0.084370,0.373490,0.051213,0.100709,0.081142,-0.069839,0.072874,-0.104605,0.058945,0.162295,0.316669,-0.049872,0.038423,0.296001,-0.022222,0.257963,0.120496,0.181673,0.157457,0.067482,0.088263,-0.028342,0.081205,0.185464,0.222013,-0.173979,0.222808,0.304119,-0.006213,0.111747,0.142366,0.089399,0.009297,-0.118410,-0.067507,-0.150635,0.115439,-0.053984,-0.154323,0.068603,0.212999,0.248283,-0.005578,-0.130040,-0.101561,-0.097590,0.035049,0.019575,-0.087675,-0.022499,-0.085706,0.119080,0.129066,0.070895,0.229440,-0.170454,-0.022415,0.358375,0.204426,-0.000651,0.155103,-0.032390,0.229435,0.001616,0.247280,-0.021248,0.002634,0.307313,0.036627,0.116693,0.235953,0.170646,0.006002,0.260439,0.052253,0.133131,0.088582,0.189381,0.107001,0.197922,0.076029,0.046830,0.110505,0.327187,0.175155,0.295347,0.116581,0.092469,-0.006039,0.078110,0.049938,-0.186022,0.061709,0.212648,0.101465,0.174639,0.060063,-0.064792,0.207423,-0.041686,0.313583,-0.041994,0.259632,0.008855,0.236183,0.259512,0.075391,0.142854,0.120954,-0.349677,-0.228005,0.118390,0.089643,0.156051,0.184317,-0.042425,0.031389,-0.009821,0.036872,0.038119,0.050307,0.045082,0.083836,-0.085260,-0.070819,0.214385,0.022244,-0.069926,0.015613,0.265228,0.217789,0.052219,-0.185676,0.478656,0.075893,0.059905,0.071886,0.072271,0.078299,0.009143,0.165342,0.011666,-0.169191,0.023492,-0.086592,0.055344,0.290730,-0.125317,-0.117480,0.138438,0.084241,0.097303,0.323636,-0.029524,0.108208,0.022146,0.145879,-0.058018,0.035625,-0.012354,0.103760,0.118898,-0.033300,0.192301,0.026553,0.266960,0.244342,-0.030807,0.073605,-0.167731,-0.035994,0.240978,0.223055,-0.009026,#
19,0.178988,0.252959,0.036503,0.225291,0.157313,-0.093536,0.120723,0.151363,0.171514,0.252378,-0.054378,-0.045386,0.332103,0.251430,0.342333,0.117235,0.350112,0.106745,-0.119555,1.000000,0.199564,0.241541,0.269081,0.161473,0.001843,0.382216,0.386906,0.162235,0.150212,0.244381,-0.025280,0.485451,0.169356,0.258231,-0.029446,0.147171,-0.108028,-0.106200,0.440986,0.140988,0.083122,0.228096,0.011520,0.083692,0.265685,0.449984,0.307441,0.464067,0.044520,0.028964,0.255892,0.174823,0.197042,0.346984,0.256302,0.229197,0.261252,0.144085,0.179007,0.074223,0.254204,0.129545,0.261624,0.168188,0.213922,0.239697,-0.030581,0.307618,0.222246,0.256449,0.118931,0.282683,0.223919,-0.084124,0.291121,0.461844,0.117634,0.337266,0.412008,-0.022164,0.191396,0.283213,0.192049,0.234095,0.400780,-0.082392,0.220534,0.301951,0.270357,0.215179,0.046148,0.341095,0.164161,0.093931,0.071933,0.080764,0.032293,0.160471,-0.096135,0.098302,0.294779,0.224835,0.238647,0.216327,0.309061,0.314575,0.183437,0.372249,-0.017680,0.049505,0.155840,0.033155,0.069094,0.221383,0.150199,0.169589,0.240148,0.324792,0.274304,0.061883,0.500063,0.280405,0.361850,0.300686,0.361070,0.111661,0.303887,0.164220,-0.082704,0.380552,-0.073680,-0.034264,0.285839,0.261826,0.101668,0.142094,0.046834,0.349147,0.333093,0.226052,0.123488,0.262888,0.098074,0.065163,0.019901,0.088346,0.253577,0.211484,0.217055,0.021033,0.170670,0.125032,0.081359,0.239437,0.175206,0.210850,0.090669,0.048291,0.147570,-0.052465,0.097690,0.346027,0.196289,0.322803,0.274268,0.120748,-0.053651,0.086429,0.253817,0.071981,0.220340,0.205475,0.268326,0.032071,0.151772,0.062342,0.319081,0.213809,0.061266,0.018507,-0.015384,0.436413,0.227552,0.132735,0.083830,0.059944,0.234233,0.326599,0.205120,0.234100,0.275788,0.044824,-0.053767,0.173129,0.204528,0.200313,0.160412,0.161561,0.052453,0.304138,#
20,0.104080,-0.041643,0.241630,0.120152,0.239124,-0.083518,0.195059,0.168334,0.198162,-0.172582,-0.176107,-0.012871,0.092719,-0.031346,0.063421,0.127535,0.243419,0.254773,0.212377,0.199564,1.000000,0.009532,0.158785,0.103654,0.282780,0.221946,0.009963,0.091831,-0.033526,0.242779,0.041749,0.026337,-0.059258,0.033005,-0.095384,-0.070553,0.112865,-0.316067,-0.016405,-0.028974,0.214285,0.321111,-0.015214,-0.001067,0.378449,0.061216,0.235848,0.077414,0.122461,-0.049377,-0.038973,0.097196,0.231028,0.113601,-0.008803,-0.057978,0.171276,0.014910,0.191852,-0.140579,0.222285,0.000809,0.238400,0.162816,0.187487,0.013591,0.033023,0.151506,0.281793,0.138095,-0.009427,0.248104,0.087790,-0.062385,-0.085132,-0.188806,0.058655,0.430264,0.286425,-0.080359,0.183680,-0.146056,0.126639,0.053790,0.068224,0.170026,0.163370,0.166589,0.188179,0.059248,0.210491,0.172609,0.121918,0.015488,0.020182,-0.024493,0.313039,0.151305,0.025998,-0.087125,0.081071,-0.022231,0.039753,0.196857,0.069860,0.120746,-0.064129,0.043869,-0.033858,0.174102,-0.004090,0.022375,-0.085218,0.211962,0.040386,0.128636,0.053064,-0.213697,-0.209405,0.259216,0.151243,0.125618,0.011685,-0.193063,0.095609,-0.161591,0.195640,0.128486,-0.117937,0.156406,0.026021,0.066781,0.230038,-0.072345,0.270057,0.158315,0.207298,0.175866,0.252237,0.092361,0.102259,0.031580,-0.000023,0.049218,0.212799,0.053865,-0.170183,0.248581,0.425776,0.061468,0.088558,-0.088288,-0.123422,-0.098690,0.030085,0.021299,0.314635,0.028591,0.162597,0.364613,0.058171,0.171345,0.218087,0.244287,0.177492,0.091983,-0.055565,0.244897,0.049204,-0.165017,0.057573,0.117124,-0.165340,-0.038132,0.009223,-0.067797,0.027879,-0.031427,0.265536,0.164147,0.001141,0.135450,-0.103890,0.121645,0.042791,-0.293368,0.145952,0.127903,0.012689,0.358969,-0.070740,0.126249,0.185109,-0.017746,0.229483,0.115395,-0.075734,0.288545,0.021625,-0.012331,#
