0,1.000000,0.006707,-0.149554,-0.016637,0.107552,0.132900,-0.155795,0.083545,0.038567,-0.012468,-0.206437,-0.091340,0.201527,-0.292590,0.210384,-0.058681,0.095052,-0.018337,-0.117322,0.311371,-0.224694,-0.032295,0.046242,-0.056563,0.255869,-0.023486,0.359701,-0.033027,-0.023067,-0.080092,-0.124118,-0.089854,0.020959,-0.177967,0.353205,0.023077,0.130875,-0.073596,0.264606,0.157135,-0.165401,0.034143,-0.054048,0.139017,-0.129090,0.132193,0.146360,-0.339673,-0.130562,0.211214,0.335570,-0.015810,0.080850,0.204565,0.085555,0.234133,-0.061774,0.186904,0.024644,-0.134422,0.145790,-0.113841,-0.083997,-0.027998,-0.018676,0.106251,-0.206255,0.174874,0.080366,0.146454,0.033620,0.110830,0.020137,-0.195165,0.128138,0.119382,-0.318742,-0.072402,-0.162997,0.051263,0.291557,0.154379,-0.024896,0.039225,-0.173012,0.085231,0.080832,-0.369399,0.007757,0.117468,-0.005505,-0.226693,-0.270514,-0.143521,-0.174927,0.118365,0.069261,0.016142,0.075533,0.173478,-0.112687,-0.060480,-0.053778,0.059408,0.246248,-0.213543,-0.402440,0.013440,0.117417,-0.023285,0.268685,-0.147894,-0.050731,0.105833,-0.032668,0.048885,0.036868,-0.035724,0.333066,0.171863,-0.010963,0.021296,0.204208,0.106932,-0.100427,0.109658,0.036900,0.149881,0.171676,-0.161507,0.246934,-0.170636,-0.153249,-0.104283,-0.124362,-0.051092,0.208432,0.212347,-0.145221,-0.282918,-0.118570,0.207883,-0.163928,0.003083,-0.132235,0.056955,0.069610,-0.103429,0.107246,-0.098397,-0.032727,-0.096992,-0.005552,-0.272553,0.049379,-0.032666,0.141033,0.098341,0.022703,0.157975,0.049602,0.233337,0.078075,-0.152550,0.289757,-0.050422,-0.076923,-0.029009,0.181121,0.063650,0.069071,-0.002113,0.350931,-0.051551,-0.022974,-0.300946,-0.067024,0.043486,0.140450,-0.002136,-0.166810,-0.063826,-0.127984,-0.048766,0.094357,0.068220,-0.109026,0.120932,-0.050293,0.036066,-0.071015,0.004598,-0.111978,-0.066863,0.112074,-0.082097,0.006211,-0.125357,-0.098309,0.165807,#
1,0.006707,1.000000,0.173586,0.350950,0.014044,0.053954,0.121839,0.065385,-0.081233,-0.047438,-0.036029,-0.176309,-0.005028,0.115175,-0.269481,-0.111724,0.231412,0.093483,0.186802,-0.053848,0.348194,0.140409,0.180278,0.223014,0.137986,-0.003179,-0.008300,-0.003644,-0.076507,0.120272,-0.062623,0.309471,0.095849,-0.184834,0.010861,0.232532,-0.045780,0.198356,0.072256,0.058709,0.209891,-0.027125,0.026481,0.038656,0.209021,0.279611,0.027963,0.001765,-0.177961,0.096852,0.194697,0.106680,0.215190,0.233817,0.099999,0.238838,-0.279834,0.016810,0.190745,-0.052860,0.186106,0.020164,0.046756,0.093434,-0.045600,0.079173,0.184408,0.027074,0.230584,0.219933,0.100596,0.109012,0.178224,0.153503,0.039519,-0.174591,0.229136,0.092488,0.137548,-0.032750,0.079210,0.187782,0.136883,-0.044134,0.035246,0.127076,0.056473,-0.095665,0.188029,0.223010,0.099454,0.132461,0.120245,-0.176217,0.181028,0.097241,-0.083851,-0.110168,0.068274,0.195867,-0.044764,0.150334,0.195696,0.096987,0.213433,-0.013564,-0.273095,0.177505,0.125726,0.141555,0.080193,0.072370,0.018052,0.030445,-0.057281,-0.015732,0.195626,0.308004,0.086480,0.001410,0.202637,0.086070,-0.185768,0.197277,0.022803,0.101617,0.262695,0.102785,0.120824,-0.071088,-0.009955,-0.101007,-0.033119,0.293676,-0.066931,0.082205,-0.045987,0.032318,0.015474,0.008116,-0.104605,0.021547,-0.322686,-0.138496,-0.011464,-0.085887,0.102568,-0.113349,-0.226159,-0.096774,-0.005913,-0.031777,-0.190488,0.102018,-0.007909,0.003847,0.123068,-0.172349,-0.060050,0.110007,-0.039808,0.183365,0.334248,0.166905,-0.149967,-0.106519,0.079088,0.030529,-0.174715,-0.096568,0.329894,-0.127745,0.104089,-0.017104,0.117231,0.038708,0.069036,0.165094,0.100854,-0.129182,0.016795,-0.167818,-0.111426,0.063589,-0.123533,0.134088,0.023506,-0.079686,0.119916,0.111763,-0.166868,0.346486,0.028130,0.246835,0.181380,0.275051,0.313911,-0.088797,0.022653,0.187810,#
2,-0.149554,0.173586,1.000000,0.090954,-0.044533,0.063092,0.103620,0.153700,-0.168850,0.026922,-0.034991,-0.112352,-0.005768,-0.139218,-0.067684,0.011914,0.016098,0.177206,0.168242,0.173309,0.056165,0.176468,-0.114901,-0.076216,-0.029573,-0.090702,-0.011077,-0.103314,-0.151691,0.139025,0.009506,0.147269,0.361539,0.216671,0.206186,0.068890,0.106100,0.027359,0.205949,0.275703,0.343036,0.133888,-0.292213,0.049391,0.047269,0.270455,0.045182,0.068397,0.198341,0.275160,-0.112553,-0.010119,-0.004669,0.217201,0.161883,0.131215,0.142793,-0.094971,0.093620,0.011925,-0.078079,-0.013804,-0.115354,0.255546,0.006589,-0.239804,0.353301,-0.222449,0.316967,0.163474,0.125414,0.076517,-0.158418,0.256544,-0.104219,-0.077417,0.086157,0.193107,0.179665,0.257794,-0.016556,0.126056,0.110257,0.120102,0.046106,0.216843,-0.006520,0.189739,0.128288,0.078814,0.284855,-0.293569,0.133173,0.014405,0.173155,-0.006082,-0.124648,0.127261,-0.125697,0.004590,-0.063551,-0.203564,-0.209829,0.110986,0.165975,0.121842,-0.012708,0.005597,0.123272,0.022448,0.088675,0.127289,0.011789,-0.160493,0.045596,-0.149888,-0.191105,0.000587,-0.062654,0.123594,0.232709,0.226895,-0.074904,-0.039389,0.020183,0.239408,0.171892,0.039916,-0.116071,0.144675,-0.197921,0.204812,0.088537,0.120587,-0.097680,-0.080149,-0.244413,-0.018382,-0.039784,0.180232,-0.019847,0.047887,0.070482,-0.129190,0.113710,0.017471,0.089275,0.070538,0.185757,-0.220577,0.201092,0.109385,-0.119334,0.179437,-0.133997,0.119037,0.107215,-0.019435,-0.099141,-0.127778,-0.108660,-0.173906,0.027822,0.067348,-0.009455,0.037875,-0.057537,-0.077932,-0.085914,0.080593,0.231440,-0.211462,0.088327,0.047338,0.061404,0.285070,0.244968,0.116637,0.020672,0.025940,0.003005,0.186736,0.222046,0.255842,0.022602,0.223537,0.002747,0.249973,-0.071182,-0.043582,-0.144367,0.129876,-0.022415,0.236669,0.163589,0.171326,0.208751,-0.089895,0.122508,-0.044805,#
3,-0.016637,0.350950,0.090954,1.000000,0.150165,0.152623,-0.261975,0.105157,0.029225,0.092411,-0.231138,-0.045910,0.160744,0.227409,-0.193979,-0.190158,0.131507,0.043727,-0.140632,0.063674,0.382283,0.041828,0.098607,-0.153850,0.192488,0.271057,0.140333,0.166991,0.037461,0.149276,-0.074001,0.120404,0.182454,-0.017558,-0.101565,0.083178,-0.158497,-0.084352,-0.096078,0.331389,0.086866,0.130964,0.015776,0.034330,0.250874,0.063579,-0.084888,0.238049,-0.009324,0.137593,0.094330,0.097681,0.080313,0.192010,0.370674,0.103484,-0.104002,0.065574,0.192757,-0.016621,0.101331,-0.075800,0.091499,0.077962,-0.068492,0.264300,-0.043317,0.158153,0.168506,0.108113,-0.144444,-0.141049,0.275209,0.182702,-0.009500,0.107175,-0.033560,0.105364,0.201933,0.112350,0.227980,0.296770,0.029377,-0.139986,-0.023669,0.031197,0.006567,0.125973,0.137134,0.068335,0.007773,0.090799,0.019927,-0.096559,0.124435,0.184036,0.067334,0.055178,-0.175877,0.214884,0.253100,-0.031075,0.079331,0.030596,0.025747,-0.171710,0.070909,0.300688,-0.030475,-0.094723,0.036848,0.275926,0.084698,0.089889,0.052891,0.214960,0.243768,0.315220,0.006600,0.140004,-0.014238,0.133922,0.008352,0.288542,-0.062192,0.274116,0.239257,0.186001,0.018659,0.202675,0.174990,0.009500,0.250329,0.159629,-0.082855,-0.095197,-0.060830,0.045495,0.327441,0.186177,-0.078476,0.060940,-0.273982,-0.087066,-0.181384,0.115564,0.209643,0.037484,0.085251,-0.293083,-0.060654,-0.077791,-0.118194,0.141479,0.092595,-0.015994,0.209561,0.160339,0.087199,0.250798,0.256454,0.375472,0.233107,0.391455,0.070460,-0.045499,0.127318,0.042881,-0.026890,0.128059,0.178575,-0.161659,0.041803,0.009927,0.090951,0.186056,0.174179,-0.076032,0.009421,0.136791,0.139794,0.197861,0.079798,0.331424,0.156109,0.220088,-0.042861,-0.197110,0.077910,0.074398,0.152622,0.195466,0.240082,0.129525,0.301902,0.360950,0.038955,0.074266,0.043263,0.148438,#
4,0.107552,0.014044,-0.044533,0.150165,1.000000,0.337669,0.045509,0.006294,0.036252,0.189049,0.021717,-0.136365,0.013080,-0.084834,0.107422,-0.085514,-0.088831,0.027626,-0.219530,-0.003085,0.181655,0.155479,0.256533,0.038445,0.210114,0.000957,-0.081701,0.109867,0.223939,0.290382,-0.048791,0.115174,-0.030924,0.028045,0.104116,0.206443,-0.072517,-0.202035,-0.014378,0.219461,-0.100966,-0.097445,0.123444,0.072489,0.321070,-0.130982,0.246643,0.181016,-0.242954,0.017118,0.307857,0.057044,0.003357,-0.222128,0.217477,0.180330,-0.071494,0.296775,0.147981,-0.234410,-0.035244,-0.058299,0.314800,0.092263,0.143276,0.410621,0.000432,-0.176054,0.163371,0.063561,0.135875,-0.122478,-0.070935,0.019825,0.132935,-0.016079,0.007329,0.085458,0.057494,0.100422,-0.058850,0.302139,0.011374,-0.109754,0.010933,-0.094252,-0.015603,0.164640,0.158514,0.117110,0.059907,-0.282936,0.135172,-0.076478,0.083059,0.178260,0.226383,0.002089,-0.016635,-0.129633,-0.187777,0.225942,0.042544,0.160790,-0.130026,-0.304319,0.108469,0.087544,0.062834,0.347244,-0.157302,0.132397,0.108642,0.160379,-0.104194,0.038301,-0.203489,0.348218,0.013722,0.116554,-0.063433,0.060489,-0.007383,0.051795,0.058723,0.065478,0.227058,-0.055933,0.162379,0.065671,0.154685,0.138571,0.101547,0.149317,0.074398,-0.180333,-0.134281,0.291716,0.092800,0.186854,-0.098768,0.174709,-0.048324,0.149364,-0.039235,0.127864,-0.027484,0.144080,0.049290,-0.010592,-0.038432,0.024022,-0.016982,-0.202525,0.255066,-0.092414,0.089427,0.332723,0.108379,0.065869,-0.030673,0.184852,-0.037920,0.154576,0.092625,-0.119811,0.160310,-0.129949,-0.041286,-0.093938,0.147760,-0.006395,0.103114,-0.115082,-0.233210,-0.009233,0.262742,0.117129,0.076103,0.336377,0.090510,-0.149658,-0.036090,0.104329,0.109364,0.346811,0.115176,0.141673,0.090826,0.310473,0.194488,0.049562,0.365689,0.069501,-0.056700,0.009878,-0.148902,-0.000316,0.008348,0.135886,#
5,0.132900,0.053954,0.063092,0.152623,0.337669,1.000000,0.157031,0.025600,0.102839,0.144913,-0.174535,-0.169361,0.046276,-0.237968,0.034036,0.063239,0.126507,0.063687,0.063935,0.153086,0.005414,0.016529,0.094862,0.055865,0.253669,0.186900,0.087952,0.020735,0.159456,0.141324,-0.038882,0.008875,0.059495,0.153629,0.280069,0.035292,0.090630,0.031019,-0.041596,0.222194,-0.153433,0.112689,0.321922,0.052517,0.152309,0.223148,-0.130800,0.083334,-0.207407,0.100195,0.230463,0.114590,-0.159393,-0.066428,0.290561,0.175745,-0.057591,0.078725,0.105405,-0.045081,0.147553,-0.278873,0.107018,0.190424,0.139680,0.344253,-0.207702,-0.063673,0.058243,0.028154,0.247533,0.158412,-0.140105,0.254059,0.190998,0.039511,-0.081425,0.324863,0.139752,0.121847,-0.028005,0.127877,-0.058914,0.022363,0.059655,-0.125131,-0.030410,-0.068679,0.023106,-0.169586,0.272188,-0.132964,-0.064901,0.046101,0.241132,-0.107287,0.219586,0.205436,0.023368,-0.011854,0.036026,0.058664,0.151059,0.276971,0.038967,-0.129193,0.033054,0.026205,-0.087306,0.170673,-0.035188,0.045757,0.249771,0.072414,-0.044220,-0.097239,0.394282,0.258581,0.144361,0.342173,-0.036909,0.005961,-0.300771,0.082195,0.035832,0.155013,0.262513,-0.010742,-0.008366,-0.134875,0.059853,0.012514,0.033027,0.077121,0.108199,-0.061928,-0.142691,-0.037862,-0.036565,0.165178,-0.136396,-0.082839,-0.056189,0.016190,0.111590,0.233290,0.050283,0.015385,0.159831,-0.199630,0.237065,0.083142,0.272654,-0.143916,0.234557,-0.045515,0.131104,0.062513,0.007352,0.050976,0.002735,0.169025,0.024202,0.051028,0.007069,-0.213926,-0.172454,0.036633,0.142642,0.164250,0.116590,0.122890,-0.005242,0.022294,-0.087994,0.355515,0.347156,0.093464,0.203308,0.238498,0.251149,-0.135721,-0.089033,0.142713,0.166340,0.273208,0.232261,0.184722,0.162259,0.109889,-0.119968,0.064508,0.165366,0.068298,0.285957,0.136798,0.091926,0.172069,-0.031288,0.139846,#
6,-0.155795,0.121839,0.103620,-0.261975,0.045509,0.157031,1.000000,-0.084006,-0.070306,0.000059,0.254582,-0.069944,-0.134697,-0.176956,-0.255932,0.344755,0.305005,0.210500,0.197505,-0.156921,-0.168474,-0.216616,0.083431,-0.085154,0.049660,0.046233,0.009593,-0.024225,-0.015005,0.000590,-0.012205,0.203318,-0.138649,0.068242,0.066983,-0.083879,-0.085040,0.109365,-0.068902,-0.064230,-0.072893,0.009458,0.222273,0.085793,-0.081354,0.038366,0.029652,0.002098,-0.289821,-0.067549,-0.128666,-0.069944,-0.122241,-0.106012,0.012233,0.139856,-0.214809,0.033554,-0.189041,0.188394,0.049309,0.151783,-0.114167,0.047578,0.268536,-0.116296,0.041364,-0.128382,0.040706,-0.021000,0.263567,0.005028,-0.318718,-0.047203,0.212987,-0.101100,0.241786,0.187020,0.146079,0.053107,-0.164889,0.163365,-0.027187,0.017817,0.019889,-0.106128,0.031797,-0.084818,-0.007197,-0.257703,-0.084409,-0.113929,0.156870,-0.206178,0.054598,-0.025322,0.261701,0.022594,-0.130051,0.003427,-0.066374,-0.026570,-0.136798,0.036624,0.076166,0.034297,0.054240,0.072499,0.265627,0.129068,0.004905,-0.016171,0.225734,0.273934,0.022231,0.190130,-0.006623,-0.019104,-0.028165,-0.069973,-0.034015,0.107684,-0.439619,-0.327260,0.177106,-0.097299,0.071318,-0.121291,0.028238,-0.075135,0.112106,0.115460,0.191025,0.002188,0.111052,-0.068808,0.113281,-0.064743,-0.030026,0.041213,0.076358,-0.154510,0.095179,-0.162494,-0.071666,0.064011,-0.055241,0.291860,0.018998,0.047679,0.176696,0.000370,-0.011668,0.108199,0.032402,0.128197,-0.218496,-0.232222,-0.302706,-0.093413,-0.127411,-0.067569,0.032722,-0.068483,-0.274203,-0.172141,-0.074958,0.107616,-0.094648,-0.024083,-0.166967,0.293060,-0.355575,-0.018413,-0.015194,0.090128,0.211245,0.049907,0.085193,-0.137351,0.061209,-0.213800,-0.013525,-0.036392,-0.021339,-0.091895,0.175011,-0.136484,0.050821,0.009784,0.046477,0.047129,-0.119609,0.129740,-0.006162,-0.011648,-0.025250,-0.158748,0.141156,-0.013158,#
7,0.083545,0.065385,0.153700,0.105157,0.006294,0.025600,-0.084006,1.000000,0.098762,0.025886,-0.361775,-0.116160,0.322378,-0.023338,0.039327,0.053935,-0.064191,0.246339,0.078643,0.115871,0.116199,0.120145,0.142532,-0.006373,-0.015100,0.114437,0.020638,-0.219693,0.095469,0.027966,0.048775,0.089601,0.167236,0.058344,0.043349,0.108678,-0.204928,0.123215,0.418788,0.195976,0.089566,0.228076,-0.054391,-0.064658,-0.022096,0.237771,0.214336,0.214500,0.260090,0.247056,-0.005961,0.153316,0.011392,-0.071491,0.144577,-0.050161,0.037859,-0.239944,0.276868,0.218401,0.119978,0.194078,0.021022,-0.145386,0.143573,0.013915,0.007630,-0.024231,-0.342328,-0.006294,0.121345,-0.136214,0.043835,0.066353,-0.091151,-0.156048,-0.097834,0.061449,0.094510,0.135945,0.128841,0.088643,0.125158,0.117958,0.087655,0.213007,-0.144196,0.181530,-0.101686,0.083004,0.220394,-0.217584,0.141194,0.022997,0.303074,0.184182,0.056603,0.113570,0.177704,0.036403,0.028516,0.012794,-0.348832,-0.190048,0.208866,0.018553,-0.245115,0.177839,0.127847,-0.320052,0.043442,0.017887,0.247825,0.040644,0.337777,0.138320,-0.095539,-0.044086,0.097704,0.299919,0.048174,0.164092,0.166762,0.081018,-0.078594,0.183081,-0.042908,0.239400,0.046142,0.277177,-0.136148,0.008251,0.066001,-0.278523,-0.146595,-0.187505,-0.187752,0.191026,0.098291,0.031379,-0.102846,0.005900,-0.068844,-0.123118,0.106350,0.232368,-0.012894,0.031387,-0.105296,0.016634,-0.128772,0.145055,-0.073282,-0.021738,0.188866,0.355550,0.176906,0.187056,-0.099002,-0.137077,0.072360,-0.014449,0.124199,0.047076,-0.074512,-0.053639,-0.123192,-0.210344,-0.149664,-0.131902,0.187388,-0.057205,0.222285,0.072997,0.169453,-0.106934,-0.000112,-0.000101,-0.075318,-0.022848,0.151923,0.097347,-0.188205,0.154367,0.276439,0.253674,0.094760,0.113469,0.109961,0.188988,0.153994,0.082795,-0.029491,-0.076569,0.038318,0.071456,0.059393,0.037469,-0.108326,-0.063117,#
8,0.038567,-0.081233,-0.168850,0.029225,0.036252,0.102839,-0.070306,0.098762,1.000000,-0.043383,0.040780,0.291832,0.182826,0.123295,0.049122,0.086890,-0.040046,-0.199740,-0.149485,-0.104061,0.182683,-0.109917,0.050549,0.000019,0.044899,0.071186,0.017249,-0.154823,-0.012131,-0.002644,0.135259,-0.063443,0.094631,0.058914,-0.049366,0.383666,-0.000697,-0.056732,-0.113656,-0.074565,0.078355,-0.030688,0.168636,0.230924,0.025157,-0.078690,0.013336,-0.207193,-0.061431,0.167595,-0.099434,-0.031074,0.323388,-0.110513,-0.078989,0.061812,-0.092505,0.073618,-0.017633,-0.078777,0.154321,0.139972,0.018640,0.241311,-0.052798,0.117941,0.067469,0.171219,-0.053103,-0.038015,0.133768,0.312735,0.163535,-0.073811,-0.036502,-0.187125,-0.048682,0.005152,0.240575,0.280138,-0.073433,0.058837,0.008008,0.012088,-0.076237,-0.064336,0.148746,-0.009879,-0.164812,-0.146360,0.082243,-0.104856,-0.077394,-0.031333,-0.199719,-0.036109,0.341152,0.163744,0.190367,-0.000085,-0.132725,-0.241059,0.161375,0.188336,-0.209126,0.051302,0.128943,0.085941,-0.051067,0.324365,-0.034199,-0.150765,-0.015396,0.047558,-0.026670,0.101676,0.219036,-0.046273,-0.263429,0.088915,0.131813,0.054200,0.210652,0.250800,-0.097525,0.090740,-0.123199,-0.009513,0.285644,0.204951,-0.108945,0.185932,0.114330,-0.197002,-0.060918,0.239997,-0.040157,0.022874,0.037206,-0.118329,-0.180588,-0.159477,-0.059389,-0.275222,0.122173,0.180500,0.130335,0.119404,-0.166715,0.073036,-0.071009,0.154010,0.002273,0.142293,0.244022,0.017976,0.104820,0.136187,0.300091,-0.215026,0.161492,0.024997,-0.096952,-0.252118,-0.103515,-0.102853,0.071101,0.163310,0.100306,-0.088624,-0.113891,0.202136,-0.214663,0.089781,0.134974,-0.023632,0.034165,0.034546,0.074757,0.180301,0.301023,0.000558,0.101971,-0.028592,-0.113838,-0.046596,0.062955,0.054288,-0.137354,0.098839,0.157386,0.033167,-0.104055,0.117156,0.068244,-0.038645,-0.333728,0.099667,-0.139355,0.223698,#
9,-0.012468,-0.047438,0.026922,0.092411,0.189049,0.144913,0.000059,0.025886,-0.043383,1.000000,0.016881,-0.149894,-0.084549,-0.138140,0.074772,-0.112619,-0.092790,0.211091,-0.249127,-0.053620,0.032115,0.028306,-0.062674,-0.087381,0.143535,0.075896,0.246019,0.041653,-0.031029,-0.076896,-0.146067,-0.068545,-0.007926,-0.034979,0.013170,0.073102,-0.024346,-0.084836,0.036315,0.080163,-0.143124,0.000460,-0.122340,0.071476,-0.022648,-0.047020,-0.065959,0.111523,0.166241,0.227197,-0.010807,0.119106,-0.076268,-0.190913,-0.140359,-0.016036,0.047691,-0.016044,-0.232420,0.159603,0.042655,0.013428,0.009500,0.005868,-0.076054,0.166246,-0.117691,-0.181849,-0.037633,0.021293,0.153389,0.104528,-0.000059,0.032450,-0.069057,-0.042654,0.018551,0.105507,-0.010964,0.119987,0.035491,0.051114,-0.190524,-0.084526,0.100447,0.006173,0.157735,-0.073975,-0.034977,0.215629,0.275685,-0.191262,0.218681,-0.058717,0.197353,0.090328,-0.100281,0.050352,0.127744,0.234369,-0.028225,0.045655,-0.185408,-0.145024,-0.066415,-0.002993,-0.090211,0.254473,-0.084299,-0.164941,-0.048778,0.278417,0.144229,-0.105232,0.089667,0.204821,0.042718,0.179274,0.238181,0.134869,-0.153101,0.066348,-0.015535,-0.077954,0.133479,0.019075,0.094388,0.042265,-0.096908,-0.191172,-0.176881,0.096149,0.029293,0.013687,0.078513,-0.205993,-0.067438,0.094549,0.011728,0.207790,0.095037,0.226698,0.194964,0.208490,0.188198,0.154944,-0.114043,0.231902,-0.055626,-0.060991,-0.044890,0.144797,0.035860,-0.074520,-0.106755,-0.095632,-0.003019,0.138854,0.311484,0.049796,-0.230967,0.034986,0.170056,0.189811,-0.141473,-0.144302,-0.158568,0.328467,-0.002225,0.160860,0.005918,-0.082831,0.018477,-0.127642,-0.057339,0.138605,0.273672,0.162343,0.114383,0.208976,-0.047717,0.162917,0.112926,0.013170,0.142455,0.118634,0.086715,0.187983,0.042049,0.153879,-0.213892,-0.198895,0.044832,-0.014771,-0.143674,-0.050966,-0.158269,0.036214,-0.039023,-0.116171,#
10,-0.206437,-0.036029,-0.034991,-0.231138,0.021717,-0.174535,0.254582,-0.361775,0.040780,0.016881,1.000000,-0.003519,-0.123419,-0.046802,-0.259055,0.210247,0.024152,0.050865,0.144396,-0.321648,-0.033712,0.173163,-0.311182,0.065949,0.011607,0.029823,-0.178387,-0.023517,0.172225,0.054581,-0.180323,0.009078,-0.081849,-0.099767,-0.153201,-0.155369,0.105381,-0.081839,-0.346572,-0.224209,0.000778,-0.318910,-0.024383,0.091958,-0.070295,-0.089469,0.120385,0.043580,-0.255751,-0.122228,-0.197506,0.035911,0.167197,-0.112497,-0.141442,0.105338,0.013212,0.072378,-0.186193,0.056131,0.026423,0.029612,0.040162,0.181715,-0.065980,-0.025047,0.107450,-0.282011,0.022024,-0.278008,0.027574,0.091597,-0.277132,0.075628,-0.075224,0.066408,-0.117084,-0.087748,0.296296,-0.276915,-0.101001,-0.158334,0.110736,-0.085800,-0.040456,0.115727,0.161238,0.003830,-0.155274,0.046128,0.027737,0.039621,0.031929,-0.193135,-0.046576,-0.060924,0.275760,0.031074,0.061811,-0.043231,0.098623,-0.042672,0.013133,-0.028383,-0.429968,0.186433,0.230794,-0.171672,0.000202,0.270340,0.218061,0.006583,-0.052317,0.113720,-0.051142,0.048353,-0.093727,-0.075002,-0.035134,-0.167262,0.028015,0.154551,-0.331386,-0.331940,0.024099,0.028436,0.218782,-0.093188,-0.167409,-0.073601,0.103050,0.163903,0.067648,-0.048592,0.101186,-0.085123,-0.127078,0.004379,-0.018182,0.048446,0.006189,0.044513,0.373139,0.138135,0.124406,0.072739,-0.231940,0.100728,-0.073321,0.257209,0.124739,-0.066773,-0.037316,0.187618,-0.007659,0.004185,-0.115759,-0.155023,0.031698,-0.139635,-0.150222,0.026078,-0.107948,0.010489,-0.365853,-0.003681,0.102705,0.096128,0.068307,-0.069764,-0.341411,0.114281,-0.157852,-0.028278,0.023891,0.128945,0.037987,0.028681,-0.012466,0.100459,-0.153512,-0.210440,0.090049,0.030008,-0.082696,-0.040529,0.126348,0.044493,0.003725,0.072113,-0.134532,0.098487,-0.044123,0.202816,-0.120916,-0.168192,-0.200169,-0.140888,-0.022609,0.099404,#
11,-0.091340,-0.176309,-0.112352,-0.045910,-0.136365,-0.169361,-0.069944,-0.116160,0.291832,-0.149894,-0.003519,1.000000,-0.020038,0.120058,0.056640,-0.040759,-0.304757,-0.063156,-0.052540,-0.108156,-0.025839,0.070044,-0.100789,0.014916,-0.004317,-0.040660,-0.174307,-0.039886,-0.078908,-0.009017,0.227487,0.127138,0.095219,-0.019622,-0.122974,-0.018879,-0.063566,0.033566,-0.126250,-0.142880,0.050003,-0.080594,0.070096,0.000822,-0.033345,-0.329771,-0.051064,-0.068646,-0.022333,-0.139310,-0.324244,-0.225927,0.055861,0.049452,0.003341,-0.093077,-0.139079,0.243256,0.000326,0.259121,0.048454,0.093424,-0.004610,0.023808,-0.040746,-0.193423,0.194114,0.220619,-0.166107,0.080993,-0.374193,-0.002006,0.179988,-0.167304,0.247147,0.177772,0.045662,0.122259,0.148965,0.035760,-0.090463,-0.067051,0.005292,0.050350,-0.182139,-0.216390,0.175546,0.009970,0.037109,-0.057324,-0.192957,-0.038381,-0.020596,0.111816,-0.354754,-0.022377,0.109590,0.150067,0.133586,0.054254,0.019236,-0.044946,-0.145803,0.051453,-0.088923,0.188955,0.086313,0.061327,-0.215448,0.127789,0.108662,0.008278,-0.187373,0.162121,0.137310,-0.124071,-0.105189,0.209065,-0.121778,0.187495,0.126399,-0.119351,0.031263,0.383823,-0.019592,-0.192614,-0.225229,0.118445,0.377864,0.140244,0.174113,0.055928,0.167765,0.006005,0.129778,0.329141,0.060753,0.155217,-0.056964,0.054341,-0.052839,-0.351290,0.114533,0.156200,-0.083173,-0.086991,-0.031353,-0.040260,-0.257283,-0.293267,-0.025926,-0.034602,0.006731,0.215596,-0.107227,0.011062,-0.118837,-0.079638,0.096115,0.004175,-0.137646,0.047014,-0.319998,0.108003,0.050190,0.094091,0.088701,-0.008395,0.049976,-0.108908,0.090391,0.011163,-0.094269,-0.176666,-0.045186,0.090039,-0.097323,-0.065548,0.088309,0.023585,-0.119359,0.031913,-0.018920,0.022202,-0.042824,-0.158453,0.007216,-0.149237,-0.174501,-0.191902,0.118552,0.193777,0.131409,0.055631,0.032264,0.006778,-0.274675,0.053657,0.015843,0.083221,#
12,0.201527,-0.005028,-0.005768,0.160744,0.013080,0.046276,-0.134697,0.322378,0.182826,-0.084549,-0.123419,-0.020038,1.000000,-0.086438,0.053316,-0.207227,-0.065651,-0.019153,0.026189,-0.075394,0.094818,0.203720,0.111433,-0.249082,0.308827,0.075806,0.032479,-0.240150,0.063993,0.027386,0.107884,-0.235461,0.096363,-0.030932,0.274951,0.182939,-0.023266,0.017776,-0.047792,-0.010556,0.152192,-0.204528,-0.012250,0.202389,0.045817,-0.031509,0.297639,0.162587,0.148411,0.259691,-0.064313,0.022095,0.074759,0.077914,0.214855,0.043166,-0.164953,-0.217967,0.182016,0.081223,-0.060024,0.236175,0.099035,0.069168,-0.112408,0.010987,-0.134064,0.049162,0.029483,0.079420,0.028567,-0.038743,0.187004,0.051767,0.097760,0.226382,-0.084902,0.204788,0.040954,0.273260,0.237573,0.247294,0.225435,-0.214091,0.113038,0.063352,-0.007424,0.163052,0.046654,0.225735,0.238296,-0.050744,0.112378,0.300668,-0.020876,0.144680,0.066727,0.084340,0.032811,-0.075053,0.203323,-0.092252,-0.058568,-0.179233,0.089885,0.163693,-0.054690,0.239391,-0.055997,-0.102905,0.245619,0.041840,0.121617,0.010449,-0.081993,-0.134593,-0.147835,-0.017993,0.113807,0.137428,0.294737,-0.005570,0.061827,0.227080,0.022013,0.391252,-0.144228,0.141820,-0.067165,0.131499,-0.300461,-0.109819,0.246345,-0.247317,-0.151450,-0.057833,-0.115647,-0.089078,0.116342,-0.159985,-0.109882,-0.183027,-0.210976,-0.010003,-0.167055,0.069831,0.095758,0.205771,-0.082381,0.186136,0.200007,0.022082,0.016802,-0.060271,0.024044,-0.011361,0.294094,0.252189,0.101360,-0.200264,0.113195,0.261167,0.116392,-0.128126,0.035032,-0.021536,-0.080153,-0.053029,0.140448,-0.038088,0.112074,-0.149573,0.181452,-0.125929,0.068451,0.059273,0.092361,0.034275,-0.351202,-0.067997,-0.049686,0.082098,-0.140958,0.217541,0.003994,0.046191,0.158806,0.011731,-0.082379,-0.234411,-0.049864,-0.081730,-0.111060,-0.113306,0.056054,0.000719,-0.020171,-0.043819,-0.279718,0.135565,#
13,-0.292590,0.115175,-0.139218,0.227409,-0.084834,-0.237968,-0.176956,-0.023338,0.123295,-0.138140,-0.046802,0.120058,-0.086438,1.000000,0.054277,-0.032815,-0.060882,-0.127140,-0.018587,-0.284547,0.163207,0.107100,0.236185,0.227544,-0.178683,0.277541,-0.060298,0.101356,-0.043115,-0.022068,0.041257,0.034271,-0.059705,-0.004991,-0.158104,0.026780,-0.002336,0.089468,-0.188713,-0.070867,0.193184,0.048276,0.189829,-0.225690,0.223129,0.095255,-0.228441,0.000290,0.129600,-0.164323,-0.240614,0.056616,0.049206,-0.035248,0.064949,-0.088916,0.038895,0.112566,0.161637,-0.041352,-0.061258,0.310771,-0.121119,-0.086552,-0.025072,0.016486,0.264448,0.156926,-0.110215,0.145240,-0.224122,-0.126841,0.279576,0.051948,-0.095364,0.239992,0.124397,-0.180597,0.049059,0.031637,-0.236814,0.072209,0.077094,0.132874,-0.299362,0.064952,-0.038264,0.200289,0.224691,-0.051605,0.107502,0.290420,0.287344,-0.001977,-0.067928,0.005988,-0.006659,-0.006511,-0.043983,0.104408,-0.012920,-0.042954,0.025116,-0.035216,-0.180302,-0.062138,-0.092404,0.044321,-0.213064,-0.019520,-0.204397,-0.021627,-0.066228,-0.042274,0.262919,0.019431,0.091924,0.057585,-0.219221,-0.101477,0.092602,-0.051028,0.215974,0.230276,-0.049593,-0.165423,-0.065451,-0.006285,0.041622,0.286491,-0.106434,-0.191409,-0.135615,0.152663,-0.074178,0.160266,0.084982,-0.108415,0.165426,0.122942,-0.025439,-0.161470,-0.175955,0.031648,-0.101916,0.106089,-0.004566,0.068167,0.035506,-0.067411,-0.074942,-0.184820,0.001491,0.245661,-0.108227,-0.144807,-0.103476,-0.261549,-0.057705,0.081448,0.056688,-0.077599,0.146589,-0.115944,-0.121507,0.048788,0.081166,0.281467,-0.192594,0.063896,-0.064978,0.005804,-0.292354,0.244978,0.080692,0.092876,0.052708,-0.160782,-0.043835,-0.114445,0.253309,-0.097326,-0.054657,0.076393,-0.316812,0.089763,-0.055137,-0.325732,-0.073608,0.133202,0.159974,0.074336,0.092289,0.029898,-0.001370,0.102691,-0.168326,0.412546,-0.032572,0.157340,#
14,0.210384,-0.269481,-0.067684,-0.193979,0.107422,0.034036,-0.255932,0.039327,0.049122,0.074772,-0.259055,0.056640,0.053316,0.054277,1.000000,-0.135583,-0.149109,0.145735,-0.237075,0.098914,-0.197114,0.036194,0.065738,0.211551,-0.110518,-0.102265,0.020105,0.218335,-0.028108,0.053384,0.386317,0.019244,0.048498,0.058125,0.016081,0.015857,0.204747,-0.055967,0.202007,-0.083084,-0.054399,0.105514,-0.127397,0.009774,-0.029470,0.121153,0.097934,-0.115754,0.058496,-0.016947,0.015065,0.065036,0.120821,-0.175424,0.006855,0.085888,0.296608,0.019792,0.225787,-0.208481,0.055911,-0.113748,0.106388,-0.005288,-0.003367,0.015810,-0.018019,-0.085890,-0.062995,-0.013278,0.185809,0.039235,0.222069,0.062991,0.148187,0.248088,-0.069516,-0.125042,-0.226016,-0.026111,-0.015357,0.079353,0.189335,0.174480,-0.068271,-0.068652,0.031570,0.142301,0.016499,0.354197,0.264051,-0.081966,0.085279,0.258742,-0.045390,-0.105316,-0.131119,-0.050490,-0.131272,-0.053806,-0.289420,-0.002671,0.067298,0.041196,-0.018072,-0.028136,0.021474,-0.184907,0.122197,0.021111,-0.176239,0.106116,0.218241,0.007868,0.037713,-0.198461,-0.062871,-0.071007,0.007419,0.155715,0.075322,-0.094591,0.311395,0.259116,0.023008,-0.202872,-0.229261,0.022524,0.026798,0.039920,-0.032833,-0.090726,-0.143557,0.116816,0.011114,-0.281615,0.107494,0.129937,-0.087741,0.042115,0.061048,0.136630,0.086991,0.312559,0.157329,0.072973,0.062481,-0.062565,0.075110,-0.103781,0.309839,-0.164386,0.244269,-0.185891,-0.042244,-0.125669,0.226078,0.008554,0.082213,0.171576,-0.081534,-0.044526,-0.015677,-0.159218,0.322775,0.088937,-0.008866,0.150949,0.035283,-0.047866,0.116598,-0.277557,-0.092534,-0.019550,-0.228917,-0.006119,-0.174228,0.135312,0.084438,0.073321,0.106327,0.058228,-0.058888,-0.082023,-0.055084,0.171237,-0.054151,-0.004235,-0.100156,0.140485,0.097495,0.121069,0.043830,-0.108938,-0.156578,-0.048080,-0.169720,0.088731,-0.241993,-0.188340,#
15,-0.058681,-0.111724,0.011914,-0.190158,-0.085514,0.063239,0.344755,0.053935,0.086890,-0.112619,0.210247,-0.040759,-0.207227,-0.032815,-0.135583,1.000000,0.235359,0.058670,0.246293,0.035434,-0.157402,-0.209128,-0.119079,0.237786,0.074576,0.266191,-0.125727,0.083937,-0.166459,-0.192271,-0.053034,0.247559,-0.022611,0.205492,0.135649,-0.064645,0.100550,0.116743,-0.092449,-0.007463,-0.027526,-0.066440,0.095676,-0.034820,-0.193957,0.070223,0.187318,0.195452,-0.036929,0.015283,-0.047527,0.002710,0.134342,0.032040,0.023067,0.232080,0.120760,0.060732,-0.243196,0.372790,0.230145,0.126482,0.094411,0.123787,0.250645,-0.274609,0.100463,0.064753,-0.089899,0.074331,0.110931,-0.131631,-0.198941,0.224522,0.083458,-0.201791,-0.143233,0.037726,0.167626,-0.090424,-0.131996,0.172719,0.121479,0.169167,0.044330,0.237633,-0.094957,-0.016930,0.022904,-0.256459,-0.101649,0.034039,0.014438,-0.104876,-0.149497,-0.102624,0.122299,0.316697,0.056614,0.006106,-0.114250,0.179563,-0.181331,0.219666,0.117288,-0.108518,0.049602,-0.022593,0.007766,0.222432,-0.109661,-0.048562,0.218351,-0.029807,0.257110,0.203434,-0.121976,-0.238667,-0.022739,0.057413,-0.081300,0.236267,-0.050926,-0.177160,-0.113007,0.013711,0.045576,0.189351,-0.039058,0.105995,0.114912,0.019496,-0.069402,-0.159762,0.132278,0.089476,0.078225,0.080956,-0.053634,0.159346,0.101701,-0.169072,0.199028,-0.108023,0.074653,0.087537,0.088914,-0.037989,0.076130,-0.130925,0.160658,0.420942,0.223847,0.004877,0.031353,0.236885,-0.099620,-0.168828,0.126811,-0.078816,0.065230,0.070496,0.056902,0.219346,-0.004713,-0.049311,-0.035029,-0.095926,0.107363,0.114515,-0.182820,0.305848,-0.038397,0.338024,0.058353,0.026703,0.090893,-0.047292,0.273989,0.006253,-0.015067,-0.176374,0.002158,0.038509,0.218022,-0.045510,-0.020508,-0.047769,0.192464,0.154292,-0.047820,0.127228,-0.152992,0.365060,0.045900,0.191474,-0.128337,0.042221,0.198028,-0.031544,#
16,0.095052,0.231412,0.016098,0.131507,-0.088831,0.126507,0.305005,-0.064191,-0.040046,-0.092790,0.024152,-0.304757,-0.065651,-0.060882,-0.149109,0.235359,1.000000,0.110618,0.324949,0.135095,0.087632,-0.518790,0.238676,-0.121465,-0.151228,0.148570,-0.087308,0.185590,-0.133992,0.025315,0.224058,0.240300,-0.070326,-0.176912,0.149531,-0.004978,-0.015749,0.196808,0.115686,0.209453,-0.046653,-0.124367,0.117276,-0.091210,-0.003571,0.027286,0.038261,0.000349,-0.134585,0.177247,0.170398,-0.027132,-0.063285,0.114796,0.013675,0.229733,0.042247,0.085990,0.035440,0.069053,0.021488,-0.033472,0.130490,0.130285,0.195299,0.109669,-0.123468,0.408933,0.240937,0.013825,0.145629,0.105349,-0.117987,0.243631,0.059011,-0.087569,-0.001912,0.052775,0.112577,0.132065,0.216728,-0.106805,0.108339,-0.083446,0.104538,0.076334,-0.060984,-0.020502,-0.029856,-0.051927,-0.261623,0.110477,0.129690,-0.194129,0.065857,0.102612,-0.132231,-0.071468,-0.146247,0.139751,-0.052874,0.135705,0.167477,0.086535,0.191679,-0.197454,-0.149310,0.033680,0.396636,0.032725,-0.033469,-0.040322,0.186603,0.211440,0.086972,-0.013877,0.205840,-0.205401,-0.029671,0.061132,-0.274233,0.074177,-0.079019,-0.264449,0.170930,0.031046,0.108153,0.090020,-0.104895,-0.160788,0.024145,-0.006710,0.113384,0.227458,-0.056335,0.028918,0.154817,-0.037248,0.143852,-0.218510,-0.139319,0.046710,-0.035038,-0.122684,0.013084,-0.127081,0.184657,0.039290,-0.027781,-0.067892,0.108530,0.028847,-0.171256,0.005181,-0.035248,0.106209,-0.233339,-0.148717,-0.105454,0.123932,0.212427,-0.073333,0.199119,0.005218,0.159655,-0.023048,-0.151275,0.142610,0.104660,0.167588,-0.372730,0.276493,-0.122918,0.266859,0.046236,-0.153631,0.106535,0.083828,0.082560,0.130740,0.126067,0.036423,-0.108526,0.318893,-0.062989,-0.188541,0.116404,0.082394,0.161466,0.129369,0.109394,0.179153,-0.274062,0.107164,0.100005,0.322501,0.053512,-0.171238,0.100597,0.070215,#
17,-0.018337,0.093483,0.177206,0.043727,0.027626,0.063687,0.210500,0.246339,-0.199740,0.211091,0.050865,-0.063156,-0.019153,-0.127140,0.145735,0.058670,0.110618,1.000000,0.011704,0.138825,-0.107566,0.009694,0.031610,-0.073649,0.145684,-0.099192,-0.125427,0.113289,-0.135112,-0.049160,0.123279,0.217203,-0.237515,-0.159793,-0.029344,-0.368877,-0.048062,0.250958,0.373124,0.031632,0.190341,0.230018,-0.050201,0.039564,0.098761,0.359845,0.095733,0.081867,0.044593,0.114743,-0.090158,-0.106346,0.113080,0.025535,0.141933,0.182675,0.154075,-0.089211,0.101209,0.039823,0.198674,-0.115498,0.229829,-0.083333,-0.099282,-0.017014,0.283004,-0.076918,0.061005,-0.124086,0.274418,-0.044166,-0.050865,0.389672,0.106461,-0.007845,-0.250942,0.082657,0.210078,0.037277,-0.029553,0.214070,0.001971,0.316216,-0.102225,-0.103373,0.273053,-0.094888,-0.183731,0.142039,0.047780,0.027041,0.200851,0.042655,0.221081,0.054049,-0.114304,-0.093656,0.090940,0.331469,-0.140196,0.040408,-0.133433,-0.241536,-0.047449,0.123868,-0.093054,0.097550,0.085065,-0.015387,0.058468,-0.109910,0.258479,0.212110,0.327495,0.015794,-0.153080,0.108002,0.129852,0.157113,-0.038677,0.011237,-0.210719,-0.062387,0.056940,0.141015,-0.028237,0.217495,0.130498,0.033419,0.001628,0.164060,0.055364,-0.002791,-0.065273,-0.077807,0.183407,0.017129,-0.200084,0.118123,0.034391,0.038359,0.200100,0.101647,0.091085,0.030002,-0.257603,-0.208778,-0.081757,-0.074254,0.161080,0.005193,-0.039893,0.055372,-0.025100,0.123830,0.174547,-0.204057,0.087081,0.026860,-0.032302,0.026557,0.235381,0.095828,-0.147369,-0.223736,-0.222538,-0.001948,-0.020728,-0.085263,-0.016012,0.008931,-0.078312,-0.163283,0.001562,0.070854,0.112612,0.060002,0.174290,0.105360,-0.102835,0.076356,-0.046410,0.098081,-0.069197,-0.102378,0.213777,0.047683,0.110715,-0.093166,-0.077476,0.046829,-0.198424,-0.128285,-0.201718,0.258575,0.030364,-0.111605,-0.089673,-0.153747,#
18,-0.117322,0.186802,0.168242,-0.140632,-0.219530,0.063935,0.197505,0.078643,-0.149485,-0.249127,0.144396,-0.052540,0.026189,-0.018587,-0.237075,0.246293,0.324949,0.011704,1.000000,0.012411,0.094183,0.214776,-0.094487,0.088677,-0.162929,-0.000963,-0.168406,-0.102057,0.075012,-0.159185,-0.016204,0.108170,0.012902,0.147061,0.062153,0.080594,-0.211616,0.357525,0.050952,-0.082966,0.282635,-0.197363,0.274194,-0.202622,-0.048508,0.032134,0.256238,0.230478,0.063578,-0.083160,-0.122435,0.108453,0.021328,0.104381,0.112074,0.124153,-0.062381,0.053811,0.090350,0.077906,0.146904,-0.007348,-0.068279,-0.041995,0.116352,-0.010702,0.124519,-0.079450,0.028839,0.155505,0.004432,0.037973,-0.099973,0.068443,-0.098716,-0.185650,-0.288204,0.173872,0.057489,-0.108871,-0.060408,-0.199996,0.182674,-0.068064,0.115613,0.265984,-0.345645,0.064485,-0.059808,-0.034596,-0.132167,0.081101,0.010382,0.109402,0.173510,-0.004359,-0.009239,-0.024881,0.058093,0.073049,0.109134,0.087777,-0.045976,-0.033486,0.229415,0.226124,-0.140125,0.244229,0.116516,-0.020671,-0.028246,0.009068,-0.019912,-0.102911,0.036118,-0.050190,-0.144525,-0.230999,0.029654,0.190768,0.068739,-0.234404,-0.161009,-0.048508,0.141886,0.023851,0.114365,0.099035,0.045537,-0.071713,-0.042983,0.083597,-0.052845,-0.153779,-0.172901,0.121640,-0.012179,-0.003038,0.187567,-0.070537,-0.195749,0.007452,-0.163416,-0.148811,0.058177,0.018623,0.086046,-0.008205,-0.022645,0.048360,0.027313,0.002834,0.070548,0.148684,-0.050762,0.268458,-0.105731,-0.312170,-0.200371,-0.168919,-0.017613,-0.121403,0.114229,-0.055822,0.082100,-0.066084,-0.071389,-0.109928,-0.083418,0.115849,0.102016,0.095939,-0.040608,0.135220,0.133952,-0.011564,-0.136582,0.033254,-0.036528,-0.005370,0.070484,-0.133817,-0.289762,0.070992,0.014598,-0.334064,-0.019957,0.016688,-0.271244,-0.049515,-0.067956,0.221623,-0.011126,0.008782,0.245955,0.169561,0.023647,0.070614,0.032395,0.258146,#
19,0.311371,-0.053848,0.173309,0.063674,-0.003085,0.153086,-0.156921,0.115871,-0.104061,-0.053620,-0.321648,-0.108156,-0.075394,-0.284547,0.098914,0.035434,0.135095,0.138825,0.012411,1.000000,-0.084562,-0.135548,-0.131873,-0.150033,-0.048186,-0.080461,0.068002,0.314085,-0.212731,-0.095049,0.012576,0.078551,0.107552,0.010387,0.212340,-0.053398,0.208454,0.090293,0.178943,0.133065,0.002427,0.202065,-0.097369,-0.079865,-0.146096,0.179945,0.028695,-0.121510,0.060688,0.312982,0.211594,-0.171062,0.031837,0.331036,-0.101276,0.136514,0.095510,-0.066825,0.083304,-0.022684,-0.040082,-0.197519,-0.092678,0.144291,0.129651,-0.151221,0.067149,0.084787,0.273089,0.043381,0.097099,-0.114364,-0.060386,0.167127,-0.221001,-0.115075,-0.053500,0.015683,0.003172,0.067404,0.326653,-0.080288,-0.105258,0.162617,0.151222,0.020449,0.023181,-0.081985,-0.099668,0.004553,-0.121356,-0.063462,-0.042220,-0.091949,-0.005919,-0.126719,-0.144621,0.070612,0.014673,0.193311,-0.158879,-0.022194,0.129599,0.140209,0.041564,-0.114627,-0.130411,-0.002323,0.003208,-0.174593,-0.005153,0.012942,0.020947,-0.152213,-0.078142,-0.192780,-0.036919,0.019894,0.214157,0.094571,-0.088172,-0.136595,0.009390,-0.054768,-0.114926,0.190482,-0.114177,0.240218,0.086056,-0.249327,0.239713,0.064292,0.031165,0.087282,-0.164180,0.108555,-0.069092,-0.076373,-0.029513,-0.188564,-0.179782,-0.072618,-0.320305,-0.090879,0.041073,-0.100539,0.058628,-0.270210,0.070370,-0.054090,-0.061347,0.037991,-0.113387,-0.210597,0.051337,0.079617,0.207868,-0.080567,0.150919,-0.005163,0.210921,-0.017296,-0.127156,0.268170,0.354598,0.336489,-0.127314,-0.235700,0.029252,0.051429,-0.011429,0.176079,0.310983,0.030817,0.073723,-0.087071,-0.023499,0.114790,0.179482,0.041772,0.109843,0.131663,0.096153,0.150795,0.039764,0.025620,-0.255508,0.070034,-0.043378,0.170067,-0.013414,0.034638,-0.232107,-0.119635,-0.054806,0.194882,0.208331,-0.215979,0.274531,-0.193490,#
20,-0.224694,0.348194,0.056165,0.382283,0.181655,0.005414,-0.168474,0.116199,0.182683,0.032115,-0.033712,-0.025839,0.094818,0.163207,-0.197114,-0.157402,0.087632,-0.107566,0.094183,-0.084562,1.000000,0.097150,0.130581,0.202170,0.051433,0.234912,-0.286998,0.137093,0.137134,-0.052064,0.091456,0.096870,0.260292,0.065395,-0.166263,0.362342,-0.376802,-0.040982,-0.084528,0.203123,-0.011088,0.022504,-0.050814,-0.327528,0.355991,-0.123810,0.020147,0.137787,0.006843,0.249893,0.098215,0.131766,0.083698,0.056243,0.212265,-0.132251,-0.341701,-0.085757,0.135627,-0.038534,0.037671,0.001542,0.180202,0.155985,-0.032430,0.288219,0.047755,0.031108,-0.021870,0.009894,0.044428,0.142200,0.410931,0.107637,-0.093639,-0.099466,0.178615,-0.046778,0.244179,0.048027,-0.152101,-0.030729,0.206823,-0.348514,0.036741,0.190531,-0.017691,0.237596,-0.015502,0.068617,0.080956,0.104231,0.011813,-0.120116,0.102160,0.163047,0.092380,-0.130454,0.008156,0.066231,0.112615,0.030125,0.250273,0.156709,-0.052927,0.219253,0.206369,0.024321,-0.045040,0.256488,-0.084651,0.118046,-0.112701,0.046846,-0.023909,-0.085845,0.036690,-0.015542,-0.196846,-0.051426,-0.068443,0.090751,0.007726,0.179247,0.109130,0.129300,0.173451,-0.012975,0.064284,0.127638,-0.002757,0.048575,0.190781,0.204128,-0.052000,0.146395,-0.133836,0.221150,0.162653,0.045628,0.011618,0.074735,-0.150833,-0.146150,-0.009498,-0.124502,-0.047432,0.115642,-0.034656,-0.120658,0.049747,-0.033021,-0.016822,0.246548,-0.026393,0.168570,0.108773,0.205929,0.014908,-0.006340,0.229211,0.170565,0.220268,0.117458,-0.109740,0.062566,-0.023576,0.122960,0.101962,-0.271237,0.152258,-0.227829,-0.045979,-0.015303,0.119457,0.040494,-0.048217,0.043759,-0.021809,0.151683,0.126976,0.134476,-0.097826,0.192181,0.017063,0.160712,-0.003141,-0.084641,0.011858,0.071041,0.187141,0.319900,0.253669,0.226445,0.170970,0.198121,0.099381,0.040363,-0.097302,0.120933,#
