0,1.000000,0.046525,0.103551,0.075818,0.203441,0.016068,0.123154,0.111612,0.219742,0.274999,0.256522,0.097101,0.082621,-0.129027,0.225435,-0.241039,0.146916,0.349514,0.193186,0.352331,0.181220,0.195500,0.097901,0.265524,0.185495,0.076833,0.078537,0.147557,0.383918,0.249759,-0.049352,0.063495,0.175587,-0.019423,-0.171845,0.174311,0.085313,0.183853,0.256422,0.137821,0.070684,0.044962,0.097832,0.144125,-0.130533,0.055000,0.134424,0.088792,0.228301,0.072467,0.060857,-0.022730,0.039514,0.096828,0.300401,0.216388,0.214725,0.263222,0.055378,0.101208,0.349464,0.072142,-0.059437,0.190094,0.159321,0.143127,0.256166,0.032791,0.123294,0.138425,0.119354,0.203256,0.396860,0.130280,0.022902,-0.052888,0.220102,0.086348,-0.042424,-0.092651,0.140542,0.027845,0.090215,0.061702,0.243985,0.089566,0.059435,0.095607,0.256110,-0.086728,0.104510,-0.087814,-0.161744,0.027115,0.216852,0.032440,0.325611,0.078589,0.229084,0.256829,0.096457,0.137807,0.113769,0.120824,0.026559,0.092012,0.166899,0.022605,-0.047086,-0.188153,0.053788,0.023991,0.193679,0.227423,-0.076942,-0.086872,0.228927,0.195453,0.231473,0.072214,0.339251,-0.021915,0.071576,0.076696,0.152130,0.420517,0.063145,0.125293,-0.094979,0.108501,0.217069,0.059151,0.280766,0.098326,0.104612,-0.106531,0.347428,-0.041619,0.205951,0.439606,0.317883,0.050889,0.022825,0.176497,0.140255,0.156726,0.135472,0.020118,0.271950,0.027839,-0.070925,-0.021022,0.266869,0.100097,0.038684,0.043018,0.096494,0.112522,0.221310,0.282272,0.138342,0.336043,0.009935,0.024628,0.077838,-0.019583,0.267221,0.150798,-0.039694,0.119455,0.475483,-0.207162,0.320544,0.204612,0.119391,0.124199,0.345609,0.169269,0.191470,0.076431,0.061167,0.312878,-0.095997,-0.215226,0.040707,0.172893,0.370162,0.313147,0.153724,-0.008926,0.240833,0.033061,0.106768,0.042158,0.319972,-0.076700,0.099408,0.055074,0.388973,0.214170,#
1,0.046525,1.000000,0.040030,0.029904,0.212756,0.185343,0.136633,0.033296,0.181470,-0.040327,0.365026,0.064925,0.206006,0.147489,-0.023061,-0.076432,0.238733,0.150661,0.051969,0.058020,0.083820,0.072345,0.015055,0.337757,0.283979,0.200459,0.127409,0.028207,0.130980,0.033299,0.271517,0.196745,0.224521,0.192786,0.083911,-0.115464,0.066753,-0.010636,0.298305,0.080359,-0.020433,0.037982,0.460470,0.058092,0.222774,0.171134,0.209909,0.191118,0.171278,0.005594,0.118853,0.373639,0.265704,-0.141321,-0.070563,0.148113,0.159152,0.194359,0.373785,0.072904,0.142494,0.261893,0.154312,0.101793,0.211785,0.082701,-0.006765,0.261793,0.156624,0.164617,-0.020028,0.094984,0.290272,0.117326,0.244412,-0.022648,0.187672,0.201658,0.194081,-0.096798,-0.040147,0.423536,0.093211,0.300686,0.083810,0.020632,0.289464,0.093383,0.128115,0.320199,0.260968,0.186976,0.000012,0.051846,0.062924,0.330202,0.087835,-0.070734,0.172091,-0.002834,0.129637,-0.177081,-0.127679,0.207100,-0.084534,0.012166,0.246128,0.260677,-0.013385,0.030311,0.338194,0.204273,0.090013,0.040222,0.192744,0.178383,0.101861,0.276351,0.161405,0.280240,0.041475,-0.038494,0.296780,-0.003496,0.180720,0.224764,-0.054900,-0.064696,0.145064,0.084550,0.131288,0.112105,0.194707,0.163638,0.423537,0.481283,0.105665,0.229255,0.051957,0.407659,0.046765,0.039186,0.209863,-0.064339,0.044059,0.140089,0.142072,0.244558,0.459680,0.175090,0.056043,0.116906,-0.006049,-0.079094,0.355337,0.212184,0.179914,0.140981,0.215409,0.124306,-0.111393,0.273660,0.027312,0.122003,0.255197,0.239297,0.149394,0.103284,0.238362,0.210498,0.059698,-0.098129,0.161694,0.083917,0.195879,0.066998,-0.220330,0.309780,0.284789,0.057661,0.123635,0.217392,0.177644,-0.064991,0.192909,0.003655,0.081746,0.117343,0.106553,0.183868,0.233520,0.073352,0.041077,0.041221,0.128114,0.227845,-0.109241,0.267401,-0.022046,0.102070,#
2,0.103551,0.040030,1.000000,0.350569,0.080014,-0.098874,0.228572,0.381161,0.031736,0.136729,0.197717,0.192532,0.066418,0.262912,-0.012424,-0.079221,-0.059635,-0.107923,0.081801,0.098627,0.040216,0.219948,0.108045,-0.039963,0.118727,0.151704,0.099958,0.020912,0.112419,0.269675,0.045355,-0.133375,0.052868,0.165334,-0.116996,0.118977,0.067754,0.095958,-0.045663,0.134947,0.230266,0.221959,0.128737,-0.126887,-0.298096,0.222243,-0.063349,0.195811,-0.099183,0.097970,0.147937,0.301920,0.186422,0.054346,-0.083033,0.283723,-0.001301,0.035198,-0.071417,0.201388,-0.222941,0.121275,0.184786,0.123003,0.107354,0.130605,-0.130608,-0.216612,0.149977,0.296089,0.015851,-0.207904,0.108999,0.152153,0.072573,0.010454,0.191733,-0.082728,0.060793,0.050117,0.261228,0.097230,-0.119535,0.014528,0.054748,0.004128,0.330562,0.107145,-0.138810,0.139277,-0.045959,0.209093,0.125889,-0.090435,0.090971,0.029123,0.115892,-0.044550,0.052233,0.155363,0.353813,0.030998,0.008205,-0.123859,0.006220,0.051502,0.079334,0.015030,0.012309,0.196519,-0.042455,0.019326,0.093926,0.052930,0.088302,0.040927,-0.051984,0.152226,0.047420,-0.111669,0.077913,0.151160,0.006853,-0.071811,-0.043366,0.108296,0.078232,0.220370,-0.052947,0.114139,0.166370,0.045973,-0.119902,-0.077483,0.255099,0.223999,0.081858,0.216856,-0.145682,0.174509,-0.099454,0.017433,0.123914,0.239389,0.143292,0.324034,0.263833,0.062841,0.228164,-0.011723,-0.057086,0.379694,0.070175,0.025700,0.049409,0.077040,-0.132206,-0.001783,0.109072,0.093518,0.126363,0.140357,0.101863,0.333249,0.067633,0.112156,0.095496,0.129669,-0.093678,0.034691,0.081815,0.092696,0.014047,-0.046212,0.149396,-0.063809,0.123558,0.114600,0.154728,0.213069,0.197730,-0.118258,0.060971,0.230558,-0.162264,0.004384,0.019292,0.104307,0.101691,-0.000865,-0.007099,0.003014,0.394206,-0.042971,-0.006856,-0.132988,0.034787,0.046598,0.181223,0.091972,#
3,0.075818,0.029904,0.350569,1.000000,0.230457,0.010378,0.296036,0.123929,0.040793,0.015747,0.149303,0.325649,-0.066528,0.141294,-0.102412,0.077592,0.127733,0.175427,-0.027682,-0.103729,-0.014497,0.210003,-0.098346,0.195259,0.114120,0.046820,-0.057823,0.009575,0.070636,0.126466,0.183267,0.118686,0.229718,0.152197,-0.007643,0.211780,0.485308,0.335360,0.178904,-0.038710,0.168971,0.106861,0.119993,0.345564,0.042413,0.003086,0.151063,0.148306,0.036334,0.203049,0.184306,0.033915,0.120578,0.027894,-0.043791,0.293279,0.163352,0.253256,0.048666,0.136784,-0.022238,0.010238,0.202550,0.262462,0.075586,0.081219,0.187030,0.288460,-0.298005,0.251467,0.179581,-0.143415,0.220401,0.127799,0.278354,0.369375,0.322159,-0.112734,0.191262,0.021885,0.152493,0.222531,-0.112785,-0.029783,0.123775,0.117697,0.357371,0.147645,-0.015721,0.235156,0.167562,-0.039768,0.083148,0.165183,0.025833,0.340870,0.230495,0.123068,0.242655,0.232154,0.277977,-0.153568,0.119834,0.208070,0.076987,0.090878,0.113089,0.003840,0.072427,0.070570,-0.007715,0.147581,0.205104,-0.020287,-0.139795,0.024559,0.293079,-0.017189,0.070523,0.030680,0.170092,0.004849,0.072566,0.249391,0.100207,-0.093740,0.261378,0.024548,0.139021,0.176288,0.029871,0.176635,0.232943,0.164951,0.198036,0.248603,0.039232,0.090613,0.165274,0.239440,0.110698,0.255915,0.218516,0.205280,0.091416,0.074290,0.208487,0.246936,0.177461,0.120510,-0.020843,0.159124,0.062543,0.088038,0.192126,-0.033097,-0.044701,0.034151,0.134918,0.248257,0.208413,0.207790,0.260496,0.046416,0.119396,0.330372,0.174851,0.233541,0.115645,0.137262,0.099440,-0.010122,0.123010,0.227626,0.230052,0.314689,0.105825,0.281766,0.075090,0.026172,0.241774,0.058737,0.213629,0.349053,0.013179,0.099074,-0.019162,0.092701,-0.145958,-0.109731,-0.049474,0.234056,0.376983,0.095891,0.016748,0.259187,0.135309,0.193535,0.034987,0.159626,#
4,0.203441,0.212756,0.080014,0.230457,1.000000,0.119658,0.190449,-0.130379,0.202094,-0.145284,0.103472,-0.005592,0.192476,0.210223,-0.042315,-0.007570,0.301690,0.115357,0.167751,0.235689,0.130964,0.218810,0.060884,0.286044,0.075918,0.351311,-0.155311,-0.002370,0.229457,-0.227151,-0.162064,0.110641,0.253480,0.194274,-0.040869,0.121970,0.179746,0.251124,0.046552,0.026873,0.268785,0.175067,0.217593,0.000475,0.281938,-0.055212,0.248362,0.217999,0.207067,0.145079,-0.005626,0.008083,0.091594,0.075862,0.088344,0.265404,0.123686,0.102880,0.158200,0.201432,0.255531,0.265240,-0.112878,-0.000928,0.007214,-0.042775,0.251047,0.059961,0.056233,0.139621,-0.108224,0.092164,0.296440,0.089102,0.059873,-0.115771,0.062077,0.210741,0.054952,-0.274043,0.236988,0.067582,-0.111596,-0.034550,0.234149,0.035265,0.214621,0.140639,0.265645,0.271030,0.090339,-0.058972,-0.208135,0.089202,-0.023103,0.144473,0.113097,0.097160,0.412795,0.271173,0.245307,-0.134056,0.039538,0.268710,0.100424,-0.048330,-0.074313,0.156817,-0.156583,0.062056,0.410624,-0.043591,0.176828,0.474688,0.054698,-0.113397,0.083613,-0.054744,0.049759,-0.217507,0.115560,0.217951,0.186913,-0.034273,0.184546,0.085291,0.159406,-0.038590,-0.030469,0.080146,0.096444,-0.106448,0.319326,0.080207,0.252744,0.261878,0.235794,-0.243172,0.095942,0.255770,0.178398,-0.136477,0.095589,0.200359,0.076329,0.169031,0.116530,-0.128220,0.244452,0.196700,0.087857,-0.071793,0.246920,0.140731,0.150599,-0.017380,0.047931,-0.052080,0.224875,0.083989,0.131780,0.089616,0.152539,0.358708,0.044677,0.462853,0.005277,0.030105,-0.046317,0.067236,0.126929,0.014689,0.059715,0.026793,0.216588,0.114994,0.166079,0.179986,0.119644,-0.141285,-0.037046,0.057063,0.191383,-0.055271,-0.137233,0.097932,0.241513,0.346563,0.083424,-0.077830,0.145321,-0.114602,0.132646,0.095945,-0.128387,0.238092,0.090926,0.321564,0.048546,0.186635,#
5,0.016068,0.185343,-0.098874,0.010378,0.119658,1.000000,0.108034,-0.047105,0.138856,0.060794,0.067814,-0.128395,0.039372,0.069695,0.052188,0.071817,0.265658,0.074063,0.186153,-0.207566,0.301811,0.157753,0.077932,0.145102,0.095757,0.085894,-0.049546,0.079599,0.184224,-0.001627,-0.095905,0.163330,0.305895,0.058299,-0.205813,-0.209181,0.220929,-0.163350,-0.093819,0.283337,-0.140692,0.165918,0.012648,0.188094,-0.093698,-0.045907,-0.094436,0.007534,-0.018117,0.158633,-0.131043,0.015479,0.041629,-0.243468,-0.167430,-0.096199,-0.228854,0.070509,0.230781,-0.014737,0.173472,-0.042408,0.041266,-0.006548,0.007778,0.130167,0.134548,-0.033866,0.002369,-0.026218,0.106127,-0.025282,0.134110,0.253017,0.015101,-0.065447,0.073879,0.015943,-0.038430,0.169788,-0.115900,0.125528,0.147233,-0.159928,-0.158166,0.059447,-0.099779,0.077846,0.236561,0.108242,-0.145497,0.191810,-0.145956,-0.046885,-0.163227,-0.042681,0.039082,-0.261763,0.095714,-0.151069,0.138461,-0.016888,0.050439,0.069745,-0.174129,-0.106261,-0.171175,0.154436,-0.104678,0.106800,0.238681,-0.087549,0.175431,-0.076437,-0.053511,-0.015895,0.327884,0.123126,-0.065920,-0.050410,-0.135774,-0.145810,-0.137473,-0.047981,0.013704,-0.024122,-0.106982,-0.172288,0.247007,0.236568,-0.142799,0.262603,0.099436,-0.036045,0.333735,0.050166,-0.035971,-0.176720,-0.029880,0.100612,0.222040,0.033007,-0.069798,-0.022749,-0.001681,-0.132166,-0.072156,0.018481,-0.085199,-0.000551,-0.051071,-0.132964,0.020984,0.166389,0.179734,0.078272,0.163955,-0.073703,0.286096,-0.013732,-0.088885,0.092778,0.028574,-0.137935,0.063259,-0.153143,-0.063293,0.023805,0.010957,0.134761,-0.085432,0.119909,0.199725,-0.021114,-0.039762,0.028277,0.020287,0.029568,0.257159,-0.138317,0.066443,0.155221,0.202315,-0.093497,0.131919,0.142579,0.132903,0.138131,0.017953,0.156174,0.108841,-0.215451,0.074846,-0.023751,0.265855,0.048354,-0.172097,0.231129,-0.105904,0.068969,#
6,0.123154,0.136633,0.228572,0.296036,0.190449,0.108034,1.000000,0.052870,0.110205,-0.107243,0.215981,0.124972,-0.107624,0.110164,-0.044638,0.004646,0.140578,0.104151,0.176801,0.058999,0.094020,-0.014128,-0.158451,-0.034477,-0.116787,0.152178,-0.114996,-0.104948,0.165380,-0.024168,-0.146517,0.081578,0.156666,0.082513,-0.092606,-0.107599,0.086705,0.020190,0.130700,0.258428,0.199522,0.017874,0.029296,-0.015192,-0.051089,0.043198,0.297227,0.427872,0.170276,0.267111,-0.033570,0.121482,0.251987,0.093511,-0.275632,-0.025196,0.185876,0.250355,0.202754,0.188921,-0.024068,0.202439,-0.200417,0.248481,0.038908,0.319634,0.223258,0.168001,0.145558,0.119041,0.057274,0.164131,0.378859,-0.076522,0.006821,0.139218,0.068190,0.034453,0.208793,0.058891,0.196626,0.129983,0.226788,-0.064396,0.237256,-0.003396,0.109601,0.130896,0.136698,0.261330,0.078714,0.065946,0.012742,0.106611,0.086779,0.049638,0.091433,-0.121027,0.200388,0.135419,0.327796,0.057630,0.159521,-0.003602,-0.338615,0.008054,-0.103854,0.139780,-0.044974,0.120228,0.188053,0.157759,0.092980,-0.053048,-0.066816,0.021944,0.389708,0.011813,0.243958,0.070299,0.108094,0.167827,0.018316,-0.113064,0.030829,-0.080994,-0.116945,0.293997,0.054655,0.338151,0.123780,-0.012474,0.284912,-0.091802,0.337949,0.131997,0.001740,0.293446,0.075028,0.158878,0.203981,-0.279173,0.095423,0.500772,-0.091468,0.137448,0.149510,-0.107146,0.167918,-0.185818,0.049729,-0.054222,0.204429,0.007657,0.376595,-0.043180,-0.220516,0.006792,0.241657,-0.046338,0.014014,0.267980,0.060614,-0.018857,0.295675,0.068640,0.188147,0.202695,0.250224,0.144903,-0.157174,-0.132279,0.004888,0.088804,-0.017657,0.223617,0.061914,0.252975,0.270357,-0.109140,-0.077503,0.175034,0.023709,0.450401,0.352686,0.092238,0.066986,0.178530,0.146607,0.285718,0.032393,-0.081543,0.308501,0.140765,0.061257,0.109864,-0.053264,0.205248,-0.035807,0.323673,#
7,0.111612,0.033296,0.381161,0.123929,-0.130379,-0.047105,0.052870,1.000000,-0.007692,0.206846,0.226234,0.215883,-0.182045,0.246744,0.095764,0.002336,-0.044083,0.190102,-0.085045,0.176885,0.052166,0.319654,0.152021,-0.109334,0.112741,-0.108601,0.274838,0.064058,0.194524,0.184582,0.190688,0.218694,0.112819,0.027056,0.009559,0.087046,-0.146415,0.024261,0.087872,-0.078354,-0.141739,0.195639,0.150768,0.045258,-0.170090,0.092302,-0.053633,0.341437,0.287145,0.318212,0.113822,0.078973,0.053639,0.210509,0.022447,0.106016,0.039927,-0.003015,0.023965,0.187568,0.101152,0.039553,0.146455,0.168228,0.120584,-0.143689,-0.064685,0.000332,0.067117,0.259682,0.081176,-0.213137,0.303933,0.121558,0.107648,0.193652,0.171293,0.222411,0.116832,-0.041039,0.066379,0.020812,0.108115,0.202771,0.193906,-0.007394,0.153611,0.007795,0.124399,0.110185,0.056871,-0.058997,0.136260,0.103477,0.044799,0.094459,-0.117893,-0.059656,0.055590,-0.127664,0.188583,0.040789,0.023810,0.081932,-0.091560,0.175206,0.382977,-0.056122,0.014728,-0.130479,-0.237996,-0.096844,0.073941,0.095475,0.212800,0.149458,-0.071832,0.019410,0.230453,0.246163,0.144569,0.015716,0.177830,0.268701,0.117262,-0.031077,-0.095221,0.155907,0.093152,-0.046554,0.018161,-0.142084,0.076738,0.226255,0.267310,0.122953,0.117378,0.226021,0.010360,0.348210,0.183290,0.127882,0.046014,0.108213,0.096343,-0.022317,0.254118,0.327636,0.347035,0.078363,-0.036348,0.271787,-0.124435,-0.081961,-0.164117,0.130733,0.047640,0.129968,0.142273,0.113961,0.072094,0.290485,-0.045928,0.108935,0.128071,0.039990,0.045654,0.155477,0.049828,0.074237,0.184302,0.021585,0.123006,0.023884,0.031112,0.020675,0.090783,0.133055,0.072691,-0.097536,0.094958,0.066534,-0.072943,0.035199,-0.295552,-0.062155,0.170691,0.088214,0.040701,0.052768,0.148806,-0.053446,0.245133,0.026807,0.131046,0.143946,0.101501,-0.059612,0.036905,0.072064,#
8,0.219742,0.181470,0.031736,0.040793,0.202094,0.138856,0.110205,-0.007692,1.000000,-0.086817,0.075989,-0.010989,0.027327,0.182816,0.194568,-0.045997,0.125761,0.000272,-0.049455,0.186059,0.286869,0.166022,0.128121,0.185174,0.169381,0.161513,-0.057568,-0.043838,0.010637,-0.052417,0.105946,0.132369,0.141546,0.187562,0.007435,0.166235,0.236627,0.119675,0.086052,0.211606,-0.007769,-0.023155,-0.150494,-0.017603,0.273471,0.145252,0.167682,0.230262,-0.036060,0.044730,-0.115682,0.141551,-0.020911,0.294641,0.107521,0.166807,-0.046588,0.222680,0.072773,0.220841,0.047582,-0.037770,0.228224,0.043310,0.297446,0.176780,0.187524,0.126100,0.227309,0.174902,-0.123912,0.025208,0.429572,-0.087106,-0.113199,-0.163870,0.154267,-0.031874,-0.021778,-0.026339,0.074945,0.181592,0.227562,-0.104007,0.212623,0.042080,0.078123,0.105621,0.217666,0.177295,0.047740,0.016951,-0.039332,0.022084,0.130859,0.178018,0.010700,-0.027155,0.183461,-0.078684,0.139797,-0.165597,0.023558,0.017066,0.167083,0.109550,0.278196,0.057497,-0.184068,-0.182358,0.023096,0.076148,-0.196895,0.060688,0.054719,0.115878,0.180339,0.134753,-0.037015,0.076757,0.253435,-0.060667,-0.016401,-0.047416,0.229652,0.310802,0.141937,0.146421,-0.006057,0.001632,0.000270,-0.107281,0.195340,-0.027298,0.284225,0.066577,0.183071,0.086097,0.335358,0.144242,0.071139,0.021442,0.095277,0.111294,-0.095339,0.112370,0.028490,0.301263,0.055513,0.248236,0.076818,0.040366,0.128392,0.097328,0.207402,0.034008,-0.051686,0.065668,-0.002121,0.088103,-0.154964,0.131768,-0.004623,-0.070225,0.152862,0.087188,0.117014,0.341797,0.008541,-0.036550,0.267690,-0.153725,-0.002966,0.228311,-0.085609,0.295107,-0.000218,0.326981,0.195857,-0.037047,0.130744,0.115119,-0.288212,0.188041,0.129453,0.012421,-0.153985,-0.119390,0.114530,0.099356,0.115061,-0.137906,-0.065107,-0.011126,0.029557,-0.115783,0.030466,-0.296774,0.021163,0.187387,#
9,0.274999,-0.040327,0.136729,0.015747,-0.145284,0.060794,-0.107243,0.206846,-0.086817,1.000000,0.279132,-0.033062,-0.235812,0.071458,0.091927,0.051392,0.005181,-0.073605,-0.053401,0.136710,-0.015616,0.154169,0.082347,-0.143601,0.002729,-0.085225,0.131839,-0.002819,0.041916,-0.037151,0.238893,0.142031,0.080390,-0.115840,-0.043464,0.037051,-0.017153,0.071038,0.107300,-0.022872,0.065289,0.288447,-0.012505,-0.299324,-0.058545,0.117803,0.032870,0.149620,0.018635,-0.106355,-0.063610,0.293767,0.153307,-0.097883,0.253756,0.146829,0.260564,0.166255,-0.150522,-0.078320,-0.021269,-0.125660,0.207545,-0.006411,0.200960,0.006137,-0.091982,-0.141197,0.034871,-0.038167,-0.004762,0.104596,0.078910,0.008888,0.165717,0.107749,0.245316,0.067772,0.179820,0.008005,-0.070487,0.200310,-0.214526,0.131283,0.032303,0.287728,0.213252,0.077217,-0.036736,-0.153225,-0.175707,-0.021262,-0.117784,-0.134840,0.042210,-0.033646,0.204947,-0.078674,-0.035107,0.114654,0.117642,0.071888,0.280575,-0.044595,-0.002308,-0.099697,0.005066,0.061782,0.022821,-0.204430,0.026638,0.134557,0.188621,0.020903,0.064501,0.122670,0.173130,0.158911,0.260873,-0.162754,0.205593,0.218017,0.179455,0.090936,0.139535,0.039277,-0.182137,-0.001453,0.087976,0.022225,0.112733,0.123156,-0.163660,0.086634,0.011482,-0.168573,0.095653,0.146291,-0.032494,0.052712,-0.032853,0.277809,0.017074,-0.095879,0.124498,-0.221257,0.043852,0.192583,0.106063,0.206784,0.005180,-0.083193,0.159218,0.100794,-0.149306,0.305942,0.243705,0.108559,0.284963,0.134047,-0.008256,-0.065393,-0.113303,0.184878,0.080565,-0.030764,-0.161227,0.204356,0.139183,0.083179,0.108701,0.099544,0.271303,0.007210,-0.072384,0.116464,0.262379,-0.125351,-0.110021,0.174104,-0.093945,0.050797,0.213460,-0.117172,-0.116012,0.041231,0.325282,0.164686,0.225246,-0.006409,0.053659,0.001202,-0.022211,0.012586,0.195609,0.062677,0.017296,-0.200766,0.173979,0.033366,#
10,0.256522,0.365026,0.197717,0.149303,0.103472,0.067814,0.215981,0.226234,0.075989,0.279132,1.000000,-0.098143,-0.083153,0.216714,0.208702,-0.198896,0.181003,0.130058,0.279062,0.224186,0.079794,0.005123,-0.034144,0.034950,0.138798,0.122941,0.277791,0.033999,-0.052633,0.041828,0.152710,0.162479,0.087092,-0.073301,0.031684,0.206778,-0.070507,0.164492,0.108494,0.016683,0.038069,-0.024755,0.306121,-0.141027,-0.128528,-0.015796,0.123300,0.272584,0.376616,0.047540,0.040384,0.352697,0.126135,0.050603,0.108283,0.242569,-0.031685,0.331254,0.208642,0.051988,-0.036664,0.205224,0.091715,0.192521,0.199650,0.130014,0.048324,-0.045442,0.045207,0.083277,0.068773,0.033808,0.213243,0.090017,0.113895,0.130048,0.331585,-0.064793,0.159369,-0.122840,-0.097842,0.261427,0.116940,0.140230,-0.003373,0.052561,0.302675,-0.027401,0.098597,0.082820,-0.055461,-0.105109,-0.013935,-0.231730,0.185131,0.133366,0.150048,-0.162965,0.332015,0.118374,0.244234,0.068951,0.072931,0.130351,0.195672,-0.067470,0.137493,0.150418,0.000424,0.061863,-0.039575,0.108020,0.164548,-0.080638,0.266357,0.165483,0.052586,0.087312,0.249277,-0.131751,-0.082441,-0.104900,0.059799,-0.042600,0.131104,0.029275,-0.094127,-0.042243,0.041702,0.220013,0.213464,-0.053908,0.238137,-0.122568,0.085505,0.296741,0.202618,0.227405,0.065679,0.254135,0.161653,0.054913,0.116544,0.133940,-0.020236,0.052412,-0.138291,0.120689,0.125539,0.135256,-0.056111,0.138154,0.262859,-0.044972,0.058979,0.242619,0.247282,0.025688,0.160372,0.173662,-0.011819,0.239913,0.166584,0.122239,0.171441,0.076677,0.117260,0.198592,0.200393,0.029649,0.215218,0.048174,0.021607,0.132611,0.036460,-0.085037,-0.023547,0.115198,0.333877,0.281385,0.225191,0.092328,0.124629,-0.093507,0.161968,-0.069211,0.073535,0.108081,0.152077,-0.030974,0.144633,0.065794,-0.002978,0.095285,0.132878,0.137093,-0.015389,0.264841,0.315870,0.390894,#
11,0.097101,0.064925,0.192532,0.325649,-0.005592,-0.128395,0.124972,0.215883,-0.010989,-0.033062,-0.098143,1.000000,0.061489,-0.087246,-0.110403,0.006117,0.038965,0.226341,-0.037543,-0.038963,0.053569,0.132577,0.002955,0.161225,0.165444,0.149078,-0.314815,0.096526,-0.207576,0.133085,0.163910,0.163536,0.156050,0.232399,-0.141040,0.008534,0.243768,0.105524,0.040078,-0.044002,0.152266,0.056096,0.142991,0.327539,-0.180751,0.303636,0.181591,0.137800,0.068454,-0.010138,0.272890,0.080465,0.128105,0.164471,-0.223762,0.152315,0.366461,-0.109133,0.044358,0.023621,-0.042138,0.117054,0.177250,0.167140,0.187903,0.119637,0.077699,0.203365,-0.068872,0.263207,0.066516,-0.151342,0.115678,0.064961,0.258795,0.271368,0.143119,0.220426,0.339418,0.121655,0.176745,-0.130247,0.060491,0.037890,0.238649,0.051620,0.259195,0.345592,0.071060,-0.016760,0.353882,0.077813,0.183463,0.280747,0.073252,0.196872,-0.096506,0.052237,0.057839,0.265556,0.178504,-0.086909,-0.057364,-0.058677,0.043894,0.283621,0.188238,0.074107,0.135921,-0.128241,0.051790,0.082432,0.161411,0.039735,-0.290456,0.362734,0.158552,0.107123,0.128656,0.158358,0.053598,0.116516,0.309890,0.107724,0.172858,0.025463,0.278762,0.389534,0.143797,0.180360,-0.121766,0.232948,0.057357,0.198785,-0.092697,-0.091922,-0.088052,0.193377,-0.179978,0.310561,-0.011560,0.165337,-0.015542,0.187363,0.009639,0.115911,0.163797,0.158998,0.427771,0.075953,-0.102491,0.221781,-0.131254,0.002456,0.348570,-0.090630,-0.059608,-0.044664,0.119802,0.303486,0.093760,0.197118,-0.105885,0.083412,0.329774,0.165578,0.182469,0.152797,0.459466,0.081119,0.227071,-0.177198,0.136490,0.066026,0.103084,0.275305,0.437373,0.138624,0.111965,-0.053622,0.112358,0.158686,0.048690,-0.035749,-0.096798,0.305950,0.169151,-0.090947,-0.083220,0.087755,-0.086666,-0.076006,0.230267,-0.195658,0.172866,0.043314,0.103414,0.119815,-0.014606,0.238712,#
12,0.082621,0.206006,0.066418,-0.066528,0.192476,0.039372,-0.107624,-0.182045,0.027327,-0.235812,-0.083153,0.061489,1.000000,-0.105075,-0.041296,-0.217668,-0.021093,-0.010157,0.205173,0.274879,0.113433,-0.142909,0.150665,0.100000,0.150532,-0.144642,-0.078788,-0.024642,0.113277,0.244568,-0.122052,-0.023329,0.310297,-0.046853,-0.022105,0.037524,0.209106,-0.165658,-0.007431,0.121856,0.134470,-0.105472,0.247554,0.080019,0.040641,0.141988,0.013669,-0.162802,0.002586,-0.086137,0.187909,-0.075965,-0.002523,0.094848,-0.209290,-0.006561,-0.044427,0.055382,0.156711,0.060086,0.093303,0.040199,0.090205,-0.014495,0.042960,-0.014156,0.022007,-0.176053,0.080621,-0.070420,-0.190102,0.051776,-0.064655,-0.190272,0.097541,-0.057154,0.088560,-0.057481,-0.102113,-0.177081,-0.039500,-0.050397,0.136157,0.044649,0.201495,0.244189,-0.008601,0.181363,0.028570,0.083965,-0.008146,0.110335,-0.261337,0.100497,0.040102,-0.093749,0.143340,0.140192,-0.004403,-0.113052,-0.043378,0.026256,0.022686,0.207453,0.212621,0.180687,0.122508,0.058646,-0.022953,0.170812,0.103494,-0.215183,0.067301,0.161156,-0.091577,0.007473,-0.029689,0.322048,-0.075415,0.026464,-0.025066,0.151954,0.119906,-0.108419,-0.093256,0.136375,0.244839,-0.037423,0.071726,-0.046889,-0.070375,0.081429,-0.073387,0.008817,-0.070305,0.085920,-0.009223,0.050314,-0.142016,0.112278,0.032559,-0.077395,-0.104639,0.127869,-0.150318,-0.006188,0.148034,0.001613,0.126679,-0.021219,-0.003717,0.323440,-0.083666,-0.078752,0.039156,-0.103145,0.027150,-0.339190,-0.032150,0.006567,-0.009586,0.039210,0.065855,0.074306,-0.114471,-0.019129,0.039137,-0.272059,-0.048952,0.020968,-0.085653,0.087439,0.159878,-0.117945,0.057537,-0.086984,-0.050426,0.123349,-0.211600,0.160950,0.008416,0.005353,0.132243,0.080010,0.127742,0.152580,-0.094896,0.085574,-0.070681,-0.135623,0.247640,0.178207,0.060711,-0.101083,0.035507,-0.011738,-0.037665,-0.080696,0.078274,0.002721,#
13,-0.129027,0.147489,0.262912,0.141294,0.210223,0.069695,0.110164,0.246744,0.182816,0.071458,0.216714,-0.087246,-0.105075,1.000000,0.098066,0.082748,-0.104368,-0.156112,-0.067952,0.014294,0.053960,0.148460,-0.067873,-0.052539,0.151323,0.192967,0.042572,0.121405,0.058137,0.022010,0.064930,0.035467,0.179660,0.085396,-0.171957,-0.157874,-0.191159,0.111149,-0.197596,-0.090303,0.116908,0.073339,0.253752,0.103971,0.008262,-0.020674,0.070074,0.196951,0.140681,0.041723,-0.054347,0.205954,0.271453,0.010358,0.118671,0.427791,0.076885,0.160679,0.086540,0.195704,0.140651,-0.105832,0.202707,-0.120453,-0.033739,-0.026296,0.310576,-0.291235,0.315944,0.152713,-0.290334,-0.133279,0.183051,0.108009,0.132001,-0.074990,0.230558,0.248185,0.006204,-0.001422,0.213649,0.172302,-0.029870,0.325318,0.165117,-0.116419,0.219794,0.102784,0.104649,0.402920,-0.043035,0.120244,0.215713,-0.019467,-0.069354,0.146247,-0.023538,-0.095170,0.296945,0.057181,0.320038,-0.078216,0.244715,0.003853,-0.014596,0.125268,0.101429,0.128264,0.236152,0.055802,0.002259,-0.002423,0.080297,-0.072165,0.253669,-0.039322,0.124430,0.184663,0.139053,0.035569,0.301184,0.273749,-0.171262,0.267516,-0.037437,0.092299,-0.057772,0.019215,0.235543,0.128016,0.174360,-0.096273,-0.115449,0.072558,0.255320,0.343772,0.201246,0.094343,0.393511,0.008321,-0.016036,-0.025543,0.248065,0.005516,0.154402,0.346633,0.315345,0.240342,-0.099477,0.365031,-0.029141,0.025886,0.064158,0.075427,0.179190,0.135085,-0.018148,0.209472,0.155203,0.048266,0.063379,0.134936,0.039790,0.299114,0.172460,0.262405,-0.133203,0.101269,0.127027,0.375297,0.114405,0.180759,-0.016329,0.023989,0.051163,0.079147,-0.170456,-0.024622,0.256126,-0.191368,0.113975,-0.053932,0.010036,0.224860,-0.214231,0.102884,-0.054919,0.073339,0.033913,0.026889,-0.034547,0.086634,0.119877,-0.049654,0.091787,0.272153,0.173937,0.152799,0.199005,0.168943,#
14,0.225435,-0.023061,-0.012424,-0.102412,-0.042315,0.052188,-0.044638,0.095764,0.194568,0.091927,0.208702,-0.110403,-0.041296,0.098066,1.000000,0.157545,-0.227555,0.093392,0.172354,0.196940,-0.075905,0.022993,0.156435,0.090584,0.321420,-0.078618,-0.065589,0.045568,0.173259,0.061755,0.056653,-0.128468,0.073571,-0.150594,0.052255,0.061190,0.049124,0.236616,0.077323,0.100877,0.141436,-0.031237,0.194843,-0.098941,-0.027825,0.030460,0.002321,0.172954,0.067245,-0.079452,0.249444,-0.059789,-0.047154,0.080880,0.240504,0.163727,0.110551,0.133955,0.064477,0.009979,0.168896,0.077793,-0.024321,0.175644,0.120988,-0.029886,0.081502,-0.020713,0.162283,0.034599,-0.251052,0.142669,-0.053770,0.340927,-0.430024,-0.187481,0.041251,-0.084589,-0.234577,0.175437,0.106683,-0.019616,0.115026,0.229112,0.163612,0.156301,-0.109144,-0.113134,0.078161,0.137243,0.102530,-0.122500,0.210464,0.180989,0.128611,-0.158062,0.057846,-0.092860,0.219505,0.019149,-0.022808,0.015020,-0.006211,0.043179,0.036648,0.177035,0.193345,0.401720,0.000117,-0.086249,-0.249540,-0.110170,0.018782,-0.191981,0.090850,-0.000005,-0.083976,0.258668,0.263348,0.070132,0.396992,0.006463,-0.149933,0.027221,-0.049819,0.008513,0.074888,-0.004155,-0.243744,0.121163,-0.113350,0.094712,0.167135,-0.134007,-0.015484,-0.219979,0.251942,-0.065552,-0.056156,0.012235,0.287774,0.213825,0.211133,-0.123380,-0.075371,0.134291,-0.082757,-0.015898,-0.008284,-0.017117,-0.060158,-0.220496,-0.011993,0.175115,-0.106229,-0.016940,0.132051,0.109372,-0.014468,-0.215500,0.016952,0.023429,-0.099096,-0.144327,0.076938,-0.168069,0.170070,0.187095,-0.180870,0.076754,0.229873,0.268201,0.091097,0.163913,0.022735,-0.069910,0.229326,0.288366,0.184958,0.255248,0.010941,0.199546,-0.096342,0.108151,0.148629,-0.010628,-0.081139,0.103335,-0.054879,-0.080757,-0.083982,0.080840,0.094819,0.299464,0.093098,-0.188785,-0.057333,0.109002,0.201084,0.153284,#
15,-0.241039,-0.076432,-0.079221,0.077592,-0.007570,0.071817,0.004646,0.002336,-0.045997,0.051392,-0.198896,0.006117,-0.217668,0.082748,0.157545,1.000000,-0.064473,0.205223,-0.055054,-0.021677,-0.300346,-0.171732,0.041256,-0.035426,-0.046205,0.016908,-0.025965,-0.080274,-0.007990,-0.202128,-0.059900,0.140109,0.059866,0.074642,0.061859,-0.248800,0.098171,0.240016,-0.004330,-0.160649,0.185450,0.050945,-0.072031,-0.032075,0.020470,-0.123167,-0.080840,0.012956,-0.037923,-0.086796,-0.188099,0.105621,0.022585,-0.165881,-0.018295,0.027655,-0.212513,0.071963,0.017765,0.098742,0.115079,-0.022123,-0.044610,-0.059685,-0.232158,-0.022441,0.202068,0.146285,-0.003192,-0.054228,-0.103165,0.329347,-0.107869,0.139772,0.021224,0.139868,-0.105183,0.246063,0.057470,-0.051248,0.042621,0.160720,-0.103143,-0.010031,-0.135677,0.015169,0.021754,-0.138770,0.164636,-0.064214,-0.052081,-0.087897,0.166332,0.218767,-0.117678,0.176176,-0.217621,-0.000270,0.242115,-0.188163,0.188913,-0.152237,0.191209,0.133883,-0.126594,-0.060174,0.002887,0.107977,0.016887,0.091455,-0.171502,-0.041037,-0.133713,-0.172813,0.120848,0.216361,0.121201,0.001378,0.173539,0.028652,0.138651,0.207427,-0.005896,0.255356,0.020429,-0.049716,-0.006205,-0.110197,0.127804,-0.146675,-0.298384,0.317824,-0.116151,0.197237,0.075636,0.103221,0.006271,-0.326415,-0.143587,-0.190441,0.058999,0.042613,0.101485,-0.038966,0.121482,0.013308,0.176522,0.081726,-0.000349,0.233750,0.215934,-0.365757,-0.004056,0.504914,-0.214656,0.316889,-0.094027,0.233593,0.124803,-0.283239,-0.145778,-0.128706,-0.072595,-0.041406,0.045406,0.115421,0.033544,-0.056312,0.042777,0.077779,-0.021490,0.048282,-0.104110,-0.110040,0.155537,-0.171513,-0.020880,-0.074672,-0.195673,-0.069726,-0.079299,0.096493,-0.086660,0.092401,-0.191580,0.093923,-0.056519,-0.103871,-0.078394,-0.213460,-0.377637,0.173059,0.036283,0.264166,-0.107877,0.006208,-0.057698,-0.041800,-0.218083,-0.077638,#
16,0.146916,0.238733,-0.059635,0.127733,0.301690,0.265658,0.140578,-0.044083,0.125761,0.005181,0.181003,0.038965,-0.021093,-0.104368,-0.227555,-0.064473,1.000000,0.187567,0.006197,-0.089258,0.284165,0.051147,0.312306,0.130138,0.006832,0.323650,-0.081007,-0.132319,0.036849,-0.217173,0.186415,0.342608,-0.052645,0.201669,-0.232549,0.141545,0.022652,-0.064889,-0.082214,0.302934,-0.138672,0.220782,0.019330,-0.077759,0.100014,0.171398,0.147413,0.042361,0.282584,-0.051985,-0.236015,0.035465,0.237804,-0.014210,0.134880,0.057403,-0.216896,0.090407,0.226214,0.063895,0.097578,0.320839,0.020948,0.020823,0.002333,0.061728,0.270545,0.129743,-0.176748,0.249691,0.132112,0.057033,0.298182,0.076570,0.051363,0.222218,0.149777,0.072187,0.194744,-0.046820,-0.091541,0.121624,-0.087786,-0.190521,-0.057998,0.111973,0.236158,0.222278,0.161156,-0.070487,0.013813,-0.018314,-0.194412,-0.016648,0.022113,0.231773,-0.007940,-0.189215,0.232944,0.068089,0.039858,-0.149082,-0.129592,0.196528,0.106712,-0.108795,0.084271,-0.163831,-0.222782,0.162631,0.118860,0.199415,0.070636,0.056289,0.153877,0.245547,0.161281,-0.112488,-0.061162,0.001872,-0.074191,-0.236748,0.335068,0.047345,0.093720,-0.088219,0.046362,-0.050623,0.067168,0.029482,-0.000467,0.194744,0.215967,0.063408,0.309690,0.239206,0.039758,0.024691,0.100086,0.352798,-0.114539,-0.042993,-0.196257,0.240190,0.097829,0.043757,-0.053101,-0.027849,0.211536,-0.179098,0.171568,-0.155937,0.192821,-0.088052,0.068513,0.249183,-0.010989,0.032266,0.156372,0.199327,-0.121511,0.239512,-0.000574,0.159822,-0.148318,0.188792,0.195782,0.042620,0.040486,-0.094205,-0.100507,-0.251094,0.067058,-0.108821,0.118550,0.219761,-0.005631,-0.071842,0.061831,-0.085356,-0.125515,0.006947,0.162027,-0.323880,-0.081862,-0.019787,0.222624,0.174115,0.015959,0.021856,0.061325,-0.177847,-0.135853,-0.046067,0.331553,0.151325,-0.100454,0.194639,-0.051344,0.069321,#
17,0.349514,0.150661,-0.107923,0.175427,0.115357,0.074063,0.104151,0.190102,0.000272,-0.073605,0.130058,0.226341,-0.010157,-0.156112,0.093392,0.205223,0.187567,1.000000,-0.040140,0.210167,0.261077,0.209890,0.256115,0.331712,0.108420,-0.035291,-0.101175,0.018666,0.087389,0.201476,-0.045343,0.256426,0.306297,0.113129,-0.127817,0.052595,0.128940,0.380769,0.193721,-0.173182,0.150453,0.065867,0.105978,0.255070,-0.065678,0.068636,0.158540,0.078286,0.502196,0.165415,0.108655,-0.010221,-0.027044,0.136543,0.023038,0.098288,0.169275,0.271929,0.179410,0.217535,0.265004,-0.040884,-0.005949,0.245257,-0.043501,0.042113,0.235466,0.295029,0.002284,0.351269,0.229254,0.219581,0.279293,0.270524,0.117107,0.213916,0.278487,0.343850,0.018294,0.086113,-0.021022,0.151208,0.331188,0.002191,0.089558,-0.139349,0.176770,0.051900,0.331123,0.089738,0.095998,-0.014956,0.038314,0.213175,0.004814,0.167492,0.195668,0.422896,0.063408,0.043187,0.133485,-0.097355,0.086231,0.293840,-0.053908,0.190759,0.198706,0.136265,-0.111836,-0.169475,-0.014740,-0.202182,-0.070190,0.269747,-0.040453,0.179034,0.188646,0.001534,0.051686,0.184416,0.032458,-0.067729,0.105413,0.320789,0.295712,0.092735,0.241437,0.258260,-0.011542,0.004816,-0.317155,0.225493,0.364296,0.303816,0.065212,0.222423,0.257287,-0.088914,0.165226,0.498008,0.214060,0.182918,0.034794,0.157685,0.267222,0.154780,-0.042946,-0.099772,0.232172,-0.083886,0.157498,-0.201923,-0.168637,0.246289,-0.001841,0.207581,0.076641,0.091235,0.422573,0.235558,0.087062,0.395718,0.006810,-0.025973,0.227630,0.207756,0.143126,0.222044,-0.003121,0.167592,0.487955,-0.162822,-0.119806,0.157176,0.277062,-0.113561,0.212878,0.123213,-0.021931,0.218259,-0.061867,0.434782,-0.030661,-0.145023,0.013351,-0.039584,0.199855,0.280177,0.149382,0.046258,-0.026185,0.192097,0.031653,0.073950,0.400814,0.222057,0.181314,0.131221,0.055628,0.176738,#
18,0.193186,0.051969,0.081801,-0.027682,0.167751,0.186153,0.176801,-0.085045,-0.049455,-0.053401,0.279062,-0.037543,0.205173,-0.067952,0.172354,-0.055054,0.006197,-0.040140,1.000000,0.284922,-0.046961,-0.014975,-0.308624,0.175774,0.193154,0.177671,0.084114,0.145718,0.046133,0.005924,-0.018712,0.060352,0.216711,-0.235280,-0.028108,0.129326,0.099613,-0.115695,-0.022110,0.061285,-0.018311,0.015477,0.030433,0.057877,-0.057058,-0.075994,-0.147509,-0.018397,-0.039168,0.093030,0.094319,-0.207128,0.039336,0.218476,-0.005786,-0.110722,0.002445,0.072135,0.140802,-0.186567,-0.082564,0.114459,0.069350,0.147642,-0.330983,0.151720,0.112455,-0.026751,0.014026,-0.259422,-0.072829,-0.003737,-0.035241,0.111874,-0.100962,-0.104895,0.015402,-0.049120,0.172673,0.029583,0.248310,-0.135867,0.065762,-0.020977,0.068929,-0.294806,0.122921,-0.057382,0.024621,-0.059084,0.097053,0.011026,-0.024917,-0.049733,0.162217,-0.028470,0.164397,0.021056,0.176382,0.178360,-0.036611,0.289130,0.111947,0.122762,0.128722,0.140603,0.032731,0.163516,-0.077152,0.161597,0.148357,0.181104,-0.019773,0.002898,-0.021713,-0.206281,0.017869,0.096394,0.324657,-0.116432,-0.197037,0.010168,-0.014989,-0.192336,-0.080831,0.091497,-0.123583,0.019078,0.079868,0.097943,0.040465,0.010023,0.175166,-0.088944,0.119821,-0.061319,-0.024645,0.174417,-0.042637,0.253611,0.326841,-0.158528,0.026792,-0.003331,0.030629,0.089916,-0.094056,-0.126552,0.098418,-0.126424,-0.199096,0.103488,0.277962,0.046897,-0.112353,0.146114,0.213242,-0.028251,-0.073089,-0.103257,-0.018541,0.025492,0.043682,0.066069,0.076657,-0.060176,0.095140,0.001580,0.102087,0.013415,-0.132166,-0.128527,0.053570,0.002801,0.083674,-0.199321,0.070744,0.354207,0.442578,0.143301,-0.002817,0.181087,0.025848,-0.129327,0.253512,0.143693,0.060715,0.225640,0.048201,0.050501,0.270417,0.092427,0.102949,0.185647,0.066010,-0.038976,0.041636,0.214276,0.090545,0.234577,#
19,0.352331,0.058020,0.098627,-0.103729,0.235689,-0.207566,0.058999,0.176885,0.186059,0.136710,0.224186,-0.038963,0.274879,0.014294,0.196940,-0.021677,-0.089258,0.210167,0.284922,1.000000,-0.053244,0.204178,0.090269,0.081334,0.089544,0.068769,0.140769,-0.098208,0.141535,0.191756,-0.152299,0.117036,0.233527,-0.152237,0.160297,0.182886,-0.137287,0.024944,0.350301,-0.044713,-0.032528,0.071600,0.080016,-0.169422,0.028065,0.106713,0.185208,0.246515,0.304732,0.108906,0.009354,0.006988,0.018451,0.384758,0.105106,0.104798,0.132623,0.259578,0.024558,0.064791,0.089273,0.056723,0.052413,0.002068,-0.086625,0.046590,0.058802,0.138103,0.130950,0.165471,-0.032836,0.092500,0.176093,-0.139206,-0.069486,0.045906,0.234545,0.158240,0.059359,-0.130014,0.059191,0.047077,-0.010545,0.052649,0.262332,-0.031123,0.151298,-0.063643,0.158442,0.098825,-0.104721,0.044935,0.036014,-0.045860,0.146998,-0.155194,0.170848,0.252561,0.030117,0.097928,0.055333,-0.007617,0.183659,0.192508,0.115164,0.082148,0.211624,0.405730,-0.074000,-0.264433,0.066712,0.108019,0.109126,0.193246,0.170372,0.183313,0.042374,0.159318,0.292496,-0.009705,0.290135,0.308272,0.028627,0.063770,0.280958,0.193895,0.092039,0.108514,-0.165162,-0.051020,-0.038921,-0.123318,0.206824,0.086059,-0.012564,0.048875,0.223998,0.125951,0.024243,0.381178,0.205457,0.162122,0.045008,0.127650,0.092601,0.047332,0.104826,0.188145,0.250932,-0.093116,0.047914,-0.025852,0.060476,0.131326,-0.088314,0.031794,0.085263,0.077057,0.087459,-0.185625,0.097577,0.120542,0.150706,0.041834,0.103242,0.143757,0.009604,0.018206,-0.070613,0.021372,0.276021,-0.152790,0.128525,-0.054059,-0.005494,-0.137443,0.149284,0.247593,0.002733,0.137196,0.085730,0.338039,-0.140105,-0.048863,0.035807,-0.043120,0.072405,0.260774,0.181270,-0.035391,0.135919,0.101083,0.097796,0.203903,0.097048,-0.027784,0.094681,-0.077761,0.273331,0.430421,#
20,0.181220,0.083820,0.040216,-0.014497,0.130964,0.301811,0.094020,0.052166,0.286869,-0.015616,0.079794,0.053569,0.113433,0.053960,-0.075905,-0.300346,0.284165,0.261077,-0.046961,-0.053244,1.000000,0.073811,0.111197,0.233906,0.153221,0.152811,-0.211668,0.231043,0.030343,0.165064,0.133374,0.087250,0.285176,0.052424,-0.045567,0.028692,0.025625,0.108299,-0.187798,0.111560,-0.103025,0.249466,0.002207,-0.102317,0.025061,0.292952,0.097480,-0.063673,0.228116,0.151313,-0.267703,0.178590,0.119193,0.265512,-0.040061,-0.136564,0.071270,0.115459,0.176399,0.245829,0.091766,-0.108588,0.167808,0.153119,0.094041,-0.010223,0.323254,-0.181255,0.255804,0.041435,0.099364,0.048700,0.527785,0.201465,-0.124407,0.009691,0.195007,-0.004407,-0.225604,0.189633,-0.123520,0.053431,0.410520,-0.046820,-0.004141,0.254267,0.260196,0.238720,0.208111,0.244070,0.074481,0.434978,-0.149597,0.028292,0.029700,0.089584,0.065337,0.033375,-0.068577,-0.114022,-0.047217,-0.086252,-0.067592,0.161204,-0.066003,0.051576,0.030188,-0.039229,-0.174366,0.166506,0.271658,-0.133587,-0.018858,0.300705,-0.108530,0.068466,0.332837,-0.101609,-0.162494,-0.155979,-0.165446,-0.170989,0.015905,0.088044,0.174012,0.147176,0.229443,0.402427,0.089829,0.019496,-0.125680,0.133758,0.030851,-0.021106,0.276141,0.159587,0.063850,0.214730,0.219123,0.265020,0.053947,0.072026,-0.310881,0.157424,0.281880,0.029810,-0.119153,-0.039641,0.056042,0.035453,-0.017839,0.131261,0.014216,-0.148818,0.244244,0.142993,0.025705,-0.188614,0.174147,0.264564,0.011961,0.199843,-0.032552,-0.135156,0.229406,0.013636,-0.118124,0.066089,-0.024489,-0.029709,0.183983,-0.073130,-0.090860,0.107008,0.087585,0.312312,-0.018224,-0.002313,0.217185,0.063370,0.000850,-0.039957,0.068931,0.006053,-0.133030,-0.090333,0.199376,0.023205,0.058843,0.176527,0.230361,0.044030,-0.042887,-0.098324,0.277206,0.152327,0.103183,0.184396,-0.017271,-0.018854,#
