0,1.000000,-0.076115,0.210841,-0.032853,-0.225414,0.075754,0.005077,0.091274,-0.009876,-0.190268,-0.045535,0.069159,0.167820,-0.315187,0.226871,-0.109274,0.027346,0.116362,0.048718,0.038596,-0.014054,-0.132528,0.010902,0.082970,-0.065608,0.045807,-0.038080,0.062120,-0.309376,0.118381,0.015690,-0.048532,-0.153089,-0.216734,0.202357,0.022750,0.073998,-0.078308,-0.021488,-0.004218,0.003289,-0.146916,0.203638,0.010725,-0.069418,-0.046056,-0.016679,0.181372,-0.115601,-0.062227,-0.184162,-0.094522,0.126202,0.176458,-0.134059,0.054807,-0.126409,-0.238551,-0.159862,-0.140675,0.240181,-0.268870,0.026267,0.141675,-0.192634,0.218325,-0.072303,0.220081,-0.179236,-0.082073,-0.046831,-0.148551,-0.067832,0.029592,0.031976,-0.160120,-0.035761,-0.129957,-0.132323,-0.141356,0.133202,0.013350,-0.288702,-0.168719,0.034392,0.388218,-0.041232,-0.080961,-0.325641,-0.226981,0.003685,0.088171,0.107631,0.142692,0.221358,0.128102,-0.210660,-0.084906,-0.040813,-0.069460,-0.099406,-0.073374,-0.224139,-0.110916,0.031023,-0.161895,-0.113283,0.027360,0.151518,-0.042394,0.070537,-0.151055,-0.006811,-0.107034,0.027265,0.025610,-0.277118,-0.214559,-0.074037,0.042440,0.035533,0.415993,-0.020400,0.026105,-0.056489,0.078423,-0.007144,-0.045521,-0.232996,-0.060293,-0.339464,0.044944,0.085298,-0.088531,-0.018164,-0.218439,-0.005106,0.029846,-0.056305,0.230150,-0.207188,-0.058739,-0.067804,0.265413,0.255183,-0.121264,-0.133923,0.082793,0.104319,-0.031491,0.061205,-0.294387,-0.021516,0.068237,-0.131818,0.015593,-0.232135,-0.040018,0.176478,0.012008,0.145336,0.130659,-0.241529,-0.151726,-0.225080,0.178605,0.030097,-0.084142,0.140792,0.023173,0.081008,-0.133464,0.051881,0.065238,0.229647,-0.108325,0.100444,-0.092814,-0.084020,0.007497,-0.138379,0.152746,-0.227743,0.164987,-0.000725,-0.043043,0.246029,0.218373,0.096203,0.178032,-0.121188,0.101990,0.171440,-0.026975,-0.235639,-0.095420,-0.117321,0.061492,0.142663,-0.036871,#
1,-0.076115,1.000000,-0.446339,0.158043,0.147580,0.141970,-0.157149,-0.145321,-0.046592,-0.124375,0.048094,0.103369,0.170357,0.143074,0.096266,-0.042413,0.038522,-0.130563,-0.036964,0.172555,0.112843,0.203690,0.335491,0.259289,-0.025620,0.064822,0.231086,-0.195757,-0.234461,-0.335282,0.081028,0.153874,0.027008,0.039405,0.267174,-0.021831,-0.190062,0.072649,-0.033362,0.180766,-0.114255,0.066669,-0.159198,0.031686,-0.151538,0.178972,0.092751,0.050754,0.278869,-0.048600,0.104176,0.266413,0.110834,-0.228099,0.005048,0.194241,-0.134914,0.193572,0.217718,0.109172,-0.151384,-0.001733,-0.277642,-0.300886,-0.097713,-0.130609,0.009592,0.317814,0.121190,0.213613,-0.073313,0.003974,0.314640,-0.169597,-0.054344,0.135364,-0.040239,-0.037230,0.012293,-0.052038,0.078243,0.111420,0.301458,0.119639,-0.077883,-0.034210,-0.041968,-0.137261,0.065047,0.001364,-0.042303,-0.160036,-0.012591,-0.029208,-0.286042,-0.028977,0.183903,0.077323,-0.317167,0.111495,-0.083271,0.221484,-0.063618,0.187109,0.018079,-0.132956,-0.061019,0.230681,-0.133963,-0.216420,0.143199,0.042043,-0.130783,0.147864,0.058499,0.080496,0.347946,0.226438,0.039340,-0.114952,0.361298,0.169398,0.066710,-0.001754,-0.183005,0.019736,0.186595,0.259143,0.188136,0.167159,-0.082693,-0.184731,-0.065149,0.099982,-0.040377,-0.106364,-0.008902,-0.037510,0.229916,-0.146235,-0.064264,-0.142187,0.103155,-0.169439,-0.093543,0.047541,0.054118,-0.045340,0.101448,-0.047671,0.105630,0.162648,-0.030523,0.004741,0.285569,-0.095049,0.044029,0.203163,0.017557,-0.143900,-0.065782,0.223574,0.050203,0.034338,0.220749,0.045893,-0.216133,0.226210,-0.000167,0.218321,-0.085142,0.029501,0.021182,0.217610,0.105507,0.022989,0.086697,-0.061494,0.016682,-0.020888,-0.046212,-0.125640,-0.017081,-0.331060,0.094420,0.150119,0.071523,-0.296466,-0.030868,0.000462,0.172873,-0.091033,-0.086015,0.119154,0.219053,-0.214948,-0.019296,-0.101511,0.058872,0.108301,#
2,0.210841,-0.446339,1.000000,-0.131996,-0.147211,0.007238,-0.085091,0.193207,-0.049005,0.072586,0.116897,-0.142046,-0.026653,-0.041842,0.097502,-0.188060,0.115554,0.004470,-0.080038,0.032995,-0.016774,-0.098658,-0.253463,0.087932,-0.122635,-0.083396,0.012271,0.060417,-0.079852,0.052664,-0.115039,-0.011690,-0.037368,-0.052384,0.010831,0.039084,0.328971,-0.079328,0.305164,-0.132522,0.104393,0.183384,-0.008217,-0.044789,-0.031388,0.110241,0.154447,-0.285418,-0.237602,0.144968,-0.050549,-0.151647,-0.015194,0.331957,0.096182,0.173859,0.014572,-0.023234,-0.399032,0.025120,0.285064,0.132620,0.105560,0.278513,0.044672,0.154458,0.260357,-0.152395,0.129668,0.006195,0.220885,-0.086794,0.021754,0.160096,0.182621,-0.026859,0.120739,0.074473,0.066792,0.254062,-0.095911,0.071176,-0.033348,0.070463,0.031376,0.302686,0.300427,0.210131,-0.025745,-0.032291,0.247812,0.322585,-0.003522,-0.330245,0.399339,-0.172041,-0.075704,0.017033,0.254133,0.066268,0.130613,-0.123219,-0.178511,0.008868,0.068461,0.352379,0.044677,-0.194379,0.407931,0.003542,0.113952,-0.114691,0.243772,0.036638,0.077255,-0.103242,-0.099939,-0.207455,0.186274,-0.185846,-0.092764,0.076913,0.003180,-0.115892,0.220815,0.250417,-0.055027,-0.011088,0.003087,-0.003303,0.158076,0.069277,0.123431,0.231114,-0.037598,-0.080463,-0.251529,0.027101,-0.195079,-0.082522,0.267154,-0.187325,-0.073322,0.060199,-0.067302,0.154131,0.056100,-0.008139,0.197958,0.053038,0.108235,-0.091593,0.037428,0.145765,-0.099588,0.234540,0.052062,-0.019853,-0.014440,-0.179136,0.038780,-0.287711,0.024867,-0.100351,-0.151593,0.012329,0.147734,-0.020993,0.029411,-0.022106,-0.217664,0.066495,-0.013728,-0.080456,0.071572,-0.041710,0.123284,0.048830,0.034891,-0.035578,-0.169196,0.156885,-0.038537,0.173097,-0.103999,0.084855,-0.004412,0.193088,0.065623,-0.161929,-0.234505,-0.091116,0.050211,0.079043,-0.069268,0.186837,0.101284,0.035103,-0.251680,-0.166374,#
3,-0.032853,0.158043,-0.131996,1.000000,0.040467,0.001614,0.026547,0.060419,0.055250,-0.002147,0.072058,0.075213,0.305868,-0.236077,0.077542,0.098648,0.113847,-0.187525,0.147773,-0.136273,0.044549,0.394266,0.018110,0.010985,0.177889,0.186257,0.135520,0.049940,0.061267,-0.198630,0.013383,0.175903,-0.073982,0.260001,0.370680,0.007041,-0.013159,0.137342,-0.124966,0.095100,0.062511,0.070576,-0.005673,-0.221070,0.135160,0.284796,0.064362,0.201309,0.282878,-0.029534,0.080877,-0.044952,0.160474,-0.003215,0.108946,0.078422,-0.259703,0.081840,0.407980,-0.051471,0.165795,0.211003,-0.191746,-0.012674,0.130949,0.150817,-0.089470,-0.115274,-0.006666,0.317025,-0.029919,0.275697,0.328225,0.159780,-0.014882,-0.028738,0.009278,-0.073331,0.072171,0.259097,-0.027522,-0.066883,0.029163,0.331747,-0.036155,0.127018,0.058053,0.052336,-0.077447,0.087608,-0.188057,0.030270,0.232422,0.064204,0.193159,0.203698,0.027423,-0.001635,-0.235875,0.130531,-0.095366,-0.135104,-0.261260,0.174022,0.131527,0.198928,0.149596,0.322378,0.023613,0.093627,-0.010084,0.104029,-0.040715,0.149004,0.098146,-0.090485,0.217339,0.062116,0.169332,-0.039206,-0.084165,-0.066601,-0.116335,-0.018576,0.029627,-0.077622,0.217367,0.177532,0.043094,0.140805,-0.104990,-0.038610,-0.193350,0.387961,0.247830,0.069625,0.362522,-0.168160,-0.021399,-0.036097,0.163834,-0.134219,0.043941,0.061366,-0.253200,0.159572,-0.060280,0.064383,0.040112,-0.168363,-0.065397,0.009111,0.197136,-0.066647,0.138610,0.007304,0.110424,0.194173,-0.113120,0.146398,0.204440,0.061674,0.073353,0.301241,0.197823,0.119119,-0.104983,-0.025845,0.067886,0.136341,0.162626,0.205125,0.046078,0.078505,-0.297379,0.247764,-0.082763,-0.043475,0.175741,-0.146803,-0.135926,0.109029,-0.116909,-0.046108,-0.180576,0.012084,-0.037663,-0.151550,0.335048,0.137210,-0.253632,0.073813,0.009779,0.081228,-0.027262,-0.055239,0.203174,-0.033390,-0.004784,0.281166,#
4,-0.225414,0.147580,-0.147211,0.040467,1.000000,-0.108234,0.094898,-0.074437,-0.113163,-0.060037,0.211451,-0.069717,-0.177762,-0.123332,0.012466,0.249631,-0.154057,-0.198173,-0.172943,-0.000961,0.023715,0.232848,0.176928,0.141766,-0.106497,-0.303166,0.006451,-0.142100,0.165642,-0.177995,0.269825,-0.174189,0.166550,0.016833,0.013818,0.129670,-0.249217,-0.074227,-0.025302,0.219025,-0.071403,0.168027,0.088015,0.126620,0.175474,-0.187683,0.013524,-0.191675,-0.032089,-0.150734,0.021361,0.227974,0.053925,-0.252024,-0.073371,-0.020756,-0.075379,-0.109702,0.163332,-0.009033,-0.068629,0.267105,0.018737,-0.120614,0.199647,0.149014,0.096380,-0.059130,-0.158461,0.134570,0.149581,0.113693,0.101361,-0.149500,-0.174999,0.328156,0.109574,-0.166385,0.229386,-0.009031,-0.400220,0.113917,0.177547,-0.230842,0.093583,-0.126859,-0.027825,-0.149176,0.063479,0.227794,-0.213700,-0.065148,-0.186784,-0.117190,0.064763,0.118929,0.176882,0.100287,-0.203448,0.073146,0.096548,0.035938,-0.178508,0.102597,0.057628,-0.099452,0.087210,0.063726,-0.170792,0.114116,-0.039333,-0.000915,0.237381,0.280503,0.035125,0.020508,-0.054680,0.353194,-0.267369,0.119646,0.167629,0.044627,0.120673,0.053591,-0.011388,0.022599,0.127854,0.017360,0.179293,0.215887,0.213277,-0.025080,-0.271391,-0.035211,-0.043532,0.091079,0.127480,0.022108,-0.064089,-0.038000,-0.110126,0.326784,-0.028419,0.037418,-0.101299,0.202207,0.200074,-0.337784,-0.037472,0.068940,-0.179593,0.352092,0.028264,-0.059107,0.098990,-0.184063,0.133814,0.063686,0.253825,-0.004158,-0.178482,0.222114,0.083144,0.175134,0.045111,0.027316,0.044451,0.266437,-0.101764,0.205339,-0.032373,-0.046307,-0.075043,0.012015,0.233842,0.085319,-0.263386,0.027840,-0.003084,-0.147404,0.177814,0.053976,0.109728,-0.057306,0.227459,-0.053035,-0.051400,0.007417,-0.199565,-0.193312,-0.080903,-0.075527,-0.069060,-0.010640,0.304909,-0.396208,0.046088,-0.091399,-0.023495,0.118427,#
5,0.075754,0.141970,0.007238,0.001614,-0.108234,1.000000,-0.210325,0.124116,-0.101975,0.048477,-0.018107,-0.114130,0.114139,-0.033763,-0.126494,-0.159167,-0.010263,-0.113495,0.174127,0.138395,-0.033602,-0.225099,-0.176285,-0.023622,0.070386,0.190412,0.093343,0.244826,-0.340036,0.102276,0.014438,0.132279,0.072410,0.314755,-0.036451,0.114402,0.013739,-0.266266,0.036927,0.058438,-0.128520,0.065439,-0.277092,-0.026428,0.055172,0.007714,-0.051114,0.335475,0.089306,0.052116,0.076308,-0.211057,0.069474,0.141348,-0.072216,0.392269,-0.019839,-0.093481,-0.000402,0.130218,-0.386996,-0.184570,-0.064424,0.135702,-0.217477,-0.263410,-0.068650,0.104171,0.005097,0.207096,0.203738,0.021495,0.203439,-0.016959,-0.016214,-0.142974,-0.150042,0.060113,-0.051994,-0.033336,-0.000604,0.188884,0.161044,-0.043737,-0.202699,0.096045,0.051912,-0.023232,0.127385,0.115986,0.081319,-0.213553,0.035333,-0.080721,-0.136463,-0.395061,0.095036,0.087996,0.149018,-0.271520,0.213535,-0.079221,0.155758,0.023081,0.039487,0.014686,0.107607,0.242303,-0.113592,0.026753,0.021707,0.045087,-0.123487,-0.083207,-0.081263,-0.151290,0.144421,0.172992,0.097860,-0.233173,-0.071268,0.209863,0.181481,0.186168,-0.012163,0.137020,0.394667,-0.100367,0.086099,-0.196996,-0.140464,0.131687,0.181948,0.280790,-0.078369,-0.239639,-0.217571,0.189222,-0.115623,-0.158989,-0.020788,-0.077893,0.162483,0.057420,0.437168,-0.140286,-0.116834,0.129064,-0.058708,0.325483,0.208727,0.057839,0.218099,0.078091,-0.046958,-0.016250,0.125888,0.063164,0.135885,0.002825,0.045892,0.203967,0.143877,0.024742,0.078864,-0.066629,-0.259097,0.255484,0.021429,-0.148039,0.315749,-0.019329,0.062962,-0.009783,-0.196913,0.106906,0.111201,0.086168,0.133993,0.069039,-0.045931,0.049271,-0.354227,0.007212,-0.196513,0.023456,-0.150172,0.044052,0.332262,0.196550,-0.134149,0.232741,-0.085461,0.339879,0.013451,-0.028811,-0.120340,0.123636,0.118120,0.207228,#
6,0.005077,-0.157149,-0.085091,0.026547,0.094898,-0.210325,1.000000,-0.079586,0.198875,0.294512,0.134379,0.034627,0.047280,-0.120116,-0.132045,0.320701,0.099377,0.065566,-0.160229,0.049391,0.058302,0.119128,-0.147634,-0.033697,0.194167,0.117887,-0.090781,0.039815,0.206011,0.042106,0.062430,0.128671,0.229495,0.054672,-0.060693,0.145096,0.178104,0.078905,-0.001118,-0.067837,0.148423,0.071151,0.319249,0.236827,0.041120,-0.179311,0.048778,0.199657,0.116323,0.108225,0.058456,0.077710,0.132127,-0.201079,0.002209,-0.160764,0.238455,0.072102,0.135665,-0.357739,0.360635,0.083387,0.143242,-0.086609,0.203033,0.157267,0.058311,0.202079,-0.035266,-0.069093,0.153546,0.321084,0.043371,0.047674,-0.154265,0.339100,0.245159,0.088475,0.261414,-0.005303,0.219680,0.094240,-0.164144,0.350061,0.100429,-0.131259,0.134957,0.208086,-0.041806,0.194804,0.002061,0.196064,-0.177447,0.137521,0.086735,0.073578,0.033914,0.142399,0.040406,0.004028,0.068477,0.298050,0.083245,0.006934,0.202395,-0.099408,-0.039492,0.103205,0.175415,-0.251322,-0.047441,-0.047943,-0.083969,0.076710,-0.006252,0.129025,-0.241246,0.016370,-0.112672,0.294182,0.010224,0.023785,-0.108566,0.169770,0.001161,0.105982,-0.152640,0.039071,0.086813,0.083440,0.121205,0.027158,-0.133525,-0.076048,0.007981,0.003926,0.111442,-0.014122,0.097181,0.287305,-0.086171,0.189975,-0.318479,0.071728,0.071090,0.237333,0.130808,0.121258,0.081228,-0.033366,-0.196763,0.119787,-0.197257,-0.088189,-0.112906,-0.123929,0.178353,-0.324728,-0.037792,0.268581,0.031393,0.157776,-0.241323,0.035918,0.070868,0.157827,0.215699,-0.184588,0.142577,0.059209,0.094613,0.118034,-0.152006,-0.152027,0.042697,0.207631,-0.047270,0.197406,-0.076995,-0.051478,0.077589,0.301573,0.028184,0.133777,0.049087,-0.038698,0.054923,-0.095500,0.131381,0.014417,-0.047892,0.031571,-0.084250,-0.106100,0.063316,0.266923,0.196363,-0.035184,-0.145941,0.077659,#
7,0.091274,-0.145321,0.193207,0.060419,-0.074437,0.124116,-0.079586,1.000000,0.095920,-0.266014,0.031477,-0.168999,0.134845,0.033767,0.067482,-0.100887,0.097986,0.120547,0.017585,0.164995,0.172590,-0.090200,-0.024511,-0.183676,0.003690,0.318470,0.040186,0.071421,-0.124563,0.312743,-0.093250,-0.120834,-0.095439,0.004023,0.186522,0.135681,0.074417,0.091033,0.154620,0.027945,-0.026824,0.341459,-0.019903,-0.023632,-0.004299,0.093464,0.061423,0.118519,0.208135,-0.063018,-0.091618,-0.039763,0.213466,0.350952,0.237853,0.094149,0.031487,-0.261763,0.161932,0.321379,-0.189019,0.101017,0.041307,0.226399,0.050649,0.022402,0.215659,-0.088814,0.050729,-0.085648,0.139299,0.084995,0.119151,0.291257,0.154361,0.150147,0.006700,-0.041746,-0.181004,-0.064874,0.346759,0.060875,0.196982,0.180307,-0.174911,0.231321,0.242486,0.009680,0.089543,0.147165,-0.034237,0.180547,0.266691,-0.120300,0.058327,0.075949,0.102079,0.324592,0.187312,0.028421,-0.000628,-0.095793,-0.167050,-0.007099,0.037406,-0.102176,0.032665,0.202728,0.176434,0.197171,0.333014,0.066616,0.143326,0.181912,0.012114,-0.058256,-0.009788,0.044684,0.243658,0.010317,0.260035,0.058819,-0.002388,-0.030813,0.150725,0.247296,0.015450,-0.004618,-0.002287,-0.011046,0.186627,0.131741,0.278169,0.062140,-0.045030,0.105824,0.048910,0.252325,-0.110443,-0.053220,-0.127734,-0.127619,0.113732,0.187460,0.120421,0.055987,0.124043,-0.139454,-0.016736,-0.167369,0.016775,0.211289,0.052478,-0.254750,-0.144936,0.136099,0.271719,0.043721,0.237273,0.089474,0.157439,-0.081971,0.248896,0.033515,0.013312,-0.041404,0.056227,0.059418,-0.316187,-0.066021,0.085811,-0.010697,0.095769,0.078048,0.016459,-0.062382,-0.037079,-0.132068,0.277582,-0.001043,0.064734,0.072809,0.070111,0.240291,-0.150556,0.082009,0.168017,-0.026468,0.217283,0.304028,0.109076,0.013685,0.011420,0.162244,0.209286,0.201003,0.133346,0.243981,0.159382,0.148307,#
8,-0.009876,-0.046592,-0.049005,0.055250,-0.113163,-0.101975,0.198875,0.095920,1.000000,0.142011,0.091661,-0.039284,0.026787,0.158290,0.041162,0.202700,-0.003174,0.105111,-0.155779,0.060826,0.211138,0.157016,-0.164778,0.030278,0.342991,0.151252,0.078410,-0.292176,0.089016,-0.087072,-0.039017,0.146526,0.004681,-0.084980,0.033022,0.297613,0.093974,0.100389,-0.146079,0.030485,-0.054782,-0.066497,0.412510,0.080290,-0.101253,-0.001009,-0.025016,0.134867,0.212866,-0.110938,0.293661,0.201841,-0.096317,0.055487,-0.089460,0.117058,0.158312,-0.067172,-0.015596,-0.029866,0.176545,0.056604,0.303173,0.056641,0.206380,0.188977,0.099944,0.102653,0.292293,-0.053806,0.195594,0.203132,0.059038,-0.044621,-0.018439,0.000975,-0.004088,-0.006559,0.095625,-0.159267,0.195153,0.126112,-0.120568,-0.004036,0.251717,0.093142,0.113436,0.188967,0.011480,-0.041131,0.150100,-0.093337,-0.094979,0.027545,-0.029292,0.034192,0.249757,0.259811,0.269009,0.353331,0.091890,-0.302685,0.037308,0.313566,-0.090381,0.166090,-0.072744,0.016878,-0.122718,0.139528,-0.084666,0.085325,-0.021906,0.011036,-0.186569,0.041983,0.004191,0.116815,0.073024,0.180569,-0.046774,0.083679,-0.075858,0.100222,0.037065,0.115914,-0.114060,-0.080178,0.126786,0.131926,-0.079871,0.173244,0.061634,-0.017356,-0.001230,0.045152,0.090759,0.023882,0.229276,0.133160,-0.037999,-0.131484,0.078281,-0.299216,0.023905,-0.043061,-0.069938,0.365213,0.154741,0.006889,-0.059342,0.217971,-0.206972,0.173114,0.026998,-0.086847,0.083158,0.197559,0.220162,0.021856,-0.053228,-0.210641,0.167100,-0.132976,-0.148385,0.077293,0.078556,0.193831,0.051319,-0.209766,0.147437,0.149213,-0.174894,0.006316,0.078458,0.188061,0.201575,-0.002397,0.154614,0.104978,0.031435,-0.073948,0.052040,-0.033742,0.141314,-0.002746,0.387597,0.049882,0.169831,0.280353,0.106025,0.245080,0.292351,0.131903,0.058404,-0.241078,-0.255644,0.110653,0.008642,0.268399,#
9,-0.190268,-0.124375,0.072586,-0.002147,-0.060037,0.048477,0.294512,-0.266014,0.142011,1.000000,0.030810,0.033824,0.111366,-0.052845,0.073203,0.289421,0.083964,-0.112104,-0.019611,-0.210886,0.006425,-0.078847,-0.380691,0.144498,0.061533,-0.253096,-0.052337,0.109837,-0.054003,-0.194536,-0.095287,0.334580,0.058492,0.053406,-0.195549,0.118970,0.146104,-0.028069,-0.038665,-0.045547,-0.029139,-0.134937,-0.040965,-0.052255,0.075482,-0.145097,-0.073341,0.101780,0.070589,-0.008005,0.157114,-0.025588,-0.118497,-0.121304,-0.083742,-0.109189,0.123017,0.265416,-0.214179,-0.099675,0.140342,0.049534,0.047744,-0.198585,-0.208097,0.073827,0.031288,0.040553,0.163581,-0.044250,0.147920,0.062946,-0.014603,-0.039503,-0.300357,-0.130396,0.271627,-0.026077,0.059300,0.231614,-0.077145,0.207299,-0.028451,0.173882,0.137071,0.007910,0.097512,0.453263,-0.085492,-0.015381,0.086899,-0.109674,-0.126430,-0.145599,0.035699,-0.246863,0.164884,-0.057881,0.042696,0.041046,0.209292,0.094780,0.241052,0.130314,0.035667,0.168790,-0.096122,0.160801,0.222997,0.115799,-0.040367,0.081970,-0.196697,0.075385,-0.074016,0.016374,-0.100562,-0.041983,-0.170576,0.138552,-0.221944,0.062646,-0.082576,0.073021,0.245503,0.198533,0.020566,-0.007833,0.195675,0.070497,0.047926,0.056772,-0.113766,0.024210,0.170345,-0.182318,0.138160,-0.044770,0.033064,-0.098432,0.281815,-0.028268,0.089855,0.155304,0.021564,0.333716,0.117876,0.220516,0.183627,0.185223,-0.080379,-0.022429,0.138958,0.156778,0.116012,-0.051377,-0.092393,-0.060382,0.085043,-0.002449,0.097962,0.157687,0.058711,-0.190145,0.127094,0.264700,-0.101130,0.037579,0.263085,-0.057561,0.167364,-0.008657,-0.144406,-0.355743,-0.065052,0.105182,0.241714,0.179105,-0.142609,0.055378,0.182567,0.020988,0.056741,-0.113810,-0.012649,-0.070269,0.002797,0.023611,0.190519,-0.239073,-0.138369,-0.049032,0.026814,-0.157625,-0.160066,-0.105546,0.215856,0.101630,-0.095347,0.003059,#
10,-0.045535,0.048094,0.116897,0.072058,0.211451,-0.018107,0.134379,0.031477,0.091661,0.030810,1.000000,0.138225,0.019388,-0.043354,-0.006099,0.106570,0.276841,-0.140818,-0.004746,0.081039,0.153864,-0.011129,-0.046470,0.323786,0.031606,0.091272,0.039626,0.006850,0.020551,0.049346,0.118342,0.061601,0.215317,0.198120,0.082246,0.105156,0.179553,0.045078,0.011693,-0.017918,0.165216,-0.038511,0.117924,-0.102770,0.036294,0.071294,0.331874,0.020760,0.063520,0.374166,0.119968,0.334588,0.020671,-0.220180,0.133166,0.394487,0.017749,0.161686,-0.138085,0.039731,0.146558,0.082724,0.235334,0.157541,0.128538,-0.028113,0.288698,0.057981,0.265717,0.092460,0.508545,0.212822,0.233279,-0.142679,0.131610,0.274577,-0.133201,0.074462,0.096016,-0.007267,0.134210,0.095086,-0.023883,-0.194940,0.120040,0.078421,0.034200,-0.138260,0.017434,0.409298,0.054176,0.178619,0.229477,-0.249165,-0.092092,0.038445,-0.006061,0.342592,-0.036993,0.038122,-0.149011,-0.075337,-0.051732,0.134656,0.140821,0.050865,0.266915,-0.101435,-0.020161,-0.071214,-0.081391,-0.005838,0.284285,0.194692,0.042565,0.081174,-0.051694,0.232093,0.003699,0.015731,0.001133,0.042246,0.105608,0.207657,0.002574,0.079075,0.034541,0.023553,0.277682,0.194975,-0.068499,0.105481,-0.055009,0.188785,0.258119,0.384568,-0.042900,0.091933,0.178011,0.213817,0.024739,0.118602,-0.081207,-0.077002,-0.049133,0.289266,0.350086,0.281723,0.090400,0.166865,-0.143576,-0.047093,-0.039625,0.182240,0.245117,-0.137489,0.289591,0.059852,-0.018039,-0.122800,0.067081,-0.100298,0.051005,0.124604,0.095451,-0.000340,0.019456,0.027248,0.119902,0.262084,-0.103849,0.075356,-0.147233,0.048253,0.248445,0.159042,-0.048414,-0.086993,-0.051769,0.116130,-0.116812,-0.029506,-0.078399,0.099930,-0.253192,0.195684,0.370139,0.140814,-0.155127,0.049074,-0.003203,-0.098202,0.202941,0.294149,0.130007,0.016461,0.036669,0.025602,-0.062791,0.228062,#
11,0.069159,0.103369,-0.142046,0.075213,-0.069717,-0.114130,0.034627,-0.168999,-0.039284,0.033824,0.138225,1.000000,0.096559,0.018312,0.207383,0.028249,0.117224,0.083323,0.390862,0.027768,-0.027468,-0.101290,0.223609,0.132691,0.187218,0.100856,0.177010,-0.006363,0.046210,-0.073484,0.188379,0.250376,0.030398,0.145675,0.037644,0.163648,0.163126,0.237521,-0.049513,0.001773,0.273951,-0.212453,0.131844,-0.133442,0.110201,-0.206783,0.177598,0.209158,0.089894,0.042180,-0.111553,0.113187,0.320306,-0.096204,0.105392,0.059125,0.010834,0.393313,0.086208,0.146588,0.020913,-0.049822,0.297168,-0.009116,-0.016061,-0.010628,-0.105250,-0.049342,0.260008,-0.037954,0.098562,-0.104046,-0.020867,0.043023,0.232793,0.109433,0.028795,-0.082520,-0.255197,-0.234267,-0.110172,0.172794,-0.033563,0.010388,0.349657,0.053711,-0.045079,-0.006377,0.030058,-0.104626,0.103538,0.066878,0.056881,-0.049746,-0.134622,0.227019,-0.118835,0.120776,-0.213109,0.146359,-0.169420,-0.022445,0.199958,0.104577,0.064027,-0.006475,0.190888,0.052501,0.267816,-0.206959,0.020475,0.280369,0.031129,-0.158126,-0.028770,-0.014315,0.113956,0.002886,-0.026160,0.257434,0.020278,-0.057657,0.076096,0.104584,0.009197,0.134422,0.194805,0.190594,0.091648,0.346253,0.009323,0.055036,0.203277,0.127949,-0.015288,0.025705,0.264870,0.111523,0.266646,0.369696,-0.271602,0.011918,0.156406,0.116867,-0.050247,0.181579,0.071728,0.096051,0.101857,-0.037271,-0.075100,-0.039652,0.019364,0.335486,0.230782,-0.016168,0.027436,-0.015780,-0.183141,0.077537,0.401324,0.165569,0.261456,-0.039833,0.026366,0.348530,0.248219,0.076474,0.000014,0.297465,0.280964,-0.047432,0.221242,0.258168,0.007468,0.074054,0.278858,-0.052577,0.035684,-0.004594,0.113927,-0.211124,0.180671,-0.024207,0.060993,0.043499,0.268539,0.071951,-0.059716,-0.176472,0.109981,0.044393,0.008063,0.061263,0.080033,-0.128396,0.099931,0.056729,-0.014027,-0.037146,#
12,0.167820,0.170357,-0.026653,0.305868,-0.177762,0.114139,0.047280,0.134845,0.026787,0.111366,0.019388,0.096559,1.000000,0.079772,0.173636,0.249898,0.059892,-0.006674,0.214371,0.006241,0.183677,-0.090889,0.082364,0.303919,0.101449,0.367581,0.012377,0.087507,-0.140762,0.038928,0.028751,0.229606,-0.040692,0.254346,0.285440,0.030966,0.222798,0.201870,0.113196,-0.049119,-0.122633,-0.006086,0.080302,-0.113045,0.272001,0.187428,0.238677,0.186326,0.261081,0.091074,0.332032,-0.167337,-0.000614,-0.006297,0.076861,0.242439,0.182665,-0.067379,0.124097,0.056639,0.123465,0.046635,0.205644,-0.030696,0.087573,0.105052,-0.050737,0.274158,0.292284,0.126696,0.108318,0.086264,0.112994,0.007024,0.032517,0.141305,-0.018222,-0.037530,0.075898,0.079112,0.179171,0.214938,0.005569,0.142297,-0.147281,0.239232,-0.049988,0.028655,-0.134616,-0.198924,0.154390,-0.021100,0.239748,0.179512,0.008454,0.030939,0.043874,-0.075809,-0.143430,0.072724,-0.232967,0.189222,-0.012423,0.148120,-0.055987,-0.089594,-0.026984,0.215718,0.226986,0.133102,0.070740,0.053257,0.106881,-0.103602,0.219738,0.060018,-0.116902,0.103040,0.101906,0.147549,0.067043,0.413927,-0.041326,0.069856,0.144399,0.236868,0.320117,0.089811,-0.008342,0.054889,-0.227934,-0.152807,-0.019566,0.180498,-0.071523,-0.052270,0.043579,0.194975,0.021415,-0.075085,-0.095805,-0.323902,-0.038694,0.046554,-0.188865,0.402001,0.083678,0.094903,-0.007470,-0.086422,0.273130,-0.167640,0.211819,0.003157,0.269624,0.127956,0.141546,0.065836,0.214854,-0.147575,-0.029497,0.158802,0.129409,0.108676,0.234045,-0.029211,-0.066817,0.263620,0.067517,0.158399,0.152195,-0.036721,0.086689,0.040419,0.050660,0.098023,0.233717,-0.061256,-0.101638,-0.011098,0.057638,0.091233,-0.074365,-0.012313,-0.190981,0.039668,-0.008514,0.061658,0.385764,0.216045,-0.140890,0.143281,-0.069558,-0.111401,0.017363,0.181793,-0.022533,0.196090,0.240166,0.114929,#
13,-0.315187,0.143074,-0.041842,-0.236077,-0.123332,-0.033763,-0.120116,0.033767,0.158290,-0.052845,-0.043354,0.018312,0.079772,1.000000,0.143288,-0.111793,-0.243527,0.157795,-0.060697,0.075317,-0.161101,-0.090268,0.036436,-0.142846,0.121131,0.136553,-0.064628,-0.198321,0.112182,0.214523,-0.078887,-0.054733,0.099462,0.033359,-0.195600,0.038625,-0.103077,0.068847,-0.176983,0.099906,0.036327,-0.016295,0.101238,-0.122880,-0.168133,0.082385,-0.022235,0.161447,0.108740,0.276088,0.041495,-0.095036,0.064268,-0.181814,0.171451,0.130736,0.129364,0.188975,-0.062537,0.054374,-0.173137,-0.162328,0.058550,-0.123757,0.183771,-0.062062,0.019311,0.179627,0.336301,0.016548,-0.064406,-0.073480,0.152864,-0.155437,-0.019034,-0.018392,-0.043945,0.141053,0.202448,-0.138792,-0.107892,0.094186,0.108130,0.070397,-0.042392,0.139780,-0.051045,-0.018475,0.052302,-0.077728,-0.016756,-0.148632,-0.053821,-0.000098,-0.100162,-0.048153,0.086385,0.069302,0.020526,-0.021173,-0.037858,-0.017732,0.212149,-0.139714,-0.034015,0.132116,-0.052063,0.018953,-0.160621,-0.051155,0.017411,-0.049698,-0.000578,0.059471,0.015687,-0.199347,-0.147009,-0.068834,0.233812,-0.112640,0.090919,-0.077364,0.050292,-0.392598,-0.160784,0.060764,0.110173,0.087364,0.097425,0.033443,-0.016865,-0.275738,0.000085,0.074782,-0.077180,-0.088376,-0.142771,0.128191,0.305731,0.017060,0.037356,-0.199188,0.086462,-0.438399,-0.234497,0.076918,0.058344,0.046296,-0.018239,-0.351736,0.208510,0.174916,-0.034811,-0.111093,0.163736,-0.182666,0.086791,-0.220983,0.000103,-0.174450,-0.140098,-0.144083,0.141003,-0.079664,0.078406,-0.059652,0.122087,0.017852,0.052894,-0.035154,0.095206,-0.000569,0.036300,0.083854,0.075905,0.157747,0.058985,-0.164603,-0.102718,0.132343,-0.126729,-0.168818,0.215791,-0.116540,-0.019318,0.079938,-0.063846,-0.072595,-0.071870,0.000000,0.256140,0.037630,0.133180,-0.000536,0.000197,0.051705,-0.170860,0.069343,-0.018538,-0.204864,#
14,0.226871,0.096266,0.097502,0.077542,0.012466,-0.126494,-0.132045,0.067482,0.041162,0.073203,-0.006099,0.207383,0.173636,0.143288,1.000000,0.004212,-0.048996,-0.012346,-0.079805,0.064185,-0.032660,0.046684,0.111072,0.289237,0.134869,0.038516,0.144351,-0.256436,-0.085432,-0.040806,0.185620,-0.161798,-0.222909,-0.164224,0.189373,0.256873,-0.161167,0.058545,0.109168,-0.029805,0.031484,-0.123883,-0.047742,-0.072794,0.045751,0.087771,-0.065770,0.038632,0.053675,-0.154387,-0.177952,0.261451,0.134694,0.033196,0.113393,0.020782,-0.251752,-0.104705,-0.090830,-0.087687,-0.051547,0.122819,0.162742,0.129613,-0.052183,0.064653,-0.062309,-0.040862,0.176668,-0.068458,-0.033955,-0.168530,0.145060,0.261033,-0.043917,-0.119881,-0.098408,0.033618,0.033317,0.080240,-0.124103,0.066030,0.059284,-0.059772,0.099763,0.102798,-0.161864,-0.041514,-0.099183,-0.352877,0.004882,-0.152894,0.160819,0.147833,0.080936,0.070885,-0.130196,0.096787,-0.166835,0.167747,0.055945,-0.104716,0.013002,0.000550,-0.010974,-0.035640,-0.012371,0.008079,0.166546,0.167928,-0.002898,0.195058,-0.098681,0.099452,-0.222438,-0.049022,-0.069767,-0.254134,0.108389,0.004866,0.142578,0.094696,-0.009362,-0.076009,0.093583,0.216338,0.292268,0.093501,-0.177967,0.041793,-0.086460,0.204057,-0.057252,-0.043108,-0.000674,0.027063,0.266318,0.224975,0.071479,-0.048412,-0.029571,-0.048209,0.005056,0.134223,-0.225891,0.243335,0.071396,-0.088996,-0.029262,-0.046185,0.210935,0.153268,0.221040,0.281807,0.173519,0.032061,0.001811,-0.039033,-0.091362,-0.198201,-0.019176,0.030687,0.086336,-0.250675,0.336285,0.209794,-0.057147,-0.074713,-0.009114,0.124569,0.046464,-0.265940,0.091204,-0.044756,0.318344,0.084299,0.126982,-0.281158,0.028625,0.020309,-0.019454,-0.113654,-0.089578,-0.041918,0.118094,0.089245,0.131245,0.064050,0.109597,-0.173477,-0.051276,-0.087284,0.206828,0.119361,-0.053023,-0.320245,0.018549,0.132506,-0.001630,-0.146703,#
15,-0.109274,-0.042413,-0.188060,0.098648,0.249631,-0.159167,0.320701,-0.100887,0.202700,0.289421,0.106570,0.028249,0.249898,-0.111793,0.004212,1.000000,-0.044459,0.124634,-0.022826,-0.093001,-0.029716,0.280803,0.216805,0.065828,0.171221,-0.026086,-0.167441,-0.023812,0.130091,-0.109416,0.214518,0.169048,0.242028,0.269997,-0.060435,0.184111,0.077001,0.326251,-0.150307,-0.134873,-0.148449,-0.178240,0.140766,0.158663,0.255686,0.120224,-0.080220,-0.195675,0.145146,0.089419,0.147360,0.087848,-0.173458,0.081202,0.044756,0.081998,0.111112,-0.023345,0.142911,-0.032971,0.158065,0.255810,0.170442,0.041372,0.023421,0.075774,0.042165,0.154727,0.134259,0.024133,0.172708,0.068007,-0.154879,0.065494,0.043004,0.257314,0.222883,-0.157678,0.198521,-0.092536,-0.096049,-0.044850,-0.054289,0.071209,0.135836,-0.189273,-0.132076,0.101653,0.123606,-0.094194,-0.076860,0.114553,0.208567,0.173698,-0.022909,0.134827,0.089187,0.199103,0.036894,0.155207,-0.050228,0.048571,0.088334,0.291111,0.072672,-0.092897,-0.205093,0.081762,0.001217,0.179806,0.012931,-0.080652,0.136578,0.181748,0.039690,-0.184828,-0.193645,0.006542,-0.116885,0.513865,-0.015860,0.244537,0.017528,0.189707,0.008657,0.180486,0.036669,-0.074354,0.071603,0.272635,0.092670,-0.080061,-0.138620,-0.101408,0.025485,0.150053,0.262475,-0.059288,-0.201967,0.130749,-0.052113,0.019071,0.007859,0.100962,0.024541,0.287139,-0.162554,0.109661,0.078694,0.020003,0.112364,0.277675,-0.059791,0.113735,0.065194,-0.075397,0.165654,0.060033,0.138316,0.123960,-0.077492,0.081239,0.200104,0.093101,-0.028213,-0.029448,-0.077037,-0.096880,0.039463,0.166617,-0.007210,-0.029263,-0.279797,0.051718,-0.094618,0.403471,0.165546,-0.004639,-0.006550,0.132524,0.187478,0.145420,0.061465,0.135536,0.201599,-0.071560,0.004598,-0.020073,-0.085681,-0.047715,-0.140249,0.181392,-0.045122,-0.162497,-0.115617,-0.135505,0.151908,-0.192886,0.095135,0.111144,#
16,0.027346,0.038522,0.115554,0.113847,-0.154057,-0.010263,0.099377,0.097986,-0.003174,0.083964,0.276841,0.117224,0.059892,-0.243527,-0.048996,-0.044459,1.000000,0.009934,0.194721,0.229244,0.427561,-0.110424,-0.082892,0.185770,0.247317,0.117861,0.095137,0.036019,-0.183582,0.035264,-0.096552,0.116614,-0.034353,-0.042580,0.183749,0.141852,0.324762,0.287049,0.035962,0.069811,0.077700,0.015499,0.041357,0.063109,0.178799,0.038695,0.096486,0.080156,0.094120,0.130866,-0.137527,0.153561,0.076014,-0.074059,0.005543,0.068198,-0.177096,0.099010,0.003008,-0.154488,0.377003,0.189317,0.067600,-0.143395,-0.147710,0.025412,0.300453,-0.181857,0.076083,-0.030625,0.191983,-0.024374,0.078727,-0.112261,-0.015505,-0.004355,-0.021919,0.087752,-0.252161,0.059318,0.378043,0.167798,0.105345,0.196478,0.081310,0.115016,0.120173,-0.092176,-0.079891,0.130400,-0.160011,0.100561,0.091026,-0.367015,0.140877,0.088074,0.052128,0.358300,0.174910,0.178586,0.152963,0.145592,-0.078293,0.326162,0.052397,0.101402,0.190883,-0.034108,0.249247,-0.010091,0.072148,0.106927,0.018678,-0.013668,0.211299,0.241709,0.292271,0.161174,0.058082,-0.197829,0.065212,-0.176991,0.042165,0.173187,0.221939,-0.009103,-0.161004,-0.157193,0.248951,0.086391,0.231760,0.050523,-0.121946,-0.014523,0.025153,0.268501,0.113166,-0.019217,-0.069543,-0.013796,0.038160,0.000823,0.190239,-0.020142,-0.190570,0.138414,0.321843,0.217403,0.270969,-0.038357,-0.213468,0.021747,-0.199544,0.075293,0.400671,-0.061831,0.125762,0.128787,-0.069927,-0.068986,0.196501,-0.048557,0.047356,-0.050410,0.245338,0.054444,0.032972,-0.014098,0.044845,0.090886,0.006731,0.122932,0.210096,0.116455,-0.054593,0.255611,0.106962,0.431497,0.109352,0.087044,-0.025936,-0.109373,-0.016169,0.162733,-0.284089,-0.043295,0.108587,-0.003494,0.219179,0.038945,-0.034500,0.022839,0.150290,0.045994,0.243392,0.087434,0.304968,0.126817,-0.082118,0.134390,#
17,0.116362,-0.130563,0.004470,-0.187525,-0.198173,-0.113495,0.065566,0.120547,0.105111,-0.112104,-0.140818,0.083323,-0.006674,0.157795,-0.012346,0.124634,0.009934,1.000000,0.114094,0.112489,-0.019131,0.045362,0.129196,-0.313676,0.098761,0.249090,-0.035434,-0.005524,-0.140115,0.087082,-0.040569,0.130531,0.139425,-0.061854,-0.172317,0.055061,0.119284,0.065896,-0.043802,0.214752,-0.071847,0.083548,0.044136,-0.024914,0.071635,0.115689,-0.110698,0.210661,-0.040510,0.031643,0.001748,-0.068589,-0.008680,0.082268,-0.006496,-0.156873,0.110597,-0.087825,-0.150787,0.134683,-0.211642,-0.013955,0.265655,-0.060659,0.067073,-0.094437,0.263280,0.131856,-0.165695,-0.193007,-0.062079,-0.217997,-0.324848,0.126071,0.297209,-0.205996,0.045946,-0.010054,0.092786,-0.059507,0.030054,0.076641,0.040169,0.035850,-0.032427,0.045172,-0.034614,0.194037,0.045728,-0.224238,-0.165110,-0.147650,0.123735,0.080500,0.176712,-0.024472,-0.090093,0.096610,0.180615,-0.152542,-0.023803,-0.182946,-0.018062,-0.088671,-0.075739,0.186656,-0.343095,-0.242504,0.032287,0.157472,0.245992,-0.071498,0.130438,-0.152540,0.204533,-0.199430,-0.210749,-0.082933,0.185029,0.243822,0.088465,0.157072,0.209055,-0.286523,-0.144155,-0.096901,-0.164708,-0.091216,0.062100,-0.055889,-0.055658,-0.066294,0.140480,-0.074659,0.028920,0.149832,0.207744,0.104529,-0.105562,0.287645,-0.016292,-0.093484,0.153158,-0.005178,0.103242,-0.087032,-0.075662,-0.058225,0.265060,-0.001418,0.029451,0.137018,0.022645,0.150791,-0.041684,-0.032661,0.164178,-0.069092,-0.008096,-0.054795,-0.040904,0.017923,0.157313,-0.209471,-0.062352,-0.179867,-0.147220,-0.272107,0.081412,-0.086156,-0.016871,-0.065918,0.273342,-0.036215,0.088433,-0.149612,0.085218,-0.046367,-0.011685,0.191030,-0.003953,0.000649,-0.050741,0.467006,-0.060979,-0.027085,0.060061,0.093690,-0.198856,-0.018321,0.231288,-0.032864,-0.070319,0.038840,0.016844,0.036918,0.048937,-0.054797,0.205505,-0.348014,#
18,0.048718,-0.036964,-0.080038,0.147773,-0.172943,0.174127,-0.160229,0.017585,-0.155779,-0.019611,-0.004746,0.390862,0.214371,-0.060697,-0.079805,-0.022826,0.194721,0.114094,1.000000,0.007442,-0.112444,0.050155,0.151811,-0.141351,0.011170,0.262103,0.105355,0.029047,-0.041495,0.231115,-0.308176,0.284092,0.107318,0.223609,-0.000861,0.156393,0.120093,0.146533,-0.047200,0.148784,-0.089970,0.146328,0.092913,-0.159899,0.140148,-0.023574,-0.053611,0.191187,0.143346,0.072584,-0.110934,-0.090659,0.113206,-0.222593,-0.031397,0.036289,0.007375,-0.192335,-0.088757,0.197415,-0.021879,-0.004215,0.102462,-0.030062,-0.000593,-0.153008,0.003169,-0.249477,-0.217672,-0.058069,-0.015332,-0.174746,0.044965,-0.139010,0.398582,-0.029528,0.054141,-0.180052,-0.484503,-0.001266,-0.011830,0.017432,0.102506,-0.114132,0.116361,0.101766,-0.173476,-0.039666,-0.000123,-0.174623,0.123053,-0.089561,0.105417,-0.113602,-0.140783,0.018593,0.170277,0.122315,-0.076544,0.084040,-0.142002,-0.080801,0.047298,0.068315,-0.090344,-0.045241,0.107662,0.144108,0.051853,0.208621,0.272904,-0.068653,0.002083,-0.037585,-0.054155,0.051058,0.080136,0.203912,0.201970,0.077225,0.075362,0.024430,-0.022307,0.152240,0.312918,-0.162255,0.306277,-0.051963,0.249449,0.022556,-0.115987,0.140521,0.183232,0.113405,0.030694,-0.008669,0.219147,0.067318,-0.245379,0.073265,-0.081996,-0.045605,0.126026,0.236094,0.046925,-0.024026,-0.051465,0.176567,0.317918,-0.139597,0.057550,-0.323625,0.281842,0.027651,0.262793,0.125828,0.168153,0.166203,-0.160508,0.027554,0.239843,0.209689,0.400690,0.044801,-0.137706,-0.177435,0.310837,0.075306,-0.026886,0.029377,-0.001476,-0.078563,0.226728,0.300457,-0.065164,-0.039567,0.070162,0.063628,0.043967,0.084260,-0.114646,0.130155,0.102354,-0.012180,-0.189113,0.123674,0.163438,0.000141,-0.020043,0.185925,0.040867,0.212145,-0.040396,0.186732,-0.049239,-0.080149,-0.065821,0.287595,-0.010122,0.041915,#
19,0.038596,0.172555,0.032995,-0.136273,-0.000961,0.138395,0.049391,0.164995,0.060826,-0.210886,0.081039,0.027768,0.006241,0.075317,0.064185,-0.093001,0.229244,0.112489,0.007442,1.000000,0.173327,-0.163384,0.033243,0.202049,0.193031,0.106916,-0.063899,-0.282239,-0.429702,0.224923,0.170117,0.081869,0.229183,-0.032879,0.144951,0.171454,0.004819,0.124248,0.086785,0.062365,0.201990,0.213825,0.124187,-0.086038,0.069322,0.217826,0.092266,0.085902,0.146440,0.192077,-0.093188,0.112876,0.007939,0.035907,0.054820,0.099579,0.099497,-0.144640,-0.146155,-0.002990,0.013793,-0.022751,0.296244,-0.029750,0.023650,-0.028234,0.163973,0.107120,0.105036,-0.222446,0.144014,0.103949,0.120776,-0.061473,-0.033601,0.267748,-0.172033,0.049940,0.115133,-0.138689,0.179838,-0.015849,0.117100,-0.049873,-0.028315,0.002330,0.058871,0.001728,0.220291,0.037655,-0.213787,0.066252,-0.104769,0.153934,0.011006,-0.062721,0.105682,0.395942,0.108332,0.036757,0.036840,-0.030482,-0.024588,0.059081,0.152039,-0.071513,0.243329,-0.251173,0.158272,-0.161926,0.174122,0.016549,-0.016215,0.128355,0.046149,0.237078,0.233263,0.040411,0.292389,-0.205076,0.411478,0.001042,-0.003399,0.155500,0.218761,0.240941,0.027445,0.137695,0.184283,0.177126,0.046786,0.150804,0.057793,0.031360,-0.058089,0.253564,0.040342,0.150732,0.103246,0.008515,0.094520,0.310597,0.066441,0.004330,-0.013738,-0.058410,-0.089931,-0.045233,0.156928,0.138090,0.056490,0.051615,0.102931,0.148485,0.265372,-0.016019,0.177783,-0.000926,0.271192,0.091945,-0.035259,0.206286,0.164706,0.123333,0.051686,0.013884,-0.068922,0.245349,-0.069180,-0.035404,-0.251239,-0.007635,0.126638,0.322557,0.237602,-0.055696,0.217520,0.100678,0.009023,-0.078093,-0.043511,0.274556,0.216328,0.156670,0.017528,-0.019160,-0.033524,-0.094254,0.057789,0.095790,0.131531,0.043799,-0.071200,0.232600,0.379269,-0.031062,0.166314,-0.032969,-0.046043,0.035201,#
20,-0.014054,0.112843,-0.016774,0.044549,0.023715,-0.033602,0.058302,0.172590,0.211138,0.006425,0.153864,-0.027468,0.183677,-0.161101,-0.032660,-0.029716,0.427561,-0.019131,-0.112444,0.173327,1.000000,-0.081492,-0.012580,0.242764,0.223763,0.152461,0.121941,-0.062764,-0.031196,-0.196167,0.128380,0.218639,-0.036160,0.212143,0.113518,-0.053238,0.195258,0.097633,0.169206,0.069412,0.139693,0.124450,0.117599,0.124181,0.053295,-0.078492,0.189134,0.090431,-0.028001,-0.218332,0.152501,0.257032,0.054337,-0.119624,0.137088,-0.072058,-0.207636,0.050907,-0.107637,-0.064648,0.181564,0.036445,0.254941,-0.185345,-0.042676,0.093749,0.190780,-0.037222,0.041412,-0.024536,0.003821,0.001282,0.027107,-0.066595,-0.161285,-0.087715,-0.213190,-0.098493,0.077544,0.209116,0.356082,0.203431,-0.011062,0.195540,-0.225823,-0.090925,0.000121,0.084724,0.122088,0.288115,0.063542,-0.055635,0.196431,0.093073,-0.022819,0.205613,0.147044,0.090490,0.148381,0.137537,0.141182,0.108999,-0.192688,0.192332,-0.020431,0.009856,0.285405,-0.103791,0.091086,0.126954,0.005145,0.150937,-0.143768,-0.168733,0.340961,0.295069,0.190236,0.191140,-0.054668,-0.034335,0.278155,0.083547,0.047632,0.060100,-0.069565,-0.034841,-0.204770,-0.051334,0.096875,0.185740,0.206352,-0.001022,0.228335,-0.035248,-0.095631,0.234867,0.062519,0.110405,0.127582,0.104871,-0.048716,-0.189636,0.206918,-0.073307,0.009495,0.008048,0.236023,0.141019,-0.230524,0.125347,-0.071459,0.226055,-0.209464,0.002279,0.075879,-0.171725,-0.100855,0.219852,0.220542,-0.078342,-0.018302,-0.047359,-0.029164,-0.130337,0.230766,0.003720,-0.090987,0.213039,-0.301933,-0.067421,-0.004097,0.111236,0.007134,0.057734,-0.001331,-0.077683,0.075130,0.183088,0.029355,-0.034359,0.024540,-0.262917,-0.037861,-0.166707,-0.193063,0.026656,0.134782,-0.023032,0.182951,0.170768,0.021282,0.165257,0.366029,-0.052609,0.311700,0.005786,0.047756,0.239794,0.141450,0.187813,#
