0,1.000000,0.354576,0.506219,0.405692,0.153352,0.495726,0.321254,0.444917,0.410476,0.408564,0.337661,0.585786,0.452021,0.299702,0.678409,0.319999,0.380008,0.481797,0.465444,0.341670,0.430251,0.307469,0.487335,0.424990,0.367925,0.427525,0.336190,0.483351,0.345858,0.494565,0.396541,0.309387,0.383779,0.344662,0.524374,0.425727,0.444422,0.411151,0.417249,0.456778,0.513962,0.307387,0.525714,0.470049,0.373296,0.249981,0.467002,0.584833,0.352829,0.564203,0.308635,0.325383,0.489990,0.518406,0.492272,0.418021,0.254473,0.438825,0.282767,0.442246,0.471645,0.353282,0.418854,0.378786,0.305966,0.607041,0.481609,0.481713,0.404493,0.326914,0.398258,0.267045,0.462028,0.470317,0.506094,0.242696,0.459968,0.528354,0.392284,0.329985,0.480940,0.193373,0.352688,0.436717,0.493311,0.534788,0.167779,0.296665,0.249606,0.359730,0.414406,0.525713,0.495923,0.563397,0.545759,0.466350,0.291103,0.396161,0.460756,0.310131,0.406309,0.413427,0.349833,0.267730,0.357631,0.323053,0.272567,0.405413,0.447126,0.352235,0.467351,0.430154,0.479468,0.107188,0.375335,0.506326,0.228157,0.124283,0.420088,0.376017,0.117344,0.656663,0.436374,0.456981,0.334266,0.254739,0.320278,0.216091,0.289759,0.289956,0.228324,0.455523,0.405996,0.199279,0.406378,0.309548,0.352164,0.424051,0.329961,0.421410,0.366695,0.441648,0.290814,0.544891,0.621925,0.208885,0.307456,0.408328,0.460688,0.553648,0.415575,0.088094,0.369637,0.553549,0.115082,0.346007,0.228460,0.392093,0.408181,0.517334,0.551113,0.479626,0.292834,0.429389,0.227426,0.418154,0.509120,0.386642,0.466556,0.437705,0.445497,0.324415,0.364034,0.475044,0.539158,0.170741,0.458067,0.419199,0.424442,0.541606,0.174148,0.497152,0.385035,0.379368,0.269978,0.228260,0.437417,0.472457,0.363963,0.463824,0.462263,0.543202,0.474124,0.341506,0.164150,0.407788,0.334629,0.426672,0.588558,0.317013,#
1,0.354576,1.000000,0.237762,0.475128,0.411935,0.512487,0.213327,0.288067,0.306027,0.362825,0.326872,0.450096,0.364039,0.332201,0.516232,0.388091,0.209562,0.196738,0.306804,0.397639,0.433621,0.618120,0.563871,0.539857,0.335116,0.188382,0.476585,0.370865,0.249508,0.076688,0.448256,0.372958,0.386849,0.498790,0.431860,0.379055,0.241770,0.414228,0.394431,0.400965,0.377075,0.315458,0.280487,0.463258,0.209906,0.339951,0.558043,0.387511,0.394157,0.460712,0.384140,0.460163,0.551065,0.298821,0.487086,0.327672,0.233007,0.485876,0.522911,0.473880,0.160020,0.415835,0.143762,0.067440,0.334777,0.402581,0.461624,0.538840,0.445198,0.432185,0.260108,0.302928,0.517359,0.284793,0.283925,0.387740,0.352827,0.371549,0.457989,0.245129,0.339176,0.291246,0.587575,0.454897,0.450490,0.340012,0.224629,0.326947,0.463681,0.509693,0.359135,0.413305,0.395044,0.364127,0.222052,0.306529,0.402720,0.379958,0.255884,0.336718,0.315482,0.566377,0.186554,0.327532,0.234437,0.250753,0.248784,0.398852,0.295693,0.134718,0.447995,0.360291,0.328150,0.246410,0.426677,0.372189,0.469060,0.398184,0.326768,0.314722,0.451068,0.441818,0.465813,0.331419,0.122948,0.231511,0.378185,0.412834,0.441921,0.496266,0.263848,0.430010,0.260338,0.364865,0.500047,0.275646,0.310669,0.267713,0.397040,0.144554,0.297345,0.363246,0.369425,0.272661,0.330898,0.356997,0.352753,0.184375,0.421238,0.544787,0.398600,0.351582,0.406965,0.417585,0.223661,0.238348,0.290545,0.454251,0.314030,0.333073,0.273862,0.539287,0.414604,0.496259,0.448214,0.326472,0.324188,0.481454,0.220526,0.428936,0.280938,0.341213,0.351198,0.518075,0.256055,0.015964,0.403753,0.367732,0.429587,0.510054,0.176185,0.411153,0.323130,0.137681,0.267722,0.393429,0.353428,0.113067,0.261376,0.204581,0.415102,0.159336,0.276831,0.202319,0.476683,0.189518,0.322354,0.340198,0.410123,0.375858,#
2,0.506219,0.237762,1.000000,0.299273,0.131271,0.372133,0.193604,0.480000,0.299899,0.283525,0.344435,0.279815,0.318223,0.280558,0.540138,0.198361,0.351838,0.201255,0.250724,0.357580,0.189700,0.393269,0.321831,0.481084,0.228528,0.201222,0.371310,0.369201,0.529525,0.469674,0.280149,0.088233,0.276021,0.304362,0.300063,0.415684,0.482443,0.298408,0.483957,0.127581,0.382719,0.356795,0.363096,0.287866,0.196295,0.266392,0.545453,0.276568,0.254012,0.578349,0.215427,0.313576,0.403227,0.517102,0.523175,0.284925,0.260112,0.270913,0.251955,0.252206,0.345749,0.423546,0.400746,0.304519,0.354085,0.565983,0.429196,0.219504,0.384298,0.241315,0.340659,0.190530,0.525693,0.324219,0.443138,0.460402,0.422855,0.417532,0.235419,0.396242,0.375929,0.263405,0.400762,0.406457,0.377344,0.519610,0.270052,0.254576,0.346449,0.311311,0.273587,0.629328,0.441555,0.203494,0.482800,0.414236,0.311603,0.308097,0.555675,0.376232,0.275179,0.340770,0.206259,0.234644,0.148389,0.511365,0.344905,0.305369,0.442991,0.329602,0.396446,0.236008,0.544415,0.230217,0.374666,0.273216,0.244080,0.208901,0.566424,0.213904,0.257296,0.373453,0.323865,0.202333,0.426994,0.147837,0.398908,0.162373,0.275795,0.343571,0.434238,0.525587,0.431261,0.373682,0.241840,0.340683,0.183032,0.316621,0.314081,0.043347,0.385142,0.384146,0.019283,0.229436,0.323585,0.412436,0.273121,0.299756,0.257560,0.399044,0.385739,0.190099,0.253677,0.457581,0.018507,0.396842,0.294397,0.232691,0.259194,0.268080,0.213116,0.217098,0.227231,0.406543,0.206792,0.349501,0.648496,0.401221,0.256172,0.283397,0.260190,0.330335,0.246312,0.279703,0.390091,0.086385,0.134592,0.331133,0.349461,0.293548,0.075951,0.426770,0.283761,0.395501,0.061487,0.210979,0.228384,0.283175,0.394576,0.280849,0.369389,0.393732,0.479506,0.116186,0.131689,0.464474,0.321272,0.453338,0.298584,0.277302,#
3,0.405692,0.475128,0.299273,1.000000,0.335106,0.432939,0.282956,0.329424,0.339099,0.389260,0.333049,0.413217,0.502165,0.177501,0.506267,0.492109,0.357940,0.216391,0.403843,0.317703,0.337528,0.596591,0.321964,0.370720,0.408654,0.425913,0.357271,0.332111,0.403597,0.194006,0.440568,0.457721,0.431721,0.527466,0.462026,0.343454,0.337257,0.383348,0.203400,0.286821,0.389202,0.356404,0.338883,0.321626,0.284796,0.511478,0.479915,0.447580,0.566503,0.488459,0.290660,0.192113,0.455899,0.382832,0.407006,0.376759,0.064780,0.317568,0.608221,0.371916,0.281167,0.415742,0.166649,0.281619,0.419032,0.500083,0.262041,0.456097,0.344648,0.470771,0.373702,0.501414,0.445958,0.413074,0.383934,0.306978,0.324501,0.392052,0.418523,0.459299,0.355758,0.072173,0.396723,0.499072,0.452231,0.413325,0.221918,0.279063,0.343106,0.479064,0.224216,0.409391,0.555302,0.463597,0.453189,0.456726,0.304020,0.216892,0.259485,0.260975,0.256749,0.270631,0.109449,0.241734,0.301486,0.418373,0.421632,0.494308,0.284249,0.293538,0.436645,0.314402,0.364889,0.350054,0.470533,0.372841,0.325388,0.214336,0.427388,0.220240,0.183891,0.356348,0.347795,0.264442,0.278884,0.236850,0.511362,0.219966,0.340948,0.404048,0.059086,0.444362,0.155576,0.510136,0.571649,0.397008,0.496008,0.278223,0.287470,0.183855,0.357667,0.302266,0.242449,0.331029,0.292414,0.403603,0.223733,0.279796,0.292702,0.370341,0.304693,0.170079,0.353821,0.436465,0.275454,0.308728,0.353481,0.298755,0.250325,0.397858,0.354097,0.460081,0.309984,0.552662,0.326030,0.337499,0.292012,0.385469,0.365178,0.359510,0.321562,0.366438,0.297257,0.478207,0.216706,0.384465,0.211167,0.307353,0.425560,0.392419,0.100657,0.554967,0.312432,0.276683,0.083295,0.267540,0.277681,0.165045,0.507431,0.360697,0.254883,0.282613,0.277402,0.271626,0.224445,0.332104,0.332124,0.230720,0.388085,0.478909,#
4,0.153352,0.411935,0.131271,0.335106,1.000000,0.463781,0.298352,0.100797,0.008309,0.299715,0.327476,0.277878,0.142095,0.329521,0.343503,0.328642,0.236287,0.217070,0.276885,0.423964,0.237114,0.381395,0.168553,0.355396,0.138454,0.143574,0.270682,0.335076,0.144294,0.150561,0.507309,0.129072,0.474407,0.223857,0.229357,0.184028,0.142178,0.201001,0.237350,0.409792,0.249563,0.403318,0.216558,0.364643,0.273240,0.351906,0.378376,0.232476,0.331699,0.438523,0.055948,0.175938,0.319667,0.078600,0.334143,0.291356,0.049444,0.165901,0.476603,0.495214,0.119649,0.375110,0.154251,0.213581,0.314864,0.204289,0.299590,0.279104,0.264304,0.305468,0.431544,0.611534,0.306589,0.205091,0.151183,0.279719,0.271433,0.384477,0.395997,0.139710,0.166192,0.056107,0.448804,0.186771,0.454009,0.099038,0.166172,0.195942,0.381797,0.558836,0.150770,0.119799,0.223085,0.369082,0.205655,0.195823,0.215715,0.128032,0.089808,0.179029,0.423689,0.348495,0.215438,0.209126,0.353604,0.236953,0.259598,0.251617,0.194798,0.253240,0.239805,0.292635,0.498589,0.475933,0.224962,0.233705,0.293507,0.394100,0.188019,0.049129,0.213499,0.450444,0.457471,0.339449,0.199521,0.225200,0.202990,0.064687,0.535151,0.307880,0.426582,0.368255,0.110893,0.330056,0.409842,0.369217,0.205370,0.360205,0.239781,0.048375,0.171379,0.345158,0.157647,0.270050,0.175021,0.271339,0.300973,-0.016929,0.221825,0.394195,0.335014,0.476391,0.318100,0.200582,0.347595,0.200850,0.320921,0.204715,0.305005,0.152613,0.124718,0.380519,0.377291,0.468691,0.274830,0.151431,0.230188,0.352734,0.219174,0.265886,0.106419,0.250378,0.218750,0.321985,0.420663,0.284394,-0.031194,0.219946,0.212028,0.288836,0.341372,0.380566,0.431364,0.195714,0.289141,0.277555,0.033194,0.428753,0.185235,-0.029097,0.323519,0.094128,0.137261,0.307663,0.370267,0.140151,0.378056,0.172475,0.293922,0.290534,#
5,0.495726,0.512487,0.372133,0.432939,0.463781,1.000000,0.281494,0.432795,0.327495,0.445753,0.253196,0.369945,0.414820,0.341240,0.424409,0.326421,0.283927,0.274833,0.428613,0.360807,0.361868,0.423124,0.335138,0.404045,0.394735,0.361831,0.413060,0.660732,0.245494,0.322723,0.321851,0.312799,0.389184,0.511291,0.320403,0.450956,0.361276,0.257630,0.381965,0.428591,0.356092,0.305562,0.310479,0.483025,0.325764,0.258655,0.426704,0.530786,0.358840,0.502680,0.395098,0.165961,0.546220,0.442315,0.414541,0.531170,0.258416,0.312171,0.583947,0.584328,0.102996,0.363333,0.235974,0.341984,0.202420,0.388633,0.366031,0.384564,0.395787,0.537195,0.484765,0.422563,0.575437,0.400697,0.276800,0.293722,0.395939,0.510908,0.402016,0.217706,0.396685,0.366396,0.484431,0.458760,0.419002,0.452574,0.252039,0.299094,0.439241,0.546015,0.328299,0.335528,0.403469,0.369228,0.316416,0.238741,0.376870,0.401626,0.478521,0.229806,0.540632,0.461973,0.369940,0.356582,0.324342,0.338030,0.334579,0.511100,0.323117,0.385852,0.399194,0.439405,0.384929,0.210069,0.339429,0.269688,0.458011,0.449359,0.395140,0.243920,0.211381,0.528946,0.515483,0.503424,0.258411,0.338005,0.458688,0.104143,0.460514,0.342043,0.402370,0.576299,0.428518,0.529304,0.354098,0.218433,0.291208,0.439910,0.273170,0.169611,0.263800,0.389218,0.360300,0.441378,0.588682,0.234146,0.244205,0.352232,0.362642,0.650815,0.427036,0.418582,0.376293,0.422385,0.088778,0.353795,0.271414,0.422989,0.465402,0.412112,0.384513,0.574706,0.432367,0.486360,0.372636,0.356539,0.378821,0.515778,0.263146,0.305688,0.606778,0.423744,0.398048,0.321470,0.213062,0.288741,0.310121,0.487013,0.527557,0.501818,0.364580,0.518689,0.250733,0.317581,0.223376,0.241863,0.172848,0.414300,0.605604,0.375735,0.330208,0.491324,0.341445,0.338630,0.336499,0.233362,0.326327,0.450667,0.477981,0.468660,#
6,0.321254,0.213327,0.193604,0.282956,0.298352,0.281494,1.000000,0.279883,0.361236,0.480869,0.387137,0.439545,0.380971,0.451875,0.269769,0.527494,0.351963,0.388637,0.382530,0.220037,0.355609,0.324476,0.276781,0.232310,0.438649,0.486531,0.301534,0.366155,0.308237,0.364320,0.402416,0.382262,0.611819,0.483376,0.184439,0.362569,0.525737,0.312044,0.362246,0.250553,0.461841,0.372922,0.454807,0.476258,0.359729,0.169254,0.474450,0.511022,0.562461,0.607077,0.353975,0.313969,0.437806,0.050048,0.467884,0.262598,0.396706,0.472950,0.499452,0.263826,0.525000,0.368392,0.331583,0.235254,0.472914,0.368709,0.407397,0.493495,0.387338,0.180631,0.463032,0.592120,0.382790,0.301143,0.257653,0.386536,0.422996,0.576906,0.495650,0.221530,0.503190,0.279138,0.274655,0.585351,0.403895,0.255916,0.310959,0.426813,0.355284,0.513971,0.343164,0.343226,0.335763,0.444912,0.304804,0.271595,0.395705,0.414686,0.292069,0.255371,0.357950,0.397611,0.334363,0.383388,0.437864,0.270358,0.347934,0.357388,0.413663,0.129377,0.252699,0.383152,0.363470,0.185041,0.202128,0.326991,0.160799,0.253791,0.229637,0.321024,0.182793,0.429758,0.342308,0.422760,0.333899,0.247590,0.181691,0.266868,0.418067,0.254960,0.433158,0.373973,0.106179,0.155526,0.362656,0.359729,0.351965,0.402667,0.398486,0.326011,0.320719,0.383026,0.148780,0.375418,0.330991,0.409334,0.488381,0.330353,0.335902,0.383117,0.299948,0.350723,0.157691,0.180641,0.141593,0.156864,0.411141,0.046667,0.252108,0.499020,0.382573,0.389445,0.145792,0.411594,0.332630,0.282040,0.508467,0.137641,0.336579,0.350661,0.373560,0.390127,0.161994,0.270765,0.378816,0.486619,0.250911,0.315584,0.300103,0.406949,0.263397,0.379952,0.423494,0.321641,0.260534,0.301327,0.312335,0.240300,0.320852,0.356526,0.372964,0.343652,0.228828,0.190252,0.418187,0.579419,0.525696,0.374392,0.330273,0.390987,#
7,0.444917,0.288067,0.480000,0.329424,0.100797,0.432795,0.279883,1.000000,0.502615,0.324665,0.416846,0.235904,0.438271,0.277076,0.473741,0.273094,0.176524,0.308476,0.240766,0.330667,0.370212,0.260199,0.430740,0.320871,0.274667,0.462167,0.333703,0.391363,0.378386,0.507951,0.247552,0.272356,0.165532,0.396480,0.366312,0.524155,0.388964,0.252017,0.340038,0.316243,0.276791,0.430054,0.323437,0.311485,0.251987,0.206630,0.400847,0.425917,0.476217,0.417489,0.393191,0.282812,0.517569,0.579962,0.397898,0.295674,0.299271,0.239058,0.411831,0.444809,0.106570,0.394533,0.347075,0.432583,0.373654,0.508198,0.517404,0.342196,0.450945,0.175400,0.460219,0.351852,0.423597,0.380685,0.326112,0.348734,0.411858,0.450097,0.226675,0.216980,0.412176,0.170807,0.459702,0.322315,0.372978,0.406129,0.416946,0.265844,0.292305,0.339226,0.313543,0.507610,0.372519,0.182318,0.370301,0.285810,0.374250,0.419044,0.468703,0.221585,0.222256,0.305273,0.243583,0.217800,0.255346,0.195272,0.261574,0.413486,0.363609,0.317098,0.523082,0.360460,0.449756,0.270425,0.198999,0.386765,0.188083,0.243531,0.361201,0.320172,0.288748,0.274032,0.331589,0.361901,0.508545,0.327467,0.277717,0.180353,0.200307,0.306566,0.198836,0.478246,0.394019,0.295852,0.353536,0.372628,0.261929,0.525568,0.209218,0.234504,0.264284,0.334648,0.304334,0.445756,0.442381,0.337081,0.377178,0.147563,0.404467,0.474903,0.194125,0.149993,0.431596,0.291863,0.003241,0.434557,0.404157,0.330839,0.420657,0.463777,0.355917,0.356832,0.375719,0.352121,0.296194,0.242179,0.487242,0.429075,0.262794,0.284050,0.450210,0.278751,0.199051,0.333185,0.318569,-0.016765,0.239344,0.267393,0.393110,0.435148,0.106369,0.527806,0.345330,0.394454,0.052228,0.266149,0.365075,0.121543,0.429681,0.450996,0.450383,0.321740,0.257738,0.314794,0.354674,0.431623,0.351422,0.465578,0.495421,0.375905,#
8,0.410476,0.306027,0.299899,0.339099,0.008309,0.327495,0.361236,0.502615,1.000000,0.404202,0.319114,0.346008,0.471761,0.418509,0.365918,0.465776,0.174734,0.464862,0.204218,0.425377,0.394586,0.400999,0.375980,0.370304,0.573130,0.339032,0.374903,0.222239,0.407807,0.360146,0.329999,0.338089,0.325482,0.341386,0.304816,0.508635,0.391990,0.426676,0.259223,0.291411,0.297792,0.239158,0.596871,0.271415,0.258743,0.269690,0.447543,0.481533,0.455340,0.437683,0.494481,0.319888,0.287697,0.495091,0.381578,0.323268,0.390879,0.246238,0.362429,0.303232,0.309471,0.393750,0.513915,0.356543,0.504322,0.505945,0.448474,0.545508,0.536903,0.153102,0.397868,0.403730,0.422976,0.319528,0.362150,0.312345,0.456577,0.401707,0.355361,0.205011,0.507065,0.214587,0.316561,0.416655,0.499017,0.374434,0.324242,0.491678,0.390928,0.361329,0.373906,0.460895,0.375533,0.304026,0.289831,0.396246,0.416173,0.436627,0.520064,0.503831,0.406978,0.228531,0.328547,0.413868,0.214149,0.302013,0.272785,0.343032,0.185548,0.399609,0.287713,0.357129,0.401760,0.229704,0.233682,0.419202,0.185986,0.219887,0.448614,0.449341,0.247472,0.418440,0.309307,0.347471,0.240904,0.338635,0.224886,0.195762,0.324707,0.403935,0.144428,0.493277,0.386369,0.218254,0.389591,0.390964,0.340991,0.292163,0.406937,0.259867,0.313918,0.337745,0.377261,0.196393,0.399549,0.254969,0.208102,0.370380,0.377107,0.457661,0.260095,0.318154,0.258594,0.446777,0.088985,0.313140,0.392228,0.436820,0.481223,0.402514,0.301296,0.274637,0.456217,0.433831,0.290631,0.364540,0.375424,0.424930,0.341367,0.158033,0.442481,0.423301,0.187687,0.400945,0.293626,0.186559,0.380277,0.296241,0.326243,0.374094,0.185514,0.495758,0.412128,0.251645,0.233921,0.182484,0.535550,0.274081,0.396180,0.491781,0.486696,0.518113,0.469732,0.284893,0.270973,0.273899,0.222425,0.385612,0.436094,0.528497,#
9,0.408564,0.362825,0.283525,0.389260,0.299715,0.445753,0.480869,0.324665,0.404202,1.000000,0.329260,0.457822,0.599860,0.472007,0.574852,0.653001,0.445009,0.339793,0.403719,0.261200,0.436194,0.330083,0.320698,0.457403,0.407482,0.298608,0.271735,0.477219,0.380134,0.394849,0.389624,0.449109,0.489782,0.424490,0.340196,0.394667,0.482119,0.496720,0.355711,0.349324,0.420193,0.377133,0.410532,0.391105,0.506761,0.309834,0.408555,0.412243,0.525792,0.546775,0.432283,0.254214,0.346564,0.385652,0.483786,0.406902,0.413761,0.558475,0.429958,0.443449,0.422851,0.500950,0.369459,0.208510,0.262241,0.522198,0.375519,0.527026,0.509300,0.317492,0.438596,0.388604,0.462427,0.384473,0.305508,0.416771,0.667857,0.493894,0.468594,0.489972,0.482840,0.346263,0.386541,0.639249,0.448550,0.441631,0.261488,0.597955,0.439329,0.417577,0.313488,0.455328,0.474628,0.359178,0.412041,0.379242,0.436194,0.359445,0.430190,0.387409,0.574796,0.500294,0.568653,0.478247,0.371998,0.340453,0.364144,0.585847,0.510288,0.456467,0.532502,0.406667,0.388638,0.394632,0.407291,0.566522,0.164062,0.280947,0.361034,0.510840,0.226510,0.589052,0.420130,0.404733,0.469264,0.528002,0.389564,0.203884,0.551027,0.421735,0.335849,0.423343,0.282417,0.258235,0.395272,0.302309,0.487168,0.379090,0.340770,0.191151,0.422063,0.415156,0.391342,0.551148,0.409483,0.596626,0.383590,0.320951,0.475546,0.525448,0.362250,0.298787,0.310757,0.452036,0.405630,0.342580,0.309479,0.340209,0.468091,0.404185,0.469718,0.613938,0.425738,0.454179,0.406426,0.618398,0.387766,0.450710,0.493653,0.412943,0.478699,0.384603,0.298428,0.284640,0.417717,0.480395,0.512709,0.493290,0.239537,0.461117,0.463360,0.553038,0.556244,0.191921,0.334407,0.237578,0.383483,0.382471,0.474759,0.283231,0.432854,0.415353,0.320532,0.210795,0.210204,0.315417,0.572644,0.439562,0.461519,0.432878,#
10,0.337661,0.326872,0.344435,0.333049,0.327476,0.253196,0.387137,0.416846,0.319114,0.329260,1.000000,0.397926,0.395845,0.280021,0.353718,0.353581,0.433526,0.266252,0.324763,0.315280,0.341064,0.343441,0.431283,0.548523,0.259414,0.349078,0.382352,0.418306,0.411547,0.442600,0.347862,0.265047,0.463546,0.388441,0.434539,0.393510,0.465033,0.388403,0.356698,0.406910,0.460848,0.266560,0.438822,0.167343,0.354665,0.343697,0.551161,0.387643,0.405100,0.608342,0.395933,0.517671,0.316185,0.190104,0.548958,0.496562,0.283450,0.493393,0.317822,0.469274,0.356796,0.440088,0.440620,0.324855,0.397766,0.319202,0.578005,0.377330,0.569589,0.266768,0.652649,0.408016,0.574819,0.192324,0.394489,0.512959,0.425834,0.468829,0.359530,0.268289,0.500013,0.218628,0.284655,0.336684,0.447392,0.314302,0.231894,0.153471,0.351500,0.642404,0.219618,0.480432,0.546479,0.146287,0.215408,0.406413,0.277777,0.547774,0.284351,0.290086,0.257683,0.343742,0.271006,0.330606,0.390647,0.334620,0.484228,0.219687,0.257423,0.265065,0.318552,0.405520,0.561322,0.394870,0.324493,0.473257,0.262102,0.347032,0.347578,0.299702,0.157855,0.299708,0.358177,0.386488,0.279079,0.261600,0.260270,0.305109,0.454858,0.448631,0.309450,0.387376,0.196033,0.288225,0.461545,0.606671,0.322232,0.313594,0.448721,0.438215,0.399978,0.462565,0.211303,0.297251,0.258756,0.436467,0.502309,0.305281,0.318443,0.477700,0.144668,0.253084,0.268545,0.429977,0.308635,0.243764,0.428557,0.411394,0.265597,0.267181,0.389829,0.254302,0.294458,0.441025,0.429773,0.337921,0.348220,0.254414,0.453507,0.535501,0.251472,0.437913,0.146255,0.262462,0.476736,0.266428,0.164305,0.224860,0.263463,0.339359,0.165424,0.439638,0.405638,0.310185,0.004574,0.391327,0.446928,0.297817,0.182259,0.279146,0.400380,0.279948,0.402383,0.349661,0.365576,0.414198,0.523876,0.345324,0.391069,0.417862,#
11,0.585786,0.450096,0.279815,0.413217,0.277878,0.369945,0.439545,0.235904,0.346008,0.457822,0.397926,1.000000,0.556177,0.446534,0.539196,0.413040,0.412435,0.534137,0.598556,0.435524,0.311586,0.358101,0.494660,0.487652,0.435095,0.383081,0.389627,0.317088,0.403146,0.287863,0.388639,0.453199,0.538553,0.402830,0.342002,0.548544,0.505957,0.538772,0.376233,0.400158,0.506670,0.236706,0.456438,0.311004,0.381853,0.224552,0.565083,0.634379,0.499684,0.592111,0.261409,0.287470,0.559187,0.207121,0.482686,0.371523,0.259244,0.558226,0.397230,0.436600,0.254860,0.324991,0.421774,0.341674,0.386400,0.495580,0.458225,0.536146,0.573085,0.363747,0.528883,0.360094,0.484056,0.413440,0.563965,0.408529,0.588719,0.524174,0.283956,0.275621,0.344349,0.293441,0.560375,0.465562,0.655320,0.400721,0.247058,0.363061,0.249829,0.414143,0.489849,0.386001,0.473173,0.349931,0.245313,0.389519,0.315974,0.483741,0.302170,0.518539,0.336863,0.488127,0.440447,0.355508,0.456434,0.230378,0.395075,0.450769,0.419140,0.303859,0.407711,0.538718,0.465077,0.211693,0.341325,0.441516,0.346482,0.219816,0.430631,0.429011,0.158360,0.501404,0.415893,0.501726,0.341964,0.396009,0.518146,0.371576,0.442253,0.499868,0.368209,0.402091,0.347402,0.320826,0.472751,0.321735,0.410819,0.477390,0.457986,0.350127,0.325923,0.408338,0.367190,0.502370,0.449094,0.459645,0.389940,0.411272,0.433536,0.488341,0.364639,0.237104,0.411104,0.628382,0.372470,0.287774,0.509185,0.310429,0.298648,0.398706,0.581792,0.554381,0.507646,0.476677,0.466422,0.474486,0.565909,0.418662,0.448508,0.539051,0.488397,0.324699,0.513651,0.541652,0.512247,0.300760,0.511052,0.360097,0.355058,0.462920,0.365884,0.437936,0.569210,0.294662,0.244110,0.285183,0.481938,0.415806,0.276057,0.295672,0.479196,0.486992,0.324211,0.398925,0.339037,0.390231,0.444977,0.342880,0.429786,0.362867,#
12,0.452021,0.364039,0.318223,0.502165,0.142095,0.414820,0.380971,0.438271,0.471761,0.599860,0.395845,0.556177,1.000000,0.476707,0.542504,0.461097,0.339781,0.474945,0.490263,0.358811,0.443886,0.305850,0.511705,0.563145,0.474966,0.531173,0.410334,0.495419,0.332126,0.371202,0.343434,0.484052,0.397687,0.562574,0.430851,0.481611,0.542307,0.603398,0.422442,0.436670,0.396903,0.320485,0.481742,0.364406,0.570379,0.389682,0.569053,0.430120,0.491720,0.546016,0.579431,0.239704,0.421041,0.403514,0.551694,0.578224,0.405588,0.442452,0.411162,0.526488,0.382013,0.530292,0.520985,0.379037,0.484546,0.607273,0.466952,0.511647,0.687727,0.508303,0.612997,0.405337,0.543681,0.472031,0.446152,0.459888,0.564179,0.534142,0.441384,0.512121,0.532331,0.306796,0.480860,0.596416,0.468594,0.443405,0.219568,0.527582,0.318616,0.386102,0.538293,0.540932,0.541770,0.335288,0.423795,0.550752,0.540814,0.427444,0.387002,0.442164,0.314420,0.522062,0.406681,0.492968,0.234500,0.316641,0.333882,0.390694,0.529379,0.397390,0.451352,0.528485,0.517239,0.191640,0.530565,0.610213,0.256715,0.285253,0.472389,0.590981,0.191388,0.501196,0.363681,0.524186,0.454414,0.526762,0.550865,0.286979,0.402623,0.425441,0.266175,0.408469,0.289305,0.409016,0.397736,0.422612,0.392199,0.433061,0.291699,0.322515,0.487418,0.377766,0.390862,0.539431,0.295667,0.500024,0.412312,0.260788,0.497162,0.577762,0.467388,0.199862,0.559432,0.494941,0.262638,0.509749,0.506814,0.577377,0.544913,0.462829,0.401403,0.567523,0.488834,0.499776,0.585861,0.311660,0.355173,0.616100,0.372616,0.488383,0.493922,0.419575,0.359441,0.436040,0.346318,0.280275,0.536167,0.490566,0.341825,0.434087,0.379217,0.585952,0.532331,0.242466,0.195270,0.241719,0.353118,0.420724,0.471631,0.392175,0.379309,0.479764,0.335630,0.260596,0.317466,0.527201,0.495281,0.502588,0.590468,0.374993,#
13,0.299702,0.332201,0.280558,0.177501,0.329521,0.341240,0.451875,0.277076,0.418509,0.472007,0.280021,0.446534,0.476707,1.000000,0.449653,0.288342,0.170063,0.523720,0.343819,0.334132,0.247443,0.318090,0.396800,0.313602,0.391326,0.294534,0.340503,0.361281,0.293647,0.444481,0.232349,0.251009,0.495244,0.390513,0.090176,0.417417,0.339723,0.403399,0.302502,0.416531,0.487074,0.369477,0.529689,0.236585,0.360363,0.407762,0.450151,0.318225,0.448609,0.595968,0.437744,0.306228,0.369901,0.253820,0.446357,0.501994,0.386256,0.481139,0.412424,0.437292,0.255807,0.474992,0.271251,0.378861,0.528338,0.555864,0.451754,0.622150,0.509109,0.393257,0.375143,0.403207,0.501082,0.279896,0.412806,0.403333,0.541478,0.619995,0.612494,0.348500,0.375373,0.416912,0.366336,0.542859,0.433528,0.513051,0.160338,0.411634,0.387725,0.379540,0.198926,0.494695,0.397873,0.185220,0.444214,0.443410,0.416997,0.422126,0.433815,0.348581,0.408685,0.422770,0.467874,0.416613,0.359084,0.406100,0.425486,0.297327,0.379835,0.329289,0.351250,0.416131,0.415346,0.402621,0.394299,0.429497,0.156606,0.336209,0.568123,0.384392,0.325601,0.412719,0.496250,0.219342,0.230437,0.475289,0.420177,0.211976,0.497994,0.444824,0.363495,0.296751,0.295215,0.432129,0.404054,0.308969,0.394837,0.409467,0.427344,0.209048,0.450737,0.525754,0.421017,0.390624,0.192546,0.381443,0.423856,0.229204,0.501650,0.450061,0.423348,0.405439,0.300096,0.295443,0.334862,0.290338,0.428590,0.289129,0.524922,0.343537,0.261608,0.441758,0.357153,0.538284,0.412879,0.383248,0.520357,0.428952,0.364686,0.449630,0.391503,0.457789,0.460842,0.395746,0.475032,0.408630,0.436958,0.431725,0.309273,0.467484,0.333227,0.497059,0.568637,0.238132,0.425212,0.278795,0.444692,0.382315,0.312845,0.350722,0.475030,0.349551,0.483954,0.375376,0.345676,0.358470,0.383680,0.392884,0.387667,0.280737,#
14,0.678409,0.516232,0.540138,0.506267,0.343503,0.424409,0.269769,0.473741,0.365918,0.574852,0.353718,0.539196,0.542504,0.449653,1.000000,0.429442,0.315478,0.364834,0.356057,0.415583,0.379108,0.428145,0.552284,0.604662,0.456871,0.358140,0.461422,0.413827,0.400347,0.397887,0.518544,0.215530,0.337152,0.340439,0.616751,0.474323,0.321748,0.514712,0.486004,0.361990,0.537063,0.358520,0.421484,0.401233,0.456963,0.392102,0.561815,0.439126,0.413123,0.550972,0.370155,0.402299,0.508750,0.572942,0.584976,0.360521,0.265895,0.441695,0.416649,0.445146,0.385271,0.582688,0.431340,0.385055,0.444677,0.548849,0.508116,0.501372,0.528314,0.323252,0.364709,0.303817,0.550020,0.631334,0.426311,0.351064,0.466205,0.555116,0.529107,0.472619,0.412328,0.207885,0.490127,0.485718,0.542870,0.523733,0.226093,0.337835,0.425210,0.320805,0.371426,0.568662,0.512544,0.513742,0.602944,0.449948,0.287543,0.437728,0.359585,0.384134,0.515296,0.501945,0.392983,0.284389,0.339975,0.353736,0.282202,0.391720,0.537447,0.421528,0.503683,0.498024,0.474932,0.326626,0.327734,0.472625,0.283319,0.089670,0.535476,0.353471,0.343082,0.595852,0.502411,0.347467,0.385181,0.425537,0.483971,0.319031,0.336634,0.381086,0.325166,0.579869,0.314338,0.288595,0.468518,0.430687,0.504018,0.515830,0.391578,0.215368,0.424082,0.481092,0.257029,0.485661,0.386798,0.582676,0.437948,0.185670,0.448947,0.532480,0.477779,0.260261,0.458266,0.598645,0.312291,0.440867,0.383181,0.393745,0.338030,0.380658,0.430121,0.553494,0.471772,0.508327,0.453795,0.501480,0.485395,0.456706,0.401336,0.501740,0.370324,0.306450,0.421393,0.468846,0.628187,0.265737,0.464479,0.350360,0.463765,0.526917,0.287223,0.573276,0.411444,0.294333,0.404888,0.308526,0.365554,0.302862,0.473924,0.255337,0.506711,0.312925,0.317460,0.384200,0.284851,0.321171,0.413756,0.398986,0.455346,0.261550,#
15,0.319999,0.388091,0.198361,0.492109,0.328642,0.326421,0.527494,0.273094,0.465776,0.653001,0.353581,0.413040,0.461097,0.288342,0.429442,1.000000,0.288187,0.330270,0.430252,0.270646,0.288780,0.485598,0.358527,0.351187,0.440956,0.230938,0.258188,0.277391,0.327205,0.305326,0.505090,0.446970,0.576422,0.567374,0.212170,0.489911,0.407911,0.492080,0.261002,0.223085,0.284713,0.216456,0.400968,0.387009,0.422842,0.306937,0.456745,0.348283,0.588467,0.512162,0.359185,0.355891,0.237395,0.208842,0.404211,0.296409,0.299165,0.380946,0.337615,0.317861,0.330101,0.499865,0.277734,0.375542,0.411864,0.447568,0.384882,0.555555,0.409039,0.264528,0.443052,0.419743,0.329361,0.301400,0.395378,0.336258,0.483580,0.450518,0.439280,0.290016,0.360248,0.167123,0.384237,0.448372,0.496037,0.366635,0.216525,0.412571,0.337709,0.342536,0.268299,0.394473,0.461397,0.432483,0.275352,0.300118,0.370491,0.460376,0.363081,0.425645,0.366051,0.426553,0.381364,0.423641,0.381551,0.164467,0.200514,0.441175,0.271768,0.442356,0.314938,0.260825,0.424919,0.344388,0.290122,0.275094,0.179500,0.223488,0.339031,0.503506,0.131381,0.472191,0.389307,0.441407,0.414553,0.359172,0.316342,0.230607,0.490751,0.335062,0.380184,0.412729,0.169860,0.134290,0.411493,0.373566,0.469698,0.371864,0.175436,0.217009,0.383188,0.380069,0.204698,0.376151,0.437826,0.554982,0.275223,0.396392,0.387655,0.431894,0.434516,0.328240,0.326709,0.391813,0.272115,0.253629,0.445784,0.292476,0.394235,0.410532,0.328383,0.438957,0.399587,0.496656,0.272598,0.292688,0.371105,0.237176,0.444866,0.315235,0.272563,0.337263,0.140520,0.450813,0.331635,0.473700,0.378892,0.252515,0.360010,0.456988,0.280585,0.481558,0.392377,0.429408,0.256782,0.116527,0.285053,0.229560,0.255007,0.326136,0.275455,0.399474,0.355909,0.238578,0.267646,0.344951,0.449520,0.276977,0.405014,0.529175,#
16,0.380008,0.209562,0.351838,0.357940,0.236287,0.283927,0.351963,0.176524,0.174734,0.445009,0.433526,0.412435,0.339781,0.170063,0.315478,0.288187,1.000000,0.250143,0.426214,0.257913,0.565139,0.222520,0.140407,0.451800,0.364356,0.333867,0.252642,0.273658,0.242708,0.279730,0.216626,0.265196,0.315251,0.200124,0.174603,0.290823,0.567369,0.364119,0.163952,0.334821,0.300486,0.202243,0.298367,0.334862,0.217890,0.332643,0.359709,0.303462,0.338913,0.490316,0.086500,0.254084,0.358033,0.193230,0.312756,0.397234,-0.054303,0.234217,0.238703,0.165437,0.450725,0.342391,0.301812,0.087603,0.140054,0.249141,0.406314,0.357807,0.362569,0.297081,0.440042,0.342705,0.270288,0.150999,0.191748,0.212921,0.273396,0.382619,0.178735,0.265546,0.470993,0.225667,0.337777,0.334691,0.428221,0.335600,0.217131,0.102747,0.263805,0.461785,0.116775,0.296654,0.412872,0.225891,0.308524,0.336984,0.260597,0.297330,0.410499,0.266038,0.282016,0.349536,0.137620,0.316154,0.190158,0.317574,0.305839,0.326773,0.474552,0.263282,0.340966,0.334932,0.341167,0.235065,0.377826,0.494614,0.249131,0.317979,0.195467,-0.008213,0.060481,0.253309,0.394956,0.331302,0.305687,0.174708,0.194249,-0.094688,0.372803,0.289125,0.361336,0.245140,0.141209,0.197699,0.393395,0.483925,0.280520,0.260399,0.203120,0.165936,0.211610,0.320872,0.358513,0.286164,0.131038,0.366888,0.448943,0.400204,0.247815,0.299497,0.061761,0.239203,0.074509,0.389080,0.393677,0.216216,0.272231,0.172481,0.232047,0.206865,0.328254,0.298145,0.339426,0.248760,0.395038,0.309248,0.382108,0.215854,0.327237,0.315554,0.173151,0.297244,0.320130,0.324201,0.269294,0.405382,0.180268,0.495258,0.268156,0.435530,0.215765,0.282551,0.321201,0.240902,-0.078266,0.104696,0.362585,0.326200,0.343282,0.270127,0.360675,0.285297,0.375416,0.194282,0.247858,0.458981,0.465161,0.427952,0.315718,0.365726,#
17,0.481797,0.196738,0.201255,0.216391,0.217070,0.274833,0.388637,0.308476,0.464862,0.339793,0.266252,0.534137,0.474945,0.523720,0.364834,0.330270,0.250143,1.000000,0.442521,0.400979,0.249172,0.320032,0.414008,0.174210,0.454635,0.395154,0.294617,0.266383,0.302521,0.347182,0.177711,0.370937,0.412519,0.253486,0.072828,0.455256,0.343478,0.389515,0.204474,0.482089,0.276839,0.261605,0.395489,0.261026,0.303738,0.234532,0.401709,0.571248,0.308659,0.460473,0.286389,0.076905,0.424294,0.205404,0.372385,0.197191,0.198453,0.236026,0.193699,0.362594,0.158745,0.361732,0.386411,0.314409,0.399130,0.435043,0.524459,0.480930,0.272919,0.293066,0.411641,0.298135,0.318135,0.318773,0.476893,0.078207,0.544120,0.498817,0.363308,0.305103,0.386234,0.200391,0.502330,0.441556,0.443977,0.356601,0.135073,0.536042,0.214400,0.288401,0.253206,0.260944,0.442759,0.263275,0.415825,0.533232,0.356010,0.387638,0.424556,0.313394,0.345866,0.337121,0.296858,0.298566,0.165758,0.238982,0.087869,0.273522,0.173472,0.488901,0.376999,0.240621,0.509732,0.200259,0.404234,0.308453,0.109370,0.088056,0.444290,0.460105,0.340024,0.480824,0.488283,0.267032,0.101172,0.094834,0.252118,0.095613,0.426903,0.203390,0.262463,0.453555,0.359938,0.212414,0.473508,0.386044,0.398049,0.403755,0.251712,0.395078,0.379781,0.358117,0.350075,0.371108,0.459743,0.281982,0.272269,0.185955,0.506284,0.366161,0.259675,0.267391,0.323472,0.423573,0.142491,0.300190,0.475492,0.285565,0.419614,0.361379,0.392012,0.496038,0.380756,0.277682,0.391987,0.193993,0.385698,0.183104,0.367433,0.284012,0.340370,0.350201,0.398656,0.399359,0.515049,0.205696,0.235756,0.336891,0.247647,0.473530,0.312117,0.438449,0.425667,0.452298,0.186438,0.087833,0.319236,0.496419,0.140393,0.353197,0.568501,0.435364,0.361481,0.437322,0.273184,0.369115,0.355862,0.299703,0.454060,0.198669,#
18,0.465444,0.306804,0.250724,0.403843,0.276885,0.428613,0.382530,0.240766,0.204218,0.403719,0.324763,0.598556,0.490263,0.343819,0.356057,0.430252,0.426214,0.442521,1.000000,0.237168,0.239421,0.485308,0.405142,0.307181,0.254868,0.525334,0.408995,0.345705,0.290266,0.427376,0.159184,0.474407,0.509732,0.402625,0.287522,0.520750,0.501892,0.428371,0.327582,0.549900,0.366431,0.412939,0.476703,0.244667,0.365938,0.343556,0.362697,0.425252,0.465485,0.475004,0.269543,0.133265,0.423316,0.092529,0.375185,0.424065,0.287634,0.241752,0.346510,0.525812,0.323253,0.348964,0.341649,0.221122,0.356412,0.309039,0.330184,0.388436,0.384468,0.350305,0.409639,0.300111,0.385824,0.186776,0.545079,0.326727,0.494162,0.381563,0.281309,0.254162,0.365076,0.259378,0.367353,0.432575,0.591494,0.447725,0.147554,0.305755,0.433935,0.336238,0.375917,0.247720,0.514777,0.355500,0.277247,0.331910,0.389153,0.440458,0.366938,0.328132,0.267191,0.307895,0.280596,0.309218,0.190543,0.328103,0.309127,0.338597,0.412105,0.416383,0.565018,0.294583,0.472557,0.297972,0.292594,0.454062,0.238823,0.404136,0.410087,0.378816,0.170303,0.420987,0.401996,0.453628,0.489303,0.203710,0.528460,0.146045,0.489399,0.340328,0.311814,0.429859,0.302613,0.278966,0.381555,0.282895,0.519756,0.338887,0.223292,0.392660,0.335258,0.445188,0.299317,0.544209,0.353052,0.293385,0.326738,0.300330,0.482492,0.365764,0.308558,0.162403,0.409923,0.407323,0.316032,0.401877,0.388375,0.438477,0.287248,0.380660,0.477822,0.551026,0.596945,0.361111,0.264183,0.242656,0.611739,0.318447,0.314243,0.404910,0.221702,0.308655,0.406227,0.523389,0.328889,0.352940,0.365588,0.383447,0.465716,0.499569,0.289208,0.530152,0.482635,0.327969,0.205416,0.374299,0.430520,0.324075,0.285051,0.410392,0.379425,0.512282,0.217327,0.412046,0.288062,0.383188,0.388978,0.516867,0.362713,0.302175,#
19,0.341670,0.397639,0.357580,0.317703,0.423964,0.360807,0.220037,0.330667,0.425377,0.261200,0.315280,0.435524,0.358811,0.334132,0.415583,0.270646,0.257913,0.400979,0.237168,1.000000,0.341082,0.262977,0.299973,0.348507,0.389449,0.271466,0.214448,0.188035,0.302001,0.266271,0.327387,0.434345,0.466847,0.193636,0.225103,0.473383,0.175691,0.309824,0.221857,0.367310,0.354480,0.274244,0.457954,0.342354,0.144936,0.372562,0.584132,0.417515,0.260796,0.392426,0.198264,0.159801,0.420233,0.164107,0.385188,0.242002,0.305979,0.219059,0.206324,0.286500,0.126946,0.132934,0.467158,0.205611,0.306036,0.396134,0.404194,0.282093,0.408339,0.258177,0.343097,0.381657,0.424281,0.268047,0.263890,0.268544,0.247241,0.360257,0.264720,0.167924,0.463309,0.148320,0.483111,0.178580,0.360364,0.166085,0.150758,0.385103,0.365253,0.326891,0.265636,0.293941,0.297954,0.389619,0.294154,0.243705,0.300632,0.439108,0.298092,0.322285,0.286652,0.303628,0.115801,0.292827,0.284694,0.144865,0.334268,0.175273,0.213155,0.214551,0.335994,0.285601,0.378209,0.340595,0.346815,0.411187,0.284480,0.216791,0.366865,0.066259,0.391768,0.380038,0.256377,0.499238,0.332170,0.273841,0.179679,0.201078,0.509310,0.544655,0.307453,0.515721,0.333861,0.353788,0.397743,0.445452,0.279625,0.361581,0.223316,0.130604,0.283039,0.290995,0.303010,0.312510,0.120186,0.249877,0.146598,0.217212,0.342033,0.397836,0.113884,0.259724,0.358032,0.456995,0.372389,0.167858,0.322802,0.293611,0.334574,0.317947,0.146263,0.411395,0.321573,0.289647,0.263812,0.265834,0.332743,0.432010,0.308459,0.192388,0.239995,0.328191,0.286919,0.340233,0.387862,0.083291,0.371568,0.295339,0.236537,0.210468,0.081124,0.409879,0.449724,0.315647,0.103472,0.101170,0.180521,0.342652,0.332138,0.299264,0.439730,0.353940,0.268328,0.233368,0.404393,0.170495,0.338689,0.191706,0.246555,0.293951,#
20,0.430251,0.433621,0.189700,0.337528,0.237114,0.361868,0.355609,0.370212,0.394586,0.436194,0.341064,0.311586,0.443886,0.247443,0.379108,0.288780,0.565139,0.249172,0.239421,0.341082,1.000000,0.268050,0.252092,0.515045,0.356211,0.406840,0.272092,0.314808,0.101797,0.116736,0.404454,0.402128,0.241767,0.454991,0.376191,0.200261,0.489360,0.328363,0.410710,0.338699,0.406242,0.375902,0.351557,0.424250,0.272422,0.249997,0.397021,0.313199,0.296571,0.364101,0.358918,0.335728,0.339834,0.250824,0.335473,0.316072,0.037454,0.305597,0.219068,0.348830,0.400522,0.317358,0.342999,0.195549,0.270459,0.393265,0.417068,0.440753,0.388232,0.201431,0.341586,0.446784,0.221725,0.264076,0.135326,0.132015,0.200098,0.429078,0.456412,0.330688,0.455315,0.207795,0.248938,0.388667,0.325995,0.295686,0.276712,0.318423,0.303873,0.468535,0.341640,0.267360,0.363842,0.432847,0.277813,0.265260,0.190707,0.168925,0.374111,0.284083,0.404454,0.439871,0.151060,0.305007,0.373354,0.200020,0.362418,0.183595,0.485225,0.188563,0.342349,0.370437,0.231704,0.110267,0.457577,0.501574,0.304388,0.341061,0.212607,0.138065,0.243658,0.424238,0.409980,0.366442,0.262902,0.344822,-0.005122,0.057525,0.300153,0.352684,0.251062,0.266283,0.332609,0.266954,0.330924,0.375038,0.197672,0.469977,0.273411,0.281102,0.190896,0.173326,0.387301,0.361356,0.298025,0.246741,0.427224,0.352264,0.276457,0.530597,0.282050,0.235609,0.200064,0.315395,0.261611,0.249683,0.176541,0.365651,0.417435,0.165658,0.299612,0.341692,0.291160,0.343691,0.394709,0.231029,0.251979,0.402116,0.192230,0.210672,0.251147,0.327060,0.307389,0.405676,0.305335,0.091075,0.388670,0.421113,0.216601,0.470457,0.152711,0.353611,0.317058,0.129923,0.071883,0.301316,0.364470,0.281400,0.431453,0.290065,0.309886,0.237529,0.466687,0.241107,0.438888,0.326427,0.361525,0.405624,0.428857,0.379898,#
21,0.307469,0.618120,0.393269,0.596591,0.381395,0.423124,0.324476,0.260199,0.400999,0.330083,0.343441,0.358101,0.305850,0.318090,0.428145,0.485598,0.222520,0.320032,0.485308,0.262977,0.268050,1.000000,0.508382,0.410053,0.281221,0.315719,0.427975,0.304493,0.476227,0.213884,0.321059,0.164962,0.464569,0.542165,0.364387,0.499094,0.374379,0.329602,0.385912,0.304544,0.312002,0.411379,0.371700,0.363452,0.358034,0.441640,0.432871,0.371136,0.440231,0.545855,0.334915,0.274160,0.439721,0.324221,0.541171,0.285074,0.283993,0.274393,0.537435,0.403974,0.242656,0.484406,0.098833,0.204015,0.439787,0.413216,0.382913,0.408795,0.366005,0.436356,0.354571,0.434689,0.529520,0.413378,0.497247,0.418323,0.497984,0.431646,0.490142,0.352718,0.369421,0.117362,0.534580,0.527693,0.513829,0.427030,0.181873,0.444955,0.560059,0.519632,0.220918,0.359193,0.516204,0.378312,0.369984,0.464780,0.435069,0.390906,0.452403,0.451755,0.330176,0.380110,0.022357,0.459326,0.262967,0.493869,0.230315,0.477633,0.186693,0.364813,0.519280,0.222944,0.434262,0.357560,0.258714,0.247920,0.317007,0.494048,0.504251,0.402172,0.335723,0.354558,0.474560,0.230665,0.265453,0.086315,0.407023,0.309728,0.416226,0.421829,0.356527,0.519332,0.207523,0.292046,0.583061,0.303911,0.416090,0.233013,0.243672,0.193335,0.475553,0.494258,0.174651,0.308001,0.387545,0.368020,0.321528,0.189622,0.419244,0.462125,0.437107,0.395767,0.400163,0.416774,0.104683,0.336625,0.471250,0.377172,0.281755,0.344590,0.405574,0.493003,0.442379,0.540418,0.498116,0.275611,0.480685,0.333814,0.251493,0.194790,0.260508,0.477992,0.400230,0.458697,0.271209,0.271186,0.278244,0.315680,0.453779,0.452225,0.171373,0.535112,0.351084,0.341731,0.333634,0.359920,0.325412,0.218986,0.238081,0.312237,0.402492,0.276913,0.249915,0.350782,0.316875,0.322062,0.414394,0.301696,0.226500,0.475245,#
