0,1.000000,-0.057769,-0.162656,0.146981,0.151001,0.083679,-0.094593,-0.099145,0.072945,-0.055567,-0.115244,-0.145150,0.111121,-0.152797,0.230668,0.275541,0.170870,0.257040,0.209566,0.160153,0.027048,-0.071174,0.379535,0.297447,-0.064051,0.096809,0.153126,-0.121531,-0.016900,0.017706,0.040734,0.190756,0.141735,0.295210,0.240437,0.077301,0.032097,0.252165,0.147810,0.187960,-0.042125,0.159235,0.099103,0.151821,0.054929,-0.098434,0.028534,0.227215,0.014283,0.276342,0.021433,-0.052247,-0.044553,0.123685,0.221881,0.089060,0.339443,0.102764,0.113172,0.105554,0.052956,0.170870,0.246013,-0.003324,-0.055946,-0.083838,-0.016661,0.117685,-0.040472,0.205870,0.133230,-0.059716,-0.044228,0.201361,0.028487,-0.237146,0.300622,0.127565,0.095341,0.083493,-0.165201,0.019674,0.023117,0.168879,0.168617,0.047280,0.233474,0.104772,0.255398,0.296025,0.160205,0.021440,0.108494,0.030066,-0.013347,0.218650,-0.073157,-0.140705,-0.049073,0.090864,0.206479,0.170085,-0.200049,-0.025941,0.275215,0.274495,0.267819,0.126151,0.096650,-0.126007,-0.126635,0.014108,-0.240812,-0.016520,0.213608,0.051545,-0.029887,-0.161706,0.184264,0.046541,0.118217,-0.044663,0.149596,0.096555,0.035644,0.039041,0.177648,-0.064107,-0.006753,0.330287,0.157491,0.059315,-0.176636,-0.123840,-0.079341,0.230452,0.046705,0.092713,-0.071354,-0.047993,0.249214,0.115174,0.046229,0.258841,-0.105057,0.143411,0.166474,-0.125669,0.161393,0.133643,-0.153366,-0.022161,-0.117074,0.022795,0.060877,0.368091,0.152176,-0.011226,-0.016880,0.042146,0.041664,0.121463,-0.099199,-0.117197,0.042818,0.317314,-0.258680,0.230123,0.306898,0.004968,-0.026840,-0.218785,0.247859,0.095238,-0.066885,0.106129,0.239097,0.068458,0.020523,0.049208,0.409318,0.137231,0.046880,0.078276,0.058072,-0.019423,0.193946,0.395637,0.078871,-0.039395,0.050372,0.167903,-0.069400,0.035547,0.019559,0.025473,-0.034841,0.208723,0.162845,-0.012741,#
1,-0.057769,1.000000,0.227687,-0.037426,0.044660,0.107951,0.403606,0.124704,0.132592,-0.051523,0.114818,0.179870,0.033360,0.046246,-0.051697,-0.099017,0.008928,0.075437,-0.095997,-0.132613,0.173774,0.248464,0.052862,-0.244356,0.084158,-0.152915,0.092342,0.065628,-0.388220,0.108935,0.055960,-0.121867,-0.102646,0.098078,-0.136159,0.278309,-0.019178,0.011992,0.092213,0.045668,0.056286,-0.218370,0.113624,0.055312,0.149628,0.005778,0.276606,-0.083027,-0.041197,-0.274586,-0.048256,-0.260524,0.389375,0.230622,-0.001472,0.151151,0.020388,-0.141861,-0.014710,-0.124506,0.034396,-0.054304,0.143019,-0.086390,-0.179351,0.111269,0.128305,0.219060,0.073388,0.084311,0.126178,0.221966,0.080503,-0.008627,0.121117,-0.061831,0.005717,0.175251,0.240820,0.034617,-0.132601,0.156036,-0.083033,0.048712,0.143781,-0.026974,0.211733,0.050962,-0.096602,0.043165,0.103972,0.034536,-0.003345,0.032708,-0.024563,0.129948,-0.050222,0.041157,-0.180834,0.163899,0.145085,0.038332,0.102199,0.062338,0.006462,-0.000679,0.199135,0.123270,0.116286,-0.029867,-0.006626,0.023761,-0.084961,-0.194870,0.147894,0.241530,0.282705,-0.135969,0.054886,-0.016951,-0.219792,0.013550,-0.029531,0.065806,-0.055533,-0.065606,0.185849,-0.061379,0.278002,0.111343,-0.021062,0.087434,-0.129490,0.066565,0.120169,-0.127392,0.371380,0.041579,0.117998,0.158707,0.148492,0.124379,-0.004500,0.209685,0.277181,0.043576,-0.093359,-0.151014,0.150991,0.064379,0.334642,-0.048808,-0.321368,-0.286952,0.075956,0.122810,-0.091685,0.160975,-0.265414,-0.342425,-0.133039,0.008702,0.212577,0.251097,0.201135,-0.113563,-0.091553,-0.057448,-0.051737,0.170279,0.144193,0.083122,0.022427,-0.179902,-0.094559,0.197045,-0.115126,0.060383,0.067727,-0.042750,0.073269,-0.115390,0.061524,0.077909,0.192339,-0.161982,0.122516,-0.143065,0.033726,0.224441,-0.010489,0.170697,-0.284202,0.064532,-0.011271,-0.019269,-0.227944,0.113844,-0.130145,0.371588,#
2,-0.162656,0.227687,1.000000,-0.192579,0.048283,0.101417,0.231160,0.073380,0.070192,-0.066375,0.373694,0.305843,0.022458,-0.003293,-0.289412,0.173772,-0.116779,-0.057641,-0.042439,-0.229761,-0.035137,0.184040,-0.288746,-0.128141,0.068398,0.027932,0.038656,-0.034677,-0.180367,-0.051011,-0.020265,-0.028131,-0.062802,-0.055549,-0.106598,0.050859,0.043870,-0.098559,0.007624,-0.194383,0.056174,0.015276,0.186027,0.015870,0.144978,-0.274202,0.061626,-0.071805,0.070631,-0.020715,-0.036540,0.156463,0.056484,0.044089,-0.019378,-0.053256,-0.041011,-0.052404,0.204032,0.163424,0.183260,-0.085452,-0.337571,0.104398,-0.030979,0.192145,0.190165,0.124384,0.108033,-0.087575,-0.101197,0.228092,-0.138247,0.060284,0.127643,0.071288,-0.015344,-0.136121,0.036433,-0.064100,-0.060946,-0.253652,-0.206939,-0.041079,0.106865,0.094929,-0.096222,0.126777,-0.026885,0.105650,-0.104281,0.148247,-0.045992,0.264730,-0.157149,0.221215,-0.091200,0.130653,0.108394,0.182878,-0.123049,0.086587,-0.268303,0.108787,-0.252639,-0.008252,0.012379,0.158487,0.152034,0.168269,0.158486,0.288719,0.026020,-0.052827,-0.034140,0.262364,0.118011,-0.220301,-0.210569,0.071753,-0.010359,-0.195147,-0.090251,-0.115798,-0.072863,-0.062187,0.155536,0.010704,0.134719,-0.039083,-0.151107,0.160106,-0.079113,0.049798,0.021470,-0.016483,-0.044713,0.065010,0.171686,-0.091474,0.215207,0.098106,-0.076078,-0.145806,0.287021,-0.255871,-0.324260,-0.217695,0.134386,-0.236769,0.242826,0.049915,0.246303,-0.058332,-0.086332,-0.053903,0.013361,-0.295331,-0.105712,-0.034104,-0.132775,-0.007338,0.139286,0.093211,0.042519,0.288175,0.160543,0.014167,-0.180033,-0.018743,-0.115074,0.362345,-0.084684,-0.073932,0.147557,-0.207601,0.079119,0.162092,-0.284253,0.023954,0.233019,0.028280,-0.217853,0.099880,0.067356,0.194629,-0.016074,-0.153428,0.039686,-0.153805,-0.063313,0.056795,0.113596,0.017297,-0.065152,-0.124321,-0.191393,-0.006710,-0.008604,0.158180,#
3,0.146981,-0.037426,-0.192579,1.000000,-0.034746,0.134167,0.172497,0.068949,0.306479,0.207755,0.251575,-0.013328,0.120048,-0.155455,0.263297,0.157692,0.089802,0.263005,0.209408,0.034618,0.086000,0.052740,0.317037,0.367787,0.048103,0.039211,0.132138,-0.032749,0.217586,0.105829,0.112731,0.104162,0.486904,0.258017,-0.096879,0.095701,-0.016488,0.317630,0.220085,0.200852,0.014822,0.194205,0.287787,0.149241,-0.047383,0.024112,-0.052206,0.142670,-0.054216,0.028159,0.062756,0.267775,0.215883,-0.044522,0.095524,0.110979,-0.063740,-0.114052,0.089452,0.150958,0.169317,0.193221,0.000341,-0.039020,0.302475,0.152570,0.016819,-0.163299,-0.040431,0.227067,0.023729,0.107519,0.206191,0.064414,0.094377,0.085113,0.056874,0.048618,-0.007123,-0.273935,0.156086,0.035382,0.197907,-0.054201,0.201730,0.075862,-0.020650,0.059160,0.173593,0.241695,0.195843,0.006365,-0.044300,-0.084944,0.041077,0.137849,0.105017,-0.212691,0.204751,0.102396,0.129744,0.055387,0.044088,0.127097,0.188824,-0.047505,0.325571,0.257819,-0.047380,0.049732,0.018806,-0.025792,-0.075847,-0.100299,0.082722,0.024293,0.069312,0.100184,-0.121059,0.041617,0.071656,-0.015932,-0.111771,0.164327,-0.063917,0.134761,0.185132,0.280170,-0.192904,0.117858,0.228384,0.166510,-0.017130,0.224585,-0.005387,0.185089,-0.006030,0.096911,0.087537,-0.042842,0.158041,0.267529,0.025398,-0.070287,0.051535,0.011125,0.327919,0.128940,-0.061234,0.233181,0.188689,-0.012512,0.035121,-0.007881,0.166729,-0.055087,-0.015967,0.193062,0.236306,0.025115,0.159449,0.000464,0.235445,0.152914,0.046627,0.057693,0.061895,0.225956,-0.014450,-0.035980,0.136421,-0.189700,-0.116841,-0.104916,0.093255,0.043784,0.283915,-0.025345,-0.096883,0.193760,-0.032951,0.255325,0.220227,-0.261733,-0.175463,-0.023825,0.087274,0.091321,0.016160,0.084486,0.035501,0.106848,0.075446,-0.064510,0.022420,0.106301,0.340498,-0.027242,-0.170373,-0.103828,#
4,0.151001,0.044660,0.048283,-0.034746,1.000000,0.184612,-0.100792,0.048096,0.135486,0.054298,0.057613,-0.035349,-0.097585,-0.084601,0.026360,0.012533,-0.128355,0.117395,-0.063434,0.204048,0.257531,0.004663,0.182300,0.115858,-0.065920,0.032537,-0.004497,-0.052840,0.157540,0.045862,0.098254,-0.080980,-0.066064,0.115669,-0.001713,0.247509,0.362270,0.135773,0.064223,0.091444,0.006355,0.449640,0.044802,-0.080721,0.112853,-0.033254,0.267931,0.053638,0.038219,0.101988,0.003156,0.083374,-0.044920,0.188993,0.329462,0.300296,0.093185,0.052065,0.020903,-0.073892,-0.079809,0.239325,-0.059242,0.044482,-0.068964,-0.183739,0.063330,0.057095,-0.120188,0.087008,0.094792,0.146635,0.178264,0.236261,-0.112239,-0.061655,0.038620,0.144603,0.107577,0.146451,0.197882,0.114345,0.013783,-0.096255,0.309676,-0.008328,0.058734,0.038885,-0.145748,0.221285,0.278601,-0.055105,0.081420,0.025221,0.113767,0.193447,-0.092249,0.073420,-0.247492,0.025074,-0.100298,0.010243,0.114614,0.082489,0.037899,0.192495,0.001559,0.155741,0.237758,0.182200,0.115119,0.298962,0.098574,0.194720,0.122349,-0.066234,0.154832,0.051897,-0.019477,0.156746,-0.098241,-0.028449,-0.098831,-0.025324,0.170462,-0.054652,0.243700,-0.094636,0.176410,-0.050923,0.264515,0.036610,0.070467,0.012820,-0.029509,0.095812,-0.032844,0.182454,0.147212,0.092823,0.351086,0.072470,0.097261,-0.069637,0.234728,0.284245,0.070528,0.297163,0.144049,-0.068761,0.068773,0.286545,0.065417,0.329142,0.382853,-0.100637,0.208107,0.041146,-0.119226,-0.080706,0.242284,-0.036128,-0.101572,-0.200596,-0.142262,0.091005,0.014300,0.104756,-0.008564,0.009405,-0.163669,-0.116435,0.338061,0.190920,0.137913,0.100148,0.127434,0.212616,-0.058994,0.256916,0.108755,-0.017692,0.275847,-0.055701,0.222252,0.073547,-0.279970,0.159307,0.169835,0.278575,0.026518,0.243656,-0.132485,0.020627,0.254961,0.130858,0.146640,0.067290,0.090486,0.357837,#
5,0.083679,0.107951,0.101417,0.134167,0.184612,1.000000,0.010400,0.207762,0.202051,0.102507,0.136467,0.157854,0.224040,-0.067204,0.127951,-0.072954,-0.058468,0.071088,-0.098268,0.213400,-0.053120,0.015592,0.115606,-0.170105,0.093943,0.057966,0.029042,0.161545,0.163107,0.070994,0.177042,-0.007864,0.156567,0.096949,-0.065587,0.287800,0.138059,-0.031865,0.151885,0.118996,0.241026,0.091490,0.275835,0.032991,0.014617,-0.008531,0.096295,-0.110987,0.228112,-0.144502,0.133868,0.150531,0.042084,-0.173036,0.352018,0.214418,0.128960,-0.051235,0.201305,-0.008687,-0.013274,0.064281,0.075466,0.175899,0.239936,0.010472,0.036017,-0.024348,0.165251,-0.198994,0.088441,0.051001,0.264539,0.266668,-0.065523,-0.000747,0.104623,-0.154429,0.112237,0.024462,0.085764,0.036579,0.293266,-0.002387,0.074327,-0.109218,0.097659,-0.054083,0.036908,-0.146982,-0.078084,0.121906,0.218669,0.432899,-0.110373,0.236456,-0.090979,0.044578,-0.038701,-0.003399,-0.168583,0.053456,-0.159647,-0.028098,-0.085955,0.226231,0.189568,0.210423,0.036907,0.104593,0.117858,0.171378,-0.215757,-0.091100,0.020804,0.111972,0.057235,0.165570,-0.151805,0.071817,-0.244117,-0.006323,0.030863,0.018296,-0.124257,-0.109858,0.072593,-0.276320,0.205218,0.077144,0.370368,-0.006432,0.108709,0.212317,0.157693,0.188441,-0.038336,0.200468,-0.053662,-0.248516,0.001152,0.164717,0.105524,0.124433,0.197056,0.028565,0.142401,0.128555,0.040027,0.061063,0.274985,0.216708,0.367013,0.086687,0.096039,0.164138,-0.125417,-0.090516,-0.048862,-0.101611,0.187084,-0.075381,0.306908,0.167522,-0.025803,0.031175,0.033847,0.249762,0.053184,0.092319,0.365476,-0.015243,0.434137,-0.131360,-0.154970,0.053322,0.199957,-0.004574,0.083205,0.112426,0.184098,0.060972,0.266575,0.026511,-0.201890,0.070286,0.076329,-0.032231,0.222612,-0.017529,0.147076,0.191807,0.153487,-0.015676,0.290618,-0.162578,-0.177083,0.110837,0.114521,0.325351,#
6,-0.094593,0.403606,0.231160,0.172497,-0.100792,0.010400,1.000000,0.075248,0.273276,0.047794,0.009038,0.108892,0.022735,0.045474,-0.104931,0.150244,-0.071652,-0.029076,0.034973,-0.207732,0.000904,0.355751,0.007825,-0.087631,0.100256,0.043591,0.040274,0.120354,0.003557,0.057622,0.029399,0.056637,-0.009692,0.066654,-0.160943,-0.111499,-0.232865,0.180734,-0.005857,-0.059732,-0.125542,-0.094408,0.092689,0.117521,0.149585,-0.146781,-0.007462,-0.117373,0.041408,-0.193568,-0.053572,-0.150291,-0.015601,0.045584,-0.062851,0.067262,-0.012183,-0.086420,0.010378,0.254203,0.257657,-0.152578,0.152810,-0.198256,0.040986,0.413374,-0.149991,0.057746,-0.076252,-0.018689,0.047452,0.108615,-0.057575,0.155400,0.266198,0.005786,0.158069,0.085926,0.204499,-0.115180,-0.028174,-0.229916,0.064105,-0.002923,0.001917,0.113655,0.149965,0.160242,-0.200649,0.034831,-0.016863,-0.046092,-0.016553,-0.003018,0.055323,-0.091044,0.096949,0.045277,0.064371,0.174731,0.070133,0.323872,0.024117,0.040204,-0.247261,0.178073,0.212782,-0.018466,0.240560,0.145208,0.101605,0.164507,-0.109601,-0.336268,-0.051065,0.240861,0.087596,-0.127863,-0.010725,-0.079694,0.017538,0.024508,-0.108852,0.169044,-0.106913,0.035907,0.040321,0.026446,-0.181025,0.029207,-0.040913,0.082018,0.062595,0.066500,-0.141629,0.158896,0.039788,-0.092785,0.100569,0.191342,-0.019954,0.328644,-0.117993,-0.066107,0.050748,-0.047859,0.053312,-0.084327,0.163085,-0.229200,0.282355,-0.298761,0.142960,-0.085381,0.197833,0.030244,-0.151000,0.197805,-0.094815,-0.188623,-0.200065,0.169781,0.234581,0.186738,0.080781,0.210406,-0.223211,-0.011013,-0.155933,-0.003360,-0.145249,0.080322,-0.008041,-0.150523,0.136020,0.016607,-0.005379,0.010014,0.044410,-0.136387,0.103042,0.070406,0.084247,-0.076729,-0.019016,0.121267,-0.016573,0.069647,0.135148,0.067061,0.134738,0.110126,-0.130733,0.069951,-0.146728,-0.058688,0.137268,-0.022848,0.021778,0.162760,#
7,-0.099145,0.124704,0.073380,0.068949,0.048096,0.207762,0.075248,1.000000,0.224478,-0.092562,0.297159,0.384067,-0.100657,-0.053245,0.234702,0.083856,0.169273,0.283350,-0.178346,-0.061562,-0.166475,0.049720,0.079433,-0.001270,0.171845,0.039739,-0.003041,0.275116,-0.035298,0.189088,-0.095242,-0.092976,0.143960,0.003558,-0.197356,0.140318,0.067206,-0.102804,0.248900,-0.051944,0.071145,-0.156006,0.079890,0.065169,0.113269,0.052195,0.007735,-0.050090,-0.044576,0.025722,0.280610,0.039168,0.063279,0.081319,0.070757,-0.205856,0.104972,0.095736,0.188169,0.008088,-0.085230,0.101359,0.168359,-0.032235,0.067741,0.130874,0.228008,-0.056306,-0.027546,0.324193,-0.056739,0.035853,0.264419,-0.038168,-0.212469,-0.041226,-0.178019,0.014349,-0.131272,0.208601,0.130738,-0.048752,0.201845,-0.028311,0.230965,-0.086697,0.100414,-0.076349,-0.144840,0.084054,-0.033701,0.175583,0.066201,0.234092,-0.178492,-0.207349,-0.195410,-0.030950,-0.101801,0.161934,0.096416,0.006240,-0.233939,-0.024284,-0.112240,-0.062140,-0.020118,0.055274,-0.212192,0.082323,0.002105,0.119652,-0.056132,0.132810,0.260213,0.069591,-0.088226,-0.151765,-0.201089,0.204968,-0.045008,0.109331,-0.116192,0.074149,0.065703,0.042310,0.174160,-0.187816,0.095754,-0.052603,0.113747,-0.094565,0.254729,-0.001974,0.187317,0.088246,-0.331000,0.163560,-0.101068,0.049973,0.121355,-0.186655,0.033467,-0.190552,0.158658,-0.069219,-0.027009,-0.123324,-0.030737,-0.016405,0.179634,0.091352,-0.011734,-0.004716,-0.023958,-0.027578,0.144376,0.156889,0.067135,-0.021268,0.039788,0.016497,0.259885,-0.046553,-0.324252,0.174518,0.111649,-0.150441,-0.171448,0.074759,-0.048078,0.034776,0.250563,-0.083746,0.147298,-0.088205,-0.050565,0.110535,-0.313073,0.318453,0.174660,0.112166,0.160394,0.197054,-0.240423,0.118403,-0.210608,-0.266544,-0.142557,0.170268,0.283080,-0.157766,0.065392,-0.050703,0.158723,-0.157207,-0.164195,-0.097437,-0.062398,0.248392,#
8,0.072945,0.132592,0.070192,0.306479,0.135486,0.202051,0.273276,0.224478,1.000000,0.267566,0.154829,0.190693,0.132561,-0.185521,0.278070,0.359443,-0.087398,0.098442,-0.065060,-0.090740,-0.191611,0.167755,0.369660,0.174228,-0.098383,0.038008,-0.049138,0.097688,-0.022053,0.312092,0.018634,0.093966,-0.069877,0.050573,0.074716,0.173977,0.053496,0.013638,-0.008663,-0.099626,0.032740,0.218142,0.255777,0.051238,0.257762,0.061202,-0.077344,-0.139603,0.127132,-0.025346,0.268742,0.274306,0.031745,0.156152,0.066052,0.211915,0.225038,0.237027,0.198406,0.316952,0.232371,0.053103,0.284993,-0.079466,0.144952,0.209651,0.097186,-0.029450,0.198659,0.047720,0.128897,-0.084448,0.130382,0.143394,0.201852,0.113692,0.098173,0.014524,-0.013920,0.109481,0.184359,0.089604,0.015014,-0.178837,0.200770,0.140282,0.039779,-0.134184,-0.216456,0.170697,0.037771,0.131363,0.211629,0.013860,0.155093,0.191403,0.299279,-0.033262,0.069403,0.099508,0.116964,0.026188,0.079593,0.142494,0.138764,-0.107252,0.129650,0.051238,-0.060289,0.233405,-0.035918,-0.055453,-0.199133,-0.000487,0.201371,0.254511,0.023926,-0.172178,0.013020,0.241203,0.069285,0.039966,-0.165843,0.066736,-0.074855,0.123922,0.154651,0.211805,-0.230465,0.338318,0.054227,-0.173254,0.222480,0.124370,0.052796,0.318270,-0.084391,0.004031,-0.022671,-0.250981,0.129706,0.176453,0.310823,-0.126314,-0.070701,0.090308,0.164909,0.044350,0.331290,0.064652,0.279722,0.009893,0.098164,0.184753,0.217941,0.147609,0.221269,0.317452,0.092158,-0.100421,0.035010,0.010693,0.108550,0.013908,0.131414,0.193995,0.126277,-0.148774,0.028796,0.221689,0.067841,-0.044822,0.030792,-0.179816,0.100110,0.007028,-0.008787,0.140724,-0.082605,0.163589,0.197213,0.030690,0.134857,0.165887,-0.063941,0.087024,-0.047849,0.012899,-0.016549,-0.087112,0.105921,-0.004823,0.044563,0.070991,0.373268,0.028817,0.066349,-0.069507,0.116328,-0.042757,#
9,-0.055567,-0.051523,-0.066375,0.207755,0.054298,0.102507,0.047794,-0.092562,0.267566,1.000000,0.384223,-0.166553,0.119690,-0.201310,0.105162,0.321144,-0.059802,-0.036911,0.013514,0.028263,-0.017567,-0.121433,0.005510,0.038516,-0.057445,-0.267612,0.009011,0.042300,-0.008340,0.169663,0.063763,-0.093297,-0.132497,0.187311,0.052468,-0.041009,-0.095220,0.148311,0.026448,-0.104390,0.180903,-0.094654,0.175461,-0.083861,-0.072073,0.160280,0.031649,-0.032129,0.125402,0.010931,-0.000889,0.118064,0.140476,-0.019110,-0.187893,0.121964,-0.019368,-0.056703,0.085542,-0.085320,0.069805,0.036817,0.118910,-0.064699,-0.099613,0.074011,-0.150075,-0.215306,-0.021329,-0.279553,0.224180,0.012137,-0.060853,0.039620,-0.129769,0.070017,-0.240518,-0.151003,-0.047962,0.160411,0.289451,0.154729,-0.108510,-0.117432,0.179045,-0.110328,-0.097731,-0.008128,-0.207464,-0.187157,0.053518,0.322065,0.074706,-0.213271,0.201480,0.009684,0.122411,0.107565,0.097037,-0.349593,-0.361816,-0.073329,0.307075,-0.025481,0.182811,-0.081455,0.062763,-0.234385,-0.067438,-0.088731,0.138970,-0.031490,-0.066253,0.193361,-0.012776,0.019995,-0.238620,-0.073405,0.114902,-0.077572,-0.130397,0.190552,-0.139615,-0.139316,-0.291401,0.041300,-0.232016,0.211257,-0.071099,0.175502,-0.042678,-0.067378,-0.050207,0.212107,-0.000187,-0.032434,-0.094735,0.188951,0.029896,-0.259672,-0.189924,0.063558,0.173607,-0.029792,-0.046169,0.002141,0.043414,0.245944,0.023355,0.279206,-0.132515,-0.201949,0.299504,0.165681,0.147267,0.045424,-0.031840,0.162018,-0.059085,-0.053188,0.031347,-0.222720,0.070169,0.242698,0.023110,-0.098731,0.075273,-0.042535,0.085207,-0.122752,0.153351,-0.192482,-0.083983,0.004549,0.033460,-0.047526,0.086738,0.094245,0.041413,-0.051638,-0.065398,-0.045650,0.144955,-0.165503,-0.131232,0.015804,-0.037203,-0.130705,0.195709,0.065537,0.025700,-0.068617,0.128053,-0.046667,-0.101983,-0.040896,-0.056892,-0.072338,-0.198039,0.059224,#
10,-0.115244,0.114818,0.373694,0.251575,0.057613,0.136467,0.009038,0.297159,0.154829,0.384223,1.000000,0.168495,0.134590,-0.050015,0.157773,0.155224,0.110989,0.113054,0.087226,0.171464,0.004770,-0.089208,-0.035708,0.080086,0.074692,-0.110199,-0.150801,0.141208,-0.151712,0.243145,0.087688,0.013452,0.220481,0.075188,0.170827,0.175435,0.090483,0.010228,0.230792,0.085317,0.181304,-0.048687,0.188942,-0.020246,-0.068015,0.112655,0.153469,-0.039486,0.115001,0.130582,0.169752,0.140635,0.058298,0.152409,-0.116212,0.053722,-0.066327,-0.245893,0.310603,0.129041,0.120949,0.312408,-0.158791,0.207886,0.288152,0.185517,0.299747,0.055091,-0.090970,0.035526,0.103727,0.133839,0.053304,0.181381,-0.020338,0.100840,-0.083687,-0.021619,-0.106960,-0.047945,0.361043,0.003486,0.151425,0.038737,0.472096,0.007025,0.034018,0.255378,0.021984,0.071399,0.075874,0.241827,0.072910,0.215409,-0.128313,0.315215,0.007469,-0.110607,0.219690,0.068923,-0.220019,-0.057651,0.142180,-0.059017,0.156647,-0.098332,0.038807,0.186047,-0.105274,-0.127321,0.054054,0.154624,0.044287,0.102717,0.401526,0.276543,-0.013292,-0.111425,-0.028554,0.082922,0.077110,0.099971,-0.083223,-0.153118,-0.140473,-0.150887,0.133841,0.090077,0.185168,0.134174,0.077255,0.168883,-0.073289,0.087842,0.113010,-0.100530,-0.151473,0.395495,-0.076335,-0.122051,0.163874,-0.026252,0.127104,0.062364,0.264703,-0.151321,-0.189191,-0.022394,0.097566,0.113765,0.296579,0.192252,0.071663,-0.028348,0.104624,-0.146263,0.134047,-0.164022,0.145350,-0.066940,0.125045,-0.224620,0.317815,0.271822,0.163701,0.118276,0.269017,-0.070864,-0.086222,0.188008,0.142858,-0.003344,-0.009336,0.020719,0.256473,-0.107765,0.108879,0.248210,-0.240500,0.082478,0.126941,0.066147,0.227925,-0.043918,0.032141,0.121925,-0.062858,-0.362107,-0.003148,0.246318,0.285076,-0.056628,0.192459,-0.086942,0.029925,0.020820,-0.195737,0.057983,-0.028389,0.362844,#
11,-0.145150,0.179870,0.305843,-0.013328,-0.035349,0.157854,0.108892,0.384067,0.190693,-0.166553,0.168495,1.000000,-0.037701,0.029107,-0.168337,-0.033622,0.106661,0.070149,-0.173595,-0.447024,-0.080256,0.243979,-0.125628,-0.001040,0.127080,0.161648,-0.160607,0.281576,-0.147544,0.170810,0.143283,0.032894,-0.000606,0.061999,-0.069033,0.127145,0.119463,-0.187291,-0.028353,0.113209,-0.095150,0.056073,0.341617,0.155098,0.067513,0.015065,-0.127866,-0.072429,0.109481,-0.175594,-0.065325,0.243082,-0.097363,0.261253,0.009161,-0.212000,-0.227128,0.209621,0.097104,-0.006112,-0.038071,-0.031101,0.046187,-0.074983,0.060693,0.221020,0.166654,0.121720,0.154256,0.116854,-0.130341,0.044480,0.287447,-0.046692,-0.191655,-0.139310,-0.020469,-0.088417,-0.039172,-0.064912,0.085642,0.000071,0.196418,-0.037789,0.080598,-0.063275,-0.118691,0.146626,0.018437,0.019496,-0.116626,0.269498,0.190405,0.260641,0.140866,0.040034,-0.176418,-0.080984,0.296760,0.297845,0.020323,0.061815,-0.257030,0.046199,-0.253865,0.089701,0.144758,0.194261,0.115642,0.074268,0.176616,0.058158,-0.050716,0.086174,-0.070293,0.321347,-0.095355,0.035996,-0.273138,0.185508,-0.080994,0.010232,-0.044314,-0.054845,-0.063054,-0.092443,-0.084565,-0.071079,0.153012,-0.130275,0.030059,0.119138,0.245659,0.043600,0.013359,0.093750,-0.299245,0.341152,-0.090963,0.232454,0.080709,-0.072273,-0.019991,0.000884,0.289282,-0.050216,0.082447,-0.111428,-0.051696,-0.121249,0.193628,0.236076,-0.049907,-0.063410,0.005811,0.073239,0.101763,-0.130793,0.153987,-0.192422,0.096557,0.198447,-0.026224,0.007669,-0.129882,0.051721,0.220075,0.057961,-0.155042,0.215175,-0.004152,-0.038787,-0.014894,-0.194049,0.192550,-0.039212,-0.031834,0.055084,-0.184263,0.092185,0.244131,-0.068326,0.077324,-0.117340,-0.192619,0.061996,-0.168011,-0.075620,0.020494,0.260495,0.036409,-0.175924,0.151208,0.230284,0.370679,0.094302,-0.011938,-0.058857,-0.129750,0.015844,#
12,0.111121,0.033360,0.022458,0.120048,-0.097585,0.224040,0.022735,-0.100657,0.132561,0.119690,0.134590,-0.037701,1.000000,-0.062089,0.238612,0.221921,0.229872,0.194089,0.297581,0.120479,-0.076141,0.195855,0.094512,0.147905,-0.162207,0.017023,0.085260,0.349354,-0.123420,0.078469,-0.028239,0.133876,0.086439,0.126502,0.168430,0.246790,-0.008928,0.120054,-0.001393,0.072992,0.103675,0.018272,0.129488,0.187648,0.208008,-0.042435,0.025205,-0.118145,0.332295,-0.058173,0.084971,-0.072463,-0.004583,0.123551,0.340701,0.081829,-0.002189,0.059165,-0.228498,-0.083580,0.083747,0.166964,-0.088756,0.364987,0.419831,0.038553,0.149827,0.076212,-0.030043,-0.073039,0.027347,-0.006946,0.268239,0.126441,0.081043,0.158088,0.112436,-0.242097,0.033928,0.053372,0.249296,-0.043343,-0.088881,0.061733,-0.021614,0.070742,0.152298,0.264669,0.068430,0.018138,0.012775,-0.099094,0.050684,0.085697,0.142203,0.162816,0.249310,0.065598,0.069476,-0.098418,0.102756,0.010933,0.102306,-0.048048,0.154418,-0.135119,0.304624,0.137406,-0.067347,-0.047044,0.197301,0.071721,0.004656,-0.027359,0.056254,0.012761,0.198771,-0.059780,0.078740,-0.196936,0.140588,0.263885,0.231532,0.100043,0.089616,-0.290758,0.226111,-0.017554,-0.024333,0.003752,0.078446,-0.061589,-0.040668,0.144141,0.155751,0.037153,0.200096,-0.064892,0.095313,0.030588,0.172867,0.221847,-0.015764,-0.024408,0.026134,0.013782,0.041745,0.213111,-0.017306,0.066749,0.015091,0.123014,0.157930,-0.023044,-0.075402,0.440140,-0.067122,-0.075802,0.059687,-0.056558,-0.056946,0.166781,0.160120,0.196017,0.238314,0.009063,0.296247,0.072723,0.221829,0.015969,0.258094,0.124935,0.051431,0.168992,0.133408,0.190657,0.275416,0.160244,-0.037490,0.039160,0.194128,0.077904,0.145105,0.031033,0.152844,-0.181412,0.249259,0.259084,0.082934,-0.174252,0.304403,-0.058772,0.199466,0.156764,0.221999,0.205820,0.014265,0.113632,0.164996,-0.011982,#
13,-0.152797,0.046246,-0.003293,-0.155455,-0.084601,-0.067204,0.045474,-0.053245,-0.185521,-0.201310,-0.050015,0.029107,-0.062089,1.000000,0.248829,-0.118383,0.124194,-0.073976,-0.078627,0.212910,0.147821,-0.126701,-0.149904,-0.006781,-0.219178,0.197403,0.025994,-0.011538,-0.158254,-0.054577,0.118805,0.055401,0.010743,0.103241,0.063662,-0.172023,-0.003888,0.108307,-0.229774,0.148964,-0.316666,0.020451,-0.049029,-0.010625,0.150765,0.051962,0.155160,-0.135067,0.097581,-0.151084,-0.043480,-0.126684,-0.093163,0.253104,-0.039230,-0.016635,-0.101977,0.095253,-0.117684,0.207382,0.150730,0.251108,0.086726,0.066954,0.016946,-0.089903,0.349497,0.077459,-0.057818,-0.028636,0.102625,0.079591,-0.133042,-0.127695,0.266330,0.145823,0.288016,0.002818,0.271607,0.068247,0.019187,0.159761,-0.000405,0.206468,0.019925,0.058107,-0.022869,0.018872,0.011466,-0.103829,-0.105343,-0.084330,-0.072041,0.263360,0.005967,-0.286472,-0.023040,-0.028664,-0.066536,0.284315,-0.135169,0.217432,0.104226,0.146188,-0.213405,0.032590,0.214335,0.228950,0.196250,0.159111,-0.039856,0.031651,0.263434,-0.083975,0.127378,0.101434,0.228950,0.027027,-0.193868,-0.003130,0.098092,-0.027925,0.189050,0.016231,0.187656,-0.194077,-0.045497,-0.169114,0.123861,0.032885,-0.224300,0.035132,-0.057463,-0.058637,-0.012765,0.027873,0.008499,-0.023009,-0.058414,0.125561,-0.269724,0.029001,0.270334,0.128632,0.091702,0.054376,-0.130585,-0.012003,-0.033221,-0.167148,0.096554,0.045972,0.015102,0.285905,-0.080517,0.007816,-0.155564,-0.000051,0.063095,0.074295,-0.147987,0.123855,0.068649,0.088912,0.005549,0.112939,-0.058093,-0.089003,0.053644,-0.107157,0.069649,-0.001450,-0.067997,0.116883,0.139070,-0.099360,0.173074,0.081000,-0.020599,-0.212126,-0.042560,0.182998,0.042863,-0.032598,0.318264,0.137055,0.163409,-0.098477,-0.285222,0.069633,0.042261,0.124923,-0.082027,0.205321,-0.028886,0.026795,-0.070458,-0.158623,0.044433,-0.027676,#
14,0.230668,-0.051697,-0.289412,0.263297,0.026360,0.127951,-0.104931,0.234702,0.278070,0.105162,0.157773,-0.168337,0.238612,0.248829,1.000000,0.200222,0.206420,0.212047,0.132798,0.533888,0.084299,-0.263817,0.264982,0.293273,-0.153741,0.002774,0.212148,0.118987,-0.028568,0.065436,-0.007412,0.257348,0.086688,0.108356,0.136629,0.031042,-0.097955,0.053638,-0.024276,0.203915,0.057485,-0.034119,0.164419,-0.091172,0.186931,0.219372,0.169970,-0.212914,0.119764,0.208758,0.194791,-0.039130,0.186117,0.259291,0.352436,0.170423,0.202100,0.101563,0.096414,0.101112,0.126394,0.328949,0.199002,0.131735,0.111333,-0.286867,0.346285,0.108804,-0.111009,0.157715,0.076425,-0.171688,0.080743,0.063626,0.241809,0.177009,0.166627,0.007343,0.071416,0.107917,0.198587,0.145781,0.096961,0.127664,0.134149,0.147008,-0.059368,-0.018253,-0.020564,-0.065171,-0.032326,0.110236,0.121415,0.016497,0.101860,0.103572,0.145943,0.080623,-0.201237,0.012574,0.175024,0.151999,0.066037,0.356412,0.315082,-0.038945,0.346171,0.162037,-0.051728,0.036580,-0.006471,-0.230630,0.118337,0.090472,0.245450,0.032009,0.108273,-0.139960,0.012514,0.039376,0.281875,0.213337,-0.198892,-0.089209,0.098591,-0.136124,0.105196,-0.011283,-0.196801,0.325451,-0.082764,-0.123606,0.097434,0.038352,0.037411,0.175721,-0.143932,0.135427,-0.090756,-0.125871,0.036780,0.278036,0.186757,0.077973,-0.199114,0.176923,0.138284,0.035132,-0.199870,-0.023891,0.134482,0.298725,-0.039944,0.215923,0.192073,0.216055,0.062365,0.026983,0.012863,0.154461,0.019372,-0.071106,0.203761,0.009686,0.060689,0.032709,-0.021985,-0.068185,0.164175,0.036238,0.261686,-0.136235,0.145127,0.028302,0.032809,-0.149090,0.162926,0.191417,0.096403,-0.020012,0.072217,0.136148,0.165453,0.118311,0.164611,-0.006805,0.102644,-0.089965,-0.117187,0.096806,0.252365,0.036593,0.033930,-0.083254,0.109283,0.047456,-0.094912,-0.082410,0.099199,0.059800,#
15,0.275541,-0.099017,0.173772,0.157692,0.012533,-0.072954,0.150244,0.083856,0.359443,0.321144,0.155224,-0.033622,0.221921,-0.118383,0.200222,1.000000,0.296050,0.103838,0.141040,0.073587,-0.155897,0.124145,0.289086,0.352005,-0.018423,0.242194,0.163685,0.086565,0.064202,0.249839,0.014720,0.187833,0.030188,0.204948,0.224372,0.239058,-0.029765,0.050357,0.159164,-0.080676,0.074840,0.143219,0.097544,0.135326,0.090641,0.087755,-0.295786,-0.020551,0.029801,0.419480,-0.105963,0.150883,0.117750,0.191587,0.232958,0.182722,0.115733,0.166005,0.310375,0.175338,0.024867,0.072073,0.311507,-0.099320,0.017591,0.199398,0.094154,0.115584,-0.102525,-0.052273,0.268384,0.129802,-0.043926,-0.054650,0.089289,0.060596,0.056168,-0.072613,-0.058856,0.049030,0.251273,-0.011627,-0.296263,0.140268,0.287216,0.173880,-0.033104,0.328753,0.043972,0.217185,0.106383,0.219502,-0.059917,0.011882,0.169338,0.109941,0.387491,-0.083818,-0.110500,-0.029527,0.245376,0.153270,-0.150352,0.088686,0.136612,0.085033,0.164363,0.063983,-0.114490,0.097526,0.012196,0.053338,-0.071858,0.018298,0.051359,0.093350,-0.179252,-0.201404,0.099716,-0.159137,0.286495,0.114451,0.068442,0.142495,-0.029220,0.112743,0.055974,0.335924,-0.186327,0.273406,0.053728,0.090808,0.080478,0.081009,0.084926,0.125002,-0.175017,0.004928,0.126443,-0.100001,0.004880,0.251976,0.098133,-0.037600,0.003246,-0.086690,0.040206,0.138160,0.260756,0.061588,0.028312,-0.051021,0.200222,0.245125,0.045933,0.243523,0.209951,0.103192,0.121929,0.097226,-0.009886,-0.024442,0.206514,0.077640,0.066532,0.238936,0.214829,0.074799,0.273064,-0.072617,-0.053564,0.039232,-0.118081,0.006840,0.243750,0.076222,0.264957,0.114393,-0.186504,0.164854,0.373872,0.080365,0.093924,0.174833,-0.006236,0.170203,0.074708,0.190443,-0.141969,-0.024508,0.095257,-0.159964,0.123723,0.009270,-0.075173,-0.112180,0.108313,0.159581,0.114649,-0.312897,#
16,0.170870,0.008928,-0.116779,0.089802,-0.128355,-0.058468,-0.071652,0.169273,-0.087398,-0.059802,0.110989,0.106661,0.229872,0.124194,0.206420,0.296050,1.000000,0.118297,0.200905,0.306474,-0.039865,0.024509,0.117530,0.050457,-0.153345,0.065415,0.101985,0.056910,-0.253011,0.386944,-0.150990,0.036099,-0.010874,0.308773,0.205377,0.180728,0.067251,0.091209,0.008653,-0.050474,-0.009580,-0.012868,0.040424,0.147123,0.064256,0.175212,-0.055947,0.127163,-0.093925,0.126685,0.028570,0.058628,0.296696,0.193313,-0.037947,-0.015864,0.084879,0.030194,-0.091682,0.011805,-0.143732,0.243920,0.279530,0.174166,0.225079,0.009432,0.079247,0.158558,-0.120714,0.201926,-0.008609,0.234855,0.239505,-0.139820,-0.059705,0.081405,-0.153001,0.126159,-0.035505,0.112880,0.182110,0.108932,0.038979,0.260988,0.227976,0.126793,0.069816,0.145833,0.163821,0.039171,0.053972,0.133307,0.032477,-0.080888,0.118647,-0.012666,0.143734,-0.284179,-0.086152,0.166140,0.126181,0.033439,-0.061430,-0.067304,0.039348,0.008771,0.412882,0.334110,-0.075965,0.084943,-0.142823,0.154497,0.114739,0.018074,0.086084,-0.001150,-0.013793,0.060775,-0.104595,0.064322,0.353584,0.250416,0.200181,0.224915,0.275773,-0.294591,-0.055258,-0.053610,0.014979,0.324030,0.010730,-0.074786,0.195307,-0.329567,0.354357,0.177923,-0.107033,0.253765,-0.142462,0.034597,-0.039026,0.056937,0.089486,0.035879,0.056987,-0.023395,0.018053,-0.008416,-0.030390,0.134162,-0.214041,0.138976,-0.132601,0.030077,0.029230,0.263682,0.065123,-0.002933,0.128092,0.131879,-0.081763,0.063912,0.109148,0.165243,0.048818,0.000521,0.153570,0.030690,0.190038,-0.056172,0.128776,-0.033436,-0.097682,-0.029380,0.170326,0.178740,0.026044,0.010757,0.006555,-0.054416,-0.037516,0.033053,0.147096,-0.085892,-0.035572,0.100095,0.229298,0.092832,-0.130521,0.105988,0.339957,-0.127459,-0.285021,-0.068842,0.138469,0.196176,0.046332,-0.111080,-0.078177,-0.201674,#
17,0.257040,0.075437,-0.057641,0.263005,0.117395,0.071088,-0.029076,0.283350,0.098442,-0.036911,0.113054,0.070149,0.194089,-0.073976,0.212047,0.103838,0.118297,1.000000,0.059706,0.039004,-0.016954,0.117815,-0.021836,0.277978,-0.130629,-0.092971,0.029865,-0.037696,-0.077736,0.019748,0.233072,-0.060882,0.379463,0.009362,0.022925,0.202947,-0.180071,0.204774,0.205788,0.037012,0.121026,0.104595,0.060853,0.229116,0.003955,0.010145,0.161356,-0.063792,-0.045577,-0.070363,0.187575,-0.086529,-0.016628,0.034357,0.167361,0.069364,0.263940,-0.061493,0.069434,-0.142848,-0.023616,0.168224,-0.130342,0.072997,0.176215,0.313066,0.364224,0.207938,0.003094,0.168171,0.084303,0.384360,0.128000,0.044902,-0.098186,0.137959,0.008726,-0.180302,0.006055,0.140260,-0.003744,0.007842,0.102768,0.020602,0.074247,-0.029989,0.252066,0.161940,-0.020134,0.134321,0.073537,-0.113551,0.139636,-0.096662,-0.075086,0.142439,-0.096019,0.094721,0.084362,0.157381,0.117467,-0.044416,-0.229664,0.039151,0.111305,0.051998,0.116560,0.039969,0.033950,-0.219283,0.180813,-0.001651,0.071592,0.125504,0.177077,-0.002549,0.008084,-0.120604,0.148661,-0.077531,0.022131,0.258506,-0.009966,0.019259,0.279029,-0.003466,-0.008621,-0.084490,0.027691,0.151283,0.139226,0.205513,0.146930,-0.121849,-0.022956,0.163962,0.108596,0.230256,-0.074990,0.230205,0.257382,0.079009,-0.026478,0.065871,0.106296,0.194342,-0.070469,0.097404,-0.095883,-0.027305,0.179526,-0.014636,-0.203651,0.094612,0.277914,0.134501,0.028768,0.203478,0.165732,-0.073208,0.007297,0.067950,0.107747,0.186809,-0.023866,0.052574,0.069741,0.043444,0.107708,-0.153386,0.125239,-0.043174,0.048464,-0.001870,0.219255,0.034857,0.215511,-0.060982,-0.379979,0.325960,0.230735,0.132440,0.113230,0.197209,-0.079541,0.006177,0.159925,-0.175713,0.133481,0.066089,0.216592,0.157250,0.128505,0.104756,0.141599,0.149210,0.037339,-0.031330,-0.161036,0.081646,#
18,0.209566,-0.095997,-0.042439,0.209408,-0.063434,-0.098268,0.034973,-0.178346,-0.065060,0.013514,0.087226,-0.173595,0.297581,-0.078627,0.132798,0.141040,0.200905,0.059706,1.000000,0.146812,0.114835,0.070075,0.146921,0.300987,-0.103661,0.095249,-0.045442,0.104277,0.063458,-0.146360,-0.076556,-0.151669,0.188073,0.171732,0.223717,0.175663,0.017799,0.185230,0.013135,0.279873,0.141617,-0.005101,0.148209,-0.044924,0.129493,-0.138424,-0.156929,-0.100211,-0.044282,0.253378,0.098111,0.154565,-0.045385,-0.076644,0.192014,0.112815,-0.012011,-0.057720,-0.012740,-0.033129,-0.055611,0.127098,0.208821,0.096765,0.321094,-0.046658,0.118729,0.024109,-0.267739,-0.011698,-0.139229,0.031482,-0.163461,-0.354198,0.124324,0.256709,0.051178,0.100856,0.024729,-0.009834,0.024434,-0.076310,0.087278,0.039793,-0.165009,-0.062044,0.135973,0.016954,-0.016855,0.161137,0.158820,-0.131522,-0.107681,-0.114982,0.082105,0.361577,0.235091,-0.017934,0.167978,0.094210,-0.057679,0.038341,0.024176,-0.101867,0.353494,-0.034027,0.113753,-0.043707,0.043301,-0.096163,0.161432,0.077558,0.052617,-0.156529,0.090556,0.022501,-0.096778,-0.416878,0.090733,0.060648,0.059932,0.012586,-0.010574,-0.079435,-0.082720,-0.171550,0.012825,0.194022,-0.024091,0.009606,-0.083164,0.197975,-0.127739,0.085112,-0.023945,0.031516,0.147327,0.168334,-0.183849,0.132294,-0.122317,0.092304,0.094535,0.021434,0.172698,0.183249,-0.113357,0.016379,-0.076483,0.038820,-0.036846,-0.070628,-0.055909,0.163397,0.054825,0.013111,0.194416,-0.075833,-0.104660,0.111974,0.174554,0.156643,0.174673,0.075877,-0.033217,0.313324,0.085353,0.209823,0.139072,0.275208,-0.261802,-0.037815,-0.038548,0.235586,-0.009374,0.234554,0.287347,0.024598,0.022687,-0.199118,-0.017888,-0.023851,0.105229,-0.052295,0.119295,-0.092428,0.351332,0.088752,0.007863,-0.232774,0.011729,-0.090040,0.060458,0.106498,0.069717,0.083431,0.119186,-0.046444,0.110628,-0.138694,#
19,0.160153,-0.132613,-0.229761,0.034618,0.204048,0.213400,-0.207732,-0.061562,-0.090740,0.028263,0.171464,-0.447024,0.120479,0.212910,0.533888,0.073587,0.306474,0.039004,0.146812,1.000000,0.039135,-0.281347,0.092777,-0.004684,-0.106938,0.099579,0.049622,0.039938,-0.028375,0.171435,0.170477,0.043493,0.067645,0.082502,0.223524,0.169942,-0.049877,0.060513,-0.000118,0.099184,0.093568,0.101837,-0.020961,-0.092954,-0.103318,-0.000353,0.211453,0.022336,-0.090462,0.342865,0.145363,-0.105392,0.092584,0.048041,0.130269,0.358013,0.158330,-0.081497,0.012955,0.148597,0.086551,0.369945,0.143983,0.275183,0.241206,-0.309063,0.279797,0.152382,-0.357293,0.054307,0.218080,-0.009573,0.044133,0.238378,0.131819,0.331538,0.076767,0.087618,0.205724,0.125431,0.211378,0.204337,0.177560,0.138406,0.085501,0.240885,-0.103261,0.160058,0.051691,-0.100393,0.006779,-0.053660,0.145368,0.005589,-0.170485,0.196704,0.263506,0.107023,-0.335300,-0.049391,-0.159215,0.132920,0.223565,0.152632,0.199230,0.153124,0.101164,0.226303,-0.075353,-0.102380,-0.114908,-0.032189,0.210956,0.081530,0.202611,-0.137606,0.286293,0.076826,0.171893,-0.250570,0.256708,0.260862,0.010823,0.165004,0.184530,-0.256866,0.162612,-0.106740,-0.043198,0.246258,0.027524,-0.018592,-0.099025,-0.201753,0.123608,0.094834,-0.134956,0.289061,-0.026783,-0.142207,-0.001577,0.249334,0.157866,0.184664,-0.125509,0.172459,0.012321,0.180565,0.019781,-0.027867,0.072374,0.364298,0.018988,0.153636,0.279783,-0.047854,0.040202,-0.101625,0.044115,0.181199,0.250932,-0.185223,0.126056,0.019377,0.156712,-0.022554,0.043692,0.174968,0.126759,-0.051901,0.147199,0.005430,0.228536,0.198681,-0.051131,-0.056074,0.160558,0.142677,0.230512,-0.088517,-0.055259,-0.000652,0.318716,0.136980,0.133725,0.114968,0.091744,-0.082869,-0.054662,0.029889,0.351157,0.251084,-0.146221,-0.192154,-0.044589,0.087412,-0.097948,0.050399,0.211063,0.095212,#
20,0.027048,0.173774,-0.035137,0.086000,0.257531,-0.053120,0.000904,-0.166475,-0.191611,-0.017567,0.004770,-0.080256,-0.076141,0.147821,0.084299,-0.155897,-0.039865,-0.016954,0.114835,0.039135,1.000000,0.153426,-0.003737,0.057989,0.057111,0.139489,0.118066,-0.089956,0.042923,-0.247314,-0.143034,-0.246605,0.123704,0.043546,-0.020652,0.109003,0.154938,0.293535,0.109703,0.189021,0.020453,0.208093,0.065193,-0.225489,0.145127,-0.062730,0.405323,-0.087728,-0.105973,0.062407,-0.198889,-0.006766,-0.114756,0.257146,0.278666,0.197742,0.154824,0.152215,-0.149460,-0.120304,-0.072986,0.268327,0.009141,-0.105235,-0.341376,-0.193317,-0.047400,0.210681,0.073069,0.188382,0.262279,0.165654,0.200125,0.063231,-0.057640,-0.019613,-0.091833,0.135330,0.087545,-0.082467,0.061538,0.119448,0.144391,-0.016612,0.133544,0.044975,-0.047469,-0.023650,0.218903,0.012899,0.172823,-0.065315,-0.042032,0.156845,0.238057,-0.070951,-0.128654,0.193714,0.164218,0.074559,0.171311,0.142189,0.142192,-0.061609,0.042188,0.074610,0.115367,0.087595,0.095038,0.131273,0.270244,0.462444,0.242409,-0.228821,0.094626,0.243160,0.234446,0.165562,0.155480,0.255096,-0.126813,0.240900,-0.063376,0.012918,-0.017615,-0.099494,0.017728,-0.094488,0.237975,-0.025008,0.073860,0.093627,-0.166844,0.080353,-0.038215,-0.256681,0.149416,0.023150,-0.072725,0.077438,0.180841,0.161575,0.111177,0.125395,0.120039,0.031914,0.033133,-0.028490,-0.076842,0.127069,0.157678,0.187567,-0.232432,0.179649,0.084630,0.011856,-0.194303,-0.043363,-0.278129,0.186054,0.196411,0.165436,0.034449,0.072535,0.096344,-0.006658,-0.171390,0.134725,-0.000758,0.069155,0.093045,-0.203859,-0.000501,0.037290,0.020298,-0.003756,-0.069136,0.105611,0.163584,-0.012285,-0.132994,0.109970,0.002820,-0.217957,0.193626,-0.225175,0.210902,0.049373,0.012971,0.279033,0.010505,0.148471,-0.220547,0.128609,-0.050673,0.157061,0.259314,-0.096848,0.153730,0.222725,#
